Gene,Position,A,T,G,C,Coverage,Consensus
1-PB2,1,268,0,0,0,268,A
1-PB2,2,0,269,0,0,269,T
1-PB2,3,0,0,275,0,275,G
1-PB2,4,0,0,276,0,276,G
1-PB2,5,275,0,1,0,276,A
1-PB2,6,275,0,0,0,275,A
1-PB2,7,276,0,0,0,276,A
1-PB2,8,0,0,310,0,310,G
1-PB2,9,311,0,0,0,311,A
1-PB2,10,312,0,1,0,313,A
1-PB2,11,0,320,0,0,320,T
1-PB2,12,320,0,0,0,320,A
1-PB2,13,320,0,0,0,320,A
1-PB2,14,319,0,1,0,320,A
1-PB2,15,318,0,1,0,319,A
1-PB2,16,1,0,331,1,333,G
1-PB2,17,335,0,0,0,335,A
1-PB2,18,335,0,0,0,335,A
1-PB2,19,1,0,0,340,341,C
1-PB2,20,0,342,0,0,342,T
1-PB2,21,348,0,0,0,348,A
1-PB2,22,0,0,0,347,347,C
1-PB2,23,0,0,348,0,348,G
1-PB2,24,0,1,351,0,352,G
1-PB2,25,349,0,1,0,350,A
1-PB2,26,364,0,1,0,365,A
1-PB2,27,0,370,0,0,370,T
1-PB2,28,0,0,0,374,374,C
1-PB2,29,0,372,0,0,372,T
1-PB2,30,0,0,375,0,375,G
1-PB2,31,380,0,0,0,380,A
1-PB2,32,0,380,0,1,381,T
1-PB2,33,0,0,380,0,380,G
1-PB2,34,0,385,0,2,387,T
1-PB2,35,0,1,0,385,386,C
1-PB2,36,1,1,384,0,386,G
1-PB2,37,0,0,0,388,388,C
1-PB2,38,389,0,0,0,389,A
1-PB2,39,0,1,413,0,414,G
1-PB2,40,0,418,0,0,418,T
1-PB2,41,1,0,0,419,420,C
1-PB2,42,0,418,0,1,419,T
1-PB2,43,2,0,0,419,421,C
1-PB2,44,1,1,419,0,421,G
1-PB2,45,0,0,0,418,418,C
1-PB2,46,421,0,0,0,421,A
1-PB2,47,1,0,0,426,427,C
1-PB2,48,0,420,0,2,422,T
1-PB2,49,0,1,0,429,430,C
1-PB2,50,0,0,433,0,433,G
1-PB2,51,0,1,0,432,433,C
1-PB2,52,0,0,432,0,432,G
1-PB2,53,433,0,0,0,433,A
1-PB2,54,0,1,435,0,436,G
1-PB2,55,447,0,1,0,448,A
1-PB2,56,0,448,0,0,448,T
1-PB2,57,444,0,2,0,446,A
1-PB2,58,0,0,1,447,448,C
1-PB2,59,0,446,0,1,447,T
1-PB2,60,1,0,463,0,464,G
1-PB2,61,464,0,2,0,466,A
1-PB2,62,0,0,0,470,470,C
1-PB2,63,470,0,0,0,470,A
1-PB2,64,468,0,0,0,468,A
1-PB2,65,474,0,0,0,474,A
1-PB2,66,480,0,0,1,481,A
1-PB2,67,480,0,2,0,482,A
1-PB2,68,0,0,0,484,484,C
1-PB2,69,1,0,0,483,484,C
1-PB2,70,500,0,1,0,501,A
1-PB2,71,0,0,0,504,504,C
1-PB2,72,501,0,1,0,502,A
1-PB2,73,0,0,517,0,517,G
1-PB2,74,0,514,0,1,515,T
1-PB2,75,0,1,521,0,522,G
1-PB2,76,0,2,533,0,535,G
1-PB2,77,533,0,1,0,534,A
1-PB2,78,0,0,0,554,554,C
1-PB2,79,0,0,1,553,554,C
1-PB2,80,564,0,0,0,564,A
1-PB2,81,0,563,0,2,565,T
1-PB2,82,556,1,0,0,557,A
1-PB2,83,0,560,0,0,560,T
1-PB2,84,1,0,563,0,564,G
1-PB2,85,0,1,567,0,568,G
1-PB2,86,0,0,0,569,569,C
1-PB2,87,0,0,0,557,557,C
1-PB2,88,554,0,1,0,555,A
1-PB2,89,0,589,0,0,589,T
1-PB2,90,594,0,0,0,594,A
1-PB2,91,620,0,0,0,620,A
1-PB2,92,0,618,0,0,618,T
1-PB2,93,0,616,0,0,616,T
1-PB2,94,624,0,0,1,625,A
1-PB2,95,623,0,0,0,623,A
1-PB2,96,0,1,635,0,636,G
1-PB2,97,632,0,2,0,634,A
1-PB2,98,624,0,0,0,624,A
1-PB2,99,0,0,648,0,648,G
1-PB2,100,0,638,0,0,638,T
1-PB2,101,638,0,1,0,639,A
1-PB2,102,1,1,0,640,642,C
1-PB2,103,643,0,0,0,643,A
1-PB2,104,0,0,0,656,656,C
1-PB2,105,657,0,0,0,657,A
1-PB2,106,0,657,0,0,657,T
1-PB2,107,0,0,0,658,658,C
1-PB2,108,2,0,653,0,655,G
1-PB2,109,0,1,656,0,657,G
1-PB2,110,0,2,652,0,654,G
1-PB2,111,0,1,654,0,655,G
1-PB2,112,649,1,0,0,650,A
1-PB2,113,0,1,651,0,652,G
1-PB2,114,651,0,2,0,653,A
1-PB2,115,0,0,0,660,660,C
1-PB2,116,660,0,0,0,660,A
1-PB2,117,0,0,664,0,664,G
1-PB2,118,0,1,681,0,682,G
1-PB2,119,681,0,0,0,681,A
1-PB2,120,683,0,1,0,684,A
1-PB2,121,682,0,1,0,683,A
1-PB2,122,681,0,0,0,681,A
1-PB2,123,0,1,681,0,682,G
1-PB2,124,679,0,0,0,679,A
1-PB2,125,679,0,0,0,679,A
1-PB2,126,0,0,0,677,677,C
1-PB2,127,1,0,0,672,673,C
1-PB2,128,0,0,0,671,671,C
1-PB2,129,0,0,673,0,673,G
1-PB2,130,0,671,0,3,674,T
1-PB2,131,0,0,0,677,677,C
1-PB2,132,685,1,0,0,686,A
1-PB2,133,0,0,0,691,691,C
1-PB2,134,0,691,0,0,691,T
1-PB2,135,0,691,0,0,691,T
1-PB2,136,689,0,0,0,689,A
1-PB2,137,0,0,697,0,697,G
1-PB2,138,0,2,696,0,698,G
1-PB2,139,700,0,0,0,700,A
1-PB2,140,0,697,0,0,697,T
1-PB2,141,0,3,707,0,710,G
1-PB2,142,717,0,0,0,717,A
1-PB2,143,716,0,0,0,716,A
1-PB2,144,714,0,2,0,716,A
1-PB2,145,0,719,0,0,719,T
1-PB2,146,1,2,723,0,726,G
1-PB2,147,0,0,726,0,726,G
1-PB2,148,727,0,1,0,728,A
1-PB2,149,1,726,0,0,727,T
1-PB2,150,0,0,721,0,721,G
1-PB2,151,718,0,1,0,719,A
1-PB2,152,1,722,0,1,724,T
1-PB2,153,1,0,728,0,729,G
1-PB2,154,2,0,728,0,730,G
1-PB2,155,0,0,0,726,726,C
1-PB2,156,723,1,0,0,724,A
1-PB2,157,739,0,0,0,739,A
1-PB2,158,1,737,0,0,738,T
1-PB2,159,1,3,759,0,763,G
1-PB2,160,763,0,1,0,764,A
1-PB2,161,760,0,0,0,760,A
1-PB2,162,762,1,0,0,763,A
1-PB2,163,0,765,0,0,765,T
1-PB2,164,774,0,0,0,774,A
1-PB2,165,0,1,0,788,789,C
1-PB2,166,0,1,0,780,781,C
1-PB2,167,0,0,0,783,783,C
1-PB2,168,779,0,0,0,779,A
1-PB2,169,781,0,0,0,781,A
1-PB2,170,0,780,0,0,780,T
1-PB2,171,2,0,0,778,780,C
1-PB2,172,777,0,0,0,777,A
1-PB2,173,0,0,0,788,788,C
1-PB2,174,0,779,0,1,780,T
1-PB2,175,0,0,784,0,784,G
1-PB2,176,0,0,0,779,779,C
1-PB2,177,0,779,0,1,780,T
1-PB2,178,0,1,787,0,788,G
1-PB2,179,785,0,2,1,788,A
1-PB2,180,0,0,0,792,792,C
1-PB2,181,787,0,0,0,787,A
1-PB2,182,783,0,0,0,783,A
1-PB2,183,785,1,1,0,787,A
1-PB2,184,783,0,3,0,786,A
1-PB2,185,1,1,800,0,802,G
1-PB2,186,1,1,801,0,803,G
1-PB2,187,794,0,2,0,796,A
1-PB2,188,0,802,0,0,802,T
1-PB2,189,799,0,0,0,799,A
1-PB2,190,801,1,1,0,803,A
1-PB2,191,0,0,0,821,821,C
1-PB2,192,818,0,0,0,818,A
1-PB2,193,0,2,819,0,821,G
1-PB2,194,811,0,0,1,812,A
1-PB2,195,809,0,0,0,809,A
1-PB2,196,811,0,1,0,812,A
1-PB2,197,0,809,0,2,811,T
1-PB2,198,0,0,813,0,813,G
1-PB2,199,1,0,826,0,827,G
1-PB2,200,0,818,0,0,818,T
1-PB2,201,1,820,0,1,822,T
1-PB2,202,4,0,0,812,816,C
1-PB2,203,0,2,0,817,819,C
1-PB2,204,0,0,822,0,822,G
1-PB2,205,1,0,819,0,820,G
1-PB2,206,822,0,0,0,822,A
1-PB2,207,1,0,822,0,823,G
1-PB2,208,808,1,0,0,809,A
1-PB2,209,0,1,823,0,824,G
1-PB2,210,825,0,0,0,825,A
1-PB2,211,820,0,1,0,821,A
1-PB2,212,824,0,1,0,825,A
1-PB2,213,1,817,0,1,819,T
1-PB2,214,0,5,826,0,831,G
1-PB2,215,828,0,2,0,830,A
1-PB2,216,824,1,2,0,827,A
1-PB2,217,0,0,0,824,824,C
1-PB2,218,819,0,0,0,819,A
1-PB2,219,823,0,0,0,823,A
1-PB2,220,0,0,834,0,834,G
1-PB2,221,0,3,831,0,834,G
1-PB2,222,837,0,2,0,839,A
1-PB2,223,0,0,0,834,834,C
1-PB2,224,831,0,0,0,831,A
1-PB2,225,831,0,2,0,833,A
1-PB2,226,832,0,0,0,832,A
1-PB2,227,0,1,0,829,830,C
1-PB2,228,3,0,0,796,799,C
1-PB2,229,0,0,0,875,875,C
1-PB2,230,0,875,0,1,876,T
1-PB2,231,883,0,0,0,883,A
1-PB2,232,0,877,0,0,877,T
1-PB2,233,2,0,882,0,884,G
1-PB2,234,0,1,900,0,901,G
1-PB2,235,864,0,0,0,864,A
1-PB2,236,0,0,867,0,867,G
1-PB2,237,1,865,0,1,867,T
1-PB2,238,863,0,1,0,864,A
1-PB2,239,867,0,0,0,867,A
1-PB2,240,865,0,0,0,865,A
1-PB2,241,867,0,0,0,867,A
1-PB2,242,0,861,1,0,862,T
1-PB2,243,0,2,860,0,862,G
1-PB2,244,848,0,1,0,849,A
1-PB2,245,1,0,854,0,855,G
1-PB2,246,0,847,0,2,849,T
1-PB2,247,0,0,851,0,851,G
1-PB2,248,869,0,0,0,869,A
1-PB2,249,0,865,1,2,868,T
1-PB2,250,0,0,867,0,867,G
1-PB2,251,1,0,0,867,868,C
1-PB2,252,0,859,0,1,860,T
1-PB2,253,0,0,890,0,890,G
1-PB2,254,0,2,892,0,894,G
1-PB2,255,904,0,1,0,905,A
1-PB2,256,0,900,0,0,900,T
1-PB2,257,2,0,0,898,900,C
1-PB2,258,903,0,2,0,905,A
1-PB2,259,0,0,929,0,929,G
1-PB2,260,930,0,1,0,931,A
1-PB2,261,0,931,0,1,932,T
1-PB2,262,903,0,0,0,903,A
1-PB2,263,0,1,932,0,933,G
1-PB2,264,926,0,5,0,931,A
1-PB2,265,0,0,942,0,942,G
1-PB2,266,0,931,0,0,931,T
1-PB2,267,0,0,926,0,926,G
1-PB2,268,911,1,1,0,913,A
1-PB2,269,0,911,1,0,912,T
1-PB2,270,1,1,932,0,934,G
1-PB2,271,0,0,953,0,953,G
1-PB2,272,0,928,0,0,928,T
1-PB2,273,926,0,0,0,926,A
1-PB2,274,0,915,0,3,918,T
1-PB2,275,0,2,0,915,917,C
1-PB2,276,930,0,1,0,931,A
1-PB2,277,0,0,0,948,948,C
1-PB2,278,2,0,0,941,943,C
1-PB2,279,0,923,2,1,926,T
1-PB2,280,0,922,0,0,922,T
1-PB2,281,0,923,0,0,923,T
1-PB2,282,0,1,935,0,936,G
1-PB2,283,0,0,940,0,940,G
1-PB2,284,1,1,0,949,951,C
1-PB2,285,0,933,1,1,935,T
1-PB2,286,1,0,940,0,941,G
1-PB2,287,0,939,0,1,940,T
1-PB2,288,939,0,1,0,940,A
1-PB2,289,945,0,1,0,946,A
1-PB2,290,0,0,0,945,945,C
1-PB2,291,931,1,1,0,933,A
1-PB2,292,0,931,0,0,931,T
1-PB2,293,0,1,921,0,922,G
1-PB2,294,0,0,942,1,943,G
1-PB2,295,0,937,0,1,938,T
1-PB2,296,1,4,930,0,935,G
1-PB2,297,0,0,954,0,954,G
1-PB2,298,944,0,4,0,948,A
1-PB2,299,951,0,0,0,951,A
1-PB2,300,0,950,0,0,950,T
1-PB2,301,946,0,2,0,948,A
1-PB2,302,0,0,961,0,961,G
1-PB2,303,955,0,0,0,955,A
1-PB2,304,957,0,1,0,958,A
1-PB2,305,953,0,2,0,955,A
1-PB2,306,0,935,0,0,935,T
1-PB2,307,0,0,935,0,935,G
1-PB2,308,0,2,928,0,930,G
1-PB2,309,930,1,1,0,932,A
1-PB2,310,0,0,0,928,928,C
1-PB2,311,0,0,0,922,922,C
1-PB2,312,1,0,0,926,927,C
1-PB2,313,0,0,931,0,931,G
1-PB2,314,0,935,0,0,935,T
1-PB2,315,0,2,950,0,952,G
1-PB2,316,954,0,2,0,956,A
1-PB2,317,0,0,0,957,957,C
1-PB2,318,953,0,1,0,954,A
1-PB2,319,948,1,0,1,950,A
1-PB2,320,0,0,984,0,984,G
1-PB2,321,0,979,0,0,979,T
1-PB2,322,972,0,1,1,974,A
1-PB2,323,1,1,1,969,972,C
1-PB2,324,0,0,958,0,958,G
1-PB2,325,1,0,976,0,977,G
1-PB2,326,0,970,0,2,972,T
1-PB2,327,1,0,0,986,987,C
1-PB2,328,2,0,0,985,987,C
1-PB2,329,973,0,2,0,975,A
1-PB2,330,1,975,0,0,976,T
1-PB2,331,0,977,0,0,977,T
1-PB2,332,1018,0,0,0,1018,A
1-PB2,333,2,0,0,1013,1015,C
1-PB2,334,0,0,0,995,995,C
1-PB2,335,2,0,0,990,992,C
1-PB2,336,980,0,0,0,980,A
1-PB2,337,986,0,0,0,986,A
1-PB2,338,987,1,1,0,989,A
1-PB2,339,986,0,1,0,987,A
1-PB2,340,2,0,1002,0,1004,G
1-PB2,341,0,968,0,1,969,T
1-PB2,342,0,0,982,0,982,G
1-PB2,343,0,979,0,1,980,T
1-PB2,344,979,0,1,0,980,A
1-PB2,345,1,0,0,981,982,C
1-PB2,346,973,0,1,0,974,A
1-PB2,347,972,0,2,0,974,A
1-PB2,348,0,4,973,0,977,G
1-PB2,349,968,1,0,0,969,A
1-PB2,350,0,0,0,968,968,C
1-PB2,351,0,947,0,2,949,T
1-PB2,352,0,952,0,0,952,T
1-PB2,353,952,0,1,0,953,A
1-PB2,354,0,955,1,0,956,T
1-PB2,355,1,953,0,2,956,T
1-PB2,356,0,955,0,0,955,T
1-PB2,357,1,0,0,943,944,C
1-PB2,358,1,3,940,1,945,G
1-PB2,359,942,0,1,0,943,A
1-PB2,360,0,0,0,946,946,C
1-PB2,361,935,1,1,0,937,A
1-PB2,362,938,1,0,0,939,A
1-PB2,363,938,0,0,0,938,A
1-PB2,364,0,0,947,0,947,G
1-PB2,365,0,947,0,0,947,T
1-PB2,366,2,0,0,942,944,C
1-PB2,367,0,2,943,0,945,G
1-PB2,368,942,1,0,0,943,A
1-PB2,369,939,0,1,0,940,A
1-PB2,370,939,1,2,1,943,A
1-PB2,371,0,0,979,0,979,G
1-PB2,372,0,0,980,0,980,G
1-PB2,373,0,973,0,0,973,T
1-PB2,374,0,977,0,0,977,T
1-PB2,375,976,0,1,0,977,A
1-PB2,376,970,0,3,0,973,A
1-PB2,377,975,0,1,0,976,A
1-PB2,378,980,0,0,1,981,A
1-PB2,379,0,0,0,988,988,C
1-PB2,380,950,0,1,0,951,A
1-PB2,381,0,948,0,0,948,T
1-PB2,382,0,0,942,0,942,G
1-PB2,383,0,0,943,0,943,G
1-PB2,384,941,0,2,0,943,A
1-PB2,385,948,0,1,0,949,A
1-PB2,386,0,0,0,982,982,C
1-PB2,387,0,0,0,985,985,C
1-PB2,388,0,971,0,1,972,T
1-PB2,389,0,973,0,0,973,T
1-PB2,390,0,972,0,1,973,T
1-PB2,391,0,0,973,0,973,G
1-PB2,392,0,0,979,0,979,G
1-PB2,393,1,0,0,977,978,C
1-PB2,394,0,0,0,976,976,C
1-PB2,395,0,0,0,972,972,C
1-PB2,396,0,949,0,1,950,T
1-PB2,397,2,0,958,0,960,G
1-PB2,398,0,957,0,1,958,T
1-PB2,399,0,959,0,0,959,T
1-PB2,400,1,0,0,960,961,C
1-PB2,401,953,0,1,0,954,A
1-PB2,402,0,951,0,2,953,T
1-PB2,403,0,954,0,0,954,T
1-PB2,404,0,953,0,0,953,T
1-PB2,405,0,953,0,0,953,T
1-PB2,406,943,0,1,0,944,A
1-PB2,407,0,3,938,0,941,G
1-PB2,408,941,0,4,0,945,A
1-PB2,409,944,0,0,0,944,A
1-PB2,410,943,0,3,0,946,A
1-PB2,411,1,940,0,0,941,T
1-PB2,412,4,1,0,934,939,C
1-PB2,413,941,0,0,0,941,A
1-PB2,414,943,0,0,0,943,A
1-PB2,415,0,0,949,0,949,G
1-PB2,416,0,945,0,1,946,T
1-PB2,417,4,1,0,939,944,C
1-PB2,418,948,0,0,0,948,A
1-PB2,419,946,0,0,0,946,A
1-PB2,420,0,0,950,0,950,G
1-PB2,421,952,0,2,0,954,A
1-PB2,422,0,954,0,0,954,T
1-PB2,423,957,0,0,0,957,A
1-PB2,424,0,1,1,949,951,C
1-PB2,425,0,1,953,0,954,G
1-PB2,426,0,0,0,954,954,C
1-PB2,427,952,0,1,0,953,A
1-PB2,428,0,0,957,0,957,G
1-PB2,429,956,1,0,0,957,A
1-PB2,430,969,0,1,0,970,A
1-PB2,431,0,0,989,0,989,G
1-PB2,432,970,0,2,0,972,A
1-PB2,433,0,0,978,0,978,G
1-PB2,434,0,974,0,0,974,T
1-PB2,435,970,0,0,0,970,A
1-PB2,436,0,2,983,0,985,G
1-PB2,437,961,0,3,0,964,A
1-PB2,438,0,1,0,1002,1003,C
1-PB2,439,996,0,0,0,996,A
1-PB2,440,0,978,0,2,980,T
1-PB2,441,975,0,0,0,975,A
1-PB2,442,972,0,0,0,972,A
1-PB2,443,986,0,0,0,986,A
1-PB2,444,0,0,0,987,987,C
1-PB2,445,0,0,0,968,968,C
1-PB2,446,0,0,0,956,956,C
1-PB2,447,0,874,0,1,875,T
1-PB2,448,0,0,887,0,887,G
1-PB2,449,0,0,905,0,905,G
1-PB2,450,0,904,0,1,905,T
1-PB2,451,8,0,0,889,897,C
1-PB2,452,911,0,1,0,912,A
1-PB2,453,0,910,0,0,910,T
1-PB2,454,0,2,913,0,915,G
1-PB2,455,0,0,0,913,913,C
1-PB2,456,909,0,0,0,909,A
1-PB2,457,0,3,909,0,912,G
1-PB2,458,896,0,1,0,897,A
1-PB2,459,0,0,0,910,910,C
1-PB2,460,0,0,0,916,916,C
1-PB2,461,0,894,1,1,896,T
1-PB2,462,0,0,0,897,897,C
1-PB2,463,887,0,0,0,887,A
1-PB2,464,0,0,911,0,911,G
1-PB2,465,1,903,0,3,907,T
1-PB2,466,0,0,913,0,913,G
1-PB2,467,0,1,0,907,908,C
1-PB2,468,3,0,0,894,897,C
1-PB2,469,898,0,2,0,900,A
1-PB2,470,903,1,1,0,905,A
1-PB2,471,903,0,2,0,905,A
1-PB2,472,0,1,905,0,906,G
1-PB2,473,877,0,2,0,879,A
1-PB2,474,0,1,875,0,876,G
1-PB2,475,0,0,889,0,889,G
1-PB2,476,0,0,0,893,893,C
1-PB2,477,893,0,0,0,893,A
1-PB2,478,0,0,0,892,892,C
1-PB2,479,896,0,0,0,896,A
1-PB2,480,920,0,1,0,921,A
1-PB2,481,0,0,932,0,932,G
1-PB2,482,944,0,0,0,944,A
1-PB2,483,0,938,0,0,938,T
1-PB2,484,0,0,935,0,935,G
1-PB2,485,0,927,0,1,928,T
1-PB2,486,929,0,1,0,930,A
1-PB2,487,928,0,0,0,928,A
1-PB2,488,0,925,0,0,925,T
1-PB2,489,3,0,0,866,869,C
1-PB2,490,878,0,0,0,878,A
1-PB2,491,0,881,0,1,882,T
1-PB2,492,0,0,880,1,881,G
1-PB2,493,0,0,886,0,886,G
1-PB2,494,886,0,1,0,887,A
1-PB2,495,882,0,0,0,882,A
1-PB2,496,0,1,879,0,880,G
1-PB2,497,0,872,0,0,872,T
1-PB2,498,0,871,0,0,871,T
1-PB2,499,0,0,878,0,878,G
1-PB2,500,0,876,0,1,877,T
1-PB2,501,0,878,0,0,878,T
1-PB2,502,0,871,1,2,874,T
1-PB2,503,0,870,0,1,871,T
1-PB2,504,0,877,0,2,879,T
1-PB2,505,0,0,0,879,879,C
1-PB2,506,0,1,0,876,877,C
1-PB2,507,1,0,1,878,880,C
1-PB2,508,884,0,0,0,884,A
1-PB2,509,883,0,0,0,883,A
1-PB2,510,0,887,0,0,887,T
1-PB2,511,0,0,894,0,894,G
1-PB2,512,897,0,0,0,897,A
1-PB2,513,892,1,0,0,893,A
1-PB2,514,0,1,893,0,894,G
1-PB2,515,0,887,0,1,888,T
1-PB2,516,0,0,890,0,890,G
1-PB2,517,0,0,881,0,881,G
1-PB2,518,1,0,887,0,888,G
1-PB2,519,890,0,2,0,892,A
1-PB2,520,1,0,885,0,886,G
1-PB2,521,1,0,0,884,885,C
1-PB2,522,1,0,0,886,887,C
1-PB2,523,880,0,3,0,883,A
1-PB2,524,0,0,909,0,909,G
1-PB2,525,0,1,916,0,917,G
1-PB2,526,920,0,0,0,920,A
1-PB2,527,0,918,0,0,918,T
1-PB2,528,917,0,0,0,917,A
1-PB2,529,0,1,0,914,915,C
1-PB2,530,0,911,0,0,911,T
1-PB2,531,894,0,2,0,896,A
1-PB2,532,892,0,1,0,893,A
1-PB2,533,1,0,0,898,899,C
1-PB2,534,877,0,0,0,877,A
1-PB2,535,0,860,0,0,860,T
1-PB2,536,0,0,0,863,863,C
1-PB2,537,849,0,1,0,850,A
1-PB2,538,0,0,863,0,863,G
1-PB2,539,862,0,0,0,862,A
1-PB2,540,859,0,3,0,862,A
1-PB2,541,1,859,0,1,861,T
1-PB2,542,2,0,0,857,859,C
1-PB2,543,855,0,3,0,858,A
1-PB2,544,0,0,0,880,880,C
1-PB2,545,877,0,1,0,878,A
1-PB2,546,877,1,1,1,880,A
1-PB2,547,0,866,1,1,868,T
1-PB2,548,0,868,0,1,869,T
1-PB2,549,874,0,1,0,875,A
1-PB2,550,877,0,0,0,877,A
1-PB2,551,0,0,0,882,882,C
1-PB2,552,878,0,0,0,878,A
1-PB2,553,870,1,1,0,872,A
1-PB2,554,0,878,0,0,878,T
1-PB2,555,872,0,0,0,872,A
1-PB2,556,877,0,0,0,877,A
1-PB2,557,0,0,0,881,881,C
1-PB2,558,0,877,0,0,877,T
1-PB2,559,872,0,0,0,872,A
1-PB2,560,859,0,2,0,861,A
1-PB2,561,858,0,0,1,859,A
1-PB2,562,0,2,859,0,861,G
1-PB2,563,842,0,1,1,844,A
1-PB2,564,0,2,845,0,847,G
1-PB2,565,844,2,2,0,848,A
1-PB2,566,842,0,2,0,844,A
1-PB2,567,848,0,1,0,849,A
1-PB2,568,847,0,0,0,847,A
1-PB2,569,846,0,0,0,846,A
1-PB2,570,847,0,0,0,847,A
1-PB2,571,0,1,850,0,851,G
1-PB2,572,850,0,0,0,850,A
1-PB2,573,842,0,0,0,842,A
1-PB2,574,0,3,844,0,847,G
1-PB2,575,843,0,1,0,844,A
1-PB2,576,840,0,2,1,843,A
1-PB2,577,0,0,0,849,849,C
1-PB2,578,0,833,0,0,833,T
1-PB2,579,0,0,0,836,836,C
1-PB2,580,3,2,0,832,837,C
1-PB2,581,3,1,835,0,839,G
1-PB2,582,836,0,1,0,837,A
1-PB2,583,0,0,840,0,840,G
1-PB2,584,838,0,0,0,838,A
1-PB2,585,0,841,0,1,842,T
1-PB2,586,0,838,0,0,838,T
1-PB2,587,0,0,835,0,835,G
1-PB2,588,0,0,0,836,836,C
1-PB2,589,838,0,1,0,839,A
1-PB2,590,836,0,0,0,836,A
1-PB2,591,1,1,829,0,831,G
1-PB2,592,838,0,0,0,838,A
1-PB2,593,0,836,0,0,836,T
1-PB2,594,1,836,1,0,838,T
1-PB2,595,0,836,0,0,836,T
1-PB2,596,0,1,0,841,842,C
1-PB2,597,0,829,0,1,830,T
1-PB2,598,1,0,0,904,905,C
1-PB2,599,1,0,0,905,906,C
1-PB2,600,1,1,0,977,979,C
1-PB2,601,0,968,1,0,969,T
1-PB2,602,0,980,0,0,980,T
1-PB2,603,0,2,988,0,990,G
1-PB2,604,992,0,0,0,992,A
1-PB2,605,0,1006,0,0,1006,T
1-PB2,606,0,3,1021,0,1024,G
1-PB2,607,1,1,1132,0,1134,G
1-PB2,608,0,1156,0,0,1156,T
1-PB2,609,0,1161,0,1,1162,T
1-PB2,610,0,1,1260,0,1261,G
1-PB2,611,0,0,0,1268,1268,C
1-PB2,612,1298,1,0,0,1299,A
1-PB2,613,0,1296,1,1,1298,T
1-PB2,614,1307,0,2,0,1309,A
1-PB2,615,0,0,0,1373,1373,C
1-PB2,616,1536,1,0,5,1542,A
1-PB2,617,0,1582,0,2,1584,T
1-PB2,618,0,0,1662,0,1662,G
1-PB2,619,0,1647,0,1,1648,T
1-PB2,620,0,1651,0,0,1651,T
1-PB2,621,1643,1,1,0,1645,A
1-PB2,622,0,4,1640,0,1644,G
1-PB2,623,1664,1,0,0,1665,A
1-PB2,624,0,1,1687,0,1688,G
1-PB2,625,1621,0,1,0,1622,A
1-PB2,626,0,4,1618,0,1622,G
1-PB2,627,1593,0,3,0,1596,A
1-PB2,628,0,4,1602,0,1606,G
1-PB2,629,1620,0,2,0,1622,A
1-PB2,630,1622,0,1,0,1623,A
1-PB2,631,0,1,0,1631,1632,C
1-PB2,632,1,1620,0,1,1622,T
1-PB2,633,0,1621,0,1,1622,T
1-PB2,634,0,1,1625,0,1626,G
1-PB2,635,1,1622,1,1,1625,T
1-PB2,636,1627,0,2,0,1629,A
1-PB2,637,1,1,0,1619,1621,C
1-PB2,638,0,1,1614,0,1615,G
1-PB2,639,1618,2,1,0,1621,A
1-PB2,640,1620,0,0,0,1620,A
1-PB2,641,1635,0,1,0,1636,A
1-PB2,642,1636,0,0,0,1636,A
1-PB2,643,1637,0,1,0,1638,A
1-PB2,644,0,0,0,1640,1640,C
1-PB2,645,1641,2,0,0,1643,A
1-PB2,646,1639,0,0,0,1639,A
1-PB2,647,0,6,1651,0,1657,G
1-PB2,648,1669,0,0,0,1669,A
1-PB2,649,0,1662,0,2,1664,T
1-PB2,650,1,1660,0,0,1661,T
1-PB2,651,0,1669,0,2,1671,T
1-PB2,652,2,0,0,1666,1668,C
1-PB2,653,1,1671,0,3,1675,T
1-PB2,654,2,0,0,1677,1679,C
1-PB2,655,1,1,0,1674,1676,C
1-PB2,656,1,0,0,1679,1680,C
1-PB2,657,1679,0,4,1,1684,A
1-PB2,658,0,0,1701,0,1701,G
1-PB2,659,1,1705,0,0,1706,T
1-PB2,660,0,1701,0,0,1701,T
1-PB2,661,0,0,1696,0,1696,G
1-PB2,662,1,1,0,1699,1701,C
1-PB2,663,0,1699,0,1,1700,T
1-PB2,664,2,1,1701,0,1704,G
1-PB2,665,0,1,1700,0,1701,G
1-PB2,666,2,1,0,1693,1696,C
1-PB2,667,1,1,1703,0,1705,G
1-PB2,668,1,2,1723,0,1726,G
1-PB2,669,1735,0,1,0,1736,A
1-PB2,670,1732,0,1,0,1733,A
1-PB2,671,0,0,0,1736,1736,C
1-PB2,672,1740,0,1,0,1741,A
1-PB2,673,1747,0,1,1,1749,A
1-PB2,674,0,2,1824,0,1826,G
1-PB2,675,0,0,0,1866,1866,C
1-PB2,676,1877,0,1,1,1879,A
1-PB2,677,1,1,2371,0,2373,G
1-PB2,678,1,2368,0,1,2370,T
1-PB2,679,2393,0,1,0,2394,A
1-PB2,680,0,2393,0,2,2395,T
1-PB2,681,2408,0,0,0,2408,A
1-PB2,682,1,2403,0,2,2406,T
1-PB2,683,2385,0,2,0,2387,A
1-PB2,684,0,1,0,2419,2420,C
1-PB2,685,2333,0,0,0,2333,A
1-PB2,686,0,2235,0,0,2235,T
1-PB2,687,0,2167,0,1,2168,T
1-PB2,688,0,2,2171,1,2174,G
1-PB2,689,2171,0,1,0,2172,A
1-PB2,690,2170,0,2,0,2172,A
1-PB2,691,1,0,2201,0,2202,G
1-PB2,692,0,2180,1,1,2182,T
1-PB2,693,0,2176,0,1,2177,T
1-PB2,694,0,2178,1,0,2179,T
1-PB2,695,0,2185,0,0,2185,T
1-PB2,696,2206,1,1,0,2208,A
1-PB2,697,0,0,1,2228,2229,C
1-PB2,698,2224,0,0,0,2224,A
1-PB2,699,0,2221,0,0,2221,T
1-PB2,700,0,2204,0,2,2206,T
1-PB2,701,0,2207,0,0,2207,T
1-PB2,702,0,8,2230,0,2238,G
1-PB2,703,2241,0,4,0,2245,A
1-PB2,704,0,2,0,2255,2257,C
1-PB2,705,1,2245,0,1,2247,T
1-PB2,706,3,2,0,2241,2246,C
1-PB2,707,2241,0,3,0,2244,A
1-PB2,708,0,3,2227,0,2230,G
1-PB2,709,0,0,2278,0,2278,G
1-PB2,710,0,6,2278,0,2284,G
1-PB2,711,2280,1,7,1,2289,A
1-PB2,712,2286,0,4,1,2291,A
1-PB2,713,0,1,0,2290,2291,C
1-PB2,714,1,0,2307,0,2308,G
1-PB2,715,0,2301,0,2,2303,T
1-PB2,716,0,1,2320,0,2321,G
1-PB2,717,1,2304,0,1,2306,T
1-PB2,718,0,2303,0,0,2303,T
1-PB2,719,0,6,2303,0,2309,G
1-PB2,720,0,5,2302,0,2307,G
1-PB2,721,0,10,2332,0,2342,G
1-PB2,722,2330,0,2,1,2333,A
1-PB2,723,2317,0,6,0,2323,A
1-PB2,724,1,0,0,2390,2391,C
1-PB2,725,2384,1,0,0,2385,A
1-PB2,726,2457,0,0,0,2457,A
1-PB2,727,2455,0,2,0,2457,A
1-PB2,728,0,2470,1,0,2471,T
1-PB2,729,4,0,2499,0,2503,G
1-PB2,730,0,2487,0,1,2488,T
1-PB2,731,2490,0,1,0,2491,A
1-PB2,732,1,0,0,2499,2500,C
1-PB2,733,2461,0,1,0,2462,A
1-PB2,734,0,1,0,2463,2464,C
1-PB2,735,0,2396,0,4,2400,T
1-PB2,736,1,0,0,2592,2593,C
1-PB2,737,1,1,0,2593,2595,C
1-PB2,738,2623,2,7,0,2632,A
1-PB2,739,0,4,2645,0,2649,G
1-PB2,740,1,2,2696,0,2699,G
1-PB2,741,1,2691,0,1,2693,T
1-PB2,742,2,2,2688,0,2692,G
1-PB2,743,0,2,2624,0,2626,G
1-PB2,744,2599,1,6,0,2606,A
1-PB2,745,1,2,2611,0,2614,G
1-PB2,746,0,1,2614,0,2615,G
1-PB2,747,2593,0,0,1,2594,A
1-PB2,748,0,1,2613,0,2614,G
1-PB2,749,0,2569,0,2,2571,T
1-PB2,750,1,2,2575,0,2578,G
1-PB2,751,2579,0,5,0,2584,A
1-PB2,752,2,1,2587,0,2590,G
1-PB2,753,1,3,2603,0,2607,G
1-PB2,754,2587,1,2,0,2590,A
1-PB2,755,2591,0,1,0,2592,A
1-PB2,756,1,2598,1,2,2602,T
1-PB2,757,1,6,2584,0,2591,G
1-PB2,758,2591,0,1,1,2593,A
1-PB2,759,2,0,0,2577,2579,C
1-PB2,760,1,1,2576,0,2578,G
1-PB2,761,2605,0,0,0,2605,A
1-PB2,762,1,2592,0,1,2594,T
1-PB2,763,0,0,2602,0,2602,G
1-PB2,764,0,2599,0,1,2600,T
1-PB2,765,0,2580,0,1,2581,T
1-PB2,766,0,6,2594,0,2600,G
1-PB2,767,2600,2,3,0,2605,A
1-PB2,768,0,1,0,2604,2605,C
1-PB2,769,2,1,1,2597,2601,C
1-PB2,770,2566,0,2,0,2568,A
1-PB2,771,2569,0,0,0,2569,A
1-PB2,772,2581,0,2,0,2583,A
1-PB2,773,1,0,2658,0,2659,G
1-PB2,774,1,2,0,2657,2660,C
1-PB2,775,1,0,0,2644,2645,C
1-PB2,776,1,2653,0,1,2655,T
1-PB2,777,2659,0,3,0,2662,A
1-PB2,778,2660,1,2,0,2663,A
1-PB2,779,0,2667,1,1,2669,T
1-PB2,780,0,2659,0,1,2660,T
1-PB2,781,2628,1,1,0,2630,A
1-PB2,782,1,2568,1,3,2573,T
1-PB2,783,1,2552,0,1,2554,T
1-PB2,784,1,1,2538,0,2540,G
1-PB2,785,2,1,0,2548,2551,C
1-PB2,786,2,2,2545,0,2549,G
1-PB2,787,1,3,2590,0,2594,G
1-PB2,788,0,0,0,2578,2578,C
1-PB2,789,2,1,0,2596,2599,C
1-PB2,790,2602,0,1,0,2603,A
1-PB2,791,1,6,2620,0,2627,G
1-PB2,792,1,4,2639,0,2644,G
1-PB2,793,2641,0,5,0,2646,A
1-PB2,794,2659,0,3,0,2662,A
1-PB2,795,1,0,0,2672,2673,C
1-PB2,796,2647,1,1,0,2649,A
1-PB2,797,0,2691,0,1,2692,T
1-PB2,798,2717,0,3,0,2720,A
1-PB2,799,0,0,2741,0,2741,G
1-PB2,800,0,2701,0,0,2701,T
1-PB2,801,2684,1,5,0,2690,A
1-PB2,802,2681,0,3,0,2684,A
1-PB2,803,0,2,2685,0,2687,G
1-PB2,804,2669,0,1,0,2670,A
1-PB2,805,2635,0,2,0,2637,A
1-PB2,806,0,1,2630,0,2631,G
1-PB2,807,2563,0,3,1,2567,A
1-PB2,808,1,0,2564,0,2565,G
1-PB2,809,1,0,0,2572,2573,C
1-PB2,810,1,0,0,2557,2558,C
1-PB2,811,1,0,2564,0,2565,G
1-PB2,812,1,0,0,2576,2577,C
1-PB2,813,2577,1,2,0,2580,A
1-PB2,814,1,0,2763,0,2764,G
1-PB2,815,0,2758,1,4,2763,T
1-PB2,816,2766,1,1,0,2768,A
1-PB2,817,0,2743,1,7,2751,T
1-PB2,818,8,0,0,2770,2778,C
1-PB2,819,2776,0,4,0,2780,A
1-PB2,820,1,0,2776,0,2777,G
1-PB2,821,0,2,0,2773,2775,C
1-PB2,822,2671,0,1,1,2673,A
1-PB2,823,0,3,2647,0,2650,G
1-PB2,824,2661,0,2,1,2664,A
1-PB2,825,0,2661,0,0,2661,T
1-PB2,826,1,0,0,2672,2673,C
1-PB2,827,2,0,0,2665,2667,C
1-PB2,828,2660,1,3,0,2664,A
1-PB2,829,0,0,0,2679,2679,C
1-PB2,830,0,2674,0,0,2674,T
1-PB2,831,2677,0,1,0,2678,A
1-PB2,832,0,2,2666,0,2668,G
1-PB2,833,0,3,0,2647,2650,C
1-PB2,834,2646,0,0,1,2647,A
1-PB2,835,0,2649,0,3,2652,T
1-PB2,836,3,0,0,2685,2688,C
1-PB2,837,0,2672,0,4,2676,T
1-PB2,838,1,2724,0,2,2727,T
1-PB2,839,0,2743,0,0,2743,T
1-PB2,840,2747,1,0,0,2748,A
1-PB2,841,0,2748,0,0,2748,T
1-PB2,842,0,2735,1,1,2737,T
1-PB2,843,0,3,2730,0,2733,G
1-PB2,844,0,5,2724,0,2729,G
1-PB2,845,2666,1,3,0,2670,A
1-PB2,846,0,5,2672,0,2677,G
1-PB2,847,2655,0,2,0,2657,A
1-PB2,848,0,2641,0,2,2643,T
1-PB2,849,0,1,2689,0,2690,G
1-PB2,850,1,2688,0,2,2691,T
1-PB2,851,3,1,2683,1,2688,G
1-PB2,852,1,1,0,2687,2689,C
1-PB2,853,3,1,0,2674,2678,C
1-PB2,854,2675,0,5,0,2680,A
1-PB2,855,0,1,0,2681,2682,C
1-PB2,856,2647,0,5,0,2652,A
1-PB2,857,2,0,2688,0,2690,G
1-PB2,858,0,4,0,2620,2624,C
1-PB2,859,2626,0,3,0,2629,A
1-PB2,860,2,0,0,2627,2629,C
1-PB2,861,2615,2,6,0,2623,A
1-PB2,862,0,1,0,2641,2642,C
1-PB2,863,2630,0,2,0,2632,A
1-PB2,864,2633,0,5,0,2638,A
1-PB2,865,2632,0,1,1,2634,A
1-PB2,866,0,2578,1,0,2579,T
1-PB2,867,0,2580,0,0,2580,T
1-PB2,868,1,5,2565,1,2572,G
1-PB2,869,0,0,2570,0,2570,G
1-PB2,870,2,0,0,2562,2564,C
1-PB2,871,1,1,2557,0,2559,G
1-PB2,872,0,5,2552,0,2557,G
1-PB2,873,2546,0,1,0,2547,A
1-PB2,874,2605,0,0,0,2605,A
1-PB2,875,0,0,0,2616,2616,C
1-PB2,876,2614,0,2,0,2616,A
1-PB2,877,2611,0,4,1,2616,A
1-PB2,878,1,1,2626,0,2628,G
1-PB2,879,0,2,2628,1,2631,G
1-PB2,880,2638,0,2,0,2640,A
1-PB2,881,0,2541,0,1,2542,T
1-PB2,882,0,3,2527,0,2530,G
1-PB2,883,2,2,2545,0,2549,G
1-PB2,884,0,2531,0,3,2534,T
1-PB2,885,0,4,2530,0,2534,G
1-PB2,886,1,4,2518,2,2525,G
1-PB2,887,2507,1,3,0,2511,A
1-PB2,888,2,0,0,2510,2512,C
1-PB2,889,2487,0,1,0,2488,A
1-PB2,890,0,2802,0,1,2803,T
1-PB2,891,0,2797,0,0,2797,T
1-PB2,892,9,1,0,2786,2796,C
1-PB2,893,0,2771,1,2,2774,T
1-PB2,894,0,2772,0,0,2772,T
1-PB2,895,2765,0,4,0,2769,A
1-PB2,896,1,4,2779,0,2784,G
1-PB2,897,2774,0,1,0,2775,A
1-PB2,898,0,1,0,2773,2774,C
1-PB2,899,2294,1,5,0,2300,A
1-PB2,900,0,2,2329,0,2331,G
1-PB2,901,2310,0,1,0,2311,A
1-PB2,902,2316,0,4,0,2320,A
1-PB2,903,1,0,0,2317,2318,C
1-PB2,904,2,0,0,2315,2317,C
1-PB2,905,1,3,0,2304,2308,C
1-PB2,906,0,3,2310,0,2313,G
1-PB2,907,2317,0,1,0,2318,A
1-PB2,908,1,0,0,2325,2326,C
1-PB2,909,0,2304,0,2,2306,T
1-PB2,910,2,4,2312,0,2318,G
1-PB2,911,2313,0,3,0,2316,A
1-PB2,912,2317,1,2,0,2320,A
1-PB2,913,1,7,2318,1,2327,G
1-PB2,914,2323,1,1,0,2325,A
1-PB2,915,2314,1,3,0,2318,A
1-PB2,916,0,2,0,2321,2323,C
1-PB2,917,2313,1,1,0,2315,A
1-PB2,918,2318,0,5,0,2323,A
1-PB2,919,1,0,2329,0,2330,G
1-PB2,920,1,0,0,2342,2343,C
1-PB2,921,0,2323,0,2,2325,T
1-PB2,922,2,2,2362,0,2366,G
1-PB2,923,1,2354,0,2,2357,T
1-PB2,924,0,5,2399,0,2404,G
1-PB2,925,0,2,2466,0,2468,G
1-PB2,926,2477,0,6,0,2483,A
1-PB2,927,0,2462,0,1,2463,T
1-PB2,928,2436,0,1,0,2437,A
1-PB2,929,0,2417,0,0,2417,T
1-PB2,930,2485,1,2,0,2488,A
1-PB2,931,0,2443,0,3,2446,T
1-PB2,932,5,0,2435,1,2441,G
1-PB2,933,2,0,0,2403,2405,C
1-PB2,934,2325,0,0,0,2325,A
1-PB2,935,2315,1,3,0,2319,A
1-PB2,936,0,1,2324,0,2325,G
1-PB2,937,0,2,2331,0,2333,G
1-PB2,938,3,3,0,2331,2337,C
1-PB2,939,0,2291,1,2,2294,T
1-PB2,940,3,2,2301,0,2306,G
1-PB2,941,0,1,0,2317,2318,C
1-PB2,942,2317,1,0,0,2318,A
1-PB2,943,2321,0,1,0,2322,A
1-PB2,944,0,2310,0,0,2310,T
1-PB2,945,0,1,2317,0,2318,G
1-PB2,946,2,1,2294,0,2297,G
1-PB2,947,0,5,2313,0,2318,G
1-PB2,948,2318,0,1,1,2320,A
1-PB2,949,0,2317,0,2,2319,T
1-PB2,950,0,2301,0,2,2303,T
1-PB2,951,1,3,2302,0,2306,G
1-PB2,952,2304,0,1,0,2305,A
1-PB2,953,0,8,2323,0,2331,G
1-PB2,954,2304,0,2,0,2306,A
1-PB2,955,2301,0,0,0,2301,A
1-PB2,956,0,2273,0,3,2276,T
1-PB2,957,10,0,0,2280,2290,C
1-PB2,958,2278,1,4,1,2284,A
1-PB2,959,1,1,2294,0,2296,G
1-PB2,960,0,0,0,2291,2291,C
1-PB2,961,0,2268,0,5,2273,T
1-PB2,962,5,0,0,2272,2277,C
1-PB2,963,2276,1,0,0,2277,A
1-PB2,964,1,2332,0,0,2333,T
1-PB2,965,5,1,0,2331,2337,C
1-PB2,966,5,1,0,2342,2348,C
1-PB2,967,0,2335,3,4,2342,T
1-PB2,968,0,2325,0,5,2330,T
1-PB2,969,2,1,1,2333,2337,C
1-PB2,970,2332,0,2,1,2335,A
1-PB2,971,6,0,2360,0,2366,G
1-PB2,972,0,0,0,2357,2357,C
1-PB2,973,0,2313,0,4,2317,T
1-PB2,974,0,2319,1,0,2320,T
1-PB2,975,0,2307,0,4,2311,T
1-PB2,976,3,2,2307,0,2312,G
1-PB2,977,0,2,2315,0,2317,G
1-PB2,978,2,2303,1,5,2311,T
1-PB2,979,1,0,2320,0,2321,G
1-PB2,980,2,1,2297,0,2300,G
1-PB2,981,1,0,2328,0,2329,G
1-PB2,982,0,2317,0,1,2318,T
1-PB2,983,1,2304,1,3,2309,T
1-PB2,984,0,2311,0,0,2311,T
1-PB2,985,2330,0,0,0,2330,A
1-PB2,986,0,0,0,2340,2340,C
1-PB2,987,2333,0,1,0,2334,A
1-PB2,988,1,2322,0,0,2323,T
1-PB2,989,0,2281,0,2,2283,T
1-PB2,990,0,2276,0,1,2277,T
1-PB2,991,2275,0,1,0,2276,A
1-PB2,992,2273,0,0,0,2273,A
1-PB2,993,2274,0,2,0,2276,A
1-PB2,994,2261,0,4,0,2265,A
1-PB2,995,0,0,2273,0,2273,G
1-PB2,996,2256,0,4,1,2261,A
1-PB2,997,2262,1,3,0,2266,A
1-PB2,998,2,1,0,2261,2264,C
1-PB2,999,2255,0,1,0,2256,A
1-PB2,1000,2262,0,0,0,2262,A
1-PB2,1001,0,0,2265,0,2265,G
1-PB2,1002,2,0,0,2259,2261,C
1-PB2,1003,0,1,2255,0,2256,G
1-PB2,1004,0,3,2282,1,2286,G
1-PB2,1005,1,0,2298,0,2299,G
1-PB2,1006,0,2296,0,4,2300,T
1-PB2,1007,2,0,0,2288,2290,C
1-PB2,1008,2288,0,5,0,2293,A
1-PB2,1009,1,2279,0,8,2288,T
1-PB2,1010,0,1,0,2291,2292,C
1-PB2,1011,2290,1,1,1,2293,A
1-PB2,1012,1,1,2338,0,2340,G
1-PB2,1013,1,2296,0,0,2297,T
1-PB2,1014,7,0,0,2297,2304,C
1-PB2,1015,2304,0,0,0,2304,A
1-PB2,1016,2301,0,2,0,2303,A
1-PB2,1017,2,2288,1,1,2292,T
1-PB2,1018,2311,0,0,0,2311,A
1-PB2,1019,2330,0,0,0,2330,A
1-PB2,1020,2333,0,1,0,2334,A
1-PB2,1021,0,2,2350,1,2353,G
1-PB2,1022,2334,0,1,0,2335,A
1-PB2,1023,2302,0,0,0,2302,A
1-PB2,1024,0,1,2303,0,2304,G
1-PB2,1025,2272,1,2,0,2275,A
1-PB2,1026,2177,2,6,0,2185,A
1-PB2,1027,0,2,2186,0,2188,G
1-PB2,1028,2178,0,5,1,2184,A
1-PB2,1029,0,2,2182,0,2184,G
1-PB2,1030,0,0,2225,0,2225,G
1-PB2,1031,1,2219,0,0,2220,T
1-PB2,1032,0,0,2258,0,2258,G
1-PB2,1033,0,2,0,2261,2263,C
1-PB2,1034,0,2265,0,3,2268,T
1-PB2,1035,0,2270,0,0,2270,T
1-PB2,1036,2271,0,0,1,2272,A
1-PB2,1037,2,0,0,2271,2273,C
1-PB2,1038,2252,1,2,0,2255,A
1-PB2,1039,1,2,2258,0,2261,G
1-PB2,1040,1,0,2250,0,2251,G
1-PB2,1041,2,0,0,2227,2229,C
1-PB2,1042,2203,0,1,0,2204,A
1-PB2,1043,2209,0,3,0,2212,A
1-PB2,1044,0,2235,0,3,2238,T
1-PB2,1045,1,1,0,2270,2272,C
1-PB2,1046,2,2258,1,2,2263,T
1-PB2,1047,4,0,0,2268,2272,C
1-PB2,1048,2,2,0,2264,2268,C
1-PB2,1049,2267,0,0,0,2267,A
1-PB2,1050,2265,0,1,0,2266,A
1-PB2,1051,2263,1,5,0,2269,A
1-PB2,1052,0,0,0,2286,2286,C
1-PB2,1053,2224,2,0,0,2226,A
1-PB2,1054,1,2206,0,0,2207,T
1-PB2,1055,0,2137,0,0,2137,T
1-PB2,1056,0,6,2136,0,2142,G
1-PB2,1057,2125,0,4,0,2129,A
1-PB2,1058,0,1,2099,0,2100,G
1-PB2,1059,2196,0,3,0,2199,A
1-PB2,1060,2199,0,2,0,2201,A
1-PB2,1061,0,2221,0,0,2221,T
1-PB2,1062,2219,0,3,0,2222,A
1-PB2,1063,2228,0,3,0,2231,A
1-PB2,1064,0,3,2286,0,2289,G
1-PB2,1065,2250,0,2,0,2252,A
1-PB2,1066,0,1,2306,0,2307,G
1-PB2,1067,2,2226,0,1,2229,T
1-PB2,1068,2246,0,0,0,2246,A
1-PB2,1069,2,1,0,2292,2295,C
1-PB2,1070,2269,0,4,0,2273,A
1-PB2,1071,0,2274,0,0,2274,T
1-PB2,1072,1,3,2263,0,2267,G
1-PB2,1073,2193,0,6,0,2199,A
1-PB2,1074,2,0,2213,0,2215,G
1-PB2,1075,2,4,2197,1,2204,G
1-PB2,1076,1,0,2308,0,2309,G
1-PB2,1077,1,0,2327,0,2328,G
1-PB2,1078,1,2288,0,1,2290,T
1-PB2,1079,2285,0,3,0,2288,A
1-PB2,1080,2,2284,0,1,2287,T
1-PB2,1081,1,2,2290,0,2293,G
1-PB2,1082,2289,0,0,0,2289,A
1-PB2,1083,1,1,2280,0,2282,G
1-PB2,1084,0,2,2275,0,2277,G
1-PB2,1085,2142,0,3,0,2145,A
1-PB2,1086,0,0,2209,0,2209,G
1-PB2,1087,2,2195,0,3,2200,T
1-PB2,1088,0,2255,1,3,2259,T
1-PB2,1089,6,0,0,2266,2272,C
1-PB2,1090,2254,5,3,0,2262,A
1-PB2,1091,1,2,0,2263,2266,C
1-PB2,1092,2263,0,0,0,2263,A
1-PB2,1093,2269,2,1,0,2272,A
1-PB2,1094,0,2264,0,3,2267,T
1-PB2,1095,1,2,2188,0,2191,G
1-PB2,1096,0,2,2213,0,2215,G
1-PB2,1097,0,2149,0,2,2151,T
1-PB2,1098,1,5,2148,0,2154,G
1-PB2,1099,0,1,2162,0,2163,G
1-PB2,1100,0,1,2161,0,2162,G
1-PB2,1101,2,4,2167,0,2173,G
1-PB2,1102,2162,0,1,0,2163,A
1-PB2,1103,2164,1,4,0,2169,A
1-PB2,1104,2159,0,1,0,2160,A
1-PB2,1105,2128,0,8,1,2137,A
1-PB2,1106,0,5,2152,0,2157,G
1-PB2,1107,2142,1,4,0,2147,A
1-PB2,1108,0,0,2157,0,2157,G
1-PB2,1109,3,3,0,2140,2146,C
1-PB2,1110,2120,0,1,0,2121,A
1-PB2,1111,2118,0,2,0,2120,A
1-PB2,1112,1,1,0,2182,2184,C
1-PB2,1113,2180,0,4,0,2184,A
1-PB2,1114,2,0,2218,0,2220,G
1-PB2,1115,0,0,0,2192,2192,C
1-PB2,1116,0,2181,1,1,2183,T
1-PB2,1117,2231,1,1,0,2233,A
1-PB2,1118,1,2229,0,0,2230,T
1-PB2,1119,2245,0,0,0,2245,A
1-PB2,1120,0,0,0,2240,2240,C
1-PB2,1121,0,2142,0,1,2143,T
1-PB2,1122,2150,0,1,0,2151,A
1-PB2,1123,2112,0,2,0,2114,A
1-PB2,1124,0,6,2113,0,2119,G
1-PB2,1125,2111,1,1,0,2113,A
1-PB2,1126,2057,0,1,0,2058,A
1-PB2,1127,2053,0,1,0,2054,A
1-PB2,1128,2043,0,4,1,2048,A
1-PB2,1129,0,0,2050,0,2050,G
1-PB2,1130,0,0,0,2049,2049,C
1-PB2,1131,2048,0,1,0,2049,A
1-PB2,1132,2073,0,4,0,2077,A
1-PB2,1133,0,2,0,2086,2088,C
1-PB2,1134,4,1,0,2091,2096,C
1-PB2,1135,2094,0,0,0,2094,A
1-PB2,1136,4,1,2095,0,2100,G
1-PB2,1137,2092,2,2,0,2096,A
1-PB2,1138,2084,0,4,0,2088,A
1-PB2,1139,0,3,2083,0,2086,G
1-PB2,1140,0,1,2050,0,2051,G
1-PB2,1141,1,2072,0,3,2076,T
1-PB2,1142,0,2078,0,0,2078,T
1-PB2,1143,1,4,2080,0,2085,G
1-PB2,1144,0,0,2118,0,2118,G
1-PB2,1145,0,2100,0,6,2106,T
1-PB2,1146,0,2107,1,2,2110,T
1-PB2,1147,2,0,0,2099,2101,C
1-PB2,1148,2090,0,3,0,2093,A
1-PB2,1149,2075,1,1,0,2077,A
1-PB2,1150,1,1,0,2204,2206,C
1-PB2,1151,2,2197,0,4,2203,T
1-PB2,1152,0,0,0,2225,2225,C
1-PB2,1153,2192,0,0,0,2192,A
1-PB2,1154,1,2190,1,1,2193,T
1-PB2,1155,2197,0,0,0,2197,A
1-PB2,1156,0,0,2208,0,2208,G
1-PB2,1157,1,2121,0,1,2123,T
1-PB2,1158,1,5,2138,0,2144,G
1-PB2,1159,2063,1,4,0,2068,A
1-PB2,1160,0,1,2095,0,2096,G
1-PB2,1161,1,2087,0,2,2090,T
1-PB2,1162,2,3,2089,2,2096,G
1-PB2,1163,0,1,2110,0,2111,G
1-PB2,1164,2105,1,3,0,2109,A
1-PB2,1165,2088,0,3,0,2091,A
1-PB2,1166,0,2,2094,0,2096,G
1-PB2,1167,2057,1,1,0,2059,A
1-PB2,1168,0,1,2071,0,2072,G
1-PB2,1169,2045,0,3,0,2048,A
1-PB2,1170,0,0,0,2044,2044,C
1-PB2,1171,0,4,2042,0,2046,G
1-PB2,1172,2024,0,3,0,2027,A
1-PB2,1173,2028,0,5,0,2033,A
1-PB2,1174,0,1,0,2035,2036,C
1-PB2,1175,2018,2,3,0,2023,A
1-PB2,1176,2,0,2117,0,2119,G
1-PB2,1177,0,2111,0,0,2111,T
1-PB2,1178,4,1,1,2106,2112,C
1-PB2,1179,2115,0,2,0,2117,A
1-PB2,1180,2110,1,3,1,2115,A
1-PB2,1181,0,2113,0,0,2113,T
1-PB2,1182,2110,1,0,0,2111,A
1-PB2,1183,2,0,2112,0,2114,G
1-PB2,1184,1,1,0,2108,2110,C
1-PB2,1185,3,1,0,2045,2049,C
1-PB2,1186,1,3,2042,0,2046,G
1-PB2,1187,2043,0,2,0,2045,A
1-PB2,1188,2049,0,3,1,2053,A
1-PB2,1189,2,0,2074,1,2077,G
1-PB2,1190,0,0,0,2139,2139,C
1-PB2,1191,2134,0,0,0,2134,A
1-PB2,1192,2134,0,1,1,2136,A
1-PB2,1193,0,2139,0,0,2139,T
1-PB2,1194,2140,0,2,2,2144,A
1-PB2,1195,2170,0,5,0,2175,A
1-PB2,1196,0,2197,0,0,2197,T
1-PB2,1197,1,0,0,2188,2189,C
1-PB2,1198,0,0,2183,0,2183,G
1-PB2,1199,0,2133,0,2,2135,T
1-PB2,1200,194,5,1927,0,2126,G
1-PB2,1201,1,2,2145,1,2149,G
1-PB2,1202,1,0,0,2146,2147,C
1-PB2,1203,1,1,1,2150,2153,C
1-PB2,1204,2124,1,0,0,2125,A
1-PB2,1205,0,2096,0,2,2098,T
1-PB2,1206,1,1,2097,1,2100,G
1-PB2,1207,1,0,2115,0,2116,G
1-PB2,1208,0,2094,0,1,2095,T
1-PB2,1209,1,0,2102,0,2103,G
1-PB2,1210,1,2065,1,2,2069,T
1-PB2,1211,0,2061,0,7,2068,T
1-PB2,1212,0,2066,0,4,2070,T
1-PB2,1213,1,2067,0,1,2069,T
1-PB2,1214,5,6,0,2086,2097,C
1-PB2,1215,2096,0,0,1,2097,A
1-PB2,1216,0,1,0,2171,2172,C
1-PB2,1217,2146,1,0,0,2147,A
1-PB2,1218,2161,1,1,0,2163,A
1-PB2,1219,2,2,2167,0,2171,G
1-PB2,1220,2161,1,1,0,2163,A
1-PB2,1221,2092,0,58,1,2151,A
1-PB2,1222,1,3,2168,0,2172,G
1-PB2,1223,2171,0,1,1,2173,A
1-PB2,1224,0,2155,0,23,2178,T
1-PB2,1225,1,2160,0,2,2163,T
1-PB2,1226,0,0,2159,0,2159,G
1-PB2,1227,1,0,0,2134,2135,C
1-PB2,1228,2148,1,2,0,2151,A
1-PB2,1229,0,2163,1,2,2166,T
1-PB2,1230,0,2,2233,0,2235,G
1-PB2,1231,2242,0,4,0,2246,A
1-PB2,1232,0,2252,0,0,2252,T
1-PB2,1233,2245,0,3,1,2249,A
1-PB2,1234,2240,1,4,0,2245,A
1-PB2,1235,2247,0,1,0,2248,A
1-PB2,1236,2253,0,5,1,2259,A
1-PB2,1237,0,1,2269,0,2270,G
1-PB2,1238,1,0,0,2305,2306,C
1-PB2,1239,2316,0,1,0,2317,A
1-PB2,1240,0,1,2390,0,2391,G
1-PB2,1241,1,2369,0,0,2370,T
1-PB2,1242,0,2369,0,1,2370,T
1-PB2,1243,2373,0,0,0,2373,A
1-PB2,1244,0,2,2382,1,2385,G
1-PB2,1245,2376,0,4,1,2381,A
1-PB2,1246,0,6,2369,0,2375,G
1-PB2,1247,1,1,2367,0,2369,G
1-PB2,1248,0,2255,0,3,2258,T
1-PB2,1249,1,8,2256,0,2265,G
1-PB2,1250,2271,0,2,0,2273,A
1-PB2,1251,0,1,0,2281,2282,C
1-PB2,1252,2,0,0,2282,2284,C
1-PB2,1253,1,2239,0,4,2244,T
1-PB2,1254,0,4,2258,0,2262,G
1-PB2,1255,2260,0,0,0,2260,A
1-PB2,1256,2255,0,3,1,2259,A
1-PB2,1257,0,2255,1,2,2258,T
1-PB2,1258,0,2264,0,1,2265,T
1-PB2,1259,2,2278,0,0,2280,T
1-PB2,1260,5,1,0,2273,2279,C
1-PB2,1261,4,0,2278,0,2282,G
1-PB2,1262,0,2276,0,6,2282,T
1-PB2,1263,4,0,0,2275,2279,C
1-PB2,1264,2279,0,1,0,2280,A
1-PB2,1265,2287,0,1,0,2288,A
1-PB2,1266,0,0,0,2285,2285,C
1-PB2,1267,2267,1,0,0,2268,A
1-PB2,1268,1,4,2293,0,2298,G
1-PB2,1269,2271,1,2,1,2275,A
1-PB2,1270,2,0,2273,0,2275,G
1-PB2,1271,0,1,0,2278,2279,C
1-PB2,1272,2270,0,0,0,2270,A
1-PB2,1273,2303,0,2,0,2305,A
1-PB2,1274,2293,1,11,0,2305,A
1-PB2,1275,0,2299,0,0,2299,T
1-PB2,1276,2,0,0,2304,2306,C
1-PB2,1277,2272,0,1,0,2273,A
1-PB2,1278,0,0,2279,0,2279,G
1-PB2,1279,2,1,0,2268,2271,C
1-PB2,1280,2,4,2273,0,2279,G
1-PB2,1281,3,0,2382,0,2385,G
1-PB2,1282,0,2354,0,1,2355,T
1-PB2,1283,0,2363,0,1,2364,T
1-PB2,1284,1,4,2360,0,2365,G
1-PB2,1285,2370,0,3,0,2373,A
1-PB2,1286,2382,0,7,0,2389,A
1-PB2,1287,1,1,0,2395,2397,C
1-PB2,1288,1,2,0,2381,2384,C
1-PB2,1289,2,2,0,2396,2400,C
1-PB2,1290,4,2,0,2311,2317,C
1-PB2,1291,2327,0,3,0,2330,A
1-PB2,1292,1,2335,0,1,2337,T
1-PB2,1293,0,3,2350,0,2353,G
1-PB2,1294,1,2,1,2348,2352,C
1-PB2,1295,2339,0,1,0,2340,A
1-PB2,1296,1,2318,1,3,2323,T
1-PB2,1297,5,0,0,2319,2324,C
1-PB2,1298,2303,1,0,0,2304,A
1-PB2,1299,0,0,2342,0,2342,G
1-PB2,1300,1,0,0,2350,2351,C
1-PB2,1301,0,2344,0,1,2345,T
1-PB2,1302,0,2341,1,2,2344,T
1-PB2,1303,0,2339,0,1,2340,T
1-PB2,1304,0,2340,0,1,2341,T
1-PB2,1305,2340,0,1,0,2341,A
1-PB2,1306,2339,0,0,0,2339,A
1-PB2,1307,0,4,2342,0,2346,G
1-PB2,1308,1,0,2323,0,2324,G
1-PB2,1309,0,2,1,2300,2303,C
1-PB2,1310,2289,1,2,0,2292,A
1-PB2,1311,0,2290,0,0,2290,T
1-PB2,1312,1,2292,0,2,2295,T
1-PB2,1313,0,2289,1,2,2292,T
1-PB2,1314,0,2295,0,8,2303,T
1-PB2,1315,4,1,0,2306,2311,C
1-PB2,1316,2303,0,4,1,2308,A
1-PB2,1317,4,3,2297,0,2304,G
1-PB2,1318,2297,3,2,0,2302,A
1-PB2,1319,2298,1,0,0,2299,A
1-PB2,1320,2300,0,1,1,2302,A
1-PB2,1321,0,0,2297,0,2297,G
1-PB2,1322,2318,0,2,1,2321,A
1-PB2,1323,1,2310,0,5,2316,T
1-PB2,1324,0,0,2317,0,2317,G
1-PB2,1325,0,2,0,2319,2321,C
1-PB2,1326,1,3,2314,0,2318,G
1-PB2,1327,2320,0,1,1,2322,A
1-PB2,1328,2325,0,1,1,2327,A
1-PB2,1329,2317,0,1,0,2318,A
1-PB2,1330,0,0,2317,0,2317,G
1-PB2,1331,0,2293,0,2,2295,T
1-PB2,1332,1,1,2291,0,2293,G
1-PB2,1333,0,3,0,2290,2293,C
1-PB2,1334,0,2276,1,4,2281,T
1-PB2,1335,0,2274,0,0,2274,T
1-PB2,1336,0,2275,0,4,2279,T
1-PB2,1337,1,2284,1,1,2287,T
1-PB2,1338,1,2283,0,5,2289,T
1-PB2,1339,4,2,0,2281,2287,C
1-PB2,1340,2289,0,0,0,2289,A
1-PB2,1341,2295,0,1,0,2296,A
1-PB2,1342,2290,0,0,0,2290,A
1-PB2,1343,2300,0,0,0,2300,A
1-PB2,1344,1,2298,0,0,2299,T
1-PB2,1345,0,2294,0,4,2298,T
1-PB2,1346,0,1,2288,1,2290,G
1-PB2,1347,1,4,2294,0,2299,G
1-PB2,1348,1,2,2292,0,2295,G
1-PB2,1349,1,4,2336,0,2341,G
1-PB2,1350,2316,0,13,0,2329,A
1-PB2,1351,1,1,2381,1,2384,G
1-PB2,1352,0,2376,0,3,2379,T
1-PB2,1353,1,2366,0,2,2369,T
1-PB2,1354,0,6,2373,1,2380,G
1-PB2,1355,2379,0,2,0,2381,A
1-PB2,1356,2379,0,4,0,2383,A
1-PB2,1357,0,0,0,2430,2430,C
1-PB2,1358,2417,0,1,0,2418,A
1-PB2,1359,1,1,0,2457,2459,C
1-PB2,1360,2425,2,0,0,2427,A
1-PB2,1361,2,2422,0,4,2428,T
1-PB2,1362,1,1,0,2442,2444,C
1-PB2,1363,2,5,2418,1,2426,G
1-PB2,1364,2440,1,0,0,2441,A
1-PB2,1365,0,0,0,2435,2435,C
1-PB2,1366,2335,1,2,0,2338,A
1-PB2,1367,1,1,2428,0,2430,G
1-PB2,1368,0,2365,0,7,2372,T
1-PB2,1369,0,1,2410,1,2412,G
1-PB2,1370,2,2393,0,1,2396,T
1-PB2,1371,1,2,2398,0,2401,G
1-PB2,1372,2397,1,2,0,2400,A
1-PB2,1373,0,2393,0,0,2393,T
1-PB2,1374,1,3,2382,0,2386,G
1-PB2,1375,1,1,2390,2,2394,G
1-PB2,1376,1,3,2379,0,2383,G
1-PB2,1377,2348,0,4,0,2352,A
1-PB2,1378,2330,1,1,0,2332,A
1-PB2,1379,0,2339,1,1,2341,T
1-PB2,1380,0,6,2343,0,2349,G
1-PB2,1381,2353,0,0,0,2353,A
1-PB2,1382,0,2351,0,1,2352,T
1-PB2,1383,0,2342,0,1,2343,T
1-PB2,1384,0,2,2334,0,2336,G
1-PB2,1385,0,1,2370,0,2371,G
1-PB2,1386,2354,1,3,0,2358,A
1-PB2,1387,0,1,2396,0,2397,G
1-PB2,1388,0,2371,0,1,2372,T
1-PB2,1389,2364,1,1,0,2366,A
1-PB2,1390,1,2367,0,2,2370,T
1-PB2,1391,0,2368,0,5,2373,T
1-PB2,1392,2387,0,2,0,2389,A
1-PB2,1393,0,2,0,2379,2381,C
1-PB2,1394,2,1,0,2327,2330,C
1-PB2,1395,6,2,2276,0,2284,G
1-PB2,1396,2,0,2331,0,2333,G
1-PB2,1397,2361,0,3,1,2365,A
1-PB2,1398,0,2363,0,0,2363,T
1-PB2,1399,2343,3,3,0,2349,A
1-PB2,1400,0,2332,1,3,2336,T
1-PB2,1401,0,9,2311,0,2320,G
1-PB2,1402,2331,0,1,0,2332,A
1-PB2,1403,1,0,0,2357,2358,C
1-PB2,1404,3,2314,0,3,2320,T
1-PB2,1405,2,0,1,2317,2320,C
1-PB2,1406,2,1,0,2308,2311,C
1-PB2,1407,2322,0,2,0,2324,A
1-PB2,1408,2330,0,3,0,2333,A
1-PB2,1409,0,2,2380,0,2382,G
1-PB2,1410,0,2,0,2370,2372,C
1-PB2,1411,2368,1,2,1,2372,A
1-PB2,1412,1,1,0,2372,2374,C
1-PB2,1413,2350,0,4,0,2354,A
1-PB2,1414,8,3,2355,0,2366,G
1-PB2,1415,2350,0,0,1,2351,A
1-PB2,1416,1,1,2371,0,2373,G
1-PB2,1417,2361,1,6,0,2368,A
1-PB2,1418,0,2286,0,1,2287,T
1-PB2,1419,1,0,2311,1,2313,G
1-PB2,1420,2,2295,0,4,2301,T
1-PB2,1421,8,0,0,2277,2285,C
1-PB2,1422,2299,1,3,0,2303,A
1-PB2,1423,2297,0,2,0,2299,A
1-PB2,1424,0,2297,0,2,2299,T
1-PB2,1425,0,4,2290,0,2294,G
1-PB2,1426,2251,1,3,0,2255,A
1-PB2,1427,0,4,2262,1,2267,G
1-PB2,1428,2226,0,3,0,2229,A
1-PB2,1429,0,1,2238,0,2239,G
1-PB2,1430,1,7,2339,0,2347,G
1-PB2,1431,2334,0,2,0,2336,A
1-PB2,1432,2335,0,7,0,2342,A
1-PB2,1433,1,2340,0,1,2342,T
1-PB2,1434,2337,1,2,0,2340,A
1-PB2,1435,2338,0,0,2,2340,A
1-PB2,1436,1,4,2334,0,2339,G
1-PB2,1437,2317,0,2,0,2319,A
1-PB2,1438,1,0,2321,0,2322,G
1-PB2,1439,0,2198,0,1,2199,T
1-PB2,1440,4,0,1,2199,2204,C
1-PB2,1441,2205,0,2,0,2207,A
1-PB2,1442,0,0,2224,0,2224,G
1-PB2,1443,0,0,0,2233,2233,C
1-PB2,1444,2234,0,0,0,2234,A
1-PB2,1445,2247,0,0,1,2248,A
1-PB2,1446,2238,0,2,1,2241,A
1-PB2,1447,2241,1,0,0,2242,A
1-PB2,1448,0,2233,0,0,2233,T
1-PB2,1449,0,0,2241,0,2241,G
1-PB2,1450,1,2,2251,0,2254,G
1-PB2,1451,2,1,2260,0,2263,G
1-PB2,1452,0,2233,0,3,2236,T
1-PB2,1453,0,2,2243,0,2245,G
1-PB2,1454,0,2242,0,2,2244,T
1-PB2,1455,0,0,2254,0,2254,G
1-PB2,1456,0,2,2276,0,2278,G
1-PB2,1457,2276,0,3,0,2279,A
1-PB2,1458,2,2264,0,1,2267,T
1-PB2,1459,0,6,2275,0,2281,G
1-PB2,1460,2266,0,3,0,2269,A
1-PB2,1461,2257,0,23,0,2280,A
1-PB2,1462,1,2274,0,1,2276,T
1-PB2,1463,2256,1,1,0,2258,A
1-PB2,1464,0,0,0,2393,2393,C
1-PB2,1465,1,2333,0,4,2338,T
1-PB2,1466,4,2,0,2357,2363,C
1-PB2,1467,5,1,1,2362,2369,C
1-PB2,1468,2330,0,4,0,2334,A
1-PB2,1469,0,0,2414,0,2414,G
1-PB2,1470,0,2400,0,0,2400,T
1-PB2,1471,2421,1,0,0,2422,A
1-PB2,1472,0,1,0,2428,2429,C
1-PB2,1473,2189,0,3,0,2192,A
1-PB2,1474,1,0,2196,0,2197,G
1-PB2,1475,2143,0,2,0,2145,A
1-PB2,1476,0,3,2150,0,2153,G
1-PB2,1477,2075,0,5,0,2080,A
1-PB2,1478,1,0,1990,0,1991,G
1-PB2,1479,1,4,1982,0,1987,G
1-PB2,1480,1,0,1983,0,1984,G
1-PB2,1481,0,1948,0,0,1948,T
1-PB2,1482,1,3,1942,0,1946,G
1-PB2,1483,0,0,1956,0,1956,G
1-PB2,1484,1,1934,0,1,1936,T
1-PB2,1485,1,6,1973,0,1980,G
1-PB2,1486,3,0,1975,0,1978,G
1-PB2,1487,0,1938,0,1,1939,T
1-PB2,1488,0,1933,0,0,1933,T
1-PB2,1489,1912,0,2,0,1914,A
1-PB2,1490,2,0,1922,0,1924,G
1-PB2,1491,0,1,0,1916,1917,C
1-PB2,1492,1908,0,0,0,1908,A
1-PB2,1493,0,1908,0,1,1909,T
1-PB2,1494,1,1811,0,0,1812,T
1-PB2,1495,0,2,1806,0,1808,G
1-PB2,1496,1805,0,1,0,1806,A
1-PB2,1497,0,1803,0,5,1808,T
1-PB2,1498,2,0,0,1810,1812,C
1-PB2,1499,1,1,1787,0,1789,G
1-PB2,1500,0,0,1815,0,1815,G
1-PB2,1501,1,1816,0,0,1817,T
1-PB2,1502,0,1808,1,2,1811,T
1-PB2,1503,0,1812,0,1,1813,T
1-PB2,1504,0,1812,0,0,1812,T
1-PB2,1505,1,1817,0,0,1818,T
1-PB2,1506,1,5,1811,0,1817,G
1-PB2,1507,1810,1,4,1,1816,A
1-PB2,1508,0,4,1811,1,1816,G
1-PB2,1509,1757,0,4,1,1762,A
1-PB2,1510,1,0,1771,0,1772,G
1-PB2,1511,0,1770,0,2,1772,T
1-PB2,1512,0,1758,0,4,1762,T
1-PB2,1513,4,1,0,1764,1769,C
1-PB2,1514,1,5,1762,1,1769,G
1-PB2,1515,1769,0,2,0,1771,A
1-PB2,1516,1,6,1764,0,1771,G
1-PB2,1517,1768,0,1,0,1769,A
1-PB2,1518,0,1,0,1769,1770,C
1-PB2,1519,0,0,0,1759,1759,C
1-PB2,1520,1737,0,0,1,1738,A
1-PB2,1521,1754,0,0,0,1754,A
1-PB2,1522,0,1,0,1757,1758,C
1-PB2,1523,0,0,1761,0,1761,G
1-PB2,1524,1,1754,0,0,1755,T
1-PB2,1525,1,1,1743,0,1745,G
1-PB2,1526,1,3,1751,0,1755,G
1-PB2,1527,1,0,1751,0,1752,G
1-PB2,1528,1735,0,1,0,1736,A
1-PB2,1529,1747,1,0,0,1748,A
1-PB2,1530,0,1689,0,0,1689,T
1-PB2,1531,0,2,1766,1,1769,G
1-PB2,1532,2,1751,0,1,1754,T
1-PB2,1533,1762,1,0,0,1763,A
1-PB2,1534,0,1761,1,1,1763,T
1-PB2,1535,0,1734,0,0,1734,T
1-PB2,1536,1750,0,4,0,1754,A
1-PB2,1537,1,1740,1,1,1743,T
1-PB2,1538,0,1724,0,1,1725,T
1-PB2,1539,1722,0,0,0,1722,A
1-PB2,1540,0,1515,0,4,1519,T
1-PB2,1541,0,0,0,1572,1572,C
1-PB2,1542,1,1552,0,1,1554,T
1-PB2,1543,3,0,0,1553,1556,C
1-PB2,1544,2,1,0,1549,1552,C
1-PB2,1545,1,1504,0,1,1506,T
1-PB2,1546,0,1,1515,0,1516,G
1-PB2,1547,1501,0,3,0,1504,A
1-PB2,1548,0,1,1508,0,1509,G
1-PB2,1549,0,3,1501,0,1504,G
1-PB2,1550,1348,0,0,0,1348,A
1-PB2,1551,0,0,1363,0,1363,G
1-PB2,1552,0,0,1347,0,1347,G
1-PB2,1553,1,1287,0,3,1291,T
1-PB2,1554,3,0,0,1290,1293,C
1-PB2,1555,1286,0,0,0,1286,A
1-PB2,1556,0,0,1299,0,1299,G
1-PB2,1557,0,1295,0,0,1295,T
1-PB2,1558,0,6,1291,0,1297,G
1-PB2,1559,1299,1,0,0,1300,A
1-PB2,1560,1248,0,1,0,1249,A
1-PB2,1561,1256,0,1,0,1257,A
1-PB2,1562,0,1,0,1258,1259,C
1-PB2,1563,1241,0,2,0,1243,A
1-PB2,1564,1,1,0,1240,1242,C
1-PB2,1565,1196,0,3,0,1199,A
1-PB2,1566,0,1,1200,0,1201,G
1-PB2,1567,1,0,1201,0,1202,G
1-PB2,1568,0,2,1204,0,1206,G
1-PB2,1569,1202,1,2,0,1205,A
1-PB2,1570,1185,1,0,0,1186,A
1-PB2,1571,0,0,0,1190,1190,C
1-PB2,1572,0,1167,0,0,1167,T
1-PB2,1573,0,2,1167,0,1169,G
1-PB2,1574,1161,0,3,0,1164,A
1-PB2,1575,0,0,1167,0,1167,G
1-PB2,1576,1134,0,2,0,1136,A
1-PB2,1577,0,2,1090,0,1092,G
1-PB2,1578,1082,0,1,0,1083,A
1-PB2,1579,1,0,0,1080,1081,C
1-PB2,1580,0,1042,0,2,1044,T
1-PB2,1581,1,7,1060,0,1068,G
1-PB2,1582,1068,0,2,0,1070,A
1-PB2,1583,0,0,0,1071,1071,C
1-PB2,1584,1066,0,1,0,1067,A
1-PB2,1585,1063,0,1,0,1064,A
1-PB2,1586,0,1064,0,0,1064,T
1-PB2,1587,1068,0,1,0,1069,A
1-PB2,1588,1065,0,1,0,1066,A
1-PB2,1589,0,0,1,1073,1074,C
1-PB2,1590,0,1003,0,3,1006,T
1-PB2,1591,0,999,0,0,999,T
1-PB2,1592,985,0,0,0,985,A
1-PB2,1593,0,984,0,0,984,T
1-PB2,1594,0,976,0,0,976,T
1-PB2,1595,3,0,0,973,976,C
1-PB2,1596,908,1,0,0,909,A
1-PB2,1597,1,909,0,0,910,T
1-PB2,1598,1,0,0,876,877,C
1-PB2,1599,0,0,879,0,879,G
1-PB2,1600,0,878,0,0,878,T
1-PB2,1601,1,1,0,864,866,C
1-PB2,1602,0,1,867,0,868,G
1-PB2,1603,869,0,0,0,869,A
1-PB2,1604,0,867,0,2,869,T
1-PB2,1605,0,2,865,0,867,G
1-PB2,1606,868,0,1,0,869,A
1-PB2,1607,0,867,0,0,867,T
1-PB2,1608,0,0,857,0,857,G
1-PB2,1609,0,825,0,0,825,T
1-PB2,1610,6,1,814,0,821,G
1-PB2,1611,0,2,818,0,820,G
1-PB2,1612,1,1,817,0,819,G
1-PB2,1613,804,0,1,0,805,A
1-PB2,1614,0,0,799,0,799,G
1-PB2,1615,741,0,0,0,741,A
1-PB2,1616,0,721,0,2,723,T
1-PB2,1617,0,700,0,0,700,T
1-PB2,1618,698,0,0,0,698,A
1-PB2,1619,696,1,1,0,698,A
1-PB2,1620,0,0,0,691,691,C
1-PB2,1621,0,1,647,0,648,G
1-PB2,1622,0,0,651,0,651,G
1-PB2,1623,0,560,0,0,560,T
1-PB2,1624,0,0,0,550,550,C
1-PB2,1625,1,0,0,547,548,C
1-PB2,1626,0,507,1,0,508,T
1-PB2,1627,0,0,527,0,527,G
1-PB2,1628,528,0,1,0,529,A
1-PB2,1629,0,0,531,0,531,G
1-PB2,1630,0,532,0,0,532,T
1-PB2,1631,4,0,0,517,521,C
1-PB2,1632,0,0,520,0,520,G
1-PB2,1633,1,1,524,0,526,G
1-PB2,1634,0,524,0,1,525,T
1-PB2,1635,0,526,0,0,526,T
1-PB2,1636,0,526,0,0,526,T
1-PB2,1637,0,525,0,0,525,T
1-PB2,1638,0,0,533,0,533,G
1-PB2,1639,0,0,534,0,534,G
1-PB2,1640,1,535,0,1,537,T
1-PB2,1641,5,0,0,529,534,C
1-PB2,1642,527,0,0,0,527,A
1-PB2,1643,549,0,1,0,550,A
1-PB2,1644,0,551,0,0,551,T
1-PB2,1645,550,0,0,0,550,A
1-PB2,1646,1,0,0,556,557,C
1-PB2,1647,0,0,0,530,530,C
1-PB2,1648,0,535,0,0,535,T
1-PB2,1649,543,0,1,0,544,A
1-PB2,1650,0,541,0,0,541,T
1-PB2,1651,0,0,0,543,543,C
1-PB2,1652,525,0,0,0,525,A
1-PB2,1653,526,0,0,0,526,A
1-PB2,1654,0,522,0,0,522,T
1-PB2,1655,1,0,502,0,503,G
1-PB2,1656,0,1,507,0,508,G
1-PB2,1657,510,0,0,0,510,A
1-PB2,1658,0,498,0,0,498,T
1-PB2,1659,0,1,0,492,493,C
1-PB2,1660,493,0,0,0,493,A
1-PB2,1661,0,495,0,0,495,T
1-PB2,1662,0,0,0,496,496,C
1-PB2,1663,496,0,0,0,496,A
1-PB2,1664,0,0,497,0,497,G
1-PB2,1665,495,0,0,0,495,A
1-PB2,1666,496,0,0,0,496,A
1-PB2,1667,498,0,0,0,498,A
1-PB2,1668,0,494,0,0,494,T
1-PB2,1669,0,494,0,1,495,T
1-PB2,1670,0,1,493,0,494,G
1-PB2,1671,0,0,489,0,489,G
1-PB2,1672,0,1,493,0,494,G
1-PB2,1673,491,0,1,0,492,A
1-PB2,1674,488,0,0,0,488,A
1-PB2,1675,0,0,486,0,486,G
1-PB2,1676,0,0,0,483,483,C
1-PB2,1677,0,483,0,0,483,T
1-PB2,1678,0,0,487,1,488,G
1-PB2,1679,0,483,0,1,484,T
1-PB2,1680,2,0,0,480,482,C
1-PB2,1681,485,0,1,0,486,A
1-PB2,1682,486,0,0,0,486,A
1-PB2,1683,488,0,0,0,488,A
1-PB2,1684,485,0,0,0,485,A
1-PB2,1685,0,486,0,0,486,T
1-PB2,1686,0,483,0,0,483,T
1-PB2,1687,0,0,0,480,480,C
1-PB2,1688,477,0,0,0,477,A
1-PB2,1689,474,0,0,0,474,A
1-PB2,1690,0,477,0,0,477,T
1-PB2,1691,0,0,469,0,469,G
1-PB2,1692,0,0,481,0,481,G
1-PB2,1693,0,486,0,0,486,T
1-PB2,1694,1,1,0,485,487,C
1-PB2,1695,0,487,0,2,489,T
1-PB2,1696,0,0,0,489,489,C
1-PB2,1697,488,0,0,0,488,A
1-PB2,1698,0,2,489,0,491,G
1-PB2,1699,492,0,0,0,492,A
1-PB2,1700,489,0,1,0,490,A
1-PB2,1701,0,482,0,1,483,T
1-PB2,1702,3,0,0,466,469,C
1-PB2,1703,2,1,0,472,475,C
1-PB2,1704,0,471,0,0,471,T
1-PB2,1705,0,1,470,0,471,G
1-PB2,1706,0,0,0,473,473,C
1-PB2,1707,472,0,0,0,472,A
1-PB2,1708,480,1,0,0,481,A
1-PB2,1709,0,479,0,0,479,T
1-PB2,1710,0,0,488,0,488,G
1-PB2,1711,0,490,0,1,491,T
1-PB2,1712,1,483,0,0,484,T
1-PB2,1713,0,0,491,0,491,G
1-PB2,1714,0,492,0,0,492,T
1-PB2,1715,490,0,1,0,491,A
1-PB2,1716,0,0,0,486,486,C
1-PB2,1717,484,0,0,0,484,A
1-PB2,1718,485,0,0,0,485,A
1-PB2,1719,0,0,0,481,481,C
1-PB2,1720,469,0,0,0,469,A
1-PB2,1721,468,1,0,0,469,A
1-PB2,1722,459,0,0,0,459,A
1-PB2,1723,462,0,0,0,462,A
1-PB2,1724,0,459,0,0,459,T
1-PB2,1725,1,0,455,0,456,G
1-PB2,1726,0,1,459,0,460,G
1-PB2,1727,458,0,0,0,458,A
1-PB2,1728,459,0,0,0,459,A
1-PB2,1729,0,461,0,1,462,T
1-PB2,1730,0,461,0,1,462,T
1-PB2,1731,0,461,1,0,462,T
1-PB2,1732,0,0,461,0,461,G
1-PB2,1733,466,0,0,0,466,A
1-PB2,1734,465,0,1,0,466,A
1-PB2,1735,0,0,0,463,463,C
1-PB2,1736,1,0,0,456,457,C
1-PB2,1737,465,0,1,0,466,A
1-PB2,1738,0,470,0,2,472,T
1-PB2,1739,0,470,0,0,470,T
1-PB2,1740,0,471,0,0,471,T
1-PB2,1741,3,0,0,465,468,C
1-PB2,1742,470,0,0,0,470,A
1-PB2,1743,472,0,0,0,472,A
1-PB2,1744,0,472,0,0,472,T
1-PB2,1745,0,0,0,475,475,C
1-PB2,1746,0,460,0,2,462,T
1-PB2,1747,0,460,0,0,460,T
1-PB2,1748,0,460,0,0,460,T
1-PB2,1749,458,1,1,0,460,A
1-PB2,1750,0,0,461,0,461,G
1-PB2,1751,0,460,0,0,460,T
1-PB2,1752,2,0,0,471,473,C
1-PB2,1753,0,0,0,474,474,C
1-PB2,1754,0,1,0,468,469,C
1-PB2,1755,0,0,0,466,466,C
1-PB2,1756,466,1,0,0,467,A
1-PB2,1757,468,0,0,0,468,A
1-PB2,1758,0,1,481,0,482,G
1-PB2,1759,0,0,483,0,483,G
1-PB2,1760,0,0,0,477,477,C
1-PB2,1761,0,0,0,472,472,C
1-PB2,1762,472,0,0,0,472,A
1-PB2,1763,1,479,1,0,481,T
1-PB2,1764,0,482,0,0,482,T
1-PB2,1765,480,0,0,1,481,A
1-PB2,1766,0,0,482,0,482,G
1-PB2,1767,471,0,1,0,472,A
1-PB2,1768,484,0,2,0,486,A
1-PB2,1769,0,0,496,0,496,G
1-PB2,1770,0,0,1,501,502,C
1-PB2,1771,0,0,0,502,502,C
1-PB2,1772,498,0,0,0,498,A
1-PB2,1773,506,0,0,0,506,A
1-PB2,1774,0,506,0,0,506,T
1-PB2,1775,510,0,1,0,511,A
1-PB2,1776,0,1,0,515,516,C
1-PB2,1777,488,0,0,0,488,A
1-PB2,1778,1,0,488,0,489,G
1-PB2,1779,0,479,0,0,479,T
1-PB2,1780,0,1,479,0,480,G
1-PB2,1781,0,0,479,0,479,G
1-PB2,1782,0,0,480,0,480,G
1-PB2,1783,0,475,0,0,475,T
1-PB2,1784,0,472,0,1,473,T
1-PB2,1785,0,472,0,2,474,T
1-PB2,1786,0,0,481,0,481,G
1-PB2,1787,0,480,0,1,481,T
1-PB2,1788,0,0,0,479,479,C
1-PB2,1789,471,1,0,0,472,A
1-PB2,1790,0,0,470,0,470,G
1-PB2,1791,465,0,0,0,465,A
1-PB2,1792,464,0,0,0,464,A
1-PB2,1793,1,1,0,464,466,C
1-PB2,1794,0,460,0,0,460,T
1-PB2,1795,0,0,0,474,474,C
1-PB2,1796,0,475,0,0,475,T
1-PB2,1797,479,0,0,0,479,A
1-PB2,1798,0,479,0,0,479,T
1-PB2,1799,0,473,0,0,473,T
1-PB2,1800,0,0,1,475,476,C
1-PB2,1801,0,2,0,468,470,C
1-PB2,1802,471,0,0,0,471,A
1-PB2,1803,471,0,1,0,472,A
1-PB2,1804,0,0,0,474,474,C
1-PB2,1805,471,0,0,0,471,A
1-PB2,1806,469,0,0,0,469,A
1-PB2,1807,471,0,0,0,471,A
1-PB2,1808,0,473,0,0,473,T
1-PB2,1809,0,1,472,0,473,G
1-PB2,1810,471,0,0,0,471,A
1-PB2,1811,0,0,475,0,475,G
1-PB2,1812,472,0,1,0,473,A
1-PB2,1813,0,0,472,0,472,G
1-PB2,1814,470,0,2,0,472,A
1-PB2,1815,0,0,0,468,468,C
1-PB2,1816,0,0,470,1,471,G
1-PB2,1817,0,471,0,0,471,T
1-PB2,1818,476,0,1,0,477,A
1-PB2,1819,0,0,0,478,478,C
1-PB2,1820,0,472,0,1,473,T
1-PB2,1821,0,474,0,0,474,T
1-PB2,1822,1,0,471,1,473,G
1-PB2,1823,0,0,473,0,473,G
1-PB2,1824,0,0,475,0,475,G
1-PB2,1825,476,0,0,0,476,A
1-PB2,1826,0,0,0,475,475,C
1-PB2,1827,483,0,0,0,483,A
1-PB2,1828,0,488,0,0,488,T
1-PB2,1829,0,485,0,0,485,T
1-PB2,1830,0,488,0,0,488,T
1-PB2,1831,0,4,477,0,481,G
1-PB2,1832,490,0,0,0,490,A
1-PB2,1833,0,0,0,489,489,C
1-PB2,1834,484,0,0,2,486,A
1-PB2,1835,0,0,0,491,491,C
1-PB2,1836,1,0,0,476,477,C
1-PB2,1837,479,0,1,0,480,A
1-PB2,1838,1,0,0,482,483,C
1-PB2,1839,0,0,0,482,482,C
1-PB2,1840,0,0,0,486,486,C
1-PB2,1841,485,0,0,0,485,A
1-PB2,1842,0,0,493,0,493,G
1-PB2,1843,493,0,0,1,494,A
1-PB2,1844,0,516,0,0,516,T
1-PB2,1845,510,0,0,0,510,A
1-PB2,1846,507,0,1,0,508,A
1-PB2,1847,0,506,0,0,506,T
1-PB2,1848,506,1,0,0,507,A
1-PB2,1849,508,0,0,0,508,A
1-PB2,1850,503,0,0,0,503,A
1-PB2,1851,25,0,481,0,506,G
1-PB2,1852,0,0,0,509,509,C
1-PB2,1853,0,489,0,2,491,T
1-PB2,1854,0,487,0,0,487,T
1-PB2,1855,2,0,0,485,487,C
1-PB2,1856,0,484,0,0,484,T
1-PB2,1857,1,0,0,490,491,C
1-PB2,1858,1,0,0,492,493,C
1-PB2,1859,0,0,0,492,492,C
1-PB2,1860,1,0,0,477,478,C
1-PB2,1861,0,490,0,0,490,T
1-PB2,1862,0,494,0,0,494,T
1-PB2,1863,1,490,0,0,491,T
1-PB2,1864,1,0,492,0,493,G
1-PB2,1865,0,2,0,489,491,C
1-PB2,1866,485,0,0,0,485,A
1-PB2,1867,0,0,487,0,487,G
1-PB2,1868,0,0,0,484,484,C
1-PB2,1869,0,476,0,0,476,T
1-PB2,1870,1,0,480,0,481,G
1-PB2,1871,0,0,0,478,478,C
1-PB2,1872,1,475,0,1,477,T
1-PB2,1873,1,0,0,484,485,C
1-PB2,1874,0,0,0,490,490,C
1-PB2,1875,489,0,0,0,489,A
1-PB2,1876,0,1,0,487,488,C
1-PB2,1877,0,0,0,485,485,C
1-PB2,1878,488,0,1,0,489,A
1-PB2,1879,488,0,0,0,488,A
1-PB2,1880,490,0,0,0,490,A
1-PB2,1881,0,0,492,0,492,G
1-PB2,1882,0,0,0,491,491,C
1-PB2,1883,483,0,1,0,484,A
1-PB2,1884,484,0,0,0,484,A
1-PB2,1885,483,0,0,0,483,A
1-PB2,1886,0,0,493,0,493,G
1-PB2,1887,0,0,0,491,491,C
1-PB2,1888,491,0,0,0,491,A
1-PB2,1889,1,0,493,0,494,G
1-PB2,1890,491,0,0,0,491,A
1-PB2,1891,501,0,0,0,501,A
1-PB2,1892,0,496,0,4,500,T
1-PB2,1893,0,0,499,0,499,G
1-PB2,1894,0,0,0,498,498,C
1-PB2,1895,490,0,0,0,490,A
1-PB2,1896,0,0,495,0,495,G
1-PB2,1897,0,491,0,2,493,T
1-PB2,1898,0,507,0,0,507,T
1-PB2,1899,3,0,0,504,507,C
1-PB2,1900,0,502,0,2,504,T
1-PB2,1901,0,0,0,505,505,C
1-PB2,1902,0,502,0,1,503,T
1-PB2,1903,0,501,1,0,502,T
1-PB2,1904,0,0,0,502,502,C
1-PB2,1905,498,0,0,0,498,A
1-PB2,1906,0,0,0,498,498,C
1-PB2,1907,0,473,0,0,473,T
1-PB2,1908,0,1,476,0,477,G
1-PB2,1909,468,0,0,0,468,A
1-PB2,1910,0,0,0,479,479,C
1-PB2,1911,0,472,0,0,472,T
1-PB2,1912,0,0,478,0,478,G
1-PB2,1913,0,473,0,0,473,T
1-PB2,1914,0,1,475,0,476,G
1-PB2,1915,476,0,1,0,477,A
1-PB2,1916,485,0,0,0,485,A
1-PB2,1917,0,483,0,0,483,T
1-PB2,1918,0,0,480,0,480,G
1-PB2,1919,0,465,0,1,466,T
1-PB2,1920,460,0,0,0,460,A
1-PB2,1921,464,0,0,0,464,A
1-PB2,1922,0,0,463,0,463,G
1-PB2,1923,0,0,462,0,462,G
1-PB2,1924,0,0,458,0,458,G
1-PB2,1925,0,0,457,0,457,G
1-PB2,1926,458,0,1,0,459,A
1-PB2,1927,0,455,0,0,455,T
1-PB2,1928,2,0,0,453,455,C
1-PB2,1929,454,0,2,0,456,A
1-PB2,1930,0,0,468,0,468,G
1-PB2,1931,0,0,465,0,465,G
1-PB2,1932,0,1,465,1,467,G
1-PB2,1933,468,0,0,0,468,A
1-PB2,1934,0,447,0,0,447,T
1-PB2,1935,0,2,443,0,445,G
1-PB2,1936,440,0,0,1,441,A
1-PB2,1937,0,1,464,0,465,G
1-PB2,1938,463,0,1,0,464,A
1-PB2,1939,457,0,0,0,457,A
1-PB2,1940,0,467,0,0,467,T
1-PB2,1941,468,0,0,1,469,A
1-PB2,1942,0,0,0,478,478,C
1-PB2,1943,0,472,0,0,472,T
1-PB2,1944,0,473,0,1,474,T
1-PB2,1945,0,0,477,0,477,G
1-PB2,1946,0,466,0,0,466,T
1-PB2,1947,465,0,0,0,465,A
1-PB2,1948,461,0,0,0,461,A
1-PB2,1949,0,0,457,0,457,G
1-PB2,1950,0,0,463,0,463,G
1-PB2,1951,0,1,450,0,451,G
1-PB2,1952,0,1,453,0,454,G
1-PB2,1953,0,0,0,454,454,C
1-PB2,1954,456,0,0,0,456,A
1-PB2,1955,463,0,0,0,463,A
1-PB2,1956,0,462,0,0,462,T
1-PB2,1957,0,464,0,0,464,T
1-PB2,1958,3,0,0,463,466,C
1-PB2,1959,0,458,0,0,458,T
1-PB2,1960,2,0,0,463,465,C
1-PB2,1961,0,0,0,464,464,C
1-PB2,1962,0,462,0,1,463,T
1-PB2,1963,0,1,471,0,472,G
1-PB2,1964,0,461,0,1,462,T
1-PB2,1965,467,0,0,0,467,A
1-PB2,1966,0,465,0,1,466,T
1-PB2,1967,0,455,0,0,455,T
1-PB2,1968,1,0,0,459,460,C
1-PB2,1969,459,1,0,0,460,A
1-PB2,1970,467,0,0,0,467,A
1-PB2,1971,0,0,0,467,467,C
1-PB2,1972,0,454,0,1,455,T
1-PB2,1973,458,0,0,0,458,A
1-PB2,1974,1,0,0,473,474,C
1-PB2,1975,472,0,0,0,472,A
1-PB2,1976,470,0,0,0,470,A
1-PB2,1977,0,0,0,470,470,C
1-PB2,1978,468,0,0,0,468,A
1-PB2,1979,462,0,0,0,462,A
1-PB2,1980,0,1,465,0,466,G
1-PB2,1981,464,0,2,0,466,A
1-PB2,1982,0,0,0,470,470,C
1-PB2,1983,0,0,0,455,455,C
1-PB2,1984,455,0,0,0,455,A
1-PB2,1985,0,0,0,466,466,C
1-PB2,1986,0,464,0,0,464,T
1-PB2,1987,466,0,0,0,466,A
1-PB2,1988,464,0,0,0,464,A
1-PB2,1989,466,0,0,0,466,A
1-PB2,1990,464,0,0,0,464,A
1-PB2,1991,0,2,467,0,469,G
1-PB2,1992,466,0,0,0,466,A
1-PB2,1993,0,0,0,470,470,C
1-PB2,1994,0,455,0,4,459,T
1-PB2,1995,459,0,0,0,459,A
1-PB2,1996,460,0,0,0,460,A
1-PB2,1997,0,0,0,460,460,C
1-PB2,1998,458,0,0,0,458,A
1-PB2,1999,459,0,0,0,459,A
1-PB2,2000,0,453,0,0,453,T
1-PB2,2001,0,453,0,0,453,T
1-PB2,2002,1,0,0,454,455,C
1-PB2,2003,0,452,0,0,452,T
1-PB2,2004,1,1,0,456,458,C
1-PB2,2005,0,3,454,0,457,G
1-PB2,2006,0,0,456,0,456,G
1-PB2,2007,455,0,0,0,455,A
1-PB2,2008,457,0,0,0,457,A
1-PB2,2009,455,0,0,0,455,A
1-PB2,2010,456,0,1,0,457,A
1-PB2,2011,0,0,455,0,455,G
1-PB2,2012,452,0,0,0,452,A
1-PB2,2013,0,451,0,0,451,T
1-PB2,2014,0,0,452,0,452,G
1-PB2,2015,0,1,0,447,448,C
1-PB2,2016,0,0,0,451,451,C
1-PB2,2017,0,2,450,0,452,G
1-PB2,2018,0,0,453,0,453,G
1-PB2,2019,0,0,0,453,453,C
1-PB2,2020,451,0,0,0,451,A
1-PB2,2021,0,0,0,457,457,C
1-PB2,2022,0,457,0,1,458,T
1-PB2,2023,0,451,1,2,454,T
1-PB2,2024,0,457,0,0,457,T
1-PB2,2025,457,0,0,0,457,A
1-PB2,2026,461,0,0,0,461,A
1-PB2,2027,0,461,0,0,461,T
1-PB2,2028,0,459,0,0,459,T
1-PB2,2029,0,0,459,0,459,G
1-PB2,2030,449,0,0,0,449,A
1-PB2,2031,449,0,0,0,449,A
1-PB2,2032,0,0,447,0,447,G
1-PB2,2033,451,0,1,0,452,A
1-PB2,2034,0,0,0,452,452,C
1-PB2,2035,3,1,0,443,447,C
1-PB2,2036,0,0,0,446,446,C
1-PB2,2037,442,0,1,0,443,A
1-PB2,2038,0,1,447,0,448,G
1-PB2,2039,448,0,0,0,448,A
1-PB2,2040,0,446,0,0,446,T
1-PB2,2041,0,0,442,0,442,G
1-PB2,2042,435,0,1,0,436,A
1-PB2,2043,436,0,0,0,436,A
1-PB2,2044,430,1,2,0,433,A
1-PB2,2045,0,0,434,0,434,G
1-PB2,2046,0,0,0,434,434,C
1-PB2,2047,424,0,0,0,424,A
1-PB2,2048,0,1,0,427,428,C
1-PB2,2049,426,0,0,0,426,A
1-PB2,2050,0,429,0,0,429,T
1-PB2,2051,0,1,0,431,432,C
1-PB2,2052,0,0,0,433,433,C
1-PB2,2053,1,0,435,0,436,G
1-PB2,2054,0,1,434,0,435,G
1-PB2,2055,431,0,0,0,431,A
1-PB2,2056,0,0,433,0,433,G
1-PB2,2057,0,421,0,1,422,T
1-PB2,2058,0,0,421,0,421,G
1-PB2,2059,0,0,422,0,422,G
1-PB2,2060,409,0,0,0,409,A
1-PB2,2061,0,0,409,0,409,G
1-PB2,2062,0,400,0,0,400,T
1-PB2,2063,2,0,0,393,395,C
1-PB2,2064,1,1,0,390,392,C
1-PB2,2065,1,0,393,0,394,G
1-PB2,2066,0,0,0,394,394,C
1-PB2,2067,0,1,0,391,392,C
1-PB2,2068,0,0,396,0,396,G
1-PB2,2069,0,392,0,0,392,T
1-PB2,2070,0,0,0,396,396,C
1-PB2,2071,0,394,0,1,395,T
1-PB2,2072,0,392,0,0,392,T
1-PB2,2073,0,1,393,0,394,G
1-PB2,2074,388,0,0,0,388,A
1-PB2,2075,0,1,390,0,391,G
1-PB2,2076,385,1,0,0,386,A
1-PB2,2077,0,1,380,0,381,G
1-PB2,2078,0,0,387,0,387,G
1-PB2,2079,0,0,387,0,387,G
1-PB2,2080,0,382,0,0,382,T
1-PB2,2081,0,378,0,0,378,T
1-PB2,2082,0,389,0,0,389,T
1-PB2,2083,0,1,0,385,386,C
1-PB2,2084,0,386,0,1,387,T
1-PB2,2085,0,0,0,401,401,C
1-PB2,2086,398,0,1,1,400,A
1-PB2,2087,0,398,0,0,398,T
1-PB2,2088,0,392,0,1,393,T
1-PB2,2089,392,0,0,0,392,A
1-PB2,2090,0,392,0,0,392,T
1-PB2,2091,387,1,0,0,388,A
1-PB2,2092,0,0,394,0,394,G
1-PB2,2093,0,0,391,0,391,G
1-PB2,2094,0,375,0,1,376,T
1-PB2,2095,378,0,0,0,378,A
1-PB2,2096,372,0,0,1,373,A
1-PB2,2097,0,0,374,0,374,G
1-PB2,2098,0,0,379,0,379,G
1-PB2,2099,376,0,0,0,376,A
1-PB2,2100,370,0,1,0,371,A
1-PB2,2101,0,0,373,0,373,G
1-PB2,2102,368,0,0,0,368,A
1-PB2,2103,0,0,0,370,370,C
1-PB2,2104,362,2,1,0,365,A
1-PB2,2105,0,0,364,0,364,G
1-PB2,2106,354,0,1,1,356,A
1-PB2,2107,352,0,0,0,352,A
1-PB2,2108,0,0,350,0,350,G
1-PB2,2109,0,0,344,0,344,G
1-PB2,2110,0,350,0,0,350,T
1-PB2,2111,351,0,0,0,351,A
1-PB2,2112,0,0,0,351,351,C
1-PB2,2113,0,0,348,0,348,G
1-PB2,2114,0,1,352,0,353,G
1-PB2,2115,350,0,0,0,350,A
1-PB2,2116,0,0,0,345,345,C
1-PB2,2117,2,0,0,335,337,C
1-PB2,2118,323,0,0,0,323,A
1-PB2,2119,0,0,331,0,331,G
1-PB2,2120,0,0,0,331,331,C
1-PB2,2121,332,0,0,0,332,A
1-PB2,2122,0,328,0,0,328,T
1-PB2,2123,0,315,0,0,315,T
1-PB2,2124,315,0,0,0,315,A
1-PB2,2125,312,0,0,0,312,A
1-PB2,2126,0,0,315,0,315,G
1-PB2,2127,0,0,0,313,313,C
1-PB2,2128,297,0,0,0,297,A
1-PB2,2129,0,297,0,0,297,T
1-PB2,2130,0,0,0,298,298,C
1-PB2,2131,302,0,0,0,302,A
1-PB2,2132,302,0,0,0,302,A
1-PB2,2133,0,302,0,0,302,T
1-PB2,2134,0,2,302,0,304,G
1-PB2,2135,300,0,0,0,300,A
1-PB2,2136,302,0,0,0,302,A
1-PB2,2137,0,0,0,303,303,C
1-PB2,2138,0,274,0,0,274,T
1-PB2,2139,1,0,284,0,285,G
1-PB2,2140,282,0,0,0,282,A
1-PB2,2141,0,0,282,0,282,G
1-PB2,2142,0,282,0,0,282,T
1-PB2,2143,276,0,0,0,276,A
1-PB2,2144,278,0,0,0,278,A
1-PB2,2145,0,0,0,278,278,C
1-PB2,2146,0,0,0,270,270,C
1-PB2,2147,0,272,0,1,273,T
1-PB2,2148,0,261,0,0,261,T
1-PB2,2149,0,0,262,0,262,G
1-PB2,2150,0,0,0,261,261,C
1-PB2,2151,259,0,0,0,259,A
1-PB2,2152,260,0,0,0,260,A
1-PB2,2153,254,0,0,0,254,A
1-PB2,2154,249,0,0,0,249,A
1-PB2,2155,0,0,249,0,249,G
1-PB2,2156,0,0,250,0,250,G
1-PB2,2157,0,1,250,0,251,G
1-PB2,2158,0,0,251,0,251,G
1-PB2,2159,249,0,0,0,249,A
1-PB2,2160,250,0,1,0,251,A
1-PB2,2161,251,0,0,0,251,A
1-PB2,2162,252,0,0,0,252,A
1-PB2,2163,0,0,255,0,255,G
1-PB2,2164,0,0,254,0,254,G
1-PB2,2165,0,0,0,252,252,C
1-PB2,2166,0,249,0,0,249,T
1-PB2,2167,246,0,1,0,247,A
1-PB2,2168,249,0,0,0,249,A
1-PB2,2169,1,247,0,1,249,T
1-PB2,2170,0,0,252,0,252,G
1-PB2,2171,0,242,0,0,242,T
1-PB2,2172,0,0,239,0,239,G
1-PB2,2173,0,0,0,239,239,C
1-PB2,2174,0,238,0,1,239,T
1-PB2,2175,240,0,0,0,240,A
1-PB2,2176,238,0,0,0,238,A
1-PB2,2177,0,240,0,0,240,T
1-PB2,2178,0,0,0,234,234,C
1-PB2,2179,0,0,226,0,226,G
1-PB2,2180,0,0,229,0,229,G
1-PB2,2181,0,0,228,0,228,G
1-PB2,2182,0,0,0,226,226,C
1-PB2,2183,228,0,0,0,228,A
1-PB2,2184,226,0,0,0,226,A
1-PB2,2185,0,0,227,0,227,G
1-PB2,2186,0,0,228,0,228,G
1-PB2,2187,224,2,0,0,226,A
1-PB2,2188,0,1,225,0,226,G
1-PB2,2189,222,0,0,0,222,A
1-PB2,2190,0,0,0,219,219,C
1-PB2,2191,0,0,218,0,218,G
1-PB2,2192,0,218,0,0,218,T
1-PB2,2193,0,0,216,0,216,G
1-PB2,2194,0,0,220,0,220,G
1-PB2,2195,0,218,0,0,218,T
1-PB2,2196,0,0,218,0,218,G
1-PB2,2197,0,214,0,2,216,T
1-PB2,2198,0,216,0,0,216,T
1-PB2,2199,0,0,217,0,217,G
1-PB2,2200,0,0,216,0,216,G
1-PB2,2201,0,215,0,0,215,T
1-PB2,2202,213,0,0,0,213,A
1-PB2,2203,213,0,0,0,213,A
1-PB2,2204,0,208,0,0,208,T
1-PB2,2205,0,0,205,0,205,G
1-PB2,2206,204,0,0,0,204,A
1-PB2,2207,203,0,0,0,203,A
1-PB2,2208,204,0,0,0,204,A
1-PB2,2209,0,0,0,201,201,C
1-PB2,2210,0,0,200,0,200,G
1-PB2,2211,200,0,0,0,200,A
1-PB2,2212,201,0,0,0,201,A
1-PB2,2213,201,0,0,0,201,A
1-PB2,2214,200,0,0,0,200,A
1-PB2,2215,0,0,0,201,201,C
1-PB2,2216,0,0,199,0,199,G
1-PB2,2217,0,1,198,0,199,G
1-PB2,2218,199,0,0,0,199,A
1-PB2,2219,200,0,0,0,200,A
1-PB2,2220,0,0,0,199,199,C
1-PB2,2221,0,201,0,0,201,T
1-PB2,2222,0,0,0,200,200,C
1-PB2,2223,0,200,0,0,200,T
1-PB2,2224,200,0,0,0,200,A
1-PB2,2225,0,1,199,0,200,G
1-PB2,2226,0,0,0,197,197,C
1-PB2,2227,197,0,0,0,197,A
1-PB2,2228,0,195,0,0,195,T
1-PB2,2229,189,0,0,0,189,A
1-PB2,2230,0,0,0,189,189,C
1-PB2,2231,0,170,0,0,170,T
1-PB2,2232,0,170,0,0,170,T
1-PB2,2233,165,0,0,0,165,A
1-PB2,2234,0,0,0,166,166,C
1-PB2,2235,0,163,0,0,163,T
1-PB2,2236,0,0,162,0,162,G
1-PB2,2237,161,0,0,0,161,A
1-PB2,2238,0,0,0,161,161,C
1-PB2,2239,144,0,2,0,146,A
1-PB2,2240,0,0,147,0,147,G
1-PB2,2241,0,0,0,144,144,C
1-PB2,2242,0,0,0,144,144,C
1-PB2,2243,139,0,0,0,139,A
1-PB2,2244,0,0,139,0,139,G
1-PB2,2245,138,0,0,0,138,A
1-PB2,2246,0,0,0,138,138,C
1-PB2,2247,131,0,0,0,131,A
1-PB2,2248,0,0,131,0,131,G
1-PB2,2249,0,0,0,121,121,C
1-PB2,2250,0,0,121,0,121,G
1-PB2,2251,121,0,0,0,121,A
1-PB2,2252,0,0,0,121,121,C
1-PB2,2253,0,0,0,121,121,C
1-PB2,2254,120,0,0,0,120,A
1-PB2,2255,121,0,1,0,122,A
1-PB2,2256,122,0,0,0,122,A
1-PB2,2257,121,0,1,0,122,A
1-PB2,2258,0,0,122,0,122,G
1-PB2,2259,116,0,1,0,117,A
1-PB2,2260,117,0,0,0,117,A
1-PB2,2261,0,117,0,0,117,T
1-PB2,2262,0,115,0,1,116,T
1-PB2,2263,0,0,0,116,116,C
1-PB2,2264,0,0,114,0,114,G
1-PB2,2265,0,0,114,0,114,G
1-PB2,2266,114,0,0,0,114,A
1-PB2,2267,0,109,0,0,109,T
1-PB2,2268,0,0,108,0,108,G
1-PB2,2269,0,1,107,0,108,G
1-PB2,2270,0,0,0,108,108,C
1-PB2,2271,0,0,0,108,108,C
1-PB2,2272,107,0,0,0,107,A
1-PB2,2273,0,107,0,0,107,T
1-PB2,2274,0,0,0,105,105,C
1-PB2,2275,105,0,0,0,105,A
1-PB2,2276,105,0,0,0,105,A
1-PB2,2277,0,104,0,0,104,T
1-PB2,2278,0,96,0,0,96,T
1-PB2,2279,92,0,0,0,92,A
1-PB2,2280,91,0,0,0,91,A
2-PB1,1,286,0,0,0,286,A
2-PB1,2,0,285,0,0,285,T
2-PB1,3,0,0,290,0,290,G
2-PB1,4,0,0,313,0,313,G
2-PB1,5,346,0,0,0,346,A
2-PB1,6,1,371,0,1,373,T
2-PB1,7,0,0,380,0,380,G
2-PB1,8,0,378,0,2,380,T
2-PB1,9,0,0,0,416,416,C
2-PB1,10,420,0,0,0,420,A
2-PB1,11,432,0,0,0,432,A
2-PB1,12,0,429,1,0,430,T
2-PB1,13,0,0,0,436,436,C
2-PB1,14,0,0,0,469,469,C
2-PB1,15,0,2,477,0,479,G
2-PB1,16,541,1,1,0,543,A
2-PB1,17,0,0,0,552,552,C
2-PB1,18,0,550,0,2,552,T
2-PB1,19,0,0,0,625,625,C
2-PB1,20,0,626,0,0,626,T
2-PB1,21,633,0,0,0,633,A
2-PB1,22,0,0,0,634,634,C
2-PB1,23,0,631,0,1,632,T
2-PB1,24,0,0,718,0,718,G
2-PB1,25,0,721,0,2,723,T
2-PB1,26,0,720,0,1,721,T
2-PB1,27,0,0,0,720,720,C
2-PB1,28,0,0,0,722,722,C
2-PB1,29,0,858,0,0,858,T
2-PB1,30,870,0,0,0,870,A
2-PB1,31,870,0,0,0,870,A
2-PB1,32,877,0,0,0,877,A
2-PB1,33,0,1,883,0,884,G
2-PB1,34,0,1,898,0,899,G
2-PB1,35,0,905,0,1,906,T
2-PB1,36,0,905,0,1,906,T
2-PB1,37,1,0,0,908,909,C
2-PB1,38,1,1,0,905,907,C
2-PB1,39,906,0,2,0,908,A
2-PB1,40,0,1,928,0,929,G
2-PB1,41,0,0,0,927,927,C
2-PB1,42,0,0,932,0,932,G
2-PB1,43,0,0,0,934,934,C
2-PB1,44,934,1,0,0,935,A
2-PB1,45,935,0,0,0,935,A
2-PB1,46,937,0,0,0,937,A
2-PB1,47,943,0,3,0,946,A
2-PB1,48,0,949,0,0,949,T
2-PB1,49,0,0,995,0,995,G
2-PB1,50,0,1,0,996,997,C
2-PB1,51,0,1,0,996,997,C
2-PB1,52,1002,0,0,0,1002,A
2-PB1,53,0,1001,0,2,1003,T
2-PB1,54,1058,0,1,0,1059,A
2-PB1,55,1066,0,0,0,1066,A
2-PB1,56,0,0,1111,0,1111,G
2-PB1,57,0,0,0,1113,1113,C
2-PB1,58,1110,0,0,0,1110,A
2-PB1,59,0,1,0,1157,1158,C
2-PB1,60,1160,0,0,0,1160,A
2-PB1,61,1216,1,2,0,1219,A
2-PB1,62,0,0,0,1225,1225,C
2-PB1,63,1226,0,0,0,1226,A
2-PB1,64,0,1241,0,1,1242,T
2-PB1,65,0,1231,1,0,1232,T
2-PB1,66,2,0,0,1512,1514,C
2-PB1,67,0,0,0,1518,1518,C
2-PB1,68,2,0,0,1532,1534,C
2-PB1,69,0,1552,0,1,1553,T
2-PB1,70,0,1548,0,2,1550,T
2-PB1,71,1712,0,0,0,1712,A
2-PB1,72,0,1724,0,1,1725,T
2-PB1,73,1726,0,0,0,1726,A
2-PB1,74,0,0,0,1743,1743,C
2-PB1,75,0,1699,0,1,1700,T
2-PB1,76,0,2,1716,1,1719,G
2-PB1,77,1,5,1713,0,1719,G
2-PB1,78,1715,1,2,1,1719,A
2-PB1,79,0,5,1719,0,1724,G
2-PB1,80,1724,0,2,0,1726,A
2-PB1,81,1,1728,0,1,1730,T
2-PB1,82,2,0,0,1828,1830,C
2-PB1,83,0,1,0,1836,1837,C
2-PB1,84,1,1839,0,2,1842,T
2-PB1,85,0,0,0,1957,1957,C
2-PB1,86,2,0,0,1961,1963,C
2-PB1,87,1986,0,0,0,1986,A
2-PB1,88,0,1985,0,0,1985,T
2-PB1,89,1983,0,2,0,1985,A
2-PB1,90,0,0,0,1994,1994,C
2-PB1,91,1976,1,1,0,1978,A
2-PB1,92,0,1,2055,0,2056,G
2-PB1,93,1,1,0,2065,2067,C
2-PB1,94,1,0,1,2057,2059,C
2-PB1,95,2060,0,0,0,2060,A
2-PB1,96,0,2064,0,0,2064,T
2-PB1,97,1,1,2060,0,2062,G
2-PB1,98,0,8,2166,0,2174,G
2-PB1,99,2190,0,1,1,2192,A
2-PB1,100,2193,0,5,0,2198,A
2-PB1,101,1,1,0,2201,2203,C
2-PB1,102,2186,1,3,0,2190,A
2-PB1,103,0,5,2238,0,2243,G
2-PB1,104,1,5,2272,0,2278,G
2-PB1,105,2279,0,2,0,2281,A
2-PB1,106,2285,0,6,0,2291,A
2-PB1,107,0,0,0,2304,2304,C
2-PB1,108,2283,0,1,0,2284,A
2-PB1,109,1,1,2601,0,2603,G
2-PB1,110,0,6,2608,0,2614,G
2-PB1,111,0,2,2674,0,2676,G
2-PB1,112,1,2662,0,2,2665,T
2-PB1,113,2662,0,1,0,2663,A
2-PB1,114,0,0,0,2691,2691,C
2-PB1,115,2804,1,0,0,2805,A
2-PB1,116,3,3,0,2902,2908,C
2-PB1,117,2,2,0,2891,2895,C
2-PB1,118,2833,0,0,0,2833,A
2-PB1,119,1,2835,0,2,2838,T
2-PB1,120,1,4,2839,0,2844,G
2-PB1,121,0,8,2848,0,2856,G
2-PB1,122,2846,0,6,0,2852,A
2-PB1,123,6,2,0,2851,2859,C
2-PB1,124,2810,0,2,0,2812,A
2-PB1,125,0,1,1,2869,2871,C
2-PB1,126,2869,0,3,0,2872,A
2-PB1,127,1,0,2934,0,2935,G
2-PB1,128,0,2927,0,3,2930,T
2-PB1,129,4,0,0,3040,3044,C
2-PB1,130,3035,1,3,0,3039,A
2-PB1,131,3064,0,5,0,3069,A
2-PB1,132,0,1,0,3068,3069,C
2-PB1,133,3062,0,2,0,3064,A
2-PB1,134,1,4,3096,0,3101,G
2-PB1,135,3064,0,2,1,3067,A
2-PB1,136,3065,0,6,0,3071,A
2-PB1,137,0,1,1,3071,3073,C
2-PB1,138,3033,0,0,0,3033,A
2-PB1,139,1,1,2,3030,3034,C
2-PB1,140,3025,0,1,1,3027,A
2-PB1,141,0,3007,0,2,3009,T
2-PB1,142,2,0,0,3224,3226,C
2-PB1,143,3233,0,0,0,3233,A
2-PB1,144,3268,2,0,0,3270,A
2-PB1,145,0,3311,0,0,3311,T
2-PB1,146,3401,0,0,0,3401,A
2-PB1,147,0,3403,0,0,3403,T
2-PB1,148,1,3351,1,3,3356,T
2-PB1,149,7,0,0,3358,3365,C
2-PB1,150,3315,0,3,0,3318,A
2-PB1,151,2,1,3316,1,3320,G
2-PB1,152,3296,0,5,0,3301,A
2-PB1,153,0,4,3304,0,3308,G
2-PB1,154,3273,1,2,0,3276,A
2-PB1,155,3,1,3233,0,3237,G
2-PB1,156,1,5,3226,1,3233,G
2-PB1,157,1,4,3342,0,3347,G
2-PB1,158,0,3,3355,0,3358,G
2-PB1,159,1,3,3373,0,3377,G
2-PB1,160,3369,1,2,1,3373,A
2-PB1,161,3369,0,5,0,3374,A
2-PB1,162,4,2,3382,0,3388,G
2-PB1,163,1,3367,0,3,3371,T
2-PB1,164,1,10,3352,0,3363,G
2-PB1,165,1,5,3339,0,3345,G
2-PB1,166,3337,0,9,0,3346,A
2-PB1,167,0,2,0,3356,3358,C
2-PB1,168,2,10,3359,0,3371,G
2-PB1,169,3388,1,5,1,3395,A
2-PB1,170,1,0,0,3423,3424,C
2-PB1,171,3410,1,3,0,3414,A
2-PB1,172,3411,0,3,0,3414,A
2-PB1,173,3443,1,1,0,3445,A
2-PB1,174,0,3481,0,1,3482,T
2-PB1,175,3490,1,1,0,3492,A
2-PB1,176,0,0,0,3488,3488,C
2-PB1,177,3462,0,2,0,3464,A
2-PB1,178,1,2,3472,0,3475,G
2-PB1,179,3458,1,2,0,3461,A
2-PB1,180,3491,2,0,0,3493,A
2-PB1,181,3493,0,2,0,3495,A
2-PB1,182,0,1,0,3501,3502,C
2-PB1,183,0,3461,0,3,3464,T
2-PB1,184,0,1,3452,0,3453,G
2-PB1,185,2,2,3455,1,3460,G
2-PB1,186,0,3,3445,1,3449,G
2-PB1,187,3,2,3454,0,3459,G
2-PB1,188,1,1,0,3455,3457,C
2-PB1,189,3451,3,4,0,3458,A
2-PB1,190,3,2,0,3591,3596,C
2-PB1,191,4,1,0,3586,3591,C
2-PB1,192,4,1,0,3578,3583,C
2-PB1,193,2,4,0,3596,3602,C
2-PB1,194,3606,1,2,0,3609,A
2-PB1,195,3637,0,3,0,3640,A
2-PB1,196,1,1,0,3637,3639,C
2-PB1,197,0,3633,0,5,3638,T
2-PB1,198,9,0,1,3627,3637,C
2-PB1,199,3546,0,4,0,3550,A
2-PB1,200,3593,0,2,0,3595,A
2-PB1,201,1,0,0,3589,3590,C
2-PB1,202,4,0,0,3582,3586,C
2-PB1,203,6,0,0,3594,3600,C
2-PB1,204,3580,0,2,0,3582,A
2-PB1,205,3597,1,1,0,3599,A
2-PB1,206,0,3610,0,0,3610,T
2-PB1,207,0,3593,1,1,3595,T
2-PB1,208,1,3,3602,0,3606,G
2-PB1,209,3554,0,3,1,3558,A
2-PB1,210,0,3554,0,2,3556,T
2-PB1,211,1,5,3544,0,3550,G
2-PB1,212,1,6,3579,0,3586,G
2-PB1,213,3629,1,6,0,3636,A
2-PB1,214,0,0,0,3655,3655,C
2-PB1,215,4,3,0,3637,3644,C
2-PB1,216,3647,0,4,0,3651,A
2-PB1,217,1,8,0,3704,3713,C
2-PB1,218,0,3707,0,6,3713,T
2-PB1,219,3773,1,3,0,3777,A
2-PB1,220,0,2,0,3812,3814,C
2-PB1,221,1,0,1,3771,3773,C
2-PB1,222,0,3726,0,8,3734,T
2-PB1,223,0,1,3749,0,3750,G
2-PB1,224,3728,0,5,0,3733,A
2-PB1,225,2,8,3754,1,3765,G
2-PB1,226,0,2,3752,0,3754,G
2-PB1,227,3737,0,0,0,3737,A
2-PB1,228,0,3715,0,3,3718,T
2-PB1,229,3662,0,0,0,3662,A
2-PB1,230,3658,1,4,0,3663,A
2-PB1,231,0,3662,0,1,3663,T
2-PB1,232,0,12,3666,0,3678,G
2-PB1,233,3677,0,1,0,3678,A
2-PB1,234,3650,0,3,1,3654,A
2-PB1,235,1,2,0,3645,3648,C
2-PB1,236,8,2,0,3584,3594,C
2-PB1,237,3593,1,1,0,3595,A
2-PB1,238,3615,0,0,0,3615,A
2-PB1,239,0,1,3640,0,3641,G
2-PB1,240,1,3639,0,4,3644,T
2-PB1,241,2,8,3632,1,3643,G
2-PB1,242,0,4,3693,0,3697,G
2-PB1,243,3689,0,5,0,3694,A
2-PB1,244,0,3670,0,1,3671,T
2-PB1,245,3688,1,2,0,3691,A
2-PB1,246,0,3736,1,1,3738,T
2-PB1,247,0,1,3758,1,3760,G
2-PB1,248,0,1,0,3758,3759,C
2-PB1,249,3763,1,1,0,3765,A
2-PB1,250,0,1,0,3850,3851,C
2-PB1,251,3795,0,0,0,3795,A
2-PB1,252,3874,0,4,0,3878,A
2-PB1,253,3877,0,2,0,3879,A
2-PB1,254,0,4,0,3885,3889,C
2-PB1,255,3772,0,1,1,3774,A
2-PB1,256,1,5,3812,0,3818,G
2-PB1,257,3792,2,2,0,3796,A
2-PB1,258,0,1,0,3799,3800,C
2-PB1,259,0,3703,0,4,3707,T
2-PB1,260,0,0,3777,0,3777,G
2-PB1,261,0,3725,1,7,3733,T
2-PB1,262,4,0,3897,0,3901,G
2-PB1,263,1,3888,0,5,3894,T
2-PB1,264,7,7,0,3907,3921,C
2-PB1,265,5,1,1,3906,3913,C
2-PB1,266,1,3889,0,7,3897,T
2-PB1,267,1,4,3887,0,3892,G
2-PB1,268,2,1,3890,1,3894,G
2-PB1,269,3820,1,8,1,3830,A
2-PB1,270,1,2,3891,0,3894,G
2-PB1,271,2,1,3791,0,3794,G
2-PB1,272,1,0,0,3795,3796,C
2-PB1,273,0,3760,2,1,3763,T
2-PB1,274,3762,3,5,0,3770,A
2-PB1,275,0,3767,0,5,3772,T
2-PB1,276,0,2,3764,0,3766,G
2-PB1,277,1,1,3763,0,3765,G
2-PB1,278,1,0,0,3755,3756,C
2-PB1,279,1,0,0,3700,3701,C
2-PB1,280,0,3672,0,7,3679,T
2-PB1,281,2,3878,0,1,3881,T
2-PB1,282,3,0,1,3883,3887,C
2-PB1,283,3,2,0,3879,3884,C
2-PB1,284,0,3886,1,5,3892,T
2-PB1,285,0,3893,0,1,3894,T
2-PB1,286,1,4,3913,0,3918,G
2-PB1,287,3904,3,7,1,3915,A
2-PB1,288,3902,0,5,0,3907,A
2-PB1,289,1,9,3910,0,3920,G
2-PB1,290,3765,0,1,0,3766,A
2-PB1,291,3805,0,0,0,3805,A
2-PB1,292,0,3787,0,0,3787,T
2-PB1,293,5,1,0,3789,3795,C
2-PB1,294,4,1,1,3787,3793,C
2-PB1,295,4,1,1,3800,3806,C
2-PB1,296,3814,0,3,0,3817,A
2-PB1,297,2,1,0,3819,3822,C
2-PB1,298,2,3,0,3821,3826,C
2-PB1,299,1,1,0,3829,3831,C
2-PB1,300,3790,1,5,0,3796,A
2-PB1,301,1,1,3828,0,3830,G
2-PB1,302,1,0,3840,0,3841,G
2-PB1,303,0,3828,1,7,3836,T
2-PB1,304,3862,2,1,1,3866,A
2-PB1,305,1,3844,1,2,3848,T
2-PB1,306,3,1,0,3862,3866,C
2-PB1,307,0,3873,0,3,3876,T
2-PB1,308,0,3869,0,0,3869,T
2-PB1,309,0,3865,0,2,3867,T
2-PB1,310,0,10,3840,0,3850,G
2-PB1,311,3807,0,7,0,3814,A
2-PB1,312,0,11,3811,0,3822,G
2-PB1,313,3786,1,1,0,3788,A
2-PB1,314,3801,0,1,0,3802,A
2-PB1,315,0,1,0,3825,3826,C
2-PB1,316,1,3775,0,6,3782,T
2-PB1,317,7,1,0,3779,3787,C
2-PB1,318,3784,0,3,0,3787,A
2-PB1,319,1,3784,1,4,3790,T
2-PB1,320,2,0,3793,0,3795,G
2-PB1,321,0,1,0,3859,3860,C
2-PB1,322,4,2,0,3858,3864,C
2-PB1,323,0,3850,2,5,3857,T
2-PB1,324,0,3827,0,4,3831,T
2-PB1,325,1,4,3840,2,3847,G
2-PB1,326,3867,0,2,0,3869,A
2-PB1,327,3871,1,4,0,3876,A
2-PB1,328,3860,1,4,2,3867,A
2-PB1,329,5,1,0,3887,3893,C
2-PB1,330,3806,0,0,0,3806,A
2-PB1,331,3828,0,2,0,3830,A
2-PB1,332,0,3833,0,2,3835,T
2-PB1,333,1,0,3821,0,3822,G
2-PB1,334,1,3,3815,0,3819,G
2-PB1,335,3766,0,6,1,3773,A
2-PB1,336,3762,0,6,0,3768,A
2-PB1,337,2,1,3767,0,3770,G
2-PB1,338,0,0,0,3780,3780,C
2-PB1,339,1,3,0,3756,3760,C
2-PB1,340,1,3,3788,0,3792,G
2-PB1,341,1,3751,0,13,3765,T
2-PB1,342,0,3779,0,4,3783,T
2-PB1,343,14,2,1,3789,3806,C
2-PB1,344,3806,1,3,0,3810,A
2-PB1,345,3828,1,9,0,3838,A
2-PB1,346,0,0,1,3847,3848,C
2-PB1,347,3831,0,7,0,3838,A
2-PB1,348,0,6,3874,0,3880,G
2-PB1,349,3793,2,9,0,3804,A
2-PB1,350,1,1,0,3801,3803,C
2-PB1,351,3788,2,5,0,3795,A
2-PB1,352,3815,1,3,0,3819,A
2-PB1,353,0,2,3846,0,3848,G
2-PB1,354,1,3,3810,0,3814,G
2-PB1,355,2,2,3816,1,3821,G
2-PB1,356,0,3751,0,0,3751,T
2-PB1,357,2,6,3741,1,3750,G
2-PB1,358,1,8,3750,0,3759,G
2-PB1,359,3745,1,7,0,3753,A
2-PB1,360,1,0,0,3760,3761,C
2-PB1,361,3686,0,0,1,3687,A
2-PB1,362,3720,1,3,0,3724,A
2-PB1,363,3721,2,3,3,3729,A
2-PB1,364,2,0,0,3720,3722,C
2-PB1,365,1,3704,0,2,3707,T
2-PB1,366,3704,0,3,0,3707,A
2-PB1,367,3732,0,1,0,3733,A
2-PB1,368,1,0,0,3736,3737,C
2-PB1,369,8,1,0,3723,3732,C
2-PB1,370,2,1,0,3734,3737,C
2-PB1,371,3622,0,1,0,3623,A
2-PB1,372,3617,0,3,0,3620,A
2-PB1,373,0,2,3616,0,3618,G
2-PB1,374,2,2,3619,0,3623,G
2-PB1,375,1,3621,0,3,3625,T
2-PB1,376,10,3,0,3581,3594,C
2-PB1,377,3,1,3591,0,3595,G
2-PB1,378,1,1,0,3591,3593,C
2-PB1,379,8,2,0,3594,3604,C
2-PB1,380,3594,0,5,0,3599,A
2-PB1,381,4,7,3658,0,3669,G
2-PB1,382,3729,0,6,0,3735,A
2-PB1,383,1,1,0,3733,3735,C
2-PB1,384,0,3701,0,7,3708,T
2-PB1,385,0,3702,0,2,3704,T
2-PB1,386,3704,0,4,0,3708,A
2-PB1,387,0,3720,0,4,3724,T
2-PB1,388,1,15,3706,0,3722,G
2-PB1,389,3718,0,2,0,3720,A
2-PB1,390,0,3638,0,2,3640,T
2-PB1,391,0,3555,0,5,3560,T
2-PB1,392,1,3,3534,0,3538,G
2-PB1,393,1,4,3542,0,3547,G
2-PB1,394,3580,1,7,0,3588,A
2-PB1,395,2,1,0,3584,3587,C
2-PB1,396,3541,0,1,0,3542,A
2-PB1,397,1,3512,0,7,3520,T
2-PB1,398,1,3549,1,0,3551,T
2-PB1,399,3565,2,0,0,3567,A
2-PB1,400,3554,1,3,0,3558,A
2-PB1,401,3566,0,1,0,3567,A
2-PB1,402,0,1,0,3569,3570,C
2-PB1,403,3492,2,0,0,3494,A
2-PB1,404,0,8,3509,0,3517,G
2-PB1,405,3495,0,4,0,3499,A
2-PB1,406,3508,0,4,0,3512,A
2-PB1,407,3503,0,2,0,3505,A
2-PB1,408,1,3470,0,0,3471,T
2-PB1,409,14,1,0,3455,3470,C
2-PB1,410,3455,0,4,0,3459,A
2-PB1,411,3457,0,6,0,3463,A
2-PB1,412,0,2,0,3454,3456,C
2-PB1,413,1,3,0,3431,3435,C
2-PB1,414,1,4,3435,1,3441,G
2-PB1,415,2,2,3440,2,3446,G
2-PB1,416,0,1,0,3450,3451,C
2-PB1,417,3453,0,1,0,3454,A
2-PB1,418,1,0,3452,0,3453,G
2-PB1,419,0,1,0,3482,3483,C
2-PB1,420,3489,0,1,0,3490,A
2-PB1,421,3486,0,4,0,3490,A
2-PB1,422,1,0,1,3495,3497,C
2-PB1,423,0,3482,1,1,3484,T
2-PB1,424,0,1,3625,0,3626,G
2-PB1,425,2,0,0,3620,3622,C
2-PB1,426,3612,3,4,0,3619,A
2-PB1,427,2,3609,1,5,3617,T
2-PB1,428,0,3572,1,1,3574,T
2-PB1,429,3784,4,3,0,3791,A
2-PB1,430,3,0,3794,0,3797,G
2-PB1,431,4,1,0,3765,3770,C
2-PB1,432,3,0,0,3772,3775,C
2-PB1,433,3652,1,1,0,3654,A
2-PB1,434,3673,1,4,1,3679,A
2-PB1,435,1,1,0,3680,3682,C
2-PB1,436,3693,0,1,0,3694,A
2-PB1,437,5,1,0,3799,3805,C
2-PB1,438,6,2,0,3555,3563,C
2-PB1,439,3567,1,2,0,3570,A
2-PB1,440,0,3556,0,0,3556,T
2-PB1,441,3557,1,1,0,3559,A
2-PB1,442,0,4,3554,0,3558,G
2-PB1,443,3518,2,2,0,3522,A
2-PB1,444,3492,1,1,0,3494,A
2-PB1,445,0,0,3510,0,3510,G
2-PB1,446,0,3393,1,2,3396,T
2-PB1,447,2,3392,2,4,3400,T
2-PB1,448,1,3407,0,0,3408,T
2-PB1,449,0,3404,0,1,3405,T
2-PB1,450,0,3411,1,1,3413,T
2-PB1,451,3403,1,1,0,3405,A
2-PB1,452,2,6,3397,0,3405,G
2-PB1,453,3394,0,1,0,3395,A
2-PB1,454,0,3374,0,2,3376,T
2-PB1,455,7,2,0,3343,3352,C
2-PB1,456,1,5,3352,0,3358,G
2-PB1,457,3367,0,3,0,3370,A
2-PB1,458,3368,1,1,0,3370,A
2-PB1,459,1,2,0,3380,3383,C
2-PB1,460,1,0,3394,1,3396,G
2-PB1,461,0,1,3550,0,3551,G
2-PB1,462,3551,2,3,0,3556,A
2-PB1,463,0,3557,0,0,3557,T
2-PB1,464,0,3556,0,2,3558,T
2-PB1,465,3542,2,4,1,3549,A
2-PB1,466,3542,0,4,0,3546,A
2-PB1,467,1,0,0,3565,3566,C
2-PB1,468,3540,2,2,0,3544,A
2-PB1,469,1,1,3577,1,3580,G
2-PB1,470,1,7,0,3462,3470,C
2-PB1,471,0,3456,1,3,3460,T
2-PB1,472,3456,0,0,0,3456,A
2-PB1,473,3457,1,1,0,3459,A
2-PB1,474,1,3461,0,0,3462,T
2-PB1,475,0,9,3490,0,3499,G
2-PB1,476,3477,2,2,0,3481,A
2-PB1,477,3485,0,0,0,3485,A
2-PB1,478,1,3417,0,1,3419,T
2-PB1,479,11,1,0,3417,3429,C
2-PB1,480,3415,1,2,1,3419,A
2-PB1,481,1,0,3422,0,3423,G
2-PB1,482,1,2,3423,0,3426,G
2-PB1,483,3404,0,4,0,3408,A
2-PB1,484,3345,2,7,2,3356,A
2-PB1,485,0,0,3469,0,3469,G
2-PB1,486,0,0,3471,0,3471,G
2-PB1,487,0,1,0,3465,3466,C
2-PB1,488,1,3463,0,5,3469,T
2-PB1,489,3471,0,1,0,3472,A
2-PB1,490,3468,0,6,0,3474,A
2-PB1,491,0,3472,0,1,3473,T
2-PB1,492,3465,0,2,1,3468,A
2-PB1,493,0,4,3489,0,3493,G
2-PB1,494,3271,0,6,0,3277,A
2-PB1,495,0,3255,1,3,3259,T
2-PB1,496,1,3242,1,3,3247,T
2-PB1,497,1,3243,1,2,3247,T
2-PB1,498,4,0,0,3315,3319,C
2-PB1,499,5,1,2,3318,3326,C
2-PB1,500,0,3324,0,10,3334,T
2-PB1,501,4,2,0,3313,3319,C
2-PB1,502,3322,0,2,0,3324,A
2-PB1,503,3338,1,2,1,3342,A
2-PB1,504,1,3,3344,1,3349,G
2-PB1,505,0,3,3377,0,3380,G
2-PB1,506,3369,0,1,0,3370,A
2-PB1,507,0,3235,0,1,3236,T
2-PB1,508,1,0,3275,0,3276,G
2-PB1,509,0,3264,0,3,3267,T
2-PB1,510,0,4,3303,0,3307,G
2-PB1,511,3305,0,5,0,3310,A
2-PB1,512,0,3296,0,3,3299,T
2-PB1,513,2,6,3280,0,3288,G
2-PB1,514,0,6,3281,0,3287,G
2-PB1,515,3274,0,4,0,3278,A
2-PB1,516,3271,0,12,0,3283,A
2-PB1,517,0,3246,0,1,3247,T
2-PB1,518,7,0,0,3246,3253,C
2-PB1,519,3225,0,0,0,3225,A
2-PB1,520,3232,0,0,0,3232,A
2-PB1,521,0,3235,0,1,3236,T
2-PB1,522,0,3,3267,0,3270,G
2-PB1,523,0,4,3276,0,3280,G
2-PB1,524,3275,0,9,0,3284,A
2-PB1,525,0,3277,0,0,3277,T
2-PB1,526,3269,0,3,0,3272,A
2-PB1,527,3265,0,2,0,3267,A
2-PB1,528,3260,0,5,0,3265,A
2-PB1,529,9,1,3291,0,3301,G
2-PB1,530,3268,0,4,1,3273,A
2-PB1,531,0,5,3246,0,3251,G
2-PB1,532,1,1,3240,0,3242,G
2-PB1,533,3214,0,1,0,3215,A
2-PB1,534,3220,1,7,1,3229,A
2-PB1,535,3224,1,4,0,3229,A
2-PB1,536,0,3226,0,1,3227,T
2-PB1,537,3,2,3279,0,3284,G
2-PB1,538,2,6,3284,0,3292,G
2-PB1,539,3257,0,8,0,3265,A
2-PB1,540,0,3,3292,0,3295,G
2-PB1,541,3238,0,5,0,3243,A
2-PB1,542,2,3312,0,1,3315,T
2-PB1,543,3311,0,1,0,3312,A
2-PB1,544,3336,1,4,1,3342,A
2-PB1,545,0,2,0,3348,3350,C
2-PB1,546,3289,0,0,0,3289,A
2-PB1,547,3289,1,4,0,3294,A
2-PB1,548,2,0,0,3292,3294,C
2-PB1,549,3277,0,3,0,3280,A
2-PB1,550,3,1,0,3277,3281,C
2-PB1,551,3215,0,0,0,3215,A
2-PB1,552,0,5,1,3233,3239,C
2-PB1,553,0,3188,1,3,3192,T
2-PB1,554,0,3191,1,1,3193,T
2-PB1,555,0,3197,0,5,3202,T
2-PB1,556,7,1,2,3186,3196,C
2-PB1,557,3191,1,1,0,3193,A
2-PB1,558,3195,0,1,0,3196,A
2-PB1,559,3193,1,4,0,3198,A
2-PB1,560,0,2,3246,1,3249,G
2-PB1,561,3217,0,2,0,3219,A
2-PB1,562,3213,2,3,0,3218,A
2-PB1,563,3216,0,2,0,3218,A
2-PB1,564,3219,1,3,0,3223,A
2-PB1,565,3219,0,7,0,3226,A
2-PB1,566,1,2,3235,0,3238,G
2-PB1,567,1,2,3238,0,3241,G
2-PB1,568,3181,0,8,0,3189,A
2-PB1,569,0,9,3243,0,3252,G
2-PB1,570,3226,0,8,0,3234,A
2-PB1,571,0,1,3347,0,3348,G
2-PB1,572,1,3334,0,0,3335,T
2-PB1,573,3338,0,1,0,3339,A
2-PB1,574,3330,0,7,1,3338,A
2-PB1,575,0,6,3342,1,3349,G
2-PB1,576,0,4,3374,1,3379,G
2-PB1,577,4,8,3359,1,3372,G
2-PB1,578,3315,1,5,0,3321,A
2-PB1,579,2,0,0,3344,3346,C
2-PB1,580,3245,0,2,0,3247,A
2-PB1,581,3259,0,2,0,3261,A
2-PB1,582,1,2,0,3255,3258,C
2-PB1,583,3247,0,2,1,3250,A
2-PB1,584,0,3214,1,1,3216,T
2-PB1,585,1,9,3183,0,3193,G
2-PB1,586,3197,1,6,0,3204,A
2-PB1,587,1,2,0,3196,3199,C
2-PB1,588,6,4,0,3147,3157,C
2-PB1,589,3161,0,6,1,3168,A
2-PB1,590,3170,0,5,0,3175,A
2-PB1,591,0,9,3177,0,3186,G
2-PB1,592,3183,0,0,0,3183,A
2-PB1,593,3181,0,0,0,3181,A
2-PB1,594,3158,0,6,0,3164,A
2-PB1,595,3159,1,0,1,3161,A
2-PB1,596,1,3174,1,0,3176,T
2-PB1,597,1,5,3162,1,3169,G
2-PB1,598,1,1,3178,0,3180,G
2-PB1,599,1,3149,0,6,3156,T
2-PB1,600,8,4,0,3120,3132,C
2-PB1,601,3150,0,4,1,3155,A
2-PB1,602,0,0,0,3317,3317,C
2-PB1,603,3370,0,1,0,3371,A
2-PB1,604,2,0,0,3369,3371,C
2-PB1,605,3355,1,3,0,3359,A
2-PB1,606,3493,0,3,0,3496,A
2-PB1,607,3474,1,4,1,3480,A
2-PB1,608,1,5,3606,0,3612,G
2-PB1,609,402,12,3059,0,3473,G
2-PB1,610,3601,0,4,0,3605,A
2-PB1,611,1,0,0,3708,3709,C
2-PB1,612,3711,1,2,0,3714,A
2-PB1,613,3748,1,2,0,3751,A
2-PB1,614,1,3739,0,0,3740,T
2-PB1,615,3688,1,2,0,3691,A
2-PB1,616,4,6,3690,1,3701,G
2-PB1,617,1,3,3569,0,3573,G
2-PB1,618,1,3,3569,1,3574,G
2-PB1,619,3565,0,2,1,3568,A
2-PB1,620,3514,0,3,0,3517,A
2-PB1,621,0,8,3548,1,3557,G
2-PB1,622,3547,0,6,0,3553,A
2-PB1,623,3552,2,0,0,3554,A
2-PB1,624,3557,1,2,0,3560,A
2-PB1,625,3569,2,0,1,3572,A
2-PB1,626,3642,1,4,0,3647,A
2-PB1,627,3638,1,5,2,3646,A
2-PB1,628,0,1,0,3656,3657,C
2-PB1,629,3642,1,1,0,3644,A
2-PB1,630,3640,0,3,1,3644,A
2-PB1,631,3625,1,5,1,3632,A
2-PB1,632,0,5,3717,0,3722,G
2-PB1,633,3707,0,5,0,3712,A
2-PB1,634,0,0,3859,0,3859,G
2-PB1,635,1,3799,0,0,3800,T
2-PB1,636,1,11,4389,0,4401,G
2-PB1,637,4406,0,6,0,4412,A
2-PB1,638,4409,0,7,0,4416,A
2-PB1,639,0,4484,0,2,4486,T
2-PB1,640,4503,0,3,0,4506,A
2-PB1,641,4483,2,17,0,4502,A
2-PB1,642,6,7,4493,0,4506,G
2-PB1,643,4403,1,8,1,4413,A
2-PB1,644,2,8,4416,0,4426,G
2-PB1,645,4213,1,10,1,4225,A
2-PB1,646,1,5,4236,0,4242,G
2-PB1,647,0,3,4237,0,4240,G
2-PB1,648,0,2,0,4232,4234,C
2-PB1,649,1,4226,0,5,4232,T
2-PB1,650,4346,0,2,0,4348,A
2-PB1,651,1,9,0,4528,4538,C
2-PB1,652,4,8,0,4533,4545,C
2-PB1,653,0,4568,0,6,4574,T
2-PB1,654,4765,0,0,0,4765,A
2-PB1,655,4758,0,0,1,4759,A
2-PB1,656,0,4765,0,1,4766,T
2-PB1,657,4756,0,0,1,4757,A
2-PB1,658,4747,0,4,0,4751,A
2-PB1,659,1,8,4748,0,4757,G
2-PB1,660,4596,1,7,0,4604,A
2-PB1,661,1,0,4647,0,4648,G
2-PB1,662,1,1,0,4655,4657,C
2-PB1,663,0,4591,0,4,4595,T
2-PB1,664,1,4603,1,0,4605,T
2-PB1,665,0,4606,0,0,4606,T
2-PB1,666,1,10,4602,0,4613,G
2-PB1,667,4688,0,15,0,4703,A
2-PB1,668,2,1,0,4718,4721,C
2-PB1,669,4699,0,2,0,4701,A
2-PB1,670,1,4673,1,6,4681,T
2-PB1,671,1,4659,0,2,4662,T
2-PB1,672,0,17,4721,0,4738,G
2-PB1,673,4726,0,5,0,4731,A
2-PB1,674,4733,2,4,0,4739,A
2-PB1,675,3,14,0,4739,4756,C
2-PB1,676,4742,0,4,0,4746,A
2-PB1,677,1,2,0,4735,4738,C
2-PB1,678,3,11,4725,1,4740,G
2-PB1,679,4744,0,7,0,4751,A
2-PB1,680,3,4737,0,8,4748,T
2-PB1,681,2,17,4828,0,4847,G
2-PB1,682,4848,1,10,0,4859,A
2-PB1,683,0,1,0,4875,4876,C
2-PB1,684,7,3,0,4865,4875,C
2-PB1,685,4880,0,1,0,4881,A
2-PB1,686,4944,1,4,0,4949,A
2-PB1,687,4945,1,9,0,4955,A
2-PB1,688,5,4,5048,0,5057,G
2-PB1,689,5094,0,6,0,5100,A
2-PB1,690,1,5047,1,3,5052,T
2-PB1,691,0,3,5049,0,5052,G
2-PB1,692,4,5,0,5045,5054,C
2-PB1,693,5026,1,8,2,5037,A
2-PB1,694,0,5,5071,0,5076,G
2-PB1,695,5028,0,5,0,5033,A
2-PB1,696,2,8,5040,0,5050,G
2-PB1,697,4911,2,5,0,4918,A
2-PB1,698,1,6,4879,1,4887,G
2-PB1,699,4844,1,9,1,4855,A
2-PB1,700,2,2,4852,2,4858,G
2-PB1,701,4,1,4854,0,4859,G
2-PB1,702,5,0,0,4847,4852,C
2-PB1,703,4817,0,4,0,4821,A
2-PB1,704,4832,0,0,1,4833,A
2-PB1,705,4877,1,2,1,4881,A
2-PB1,706,0,4877,0,1,4878,T
2-PB1,707,1,4876,0,1,4878,T
2-PB1,708,4891,4,3,0,4898,A
2-PB1,709,4870,2,2,1,4875,A
2-PB1,710,4892,1,5,0,4898,A
2-PB1,711,4905,0,2,2,4909,A
2-PB1,712,4907,1,3,3,4914,A
2-PB1,713,0,1,4928,0,4929,G
2-PB1,714,4880,0,1,0,4881,A
2-PB1,715,4858,1,6,1,4866,A
2-PB1,716,0,2,4953,0,4955,G
2-PB1,717,3,6,5031,1,5041,G
2-PB1,718,1,2,5034,0,5037,G
2-PB1,719,0,1,0,5085,5086,C
2-PB1,720,0,5075,0,6,5081,T
2-PB1,721,5122,0,2,0,5124,A
2-PB1,722,2,5189,0,3,5194,T
2-PB1,723,1,5196,0,6,5203,T
2-PB1,724,6,5,5232,0,5243,G
2-PB1,725,2,4,1,5187,5194,C
2-PB1,726,5074,0,8,0,5082,A
2-PB1,727,5085,1,6,0,5092,A
2-PB1,728,0,1,2,5086,5089,C
2-PB1,729,5091,2,4,1,5098,A
2-PB1,730,1,0,0,5103,5104,C
2-PB1,731,7,2,0,4999,5008,C
2-PB1,732,0,5,0,5022,5027,C
2-PB1,733,1,8,5003,1,5013,G
2-PB1,734,1,1,5028,0,5030,G
2-PB1,735,3,5,5026,1,5035,G
2-PB1,736,5066,0,2,0,5068,A
2-PB1,737,0,5038,0,2,5040,T
2-PB1,738,5,1,5052,0,5058,G
2-PB1,739,4,2,1,5028,5035,C
2-PB1,740,5097,0,2,1,5100,A
2-PB1,741,5134,0,11,1,5146,A
2-PB1,742,5211,1,1,1,5214,A
2-PB1,743,0,5218,0,0,5218,T
2-PB1,744,0,5212,1,0,5213,T
2-PB1,745,5190,0,4,1,5195,A
2-PB1,746,2,3,5197,0,5202,G
2-PB1,747,5139,2,21,2,5164,A
2-PB1,748,3,5,5187,0,5195,G
2-PB1,749,2,5,5115,0,5122,G
2-PB1,750,2,0,5236,0,5238,G
2-PB1,751,0,5228,0,4,5232,T
2-PB1,752,1,5216,0,10,5227,T
2-PB1,753,10,2,0,5223,5235,C
2-PB1,754,4,1,5297,0,5302,G
2-PB1,755,0,5282,1,9,5292,T
2-PB1,756,1,0,5308,0,5309,G
2-PB1,757,1,5293,1,3,5298,T
2-PB1,758,5261,0,0,0,5261,A
2-PB1,759,0,0,0,5257,5257,C
2-PB1,760,2,4986,0,4,4992,T
2-PB1,761,1,5018,0,1,5020,T
2-PB1,762,9,0,0,4990,4999,C
2-PB1,763,2,0,4968,0,4970,G
2-PB1,764,0,4958,0,2,4960,T
2-PB1,765,1,4940,1,7,4949,T
2-PB1,766,1,10,4943,0,4954,G
2-PB1,767,4934,1,2,0,4937,A
2-PB1,768,4939,0,4,0,4943,A
2-PB1,769,4981,0,5,0,4986,A
2-PB1,770,1,0,0,5003,5004,C
2-PB1,771,1,4952,0,5,4958,T
2-PB1,772,0,4929,0,4,4933,T
2-PB1,773,0,4935,1,2,4938,T
2-PB1,774,5014,1,6,0,5021,A
2-PB1,775,3,0,5027,0,5030,G
2-PB1,776,1,2,0,5034,5037,C
2-PB1,777,1,5032,0,3,5036,T
2-PB1,778,4985,0,1,0,4986,A
2-PB1,779,0,5,4973,0,4978,G
2-PB1,780,4970,0,7,0,4977,A
2-PB1,781,4966,0,7,0,4973,A
2-PB1,782,2,0,4994,0,4996,G
2-PB1,783,0,3,0,4917,4920,C
2-PB1,784,4915,1,1,0,4917,A
2-PB1,785,0,4869,1,2,4872,T
2-PB1,786,0,4867,1,3,4871,T
2-PB1,787,2,4875,0,4,4881,T
2-PB1,788,0,2,4880,0,4882,G
2-PB1,789,1,3,0,4871,4875,C
2-PB1,790,6,9,4871,0,4886,G
2-PB1,791,4878,0,0,0,4878,A
2-PB1,792,4857,0,1,2,4860,A
2-PB1,793,4857,2,4,1,4864,A
2-PB1,794,4995,0,3,1,4999,A
2-PB1,795,0,0,5045,0,5045,G
2-PB1,796,1,1,0,5047,5049,C
2-PB1,797,0,5048,0,3,5051,T
2-PB1,798,0,5047,0,3,5050,T
2-PB1,799,8,10,5037,0,5055,G
2-PB1,800,5050,0,3,0,5053,A
2-PB1,801,5052,1,4,0,5057,A
2-PB1,802,1,2,0,5072,5075,C
2-PB1,803,4944,1,2,1,4948,A
2-PB1,804,2,0,5365,0,5367,G
2-PB1,805,0,5311,0,4,5315,T
2-PB1,806,11,6,0,5314,5331,C
2-PB1,807,1,5328,0,9,5338,T
2-PB1,808,3,4,5355,0,5362,G
2-PB1,809,0,6,5342,0,5348,G
2-PB1,810,5358,0,3,0,5361,A
2-PB1,811,0,1,1,5369,5371,C
2-PB1,812,0,5203,0,5,5208,T
2-PB1,813,0,4885,0,2,4887,T
2-PB1,814,3,1,1,4879,4884,C
2-PB1,815,3,2,1,4887,4893,C
2-PB1,816,2,6,4903,1,4912,G
2-PB1,817,1,1,4924,1,4927,G
2-PB1,818,0,4899,0,1,4900,T
2-PB1,819,0,4892,1,2,4895,T
2-PB1,820,2,2,4882,0,4886,G
2-PB1,821,1,4,4909,0,4914,G
2-PB1,822,0,7,4931,0,4938,G
2-PB1,823,3,8,4924,0,4935,G
2-PB1,824,1,4,4954,0,4959,G
2-PB1,825,0,4913,0,2,4915,T
2-PB1,826,4898,0,1,0,4899,A
2-PB1,827,4937,0,3,1,4941,A
2-PB1,828,0,4941,0,3,4944,T
2-PB1,829,3,16,4935,0,4954,G
2-PB1,830,4903,0,3,1,4907,A
2-PB1,831,4855,0,2,0,4857,A
2-PB1,832,4860,1,3,0,4864,A
2-PB1,833,4844,1,4,2,4851,A
2-PB1,834,2,1,4851,0,4854,G
2-PB1,835,4795,3,5,1,4804,A
2-PB1,836,4760,0,6,0,4766,A
2-PB1,837,1,6,4775,0,4782,G
2-PB1,838,0,2,4766,0,4768,G
2-PB1,839,4,2,0,4745,4751,C
2-PB1,840,6,2,0,4745,4753,C
2-PB1,841,4762,0,1,0,4763,A
2-PB1,842,4753,1,6,0,4760,A
2-PB1,843,4759,0,4,0,4763,A
2-PB1,844,1,1,1,4769,4772,C
2-PB1,845,3,4747,0,11,4761,T
2-PB1,846,2,5,4797,0,4804,G
2-PB1,847,8,0,4798,0,4806,G
2-PB1,848,3,4,1,4800,4808,C
2-PB1,849,4814,0,3,1,4818,A
2-PB1,850,4805,0,5,0,4810,A
2-PB1,851,4819,0,2,0,4821,A
2-PB1,852,0,4817,0,2,4819,T
2-PB1,853,1,2,4835,0,4838,G
2-PB1,854,1,4807,0,6,4814,T
2-PB1,855,0,4708,1,2,4711,T
2-PB1,856,2,0,4708,0,4710,G
2-PB1,857,1,4693,0,3,4697,T
2-PB1,858,0,9,4698,0,4707,G
2-PB1,859,4702,1,6,0,4709,A
2-PB1,860,0,11,4729,0,4740,G
2-PB1,861,4721,0,3,0,4724,A
2-PB1,862,4693,0,3,0,4696,A
2-PB1,863,4694,1,5,0,4700,A
2-PB1,864,4707,1,3,0,4711,A
2-PB1,865,4728,1,2,1,4732,A
2-PB1,866,1,4722,0,0,4723,T
2-PB1,867,3,7,4713,0,4723,G
2-PB1,868,4697,0,13,0,4710,A
2-PB1,869,3,4655,1,4,4663,T
2-PB1,870,1,14,4689,0,4704,G
2-PB1,871,4694,1,8,0,4703,A
2-PB1,872,1,1,0,4748,4750,C
2-PB1,873,0,4714,0,4,4718,T
2-PB1,874,4716,0,2,0,4718,A
2-PB1,875,4768,1,6,0,4775,A
2-PB1,876,2,4745,1,2,4750,T
2-PB1,877,1,4786,1,12,4800,T
2-PB1,878,16,1,0,4808,4825,C
2-PB1,879,4796,1,4,0,4801,A
2-PB1,880,1,1,0,4799,4801,C
2-PB1,881,4731,1,4,1,4737,A
2-PB1,882,4735,0,9,0,4744,A
2-PB1,883,1,5,4749,2,4757,G
2-PB1,884,4806,0,9,0,4815,A
2-PB1,885,2,2,0,4811,4815,C
2-PB1,886,4758,0,5,1,4764,A
2-PB1,887,0,1,0,4753,4754,C
2-PB1,888,4723,0,6,0,4729,A
2-PB1,889,0,2,4742,1,4745,G
2-PB1,890,4718,0,5,0,4723,A
2-PB1,891,1,2,4734,0,4737,G
2-PB1,892,0,1,0,4710,4711,C
2-PB1,893,2,4569,2,21,4594,T
2-PB1,894,1,4620,1,3,4625,T
2-PB1,895,1,4627,0,2,4630,T
2-PB1,896,10,1,0,4642,4653,C
2-PB1,897,0,4641,0,6,4647,T
2-PB1,898,2,4595,0,7,4604,T
2-PB1,899,2,4587,1,9,4599,T
2-PB1,900,5,1,1,4616,4623,C
2-PB1,901,4606,3,4,0,4613,A
2-PB1,902,1,2,0,4626,4629,C
2-PB1,903,4562,0,1,1,4564,A
2-PB1,904,4582,1,1,0,4584,A
2-PB1,905,2,4595,0,1,4598,T
2-PB1,906,9,0,0,4661,4670,C
2-PB1,907,4686,0,2,0,4688,A
2-PB1,908,1,0,1,4707,4709,C
2-PB1,909,1,4674,1,3,4679,T
2-PB1,910,2,6,4699,0,4707,G
2-PB1,911,1,4,4677,1,4683,G
2-PB1,912,5,3,4813,0,4821,G
2-PB1,913,2,3,4813,0,4818,G
2-PB1,914,4733,1,7,1,4742,A
2-PB1,915,3,3,0,4537,4543,C
2-PB1,916,4595,2,5,0,4602,A
2-PB1,917,4835,2,7,0,4844,A
2-PB1,918,1,3,0,4894,4898,C
2-PB1,919,4861,0,8,0,4869,A
2-PB1,920,1,0,1,4860,4862,C
2-PB1,921,0,4634,0,4,4638,T
2-PB1,922,4657,1,4,0,4662,A
2-PB1,923,4648,2,4,0,4654,A
2-PB1,924,1,0,4674,0,4675,G
2-PB1,925,0,4650,0,0,4650,T
2-PB1,926,0,5,4300,1,4306,G
2-PB1,927,0,4,4263,1,4268,G
2-PB1,928,4246,0,0,0,4246,A
2-PB1,929,4252,1,6,0,4259,A
2-PB1,930,1,4247,0,1,4249,T
2-PB1,931,2,12,4220,0,4234,G
2-PB1,932,4232,2,3,0,4237,A
2-PB1,933,4163,0,4,0,4167,A
2-PB1,934,4179,0,5,0,4184,A
2-PB1,935,4199,0,2,0,4201,A
2-PB1,936,2,4178,0,1,4181,T
2-PB1,937,19,0,0,4165,4184,C
2-PB1,938,4181,1,2,1,4185,A
2-PB1,939,4173,1,9,1,4184,A
2-PB1,940,4169,0,4,0,4173,A
2-PB1,941,4171,0,4,0,4175,A
2-PB1,942,2,0,1,4184,4187,C
2-PB1,943,4,1,0,4140,4145,C
2-PB1,944,7,0,0,4140,4147,C
2-PB1,945,7,4,0,4104,4115,C
2-PB1,946,4,4,0,4148,4156,C
2-PB1,947,2,9,4150,0,4161,G
2-PB1,948,4155,1,3,1,4160,A
2-PB1,949,4166,0,0,1,4167,A
2-PB1,950,0,4171,0,0,4171,T
2-PB1,951,1,0,4183,0,4184,G
2-PB1,952,2,4128,4,5,4139,T
2-PB1,953,1,4109,3,5,4118,T
2-PB1,954,0,4128,1,3,4132,T
2-PB1,955,0,4133,0,2,4135,T
2-PB1,956,1,4129,0,1,4131,T
2-PB1,957,2,1,4127,0,4130,G
2-PB1,958,2,1,4121,1,4125,G
2-PB1,959,2,4,0,4107,4113,C
2-PB1,960,2,3,4050,0,4055,G
2-PB1,961,4048,1,0,1,4050,A
2-PB1,962,1,4139,1,1,4142,T
2-PB1,963,0,11,4280,0,4291,G
2-PB1,964,4464,1,2,0,4467,A
2-PB1,965,3,4478,0,4,4485,T
2-PB1,966,0,4484,0,4,4488,T
2-PB1,967,4505,1,3,1,4510,A
2-PB1,968,1,3,0,4512,4516,C
2-PB1,969,4527,2,2,0,4531,A
2-PB1,970,0,4521,0,4,4525,T
2-PB1,971,4242,0,4,0,4246,A
2-PB1,972,1,2,0,4247,4250,C
2-PB1,973,3830,0,0,0,3830,A
2-PB1,974,0,3815,0,1,3816,T
2-PB1,975,9,2,0,3795,3806,C
2-PB1,976,3784,0,3,0,3787,A
2-PB1,977,0,2,0,3791,3793,C
2-PB1,978,3754,1,2,0,3757,A
2-PB1,979,3760,0,1,0,3761,A
2-PB1,980,3736,0,6,0,3742,A
2-PB1,981,0,6,3588,0,3594,G
2-PB1,982,3739,0,1,0,3740,A
2-PB1,983,3750,0,3,0,3753,A
2-PB1,984,1,3747,0,3,3751,T
2-PB1,985,8,1,0,3740,3749,C
2-PB1,986,3764,0,6,0,3770,A
2-PB1,987,3776,0,4,1,3781,A
2-PB1,988,0,2,0,3787,3789,C
2-PB1,989,0,1,0,3787,3788,C
2-PB1,990,2,3569,0,8,3579,T
2-PB1,991,0,4,3610,0,3614,G
2-PB1,992,3588,0,5,0,3593,A
2-PB1,993,0,0,3607,0,3607,G
2-PB1,994,1,3583,0,0,3584,T
2-PB1,995,3,4,3494,0,3501,G
2-PB1,996,1,1,3669,0,3671,G
2-PB1,997,1,3630,0,5,3636,T
2-PB1,998,1,3623,1,3,3628,T
2-PB1,999,9,2,0,3626,3637,C
2-PB1,1000,3589,1,4,1,3595,A
2-PB1,1001,0,5,3672,0,3677,G
2-PB1,1002,3664,0,3,1,3668,A
2-PB1,1003,3664,0,2,2,3668,A
2-PB1,1004,3649,0,2,0,3651,A
2-PB1,1005,1,0,0,3293,3294,C
2-PB1,1006,3351,0,0,0,3351,A
2-PB1,1007,0,3342,0,1,3343,T
2-PB1,1008,1,1,1,3360,3363,C
2-PB1,1009,3,0,0,3360,3363,C
2-PB1,1010,1,3232,0,2,3235,T
2-PB1,1011,0,7,3236,0,3243,G
2-PB1,1012,3214,2,4,0,3220,A
2-PB1,1013,1,0,3264,0,3265,G
2-PB1,1014,0,1,0,3242,3243,C
2-PB1,1015,3150,1,1,1,3153,A
2-PB1,1016,0,3139,0,10,3149,T
2-PB1,1017,4,1,1,3126,3132,C
2-PB1,1018,3,1,3125,1,3130,G
2-PB1,1019,1,2,0,3154,3157,C
2-PB1,1020,3163,0,6,0,3169,A
2-PB1,1021,1,1,0,3150,3152,C
2-PB1,1022,4,4,0,3110,3118,C
2-PB1,1023,3,4,3108,0,3115,G
2-PB1,1024,3283,0,2,0,3285,A
2-PB1,1025,1,3290,0,0,3291,T
2-PB1,1026,3297,0,1,0,3298,A
2-PB1,1027,3294,1,2,1,3298,A
2-PB1,1028,1,3262,0,4,3267,T
2-PB1,1029,4,0,3288,0,3292,G
2-PB1,1030,0,3236,0,1,3237,T
2-PB1,1031,0,3219,0,4,3223,T
2-PB1,1032,6,0,1,3215,3222,C
2-PB1,1033,0,3211,0,4,3215,T
2-PB1,1034,6,1,0,3209,3216,C
2-PB1,1035,3218,0,3,0,3221,A
2-PB1,1036,3214,0,2,1,3217,A
2-PB1,1037,3217,0,3,1,3221,A
2-PB1,1038,1,0,0,3225,3226,C
2-PB1,1039,3207,0,2,0,3209,A
2-PB1,1040,3210,0,0,0,3210,A
2-PB1,1041,3201,0,1,0,3202,A
2-PB1,1042,3208,0,5,1,3214,A
2-PB1,1043,0,3224,0,1,3225,T
2-PB1,1044,2,7,3222,0,3231,G
2-PB1,1045,2,2,3220,0,3224,G
2-PB1,1046,4,1,0,3214,3219,C
2-PB1,1047,3218,0,1,0,3219,A
2-PB1,1048,3232,0,1,0,3233,A
2-PB1,1049,1,6,3221,0,3228,G
2-PB1,1050,3224,0,0,0,3224,A
2-PB1,1051,0,3199,0,2,3201,T
2-PB1,1052,0,3270,1,0,3271,T
2-PB1,1053,1,0,3292,0,3293,G
2-PB1,1054,2,6,3290,1,3299,G
2-PB1,1055,0,3,3327,0,3330,G
2-PB1,1056,3323,0,5,0,3328,A
2-PB1,1057,3310,1,1,0,3312,A
2-PB1,1058,3292,1,3,0,3296,A
2-PB1,1059,3284,1,4,0,3289,A
2-PB1,1060,1,4,3393,0,3398,G
2-PB1,1061,1,2,3392,1,3396,G
2-PB1,1062,3390,1,5,0,3396,A
2-PB1,1063,2,3380,0,2,3384,T
2-PB1,1064,3375,1,4,0,3380,A
2-PB1,1065,1,1,0,3381,3383,C
2-PB1,1066,3406,0,2,0,3408,A
2-PB1,1067,0,3396,0,1,3397,T
2-PB1,1068,0,1,3419,0,3420,G
2-PB1,1069,0,3346,1,7,3354,T
2-PB1,1070,0,3348,0,2,3350,T
2-PB1,1071,17,1,0,3320,3338,C
2-PB1,1072,2,1,3340,1,3344,G
2-PB1,1073,3336,1,8,1,3346,A
2-PB1,1074,1,10,3404,0,3415,G
2-PB1,1075,3380,0,5,0,3385,A
2-PB1,1076,0,1,3438,0,3439,G
2-PB1,1077,0,3414,0,1,3415,T
2-PB1,1078,3405,0,1,0,3406,A
2-PB1,1079,3407,1,3,0,3411,A
2-PB1,1080,13,3,3411,0,3427,G
2-PB1,1081,3411,1,6,0,3418,A
2-PB1,1082,1,3,3463,0,3467,G
2-PB1,1083,3379,0,3,0,3382,A
2-PB1,1084,3397,1,3,0,3401,A
2-PB1,1085,1,3363,0,1,3365,T
2-PB1,1086,1,11,3348,0,3360,G
2-PB1,1087,3356,0,1,0,3357,A
2-PB1,1088,3332,0,7,0,3339,A
2-PB1,1089,2,1,3338,0,3341,G
2-PB1,1090,0,0,0,3326,3326,C
2-PB1,1091,0,3270,0,3,3273,T
2-PB1,1092,5,0,0,3276,3281,C
2-PB1,1093,3,1,0,3277,3281,C
2-PB1,1094,2,2,3286,0,3290,G
2-PB1,1095,1,8,3293,0,3302,G
2-PB1,1096,3318,0,2,0,3320,A
2-PB1,1097,3,2,0,3356,3361,C
2-PB1,1098,3355,0,4,0,3359,A
2-PB1,1099,0,0,0,3393,3393,C
2-PB1,1100,3387,1,1,0,3389,A
2-PB1,1101,3378,2,5,0,3385,A
2-PB1,1102,3378,3,1,0,3382,A
2-PB1,1103,0,3399,0,1,3400,T
2-PB1,1104,3391,1,2,0,3394,A
2-PB1,1105,2,1,0,3392,3395,C
2-PB1,1106,2,2,0,3362,3366,C
2-PB1,1107,1,3334,0,2,3337,T
2-PB1,1108,0,0,3360,0,3360,G
2-PB1,1109,0,2,1,3359,3362,C
2-PB1,1110,3364,0,2,0,3366,A
2-PB1,1111,0,5,3362,0,3367,G
2-PB1,1112,3347,0,1,0,3348,A
2-PB1,1113,3342,1,1,1,3345,A
2-PB1,1114,3356,0,1,0,3357,A
2-PB1,1115,1,3352,1,1,3355,T
2-PB1,1116,2,2,3356,0,3360,G
2-PB1,1117,0,0,0,3353,3353,C
2-PB1,1118,2,3340,0,2,3344,T
2-PB1,1119,3387,0,6,1,3394,A
2-PB1,1120,2,4,3383,0,3389,G
2-PB1,1121,0,1,0,3391,3392,C
2-PB1,1122,3388,0,3,0,3391,A
2-PB1,1123,3385,0,2,0,3387,A
2-PB1,1124,1,0,3365,1,3367,G
2-PB1,1125,1,1,0,3367,3369,C
2-PB1,1126,3331,1,1,0,3333,A
2-PB1,1127,0,3408,0,2,3410,T
2-PB1,1128,0,3407,0,4,3411,T
2-PB1,1129,2,6,3489,1,3498,G
2-PB1,1130,3529,0,6,0,3535,A
2-PB1,1131,2,2,0,3522,3526,C
2-PB1,1132,5,0,0,3540,3545,C
2-PB1,1133,2,3452,0,4,3458,T
2-PB1,1134,0,3,3524,1,3528,G
2-PB1,1135,3533,1,1,0,3535,A
2-PB1,1136,3530,0,8,0,3538,A
2-PB1,1137,1,1,3597,0,3599,G
2-PB1,1138,0,3496,0,5,3501,T
2-PB1,1139,3510,0,1,0,3511,A
2-PB1,1140,0,3476,2,4,3482,T
2-PB1,1141,0,3480,0,3,3483,T
2-PB1,1142,4,3469,1,2,3476,T
2-PB1,1143,6,1,0,3426,3433,C
2-PB1,1144,3440,0,0,1,3441,A
2-PB1,1145,3437,0,0,1,3438,A
2-PB1,1146,1,3396,0,4,3401,T
2-PB1,1147,0,11,3406,0,3417,G
2-PB1,1148,3389,0,0,0,3389,A
2-PB1,1149,3399,1,2,1,3403,A
2-PB1,1150,2,3387,0,6,3395,T
2-PB1,1151,7,1,0,3399,3407,C
2-PB1,1152,3404,0,0,0,3404,A
2-PB1,1153,3413,1,1,0,3415,A
2-PB1,1154,0,0,0,3414,3414,C
2-PB1,1155,3398,0,3,0,3401,A
2-PB1,1156,3393,0,1,1,3395,A
2-PB1,1157,1,1,3391,0,3393,G
2-PB1,1158,2,6,3411,0,3419,G
2-PB1,1159,3412,0,2,0,3414,A
2-PB1,1160,3402,0,5,0,3407,A
2-PB1,1161,10,0,3404,0,3414,G
2-PB1,1162,3407,0,1,1,3409,A
2-PB1,1163,3405,1,6,0,3412,A
2-PB1,1164,3401,1,4,1,3407,A
2-PB1,1165,3403,0,2,0,3405,A
2-PB1,1166,0,3393,1,2,3396,T
2-PB1,1167,1,3361,0,1,3363,T
2-PB1,1168,2,4,3360,0,3366,G
2-PB1,1169,3356,0,5,0,3361,A
2-PB1,1170,1,6,3365,0,3372,G
2-PB1,1171,3369,1,1,0,3371,A
2-PB1,1172,3390,0,3,0,3393,A
2-PB1,1173,3436,1,0,1,3438,A
2-PB1,1174,3445,0,1,0,3446,A
2-PB1,1175,2,3440,0,0,3442,T
2-PB1,1176,3448,0,2,0,3450,A
2-PB1,1177,3435,0,10,2,3447,A
2-PB1,1178,1,1,3473,0,3475,G
2-PB1,1179,0,0,3469,0,3469,G
2-PB1,1180,0,0,0,3457,3457,C
2-PB1,1181,2,1,0,3438,3441,C
2-PB1,1182,1,3421,1,15,3438,T
2-PB1,1183,0,0,0,3874,3874,C
2-PB1,1184,1,3914,1,14,3930,T
2-PB1,1185,0,3934,0,3,3937,T
2-PB1,1186,3,0,0,4004,4007,C
2-PB1,1187,0,3984,0,5,3989,T
2-PB1,1188,3997,0,1,0,3998,A
2-PB1,1189,4004,1,3,1,4009,A
2-PB1,1190,0,4009,0,0,4009,T
2-PB1,1191,4024,0,2,0,4026,A
2-PB1,1192,1,2,3935,0,3938,G
2-PB1,1193,3592,1,1,0,3594,A
2-PB1,1194,0,3593,0,3,3596,T
2-PB1,1195,2,2,3542,2,3548,G
2-PB1,1196,1,4,3587,0,3592,G
2-PB1,1197,1,4,0,3568,3573,C
2-PB1,1198,3586,0,5,0,3591,A
2-PB1,1199,0,0,0,3599,3599,C
2-PB1,1200,3548,0,10,0,3558,A
2-PB1,1201,0,0,3688,0,3688,G
2-PB1,1202,3,4,0,3678,3685,C
2-PB1,1203,3675,0,11,0,3686,A
2-PB1,1204,1,3771,0,3,3775,T
2-PB1,1205,9,4,0,3713,3726,C
2-PB1,1206,3761,0,3,0,3764,A
2-PB1,1207,0,3761,1,1,3763,T
2-PB1,1208,1,3744,0,1,3746,T
2-PB1,1209,3,4,3735,1,3743,G
2-PB1,1210,3621,1,7,0,3629,A
2-PB1,1211,0,3,3720,0,3723,G
2-PB1,1212,0,1,1,3700,3702,C
2-PB1,1213,2,0,0,3657,3659,C
2-PB1,1214,1,1,0,3714,3716,C
2-PB1,1215,1,3687,0,4,3692,T
2-PB1,1216,0,3,3931,0,3934,G
2-PB1,1217,0,4,3997,0,4001,G
2-PB1,1218,3975,1,15,0,3991,A
2-PB1,1219,4121,0,3,5,4129,A
2-PB1,1220,1,4004,0,7,4012,T
2-PB1,1221,0,7,4134,0,4141,G
2-PB1,1222,4212,1,5,0,4218,A
2-PB1,1223,3,4242,0,1,4246,T
2-PB1,1224,1,7,4260,0,4268,G
2-PB1,1225,4226,1,5,0,4232,A
2-PB1,1226,0,4176,0,3,4179,T
2-PB1,1227,2,2,4186,0,4190,G
2-PB1,1228,3,2,4256,0,4261,G
2-PB1,1229,0,2,4273,0,4275,G
2-PB1,1230,2,2,0,4228,4232,C
2-PB1,1231,4235,1,1,0,4237,A
2-PB1,1232,0,4259,0,1,4260,T
2-PB1,1233,0,2,4401,0,4403,G
2-PB1,1234,1,4398,0,9,4408,T
2-PB1,1235,2,4417,0,4,4423,T
2-PB1,1236,14,3,1,4431,4449,C
2-PB1,1237,4411,0,3,3,4417,A
2-PB1,1238,4416,1,4,0,4421,A
2-PB1,1239,4,0,0,4414,4418,C
2-PB1,1240,4440,0,5,3,4448,A
2-PB1,1241,0,4451,0,7,4458,T
2-PB1,1242,3,1,4506,0,4510,G
2-PB1,1243,1,1,1,4496,4499,C
2-PB1,1244,0,4503,0,2,4505,T
2-PB1,1245,4556,0,3,0,4559,A
2-PB1,1246,4547,0,12,0,4559,A
2-PB1,1247,3,1,4670,0,4674,G
2-PB1,1248,1,4666,1,2,4670,T
2-PB1,1249,4644,0,4,2,4650,A
2-PB1,1250,0,13,1,4667,4681,C
2-PB1,1251,7,2,4670,0,4679,G
2-PB1,1252,1,0,5000,0,5001,G
2-PB1,1253,0,4987,1,4,4992,T
2-PB1,1254,0,4977,0,0,4977,T
2-PB1,1255,1,4968,0,2,4971,T
2-PB1,1256,0,4937,1,2,4940,T
2-PB1,1257,4939,3,3,0,4945,A
2-PB1,1258,9,4,4931,0,4944,G
2-PB1,1259,1,10,4922,0,4933,G
2-PB1,1260,4838,1,9,0,4848,A
2-PB1,1261,1,1,4809,0,4811,G
2-PB1,1262,0,4872,0,3,4875,T
2-PB1,1263,8,1,0,4878,4887,C
2-PB1,1264,1,4879,0,4,4884,T
2-PB1,1265,6,1,0,4869,4876,C
2-PB1,1266,3,9,4873,0,4885,G
2-PB1,1267,5039,1,3,0,5043,A
2-PB1,1268,0,5044,0,1,5045,T
2-PB1,1269,5066,0,5,0,5071,A
2-PB1,1270,1,0,0,5071,5072,C
2-PB1,1271,0,4980,2,6,4988,T
2-PB1,1272,1,13,4984,0,4998,G
2-PB1,1273,4988,1,3,0,4992,A
2-PB1,1274,5086,0,2,0,5088,A
2-PB1,1275,0,5084,0,2,5086,T
2-PB1,1276,8,1,0,4991,5000,C
2-PB1,1277,3,4982,0,3,4988,T
2-PB1,1278,1,4961,0,7,4969,T
2-PB1,1279,0,10,4974,0,4984,G
2-PB1,1280,2,12,4971,1,4986,G
2-PB1,1281,4980,0,7,0,4987,A
2-PB1,1282,0,1,0,4994,4995,C
2-PB1,1283,4929,1,1,0,4931,A
2-PB1,1284,4980,3,4,0,4987,A
2-PB1,1285,5013,1,4,0,5018,A
2-PB1,1286,5017,2,6,1,5026,A
2-PB1,1287,0,8,5110,1,5119,G
2-PB1,1288,5122,0,11,0,5133,A
2-PB1,1289,5122,0,1,0,5123,A
2-PB1,1290,5120,2,8,1,5131,A
2-PB1,1291,2,5122,0,3,5127,T
2-PB1,1292,5130,1,1,0,5132,A
2-PB1,1293,0,1,0,5314,5315,C
2-PB1,1294,5274,1,8,2,5285,A
2-PB1,1295,1,1,0,5300,5302,C
2-PB1,1296,4,2,0,5254,5260,C
2-PB1,1297,5241,1,2,0,5244,A
2-PB1,1298,5320,0,3,1,5324,A
2-PB1,1299,0,6,5482,0,5488,G
2-PB1,1300,5551,0,6,0,5557,A
2-PB1,1301,1,2,0,5595,5598,C
2-PB1,1302,5497,0,2,0,5499,A
2-PB1,1303,5645,4,6,0,5655,A
2-PB1,1304,6,0,0,5668,5674,C
2-PB1,1305,5779,1,3,0,5783,A
2-PB1,1306,0,5806,1,1,5808,T
2-PB1,1307,5758,1,5,0,5764,A
2-PB1,1308,0,0,0,5851,5851,C
2-PB1,1309,3,5678,0,4,5685,T
2-PB1,1310,2,3,5777,0,5782,G
2-PB1,1311,0,3,5773,0,5776,G
2-PB1,1312,1,5651,0,7,5659,T
2-PB1,1313,1,8,5630,0,5639,G
2-PB1,1314,1,1,5605,2,5609,G
2-PB1,1315,3,4,5631,0,5638,G
2-PB1,1316,5620,0,6,1,5627,A
2-PB1,1317,0,5544,0,3,5547,T
2-PB1,1318,2,4,5544,1,5551,G
2-PB1,1319,5,5,5528,0,5538,G
2-PB1,1320,2,1,5570,0,5573,G
2-PB1,1321,2,2,0,5646,5650,C
2-PB1,1322,0,5626,0,10,5636,T
2-PB1,1323,5,1,0,5650,5656,C
2-PB1,1324,1,4,1,5624,5630,C
2-PB1,1325,5639,1,4,0,5644,A
2-PB1,1326,5639,0,5,1,5645,A
2-PB1,1327,1,5641,0,3,5645,T
2-PB1,1328,12,4,2,5605,5623,C
2-PB1,1329,7,1,0,5566,5574,C
2-PB1,1330,1,5529,0,11,5541,T
2-PB1,1331,14,0,0,5522,5536,C
2-PB1,1332,1,2,1,5517,5521,C
2-PB1,1333,4,7,5520,0,5531,G
2-PB1,1334,5523,1,4,0,5528,A
2-PB1,1335,1,2,0,5515,5518,C
2-PB1,1336,1,15,5521,0,5537,G
2-PB1,1337,5578,0,1,0,5579,A
2-PB1,1338,0,5575,1,3,5579,T
2-PB1,1339,1,5572,0,6,5579,T
2-PB1,1340,0,5567,1,5,5573,T
2-PB1,1341,2,5580,0,5,5587,T
2-PB1,1342,3,7,5586,0,5596,G
2-PB1,1343,0,2,0,5631,5633,C
2-PB1,1344,10,1,0,5620,5631,C
2-PB1,1345,7,1,0,5803,5811,C
2-PB1,1346,1,5730,0,11,5742,T
2-PB1,1347,8,1,0,5954,5963,C
2-PB1,1348,5983,1,5,0,5989,A
2-PB1,1349,1,6012,0,4,6017,T
2-PB1,1350,6003,0,3,0,6006,A
2-PB1,1351,0,0,6089,0,6089,G
2-PB1,1352,0,6028,1,4,6033,T
2-PB1,1353,1,18,6058,1,6078,G
2-PB1,1354,5875,4,8,1,5888,A
2-PB1,1355,5885,1,8,0,5894,A
2-PB1,1356,0,5674,0,1,5675,T
2-PB1,1357,2,3,5674,0,5679,G
2-PB1,1358,5,2,0,5728,5735,C
2-PB1,1359,5731,0,6,1,5738,A
2-PB1,1360,1,0,0,5731,5732,C
2-PB1,1361,8,1,1,5677,5687,C
2-PB1,1362,5668,0,2,0,5670,A
2-PB1,1363,5662,0,3,0,5665,A
2-PB1,1364,5652,0,2,0,5654,A
2-PB1,1365,0,5540,1,4,5545,T
2-PB1,1366,20,4,0,5703,5727,C
2-PB1,1367,5724,1,7,0,5732,A
2-PB1,1368,2,5718,1,4,5725,T
2-PB1,1369,1,6,5720,2,5729,G
2-PB1,1370,5731,0,11,0,5742,A
2-PB1,1371,2,7,5775,1,5785,G
2-PB1,1372,2,6,5772,0,5780,G
2-PB1,1373,3,9,5805,0,5817,G
2-PB1,1374,5774,1,10,0,5785,A
2-PB1,1375,5874,1,6,1,5882,A
2-PB1,1376,2,5893,0,0,5895,T
2-PB1,1377,5906,1,7,0,5914,A
2-PB1,1378,1,2,0,5904,5907,C
2-PB1,1379,5923,0,6,0,5929,A
2-PB1,1380,5925,1,14,1,5941,A
2-PB1,1381,1,1,5922,0,5924,G
2-PB1,1382,1,0,0,5884,5885,C
2-PB1,1383,5839,1,4,1,5845,A
2-PB1,1384,3,1,5896,0,5900,G
2-PB1,1385,0,7,5898,0,5905,G
2-PB1,1386,5867,3,8,1,5879,A
2-PB1,1387,1,3,5912,0,5916,G
2-PB1,1388,2,5842,0,4,5848,T
2-PB1,1389,1,11,5903,0,5915,G
2-PB1,1390,2,8,5913,0,5923,G
2-PB1,1391,5912,0,7,0,5919,A
2-PB1,1392,1,5915,2,1,5919,T
2-PB1,1393,5837,0,9,0,5846,A
2-PB1,1394,0,7,5893,0,5900,G
2-PB1,1395,5978,1,3,0,5982,A
2-PB1,1396,2,5958,0,4,5964,T
2-PB1,1397,1,5946,0,1,5948,T
2-PB1,1398,12,0,1,6087,6100,C
2-PB1,1399,1,6059,0,4,6064,T
2-PB1,1400,6068,0,2,0,6070,A
2-PB1,1401,0,1,0,6064,6065,C
2-PB1,1402,5962,4,4,0,5970,A
2-PB1,1403,2,2,5973,0,5977,G
2-PB1,1404,1,13,5860,0,5874,G
2-PB1,1405,5937,1,8,1,5947,A
2-PB1,1406,5,1,0,5928,5934,C
2-PB1,1407,1,1,1,5806,5809,C
2-PB1,1408,4,5747,0,11,5762,T
2-PB1,1409,4,0,5781,0,5785,G
2-PB1,1410,3,2,0,5767,5772,C
2-PB1,1411,5786,0,6,0,5792,A
2-PB1,1412,5827,2,5,0,5834,A
2-PB1,1413,1,2,5839,0,5842,G
2-PB1,1414,2,5756,0,5,5763,T
2-PB1,1415,1,5765,0,0,5766,T
2-PB1,1416,5697,0,7,5,5709,A
2-PB1,1417,1,0,5723,0,5724,G
2-PB1,1418,1,5691,0,3,5695,T
2-PB1,1419,2,7,5673,0,5682,G
2-PB1,1420,6,6,5671,0,5683,G
2-PB1,1421,4,11,5714,0,5729,G
2-PB1,1422,5689,2,13,1,5705,A
2-PB1,1423,5722,1,2,0,5725,A
2-PB1,1424,1,5707,0,2,5710,T
2-PB1,1425,13,4,0,5705,5722,C
2-PB1,1426,5711,1,7,2,5721,A
2-PB1,1427,5732,0,2,1,5735,A
2-PB1,1428,0,0,0,5728,5728,C
2-PB1,1429,5719,2,0,0,5721,A
2-PB1,1430,1,5589,3,0,5593,T
2-PB1,1431,1,20,5578,0,5599,G
2-PB1,1432,5575,4,9,1,5589,A
2-PB1,1433,0,0,5629,0,5629,G
2-PB1,1434,2,1,0,5608,5611,C
2-PB1,1435,5596,0,4,0,5600,A
2-PB1,1436,5591,1,5,4,5601,A
2-PB1,1437,5603,0,3,0,5606,A
2-PB1,1438,5632,1,9,0,5642,A
2-PB1,1439,5641,2,3,0,5646,A
2-PB1,1440,2,2,5646,0,5650,G
2-PB1,1441,5573,3,7,0,5583,A
2-PB1,1442,5522,1,10,0,5533,A
2-PB1,1443,0,1,5729,0,5730,G
2-PB1,1444,3,5710,0,4,5717,T
2-PB1,1445,12,2,0,5712,5726,C
2-PB1,1446,3,10,0,5731,5744,C
2-PB1,1447,2,5739,1,2,5744,T
2-PB1,1448,5814,1,5,1,5821,A
2-PB1,1449,0,5811,0,3,5814,T
2-PB1,1450,5817,0,0,1,5818,A
2-PB1,1451,2,5800,0,11,5813,T
2-PB1,1452,5667,0,2,2,5671,A
2-PB1,1453,5665,0,4,4,5673,A
2-PB1,1454,5660,0,1,2,5663,A
2-PB1,1455,3,5660,0,1,5664,T
2-PB1,1456,5607,0,1,1,5609,A
2-PB1,1457,5570,2,0,0,5572,A
2-PB1,1458,5586,1,1,0,5588,A
2-PB1,1459,5583,0,9,2,5594,A
2-PB1,1460,0,2,1,5597,5600,C
2-PB1,1461,5340,1,3,0,5344,A
2-PB1,1462,1,5,5333,2,5341,G
2-PB1,1463,1,8,5322,0,5331,G
2-PB1,1464,2,9,5326,1,5338,G
2-PB1,1465,5327,2,12,0,5341,A
2-PB1,1466,2,2,0,5393,5397,C
2-PB1,1467,5348,0,3,0,5351,A
2-PB1,1468,0,5384,0,2,5386,T
2-PB1,1469,0,5375,1,6,5382,T
2-PB1,1470,1,5385,0,4,5390,T
2-PB1,1471,1,24,5369,0,5394,G
2-PB1,1472,5358,1,7,1,5367,A
2-PB1,1473,5359,0,9,0,5368,A
2-PB1,1474,0,5368,0,3,5371,T
2-PB1,1475,0,5269,1,2,5272,T
2-PB1,1476,12,3,0,5277,5292,C
2-PB1,1477,5235,3,4,0,5242,A
2-PB1,1478,0,0,0,5247,5247,C
2-PB1,1479,2,5234,1,3,5240,T
2-PB1,1480,5241,0,2,0,5243,A
2-PB1,1481,2,3,5238,0,5243,G
2-PB1,1482,0,1,0,5246,5247,C
2-PB1,1483,1,5169,0,7,5177,T
2-PB1,1484,1,5238,0,5,5244,T
2-PB1,1485,0,5239,1,2,5242,T
2-PB1,1486,0,5242,1,0,5243,T
2-PB1,1487,0,5240,1,1,5242,T
2-PB1,1488,0,5236,0,6,5242,T
2-PB1,1489,0,5224,1,1,5226,T
2-PB1,1490,5221,0,1,0,5222,A
2-PB1,1491,1,5194,0,3,5198,T
2-PB1,1492,10,1,0,5199,5210,C
2-PB1,1493,4,7,5222,0,5233,G
2-PB1,1494,5357,1,3,0,5361,A
2-PB1,1495,1,5373,0,0,5374,T
2-PB1,1496,5380,1,2,1,5384,A
2-PB1,1497,0,5403,0,3,5406,T
2-PB1,1498,0,11,5386,0,5397,G
2-PB1,1499,2,8,5417,0,5427,G
2-PB1,1500,5427,1,8,0,5436,A
2-PB1,1501,0,5384,1,3,5388,T
2-PB1,1502,0,5358,0,1,5359,T
2-PB1,1503,1,5206,0,3,5210,T
2-PB1,1504,2,0,5214,0,5216,G
2-PB1,1505,0,5191,0,7,5198,T
2-PB1,1506,3,7,5175,0,5185,G
2-PB1,1507,3,1,5177,0,5181,G
2-PB1,1508,1,1,0,5132,5134,C
2-PB1,1509,1,5144,0,0,5145,T
2-PB1,1510,5152,1,0,0,5153,A
2-PB1,1511,5200,0,2,0,5202,A
2-PB1,1512,0,5213,0,2,5215,T
2-PB1,1513,0,5206,0,6,5212,T
2-PB1,1514,1,5223,0,2,5226,T
2-PB1,1515,0,5232,0,0,5232,T
2-PB1,1516,5219,1,6,1,5227,A
2-PB1,1517,0,3,5269,0,5272,G
2-PB1,1518,2,2,0,5264,5268,C
2-PB1,1519,5247,0,3,0,5250,A
2-PB1,1520,1,5206,0,3,5210,T
2-PB1,1521,1,9,5105,0,5115,G
2-PB1,1522,2,4,5169,0,5175,G
2-PB1,1523,5159,0,8,0,5167,A
2-PB1,1524,2,0,5162,0,5164,G
2-PB1,1525,1,0,0,5165,5166,C
2-PB1,1526,1,5097,0,4,5102,T
2-PB1,1527,1,0,5136,0,5137,G
2-PB1,1528,4,3,0,5114,5121,C
2-PB1,1529,4,1,1,5111,5117,C
2-PB1,1530,5,2,0,5125,5132,C
2-PB1,1531,5011,0,2,0,5013,A
2-PB1,1532,3,0,5261,0,5264,G
2-PB1,1533,1,5240,0,2,5243,T
2-PB1,1534,2,5243,0,5,5250,T
2-PB1,1535,0,5242,1,6,5249,T
2-PB1,1536,0,5196,0,1,5197,T
2-PB1,1537,0,4,5166,3,5173,G
2-PB1,1538,0,10,5165,0,5175,G
2-PB1,1539,5145,0,5,0,5150,A
2-PB1,1540,0,1,5162,0,5163,G
2-PB1,1541,0,4726,0,1,4727,T
2-PB1,1542,0,0,4898,0,4898,G
2-PB1,1543,0,4885,0,5,4890,T
2-PB1,1544,16,2,0,4875,4893,C
2-PB1,1545,0,4889,0,5,4894,T
2-PB1,1546,1,6,4914,0,4921,G
2-PB1,1547,3,10,4976,0,4989,G
2-PB1,1548,4985,0,4,0,4989,A
2-PB1,1549,4999,0,5,0,5004,A
2-PB1,1550,0,4983,1,1,4985,T
2-PB1,1551,4584,0,1,0,4585,A
2-PB1,1552,4567,2,7,0,4576,A
2-PB1,1553,4569,0,9,1,4579,A
2-PB1,1554,1,2,0,4582,4585,C
2-PB1,1555,1,4,4521,0,4526,G
2-PB1,1556,4480,1,2,0,4483,A
2-PB1,1557,0,0,4481,0,4481,G
2-PB1,1558,3,4452,0,5,4460,T
2-PB1,1559,11,1,0,4470,4482,C
2-PB1,1560,4453,0,14,0,4467,A
2-PB1,1561,1,3,4512,0,4516,G
2-PB1,1562,0,1,0,4510,4511,C
2-PB1,1563,0,4493,0,6,4499,T
2-PB1,1564,1,7,4640,0,4648,G
2-PB1,1565,4605,0,4,0,4609,A
2-PB1,1566,2,4600,1,3,4606,T
2-PB1,1567,4600,0,7,1,4608,A
2-PB1,1568,0,4534,0,6,4540,T
2-PB1,1569,0,12,4555,0,4567,G
2-PB1,1570,4375,0,2,0,4377,A
2-PB1,1571,3,2,4441,0,4446,G
2-PB1,1572,2,1,0,4443,4446,C
2-PB1,1573,4197,0,2,0,4199,A
2-PB1,1574,0,4182,0,6,4188,T
2-PB1,1575,0,4176,0,2,4178,T
2-PB1,1576,2,2,4229,0,4233,G
2-PB1,1577,0,2,4358,1,4361,G
2-PB1,1578,4270,0,17,0,4287,A
2-PB1,1579,2,0,4288,0,4290,G
2-PB1,1580,3,4133,0,5,4141,T
2-PB1,1581,4137,0,1,0,4138,A
2-PB1,1582,4124,0,4,1,4129,A
2-PB1,1583,3,2,0,4149,4154,C
2-PB1,1584,4118,1,1,1,4121,A
2-PB1,1585,0,0,4206,1,4207,G
2-PB1,1586,1,3795,0,4,3800,T
2-PB1,1587,4,4,3840,0,3848,G
2-PB1,1588,3890,0,3,0,3893,A
2-PB1,1589,1,3880,0,3,3884,T
2-PB1,1590,3873,0,1,0,3874,A
2-PB1,1591,3874,0,3,1,3878,A
2-PB1,1592,3773,2,13,0,3788,A
2-PB1,1593,1,5,3828,0,3834,G
2-PB1,1594,3625,1,2,1,3629,A
2-PB1,1595,3610,1,7,0,3618,A
2-PB1,1596,0,3,0,3616,3619,C
2-PB1,1597,3474,0,3,0,3477,A
2-PB1,1598,3515,1,1,0,3517,A
2-PB1,1599,3,2,0,3527,3532,C
2-PB1,1600,3576,0,3,0,3579,A
2-PB1,1601,0,3559,8,1,3568,T
2-PB1,1602,2,5,3498,0,3505,G
2-PB1,1603,3503,1,1,0,3505,A
2-PB1,1604,1,3501,0,3,3505,T
2-PB1,1605,3442,0,3,1,3446,A
2-PB1,1606,3467,1,4,1,3473,A
2-PB1,1607,3460,1,5,0,3466,A
2-PB1,1608,0,1,1,3479,3481,C
2-PB1,1609,3349,0,2,0,3351,A
2-PB1,1610,3334,0,2,0,3336,A
2-PB1,1611,1,3264,0,0,3265,T
2-PB1,1612,1,8,3246,0,3255,G
2-PB1,1613,3318,1,8,0,3327,A
2-PB1,1614,0,0,0,3352,3352,C
2-PB1,1615,1,0,0,3294,3295,C
2-PB1,1616,0,3179,0,1,3180,T
2-PB1,1617,1,3119,0,2,3122,T
2-PB1,1618,3,5,3122,0,3130,G
2-PB1,1619,1,3,3153,0,3157,G
2-PB1,1620,3184,1,5,0,3190,A
2-PB1,1621,1,0,0,3177,3178,C
2-PB1,1622,2,2,0,3130,3134,C
2-PB1,1623,3109,0,5,0,3114,A
2-PB1,1624,0,0,3148,0,3148,G
2-PB1,1625,6,1,0,3139,3146,C
2-PB1,1626,3149,1,4,0,3154,A
2-PB1,1627,3148,1,1,0,3150,A
2-PB1,1628,2,0,0,3137,3139,C
2-PB1,1629,3100,0,1,0,3101,A
2-PB1,1630,1,1,3170,1,3173,G
2-PB1,1631,1,0,0,3176,3177,C
2-PB1,1632,4,2,0,3169,3175,C
2-PB1,1633,5,0,0,3169,3174,C
2-PB1,1634,3174,2,0,0,3176,A
2-PB1,1635,3170,1,1,0,3172,A
2-PB1,1636,3174,0,0,0,3174,A
2-PB1,1637,0,3174,0,2,3176,T
2-PB1,1638,1,1,3173,0,3175,G
2-PB1,1639,2,1,3142,0,3145,G
2-PB1,1640,0,1,0,3138,3139,C
2-PB1,1641,0,3114,0,5,3119,T
2-PB1,1642,4,0,1,3192,3197,C
2-PB1,1643,1,3194,2,5,3202,T
2-PB1,1644,5,0,0,3209,3214,C
2-PB1,1645,1,0,0,3227,3228,C
2-PB1,1646,3229,2,3,0,3234,A
2-PB1,1647,3236,0,1,0,3237,A
2-PB1,1648,0,3211,1,2,3214,T
2-PB1,1649,0,3198,0,0,3198,T
2-PB1,1650,3,0,3212,1,3216,G
2-PB1,1651,0,3151,0,4,3155,T
2-PB1,1652,0,3147,0,2,3149,T
2-PB1,1653,9,6,1,3147,3163,C
2-PB1,1654,3157,1,0,0,3158,A
2-PB1,1655,0,3156,0,4,3160,T
2-PB1,1656,7,1,0,3153,3161,C
2-PB1,1657,3161,0,2,0,3163,A
2-PB1,1658,3162,0,1,0,3163,A
2-PB1,1659,3143,2,6,0,3151,A
2-PB1,1660,0,2,3242,0,3244,G
2-PB1,1661,3228,0,6,0,3234,A
2-PB1,1662,0,3233,1,2,3236,T
2-PB1,1663,0,3232,0,1,3233,T
2-PB1,1664,3230,0,3,0,3233,A
2-PB1,1665,2,1,0,3293,3296,C
2-PB1,1666,3271,0,10,1,3282,A
2-PB1,1667,0,3,3330,0,3333,G
2-PB1,1668,3301,0,6,1,3308,A
2-PB1,1669,0,3355,0,0,3355,T
2-PB1,1670,3362,1,5,0,3368,A
2-PB1,1671,1,2,0,3571,3574,C
2-PB1,1672,3632,1,5,0,3638,A
2-PB1,1673,0,0,0,3857,3857,C
2-PB1,1674,3785,0,5,0,3790,A
2-PB1,1675,0,3821,0,1,3822,T
2-PB1,1676,3782,2,2,0,3786,A
2-PB1,1677,1,3775,0,0,3776,T
2-PB1,1678,3704,1,1,0,3706,A
2-PB1,1679,2,4,3695,0,3701,G
2-PB1,1680,0,2,3657,1,3660,G
2-PB1,1681,0,3489,0,5,3494,T
2-PB1,1682,2,1,3437,0,3440,G
2-PB1,1683,1,0,1,3552,3554,C
2-PB1,1684,4,2,1,3545,3552,C
2-PB1,1685,3582,0,6,0,3588,A
2-PB1,1686,0,3585,0,2,3587,T
2-PB1,1687,3589,1,5,0,3595,A
2-PB1,1688,0,2,3600,0,3602,G
2-PB1,1689,3518,1,4,0,3523,A
2-PB1,1690,0,1,3551,3,3555,G
2-PB1,1691,0,3,3537,1,3541,G
2-PB1,1692,3402,0,3,0,3405,A
2-PB1,1693,0,6,3414,0,3420,G
2-PB1,1694,3388,1,9,0,3398,A
2-PB1,1695,0,1,0,3410,3411,C
2-PB1,1696,3400,0,5,0,3405,A
2-PB1,1697,1,0,0,3429,3430,C
2-PB1,1698,3420,1,4,0,3425,A
2-PB1,1699,0,1,0,3430,3431,C
2-PB1,1700,3407,0,2,0,3409,A
2-PB1,1701,3431,0,2,0,3433,A
2-PB1,1702,3449,1,5,0,3455,A
2-PB1,1703,0,3444,0,2,3446,T
2-PB1,1704,7,1,1,3438,3447,C
2-PB1,1705,5,1,1,3436,3443,C
2-PB1,1706,3409,0,4,2,3415,A
2-PB1,1707,1,5,3421,0,3427,G
2-PB1,1708,3426,1,4,0,3431,A
2-PB1,1709,2,2,0,3446,3450,C
2-PB1,1710,2,3,3437,0,3442,G
2-PB1,1711,3419,2,5,0,3426,A
2-PB1,1712,2,4,3425,1,3432,G
2-PB1,1713,3423,0,6,0,3429,A
2-PB1,1714,3424,2,6,0,3432,A
2-PB1,1715,0,7,3434,0,3441,G
2-PB1,1716,3429,0,7,1,3437,A
2-PB1,1717,0,3419,0,8,3427,T
2-PB1,1718,5,1,1,3397,3404,C
2-PB1,1719,3419,0,0,0,3419,A
2-PB1,1720,0,3408,0,0,3408,T
2-PB1,1721,0,3405,0,0,3405,T
2-PB1,1722,9,1,0,3395,3405,C
2-PB1,1723,0,5,3405,0,3410,G
2-PB1,1724,3390,1,4,0,3395,A
2-PB1,1725,1,3,3393,0,3397,G
2-PB1,1726,3379,0,3,0,3382,A
2-PB1,1727,1,3510,0,1,3512,T
2-PB1,1728,3512,1,2,0,3515,A
2-PB1,1729,3528,0,1,0,3529,A
2-PB1,1730,3525,0,5,0,3530,A
2-PB1,1731,0,3,3535,1,3539,G
2-PB1,1732,3527,1,4,1,3533,A
2-PB1,1733,3435,0,6,1,3442,A
2-PB1,1734,1,0,3449,0,3450,G
2-PB1,1735,0,1,0,3446,3447,C
2-PB1,1736,1,3396,0,3,3400,T
2-PB1,1737,4,1,3416,0,3421,G
2-PB1,1738,0,3418,0,2,3420,T
2-PB1,1739,0,2,3391,1,3394,G
2-PB1,1740,0,2,3411,0,3413,G
2-PB1,1741,8,9,3422,0,3439,G
2-PB1,1742,3445,1,14,0,3460,A
2-PB1,1743,0,3430,0,2,3432,T
2-PB1,1744,8,1,0,3413,3422,C
2-PB1,1745,3417,1,1,0,3419,A
2-PB1,1746,3427,0,2,0,3429,A
2-PB1,1747,3441,0,9,0,3450,A
2-PB1,1748,1,2,0,3447,3450,C
2-PB1,1749,2,1,0,3433,3436,C
2-PB1,1750,4,0,0,3424,3428,C
2-PB1,1751,3429,1,1,0,3431,A
2-PB1,1752,3496,0,7,0,3503,A
2-PB1,1753,1,3498,0,1,3500,T
2-PB1,1754,8,0,0,3494,3502,C
2-PB1,1755,3451,0,25,0,3476,A
2-PB1,1756,3449,2,5,0,3456,A
2-PB1,1757,1,5,3505,0,3511,G
2-PB1,1758,4,3,3477,1,3485,G
2-PB1,1759,2,4,3485,0,3491,G
2-PB1,1760,0,3,0,3495,3498,C
2-PB1,1761,3427,0,2,0,3429,A
2-PB1,1762,1,1,3516,0,3518,G
2-PB1,1763,1,2,3538,0,3541,G
2-PB1,1764,3568,0,2,0,3570,A
2-PB1,1765,0,1,0,3605,3606,C
2-PB1,1766,1,3552,0,1,3554,T
2-PB1,1767,3644,1,1,0,3646,A
2-PB1,1768,0,3638,0,2,3640,T
2-PB1,1769,0,3641,0,0,3641,T
2-PB1,1770,5,1,3638,0,3644,G
2-PB1,1771,3,0,3677,0,3680,G
2-PB1,1772,1,3636,0,2,3639,T
2-PB1,1773,3646,1,1,0,3648,A
2-PB1,1774,2,3587,0,4,3593,T
2-PB1,1775,6,2,0,3591,3599,C
2-PB1,1776,3543,0,4,0,3547,A
2-PB1,1777,1,0,3578,0,3579,G
2-PB1,1778,3570,0,2,0,3572,A
2-PB1,1779,0,3538,0,0,3538,T
2-PB1,1780,1,2,3386,0,3389,G
2-PB1,1781,1,0,3378,0,3379,G
2-PB1,1782,1,4,3372,0,3377,G
2-PB1,1783,3,7,3378,0,3388,G
2-PB1,1784,2,0,3395,0,3397,G
2-PB1,1785,3388,3,6,0,3397,A
2-PB1,1786,1,2,1,3372,3376,C
2-PB1,1787,9,2,0,3350,3361,C
2-PB1,1788,3368,0,2,0,3370,A
2-PB1,1789,3613,0,4,0,3617,A
2-PB1,1790,3633,0,3,0,3636,A
2-PB1,1791,0,0,0,3720,3720,C
2-PB1,1792,0,3673,0,2,3675,T
2-PB1,1793,0,3666,0,1,3667,T
2-PB1,1794,3685,0,1,1,3687,A
2-PB1,1795,0,3681,0,1,3682,T
2-PB1,1796,3693,0,5,0,3698,A
2-PB1,1797,1,1,0,3698,3700,C
2-PB1,1798,3434,0,3,1,3438,A
2-PB1,1799,3448,0,2,0,3450,A
2-PB1,1800,1,3373,0,0,3374,T
2-PB1,1801,3427,0,0,0,3427,A
2-PB1,1802,0,3425,0,6,3431,T
2-PB1,1803,3,2,0,3409,3414,C
2-PB1,1804,5,9,0,3393,3407,C
2-PB1,1805,0,3,3406,1,3410,G
2-PB1,1806,1,4,3414,1,3420,G
2-PB1,1807,3421,0,0,0,3421,A
2-PB1,1808,3418,3,0,2,3423,A
2-PB1,1809,0,3419,0,10,3429,T
2-PB1,1810,4,0,1,3451,3456,C
2-PB1,1811,0,3434,1,4,3439,T
2-PB1,1812,0,3456,0,1,3457,T
2-PB1,1813,3,0,0,3450,3453,C
2-PB1,1814,3448,3,4,0,3455,A
2-PB1,1815,1,3,0,3470,3474,C
2-PB1,1816,3453,0,2,1,3456,A
2-PB1,1817,0,3715,0,4,3719,T
2-PB1,1818,6,4,1,3723,3734,C
2-PB1,1819,3,0,1,3728,3732,C
2-PB1,1820,3,1,1,3749,3754,C
2-PB1,1821,0,3738,3,9,3750,T
2-PB1,1822,1,3,3750,0,3754,G
2-PB1,1823,3729,0,1,13,3743,A
2-PB1,1824,3727,0,11,0,3738,A
2-PB1,1825,2,1,3742,0,3745,G
2-PB1,1826,1,3519,0,2,3522,T
2-PB1,1827,6,0,0,3520,3526,C
2-PB1,1828,1,3461,0,4,3466,T
2-PB1,1829,0,0,3537,0,3537,G
2-PB1,1830,1,2,0,3535,3538,C
2-PB1,1831,0,3533,0,6,3539,T
2-PB1,1832,0,3535,1,0,3536,T
2-PB1,1833,3541,0,0,0,3541,A
2-PB1,1834,3529,0,3,0,3532,A
2-PB1,1835,3531,1,1,0,3533,A
2-PB1,1836,3434,0,6,1,3441,A
2-PB1,1837,0,3470,0,0,3470,T
2-PB1,1838,2,1,3471,0,3474,G
2-PB1,1839,0,8,3457,0,3465,G
2-PB1,1840,2,2,3476,0,3480,G
2-PB1,1841,3462,0,11,0,3473,A
2-PB1,1842,0,1,3482,0,3483,G
2-PB1,1843,0,2,0,3471,3473,C
2-PB1,1844,0,3466,0,3,3469,T
2-PB1,1845,1,8,3482,0,3491,G
2-PB1,1846,3489,0,3,0,3492,A
2-PB1,1847,2,3488,0,2,3492,T
2-PB1,1848,2,5,3495,1,3503,G
2-PB1,1849,0,3,3513,1,3517,G
2-PB1,1850,3508,0,5,1,3514,A
2-PB1,1851,0,3504,0,2,3506,T
2-PB1,1852,1,5,3503,0,3509,G
2-PB1,1853,3486,4,3,0,3493,A
2-PB1,1854,0,4,3539,0,3543,G
2-PB1,1855,3537,0,1,0,3538,A
2-PB1,1856,3540,2,1,1,3544,A
2-PB1,1857,0,3525,0,0,3525,T
2-PB1,1858,0,3508,0,2,3510,T
2-PB1,1859,3513,1,1,0,3515,A
2-PB1,1860,0,3509,0,5,3514,T
2-PB1,1861,7,1,0,3507,3515,C
2-PB1,1862,1,2,3525,0,3528,G
2-PB1,1863,1,1,3498,0,3500,G
2-PB1,1864,1,5,3490,0,3496,G
2-PB1,1865,0,5,3500,0,3505,G
2-PB1,1866,3498,0,1,0,3499,A
2-PB1,1867,3488,0,8,0,3496,A
2-PB1,1868,0,9,3519,1,3529,G
2-PB1,1869,3545,1,7,0,3553,A
2-PB1,1870,0,1,0,3571,3572,C
2-PB1,1871,0,3524,0,8,3532,T
2-PB1,1872,1,3578,0,1,3580,T
2-PB1,1873,2,3594,0,0,3596,T
2-PB1,1874,2,1,3625,0,3628,G
2-PB1,1875,0,3622,1,3,3626,T
2-PB1,1876,3597,0,11,0,3608,A
2-PB1,1877,3598,1,3,0,3602,A
2-PB1,1878,3,3521,0,8,3532,T
2-PB1,1879,9,3,0,3538,3550,C
2-PB1,1880,4,1,0,3536,3541,C
2-PB1,1881,7,0,0,3508,3515,C
2-PB1,1882,3,1,0,3531,3535,C
2-PB1,1883,0,3512,1,6,3519,T
2-PB1,1884,2,9,3518,0,3529,G
2-PB1,1885,3517,0,0,0,3517,A
2-PB1,1886,3534,1,0,0,3535,A
2-PB1,1887,3,3523,0,5,3531,T
2-PB1,1888,4,2,0,3524,3530,C
2-PB1,1889,1,2,0,3501,3504,C
2-PB1,1890,2,1,0,3472,3475,C
2-PB1,1891,1,3460,0,7,3468,T
2-PB1,1892,0,3473,0,2,3475,T
2-PB1,1893,0,3456,0,4,3460,T
2-PB1,1894,4,1,3456,0,3461,G
2-PB1,1895,0,3454,0,6,3460,T
2-PB1,1896,5,1,1,3443,3450,C
2-PB1,1897,3413,0,3,0,3416,A
2-PB1,1898,0,2,3472,0,3474,G
2-PB1,1899,2,0,0,3471,3473,C
2-PB1,1900,3,0,0,3458,3461,C
2-PB1,1901,3473,0,2,0,3475,A
2-PB1,1902,0,3474,0,12,3486,T
2-PB1,1903,3480,0,3,2,3485,A
2-PB1,1904,3491,0,1,1,3493,A
2-PB1,1905,3489,1,2,0,3492,A
2-PB1,1906,0,1,3538,0,3539,G
2-PB1,1907,3461,0,1,0,3462,A
2-PB1,1908,3472,0,3,0,3475,A
2-PB1,1909,3473,0,3,0,3476,A
2-PB1,1910,0,3466,0,2,3468,T
2-PB1,1911,2,3451,0,1,3454,T
2-PB1,1912,0,4,3456,1,3461,G
2-PB1,1913,3424,0,4,1,3429,A
2-PB1,1914,2,0,3477,0,3479,G
2-PB1,1915,1,3463,0,0,3464,T
2-PB1,1916,3,0,1,3490,3494,C
2-PB1,1917,3,3467,0,1,3471,T
2-PB1,1918,10,0,3549,1,3560,G
2-PB1,1919,0,3553,0,9,3562,T
2-PB1,1920,3593,0,8,0,3601,A
2-PB1,1921,3594,0,3,0,3597,A
2-PB1,1922,3590,0,5,0,3595,A
2-PB1,1923,0,0,0,3608,3608,C
2-PB1,1924,3482,1,0,0,3483,A
2-PB1,1925,3558,0,1,0,3559,A
2-PB1,1926,1,3543,0,1,3545,T
2-PB1,1927,1,1,3531,0,3533,G
2-PB1,1928,1,0,0,3556,3557,C
2-PB1,1929,0,3510,0,6,3516,T
2-PB1,1930,2,1,3629,1,3633,G
2-PB1,1931,0,3635,0,5,3640,T
2-PB1,1932,3671,1,10,0,3682,A
2-PB1,1933,1,0,3697,0,3698,G
2-PB1,1934,0,3618,0,2,3620,T
2-PB1,1935,3604,0,3,0,3607,A
2-PB1,1936,3573,0,2,0,3575,A
2-PB1,1937,1,3535,0,4,3540,T
2-PB1,1938,1,3,3533,0,3537,G
2-PB1,1939,0,6,0,3467,3473,C
2-PB1,1940,2,3,0,3433,3438,C
2-PB1,1941,3364,2,5,0,3371,A
2-PB1,1942,0,1,3431,0,3432,G
2-PB1,1943,1,1,0,3474,3476,C
2-PB1,1944,0,2,0,3487,3489,C
2-PB1,1945,3,2,0,3477,3482,C
2-PB1,1946,3464,0,4,0,3468,A
2-PB1,1947,3,3466,0,5,3474,T
2-PB1,1948,0,6,3466,0,3472,G
2-PB1,1949,6,4,3499,0,3509,G
2-PB1,1950,1,3497,1,7,3506,T
2-PB1,1951,8,0,1,3416,3425,C
2-PB1,1952,3,1,0,3371,3375,C
2-PB1,1953,2,3338,0,9,3349,T
2-PB1,1954,3,0,3411,0,3414,G
2-PB1,1955,5,3,0,3398,3406,C
2-PB1,1956,6,4,0,3400,3410,C
2-PB1,1957,3408,0,2,0,3410,A
2-PB1,1958,3370,0,1,2,3373,A
2-PB1,1959,3367,1,2,0,3370,A
2-PB1,1960,3388,0,1,0,3389,A
2-PB1,1961,0,0,3444,0,3444,G
2-PB1,1962,0,3380,2,1,3383,T
2-PB1,1963,3379,1,1,1,3382,A
2-PB1,1964,0,3380,0,3,3383,T
2-PB1,1965,2,4,3382,1,3389,G
2-PB1,1966,1,7,3460,0,3468,G
2-PB1,1967,3454,1,3,0,3458,A
2-PB1,1968,3494,0,4,0,3498,A
2-PB1,1969,0,3478,1,3,3482,T
2-PB1,1970,3436,0,3,0,3439,A
2-PB1,1971,1,3430,0,2,3433,T
2-PB1,1972,2,3,3400,0,3405,G
2-PB1,1973,3406,0,4,0,3410,A
2-PB1,1974,0,3394,1,2,3397,T
2-PB1,1975,1,1,3320,0,3322,G
2-PB1,1976,1,0,0,3324,3325,C
2-PB1,1977,3,0,1,3263,3267,C
2-PB1,1978,1,1,3277,0,3279,G
2-PB1,1979,0,3263,0,1,3264,T
2-PB1,1980,0,3267,2,4,3273,T
2-PB1,1981,5,1,3269,0,3275,G
2-PB1,1982,2,1,0,3329,3332,C
2-PB1,1983,3329,0,4,0,3333,A
2-PB1,1984,3370,0,1,0,3371,A
2-PB1,1985,0,0,0,3375,3375,C
2-PB1,1986,0,3351,0,2,3353,T
2-PB1,1987,3358,2,1,0,3361,A
2-PB1,1988,0,0,0,3356,3356,C
2-PB1,1989,3350,0,4,0,3354,A
2-PB1,1990,0,3,0,3355,3358,C
2-PB1,1991,3232,1,2,0,3235,A
2-PB1,1992,0,0,1,3492,3493,C
2-PB1,1993,0,3427,0,6,3433,T
2-PB1,1994,4,0,0,3430,3434,C
2-PB1,1995,0,0,0,3438,3438,C
2-PB1,1996,0,3424,1,4,3429,T
2-PB1,1997,1,2,3422,1,3426,G
2-PB1,1998,1,2,3420,0,3423,G
2-PB1,1999,3424,0,1,0,3425,A
2-PB1,2000,0,3421,2,0,3423,T
2-PB1,2001,0,3121,2,3,3126,T
2-PB1,2002,7,1,0,3166,3174,C
2-PB1,2003,4,1,0,3164,3169,C
2-PB1,2004,0,2,1,3179,3182,C
2-PB1,2005,3180,1,3,0,3184,A
2-PB1,2006,3168,1,2,1,3172,A
2-PB1,2007,2,2,3168,0,3172,G
2-PB1,2008,3160,0,5,0,3165,A
2-PB1,2009,0,4,3156,0,3160,G
2-PB1,2010,0,7,3155,0,3162,G
2-PB1,2011,3114,1,2,0,3117,A
2-PB1,2012,3116,0,4,0,3120,A
2-PB1,2013,0,1,0,3120,3121,C
2-PB1,2014,1,0,0,3100,3101,C
2-PB1,2015,1,0,3149,0,3150,G
2-PB1,2016,0,2,0,3144,3146,C
2-PB1,2017,0,3140,0,2,3142,T
2-PB1,2018,4,0,0,3152,3156,C
2-PB1,2019,3,3134,0,2,3139,T
2-PB1,2020,3332,1,1,0,3334,A
2-PB1,2021,0,3314,0,8,3322,T
2-PB1,2022,0,3330,0,4,3334,T
2-PB1,2023,6,0,1,3338,3345,C
2-PB1,2024,0,3219,1,1,3221,T
2-PB1,2025,3223,0,1,0,3224,A
2-PB1,2026,3222,0,0,0,3222,A
2-PB1,2027,3230,3,1,0,3234,A
2-PB1,2028,6,1,0,3228,3235,C
2-PB1,2029,3004,1,1,0,3006,A
2-PB1,2030,0,0,0,3010,3010,C
2-PB1,2031,2967,0,1,0,2968,A
2-PB1,2032,2980,1,6,1,2988,A
2-PB1,2033,1,1,2993,0,2995,G
2-PB1,2034,1,1,0,2997,2999,C
2-PB1,2035,8,1,0,2993,3002,C
2-PB1,2036,2970,0,1,0,2971,A
2-PB1,2037,2969,0,3,0,2972,A
2-PB1,2038,2965,1,6,0,2972,A
2-PB1,2039,1,0,2986,1,2988,G
2-PB1,2040,1,2,2985,0,2988,G
2-PB1,2041,0,0,2932,0,2932,G
2-PB1,2042,1,0,2931,0,2932,G
2-PB1,2043,2910,1,1,0,2912,A
2-PB1,2044,2930,0,2,0,2932,A
2-PB1,2045,0,2923,0,2,2925,T
2-PB1,2046,0,2912,0,13,2925,T
2-PB1,2047,8,0,0,2934,2942,C
2-PB1,2048,0,2910,0,4,2914,T
2-PB1,2049,0,2909,0,2,2911,T
2-PB1,2050,0,1,2921,0,2922,G
2-PB1,2051,2911,1,2,1,2915,A
2-PB1,2052,0,4,2924,0,2928,G
2-PB1,2053,0,1,2911,0,2912,G
2-PB1,2054,2898,2,0,0,2900,A
2-PB1,2055,0,2894,0,2,2896,T
2-PB1,2056,0,9,2894,1,2904,G
2-PB1,2057,2902,0,2,0,2904,A
2-PB1,2058,2901,0,7,0,2908,A
2-PB1,2059,0,1,0,2914,2915,C
2-PB1,2060,2875,0,0,0,2875,A
2-PB1,2061,0,0,2911,0,2911,G
2-PB1,2062,2898,0,2,0,2900,A
2-PB1,2063,0,2884,1,1,2886,T
2-PB1,2064,2,0,2888,1,2891,G
2-PB1,2065,1,2910,1,4,2916,T
2-PB1,2066,2918,1,0,0,2919,A
2-PB1,2067,0,1,0,2902,2903,C
2-PB1,2068,2,1,0,2891,2894,C
2-PB1,2069,2865,0,4,0,2869,A
2-PB1,2070,0,0,2839,0,2839,G
2-PB1,2071,2810,1,1,0,2812,A
2-PB1,2072,2796,0,0,0,2796,A
2-PB1,2073,0,0,2805,0,2805,G
2-PB1,2074,0,2639,0,2,2641,T
2-PB1,2075,0,1,2643,0,2644,G
2-PB1,2076,0,0,0,2645,2645,C
2-PB1,2077,0,2642,0,3,2645,T
2-PB1,2078,2,0,2642,0,2644,G
2-PB1,2079,1,1,0,2633,2635,C
2-PB1,2080,2630,0,5,0,2635,A
2-PB1,2081,2632,2,2,0,2636,A
2-PB1,2082,1,0,0,2606,2607,C
2-PB1,2083,0,2597,1,1,2599,T
2-PB1,2084,0,2570,0,0,2570,T
2-PB1,2085,1,0,2567,0,2568,G
2-PB1,2086,0,2561,0,3,2564,T
2-PB1,2087,0,2561,0,2,2563,T
2-PB1,2088,10,8,0,2542,2560,C
2-PB1,2089,2,6,2552,0,2560,G
2-PB1,2090,2555,0,3,0,2558,A
2-PB1,2091,0,2,2552,1,2555,G
2-PB1,2092,2559,1,2,0,2562,A
2-PB1,2093,2550,2,3,1,2556,A
2-PB1,2094,2559,0,1,0,2560,A
2-PB1,2095,0,2560,0,0,2560,T
2-PB1,2096,0,2555,1,1,2557,T
2-PB1,2097,0,2558,0,1,2559,T
2-PB1,2098,0,2556,0,2,2558,T
2-PB1,2099,1,2543,0,3,2547,T
2-PB1,2100,8,0,0,2550,2558,C
2-PB1,2101,2,1,0,2559,2562,C
2-PB1,2102,1,8,0,2552,2561,C
2-PB1,2103,2,2547,1,1,2551,T
2-PB1,2104,2549,0,1,0,2550,A
2-PB1,2105,1,0,2567,0,2568,G
2-PB1,2106,1,2561,0,3,2565,T
2-PB1,2107,2582,0,0,0,2582,A
2-PB1,2108,1,0,2600,0,2601,G
2-PB1,2109,0,2563,0,8,2571,T
2-PB1,2110,2,2631,0,5,2638,T
2-PB1,2111,15,0,0,2637,2652,C
2-PB1,2112,2695,0,4,0,2699,A
2-PB1,2113,0,2699,0,4,2703,T
2-PB1,2114,2694,0,3,0,2697,A
2-PB1,2115,0,2694,0,3,2697,T
2-PB1,2116,2610,2,2,0,2614,A
2-PB1,2117,0,0,2607,0,2607,G
2-PB1,2118,1,1,2588,0,2590,G
2-PB1,2119,2319,0,14,0,2333,A
2-PB1,2120,0,4,2325,0,2329,G
2-PB1,2121,2193,0,1,0,2194,A
2-PB1,2122,0,1,0,2193,2194,C
2-PB1,2123,0,0,0,2091,2091,C
2-PB1,2124,1,3,2082,0,2086,G
2-PB1,2125,2077,0,5,0,2082,A
2-PB1,2126,0,2068,0,2,2070,T
2-PB1,2127,0,2075,0,0,2075,T
2-PB1,2128,0,3,2067,0,2070,G
2-PB1,2129,2,6,2065,0,2073,G
2-PB1,2130,2073,2,0,0,2075,A
2-PB1,2131,2066,0,6,0,2072,A
2-PB1,2132,0,2058,0,0,2058,T
2-PB1,2133,0,2063,0,1,2064,T
2-PB1,2134,1,2058,0,3,2062,T
2-PB1,2135,3,0,0,2063,2066,C
2-PB1,2136,0,2069,0,2,2071,T
2-PB1,2137,2059,0,0,1,2060,A
2-PB1,2138,0,1,2067,0,2068,G
2-PB1,2139,0,0,0,2053,2053,C
2-PB1,2140,2059,0,1,0,2060,A
2-PB1,2141,1,2047,0,0,2048,T
2-PB1,2142,3,1,2030,0,2034,G
2-PB1,2143,1,0,2080,0,2081,G
2-PB1,2144,0,2076,0,1,2077,T
2-PB1,2145,1,0,2070,0,2071,G
2-PB1,2146,0,0,2069,0,2069,G
2-PB1,2147,2040,0,10,0,2050,A
2-PB1,2148,0,0,2051,0,2051,G
2-PB1,2149,3,0,2044,1,2048,G
2-PB1,2150,2,0,0,2040,2042,C
2-PB1,2151,0,2,0,2026,2028,C
2-PB1,2152,1895,0,5,0,1900,A
2-PB1,2153,0,1896,1,0,1897,T
2-PB1,2154,0,0,1909,0,1909,G
2-PB1,2155,1,0,1922,0,1923,G
2-PB1,2156,0,1872,0,5,1877,T
2-PB1,2157,0,0,1894,0,1894,G
2-PB1,2158,0,1860,0,2,1862,T
2-PB1,2159,5,0,0,1840,1845,C
2-PB1,2160,0,1841,0,3,1844,T
2-PB1,2161,1825,0,0,0,1825,A
2-PB1,2162,0,2,1821,0,1823,G
2-PB1,2163,1,2,1779,0,1782,G
2-PB1,2164,2,0,1753,0,1755,G
2-PB1,2165,0,0,0,1733,1733,C
2-PB1,2166,3,1,0,1652,1656,C
2-PB1,2167,0,1,0,1623,1624,C
2-PB1,2168,0,0,1626,0,1626,G
2-PB1,2169,1,2,1624,0,1627,G
2-PB1,2170,1627,0,0,0,1627,A
2-PB1,2171,0,1625,0,1,1626,T
2-PB1,2172,0,1551,0,0,1551,T
2-PB1,2173,0,0,1534,0,1534,G
2-PB1,2174,1530,0,1,0,1531,A
2-PB1,2175,0,1535,0,1,1536,T
2-PB1,2176,0,0,1536,0,1536,G
2-PB1,2177,0,1,0,1507,1508,C
2-PB1,2178,1,2,0,1497,1500,C
2-PB1,2179,1496,1,0,0,1497,A
2-PB1,2180,0,2,1493,0,1495,G
2-PB1,2181,1493,0,3,0,1496,A
2-PB1,2182,1492,0,1,0,1493,A
2-PB1,2183,0,1486,0,1,1487,T
2-PB1,2184,0,1453,1,1,1455,T
2-PB1,2185,0,2,1450,0,1452,G
2-PB1,2186,1449,0,1,0,1450,A
2-PB1,2187,0,0,0,1446,1446,C
2-PB1,2188,2,1437,0,2,1441,T
2-PB1,2189,1,1427,0,1,1429,T
2-PB1,2190,1,0,0,1427,1428,C
2-PB1,2191,0,0,1429,0,1429,G
2-PB1,2192,1428,0,0,0,1428,A
2-PB1,2193,1,0,1409,0,1410,G
2-PB1,2194,0,1420,0,2,1422,T
2-PB1,2195,3,1,0,1416,1420,C
2-PB1,2196,2,1416,3,1,1422,T
2-PB1,2197,0,0,1423,0,1423,G
2-PB1,2198,0,1,1422,0,1423,G
2-PB1,2199,1418,1,1,0,1420,A
2-PB1,2200,1303,0,4,0,1307,A
2-PB1,2201,1,0,1310,0,1311,G
2-PB1,2202,1,2,1321,0,1324,G
2-PB1,2203,1322,0,2,0,1324,A
2-PB1,2204,0,1306,0,1,1307,T
2-PB1,2205,0,1310,0,1,1311,T
2-PB1,2206,1302,0,2,0,1304,A
2-PB1,2207,1298,0,2,0,1300,A
2-PB1,2208,0,0,1303,0,1303,G
2-PB1,2209,1290,0,1,1,1292,A
2-PB1,2210,1225,0,2,0,1227,A
2-PB1,2211,0,1,1137,0,1138,G
2-PB1,2212,0,1,1139,0,1140,G
2-PB1,2213,1136,0,0,1,1137,A
2-PB1,2214,1135,0,1,0,1136,A
2-PB1,2215,2,1,1133,0,1136,G
2-PB1,2216,1073,0,0,0,1073,A
2-PB1,2217,0,0,1069,1,1070,G
2-PB1,2218,0,1027,0,1,1028,T
2-PB1,2219,0,1023,0,1,1024,T
2-PB1,2220,2,1,0,1022,1025,C
2-PB1,2221,0,1003,0,2,1005,T
2-PB1,2222,0,1,0,1008,1009,C
2-PB1,2223,1,1001,0,1,1003,T
2-PB1,2224,0,0,999,0,999,G
2-PB1,2225,975,0,0,0,975,A
2-PB1,2226,0,1,962,0,963,G
2-PB1,2227,950,0,0,0,950,A
2-PB1,2228,0,926,0,0,926,T
2-PB1,2229,4,0,0,875,879,C
2-PB1,2230,880,0,1,0,881,A
2-PB1,2231,0,874,0,0,874,T
2-PB1,2232,0,2,875,0,877,G
2-PB1,2233,867,0,1,0,868,A
2-PB1,2234,861,0,2,0,863,A
2-PB1,2235,0,1,840,1,842,G
2-PB1,2236,832,0,0,0,832,A
2-PB1,2237,0,826,0,0,826,T
2-PB1,2238,0,1,0,815,816,C
2-PB1,2239,0,768,0,1,769,T
2-PB1,2240,0,0,771,0,771,G
2-PB1,2241,0,766,0,2,768,T
2-PB1,2242,0,765,0,2,767,T
2-PB1,2243,4,0,1,758,763,C
2-PB1,2244,2,0,0,723,725,C
2-PB1,2245,718,0,2,0,720,A
2-PB1,2246,0,3,0,720,723,C
2-PB1,2247,0,0,0,689,689,C
2-PB1,2248,667,1,0,0,668,A
2-PB1,2249,0,621,0,1,622,T
2-PB1,2250,0,599,0,0,599,T
2-PB1,2251,1,0,597,0,598,G
2-PB1,2252,595,0,0,0,595,A
2-PB1,2253,588,0,1,0,589,A
2-PB1,2254,0,0,590,0,590,G
2-PB1,2255,496,0,2,0,498,A
2-PB1,2256,495,0,2,0,497,A
2-PB1,2257,0,0,0,489,489,C
2-PB1,2258,0,469,0,0,469,T
2-PB1,2259,0,0,0,468,468,C
2-PB1,2260,444,1,0,0,445,A
2-PB1,2261,0,1,443,0,444,G
2-PB1,2262,444,0,0,0,444,A
2-PB1,2263,0,0,0,425,425,C
2-PB1,2264,0,0,415,0,415,G
2-PB1,2265,0,0,399,0,399,G
2-PB1,2266,0,0,0,400,400,C
2-PB1,2267,399,0,0,0,399,A
2-PB1,2268,399,0,0,0,399,A
2-PB1,2269,393,0,0,0,393,A
2-PB1,2270,391,0,0,0,391,A
2-PB1,2271,389,0,0,0,389,A
2-PB1,2272,0,385,0,0,385,T
2-PB1,2273,372,0,0,0,372,A
2-PB1,2274,370,0,0,0,370,A
3-PA,1,96,0,0,0,96,A
3-PA,2,0,95,0,0,95,T
3-PA,3,0,0,102,0,102,G
3-PA,4,0,0,102,0,102,G
3-PA,5,101,0,0,0,101,A
3-PA,6,104,0,0,0,104,A
3-PA,7,0,0,108,0,108,G
3-PA,8,115,0,0,0,115,A
3-PA,9,0,115,0,0,115,T
3-PA,10,0,115,0,0,115,T
3-PA,11,0,121,0,0,121,T
3-PA,12,0,120,0,0,120,T
3-PA,13,0,0,124,0,124,G
3-PA,14,0,124,0,0,124,T
3-PA,15,0,0,124,0,124,G
3-PA,16,0,0,0,129,129,C
3-PA,17,0,0,129,0,129,G
3-PA,18,144,0,1,0,145,A
3-PA,19,0,0,0,147,147,C
3-PA,20,147,0,0,0,147,A
3-PA,21,149,0,0,0,149,A
3-PA,22,0,153,0,0,153,T
3-PA,23,0,0,176,0,176,G
3-PA,24,0,0,0,177,177,C
3-PA,25,0,179,0,0,179,T
3-PA,26,0,179,0,0,179,T
3-PA,27,0,0,0,179,179,C
3-PA,28,182,0,0,0,182,A
3-PA,29,185,0,1,0,186,A
3-PA,30,0,0,0,195,195,C
3-PA,31,0,0,0,195,195,C
3-PA,32,0,0,0,196,196,C
3-PA,33,0,0,197,0,197,G
3-PA,34,198,0,0,0,198,A
3-PA,35,0,200,0,0,200,T
3-PA,36,0,2,198,0,200,G
3-PA,37,205,0,0,0,205,A
3-PA,38,0,213,0,0,213,T
3-PA,39,0,213,0,0,213,T
3-PA,40,0,0,213,0,213,G
3-PA,41,0,213,0,1,214,T
3-PA,42,1,0,0,212,213,C
3-PA,43,0,2,211,0,213,G
3-PA,44,218,0,0,0,218,A
3-PA,45,217,0,1,0,218,A
3-PA,46,0,0,0,223,223,C
3-PA,47,0,223,0,0,223,T
3-PA,48,0,221,0,1,222,T
3-PA,49,0,0,224,0,224,G
3-PA,50,0,2,0,223,225,C
3-PA,51,222,0,3,0,225,A
3-PA,52,0,0,225,0,225,G
3-PA,53,224,0,1,0,225,A
3-PA,54,226,0,0,0,226,A
3-PA,55,226,0,0,0,226,A
3-PA,56,227,0,0,0,227,A
3-PA,57,229,0,0,0,229,A
3-PA,58,0,0,234,0,234,G
3-PA,59,0,0,0,244,244,C
3-PA,60,245,0,0,0,245,A
3-PA,61,257,0,0,0,257,A
3-PA,62,0,261,0,0,261,T
3-PA,63,0,0,265,0,265,G
3-PA,64,273,0,0,0,273,A
3-PA,65,272,1,0,0,273,A
3-PA,66,278,0,1,1,280,A
3-PA,67,0,1,298,0,299,G
3-PA,68,305,0,1,0,306,A
3-PA,69,0,1,359,0,360,G
3-PA,70,0,359,0,0,359,T
3-PA,71,359,0,0,1,360,A
3-PA,72,0,361,0,0,361,T
3-PA,73,1,0,362,0,363,G
3-PA,74,0,0,368,0,368,G
3-PA,75,1,0,368,0,369,G
3-PA,76,0,2,371,0,373,G
3-PA,77,369,0,0,0,369,A
3-PA,78,0,0,369,0,369,G
3-PA,79,0,0,373,0,373,G
3-PA,80,373,1,0,0,374,A
3-PA,81,0,379,0,0,379,T
3-PA,82,0,0,0,382,382,C
3-PA,83,0,380,0,1,381,T
3-PA,84,0,0,385,0,385,G
3-PA,85,386,0,0,0,386,A
3-PA,86,386,0,0,0,386,A
3-PA,87,387,0,0,0,387,A
3-PA,88,382,0,0,1,383,A
3-PA,89,0,388,0,0,388,T
3-PA,90,0,388,0,0,388,T
3-PA,91,0,1,388,0,389,G
3-PA,92,390,0,0,0,390,A
3-PA,93,390,0,1,0,391,A
3-PA,94,391,0,0,0,391,A
3-PA,95,0,0,0,393,393,C
3-PA,96,395,0,0,0,395,A
3-PA,97,397,0,0,0,397,A
3-PA,98,398,0,0,0,398,A
3-PA,99,0,0,0,401,401,C
3-PA,100,402,0,0,0,402,A
3-PA,101,401,0,0,0,401,A
3-PA,102,400,0,1,0,401,A
3-PA,103,0,399,0,1,400,T
3-PA,104,0,399,0,1,400,T
3-PA,105,0,403,0,0,403,T
3-PA,106,0,0,403,0,403,G
3-PA,107,0,0,0,405,405,C
3-PA,108,405,0,0,0,405,A
3-PA,109,0,0,420,0,420,G
3-PA,110,0,0,0,423,423,C
3-PA,111,459,0,0,0,459,A
3-PA,112,462,0,0,1,463,A
3-PA,113,0,466,0,0,466,T
3-PA,114,474,0,3,0,477,A
3-PA,115,0,475,0,0,475,T
3-PA,116,1,0,479,0,480,G
3-PA,117,0,0,0,481,481,C
3-PA,118,480,0,0,0,480,A
3-PA,119,0,1,0,487,488,C
3-PA,120,0,484,0,1,485,T
3-PA,121,0,0,0,572,572,C
3-PA,122,581,0,0,0,581,A
3-PA,123,0,0,0,591,591,C
3-PA,124,0,590,0,0,590,T
3-PA,125,0,590,0,1,591,T
3-PA,126,0,1,590,0,591,G
3-PA,127,0,1,596,0,597,G
3-PA,128,596,0,0,0,596,A
3-PA,129,0,1,603,0,604,G
3-PA,130,0,0,600,0,600,G
3-PA,131,0,581,0,3,584,T
3-PA,132,0,1,603,0,604,G
3-PA,133,0,604,0,0,604,T
3-PA,134,0,0,616,0,616,G
3-PA,135,0,616,0,0,616,T
3-PA,136,0,612,0,0,612,T
3-PA,137,0,613,0,0,613,T
3-PA,138,1,0,0,613,614,C
3-PA,139,617,0,1,0,618,A
3-PA,140,0,616,0,0,616,T
3-PA,141,1,0,630,0,631,G
3-PA,142,0,625,0,0,625,T
3-PA,143,630,0,0,0,630,A
3-PA,144,0,628,0,1,629,T
3-PA,145,0,632,0,0,632,T
3-PA,146,0,0,0,633,633,C
3-PA,147,628,0,2,0,630,A
3-PA,148,1,4,634,0,639,G
3-PA,149,637,0,0,0,637,A
3-PA,150,0,634,0,0,634,T
3-PA,151,0,630,0,2,632,T
3-PA,152,0,634,0,0,634,T
3-PA,153,1,0,0,631,632,C
3-PA,154,0,0,0,643,643,C
3-PA,155,643,0,0,0,643,A
3-PA,156,0,644,0,0,644,T
3-PA,157,0,641,0,0,641,T
3-PA,158,0,645,1,0,646,T
3-PA,159,3,0,0,641,644,C
3-PA,160,643,0,1,0,644,A
3-PA,161,1,662,0,2,665,T
3-PA,162,1,0,0,665,666,C
3-PA,163,665,0,0,0,665,A
3-PA,164,664,1,0,0,665,A
3-PA,165,0,663,0,0,663,T
3-PA,166,0,2,681,0,683,G
3-PA,167,680,0,3,0,683,A
3-PA,168,676,0,2,0,678,A
3-PA,169,0,0,0,679,679,C
3-PA,170,674,0,0,0,674,A
3-PA,171,682,0,0,0,682,A
3-PA,172,0,0,682,0,682,G
3-PA,173,0,1,686,0,687,G
3-PA,174,1,0,0,690,691,C
3-PA,175,0,3,679,0,682,G
3-PA,176,726,0,0,0,726,A
3-PA,177,726,0,0,0,726,A
3-PA,178,0,729,0,1,730,T
3-PA,179,1,0,0,735,736,C
3-PA,180,731,0,1,0,732,A
3-PA,181,737,0,0,0,737,A
3-PA,182,0,740,0,0,740,T
3-PA,183,739,0,1,0,740,A
3-PA,184,0,1,755,0,756,G
3-PA,185,0,762,0,1,763,T
3-PA,186,1,1,775,0,777,G
3-PA,187,1,1,776,0,778,G
3-PA,188,0,773,0,1,774,T
3-PA,189,775,0,1,0,776,A
3-PA,190,0,4,781,0,785,G
3-PA,191,782,0,1,0,783,A
3-PA,192,787,0,0,0,787,A
3-PA,193,0,1,0,782,783,C
3-PA,194,0,780,0,1,781,T
3-PA,195,0,782,0,0,782,T
3-PA,196,0,1,781,0,782,G
3-PA,197,776,0,4,0,780,A
3-PA,198,0,0,0,784,784,C
3-PA,199,0,1,777,0,778,G
3-PA,200,790,0,1,0,791,A
3-PA,201,1,796,0,0,797,T
3-PA,202,1,0,0,796,797,C
3-PA,203,0,1,0,803,804,C
3-PA,204,805,0,0,0,805,A
3-PA,205,802,0,0,0,802,A
3-PA,206,804,0,0,0,804,A
3-PA,207,0,800,1,1,802,T
3-PA,208,0,0,806,0,806,G
3-PA,209,1,0,0,805,806,C
3-PA,210,801,0,0,0,801,A
3-PA,211,1,0,0,819,820,C
3-PA,212,0,813,1,0,814,T
3-PA,213,0,0,952,0,952,G
3-PA,214,0,953,0,0,953,T
3-PA,215,0,952,0,0,952,T
3-PA,216,952,0,0,0,952,A
3-PA,217,950,0,0,0,950,A
3-PA,218,949,1,0,0,950,A
3-PA,219,2,0,950,0,952,G
3-PA,220,0,0,1,942,943,C
3-PA,221,930,0,0,0,930,A
3-PA,222,1,0,0,928,929,C
3-PA,223,884,0,2,0,886,A
3-PA,224,1,1,911,0,913,G
3-PA,225,915,0,1,0,916,A
3-PA,226,0,913,0,0,913,T
3-PA,227,1,914,0,1,916,T
3-PA,228,0,912,0,0,912,T
3-PA,229,0,3,909,1,913,G
3-PA,230,915,1,0,0,916,A
3-PA,231,918,0,1,0,919,A
3-PA,232,914,0,1,0,915,A
3-PA,233,0,896,0,0,896,T
3-PA,234,897,0,0,0,897,A
3-PA,235,904,0,0,0,904,A
3-PA,236,0,901,0,0,901,T
3-PA,237,3,1,0,902,906,C
3-PA,238,0,1,903,0,904,G
3-PA,239,901,0,0,0,901,A
3-PA,240,1,1,903,0,905,G
3-PA,241,0,1,918,0,919,G
3-PA,242,0,3,909,0,912,G
3-PA,243,0,1,919,0,920,G
3-PA,244,909,0,2,0,911,A
3-PA,245,0,0,914,0,914,G
3-PA,246,933,1,0,0,934,A
3-PA,247,0,2,932,0,934,G
3-PA,248,940,0,0,0,940,A
3-PA,249,0,1,0,935,936,C
3-PA,250,927,1,0,0,928,A
3-PA,251,0,1,944,0,945,G
3-PA,252,943,0,2,0,945,A
3-PA,253,961,0,2,0,963,A
3-PA,254,0,2,0,958,960,C
3-PA,255,936,0,2,0,938,A
3-PA,256,935,0,0,0,935,A
3-PA,257,0,935,0,1,936,T
3-PA,258,0,2,960,0,962,G
3-PA,259,0,1,965,0,966,G
3-PA,260,1,0,0,952,953,C
3-PA,261,0,0,0,961,961,C
3-PA,262,1,950,0,4,955,T
3-PA,263,0,2,985,0,987,G
3-PA,264,1,0,989,0,990,G
3-PA,265,989,0,2,0,991,A
3-PA,266,0,1,0,1002,1003,C
3-PA,267,966,1,0,0,967,A
3-PA,268,0,0,1054,0,1054,G
3-PA,269,0,1053,0,1,1054,T
3-PA,270,1063,0,0,0,1063,A
3-PA,271,0,0,1064,0,1064,G
3-PA,272,0,1048,0,0,1048,T
3-PA,273,1051,0,0,0,1051,A
3-PA,274,1047,0,2,0,1049,A
3-PA,275,1039,1,3,0,1043,A
3-PA,276,0,0,0,1054,1054,C
3-PA,277,995,0,0,0,995,A
3-PA,278,0,0,1015,0,1015,G
3-PA,279,1,995,0,2,998,T
3-PA,280,1016,1,1,0,1018,A
3-PA,281,0,1011,0,1,1012,T
3-PA,282,3,0,0,1024,1027,C
3-PA,283,0,1024,0,1,1025,T
3-PA,284,0,0,1024,0,1024,G
3-PA,285,1,0,0,1025,1026,C
3-PA,286,1014,0,0,0,1014,A
3-PA,287,1017,0,1,0,1018,A
3-PA,288,0,0,0,1027,1027,C
3-PA,289,1019,0,1,0,1020,A
3-PA,290,0,1,0,1054,1055,C
3-PA,291,0,1046,0,0,1046,T
3-PA,292,1046,0,1,0,1047,A
3-PA,293,0,0,0,1045,1045,C
3-PA,294,0,1038,0,1,1039,T
3-PA,295,0,0,1035,0,1035,G
3-PA,296,0,0,1033,0,1033,G
3-PA,297,1029,0,2,0,1031,A
3-PA,298,2,0,1026,0,1028,G
3-PA,299,0,0,0,985,985,C
3-PA,300,0,985,0,0,985,T
3-PA,301,0,1,985,0,986,G
3-PA,302,0,0,980,0,980,G
3-PA,303,0,1,972,0,973,G
3-PA,304,980,1,2,0,983,A
3-PA,305,983,0,0,0,983,A
3-PA,306,984,0,2,0,986,A
3-PA,307,0,0,0,981,981,C
3-PA,308,6,0,0,976,982,C
3-PA,309,0,1,983,0,984,G
3-PA,310,977,0,1,0,978,A
3-PA,311,972,0,0,0,972,A
3-PA,312,0,1,985,0,986,G
3-PA,313,0,979,0,0,979,T
3-PA,314,1,977,0,2,980,T
3-PA,315,0,980,0,1,981,T
3-PA,316,2,0,0,979,981,C
3-PA,317,0,982,0,1,983,T
3-PA,318,986,0,0,0,986,A
3-PA,319,0,0,0,977,977,C
3-PA,320,0,0,0,981,981,C
3-PA,321,977,2,1,0,980,A
3-PA,322,0,6,991,0,997,G
3-PA,323,996,0,0,0,996,A
3-PA,324,0,1001,0,0,1001,T
3-PA,325,0,999,0,1,1000,T
3-PA,326,0,1000,0,0,1000,T
3-PA,327,0,0,1008,0,1008,G
3-PA,328,0,1009,0,0,1009,T
3-PA,329,1009,0,0,0,1009,A
3-PA,330,0,1008,0,1,1009,T
3-PA,331,0,4,1002,0,1006,G
3-PA,332,1062,0,2,0,1064,A
3-PA,333,0,1060,0,0,1060,T
3-PA,334,0,1063,0,0,1063,T
3-PA,335,1062,0,1,0,1063,A
3-PA,336,0,1,0,1055,1056,C
3-PA,337,1059,0,0,0,1059,A
3-PA,338,1058,1,0,0,1059,A
3-PA,339,0,2,1063,0,1065,G
3-PA,340,1,2,1067,0,1070,G
3-PA,341,1019,0,1,1,1021,A
3-PA,342,0,5,1028,0,1033,G
3-PA,343,1032,0,1,0,1033,A
3-PA,344,1035,0,0,0,1035,A
3-PA,345,0,0,0,1033,1033,C
3-PA,346,1019,0,0,0,1019,A
3-PA,347,0,1,1023,0,1024,G
3-PA,348,1015,1,4,0,1020,A
3-PA,349,0,998,0,1,999,T
3-PA,350,0,1001,0,0,1001,T
3-PA,351,2,0,0,995,997,C
3-PA,352,996,0,1,0,997,A
3-PA,353,0,995,0,0,995,T
3-PA,354,2,0,0,994,996,C
3-PA,355,1,1,993,0,995,G
3-PA,356,1004,0,0,0,1004,A
3-PA,357,1004,0,1,0,1005,A
3-PA,358,1003,1,0,0,1004,A
3-PA,359,0,997,0,1,998,T
3-PA,360,0,995,1,0,996,T
3-PA,361,1,0,993,0,994,G
3-PA,362,0,1,991,0,992,G
3-PA,363,0,2,994,0,996,G
3-PA,364,0,0,1003,0,1003,G
3-PA,365,0,990,0,1,991,T
3-PA,366,0,1,999,0,1000,G
3-PA,367,1000,0,1,0,1001,A
3-PA,368,0,0,1,1008,1009,C
3-PA,369,1009,0,0,0,1009,A
3-PA,370,1005,1,1,0,1007,A
3-PA,371,0,1,1018,0,1019,G
3-PA,372,0,1,1023,0,1024,G
3-PA,373,1016,0,2,0,1018,A
3-PA,374,0,1,1021,0,1022,G
3-PA,375,1009,0,1,0,1010,A
3-PA,376,0,0,1010,0,1010,G
3-PA,377,997,0,1,0,998,A
3-PA,378,993,2,0,0,995,A
3-PA,379,0,0,1016,0,1016,G
3-PA,380,0,990,0,3,993,T
3-PA,381,3,0,0,1002,1005,C
3-PA,382,5,0,0,1000,1005,C
3-PA,383,1017,0,1,0,1018,A
3-PA,384,1,0,0,1035,1036,C
3-PA,385,1052,0,0,0,1052,A
3-PA,386,0,1081,0,0,1081,T
3-PA,387,1110,1,0,0,1111,A
3-PA,388,1,1079,0,0,1080,T
3-PA,389,1077,0,1,0,1078,A
3-PA,390,0,1073,0,0,1073,T
3-PA,391,0,1069,0,0,1069,T
3-PA,392,1119,0,0,0,1119,A
3-PA,393,0,0,0,1113,1113,C
3-PA,394,1,2,0,1080,1083,C
3-PA,395,0,1062,0,0,1062,T
3-PA,396,0,1023,0,0,1023,T
3-PA,397,0,0,1022,0,1022,G
3-PA,398,1021,0,0,0,1021,A
3-PA,399,0,0,966,0,966,G
3-PA,400,969,0,3,0,972,A
3-PA,401,972,0,1,0,973,A
3-PA,402,1,0,983,0,984,G
3-PA,403,0,0,993,0,993,G
3-PA,404,0,0,0,994,994,C
3-PA,405,2,0,0,991,993,C
3-PA,406,992,0,1,0,993,A
3-PA,407,994,0,0,0,994,A
3-PA,408,0,992,0,1,993,T
3-PA,409,995,0,0,0,995,A
3-PA,410,990,1,1,0,992,A
3-PA,411,0,0,1002,0,1002,G
3-PA,412,989,1,1,0,991,A
3-PA,413,0,990,0,0,990,T
3-PA,414,0,987,0,0,987,T
3-PA,415,990,1,0,0,991,A
3-PA,416,993,0,1,0,994,A
3-PA,417,994,0,0,0,994,A
3-PA,418,0,998,0,0,998,T
3-PA,419,1,0,0,996,997,C
3-PA,420,0,978,0,0,978,T
3-PA,421,0,4,977,0,981,G
3-PA,422,980,0,0,0,980,A
3-PA,423,1,3,985,0,989,G
3-PA,424,987,0,0,0,987,A
3-PA,425,988,1,1,0,990,A
3-PA,426,0,2,0,987,989,C
3-PA,427,983,0,1,0,984,A
3-PA,428,0,0,0,989,989,C
3-PA,429,984,0,4,0,988,A
3-PA,430,0,0,0,991,991,C
3-PA,431,984,0,4,0,988,A
3-PA,432,0,0,0,1016,1016,C
3-PA,433,1008,0,0,0,1008,A
3-PA,434,0,1001,0,1,1002,T
3-PA,435,0,994,0,1,995,T
3-PA,436,3,0,0,994,997,C
3-PA,437,988,1,2,0,991,A
3-PA,438,0,0,0,994,994,C
3-PA,439,985,0,1,0,986,A
3-PA,440,0,979,0,2,981,T
3-PA,441,0,955,0,0,955,T
3-PA,442,0,970,0,1,971,T
3-PA,443,0,971,0,0,971,T
3-PA,444,1,0,0,976,977,C
3-PA,445,0,968,0,2,970,T
3-PA,446,2,1,0,972,975,C
3-PA,447,974,0,0,0,974,A
3-PA,448,1,973,0,1,975,T
3-PA,449,0,976,0,2,978,T
3-PA,450,2,0,0,980,982,C
3-PA,451,972,0,2,0,974,A
3-PA,452,0,0,0,987,987,C
3-PA,453,0,979,0,1,980,T
3-PA,454,0,1,978,0,979,G
3-PA,455,0,3,977,0,980,G
3-PA,456,954,1,0,1,956,A
3-PA,457,0,1,998,0,999,G
3-PA,458,996,1,0,1,998,A
3-PA,459,0,0,1003,0,1003,G
3-PA,460,1,0,1004,0,1005,G
3-PA,461,993,0,2,1,996,A
3-PA,462,993,0,1,0,994,A
3-PA,463,983,0,1,0,984,A
3-PA,464,0,975,0,0,975,T
3-PA,465,0,0,974,0,974,G
3-PA,466,1,0,965,1,967,G
3-PA,467,0,0,0,970,970,C
3-PA,468,0,0,1,970,971,C
3-PA,469,970,0,1,0,971,A
3-PA,470,0,2,0,972,974,C
3-PA,471,972,0,0,0,972,A
3-PA,472,969,1,1,5,976,A
3-PA,473,976,1,0,0,977,A
3-PA,474,0,0,979,0,979,G
3-PA,475,0,0,980,0,980,G
3-PA,476,0,0,0,983,983,C
3-PA,477,984,0,0,0,984,A
3-PA,478,0,1,993,0,994,G
3-PA,479,986,1,1,0,988,A
3-PA,480,0,0,0,1001,1001,C
3-PA,481,0,997,0,1,998,T
3-PA,482,997,0,1,0,998,A
3-PA,483,0,1,0,992,993,C
3-PA,484,985,0,0,0,985,A
3-PA,485,0,0,0,990,990,C
3-PA,486,0,959,0,2,961,T
3-PA,487,0,0,0,961,961,C
3-PA,488,0,953,0,1,954,T
3-PA,489,4,0,0,933,937,C
3-PA,490,3,1,936,0,940,G
3-PA,491,940,0,1,0,941,A
3-PA,492,0,1,0,935,936,C
3-PA,493,0,1,941,0,942,G
3-PA,494,933,0,2,0,935,A
3-PA,495,0,0,944,0,944,G
3-PA,496,0,1,936,0,937,G
3-PA,497,936,0,1,0,937,A
3-PA,498,938,1,2,0,941,A
3-PA,499,940,0,1,0,941,A
3-PA,500,0,0,941,0,941,G
3-PA,501,0,0,0,940,940,C
3-PA,502,929,0,0,0,929,A
3-PA,503,1,0,944,0,945,G
3-PA,504,0,0,947,0,947,G
3-PA,505,0,1,950,0,951,G
3-PA,506,0,0,0,950,950,C
3-PA,507,0,942,0,1,943,T
3-PA,508,946,0,0,0,946,A
3-PA,509,0,1,966,0,967,G
3-PA,510,1,3,1000,0,1004,G
3-PA,511,1010,0,1,0,1011,A
3-PA,512,0,995,0,1,996,T
3-PA,513,0,977,0,0,977,T
3-PA,514,976,0,0,0,976,A
3-PA,515,979,1,1,0,981,A
3-PA,516,0,2,983,0,985,G
3-PA,517,979,1,1,0,981,A
3-PA,518,0,0,0,970,970,C
3-PA,519,0,1,0,911,912,C
3-PA,520,896,1,2,0,899,A
3-PA,521,0,1,910,0,911,G
3-PA,522,0,0,915,0,915,G
3-PA,523,1,0,0,915,916,C
3-PA,524,0,916,0,0,916,T
3-PA,525,0,903,0,2,905,T
3-PA,526,0,915,0,0,915,T
3-PA,527,1,916,0,1,918,T
3-PA,528,0,918,0,0,918,T
3-PA,529,916,0,1,0,917,A
3-PA,530,1,0,0,924,925,C
3-PA,531,0,0,0,893,893,C
3-PA,532,887,0,0,0,887,A
3-PA,533,0,884,0,1,885,T
3-PA,534,880,0,0,0,880,A
3-PA,535,874,0,0,1,875,A
3-PA,536,0,1,890,0,891,G
3-PA,537,889,0,0,0,889,A
3-PA,538,0,0,0,884,884,C
3-PA,539,874,1,0,0,875,A
3-PA,540,875,0,0,0,875,A
3-PA,541,0,1,876,0,877,G
3-PA,542,877,0,0,0,877,A
3-PA,543,873,0,1,0,874,A
3-PA,544,866,0,1,0,867,A
3-PA,545,0,842,0,0,842,T
3-PA,546,0,1,857,0,858,G
3-PA,547,0,0,859,1,860,G
3-PA,548,0,0,0,853,853,C
3-PA,549,1,0,0,852,853,C
3-PA,550,853,0,1,0,854,A
3-PA,551,881,0,1,0,882,A
3-PA,552,0,1,0,881,882,C
3-PA,553,877,0,0,0,877,A
3-PA,554,0,0,878,0,878,G
3-PA,555,861,0,1,0,862,A
3-PA,556,0,1,875,0,876,G
3-PA,557,0,0,886,0,886,G
3-PA,558,1,1,0,878,880,C
3-PA,559,1,0,0,881,882,C
3-PA,560,0,849,0,0,849,T
3-PA,561,848,0,1,0,849,A
3-PA,562,1,862,0,1,864,T
3-PA,563,0,2,857,0,859,G
3-PA,564,0,0,860,0,860,G
3-PA,565,0,0,827,0,827,G
3-PA,566,797,0,0,0,797,A
3-PA,567,0,792,0,0,792,T
3-PA,568,0,777,0,1,778,T
3-PA,569,0,0,0,898,898,C
3-PA,570,2,1,0,874,877,C
3-PA,571,0,851,0,1,852,T
3-PA,572,0,847,1,2,850,T
3-PA,573,0,854,0,1,855,T
3-PA,574,1,1,0,860,862,C
3-PA,575,0,0,861,1,862,G
3-PA,576,1,860,0,0,861,T
3-PA,577,1,1,0,859,861,C
3-PA,578,830,0,0,0,830,A
3-PA,579,0,0,971,0,971,G
3-PA,580,0,973,0,0,973,T
3-PA,581,2,0,0,971,973,C
3-PA,582,0,1,0,978,979,C
3-PA,583,0,3,982,0,985,G
3-PA,584,984,0,1,0,985,A
3-PA,585,986,0,0,0,986,A
3-PA,586,984,0,2,1,987,A
3-PA,587,0,1,1004,0,1005,G
3-PA,588,968,1,3,0,972,A
3-PA,589,1,0,985,1,987,G
3-PA,590,0,0,992,0,992,G
3-PA,591,0,1,0,991,992,C
3-PA,592,1,0,992,0,993,G
3-PA,593,991,0,1,0,992,A
3-PA,594,998,0,1,0,999,A
3-PA,595,0,4,1001,0,1005,G
3-PA,596,1006,1,2,0,1009,A
3-PA,597,1010,1,0,0,1011,A
3-PA,598,1005,0,1,0,1006,A
3-PA,599,0,0,0,1021,1021,C
3-PA,600,1016,0,0,0,1016,A
3-PA,601,1015,0,0,0,1015,A
3-PA,602,2,1012,0,0,1014,T
3-PA,603,0,1016,0,0,1016,T
3-PA,604,0,1,1020,0,1021,G
3-PA,605,1015,0,0,0,1015,A
3-PA,606,1019,0,0,0,1019,A
3-PA,607,0,3,1017,0,1020,G
3-PA,608,1016,1,0,0,1017,A
3-PA,609,1016,0,0,0,1016,A
3-PA,610,1017,0,0,0,1017,A
3-PA,611,1020,0,2,0,1022,A
3-PA,612,1032,0,1,0,1033,A
3-PA,613,0,1038,0,0,1038,T
3-PA,614,0,1035,0,1,1036,T
3-PA,615,0,1037,0,0,1037,T
3-PA,616,0,1,1033,1,1035,G
3-PA,617,1037,0,2,0,1039,A
3-PA,618,1040,0,1,0,1041,A
3-PA,619,1034,0,0,0,1034,A
3-PA,620,0,1050,0,0,1050,T
3-PA,621,6,1,0,1153,1160,C
3-PA,622,1157,0,1,0,1158,A
3-PA,623,0,1,0,1182,1183,C
3-PA,624,1181,0,1,0,1182,A
3-PA,625,0,0,1210,0,1210,G
3-PA,626,1,3,1271,0,1275,G
3-PA,627,1296,0,4,0,1300,A
3-PA,628,1313,0,2,0,1315,A
3-PA,629,1,0,0,1337,1338,C
3-PA,630,0,1284,0,3,1287,T
3-PA,631,1380,2,2,0,1384,A
3-PA,632,0,1414,0,2,1416,T
3-PA,633,2,0,1483,0,1485,G
3-PA,634,2,1,0,1472,1475,C
3-PA,635,0,0,1465,0,1465,G
3-PA,636,0,1459,0,0,1459,T
3-PA,637,1448,0,0,0,1448,A
3-PA,638,0,0,1476,0,1476,G
3-PA,639,0,0,1473,0,1473,G
3-PA,640,0,0,0,1459,1459,C
3-PA,641,0,1449,0,0,1449,T
3-PA,642,0,1432,0,1,1433,T
3-PA,643,0,1,1434,0,1435,G
3-PA,644,0,1,0,1431,1432,C
3-PA,645,1,0,0,1428,1429,C
3-PA,646,1,4,1439,0,1444,G
3-PA,647,1437,1,0,1,1439,A
3-PA,648,0,1,0,1442,1443,C
3-PA,649,5,1,0,1441,1447,C
3-PA,650,1446,0,1,0,1447,A
3-PA,651,1453,0,0,0,1453,A
3-PA,652,1452,0,0,1,1453,A
3-PA,653,0,0,1490,0,1490,G
3-PA,654,0,1489,0,2,1491,T
3-PA,655,2,1,0,1490,1493,C
3-PA,656,0,1490,0,4,1494,T
3-PA,657,1,2,0,1488,1491,C
3-PA,658,1,1,0,1496,1498,C
3-PA,659,2,0,0,1500,1502,C
3-PA,660,1501,0,2,0,1503,A
3-PA,661,0,0,0,1512,1512,C
3-PA,662,2,0,0,1494,1496,C
3-PA,663,1,5,1495,0,1501,G
3-PA,664,1528,0,0,0,1528,A
3-PA,665,1529,1,0,0,1530,A
3-PA,666,1,0,0,1545,1546,C
3-PA,667,0,1526,0,2,1528,T
3-PA,668,0,1562,0,2,1564,T
3-PA,669,1,1,0,1588,1590,C
3-PA,670,0,1574,1,5,1580,T
3-PA,671,1,0,0,1587,1588,C
3-PA,672,0,2,0,1585,1587,C
3-PA,673,0,1575,0,3,1578,T
3-PA,674,0,1,1599,0,1600,G
3-PA,675,0,4,0,1591,1595,C
3-PA,676,0,1,0,1600,1601,C
3-PA,677,0,1590,0,0,1590,T
3-PA,678,1,1579,0,1,1581,T
3-PA,679,0,2,1580,0,1582,G
3-PA,680,1581,0,3,0,1584,A
3-PA,681,0,4,1601,0,1605,G
3-PA,682,1606,0,1,0,1607,A
3-PA,683,1620,0,0,0,1620,A
3-PA,684,0,1668,0,1,1669,T
3-PA,685,0,1679,0,0,1679,T
3-PA,686,0,1681,1,0,1682,T
3-PA,687,0,1683,0,1,1684,T
3-PA,688,1674,1,2,0,1677,A
3-PA,689,2,1,1685,0,1688,G
3-PA,690,1669,0,6,1,1676,A
3-PA,691,0,1,1754,0,1755,G
3-PA,692,0,0,0,1748,1748,C
3-PA,693,1,0,0,1756,1757,C
3-PA,694,1,1794,0,2,1797,T
3-PA,695,1874,0,2,0,1876,A
3-PA,696,0,1877,0,1,1878,T
3-PA,697,1,0,1894,0,1895,G
3-PA,698,0,1891,0,2,1893,T
3-PA,699,1,1,1899,0,1901,G
3-PA,700,1,1,1882,0,1884,G
3-PA,701,1872,1,1,0,1874,A
3-PA,702,1,1855,0,1,1857,T
3-PA,703,0,4,1829,0,1833,G
3-PA,704,0,3,1883,0,1886,G
3-PA,705,1881,0,2,0,1883,A
3-PA,706,0,1878,0,0,1878,T
3-PA,707,0,1875,0,0,1875,T
3-PA,708,8,0,1,1853,1862,C
3-PA,709,0,8,1859,0,1867,G
3-PA,710,1866,1,3,0,1870,A
3-PA,711,1863,0,5,0,1868,A
3-PA,712,0,1,0,1881,1882,C
3-PA,713,4,0,0,1837,1841,C
3-PA,714,1,4,1848,0,1853,G
3-PA,715,1849,0,1,0,1850,A
3-PA,716,1848,0,2,0,1850,A
3-PA,717,0,0,0,1870,1870,C
3-PA,718,0,1,1864,0,1865,G
3-PA,719,0,0,1910,0,1910,G
3-PA,720,0,0,0,1916,1916,C
3-PA,721,0,1905,0,2,1907,T
3-PA,722,0,3,1956,0,1959,G
3-PA,723,2,0,0,1972,1974,C
3-PA,724,1994,0,0,1,1995,A
3-PA,725,2,1993,0,0,1995,T
3-PA,726,0,1978,0,1,1979,T
3-PA,727,1,5,1976,0,1982,G
3-PA,728,1927,0,2,1,1930,A
3-PA,729,0,3,1954,0,1957,G
3-PA,730,1,1,1952,1,1955,G
3-PA,731,0,2,1940,0,1942,G
3-PA,732,1,2,0,1928,1931,C
3-PA,733,1924,1,1,0,1926,A
3-PA,734,1927,0,0,0,1927,A
3-PA,735,1,1,1944,0,1946,G
3-PA,736,0,1,0,1948,1949,C
3-PA,737,1,1947,0,4,1952,T
3-PA,738,1,1941,0,1,1943,T
3-PA,739,0,1954,0,3,1957,T
3-PA,740,1,2,0,1958,1961,C
3-PA,741,0,1950,1,5,1956,T
3-PA,742,4,0,0,1966,1970,C
3-PA,743,1960,1,2,1,1964,A
3-PA,744,1962,0,0,0,1962,A
3-PA,745,1955,0,0,1,1956,A
3-PA,746,0,1955,0,1,1956,T
3-PA,747,3,0,2012,0,2015,G
3-PA,748,1,2006,0,2,2009,T
3-PA,749,2,0,0,2023,2025,C
3-PA,750,1,0,0,2034,2035,C
3-PA,751,2031,0,1,0,2032,A
3-PA,752,2035,1,0,0,2036,A
3-PA,753,2034,0,1,0,2035,A
3-PA,754,1,0,2068,0,2069,G
3-PA,755,2061,0,0,0,2061,A
3-PA,756,2003,0,2,0,2005,A
3-PA,757,0,1,2022,0,2023,G
3-PA,758,0,2001,0,2,2003,T
3-PA,759,0,3,1999,0,2002,G
3-PA,760,1994,2,1,0,1997,A
3-PA,761,1990,1,4,0,1995,A
3-PA,762,0,1999,0,1,2000,T
3-PA,763,1,3,1996,0,2000,G
3-PA,764,1,2,0,1989,1992,C
3-PA,765,3,1,0,1986,1990,C
3-PA,766,1,0,0,1992,1993,C
3-PA,767,1999,0,0,0,1999,A
3-PA,768,2021,0,1,0,2022,A
3-PA,769,2029,1,1,0,2031,A
3-PA,770,0,2038,0,1,2039,T
3-PA,771,0,2037,0,1,2038,T
3-PA,772,0,4,2033,0,2037,G
3-PA,773,2029,0,1,0,2030,A
3-PA,774,2028,0,2,0,2030,A
3-PA,775,0,1,0,2034,2035,C
3-PA,776,2,0,0,2021,2023,C
3-PA,777,0,2006,0,1,2007,T
3-PA,778,0,2063,1,0,2064,T
3-PA,779,1,2061,0,1,2063,T
3-PA,780,0,2107,0,0,2107,T
3-PA,781,3,0,1,2108,2112,C
3-PA,782,0,2104,0,3,2107,T
3-PA,783,1,3,2118,0,2122,G
3-PA,784,2116,0,0,0,2116,A
3-PA,785,2132,0,3,0,2135,A
3-PA,786,0,6,2142,0,2148,G
3-PA,787,2121,0,1,0,2122,A
3-PA,788,0,0,1,2129,2130,C
3-PA,789,2106,1,0,0,2107,A
3-PA,790,2114,0,5,0,2119,A
3-PA,791,1,1,0,2329,2331,C
3-PA,792,2338,1,0,0,2339,A
3-PA,793,0,0,0,2334,2334,C
3-PA,794,4,0,0,2312,2316,C
3-PA,795,2291,1,6,0,2298,A
3-PA,796,2301,0,4,0,2305,A
3-PA,797,0,6,2303,0,2309,G
3-PA,798,2307,0,2,0,2309,A
3-PA,799,0,0,0,2313,2313,C
3-PA,800,1,2,1,2166,2170,C
3-PA,801,2156,0,0,0,2156,A
3-PA,802,2158,0,1,0,2159,A
3-PA,803,0,2159,0,2,2161,T
3-PA,804,3,0,0,2161,2164,C
3-PA,805,2150,0,2,1,2153,A
3-PA,806,2139,0,1,0,2140,A
3-PA,807,2130,0,6,0,2136,A
3-PA,808,1,1,0,2161,2163,C
3-PA,809,0,2154,0,0,2154,T
3-PA,810,1,2156,0,2,2159,T
3-PA,811,4,0,0,2162,2166,C
3-PA,812,6,2,0,2162,2170,C
3-PA,813,1,7,2177,0,2185,G
3-PA,814,2181,0,0,0,2181,A
3-PA,815,2184,0,0,0,2184,A
3-PA,816,0,2183,0,0,2183,T
3-PA,817,0,2,2165,0,2167,G
3-PA,818,0,3,2177,0,2180,G
3-PA,819,2185,0,4,0,2189,A
3-PA,820,1,1,0,2192,2194,C
3-PA,821,3,2,0,2189,2194,C
3-PA,822,0,2243,0,0,2243,T
3-PA,823,3,1,0,2299,2303,C
3-PA,824,0,0,0,2314,2314,C
3-PA,825,0,2309,1,1,2311,T
3-PA,826,0,2315,0,2,2317,T
3-PA,827,0,0,2430,0,2430,G
3-PA,828,0,2409,1,5,2415,T
3-PA,829,0,2412,1,2,2415,T
3-PA,830,2415,0,0,0,2415,A
3-PA,831,2,2347,0,1,2350,T
3-PA,832,2,1,0,2326,2329,C
3-PA,833,2278,0,1,0,2279,A
3-PA,834,0,1,2281,0,2282,G
3-PA,835,0,2,0,2267,2269,C
3-PA,836,2,4,2211,0,2217,G
3-PA,837,1,0,2279,0,2280,G
3-PA,838,0,2280,0,0,2280,T
3-PA,839,5,0,0,2279,2284,C
3-PA,840,7,0,0,2276,2283,C
3-PA,841,2286,0,3,0,2289,A
3-PA,842,2297,0,3,0,2300,A
3-PA,843,2298,0,1,0,2299,A
3-PA,844,0,2297,1,2,2300,T
3-PA,845,1,2296,1,1,2299,T
3-PA,846,9,0,0,2287,2296,C
3-PA,847,2,0,0,2287,2289,C
3-PA,848,1,2273,0,7,2281,T
3-PA,849,2,0,0,2298,2300,C
3-PA,850,1,0,1,2298,2300,C
3-PA,851,0,2293,0,2,2295,T
3-PA,852,0,3,2308,0,2311,G
3-PA,853,2304,1,3,0,2308,A
3-PA,854,0,2305,0,0,2305,T
3-PA,855,0,7,2283,0,2290,G
3-PA,856,1,3,2266,0,2270,G
3-PA,857,2269,0,2,0,2271,A
3-PA,858,0,2246,0,0,2246,T
3-PA,859,1,1,2244,0,2246,G
3-PA,860,0,1,0,2385,2386,C
3-PA,861,1,2372,0,4,2377,T
3-PA,862,0,2386,0,2,2388,T
3-PA,863,1,2393,0,0,2394,T
3-PA,864,2391,0,1,0,2392,A
3-PA,865,2402,0,2,0,2404,A
3-PA,866,2411,0,0,0,2411,A
3-PA,867,2414,0,2,0,2416,A
3-PA,868,2,2408,1,1,2412,T
3-PA,869,0,2252,2,0,2254,T
3-PA,870,1,7,2250,0,2258,G
3-PA,871,2243,0,3,0,2246,A
3-PA,872,2,0,2266,0,2268,G
3-PA,873,2,2,0,2263,2267,C
3-PA,874,2257,1,0,0,2258,A
3-PA,875,0,2309,0,1,2310,T
3-PA,876,0,2301,0,0,2301,T
3-PA,877,1,3,2286,0,2290,G
3-PA,878,2295,1,3,0,2299,A
3-PA,879,2280,0,6,0,2286,A
3-PA,880,1,4,2293,0,2298,G
3-PA,881,2257,2,5,0,2264,A
3-PA,882,0,1,0,2275,2276,C
3-PA,883,2,0,0,2263,2265,C
3-PA,884,3,1,0,2205,2209,C
3-PA,885,2206,0,1,0,2207,A
3-PA,886,2217,0,2,1,2220,A
3-PA,887,0,2,2226,0,2228,G
3-PA,888,1,2231,0,1,2233,T
3-PA,889,10,0,0,2220,2230,C
3-PA,890,2235,0,3,0,2238,A
3-PA,891,0,3,0,2226,2229,C
3-PA,892,0,0,2227,0,2227,G
3-PA,893,2262,0,1,0,2263,A
3-PA,894,2265,0,3,0,2268,A
3-PA,895,0,0,2344,0,2344,G
3-PA,896,2,4,2332,0,2338,G
3-PA,897,2323,2,5,0,2330,A
3-PA,898,0,1,2342,0,2343,G
3-PA,899,2337,0,6,0,2343,A
3-PA,900,2333,2,7,1,2343,A
3-PA,901,0,5,2342,0,2347,G
3-PA,902,0,1,2318,0,2319,G
3-PA,903,2,2,2328,0,2332,G
3-PA,904,2280,0,4,0,2284,A
3-PA,905,0,2276,1,1,2278,T
3-PA,906,3,0,0,2284,2287,C
3-PA,907,0,1,1,2476,2478,C
3-PA,908,2,1,0,2508,2511,C
3-PA,909,2559,0,2,0,2561,A
3-PA,910,0,2561,0,1,2562,T
3-PA,911,0,2564,1,0,2565,T
3-PA,912,2637,0,1,0,2638,A
3-PA,913,1,2631,1,0,2633,T
3-PA,914,2623,0,1,0,2624,A
3-PA,915,0,2610,0,2,2612,T
3-PA,916,1,4,2362,0,2367,G
3-PA,917,2363,0,1,0,2364,A
3-PA,918,0,2341,1,1,2343,T
3-PA,919,8,0,2348,0,2356,G
3-PA,920,0,1,0,2332,2333,C
3-PA,921,1,9,2315,1,2326,G
3-PA,922,2343,0,2,0,2345,A
3-PA,923,1,2334,0,5,2340,T
3-PA,924,9,0,0,2340,2349,C
3-PA,925,2344,0,0,0,2344,A
3-PA,926,2330,1,4,0,2335,A
3-PA,927,1,0,2358,0,2359,G
3-PA,928,1,2347,0,1,2349,T
3-PA,929,1,0,2361,0,2362,G
3-PA,930,0,0,0,2378,2378,C
3-PA,931,2369,0,6,0,2375,A
3-PA,932,1,2378,0,0,2379,T
3-PA,933,2375,0,0,1,2376,A
3-PA,934,2396,1,3,1,2401,A
3-PA,935,2407,0,0,0,2407,A
3-PA,936,2384,1,5,0,2390,A
3-PA,937,2398,0,1,1,2400,A
3-PA,938,0,1,0,2390,2391,C
3-PA,939,2366,1,1,0,2368,A
3-PA,940,1,2369,0,4,2374,T
3-PA,941,0,2376,0,1,2377,T
3-PA,942,2,0,0,2390,2392,C
3-PA,943,1,2365,0,2,2368,T
3-PA,944,0,2368,0,1,2369,T
3-PA,945,0,2360,0,3,2363,T
3-PA,946,0,5,2364,2,2371,G
3-PA,947,0,3,2372,0,2375,G
3-PA,948,2365,0,4,0,2369,A
3-PA,949,1,2363,0,3,2367,T
3-PA,950,1,4,2383,0,2388,G
3-PA,951,0,0,2426,1,2427,G
3-PA,952,2432,0,4,0,2436,A
3-PA,953,2432,0,2,0,2434,A
3-PA,954,2426,0,5,0,2431,A
3-PA,955,2,2,2443,0,2447,G
3-PA,956,2444,2,2,0,2448,A
3-PA,957,2677,0,7,0,2684,A
3-PA,958,1,6,0,2720,2727,C
3-PA,959,5,0,0,2712,2717,C
3-PA,960,0,2687,0,4,2691,T
3-PA,961,0,2745,0,0,2745,T
3-PA,962,2749,1,1,0,2751,A
3-PA,963,0,2747,0,3,2750,T
3-PA,964,2734,0,4,0,2738,A
3-PA,965,0,2769,0,3,2772,T
3-PA,966,2570,1,1,0,2572,A
3-PA,967,4,2,2593,0,2599,G
3-PA,968,0,2578,0,2,2580,T
3-PA,969,4,0,1,2574,2579,C
3-PA,970,2550,1,2,0,2553,A
3-PA,971,2556,0,2,0,2558,A
3-PA,972,2556,0,3,3,2562,A
3-PA,973,0,0,0,2570,2570,C
3-PA,974,4,0,0,2535,2539,C
3-PA,975,2513,0,1,0,2514,A
3-PA,976,0,1,0,2537,2538,C
3-PA,977,2538,0,4,0,2542,A
3-PA,978,0,0,0,2551,2551,C
3-PA,979,0,1,2551,0,2552,G
3-PA,980,2546,0,1,0,2547,A
3-PA,981,2533,1,5,0,2539,A
3-PA,982,2530,1,3,0,2534,A
3-PA,983,2536,0,1,0,2537,A
3-PA,984,2,1,2550,1,2554,G
3-PA,985,3,5,2523,0,2531,G
3-PA,986,1,3,2548,2,2554,G
3-PA,987,2551,3,0,0,2554,A
3-PA,988,2553,1,2,0,2556,A
3-PA,989,1,2552,0,0,2553,T
3-PA,990,2561,0,0,1,2562,A
3-PA,991,2551,0,4,1,2556,A
3-PA,992,2573,0,1,1,2575,A
3-PA,993,0,2558,0,2,2560,T
3-PA,994,0,2552,0,0,2552,T
3-PA,995,8,1,0,2558,2567,C
3-PA,996,2563,1,0,1,2565,A
3-PA,997,2575,0,1,1,2577,A
3-PA,998,2581,1,0,0,2582,A
3-PA,999,1,2576,0,0,2577,T
3-PA,1000,0,2580,0,2,2582,T
3-PA,1001,2576,0,1,2,2579,A
3-PA,1002,0,0,1,2581,2582,C
3-PA,1003,2,1,0,2574,2577,C
3-PA,1004,2,2550,0,3,2555,T
3-PA,1005,1,0,2586,0,2587,G
3-PA,1006,1,0,0,2588,2589,C
3-PA,1007,0,2582,0,3,2585,T
3-PA,1008,2,1,2636,1,2640,G
3-PA,1009,0,2627,0,3,2630,T
3-PA,1010,5,1,0,2636,2642,C
3-PA,1011,2638,0,5,0,2643,A
3-PA,1012,0,2639,0,1,2640,T
3-PA,1013,1,1,2633,0,2635,G
3-PA,1014,0,3,2634,0,2637,G
3-PA,1015,2636,0,4,0,2640,A
3-PA,1016,2682,0,6,1,2689,A
3-PA,1017,1,2,2673,0,2676,G
3-PA,1018,2,0,0,2679,2681,C
3-PA,1019,2672,2,0,0,2674,A
3-PA,1020,2676,0,4,0,2680,A
3-PA,1021,0,0,2699,0,2699,G
3-PA,1022,0,2697,0,4,2701,T
3-PA,1023,2687,0,2,0,2689,A
3-PA,1024,1,1,0,2698,2700,C
3-PA,1025,0,2622,0,4,2626,T
3-PA,1026,0,0,2649,0,2649,G
3-PA,1027,0,2623,0,8,2631,T
3-PA,1028,8,2,0,2629,2639,C
3-PA,1029,2632,0,1,1,2634,A
3-PA,1030,1,4,2654,1,2660,G
3-PA,1031,2654,0,1,1,2656,A
3-PA,1032,2656,0,1,0,2657,A
3-PA,1033,0,2690,0,1,2691,T
3-PA,1034,0,2669,0,4,2673,T
3-PA,1035,2,1,2665,0,2668,G
3-PA,1036,0,0,0,2664,2664,C
3-PA,1037,2656,1,4,0,2661,A
3-PA,1038,0,1,2671,1,2673,G
3-PA,1039,0,8,2639,0,2647,G
3-PA,1040,2647,0,3,0,2650,A
3-PA,1041,2,2,0,2640,2644,C
3-PA,1042,2,1,2604,0,2607,G
3-PA,1043,0,2657,0,3,2660,T
3-PA,1044,0,2662,0,2,2664,T
3-PA,1045,1,2,2674,2,2679,G
3-PA,1046,2669,0,8,0,2677,A
3-PA,1047,2668,2,5,1,2676,A
3-PA,1048,2676,1,2,1,2680,A
3-PA,1049,2680,1,0,0,2681,A
3-PA,1050,0,2664,0,1,2665,T
3-PA,1051,0,2,2692,0,2694,G
3-PA,1052,2676,1,6,0,2683,A
3-PA,1053,0,1,2705,0,2706,G
3-PA,1054,8,4,2699,0,2711,G
3-PA,1055,2699,0,0,0,2699,A
3-PA,1056,3,2,2701,0,2706,G
3-PA,1057,2707,1,2,0,2710,A
3-PA,1058,2705,0,3,0,2708,A
3-PA,1059,2,4,2695,0,2701,G
3-PA,1060,1,2,2677,0,2680,G
3-PA,1061,0,2769,0,5,2774,T
3-PA,1062,0,2784,0,6,2790,T
3-PA,1063,4,0,0,2775,2779,C
3-PA,1064,3,2,0,2773,2778,C
3-PA,1065,2785,0,1,0,2786,A
3-PA,1066,2773,0,2,1,2776,A
3-PA,1067,0,2,2795,0,2797,G
3-PA,1068,3,2,2833,0,2838,G
3-PA,1069,2789,0,2,1,2792,A
3-PA,1070,0,1,0,2810,2811,C
3-PA,1071,0,2802,0,0,2802,T
3-PA,1072,2811,0,3,0,2814,A
3-PA,1073,2807,1,3,0,2811,A
3-PA,1074,2804,1,3,0,2808,A
3-PA,1075,2808,1,2,0,2811,A
3-PA,1076,2798,2,2,0,2802,A
3-PA,1077,0,1,0,2780,2781,C
3-PA,1078,2762,0,1,0,2763,A
3-PA,1079,0,2750,0,2,2752,T
3-PA,1080,6,1,2767,0,2774,G
3-PA,1081,2777,0,5,0,2782,A
3-PA,1082,2780,0,4,0,2784,A
3-PA,1083,1,7,2793,0,2801,G
3-PA,1084,2785,2,2,0,2789,A
3-PA,1085,2788,0,0,0,2788,A
3-PA,1086,2778,0,1,0,2779,A
3-PA,1087,2778,1,3,0,2782,A
3-PA,1088,1,1,0,2785,2787,C
3-PA,1089,0,6,2779,0,2785,G
3-PA,1090,2789,1,3,0,2793,A
3-PA,1091,0,1,2790,0,2791,G
3-PA,1092,0,2774,0,5,2779,T
3-PA,1093,11,1,0,2832,2844,C
3-PA,1094,2839,0,3,0,2842,A
3-PA,1095,2888,0,0,0,2888,A
3-PA,1096,0,2,1,2893,2896,C
3-PA,1097,0,2885,0,1,2886,T
3-PA,1098,1,1,2918,0,2920,G
3-PA,1099,2910,0,5,0,2915,A
3-PA,1100,2922,0,9,0,2931,A
3-PA,1101,0,1,2937,0,2938,G
3-PA,1102,0,2872,0,0,2872,T
3-PA,1103,2,1,2873,1,2877,G
3-PA,1104,0,1,2855,0,2856,G
3-PA,1105,2,1,2861,0,2864,G
3-PA,1106,0,0,1,2858,2859,C
3-PA,1107,0,2821,0,3,2824,T
3-PA,1108,3,0,0,2846,2849,C
3-PA,1109,1,2846,0,2,2849,T
3-PA,1110,1,2860,0,1,2862,T
3-PA,1111,1,2,2913,0,2916,G
3-PA,1112,3,1,2925,0,2929,G
3-PA,1113,0,2910,0,6,2916,T
3-PA,1114,0,5,2905,0,2910,G
3-PA,1115,2886,0,4,2,2892,A
3-PA,1116,2912,0,0,0,2912,A
3-PA,1117,2907,0,1,0,2908,A
3-PA,1118,2911,1,1,6,2919,A
3-PA,1119,1,2,0,2929,2932,C
3-PA,1120,2881,0,1,1,2883,A
3-PA,1121,1,2879,0,4,2884,T
3-PA,1122,1,4,2873,0,2878,G
3-PA,1123,2,2,2909,0,2913,G
3-PA,1124,0,1,0,2909,2910,C
3-PA,1125,2917,1,3,1,2922,A
3-PA,1126,0,0,0,2952,2952,C
3-PA,1127,4,0,0,2960,2964,C
3-PA,1128,2992,1,4,0,2997,A
3-PA,1129,0,4,3037,0,3041,G
3-PA,1130,3012,1,3,1,3017,A
3-PA,1131,11,3,3036,0,3050,G
3-PA,1132,3020,1,5,0,3026,A
3-PA,1133,3031,1,1,0,3033,A
3-PA,1134,1,5,3051,0,3057,G
3-PA,1135,1,2,3042,1,3046,G
3-PA,1136,1,3031,0,2,3034,T
3-PA,1137,3006,1,3,0,3010,A
3-PA,1138,0,11,3008,0,3019,G
3-PA,1139,3008,0,1,0,3009,A
3-PA,1140,2,0,0,3017,3019,C
3-PA,1141,0,2984,0,6,2990,T
3-PA,1142,0,2981,0,3,2984,T
3-PA,1143,0,2980,0,1,2981,T
3-PA,1144,1,5,2978,1,2985,G
3-PA,1145,2979,0,3,1,2983,A
3-PA,1146,2977,0,4,0,2981,A
3-PA,1147,2985,0,2,0,2987,A
3-PA,1148,2962,0,0,0,2962,A
3-PA,1149,1,3,0,3034,3038,C
3-PA,1150,0,3008,0,2,3010,T
3-PA,1151,1,0,3040,0,3041,G
3-PA,1152,1,4,0,3029,3034,C
3-PA,1153,3027,1,4,0,3032,A
3-PA,1154,0,1,3031,0,3032,G
3-PA,1155,3019,0,6,0,3025,A
3-PA,1156,0,5,3140,1,3146,G
3-PA,1157,3144,1,6,0,3151,A
3-PA,1158,1,2,0,3123,3126,C
3-PA,1159,3108,2,10,0,3120,A
3-PA,1160,0,3099,0,1,3100,T
3-PA,1161,3092,1,0,0,3093,A
3-PA,1162,3092,0,3,0,3095,A
3-PA,1163,1,1,3097,0,3099,G
3-PA,1164,2,3,0,3079,3084,C
3-PA,1165,0,8,3034,0,3042,G
3-PA,1166,3099,0,1,0,3100,A
3-PA,1167,0,3073,0,1,3074,T
3-PA,1168,2,3071,0,1,3074,T
3-PA,1169,0,3075,1,2,3078,T
3-PA,1170,1,6,3071,0,3078,G
3-PA,1171,3087,0,2,0,3089,A
3-PA,1172,3089,0,4,0,3093,A
3-PA,1173,0,1,3109,0,3110,G
3-PA,1174,1,2,0,3178,3181,C
3-PA,1175,3136,0,4,0,3140,A
3-PA,1176,3345,0,3,1,3349,A
3-PA,1177,1,3345,0,1,3347,T
3-PA,1178,3352,0,5,0,3357,A
3-PA,1179,0,3374,0,3,3377,T
3-PA,1180,1,10,3370,0,3381,G
3-PA,1181,3414,1,6,0,3421,A
3-PA,1182,3,3409,0,3,3415,T
3-PA,1183,3292,0,1,0,3293,A
3-PA,1184,1,0,3300,0,3301,G
3-PA,1185,1,3135,0,3,3139,T
3-PA,1186,1,5,3128,0,3134,G
3-PA,1187,3130,0,3,0,3133,A
3-PA,1188,2,1,0,3110,3113,C
3-PA,1189,1,9,3093,0,3103,G
3-PA,1190,3116,0,0,1,3117,A
3-PA,1191,3109,0,8,1,3118,A
3-PA,1192,2,0,0,3151,3153,C
3-PA,1193,2,0,0,3156,3158,C
3-PA,1194,1,3141,0,4,3146,T
3-PA,1195,2,8,3218,0,3228,G
3-PA,1196,3222,0,3,1,3226,A
3-PA,1197,3240,2,3,1,3246,A
3-PA,1198,1,3237,1,0,3239,T
3-PA,1199,0,3212,0,0,3212,T
3-PA,1200,3207,2,0,0,3209,A
3-PA,1201,3170,1,4,0,3175,A
3-PA,1202,0,3,3187,0,3190,G
3-PA,1203,1,2,3187,0,3190,G
3-PA,1204,1,3119,0,6,3126,T
3-PA,1205,9,0,0,3118,3127,C
3-PA,1206,3121,0,7,1,3129,A
3-PA,1207,1,3,0,3233,3237,C
3-PA,1208,0,3221,0,11,3232,T
3-PA,1209,0,3238,0,1,3239,T
3-PA,1210,1,3236,1,3,3241,T
3-PA,1211,5,0,0,3230,3235,C
3-PA,1212,3227,1,6,0,3234,A
3-PA,1213,3231,0,1,0,3232,A
3-PA,1214,0,0,3266,0,3266,G
3-PA,1215,0,1,0,3262,3263,C
3-PA,1216,0,3199,0,2,3201,T
3-PA,1217,4,4,3269,0,3277,G
3-PA,1218,0,3,3280,0,3283,G
3-PA,1219,3326,2,2,0,3330,A
3-PA,1220,0,3357,0,0,3357,T
3-PA,1221,3349,0,0,0,3349,A
3-PA,1222,0,1,0,3352,3353,C
3-PA,1223,3290,1,2,0,3293,A
3-PA,1224,1,5,3324,0,3330,G
3-PA,1225,3319,0,2,1,3322,A
3-PA,1226,3270,0,2,1,3273,A
3-PA,1227,0,3244,1,0,3245,T
3-PA,1228,2,5,3260,1,3268,G
3-PA,1229,3245,0,1,1,3247,A
3-PA,1230,1,0,3291,0,3292,G
3-PA,1231,2,3262,0,6,3270,T
3-PA,1232,1,3253,0,3,3257,T
3-PA,1233,8,0,1,3284,3293,C
3-PA,1234,3312,0,2,0,3314,A
3-PA,1235,3314,0,1,1,3316,A
3-PA,1236,1,3,0,3308,3312,C
3-PA,1237,3281,0,2,0,3283,A
3-PA,1238,3274,1,3,1,3279,A
3-PA,1239,2,1,3270,0,3273,G
3-PA,1240,0,0,3292,1,3293,G
3-PA,1241,1,1,0,3308,3310,C
3-PA,1242,1,0,0,3291,3292,C
3-PA,1243,0,3262,1,4,3267,T
3-PA,1244,2,0,3300,0,3302,G
3-PA,1245,2,3300,0,2,3304,T
3-PA,1246,5,3,3306,0,3314,G
3-PA,1247,3317,0,2,0,3319,A
3-PA,1248,2,2,3310,0,3314,G
3-PA,1249,1,1,1,3293,3296,C
3-PA,1250,0,3269,0,6,3275,T
3-PA,1251,3331,0,2,1,3334,A
3-PA,1252,3341,1,2,0,3344,A
3-PA,1253,0,2,0,3355,3357,C
3-PA,1254,1,3317,0,2,3320,T
3-PA,1255,0,6,3327,1,3334,G
3-PA,1256,3322,0,10,0,3332,A
3-PA,1257,0,3325,0,5,3330,T
3-PA,1258,0,3327,0,4,3331,T
3-PA,1259,5,0,0,3336,3341,C
3-PA,1260,3417,2,6,0,3425,A
3-PA,1261,1,2,3497,0,3500,G
3-PA,1262,1,3479,0,5,3485,T
3-PA,1263,6,0,0,3482,3488,C
3-PA,1264,0,3451,0,7,3458,T
3-PA,1265,2,2,3600,2,3606,G
3-PA,1266,2,8,3598,0,3608,G
3-PA,1267,3611,1,5,1,3618,A
3-PA,1268,0,3614,1,6,3621,T
3-PA,1269,3462,0,0,0,3462,A
3-PA,1270,0,3,3450,0,3453,G
3-PA,1271,3408,1,5,3,3417,A
3-PA,1272,0,1,3425,0,3426,G
3-PA,1273,1,0,1,3414,3416,C
3-PA,1274,1,3365,0,3,3369,T
3-PA,1275,3,1,0,3359,3363,C
3-PA,1276,1,6,3366,0,3373,G
3-PA,1277,3381,0,0,0,3381,A
3-PA,1278,0,3384,0,1,3385,T
3-PA,1279,1,5,3369,0,3375,G
3-PA,1280,3403,1,1,1,3406,A
3-PA,1281,3401,0,4,1,3406,A
3-PA,1282,3411,1,1,0,3413,A
3-PA,1283,1,3398,0,1,3400,T
3-PA,1284,3,3402,0,1,3406,T
3-PA,1285,2,5,3423,0,3430,G
3-PA,1286,0,8,3426,0,3434,G
3-PA,1287,3424,0,5,1,3430,A
3-PA,1288,1,0,3430,0,3431,G
3-PA,1289,3381,0,5,0,3386,A
3-PA,1290,0,2,3415,0,3417,G
3-PA,1291,0,0,3427,0,3427,G
3-PA,1292,3446,0,6,0,3452,A
3-PA,1293,0,1,0,3455,3456,C
3-PA,1294,1,0,3435,1,3437,G
3-PA,1295,0,3428,0,9,3437,T
3-PA,1296,3454,0,3,0,3457,A
3-PA,1297,1,3,3463,0,3467,G
3-PA,1298,3,4,0,3480,3487,C
3-PA,1299,2,3,0,3438,3443,C
3-PA,1300,4,0,0,3414,3418,C
3-PA,1301,0,0,0,3408,3408,C
3-PA,1302,3416,0,2,0,3418,A
3-PA,1303,3532,1,0,0,3533,A
3-PA,1304,0,3532,0,0,3532,T
3-PA,1305,1,3499,1,4,3505,T
3-PA,1306,0,11,3496,0,3507,G
3-PA,1307,3445,1,7,0,3453,A
3-PA,1308,0,0,3458,0,3458,G
3-PA,1309,4,1,0,3449,3454,C
3-PA,1310,3427,0,3,0,3430,A
3-PA,1311,0,1,0,3493,3494,C
3-PA,1312,3381,1,0,0,3382,A
3-PA,1313,0,3464,0,0,3464,T
3-PA,1314,0,3460,0,2,3462,T
3-PA,1315,0,0,3464,0,3464,G
3-PA,1316,0,4,0,3456,3460,C
3-PA,1317,3461,0,1,0,3462,A
3-PA,1318,3458,1,6,0,3465,A
3-PA,1319,0,0,3469,1,3470,G
3-PA,1320,3,0,0,3424,3427,C
3-PA,1321,3423,1,2,0,3426,A
3-PA,1322,0,3339,0,2,3341,T
3-PA,1323,0,9,3333,1,3343,G
3-PA,1324,3335,1,6,1,3343,A
3-PA,1325,5,1,3343,0,3349,G
3-PA,1326,3348,0,3,0,3351,A
3-PA,1327,3338,0,2,1,3341,A
3-PA,1328,1,2,3342,0,3345,G
3-PA,1329,0,9,3356,0,3365,G
3-PA,1330,3360,1,3,0,3364,A
3-PA,1331,3364,0,3,0,3367,A
3-PA,1332,1,3357,0,0,3358,T
3-PA,1333,1,3349,1,0,3351,T
3-PA,1334,3365,1,0,0,3366,A
3-PA,1335,1,3364,0,1,3366,T
3-PA,1336,1,3367,0,2,3370,T
3-PA,1337,1,3372,0,1,3374,T
3-PA,1338,9,3,0,3333,3345,C
3-PA,1339,3323,0,1,0,3324,A
3-PA,1340,0,1,0,3388,3389,C
3-PA,1341,3363,0,1,2,3366,A
3-PA,1342,2,1,3395,0,3398,G
3-PA,1343,1,0,0,3392,3393,C
3-PA,1344,3373,1,1,0,3375,A
3-PA,1345,0,5,3396,0,3401,G
3-PA,1346,3374,0,6,0,3380,A
3-PA,1347,0,1,3390,0,3391,G
3-PA,1348,1,1,3405,0,3407,G
3-PA,1349,0,3305,0,4,3309,T
3-PA,1350,3,1,3343,0,3347,G
3-PA,1351,0,3321,1,5,3327,T
3-PA,1352,5,1,0,3325,3331,C
3-PA,1353,2,1,0,3352,3355,C
3-PA,1354,4,1,0,3336,3341,C
3-PA,1355,3365,0,3,0,3368,A
3-PA,1356,1,3394,0,6,3401,T
3-PA,1357,0,3370,0,1,3371,T
3-PA,1358,1,0,3396,0,3397,G
3-PA,1359,1,3353,0,1,3355,T
3-PA,1360,3315,0,0,0,3315,A
3-PA,1361,0,6,3315,0,3321,G
3-PA,1362,3244,0,3,0,3247,A
3-PA,1363,0,1,3254,1,3256,G
3-PA,1364,0,1,0,3222,3223,C
3-PA,1365,2,0,0,3168,3170,C
3-PA,1366,3217,0,2,0,3219,A
3-PA,1367,0,0,0,3226,3226,C
3-PA,1368,1,3193,0,2,3196,T
3-PA,1369,3,7,3188,0,3198,G
3-PA,1370,3185,1,0,0,3186,A
3-PA,1371,3134,0,4,0,3138,A
3-PA,1372,0,3220,0,0,3220,T
3-PA,1373,3244,1,4,0,3249,A
3-PA,1374,0,0,0,3272,3272,C
3-PA,1375,3173,1,2,0,3176,A
3-PA,1376,0,3197,1,1,3199,T
3-PA,1377,3170,0,0,0,3170,A
3-PA,1378,3185,0,5,0,3190,A
3-PA,1379,0,3181,0,0,3181,T
3-PA,1380,0,1,3138,0,3139,G
3-PA,1381,3111,0,2,1,3114,A
3-PA,1382,3071,1,1,1,3074,A
3-PA,1383,0,1,3060,0,3061,G
3-PA,1384,0,1,3046,1,3048,G
3-PA,1385,0,3,3089,0,3092,G
3-PA,1386,4,1,3071,0,3076,G
3-PA,1387,1,1,3112,0,3114,G
3-PA,1388,1,3063,0,1,3065,T
3-PA,1389,3077,0,4,0,3081,A
3-PA,1390,0,3095,0,5,3100,T
3-PA,1391,3134,1,4,0,3139,A
3-PA,1392,1,0,0,3396,3397,C
3-PA,1393,3303,0,1,0,3304,A
3-PA,1394,2,3222,1,2,3227,T
3-PA,1395,0,3180,0,3,3183,T
3-PA,1396,3139,2,3,1,3145,A
3-PA,1397,3200,0,2,0,3202,A
3-PA,1398,1,0,0,3199,3200,C
3-PA,1399,3158,0,2,0,3160,A
3-PA,1400,1,0,1,3160,3162,C
3-PA,1401,0,2774,1,1,2776,T
3-PA,1402,2,0,2860,0,2862,G
3-PA,1403,1,1,1,2846,2849,C
3-PA,1404,5,2,0,2834,2841,C
3-PA,1405,1,1,0,2849,2851,C
3-PA,1406,0,2769,0,4,2773,T
3-PA,1407,0,1,2845,0,2846,G
3-PA,1408,0,0,0,2843,2843,C
3-PA,1409,0,2844,0,1,2845,T
3-PA,1410,8,1,0,2905,2914,C
3-PA,1411,2837,1,1,0,2839,A
3-PA,1412,2871,2,1,0,2874,A
3-PA,1413,0,2876,0,3,2879,T
3-PA,1414,2,0,2874,0,2876,G
3-PA,1415,3,2,0,2863,2868,C
3-PA,1416,2823,1,1,0,2825,A
3-PA,1417,0,2814,1,3,2818,T
3-PA,1418,2,0,0,2815,2817,C
3-PA,1419,1,2,0,2839,2842,C
3-PA,1420,0,2743,0,5,2748,T
3-PA,1421,1,0,2803,0,2804,G
3-PA,1422,0,2788,1,4,2793,T
3-PA,1423,0,1,2789,0,2790,G
3-PA,1424,2,1,0,2790,2793,C
3-PA,1425,2750,0,4,0,2754,A
3-PA,1426,2,0,2776,0,2778,G
3-PA,1427,0,0,0,2770,2770,C
3-PA,1428,2738,0,1,0,2739,A
3-PA,1429,2735,0,1,0,2736,A
3-PA,1430,1,2652,0,2,2655,T
3-PA,1431,2,2,2650,0,2654,G
3-PA,1432,0,4,2651,1,2656,G
3-PA,1433,2659,1,2,0,2662,A
3-PA,1434,0,0,0,2657,2657,C
3-PA,1435,2,11,2606,0,2619,G
3-PA,1436,2646,1,0,0,2647,A
3-PA,1437,0,2650,0,1,2651,T
3-PA,1438,1,2646,0,0,2647,T
3-PA,1439,0,2640,0,1,2641,T
3-PA,1440,1,2635,0,2,2638,T
3-PA,1441,6,0,1,2638,2645,C
3-PA,1442,2647,0,0,0,2647,A
3-PA,1443,2654,1,1,0,2656,A
3-PA,1444,0,0,1,2654,2655,C
3-PA,1445,0,2605,1,1,2607,T
3-PA,1446,2603,1,1,0,2605,A
3-PA,1447,2601,0,0,0,2601,A
3-PA,1448,0,2600,0,1,2601,T
3-PA,1449,1,2597,0,2,2600,T
3-PA,1450,6,0,0,2590,2596,C
3-PA,1451,2,0,0,2592,2594,C
3-PA,1452,1,0,0,2594,2595,C
3-PA,1453,2590,0,1,0,2591,A
3-PA,1454,0,2621,0,0,2621,T
3-PA,1455,0,4,2625,0,2629,G
3-PA,1456,2630,0,1,0,2631,A
3-PA,1457,0,2618,0,2,2620,T
3-PA,1458,2612,0,3,0,2615,A
3-PA,1459,2613,0,6,0,2619,A
3-PA,1460,0,1,2619,0,2620,G
3-PA,1461,1,1,0,2609,2611,C
3-PA,1462,2598,0,0,0,2598,A
3-PA,1463,2523,0,7,0,2530,A
3-PA,1464,1,1,2551,0,2553,G
3-PA,1465,1,2533,0,1,2535,T
3-PA,1466,1,2,2528,0,2531,G
3-PA,1467,0,2,0,2522,2524,C
3-PA,1468,2502,0,7,0,2509,A
3-PA,1469,1,6,2540,0,2547,G
3-PA,1470,2542,0,1,0,2543,A
3-PA,1471,2560,3,1,0,2564,A
3-PA,1472,10,0,0,2560,2570,C
3-PA,1473,0,2499,0,0,2499,T
3-PA,1474,2512,0,0,0,2512,A
3-PA,1475,2509,0,2,0,2511,A
3-PA,1476,2507,0,2,0,2509,A
3-PA,1477,0,2,2512,0,2514,G
3-PA,1478,2429,0,7,1,2437,A
3-PA,1479,0,5,2430,0,2435,G
3-PA,1480,0,3,2366,0,2369,G
3-PA,1481,0,1,2352,0,2353,G
3-PA,1482,2338,0,3,0,2341,A
3-PA,1483,2287,0,4,0,2291,A
3-PA,1484,0,3,2282,0,2285,G
3-PA,1485,0,2,2287,0,2289,G
3-PA,1486,1,4,0,2274,2279,C
3-PA,1487,1,2,2286,0,2289,G
3-PA,1488,2274,0,0,0,2274,A
3-PA,1489,2275,0,3,0,2278,A
3-PA,1490,2273,0,4,0,2277,A
3-PA,1491,2274,0,2,0,2276,A
3-PA,1492,2273,1,0,0,2274,A
3-PA,1493,1,1,0,2268,2270,C
3-PA,1494,4,0,0,2256,2260,C
3-PA,1495,2260,0,1,0,2261,A
3-PA,1496,2281,0,1,0,2282,A
3-PA,1497,0,2274,0,4,2278,T
3-PA,1498,0,2273,0,3,2276,T
3-PA,1499,0,2284,0,1,2285,T
3-PA,1500,2292,0,1,0,2293,A
3-PA,1501,0,2285,0,2,2287,T
3-PA,1502,2287,0,0,0,2287,A
3-PA,1503,0,2278,0,3,2281,T
3-PA,1504,0,3,2259,0,2262,G
3-PA,1505,0,8,2221,0,2229,G
3-PA,1506,2220,0,1,0,2221,A
3-PA,1507,0,2209,0,4,2213,T
3-PA,1508,0,2188,0,1,2189,T
3-PA,1509,8,3,0,2165,2176,C
3-PA,1510,2173,2,0,0,2175,A
3-PA,1511,0,2187,0,1,2188,T
3-PA,1512,3,1,0,2186,2190,C
3-PA,1513,2182,0,3,0,2185,A
3-PA,1514,0,2158,0,0,2158,T
3-PA,1515,2141,0,1,0,2142,A
3-PA,1516,2142,1,1,0,2144,A
3-PA,1517,2137,0,2,0,2139,A
3-PA,1518,1,1,2129,0,2131,G
3-PA,1519,0,3,2081,0,2084,G
3-PA,1520,0,3,2051,0,2054,G
3-PA,1521,2041,1,2,0,2044,A
3-PA,1522,2011,1,2,0,2014,A
3-PA,1523,7,0,2017,0,2024,G
3-PA,1524,2011,0,2,0,2013,A
3-PA,1525,0,2007,0,1,2008,T
3-PA,1526,2,0,0,2005,2007,C
3-PA,1527,0,1960,0,1,1961,T
3-PA,1528,4,0,0,1988,1992,C
3-PA,1529,1983,0,1,0,1984,A
3-PA,1530,0,1976,1,1,1978,T
3-PA,1531,0,1977,0,0,1977,T
3-PA,1532,0,1946,0,0,1946,T
3-PA,1533,1927,0,2,0,1929,A
3-PA,1534,1928,0,0,0,1928,A
3-PA,1535,0,3,1925,0,1928,G
3-PA,1536,0,2,1933,0,1935,G
3-PA,1537,1801,0,2,0,1803,A
3-PA,1538,1800,0,4,0,1804,A
3-PA,1539,1,1799,1,1,1802,T
3-PA,1540,0,1,1805,0,1806,G
3-PA,1541,1830,0,2,0,1832,A
3-PA,1542,0,2,0,1820,1822,C
3-PA,1543,1809,0,5,0,1814,A
3-PA,1544,1,0,0,1811,1812,C
3-PA,1545,1751,0,3,0,1754,A
3-PA,1546,0,2,1757,0,1759,G
3-PA,1547,1744,0,5,0,1749,A
3-PA,1548,0,0,0,1720,1720,C
3-PA,1549,0,0,1703,0,1703,G
3-PA,1550,0,1535,0,2,1537,T
3-PA,1551,2,0,1538,0,1540,G
3-PA,1552,1,1,1542,0,1544,G
3-PA,1553,0,1543,0,1,1544,T
3-PA,1554,1536,0,3,0,1539,A
3-PA,1555,1508,0,3,0,1511,A
3-PA,1556,1506,0,0,1,1507,A
3-PA,1557,0,1502,0,1,1503,T
3-PA,1558,0,1472,0,0,1472,T
3-PA,1559,0,1460,0,0,1460,T
3-PA,1560,0,1441,0,1,1442,T
3-PA,1561,0,0,1442,0,1442,G
3-PA,1562,0,1419,0,0,1419,T
3-PA,1563,0,6,1413,0,1419,G
3-PA,1564,1395,0,3,0,1398,A
3-PA,1565,1,0,1402,0,1403,G
3-PA,1566,0,2,1,1383,1386,C
3-PA,1567,1389,0,3,0,1392,A
3-PA,1568,0,1385,0,1,1386,T
3-PA,1569,0,0,1389,0,1389,G
3-PA,1570,1,2,1389,0,1392,G
3-PA,1571,1389,1,2,0,1392,A
3-PA,1572,0,0,1391,0,1391,G
3-PA,1573,0,1368,0,2,1370,T
3-PA,1574,1,1355,0,3,1359,T
3-PA,1575,1,1359,0,1,1361,T
3-PA,1576,0,1360,0,2,1362,T
3-PA,1577,2,0,0,1354,1356,C
3-PA,1578,1,1338,0,2,1341,T
3-PA,1579,4,2,0,1336,1342,C
3-PA,1580,0,1291,0,0,1291,T
3-PA,1581,1,0,0,1287,1288,C
3-PA,1582,1286,0,0,0,1286,A
3-PA,1583,0,2,0,1276,1278,C
3-PA,1584,0,1244,0,0,1244,T
3-PA,1585,1,0,1240,0,1241,G
3-PA,1586,1236,0,3,0,1239,A
3-PA,1587,0,1,1,1230,1232,C
3-PA,1588,0,1,0,1226,1227,C
3-PA,1589,3,4,0,1199,1206,C
3-PA,1590,1,3,1197,1,1202,G
3-PA,1591,1199,0,0,0,1199,A
3-PA,1592,0,4,1193,0,1197,G
3-PA,1593,1188,0,3,0,1191,A
3-PA,1594,0,1,0,1168,1169,C
3-PA,1595,0,1148,0,0,1148,T
3-PA,1596,0,1072,0,0,1072,T
3-PA,1597,1,1,1070,0,1072,G
3-PA,1598,1069,0,1,0,1070,A
3-PA,1599,0,0,1071,0,1071,G
3-PA,1600,0,0,0,1067,1067,C
3-PA,1601,2,3,0,1009,1014,C
3-PA,1602,1011,0,1,0,1012,A
3-PA,1603,0,0,0,1004,1004,C
3-PA,1604,1003,1,2,0,1006,A
3-PA,1605,0,1004,0,0,1004,T
3-PA,1606,997,0,2,0,999,A
3-PA,1607,991,0,1,1,993,A
3-PA,1608,988,2,0,0,990,A
3-PA,1609,1,972,0,4,977,T
3-PA,1610,1,0,969,0,970,G
3-PA,1611,0,0,864,0,864,G
3-PA,1612,0,0,842,0,842,G
3-PA,1613,817,0,0,0,817,A
3-PA,1614,1,0,814,0,815,G
3-PA,1615,786,1,1,0,788,A
3-PA,1616,769,0,0,0,769,A
3-PA,1617,770,0,1,0,771,A
3-PA,1618,0,768,0,0,768,T
3-PA,1619,752,1,0,0,753,A
3-PA,1620,2,0,0,746,748,C
3-PA,1621,0,406,0,0,406,T
3-PA,1622,2,0,401,0,403,G
3-PA,1623,0,227,0,0,227,T
3-PA,1624,0,0,222,0,222,G
3-PA,1625,0,196,0,0,196,T
3-PA,1626,0,0,0,110,110,C
3-PA,1627,0,0,0,100,100,C
3-PA,1628,0,94,0,0,94,T
3-PA,1629,0,94,0,0,94,T
3-PA,1630,0,1,94,0,95,G
3-PA,1631,98,0,0,0,98,A
3-PA,1632,0,0,98,0,98,G
3-PA,1633,93,0,0,0,93,A
3-PA,1634,0,93,0,0,93,T
3-PA,1635,92,0,0,0,92,A
3-PA,1636,0,0,96,0,96,G
3-PA,1637,0,0,95,0,95,G
3-PA,1638,96,0,0,0,96,A
3-PA,1639,0,1,95,0,96,G
3-PA,1640,95,0,0,0,95,A
3-PA,1641,0,93,0,0,93,T
3-PA,1642,94,0,0,0,94,A
3-PA,1643,0,94,0,0,94,T
3-PA,1644,0,0,96,0,96,G
3-PA,1645,0,93,0,0,93,T
3-PA,1646,0,93,0,0,93,T
3-PA,1647,93,0,0,0,93,A
3-PA,1648,0,0,0,93,93,C
3-PA,1649,0,89,0,1,90,T
3-PA,1650,92,0,0,0,92,A
3-PA,1651,89,0,1,0,90,A
3-PA,1652,0,0,90,0,90,G
3-PA,1653,90,0,0,0,90,A
3-PA,1654,88,0,0,0,88,A
3-PA,1655,0,0,87,0,87,G
3-PA,1656,0,88,0,0,88,T
3-PA,1657,0,0,90,0,90,G
3-PA,1658,0,0,0,89,89,C
3-PA,1659,0,0,0,90,90,C
3-PA,1660,91,0,0,0,91,A
3-PA,1661,0,90,0,0,90,T
3-PA,1662,90,0,0,0,90,A
3-PA,1663,0,0,90,0,90,G
3-PA,1664,0,0,89,0,89,G
3-PA,1665,0,0,0,89,89,C
3-PA,1666,0,0,0,89,89,C
3-PA,1667,89,0,0,0,89,A
3-PA,1668,89,0,0,0,89,A
3-PA,1669,89,0,0,0,89,A
3-PA,1670,0,90,0,0,90,T
3-PA,1671,0,89,0,0,89,T
3-PA,1672,0,87,1,0,88,T
3-PA,1673,0,0,0,91,91,C
3-PA,1674,87,0,0,0,87,A
3-PA,1675,86,0,0,0,86,A
3-PA,1676,0,0,87,0,87,G
3-PA,1677,0,0,85,0,85,G
3-PA,1678,0,0,0,84,84,C
3-PA,1679,0,0,0,82,82,C
3-PA,1680,83,0,0,0,83,A
3-PA,1681,89,0,0,0,89,A
3-PA,1682,0,89,0,0,89,T
3-PA,1683,0,0,90,0,90,G
3-PA,1684,0,89,0,0,89,T
3-PA,1685,0,94,0,0,94,T
3-PA,1686,0,0,0,96,96,C
3-PA,1687,0,94,0,0,94,T
3-PA,1688,0,95,0,0,95,T
3-PA,1689,89,0,0,0,89,A
3-PA,1690,0,90,0,0,90,T
3-PA,1691,90,0,0,0,90,A
3-PA,1692,0,91,0,0,91,T
3-PA,1693,0,0,92,0,92,G
3-PA,1694,0,89,0,0,89,T
3-PA,1695,0,0,89,0,89,G
3-PA,1696,89,0,0,0,89,A
3-PA,1697,0,0,88,0,88,G
3-PA,1698,0,0,87,0,87,G
3-PA,1699,87,0,1,0,88,A
3-PA,1700,0,0,0,87,87,C
3-PA,1701,88,0,0,0,88,A
3-PA,1702,88,0,0,0,88,A
3-PA,1703,88,0,0,0,88,A
3-PA,1704,0,0,0,88,88,C
3-PA,1705,1,0,87,0,88,G
3-PA,1706,0,0,89,0,89,G
3-PA,1707,89,0,0,0,89,A
3-PA,1708,90,0,0,0,90,A
3-PA,1709,0,0,0,89,89,C
3-PA,1710,87,0,0,0,87,A
3-PA,1711,0,88,0,0,88,T
3-PA,1712,0,0,0,88,88,C
3-PA,1713,88,0,0,0,88,A
3-PA,1714,88,0,0,0,88,A
3-PA,1715,87,0,0,0,87,A
3-PA,1716,0,0,88,0,88,G
3-PA,1717,0,0,89,0,89,G
3-PA,1718,0,89,0,0,89,T
3-PA,1719,0,0,0,88,88,C
3-PA,1720,87,0,0,0,87,A
3-PA,1721,87,0,0,0,87,A
3-PA,1722,87,0,0,0,87,A
3-PA,1723,87,0,0,0,87,A
3-PA,1724,0,87,0,0,87,T
3-PA,1725,0,0,91,0,91,G
3-PA,1726,90,0,1,0,91,A
3-PA,1727,89,0,0,0,89,A
3-PA,1728,90,0,0,0,90,A
3-PA,1729,0,90,0,0,90,T
3-PA,1730,0,0,90,0,90,G
3-PA,1731,0,0,91,0,91,G
3-PA,1732,1,0,90,0,91,G
3-PA,1733,0,1,91,0,92,G
3-PA,1734,87,0,0,0,87,A
3-PA,1735,89,0,0,0,89,A
3-PA,1736,0,89,0,0,89,T
3-PA,1737,0,0,89,0,89,G
3-PA,1738,0,0,91,0,91,G
3-PA,1739,89,0,0,0,89,A
3-PA,1740,0,0,92,0,92,G
3-PA,1741,91,0,0,0,91,A
3-PA,1742,0,90,0,0,90,T
3-PA,1743,0,0,91,0,91,G
3-PA,1744,90,0,0,0,90,A
3-PA,1745,0,0,91,0,91,G
3-PA,1746,90,0,0,0,90,A
3-PA,1747,0,0,0,89,89,C
3-PA,1748,0,0,89,0,89,G
3-PA,1749,0,86,0,0,86,T
3-PA,1750,0,86,0,0,86,T
3-PA,1751,0,0,86,0,86,G
3-PA,1752,0,0,0,86,86,C
3-PA,1753,0,0,0,86,86,C
3-PA,1754,0,84,0,0,84,T
3-PA,1755,0,0,0,87,87,C
3-PA,1756,0,0,0,88,88,C
3-PA,1757,0,87,0,0,87,T
3-PA,1758,0,88,0,0,88,T
3-PA,1759,0,0,0,88,88,C
3-PA,1760,88,0,0,0,88,A
3-PA,1761,0,0,88,0,88,G
3-PA,1762,0,87,0,0,87,T
3-PA,1763,1,0,0,88,89,C
3-PA,1764,86,0,0,0,86,A
3-PA,1765,0,0,0,90,90,C
3-PA,1766,0,88,0,0,88,T
3-PA,1767,0,0,0,91,91,C
3-PA,1768,0,0,0,91,91,C
3-PA,1769,90,0,0,0,90,A
3-PA,1770,0,0,90,0,90,G
3-PA,1771,0,0,0,90,90,C
3-PA,1772,90,0,0,0,90,A
3-PA,1773,0,0,91,0,91,G
3-PA,1774,88,0,0,0,88,A
3-PA,1775,0,88,0,0,88,T
3-PA,1776,0,0,0,85,85,C
3-PA,1777,0,0,85,0,85,G
3-PA,1778,85,0,0,0,85,A
3-PA,1779,0,0,85,0,85,G
3-PA,1780,84,0,0,0,84,A
3-PA,1781,0,0,85,0,85,G
3-PA,1782,0,0,0,85,85,C
3-PA,1783,85,0,0,0,85,A
3-PA,1784,0,85,0,0,85,T
3-PA,1785,0,0,87,0,87,G
3-PA,1786,88,0,0,0,88,A
3-PA,1787,0,88,0,0,88,T
3-PA,1788,0,87,0,0,87,T
3-PA,1789,0,0,87,0,87,G
3-PA,1790,83,0,0,0,83,A
3-PA,1791,0,0,81,0,81,G
3-PA,1792,0,0,84,0,84,G
3-PA,1793,0,0,0,84,84,C
3-PA,1794,0,0,0,84,84,C
3-PA,1795,0,0,83,0,83,G
3-PA,1796,84,0,0,0,84,A
3-PA,1797,0,0,87,0,87,G
3-PA,1798,0,86,0,0,86,T
3-PA,1799,0,0,0,85,85,C
3-PA,1800,0,0,0,86,86,C
3-PA,1801,0,85,0,0,85,T
3-PA,1802,0,0,0,87,87,C
3-PA,1803,0,0,87,0,87,G
3-PA,1804,0,0,88,0,88,G
3-PA,1805,0,87,0,0,87,T
3-PA,1806,0,86,0,0,86,T
3-PA,1807,86,0,0,0,86,A
3-PA,1808,87,0,0,0,87,A
3-PA,1809,88,0,0,0,88,A
3-PA,1810,0,0,88,0,88,G
3-PA,1811,87,0,0,0,87,A
3-PA,1812,0,0,87,0,87,G
3-PA,1813,83,0,0,0,83,A
3-PA,1814,82,0,0,0,82,A
3-PA,1815,83,0,0,0,83,A
3-PA,1816,0,0,83,0,83,G
3-PA,1817,81,0,1,1,83,A
3-PA,1818,0,0,0,83,83,C
3-PA,1819,82,0,1,0,83,A
3-PA,1820,0,82,0,0,82,T
3-PA,1821,0,0,84,0,84,G
3-PA,1822,86,0,0,0,86,A
3-PA,1823,0,0,0,86,86,C
3-PA,1824,0,0,0,86,86,C
3-PA,1825,86,0,0,0,86,A
3-PA,1826,86,0,0,0,86,A
3-PA,1827,86,0,0,0,86,A
3-PA,1828,0,0,86,0,86,G
3-PA,1829,85,0,0,0,85,A
3-PA,1830,0,0,86,0,86,G
3-PA,1831,0,85,0,0,85,T
3-PA,1832,0,83,0,0,83,T
3-PA,1833,0,83,0,0,83,T
3-PA,1834,0,84,0,0,84,T
3-PA,1835,0,84,0,0,84,T
3-PA,1836,0,84,0,0,84,T
3-PA,1837,0,0,84,0,84,G
3-PA,1838,84,0,0,0,84,A
3-PA,1839,0,0,86,0,86,G
3-PA,1840,86,0,0,0,86,A
3-PA,1841,85,0,0,0,85,A
3-PA,1842,0,86,0,0,86,T
3-PA,1843,85,1,0,0,86,A
3-PA,1844,89,0,0,0,89,A
3-PA,1845,89,0,0,0,89,A
3-PA,1846,0,90,0,0,90,T
3-PA,1847,0,0,0,91,91,C
3-PA,1848,90,0,1,0,91,A
3-PA,1849,0,0,92,0,92,G
3-PA,1850,91,0,0,0,91,A
3-PA,1851,91,0,0,0,91,A
3-PA,1852,0,0,93,0,93,G
3-PA,1853,0,0,0,90,90,C
3-PA,1854,89,0,1,0,90,A
3-PA,1855,0,90,0,0,90,T
3-PA,1856,0,0,89,0,89,G
3-PA,1857,0,0,91,0,91,G
3-PA,1858,0,0,0,91,91,C
3-PA,1859,0,0,0,86,86,C
3-PA,1860,1,0,0,87,88,C
3-PA,1861,90,0,0,0,90,A
3-PA,1862,0,89,1,0,90,T
3-PA,1863,0,91,0,0,91,T
3-PA,1864,0,0,87,0,87,G
3-PA,1865,0,0,90,0,90,G
3-PA,1866,0,0,91,0,91,G
3-PA,1867,0,0,89,0,89,G
3-PA,1868,84,1,0,0,85,A
3-PA,1869,0,0,85,0,85,G
3-PA,1870,0,85,0,0,85,T
3-PA,1871,0,0,0,90,90,C
3-PA,1872,0,0,0,92,92,C
3-PA,1873,0,0,0,92,92,C
3-PA,1874,0,0,0,90,90,C
3-PA,1875,0,0,0,91,91,C
3-PA,1876,90,0,0,0,90,A
3-PA,1877,90,0,0,0,90,A
3-PA,1878,0,0,91,0,91,G
3-PA,1879,0,0,88,0,88,G
3-PA,1880,0,0,91,0,91,G
3-PA,1881,84,0,0,0,84,A
3-PA,1882,0,0,85,0,85,G
3-PA,1883,0,85,0,0,85,T
3-PA,1884,0,0,85,0,85,G
3-PA,1885,0,0,85,0,85,G
3-PA,1886,86,0,0,0,86,A
3-PA,1887,86,0,0,0,86,A
3-PA,1888,0,0,86,0,86,G
3-PA,1889,83,0,0,0,83,A
3-PA,1890,87,0,0,0,87,A
3-PA,1891,0,0,87,0,87,G
3-PA,1892,0,0,87,0,87,G
3-PA,1893,0,85,0,0,85,T
3-PA,1894,0,86,0,0,86,T
3-PA,1895,1,0,0,86,87,C
3-PA,1896,0,0,0,88,88,C
3-PA,1897,87,0,0,0,87,A
3-PA,1898,0,88,0,0,88,T
3-PA,1899,0,86,0,0,86,T
3-PA,1900,0,0,87,0,87,G
3-PA,1901,0,0,88,0,88,G
3-PA,1902,0,0,87,0,87,G
3-PA,1903,86,0,0,0,86,A
3-PA,1904,88,0,0,0,88,A
3-PA,1905,88,0,0,0,88,A
3-PA,1906,0,0,92,0,92,G
3-PA,1907,0,92,0,0,92,T
3-PA,1908,0,0,0,92,92,C
3-PA,1909,0,90,0,0,90,T
3-PA,1910,0,0,90,0,90,G
3-PA,1911,0,90,0,0,90,T
3-PA,1912,90,0,0,0,90,A
3-PA,1913,0,0,90,0,90,G
3-PA,1914,0,0,88,0,88,G
3-PA,1915,88,0,0,0,88,A
3-PA,1916,0,0,0,88,88,C
3-PA,1917,0,87,0,0,87,T
3-PA,1918,1,0,0,91,92,C
3-PA,1919,0,93,0,0,93,T
3-PA,1920,92,0,0,0,92,A
3-PA,1921,0,93,0,0,93,T
3-PA,1922,0,91,0,0,91,T
3-PA,1923,1,0,90,0,91,G
3-PA,1924,0,0,91,0,91,G
3-PA,1925,0,0,0,90,90,C
3-PA,1926,0,89,0,0,89,T
3-PA,1927,81,0,1,0,82,A
3-PA,1928,85,0,0,0,85,A
3-PA,1929,0,0,85,0,85,G
3-PA,1930,0,84,0,1,85,T
3-PA,1931,1,0,0,84,85,C
3-PA,1932,85,0,0,0,85,A
3-PA,1933,0,0,87,0,87,G
3-PA,1934,0,87,0,0,87,T
3-PA,1935,88,0,0,0,88,A
3-PA,1936,0,88,0,0,88,T
3-PA,1937,0,87,0,0,87,T
3-PA,1938,0,0,0,87,87,C
3-PA,1939,85,0,0,0,85,A
3-PA,1940,85,0,0,0,85,A
3-PA,1941,0,84,0,0,84,T
3-PA,1942,81,0,0,0,81,A
3-PA,1943,0,0,82,0,82,G
3-PA,1944,0,0,0,85,85,C
3-PA,1945,0,0,0,84,84,C
3-PA,1946,0,83,0,0,83,T
3-PA,1947,0,0,84,0,84,G
3-PA,1948,0,84,0,0,84,T
3-PA,1949,84,0,0,0,84,A
3-PA,1950,0,82,1,0,83,T
3-PA,1951,0,0,83,0,83,G
3-PA,1952,0,0,0,84,84,C
3-PA,1953,81,0,0,0,81,A
3-PA,1954,0,81,0,0,81,T
3-PA,1955,0,0,0,80,80,C
3-PA,1956,79,0,0,0,79,A
3-PA,1957,0,0,0,79,79,C
3-PA,1958,1,0,0,78,79,C
3-PA,1959,79,0,0,0,79,A
3-PA,1960,0,0,0,81,81,C
3-PA,1961,79,0,0,0,79,A
3-PA,1962,79,0,0,0,79,A
3-PA,1963,0,77,0,0,77,T
3-PA,1964,0,78,0,0,78,T
3-PA,1965,0,0,78,0,78,G
3-PA,1966,0,1,75,0,76,G
3-PA,1967,76,0,0,0,76,A
3-PA,1968,75,0,1,0,76,A
3-PA,1969,0,0,76,0,76,G
3-PA,1970,0,0,76,0,76,G
3-PA,1971,75,0,0,0,75,A
3-PA,1972,0,75,0,0,75,T
3-PA,1973,0,74,0,0,74,T
3-PA,1974,0,75,0,0,75,T
3-PA,1975,0,75,0,0,75,T
3-PA,1976,0,0,0,75,75,C
3-PA,1977,74,0,0,0,74,A
3-PA,1978,0,0,74,0,74,G
3-PA,1979,0,0,0,73,73,C
3-PA,1980,0,0,72,0,72,G
3-PA,1981,0,0,71,0,71,G
3-PA,1982,71,1,0,0,72,A
3-PA,1983,0,0,73,0,73,G
3-PA,1984,0,73,0,0,73,T
3-PA,1985,0,0,0,73,73,C
3-PA,1986,73,0,0,0,73,A
3-PA,1987,72,0,1,0,73,A
3-PA,1988,0,0,73,0,73,G
3-PA,1989,73,0,0,0,73,A
3-PA,1990,73,0,0,0,73,A
3-PA,1991,73,0,0,0,73,A
3-PA,1992,70,0,0,0,70,A
3-PA,1993,0,0,0,71,71,C
3-PA,1994,0,71,0,0,71,T
3-PA,1995,0,0,70,0,70,G
3-PA,1996,0,0,0,71,71,C
3-PA,1997,0,71,0,0,71,T
3-PA,1998,0,0,0,71,71,C
3-PA,1999,0,0,0,71,71,C
3-PA,2000,0,71,0,0,71,T
3-PA,2001,0,71,0,0,71,T
3-PA,2002,0,0,72,0,72,G
3-PA,2003,0,72,0,0,72,T
3-PA,2004,0,71,0,0,71,T
3-PA,2005,0,0,71,0,71,G
3-PA,2006,0,71,0,0,71,T
3-PA,2007,0,71,0,0,71,T
3-PA,2008,0,0,0,71,71,C
3-PA,2009,64,0,1,0,65,A
3-PA,2010,0,0,66,0,66,G
3-PA,2011,0,0,66,0,66,G
3-PA,2012,0,0,0,67,67,C
3-PA,2013,0,67,0,0,67,T
3-PA,2014,0,0,0,71,71,C
3-PA,2015,1,68,0,0,69,T
3-PA,2016,0,69,0,0,69,T
3-PA,2017,67,0,1,1,69,A
3-PA,2018,0,0,70,0,70,G
3-PA,2019,0,0,70,0,70,G
3-PA,2020,0,0,70,0,70,G
3-PA,2021,67,0,0,0,67,A
3-PA,2022,0,0,0,67,67,C
3-PA,2023,63,0,0,0,63,A
3-PA,2024,63,0,0,0,63,A
3-PA,2025,0,0,0,63,63,C
3-PA,2026,0,0,0,63,63,C
3-PA,2027,0,63,0,0,63,T
3-PA,2028,0,0,0,63,63,C
3-PA,2029,0,0,63,0,63,G
3-PA,2030,63,0,0,0,63,A
3-PA,2031,63,0,0,0,63,A
3-PA,2032,0,0,0,63,63,C
3-PA,2033,0,0,0,62,62,C
3-PA,2034,0,59,0,0,59,T
3-PA,2035,0,0,60,0,60,G
3-PA,2036,1,1,58,0,60,G
3-PA,2037,0,0,60,0,60,G
3-PA,2038,60,0,0,0,60,A
3-PA,2039,0,0,0,60,60,C
3-PA,2040,0,0,0,60,60,C
3-PA,2041,0,58,0,0,58,T
3-PA,2042,0,57,0,0,57,T
3-PA,2043,0,57,0,0,57,T
3-PA,2044,0,0,58,0,58,G
3-PA,2045,60,0,1,0,61,A
3-PA,2046,0,60,0,0,60,T
3-PA,2047,0,0,0,61,61,C
3-PA,2048,0,59,0,1,60,T
3-PA,2049,0,60,0,0,60,T
3-PA,2050,0,0,60,0,60,G
3-PA,2051,0,0,59,0,59,G
3-PA,2052,0,0,60,0,60,G
3-PA,2053,0,0,60,0,60,G
3-PA,2054,0,0,59,0,59,G
3-PA,2055,0,0,59,0,59,G
3-PA,2056,0,0,0,58,58,C
3-PA,2057,0,58,0,0,58,T
3-PA,2058,57,0,1,0,58,A
3-PA,2059,0,58,0,0,58,T
3-PA,2060,58,0,0,0,58,A
3-PA,2061,0,58,0,0,58,T
3-PA,2062,0,0,54,0,54,G
3-PA,2063,55,0,0,0,55,A
3-PA,2064,53,0,0,0,53,A
3-PA,2065,0,0,53,0,53,G
3-PA,2066,0,0,0,53,53,C
3-PA,2067,50,0,0,0,50,A
3-PA,2068,50,0,0,0,50,A
3-PA,2069,0,50,0,0,50,T
3-PA,2070,0,50,0,0,50,T
3-PA,2071,0,0,50,0,50,G
3-PA,2072,49,0,1,0,50,A
3-PA,2073,0,0,50,0,50,G
3-PA,2074,0,0,50,0,50,G
3-PA,2075,49,0,0,0,49,A
3-PA,2076,0,0,50,0,50,G
3-PA,2077,0,44,0,0,44,T
3-PA,2078,0,0,44,0,44,G
3-PA,2079,0,0,0,44,44,C
3-PA,2080,0,0,0,43,43,C
3-PA,2081,0,43,0,0,43,T
3-PA,2082,0,0,43,0,43,G
3-PA,2083,43,0,0,0,43,A
3-PA,2084,0,43,0,0,43,T
3-PA,2085,0,40,0,0,40,T
3-PA,2086,39,0,0,0,39,A
3-PA,2087,39,0,0,0,39,A
3-PA,2088,0,39,0,0,39,T
3-PA,2089,0,0,39,0,39,G
3-PA,2090,38,0,0,0,38,A
3-PA,2091,0,36,0,0,36,T
3-PA,2092,0,0,0,36,36,C
3-PA,2093,0,0,0,36,36,C
3-PA,2094,0,0,0,36,36,C
3-PA,2095,0,35,0,0,35,T
3-PA,2096,0,0,35,0,35,G
3-PA,2097,0,0,35,0,35,G
3-PA,2098,0,0,35,0,35,G
3-PA,2099,0,34,0,0,34,T
3-PA,2100,0,30,0,0,30,T
3-PA,2101,0,30,0,0,30,T
3-PA,2102,0,30,0,0,30,T
3-PA,2103,0,0,30,0,30,G
3-PA,2104,0,0,0,29,29,C
3-PA,2105,0,29,0,0,29,T
3-PA,2106,0,0,0,29,29,C
3-PA,2107,28,0,0,0,28,A
3-PA,2108,29,0,0,0,29,A
3-PA,2109,0,29,0,0,29,T
3-PA,2110,0,0,29,0,29,G
3-PA,2111,0,0,0,29,29,C
3-PA,2112,0,0,30,0,30,G
3-PA,2113,0,30,0,0,30,T
3-PA,2114,0,0,0,30,30,C
3-PA,2115,0,29,0,0,29,T
3-PA,2116,0,29,0,0,29,T
3-PA,2117,0,0,29,0,29,G
3-PA,2118,0,0,29,0,29,G
3-PA,2119,0,29,0,0,29,T
3-PA,2120,0,29,0,0,29,T
3-PA,2121,0,0,0,26,26,C
3-PA,2122,27,0,0,0,27,A
3-PA,2123,27,0,0,0,27,A
3-PA,2124,0,0,0,27,27,C
3-PA,2125,0,26,0,0,26,T
3-PA,2126,0,0,0,25,25,C
3-PA,2127,0,0,0,24,24,C
3-PA,2128,0,24,0,0,24,T
3-PA,2129,0,24,0,0,24,T
3-PA,2130,0,0,0,24,24,C
3-PA,2131,0,0,0,23,23,C
3-PA,2132,0,24,0,0,24,T
3-PA,2133,0,0,24,0,24,G
3-PA,2134,24,0,0,0,24,A
3-PA,2135,0,0,0,24,24,C
3-PA,2136,22,0,1,0,23,A
3-PA,2137,0,0,0,23,23,C
3-PA,2138,22,0,0,0,22,A
3-PA,2139,0,22,0,0,22,T
3-PA,2140,0,0,22,0,22,G
3-PA,2141,0,0,0,22,22,C
3-PA,2142,21,0,0,0,21,A
3-PA,2143,0,21,0,0,21,T
3-PA,2144,0,21,0,0,21,T
3-PA,2145,21,0,0,0,21,A
3-PA,2146,21,0,0,0,21,A
3-PA,2147,21,0,0,0,21,A
3-PA,2148,21,0,0,0,21,A
3-PA,2149,0,21,0,0,21,T
3-PA,2150,16,0,0,0,16,A
3-PA,2151,0,0,16,0,16,G
4-HA,1,360,0,0,0,360,A
4-HA,2,0,364,0,0,364,T
4-HA,3,0,0,365,0,365,G
4-HA,4,371,0,0,0,371,A
4-HA,5,372,0,0,0,372,A
4-HA,6,0,3,404,0,407,G
4-HA,7,407,0,1,0,408,A
4-HA,8,0,0,0,437,437,C
4-HA,9,0,441,0,1,442,T
4-HA,10,452,0,0,0,452,A
4-HA,11,0,475,0,0,475,T
4-HA,12,0,0,0,479,479,C
4-HA,13,479,0,0,0,479,A
4-HA,14,0,479,0,0,479,T
4-HA,15,0,477,0,0,477,T
4-HA,16,0,1,502,0,503,G
4-HA,17,0,1,0,502,503,C
4-HA,18,0,502,0,1,503,T
4-HA,19,1,505,0,0,506,T
4-HA,20,0,506,0,0,506,T
4-HA,21,0,0,541,0,541,G
4-HA,22,545,0,0,0,545,A
4-HA,23,0,0,568,0,568,G
4-HA,24,0,0,0,570,570,C
4-HA,25,0,568,1,1,570,T
4-HA,26,625,0,2,0,627,A
4-HA,27,0,0,0,636,636,C
4-HA,28,651,0,0,0,651,A
4-HA,29,0,691,0,1,692,T
4-HA,30,0,689,0,2,691,T
4-HA,31,0,0,0,705,705,C
4-HA,32,0,701,0,1,702,T
4-HA,33,715,0,0,0,715,A
4-HA,34,0,716,0,0,716,T
4-HA,35,0,0,720,0,720,G
4-HA,36,0,718,0,2,720,T
4-HA,37,2,0,0,717,719,C
4-HA,38,0,712,0,4,716,T
4-HA,39,1,1,716,0,718,G
4-HA,40,0,0,718,0,718,G
4-HA,41,0,718,0,0,718,T
4-HA,42,0,717,0,0,717,T
4-HA,43,0,717,0,0,717,T
4-HA,44,0,715,0,1,716,T
4-HA,45,3,1,0,713,717,C
4-HA,46,0,0,715,0,715,G
4-HA,47,0,1,0,725,726,C
4-HA,48,0,721,0,2,723,T
4-HA,49,2,1,0,726,729,C
4-HA,50,728,0,0,0,728,A
4-HA,51,730,0,0,0,730,A
4-HA,52,729,0,0,0,729,A
4-HA,53,730,0,0,0,730,A
4-HA,54,730,0,1,0,731,A
4-HA,55,0,0,0,735,735,C
4-HA,56,0,734,0,1,735,T
4-HA,57,0,741,0,0,741,T
4-HA,58,0,0,0,739,739,C
4-HA,59,0,0,0,741,741,C
4-HA,60,0,740,0,2,742,T
4-HA,61,0,0,755,0,755,G
4-HA,62,0,2,753,0,755,G
4-HA,63,755,0,0,0,755,A
4-HA,64,773,0,1,0,774,A
4-HA,65,772,0,0,0,772,A
4-HA,66,0,778,0,2,780,T
4-HA,67,0,2,783,0,785,G
4-HA,68,787,0,0,0,787,A
4-HA,69,0,0,0,797,797,C
4-HA,70,797,0,0,0,797,A
4-HA,71,794,0,1,0,795,A
4-HA,72,0,0,0,810,810,C
4-HA,73,805,0,0,0,805,A
4-HA,74,0,0,810,0,810,G
4-HA,75,0,0,0,809,809,C
4-HA,76,810,0,1,0,811,A
4-HA,77,0,1,0,830,831,C
4-HA,78,0,0,830,0,830,G
4-HA,79,1,1,834,0,836,G
4-HA,80,1,0,0,838,839,C
4-HA,81,835,0,0,0,835,A
4-HA,82,842,0,0,0,842,A
4-HA,83,1,0,0,845,846,C
4-HA,84,1,0,858,0,859,G
4-HA,85,0,0,0,860,860,C
4-HA,86,0,852,0,1,853,T
4-HA,87,0,0,867,0,867,G
4-HA,88,0,868,0,1,869,T
4-HA,89,1,1,896,0,898,G
4-HA,90,1,0,0,906,907,C
4-HA,91,2,0,0,923,925,C
4-HA,92,0,918,0,1,919,T
4-HA,93,0,917,0,0,917,T
4-HA,94,0,0,916,0,916,G
4-HA,95,0,3,914,0,917,G
4-HA,96,0,1,927,0,928,G
4-HA,97,0,0,0,934,934,C
4-HA,98,929,0,1,0,930,A
4-HA,99,0,1,0,944,945,C
4-HA,100,0,0,0,933,933,C
4-HA,101,1006,1,0,0,1007,A
4-HA,102,0,1009,0,2,1011,T
4-HA,103,0,0,1010,0,1010,G
4-HA,104,0,1,0,1013,1014,C
4-HA,105,1004,0,2,0,1006,A
4-HA,106,0,0,1066,0,1066,G
4-HA,107,0,1067,0,0,1067,T
4-HA,108,1080,0,1,0,1081,A
4-HA,109,0,1,0,1080,1081,C
4-HA,110,0,1,0,1051,1052,C
4-HA,111,1061,0,0,0,1061,A
4-HA,112,1058,0,0,0,1058,A
4-HA,113,1058,0,0,0,1058,A
4-HA,114,0,0,0,1064,1064,C
4-HA,115,0,3,1032,0,1035,G
4-HA,116,0,2,1049,0,1051,G
4-HA,117,1040,1,3,0,1044,A
4-HA,118,1047,1,2,0,1050,A
4-HA,119,1,0,0,1051,1052,C
4-HA,120,0,1,1044,0,1045,G
4-HA,121,0,1,1040,0,1041,G
4-HA,122,1,1084,0,1,1086,T
4-HA,123,1097,0,0,0,1097,A
4-HA,124,0,0,1101,0,1101,G
4-HA,125,0,1091,0,1,1092,T
4-HA,126,0,5,1093,0,1098,G
4-HA,127,1095,0,0,0,1095,A
4-HA,128,1098,0,0,0,1098,A
4-HA,129,1096,0,1,0,1097,A
4-HA,130,1081,0,1,0,1082,A
4-HA,131,0,1,0,1098,1099,C
4-HA,132,1092,0,1,0,1093,A
4-HA,133,1099,0,1,0,1100,A
4-HA,134,0,1096,0,1,1097,T
4-HA,135,2,0,0,1092,1094,C
4-HA,136,1097,0,2,0,1099,A
4-HA,137,0,0,0,1099,1099,C
4-HA,138,1,5,1094,0,1100,G
4-HA,139,1092,0,1,0,1093,A
4-HA,140,1092,0,2,0,1094,A
4-HA,141,0,1091,0,0,1091,T
4-HA,142,0,4,1090,0,1094,G
4-HA,143,1092,0,1,0,1093,A
4-HA,144,0,0,0,1093,1093,C
4-HA,145,1,1,0,1088,1090,C
4-HA,146,1101,0,0,0,1101,A
4-HA,147,1105,0,1,0,1106,A
4-HA,148,1105,0,1,0,1106,A
4-HA,149,1,1106,0,0,1107,T
4-HA,150,0,1107,0,1,1108,T
4-HA,151,0,3,1115,0,1118,G
4-HA,152,1114,0,0,0,1114,A
4-HA,153,1113,2,3,0,1118,A
4-HA,154,0,0,1128,0,1128,G
4-HA,155,0,1130,0,1,1131,T
4-HA,156,0,1152,0,2,1154,T
4-HA,157,1161,0,1,0,1162,A
4-HA,158,0,0,0,1166,1166,C
4-HA,159,0,1163,0,0,1163,T
4-HA,160,1164,0,1,0,1165,A
4-HA,161,1190,1,2,0,1193,A
4-HA,162,0,1192,0,1,1193,T
4-HA,163,1,0,1192,0,1193,G
4-HA,164,0,0,0,1243,1243,C
4-HA,165,1,1234,0,0,1235,T
4-HA,166,1235,0,0,0,1235,A
4-HA,167,0,0,0,1234,1234,C
4-HA,168,0,1230,0,0,1230,T
4-HA,169,1,2,1232,0,1235,G
4-HA,170,1223,0,4,0,1227,A
4-HA,171,0,0,1231,0,1231,G
4-HA,172,0,0,0,1228,1228,C
4-HA,173,0,1209,0,1,1210,T
4-HA,174,0,3,1239,0,1242,G
4-HA,175,1,2,1261,0,1264,G
4-HA,176,0,1265,0,2,1267,T
4-HA,177,0,1268,0,0,1268,T
4-HA,178,0,1,0,1266,1267,C
4-HA,179,1260,0,0,0,1260,A
4-HA,180,0,2,1267,0,1269,G
4-HA,181,1267,0,1,0,1268,A
4-HA,182,0,0,1296,0,1296,G
4-HA,183,1,1287,0,2,1290,T
4-HA,184,0,1271,0,0,1271,T
4-HA,185,3,0,0,1283,1286,C
4-HA,186,2,0,0,1287,1289,C
4-HA,187,0,1284,0,1,1285,T
4-HA,188,5,0,0,1293,1298,C
4-HA,189,1291,1,0,0,1292,A
4-HA,190,1291,1,0,0,1292,A
4-HA,191,0,0,0,1299,1299,C
4-HA,192,1284,0,1,0,1285,A
4-HA,193,0,1,1325,0,1326,G
4-HA,194,0,0,1328,0,1328,G
4-HA,195,0,1325,0,1,1326,T
4-HA,196,1,8,1317,0,1326,G
4-HA,197,1318,0,1,0,1319,A
4-HA,198,1321,0,2,0,1323,A
4-HA,199,1353,0,5,0,1358,A
4-HA,200,0,1346,0,0,1346,T
4-HA,201,1349,1,4,0,1354,A
4-HA,202,0,1336,0,0,1336,T
4-HA,203,0,0,1333,0,1333,G
4-HA,204,0,0,0,1337,1337,C
4-HA,205,0,3,1332,0,1335,G
4-HA,206,1334,0,3,0,1337,A
4-HA,207,0,0,0,1336,1336,C
4-HA,208,1312,0,2,0,1314,A
4-HA,209,0,0,1401,0,1401,G
4-HA,210,0,1392,0,1,1393,T
4-HA,211,0,2,0,1408,1410,C
4-HA,212,1,2,0,1402,1405,C
4-HA,213,0,1413,0,1,1414,T
4-HA,214,2,0,0,1442,1444,C
4-HA,215,1450,0,0,0,1450,A
4-HA,216,0,1449,0,0,1449,T
4-HA,217,0,1,0,1450,1451,C
4-HA,218,1397,0,0,0,1397,A
4-HA,219,0,1,1401,0,1402,G
4-HA,220,1394,0,0,0,1394,A
4-HA,221,0,1388,0,1,1389,T
4-HA,222,3,0,0,1390,1393,C
4-HA,223,1,0,1,1366,1368,C
4-HA,224,0,1366,0,2,1368,T
4-HA,225,0,1373,0,0,1373,T
4-HA,226,0,1,1371,0,1372,G
4-HA,227,1372,0,1,0,1373,A
4-HA,228,0,1373,0,1,1374,T
4-HA,229,0,0,1385,0,1385,G
4-HA,230,0,4,1379,0,1383,G
4-HA,231,1384,0,1,0,1385,A
4-HA,232,1380,0,1,0,1381,A
4-HA,233,1386,0,0,0,1386,A
4-HA,234,1390,1,1,0,1392,A
4-HA,235,1394,0,1,0,1395,A
4-HA,236,1392,0,0,0,1392,A
4-HA,237,0,0,1,1396,1397,C
4-HA,238,0,1383,0,0,1383,T
4-HA,239,0,0,1390,0,1390,G
4-HA,240,0,0,0,1385,1385,C
4-HA,241,1385,1,2,0,1388,A
4-HA,242,0,0,0,1436,1436,C
4-HA,243,1429,0,1,0,1430,A
4-HA,244,2,1,0,1633,1636,C
4-HA,245,1,1626,0,1,1628,T
4-HA,246,1658,0,1,0,1659,A
4-HA,247,1665,0,1,0,1666,A
4-HA,248,0,1672,0,0,1672,T
4-HA,249,1666,0,2,0,1668,A
4-HA,250,1,2,1671,0,1674,G
4-HA,251,1639,1,0,0,1640,A
4-HA,252,0,1611,0,1,1612,T
4-HA,253,1,1,1535,0,1537,G
4-HA,254,1,0,0,1556,1557,C
4-HA,255,1,1532,0,1,1534,T
4-HA,256,2,0,0,1660,1662,C
4-HA,257,0,1656,0,0,1656,T
4-HA,258,1689,1,0,0,1690,A
4-HA,259,0,1687,0,0,1687,T
4-HA,260,0,1681,0,2,1683,T
4-HA,261,0,2,1698,0,1700,G
4-HA,262,1,0,1684,0,1685,G
4-HA,263,2,2,1681,0,1685,G
4-HA,264,1654,0,2,0,1656,A
4-HA,265,1,2,1643,0,1646,G
4-HA,266,1612,0,2,0,1614,A
4-HA,267,0,1,1,1766,1768,C
4-HA,268,4,0,0,1814,1818,C
4-HA,269,1,0,0,1824,1825,C
4-HA,270,0,1829,0,0,1829,T
4-HA,271,1,0,0,1862,1863,C
4-HA,272,1856,0,2,0,1858,A
4-HA,273,0,1,1994,1,1996,G
4-HA,274,1,1991,0,3,1995,T
4-HA,275,2,1,2011,0,2014,G
4-HA,276,0,1965,0,3,1968,T
4-HA,277,2,5,1955,0,1962,G
4-HA,278,1949,5,6,0,1960,A
4-HA,279,0,1960,0,2,1962,T
4-HA,280,2,2,1943,0,1947,G
4-HA,281,0,0,1937,0,1937,G
4-HA,282,1,0,0,1922,1923,C
4-HA,283,0,1917,0,4,1921,T
4-HA,284,0,1915,0,1,1916,T
4-HA,285,3,1,0,1914,1918,C
4-HA,286,0,2,1,1912,1915,C
4-HA,287,1923,0,1,1,1925,A
4-HA,288,1922,0,4,1,1927,A
4-HA,289,1925,0,0,0,1925,A
4-HA,290,1937,0,0,0,1937,A
4-HA,291,0,1940,0,0,1940,T
4-HA,292,1936,0,0,0,1936,A
4-HA,293,1941,0,3,0,1944,A
4-HA,294,0,3,1941,0,1944,G
4-HA,295,1963,0,1,0,1964,A
4-HA,296,1965,0,0,0,1965,A
4-HA,297,1966,0,2,0,1968,A
4-HA,298,1,1963,0,0,1964,T
4-HA,299,0,1,1962,0,1963,G
4-HA,300,0,2,1963,0,1965,G
4-HA,301,0,4,1960,0,1964,G
4-HA,302,1961,1,2,0,1964,A
4-HA,303,1,0,0,1978,1979,C
4-HA,304,0,0,0,1980,1980,C
4-HA,305,0,1998,0,2,2000,T
4-HA,306,0,1999,0,1,2000,T
4-HA,307,0,2000,0,1,2001,T
4-HA,308,1,2015,0,2,2018,T
4-HA,309,0,2013,0,1,2014,T
4-HA,310,0,1,2033,0,2034,G
4-HA,311,0,2029,0,5,2034,T
4-HA,312,0,2036,0,1,2037,T
4-HA,313,0,7,2031,0,2038,G
4-HA,314,2008,0,3,0,2011,A
4-HA,315,2017,0,3,0,2020,A
4-HA,316,0,5,0,2024,2029,C
4-HA,317,2,0,2018,0,2020,G
4-HA,318,0,0,0,2051,2051,C
4-HA,319,2046,1,2,0,2049,A
4-HA,320,0,1,2060,0,2061,G
4-HA,321,0,2,0,2057,2059,C
4-HA,322,2062,0,2,0,2064,A
4-HA,323,2060,0,1,0,2061,A
4-HA,324,2069,0,4,0,2073,A
4-HA,325,0,0,2154,0,2154,G
4-HA,326,0,0,0,2161,2161,C
4-HA,327,0,0,0,2154,2154,C
4-HA,328,2,2148,0,1,2151,T
4-HA,329,2149,0,1,0,2150,A
4-HA,330,0,2,0,2177,2179,C
4-HA,331,2174,1,1,2,2178,A
4-HA,332,2,0,2179,0,2181,G
4-HA,333,0,2,0,2171,2173,C
4-HA,334,2117,0,0,0,2117,A
4-HA,335,2134,0,3,0,2137,A
4-HA,336,0,0,0,2215,2215,C
4-HA,337,0,2209,0,0,2209,T
4-HA,338,2,1,2221,0,2224,G
4-HA,339,1,2202,0,2,2205,T
4-HA,340,0,2200,0,2,2202,T
4-HA,341,2209,1,1,0,2211,A
4-HA,342,0,0,0,2356,2356,C
4-HA,343,1,1,0,2366,2368,C
4-HA,344,2,2,0,2423,2427,C
4-HA,345,0,2361,0,4,2365,T
4-HA,346,0,2363,0,2,2365,T
4-HA,347,2375,1,2,0,2378,A
4-HA,348,0,2370,0,0,2370,T
4-HA,349,0,3,2374,0,2377,G
4-HA,350,2369,0,2,0,2371,A
4-HA,351,0,2254,0,0,2254,T
4-HA,352,0,2,2283,0,2285,G
4-HA,353,0,2236,0,1,2237,T
4-HA,354,3,1,2231,0,2235,G
4-HA,355,1,1,0,2239,2241,C
4-HA,356,3,1,0,2240,2244,C
4-HA,357,2,1,2298,0,2301,G
4-HA,358,0,3,2339,0,2342,G
4-HA,359,2350,0,1,0,2351,A
4-HA,360,0,2349,0,1,2350,T
4-HA,361,0,2309,0,1,2310,T
4-HA,362,2319,1,1,0,2321,A
4-HA,363,0,2317,0,1,2318,T
4-HA,364,0,0,2323,0,2323,G
4-HA,365,0,0,0,2316,2316,C
4-HA,366,7,1,0,2300,2308,C
4-HA,367,1,2329,0,6,2336,T
4-HA,368,2,0,0,2441,2443,C
4-HA,369,1,0,0,2463,2464,C
4-HA,370,1,1,0,2465,2467,C
4-HA,371,0,2458,0,1,2459,T
4-HA,372,0,2458,1,1,2460,T
4-HA,373,2460,0,0,0,2460,A
4-HA,374,1,4,2512,1,2518,G
4-HA,375,0,1,2519,0,2520,G
4-HA,376,0,2486,1,2,2489,T
4-HA,377,6,0,0,2430,2436,C
4-HA,378,2407,0,2,0,2409,A
4-HA,379,1,1,0,2469,2471,C
4-HA,380,0,2469,0,2,2471,T
4-HA,381,2468,0,2,0,2470,A
4-HA,382,5,0,2467,0,2472,G
4-HA,383,0,2438,0,1,2439,T
4-HA,384,1,2422,1,0,2424,T
4-HA,385,1,0,2440,0,2441,G
4-HA,386,1,1,0,2440,2442,C
4-HA,387,3,1,0,2438,2442,C
4-HA,388,2,2413,1,5,2421,T
4-HA,389,1,1,0,2433,2435,C
4-HA,390,2498,0,2,0,2500,A
4-HA,391,0,2498,0,1,2499,T
4-HA,392,0,0,0,2503,2503,C
4-HA,393,0,2,0,2501,2503,C
4-HA,394,1,7,2477,0,2485,G
4-HA,395,1,0,2492,2,2495,G
4-HA,396,0,1,0,2497,2498,C
4-HA,397,2522,0,4,0,2526,A
4-HA,398,0,2,0,2543,2545,C
4-HA,399,2495,0,1,0,2496,A
4-HA,400,0,0,0,2510,2510,C
4-HA,401,0,2503,0,4,2507,T
4-HA,402,0,2,2525,0,2527,G
4-HA,403,1,2,2542,0,2545,G
4-HA,404,2522,0,3,1,2526,A
4-HA,405,1,1,2552,0,2554,G
4-HA,406,0,2535,2,0,2537,T
4-HA,407,0,2519,1,0,2520,T
4-HA,408,0,2527,1,2,2530,T
4-HA,409,2506,1,0,0,2507,A
4-HA,410,2510,0,3,0,2513,A
4-HA,411,0,0,0,2531,2531,C
4-HA,412,2500,0,0,0,2500,A
4-HA,413,2509,1,2,0,2512,A
4-HA,414,0,2489,0,0,2489,T
4-HA,415,3,6,2476,0,2485,G
4-HA,416,2485,0,0,0,2485,A
4-HA,417,2474,2,3,0,2479,A
4-HA,418,2479,0,5,0,2484,A
4-HA,419,1,2,2493,0,2496,G
4-HA,420,0,0,0,2502,2502,C
4-HA,421,2,2490,0,5,2497,T
4-HA,422,1,2489,0,2,2492,T
4-HA,423,4,0,0,2513,2517,C
4-HA,424,2526,1,1,0,2528,A
4-HA,425,2532,1,2,1,2536,A
4-HA,426,0,2532,0,1,2533,T
4-HA,427,0,2530,0,1,2531,T
4-HA,428,1,4,2556,0,2561,G
4-HA,429,0,5,2609,0,2614,G
4-HA,430,2606,0,1,1,2608,A
4-HA,431,0,0,0,2614,2614,C
4-HA,432,0,2593,0,3,2596,T
4-HA,433,2,2,2591,1,2596,G
4-HA,434,2,6,2607,0,2615,G
4-HA,435,2598,0,7,0,2605,A
4-HA,436,1,0,2606,0,2607,G
4-HA,437,0,2565,0,3,2568,T
4-HA,438,4,1,0,2539,2544,C
4-HA,439,2561,0,3,0,2564,A
4-HA,440,0,1,0,2575,2576,C
4-HA,441,1,2562,0,5,2568,T
4-HA,442,4,1,0,2564,2569,C
4-HA,443,2548,0,1,0,2549,A
4-HA,444,2557,0,1,0,2558,A
4-HA,445,2549,0,0,0,2549,A
4-HA,446,2553,0,4,0,2557,A
4-HA,447,2,1,0,2563,2566,C
4-HA,448,0,2,2542,0,2544,G
4-HA,449,0,2,2576,1,2579,G
4-HA,450,2580,0,3,0,2583,A
4-HA,451,2578,0,2,0,2580,A
4-HA,452,0,0,0,2588,2588,C
4-HA,453,2568,2,0,0,2570,A
4-HA,454,2579,2,5,1,2587,A
4-HA,455,0,0,2616,0,2616,G
4-HA,456,0,0,0,2614,2614,C
4-HA,457,0,2592,0,5,2597,T
4-HA,458,3,1,0,2613,2617,C
4-HA,459,0,2601,0,3,2604,T
4-HA,460,1,0,2618,1,2620,G
4-HA,461,0,0,0,2618,2618,C
4-HA,462,1,2607,0,7,2615,T
4-HA,463,1,2681,0,3,2685,T
4-HA,464,1,1,2708,0,2710,G
4-HA,465,1,1,0,2728,2730,C
4-HA,466,2722,0,6,1,2729,A
4-HA,467,0,2714,0,1,2715,T
4-HA,468,2711,1,2,1,2715,A
4-HA,469,2687,0,1,0,2688,A
4-HA,470,1,2,2693,0,2696,G
4-HA,471,0,2,2688,0,2690,G
4-HA,472,2585,0,5,1,2591,A
4-HA,473,1,5,2555,0,2561,G
4-HA,474,2545,1,2,1,2549,A
4-HA,475,1,2610,0,1,2612,T
4-HA,476,3,2,0,2615,2620,C
4-HA,477,0,2618,0,0,2618,T
4-HA,478,2617,1,1,1,2620,A
4-HA,479,2607,1,0,0,2608,A
4-HA,480,2592,1,1,0,2594,A
4-HA,481,2595,0,0,0,2595,A
4-HA,482,2608,0,2,0,2610,A
4-HA,483,0,0,0,2615,2615,C
4-HA,484,2541,0,2,0,2543,A
4-HA,485,0,0,2563,0,2563,G
4-HA,486,3,2551,0,1,2555,T
4-HA,487,0,2583,0,0,2583,T
4-HA,488,0,2592,0,3,2595,T
4-HA,489,0,0,0,2650,2650,C
4-HA,490,0,2642,0,3,2645,T
4-HA,491,0,2660,0,0,2660,T
4-HA,492,0,2656,0,1,2657,T
4-HA,493,2646,1,1,1,2649,A
4-HA,494,0,0,2649,0,2649,G
4-HA,495,0,2653,0,1,2654,T
4-HA,496,2654,0,1,0,2655,A
4-HA,497,0,4,2662,0,2666,G
4-HA,498,2618,0,1,1,2620,A
4-HA,499,0,2624,0,0,2624,T
4-HA,500,0,2613,0,1,2614,T
4-HA,501,1,9,2643,0,2653,G
4-HA,502,2653,0,0,0,2653,A
4-HA,503,2650,0,2,0,2652,A
4-HA,504,2,2647,0,0,2649,T
4-HA,505,0,2608,0,0,2608,T
4-HA,506,1,2,2633,0,2636,G
4-HA,507,0,1,2629,0,2630,G
4-HA,508,0,2634,0,4,2638,T
4-HA,509,0,2625,0,1,2626,T
4-HA,510,0,8,2591,0,2599,G
4-HA,511,2601,0,5,0,2606,A
4-HA,512,0,1,0,2595,2596,C
4-HA,513,3,1,0,2591,2595,C
4-HA,514,2,2,0,2632,2636,C
4-HA,515,2635,0,2,2,2639,A
4-HA,516,0,1,0,2660,2661,C
4-HA,517,0,2652,0,3,2655,T
4-HA,518,0,2660,0,1,2661,T
4-HA,519,2653,0,1,0,2654,A
4-HA,520,2647,0,0,1,2648,A
4-HA,521,2645,0,3,0,2648,A
4-HA,522,0,0,0,2599,2599,C
4-HA,523,0,2658,0,3,2661,T
4-HA,524,1,2662,0,1,2664,T
4-HA,525,5,0,0,2697,2702,C
4-HA,526,2699,0,3,0,2702,A
4-HA,527,2703,0,3,0,2706,A
4-HA,528,2707,1,2,0,2710,A
4-HA,529,0,2710,1,2,2713,T
4-HA,530,2748,1,2,0,2751,A
4-HA,531,2,2,0,2741,2745,C
4-HA,532,0,1,0,2687,2688,C
4-HA,533,5,4,0,2685,2694,C
4-HA,534,2679,0,1,1,2681,A
4-HA,535,0,0,2785,0,2785,G
4-HA,536,0,1,0,2785,2786,C
4-HA,537,2787,0,1,0,2788,A
4-HA,538,0,2780,1,1,2782,T
4-HA,539,0,2744,0,3,2747,T
4-HA,540,1,8,2835,0,2844,G
4-HA,541,2852,0,2,1,2855,A
4-HA,542,2853,1,3,0,2857,A
4-HA,543,0,1,0,2860,2861,C
4-HA,544,1,1,2781,0,2783,G
4-HA,545,1,2805,0,1,2807,T
4-HA,546,0,10,2808,0,2818,G
4-HA,547,2816,1,2,0,2819,A
4-HA,548,0,1,0,2823,2824,C
4-HA,549,0,2750,0,2,2752,T
4-HA,550,2802,0,3,1,2806,A
4-HA,551,1,2794,1,7,2803,T
4-HA,552,1,0,2821,0,2822,G
4-HA,553,0,0,1,2827,2828,C
4-HA,554,3,2,1,2781,2787,C
4-HA,555,2781,0,2,0,2783,A
4-HA,556,2779,0,1,0,2780,A
4-HA,557,2812,0,3,1,2816,A
4-HA,558,0,0,0,2821,2821,C
4-HA,559,2752,1,1,2,2756,A
4-HA,560,2766,0,1,1,2768,A
4-HA,561,1,2737,0,0,2738,T
4-HA,562,6,15,2720,0,2741,G
4-HA,563,2739,1,5,0,2745,A
4-HA,564,2742,0,6,0,2748,A
4-HA,565,0,1,0,2689,2690,C
4-HA,566,2703,0,0,0,2703,A
4-HA,567,2723,1,1,0,2725,A
4-HA,568,1,2721,1,0,2723,T
4-HA,569,0,2716,1,1,2718,T
4-HA,570,0,2720,1,2,2723,T
4-HA,571,0,9,2710,0,2719,G
4-HA,572,2722,1,1,0,2724,A
4-HA,573,1,0,0,2728,2729,C
4-HA,574,2711,1,1,1,2714,A
4-HA,575,2719,0,1,0,2720,A
4-HA,576,2751,1,3,0,2755,A
4-HA,577,0,2763,0,0,2763,T
4-HA,578,1,2742,0,1,2744,T
4-HA,579,2,0,2760,0,2762,G
4-HA,580,1,2760,0,2,2763,T
4-HA,581,2756,3,4,0,2763,A
4-HA,582,0,1,0,2813,2814,C
4-HA,583,2806,0,2,0,2808,A
4-HA,584,1,2843,1,0,2845,T
4-HA,585,0,2799,0,0,2799,T
4-HA,586,0,2778,1,2,2781,T
4-HA,587,4,1,2766,0,2771,G
4-HA,588,1,3,2751,0,2755,G
4-HA,589,0,1,2748,0,2749,G
4-HA,590,0,3,2738,1,2742,G
4-HA,591,2,1,2709,0,2712,G
4-HA,592,2,1,2763,0,2766,G
4-HA,593,1,2727,1,7,2736,T
4-HA,594,0,2753,0,1,2754,T
4-HA,595,8,0,0,2734,2742,C
4-HA,596,2750,0,6,0,2756,A
4-HA,597,0,1,0,2754,2755,C
4-HA,598,4,2,0,2746,2752,C
4-HA,599,2757,2,3,0,2762,A
4-HA,600,1,1,0,2780,2782,C
4-HA,601,3,2,1,2736,2742,C
4-HA,602,0,3,0,2718,2721,C
4-HA,603,2,1,2725,0,2728,G
4-HA,604,0,0,2775,0,2775,G
4-HA,605,1,0,2786,0,2787,G
4-HA,606,1,2761,0,2,2764,T
4-HA,607,2769,0,0,0,2769,A
4-HA,608,1,0,0,2756,2757,C
4-HA,609,3,4,2726,1,2734,G
4-HA,610,1,3,2772,0,2776,G
4-HA,611,2774,0,1,0,2775,A
4-HA,612,1,1,0,2770,2772,C
4-HA,613,2686,1,1,0,2688,A
4-HA,614,2680,0,3,0,2683,A
4-HA,615,2675,1,3,0,2679,A
4-HA,616,0,4,2723,0,2727,G
4-HA,617,2727,0,4,0,2731,A
4-HA,618,1,0,0,2730,2731,C
4-HA,619,5,0,0,2680,2685,C
4-HA,620,2696,0,2,1,2699,A
4-HA,621,2701,0,2,1,2704,A
4-HA,622,2724,0,1,0,2725,A
4-HA,623,0,2723,0,2,2725,T
4-HA,624,2,0,0,2745,2747,C
4-HA,625,0,2630,0,0,2630,T
4-HA,626,0,2608,0,1,2609,T
4-HA,627,1,1,0,2634,2636,C
4-HA,628,2,0,0,2651,2653,C
4-HA,629,0,2637,0,4,2641,T
4-HA,630,0,0,2655,0,2655,G
4-HA,631,0,2627,0,0,2627,T
4-HA,632,2645,0,2,0,2647,A
4-HA,633,0,2626,0,1,2627,T
4-HA,634,2,1,2642,0,2645,G
4-HA,635,1,1,1,2651,2654,C
4-HA,636,0,2640,0,5,2645,T
4-HA,637,10,2,0,2629,2641,C
4-HA,638,2638,0,0,0,2638,A
4-HA,639,2631,0,2,0,2633,A
4-HA,640,0,0,2647,1,2648,G
4-HA,641,1,0,0,2645,2646,C
4-HA,642,2642,3,1,0,2646,A
4-HA,643,0,2619,1,0,2620,T
4-HA,644,1,1,0,2612,2614,C
4-HA,645,2606,1,7,0,2614,A
4-HA,646,1,5,2628,0,2634,G
4-HA,647,1,1,2632,0,2634,G
4-HA,648,2634,0,1,0,2635,A
4-HA,649,2615,1,2,0,2618,A
4-HA,650,1,6,2628,0,2635,G
4-HA,651,2630,0,1,0,2631,A
4-HA,652,2662,2,1,0,2665,A
4-HA,653,1,2686,1,2,2690,T
4-HA,654,10,2,0,2680,2692,C
4-HA,655,2658,0,5,0,2663,A
4-HA,656,0,0,0,2665,2665,C
4-HA,657,2659,1,3,0,2663,A
4-HA,658,0,0,2710,0,2710,G
4-HA,659,0,2658,1,1,2660,T
4-HA,660,9,0,0,2666,2675,C
4-HA,661,2,2621,0,5,2628,T
4-HA,662,1,0,0,2695,2696,C
4-HA,663,0,2702,0,3,2705,T
4-HA,664,2734,0,1,0,2735,A
4-HA,665,0,0,0,2726,2726,C
4-HA,666,5,0,1,2718,2724,C
4-HA,667,2685,0,2,1,2688,A
4-HA,668,2691,0,1,0,2692,A
4-HA,669,2671,1,1,0,2673,A
4-HA,670,2667,0,7,0,2674,A
4-HA,671,0,2,2669,0,2671,G
4-HA,672,2604,0,3,1,2608,A
4-HA,673,2601,0,3,0,2604,A
4-HA,674,0,2,2612,0,2614,G
4-HA,675,2,1,0,2604,2607,C
4-HA,676,1,5,0,2611,2617,C
4-HA,677,2614,2,4,0,2620,A
4-HA,678,2619,3,3,0,2625,A
4-HA,679,0,1,0,2624,2625,C
4-HA,680,2628,0,0,0,2628,A
4-HA,681,2621,0,3,3,2627,A
4-HA,682,2622,0,2,0,2624,A
4-HA,683,0,1,0,2680,2681,C
4-HA,684,1,2653,1,3,2658,T
4-HA,685,2,1,2668,0,2671,G
4-HA,686,0,2654,0,5,2659,T
4-HA,687,2652,0,3,0,2655,A
4-HA,688,2661,1,2,1,2665,A
4-HA,689,1,2648,1,2,2652,T
4-HA,690,6,0,0,2657,2663,C
4-HA,691,4,1,0,2667,2672,C
4-HA,692,4,2,0,2620,2626,C
4-HA,693,1,6,2629,0,2636,G
4-HA,694,2629,0,1,0,2630,A
4-HA,695,2623,0,1,0,2624,A
4-HA,696,1,2616,0,1,2618,T
4-HA,697,2635,1,1,0,2637,A
4-HA,698,0,2626,0,3,2629,T
4-HA,699,6,1,0,2607,2614,C
4-HA,700,1,3,2608,0,2612,G
4-HA,701,0,3,2684,0,2687,G
4-HA,702,2683,0,2,0,2685,A
4-HA,703,1,2703,0,6,2710,T
4-HA,704,2,1,0,2705,2708,C
4-HA,705,0,2703,1,1,2705,T
4-HA,706,2693,1,3,0,2697,A
4-HA,707,0,7,2707,0,2714,G
4-HA,708,2722,2,1,0,2725,A
4-HA,709,4,0,0,2710,2714,C
4-HA,710,5,0,0,2638,2643,C
4-HA,711,2,3,0,2638,2643,C
4-HA,712,2615,1,4,0,2620,A
4-HA,713,0,4,2778,0,2782,G
4-HA,714,2770,0,3,0,2773,A
4-HA,715,1,0,2832,0,2833,G
4-HA,716,0,2805,0,0,2805,T
4-HA,717,2778,0,1,0,2779,A
4-HA,718,2776,0,5,0,2781,A
4-HA,719,0,1,2838,0,2839,G
4-HA,720,1,3,2844,1,2849,G
4-HA,721,2825,0,1,0,2826,A
4-HA,722,2603,0,4,3,2610,A
4-HA,723,1,2589,0,2,2592,T
4-HA,724,2587,0,3,0,2590,A
4-HA,725,0,2571,0,4,2575,T
4-HA,726,4,1,0,2597,2602,C
4-HA,727,6,1,0,2597,2604,C
4-HA,728,1,0,0,2546,2547,C
4-HA,729,0,2531,0,2,2533,T
4-HA,730,2543,0,1,0,2544,A
4-HA,731,0,0,2551,1,2552,G
4-HA,732,1,4,0,2548,2553,C
4-HA,733,2497,0,4,1,2502,A
4-HA,734,0,7,2574,0,2581,G
4-HA,735,2540,2,1,0,2543,A
4-HA,736,2553,0,1,0,2554,A
4-HA,737,0,2553,0,1,2554,T
4-HA,738,2553,0,2,1,2556,A
4-HA,739,2555,0,4,0,2559,A
4-HA,740,0,1,2555,0,2556,G
4-HA,741,0,0,0,2560,2560,C
4-HA,742,2563,0,0,0,2563,A
4-HA,743,1,2501,0,2,2504,T
4-HA,744,3,0,0,2651,2654,C
4-HA,745,0,2653,0,2,2655,T
4-HA,746,2660,0,0,0,2660,A
4-HA,747,0,2650,0,4,2654,T
4-HA,748,1,2637,1,4,2643,T
4-HA,749,2,7,2640,0,2649,G
4-HA,750,0,3,2640,0,2643,G
4-HA,751,2639,0,5,0,2644,A
4-HA,752,0,0,0,2641,2641,C
4-HA,753,2475,2,1,0,2478,A
4-HA,754,2537,0,2,0,2539,A
4-HA,755,0,2655,0,5,2660,T
4-HA,756,2676,0,1,0,2677,A
4-HA,757,1,0,2713,0,2714,G
4-HA,758,0,2687,1,4,2692,T
4-HA,759,2692,1,0,0,2693,A
4-HA,760,2699,0,0,0,2699,A
4-HA,761,2723,0,2,0,2725,A
4-HA,762,2732,2,4,0,2738,A
4-HA,763,2,0,0,2752,2754,C
4-HA,764,1,3,0,2644,2648,C
4-HA,765,3,3,2633,0,2639,G
4-HA,766,1,1,2656,0,2658,G
4-HA,767,0,5,2678,0,2683,G
4-HA,768,2692,0,2,0,2694,A
4-HA,769,0,2,2717,0,2719,G
4-HA,770,2747,1,2,0,2750,A
4-HA,771,1,2,0,2744,2747,C
4-HA,772,2736,0,4,6,2746,A
4-HA,773,0,2750,1,0,2751,T
4-HA,774,2769,0,0,0,2769,A
4-HA,775,1,1,0,2803,2805,C
4-HA,776,3,2777,1,2,2783,T
4-HA,777,2,2793,0,1,2796,T
4-HA,778,0,2802,0,3,2805,T
4-HA,779,0,2792,0,2,2794,T
4-HA,780,0,16,2806,0,2822,G
4-HA,781,2826,0,3,0,2829,A
4-HA,782,1,2819,0,3,2823,T
4-HA,783,0,2892,0,2,2894,T
4-HA,784,2879,0,2,0,2881,A
4-HA,785,2882,0,2,0,2884,A
4-HA,786,0,3,0,2920,2923,C
4-HA,787,2906,0,2,1,2909,A
4-HA,788,2,0,3013,1,3016,G
4-HA,789,2,2,0,2991,2995,C
4-HA,790,2999,4,0,2,3005,A
4-HA,791,0,0,0,3024,3024,C
4-HA,792,2986,0,4,0,2990,A
4-HA,793,0,3,3039,0,3042,G
4-HA,794,1,3,3029,1,3034,G
4-HA,795,0,7,3146,0,3153,G
4-HA,796,3134,2,4,0,3140,A
4-HA,797,3140,1,3,0,3144,A
4-HA,798,0,3145,1,1,3147,T
4-HA,799,6,0,0,3148,3154,C
4-HA,800,2,3158,0,2,3162,T
4-HA,801,3169,0,2,0,3171,A
4-HA,802,3145,1,3,1,3150,A
4-HA,803,0,3146,0,1,3147,T
4-HA,804,0,3088,0,1,3089,T
4-HA,805,0,0,3127,0,3127,G
4-HA,806,1,1,0,3205,3207,C
4-HA,807,0,3302,0,9,3311,T
4-HA,808,9,0,1,3387,3397,C
4-HA,809,1,1,0,3389,3391,C
4-HA,810,1,3379,0,5,3385,T
4-HA,811,3394,0,1,0,3395,A
4-HA,812,1,3,3390,0,3394,G
4-HA,813,1,6,3411,0,3418,G
4-HA,814,3,2,3408,0,3413,G
4-HA,815,1,0,3379,0,3380,G
4-HA,816,2,3297,1,4,3304,T
4-HA,817,0,3274,1,2,3277,T
4-HA,818,3279,1,1,0,3281,A
4-HA,819,0,1,0,3324,3325,C
4-HA,820,0,3313,0,6,3319,T
4-HA,821,0,3333,0,3,3336,T
4-HA,822,5,1,0,3324,3330,C
4-HA,823,3311,0,5,1,3317,A
4-HA,824,3312,0,0,2,3314,A
4-HA,825,3317,0,1,0,3318,A
4-HA,826,3348,0,4,1,3353,A
4-HA,827,0,3351,0,0,3351,T
4-HA,828,3322,0,3,0,3325,A
4-HA,829,0,2,0,3322,3324,C
4-HA,830,1,11,3302,0,3314,G
4-HA,831,3324,1,1,0,3326,A
4-HA,832,3324,0,1,2,3327,A
4-HA,833,0,0,3371,0,3371,G
4-HA,834,0,3370,0,1,3371,T
4-HA,835,1,0,3374,0,3375,G
4-HA,836,1,1,3379,0,3381,G
4-HA,837,19,3,3365,0,3387,G
4-HA,838,3383,0,4,0,3387,A
4-HA,839,3391,0,2,0,3393,A
4-HA,840,3385,0,2,1,3388,A
4-HA,841,3378,1,3,0,3382,A
4-HA,842,2,0,3439,0,3441,G
4-HA,843,2,2,0,3431,3435,C
4-HA,844,1,3396,0,3,3400,T
4-HA,845,4,1,0,3443,3448,C
4-HA,846,3444,0,3,0,3447,A
4-HA,847,3474,0,1,1,3476,A
4-HA,848,1,3474,0,0,3475,T
4-HA,849,3508,0,2,0,3510,A
4-HA,850,3500,1,4,0,3505,A
4-HA,851,0,3449,0,0,3449,T
4-HA,852,1,8,3449,0,3458,G
4-HA,853,3436,1,0,0,3437,A
4-HA,854,0,5,3500,0,3505,G
4-HA,855,3498,0,7,0,3505,A
4-HA,856,0,3472,1,7,3480,T
4-HA,857,4,2,0,3519,3525,C
4-HA,858,3499,0,4,0,3503,A
4-HA,859,0,4,3564,0,3568,G
4-HA,860,3558,0,3,0,3561,A
4-HA,861,0,3550,0,0,3550,T
4-HA,862,2,0,3542,0,3544,G
4-HA,863,2,1,0,3500,3503,C
4-HA,864,3496,1,5,0,3502,A
4-HA,865,2,1,0,3575,3578,C
4-HA,866,2,1,0,3532,3535,C
4-HA,867,1,0,0,3541,3542,C
4-HA,868,3487,0,6,1,3494,A
4-HA,869,0,3481,1,3,3485,T
4-HA,870,0,3483,0,2,3485,T
4-HA,871,2,4,3521,2,3529,G
4-HA,872,3,0,3527,0,3530,G
4-HA,873,0,4,0,3517,3521,C
4-HA,874,3474,1,3,0,3478,A
4-HA,875,3472,0,2,0,3474,A
4-HA,876,3522,2,1,0,3525,A
4-HA,877,0,3523,0,0,3523,T
4-HA,878,1,1,3524,0,3526,G
4-HA,879,0,1,0,3516,3517,C
4-HA,880,3479,0,1,0,3480,A
4-HA,881,3572,0,1,1,3574,A
4-HA,882,0,3568,0,1,3569,T
4-HA,883,0,3607,0,0,3607,T
4-HA,884,9,2,1,3596,3608,C
4-HA,885,2,3527,0,2,3531,T
4-HA,886,1,6,3558,0,3565,G
4-HA,887,3557,0,0,1,3558,A
4-HA,888,3567,0,3,1,3571,A
4-HA,889,0,3569,0,1,3570,T
4-HA,890,1,1,3519,0,3521,G
4-HA,891,2,0,1,3530,3533,C
4-HA,892,3519,0,1,1,3521,A
4-HA,893,1,3515,0,4,3520,T
4-HA,894,5,1,0,3504,3510,C
4-HA,895,3501,0,2,0,3503,A
4-HA,896,0,0,0,3630,3630,C
4-HA,897,0,3600,0,4,3604,T
4-HA,898,5,1,0,3621,3627,C
4-HA,899,2,0,0,3611,3613,C
4-HA,900,3643,0,2,0,3645,A
4-HA,901,3633,0,3,0,3636,A
4-HA,902,3636,0,1,1,3638,A
4-HA,903,2,3514,0,1,3517,T
4-HA,904,2,5,3525,0,3532,G
4-HA,905,1,6,3527,0,3534,G
4-HA,906,3535,0,5,1,3541,A
4-HA,907,3532,0,9,1,3542,A
4-HA,908,2,3,3540,0,3545,G
4-HA,909,0,0,1,3500,3501,C
4-HA,910,3484,1,2,1,3488,A
4-HA,911,1,3486,0,1,3488,T
4-HA,912,2,3477,0,7,3486,T
4-HA,913,1,0,0,3583,3584,C
4-HA,914,1,0,0,3561,3562,C
4-HA,915,4,3,0,3558,3565,C
4-HA,916,3556,0,3,0,3559,A
4-HA,917,3607,0,3,0,3610,A
4-HA,918,1,3630,0,6,3637,T
4-HA,919,3,14,3621,0,3638,G
4-HA,920,3627,1,4,0,3632,A
4-HA,921,2,0,0,3626,3628,C
4-HA,922,3528,0,2,0,3530,A
4-HA,923,3531,0,0,0,3531,A
4-HA,924,3528,0,1,7,3536,A
4-HA,925,2,2,0,3542,3546,C
4-HA,926,1,3,0,3489,3493,C
4-HA,927,3413,0,2,1,3416,A
4-HA,928,1,3398,0,7,3406,T
4-HA,929,1,3403,0,3,3407,T
4-HA,930,8,0,0,3415,3423,C
4-HA,931,5,5,0,3413,3423,C
4-HA,932,3417,0,1,1,3419,A
4-HA,933,3404,1,2,0,3407,A
4-HA,934,3407,0,0,0,3407,A
4-HA,935,3466,0,1,1,3468,A
4-HA,936,0,3466,0,1,3467,T
4-HA,937,0,0,3492,0,3492,G
4-HA,938,0,3480,0,1,3481,T
4-HA,939,3497,0,0,1,3498,A
4-HA,940,3495,1,3,1,3500,A
4-HA,941,3495,1,1,1,3498,A
4-HA,942,1,1,0,3505,3507,C
4-HA,943,3446,1,5,0,3452,A
4-HA,944,3,2,3467,0,3472,G
4-HA,945,1,7,3483,0,3491,G
4-HA,946,3531,0,5,0,3536,A
4-HA,947,1,3524,0,4,3529,T
4-HA,948,13,3,0,3539,3555,C
4-HA,949,3571,0,3,0,3574,A
4-HA,950,2,2,0,3674,3678,C
4-HA,951,3672,0,3,0,3675,A
4-HA,952,0,3770,0,2,3772,T
4-HA,953,3679,0,4,0,3683,A
4-HA,954,0,0,1,3646,3647,C
4-HA,955,3,4,3542,0,3549,G
4-HA,956,0,2,3565,0,3567,G
4-HA,957,1,5,3545,0,3551,G
4-HA,958,1,3,3570,0,3574,G
4-HA,959,1,1,2,3469,3473,C
4-HA,960,4,3,0,3461,3468,C
4-HA,961,1,3388,1,1,3391,T
4-HA,962,2,1,3686,0,3689,G
4-HA,963,1,3685,0,7,3693,T
4-HA,964,10,2,0,3697,3709,C
4-HA,965,3,2,0,3713,3718,C
4-HA,966,2,2,0,3727,3731,C
4-HA,967,3701,1,6,0,3708,A
4-HA,968,0,3,3750,0,3753,G
4-HA,969,3745,0,0,0,3745,A
4-HA,970,0,3748,1,0,3749,T
4-HA,971,3466,0,1,0,3467,A
4-HA,972,0,3401,0,1,3402,T
4-HA,973,1,0,3417,0,3418,G
4-HA,974,1,3398,1,1,3401,T
4-HA,975,1,3362,1,1,3365,T
4-HA,976,3397,1,1,0,3399,A
4-HA,977,3363,0,2,1,3366,A
4-HA,978,2,4,3397,0,3403,G
4-HA,979,3,2,0,3385,3390,C
4-HA,980,3324,1,2,0,3327,A
4-HA,981,3319,0,4,0,3323,A
4-HA,982,3304,0,0,0,3304,A
4-HA,983,3289,0,6,1,3296,A
4-HA,984,0,1,0,3301,3302,C
4-HA,985,3256,1,3,0,3260,A
4-HA,986,1,0,0,3289,3290,C
4-HA,987,0,3203,0,4,3207,T
4-HA,988,5,1,0,3235,3241,C
4-HA,989,2,3229,1,4,3236,T
4-HA,990,0,7,3255,0,3262,G
4-HA,991,3256,0,1,1,3258,A
4-HA,992,3240,0,3,0,3243,A
4-HA,993,3247,0,1,1,3249,A
4-HA,994,0,3225,0,2,3227,T
4-HA,995,0,3196,1,1,3198,T
4-HA,996,1,5,3222,0,3228,G
4-HA,997,2,3,3226,0,3231,G
4-HA,998,0,0,0,3232,3232,C
4-HA,999,3207,0,1,0,3208,A
4-HA,1000,3205,2,3,0,3210,A
4-HA,1001,0,0,0,3216,3216,C
4-HA,1002,3211,0,1,0,3212,A
4-HA,1003,0,1,3237,0,3238,G
4-HA,1004,0,3,3223,0,3226,G
4-HA,1005,0,3,3213,0,3216,G
4-HA,1006,3207,1,6,0,3214,A
4-HA,1007,0,3198,1,4,3203,T
4-HA,1008,0,1,3207,0,3208,G
4-HA,1009,3,1,0,3209,3213,C
4-HA,1010,1,2,3219,0,3222,G
4-HA,1011,3259,0,3,0,3262,A
4-HA,1012,3207,0,1,2,3210,A
4-HA,1013,3242,0,2,1,3245,A
4-HA,1014,0,3195,0,0,3195,T
4-HA,1015,3,3,3246,0,3252,G
4-HA,1016,1,3237,1,3,3242,T
4-HA,1017,3227,0,6,1,3234,A
4-HA,1018,1,2,0,3229,3232,C
4-HA,1019,6,2,0,3205,3213,C
4-HA,1020,3161,0,2,1,3164,A
4-HA,1021,0,4,3169,0,3173,G
4-HA,1022,3118,1,2,1,3122,A
4-HA,1023,1,3,3143,0,3147,G
4-HA,1024,3079,0,2,2,3083,A
4-HA,1025,3080,0,2,0,3082,A
4-HA,1026,3083,0,4,1,3088,A
4-HA,1027,1,0,0,3087,3088,C
4-HA,1028,3075,0,0,1,3076,A
4-HA,1029,3112,1,2,1,3116,A
4-HA,1030,3108,1,3,0,3112,A
4-HA,1031,1,0,0,3134,3135,C
4-HA,1032,0,3101,1,3,3105,T
4-HA,1033,3084,0,1,0,3085,A
4-HA,1034,0,2,3089,0,3091,G
4-HA,1035,3061,1,4,0,3066,A
4-HA,1036,1,4,3120,0,3125,G
4-HA,1037,1,2,3116,0,3119,G
4-HA,1038,4,2,0,3050,3056,C
4-HA,1039,3060,1,0,0,3061,A
4-HA,1040,0,3067,0,3,3070,T
4-HA,1041,3087,0,2,0,3089,A
4-HA,1042,0,3085,0,0,3085,T
4-HA,1043,0,3068,0,3,3071,T
4-HA,1044,3,3073,0,1,3077,T
4-HA,1045,2,1,2992,0,2995,G
4-HA,1046,2,1,2989,0,2992,G
4-HA,1047,3,5,1,2974,2983,C
4-HA,1048,4,1,2979,0,2984,G
4-HA,1049,2,3,0,2958,2963,C
4-HA,1050,2941,1,1,1,2944,A
4-HA,1051,2958,0,2,0,2960,A
4-HA,1052,2,2952,0,2,2956,T
4-HA,1053,11,1,0,2947,2959,C
4-HA,1054,0,0,2957,0,2957,G
4-HA,1055,0,1,0,2943,2944,C
4-HA,1056,1,4,2945,0,2950,G
4-HA,1057,0,3,2975,0,2978,G
4-HA,1058,0,0,2992,0,2992,G
4-HA,1059,0,2973,1,3,2977,T
4-HA,1060,0,2937,0,3,2940,T
4-HA,1061,2,2938,0,4,2944,T
4-HA,1062,6,1,0,2940,2947,C
4-HA,1063,2946,1,4,0,2951,A
4-HA,1064,0,2953,0,1,2954,T
4-HA,1065,2939,0,2,1,2942,A
4-HA,1066,0,1,2966,1,2968,G
4-HA,1067,2902,0,1,0,2903,A
4-HA,1068,2906,1,0,0,2907,A
4-HA,1069,2905,1,1,0,2907,A
4-HA,1070,2913,0,2,0,2915,A
4-HA,1071,0,2908,1,0,2909,T
4-HA,1072,1,2,2935,0,2938,G
4-HA,1073,1,2,2945,0,2948,G
4-HA,1074,0,2923,0,2,2925,T
4-HA,1075,0,2854,0,1,2855,T
4-HA,1076,1,2,2856,0,2859,G
4-HA,1077,1,2,2846,0,2849,G
4-HA,1078,0,2,2858,0,2860,G
4-HA,1079,2829,1,7,0,2837,A
4-HA,1080,0,2,2840,0,2842,G
4-HA,1081,5,5,2790,0,2800,G
4-HA,1082,2,9,2833,1,2845,G
4-HA,1083,2834,0,4,0,2838,A
4-HA,1084,2848,1,6,0,2855,A
4-HA,1085,0,2853,0,0,2853,T
4-HA,1086,3,4,2864,0,2871,G
4-HA,1087,1,1,2913,0,2915,G
4-HA,1088,1,2884,0,4,2889,T
4-HA,1089,0,3,2887,0,2890,G
4-HA,1090,1,1,2882,0,2884,G
4-HA,1091,2815,0,5,0,2820,A
4-HA,1092,0,2820,0,2,2822,T
4-HA,1093,0,4,2855,0,2859,G
4-HA,1094,1,0,2905,0,2906,G
4-HA,1095,1,2852,0,1,2854,T
4-HA,1096,0,2782,0,3,2785,T
4-HA,1097,1,1,2785,0,2787,G
4-HA,1098,0,0,2831,0,2831,G
4-HA,1099,2,2819,0,5,2826,T
4-HA,1100,2824,1,3,0,2828,A
4-HA,1101,0,1,0,2720,2721,C
4-HA,1102,1,4,2736,0,2741,G
4-HA,1103,0,0,2819,0,2819,G
4-HA,1104,0,2808,0,3,2811,T
4-HA,1105,1,2814,1,0,2816,T
4-HA,1106,1,2807,0,4,2812,T
4-HA,1107,5,1,0,2766,2772,C
4-HA,1108,2766,2,1,0,2769,A
4-HA,1109,0,1,2774,0,2775,G
4-HA,1110,1,1,2766,0,2768,G
4-HA,1111,0,0,0,2767,2767,C
4-HA,1112,2672,1,2,0,2675,A
4-HA,1113,0,2682,0,6,2688,T
4-HA,1114,4,1,0,2690,2695,C
4-HA,1115,2702,1,1,0,2704,A
4-HA,1116,2707,1,1,0,2709,A
4-HA,1117,2699,0,5,0,2704,A
4-HA,1118,2708,0,2,0,2710,A
4-HA,1119,0,2701,0,2,2703,T
4-HA,1120,0,2696,1,0,2697,T
4-HA,1121,8,0,0,2692,2700,C
4-HA,1122,1,2663,0,2,2666,T
4-HA,1123,1,1,2671,0,2673,G
4-HA,1124,2669,0,3,0,2672,A
4-HA,1125,0,5,2675,0,2680,G
4-HA,1126,5,2,2680,0,2687,G
4-HA,1127,2,1,2685,0,2688,G
4-HA,1128,2677,1,2,0,2680,A
4-HA,1129,2680,1,1,1,2683,A
4-HA,1130,4,4,2654,0,2662,G
4-HA,1131,2697,0,4,1,2702,A
4-HA,1132,1,2,2733,0,2736,G
4-HA,1133,2,10,2740,0,2752,G
4-HA,1134,2732,0,4,0,2736,A
4-HA,1135,1,1,0,2727,2729,C
4-HA,1136,2698,0,3,0,2701,A
4-HA,1137,2704,0,5,0,2709,A
4-HA,1138,0,1,2702,0,2703,G
4-HA,1139,2,0,0,2707,2709,C
4-HA,1140,2684,0,3,0,2687,A
4-HA,1141,0,1,2688,0,2689,G
4-HA,1142,1,3,0,2675,2679,C
4-HA,1143,2669,1,1,1,2672,A
4-HA,1144,0,4,2690,0,2694,G
4-HA,1145,2667,1,2,0,2670,A
4-HA,1146,0,2711,0,3,2714,T
4-HA,1147,12,2,0,2724,2738,C
4-HA,1148,1,2718,0,3,2722,T
4-HA,1149,8,1,0,2736,2745,C
4-HA,1150,2733,0,0,0,2733,A
4-HA,1151,2730,1,3,1,2735,A
4-HA,1152,2733,1,0,0,2734,A
4-HA,1153,2680,0,9,0,2689,A
4-HA,1154,1,0,2702,0,2703,G
4-HA,1155,1,3,0,2614,2618,C
4-HA,1156,2615,1,0,0,2616,A
4-HA,1157,1,2,0,2664,2667,C
4-HA,1158,0,2651,0,3,2654,T
4-HA,1159,7,2,0,2655,2664,C
4-HA,1160,2663,0,2,0,2665,A
4-HA,1161,2708,1,6,0,2715,A
4-HA,1162,0,0,2718,0,2718,G
4-HA,1163,0,0,0,2707,2707,C
4-HA,1164,2684,1,2,0,2687,A
4-HA,1165,1,0,2698,0,2699,G
4-HA,1166,0,1,0,2652,2653,C
4-HA,1167,2651,0,4,0,2655,A
4-HA,1168,2654,0,1,0,2655,A
4-HA,1169,0,2642,0,1,2643,T
4-HA,1170,2,0,0,2576,2578,C
4-HA,1171,1,6,2595,0,2602,G
4-HA,1172,2600,0,1,0,2601,A
4-HA,1173,0,2584,0,4,2588,T
4-HA,1174,7,0,1,2568,2576,C
4-HA,1175,2559,0,0,2,2561,A
4-HA,1176,2616,2,2,1,2621,A
4-HA,1177,2626,2,1,0,2629,A
4-HA,1178,1,2620,0,4,2625,T
4-HA,1179,9,1,0,2632,2642,C
4-HA,1180,2608,0,2,1,2611,A
4-HA,1181,2629,0,2,1,2632,A
4-HA,1182,0,2625,0,2,2627,T
4-HA,1183,3,2,2632,0,2637,G
4-HA,1184,3,0,2628,0,2631,G
4-HA,1185,3,1,2588,0,2592,G
4-HA,1186,2600,0,6,1,2607,A
4-HA,1187,2603,0,2,1,2606,A
4-HA,1188,1,0,2641,0,2642,G
4-HA,1189,0,0,0,2646,2646,C
4-HA,1190,0,2615,2,13,2630,T
4-HA,1191,1,4,2724,0,2729,G
4-HA,1192,2722,0,2,0,2724,A
4-HA,1193,2719,1,6,0,2726,A
4-HA,1194,1,2724,0,4,2729,T
4-HA,1195,2675,0,0,0,2675,A
4-HA,1196,0,2,2672,0,2674,G
4-HA,1197,2494,0,2,0,2496,A
4-HA,1198,1,2508,0,3,2512,T
4-HA,1199,0,2518,0,1,2519,T
4-HA,1200,0,2,2530,0,2532,G
4-HA,1201,2524,0,0,0,2524,A
4-HA,1202,0,2518,0,1,2519,T
4-HA,1203,4,1,0,2523,2528,C
4-HA,1204,1,3,2525,0,2529,G
4-HA,1205,1,4,2509,0,2514,G
4-HA,1206,0,2,2522,0,2524,G
4-HA,1207,2511,0,0,1,2512,A
4-HA,1208,2514,0,4,0,2518,A
4-HA,1209,2507,0,2,0,2509,A
4-HA,1210,2505,0,5,0,2510,A
4-HA,1211,0,1,0,2513,2514,C
4-HA,1212,0,0,0,2507,2507,C
4-HA,1213,2483,0,4,0,2487,A
4-HA,1214,2483,0,1,0,2484,A
4-HA,1215,0,2,0,2485,2487,C
4-HA,1216,1,5,2483,0,2489,G
4-HA,1217,2486,0,5,0,2491,A
4-HA,1218,0,2,2487,0,2489,G
4-HA,1219,2473,2,3,0,2478,A
4-HA,1220,2481,0,0,0,2481,A
4-HA,1221,2475,0,2,0,2477,A
4-HA,1222,0,2480,1,2,2483,T
4-HA,1223,0,2463,0,10,2473,T
4-HA,1224,4,2,0,2486,2492,C
4-HA,1225,3,2,0,2477,2482,C
4-HA,1226,2479,0,2,0,2481,A
4-HA,1227,1,2476,0,3,2480,T
4-HA,1228,2,0,0,2475,2477,C
4-HA,1229,2460,0,1,0,2461,A
4-HA,1230,0,4,2479,0,2483,G
4-HA,1231,2461,0,0,0,2461,A
4-HA,1232,0,2459,1,1,2461,T
4-HA,1233,0,2445,0,2,2447,T
4-HA,1234,1,8,2455,0,2464,G
4-HA,1235,2457,1,1,0,2459,A
4-HA,1236,2463,1,0,0,2464,A
4-HA,1237,2466,0,0,0,2466,A
4-HA,1238,2464,1,0,0,2465,A
4-HA,1239,2445,0,2,0,2447,A
4-HA,1240,0,2,2449,0,2451,G
4-HA,1241,2441,0,4,0,2445,A
4-HA,1242,2455,0,1,0,2456,A
4-HA,1243,0,2421,0,2,2423,T
4-HA,1244,0,2415,0,6,2421,T
4-HA,1245,3,1,0,2423,2427,C
4-HA,1246,0,2421,0,2,2423,T
4-HA,1247,4,0,0,2420,2424,C
4-HA,1248,2421,1,0,0,2422,A
4-HA,1249,0,1,2424,0,2425,G
4-HA,1250,2420,0,0,0,2420,A
4-HA,1251,2405,0,5,0,2410,A
4-HA,1252,0,0,2438,0,2438,G
4-HA,1253,0,2427,0,3,2430,T
4-HA,1254,11,0,0,2414,2425,C
4-HA,1255,1,2,2423,0,2426,G
4-HA,1256,2415,1,10,0,2426,A
4-HA,1257,2419,0,5,0,2424,A
4-HA,1258,3,3,2419,0,2425,G
4-HA,1259,2,3,2428,0,2433,G
4-HA,1260,1,5,2425,0,2431,G
4-HA,1261,2380,0,7,0,2387,A
4-HA,1262,0,9,2391,0,2400,G
4-HA,1263,2389,0,6,0,2395,A
4-HA,1264,2518,0,2,0,2520,A
4-HA,1265,0,2522,0,2,2524,T
4-HA,1266,0,2515,0,3,2518,T
4-HA,1267,3,1,1,2514,2519,C
4-HA,1268,2469,1,6,0,2476,A
4-HA,1269,4,3,2466,1,2474,G
4-HA,1270,1,3,2468,0,2472,G
4-HA,1271,2453,1,4,0,2458,A
4-HA,1272,0,0,0,2468,2468,C
4-HA,1273,1,0,1,2249,2251,C
4-HA,1274,0,2243,0,3,2246,T
4-HA,1275,1,2184,0,60,2245,T
4-HA,1276,2,2,2264,0,2268,G
4-HA,1277,2257,0,8,0,2265,A
4-HA,1278,0,3,2303,0,2306,G
4-HA,1279,2292,0,1,0,2293,A
4-HA,1280,2115,0,2,0,2117,A
4-HA,1281,2101,0,0,0,2101,A
4-HA,1282,1,2081,1,0,2083,T
4-HA,1283,2110,0,0,0,2110,A
4-HA,1284,1,2101,0,2,2104,T
4-HA,1285,1,1,2113,0,2115,G
4-HA,1286,0,2103,0,4,2107,T
4-HA,1287,0,2040,0,2,2042,T
4-HA,1288,0,0,2042,0,2042,G
4-HA,1289,2021,0,1,0,2022,A
4-HA,1290,1,1,2025,0,2027,G
4-HA,1291,0,5,2016,0,2021,G
4-HA,1292,1987,1,4,0,1992,A
4-HA,1293,1,0,0,2079,2080,C
4-HA,1294,2038,0,0,1,2039,A
4-HA,1295,0,0,0,2036,2036,C
4-HA,1296,0,2022,0,0,2022,T
4-HA,1297,2138,0,1,0,2139,A
4-HA,1298,2161,0,0,1,2162,A
4-HA,1299,2157,0,4,1,2162,A
4-HA,1300,2175,0,3,0,2178,A
4-HA,1301,0,2178,0,0,2178,T
4-HA,1302,2074,0,2,0,2076,A
4-HA,1303,0,4,2088,0,2092,G
4-HA,1304,2005,0,1,0,2006,A
4-HA,1305,1,2016,0,6,2023,T
4-HA,1306,1,0,0,2018,2019,C
4-HA,1307,0,1992,0,2,1994,T
4-HA,1308,2,0,0,2040,2042,C
4-HA,1309,0,2031,0,2,2033,T
4-HA,1310,2,2,2078,0,2082,G
4-HA,1311,0,0,2125,0,2125,G
4-HA,1312,1,2115,0,3,2119,T
4-HA,1313,7,3,0,2118,2128,C
4-HA,1314,2135,1,1,0,2137,A
4-HA,1315,0,2141,0,3,2144,T
4-HA,1316,2139,0,0,0,2139,A
4-HA,1317,0,2,0,2132,2134,C
4-HA,1318,2075,1,1,0,2077,A
4-HA,1319,2087,1,3,0,2091,A
4-HA,1320,1,1,0,2046,2048,C
4-HA,1321,1,0,2043,0,2044,G
4-HA,1322,1,4,0,2040,2045,C
4-HA,1323,0,1,2029,0,2030,G
4-HA,1324,0,3,2038,0,2041,G
4-HA,1325,2030,1,2,0,2033,A
4-HA,1326,1,0,2070,0,2071,G
4-HA,1327,0,0,0,2073,2073,C
4-HA,1328,0,2055,0,5,2060,T
4-HA,1329,0,2065,0,12,2077,T
4-HA,1330,0,1,0,2079,2080,C
4-HA,1331,0,2082,0,5,2087,T
4-HA,1332,0,2085,0,3,2088,T
4-HA,1333,1,0,2083,0,2084,G
4-HA,1334,0,2067,0,7,2074,T
4-HA,1335,1,2032,0,2,2035,T
4-HA,1336,7,0,2058,1,2066,G
4-HA,1337,1,1,0,2050,2052,C
4-HA,1338,2,0,1,2044,2047,C
4-HA,1339,2,1,0,2066,2069,C
4-HA,1340,1,2060,0,1,2062,T
4-HA,1341,3,2,2080,0,2085,G
4-HA,1342,0,3,2076,0,2079,G
4-HA,1343,2073,2,4,0,2079,A
4-HA,1344,1,0,2090,0,2091,G
4-HA,1345,2046,0,1,0,2047,A
4-HA,1346,2057,0,5,0,2062,A
4-HA,1347,1,0,0,2077,2078,C
4-HA,1348,1,4,0,2069,2074,C
4-HA,1349,2072,0,1,0,2073,A
4-HA,1350,2161,0,1,0,2162,A
4-HA,1351,0,0,0,2172,2172,C
4-HA,1352,2179,0,2,0,2181,A
4-HA,1353,0,2170,0,4,2174,T
4-HA,1354,2163,1,1,0,2165,A
4-HA,1355,0,1,0,2194,2195,C
4-HA,1356,2148,0,0,0,2148,A
4-HA,1357,2150,0,1,0,2151,A
4-HA,1358,1,2135,0,3,2139,T
4-HA,1359,0,2044,0,2,2046,T
4-HA,1360,0,7,2074,0,2081,G
4-HA,1361,2090,1,0,0,2091,A
4-HA,1362,0,2083,0,3,2086,T
4-HA,1363,0,0,1,2093,2094,C
4-HA,1364,0,2049,0,3,2052,T
4-HA,1365,2065,0,1,0,2066,A
4-HA,1366,2063,0,4,0,2067,A
4-HA,1367,0,1,0,2062,2063,C
4-HA,1368,0,2048,0,4,2052,T
4-HA,1369,1,8,2023,0,2032,G
4-HA,1370,2030,2,2,0,2034,A
4-HA,1371,1,0,0,2040,2041,C
4-HA,1372,0,2030,0,3,2033,T
4-HA,1373,3,2,0,2033,2038,C
4-HA,1374,2029,0,3,0,2032,A
4-HA,1375,0,0,2078,0,2078,G
4-HA,1376,2071,0,0,0,2071,A
4-HA,1377,2076,0,2,0,2078,A
4-HA,1378,2076,0,2,0,2078,A
4-HA,1379,0,2063,0,1,2064,T
4-HA,1380,0,11,2075,0,2086,G
4-HA,1381,2079,2,1,0,2082,A
4-HA,1382,2083,0,4,0,2087,A
4-HA,1383,0,0,0,2086,2086,C
4-HA,1384,2051,0,2,0,2053,A
4-HA,1385,2052,0,1,0,2053,A
4-HA,1386,2053,0,0,1,2054,A
4-HA,1387,0,0,0,2068,2068,C
4-HA,1388,1,2051,0,1,2053,T
4-HA,1389,0,0,2068,0,2068,G
4-HA,1390,0,2043,0,2,2045,T
4-HA,1391,0,2047,0,1,2048,T
4-HA,1392,1,2044,0,2,2047,T
4-HA,1393,2,3,2048,1,2054,G
4-HA,1394,2044,0,2,0,2046,A
4-HA,1395,2053,0,0,0,2053,A
4-HA,1396,2046,1,2,0,2049,A
4-HA,1397,2050,0,0,1,2051,A
4-HA,1398,2040,0,5,1,2046,A
4-HA,1399,2048,0,2,1,2051,A
4-HA,1400,0,0,0,2059,2059,C
4-HA,1401,2054,1,0,0,2055,A
4-HA,1402,2055,0,1,1,2057,A
4-HA,1403,2057,0,1,0,2058,A
4-HA,1404,3,1,2064,0,2068,G
4-HA,1405,2073,0,1,0,2074,A
4-HA,1406,2069,0,4,0,2073,A
4-HA,1407,0,1,2071,0,2072,G
4-HA,1408,1,0,0,2069,2070,C
4-HA,1409,2064,0,3,0,2067,A
4-HA,1410,2072,1,5,0,2078,A
4-HA,1411,1,1,0,2077,2079,C
4-HA,1412,0,2072,0,0,2072,T
4-HA,1413,0,2,2082,0,2084,G
4-HA,1414,2067,2,5,0,2074,A
4-HA,1415,0,3,2090,0,2093,G
4-HA,1416,0,3,2096,0,2099,G
4-HA,1417,3,4,2090,0,2097,G
4-HA,1418,2092,0,6,1,2099,A
4-HA,1419,2084,0,2,0,2086,A
4-HA,1420,2075,0,6,0,2081,A
4-HA,1421,2094,0,5,0,2099,A
4-HA,1422,0,2092,0,1,2093,T
4-HA,1423,1,0,2105,0,2106,G
4-HA,1424,1,1,0,2097,2099,C
4-HA,1425,0,2087,0,0,2087,T
4-HA,1426,0,4,2087,0,2091,G
4-HA,1427,2089,0,1,0,2090,A
4-HA,1428,0,1,2190,0,2191,G
4-HA,1429,0,1,2218,0,2219,G
4-HA,1430,2181,0,3,0,2184,A
4-HA,1431,1,2175,0,1,2177,T
4-HA,1432,2177,0,0,0,2177,A
4-HA,1433,0,2166,0,3,2169,T
4-HA,1434,1,2,2179,1,2183,G
4-HA,1435,1,5,2198,1,2205,G
4-HA,1436,1,0,2198,0,2199,G
4-HA,1437,1,2,0,2091,2094,C
4-HA,1438,2039,2,3,0,2044,A
4-HA,1439,2046,0,1,0,2047,A
4-HA,1440,0,2050,0,0,2050,T
4-HA,1441,0,2,2048,0,2050,G
4-HA,1442,1,0,2051,0,2052,G
4-HA,1443,1,2018,0,0,2019,T
4-HA,1444,1,1961,1,1,1964,T
4-HA,1445,0,0,1977,0,1977,G
4-HA,1446,0,1977,0,7,1984,T
4-HA,1447,0,1982,0,1,1983,T
4-HA,1448,1,1982,0,2,1985,T
4-HA,1449,6,0,0,1982,1988,C
4-HA,1450,1988,0,1,0,1989,A
4-HA,1451,1993,0,0,0,1993,A
4-HA,1452,1990,1,1,0,1992,A
4-HA,1453,2010,0,1,0,2011,A
4-HA,1454,0,1999,0,0,1999,T
4-HA,1455,1982,0,0,0,1982,A
4-HA,1456,0,1985,1,1,1987,T
4-HA,1457,1987,0,1,0,1988,A
4-HA,1458,0,0,1,2001,2002,C
4-HA,1459,2,1,0,1989,1992,C
4-HA,1460,1986,0,1,0,1987,A
4-HA,1461,0,1,0,1994,1995,C
4-HA,1462,1988,0,0,0,1988,A
4-HA,1463,1989,0,0,0,1989,A
4-HA,1464,1988,0,0,0,1988,A
4-HA,1465,0,1985,1,0,1986,T
4-HA,1466,0,1,1998,0,1999,G
4-HA,1467,1,1966,0,0,1967,T
4-HA,1468,1,6,1974,0,1981,G
4-HA,1469,1977,1,5,0,1983,A
4-HA,1470,1,1,0,1979,1981,C
4-HA,1471,1940,0,2,0,1942,A
4-HA,1472,1937,1,1,0,1939,A
4-HA,1473,0,1946,0,0,1946,T
4-HA,1474,1,0,1958,0,1959,G
4-HA,1475,1,1,0,1944,1946,C
4-HA,1476,2,0,1,1940,1943,C
4-HA,1477,1,1932,1,2,1936,T
4-HA,1478,0,1,2007,0,2008,G
4-HA,1479,0,0,0,2011,2011,C
4-HA,1480,2010,1,0,0,2011,A
4-HA,1481,0,2010,1,0,2011,T
4-HA,1482,1950,0,3,0,1953,A
4-HA,1483,0,0,1959,0,1959,G
4-HA,1484,0,2,1943,0,1945,G
4-HA,1485,1945,0,0,0,1945,A
4-HA,1486,0,1934,0,1,1935,T
4-HA,1487,6,1,0,1846,1853,C
4-HA,1488,1848,1,2,0,1851,A
4-HA,1489,1859,0,0,0,1859,A
4-HA,1490,0,1854,1,2,1857,T
4-HA,1491,4,0,1,1853,1858,C
4-HA,1492,1807,0,2,1,1810,A
4-HA,1493,0,4,1828,0,1832,G
4-HA,1494,1826,1,1,0,1828,A
4-HA,1495,1833,0,0,0,1833,A
4-HA,1496,1832,0,1,0,1833,A
4-HA,1497,0,1826,0,0,1826,T
4-HA,1498,0,1,1816,0,1817,G
4-HA,1499,1,4,1819,0,1824,G
4-HA,1500,1820,0,1,0,1821,A
4-HA,1501,1835,1,1,0,1837,A
4-HA,1502,0,0,0,1831,1831,C
4-HA,1503,0,1806,1,4,1811,T
4-HA,1504,0,1816,1,0,1817,T
4-HA,1505,1820,0,1,0,1821,A
4-HA,1506,0,1819,1,1,1821,T
4-HA,1507,5,4,1814,0,1823,G
4-HA,1508,1814,0,5,0,1819,A
4-HA,1509,5,1,0,1812,1818,C
4-HA,1510,1,0,1,1790,1792,C
4-HA,1511,1789,1,0,0,1790,A
4-HA,1512,0,0,0,1838,1838,C
4-HA,1513,1,0,1904,0,1905,G
4-HA,1514,1939,0,0,0,1939,A
4-HA,1515,0,1963,0,1,1964,T
4-HA,1516,0,0,2036,0,2036,G
4-HA,1517,0,2021,0,0,2021,T
4-HA,1518,2085,0,1,0,2086,A
4-HA,1519,0,2081,1,2,2084,T
4-HA,1520,2077,0,0,0,2077,A
4-HA,1521,1,0,0,2072,2073,C
4-HA,1522,1855,0,0,0,1855,A
4-HA,1523,0,0,1878,0,1878,G
4-HA,1524,1750,0,4,0,1754,A
4-HA,1525,0,4,1705,0,1709,G
4-HA,1526,1702,1,1,0,1704,A
4-HA,1527,0,1569,0,0,1569,T
4-HA,1528,0,4,1560,0,1564,G
4-HA,1529,1557,0,0,0,1557,A
4-HA,1530,1543,0,6,0,1549,A
4-HA,1531,0,0,1576,0,1576,G
4-HA,1532,0,2,0,1528,1530,C
4-HA,1533,1527,0,1,0,1528,A
4-HA,1534,1,1516,0,4,1521,T
4-HA,1535,0,1506,0,2,1508,T
4-HA,1536,1520,1,0,0,1521,A
4-HA,1537,1520,0,1,0,1521,A
4-HA,1538,1518,0,0,0,1518,A
4-HA,1539,0,0,0,1519,1519,C
4-HA,1540,1460,0,0,0,1460,A
4-HA,1541,1461,0,1,0,1462,A
4-HA,1542,2,1,0,1458,1461,C
4-HA,1543,0,0,0,1452,1452,C
4-HA,1544,0,2,1456,0,1458,G
4-HA,1545,0,0,1470,0,1470,G
4-HA,1546,1,1468,0,2,1471,T
4-HA,1547,0,1462,0,6,1468,T
4-HA,1548,1,1451,0,2,1454,T
4-HA,1549,3,0,0,1454,1457,C
4-HA,1550,1460,0,2,0,1462,A
4-HA,1551,0,5,1467,0,1472,G
4-HA,1552,1471,0,1,0,1472,A
4-HA,1553,1,1470,0,1,1472,T
4-HA,1554,2,0,0,1437,1439,C
4-HA,1555,1428,1,2,0,1431,A
4-HA,1556,1432,0,1,0,1433,A
4-HA,1557,3,1,1431,0,1435,G
4-HA,1558,0,0,1429,0,1429,G
4-HA,1559,0,0,1426,0,1426,G
4-HA,1560,1382,0,0,0,1382,A
4-HA,1561,1,0,1400,0,1401,G
4-HA,1562,0,1403,0,2,1405,T
4-HA,1563,0,1400,0,2,1402,T
4-HA,1564,0,2,1414,0,1416,G
4-HA,1565,1406,0,4,0,1410,A
4-HA,1566,0,0,1422,1,1423,G
4-HA,1567,0,2,0,1417,1419,C
4-HA,1568,0,1404,0,3,1407,T
4-HA,1569,0,2,1407,0,1409,G
4-HA,1570,1398,0,0,0,1398,A
4-HA,1571,1398,0,4,0,1402,A
4-HA,1572,0,1,1401,0,1402,G
4-HA,1573,0,1370,0,3,1373,T
4-HA,1574,3,1,0,1369,1373,C
4-HA,1575,1349,0,1,0,1350,A
4-HA,1576,0,0,1342,0,1342,G
4-HA,1577,0,1,1345,0,1346,G
4-HA,1578,0,0,1325,0,1325,G
4-HA,1579,0,1370,0,3,1373,T
4-HA,1580,1377,0,0,0,1377,A
4-HA,1581,2,1,0,1373,1376,C
4-HA,1582,1373,0,0,0,1373,A
4-HA,1583,1366,0,2,0,1368,A
4-HA,1584,1370,1,1,0,1372,A
4-HA,1585,0,1,1377,1,1379,G
4-HA,1586,1334,0,0,0,1334,A
4-HA,1587,0,1291,0,2,1293,T
4-HA,1588,0,1275,0,3,1278,T
4-HA,1589,2,0,1277,0,1279,G
4-HA,1590,0,1,1264,0,1265,G
4-HA,1591,1272,0,1,0,1273,A
4-HA,1592,0,1271,0,2,1273,T
4-HA,1593,6,1,0,1260,1267,C
4-HA,1594,2,1,0,1242,1245,C
4-HA,1595,0,1224,0,0,1224,T
4-HA,1596,1237,0,0,0,1237,A
4-HA,1597,0,1235,0,0,1235,T
4-HA,1598,0,0,1236,0,1236,G
4-HA,1599,1,2,1224,1,1228,G
4-HA,1600,1193,0,0,0,1193,A
4-HA,1601,0,1189,0,2,1191,T
4-HA,1602,0,1177,0,3,1180,T
4-HA,1603,0,1170,0,3,1173,T
4-HA,1604,3,0,0,1177,1180,C
4-HA,1605,1,1,0,1173,1175,C
4-HA,1606,0,1162,0,1,1163,T
4-HA,1607,0,1156,0,0,1156,T
4-HA,1608,0,1144,0,0,1144,T
4-HA,1609,0,0,1143,0,1143,G
4-HA,1610,0,1,0,1141,1142,C
4-HA,1611,2,0,0,1140,1142,C
4-HA,1612,1115,1,4,0,1120,A
4-HA,1613,1,1114,0,1,1116,T
4-HA,1614,1120,0,3,0,1123,A
4-HA,1615,0,1119,0,2,1121,T
4-HA,1616,1,0,0,1111,1112,C
4-HA,1617,1110,0,0,1,1111,A
4-HA,1618,0,1085,0,1,1086,T
4-HA,1619,0,0,1085,0,1085,G
4-HA,1620,0,1078,1,1,1080,T
4-HA,1621,0,1057,0,0,1057,T
4-HA,1622,1,1053,0,1,1055,T
4-HA,1623,0,1027,0,0,1027,T
4-HA,1624,0,1025,0,3,1028,T
4-HA,1625,0,1025,0,1,1026,T
4-HA,1626,0,0,1028,0,1028,G
4-HA,1627,0,0,0,1025,1025,C
4-HA,1628,0,997,0,1,998,T
4-HA,1629,0,998,0,1,999,T
4-HA,1630,0,992,0,0,992,T
4-HA,1631,1,0,1007,0,1008,G
4-HA,1632,1,1006,0,1,1008,T
4-HA,1633,1,0,1002,0,1003,G
4-HA,1634,0,1007,0,0,1007,T
4-HA,1635,0,987,0,1,988,T
4-HA,1636,0,0,989,0,989,G
4-HA,1637,0,1,0,991,992,C
4-HA,1638,0,977,0,6,983,T
4-HA,1639,0,983,0,1,984,T
4-HA,1640,0,931,0,0,931,T
4-HA,1641,0,1,930,0,931,G
4-HA,1642,0,929,0,0,929,T
4-HA,1643,0,925,0,0,925,T
4-HA,1644,1,1,922,0,924,G
4-HA,1645,1,0,901,0,902,G
4-HA,1646,0,0,895,0,895,G
4-HA,1647,0,1,898,0,899,G
4-HA,1648,1,867,0,1,869,T
4-HA,1649,0,862,0,2,864,T
4-HA,1650,4,0,0,849,853,C
4-HA,1651,846,0,0,0,846,A
4-HA,1652,0,848,0,1,849,T
4-HA,1653,2,1,0,844,847,C
4-HA,1654,837,0,0,0,837,A
4-HA,1655,0,805,0,3,808,T
4-HA,1656,0,1,800,0,801,G
4-HA,1657,1,784,0,0,785,T
4-HA,1658,0,1,775,0,776,G
4-HA,1659,0,0,757,0,757,G
4-HA,1660,0,1,755,0,756,G
4-HA,1661,0,0,0,731,731,C
4-HA,1662,1,1,0,717,719,C
4-HA,1663,0,673,0,1,674,T
4-HA,1664,0,0,677,0,677,G
4-HA,1665,0,0,0,671,671,C
4-HA,1666,1,0,0,671,672,C
4-HA,1667,670,0,0,0,670,A
4-HA,1668,670,0,0,0,670,A
4-HA,1669,667,0,1,0,668,A
4-HA,1670,670,0,0,0,670,A
4-HA,1671,666,0,3,0,669,A
4-HA,1672,0,1,668,0,669,G
4-HA,1673,2,0,638,0,640,G
4-HA,1674,0,0,0,628,628,C
4-HA,1675,628,1,1,0,630,A
4-HA,1676,631,0,0,0,631,A
4-HA,1677,0,0,1,627,628,C
4-HA,1678,629,0,0,0,629,A
4-HA,1679,0,628,0,1,629,T
4-HA,1680,0,617,0,0,617,T
4-HA,1681,599,0,0,0,599,A
4-HA,1682,1,0,597,0,598,G
4-HA,1683,1,0,596,0,597,G
4-HA,1684,1,581,0,0,582,T
4-HA,1685,1,0,537,0,538,G
4-HA,1686,0,1,0,507,508,C
4-HA,1687,500,0,1,0,501,A
4-HA,1688,500,0,0,0,500,A
4-HA,1689,0,0,0,500,500,C
4-HA,1690,493,0,0,0,493,A
4-HA,1691,0,483,0,0,483,T
4-HA,1692,0,457,0,2,459,T
4-HA,1693,0,458,0,0,458,T
4-HA,1694,0,0,457,0,457,G
4-HA,1695,1,0,0,455,456,C
4-HA,1696,451,0,0,0,451,A
4-HA,1697,0,418,0,0,418,T
4-HA,1698,0,400,0,2,402,T
4-HA,1699,0,390,0,0,390,T
4-HA,1700,0,0,387,0,387,G
4-HA,1701,370,0,0,0,370,A
5-NP,1,1146,0,0,0,1146,A
5-NP,2,0,1150,0,0,1150,T
5-NP,3,0,0,1145,0,1145,G
5-NP,4,1,0,1153,0,1154,G
5-NP,5,0,1,0,1162,1163,C
5-NP,6,0,0,1198,0,1198,G
5-NP,7,0,1249,0,2,1251,T
5-NP,8,1,0,0,1269,1270,C
5-NP,9,2,0,0,1274,1276,C
5-NP,10,0,0,0,1279,1279,C
5-NP,11,1277,0,1,1,1279,A
5-NP,12,1274,0,3,1,1278,A
5-NP,13,1,1,1298,0,1300,G
5-NP,14,1,2,1345,0,1348,G
5-NP,15,0,0,0,1351,1351,C
5-NP,16,1354,0,2,1,1357,A
5-NP,17,0,1,0,1372,1373,C
5-NP,18,0,0,0,1376,1376,C
5-NP,19,1387,0,0,0,1387,A
5-NP,20,1382,0,1,0,1383,A
5-NP,21,1386,1,0,0,1387,A
5-NP,22,1,0,0,1388,1389,C
5-NP,23,0,4,1391,1,1396,G
5-NP,24,0,0,1552,0,1552,G
5-NP,25,0,1545,0,3,1548,T
5-NP,26,1,0,0,1695,1696,C
5-NP,27,0,1686,0,4,1690,T
5-NP,28,1,1708,0,0,1709,T
5-NP,29,1711,0,0,0,1711,A
5-NP,30,0,1710,0,0,1710,T
5-NP,31,0,11,1713,0,1724,G
5-NP,32,1715,1,2,0,1718,A
5-NP,33,1689,1,4,0,1694,A
5-NP,34,0,0,0,1702,1702,C
5-NP,35,1679,0,1,0,1680,A
5-NP,36,0,3,1810,0,1813,G
5-NP,37,1812,0,0,0,1812,A
5-NP,38,0,1817,0,0,1817,T
5-NP,39,0,3,1812,0,1815,G
5-NP,40,1,2,1820,0,1823,G
5-NP,41,1836,0,4,0,1840,A
5-NP,42,1838,0,3,1,1842,A
5-NP,43,1839,0,2,0,1841,A
5-NP,44,1,0,0,1892,1893,C
5-NP,45,0,1862,1,1,1864,T
5-NP,46,2,4,1890,0,1896,G
5-NP,47,1879,0,0,1,1880,A
5-NP,48,0,1885,0,2,1887,T
5-NP,49,3,0,1891,0,1894,G
5-NP,50,0,1,1899,0,1900,G
5-NP,51,1,2,1895,0,1898,G
5-NP,52,0,2,1902,0,1904,G
5-NP,53,1889,0,1,1,1891,A
5-NP,54,0,1889,0,2,1891,T
5-NP,55,2,0,0,1896,1898,C
5-NP,56,1,2,1901,0,1904,G
5-NP,57,0,0,0,1934,1934,C
5-NP,58,2,0,0,1934,1936,C
5-NP,59,1932,0,0,0,1932,A
5-NP,60,0,2,1958,1,1961,G
5-NP,61,1954,0,0,1,1955,A
5-NP,62,1983,0,1,0,1984,A
5-NP,63,3,1977,1,0,1981,T
5-NP,64,3,0,1982,0,1985,G
5-NP,65,0,4,2,2007,2013,C
5-NP,66,2001,0,0,0,2001,A
5-NP,67,2042,0,2,0,2044,A
5-NP,68,0,0,0,2044,2044,C
5-NP,69,0,2037,1,0,2038,T
5-NP,70,1,3,2053,0,2057,G
5-NP,71,2094,0,2,0,2096,A
5-NP,72,0,2,2218,0,2220,G
5-NP,73,2212,0,2,1,2215,A
5-NP,74,0,2207,1,1,2209,T
5-NP,75,0,2210,0,2,2212,T
5-NP,76,2204,0,0,0,2204,A
5-NP,77,0,3,2218,0,2221,G
5-NP,78,1,6,2216,0,2223,G
5-NP,79,1,3,2212,0,2216,G
5-NP,80,1,1,0,2194,2196,C
5-NP,81,2170,1,1,0,2172,A
5-NP,82,1,2186,0,1,2188,T
5-NP,83,4,0,0,2188,2192,C
5-NP,84,1,0,0,2196,2197,C
5-NP,85,0,1,2210,0,2211,G
5-NP,86,1,2202,0,2,2205,T
5-NP,87,3,1,0,2204,2208,C
5-NP,88,0,3,2216,0,2219,G
5-NP,89,0,2,2217,0,2219,G
5-NP,90,2,4,2228,0,2234,G
5-NP,91,2222,1,0,0,2223,A
5-NP,92,2221,1,4,0,2226,A
5-NP,93,0,2,2242,0,2244,G
5-NP,94,2221,1,1,0,2223,A
5-NP,95,1,2250,0,0,2251,T
5-NP,96,2,7,2255,0,2264,G
5-NP,97,2274,1,2,0,2277,A
5-NP,98,1,2276,0,1,2278,T
5-NP,99,0,2268,0,1,2269,T
5-NP,100,0,5,2276,0,2281,G
5-NP,101,2282,0,2,0,2284,A
5-NP,102,0,2283,0,0,2283,T
5-NP,103,0,1,2276,0,2277,G
5-NP,104,1,3,2257,1,2262,G
5-NP,105,1,4,2249,0,2254,G
5-NP,106,2367,0,5,0,2372,A
5-NP,107,0,2370,0,0,2370,T
5-NP,108,0,2377,0,1,2378,T
5-NP,109,1,1,2399,1,2402,G
5-NP,110,0,1,2407,1,2409,G
5-NP,111,2,9,2392,0,2403,G
5-NP,112,2405,0,1,0,2406,A
5-NP,113,22,5,2369,0,2396,G
5-NP,114,2367,1,3,0,2371,A
5-NP,115,2,2406,0,3,2411,T
5-NP,116,0,2418,0,1,2419,T
5-NP,117,3,0,0,2421,2424,C
5-NP,118,0,2409,0,1,2410,T
5-NP,119,2446,0,0,0,2446,A
5-NP,120,0,4,0,2441,2445,C
5-NP,121,2495,0,2,0,2497,A
5-NP,122,0,2507,2,0,2509,T
5-NP,123,1,1,0,2498,2500,C
5-NP,124,4,0,0,2505,2509,C
5-NP,125,2509,0,1,0,2510,A
5-NP,126,2542,0,0,0,2542,A
5-NP,127,2541,0,0,1,2542,A
5-NP,128,0,2524,0,0,2524,T
5-NP,129,1,1,2532,0,2534,G
5-NP,130,0,2508,0,1,2509,T
5-NP,131,1,1,2524,0,2526,G
5-NP,132,0,1,0,2518,2519,C
5-NP,133,2514,1,0,0,2515,A
5-NP,134,1,1,0,2514,2516,C
5-NP,135,1,2476,0,5,2482,T
5-NP,136,0,8,2577,0,2585,G
5-NP,137,2618,0,1,0,2619,A
5-NP,138,2666,1,3,0,2670,A
5-NP,139,0,0,0,2696,2696,C
5-NP,140,0,2671,0,4,2675,T
5-NP,141,1,2684,0,1,2686,T
5-NP,142,2694,0,0,0,2694,A
5-NP,143,2685,1,0,0,2686,A
5-NP,144,2690,0,5,2,2697,A
5-NP,145,0,1,1,2710,2712,C
5-NP,146,0,2627,0,1,2628,T
5-NP,147,3,0,0,2640,2643,C
5-NP,148,2624,0,1,0,2625,A
5-NP,149,4,0,2666,0,2670,G
5-NP,150,1,2661,0,2,2664,T
5-NP,151,1,5,2680,1,2687,G
5-NP,152,2728,0,3,1,2732,A
5-NP,153,2,2717,0,3,2722,T
5-NP,154,5,2,0,2760,2767,C
5-NP,155,2772,0,5,0,2777,A
5-NP,156,0,2772,0,3,2775,T
5-NP,157,1,3,2773,0,2777,G
5-NP,158,2759,0,2,0,2761,A
5-NP,159,2754,0,0,0,2754,A
5-NP,160,0,1,2755,0,2756,G
5-NP,161,4,1,2729,0,2734,G
5-NP,162,4,3,2720,0,2727,G
5-NP,163,0,0,0,2706,2706,C
5-NP,164,0,1,2719,0,2720,G
5-NP,165,7,0,2721,0,2728,G
5-NP,166,2,2718,0,3,2723,T
5-NP,167,2,2727,1,2,2732,T
5-NP,168,1,8,2723,0,2732,G
5-NP,169,3010,1,3,0,3014,A
5-NP,170,0,3006,0,4,3010,T
5-NP,171,7,1,1,3002,3011,C
5-NP,172,1,4,0,3007,3012,C
5-NP,173,3003,0,2,1,3006,A
5-NP,174,0,7,3014,1,3022,G
5-NP,175,3014,0,0,0,3014,A
5-NP,176,3016,0,4,0,3020,A
5-NP,177,0,0,0,3034,3034,C
5-NP,178,2851,0,2,0,2853,A
5-NP,179,0,0,2896,0,2896,G
5-NP,180,0,0,0,2902,2902,C
5-NP,181,0,2898,0,3,2901,T
5-NP,182,0,2910,1,1,2912,T
5-NP,183,0,11,2902,0,2913,G
5-NP,184,2927,1,6,2,2936,A
5-NP,185,0,0,0,2944,2944,C
5-NP,186,2930,0,2,1,2933,A
5-NP,187,2933,2,12,0,2947,A
5-NP,188,0,2933,0,1,2934,T
5-NP,189,2941,0,0,0,2941,A
5-NP,190,1,3,2943,0,2947,G
5-NP,191,2939,1,3,1,2944,A
5-NP,192,1,6,2954,1,2962,G
5-NP,193,2936,1,2,0,2939,A
5-NP,194,2964,0,1,0,2965,A
5-NP,195,2971,0,1,0,2972,A
5-NP,196,3008,0,1,0,3009,A
5-NP,197,0,3013,1,1,3015,T
5-NP,198,0,6,2999,0,3005,G
5-NP,199,0,0,3003,0,3003,G
5-NP,200,2,2982,0,2,2986,T
5-NP,201,2955,1,0,0,2956,A
5-NP,202,0,0,0,2982,2982,C
5-NP,203,1,2967,0,4,2972,T
5-NP,204,2,0,0,2990,2992,C
5-NP,205,1,2966,0,3,2970,T
5-NP,206,3,2,0,2970,2975,C
5-NP,207,1,1,2961,1,2964,G
5-NP,208,2,1,2971,0,2974,G
5-NP,209,1,2,0,2969,2972,C
5-NP,210,0,2948,1,6,2955,T
5-NP,211,0,2955,0,1,2956,T
5-NP,212,0,2964,0,1,2965,T
5-NP,213,0,2972,0,2,2974,T
5-NP,214,0,4,2977,0,2981,G
5-NP,215,2973,1,3,1,2978,A
5-NP,216,0,2974,0,2,2976,T
5-NP,217,0,9,2971,0,2980,G
5-NP,218,2969,1,1,0,2971,A
5-NP,219,2974,0,2,0,2976,A
5-NP,220,2976,1,2,0,2979,A
5-NP,221,0,0,2996,0,2996,G
5-NP,222,2993,0,2,0,2995,A
5-NP,223,2990,0,2,0,2992,A
5-NP,224,0,1,3026,0,3027,G
5-NP,225,1,9,3089,0,3099,G
5-NP,226,3102,1,6,0,3109,A
5-NP,227,3131,0,2,0,3133,A
5-NP,228,0,3125,0,0,3125,T
5-NP,229,3133,0,0,0,3133,A
5-NP,230,3123,0,3,1,3127,A
5-NP,231,3135,2,3,1,3141,A
5-NP,232,0,3136,0,0,3136,T
5-NP,233,3147,1,3,0,3151,A
5-NP,234,0,0,0,3142,3142,C
5-NP,235,4,2,0,3087,3093,C
5-NP,236,1,3060,0,5,3066,T
5-NP,237,3,1,3073,1,3078,G
5-NP,238,1,9,3102,1,3113,G
5-NP,239,3108,0,1,0,3109,A
5-NP,240,3097,1,1,0,3099,A
5-NP,241,0,9,3122,0,3131,G
5-NP,242,3115,0,1,2,3118,A
5-NP,243,3099,0,1,1,3101,A
5-NP,244,1,3,0,3094,3098,C
5-NP,245,3085,1,3,0,3089,A
5-NP,246,1,2,0,3159,3162,C
5-NP,247,2,0,0,3121,3123,C
5-NP,248,5,0,0,3107,3112,C
5-NP,249,2,0,0,3117,3119,C
5-NP,250,3083,0,2,0,3085,A
5-NP,251,2,1,3089,0,3092,G
5-NP,252,0,2,0,3081,3083,C
5-NP,253,0,0,3083,0,3083,G
5-NP,254,1,1,0,3080,3082,C
5-NP,255,5,2,3046,0,3053,G
5-NP,256,2,3,3074,0,3079,G
5-NP,257,1,5,3063,0,3069,G
5-NP,258,1,3,3082,0,3086,G
5-NP,259,3086,1,0,1,3088,A
5-NP,260,3087,0,0,0,3087,A
5-NP,261,3077,0,6,1,3084,A
5-NP,262,3,4,3076,1,3084,G
5-NP,263,3074,0,3,0,3077,A
5-NP,264,1,3054,0,4,3059,T
5-NP,265,2,1,1,3035,3039,C
5-NP,266,4,1,0,3037,3042,C
5-NP,267,4,1,0,3058,3063,C
5-NP,268,3072,1,2,1,3076,A
5-NP,269,3081,0,0,0,3081,A
5-NP,270,0,4,3083,0,3087,G
5-NP,271,3076,1,0,0,3077,A
5-NP,272,3088,1,0,1,3090,A
5-NP,273,3077,1,2,2,3082,A
5-NP,274,3090,1,1,0,3092,A
5-NP,275,1,0,0,3091,3092,C
5-NP,276,0,3051,0,0,3051,T
5-NP,277,3,1,3041,0,3045,G
5-NP,278,0,1,3057,0,3058,G
5-NP,279,2,1,3046,1,3050,G
5-NP,280,2,2,3037,0,3041,G
5-NP,281,2,0,3045,1,3048,G
5-NP,282,2,0,3089,0,3091,G
5-NP,283,0,2,0,3320,3322,C
5-NP,284,1,1,0,3319,3321,C
5-NP,285,3,2,0,3351,3356,C
5-NP,286,3725,3,3,0,3731,A
5-NP,287,0,3741,0,1,3742,T
5-NP,288,3936,1,4,0,3941,A
5-NP,289,0,3939,0,1,3940,T
5-NP,290,3896,0,3,1,3900,A
5-NP,291,0,0,0,3916,3916,C
5-NP,292,3595,1,2,0,3598,A
5-NP,293,0,1,3648,0,3649,G
5-NP,294,0,2,3649,0,3651,G
5-NP,295,3263,0,4,0,3267,A
5-NP,296,0,2,3304,0,3306,G
5-NP,297,3124,2,4,0,3130,A
5-NP,298,0,0,3168,0,3168,G
5-NP,299,1,3157,0,0,3158,T
5-NP,300,3131,0,1,0,3132,A
5-NP,301,0,3,3143,0,3146,G
5-NP,302,3102,0,6,0,3108,A
5-NP,303,1,3110,0,0,3111,T
5-NP,304,1,2,3116,0,3119,G
5-NP,305,0,7,3124,0,3131,G
5-NP,306,3123,1,3,0,3127,A
5-NP,307,3104,1,4,1,3110,A
5-NP,308,3106,0,0,0,3106,A
5-NP,309,3117,0,1,0,3118,A
5-NP,310,0,3103,0,3,3106,T
5-NP,311,1,4,3117,0,3122,G
5-NP,312,1,5,3124,1,3131,G
5-NP,313,3118,1,3,0,3122,A
5-NP,314,0,3107,0,0,3107,T
5-NP,315,2,2,3114,0,3118,G
5-NP,316,3113,0,3,0,3116,A
5-NP,317,0,3,3121,0,3124,G
5-NP,318,0,4,3114,0,3118,G
5-NP,319,7,7,3115,0,3129,G
5-NP,320,3146,1,5,0,3152,A
5-NP,321,3149,1,4,0,3154,A
5-NP,322,0,0,0,3181,3181,C
5-NP,323,1,3160,0,9,3170,T
5-NP,324,5,0,0,3199,3204,C
5-NP,325,2,1,3208,0,3211,G
5-NP,326,1,3210,0,7,3218,T
5-NP,327,4,0,1,3229,3234,C
5-NP,328,6,0,0,3451,3457,C
5-NP,329,0,3433,0,4,3437,T
5-NP,330,0,3444,2,2,3448,T
5-NP,331,1,3434,0,4,3439,T
5-NP,332,3443,0,3,0,3446,A
5-NP,333,2,3436,0,0,3438,T
5-NP,334,1,14,3421,0,3436,G
5-NP,335,3445,0,4,0,3449,A
5-NP,336,0,1,0,3453,3454,C
5-NP,337,3388,0,1,1,3390,A
5-NP,338,3390,1,0,0,3391,A
5-NP,339,3406,1,0,0,3407,A
5-NP,340,0,3,3527,0,3530,G
5-NP,341,3525,1,1,0,3527,A
5-NP,342,3526,0,6,0,3532,A
5-NP,343,10,5,3638,0,3653,G
5-NP,344,3669,0,0,0,3669,A
5-NP,345,3659,0,9,0,3668,A
5-NP,346,3663,1,1,1,3666,A
5-NP,347,0,3666,0,0,3666,T
5-NP,348,3660,0,1,1,3662,A
5-NP,349,3617,1,1,2,3621,A
5-NP,350,1,6,3647,0,3654,G
5-NP,351,1,3,3648,0,3652,G
5-NP,352,0,2,1,3615,3618,C
5-NP,353,1,11,3600,0,3612,G
5-NP,354,3620,2,1,0,3623,A
5-NP,355,3666,1,2,0,3669,A
5-NP,356,1,3680,0,1,3682,T
5-NP,357,3,0,0,3682,3685,C
5-NP,358,0,3676,0,3,3679,T
5-NP,359,1,3,3658,1,3663,G
5-NP,360,2,1,3663,0,3666,G
5-NP,361,0,8,1,3652,3661,C
5-NP,362,3,1,3665,0,3669,G
5-NP,363,0,0,0,3661,3661,C
5-NP,364,5,0,0,3653,3658,C
5-NP,365,3679,0,2,0,3681,A
5-NP,366,3719,1,1,0,3721,A
5-NP,367,2,1,3793,0,3796,G
5-NP,368,1,1,0,3782,3784,C
5-NP,369,3,1,0,3825,3829,C
5-NP,370,3827,0,6,0,3833,A
5-NP,371,3892,1,1,0,3894,A
5-NP,372,1,1,0,3923,3925,C
5-NP,373,3927,0,0,0,3927,A
5-NP,374,3970,0,3,0,3973,A
5-NP,375,0,3954,0,1,3955,T
5-NP,376,0,3,4021,1,4025,G
5-NP,377,1,0,4028,0,4029,G
5-NP,378,0,3982,1,5,3988,T
5-NP,379,1,4,3995,0,4000,G
5-NP,380,3985,1,4,0,3990,A
5-NP,381,1,3,4084,0,4088,G
5-NP,382,0,4,4080,0,4084,G
5-NP,383,4107,1,3,0,4111,A
5-NP,384,0,4416,1,4,4421,T
5-NP,385,2,3,4473,0,4478,G
5-NP,386,1,2,0,4478,4481,C
5-NP,387,0,4479,0,9,4488,T
5-NP,388,4517,0,2,0,4519,A
5-NP,389,0,1,0,4576,4577,C
5-NP,390,4528,1,0,0,4529,A
5-NP,391,0,4526,1,4,4531,T
5-NP,392,5,0,0,4487,4492,C
5-NP,393,0,4302,0,1,4303,T
5-NP,394,0,0,4462,0,4462,G
5-NP,395,7,0,4533,1,4541,G
5-NP,396,0,4524,0,11,4535,T
5-NP,397,7,0,0,4530,4537,C
5-NP,398,0,4498,0,1,4499,T
5-NP,399,4533,0,2,0,4535,A
5-NP,400,4537,1,2,0,4540,A
5-NP,401,1,0,0,4566,4567,C
5-NP,402,1,4538,0,4,4543,T
5-NP,403,6,1,0,4565,4572,C
5-NP,404,4544,0,3,0,4547,A
5-NP,405,1,1,0,4749,4751,C
5-NP,406,4751,1,2,0,4754,A
5-NP,407,0,4770,0,3,4773,T
5-NP,408,4720,1,0,2,4723,A
5-NP,409,4756,1,1,0,4758,A
5-NP,410,0,4773,0,3,4776,T
5-NP,411,1,19,4804,0,4824,G
5-NP,412,4780,0,2,0,4782,A
5-NP,413,2,4754,1,1,4758,T
5-NP,414,1,4664,0,2,4667,T
5-NP,415,1,4681,1,4,4687,T
5-NP,416,4,8,4655,1,4668,G
5-NP,417,6,2,4675,0,4683,G
5-NP,418,0,3,0,4685,4688,C
5-NP,419,4663,0,2,1,4666,A
5-NP,420,0,4664,1,7,4672,T
5-NP,421,0,4658,0,8,4666,T
5-NP,422,4,3,0,4659,4666,C
5-NP,423,4,0,2,4672,4678,C
5-NP,424,4772,1,3,0,4776,A
5-NP,425,4782,1,2,1,4786,A
5-NP,426,0,4778,1,2,4781,T
5-NP,427,0,4781,1,3,4785,T
5-NP,428,1,4780,0,1,4782,T
5-NP,429,1,15,4803,0,4819,G
5-NP,430,4803,2,11,1,4817,A
5-NP,431,4819,0,5,2,4826,A
5-NP,432,2,4853,0,1,4856,T
5-NP,433,1,11,4816,0,4828,G
5-NP,434,4995,1,9,0,5005,A
5-NP,435,0,5013,0,1,5014,T
5-NP,436,4,3,5034,0,5041,G
5-NP,437,5,1,0,5131,5137,C
5-NP,438,5113,2,7,0,5122,A
5-NP,439,5318,2,7,0,5327,A
5-NP,440,0,1,0,5318,5319,C
5-NP,441,5416,2,2,1,5421,A
5-NP,442,0,5472,0,1,5473,T
5-NP,443,5355,1,4,0,5360,A
5-NP,444,2,2,0,5436,5440,C
5-NP,445,1,2,0,5430,5433,C
5-NP,446,5346,1,5,0,5352,A
5-NP,447,1,4,5390,0,5395,G
5-NP,448,5283,1,5,0,5289,A
5-NP,449,0,11,5279,1,5291,G
5-NP,450,5137,0,5,0,5142,A
5-NP,451,5298,0,5,0,5303,A
5-NP,452,0,0,0,5351,5351,C
5-NP,453,5347,1,2,0,5350,A
5-NP,454,5344,1,7,0,5352,A
5-NP,455,3,4,5356,0,5363,G
5-NP,456,5300,1,9,0,5310,A
5-NP,457,3,2,5334,0,5339,G
5-NP,458,1,2,0,5296,5299,C
5-NP,459,0,5265,1,16,5282,T
5-NP,460,7,0,0,5289,5296,C
5-NP,461,2,5293,0,9,5304,T
5-NP,462,1,5307,1,2,5311,T
5-NP,463,1,0,5331,1,5333,G
5-NP,464,1,5316,0,10,5327,T
5-NP,465,2,5307,1,6,5316,T
5-NP,466,17,2,0,5297,5316,C
5-NP,467,1,20,5279,1,5301,G
5-NP,468,5381,1,1,0,5383,A
5-NP,469,5378,2,1,0,5381,A
5-NP,470,3,0,0,5415,5418,C
5-NP,471,0,5397,0,3,5400,T
5-NP,472,2,5,5483,0,5490,G
5-NP,473,0,7,5506,1,5514,G
5-NP,474,5509,2,6,0,5517,A
5-NP,475,5512,0,7,0,5519,A
5-NP,476,1,5489,0,7,5497,T
5-NP,477,1,6,5459,0,5466,G
5-NP,478,2,6,5482,0,5490,G
5-NP,479,5530,1,8,0,5539,A
5-NP,480,1,5569,0,3,5573,T
5-NP,481,10,2,1,5561,5574,C
5-NP,482,5,3,0,5563,5571,C
5-NP,483,3,1,1,5566,5571,C
5-NP,484,5615,0,2,1,5618,A
5-NP,485,1,7,5669,0,5677,G
5-NP,486,5667,0,2,0,5669,A
5-NP,487,5652,1,4,1,5658,A
5-NP,488,5,5601,2,2,5610,T
5-NP,489,3,1,5653,0,5657,G
5-NP,490,1,5612,1,3,5617,T
5-NP,491,3,0,5639,0,5642,G
5-NP,492,2,0,0,5643,5645,C
5-NP,493,2,5595,2,7,5606,T
5-NP,494,5,1,0,5895,5901,C
5-NP,495,0,5852,1,4,5857,T
5-NP,496,9,0,0,6078,6087,C
5-NP,497,2,6078,0,4,6084,T
5-NP,498,1,4,6093,0,6098,G
5-NP,499,6130,0,12,0,6142,A
5-NP,500,0,6120,1,0,6121,T
5-NP,501,4,3,6105,0,6112,G
5-NP,502,2,1,0,6110,6113,C
5-NP,503,5930,0,8,0,5938,A
5-NP,504,4,3,6074,0,6081,G
5-NP,505,0,3,5956,1,5960,G
5-NP,506,3,2,6011,2,6018,G
5-NP,507,3,2,0,6015,6020,C
5-NP,508,1,5989,2,6,5998,T
5-NP,509,6,4,0,6014,6024,C
5-NP,510,4,10,6019,0,6033,G
5-NP,511,6074,1,15,0,6090,A
5-NP,512,1,0,0,6084,6085,C
5-NP,513,0,5975,1,11,5987,T
5-NP,514,6,0,0,6273,6279,C
5-NP,515,2,6232,0,7,6241,T
5-NP,516,7,3,0,7059,7069,C
5-NP,517,3,1,0,7064,7068,C
5-NP,518,2,2,1,7068,7073,C
5-NP,519,1,7063,2,3,7069,T
5-NP,520,7033,1,3,0,7037,A
5-NP,521,1,3,7034,0,7038,G
5-NP,522,7028,2,6,0,7036,A
5-NP,523,6820,1,5,0,6826,A
5-NP,524,4,0,6838,0,6842,G
5-NP,525,3,2,6697,0,6702,G
5-NP,526,2,6581,0,4,6587,T
5-NP,527,5,4,0,6578,6587,C
5-NP,528,3,3,1,6578,6585,C
5-NP,529,1,8,6582,0,6591,G
5-NP,530,1,5,6640,0,6646,G
5-NP,531,6625,1,9,0,6635,A
5-NP,532,2,1,6712,0,6715,G
5-NP,533,2,2,0,6726,6730,C
5-NP,534,0,6622,0,9,6631,T
5-NP,535,0,3,6631,0,6634,G
5-NP,536,3,2,0,6651,6656,C
5-NP,537,6631,2,13,0,6646,A
5-NP,538,0,6,6663,0,6669,G
5-NP,539,3,1,6673,0,6677,G
5-NP,540,0,6665,0,7,6672,T
5-NP,541,3,0,6633,0,6636,G
5-NP,542,1,2,0,6636,6639,C
5-NP,543,1,6624,0,10,6635,T
5-NP,544,4,4,6635,0,6643,G
5-NP,545,4,2,1,6626,6633,C
5-NP,546,6698,1,7,1,6707,A
5-NP,547,0,2,6787,2,6791,G
5-NP,548,0,6737,0,4,6741,T
5-NP,549,16,3,0,6738,6757,C
5-NP,550,6760,0,2,0,6762,A
5-NP,551,6753,1,4,1,6759,A
5-NP,552,6741,1,16,2,6760,A
5-NP,553,0,2,6796,0,6798,G
5-NP,554,1,12,6821,0,6834,G
5-NP,555,6802,0,5,0,6807,A
5-NP,556,6764,0,9,0,6773,A
5-NP,557,0,6749,1,3,6753,T
5-NP,558,13,2,0,6742,6757,C
5-NP,559,7,4,6756,0,6767,G
5-NP,560,2,11,6943,0,6956,G
5-NP,561,3,11,6958,0,6972,G
5-NP,562,6927,3,10,0,6940,A
5-NP,563,0,2,0,6938,6940,C
5-NP,564,6872,2,0,0,6874,A
5-NP,565,7021,1,6,0,7028,A
5-NP,566,15,7024,2,0,7041,T
5-NP,567,2,3,7064,0,7069,G
5-NP,568,0,0,7173,1,7174,G
5-NP,569,2,7048,0,5,7055,T
5-NP,570,0,11,7064,0,7075,G
5-NP,571,7067,1,8,0,7076,A
5-NP,572,1,7040,1,1,7043,T
5-NP,573,2,14,7036,0,7052,G
5-NP,574,0,14,7157,1,7172,G
5-NP,575,7157,1,8,1,7167,A
5-NP,576,7148,1,6,1,7156,A
5-NP,577,1,1,0,7112,7114,C
5-NP,578,1,7057,0,1,7059,T
5-NP,579,7026,1,4,0,7031,A
5-NP,580,7372,0,2,0,7374,A
5-NP,581,1,7370,0,4,7375,T
5-NP,582,16,2,0,7379,7397,C
5-NP,583,7176,1,2,0,7179,A
5-NP,584,0,7,7256,0,7263,G
5-NP,585,7249,2,1,0,7252,A
5-NP,586,7239,2,6,0,7247,A
5-NP,587,2,7230,0,2,7234,T
5-NP,588,0,13,7186,1,7200,G
5-NP,589,4,0,7263,1,7268,G
5-NP,590,2,7249,0,13,7264,T
5-NP,591,10,0,0,7262,7272,C
5-NP,592,7271,0,1,2,7274,A
5-NP,593,7267,1,5,1,7274,A
5-NP,594,7273,1,4,0,7278,A
5-NP,595,4,2,0,7284,7290,C
5-NP,596,3,1,7268,0,7272,G
5-NP,597,2,9,7308,1,7320,G
5-NP,598,2,15,7226,2,7245,G
5-NP,599,2,9,7271,0,7282,G
5-NP,600,2,19,7274,0,7295,G
5-NP,601,7284,3,13,0,7300,A
5-NP,602,2,7233,0,9,7244,T
5-NP,603,17,1,0,7213,7231,C
5-NP,604,7253,1,5,0,7259,A
5-NP,605,7261,0,9,0,7270,A
5-NP,606,1,1,0,7212,7214,C
5-NP,607,0,12,7178,0,7190,G
5-NP,608,7159,0,4,1,7164,A
5-NP,609,2,7151,0,5,7158,T
5-NP,610,15,6,0,7148,7169,C
5-NP,611,5,13,7161,0,7179,G
5-NP,612,7161,1,22,1,7185,A
5-NP,613,7176,0,5,0,7181,A
5-NP,614,7167,1,4,1,7173,A
5-NP,615,0,7243,1,1,7245,T
5-NP,616,1,7224,3,2,7230,T
5-NP,617,1,7206,0,2,7209,T
5-NP,618,0,7227,1,4,7232,T
5-NP,619,1,7255,1,4,7261,T
5-NP,620,1,5,7265,1,7272,G
5-NP,621,1,8,7259,1,7269,G
5-NP,622,7219,1,6,1,7227,A
5-NP,623,0,2,7270,0,7272,G
5-NP,624,7187,3,7,0,7197,A
5-NP,625,4,4,7455,1,7464,G
5-NP,626,1,2,7499,0,7502,G
5-NP,627,0,7472,0,13,7485,T
5-NP,628,3,13,7483,0,7499,G
5-NP,629,7487,4,12,0,7503,A
5-NP,630,7,14,7532,0,7553,G
5-NP,631,7544,0,12,0,7556,A
5-NP,632,7526,3,4,0,7533,A
5-NP,633,0,7534,0,0,7534,T
5-NP,634,1,14,7290,0,7305,G
5-NP,635,2,9,7258,1,7270,G
5-NP,636,7195,0,10,2,7207,A
5-NP,637,4,0,0,7220,7224,C
5-NP,638,2,6,7225,0,7233,G
5-NP,639,1,13,7327,0,7341,G
5-NP,640,7331,0,4,0,7335,A
5-NP,641,7333,2,3,0,7338,A
5-NP,642,7410,2,4,0,7416,A
5-NP,643,7402,1,9,4,7416,A
5-NP,644,0,1,0,7474,7475,C
5-NP,645,7466,0,5,0,7471,A
5-NP,646,7460,0,4,0,7464,A
5-NP,647,0,6,7466,0,7472,G
5-NP,648,7262,1,5,0,7268,A
5-NP,649,7273,2,7,2,7284,A
5-NP,650,4,2,7463,0,7469,G
5-NP,651,0,7465,0,4,7469,T
5-NP,652,1,2,7798,2,7803,G
5-NP,653,5,3,1,7753,7762,C
5-NP,654,2,7743,0,7,7752,T
5-NP,655,0,7791,0,4,7795,T
5-NP,656,7867,0,4,0,7871,A
5-NP,657,1,7879,0,5,7885,T
5-NP,658,15,15,7897,0,7927,G
5-NP,659,7733,1,17,0,7751,A
5-NP,660,0,11,7782,0,7793,G
5-NP,661,7419,0,13,0,7432,A
5-NP,662,2,12,7449,1,7464,G
5-NP,663,7429,0,8,1,7438,A
5-NP,664,7505,2,3,0,7510,A
5-NP,665,0,7469,0,0,7469,T
5-NP,666,2,2,7562,0,7566,G
5-NP,667,1,7515,1,7,7524,T
5-NP,668,5,2,7546,1,7554,G
5-NP,669,3,6,0,7528,7537,C
5-NP,670,7515,0,8,1,7524,A
5-NP,671,7522,1,12,1,7536,A
5-NP,672,3,0,0,7514,7517,C
5-NP,673,7426,2,1,0,7429,A
5-NP,674,1,7425,1,4,7431,T
5-NP,675,1,7357,0,12,7370,T
5-NP,676,11,1,0,7366,7378,C
5-NP,677,4,7337,1,5,7347,T
5-NP,678,0,7344,1,2,7347,T
5-NP,679,7345,1,2,0,7348,A
5-NP,680,7320,0,3,0,7323,A
5-NP,681,7320,0,1,1,7322,A
5-NP,682,2,6,7321,0,7329,G
5-NP,683,1,14,7302,2,7319,G
5-NP,684,7279,0,3,0,7282,A
5-NP,685,7262,0,8,0,7270,A
5-NP,686,7260,1,4,1,7266,A
5-NP,687,7364,2,0,1,7367,A
5-NP,688,2,7324,0,4,7330,T
5-NP,689,1,7332,0,1,7334,T
5-NP,690,2,7361,1,9,7373,T
5-NP,691,13,0,1,7377,7391,C
5-NP,692,7375,1,6,0,7382,A
5-NP,693,7373,1,3,0,7377,A
5-NP,694,7376,2,7,0,7385,A
5-NP,695,0,1,0,7454,7455,C
5-NP,696,7344,0,4,0,7348,A
5-NP,697,3,0,7492,0,7495,G
5-NP,698,2,4,1,7467,7474,C
5-NP,699,0,7470,0,9,7479,T
5-NP,700,6,1,7619,1,7627,G
5-NP,701,5,14,0,7609,7628,C
5-NP,702,7664,0,8,0,7672,A
5-NP,703,2,3,0,7680,7685,C
5-NP,704,7624,1,3,2,7630,A
5-NP,705,7646,0,8,1,7655,A
5-NP,706,7474,1,15,0,7490,A
5-NP,707,2,16,7675,1,7694,G
5-NP,708,7657,0,15,2,7674,A
5-NP,709,5,2,7677,0,7684,G
5-NP,710,3,4,1,7635,7643,C
5-NP,711,7628,2,5,0,7635,A
5-NP,712,7807,1,12,1,7821,A
5-NP,713,0,7814,0,1,7815,T
5-NP,714,1,19,7835,0,7855,G
5-NP,715,5,3,7880,0,7888,G
5-NP,716,1,7651,0,9,7661,T
5-NP,717,8,10,7667,1,7686,G
5-NP,718,2,15,7720,1,7738,G
5-NP,719,7730,3,6,0,7739,A
5-NP,720,3,7702,1,7,7713,T
5-NP,721,18,1,0,7464,7483,C
5-NP,722,7512,0,5,1,7518,A
5-NP,723,7593,0,16,0,7609,A
5-NP,724,2,1,7623,0,7626,G
5-NP,725,3,7556,0,2,7561,T
5-NP,726,0,15,7551,1,7567,G
5-NP,727,7434,1,9,1,7445,A
5-NP,728,0,10,7463,1,7474,G
5-NP,729,7436,2,11,0,7449,A
5-NP,730,1,10,7451,0,7462,G
5-NP,731,7381,0,8,2,7391,A
5-NP,732,7271,2,5,1,7279,A
5-NP,733,7267,0,13,2,7282,A
5-NP,734,5,1,7314,0,7320,G
5-NP,735,2,7286,0,2,7290,T
5-NP,736,15,2,0,7278,7295,C
5-NP,737,5,12,7260,0,7277,G
5-NP,738,3,9,7270,0,7282,G
5-NP,739,7295,1,7,0,7303,A
5-NP,740,7327,0,3,0,7330,A
5-NP,741,1,1,0,7314,7316,C
5-NP,742,7,2,0,7256,7265,C
5-NP,743,8,1,0,7278,7287,C
5-NP,744,7250,1,12,0,7263,A
5-NP,745,3,5,7280,0,7288,G
5-NP,746,0,11,7268,0,7279,G
5-NP,747,7252,1,4,0,7257,A
5-NP,748,7256,1,0,0,7257,A
5-NP,749,7229,0,7,4,7240,A
5-NP,750,0,4,0,7261,7265,C
5-NP,751,1,4,7246,0,7251,G
5-NP,752,3,3,1,7245,7252,C
5-NP,753,0,7211,0,8,7219,T
5-NP,754,5,9,7218,0,7232,G
5-NP,755,7202,0,7,1,7210,A
5-NP,756,0,8,7312,1,7321,G
5-NP,757,7386,1,3,0,7390,A
5-NP,758,1,7377,0,4,7382,T
5-NP,759,10,9,0,7268,7287,C
5-NP,760,4,7,7266,0,7277,G
5-NP,761,7274,1,5,0,7280,A
5-NP,762,7269,3,5,0,7277,A
5-NP,763,0,6,7254,1,7261,G
5-NP,764,7245,1,5,0,7251,A
5-NP,765,2,0,0,7047,7049,C
5-NP,766,7,1,0,7235,7243,C
5-NP,767,1,7246,1,13,7261,T
5-NP,768,8,2,1,7288,7299,C
5-NP,769,7318,0,3,0,7321,A
5-NP,770,1,7303,1,7,7312,T
5-NP,771,7326,2,0,0,7328,A
5-NP,772,1,7309,3,0,7313,T
5-NP,773,2,7285,0,2,7289,T
5-NP,774,1,7144,2,0,7147,T
5-NP,775,1,7101,3,2,7107,T
5-NP,776,2,7110,1,3,7116,T
5-NP,777,7110,1,6,0,7117,A
5-NP,778,4,2,7103,1,7110,G
5-NP,779,1,4,0,7099,7104,C
5-NP,780,7100,1,1,0,7102,A
5-NP,781,7056,0,7,0,7063,A
5-NP,782,6,13,7264,0,7283,G
5-NP,783,7284,3,2,0,7289,A
5-NP,784,3,7272,1,5,7281,T
5-NP,785,7,2,0,7308,7317,C
5-NP,786,3,7289,1,5,7298,T
5-NP,787,5,0,7463,0,7468,G
5-NP,788,4,1,0,7473,7478,C
5-NP,789,7473,1,6,0,7480,A
5-NP,790,1,7534,0,3,7538,T
5-NP,791,1,7302,0,1,7304,T
5-NP,792,2,12,7672,0,7686,G
5-NP,793,7820,0,3,0,7823,A
5-NP,794,0,7808,0,3,7811,T
5-NP,795,7819,0,5,0,7824,A
5-NP,796,1,7649,0,2,7652,T
5-NP,797,1,7603,2,4,7610,T
5-NP,798,4,10,7632,0,7646,G
5-NP,799,7551,0,10,0,7561,A
5-NP,800,0,8,7594,0,7602,G
5-NP,801,7146,1,14,1,7162,A
5-NP,802,2,6,7044,1,7053,G
5-NP,803,1,16,7101,0,7118,G
5-NP,804,7092,0,6,1,7099,A
5-NP,805,1,7097,0,4,7102,T
5-NP,806,12,1,0,7104,7117,C
5-NP,807,7063,0,7,0,7070,A
5-NP,808,16,3,7074,0,7093,G
5-NP,809,2,7059,0,5,7066,T
5-NP,810,1,7003,1,2,7007,T
5-NP,811,5,3,6995,0,7003,G
5-NP,812,2,0,1,6919,6922,C
5-NP,813,1,6918,0,6,6925,T
5-NP,814,25,1,0,6927,6953,C
5-NP,815,6942,3,10,2,6957,A
5-NP,816,2,2,0,6958,6962,C
5-NP,817,6917,1,1,0,6919,A
5-NP,818,6957,0,3,1,6961,A
5-NP,819,6957,1,3,1,6962,A
5-NP,820,1,6946,1,2,6950,T
5-NP,821,15,0,1,6921,6937,C
5-NP,822,0,6921,0,9,6930,T
5-NP,823,0,6909,0,5,6914,T
5-NP,824,4,1,6941,1,6947,G
5-NP,825,8,2,0,6928,6938,C
5-NP,826,4,1,1,7036,7042,C
5-NP,827,1,7007,2,7,7017,T
5-NP,828,7059,0,4,1,7064,A
5-NP,829,3,1,0,7053,7057,C
5-NP,830,4,2,0,7042,7048,C
5-NP,831,2,7015,0,7,7024,T
5-NP,832,3,1,7117,0,7121,G
5-NP,833,7,0,0,7077,7084,C
5-NP,834,5,2,0,7073,7080,C
5-NP,835,1,6951,0,8,6960,T
5-NP,836,5,1,7040,2,7048,G
5-NP,837,1,6997,0,4,7002,T
5-NP,838,0,4,7089,0,7093,G
5-NP,839,14,4,1,7091,7110,C
5-NP,840,6,3,7195,0,7204,G
5-NP,841,0,7080,0,2,7082,T
5-NP,842,7061,2,6,0,7069,A
5-NP,843,0,7073,0,2,7075,T
5-NP,844,7,12,7055,2,7076,G
5-NP,845,0,9,7275,0,7284,G
5-NP,846,7245,0,6,0,7251,A
5-NP,847,2,2,0,7113,7117,C
5-NP,848,5,1,0,7085,7091,C
5-NP,849,0,6972,0,6,6978,T
5-NP,850,8,3,7264,0,7275,G
5-NP,851,4,3,0,7276,7283,C
5-NP,852,7295,0,6,0,7301,A
5-NP,853,2,3,7405,0,7410,G
5-NP,854,1,7027,0,4,7032,T
5-NP,855,7255,0,8,0,7263,A
5-NP,856,0,7241,0,8,7249,T
5-NP,857,6,1,0,7210,7217,C
5-NP,858,4,2,0,7228,7234,C
5-NP,859,6849,2,5,0,6856,A
5-NP,860,2,2,6876,1,6881,G
5-NP,861,0,6838,0,4,6842,T
5-NP,862,2,5,6848,0,6855,G
5-NP,863,1,9,6825,0,6835,G
5-NP,864,1,4,6690,0,6695,G
5-NP,865,1,6691,0,5,6697,T
5-NP,866,6674,1,6,0,6681,A
5-NP,867,1,6,1,6657,6665,C
5-NP,868,2,15,6635,0,6652,G
5-NP,869,6613,1,6,0,6620,A
5-NP,870,1,1,0,6611,6613,C
5-NP,871,0,6428,3,4,6435,T
5-NP,872,4,6437,0,5,6446,T
5-NP,873,12,3,0,6397,6412,C
5-NP,874,1,6,6417,0,6424,G
5-NP,875,6413,0,4,0,6417,A
5-NP,876,6425,1,1,0,6427,A
5-NP,877,6432,0,5,0,6437,A
5-NP,878,6422,1,2,0,6425,A
5-NP,879,6402,0,12,1,6415,A
5-NP,880,0,1,6441,0,6442,G
5-NP,881,6388,0,24,0,6412,A
5-NP,882,1,1,6475,0,6477,G
5-NP,883,3,3,6484,1,6491,G
5-NP,884,1,13,6488,2,6504,G
5-NP,885,6504,0,9,2,6515,A
5-NP,886,0,6505,0,6,6511,T
5-NP,887,6541,1,7,0,6549,A
5-NP,888,3,6534,1,6,6544,T
5-NP,889,1,6535,0,11,6547,T
5-NP,890,8,1,0,6574,6583,C
5-NP,891,4,1,0,6514,6519,C
5-NP,892,1,6439,0,3,6443,T
5-NP,893,1,6419,0,4,6424,T
5-NP,894,1,5,6471,0,6477,G
5-NP,895,1,2,6509,1,6513,G
5-NP,896,2,6453,0,8,6463,T
5-NP,897,3,4,6420,1,6428,G
5-NP,898,2,5,6403,1,6411,G
5-NP,899,3,11,6588,0,6602,G
5-NP,900,6606,0,3,1,6610,A
5-NP,901,6619,0,1,0,6620,A
5-NP,902,1,6618,0,0,6619,T
5-NP,903,6492,0,6,0,6498,A
5-NP,904,0,3,6504,0,6507,G
5-NP,905,6433,1,15,0,6449,A
5-NP,906,4,2,1,6427,6434,C
5-NP,907,9,2,0,6358,6369,C
5-NP,908,6,0,0,6109,6115,C
5-NP,909,3,6140,0,15,6158,T
5-NP,910,2,6149,0,5,6156,T
5-NP,911,0,6164,0,6,6170,T
5-NP,912,9,0,1,6158,6168,C
5-NP,913,6144,1,1,0,6146,A
5-NP,914,6149,2,1,0,6152,A
5-NP,915,6125,2,3,0,6130,A
5-NP,916,0,1,1,6136,6138,C
5-NP,917,1,5964,0,3,5968,T
5-NP,918,5928,1,1,0,5930,A
5-NP,919,1,2,0,5983,5986,C
5-NP,920,1,5934,1,8,5944,T
5-NP,921,0,5897,2,40,5939,T
5-NP,922,11,0,0,5952,5963,C
5-NP,923,5939,0,5,0,5944,A
5-NP,924,5946,0,3,0,5949,A
5-NP,925,5909,0,2,0,5911,A
5-NP,926,5916,1,4,0,5921,A
5-NP,927,2,5870,0,1,5873,T
5-NP,928,5765,1,2,0,5768,A
5-NP,929,1,4,5806,0,5811,G
5-NP,930,1,3,1,5837,5842,C
5-NP,931,8,3,0,5874,5885,C
5-NP,932,5901,1,0,0,5902,A
5-NP,933,5914,0,1,0,5915,A
5-NP,934,6090,1,5,1,6097,A
5-NP,935,0,6108,0,1,6109,T
5-NP,936,6140,0,2,1,6143,A
5-NP,937,0,6126,0,5,6131,T
5-NP,938,6003,0,12,0,6015,A
5-NP,939,2,2,1,6021,6026,C
5-NP,940,5844,2,1,1,5848,A
5-NP,941,2,0,5967,0,5969,G
5-NP,942,1,1,0,5948,5950,C
5-NP,943,1,5744,0,9,5754,T
5-NP,944,0,5799,0,2,5801,T
5-NP,945,5825,0,0,0,5825,A
5-NP,946,5815,0,6,0,5821,A
5-NP,947,1,5817,1,2,5821,T
5-NP,948,7,64,0,5744,5815,C
5-NP,949,5581,1,5,1,5588,A
5-NP,950,0,8,5588,0,5596,G
5-NP,951,5580,0,12,0,5592,A
5-NP,952,4,3,0,5606,5613,C
5-NP,953,10,1,0,5526,5537,C
5-NP,954,0,5447,0,5,5452,T
5-NP,955,5485,0,4,0,5489,A
5-NP,956,5478,2,4,1,5485,A
5-NP,957,0,1,0,5518,5519,C
5-NP,958,2,7,5504,0,5513,G
5-NP,959,5399,1,3,0,5403,A
5-NP,960,1,10,5387,0,5398,G
5-NP,961,5329,0,7,0,5336,A
5-NP,962,5370,2,9,1,5382,A
5-NP,963,0,5360,0,3,5363,T
5-NP,964,14,1,5,5281,5301,C
5-NP,965,6,0,1,5294,5301,C
5-NP,966,5165,0,8,0,5173,A
5-NP,967,4,0,5202,0,5206,G
5-NP,968,2,4,1,5184,5191,C
5-NP,969,5218,1,3,0,5222,A
5-NP,970,2,2,0,5238,5242,C
5-NP,971,5155,1,6,1,5163,A
5-NP,972,1,2,0,5169,5172,C
5-NP,973,5148,2,4,0,5154,A
5-NP,974,5157,1,14,0,5172,A
5-NP,975,2,1,5178,1,5182,G
5-NP,976,5087,2,5,0,5094,A
5-NP,977,4,3,5099,0,5106,G
5-NP,978,0,4977,0,7,4984,T
5-NP,979,15,2,0,4947,4964,C
5-NP,980,4943,0,6,0,4949,A
5-NP,981,1,1,4950,0,4952,G
5-NP,982,2,0,0,4935,4937,C
5-NP,983,0,4874,2,3,4879,T
5-NP,984,1,3,4893,0,4897,G
5-NP,985,1,3,4913,0,4917,G
5-NP,986,1,4868,1,5,4875,T
5-NP,987,0,0,4893,0,4893,G
5-NP,988,0,4823,0,5,4828,T
5-NP,989,1,3,4817,0,4821,G
5-NP,990,5,4,4788,1,4798,G
5-NP,991,4779,1,5,0,4785,A
5-NP,992,2,4785,0,5,4792,T
5-NP,993,0,3,4560,1,4564,G
5-NP,994,2,0,4524,0,4526,G
5-NP,995,2,7,0,4498,4507,C
5-NP,996,4438,0,5,0,4443,A
5-NP,997,1,4431,3,5,4440,T
5-NP,998,0,0,4405,1,4406,G
5-NP,999,7,3,1,4434,4445,C
5-NP,1000,4,1,0,4434,4439,C
5-NP,1001,4434,0,1,0,4435,A
5-NP,1002,0,4399,0,2,4401,T
5-NP,1003,0,4297,0,3,4300,T
5-NP,1004,10,3,0,4304,4317,C
5-NP,1005,1,4215,0,6,4222,T
5-NP,1006,3,0,4215,0,4218,G
5-NP,1007,0,1,0,4209,4210,C
5-NP,1008,0,3973,1,7,3981,T
5-NP,1009,5,2,3989,0,3996,G
5-NP,1010,2,0,1,3873,3876,C
5-NP,1011,3871,0,1,0,3872,A
5-NP,1012,0,3868,0,1,3869,T
5-NP,1013,0,3810,1,3,3814,T
5-NP,1014,0,3813,0,3,3816,T
5-NP,1015,0,8,3808,1,3817,G
5-NP,1016,3809,2,2,0,3813,A
5-NP,1017,3807,2,3,1,3813,A
5-NP,1018,0,4,3833,0,3837,G
5-NP,1019,3816,0,3,1,3820,A
5-NP,1020,0,3800,0,2,3802,T
5-NP,1021,1,3790,0,1,3792,T
5-NP,1022,2,3796,0,0,3798,T
5-NP,1023,3792,2,3,2,3799,A
5-NP,1024,3792,0,3,0,3795,A
5-NP,1025,2,10,3788,0,3800,G
5-NP,1026,3782,0,9,0,3791,A
5-NP,1027,0,3791,0,0,3791,T
5-NP,1028,1,3715,0,0,3716,T
5-NP,1029,1,0,3741,0,3742,G
5-NP,1030,0,3731,0,7,3738,T
5-NP,1031,1,3734,0,3,3738,T
5-NP,1032,3734,0,1,0,3735,A
5-NP,1033,3740,0,1,0,3741,A
5-NP,1034,2,1,3750,0,3753,G
5-NP,1035,0,0,0,3752,3752,C
5-NP,1036,1,3658,0,6,3665,T
5-NP,1037,2,3661,0,6,3669,T
5-NP,1038,7,0,0,3652,3659,C
5-NP,1039,3659,0,4,0,3663,A
5-NP,1040,1,3654,0,2,3657,T
5-NP,1041,4,0,0,3662,3666,C
5-NP,1042,3606,0,3,2,3611,A
5-NP,1043,1,3,3604,0,3608,G
5-NP,1044,3562,0,8,0,3570,A
5-NP,1045,1,2,3568,0,3571,G
5-NP,1046,2,3,3570,0,3575,G
5-NP,1047,1,7,3556,3,3567,G
5-NP,1048,3567,0,7,0,3574,A
5-NP,1049,0,1,0,3572,3573,C
5-NP,1050,3571,1,1,0,3573,A
5-NP,1051,3580,0,1,0,3581,A
5-NP,1052,3573,0,1,0,3574,A
5-NP,1053,3578,0,9,1,3588,A
5-NP,1054,1,1,3598,0,3600,G
5-NP,1055,0,3482,0,2,3484,T
5-NP,1056,3466,0,0,0,3466,A
5-NP,1057,1,3437,1,8,3447,T
5-NP,1058,9,0,0,3441,3450,C
5-NP,1059,1,3421,0,4,3426,T
5-NP,1060,6,1,0,3449,3456,C
5-NP,1061,4,0,0,3407,3411,C
5-NP,1062,2,3380,0,1,3383,T
5-NP,1063,5,3,0,3357,3365,C
5-NP,1064,2,5,3356,0,3363,G
5-NP,1065,1,1,3376,0,3378,G
5-NP,1066,1,5,3373,0,3379,G
5-NP,1067,1,3,3360,1,3365,G
5-NP,1068,4,8,3351,0,3363,G
5-NP,1069,3300,0,0,0,3300,A
5-NP,1070,3299,3,2,0,3304,A
5-NP,1071,3302,0,4,1,3307,A
5-NP,1072,1,0,0,3321,3322,C
5-NP,1073,1,3297,1,0,3299,T
5-NP,1074,0,0,3324,0,3324,G
5-NP,1075,0,3291,0,6,3297,T
5-NP,1076,18,0,1,3279,3298,C
5-NP,1077,3331,1,6,0,3338,A
5-NP,1078,3338,0,4,0,3342,A
5-NP,1079,1,0,0,3346,3347,C
5-NP,1080,0,3338,0,3,3341,T
5-NP,1081,3271,0,1,0,3272,A
5-NP,1082,5,4,3265,1,3275,G
5-NP,1083,3204,0,4,0,3208,A
5-NP,1084,1,2,3202,0,3205,G
5-NP,1085,0,2,3202,0,3204,G
5-NP,1086,3040,0,6,1,3047,A
5-NP,1087,0,0,3088,0,3088,G
5-NP,1088,0,3055,0,1,3056,T
5-NP,1089,3056,1,4,0,3061,A
5-NP,1090,4,0,0,3057,3061,C
5-NP,1091,3029,0,0,1,3030,A
5-NP,1092,3032,0,1,0,3033,A
5-NP,1093,2996,0,2,0,2998,A
5-NP,1094,0,2975,0,1,2976,T
5-NP,1095,0,2950,0,0,2950,T
5-NP,1096,0,1,2872,1,2874,G
5-NP,1097,1,2,0,2852,2855,C
5-NP,1098,0,2845,0,2,2847,T
5-NP,1099,1,2838,0,6,2845,T
5-NP,1100,2,0,1,2841,2844,C
5-NP,1101,2844,0,0,0,2844,A
5-NP,1102,2852,0,2,0,2854,A
5-NP,1103,2855,0,0,0,2855,A
5-NP,1104,0,2854,0,2,2856,T
5-NP,1105,1,6,2846,0,2853,G
5-NP,1106,2787,1,5,0,2793,A
5-NP,1107,0,13,2779,1,2793,G
5-NP,1108,2799,0,7,0,2806,A
5-NP,1109,2795,0,1,0,2796,A
5-NP,1110,0,3,0,2792,2795,C
5-NP,1111,2754,0,0,0,2754,A
5-NP,1112,1,2746,0,4,2751,T
5-NP,1113,1,3,2768,0,2772,G
5-NP,1114,1,2,2776,0,2779,G
5-NP,1115,2765,0,2,0,2767,A
5-NP,1116,0,2709,0,2,2711,T
5-NP,1117,2669,0,0,1,2670,A
5-NP,1118,2767,0,1,0,2768,A
5-NP,1119,0,2698,1,0,2699,T
5-NP,1120,2690,0,2,0,2692,A
5-NP,1121,0,2678,1,1,2680,T
5-NP,1122,2,5,2444,1,2452,G
5-NP,1123,0,1,2397,0,2398,G
5-NP,1124,1,8,2376,0,2385,G
5-NP,1125,2377,0,1,0,2378,A
5-NP,1126,1,2372,0,0,2373,T
5-NP,1127,4,0,0,1817,1821,C
5-NP,1128,0,4,1813,0,1817,G
5-NP,1129,1812,0,3,0,1815,A
5-NP,1130,1,2,1816,0,1819,G
5-NP,1131,1,3,1,1808,1813,C
5-NP,1132,1784,0,0,0,1784,A
5-NP,1133,0,0,0,1840,1840,C
5-NP,1134,0,1812,0,2,1814,T
5-NP,1135,6,0,0,1817,1823,C
5-NP,1136,0,1812,0,5,1817,T
5-NP,1137,0,1783,0,0,1783,T
5-NP,1138,0,5,1780,0,1785,G
5-NP,1139,1773,0,3,0,1776,A
5-NP,1140,1778,0,2,0,1780,A
5-NP,1141,0,0,0,1782,1782,C
5-NP,1142,0,1318,0,1,1319,T
5-NP,1143,0,1,1319,0,1320,G
5-NP,1144,1258,0,4,0,1262,A
5-NP,1145,0,1,1260,0,1261,G
5-NP,1146,1264,0,2,0,1266,A
5-NP,1147,1235,0,0,0,1235,A
5-NP,1148,0,0,1236,0,1236,G
5-NP,1149,1,1,0,1177,1179,C
5-NP,1150,0,1,1174,0,1175,G
5-NP,1151,0,2,1170,0,1172,G
5-NP,1152,2,0,1129,0,1131,G
5-NP,1153,0,1121,0,1,1122,T
5-NP,1154,1091,0,0,0,1091,A
5-NP,1155,0,0,0,1090,1090,C
5-NP,1156,0,892,0,0,892,T
5-NP,1157,0,1,882,0,883,G
5-NP,1158,0,2,860,0,862,G
5-NP,1159,0,0,856,0,856,G
5-NP,1160,1,0,0,838,839,C
5-NP,1161,2,0,0,787,789,C
5-NP,1162,804,0,1,0,805,A
5-NP,1163,0,805,0,2,807,T
5-NP,1164,803,0,2,0,805,A
5-NP,1165,805,0,0,0,805,A
5-NP,1166,0,0,799,0,799,G
5-NP,1167,6,1,798,0,805,G
5-NP,1168,789,0,1,0,790,A
5-NP,1169,1,0,0,788,789,C
5-NP,1170,0,0,0,789,789,C
5-NP,1171,785,0,2,0,787,A
5-NP,1172,0,0,803,0,803,G
5-NP,1173,0,1,806,0,807,G
5-NP,1174,804,0,1,1,806,A
5-NP,1175,0,0,812,0,812,G
5-NP,1176,0,774,1,0,775,T
5-NP,1177,0,0,781,0,781,G
5-NP,1178,0,0,789,0,789,G
5-NP,1179,786,0,1,0,787,A
5-NP,1180,0,0,791,0,791,G
5-NP,1181,0,2,774,0,776,G
5-NP,1182,772,0,0,0,772,A
5-NP,1183,771,0,0,0,771,A
5-NP,1184,771,1,0,0,772,A
5-NP,1185,0,0,0,774,774,C
5-NP,1186,776,0,0,0,776,A
5-NP,1187,0,0,0,793,793,C
5-NP,1188,0,784,0,1,785,T
5-NP,1189,804,0,0,0,804,A
5-NP,1190,801,0,1,0,802,A
5-NP,1191,0,796,0,0,796,T
5-NP,1192,4,0,0,803,807,C
5-NP,1193,800,0,0,0,800,A
5-NP,1194,807,0,2,0,809,A
5-NP,1195,0,0,0,815,815,C
5-NP,1196,802,0,0,0,802,A
5-NP,1197,0,0,803,0,803,G
5-NP,1198,770,0,4,0,774,A
5-NP,1199,0,0,778,1,779,G
5-NP,1200,0,0,777,0,777,G
5-NP,1201,0,0,767,0,767,G
5-NP,1202,0,0,0,767,767,C
5-NP,1203,1,0,0,760,761,C
5-NP,1204,0,752,0,0,752,T
5-NP,1205,1,0,0,759,760,C
5-NP,1206,0,0,0,757,757,C
5-NP,1207,0,0,761,0,761,G
5-NP,1208,1,1,0,757,759,C
5-NP,1209,755,0,1,0,756,A
5-NP,1210,0,0,778,0,778,G
5-NP,1211,1,0,778,0,779,G
5-NP,1212,0,0,0,777,777,C
5-NP,1213,1,1,0,780,782,C
5-NP,1214,778,0,0,0,778,A
5-NP,1215,783,0,0,0,783,A
5-NP,1216,782,0,0,0,782,A
5-NP,1217,0,1,0,791,792,C
5-NP,1218,0,0,0,793,793,C
5-NP,1219,748,0,0,0,748,A
5-NP,1220,0,0,751,0,751,G
5-NP,1221,0,743,0,1,744,T
5-NP,1222,0,0,756,0,756,G
5-NP,1223,0,750,0,0,750,T
5-NP,1224,0,2,747,0,749,G
5-NP,1225,0,0,0,749,749,C
5-NP,1226,738,0,0,0,738,A
5-NP,1227,0,0,727,0,727,G
5-NP,1228,1,0,0,748,749,C
5-NP,1229,1,0,0,750,751,C
5-NP,1230,0,753,0,2,755,T
5-NP,1231,757,0,0,0,757,A
5-NP,1232,0,1,0,756,757,C
5-NP,1233,0,1,756,0,757,G
5-NP,1234,0,755,0,0,755,T
5-NP,1235,0,751,0,0,751,T
5-NP,1236,0,742,0,0,742,T
5-NP,1237,0,734,0,0,734,T
5-NP,1238,2,1,0,731,734,C
5-NP,1239,1,721,1,0,723,T
5-NP,1240,0,0,739,0,739,G
5-NP,1241,0,737,0,0,737,T
5-NP,1242,737,0,0,1,738,A
5-NP,1243,0,0,0,745,745,C
5-NP,1244,740,0,0,0,740,A
5-NP,1245,738,0,0,0,738,A
5-NP,1246,737,1,0,0,738,A
5-NP,1247,0,2,741,0,743,G
5-NP,1248,739,0,0,0,739,A
5-NP,1249,711,0,3,0,714,A
5-NP,1250,721,0,1,1,723,A
5-NP,1251,0,0,0,721,721,C
5-NP,1252,1,0,0,713,714,C
5-NP,1253,0,711,0,0,711,T
5-NP,1254,2,0,0,714,716,C
5-NP,1255,0,0,0,715,715,C
5-NP,1256,1,0,0,711,712,C
5-NP,1257,708,0,1,0,709,A
5-NP,1258,0,710,0,0,710,T
5-NP,1259,0,715,0,0,715,T
5-NP,1260,0,709,0,1,710,T
5-NP,1261,0,2,708,0,710,G
5-NP,1262,709,0,0,0,709,A
5-NP,1263,709,0,0,0,709,A
5-NP,1264,705,0,0,0,705,A
5-NP,1265,709,0,1,0,710,A
5-NP,1266,0,0,718,0,718,G
5-NP,1267,0,709,0,0,709,T
5-NP,1268,2,0,0,708,710,C
5-NP,1269,710,0,1,0,711,A
5-NP,1270,715,1,0,0,716,A
5-NP,1271,0,0,0,715,715,C
5-NP,1272,2,1,0,721,724,C
5-NP,1273,722,0,2,0,724,A
5-NP,1274,0,721,0,1,722,T
5-NP,1275,2,1,0,712,715,C
5-NP,1276,710,0,2,0,712,A
5-NP,1277,0,713,0,1,714,T
5-NP,1278,0,0,719,0,719,G
5-NP,1279,0,0,720,0,720,G
5-NP,1280,0,1,0,720,721,C
5-NP,1281,704,0,0,0,704,A
5-NP,1282,0,0,704,0,704,G
5-NP,1283,0,1,0,697,698,C
5-NP,1284,698,0,0,0,698,A
5-NP,1285,2,686,0,0,688,T
5-NP,1286,0,693,0,0,693,T
5-NP,1287,0,0,0,696,696,C
5-NP,1288,691,0,0,0,691,A
5-NP,1289,0,0,0,695,695,C
5-NP,1290,0,697,0,0,697,T
5-NP,1291,0,0,702,0,702,G
5-NP,1292,1,0,702,0,703,G
5-NP,1293,701,0,0,0,701,A
5-NP,1294,700,0,0,0,700,A
5-NP,1295,702,0,1,0,703,A
5-NP,1296,0,699,0,0,699,T
5-NP,1297,702,0,0,0,702,A
5-NP,1298,1,0,0,691,692,C
5-NP,1299,0,0,686,0,686,G
5-NP,1300,0,0,688,0,688,G
5-NP,1301,668,0,1,0,669,A
5-NP,1302,0,0,681,0,681,G
5-NP,1303,0,0,681,0,681,G
5-NP,1304,1,3,681,0,685,G
5-NP,1305,681,0,3,0,684,A
5-NP,1306,680,0,2,0,682,A
5-NP,1307,0,1,681,0,682,G
5-NP,1308,681,0,1,0,682,A
5-NP,1309,683,0,0,0,683,A
5-NP,1310,0,0,0,685,685,C
5-NP,1311,1,669,0,1,671,T
5-NP,1312,0,680,0,0,680,T
5-NP,1313,0,2,0,676,678,C
5-NP,1314,681,0,0,0,681,A
5-NP,1315,0,2,683,0,685,G
5-NP,1316,681,0,0,0,681,A
5-NP,1317,0,0,0,686,686,C
5-NP,1318,674,0,2,0,676,A
5-NP,1319,0,657,0,2,659,T
5-NP,1320,0,2,656,0,658,G
5-NP,1321,645,0,2,0,647,A
5-NP,1322,0,1,650,0,651,G
5-NP,1323,0,2,655,0,657,G
5-NP,1324,1,0,651,0,652,G
5-NP,1325,0,2,0,650,652,C
5-NP,1326,648,0,2,0,650,A
5-NP,1327,0,0,655,0,655,G
5-NP,1328,652,0,0,0,652,A
5-NP,1329,658,0,0,0,658,A
5-NP,1330,654,0,1,1,656,A
5-NP,1331,0,656,0,2,658,T
5-NP,1332,3,1,0,659,663,C
5-NP,1333,662,0,0,0,662,A
5-NP,1334,0,658,0,0,658,T
5-NP,1335,660,0,0,0,660,A
5-NP,1336,654,0,0,0,654,A
5-NP,1337,0,0,664,0,664,G
5-NP,1338,659,0,0,0,659,A
5-NP,1339,663,0,0,0,663,A
5-NP,1340,0,652,0,0,652,T
5-NP,1341,0,1,653,0,654,G
5-NP,1342,652,0,1,0,653,A
5-NP,1343,0,650,0,0,650,T
5-NP,1344,0,1,653,0,654,G
5-NP,1345,0,1,653,0,654,G
5-NP,1346,637,0,0,0,637,A
5-NP,1347,637,0,0,0,637,A
5-NP,1348,612,0,1,0,613,A
5-NP,1349,0,0,620,0,620,G
5-NP,1350,0,616,0,1,617,T
5-NP,1351,1,0,617,0,618,G
5-NP,1352,0,0,0,615,615,C
5-NP,1353,614,0,1,0,615,A
5-NP,1354,614,0,2,0,616,A
5-NP,1355,616,0,0,0,616,A
5-NP,1356,620,0,0,0,620,A
5-NP,1357,0,0,0,617,617,C
5-NP,1358,1,0,0,616,617,C
5-NP,1359,607,1,0,0,608,A
5-NP,1360,0,1,606,0,607,G
5-NP,1361,605,0,0,0,605,A
5-NP,1362,604,1,1,1,607,A
5-NP,1363,0,0,603,0,603,G
5-NP,1364,598,0,0,0,598,A
5-NP,1365,587,0,0,0,587,A
5-NP,1366,0,0,597,0,597,G
5-NP,1367,0,591,1,1,593,T
5-NP,1368,0,0,593,0,593,G
5-NP,1369,0,585,0,1,586,T
5-NP,1370,3,0,0,584,587,C
5-NP,1371,586,0,0,0,586,A
5-NP,1372,0,588,0,0,588,T
5-NP,1373,0,589,0,0,589,T
5-NP,1374,2,0,1,590,593,C
5-NP,1375,0,1,0,577,578,C
5-NP,1376,1,0,579,0,580,G
5-NP,1377,0,0,580,0,580,G
5-NP,1378,0,0,580,0,580,G
5-NP,1379,0,0,586,0,586,G
5-NP,1380,0,0,583,0,583,G
5-NP,1381,565,0,0,0,565,A
5-NP,1382,1,2,566,0,569,G
5-NP,1383,0,0,565,0,565,G
5-NP,1384,1,0,562,0,563,G
5-NP,1385,1,1,562,1,565,G
5-NP,1386,558,0,0,0,558,A
5-NP,1387,0,0,561,0,561,G
5-NP,1388,0,550,0,1,551,T
5-NP,1389,1,1,0,545,547,C
5-NP,1390,0,550,1,1,552,T
5-NP,1391,0,557,0,0,557,T
5-NP,1392,0,0,0,557,557,C
5-NP,1393,0,0,556,0,556,G
5-NP,1394,556,0,0,0,556,A
5-NP,1395,0,0,560,0,560,G
5-NP,1396,0,0,0,543,543,C
5-NP,1397,0,535,0,0,535,T
5-NP,1398,0,0,0,534,534,C
5-NP,1399,0,536,0,1,537,T
5-NP,1400,1,0,0,536,537,C
5-NP,1401,538,0,0,0,538,A
5-NP,1402,0,0,542,0,542,G
5-NP,1403,540,0,0,0,540,A
5-NP,1404,0,1,0,533,534,C
5-NP,1405,1,0,534,0,535,G
5-NP,1406,531,1,1,0,533,A
5-NP,1407,0,0,532,0,532,G
5-NP,1408,525,0,0,0,525,A
5-NP,1409,522,0,1,0,523,A
5-NP,1410,0,1,523,0,524,G
5-NP,1411,0,0,515,0,515,G
5-NP,1412,0,0,0,513,513,C
5-NP,1413,509,0,2,0,511,A
5-NP,1414,509,0,0,0,509,A
5-NP,1415,0,0,0,511,511,C
5-NP,1416,0,2,509,0,511,G
5-NP,1417,509,0,0,0,509,A
5-NP,1418,511,0,0,0,511,A
5-NP,1419,0,0,0,507,507,C
5-NP,1420,0,0,0,504,504,C
5-NP,1421,1,0,0,501,502,C
5-NP,1422,0,1,503,0,504,G
5-NP,1423,505,0,0,0,505,A
5-NP,1424,0,503,0,0,503,T
5-NP,1425,1,0,0,493,494,C
5-NP,1426,1,0,494,0,495,G
5-NP,1427,0,489,0,0,489,T
5-NP,1428,0,0,493,0,493,G
5-NP,1429,0,0,0,494,494,C
5-NP,1430,2,0,0,489,491,C
5-NP,1431,1,0,0,491,492,C
5-NP,1432,0,484,0,0,484,T
5-NP,1433,0,0,0,490,490,C
5-NP,1434,0,489,0,0,489,T
5-NP,1435,0,489,0,0,489,T
5-NP,1436,0,487,0,1,488,T
5-NP,1437,0,484,0,0,484,T
5-NP,1438,0,1,484,0,485,G
5-NP,1439,483,0,1,0,484,A
5-NP,1440,0,476,0,0,476,T
5-NP,1441,473,0,0,0,473,A
5-NP,1442,0,394,0,0,394,T
5-NP,1443,0,2,398,0,400,G
5-NP,1444,397,0,0,0,397,A
5-NP,1445,1,1,397,0,399,G
5-NP,1446,0,395,0,2,397,T
5-NP,1447,385,0,0,0,385,A
5-NP,1448,384,0,0,1,385,A
5-NP,1449,1,383,0,0,384,T
5-NP,1450,0,0,383,0,383,G
5-NP,1451,383,0,0,0,383,A
5-NP,1452,336,0,0,0,336,A
5-NP,1453,0,0,336,0,336,G
5-NP,1454,0,0,317,0,317,G
5-NP,1455,314,0,0,0,314,A
5-NP,1456,0,314,0,0,314,T
5-NP,1457,1,0,0,307,308,C
5-NP,1458,0,307,0,0,307,T
5-NP,1459,0,307,0,0,307,T
5-NP,1460,307,0,0,0,307,A
5-NP,1461,1,305,0,0,306,T
5-NP,1462,1,298,0,0,299,T
5-NP,1463,0,297,0,0,297,T
5-NP,1464,1,0,0,288,289,C
5-NP,1465,0,273,0,0,273,T
5-NP,1466,0,272,0,1,273,T
5-NP,1467,0,0,0,273,273,C
5-NP,1468,0,1,268,0,269,G
5-NP,1469,0,0,271,0,271,G
5-NP,1470,269,0,2,0,271,A
5-NP,1471,0,0,271,0,271,G
5-NP,1472,269,0,0,0,269,A
5-NP,1473,0,0,0,263,263,C
5-NP,1474,253,0,1,0,254,A
5-NP,1475,254,0,0,0,254,A
5-NP,1476,0,252,0,1,253,T
5-NP,1477,0,1,252,0,253,G
5-NP,1478,0,0,0,253,253,C
5-NP,1479,244,0,0,0,244,A
5-NP,1480,0,0,244,0,244,G
5-NP,1481,243,0,0,0,243,A
5-NP,1482,224,0,0,0,224,A
5-NP,1483,0,0,224,0,224,G
5-NP,1484,163,0,0,0,163,A
5-NP,1485,0,0,163,0,163,G
5-NP,1486,0,138,0,0,138,T
5-NP,1487,136,0,1,0,137,A
5-NP,1488,0,119,0,0,119,T
5-NP,1489,0,0,119,0,119,G
5-NP,1490,119,0,0,0,119,A
5-NP,1491,0,1,0,118,119,C
5-NP,1492,87,0,0,0,87,A
5-NP,1493,86,0,0,0,86,A
5-NP,1494,0,66,0,0,66,T
5-NP,1495,0,65,0,0,65,T
5-NP,1496,63,0,0,0,63,A
5-NP,1497,62,0,0,0,62,A
6-NA,1,62,0,0,0,62,A
6-NA,2,0,62,0,0,62,T
6-NA,3,0,0,63,0,63,G
6-NA,4,63,0,2,0,65,A
6-NA,5,71,0,0,0,71,A
6-NA,6,0,71,0,0,71,T
6-NA,7,0,0,0,72,72,C
6-NA,8,0,0,0,72,72,C
6-NA,9,72,0,0,0,72,A
6-NA,10,75,0,0,0,75,A
6-NA,11,75,0,0,0,75,A
6-NA,12,0,76,0,0,76,T
6-NA,13,1,0,0,75,76,C
6-NA,14,76,0,0,0,76,A
6-NA,15,76,0,0,0,76,A
6-NA,16,76,0,0,0,76,A
6-NA,17,78,0,0,0,78,A
6-NA,18,0,0,84,0,84,G
6-NA,19,91,0,0,0,91,A
6-NA,20,0,93,0,0,93,T
6-NA,21,94,0,0,0,94,A
6-NA,22,95,0,0,0,95,A
6-NA,23,0,96,0,0,96,T
6-NA,24,96,0,0,0,96,A
6-NA,25,97,0,0,0,97,A
6-NA,26,0,0,0,101,101,C
6-NA,27,0,1,101,0,102,G
6-NA,28,103,0,0,0,103,A
6-NA,29,0,103,0,0,103,T
6-NA,30,0,102,0,0,102,T
6-NA,31,0,0,103,0,103,G
6-NA,32,0,0,108,0,108,G
6-NA,33,0,0,0,111,111,C
6-NA,34,0,111,0,0,111,T
6-NA,35,0,0,0,115,115,C
6-NA,36,0,115,0,0,115,T
6-NA,37,0,0,125,0,125,G
6-NA,38,0,125,0,0,125,T
6-NA,39,0,125,0,0,125,T
6-NA,40,0,131,0,0,131,T
6-NA,41,0,0,0,133,133,C
6-NA,42,0,132,0,0,132,T
6-NA,43,0,0,0,134,134,C
6-NA,44,0,134,0,0,134,T
6-NA,45,0,0,0,136,136,C
6-NA,46,135,0,0,0,135,A
6-NA,47,0,0,0,140,140,C
6-NA,48,1,0,0,140,141,C
6-NA,49,140,0,0,0,140,A
6-NA,50,0,142,0,0,142,T
6-NA,51,0,143,0,0,143,T
6-NA,52,0,143,0,1,144,T
6-NA,53,0,0,0,148,148,C
6-NA,54,0,0,0,147,147,C
6-NA,55,149,1,1,0,151,A
6-NA,56,0,0,0,156,156,C
6-NA,57,157,0,0,0,157,A
6-NA,58,171,0,0,0,171,A
6-NA,59,0,170,0,1,171,T
6-NA,60,171,0,0,0,171,A
6-NA,61,0,173,0,0,173,T
6-NA,62,0,0,173,0,173,G
6-NA,63,0,0,0,173,173,C
6-NA,64,0,173,0,0,173,T
6-NA,65,0,178,0,0,178,T
6-NA,66,0,0,0,178,178,C
6-NA,67,0,176,0,0,176,T
6-NA,68,0,175,0,1,176,T
6-NA,69,1,0,0,175,176,C
6-NA,70,176,0,0,0,176,A
6-NA,71,0,176,0,0,176,T
6-NA,72,0,0,176,0,176,G
6-NA,73,0,0,0,176,176,C
6-NA,74,176,0,0,0,176,A
6-NA,75,176,0,0,0,176,A
6-NA,76,175,0,0,0,175,A
6-NA,77,0,179,0,0,179,T
6-NA,78,0,179,0,0,179,T
6-NA,79,0,0,180,0,180,G
6-NA,80,0,0,0,181,181,C
6-NA,81,0,0,0,180,180,C
6-NA,82,186,0,0,0,186,A
6-NA,83,0,189,0,0,189,T
6-NA,84,0,0,0,205,205,C
6-NA,85,0,206,0,0,206,T
6-NA,86,0,204,0,0,204,T
6-NA,87,0,2,211,0,213,G
6-NA,88,212,0,0,0,212,A
6-NA,89,0,214,0,0,214,T
6-NA,90,215,0,0,0,215,A
6-NA,91,215,0,1,0,216,A
6-NA,92,0,0,0,250,250,C
6-NA,93,0,251,0,0,251,T
6-NA,94,251,0,0,0,251,A
6-NA,95,0,0,0,263,263,C
6-NA,96,0,261,0,0,261,T
6-NA,97,0,0,267,0,267,G
6-NA,98,0,268,0,0,268,T
6-NA,99,268,0,0,0,268,A
6-NA,100,268,0,0,0,268,A
6-NA,101,1,0,0,265,266,C
6-NA,102,264,0,0,0,264,A
6-NA,103,0,263,0,0,263,T
6-NA,104,0,258,0,0,258,T
6-NA,105,0,0,260,0,260,G
6-NA,106,0,0,0,259,259,C
6-NA,107,261,0,0,0,261,A
6-NA,108,0,262,0,0,262,T
6-NA,109,0,261,0,0,261,T
6-NA,110,0,261,0,0,261,T
6-NA,111,0,0,0,261,261,C
6-NA,112,261,0,0,0,261,A
6-NA,113,259,0,1,0,260,A
6-NA,114,0,0,258,0,258,G
6-NA,115,0,0,0,261,261,C
6-NA,116,260,0,0,0,260,A
6-NA,117,272,0,0,0,272,A
6-NA,118,0,278,0,0,278,T
6-NA,119,278,0,0,0,278,A
6-NA,120,0,278,0,0,278,T
6-NA,121,0,1,282,0,283,G
6-NA,122,283,0,0,1,284,A
6-NA,123,289,0,1,0,290,A
6-NA,124,0,289,0,0,289,T
6-NA,125,0,290,0,0,290,T
6-NA,126,1,0,0,290,291,C
6-NA,127,288,0,0,0,288,A
6-NA,128,288,0,0,0,288,A
6-NA,129,0,0,0,288,288,C
6-NA,130,1,286,0,0,287,T
6-NA,131,0,0,0,289,289,C
6-NA,132,0,0,0,286,286,C
6-NA,133,1,0,0,297,298,C
6-NA,134,0,0,0,298,298,C
6-NA,135,0,0,0,296,296,C
6-NA,136,0,0,0,300,300,C
6-NA,137,0,0,0,300,300,C
6-NA,138,298,0,0,0,298,A
6-NA,139,301,0,0,0,301,A
6-NA,140,300,0,0,0,300,A
6-NA,141,0,0,0,310,310,C
6-NA,142,308,0,1,0,309,A
6-NA,143,311,1,0,0,312,A
6-NA,144,0,0,0,313,313,C
6-NA,145,0,0,0,311,311,C
6-NA,146,320,0,0,0,320,A
6-NA,147,323,0,0,0,323,A
6-NA,148,0,0,335,0,335,G
6-NA,149,0,337,0,0,337,T
6-NA,150,0,0,335,0,335,G
6-NA,151,347,0,0,0,347,A
6-NA,152,0,346,0,0,346,T
6-NA,153,2,0,346,0,348,G
6-NA,154,0,0,0,348,348,C
6-NA,155,0,345,0,0,345,T
6-NA,156,0,1,361,0,362,G
6-NA,157,0,359,0,0,359,T
6-NA,158,0,0,359,0,359,G
6-NA,159,0,359,0,0,359,T
6-NA,160,0,0,355,0,355,G
6-NA,161,355,0,0,0,355,A
6-NA,162,358,0,1,0,359,A
6-NA,163,0,0,0,359,359,C
6-NA,164,0,0,0,359,359,C
6-NA,165,354,0,0,0,354,A
6-NA,166,356,0,0,0,356,A
6-NA,167,0,1,0,366,367,C
6-NA,168,365,0,0,0,365,A
6-NA,169,370,0,0,0,370,A
6-NA,170,0,368,0,0,368,T
6-NA,171,371,0,0,0,371,A
6-NA,172,372,0,0,0,372,A
6-NA,173,0,372,0,0,372,T
6-NA,174,369,0,0,0,369,A
6-NA,175,0,0,372,0,372,G
6-NA,176,367,0,0,0,367,A
6-NA,177,366,0,0,0,366,A
6-NA,178,363,0,0,0,363,A
6-NA,179,0,0,368,0,368,G
6-NA,180,378,0,0,0,378,A
6-NA,181,379,0,0,0,379,A
6-NA,182,394,0,0,0,394,A
6-NA,183,0,0,0,398,398,C
6-NA,184,394,0,0,0,394,A
6-NA,185,0,396,0,0,396,T
6-NA,186,400,0,1,0,401,A
6-NA,187,405,0,1,0,406,A
6-NA,188,0,0,0,415,415,C
6-NA,189,412,0,0,0,412,A
6-NA,190,0,2,427,0,429,G
6-NA,191,422,0,0,0,422,A
6-NA,192,0,1,422,0,423,G
6-NA,193,421,0,1,0,422,A
6-NA,194,0,437,0,1,438,T
6-NA,195,436,0,0,0,436,A
6-NA,196,0,0,444,0,444,G
6-NA,197,0,439,0,2,441,T
6-NA,198,0,0,454,0,454,G
6-NA,199,0,457,0,0,457,T
6-NA,200,455,0,0,0,455,A
6-NA,201,0,455,0,2,457,T
6-NA,202,0,0,0,456,456,C
6-NA,203,0,449,0,1,450,T
6-NA,204,0,0,460,0,460,G
6-NA,205,461,0,0,0,461,A
6-NA,206,0,0,0,463,463,C
6-NA,207,2,0,1,453,456,C
6-NA,208,453,0,0,0,453,A
6-NA,209,455,0,0,0,455,A
6-NA,210,0,0,0,460,460,C
6-NA,211,463,0,0,0,463,A
6-NA,212,0,0,0,473,473,C
6-NA,213,1,0,0,470,471,C
6-NA,214,482,0,0,0,482,A
6-NA,215,0,0,0,492,492,C
6-NA,216,1,0,0,494,495,C
6-NA,217,495,0,2,0,497,A
6-NA,218,0,497,0,0,497,T
6-NA,219,494,0,0,0,494,A
6-NA,220,0,0,496,0,496,G
6-NA,221,495,0,0,0,495,A
6-NA,222,0,0,501,0,501,G
6-NA,223,498,0,0,0,498,A
6-NA,224,491,0,1,0,492,A
6-NA,225,0,1,493,0,494,G
6-NA,226,0,1,491,0,492,G
6-NA,227,496,1,0,0,497,A
6-NA,228,496,0,0,0,496,A
6-NA,229,492,1,1,0,494,A
6-NA,230,0,492,0,0,492,T
6-NA,231,488,0,0,0,488,A
6-NA,232,0,484,0,0,484,T
6-NA,233,0,0,485,0,485,G
6-NA,234,1,0,0,485,486,C
6-NA,235,1,0,0,476,477,C
6-NA,236,1,0,0,481,482,C
6-NA,237,1,0,0,483,484,C
6-NA,238,484,0,0,0,484,A
6-NA,239,497,0,0,0,497,A
6-NA,240,498,0,0,0,498,A
6-NA,241,0,0,0,497,497,C
6-NA,242,0,494,0,1,495,T
6-NA,243,493,0,1,0,494,A
6-NA,244,0,0,500,0,500,G
6-NA,245,0,0,0,499,499,C
6-NA,246,500,0,0,0,500,A
6-NA,247,0,0,508,0,508,G
6-NA,248,499,0,0,0,499,A
6-NA,249,515,0,0,0,515,A
6-NA,250,0,518,0,0,518,T
6-NA,251,517,0,0,0,517,A
6-NA,252,0,1,0,518,519,C
6-NA,253,513,0,0,0,513,A
6-NA,254,0,1,513,0,514,G
6-NA,255,516,0,0,0,516,A
6-NA,256,511,0,0,0,511,A
6-NA,257,511,1,0,0,512,A
6-NA,258,0,499,0,1,500,T
6-NA,259,0,501,0,0,501,T
6-NA,260,0,2,498,0,500,G
6-NA,261,0,0,501,0,501,G
6-NA,262,0,500,0,0,500,T
6-NA,263,1,0,0,498,499,C
6-NA,264,499,0,0,0,499,A
6-NA,265,498,0,0,0,498,A
6-NA,266,499,0,0,0,499,A
6-NA,267,0,0,503,0,503,G
6-NA,268,0,0,0,505,505,C
6-NA,269,0,0,0,501,501,C
6-NA,270,0,0,504,0,504,G
6-NA,271,0,1,0,510,511,C
6-NA,272,509,0,0,0,509,A
6-NA,273,516,0,0,0,516,A
6-NA,274,0,516,0,0,516,T
6-NA,275,0,0,516,0,516,G
6-NA,276,0,521,0,0,521,T
6-NA,277,0,2,519,0,521,G
6-NA,278,534,0,0,0,534,A
6-NA,279,2,0,0,537,539,C
6-NA,280,549,1,0,0,550,A
6-NA,281,0,557,0,0,557,T
6-NA,282,0,556,0,0,556,T
6-NA,283,556,0,0,0,556,A
6-NA,284,1,0,0,553,554,C
6-NA,285,553,0,0,0,553,A
6-NA,286,0,0,550,1,551,G
6-NA,287,0,3,535,0,538,G
6-NA,288,0,0,519,0,519,G
6-NA,289,0,535,0,0,535,T
6-NA,290,0,534,0,0,534,T
6-NA,291,0,536,0,0,536,T
6-NA,292,0,0,535,0,535,G
6-NA,293,0,0,0,532,532,C
6-NA,294,535,0,2,0,537,A
6-NA,295,0,1,0,538,539,C
6-NA,296,1,0,0,531,532,C
6-NA,297,0,527,0,0,527,T
6-NA,298,0,525,0,2,527,T
6-NA,299,1,530,0,0,531,T
6-NA,300,0,527,0,0,527,T
6-NA,301,0,537,0,0,537,T
6-NA,302,0,0,0,536,536,C
6-NA,303,0,536,0,0,536,T
6-NA,304,535,0,0,0,535,A
6-NA,305,533,1,0,0,534,A
6-NA,306,0,1,540,0,541,G
6-NA,307,0,1,540,0,541,G
6-NA,308,538,0,0,0,538,A
6-NA,309,0,0,0,541,541,C
6-NA,310,530,0,1,0,531,A
6-NA,311,533,0,0,0,533,A
6-NA,312,0,532,0,0,532,T
6-NA,313,0,532,0,0,532,T
6-NA,314,1,0,0,541,542,C
6-NA,315,0,1,545,0,546,G
6-NA,316,544,0,0,0,544,A
6-NA,317,0,541,0,0,541,T
6-NA,318,0,541,0,0,541,T
6-NA,319,542,0,0,0,542,A
6-NA,320,0,1,542,0,543,G
6-NA,321,0,0,546,0,546,G
6-NA,322,0,0,0,542,542,C
6-NA,323,0,536,0,1,537,T
6-NA,324,0,538,0,1,539,T
6-NA,325,0,538,0,0,538,T
6-NA,326,0,0,0,540,540,C
6-NA,327,0,0,0,544,544,C
6-NA,328,1,0,542,0,543,G
6-NA,329,0,0,0,552,552,C
6-NA,330,0,547,0,0,547,T
6-NA,331,0,0,559,0,559,G
6-NA,332,0,0,557,0,557,G
6-NA,333,0,558,0,0,558,T
6-NA,334,0,1,555,0,556,G
6-NA,335,0,2,553,0,555,G
6-NA,336,0,2,556,0,558,G
6-NA,337,1,2,555,0,558,G
6-NA,338,559,0,0,0,559,A
6-NA,339,1,0,0,561,562,C
6-NA,340,553,0,1,0,554,A
6-NA,341,0,550,0,0,550,T
6-NA,342,1,0,0,552,553,C
6-NA,343,0,552,0,2,554,T
6-NA,344,0,1,553,0,554,G
6-NA,345,0,1,551,0,552,G
6-NA,346,0,0,552,0,552,G
6-NA,347,0,555,0,0,555,T
6-NA,348,0,5,544,0,549,G
6-NA,349,549,0,0,0,549,A
6-NA,350,1,0,0,565,566,C
6-NA,351,568,0,0,0,568,A
6-NA,352,611,2,0,0,613,A
6-NA,353,0,2,625,0,627,G
6-NA,354,625,0,2,0,627,A
6-NA,355,0,1,663,0,664,G
6-NA,356,701,0,3,0,704,A
6-NA,357,803,0,0,0,803,A
6-NA,358,1,1,0,1185,1187,C
6-NA,359,0,0,0,1324,1324,C
6-NA,360,0,1328,0,2,1330,T
6-NA,361,0,1348,0,2,1350,T
6-NA,362,1352,0,0,0,1352,A
6-NA,363,1,1355,0,1,1357,T
6-NA,364,1,0,1477,0,1478,G
6-NA,365,0,1490,0,0,1490,T
6-NA,366,0,0,1557,0,1557,G
6-NA,367,0,1539,0,2,1541,T
6-NA,368,0,1,0,1538,1539,C
6-NA,369,1552,5,2,14,1573,A
6-NA,370,0,1575,0,1,1576,T
6-NA,371,0,0,1568,0,1568,G
6-NA,372,1,1,0,1572,1574,C
6-NA,373,0,6,1570,0,1576,G
6-NA,374,1900,0,1,0,1901,A
6-NA,375,1,1912,0,2,1915,T
6-NA,376,2,0,0,1967,1969,C
6-NA,377,3,0,1,1978,1982,C
6-NA,378,0,2045,0,4,2049,T
6-NA,379,4,9,2074,0,2087,G
6-NA,380,2089,0,3,0,2092,A
6-NA,381,1,1,0,2093,2095,C
6-NA,382,2096,1,0,0,2097,A
6-NA,383,2088,1,0,0,2089,A
6-NA,384,0,1,2226,1,2228,G
6-NA,385,1,2225,0,0,2226,T
6-NA,386,0,0,2268,0,2268,G
6-NA,387,0,2266,0,3,2269,T
6-NA,388,0,2266,1,4,2271,T
6-NA,389,2268,0,2,0,2270,A
6-NA,390,0,2271,0,1,2272,T
6-NA,391,1,1,0,2313,2315,C
6-NA,392,2318,0,0,1,2319,A
6-NA,393,2309,0,3,0,2312,A
6-NA,394,0,2303,0,2,2305,T
6-NA,395,0,2299,0,2,2301,T
6-NA,396,0,2304,0,2,2306,T
6-NA,397,1,0,2320,0,2321,G
6-NA,398,1,0,0,2512,2513,C
6-NA,399,2,2,1,2507,2512,C
6-NA,400,4,3,0,2519,2526,C
6-NA,401,0,2520,0,2,2522,T
6-NA,402,0,2525,0,3,2528,T
6-NA,403,5,3,2578,0,2586,G
6-NA,404,0,7,2585,0,2592,G
6-NA,405,2608,2,2,0,2612,A
6-NA,406,2,1,0,2614,2617,C
6-NA,407,2585,1,6,0,2592,A
6-NA,408,0,1,2676,0,2677,G
6-NA,409,1,4,2668,1,2674,G
6-NA,410,1,9,2788,0,2798,G
6-NA,411,2792,0,5,2,2799,A
6-NA,412,2787,2,10,0,2799,A
6-NA,413,0,1,0,2803,2804,C
6-NA,414,2785,0,3,0,2788,A
6-NA,415,3177,0,2,0,3179,A
6-NA,416,1,0,0,3193,3194,C
6-NA,417,3180,3,1,0,3184,A
6-NA,418,0,0,0,3208,3208,C
6-NA,419,0,3174,1,3,3178,T
6-NA,420,3224,0,1,0,3225,A
6-NA,421,3215,0,4,1,3220,A
6-NA,422,3242,0,7,0,3249,A
6-NA,423,0,2,0,3252,3254,C
6-NA,424,3143,1,1,2,3147,A
6-NA,425,3210,1,0,0,3211,A
6-NA,426,0,0,0,3225,3225,C
6-NA,427,3,1,3222,0,3226,G
6-NA,428,0,3225,0,1,3226,T
6-NA,429,3192,1,4,0,3197,A
6-NA,430,1,0,1,3267,3269,C
6-NA,431,3264,2,2,0,3268,A
6-NA,432,0,3287,0,3,3290,T
6-NA,433,1,3291,0,3,3295,T
6-NA,434,8,0,2,3481,3491,C
6-NA,435,3621,0,1,0,3622,A
6-NA,436,3643,1,4,0,3648,A
6-NA,437,3641,0,0,3,3644,A
6-NA,438,1,3652,0,1,3654,T
6-NA,439,3620,0,5,0,3625,A
6-NA,440,3768,1,5,0,3774,A
6-NA,441,0,0,0,3799,3799,C
6-NA,442,3793,3,2,1,3799,A
6-NA,443,1,3,0,3852,3856,C
6-NA,444,3776,0,3,0,3779,A
6-NA,445,3,0,4612,0,4615,G
6-NA,446,0,4603,0,3,4606,T
6-NA,447,4714,0,3,0,4717,A
6-NA,448,0,2,0,4733,4735,C
6-NA,449,4,0,4718,0,4722,G
6-NA,450,0,4946,0,4,4950,T
6-NA,451,5,21,4942,1,4969,G
6-NA,452,5004,0,1,0,5005,A
6-NA,453,0,5020,1,2,5023,T
6-NA,454,4785,1,6,0,4792,A
6-NA,455,1,4,4782,0,4787,G
6-NA,456,13,6,4761,1,4781,G
6-NA,457,4782,1,4,0,4787,A
6-NA,458,4,3,0,4881,4888,C
6-NA,459,3,0,1,4864,4868,C
6-NA,460,2,3,0,4923,4928,C
6-NA,461,1,1,0,4935,4937,C
6-NA,462,1,4979,0,3,4983,T
6-NA,463,0,5047,0,3,5050,T
6-NA,464,5068,1,0,3,5072,A
6-NA,465,0,5077,0,2,5079,T
6-NA,466,5,6,0,5055,5066,C
6-NA,467,7,5,5034,1,5047,G
6-NA,468,3,10,5038,0,5051,G
6-NA,469,5048,2,4,0,5054,A
6-NA,470,2,3,0,5091,5096,C
6-NA,471,3,3,0,5068,5074,C
6-NA,472,2,1,0,5353,5356,C
6-NA,473,2,5353,0,4,5359,T
6-NA,474,5448,1,2,1,5452,A
6-NA,475,3,5459,0,1,5463,T
6-NA,476,1,5457,0,1,5459,T
6-NA,477,0,10,5462,0,5472,G
6-NA,478,5482,1,5,0,5488,A
6-NA,479,0,5468,0,5,5473,T
6-NA,480,1,16,5462,0,5479,G
6-NA,481,5350,1,3,0,5354,A
6-NA,482,5359,3,4,3,5369,A
6-NA,483,0,5357,0,1,5358,T
6-NA,484,6,13,5429,0,5448,G
6-NA,485,5519,4,5,2,5530,A
6-NA,486,2,2,5579,1,5584,G
6-NA,487,1,5567,0,5,5573,T
6-NA,488,0,5576,0,1,5577,T
6-NA,489,5592,1,2,0,5595,A
6-NA,490,1,4,5604,0,5609,G
6-NA,491,0,5,5614,0,5619,G
6-NA,492,2,5595,0,9,5606,T
6-NA,493,1,1,5595,0,5597,G
6-NA,494,0,5538,0,9,5547,T
6-NA,495,0,5523,0,7,5530,T
6-NA,496,9,0,0,5582,5591,C
6-NA,497,8,2,0,5621,5631,C
6-NA,498,0,5620,0,8,5628,T
6-NA,499,1,5635,0,7,5643,T
6-NA,500,1,5623,1,7,5632,T
6-NA,501,1,5625,0,6,5632,T
6-NA,502,14,4,0,5636,5654,C
6-NA,503,5642,3,2,0,5647,A
6-NA,504,0,5790,0,4,5794,T
6-NA,505,5,1,0,5786,5792,C
6-NA,506,1,5734,0,5,5740,T
6-NA,507,1,5,5727,1,5734,G
6-NA,508,1,7,5693,0,5701,G
6-NA,509,2,4,5702,0,5708,G
6-NA,510,0,8,5769,0,5777,G
6-NA,511,5765,2,8,0,5775,A
6-NA,512,0,7,0,5832,5839,C
6-NA,513,9,0,0,5772,5781,C
6-NA,514,5836,0,16,1,5853,A
6-NA,515,5856,2,8,1,5867,A
6-NA,516,0,0,5875,1,5876,G
6-NA,517,2,3,1,5892,5898,C
6-NA,518,5878,2,6,0,5886,A
6-NA,519,5946,1,10,0,5957,A
6-NA,520,10,1,5981,0,5992,G
6-NA,521,1,5949,0,3,5953,T
6-NA,522,4,0,6145,0,6149,G
6-NA,523,3,6097,0,13,6113,T
6-NA,524,9,2,6293,0,6304,G
6-NA,525,3,5,0,6305,6313,C
6-NA,526,6286,0,2,1,6289,A
6-NA,527,1,6356,0,3,6360,T
6-NA,528,6265,0,5,2,6272,A
6-NA,529,3,0,6473,1,6477,G
6-NA,530,2,5,0,6451,6458,C
6-NA,531,6333,2,7,0,6342,A
6-NA,532,1,6334,0,3,6338,T
6-NA,533,4,10,6187,1,6202,G
6-NA,534,5,1,6550,0,6556,G
6-NA,535,1,6545,0,12,6558,T
6-NA,536,12,0,2,6515,6529,C
6-NA,537,7,3,0,6554,6564,C
6-NA,538,6512,0,5,0,6517,A
6-NA,539,1,1,6694,0,6696,G
6-NA,540,0,2,0,6699,6701,C
6-NA,541,0,6685,0,9,6694,T
6-NA,542,13,1,0,6700,6714,C
6-NA,543,6601,2,2,0,6605,A
6-NA,544,6670,0,5,0,6675,A
6-NA,545,0,3,6684,0,6687,G
6-NA,546,0,6720,1,3,6724,T
6-NA,547,0,6702,0,6,6708,T
6-NA,548,2,2,6693,0,6697,G
6-NA,549,0,6689,0,8,6697,T
6-NA,550,22,1,2,6648,6673,C
6-NA,551,6685,1,6,1,6693,A
6-NA,552,0,5,0,6734,6739,C
6-NA,553,3,10,6707,1,6721,G
6-NA,554,6795,0,14,0,6809,A
6-NA,555,1,6820,1,2,6824,T
6-NA,556,1,8,6897,2,6908,G
6-NA,557,2,11,6933,0,6946,G
6-NA,558,6923,4,12,0,6939,A
6-NA,559,6932,0,6,1,6939,A
6-NA,560,6997,0,8,1,7006,A
6-NA,561,6985,3,11,0,6999,A
6-NA,562,2,0,7053,0,7055,G
6-NA,563,3,2,0,7032,7037,C
6-NA,564,7002,1,6,0,7009,A
6-NA,565,1,6989,0,3,6993,T
6-NA,566,0,5,7057,0,7062,G
6-NA,567,2,2,7072,0,7076,G
6-NA,568,3,3,0,7126,7132,C
6-NA,569,3,7111,0,4,7118,T
6-NA,570,5,1,7157,1,7164,G
6-NA,571,1,1,0,7133,7135,C
6-NA,572,7155,0,4,0,7159,A
6-NA,573,1,7390,0,3,7394,T
6-NA,574,7,0,7412,0,7419,G
6-NA,575,0,7437,1,7,7445,T
6-NA,576,0,7562,3,15,7580,T
6-NA,577,0,7572,0,12,7584,T
6-NA,578,4,1,7974,0,7979,G
6-NA,579,1,7958,1,8,7968,T
6-NA,580,7981,2,6,0,7989,A
6-NA,581,2,8010,1,5,8018,T
6-NA,582,7864,1,5,0,7870,A
6-NA,583,7894,1,8,0,7903,A
6-NA,584,2,2,0,7854,7858,C
6-NA,585,5,5,7791,0,7801,G
6-NA,586,0,4,7819,0,7823,G
6-NA,587,1,9,7677,0,7687,G
6-NA,588,4,6,7709,1,7720,G
6-NA,589,1,10,7733,0,7744,G
6-NA,590,7704,1,14,0,7719,A
6-NA,591,0,7743,0,1,7744,T
6-NA,592,5,23,7741,1,7770,G
6-NA,593,7812,2,8,0,7822,A
6-NA,594,2,7836,0,11,7849,T
6-NA,595,7814,0,6,0,7820,A
6-NA,596,7963,2,2,2,7969,A
6-NA,597,7964,0,7,1,7972,A
6-NA,598,7994,0,1,0,7995,A
6-NA,599,8015,1,11,0,8027,A
6-NA,600,2,8018,0,1,8021,T
6-NA,601,1,5,8008,1,8015,G
6-NA,602,3,4,0,8019,8026,C
6-NA,603,8005,2,7,0,8014,A
6-NA,604,8025,1,6,0,8032,A
6-NA,605,0,2,1,8090,8093,C
6-NA,606,1,8067,0,8,8076,T
6-NA,607,1,1,8088,0,8090,G
6-NA,608,4,1,0,8075,8080,C
6-NA,609,1,8077,0,1,8079,T
6-NA,610,8081,0,7,0,8088,A
6-NA,611,1,1,8095,1,8098,G
6-NA,612,2,0,0,8172,8174,C
6-NA,613,1,8151,0,16,8168,T
6-NA,614,0,8149,0,6,8155,T
6-NA,615,26,1,0,8198,8225,C
6-NA,616,8271,0,6,0,8277,A
6-NA,617,0,8266,2,2,8270,T
6-NA,618,0,8279,4,2,8285,T
6-NA,619,0,8327,3,3,8333,T
6-NA,620,8348,2,4,0,8354,A
6-NA,621,3,5,0,8426,8434,C
6-NA,622,8374,1,5,1,8381,A
6-NA,623,8434,2,13,2,8451,A
6-NA,624,0,8397,2,3,8402,T
6-NA,625,2,9,8362,0,8373,G
6-NA,626,1,7,8372,0,8380,G
6-NA,627,10,10,8344,0,8364,G
6-NA,628,8324,2,19,1,8346,A
6-NA,629,1,5,8537,0,8543,G
6-NA,630,6,3,8614,0,8623,G
6-NA,631,0,0,0,9168,9168,C
6-NA,632,2,9142,1,15,9160,T
6-NA,633,0,9256,1,5,9262,T
6-NA,634,4,1,9342,0,9347,G
6-NA,635,0,9350,2,6,9358,T
6-NA,636,9487,3,14,1,9505,A
6-NA,637,2,10,9518,0,9530,G
6-NA,638,9355,2,13,0,9370,A
6-NA,639,0,9377,3,4,9384,T
6-NA,640,8754,0,1,1,8756,A
6-NA,641,1,3,8765,0,8769,G
6-NA,642,0,8668,1,7,8676,T
6-NA,643,5,11,8521,1,8538,G
6-NA,644,2,8903,0,4,8909,T
6-NA,645,2,8902,0,8,8912,T
6-NA,646,0,0,9043,0,9043,G
6-NA,647,2,9004,1,19,9026,T
6-NA,648,37,8990,2,9,9038,T
6-NA,649,0,9031,1,12,9044,T
6-NA,650,26,7,1,8889,8923,C
6-NA,651,8879,3,21,3,8906,A
6-NA,652,2,8854,0,9,8865,T
6-NA,653,3,15,8841,0,8859,G
6-NA,654,4,3,9308,0,9315,G
6-NA,655,3,9231,1,15,9250,T
6-NA,656,21,1,0,9188,9210,C
6-NA,657,13,1,2,9209,9225,C
6-NA,658,9278,2,3,0,9283,A
6-NA,659,9321,1,16,2,9340,A
6-NA,660,9321,1,12,0,9334,A
6-NA,661,0,16,9379,0,9395,G
6-NA,662,9312,2,45,0,9359,A
6-NA,663,9061,0,20,0,9081,A
6-NA,664,9086,1,5,0,9092,A
6-NA,665,0,9081,2,2,9085,T
6-NA,666,21,3,0,9310,9334,C
6-NA,667,8,2,0,9325,9335,C
6-NA,668,2,9291,1,8,9302,T
6-NA,669,8,1,1,9300,9310,C
6-NA,670,9273,2,16,1,9292,A
6-NA,671,1,2,9365,0,9368,G
6-NA,672,3,13,9341,0,9357,G
6-NA,673,9554,0,15,0,9569,A
6-NA,674,5,2,0,9560,9567,C
6-NA,675,6,3,2,9417,9428,C
6-NA,676,7,5,1,9427,9440,C
6-NA,677,9448,1,6,1,9456,A
6-NA,678,2,4,9469,0,9475,G
6-NA,679,0,7,9496,0,9503,G
6-NA,680,9452,2,8,0,9462,A
6-NA,681,1,0,9559,0,9560,G
6-NA,682,2,9409,0,11,9422,T
6-NA,683,19,4,2,9408,9433,C
6-NA,684,9411,4,12,0,9427,A
6-NA,685,4,16,9464,1,9485,G
6-NA,686,9450,2,14,0,9466,A
6-NA,687,9461,0,4,2,9467,A
6-NA,688,1,9424,0,1,9426,T
6-NA,689,2,1,9457,0,9460,G
6-NA,690,3,6,0,9437,9446,C
6-NA,691,5,0,9497,0,9502,G
6-NA,692,2,9432,2,20,9456,T
6-NA,693,3,9447,0,10,9460,T
6-NA,694,4,9389,1,6,9400,T
6-NA,695,9,4,9479,0,9492,G
6-NA,696,0,9522,2,14,9538,T
6-NA,697,9534,2,7,0,9543,A
6-NA,698,3,9492,1,13,9509,T
6-NA,699,20,1,0,9486,9507,C
6-NA,700,9468,1,6,0,9475,A
6-NA,701,9479,1,1,1,9482,A
6-NA,702,1,9477,1,5,9484,T
6-NA,703,3,9,9460,1,9473,G
6-NA,704,2,20,9460,2,9484,G
6-NA,705,9618,1,7,0,9626,A
6-NA,706,9618,3,9,1,9631,A
6-NA,707,2,6,0,9707,9715,C
6-NA,708,0,9728,1,17,9746,T
6-NA,709,2,9729,0,2,9733,T
6-NA,710,2,2,10018,2,10024,G
6-NA,711,5,10015,0,5,10025,T
6-NA,712,10011,3,9,0,10023,A
6-NA,713,3,4,0,10157,10164,C
6-NA,714,9910,0,8,1,9919,A
6-NA,715,5,2,10612,0,10619,G
6-NA,716,1,10542,1,12,10556,T
6-NA,717,10979,0,12,0,10991,A
6-NA,718,1,1,11030,1,11033,G
6-NA,719,1,10826,2,2,10831,T
6-NA,720,10825,1,5,1,10832,A
6-NA,721,10829,2,3,0,10834,A
6-NA,722,2,10763,0,0,10765,T
6-NA,723,9,40,10766,1,10816,G
6-NA,724,10564,3,8,0,10575,A
6-NA,725,1,10,0,10655,10666,C
6-NA,726,0,10353,1,2,10356,T
6-NA,727,0,15,10389,0,10404,G
6-NA,728,10373,4,16,0,10393,A
6-NA,729,2,10399,0,14,10415,T
6-NA,730,4,19,10408,0,10431,G
6-NA,731,3,5,10356,0,10364,G
6-NA,732,3,15,10368,0,10386,G
6-NA,733,10204,0,11,0,10215,A
6-NA,734,3,4,10220,0,10227,G
6-NA,735,2,10155,1,3,10161,T
6-NA,736,1,1,10233,1,10236,G
6-NA,737,0,0,0,10282,10282,C
6-NA,738,3,10231,1,19,10254,T
6-NA,739,2,10244,0,14,10260,T
6-NA,740,13,1,1,10255,10270,C
6-NA,741,10271,1,16,1,10289,A
6-NA,742,3,6,10321,0,10330,G
6-NA,743,0,18,10310,0,10328,G
6-NA,744,10306,1,9,0,10316,A
6-NA,745,10211,1,9,0,10221,A
6-NA,746,10137,1,5,0,10143,A
6-NA,747,10180,3,15,0,10198,A
6-NA,748,2,0,10243,0,10245,G
6-NA,749,0,2,3,10235,10240,C
6-NA,750,1,10192,0,5,10198,T
6-NA,751,2,28,10162,2,10194,G
6-NA,752,10165,3,10,0,10178,A
6-NA,753,4,10274,1,2,10281,T
6-NA,754,10310,3,12,0,10325,A
6-NA,755,1,4,0,10781,10786,C
6-NA,756,0,10707,1,5,10713,T
6-NA,757,10716,0,6,0,10722,A
6-NA,758,10706,1,7,3,10717,A
6-NA,759,10730,0,6,1,10737,A
6-NA,760,10996,2,10,0,11008,A
6-NA,761,1,11008,0,3,11012,T
6-NA,762,10999,1,4,1,11005,A
6-NA,763,1,0,1,11042,11044,C
6-NA,764,0,10604,0,8,10612,T
6-NA,765,10717,2,4,1,10724,A
6-NA,766,2,10639,0,23,10664,T
6-NA,767,2,11107,0,18,11127,T
6-NA,768,36,2,1,11136,11175,C
6-NA,769,10973,1,3,0,10977,A
6-NA,770,0,10963,2,4,10969,T
6-NA,771,0,10920,0,4,10924,T
6-NA,772,4,6,10955,1,10966,G
6-NA,773,10878,3,12,1,10894,A
6-NA,774,3,7,10857,0,10867,G
6-NA,775,3,9,10837,0,10849,G
6-NA,776,10434,1,13,0,10448,A
6-NA,777,1,8,10588,0,10597,G
6-NA,778,1,6,10585,1,10593,G
6-NA,779,6,12,10569,0,10587,G
6-NA,780,5,29,10579,2,10615,G
6-NA,781,10541,4,13,1,10559,A
6-NA,782,10568,0,20,2,10590,A
6-NA,783,10544,2,11,0,10557,A
6-NA,784,10554,3,17,1,10575,A
6-NA,785,0,10580,0,3,10583,T
6-NA,786,32,10,0,10456,10498,C
6-NA,787,6,6,10588,0,10600,G
6-NA,788,2,10558,0,6,10566,T
6-NA,789,1,10540,1,14,10556,T
6-NA,790,50,2,0,10516,10568,C
6-NA,791,10562,1,5,2,10570,A
6-NA,792,2,11253,0,6,11261,T
6-NA,793,11234,1,11,3,11249,A
6-NA,794,2,5,0,11302,11309,C
6-NA,795,2,11253,0,15,11270,T
6-NA,796,11250,1,14,2,11267,A
6-NA,797,5,7,11269,0,11281,G
6-NA,798,4,5,0,11263,11272,C
6-NA,799,11289,1,11,1,11302,A
6-NA,800,1,5,1,11328,11335,C
6-NA,801,10867,2,5,1,10875,A
6-NA,802,1,11253,1,3,11258,T
6-NA,803,2,11197,0,7,11206,T
6-NA,804,3,1,11854,2,11860,G
6-NA,805,2,11786,1,13,11802,T
6-NA,806,28,5,0,11778,11811,C
6-NA,807,11783,1,13,1,11798,A
6-NA,808,4,17,11808,0,11829,G
6-NA,809,2,15,11833,0,11850,G
6-NA,810,11833,5,2,0,11840,A
6-NA,811,11580,0,48,3,11631,A
6-NA,812,2,1,11782,3,11788,G
6-NA,813,0,11212,0,7,11219,T
6-NA,814,3,2,11284,0,11289,G
6-NA,815,3,7,0,11263,11273,C
6-NA,816,2,11233,0,22,11257,T
6-NA,817,18,4,1,11275,11298,C
6-NA,818,11244,1,12,0,11257,A
6-NA,819,2,5,11346,0,11353,G
6-NA,820,2,5,4,11348,11359,C
6-NA,821,11325,1,6,0,11332,A
6-NA,822,1,11334,0,7,11342,T
6-NA,823,10,1,11669,1,11681,G
6-NA,824,4,11663,0,9,11676,T
6-NA,825,24,1,0,11663,11688,C
6-NA,826,6,11,11675,0,11692,G
6-NA,827,11660,0,5,0,11665,A
6-NA,828,1,7,11599,0,11607,G
6-NA,829,1,18,11594,0,11613,G
6-NA,830,11509,1,9,2,11521,A
6-NA,831,5,1,11661,1,11668,G
6-NA,832,3,11326,0,9,11338,T
6-NA,833,2,5,11356,0,11363,G
6-NA,834,1,2,1,11527,11531,C
6-NA,835,0,11485,0,15,11500,T
6-NA,836,25,7,0,11510,11542,C
6-NA,837,10,5,3,11573,11591,C
6-NA,838,1,11585,1,6,11593,T
6-NA,839,3,1,11621,0,11625,G
6-NA,840,2,1,0,11521,11524,C
6-NA,841,1,11444,0,9,11454,T
6-NA,842,11558,2,6,1,11567,A
6-NA,843,0,11338,1,10,11349,T
6-NA,844,12,8,0,11404,11424,C
6-NA,845,9,3,1,11401,11414,C
6-NA,846,1,11377,0,13,11391,T
6-NA,847,13,6,0,11451,11470,C
6-NA,848,8,15,11428,0,11451,G
6-NA,849,11520,0,9,1,11530,A
6-NA,850,1,11521,0,12,11534,T
6-NA,851,11546,2,2,0,11550,A
6-NA,852,0,11532,0,4,11536,T
6-NA,853,13,2,3,11473,11491,C
6-NA,854,11,4,0,11444,11459,C
6-NA,855,0,11390,3,15,11408,T
6-NA,856,3,7,11448,0,11458,G
6-NA,857,2,1,11497,1,11501,G
6-NA,858,2,11606,0,18,11626,T
6-NA,859,4,3,11652,0,11659,G
6-NA,860,5,11582,0,14,11601,T
6-NA,861,64,3,0,11533,11600,C
6-NA,862,11586,1,14,0,11601,A
6-NA,863,2,11,11614,2,11629,G
6-NA,864,11632,2,7,0,11641,A
6-NA,865,0,11523,1,11,11535,T
6-NA,866,6,0,11563,1,11570,G
6-NA,867,2,11401,1,6,11410,T
6-NA,868,2,4,11435,2,11443,G
6-NA,869,0,11408,1,13,11422,T
6-NA,870,30,2,0,11412,11444,C
6-NA,871,1,11390,0,34,11425,T
6-NA,872,4,3,11460,0,11467,G
6-NA,873,2,5,0,11441,11448,C
6-NA,874,11433,4,11,1,11449,A
6-NA,875,2,12,11448,0,11462,G
6-NA,876,11251,1,10,0,11262,A
6-NA,877,10,13,11268,3,11294,G
6-NA,878,11250,2,18,0,11270,A
6-NA,879,1,0,0,11289,11290,C
6-NA,880,11283,0,10,0,11293,A
6-NA,881,11194,4,161,1,11360,A
6-NA,882,5,4,0,11449,11458,C
6-NA,883,4,11440,2,10,11456,T
6-NA,884,3,7,11466,0,11476,G
6-NA,885,0,8,11444,0,11452,G
6-NA,886,11384,4,17,0,11405,A
6-NA,887,11392,3,13,1,11409,A
6-NA,888,11193,2,24,1,11220,A
6-NA,889,3,3,11200,0,11206,G
6-NA,890,1,17,11063,1,11082,G
6-NA,891,10779,2,13,0,10794,A
6-NA,892,2,11040,0,12,11054,T
6-NA,893,10,6,0,11075,11091,C
6-NA,894,14,6,0,11295,11315,C
6-NA,895,11340,5,7,0,11352,A
6-NA,896,11337,2,5,1,11345,A
6-NA,897,2,11344,1,7,11354,T
6-NA,898,11054,2,12,1,11069,A
6-NA,899,13,6,10979,0,10998,G
6-NA,900,6,2,11025,0,11033,G
6-NA,901,7,6,0,11027,11040,C
6-NA,902,11,6,1,10963,10981,C
6-NA,903,6,1,3,10744,10754,C
6-NA,904,10804,0,7,0,10811,A
6-NA,905,2,10857,1,22,10882,T
6-NA,906,11,1,0,10890,10902,C
6-NA,907,3,1,10931,0,10935,G
6-NA,908,2,10880,3,4,10889,T
6-NA,909,10732,0,9,0,10741,A
6-NA,910,4,8,10929,0,10941,G
6-NA,911,10962,3,15,0,10980,A
6-NA,912,0,11002,1,1,11004,T
6-NA,913,10797,2,5,0,10804,A
6-NA,914,1,10687,0,5,10693,T
6-NA,915,10680,1,11,0,10692,A
6-NA,916,10668,1,7,1,10677,A
6-NA,917,10868,0,6,0,10874,A
6-NA,918,3,1,1,11052,11057,C
6-NA,919,10767,3,1,0,10771,A
6-NA,920,1,10741,0,1,10743,T
6-NA,921,10642,1,7,0,10650,A
6-NA,922,10642,2,11,3,10658,A
6-NA,923,10642,2,20,0,10664,A
6-NA,924,0,6,10753,2,10761,G
6-NA,925,2,21,10824,1,10848,G
6-NA,926,10521,3,8,0,10532,A
6-NA,927,1,10516,1,14,10532,T
6-NA,928,20,2,0,10539,10561,C
6-NA,929,10613,1,8,1,10623,A
6-NA,930,1,10620,0,9,10630,T
6-NA,931,10597,2,14,0,10613,A
6-NA,932,1,1,10668,1,10671,G
6-NA,933,3,4,0,10549,10556,C
6-NA,934,10339,2,4,0,10345,A
6-NA,935,2,9944,0,19,9965,T
6-NA,936,1,10009,0,3,10013,T
6-NA,937,8,0,9971,0,9979,G
6-NA,938,1,9985,0,11,9997,T
6-NA,939,17,3,1,9834,9855,C
6-NA,940,4,10490,0,12,10506,T
6-NA,941,4,1,0,10607,10612,C
6-NA,942,6,5,1,10649,10661,C
6-NA,943,10776,2,7,1,10786,A
6-NA,944,4,0,10933,0,10937,G
6-NA,945,1,10917,0,4,10922,T
6-NA,946,1,10459,1,4,10465,T
6-NA,947,10464,3,2,0,10469,A
6-NA,948,0,10191,0,5,10196,T
6-NA,949,4,2,10201,0,10207,G
6-NA,950,3,10050,0,12,10065,T
6-NA,951,3,4,10102,0,10109,G
6-NA,952,0,9862,1,11,9874,T
6-NA,953,6,2,10049,0,10057,G
6-NA,954,1,10041,3,17,10062,T
6-NA,955,1,10009,2,16,10028,T
6-NA,956,25,6,1,9990,10022,C
6-NA,957,9954,1,15,0,9970,A
6-NA,958,0,7,10022,0,10029,G
6-NA,959,6,12,10013,0,10031,G
6-NA,960,9950,1,8,0,9959,A
6-NA,961,0,3,0,9973,9976,C
6-NA,962,3,9699,1,8,9711,T
6-NA,963,0,9713,1,9,9723,T
6-NA,964,32,2,10004,0,10038,G
6-NA,965,2,10019,1,11,10033,T
6-NA,966,1,10023,0,16,10040,T
6-NA,967,3,8,9968,1,9980,G
6-NA,968,4,16,9947,7,9974,G
6-NA,969,9947,1,18,3,9969,A
6-NA,970,2,19,9959,2,9982,G
6-NA,971,9946,2,19,1,9968,A
6-NA,972,2,4,0,9940,9946,C
6-NA,973,9658,0,4,1,9663,A
6-NA,974,2,3,0,9691,9696,C
6-NA,975,9694,3,15,1,9713,A
6-NA,976,16,5,1,9696,9718,C
6-NA,977,10,4,1,9676,9691,C
6-NA,978,10,6,0,9692,9708,C
6-NA,979,9684,0,13,0,9697,A
6-NA,980,6,14,9721,0,9741,G
6-NA,981,9716,0,4,0,9720,A
6-NA,982,9760,0,4,0,9764,A
6-NA,983,9699,1,5,0,9705,A
6-NA,984,9683,0,3,3,9689,A
6-NA,985,9637,2,6,0,9645,A
6-NA,986,9660,0,4,3,9667,A
6-NA,987,4,6,0,9661,9671,C
6-NA,988,6,31,9621,0,9658,G
6-NA,989,9628,1,7,0,9636,A
6-NA,990,1,3,0,9625,9629,C
6-NA,991,9564,2,10,0,9576,A
6-NA,992,6,1,9646,1,9654,G
6-NA,993,2,1,0,9916,9919,C
6-NA,994,3,9856,2,17,9878,T
6-NA,995,15,3,1,9886,9905,C
6-NA,996,13,2,2,9904,9921,C
6-NA,997,9921,1,15,0,9937,A
6-NA,998,7,3,10002,0,10012,G
6-NA,999,2,0,0,10002,10004,C
6-NA,1000,9978,1,4,0,9983,A
6-NA,1001,4,1,9976,0,9981,G
6-NA,1002,1,9594,0,4,9599,T
6-NA,1003,9595,2,9,0,9606,A
6-NA,1004,4,2,9603,0,9609,G
6-NA,1005,4,4,0,9609,9617,C
6-NA,1006,9,6,2,9608,9625,C
6-NA,1007,9488,0,3,0,9491,A
6-NA,1008,2,9471,0,1,9474,T
6-NA,1009,3,9458,0,1,9462,T
6-NA,1010,6,2,9644,0,9652,G
6-NA,1011,0,9590,3,7,9600,T
6-NA,1012,2,9582,0,4,9588,T
6-NA,1013,3,9576,1,7,9587,T
6-NA,1014,5,11,9489,0,9505,G
6-NA,1015,5,11,9570,2,9588,G
6-NA,1016,9554,1,3,0,9558,A
6-NA,1017,0,9667,0,4,9671,T
6-NA,1018,21,1,0,9634,9656,C
6-NA,1019,5,10,1,9524,9540,C
6-NA,1020,3,9512,0,11,9526,T
6-NA,1021,9482,0,51,0,9533,A
6-NA,1022,9563,0,7,0,9570,A
6-NA,1023,2,2,0,9704,9708,C
6-NA,1024,9531,0,4,0,9535,A
6-NA,1025,9578,1,4,0,9583,A
6-NA,1026,0,9490,0,2,9492,T
6-NA,1027,5,4,9483,1,9493,G
6-NA,1028,9368,8,12,0,9388,A
6-NA,1029,2,9,9065,0,9076,G
6-NA,1030,1,5,9235,0,9241,G
6-NA,1031,9226,1,13,0,9240,A
6-NA,1032,9256,1,14,0,9271,A
6-NA,1033,2,10,9288,1,9301,G
6-NA,1034,13,2,9319,0,9334,G
6-NA,1035,2,9212,1,7,9222,T
6-NA,1036,5,16,9182,0,9203,G
6-NA,1037,4,10,9352,1,9367,G
6-NA,1038,4,9251,0,14,9269,T
6-NA,1039,43,5,0,9199,9247,C
6-NA,1040,9250,0,7,1,9258,A
6-NA,1041,1,9208,0,5,9214,T
6-NA,1042,1,3,9175,0,9179,G
6-NA,1043,7,6,9090,0,9103,G
6-NA,1044,2,5,8792,1,8800,G
6-NA,1045,4,2,9123,0,9129,G
6-NA,1046,2,9116,0,10,9128,T
6-NA,1047,3,8,9138,1,9150,G
6-NA,1048,9119,1,5,1,9126,A
6-NA,1049,9120,0,11,0,9131,A
6-NA,1050,9116,3,15,0,9134,A
6-NA,1051,2,2,9169,0,9173,G
6-NA,1052,0,3,9093,0,9096,G
6-NA,1053,0,1,0,9036,9037,C
6-NA,1054,3,8738,1,27,8769,T
6-NA,1055,5,3,8776,1,8785,G
6-NA,1056,4,4,8794,1,8803,G
6-NA,1057,2,1,8874,0,8877,G
6-NA,1058,2,3,0,8847,8852,C
6-NA,1059,3,0,1,8852,8856,C
6-NA,1060,0,8728,0,21,8749,T
6-NA,1061,1,8762,3,5,8771,T
6-NA,1062,1,8762,1,4,8768,T
6-NA,1063,0,8,8794,0,8802,G
6-NA,1064,8786,3,9,1,8799,A
6-NA,1065,0,8730,0,3,8733,T
6-NA,1066,1,17,8583,0,8601,G
6-NA,1067,8498,4,14,0,8516,A
6-NA,1068,2,8533,0,6,8541,T
6-NA,1069,1,7,8527,1,8536,G
6-NA,1070,2,14,8625,0,8641,G
6-NA,1071,8605,1,9,3,8618,A
6-NA,1072,8593,1,6,0,8600,A
6-NA,1073,8597,1,16,0,8614,A
6-NA,1074,1,8595,1,12,8609,T
6-NA,1075,21,14,8586,0,8621,G
6-NA,1076,8601,2,12,0,8615,A
6-NA,1077,1,2,1,8583,8587,C
6-NA,1078,6,1,8604,1,8612,G
6-NA,1079,2,8415,0,6,8423,T
6-NA,1080,3,3,8460,0,8466,G
6-NA,1081,2,8446,0,6,8454,T
6-NA,1082,3,9,8456,0,8468,G
6-NA,1083,0,4,8489,0,8493,G
6-NA,1084,8431,0,7,0,8438,A
6-NA,1085,0,8428,2,7,8437,T
6-NA,1086,4,10,8387,0,8401,G
6-NA,1087,2,5,8385,0,8392,G
6-NA,1088,4,6,8416,0,8426,G
6-NA,1089,8363,1,13,0,8377,A
6-NA,1090,8351,0,15,0,8366,A
6-NA,1091,7,17,8340,0,8364,G
6-NA,1092,8263,1,8,1,8273,A
6-NA,1093,8273,2,6,0,8281,A
6-NA,1094,3,2,0,8239,8244,C
6-NA,1095,5,24,8171,0,8200,G
6-NA,1096,8185,0,5,1,8191,A
6-NA,1097,2,8051,1,2,8056,T
6-NA,1098,15,1,0,8056,8072,C
6-NA,1099,8041,2,7,1,8051,A
6-NA,1100,1,1,8038,0,8040,G
6-NA,1101,7,2,0,8004,8013,C
6-NA,1102,4,10,8010,0,8024,G
6-NA,1103,7993,0,8,0,8001,A
6-NA,1104,13,3,7996,0,8012,G
6-NA,1105,7992,1,1,0,7994,A
6-NA,1106,7986,1,6,0,7993,A
6-NA,1107,0,2,8054,0,8056,G
6-NA,1108,3,7983,3,9,7998,T
6-NA,1109,30,3,1,7895,7929,C
6-NA,1110,7916,0,11,2,7929,A
6-NA,1111,1,5,0,8097,8103,C
6-NA,1112,2,1,8113,0,8116,G
6-NA,1113,1,0,0,8111,8112,C
6-NA,1114,0,8042,1,6,8049,T
6-NA,1115,0,8067,0,1,8068,T
6-NA,1116,7922,2,9,1,7934,A
6-NA,1117,0,7,8102,0,8109,G
6-NA,1118,1,8,8099,0,8108,G
6-NA,1119,2,2,8220,0,8224,G
6-NA,1120,1,7749,0,8,7758,T
6-NA,1121,7731,0,1,0,7732,A
6-NA,1122,0,7702,0,5,7707,T
6-NA,1123,4,15,7682,0,7701,G
6-NA,1124,7692,1,5,0,7698,A
6-NA,1125,7670,0,6,1,7677,A
6-NA,1126,7346,0,10,2,7358,A
6-NA,1127,1,1,2,7303,7307,C
6-NA,1128,9,3,0,7056,7068,C
6-NA,1129,0,6726,1,14,6741,T
6-NA,1130,0,6718,0,14,6732,T
6-NA,1131,10,2,1,6729,6742,C
6-NA,1132,6728,1,2,0,6731,A
6-NA,1133,6744,1,1,0,6746,A
6-NA,1134,6738,2,2,0,6742,A
6-NA,1135,1,0,6775,0,6776,G
6-NA,1136,2,6603,0,11,6616,T
6-NA,1137,34,2,0,6586,6622,C
6-NA,1138,6710,1,2,1,6714,A
6-NA,1139,2,6715,0,1,6718,T
6-NA,1140,2,6706,0,6,6714,T
6-NA,1141,1,5,6719,0,6725,G
6-NA,1142,6702,0,9,3,6714,A
6-NA,1143,6714,0,6,0,6720,A
6-NA,1144,2,7,6711,1,6721,G
6-NA,1145,2,2,6707,0,6711,G
6-NA,1146,2,8,2,6658,6670,C
6-NA,1147,2,6439,0,7,6448,T
6-NA,1148,4,4,6461,0,6469,G
6-NA,1149,4,2,6580,0,6586,G
6-NA,1150,0,6559,0,11,6570,T
6-NA,1151,5,2,0,6553,6560,C
6-NA,1152,6,1,2,6516,6525,C
6-NA,1153,6481,3,8,0,6492,A
6-NA,1154,6519,0,6,0,6525,A
6-NA,1155,0,0,1,6554,6555,C
6-NA,1156,8,5,0,6502,6515,C
6-NA,1157,4,1,0,6479,6484,C
6-NA,1158,0,6132,2,5,6139,T
6-NA,1159,6137,0,1,0,6138,A
6-NA,1160,6130,0,4,0,6134,A
6-NA,1161,1,2,6168,0,6171,G
6-NA,1162,1,6132,0,7,6140,T
6-NA,1163,8,2,0,6071,6081,C
6-NA,1164,9,5,0,5936,5950,C
6-NA,1165,5941,0,1,0,5942,A
6-NA,1166,5927,0,1,1,5929,A
6-NA,1167,5938,0,0,0,5938,A
6-NA,1168,1,5920,1,5,5927,T
6-NA,1169,0,5909,0,0,5909,T
6-NA,1170,0,3,5861,0,5864,G
6-NA,1171,1,2,0,5838,5841,C
6-NA,1172,5824,0,13,0,5837,A
6-NA,1173,1,1,5857,0,5859,G
6-NA,1174,5842,0,3,0,5845,A
6-NA,1175,1,5928,0,2,5931,T
6-NA,1176,5931,1,0,0,5932,A
6-NA,1177,5914,0,6,0,5920,A
6-NA,1178,5907,1,7,0,5915,A
6-NA,1179,1,5886,0,1,5888,T
6-NA,1180,5838,0,3,1,5842,A
6-NA,1181,2,3,5849,0,5854,G
6-NA,1182,4,0,5796,0,5800,G
6-NA,1183,1,2,0,5774,5777,C
6-NA,1184,5518,1,4,0,5523,A
6-NA,1185,5556,1,6,0,5563,A
6-NA,1186,2,1,5590,0,5593,G
6-NA,1187,0,5571,0,7,5578,T
6-NA,1188,49,2,0,5528,5579,C
6-NA,1189,5577,2,1,2,5582,A
6-NA,1190,2,5558,1,2,5563,T
6-NA,1191,5585,0,6,0,5591,A
6-NA,1192,3,0,5597,1,5601,G
6-NA,1193,1,5585,0,7,5593,T
6-NA,1194,0,5354,0,1,5355,T
6-NA,1195,1,11,5225,1,5238,G
6-NA,1196,5197,1,4,0,5202,A
6-NA,1197,2,4,0,5186,5192,C
6-NA,1198,5098,0,5,0,5103,A
6-NA,1199,1,1,5151,0,5153,G
6-NA,1200,5068,1,8,0,5077,A
6-NA,1201,1,2,5209,0,5212,G
6-NA,1202,2,1,5216,0,5219,G
6-NA,1203,0,5177,0,7,5184,T
6-NA,1204,5156,1,1,0,5158,A
6-NA,1205,5155,0,2,0,5157,A
6-NA,1206,0,5152,0,5,5157,T
6-NA,1207,5125,1,5,0,5131,A
6-NA,1208,4,4,4917,0,4925,G
6-NA,1209,0,0,4728,0,4728,G
6-NA,1210,1,4003,0,4,4008,T
6-NA,1211,11,1,1,3940,3953,C
6-NA,1212,3,3,1,3895,3902,C
6-NA,1213,1,3,3908,0,3912,G
6-NA,1214,1,0,3912,0,3913,G
6-NA,1215,1,3892,0,2,3895,T
6-NA,1216,0,3870,0,0,3870,T
6-NA,1217,3789,1,0,0,3790,A
6-NA,1218,1,3663,0,3,3667,T
6-NA,1219,0,3657,0,2,3659,T
6-NA,1220,9,2,1,3662,3674,C
6-NA,1221,3,3411,0,3,3417,T
6-NA,1222,1,4,3411,0,3416,G
6-NA,1223,1,3,3421,0,3425,G
6-NA,1224,0,3405,0,1,3406,T
6-NA,1225,3400,0,0,0,3400,A
6-NA,1226,1,3351,0,3,3355,T
6-NA,1227,1,3351,0,9,3361,T
6-NA,1228,0,3352,0,3,3355,T
6-NA,1229,0,3370,0,5,3375,T
6-NA,1230,7,0,0,3377,3384,C
6-NA,1231,1,3307,2,6,3316,T
6-NA,1232,10,1,0,3324,3335,C
6-NA,1233,0,3307,0,5,3312,T
6-NA,1234,1,0,3374,0,3375,G
6-NA,1235,2,3356,0,2,3360,T
6-NA,1236,0,3339,0,2,3341,T
6-NA,1237,2,0,3346,0,3348,G
6-NA,1238,3300,0,13,0,3313,A
6-NA,1239,3305,3,4,1,3313,A
6-NA,1240,1,7,3331,0,3339,G
6-NA,1241,4,0,3330,0,3334,G
6-NA,1242,1,1,0,3332,3334,C
6-NA,1243,3261,0,2,0,3263,A
6-NA,1244,3262,0,5,0,3267,A
6-NA,1245,3280,0,1,1,3282,A
6-NA,1246,3279,1,7,0,3287,A
6-NA,1247,0,0,3282,0,3282,G
6-NA,1248,1,0,0,3283,3284,C
6-NA,1249,1,3236,1,4,3242,T
6-NA,1250,1,2,3271,0,3274,G
6-NA,1251,1,2,1,3263,3267,C
6-NA,1252,3273,0,0,0,3273,A
6-NA,1253,1,3263,1,5,3270,T
6-NA,1254,6,2,0,3233,3241,C
6-NA,1255,3235,0,1,0,3236,A
6-NA,1256,3237,0,1,0,3238,A
6-NA,1257,1,3231,0,0,3232,T
6-NA,1258,7,1,0,3229,3237,C
6-NA,1259,0,2,3187,0,3189,G
6-NA,1260,1,1,3231,1,3234,G
6-NA,1261,1,3222,1,4,3228,T
6-NA,1262,2,0,3241,0,3243,G
6-NA,1263,2,0,0,3252,3254,C
6-NA,1264,0,3224,0,5,3229,T
6-NA,1265,0,3261,0,2,3263,T
6-NA,1266,0,3267,0,3,3270,T
6-NA,1267,0,3277,0,1,3278,T
6-NA,1268,3291,0,1,0,3292,A
6-NA,1269,0,3150,0,5,3155,T
6-NA,1270,1,0,3155,0,3156,G
6-NA,1271,1,3114,0,2,3117,T
6-NA,1272,1,2,3096,0,3099,G
6-NA,1273,0,3,3123,0,3126,G
6-NA,1274,3063,0,6,0,3069,A
6-NA,1275,0,0,3095,1,3096,G
6-NA,1276,0,3072,0,4,3076,T
6-NA,1277,0,3048,0,3,3051,T
6-NA,1278,1,5,3076,0,3082,G
6-NA,1279,3075,0,4,0,3079,A
6-NA,1280,0,3074,0,1,3075,T
6-NA,1281,3068,0,2,0,3070,A
6-NA,1282,2965,0,9,1,2975,A
6-NA,1283,0,0,2993,0,2993,G
6-NA,1284,0,3,2952,1,2956,G
6-NA,1285,1,7,2925,0,2933,G
6-NA,1286,0,4,2923,0,2927,G
6-NA,1287,2874,0,3,0,2877,A
6-NA,1288,2856,1,14,0,2871,A
6-NA,1289,1,4,2887,0,2892,G
6-NA,1290,2889,0,2,0,2891,A
6-NA,1291,2884,0,2,1,2887,A
6-NA,1292,2859,1,0,0,2860,A
6-NA,1293,2803,0,7,0,2810,A
6-NA,1294,1,4,2806,0,2811,G
6-NA,1295,2774,0,6,0,2780,A
6-NA,1296,2,4,2779,0,2785,G
6-NA,1297,1,5,2776,0,2782,G
6-NA,1298,2745,1,1,0,2747,A
6-NA,1299,2744,0,1,1,2746,A
6-NA,1300,2747,0,3,1,2751,A
6-NA,1301,3,0,0,2761,2764,C
6-NA,1302,1,2750,1,2,2754,T
6-NA,1303,2,1,2757,0,2760,G
6-NA,1304,2739,0,4,0,2743,A
6-NA,1305,2732,0,6,0,2738,A
6-NA,1306,0,0,2749,0,2749,G
6-NA,1307,0,2717,0,5,2722,T
6-NA,1308,6,0,0,2731,2737,C
6-NA,1309,0,2716,1,8,2725,T
6-NA,1310,0,2703,0,1,2704,T
6-NA,1311,0,1,2707,0,2708,G
6-NA,1312,2,2688,0,2,2692,T
6-NA,1313,2,3,2689,0,2694,G
6-NA,1314,6,2,2678,0,2686,G
6-NA,1315,2651,0,3,0,2654,A
6-NA,1316,1,3,1,2663,2668,C
6-NA,1317,1,1,0,2598,2600,C
6-NA,1318,1,2594,0,1,2596,T
6-NA,1319,8,0,0,2594,2602,C
6-NA,1320,2605,0,1,0,2606,A
6-NA,1321,2607,1,2,0,2610,A
6-NA,1322,2602,0,2,1,2605,A
6-NA,1323,0,2,0,2621,2623,C
6-NA,1324,2551,0,3,0,2554,A
6-NA,1325,9,1,2575,0,2585,G
6-NA,1326,0,2537,0,3,2540,T
6-NA,1327,2532,1,5,0,2538,A
6-NA,1328,0,2531,0,2,2533,T
6-NA,1329,1,2460,0,12,2473,T
6-NA,1330,1,0,2492,0,2493,G
6-NA,1331,2,2474,0,3,2479,T
6-NA,1332,0,2380,0,4,2384,T
6-NA,1333,0,1,2386,0,2387,G
6-NA,1334,1,2236,0,1,2238,T
6-NA,1335,0,0,2246,0,2246,G
6-NA,1336,0,2219,0,9,2228,T
6-NA,1337,0,2200,0,2,2202,T
6-NA,1338,1,2203,0,4,2208,T
6-NA,1339,2,2135,1,1,2139,T
6-NA,1340,1,0,2138,0,2139,G
6-NA,1341,2,2135,0,0,2137,T
6-NA,1342,0,1,2122,0,2123,G
6-NA,1343,2,1,2120,0,2123,G
6-NA,1344,1,2,0,2092,2095,C
6-NA,1345,2085,0,1,1,2087,A
6-NA,1346,1,0,0,2109,2110,C
6-NA,1347,0,0,0,2095,2095,C
6-NA,1348,0,2090,0,3,2093,T
6-NA,1349,2,0,1,2097,2100,C
6-NA,1350,2088,0,3,1,2092,A
6-NA,1351,0,0,2107,0,2107,G
6-NA,1352,1,2,2106,0,2109,G
6-NA,1353,0,2107,0,1,2108,T
6-NA,1354,2098,0,1,0,2099,A
6-NA,1355,0,3,0,2000,2003,C
6-NA,1356,2013,1,0,0,2014,A
6-NA,1357,2,2002,0,2,2006,T
6-NA,1358,1950,0,1,0,1951,A
6-NA,1359,0,1942,0,0,1942,T
6-NA,1360,1,0,1793,0,1794,G
6-NA,1361,0,2,1799,0,1801,G
6-NA,1362,1785,0,1,0,1786,A
6-NA,1363,1767,1,2,0,1770,A
6-NA,1364,0,1,0,1754,1755,C
6-NA,1365,1443,0,1,0,1444,A
6-NA,1366,0,0,1441,0,1441,G
6-NA,1367,0,0,1442,0,1442,G
6-NA,1368,1,1,0,1438,1440,C
6-NA,1369,0,1432,0,2,1434,T
6-NA,1370,1,0,0,1370,1371,C
6-NA,1371,1353,0,2,0,1355,A
6-NA,1372,0,1354,0,1,1355,T
6-NA,1373,0,2,1350,0,1352,G
6-NA,1374,1,0,1351,0,1352,G
6-NA,1375,0,0,0,1310,1310,C
6-NA,1376,1,2,1,1295,1299,C
6-NA,1377,0,1222,0,2,1224,T
6-NA,1378,0,1,1220,0,1221,G
6-NA,1379,1222,0,0,0,1222,A
6-NA,1380,0,1222,0,0,1222,T
6-NA,1381,0,1,1203,0,1204,G
6-NA,1382,0,0,1192,0,1192,G
6-NA,1383,0,0,1125,0,1125,G
6-NA,1384,0,0,1121,0,1121,G
6-NA,1385,0,0,0,1101,1101,C
6-NA,1386,2,1,1093,0,1096,G
6-NA,1387,1,2,1085,0,1088,G
6-NA,1388,1081,0,1,0,1082,A
6-NA,1389,0,0,0,1077,1077,C
6-NA,1390,1070,0,0,0,1070,A
6-NA,1391,0,1049,0,2,1051,T
6-NA,1392,3,1,0,1034,1038,C
6-NA,1393,1027,0,1,0,1028,A
6-NA,1394,1024,0,1,0,1025,A
6-NA,1395,0,1030,0,0,1030,T
6-NA,1396,1,0,0,1000,1001,C
6-NA,1397,0,963,0,0,963,T
6-NA,1398,4,0,0,829,833,C
6-NA,1399,828,0,2,0,830,A
6-NA,1400,0,818,1,0,819,T
6-NA,1401,0,0,818,0,818,G
6-NA,1402,0,0,0,816,816,C
6-NA,1403,3,0,0,780,783,C
6-NA,1404,0,712,0,0,712,T
6-NA,1405,704,0,1,0,705,A
6-NA,1406,0,706,0,0,706,T
6-NA,1407,691,0,0,0,691,A
6-NA,1408,0,688,0,0,688,T
6-NA,1409,626,0,0,0,626,A
6-NA,1410,589,0,0,0,589,A
7-M,1,55,0,0,0,55,A
7-M,2,0,57,0,0,57,T
7-M,3,0,0,57,0,57,G
7-M,4,58,0,0,0,58,A
7-M,5,0,0,64,0,64,G
7-M,6,0,0,0,67,67,C
7-M,7,0,0,0,69,69,C
7-M,8,0,98,0,0,98,T
7-M,9,0,98,0,0,98,T
7-M,10,0,0,0,98,98,C
7-M,11,0,98,0,0,98,T
7-M,12,98,0,0,0,98,A
7-M,13,98,0,1,0,99,A
7-M,14,0,0,0,99,99,C
7-M,15,0,0,0,99,99,C
7-M,16,0,0,99,0,99,G
7-M,17,98,0,1,0,99,A
7-M,18,0,0,102,0,102,G
7-M,19,0,0,103,0,103,G
7-M,20,0,104,0,0,104,T
7-M,21,0,0,0,103,103,C
7-M,22,0,0,103,0,103,G
7-M,23,107,0,0,0,107,A
7-M,24,109,0,0,0,109,A
7-M,25,109,0,0,0,109,A
7-M,26,1,0,0,113,114,C
7-M,27,0,0,113,0,113,G
7-M,28,0,115,0,0,115,T
7-M,29,116,0,0,0,116,A
7-M,30,0,116,0,0,116,T
7-M,31,0,0,119,0,119,G
7-M,32,0,120,0,0,120,T
7-M,33,0,137,0,0,137,T
7-M,34,0,0,0,141,141,C
7-M,35,0,142,0,0,142,T
7-M,36,0,0,0,149,149,C
7-M,37,0,147,0,1,148,T
7-M,38,0,0,0,155,155,C
7-M,39,0,155,0,0,155,T
7-M,40,155,0,0,0,155,A
7-M,41,0,159,0,0,159,T
7-M,42,0,0,0,161,161,C
7-M,43,0,0,160,0,160,G
7-M,44,0,162,0,0,162,T
7-M,45,0,160,0,0,160,T
7-M,46,0,0,0,167,167,C
7-M,47,0,0,0,170,170,C
7-M,48,172,0,0,0,172,A
7-M,49,0,171,0,0,171,T
7-M,50,0,0,1,171,172,C
7-M,51,171,0,0,0,171,A
7-M,52,0,0,174,0,174,G
7-M,53,0,0,173,0,173,G
7-M,54,0,0,1,173,174,C
7-M,55,0,0,0,172,172,C
7-M,56,0,0,0,174,174,C
7-M,57,0,0,0,187,187,C
7-M,58,0,0,0,187,187,C
7-M,59,0,187,0,0,187,T
7-M,60,0,0,0,187,187,C
7-M,61,187,0,1,0,188,A
7-M,62,188,0,0,0,188,A
7-M,63,196,0,0,0,196,A
7-M,64,0,0,199,0,199,G
7-M,65,0,0,0,199,199,C
7-M,66,0,0,0,200,200,C
7-M,67,0,0,200,0,200,G
7-M,68,199,0,0,0,199,A
7-M,69,0,0,201,0,201,G
7-M,70,199,0,2,0,201,A
7-M,71,0,201,0,1,202,T
7-M,72,1,0,0,202,203,C
7-M,73,0,0,203,0,203,G
7-M,74,0,0,0,206,206,C
7-M,75,0,0,206,0,206,G
7-M,76,0,0,0,206,206,C
7-M,77,205,0,1,0,206,A
7-M,78,0,0,207,0,207,G
7-M,79,205,0,0,0,205,A
7-M,80,0,1,219,0,220,G
7-M,81,218,0,0,0,218,A
7-M,82,0,0,0,224,224,C
7-M,83,0,223,0,0,223,T
7-M,84,0,224,0,0,224,T
7-M,85,0,0,229,0,229,G
7-M,86,229,0,0,0,229,A
7-M,87,228,0,1,0,229,A
7-M,88,0,0,227,0,227,G
7-M,89,227,0,0,0,227,A
7-M,90,0,229,0,0,229,T
7-M,91,0,0,234,0,234,G
7-M,92,0,231,0,0,231,T
7-M,93,0,0,0,231,231,C
7-M,94,0,231,0,1,232,T
7-M,95,0,232,0,0,232,T
7-M,96,0,232,0,0,232,T
7-M,97,0,0,232,0,232,G
7-M,98,0,1,0,229,230,C
7-M,99,0,230,0,0,230,T
7-M,100,0,0,230,0,230,G
7-M,101,0,0,232,0,232,G
7-M,102,0,0,240,0,240,G
7-M,103,240,0,0,0,240,A
7-M,104,239,0,0,0,239,A
7-M,105,242,0,0,0,242,A
7-M,106,242,0,0,0,242,A
7-M,107,244,0,0,0,244,A
7-M,108,0,0,0,247,247,C
7-M,109,247,0,0,0,247,A
7-M,110,0,0,0,248,248,C
7-M,111,245,1,1,0,247,A
7-M,112,1,2,248,0,251,G
7-M,113,253,0,0,0,253,A
7-M,114,0,260,0,0,260,T
7-M,115,0,1,0,262,263,C
7-M,116,0,262,0,0,262,T
7-M,117,0,263,0,0,263,T
7-M,118,0,1,260,0,261,G
7-M,119,259,0,2,0,261,A
7-M,120,1,0,261,0,262,G
7-M,121,0,0,262,0,262,G
7-M,122,0,0,0,264,264,C
7-M,123,0,264,0,0,264,T
7-M,124,0,0,0,293,293,C
7-M,125,0,292,0,1,293,T
7-M,126,2,0,0,292,294,C
7-M,127,293,0,1,0,294,A
7-M,128,0,295,0,0,295,T
7-M,129,0,0,293,0,293,G
7-M,130,0,4,289,0,293,G
7-M,131,294,0,0,0,294,A
7-M,132,296,0,0,0,296,A
7-M,133,1,285,0,0,286,T
7-M,134,0,0,301,0,301,G
7-M,135,0,0,317,0,317,G
7-M,136,0,0,0,319,319,C
7-M,137,0,319,0,0,319,T
7-M,138,319,0,0,0,319,A
7-M,139,316,0,0,0,316,A
7-M,140,327,0,1,0,328,A
7-M,141,0,0,330,0,330,G
7-M,142,331,0,1,0,332,A
7-M,143,0,0,0,327,327,C
7-M,144,322,0,0,0,322,A
7-M,145,319,0,0,0,319,A
7-M,146,0,2,328,0,330,G
7-M,147,335,0,0,0,335,A
7-M,148,0,0,0,337,337,C
7-M,149,0,1,0,335,336,C
7-M,150,336,0,0,0,336,A
7-M,151,337,0,0,0,337,A
7-M,152,0,338,0,0,338,T
7-M,153,0,339,0,0,339,T
7-M,154,2,0,0,338,340,C
7-M,155,0,340,0,0,340,T
7-M,156,1,0,337,0,338,G
7-M,157,1,338,0,0,339,T
7-M,158,0,0,0,337,337,C
7-M,159,336,0,0,0,336,A
7-M,160,0,0,0,351,351,C
7-M,161,0,0,0,353,353,C
7-M,162,0,351,0,1,352,T
7-M,163,0,0,0,351,351,C
7-M,164,0,350,0,0,350,T
7-M,165,0,0,360,0,360,G
7-M,166,357,0,1,0,358,A
7-M,167,1,0,0,359,360,C
7-M,168,0,358,0,1,359,T
7-M,169,349,0,0,0,349,A
7-M,170,349,0,0,0,349,A
7-M,171,0,0,351,0,351,G
7-M,172,0,2,349,0,351,G
7-M,173,0,0,352,0,352,G
7-M,174,0,2,348,0,350,G
7-M,175,350,0,0,0,350,A
7-M,176,0,356,0,0,356,T
7-M,177,0,352,0,0,352,T
7-M,178,0,354,0,0,354,T
7-M,179,0,354,0,1,355,T
7-M,180,0,0,355,0,355,G
7-M,181,0,1,354,0,355,G
7-M,182,0,0,358,0,358,G
7-M,183,0,0,358,0,358,G
7-M,184,0,352,0,1,353,T
7-M,185,0,355,0,0,355,T
7-M,186,0,357,0,0,357,T
7-M,187,0,0,364,0,364,G
7-M,188,0,364,0,0,364,T
7-M,189,0,1,365,1,367,G
7-M,190,0,367,0,0,367,T
7-M,191,0,365,0,0,365,T
7-M,192,1,0,0,367,368,C
7-M,193,371,0,0,0,371,A
7-M,194,0,0,0,377,377,C
7-M,195,0,0,377,0,377,G
7-M,196,0,0,0,375,375,C
7-M,197,0,371,0,1,372,T
7-M,198,2,0,0,379,381,C
7-M,199,379,0,0,0,379,A
7-M,200,0,0,0,382,382,C
7-M,201,1,1,0,378,380,C
7-M,202,0,0,385,0,385,G
7-M,203,0,382,1,1,384,T
7-M,204,0,0,383,0,383,G
7-M,205,0,0,0,384,384,C
7-M,206,1,0,0,384,385,C
7-M,207,1,0,0,386,387,C
7-M,208,385,0,1,0,386,A
7-M,209,0,0,391,0,391,G
7-M,210,0,388,0,0,388,T
7-M,211,0,1,390,0,391,G
7-M,212,390,0,0,1,391,A
7-M,213,0,0,391,0,391,G
7-M,214,0,0,0,387,387,C
7-M,215,1,0,390,0,391,G
7-M,216,388,0,2,0,390,A
7-M,217,1,0,387,0,388,G
7-M,218,0,0,392,0,392,G
7-M,219,389,0,0,0,389,A
7-M,220,0,0,0,394,394,C
7-M,221,0,390,0,0,390,T
7-M,222,0,0,389,0,389,G
7-M,223,0,1,0,388,389,C
7-M,224,390,0,0,0,390,A
7-M,225,0,0,397,0,397,G
7-M,226,0,0,0,397,397,C
7-M,227,0,0,401,0,401,G
7-M,228,0,401,0,0,401,T
7-M,229,399,0,0,0,399,A
7-M,230,0,0,397,0,397,G
7-M,231,398,0,0,0,398,A
7-M,232,1,0,0,397,398,C
7-M,233,0,0,400,0,400,G
7-M,234,0,0,0,398,398,C
7-M,235,1,393,0,0,394,T
7-M,236,0,393,0,0,393,T
7-M,237,1,392,0,0,393,T
7-M,238,0,1,404,0,405,G
7-M,239,0,402,1,0,403,T
7-M,240,1,0,0,403,404,C
7-M,241,0,0,0,403,403,C
7-M,242,402,0,0,0,402,A
7-M,243,403,0,0,0,403,A
7-M,244,400,0,0,0,400,A
7-M,245,403,0,0,0,403,A
7-M,246,0,403,0,0,403,T
7-M,247,0,0,402,0,402,G
7-M,248,0,0,0,400,400,C
7-M,249,0,0,0,400,400,C
7-M,250,1,1,0,400,402,C
7-M,251,1,400,0,1,402,T
7-M,252,2,0,0,412,414,C
7-M,253,416,0,0,0,416,A
7-M,254,416,0,0,1,417,A
7-M,255,0,418,0,0,418,T
7-M,256,0,0,416,0,416,G
7-M,257,0,0,415,0,415,G
7-M,258,0,2,413,0,415,G
7-M,259,415,1,0,0,416,A
7-M,260,418,0,0,0,418,A
7-M,261,0,407,0,0,407,T
7-M,262,0,0,409,0,409,G
7-M,263,0,0,408,0,408,G
7-M,264,403,0,2,0,405,A
7-M,265,0,0,404,0,404,G
7-M,266,401,0,0,0,401,A
7-M,267,0,0,0,398,398,C
7-M,268,1,0,0,410,411,C
7-M,269,0,1,0,411,412,C
7-M,270,424,0,0,0,424,A
7-M,271,425,0,0,0,425,A
7-M,272,423,1,0,0,424,A
7-M,273,0,424,0,0,424,T
7-M,274,432,0,0,0,432,A
7-M,275,432,1,0,0,433,A
7-M,276,0,0,0,420,420,C
7-M,277,417,0,0,0,417,A
7-M,278,0,416,0,0,416,T
7-M,279,0,0,425,0,425,G
7-M,280,0,0,423,0,423,G
7-M,281,425,0,0,0,425,A
7-M,282,0,0,0,423,423,C
7-M,283,408,0,1,0,409,A
7-M,284,410,0,0,1,411,A
7-M,285,412,0,1,0,413,A
7-M,286,0,0,416,0,416,G
7-M,287,0,0,0,422,422,C
7-M,288,411,0,0,0,411,A
7-M,289,0,0,423,0,423,G
7-M,290,0,422,0,0,422,T
7-M,291,0,423,0,0,423,T
7-M,292,423,0,0,1,424,A
7-M,293,423,0,0,0,423,A
7-M,294,425,0,0,0,425,A
7-M,295,0,0,0,434,434,C
7-M,296,0,420,1,0,421,T
7-M,297,0,0,457,0,457,G
7-M,298,0,453,0,0,453,T
7-M,299,452,0,0,0,452,A
7-M,300,0,452,0,0,452,T
7-M,301,447,0,0,0,447,A
7-M,302,0,0,445,0,445,G
7-M,303,2,0,443,0,445,G
7-M,304,443,0,1,0,444,A
7-M,305,443,0,0,0,443,A
7-M,306,435,0,1,0,436,A
7-M,307,0,0,0,443,443,C
7-M,308,0,440,1,0,441,T
7-M,309,0,444,0,0,444,T
7-M,310,443,1,0,0,444,A
7-M,311,440,0,1,0,441,A
7-M,312,0,1,442,0,443,G
7-M,313,439,0,0,0,439,A
7-M,314,0,0,440,0,440,G
7-M,315,425,0,0,0,425,A
7-M,316,0,0,444,0,444,G
7-M,317,444,0,1,1,446,A
7-M,318,0,1,448,0,449,G
7-M,319,451,0,0,0,451,A
7-M,320,0,449,0,0,449,T
7-M,321,451,0,0,0,451,A
7-M,322,449,0,1,0,450,A
7-M,323,0,1,0,452,453,C
7-M,324,1,0,449,0,450,G
7-M,325,0,451,1,2,454,T
7-M,326,1,450,0,0,451,T
7-M,327,0,0,0,454,454,C
7-M,328,1,0,0,449,450,C
7-M,329,449,0,1,0,450,A
7-M,330,0,451,0,1,452,T
7-M,331,0,1,449,0,450,G
7-M,332,0,0,451,0,451,G
7-M,333,0,0,451,0,451,G
7-M,334,0,0,451,0,451,G
7-M,335,1,0,0,443,444,C
7-M,336,0,0,0,444,444,C
7-M,337,454,0,0,0,454,A
7-M,338,459,0,0,0,459,A
7-M,339,460,0,0,0,460,A
7-M,340,0,0,465,0,465,G
7-M,341,470,0,0,0,470,A
7-M,342,468,0,2,0,470,A
7-M,343,468,0,0,0,468,A
7-M,344,0,466,0,0,466,T
7-M,345,466,0,1,0,467,A
7-M,346,0,0,467,0,467,G
7-M,347,0,0,0,466,466,C
7-M,348,0,463,0,0,463,T
7-M,349,1,0,0,463,464,C
7-M,350,0,464,0,0,464,T
7-M,351,0,0,0,482,482,C
7-M,352,480,0,1,0,481,A
7-M,353,0,0,482,0,482,G
7-M,354,0,479,0,0,479,T
7-M,355,0,487,0,0,487,T
7-M,356,491,0,0,0,491,A
7-M,357,0,490,0,0,490,T
7-M,358,0,486,1,0,487,T
7-M,359,1,0,0,490,491,C
7-M,360,0,471,0,0,471,T
7-M,361,0,0,476,0,476,G
7-M,362,1,0,0,474,475,C
7-M,363,0,470,1,0,471,T
7-M,364,0,0,469,0,469,G
7-M,365,0,0,471,0,471,G
7-M,366,2,469,0,0,471,T
7-M,367,0,0,474,0,474,G
7-M,368,0,0,0,469,469,C
7-M,369,473,0,1,0,474,A
7-M,370,0,0,0,475,475,C
7-M,371,0,468,0,0,468,T
7-M,372,0,475,0,0,475,T
7-M,373,0,1,473,0,474,G
7-M,374,0,0,0,473,473,C
7-M,375,0,0,0,476,476,C
7-M,376,473,0,1,0,474,A
7-M,377,1,0,482,0,483,G
7-M,378,0,487,0,0,487,T
7-M,379,0,485,0,0,485,T
7-M,380,0,0,484,0,484,G
7-M,381,0,464,1,0,465,T
7-M,382,477,0,0,0,477,A
7-M,383,0,476,1,1,478,T
7-M,384,0,0,477,0,477,G
7-M,385,0,0,480,0,480,G
7-M,386,0,0,471,0,471,G
7-M,387,1,0,0,472,473,C
7-M,388,0,0,0,479,479,C
7-M,389,0,469,1,0,470,T
7-M,390,0,0,0,478,478,C
7-M,391,507,0,0,0,507,A
7-M,392,0,508,0,0,508,T
7-M,393,516,0,0,0,516,A
7-M,394,0,510,1,1,512,T
7-M,395,506,0,1,0,507,A
7-M,396,0,0,0,528,528,C
7-M,397,508,0,0,0,508,A
7-M,398,506,0,0,0,506,A
7-M,399,0,497,0,0,497,T
7-M,400,474,0,2,0,476,A
7-M,401,0,0,482,0,482,G
7-M,402,0,1,480,0,481,G
7-M,403,475,0,0,1,476,A
7-M,404,0,479,0,1,480,T
7-M,405,0,0,454,0,454,G
7-M,406,0,1,453,0,454,G
7-M,407,0,0,453,0,453,G
7-M,408,0,1,456,0,457,G
7-M,409,0,0,464,0,464,G
7-M,410,0,0,0,462,462,C
7-M,411,0,456,0,0,456,T
7-M,412,0,0,457,0,457,G
7-M,413,0,456,0,0,456,T
7-M,414,456,0,0,0,456,A
7-M,415,454,0,0,0,454,A
7-M,416,0,0,0,458,458,C
7-M,417,0,0,0,450,450,C
7-M,418,444,1,0,0,445,A
7-M,419,0,0,0,447,447,C
7-M,420,0,445,0,0,445,T
7-M,421,0,1,450,0,451,G
7-M,422,449,1,1,0,451,A
7-M,423,447,0,0,0,447,A
7-M,424,0,0,449,0,449,G
7-M,425,0,447,0,1,448,T
7-M,426,0,1,447,0,448,G
7-M,427,1,0,444,0,445,G
7-M,428,0,0,0,447,447,C
7-M,429,447,0,0,0,447,A
7-M,430,0,447,0,0,447,T
7-M,431,0,445,1,0,446,T
7-M,432,0,447,0,0,447,T
7-M,433,0,2,454,0,456,G
7-M,434,1,0,456,0,457,G
7-M,435,0,0,0,453,453,C
7-M,436,1,0,0,453,454,C
7-M,437,0,455,0,0,455,T
7-M,438,0,0,475,0,475,G
7-M,439,0,1,481,0,482,G
7-M,440,0,483,0,0,483,T
7-M,441,485,0,0,0,485,A
7-M,442,0,468,0,1,469,T
7-M,443,0,0,477,0,477,G
7-M,444,0,474,0,0,474,T
7-M,445,1,0,473,0,474,G
7-M,446,0,0,0,474,474,C
7-M,447,460,0,1,0,461,A
7-M,448,451,0,1,1,453,A
7-M,449,0,0,0,456,456,C
7-M,450,454,0,0,0,454,A
7-M,451,0,458,0,0,458,T
7-M,452,0,0,450,0,450,G
7-M,453,0,447,0,0,447,T
7-M,454,0,2,445,0,447,G
7-M,455,446,0,0,0,446,A
7-M,456,0,0,450,0,450,G
7-M,457,0,0,0,449,449,C
7-M,458,445,0,0,0,445,A
7-M,459,0,1,445,0,446,G
7-M,460,446,0,0,0,446,A
7-M,461,0,445,0,0,445,T
7-M,462,0,446,0,0,446,T
7-M,463,0,0,446,0,446,G
7-M,464,0,0,0,445,445,C
7-M,465,0,445,0,0,445,T
7-M,466,1,0,445,0,446,G
7-M,467,445,0,0,0,445,A
7-M,468,0,0,0,472,472,C
7-M,469,1,474,0,0,475,T
7-M,470,1,0,0,473,474,C
7-M,471,0,0,1,473,474,C
7-M,472,1,0,0,474,475,C
7-M,473,472,0,1,0,473,A
7-M,474,0,0,474,0,474,G
7-M,475,0,4,1,471,476,C
7-M,476,475,0,0,0,475,A
7-M,477,1,0,1,473,475,C
7-M,478,442,0,0,0,442,A
7-M,479,0,0,452,0,452,G
7-M,480,0,0,454,0,454,G
7-M,481,0,452,0,0,452,T
7-M,482,0,0,0,464,464,C
7-M,483,0,457,0,0,457,T
7-M,484,3,0,0,453,456,C
7-M,485,454,0,0,0,454,A
7-M,486,0,452,0,0,452,T
7-M,487,453,0,0,0,453,A
7-M,488,0,0,446,0,446,G
7-M,489,0,0,446,0,446,G
7-M,490,0,0,0,446,446,C
7-M,491,424,0,0,2,426,A
7-M,492,0,0,416,0,416,G
7-M,493,421,0,0,0,421,A
7-M,494,0,421,0,0,421,T
7-M,495,0,1,420,0,421,G
7-M,496,0,0,422,0,422,G
7-M,497,0,415,0,0,415,T
7-M,498,0,1,423,0,424,G
7-M,499,1,1,422,1,425,G
7-M,500,0,0,0,424,424,C
7-M,501,422,0,0,0,422,A
7-M,502,421,0,1,0,422,A
7-M,503,0,0,0,422,422,C
7-M,504,424,0,0,0,424,A
7-M,505,423,0,0,0,423,A
7-M,506,0,0,0,424,424,C
7-M,507,0,0,0,419,419,C
7-M,508,419,0,0,0,419,A
7-M,509,420,0,0,0,420,A
7-M,510,0,419,0,1,420,T
7-M,511,1,0,0,422,423,C
7-M,512,0,0,0,419,419,C
7-M,513,413,0,0,0,413,A
7-M,514,0,413,0,1,414,T
7-M,515,0,413,0,0,413,T
7-M,516,412,0,0,0,412,A
7-M,517,412,0,1,0,413,A
7-M,518,0,412,0,0,412,T
7-M,519,409,0,0,0,409,A
7-M,520,409,0,0,0,409,A
7-M,521,401,0,0,1,402,A
7-M,522,405,0,2,0,407,A
7-M,523,0,0,0,413,413,C
7-M,524,413,0,1,0,414,A
7-M,525,0,412,0,0,412,T
7-M,526,0,0,411,0,411,G
7-M,527,409,0,0,0,409,A
7-M,528,1,0,409,0,410,G
7-M,529,406,0,0,0,406,A
7-M,530,408,0,0,1,409,A
7-M,531,0,0,0,412,412,C
7-M,532,402,0,1,0,403,A
7-M,533,0,1,407,1,409,G
7-M,534,407,0,0,0,407,A
7-M,535,404,0,1,0,405,A
7-M,536,0,404,0,0,404,T
7-M,537,0,0,402,0,402,G
7-M,538,0,0,405,0,405,G
7-M,539,0,402,0,1,403,T
7-M,540,0,391,0,0,391,T
7-M,541,0,394,0,0,394,T
7-M,542,0,396,0,1,397,T
7-M,543,0,0,403,0,403,G
7-M,544,0,0,399,1,400,G
7-M,545,0,0,0,401,401,C
7-M,546,0,0,0,400,400,C
7-M,547,396,0,0,0,396,A
7-M,548,0,0,406,0,406,G
7-M,549,0,0,0,409,409,C
7-M,550,412,0,0,0,412,A
7-M,551,0,1,0,419,420,C
7-M,552,0,415,0,0,415,T
7-M,553,416,0,0,0,416,A
7-M,554,0,0,0,419,419,C
7-M,555,427,0,1,0,428,A
7-M,556,0,0,427,0,427,G
7-M,557,0,0,0,408,408,C
7-M,558,0,406,0,0,406,T
7-M,559,407,0,1,0,408,A
7-M,560,392,0,0,0,392,A
7-M,561,0,1,393,0,394,G
7-M,562,0,0,401,0,401,G
7-M,563,0,0,0,400,400,C
7-M,564,0,372,0,0,372,T
7-M,565,366,0,0,0,366,A
7-M,566,0,364,0,0,364,T
7-M,567,0,1,365,0,366,G
7-M,568,0,1,367,0,368,G
7-M,569,356,0,1,0,357,A
7-M,570,0,0,357,0,357,G
7-M,571,1,0,0,354,355,C
7-M,572,356,0,0,0,356,A
7-M,573,356,0,0,0,356,A
7-M,574,354,0,0,0,354,A
7-M,575,0,361,0,0,361,T
7-M,576,0,1,359,0,360,G
7-M,577,0,0,357,0,357,G
7-M,578,0,0,0,358,358,C
7-M,579,0,352,0,0,352,T
7-M,580,0,0,359,0,359,G
7-M,581,0,1,360,0,361,G
7-M,582,359,0,0,0,359,A
7-M,583,0,357,0,0,357,T
7-M,584,1,0,0,356,357,C
7-M,585,356,0,0,0,356,A
7-M,586,362,0,0,0,362,A
7-M,587,0,1,363,0,364,G
7-M,588,0,366,0,0,366,T
7-M,589,0,0,365,0,365,G
7-M,590,356,0,0,0,356,A
7-M,591,352,0,0,0,352,A
7-M,592,0,0,0,356,356,C
7-M,593,356,0,0,0,356,A
7-M,594,0,0,361,0,361,G
7-M,595,0,0,358,0,358,G
7-M,596,0,0,0,355,355,C
7-M,597,347,0,5,0,352,A
7-M,598,0,0,354,0,354,G
7-M,599,0,0,0,352,352,C
7-M,600,0,0,353,0,353,G
7-M,601,0,0,356,0,356,G
7-M,602,355,0,0,0,355,A
7-M,603,0,0,356,0,356,G
7-M,604,0,0,362,0,362,G
7-M,605,0,0,0,358,358,C
7-M,606,0,0,0,363,363,C
7-M,607,362,0,0,0,362,A
7-M,608,0,362,0,0,362,T
7-M,609,1,0,364,0,365,G
7-M,610,0,0,365,0,365,G
7-M,611,365,0,0,0,365,A
7-M,612,0,2,364,0,366,G
7-M,613,358,0,1,0,359,A
7-M,614,0,368,0,0,368,T
7-M,615,0,361,0,0,361,T
7-M,616,0,0,367,0,367,G
7-M,617,0,1,0,363,364,C
7-M,618,0,361,0,1,362,T
7-M,619,366,0,0,0,366,A
7-M,620,0,0,368,0,368,G
7-M,621,2,363,0,0,365,T
7-M,622,1,0,1,364,366,C
7-M,623,352,0,0,0,352,A
7-M,624,0,0,357,0,357,G
7-M,625,0,0,357,0,357,G
7-M,626,0,0,0,356,356,C
7-M,627,0,0,0,355,355,C
7-M,628,354,0,1,0,355,A
7-M,629,1,0,360,0,361,G
7-M,630,0,0,363,0,363,G
7-M,631,0,0,0,362,362,C
7-M,632,362,0,0,0,362,A
7-M,633,0,0,358,0,358,G
7-M,634,359,0,1,0,360,A
7-M,635,0,360,0,0,360,T
7-M,636,0,0,361,0,361,G
7-M,637,0,0,378,0,378,G
7-M,638,0,375,0,0,375,T
7-M,639,0,0,374,0,374,G
7-M,640,1,0,0,374,375,C
7-M,641,369,0,2,0,371,A
7-M,642,0,1,374,0,375,G
7-M,643,1,0,370,0,371,G
7-M,644,0,0,0,379,379,C
7-M,645,378,0,0,0,378,A
7-M,646,370,0,0,0,370,A
7-M,647,0,363,0,0,363,T
7-M,648,0,2,363,0,365,G
7-M,649,364,0,0,0,364,A
7-M,650,0,0,364,0,364,G
7-M,651,355,0,0,0,355,A
7-M,652,0,0,358,0,358,G
7-M,653,0,0,0,360,360,C
7-M,654,0,1,0,365,366,C
7-M,655,370,0,0,0,370,A
7-M,656,0,370,0,0,370,T
7-M,657,0,371,0,0,371,T
7-M,658,0,0,371,0,371,G
7-M,659,1,0,371,0,372,G
7-M,660,0,1,369,0,370,G
7-M,661,370,0,0,0,370,A
7-M,662,0,0,0,373,373,C
7-M,663,0,357,0,1,358,T
7-M,664,0,0,0,361,361,C
7-M,665,361,0,1,0,362,A
7-M,666,0,373,0,1,374,T
7-M,667,0,0,0,374,374,C
7-M,668,0,0,0,374,374,C
7-M,669,0,373,0,0,373,T
7-M,670,370,0,1,0,371,A
7-M,671,0,0,373,0,373,G
7-M,672,0,383,0,1,384,T
7-M,673,0,379,0,0,379,T
7-M,674,0,0,0,379,379,C
7-M,675,0,0,0,375,375,C
7-M,676,373,0,0,0,373,A
7-M,677,0,0,378,0,378,G
7-M,678,0,376,0,0,376,T
7-M,679,372,0,0,0,372,A
7-M,680,0,0,0,373,373,C
7-M,681,0,348,0,0,348,T
7-M,682,0,0,371,0,371,G
7-M,683,0,0,370,0,370,G
7-M,684,1,367,0,0,368,T
7-M,685,0,360,0,1,361,T
7-M,686,0,366,0,0,366,T
7-M,687,367,0,0,0,367,A
7-M,688,366,1,0,0,367,A
7-M,689,0,0,367,0,367,G
7-M,690,362,1,0,0,363,A
7-M,691,0,0,355,0,355,G
7-M,692,338,0,0,0,338,A
7-M,693,1,333,0,1,335,T
7-M,694,0,1,335,0,336,G
7-M,695,337,0,0,0,337,A
7-M,696,0,336,0,0,336,T
7-M,697,0,0,0,338,338,C
7-M,698,0,334,0,0,334,T
7-M,699,0,338,0,0,338,T
7-M,700,1,0,0,338,339,C
7-M,701,0,334,0,0,334,T
7-M,702,0,337,0,0,337,T
7-M,703,0,0,339,0,339,G
7-M,704,338,0,0,0,338,A
7-M,705,336,0,2,0,338,A
7-M,706,339,0,0,0,339,A
7-M,707,341,0,0,0,341,A
7-M,708,0,334,0,0,334,T
7-M,709,0,338,0,0,338,T
7-M,710,0,337,0,0,337,T
7-M,711,0,0,337,0,337,G
7-M,712,0,1,0,337,338,C
7-M,713,338,0,0,0,338,A
7-M,714,0,1,336,0,337,G
7-M,715,335,0,1,0,336,A
7-M,716,0,0,0,345,345,C
7-M,717,1,0,0,343,344,C
7-M,718,0,343,0,0,343,T
7-M,719,345,0,0,0,345,A
7-M,720,0,343,0,0,343,T
7-M,721,0,0,0,346,346,C
7-M,722,346,0,1,0,347,A
7-M,723,0,0,345,0,345,G
7-M,724,343,0,0,0,343,A
7-M,725,329,0,0,0,329,A
7-M,726,332,0,0,0,332,A
7-M,727,0,0,0,333,333,C
7-M,728,0,0,336,0,336,G
7-M,729,332,0,0,0,332,A
7-M,730,330,0,0,0,330,A
7-M,731,0,333,0,0,333,T
7-M,732,0,1,333,0,334,G
7-M,733,0,1,336,0,337,G
7-M,734,0,0,332,0,332,G
7-M,735,0,0,330,0,330,G
7-M,736,0,0,333,0,333,G
7-M,737,0,326,0,2,328,T
7-M,738,2,0,324,0,326,G
7-M,739,0,0,0,325,325,C
7-M,740,327,0,0,0,327,A
7-M,741,0,0,330,0,330,G
7-M,742,320,0,0,0,320,A
7-M,743,0,320,0,0,320,T
7-M,744,0,1,315,0,316,G
7-M,745,0,0,0,313,313,C
7-M,746,313,0,0,0,313,A
7-M,747,312,0,0,0,312,A
7-M,748,0,0,0,315,315,C
7-M,749,0,0,316,0,316,G
7-M,750,319,0,0,0,319,A
7-M,751,0,317,0,1,318,T
7-M,752,0,317,0,0,317,T
7-M,753,0,0,0,317,317,C
7-M,754,308,0,0,0,308,A
7-M,755,306,0,1,0,307,A
7-M,756,0,0,308,0,308,G
7-M,757,0,304,0,1,305,T
7-M,758,0,0,302,0,302,G
7-M,759,301,0,0,0,301,A
7-M,760,0,0,0,299,299,C
7-M,761,2,0,0,295,297,C
7-M,762,0,0,0,300,300,C
7-M,763,0,0,304,0,304,G
7-M,764,0,0,0,303,303,C
7-M,765,0,305,0,0,305,T
7-M,766,0,304,0,0,304,T
7-M,767,0,0,304,0,304,G
7-M,768,0,303,0,1,304,T
7-M,769,0,303,0,0,303,T
7-M,770,0,0,303,0,303,G
7-M,771,0,302,0,0,302,T
7-M,772,0,301,0,0,301,T
7-M,773,0,0,301,0,301,G
7-M,774,0,0,0,302,302,C
7-M,775,0,0,0,298,298,C
7-M,776,0,0,302,0,302,G
7-M,777,0,0,0,301,301,C
7-M,778,0,0,301,0,301,G
7-M,779,301,0,0,0,301,A
7-M,780,302,0,0,0,302,A
7-M,781,0,302,0,0,302,T
7-M,782,304,0,0,0,304,A
7-M,783,0,305,0,0,305,T
7-M,784,2,0,0,306,308,C
7-M,785,308,0,0,0,308,A
7-M,786,0,309,0,0,309,T
7-M,787,0,303,0,0,303,T
7-M,788,0,0,302,0,302,G
7-M,789,0,0,302,0,302,G
7-M,790,0,0,304,0,304,G
7-M,791,307,0,0,0,307,A
7-M,792,0,307,0,0,307,T
7-M,793,0,0,0,295,295,C
7-M,794,0,297,0,0,297,T
7-M,795,0,297,0,1,298,T
7-M,796,0,0,299,0,299,G
7-M,797,0,1,0,299,300,C
7-M,798,301,0,0,0,301,A
7-M,799,0,0,0,301,301,C
7-M,800,0,297,0,0,297,T
7-M,801,0,298,0,0,298,T
7-M,802,0,1,299,0,300,G
7-M,803,300,0,0,0,300,A
7-M,804,0,302,0,0,302,T
7-M,805,297,0,0,0,297,A
7-M,806,0,296,0,0,296,T
7-M,807,0,285,0,1,286,T
7-M,808,0,0,288,0,288,G
7-M,809,0,286,0,0,286,T
7-M,810,0,0,285,0,285,G
7-M,811,0,0,283,0,283,G
7-M,812,277,0,0,0,277,A
7-M,813,0,275,0,0,275,T
7-M,814,0,276,0,0,276,T
7-M,815,0,0,0,274,274,C
7-M,816,0,276,0,0,276,T
7-M,817,0,271,0,2,273,T
7-M,818,0,1,271,0,272,G
7-M,819,272,0,0,0,272,A
7-M,820,0,271,0,1,272,T
7-M,821,2,0,0,266,268,C
7-M,822,0,0,268,0,268,G
7-M,823,0,267,0,1,268,T
7-M,824,1,0,0,266,267,C
7-M,825,0,268,0,0,268,T
7-M,826,1,265,0,0,266,T
7-M,827,0,268,0,0,268,T
7-M,828,0,267,0,0,267,T
7-M,829,0,268,0,1,269,T
7-M,830,0,269,0,0,269,T
7-M,831,0,267,0,2,269,T
7-M,832,1,0,0,268,269,C
7-M,833,269,0,0,0,269,A
7-M,834,270,0,0,0,270,A
7-M,835,270,0,0,0,270,A
7-M,836,0,270,0,0,270,T
7-M,837,0,0,270,0,270,G
7-M,838,0,0,0,266,266,C
7-M,839,0,0,267,0,267,G
7-M,840,0,269,0,0,269,T
7-M,841,0,0,0,268,268,C
7-M,842,0,268,0,1,269,T
7-M,843,269,0,0,0,269,A
7-M,844,0,270,0,0,270,T
7-M,845,1,0,0,269,270,C
7-M,846,1,0,266,0,267,G
7-M,847,264,0,1,0,265,A
7-M,848,0,0,0,266,266,C
7-M,849,0,256,0,0,256,T
7-M,850,0,0,0,258,258,C
7-M,851,0,258,0,1,259,T
7-M,852,1,258,0,0,259,T
7-M,853,0,0,0,258,258,C
7-M,854,259,0,0,0,259,A
7-M,855,258,0,0,1,259,A
7-M,856,256,0,0,1,257,A
7-M,857,0,0,0,257,257,C
7-M,858,256,0,0,0,256,A
7-M,859,0,0,0,244,244,C
7-M,860,0,0,240,0,240,G
7-M,861,0,0,254,0,254,G
7-M,862,0,0,0,254,254,C
7-M,863,0,0,0,254,254,C
7-M,864,0,253,0,0,253,T
7-M,865,0,253,1,0,254,T
7-M,866,254,0,0,0,254,A
7-M,867,252,0,0,0,252,A
7-M,868,255,0,0,0,255,A
7-M,869,253,0,1,0,254,A
7-M,870,0,0,251,0,251,G
7-M,871,215,0,0,0,215,A
7-M,872,0,0,213,0,213,G
7-M,873,0,0,213,0,213,G
7-M,874,0,0,0,211,211,C
7-M,875,0,1,0,209,210,C
7-M,876,0,0,0,210,210,C
7-M,877,0,208,0,2,210,T
7-M,878,0,212,0,0,212,T
7-M,879,0,0,0,212,212,C
7-M,880,0,212,0,0,212,T
7-M,881,213,0,0,0,213,A
7-M,882,0,1,0,212,213,C
7-M,883,0,0,208,0,208,G
7-M,884,0,0,208,0,208,G
7-M,885,200,0,1,0,201,A
7-M,886,200,0,0,0,200,A
7-M,887,0,0,198,0,198,G
7-M,888,0,0,199,0,199,G
7-M,889,194,0,0,0,194,A
7-M,890,0,0,198,0,198,G
7-M,891,0,197,0,0,197,T
7-M,892,198,0,0,0,198,A
7-M,893,1,0,0,196,197,C
7-M,894,0,0,0,198,198,C
7-M,895,0,198,0,0,198,T
7-M,896,0,0,196,0,196,G
7-M,897,187,0,0,0,187,A
7-M,898,0,0,190,0,190,G
7-M,899,0,178,0,1,179,T
7-M,900,1,0,0,177,178,C
7-M,901,0,172,0,0,172,T
7-M,902,172,0,0,0,172,A
7-M,903,0,172,0,0,172,T
7-M,904,0,0,171,0,171,G
7-M,905,167,0,0,0,167,A
7-M,906,0,0,164,0,164,G
7-M,907,0,0,149,0,149,G
7-M,908,0,0,149,0,149,G
7-M,909,145,0,0,0,145,A
7-M,910,146,0,0,0,146,A
7-M,911,0,0,146,0,146,G
7-M,912,145,0,0,0,145,A
7-M,913,146,0,1,0,147,A
7-M,914,0,147,0,0,147,T
7-M,915,143,0,0,0,143,A
7-M,916,0,144,0,0,144,T
7-M,917,0,1,0,140,141,C
7-M,918,0,0,141,0,141,G
7-M,919,140,0,0,0,140,A
7-M,920,137,0,0,0,137,A
7-M,921,137,0,0,0,137,A
7-M,922,0,0,135,0,135,G
7-M,923,0,0,135,0,135,G
7-M,924,132,0,0,0,132,A
7-M,925,131,0,0,0,131,A
7-M,926,0,0,0,131,131,C
7-M,927,127,0,0,0,127,A
7-M,928,0,0,127,0,127,G
7-M,929,0,0,0,127,127,C
7-M,930,126,0,0,0,126,A
7-M,931,0,0,126,0,126,G
7-M,932,117,0,0,0,117,A
7-M,933,117,0,0,0,117,A
7-M,934,0,117,0,0,117,T
7-M,935,0,0,110,0,110,G
7-M,936,0,0,0,110,110,C
7-M,937,0,99,0,0,99,T
7-M,938,0,0,99,0,99,G
7-M,939,0,97,0,0,97,T
7-M,940,0,1,94,0,95,G
7-M,941,0,0,95,0,95,G
7-M,942,94,0,0,0,94,A
7-M,943,0,94,0,0,94,T
7-M,944,0,0,92,0,92,G
7-M,945,0,0,0,90,90,C
7-M,946,0,83,0,0,83,T
7-M,947,0,0,82,0,82,G
7-M,948,81,0,0,0,81,A
7-M,949,0,0,0,81,81,C
7-M,950,0,0,79,0,79,G
7-M,951,77,0,0,0,77,A
7-M,952,0,0,0,77,77,C
7-M,953,75,0,0,0,75,A
7-M,954,0,0,75,0,75,G
7-M,955,0,74,0,0,74,T
7-M,956,0,0,0,74,74,C
7-M,957,74,0,0,0,74,A
7-M,958,0,74,0,0,74,T
7-M,959,0,73,0,0,73,T
7-M,960,0,73,0,0,73,T
7-M,961,0,73,0,0,73,T
7-M,962,0,0,73,0,73,G
7-M,963,0,69,0,0,69,T
7-M,964,0,0,0,69,69,C
7-M,965,64,0,0,0,64,A
7-M,966,0,0,63,0,63,G
7-M,967,1,0,0,62,63,C
7-M,968,64,0,0,0,64,A
7-M,969,0,64,0,0,64,T
7-M,970,62,0,0,0,62,A
7-M,971,0,0,62,0,62,G
7-M,972,60,0,0,0,60,A
7-M,973,0,0,59,0,59,G
7-M,974,0,58,0,0,58,T
7-M,975,0,41,0,0,41,T
7-M,976,1,0,40,0,41,G
7-M,977,0,0,41,0,41,G
7-M,978,41,0,0,0,41,A
7-M,979,0,0,41,0,41,G
7-M,980,0,31,0,0,31,T
7-M,981,30,0,0,0,30,A
7-M,982,30,0,0,0,30,A
8-NS,1,329,0,0,0,329,A
8-NS,2,0,329,0,0,329,T
8-NS,3,0,0,344,0,344,G
8-NS,4,0,1,361,0,362,G
8-NS,5,383,0,2,0,385,A
8-NS,6,0,733,0,0,733,T
8-NS,7,0,732,0,1,733,T
8-NS,8,0,1,0,766,767,C
8-NS,9,0,2,0,768,770,C
8-NS,10,773,0,0,0,773,A
8-NS,11,780,0,2,0,782,A
8-NS,12,0,0,0,785,785,C
8-NS,13,788,0,0,0,788,A
8-NS,14,0,0,0,800,800,C
8-NS,15,0,800,0,0,800,T
8-NS,16,0,0,896,0,896,G
8-NS,17,0,896,0,0,896,T
8-NS,18,0,0,910,0,910,G
8-NS,19,0,907,0,3,910,T
8-NS,20,2,0,0,908,910,C
8-NS,21,910,0,0,0,910,A
8-NS,22,909,0,0,0,909,A
8-NS,23,0,0,924,0,924,G
8-NS,24,0,942,0,1,943,T
8-NS,25,1,936,0,1,938,T
8-NS,26,0,949,0,0,949,T
8-NS,27,0,0,0,949,949,C
8-NS,28,0,0,0,952,952,C
8-NS,29,948,0,2,0,950,A
8-NS,30,0,1,962,0,963,G
8-NS,31,0,0,975,0,975,G
8-NS,32,0,976,0,1,977,T
8-NS,33,975,0,0,0,975,A
8-NS,34,0,2,982,0,984,G
8-NS,35,985,0,0,0,985,A
8-NS,36,0,988,0,2,990,T
8-NS,37,0,987,0,0,987,T
8-NS,38,1,1,995,0,997,G
8-NS,39,0,1,0,995,996,C
8-NS,40,0,995,0,2,997,T
8-NS,41,1,1009,0,1,1011,T
8-NS,42,2,1007,0,2,1011,T
8-NS,43,0,0,0,1031,1031,C
8-NS,44,1,1022,1,2,1026,T
8-NS,45,0,1028,0,1,1029,T
8-NS,46,0,1029,0,0,1029,T
8-NS,47,0,2,1032,0,1034,G
8-NS,48,0,0,1044,0,1044,G
8-NS,49,0,0,0,1041,1041,C
8-NS,50,1040,0,0,0,1040,A
8-NS,51,0,1040,0,0,1040,T
8-NS,52,1049,0,0,0,1049,A
8-NS,53,0,1116,0,0,1116,T
8-NS,54,2,0,0,1124,1126,C
8-NS,55,0,0,0,1124,1124,C
8-NS,56,0,0,1123,0,1123,G
8-NS,57,0,1121,0,1,1122,T
8-NS,58,1136,0,1,0,1137,A
8-NS,59,1144,0,1,0,1145,A
8-NS,60,1142,0,0,0,1142,A
8-NS,61,1,0,0,1146,1147,C
8-NS,62,1136,0,0,0,1136,A
8-NS,63,1135,1,0,0,1136,A
8-NS,64,0,0,1193,0,1193,G
8-NS,65,0,1193,0,0,1193,T
8-NS,66,1,1188,0,0,1189,T
8-NS,67,0,0,1192,0,1192,G
8-NS,68,1,1191,0,0,1192,T
8-NS,69,1189,0,0,0,1189,A
8-NS,70,0,1,1193,0,1194,G
8-NS,71,1256,0,2,0,1258,A
8-NS,72,0,0,1,1275,1276,C
8-NS,73,0,0,0,1264,1264,C
8-NS,74,1264,0,1,0,1265,A
8-NS,75,1271,0,2,0,1273,A
8-NS,76,0,6,1327,0,1333,G
8-NS,77,1333,1,0,0,1334,A
8-NS,78,1338,1,5,0,1344,A
8-NS,79,1,1,0,1342,1344,C
8-NS,80,0,1325,0,4,1329,T
8-NS,81,0,2,1338,0,1340,G
8-NS,82,1336,1,1,0,1338,A
8-NS,83,0,0,1376,0,1376,G
8-NS,84,0,1376,0,0,1376,T
8-NS,85,0,4,1360,0,1364,G
8-NS,86,1362,1,4,0,1367,A
8-NS,87,0,1366,0,1,1367,T
8-NS,88,0,1,1374,0,1375,G
8-NS,89,0,1,0,1393,1394,C
8-NS,90,0,0,0,1406,1406,C
8-NS,91,1,0,0,1404,1405,C
8-NS,92,1,0,0,1398,1399,C
8-NS,93,1403,0,0,4,1407,A
8-NS,94,0,1429,0,1,1430,T
8-NS,95,1,1439,0,0,1440,T
8-NS,96,3,0,0,1447,1450,C
8-NS,97,0,0,0,1451,1451,C
8-NS,98,0,1453,0,2,1455,T
8-NS,99,0,1448,0,0,1448,T
8-NS,100,0,2,1447,0,1449,G
8-NS,101,1443,1,1,0,1445,A
8-NS,102,0,1443,0,1,1444,T
8-NS,103,1,0,0,1437,1438,C
8-NS,104,1,3,1428,0,1432,G
8-NS,105,0,1,1443,0,1444,G
8-NS,106,0,0,0,1444,1444,C
8-NS,107,0,1437,0,3,1440,T
8-NS,108,1,1441,0,0,1442,T
8-NS,109,2,0,1,1444,1447,C
8-NS,110,0,0,1457,0,1457,G
8-NS,111,0,0,0,1455,1455,C
8-NS,112,4,0,0,1451,1455,C
8-NS,113,0,4,1455,0,1459,G
8-NS,114,1455,1,0,0,1456,A
8-NS,115,1,1,1504,0,1506,G
8-NS,116,1506,0,1,0,1507,A
8-NS,117,1,1516,0,0,1517,T
8-NS,118,2,0,0,1513,1515,C
8-NS,119,1513,0,2,1,1516,A
8-NS,120,0,0,1522,0,1522,G
8-NS,121,1525,0,1,0,1526,A
8-NS,122,1,3,1524,1,1529,G
8-NS,123,0,0,1550,0,1550,G
8-NS,124,1,1560,0,1,1562,T
8-NS,125,0,2,0,1652,1654,C
8-NS,126,1,3,0,1650,1654,C
8-NS,127,2,0,0,1664,1666,C
8-NS,128,0,1665,0,3,1668,T
8-NS,129,1675,0,1,0,1676,A
8-NS,130,1673,1,0,0,1674,A
8-NS,131,1,0,1687,0,1688,G
8-NS,132,0,4,1683,0,1687,G
8-NS,133,2,0,1675,0,1677,G
8-NS,134,0,1,1648,0,1649,G
8-NS,135,1630,0,6,0,1636,A
8-NS,136,1641,0,2,0,1643,A
8-NS,137,1,1,1653,0,1655,G
8-NS,138,1693,0,0,0,1693,A
8-NS,139,0,0,1708,0,1708,G
8-NS,140,0,0,1706,0,1706,G
8-NS,141,1,0,0,1701,1702,C
8-NS,142,1699,2,2,0,1703,A
8-NS,143,1705,1,0,0,1706,A
8-NS,144,0,1700,0,2,1702,T
8-NS,145,1721,0,3,0,1724,A
8-NS,146,0,1,1,1747,1749,C
8-NS,147,0,1720,0,2,1722,T
8-NS,148,2,0,0,1719,1721,C
8-NS,149,0,1703,0,0,1703,T
8-NS,150,1,1,0,1707,1709,C
8-NS,151,0,2,1720,0,1722,G
8-NS,152,1,0,1797,1,1799,G
8-NS,153,0,1797,0,1,1798,T
8-NS,154,4,0,0,1805,1809,C
8-NS,155,3,1795,0,4,1802,T
8-NS,156,1824,1,0,0,1825,A
8-NS,157,0,4,1821,0,1825,G
8-NS,158,1823,1,4,0,1828,A
8-NS,159,0,1,0,1871,1872,C
8-NS,160,1848,0,1,0,1849,A
8-NS,161,0,1816,0,2,1818,T
8-NS,162,2,0,0,1821,1823,C
8-NS,163,1820,0,3,0,1823,A
8-NS,164,1820,0,0,0,1820,A
8-NS,165,1810,0,4,3,1817,A
8-NS,166,0,1,1824,0,1825,G
8-NS,167,0,1,0,1830,1831,C
8-NS,168,1811,0,1,1,1813,A
8-NS,169,1,0,1823,0,1824,G
8-NS,170,0,1,0,1827,1828,C
8-NS,171,0,0,0,1827,1827,C
8-NS,172,1837,1,0,0,1838,A
8-NS,173,0,1,0,1862,1863,C
8-NS,174,1,2,0,1861,1864,C
8-NS,175,0,0,0,1869,1869,C
8-NS,176,1888,1,1,0,1890,A
8-NS,177,2,1884,0,2,1888,T
8-NS,178,1,0,1888,0,1889,G
8-NS,179,0,1883,2,1,1886,T
8-NS,180,0,1879,0,3,1882,T
8-NS,181,2,2,1867,0,1871,G
8-NS,182,0,2,1860,0,1862,G
8-NS,183,1851,0,1,0,1852,A
8-NS,184,1857,0,2,0,1859,A
8-NS,185,1830,0,2,0,1832,A
8-NS,186,0,0,1853,0,1853,G
8-NS,187,0,0,0,1854,1854,C
8-NS,188,1847,0,4,0,1851,A
8-NS,189,1840,1,4,0,1845,A
8-NS,190,1844,1,2,0,1847,A
8-NS,191,0,1851,0,1,1852,T
8-NS,192,1,1851,0,2,1854,T
8-NS,193,0,0,1888,0,1888,G
8-NS,194,1,1889,0,1,1891,T
8-NS,195,1877,1,1,0,1879,A
8-NS,196,0,4,1889,0,1893,G
8-NS,197,1896,0,2,0,1898,A
8-NS,198,1883,1,3,1,1888,A
8-NS,199,1897,0,0,0,1897,A
8-NS,200,1875,1,6,0,1882,A
8-NS,201,64,2,1828,0,1894,G
8-NS,202,1872,0,2,0,1874,A
8-NS,203,0,1874,0,1,1875,T
8-NS,204,0,1877,0,2,1879,T
8-NS,205,1,0,0,1884,1885,C
8-NS,206,2,1867,2,1,1872,T
8-NS,207,0,4,1867,1,1872,G
8-NS,208,1870,0,2,0,1872,A
8-NS,209,1878,0,1,0,1879,A
8-NS,210,1871,0,0,0,1871,A
8-NS,211,0,2,1878,0,1880,G
8-NS,212,1875,0,0,0,1875,A
8-NS,213,1878,0,1,0,1879,A
8-NS,214,0,3,1888,0,1891,G
8-NS,215,1899,0,5,0,1904,A
8-NS,216,1915,0,3,0,1918,A
8-NS,217,0,1920,0,0,1920,T
8-NS,218,2,1,0,1928,1931,C
8-NS,219,1,1925,0,0,1926,T
8-NS,220,0,2,1939,0,1941,G
8-NS,221,1934,1,3,0,1938,A
8-NS,222,2,1935,0,0,1937,T
8-NS,223,0,4,1928,0,1932,G
8-NS,224,1908,0,7,0,1915,A
8-NS,225,0,0,1903,0,1903,G
8-NS,226,0,1,1902,0,1903,G
8-NS,227,1,0,0,1897,1898,C
8-NS,228,1912,1,0,0,1913,A
8-NS,229,0,0,0,1958,1958,C
8-NS,230,0,1953,0,1,1954,T
8-NS,231,0,1971,1,0,1972,T
8-NS,232,1975,0,0,0,1975,A
8-NS,233,1975,0,2,0,1977,A
8-NS,234,1969,1,2,0,1972,A
8-NS,235,1975,0,1,0,1976,A
8-NS,236,0,1970,0,3,1973,T
8-NS,237,0,5,1970,0,1975,G
8-NS,238,1970,2,3,0,1975,A
8-NS,239,0,0,0,1976,1976,C
8-NS,240,4,0,0,1965,1969,C
8-NS,241,1971,0,2,0,1973,A
8-NS,242,1,1967,0,2,1970,T
8-NS,243,0,2,2002,0,2004,G
8-NS,244,0,0,2031,0,2031,G
8-NS,245,1,2030,0,3,2034,T
8-NS,246,5,1,0,2120,2126,C
8-NS,247,0,2122,0,1,2123,T
8-NS,248,2,0,1,2139,2142,C
8-NS,249,0,0,1,2134,2135,C
8-NS,250,2147,0,2,0,2149,A
8-NS,251,0,0,0,2159,2159,C
8-NS,252,2129,1,3,0,2133,A
8-NS,253,1,0,1,2130,2132,C
8-NS,254,0,1,0,2122,2123,C
8-NS,255,1,2042,0,3,2046,T
8-NS,256,0,0,2052,0,2052,G
8-NS,257,2,1,0,2036,2039,C
8-NS,258,0,2028,0,6,2034,T
8-NS,259,1,2046,0,1,2048,T
8-NS,260,3,1,0,2030,2034,C
8-NS,261,1,0,2030,0,2031,G
8-NS,262,1,0,0,2029,2030,C
8-NS,263,1,4,2022,0,2027,G
8-NS,264,2120,0,6,0,2126,A
8-NS,265,0,2118,1,0,2119,T
8-NS,266,2194,2,1,2,2199,A
8-NS,267,1,1,0,2201,2203,C
8-NS,268,2194,0,0,0,2194,A
8-NS,269,0,2242,0,1,2243,T
8-NS,270,2231,0,1,0,2232,A
8-NS,271,2230,1,4,0,2235,A
8-NS,272,0,0,0,2236,2236,C
8-NS,273,0,2169,0,1,2170,T
8-NS,274,0,6,2178,1,2185,G
8-NS,275,2157,1,3,0,2161,A
8-NS,276,0,1,0,2169,2170,C
8-NS,277,2158,2,4,0,2164,A
8-NS,278,0,2152,0,2,2154,T
8-NS,279,1,5,2154,0,2160,G
8-NS,280,2159,0,1,0,2160,A
8-NS,281,0,0,0,2218,2218,C
8-NS,282,0,2212,0,1,2213,T
8-NS,283,2231,1,1,0,2233,A
8-NS,284,0,2228,2,2,2232,T
8-NS,285,0,2217,0,2,2219,T
8-NS,286,0,5,2216,0,2221,G
8-NS,287,2204,0,4,0,2208,A
8-NS,288,0,5,2198,0,2203,G
8-NS,289,0,5,2197,0,2202,G
8-NS,290,2140,1,2,0,2143,A
8-NS,291,2150,0,0,0,2150,A
8-NS,292,0,2116,0,0,2116,T
8-NS,293,0,2121,1,1,2123,T
8-NS,294,0,0,2164,0,2164,G
8-NS,295,1,2158,0,4,2163,T
8-NS,296,11,1,0,2149,2161,C
8-NS,297,2162,0,2,0,2164,A
8-NS,298,2160,0,3,0,2163,A
8-NS,299,0,6,2166,0,2172,G
8-NS,300,2173,0,1,0,2174,A
8-NS,301,2170,1,4,0,2175,A
8-NS,302,2171,0,4,0,2175,A
8-NS,303,0,0,0,2170,2170,C
8-NS,304,2,2147,0,0,2149,T
8-NS,305,2,6,2175,0,2183,G
8-NS,306,4,3,2203,1,2211,G
8-NS,307,0,2206,0,1,2207,T
8-NS,308,1,2206,0,1,2208,T
8-NS,309,8,5,0,2188,2201,C
8-NS,310,2205,0,2,0,2207,A
8-NS,311,0,2233,0,3,2236,T
8-NS,312,0,1,2247,0,2248,G
8-NS,313,1,0,0,2256,2257,C
8-NS,314,0,2234,0,4,2238,T
8-NS,315,2205,1,0,0,2206,A
8-NS,316,2228,0,0,0,2228,A
8-NS,317,0,2241,0,2,2243,T
8-NS,318,1,0,2248,0,2249,G
8-NS,319,1,0,0,2238,2239,C
8-NS,320,0,0,0,2219,2219,C
8-NS,321,1,1,0,2212,2214,C
8-NS,322,2197,1,1,0,2199,A
8-NS,323,2199,0,1,0,2200,A
8-NS,324,1,0,2209,0,2210,G
8-NS,325,1,1,0,2204,2206,C
8-NS,326,2196,0,0,0,2196,A
8-NS,327,0,3,2200,0,2203,G
8-NS,328,2195,1,3,0,2199,A
8-NS,329,2194,0,1,0,2195,A
8-NS,330,2193,0,3,0,2196,A
8-NS,331,2174,2,0,0,2176,A
8-NS,332,0,2199,0,0,2199,T
8-NS,333,1,0,2205,0,2206,G
8-NS,334,2,0,2207,0,2209,G
8-NS,335,2206,1,0,0,2207,A
8-NS,336,2184,0,2,0,2186,A
8-NS,337,0,4,2191,0,2195,G
8-NS,338,0,3,2251,0,2254,G
8-NS,339,2268,1,0,0,2269,A
8-NS,340,1,0,0,2266,2267,C
8-NS,341,2,0,0,2260,2262,C
8-NS,342,1,1953,1,306,2261,T
8-NS,343,1,1,0,2290,2292,C
8-NS,344,0,2284,0,0,2284,T
8-NS,345,1,2294,0,0,2295,T
8-NS,346,0,2287,0,3,2290,T
8-NS,347,1,0,2236,0,2237,G
8-NS,348,0,0,0,2247,2247,C
8-NS,349,2217,1,3,0,2221,A
8-NS,350,0,2217,1,1,2219,T
8-NS,351,3,3,0,2211,2217,C
8-NS,352,2221,0,0,0,2221,A
8-NS,353,0,2,2303,0,2305,G
8-NS,354,2296,0,5,2,2303,A
8-NS,355,2311,0,2,2,2315,A
8-NS,356,0,2300,1,0,2301,T
8-NS,357,1,2,2279,1,2283,G
8-NS,358,9,7,2281,0,2297,G
8-NS,359,2297,0,1,0,2298,A
8-NS,360,2,1,0,2290,2293,C
8-NS,361,1,1,0,2245,2247,C
8-NS,362,2216,0,0,0,2216,A
8-NS,363,7,2,2233,0,2242,G
8-NS,364,1,4,2231,0,2236,G
8-NS,365,3,0,0,2233,2236,C
8-NS,366,2228,0,2,0,2230,A
8-NS,367,2234,0,3,0,2237,A
8-NS,368,1,2230,0,0,2231,T
8-NS,369,4,0,0,2223,2227,C
8-NS,370,2226,1,2,0,2229,A
8-NS,371,0,2220,0,2,2222,T
8-NS,372,0,2,2200,0,2202,G
8-NS,373,3,4,2200,0,2207,G
8-NS,374,2197,0,5,0,2202,A
8-NS,375,0,8,2222,0,2230,G
8-NS,376,2192,0,1,0,2193,A
8-NS,377,2193,0,4,0,2197,A
8-NS,378,2198,0,5,0,2203,A
8-NS,379,2204,0,3,0,2207,A
8-NS,380,2217,1,0,0,2218,A
8-NS,381,0,0,0,2221,2221,C
8-NS,382,2213,1,0,0,2214,A
8-NS,383,0,2203,0,0,2203,T
8-NS,384,2,0,0,2176,2178,C
8-NS,385,2178,0,1,0,2179,A
8-NS,386,0,2181,0,2,2183,T
8-NS,387,0,0,2188,0,2188,G
8-NS,388,0,2188,0,1,2189,T
8-NS,389,0,2163,0,4,2167,T
8-NS,390,0,6,2154,2,2162,G
8-NS,391,2151,1,1,0,2153,A
8-NS,392,2149,1,1,0,2151,A
8-NS,393,2155,0,2,0,2157,A
8-NS,394,0,0,2161,0,2161,G
8-NS,395,2,4,0,2147,2153,C
8-NS,396,0,7,2151,0,2158,G
8-NS,397,2154,0,3,0,2157,A
8-NS,398,2156,1,1,0,2158,A
8-NS,399,0,2154,1,2,2157,T
8-NS,400,0,2152,1,6,2159,T
8-NS,401,0,2164,0,0,2164,T
8-NS,402,2,1,0,2165,2168,C
8-NS,403,2152,0,0,0,2152,A
8-NS,404,0,0,2149,1,2150,G
8-NS,405,1,2143,0,3,2147,T
8-NS,406,1,0,2147,0,2148,G
8-NS,407,1,2139,0,2,2142,T
8-NS,408,0,8,2146,1,2155,G
8-NS,409,2168,0,0,0,2168,A
8-NS,410,0,2159,0,0,2159,T
8-NS,411,0,2162,0,2,2164,T
8-NS,412,0,2155,0,2,2157,T
8-NS,413,0,2161,0,0,2161,T
8-NS,414,0,2161,0,0,2161,T
8-NS,415,1,7,2149,1,2158,G
8-NS,416,2159,0,4,0,2163,A
8-NS,417,0,1,0,2162,2163,C
8-NS,418,1,3,0,2133,2137,C
8-NS,419,0,1,2145,0,2146,G
8-NS,420,2282,0,2,0,2284,A
8-NS,421,0,0,0,2319,2319,C
8-NS,422,1,2324,0,1,2326,T
8-NS,423,2336,2,2,0,2340,A
8-NS,424,0,3,2341,0,2344,G
8-NS,425,2338,0,4,0,2342,A
8-NS,426,0,5,2357,0,2362,G
8-NS,427,2350,0,4,0,2354,A
8-NS,428,0,1,0,2424,2425,C
8-NS,429,3,1,1,2305,2310,C
8-NS,430,2241,1,1,0,2243,A
8-NS,431,0,2371,0,0,2371,T
8-NS,432,2360,1,0,0,2361,A
8-NS,433,1,0,2521,1,2523,G
8-NS,434,0,2500,0,0,2500,T
8-NS,435,2487,0,1,0,2488,A
8-NS,436,0,2487,0,4,2491,T
8-NS,437,0,2429,0,1,2430,T
8-NS,438,2493,0,2,1,2496,A
8-NS,439,1,0,0,2492,2493,C
8-NS,440,1,2389,0,1,2391,T
8-NS,441,2380,0,4,0,2384,A
8-NS,442,2165,0,0,0,2165,A
8-NS,443,0,2,2177,0,2179,G
8-NS,444,0,1,2171,0,2172,G
8-NS,445,1,0,2179,0,2180,G
8-NS,446,3,1,0,2144,2148,C
8-NS,447,0,2112,0,4,2116,T
8-NS,448,0,2101,0,5,2106,T
8-NS,449,2,2136,0,4,2142,T
8-NS,450,5,0,1,2148,2154,C
8-NS,451,2182,0,2,0,2184,A
8-NS,452,0,1,2,2188,2191,C
8-NS,453,0,5,0,2167,2172,C
8-NS,454,2,2,2169,0,2173,G
8-NS,455,2174,0,0,0,2174,A
8-NS,456,2170,1,0,0,2171,A
8-NS,457,1,3,2175,0,2179,G
8-NS,458,2147,0,3,0,2150,A
8-NS,459,1,1,2158,0,2160,G
8-NS,460,1,0,2138,0,2139,G
8-NS,461,1,7,2155,0,2163,G
8-NS,462,2149,0,6,0,2155,A
8-NS,463,0,1,2155,0,2156,G
8-NS,464,2,0,0,2143,2145,C
8-NS,465,2149,0,1,0,2150,A
8-NS,466,2149,0,1,0,2150,A
8-NS,467,0,2144,0,2,2146,T
8-NS,468,0,2142,0,0,2142,T
8-NS,469,2,0,2146,0,2148,G
8-NS,470,0,2107,0,0,2107,T
8-NS,471,0,2101,0,0,2101,T
8-NS,472,4,2,2097,0,2103,G
8-NS,473,0,0,2109,0,2109,G
8-NS,474,2,0,1,2107,2110,C
8-NS,475,1,3,2105,0,2109,G
8-NS,476,2111,1,0,0,2112,A
8-NS,477,2119,3,1,0,2123,A
8-NS,478,2133,1,0,0,2134,A
8-NS,479,0,2137,0,1,2138,T
8-NS,480,2,1,0,2137,2140,C
8-NS,481,0,2130,0,3,2133,T
8-NS,482,2,0,0,2145,2147,C
8-NS,483,2150,1,2,0,2153,A
8-NS,484,1,0,0,2152,2153,C
8-NS,485,2,0,0,2152,2154,C
8-NS,486,2138,0,1,0,2139,A
8-NS,487,0,2131,0,4,2135,T
8-NS,488,0,2119,0,1,2120,T
8-NS,489,1,0,2118,0,2119,G
8-NS,490,1,1,0,2115,2117,C
8-NS,491,3,0,0,2115,2118,C
8-NS,492,0,2111,0,4,2115,T
8-NS,493,1,2109,0,0,2110,T
8-NS,494,2,0,0,2119,2121,C
8-NS,495,1,2115,0,1,2117,T
8-NS,496,1,2120,0,1,2122,T
8-NS,497,0,2159,0,0,2159,T
8-NS,498,1,2145,1,2,2149,T
8-NS,499,5,1,0,2148,2154,C
8-NS,500,4,2,0,2148,2154,C
8-NS,501,2145,0,2,1,2148,A
8-NS,502,0,1,2176,0,2177,G
8-NS,503,1,1,2167,0,2169,G
8-NS,504,2196,1,3,0,2200,A
8-NS,505,1,2,0,2202,2205,C
8-NS,506,2232,1,1,0,2234,A
8-NS,507,0,2235,0,1,2236,T
8-NS,508,2232,0,2,0,2234,A
8-NS,509,0,0,0,2391,2391,C
8-NS,510,0,2383,0,1,2384,T
8-NS,511,2378,1,0,0,2379,A
8-NS,512,0,2364,0,6,2370,T
8-NS,513,0,2292,0,2,2294,T
8-NS,514,2,2,2290,0,2294,G
8-NS,515,2212,0,6,0,2218,A
8-NS,516,0,4,2211,0,2215,G
8-NS,517,0,2,2204,0,2206,G
8-NS,518,1989,1,4,0,1994,A
8-NS,519,1,2000,0,2,2003,T
8-NS,520,0,0,2005,0,2005,G
8-NS,521,1,1996,0,3,2000,T
8-NS,522,7,1,1,1989,1998,C
8-NS,523,2004,1,1,0,2006,A
8-NS,524,2000,0,0,0,2000,A
8-NS,525,2000,1,1,0,2002,A
8-NS,526,1996,0,0,0,1996,A
8-NS,527,2008,0,1,0,2009,A
8-NS,528,0,1997,0,2,1999,T
8-NS,529,1,1,2000,0,2002,G
8-NS,530,0,1,0,2011,2012,C
8-NS,531,2000,0,1,0,2001,A
8-NS,532,2009,0,1,0,2010,A
8-NS,533,1,2010,0,0,2011,T
8-NS,534,0,2013,0,1,2014,T
8-NS,535,0,2,2012,0,2014,G
8-NS,536,1,1,1991,0,1993,G
8-NS,537,0,3,1988,0,1991,G
8-NS,538,2,0,2010,0,2012,G
8-NS,539,0,1976,0,7,1983,T
8-NS,540,4,1,0,1981,1986,C
8-NS,541,4,0,0,1999,2003,C
8-NS,542,1,1992,0,5,1998,T
8-NS,543,3,1,0,2012,2016,C
8-NS,544,2014,0,1,1,2016,A
8-NS,545,0,2021,0,2,2023,T
8-NS,546,2,2,0,2015,2019,C
8-NS,547,1,0,2002,0,2003,G
8-NS,548,1,1,2002,0,2004,G
8-NS,549,1958,0,4,1,1963,A
8-NS,550,0,3,1954,1,1958,G
8-NS,551,0,5,1969,0,1974,G
8-NS,552,1951,1,1,0,1953,A
8-NS,553,0,2,0,1964,1966,C
8-NS,554,0,1958,0,1,1959,T
8-NS,555,0,1960,0,1,1961,T
8-NS,556,0,6,1969,0,1975,G
8-NS,557,1965,1,0,0,1966,A
8-NS,558,1970,0,1,0,1971,A
8-NS,559,0,1966,1,1,1968,T
8-NS,560,0,3,1933,0,1936,G
8-NS,561,0,1,1947,0,1948,G
8-NS,562,1930,0,1,0,1931,A
8-NS,563,1938,0,4,0,1942,A
8-NS,564,0,2003,0,1,2004,T
8-NS,565,0,3,2015,0,2018,G
8-NS,566,2028,0,4,0,2032,A
8-NS,567,1,2029,0,1,2031,T
8-NS,568,2027,0,0,0,2027,A
8-NS,569,2032,0,4,1,2037,A
8-NS,570,1,1,0,2030,2032,C
8-NS,571,2003,0,2,1,2006,A
8-NS,572,0,1,0,2009,2010,C
8-NS,573,1840,0,4,0,1844,A
8-NS,574,1,0,1871,0,1872,G
8-NS,575,0,1853,0,2,1855,T
8-NS,576,0,1850,0,0,1850,T
8-NS,577,3,0,0,1848,1851,C
8-NS,578,1,2,1844,0,1847,G
8-NS,579,1842,0,1,0,1843,A
8-NS,580,0,0,1839,0,1839,G
8-NS,581,1,1816,0,4,1821,T
8-NS,582,5,0,0,1830,1835,C
8-NS,583,1,1812,0,5,1818,T
8-NS,584,4,1,0,1818,1823,C
8-NS,585,0,1830,0,2,1832,T
8-NS,586,1829,0,1,0,1830,A
8-NS,587,1827,0,2,0,1829,A
8-NS,588,1822,0,2,0,1824,A
8-NS,589,1846,0,2,0,1848,A
8-NS,590,1847,1,1,0,1849,A
8-NS,591,0,1826,0,1,1827,T
8-NS,592,1,1,0,1839,1841,C
8-NS,593,0,1823,0,0,1823,T
8-NS,594,1829,0,0,0,1829,A
8-NS,595,0,1,0,1825,1826,C
8-NS,596,1825,0,1,0,1826,A
8-NS,597,0,3,1819,0,1822,G
8-NS,598,1796,0,1,0,1797,A
8-NS,599,0,3,1798,0,1801,G
8-NS,600,1799,0,2,0,1801,A
8-NS,601,0,1773,0,1,1774,T
8-NS,602,1,1775,0,3,1779,T
8-NS,603,6,1,0,1774,1781,C
8-NS,604,0,1,1786,0,1787,G
8-NS,605,0,1,0,1786,1787,C
8-NS,606,0,1777,0,2,1779,T
8-NS,607,1,1781,0,0,1782,T
8-NS,608,1,0,1769,0,1770,G
8-NS,609,0,2,1772,0,1774,G
8-NS,610,1764,1,3,0,1768,A
8-NS,611,1,1,1768,0,1770,G
8-NS,612,1759,1,1,0,1761,A
8-NS,613,1744,0,5,0,1749,A
8-NS,614,0,0,1781,0,1781,G
8-NS,615,1,1,0,1778,1780,C
8-NS,616,1771,2,1,0,1774,A
8-NS,617,0,0,1811,0,1811,G
8-NS,618,1,1802,0,0,1803,T
8-NS,619,1812,0,3,0,1815,A
8-NS,620,1813,0,3,0,1816,A
8-NS,621,0,1807,0,2,1809,T
8-NS,622,1,5,1809,0,1815,G
8-NS,623,1746,0,1,0,1747,A
8-NS,624,3,1,1764,0,1768,G
8-NS,625,1752,0,4,0,1756,A
8-NS,626,1686,0,1,0,1687,A
8-NS,627,0,1684,0,0,1684,T
8-NS,628,1,1,1660,0,1662,G
8-NS,629,0,1,1664,1,1666,G
8-NS,630,0,0,1662,0,1662,G
8-NS,631,2,0,1656,0,1658,G
8-NS,632,1,0,1648,1,1650,G
8-NS,633,1604,0,0,0,1604,A
8-NS,634,0,1553,0,3,1556,T
8-NS,635,1,1,0,1587,1589,C
8-NS,636,1,1592,0,3,1596,T
8-NS,637,0,0,1,1597,1598,C
8-NS,638,0,2,0,1601,1603,C
8-NS,639,1605,0,4,0,1609,A
8-NS,640,0,0,0,1605,1605,C
8-NS,641,1,1578,0,1,1580,T
8-NS,642,0,1572,0,1,1573,T
8-NS,643,1552,0,1,0,1553,A
8-NS,644,0,1,0,1560,1561,C
8-NS,645,0,1552,0,2,1554,T
8-NS,646,4,0,0,1555,1559,C
8-NS,647,2,0,1,1538,1541,C
8-NS,648,1532,0,0,0,1532,A
8-NS,649,1535,0,0,0,1535,A
8-NS,650,1534,0,0,0,1534,A
8-NS,651,1526,0,1,3,1530,A
8-NS,652,0,0,0,1534,1534,C
8-NS,653,1489,0,0,0,1489,A
8-NS,654,0,2,1492,0,1494,G
8-NS,655,1488,0,0,0,1488,A
8-NS,656,1489,0,0,0,1489,A
8-NS,657,1490,1,1,0,1492,A
8-NS,658,2,2,0,1487,1491,C
8-NS,659,1,1,1494,0,1496,G
8-NS,660,1,0,1492,0,1493,G
8-NS,661,1,3,1492,0,1496,G
8-NS,662,1498,0,0,0,1498,A
8-NS,663,1487,0,4,0,1491,A
8-NS,664,1487,0,5,0,1492,A
8-NS,665,0,1486,0,0,1486,T
8-NS,666,1,1,1494,0,1496,G
8-NS,667,0,0,1493,0,1493,G
8-NS,668,0,1,0,1477,1478,C
8-NS,669,0,1,1481,0,1482,G
8-NS,670,1478,0,3,0,1481,A
8-NS,671,1,2,1488,1,1492,G
8-NS,672,1488,0,2,0,1490,A
8-NS,673,1493,0,1,0,1494,A
8-NS,674,1,1,0,1493,1495,C
8-NS,675,1460,0,3,0,1463,A
8-NS,676,0,1,1462,0,1463,G
8-NS,677,1,0,0,1455,1456,C
8-NS,678,0,1451,0,2,1453,T
8-NS,679,1450,0,0,0,1450,A
8-NS,680,0,1,1433,0,1434,G
8-NS,681,0,0,1443,0,1443,G
8-NS,682,0,1439,0,1,1440,T
8-NS,683,4,1,0,1413,1418,C
8-NS,684,1415,1,1,1,1418,A
8-NS,685,1418,0,0,0,1418,A
8-NS,686,1417,2,0,0,1419,A
8-NS,687,1423,0,1,0,1424,A
8-NS,688,0,0,1425,0,1425,G
8-NS,689,0,1389,0,3,1392,T
8-NS,690,0,1384,0,5,1389,T
8-NS,691,0,1389,0,1,1390,T
8-NS,692,1,1,1390,0,1392,G
8-NS,693,1390,0,0,0,1390,A
8-NS,694,1391,0,0,0,1391,A
8-NS,695,0,0,1403,0,1403,G
8-NS,696,1362,0,3,0,1365,A
8-NS,697,0,0,1375,0,1375,G
8-NS,698,1370,1,0,0,1371,A
8-NS,699,0,1370,0,1,1371,T
8-NS,700,1368,0,1,0,1369,A
8-NS,701,1362,0,1,0,1363,A
8-NS,702,0,1,1360,0,1361,G
8-NS,703,1275,0,5,0,1280,A
8-NS,704,0,1278,0,3,1281,T
8-NS,705,2,0,1284,0,1286,G
8-NS,706,0,0,1288,0,1288,G
8-NS,707,0,1,0,1275,1276,C
8-NS,708,0,1270,0,1,1271,T
8-NS,709,1273,0,1,0,1274,A
8-NS,710,1269,0,1,0,1270,A
8-NS,711,0,1277,0,0,1277,T
8-NS,712,0,1271,1,0,1272,T
8-NS,713,1,1,1275,0,1277,G
8-NS,714,1257,0,2,0,1259,A
8-NS,715,1255,1,3,0,1259,A
8-NS,716,0,1,1255,0,1256,G
8-NS,717,1257,0,0,0,1257,A
8-NS,718,1246,0,0,0,1246,A
8-NS,719,0,0,1259,0,1259,G
8-NS,720,0,1240,0,2,1242,T
8-NS,721,1,2,1241,0,1244,G
8-NS,722,1228,0,3,0,1231,A
8-NS,723,0,3,1232,0,1235,G
8-NS,724,1233,0,0,0,1233,A
8-NS,725,0,0,0,1223,1223,C
8-NS,726,1212,0,2,0,1214,A
8-NS,727,0,0,0,1212,1212,C
8-NS,728,1144,0,0,0,1144,A
8-NS,729,0,0,1163,0,1163,G
8-NS,730,1155,0,0,0,1155,A
8-NS,731,0,1142,0,2,1144,T
8-NS,732,0,1138,1,0,1139,T
8-NS,733,1138,0,0,0,1138,A
8-NS,734,1139,0,1,0,1140,A
8-NS,735,1136,0,1,0,1137,A
8-NS,736,1133,0,0,0,1133,A
8-NS,737,1131,0,1,1,1133,A
8-NS,738,0,1,1,1085,1087,C
8-NS,739,1031,0,0,0,1031,A
8-NS,740,1036,0,0,0,1036,A
8-NS,741,0,0,0,1039,1039,C
8-NS,742,0,1032,0,2,1034,T
8-NS,743,0,1,1037,0,1038,G
8-NS,744,1036,0,0,0,1036,A
8-NS,745,1038,0,2,0,1040,A
8-NS,746,1041,0,1,0,1042,A
8-NS,747,1029,1,1,0,1031,A
8-NS,748,0,1029,0,0,1029,T
8-NS,749,1018,0,0,0,1018,A
8-NS,750,0,0,1025,0,1025,G
8-NS,751,0,0,0,1023,1023,C
8-NS,752,0,998,0,3,1001,T
8-NS,753,0,997,1,1,999,T
8-NS,754,0,991,0,1,992,T
8-NS,755,0,5,990,0,995,G
8-NS,756,994,0,1,0,995,A
8-NS,757,995,0,0,0,995,A
8-NS,758,0,0,0,993,993,C
8-NS,759,966,0,0,0,966,A
8-NS,760,965,0,1,0,966,A
8-NS,761,971,0,0,0,971,A
8-NS,762,0,968,0,1,969,T
8-NS,763,970,0,1,0,971,A
8-NS,764,955,0,1,0,956,A
8-NS,765,0,0,0,955,955,C
8-NS,766,950,0,1,0,951,A
8-NS,767,0,934,0,1,935,T
8-NS,768,0,912,0,0,912,T
8-NS,769,1,0,0,898,899,C
8-NS,770,893,0,1,0,894,A
8-NS,771,1,894,0,0,895,T
8-NS,772,0,2,894,0,896,G
8-NS,773,0,1,0,877,878,C
8-NS,774,862,0,0,0,862,A
8-NS,775,854,1,3,0,858,A
8-NS,776,0,1,857,0,858,G
8-NS,777,0,0,0,871,871,C
8-NS,778,855,0,0,0,855,A
8-NS,779,0,853,0,0,853,T
8-NS,780,0,850,0,0,850,T
8-NS,781,848,0,1,0,849,A
8-NS,782,0,0,0,852,852,C
8-NS,783,843,0,1,0,844,A
8-NS,784,835,0,3,0,838,A
8-NS,785,0,0,0,834,834,C
8-NS,786,1,713,0,0,714,T
8-NS,787,0,0,713,0,713,G
8-NS,788,0,0,0,687,687,C
8-NS,789,0,669,0,0,669,T
8-NS,790,0,0,668,0,668,G
8-NS,791,1,652,0,1,654,T
8-NS,792,0,652,0,0,652,T
8-NS,793,0,650,0,0,650,T
8-NS,794,2,0,639,0,641,G
8-NS,795,640,0,2,0,642,A
8-NS,796,624,1,5,0,630,A
8-NS,797,0,0,629,0,629,G
8-NS,798,0,619,0,0,619,T
8-NS,799,2,1,594,0,597,G
8-NS,800,0,1,598,0,599,G
8-NS,801,597,0,0,0,597,A
8-NS,802,598,0,1,0,599,A
8-NS,803,0,1,0,598,599,C
8-NS,804,576,0,1,0,577,A
8-NS,805,0,0,578,0,578,G
8-NS,806,0,1,569,0,570,G
8-NS,807,554,0,1,0,555,A
8-NS,808,0,1,559,0,560,G
8-NS,809,465,0,0,0,465,A
8-NS,810,0,467,0,0,467,T
8-NS,811,465,0,0,0,465,A
8-NS,812,457,0,1,0,458,A
8-NS,813,0,0,460,0,460,G
8-NS,814,418,0,0,0,418,A
8-NS,815,417,0,0,0,417,A
8-NS,816,0,0,0,414,414,C
8-NS,817,0,352,0,1,353,T
8-NS,818,0,349,0,1,350,T
8-NS,819,0,345,0,0,345,T
8-NS,820,1,0,0,348,349,C
8-NS,821,0,341,0,0,341,T
8-NS,822,1,0,0,335,336,C
8-NS,823,326,0,0,0,326,A
8-NS,824,0,325,0,1,326,T
8-NS,825,0,323,0,0,323,T
8-NS,826,1,321,0,0,322,T
8-NS,827,1,0,0,321,322,C
8-NS,828,311,1,0,0,312,A
8-NS,829,0,0,311,0,311,G
8-NS,830,0,0,1,311,312,C
8-NS,831,0,295,0,0,295,T
8-NS,832,0,293,0,0,293,T
8-NS,833,286,0,0,0,286,A
8-NS,834,0,286,0,0,286,T
8-NS,835,0,283,0,2,285,T
8-NS,836,0,284,0,0,284,T
8-NS,837,269,0,0,0,269,A
8-NS,838,266,0,0,0,266,A
8-NS,839,0,261,0,0,261,T
8-NS,840,0,0,257,0,257,G
8-NS,841,246,0,0,0,246,A
8-NS,842,0,222,0,1,223,T
8-NS,843,222,0,0,0,222,A
8-NS,844,222,0,0,0,222,A
8-NS,845,222,0,1,0,223,A
8-NS,846,223,0,0,0,223,A
8-NS,847,219,0,0,0,219,A
8-NS,848,218,0,0,0,218,A
8-NS,849,0,0,0,218,218,C
8-NS,850,185,0,0,0,185,A
8-NS,851,0,0,0,185,185,C
8-NS,852,0,0,0,178,178,C
8-NS,853,0,0,0,175,175,C
8-NS,854,0,164,0,0,164,T
8-NS,855,0,159,0,0,159,T
8-NS,856,0,0,159,0,159,G
8-NS,857,0,151,1,0,152,T
8-NS,858,0,151,0,0,151,T
8-NS,859,0,148,0,0,148,T
8-NS,860,0,0,0,64,64,C
8-NS,861,0,43,0,0,43,T
8-NS,862,39,0,0,0,39,A
8-NS,863,0,0,0,39,39,C
