Gene,Position,A,T,G,C,Coverage,Consensus
1-PB2,1,308,0,0,0,308,A
1-PB2,2,0,309,0,0,309,T
1-PB2,3,0,0,318,0,318,G
1-PB2,4,0,1,316,0,317,G
1-PB2,5,310,0,0,0,310,A
1-PB2,6,314,0,0,0,314,A
1-PB2,7,318,0,0,0,318,A
1-PB2,8,0,0,351,0,351,G
1-PB2,9,345,0,0,0,345,A
1-PB2,10,349,0,0,0,349,A
1-PB2,11,0,357,0,0,357,T
1-PB2,12,359,0,0,0,359,A
1-PB2,13,357,0,0,0,357,A
1-PB2,14,359,0,0,0,359,A
1-PB2,15,357,0,0,0,357,A
1-PB2,16,0,0,375,0,375,G
1-PB2,17,373,0,0,0,373,A
1-PB2,18,376,0,0,0,376,A
1-PB2,19,0,0,0,388,388,C
1-PB2,20,0,390,0,0,390,T
1-PB2,21,393,0,0,0,393,A
1-PB2,22,0,0,0,393,393,C
1-PB2,23,0,1,393,0,394,G
1-PB2,24,0,0,395,0,395,G
1-PB2,25,398,0,0,0,398,A
1-PB2,26,411,0,2,0,413,A
1-PB2,27,0,414,0,0,414,T
1-PB2,28,0,0,0,416,416,C
1-PB2,29,0,422,0,0,422,T
1-PB2,30,0,2,416,1,419,G
1-PB2,31,421,0,0,0,421,A
1-PB2,32,0,423,0,0,423,T
1-PB2,33,0,0,427,0,427,G
1-PB2,34,0,433,0,0,433,T
1-PB2,35,0,1,0,434,435,C
1-PB2,36,3,0,430,0,433,G
1-PB2,37,0,0,0,432,432,C
1-PB2,38,431,0,1,0,432,A
1-PB2,39,1,0,451,0,452,G
1-PB2,40,0,456,0,0,456,T
1-PB2,41,0,0,0,457,457,C
1-PB2,42,0,453,0,0,453,T
1-PB2,43,0,0,0,458,458,C
1-PB2,44,0,0,455,0,455,G
1-PB2,45,0,0,0,458,458,C
1-PB2,46,456,0,0,0,456,A
1-PB2,47,0,0,0,465,465,C
1-PB2,48,0,461,0,1,462,T
1-PB2,49,0,0,0,482,482,C
1-PB2,50,0,0,479,0,479,G
1-PB2,51,0,0,0,480,480,C
1-PB2,52,0,1,479,0,480,G
1-PB2,53,477,0,0,0,477,A
1-PB2,54,0,0,480,0,480,G
1-PB2,55,494,0,0,0,494,A
1-PB2,56,0,495,0,0,495,T
1-PB2,57,499,0,0,0,499,A
1-PB2,58,0,0,0,497,497,C
1-PB2,59,0,493,0,0,493,T
1-PB2,60,0,0,511,0,511,G
1-PB2,61,511,0,1,0,512,A
1-PB2,62,0,0,0,523,523,C
1-PB2,63,517,0,0,0,517,A
1-PB2,64,518,0,0,0,518,A
1-PB2,65,522,0,1,0,523,A
1-PB2,66,535,0,0,0,535,A
1-PB2,67,530,0,1,0,531,A
1-PB2,68,0,0,0,531,531,C
1-PB2,69,0,0,0,535,535,C
1-PB2,70,544,0,0,0,544,A
1-PB2,71,0,0,0,554,554,C
1-PB2,72,551,0,0,0,551,A
1-PB2,73,0,0,572,0,572,G
1-PB2,74,1,565,0,0,566,T
1-PB2,75,0,0,597,0,597,G
1-PB2,76,0,5,586,0,591,G
1-PB2,77,593,0,0,0,593,A
1-PB2,78,0,0,0,627,627,C
1-PB2,79,1,0,0,626,627,C
1-PB2,80,629,0,3,0,632,A
1-PB2,81,0,633,0,0,633,T
1-PB2,82,625,0,0,0,625,A
1-PB2,83,0,622,0,0,622,T
1-PB2,84,0,0,628,0,628,G
1-PB2,85,1,0,631,0,632,G
1-PB2,86,0,0,0,631,631,C
1-PB2,87,0,0,0,615,615,C
1-PB2,88,615,0,1,0,616,A
1-PB2,89,0,648,0,0,648,T
1-PB2,90,647,0,0,0,647,A
1-PB2,91,681,0,0,0,681,A
1-PB2,92,0,684,0,0,684,T
1-PB2,93,0,675,0,0,675,T
1-PB2,94,684,0,0,0,684,A
1-PB2,95,684,0,0,0,684,A
1-PB2,96,0,1,696,0,697,G
1-PB2,97,698,0,1,0,699,A
1-PB2,98,693,0,0,0,693,A
1-PB2,99,0,0,726,0,726,G
1-PB2,100,1,712,0,0,713,T
1-PB2,101,723,0,1,0,724,A
1-PB2,102,0,0,0,723,723,C
1-PB2,103,722,0,2,0,724,A
1-PB2,104,0,0,0,741,741,C
1-PB2,105,735,0,0,0,735,A
1-PB2,106,0,731,0,0,731,T
1-PB2,107,1,0,0,739,740,C
1-PB2,108,1,2,731,0,734,G
1-PB2,109,1,3,734,0,738,G
1-PB2,110,0,0,731,0,731,G
1-PB2,111,0,1,738,0,739,G
1-PB2,112,728,0,2,0,730,A
1-PB2,113,0,1,732,0,733,G
1-PB2,114,734,0,1,0,735,A
1-PB2,115,0,0,0,742,742,C
1-PB2,116,738,1,0,0,739,A
1-PB2,117,0,0,743,0,743,G
1-PB2,118,0,2,751,0,753,G
1-PB2,119,755,0,1,0,756,A
1-PB2,120,759,0,0,0,759,A
1-PB2,121,757,0,0,0,757,A
1-PB2,122,757,0,1,0,758,A
1-PB2,123,0,0,754,0,754,G
1-PB2,124,753,0,0,0,753,A
1-PB2,125,755,0,1,0,756,A
1-PB2,126,0,0,0,759,759,C
1-PB2,127,0,0,0,753,753,C
1-PB2,128,1,1,0,752,754,C
1-PB2,129,1,0,754,0,755,G
1-PB2,130,0,749,0,1,750,T
1-PB2,131,0,0,0,759,759,C
1-PB2,132,767,0,0,0,767,A
1-PB2,133,0,0,0,772,772,C
1-PB2,134,0,774,0,0,774,T
1-PB2,135,0,776,0,0,776,T
1-PB2,136,773,0,0,0,773,A
1-PB2,137,0,1,784,0,785,G
1-PB2,138,0,0,783,0,783,G
1-PB2,139,783,0,1,0,784,A
1-PB2,140,0,783,0,1,784,T
1-PB2,141,4,3,787,0,794,G
1-PB2,142,808,0,0,0,808,A
1-PB2,143,808,0,0,0,808,A
1-PB2,144,802,0,2,0,804,A
1-PB2,145,0,808,0,0,808,T
1-PB2,146,0,0,809,0,809,G
1-PB2,147,0,0,813,0,813,G
1-PB2,148,813,0,0,0,813,A
1-PB2,149,0,814,0,0,814,T
1-PB2,150,0,0,809,0,809,G
1-PB2,151,795,0,2,0,797,A
1-PB2,152,0,805,0,0,805,T
1-PB2,153,0,0,801,0,801,G
1-PB2,154,0,1,800,0,801,G
1-PB2,155,0,0,0,805,805,C
1-PB2,156,799,0,1,0,800,A
1-PB2,157,809,0,0,0,809,A
1-PB2,158,0,809,0,0,809,T
1-PB2,159,0,1,837,0,838,G
1-PB2,160,836,0,1,0,837,A
1-PB2,161,834,0,0,0,834,A
1-PB2,162,834,0,1,0,835,A
1-PB2,163,0,835,0,0,835,T
1-PB2,164,838,0,0,0,838,A
1-PB2,165,0,0,0,851,851,C
1-PB2,166,2,0,0,838,840,C
1-PB2,167,2,1,0,839,842,C
1-PB2,168,849,0,0,0,849,A
1-PB2,169,840,0,1,0,841,A
1-PB2,170,0,847,0,1,848,T
1-PB2,171,1,0,0,846,847,C
1-PB2,172,839,0,0,0,839,A
1-PB2,173,0,0,0,853,853,C
1-PB2,174,0,841,0,1,842,T
1-PB2,175,0,0,850,0,850,G
1-PB2,176,0,0,0,844,844,C
1-PB2,177,0,849,0,1,850,T
1-PB2,178,0,1,853,0,854,G
1-PB2,179,850,1,0,0,851,A
1-PB2,180,0,0,0,857,857,C
1-PB2,181,859,0,0,0,859,A
1-PB2,182,844,0,0,0,844,A
1-PB2,183,849,0,0,0,849,A
1-PB2,184,843,0,0,0,843,A
1-PB2,185,0,0,860,0,860,G
1-PB2,186,0,1,854,0,855,G
1-PB2,187,851,0,1,0,852,A
1-PB2,188,0,859,0,0,859,T
1-PB2,189,856,0,1,0,857,A
1-PB2,190,856,0,2,0,858,A
1-PB2,191,0,0,0,872,872,C
1-PB2,192,869,0,0,0,869,A
1-PB2,193,0,0,874,0,874,G
1-PB2,194,860,0,0,0,860,A
1-PB2,195,856,0,1,0,857,A
1-PB2,196,856,0,0,0,856,A
1-PB2,197,0,852,0,1,853,T
1-PB2,198,0,1,856,1,858,G
1-PB2,199,0,0,854,0,854,G
1-PB2,200,0,836,1,0,837,T
1-PB2,201,1,1,0,834,836,C
1-PB2,202,1,0,0,835,836,C
1-PB2,203,0,0,0,839,839,C
1-PB2,204,832,0,1,0,833,A
1-PB2,205,1,1,869,0,871,G
1-PB2,206,877,0,1,0,878,A
1-PB2,207,0,0,882,0,882,G
1-PB2,208,865,0,1,0,866,A
1-PB2,209,0,1,878,0,879,G
1-PB2,210,879,0,1,0,880,A
1-PB2,211,883,0,2,0,885,A
1-PB2,212,887,0,2,0,889,A
1-PB2,213,1,882,0,0,883,T
1-PB2,214,0,3,894,0,897,G
1-PB2,215,898,0,0,0,898,A
1-PB2,216,899,0,0,0,899,A
1-PB2,217,0,0,0,894,894,C
1-PB2,218,895,0,1,0,896,A
1-PB2,219,896,1,0,0,897,A
1-PB2,220,0,0,907,0,907,G
1-PB2,221,0,1,917,0,918,G
1-PB2,222,919,0,3,0,922,A
1-PB2,223,0,1,0,916,917,C
1-PB2,224,918,0,0,0,918,A
1-PB2,225,921,0,2,0,923,A
1-PB2,226,965,0,0,0,965,A
1-PB2,227,0,0,0,970,970,C
1-PB2,228,0,969,0,1,970,T
1-PB2,229,1,0,0,983,984,C
1-PB2,230,0,968,0,0,968,T
1-PB2,231,972,0,0,0,972,A
1-PB2,232,0,971,0,0,971,T
1-PB2,233,0,1,964,0,965,G
1-PB2,234,0,0,986,0,986,G
1-PB2,235,950,0,0,0,950,A
1-PB2,236,0,0,961,0,961,G
1-PB2,237,0,963,0,0,963,T
1-PB2,238,956,0,0,0,956,A
1-PB2,239,962,0,0,0,962,A
1-PB2,240,957,0,1,0,958,A
1-PB2,241,955,0,0,0,955,A
1-PB2,242,0,952,0,0,952,T
1-PB2,243,0,0,953,0,953,G
1-PB2,244,938,0,1,0,939,A
1-PB2,245,0,0,942,0,942,G
1-PB2,246,0,940,0,0,940,T
1-PB2,247,0,3,932,0,935,G
1-PB2,248,949,0,0,0,949,A
1-PB2,249,0,952,0,0,952,T
1-PB2,250,5,0,951,0,956,G
1-PB2,251,0,0,0,950,950,C
1-PB2,252,0,945,0,1,946,T
1-PB2,253,0,1,981,0,982,G
1-PB2,254,0,0,978,0,978,G
1-PB2,255,985,0,1,0,986,A
1-PB2,256,0,989,0,0,989,T
1-PB2,257,4,0,0,985,989,C
1-PB2,258,997,0,0,0,997,A
1-PB2,259,0,1,1021,0,1022,G
1-PB2,260,1022,0,0,0,1022,A
1-PB2,261,0,1018,0,0,1018,T
1-PB2,262,998,0,0,0,998,A
1-PB2,263,0,0,1019,0,1019,G
1-PB2,264,1012,0,1,0,1013,A
1-PB2,265,0,0,1023,0,1023,G
1-PB2,266,2,1012,0,0,1014,T
1-PB2,267,0,3,1003,0,1006,G
1-PB2,268,987,0,1,0,988,A
1-PB2,269,0,985,0,0,985,T
1-PB2,270,2,0,1012,0,1014,G
1-PB2,271,1,0,1031,0,1032,G
1-PB2,272,0,1016,0,0,1016,T
1-PB2,273,1017,0,0,0,1017,A
1-PB2,274,0,998,0,1,999,T
1-PB2,275,1,0,0,998,999,C
1-PB2,276,1011,0,0,0,1011,A
1-PB2,277,0,0,0,1039,1039,C
1-PB2,278,0,0,0,1032,1032,C
1-PB2,279,0,1012,0,3,1015,T
1-PB2,280,0,1000,0,0,1000,T
1-PB2,281,0,1000,0,0,1000,T
1-PB2,282,0,1,1014,1,1016,G
1-PB2,283,2,0,1003,0,1005,G
1-PB2,284,0,0,0,1012,1012,C
1-PB2,285,0,1003,0,1,1004,T
1-PB2,286,0,0,1006,0,1006,G
1-PB2,287,0,1005,0,0,1005,T
1-PB2,288,1006,0,0,0,1006,A
1-PB2,289,1009,0,1,0,1010,A
1-PB2,290,0,0,0,1013,1013,C
1-PB2,291,993,0,1,0,994,A
1-PB2,292,0,996,0,0,996,T
1-PB2,293,1,0,986,0,987,G
1-PB2,294,1,0,1008,0,1009,G
1-PB2,295,0,996,0,1,997,T
1-PB2,296,0,0,1001,0,1001,G
1-PB2,297,0,0,1008,0,1008,G
1-PB2,298,1003,0,1,0,1004,A
1-PB2,299,1017,0,0,0,1017,A
1-PB2,300,0,1011,0,0,1011,T
1-PB2,301,1014,0,0,0,1014,A
1-PB2,302,0,2,1027,0,1029,G
1-PB2,303,1018,0,0,0,1018,A
1-PB2,304,1019,0,1,0,1020,A
1-PB2,305,1019,0,0,0,1019,A
1-PB2,306,0,992,0,0,992,T
1-PB2,307,0,0,991,0,991,G
1-PB2,308,0,2,989,0,991,G
1-PB2,309,986,0,1,0,987,A
1-PB2,310,1,1,0,1000,1002,C
1-PB2,311,0,1,0,980,981,C
1-PB2,312,4,0,0,981,985,C
1-PB2,313,2,0,993,0,995,G
1-PB2,314,0,997,0,0,997,T
1-PB2,315,0,3,1011,0,1014,G
1-PB2,316,1007,0,0,0,1007,A
1-PB2,317,0,0,0,1023,1023,C
1-PB2,318,1020,1,0,0,1021,A
1-PB2,319,1017,0,1,0,1018,A
1-PB2,320,0,0,1039,0,1039,G
1-PB2,321,0,1033,0,0,1033,T
1-PB2,322,1028,0,0,0,1028,A
1-PB2,323,0,0,0,1031,1031,C
1-PB2,324,0,1,1017,0,1018,G
1-PB2,325,0,0,1040,0,1040,G
1-PB2,326,0,1044,0,0,1044,T
1-PB2,327,0,0,0,1046,1046,C
1-PB2,328,1,0,0,1049,1050,C
1-PB2,329,1036,0,0,0,1036,A
1-PB2,330,0,1034,0,1,1035,T
1-PB2,331,0,1036,0,0,1036,T
1-PB2,332,1093,0,1,0,1094,A
1-PB2,333,1,0,0,1092,1093,C
1-PB2,334,1,0,0,1062,1063,C
1-PB2,335,2,0,0,1067,1069,C
1-PB2,336,1057,0,2,0,1059,A
1-PB2,337,1064,0,0,0,1064,A
1-PB2,338,1066,0,0,0,1066,A
1-PB2,339,1062,0,1,0,1063,A
1-PB2,340,0,0,1078,0,1078,G
1-PB2,341,0,1033,0,0,1033,T
1-PB2,342,1,0,1064,0,1065,G
1-PB2,343,0,1065,0,0,1065,T
1-PB2,344,1059,0,4,0,1063,A
1-PB2,345,0,0,0,1059,1059,C
1-PB2,346,1050,0,0,0,1050,A
1-PB2,347,1049,0,3,0,1052,A
1-PB2,348,0,2,1060,0,1062,G
1-PB2,349,1046,0,0,0,1046,A
1-PB2,350,0,0,0,1052,1052,C
1-PB2,351,0,1034,0,0,1034,T
1-PB2,352,1,1054,0,0,1055,T
1-PB2,353,1045,0,0,0,1045,A
1-PB2,354,0,1051,0,0,1051,T
1-PB2,355,0,1048,0,1,1049,T
1-PB2,356,0,1051,0,0,1051,T
1-PB2,357,1,1,0,1038,1040,C
1-PB2,358,2,0,1036,0,1038,G
1-PB2,359,1021,0,2,0,1023,A
1-PB2,360,0,0,0,1037,1037,C
1-PB2,361,1026,0,0,0,1026,A
1-PB2,362,1027,0,0,1,1028,A
1-PB2,363,1031,0,0,1,1032,A
1-PB2,364,0,0,1038,0,1038,G
1-PB2,365,0,1034,0,0,1034,T
1-PB2,366,0,2,0,1039,1041,C
1-PB2,367,0,0,1047,0,1047,G
1-PB2,368,1037,0,0,0,1037,A
1-PB2,369,1041,0,1,0,1042,A
1-PB2,370,1047,0,0,0,1047,A
1-PB2,371,0,0,1074,0,1074,G
1-PB2,372,0,1,1072,0,1073,G
1-PB2,373,0,1072,0,0,1072,T
1-PB2,374,0,1073,0,1,1074,T
1-PB2,375,1076,0,0,1,1077,A
1-PB2,376,1080,0,0,1,1081,A
1-PB2,377,1077,0,0,0,1077,A
1-PB2,378,1081,0,3,1,1085,A
1-PB2,379,0,0,0,1085,1085,C
1-PB2,380,1065,0,0,0,1065,A
1-PB2,381,0,1059,0,0,1059,T
1-PB2,382,0,3,1057,0,1060,G
1-PB2,383,0,2,1049,0,1051,G
1-PB2,384,1064,0,1,0,1065,A
1-PB2,385,1058,0,0,0,1058,A
1-PB2,386,0,0,0,1084,1084,C
1-PB2,387,0,0,0,1098,1098,C
1-PB2,388,0,1097,0,0,1097,T
1-PB2,389,0,1096,0,0,1096,T
1-PB2,390,0,1091,0,0,1091,T
1-PB2,391,0,1,1092,0,1093,G
1-PB2,392,0,2,1089,0,1091,G
1-PB2,393,2,0,1,1093,1096,C
1-PB2,394,0,0,0,1093,1093,C
1-PB2,395,2,2,0,1083,1087,C
1-PB2,396,0,1064,0,1,1065,T
1-PB2,397,0,0,1074,0,1074,G
1-PB2,398,0,1079,0,1,1080,T
1-PB2,399,0,1082,0,0,1082,T
1-PB2,400,2,0,0,1083,1085,C
1-PB2,401,1077,0,0,0,1077,A
1-PB2,402,0,1078,0,0,1078,T
1-PB2,403,0,1081,0,0,1081,T
1-PB2,404,1,1073,0,1,1075,T
1-PB2,405,0,1078,0,0,1078,T
1-PB2,406,1061,0,0,0,1061,A
1-PB2,407,0,1,1060,0,1061,G
1-PB2,408,1057,0,1,0,1058,A
1-PB2,409,1061,0,0,0,1061,A
1-PB2,410,1064,0,0,0,1064,A
1-PB2,411,0,1051,1,2,1054,T
1-PB2,412,0,0,0,1056,1056,C
1-PB2,413,1058,0,0,0,1058,A
1-PB2,414,1062,0,0,0,1062,A
1-PB2,415,0,0,1061,0,1061,G
1-PB2,416,0,1058,0,0,1058,T
1-PB2,417,1,0,0,1066,1067,C
1-PB2,418,1075,0,0,0,1075,A
1-PB2,419,1071,0,1,0,1072,A
1-PB2,420,0,1,1074,0,1075,G
1-PB2,421,1079,0,0,0,1079,A
1-PB2,422,0,1075,0,1,1076,T
1-PB2,423,1085,0,2,0,1087,A
1-PB2,424,0,0,1,1082,1083,C
1-PB2,425,0,0,1086,0,1086,G
1-PB2,426,0,4,0,1078,1082,C
1-PB2,427,1072,0,0,1,1073,A
1-PB2,428,0,0,1086,0,1086,G
1-PB2,429,1071,0,1,1,1073,A
1-PB2,430,1082,0,2,1,1085,A
1-PB2,431,0,0,1105,0,1105,G
1-PB2,432,1091,0,0,0,1091,A
1-PB2,433,1,0,1093,0,1094,G
1-PB2,434,0,1080,0,0,1080,T
1-PB2,435,1081,0,0,0,1081,A
1-PB2,436,0,2,1094,0,1096,G
1-PB2,437,1097,0,0,0,1097,A
1-PB2,438,0,0,0,1133,1133,C
1-PB2,439,1114,0,4,0,1118,A
1-PB2,440,0,1108,0,0,1108,T
1-PB2,441,1102,0,1,0,1103,A
1-PB2,442,1095,0,0,0,1095,A
1-PB2,443,1104,0,0,0,1104,A
1-PB2,444,0,2,0,1113,1115,C
1-PB2,445,1,1,0,1093,1095,C
1-PB2,446,0,0,0,1087,1087,C
1-PB2,447,0,1039,0,0,1039,T
1-PB2,448,0,1,1046,0,1047,G
1-PB2,449,0,0,1072,0,1072,G
1-PB2,450,0,1062,0,0,1062,T
1-PB2,451,5,1,0,1050,1056,C
1-PB2,452,1066,0,0,0,1066,A
1-PB2,453,0,1062,0,1,1063,T
1-PB2,454,0,0,1064,0,1064,G
1-PB2,455,0,1,0,1066,1067,C
1-PB2,456,1059,0,0,0,1059,A
1-PB2,457,0,1,1063,0,1064,G
1-PB2,458,1026,0,0,1,1027,A
1-PB2,459,0,0,0,1043,1043,C
1-PB2,460,4,0,0,1040,1044,C
1-PB2,461,0,1025,0,0,1025,T
1-PB2,462,0,0,1,1030,1031,C
1-PB2,463,1023,0,0,0,1023,A
1-PB2,464,0,0,1039,0,1039,G
1-PB2,465,0,1038,0,0,1038,T
1-PB2,466,0,0,1040,0,1040,G
1-PB2,467,0,0,0,1040,1040,C
1-PB2,468,2,1,0,1028,1031,C
1-PB2,469,1027,0,0,0,1027,A
1-PB2,470,1022,0,0,0,1022,A
1-PB2,471,1020,0,0,0,1020,A
1-PB2,472,0,0,1024,0,1024,G
1-PB2,473,985,0,1,0,986,A
1-PB2,474,0,1,983,0,984,G
1-PB2,475,1,0,988,0,989,G
1-PB2,476,0,0,0,987,987,C
1-PB2,477,991,0,0,0,991,A
1-PB2,478,1,0,0,992,993,C
1-PB2,479,984,0,1,2,987,A
1-PB2,480,1005,0,2,0,1007,A
1-PB2,481,1,2,1015,0,1018,G
1-PB2,482,1029,0,1,0,1030,A
1-PB2,483,0,1025,0,0,1025,T
1-PB2,484,0,0,1029,0,1029,G
1-PB2,485,0,1028,0,0,1028,T
1-PB2,486,1028,0,0,0,1028,A
1-PB2,487,1025,0,0,0,1025,A
1-PB2,488,0,1029,0,0,1029,T
1-PB2,489,0,1009,0,0,1009,T
1-PB2,490,994,0,0,1,995,A
1-PB2,491,0,974,0,0,974,T
1-PB2,492,0,1,974,0,975,G
1-PB2,493,0,2,975,0,977,G
1-PB2,494,972,0,0,0,972,A
1-PB2,495,958,0,0,0,958,A
1-PB2,496,0,0,961,0,961,G
1-PB2,497,0,953,0,0,953,T
1-PB2,498,0,958,0,0,958,T
1-PB2,499,0,0,966,0,966,G
1-PB2,500,0,954,0,0,954,T
1-PB2,501,1,956,0,0,957,T
1-PB2,502,0,958,0,0,958,T
1-PB2,503,0,952,0,0,952,T
1-PB2,504,0,951,0,0,951,T
1-PB2,505,1,0,0,959,960,C
1-PB2,506,1,0,0,956,957,C
1-PB2,507,1,0,0,966,967,C
1-PB2,508,957,0,1,0,958,A
1-PB2,509,960,0,0,0,960,A
1-PB2,510,0,961,0,0,961,T
1-PB2,511,0,1,964,0,965,G
1-PB2,512,966,0,0,0,966,A
1-PB2,513,962,0,1,0,963,A
1-PB2,514,0,0,969,0,969,G
1-PB2,515,0,947,0,1,948,T
1-PB2,516,0,0,952,0,952,G
1-PB2,517,0,0,947,0,947,G
1-PB2,518,0,0,942,0,942,G
1-PB2,519,944,0,2,0,946,A
1-PB2,520,0,0,951,0,951,G
1-PB2,521,0,0,0,941,941,C
1-PB2,522,0,0,0,963,963,C
1-PB2,523,960,0,4,0,964,A
1-PB2,524,0,0,991,0,991,G
1-PB2,525,0,0,994,0,994,G
1-PB2,526,1006,0,0,0,1006,A
1-PB2,527,0,1000,0,1,1001,T
1-PB2,528,1003,0,0,0,1003,A
1-PB2,529,0,0,0,1003,1003,C
1-PB2,530,0,998,0,0,998,T
1-PB2,531,994,0,0,0,994,A
1-PB2,532,989,0,1,0,990,A
1-PB2,533,0,0,0,1007,1007,C
1-PB2,534,979,0,1,0,980,A
1-PB2,535,0,972,0,0,972,T
1-PB2,536,0,0,0,976,976,C
1-PB2,537,966,1,0,0,967,A
1-PB2,538,0,2,975,0,977,G
1-PB2,539,978,0,0,0,978,A
1-PB2,540,979,0,0,0,979,A
1-PB2,541,0,973,0,1,974,T
1-PB2,542,1,0,0,954,955,C
1-PB2,543,959,1,0,0,960,A
1-PB2,544,0,0,0,978,978,C
1-PB2,545,977,0,0,0,977,A
1-PB2,546,980,0,0,0,980,A
1-PB2,547,0,960,0,0,960,T
1-PB2,548,1,966,0,0,967,T
1-PB2,549,968,0,0,0,968,A
1-PB2,550,972,0,0,0,972,A
1-PB2,551,0,0,0,985,985,C
1-PB2,552,978,0,0,0,978,A
1-PB2,553,967,0,1,0,968,A
1-PB2,554,0,978,0,0,978,T
1-PB2,555,973,0,0,0,973,A
1-PB2,556,973,1,0,0,974,A
1-PB2,557,1,0,0,975,976,C
1-PB2,558,1,968,0,1,970,T
1-PB2,559,968,0,1,0,969,A
1-PB2,560,966,0,0,0,966,A
1-PB2,561,964,0,2,0,966,A
1-PB2,562,0,2,968,0,970,G
1-PB2,563,938,0,0,0,938,A
1-PB2,564,0,0,947,0,947,G
1-PB2,565,943,0,0,0,943,A
1-PB2,566,947,0,0,0,947,A
1-PB2,567,946,0,0,0,946,A
1-PB2,568,945,0,0,0,945,A
1-PB2,569,945,0,0,0,945,A
1-PB2,570,943,0,0,0,943,A
1-PB2,571,0,2,940,0,942,G
1-PB2,572,943,0,0,0,943,A
1-PB2,573,938,0,0,0,938,A
1-PB2,574,0,2,935,0,937,G
1-PB2,575,927,1,2,0,930,A
1-PB2,576,930,0,3,0,933,A
1-PB2,577,0,1,0,934,935,C
1-PB2,578,0,923,0,0,923,T
1-PB2,579,0,0,0,928,928,C
1-PB2,580,2,0,0,930,932,C
1-PB2,581,0,2,936,0,938,G
1-PB2,582,929,0,1,0,930,A
1-PB2,583,0,1,931,0,932,G
1-PB2,584,927,0,0,0,927,A
1-PB2,585,0,922,0,1,923,T
1-PB2,586,0,912,0,0,912,T
1-PB2,587,0,0,906,0,906,G
1-PB2,588,0,1,0,904,905,C
1-PB2,589,915,0,0,0,915,A
1-PB2,590,915,0,0,0,915,A
1-PB2,591,913,0,0,0,913,A
1-PB2,592,923,0,1,0,924,A
1-PB2,593,0,916,0,0,916,T
1-PB2,594,0,921,0,0,921,T
1-PB2,595,0,916,0,0,916,T
1-PB2,596,2,3,0,912,917,C
1-PB2,597,0,907,0,2,909,T
1-PB2,598,0,1,0,1020,1021,C
1-PB2,599,1,0,0,1043,1044,C
1-PB2,600,2,0,0,1192,1194,C
1-PB2,601,1,1188,0,0,1189,T
1-PB2,602,1,1214,0,0,1215,T
1-PB2,603,0,0,1218,0,1218,G
1-PB2,604,1216,0,1,0,1217,A
1-PB2,605,0,1266,0,0,1266,T
1-PB2,606,1,3,1285,0,1289,G
1-PB2,607,0,0,1490,0,1490,G
1-PB2,608,0,1523,0,2,1525,T
1-PB2,609,0,1534,0,0,1534,T
1-PB2,610,1,0,1704,0,1705,G
1-PB2,611,0,0,0,1717,1717,C
1-PB2,612,1778,0,0,0,1778,A
1-PB2,613,1,1786,0,0,1787,T
1-PB2,614,1804,0,0,5,1809,A
1-PB2,615,1,0,0,1945,1946,C
1-PB2,616,2289,1,0,5,2295,A
1-PB2,617,0,2396,0,0,2396,T
1-PB2,618,3,1,2556,0,2560,G
1-PB2,619,0,2527,1,11,2539,T
1-PB2,620,0,2552,0,1,2553,T
1-PB2,621,2564,0,0,0,2564,A
1-PB2,622,0,2,2561,1,2564,G
1-PB2,623,2604,0,1,0,2605,A
1-PB2,624,0,4,2630,0,2634,G
1-PB2,625,2592,0,1,0,2593,A
1-PB2,626,1,0,2598,0,2599,G
1-PB2,627,2566,0,3,0,2569,A
1-PB2,628,1,3,2585,0,2589,G
1-PB2,629,2601,0,1,0,2602,A
1-PB2,630,2605,0,2,0,2607,A
1-PB2,631,0,0,0,2627,2627,C
1-PB2,632,0,2624,0,1,2625,T
1-PB2,633,0,2620,0,2,2622,T
1-PB2,634,1,0,2639,0,2640,G
1-PB2,635,0,2623,0,2,2625,T
1-PB2,636,2635,0,2,0,2637,A
1-PB2,637,0,0,0,2630,2630,C
1-PB2,638,3,4,2621,0,2628,G
1-PB2,639,2614,0,3,0,2617,A
1-PB2,640,2619,0,0,0,2619,A
1-PB2,641,2660,0,1,0,2661,A
1-PB2,642,2654,0,0,0,2654,A
1-PB2,643,2654,0,5,1,2660,A
1-PB2,644,1,2,0,2674,2677,C
1-PB2,645,2675,1,1,0,2677,A
1-PB2,646,2687,0,0,0,2687,A
1-PB2,647,1,1,2702,0,2704,G
1-PB2,648,2713,0,1,0,2714,A
1-PB2,649,0,2717,1,1,2719,T
1-PB2,650,0,2706,0,0,2706,T
1-PB2,651,0,2731,0,0,2731,T
1-PB2,652,1,1,0,2741,2743,C
1-PB2,653,0,2733,0,6,2739,T
1-PB2,654,2,0,0,2742,2744,C
1-PB2,655,1,0,0,2729,2730,C
1-PB2,656,2,0,0,2748,2750,C
1-PB2,657,2745,0,0,0,2745,A
1-PB2,658,0,1,2761,0,2762,G
1-PB2,659,0,2771,0,2,2773,T
1-PB2,660,0,2764,0,1,2765,T
1-PB2,661,1,0,2766,0,2767,G
1-PB2,662,1,1,0,2765,2767,C
1-PB2,663,0,2759,0,0,2759,T
1-PB2,664,2,0,2774,0,2776,G
1-PB2,665,3,0,2756,0,2759,G
1-PB2,666,1,1,0,2765,2767,C
1-PB2,667,1,0,2769,0,2770,G
1-PB2,668,2,5,2792,0,2799,G
1-PB2,669,2797,0,0,0,2797,A
1-PB2,670,2796,0,3,0,2799,A
1-PB2,671,0,0,1,2802,2803,C
1-PB2,672,2830,0,0,1,2831,A
1-PB2,673,2826,0,1,0,2827,A
1-PB2,674,1,0,2978,0,2979,G
1-PB2,675,1,0,0,3029,3030,C
1-PB2,676,3060,0,3,0,3063,A
1-PB2,677,1,0,3841,0,3842,G
1-PB2,678,0,3816,0,6,3822,T
1-PB2,679,3866,0,1,0,3867,A
1-PB2,680,0,3867,0,1,3868,T
1-PB2,681,3869,0,2,0,3871,A
1-PB2,682,1,3884,0,0,3885,T
1-PB2,683,3822,2,0,0,3824,A
1-PB2,684,0,0,0,3873,3873,C
1-PB2,685,3720,0,0,0,3720,A
1-PB2,686,0,3537,0,0,3537,T
1-PB2,687,0,3450,0,0,3450,T
1-PB2,688,0,2,3443,0,3445,G
1-PB2,689,3443,0,0,0,3443,A
1-PB2,690,3438,0,0,0,3438,A
1-PB2,691,0,0,3487,0,3487,G
1-PB2,692,0,3476,0,3,3479,T
1-PB2,693,0,3462,0,0,3462,T
1-PB2,694,0,3459,0,2,3461,T
1-PB2,695,0,3460,0,0,3460,T
1-PB2,696,3497,0,3,0,3500,A
1-PB2,697,1,0,0,3519,3520,C
1-PB2,698,3522,0,1,0,3523,A
1-PB2,699,0,3515,0,9,3524,T
1-PB2,700,0,3499,0,1,3500,T
1-PB2,701,0,3509,0,1,3510,T
1-PB2,702,1,8,3553,0,3562,G
1-PB2,703,3564,0,2,0,3566,A
1-PB2,704,1,0,0,3599,3600,C
1-PB2,705,1,3569,0,4,3574,T
1-PB2,706,1,1,0,3567,3569,C
1-PB2,707,3552,0,3,0,3555,A
1-PB2,708,3,1,3532,0,3536,G
1-PB2,709,2,3,3619,0,3624,G
1-PB2,710,1,4,3638,0,3643,G
1-PB2,711,3627,1,9,0,3637,A
1-PB2,712,3639,0,4,0,3643,A
1-PB2,713,1,0,0,3651,3652,C
1-PB2,714,5,1,3666,0,3672,G
1-PB2,715,0,3662,0,1,3663,T
1-PB2,716,0,1,3692,0,3693,G
1-PB2,717,0,3660,0,4,3664,T
1-PB2,718,0,3668,0,1,3669,T
1-PB2,719,0,4,3674,0,3678,G
1-PB2,720,2,1,3663,0,3666,G
1-PB2,721,1,2,3693,0,3696,G
1-PB2,722,3663,1,6,0,3670,A
1-PB2,723,3667,0,0,0,3667,A
1-PB2,724,1,1,0,3783,3785,C
1-PB2,725,3766,0,0,0,3766,A
1-PB2,726,3873,1,1,0,3875,A
1-PB2,727,3904,0,0,0,3904,A
1-PB2,728,0,3911,0,0,3911,T
1-PB2,729,10,0,3946,0,3956,G
1-PB2,730,0,3923,0,3,3926,T
1-PB2,731,3936,2,2,0,3940,A
1-PB2,732,3,0,0,3962,3965,C
1-PB2,733,3883,0,2,0,3885,A
1-PB2,734,0,0,0,3893,3893,C
1-PB2,735,0,3778,0,7,3785,T
1-PB2,736,1,0,0,4096,4097,C
1-PB2,737,1,2,0,4104,4107,C
1-PB2,738,4154,3,4,1,4162,A
1-PB2,739,1,4,4212,1,4218,G
1-PB2,740,0,2,4287,0,4289,G
1-PB2,741,0,4236,0,2,4238,T
1-PB2,742,1,5,4292,0,4298,G
1-PB2,743,0,3,4190,0,4193,G
1-PB2,744,4119,2,9,0,4130,A
1-PB2,745,1,3,4184,0,4188,G
1-PB2,746,0,5,4195,0,4200,G
1-PB2,747,4113,0,10,0,4123,A
1-PB2,748,0,2,4198,0,4200,G
1-PB2,749,0,4114,0,1,4115,T
1-PB2,750,1,2,4149,0,4152,G
1-PB2,751,4131,0,29,0,4160,A
1-PB2,752,1,3,4168,0,4172,G
1-PB2,753,1,1,4183,0,4185,G
1-PB2,754,4159,0,0,0,4159,A
1-PB2,755,4168,0,4,0,4172,A
1-PB2,756,0,4176,0,0,4176,T
1-PB2,757,0,6,4152,1,4159,G
1-PB2,758,4160,0,4,0,4164,A
1-PB2,759,1,3,0,4153,4157,C
1-PB2,760,4,0,4155,0,4159,G
1-PB2,761,4185,1,0,0,4186,A
1-PB2,762,0,4162,0,0,4162,T
1-PB2,763,0,1,4187,0,4188,G
1-PB2,764,0,4173,0,1,4174,T
1-PB2,765,1,4143,0,1,4145,T
1-PB2,766,2,10,4151,0,4163,G
1-PB2,767,4154,0,8,0,4162,A
1-PB2,768,1,1,2,4163,4167,C
1-PB2,769,2,0,0,4149,4151,C
1-PB2,770,4130,1,1,0,4132,A
1-PB2,771,4135,0,0,0,4135,A
1-PB2,772,4140,0,3,0,4143,A
1-PB2,773,0,1,4234,0,4235,G
1-PB2,774,0,0,0,4238,4238,C
1-PB2,775,2,34,0,4185,4221,C
1-PB2,776,0,4262,0,1,4263,T
1-PB2,777,4269,0,0,0,4269,A
1-PB2,778,4266,0,1,0,4267,A
1-PB2,779,0,4274,0,1,4275,T
1-PB2,780,0,4263,0,1,4264,T
1-PB2,781,4226,0,1,0,4227,A
1-PB2,782,1,4137,0,0,4138,T
1-PB2,783,0,4129,0,0,4129,T
1-PB2,784,0,1,4126,0,4127,G
1-PB2,785,3,1,0,4102,4106,C
1-PB2,786,1,3,4091,0,4095,G
1-PB2,787,1,0,4163,0,4164,G
1-PB2,788,0,1,0,4149,4150,C
1-PB2,789,0,1,0,4191,4192,C
1-PB2,790,4176,0,0,0,4176,A
1-PB2,791,0,3,4247,0,4250,G
1-PB2,792,0,4,4280,1,4285,G
1-PB2,793,4279,0,7,0,4286,A
1-PB2,794,4307,0,4,0,4311,A
1-PB2,795,1,2,0,4322,4325,C
1-PB2,796,4283,1,1,0,4285,A
1-PB2,797,0,4312,0,0,4312,T
1-PB2,798,4400,1,1,0,4402,A
1-PB2,799,1,2,4448,0,4451,G
1-PB2,800,1,4383,0,3,4387,T
1-PB2,801,4357,0,1,0,4358,A
1-PB2,802,4345,1,1,0,4347,A
1-PB2,803,0,3,4373,0,4376,G
1-PB2,804,4343,0,3,0,4346,A
1-PB2,805,4280,0,1,0,4281,A
1-PB2,806,0,6,4269,0,4275,G
1-PB2,807,4136,0,2,0,4138,A
1-PB2,808,0,1,4136,1,4138,G
1-PB2,809,0,1,0,4137,4138,C
1-PB2,810,4,2,0,4135,4141,C
1-PB2,811,1,3,4146,0,4150,G
1-PB2,812,0,2,0,4166,4168,C
1-PB2,813,4179,0,2,7,4188,A
1-PB2,814,1,1,4428,0,4430,G
1-PB2,815,0,4397,0,5,4402,T
1-PB2,816,4459,0,0,0,4459,A
1-PB2,817,0,4439,0,0,4439,T
1-PB2,818,4,0,0,4482,4486,C
1-PB2,819,4483,0,7,1,4491,A
1-PB2,820,2,0,4479,0,4481,G
1-PB2,821,0,0,0,4468,4468,C
1-PB2,822,4343,0,0,0,4343,A
1-PB2,823,1,3,4258,0,4262,G
1-PB2,824,4268,1,7,0,4276,A
1-PB2,825,0,4282,0,2,4284,T
1-PB2,826,3,0,0,4301,4304,C
1-PB2,827,3,0,0,4312,4315,C
1-PB2,828,4303,0,2,0,4305,A
1-PB2,829,0,1,0,4336,4337,C
1-PB2,830,0,4332,0,1,4333,T
1-PB2,831,4339,0,3,0,4342,A
1-PB2,832,3,2,4303,0,4308,G
1-PB2,833,0,1,0,4274,4275,C
1-PB2,834,4272,0,2,0,4274,A
1-PB2,835,0,4301,0,1,4302,T
1-PB2,836,1,0,0,4347,4348,C
1-PB2,837,0,4326,0,1,4327,T
1-PB2,838,0,4430,0,2,4432,T
1-PB2,839,0,4462,0,0,4462,T
1-PB2,840,4450,0,0,0,4450,A
1-PB2,841,0,4440,0,1,4441,T
1-PB2,842,0,4451,0,0,4451,T
1-PB2,843,0,2,4453,0,4455,G
1-PB2,844,4,11,4435,0,4450,G
1-PB2,845,4394,0,3,0,4397,A
1-PB2,846,197,2,4212,0,4411,G
1-PB2,847,4396,0,1,0,4397,A
1-PB2,848,0,4355,0,1,4356,T
1-PB2,849,0,0,4445,0,4445,G
1-PB2,850,0,4413,0,6,4419,T
1-PB2,851,3,0,4421,1,4425,G
1-PB2,852,2,2,1,4419,4424,C
1-PB2,853,1,0,1,4408,4410,C
1-PB2,854,4390,1,9,0,4400,A
1-PB2,855,0,1,0,4420,4421,C
1-PB2,856,4365,0,2,0,4367,A
1-PB2,857,1,2,4418,0,4421,G
1-PB2,858,0,11,0,4315,4326,C
1-PB2,859,4332,0,1,0,4333,A
1-PB2,860,1,1,0,4331,4333,C
1-PB2,861,4319,0,5,0,4324,A
1-PB2,862,1,0,0,4359,4360,C
1-PB2,863,4350,0,2,1,4353,A
1-PB2,864,4353,0,1,0,4354,A
1-PB2,865,4348,0,0,0,4348,A
1-PB2,866,1,4242,0,0,4243,T
1-PB2,867,0,4248,0,1,4249,T
1-PB2,868,1,6,4243,0,4250,G
1-PB2,869,1,1,4216,0,4218,G
1-PB2,870,3,2,0,4223,4228,C
1-PB2,871,2,2,4207,0,4211,G
1-PB2,872,0,2,4286,0,4288,G
1-PB2,873,3,4,4281,0,4288,G
1-PB2,874,4200,0,1,0,4201,A
1-PB2,875,2,0,1,4227,4230,C
1-PB2,876,4270,0,4,0,4274,A
1-PB2,877,4301,0,7,0,4308,A
1-PB2,878,0,0,4311,0,4311,G
1-PB2,879,1,4,4376,0,4381,G
1-PB2,880,4227,0,2,0,4229,A
1-PB2,881,1,4190,0,0,4191,T
1-PB2,882,0,7,4137,0,4144,G
1-PB2,883,0,0,4241,0,4241,G
1-PB2,884,2,4023,0,1,4026,T
1-PB2,885,1,2,4201,0,4204,G
1-PB2,886,0,4,4202,0,4206,G
1-PB2,887,4005,0,2,0,4007,A
1-PB2,888,1,1,0,4078,4080,C
1-PB2,889,4061,0,0,0,4061,A
1-PB2,890,0,4724,0,0,4724,T
1-PB2,891,0,4719,0,8,4727,T
1-PB2,892,3,2,0,4684,4689,C
1-PB2,893,0,4694,0,1,4695,T
1-PB2,894,0,4708,0,1,4709,T
1-PB2,895,4662,2,2,0,4666,A
1-PB2,896,9,2,4692,0,4703,G
1-PB2,897,4676,0,2,0,4678,A
1-PB2,898,0,1,0,4669,4670,C
1-PB2,899,4066,1,1,0,4068,A
1-PB2,900,0,2,4088,0,4090,G
1-PB2,901,4031,0,0,0,4031,A
1-PB2,902,4036,2,3,0,4041,A
1-PB2,903,0,0,0,3950,3950,C
1-PB2,904,4,0,0,4069,4073,C
1-PB2,905,3,0,1,4097,4101,C
1-PB2,906,0,6,4054,0,4060,G
1-PB2,907,4009,0,4,0,4013,A
1-PB2,908,0,0,0,4083,4083,C
1-PB2,909,0,4063,0,1,4064,T
1-PB2,910,2,2,4093,0,4097,G
1-PB2,911,4059,0,3,0,4062,A
1-PB2,912,4110,0,8,0,4118,A
1-PB2,913,0,4,4083,0,4087,G
1-PB2,914,4080,0,0,0,4080,A
1-PB2,915,4095,0,3,0,4098,A
1-PB2,916,2,0,0,4050,4052,C
1-PB2,917,4063,0,2,0,4065,A
1-PB2,918,4107,0,4,0,4111,A
1-PB2,919,0,0,4081,0,4081,G
1-PB2,920,2,0,0,4098,4100,C
1-PB2,921,1,4114,0,4,4119,T
1-PB2,922,0,0,4204,0,4204,G
1-PB2,923,0,4156,0,1,4157,T
1-PB2,924,2,8,4275,0,4285,G
1-PB2,925,0,1,4446,0,4447,G
1-PB2,926,4360,0,4,0,4364,A
1-PB2,927,0,4373,0,0,4373,T
1-PB2,928,4387,0,0,0,4387,A
1-PB2,929,0,4334,0,0,4334,T
1-PB2,930,4492,1,4,0,4497,A
1-PB2,931,1,4412,0,1,4414,T
1-PB2,932,0,1,4383,0,4384,G
1-PB2,933,0,2,0,4325,4327,C
1-PB2,934,4144,0,2,0,4146,A
1-PB2,935,4193,0,10,0,4203,A
1-PB2,936,0,2,4198,0,4200,G
1-PB2,937,0,0,4233,0,4233,G
1-PB2,938,1,1,0,4167,4169,C
1-PB2,939,1,4116,0,7,4124,T
1-PB2,940,2,0,4138,1,4141,G
1-PB2,941,0,0,0,4149,4149,C
1-PB2,942,4153,0,1,0,4154,A
1-PB2,943,4183,0,2,1,4186,A
1-PB2,944,0,4133,0,0,4133,T
1-PB2,945,0,6,4174,0,4180,G
1-PB2,946,1,2,4157,0,4160,G
1-PB2,947,0,0,4178,0,4178,G
1-PB2,948,4108,1,1,1,4111,A
1-PB2,949,1,4099,0,4,4104,T
1-PB2,950,0,4153,0,1,4154,T
1-PB2,951,0,4,4138,0,4142,G
1-PB2,952,4115,0,5,0,4120,A
1-PB2,953,1,2,4181,0,4184,G
1-PB2,954,4159,0,0,0,4159,A
1-PB2,955,4153,0,3,0,4156,A
1-PB2,956,1,4044,0,0,4045,T
1-PB2,957,5,0,0,4102,4107,C
1-PB2,958,4098,0,4,0,4102,A
1-PB2,959,1,0,4105,0,4106,G
1-PB2,960,1,1,0,4093,4095,C
1-PB2,961,0,4033,0,7,4040,T
1-PB2,962,7,0,0,4058,4065,C
1-PB2,963,4073,0,1,0,4074,A
1-PB2,964,0,4104,0,3,4107,T
1-PB2,965,2,0,0,4119,4121,C
1-PB2,966,2,0,0,4181,4183,C
1-PB2,967,0,4152,0,3,4155,T
1-PB2,968,0,4123,0,6,4129,T
1-PB2,969,2,0,0,4135,4137,C
1-PB2,970,4123,0,0,0,4123,A
1-PB2,971,1,1,4155,0,4157,G
1-PB2,972,0,4022,0,1,4023,T
1-PB2,973,0,4085,0,0,4085,T
1-PB2,974,0,4100,0,0,4100,T
1-PB2,975,0,4117,0,0,4117,T
1-PB2,976,0,0,4113,0,4113,G
1-PB2,977,3,0,4108,0,4111,G
1-PB2,978,0,4031,0,2,4033,T
1-PB2,979,1,9,4121,0,4131,G
1-PB2,980,13,7,4102,0,4122,G
1-PB2,981,0,0,4169,0,4169,G
1-PB2,982,0,4081,0,2,4083,T
1-PB2,983,0,4128,0,0,4128,T
1-PB2,984,0,4150,0,0,4150,T
1-PB2,985,4147,0,2,0,4149,A
1-PB2,986,1,3,0,4177,4181,C
1-PB2,987,4197,0,0,0,4197,A
1-PB2,988,0,4174,0,2,4176,T
1-PB2,989,0,4089,0,0,4089,T
1-PB2,990,2,4093,0,0,4095,T
1-PB2,991,4093,1,0,0,4094,A
1-PB2,992,4103,0,1,0,4104,A
1-PB2,993,4090,0,1,0,4091,A
1-PB2,994,4068,1,7,0,4076,A
1-PB2,995,0,5,4106,0,4111,G
1-PB2,996,4065,1,3,0,4069,A
1-PB2,997,4057,0,4,0,4061,A
1-PB2,998,0,1,0,4097,4098,C
1-PB2,999,4093,1,2,0,4096,A
1-PB2,1000,4089,0,1,0,4090,A
1-PB2,1001,0,2,4064,0,4066,G
1-PB2,1002,0,3,0,4076,4079,C
1-PB2,1003,2,3,4066,0,4071,G
1-PB2,1004,1,3,4070,0,4074,G
1-PB2,1005,3,0,4072,0,4075,G
1-PB2,1006,0,4031,0,7,4038,T
1-PB2,1007,9,0,1,4049,4059,C
1-PB2,1008,4089,0,1,0,4090,A
1-PB2,1009,0,4036,0,5,4041,T
1-PB2,1010,0,0,0,4091,4091,C
1-PB2,1011,4074,1,4,0,4079,A
1-PB2,1012,2,2,4116,1,4121,G
1-PB2,1013,1,4034,0,6,4041,T
1-PB2,1014,7,1,0,4056,4064,C
1-PB2,1015,4077,0,3,0,4080,A
1-PB2,1016,4090,0,0,0,4090,A
1-PB2,1017,4084,0,0,0,4084,A
1-PB2,1018,4098,0,1,0,4099,A
1-PB2,1019,4125,0,0,0,4125,A
1-PB2,1020,4113,1,7,0,4121,A
1-PB2,1021,0,2,4133,0,4135,G
1-PB2,1022,4066,0,37,0,4103,A
1-PB2,1023,4097,0,1,0,4098,A
1-PB2,1024,0,3,4097,0,4100,G
1-PB2,1025,4090,0,1,0,4091,A
1-PB2,1026,3968,1,18,0,3987,A
1-PB2,1027,0,3,3979,0,3982,G
1-PB2,1028,3965,0,8,0,3973,A
1-PB2,1029,1,4,3964,0,3969,G
1-PB2,1030,1,0,4054,0,4055,G
1-PB2,1031,0,4017,0,1,4018,T
1-PB2,1032,1,1,4122,0,4124,G
1-PB2,1033,2,0,0,4125,4127,C
1-PB2,1034,1,4137,1,9,4148,T
1-PB2,1035,0,4169,0,0,4169,T
1-PB2,1036,4156,0,1,0,4157,A
1-PB2,1037,1,0,0,4167,4168,C
1-PB2,1038,4138,1,4,0,4143,A
1-PB2,1039,0,3,4139,0,4142,G
1-PB2,1040,2,1,4109,0,4112,G
1-PB2,1041,1,1,0,4030,4032,C
1-PB2,1042,4009,0,0,0,4009,A
1-PB2,1043,4029,0,1,0,4030,A
1-PB2,1044,0,4077,0,3,4080,T
1-PB2,1045,2,1,0,4115,4118,C
1-PB2,1046,0,4089,0,5,4094,T
1-PB2,1047,5,1,0,4116,4122,C
1-PB2,1048,2,0,0,4113,4115,C
1-PB2,1049,4120,2,3,0,4125,A
1-PB2,1050,4117,0,1,0,4118,A
1-PB2,1051,4131,0,0,0,4131,A
1-PB2,1052,0,2,0,4182,4184,C
1-PB2,1053,4100,1,0,0,4101,A
1-PB2,1054,0,4012,0,0,4012,T
1-PB2,1055,0,4036,0,1,4037,T
1-PB2,1056,4041,1,3,0,4045,A
1-PB2,1057,4091,0,1,0,4092,A
1-PB2,1058,4164,0,1,0,4165,A
1-PB2,1059,4183,0,0,0,4183,A
1-PB2,1060,4165,0,0,0,4165,A
1-PB2,1061,1,4120,0,1,4122,T
1-PB2,1062,4130,0,0,0,4130,A
1-PB2,1063,4123,1,3,0,4127,A
1-PB2,1064,0,1,4203,0,4204,G
1-PB2,1065,4162,0,5,0,4167,A
1-PB2,1066,0,13,4323,0,4336,G
1-PB2,1067,3,4247,0,1,4251,T
1-PB2,1068,4298,0,0,0,4298,A
1-PB2,1069,0,4,0,4429,4433,C
1-PB2,1070,4414,0,2,0,4416,A
1-PB2,1071,0,4421,0,2,4423,T
1-PB2,1072,0,5,4417,0,4422,G
1-PB2,1073,4282,1,9,0,4292,A
1-PB2,1074,1,4,4346,0,4351,G
1-PB2,1075,2,10,4327,0,4339,G
1-PB2,1076,0,4,4579,0,4583,G
1-PB2,1077,1,0,4601,0,4602,G
1-PB2,1078,0,4465,0,3,4468,T
1-PB2,1079,4551,0,2,0,4553,A
1-PB2,1080,0,4536,0,3,4539,T
1-PB2,1081,0,4,4552,0,4556,G
1-PB2,1082,4538,0,8,0,4546,A
1-PB2,1083,3,7,4535,0,4545,G
1-PB2,1084,0,2,4504,0,4506,G
1-PB2,1085,4204,0,1,0,4205,A
1-PB2,1086,1,1,4292,0,4294,G
1-PB2,1087,1,4303,0,7,4311,T
1-PB2,1088,0,4469,0,6,4475,T
1-PB2,1089,3,0,1,4502,4506,C
1-PB2,1090,4484,0,8,1,4493,A
1-PB2,1091,1,0,0,4509,4510,C
1-PB2,1092,4498,0,3,0,4501,A
1-PB2,1093,4493,0,3,0,4496,A
1-PB2,1094,1,4510,0,1,4512,T
1-PB2,1095,0,6,4434,0,4440,G
1-PB2,1096,1,1,4455,0,4457,G
1-PB2,1097,0,4279,0,4,4283,T
1-PB2,1098,2,3,4330,0,4335,G
1-PB2,1099,0,2,4298,0,4300,G
1-PB2,1100,2,2,4303,0,4307,G
1-PB2,1101,1,1,4368,0,4370,G
1-PB2,1102,4337,0,1,0,4338,A
1-PB2,1103,4367,0,1,0,4368,A
1-PB2,1104,4340,0,1,0,4341,A
1-PB2,1105,4261,0,10,2,4273,A
1-PB2,1106,0,7,4311,0,4318,G
1-PB2,1107,4281,0,6,0,4287,A
1-PB2,1108,3,0,4293,0,4296,G
1-PB2,1109,1,3,0,4270,4274,C
1-PB2,1110,4270,2,3,0,4275,A
1-PB2,1111,4263,0,2,0,4265,A
1-PB2,1112,0,1,0,4422,4423,C
1-PB2,1113,4417,1,2,0,4420,A
1-PB2,1114,2,1,4501,0,4504,G
1-PB2,1115,0,1,0,4457,4458,C
1-PB2,1116,1,4440,0,2,4443,T
1-PB2,1117,4594,0,3,0,4597,A
1-PB2,1118,0,4595,0,1,4596,T
1-PB2,1119,4612,0,1,1,4614,A
1-PB2,1120,1,0,0,4627,4628,C
1-PB2,1121,0,4398,0,1,4399,T
1-PB2,1122,4422,0,0,0,4422,A
1-PB2,1123,4337,0,0,0,4337,A
1-PB2,1124,0,0,4342,0,4342,G
1-PB2,1125,4329,0,0,1,4330,A
1-PB2,1126,4192,0,0,0,4192,A
1-PB2,1127,4198,0,0,0,4198,A
1-PB2,1128,4157,1,8,0,4166,A
1-PB2,1129,0,0,4174,0,4174,G
1-PB2,1130,0,2,0,4159,4161,C
1-PB2,1131,4175,0,2,0,4177,A
1-PB2,1132,4175,0,2,0,4177,A
1-PB2,1133,1,0,0,4194,4195,C
1-PB2,1134,3,0,0,4191,4194,C
1-PB2,1135,4201,1,2,1,4205,A
1-PB2,1136,2,3,4212,0,4217,G
1-PB2,1137,4227,0,2,0,4229,A
1-PB2,1138,4215,0,2,1,4218,A
1-PB2,1139,0,1,4253,0,4254,G
1-PB2,1140,4230,1,2,0,4233,A
1-PB2,1141,0,4215,0,2,4217,T
1-PB2,1142,1,4202,0,2,4205,T
1-PB2,1143,1,4,4216,0,4221,G
1-PB2,1144,13,1,4250,0,4264,G
1-PB2,1145,0,4239,0,9,4248,T
1-PB2,1146,1,4204,0,9,4214,T
1-PB2,1147,1,1,0,4247,4249,C
1-PB2,1148,4302,0,2,0,4304,A
1-PB2,1149,2,1,4472,0,4475,G
1-PB2,1150,1,1,0,4491,4493,C
1-PB2,1151,0,4481,0,9,4490,T
1-PB2,1152,6,0,0,4513,4519,C
1-PB2,1153,4464,0,1,1,4466,A
1-PB2,1154,0,4489,0,0,4489,T
1-PB2,1155,4482,0,0,0,4482,A
1-PB2,1156,0,2,4509,0,4511,G
1-PB2,1157,0,4260,0,4,4264,T
1-PB2,1158,0,10,4296,0,4306,G
1-PB2,1159,4149,1,1,0,4151,A
1-PB2,1160,0,0,4212,0,4212,G
1-PB2,1161,2,4161,0,5,4168,T
1-PB2,1162,0,4,4176,0,4180,G
1-PB2,1163,0,3,4207,0,4210,G
1-PB2,1164,4189,0,4,0,4193,A
1-PB2,1165,4185,0,11,0,4196,A
1-PB2,1166,0,6,4196,1,4203,G
1-PB2,1167,4149,0,3,1,4153,A
1-PB2,1168,0,2,4171,0,4173,G
1-PB2,1169,4120,0,5,0,4125,A
1-PB2,1170,0,3,0,4130,4133,C
1-PB2,1171,0,6,4142,0,4148,G
1-PB2,1172,4089,0,1,0,4090,A
1-PB2,1173,4111,1,8,0,4120,A
1-PB2,1174,0,3,0,4114,4117,C
1-PB2,1175,4087,0,4,1,4092,A
1-PB2,1176,1,0,4305,0,4306,G
1-PB2,1177,0,4240,0,3,4243,T
1-PB2,1178,4,0,0,4276,4280,C
1-PB2,1179,4298,0,3,0,4301,A
1-PB2,1180,4259,0,1,0,4260,A
1-PB2,1181,1,4250,0,1,4252,T
1-PB2,1182,4251,0,4,0,4255,A
1-PB2,1183,0,0,4245,0,4245,G
1-PB2,1184,1,1,0,4220,4222,C
1-PB2,1185,1,3,0,4070,4074,C
1-PB2,1186,0,3,4045,0,4048,G
1-PB2,1187,4045,1,1,0,4047,A
1-PB2,1188,4067,1,1,0,4069,A
1-PB2,1189,1,0,4086,0,4087,G
1-PB2,1190,1,1,0,4183,4185,C
1-PB2,1191,4195,0,0,0,4195,A
1-PB2,1192,4176,0,3,0,4179,A
1-PB2,1193,0,4186,1,3,4190,T
1-PB2,1194,4214,0,1,0,4215,A
1-PB2,1195,4238,0,1,0,4239,A
1-PB2,1196,1,4227,0,3,4231,T
1-PB2,1197,5,0,0,4227,4232,C
1-PB2,1198,2,4,4207,0,4213,G
1-PB2,1199,0,4092,1,5,4098,T
1-PB2,1200,0,2,4121,0,4123,G
1-PB2,1201,1,2,4128,0,4131,G
1-PB2,1202,0,0,0,4114,4114,C
1-PB2,1203,2,3,0,4140,4145,C
1-PB2,1204,4085,0,1,0,4086,A
1-PB2,1205,0,4106,0,7,4113,T
1-PB2,1206,6,3,4115,0,4124,G
1-PB2,1207,0,1,4202,0,4203,G
1-PB2,1208,0,4086,0,1,4087,T
1-PB2,1209,0,0,4210,1,4211,G
1-PB2,1210,0,4111,1,3,4115,T
1-PB2,1211,0,4150,0,6,4156,T
1-PB2,1212,0,4174,0,0,4174,T
1-PB2,1213,1,4172,0,1,4174,T
1-PB2,1214,1,0,0,4225,4226,C
1-PB2,1215,4225,0,6,0,4231,A
1-PB2,1216,0,1,0,4332,4333,C
1-PB2,1217,4259,0,0,0,4259,A
1-PB2,1218,4248,0,1,0,4249,A
1-PB2,1219,0,3,4287,0,4290,G
1-PB2,1220,4192,1,2,0,4195,A
1-PB2,1221,90,2,4189,0,4281,G
1-PB2,1222,1,4,4267,0,4272,G
1-PB2,1223,4226,0,0,0,4226,A
1-PB2,1224,0,4242,0,1,4243,T
1-PB2,1225,0,4229,0,2,4231,T
1-PB2,1226,0,0,4209,0,4209,G
1-PB2,1227,1,1,0,4154,4156,C
1-PB2,1228,4185,0,2,1,4188,A
1-PB2,1229,2,4211,0,4,4217,T
1-PB2,1230,0,3,4333,0,4336,G
1-PB2,1231,4340,0,4,1,4345,A
1-PB2,1232,0,4369,0,0,4369,T
1-PB2,1233,4359,0,1,0,4360,A
1-PB2,1234,4363,0,0,1,4364,A
1-PB2,1235,4350,0,2,0,4352,A
1-PB2,1236,4343,0,7,0,4350,A
1-PB2,1237,1,1,4332,0,4334,G
1-PB2,1238,1,0,0,4415,4416,C
1-PB2,1239,4434,0,1,0,4435,A
1-PB2,1240,0,0,4548,0,4548,G
1-PB2,1241,0,4522,0,3,4525,T
1-PB2,1242,0,4532,0,0,4532,T
1-PB2,1243,4525,1,1,0,4527,A
1-PB2,1244,0,1,4559,0,4560,G
1-PB2,1245,4528,0,2,0,4530,A
1-PB2,1246,0,2,4518,0,4520,G
1-PB2,1247,1,0,4501,1,4503,G
1-PB2,1248,1,4246,0,6,4253,T
1-PB2,1249,2,8,4320,0,4330,G
1-PB2,1250,4332,1,5,0,4338,A
1-PB2,1251,0,2,0,4366,4368,C
1-PB2,1252,2,0,0,4388,4390,C
1-PB2,1253,0,4366,0,8,4374,T
1-PB2,1254,0,1,4392,0,4393,G
1-PB2,1255,4375,0,1,0,4376,A
1-PB2,1256,4369,0,1,0,4370,A
1-PB2,1257,0,4383,0,1,4384,T
1-PB2,1258,1,4442,0,1,4444,T
1-PB2,1259,0,4431,0,1,4432,T
1-PB2,1260,0,4,0,4424,4428,C
1-PB2,1261,2,0,4435,0,4437,G
1-PB2,1262,0,4423,0,5,4428,T
1-PB2,1263,2,0,0,4425,4427,C
1-PB2,1264,4434,0,0,0,4434,A
1-PB2,1265,4418,0,3,0,4421,A
1-PB2,1266,2,0,0,4433,4435,C
1-PB2,1267,4377,0,2,0,4379,A
1-PB2,1268,1,5,4438,0,4444,G
1-PB2,1269,4401,0,10,0,4411,A
1-PB2,1270,2,0,4430,0,4432,G
1-PB2,1271,0,3,0,4429,4432,C
1-PB2,1272,4428,0,1,0,4429,A
1-PB2,1273,4497,0,0,0,4497,A
1-PB2,1274,4485,0,1,0,4486,A
1-PB2,1275,0,4462,0,1,4463,T
1-PB2,1276,2,1,0,4482,4485,C
1-PB2,1277,4428,0,4,0,4432,A
1-PB2,1278,1,0,4416,0,4417,G
1-PB2,1279,0,2,1,4417,4420,C
1-PB2,1280,0,5,4434,0,4439,G
1-PB2,1281,5,0,4613,0,4618,G
1-PB2,1282,0,4582,0,3,4585,T
1-PB2,1283,0,4608,0,1,4609,T
1-PB2,1284,2,12,4600,0,4614,G
1-PB2,1285,4592,0,8,0,4600,A
1-PB2,1286,4615,0,7,0,4622,A
1-PB2,1287,1,0,1,4619,4621,C
1-PB2,1288,4,2,0,4597,4603,C
1-PB2,1289,3,1,0,4649,4653,C
1-PB2,1290,9,0,0,4495,4504,C
1-PB2,1291,4519,0,1,1,4521,A
1-PB2,1292,0,4531,0,3,4534,T
1-PB2,1293,0,1,4542,0,4543,G
1-PB2,1294,0,1,0,4556,4557,C
1-PB2,1295,4531,0,1,0,4532,A
1-PB2,1296,0,4501,0,3,4504,T
1-PB2,1297,2,0,0,4492,4494,C
1-PB2,1298,4463,0,3,0,4466,A
1-PB2,1299,0,0,4523,0,4523,G
1-PB2,1300,2,4,0,4519,4525,C
1-PB2,1301,0,4506,1,14,4521,T
1-PB2,1302,0,4528,0,1,4529,T
1-PB2,1303,0,4500,0,1,4501,T
1-PB2,1304,0,4504,0,0,4504,T
1-PB2,1305,4512,0,0,0,4512,A
1-PB2,1306,4492,2,4,0,4498,A
1-PB2,1307,2,3,4489,1,4495,G
1-PB2,1308,2,1,4464,0,4467,G
1-PB2,1309,1,1,0,4429,4431,C
1-PB2,1310,4415,0,0,0,4415,A
1-PB2,1311,7,4403,0,1,4411,T
1-PB2,1312,0,4415,0,1,4416,T
1-PB2,1313,0,4431,1,0,4432,T
1-PB2,1314,0,4432,0,2,4434,T
1-PB2,1315,5,1,0,4438,4444,C
1-PB2,1316,4442,0,2,1,4445,A
1-PB2,1317,0,3,4430,0,4433,G
1-PB2,1318,4424,0,1,0,4425,A
1-PB2,1319,4423,0,0,1,4424,A
1-PB2,1320,4409,1,2,0,4412,A
1-PB2,1321,0,3,4423,0,4426,G
1-PB2,1322,4433,0,3,1,4437,A
1-PB2,1323,0,4428,0,3,4431,T
1-PB2,1324,0,0,4445,0,4445,G
1-PB2,1325,1,0,0,4430,4431,C
1-PB2,1326,0,3,4457,0,4460,G
1-PB2,1327,4433,0,3,0,4436,A
1-PB2,1328,4442,0,0,0,4442,A
1-PB2,1329,4446,0,0,0,4446,A
1-PB2,1330,0,0,4457,0,4457,G
1-PB2,1331,0,4386,2,1,4389,T
1-PB2,1332,2,1,4405,0,4408,G
1-PB2,1333,0,4,0,4367,4371,C
1-PB2,1334,1,4395,1,8,4405,T
1-PB2,1335,0,4395,1,1,4397,T
1-PB2,1336,0,4400,1,2,4403,T
1-PB2,1337,0,4412,0,0,4412,T
1-PB2,1338,0,4372,0,4,4376,T
1-PB2,1339,4,1,0,4397,4402,C
1-PB2,1340,4420,0,1,0,4421,A
1-PB2,1341,4426,0,3,0,4429,A
1-PB2,1342,4416,0,0,0,4416,A
1-PB2,1343,4436,0,0,0,4436,A
1-PB2,1344,0,4421,1,0,4422,T
1-PB2,1345,0,4432,1,1,4434,T
1-PB2,1346,1,10,4442,0,4453,G
1-PB2,1347,2,4,4421,0,4427,G
1-PB2,1348,0,4,4436,0,4440,G
1-PB2,1349,0,3,4481,0,4484,G
1-PB2,1350,4472,0,2,0,4474,A
1-PB2,1351,1,0,4532,0,4533,G
1-PB2,1352,0,4515,0,4,4519,T
1-PB2,1353,0,4509,1,0,4510,T
1-PB2,1354,1,7,4524,1,4533,G
1-PB2,1355,4516,0,2,0,4518,A
1-PB2,1356,4517,0,14,0,4531,A
1-PB2,1357,1,1,0,4647,4649,C
1-PB2,1358,4563,1,6,0,4570,A
1-PB2,1359,0,0,0,4687,4687,C
1-PB2,1360,4620,0,1,0,4621,A
1-PB2,1361,1,4598,1,5,4605,T
1-PB2,1362,7,2,0,4640,4649,C
1-PB2,1363,2,5,4648,1,4656,G
1-PB2,1364,4663,0,3,0,4666,A
1-PB2,1365,0,2,0,4656,4658,C
1-PB2,1366,4536,0,0,0,4536,A
1-PB2,1367,0,0,4658,0,4658,G
1-PB2,1368,1,4536,1,7,4545,T
1-PB2,1369,1,0,4611,0,4612,G
1-PB2,1370,0,4571,1,5,4577,T
1-PB2,1371,2,2,4580,0,4584,G
1-PB2,1372,4565,0,4,0,4569,A
1-PB2,1373,0,4543,0,2,4545,T
1-PB2,1374,0,3,4552,0,4555,G
1-PB2,1375,1,0,4547,0,4548,G
1-PB2,1376,0,3,4495,0,4498,G
1-PB2,1377,4446,0,7,0,4453,A
1-PB2,1378,4408,0,2,0,4410,A
1-PB2,1379,0,4410,0,1,4411,T
1-PB2,1380,1,2,4454,0,4457,G
1-PB2,1381,4453,0,1,0,4454,A
1-PB2,1382,0,4444,0,0,4444,T
1-PB2,1383,1,4432,0,0,4433,T
1-PB2,1384,1,3,4425,0,4429,G
1-PB2,1385,1,4,4485,0,4490,G
1-PB2,1386,4438,0,3,0,4441,A
1-PB2,1387,0,0,4511,0,4511,G
1-PB2,1388,0,4428,0,5,4433,T
1-PB2,1389,4418,0,0,0,4418,A
1-PB2,1390,0,4424,0,3,4427,T
1-PB2,1391,0,4455,0,0,4455,T
1-PB2,1392,4482,0,9,0,4491,A
1-PB2,1393,2,10,0,4494,4506,C
1-PB2,1394,2,17,0,4390,4409,C
1-PB2,1395,4365,0,0,0,4365,A
1-PB2,1396,14,5,4387,0,4406,G
1-PB2,1397,4462,0,0,0,4462,A
1-PB2,1398,0,4427,0,1,4428,T
1-PB2,1399,4383,0,1,0,4384,A
1-PB2,1400,1,4325,0,5,4331,T
1-PB2,1401,0,4,4291,0,4295,G
1-PB2,1402,4291,0,2,0,4293,A
1-PB2,1403,1,0,0,4305,4306,C
1-PB2,1404,0,4247,0,1,4248,T
1-PB2,1405,5,0,0,4217,4222,C
1-PB2,1406,2,0,0,4188,4190,C
1-PB2,1407,4197,0,4,0,4201,A
1-PB2,1408,4223,1,4,0,4228,A
1-PB2,1409,1,1,4308,0,4310,G
1-PB2,1410,1,3,0,4289,4293,C
1-PB2,1411,4276,0,0,0,4276,A
1-PB2,1412,0,0,0,4293,4293,C
1-PB2,1413,4262,1,3,0,4266,A
1-PB2,1414,0,4,4279,0,4283,G
1-PB2,1415,4264,1,1,0,4266,A
1-PB2,1416,0,2,4291,0,4293,G
1-PB2,1417,4299,0,2,0,4301,A
1-PB2,1418,0,4186,0,2,4188,T
1-PB2,1419,1,1,4276,0,4278,G
1-PB2,1420,0,4229,0,5,4234,T
1-PB2,1421,4,1,0,4267,4272,C
1-PB2,1422,4272,0,6,0,4278,A
1-PB2,1423,4267,1,1,0,4269,A
1-PB2,1424,0,4259,0,0,4259,T
1-PB2,1425,1,5,4248,0,4254,G
1-PB2,1426,4196,0,3,0,4199,A
1-PB2,1427,0,3,4197,0,4200,G
1-PB2,1428,4095,0,1,0,4096,A
1-PB2,1429,0,7,4077,0,4084,G
1-PB2,1430,0,3,4052,0,4055,G
1-PB2,1431,1,2,4041,0,4044,G
1-PB2,1432,4246,0,1,0,4247,A
1-PB2,1433,0,4245,0,2,4247,T
1-PB2,1434,4249,0,0,0,4249,A
1-PB2,1435,4252,1,1,0,4254,A
1-PB2,1436,5,0,4261,1,4267,G
1-PB2,1437,4221,0,4,0,4225,A
1-PB2,1438,0,1,4226,0,4227,G
1-PB2,1439,1,3937,0,0,3938,T
1-PB2,1440,6,0,0,3948,3954,C
1-PB2,1441,3970,1,3,0,3974,A
1-PB2,1442,5,2,3995,0,4002,G
1-PB2,1443,0,1,0,3987,3988,C
1-PB2,1444,3998,0,2,1,4001,A
1-PB2,1445,4007,0,0,0,4007,A
1-PB2,1446,3980,0,8,1,3989,A
1-PB2,1447,3973,0,5,0,3978,A
1-PB2,1448,0,3970,0,1,3971,T
1-PB2,1449,1,6,3981,0,3988,G
1-PB2,1450,0,1,3999,0,4000,G
1-PB2,1451,0,2,4012,1,4015,G
1-PB2,1452,0,3953,0,1,3954,T
1-PB2,1453,1,0,3977,0,3978,G
1-PB2,1454,0,3958,0,3,3961,T
1-PB2,1455,0,2,3957,0,3959,G
1-PB2,1456,0,4,4026,0,4030,G
1-PB2,1457,4014,0,1,1,4016,A
1-PB2,1458,0,3990,0,0,3990,T
1-PB2,1459,5,6,4012,1,4024,G
1-PB2,1460,3978,0,4,0,3982,A
1-PB2,1461,3971,0,33,0,4004,A
1-PB2,1462,0,4004,0,0,4004,T
1-PB2,1463,3929,0,0,0,3929,A
1-PB2,1464,0,1,0,4160,4161,C
1-PB2,1465,0,4029,0,5,4034,T
1-PB2,1466,6,0,0,4063,4069,C
1-PB2,1467,2,1,0,4096,4099,C
1-PB2,1468,4055,1,2,1,4059,A
1-PB2,1469,0,2,4215,0,4217,G
1-PB2,1470,0,4182,0,0,4182,T
1-PB2,1471,4190,0,9,0,4199,A
1-PB2,1472,0,2,0,4212,4214,C
1-PB2,1473,3842,0,3,0,3845,A
1-PB2,1474,0,2,3863,0,3865,G
1-PB2,1475,3775,0,2,0,3777,A
1-PB2,1476,7,0,3791,0,3798,G
1-PB2,1477,3670,0,5,0,3675,A
1-PB2,1478,0,8,3576,0,3584,G
1-PB2,1479,0,3,3580,0,3583,G
1-PB2,1480,6,1,3563,0,3570,G
1-PB2,1481,0,3488,1,6,3495,T
1-PB2,1482,6,2,3503,0,3511,G
1-PB2,1483,1,0,3529,0,3530,G
1-PB2,1484,0,3486,0,0,3486,T
1-PB2,1485,1,3,3563,0,3567,G
1-PB2,1486,0,0,3567,0,3567,G
1-PB2,1487,0,3497,0,2,3499,T
1-PB2,1488,0,3495,0,4,3499,T
1-PB2,1489,3466,0,0,0,3466,A
1-PB2,1490,2,1,3470,0,3473,G
1-PB2,1491,0,0,0,3481,3481,C
1-PB2,1492,3444,0,0,0,3444,A
1-PB2,1493,0,3428,0,4,3432,T
1-PB2,1494,0,3230,0,1,3231,T
1-PB2,1495,0,2,3230,0,3232,G
1-PB2,1496,3204,0,2,0,3206,A
1-PB2,1497,0,3201,0,3,3204,T
1-PB2,1498,5,1,0,3212,3218,C
1-PB2,1499,0,3,3186,0,3189,G
1-PB2,1500,0,0,3227,0,3227,G
1-PB2,1501,0,3209,0,0,3209,T
1-PB2,1502,0,3210,0,0,3210,T
1-PB2,1503,1,3210,0,1,3212,T
1-PB2,1504,0,3210,0,0,3210,T
1-PB2,1505,0,3206,0,0,3206,T
1-PB2,1506,0,1,3208,0,3209,G
1-PB2,1507,3213,0,3,0,3216,A
1-PB2,1508,0,1,3217,0,3218,G
1-PB2,1509,3091,0,0,0,3091,A
1-PB2,1510,0,0,3112,0,3112,G
1-PB2,1511,0,3105,1,1,3107,T
1-PB2,1512,0,3068,1,3,3072,T
1-PB2,1513,5,1,0,3096,3102,C
1-PB2,1514,0,2,3112,0,3114,G
1-PB2,1515,3098,0,7,0,3105,A
1-PB2,1516,0,2,3112,0,3114,G
1-PB2,1517,3086,0,3,0,3089,A
1-PB2,1518,0,0,0,3094,3094,C
1-PB2,1519,5,0,0,3077,3082,C
1-PB2,1520,3029,0,3,0,3032,A
1-PB2,1521,3043,0,3,1,3047,A
1-PB2,1522,0,0,0,3082,3082,C
1-PB2,1523,10,1,3069,0,3080,G
1-PB2,1524,0,3058,0,1,3059,T
1-PB2,1525,11,2,3038,0,3051,G
1-PB2,1526,0,2,3039,0,3041,G
1-PB2,1527,0,1,3051,0,3052,G
1-PB2,1528,3012,0,1,0,3013,A
1-PB2,1529,3016,0,0,0,3016,A
1-PB2,1530,0,2896,0,1,2897,T
1-PB2,1531,2,0,2972,0,2974,G
1-PB2,1532,1,2949,0,2,2952,T
1-PB2,1533,2952,1,0,0,2953,A
1-PB2,1534,0,2952,0,0,2952,T
1-PB2,1535,1,2919,0,1,2921,T
1-PB2,1536,2942,0,0,0,2942,A
1-PB2,1537,0,2925,1,1,2927,T
1-PB2,1538,0,2882,0,0,2882,T
1-PB2,1539,2874,0,1,0,2875,A
1-PB2,1540,0,2444,0,4,2448,T
1-PB2,1541,1,0,0,2483,2484,C
1-PB2,1542,2,2421,0,4,2427,T
1-PB2,1543,0,0,0,2441,2441,C
1-PB2,1544,1,0,0,2440,2441,C
1-PB2,1545,0,2344,1,5,2350,T
1-PB2,1546,0,0,2355,1,2356,G
1-PB2,1547,2343,0,1,0,2344,A
1-PB2,1548,0,1,2340,0,2341,G
1-PB2,1549,2,3,2338,0,2343,G
1-PB2,1550,2015,0,0,0,2015,A
1-PB2,1551,1,1,2019,0,2021,G
1-PB2,1552,1,0,2003,0,2004,G
1-PB2,1553,0,1901,0,2,1903,T
1-PB2,1554,4,0,0,1917,1921,C
1-PB2,1555,1888,0,3,0,1891,A
1-PB2,1556,0,0,1910,0,1910,G
1-PB2,1557,0,1901,0,0,1901,T
1-PB2,1558,0,3,1892,0,1895,G
1-PB2,1559,1890,0,1,0,1891,A
1-PB2,1560,1797,0,0,0,1797,A
1-PB2,1561,1797,0,2,0,1799,A
1-PB2,1562,0,0,0,1801,1801,C
1-PB2,1563,1773,0,0,0,1773,A
1-PB2,1564,0,0,0,1774,1774,C
1-PB2,1565,1684,0,1,1,1686,A
1-PB2,1566,0,0,1688,0,1688,G
1-PB2,1567,0,2,1679,0,1681,G
1-PB2,1568,0,1,1682,0,1683,G
1-PB2,1569,1677,0,1,0,1678,A
1-PB2,1570,1648,0,1,0,1649,A
1-PB2,1571,1,0,0,1653,1654,C
1-PB2,1572,0,1611,1,2,1614,T
1-PB2,1573,0,0,1617,1,1618,G
1-PB2,1574,1595,0,2,0,1597,A
1-PB2,1575,0,1,1606,0,1607,G
1-PB2,1576,1555,0,6,0,1561,A
1-PB2,1577,0,0,1440,0,1440,G
1-PB2,1578,1419,0,2,0,1421,A
1-PB2,1579,0,0,0,1420,1420,C
1-PB2,1580,0,1349,0,1,1350,T
1-PB2,1581,2,0,1356,0,1358,G
1-PB2,1582,1353,0,1,0,1354,A
1-PB2,1583,0,0,0,1356,1356,C
1-PB2,1584,1346,0,0,0,1346,A
1-PB2,1585,1338,0,0,0,1338,A
1-PB2,1586,0,1328,0,0,1328,T
1-PB2,1587,1328,0,0,0,1328,A
1-PB2,1588,1327,0,0,0,1327,A
1-PB2,1589,1,1,0,1331,1333,C
1-PB2,1590,0,1205,0,2,1207,T
1-PB2,1591,0,1193,0,0,1193,T
1-PB2,1592,1164,0,0,0,1164,A
1-PB2,1593,0,1160,0,1,1161,T
1-PB2,1594,0,1163,0,0,1163,T
1-PB2,1595,1,1,0,1151,1153,C
1-PB2,1596,1031,1,0,0,1032,A
1-PB2,1597,0,1017,0,0,1017,T
1-PB2,1598,0,0,0,958,958,C
1-PB2,1599,2,0,957,0,959,G
1-PB2,1600,1,950,0,2,953,T
1-PB2,1601,0,0,0,935,935,C
1-PB2,1602,0,0,939,0,939,G
1-PB2,1603,936,0,1,0,937,A
1-PB2,1604,0,930,0,0,930,T
1-PB2,1605,0,0,927,0,927,G
1-PB2,1606,920,0,1,0,921,A
1-PB2,1607,0,913,0,0,913,T
1-PB2,1608,0,0,900,0,900,G
1-PB2,1609,0,832,0,1,833,T
1-PB2,1610,3,1,836,0,840,G
1-PB2,1611,0,1,834,0,835,G
1-PB2,1612,0,0,827,0,827,G
1-PB2,1613,779,0,1,0,780,A
1-PB2,1614,0,1,763,0,764,G
1-PB2,1615,648,0,2,0,650,A
1-PB2,1616,0,596,0,0,596,T
1-PB2,1617,1,559,0,0,560,T
1-PB2,1618,555,0,1,0,556,A
1-PB2,1619,547,0,1,0,548,A
1-PB2,1620,1,1,0,536,538,C
1-PB2,1621,1,2,440,0,443,G
1-PB2,1622,0,0,412,0,412,G
1-PB2,1623,0,252,0,0,252,T
1-PB2,1624,0,0,0,241,241,C
1-PB2,1625,0,0,0,242,242,C
1-PB2,1626,0,181,0,0,181,T
1-PB2,1627,0,1,184,0,185,G
1-PB2,1628,181,0,1,0,182,A
1-PB2,1629,0,0,183,0,183,G
1-PB2,1630,0,180,0,0,180,T
1-PB2,1631,0,0,0,176,176,C
1-PB2,1632,0,0,176,0,176,G
1-PB2,1633,0,0,179,0,179,G
1-PB2,1634,0,179,0,0,179,T
1-PB2,1635,0,180,0,0,180,T
1-PB2,1636,0,178,0,0,178,T
1-PB2,1637,0,178,0,0,178,T
1-PB2,1638,0,0,180,0,180,G
1-PB2,1639,0,1,176,0,177,G
1-PB2,1640,0,179,0,0,179,T
1-PB2,1641,0,0,0,180,180,C
1-PB2,1642,177,0,0,0,177,A
1-PB2,1643,182,0,0,0,182,A
1-PB2,1644,1,181,0,0,182,T
1-PB2,1645,183,0,0,0,183,A
1-PB2,1646,0,0,0,187,187,C
1-PB2,1647,1,0,0,179,180,C
1-PB2,1648,0,176,1,0,177,T
1-PB2,1649,180,0,0,0,180,A
1-PB2,1650,0,178,0,0,178,T
1-PB2,1651,0,0,0,180,180,C
1-PB2,1652,175,0,0,0,175,A
1-PB2,1653,176,0,0,0,176,A
1-PB2,1654,0,174,0,0,174,T
1-PB2,1655,0,0,171,0,171,G
1-PB2,1656,0,0,169,0,169,G
1-PB2,1657,169,0,0,0,169,A
1-PB2,1658,0,165,0,0,165,T
1-PB2,1659,0,0,0,164,164,C
1-PB2,1660,166,0,0,0,166,A
1-PB2,1661,0,166,0,0,166,T
1-PB2,1662,0,0,0,167,167,C
1-PB2,1663,165,0,0,0,165,A
1-PB2,1664,0,0,166,0,166,G
1-PB2,1665,164,0,0,0,164,A
1-PB2,1666,165,0,0,0,165,A
1-PB2,1667,164,0,0,0,164,A
1-PB2,1668,0,163,0,0,163,T
1-PB2,1669,0,164,0,0,164,T
1-PB2,1670,0,0,162,0,162,G
1-PB2,1671,0,2,160,0,162,G
1-PB2,1672,0,0,163,0,163,G
1-PB2,1673,162,0,0,0,162,A
1-PB2,1674,160,0,0,0,160,A
1-PB2,1675,0,0,159,0,159,G
1-PB2,1676,0,0,0,159,159,C
1-PB2,1677,0,162,0,0,162,T
1-PB2,1678,0,0,164,0,164,G
1-PB2,1679,0,162,0,0,162,T
1-PB2,1680,1,0,0,160,161,C
1-PB2,1681,162,0,0,0,162,A
1-PB2,1682,165,0,0,0,165,A
1-PB2,1683,164,0,0,0,164,A
1-PB2,1684,167,0,0,0,167,A
1-PB2,1685,0,167,1,0,168,T
1-PB2,1686,0,170,0,0,170,T
1-PB2,1687,0,0,0,167,167,C
1-PB2,1688,167,0,0,0,167,A
1-PB2,1689,167,0,0,0,167,A
1-PB2,1690,0,168,0,0,168,T
1-PB2,1691,0,2,161,0,163,G
1-PB2,1692,0,0,166,0,166,G
1-PB2,1693,0,171,0,0,171,T
1-PB2,1694,0,0,0,172,172,C
1-PB2,1695,0,169,0,0,169,T
1-PB2,1696,0,0,0,172,172,C
1-PB2,1697,170,0,0,0,170,A
1-PB2,1698,0,0,173,0,173,G
1-PB2,1699,172,0,0,0,172,A
1-PB2,1700,171,0,1,0,172,A
1-PB2,1701,0,168,0,0,168,T
1-PB2,1702,0,0,0,164,164,C
1-PB2,1703,0,0,0,166,166,C
1-PB2,1704,0,168,0,0,168,T
1-PB2,1705,0,0,167,0,167,G
1-PB2,1706,0,0,0,168,168,C
1-PB2,1707,168,0,0,0,168,A
1-PB2,1708,172,0,0,0,172,A
1-PB2,1709,0,168,0,0,168,T
1-PB2,1710,0,0,174,0,174,G
1-PB2,1711,0,175,0,0,175,T
1-PB2,1712,0,170,0,0,170,T
1-PB2,1713,0,0,173,0,173,G
1-PB2,1714,0,171,0,0,171,T
1-PB2,1715,171,0,0,0,171,A
1-PB2,1716,0,0,0,172,172,C
1-PB2,1717,171,0,0,0,171,A
1-PB2,1718,170,0,1,0,171,A
1-PB2,1719,0,0,0,170,170,C
1-PB2,1720,168,0,0,0,168,A
1-PB2,1721,170,0,0,0,170,A
1-PB2,1722,162,0,0,0,162,A
1-PB2,1723,164,0,0,0,164,A
1-PB2,1724,0,165,0,0,165,T
1-PB2,1725,0,0,164,0,164,G
1-PB2,1726,0,0,164,0,164,G
1-PB2,1727,162,0,0,0,162,A
1-PB2,1728,165,0,0,0,165,A
1-PB2,1729,0,159,0,1,160,T
1-PB2,1730,0,162,0,0,162,T
1-PB2,1731,0,162,0,0,162,T
1-PB2,1732,0,0,161,0,161,G
1-PB2,1733,162,0,1,0,163,A
1-PB2,1734,163,0,0,0,163,A
1-PB2,1735,0,0,0,162,162,C
1-PB2,1736,0,0,0,163,163,C
1-PB2,1737,164,0,0,0,164,A
1-PB2,1738,0,166,0,0,166,T
1-PB2,1739,0,166,0,0,166,T
1-PB2,1740,0,165,0,0,165,T
1-PB2,1741,1,0,0,164,165,C
1-PB2,1742,167,0,0,0,167,A
1-PB2,1743,166,0,0,0,166,A
1-PB2,1744,0,164,0,0,164,T
1-PB2,1745,0,0,0,167,167,C
1-PB2,1746,0,163,0,0,163,T
1-PB2,1747,0,162,0,0,162,T
1-PB2,1748,0,165,0,1,166,T
1-PB2,1749,164,0,1,0,165,A
1-PB2,1750,0,0,165,0,165,G
1-PB2,1751,0,167,0,0,167,T
1-PB2,1752,0,0,0,171,171,C
1-PB2,1753,0,0,0,172,172,C
1-PB2,1754,0,0,0,170,170,C
1-PB2,1755,0,0,0,169,169,C
1-PB2,1756,167,0,0,0,167,A
1-PB2,1757,168,0,0,0,168,A
1-PB2,1758,0,0,169,0,169,G
1-PB2,1759,0,0,172,0,172,G
1-PB2,1760,0,0,0,168,168,C
1-PB2,1761,0,0,0,167,167,C
1-PB2,1762,169,0,0,0,169,A
1-PB2,1763,0,172,0,0,172,T
1-PB2,1764,0,173,0,0,173,T
1-PB2,1765,172,0,0,0,172,A
1-PB2,1766,0,0,169,0,169,G
1-PB2,1767,169,0,0,0,169,A
1-PB2,1768,176,0,0,0,176,A
1-PB2,1769,0,0,172,0,172,G
1-PB2,1770,0,0,0,174,174,C
1-PB2,1771,0,0,0,176,176,C
1-PB2,1772,176,0,0,0,176,A
1-PB2,1773,178,0,0,0,178,A
1-PB2,1774,0,180,0,0,180,T
1-PB2,1775,178,0,1,0,179,A
1-PB2,1776,0,0,0,181,181,C
1-PB2,1777,166,0,0,0,166,A
1-PB2,1778,0,0,167,0,167,G
1-PB2,1779,0,163,0,0,163,T
1-PB2,1780,0,0,165,0,165,G
1-PB2,1781,0,0,163,0,163,G
1-PB2,1782,0,0,165,0,165,G
1-PB2,1783,0,159,0,0,159,T
1-PB2,1784,0,160,0,0,160,T
1-PB2,1785,0,163,0,0,163,T
1-PB2,1786,0,0,163,0,163,G
1-PB2,1787,0,162,0,0,162,T
1-PB2,1788,0,0,0,161,161,C
1-PB2,1789,158,0,0,0,158,A
1-PB2,1790,0,0,158,0,158,G
1-PB2,1791,156,0,0,0,156,A
1-PB2,1792,155,0,0,0,155,A
1-PB2,1793,0,0,0,156,156,C
1-PB2,1794,0,155,0,0,155,T
1-PB2,1795,0,0,0,155,155,C
1-PB2,1796,0,160,0,0,160,T
1-PB2,1797,161,0,0,0,161,A
1-PB2,1798,0,162,0,0,162,T
1-PB2,1799,0,161,0,0,161,T
1-PB2,1800,0,0,0,159,159,C
1-PB2,1801,0,1,0,150,151,C
1-PB2,1802,155,0,0,0,155,A
1-PB2,1803,157,0,0,0,157,A
1-PB2,1804,0,0,0,157,157,C
1-PB2,1805,157,0,0,0,157,A
1-PB2,1806,158,0,0,0,158,A
1-PB2,1807,158,0,0,0,158,A
1-PB2,1808,0,157,0,0,157,T
1-PB2,1809,0,0,158,0,158,G
1-PB2,1810,155,0,0,0,155,A
1-PB2,1811,0,0,154,0,154,G
1-PB2,1812,154,0,0,0,154,A
1-PB2,1813,0,0,152,0,152,G
1-PB2,1814,153,0,0,0,153,A
1-PB2,1815,0,0,0,147,147,C
1-PB2,1816,0,0,148,0,148,G
1-PB2,1817,0,152,0,0,152,T
1-PB2,1818,154,0,0,0,154,A
1-PB2,1819,0,0,0,152,152,C
1-PB2,1820,0,154,0,0,154,T
1-PB2,1821,0,152,0,0,152,T
1-PB2,1822,0,0,154,0,154,G
1-PB2,1823,0,0,150,0,150,G
1-PB2,1824,0,0,152,0,152,G
1-PB2,1825,146,0,0,0,146,A
1-PB2,1826,0,0,0,149,149,C
1-PB2,1827,150,0,0,0,150,A
1-PB2,1828,0,151,0,0,151,T
1-PB2,1829,0,151,0,0,151,T
1-PB2,1830,0,151,0,0,151,T
1-PB2,1831,0,0,149,0,149,G
1-PB2,1832,149,0,0,0,149,A
1-PB2,1833,0,0,0,150,150,C
1-PB2,1834,148,0,0,0,148,A
1-PB2,1835,0,0,0,147,147,C
1-PB2,1836,0,0,0,145,145,C
1-PB2,1837,142,0,1,0,143,A
1-PB2,1838,0,0,0,146,146,C
1-PB2,1839,1,0,0,145,146,C
1-PB2,1840,0,1,0,145,146,C
1-PB2,1841,148,0,0,0,148,A
1-PB2,1842,0,1,145,0,146,G
1-PB2,1843,144,0,0,0,144,A
1-PB2,1844,0,154,0,0,154,T
1-PB2,1845,156,0,0,0,156,A
1-PB2,1846,156,0,0,0,156,A
1-PB2,1847,0,153,0,0,153,T
1-PB2,1848,155,0,0,0,155,A
1-PB2,1849,155,0,0,0,155,A
1-PB2,1850,151,0,0,0,151,A
1-PB2,1851,0,0,153,0,153,G
1-PB2,1852,0,0,0,148,148,C
1-PB2,1853,0,144,0,0,144,T
1-PB2,1854,0,144,0,0,144,T
1-PB2,1855,0,0,0,145,145,C
1-PB2,1856,0,141,0,0,141,T
1-PB2,1857,0,0,0,145,145,C
1-PB2,1858,2,0,0,141,143,C
1-PB2,1859,0,0,0,147,147,C
1-PB2,1860,0,148,0,0,148,T
1-PB2,1861,0,147,0,0,147,T
1-PB2,1862,0,147,0,0,147,T
1-PB2,1863,0,147,0,0,147,T
1-PB2,1864,0,0,144,0,144,G
1-PB2,1865,0,0,0,144,144,C
1-PB2,1866,142,0,0,0,142,A
1-PB2,1867,0,0,139,0,139,G
1-PB2,1868,0,0,0,137,137,C
1-PB2,1869,0,139,0,0,139,T
1-PB2,1870,0,0,141,0,141,G
1-PB2,1871,0,0,0,138,138,C
1-PB2,1872,0,137,0,0,137,T
1-PB2,1873,0,0,0,135,135,C
1-PB2,1874,0,0,0,143,143,C
1-PB2,1875,139,0,0,0,139,A
1-PB2,1876,0,0,0,142,142,C
1-PB2,1877,0,0,0,140,140,C
1-PB2,1878,143,0,0,0,143,A
1-PB2,1879,141,0,0,0,141,A
1-PB2,1880,141,0,0,0,141,A
1-PB2,1881,0,0,141,0,141,G
1-PB2,1882,0,0,0,142,142,C
1-PB2,1883,142,0,0,0,142,A
1-PB2,1884,141,0,0,0,141,A
1-PB2,1885,140,0,1,0,141,A
1-PB2,1886,0,0,146,0,146,G
1-PB2,1887,0,0,0,144,144,C
1-PB2,1888,143,0,0,0,143,A
1-PB2,1889,0,0,147,0,147,G
1-PB2,1890,140,0,0,0,140,A
1-PB2,1891,146,0,0,0,146,A
1-PB2,1892,0,148,0,0,148,T
1-PB2,1893,0,0,149,0,149,G
1-PB2,1894,0,0,0,148,148,C
1-PB2,1895,145,0,0,0,145,A
1-PB2,1896,0,0,147,0,147,G
1-PB2,1897,0,146,0,0,146,T
1-PB2,1898,0,149,0,1,150,T
1-PB2,1899,0,0,0,149,149,C
1-PB2,1900,0,146,0,0,146,T
1-PB2,1901,1,0,0,147,148,C
1-PB2,1902,0,146,0,0,146,T
1-PB2,1903,0,148,0,0,148,T
1-PB2,1904,0,0,0,147,147,C
1-PB2,1905,145,0,0,0,145,A
1-PB2,1906,0,0,0,145,145,C
1-PB2,1907,0,139,0,0,139,T
1-PB2,1908,0,0,142,0,142,G
1-PB2,1909,140,0,0,0,140,A
1-PB2,1910,0,0,0,148,148,C
1-PB2,1911,0,146,0,0,146,T
1-PB2,1912,0,0,147,0,147,G
1-PB2,1913,0,146,0,0,146,T
1-PB2,1914,0,0,146,0,146,G
1-PB2,1915,146,0,0,0,146,A
1-PB2,1916,147,0,0,0,147,A
1-PB2,1917,0,144,0,0,144,T
1-PB2,1918,0,0,145,0,145,G
1-PB2,1919,0,139,0,0,139,T
1-PB2,1920,0,0,139,0,139,G
1-PB2,1921,137,0,1,0,138,A
1-PB2,1922,0,0,137,0,137,G
1-PB2,1923,0,0,138,0,138,G
1-PB2,1924,0,0,140,0,140,G
1-PB2,1925,0,0,145,0,145,G
1-PB2,1926,147,0,0,0,147,A
1-PB2,1927,0,145,0,0,145,T
1-PB2,1928,1,0,0,144,145,C
1-PB2,1929,144,0,1,0,145,A
1-PB2,1930,0,0,146,0,146,G
1-PB2,1931,0,0,144,0,144,G
1-PB2,1932,0,0,146,0,146,G
1-PB2,1933,143,0,0,0,143,A
1-PB2,1934,0,139,0,0,139,T
1-PB2,1935,0,0,137,0,137,G
1-PB2,1936,136,1,0,0,137,A
1-PB2,1937,0,0,144,0,144,G
1-PB2,1938,142,0,0,0,142,A
1-PB2,1939,140,0,0,0,140,A
1-PB2,1940,0,141,0,0,141,T
1-PB2,1941,140,0,0,0,140,A
1-PB2,1942,0,0,0,145,145,C
1-PB2,1943,0,142,0,0,142,T
1-PB2,1944,0,142,0,0,142,T
1-PB2,1945,0,0,143,0,143,G
1-PB2,1946,0,133,0,0,133,T
1-PB2,1947,132,0,0,0,132,A
1-PB2,1948,129,0,0,0,129,A
1-PB2,1949,0,1,127,0,128,G
1-PB2,1950,0,0,128,0,128,G
1-PB2,1951,0,0,126,0,126,G
1-PB2,1952,0,1,128,0,129,G
1-PB2,1953,0,0,0,129,129,C
1-PB2,1954,131,0,0,0,131,A
1-PB2,1955,133,0,0,0,133,A
1-PB2,1956,0,133,0,0,133,T
1-PB2,1957,0,132,0,0,132,T
1-PB2,1958,0,0,0,134,134,C
1-PB2,1959,0,131,0,0,131,T
1-PB2,1960,0,0,0,134,134,C
1-PB2,1961,0,0,0,135,135,C
1-PB2,1962,0,131,0,0,131,T
1-PB2,1963,0,0,137,0,137,G
1-PB2,1964,0,136,0,0,136,T
1-PB2,1965,138,0,0,0,138,A
1-PB2,1966,0,138,0,0,138,T
1-PB2,1967,0,137,0,0,137,T
1-PB2,1968,1,0,0,137,138,C
1-PB2,1969,138,0,0,0,138,A
1-PB2,1970,138,0,1,0,139,A
1-PB2,1971,0,0,0,139,139,C
1-PB2,1972,0,135,0,0,135,T
1-PB2,1973,135,0,0,0,135,A
1-PB2,1974,0,0,0,143,143,C
1-PB2,1975,140,0,0,0,140,A
1-PB2,1976,141,0,0,0,141,A
1-PB2,1977,0,0,0,137,137,C
1-PB2,1978,137,0,0,0,137,A
1-PB2,1979,137,0,0,0,137,A
1-PB2,1980,0,1,138,0,139,G
1-PB2,1981,139,0,0,0,139,A
1-PB2,1982,0,0,0,139,139,C
1-PB2,1983,0,0,0,134,134,C
1-PB2,1984,134,0,0,0,134,A
1-PB2,1985,0,0,0,139,139,C
1-PB2,1986,0,139,0,1,140,T
1-PB2,1987,140,0,0,0,140,A
1-PB2,1988,137,0,0,0,137,A
1-PB2,1989,138,0,0,0,138,A
1-PB2,1990,139,0,0,0,139,A
1-PB2,1991,0,0,140,0,140,G
1-PB2,1992,138,0,0,0,138,A
1-PB2,1993,0,0,0,141,141,C
1-PB2,1994,0,138,0,0,138,T
1-PB2,1995,139,0,0,0,139,A
1-PB2,1996,138,0,0,0,138,A
1-PB2,1997,0,0,0,139,139,C
1-PB2,1998,138,0,0,0,138,A
1-PB2,1999,138,0,0,0,138,A
1-PB2,2000,0,135,0,0,135,T
1-PB2,2001,0,134,0,0,134,T
1-PB2,2002,0,0,0,136,136,C
1-PB2,2003,0,134,0,1,135,T
1-PB2,2004,0,0,0,137,137,C
1-PB2,2005,0,0,136,0,136,G
1-PB2,2006,0,0,138,0,138,G
1-PB2,2007,139,0,0,0,139,A
1-PB2,2008,139,0,0,0,139,A
1-PB2,2009,139,0,0,0,139,A
1-PB2,2010,139,0,0,0,139,A
1-PB2,2011,0,0,138,0,138,G
1-PB2,2012,135,0,0,0,135,A
1-PB2,2013,0,137,0,0,137,T
1-PB2,2014,1,0,136,0,137,G
1-PB2,2015,0,0,0,135,135,C
1-PB2,2016,0,0,0,136,136,C
1-PB2,2017,0,0,135,0,135,G
1-PB2,2018,0,0,136,0,136,G
1-PB2,2019,0,0,0,136,136,C
1-PB2,2020,136,0,0,0,136,A
1-PB2,2021,0,0,0,139,139,C
1-PB2,2022,0,138,0,0,138,T
1-PB2,2023,0,137,0,0,137,T
1-PB2,2024,0,138,0,0,138,T
1-PB2,2025,140,0,0,0,140,A
1-PB2,2026,140,0,0,0,140,A
1-PB2,2027,0,142,0,0,142,T
1-PB2,2028,0,139,0,0,139,T
1-PB2,2029,0,0,142,0,142,G
1-PB2,2030,138,0,0,0,138,A
1-PB2,2031,138,0,0,0,138,A
1-PB2,2032,0,0,140,0,140,G
1-PB2,2033,140,0,0,0,140,A
1-PB2,2034,0,0,0,141,141,C
1-PB2,2035,0,0,0,140,140,C
1-PB2,2036,0,0,0,138,138,C
1-PB2,2037,140,0,0,0,140,A
1-PB2,2038,0,0,141,0,141,G
1-PB2,2039,141,0,0,0,141,A
1-PB2,2040,0,141,0,0,141,T
1-PB2,2041,0,0,141,0,141,G
1-PB2,2042,139,0,0,0,139,A
1-PB2,2043,137,0,0,0,137,A
1-PB2,2044,140,0,0,0,140,A
1-PB2,2045,0,0,140,0,140,G
1-PB2,2046,0,0,0,140,140,C
1-PB2,2047,139,0,0,0,139,A
1-PB2,2048,0,0,0,135,135,C
1-PB2,2049,138,0,0,0,138,A
1-PB2,2050,0,136,0,0,136,T
1-PB2,2051,0,0,0,142,142,C
1-PB2,2052,0,0,0,141,141,C
1-PB2,2053,0,0,144,0,144,G
1-PB2,2054,0,0,144,0,144,G
1-PB2,2055,141,0,0,0,141,A
1-PB2,2056,0,0,142,0,142,G
1-PB2,2057,0,142,0,0,142,T
1-PB2,2058,0,0,138,0,138,G
1-PB2,2059,0,0,143,0,143,G
1-PB2,2060,140,0,0,0,140,A
1-PB2,2061,0,0,141,0,141,G
1-PB2,2062,0,139,0,0,139,T
1-PB2,2063,0,0,0,137,137,C
1-PB2,2064,0,0,0,137,137,C
1-PB2,2065,0,0,134,0,134,G
1-PB2,2066,0,0,0,138,138,C
1-PB2,2067,0,0,0,139,139,C
1-PB2,2068,0,0,144,0,144,G
1-PB2,2069,0,142,0,0,142,T
1-PB2,2070,0,0,0,145,145,C
1-PB2,2071,0,145,0,1,146,T
1-PB2,2072,0,144,0,1,145,T
1-PB2,2073,0,0,146,0,146,G
1-PB2,2074,145,0,0,0,145,A
1-PB2,2075,0,0,145,0,145,G
1-PB2,2076,144,0,0,0,144,A
1-PB2,2077,0,0,138,0,138,G
1-PB2,2078,0,0,139,0,139,G
1-PB2,2079,0,0,137,0,137,G
1-PB2,2080,0,137,0,0,137,T
1-PB2,2081,0,134,0,0,134,T
1-PB2,2082,0,137,0,1,138,T
1-PB2,2083,0,0,0,138,138,C
1-PB2,2084,0,138,0,0,138,T
1-PB2,2085,0,0,0,141,141,C
1-PB2,2086,139,0,0,0,139,A
1-PB2,2087,0,139,0,0,139,T
1-PB2,2088,0,139,0,0,139,T
1-PB2,2089,138,0,0,0,138,A
1-PB2,2090,0,139,0,1,140,T
1-PB2,2091,138,0,0,0,138,A
1-PB2,2092,0,0,138,0,138,G
1-PB2,2093,0,0,139,0,139,G
1-PB2,2094,0,131,0,0,131,T
1-PB2,2095,130,0,0,0,130,A
1-PB2,2096,130,0,0,0,130,A
1-PB2,2097,0,0,129,0,129,G
1-PB2,2098,0,0,129,0,129,G
1-PB2,2099,128,0,0,0,128,A
1-PB2,2100,127,0,0,0,127,A
1-PB2,2101,0,0,126,0,126,G
1-PB2,2102,126,0,0,0,126,A
1-PB2,2103,0,0,0,125,125,C
1-PB2,2104,127,0,0,0,127,A
1-PB2,2105,0,0,129,0,129,G
1-PB2,2106,129,0,0,0,129,A
1-PB2,2107,131,0,0,0,131,A
1-PB2,2108,0,0,132,0,132,G
1-PB2,2109,130,0,0,0,130,A
1-PB2,2110,0,131,0,0,131,T
1-PB2,2111,131,0,0,0,131,A
1-PB2,2112,0,0,0,129,129,C
1-PB2,2113,0,0,130,0,130,G
1-PB2,2114,0,0,132,0,132,G
1-PB2,2115,128,0,0,0,128,A
1-PB2,2116,0,0,0,129,129,C
1-PB2,2117,0,0,0,131,131,C
1-PB2,2118,128,0,1,0,129,A
1-PB2,2119,0,0,132,0,132,G
1-PB2,2120,0,0,0,133,133,C
1-PB2,2121,134,0,0,0,134,A
1-PB2,2122,0,132,0,0,132,T
1-PB2,2123,0,130,0,0,130,T
1-PB2,2124,130,0,0,0,130,A
1-PB2,2125,128,0,0,0,128,A
1-PB2,2126,0,0,128,0,128,G
1-PB2,2127,0,1,0,127,128,C
1-PB2,2128,118,0,0,0,118,A
1-PB2,2129,0,125,0,0,125,T
1-PB2,2130,1,0,0,125,126,C
1-PB2,2131,125,1,0,0,126,A
1-PB2,2132,126,0,0,0,126,A
1-PB2,2133,0,126,0,0,126,T
1-PB2,2134,0,0,126,0,126,G
1-PB2,2135,125,0,0,0,125,A
1-PB2,2136,126,0,0,0,126,A
1-PB2,2137,0,0,0,126,126,C
1-PB2,2138,0,112,0,0,112,T
1-PB2,2139,0,0,120,0,120,G
1-PB2,2140,119,0,0,0,119,A
1-PB2,2141,0,0,119,0,119,G
1-PB2,2142,0,118,0,0,118,T
1-PB2,2143,119,0,0,0,119,A
1-PB2,2144,114,0,0,0,114,A
1-PB2,2145,0,0,0,116,116,C
1-PB2,2146,0,0,0,116,116,C
1-PB2,2147,0,116,0,0,116,T
1-PB2,2148,0,115,0,0,115,T
1-PB2,2149,0,0,114,0,114,G
1-PB2,2150,0,0,0,115,115,C
1-PB2,2151,114,0,0,0,114,A
1-PB2,2152,113,0,0,0,113,A
1-PB2,2153,113,0,0,0,113,A
1-PB2,2154,111,0,0,0,111,A
1-PB2,2155,0,1,111,0,112,G
1-PB2,2156,0,0,112,0,112,G
1-PB2,2157,0,0,111,0,111,G
1-PB2,2158,0,0,109,0,109,G
1-PB2,2159,111,0,0,0,111,A
1-PB2,2160,110,0,0,0,110,A
1-PB2,2161,110,0,1,0,111,A
1-PB2,2162,111,0,0,0,111,A
1-PB2,2163,0,0,110,0,110,G
1-PB2,2164,0,0,110,0,110,G
1-PB2,2165,0,0,0,109,109,C
1-PB2,2166,0,108,0,0,108,T
1-PB2,2167,108,0,0,0,108,A
1-PB2,2168,108,0,0,0,108,A
1-PB2,2169,0,108,0,0,108,T
1-PB2,2170,0,0,109,0,109,G
1-PB2,2171,0,107,0,0,107,T
1-PB2,2172,0,0,104,0,104,G
1-PB2,2173,1,0,0,102,103,C
1-PB2,2174,0,103,0,0,103,T
1-PB2,2175,104,0,0,0,104,A
1-PB2,2176,103,0,0,0,103,A
1-PB2,2177,0,102,0,0,102,T
1-PB2,2178,0,0,0,104,104,C
1-PB2,2179,0,0,102,0,102,G
1-PB2,2180,0,0,99,0,99,G
1-PB2,2181,0,0,99,0,99,G
1-PB2,2182,0,0,0,100,100,C
1-PB2,2183,101,0,0,0,101,A
1-PB2,2184,101,0,0,0,101,A
1-PB2,2185,0,0,100,0,100,G
1-PB2,2186,0,0,101,0,101,G
1-PB2,2187,100,0,0,0,100,A
1-PB2,2188,0,0,98,0,98,G
1-PB2,2189,93,0,0,0,93,A
1-PB2,2190,0,0,0,93,93,C
1-PB2,2191,0,0,94,0,94,G
1-PB2,2192,0,93,0,0,93,T
1-PB2,2193,0,0,94,0,94,G
1-PB2,2194,0,0,94,0,94,G
1-PB2,2195,0,90,0,0,90,T
1-PB2,2196,0,0,91,0,91,G
1-PB2,2197,0,88,0,0,88,T
1-PB2,2198,0,88,0,0,88,T
1-PB2,2199,0,1,87,0,88,G
1-PB2,2200,0,0,87,0,87,G
1-PB2,2201,0,87,0,0,87,T
1-PB2,2202,87,0,0,0,87,A
1-PB2,2203,85,0,0,0,85,A
1-PB2,2204,0,81,0,0,81,T
1-PB2,2205,0,0,81,0,81,G
1-PB2,2206,81,0,0,0,81,A
1-PB2,2207,80,0,0,0,80,A
1-PB2,2208,81,0,0,0,81,A
1-PB2,2209,0,0,0,81,81,C
1-PB2,2210,0,0,80,0,80,G
1-PB2,2211,80,0,0,0,80,A
1-PB2,2212,81,0,0,0,81,A
1-PB2,2213,79,0,1,0,80,A
1-PB2,2214,81,0,0,0,81,A
1-PB2,2215,0,0,0,81,81,C
1-PB2,2216,0,0,80,0,80,G
1-PB2,2217,0,0,79,0,79,G
1-PB2,2218,0,0,79,0,79,G
1-PB2,2219,79,0,0,0,79,A
1-PB2,2220,0,0,0,78,78,C
1-PB2,2221,0,78,0,0,78,T
1-PB2,2222,1,0,0,81,82,C
1-PB2,2223,0,81,0,0,81,T
1-PB2,2224,80,0,0,0,80,A
1-PB2,2225,0,0,81,0,81,G
1-PB2,2226,0,0,0,80,80,C
1-PB2,2227,80,0,0,0,80,A
1-PB2,2228,0,80,0,0,80,T
1-PB2,2229,75,0,0,0,75,A
1-PB2,2230,0,0,0,78,78,C
1-PB2,2231,0,68,0,0,68,T
1-PB2,2232,0,68,0,0,68,T
1-PB2,2233,66,0,0,0,66,A
1-PB2,2234,0,0,0,67,67,C
1-PB2,2235,0,66,0,0,66,T
1-PB2,2236,0,0,65,0,65,G
1-PB2,2237,62,0,0,0,62,A
1-PB2,2238,0,0,0,63,63,C
1-PB2,2239,55,0,0,0,55,A
1-PB2,2240,0,0,56,0,56,G
1-PB2,2241,0,0,0,56,56,C
1-PB2,2242,1,0,0,55,56,C
1-PB2,2243,56,0,0,0,56,A
1-PB2,2244,0,0,56,0,56,G
1-PB2,2245,56,0,0,0,56,A
1-PB2,2246,0,0,0,56,56,C
1-PB2,2247,51,0,0,0,51,A
1-PB2,2248,0,0,50,0,50,G
1-PB2,2249,0,0,0,47,47,C
1-PB2,2250,0,1,45,0,46,G
1-PB2,2251,46,0,0,0,46,A
1-PB2,2252,0,0,0,44,44,C
1-PB2,2253,0,0,0,44,44,C
1-PB2,2254,44,0,1,0,45,A
1-PB2,2255,45,0,0,0,45,A
1-PB2,2256,45,0,0,0,45,A
1-PB2,2257,45,0,0,0,45,A
1-PB2,2258,0,0,45,0,45,G
1-PB2,2259,44,0,0,0,44,A
1-PB2,2260,44,0,0,0,44,A
1-PB2,2261,0,44,0,0,44,T
1-PB2,2262,0,43,0,0,43,T
1-PB2,2263,0,0,0,44,44,C
1-PB2,2264,0,0,43,0,43,G
1-PB2,2265,0,0,43,0,43,G
1-PB2,2266,43,0,0,0,43,A
1-PB2,2267,0,41,0,0,41,T
1-PB2,2268,0,0,41,0,41,G
1-PB2,2269,0,0,40,0,40,G
1-PB2,2270,0,0,0,40,40,C
1-PB2,2271,0,0,0,40,40,C
1-PB2,2272,40,0,0,0,40,A
1-PB2,2273,0,39,0,1,40,T
1-PB2,2274,0,0,0,40,40,C
1-PB2,2275,40,0,0,0,40,A
1-PB2,2276,40,0,0,0,40,A
1-PB2,2277,0,40,0,0,40,T
1-PB2,2278,0,37,0,0,37,T
1-PB2,2279,36,0,0,0,36,A
1-PB2,2280,36,0,0,0,36,A
2-PB1,1,289,0,0,0,289,A
2-PB1,2,0,289,0,0,289,T
2-PB1,3,0,0,290,0,290,G
2-PB1,4,0,0,304,0,304,G
2-PB1,5,338,0,0,0,338,A
2-PB1,6,0,364,0,0,364,T
2-PB1,7,0,0,364,0,364,G
2-PB1,8,0,366,0,0,366,T
2-PB1,9,0,0,0,384,384,C
2-PB1,10,388,0,0,0,388,A
2-PB1,11,399,0,0,0,399,A
2-PB1,12,0,403,0,1,404,T
2-PB1,13,0,0,0,410,410,C
2-PB1,14,0,0,0,433,433,C
2-PB1,15,0,0,432,0,432,G
2-PB1,16,489,0,0,0,489,A
2-PB1,17,0,0,0,506,506,C
2-PB1,18,0,507,0,0,507,T
2-PB1,19,0,0,0,589,589,C
2-PB1,20,0,589,0,0,589,T
2-PB1,21,597,0,0,0,597,A
2-PB1,22,0,1,0,598,599,C
2-PB1,23,0,597,0,0,597,T
2-PB1,24,5,1,667,0,673,G
2-PB1,25,0,678,0,2,680,T
2-PB1,26,0,681,0,0,681,T
2-PB1,27,2,0,0,674,676,C
2-PB1,28,0,0,0,680,680,C
2-PB1,29,0,792,0,0,792,T
2-PB1,30,801,0,0,0,801,A
2-PB1,31,801,0,0,0,801,A
2-PB1,32,805,0,0,0,805,A
2-PB1,33,0,0,811,0,811,G
2-PB1,34,1,0,813,0,814,G
2-PB1,35,0,811,0,0,811,T
2-PB1,36,0,817,0,0,817,T
2-PB1,37,1,0,0,822,823,C
2-PB1,38,0,1,0,825,826,C
2-PB1,39,824,0,1,0,825,A
2-PB1,40,0,0,843,0,843,G
2-PB1,41,0,0,0,841,841,C
2-PB1,42,3,0,839,0,842,G
2-PB1,43,0,0,0,846,846,C
2-PB1,44,845,0,0,0,845,A
2-PB1,45,845,0,0,0,845,A
2-PB1,46,842,0,1,0,843,A
2-PB1,47,852,0,0,0,852,A
2-PB1,48,0,860,0,0,860,T
2-PB1,49,0,0,885,0,885,G
2-PB1,50,0,2,0,882,884,C
2-PB1,51,0,0,0,893,893,C
2-PB1,52,892,0,1,0,893,A
2-PB1,53,0,895,0,0,895,T
2-PB1,54,946,0,1,0,947,A
2-PB1,55,952,0,0,0,952,A
2-PB1,56,0,1,974,0,975,G
2-PB1,57,1,1,0,976,978,C
2-PB1,58,974,0,0,0,974,A
2-PB1,59,0,0,0,1008,1008,C
2-PB1,60,1009,0,0,0,1009,A
2-PB1,61,1050,0,2,0,1052,A
2-PB1,62,0,0,0,1055,1055,C
2-PB1,63,1048,0,0,0,1048,A
2-PB1,64,0,1056,0,1,1057,T
2-PB1,65,0,1045,1,0,1046,T
2-PB1,66,0,0,0,1310,1310,C
2-PB1,67,1,0,0,1308,1309,C
2-PB1,68,1,0,0,1318,1319,C
2-PB1,69,0,1328,0,1,1329,T
2-PB1,70,0,1322,0,0,1322,T
2-PB1,71,1440,0,0,0,1440,A
2-PB1,72,0,1440,0,0,1440,T
2-PB1,73,1457,0,0,0,1457,A
2-PB1,74,0,0,0,1469,1469,C
2-PB1,75,0,1416,0,1,1417,T
2-PB1,76,0,0,1442,0,1442,G
2-PB1,77,0,1,1438,0,1439,G
2-PB1,78,1443,0,2,0,1445,A
2-PB1,79,1,1,1445,0,1447,G
2-PB1,80,1443,0,2,0,1445,A
2-PB1,81,0,1447,0,1,1448,T
2-PB1,82,0,0,0,1535,1535,C
2-PB1,83,1,0,0,1528,1529,C
2-PB1,84,0,1543,0,0,1543,T
2-PB1,85,0,0,0,1627,1627,C
2-PB1,86,1,0,1,1627,1629,C
2-PB1,87,1632,0,0,0,1632,A
2-PB1,88,0,1639,0,1,1640,T
2-PB1,89,1636,0,0,0,1636,A
2-PB1,90,0,0,0,1644,1644,C
2-PB1,91,1622,0,1,0,1623,A
2-PB1,92,0,0,1689,0,1689,G
2-PB1,93,0,0,0,1682,1682,C
2-PB1,94,3,0,0,1680,1683,C
2-PB1,95,1686,0,0,0,1686,A
2-PB1,96,0,1692,0,1,1693,T
2-PB1,97,0,0,1687,0,1687,G
2-PB1,98,0,3,1784,0,1787,G
2-PB1,99,1791,0,1,0,1792,A
2-PB1,100,1805,0,4,0,1809,A
2-PB1,101,0,0,0,1803,1803,C
2-PB1,102,1795,0,2,0,1797,A
2-PB1,103,0,0,1829,0,1829,G
2-PB1,104,0,1,1858,0,1859,G
2-PB1,105,1862,0,1,0,1863,A
2-PB1,106,1878,0,1,0,1879,A
2-PB1,107,0,1,0,1887,1888,C
2-PB1,108,1874,0,1,0,1875,A
2-PB1,109,1,0,2110,1,2112,G
2-PB1,110,0,3,2106,0,2109,G
2-PB1,111,0,0,2138,0,2138,G
2-PB1,112,0,2112,0,2,2114,T
2-PB1,113,2133,0,2,0,2135,A
2-PB1,114,0,0,0,2156,2156,C
2-PB1,115,2226,0,3,0,2229,A
2-PB1,116,0,0,0,2327,2327,C
2-PB1,117,2,0,0,2303,2305,C
2-PB1,118,2243,0,1,0,2244,A
2-PB1,119,3,2218,0,2,2223,T
2-PB1,120,0,2,2235,0,2237,G
2-PB1,121,2,0,2244,0,2246,G
2-PB1,122,2233,0,3,0,2236,A
2-PB1,123,2,0,0,2254,2256,C
2-PB1,124,2216,0,0,0,2216,A
2-PB1,125,0,0,0,2261,2261,C
2-PB1,126,2229,0,13,0,2242,A
2-PB1,127,0,1,2297,0,2298,G
2-PB1,128,0,2281,0,2,2283,T
2-PB1,129,4,0,0,2366,2370,C
2-PB1,130,2366,0,2,0,2368,A
2-PB1,131,2386,0,0,0,2386,A
2-PB1,132,0,0,0,2384,2384,C
2-PB1,133,2375,0,1,0,2376,A
2-PB1,134,0,1,2418,0,2419,G
2-PB1,135,2391,0,1,0,2392,A
2-PB1,136,2403,0,1,0,2404,A
2-PB1,137,0,0,0,2403,2403,C
2-PB1,138,2365,0,4,0,2369,A
2-PB1,139,0,1,0,2463,2464,C
2-PB1,140,2449,0,5,0,2454,A
2-PB1,141,0,0,0,2579,2579,C
2-PB1,142,1,0,0,2584,2585,C
2-PB1,143,2574,0,0,0,2574,A
2-PB1,144,2591,0,0,0,2591,A
2-PB1,145,0,2665,0,0,2665,T
2-PB1,146,2749,0,0,0,2749,A
2-PB1,147,0,2753,0,0,2753,T
2-PB1,148,0,2701,0,0,2701,T
2-PB1,149,2,0,0,2707,2709,C
2-PB1,150,2650,0,2,0,2652,A
2-PB1,151,0,3,2655,0,2658,G
2-PB1,152,2643,0,0,0,2643,A
2-PB1,153,1,0,2652,0,2653,G
2-PB1,154,2591,1,1,0,2593,A
2-PB1,155,0,9,2562,0,2571,G
2-PB1,156,0,3,2556,1,2560,G
2-PB1,157,0,1,2644,0,2645,G
2-PB1,158,0,1,2656,0,2657,G
2-PB1,159,7,1,2668,0,2676,G
2-PB1,160,2670,2,2,0,2674,A
2-PB1,161,2677,0,3,0,2680,A
2-PB1,162,0,0,2708,0,2708,G
2-PB1,163,0,2646,0,1,2647,T
2-PB1,164,0,1,2679,0,2680,G
2-PB1,165,0,0,2656,0,2656,G
2-PB1,166,2647,1,4,0,2652,A
2-PB1,167,0,2,0,2677,2679,C
2-PB1,168,1,0,2687,0,2688,G
2-PB1,169,2685,0,5,0,2690,A
2-PB1,170,0,0,0,2709,2709,C
2-PB1,171,2701,0,0,0,2701,A
2-PB1,172,2711,0,1,0,2712,A
2-PB1,173,2732,0,0,0,2732,A
2-PB1,174,0,2759,0,2,2761,T
2-PB1,175,2778,0,2,0,2780,A
2-PB1,176,2,0,0,2781,2783,C
2-PB1,177,2766,0,2,0,2768,A
2-PB1,178,0,1,2781,0,2782,G
2-PB1,179,2775,0,0,0,2775,A
2-PB1,180,2805,0,1,0,2806,A
2-PB1,181,2803,0,0,0,2803,A
2-PB1,182,0,0,0,2808,2808,C
2-PB1,183,0,2770,0,0,2770,T
2-PB1,184,0,2,2754,0,2756,G
2-PB1,185,0,1,2737,0,2738,G
2-PB1,186,0,6,2707,0,2713,G
2-PB1,187,2,0,2724,0,2726,G
2-PB1,188,0,0,1,2750,2751,C
2-PB1,189,2742,0,2,0,2744,A
2-PB1,190,2,1,0,2831,2834,C
2-PB1,191,3,1,0,2833,2837,C
2-PB1,192,3,0,0,2827,2830,C
2-PB1,193,4,0,0,2842,2846,C
2-PB1,194,2851,0,0,0,2851,A
2-PB1,195,2862,0,2,0,2864,A
2-PB1,196,1,0,0,2867,2868,C
2-PB1,197,0,2856,0,3,2859,T
2-PB1,198,2,0,0,2872,2874,C
2-PB1,199,2779,0,1,0,2780,A
2-PB1,200,2810,0,2,0,2812,A
2-PB1,201,1,1,0,2824,2826,C
2-PB1,202,1,0,0,2816,2817,C
2-PB1,203,3,1,0,2810,2814,C
2-PB1,204,2800,0,2,0,2802,A
2-PB1,205,2814,0,1,0,2815,A
2-PB1,206,0,2816,0,3,2819,T
2-PB1,207,0,2818,0,0,2818,T
2-PB1,208,1,1,2820,0,2822,G
2-PB1,209,2787,0,0,0,2787,A
2-PB1,210,0,2773,0,1,2774,T
2-PB1,211,0,2,2780,0,2782,G
2-PB1,212,0,2,2797,0,2799,G
2-PB1,213,2823,0,1,0,2824,A
2-PB1,214,0,1,0,2849,2850,C
2-PB1,215,3,2,0,2832,2837,C
2-PB1,216,2829,0,2,0,2831,A
2-PB1,217,0,0,0,2893,2893,C
2-PB1,218,0,2899,0,0,2899,T
2-PB1,219,2915,1,1,0,2917,A
2-PB1,220,1,0,0,2952,2953,C
2-PB1,221,2,1,0,2924,2927,C
2-PB1,222,0,2886,0,2,2888,T
2-PB1,223,0,0,2901,1,2902,G
2-PB1,224,2895,0,1,0,2896,A
2-PB1,225,0,3,2919,0,2922,G
2-PB1,226,0,0,2907,0,2907,G
2-PB1,227,2895,0,1,0,2896,A
2-PB1,228,0,2885,0,2,2887,T
2-PB1,229,2857,0,0,0,2857,A
2-PB1,230,2849,0,2,0,2851,A
2-PB1,231,0,2848,0,1,2849,T
2-PB1,232,1,4,2857,0,2862,G
2-PB1,233,2845,0,1,0,2846,A
2-PB1,234,2835,0,2,0,2837,A
2-PB1,235,0,0,0,2849,2849,C
2-PB1,236,3,0,0,2806,2809,C
2-PB1,237,2822,1,1,0,2824,A
2-PB1,238,2813,0,0,0,2813,A
2-PB1,239,0,0,2839,0,2839,G
2-PB1,240,0,2809,0,0,2809,T
2-PB1,241,1,4,2824,0,2829,G
2-PB1,242,0,4,2871,0,2875,G
2-PB1,243,2864,1,4,0,2869,A
2-PB1,244,0,2857,0,0,2857,T
2-PB1,245,2886,0,0,0,2886,A
2-PB1,246,0,2884,0,1,2885,T
2-PB1,247,1,1,2910,0,2912,G
2-PB1,248,3,1,0,2892,2896,C
2-PB1,249,2889,2,1,0,2892,A
2-PB1,250,1,1,0,2976,2978,C
2-PB1,251,2911,0,0,0,2911,A
2-PB1,252,2975,0,0,0,2975,A
2-PB1,253,2965,0,0,0,2965,A
2-PB1,254,0,0,0,2979,2979,C
2-PB1,255,2890,0,2,0,2892,A
2-PB1,256,0,3,2925,0,2928,G
2-PB1,257,2915,0,2,0,2917,A
2-PB1,258,0,0,0,2940,2940,C
2-PB1,259,0,2854,0,2,2856,T
2-PB1,260,0,9,2885,0,2894,G
2-PB1,261,0,2836,1,1,2838,T
2-PB1,262,1,0,2957,0,2958,G
2-PB1,263,0,2942,0,0,2942,T
2-PB1,264,1,0,0,2954,2955,C
2-PB1,265,1,0,0,2944,2945,C
2-PB1,266,0,2918,0,7,2925,T
2-PB1,267,0,0,2929,1,2930,G
2-PB1,268,0,3,2927,0,2930,G
2-PB1,269,2884,0,2,0,2886,A
2-PB1,270,0,3,2933,0,2936,G
2-PB1,271,0,0,2849,0,2849,G
2-PB1,272,0,0,0,2853,2853,C
2-PB1,273,0,2845,0,4,2849,T
2-PB1,274,2847,0,0,0,2847,A
2-PB1,275,1,2839,0,1,2841,T
2-PB1,276,1,3,2837,0,2841,G
2-PB1,277,1,0,2835,0,2836,G
2-PB1,278,1,0,0,2824,2825,C
2-PB1,279,2,0,0,2805,2807,C
2-PB1,280,0,2766,0,5,2771,T
2-PB1,281,0,2890,0,0,2890,T
2-PB1,282,1,0,0,2897,2898,C
2-PB1,283,4,0,0,2898,2902,C
2-PB1,284,2,2908,0,1,2911,T
2-PB1,285,0,2902,0,1,2903,T
2-PB1,286,0,5,2918,0,2923,G
2-PB1,287,2906,1,0,0,2907,A
2-PB1,288,2918,0,1,0,2919,A
2-PB1,289,0,1,2923,0,2924,G
2-PB1,290,2794,0,0,0,2794,A
2-PB1,291,2822,0,0,0,2822,A
2-PB1,292,0,2807,0,0,2807,T
2-PB1,293,2,0,0,2816,2818,C
2-PB1,294,1,0,0,2819,2820,C
2-PB1,295,5,0,0,2798,2803,C
2-PB1,296,2780,0,1,0,2781,A
2-PB1,297,1,1,0,2838,2840,C
2-PB1,298,4,1,0,2821,2826,C
2-PB1,299,0,0,0,2832,2832,C
2-PB1,300,2796,0,1,0,2797,A
2-PB1,301,0,3,2801,0,2804,G
2-PB1,302,0,0,2822,0,2822,G
2-PB1,303,0,2788,0,0,2788,T
2-PB1,304,2844,1,0,0,2845,A
2-PB1,305,0,2837,0,0,2837,T
2-PB1,306,1,0,0,2841,2842,C
2-PB1,307,0,2834,0,3,2837,T
2-PB1,308,0,2833,0,2,2835,T
2-PB1,309,0,2833,0,2,2835,T
2-PB1,310,1,1,2827,0,2829,G
2-PB1,311,2806,0,3,0,2809,A
2-PB1,312,20,4,2793,0,2817,G
2-PB1,313,2787,0,0,0,2787,A
2-PB1,314,2805,0,1,0,2806,A
2-PB1,315,1,1,0,2818,2820,C
2-PB1,316,0,2763,0,2,2765,T
2-PB1,317,3,1,0,2790,2794,C
2-PB1,318,2787,0,1,0,2788,A
2-PB1,319,0,2788,0,2,2790,T
2-PB1,320,1,1,2798,0,2800,G
2-PB1,321,0,0,0,2836,2836,C
2-PB1,322,11,1,0,2845,2857,C
2-PB1,323,0,2838,0,2,2840,T
2-PB1,324,0,2812,0,3,2815,T
2-PB1,325,0,0,2837,0,2837,G
2-PB1,326,2829,0,6,0,2835,A
2-PB1,327,2852,0,1,0,2853,A
2-PB1,328,2858,0,1,0,2859,A
2-PB1,329,0,0,0,2879,2879,C
2-PB1,330,2815,0,0,0,2815,A
2-PB1,331,2834,0,0,1,2835,A
2-PB1,332,0,2835,0,1,2836,T
2-PB1,333,0,0,2827,0,2827,G
2-PB1,334,0,2,2817,0,2819,G
2-PB1,335,2785,0,1,0,2786,A
2-PB1,336,2792,1,1,0,2794,A
2-PB1,337,1,0,2779,1,2781,G
2-PB1,338,0,1,0,2794,2795,C
2-PB1,339,4,3,0,2775,2782,C
2-PB1,340,1,0,2810,0,2811,G
2-PB1,341,0,2781,0,2,2783,T
2-PB1,342,0,2782,0,3,2785,T
2-PB1,343,7,0,0,2820,2827,C
2-PB1,344,2823,1,2,0,2826,A
2-PB1,345,2850,0,0,0,2850,A
2-PB1,346,0,0,0,2862,2862,C
2-PB1,347,2858,0,2,0,2860,A
2-PB1,348,0,1,2860,0,2861,G
2-PB1,349,2806,0,3,0,2809,A
2-PB1,350,0,0,0,2833,2833,C
2-PB1,351,2822,1,1,0,2824,A
2-PB1,352,2840,0,1,0,2841,A
2-PB1,353,0,4,2863,0,2867,G
2-PB1,354,0,3,2833,0,2836,G
2-PB1,355,1,0,2837,0,2838,G
2-PB1,356,6,2722,0,1,2729,T
2-PB1,357,6,3,2772,1,2782,G
2-PB1,358,1,6,2779,0,2786,G
2-PB1,359,2784,0,5,0,2789,A
2-PB1,360,0,3,0,2800,2803,C
2-PB1,361,2759,0,1,0,2760,A
2-PB1,362,2787,0,1,0,2788,A
2-PB1,363,2784,0,1,0,2785,A
2-PB1,364,0,1,0,2788,2789,C
2-PB1,365,0,2772,0,1,2773,T
2-PB1,366,2770,0,1,1,2772,A
2-PB1,367,2763,0,0,0,2763,A
2-PB1,368,0,0,0,2778,2778,C
2-PB1,369,3,0,0,2775,2778,C
2-PB1,370,4,0,0,2788,2792,C
2-PB1,371,2714,1,1,0,2716,A
2-PB1,372,2710,0,0,0,2710,A
2-PB1,373,0,0,2708,0,2708,G
2-PB1,374,1,2,2712,0,2715,G
2-PB1,375,0,2679,0,3,2682,T
2-PB1,376,4,1,1,2715,2721,C
2-PB1,377,3,0,2706,0,2709,G
2-PB1,378,1,0,0,2705,2706,C
2-PB1,379,1,0,0,2723,2724,C
2-PB1,380,2720,0,4,1,2725,A
2-PB1,381,0,3,2765,0,2768,G
2-PB1,382,2799,0,0,0,2799,A
2-PB1,383,0,13,0,2811,2824,C
2-PB1,384,0,2801,0,5,2806,T
2-PB1,385,0,2806,0,0,2806,T
2-PB1,386,2803,1,0,0,2804,A
2-PB1,387,0,2798,0,2,2800,T
2-PB1,388,0,4,2798,0,2802,G
2-PB1,389,2797,0,0,0,2797,A
2-PB1,390,0,2746,0,0,2746,T
2-PB1,391,0,2670,0,1,2671,T
2-PB1,392,1,2,2654,0,2657,G
2-PB1,393,1,0,2658,0,2659,G
2-PB1,394,2690,0,6,0,2696,A
2-PB1,395,0,4,0,2690,2694,C
2-PB1,396,2660,0,0,0,2660,A
2-PB1,397,0,2640,0,2,2642,T
2-PB1,398,0,2669,0,0,2669,T
2-PB1,399,2684,1,1,0,2686,A
2-PB1,400,2675,0,0,0,2675,A
2-PB1,401,2683,1,2,1,2687,A
2-PB1,402,0,0,0,2687,2687,C
2-PB1,403,2644,0,2,0,2646,A
2-PB1,404,1,0,2645,0,2646,G
2-PB1,405,2628,0,1,0,2629,A
2-PB1,406,2636,0,2,0,2638,A
2-PB1,407,2633,0,1,1,2635,A
2-PB1,408,0,2580,0,0,2580,T
2-PB1,409,3,1,0,2609,2613,C
2-PB1,410,2614,0,2,0,2616,A
2-PB1,411,2613,0,2,1,2616,A
2-PB1,412,0,0,0,2622,2622,C
2-PB1,413,1,0,0,2600,2601,C
2-PB1,414,0,1,2594,0,2595,G
2-PB1,415,0,0,2583,0,2583,G
2-PB1,416,1,1,0,2598,2600,C
2-PB1,417,2607,1,1,0,2609,A
2-PB1,418,1,0,2601,0,2602,G
2-PB1,419,1,0,0,2632,2633,C
2-PB1,420,2633,0,1,0,2634,A
2-PB1,421,2643,1,2,0,2646,A
2-PB1,422,0,0,0,2640,2640,C
2-PB1,423,2,2622,0,2,2626,T
2-PB1,424,0,0,2720,0,2720,G
2-PB1,425,0,1,0,2724,2725,C
2-PB1,426,2735,2,0,0,2737,A
2-PB1,427,0,2716,0,1,2717,T
2-PB1,428,0,2685,0,0,2685,T
2-PB1,429,2842,1,0,1,2844,A
2-PB1,430,0,1,2837,0,2838,G
2-PB1,431,0,1,0,2822,2823,C
2-PB1,432,0,0,0,2845,2845,C
2-PB1,433,2723,0,1,0,2724,A
2-PB1,434,2745,0,1,0,2746,A
2-PB1,435,0,0,0,2758,2758,C
2-PB1,436,2743,0,1,0,2744,A
2-PB1,437,0,0,0,2849,2849,C
2-PB1,438,2,0,0,2681,2683,C
2-PB1,439,2683,0,2,0,2685,A
2-PB1,440,1,2675,0,4,2680,T
2-PB1,441,2691,0,6,1,2698,A
2-PB1,442,2,2,2673,1,2678,G
2-PB1,443,2653,0,0,1,2654,A
2-PB1,444,2621,0,1,1,2623,A
2-PB1,445,0,0,2644,0,2644,G
2-PB1,446,0,2552,0,0,2552,T
2-PB1,447,0,2555,0,0,2555,T
2-PB1,448,0,2576,0,0,2576,T
2-PB1,449,0,2577,1,0,2578,T
2-PB1,450,0,2590,0,1,2591,T
2-PB1,451,2586,0,0,0,2586,A
2-PB1,452,1,1,2580,0,2582,G
2-PB1,453,2575,0,1,1,2577,A
2-PB1,454,0,2544,0,0,2544,T
2-PB1,455,1,0,0,2529,2530,C
2-PB1,456,1,0,2544,1,2546,G
2-PB1,457,2537,0,0,0,2537,A
2-PB1,458,2550,1,1,0,2552,A
2-PB1,459,0,1,0,2568,2569,C
2-PB1,460,2,3,2575,0,2580,G
2-PB1,461,1,0,2685,0,2686,G
2-PB1,462,2674,0,2,0,2676,A
2-PB1,463,1,2680,0,1,2682,T
2-PB1,464,0,2695,0,0,2695,T
2-PB1,465,2681,0,4,0,2685,A
2-PB1,466,2679,0,0,1,2680,A
2-PB1,467,0,0,0,2707,2707,C
2-PB1,468,2679,0,3,0,2682,A
2-PB1,469,0,1,2707,0,2708,G
2-PB1,470,2,0,0,2607,2609,C
2-PB1,471,0,2598,0,8,2606,T
2-PB1,472,2603,0,0,1,2604,A
2-PB1,473,2593,0,0,0,2593,A
2-PB1,474,0,2594,0,2,2596,T
2-PB1,475,0,4,2616,0,2620,G
2-PB1,476,2609,1,0,0,2610,A
2-PB1,477,2602,2,0,0,2604,A
2-PB1,478,0,2553,0,0,2553,T
2-PB1,479,1,0,0,2569,2570,C
2-PB1,480,2559,1,1,0,2561,A
2-PB1,481,2,1,2554,0,2557,G
2-PB1,482,1,0,2549,0,2550,G
2-PB1,483,2537,0,2,0,2539,A
2-PB1,484,2500,0,1,0,2501,A
2-PB1,485,0,2,2618,0,2620,G
2-PB1,486,10,0,2591,0,2601,G
2-PB1,487,2,1,0,2614,2617,C
2-PB1,488,0,2626,1,4,2631,T
2-PB1,489,2631,0,0,0,2631,A
2-PB1,490,2621,0,0,0,2621,A
2-PB1,491,0,2634,0,0,2634,T
2-PB1,492,2642,0,2,0,2644,A
2-PB1,493,0,0,2648,0,2648,G
2-PB1,494,2489,0,0,0,2489,A
2-PB1,495,0,2473,0,0,2473,T
2-PB1,496,0,2469,0,0,2469,T
2-PB1,497,0,2445,0,0,2445,T
2-PB1,498,1,0,0,2527,2528,C
2-PB1,499,1,3,0,2521,2525,C
2-PB1,500,0,2516,0,3,2519,T
2-PB1,501,3,0,0,2556,2559,C
2-PB1,502,2549,0,1,0,2550,A
2-PB1,503,2546,0,0,0,2546,A
2-PB1,504,0,1,2569,0,2570,G
2-PB1,505,0,1,2582,0,2583,G
2-PB1,506,2584,0,1,0,2585,A
2-PB1,507,0,2486,0,0,2486,T
2-PB1,508,0,0,2523,0,2523,G
2-PB1,509,0,2506,0,1,2507,T
2-PB1,510,2,4,2531,0,2537,G
2-PB1,511,2532,0,0,0,2532,A
2-PB1,512,1,2528,0,0,2529,T
2-PB1,513,2,1,2515,0,2518,G
2-PB1,514,0,5,2501,0,2506,G
2-PB1,515,2500,0,3,0,2503,A
2-PB1,516,2495,1,0,0,2496,A
2-PB1,517,0,2444,0,0,2444,T
2-PB1,518,1,0,1,2471,2473,C
2-PB1,519,2452,0,0,0,2452,A
2-PB1,520,2449,0,0,0,2449,A
2-PB1,521,0,2453,0,1,2454,T
2-PB1,522,0,3,2479,0,2482,G
2-PB1,523,3,3,2492,1,2499,G
2-PB1,524,2478,0,2,0,2480,A
2-PB1,525,0,2476,0,0,2476,T
2-PB1,526,2481,0,0,0,2481,A
2-PB1,527,2477,0,0,0,2477,A
2-PB1,528,2476,0,0,0,2476,A
2-PB1,529,0,4,2509,0,2513,G
2-PB1,530,2495,0,2,0,2497,A
2-PB1,531,0,2,2478,0,2480,G
2-PB1,532,0,2,2456,0,2458,G
2-PB1,533,2450,0,5,0,2455,A
2-PB1,534,2462,0,1,1,2464,A
2-PB1,535,2461,0,0,3,2464,A
2-PB1,536,0,2459,0,0,2459,T
2-PB1,537,0,0,2488,0,2488,G
2-PB1,538,0,2,2483,0,2485,G
2-PB1,539,2457,1,2,0,2460,A
2-PB1,540,0,3,2480,0,2483,G
2-PB1,541,2453,1,2,0,2456,A
2-PB1,542,0,2494,0,1,2495,T
2-PB1,543,2496,0,0,0,2496,A
2-PB1,544,2518,0,2,0,2520,A
2-PB1,545,0,0,0,2527,2527,C
2-PB1,546,2495,0,0,0,2495,A
2-PB1,547,2492,1,1,0,2494,A
2-PB1,548,1,0,0,2490,2491,C
2-PB1,549,2472,0,1,0,2473,A
2-PB1,550,0,0,0,2473,2473,C
2-PB1,551,2432,0,3,0,2435,A
2-PB1,552,1,0,0,2449,2450,C
2-PB1,553,0,2427,0,1,2428,T
2-PB1,554,1,2417,0,2,2420,T
2-PB1,555,1,2417,0,0,2418,T
2-PB1,556,1,0,0,2428,2429,C
2-PB1,557,2436,0,1,0,2437,A
2-PB1,558,2425,0,0,0,2425,A
2-PB1,559,2417,0,2,0,2419,A
2-PB1,560,0,0,2465,0,2465,G
2-PB1,561,2410,0,2,0,2412,A
2-PB1,562,2428,0,0,0,2428,A
2-PB1,563,2422,0,0,0,2422,A
2-PB1,564,2431,0,1,0,2432,A
2-PB1,565,2430,0,6,0,2436,A
2-PB1,566,0,2,2442,0,2444,G
2-PB1,567,0,2,2434,0,2436,G
2-PB1,568,2413,0,2,0,2415,A
2-PB1,569,0,2,2450,0,2452,G
2-PB1,570,2437,0,3,0,2440,A
2-PB1,571,0,0,2503,0,2503,G
2-PB1,572,0,2490,1,0,2491,T
2-PB1,573,2513,0,0,0,2513,A
2-PB1,574,2510,0,4,0,2514,A
2-PB1,575,0,4,2517,0,2521,G
2-PB1,576,1,6,2517,1,2525,G
2-PB1,577,0,1,2536,0,2537,G
2-PB1,578,2477,0,1,0,2478,A
2-PB1,579,1,0,0,2502,2503,C
2-PB1,580,2439,0,3,0,2442,A
2-PB1,581,2443,0,7,0,2450,A
2-PB1,582,0,0,0,2435,2435,C
2-PB1,583,2431,0,1,0,2432,A
2-PB1,584,0,2397,0,0,2397,T
2-PB1,585,1,2,2399,0,2402,G
2-PB1,586,2399,0,2,0,2401,A
2-PB1,587,0,0,0,2379,2379,C
2-PB1,588,5,0,0,2369,2374,C
2-PB1,589,2389,0,0,0,2389,A
2-PB1,590,2385,0,2,0,2387,A
2-PB1,591,0,0,2403,0,2403,G
2-PB1,592,2400,0,1,0,2401,A
2-PB1,593,2400,0,0,0,2400,A
2-PB1,594,2384,0,0,0,2384,A
2-PB1,595,2379,0,0,0,2379,A
2-PB1,596,0,2364,0,1,2365,T
2-PB1,597,0,4,2380,0,2384,G
2-PB1,598,18,0,2363,0,2381,G
2-PB1,599,0,2348,0,4,2352,T
2-PB1,600,5,1,0,2344,2350,C
2-PB1,601,2372,0,0,0,2372,A
2-PB1,602,0,1,0,2513,2514,C
2-PB1,603,2568,0,1,0,2569,A
2-PB1,604,0,1,0,2579,2580,C
2-PB1,605,2567,0,0,0,2567,A
2-PB1,606,2676,0,0,0,2676,A
2-PB1,607,2651,0,10,0,2661,A
2-PB1,608,0,1,2853,0,2854,G
2-PB1,609,2855,0,3,0,2858,A
2-PB1,610,2880,0,2,0,2882,A
2-PB1,611,2,0,0,2955,2957,C
2-PB1,612,2915,0,2,0,2917,A
2-PB1,613,2925,0,2,1,2928,A
2-PB1,614,0,2913,0,1,2914,T
2-PB1,615,2903,0,0,0,2903,A
2-PB1,616,0,2,2899,0,2901,G
2-PB1,617,0,0,2827,0,2827,G
2-PB1,618,1,5,2825,0,2831,G
2-PB1,619,2809,0,0,0,2809,A
2-PB1,620,2790,0,1,0,2791,A
2-PB1,621,0,1,2820,0,2821,G
2-PB1,622,2819,0,1,0,2820,A
2-PB1,623,2823,0,1,0,2824,A
2-PB1,624,2837,0,2,0,2839,A
2-PB1,625,2850,0,1,0,2851,A
2-PB1,626,2911,0,2,0,2913,A
2-PB1,627,2926,0,0,0,2926,A
2-PB1,628,0,0,0,2930,2930,C
2-PB1,629,2924,0,0,0,2924,A
2-PB1,630,2921,0,1,0,2922,A
2-PB1,631,2909,0,1,1,2911,A
2-PB1,632,0,5,2958,0,2963,G
2-PB1,633,2965,0,2,0,2967,A
2-PB1,634,1,1,3091,0,3093,G
2-PB1,635,0,3016,0,2,3018,T
2-PB1,636,0,6,3479,0,3485,G
2-PB1,637,3497,0,2,0,3499,A
2-PB1,638,3513,0,0,0,3513,A
2-PB1,639,0,3563,1,0,3564,T
2-PB1,640,3579,0,0,0,3579,A
2-PB1,641,3584,1,2,1,3588,A
2-PB1,642,0,4,3585,0,3589,G
2-PB1,643,3503,0,4,0,3507,A
2-PB1,644,1,0,3501,0,3502,G
2-PB1,645,3316,0,11,0,3327,A
2-PB1,646,1,3,3351,0,3355,G
2-PB1,647,0,0,3318,0,3318,G
2-PB1,648,0,0,0,3332,3332,C
2-PB1,649,1,3343,1,0,3345,T
2-PB1,650,3446,0,1,0,3447,A
2-PB1,651,8,1,0,3641,3650,C
2-PB1,652,3,1,0,3655,3659,C
2-PB1,653,0,3694,0,1,3695,T
2-PB1,654,3825,0,1,0,3826,A
2-PB1,655,3823,0,0,0,3823,A
2-PB1,656,0,3821,0,1,3822,T
2-PB1,657,3815,0,0,0,3815,A
2-PB1,658,3815,0,0,0,3815,A
2-PB1,659,1,6,3814,0,3821,G
2-PB1,660,3710,0,2,0,3712,A
2-PB1,661,0,0,3720,0,3720,G
2-PB1,662,0,1,0,3743,3744,C
2-PB1,663,0,3682,0,5,3687,T
2-PB1,664,0,3711,0,0,3711,T
2-PB1,665,0,3713,0,1,3714,T
2-PB1,666,2,3,3702,0,3707,G
2-PB1,667,3778,0,3,0,3781,A
2-PB1,668,1,0,0,3798,3799,C
2-PB1,669,3790,0,1,0,3791,A
2-PB1,670,0,3753,0,4,3757,T
2-PB1,671,0,3745,0,2,3747,T
2-PB1,672,4,7,3786,0,3797,G
2-PB1,673,3805,0,3,1,3809,A
2-PB1,674,3824,0,1,0,3825,A
2-PB1,675,0,1,0,3820,3821,C
2-PB1,676,3807,1,3,0,3811,A
2-PB1,677,1,2,0,3821,3824,C
2-PB1,678,8,4,3812,1,3825,G
2-PB1,679,3813,0,5,0,3818,A
2-PB1,680,0,3839,0,3,3842,T
2-PB1,681,1,7,3914,0,3922,G
2-PB1,682,3930,0,2,0,3932,A
2-PB1,683,0,0,1,3945,3946,C
2-PB1,684,5,0,1,3951,3957,C
2-PB1,685,3957,0,0,1,3958,A
2-PB1,686,3992,3,1,0,3996,A
2-PB1,687,4000,0,2,0,4002,A
2-PB1,688,1,0,4087,0,4088,G
2-PB1,689,4105,1,2,1,4109,A
2-PB1,690,0,4034,1,1,4036,T
2-PB1,691,4,0,4059,0,4063,G
2-PB1,692,1,1,0,4035,4037,C
2-PB1,693,4033,2,6,0,4041,A
2-PB1,694,1,3,4071,0,4075,G
2-PB1,695,4028,0,1,0,4029,A
2-PB1,696,7,6,4019,1,4033,G
2-PB1,697,3915,0,1,0,3916,A
2-PB1,698,0,3,3905,0,3908,G
2-PB1,699,3869,0,7,0,3876,A
2-PB1,700,1,6,3844,0,3851,G
2-PB1,701,4,3,3858,0,3865,G
2-PB1,702,0,0,0,3850,3850,C
2-PB1,703,3855,0,1,0,3856,A
2-PB1,704,3859,0,1,0,3860,A
2-PB1,705,3870,1,0,0,3871,A
2-PB1,706,0,3886,0,0,3886,T
2-PB1,707,0,3877,1,0,3878,T
2-PB1,708,3895,1,0,1,3897,A
2-PB1,709,3890,0,0,0,3890,A
2-PB1,710,3893,0,1,0,3894,A
2-PB1,711,3908,0,2,0,3910,A
2-PB1,712,3891,0,3,0,3894,A
2-PB1,713,2,3,3892,0,3897,G
2-PB1,714,3865,0,0,0,3865,A
2-PB1,715,3858,0,4,0,3862,A
2-PB1,716,0,4,3903,1,3908,G
2-PB1,717,0,5,3957,1,3963,G
2-PB1,718,2,0,3965,0,3967,G
2-PB1,719,0,0,0,3986,3986,C
2-PB1,720,1,3981,0,2,3984,T
2-PB1,721,4012,0,1,0,4013,A
2-PB1,722,0,4081,0,1,4082,T
2-PB1,723,0,4087,0,3,4090,T
2-PB1,724,0,0,4118,0,4118,G
2-PB1,725,0,1,0,4075,4076,C
2-PB1,726,3997,0,4,0,4001,A
2-PB1,727,3994,0,3,0,3997,A
2-PB1,728,0,1,0,3999,4000,C
2-PB1,729,3983,0,0,0,3983,A
2-PB1,730,0,0,0,4010,4010,C
2-PB1,731,0,2,0,3929,3931,C
2-PB1,732,9,2,0,3924,3935,C
2-PB1,733,0,10,3923,0,3933,G
2-PB1,734,1,3,3926,1,3931,G
2-PB1,735,0,2,3947,0,3949,G
2-PB1,736,3951,0,1,0,3952,A
2-PB1,737,0,3915,0,0,3915,T
2-PB1,738,1,1,3940,0,3942,G
2-PB1,739,2,0,0,3916,3918,C
2-PB1,740,3979,0,4,0,3983,A
2-PB1,741,4052,0,0,0,4052,A
2-PB1,742,4096,0,0,0,4096,A
2-PB1,743,1,4109,0,2,4112,T
2-PB1,744,0,4108,0,0,4108,T
2-PB1,745,4080,1,0,0,4081,A
2-PB1,746,0,3,4075,0,4078,G
2-PB1,747,4046,0,3,0,4049,A
2-PB1,748,3,9,4061,0,4073,G
2-PB1,749,0,10,3992,0,4002,G
2-PB1,750,0,0,4094,0,4094,G
2-PB1,751,0,4031,0,1,4032,T
2-PB1,752,0,4069,0,5,4074,T
2-PB1,753,6,0,0,4075,4081,C
2-PB1,754,0,1,4130,0,4131,G
2-PB1,755,0,4121,0,3,4124,T
2-PB1,756,0,1,4147,0,4148,G
2-PB1,757,0,4115,1,3,4119,T
2-PB1,758,4088,0,0,0,4088,A
2-PB1,759,0,0,0,4095,4095,C
2-PB1,760,1,3901,0,5,3907,T
2-PB1,761,0,3931,0,0,3931,T
2-PB1,762,6,0,0,3926,3932,C
2-PB1,763,0,3,3915,0,3918,G
2-PB1,764,0,3917,0,1,3918,T
2-PB1,765,0,3905,0,7,3912,T
2-PB1,766,0,4,3908,0,3912,G
2-PB1,767,3899,1,2,0,3902,A
2-PB1,768,3904,0,3,0,3907,A
2-PB1,769,3939,0,2,0,3941,A
2-PB1,770,0,0,0,3964,3964,C
2-PB1,771,0,3931,0,2,3933,T
2-PB1,772,1,3926,0,0,3927,T
2-PB1,773,0,3931,0,2,3933,T
2-PB1,774,3997,0,2,0,3999,A
2-PB1,775,2,0,4005,1,4008,G
2-PB1,776,0,0,0,4014,4014,C
2-PB1,777,0,4014,0,1,4015,T
2-PB1,778,3966,0,1,0,3967,A
2-PB1,779,0,3,3958,0,3961,G
2-PB1,780,3949,0,5,0,3954,A
2-PB1,781,3950,0,1,0,3951,A
2-PB1,782,1,0,3968,0,3969,G
2-PB1,783,0,0,0,3892,3892,C
2-PB1,784,3897,0,1,0,3898,A
2-PB1,785,0,3880,0,5,3885,T
2-PB1,786,0,3881,0,3,3884,T
2-PB1,787,0,3881,0,0,3881,T
2-PB1,788,1,1,3889,0,3891,G
2-PB1,789,1,5,0,3866,3872,C
2-PB1,790,6,1,3886,0,3893,G
2-PB1,791,3876,0,1,1,3878,A
2-PB1,792,3874,0,0,1,3875,A
2-PB1,793,3888,0,1,0,3889,A
2-PB1,794,4009,0,1,0,4010,A
2-PB1,795,0,0,4055,0,4055,G
2-PB1,796,0,2,0,4061,4063,C
2-PB1,797,0,4047,0,6,4053,T
2-PB1,798,0,4065,0,2,4067,T
2-PB1,799,1,6,4065,0,4072,G
2-PB1,800,4057,0,4,0,4061,A
2-PB1,801,4058,0,7,0,4065,A
2-PB1,802,0,0,0,4083,4083,C
2-PB1,803,3990,2,1,0,3993,A
2-PB1,804,0,1,4299,0,4300,G
2-PB1,805,1,4242,0,2,4245,T
2-PB1,806,2,0,0,4252,4254,C
2-PB1,807,1,4258,0,6,4265,T
2-PB1,808,0,4,4280,0,4284,G
2-PB1,809,0,5,4266,0,4271,G
2-PB1,810,4271,0,0,0,4271,A
2-PB1,811,0,1,0,4291,4292,C
2-PB1,812,0,4165,0,2,4167,T
2-PB1,813,0,3939,0,1,3940,T
2-PB1,814,1,1,0,3943,3945,C
2-PB1,815,2,0,0,3938,3940,C
2-PB1,816,1,2,3970,0,3973,G
2-PB1,817,0,0,3973,0,3973,G
2-PB1,818,0,3942,0,0,3942,T
2-PB1,819,0,3959,1,0,3960,T
2-PB1,820,2,5,3933,0,3940,G
2-PB1,821,1,3,3964,0,3968,G
2-PB1,822,1,5,3985,1,3992,G
2-PB1,823,1,4,3991,0,3996,G
2-PB1,824,1,0,4010,0,4011,G
2-PB1,825,0,3947,0,2,3949,T
2-PB1,826,3977,0,0,0,3977,A
2-PB1,827,3988,0,2,0,3990,A
2-PB1,828,0,4002,0,2,4004,T
2-PB1,829,0,0,4001,0,4001,G
2-PB1,830,3957,0,0,0,3957,A
2-PB1,831,3910,0,2,1,3913,A
2-PB1,832,3911,0,0,0,3911,A
2-PB1,833,3897,0,2,0,3899,A
2-PB1,834,1,2,3888,0,3891,G
2-PB1,835,3864,0,2,0,3866,A
2-PB1,836,3838,0,10,0,3848,A
2-PB1,837,0,3,3849,0,3852,G
2-PB1,838,1,0,3816,0,3817,G
2-PB1,839,1,1,0,3819,3821,C
2-PB1,840,4,0,0,3815,3819,C
2-PB1,841,3831,0,2,0,3833,A
2-PB1,842,3844,0,0,0,3844,A
2-PB1,843,3826,0,3,0,3829,A
2-PB1,844,1,0,0,3835,3836,C
2-PB1,845,0,3824,0,2,3826,T
2-PB1,846,1,5,3863,0,3869,G
2-PB1,847,2,0,3858,0,3860,G
2-PB1,848,1,3,0,3861,3865,C
2-PB1,849,3878,0,1,0,3879,A
2-PB1,850,3869,0,0,0,3869,A
2-PB1,851,3878,0,0,1,3879,A
2-PB1,852,0,3873,0,1,3874,T
2-PB1,853,0,0,3887,0,3887,G
2-PB1,854,0,3849,0,1,3850,T
2-PB1,855,0,3780,0,1,3781,T
2-PB1,856,3,0,3775,0,3778,G
2-PB1,857,0,3742,1,5,3748,T
2-PB1,858,6,7,3772,0,3785,G
2-PB1,859,3770,0,3,0,3773,A
2-PB1,860,0,1,3783,0,3784,G
2-PB1,861,3768,0,8,0,3776,A
2-PB1,862,3754,2,4,0,3760,A
2-PB1,863,3754,0,2,0,3756,A
2-PB1,864,3766,0,1,0,3767,A
2-PB1,865,3773,1,8,0,3782,A
2-PB1,866,0,3768,0,1,3769,T
2-PB1,867,2,4,3774,0,3780,G
2-PB1,868,3771,0,1,0,3772,A
2-PB1,869,1,3721,1,1,3724,T
2-PB1,870,1,4,3765,0,3770,G
2-PB1,871,3746,0,3,1,3750,A
2-PB1,872,0,1,0,3787,3788,C
2-PB1,873,0,3773,0,1,3774,T
2-PB1,874,3770,0,0,0,3770,A
2-PB1,875,3795,0,0,0,3795,A
2-PB1,876,1,3776,0,0,3777,T
2-PB1,877,0,3809,0,8,3817,T
2-PB1,878,3,1,0,3850,3854,C
2-PB1,879,3834,0,5,0,3839,A
2-PB1,880,1,2,0,3851,3854,C
2-PB1,881,3815,0,4,1,3820,A
2-PB1,882,3804,0,10,0,3814,A
2-PB1,883,0,3,3815,0,3818,G
2-PB1,884,3863,0,5,0,3868,A
2-PB1,885,0,2,0,3868,3870,C
2-PB1,886,3816,0,6,0,3822,A
2-PB1,887,1,1,0,3829,3831,C
2-PB1,888,3783,0,7,0,3790,A
2-PB1,889,0,1,3821,0,3822,G
2-PB1,890,3784,0,8,0,3792,A
2-PB1,891,3,0,3792,0,3795,G
2-PB1,892,0,1,0,3765,3766,C
2-PB1,893,1,3659,0,8,3668,T
2-PB1,894,0,3722,0,2,3724,T
2-PB1,895,0,3712,0,0,3712,T
2-PB1,896,3,1,0,3730,3734,C
2-PB1,897,1,3737,0,3,3741,T
2-PB1,898,0,3699,0,6,3705,T
2-PB1,899,0,3701,0,5,3706,T
2-PB1,900,3,0,0,3720,3723,C
2-PB1,901,3696,1,4,0,3701,A
2-PB1,902,1,0,0,3734,3735,C
2-PB1,903,3680,0,1,0,3681,A
2-PB1,904,3675,2,7,7,3691,A
2-PB1,905,0,3715,0,1,3716,T
2-PB1,906,5,0,0,3796,3801,C
2-PB1,907,3802,0,0,0,3802,A
2-PB1,908,1,0,0,3855,3856,C
2-PB1,909,0,3820,0,0,3820,T
2-PB1,910,1,5,3848,0,3854,G
2-PB1,911,1,6,3819,0,3826,G
2-PB1,912,1,5,3941,0,3947,G
2-PB1,913,0,2,3934,1,3937,G
2-PB1,914,3863,1,6,0,3870,A
2-PB1,915,1,1,0,3725,3727,C
2-PB1,916,3786,0,4,0,3790,A
2-PB1,917,4008,0,3,0,4011,A
2-PB1,918,3,1,0,4040,4044,C
2-PB1,919,4024,0,0,0,4024,A
2-PB1,920,2,0,0,4023,4025,C
2-PB1,921,1,3872,1,4,3878,T
2-PB1,922,3906,0,3,0,3909,A
2-PB1,923,3892,0,4,0,3896,A
2-PB1,924,0,1,3923,0,3924,G
2-PB1,925,0,3900,0,0,3900,T
2-PB1,926,0,2,3648,1,3651,G
2-PB1,927,0,0,3624,1,3625,G
2-PB1,928,3603,0,1,0,3604,A
2-PB1,929,3611,1,2,0,3614,A
2-PB1,930,0,3614,1,0,3615,T
2-PB1,931,0,2,3612,0,3614,G
2-PB1,932,3610,0,0,0,3610,A
2-PB1,933,3567,0,0,0,3567,A
2-PB1,934,3590,0,2,0,3592,A
2-PB1,935,3612,0,0,0,3612,A
2-PB1,936,0,3567,0,0,3567,T
2-PB1,937,5,0,0,3589,3594,C
2-PB1,938,3592,0,1,0,3593,A
2-PB1,939,3593,0,1,0,3594,A
2-PB1,940,3574,0,5,0,3579,A
2-PB1,941,3558,1,1,0,3560,A
2-PB1,942,0,10,0,3585,3595,C
2-PB1,943,2,0,0,3571,3573,C
2-PB1,944,1,1,0,3556,3558,C
2-PB1,945,2,3539,0,2,3543,T
2-PB1,946,5,0,0,3563,3568,C
2-PB1,947,0,0,3571,0,3571,G
2-PB1,948,3554,0,0,0,3554,A
2-PB1,949,3555,0,1,0,3556,A
2-PB1,950,0,3568,0,1,3569,T
2-PB1,951,0,0,3581,0,3581,G
2-PB1,952,0,3536,3,1,3540,T
2-PB1,953,0,3533,0,4,3537,T
2-PB1,954,0,3559,0,0,3559,T
2-PB1,955,0,3544,0,0,3544,T
2-PB1,956,0,3544,6,0,3550,T
2-PB1,957,0,6,3525,0,3531,G
2-PB1,958,0,0,3519,0,3519,G
2-PB1,959,3,4,0,3522,3529,C
2-PB1,960,5,2,3512,0,3519,G
2-PB1,961,3500,0,1,0,3501,A
2-PB1,962,0,3600,0,1,3601,T
2-PB1,963,3,6,3698,0,3707,G
2-PB1,964,3880,0,1,0,3881,A
2-PB1,965,0,3889,1,3,3893,T
2-PB1,966,0,3892,0,2,3894,T
2-PB1,967,3908,1,2,0,3911,A
2-PB1,968,0,2,0,3919,3921,C
2-PB1,969,3937,0,2,0,3939,A
2-PB1,970,1,3920,0,5,3926,T
2-PB1,971,3728,2,3,0,3733,A
2-PB1,972,1,2,0,3757,3760,C
2-PB1,973,3406,0,12,0,3418,A
2-PB1,974,0,3412,0,1,3413,T
2-PB1,975,3,3,0,3397,3403,C
2-PB1,976,3387,0,1,0,3388,A
2-PB1,977,1,0,0,3406,3407,C
2-PB1,978,3379,0,0,0,3379,A
2-PB1,979,3372,0,1,0,3373,A
2-PB1,980,3362,0,0,0,3362,A
2-PB1,981,1,2,3240,0,3243,G
2-PB1,982,3389,0,0,0,3389,A
2-PB1,983,3386,0,1,0,3387,A
2-PB1,984,1,3368,0,2,3371,T
2-PB1,985,4,0,0,3385,3389,C
2-PB1,986,3399,1,3,0,3403,A
2-PB1,987,3406,0,1,0,3407,A
2-PB1,988,1,1,0,3422,3424,C
2-PB1,989,2,0,0,3427,3429,C
2-PB1,990,0,3232,0,1,3233,T
2-PB1,991,0,13,3268,0,3281,G
2-PB1,992,3256,0,6,0,3262,A
2-PB1,993,0,0,3271,0,3271,G
2-PB1,994,2,3227,0,1,3230,T
2-PB1,995,2,2,3178,0,3182,G
2-PB1,996,0,0,3327,0,3327,G
2-PB1,997,1,3303,0,1,3305,T
2-PB1,998,0,3302,0,6,3308,T
2-PB1,999,2,1,0,3324,3327,C
2-PB1,1000,3286,0,2,0,3288,A
2-PB1,1001,0,3,3352,0,3355,G
2-PB1,1002,3348,0,3,0,3351,A
2-PB1,1003,3350,0,2,0,3352,A
2-PB1,1004,3324,0,1,0,3325,A
2-PB1,1005,1,1,0,3064,3066,C
2-PB1,1006,3074,0,0,0,3074,A
2-PB1,1007,0,3050,0,0,3050,T
2-PB1,1008,0,0,0,3097,3097,C
2-PB1,1009,1,0,0,3101,3102,C
2-PB1,1010,1,2964,1,4,2970,T
2-PB1,1011,0,8,2977,0,2985,G
2-PB1,1012,2957,0,1,0,2958,A
2-PB1,1013,0,0,2974,0,2974,G
2-PB1,1014,1,0,0,2952,2953,C
2-PB1,1015,2878,1,0,0,2879,A
2-PB1,1016,0,2872,0,2,2874,T
2-PB1,1017,5,0,0,2858,2863,C
2-PB1,1018,1,0,2861,0,2862,G
2-PB1,1019,0,1,0,2970,2971,C
2-PB1,1020,2983,0,1,0,2984,A
2-PB1,1021,1,0,1,3074,3076,C
2-PB1,1022,3,0,0,3072,3075,C
2-PB1,1023,3078,0,2,0,3080,A
2-PB1,1024,3124,0,0,0,3124,A
2-PB1,1025,1,3112,0,2,3115,T
2-PB1,1026,3109,0,2,0,3111,A
2-PB1,1027,3106,0,2,0,3108,A
2-PB1,1028,1,3019,0,0,3020,T
2-PB1,1029,0,1,3031,0,3032,G
2-PB1,1030,0,2951,0,0,2951,T
2-PB1,1031,0,2929,0,1,2930,T
2-PB1,1032,2,0,0,2949,2951,C
2-PB1,1033,0,2934,0,0,2934,T
2-PB1,1034,4,1,0,2940,2945,C
2-PB1,1035,2952,0,0,0,2952,A
2-PB1,1036,2950,1,3,0,2954,A
2-PB1,1037,2960,0,1,0,2961,A
2-PB1,1038,0,0,1,2970,2971,C
2-PB1,1039,2960,0,0,0,2960,A
2-PB1,1040,2965,0,0,0,2965,A
2-PB1,1041,2941,0,2,0,2943,A
2-PB1,1042,2949,0,3,0,2952,A
2-PB1,1043,0,2987,0,0,2987,T
2-PB1,1044,1,2,2989,0,2992,G
2-PB1,1045,2,1,2979,0,2982,G
2-PB1,1046,0,1,0,2994,2995,C
2-PB1,1047,2973,1,1,0,2975,A
2-PB1,1048,2976,0,12,0,2988,A
2-PB1,1049,0,3,2996,0,2999,G
2-PB1,1050,2987,0,2,0,2989,A
2-PB1,1051,0,0,0,3005,3005,C
2-PB1,1052,0,2968,0,0,2968,T
2-PB1,1053,0,2,3014,0,3016,G
2-PB1,1054,1,0,2995,0,2996,G
2-PB1,1055,0,3,3031,0,3034,G
2-PB1,1056,3034,1,2,0,3037,A
2-PB1,1057,3039,0,1,0,3040,A
2-PB1,1058,3023,0,11,0,3034,A
2-PB1,1059,3020,0,6,0,3026,A
2-PB1,1060,0,2,3103,0,3105,G
2-PB1,1061,0,3,3101,0,3104,G
2-PB1,1062,3081,13,5,0,3099,A
2-PB1,1063,1,3070,0,1,3072,T
2-PB1,1064,3062,1,1,0,3064,A
2-PB1,1065,1,1,0,3081,3083,C
2-PB1,1066,3107,0,2,0,3109,A
2-PB1,1067,2,3093,0,1,3096,T
2-PB1,1068,0,1,3126,0,3127,G
2-PB1,1069,0,3037,0,1,3038,T
2-PB1,1070,0,3038,0,1,3039,T
2-PB1,1071,4,1,0,3035,3040,C
2-PB1,1072,7,1,3044,0,3052,G
2-PB1,1073,3025,0,2,0,3027,A
2-PB1,1074,0,4,3109,0,3113,G
2-PB1,1075,3046,0,2,0,3048,A
2-PB1,1076,1,3,3087,0,3091,G
2-PB1,1077,0,3050,0,1,3051,T
2-PB1,1078,3063,0,0,0,3063,A
2-PB1,1079,3066,0,1,0,3067,A
2-PB1,1080,1,3,3074,0,3078,G
2-PB1,1081,3059,0,0,0,3059,A
2-PB1,1082,0,5,3102,0,3107,G
2-PB1,1083,3008,0,1,1,3010,A
2-PB1,1084,3038,0,0,0,3038,A
2-PB1,1085,0,3007,0,0,3007,T
2-PB1,1086,0,1,3000,0,3001,G
2-PB1,1087,2996,0,5,0,3001,A
2-PB1,1088,2982,0,10,1,2993,A
2-PB1,1089,6,0,2981,0,2987,G
2-PB1,1090,0,0,0,2978,2978,C
2-PB1,1091,0,2925,0,3,2928,T
2-PB1,1092,4,0,0,2949,2953,C
2-PB1,1093,1,2,0,2950,2953,C
2-PB1,1094,1,1,2962,0,2964,G
2-PB1,1095,0,3,2965,0,2968,G
2-PB1,1096,2975,1,3,0,2979,A
2-PB1,1097,0,0,0,3007,3007,C
2-PB1,1098,3010,0,1,0,3011,A
2-PB1,1099,0,0,0,3045,3045,C
2-PB1,1100,3044,0,0,0,3044,A
2-PB1,1101,3031,0,1,0,3032,A
2-PB1,1102,3028,0,0,0,3028,A
2-PB1,1103,0,3026,0,0,3026,T
2-PB1,1104,3012,0,2,0,3014,A
2-PB1,1105,0,0,0,3024,3024,C
2-PB1,1106,1,0,0,3001,3002,C
2-PB1,1107,2,2961,3,6,2972,T
2-PB1,1108,0,1,2992,0,2993,G
2-PB1,1109,0,2,0,2993,2995,C
2-PB1,1110,2999,0,0,0,2999,A
2-PB1,1111,0,3,3001,0,3004,G
2-PB1,1112,2990,0,0,0,2990,A
2-PB1,1113,2980,0,0,0,2980,A
2-PB1,1114,2995,0,1,0,2996,A
2-PB1,1115,1,2974,0,0,2975,T
2-PB1,1116,0,2,2995,0,2997,G
2-PB1,1117,0,2,0,2970,2972,C
2-PB1,1118,1,2963,0,3,2967,T
2-PB1,1119,3000,0,1,0,3001,A
2-PB1,1120,0,1,2991,0,2992,G
2-PB1,1121,1,0,0,2992,2993,C
2-PB1,1122,3001,1,0,0,3002,A
2-PB1,1123,2990,0,4,0,2994,A
2-PB1,1124,0,0,2981,0,2981,G
2-PB1,1125,0,1,0,2972,2973,C
2-PB1,1126,2938,0,0,0,2938,A
2-PB1,1127,0,3000,0,1,3001,T
2-PB1,1128,0,3006,0,2,3008,T
2-PB1,1129,0,1,3090,0,3091,G
2-PB1,1130,3106,1,1,0,3108,A
2-PB1,1131,0,0,0,3080,3080,C
2-PB1,1132,0,2,0,3113,3115,C
2-PB1,1133,0,3051,2,3,3056,T
2-PB1,1134,0,1,3103,0,3104,G
2-PB1,1135,3116,0,0,0,3116,A
2-PB1,1136,3110,0,3,0,3113,A
2-PB1,1137,1,0,3161,0,3162,G
2-PB1,1138,0,3062,0,0,3062,T
2-PB1,1139,3095,0,0,0,3095,A
2-PB1,1140,0,3080,0,2,3082,T
2-PB1,1141,1,3077,0,0,3078,T
2-PB1,1142,0,3081,0,2,3083,T
2-PB1,1143,2,0,1,3064,3067,C
2-PB1,1144,3048,0,1,0,3049,A
2-PB1,1145,3056,0,0,0,3056,A
2-PB1,1146,0,2993,0,2,2995,T
2-PB1,1147,1,2,3006,1,3010,G
2-PB1,1148,2994,0,0,0,2994,A
2-PB1,1149,3009,0,1,0,3010,A
2-PB1,1150,2,2983,1,1,2987,T
2-PB1,1151,4,7,0,3008,3019,C
2-PB1,1152,3020,0,2,0,3022,A
2-PB1,1153,3020,0,0,0,3020,A
2-PB1,1154,0,1,0,3024,3025,C
2-PB1,1155,3023,0,1,0,3024,A
2-PB1,1156,3012,0,2,0,3014,A
2-PB1,1157,0,2,3015,0,3017,G
2-PB1,1158,4,1,3028,0,3033,G
2-PB1,1159,3034,0,1,0,3035,A
2-PB1,1160,3024,1,3,0,3028,A
2-PB1,1161,0,3,3030,0,3033,G
2-PB1,1162,3016,0,4,0,3020,A
2-PB1,1163,3027,0,1,0,3028,A
2-PB1,1164,3022,0,1,0,3023,A
2-PB1,1165,3016,2,0,0,3018,A
2-PB1,1166,0,3003,0,2,3005,T
2-PB1,1167,0,2995,0,0,2995,T
2-PB1,1168,0,5,2991,0,2996,G
2-PB1,1169,2986,0,4,1,2991,A
2-PB1,1170,2,0,2998,0,3000,G
2-PB1,1171,2979,0,3,0,2982,A
2-PB1,1172,3013,0,0,0,3013,A
2-PB1,1173,3051,1,0,0,3052,A
2-PB1,1174,3057,0,0,0,3057,A
2-PB1,1175,0,3053,0,1,3054,T
2-PB1,1176,3060,0,0,0,3060,A
2-PB1,1177,3053,1,4,0,3058,A
2-PB1,1178,0,3,3066,0,3069,G
2-PB1,1179,1,0,3052,0,3053,G
2-PB1,1180,1,0,0,3037,3038,C
2-PB1,1181,2,0,1,3033,3036,C
2-PB1,1182,0,2990,0,6,2996,T
2-PB1,1183,1,1,0,3360,3362,C
2-PB1,1184,0,3417,0,8,3425,T
2-PB1,1185,2,3425,0,1,3428,T
2-PB1,1186,2,0,0,3495,3497,C
2-PB1,1187,0,3476,0,4,3480,T
2-PB1,1188,3483,0,1,0,3484,A
2-PB1,1189,3481,0,0,1,3482,A
2-PB1,1190,0,3472,0,0,3472,T
2-PB1,1191,3510,0,2,0,3512,A
2-PB1,1192,0,0,3439,0,3439,G
2-PB1,1193,3115,0,1,0,3116,A
2-PB1,1194,0,3117,0,2,3119,T
2-PB1,1195,1,3,3059,0,3063,G
2-PB1,1196,10,0,3084,0,3094,G
2-PB1,1197,0,0,0,3096,3096,C
2-PB1,1198,3101,0,3,0,3104,A
2-PB1,1199,1,1,0,3101,3103,C
2-PB1,1200,3056,0,3,2,3061,A
2-PB1,1201,3,1,3152,0,3156,G
2-PB1,1202,0,1,0,3150,3151,C
2-PB1,1203,3162,0,1,0,3163,A
2-PB1,1204,0,3248,0,1,3249,T
2-PB1,1205,3,0,0,3204,3207,C
2-PB1,1206,3233,0,2,0,3235,A
2-PB1,1207,0,3230,0,0,3230,T
2-PB1,1208,0,3220,0,2,3222,T
2-PB1,1209,1,2,3213,0,3216,G
2-PB1,1210,3121,0,9,0,3130,A
2-PB1,1211,0,0,3232,0,3232,G
2-PB1,1212,1,0,0,3210,3211,C
2-PB1,1213,2,0,0,3157,3159,C
2-PB1,1214,0,0,0,3221,3221,C
2-PB1,1215,2,3199,0,9,3210,T
2-PB1,1216,0,1,3384,0,3385,G
2-PB1,1217,0,3,3437,0,3440,G
2-PB1,1218,3403,0,3,0,3406,A
2-PB1,1219,3510,0,0,0,3510,A
2-PB1,1220,0,3427,0,1,3428,T
2-PB1,1221,0,4,3506,0,3510,G
2-PB1,1222,3538,0,5,1,3544,A
2-PB1,1223,0,3573,0,2,3575,T
2-PB1,1224,0,2,3590,0,3592,G
2-PB1,1225,3551,0,1,0,3552,A
2-PB1,1226,0,3517,0,1,3518,T
2-PB1,1227,1,6,3522,0,3529,G
2-PB1,1228,0,7,3526,0,3533,G
2-PB1,1229,3,1,3528,0,3532,G
2-PB1,1230,0,1,0,3496,3497,C
2-PB1,1231,3534,1,1,0,3536,A
2-PB1,1232,0,3541,0,1,3542,T
2-PB1,1233,1,2,3676,0,3679,G
2-PB1,1234,0,3669,0,6,3675,T
2-PB1,1235,0,3672,0,0,3672,T
2-PB1,1236,5,1,0,3687,3693,C
2-PB1,1237,3674,0,6,0,3680,A
2-PB1,1238,3691,0,1,0,3692,A
2-PB1,1239,0,2,0,3689,3691,C
2-PB1,1240,3709,0,3,0,3712,A
2-PB1,1241,0,3717,0,1,3718,T
2-PB1,1242,1,0,3721,0,3722,G
2-PB1,1243,0,1,0,3716,3717,C
2-PB1,1244,0,3726,0,1,3727,T
2-PB1,1245,3781,0,2,0,3783,A
2-PB1,1246,3780,0,0,0,3780,A
2-PB1,1247,1,1,3830,0,3832,G
2-PB1,1248,0,3807,0,1,3808,T
2-PB1,1249,3789,1,1,0,3791,A
2-PB1,1250,0,2,0,3829,3831,C
2-PB1,1251,9,3,3830,0,3842,G
2-PB1,1252,3,2,4046,0,4051,G
2-PB1,1253,0,3990,0,1,3991,T
2-PB1,1254,0,4006,0,1,4007,T
2-PB1,1255,0,4012,0,0,4012,T
2-PB1,1256,0,3983,0,1,3984,T
2-PB1,1257,3985,1,4,0,3990,A
2-PB1,1258,0,4,3975,0,3979,G
2-PB1,1259,0,9,3961,0,3970,G
2-PB1,1260,3890,0,5,0,3895,A
2-PB1,1261,1,0,3882,0,3883,G
2-PB1,1262,0,3864,0,1,3865,T
2-PB1,1263,1,0,0,3892,3893,C
2-PB1,1264,0,3888,0,3,3891,T
2-PB1,1265,3,1,0,3907,3911,C
2-PB1,1266,0,2,3917,0,3919,G
2-PB1,1267,4018,0,1,0,4019,A
2-PB1,1268,0,4046,0,1,4047,T
2-PB1,1269,4041,0,10,0,4051,A
2-PB1,1270,2,4,0,4055,4061,C
2-PB1,1271,1,4008,0,6,4015,T
2-PB1,1272,1,2,4023,0,4026,G
2-PB1,1273,4010,0,0,0,4010,A
2-PB1,1274,4066,0,0,0,4066,A
2-PB1,1275,1,4063,0,0,4064,T
2-PB1,1276,1,2,0,3998,4001,C
2-PB1,1277,0,3988,0,4,3992,T
2-PB1,1278,0,3991,1,0,3992,T
2-PB1,1279,0,3,4008,0,4011,G
2-PB1,1280,1,4,3986,0,3991,G
2-PB1,1281,3985,0,3,0,3988,A
2-PB1,1282,1,2,0,4004,4007,C
2-PB1,1283,3960,0,0,0,3960,A
2-PB1,1284,3969,0,2,0,3971,A
2-PB1,1285,3989,0,0,0,3989,A
2-PB1,1286,3986,0,8,0,3994,A
2-PB1,1287,0,0,4073,0,4073,G
2-PB1,1288,4078,1,2,0,4081,A
2-PB1,1289,4084,0,3,0,4087,A
2-PB1,1290,4081,0,2,1,4084,A
2-PB1,1291,0,4079,0,1,4080,T
2-PB1,1292,4068,0,1,0,4069,A
2-PB1,1293,1,0,0,4231,4232,C
2-PB1,1294,4180,0,2,0,4182,A
2-PB1,1295,1,0,0,4208,4209,C
2-PB1,1296,7,0,0,4178,4185,C
2-PB1,1297,4158,0,1,1,4160,A
2-PB1,1298,4186,0,13,0,4199,A
2-PB1,1299,0,1,4323,0,4324,G
2-PB1,1300,4343,0,4,0,4347,A
2-PB1,1301,2,1,0,4408,4411,C
2-PB1,1302,4318,1,3,0,4322,A
2-PB1,1303,4433,0,2,0,4435,A
2-PB1,1304,1,0,0,4450,4451,C
2-PB1,1305,4525,0,7,0,4532,A
2-PB1,1306,1,4529,0,0,4530,T
2-PB1,1307,4522,1,2,0,4525,A
2-PB1,1308,1,0,0,4587,4588,C
2-PB1,1309,1,4430,0,1,4432,T
2-PB1,1310,1,4,4508,1,4514,G
2-PB1,1311,2,3,4488,0,4493,G
2-PB1,1312,0,4373,0,3,4376,T
2-PB1,1313,0,5,4401,0,4406,G
2-PB1,1314,14,0,4341,0,4355,G
2-PB1,1315,0,0,4382,0,4382,G
2-PB1,1316,4361,0,5,0,4366,A
2-PB1,1317,0,4281,0,2,4283,T
2-PB1,1318,0,5,4282,0,4287,G
2-PB1,1319,0,2,4261,0,4263,G
2-PB1,1320,1,2,4247,0,4250,G
2-PB1,1321,0,2,0,4312,4314,C
2-PB1,1322,0,4299,0,7,4306,T
2-PB1,1323,3,2,0,4339,4344,C
2-PB1,1324,4,2,0,4345,4351,C
2-PB1,1325,4352,0,1,0,4353,A
2-PB1,1326,4333,0,2,2,4337,A
2-PB1,1327,0,4301,0,7,4308,T
2-PB1,1328,4,0,1,4292,4297,C
2-PB1,1329,3,0,0,4285,4288,C
2-PB1,1330,0,4228,0,4,4232,T
2-PB1,1331,2,0,0,4234,4236,C
2-PB1,1332,6,0,0,4227,4233,C
2-PB1,1333,0,3,4226,0,4229,G
2-PB1,1334,4220,0,2,0,4222,A
2-PB1,1335,0,6,0,4220,4226,C
2-PB1,1336,1,4,4237,0,4242,G
2-PB1,1337,4236,0,0,0,4236,A
2-PB1,1338,0,4227,0,0,4227,T
2-PB1,1339,0,4230,0,0,4230,T
2-PB1,1340,0,4243,0,2,4245,T
2-PB1,1341,0,4241,0,1,4242,T
2-PB1,1342,3,0,4267,0,4270,G
2-PB1,1343,0,3,0,4243,4246,C
2-PB1,1344,7,0,1,4259,4267,C
2-PB1,1345,6,0,0,4400,4406,C
2-PB1,1346,0,4368,0,5,4373,T
2-PB1,1347,1,0,0,4531,4532,C
2-PB1,1348,4556,0,0,0,4556,A
2-PB1,1349,0,4573,0,1,4574,T
2-PB1,1350,4565,0,2,0,4567,A
2-PB1,1351,0,2,4614,0,4616,G
2-PB1,1352,0,4547,1,3,4551,T
2-PB1,1353,0,5,4594,0,4599,G
2-PB1,1354,4472,1,1,0,4474,A
2-PB1,1355,4476,0,2,0,4478,A
2-PB1,1356,9,4278,0,2,4289,T
2-PB1,1357,1,1,4299,0,4301,G
2-PB1,1358,1,2,0,4317,4320,C
2-PB1,1359,4302,1,3,0,4306,A
2-PB1,1360,0,3,0,4332,4335,C
2-PB1,1361,10,0,0,4299,4309,C
2-PB1,1362,4278,0,1,0,4279,A
2-PB1,1363,4281,0,1,0,4282,A
2-PB1,1364,4261,0,3,0,4264,A
2-PB1,1365,0,4159,0,1,4160,T
2-PB1,1366,8,0,0,4307,4315,C
2-PB1,1367,4300,1,1,0,4302,A
2-PB1,1368,0,4319,1,1,4321,T
2-PB1,1369,0,6,4317,0,4323,G
2-PB1,1370,4312,0,8,0,4320,A
2-PB1,1371,1,3,4342,0,4346,G
2-PB1,1372,1,3,4313,1,4318,G
2-PB1,1373,1,2,4333,0,4336,G
2-PB1,1374,4314,0,3,0,4317,A
2-PB1,1375,4372,0,4,0,4376,A
2-PB1,1376,1,4384,0,1,4386,T
2-PB1,1377,4390,0,1,0,4391,A
2-PB1,1378,3,4,0,4387,4394,C
2-PB1,1379,4400,0,2,0,4402,A
2-PB1,1380,4368,0,7,0,4375,A
2-PB1,1381,0,1,4361,0,4362,G
2-PB1,1382,3,0,0,4332,4335,C
2-PB1,1383,4305,0,0,0,4305,A
2-PB1,1384,0,1,4334,0,4335,G
2-PB1,1385,0,1,4322,0,4323,G
2-PB1,1386,4288,1,4,0,4293,A
2-PB1,1387,0,4,4324,0,4328,G
2-PB1,1388,2,4225,0,1,4228,T
2-PB1,1389,0,1,4295,0,4296,G
2-PB1,1390,1,1,4308,0,4310,G
2-PB1,1391,4292,0,3,0,4295,A
2-PB1,1392,0,4297,0,1,4298,T
2-PB1,1393,4236,0,0,0,4236,A
2-PB1,1394,1,8,4277,0,4286,G
2-PB1,1395,4331,0,0,0,4331,A
2-PB1,1396,0,4334,0,0,4334,T
2-PB1,1397,0,4314,0,0,4314,T
2-PB1,1398,5,0,0,4406,4411,C
2-PB1,1399,0,4402,0,1,4403,T
2-PB1,1400,4396,0,0,2,4398,A
2-PB1,1401,0,1,0,4401,4402,C
2-PB1,1402,4327,0,7,1,4335,A
2-PB1,1403,0,10,4318,0,4328,G
2-PB1,1404,0,7,4258,0,4265,G
2-PB1,1405,4297,0,4,0,4301,A
2-PB1,1406,1,0,0,4280,4281,C
2-PB1,1407,6,3,0,4170,4179,C
2-PB1,1408,2,4129,0,6,4137,T
2-PB1,1409,3,0,4162,0,4165,G
2-PB1,1410,3,2,0,4155,4160,C
2-PB1,1411,4171,0,4,0,4175,A
2-PB1,1412,4176,0,1,0,4177,A
2-PB1,1413,1,0,4207,0,4208,G
2-PB1,1414,0,4127,0,1,4128,T
2-PB1,1415,0,4141,0,0,4141,T
2-PB1,1416,4073,0,4,0,4077,A
2-PB1,1417,1,0,4099,0,4100,G
2-PB1,1418,0,4073,1,1,4075,T
2-PB1,1419,1,4,4066,0,4071,G
2-PB1,1420,2,3,4063,0,4068,G
2-PB1,1421,2,2,4074,1,4079,G
2-PB1,1422,4055,0,3,0,4058,A
2-PB1,1423,4068,0,0,0,4068,A
2-PB1,1424,0,4059,0,1,4060,T
2-PB1,1425,5,0,0,4056,4061,C
2-PB1,1426,4070,0,1,0,4071,A
2-PB1,1427,4072,0,2,0,4074,A
2-PB1,1428,2,0,0,4063,4065,C
2-PB1,1429,4061,0,1,0,4062,A
2-PB1,1430,0,3971,0,0,3971,T
2-PB1,1431,7,8,3975,1,3991,G
2-PB1,1432,3963,0,4,0,3967,A
2-PB1,1433,3,0,4012,0,4015,G
2-PB1,1434,2,0,0,3981,3983,C
2-PB1,1435,3979,0,0,0,3979,A
2-PB1,1436,3982,0,2,0,3984,A
2-PB1,1437,3988,0,1,0,3989,A
2-PB1,1438,4034,0,0,0,4034,A
2-PB1,1439,4025,0,3,0,4028,A
2-PB1,1440,0,1,4014,0,4015,G
2-PB1,1441,3990,1,1,0,3992,A
2-PB1,1442,3946,0,3,1,3950,A
2-PB1,1443,0,1,4076,0,4077,G
2-PB1,1444,0,4040,0,2,4042,T
2-PB1,1445,5,1,0,4049,4055,C
2-PB1,1446,4,0,0,4085,4089,C
2-PB1,1447,0,4072,0,1,4073,T
2-PB1,1448,4122,0,0,0,4122,A
2-PB1,1449,0,4123,0,1,4124,T
2-PB1,1450,4119,0,4,0,4123,A
2-PB1,1451,0,4118,0,1,4119,T
2-PB1,1452,4042,0,0,0,4042,A
2-PB1,1453,4041,0,1,0,4042,A
2-PB1,1454,4030,0,1,0,4031,A
2-PB1,1455,0,4026,0,1,4027,T
2-PB1,1456,3986,0,1,0,3987,A
2-PB1,1457,3963,0,0,0,3963,A
2-PB1,1458,3978,0,1,0,3979,A
2-PB1,1459,3964,0,5,0,3969,A
2-PB1,1460,0,2,0,3984,3986,C
2-PB1,1461,3816,1,1,0,3818,A
2-PB1,1462,0,4,3806,0,3810,G
2-PB1,1463,2,5,3809,0,3816,G
2-PB1,1464,1,3,3817,0,3821,G
2-PB1,1465,3794,0,6,0,3800,A
2-PB1,1466,1,0,0,3826,3827,C
2-PB1,1467,3802,1,2,0,3805,A
2-PB1,1468,0,3828,0,0,3828,T
2-PB1,1469,0,3832,0,1,3833,T
2-PB1,1470,8,3823,0,3,3834,T
2-PB1,1471,5,6,3832,0,3843,G
2-PB1,1472,3804,0,0,0,3804,A
2-PB1,1473,3813,0,4,0,3817,A
2-PB1,1474,0,3801,0,2,3803,T
2-PB1,1475,1,3723,0,1,3725,T
2-PB1,1476,3,0,0,3729,3732,C
2-PB1,1477,3693,1,0,0,3694,A
2-PB1,1478,1,0,0,3701,3702,C
2-PB1,1479,0,3713,0,0,3713,T
2-PB1,1480,3712,0,4,0,3716,A
2-PB1,1481,0,1,3704,0,3705,G
2-PB1,1482,1,0,0,3698,3699,C
2-PB1,1483,0,3666,0,8,3674,T
2-PB1,1484,0,3704,0,0,3704,T
2-PB1,1485,0,3694,0,0,3694,T
2-PB1,1486,0,3700,0,0,3700,T
2-PB1,1487,1,3697,0,1,3699,T
2-PB1,1488,0,3705,0,0,3705,T
2-PB1,1489,0,3685,0,1,3686,T
2-PB1,1490,3679,0,0,0,3679,A
2-PB1,1491,0,3650,1,1,3652,T
2-PB1,1492,4,0,1,3683,3688,C
2-PB1,1493,1,4,3703,1,3709,G
2-PB1,1494,3811,0,0,0,3811,A
2-PB1,1495,0,3812,1,0,3813,T
2-PB1,1496,3810,0,0,0,3810,A
2-PB1,1497,0,3832,0,3,3835,T
2-PB1,1498,0,4,3820,0,3824,G
2-PB1,1499,0,8,3834,0,3842,G
2-PB1,1500,3837,0,3,0,3840,A
2-PB1,1501,0,3804,0,2,3806,T
2-PB1,1502,0,3783,0,0,3783,T
2-PB1,1503,0,3666,0,2,3668,T
2-PB1,1504,0,0,3692,0,3692,G
2-PB1,1505,0,3657,0,4,3661,T
2-PB1,1506,1,3,3669,0,3673,G
2-PB1,1507,3,0,3653,0,3656,G
2-PB1,1508,2,3,1,3583,3589,C
2-PB1,1509,1,3629,17,1,3648,T
2-PB1,1510,3658,0,1,0,3659,A
2-PB1,1511,3668,0,0,0,3668,A
2-PB1,1512,1,3664,0,8,3673,T
2-PB1,1513,0,3699,0,0,3699,T
2-PB1,1514,0,3685,1,2,3688,T
2-PB1,1515,0,3696,1,1,3698,T
2-PB1,1516,3685,0,6,0,3691,A
2-PB1,1517,0,0,3727,1,3728,G
2-PB1,1518,1,0,0,3721,3722,C
2-PB1,1519,3703,1,3,0,3707,A
2-PB1,1520,0,3673,0,1,3674,T
2-PB1,1521,1,1,3610,1,3613,G
2-PB1,1522,0,5,3679,0,3684,G
2-PB1,1523,3668,0,3,0,3671,A
2-PB1,1524,0,1,3664,0,3665,G
2-PB1,1525,0,0,0,3632,3632,C
2-PB1,1526,0,3628,0,3,3631,T
2-PB1,1527,2,5,3624,0,3631,G
2-PB1,1528,2,1,0,3590,3593,C
2-PB1,1529,6,7,0,3565,3578,C
2-PB1,1530,8,0,0,3632,3640,C
2-PB1,1531,3560,0,2,0,3562,A
2-PB1,1532,2,0,3753,0,3755,G
2-PB1,1533,0,3726,1,0,3727,T
2-PB1,1534,0,3742,1,0,3743,T
2-PB1,1535,0,3741,1,1,3743,T
2-PB1,1536,0,3708,2,2,3712,T
2-PB1,1537,0,2,3709,0,3711,G
2-PB1,1538,0,5,3693,0,3698,G
2-PB1,1539,3681,0,3,0,3684,A
2-PB1,1540,1,0,3690,0,3691,G
2-PB1,1541,0,3390,1,1,3392,T
2-PB1,1542,1,6,3522,0,3529,G
2-PB1,1543,0,3511,1,0,3512,T
2-PB1,1544,3,0,0,3514,3517,C
2-PB1,1545,0,3523,1,2,3526,T
2-PB1,1546,0,5,3529,0,3534,G
2-PB1,1547,0,2,3561,0,3563,G
2-PB1,1548,3576,0,0,0,3576,A
2-PB1,1549,3576,0,1,0,3577,A
2-PB1,1550,0,3560,0,0,3560,T
2-PB1,1551,3312,0,1,0,3313,A
2-PB1,1552,3309,0,1,0,3310,A
2-PB1,1553,3308,0,2,0,3310,A
2-PB1,1554,0,0,1,3315,3316,C
2-PB1,1555,0,2,3287,0,3289,G
2-PB1,1556,3239,0,1,0,3240,A
2-PB1,1557,0,1,3240,0,3241,G
2-PB1,1558,0,3204,1,1,3206,T
2-PB1,1559,5,1,0,3232,3238,C
2-PB1,1560,3239,0,1,0,3240,A
2-PB1,1561,1,0,3280,0,3281,G
2-PB1,1562,2,2,0,3264,3268,C
2-PB1,1563,1,3275,0,1,3277,T
2-PB1,1564,0,2,3380,0,3382,G
2-PB1,1565,3362,0,0,0,3362,A
2-PB1,1566,0,3364,1,2,3367,T
2-PB1,1567,3364,0,10,0,3374,A
2-PB1,1568,0,3332,0,1,3333,T
2-PB1,1569,0,4,3355,0,3359,G
2-PB1,1570,3204,0,5,1,3210,A
2-PB1,1571,0,0,3261,0,3261,G
2-PB1,1572,1,0,0,3264,3265,C
2-PB1,1573,3068,0,0,0,3068,A
2-PB1,1574,3,3068,0,0,3071,T
2-PB1,1575,1,3072,0,0,3073,T
2-PB1,1576,1,1,3100,0,3102,G
2-PB1,1577,0,3,3203,0,3206,G
2-PB1,1578,3136,0,7,0,3143,A
2-PB1,1579,1,0,3152,0,3153,G
2-PB1,1580,0,3010,0,3,3013,T
2-PB1,1581,3020,0,0,0,3020,A
2-PB1,1582,3014,1,2,0,3017,A
2-PB1,1583,0,0,0,3029,3029,C
2-PB1,1584,3006,0,1,0,3007,A
2-PB1,1585,0,1,3043,0,3044,G
2-PB1,1586,0,2705,0,6,2711,T
2-PB1,1587,0,0,2731,4,2735,G
2-PB1,1588,2757,1,3,0,2761,A
2-PB1,1589,1,2752,0,0,2753,T
2-PB1,1590,2755,0,0,0,2755,A
2-PB1,1591,2750,0,0,0,2750,A
2-PB1,1592,2651,0,3,0,2654,A
2-PB1,1593,0,2,2679,0,2681,G
2-PB1,1594,2545,0,0,0,2545,A
2-PB1,1595,2528,1,2,0,2531,A
2-PB1,1596,0,1,1,2537,2539,C
2-PB1,1597,2449,0,2,0,2451,A
2-PB1,1598,2474,0,1,0,2475,A
2-PB1,1599,0,0,0,2481,2481,C
2-PB1,1600,2489,0,3,0,2492,A
2-PB1,1601,0,2472,10,0,2482,T
2-PB1,1602,0,2,2414,0,2416,G
2-PB1,1603,2407,0,3,0,2410,A
2-PB1,1604,0,2409,0,1,2410,T
2-PB1,1605,2373,0,0,0,2373,A
2-PB1,1606,2391,0,0,0,2391,A
2-PB1,1607,2362,0,1,1,2364,A
2-PB1,1608,1,0,0,2380,2381,C
2-PB1,1609,2269,0,2,0,2271,A
2-PB1,1610,2255,0,0,0,2255,A
2-PB1,1611,0,2191,0,0,2191,T
2-PB1,1612,1,5,2192,0,2198,G
2-PB1,1613,2207,0,2,0,2209,A
2-PB1,1614,1,0,0,2237,2238,C
2-PB1,1615,0,0,0,2196,2196,C
2-PB1,1616,0,2116,0,1,2117,T
2-PB1,1617,0,2064,0,0,2064,T
2-PB1,1618,1,2,2069,0,2072,G
2-PB1,1619,0,1,2077,0,2078,G
2-PB1,1620,2082,0,2,0,2084,A
2-PB1,1621,0,0,0,2083,2083,C
2-PB1,1622,1,1,0,2069,2071,C
2-PB1,1623,2057,1,3,0,2061,A
2-PB1,1624,0,0,2084,0,2084,G
2-PB1,1625,1,0,0,2092,2093,C
2-PB1,1626,2098,1,0,0,2099,A
2-PB1,1627,2082,0,0,0,2082,A
2-PB1,1628,1,1,0,2078,2080,C
2-PB1,1629,2067,0,0,0,2067,A
2-PB1,1630,0,0,2115,0,2115,G
2-PB1,1631,0,0,0,2096,2096,C
2-PB1,1632,2,0,0,2107,2109,C
2-PB1,1633,1,0,0,2110,2111,C
2-PB1,1634,2120,1,0,0,2121,A
2-PB1,1635,2115,0,0,0,2115,A
2-PB1,1636,2114,0,0,0,2114,A
2-PB1,1637,0,2094,0,0,2094,T
2-PB1,1638,0,1,2102,0,2103,G
2-PB1,1639,2,0,2053,0,2055,G
2-PB1,1640,0,0,0,2070,2070,C
2-PB1,1641,0,2057,0,1,2058,T
2-PB1,1642,3,1,0,2116,2120,C
2-PB1,1643,0,2105,0,3,2108,T
2-PB1,1644,0,0,0,2138,2138,C
2-PB1,1645,4,0,0,2140,2144,C
2-PB1,1646,2148,0,0,0,2148,A
2-PB1,1647,2147,0,1,0,2148,A
2-PB1,1648,0,2138,0,0,2138,T
2-PB1,1649,0,2126,0,0,2126,T
2-PB1,1650,0,0,2133,0,2133,G
2-PB1,1651,0,2098,0,1,2099,T
2-PB1,1652,0,2085,0,3,2088,T
2-PB1,1653,4,4,0,2095,2103,C
2-PB1,1654,2099,0,0,0,2099,A
2-PB1,1655,0,2090,0,2,2092,T
2-PB1,1656,1,0,0,2095,2096,C
2-PB1,1657,2108,0,1,0,2109,A
2-PB1,1658,2110,0,0,0,2110,A
2-PB1,1659,2103,0,1,0,2104,A
2-PB1,1660,0,1,2144,0,2145,G
2-PB1,1661,2146,0,2,0,2148,A
2-PB1,1662,0,2126,1,0,2127,T
2-PB1,1663,0,2139,0,1,2140,T
2-PB1,1664,2149,0,0,0,2149,A
2-PB1,1665,2,0,0,2176,2178,C
2-PB1,1666,2174,0,1,0,2175,A
2-PB1,1667,0,3,2199,0,2202,G
2-PB1,1668,2179,0,2,0,2181,A
2-PB1,1669,1,2197,0,0,2198,T
2-PB1,1670,2211,0,2,0,2213,A
2-PB1,1671,0,0,0,2364,2364,C
2-PB1,1672,2389,0,2,0,2391,A
2-PB1,1673,0,1,0,2551,2552,C
2-PB1,1674,2515,0,1,0,2516,A
2-PB1,1675,0,2525,0,1,2526,T
2-PB1,1676,2516,0,0,0,2516,A
2-PB1,1677,0,2513,0,0,2513,T
2-PB1,1678,2454,0,0,0,2454,A
2-PB1,1679,0,3,2454,0,2457,G
2-PB1,1680,2,0,2421,0,2423,G
2-PB1,1681,0,2294,0,5,2299,T
2-PB1,1682,0,0,2281,0,2281,G
2-PB1,1683,0,0,0,2345,2345,C
2-PB1,1684,1,0,0,2349,2350,C
2-PB1,1685,2390,0,1,0,2391,A
2-PB1,1686,0,2398,0,0,2398,T
2-PB1,1687,2395,0,0,0,2395,A
2-PB1,1688,0,1,2412,0,2413,G
2-PB1,1689,2362,0,1,0,2363,A
2-PB1,1690,13,1,2364,0,2378,G
2-PB1,1691,0,2,2381,1,2384,G
2-PB1,1692,2294,0,3,0,2297,A
2-PB1,1693,0,6,2302,1,2309,G
2-PB1,1694,2279,2,6,0,2287,A
2-PB1,1695,0,0,0,2287,2287,C
2-PB1,1696,2285,0,2,0,2287,A
2-PB1,1697,0,0,0,2311,2311,C
2-PB1,1698,2309,0,1,0,2310,A
2-PB1,1699,0,0,0,2314,2314,C
2-PB1,1700,2307,0,0,0,2307,A
2-PB1,1701,2324,0,0,0,2324,A
2-PB1,1702,2321,0,0,0,2321,A
2-PB1,1703,0,2329,0,2,2331,T
2-PB1,1704,3,0,0,2326,2329,C
2-PB1,1705,0,0,0,2330,2330,C
2-PB1,1706,2310,0,1,0,2311,A
2-PB1,1707,1,0,2318,0,2319,G
2-PB1,1708,2316,0,1,0,2317,A
2-PB1,1709,0,0,0,2320,2320,C
2-PB1,1710,0,3,2318,0,2321,G
2-PB1,1711,2311,0,0,0,2311,A
2-PB1,1712,1,1,2315,0,2317,G
2-PB1,1713,2315,0,2,0,2317,A
2-PB1,1714,2314,0,1,0,2315,A
2-PB1,1715,0,0,2323,0,2323,G
2-PB1,1716,2315,0,3,0,2318,A
2-PB1,1717,1,2318,0,2,2321,T
2-PB1,1718,2,0,0,2304,2306,C
2-PB1,1719,2320,1,4,0,2325,A
2-PB1,1720,0,2313,0,0,2313,T
2-PB1,1721,0,2306,0,0,2306,T
2-PB1,1722,0,0,0,2321,2321,C
2-PB1,1723,0,3,2325,0,2328,G
2-PB1,1724,2313,0,0,0,2313,A
2-PB1,1725,0,0,2310,0,2310,G
2-PB1,1726,2282,0,0,0,2282,A
2-PB1,1727,0,2366,0,0,2366,T
2-PB1,1728,2376,0,1,0,2377,A
2-PB1,1729,2388,0,0,0,2388,A
2-PB1,1730,2380,0,1,0,2381,A
2-PB1,1731,4,1,2376,0,2381,G
2-PB1,1732,2376,0,3,0,2379,A
2-PB1,1733,2318,0,2,0,2320,A
2-PB1,1734,0,0,2336,0,2336,G
2-PB1,1735,0,0,0,2337,2337,C
2-PB1,1736,0,2309,0,1,2310,T
2-PB1,1737,0,0,2327,0,2327,G
2-PB1,1738,0,2299,2,0,2301,T
2-PB1,1739,0,3,2302,0,2305,G
2-PB1,1740,0,1,2301,0,2302,G
2-PB1,1741,0,4,2330,0,2334,G
2-PB1,1742,2335,0,0,0,2335,A
2-PB1,1743,0,2324,0,0,2324,T
2-PB1,1744,1,0,0,2318,2319,C
2-PB1,1745,2324,0,1,0,2325,A
2-PB1,1746,2329,0,0,0,2329,A
2-PB1,1747,2334,0,0,0,2334,A
2-PB1,1748,1,0,0,2337,2338,C
2-PB1,1749,1,0,0,2320,2321,C
2-PB1,1750,3,0,0,2323,2326,C
2-PB1,1751,2331,1,0,0,2332,A
2-PB1,1752,2351,0,1,0,2352,A
2-PB1,1753,0,2347,0,0,2347,T
2-PB1,1754,2,0,0,2351,2353,C
2-PB1,1755,2339,0,0,0,2339,A
2-PB1,1756,2320,1,3,0,2324,A
2-PB1,1757,1,3,2351,0,2355,G
2-PB1,1758,0,5,2346,0,2351,G
2-PB1,1759,5,0,2335,0,2340,G
2-PB1,1760,0,1,0,2347,2348,C
2-PB1,1761,2315,1,1,0,2317,A
2-PB1,1762,0,1,2377,0,2378,G
2-PB1,1763,0,1,2400,1,2402,G
2-PB1,1764,2398,0,4,0,2402,A
2-PB1,1765,0,0,0,2445,2445,C
2-PB1,1766,0,2407,0,0,2407,T
2-PB1,1767,2462,1,0,0,2463,A
2-PB1,1768,0,2448,0,1,2449,T
2-PB1,1769,1,2454,0,0,2455,T
2-PB1,1770,0,4,2475,0,2479,G
2-PB1,1771,2,2,2449,0,2453,G
2-PB1,1772,0,2429,0,0,2429,T
2-PB1,1773,2448,0,0,0,2448,A
2-PB1,1774,0,2416,0,0,2416,T
2-PB1,1775,1,0,0,2424,2425,C
2-PB1,1776,2385,1,0,0,2386,A
2-PB1,1777,0,1,2401,0,2402,G
2-PB1,1778,2396,0,2,0,2398,A
2-PB1,1779,0,2385,0,0,2385,T
2-PB1,1780,0,2,2306,0,2308,G
2-PB1,1781,1,4,2303,0,2308,G
2-PB1,1782,0,1,2298,0,2299,G
2-PB1,1783,0,3,2316,0,2319,G
2-PB1,1784,0,3,2319,0,2322,G
2-PB1,1785,2296,0,1,0,2297,A
2-PB1,1786,0,8,0,2286,2294,C
2-PB1,1787,3,1,0,2282,2286,C
2-PB1,1788,2280,0,1,0,2281,A
2-PB1,1789,2432,0,1,0,2433,A
2-PB1,1790,2446,1,0,0,2447,A
2-PB1,1791,0,0,0,2496,2496,C
2-PB1,1792,0,2470,0,1,2471,T
2-PB1,1793,0,2479,0,0,2479,T
2-PB1,1794,2492,0,0,0,2492,A
2-PB1,1795,0,2494,0,0,2494,T
2-PB1,1796,2502,0,1,0,2503,A
2-PB1,1797,0,0,0,2509,2509,C
2-PB1,1798,2321,1,0,0,2322,A
2-PB1,1799,2317,0,1,0,2318,A
2-PB1,1800,0,2256,0,0,2256,T
2-PB1,1801,2288,0,0,0,2288,A
2-PB1,1802,0,2288,0,0,2288,T
2-PB1,1803,1,0,0,2291,2292,C
2-PB1,1804,1,0,0,2280,2281,C
2-PB1,1805,1,1,2287,0,2289,G
2-PB1,1806,1,1,2285,0,2287,G
2-PB1,1807,2284,0,1,0,2285,A
2-PB1,1808,2283,0,0,0,2283,A
2-PB1,1809,0,2278,0,1,2279,T
2-PB1,1810,2,0,0,2283,2285,C
2-PB1,1811,0,2273,1,5,2279,T
2-PB1,1812,0,2273,0,1,2274,T
2-PB1,1813,3,0,0,2273,2276,C
2-PB1,1814,2271,0,3,0,2274,A
2-PB1,1815,0,0,0,2279,2279,C
2-PB1,1816,2275,0,0,0,2275,A
2-PB1,1817,0,2398,0,2,2400,T
2-PB1,1818,2,1,0,2415,2418,C
2-PB1,1819,1,0,0,2407,2408,C
2-PB1,1820,2,2,0,2424,2428,C
2-PB1,1821,1,2433,0,1,2435,T
2-PB1,1822,0,1,2436,0,2437,G
2-PB1,1823,2420,0,0,0,2420,A
2-PB1,1824,2414,1,3,0,2418,A
2-PB1,1825,0,0,2426,0,2426,G
2-PB1,1826,0,2261,0,0,2261,T
2-PB1,1827,0,0,0,2288,2288,C
2-PB1,1828,0,2253,0,0,2253,T
2-PB1,1829,0,1,2309,0,2310,G
2-PB1,1830,1,1,0,2306,2308,C
2-PB1,1831,0,2311,0,1,2312,T
2-PB1,1832,0,2313,0,0,2313,T
2-PB1,1833,2307,0,0,0,2307,A
2-PB1,1834,2308,0,0,0,2308,A
2-PB1,1835,2318,0,0,0,2318,A
2-PB1,1836,2,0,2325,0,2327,G
2-PB1,1837,1,2292,0,1,2294,T
2-PB1,1838,0,3,2243,0,2246,G
2-PB1,1839,1,3,2228,0,2232,G
2-PB1,1840,0,3,2230,0,2233,G
2-PB1,1841,2229,0,2,0,2231,A
2-PB1,1842,0,0,2259,0,2259,G
2-PB1,1843,0,0,0,2241,2241,C
2-PB1,1844,0,2234,0,0,2234,T
2-PB1,1845,0,1,2245,0,2246,G
2-PB1,1846,2239,0,1,0,2240,A
2-PB1,1847,0,2238,0,0,2238,T
2-PB1,1848,1,1,2247,0,2249,G
2-PB1,1849,0,1,2240,0,2241,G
2-PB1,1850,2229,0,2,0,2231,A
2-PB1,1851,0,2235,0,0,2235,T
2-PB1,1852,0,7,2224,0,2231,G
2-PB1,1853,2224,0,1,0,2225,A
2-PB1,1854,0,2,2243,0,2245,G
2-PB1,1855,2244,1,2,0,2247,A
2-PB1,1856,2249,0,0,0,2249,A
2-PB1,1857,0,2228,0,0,2228,T
2-PB1,1858,0,2219,0,0,2219,T
2-PB1,1859,2224,1,0,0,2225,A
2-PB1,1860,0,2215,0,0,2215,T
2-PB1,1861,0,1,0,2221,2222,C
2-PB1,1862,2,2,2225,0,2229,G
2-PB1,1863,0,4,2209,0,2213,G
2-PB1,1864,1,1,2225,0,2227,G
2-PB1,1865,0,0,2222,0,2222,G
2-PB1,1866,2212,0,0,0,2212,A
2-PB1,1867,2214,0,2,0,2216,A
2-PB1,1868,0,0,2229,0,2229,G
2-PB1,1869,2228,0,1,0,2229,A
2-PB1,1870,0,1,0,2236,2237,C
2-PB1,1871,0,2216,0,1,2217,T
2-PB1,1872,0,2279,0,4,2283,T
2-PB1,1873,0,2287,1,0,2288,T
2-PB1,1874,1,0,2283,0,2284,G
2-PB1,1875,0,2277,0,14,2291,T
2-PB1,1876,2277,0,1,0,2278,A
2-PB1,1877,2261,0,1,0,2262,A
2-PB1,1878,2,2237,0,0,2239,T
2-PB1,1879,0,2,0,2253,2255,C
2-PB1,1880,0,1,0,2240,2241,C
2-PB1,1881,3,0,0,2199,2202,C
2-PB1,1882,2194,0,0,1,2195,A
2-PB1,1883,0,2220,0,0,2220,T
2-PB1,1884,0,2,2222,0,2224,G
2-PB1,1885,2217,0,0,0,2217,A
2-PB1,1886,2227,0,1,0,2228,A
2-PB1,1887,0,2223,0,3,2226,T
2-PB1,1888,1,0,0,2240,2241,C
2-PB1,1889,3,0,0,2222,2225,C
2-PB1,1890,0,0,0,2215,2215,C
2-PB1,1891,2,2201,0,4,2207,T
2-PB1,1892,0,2226,0,2,2228,T
2-PB1,1893,1,2217,0,0,2218,T
2-PB1,1894,0,1,2217,0,2218,G
2-PB1,1895,0,2198,0,2,2200,T
2-PB1,1896,0,0,0,2196,2196,C
2-PB1,1897,2173,0,2,1,2176,A
2-PB1,1898,0,0,2201,0,2201,G
2-PB1,1899,0,0,0,2183,2183,C
2-PB1,1900,4,0,0,2188,2192,C
2-PB1,1901,2200,0,1,0,2201,A
2-PB1,1902,1,2205,0,1,2207,T
2-PB1,1903,2197,0,0,0,2197,A
2-PB1,1904,2213,0,0,0,2213,A
2-PB1,1905,2210,0,3,0,2213,A
2-PB1,1906,0,2,2237,0,2239,G
2-PB1,1907,2201,0,1,0,2202,A
2-PB1,1908,2201,0,0,0,2201,A
2-PB1,1909,2200,0,0,1,2201,A
2-PB1,1910,0,2189,0,0,2189,T
2-PB1,1911,0,2195,0,0,2195,T
2-PB1,1912,0,2,2192,0,2194,G
2-PB1,1913,2175,1,0,0,2176,A
2-PB1,1914,0,0,2201,0,2201,G
2-PB1,1915,0,2197,0,2,2199,T
2-PB1,1916,2,0,0,2216,2218,C
2-PB1,1917,0,2206,0,1,2207,T
2-PB1,1918,0,0,2255,0,2255,G
2-PB1,1919,1,2255,0,0,2256,T
2-PB1,1920,2283,0,2,0,2285,A
2-PB1,1921,2280,1,0,0,2281,A
2-PB1,1922,2279,0,1,1,2281,A
2-PB1,1923,0,0,0,2290,2290,C
2-PB1,1924,2228,0,0,0,2228,A
2-PB1,1925,2325,0,1,0,2326,A
2-PB1,1926,0,2316,0,0,2316,T
2-PB1,1927,0,0,2349,0,2349,G
2-PB1,1928,0,1,0,2350,2351,C
2-PB1,1929,0,2326,0,4,2330,T
2-PB1,1930,1,0,2378,0,2379,G
2-PB1,1931,0,2369,0,0,2369,T
2-PB1,1932,2372,0,0,0,2372,A
2-PB1,1933,0,2,2387,0,2389,G
2-PB1,1934,1,2258,0,1,2260,T
2-PB1,1935,2,0,2191,0,2193,G
2-PB1,1936,2205,0,1,0,2206,A
2-PB1,1937,0,2215,0,1,2216,T
2-PB1,1938,1,0,2215,0,2216,G
2-PB1,1939,0,0,0,2185,2185,C
2-PB1,1940,1,0,0,2192,2193,C
2-PB1,1941,2172,0,0,0,2172,A
2-PB1,1942,0,0,2171,0,2171,G
2-PB1,1943,0,0,0,2217,2217,C
2-PB1,1944,1,0,0,2212,2213,C
2-PB1,1945,3,0,0,2209,2212,C
2-PB1,1946,2209,0,0,1,2210,A
2-PB1,1947,1,2206,0,2,2209,T
2-PB1,1948,0,2,2207,1,2210,G
2-PB1,1949,3,0,2200,0,2203,G
2-PB1,1950,0,2187,0,1,2188,T
2-PB1,1951,1,0,0,2172,2173,C
2-PB1,1952,1,0,0,2126,2127,C
2-PB1,1953,0,0,2160,0,2160,G
2-PB1,1954,1,0,2160,0,2161,G
2-PB1,1955,0,0,0,2146,2146,C
2-PB1,1956,2,1,0,2161,2164,C
2-PB1,1957,2167,0,0,1,2168,A
2-PB1,1958,2172,0,0,0,2172,A
2-PB1,1959,2179,0,0,1,2180,A
2-PB1,1960,2180,0,2,0,2182,A
2-PB1,1961,1,0,2208,0,2209,G
2-PB1,1962,0,2127,0,0,2127,T
2-PB1,1963,2161,0,0,0,2161,A
2-PB1,1964,1,2149,0,0,2150,T
2-PB1,1965,0,4,2158,0,2162,G
2-PB1,1966,0,1,2198,0,2199,G
2-PB1,1967,2184,0,1,0,2185,A
2-PB1,1968,2215,0,0,0,2215,A
2-PB1,1969,0,2212,0,1,2213,T
2-PB1,1970,2182,0,0,0,2182,A
2-PB1,1971,0,2179,0,1,2180,T
2-PB1,1972,2,5,2156,0,2163,G
2-PB1,1973,2156,0,4,0,2160,A
2-PB1,1974,0,2140,0,0,2140,T
2-PB1,1975,0,2,2083,1,2086,G
2-PB1,1976,0,0,0,2084,2084,C
2-PB1,1977,2,0,0,2057,2059,C
2-PB1,1978,0,1,2069,0,2070,G
2-PB1,1979,0,2055,1,0,2056,T
2-PB1,1980,0,2067,0,1,2068,T
2-PB1,1981,1,2,2062,0,2065,G
2-PB1,1982,1,0,0,2097,2098,C
2-PB1,1983,2096,0,0,0,2096,A
2-PB1,1984,2118,0,1,0,2119,A
2-PB1,1985,1,0,0,2126,2127,C
2-PB1,1986,0,2104,0,0,2104,T
2-PB1,1987,2109,0,0,0,2109,A
2-PB1,1988,1,0,0,2111,2112,C
2-PB1,1989,2093,0,0,0,2093,A
2-PB1,1990,0,0,0,2102,2102,C
2-PB1,1991,2014,0,2,0,2016,A
2-PB1,1992,0,0,0,2178,2178,C
2-PB1,1993,0,2111,0,0,2111,T
2-PB1,1994,2,0,0,2127,2129,C
2-PB1,1995,0,5,0,2131,2136,C
2-PB1,1996,0,2110,0,1,2111,T
2-PB1,1997,1,0,2125,0,2126,G
2-PB1,1998,0,0,2123,0,2123,G
2-PB1,1999,2116,0,0,0,2116,A
2-PB1,2000,0,2110,0,1,2111,T
2-PB1,2001,0,1895,0,5,1900,T
2-PB1,2002,0,0,0,1923,1923,C
2-PB1,2003,2,0,0,1913,1915,C
2-PB1,2004,1,2,0,1932,1935,C
2-PB1,2005,1944,1,0,0,1945,A
2-PB1,2006,1942,0,0,0,1942,A
2-PB1,2007,0,1,1942,0,1943,G
2-PB1,2008,1931,0,1,0,1932,A
2-PB1,2009,0,1,1932,0,1933,G
2-PB1,2010,0,1,1939,0,1940,G
2-PB1,2011,1907,0,0,0,1907,A
2-PB1,2012,1903,0,4,0,1907,A
2-PB1,2013,1,3,0,1904,1908,C
2-PB1,2014,1,0,0,1879,1880,C
2-PB1,2015,0,1,1903,0,1904,G
2-PB1,2016,0,0,0,1905,1905,C
2-PB1,2017,0,1900,0,2,1902,T
2-PB1,2018,2,0,0,1907,1909,C
2-PB1,2019,1,1898,0,1,1900,T
2-PB1,2020,2022,0,0,0,2022,A
2-PB1,2021,0,2028,0,2,2030,T
2-PB1,2022,0,2027,0,0,2027,T
2-PB1,2023,0,0,0,2040,2040,C
2-PB1,2024,0,1978,0,1,1979,T
2-PB1,2025,1977,0,0,0,1977,A
2-PB1,2026,1976,0,0,0,1976,A
2-PB1,2027,1979,1,0,0,1980,A
2-PB1,2028,1,0,0,1980,1981,C
2-PB1,2029,1859,0,0,0,1859,A
2-PB1,2030,0,0,0,1861,1861,C
2-PB1,2031,1829,0,1,0,1830,A
2-PB1,2032,1855,0,5,0,1860,A
2-PB1,2033,0,2,1869,0,1871,G
2-PB1,2034,1,0,0,1860,1861,C
2-PB1,2035,1,0,0,1868,1869,C
2-PB1,2036,1849,0,1,0,1850,A
2-PB1,2037,1850,0,1,0,1851,A
2-PB1,2038,1841,0,8,0,1849,A
2-PB1,2039,0,3,1869,0,1872,G
2-PB1,2040,0,2,1863,0,1865,G
2-PB1,2041,0,1,1828,0,1829,G
2-PB1,2042,1,2,1831,0,1834,G
2-PB1,2043,1820,0,0,0,1820,A
2-PB1,2044,1823,0,0,0,1823,A
2-PB1,2045,0,1827,0,0,1827,T
2-PB1,2046,0,1824,0,0,1824,T
2-PB1,2047,0,0,0,1837,1837,C
2-PB1,2048,0,1828,0,0,1828,T
2-PB1,2049,0,1828,0,1,1829,T
2-PB1,2050,0,1,1821,0,1822,G
2-PB1,2051,1823,0,2,0,1825,A
2-PB1,2052,0,2,1828,0,1830,G
2-PB1,2053,0,1,1825,0,1826,G
2-PB1,2054,1817,0,0,0,1817,A
2-PB1,2055,0,1817,0,0,1817,T
2-PB1,2056,0,4,1814,0,1818,G
2-PB1,2057,1816,0,2,0,1818,A
2-PB1,2058,1817,0,4,0,1821,A
2-PB1,2059,0,1,0,1824,1825,C
2-PB1,2060,1804,0,0,0,1804,A
2-PB1,2061,0,1,1822,0,1823,G
2-PB1,2062,1811,0,3,0,1814,A
2-PB1,2063,0,1816,0,1,1817,T
2-PB1,2064,1,0,1816,0,1817,G
2-PB1,2065,0,1852,0,0,1852,T
2-PB1,2066,1850,0,1,0,1851,A
2-PB1,2067,0,1,0,1850,1851,C
2-PB1,2068,0,0,0,1853,1853,C
2-PB1,2069,1826,0,0,0,1826,A
2-PB1,2070,1,0,1794,0,1795,G
2-PB1,2071,1769,0,0,0,1769,A
2-PB1,2072,1769,0,2,0,1771,A
2-PB1,2073,0,0,1775,0,1775,G
2-PB1,2074,0,1662,0,0,1662,T
2-PB1,2075,1,0,1676,0,1677,G
2-PB1,2076,0,1,0,1671,1672,C
2-PB1,2077,1,1672,0,2,1675,T
2-PB1,2078,1,0,1674,0,1675,G
2-PB1,2079,8,0,0,1660,1668,C
2-PB1,2080,1667,0,1,0,1668,A
2-PB1,2081,1658,0,1,0,1659,A
2-PB1,2082,0,0,0,1641,1641,C
2-PB1,2083,0,1640,0,2,1642,T
2-PB1,2084,0,1619,0,0,1619,T
2-PB1,2085,0,0,1621,0,1621,G
2-PB1,2086,0,1613,0,0,1613,T
2-PB1,2087,0,1602,0,1,1603,T
2-PB1,2088,0,1,0,1612,1613,C
2-PB1,2089,1,1,1609,1,1612,G
2-PB1,2090,1610,0,4,0,1614,A
2-PB1,2091,2,0,1608,0,1610,G
2-PB1,2092,1615,0,0,0,1615,A
2-PB1,2093,1615,0,0,0,1615,A
2-PB1,2094,1614,0,0,0,1614,A
2-PB1,2095,1,1610,0,0,1611,T
2-PB1,2096,0,1614,0,0,1614,T
2-PB1,2097,0,1609,0,0,1609,T
2-PB1,2098,0,1612,0,0,1612,T
2-PB1,2099,0,1611,0,0,1611,T
2-PB1,2100,3,1,0,1602,1606,C
2-PB1,2101,2,0,0,1606,1608,C
2-PB1,2102,0,0,0,1619,1619,C
2-PB1,2103,0,1607,0,4,1611,T
2-PB1,2104,1619,0,0,0,1619,A
2-PB1,2105,0,2,1628,0,1630,G
2-PB1,2106,0,1622,0,5,1627,T
2-PB1,2107,1645,0,1,0,1646,A
2-PB1,2108,0,0,1662,0,1662,G
2-PB1,2109,0,1640,0,4,1644,T
2-PB1,2110,0,1685,0,1,1686,T
2-PB1,2111,2,0,0,1687,1689,C
2-PB1,2112,1736,0,3,0,1739,A
2-PB1,2113,0,1728,0,1,1729,T
2-PB1,2114,1730,0,0,0,1730,A
2-PB1,2115,0,1728,0,0,1728,T
2-PB1,2116,1669,0,0,0,1669,A
2-PB1,2117,1,1,1660,0,1662,G
2-PB1,2118,0,1,1656,0,1657,G
2-PB1,2119,1447,0,0,0,1447,A
2-PB1,2120,0,7,1441,0,1448,G
2-PB1,2121,1364,1,0,0,1365,A
2-PB1,2122,0,1,0,1367,1368,C
2-PB1,2123,1,0,0,1326,1327,C
2-PB1,2124,0,0,1316,0,1316,G
2-PB1,2125,1317,0,0,0,1317,A
2-PB1,2126,0,1314,0,0,1314,T
2-PB1,2127,0,1314,0,0,1314,T
2-PB1,2128,0,1,1313,0,1314,G
2-PB1,2129,0,4,1312,0,1316,G
2-PB1,2130,1315,0,0,0,1315,A
2-PB1,2131,1316,0,0,0,1316,A
2-PB1,2132,0,1305,0,0,1305,T
2-PB1,2133,0,1314,0,0,1314,T
2-PB1,2134,0,1310,0,0,1310,T
2-PB1,2135,2,0,0,1312,1314,C
2-PB1,2136,0,1312,0,0,1312,T
2-PB1,2137,1310,0,2,0,1312,A
2-PB1,2138,1,0,1311,0,1312,G
2-PB1,2139,1,0,0,1309,1310,C
2-PB1,2140,1299,0,0,0,1299,A
2-PB1,2141,0,1293,0,0,1293,T
2-PB1,2142,0,3,1274,0,1277,G
2-PB1,2143,0,0,1304,0,1304,G
2-PB1,2144,0,1293,0,0,1293,T
2-PB1,2145,0,3,1289,0,1292,G
2-PB1,2146,0,0,1289,0,1289,G
2-PB1,2147,1279,0,1,0,1280,A
2-PB1,2148,0,0,1282,0,1282,G
2-PB1,2149,0,0,1280,0,1280,G
2-PB1,2150,2,0,0,1222,1224,C
2-PB1,2151,1,1,0,1257,1259,C
2-PB1,2152,1184,0,1,0,1185,A
2-PB1,2153,0,1178,0,1,1179,T
2-PB1,2154,1,2,1193,0,1196,G
2-PB1,2155,0,0,1205,0,1205,G
2-PB1,2156,0,1163,0,0,1163,T
2-PB1,2157,0,0,1179,0,1179,G
2-PB1,2158,0,1153,0,2,1155,T
2-PB1,2159,0,0,0,1133,1133,C
2-PB1,2160,0,1139,0,1,1140,T
2-PB1,2161,1121,0,0,0,1121,A
2-PB1,2162,2,0,1114,0,1116,G
2-PB1,2163,0,1,1088,0,1089,G
2-PB1,2164,0,0,1066,0,1066,G
2-PB1,2165,0,0,0,1035,1035,C
2-PB1,2166,0,0,0,989,989,C
2-PB1,2167,1,0,0,978,979,C
2-PB1,2168,1,0,977,0,978,G
2-PB1,2169,0,0,982,0,982,G
2-PB1,2170,979,0,0,0,979,A
2-PB1,2171,0,977,0,0,977,T
2-PB1,2172,0,940,0,0,940,T
2-PB1,2173,0,0,934,0,934,G
2-PB1,2174,930,0,0,0,930,A
2-PB1,2175,0,931,0,1,932,T
2-PB1,2176,0,0,935,0,935,G
2-PB1,2177,0,0,0,921,921,C
2-PB1,2178,1,0,0,918,919,C
2-PB1,2179,917,0,0,0,917,A
2-PB1,2180,0,0,916,0,916,G
2-PB1,2181,912,0,0,0,912,A
2-PB1,2182,912,0,0,0,912,A
2-PB1,2183,1,2,0,850,853,C
2-PB1,2184,0,854,0,1,855,T
2-PB1,2185,0,1,859,0,860,G
2-PB1,2186,857,0,0,0,857,A
2-PB1,2187,0,0,0,854,854,C
2-PB1,2188,0,854,0,1,855,T
2-PB1,2189,0,845,0,0,845,T
2-PB1,2190,0,0,0,853,853,C
2-PB1,2191,8,0,847,0,855,G
2-PB1,2192,852,0,0,0,852,A
2-PB1,2193,0,0,821,0,821,G
2-PB1,2194,0,833,0,0,833,T
2-PB1,2195,1,0,0,835,836,C
2-PB1,2196,0,839,0,0,839,T
2-PB1,2197,0,0,837,0,837,G
2-PB1,2198,0,1,837,0,838,G
2-PB1,2199,835,0,0,0,835,A
2-PB1,2200,778,0,2,0,780,A
2-PB1,2201,0,0,783,0,783,G
2-PB1,2202,0,0,791,0,791,G
2-PB1,2203,791,0,0,0,791,A
2-PB1,2204,0,787,0,0,787,T
2-PB1,2205,0,789,0,0,789,T
2-PB1,2206,787,0,0,0,787,A
2-PB1,2207,786,0,0,0,786,A
2-PB1,2208,0,1,789,0,790,G
2-PB1,2209,788,0,0,0,788,A
2-PB1,2210,748,0,1,0,749,A
2-PB1,2211,0,0,694,0,694,G
2-PB1,2212,0,0,692,0,692,G
2-PB1,2213,687,0,0,0,687,A
2-PB1,2214,686,0,0,0,686,A
2-PB1,2215,0,1,687,0,688,G
2-PB1,2216,651,0,0,1,652,A
2-PB1,2217,0,0,654,0,654,G
2-PB1,2218,0,623,0,0,623,T
2-PB1,2219,0,617,0,0,617,T
2-PB1,2220,0,0,0,621,621,C
2-PB1,2221,0,606,0,0,606,T
2-PB1,2222,0,0,0,606,606,C
2-PB1,2223,0,603,0,1,604,T
2-PB1,2224,0,1,605,0,606,G
2-PB1,2225,590,0,0,0,590,A
2-PB1,2226,1,0,587,0,588,G
2-PB1,2227,583,0,0,0,583,A
2-PB1,2228,0,563,0,0,563,T
2-PB1,2229,0,0,0,541,541,C
2-PB1,2230,539,0,0,0,539,A
2-PB1,2231,0,538,0,1,539,T
2-PB1,2232,0,0,540,0,540,G
2-PB1,2233,537,0,0,0,537,A
2-PB1,2234,534,0,1,0,535,A
2-PB1,2235,0,0,526,0,526,G
2-PB1,2236,521,0,0,0,521,A
2-PB1,2237,0,514,0,1,515,T
2-PB1,2238,0,0,0,504,504,C
2-PB1,2239,0,466,0,1,467,T
2-PB1,2240,0,0,470,0,470,G
2-PB1,2241,1,468,0,0,469,T
2-PB1,2242,0,466,0,0,466,T
2-PB1,2243,0,0,0,460,460,C
2-PB1,2244,0,0,0,437,437,C
2-PB1,2245,430,0,0,0,430,A
2-PB1,2246,1,0,0,433,434,C
2-PB1,2247,0,0,0,421,421,C
2-PB1,2248,411,0,0,0,411,A
2-PB1,2249,0,387,0,1,388,T
2-PB1,2250,0,378,0,0,378,T
2-PB1,2251,0,0,378,0,378,G
2-PB1,2252,378,0,0,0,378,A
2-PB1,2253,375,0,0,0,375,A
2-PB1,2254,0,0,373,0,373,G
2-PB1,2255,325,0,2,0,327,A
2-PB1,2256,322,0,0,0,322,A
2-PB1,2257,0,0,0,321,321,C
2-PB1,2258,0,312,0,0,312,T
2-PB1,2259,1,0,0,312,313,C
2-PB1,2260,307,0,0,0,307,A
2-PB1,2261,0,1,304,0,305,G
2-PB1,2262,304,0,0,0,304,A
2-PB1,2263,0,0,0,285,285,C
2-PB1,2264,0,0,284,0,284,G
2-PB1,2265,0,0,276,0,276,G
2-PB1,2266,0,0,0,274,274,C
2-PB1,2267,273,0,0,0,273,A
2-PB1,2268,272,0,1,0,273,A
2-PB1,2269,271,0,0,0,271,A
2-PB1,2270,272,0,0,1,273,A
2-PB1,2271,272,0,0,0,272,A
2-PB1,2272,0,261,0,0,261,T
2-PB1,2273,252,0,0,0,252,A
2-PB1,2274,252,0,0,0,252,A
3-PA,1,33,0,0,0,33,A
3-PA,2,0,33,0,0,33,T
3-PA,3,0,0,33,0,33,G
3-PA,4,0,0,34,0,34,G
3-PA,5,34,0,0,0,34,A
3-PA,6,0,0,33,0,33,G
3-PA,7,0,0,34,0,34,G
3-PA,8,34,0,0,0,34,A
3-PA,9,0,33,0,0,33,T
3-PA,10,0,34,0,0,34,T
3-PA,11,0,35,0,0,35,T
3-PA,12,0,36,0,0,36,T
3-PA,13,0,0,35,0,35,G
3-PA,14,0,36,0,0,36,T
3-PA,15,0,0,37,0,37,G
3-PA,16,0,0,0,38,38,C
3-PA,17,0,0,39,0,39,G
3-PA,18,44,0,0,0,44,A
3-PA,19,0,0,0,46,46,C
3-PA,20,46,0,0,0,46,A
3-PA,21,48,0,0,0,48,A
3-PA,22,0,50,0,0,50,T
3-PA,23,0,0,60,0,60,G
3-PA,24,0,0,0,62,62,C
3-PA,25,0,63,0,0,63,T
3-PA,26,0,63,0,0,63,T
3-PA,27,0,0,0,64,64,C
3-PA,28,65,0,0,0,65,A
3-PA,29,68,0,0,0,68,A
3-PA,30,0,0,0,69,69,C
3-PA,31,0,0,0,68,68,C
3-PA,32,0,0,0,69,69,C
3-PA,33,0,0,71,0,71,G
3-PA,34,71,0,0,0,71,A
3-PA,35,0,71,0,0,71,T
3-PA,36,0,0,72,0,72,G
3-PA,37,72,0,0,0,72,A
3-PA,38,0,74,0,0,74,T
3-PA,39,0,75,0,0,75,T
3-PA,40,0,0,76,0,76,G
3-PA,41,0,74,0,1,75,T
3-PA,42,0,0,0,76,76,C
3-PA,43,0,0,75,0,75,G
3-PA,44,77,0,0,0,77,A
3-PA,45,77,0,0,0,77,A
3-PA,46,0,0,0,78,78,C
3-PA,47,0,78,0,0,78,T
3-PA,48,0,78,0,0,78,T
3-PA,49,0,0,78,0,78,G
3-PA,50,0,0,0,79,79,C
3-PA,51,79,0,0,0,79,A
3-PA,52,0,0,81,0,81,G
3-PA,53,81,0,0,0,81,A
3-PA,54,80,0,0,0,80,A
3-PA,55,81,0,0,0,81,A
3-PA,56,82,0,0,0,82,A
3-PA,57,81,0,0,0,81,A
3-PA,58,0,0,83,0,83,G
3-PA,59,0,0,0,88,88,C
3-PA,60,88,0,0,0,88,A
3-PA,61,95,0,1,0,96,A
3-PA,62,0,98,0,0,98,T
3-PA,63,0,0,99,0,99,G
3-PA,64,100,0,1,0,101,A
3-PA,65,99,0,0,0,99,A
3-PA,66,102,0,0,0,102,A
3-PA,67,0,0,108,0,108,G
3-PA,68,115,0,0,0,115,A
3-PA,69,0,0,147,0,147,G
3-PA,70,0,148,0,0,148,T
3-PA,71,150,0,0,0,150,A
3-PA,72,0,150,0,0,150,T
3-PA,73,0,0,150,0,150,G
3-PA,74,0,0,152,0,152,G
3-PA,75,0,1,149,0,150,G
3-PA,76,0,0,152,0,152,G
3-PA,77,149,0,0,0,149,A
3-PA,78,0,0,148,0,148,G
3-PA,79,0,0,152,0,152,G
3-PA,80,151,0,0,0,151,A
3-PA,81,0,153,0,0,153,T
3-PA,82,0,0,0,154,154,C
3-PA,83,0,154,0,0,154,T
3-PA,84,0,0,154,0,154,G
3-PA,85,153,0,0,0,153,A
3-PA,86,153,0,0,0,153,A
3-PA,87,154,0,1,0,155,A
3-PA,88,154,0,0,0,154,A
3-PA,89,0,154,0,0,154,T
3-PA,90,0,154,0,0,154,T
3-PA,91,0,0,153,0,153,G
3-PA,92,153,0,0,0,153,A
3-PA,93,153,0,1,0,154,A
3-PA,94,155,0,0,0,155,A
3-PA,95,0,0,0,155,155,C
3-PA,96,156,0,0,0,156,A
3-PA,97,158,0,0,0,158,A
3-PA,98,157,0,0,0,157,A
3-PA,99,0,0,0,159,159,C
3-PA,100,158,0,0,0,158,A
3-PA,101,162,0,0,0,162,A
3-PA,102,164,0,0,0,164,A
3-PA,103,0,164,0,0,164,T
3-PA,104,0,162,0,0,162,T
3-PA,105,0,164,0,0,164,T
3-PA,106,0,1,163,0,164,G
3-PA,107,0,1,0,164,165,C
3-PA,108,163,1,0,0,164,A
3-PA,109,0,0,172,0,172,G
3-PA,110,0,0,0,170,170,C
3-PA,111,182,0,0,0,182,A
3-PA,112,184,0,0,0,184,A
3-PA,113,0,188,0,0,188,T
3-PA,114,194,0,0,0,194,A
3-PA,115,0,194,0,1,195,T
3-PA,116,0,0,198,0,198,G
3-PA,117,0,1,0,197,198,C
3-PA,118,198,0,0,0,198,A
3-PA,119,0,0,0,198,198,C
3-PA,120,0,195,0,0,195,T
3-PA,121,0,0,0,228,228,C
3-PA,122,234,0,0,0,234,A
3-PA,123,0,0,0,241,241,C
3-PA,124,0,238,0,0,238,T
3-PA,125,0,237,0,0,237,T
3-PA,126,0,0,238,0,238,G
3-PA,127,0,0,243,0,243,G
3-PA,128,243,0,0,0,243,A
3-PA,129,0,0,246,0,246,G
3-PA,130,0,0,243,0,243,G
3-PA,131,0,231,0,0,231,T
3-PA,132,0,0,246,0,246,G
3-PA,133,0,245,0,0,245,T
3-PA,134,0,0,262,0,262,G
3-PA,135,0,260,0,0,260,T
3-PA,136,0,260,0,0,260,T
3-PA,137,0,262,0,0,262,T
3-PA,138,0,261,0,0,261,T
3-PA,139,264,0,0,0,264,A
3-PA,140,0,264,0,0,264,T
3-PA,141,0,0,270,0,270,G
3-PA,142,0,264,0,0,264,T
3-PA,143,263,0,0,0,263,A
3-PA,144,0,262,0,0,262,T
3-PA,145,0,262,0,0,262,T
3-PA,146,0,0,0,263,263,C
3-PA,147,262,0,0,0,262,A
3-PA,148,0,0,263,0,263,G
3-PA,149,265,0,0,0,265,A
3-PA,150,0,265,0,0,265,T
3-PA,151,0,265,0,0,265,T
3-PA,152,0,265,0,0,265,T
3-PA,153,1,0,0,264,265,C
3-PA,154,0,0,0,268,268,C
3-PA,155,268,0,0,0,268,A
3-PA,156,0,269,0,0,269,T
3-PA,157,0,266,0,1,267,T
3-PA,158,0,269,0,0,269,T
3-PA,159,0,0,0,269,269,C
3-PA,160,269,0,0,0,269,A
3-PA,161,0,273,0,0,273,T
3-PA,162,0,0,0,273,273,C
3-PA,163,273,0,0,0,273,A
3-PA,164,272,0,1,0,273,A
3-PA,165,0,274,0,0,274,T
3-PA,166,0,0,282,0,282,G
3-PA,167,283,0,0,0,283,A
3-PA,168,284,0,1,0,285,A
3-PA,169,0,0,0,283,283,C
3-PA,170,282,0,0,0,282,A
3-PA,171,283,0,0,0,283,A
3-PA,172,0,0,283,0,283,G
3-PA,173,0,0,283,0,283,G
3-PA,174,0,0,0,285,285,C
3-PA,175,0,0,286,0,286,G
3-PA,176,296,0,0,0,296,A
3-PA,177,299,0,1,0,300,A
3-PA,178,0,298,0,0,298,T
3-PA,179,0,0,0,302,302,C
3-PA,180,301,0,0,0,301,A
3-PA,181,299,0,1,0,300,A
3-PA,182,0,303,0,0,303,T
3-PA,183,303,0,0,0,303,A
3-PA,184,1,0,307,0,308,G
3-PA,185,0,307,0,0,307,T
3-PA,186,0,0,307,0,307,G
3-PA,187,0,0,308,0,308,G
3-PA,188,0,309,0,0,309,T
3-PA,189,309,0,0,0,309,A
3-PA,190,0,0,314,0,314,G
3-PA,191,312,0,0,0,312,A
3-PA,192,315,0,0,0,315,A
3-PA,193,0,0,0,310,310,C
3-PA,194,0,309,0,0,309,T
3-PA,195,0,309,0,0,309,T
3-PA,196,0,0,308,0,308,G
3-PA,197,307,0,0,0,307,A
3-PA,198,1,0,0,307,308,C
3-PA,199,0,0,306,0,306,G
3-PA,200,311,0,0,0,311,A
3-PA,201,0,320,0,0,320,T
3-PA,202,0,0,0,324,324,C
3-PA,203,1,0,0,323,324,C
3-PA,204,322,0,0,0,322,A
3-PA,205,323,0,0,0,323,A
3-PA,206,327,0,0,0,327,A
3-PA,207,0,328,0,0,328,T
3-PA,208,0,0,327,0,327,G
3-PA,209,0,0,0,329,329,C
3-PA,210,324,0,0,0,324,A
3-PA,211,0,1,0,338,339,C
3-PA,212,0,334,0,0,334,T
3-PA,213,0,0,385,0,385,G
3-PA,214,0,387,0,0,387,T
3-PA,215,0,386,0,0,386,T
3-PA,216,385,0,0,0,385,A
3-PA,217,386,0,0,0,386,A
3-PA,218,385,0,1,0,386,A
3-PA,219,0,0,387,0,387,G
3-PA,220,0,0,0,384,384,C
3-PA,221,380,0,0,0,380,A
3-PA,222,0,0,0,384,384,C
3-PA,223,366,0,0,0,366,A
3-PA,224,0,1,379,0,380,G
3-PA,225,376,0,0,0,376,A
3-PA,226,0,380,0,0,380,T
3-PA,227,0,379,0,0,379,T
3-PA,228,0,375,0,0,375,T
3-PA,229,0,2,377,0,379,G
3-PA,230,375,0,1,0,376,A
3-PA,231,377,0,0,0,377,A
3-PA,232,377,0,0,0,377,A
3-PA,233,0,375,0,0,375,T
3-PA,234,374,0,0,0,374,A
3-PA,235,377,0,0,0,377,A
3-PA,236,0,377,0,0,377,T
3-PA,237,0,0,0,379,379,C
3-PA,238,0,0,379,0,379,G
3-PA,239,373,0,0,0,373,A
3-PA,240,0,1,380,0,381,G
3-PA,241,0,1,382,0,383,G
3-PA,242,0,1,383,0,384,G
3-PA,243,0,2,382,0,384,G
3-PA,244,379,0,2,0,381,A
3-PA,245,0,1,382,0,383,G
3-PA,246,394,0,0,0,394,A
3-PA,247,1,0,394,0,395,G
3-PA,248,395,0,0,0,395,A
3-PA,249,0,0,0,394,394,C
3-PA,250,392,0,0,0,392,A
3-PA,251,0,0,398,0,398,G
3-PA,252,394,0,1,0,395,A
3-PA,253,400,0,0,0,400,A
3-PA,254,0,0,0,398,398,C
3-PA,255,390,0,0,0,390,A
3-PA,256,388,0,0,0,388,A
3-PA,257,0,390,0,0,390,T
3-PA,258,0,0,403,0,403,G
3-PA,259,0,0,400,0,400,G
3-PA,260,0,0,0,397,397,C
3-PA,261,0,1,0,398,399,C
3-PA,262,0,398,0,0,398,T
3-PA,263,0,0,408,0,408,G
3-PA,264,0,0,405,0,405,G
3-PA,265,404,0,1,0,405,A
3-PA,266,0,0,0,411,411,C
3-PA,267,389,0,0,0,389,A
3-PA,268,0,0,442,0,442,G
3-PA,269,0,444,0,1,445,T
3-PA,270,458,0,0,0,458,A
3-PA,271,0,0,458,0,458,G
3-PA,272,0,456,0,0,456,T
3-PA,273,458,0,0,0,458,A
3-PA,274,459,0,0,0,459,A
3-PA,275,456,0,0,0,456,A
3-PA,276,0,0,0,465,465,C
3-PA,277,424,0,0,0,424,A
3-PA,278,0,0,435,0,435,G
3-PA,279,0,431,0,0,431,T
3-PA,280,437,0,0,0,437,A
3-PA,281,0,434,0,3,437,T
3-PA,282,1,0,0,443,444,C
3-PA,283,0,440,0,0,440,T
3-PA,284,0,0,439,0,439,G
3-PA,285,0,0,0,441,441,C
3-PA,286,439,0,0,0,439,A
3-PA,287,439,0,0,0,439,A
3-PA,288,0,0,0,438,438,C
3-PA,289,434,0,2,0,436,A
3-PA,290,0,0,0,450,450,C
3-PA,291,0,445,0,1,446,T
3-PA,292,445,0,1,0,446,A
3-PA,293,0,0,0,448,448,C
3-PA,294,0,443,0,0,443,T
3-PA,295,0,1,444,0,445,G
3-PA,296,0,0,443,0,443,G
3-PA,297,442,0,0,0,442,A
3-PA,298,0,0,439,0,439,G
3-PA,299,0,0,0,433,433,C
3-PA,300,0,432,0,1,433,T
3-PA,301,0,0,433,0,433,G
3-PA,302,0,0,432,0,432,G
3-PA,303,433,0,0,0,433,A
3-PA,304,434,0,0,0,434,A
3-PA,305,433,0,0,0,433,A
3-PA,306,437,0,1,0,438,A
3-PA,307,0,0,0,438,438,C
3-PA,308,1,0,0,435,436,C
3-PA,309,0,0,438,0,438,G
3-PA,310,434,0,0,0,434,A
3-PA,311,433,0,1,0,434,A
3-PA,312,0,0,442,0,442,G
3-PA,313,0,437,0,0,437,T
3-PA,314,0,441,0,0,441,T
3-PA,315,0,442,0,0,442,T
3-PA,316,1,0,0,442,443,C
3-PA,317,0,445,0,0,445,T
3-PA,318,448,0,0,0,448,A
3-PA,319,0,0,0,445,445,C
3-PA,320,0,0,0,445,445,C
3-PA,321,442,0,0,0,442,A
3-PA,322,0,0,439,0,439,G
3-PA,323,438,0,0,0,438,A
3-PA,324,0,0,0,433,433,C
3-PA,325,0,451,0,0,451,T
3-PA,326,0,452,0,0,452,T
3-PA,327,0,0,460,0,460,G
3-PA,328,0,460,0,0,460,T
3-PA,329,458,0,1,0,459,A
3-PA,330,0,458,0,0,458,T
3-PA,331,0,0,451,0,451,G
3-PA,332,466,0,1,0,467,A
3-PA,333,0,466,0,1,467,T
3-PA,334,0,466,0,0,466,T
3-PA,335,465,0,0,0,465,A
3-PA,336,1,0,0,466,467,C
3-PA,337,460,0,2,0,462,A
3-PA,338,461,0,0,0,461,A
3-PA,339,0,0,462,0,462,G
3-PA,340,0,0,463,0,463,G
3-PA,341,442,0,0,0,442,A
3-PA,342,0,1,446,0,447,G
3-PA,343,447,0,1,0,448,A
3-PA,344,446,0,1,0,447,A
3-PA,345,0,0,0,447,447,C
3-PA,346,443,0,0,0,443,A
3-PA,347,0,0,445,0,445,G
3-PA,348,439,0,0,0,439,A
3-PA,349,0,434,0,0,434,T
3-PA,350,0,436,0,0,436,T
3-PA,351,3,0,0,426,429,C
3-PA,352,431,0,0,0,431,A
3-PA,353,0,431,0,0,431,T
3-PA,354,0,0,0,431,431,C
3-PA,355,0,0,431,0,431,G
3-PA,356,432,0,0,0,432,A
3-PA,357,433,0,0,0,433,A
3-PA,358,431,0,0,0,431,A
3-PA,359,0,435,0,0,435,T
3-PA,360,0,432,0,0,432,T
3-PA,361,0,1,433,0,434,G
3-PA,362,0,1,430,0,431,G
3-PA,363,0,1,432,0,433,G
3-PA,364,0,1,435,0,436,G
3-PA,365,0,419,0,2,421,T
3-PA,366,0,1,431,0,432,G
3-PA,367,429,0,1,0,430,A
3-PA,368,0,0,0,432,432,C
3-PA,369,434,0,0,0,434,A
3-PA,370,431,0,1,0,432,A
3-PA,371,0,0,443,0,443,G
3-PA,372,0,1,438,0,439,G
3-PA,373,440,0,1,0,441,A
3-PA,374,0,1,440,0,441,G
3-PA,375,435,0,1,0,436,A
3-PA,376,0,0,439,0,439,G
3-PA,377,427,0,1,0,428,A
3-PA,378,426,0,0,0,426,A
3-PA,379,0,0,442,0,442,G
3-PA,380,0,430,0,0,430,T
3-PA,381,0,0,0,433,433,C
3-PA,382,1,0,0,437,438,C
3-PA,383,439,0,0,0,439,A
3-PA,384,0,0,0,452,452,C
3-PA,385,469,0,0,0,469,A
3-PA,386,0,481,0,0,481,T
3-PA,387,488,0,0,0,488,A
3-PA,388,0,476,0,0,476,T
3-PA,389,470,0,0,0,470,A
3-PA,390,0,457,0,0,457,T
3-PA,391,0,456,0,0,456,T
3-PA,392,453,0,0,0,453,A
3-PA,393,0,0,0,455,455,C
3-PA,394,0,0,0,449,449,C
3-PA,395,0,441,0,1,442,T
3-PA,396,0,433,0,1,434,T
3-PA,397,0,0,438,0,438,G
3-PA,398,437,0,0,0,437,A
3-PA,399,438,0,2,0,440,A
3-PA,400,440,0,0,0,440,A
3-PA,401,420,1,1,0,422,A
3-PA,402,0,0,423,0,423,G
3-PA,403,0,0,420,0,420,G
3-PA,404,0,0,0,423,423,C
3-PA,405,0,0,0,425,425,C
3-PA,406,423,0,0,0,423,A
3-PA,407,424,0,0,0,424,A
3-PA,408,0,419,0,3,422,T
3-PA,409,424,0,0,0,424,A
3-PA,410,421,0,0,0,421,A
3-PA,411,0,1,429,0,430,G
3-PA,412,429,0,1,0,430,A
3-PA,413,0,428,0,0,428,T
3-PA,414,0,427,0,0,427,T
3-PA,415,428,0,0,0,428,A
3-PA,416,427,0,0,0,427,A
3-PA,417,424,0,0,0,424,A
3-PA,418,0,424,0,0,424,T
3-PA,419,1,0,0,431,432,C
3-PA,420,0,415,0,1,416,T
3-PA,421,0,1,419,0,420,G
3-PA,422,420,0,0,0,420,A
3-PA,423,1,0,429,0,430,G
3-PA,424,421,0,0,0,421,A
3-PA,425,424,0,1,0,425,A
3-PA,426,0,2,0,426,428,C
3-PA,427,426,0,0,0,426,A
3-PA,428,0,0,0,422,422,C
3-PA,429,423,0,0,0,423,A
3-PA,430,0,0,0,429,429,C
3-PA,431,425,0,1,0,426,A
3-PA,432,0,0,0,422,422,C
3-PA,433,416,0,3,0,419,A
3-PA,434,0,419,1,0,420,T
3-PA,435,0,421,0,1,422,T
3-PA,436,0,0,0,422,422,C
3-PA,437,421,0,0,0,421,A
3-PA,438,0,1,0,427,428,C
3-PA,439,424,0,0,0,424,A
3-PA,440,0,423,0,0,423,T
3-PA,441,0,406,0,0,406,T
3-PA,442,0,412,0,0,412,T
3-PA,443,0,413,0,0,413,T
3-PA,444,1,0,0,416,417,C
3-PA,445,0,413,0,1,414,T
3-PA,446,0,0,0,417,417,C
3-PA,447,415,0,1,0,416,A
3-PA,448,0,415,0,0,415,T
3-PA,449,0,424,0,0,424,T
3-PA,450,0,0,1,423,424,C
3-PA,451,418,0,0,0,418,A
3-PA,452,0,0,0,424,424,C
3-PA,453,0,419,0,1,420,T
3-PA,454,0,0,426,0,426,G
3-PA,455,0,0,423,1,424,G
3-PA,456,1,0,422,0,423,G
3-PA,457,0,0,424,0,424,G
3-PA,458,421,0,2,0,423,A
3-PA,459,1,1,423,0,425,G
3-PA,460,0,1,428,0,429,G
3-PA,461,425,0,1,0,426,A
3-PA,462,424,0,0,0,424,A
3-PA,463,420,0,0,0,420,A
3-PA,464,0,416,0,0,416,T
3-PA,465,0,0,419,0,419,G
3-PA,466,0,0,415,0,415,G
3-PA,467,0,0,0,413,413,C
3-PA,468,0,0,0,414,414,C
3-PA,469,414,0,1,0,415,A
3-PA,470,0,0,0,417,417,C
3-PA,471,417,0,0,0,417,A
3-PA,472,421,0,0,0,421,A
3-PA,473,422,0,0,0,422,A
3-PA,474,0,1,428,0,429,G
3-PA,475,0,0,426,0,426,G
3-PA,476,1,0,0,427,428,C
3-PA,477,430,0,0,0,430,A
3-PA,478,0,1,437,0,438,G
3-PA,479,433,0,1,1,435,A
3-PA,480,0,0,0,446,446,C
3-PA,481,0,443,0,0,443,T
3-PA,482,442,0,0,0,442,A
3-PA,483,0,0,0,444,444,C
3-PA,484,429,0,0,0,429,A
3-PA,485,0,0,0,433,433,C
3-PA,486,0,424,0,0,424,T
3-PA,487,0,0,0,428,428,C
3-PA,488,0,418,0,0,418,T
3-PA,489,0,0,0,420,420,C
3-PA,490,0,0,422,0,422,G
3-PA,491,420,0,0,0,420,A
3-PA,492,0,0,0,421,421,C
3-PA,493,0,0,421,0,421,G
3-PA,494,418,0,0,0,418,A
3-PA,495,0,0,421,0,421,G
3-PA,496,0,0,423,0,423,G
3-PA,497,424,0,0,0,424,A
3-PA,498,425,0,0,0,425,A
3-PA,499,425,0,0,0,425,A
3-PA,500,0,0,423,0,423,G
3-PA,501,1,0,0,423,424,C
3-PA,502,416,0,0,0,416,A
3-PA,503,0,0,426,0,426,G
3-PA,504,0,0,423,0,423,G
3-PA,505,0,0,425,0,425,G
3-PA,506,0,0,0,421,421,C
3-PA,507,0,418,0,0,418,T
3-PA,508,424,0,0,0,424,A
3-PA,509,1,0,430,0,431,G
3-PA,510,0,1,450,0,451,G
3-PA,511,451,0,0,0,451,A
3-PA,512,0,434,0,0,434,T
3-PA,513,0,423,0,0,423,T
3-PA,514,425,0,0,0,425,A
3-PA,515,423,0,0,0,423,A
3-PA,516,2,0,423,0,425,G
3-PA,517,414,0,1,0,415,A
3-PA,518,0,0,0,420,420,C
3-PA,519,0,0,0,387,387,C
3-PA,520,382,0,0,0,382,A
3-PA,521,0,0,388,0,388,G
3-PA,522,0,0,388,0,388,G
3-PA,523,0,0,0,391,391,C
3-PA,524,0,383,0,0,383,T
3-PA,525,0,0,393,0,393,G
3-PA,526,0,391,0,0,391,T
3-PA,527,0,389,0,0,389,T
3-PA,528,0,396,0,0,396,T
3-PA,529,391,0,0,0,391,A
3-PA,530,0,1,0,395,396,C
3-PA,531,0,0,0,392,392,C
3-PA,532,389,0,0,0,389,A
3-PA,533,0,388,0,0,388,T
3-PA,534,365,0,0,0,365,A
3-PA,535,365,0,0,0,365,A
3-PA,536,0,0,369,0,369,G
3-PA,537,366,0,0,0,366,A
3-PA,538,1,0,0,366,367,C
3-PA,539,359,0,0,0,359,A
3-PA,540,355,0,0,0,355,A
3-PA,541,0,0,358,0,358,G
3-PA,542,359,0,0,0,359,A
3-PA,543,360,0,0,0,360,A
3-PA,544,352,0,0,0,352,A
3-PA,545,0,342,0,0,342,T
3-PA,546,0,0,354,0,354,G
3-PA,547,0,0,354,0,354,G
3-PA,548,0,0,0,351,351,C
3-PA,549,1,1,0,347,349,C
3-PA,550,350,0,0,0,350,A
3-PA,551,353,0,0,0,353,A
3-PA,552,0,0,0,355,355,C
3-PA,553,348,0,0,0,348,A
3-PA,554,0,0,349,0,349,G
3-PA,555,338,0,1,0,339,A
3-PA,556,0,0,337,0,337,G
3-PA,557,0,0,336,0,336,G
3-PA,558,0,0,0,331,331,C
3-PA,559,0,0,0,339,339,C
3-PA,560,0,334,0,0,334,T
3-PA,561,0,0,0,333,333,C
3-PA,562,0,334,0,0,334,T
3-PA,563,0,1,334,0,335,G
3-PA,564,0,0,341,0,341,G
3-PA,565,0,0,338,0,338,G
3-PA,566,331,0,0,0,331,A
3-PA,567,0,321,0,0,321,T
3-PA,568,0,314,0,0,314,T
3-PA,569,0,0,0,351,351,C
3-PA,570,0,0,0,349,349,C
3-PA,571,0,348,0,0,348,T
3-PA,572,0,346,0,2,348,T
3-PA,573,0,344,0,0,344,T
3-PA,574,0,0,0,348,348,C
3-PA,575,0,0,347,0,347,G
3-PA,576,0,349,0,0,349,T
3-PA,577,0,0,0,348,348,C
3-PA,578,339,0,0,0,339,A
3-PA,579,1,0,396,0,397,G
3-PA,580,0,397,0,1,398,T
3-PA,581,0,0,0,398,398,C
3-PA,582,2,0,0,396,398,C
3-PA,583,0,0,404,0,404,G
3-PA,584,400,0,1,0,401,A
3-PA,585,405,0,0,0,405,A
3-PA,586,402,0,0,0,402,A
3-PA,587,0,1,406,0,407,G
3-PA,588,388,0,1,0,389,A
3-PA,589,0,0,395,0,395,G
3-PA,590,0,0,399,0,399,G
3-PA,591,0,1,0,392,393,C
3-PA,592,0,0,402,0,402,G
3-PA,593,398,0,0,0,398,A
3-PA,594,401,0,0,0,401,A
3-PA,595,0,0,397,0,397,G
3-PA,596,405,1,0,0,406,A
3-PA,597,405,0,0,0,405,A
3-PA,598,402,0,0,0,402,A
3-PA,599,0,0,0,407,407,C
3-PA,600,409,0,0,0,409,A
3-PA,601,410,0,0,0,410,A
3-PA,602,0,412,0,0,412,T
3-PA,603,0,413,0,0,413,T
3-PA,604,1,0,414,0,415,G
3-PA,605,411,0,0,0,411,A
3-PA,606,412,0,0,0,412,A
3-PA,607,1,1,416,0,418,G
3-PA,608,415,0,0,0,415,A
3-PA,609,414,0,0,0,414,A
3-PA,610,416,0,0,0,416,A
3-PA,611,412,0,0,0,412,A
3-PA,612,414,0,0,0,414,A
3-PA,613,0,412,0,0,412,T
3-PA,614,0,415,0,0,415,T
3-PA,615,0,411,0,0,411,T
3-PA,616,0,0,412,0,412,G
3-PA,617,413,0,0,0,413,A
3-PA,618,416,0,0,0,416,A
3-PA,619,412,0,0,0,412,A
3-PA,620,0,416,0,0,416,T
3-PA,621,1,0,0,465,466,C
3-PA,622,467,0,0,0,467,A
3-PA,623,1,0,0,472,473,C
3-PA,624,476,0,0,0,476,A
3-PA,625,0,0,491,1,492,G
3-PA,626,0,0,514,0,514,G
3-PA,627,520,0,0,0,520,A
3-PA,628,531,0,0,0,531,A
3-PA,629,0,0,0,543,543,C
3-PA,630,0,526,0,0,526,T
3-PA,631,583,0,0,0,583,A
3-PA,632,0,586,0,0,586,T
3-PA,633,0,1,610,0,611,G
3-PA,634,0,0,0,611,611,C
3-PA,635,0,0,613,1,614,G
3-PA,636,0,603,0,1,604,T
3-PA,637,603,0,0,0,603,A
3-PA,638,0,2,602,0,604,G
3-PA,639,0,0,597,0,597,G
3-PA,640,0,0,0,601,601,C
3-PA,641,0,585,0,0,585,T
3-PA,642,0,589,0,1,590,T
3-PA,643,0,0,585,0,585,G
3-PA,644,0,0,0,582,582,C
3-PA,645,0,0,0,594,594,C
3-PA,646,0,2,595,0,597,G
3-PA,647,586,0,0,0,586,A
3-PA,648,0,1,0,604,605,C
3-PA,649,1,0,0,607,608,C
3-PA,650,608,0,0,0,608,A
3-PA,651,603,0,0,0,603,A
3-PA,652,598,0,2,0,600,A
3-PA,653,0,0,612,0,612,G
3-PA,654,0,613,0,0,613,T
3-PA,655,1,0,0,624,625,C
3-PA,656,0,622,0,0,622,T
3-PA,657,0,0,0,629,629,C
3-PA,658,0,0,0,627,627,C
3-PA,659,3,0,0,629,632,C
3-PA,660,628,0,0,0,628,A
3-PA,661,0,0,0,635,635,C
3-PA,662,0,0,0,631,631,C
3-PA,663,0,0,641,0,641,G
3-PA,664,641,0,1,0,642,A
3-PA,665,645,0,0,0,645,A
3-PA,666,0,0,0,654,654,C
3-PA,667,0,655,0,1,656,T
3-PA,668,0,670,0,0,670,T
3-PA,669,0,0,0,692,692,C
3-PA,670,0,684,0,0,684,T
3-PA,671,1,0,0,689,690,C
3-PA,672,0,0,0,688,688,C
3-PA,673,0,686,0,0,686,T
3-PA,674,0,2,685,0,687,G
3-PA,675,0,0,0,686,686,C
3-PA,676,0,0,0,690,690,C
3-PA,677,0,685,0,0,685,T
3-PA,678,0,678,0,0,678,T
3-PA,679,0,0,675,0,675,G
3-PA,680,673,0,0,0,673,A
3-PA,681,0,674,0,0,674,T
3-PA,682,686,0,0,0,686,A
3-PA,683,702,0,0,0,702,A
3-PA,684,0,724,0,0,724,T
3-PA,685,0,720,0,0,720,T
3-PA,686,0,719,0,1,720,T
3-PA,687,0,725,0,0,725,T
3-PA,688,720,0,1,0,721,A
3-PA,689,0,0,719,0,719,G
3-PA,690,717,0,0,0,717,A
3-PA,691,0,0,751,0,751,G
3-PA,692,0,0,0,736,736,C
3-PA,693,1,0,0,745,746,C
3-PA,694,0,757,0,0,757,T
3-PA,695,787,0,0,0,787,A
3-PA,696,1,787,0,0,788,T
3-PA,697,0,0,792,0,792,G
3-PA,698,0,792,0,0,792,T
3-PA,699,0,2,791,0,793,G
3-PA,700,1,0,776,0,777,G
3-PA,701,771,0,1,0,772,A
3-PA,702,0,770,0,0,770,T
3-PA,703,0,2,753,0,755,G
3-PA,704,0,1,775,0,776,G
3-PA,705,781,0,0,0,781,A
3-PA,706,1,782,0,0,783,T
3-PA,707,0,784,0,0,784,T
3-PA,708,3,0,0,775,778,C
3-PA,709,2,0,776,0,778,G
3-PA,710,780,0,0,0,780,A
3-PA,711,781,0,1,0,782,A
3-PA,712,0,1,0,783,784,C
3-PA,713,2,0,0,764,766,C
3-PA,714,1,1,765,0,767,G
3-PA,715,765,0,0,0,765,A
3-PA,716,773,0,0,0,773,A
3-PA,717,1,0,0,786,787,C
3-PA,718,0,1,777,0,778,G
3-PA,719,0,0,796,0,796,G
3-PA,720,0,0,0,798,798,C
3-PA,721,0,793,0,0,793,T
3-PA,722,0,0,824,0,824,G
3-PA,723,0,0,0,822,822,C
3-PA,724,827,0,0,0,827,A
3-PA,725,0,828,0,0,828,T
3-PA,726,0,820,0,1,821,T
3-PA,727,0,0,820,0,820,G
3-PA,728,798,0,0,0,798,A
3-PA,729,0,2,811,0,813,G
3-PA,730,1,0,805,0,806,G
3-PA,731,1,0,790,0,791,G
3-PA,732,0,0,0,790,790,C
3-PA,733,792,0,0,0,792,A
3-PA,734,791,0,1,1,793,A
3-PA,735,0,1,792,0,793,G
3-PA,736,0,0,0,797,797,C
3-PA,737,0,792,0,3,795,T
3-PA,738,0,792,0,0,792,T
3-PA,739,0,797,0,0,797,T
3-PA,740,0,0,0,795,795,C
3-PA,741,0,794,0,3,797,T
3-PA,742,0,0,0,797,797,C
3-PA,743,794,0,0,0,794,A
3-PA,744,789,0,0,1,790,A
3-PA,745,790,0,0,0,790,A
3-PA,746,0,789,0,0,789,T
3-PA,747,0,0,828,0,828,G
3-PA,748,0,824,0,1,825,T
3-PA,749,1,0,0,830,831,C
3-PA,750,1,0,0,827,828,C
3-PA,751,830,0,0,0,830,A
3-PA,752,822,0,0,0,822,A
3-PA,753,0,0,794,0,794,G
3-PA,754,0,2,806,0,808,G
3-PA,755,805,0,0,0,805,A
3-PA,756,811,0,1,0,812,A
3-PA,757,0,0,815,0,815,G
3-PA,758,0,807,0,1,808,T
3-PA,759,0,2,806,0,808,G
3-PA,760,808,0,0,0,808,A
3-PA,761,802,0,1,0,803,A
3-PA,762,0,806,0,0,806,T
3-PA,763,0,1,800,0,801,G
3-PA,764,0,1,0,809,810,C
3-PA,765,3,0,0,801,804,C
3-PA,766,0,0,0,808,808,C
3-PA,767,803,1,0,0,804,A
3-PA,768,811,0,0,0,811,A
3-PA,769,814,0,0,0,814,A
3-PA,770,0,812,0,1,813,T
3-PA,771,0,815,0,0,815,T
3-PA,772,0,1,807,0,808,G
3-PA,773,806,0,0,0,806,A
3-PA,774,804,0,0,0,804,A
3-PA,775,0,0,0,808,808,C
3-PA,776,2,0,0,800,802,C
3-PA,777,0,796,0,0,796,T
3-PA,778,0,819,0,2,821,T
3-PA,779,1,819,0,0,820,T
3-PA,780,0,842,0,0,842,T
3-PA,781,0,0,0,847,847,C
3-PA,782,0,843,0,1,844,T
3-PA,783,0,0,847,0,847,G
3-PA,784,841,0,0,0,841,A
3-PA,785,849,0,1,1,851,A
3-PA,786,0,0,858,0,858,G
3-PA,787,848,0,0,0,848,A
3-PA,788,0,0,0,854,854,C
3-PA,789,849,0,0,0,849,A
3-PA,790,857,0,2,0,859,A
3-PA,791,0,1,0,946,947,C
3-PA,792,940,0,1,0,941,A
3-PA,793,0,0,0,944,944,C
3-PA,794,0,0,0,939,939,C
3-PA,795,936,0,0,0,936,A
3-PA,796,937,0,0,0,937,A
3-PA,797,0,4,933,0,937,G
3-PA,798,939,0,1,1,941,A
3-PA,799,1,0,0,937,938,C
3-PA,800,0,0,0,875,875,C
3-PA,801,874,0,0,0,874,A
3-PA,802,868,0,0,0,868,A
3-PA,803,0,874,0,1,875,T
3-PA,804,0,0,0,875,875,C
3-PA,805,873,0,0,0,873,A
3-PA,806,871,0,0,0,871,A
3-PA,807,862,0,2,0,864,A
3-PA,808,0,0,0,882,882,C
3-PA,809,0,865,0,1,866,T
3-PA,810,1,872,0,0,873,T
3-PA,811,0,0,0,873,873,C
3-PA,812,0,0,0,881,881,C
3-PA,813,0,0,886,0,886,G
3-PA,814,888,0,0,0,888,A
3-PA,815,887,0,1,0,888,A
3-PA,816,0,886,0,0,886,T
3-PA,817,0,0,881,0,881,G
3-PA,818,0,0,884,0,884,G
3-PA,819,887,0,0,0,887,A
3-PA,820,0,0,0,897,897,C
3-PA,821,0,0,0,893,893,C
3-PA,822,0,902,0,2,904,T
3-PA,823,0,0,0,924,924,C
3-PA,824,2,0,0,923,925,C
3-PA,825,0,926,0,0,926,T
3-PA,826,0,932,0,1,933,T
3-PA,827,1,0,977,0,978,G
3-PA,828,0,973,0,1,974,T
3-PA,829,0,977,0,0,977,T
3-PA,830,976,0,0,0,976,A
3-PA,831,0,948,0,0,948,T
3-PA,832,1,0,0,942,943,C
3-PA,833,929,1,0,0,930,A
3-PA,834,0,0,922,0,922,G
3-PA,835,0,0,0,922,922,C
3-PA,836,1,1,894,0,896,G
3-PA,837,0,0,922,0,922,G
3-PA,838,0,914,0,1,915,T
3-PA,839,0,0,0,926,926,C
3-PA,840,1,0,0,928,929,C
3-PA,841,934,0,0,0,934,A
3-PA,842,941,0,0,0,941,A
3-PA,843,932,0,0,0,932,A
3-PA,844,0,931,0,0,931,T
3-PA,845,0,931,0,0,931,T
3-PA,846,1,0,0,923,924,C
3-PA,847,0,0,0,929,929,C
3-PA,848,0,927,0,0,927,T
3-PA,849,0,0,0,934,934,C
3-PA,850,1,0,0,934,935,C
3-PA,851,0,935,0,1,936,T
3-PA,852,0,1,946,0,947,G
3-PA,853,940,0,0,0,940,A
3-PA,854,0,942,0,1,943,T
3-PA,855,0,0,940,0,940,G
3-PA,856,1,0,922,0,923,G
3-PA,857,923,0,0,0,923,A
3-PA,858,0,915,0,0,915,T
3-PA,859,0,0,918,0,918,G
3-PA,860,0,0,0,970,970,C
3-PA,861,0,962,0,0,962,T
3-PA,862,0,963,0,0,963,T
3-PA,863,1,972,0,0,973,T
3-PA,864,972,0,0,0,972,A
3-PA,865,974,0,0,0,974,A
3-PA,866,973,0,0,0,973,A
3-PA,867,979,0,0,0,979,A
3-PA,868,0,977,0,0,977,T
3-PA,869,0,907,0,0,907,T
3-PA,870,0,0,904,1,905,G
3-PA,871,896,0,2,0,898,A
3-PA,872,1,0,909,0,910,G
3-PA,873,0,1,0,913,914,C
3-PA,874,909,0,0,0,909,A
3-PA,875,0,929,0,2,931,T
3-PA,876,0,927,0,0,927,T
3-PA,877,0,1,921,0,922,G
3-PA,878,926,0,0,0,926,A
3-PA,879,924,0,0,0,924,A
3-PA,880,0,1,923,0,924,G
3-PA,881,912,0,0,0,912,A
3-PA,882,0,0,0,923,923,C
3-PA,883,0,0,0,915,915,C
3-PA,884,3,0,0,896,899,C
3-PA,885,891,0,0,0,891,A
3-PA,886,893,0,1,0,894,A
3-PA,887,0,0,898,0,898,G
3-PA,888,1,896,0,6,903,T
3-PA,889,0,3,0,907,910,C
3-PA,890,903,0,0,0,903,A
3-PA,891,0,0,0,904,904,C
3-PA,892,0,1,908,0,909,G
3-PA,893,916,0,0,0,916,A
3-PA,894,914,0,0,0,914,A
3-PA,895,0,2,938,0,940,G
3-PA,896,0,1,937,0,938,G
3-PA,897,940,0,2,0,942,A
3-PA,898,2,0,943,0,945,G
3-PA,899,945,0,3,0,948,A
3-PA,900,947,0,5,0,952,A
3-PA,901,0,1,955,1,957,G
3-PA,902,1,0,952,0,953,G
3-PA,903,0,1,959,0,960,G
3-PA,904,919,0,0,1,920,A
3-PA,905,0,920,0,1,921,T
3-PA,906,0,3,0,908,911,C
3-PA,907,2,0,0,987,989,C
3-PA,908,1,0,0,1006,1007,C
3-PA,909,1019,0,2,0,1021,A
3-PA,910,0,1030,0,0,1030,T
3-PA,911,0,1033,0,0,1033,T
3-PA,912,1059,0,0,0,1059,A
3-PA,913,0,1058,0,0,1058,T
3-PA,914,1054,0,1,0,1055,A
3-PA,915,0,1045,0,0,1045,T
3-PA,916,0,2,949,0,951,G
3-PA,917,945,0,1,0,946,A
3-PA,918,1,931,0,0,932,T
3-PA,919,0,0,942,0,942,G
3-PA,920,1,0,0,931,932,C
3-PA,921,5,2,918,0,925,G
3-PA,922,931,0,0,0,931,A
3-PA,923,0,926,0,1,927,T
3-PA,924,0,0,0,931,931,C
3-PA,925,933,0,0,0,933,A
3-PA,926,925,0,2,0,927,A
3-PA,927,0,0,932,0,932,G
3-PA,928,0,916,0,0,916,T
3-PA,929,0,0,931,0,931,G
3-PA,930,0,0,0,938,938,C
3-PA,931,939,0,1,0,940,A
3-PA,932,0,942,0,1,943,T
3-PA,933,940,0,0,0,940,A
3-PA,934,947,0,1,0,948,A
3-PA,935,956,0,0,0,956,A
3-PA,936,953,0,0,0,953,A
3-PA,937,946,0,0,0,946,A
3-PA,938,0,1,0,952,953,C
3-PA,939,943,0,0,0,943,A
3-PA,940,0,943,0,0,943,T
3-PA,941,0,938,0,0,938,T
3-PA,942,0,1,0,942,943,C
3-PA,943,0,939,0,1,940,T
3-PA,944,0,931,0,0,931,T
3-PA,945,0,935,0,0,935,T
3-PA,946,0,0,937,0,937,G
3-PA,947,0,1,940,0,941,G
3-PA,948,936,1,0,0,937,A
3-PA,949,0,936,0,0,936,T
3-PA,950,0,1,942,0,943,G
3-PA,951,0,0,953,0,953,G
3-PA,952,959,0,1,0,960,A
3-PA,953,955,0,0,0,955,A
3-PA,954,963,1,0,0,964,A
3-PA,955,0,1,966,0,967,G
3-PA,956,965,0,1,0,966,A
3-PA,957,1070,0,1,0,1071,A
3-PA,958,0,0,0,1090,1090,C
3-PA,959,0,0,0,1091,1091,C
3-PA,960,0,1085,0,1,1086,T
3-PA,961,0,1111,0,0,1111,T
3-PA,962,1119,0,1,0,1120,A
3-PA,963,0,1119,0,0,1119,T
3-PA,964,1109,0,0,0,1109,A
3-PA,965,0,1119,0,0,1119,T
3-PA,966,1012,0,2,0,1014,A
3-PA,967,0,0,1022,0,1022,G
3-PA,968,1,1014,0,1,1016,T
3-PA,969,1,0,0,1011,1012,C
3-PA,970,1004,0,0,0,1004,A
3-PA,971,1003,0,0,0,1003,A
3-PA,972,991,0,3,0,994,A
3-PA,973,1,0,0,1004,1005,C
3-PA,974,1,2,0,995,998,C
3-PA,975,992,0,0,0,992,A
3-PA,976,0,0,0,1000,1000,C
3-PA,977,1002,0,2,0,1004,A
3-PA,978,0,0,0,1005,1005,C
3-PA,979,0,2,1007,0,1009,G
3-PA,980,989,0,0,0,989,A
3-PA,981,998,0,0,0,998,A
3-PA,982,1001,0,2,0,1003,A
3-PA,983,998,0,0,0,998,A
3-PA,984,0,0,1018,0,1018,G
3-PA,985,1,0,1007,0,1008,G
3-PA,986,0,0,1025,0,1025,G
3-PA,987,1019,0,2,0,1021,A
3-PA,988,1025,0,0,0,1025,A
3-PA,989,1,1026,0,0,1027,T
3-PA,990,1025,0,0,1,1026,A
3-PA,991,1023,0,0,0,1023,A
3-PA,992,1027,0,0,0,1027,A
3-PA,993,0,1026,0,0,1026,T
3-PA,994,1,1021,0,0,1022,T
3-PA,995,2,0,0,1030,1032,C
3-PA,996,1030,0,1,0,1031,A
3-PA,997,1031,0,0,0,1031,A
3-PA,998,1036,0,0,0,1036,A
3-PA,999,0,1033,0,0,1033,T
3-PA,1000,0,1038,0,0,1038,T
3-PA,1001,1043,0,0,0,1043,A
3-PA,1002,0,0,0,1046,1046,C
3-PA,1003,1,0,0,1044,1045,C
3-PA,1004,0,1039,0,0,1039,T
3-PA,1005,0,0,1040,0,1040,G
3-PA,1006,0,0,0,1046,1046,C
3-PA,1007,0,1052,0,2,1054,T
3-PA,1008,2,0,1066,0,1068,G
3-PA,1009,0,1055,0,1,1056,T
3-PA,1010,2,0,0,1059,1061,C
3-PA,1011,1063,0,0,0,1063,A
3-PA,1012,0,1063,0,0,1063,T
3-PA,1013,0,1,1061,0,1062,G
3-PA,1014,0,0,1045,0,1045,G
3-PA,1015,1051,0,0,0,1051,A
3-PA,1016,1068,0,1,0,1069,A
3-PA,1017,0,0,1064,0,1064,G
3-PA,1018,0,0,0,1066,1066,C
3-PA,1019,1063,0,0,0,1063,A
3-PA,1020,1065,0,1,0,1066,A
3-PA,1021,0,1,1070,0,1071,G
3-PA,1022,0,1058,0,0,1058,T
3-PA,1023,1067,0,0,0,1067,A
3-PA,1024,0,0,0,1067,1067,C
3-PA,1025,0,1047,0,0,1047,T
3-PA,1026,0,0,1059,0,1059,G
3-PA,1027,0,1049,0,2,1051,T
3-PA,1028,0,0,0,1051,1051,C
3-PA,1029,1056,0,1,0,1057,A
3-PA,1030,0,1,1069,0,1070,G
3-PA,1031,1067,0,0,0,1067,A
3-PA,1032,1065,1,0,1,1067,A
3-PA,1033,1,1084,0,0,1085,T
3-PA,1034,0,1090,0,0,1090,T
3-PA,1035,1,0,1086,0,1087,G
3-PA,1036,2,0,0,1077,1079,C
3-PA,1037,1081,0,4,0,1085,A
3-PA,1038,0,1,1088,0,1089,G
3-PA,1039,0,1,1073,0,1074,G
3-PA,1040,1074,0,1,0,1075,A
3-PA,1041,1,0,0,1085,1086,C
3-PA,1042,1058,0,1,0,1059,A
3-PA,1043,0,1065,0,5,1070,T
3-PA,1044,0,1081,0,1,1082,T
3-PA,1045,0,0,1082,0,1082,G
3-PA,1046,1077,0,1,0,1078,A
3-PA,1047,1084,0,0,0,1084,A
3-PA,1048,1080,0,0,0,1080,A
3-PA,1049,1075,1,0,0,1076,A
3-PA,1050,0,1066,0,0,1066,T
3-PA,1051,0,1,1077,0,1078,G
3-PA,1052,1067,0,1,0,1068,A
3-PA,1053,1,0,1075,0,1076,G
3-PA,1054,3,1,1070,0,1074,G
3-PA,1055,1074,0,0,0,1074,A
3-PA,1056,0,1,1082,0,1083,G
3-PA,1057,1076,0,0,0,1076,A
3-PA,1058,1080,0,0,0,1080,A
3-PA,1059,1,3,1076,0,1080,G
3-PA,1060,0,0,1067,0,1067,G
3-PA,1061,1,1077,0,2,1080,T
3-PA,1062,0,1097,0,1,1098,T
3-PA,1063,0,0,0,1097,1097,C
3-PA,1064,0,0,0,1097,1097,C
3-PA,1065,1098,0,4,0,1102,A
3-PA,1066,1098,0,0,0,1098,A
3-PA,1067,0,2,1099,0,1101,G
3-PA,1068,0,1,1115,0,1116,G
3-PA,1069,1094,0,0,0,1094,A
3-PA,1070,0,0,0,1106,1106,C
3-PA,1071,0,1107,0,0,1107,T
3-PA,1072,1108,0,0,0,1108,A
3-PA,1073,1106,0,0,0,1106,A
3-PA,1074,1112,0,1,0,1113,A
3-PA,1075,1102,0,0,0,1102,A
3-PA,1076,1094,0,1,0,1095,A
3-PA,1077,0,0,0,1085,1085,C
3-PA,1078,1081,0,2,0,1083,A
3-PA,1079,1,1074,1,0,1076,T
3-PA,1080,0,1,1089,0,1090,G
3-PA,1081,1087,0,0,0,1087,A
3-PA,1082,1088,0,0,0,1088,A
3-PA,1083,0,0,1093,0,1093,G
3-PA,1084,1093,0,0,0,1093,A
3-PA,1085,1094,0,0,0,1094,A
3-PA,1086,1090,0,0,0,1090,A
3-PA,1087,1088,0,2,0,1090,A
3-PA,1088,0,0,0,1094,1094,C
3-PA,1089,0,3,1089,1,1093,G
3-PA,1090,1097,0,1,0,1098,A
3-PA,1091,3,0,1088,0,1091,G
3-PA,1092,0,1081,0,0,1081,T
3-PA,1093,2,0,0,1108,1110,C
3-PA,1094,1121,0,0,0,1121,A
3-PA,1095,1130,0,2,0,1132,A
3-PA,1096,0,1,0,1137,1138,C
3-PA,1097,0,1127,0,1,1128,T
3-PA,1098,0,0,1144,0,1144,G
3-PA,1099,1141,0,0,0,1141,A
3-PA,1100,1141,0,0,0,1141,A
3-PA,1101,0,0,1143,0,1143,G
3-PA,1102,0,1110,0,0,1110,T
3-PA,1103,0,2,1118,0,1120,G
3-PA,1104,1,0,1103,0,1104,G
3-PA,1105,2,0,1109,0,1111,G
3-PA,1106,0,0,0,1115,1115,C
3-PA,1107,0,1107,0,1,1108,T
3-PA,1108,0,0,0,1108,1108,C
3-PA,1109,0,1114,0,0,1114,T
3-PA,1110,0,1115,0,0,1115,T
3-PA,1111,1,1,1134,0,1136,G
3-PA,1112,0,0,1139,0,1139,G
3-PA,1113,0,1129,0,0,1129,T
3-PA,1114,0,1,1123,0,1124,G
3-PA,1115,1122,0,0,0,1122,A
3-PA,1116,1127,0,0,0,1127,A
3-PA,1117,1132,0,0,0,1132,A
3-PA,1118,1132,1,1,1,1135,A
3-PA,1119,0,0,0,1140,1140,C
3-PA,1120,1124,0,1,0,1125,A
3-PA,1121,0,1120,0,0,1120,T
3-PA,1122,0,0,1113,0,1113,G
3-PA,1123,0,4,1117,0,1121,G
3-PA,1124,0,0,0,1127,1127,C
3-PA,1125,1129,1,0,0,1130,A
3-PA,1126,0,0,0,1133,1133,C
3-PA,1127,3,0,0,1132,1135,C
3-PA,1128,1149,0,0,0,1149,A
3-PA,1129,0,2,1158,0,1160,G
3-PA,1130,1153,0,1,0,1154,A
3-PA,1131,0,0,1171,0,1171,G
3-PA,1132,1160,0,8,0,1168,A
3-PA,1133,1175,0,0,0,1175,A
3-PA,1134,0,1,1179,0,1180,G
3-PA,1135,0,0,1173,0,1173,G
3-PA,1136,0,1139,0,1,1140,T
3-PA,1137,1156,0,2,0,1158,A
3-PA,1138,0,3,1157,0,1160,G
3-PA,1139,1154,0,1,0,1155,A
3-PA,1140,0,0,0,1165,1165,C
3-PA,1141,0,1148,0,1,1149,T
3-PA,1142,0,1144,0,0,1144,T
3-PA,1143,0,1141,0,0,1141,T
3-PA,1144,0,1,1145,0,1146,G
3-PA,1145,1146,0,0,0,1146,A
3-PA,1146,1150,0,0,0,1150,A
3-PA,1147,1137,0,0,0,1137,A
3-PA,1148,1141,0,0,0,1141,A
3-PA,1149,0,1,0,1172,1173,C
3-PA,1150,0,1169,0,0,1169,T
3-PA,1151,0,0,1174,0,1174,G
3-PA,1152,0,1,0,1176,1177,C
3-PA,1153,1168,1,1,0,1170,A
3-PA,1154,0,0,1176,0,1176,G
3-PA,1155,1170,0,2,0,1172,A
3-PA,1156,0,0,1212,0,1212,G
3-PA,1157,1206,0,0,0,1206,A
3-PA,1158,0,0,0,1205,1205,C
3-PA,1159,1200,1,2,0,1203,A
3-PA,1160,0,1189,0,1,1190,T
3-PA,1161,1196,0,0,0,1196,A
3-PA,1162,1194,0,1,0,1195,A
3-PA,1163,0,0,1194,0,1194,G
3-PA,1164,0,0,0,1188,1188,C
3-PA,1165,2,4,1160,0,1166,G
3-PA,1166,1183,0,0,0,1183,A
3-PA,1167,0,1171,0,0,1171,T
3-PA,1168,0,1174,0,0,1174,T
3-PA,1169,0,1174,0,0,1174,T
3-PA,1170,0,0,1180,0,1180,G
3-PA,1171,1182,0,2,0,1184,A
3-PA,1172,1181,0,3,0,1184,A
3-PA,1173,1,0,1192,0,1193,G
3-PA,1174,0,0,0,1219,1219,C
3-PA,1175,1206,0,0,0,1206,A
3-PA,1176,1289,0,0,0,1289,A
3-PA,1177,0,1288,0,0,1288,T
3-PA,1178,1294,0,0,0,1294,A
3-PA,1179,0,1298,0,0,1298,T
3-PA,1180,0,1,1304,0,1305,G
3-PA,1181,1310,0,1,0,1311,A
3-PA,1182,1,1300,0,1,1302,T
3-PA,1183,1267,0,0,0,1267,A
3-PA,1184,7,0,1261,0,1268,G
3-PA,1185,0,1222,0,0,1222,T
3-PA,1186,0,0,1235,1,1236,G
3-PA,1187,1226,0,1,0,1227,A
3-PA,1188,0,0,1,1215,1216,C
3-PA,1189,0,1,1218,0,1219,G
3-PA,1190,1216,0,0,0,1216,A
3-PA,1191,1218,0,0,0,1218,A
3-PA,1192,0,0,0,1213,1213,C
3-PA,1193,0,0,0,1222,1222,C
3-PA,1194,0,1220,0,1,1221,T
3-PA,1195,1,1,1254,0,1256,G
3-PA,1196,1255,0,1,1,1257,A
3-PA,1197,1257,0,0,0,1257,A
3-PA,1198,0,1255,0,0,1255,T
3-PA,1199,0,1250,0,0,1250,T
3-PA,1200,1245,0,0,0,1245,A
3-PA,1201,1229,0,0,1,1230,A
3-PA,1202,0,1,1224,0,1225,G
3-PA,1203,0,0,1224,0,1224,G
3-PA,1204,0,1195,0,1,1196,T
3-PA,1205,1,0,0,1205,1206,C
3-PA,1206,1197,0,1,0,1198,A
3-PA,1207,0,0,0,1245,1245,C
3-PA,1208,0,1234,0,6,1240,T
3-PA,1209,1,1239,0,1,1241,T
3-PA,1210,0,1240,0,1,1241,T
3-PA,1211,0,0,0,1242,1242,C
3-PA,1212,1245,0,0,0,1245,A
3-PA,1213,1246,0,1,0,1247,A
3-PA,1214,0,0,1255,0,1255,G
3-PA,1215,1,0,0,1256,1257,C
3-PA,1216,0,1227,0,0,1227,T
3-PA,1217,0,1,1258,0,1259,G
3-PA,1218,0,1,1255,0,1256,G
3-PA,1219,1276,0,0,0,1276,A
3-PA,1220,0,1284,0,0,1284,T
3-PA,1221,1286,2,0,0,1288,A
3-PA,1222,0,0,0,1297,1297,C
3-PA,1223,1265,0,5,0,1270,A
3-PA,1224,0,1,1287,0,1288,G
3-PA,1225,1283,0,1,0,1284,A
3-PA,1226,1262,0,0,0,1262,A
3-PA,1227,0,1247,0,0,1247,T
3-PA,1228,0,1,1251,0,1252,G
3-PA,1229,1248,0,0,0,1248,A
3-PA,1230,1,1,1248,0,1250,G
3-PA,1231,0,1248,0,1,1249,T
3-PA,1232,0,1238,0,0,1238,T
3-PA,1233,2,0,0,1260,1262,C
3-PA,1234,1268,0,0,0,1268,A
3-PA,1235,1262,0,0,0,1262,A
3-PA,1236,0,1,0,1269,1270,C
3-PA,1237,1253,0,0,0,1253,A
3-PA,1238,1252,0,1,0,1253,A
3-PA,1239,0,1,1246,0,1247,G
3-PA,1240,0,0,1262,0,1262,G
3-PA,1241,0,0,0,1262,1262,C
3-PA,1242,0,0,0,1261,1261,C
3-PA,1243,0,1255,0,2,1257,T
3-PA,1244,0,0,1283,0,1283,G
3-PA,1245,0,1269,0,1,1270,T
3-PA,1246,1,0,1283,0,1284,G
3-PA,1247,1279,0,0,0,1279,A
3-PA,1248,1,0,1277,0,1278,G
3-PA,1249,0,0,0,1263,1263,C
3-PA,1250,0,1253,0,4,1257,T
3-PA,1251,1283,0,0,0,1283,A
3-PA,1252,1285,0,0,0,1285,A
3-PA,1253,0,0,0,1288,1288,C
3-PA,1254,1,1265,0,0,1266,T
3-PA,1255,0,1,1270,0,1271,G
3-PA,1256,1262,0,0,0,1262,A
3-PA,1257,0,1256,0,0,1256,T
3-PA,1258,1,1257,0,0,1258,T
3-PA,1259,1,1,0,1258,1260,C
3-PA,1260,1275,0,0,0,1275,A
3-PA,1261,0,1,1306,0,1307,G
3-PA,1262,0,1289,0,3,1292,T
3-PA,1263,1,0,0,1297,1298,C
3-PA,1264,0,1295,0,1,1296,T
3-PA,1265,0,1,1339,0,1340,G
3-PA,1266,0,1,1338,0,1339,G
3-PA,1267,1347,0,2,0,1349,A
3-PA,1268,0,1346,0,1,1347,T
3-PA,1269,1290,0,0,0,1290,A
3-PA,1270,0,1,1289,0,1290,G
3-PA,1271,1274,0,0,1,1275,A
3-PA,1272,0,0,1275,0,1275,G
3-PA,1273,0,0,0,1269,1269,C
3-PA,1274,0,1231,0,5,1236,T
3-PA,1275,0,1,0,1252,1253,C
3-PA,1276,1,1,1252,0,1254,G
3-PA,1277,1254,0,0,0,1254,A
3-PA,1278,0,1254,0,0,1254,T
3-PA,1279,0,1,1248,0,1249,G
3-PA,1280,1270,0,0,0,1270,A
3-PA,1281,1265,0,1,0,1266,A
3-PA,1282,1273,0,1,0,1274,A
3-PA,1283,0,1250,0,1,1251,T
3-PA,1284,0,1268,0,0,1268,T
3-PA,1285,0,0,1278,0,1278,G
3-PA,1286,0,1,1279,0,1280,G
3-PA,1287,1272,0,1,0,1273,A
3-PA,1288,0,1,1274,0,1275,G
3-PA,1289,1255,0,1,0,1256,A
3-PA,1290,0,2,1271,0,1273,G
3-PA,1291,0,2,1281,0,1283,G
3-PA,1292,1291,0,1,0,1292,A
3-PA,1293,0,1,0,1292,1293,C
3-PA,1294,0,0,1284,0,1284,G
3-PA,1295,0,1288,0,0,1288,T
3-PA,1296,1291,0,0,0,1291,A
3-PA,1297,0,0,1307,0,1307,G
3-PA,1298,0,0,0,1306,1306,C
3-PA,1299,1,0,0,1288,1289,C
3-PA,1300,1,0,0,1282,1283,C
3-PA,1301,2,0,0,1282,1284,C
3-PA,1302,1293,0,0,0,1293,A
3-PA,1303,1322,0,0,0,1322,A
3-PA,1304,0,1325,0,0,1325,T
3-PA,1305,0,1316,0,0,1316,T
3-PA,1306,0,1,1312,0,1313,G
3-PA,1307,1290,0,0,0,1290,A
3-PA,1308,0,0,1292,0,1292,G
3-PA,1309,0,0,0,1296,1296,C
3-PA,1310,1284,0,1,0,1285,A
3-PA,1311,1,1,0,1307,1309,C
3-PA,1312,1284,0,0,0,1284,A
3-PA,1313,0,1319,0,2,1321,T
3-PA,1314,0,1312,0,3,1315,T
3-PA,1315,0,0,1314,0,1314,G
3-PA,1316,0,0,0,1304,1304,C
3-PA,1317,1313,0,1,0,1314,A
3-PA,1318,1313,0,0,0,1313,A
3-PA,1319,0,0,1319,0,1319,G
3-PA,1320,0,0,0,1302,1302,C
3-PA,1321,1302,1,0,0,1303,A
3-PA,1322,0,1263,0,0,1263,T
3-PA,1323,0,1,1261,0,1262,G
3-PA,1324,1255,0,3,0,1258,A
3-PA,1325,0,2,1259,0,1261,G
3-PA,1326,1261,0,0,0,1261,A
3-PA,1327,1260,0,2,0,1262,A
3-PA,1328,0,2,1260,0,1262,G
3-PA,1329,0,2,1252,0,1254,G
3-PA,1330,1258,0,1,0,1259,A
3-PA,1331,1261,0,0,0,1261,A
3-PA,1332,0,1258,0,1,1259,T
3-PA,1333,0,1261,0,0,1261,T
3-PA,1334,1264,0,0,0,1264,A
3-PA,1335,0,1271,0,0,1271,T
3-PA,1336,1,1263,0,0,1264,T
3-PA,1337,0,1264,0,1,1265,T
3-PA,1338,1,0,0,1259,1260,C
3-PA,1339,1247,0,2,0,1249,A
3-PA,1340,0,1,0,1282,1283,C
3-PA,1341,1271,1,1,0,1273,A
3-PA,1342,0,0,1282,0,1282,G
3-PA,1343,1,0,0,1281,1282,C
3-PA,1344,1280,0,0,0,1280,A
3-PA,1345,0,3,1294,0,1297,G
3-PA,1346,1288,0,0,0,1288,A
3-PA,1347,1,2,1290,0,1293,G
3-PA,1348,0,1,1296,0,1297,G
3-PA,1349,0,1246,0,0,1246,T
3-PA,1350,1,0,1269,0,1270,G
3-PA,1351,0,1252,0,1,1253,T
3-PA,1352,0,0,0,1245,1245,C
3-PA,1353,0,0,0,1265,1265,C
3-PA,1354,0,0,0,1270,1270,C
3-PA,1355,1285,0,2,0,1287,A
3-PA,1356,0,1295,0,0,1295,T
3-PA,1357,0,1296,0,0,1296,T
3-PA,1358,0,0,1306,0,1306,G
3-PA,1359,0,1276,0,0,1276,T
3-PA,1360,1259,0,0,0,1259,A
3-PA,1361,0,1,1252,0,1253,G
3-PA,1362,1211,1,1,0,1213,A
3-PA,1363,0,0,1219,0,1219,G
3-PA,1364,0,0,0,1205,1205,C
3-PA,1365,2,1,0,1191,1194,C
3-PA,1366,1201,0,0,0,1201,A
3-PA,1367,0,0,0,1212,1212,C
3-PA,1368,0,1203,0,1,1204,T
3-PA,1369,0,3,1201,0,1204,G
3-PA,1370,1200,1,1,0,1202,A
3-PA,1371,1184,0,0,0,1184,A
3-PA,1372,0,1207,0,0,1207,T
3-PA,1373,1213,0,0,0,1213,A
3-PA,1374,0,1,0,1226,1227,C
3-PA,1375,1192,0,0,0,1192,A
3-PA,1376,0,1191,0,1,1192,T
3-PA,1377,1190,0,0,0,1190,A
3-PA,1378,1206,0,0,0,1206,A
3-PA,1379,0,1204,0,0,1204,T
3-PA,1380,0,1,1184,0,1185,G
3-PA,1381,1169,0,0,0,1169,A
3-PA,1382,1147,0,0,0,1147,A
3-PA,1383,0,0,1145,0,1145,G
3-PA,1384,1,3,1136,0,1140,G
3-PA,1385,1,2,1142,0,1145,G
3-PA,1386,0,0,1141,0,1141,G
3-PA,1387,1,0,1149,0,1150,G
3-PA,1388,0,1127,0,0,1127,T
3-PA,1389,1131,0,1,0,1132,A
3-PA,1390,0,1136,0,0,1136,T
3-PA,1391,1139,0,1,0,1140,A
3-PA,1392,0,0,0,1230,1230,C
3-PA,1393,1196,0,0,0,1196,A
3-PA,1394,0,1161,0,0,1161,T
3-PA,1395,0,1155,0,0,1155,T
3-PA,1396,1145,0,0,0,1145,A
3-PA,1397,1154,1,0,0,1155,A
3-PA,1398,0,0,0,1155,1155,C
3-PA,1399,1129,0,1,0,1130,A
3-PA,1400,0,0,0,1131,1131,C
3-PA,1401,0,987,0,0,987,T
3-PA,1402,0,0,1015,0,1015,G
3-PA,1403,0,0,0,1011,1011,C
3-PA,1404,1,0,0,1003,1004,C
3-PA,1405,4,0,0,1013,1017,C
3-PA,1406,0,988,0,1,989,T
3-PA,1407,0,1,1020,0,1021,G
3-PA,1408,0,0,0,1027,1027,C
3-PA,1409,0,1017,0,1,1018,T
3-PA,1410,2,0,0,1050,1052,C
3-PA,1411,1016,0,0,0,1016,A
3-PA,1412,1025,0,0,0,1025,A
3-PA,1413,0,1020,0,0,1020,T
3-PA,1414,0,1,1017,0,1018,G
3-PA,1415,1,0,0,1013,1014,C
3-PA,1416,980,0,0,0,980,A
3-PA,1417,1,972,0,1,974,T
3-PA,1418,1,0,0,979,980,C
3-PA,1419,0,0,0,982,982,C
3-PA,1420,0,942,0,0,942,T
3-PA,1421,0,0,972,0,972,G
3-PA,1422,0,960,0,0,960,T
3-PA,1423,0,1,961,0,962,G
3-PA,1424,0,0,0,960,960,C
3-PA,1425,950,0,1,0,951,A
3-PA,1426,0,0,961,0,961,G
3-PA,1427,0,0,0,959,959,C
3-PA,1428,946,0,0,1,947,A
3-PA,1429,946,0,0,0,946,A
3-PA,1430,0,904,0,0,904,T
3-PA,1431,0,0,908,0,908,G
3-PA,1432,0,0,913,0,913,G
3-PA,1433,910,0,1,0,911,A
3-PA,1434,0,0,0,905,905,C
3-PA,1435,0,1,894,0,895,G
3-PA,1436,913,0,0,0,913,A
3-PA,1437,0,905,0,0,905,T
3-PA,1438,0,907,0,0,907,T
3-PA,1439,0,907,0,0,907,T
3-PA,1440,0,905,0,0,905,T
3-PA,1441,1,0,0,911,912,C
3-PA,1442,913,0,0,0,913,A
3-PA,1443,912,0,0,0,912,A
3-PA,1444,0,3,0,910,913,C
3-PA,1445,0,896,0,0,896,T
3-PA,1446,899,0,0,0,899,A
3-PA,1447,898,0,1,0,899,A
3-PA,1448,0,893,0,0,893,T
3-PA,1449,0,891,0,0,891,T
3-PA,1450,0,0,0,901,901,C
3-PA,1451,2,0,0,895,897,C
3-PA,1452,0,0,0,903,903,C
3-PA,1453,903,0,0,0,903,A
3-PA,1454,0,913,0,0,913,T
3-PA,1455,0,0,919,0,919,G
3-PA,1456,919,0,0,0,919,A
3-PA,1457,0,904,0,2,906,T
3-PA,1458,910,0,0,0,910,A
3-PA,1459,907,0,0,0,907,A
3-PA,1460,0,0,909,0,909,G
3-PA,1461,0,0,0,901,901,C
3-PA,1462,899,1,0,0,900,A
3-PA,1463,875,0,0,0,875,A
3-PA,1464,0,0,888,0,888,G
3-PA,1465,0,881,0,0,881,T
3-PA,1466,1,0,877,0,878,G
3-PA,1467,0,1,0,869,870,C
3-PA,1468,871,0,0,0,871,A
3-PA,1469,0,0,887,0,887,G
3-PA,1470,885,0,0,0,885,A
3-PA,1471,891,0,0,0,891,A
3-PA,1472,0,0,0,894,894,C
3-PA,1473,0,863,0,0,863,T
3-PA,1474,864,0,0,0,864,A
3-PA,1475,863,0,0,0,863,A
3-PA,1476,860,1,2,0,863,A
3-PA,1477,0,0,862,0,862,G
3-PA,1478,814,1,1,0,816,A
3-PA,1479,0,0,811,0,811,G
3-PA,1480,0,0,785,0,785,G
3-PA,1481,0,0,791,0,791,G
3-PA,1482,782,0,1,0,783,A
3-PA,1483,769,0,0,0,769,A
3-PA,1484,0,1,767,0,768,G
3-PA,1485,1,0,766,0,767,G
3-PA,1486,0,1,0,765,766,C
3-PA,1487,0,0,770,0,770,G
3-PA,1488,765,0,0,0,765,A
3-PA,1489,771,0,0,0,771,A
3-PA,1490,772,0,0,0,772,A
3-PA,1491,767,0,0,0,767,A
3-PA,1492,769,0,1,0,770,A
3-PA,1493,0,0,0,768,768,C
3-PA,1494,1,0,0,759,760,C
3-PA,1495,761,0,0,0,761,A
3-PA,1496,766,0,0,0,766,A
3-PA,1497,0,763,0,1,764,T
3-PA,1498,0,761,0,0,761,T
3-PA,1499,0,761,0,0,761,T
3-PA,1500,767,0,0,0,767,A
3-PA,1501,0,761,0,1,762,T
3-PA,1502,759,0,1,0,760,A
3-PA,1503,0,754,0,0,754,T
3-PA,1504,0,0,742,0,742,G
3-PA,1505,0,0,733,0,733,G
3-PA,1506,728,0,0,0,728,A
3-PA,1507,0,727,0,0,727,T
3-PA,1508,0,716,0,0,716,T
3-PA,1509,1,0,0,720,721,C
3-PA,1510,714,0,0,0,714,A
3-PA,1511,0,712,0,1,713,T
3-PA,1512,0,0,0,717,717,C
3-PA,1513,713,0,0,0,713,A
3-PA,1514,0,702,0,0,702,T
3-PA,1515,693,0,0,0,693,A
3-PA,1516,691,0,0,0,691,A
3-PA,1517,691,0,1,0,692,A
3-PA,1518,0,0,681,0,681,G
3-PA,1519,0,1,669,0,670,G
3-PA,1520,0,0,664,0,664,G
3-PA,1521,653,0,0,0,653,A
3-PA,1522,646,0,1,0,647,A
3-PA,1523,0,0,648,0,648,G
3-PA,1524,645,0,0,0,645,A
3-PA,1525,0,641,0,1,642,T
3-PA,1526,0,0,0,644,644,C
3-PA,1527,0,625,0,2,627,T
3-PA,1528,2,0,0,631,633,C
3-PA,1529,632,0,0,0,632,A
3-PA,1530,0,631,0,0,631,T
3-PA,1531,0,632,0,0,632,T
3-PA,1532,0,619,0,1,620,T
3-PA,1533,617,0,0,0,617,A
3-PA,1534,613,0,0,0,613,A
3-PA,1535,0,0,616,0,616,G
3-PA,1536,0,0,622,0,622,G
3-PA,1537,581,0,1,0,582,A
3-PA,1538,584,0,0,0,584,A
3-PA,1539,0,582,1,0,583,T
3-PA,1540,0,1,589,0,590,G
3-PA,1541,600,0,2,0,602,A
3-PA,1542,0,0,0,601,601,C
3-PA,1543,599,0,2,0,601,A
3-PA,1544,0,0,0,600,600,C
3-PA,1545,581,0,0,0,581,A
3-PA,1546,1,0,585,0,586,G
3-PA,1547,583,0,0,0,583,A
3-PA,1548,0,0,0,579,579,C
3-PA,1549,0,1,566,0,567,G
3-PA,1550,0,516,0,0,516,T
3-PA,1551,0,0,515,0,515,G
3-PA,1552,0,0,520,0,520,G
3-PA,1553,0,517,0,1,518,T
3-PA,1554,519,0,1,0,520,A
3-PA,1555,507,0,0,0,507,A
3-PA,1556,507,0,0,0,507,A
3-PA,1557,0,507,0,0,507,T
3-PA,1558,0,501,0,0,501,T
3-PA,1559,0,496,0,1,497,T
3-PA,1560,0,490,0,0,490,T
3-PA,1561,0,0,488,0,488,G
3-PA,1562,0,485,0,0,485,T
3-PA,1563,0,4,481,0,485,G
3-PA,1564,483,0,0,0,483,A
3-PA,1565,0,0,482,0,482,G
3-PA,1566,0,1,0,479,480,C
3-PA,1567,484,0,0,0,484,A
3-PA,1568,0,481,0,0,481,T
3-PA,1569,0,0,481,0,481,G
3-PA,1570,0,2,480,0,482,G
3-PA,1571,481,0,1,0,482,A
3-PA,1572,0,0,485,0,485,G
3-PA,1573,0,468,0,0,468,T
3-PA,1574,0,456,0,2,458,T
3-PA,1575,0,464,0,0,464,T
3-PA,1576,0,463,0,1,464,T
3-PA,1577,0,1,0,462,463,C
3-PA,1578,0,459,0,0,459,T
3-PA,1579,0,0,0,456,456,C
3-PA,1580,0,430,0,2,432,T
3-PA,1581,0,0,0,431,431,C
3-PA,1582,427,0,0,0,427,A
3-PA,1583,0,0,0,428,428,C
3-PA,1584,0,407,0,0,407,T
3-PA,1585,0,0,407,0,407,G
3-PA,1586,408,0,0,0,408,A
3-PA,1587,0,0,0,408,408,C
3-PA,1588,1,0,0,406,407,C
3-PA,1589,0,0,0,398,398,C
3-PA,1590,0,0,399,0,399,G
3-PA,1591,399,0,0,0,399,A
3-PA,1592,0,0,399,0,399,G
3-PA,1593,396,0,0,0,396,A
3-PA,1594,0,0,0,386,386,C
3-PA,1595,0,373,0,0,373,T
3-PA,1596,0,349,0,0,349,T
3-PA,1597,0,0,350,0,350,G
3-PA,1598,347,0,0,0,347,A
3-PA,1599,0,0,351,0,351,G
3-PA,1600,0,0,0,348,348,C
3-PA,1601,1,0,0,325,326,C
3-PA,1602,325,0,0,0,325,A
3-PA,1603,0,0,0,326,326,C
3-PA,1604,326,0,0,0,326,A
3-PA,1605,0,328,0,0,328,T
3-PA,1606,320,0,0,0,320,A
3-PA,1607,317,0,0,0,317,A
3-PA,1608,313,0,0,0,313,A
3-PA,1609,0,313,0,0,313,T
3-PA,1610,0,0,310,0,310,G
3-PA,1611,0,0,277,0,277,G
3-PA,1612,0,0,271,0,271,G
3-PA,1613,265,0,1,0,266,A
3-PA,1614,0,0,263,0,263,G
3-PA,1615,253,0,1,0,254,A
3-PA,1616,251,0,0,0,251,A
3-PA,1617,251,0,0,0,251,A
3-PA,1618,0,245,0,0,245,T
3-PA,1619,239,0,0,0,239,A
3-PA,1620,0,9,0,228,237,C
3-PA,1621,0,121,0,0,121,T
3-PA,1622,0,0,119,0,119,G
3-PA,1623,0,56,0,0,56,T
3-PA,1624,0,0,55,0,55,G
3-PA,1625,0,43,0,0,43,T
3-PA,1626,0,0,0,13,13,C
3-PA,1627,0,0,0,9,9,C
3-PA,1628,0,7,0,0,7,T
3-PA,1629,0,7,0,0,7,T
3-PA,1630,0,0,6,0,6,G
3-PA,1631,7,0,0,0,7,A
3-PA,1632,0,0,8,0,8,G
3-PA,1633,8,0,0,0,8,A
3-PA,1634,0,8,0,0,8,T
3-PA,1635,8,0,0,0,8,A
3-PA,1636,0,0,7,0,7,G
3-PA,1637,0,0,8,0,8,G
3-PA,1638,8,0,0,0,8,A
3-PA,1639,0,0,8,0,8,G
3-PA,1640,8,0,0,0,8,A
3-PA,1641,0,10,0,0,10,T
3-PA,1642,9,0,0,0,9,A
3-PA,1643,0,9,0,0,9,T
3-PA,1644,0,0,9,0,9,G
3-PA,1645,0,10,0,0,10,T
3-PA,1646,0,10,0,0,10,T
3-PA,1647,10,0,0,0,10,A
3-PA,1648,0,0,0,10,10,C
3-PA,1649,0,10,0,0,10,T
3-PA,1650,9,0,0,0,9,A
3-PA,1651,9,0,0,0,9,A
3-PA,1652,0,0,9,0,9,G
3-PA,1653,9,0,0,0,9,A
3-PA,1654,8,0,0,0,8,A
3-PA,1655,0,0,8,0,8,G
3-PA,1656,0,7,0,0,7,T
3-PA,1657,0,0,8,0,8,G
3-PA,1658,0,0,0,7,7,C
3-PA,1659,0,0,0,7,7,C
3-PA,1660,7,0,0,0,7,A
3-PA,1661,0,8,0,0,8,T
3-PA,1662,8,0,0,0,8,A
3-PA,1663,0,0,8,0,8,G
3-PA,1664,0,0,8,0,8,G
3-PA,1665,0,0,0,7,7,C
3-PA,1666,0,0,0,7,7,C
3-PA,1667,7,0,0,0,7,A
3-PA,1668,6,0,0,0,6,A
3-PA,1669,7,0,0,0,7,A
3-PA,1670,0,7,0,0,7,T
3-PA,1671,0,7,0,0,7,T
3-PA,1672,0,6,0,0,6,T
3-PA,1673,0,0,0,7,7,C
3-PA,1674,6,0,0,0,6,A
3-PA,1675,6,0,0,0,6,A
3-PA,1676,0,0,5,0,5,G
3-PA,1677,0,0,7,0,7,G
3-PA,1678,0,0,0,6,6,C
3-PA,1679,0,0,0,6,6,C
3-PA,1680,0,0,7,0,7,G
3-PA,1681,7,0,0,0,7,A
3-PA,1682,0,6,0,0,6,T
3-PA,1683,0,0,7,0,7,G
3-PA,1684,0,6,0,0,6,T
3-PA,1685,0,7,0,0,7,T
3-PA,1686,0,0,0,8,8,C
3-PA,1687,0,7,0,0,7,T
3-PA,1688,0,8,0,0,8,T
3-PA,1689,0,0,8,0,8,G
3-PA,1690,0,8,0,0,8,T
3-PA,1691,8,0,0,0,8,A
3-PA,1692,0,7,0,0,7,T
3-PA,1693,0,0,8,0,8,G
3-PA,1694,0,8,0,0,8,T
3-PA,1695,0,0,8,0,8,G
3-PA,1696,6,0,0,0,6,A
3-PA,1697,0,0,6,0,6,G
3-PA,1698,0,0,6,0,6,G
3-PA,1699,6,0,0,0,6,A
3-PA,1700,0,0,0,6,6,C
3-PA,1701,6,0,0,0,6,A
3-PA,1702,6,0,0,0,6,A
3-PA,1703,6,0,0,0,6,A
3-PA,1704,0,0,0,6,6,C
3-PA,1705,0,0,6,0,6,G
3-PA,1706,0,0,6,0,6,G
3-PA,1707,6,0,0,0,6,A
3-PA,1708,6,0,0,0,6,A
3-PA,1709,0,0,0,6,6,C
3-PA,1710,6,0,0,0,6,A
3-PA,1711,0,6,0,0,6,T
3-PA,1712,0,0,0,6,6,C
3-PA,1713,6,0,0,0,6,A
3-PA,1714,6,0,0,0,6,A
3-PA,1715,6,0,0,0,6,A
3-PA,1716,0,0,6,0,6,G
3-PA,1717,0,0,6,0,6,G
3-PA,1718,0,6,0,0,6,T
3-PA,1719,6,0,0,0,6,A
3-PA,1720,6,0,0,0,6,A
3-PA,1721,6,0,0,0,6,A
3-PA,1722,6,0,0,0,6,A
3-PA,1723,6,0,0,0,6,A
3-PA,1724,0,6,0,0,6,T
3-PA,1725,0,0,6,0,6,G
3-PA,1726,6,0,0,0,6,A
3-PA,1727,6,0,0,0,6,A
3-PA,1728,6,0,0,0,6,A
3-PA,1729,0,6,0,0,6,T
3-PA,1730,0,0,6,0,6,G
3-PA,1731,0,0,6,0,6,G
3-PA,1732,0,0,6,0,6,G
3-PA,1733,0,0,6,0,6,G
3-PA,1734,6,0,0,0,6,A
3-PA,1735,6,0,0,0,6,A
3-PA,1736,0,6,0,0,6,T
3-PA,1737,0,0,6,0,6,G
3-PA,1738,0,0,6,0,6,G
3-PA,1739,6,0,0,0,6,A
3-PA,1740,0,0,6,0,6,G
3-PA,1741,6,0,0,0,6,A
3-PA,1742,0,6,0,0,6,T
3-PA,1743,0,0,6,0,6,G
3-PA,1744,6,0,0,0,6,A
3-PA,1745,0,0,6,0,6,G
3-PA,1746,6,0,0,0,6,A
3-PA,1747,0,0,0,6,6,C
3-PA,1748,0,0,6,0,6,G
3-PA,1749,0,6,0,0,6,T
3-PA,1750,0,6,0,0,6,T
3-PA,1751,0,0,6,0,6,G
3-PA,1752,0,0,0,6,6,C
3-PA,1753,0,0,0,6,6,C
3-PA,1754,0,6,0,0,6,T
3-PA,1755,0,0,0,9,9,C
3-PA,1756,0,0,0,9,9,C
3-PA,1757,0,9,0,0,9,T
3-PA,1758,0,9,0,0,9,T
3-PA,1759,0,0,0,9,9,C
3-PA,1760,9,0,0,0,9,A
3-PA,1761,0,0,9,0,9,G
3-PA,1762,0,9,0,0,9,T
3-PA,1763,0,0,0,9,9,C
3-PA,1764,8,0,0,0,8,A
3-PA,1765,0,0,0,8,8,C
3-PA,1766,0,8,0,0,8,T
3-PA,1767,0,0,0,8,8,C
3-PA,1768,0,0,0,8,8,C
3-PA,1769,8,0,0,0,8,A
3-PA,1770,0,0,8,0,8,G
3-PA,1771,0,0,0,8,8,C
3-PA,1772,8,0,0,0,8,A
3-PA,1773,0,0,8,0,8,G
3-PA,1774,8,0,0,0,8,A
3-PA,1775,0,8,0,0,8,T
3-PA,1776,0,0,0,8,8,C
3-PA,1777,0,0,8,0,8,G
3-PA,1778,8,0,0,0,8,A
3-PA,1779,0,0,8,0,8,G
3-PA,1780,8,0,0,0,8,A
3-PA,1781,0,0,8,0,8,G
3-PA,1782,0,0,0,8,8,C
3-PA,1783,7,0,0,0,7,A
3-PA,1784,0,7,0,0,7,T
3-PA,1785,0,0,8,0,8,G
3-PA,1786,8,0,0,0,8,A
3-PA,1787,0,8,0,0,8,T
3-PA,1788,0,8,0,0,8,T
3-PA,1789,0,0,8,0,8,G
3-PA,1790,8,0,0,0,8,A
3-PA,1791,8,0,0,0,8,A
3-PA,1792,0,0,8,0,8,G
3-PA,1793,0,0,0,8,8,C
3-PA,1794,0,0,0,8,8,C
3-PA,1795,0,0,8,0,8,G
3-PA,1796,8,0,0,0,8,A
3-PA,1797,0,0,8,0,8,G
3-PA,1798,0,8,0,0,8,T
3-PA,1799,0,0,0,8,8,C
3-PA,1800,0,0,0,8,8,C
3-PA,1801,0,8,0,0,8,T
3-PA,1802,0,0,0,8,8,C
3-PA,1803,0,0,8,0,8,G
3-PA,1804,0,0,8,0,8,G
3-PA,1805,0,8,0,0,8,T
3-PA,1806,0,8,0,0,8,T
3-PA,1807,8,0,0,0,8,A
3-PA,1808,8,0,0,0,8,A
3-PA,1809,8,0,0,0,8,A
3-PA,1810,0,0,8,0,8,G
3-PA,1811,7,0,0,0,7,A
3-PA,1812,0,0,7,0,7,G
3-PA,1813,7,0,0,0,7,A
3-PA,1814,7,0,0,0,7,A
3-PA,1815,7,0,0,0,7,A
3-PA,1816,0,0,7,0,7,G
3-PA,1817,7,0,0,0,7,A
3-PA,1818,0,0,0,7,7,C
3-PA,1819,7,0,0,0,7,A
3-PA,1820,0,7,0,0,7,T
3-PA,1821,0,0,7,0,7,G
3-PA,1822,7,0,0,0,7,A
3-PA,1823,0,0,0,8,8,C
3-PA,1824,0,0,0,8,8,C
3-PA,1825,8,0,0,0,8,A
3-PA,1826,8,0,0,0,8,A
3-PA,1827,8,0,0,0,8,A
3-PA,1828,0,0,9,0,9,G
3-PA,1829,9,0,0,0,9,A
3-PA,1830,0,0,9,0,9,G
3-PA,1831,0,9,0,0,9,T
3-PA,1832,0,9,0,0,9,T
3-PA,1833,0,9,0,0,9,T
3-PA,1834,0,9,0,0,9,T
3-PA,1835,0,9,0,0,9,T
3-PA,1836,0,9,0,0,9,T
3-PA,1837,0,0,9,0,9,G
3-PA,1838,9,0,0,0,9,A
3-PA,1839,0,0,9,0,9,G
3-PA,1840,9,0,0,0,9,A
3-PA,1841,9,0,0,0,9,A
3-PA,1842,0,9,0,0,9,T
3-PA,1843,9,0,0,0,9,A
3-PA,1844,10,0,0,0,10,A
3-PA,1845,10,0,0,0,10,A
3-PA,1846,0,10,0,0,10,T
3-PA,1847,0,0,0,10,10,C
3-PA,1848,10,0,0,0,10,A
3-PA,1849,0,0,10,0,10,G
3-PA,1850,10,0,0,0,10,A
3-PA,1851,10,0,0,0,10,A
3-PA,1852,0,0,10,0,10,G
3-PA,1853,0,0,0,10,10,C
3-PA,1854,10,0,0,0,10,A
3-PA,1855,0,10,0,0,10,T
3-PA,1856,0,0,10,0,10,G
3-PA,1857,0,0,10,0,10,G
3-PA,1858,0,0,0,9,9,C
3-PA,1859,0,0,0,10,10,C
3-PA,1860,0,0,0,10,10,C
3-PA,1861,10,0,0,0,10,A
3-PA,1862,0,10,0,0,10,T
3-PA,1863,0,10,0,0,10,T
3-PA,1864,0,0,10,0,10,G
3-PA,1865,0,0,10,0,10,G
3-PA,1866,0,0,10,0,10,G
3-PA,1867,0,0,10,0,10,G
3-PA,1868,10,0,0,0,10,A
3-PA,1869,0,0,10,0,10,G
3-PA,1870,0,9,0,0,9,T
3-PA,1871,0,0,0,9,9,C
3-PA,1872,0,0,0,9,9,C
3-PA,1873,0,0,0,9,9,C
3-PA,1874,0,0,0,9,9,C
3-PA,1875,0,0,0,9,9,C
3-PA,1876,9,0,0,0,9,A
3-PA,1877,9,0,0,0,9,A
3-PA,1878,0,0,9,0,9,G
3-PA,1879,0,0,9,0,9,G
3-PA,1880,0,0,9,0,9,G
3-PA,1881,9,0,0,0,9,A
3-PA,1882,0,0,9,0,9,G
3-PA,1883,0,9,0,0,9,T
3-PA,1884,0,0,9,0,9,G
3-PA,1885,0,0,9,0,9,G
3-PA,1886,8,0,0,1,9,A
3-PA,1887,9,0,0,0,9,A
3-PA,1888,0,0,9,0,9,G
3-PA,1889,9,0,0,0,9,A
3-PA,1890,9,0,0,0,9,A
3-PA,1891,0,0,9,0,9,G
3-PA,1892,0,0,9,0,9,G
3-PA,1893,0,9,0,0,9,T
3-PA,1894,0,8,0,0,8,T
3-PA,1895,0,0,0,8,8,C
3-PA,1896,0,0,0,8,8,C
3-PA,1897,8,0,0,0,8,A
3-PA,1898,0,8,0,0,8,T
3-PA,1899,0,8,0,0,8,T
3-PA,1900,0,0,8,0,8,G
3-PA,1901,0,0,8,0,8,G
3-PA,1902,0,0,8,0,8,G
3-PA,1903,8,0,0,0,8,A
3-PA,1904,8,0,0,0,8,A
3-PA,1905,8,0,0,0,8,A
3-PA,1906,0,0,8,0,8,G
3-PA,1907,0,7,0,0,7,T
3-PA,1908,0,0,0,8,8,C
3-PA,1909,0,8,0,0,8,T
3-PA,1910,0,0,8,0,8,G
3-PA,1911,0,8,0,0,8,T
3-PA,1912,8,0,0,0,8,A
3-PA,1913,0,0,8,0,8,G
3-PA,1914,0,0,8,0,8,G
3-PA,1915,8,0,0,0,8,A
3-PA,1916,0,0,0,8,8,C
3-PA,1917,0,8,0,0,8,T
3-PA,1918,0,0,0,8,8,C
3-PA,1919,0,8,0,0,8,T
3-PA,1920,8,0,0,0,8,A
3-PA,1921,0,8,0,0,8,T
3-PA,1922,0,8,0,0,8,T
3-PA,1923,0,0,8,0,8,G
3-PA,1924,0,0,8,0,8,G
3-PA,1925,0,0,0,8,8,C
3-PA,1926,0,8,0,0,8,T
3-PA,1927,8,0,0,0,8,A
3-PA,1928,8,0,0,0,8,A
3-PA,1929,0,0,8,0,8,G
3-PA,1930,0,8,0,0,8,T
3-PA,1931,0,0,0,8,8,C
3-PA,1932,7,0,0,0,7,A
3-PA,1933,0,0,7,0,7,G
3-PA,1934,0,7,0,0,7,T
3-PA,1935,8,0,0,0,8,A
3-PA,1936,0,8,0,0,8,T
3-PA,1937,0,9,0,0,9,T
3-PA,1938,0,0,0,9,9,C
3-PA,1939,9,0,0,0,9,A
3-PA,1940,9,0,0,0,9,A
3-PA,1941,0,9,0,0,9,T
3-PA,1942,9,0,0,0,9,A
3-PA,1943,0,0,9,0,9,G
3-PA,1944,0,0,0,9,9,C
3-PA,1945,0,0,0,9,9,C
3-PA,1946,0,9,0,0,9,T
3-PA,1947,0,0,9,0,9,G
3-PA,1948,0,9,0,0,9,T
3-PA,1949,9,0,0,0,9,A
3-PA,1950,0,9,0,0,9,T
3-PA,1951,0,0,8,0,8,G
3-PA,1952,0,0,0,8,8,C
3-PA,1953,7,0,0,0,7,A
3-PA,1954,0,7,0,0,7,T
3-PA,1955,0,0,0,7,7,C
3-PA,1956,7,0,0,0,7,A
3-PA,1957,0,0,0,7,7,C
3-PA,1958,0,0,0,7,7,C
3-PA,1959,7,0,0,0,7,A
3-PA,1960,0,0,0,7,7,C
3-PA,1961,6,0,0,0,6,A
3-PA,1962,6,0,0,0,6,A
3-PA,1963,0,6,0,0,6,T
3-PA,1964,0,6,0,0,6,T
3-PA,1965,0,0,6,0,6,G
3-PA,1966,0,0,6,0,6,G
3-PA,1967,6,0,0,0,6,A
3-PA,1968,6,0,0,0,6,A
3-PA,1969,0,0,7,0,7,G
3-PA,1970,0,0,7,0,7,G
3-PA,1971,7,0,0,0,7,A
3-PA,1972,0,7,0,0,7,T
3-PA,1973,0,7,0,0,7,T
3-PA,1974,0,7,0,0,7,T
3-PA,1975,0,7,0,0,7,T
3-PA,1976,0,0,0,7,7,C
3-PA,1977,7,0,0,0,7,A
3-PA,1978,0,0,7,0,7,G
3-PA,1979,0,0,0,7,7,C
3-PA,1980,0,0,7,0,7,G
3-PA,1981,0,0,7,0,7,G
3-PA,1982,7,0,0,0,7,A
3-PA,1983,0,0,7,0,7,G
3-PA,1984,0,7,0,0,7,T
3-PA,1985,0,0,0,8,8,C
3-PA,1986,8,0,0,0,8,A
3-PA,1987,8,0,0,0,8,A
3-PA,1988,0,0,8,0,8,G
3-PA,1989,8,0,0,0,8,A
3-PA,1990,8,0,0,0,8,A
3-PA,1991,8,0,0,0,8,A
3-PA,1992,8,0,0,0,8,A
3-PA,1993,0,0,0,8,8,C
3-PA,1994,0,8,0,0,8,T
3-PA,1995,0,0,8,0,8,G
3-PA,1996,0,0,0,8,8,C
3-PA,1997,0,9,0,0,9,T
3-PA,1998,0,0,0,9,9,C
3-PA,1999,0,0,0,9,9,C
3-PA,2000,0,9,0,0,9,T
3-PA,2001,0,9,0,0,9,T
3-PA,2002,0,0,9,0,9,G
3-PA,2003,0,9,0,0,9,T
3-PA,2004,0,9,0,0,9,T
3-PA,2005,0,0,9,0,9,G
3-PA,2006,0,9,0,0,9,T
3-PA,2007,0,9,0,0,9,T
3-PA,2008,0,0,0,9,9,C
3-PA,2009,9,0,0,0,9,A
3-PA,2010,0,0,9,0,9,G
3-PA,2011,0,0,9,0,9,G
3-PA,2012,0,0,0,9,9,C
3-PA,2013,0,9,0,0,9,T
3-PA,2014,0,0,0,9,9,C
3-PA,2015,0,9,0,0,9,T
3-PA,2016,0,9,0,0,9,T
3-PA,2017,9,0,0,0,9,A
3-PA,2018,0,0,9,0,9,G
3-PA,2019,0,0,9,0,9,G
3-PA,2020,0,0,9,0,9,G
3-PA,2021,9,0,0,0,9,A
3-PA,2022,0,0,0,9,9,C
3-PA,2023,9,0,0,0,9,A
3-PA,2024,9,0,0,0,9,A
3-PA,2025,0,0,0,9,9,C
3-PA,2026,0,0,0,9,9,C
3-PA,2027,0,9,0,0,9,T
3-PA,2028,0,0,0,9,9,C
3-PA,2029,0,0,9,0,9,G
3-PA,2030,9,0,0,0,9,A
3-PA,2031,9,0,0,0,9,A
3-PA,2032,0,0,0,9,9,C
3-PA,2033,0,0,0,9,9,C
3-PA,2034,0,9,0,0,9,T
3-PA,2035,0,0,9,0,9,G
3-PA,2036,0,0,9,0,9,G
3-PA,2037,0,0,9,0,9,G
3-PA,2038,9,0,0,0,9,A
3-PA,2039,0,0,0,9,9,C
3-PA,2040,0,0,0,9,9,C
3-PA,2041,0,9,0,0,9,T
3-PA,2042,0,9,0,0,9,T
3-PA,2043,0,9,0,0,9,T
3-PA,2044,0,0,9,0,9,G
3-PA,2045,9,0,0,0,9,A
3-PA,2046,0,9,0,0,9,T
3-PA,2047,0,0,0,9,9,C
3-PA,2048,0,9,0,0,9,T
3-PA,2049,0,8,0,0,8,T
3-PA,2050,0,0,8,0,8,G
3-PA,2051,0,0,8,0,8,G
3-PA,2052,0,0,8,0,8,G
3-PA,2053,0,0,8,0,8,G
3-PA,2054,0,0,8,0,8,G
3-PA,2055,0,0,8,0,8,G
3-PA,2056,0,0,0,8,8,C
3-PA,2057,0,8,0,0,8,T
3-PA,2058,8,0,0,0,8,A
3-PA,2059,0,8,0,0,8,T
3-PA,2060,8,0,0,0,8,A
3-PA,2061,0,8,0,0,8,T
3-PA,2062,0,0,8,0,8,G
3-PA,2063,8,0,0,0,8,A
3-PA,2064,7,0,0,0,7,A
3-PA,2065,0,0,7,0,7,G
3-PA,2066,0,0,0,7,7,C
3-PA,2067,5,0,0,0,5,A
3-PA,2068,5,0,0,0,5,A
3-PA,2069,0,5,0,0,5,T
3-PA,2070,0,5,0,0,5,T
3-PA,2071,0,0,5,0,5,G
3-PA,2072,5,0,0,0,5,A
3-PA,2073,0,0,5,0,5,G
3-PA,2074,0,0,5,0,5,G
3-PA,2075,5,0,0,0,5,A
3-PA,2076,0,0,4,0,4,G
3-PA,2077,0,4,0,0,4,T
3-PA,2078,0,0,4,0,4,G
3-PA,2079,0,0,0,4,4,C
3-PA,2080,0,0,0,4,4,C
3-PA,2081,0,4,0,0,4,T
3-PA,2082,0,0,5,0,5,G
3-PA,2083,5,0,0,0,5,A
3-PA,2084,0,5,0,0,5,T
3-PA,2085,0,5,0,0,5,T
3-PA,2086,5,0,0,0,5,A
3-PA,2087,5,0,0,0,5,A
3-PA,2088,0,5,0,0,5,T
3-PA,2089,0,0,5,0,5,G
3-PA,2090,5,0,0,0,5,A
3-PA,2091,0,5,0,0,5,T
3-PA,2092,0,0,0,5,5,C
3-PA,2093,0,0,0,5,5,C
3-PA,2094,0,0,0,5,5,C
3-PA,2095,0,5,0,0,5,T
3-PA,2096,0,0,5,0,5,G
3-PA,2097,0,0,5,0,5,G
3-PA,2098,0,0,5,0,5,G
3-PA,2099,0,5,0,0,5,T
3-PA,2100,0,5,0,0,5,T
3-PA,2101,0,5,0,0,5,T
3-PA,2102,0,5,0,0,5,T
3-PA,2103,0,0,5,0,5,G
3-PA,2104,0,0,0,5,5,C
3-PA,2105,0,5,0,0,5,T
3-PA,2106,0,0,0,5,5,C
3-PA,2107,5,0,0,0,5,A
3-PA,2108,5,0,0,0,5,A
3-PA,2109,0,5,0,0,5,T
3-PA,2110,0,0,5,0,5,G
3-PA,2111,0,0,0,5,5,C
3-PA,2112,0,0,5,0,5,G
3-PA,2113,0,5,0,0,5,T
3-PA,2114,0,0,0,5,5,C
3-PA,2115,0,5,0,0,5,T
3-PA,2116,0,5,0,0,5,T
3-PA,2117,0,0,5,0,5,G
3-PA,2118,0,0,5,0,5,G
3-PA,2119,0,5,0,0,5,T
3-PA,2120,0,5,0,0,5,T
3-PA,2121,0,0,0,5,5,C
3-PA,2122,5,0,0,0,5,A
3-PA,2123,5,0,0,0,5,A
3-PA,2124,0,0,0,5,5,C
3-PA,2125,0,5,0,0,5,T
3-PA,2126,0,0,0,5,5,C
3-PA,2127,0,0,0,5,5,C
3-PA,2128,0,5,0,0,5,T
3-PA,2129,0,5,0,0,5,T
3-PA,2130,0,0,0,5,5,C
3-PA,2131,0,0,0,5,5,C
3-PA,2132,0,4,0,0,4,T
3-PA,2133,0,0,4,0,4,G
3-PA,2134,4,0,0,0,4,A
3-PA,2135,0,0,0,4,4,C
3-PA,2136,3,0,0,0,3,A
3-PA,2137,0,0,0,2,2,C
3-PA,2138,2,0,0,0,2,A
3-PA,2139,0,2,0,0,2,T
3-PA,2140,0,0,2,0,2,G
3-PA,2141,0,0,0,2,2,C
3-PA,2142,2,0,0,0,2,A
3-PA,2143,0,2,0,0,2,T
3-PA,2144,0,2,0,0,2,T
3-PA,2145,2,0,0,0,2,A
3-PA,2146,2,0,0,0,2,A
3-PA,2147,2,0,0,0,2,A
3-PA,2148,2,0,0,0,2,A
3-PA,2149,0,2,0,0,2,T
3-PA,2150,2,0,0,0,2,A
3-PA,2151,0,0,2,0,2,G
4-HA,1,63,0,0,0,63,A
4-HA,2,0,63,0,0,63,T
4-HA,3,0,0,64,0,64,G
4-HA,4,66,0,0,0,66,A
4-HA,5,68,0,0,0,68,A
4-HA,6,0,0,79,0,79,G
4-HA,7,78,0,0,0,78,A
4-HA,8,0,0,0,82,82,C
4-HA,9,0,82,0,0,82,T
4-HA,10,82,0,0,0,82,A
4-HA,11,0,86,0,0,86,T
4-HA,12,0,0,0,86,86,C
4-HA,13,86,0,0,0,86,A
4-HA,14,0,85,0,0,85,T
4-HA,15,0,84,0,0,84,T
4-HA,16,0,0,102,0,102,G
4-HA,17,0,0,0,103,103,C
4-HA,18,0,103,0,0,103,T
4-HA,19,0,103,0,0,103,T
4-HA,20,0,102,0,0,102,T
4-HA,21,1,0,110,0,111,G
4-HA,22,110,0,0,0,110,A
4-HA,23,0,0,114,0,114,G
4-HA,24,0,0,0,115,115,C
4-HA,25,0,116,0,0,116,T
4-HA,26,125,0,0,0,125,A
4-HA,27,0,0,0,128,128,C
4-HA,28,130,0,0,0,130,A
4-HA,29,0,140,0,0,140,T
4-HA,30,0,140,0,0,140,T
4-HA,31,1,0,0,140,141,C
4-HA,32,0,141,0,0,141,T
4-HA,33,144,0,0,0,144,A
4-HA,34,0,145,0,0,145,T
4-HA,35,0,0,144,0,144,G
4-HA,36,0,145,0,0,145,T
4-HA,37,0,0,0,144,144,C
4-HA,38,0,145,0,0,145,T
4-HA,39,1,1,144,0,146,G
4-HA,40,0,0,145,0,145,G
4-HA,41,0,144,0,0,144,T
4-HA,42,0,144,0,0,144,T
4-HA,43,0,144,0,0,144,T
4-HA,44,0,144,0,0,144,T
4-HA,45,0,0,0,144,144,C
4-HA,46,0,0,143,0,143,G
4-HA,47,0,0,0,144,144,C
4-HA,48,0,146,0,0,146,T
4-HA,49,0,0,0,147,147,C
4-HA,50,147,0,0,0,147,A
4-HA,51,147,0,0,0,147,A
4-HA,52,148,0,0,0,148,A
4-HA,53,146,0,0,0,146,A
4-HA,54,148,0,0,0,148,A
4-HA,55,0,0,0,148,148,C
4-HA,56,0,148,0,0,148,T
4-HA,57,0,148,0,0,148,T
4-HA,58,0,1,0,148,149,C
4-HA,59,0,0,0,147,147,C
4-HA,60,0,149,0,0,149,T
4-HA,61,0,0,154,0,154,G
4-HA,62,0,0,153,0,153,G
4-HA,63,153,0,0,0,153,A
4-HA,64,160,0,0,0,160,A
4-HA,65,162,0,0,0,162,A
4-HA,66,0,165,0,0,165,T
4-HA,67,1,0,168,0,169,G
4-HA,68,166,0,2,0,168,A
4-HA,69,0,0,0,172,172,C
4-HA,70,171,0,0,0,171,A
4-HA,71,170,0,0,0,170,A
4-HA,72,0,0,0,173,173,C
4-HA,73,169,0,1,0,170,A
4-HA,74,0,0,169,0,169,G
4-HA,75,0,0,0,168,168,C
4-HA,76,167,0,0,0,167,A
4-HA,77,0,0,0,173,173,C
4-HA,78,0,0,177,0,177,G
4-HA,79,0,0,179,0,179,G
4-HA,80,0,0,0,180,180,C
4-HA,81,180,0,0,0,180,A
4-HA,82,181,0,0,0,181,A
4-HA,83,0,0,0,185,185,C
4-HA,84,0,0,184,0,184,G
4-HA,85,0,0,0,188,188,C
4-HA,86,0,186,0,0,186,T
4-HA,87,0,0,190,0,190,G
4-HA,88,0,186,0,1,187,T
4-HA,89,0,0,193,0,193,G
4-HA,90,0,0,0,195,195,C
4-HA,91,0,0,0,200,200,C
4-HA,92,0,200,0,0,200,T
4-HA,93,0,198,0,0,198,T
4-HA,94,0,0,199,0,199,G
4-HA,95,0,0,199,0,199,G
4-HA,96,0,0,206,0,206,G
4-HA,97,0,0,0,205,205,C
4-HA,98,204,0,0,0,204,A
4-HA,99,0,0,0,209,209,C
4-HA,100,1,0,0,210,211,C
4-HA,101,231,0,0,0,231,A
4-HA,102,0,229,0,0,229,T
4-HA,103,0,0,229,0,229,G
4-HA,104,0,0,0,230,230,C
4-HA,105,230,0,0,0,230,A
4-HA,106,0,0,242,0,242,G
4-HA,107,0,243,0,0,243,T
4-HA,108,243,0,0,0,243,A
4-HA,109,0,0,0,247,247,C
4-HA,110,1,0,0,238,239,C
4-HA,111,240,0,0,0,240,A
4-HA,112,241,0,0,0,241,A
4-HA,113,244,0,0,0,244,A
4-HA,114,0,0,0,245,245,C
4-HA,115,0,0,237,0,237,G
4-HA,116,0,0,258,0,258,G
4-HA,117,253,0,0,0,253,A
4-HA,118,255,0,0,0,255,A
4-HA,119,0,0,0,255,255,C
4-HA,120,254,0,0,0,254,A
4-HA,121,261,0,0,0,261,A
4-HA,122,0,264,0,0,264,T
4-HA,123,268,1,0,0,269,A
4-HA,124,0,0,268,0,268,G
4-HA,125,0,264,0,0,264,T
4-HA,126,0,0,265,0,265,G
4-HA,127,265,0,0,0,265,A
4-HA,128,267,0,0,0,267,A
4-HA,129,265,0,0,0,265,A
4-HA,130,265,0,1,1,267,A
4-HA,131,0,0,0,273,273,C
4-HA,132,272,1,0,0,273,A
4-HA,133,271,0,0,0,271,A
4-HA,134,0,272,0,0,272,T
4-HA,135,0,0,0,272,272,C
4-HA,136,274,0,0,0,274,A
4-HA,137,0,0,0,273,273,C
4-HA,138,0,0,274,0,274,G
4-HA,139,273,0,0,0,273,A
4-HA,140,271,0,0,0,271,A
4-HA,141,0,273,0,0,273,T
4-HA,142,0,0,273,0,273,G
4-HA,143,270,0,0,0,270,A
4-HA,144,0,0,0,272,272,C
4-HA,145,0,0,0,271,271,C
4-HA,146,269,0,0,0,269,A
4-HA,147,274,0,0,0,274,A
4-HA,148,273,0,1,0,274,A
4-HA,149,0,275,0,0,275,T
4-HA,150,0,275,0,0,275,T
4-HA,151,0,0,276,0,276,G
4-HA,152,275,0,0,0,275,A
4-HA,153,274,0,1,0,275,A
4-HA,154,0,0,278,0,278,G
4-HA,155,0,270,0,0,270,T
4-HA,156,0,282,0,0,282,T
4-HA,157,283,0,0,0,283,A
4-HA,158,0,0,0,284,284,C
4-HA,159,0,284,0,0,284,T
4-HA,160,284,0,0,0,284,A
4-HA,161,295,0,0,0,295,A
4-HA,162,0,295,0,0,295,T
4-HA,163,0,1,296,0,297,G
4-HA,164,0,0,0,312,312,C
4-HA,165,0,307,0,0,307,T
4-HA,166,308,0,0,0,308,A
4-HA,167,0,0,0,309,309,C
4-HA,168,0,307,0,1,308,T
4-HA,169,0,0,307,0,307,G
4-HA,170,302,1,1,0,304,A
4-HA,171,0,0,303,0,303,G
4-HA,172,0,0,0,303,303,C
4-HA,173,0,296,0,0,296,T
4-HA,174,0,0,302,0,302,G
4-HA,175,0,0,305,0,305,G
4-HA,176,0,303,0,0,303,T
4-HA,177,0,305,0,1,306,T
4-HA,178,1,0,0,305,306,C
4-HA,179,305,1,0,0,306,A
4-HA,180,0,0,307,0,307,G
4-HA,181,306,0,0,0,306,A
4-HA,182,0,0,314,0,314,G
4-HA,183,0,314,0,0,314,T
4-HA,184,0,312,0,0,312,T
4-HA,185,0,0,0,313,313,C
4-HA,186,1,0,0,312,313,C
4-HA,187,0,314,0,1,315,T
4-HA,188,0,0,0,316,316,C
4-HA,189,315,0,0,0,315,A
4-HA,190,316,0,0,0,316,A
4-HA,191,0,0,0,319,319,C
4-HA,192,314,0,0,0,314,A
4-HA,193,0,0,317,0,317,G
4-HA,194,0,0,319,0,319,G
4-HA,195,0,313,0,0,313,T
4-HA,196,0,1,319,0,320,G
4-HA,197,318,0,0,0,318,A
4-HA,198,321,0,0,0,321,A
4-HA,199,325,0,1,0,326,A
4-HA,200,0,327,0,0,327,T
4-HA,201,328,0,0,0,328,A
4-HA,202,0,327,0,0,327,T
4-HA,203,0,0,327,0,327,G
4-HA,204,0,1,0,325,326,C
4-HA,205,0,2,327,0,329,G
4-HA,206,325,0,0,0,325,A
4-HA,207,0,0,0,327,327,C
4-HA,208,319,0,1,0,320,A
4-HA,209,0,0,338,0,338,G
4-HA,210,0,337,0,0,337,T
4-HA,211,0,0,0,337,337,C
4-HA,212,0,0,0,339,339,C
4-HA,213,0,334,0,0,334,T
4-HA,214,0,0,0,342,342,C
4-HA,215,339,0,0,0,339,A
4-HA,216,0,341,0,0,341,T
4-HA,217,0,0,0,341,341,C
4-HA,218,328,0,0,0,328,A
4-HA,219,0,0,330,0,330,G
4-HA,220,330,0,1,0,331,A
4-HA,221,0,330,0,0,330,T
4-HA,222,1,0,0,330,331,C
4-HA,223,1,0,0,323,324,C
4-HA,224,0,327,0,0,327,T
4-HA,225,0,325,0,1,326,T
4-HA,226,0,0,328,0,328,G
4-HA,227,329,0,0,0,329,A
4-HA,228,0,328,0,0,328,T
4-HA,229,0,0,331,0,331,G
4-HA,230,0,0,328,0,328,G
4-HA,231,327,0,0,0,327,A
4-HA,232,0,1,328,0,329,G
4-HA,233,322,0,2,0,324,A
4-HA,234,0,0,321,0,321,G
4-HA,235,320,0,0,0,320,A
4-HA,236,326,0,0,0,326,A
4-HA,237,0,1,0,322,323,C
4-HA,238,0,322,0,0,322,T
4-HA,239,0,0,332,0,332,G
4-HA,240,0,0,0,332,332,C
4-HA,241,329,0,1,0,330,A
4-HA,242,0,0,0,341,341,C
4-HA,243,337,0,1,0,338,A
4-HA,244,0,1,0,376,377,C
4-HA,245,0,375,0,0,375,T
4-HA,246,380,0,0,0,380,A
4-HA,247,380,0,0,0,380,A
4-HA,248,0,376,0,0,376,T
4-HA,249,378,0,1,0,379,A
4-HA,250,0,0,378,0,378,G
4-HA,251,372,0,0,0,372,A
4-HA,252,0,367,0,0,367,T
4-HA,253,0,0,351,0,351,G
4-HA,254,0,0,0,354,354,C
4-HA,255,0,349,0,0,349,T
4-HA,256,1,0,0,379,380,C
4-HA,257,0,383,0,0,383,T
4-HA,258,394,0,0,0,394,A
4-HA,259,0,393,0,0,393,T
4-HA,260,0,391,0,0,391,T
4-HA,261,0,2,398,0,400,G
4-HA,262,0,0,401,1,402,G
4-HA,263,0,1,403,0,404,G
4-HA,264,396,0,0,0,396,A
4-HA,265,1,0,387,0,388,G
4-HA,266,380,0,0,0,380,A
4-HA,267,0,0,0,425,425,C
4-HA,268,0,0,0,447,447,C
4-HA,269,0,0,0,467,467,C
4-HA,270,0,467,0,0,467,T
4-HA,271,0,0,0,483,483,C
4-HA,272,484,0,0,0,484,A
4-HA,273,371,0,138,0,509,A
4-HA,274,0,521,0,0,521,T
4-HA,275,0,0,531,0,531,G
4-HA,276,0,523,0,1,524,T
4-HA,277,0,1,526,0,527,G
4-HA,278,524,0,1,0,525,A
4-HA,279,0,524,0,0,524,T
4-HA,280,0,1,523,0,524,G
4-HA,281,0,0,516,0,516,G
4-HA,282,0,0,0,524,524,C
4-HA,283,0,522,0,0,522,T
4-HA,284,0,525,0,0,525,T
4-HA,285,0,0,0,524,524,C
4-HA,286,0,0,0,523,523,C
4-HA,287,525,0,0,0,525,A
4-HA,288,526,0,0,0,526,A
4-HA,289,523,0,0,0,523,A
4-HA,290,527,0,0,0,527,A
4-HA,291,0,534,0,0,534,T
4-HA,292,540,0,0,0,540,A
4-HA,293,539,0,0,0,539,A
4-HA,294,0,0,545,0,545,G
4-HA,295,540,0,0,0,540,A
4-HA,296,548,0,0,0,548,A
4-HA,297,542,0,0,0,542,A
4-HA,298,0,551,0,0,551,T
4-HA,299,0,2,548,0,550,G
4-HA,300,1,0,551,0,552,G
4-HA,301,0,2,541,0,543,G
4-HA,302,541,0,1,0,542,A
4-HA,303,0,0,0,552,552,C
4-HA,304,0,0,0,553,553,C
4-HA,305,0,568,0,1,569,T
4-HA,306,0,569,0,1,570,T
4-HA,307,0,570,0,0,570,T
4-HA,308,0,573,0,0,573,T
4-HA,309,0,573,0,0,573,T
4-HA,310,0,0,579,0,579,G
4-HA,311,0,580,0,0,580,T
4-HA,312,0,574,0,1,575,T
4-HA,313,1,1,574,0,576,G
4-HA,314,569,0,0,0,569,A
4-HA,315,571,0,0,0,571,A
4-HA,316,0,0,0,572,572,C
4-HA,317,0,0,574,0,574,G
4-HA,318,1,0,0,581,582,C
4-HA,319,585,0,0,0,585,A
4-HA,320,0,0,588,0,588,G
4-HA,321,0,0,0,589,589,C
4-HA,322,592,0,0,0,592,A
4-HA,323,591,0,0,0,591,A
4-HA,324,593,0,0,0,593,A
4-HA,325,0,0,626,0,626,G
4-HA,326,0,0,0,626,626,C
4-HA,327,0,0,0,631,631,C
4-HA,328,0,627,0,0,627,T
4-HA,329,628,0,0,0,628,A
4-HA,330,0,0,0,631,631,C
4-HA,331,634,0,1,0,635,A
4-HA,332,0,1,630,0,631,G
4-HA,333,0,0,0,631,631,C
4-HA,334,609,0,0,0,609,A
4-HA,335,611,0,1,0,612,A
4-HA,336,0,0,0,629,629,C
4-HA,337,0,624,0,0,624,T
4-HA,338,0,0,629,0,629,G
4-HA,339,0,626,0,0,626,T
4-HA,340,0,627,0,0,627,T
4-HA,341,628,0,1,0,629,A
4-HA,342,0,0,0,688,688,C
4-HA,343,0,0,0,690,690,C
4-HA,344,1,0,0,706,707,C
4-HA,345,0,687,0,0,687,T
4-HA,346,0,685,0,0,685,T
4-HA,347,688,0,0,0,688,A
4-HA,348,0,691,0,0,691,T
4-HA,349,0,0,686,0,686,G
4-HA,350,685,0,0,0,685,A
4-HA,351,0,647,0,0,647,T
4-HA,352,1,0,665,0,666,G
4-HA,353,0,659,0,0,659,T
4-HA,354,0,0,658,0,658,G
4-HA,355,0,1,0,653,654,C
4-HA,356,0,0,1,657,658,C
4-HA,357,0,2,680,0,682,G
4-HA,358,0,1,693,0,694,G
4-HA,359,689,0,0,0,689,A
4-HA,360,0,700,0,0,700,T
4-HA,361,0,693,0,0,693,T
4-HA,362,699,0,0,0,699,A
4-HA,363,0,698,0,0,698,T
4-HA,364,0,0,696,0,696,G
4-HA,365,0,1,0,691,692,C
4-HA,366,1,0,0,692,693,C
4-HA,367,0,701,0,0,701,T
4-HA,368,0,0,0,733,733,C
4-HA,369,0,0,0,740,740,C
4-HA,370,4,0,0,740,744,C
4-HA,371,0,740,0,0,740,T
4-HA,372,0,737,0,0,737,T
4-HA,373,738,0,1,0,739,A
4-HA,374,0,0,759,0,759,G
4-HA,375,1,0,760,0,761,G
4-HA,376,0,749,0,1,750,T
4-HA,377,1,1,0,747,749,C
4-HA,378,742,0,0,0,742,A
4-HA,379,0,0,0,755,755,C
4-HA,380,0,755,0,0,755,T
4-HA,381,755,0,0,0,755,A
4-HA,382,0,0,755,0,755,G
4-HA,383,0,739,0,0,739,T
4-HA,384,0,740,0,1,741,T
4-HA,385,0,0,749,0,749,G
4-HA,386,0,0,0,751,751,C
4-HA,387,0,0,0,749,749,C
4-HA,388,0,745,0,0,745,T
4-HA,389,0,0,0,752,752,C
4-HA,390,777,0,0,0,777,A
4-HA,391,0,777,0,1,778,T
4-HA,392,0,0,0,777,777,C
4-HA,393,0,0,0,778,778,C
4-HA,394,0,3,768,0,771,G
4-HA,395,0,1,771,0,772,G
4-HA,396,0,0,0,775,775,C
4-HA,397,777,0,0,0,777,A
4-HA,398,0,0,0,784,784,C
4-HA,399,768,0,0,0,768,A
4-HA,400,0,0,0,772,772,C
4-HA,401,0,769,0,1,770,T
4-HA,402,0,0,776,0,776,G
4-HA,403,0,3,779,0,782,G
4-HA,404,774,0,0,0,774,A
4-HA,405,0,0,785,0,785,G
4-HA,406,0,783,0,0,783,T
4-HA,407,0,780,0,0,780,T
4-HA,408,0,775,0,2,777,T
4-HA,409,778,0,0,0,778,A
4-HA,410,779,0,0,0,779,A
4-HA,411,0,0,0,783,783,C
4-HA,412,767,0,1,0,768,A
4-HA,413,770,0,0,0,770,A
4-HA,414,0,762,0,0,762,T
4-HA,415,0,2,764,0,766,G
4-HA,416,766,0,0,0,766,A
4-HA,417,764,0,0,0,764,A
4-HA,418,753,0,9,0,762,A
4-HA,419,0,0,765,0,765,G
4-HA,420,0,0,0,772,772,C
4-HA,421,1,772,0,0,773,T
4-HA,422,0,776,0,0,776,T
4-HA,423,0,0,0,782,782,C
4-HA,424,781,0,1,0,782,A
4-HA,425,784,0,0,0,784,A
4-HA,426,0,782,0,0,782,T
4-HA,427,0,781,0,0,781,T
4-HA,428,0,1,803,0,804,G
4-HA,429,0,1,805,0,806,G
4-HA,430,804,0,4,0,808,A
4-HA,431,0,0,0,810,810,C
4-HA,432,0,796,0,2,798,T
4-HA,433,1,0,801,0,802,G
4-HA,434,0,1,806,0,807,G
4-HA,435,797,0,3,0,800,A
4-HA,436,1,0,805,0,806,G
4-HA,437,0,774,0,2,776,T
4-HA,438,0,0,0,772,772,C
4-HA,439,788,0,0,0,788,A
4-HA,440,0,0,0,794,794,C
4-HA,441,0,786,0,1,787,T
4-HA,442,1,0,0,792,793,C
4-HA,443,782,0,0,0,782,A
4-HA,444,791,0,1,0,792,A
4-HA,445,794,0,0,0,794,A
4-HA,446,790,1,0,0,791,A
4-HA,447,0,5,0,793,798,C
4-HA,448,0,1,786,0,787,G
4-HA,449,0,0,793,0,793,G
4-HA,450,790,0,1,0,791,A
4-HA,451,792,0,2,0,794,A
4-HA,452,0,0,0,793,793,C
4-HA,453,787,0,0,0,787,A
4-HA,454,788,0,2,0,790,A
4-HA,455,0,1,788,0,789,G
4-HA,456,0,0,0,791,791,C
4-HA,457,0,781,0,2,783,T
4-HA,458,0,0,0,786,786,C
4-HA,459,0,779,0,1,780,T
4-HA,460,0,0,787,0,787,G
4-HA,461,0,0,0,784,784,C
4-HA,462,0,784,0,2,786,T
4-HA,463,0,802,0,0,802,T
4-HA,464,0,0,811,0,811,G
4-HA,465,0,1,0,818,819,C
4-HA,466,815,0,0,0,815,A
4-HA,467,0,821,0,0,821,T
4-HA,468,822,0,0,0,822,A
4-HA,469,816,0,1,0,817,A
4-HA,470,0,0,815,0,815,G
4-HA,471,0,0,814,0,814,G
4-HA,472,780,0,2,0,782,A
4-HA,473,0,0,783,0,783,G
4-HA,474,774,0,0,0,774,A
4-HA,475,0,805,0,1,806,T
4-HA,476,0,0,0,818,818,C
4-HA,477,0,822,0,0,822,T
4-HA,478,823,0,0,0,823,A
4-HA,479,821,0,0,0,821,A
4-HA,480,0,818,0,0,818,T
4-HA,481,818,0,0,0,818,A
4-HA,482,807,1,0,0,808,A
4-HA,483,0,0,0,814,814,C
4-HA,484,781,0,0,0,781,A
4-HA,485,1,0,787,0,788,G
4-HA,486,0,774,0,2,776,T
4-HA,487,0,795,0,0,795,T
4-HA,488,0,797,1,0,798,T
4-HA,489,0,0,0,816,816,C
4-HA,490,0,816,0,0,816,T
4-HA,491,0,816,1,0,817,T
4-HA,492,0,815,0,0,815,T
4-HA,493,810,0,1,0,811,A
4-HA,494,0,0,813,0,813,G
4-HA,495,0,806,0,0,806,T
4-HA,496,812,0,0,0,812,A
4-HA,497,0,2,810,0,812,G
4-HA,498,795,0,1,0,796,A
4-HA,499,0,797,0,0,797,T
4-HA,500,0,798,0,0,798,T
4-HA,501,0,1,810,0,811,G
4-HA,502,807,0,0,0,807,A
4-HA,503,810,0,0,0,810,A
4-HA,504,0,812,0,0,812,T
4-HA,505,0,798,0,1,799,T
4-HA,506,0,1,808,0,809,G
4-HA,507,0,0,812,0,812,G
4-HA,508,0,809,0,0,809,T
4-HA,509,0,809,0,2,811,T
4-HA,510,0,1,799,0,800,G
4-HA,511,800,0,2,0,802,A
4-HA,512,0,0,0,801,801,C
4-HA,513,0,0,0,795,795,C
4-HA,514,0,0,0,806,806,C
4-HA,515,808,0,0,0,808,A
4-HA,516,0,0,0,817,817,C
4-HA,517,0,813,0,0,813,T
4-HA,518,0,816,0,0,816,T
4-HA,519,818,0,0,0,818,A
4-HA,520,817,0,0,0,817,A
4-HA,521,817,0,0,0,817,A
4-HA,522,826,0,1,0,827,A
4-HA,523,0,839,0,0,839,T
4-HA,524,0,829,0,0,829,T
4-HA,525,1,0,1,831,833,C
4-HA,526,833,0,0,0,833,A
4-HA,527,832,0,0,0,832,A
4-HA,528,828,0,1,0,829,A
4-HA,529,0,833,0,0,833,T
4-HA,530,845,0,0,0,845,A
4-HA,531,0,0,0,851,851,C
4-HA,532,1,0,0,831,832,C
4-HA,533,2,0,0,836,838,C
4-HA,534,827,0,3,0,830,A
4-HA,535,0,0,863,0,863,G
4-HA,536,0,0,0,874,874,C
4-HA,537,872,0,0,0,872,A
4-HA,538,0,864,0,4,868,T
4-HA,539,0,852,0,0,852,T
4-HA,540,3,0,877,0,880,G
4-HA,541,888,0,0,0,888,A
4-HA,542,883,0,0,0,883,A
4-HA,543,0,0,0,886,886,C
4-HA,544,0,0,866,0,866,G
4-HA,545,0,859,0,1,860,T
4-HA,546,0,0,861,1,862,G
4-HA,547,858,0,1,0,859,A
4-HA,548,0,0,0,864,864,C
4-HA,549,0,838,0,0,838,T
4-HA,550,851,0,0,0,851,A
4-HA,551,0,854,0,0,854,T
4-HA,552,0,0,858,0,858,G
4-HA,553,0,0,0,853,853,C
4-HA,554,1,0,0,837,838,C
4-HA,555,845,0,0,0,845,A
4-HA,556,844,0,0,0,844,A
4-HA,557,857,0,0,0,857,A
4-HA,558,0,0,0,861,861,C
4-HA,559,840,0,3,0,843,A
4-HA,560,843,0,0,0,843,A
4-HA,561,0,832,0,0,832,T
4-HA,562,2,4,834,0,840,G
4-HA,563,841,0,0,0,841,A
4-HA,564,838,0,1,0,839,A
4-HA,565,1,0,0,823,824,C
4-HA,566,833,0,0,0,833,A
4-HA,567,838,0,0,0,838,A
4-HA,568,0,837,0,1,838,T
4-HA,569,0,836,0,0,836,T
4-HA,570,1,838,0,0,839,T
4-HA,571,0,0,834,0,834,G
4-HA,572,835,0,0,0,835,A
4-HA,573,0,0,0,837,837,C
4-HA,574,834,0,0,0,834,A
4-HA,575,834,0,0,0,834,A
4-HA,576,831,0,0,0,831,A
4-HA,577,0,846,0,1,847,T
4-HA,578,0,840,0,0,840,T
4-HA,579,0,0,847,0,847,G
4-HA,580,0,840,0,1,841,T
4-HA,581,846,0,0,0,846,A
4-HA,582,1,0,0,866,867,C
4-HA,583,875,0,0,0,875,A
4-HA,584,0,883,0,0,883,T
4-HA,585,0,869,0,3,872,T
4-HA,586,0,867,0,1,868,T
4-HA,587,0,1,859,0,860,G
4-HA,588,0,2,860,0,862,G
4-HA,589,0,0,858,0,858,G
4-HA,590,0,1,862,0,863,G
4-HA,591,0,1,852,0,853,G
4-HA,592,0,0,870,0,870,G
4-HA,593,0,866,0,0,866,T
4-HA,594,0,866,0,0,866,T
4-HA,595,1,0,0,865,866,C
4-HA,596,870,0,0,0,870,A
4-HA,597,0,0,0,880,880,C
4-HA,598,0,0,0,876,876,C
4-HA,599,882,0,0,0,882,A
4-HA,600,1,0,0,890,891,C
4-HA,601,2,1,0,878,881,C
4-HA,602,3,0,0,870,873,C
4-HA,603,1,0,874,0,875,G
4-HA,604,0,1,926,1,928,G
4-HA,605,0,1,930,0,931,G
4-HA,606,0,919,0,0,919,T
4-HA,607,921,0,0,0,921,A
4-HA,608,0,1,0,917,918,C
4-HA,609,0,2,903,0,905,G
4-HA,610,0,2,909,0,911,G
4-HA,611,916,0,0,0,916,A
4-HA,612,0,0,0,918,918,C
4-HA,613,875,0,0,0,875,A
4-HA,614,871,0,0,0,871,A
4-HA,615,1,867,0,0,868,T
4-HA,616,0,1,879,0,880,G
4-HA,617,887,0,1,0,888,A
4-HA,618,0,0,0,887,887,C
4-HA,619,1,0,0,868,869,C
4-HA,620,870,0,0,0,870,A
4-HA,621,869,0,5,0,874,A
4-HA,622,891,0,0,0,891,A
4-HA,623,0,878,0,0,878,T
4-HA,624,1,0,0,901,902,C
4-HA,625,0,881,0,3,884,T
4-HA,626,0,875,0,0,875,T
4-HA,627,0,0,0,903,903,C
4-HA,628,1,0,0,904,905,C
4-HA,629,0,901,0,0,901,T
4-HA,630,0,0,907,0,907,G
4-HA,631,0,892,0,0,892,T
4-HA,632,898,0,0,0,898,A
4-HA,633,0,894,0,0,894,T
4-HA,634,0,0,906,0,906,G
4-HA,635,0,0,0,904,904,C
4-HA,636,0,888,0,2,890,T
4-HA,637,1,0,0,896,897,C
4-HA,638,897,0,0,0,897,A
4-HA,639,887,0,1,0,888,A
4-HA,640,0,0,894,0,894,G
4-HA,641,0,0,0,900,900,C
4-HA,642,898,0,0,0,898,A
4-HA,643,0,893,0,0,893,T
4-HA,644,0,0,1,894,895,C
4-HA,645,893,0,1,0,894,A
4-HA,646,0,0,899,0,899,G
4-HA,647,0,0,900,0,900,G
4-HA,648,895,0,1,0,896,A
4-HA,649,895,0,2,0,897,A
4-HA,650,0,2,908,0,910,G
4-HA,651,911,0,1,0,912,A
4-HA,652,929,0,0,0,929,A
4-HA,653,0,936,0,0,936,T
4-HA,654,1,0,0,936,937,C
4-HA,655,920,0,1,0,921,A
4-HA,656,0,0,0,923,923,C
4-HA,657,920,0,0,0,920,A
4-HA,658,0,2,928,0,930,G
4-HA,659,0,912,0,0,912,T
4-HA,660,0,0,0,926,926,C
4-HA,661,0,896,0,1,897,T
4-HA,662,1,0,0,916,917,C
4-HA,663,0,923,0,0,923,T
4-HA,664,928,0,0,0,928,A
4-HA,665,0,0,0,931,931,C
4-HA,666,0,0,0,929,929,C
4-HA,667,909,0,0,0,909,A
4-HA,668,909,0,0,0,909,A
4-HA,669,905,0,0,0,905,A
4-HA,670,904,0,0,0,904,A
4-HA,671,0,0,906,0,906,G
4-HA,672,886,0,0,0,886,A
4-HA,673,892,0,0,0,892,A
4-HA,674,0,0,893,0,893,G
4-HA,675,0,0,0,894,894,C
4-HA,676,1,0,0,897,898,C
4-HA,677,895,0,0,0,895,A
4-HA,678,899,2,0,0,901,A
4-HA,679,0,0,0,900,900,C
4-HA,680,899,0,0,0,899,A
4-HA,681,900,0,0,1,901,A
4-HA,682,903,0,0,0,903,A
4-HA,683,1,0,0,920,921,C
4-HA,684,0,911,0,1,912,T
4-HA,685,0,0,917,0,917,G
4-HA,686,0,912,0,0,912,T
4-HA,687,918,0,0,0,918,A
4-HA,688,921,0,0,0,921,A
4-HA,689,0,921,0,0,921,T
4-HA,690,0,0,0,923,923,C
4-HA,691,0,0,0,924,924,C
4-HA,692,2,0,0,908,910,C
4-HA,693,0,2,907,0,909,G
4-HA,694,896,0,0,0,896,A
4-HA,695,910,0,0,0,910,A
4-HA,696,0,908,0,0,908,T
4-HA,697,916,0,0,0,916,A
4-HA,698,0,907,0,0,907,T
4-HA,699,0,1,0,902,903,C
4-HA,700,0,0,905,0,905,G
4-HA,701,0,0,929,0,929,G
4-HA,702,926,0,0,0,926,A
4-HA,703,0,940,0,0,940,T
4-HA,704,1,0,0,944,945,C
4-HA,705,0,939,0,1,940,T
4-HA,706,934,0,0,0,934,A
4-HA,707,0,1,944,0,945,G
4-HA,708,947,0,0,0,947,A
4-HA,709,0,0,0,943,943,C
4-HA,710,0,0,0,913,913,C
4-HA,711,1,0,0,916,917,C
4-HA,712,910,0,2,0,912,A
4-HA,713,0,2,958,0,960,G
4-HA,714,962,0,0,0,962,A
4-HA,715,0,0,972,0,972,G
4-HA,716,0,959,0,0,959,T
4-HA,717,956,0,0,0,956,A
4-HA,718,958,0,0,0,958,A
4-HA,719,0,0,975,0,975,G
4-HA,720,0,3,970,0,973,G
4-HA,721,963,0,0,0,963,A
4-HA,722,905,0,0,0,905,A
4-HA,723,0,895,0,0,895,T
4-HA,724,909,0,0,0,909,A
4-HA,725,0,901,0,1,902,T
4-HA,726,0,0,0,918,918,C
4-HA,727,1,0,0,922,923,C
4-HA,728,2,0,0,906,908,C
4-HA,729,0,896,0,2,898,T
4-HA,730,905,0,0,0,905,A
4-HA,731,0,0,902,0,902,G
4-HA,732,0,0,0,907,907,C
4-HA,733,888,0,0,0,888,A
4-HA,734,0,0,917,0,917,G
4-HA,735,905,0,0,0,905,A
4-HA,736,905,0,0,0,905,A
4-HA,737,0,907,0,0,907,T
4-HA,738,899,0,0,0,899,A
4-HA,739,901,0,1,0,902,A
4-HA,740,0,0,899,0,899,G
4-HA,741,1,0,0,896,897,C
4-HA,742,896,0,0,0,896,A
4-HA,743,0,882,0,0,882,T
4-HA,744,1,0,0,930,931,C
4-HA,745,0,929,0,0,929,T
4-HA,746,932,0,0,0,932,A
4-HA,747,0,929,0,0,929,T
4-HA,748,0,925,0,0,925,T
4-HA,749,1,0,934,1,936,G
4-HA,750,1,1,926,0,928,G
4-HA,751,923,0,0,0,923,A
4-HA,752,0,0,0,929,929,C
4-HA,753,883,0,0,0,883,A
4-HA,754,915,0,2,0,917,A
4-HA,755,0,953,0,0,953,T
4-HA,756,973,0,0,0,973,A
4-HA,757,0,1,989,0,990,G
4-HA,758,0,981,0,0,981,T
4-HA,759,975,0,1,0,976,A
4-HA,760,986,0,0,0,986,A
4-HA,761,1006,0,0,0,1006,A
4-HA,762,1015,0,0,0,1015,A
4-HA,763,0,0,0,1034,1034,C
4-HA,764,0,1,0,987,988,C
4-HA,765,0,2,988,0,990,G
4-HA,766,1,0,1010,0,1011,G
4-HA,767,1,3,1023,0,1027,G
4-HA,768,1029,0,0,0,1029,A
4-HA,769,0,1,1038,0,1039,G
4-HA,770,1063,0,1,0,1064,A
4-HA,771,0,1,0,1068,1069,C
4-HA,772,1063,0,0,5,1068,A
4-HA,773,0,1067,0,1,1068,T
4-HA,774,1064,0,0,0,1064,A
4-HA,775,0,0,0,1110,1110,C
4-HA,776,0,1097,1,6,1104,T
4-HA,777,0,1118,0,1,1119,T
4-HA,778,0,1129,0,0,1129,T
4-HA,779,0,1115,0,0,1115,T
4-HA,780,0,0,1126,0,1126,G
4-HA,781,1133,0,1,0,1134,A
4-HA,782,0,1136,0,0,1136,T
4-HA,783,0,1177,0,0,1177,T
4-HA,784,1173,0,0,0,1173,A
4-HA,785,1178,0,0,0,1178,A
4-HA,786,0,0,0,1192,1192,C
4-HA,787,1190,0,1,0,1191,A
4-HA,788,0,0,1248,0,1248,G
4-HA,789,0,0,0,1245,1245,C
4-HA,790,1243,0,0,0,1243,A
4-HA,791,1,0,0,1260,1261,C
4-HA,792,1252,0,1,0,1253,A
4-HA,793,0,1,1279,0,1280,G
4-HA,794,0,1,1277,0,1278,G
4-HA,795,0,2,1355,0,1357,G
4-HA,796,1345,0,1,0,1346,A
4-HA,797,1357,0,1,0,1358,A
4-HA,798,0,1363,0,0,1363,T
4-HA,799,0,0,0,1368,1368,C
4-HA,800,0,1383,0,0,1383,T
4-HA,801,1384,0,2,0,1386,A
4-HA,802,1378,0,0,0,1378,A
4-HA,803,0,1378,0,0,1378,T
4-HA,804,0,1345,0,0,1345,T
4-HA,805,1,0,1359,0,1360,G
4-HA,806,1,0,0,1408,1409,C
4-HA,807,0,1476,0,0,1476,T
4-HA,808,3,0,0,1542,1545,C
4-HA,809,2,0,0,1540,1542,C
4-HA,810,0,1547,0,0,1547,T
4-HA,811,1554,0,0,0,1554,A
4-HA,812,0,2,1549,0,1551,G
4-HA,813,1,0,1570,0,1571,G
4-HA,814,1,3,1566,0,1570,G
4-HA,815,0,0,1558,0,1558,G
4-HA,816,0,1536,0,1,1537,T
4-HA,817,0,1534,0,1,1535,T
4-HA,818,1539,0,1,0,1540,A
4-HA,819,0,0,0,1580,1580,C
4-HA,820,1,1576,0,2,1579,T
4-HA,821,0,1588,0,2,1590,T
4-HA,822,2,0,0,1587,1589,C
4-HA,823,1592,0,0,0,1592,A
4-HA,824,1590,0,1,0,1591,A
4-HA,825,1591,0,0,0,1591,A
4-HA,826,1601,0,0,0,1601,A
4-HA,827,0,1605,0,0,1605,T
4-HA,828,1602,0,0,0,1602,A
4-HA,829,0,1,0,1602,1603,C
4-HA,830,0,0,1600,0,1600,G
4-HA,831,1599,0,0,0,1599,A
4-HA,832,1588,0,1,0,1589,A
4-HA,833,0,0,1614,0,1614,G
4-HA,834,0,1595,0,1,1596,T
4-HA,835,1,1,1628,0,1630,G
4-HA,836,1,1,1629,0,1631,G
4-HA,837,0,1,1638,0,1639,G
4-HA,838,1639,0,1,0,1640,A
4-HA,839,1648,0,0,0,1648,A
4-HA,840,1646,0,0,0,1646,A
4-HA,841,1645,0,2,0,1647,A
4-HA,842,0,0,1700,0,1700,G
4-HA,843,0,0,0,1698,1698,C
4-HA,844,0,1696,0,2,1698,T
4-HA,845,0,0,0,1738,1738,C
4-HA,846,1743,0,1,0,1744,A
4-HA,847,1756,0,0,0,1756,A
4-HA,848,0,1760,0,0,1760,T
4-HA,849,1768,0,0,0,1768,A
4-HA,850,1763,0,0,0,1763,A
4-HA,851,0,1725,0,0,1725,T
4-HA,852,0,0,1732,0,1732,G
4-HA,853,1713,0,0,0,1713,A
4-HA,854,1,1,1757,0,1759,G
4-HA,855,1756,0,2,0,1758,A
4-HA,856,0,1753,0,0,1753,T
4-HA,857,5,0,0,1755,1760,C
4-HA,858,1748,0,0,0,1748,A
4-HA,859,1747,0,1,0,1748,A
4-HA,860,1822,0,0,0,1822,A
4-HA,861,0,1827,0,0,1827,T
4-HA,862,0,0,1819,0,1819,G
4-HA,863,0,0,0,1806,1806,C
4-HA,864,1794,0,2,0,1796,A
4-HA,865,0,1,0,1847,1848,C
4-HA,866,1,0,0,1832,1833,C
4-HA,867,2,0,0,1829,1831,C
4-HA,868,1831,0,0,0,1831,A
4-HA,869,0,1826,0,1,1827,T
4-HA,870,0,1829,1,2,1832,T
4-HA,871,0,2,1851,0,1853,G
4-HA,872,1,0,1849,0,1850,G
4-HA,873,0,0,0,1856,1856,C
4-HA,874,1830,1,0,0,1831,A
4-HA,875,1833,0,0,0,1833,A
4-HA,876,1865,0,0,0,1865,A
4-HA,877,0,1869,0,0,1869,T
4-HA,878,0,0,1869,1,1870,G
4-HA,879,1,0,0,1864,1865,C
4-HA,880,1844,1,2,0,1847,A
4-HA,881,1903,0,0,0,1903,A
4-HA,882,0,1905,0,1,1906,T
4-HA,883,0,1921,0,1,1922,T
4-HA,884,1,0,0,1936,1937,C
4-HA,885,0,1897,0,2,1899,T
4-HA,886,0,2,1929,0,1931,G
4-HA,887,1923,0,0,0,1923,A
4-HA,888,1943,0,1,0,1944,A
4-HA,889,0,1941,0,2,1943,T
4-HA,890,0,1,1915,0,1916,G
4-HA,891,2,1,0,1923,1926,C
4-HA,892,1921,0,2,0,1923,A
4-HA,893,0,1925,0,2,1927,T
4-HA,894,1,2,0,1917,1920,C
4-HA,895,1917,0,0,0,1917,A
4-HA,896,3,0,0,2024,2027,C
4-HA,897,0,2016,0,4,2020,T
4-HA,898,2,0,0,2035,2037,C
4-HA,899,0,0,0,2028,2028,C
4-HA,900,2050,0,0,0,2050,A
4-HA,901,2032,0,1,0,2033,A
4-HA,902,2038,0,2,0,2040,A
4-HA,903,0,1951,0,0,1951,T
4-HA,904,1,0,1962,0,1963,G
4-HA,905,1,1,1972,0,1974,G
4-HA,906,1965,1,1,0,1967,A
4-HA,907,1953,0,7,0,1960,A
4-HA,908,0,1,1958,0,1959,G
4-HA,909,0,0,0,1948,1948,C
4-HA,910,1951,0,0,0,1951,A
4-HA,911,0,1955,0,0,1955,T
4-HA,912,1,1945,1,0,1947,T
4-HA,913,3,1,0,2010,2014,C
4-HA,914,1,0,0,1998,1999,C
4-HA,915,2,0,0,1999,2001,C
4-HA,916,1994,0,0,0,1994,A
4-HA,917,2024,0,0,0,2024,A
4-HA,918,0,2048,0,1,2049,T
4-HA,919,0,1,2052,0,2053,G
4-HA,920,2045,1,0,0,2046,A
4-HA,921,0,0,0,2050,2050,C
4-HA,922,1999,0,0,0,1999,A
4-HA,923,2006,1,0,0,2007,A
4-HA,924,1990,0,0,4,1994,A
4-HA,925,0,1,0,2009,2010,C
4-HA,926,1,0,0,1992,1993,C
4-HA,927,1981,0,1,0,1982,A
4-HA,928,0,1985,0,1,1986,T
4-HA,929,0,1978,0,0,1978,T
4-HA,930,0,2,0,1987,1989,C
4-HA,931,1,1,0,1998,2000,C
4-HA,932,1994,0,1,0,1995,A
4-HA,933,1992,0,1,0,1993,A
4-HA,934,1985,0,0,0,1985,A
4-HA,935,2014,1,0,0,2015,A
4-HA,936,0,2015,0,1,2016,T
4-HA,937,3,0,2004,0,2007,G
4-HA,938,0,2003,0,0,2003,T
4-HA,939,0,1998,0,0,1998,T
4-HA,940,2034,0,1,0,2035,A
4-HA,941,2030,0,2,0,2032,A
4-HA,942,0,0,0,2037,2037,C
4-HA,943,2031,0,0,0,2031,A
4-HA,944,0,2,2039,0,2041,G
4-HA,945,0,3,2039,0,2042,G
4-HA,946,2091,0,3,0,2094,A
4-HA,947,0,2091,1,1,2093,T
4-HA,948,2,0,0,2119,2121,C
4-HA,949,2132,0,2,0,2134,A
4-HA,950,0,2,0,2222,2224,C
4-HA,951,2231,0,3,0,2234,A
4-HA,952,0,2299,0,1,2300,T
4-HA,953,2260,0,0,0,2260,A
4-HA,954,0,2,0,2239,2241,C
4-HA,955,0,2,2159,1,2162,G
4-HA,956,0,5,2142,0,2147,G
4-HA,957,0,1,2133,0,2134,G
4-HA,958,0,0,2145,0,2145,G
4-HA,959,1,1,0,2121,2123,C
4-HA,960,0,1,0,2128,2129,C
4-HA,961,0,2094,0,4,2098,T
4-HA,962,0,0,2306,0,2306,G
4-HA,963,0,2298,0,6,2304,T
4-HA,964,6,0,0,2320,2326,C
4-HA,965,3,0,0,2312,2315,C
4-HA,966,1,1,0,2336,2338,C
4-HA,967,2339,0,2,0,2341,A
4-HA,968,0,0,2359,0,2359,G
4-HA,969,2344,0,1,0,2345,A
4-HA,970,0,2346,0,0,2346,T
4-HA,971,2198,0,1,0,2199,A
4-HA,972,0,2176,0,1,2177,T
4-HA,973,0,0,2191,0,2191,G
4-HA,974,0,2181,1,1,2183,T
4-HA,975,0,2161,0,0,2161,T
4-HA,976,2188,0,1,0,2189,A
4-HA,977,2172,0,1,0,2173,A
4-HA,978,0,4,2190,0,2194,G
4-HA,979,0,1,0,2203,2204,C
4-HA,980,2174,0,0,0,2174,A
4-HA,981,2169,0,2,1,2172,A
4-HA,982,2152,0,0,1,2153,A
4-HA,983,2149,0,2,0,2151,A
4-HA,984,0,0,0,2164,2164,C
4-HA,985,2130,0,0,0,2130,A
4-HA,986,1,0,0,2169,2170,C
4-HA,987,0,2140,0,2,2142,T
4-HA,988,5,0,0,2152,2157,C
4-HA,989,1,2152,0,3,2156,T
4-HA,990,0,0,2178,0,2178,G
4-HA,991,2168,0,0,0,2168,A
4-HA,992,2172,0,0,0,2172,A
4-HA,993,2166,8,0,0,2174,A
4-HA,994,0,2162,0,1,2163,T
4-HA,995,0,2144,0,0,2144,T
4-HA,996,0,0,2158,0,2158,G
4-HA,997,0,1,2141,0,2142,G
4-HA,998,0,0,0,2160,2160,C
4-HA,999,2152,0,0,0,2152,A
4-HA,1000,2139,1,3,0,2143,A
4-HA,1001,0,0,1,2163,2164,C
4-HA,1002,2152,0,1,0,2153,A
4-HA,1003,0,1,2155,0,2156,G
4-HA,1004,0,1,2139,0,2140,G
4-HA,1005,0,3,2137,0,2140,G
4-HA,1006,2124,0,3,0,2127,A
4-HA,1007,0,2120,0,1,2121,T
4-HA,1008,0,0,2132,0,2132,G
4-HA,1009,1,0,0,2122,2123,C
4-HA,1010,0,2,2146,0,2148,G
4-HA,1011,2154,0,0,0,2154,A
4-HA,1012,2127,0,0,0,2127,A
4-HA,1013,2147,0,3,0,2150,A
4-HA,1014,0,2126,1,0,2127,T
4-HA,1015,0,1,2165,0,2166,G
4-HA,1016,0,2151,0,2,2153,T
4-HA,1017,2154,0,2,0,2156,A
4-HA,1018,0,1,0,2154,2155,C
4-HA,1019,1,0,0,2139,2140,C
4-HA,1020,2127,0,0,0,2127,A
4-HA,1021,0,1,2131,0,2132,G
4-HA,1022,2110,0,0,0,2110,A
4-HA,1023,0,2,2130,0,2132,G
4-HA,1024,2111,0,2,0,2113,A
4-HA,1025,2113,0,2,0,2115,A
4-HA,1026,2108,0,1,0,2109,A
4-HA,1027,0,1,0,2112,2113,C
4-HA,1028,2115,0,1,0,2116,A
4-HA,1029,2148,1,0,0,2149,A
4-HA,1030,2135,0,2,0,2137,A
4-HA,1031,1,0,0,2168,2169,C
4-HA,1032,0,2150,0,0,2150,T
4-HA,1033,2132,0,1,0,2133,A
4-HA,1034,3,1,2139,1,2144,G
4-HA,1035,2128,0,2,0,2130,A
4-HA,1036,0,3,2169,0,2172,G
4-HA,1037,0,0,2154,0,2154,G
4-HA,1038,0,1,0,2123,2124,C
4-HA,1039,2125,0,1,0,2126,A
4-HA,1040,0,2128,0,1,2129,T
4-HA,1041,2143,0,3,0,2146,A
4-HA,1042,1,2149,0,0,2150,T
4-HA,1043,0,2139,0,0,2139,T
4-HA,1044,1,2143,0,2,2146,T
4-HA,1045,2,1,2086,0,2089,G
4-HA,1046,2,1,2099,0,2102,G
4-HA,1047,0,3,0,2088,2091,C
4-HA,1048,1,0,2105,0,2106,G
4-HA,1049,0,0,0,2086,2086,C
4-HA,1050,2080,0,0,0,2080,A
4-HA,1051,2089,0,0,0,2089,A
4-HA,1052,0,2083,0,1,2084,T
4-HA,1053,1,0,0,2094,2095,C
4-HA,1054,0,0,2102,0,2102,G
4-HA,1055,2,0,0,2088,2090,C
4-HA,1056,1,4,2088,0,2093,G
4-HA,1057,0,0,2114,0,2114,G
4-HA,1058,0,0,2131,0,2131,G
4-HA,1059,0,2092,0,1,2093,T
4-HA,1060,0,2103,0,2,2105,T
4-HA,1061,0,2105,0,2,2107,T
4-HA,1062,2,0,0,2111,2113,C
4-HA,1063,2115,0,0,0,2115,A
4-HA,1064,1,2121,1,0,2123,T
4-HA,1065,2112,0,1,0,2113,A
4-HA,1066,0,0,2140,0,2140,G
4-HA,1067,2100,0,0,0,2100,A
4-HA,1068,2112,0,1,0,2113,A
4-HA,1069,2099,0,0,0,2099,A
4-HA,1070,2105,0,0,0,2105,A
4-HA,1071,0,2098,0,0,2098,T
4-HA,1072,1,1,2133,0,2135,G
4-HA,1073,1,1,2132,0,2134,G
4-HA,1074,0,2124,0,0,2124,T
4-HA,1075,0,2110,0,0,2110,T
4-HA,1076,0,3,2106,0,2109,G
4-HA,1077,0,2,2118,0,2120,G
4-HA,1078,0,15,2110,0,2125,G
4-HA,1079,2102,0,2,0,2104,A
4-HA,1080,0,2,2123,0,2125,G
4-HA,1081,0,2,2109,0,2111,G
4-HA,1082,2,0,2147,0,2149,G
4-HA,1083,2125,1,3,0,2129,A
4-HA,1084,2162,0,1,0,2163,A
4-HA,1085,0,2164,0,0,2164,T
4-HA,1086,1,5,2155,0,2161,G
4-HA,1087,1,0,2194,0,2195,G
4-HA,1088,1,2147,0,2,2150,T
4-HA,1089,1,1,2169,0,2171,G
4-HA,1090,0,1,2169,0,2170,G
4-HA,1091,2107,0,3,0,2110,A
4-HA,1092,0,2131,0,0,2131,T
4-HA,1093,1,2,2166,0,2169,G
4-HA,1094,0,1,2181,0,2182,G
4-HA,1095,0,2141,0,0,2141,T
4-HA,1096,0,2123,0,2,2125,T
4-HA,1097,0,3,2114,0,2117,G
4-HA,1098,2,1,2158,0,2161,G
4-HA,1099,0,2119,0,0,2119,T
4-HA,1100,2146,0,0,0,2146,A
4-HA,1101,0,1,0,2055,2056,C
4-HA,1102,0,3,2072,0,2075,G
4-HA,1103,1,0,2149,0,2150,G
4-HA,1104,0,2132,0,3,2135,T
4-HA,1105,0,2143,0,0,2143,T
4-HA,1106,0,2137,0,1,2138,T
4-HA,1107,2,1,0,2114,2117,C
4-HA,1108,2119,0,2,0,2121,A
4-HA,1109,1,2,2116,0,2119,G
4-HA,1110,1,0,2112,0,2113,G
4-HA,1111,0,0,0,2113,2113,C
4-HA,1112,2045,0,1,0,2046,A
4-HA,1113,0,2050,0,0,2050,T
4-HA,1114,2,1,1,2061,2065,C
4-HA,1115,2066,0,0,0,2066,A
4-HA,1116,2052,7,2,0,2061,A
4-HA,1117,2065,0,1,0,2066,A
4-HA,1118,2084,0,0,0,2084,A
4-HA,1119,0,2076,0,1,2077,T
4-HA,1120,0,2069,0,1,2070,T
4-HA,1121,0,1,0,2078,2079,C
4-HA,1122,0,2067,0,1,2068,T
4-HA,1123,0,2,2070,0,2072,G
4-HA,1124,2056,0,1,0,2057,A
4-HA,1125,2056,0,2,0,2058,A
4-HA,1126,1,0,2071,0,2072,G
4-HA,1127,0,1,2107,0,2108,G
4-HA,1128,2104,0,0,0,2104,A
4-HA,1129,2094,0,5,0,2099,A
4-HA,1130,0,3,2085,0,2088,G
4-HA,1131,2087,0,4,0,2091,A
4-HA,1132,0,2,2102,0,2104,G
4-HA,1133,0,2,2110,0,2112,G
4-HA,1134,2104,0,4,0,2108,A
4-HA,1135,0,0,0,2111,2111,C
4-HA,1136,2101,0,0,0,2101,A
4-HA,1137,2102,0,2,0,2104,A
4-HA,1138,0,0,2107,0,2107,G
4-HA,1139,1,1,1,2108,2111,C
4-HA,1140,2088,0,2,0,2090,A
4-HA,1141,0,0,2098,0,2098,G
4-HA,1142,0,0,0,2080,2080,C
4-HA,1143,2078,1,3,0,2082,A
4-HA,1144,0,1,2116,0,2117,G
4-HA,1145,2091,1,1,0,2093,A
4-HA,1146,0,2148,0,0,2148,T
4-HA,1147,1,0,0,2148,2149,C
4-HA,1148,0,2135,0,3,2138,T
4-HA,1149,1,1,0,2164,2166,C
4-HA,1150,2164,0,0,0,2164,A
4-HA,1151,2162,0,0,0,2162,A
4-HA,1152,2152,1,6,0,2159,A
4-HA,1153,2129,0,3,0,2132,A
4-HA,1154,1,1,2132,1,2135,G
4-HA,1155,2,1,0,2086,2089,C
4-HA,1156,2076,0,1,0,2077,A
4-HA,1157,2,0,0,2110,2112,C
4-HA,1158,0,2097,0,2,2099,T
4-HA,1159,2,0,0,2116,2118,C
4-HA,1160,2122,0,0,0,2122,A
4-HA,1161,2154,0,5,0,2159,A
4-HA,1162,0,0,2159,0,2159,G
4-HA,1163,0,1,0,2152,2153,C
4-HA,1164,2142,0,2,0,2144,A
4-HA,1165,0,0,2160,0,2160,G
4-HA,1166,0,2,0,2130,2132,C
4-HA,1167,2118,0,1,0,2119,A
4-HA,1168,2116,0,0,0,2116,A
4-HA,1169,0,2103,0,0,2103,T
4-HA,1170,0,0,0,2066,2066,C
4-HA,1171,1,2,2079,0,2082,G
4-HA,1172,2069,0,2,0,2071,A
4-HA,1173,0,2049,0,1,2050,T
4-HA,1174,2,0,0,2047,2049,C
4-HA,1175,2044,0,1,0,2045,A
4-HA,1176,2082,1,0,0,2083,A
4-HA,1177,2075,0,1,0,2076,A
4-HA,1178,0,2063,0,0,2063,T
4-HA,1179,2,0,0,2082,2084,C
4-HA,1180,2060,0,0,0,2060,A
4-HA,1181,2050,0,1,1,2052,A
4-HA,1182,0,2064,0,0,2064,T
4-HA,1183,0,4,2067,0,2071,G
4-HA,1184,1,2,2056,0,2059,G
4-HA,1185,0,0,2029,0,2029,G
4-HA,1186,2045,0,0,0,2045,A
4-HA,1187,2042,1,2,0,2045,A
4-HA,1188,0,0,2073,0,2073,G
4-HA,1189,0,0,0,2070,2070,C
4-HA,1190,0,2048,0,4,2052,T
4-HA,1191,0,3,2133,0,2136,G
4-HA,1192,2132,0,0,0,2132,A
4-HA,1193,2131,0,2,0,2133,A
4-HA,1194,0,2126,0,0,2126,T
4-HA,1195,2095,0,0,0,2095,A
4-HA,1196,0,3,2092,0,2095,G
4-HA,1197,1936,0,1,0,1937,A
4-HA,1198,0,1953,0,2,1955,T
4-HA,1199,0,1961,0,0,1961,T
4-HA,1200,0,3,1963,0,1966,G
4-HA,1201,1970,0,0,0,1970,A
4-HA,1202,0,1952,0,0,1952,T
4-HA,1203,1,1,0,1974,1976,C
4-HA,1204,0,1,1955,1,1957,G
4-HA,1205,2,0,1956,0,1958,G
4-HA,1206,0,1,1965,0,1966,G
4-HA,1207,1962,1,0,0,1963,A
4-HA,1208,1973,0,0,0,1973,A
4-HA,1209,1952,0,2,0,1954,A
4-HA,1210,1941,0,2,0,1943,A
4-HA,1211,0,0,0,1972,1972,C
4-HA,1212,4,0,0,1966,1970,C
4-HA,1213,1953,0,1,0,1954,A
4-HA,1214,1940,0,0,0,1940,A
4-HA,1215,0,2,0,1952,1954,C
4-HA,1216,0,0,1962,0,1962,G
4-HA,1217,1953,0,4,0,1957,A
4-HA,1218,0,2,1962,0,1964,G
4-HA,1219,1956,0,2,0,1958,A
4-HA,1220,1959,0,0,0,1959,A
4-HA,1221,1959,0,0,0,1959,A
4-HA,1222,0,1955,0,2,1957,T
4-HA,1223,0,1930,0,1,1931,T
4-HA,1224,1,0,0,1950,1951,C
4-HA,1225,3,1,0,1947,1951,C
4-HA,1226,1951,0,1,0,1952,A
4-HA,1227,0,1945,0,1,1946,T
4-HA,1228,2,1,0,1948,1951,C
4-HA,1229,1949,0,1,0,1950,A
4-HA,1230,0,1,1950,0,1951,G
4-HA,1231,1940,0,0,0,1940,A
4-HA,1232,0,1941,0,1,1942,T
4-HA,1233,0,1940,0,0,1940,T
4-HA,1234,0,2,1947,0,1949,G
4-HA,1235,1954,0,1,0,1955,A
4-HA,1236,1952,0,1,0,1953,A
4-HA,1237,1959,0,1,0,1960,A
4-HA,1238,1958,0,0,1,1959,A
4-HA,1239,1935,0,4,0,1939,A
4-HA,1240,0,2,1934,0,1936,G
4-HA,1241,1932,0,3,0,1935,A
4-HA,1242,1944,0,0,0,1944,A
4-HA,1243,0,1916,0,0,1916,T
4-HA,1244,0,1917,0,0,1917,T
4-HA,1245,1,0,0,1924,1925,C
4-HA,1246,0,1924,0,0,1924,T
4-HA,1247,2,1,0,1913,1916,C
4-HA,1248,1915,0,1,0,1916,A
4-HA,1249,0,0,1925,0,1925,G
4-HA,1250,1919,0,0,0,1919,A
4-HA,1251,1905,0,0,0,1905,A
4-HA,1252,1,0,1933,0,1934,G
4-HA,1253,0,1879,0,6,1885,T
4-HA,1254,1,0,0,1921,1922,C
4-HA,1255,1,0,1931,0,1932,G
4-HA,1256,1922,0,3,0,1925,A
4-HA,1257,1932,0,3,0,1935,A
4-HA,1258,0,5,1930,0,1935,G
4-HA,1259,0,3,1939,0,1942,G
4-HA,1260,1,3,1947,0,1951,G
4-HA,1261,1915,0,12,1,1928,A
4-HA,1262,0,1,1930,0,1931,G
4-HA,1263,1929,0,0,0,1929,A
4-HA,1264,2044,1,0,0,2045,A
4-HA,1265,0,2036,0,0,2036,T
4-HA,1266,0,2046,0,0,2046,T
4-HA,1267,2,0,0,2046,2048,C
4-HA,1268,1998,0,2,0,2000,A
4-HA,1269,0,3,2017,0,2020,G
4-HA,1270,0,0,2007,0,2007,G
4-HA,1271,2004,0,3,0,2007,A
4-HA,1272,2,0,0,2003,2005,C
4-HA,1273,1,0,0,1886,1887,C
4-HA,1274,0,1872,0,0,1872,T
4-HA,1275,0,1850,1,37,1888,T
4-HA,1276,1,2,1893,0,1896,G
4-HA,1277,1894,0,3,1,1898,A
4-HA,1278,0,1,1927,0,1928,G
4-HA,1279,1914,0,0,0,1914,A
4-HA,1280,1836,0,1,0,1837,A
4-HA,1281,1832,0,1,0,1833,A
4-HA,1282,0,1810,0,0,1810,T
4-HA,1283,1860,0,0,1,1861,A
4-HA,1284,0,1849,0,1,1850,T
4-HA,1285,0,0,1865,0,1865,G
4-HA,1286,1,1849,0,3,1853,T
4-HA,1287,0,1804,0,0,1804,T
4-HA,1288,0,0,1805,1,1806,G
4-HA,1289,1783,0,0,0,1783,A
4-HA,1290,0,3,1792,0,1795,G
4-HA,1291,0,2,1778,0,1780,G
4-HA,1292,1742,0,4,0,1746,A
4-HA,1293,1,1,0,1793,1795,C
4-HA,1294,1766,0,1,0,1767,A
4-HA,1295,0,0,0,1826,1826,C
4-HA,1296,2,0,0,1823,1825,C
4-HA,1297,1830,0,1,0,1831,A
4-HA,1298,1877,0,0,0,1877,A
4-HA,1299,1872,1,1,0,1874,A
4-HA,1300,1875,6,2,0,1883,A
4-HA,1301,0,1883,1,0,1884,T
4-HA,1302,1843,0,0,0,1843,A
4-HA,1303,0,1,1845,0,1846,G
4-HA,1304,1801,0,2,0,1803,A
4-HA,1305,0,1815,0,1,1816,T
4-HA,1306,1,0,0,1822,1823,C
4-HA,1307,0,1786,0,2,1788,T
4-HA,1308,0,0,0,1821,1821,C
4-HA,1309,0,1820,0,0,1820,T
4-HA,1310,1,2,1859,0,1862,G
4-HA,1311,0,1,1892,0,1893,G
4-HA,1312,1,1885,0,2,1888,T
4-HA,1313,2,0,0,1892,1894,C
4-HA,1314,1889,0,3,0,1892,A
4-HA,1315,0,1897,0,4,1901,T
4-HA,1316,1901,0,1,0,1902,A
4-HA,1317,0,0,0,1896,1896,C
4-HA,1318,1847,0,1,0,1848,A
4-HA,1319,1842,0,1,0,1843,A
4-HA,1320,1,0,0,1794,1795,C
4-HA,1321,1,0,1778,0,1779,G
4-HA,1322,0,0,0,1788,1788,C
4-HA,1323,0,1,1773,0,1774,G
4-HA,1324,0,1,1775,0,1776,G
4-HA,1325,1774,0,1,0,1775,A
4-HA,1326,0,4,1800,0,1804,G
4-HA,1327,0,0,0,1806,1806,C
4-HA,1328,0,1790,0,1,1791,T
4-HA,1329,0,1803,0,2,1805,T
4-HA,1330,1,1,0,1798,1800,C
4-HA,1331,0,1819,0,0,1819,T
4-HA,1332,1,1814,0,3,1818,T
4-HA,1333,0,0,1815,0,1815,G
4-HA,1334,0,1804,0,1,1805,T
4-HA,1335,0,1768,0,3,1771,T
4-HA,1336,0,1,1799,0,1800,G
4-HA,1337,0,0,0,1784,1784,C
4-HA,1338,2,1,0,1770,1773,C
4-HA,1339,4,0,0,1786,1790,C
4-HA,1340,0,1788,0,3,1791,T
4-HA,1341,1,3,1813,0,1817,G
4-HA,1342,2,2,1814,0,1818,G
4-HA,1343,1817,0,2,0,1819,A
4-HA,1344,0,3,1826,0,1829,G
4-HA,1345,1781,0,3,0,1784,A
4-HA,1346,1782,0,1,0,1783,A
4-HA,1347,1,0,0,1817,1818,C
4-HA,1348,1,0,0,1816,1817,C
4-HA,1349,1820,0,1,0,1821,A
4-HA,1350,1879,0,1,0,1880,A
4-HA,1351,0,0,0,1882,1882,C
4-HA,1352,1895,0,1,0,1896,A
4-HA,1353,0,1875,0,1,1876,T
4-HA,1354,1867,0,2,0,1869,A
4-HA,1355,1,2,0,1924,1927,C
4-HA,1356,1894,0,0,0,1894,A
4-HA,1357,1884,0,0,0,1884,A
4-HA,1358,0,1882,0,1,1883,T
4-HA,1359,0,1814,0,4,1818,T
4-HA,1360,0,2,1838,1,1841,G
4-HA,1361,1868,0,0,0,1868,A
4-HA,1362,1,1862,0,1,1864,T
4-HA,1363,4,0,0,1869,1873,C
4-HA,1364,0,1831,0,2,1833,T
4-HA,1365,1861,0,0,0,1861,A
4-HA,1366,1857,0,2,0,1859,A
4-HA,1367,1,0,0,1852,1853,C
4-HA,1368,0,1841,0,0,1841,T
4-HA,1369,0,3,1820,0,1823,G
4-HA,1370,1819,0,1,0,1820,A
4-HA,1371,0,0,0,1812,1812,C
4-HA,1372,0,1802,1,0,1803,T
4-HA,1373,3,1,0,1816,1820,C
4-HA,1374,1802,1,1,0,1804,A
4-HA,1375,1,2,1843,0,1846,G
4-HA,1376,1842,0,0,0,1842,A
4-HA,1377,1840,0,0,0,1840,A
4-HA,1378,1844,0,0,0,1844,A
4-HA,1379,0,1820,0,0,1820,T
4-HA,1380,0,2,1832,0,1834,G
4-HA,1381,1825,0,4,1,1830,A
4-HA,1382,1822,0,3,0,1825,A
4-HA,1383,1,1,0,1834,1836,C
4-HA,1384,1807,0,0,0,1807,A
4-HA,1385,1807,1,0,0,1808,A
4-HA,1386,1798,0,2,0,1800,A
4-HA,1387,1,5,0,1809,1815,C
4-HA,1388,0,1792,0,1,1793,T
4-HA,1389,0,0,1801,0,1801,G
4-HA,1390,0,1773,0,0,1773,T
4-HA,1391,0,1775,0,1,1776,T
4-HA,1392,0,1781,0,0,1781,T
4-HA,1393,0,1,1775,0,1776,G
4-HA,1394,1772,0,0,0,1772,A
4-HA,1395,1777,0,1,0,1778,A
4-HA,1396,1771,0,0,0,1771,A
4-HA,1397,1776,0,0,0,1776,A
4-HA,1398,1763,0,0,0,1763,A
4-HA,1399,1766,0,3,0,1769,A
4-HA,1400,0,0,0,1780,1780,C
4-HA,1401,1774,0,1,0,1775,A
4-HA,1402,1777,0,0,0,1777,A
4-HA,1403,1780,0,1,0,1781,A
4-HA,1404,0,0,1783,0,1783,G
4-HA,1405,1785,0,0,0,1785,A
4-HA,1406,1774,0,1,0,1775,A
4-HA,1407,1,0,1770,0,1771,G
4-HA,1408,1,0,0,1767,1768,C
4-HA,1409,1770,0,1,0,1771,A
4-HA,1410,1778,0,0,0,1778,A
4-HA,1411,0,0,0,1776,1776,C
4-HA,1412,0,1752,0,0,1752,T
4-HA,1413,0,1,1778,0,1779,G
4-HA,1414,1761,0,4,0,1765,A
4-HA,1415,0,2,1776,0,1778,G
4-HA,1416,0,0,1779,0,1779,G
4-HA,1417,0,3,1774,0,1777,G
4-HA,1418,1791,0,0,0,1791,A
4-HA,1419,1779,0,0,0,1779,A
4-HA,1420,1780,0,1,0,1781,A
4-HA,1421,1802,0,1,0,1803,A
4-HA,1422,0,1801,0,0,1801,T
4-HA,1423,0,0,1811,0,1811,G
4-HA,1424,0,1,0,1812,1813,C
4-HA,1425,0,1795,0,1,1796,T
4-HA,1426,2,0,1799,0,1801,G
4-HA,1427,1797,0,3,0,1800,A
4-HA,1428,0,4,1911,0,1915,G
4-HA,1429,8,2,1935,0,1945,G
4-HA,1430,1927,0,1,1,1929,A
4-HA,1431,0,1925,0,0,1925,T
4-HA,1432,1911,0,1,0,1912,A
4-HA,1433,0,1892,0,3,1895,T
4-HA,1434,0,3,1916,0,1919,G
4-HA,1435,0,0,1933,0,1933,G
4-HA,1436,2,0,1923,0,1925,G
4-HA,1437,1,1,0,1843,1845,C
4-HA,1438,1797,0,1,2,1800,A
4-HA,1439,1802,0,1,0,1803,A
4-HA,1440,0,1801,0,1,1802,T
4-HA,1441,1,1,1811,0,1813,G
4-HA,1442,1,0,1809,0,1810,G
4-HA,1443,0,1776,0,0,1776,T
4-HA,1444,0,1748,0,0,1748,T
4-HA,1445,0,1,1757,0,1758,G
4-HA,1446,0,1770,0,1,1771,T
4-HA,1447,0,1770,0,0,1770,T
4-HA,1448,0,1771,0,0,1771,T
4-HA,1449,1,0,0,1774,1775,C
4-HA,1450,1769,0,0,0,1769,A
4-HA,1451,1772,0,0,0,1772,A
4-HA,1452,1776,0,0,0,1776,A
4-HA,1453,1785,0,1,0,1786,A
4-HA,1454,0,1774,0,0,1774,T
4-HA,1455,1767,0,0,0,1767,A
4-HA,1456,0,1764,0,0,1764,T
4-HA,1457,1749,0,1,0,1750,A
4-HA,1458,0,3,0,1778,1781,C
4-HA,1459,4,0,0,1766,1770,C
4-HA,1460,1761,0,2,0,1763,A
4-HA,1461,0,0,0,1776,1776,C
4-HA,1462,1773,1,0,1,1775,A
4-HA,1463,1782,1,1,0,1784,A
4-HA,1464,1785,0,0,0,1785,A
4-HA,1465,1,1783,0,0,1784,T
4-HA,1466,0,1,1793,0,1794,G
4-HA,1467,0,1761,0,2,1763,T
4-HA,1468,0,2,1781,0,1783,G
4-HA,1469,1784,0,1,0,1785,A
4-HA,1470,0,0,1,1782,1783,C
4-HA,1471,1768,0,0,0,1768,A
4-HA,1472,1771,0,0,0,1771,A
4-HA,1473,0,1788,0,0,1788,T
4-HA,1474,3,1,1799,0,1803,G
4-HA,1475,0,0,0,1783,1783,C
4-HA,1476,0,0,0,1797,1797,C
4-HA,1477,1,1777,0,4,1782,T
4-HA,1478,0,0,1862,0,1862,G
4-HA,1479,1,0,0,1859,1860,C
4-HA,1480,1863,0,0,0,1863,A
4-HA,1481,0,1856,0,0,1856,T
4-HA,1482,1787,0,2,0,1789,A
4-HA,1483,0,0,1809,0,1809,G
4-HA,1484,0,1,1795,0,1796,G
4-HA,1485,1790,0,2,0,1792,A
4-HA,1486,0,1779,0,0,1779,T
4-HA,1487,6,0,0,1672,1678,C
4-HA,1488,1678,0,0,0,1678,A
4-HA,1489,1685,1,0,0,1686,A
4-HA,1490,0,1692,0,0,1692,T
4-HA,1491,1,0,0,1692,1693,C
4-HA,1492,1674,0,0,0,1674,A
4-HA,1493,0,1,1677,0,1678,G
4-HA,1494,1685,0,0,0,1685,A
4-HA,1495,1685,0,0,0,1685,A
4-HA,1496,1684,0,0,0,1684,A
4-HA,1497,0,1678,0,0,1678,T
4-HA,1498,0,1,1665,0,1666,G
4-HA,1499,1,1,1671,0,1673,G
4-HA,1500,1672,0,0,0,1672,A
4-HA,1501,1680,0,0,0,1680,A
4-HA,1502,1,0,0,1675,1676,C
4-HA,1503,0,1657,0,0,1657,T
4-HA,1504,0,1663,0,0,1663,T
4-HA,1505,1665,0,2,0,1667,A
4-HA,1506,0,1664,0,1,1665,T
4-HA,1507,0,5,1663,0,1668,G
4-HA,1508,1654,0,4,0,1658,A
4-HA,1509,0,0,0,1657,1657,C
4-HA,1510,3,0,0,1630,1633,C
4-HA,1511,1628,0,0,0,1628,A
4-HA,1512,0,0,0,1672,1672,C
4-HA,1513,0,0,1706,0,1706,G
4-HA,1514,1736,1,0,0,1737,A
4-HA,1515,0,1744,0,0,1744,T
4-HA,1516,0,0,1829,0,1829,G
4-HA,1517,0,1807,0,1,1808,T
4-HA,1518,1873,0,2,0,1875,A
4-HA,1519,0,1875,0,1,1876,T
4-HA,1520,1871,0,2,0,1873,A
4-HA,1521,0,0,0,1874,1874,C
4-HA,1522,1665,0,2,0,1667,A
4-HA,1523,0,0,1683,0,1683,G
4-HA,1524,1571,0,0,0,1571,A
4-HA,1525,0,0,1530,0,1530,G
4-HA,1526,1520,0,1,0,1521,A
4-HA,1527,0,1407,0,0,1407,T
4-HA,1528,0,1,1395,0,1396,G
4-HA,1529,1397,0,2,0,1399,A
4-HA,1530,1395,0,4,0,1399,A
4-HA,1531,0,0,1433,0,1433,G
4-HA,1532,0,0,0,1406,1406,C
4-HA,1533,1403,0,0,0,1403,A
4-HA,1534,0,1398,0,0,1398,T
4-HA,1535,0,1396,0,1,1397,T
4-HA,1536,1402,0,0,0,1402,A
4-HA,1537,1402,0,0,0,1402,A
4-HA,1538,1399,0,1,0,1400,A
4-HA,1539,0,0,0,1402,1402,C
4-HA,1540,1338,0,0,0,1338,A
4-HA,1541,1336,0,2,0,1338,A
4-HA,1542,0,0,0,1340,1340,C
4-HA,1543,1,2,0,1338,1341,C
4-HA,1544,0,0,1334,0,1334,G
4-HA,1545,0,0,1351,0,1351,G
4-HA,1546,0,1351,0,1,1352,T
4-HA,1547,0,1336,0,1,1337,T
4-HA,1548,2,0,0,1349,1351,C
4-HA,1549,1,0,0,1351,1352,C
4-HA,1550,1346,0,1,0,1347,A
4-HA,1551,0,7,1361,0,1368,G
4-HA,1552,1363,0,3,0,1366,A
4-HA,1553,1,1361,0,1,1363,T
4-HA,1554,0,0,0,1307,1307,C
4-HA,1555,1297,0,0,0,1297,A
4-HA,1556,1293,0,1,0,1294,A
4-HA,1557,0,3,1289,0,1292,G
4-HA,1558,0,0,1294,0,1294,G
4-HA,1559,6,1,1282,0,1289,G
4-HA,1560,1241,0,2,1,1244,A
4-HA,1561,3,0,1250,0,1253,G
4-HA,1562,0,1257,0,0,1257,T
4-HA,1563,0,1253,0,0,1253,T
4-HA,1564,0,3,1260,0,1263,G
4-HA,1565,1251,0,3,0,1254,A
4-HA,1566,0,2,1256,0,1258,G
4-HA,1567,0,0,0,1255,1255,C
4-HA,1568,1,1236,0,1,1238,T
4-HA,1569,0,0,1245,0,1245,G
4-HA,1570,1244,0,0,0,1244,A
4-HA,1571,1242,0,1,0,1243,A
4-HA,1572,0,0,1243,0,1243,G
4-HA,1573,0,1223,0,1,1224,T
4-HA,1574,3,1,0,1223,1227,C
4-HA,1575,1201,0,1,0,1202,A
4-HA,1576,0,2,1196,0,1198,G
4-HA,1577,0,2,1196,0,1198,G
4-HA,1578,0,0,1177,0,1177,G
4-HA,1579,0,1217,0,0,1217,T
4-HA,1580,1219,0,0,0,1219,A
4-HA,1581,0,0,0,1219,1219,C
4-HA,1582,1217,1,0,0,1218,A
4-HA,1583,1218,0,0,0,1218,A
4-HA,1584,1223,0,0,0,1223,A
4-HA,1585,0,1,1230,0,1231,G
4-HA,1586,1192,0,0,0,1192,A
4-HA,1587,0,1146,0,5,1151,T
4-HA,1588,0,1141,0,0,1141,T
4-HA,1589,4,0,1143,0,1147,G
4-HA,1590,0,0,1143,0,1143,G
4-HA,1591,1142,0,0,0,1142,A
4-HA,1592,0,1137,0,1,1138,T
4-HA,1593,1,0,0,1133,1134,C
4-HA,1594,2,0,0,1106,1108,C
4-HA,1595,0,1099,0,1,1100,T
4-HA,1596,1102,0,1,0,1103,A
4-HA,1597,0,1105,0,1,1106,T
4-HA,1598,1,1,1101,0,1103,G
4-HA,1599,0,0,1103,0,1103,G
4-HA,1600,1073,0,1,0,1074,A
4-HA,1601,0,1074,0,2,1076,T
4-HA,1602,0,1057,0,1,1058,T
4-HA,1603,0,1061,0,0,1061,T
4-HA,1604,2,0,0,1061,1063,C
4-HA,1605,1,0,0,1057,1058,C
4-HA,1606,0,1043,0,0,1043,T
4-HA,1607,0,1043,0,0,1043,T
4-HA,1608,0,1039,0,0,1039,T
4-HA,1609,0,0,1040,0,1040,G
4-HA,1610,1,1,0,1040,1042,C
4-HA,1611,2,0,0,1041,1043,C
4-HA,1612,1012,0,1,0,1013,A
4-HA,1613,0,1008,0,2,1010,T
4-HA,1614,1016,0,0,0,1016,A
4-HA,1615,0,1016,0,2,1018,T
4-HA,1616,2,0,0,1008,1010,C
4-HA,1617,1010,0,0,0,1010,A
4-HA,1618,0,997,1,1,999,T
4-HA,1619,0,0,1005,0,1005,G
4-HA,1620,0,1000,0,0,1000,T
4-HA,1621,0,981,0,0,981,T
4-HA,1622,0,982,0,0,982,T
4-HA,1623,0,954,0,0,954,T
4-HA,1624,0,955,0,0,955,T
4-HA,1625,0,954,0,0,954,T
4-HA,1626,0,0,956,0,956,G
4-HA,1627,0,0,0,947,947,C
4-HA,1628,0,927,0,2,929,T
4-HA,1629,0,930,0,0,930,T
4-HA,1630,0,933,0,0,933,T
4-HA,1631,0,0,957,0,957,G
4-HA,1632,0,956,0,1,957,T
4-HA,1633,0,0,955,0,955,G
4-HA,1634,0,953,0,0,953,T
4-HA,1635,0,932,0,0,932,T
4-HA,1636,0,0,934,0,934,G
4-HA,1637,0,0,0,932,932,C
4-HA,1638,0,926,0,2,928,T
4-HA,1639,0,937,0,0,937,T
4-HA,1640,0,890,0,0,890,T
4-HA,1641,0,1,893,0,894,G
4-HA,1642,0,886,0,0,886,T
4-HA,1643,0,888,0,1,889,T
4-HA,1644,0,1,889,0,890,G
4-HA,1645,0,0,865,0,865,G
4-HA,1646,0,1,865,0,866,G
4-HA,1647,0,0,865,0,865,G
4-HA,1648,0,843,0,0,843,T
4-HA,1649,0,839,0,0,839,T
4-HA,1650,0,0,0,826,826,C
4-HA,1651,817,0,2,0,819,A
4-HA,1652,1,818,0,2,821,T
4-HA,1653,1,0,0,816,817,C
4-HA,1654,819,0,0,0,819,A
4-HA,1655,0,785,0,1,786,T
4-HA,1656,0,0,783,0,783,G
4-HA,1657,0,763,0,0,763,T
4-HA,1658,2,0,755,0,757,G
4-HA,1659,1,0,737,0,738,G
4-HA,1660,0,0,735,0,735,G
4-HA,1661,0,0,0,707,707,C
4-HA,1662,0,0,0,697,697,C
4-HA,1663,0,670,0,2,672,T
4-HA,1664,2,0,664,0,666,G
4-HA,1665,1,0,0,654,655,C
4-HA,1666,0,0,0,665,665,C
4-HA,1667,667,0,0,0,667,A
4-HA,1668,664,0,0,0,664,A
4-HA,1669,663,0,0,0,663,A
4-HA,1670,662,1,0,0,663,A
4-HA,1671,662,0,1,0,663,A
4-HA,1672,0,0,661,0,661,G
4-HA,1673,0,0,636,0,636,G
4-HA,1674,0,0,0,623,623,C
4-HA,1675,624,0,2,0,626,A
4-HA,1676,629,0,1,0,630,A
4-HA,1677,0,0,0,630,630,C
4-HA,1678,628,0,0,0,628,A
4-HA,1679,0,628,0,0,628,T
4-HA,1680,0,621,0,1,622,T
4-HA,1681,611,0,0,0,611,A
4-HA,1682,0,2,605,0,607,G
4-HA,1683,0,0,607,0,607,G
4-HA,1684,0,582,0,1,583,T
4-HA,1685,0,0,548,0,548,G
4-HA,1686,0,1,0,523,524,C
4-HA,1687,521,0,0,0,521,A
4-HA,1688,515,0,1,0,516,A
4-HA,1689,0,0,0,518,518,C
4-HA,1690,512,0,0,0,512,A
4-HA,1691,0,502,0,0,502,T
4-HA,1692,0,465,0,1,466,T
4-HA,1693,0,466,0,0,466,T
4-HA,1694,0,0,465,0,465,G
4-HA,1695,0,0,0,461,461,C
4-HA,1696,457,0,1,0,458,A
4-HA,1697,0,430,0,0,430,T
4-HA,1698,0,411,0,0,411,T
4-HA,1699,0,394,0,0,394,T
4-HA,1700,0,0,392,0,392,G
4-HA,1701,378,0,0,0,378,A
5-NP,1,179,0,0,0,179,A
5-NP,2,0,182,0,0,182,T
5-NP,3,0,0,184,0,184,G
5-NP,4,0,0,182,0,182,G
5-NP,5,0,0,0,182,182,C
5-NP,6,0,0,188,0,188,G
5-NP,7,0,194,0,1,195,T
5-NP,8,1,0,0,197,198,C
5-NP,9,0,0,0,194,194,C
5-NP,10,0,0,0,199,199,C
5-NP,11,199,0,0,0,199,A
5-NP,12,197,0,0,0,197,A
5-NP,13,0,0,201,0,201,G
5-NP,14,0,0,207,0,207,G
5-NP,15,0,0,0,213,213,C
5-NP,16,215,0,0,0,215,A
5-NP,17,0,0,0,214,214,C
5-NP,18,0,0,0,217,217,C
5-NP,19,217,0,0,0,217,A
5-NP,20,212,0,0,0,212,A
5-NP,21,217,0,0,0,217,A
5-NP,22,0,0,0,219,219,C
5-NP,23,0,0,222,0,222,G
5-NP,24,0,0,243,0,243,G
5-NP,25,0,240,0,1,241,T
5-NP,26,0,0,0,260,260,C
5-NP,27,0,259,0,0,259,T
5-NP,28,0,263,0,0,263,T
5-NP,29,265,0,0,0,265,A
5-NP,30,0,266,0,0,266,T
5-NP,31,0,1,267,0,268,G
5-NP,32,268,0,0,0,268,A
5-NP,33,265,0,0,0,265,A
5-NP,34,0,0,0,268,268,C
5-NP,35,259,0,0,0,259,A
5-NP,36,0,0,282,0,282,G
5-NP,37,273,0,1,0,274,A
5-NP,38,0,282,0,0,282,T
5-NP,39,0,0,279,0,279,G
5-NP,40,0,0,279,0,279,G
5-NP,41,277,0,0,2,279,A
5-NP,42,281,0,0,0,281,A
5-NP,43,283,0,0,0,283,A
5-NP,44,0,0,0,295,295,C
5-NP,45,0,290,0,0,290,T
5-NP,46,0,1,293,0,294,G
5-NP,47,290,0,0,0,290,A
5-NP,48,0,292,0,0,292,T
5-NP,49,0,0,294,0,294,G
5-NP,50,0,0,294,0,294,G
5-NP,51,0,0,295,0,295,G
5-NP,52,0,0,298,0,298,G
5-NP,53,296,0,0,0,296,A
5-NP,54,0,298,0,0,298,T
5-NP,55,0,1,0,297,298,C
5-NP,56,0,0,295,0,295,G
5-NP,57,0,0,0,303,303,C
5-NP,58,0,0,0,304,304,C
5-NP,59,304,0,0,0,304,A
5-NP,60,0,0,307,0,307,G
5-NP,61,304,0,0,0,304,A
5-NP,62,308,0,0,0,308,A
5-NP,63,0,310,0,0,310,T
5-NP,64,0,0,310,0,310,G
5-NP,65,0,0,0,314,314,C
5-NP,66,314,0,0,0,314,A
5-NP,67,322,0,0,0,322,A
5-NP,68,0,0,0,322,322,C
5-NP,69,0,323,0,0,323,T
5-NP,70,0,1,324,0,325,G
5-NP,71,325,0,0,0,325,A
5-NP,72,0,0,343,0,343,G
5-NP,73,344,0,0,0,344,A
5-NP,74,0,345,0,0,345,T
5-NP,75,0,347,0,0,347,T
5-NP,76,341,0,0,0,341,A
5-NP,77,1,0,341,0,342,G
5-NP,78,0,0,341,0,341,G
5-NP,79,0,0,341,0,341,G
5-NP,80,0,0,0,341,341,C
5-NP,81,337,0,0,0,337,A
5-NP,82,0,335,0,0,335,T
5-NP,83,0,0,0,340,340,C
5-NP,84,1,0,0,339,340,C
5-NP,85,0,0,348,0,348,G
5-NP,86,0,346,0,0,346,T
5-NP,87,1,0,0,347,348,C
5-NP,88,0,1,349,0,350,G
5-NP,89,0,1,347,0,348,G
5-NP,90,0,0,349,0,349,G
5-NP,91,349,0,0,0,349,A
5-NP,92,350,0,0,0,350,A
5-NP,93,0,1,356,0,357,G
5-NP,94,352,0,0,0,352,A
5-NP,95,0,356,0,0,356,T
5-NP,96,0,1,356,0,357,G
5-NP,97,356,0,0,0,356,A
5-NP,98,0,360,0,0,360,T
5-NP,99,0,362,0,0,362,T
5-NP,100,0,0,360,0,360,G
5-NP,101,360,0,0,0,360,A
5-NP,102,0,358,0,0,358,T
5-NP,103,0,0,362,0,362,G
5-NP,104,0,1,359,0,360,G
5-NP,105,0,0,358,0,358,G
5-NP,106,372,0,1,0,373,A
5-NP,107,0,374,0,0,374,T
5-NP,108,0,378,0,0,378,T
5-NP,109,0,0,374,0,374,G
5-NP,110,0,1,374,0,375,G
5-NP,111,0,1,373,0,374,G
5-NP,112,374,0,1,0,375,A
5-NP,113,1,0,369,0,370,G
5-NP,114,371,0,0,0,371,A
5-NP,115,0,373,0,0,373,T
5-NP,116,0,376,0,0,376,T
5-NP,117,0,0,0,373,373,C
5-NP,118,0,374,0,0,374,T
5-NP,119,379,0,0,0,379,A
5-NP,120,0,0,0,383,383,C
5-NP,121,388,0,1,0,389,A
5-NP,122,0,394,0,0,394,T
5-NP,123,0,0,0,396,396,C
5-NP,124,0,0,0,397,397,C
5-NP,125,396,0,0,0,396,A
5-NP,126,404,0,0,0,404,A
5-NP,127,405,0,0,0,405,A
5-NP,128,0,403,0,0,403,T
5-NP,129,0,0,404,0,404,G
5-NP,130,0,396,0,0,396,T
5-NP,131,1,0,401,0,402,G
5-NP,132,1,0,0,403,404,C
5-NP,133,404,0,0,0,404,A
5-NP,134,1,0,0,399,400,C
5-NP,135,1,397,0,0,398,T
5-NP,136,0,0,420,0,420,G
5-NP,137,426,0,0,0,426,A
5-NP,138,436,0,0,0,436,A
5-NP,139,0,0,0,448,448,C
5-NP,140,0,448,0,0,448,T
5-NP,141,0,448,0,0,448,T
5-NP,142,449,0,0,0,449,A
5-NP,143,446,0,1,0,447,A
5-NP,144,449,0,0,0,449,A
5-NP,145,1,0,0,450,451,C
5-NP,146,0,437,0,0,437,T
5-NP,147,1,0,0,435,436,C
5-NP,148,435,0,0,0,435,A
5-NP,149,0,0,438,0,438,G
5-NP,150,0,438,0,0,438,T
5-NP,151,0,0,436,0,436,G
5-NP,152,442,0,0,0,442,A
5-NP,153,0,441,0,0,441,T
5-NP,154,0,0,0,448,448,C
5-NP,155,448,0,0,0,448,A
5-NP,156,0,446,0,0,446,T
5-NP,157,0,1,447,0,448,G
5-NP,158,444,0,0,0,444,A
5-NP,159,444,0,2,0,446,A
5-NP,160,0,0,445,0,445,G
5-NP,161,0,0,438,0,438,G
5-NP,162,0,0,439,0,439,G
5-NP,163,1,0,0,435,436,C
5-NP,164,0,0,441,0,441,G
5-NP,165,0,0,439,0,439,G
5-NP,166,0,435,0,1,436,T
5-NP,167,0,439,0,0,439,T
5-NP,168,0,0,442,0,442,G
5-NP,169,488,0,1,0,489,A
5-NP,170,0,493,0,0,493,T
5-NP,171,0,0,0,495,495,C
5-NP,172,0,0,0,497,497,C
5-NP,173,494,0,1,0,495,A
5-NP,174,0,1,496,0,497,G
5-NP,175,494,0,0,0,494,A
5-NP,176,493,0,0,0,493,A
5-NP,177,0,0,0,494,494,C
5-NP,178,465,0,0,0,465,A
5-NP,179,0,0,471,0,471,G
5-NP,180,0,0,0,471,471,C
5-NP,181,0,469,0,1,470,T
5-NP,182,0,474,0,0,474,T
5-NP,183,0,0,472,0,472,G
5-NP,184,472,1,1,0,474,A
5-NP,185,0,0,0,479,479,C
5-NP,186,478,0,0,0,478,A
5-NP,187,477,0,0,0,477,A
5-NP,188,0,475,0,0,475,T
5-NP,189,478,0,0,0,478,A
5-NP,190,0,1,481,0,482,G
5-NP,191,475,0,0,0,475,A
5-NP,192,0,0,478,0,478,G
5-NP,193,472,0,0,0,472,A
5-NP,194,478,1,0,0,479,A
5-NP,195,478,0,0,0,478,A
5-NP,196,483,0,0,0,483,A
5-NP,197,0,486,0,0,486,T
5-NP,198,0,0,484,0,484,G
5-NP,199,0,0,483,0,483,G
5-NP,200,0,485,0,0,485,T
5-NP,201,469,0,1,0,470,A
5-NP,202,0,0,0,473,473,C
5-NP,203,0,481,0,0,481,T
5-NP,204,0,0,0,487,487,C
5-NP,205,0,470,0,1,471,T
5-NP,206,0,0,0,477,477,C
5-NP,207,0,478,0,0,478,T
5-NP,208,1,0,479,0,480,G
5-NP,209,0,0,0,479,479,C
5-NP,210,0,481,0,0,481,T
5-NP,211,0,481,0,0,481,T
5-NP,212,0,478,0,0,478,T
5-NP,213,0,481,0,0,481,T
5-NP,214,0,0,480,0,480,G
5-NP,215,472,0,0,1,473,A
5-NP,216,0,475,0,2,477,T
5-NP,217,0,0,476,0,476,G
5-NP,218,474,0,0,0,474,A
5-NP,219,474,0,0,0,474,A
5-NP,220,477,0,0,0,477,A
5-NP,221,0,0,477,0,477,G
5-NP,222,472,0,0,0,472,A
5-NP,223,475,0,0,0,475,A
5-NP,224,0,0,477,0,477,G
5-NP,225,0,0,490,1,491,G
5-NP,226,491,1,1,0,493,A
5-NP,227,499,0,0,0,499,A
5-NP,228,0,498,0,0,498,T
5-NP,229,498,0,1,0,499,A
5-NP,230,499,0,0,0,499,A
5-NP,231,500,0,0,0,500,A
5-NP,232,0,491,0,1,492,T
5-NP,233,495,0,0,0,495,A
5-NP,234,0,0,0,498,498,C
5-NP,235,0,0,0,484,484,C
5-NP,236,0,481,0,0,481,T
5-NP,237,0,1,483,0,484,G
5-NP,238,0,1,486,0,487,G
5-NP,239,487,0,0,0,487,A
5-NP,240,488,0,0,0,488,A
5-NP,241,0,1,491,0,492,G
5-NP,242,483,1,0,0,484,A
5-NP,243,488,0,0,0,488,A
5-NP,244,0,0,0,487,487,C
5-NP,245,480,0,0,0,480,A
5-NP,246,0,0,0,498,498,C
5-NP,247,0,0,0,494,494,C
5-NP,248,1,1,0,493,495,C
5-NP,249,1,0,0,490,491,C
5-NP,250,490,0,0,0,490,A
5-NP,251,0,0,488,0,488,G
5-NP,252,0,0,0,489,489,C
5-NP,253,0,1,488,0,489,G
5-NP,254,0,0,0,487,487,C
5-NP,255,0,0,483,0,483,G
5-NP,256,0,1,483,0,484,G
5-NP,257,1,0,483,0,484,G
5-NP,258,0,1,492,0,493,G
5-NP,259,488,0,0,0,488,A
5-NP,260,493,0,0,0,493,A
5-NP,261,493,0,1,0,494,A
5-NP,262,0,0,492,0,492,G
5-NP,263,491,0,0,0,491,A
5-NP,264,0,489,0,0,489,T
5-NP,265,1,0,0,485,486,C
5-NP,266,2,0,0,479,481,C
5-NP,267,0,0,0,491,491,C
5-NP,268,492,0,0,0,492,A
5-NP,269,491,0,0,0,491,A
5-NP,270,0,0,492,0,492,G
5-NP,271,489,0,0,0,489,A
5-NP,272,492,0,1,0,493,A
5-NP,273,491,0,0,0,491,A
5-NP,274,493,0,0,0,493,A
5-NP,275,0,0,0,489,489,C
5-NP,276,0,483,0,0,483,T
5-NP,277,0,0,486,0,486,G
5-NP,278,0,2,483,0,485,G
5-NP,279,0,0,481,0,481,G
5-NP,280,1,1,486,0,488,G
5-NP,281,1,1,489,0,491,G
5-NP,282,0,0,499,0,499,G
5-NP,283,0,0,0,529,529,C
5-NP,284,0,0,0,533,533,C
5-NP,285,0,0,0,536,536,C
5-NP,286,583,0,0,0,583,A
5-NP,287,0,589,0,0,589,T
5-NP,288,619,0,0,0,619,A
5-NP,289,0,617,0,0,617,T
5-NP,290,617,0,0,0,617,A
5-NP,291,0,0,0,614,614,C
5-NP,292,576,0,0,0,576,A
5-NP,293,0,1,585,0,586,G
5-NP,294,0,0,583,0,583,G
5-NP,295,509,0,0,0,509,A
5-NP,296,0,0,517,0,517,G
5-NP,297,491,0,0,0,491,A
5-NP,298,0,0,501,0,501,G
5-NP,299,0,497,0,0,497,T
5-NP,300,498,0,0,0,498,A
5-NP,301,0,0,496,0,496,G
5-NP,302,486,0,1,0,487,A
5-NP,303,0,488,0,0,488,T
5-NP,304,0,1,483,0,484,G
5-NP,305,0,0,492,0,492,G
5-NP,306,491,0,0,0,491,A
5-NP,307,492,0,0,0,492,A
5-NP,308,486,0,0,0,486,A
5-NP,309,485,0,1,0,486,A
5-NP,310,0,484,0,0,484,T
5-NP,311,0,0,490,0,490,G
5-NP,312,2,0,492,0,494,G
5-NP,313,491,0,0,0,491,A
5-NP,314,0,486,0,2,488,T
5-NP,315,0,2,490,0,492,G
5-NP,316,491,0,0,0,491,A
5-NP,317,0,0,494,0,494,G
5-NP,318,0,0,492,0,492,G
5-NP,319,0,2,500,0,502,G
5-NP,320,520,0,0,0,520,A
5-NP,321,528,0,0,0,528,A
5-NP,322,0,0,0,548,548,C
5-NP,323,0,536,0,0,536,T
5-NP,324,0,0,0,568,568,C
5-NP,325,0,0,583,0,583,G
5-NP,326,0,596,0,1,597,T
5-NP,327,0,0,0,604,604,C
5-NP,328,1,0,0,743,744,C
5-NP,329,0,746,0,0,746,T
5-NP,330,0,755,0,0,755,T
5-NP,331,0,755,0,0,755,T
5-NP,332,762,0,0,0,762,A
5-NP,333,0,768,0,0,768,T
5-NP,334,0,1,764,0,765,G
5-NP,335,779,0,0,0,779,A
5-NP,336,0,0,0,781,781,C
5-NP,337,769,0,0,0,769,A
5-NP,338,773,0,0,0,773,A
5-NP,339,776,0,0,1,777,A
5-NP,340,0,1,858,0,859,G
5-NP,341,857,0,0,0,857,A
5-NP,342,861,0,0,1,862,A
5-NP,343,1,0,949,0,950,G
5-NP,344,958,0,0,1,959,A
5-NP,345,965,0,1,0,966,A
5-NP,346,969,0,0,1,970,A
5-NP,347,0,967,0,1,968,T
5-NP,348,967,0,0,0,967,A
5-NP,349,963,0,1,0,964,A
5-NP,350,0,2,989,0,991,G
5-NP,351,0,0,994,0,994,G
5-NP,352,0,0,0,980,980,C
5-NP,353,0,0,985,0,985,G
5-NP,354,994,0,0,0,994,A
5-NP,355,1022,0,0,0,1022,A
5-NP,356,0,1025,0,0,1025,T
5-NP,357,2,0,0,1024,1026,C
5-NP,358,0,1029,0,0,1029,T
5-NP,359,0,0,1023,0,1023,G
5-NP,360,0,0,1027,0,1027,G
5-NP,361,0,1,0,1031,1032,C
5-NP,362,0,1,1026,0,1027,G
5-NP,363,1,0,0,1025,1026,C
5-NP,364,0,0,0,1022,1022,C
5-NP,365,1037,0,0,0,1037,A
5-NP,366,1072,0,0,0,1072,A
5-NP,367,0,0,1137,0,1137,G
5-NP,368,0,0,0,1141,1141,C
5-NP,369,0,0,0,1187,1187,C
5-NP,370,1188,0,2,2,1192,A
5-NP,371,1238,0,2,0,1240,A
5-NP,372,0,0,0,1259,1259,C
5-NP,373,1263,0,0,1,1264,A
5-NP,374,1319,0,1,0,1320,A
5-NP,375,0,1322,0,2,1324,T
5-NP,376,1,4,1371,0,1376,G
5-NP,377,1,0,1378,0,1379,G
5-NP,378,0,1361,0,0,1361,T
5-NP,379,0,2,1378,0,1380,G
5-NP,380,1370,0,2,0,1372,A
5-NP,381,0,3,1440,0,1443,G
5-NP,382,3,1,1442,0,1446,G
5-NP,383,1472,0,0,0,1472,A
5-NP,384,0,1667,0,1,1668,T
5-NP,385,0,0,1718,0,1718,G
5-NP,386,0,0,0,1719,1719,C
5-NP,387,1,1734,0,0,1735,T
5-NP,388,1745,0,0,0,1745,A
5-NP,389,0,1,0,1786,1787,C
5-NP,390,1784,0,0,0,1784,A
5-NP,391,0,1783,0,0,1783,T
5-NP,392,0,0,0,1779,1779,C
5-NP,393,0,1722,0,1,1723,T
5-NP,394,0,4,1811,0,1815,G
5-NP,395,0,2,1846,0,1848,G
5-NP,396,0,1842,0,2,1844,T
5-NP,397,1,0,0,1853,1854,C
5-NP,398,0,1846,0,0,1846,T
5-NP,399,1885,0,0,0,1885,A
5-NP,400,1882,0,1,1,1884,A
5-NP,401,1,0,0,1908,1909,C
5-NP,402,0,1912,0,0,1912,T
5-NP,403,1,0,0,1960,1961,C
5-NP,404,1951,0,0,0,1951,A
5-NP,405,0,1,0,2078,2079,C
5-NP,406,2070,0,1,0,2071,A
5-NP,407,0,2095,0,0,2095,T
5-NP,408,2081,0,0,0,2081,A
5-NP,409,2088,0,0,0,2088,A
5-NP,410,0,2101,0,1,2102,T
5-NP,411,0,3,2125,0,2128,G
5-NP,412,2119,0,0,0,2119,A
5-NP,413,0,2097,0,0,2097,T
5-NP,414,0,2069,0,0,2069,T
5-NP,415,0,2062,0,1,2063,T
5-NP,416,0,3,2049,0,2052,G
5-NP,417,2,1,2055,0,2058,G
5-NP,418,0,0,0,2064,2064,C
5-NP,419,2060,0,0,0,2060,A
5-NP,420,1,2059,0,0,2060,T
5-NP,421,0,2057,0,3,2060,T
5-NP,422,2,1,0,2059,2062,C
5-NP,423,1,0,0,2065,2066,C
5-NP,424,2121,0,0,0,2121,A
5-NP,425,2126,0,0,0,2126,A
5-NP,426,0,2130,0,1,2131,T
5-NP,427,0,2128,0,0,2128,T
5-NP,428,0,2127,0,0,2127,T
5-NP,429,2,1,2140,0,2143,G
5-NP,430,2138,0,0,0,2138,A
5-NP,431,2137,0,2,0,2139,A
5-NP,432,0,2156,0,1,2157,T
5-NP,433,0,1,2148,0,2149,G
5-NP,434,2220,0,4,0,2224,A
5-NP,435,0,2230,1,4,2235,T
5-NP,436,1,0,2247,0,2248,G
5-NP,437,0,0,0,2328,2328,C
5-NP,438,2318,0,2,0,2320,A
5-NP,439,2464,0,3,0,2467,A
5-NP,440,0,0,0,2467,2467,C
5-NP,441,2504,0,1,0,2505,A
5-NP,442,0,2581,0,0,2581,T
5-NP,443,2544,0,5,0,2549,A
5-NP,444,1,1,0,2602,2604,C
5-NP,445,3,0,0,2595,2598,C
5-NP,446,2548,0,2,0,2550,A
5-NP,447,0,1,2591,0,2592,G
5-NP,448,2530,0,2,0,2532,A
5-NP,449,0,1,2610,0,2611,G
5-NP,450,0,2,2598,0,2600,G
5-NP,451,2583,0,3,0,2586,A
5-NP,452,0,0,0,2637,2637,C
5-NP,453,2613,0,0,0,2613,A
5-NP,454,2619,0,0,1,2620,A
5-NP,455,0,3,2625,0,2628,G
5-NP,456,2593,0,5,0,2598,A
5-NP,457,0,1,2619,0,2620,G
5-NP,458,1,0,0,2617,2618,C
5-NP,459,0,2610,0,5,2615,T
5-NP,460,2,0,0,2631,2633,C
5-NP,461,0,2619,0,2,2621,T
5-NP,462,0,2636,0,3,2639,T
5-NP,463,0,3,2649,0,2652,G
5-NP,464,0,2640,0,1,2641,T
5-NP,465,0,2640,0,4,2644,T
5-NP,466,3,1,1,2636,2641,C
5-NP,467,0,8,2627,0,2635,G
5-NP,468,2680,0,0,0,2680,A
5-NP,469,2679,0,7,0,2686,A
5-NP,470,1,0,0,2706,2707,C
5-NP,471,0,2713,0,0,2713,T
5-NP,472,1,3,2764,0,2768,G
5-NP,473,0,1,2766,0,2767,G
5-NP,474,2778,0,1,0,2779,A
5-NP,475,2780,0,3,0,2783,A
5-NP,476,0,2770,0,0,2770,T
5-NP,477,0,6,2779,0,2785,G
5-NP,478,0,4,2789,0,2793,G
5-NP,479,2815,0,5,0,2820,A
5-NP,480,0,2859,0,3,2862,T
5-NP,481,2,0,0,2870,2872,C
5-NP,482,0,0,0,2883,2883,C
5-NP,483,7,0,0,2898,2905,C
5-NP,484,2948,1,1,0,2950,A
5-NP,485,0,3,3009,0,3012,G
5-NP,486,3020,1,0,0,3021,A
5-NP,487,3020,0,0,0,3020,A
5-NP,488,0,3011,0,1,3012,T
5-NP,489,1,0,3069,1,3071,G
5-NP,490,0,3049,0,3,3052,T
5-NP,491,1,1,3084,0,3086,G
5-NP,492,0,2,0,3093,3095,C
5-NP,493,0,3079,0,4,3083,T
5-NP,494,2,1,0,3399,3402,C
5-NP,495,0,3397,0,0,3397,T
5-NP,496,1,0,0,3598,3599,C
5-NP,497,2,3577,0,8,3587,T
5-NP,498,1,2,3603,0,3606,G
5-NP,499,3636,0,0,0,3636,A
5-NP,500,0,3634,0,0,3634,T
5-NP,501,0,1,3626,0,3627,G
5-NP,502,0,0,0,3630,3630,C
5-NP,503,3528,1,2,0,3531,A
5-NP,504,0,3,3654,0,3657,G
5-NP,505,0,2,3595,0,3597,G
5-NP,506,1,0,3643,1,3645,G
5-NP,507,0,0,0,3646,3646,C
5-NP,508,0,3621,2,5,3628,T
5-NP,509,2,1,0,3666,3669,C
5-NP,510,0,5,3667,0,3672,G
5-NP,511,3735,0,0,0,3735,A
5-NP,512,1,0,0,3739,3740,C
5-NP,513,0,3702,0,4,3706,T
5-NP,514,5,0,0,3928,3933,C
5-NP,515,1,3894,0,4,3899,T
5-NP,516,4,1,0,4538,4543,C
5-NP,517,4,0,0,4541,4545,C
5-NP,518,4,2,0,4561,4567,C
5-NP,519,0,4563,0,6,4569,T
5-NP,520,4564,0,0,0,4564,A
5-NP,521,0,3,4557,0,4560,G
5-NP,522,4534,0,1,0,4535,A
5-NP,523,4443,0,2,1,4446,A
5-NP,524,1,6,4449,0,4456,G
5-NP,525,0,2,4423,0,4425,G
5-NP,526,1,4356,0,1,4358,T
5-NP,527,2,0,0,4407,4409,C
5-NP,528,2,3,0,4405,4410,C
5-NP,529,1,6,4405,0,4412,G
5-NP,530,0,4,4424,0,4428,G
5-NP,531,4419,1,3,0,4423,A
5-NP,532,1,0,4485,0,4486,G
5-NP,533,2,0,0,4513,4515,C
5-NP,534,2,4456,0,9,4467,T
5-NP,535,1,0,4496,0,4497,G
5-NP,536,0,1,0,4515,4516,C
5-NP,537,4488,3,6,1,4498,A
5-NP,538,1,1,4518,0,4520,G
5-NP,539,0,0,4532,0,4532,G
5-NP,540,0,4480,0,2,4482,T
5-NP,541,1,0,4531,0,4532,G
5-NP,542,0,1,0,4530,4531,C
5-NP,543,0,4540,0,1,4541,T
5-NP,544,0,0,4555,0,4555,G
5-NP,545,2,2,0,4550,4554,C
5-NP,546,4607,0,3,1,4611,A
5-NP,547,1,0,4706,0,4707,G
5-NP,548,1,4667,0,1,4669,T
5-NP,549,3,1,0,4688,4692,C
5-NP,550,4695,0,1,0,4696,A
5-NP,551,4682,1,1,1,4685,A
5-NP,552,4687,3,5,1,4696,A
5-NP,553,0,3,4725,0,4728,G
5-NP,554,0,6,4735,0,4741,G
5-NP,555,4738,0,0,0,4738,A
5-NP,556,4698,0,26,0,4724,A
5-NP,557,0,4736,1,2,4739,T
5-NP,558,7,2,0,4744,4753,C
5-NP,559,2,7,4724,0,4733,G
5-NP,560,3,5,4871,1,4880,G
5-NP,561,4,1,4855,0,4860,G
5-NP,562,4846,0,16,1,4863,A
5-NP,563,1,0,0,4893,4894,C
5-NP,564,4831,0,0,0,4831,A
5-NP,565,4938,0,0,1,4939,A
5-NP,566,1,4985,0,3,4989,T
5-NP,567,1,6,5008,0,5015,G
5-NP,568,0,3,5108,0,5111,G
5-NP,569,0,5084,0,1,5085,T
5-NP,570,0,2,5174,0,5176,G
5-NP,571,5150,1,3,0,5154,A
5-NP,572,0,5155,0,1,5156,T
5-NP,573,1,6,5158,0,5165,G
5-NP,574,3,4,5209,0,5216,G
5-NP,575,5154,2,1,2,5159,A
5-NP,576,5211,1,0,0,5212,A
5-NP,577,3,2,0,5222,5227,C
5-NP,578,0,5104,2,3,5109,T
5-NP,579,1,14,5365,0,5380,G
5-NP,580,5319,0,2,0,5321,A
5-NP,581,0,5359,0,1,5360,T
5-NP,582,2,0,0,5369,5371,C
5-NP,583,5276,2,1,0,5279,A
5-NP,584,0,2,5473,0,5475,G
5-NP,585,5416,0,3,0,5419,A
5-NP,586,5430,0,2,0,5432,A
5-NP,587,2,5460,1,0,5463,T
5-NP,588,3,6,5392,0,5401,G
5-NP,589,4,1,5451,0,5456,G
5-NP,590,1,5422,1,9,5433,T
5-NP,591,5,0,0,5459,5464,C
5-NP,592,5475,0,0,0,5475,A
5-NP,593,5414,0,2,0,5416,A
5-NP,594,5438,0,0,0,5438,A
5-NP,595,2,3,0,5445,5450,C
5-NP,596,12,8,5423,0,5443,G
5-NP,597,1,6,5444,0,5451,G
5-NP,598,0,5,5403,0,5408,G
5-NP,599,1,6,5435,2,5444,G
5-NP,600,8,6,5466,0,5480,G
5-NP,601,5469,1,6,0,5476,A
5-NP,602,0,5436,1,11,5448,T
5-NP,603,2,3,0,5475,5480,C
5-NP,604,5481,0,6,1,5488,A
5-NP,605,5474,0,6,0,5480,A
5-NP,606,1,2,1,5435,5439,C
5-NP,607,0,1,5412,0,5413,G
5-NP,608,5388,0,5,0,5393,A
5-NP,609,0,5380,0,3,5383,T
5-NP,610,2,3,0,5397,5402,C
5-NP,611,11,2,5413,0,5426,G
5-NP,612,5387,0,0,0,5387,A
5-NP,613,5411,0,1,0,5412,A
5-NP,614,5405,0,0,0,5405,A
5-NP,615,0,5489,0,0,5489,T
5-NP,616,1,5472,0,3,5476,T
5-NP,617,0,5492,0,0,5492,T
5-NP,618,1,5482,1,0,5484,T
5-NP,619,0,5496,1,2,5499,T
5-NP,620,3,5,5506,0,5514,G
5-NP,621,2,7,5497,0,5506,G
5-NP,622,5456,0,4,0,5460,A
5-NP,623,2,1,5507,0,5510,G
5-NP,624,5431,1,0,0,5432,A
5-NP,625,0,3,5708,0,5711,G
5-NP,626,0,1,5720,0,5721,G
5-NP,627,0,5602,1,7,5610,T
5-NP,628,1,18,5705,0,5724,G
5-NP,629,5705,0,9,0,5714,A
5-NP,630,1,3,5764,0,5768,G
5-NP,631,5732,0,5,0,5737,A
5-NP,632,5733,0,2,0,5735,A
5-NP,633,0,5721,0,2,5723,T
5-NP,634,0,8,5570,0,5578,G
5-NP,635,1,3,5518,0,5522,G
5-NP,636,2,9,5503,0,5514,G
5-NP,637,2,4,0,5483,5489,C
5-NP,638,10,4,5534,0,5548,G
5-NP,639,14,7,5576,0,5597,G
5-NP,640,5553,0,3,0,5556,A
5-NP,641,5576,0,2,0,5578,A
5-NP,642,5658,0,12,0,5670,A
5-NP,643,5686,0,2,1,5689,A
5-NP,644,0,0,1,5726,5727,C
5-NP,645,5702,0,3,0,5705,A
5-NP,646,5688,0,5,0,5693,A
5-NP,647,0,2,5703,0,5705,G
5-NP,648,5546,1,3,0,5550,A
5-NP,649,5567,0,1,0,5568,A
5-NP,650,0,11,5725,0,5736,G
5-NP,651,0,5667,0,5,5672,T
5-NP,652,0,1,6020,0,6021,G
5-NP,653,0,0,0,5993,5993,C
5-NP,654,0,5994,0,4,5998,T
5-NP,655,0,6028,0,1,6029,T
5-NP,656,6097,0,0,0,6097,A
5-NP,657,0,6114,1,0,6115,T
5-NP,658,0,9,6130,0,6139,G
5-NP,659,5973,1,12,0,5986,A
5-NP,660,1,9,6018,0,6028,G
5-NP,661,5739,0,6,1,5746,A
5-NP,662,2,3,5789,0,5794,G
5-NP,663,5768,0,0,0,5768,A
5-NP,664,5809,0,0,1,5810,A
5-NP,665,0,5753,1,1,5755,T
5-NP,666,2,0,5866,0,5868,G
5-NP,667,3,5789,0,12,5804,T
5-NP,668,4,3,5861,0,5868,G
5-NP,669,1,3,0,5855,5859,C
5-NP,670,5850,0,4,1,5855,A
5-NP,671,5847,1,6,0,5854,A
5-NP,672,0,1,0,5833,5834,C
5-NP,673,5792,0,0,0,5792,A
5-NP,674,0,5815,0,1,5816,T
5-NP,675,0,5752,0,4,5756,T
5-NP,676,5,0,0,5755,5760,C
5-NP,677,0,5753,0,4,5757,T
5-NP,678,0,5757,0,1,5758,T
5-NP,679,5744,0,1,0,5745,A
5-NP,680,5727,0,1,1,5729,A
5-NP,681,5729,0,1,1,5731,A
5-NP,682,1,2,5751,0,5754,G
5-NP,683,2,2,5731,0,5735,G
5-NP,684,5710,0,0,0,5710,A
5-NP,685,5701,0,0,0,5701,A
5-NP,686,5701,0,3,0,5704,A
5-NP,687,5766,0,0,0,5766,A
5-NP,688,0,5751,0,1,5752,T
5-NP,689,0,5760,1,0,5761,T
5-NP,690,0,5761,1,1,5763,T
5-NP,691,4,0,0,5781,5785,C
5-NP,692,5794,0,2,0,5796,A
5-NP,693,5788,1,1,0,5790,A
5-NP,694,5776,0,1,0,5777,A
5-NP,695,0,1,0,5857,5858,C
5-NP,696,5756,0,2,0,5758,A
5-NP,697,0,1,5844,0,5845,G
5-NP,698,1,0,0,5848,5849,C
5-NP,699,1,5831,1,3,5836,T
5-NP,700,3,1,5944,0,5948,G
5-NP,701,1,3,0,5950,5954,C
5-NP,702,5993,1,3,0,5997,A
5-NP,703,0,1,0,5983,5984,C
5-NP,704,5975,0,1,0,5976,A
5-NP,705,5989,0,1,1,5991,A
5-NP,706,5849,0,21,1,5871,A
5-NP,707,0,11,6087,1,6099,G
5-NP,708,6065,0,12,0,6077,A
5-NP,709,1,0,6143,0,6144,G
5-NP,710,0,2,0,6114,6116,C
5-NP,711,6119,0,2,0,6121,A
5-NP,712,6282,0,3,0,6285,A
5-NP,713,1,6303,0,0,6304,T
5-NP,714,0,6,6299,0,6305,G
5-NP,715,0,1,6316,0,6317,G
5-NP,716,1,6141,0,4,6146,T
5-NP,717,1,5,6194,0,6200,G
5-NP,718,0,5,6214,0,6219,G
5-NP,719,6229,1,1,1,6232,A
5-NP,720,0,6221,0,1,6222,T
5-NP,721,3,0,0,6102,6105,C
5-NP,722,6143,1,1,0,6145,A
5-NP,723,6167,0,4,0,6171,A
5-NP,724,0,2,6210,0,6212,G
5-NP,725,0,6143,0,3,6146,T
5-NP,726,1,5,6166,0,6172,G
5-NP,727,6099,0,3,1,6103,A
5-NP,728,0,11,6124,0,6135,G
5-NP,729,6124,1,9,0,6134,A
5-NP,730,0,4,6120,0,6124,G
5-NP,731,6071,0,8,0,6079,A
5-NP,732,6006,0,1,0,6007,A
5-NP,733,6022,0,10,2,6034,A
5-NP,734,0,2,6056,0,6058,G
5-NP,735,0,5992,1,2,5995,T
5-NP,736,7,2,0,6013,6022,C
5-NP,737,2,5,5989,0,5996,G
5-NP,738,3,5,5983,0,5991,G
5-NP,739,6009,1,3,1,6014,A
5-NP,740,6030,1,2,0,6033,A
5-NP,741,0,0,0,6062,6062,C
5-NP,742,5,2,0,6021,6028,C
5-NP,743,5,1,0,6034,6040,C
5-NP,744,5997,0,16,1,6014,A
5-NP,745,1,2,6052,1,6056,G
5-NP,746,0,8,6021,3,6032,G
5-NP,747,6035,0,0,1,6036,A
5-NP,748,6035,0,2,0,6037,A
5-NP,749,5971,0,9,0,5980,A
5-NP,750,3,3,0,6000,6006,C
5-NP,751,1,0,5973,0,5974,G
5-NP,752,2,2,0,5972,5976,C
5-NP,753,3,4,0,5951,5958,C
5-NP,754,0,1,5991,0,5992,G
5-NP,755,5975,0,1,0,5976,A
5-NP,756,1,2,6055,0,6058,G
5-NP,757,6078,0,2,0,6080,A
5-NP,758,0,6035,0,0,6035,T
5-NP,759,6,0,0,6053,6059,C
5-NP,760,11,8,6060,0,6079,G
5-NP,761,6050,1,1,0,6052,A
5-NP,762,6059,0,1,1,6061,A
5-NP,763,0,4,6086,0,6090,G
5-NP,764,6081,1,0,0,6082,A
5-NP,765,2,6063,1,2,6068,T
5-NP,766,2,1,0,6127,6130,C
5-NP,767,0,6144,0,5,6149,T
5-NP,768,7,0,0,6174,6181,C
5-NP,769,6202,0,1,0,6203,A
5-NP,770,0,6204,1,1,6206,T
5-NP,771,6202,0,0,0,6202,A
5-NP,772,0,6212,0,1,6213,T
5-NP,773,0,6160,0,3,6163,T
5-NP,774,1,6155,0,0,6156,T
5-NP,775,0,6079,0,1,6080,T
5-NP,776,0,6074,0,15,6089,T
5-NP,777,6092,0,1,0,6093,A
5-NP,778,0,0,6080,0,6080,G
5-NP,779,2,6,0,6075,6083,C
5-NP,780,6067,0,0,1,6068,A
5-NP,781,6051,0,2,1,6054,A
5-NP,782,0,3,6232,0,6235,G
5-NP,783,6203,0,1,0,6204,A
5-NP,784,0,6200,0,1,6201,T
5-NP,785,4,0,1,6263,6268,C
5-NP,786,2,6216,0,9,6227,T
5-NP,787,2,1,6431,0,6434,G
5-NP,788,3,1,0,6442,6446,C
5-NP,789,6445,1,2,0,6448,A
5-NP,790,0,6514,0,0,6514,T
5-NP,791,0,6344,1,1,6346,T
5-NP,792,0,3,6714,0,6717,G
5-NP,793,6813,2,2,0,6817,A
5-NP,794,1,6802,0,0,6803,T
5-NP,795,6813,0,2,0,6815,A
5-NP,796,0,6696,1,1,6698,T
5-NP,797,1,6641,0,16,6658,T
5-NP,798,2,14,6698,0,6714,G
5-NP,799,6631,0,2,0,6633,A
5-NP,800,1,2,6683,1,6687,G
5-NP,801,6340,0,9,1,6350,A
5-NP,802,1,10,6270,0,6281,G
5-NP,803,0,11,6340,2,6353,G
5-NP,804,6331,0,0,0,6331,A
5-NP,805,2,6267,0,2,6271,T
5-NP,806,6,2,0,6352,6360,C
5-NP,807,6316,1,3,1,6321,A
5-NP,808,0,3,6366,0,6369,G
5-NP,809,0,6332,1,3,6336,T
5-NP,810,0,6292,0,1,6293,T
5-NP,811,3,1,6293,0,6297,G
5-NP,812,0,5,0,6231,6236,C
5-NP,813,0,6236,0,8,6244,T
5-NP,814,11,1,0,6256,6268,C
5-NP,815,6258,0,5,0,6263,A
5-NP,816,2,0,0,6291,6293,C
5-NP,817,6295,1,1,0,6297,A
5-NP,818,6329,0,3,0,6332,A
5-NP,819,6309,0,1,0,6310,A
5-NP,820,0,6260,0,1,6261,T
5-NP,821,5,0,0,6311,6316,C
5-NP,822,0,6297,0,5,6302,T
5-NP,823,0,6279,1,1,6281,T
5-NP,824,1,0,6311,0,6312,G
5-NP,825,1,3,0,6299,6303,C
5-NP,826,5,0,0,6370,6375,C
5-NP,827,0,6381,1,9,6391,T
5-NP,828,6349,2,4,0,6355,A
5-NP,829,2,2,0,6435,6439,C
5-NP,830,1,0,0,6443,6444,C
5-NP,831,3,6400,1,5,6409,T
5-NP,832,1,0,6501,0,6502,G
5-NP,833,0,2,0,6457,6459,C
5-NP,834,3,0,0,6496,6499,C
5-NP,835,0,6409,0,4,6413,T
5-NP,836,2,0,6500,0,6502,G
5-NP,837,0,6432,0,8,6440,T
5-NP,838,0,1,6543,0,6544,G
5-NP,839,1,9,1,6541,6552,C
5-NP,840,2,0,6666,0,6668,G
5-NP,841,1,6572,0,1,6574,T
5-NP,842,6560,0,3,0,6563,A
5-NP,843,1,6558,0,3,6562,T
5-NP,844,0,9,6573,0,6582,G
5-NP,845,0,5,6786,1,6792,G
5-NP,846,6738,0,9,0,6747,A
5-NP,847,1,0,0,6644,6645,C
5-NP,848,6,0,0,6664,6670,C
5-NP,849,1,6569,0,7,6577,T
5-NP,850,2,2,6852,0,6856,G
5-NP,851,1,0,0,6865,6866,C
5-NP,852,6886,1,4,0,6891,A
5-NP,853,1,0,6995,0,6996,G
5-NP,854,1,6669,0,1,6671,T
5-NP,855,6942,0,1,0,6943,A
5-NP,856,2,6892,0,8,6902,T
5-NP,857,6,1,0,6889,6896,C
5-NP,858,4,1,0,6898,6903,C
5-NP,859,6607,0,1,0,6608,A
5-NP,860,3,2,6638,0,6643,G
5-NP,861,1,6588,0,1,6590,T
5-NP,862,1,5,6672,0,6678,G
5-NP,863,0,5,6636,0,6641,G
5-NP,864,1,1,6531,0,6533,G
5-NP,865,1,6501,0,8,6510,T
5-NP,866,6523,0,4,0,6527,A
5-NP,867,1,2,0,6515,6518,C
5-NP,868,3,8,6496,0,6507,G
5-NP,869,6462,0,1,0,6463,A
5-NP,870,1,1,0,6469,6471,C
5-NP,871,0,6312,0,1,6313,T
5-NP,872,0,6288,0,3,6291,T
5-NP,873,6,1,0,6323,6330,C
5-NP,874,2,2,6337,0,6341,G
5-NP,875,6315,0,4,1,6320,A
5-NP,876,6320,0,1,0,6321,A
5-NP,877,6360,0,1,0,6361,A
5-NP,878,6347,0,0,0,6347,A
5-NP,879,6310,0,10,0,6320,A
5-NP,880,1,7,6359,1,6368,G
5-NP,881,6314,1,13,0,6328,A
5-NP,882,2,8,6351,0,6361,G
5-NP,883,0,4,6457,0,6461,G
5-NP,884,0,7,6461,0,6468,G
5-NP,885,6465,0,5,0,6470,A
5-NP,886,1,6446,0,2,6449,T
5-NP,887,6497,0,3,0,6500,A
5-NP,888,0,6481,0,2,6483,T
5-NP,889,0,6496,0,1,6497,T
5-NP,890,3,0,1,6560,6564,C
5-NP,891,5,2,0,6526,6533,C
5-NP,892,0,6443,0,1,6444,T
5-NP,893,0,6471,0,0,6471,T
5-NP,894,0,4,6538,0,6542,G
5-NP,895,1,0,6579,0,6580,G
5-NP,896,0,6496,0,3,6499,T
5-NP,897,1,7,6504,0,6512,G
5-NP,898,1,1,6460,0,6462,G
5-NP,899,1,5,6744,0,6750,G
5-NP,900,6736,0,4,0,6740,A
5-NP,901,6741,0,1,11,6753,A
5-NP,902,0,6762,0,2,6764,T
5-NP,903,6656,0,6,0,6662,A
5-NP,904,0,3,6641,0,6644,G
5-NP,905,6542,0,9,0,6551,A
5-NP,906,2,2,0,6545,6549,C
5-NP,907,8,1,0,6496,6505,C
5-NP,908,11,0,0,6341,6352,C
5-NP,909,0,6418,2,11,6431,T
5-NP,910,0,6427,0,4,6431,T
5-NP,911,0,6435,0,3,6438,T
5-NP,912,2,3,0,6438,6443,C
5-NP,913,6448,0,1,0,6449,A
5-NP,914,6450,0,0,0,6450,A
5-NP,915,6419,0,3,0,6422,A
5-NP,916,1,0,0,6428,6429,C
5-NP,917,0,6259,0,1,6260,T
5-NP,918,6249,0,1,0,6250,A
5-NP,919,0,0,0,6333,6333,C
5-NP,920,1,6308,2,2,6313,T
5-NP,921,1,6285,0,4,6290,T
5-NP,922,6,14,1,6327,6348,C
5-NP,923,6332,0,1,1,6334,A
5-NP,924,6336,0,9,0,6345,A
5-NP,925,6317,1,0,0,6318,A
5-NP,926,6321,0,1,0,6322,A
5-NP,927,0,6226,0,8,6234,T
5-NP,928,6177,0,2,2,6181,A
5-NP,929,0,0,6282,0,6282,G
5-NP,930,1,0,1,6310,6312,C
5-NP,931,4,2,0,6398,6404,C
5-NP,932,6416,0,0,0,6416,A
5-NP,933,6433,0,1,0,6434,A
5-NP,934,6669,0,2,0,6671,A
5-NP,935,0,6683,0,1,6684,T
5-NP,936,6711,1,1,0,6713,A
5-NP,937,0,6688,0,1,6689,T
5-NP,938,6588,2,3,0,6593,A
5-NP,939,2,2,0,6608,6612,C
5-NP,940,6453,0,3,1,6457,A
5-NP,941,2,0,6603,0,6605,G
5-NP,942,1,0,0,6572,6573,C
5-NP,943,0,6399,0,6,6405,T
5-NP,944,1,6472,0,1,6474,T
5-NP,945,6504,1,2,0,6507,A
5-NP,946,6525,0,0,0,6525,A
5-NP,947,0,6505,0,0,6505,T
5-NP,948,4,1,0,6495,6500,C
5-NP,949,6299,0,7,0,6306,A
5-NP,950,1,8,6362,0,6371,G
5-NP,951,6311,1,7,0,6319,A
5-NP,952,0,0,1,6397,6398,C
5-NP,953,2,1,0,6361,6364,C
5-NP,954,0,6275,1,8,6284,T
5-NP,955,6342,0,1,0,6343,A
5-NP,956,6330,1,1,0,6332,A
5-NP,957,1,1,0,6358,6360,C
5-NP,958,0,7,6363,0,6370,G
5-NP,959,6224,0,4,0,6228,A
5-NP,960,2,3,6235,0,6240,G
5-NP,961,6190,2,6,0,6198,A
5-NP,962,6260,0,1,0,6261,A
5-NP,963,0,6230,0,2,6232,T
5-NP,964,1,1,0,6190,6192,C
5-NP,965,1,2,0,6188,6191,C
5-NP,966,6050,2,10,0,6062,A
5-NP,967,0,0,6146,0,6146,G
5-NP,968,1,1,0,6122,6124,C
5-NP,969,6145,2,4,0,6151,A
5-NP,970,0,1,1,6207,6209,C
5-NP,971,6146,0,2,0,6148,A
5-NP,972,1,1,0,6183,6185,C
5-NP,973,6171,0,1,0,6172,A
5-NP,974,6216,0,5,0,6221,A
5-NP,975,0,10,6230,0,6240,G
5-NP,976,6180,0,2,0,6182,A
5-NP,977,9,1,6178,0,6188,G
5-NP,978,1,6051,0,1,6053,T
5-NP,979,7,0,0,6043,6050,C
5-NP,980,6050,1,6,0,6057,A
5-NP,981,2,0,6053,0,6055,G
5-NP,982,1,3,0,6023,6027,C
5-NP,983,0,5979,0,2,5981,T
5-NP,984,1,2,6030,0,6033,G
5-NP,985,0,0,6053,0,6053,G
5-NP,986,0,6012,0,4,6016,T
5-NP,987,1,1,6071,0,6073,G
5-NP,988,1,5993,0,9,6003,T
5-NP,989,1,7,6010,0,6018,G
5-NP,990,2,3,6004,0,6009,G
5-NP,991,5971,0,4,0,5975,A
5-NP,992,0,5966,1,6,5973,T
5-NP,993,4,6,5770,0,5780,G
5-NP,994,1,1,5756,0,5758,G
5-NP,995,1,2,0,5733,5736,C
5-NP,996,5713,0,10,1,5724,A
5-NP,997,0,5714,1,1,5716,T
5-NP,998,0,10,5700,0,5710,G
5-NP,999,1,0,0,5743,5744,C
5-NP,1000,6,0,0,5749,5755,C
5-NP,1001,5771,0,1,0,5772,A
5-NP,1002,0,5715,0,39,5754,T
5-NP,1003,1,5668,0,3,5672,T
5-NP,1004,2,0,0,5705,5707,C
5-NP,1005,0,5662,0,2,5664,T
5-NP,1006,1,2,5647,1,5651,G
5-NP,1007,1,0,0,5648,5649,C
5-NP,1008,2,5502,0,12,5516,T
5-NP,1009,1,0,5547,0,5548,G
5-NP,1010,0,0,0,5479,5479,C
5-NP,1011,5500,0,1,0,5501,A
5-NP,1012,0,5492,0,0,5492,T
5-NP,1013,0,5453,0,0,5453,T
5-NP,1014,1,5440,0,3,5444,T
5-NP,1015,0,3,5440,0,5443,G
5-NP,1016,5433,0,3,0,5436,A
5-NP,1017,5437,0,5,0,5442,A
5-NP,1018,0,5,5483,0,5488,G
5-NP,1019,5472,1,1,0,5474,A
5-NP,1020,0,5458,0,0,5458,T
5-NP,1021,0,5461,0,0,5461,T
5-NP,1022,0,5465,0,1,5466,T
5-NP,1023,5452,1,3,0,5456,A
5-NP,1024,5464,0,3,0,5467,A
5-NP,1025,0,1,5470,1,5472,G
5-NP,1026,5456,1,2,0,5459,A
5-NP,1027,0,5430,0,0,5430,T
5-NP,1028,0,5339,1,0,5340,T
5-NP,1029,0,0,5373,0,5373,G
5-NP,1030,1,5354,0,7,5362,T
5-NP,1031,1,5364,0,4,5369,T
5-NP,1032,5375,0,2,0,5377,A
5-NP,1033,5366,0,2,0,5368,A
5-NP,1034,1,0,5370,0,5371,G
5-NP,1035,1,2,1,5378,5382,C
5-NP,1036,1,5247,3,11,5262,T
5-NP,1037,0,5275,1,2,5278,T
5-NP,1038,4,1,1,5324,5330,C
5-NP,1039,5339,0,1,0,5340,A
5-NP,1040,0,5313,0,4,5317,T
5-NP,1041,1,0,0,5333,5334,C
5-NP,1042,5252,0,2,1,5255,A
5-NP,1043,1,1,5261,0,5263,G
5-NP,1044,5195,0,6,1,5202,A
5-NP,1045,1,3,5200,1,5205,G
5-NP,1046,0,1,5172,0,5173,G
5-NP,1047,0,3,5140,0,5143,G
5-NP,1048,5113,0,9,1,5123,A
5-NP,1049,0,5,0,5109,5114,C
5-NP,1050,4,5,5094,0,5103,G
5-NP,1051,5132,1,1,0,5134,A
5-NP,1052,5138,0,0,0,5138,A
5-NP,1053,5132,0,6,0,5138,A
5-NP,1054,0,2,5132,0,5134,G
5-NP,1055,0,4996,0,8,5004,T
5-NP,1056,3,1,4952,0,4956,G
5-NP,1057,1,4955,0,14,4970,T
5-NP,1058,9,0,0,4964,4973,C
5-NP,1059,0,4945,0,6,4951,T
5-NP,1060,4,0,0,4964,4968,C
5-NP,1061,3,2,0,4987,4992,C
5-NP,1062,0,4955,0,0,4955,T
5-NP,1063,3,1,0,4984,4988,C
5-NP,1064,0,6,4976,0,4982,G
5-NP,1065,0,5,4980,1,4986,G
5-NP,1066,0,9,4969,0,4978,G
5-NP,1067,0,2,4968,0,4970,G
5-NP,1068,0,4,4974,0,4978,G
5-NP,1069,4896,0,3,0,4899,A
5-NP,1070,4906,0,0,0,4906,A
5-NP,1071,4901,0,3,0,4904,A
5-NP,1072,0,0,0,4915,4915,C
5-NP,1073,0,4900,0,1,4901,T
5-NP,1074,0,1,4953,0,4954,G
5-NP,1075,0,4898,0,4,4902,T
5-NP,1076,12,0,0,4900,4912,C
5-NP,1077,4999,0,5,0,5004,A
5-NP,1078,5017,1,1,0,5019,A
5-NP,1079,0,0,0,5057,5057,C
5-NP,1080,0,5031,0,0,5031,T
5-NP,1081,4950,0,2,0,4952,A
5-NP,1082,0,1,4970,1,4972,G
5-NP,1083,4879,0,2,0,4881,A
5-NP,1084,3,6,4882,0,4891,G
5-NP,1085,6,10,4874,0,4890,G
5-NP,1086,4671,0,5,0,4676,A
5-NP,1087,0,1,4761,1,4763,G
5-NP,1088,1,4686,0,2,4689,T
5-NP,1089,4683,0,3,0,4686,A
5-NP,1090,0,0,0,4705,4705,C
5-NP,1091,4659,0,1,1,4661,A
5-NP,1092,4650,3,1,0,4654,A
5-NP,1093,4618,0,0,0,4618,A
5-NP,1094,0,4573,0,0,4573,T
5-NP,1095,0,4570,0,2,4572,T
5-NP,1096,0,0,4433,0,4433,G
5-NP,1097,0,0,0,4381,4381,C
5-NP,1098,0,4369,1,5,4375,T
5-NP,1099,1,4373,0,3,4377,T
5-NP,1100,1,1,1,4379,4382,C
5-NP,1101,4378,0,1,0,4379,A
5-NP,1102,4408,0,0,0,4408,A
5-NP,1103,4408,0,1,0,4409,A
5-NP,1104,0,4412,1,1,4414,T
5-NP,1105,0,6,4403,1,4410,G
5-NP,1106,4326,1,5,0,4332,A
5-NP,1107,1,6,4367,0,4374,G
5-NP,1108,4361,0,6,0,4367,A
5-NP,1109,4358,0,2,0,4360,A
5-NP,1110,1,2,1,4382,4386,C
5-NP,1111,4331,1,1,1,4334,A
5-NP,1112,0,4338,0,1,4339,T
5-NP,1113,0,5,4399,1,4405,G
5-NP,1114,0,3,4436,0,4439,G
5-NP,1115,4420,0,5,0,4425,A
5-NP,1116,0,4366,0,0,4366,T
5-NP,1117,4324,0,0,0,4324,A
5-NP,1118,4606,0,0,0,4606,A
5-NP,1119,0,4533,0,0,4533,T
5-NP,1120,4526,0,1,0,4527,A
5-NP,1121,1,4491,0,0,4492,T
5-NP,1122,0,7,4213,0,4220,G
5-NP,1123,0,4,4138,0,4142,G
5-NP,1124,0,5,4117,0,4122,G
5-NP,1125,4098,0,1,0,4099,A
5-NP,1126,0,4074,0,3,4077,T
5-NP,1127,3,0,0,3359,3362,C
5-NP,1128,1,5,3362,0,3368,G
5-NP,1129,3353,0,4,1,3358,A
5-NP,1130,2,0,3354,0,3356,G
5-NP,1131,0,0,0,3338,3338,C
5-NP,1132,3307,1,1,0,3309,A
5-NP,1133,0,0,0,3463,3463,C
5-NP,1134,0,3419,1,3,3423,T
5-NP,1135,4,0,0,3446,3450,C
5-NP,1136,0,3441,1,2,3444,T
5-NP,1137,0,3422,0,0,3422,T
5-NP,1138,2,3,3419,0,3424,G
5-NP,1139,3401,1,6,0,3408,A
5-NP,1140,3414,0,0,0,3414,A
5-NP,1141,0,0,0,3421,3421,C
5-NP,1142,0,2867,1,0,2868,T
5-NP,1143,2,1,2874,0,2877,G
5-NP,1144,2811,0,3,0,2814,A
5-NP,1145,0,0,2811,0,2811,G
5-NP,1146,2824,0,1,0,2825,A
5-NP,1147,2810,0,1,0,2811,A
5-NP,1148,1,1,2811,0,2813,G
5-NP,1149,0,1,1,2772,2774,C
5-NP,1150,16,4,2752,0,2772,G
5-NP,1151,1,0,2768,0,2769,G
5-NP,1152,1,0,2775,0,2776,G
5-NP,1153,0,2731,0,2,2733,T
5-NP,1154,2689,0,0,0,2689,A
5-NP,1155,0,0,0,2682,2682,C
5-NP,1156,0,2403,0,1,2404,T
5-NP,1157,1,1,2418,0,2420,G
5-NP,1158,4,1,2395,0,2400,G
5-NP,1159,1,0,2406,0,2407,G
5-NP,1160,0,0,0,2374,2374,C
5-NP,1161,1,1,0,2299,2301,C
5-NP,1162,2329,0,0,0,2329,A
5-NP,1163,0,2333,1,1,2335,T
5-NP,1164,2334,0,1,0,2335,A
5-NP,1165,2338,0,2,0,2340,A
5-NP,1166,1,1,2325,1,2328,G
5-NP,1167,2,4,2363,0,2369,G
5-NP,1168,2320,0,0,0,2320,A
5-NP,1169,0,0,0,2331,2331,C
5-NP,1170,1,0,0,2328,2329,C
5-NP,1171,2307,0,2,0,2309,A
5-NP,1172,0,1,2369,0,2370,G
5-NP,1173,0,1,2366,0,2367,G
5-NP,1174,2348,0,1,0,2349,A
5-NP,1175,0,0,2379,0,2379,G
5-NP,1176,0,2281,0,0,2281,T
5-NP,1177,0,0,2299,2,2301,G
5-NP,1178,0,7,2306,0,2313,G
5-NP,1179,2303,1,5,0,2309,A
5-NP,1180,1,3,2332,0,2336,G
5-NP,1181,0,4,2285,0,2289,G
5-NP,1182,2274,0,1,0,2275,A
5-NP,1183,2271,0,1,0,2272,A
5-NP,1184,2273,0,1,0,2274,A
5-NP,1185,2,1,0,2277,2280,C
5-NP,1186,2278,0,1,0,2279,A
5-NP,1187,0,1,0,2321,2322,C
5-NP,1188,0,2290,0,0,2290,T
5-NP,1189,2332,0,0,0,2332,A
5-NP,1190,2325,0,0,0,2325,A
5-NP,1191,0,2320,0,1,2321,T
5-NP,1192,2,0,0,2355,2357,C
5-NP,1193,2340,0,1,0,2341,A
5-NP,1194,2357,0,0,0,2357,A
5-NP,1195,2,1,0,2359,2362,C
5-NP,1196,2316,0,0,0,2316,A
5-NP,1197,0,1,2308,0,2309,G
5-NP,1198,2243,0,4,0,2247,A
5-NP,1199,0,1,2248,0,2249,G
5-NP,1200,0,2,2251,0,2253,G
5-NP,1201,0,0,2222,0,2222,G
5-NP,1202,0,1,0,2213,2214,C
5-NP,1203,1,0,0,2214,2215,C
5-NP,1204,1,2189,0,2,2192,T
5-NP,1205,2,0,0,2194,2196,C
5-NP,1206,0,1,1,2197,2199,C
5-NP,1207,1,0,2192,0,2193,G
5-NP,1208,2,0,0,2188,2190,C
5-NP,1209,2175,0,0,0,2175,A
5-NP,1210,0,1,2210,0,2211,G
5-NP,1211,0,0,2193,0,2193,G
5-NP,1212,0,0,0,2217,2217,C
5-NP,1213,1,0,0,2231,2232,C
5-NP,1214,2227,0,0,0,2227,A
5-NP,1215,2232,0,0,0,2232,A
5-NP,1216,2236,0,0,0,2236,A
5-NP,1217,0,0,0,2235,2235,C
5-NP,1218,0,2101,0,0,2101,T
5-NP,1219,2137,0,0,0,2137,A
5-NP,1220,0,0,2153,0,2153,G
5-NP,1221,0,2128,0,0,2128,T
5-NP,1222,1,0,2150,0,2151,G
5-NP,1223,0,2091,0,5,2096,T
5-NP,1224,0,1,2106,0,2107,G
5-NP,1225,1,0,0,2118,2119,C
5-NP,1226,2094,0,1,0,2095,A
5-NP,1227,2129,0,2,0,2131,A
5-NP,1228,0,0,0,2116,2116,C
5-NP,1229,2,0,0,2137,2139,C
5-NP,1230,0,2135,0,0,2135,T
5-NP,1231,2139,0,1,0,2140,A
5-NP,1232,0,1,0,2135,2136,C
5-NP,1233,2,0,2136,0,2138,G
5-NP,1234,0,2127,0,2,2129,T
5-NP,1235,0,2141,0,5,2146,T
5-NP,1236,0,2122,0,0,2122,T
5-NP,1237,1,2108,0,0,2109,T
5-NP,1238,0,0,0,2107,2107,C
5-NP,1239,1,2091,0,1,2093,T
5-NP,1240,0,0,2129,0,2129,G
5-NP,1241,0,2118,0,0,2118,T
5-NP,1242,2121,0,1,1,2123,A
5-NP,1243,0,0,0,2136,2136,C
5-NP,1244,2105,0,0,0,2105,A
5-NP,1245,2107,0,1,0,2108,A
5-NP,1246,2101,0,1,0,2102,A
5-NP,1247,0,0,2110,0,2110,G
5-NP,1248,2099,0,1,0,2100,A
5-NP,1249,2023,0,1,0,2024,A
5-NP,1250,2012,0,1,0,2013,A
5-NP,1251,1,0,0,2029,2030,C
5-NP,1252,1,0,0,2008,2009,C
5-NP,1253,0,1981,0,4,1985,T
5-NP,1254,1,0,0,2007,2008,C
5-NP,1255,1,0,1,2007,2009,C
5-NP,1256,3,0,0,2002,2005,C
5-NP,1257,2006,0,0,0,2006,A
5-NP,1258,0,2012,0,0,2012,T
5-NP,1259,0,2013,0,0,2013,T
5-NP,1260,0,2013,0,0,2013,T
5-NP,1261,0,4,2005,0,2009,G
5-NP,1262,2003,1,0,0,2004,A
5-NP,1263,2004,0,1,0,2005,A
5-NP,1264,2004,0,0,0,2004,A
5-NP,1265,1997,0,2,0,1999,A
5-NP,1266,0,1,2020,0,2021,G
5-NP,1267,0,2000,0,2,2002,T
5-NP,1268,6,0,0,2009,2015,C
5-NP,1269,2016,0,3,0,2019,A
5-NP,1270,2016,0,1,0,2017,A
5-NP,1271,0,1,0,2020,2021,C
5-NP,1272,2,0,0,2039,2041,C
5-NP,1273,2028,1,0,0,2029,A
5-NP,1274,0,2020,0,1,2021,T
5-NP,1275,1,1,0,2031,2033,C
5-NP,1276,2029,0,0,0,2029,A
5-NP,1277,0,2027,0,1,2028,T
5-NP,1278,0,2,2033,0,2035,G
5-NP,1279,0,1,2039,0,2040,G
5-NP,1280,2,0,0,2042,2044,C
5-NP,1281,1993,1,3,0,1997,A
5-NP,1282,1,0,1997,0,1998,G
5-NP,1283,1,0,0,1987,1988,C
5-NP,1284,1996,0,0,0,1996,A
5-NP,1285,0,1989,0,0,1989,T
5-NP,1286,0,1970,0,0,1970,T
5-NP,1287,2,0,0,1963,1965,C
5-NP,1288,1956,0,0,0,1956,A
5-NP,1289,1,1,0,1971,1973,C
5-NP,1290,0,1976,0,1,1977,T
5-NP,1291,0,1,1976,0,1977,G
5-NP,1292,0,3,1991,0,1994,G
5-NP,1293,1984,1,3,0,1988,A
5-NP,1294,1989,0,0,0,1989,A
5-NP,1295,1986,0,0,0,1986,A
5-NP,1296,0,1955,0,0,1955,T
5-NP,1297,1968,0,0,0,1968,A
5-NP,1298,0,1,0,1963,1964,C
5-NP,1299,0,1,1924,0,1925,G
5-NP,1300,0,0,1926,0,1926,G
5-NP,1301,1882,1,0,0,1883,A
5-NP,1302,0,3,1908,0,1911,G
5-NP,1303,1,1,1901,0,1903,G
5-NP,1304,1,0,1901,0,1902,G
5-NP,1305,1896,0,12,0,1908,A
5-NP,1306,1909,0,0,0,1909,A
5-NP,1307,0,2,1908,0,1910,G
5-NP,1308,1907,0,1,0,1908,A
5-NP,1309,1907,0,2,0,1909,A
5-NP,1310,0,1,0,1922,1923,C
5-NP,1311,0,1881,0,2,1883,T
5-NP,1312,0,1909,0,1,1910,T
5-NP,1313,3,0,0,1911,1914,C
5-NP,1314,1915,0,2,0,1917,A
5-NP,1315,0,1,1919,0,1920,G
5-NP,1316,1900,0,2,0,1902,A
5-NP,1317,0,0,0,1919,1919,C
5-NP,1318,1896,0,0,0,1896,A
5-NP,1319,0,1830,0,0,1830,T
5-NP,1320,0,3,1848,0,1851,G
5-NP,1321,1820,0,0,0,1820,A
5-NP,1322,2,4,1828,0,1834,G
5-NP,1323,0,0,1830,0,1830,G
5-NP,1324,0,0,1820,0,1820,G
5-NP,1325,1,1,0,1825,1827,C
5-NP,1326,1811,0,1,0,1812,A
5-NP,1327,1,0,1816,0,1817,G
5-NP,1328,1810,0,0,0,1810,A
5-NP,1329,1825,0,0,0,1825,A
5-NP,1330,1819,0,2,0,1821,A
5-NP,1331,0,1802,0,1,1803,T
5-NP,1332,2,1,0,1811,1814,C
5-NP,1333,1807,0,0,0,1807,A
5-NP,1334,0,1806,0,0,1806,T
5-NP,1335,1808,0,0,0,1808,A
5-NP,1336,1788,0,0,0,1788,A
5-NP,1337,0,1,1813,0,1814,G
5-NP,1338,1784,0,0,0,1784,A
5-NP,1339,1801,0,4,0,1805,A
5-NP,1340,0,1762,0,2,1764,T
5-NP,1341,0,4,1765,0,1769,G
5-NP,1342,1765,0,1,1,1767,A
5-NP,1343,1,1760,1,1,1763,T
5-NP,1344,0,0,1767,1,1768,G
5-NP,1345,0,1,1765,0,1766,G
5-NP,1346,1727,0,1,0,1728,A
5-NP,1347,1721,0,2,0,1723,A
5-NP,1348,1,1,1696,0,1698,G
5-NP,1349,0,0,1713,0,1713,G
5-NP,1350,0,1682,0,3,1685,T
5-NP,1351,1,3,1672,0,1676,G
5-NP,1352,0,0,0,1677,1677,C
5-NP,1353,1680,0,2,0,1682,A
5-NP,1354,1675,0,1,0,1676,A
5-NP,1355,1686,0,0,0,1686,A
5-NP,1356,1686,0,0,0,1686,A
5-NP,1357,0,0,0,1690,1690,C
5-NP,1358,1,0,0,1679,1680,C
5-NP,1359,1650,0,0,0,1650,A
5-NP,1360,0,0,1661,0,1661,G
5-NP,1361,1658,0,0,0,1658,A
5-NP,1362,1652,0,1,0,1653,A
5-NP,1363,0,0,1659,0,1659,G
5-NP,1364,1652,0,0,0,1652,A
5-NP,1365,1597,0,0,0,1597,A
5-NP,1366,0,0,1624,0,1624,G
5-NP,1367,0,1605,0,2,1607,T
5-NP,1368,0,0,1618,0,1618,G
5-NP,1369,0,1595,0,2,1597,T
5-NP,1370,1,0,0,1603,1604,C
5-NP,1371,1610,0,0,0,1610,A
5-NP,1372,0,1618,0,0,1618,T
5-NP,1373,1,1585,0,0,1586,T
5-NP,1374,1,0,0,1619,1620,C
5-NP,1375,4,1,0,1574,1579,C
5-NP,1376,2,3,1575,0,1580,G
5-NP,1377,0,1,1574,0,1575,G
5-NP,1378,0,2,1574,0,1576,G
5-NP,1379,0,0,1579,0,1579,G
5-NP,1380,0,0,1577,0,1577,G
5-NP,1381,1522,0,0,1,1523,A
5-NP,1382,6,2,1522,0,1530,G
5-NP,1383,0,1,1518,0,1519,G
5-NP,1384,0,0,1521,0,1521,G
5-NP,1385,0,0,1526,0,1526,G
5-NP,1386,1514,0,1,0,1515,A
5-NP,1387,0,0,1515,0,1515,G
5-NP,1388,1,1500,0,2,1503,T
5-NP,1389,0,1502,0,0,1502,T
5-NP,1390,0,1507,0,0,1507,T
5-NP,1391,0,1502,0,0,1502,T
5-NP,1392,1,0,0,1506,1507,C
5-NP,1393,0,1,1507,0,1508,G
5-NP,1394,1488,1,0,0,1489,A
5-NP,1395,0,0,1514,0,1514,G
5-NP,1396,0,0,0,1490,1490,C
5-NP,1397,0,1500,0,3,1503,T
5-NP,1398,1,0,0,1517,1518,C
5-NP,1399,0,1512,0,1,1513,T
5-NP,1400,0,0,0,1516,1516,C
5-NP,1401,1531,0,0,0,1531,A
5-NP,1402,0,1,1543,0,1544,G
5-NP,1403,1532,0,2,0,1534,A
5-NP,1404,0,0,0,1535,1535,C
5-NP,1405,0,2,1525,0,1527,G
5-NP,1406,1504,0,0,0,1504,A
5-NP,1407,0,1,1511,0,1512,G
5-NP,1408,1498,0,3,0,1501,A
5-NP,1409,1493,0,1,0,1494,A
5-NP,1410,0,1,1501,0,1502,G
5-NP,1411,0,0,1482,0,1482,G
5-NP,1412,0,1,0,1485,1486,C
5-NP,1413,1481,1,0,0,1482,A
5-NP,1414,1486,0,0,0,1486,A
5-NP,1415,0,0,0,1479,1479,C
5-NP,1416,0,1,1480,0,1481,G
5-NP,1417,1483,0,0,0,1483,A
5-NP,1418,1468,1,0,1,1470,A
5-NP,1419,1,0,0,1474,1475,C
5-NP,1420,0,3,0,1455,1458,C
5-NP,1421,2,0,0,1455,1457,C
5-NP,1422,0,0,1462,0,1462,G
5-NP,1423,1455,0,0,0,1455,A
5-NP,1424,0,1448,0,2,1450,T
5-NP,1425,0,0,0,1429,1429,C
5-NP,1426,2,0,1425,0,1427,G
5-NP,1427,0,1412,0,0,1412,T
5-NP,1428,0,0,1413,0,1413,G
5-NP,1429,0,3,0,1397,1400,C
5-NP,1430,2,1,0,1391,1394,C
5-NP,1431,1,0,0,1411,1412,C
5-NP,1432,0,1383,0,3,1386,T
5-NP,1433,0,0,0,1455,1455,C
5-NP,1434,0,1451,0,0,1451,T
5-NP,1435,1,1443,0,0,1444,T
5-NP,1436,0,1460,0,0,1460,T
5-NP,1437,0,1442,0,0,1442,T
5-NP,1438,1,3,1450,0,1454,G
5-NP,1439,1449,0,2,0,1451,A
5-NP,1440,0,1438,0,0,1438,T
5-NP,1441,1436,0,0,0,1436,A
5-NP,1442,0,1200,0,1,1201,T
5-NP,1443,0,2,1220,0,1222,G
5-NP,1444,1209,0,0,0,1209,A
5-NP,1445,0,0,1238,0,1238,G
5-NP,1446,1,1229,0,0,1230,T
5-NP,1447,1194,0,0,0,1194,A
5-NP,1448,1190,0,0,0,1190,A
5-NP,1449,0,1191,0,1,1192,T
5-NP,1450,0,0,1187,1,1188,G
5-NP,1451,1188,0,1,0,1189,A
5-NP,1452,1048,0,2,1,1051,A
5-NP,1453,0,0,1045,0,1045,G
5-NP,1454,1,1,976,0,978,G
5-NP,1455,976,0,0,0,976,A
5-NP,1456,0,962,0,1,963,T
5-NP,1457,2,0,0,959,961,C
5-NP,1458,0,962,0,1,963,T
5-NP,1459,0,956,0,1,957,T
5-NP,1460,965,0,0,0,965,A
5-NP,1461,0,957,0,0,957,T
5-NP,1462,0,946,0,0,946,T
5-NP,1463,0,936,0,0,936,T
5-NP,1464,2,0,0,919,921,C
5-NP,1465,0,887,0,0,887,T
5-NP,1466,0,875,0,1,876,T
5-NP,1467,1,0,0,886,887,C
5-NP,1468,0,0,880,0,880,G
5-NP,1469,0,0,878,0,878,G
5-NP,1470,876,0,0,0,876,A
5-NP,1471,0,1,877,0,878,G
5-NP,1472,876,0,0,0,876,A
5-NP,1473,0,0,0,865,865,C
5-NP,1474,836,0,0,0,836,A
5-NP,1475,833,0,0,0,833,A
5-NP,1476,0,836,0,0,836,T
5-NP,1477,1,0,835,0,836,G
5-NP,1478,0,1,0,828,829,C
5-NP,1479,804,0,2,0,806,A
5-NP,1480,0,0,809,0,809,G
5-NP,1481,802,0,0,0,802,A
5-NP,1482,748,0,2,0,750,A
5-NP,1483,0,0,748,0,748,G
5-NP,1484,504,0,1,0,505,A
5-NP,1485,0,0,508,0,508,G
5-NP,1486,0,456,0,0,456,T
5-NP,1487,457,0,0,0,457,A
5-NP,1488,0,1,0,452,453,C
5-NP,1489,0,0,423,0,423,G
5-NP,1490,423,0,0,0,423,A
5-NP,1491,0,0,0,414,414,C
5-NP,1492,300,0,0,0,300,A
5-NP,1493,301,0,0,0,301,A
5-NP,1494,0,246,0,0,246,T
5-NP,1495,0,233,0,0,233,T
5-NP,1496,233,0,0,0,233,A
5-NP,1497,227,0,0,0,227,A
6-NA,1,3,0,0,0,3,A
6-NA,2,0,3,0,0,3,T
6-NA,3,0,0,3,0,3,G
6-NA,4,3,0,0,0,3,A
6-NA,5,3,0,0,0,3,A
6-NA,6,0,3,0,0,3,T
6-NA,7,0,0,0,3,3,C
6-NA,8,0,0,0,3,3,C
6-NA,9,3,0,0,0,3,A
6-NA,10,3,0,0,0,3,A
6-NA,11,3,0,0,0,3,A
6-NA,12,0,3,0,0,3,T
6-NA,13,0,0,0,3,3,C
6-NA,14,3,0,0,0,3,A
6-NA,15,3,0,0,0,3,A
6-NA,16,3,0,0,0,3,A
6-NA,17,4,0,0,0,4,A
6-NA,18,0,0,6,0,6,G
6-NA,19,6,0,0,0,6,A
6-NA,20,0,6,0,0,6,T
6-NA,21,6,0,0,0,6,A
6-NA,22,6,0,0,0,6,A
6-NA,23,0,6,0,0,6,T
6-NA,24,6,0,0,0,6,A
6-NA,25,6,0,0,0,6,A
6-NA,26,0,0,0,6,6,C
6-NA,27,0,0,6,0,6,G
6-NA,28,6,0,0,0,6,A
6-NA,29,0,6,0,0,6,T
6-NA,30,0,6,0,0,6,T
6-NA,31,0,0,6,0,6,G
6-NA,32,0,0,6,0,6,G
6-NA,33,0,0,0,6,6,C
6-NA,34,0,6,0,0,6,T
6-NA,35,0,0,0,6,6,C
6-NA,36,0,6,0,0,6,T
6-NA,37,0,0,6,0,6,G
6-NA,38,0,6,0,0,6,T
6-NA,39,0,6,0,0,6,T
6-NA,40,0,7,0,0,7,T
6-NA,41,0,0,0,7,7,C
6-NA,42,0,7,0,0,7,T
6-NA,43,0,0,0,7,7,C
6-NA,44,0,7,0,0,7,T
6-NA,45,0,0,0,7,7,C
6-NA,46,7,0,0,0,7,A
6-NA,47,0,0,0,8,8,C
6-NA,48,0,0,0,8,8,C
6-NA,49,8,0,0,0,8,A
6-NA,50,0,9,0,0,9,T
6-NA,51,0,9,0,0,9,T
6-NA,52,0,9,0,0,9,T
6-NA,53,0,0,0,9,9,C
6-NA,54,0,0,0,9,9,C
6-NA,55,9,0,0,0,9,A
6-NA,56,0,0,0,9,9,C
6-NA,57,9,0,0,0,9,A
6-NA,58,11,0,0,0,11,A
6-NA,59,0,11,0,0,11,T
6-NA,60,12,0,0,0,12,A
6-NA,61,0,12,0,0,12,T
6-NA,62,0,0,13,0,13,G
6-NA,63,0,0,0,13,13,C
6-NA,64,0,13,0,0,13,T
6-NA,65,0,14,0,0,14,T
6-NA,66,0,0,0,14,14,C
6-NA,67,0,15,0,0,15,T
6-NA,68,0,15,0,0,15,T
6-NA,69,0,0,0,15,15,C
6-NA,70,15,0,0,0,15,A
6-NA,71,0,15,0,0,15,T
6-NA,72,0,0,15,0,15,G
6-NA,73,0,0,0,15,15,C
6-NA,74,15,0,0,0,15,A
6-NA,75,16,0,0,0,16,A
6-NA,76,16,0,0,0,16,A
6-NA,77,0,16,0,0,16,T
6-NA,78,0,16,0,0,16,T
6-NA,79,0,0,16,0,16,G
6-NA,80,0,0,0,16,16,C
6-NA,81,0,0,0,16,16,C
6-NA,82,16,0,0,0,16,A
6-NA,83,0,16,0,0,16,T
6-NA,84,0,0,0,16,16,C
6-NA,85,0,16,0,0,16,T
6-NA,86,0,16,0,0,16,T
6-NA,87,0,0,16,0,16,G
6-NA,88,16,0,0,0,16,A
6-NA,89,0,16,0,0,16,T
6-NA,90,16,0,0,0,16,A
6-NA,91,16,0,0,0,16,A
6-NA,92,0,0,0,19,19,C
6-NA,93,0,20,0,0,20,T
6-NA,94,22,0,0,0,22,A
6-NA,95,0,0,0,22,22,C
6-NA,96,0,22,0,0,22,T
6-NA,97,0,0,22,0,22,G
6-NA,98,0,22,0,0,22,T
6-NA,99,22,0,0,0,22,A
6-NA,100,21,0,0,0,21,A
6-NA,101,0,0,0,22,22,C
6-NA,102,22,0,0,0,22,A
6-NA,103,0,23,0,0,23,T
6-NA,104,0,23,0,0,23,T
6-NA,105,0,0,23,0,23,G
6-NA,106,0,0,0,23,23,C
6-NA,107,23,0,0,0,23,A
6-NA,108,0,23,0,0,23,T
6-NA,109,0,23,0,0,23,T
6-NA,110,0,23,0,0,23,T
6-NA,111,0,0,0,23,23,C
6-NA,112,22,0,0,0,22,A
6-NA,113,22,0,0,0,22,A
6-NA,114,0,0,22,0,22,G
6-NA,115,0,0,0,23,23,C
6-NA,116,23,0,0,0,23,A
6-NA,117,23,0,0,0,23,A
6-NA,118,0,23,0,0,23,T
6-NA,119,23,0,0,0,23,A
6-NA,120,0,23,0,0,23,T
6-NA,121,0,0,24,0,24,G
6-NA,122,24,0,0,0,24,A
6-NA,123,25,0,0,0,25,A
6-NA,124,0,25,0,0,25,T
6-NA,125,0,25,0,0,25,T
6-NA,126,0,0,0,25,25,C
6-NA,127,24,0,0,0,24,A
6-NA,128,24,0,0,0,24,A
6-NA,129,0,0,0,24,24,C
6-NA,130,0,24,0,0,24,T
6-NA,131,0,0,0,25,25,C
6-NA,132,0,0,0,23,23,C
6-NA,133,0,0,0,22,22,C
6-NA,134,0,0,0,23,23,C
6-NA,135,0,0,0,23,23,C
6-NA,136,0,0,0,22,22,C
6-NA,137,0,0,0,22,22,C
6-NA,138,22,0,0,0,22,A
6-NA,139,23,0,0,0,23,A
6-NA,140,22,0,0,0,22,A
6-NA,141,0,0,0,23,23,C
6-NA,142,22,0,0,0,22,A
6-NA,143,22,0,0,0,22,A
6-NA,144,0,0,0,22,22,C
6-NA,145,0,0,0,22,22,C
6-NA,146,23,0,0,0,23,A
6-NA,147,23,0,0,0,23,A
6-NA,148,0,0,24,0,24,G
6-NA,149,0,24,0,0,24,T
6-NA,150,0,0,23,0,23,G
6-NA,151,24,0,0,0,24,A
6-NA,152,0,24,0,0,24,T
6-NA,153,0,0,24,0,24,G
6-NA,154,0,0,0,24,24,C
6-NA,155,0,23,0,0,23,T
6-NA,156,0,0,24,0,24,G
6-NA,157,0,25,0,0,25,T
6-NA,158,0,0,25,0,25,G
6-NA,159,0,25,0,0,25,T
6-NA,160,0,0,25,0,25,G
6-NA,161,25,0,0,0,25,A
6-NA,162,25,0,0,0,25,A
6-NA,163,0,0,0,25,25,C
6-NA,164,0,0,0,25,25,C
6-NA,165,26,0,0,0,26,A
6-NA,166,25,0,0,0,25,A
6-NA,167,0,0,0,26,26,C
6-NA,168,26,0,0,0,26,A
6-NA,169,27,0,0,0,27,A
6-NA,170,0,27,0,0,27,T
6-NA,171,26,0,0,0,26,A
6-NA,172,27,0,0,0,27,A
6-NA,173,0,26,0,0,26,T
6-NA,174,27,0,0,0,27,A
6-NA,175,0,0,28,0,28,G
6-NA,176,26,0,0,0,26,A
6-NA,177,26,0,0,0,26,A
6-NA,178,25,0,0,0,25,A
6-NA,179,0,0,25,0,25,G
6-NA,180,25,0,0,0,25,A
6-NA,181,26,0,0,0,26,A
6-NA,182,27,0,0,0,27,A
6-NA,183,0,0,0,27,27,C
6-NA,184,27,0,0,0,27,A
6-NA,185,0,27,0,0,27,T
6-NA,186,27,0,0,0,27,A
6-NA,187,27,0,0,0,27,A
6-NA,188,0,0,0,29,29,C
6-NA,189,28,0,0,0,28,A
6-NA,190,0,0,29,0,29,G
6-NA,191,30,0,0,0,30,A
6-NA,192,0,0,29,0,29,G
6-NA,193,31,0,0,0,31,A
6-NA,194,0,33,0,0,33,T
6-NA,195,33,0,0,0,33,A
6-NA,196,0,0,34,0,34,G
6-NA,197,0,34,0,0,34,T
6-NA,198,0,0,36,0,36,G
6-NA,199,0,34,0,0,34,T
6-NA,200,34,0,0,0,34,A
6-NA,201,0,34,0,0,34,T
6-NA,202,0,0,0,34,34,C
6-NA,203,0,32,0,0,32,T
6-NA,204,0,0,33,0,33,G
6-NA,205,33,0,0,0,33,A
6-NA,206,0,0,0,33,33,C
6-NA,207,0,0,0,33,33,C
6-NA,208,33,0,0,0,33,A
6-NA,209,34,0,0,0,34,A
6-NA,210,0,0,0,35,35,C
6-NA,211,35,0,0,0,35,A
6-NA,212,0,0,0,34,34,C
6-NA,213,0,0,0,35,35,C
6-NA,214,36,0,0,0,36,A
6-NA,215,0,0,0,39,39,C
6-NA,216,0,0,0,39,39,C
6-NA,217,39,0,0,0,39,A
6-NA,218,0,39,0,0,39,T
6-NA,219,39,0,0,0,39,A
6-NA,220,0,0,39,0,39,G
6-NA,221,37,0,0,0,37,A
6-NA,222,0,0,39,0,39,G
6-NA,223,37,0,1,0,38,A
6-NA,224,38,0,0,0,38,A
6-NA,225,0,1,37,0,38,G
6-NA,226,0,0,36,0,36,G
6-NA,227,37,0,0,0,37,A
6-NA,228,37,0,0,0,37,A
6-NA,229,37,0,0,0,37,A
6-NA,230,0,36,0,0,36,T
6-NA,231,36,0,0,0,36,A
6-NA,232,0,36,0,0,36,T
6-NA,233,0,0,36,0,36,G
6-NA,234,0,0,0,37,37,C
6-NA,235,0,0,0,36,36,C
6-NA,236,0,1,0,36,37,C
6-NA,237,0,0,0,37,37,C
6-NA,238,37,0,0,0,37,A
6-NA,239,37,0,0,0,37,A
6-NA,240,37,0,0,0,37,A
6-NA,241,0,0,0,37,37,C
6-NA,242,0,37,0,0,37,T
6-NA,243,37,0,0,0,37,A
6-NA,244,0,0,38,0,38,G
6-NA,245,0,0,0,38,38,C
6-NA,246,38,0,0,0,38,A
6-NA,247,0,0,39,0,39,G
6-NA,248,39,0,0,0,39,A
6-NA,249,41,0,0,0,41,A
6-NA,250,0,41,0,0,41,T
6-NA,251,41,0,0,0,41,A
6-NA,252,0,0,0,41,41,C
6-NA,253,41,0,0,0,41,A
6-NA,254,0,0,41,0,41,G
6-NA,255,41,0,0,0,41,A
6-NA,256,41,0,0,0,41,A
6-NA,257,40,0,0,0,40,A
6-NA,258,0,39,0,0,39,T
6-NA,259,0,38,0,0,38,T
6-NA,260,0,0,39,0,39,G
6-NA,261,1,0,38,0,39,G
6-NA,262,0,38,0,0,38,T
6-NA,263,0,0,0,38,38,C
6-NA,264,38,0,0,0,38,A
6-NA,265,38,0,0,0,38,A
6-NA,266,37,0,0,0,37,A
6-NA,267,0,0,39,0,39,G
6-NA,268,0,0,0,39,39,C
6-NA,269,0,0,0,39,39,C
6-NA,270,0,0,38,0,38,G
6-NA,271,0,0,0,39,39,C
6-NA,272,39,0,0,0,39,A
6-NA,273,39,0,0,0,39,A
6-NA,274,0,39,0,0,39,T
6-NA,275,0,0,39,0,39,G
6-NA,276,0,0,0,38,38,C
6-NA,277,0,0,40,0,40,G
6-NA,278,43,0,0,0,43,A
6-NA,279,0,0,0,43,43,C
6-NA,280,44,0,0,0,44,A
6-NA,281,0,45,0,0,45,T
6-NA,282,0,44,0,0,44,T
6-NA,283,44,0,0,0,44,A
6-NA,284,0,0,0,44,44,C
6-NA,285,44,0,0,0,44,A
6-NA,286,0,0,44,0,44,G
6-NA,287,0,0,44,0,44,G
6-NA,288,45,0,0,0,45,A
6-NA,289,0,43,0,0,43,T
6-NA,290,0,43,0,0,43,T
6-NA,291,0,43,0,0,43,T
6-NA,292,0,0,42,0,42,G
6-NA,293,0,0,0,43,43,C
6-NA,294,43,0,0,0,43,A
6-NA,295,0,0,0,43,43,C
6-NA,296,0,0,0,43,43,C
6-NA,297,0,43,0,0,43,T
6-NA,298,0,43,0,0,43,T
6-NA,299,0,43,0,0,43,T
6-NA,300,0,43,0,0,43,T
6-NA,301,0,44,0,0,44,T
6-NA,302,1,0,0,43,44,C
6-NA,303,0,44,0,0,44,T
6-NA,304,44,0,0,0,44,A
6-NA,305,44,0,0,0,44,A
6-NA,306,0,1,44,0,45,G
6-NA,307,0,0,45,0,45,G
6-NA,308,45,0,0,0,45,A
6-NA,309,0,0,0,46,46,C
6-NA,310,45,0,0,0,45,A
6-NA,311,44,0,0,0,44,A
6-NA,312,0,45,0,0,45,T
6-NA,313,0,45,0,0,45,T
6-NA,314,0,0,0,46,46,C
6-NA,315,0,0,47,0,47,G
6-NA,316,47,0,0,0,47,A
6-NA,317,0,47,0,0,47,T
6-NA,318,0,46,0,0,46,T
6-NA,319,47,0,0,0,47,A
6-NA,320,0,0,47,0,47,G
6-NA,321,0,0,47,0,47,G
6-NA,322,0,0,0,46,46,C
6-NA,323,0,47,0,0,47,T
6-NA,324,0,47,0,0,47,T
6-NA,325,0,46,0,0,46,T
6-NA,326,0,0,0,48,48,C
6-NA,327,0,0,0,48,48,C
6-NA,328,0,0,48,0,48,G
6-NA,329,0,0,0,48,48,C
6-NA,330,0,48,0,0,48,T
6-NA,331,0,0,50,0,50,G
6-NA,332,0,0,49,0,49,G
6-NA,333,0,49,0,0,49,T
6-NA,334,0,0,50,0,50,G
6-NA,335,0,0,50,0,50,G
6-NA,336,0,0,50,0,50,G
6-NA,337,0,0,50,0,50,G
6-NA,338,50,0,0,0,50,A
6-NA,339,0,0,0,50,50,C
6-NA,340,50,0,0,0,50,A
6-NA,341,0,50,0,0,50,T
6-NA,342,0,0,0,49,49,C
6-NA,343,0,50,0,0,50,T
6-NA,344,0,0,50,0,50,G
6-NA,345,0,0,50,0,50,G
6-NA,346,0,0,51,0,51,G
6-NA,347,0,50,0,1,51,T
6-NA,348,0,0,51,0,51,G
6-NA,349,49,0,0,0,49,A
6-NA,350,0,0,0,50,50,C
6-NA,351,50,0,0,0,50,A
6-NA,352,54,0,0,0,54,A
6-NA,353,0,0,54,0,54,G
6-NA,354,55,0,0,0,55,A
6-NA,355,0,0,58,0,58,G
6-NA,356,62,0,0,0,62,A
6-NA,357,65,0,0,0,65,A
6-NA,358,0,0,0,84,84,C
6-NA,359,0,0,0,91,91,C
6-NA,360,0,92,0,0,92,T
6-NA,361,0,93,0,0,93,T
6-NA,362,92,0,0,0,92,A
6-NA,363,1,94,0,0,95,T
6-NA,364,0,0,98,0,98,G
6-NA,365,0,101,0,0,101,T
6-NA,366,0,0,100,0,100,G
6-NA,367,0,100,0,0,100,T
6-NA,368,0,0,0,100,100,C
6-NA,369,103,0,0,1,104,A
6-NA,370,0,103,0,0,103,T
6-NA,371,0,0,103,0,103,G
6-NA,372,0,0,0,104,104,C
6-NA,373,0,0,100,0,100,G
6-NA,374,122,0,0,0,122,A
6-NA,375,0,122,0,0,122,T
6-NA,376,0,0,0,126,126,C
6-NA,377,1,0,0,126,127,C
6-NA,378,0,132,0,0,132,T
6-NA,379,0,0,134,0,134,G
6-NA,380,135,0,0,0,135,A
6-NA,381,0,0,0,137,137,C
6-NA,382,135,0,0,0,135,A
6-NA,383,133,0,1,0,134,A
6-NA,384,0,0,143,0,143,G
6-NA,385,0,145,0,0,145,T
6-NA,386,0,0,146,0,146,G
6-NA,387,0,146,0,0,146,T
6-NA,388,0,147,0,0,147,T
6-NA,389,145,0,0,0,145,A
6-NA,390,0,147,0,0,147,T
6-NA,391,1,0,0,145,146,C
6-NA,392,148,0,0,0,148,A
6-NA,393,146,0,0,0,146,A
6-NA,394,0,147,0,0,147,T
6-NA,395,0,144,0,0,144,T
6-NA,396,0,145,0,0,145,T
6-NA,397,0,0,141,0,141,G
6-NA,398,0,0,0,148,148,C
6-NA,399,0,0,0,148,148,C
6-NA,400,0,0,0,150,150,C
6-NA,401,0,149,0,0,149,T
6-NA,402,0,150,0,0,150,T
6-NA,403,0,0,152,0,152,G
6-NA,404,0,0,153,0,153,G
6-NA,405,153,0,0,0,153,A
6-NA,406,0,0,0,154,154,C
6-NA,407,152,0,0,0,152,A
6-NA,408,0,1,152,0,153,G
6-NA,409,0,1,149,0,150,G
6-NA,410,0,0,162,0,162,G
6-NA,411,163,0,0,0,163,A
6-NA,412,164,0,0,0,164,A
6-NA,413,0,0,0,162,162,C
6-NA,414,165,0,0,0,165,A
6-NA,415,183,0,0,0,183,A
6-NA,416,0,0,0,186,186,C
6-NA,417,187,0,1,0,188,A
6-NA,418,0,0,0,189,189,C
6-NA,419,0,187,0,0,187,T
6-NA,420,190,0,0,0,190,A
6-NA,421,187,0,0,0,187,A
6-NA,422,186,0,0,0,186,A
6-NA,423,0,0,0,189,189,C
6-NA,424,182,0,0,0,182,A
6-NA,425,181,0,0,0,181,A
6-NA,426,0,0,0,185,185,C
6-NA,427,0,0,185,0,185,G
6-NA,428,0,182,0,0,182,T
6-NA,429,0,1,184,0,185,G
6-NA,430,0,0,0,182,182,C
6-NA,431,184,0,0,0,184,A
6-NA,432,0,186,0,0,186,T
6-NA,433,0,186,0,0,186,T
6-NA,434,0,0,0,188,188,C
6-NA,435,193,0,0,0,193,A
6-NA,436,195,0,0,0,195,A
6-NA,437,196,0,0,0,196,A
6-NA,438,0,194,0,0,194,T
6-NA,439,0,1,196,0,197,G
6-NA,440,202,0,0,0,202,A
6-NA,441,0,0,0,204,204,C
6-NA,442,202,0,1,0,203,A
6-NA,443,0,0,0,208,208,C
6-NA,444,204,0,0,0,204,A
6-NA,445,0,0,259,0,259,G
6-NA,446,0,262,0,0,262,T
6-NA,447,264,0,0,0,264,A
6-NA,448,0,0,0,265,265,C
6-NA,449,0,0,265,0,265,G
6-NA,450,0,271,0,0,271,T
6-NA,451,0,0,274,0,274,G
6-NA,452,273,0,0,0,273,A
6-NA,453,0,274,0,0,274,T
6-NA,454,250,0,0,0,250,A
6-NA,455,0,0,248,0,248,G
6-NA,456,0,0,245,0,245,G
6-NA,457,249,0,0,0,249,A
6-NA,458,0,0,0,255,255,C
6-NA,459,0,0,0,247,247,C
6-NA,460,1,0,0,247,248,C
6-NA,461,0,0,0,252,252,C
6-NA,462,0,257,0,0,257,T
6-NA,463,0,263,0,0,263,T
6-NA,464,265,0,0,0,265,A
6-NA,465,0,262,0,0,262,T
6-NA,466,0,0,0,264,264,C
6-NA,467,0,0,261,0,261,G
6-NA,468,0,0,258,0,258,G
6-NA,469,257,0,0,0,257,A
6-NA,470,0,0,0,261,261,C
6-NA,471,0,0,0,259,259,C
6-NA,472,0,0,0,275,275,C
6-NA,473,0,275,0,0,275,T
6-NA,474,278,0,0,0,278,A
6-NA,475,0,279,0,0,279,T
6-NA,476,0,278,0,0,278,T
6-NA,477,0,0,278,0,278,G
6-NA,478,278,0,0,0,278,A
6-NA,479,0,277,0,0,277,T
6-NA,480,0,0,280,0,280,G
6-NA,481,271,0,0,1,272,A
6-NA,482,267,0,0,0,267,A
6-NA,483,0,274,0,0,274,T
6-NA,484,0,1,276,0,277,G
6-NA,485,276,0,0,0,276,A
6-NA,486,0,0,283,0,283,G
6-NA,487,0,283,0,0,283,T
6-NA,488,0,286,0,0,286,T
6-NA,489,283,0,0,0,283,A
6-NA,490,0,0,284,0,284,G
6-NA,491,0,0,286,0,286,G
6-NA,492,0,283,0,0,283,T
6-NA,493,0,0,288,0,288,G
6-NA,494,0,285,0,0,285,T
6-NA,495,0,285,0,1,286,T
6-NA,496,0,0,0,290,290,C
6-NA,497,0,0,0,294,294,C
6-NA,498,0,288,0,2,290,T
6-NA,499,0,290,0,1,291,T
6-NA,500,0,289,0,0,289,T
6-NA,501,0,288,0,0,288,T
6-NA,502,1,0,0,289,290,C
6-NA,503,289,0,0,0,289,A
6-NA,504,0,303,0,0,303,T
6-NA,505,0,0,0,301,301,C
6-NA,506,1,299,0,0,300,T
6-NA,507,0,0,297,0,297,G
6-NA,508,0,1,295,0,296,G
6-NA,509,0,0,295,0,295,G
6-NA,510,0,0,296,0,296,G
6-NA,511,300,0,0,0,300,A
6-NA,512,0,0,0,304,304,C
6-NA,513,0,0,0,299,299,C
6-NA,514,306,0,0,0,306,A
6-NA,515,306,0,1,0,307,A
6-NA,516,0,0,308,0,308,G
6-NA,517,0,0,0,306,306,C
6-NA,518,308,0,0,0,308,A
6-NA,519,311,0,0,0,311,A
6-NA,520,0,0,308,0,308,G
6-NA,521,0,309,0,1,310,T
6-NA,522,0,1,324,0,325,G
6-NA,523,0,322,0,0,322,T
6-NA,524,1,0,334,0,335,G
6-NA,525,0,1,0,332,333,C
6-NA,526,332,0,0,0,332,A
6-NA,527,0,336,0,0,336,T
6-NA,528,334,0,0,0,334,A
6-NA,529,0,0,348,0,348,G
6-NA,530,0,0,0,345,345,C
6-NA,531,341,0,1,0,342,A
6-NA,532,0,342,0,0,342,T
6-NA,533,0,0,339,0,339,G
6-NA,534,0,0,410,0,410,G
6-NA,535,0,415,0,0,415,T
6-NA,536,1,0,0,414,415,C
6-NA,537,0,0,0,435,435,C
6-NA,538,460,0,1,0,461,A
6-NA,539,0,0,533,0,533,G
6-NA,540,0,0,0,546,546,C
6-NA,541,0,543,0,1,544,T
6-NA,542,1,0,0,554,555,C
6-NA,543,549,0,0,0,549,A
6-NA,544,582,0,0,0,582,A
6-NA,545,0,1,583,0,584,G
6-NA,546,0,598,0,0,598,T
6-NA,547,0,602,0,0,602,T
6-NA,548,0,0,610,0,610,G
6-NA,549,0,609,0,1,610,T
6-NA,550,0,0,0,611,611,C
6-NA,551,614,0,0,0,614,A
6-NA,552,0,0,0,632,632,C
6-NA,553,0,0,632,0,632,G
6-NA,554,672,0,0,0,672,A
6-NA,555,0,685,0,1,686,T
6-NA,556,0,0,720,0,720,G
6-NA,557,1,2,718,0,721,G
6-NA,558,718,0,0,5,723,A
6-NA,559,723,0,2,0,725,A
6-NA,560,743,0,0,1,744,A
6-NA,561,752,0,1,0,753,A
6-NA,562,0,1,774,0,775,G
6-NA,563,0,0,0,775,775,C
6-NA,564,770,1,1,0,772,A
6-NA,565,0,778,0,0,778,T
6-NA,566,0,0,808,0,808,G
6-NA,567,0,0,815,0,815,G
6-NA,568,0,0,0,845,845,C
6-NA,569,0,846,0,0,846,T
6-NA,570,1,0,857,0,858,G
6-NA,571,1,0,0,856,857,C
6-NA,572,861,0,0,0,861,A
6-NA,573,0,946,0,1,947,T
6-NA,574,0,0,961,0,961,G
6-NA,575,0,983,0,0,983,T
6-NA,576,0,1031,0,0,1031,T
6-NA,577,0,1034,0,0,1034,T
6-NA,578,0,0,1181,0,1181,G
6-NA,579,0,1169,0,1,1170,T
6-NA,580,1182,0,0,0,1182,A
6-NA,581,0,1190,0,0,1190,T
6-NA,582,1196,0,0,0,1196,A
6-NA,583,1195,0,2,0,1197,A
6-NA,584,0,0,0,1197,1197,C
6-NA,585,0,1,1196,0,1197,G
6-NA,586,0,2,1205,0,1207,G
6-NA,587,1,2,1195,0,1198,G
6-NA,588,0,3,1208,0,1211,G
6-NA,589,0,3,1211,0,1214,G
6-NA,590,1219,0,0,0,1219,A
6-NA,591,0,1230,0,0,1230,T
6-NA,592,1,0,1242,0,1243,G
6-NA,593,1248,0,0,0,1248,A
6-NA,594,0,1257,0,2,1259,T
6-NA,595,1253,0,3,1,1257,A
6-NA,596,1282,0,0,0,1282,A
6-NA,597,1304,0,0,0,1304,A
6-NA,598,1306,0,0,0,1306,A
6-NA,599,1312,0,0,0,1312,A
6-NA,600,0,1317,0,0,1317,T
6-NA,601,0,0,1314,0,1314,G
6-NA,602,0,0,0,1319,1319,C
6-NA,603,1320,0,0,0,1320,A
6-NA,604,1325,0,2,0,1327,A
6-NA,605,0,0,0,1341,1341,C
6-NA,606,0,1350,0,1,1351,T
6-NA,607,1,1,1352,0,1354,G
6-NA,608,0,0,0,1358,1358,C
6-NA,609,0,1360,0,0,1360,T
6-NA,610,1359,0,1,0,1360,A
6-NA,611,1,0,1366,0,1367,G
6-NA,612,0,2,0,1395,1397,C
6-NA,613,0,1398,0,1,1399,T
6-NA,614,0,1397,0,0,1397,T
6-NA,615,1,0,0,1424,1425,C
6-NA,616,1436,0,0,0,1436,A
6-NA,617,0,1440,0,0,1440,T
6-NA,618,0,1451,0,0,1451,T
6-NA,619,0,1468,0,0,1468,T
6-NA,620,1477,0,0,0,1477,A
6-NA,621,0,0,0,1503,1503,C
6-NA,622,1496,0,1,0,1497,A
6-NA,623,1514,0,1,0,1515,A
6-NA,624,0,1518,0,0,1518,T
6-NA,625,1,1,1516,0,1518,G
6-NA,626,0,1,1519,0,1520,G
6-NA,627,1,3,1511,0,1515,G
6-NA,628,1501,0,1,0,1502,A
6-NA,629,0,1,1576,0,1577,G
6-NA,630,0,0,1591,0,1591,G
6-NA,631,0,0,0,1766,1766,C
6-NA,632,0,1776,0,1,1777,T
6-NA,633,0,1827,0,1,1828,T
6-NA,634,0,0,1863,0,1863,G
6-NA,635,0,1851,0,0,1851,T
6-NA,636,1895,0,1,0,1896,A
6-NA,637,14,0,1908,0,1922,G
6-NA,638,1901,0,2,0,1903,A
6-NA,639,0,1904,0,0,1904,T
6-NA,640,1823,0,0,0,1823,A
6-NA,641,0,0,1828,0,1828,G
6-NA,642,0,1809,0,3,1812,T
6-NA,643,0,0,1802,0,1802,G
6-NA,644,0,1912,0,0,1912,T
6-NA,645,1,1914,0,0,1915,T
6-NA,646,2,2,1956,0,1960,G
6-NA,647,0,1953,0,2,1955,T
6-NA,648,0,1962,0,0,1962,T
6-NA,649,1,1962,0,1,1964,T
6-NA,650,2,1,1,1945,1949,C
6-NA,651,1947,0,1,0,1948,A
6-NA,652,0,1941,0,0,1941,T
6-NA,653,1,1,1935,0,1937,G
6-NA,654,0,0,2078,0,2078,G
6-NA,655,0,2075,0,0,2075,T
6-NA,656,2,0,0,2082,2084,C
6-NA,657,0,1,0,2085,2086,C
6-NA,658,2094,0,0,0,2094,A
6-NA,659,2106,0,2,0,2108,A
6-NA,660,2110,0,3,0,2113,A
6-NA,661,0,2,2123,0,2125,G
6-NA,662,2127,0,0,0,2127,A
6-NA,663,2089,0,2,0,2091,A
6-NA,664,2102,0,1,1,2104,A
6-NA,665,0,2104,0,0,2104,T
6-NA,666,1,0,0,2181,2182,C
6-NA,667,1,0,0,2188,2189,C
6-NA,668,1,2182,1,1,2185,T
6-NA,669,0,0,0,2193,2193,C
6-NA,670,2179,1,1,0,2181,A
6-NA,671,0,3,2196,0,2199,G
6-NA,672,0,1,2196,0,2197,G
6-NA,673,2264,0,1,0,2265,A
6-NA,674,0,0,0,2272,2272,C
6-NA,675,3,0,0,2247,2250,C
6-NA,676,1,1,0,2254,2256,C
6-NA,677,2246,0,6,0,2252,A
6-NA,678,0,0,2269,0,2269,G
6-NA,679,0,0,2276,0,2276,G
6-NA,680,2253,0,2,0,2255,A
6-NA,681,0,1,2308,0,2309,G
6-NA,682,0,2265,0,1,2266,T
6-NA,683,1,1,0,2273,2275,C
6-NA,684,2281,0,2,0,2283,A
6-NA,685,0,0,2307,0,2307,G
6-NA,686,2297,0,1,0,2298,A
6-NA,687,2297,0,1,0,2298,A
6-NA,688,0,2300,0,1,2301,T
6-NA,689,0,0,2323,1,2324,G
6-NA,690,0,1,0,2323,2324,C
6-NA,691,0,1,2339,0,2340,G
6-NA,692,0,2333,1,2,2336,T
6-NA,693,0,2340,0,1,2341,T
6-NA,694,0,2335,0,0,2335,T
6-NA,695,0,2,2359,0,2361,G
6-NA,696,1,2366,0,1,2368,T
6-NA,697,2371,0,1,0,2372,A
6-NA,698,1,2362,0,0,2363,T
6-NA,699,0,0,0,2375,2375,C
6-NA,700,2385,0,0,0,2385,A
6-NA,701,2381,0,1,0,2382,A
6-NA,702,0,2389,0,0,2389,T
6-NA,703,0,3,2384,0,2387,G
6-NA,704,0,2,2398,0,2400,G
6-NA,705,2447,0,10,0,2457,A
6-NA,706,2458,0,2,0,2460,A
6-NA,707,1,2,0,2495,2498,C
6-NA,708,0,2517,0,1,2518,T
6-NA,709,1,2512,0,1,2514,T
6-NA,710,0,0,2614,0,2614,G
6-NA,711,0,2608,0,2,2610,T
6-NA,712,2609,0,2,0,2611,A
6-NA,713,0,0,0,2659,2659,C
6-NA,714,2604,0,0,0,2604,A
6-NA,715,0,0,2821,0,2821,G
6-NA,716,0,2798,0,1,2799,T
6-NA,717,2939,1,1,0,2941,A
6-NA,718,0,0,2955,0,2955,G
6-NA,719,0,2885,1,0,2886,T
6-NA,720,2902,0,0,0,2902,A
6-NA,721,2899,0,1,0,2900,A
6-NA,722,1,2893,0,0,2894,T
6-NA,723,0,11,2904,0,2915,G
6-NA,724,2853,0,2,0,2855,A
6-NA,725,0,0,0,2890,2890,C
6-NA,726,0,2820,0,0,2820,T
6-NA,727,0,1,2838,0,2839,G
6-NA,728,2803,0,4,0,2807,A
6-NA,729,0,2841,0,4,2845,T
6-NA,730,1,6,2843,0,2850,G
6-NA,731,0,2,2835,0,2837,G
6-NA,732,0,2,2832,0,2834,G
6-NA,733,2788,0,2,0,2790,A
6-NA,734,10,0,2783,0,2793,G
6-NA,735,0,2776,0,1,2777,T
6-NA,736,1,1,2800,0,2802,G
6-NA,737,0,1,0,2798,2799,C
6-NA,738,0,2793,0,2,2795,T
6-NA,739,0,2797,0,1,2798,T
6-NA,740,1,1,0,2788,2790,C
6-NA,741,1,1,2783,0,2785,G
6-NA,742,1,3,2801,0,2805,G
6-NA,743,0,4,2816,0,2820,G
6-NA,744,2797,0,2,0,2799,A
6-NA,745,2809,0,0,0,2809,A
6-NA,746,2800,1,1,0,2802,A
6-NA,747,2816,0,2,0,2818,A
6-NA,748,0,1,2836,0,2837,G
6-NA,749,1,2,1,2829,2833,C
6-NA,750,0,2825,0,1,2826,T
6-NA,751,1,1,2820,0,2822,G
6-NA,752,2806,1,2,0,2809,A
6-NA,753,1,2850,0,1,2852,T
6-NA,754,2861,0,0,0,2861,A
6-NA,755,1,0,0,3028,3029,C
6-NA,756,0,3030,0,0,3030,T
6-NA,757,3042,0,0,0,3042,A
6-NA,758,3039,0,0,0,3039,A
6-NA,759,3034,0,0,0,3034,A
6-NA,760,3087,0,0,0,3087,A
6-NA,761,0,3085,0,0,3085,T
6-NA,762,3062,1,0,0,3063,A
6-NA,763,0,1,0,3090,3091,C
6-NA,764,0,2976,1,0,2977,T
6-NA,765,3016,0,2,0,3018,A
6-NA,766,1,3002,1,3,3007,T
6-NA,767,1,3281,0,0,3282,T
6-NA,768,5,0,0,3315,3320,C
6-NA,769,3283,1,0,0,3284,A
6-NA,770,0,3281,0,0,3281,T
6-NA,771,0,3287,0,0,3287,T
6-NA,772,3247,0,1,0,3248,A
6-NA,773,3261,0,1,0,3262,A
6-NA,774,10,2,3269,0,3281,G
6-NA,775,0,0,3284,0,3284,G
6-NA,776,3060,0,1,0,3061,A
6-NA,777,0,1,3112,0,3113,G
6-NA,778,0,4,3103,0,3107,G
6-NA,779,1,0,3120,0,3121,G
6-NA,780,0,1,3118,0,3119,G
6-NA,781,3105,0,1,0,3106,A
6-NA,782,3131,0,1,0,3132,A
6-NA,783,3116,1,0,0,3117,A
6-NA,784,3105,0,1,0,3106,A
6-NA,785,0,3103,0,0,3103,T
6-NA,786,2,0,0,3098,3100,C
6-NA,787,1,1,3126,0,3128,G
6-NA,788,0,3121,0,0,3121,T
6-NA,789,0,3118,0,2,3120,T
6-NA,790,4,0,0,3133,3137,C
6-NA,791,3130,0,3,1,3134,A
6-NA,792,1,3354,0,1,3356,T
6-NA,793,3357,0,0,0,3357,A
6-NA,794,1,1,0,3374,3376,C
6-NA,795,0,3373,0,2,3375,T
6-NA,796,3386,0,0,0,3386,A
6-NA,797,0,1,3381,0,3382,G
6-NA,798,0,1,0,3375,3376,C
6-NA,799,3370,0,0,0,3370,A
6-NA,800,0,0,0,3389,3389,C
6-NA,801,3260,0,0,0,3260,A
6-NA,802,1,3329,0,0,3330,T
6-NA,803,0,3319,0,2,3321,T
6-NA,804,1,0,3536,0,3537,G
6-NA,805,0,3523,0,1,3524,T
6-NA,806,3,13,0,3512,3528,C
6-NA,807,3523,1,3,1,3528,A
6-NA,808,0,1,3536,0,3537,G
6-NA,809,0,7,3520,0,3527,G
6-NA,810,3498,0,1,0,3499,A
6-NA,811,3474,0,1,0,3475,A
6-NA,812,1,0,3499,0,3500,G
6-NA,813,0,3357,0,2,3359,T
6-NA,814,1,0,3380,0,3381,G
6-NA,815,1,0,0,3379,3380,C
6-NA,816,0,3380,0,5,3385,T
6-NA,817,5,0,0,3395,3400,C
6-NA,818,3386,0,1,0,3387,A
6-NA,819,2,2,3409,0,3413,G
6-NA,820,0,1,1,3402,3404,C
6-NA,821,3386,0,1,0,3387,A
6-NA,822,0,3393,0,0,3393,T
6-NA,823,2,0,3506,0,3508,G
6-NA,824,0,3496,0,1,3497,T
6-NA,825,1,0,0,3507,3508,C
6-NA,826,0,5,3507,0,3512,G
6-NA,827,3484,0,0,0,3484,A
6-NA,828,1,3,3489,0,3493,G
6-NA,829,0,4,3489,0,3493,G
6-NA,830,3464,0,3,0,3467,A
6-NA,831,0,1,3514,0,3515,G
6-NA,832,0,3433,1,1,3435,T
6-NA,833,0,0,3449,0,3449,G
6-NA,834,1,2,0,3503,3506,C
6-NA,835,0,3502,0,4,3506,T
6-NA,836,7,0,0,3513,3520,C
6-NA,837,3,0,0,3529,3532,C
6-NA,838,0,3535,1,1,3537,T
6-NA,839,0,1,3552,0,3553,G
6-NA,840,0,0,0,3529,3529,C
6-NA,841,0,3509,0,4,3513,T
6-NA,842,3539,0,0,0,3539,A
6-NA,843,0,3472,0,18,3490,T
6-NA,844,2,0,0,3496,3498,C
6-NA,845,2,2,0,3506,3510,C
6-NA,846,0,3493,0,1,3494,T
6-NA,847,3,2,0,3523,3528,C
6-NA,848,1,3,3516,0,3520,G
6-NA,849,3540,1,0,0,3541,A
6-NA,850,0,3546,0,3,3549,T
6-NA,851,3570,0,0,0,3570,A
6-NA,852,0,3563,0,0,3563,T
6-NA,853,5,0,3,3549,3557,C
6-NA,854,1,1,0,3554,3556,C
6-NA,855,0,3544,0,3,3547,T
6-NA,856,0,6,3572,0,3578,G
6-NA,857,1,2,3577,0,3580,G
6-NA,858,0,3614,0,3,3617,T
6-NA,859,0,1,3640,0,3641,G
6-NA,860,0,3619,0,7,3626,T
6-NA,861,8,1,2,3610,3621,C
6-NA,862,3629,1,2,0,3632,A
6-NA,863,0,1,3640,1,3642,G
6-NA,864,3629,0,4,1,3634,A
6-NA,865,2,3592,0,1,3595,T
6-NA,866,1,0,3610,0,3611,G
6-NA,867,0,3576,0,0,3576,T
6-NA,868,0,0,3582,0,3582,G
6-NA,869,0,3571,0,0,3571,T
6-NA,870,1,0,0,3579,3580,C
6-NA,871,0,3580,0,5,3585,T
6-NA,872,4,0,3580,0,3584,G
6-NA,873,0,0,1,3580,3581,C
6-NA,874,3588,1,5,0,3594,A
6-NA,875,0,2,3598,0,3600,G
6-NA,876,3524,0,8,0,3532,A
6-NA,877,0,6,3533,0,3539,G
6-NA,878,3530,0,2,0,3532,A
6-NA,879,1,0,0,3558,3559,C
6-NA,880,3545,0,0,0,3545,A
6-NA,881,3566,0,1,0,3567,A
6-NA,882,1,1,0,3578,3580,C
6-NA,883,0,3579,0,2,3581,T
6-NA,884,1,2,3582,0,3585,G
6-NA,885,0,5,3570,0,3575,G
6-NA,886,3570,1,3,0,3574,A
6-NA,887,3565,0,3,0,3568,A
6-NA,888,3487,1,6,0,3494,A
6-NA,889,0,2,3543,0,3545,G
6-NA,890,0,2,3523,0,3525,G
6-NA,891,2,0,0,3533,3535,C
6-NA,892,0,3499,0,2,3501,T
6-NA,893,8,3,0,3582,3593,C
6-NA,894,6,0,0,3618,3624,C
6-NA,895,3650,0,0,0,3650,A
6-NA,896,3642,0,1,0,3643,A
6-NA,897,0,3648,0,1,3649,T
6-NA,898,3524,0,2,0,3526,A
6-NA,899,0,2,3505,0,3507,G
6-NA,900,0,1,3486,0,3487,G
6-NA,901,1,3,0,3495,3499,C
6-NA,902,0,0,0,3422,3422,C
6-NA,903,8,0,0,3380,3388,C
6-NA,904,3421,0,0,0,3421,A
6-NA,905,1,3469,0,0,3470,T
6-NA,906,3,1,0,3483,3487,C
6-NA,907,3,1,3478,0,3482,G
6-NA,908,0,3477,0,0,3477,T
6-NA,909,3418,0,0,0,3418,A
6-NA,910,1,0,3504,0,3505,G
6-NA,911,3516,1,1,0,3518,A
6-NA,912,0,3554,0,0,3554,T
6-NA,913,3497,0,1,0,3498,A
6-NA,914,0,3465,0,0,3465,T
6-NA,915,3468,0,1,0,3469,A
6-NA,916,3453,0,0,0,3453,A
6-NA,917,3530,0,1,1,3532,A
6-NA,918,0,1,0,3638,3639,C
6-NA,919,3550,0,0,0,3550,A
6-NA,920,0,3532,0,0,3532,T
6-NA,921,3499,0,1,0,3500,A
6-NA,922,3503,0,1,0,3504,A
6-NA,923,3496,0,8,0,3504,A
6-NA,924,0,4,3527,0,3531,G
6-NA,925,1,2,3572,0,3575,G
6-NA,926,3432,0,3,0,3435,A
6-NA,927,0,3427,0,1,3428,T
6-NA,928,1,0,0,3458,3459,C
6-NA,929,3475,1,1,0,3477,A
6-NA,930,0,3476,0,2,3478,T
6-NA,931,3480,0,1,0,3481,A
6-NA,932,2,1,3502,0,3505,G
6-NA,933,0,0,0,3475,3475,C
6-NA,934,3389,0,14,0,3403,A
6-NA,935,0,3307,0,0,3307,T
6-NA,936,1,3321,0,0,3322,T
6-NA,937,0,2,3423,0,3425,G
6-NA,938,0,3406,0,1,3407,T
6-NA,939,0,3474,0,0,3474,T
6-NA,940,0,3458,0,2,3460,T
6-NA,941,2,0,0,3441,3443,C
6-NA,942,3,1,1,3461,3466,C
6-NA,943,3515,0,1,0,3516,A
6-NA,944,0,0,3560,0,3560,G
6-NA,945,1,3555,0,0,3556,T
6-NA,946,0,3464,0,0,3464,T
6-NA,947,3465,0,1,0,3466,A
6-NA,948,0,3437,0,0,3437,T
6-NA,949,1,1,3441,0,3443,G
6-NA,950,0,3402,0,6,3408,T
6-NA,951,6,1,3435,0,3442,G
6-NA,952,0,3347,0,2,3349,T
6-NA,953,0,1,3455,0,3456,G
6-NA,954,1,3446,0,1,3448,T
6-NA,955,0,3430,1,0,3431,T
6-NA,956,4,2,0,3425,3431,C
6-NA,957,3415,2,1,0,3418,A
6-NA,958,2,5,3443,0,3450,G
6-NA,959,0,6,3435,0,3441,G
6-NA,960,3387,0,1,0,3388,A
6-NA,961,1,14,0,3404,3419,C
6-NA,962,0,3339,0,0,3339,T
6-NA,963,0,3374,0,0,3374,T
6-NA,964,0,2,3471,1,3474,G
6-NA,965,0,3483,0,1,3484,T
6-NA,966,0,3476,0,1,3477,T
6-NA,967,2,1,3451,0,3454,G
6-NA,968,2,4,3433,0,3439,G
6-NA,969,3431,0,7,0,3438,A
6-NA,970,2,4,3439,0,3445,G
6-NA,971,3432,0,6,0,3438,A
6-NA,972,0,2,0,3428,3430,C
6-NA,973,3317,0,0,0,3317,A
6-NA,974,2,0,0,3315,3317,C
6-NA,975,3304,0,3,11,3318,A
6-NA,976,0,1,0,3339,3340,C
6-NA,977,3,1,0,3317,3321,C
6-NA,978,4,1,0,3322,3327,C
6-NA,979,3331,0,4,0,3335,A
6-NA,980,0,2,3352,0,3354,G
6-NA,981,3340,0,1,0,3341,A
6-NA,982,3368,0,1,0,3369,A
6-NA,983,3348,0,1,0,3349,A
6-NA,984,3340,0,0,0,3340,A
6-NA,985,3322,0,1,0,3323,A
6-NA,986,3324,0,0,4,3328,A
6-NA,987,0,10,0,3322,3332,C
6-NA,988,0,3,3317,0,3320,G
6-NA,989,3320,1,1,0,3322,A
6-NA,990,0,6,0,3307,3313,C
6-NA,991,3309,0,0,0,3309,A
6-NA,992,1,1,3334,0,3336,G
6-NA,993,1,2,0,3420,3423,C
6-NA,994,0,3402,0,5,3407,T
6-NA,995,2,0,0,3431,3433,C
6-NA,996,1,0,0,3444,3445,C
6-NA,997,3450,0,4,0,3454,A
6-NA,998,2,1,3480,0,3483,G
6-NA,999,0,0,0,3497,3497,C
6-NA,1000,3485,0,0,0,3485,A
6-NA,1001,4,1,3494,0,3499,G
6-NA,1002,0,3345,0,0,3345,T
6-NA,1003,3350,1,3,0,3354,A
6-NA,1004,1,0,3370,0,3371,G
6-NA,1005,1,0,0,3362,3363,C
6-NA,1006,1,1,0,3375,3377,C
6-NA,1007,3331,0,1,0,3332,A
6-NA,1008,0,3328,0,0,3328,T
6-NA,1009,0,3341,0,1,3342,T
6-NA,1010,5,1,3432,0,3438,G
6-NA,1011,0,3404,0,0,3404,T
6-NA,1012,0,3409,0,0,3409,T
6-NA,1013,2,3404,0,2,3408,T
6-NA,1014,0,3,3386,0,3389,G
6-NA,1015,2,2,3421,0,3425,G
6-NA,1016,3386,1,0,0,3387,A
6-NA,1017,0,3428,0,0,3428,T
6-NA,1018,1,1,0,3421,3423,C
6-NA,1019,4,1,0,3385,3390,C
6-NA,1020,2,3396,0,2,3400,T
6-NA,1021,3403,0,4,0,3407,A
6-NA,1022,3425,0,0,0,3425,A
6-NA,1023,19,1,0,3445,3465,C
6-NA,1024,3395,0,0,1,3396,A
6-NA,1025,3422,0,0,0,3422,A
6-NA,1026,0,3432,0,0,3432,T
6-NA,1027,1,3,3472,0,3476,G
6-NA,1028,3445,1,1,0,3447,A
6-NA,1029,3428,0,5,0,3433,A
6-NA,1030,1,0,3469,0,3470,G
6-NA,1031,3445,0,2,0,3447,A
6-NA,1032,3367,0,5,0,3372,A
6-NA,1033,0,3,3393,0,3396,G
6-NA,1034,1,1,3396,0,3398,G
6-NA,1035,0,3321,1,2,3324,T
6-NA,1036,19,3,3361,0,3383,G
6-NA,1037,1,0,3492,0,3493,G
6-NA,1038,0,3439,0,5,3444,T
6-NA,1039,7,0,0,3476,3483,C
6-NA,1040,3478,0,0,0,3478,A
6-NA,1041,0,3480,0,2,3482,T
6-NA,1042,0,4,3480,0,3484,G
6-NA,1043,0,8,3500,0,3508,G
6-NA,1044,3447,0,6,0,3453,A
6-NA,1045,0,0,3608,0,3608,G
6-NA,1046,0,3480,0,0,3480,T
6-NA,1047,2,1,3484,0,3487,G
6-NA,1048,3459,1,1,1,3462,A
6-NA,1049,3468,0,1,0,3469,A
6-NA,1050,3478,1,8,1,3488,A
6-NA,1051,0,2,3491,0,3493,G
6-NA,1052,0,0,3447,0,3447,G
6-NA,1053,0,0,0,3432,3432,C
6-NA,1054,0,3359,2,1,3362,T
6-NA,1055,2,5,3351,0,3358,G
6-NA,1056,0,4,3356,0,3360,G
6-NA,1057,0,0,3388,0,3388,G
6-NA,1058,0,1,0,3399,3400,C
6-NA,1059,0,0,0,3404,3404,C
6-NA,1060,0,3379,0,12,3391,T
6-NA,1061,0,3392,0,1,3393,T
6-NA,1062,1,3408,0,0,3409,T
6-NA,1063,0,2,3406,0,3408,G
6-NA,1064,3384,0,3,0,3387,A
6-NA,1065,0,3383,0,1,3384,T
6-NA,1066,0,3,3356,0,3359,G
6-NA,1067,3307,1,3,0,3311,A
6-NA,1068,0,3340,0,1,3341,T
6-NA,1069,1,1,3338,0,3340,G
6-NA,1070,0,1,3390,0,3391,G
6-NA,1071,3356,1,0,0,3357,A
6-NA,1072,3377,0,1,0,3378,A
6-NA,1073,3373,0,0,0,3373,A
6-NA,1074,0,3362,0,0,3362,T
6-NA,1075,2,6,3380,0,3388,G
6-NA,1076,3349,0,1,0,3350,A
6-NA,1077,1,0,0,3367,3368,C
6-NA,1078,1,0,3410,0,3411,G
6-NA,1079,0,3306,0,1,3307,T
6-NA,1080,0,0,3358,0,3358,G
6-NA,1081,0,3334,0,0,3334,T
6-NA,1082,0,5,3341,0,3346,G
6-NA,1083,0,1,3361,0,3362,G
6-NA,1084,3310,0,1,0,3311,A
6-NA,1085,0,3333,0,0,3333,T
6-NA,1086,0,5,3339,1,3345,G
6-NA,1087,2,4,3330,0,3336,G
6-NA,1088,0,1,3355,0,3356,G
6-NA,1089,3310,0,2,0,3312,A
6-NA,1090,3330,0,3,0,3333,A
6-NA,1091,1,3,3328,0,3332,G
6-NA,1092,3307,0,3,0,3310,A
6-NA,1093,3301,0,1,0,3302,A
6-NA,1094,0,5,0,3290,3295,C
6-NA,1095,2,1,3278,0,3281,G
6-NA,1096,3278,0,0,0,3278,A
6-NA,1097,0,3215,0,0,3215,T
6-NA,1098,3,0,0,3228,3231,C
6-NA,1099,3228,0,1,0,3229,A
6-NA,1100,1,1,3240,0,3242,G
6-NA,1101,0,1,0,3238,3239,C
6-NA,1102,1,1,3236,0,3238,G
6-NA,1103,3219,0,1,0,3220,A
6-NA,1104,0,2,3246,0,3248,G
6-NA,1105,3228,1,2,0,3231,A
6-NA,1106,3233,0,9,0,3242,A
6-NA,1107,1,0,3234,0,3235,G
6-NA,1108,0,3209,0,2,3211,T
6-NA,1109,6,0,0,3199,3205,C
6-NA,1110,3141,0,2,0,3143,A
6-NA,1111,1,0,0,3153,3154,C
6-NA,1112,1,0,3162,0,3163,G
6-NA,1113,1,3140,0,2,3143,T
6-NA,1114,0,3248,0,2,3250,T
6-NA,1115,0,3258,0,0,3258,T
6-NA,1116,3254,0,0,0,3254,A
6-NA,1117,1,5,3287,0,3293,G
6-NA,1118,0,1,3271,0,3272,G
6-NA,1119,0,0,3345,0,3345,G
6-NA,1120,0,3171,0,0,3171,T
6-NA,1121,3185,0,0,0,3185,A
6-NA,1122,0,3164,0,3,3167,T
6-NA,1123,1,0,3176,0,3177,G
6-NA,1124,3175,0,1,0,3176,A
6-NA,1125,3170,0,0,0,3170,A
6-NA,1126,3070,0,1,0,3071,A
6-NA,1127,0,1,0,3094,3095,C
6-NA,1128,1,1,0,3049,3051,C
6-NA,1129,0,3008,0,1,3009,T
6-NA,1130,0,3016,0,3,3019,T
6-NA,1131,3,0,0,3015,3018,C
6-NA,1132,3034,0,0,0,3034,A
6-NA,1133,3023,1,0,1,3025,A
6-NA,1134,3027,1,0,0,3028,A
6-NA,1135,0,0,3046,0,3046,G
6-NA,1136,1,2980,0,2,2983,T
6-NA,1137,3,0,0,3001,3004,C
6-NA,1138,3073,2,1,0,3076,A
6-NA,1139,0,3078,0,1,3079,T
6-NA,1140,0,3083,0,0,3083,T
6-NA,1141,0,0,3089,0,3089,G
6-NA,1142,3075,0,4,0,3079,A
6-NA,1143,3084,0,4,0,3088,A
6-NA,1144,0,5,3063,0,3068,G
6-NA,1145,1,1,3047,0,3049,G
6-NA,1146,0,0,0,3044,3044,C
6-NA,1147,0,2942,0,1,2943,T
6-NA,1148,0,2,2975,0,2977,G
6-NA,1149,0,0,3034,0,3034,G
6-NA,1150,0,3022,0,4,3026,T
6-NA,1151,8,0,0,2999,3007,C
6-NA,1152,2,0,0,3015,3017,C
6-NA,1153,3007,0,1,0,3008,A
6-NA,1154,3033,0,2,0,3035,A
6-NA,1155,0,0,0,3067,3067,C
6-NA,1156,0,0,0,3065,3065,C
6-NA,1157,7,0,0,3055,3062,C
6-NA,1158,0,2954,0,0,2954,T
6-NA,1159,2953,0,0,0,2953,A
6-NA,1160,2924,0,28,0,2952,A
6-NA,1161,0,1,2972,0,2973,G
6-NA,1162,0,2929,0,5,2934,T
6-NA,1163,0,0,0,2950,2950,C
6-NA,1164,7,1,0,2886,2894,C
6-NA,1165,2882,0,0,0,2882,A
6-NA,1166,2877,0,1,0,2878,A
6-NA,1167,2876,0,0,2,2878,A
6-NA,1168,0,2870,0,4,2874,T
6-NA,1169,0,2876,0,1,2877,T
6-NA,1170,0,0,2872,0,2872,G
6-NA,1171,0,2,0,2860,2862,C
6-NA,1172,2861,0,5,0,2866,A
6-NA,1173,1,0,2891,0,2892,G
6-NA,1174,2880,0,1,0,2881,A
6-NA,1175,0,2943,0,0,2943,T
6-NA,1176,2947,0,0,0,2947,A
6-NA,1177,2942,0,0,0,2942,A
6-NA,1178,2946,0,2,0,2948,A
6-NA,1179,0,2938,0,0,2938,T
6-NA,1180,2927,0,2,0,2929,A
6-NA,1181,0,2,2923,0,2925,G
6-NA,1182,0,1,2903,0,2904,G
6-NA,1183,0,0,0,2907,2907,C
6-NA,1184,2811,0,0,0,2811,A
6-NA,1185,2845,0,1,0,2846,A
6-NA,1186,0,0,2892,0,2892,G
6-NA,1187,0,2874,0,3,2877,T
6-NA,1188,11,0,0,2866,2877,C
6-NA,1189,2876,0,1,0,2877,A
6-NA,1190,0,2880,0,0,2880,T
6-NA,1191,2888,0,0,0,2888,A
6-NA,1192,0,0,2904,0,2904,G
6-NA,1193,0,2903,0,1,2904,T
6-NA,1194,0,2822,0,1,2823,T
6-NA,1195,0,2,2790,0,2792,G
6-NA,1196,2780,0,2,0,2782,A
6-NA,1197,0,1,0,2775,2776,C
6-NA,1198,2747,0,0,0,2747,A
6-NA,1199,15,1,2769,0,2785,G
6-NA,1200,2748,1,5,0,2754,A
6-NA,1201,0,2,2880,0,2882,G
6-NA,1202,1,1,2887,0,2889,G
6-NA,1203,1,2875,0,0,2876,T
6-NA,1204,2872,0,3,0,2875,A
6-NA,1205,2872,0,1,0,2873,A
6-NA,1206,0,2852,0,0,2852,T
6-NA,1207,2868,1,2,0,2871,A
6-NA,1208,1,4,2797,0,2802,G
6-NA,1209,0,2,2756,0,2758,G
6-NA,1210,1,2574,0,2,2577,T
6-NA,1211,0,1,1,2569,2571,C
6-NA,1212,4,0,0,2571,2575,C
6-NA,1213,3,1,2575,0,2579,G
6-NA,1214,0,1,2581,0,2582,G
6-NA,1215,0,2577,0,1,2578,T
6-NA,1216,0,2584,0,0,2584,T
6-NA,1217,2575,0,1,0,2576,A
6-NA,1218,0,2541,0,2,2543,T
6-NA,1219,0,2546,0,1,2547,T
6-NA,1220,0,0,1,2541,2542,C
6-NA,1221,1,2510,0,3,2514,T
6-NA,1222,0,1,2497,0,2498,G
6-NA,1223,1,0,2485,0,2486,G
6-NA,1224,0,10,0,2430,2440,C
6-NA,1225,2502,0,1,0,2503,A
6-NA,1226,0,2490,0,0,2490,T
6-NA,1227,0,2523,0,1,2524,T
6-NA,1228,0,2505,0,0,2505,T
6-NA,1229,0,2522,1,1,2524,T
6-NA,1230,1,0,0,2530,2531,C
6-NA,1231,0,2488,0,3,2491,T
6-NA,1232,1,2,0,2519,2522,C
6-NA,1233,1,2509,0,3,2513,T
6-NA,1234,0,1,2555,0,2556,G
6-NA,1235,1,2549,0,3,2553,T
6-NA,1236,0,2540,0,0,2540,T
6-NA,1237,0,1,2534,0,2535,G
6-NA,1238,2514,0,1,0,2515,A
6-NA,1239,2519,0,3,0,2522,A
6-NA,1240,1,0,2531,0,2532,G
6-NA,1241,2,0,2510,0,2512,G
6-NA,1242,0,1,0,2515,2516,C
6-NA,1243,2486,0,0,0,2486,A
6-NA,1244,2488,0,4,0,2492,A
6-NA,1245,2497,0,0,0,2497,A
6-NA,1246,2497,0,2,0,2499,A
6-NA,1247,0,0,2493,0,2493,G
6-NA,1248,0,0,0,2478,2478,C
6-NA,1249,0,2444,0,1,2445,T
6-NA,1250,0,1,2460,0,2461,G
6-NA,1251,0,1,1,2455,2457,C
6-NA,1252,2456,0,0,0,2456,A
6-NA,1253,0,2444,0,4,2448,T
6-NA,1254,0,0,0,2435,2435,C
6-NA,1255,2439,0,0,0,2439,A
6-NA,1256,2434,0,0,0,2434,A
6-NA,1257,1,2410,0,0,2411,T
6-NA,1258,1,0,0,2431,2432,C
6-NA,1259,1,3,2392,0,2396,G
6-NA,1260,1,0,2431,0,2432,G
6-NA,1261,0,2424,0,1,2425,T
6-NA,1262,0,0,2439,0,2439,G
6-NA,1263,0,1,0,2452,2453,C
6-NA,1264,0,2427,0,7,2434,T
6-NA,1265,0,2453,0,0,2453,T
6-NA,1266,0,2459,0,1,2460,T
6-NA,1267,0,2466,0,0,2466,T
6-NA,1268,2481,0,0,0,2481,A
6-NA,1269,0,2368,0,1,2369,T
6-NA,1270,1,1,2365,0,2367,G
6-NA,1271,0,2342,0,3,2345,T
6-NA,1272,0,1,2311,0,2312,G
6-NA,1273,0,1,2330,0,2331,G
6-NA,1274,2287,0,1,0,2288,A
6-NA,1275,1,0,2307,0,2308,G
6-NA,1276,0,2283,0,1,2284,T
6-NA,1277,0,2276,1,2,2279,T
6-NA,1278,0,2,2305,0,2307,G
6-NA,1279,2305,0,1,0,2306,A
6-NA,1280,0,2303,0,0,2303,T
6-NA,1281,2282,0,0,0,2282,A
6-NA,1282,2219,2,3,0,2224,A
6-NA,1283,0,3,2236,0,2239,G
6-NA,1284,0,4,2189,0,2193,G
6-NA,1285,2,2,2180,0,2184,G
6-NA,1286,0,0,2181,0,2181,G
6-NA,1287,2136,0,0,0,2136,A
6-NA,1288,2127,0,4,0,2131,A
6-NA,1289,0,0,2148,0,2148,G
6-NA,1290,2142,1,0,0,2143,A
6-NA,1291,2140,0,0,0,2140,A
6-NA,1292,2119,0,2,0,2121,A
6-NA,1293,2080,0,8,0,2088,A
6-NA,1294,0,2,2095,0,2097,G
6-NA,1295,2064,0,3,0,2067,A
6-NA,1296,0,0,2061,0,2061,G
6-NA,1297,0,2,2058,1,2061,G
6-NA,1298,2039,0,0,1,2040,A
6-NA,1299,2040,0,0,0,2040,A
6-NA,1300,2027,1,2,0,2030,A
6-NA,1301,0,1,0,2044,2045,C
6-NA,1302,0,2028,0,0,2028,T
6-NA,1303,0,1,2052,0,2053,G
6-NA,1304,2042,0,1,0,2043,A
6-NA,1305,2038,0,1,0,2039,A
6-NA,1306,0,0,2050,0,2050,G
6-NA,1307,0,2014,0,1,2015,T
6-NA,1308,3,0,0,2056,2059,C
6-NA,1309,0,2036,0,1,2037,T
6-NA,1310,1,2028,0,1,2030,T
6-NA,1311,1,0,2034,0,2035,G
6-NA,1312,1,2023,0,2,2026,T
6-NA,1313,0,1,2013,0,2014,G
6-NA,1314,0,2,2010,0,2012,G
6-NA,1315,1990,0,1,0,1991,A
6-NA,1316,0,0,1,1997,1998,C
6-NA,1317,3,0,0,1930,1933,C
6-NA,1318,0,1931,1,0,1932,T
6-NA,1319,3,0,0,1940,1943,C
6-NA,1320,1,6,1935,0,1942,G
6-NA,1321,1955,0,0,0,1955,A
6-NA,1322,1949,0,0,0,1949,A
6-NA,1323,0,1,0,1965,1966,C
6-NA,1324,1925,0,0,0,1925,A
6-NA,1325,1,0,1989,0,1990,G
6-NA,1326,0,1975,0,0,1975,T
6-NA,1327,1971,0,0,0,1971,A
6-NA,1328,0,1966,0,0,1966,T
6-NA,1329,0,1921,0,0,1921,T
6-NA,1330,0,1,1943,0,1944,G
6-NA,1331,1,1932,0,2,1935,T
6-NA,1332,0,1877,0,0,1877,T
6-NA,1333,0,0,1883,0,1883,G
6-NA,1334,0,1697,0,1,1698,T
6-NA,1335,0,2,1707,0,1709,G
6-NA,1336,0,1700,1,2,1703,T
6-NA,1337,0,1681,0,1,1682,T
6-NA,1338,0,1683,0,1,1684,T
6-NA,1339,0,1635,0,0,1635,T
6-NA,1340,0,0,1645,0,1645,G
6-NA,1341,0,1632,0,0,1632,T
6-NA,1342,2,0,1632,0,1634,G
6-NA,1343,1,0,1615,0,1616,G
6-NA,1344,0,0,0,1607,1607,C
6-NA,1345,1586,0,0,0,1586,A
6-NA,1346,1,0,0,1609,1610,C
6-NA,1347,0,1,0,1615,1616,C
6-NA,1348,0,1610,0,1,1611,T
6-NA,1349,4,0,0,1611,1615,C
6-NA,1350,1624,0,0,0,1624,A
6-NA,1351,0,0,1637,0,1637,G
6-NA,1352,0,0,1641,0,1641,G
6-NA,1353,0,1627,0,0,1627,T
6-NA,1354,1624,0,0,0,1624,A
6-NA,1355,0,0,0,1537,1537,C
6-NA,1356,1546,0,0,0,1546,A
6-NA,1357,0,1540,0,1,1541,T
6-NA,1358,1498,0,1,0,1499,A
6-NA,1359,0,1490,0,0,1490,T
6-NA,1360,0,0,1383,0,1383,G
6-NA,1361,0,0,1376,0,1376,G
6-NA,1362,1374,1,0,0,1375,A
6-NA,1363,1357,0,0,0,1357,A
6-NA,1364,1,0,0,1341,1342,C
6-NA,1365,1106,1,0,0,1107,A
6-NA,1366,0,0,1105,0,1105,G
6-NA,1367,0,0,1092,0,1092,G
6-NA,1368,0,0,0,1091,1091,C
6-NA,1369,0,1095,0,0,1095,T
6-NA,1370,0,2,0,1046,1048,C
6-NA,1371,1049,0,1,0,1050,A
6-NA,1372,0,1043,0,3,1046,T
6-NA,1373,0,0,1051,0,1051,G
6-NA,1374,0,0,1048,0,1048,G
6-NA,1375,2,1,0,999,1002,C
6-NA,1376,1,0,0,996,997,C
6-NA,1377,0,925,0,1,926,T
6-NA,1378,0,0,931,0,931,G
6-NA,1379,924,0,2,0,926,A
6-NA,1380,0,929,0,0,929,T
6-NA,1381,1,1,904,0,906,G
6-NA,1382,0,1,884,0,885,G
6-NA,1383,0,1,840,0,841,G
6-NA,1384,0,0,841,0,841,G
6-NA,1385,0,0,0,813,813,C
6-NA,1386,0,1,819,0,820,G
6-NA,1387,0,0,810,0,810,G
6-NA,1388,799,0,1,0,800,A
6-NA,1389,0,0,0,798,798,C
6-NA,1390,799,0,0,0,799,A
6-NA,1391,0,785,0,1,786,T
6-NA,1392,1,0,1,772,774,C
6-NA,1393,767,0,0,0,767,A
6-NA,1394,768,0,0,0,768,A
6-NA,1395,0,764,0,0,764,T
6-NA,1396,0,0,0,747,747,C
6-NA,1397,0,718,0,1,719,T
6-NA,1398,2,0,0,598,600,C
6-NA,1399,604,0,1,0,605,A
6-NA,1400,0,594,0,0,594,T
6-NA,1401,0,0,599,0,599,G
6-NA,1402,0,0,0,591,591,C
6-NA,1403,1,0,0,567,568,C
6-NA,1404,0,507,0,1,508,T
6-NA,1405,497,0,0,0,497,A
6-NA,1406,0,499,0,0,499,T
6-NA,1407,493,0,0,0,493,A
6-NA,1408,0,493,0,0,493,T
6-NA,1409,452,0,0,0,452,A
6-NA,1410,425,0,0,0,425,A
7-M,1,25,0,0,0,25,A
7-M,2,0,25,0,0,25,T
7-M,3,0,0,28,0,28,G
7-M,4,27,0,0,0,27,A
7-M,5,0,0,30,0,30,G
7-M,6,0,0,0,32,32,C
7-M,7,0,0,0,33,33,C
7-M,8,0,44,0,0,44,T
7-M,9,0,45,0,0,45,T
7-M,10,0,0,0,47,47,C
7-M,11,0,46,0,0,46,T
7-M,12,45,0,0,0,45,A
7-M,13,46,0,0,0,46,A
7-M,14,0,0,0,47,47,C
7-M,15,0,0,0,47,47,C
7-M,16,0,0,46,0,46,G
7-M,17,45,0,0,0,45,A
7-M,18,0,0,46,0,46,G
7-M,19,0,0,48,0,48,G
7-M,20,0,46,0,0,46,T
7-M,21,0,0,0,49,49,C
7-M,22,0,0,47,0,47,G
7-M,23,48,0,0,0,48,A
7-M,24,50,0,0,0,50,A
7-M,25,51,0,0,0,51,A
7-M,26,0,0,0,53,53,C
7-M,27,0,0,53,0,53,G
7-M,28,0,53,0,0,53,T
7-M,29,54,0,0,0,54,A
7-M,30,0,54,0,0,54,T
7-M,31,0,0,55,0,55,G
7-M,32,0,56,0,0,56,T
7-M,33,0,61,0,0,61,T
7-M,34,0,0,0,65,65,C
7-M,35,0,63,0,0,63,T
7-M,36,0,0,0,67,67,C
7-M,37,0,68,0,0,68,T
7-M,38,0,0,0,70,70,C
7-M,39,0,69,0,0,69,T
7-M,40,70,0,0,0,70,A
7-M,41,0,68,0,0,68,T
7-M,42,0,0,0,70,70,C
7-M,43,0,0,69,0,69,G
7-M,44,0,67,0,0,67,T
7-M,45,0,70,0,0,70,T
7-M,46,0,0,0,74,74,C
7-M,47,0,0,0,75,75,C
7-M,48,75,0,0,0,75,A
7-M,49,0,74,0,0,74,T
7-M,50,0,0,0,74,74,C
7-M,51,75,0,0,0,75,A
7-M,52,0,0,75,0,75,G
7-M,53,0,0,75,0,75,G
7-M,54,0,0,0,76,76,C
7-M,55,0,0,0,73,73,C
7-M,56,0,0,0,77,77,C
7-M,57,0,0,0,80,80,C
7-M,58,1,0,0,80,81,C
7-M,59,0,82,0,0,82,T
7-M,60,0,0,0,83,83,C
7-M,61,80,0,0,0,80,A
7-M,62,83,0,0,0,83,A
7-M,63,85,0,0,0,85,A
7-M,64,0,0,86,0,86,G
7-M,65,0,0,0,88,88,C
7-M,66,0,0,0,84,84,C
7-M,67,0,0,88,0,88,G
7-M,68,87,0,0,0,87,A
7-M,69,0,0,88,0,88,G
7-M,70,86,0,0,0,86,A
7-M,71,0,86,0,0,86,T
7-M,72,0,0,0,89,89,C
7-M,73,0,0,88,0,88,G
7-M,74,0,0,0,86,86,C
7-M,75,0,0,87,0,87,G
7-M,76,0,0,0,87,87,C
7-M,77,89,0,0,0,89,A
7-M,78,0,0,88,0,88,G
7-M,79,87,0,0,0,87,A
7-M,80,0,0,92,0,92,G
7-M,81,93,0,0,0,93,A
7-M,82,0,0,0,95,95,C
7-M,83,0,95,0,0,95,T
7-M,84,0,95,0,0,95,T
7-M,85,0,0,97,0,97,G
7-M,86,97,0,0,0,97,A
7-M,87,96,0,0,0,96,A
7-M,88,0,1,96,0,97,G
7-M,89,97,0,0,0,97,A
7-M,90,0,98,0,0,98,T
7-M,91,0,0,98,0,98,G
7-M,92,0,98,0,0,98,T
7-M,93,1,0,0,97,98,C
7-M,94,0,94,0,1,95,T
7-M,95,0,96,0,0,96,T
7-M,96,0,96,0,0,96,T
7-M,97,0,0,96,0,96,G
7-M,98,0,0,0,97,97,C
7-M,99,0,95,0,0,95,T
7-M,100,0,0,94,0,94,G
7-M,101,0,0,94,0,94,G
7-M,102,0,1,94,0,95,G
7-M,103,92,0,0,0,92,A
7-M,104,96,0,0,0,96,A
7-M,105,98,0,0,0,98,A
7-M,106,97,0,0,0,97,A
7-M,107,99,0,0,0,99,A
7-M,108,0,0,0,100,100,C
7-M,109,100,0,0,0,100,A
7-M,110,0,0,0,100,100,C
7-M,111,95,0,0,0,95,A
7-M,112,0,0,99,0,99,G
7-M,113,99,0,0,0,99,A
7-M,114,0,102,0,0,102,T
7-M,115,0,0,0,104,104,C
7-M,116,0,103,0,0,103,T
7-M,117,0,103,0,0,103,T
7-M,118,0,0,102,0,102,G
7-M,119,103,0,0,0,103,A
7-M,120,0,0,107,0,107,G
7-M,121,0,0,103,0,103,G
7-M,122,0,0,0,106,106,C
7-M,123,0,106,0,0,106,T
7-M,124,0,0,0,121,121,C
7-M,125,0,123,0,0,123,T
7-M,126,0,0,0,124,124,C
7-M,127,124,0,0,0,124,A
7-M,128,0,123,0,0,123,T
7-M,129,0,0,122,0,122,G
7-M,130,0,1,127,0,128,G
7-M,131,125,0,0,0,125,A
7-M,132,126,0,0,0,126,A
7-M,133,0,120,0,0,120,T
7-M,134,0,0,121,0,121,G
7-M,135,0,0,123,0,123,G
7-M,136,0,0,0,126,126,C
7-M,137,0,125,0,0,125,T
7-M,138,125,0,0,0,125,A
7-M,139,124,0,0,0,124,A
7-M,140,124,0,0,0,124,A
7-M,141,0,0,129,0,129,G
7-M,142,127,0,0,0,127,A
7-M,143,0,0,0,125,125,C
7-M,144,122,0,0,0,122,A
7-M,145,121,0,0,0,121,A
7-M,146,0,1,129,0,130,G
7-M,147,128,0,0,0,128,A
7-M,148,0,0,0,129,129,C
7-M,149,0,0,0,132,132,C
7-M,150,130,0,0,0,130,A
7-M,151,133,0,0,0,133,A
7-M,152,0,133,0,0,133,T
7-M,153,0,133,0,0,133,T
7-M,154,0,0,0,133,133,C
7-M,155,0,135,0,0,135,T
7-M,156,0,0,132,0,132,G
7-M,157,0,133,0,0,133,T
7-M,158,2,0,0,132,134,C
7-M,159,135,0,0,0,135,A
7-M,160,0,0,0,142,142,C
7-M,161,1,0,0,141,142,C
7-M,162,0,140,0,0,140,T
7-M,163,0,0,0,142,142,C
7-M,164,0,136,0,1,137,T
7-M,165,0,0,145,0,145,G
7-M,166,144,0,0,0,144,A
7-M,167,0,0,0,146,146,C
7-M,168,0,147,0,0,147,T
7-M,169,142,0,0,0,142,A
7-M,170,141,1,0,0,142,A
7-M,171,0,0,144,0,144,G
7-M,172,0,1,141,0,142,G
7-M,173,0,0,141,0,141,G
7-M,174,0,0,140,0,140,G
7-M,175,142,0,0,0,142,A
7-M,176,0,142,0,0,142,T
7-M,177,0,143,0,0,143,T
7-M,178,0,141,0,0,141,T
7-M,179,0,145,0,0,145,T
7-M,180,0,0,144,0,144,G
7-M,181,0,1,143,0,144,G
7-M,182,0,0,143,0,143,G
7-M,183,0,0,144,0,144,G
7-M,184,0,141,0,0,141,T
7-M,185,0,143,0,0,143,T
7-M,186,0,144,0,0,144,T
7-M,187,0,0,146,0,146,G
7-M,188,0,147,0,0,147,T
7-M,189,0,0,147,0,147,G
7-M,190,0,148,0,0,148,T
7-M,191,0,147,0,0,147,T
7-M,192,0,0,0,148,148,C
7-M,193,147,0,0,1,148,A
7-M,194,0,0,0,149,149,C
7-M,195,0,1,147,0,148,G
7-M,196,0,0,0,147,147,C
7-M,197,0,146,0,0,146,T
7-M,198,1,0,0,148,149,C
7-M,199,151,0,0,0,151,A
7-M,200,0,0,0,151,151,C
7-M,201,0,0,0,152,152,C
7-M,202,0,0,154,0,154,G
7-M,203,0,153,0,0,153,T
7-M,204,0,0,155,0,155,G
7-M,205,0,0,0,154,154,C
7-M,206,0,0,0,154,154,C
7-M,207,0,0,0,158,158,C
7-M,208,156,0,0,0,156,A
7-M,209,0,0,156,0,156,G
7-M,210,0,157,0,0,157,T
7-M,211,0,1,159,0,160,G
7-M,212,161,0,0,0,161,A
7-M,213,0,0,162,0,162,G
7-M,214,0,0,0,162,162,C
7-M,215,0,0,159,0,159,G
7-M,216,160,0,0,0,160,A
7-M,217,0,0,159,0,159,G
7-M,218,0,0,161,0,161,G
7-M,219,159,0,0,0,159,A
7-M,220,0,0,0,162,162,C
7-M,221,0,160,0,0,160,T
7-M,222,0,0,161,0,161,G
7-M,223,0,0,0,161,161,C
7-M,224,162,0,0,0,162,A
7-M,225,0,0,167,0,167,G
7-M,226,0,0,0,166,166,C
7-M,227,0,0,168,0,168,G
7-M,228,0,162,0,0,162,T
7-M,229,168,0,0,0,168,A
7-M,230,0,0,167,0,167,G
7-M,231,165,0,0,0,165,A
7-M,232,0,0,0,167,167,C
7-M,233,0,0,170,0,170,G
7-M,234,0,0,0,167,167,C
7-M,235,0,163,0,0,163,T
7-M,236,0,164,0,0,164,T
7-M,237,0,165,0,0,165,T
7-M,238,0,0,168,0,168,G
7-M,239,0,167,0,0,167,T
7-M,240,0,0,0,163,163,C
7-M,241,1,1,0,166,168,C
7-M,242,166,0,0,0,166,A
7-M,243,166,0,0,0,166,A
7-M,244,165,0,0,0,165,A
7-M,245,168,0,0,0,168,A
7-M,246,0,166,0,0,166,T
7-M,247,0,0,165,0,165,G
7-M,248,0,0,0,161,161,C
7-M,249,0,0,0,163,163,C
7-M,250,0,0,0,163,163,C
7-M,251,0,163,0,0,163,T
7-M,252,0,0,0,175,175,C
7-M,253,174,0,0,0,174,A
7-M,254,172,0,0,0,172,A
7-M,255,0,176,0,0,176,T
7-M,256,0,0,176,0,176,G
7-M,257,0,0,176,0,176,G
7-M,258,0,0,179,0,179,G
7-M,259,178,0,0,0,178,A
7-M,260,176,0,0,0,176,A
7-M,261,0,172,0,0,172,T
7-M,262,0,0,170,0,170,G
7-M,263,0,0,172,0,172,G
7-M,264,169,0,0,0,169,A
7-M,265,0,0,171,0,171,G
7-M,266,168,0,1,0,169,A
7-M,267,0,0,0,168,168,C
7-M,268,0,0,0,181,181,C
7-M,269,0,0,0,181,181,C
7-M,270,185,0,0,0,185,A
7-M,271,184,0,0,0,184,A
7-M,272,182,0,0,0,182,A
7-M,273,0,186,0,0,186,T
7-M,274,190,0,0,0,190,A
7-M,275,188,0,0,0,188,A
7-M,276,0,0,0,186,186,C
7-M,277,184,0,0,0,184,A
7-M,278,0,185,0,0,185,T
7-M,279,0,0,189,0,189,G
7-M,280,0,0,189,0,189,G
7-M,281,189,0,0,0,189,A
7-M,282,0,0,0,190,190,C
7-M,283,184,0,0,0,184,A
7-M,284,184,0,0,0,184,A
7-M,285,187,0,0,0,187,A
7-M,286,0,0,193,0,193,G
7-M,287,0,0,0,194,194,C
7-M,288,191,0,0,0,191,A
7-M,289,0,0,194,0,194,G
7-M,290,0,195,0,0,195,T
7-M,291,0,194,0,0,194,T
7-M,292,194,0,0,0,194,A
7-M,293,195,0,0,0,195,A
7-M,294,196,0,0,0,196,A
7-M,295,0,0,0,198,198,C
7-M,296,0,191,0,0,191,T
7-M,297,0,0,203,0,203,G
7-M,298,0,205,0,0,205,T
7-M,299,207,0,0,0,207,A
7-M,300,0,205,0,0,205,T
7-M,301,207,0,0,0,207,A
7-M,302,0,0,204,0,204,G
7-M,303,192,0,1,0,193,A
7-M,304,195,0,0,0,195,A
7-M,305,194,0,0,0,194,A
7-M,306,202,0,0,0,202,A
7-M,307,0,0,0,206,206,C
7-M,308,0,204,0,0,204,T
7-M,309,0,204,0,0,204,T
7-M,310,202,0,0,0,202,A
7-M,311,199,0,0,0,199,A
7-M,312,0,2,205,0,207,G
7-M,313,203,0,0,0,203,A
7-M,314,0,0,203,0,203,G
7-M,315,1,1,201,0,203,G
7-M,316,1,0,202,0,203,G
7-M,317,206,0,0,0,206,A
7-M,318,0,0,204,0,204,G
7-M,319,208,0,0,0,208,A
7-M,320,0,205,0,0,205,T
7-M,321,207,0,0,0,207,A
7-M,322,210,0,0,0,210,A
7-M,323,0,0,0,209,209,C
7-M,324,0,0,206,0,206,G
7-M,325,0,207,0,0,207,T
7-M,326,0,206,0,0,206,T
7-M,327,0,0,0,205,205,C
7-M,328,0,0,0,205,205,C
7-M,329,205,0,0,0,205,A
7-M,330,0,205,0,0,205,T
7-M,331,0,0,203,0,203,G
7-M,332,0,0,209,0,209,G
7-M,333,0,0,209,0,209,G
7-M,334,0,0,206,0,206,G
7-M,335,1,0,0,204,205,C
7-M,336,0,0,0,207,207,C
7-M,337,209,0,0,0,209,A
7-M,338,211,0,0,0,211,A
7-M,339,212,0,0,0,212,A
7-M,340,0,1,213,0,214,G
7-M,341,216,0,0,0,216,A
7-M,342,212,0,0,0,212,A
7-M,343,217,0,0,0,217,A
7-M,344,0,217,0,0,217,T
7-M,345,217,0,0,0,217,A
7-M,346,0,0,215,0,215,G
7-M,347,0,0,0,217,217,C
7-M,348,0,217,0,0,217,T
7-M,349,1,0,0,217,218,C
7-M,350,0,217,0,0,217,T
7-M,351,0,0,0,234,234,C
7-M,352,232,0,0,0,232,A
7-M,353,0,0,233,0,233,G
7-M,354,0,229,0,0,229,T
7-M,355,0,234,0,0,234,T
7-M,356,235,0,0,0,235,A
7-M,357,0,234,0,0,234,T
7-M,358,0,232,0,0,232,T
7-M,359,0,0,0,236,236,C
7-M,360,0,228,0,0,228,T
7-M,361,0,0,226,0,226,G
7-M,362,0,0,0,228,228,C
7-M,363,0,229,0,0,229,T
7-M,364,0,1,228,0,229,G
7-M,365,0,0,229,0,229,G
7-M,366,0,229,0,0,229,T
7-M,367,0,0,232,0,232,G
7-M,368,0,0,0,228,228,C
7-M,369,229,0,0,0,229,A
7-M,370,0,0,0,230,230,C
7-M,371,0,228,0,0,228,T
7-M,372,0,229,0,1,230,T
7-M,373,0,0,229,0,229,G
7-M,374,0,0,0,229,229,C
7-M,375,0,0,0,227,227,C
7-M,376,230,0,0,0,230,A
7-M,377,0,1,230,0,231,G
7-M,378,0,229,0,0,229,T
7-M,379,0,230,0,0,230,T
7-M,380,0,0,233,0,233,G
7-M,381,0,1,0,227,228,C
7-M,382,230,0,0,0,230,A
7-M,383,0,232,0,0,232,T
7-M,384,0,0,230,0,230,G
7-M,385,0,0,234,0,234,G
7-M,386,0,0,235,0,235,G
7-M,387,0,0,0,238,238,C
7-M,388,0,0,0,242,242,C
7-M,389,0,242,0,0,242,T
7-M,390,0,0,0,253,253,C
7-M,391,265,0,0,0,265,A
7-M,392,0,272,0,0,272,T
7-M,393,278,0,0,0,278,A
7-M,394,0,275,0,0,275,T
7-M,395,273,0,0,0,273,A
7-M,396,0,0,0,283,283,C
7-M,397,275,0,0,0,275,A
7-M,398,271,0,0,0,271,A
7-M,399,0,268,0,0,268,T
7-M,400,261,0,1,0,262,A
7-M,401,0,0,265,0,265,G
7-M,402,0,1,254,0,255,G
7-M,403,256,0,0,0,256,A
7-M,404,0,254,0,0,254,T
7-M,405,0,0,236,0,236,G
7-M,406,0,1,232,0,233,G
7-M,407,0,0,235,0,235,G
7-M,408,0,0,232,0,232,G
7-M,409,0,0,232,0,232,G
7-M,410,0,0,0,231,231,C
7-M,411,0,233,0,0,233,T
7-M,412,0,0,233,0,233,G
7-M,413,0,233,0,0,233,T
7-M,414,233,0,0,0,233,A
7-M,415,232,0,0,0,232,A
7-M,416,0,0,0,234,234,C
7-M,417,0,0,0,232,232,C
7-M,418,228,0,0,0,228,A
7-M,419,0,0,0,228,228,C
7-M,420,0,228,0,0,228,T
7-M,421,0,1,229,0,230,G
7-M,422,226,0,0,0,226,A
7-M,423,228,0,0,0,228,A
7-M,424,0,0,228,0,228,G
7-M,425,0,226,0,0,226,T
7-M,426,0,0,225,0,225,G
7-M,427,0,0,226,0,226,G
7-M,428,0,0,0,226,226,C
7-M,429,226,0,0,0,226,A
7-M,430,0,224,0,0,224,T
7-M,431,0,222,0,0,222,T
7-M,432,0,223,0,0,223,T
7-M,433,0,1,228,0,229,G
7-M,434,1,0,228,0,229,G
7-M,435,0,0,0,228,228,C
7-M,436,0,0,0,231,231,C
7-M,437,0,227,0,0,227,T
7-M,438,0,0,237,0,237,G
7-M,439,0,0,237,0,237,G
7-M,440,0,239,0,0,239,T
7-M,441,240,0,0,0,240,A
7-M,442,0,231,0,0,231,T
7-M,443,0,0,231,0,231,G
7-M,444,0,234,0,0,234,T
7-M,445,0,0,235,0,235,G
7-M,446,0,0,0,237,237,C
7-M,447,226,0,0,0,226,A
7-M,448,224,0,0,0,224,A
7-M,449,0,0,0,225,225,C
7-M,450,228,0,0,0,228,A
7-M,451,0,228,0,0,228,T
7-M,452,0,0,228,0,228,G
7-M,453,0,217,0,0,217,T
7-M,454,0,0,218,0,218,G
7-M,455,215,0,0,0,215,A
7-M,456,0,0,219,0,219,G
7-M,457,0,0,0,214,214,C
7-M,458,212,0,0,0,212,A
7-M,459,0,0,213,0,213,G
7-M,460,208,0,1,0,209,A
7-M,461,0,209,0,0,209,T
7-M,462,0,209,0,1,210,T
7-M,463,0,0,210,0,210,G
7-M,464,1,0,0,208,209,C
7-M,465,0,212,0,0,212,T
7-M,466,0,0,212,0,212,G
7-M,467,208,0,0,0,208,A
7-M,468,0,0,0,221,221,C
7-M,469,0,223,0,0,223,T
7-M,470,2,0,0,221,223,C
7-M,471,0,0,0,223,223,C
7-M,472,0,0,0,223,223,C
7-M,473,222,0,0,0,222,A
7-M,474,0,0,222,0,222,G
7-M,475,0,0,0,226,226,C
7-M,476,228,0,0,0,228,A
7-M,477,0,0,0,225,225,C
7-M,478,208,0,0,0,208,A
7-M,479,0,0,210,0,210,G
7-M,480,0,0,212,0,212,G
7-M,481,0,210,0,0,210,T
7-M,482,1,0,0,220,221,C
7-M,483,0,212,0,0,212,T
7-M,484,0,0,0,216,216,C
7-M,485,218,0,0,0,218,A
7-M,486,0,217,0,0,217,T
7-M,487,216,0,0,0,216,A
7-M,488,0,0,211,0,211,G
7-M,489,0,0,205,0,205,G
7-M,490,0,0,0,208,208,C
7-M,491,201,0,0,0,201,A
7-M,492,0,0,201,0,201,G
7-M,493,199,0,0,0,199,A
7-M,494,0,205,0,0,205,T
7-M,495,0,1,201,0,202,G
7-M,496,0,1,202,0,203,G
7-M,497,0,202,0,0,202,T
7-M,498,0,1,207,0,208,G
7-M,499,0,0,204,0,204,G
7-M,500,0,0,0,207,207,C
7-M,501,203,0,0,0,203,A
7-M,502,205,0,0,0,205,A
7-M,503,0,0,0,209,209,C
7-M,504,211,0,0,0,211,A
7-M,505,210,0,0,0,210,A
7-M,506,0,0,0,211,211,C
7-M,507,1,0,0,205,206,C
7-M,508,205,0,0,0,205,A
7-M,509,205,0,0,0,205,A
7-M,510,0,203,0,0,203,T
7-M,511,0,1,0,206,207,C
7-M,512,0,0,0,201,201,C
7-M,513,200,0,0,0,200,A
7-M,514,0,200,0,0,200,T
7-M,515,0,200,0,0,200,T
7-M,516,199,0,0,0,199,A
7-M,517,200,0,0,0,200,A
7-M,518,0,201,0,0,201,T
7-M,519,200,0,0,0,200,A
7-M,520,199,0,0,0,199,A
7-M,521,196,0,0,0,196,A
7-M,522,198,0,0,0,198,A
7-M,523,0,0,0,203,203,C
7-M,524,201,0,0,0,201,A
7-M,525,0,201,0,0,201,T
7-M,526,0,0,203,0,203,G
7-M,527,200,0,0,0,200,A
7-M,528,0,0,203,0,203,G
7-M,529,193,0,0,0,193,A
7-M,530,198,0,1,0,199,A
7-M,531,0,0,0,199,199,C
7-M,532,194,0,0,0,194,A
7-M,533,0,0,200,0,200,G
7-M,534,195,0,0,0,195,A
7-M,535,197,0,1,0,198,A
7-M,536,0,198,0,0,198,T
7-M,537,0,0,191,0,191,G
7-M,538,0,0,193,0,193,G
7-M,539,0,186,0,0,186,T
7-M,540,0,184,0,0,184,T
7-M,541,0,188,0,0,188,T
7-M,542,0,189,0,0,189,T
7-M,543,0,0,192,0,192,G
7-M,544,0,1,192,0,193,G
7-M,545,0,0,0,194,194,C
7-M,546,0,0,0,192,192,C
7-M,547,189,0,0,0,189,A
7-M,548,0,0,198,0,198,G
7-M,549,0,0,0,197,197,C
7-M,550,199,0,0,0,199,A
7-M,551,0,0,0,201,201,C
7-M,552,0,196,0,0,196,T
7-M,553,199,0,0,0,199,A
7-M,554,0,0,0,203,203,C
7-M,555,204,0,0,0,204,A
7-M,556,0,0,206,0,206,G
7-M,557,0,0,0,204,204,C
7-M,558,0,199,0,0,199,T
7-M,559,200,0,0,0,200,A
7-M,560,195,0,1,0,196,A
7-M,561,0,0,198,0,198,G
7-M,562,0,0,196,0,196,G
7-M,563,0,0,0,199,199,C
7-M,564,0,194,0,0,194,T
7-M,565,198,0,0,0,198,A
7-M,566,0,197,0,0,197,T
7-M,567,0,0,197,0,197,G
7-M,568,0,0,197,0,197,G
7-M,569,193,0,1,0,194,A
7-M,570,0,0,196,0,196,G
7-M,571,0,0,0,190,190,C
7-M,572,186,0,0,0,186,A
7-M,573,188,0,0,0,188,A
7-M,574,186,0,0,0,186,A
7-M,575,0,186,0,0,186,T
7-M,576,0,0,185,0,185,G
7-M,577,0,0,186,0,186,G
7-M,578,2,1,0,185,188,C
7-M,579,0,187,0,0,187,T
7-M,580,0,0,184,0,184,G
7-M,581,0,1,188,0,189,G
7-M,582,187,0,0,0,187,A
7-M,583,0,185,0,0,185,T
7-M,584,0,0,0,188,188,C
7-M,585,184,0,0,0,184,A
7-M,586,187,0,0,0,187,A
7-M,587,0,0,189,0,189,G
7-M,588,0,186,0,0,186,T
7-M,589,0,1,187,0,188,G
7-M,590,183,0,0,0,183,A
7-M,591,0,0,184,0,184,G
7-M,592,0,0,0,188,188,C
7-M,593,182,0,0,0,182,A
7-M,594,0,0,185,0,185,G
7-M,595,0,0,184,0,184,G
7-M,596,0,0,0,185,185,C
7-M,597,180,0,0,0,180,A
7-M,598,0,0,184,0,184,G
7-M,599,0,0,0,186,186,C
7-M,600,1,0,183,0,184,G
7-M,601,0,0,183,0,183,G
7-M,602,179,0,0,0,179,A
7-M,603,0,0,183,0,183,G
7-M,604,0,0,187,0,187,G
7-M,605,0,0,0,183,183,C
7-M,606,0,0,0,185,185,C
7-M,607,183,0,0,0,183,A
7-M,608,0,183,0,0,183,T
7-M,609,0,0,186,0,186,G
7-M,610,0,1,185,0,186,G
7-M,611,186,0,0,0,186,A
7-M,612,0,0,187,0,187,G
7-M,613,178,0,0,0,178,A
7-M,614,0,184,0,0,184,T
7-M,615,0,183,0,0,183,T
7-M,616,0,0,187,0,187,G
7-M,617,0,1,0,184,185,C
7-M,618,0,185,0,1,186,T
7-M,619,189,0,0,0,189,A
7-M,620,0,0,190,0,190,G
7-M,621,0,187,0,0,187,T
7-M,622,0,0,0,188,188,C
7-M,623,184,0,0,0,184,A
7-M,624,0,0,183,0,183,G
7-M,625,0,0,181,0,181,G
7-M,626,0,0,0,182,182,C
7-M,627,0,1,0,182,183,C
7-M,628,179,0,0,0,179,A
7-M,629,0,0,184,0,184,G
7-M,630,0,0,184,0,184,G
7-M,631,0,0,0,183,183,C
7-M,632,184,0,0,0,184,A
7-M,633,0,0,184,0,184,G
7-M,634,181,0,0,0,181,A
7-M,635,0,182,0,0,182,T
7-M,636,0,0,185,0,185,G
7-M,637,0,0,185,0,185,G
7-M,638,0,184,0,0,184,T
7-M,639,0,0,184,0,184,G
7-M,640,0,0,0,180,180,C
7-M,641,181,0,1,0,182,A
7-M,642,0,0,188,0,188,G
7-M,643,0,0,182,0,182,G
7-M,644,0,0,0,184,184,C
7-M,645,181,0,0,0,181,A
7-M,646,177,0,0,0,177,A
7-M,647,0,172,0,1,173,T
7-M,648,0,1,174,1,176,G
7-M,649,175,0,1,0,176,A
7-M,650,0,0,176,0,176,G
7-M,651,168,0,0,0,168,A
7-M,652,0,0,173,0,173,G
7-M,653,0,0,0,168,168,C
7-M,654,0,0,0,177,177,C
7-M,655,176,0,0,0,176,A
7-M,656,0,176,0,0,176,T
7-M,657,0,176,0,0,176,T
7-M,658,0,0,178,0,178,G
7-M,659,0,0,173,0,173,G
7-M,660,1,0,172,0,173,G
7-M,661,177,0,0,0,177,A
7-M,662,0,0,0,174,174,C
7-M,663,0,169,0,0,169,T
7-M,664,1,0,0,169,170,C
7-M,665,168,0,0,0,168,A
7-M,666,0,174,0,0,174,T
7-M,667,0,0,0,169,169,C
7-M,668,0,0,0,173,173,C
7-M,669,0,171,0,1,172,T
7-M,670,172,0,0,0,172,A
7-M,671,0,0,171,0,171,G
7-M,672,0,191,0,0,191,T
7-M,673,0,195,0,0,195,T
7-M,674,0,0,0,194,194,C
7-M,675,0,0,0,190,190,C
7-M,676,188,0,0,0,188,A
7-M,677,0,1,189,0,190,G
7-M,678,0,188,0,0,188,T
7-M,679,189,0,0,0,189,A
7-M,680,0,1,0,189,190,C
7-M,681,0,162,0,0,162,T
7-M,682,0,0,169,0,169,G
7-M,683,0,0,174,0,174,G
7-M,684,0,175,0,0,175,T
7-M,685,0,0,0,175,175,C
7-M,686,0,170,0,0,170,T
7-M,687,169,0,0,0,169,A
7-M,688,168,0,0,1,169,A
7-M,689,0,0,175,0,175,G
7-M,690,172,0,0,0,172,A
7-M,691,0,0,170,0,170,G
7-M,692,160,0,0,0,160,A
7-M,693,0,160,0,0,160,T
7-M,694,0,0,159,0,159,G
7-M,695,161,0,0,0,161,A
7-M,696,0,157,1,0,158,T
7-M,697,0,0,0,157,157,C
7-M,698,0,156,0,0,156,T
7-M,699,0,151,0,0,151,T
7-M,700,0,0,0,152,152,C
7-M,701,0,155,0,0,155,T
7-M,702,0,156,0,0,156,T
7-M,703,0,0,156,0,156,G
7-M,704,154,0,0,0,154,A
7-M,705,155,0,0,0,155,A
7-M,706,157,0,0,0,157,A
7-M,707,157,0,0,0,157,A
7-M,708,0,153,0,1,154,T
7-M,709,0,154,0,0,154,T
7-M,710,0,156,0,0,156,T
7-M,711,0,0,157,0,157,G
7-M,712,0,0,0,157,157,C
7-M,713,156,0,0,0,156,A
7-M,714,0,1,155,0,156,G
7-M,715,156,0,0,0,156,A
7-M,716,0,0,0,156,156,C
7-M,717,0,0,0,155,155,C
7-M,718,0,154,0,0,154,T
7-M,719,159,0,0,0,159,A
7-M,720,0,155,0,0,155,T
7-M,721,0,0,0,158,158,C
7-M,722,156,0,0,0,156,A
7-M,723,0,0,159,0,159,G
7-M,724,157,0,0,0,157,A
7-M,725,157,0,0,0,157,A
7-M,726,154,1,0,0,155,A
7-M,727,0,0,0,155,155,C
7-M,728,0,0,158,0,158,G
7-M,729,157,0,0,0,157,A
7-M,730,158,0,0,0,158,A
7-M,731,0,160,0,0,160,T
7-M,732,0,0,161,0,161,G
7-M,733,0,0,163,0,163,G
7-M,734,0,0,160,0,160,G
7-M,735,0,0,164,0,164,G
7-M,736,0,0,163,0,163,G
7-M,737,0,161,0,0,161,T
7-M,738,0,0,161,0,161,G
7-M,739,0,0,0,159,159,C
7-M,740,165,0,0,0,165,A
7-M,741,0,0,165,0,165,G
7-M,742,163,0,0,0,163,A
7-M,743,0,154,1,0,155,T
7-M,744,0,0,157,0,157,G
7-M,745,0,0,0,154,154,C
7-M,746,152,0,0,0,152,A
7-M,747,156,0,0,0,156,A
7-M,748,0,0,0,155,155,C
7-M,749,0,0,157,0,157,G
7-M,750,155,0,0,0,155,A
7-M,751,0,150,0,0,150,T
7-M,752,0,153,0,0,153,T
7-M,753,0,0,0,153,153,C
7-M,754,154,0,0,0,154,A
7-M,755,152,1,0,0,153,A
7-M,756,0,0,155,0,155,G
7-M,757,0,153,0,0,153,T
7-M,758,0,1,150,0,151,G
7-M,759,146,0,0,0,146,A
7-M,760,0,0,0,149,149,C
7-M,761,0,0,0,147,147,C
7-M,762,0,1,0,144,145,C
7-M,763,0,0,151,0,151,G
7-M,764,0,0,0,147,147,C
7-M,765,0,147,0,0,147,T
7-M,766,0,150,0,0,150,T
7-M,767,0,0,150,0,150,G
7-M,768,1,149,0,0,150,T
7-M,769,0,148,0,0,148,T
7-M,770,0,0,151,0,151,G
7-M,771,0,149,0,0,149,T
7-M,772,0,145,0,0,145,T
7-M,773,0,0,148,0,148,G
7-M,774,0,0,0,148,148,C
7-M,775,0,0,0,145,145,C
7-M,776,0,0,148,0,148,G
7-M,777,0,0,0,146,146,C
7-M,778,0,0,146,0,146,G
7-M,779,147,0,0,0,147,A
7-M,780,148,0,0,0,148,A
7-M,781,0,148,0,0,148,T
7-M,782,147,0,0,0,147,A
7-M,783,0,147,0,0,147,T
7-M,784,0,0,0,149,149,C
7-M,785,148,0,0,0,148,A
7-M,786,0,148,0,0,148,T
7-M,787,0,149,0,0,149,T
7-M,788,0,0,148,0,148,G
7-M,789,0,0,147,0,147,G
7-M,790,0,0,145,0,145,G
7-M,791,144,0,0,0,144,A
7-M,792,0,142,0,0,142,T
7-M,793,0,0,0,137,137,C
7-M,794,0,139,0,0,139,T
7-M,795,1,139,0,0,140,T
7-M,796,0,0,142,0,142,G
7-M,797,0,0,0,140,140,C
7-M,798,141,0,0,0,141,A
7-M,799,0,0,0,141,141,C
7-M,800,0,138,0,0,138,T
7-M,801,0,140,0,1,141,T
7-M,802,0,0,143,0,143,G
7-M,803,146,0,0,0,146,A
7-M,804,0,145,0,0,145,T
7-M,805,144,0,0,0,144,A
7-M,806,0,145,0,0,145,T
7-M,807,0,142,0,0,142,T
7-M,808,0,0,144,0,144,G
7-M,809,0,143,0,0,143,T
7-M,810,0,1,141,0,142,G
7-M,811,0,0,140,0,140,G
7-M,812,139,0,0,0,139,A
7-M,813,0,139,0,0,139,T
7-M,814,0,139,0,0,139,T
7-M,815,2,0,0,136,138,C
7-M,816,0,140,0,0,140,T
7-M,817,0,138,0,0,138,T
7-M,818,0,0,136,0,136,G
7-M,819,136,0,0,0,136,A
7-M,820,0,137,0,0,137,T
7-M,821,0,0,0,136,136,C
7-M,822,0,0,133,0,133,G
7-M,823,0,131,0,0,131,T
7-M,824,0,0,0,134,134,C
7-M,825,0,132,0,1,133,T
7-M,826,0,132,0,0,132,T
7-M,827,0,134,0,0,134,T
7-M,828,0,133,0,0,133,T
7-M,829,0,134,0,0,134,T
7-M,830,0,133,0,0,133,T
7-M,831,0,135,0,0,135,T
7-M,832,0,0,0,136,136,C
7-M,833,134,0,0,0,134,A
7-M,834,135,0,0,0,135,A
7-M,835,136,0,0,0,136,A
7-M,836,0,134,0,0,134,T
7-M,837,0,0,135,0,135,G
7-M,838,0,0,0,134,134,C
7-M,839,0,0,134,0,134,G
7-M,840,0,137,0,0,137,T
7-M,841,0,0,0,137,137,C
7-M,842,0,138,0,0,138,T
7-M,843,139,0,0,0,139,A
7-M,844,0,137,0,0,137,T
7-M,845,0,0,0,139,139,C
7-M,846,0,0,140,0,140,G
7-M,847,139,0,0,0,139,A
7-M,848,0,0,0,140,140,C
7-M,849,0,129,0,0,129,T
7-M,850,0,0,0,129,129,C
7-M,851,127,0,0,0,127,A
7-M,852,0,131,0,0,131,T
7-M,853,0,0,0,131,131,C
7-M,854,130,0,0,0,130,A
7-M,855,129,0,0,0,129,A
7-M,856,130,0,0,0,130,A
7-M,857,0,0,0,129,129,C
7-M,858,129,0,0,0,129,A
7-M,859,0,0,0,127,127,C
7-M,860,0,1,122,0,123,G
7-M,861,0,0,124,0,124,G
7-M,862,0,0,0,122,122,C
7-M,863,0,0,0,123,123,C
7-M,864,0,124,0,0,124,T
7-M,865,0,125,0,0,125,T
7-M,866,125,0,0,0,125,A
7-M,867,124,0,0,0,124,A
7-M,868,125,0,0,0,125,A
7-M,869,124,0,0,0,124,A
7-M,870,0,0,123,0,123,G
7-M,871,106,0,0,0,106,A
7-M,872,0,0,106,0,106,G
7-M,873,0,0,105,0,105,G
7-M,874,0,0,0,104,104,C
7-M,875,0,0,0,103,103,C
7-M,876,0,0,0,104,104,C
7-M,877,0,103,0,0,103,T
7-M,878,0,105,0,0,105,T
7-M,879,0,0,0,107,107,C
7-M,880,0,107,0,0,107,T
7-M,881,106,0,0,0,106,A
7-M,882,0,0,0,107,107,C
7-M,883,0,0,104,0,104,G
7-M,884,0,0,105,0,105,G
7-M,885,100,0,0,0,100,A
7-M,886,100,0,0,0,100,A
7-M,887,0,0,100,0,100,G
7-M,888,0,0,100,0,100,G
7-M,889,99,0,0,0,99,A
7-M,890,0,0,99,0,99,G
7-M,891,0,98,0,0,98,T
7-M,892,98,0,0,0,98,A
7-M,893,0,0,0,96,96,C
7-M,894,0,0,0,96,96,C
7-M,895,0,97,0,0,97,T
7-M,896,0,0,97,0,97,G
7-M,897,89,0,0,0,89,A
7-M,898,0,0,92,0,92,G
7-M,899,0,85,0,0,85,T
7-M,900,0,0,0,86,86,C
7-M,901,0,80,0,0,80,T
7-M,902,81,0,0,0,81,A
7-M,903,0,80,0,0,80,T
7-M,904,0,0,81,0,81,G
7-M,905,81,0,0,0,81,A
7-M,906,0,0,82,0,82,G
7-M,907,0,0,73,0,73,G
7-M,908,0,0,74,0,74,G
7-M,909,73,0,0,0,73,A
7-M,910,73,0,0,0,73,A
7-M,911,0,0,72,0,72,G
7-M,912,72,0,0,0,72,A
7-M,913,71,0,0,0,71,A
7-M,914,0,71,0,0,71,T
7-M,915,70,0,1,0,71,A
7-M,916,0,70,0,0,70,T
7-M,917,0,0,0,68,68,C
7-M,918,0,0,68,0,68,G
7-M,919,67,0,0,0,67,A
7-M,920,63,0,0,0,63,A
7-M,921,65,0,0,0,65,A
7-M,922,0,0,63,0,63,G
7-M,923,0,0,63,0,63,G
7-M,924,62,0,0,0,62,A
7-M,925,62,0,0,0,62,A
7-M,926,0,0,0,62,62,C
7-M,927,62,0,0,0,62,A
7-M,928,0,0,64,0,64,G
7-M,929,0,0,0,63,63,C
7-M,930,62,0,0,0,62,A
7-M,931,0,0,62,0,62,G
7-M,932,60,0,0,0,60,A
7-M,933,61,0,0,0,61,A
7-M,934,0,60,0,0,60,T
7-M,935,0,0,60,0,60,G
7-M,936,0,0,0,60,60,C
7-M,937,0,58,0,0,58,T
7-M,938,0,0,58,0,58,G
7-M,939,0,57,0,0,57,T
7-M,940,0,0,58,0,58,G
7-M,941,0,0,57,0,57,G
7-M,942,53,0,0,0,53,A
7-M,943,0,52,0,0,52,T
7-M,944,0,0,48,0,48,G
7-M,945,0,0,0,46,46,C
7-M,946,0,45,0,0,45,T
7-M,947,0,0,44,0,44,G
7-M,948,44,0,0,0,44,A
7-M,949,0,0,0,43,43,C
7-M,950,0,0,41,0,41,G
7-M,951,41,0,0,0,41,A
7-M,952,0,0,0,41,41,C
7-M,953,41,0,0,0,41,A
7-M,954,0,0,41,0,41,G
7-M,955,0,41,0,0,41,T
7-M,956,0,0,0,39,39,C
7-M,957,39,0,0,0,39,A
7-M,958,0,39,0,0,39,T
7-M,959,0,39,0,0,39,T
7-M,960,0,39,0,0,39,T
7-M,961,0,39,0,0,39,T
7-M,962,0,0,39,0,39,G
7-M,963,0,37,0,0,37,T
7-M,964,0,0,0,37,37,C
7-M,965,33,0,0,0,33,A
7-M,966,0,0,33,0,33,G
7-M,967,0,0,0,32,32,C
7-M,968,33,0,0,0,33,A
7-M,969,0,33,0,0,33,T
7-M,970,31,0,0,0,31,A
7-M,971,0,0,31,0,31,G
7-M,972,31,0,0,0,31,A
7-M,973,0,0,31,0,31,G
7-M,974,0,30,0,0,30,T
7-M,975,0,22,0,0,22,T
7-M,976,0,0,22,0,22,G
7-M,977,0,0,22,0,22,G
7-M,978,21,0,0,0,21,A
7-M,979,0,0,21,0,21,G
7-M,980,0,15,0,0,15,T
7-M,981,15,0,0,0,15,A
7-M,982,15,0,0,0,15,A
8-NS,1,490,0,0,0,490,A
8-NS,2,0,494,0,0,494,T
8-NS,3,0,0,526,0,526,G
8-NS,4,0,0,558,0,558,G
8-NS,5,601,0,0,0,601,A
8-NS,6,1,1118,0,0,1119,T
8-NS,7,1,1128,0,1,1130,T
8-NS,8,0,0,0,1162,1162,C
8-NS,9,0,0,0,1160,1160,C
8-NS,10,1165,0,3,0,1168,A
8-NS,11,1186,0,0,0,1186,A
8-NS,12,0,0,0,1183,1183,C
8-NS,13,1184,0,0,0,1184,A
8-NS,14,0,0,0,1200,1200,C
8-NS,15,0,1197,0,0,1197,T
8-NS,16,1,1,1334,0,1336,G
8-NS,17,0,1330,0,0,1330,T
8-NS,18,2,1,1341,0,1344,G
8-NS,19,1,1349,0,2,1352,T
8-NS,20,3,1,0,1352,1356,C
8-NS,21,1349,0,0,0,1349,A
8-NS,22,1352,0,0,0,1352,A
8-NS,23,0,0,1379,0,1379,G
8-NS,24,0,1407,0,0,1407,T
8-NS,25,0,1408,0,0,1408,T
8-NS,26,0,1414,0,1,1415,T
8-NS,27,1,0,1,1411,1413,C
8-NS,28,0,0,0,1429,1429,C
8-NS,29,1427,0,3,0,1430,A
8-NS,30,0,2,1453,0,1455,G
8-NS,31,0,0,1457,1,1458,G
8-NS,32,1,1430,0,0,1431,T
8-NS,33,1465,0,0,0,1465,A
8-NS,34,0,1,1473,0,1474,G
8-NS,35,1474,0,0,0,1474,A
8-NS,36,0,1485,0,0,1485,T
8-NS,37,0,1487,0,0,1487,T
8-NS,38,2,0,1504,0,1506,G
8-NS,39,0,0,0,1503,1503,C
8-NS,40,1,1502,0,3,1506,T
8-NS,41,0,1523,0,0,1523,T
8-NS,42,0,1524,0,0,1524,T
8-NS,43,0,1,0,1548,1549,C
8-NS,44,0,1548,0,2,1550,T
8-NS,45,0,1542,0,1,1543,T
8-NS,46,0,1549,0,0,1549,T
8-NS,47,1,2,1555,0,1558,G
8-NS,48,0,2,1545,0,1547,G
8-NS,49,0,0,0,1561,1561,C
8-NS,50,1557,0,1,0,1558,A
8-NS,51,0,1555,0,0,1555,T
8-NS,52,1570,0,0,0,1570,A
8-NS,53,1,1591,0,0,1592,T
8-NS,54,0,0,0,1601,1601,C
8-NS,55,2,1,1,1598,1602,C
8-NS,56,2,0,1595,0,1597,G
8-NS,57,0,2,1602,0,1604,G
8-NS,58,1598,0,0,0,1598,A
8-NS,59,1610,0,2,0,1612,A
8-NS,60,1618,1,0,0,1619,A
8-NS,61,0,0,0,1634,1634,C
8-NS,62,1620,0,0,0,1620,A
8-NS,63,1622,0,2,0,1624,A
8-NS,64,0,0,1690,0,1690,G
8-NS,65,0,1688,0,1,1689,T
8-NS,66,0,1694,0,0,1694,T
8-NS,67,0,1,1688,0,1689,G
8-NS,68,1,1691,0,0,1692,T
8-NS,69,1691,1,0,0,1692,A
8-NS,70,1,2,1710,0,1713,G
8-NS,71,1804,0,3,0,1807,A
8-NS,72,0,1,0,1824,1825,C
8-NS,73,0,1,0,1796,1797,C
8-NS,74,1803,0,0,0,1803,A
8-NS,75,1806,0,0,0,1806,A
8-NS,76,0,3,1891,0,1894,G
8-NS,77,1883,0,2,0,1885,A
8-NS,78,1906,0,1,0,1907,A
8-NS,79,0,5,0,1905,1910,C
8-NS,80,0,1871,0,0,1871,T
8-NS,81,0,2,1887,0,1889,G
8-NS,82,1876,0,3,0,1879,A
8-NS,83,0,2,1935,0,1937,G
8-NS,84,0,1931,0,0,1931,T
8-NS,85,0,0,1914,0,1914,G
8-NS,86,1931,0,0,0,1931,A
8-NS,87,1,1924,0,0,1925,T
8-NS,88,0,0,1950,1,1951,G
8-NS,89,0,0,1,1980,1981,C
8-NS,90,1,1,0,1969,1971,C
8-NS,91,4,1,0,1977,1982,C
8-NS,92,1,1,0,1977,1979,C
8-NS,93,1984,0,0,0,1984,A
8-NS,94,0,2015,0,3,2018,T
8-NS,95,0,2041,0,0,2041,T
8-NS,96,0,0,0,2045,2045,C
8-NS,97,1,0,0,2036,2037,C
8-NS,98,0,2040,0,0,2040,T
8-NS,99,0,2029,0,1,2030,T
8-NS,100,0,2,2022,0,2024,G
8-NS,101,2013,0,0,0,2013,A
8-NS,102,1,2020,0,1,2022,T
8-NS,103,2,0,0,2017,2019,C
8-NS,104,1,2,1999,1,2003,G
8-NS,105,2,0,2013,0,2015,G
8-NS,106,1,1,0,2032,2034,C
8-NS,107,0,2026,0,1,2027,T
8-NS,108,0,2049,0,0,2049,T
8-NS,109,0,0,0,2043,2043,C
8-NS,110,0,0,2060,0,2060,G
8-NS,111,0,0,0,2057,2057,C
8-NS,112,1,1,0,2061,2063,C
8-NS,113,0,0,2067,0,2067,G
8-NS,114,2040,0,0,0,2040,A
8-NS,115,0,1,2118,0,2119,G
8-NS,116,2128,0,0,0,2128,A
8-NS,117,0,2142,0,0,2142,T
8-NS,118,0,0,0,2145,2145,C
8-NS,119,2131,0,0,0,2131,A
8-NS,120,0,3,2152,0,2155,G
8-NS,121,2136,0,5,0,2141,A
8-NS,122,0,1,2150,0,2151,G
8-NS,123,1,0,2178,0,2179,G
8-NS,124,0,2182,0,1,2183,T
8-NS,125,1,0,0,2328,2329,C
8-NS,126,2,1,0,2327,2330,C
8-NS,127,0,0,0,2351,2351,C
8-NS,128,0,2349,0,0,2349,T
8-NS,129,2364,0,0,1,2365,A
8-NS,130,2356,0,0,0,2356,A
8-NS,131,2,5,2369,0,2376,G
8-NS,132,0,4,2387,0,2391,G
8-NS,133,0,0,2372,0,2372,G
8-NS,134,0,2,2336,0,2338,G
8-NS,135,2325,1,0,0,2326,A
8-NS,136,2328,0,1,0,2329,A
8-NS,137,0,0,2351,0,2351,G
8-NS,138,2388,0,0,0,2388,A
8-NS,139,0,0,2421,0,2421,G
8-NS,140,0,0,2406,0,2406,G
8-NS,141,1,0,0,2426,2427,C
8-NS,142,2413,0,1,0,2414,A
8-NS,143,2426,0,1,0,2427,A
8-NS,144,0,2439,0,1,2440,T
8-NS,145,2459,0,1,0,2460,A
8-NS,146,0,0,0,2495,2495,C
8-NS,147,0,2438,1,0,2439,T
8-NS,148,3,1,0,2442,2446,C
8-NS,149,0,2417,0,1,2418,T
8-NS,150,2,3,0,2435,2440,C
8-NS,151,2,4,2462,0,2468,G
8-NS,152,0,0,2602,0,2602,G
8-NS,153,1,2574,0,1,2576,T
8-NS,154,5,0,0,2602,2607,C
8-NS,155,0,2588,0,2,2590,T
8-NS,156,2622,0,1,0,2623,A
8-NS,157,0,2,2620,0,2622,G
8-NS,158,2615,0,3,0,2618,A
8-NS,159,0,1,0,2686,2687,C
8-NS,160,2640,0,0,0,2640,A
8-NS,161,0,2598,0,0,2598,T
8-NS,162,0,0,0,2598,2598,C
8-NS,163,2592,0,0,0,2592,A
8-NS,164,2581,0,0,0,2581,A
8-NS,165,2570,0,1,0,2571,A
8-NS,166,0,0,2584,0,2584,G
8-NS,167,2,0,0,2579,2581,C
8-NS,168,2539,0,1,0,2540,A
8-NS,169,0,0,2560,0,2560,G
8-NS,170,0,0,0,2542,2542,C
8-NS,171,3,2,0,2547,2552,C
8-NS,172,2559,0,1,0,2560,A
8-NS,173,0,0,0,2619,2619,C
8-NS,174,2,1,0,2621,2624,C
8-NS,175,7,0,0,2618,2625,C
8-NS,176,2617,36,1,0,2654,A
8-NS,177,0,2660,0,0,2660,T
8-NS,178,0,1,2663,0,2664,G
8-NS,179,0,2659,0,2,2661,T
8-NS,180,0,2659,0,2,2661,T
8-NS,181,1,4,2623,0,2628,G
8-NS,182,0,0,2600,0,2600,G
8-NS,183,2585,0,0,0,2585,A
8-NS,184,2602,0,1,0,2603,A
8-NS,185,2562,0,4,0,2566,A
8-NS,186,2,0,2587,0,2589,G
8-NS,187,1,0,0,2579,2580,C
8-NS,188,2580,0,0,0,2580,A
8-NS,189,2574,0,0,0,2574,A
8-NS,190,2572,0,1,0,2573,A
8-NS,191,1,2612,0,0,2613,T
8-NS,192,0,2614,0,0,2614,T
8-NS,193,1,1,2659,0,2661,G
8-NS,194,0,2651,0,2,2653,T
8-NS,195,2648,0,1,0,2649,A
8-NS,196,0,0,2656,0,2656,G
8-NS,197,2650,0,0,0,2650,A
8-NS,198,2647,0,0,0,2647,A
8-NS,199,2646,1,0,0,2647,A
8-NS,200,2640,0,2,0,2642,A
8-NS,201,0,1,2643,0,2644,G
8-NS,202,2580,0,0,0,2580,A
8-NS,203,0,2598,0,0,2598,T
8-NS,204,0,2589,0,1,2590,T
8-NS,205,1,0,0,2597,2598,C
8-NS,206,0,2601,0,0,2601,T
8-NS,207,1,0,2601,0,2602,G
8-NS,208,2590,0,0,0,2590,A
8-NS,209,2598,0,0,0,2598,A
8-NS,210,2587,0,1,0,2588,A
8-NS,211,1,1,2598,0,2600,G
8-NS,212,2591,0,0,0,2591,A
8-NS,213,2596,0,1,0,2597,A
8-NS,214,1,1,2612,0,2614,G
8-NS,215,2619,0,2,0,2621,A
8-NS,216,2637,0,0,0,2637,A
8-NS,217,1,2631,1,0,2633,T
8-NS,218,3,0,0,2650,2653,C
8-NS,219,1,2648,0,0,2649,T
8-NS,220,0,3,2661,0,2664,G
8-NS,221,2659,0,2,0,2661,A
8-NS,222,0,2662,0,2,2664,T
8-NS,223,2,0,2650,0,2652,G
8-NS,224,2610,0,6,1,2617,A
8-NS,225,0,3,2597,0,2600,G
8-NS,226,0,0,2601,0,2601,G
8-NS,227,0,0,0,2594,2594,C
8-NS,228,2605,0,2,0,2607,A
8-NS,229,0,0,1,2680,2681,C
8-NS,230,0,2674,0,0,2674,T
8-NS,231,0,2690,0,1,2691,T
8-NS,232,2703,0,0,0,2703,A
8-NS,233,2712,1,1,0,2714,A
8-NS,234,2698,0,0,0,2698,A
8-NS,235,2699,0,0,0,2699,A
8-NS,236,0,2701,0,1,2702,T
8-NS,237,1,9,2694,1,2705,G
8-NS,238,2687,1,3,0,2691,A
8-NS,239,1,0,0,2697,2698,C
8-NS,240,2,0,0,2684,2686,C
8-NS,241,2692,0,0,0,2692,A
8-NS,242,0,2675,0,2,2677,T
8-NS,243,0,4,2745,0,2749,G
8-NS,244,2,1,2761,0,2764,G
8-NS,245,0,2771,0,1,2772,T
8-NS,246,2,0,1,2914,2917,C
8-NS,247,0,2891,0,10,2901,T
8-NS,248,3,0,0,2932,2935,C
8-NS,249,3,0,1,2934,2938,C
8-NS,250,2942,0,4,1,2947,A
8-NS,251,3,1,0,2974,2978,C
8-NS,252,2895,0,4,0,2899,A
8-NS,253,0,0,0,2945,2945,C
8-NS,254,3,1,0,2909,2913,C
8-NS,255,0,2784,0,10,2794,T
8-NS,256,0,1,2825,0,2826,G
8-NS,257,1,0,0,2816,2817,C
8-NS,258,0,2797,0,2,2799,T
8-NS,259,0,2810,0,0,2810,T
8-NS,260,0,2,0,2812,2814,C
8-NS,261,2,1,2806,1,2810,G
8-NS,262,1,0,0,2823,2824,C
8-NS,263,0,4,2823,0,2827,G
8-NS,264,2946,0,6,0,2952,A
8-NS,265,0,2948,0,1,2949,T
8-NS,266,3038,0,11,0,3049,A
8-NS,267,2,1,0,3068,3071,C
8-NS,268,3057,0,7,0,3064,A
8-NS,269,0,3144,0,0,3144,T
8-NS,270,3127,0,2,0,3129,A
8-NS,271,3133,1,0,0,3134,A
8-NS,272,0,0,0,3142,3142,C
8-NS,273,0,3061,0,2,3063,T
8-NS,274,1,2,3107,0,3110,G
8-NS,275,3045,0,0,0,3045,A
8-NS,276,1,0,0,3058,3059,C
8-NS,277,3044,0,2,0,3046,A
8-NS,278,0,3015,0,2,3017,T
8-NS,279,0,5,3023,0,3028,G
8-NS,280,3011,0,3,0,3014,A
8-NS,281,0,1,0,3109,3110,C
8-NS,282,0,3102,0,2,3104,T
8-NS,283,3126,0,2,0,3128,A
8-NS,284,0,3130,0,0,3130,T
8-NS,285,0,3133,0,1,3134,T
8-NS,286,0,1,3133,0,3134,G
8-NS,287,3116,0,0,0,3116,A
8-NS,288,3040,1,2,0,3043,A
8-NS,289,7,3,3052,0,3062,G
8-NS,290,3052,1,0,0,3053,A
8-NS,291,3070,0,0,0,3070,A
8-NS,292,1,3023,0,1,3025,T
8-NS,293,2,3022,1,0,3025,T
8-NS,294,0,0,3058,0,3058,G
8-NS,295,0,3059,0,1,3060,T
8-NS,296,3,0,0,3069,3072,C
8-NS,297,3053,0,2,1,3056,A
8-NS,298,3051,0,2,0,3053,A
8-NS,299,0,2,3058,0,3060,G
8-NS,300,3086,0,0,0,3086,A
8-NS,301,3085,0,2,0,3087,A
8-NS,302,3086,0,1,0,3087,A
8-NS,303,0,0,0,3096,3096,C
8-NS,304,1,3053,0,0,3054,T
8-NS,305,0,4,3093,0,3097,G
8-NS,306,1,0,3127,0,3128,G
8-NS,307,0,3120,0,2,3122,T
8-NS,308,0,3132,0,2,3134,T
8-NS,309,6,1,1,3115,3123,C
8-NS,310,3128,0,3,0,3131,A
8-NS,311,1,3156,0,4,3161,T
8-NS,312,0,1,3186,0,3187,G
8-NS,313,0,1,0,3198,3199,C
8-NS,314,0,3172,0,4,3176,T
8-NS,315,3149,0,0,0,3149,A
8-NS,316,3165,1,2,1,3169,A
8-NS,317,0,3188,0,0,3188,T
8-NS,318,0,2,3183,0,3185,G
8-NS,319,0,0,0,3158,3158,C
8-NS,320,2,0,0,3138,3140,C
8-NS,321,3,0,0,3141,3144,C
8-NS,322,3137,0,0,0,3137,A
8-NS,323,3144,0,2,0,3146,A
8-NS,324,0,1,3166,0,3167,G
8-NS,325,0,0,0,3170,3170,C
8-NS,326,3157,0,1,0,3158,A
8-NS,327,0,3,3165,0,3168,G
8-NS,328,3155,1,1,0,3157,A
8-NS,329,3164,0,3,1,3168,A
8-NS,330,3164,0,1,0,3165,A
8-NS,331,1,0,3199,0,3200,G
8-NS,332,0,3146,0,0,3146,T
8-NS,333,1,2,3170,0,3173,G
8-NS,334,0,1,3169,0,3170,G
8-NS,335,3160,0,2,0,3162,A
8-NS,336,3147,1,7,0,3155,A
8-NS,337,1,3,3145,0,3149,G
8-NS,338,1,1,3148,0,3150,G
8-NS,339,3141,0,2,0,3143,A
8-NS,340,0,0,0,3138,3138,C
8-NS,341,1,1,0,3116,3118,C
8-NS,342,0,3118,0,2,3120,T
8-NS,343,0,1,0,3174,3175,C
8-NS,344,1,3190,0,0,3191,T
8-NS,345,1,3196,0,0,3197,T
8-NS,346,0,3200,0,0,3200,T
8-NS,347,0,0,3186,0,3186,G
8-NS,348,0,4,0,3214,3218,C
8-NS,349,3214,0,1,0,3215,A
8-NS,350,0,3194,0,1,3195,T
8-NS,351,2,1,0,3205,3208,C
8-NS,352,3242,0,0,0,3242,A
8-NS,353,1,5,3331,0,3337,G
8-NS,354,3326,0,1,1,3328,A
8-NS,355,3324,0,0,0,3324,A
8-NS,356,0,3306,0,1,3307,T
8-NS,357,0,4,3283,0,3287,G
8-NS,358,3,4,3295,0,3302,G
8-NS,359,3285,2,2,0,3289,A
8-NS,360,0,0,0,3280,3280,C
8-NS,361,3,0,0,3229,3232,C
8-NS,362,3176,0,7,0,3183,A
8-NS,363,0,2,3225,0,3227,G
8-NS,364,2,0,3211,0,3213,G
8-NS,365,1,1,0,3219,3221,C
8-NS,366,3218,0,1,0,3219,A
8-NS,367,3220,0,0,0,3220,A
8-NS,368,1,3213,0,2,3216,T
8-NS,369,1,0,0,3215,3216,C
8-NS,370,3217,0,3,0,3220,A
8-NS,371,0,3200,0,1,3201,T
8-NS,372,1,3,3180,0,3184,G
8-NS,373,0,0,3208,0,3208,G
8-NS,374,3188,0,1,0,3189,A
8-NS,375,0,2,3224,0,3226,G
8-NS,376,3181,0,0,0,3181,A
8-NS,377,3177,0,1,0,3178,A
8-NS,378,3194,0,0,0,3194,A
8-NS,379,3182,0,2,0,3184,A
8-NS,380,3202,0,5,0,3207,A
8-NS,381,3,0,0,3215,3218,C
8-NS,382,3191,0,1,0,3192,A
8-NS,383,0,3154,0,4,3158,T
8-NS,384,5,0,0,3151,3156,C
8-NS,385,3144,0,2,0,3146,A
8-NS,386,0,3156,0,1,3157,T
8-NS,387,2,0,3158,0,3160,G
8-NS,388,0,3148,0,3,3151,T
8-NS,389,0,3141,0,1,3142,T
8-NS,390,0,3,3139,1,3143,G
8-NS,391,3128,0,0,0,3128,A
8-NS,392,3124,0,3,0,3127,A
8-NS,393,3124,0,2,1,3127,A
8-NS,394,0,0,3127,0,3127,G
8-NS,395,0,1,1,3106,3108,C
8-NS,396,0,3,3122,0,3125,G
8-NS,397,3108,1,2,0,3111,A
8-NS,398,3119,1,1,0,3121,A
8-NS,399,0,3099,2,0,3101,T
8-NS,400,0,3102,1,7,3110,T
8-NS,401,0,3097,1,1,3099,T
8-NS,402,2,0,2,3122,3126,C
8-NS,403,3082,1,4,0,3087,A
8-NS,404,1,1,3104,0,3106,G
8-NS,405,0,3102,0,0,3102,T
8-NS,406,0,0,3094,0,3094,G
8-NS,407,0,3087,0,8,3095,T
8-NS,408,0,6,3107,0,3113,G
8-NS,409,3127,0,0,0,3127,A
8-NS,410,0,3111,0,1,3112,T
8-NS,411,0,3119,0,0,3119,T
8-NS,412,0,3110,0,0,3110,T
8-NS,413,0,3101,0,0,3101,T
8-NS,414,0,3123,0,0,3123,T
8-NS,415,0,4,3108,0,3112,G
8-NS,416,3108,0,3,1,3112,A
8-NS,417,2,0,0,3090,3092,C
8-NS,418,3,0,0,3084,3087,C
8-NS,419,0,5,3116,0,3121,G
8-NS,420,3294,0,1,0,3295,A
8-NS,421,1,0,0,3352,3353,C
8-NS,422,0,3363,0,1,3364,T
8-NS,423,3379,0,4,0,3383,A
8-NS,424,0,1,3377,0,3378,G
8-NS,425,3372,0,3,0,3375,A
8-NS,426,0,4,3396,0,3400,G
8-NS,427,3372,0,7,0,3379,A
8-NS,428,0,0,0,3460,3460,C
8-NS,429,2,1,0,3312,3315,C
8-NS,430,3221,0,2,1,3224,A
8-NS,431,0,3395,0,1,3396,T
8-NS,432,3388,0,1,0,3389,A
8-NS,433,0,0,3668,0,3668,G
8-NS,434,0,3622,0,2,3624,T
8-NS,435,3617,0,0,0,3617,A
8-NS,436,0,3597,0,2,3599,T
8-NS,437,0,3512,0,0,3512,T
8-NS,438,3609,0,0,0,3609,A
8-NS,439,0,0,0,3618,3618,C
8-NS,440,1,3483,0,1,3485,T
8-NS,441,3476,0,0,0,3476,A
8-NS,442,3153,1,1,0,3155,A
8-NS,443,0,1,3172,0,3173,G
8-NS,444,0,4,3152,0,3156,G
8-NS,445,0,0,3151,0,3151,G
8-NS,446,1,0,0,3121,3122,C
8-NS,447,0,3078,0,1,3079,T
8-NS,448,1,3076,0,1,3078,T
8-NS,449,0,3110,0,2,3112,T
8-NS,450,0,1,0,3121,3122,C
8-NS,451,3153,0,3,0,3156,A
8-NS,452,1,1,0,3171,3173,C
8-NS,453,0,1,0,3142,3143,C
8-NS,454,0,2,3143,0,3145,G
8-NS,455,3116,1,0,0,3117,A
8-NS,456,3126,3,0,0,3129,A
8-NS,457,0,3,3146,0,3149,G
8-NS,458,3122,0,2,0,3124,A
8-NS,459,0,3,3128,0,3131,G
8-NS,460,0,0,3069,1,3070,G
8-NS,461,0,6,3090,0,3096,G
8-NS,462,3086,0,5,0,3091,A
8-NS,463,0,0,3092,0,3092,G
8-NS,464,0,0,0,3087,3087,C
8-NS,465,3096,0,1,0,3097,A
8-NS,466,3092,0,1,0,3093,A
8-NS,467,0,3090,0,0,3090,T
8-NS,468,1,3088,0,0,3089,T
8-NS,469,0,1,3086,0,3087,G
8-NS,470,1,3045,0,0,3046,T
8-NS,471,0,3047,0,0,3047,T
8-NS,472,1,1,3048,0,3050,G
8-NS,473,0,0,3023,0,3023,G
8-NS,474,1,1,1,3031,3034,C
8-NS,475,1,1,3051,0,3053,G
8-NS,476,3057,0,2,0,3059,A
8-NS,477,3085,0,0,0,3085,A
8-NS,478,3087,0,0,0,3087,A
8-NS,479,0,3083,0,0,3083,T
8-NS,480,1,1,0,3081,3083,C
8-NS,481,0,3064,0,1,3065,T
8-NS,482,4,0,0,3059,3063,C
8-NS,483,3067,1,4,0,3072,A
8-NS,484,1,0,0,3090,3091,C
8-NS,485,0,0,0,3089,3089,C
8-NS,486,3052,0,0,0,3052,A
8-NS,487,0,3032,0,5,3037,T
8-NS,488,1,3018,0,1,3020,T
8-NS,489,0,2,3008,0,3010,G
8-NS,490,0,1,0,3000,3001,C
8-NS,491,1,0,0,2998,2999,C
8-NS,492,2,3007,0,3,3012,T
8-NS,493,0,2994,0,3,2997,T
8-NS,494,1,1,0,3022,3024,C
8-NS,495,0,3022,0,1,3023,T
8-NS,496,0,3019,1,0,3020,T
8-NS,497,0,3084,0,1,3085,T
8-NS,498,0,3075,0,2,3077,T
8-NS,499,1,0,0,3077,3078,C
8-NS,500,4,2,1,3070,3077,C
8-NS,501,3078,1,1,0,3080,A
8-NS,502,1,4,3123,0,3128,G
8-NS,503,0,1,3107,0,3108,G
8-NS,504,3169,0,2,0,3171,A
8-NS,505,0,0,0,3184,3184,C
8-NS,506,3180,0,3,0,3183,A
8-NS,507,0,3186,0,0,3186,T
8-NS,508,3193,0,0,0,3193,A
8-NS,509,0,0,1,3438,3439,C
8-NS,510,0,3424,0,1,3425,T
8-NS,511,3425,1,0,0,3426,A
8-NS,512,0,3398,0,2,3400,T
8-NS,513,0,3295,0,4,3299,T
8-NS,514,0,1,3304,0,3305,G
8-NS,515,3170,0,3,1,3174,A
8-NS,516,0,4,3177,0,3181,G
8-NS,517,0,1,3162,0,3163,G
8-NS,518,2898,1,1,0,2900,A
8-NS,519,0,2913,0,0,2913,T
8-NS,520,1,1,2910,0,2912,G
8-NS,521,0,2880,1,6,2887,T
8-NS,522,2,0,0,2915,2917,C
8-NS,523,2923,0,1,0,2924,A
8-NS,524,2915,0,0,0,2915,A
8-NS,525,2916,0,1,1,2918,A
8-NS,526,2902,0,0,0,2902,A
8-NS,527,2916,0,0,1,2917,A
8-NS,528,1,2914,0,0,2915,T
8-NS,529,1,1,2912,0,2914,G
8-NS,530,0,0,0,2944,2944,C
8-NS,531,2937,0,0,0,2937,A
8-NS,532,2930,0,0,0,2930,A
8-NS,533,0,2950,0,3,2953,T
8-NS,534,1,2955,0,0,2956,T
8-NS,535,0,5,2945,0,2950,G
8-NS,536,1,5,2905,0,2911,G
8-NS,537,0,2,2913,0,2915,G
8-NS,538,0,1,2931,0,2932,G
8-NS,539,0,2906,0,0,2906,T
8-NS,540,2,0,0,2942,2944,C
8-NS,541,2,0,0,2943,2945,C
8-NS,542,2,2936,0,1,2939,T
8-NS,543,4,1,0,2965,2970,C
8-NS,544,2915,0,49,0,2964,A
8-NS,545,1,2953,0,0,2954,T
8-NS,546,0,1,0,2973,2974,C
8-NS,547,4,2,2946,0,2952,G
8-NS,548,0,3,2951,0,2954,G
8-NS,549,2890,1,2,0,2893,A
8-NS,550,0,2,2908,0,2910,G
8-NS,551,0,1,2915,0,2916,G
8-NS,552,2891,0,0,0,2891,A
8-NS,553,0,0,0,2913,2913,C
8-NS,554,0,2915,0,2,2917,T
8-NS,555,0,2917,0,1,2918,T
8-NS,556,1,7,2935,0,2943,G
8-NS,557,2923,0,1,0,2924,A
8-NS,558,2923,0,2,0,2925,A
8-NS,559,0,2920,0,1,2921,T
8-NS,560,0,1,2881,0,2882,G
8-NS,561,0,3,2912,0,2915,G
8-NS,562,2874,0,2,0,2876,A
8-NS,563,2909,0,1,0,2910,A
8-NS,564,0,3042,0,0,3042,T
8-NS,565,0,3,3047,0,3050,G
8-NS,566,3062,0,1,0,3063,A
8-NS,567,0,3059,0,1,3060,T
8-NS,568,3051,0,0,0,3051,A
8-NS,569,3063,1,3,0,3067,A
8-NS,570,0,2,0,3028,3030,C
8-NS,571,2988,0,1,0,2989,A
8-NS,572,1,1,0,2998,3000,C
8-NS,573,2773,0,0,0,2773,A
8-NS,574,0,0,2797,0,2797,G
8-NS,575,0,2773,0,2,2775,T
8-NS,576,1,2762,0,2,2765,T
8-NS,577,3,1,1,2776,2781,C
8-NS,578,3,1,2755,0,2759,G
8-NS,579,2757,0,0,0,2757,A
8-NS,580,0,0,2770,0,2770,G
8-NS,581,0,2731,0,3,2734,T
8-NS,582,2,0,0,2759,2761,C
8-NS,583,0,2686,1,2,2689,T
8-NS,584,1,0,0,2708,2709,C
8-NS,585,0,2728,0,1,2729,T
8-NS,586,2725,0,0,0,2725,A
8-NS,587,2716,0,0,0,2716,A
8-NS,588,2717,0,0,0,2717,A
8-NS,589,2741,0,0,0,2741,A
8-NS,590,2741,0,0,0,2741,A
8-NS,591,0,2699,0,0,2699,T
8-NS,592,0,0,0,2718,2718,C
8-NS,593,0,2687,0,1,2688,T
8-NS,594,2685,0,2,0,2687,A
8-NS,595,0,1,0,2697,2698,C
8-NS,596,2686,0,2,0,2688,A
8-NS,597,0,3,2699,0,2702,G
8-NS,598,2650,0,1,0,2651,A
8-NS,599,1,1,2662,0,2664,G
8-NS,600,2653,0,3,0,2656,A
8-NS,601,0,2616,0,2,2618,T
8-NS,602,0,2620,0,0,2620,T
8-NS,603,5,0,0,2633,2638,C
8-NS,604,0,1,2641,0,2642,G
8-NS,605,0,0,0,2640,2640,C
8-NS,606,0,2628,0,1,2629,T
8-NS,607,0,2649,0,1,2650,T
8-NS,608,1,3,2624,0,2628,G
8-NS,609,17,6,2619,0,2642,G
8-NS,610,2637,0,1,0,2638,A
8-NS,611,1,1,2634,0,2636,G
8-NS,612,2628,0,0,0,2628,A
8-NS,613,2611,0,2,0,2613,A
8-NS,614,0,0,2645,0,2645,G
8-NS,615,0,1,0,2657,2658,C
8-NS,616,2652,0,0,0,2652,A
8-NS,617,0,1,2689,1,2691,G
8-NS,618,0,2667,0,7,2674,T
8-NS,619,2679,2,1,0,2682,A
8-NS,620,2688,0,0,0,2688,A
8-NS,621,0,2674,0,0,2674,T
8-NS,622,0,1,2692,0,2693,G
8-NS,623,2599,0,2,0,2601,A
8-NS,624,0,5,2656,0,2661,G
8-NS,625,2639,0,0,0,2639,A
8-NS,626,2547,0,2,0,2549,A
8-NS,627,0,2541,0,0,2541,T
8-NS,628,0,5,2507,0,2512,G
8-NS,629,0,3,2510,0,2513,G
8-NS,630,0,4,2501,0,2505,G
8-NS,631,0,1,2487,0,2488,G
8-NS,632,0,1,2507,0,2508,G
8-NS,633,2431,0,3,0,2434,A
8-NS,634,0,4,0,2453,2457,C
8-NS,635,2,1,0,2451,2454,C
8-NS,636,0,2366,1,8,2375,T
8-NS,637,2,0,0,2392,2394,C
8-NS,638,2,1,0,2400,2403,C
8-NS,639,2411,0,1,0,2412,A
8-NS,640,0,0,0,2416,2416,C
8-NS,641,0,2383,0,0,2383,T
8-NS,642,0,2374,0,3,2377,T
8-NS,643,2307,1,0,0,2308,A
8-NS,644,2,1,0,2323,2326,C
8-NS,645,1,2294,0,3,2298,T
8-NS,646,1,1,1,2286,2289,C
8-NS,647,0,0,0,2285,2285,C
8-NS,648,2270,0,1,0,2271,A
8-NS,649,2289,0,0,0,2289,A
8-NS,650,2289,0,1,0,2290,A
8-NS,651,2293,0,1,0,2294,A
8-NS,652,0,2,0,2291,2293,C
8-NS,653,2244,0,10,0,2254,A
8-NS,654,0,0,2253,0,2253,G
8-NS,655,2242,0,0,0,2242,A
8-NS,656,2239,0,0,0,2239,A
8-NS,657,2232,0,0,1,2233,A
8-NS,658,0,0,1,2245,2246,C
8-NS,659,0,2,2246,0,2248,G
8-NS,660,1,1,2243,0,2245,G
8-NS,661,0,2,2240,0,2242,G
8-NS,662,2244,0,1,0,2245,A
8-NS,663,2230,1,3,0,2234,A
8-NS,664,2235,0,3,0,2238,A
8-NS,665,0,2227,0,1,2228,T
8-NS,666,0,2,2248,0,2250,G
8-NS,667,1,0,2237,0,2238,G
8-NS,668,0,0,0,2214,2214,C
8-NS,669,1,3,2219,0,2223,G
8-NS,670,2225,0,2,0,2227,A
8-NS,671,0,4,2236,0,2240,G
8-NS,672,2238,0,3,0,2241,A
8-NS,673,2237,0,0,0,2237,A
8-NS,674,0,1,0,2245,2246,C
8-NS,675,2220,0,1,0,2221,A
8-NS,676,0,0,2203,0,2203,G
8-NS,677,0,0,0,2200,2200,C
8-NS,678,0,2214,0,2,2216,T
8-NS,679,2208,0,0,0,2208,A
8-NS,680,0,0,2194,0,2194,G
8-NS,681,0,0,2200,0,2200,G
8-NS,682,0,2183,0,0,2183,T
8-NS,683,3,0,0,2141,2144,C
8-NS,684,2157,0,0,0,2157,A
8-NS,685,2145,0,0,0,2145,A
8-NS,686,2147,0,0,0,2147,A
8-NS,687,2163,0,0,0,2163,A
8-NS,688,0,0,2157,0,2157,G
8-NS,689,0,2104,1,1,2106,T
8-NS,690,0,2098,0,0,2098,T
8-NS,691,0,2103,0,1,2104,T
8-NS,692,0,2,2107,0,2109,G
8-NS,693,2111,0,0,0,2111,A
8-NS,694,2114,0,0,0,2114,A
8-NS,695,0,1,2125,0,2126,G
8-NS,696,2091,0,0,0,2091,A
8-NS,697,0,1,2091,0,2092,G
8-NS,698,2093,0,1,0,2094,A
8-NS,699,0,2088,0,1,2089,T
8-NS,700,2102,0,1,0,2103,A
8-NS,701,2088,0,0,0,2088,A
8-NS,702,0,0,2082,0,2082,G
8-NS,703,1950,0,2,0,1952,A
8-NS,704,1,1929,0,0,1930,T
8-NS,705,0,0,1948,0,1948,G
8-NS,706,11,0,1932,0,1943,G
8-NS,707,1,0,0,1922,1923,C
8-NS,708,0,1931,0,1,1932,T
8-NS,709,1929,0,0,0,1929,A
8-NS,710,1929,0,0,0,1929,A
8-NS,711,1,1922,0,0,1923,T
8-NS,712,0,1922,0,1,1923,T
8-NS,713,0,2,1919,0,1921,G
8-NS,714,1884,0,5,0,1889,A
8-NS,715,1889,0,0,0,1889,A
8-NS,716,0,0,1877,0,1877,G
8-NS,717,1877,0,1,0,1878,A
8-NS,718,1861,0,1,0,1862,A
8-NS,719,0,0,1880,0,1880,G
8-NS,720,0,1844,0,2,1846,T
8-NS,721,0,4,1855,0,1859,G
8-NS,722,1834,0,0,0,1834,A
8-NS,723,0,0,1839,0,1839,G
8-NS,724,1837,0,10,0,1847,A
8-NS,725,4,1,0,1820,1825,C
8-NS,726,1809,0,1,0,1810,A
8-NS,727,0,0,0,1816,1816,C
8-NS,728,1683,0,0,0,1683,A
8-NS,729,0,0,1721,0,1721,G
8-NS,730,1712,0,0,0,1712,A
8-NS,731,0,1693,0,0,1693,T
8-NS,732,0,1702,0,0,1702,T
8-NS,733,1687,1,1,0,1689,A
8-NS,734,1687,0,0,0,1687,A
8-NS,735,1686,0,0,0,1686,A
8-NS,736,1683,0,0,0,1683,A
8-NS,737,1675,0,0,0,1675,A
8-NS,738,1,0,0,1603,1604,C
8-NS,739,1505,0,0,0,1505,A
8-NS,740,1502,0,3,0,1505,A
8-NS,741,1,1,0,1506,1508,C
8-NS,742,0,1492,0,0,1492,T
8-NS,743,0,0,1515,0,1515,G
8-NS,744,1505,0,1,0,1506,A
8-NS,745,1514,0,0,0,1514,A
8-NS,746,1516,0,0,0,1516,A
8-NS,747,1487,0,0,0,1487,A
8-NS,748,0,1489,0,0,1489,T
8-NS,749,1470,0,1,0,1471,A
8-NS,750,0,0,1469,0,1469,G
8-NS,751,0,1,0,1476,1477,C
8-NS,752,0,1444,1,0,1445,T
8-NS,753,1,1447,1,1,1450,T
8-NS,754,0,1436,0,1,1437,T
8-NS,755,0,3,1441,0,1444,G
8-NS,756,1446,0,0,0,1446,A
8-NS,757,1444,0,0,0,1444,A
8-NS,758,0,0,0,1440,1440,C
8-NS,759,1405,0,0,0,1405,A
8-NS,760,1402,0,0,0,1402,A
8-NS,761,1406,0,0,0,1406,A
8-NS,762,0,1399,0,0,1399,T
8-NS,763,1404,0,0,0,1404,A
8-NS,764,1373,1,0,0,1374,A
8-NS,765,0,0,0,1375,1375,C
8-NS,766,1368,0,1,0,1369,A
8-NS,767,0,1347,0,0,1347,T
8-NS,768,2,1294,0,1,1297,T
8-NS,769,1,0,0,1286,1287,C
8-NS,770,1282,0,0,0,1282,A
8-NS,771,0,1267,0,1,1268,T
8-NS,772,0,1,1273,0,1274,G
8-NS,773,0,0,0,1249,1249,C
8-NS,774,1240,0,1,0,1241,A
8-NS,775,1231,0,1,0,1232,A
8-NS,776,0,0,1228,0,1228,G
8-NS,777,0,0,0,1251,1251,C
8-NS,778,1245,0,0,0,1245,A
8-NS,779,0,1244,0,0,1244,T
8-NS,780,0,1234,0,1,1235,T
8-NS,781,1242,0,0,0,1242,A
8-NS,782,1,0,1,1243,1245,C
8-NS,783,1234,0,0,0,1234,A
8-NS,784,1220,0,2,0,1222,A
8-NS,785,1,0,0,1209,1210,C
8-NS,786,0,1016,0,0,1016,T
8-NS,787,1,0,1021,0,1022,G
8-NS,788,1,0,1,987,989,C
8-NS,789,0,963,0,1,964,T
8-NS,790,0,0,963,0,963,G
8-NS,791,0,946,0,3,949,T
8-NS,792,0,948,0,2,950,T
8-NS,793,0,947,0,3,950,T
8-NS,794,0,0,935,0,935,G
8-NS,795,937,0,2,0,939,A
8-NS,796,915,0,0,0,915,A
8-NS,797,0,0,911,0,911,G
8-NS,798,0,902,0,0,902,T
8-NS,799,0,1,858,0,859,G
8-NS,800,0,2,866,0,868,G
8-NS,801,865,0,2,0,867,A
8-NS,802,861,0,2,0,863,A
8-NS,803,0,0,0,863,863,C
8-NS,804,838,0,2,0,840,A
8-NS,805,0,0,840,0,840,G
8-NS,806,0,0,832,0,832,G
8-NS,807,814,0,0,0,814,A
8-NS,808,0,0,819,0,819,G
8-NS,809,694,0,0,0,694,A
8-NS,810,0,686,0,0,686,T
8-NS,811,678,0,10,0,688,A
8-NS,812,686,1,0,0,687,A
8-NS,813,0,0,686,1,687,G
8-NS,814,597,0,0,0,597,A
8-NS,815,595,0,0,0,595,A
8-NS,816,0,0,0,592,592,C
8-NS,817,0,499,0,0,499,T
8-NS,818,0,493,0,0,493,T
8-NS,819,0,490,0,1,491,T
8-NS,820,0,0,0,492,492,C
8-NS,821,0,482,0,1,483,T
8-NS,822,1,1,0,473,475,C
8-NS,823,459,0,0,0,459,A
8-NS,824,0,456,1,1,458,T
8-NS,825,0,447,0,0,447,T
8-NS,826,1,445,0,0,446,T
8-NS,827,0,0,0,447,447,C
8-NS,828,426,1,0,0,427,A
8-NS,829,0,0,428,0,428,G
8-NS,830,0,0,0,428,428,C
8-NS,831,0,400,0,0,400,T
8-NS,832,0,401,0,0,401,T
8-NS,833,387,0,0,0,387,A
8-NS,834,0,385,0,0,385,T
8-NS,835,0,384,0,0,384,T
8-NS,836,0,379,0,0,379,T
8-NS,837,366,0,0,0,366,A
8-NS,838,354,0,0,0,354,A
8-NS,839,0,339,0,0,339,T
8-NS,840,0,1,338,0,339,G
8-NS,841,325,0,0,0,325,A
8-NS,842,0,289,0,0,289,T
8-NS,843,284,0,0,0,284,A
8-NS,844,282,0,0,0,282,A
8-NS,845,281,0,0,0,281,A
8-NS,846,279,0,0,0,279,A
8-NS,847,278,0,1,0,279,A
8-NS,848,279,0,0,0,279,A
8-NS,849,1,0,0,278,279,C
8-NS,850,216,0,0,0,216,A
8-NS,851,0,0,0,220,220,C
8-NS,852,2,0,0,206,208,C
8-NS,853,1,0,0,200,201,C
8-NS,854,0,192,0,0,192,T
8-NS,855,0,185,0,0,185,T
8-NS,856,0,0,188,0,188,G
8-NS,857,0,171,0,0,171,T
8-NS,858,0,167,0,0,167,T
8-NS,859,0,160,0,0,160,T
8-NS,860,0,0,0,58,58,C
8-NS,861,0,44,0,0,44,T
8-NS,862,35,0,0,0,35,A
8-NS,863,0,0,0,36,36,C
