Gene,Position,A,T,G,C,Coverage,Consensus
1-PB2,1,377,0,0,0,377,A
1-PB2,2,0,383,0,0,383,T
1-PB2,3,0,0,390,0,390,G
1-PB2,4,0,0,389,0,389,G
1-PB2,5,387,0,0,0,387,A
1-PB2,6,388,0,1,1,390,A
1-PB2,7,390,0,0,0,390,A
1-PB2,8,0,0,419,0,419,G
1-PB2,9,415,0,1,0,416,A
1-PB2,10,419,0,1,1,421,A
1-PB2,11,0,426,0,0,426,T
1-PB2,12,420,0,0,0,420,A
1-PB2,13,425,0,0,0,425,A
1-PB2,14,426,0,0,0,426,A
1-PB2,15,426,0,1,0,427,A
1-PB2,16,0,0,438,0,438,G
1-PB2,17,438,0,0,0,438,A
1-PB2,18,438,0,0,0,438,A
1-PB2,19,0,45,0,408,453,C
1-PB2,20,0,458,0,0,458,T
1-PB2,21,464,0,0,0,464,A
1-PB2,22,0,0,0,467,467,C
1-PB2,23,0,0,464,0,464,G
1-PB2,24,1,0,463,0,464,G
1-PB2,25,471,0,0,0,471,A
1-PB2,26,487,0,0,0,487,A
1-PB2,27,0,491,0,0,491,T
1-PB2,28,0,0,0,499,499,C
1-PB2,29,0,501,0,0,501,T
1-PB2,30,1,0,505,0,506,G
1-PB2,31,504,0,0,0,504,A
1-PB2,32,0,506,0,0,506,T
1-PB2,33,0,0,507,0,507,G
1-PB2,34,0,522,0,0,522,T
1-PB2,35,0,0,0,515,515,C
1-PB2,36,0,1,518,0,519,G
1-PB2,37,0,0,0,520,520,C
1-PB2,38,517,0,0,0,517,A
1-PB2,39,0,0,544,0,544,G
1-PB2,40,0,555,0,0,555,T
1-PB2,41,0,0,0,555,555,C
1-PB2,42,0,550,0,0,550,T
1-PB2,43,0,0,0,552,552,C
1-PB2,44,0,0,550,0,550,G
1-PB2,45,0,0,0,557,557,C
1-PB2,46,559,0,1,0,560,A
1-PB2,47,0,1,0,574,575,C
1-PB2,48,0,578,0,0,578,T
1-PB2,49,0,0,0,593,593,C
1-PB2,50,0,0,592,0,592,G
1-PB2,51,0,0,0,595,595,C
1-PB2,52,0,0,597,0,597,G
1-PB2,53,587,0,1,0,588,A
1-PB2,54,2,0,592,0,594,G
1-PB2,55,616,0,1,0,617,A
1-PB2,56,0,622,0,0,622,T
1-PB2,57,624,0,0,0,624,A
1-PB2,58,0,0,0,624,624,C
1-PB2,59,0,616,0,1,617,T
1-PB2,60,0,0,627,0,627,G
1-PB2,61,625,0,1,0,626,A
1-PB2,62,0,0,0,632,632,C
1-PB2,63,626,0,0,0,626,A
1-PB2,64,628,0,0,0,628,A
1-PB2,65,642,0,1,0,643,A
1-PB2,66,658,0,0,0,658,A
1-PB2,67,659,0,0,0,659,A
1-PB2,68,0,0,0,667,667,C
1-PB2,69,0,0,0,663,663,C
1-PB2,70,677,1,0,0,678,A
1-PB2,71,0,0,0,689,689,C
1-PB2,72,683,0,0,0,683,A
1-PB2,73,0,0,714,0,714,G
1-PB2,74,0,710,0,1,711,T
1-PB2,75,0,0,741,0,741,G
1-PB2,76,0,0,739,0,739,G
1-PB2,77,741,0,1,0,742,A
1-PB2,78,0,0,0,792,792,C
1-PB2,79,0,0,0,790,790,C
1-PB2,80,797,0,0,0,797,A
1-PB2,81,0,793,0,0,793,T
1-PB2,82,795,0,0,0,795,A
1-PB2,83,0,794,0,0,794,T
1-PB2,84,0,0,805,0,805,G
1-PB2,85,0,0,805,0,805,G
1-PB2,86,0,0,0,807,807,C
1-PB2,87,0,0,0,794,794,C
1-PB2,88,799,1,0,0,800,A
1-PB2,89,0,854,0,0,854,T
1-PB2,90,850,0,0,0,850,A
1-PB2,91,890,0,0,0,890,A
1-PB2,92,0,894,0,0,894,T
1-PB2,93,0,889,0,0,889,T
1-PB2,94,904,0,0,0,904,A
1-PB2,95,903,0,0,0,903,A
1-PB2,96,0,0,924,0,924,G
1-PB2,97,920,0,0,0,920,A
1-PB2,98,900,1,1,0,902,A
1-PB2,99,0,0,956,0,956,G
1-PB2,100,0,942,0,0,942,T
1-PB2,101,952,0,0,0,952,A
1-PB2,102,0,0,0,953,953,C
1-PB2,103,964,0,1,0,965,A
1-PB2,104,0,0,0,984,984,C
1-PB2,105,982,0,1,0,983,A
1-PB2,106,0,986,0,0,986,T
1-PB2,107,0,0,0,993,993,C
1-PB2,108,0,1,978,0,979,G
1-PB2,109,0,0,979,0,979,G
1-PB2,110,0,0,969,1,970,G
1-PB2,111,0,0,977,0,977,G
1-PB2,112,970,0,3,0,973,A
1-PB2,113,0,0,974,0,974,G
1-PB2,114,969,0,3,1,973,A
1-PB2,115,0,0,0,977,977,C
1-PB2,116,970,1,1,0,972,A
1-PB2,117,1,1,985,0,987,G
1-PB2,118,0,1,1004,0,1005,G
1-PB2,119,995,0,1,0,996,A
1-PB2,120,1003,0,0,0,1003,A
1-PB2,121,1003,0,1,0,1004,A
1-PB2,122,1002,0,1,0,1003,A
1-PB2,123,0,0,1004,0,1004,G
1-PB2,124,1000,0,0,0,1000,A
1-PB2,125,998,0,1,0,999,A
1-PB2,126,0,0,0,1001,1001,C
1-PB2,127,0,1,0,988,989,C
1-PB2,128,0,0,0,995,995,C
1-PB2,129,1,0,999,0,1000,G
1-PB2,130,0,995,0,0,995,T
1-PB2,131,0,0,0,1008,1008,C
1-PB2,132,1011,1,0,0,1012,A
1-PB2,133,0,0,0,1023,1023,C
1-PB2,134,1,1023,0,0,1024,T
1-PB2,135,0,1026,0,0,1026,T
1-PB2,136,1024,0,1,0,1025,A
1-PB2,137,0,0,1049,0,1049,G
1-PB2,138,0,0,1044,0,1044,G
1-PB2,139,1043,0,1,0,1044,A
1-PB2,140,0,1049,0,0,1049,T
1-PB2,141,0,0,1060,0,1060,G
1-PB2,142,1068,0,1,0,1069,A
1-PB2,143,1071,0,0,0,1071,A
1-PB2,144,1072,1,1,0,1074,A
1-PB2,145,1,1070,0,0,1071,T
1-PB2,146,1,0,1072,0,1073,G
1-PB2,147,0,0,1083,0,1083,G
1-PB2,148,1080,0,1,0,1081,A
1-PB2,149,0,1078,0,0,1078,T
1-PB2,150,0,0,1083,0,1083,G
1-PB2,151,1067,0,1,0,1068,A
1-PB2,152,0,1077,0,2,1079,T
1-PB2,153,0,0,1079,0,1079,G
1-PB2,154,0,0,1088,0,1088,G
1-PB2,155,0,0,0,1094,1094,C
1-PB2,156,1088,0,0,0,1088,A
1-PB2,157,1096,0,0,0,1096,A
1-PB2,158,0,1100,0,0,1100,T
1-PB2,159,0,0,1133,0,1133,G
1-PB2,160,1130,0,0,1,1131,A
1-PB2,161,1119,0,1,0,1120,A
1-PB2,162,1124,0,0,0,1124,A
1-PB2,163,0,1123,0,0,1123,T
1-PB2,164,1123,0,0,1,1124,A
1-PB2,165,0,0,0,1156,1156,C
1-PB2,166,0,1,0,1147,1148,C
1-PB2,167,0,0,0,1151,1151,C
1-PB2,168,1146,0,0,0,1146,A
1-PB2,169,1141,0,0,0,1141,A
1-PB2,170,0,1142,0,0,1142,T
1-PB2,171,0,0,0,1149,1149,C
1-PB2,172,1133,0,1,0,1134,A
1-PB2,173,0,0,0,1173,1173,C
1-PB2,174,0,1160,0,0,1160,T
1-PB2,175,0,0,1173,0,1173,G
1-PB2,176,0,1,0,1162,1163,C
1-PB2,177,0,1160,1,0,1161,T
1-PB2,178,0,0,1171,0,1171,G
1-PB2,179,1163,0,1,0,1164,A
1-PB2,180,0,0,0,1182,1182,C
1-PB2,181,1173,0,0,0,1173,A
1-PB2,182,1162,0,0,0,1162,A
1-PB2,183,1159,0,1,0,1160,A
1-PB2,184,1153,0,2,0,1155,A
1-PB2,185,0,0,1180,0,1180,G
1-PB2,186,1,0,1175,0,1176,G
1-PB2,187,1173,0,1,0,1174,A
1-PB2,188,0,1186,0,0,1186,T
1-PB2,189,1180,0,3,0,1183,A
1-PB2,190,1181,0,1,0,1182,A
1-PB2,191,0,0,0,1198,1198,C
1-PB2,192,1198,0,1,0,1199,A
1-PB2,193,0,0,1197,0,1197,G
1-PB2,194,1183,0,0,0,1183,A
1-PB2,195,1187,0,0,0,1187,A
1-PB2,196,1183,0,0,0,1183,A
1-PB2,197,0,1177,0,1,1178,T
1-PB2,198,0,0,1177,0,1177,G
1-PB2,199,0,0,1199,0,1199,G
1-PB2,200,0,1189,0,1,1190,T
1-PB2,201,0,1192,0,1,1193,T
1-PB2,202,0,0,0,1182,1182,C
1-PB2,203,0,0,0,1184,1184,C
1-PB2,204,1,0,1196,0,1197,G
1-PB2,205,0,0,1190,0,1190,G
1-PB2,206,1183,0,3,0,1186,A
1-PB2,207,0,0,1192,0,1192,G
1-PB2,208,1168,0,1,0,1169,A
1-PB2,209,0,1,1191,0,1192,G
1-PB2,210,1188,0,0,0,1188,A
1-PB2,211,1185,0,4,0,1189,A
1-PB2,212,1189,0,2,0,1191,A
1-PB2,213,0,1182,0,0,1182,T
1-PB2,214,0,0,1201,0,1201,G
1-PB2,215,1206,0,0,0,1206,A
1-PB2,216,1193,1,1,0,1195,A
1-PB2,217,0,0,0,1202,1202,C
1-PB2,218,1185,0,0,0,1185,A
1-PB2,219,1194,0,0,0,1194,A
1-PB2,220,0,0,1207,0,1207,G
1-PB2,221,0,0,1224,0,1224,G
1-PB2,222,1229,0,0,0,1229,A
1-PB2,223,0,0,0,1218,1218,C
1-PB2,224,1215,0,0,0,1215,A
1-PB2,225,1220,0,0,0,1220,A
1-PB2,226,1260,1,0,0,1261,A
1-PB2,227,0,0,0,1272,1272,C
1-PB2,228,0,1258,0,1,1259,T
1-PB2,229,0,0,0,1294,1294,C
1-PB2,230,0,1268,0,0,1268,T
1-PB2,231,1276,0,2,0,1278,A
1-PB2,232,0,1278,0,0,1278,T
1-PB2,233,0,0,1282,0,1282,G
1-PB2,234,0,1,1302,0,1303,G
1-PB2,235,1243,0,1,0,1244,A
1-PB2,236,0,0,1261,0,1261,G
1-PB2,237,0,1257,0,0,1257,T
1-PB2,238,1248,0,0,0,1248,A
1-PB2,239,1248,1,0,0,1249,A
1-PB2,240,1243,0,1,0,1244,A
1-PB2,241,1248,0,0,0,1248,A
1-PB2,242,0,1240,0,0,1240,T
1-PB2,243,0,0,1236,0,1236,G
1-PB2,244,1218,0,2,0,1220,A
1-PB2,245,1,0,1227,0,1228,G
1-PB2,246,0,1218,0,2,1220,T
1-PB2,247,0,0,1222,0,1222,G
1-PB2,248,1257,0,4,0,1261,A
1-PB2,249,0,1267,0,1,1268,T
1-PB2,250,0,0,1267,0,1267,G
1-PB2,251,0,0,0,1263,1263,C
1-PB2,252,0,1263,0,0,1263,T
1-PB2,253,0,0,1301,0,1301,G
1-PB2,254,0,0,1300,0,1300,G
1-PB2,255,1311,0,3,0,1314,A
1-PB2,256,0,1317,0,0,1317,T
1-PB2,257,0,0,0,1313,1313,C
1-PB2,258,1320,0,0,0,1320,A
1-PB2,259,0,0,1366,0,1366,G
1-PB2,260,1364,1,1,0,1366,A
1-PB2,261,0,1368,0,0,1368,T
1-PB2,262,1320,0,0,0,1320,A
1-PB2,263,0,0,1348,0,1348,G
1-PB2,264,1335,0,4,0,1339,A
1-PB2,265,0,0,1353,0,1353,G
1-PB2,266,0,1317,0,2,1319,T
1-PB2,267,0,0,1324,0,1324,G
1-PB2,268,1309,0,0,0,1309,A
1-PB2,269,0,1301,0,1,1302,T
1-PB2,270,0,0,1313,0,1313,G
1-PB2,271,0,0,1345,0,1345,G
1-PB2,272,0,1318,0,2,1320,T
1-PB2,273,1317,0,0,0,1317,A
1-PB2,274,0,1294,0,0,1294,T
1-PB2,275,0,0,0,1300,1300,C
1-PB2,276,1309,0,0,1,1310,A
1-PB2,277,0,0,0,1352,1352,C
1-PB2,278,0,0,0,1348,1348,C
1-PB2,279,0,1317,0,0,1317,T
1-PB2,280,0,1301,0,0,1301,T
1-PB2,281,0,1309,0,0,1309,T
1-PB2,282,0,0,1327,0,1327,G
1-PB2,283,0,0,1322,0,1322,G
1-PB2,284,0,1,0,1335,1336,C
1-PB2,285,0,1319,0,2,1321,T
1-PB2,286,0,0,1335,0,1335,G
1-PB2,287,0,1340,0,0,1340,T
1-PB2,288,1343,0,0,0,1343,A
1-PB2,289,1346,0,0,0,1346,A
1-PB2,290,1,0,0,1338,1339,C
1-PB2,291,1317,0,1,0,1318,A
1-PB2,292,0,1307,0,1,1308,T
1-PB2,293,0,0,1291,0,1291,G
1-PB2,294,0,0,1319,0,1319,G
1-PB2,295,0,1298,0,2,1300,T
1-PB2,296,0,0,1298,0,1298,G
1-PB2,297,0,0,1321,1,1322,G
1-PB2,298,1319,0,0,0,1319,A
1-PB2,299,1320,0,1,0,1321,A
1-PB2,300,0,1322,0,0,1322,T
1-PB2,301,1319,0,1,0,1320,A
1-PB2,302,1,0,1343,0,1344,G
1-PB2,303,1346,0,0,0,1346,A
1-PB2,304,1344,1,1,0,1346,A
1-PB2,305,1345,0,1,0,1346,A
1-PB2,306,0,1324,0,0,1324,T
1-PB2,307,0,0,1321,0,1321,G
1-PB2,308,0,0,1324,0,1324,G
1-PB2,309,1322,0,2,0,1324,A
1-PB2,310,0,1,0,1317,1318,C
1-PB2,311,0,0,0,1317,1317,C
1-PB2,312,0,0,0,1315,1315,C
1-PB2,313,0,1,1322,0,1323,G
1-PB2,314,0,1314,0,0,1314,T
1-PB2,315,0,1,1319,0,1320,G
1-PB2,316,1,0,1304,0,1305,G
1-PB2,317,0,0,0,1361,1361,C
1-PB2,318,1368,0,2,1,1371,A
1-PB2,319,1368,0,0,0,1368,A
1-PB2,320,0,0,1409,0,1409,G
1-PB2,321,0,1405,0,1,1406,T
1-PB2,322,1398,0,0,0,1398,A
1-PB2,323,0,0,0,1390,1390,C
1-PB2,324,0,0,1357,0,1357,G
1-PB2,325,0,0,1399,0,1399,G
1-PB2,326,0,1395,0,0,1395,T
1-PB2,327,0,1,0,1403,1404,C
1-PB2,328,0,0,0,1402,1402,C
1-PB2,329,1385,0,0,0,1385,A
1-PB2,330,0,1389,0,1,1390,T
1-PB2,331,0,1394,0,0,1394,T
1-PB2,332,1457,0,0,0,1457,A
1-PB2,333,0,0,0,1457,1457,C
1-PB2,334,0,0,0,1423,1423,C
1-PB2,335,0,0,0,1432,1432,C
1-PB2,336,1423,0,1,0,1424,A
1-PB2,337,1426,0,0,0,1426,A
1-PB2,338,1426,0,0,0,1426,A
1-PB2,339,1418,0,0,0,1418,A
1-PB2,340,0,0,1445,0,1445,G
1-PB2,341,0,1399,0,0,1399,T
1-PB2,342,0,0,1433,0,1433,G
1-PB2,343,0,1433,0,1,1434,T
1-PB2,344,1434,0,0,0,1434,A
1-PB2,345,0,1,0,1435,1436,C
1-PB2,346,1433,0,2,0,1435,A
1-PB2,347,1436,0,2,0,1438,A
1-PB2,348,0,0,1445,0,1445,G
1-PB2,349,1425,2,0,0,1427,A
1-PB2,350,0,1,0,1433,1434,C
1-PB2,351,0,1410,0,1,1411,T
1-PB2,352,0,1430,0,0,1430,T
1-PB2,353,1433,0,0,0,1433,A
1-PB2,354,0,1430,0,0,1430,T
1-PB2,355,0,1425,0,1,1426,T
1-PB2,356,0,1413,0,1,1414,T
1-PB2,357,0,0,0,1414,1414,C
1-PB2,358,0,0,1414,0,1414,G
1-PB2,359,1410,0,0,0,1410,A
1-PB2,360,0,0,0,1413,1413,C
1-PB2,361,1409,0,1,0,1410,A
1-PB2,362,1410,0,0,0,1410,A
1-PB2,363,1415,0,0,0,1415,A
1-PB2,364,0,0,1437,0,1437,G
1-PB2,365,0,1412,0,2,1414,T
1-PB2,366,0,0,0,1429,1429,C
1-PB2,367,0,1,1428,0,1429,G
1-PB2,368,1427,0,0,0,1427,A
1-PB2,369,1427,0,0,0,1427,A
1-PB2,370,1420,0,1,0,1421,A
1-PB2,371,0,0,1485,0,1485,G
1-PB2,372,0,0,1489,0,1489,G
1-PB2,373,0,1480,0,0,1480,T
1-PB2,374,0,1479,0,0,1479,T
1-PB2,375,1478,0,1,0,1479,A
1-PB2,376,1482,0,1,0,1483,A
1-PB2,377,1485,0,0,0,1485,A
1-PB2,378,1499,0,0,0,1499,A
1-PB2,379,0,0,0,1509,1509,C
1-PB2,380,1474,0,0,0,1474,A
1-PB2,381,0,1466,0,0,1466,T
1-PB2,382,0,0,1468,0,1468,G
1-PB2,383,0,1,1455,0,1456,G
1-PB2,384,1460,0,0,0,1460,A
1-PB2,385,1465,0,3,0,1468,A
1-PB2,386,0,0,0,1485,1485,C
1-PB2,387,0,0,0,1505,1505,C
1-PB2,388,1,1498,0,1,1500,T
1-PB2,389,1,1490,0,1,1492,T
1-PB2,390,0,1495,0,2,1497,T
1-PB2,391,0,0,1491,0,1491,G
1-PB2,392,0,0,1487,0,1487,G
1-PB2,393,0,3,0,1486,1489,C
1-PB2,394,0,0,0,1481,1481,C
1-PB2,395,0,1,0,1477,1478,C
1-PB2,396,0,1406,0,33,1439,T
1-PB2,397,1,1,1452,0,1454,G
1-PB2,398,0,1444,0,0,1444,T
1-PB2,399,0,1449,0,0,1449,T
1-PB2,400,0,1,1,1451,1453,C
1-PB2,401,0,0,1444,0,1444,G
1-PB2,402,0,1440,0,0,1440,T
1-PB2,403,0,1444,0,0,1444,T
1-PB2,404,0,1451,0,1,1452,T
1-PB2,405,0,1455,0,0,1455,T
1-PB2,406,1443,0,0,0,1443,A
1-PB2,407,0,0,1443,0,1443,G
1-PB2,408,1441,0,0,0,1441,A
1-PB2,409,1449,0,1,0,1450,A
1-PB2,410,1447,0,0,0,1447,A
1-PB2,411,0,1437,0,0,1437,T
1-PB2,412,0,0,0,1438,1438,C
1-PB2,413,1440,1,1,0,1442,A
1-PB2,414,1455,0,1,0,1456,A
1-PB2,415,0,0,1460,0,1460,G
1-PB2,416,0,1449,0,2,1451,T
1-PB2,417,0,0,0,1455,1455,C
1-PB2,418,1468,0,0,0,1468,A
1-PB2,419,1467,0,2,0,1469,A
1-PB2,420,0,0,1480,0,1480,G
1-PB2,421,1482,0,1,0,1483,A
1-PB2,422,0,1482,0,0,1482,T
1-PB2,423,1480,0,5,0,1485,A
1-PB2,424,0,0,1,1473,1474,C
1-PB2,425,0,0,1478,0,1478,G
1-PB2,426,1,0,1,1501,1503,C
1-PB2,427,1477,0,4,0,1481,A
1-PB2,428,0,0,1499,0,1499,G
1-PB2,429,1490,0,0,0,1490,A
1-PB2,430,1491,0,1,0,1492,A
1-PB2,431,0,0,1525,0,1525,G
1-PB2,432,1490,0,1,0,1491,A
1-PB2,433,0,0,1501,0,1501,G
1-PB2,434,0,1483,1,0,1484,T
1-PB2,435,1472,0,0,0,1472,A
1-PB2,436,0,0,1495,0,1495,G
1-PB2,437,1493,0,6,0,1499,A
1-PB2,438,0,0,1,1543,1544,C
1-PB2,439,1517,0,2,0,1519,A
1-PB2,440,0,1492,0,1,1493,T
1-PB2,441,1483,0,0,0,1483,A
1-PB2,442,1485,0,0,0,1485,A
1-PB2,443,1490,0,1,0,1491,A
1-PB2,444,0,0,0,1502,1502,C
1-PB2,445,0,0,0,1478,1478,C
1-PB2,446,0,0,1,1471,1472,C
1-PB2,447,1,1390,0,0,1391,T
1-PB2,448,0,1,1396,0,1397,G
1-PB2,449,0,0,1411,0,1411,G
1-PB2,450,0,1409,0,0,1409,T
1-PB2,451,0,0,0,1408,1408,C
1-PB2,452,1421,0,0,0,1421,A
1-PB2,453,0,1423,0,0,1423,T
1-PB2,454,0,0,1436,0,1436,G
1-PB2,455,0,1,0,1422,1423,C
1-PB2,456,1413,0,4,0,1417,A
1-PB2,457,0,0,1428,0,1428,G
1-PB2,458,1388,0,1,0,1389,A
1-PB2,459,0,0,0,1410,1410,C
1-PB2,460,0,0,0,1402,1402,C
1-PB2,461,0,1369,0,2,1371,T
1-PB2,462,0,0,0,1372,1372,C
1-PB2,463,1351,1,9,0,1361,A
1-PB2,464,0,0,1398,0,1398,G
1-PB2,465,0,1399,0,0,1399,T
1-PB2,466,1,0,1383,0,1384,G
1-PB2,467,0,1,0,1383,1384,C
1-PB2,468,0,0,0,1362,1362,C
1-PB2,469,1359,1,0,0,1360,A
1-PB2,470,1354,0,0,0,1354,A
1-PB2,471,1351,0,0,0,1351,A
1-PB2,472,0,0,1359,0,1359,G
1-PB2,473,1301,0,0,0,1301,A
1-PB2,474,0,1,1304,0,1305,G
1-PB2,475,0,0,1301,0,1301,G
1-PB2,476,0,0,0,1301,1301,C
1-PB2,477,1301,1,2,0,1304,A
1-PB2,478,0,0,0,1305,1305,C
1-PB2,479,1304,0,1,0,1305,A
1-PB2,480,1337,0,1,0,1338,A
1-PB2,481,0,0,1344,0,1344,G
1-PB2,482,1346,0,4,0,1350,A
1-PB2,483,0,1357,0,1,1358,T
1-PB2,484,0,0,1353,0,1353,G
1-PB2,485,0,1347,0,2,1349,T
1-PB2,486,1352,0,0,0,1352,A
1-PB2,487,1356,0,1,0,1357,A
1-PB2,488,0,1369,0,0,1369,T
1-PB2,489,0,1318,0,0,1318,T
1-PB2,490,1310,0,0,0,1310,A
1-PB2,491,0,1285,0,0,1285,T
1-PB2,492,0,0,1281,0,1281,G
1-PB2,493,0,0,1277,0,1277,G
1-PB2,494,1262,1,0,0,1263,A
1-PB2,495,1251,0,2,0,1253,A
1-PB2,496,0,0,1261,0,1261,G
1-PB2,497,0,1251,0,0,1251,T
1-PB2,498,0,1259,0,0,1259,T
1-PB2,499,0,0,1264,0,1264,G
1-PB2,500,0,1259,0,3,1262,T
1-PB2,501,0,1253,0,0,1253,T
1-PB2,502,0,1261,0,2,1263,T
1-PB2,503,0,1260,0,0,1260,T
1-PB2,504,0,1260,0,1,1261,T
1-PB2,505,0,0,0,1261,1261,C
1-PB2,506,0,0,0,1255,1255,C
1-PB2,507,0,0,0,1259,1259,C
1-PB2,508,1254,0,2,0,1256,A
1-PB2,509,1256,0,1,0,1257,A
1-PB2,510,0,0,0,1246,1246,C
1-PB2,511,0,0,1256,0,1256,G
1-PB2,512,1262,0,1,0,1263,A
1-PB2,513,1263,0,0,0,1263,A
1-PB2,514,0,0,1279,0,1279,G
1-PB2,515,0,1268,0,0,1268,T
1-PB2,516,1,0,1271,0,1272,G
1-PB2,517,1,0,1261,0,1262,G
1-PB2,518,0,0,1260,0,1260,G
1-PB2,519,1279,0,2,0,1281,A
1-PB2,520,1,0,1281,0,1282,G
1-PB2,521,0,0,0,1286,1286,C
1-PB2,522,0,0,0,1291,1291,C
1-PB2,523,1282,0,3,0,1285,A
1-PB2,524,0,1,1317,1,1319,G
1-PB2,525,0,0,1333,0,1333,G
1-PB2,526,1333,0,0,0,1333,A
1-PB2,527,0,1322,0,0,1322,T
1-PB2,528,1336,0,2,0,1338,A
1-PB2,529,0,0,0,1334,1334,C
1-PB2,530,0,1331,0,0,1331,T
1-PB2,531,1331,0,0,0,1331,A
1-PB2,532,1330,0,1,0,1331,A
1-PB2,533,0,2,0,1335,1337,C
1-PB2,534,1299,0,0,0,1299,A
1-PB2,535,0,1286,0,0,1286,T
1-PB2,536,0,0,0,1290,1290,C
1-PB2,537,1271,0,1,0,1272,A
1-PB2,538,0,0,1279,0,1279,G
1-PB2,539,1280,0,1,0,1281,A
1-PB2,540,1276,0,0,0,1276,A
1-PB2,541,0,1269,0,1,1270,T
1-PB2,542,0,0,0,1260,1260,C
1-PB2,543,1262,0,0,0,1262,A
1-PB2,544,0,0,0,1274,1274,C
1-PB2,545,1281,0,0,0,1281,A
1-PB2,546,1287,0,0,0,1287,A
1-PB2,547,0,1272,0,1,1273,T
1-PB2,548,0,1283,0,0,1283,T
1-PB2,549,1295,0,0,0,1295,A
1-PB2,550,1290,0,1,0,1291,A
1-PB2,551,0,0,0,1303,1303,C
1-PB2,552,1289,0,2,0,1291,A
1-PB2,553,1280,0,0,0,1280,A
1-PB2,554,0,1294,0,1,1295,T
1-PB2,555,1298,0,0,0,1298,A
1-PB2,556,1300,0,0,0,1300,A
1-PB2,557,0,0,0,1301,1301,C
1-PB2,558,0,1290,0,0,1290,T
1-PB2,559,1279,0,1,0,1280,A
1-PB2,560,1263,0,1,0,1264,A
1-PB2,561,0,0,1237,0,1237,G
1-PB2,562,0,0,1243,0,1243,G
1-PB2,563,1244,0,0,0,1244,A
1-PB2,564,0,0,1255,0,1255,G
1-PB2,565,1243,0,2,0,1245,A
1-PB2,566,1251,0,1,0,1252,A
1-PB2,567,1249,0,0,0,1249,A
1-PB2,568,1244,1,1,0,1246,A
1-PB2,569,1252,0,0,0,1252,A
1-PB2,570,1239,0,4,0,1243,A
1-PB2,571,0,0,1244,0,1244,G
1-PB2,572,1243,0,2,0,1245,A
1-PB2,573,1238,0,0,0,1238,A
1-PB2,574,1,0,1242,0,1243,G
1-PB2,575,1243,0,2,0,1245,A
1-PB2,576,1238,1,0,0,1239,A
1-PB2,577,0,0,0,1255,1255,C
1-PB2,578,0,1230,0,0,1230,T
1-PB2,579,1,0,0,1245,1246,C
1-PB2,580,0,0,0,1252,1252,C
1-PB2,581,0,0,1251,0,1251,G
1-PB2,582,1250,0,2,0,1252,A
1-PB2,583,0,0,1248,0,1248,G
1-PB2,584,1246,0,0,0,1246,A
1-PB2,585,0,1242,1,0,1243,T
1-PB2,586,0,1231,0,0,1231,T
1-PB2,587,2,0,1232,0,1234,G
1-PB2,588,0,1,0,1230,1231,C
1-PB2,589,1236,0,0,0,1236,A
1-PB2,590,1235,0,0,0,1235,A
1-PB2,591,1234,0,0,0,1234,A
1-PB2,592,1230,0,0,0,1230,A
1-PB2,593,0,1227,0,0,1227,T
1-PB2,594,0,1225,0,1,1226,T
1-PB2,595,0,1222,0,1,1223,T
1-PB2,596,0,0,0,1225,1225,C
1-PB2,597,1,1217,0,1,1219,T
1-PB2,598,0,0,0,1447,1447,C
1-PB2,599,0,0,0,1442,1442,C
1-PB2,600,0,0,0,1830,1830,C
1-PB2,601,0,1826,0,0,1826,T
1-PB2,602,0,1917,0,1,1918,T
1-PB2,603,1,0,1950,0,1951,G
1-PB2,604,1953,0,1,0,1954,A
1-PB2,605,0,2062,0,0,2062,T
1-PB2,606,0,0,2149,0,2149,G
1-PB2,607,0,1,2677,0,2678,G
1-PB2,608,0,2795,0,5,2800,T
1-PB2,609,0,2845,0,1,2846,T
1-PB2,610,0,0,3269,0,3269,G
1-PB2,611,0,0,0,3312,3312,C
1-PB2,612,3461,0,0,0,3461,A
1-PB2,613,0,3474,0,1,3475,T
1-PB2,614,3570,0,0,7,3577,A
1-PB2,615,0,0,0,3809,3809,C
1-PB2,616,4592,0,0,4,4596,A
1-PB2,617,0,4741,0,0,4741,T
1-PB2,618,1,0,5107,0,5108,G
1-PB2,619,0,5086,0,1,5087,T
1-PB2,620,0,5105,0,0,5105,T
1-PB2,621,5116,0,1,0,5117,A
1-PB2,622,0,0,5105,0,5105,G
1-PB2,623,5195,0,2,0,5197,A
1-PB2,624,0,0,5262,0,5262,G
1-PB2,625,5184,0,1,0,5185,A
1-PB2,626,0,0,5225,0,5225,G
1-PB2,627,5162,0,6,0,5168,A
1-PB2,628,0,0,5240,0,5240,G
1-PB2,629,5264,0,3,0,5267,A
1-PB2,630,5272,0,2,0,5274,A
1-PB2,631,0,1,0,5347,5348,C
1-PB2,632,1,5325,0,0,5326,T
1-PB2,633,0,5334,0,0,5334,T
1-PB2,634,1,0,5341,0,5342,G
1-PB2,635,0,5346,0,0,5346,T
1-PB2,636,5357,4,1,0,5362,A
1-PB2,637,1,2,0,5344,5347,C
1-PB2,638,1,0,5333,0,5334,G
1-PB2,639,5325,0,2,0,5327,A
1-PB2,640,5331,0,0,0,5331,A
1-PB2,641,5429,0,0,0,5429,A
1-PB2,642,5442,0,0,0,5442,A
1-PB2,643,5449,0,4,1,5454,A
1-PB2,644,0,0,1,5476,5477,C
1-PB2,645,5474,0,0,0,5474,A
1-PB2,646,5464,0,7,0,5471,A
1-PB2,647,1,0,5490,0,5491,G
1-PB2,648,5512,2,0,0,5514,A
1-PB2,649,0,5503,0,1,5504,T
1-PB2,650,0,5498,1,2,5501,T
1-PB2,651,0,5541,0,4,5545,T
1-PB2,652,1,0,0,5565,5566,C
1-PB2,653,0,5565,0,6,5571,T
1-PB2,654,0,1,0,5605,5606,C
1-PB2,655,0,1,0,5603,5604,C
1-PB2,656,0,1,0,5606,5607,C
1-PB2,657,5607,0,0,0,5607,A
1-PB2,658,5588,0,3,0,5591,A
1-PB2,659,0,5640,0,0,5640,T
1-PB2,660,0,5656,0,0,5656,T
1-PB2,661,0,0,5652,0,5652,G
1-PB2,662,0,0,0,5657,5657,C
1-PB2,663,0,5652,0,5,5657,T
1-PB2,664,0,2,5663,0,5665,G
1-PB2,665,1,0,5648,0,5649,G
1-PB2,666,0,4,0,5666,5670,C
1-PB2,667,1,0,5698,0,5699,G
1-PB2,668,1,0,5802,0,5803,G
1-PB2,669,5819,0,2,0,5821,A
1-PB2,670,5832,0,4,0,5836,A
1-PB2,671,1,0,0,5856,5857,C
1-PB2,672,5924,2,3,0,5929,A
1-PB2,673,5936,0,2,0,5938,A
1-PB2,674,0,0,6225,0,6225,G
1-PB2,675,0,3,0,6383,6386,C
1-PB2,676,6431,0,1,0,6432,A
1-PB2,677,1,0,8246,0,8247,G
1-PB2,678,1,8216,0,0,8217,T
1-PB2,679,8293,0,0,0,8293,A
1-PB2,680,0,8310,0,2,8312,T
1-PB2,681,8354,0,1,0,8355,A
1-PB2,682,1,8359,0,3,8363,T
1-PB2,683,8229,0,1,0,8230,A
1-PB2,684,0,1,0,8327,8328,C
1-PB2,685,8041,0,0,0,8041,A
1-PB2,686,1,7738,0,1,7740,T
1-PB2,687,0,7570,0,1,7571,T
1-PB2,688,1,1,7555,1,7558,G
1-PB2,689,7542,0,3,0,7545,A
1-PB2,690,7530,0,4,0,7534,A
1-PB2,691,1,0,7636,0,7637,G
1-PB2,692,0,7598,1,0,7599,T
1-PB2,693,0,7581,0,0,7581,T
1-PB2,694,0,7589,0,4,7593,T
1-PB2,695,0,7601,0,0,7601,T
1-PB2,696,7683,0,2,0,7685,A
1-PB2,697,1,1,0,7734,7736,C
1-PB2,698,7754,0,1,0,7755,A
1-PB2,699,0,7753,0,1,7754,T
1-PB2,700,0,7713,1,0,7714,T
1-PB2,701,2,7713,0,0,7715,T
1-PB2,702,2,0,7822,1,7825,G
1-PB2,703,7835,2,3,0,7840,A
1-PB2,704,0,0,0,7924,7924,C
1-PB2,705,0,7875,0,1,7876,T
1-PB2,706,0,3,0,7883,7886,C
1-PB2,707,7833,0,18,0,7851,A
1-PB2,708,2,0,7817,0,7819,G
1-PB2,709,0,2,7985,0,7987,G
1-PB2,710,3,0,8014,1,8018,G
1-PB2,711,8007,1,2,0,8010,A
1-PB2,712,8028,0,7,2,8037,A
1-PB2,713,0,1,0,8050,8051,C
1-PB2,714,3,0,8146,0,8149,G
1-PB2,715,0,8105,0,0,8105,T
1-PB2,716,0,43,8162,0,8205,G
1-PB2,717,0,8124,0,1,8125,T
1-PB2,718,1,8143,1,2,8147,T
1-PB2,719,1,0,8168,0,8169,G
1-PB2,720,2,0,8155,0,8157,G
1-PB2,721,1,0,8266,0,8267,G
1-PB2,722,8213,0,5,0,8218,A
1-PB2,723,8200,0,6,0,8206,A
1-PB2,724,1,1,0,8408,8410,C
1-PB2,725,8372,0,1,0,8373,A
1-PB2,726,8684,0,1,0,8685,A
1-PB2,727,8719,0,0,0,8719,A
1-PB2,728,0,8803,0,0,8803,T
1-PB2,729,2,0,8930,0,8932,G
1-PB2,730,3,8874,0,2,8879,T
1-PB2,731,8897,0,0,0,8897,A
1-PB2,732,0,0,0,8920,8920,C
1-PB2,733,8776,0,4,0,8780,A
1-PB2,734,0,1,0,8799,8800,C
1-PB2,735,0,8558,0,3,8561,T
1-PB2,736,0,1,0,9517,9518,C
1-PB2,737,0,0,0,9530,9530,C
1-PB2,738,9701,1,6,0,9708,A
1-PB2,739,0,0,9814,0,9814,G
1-PB2,740,0,0,10091,0,10091,G
1-PB2,741,1,10001,0,6,10008,T
1-PB2,742,2,0,10088,0,10090,G
1-PB2,743,1,0,9832,1,9834,G
1-PB2,744,9671,0,13,0,9684,A
1-PB2,745,0,0,9821,0,9821,G
1-PB2,746,0,0,9856,0,9856,G
1-PB2,747,9745,0,2,0,9747,A
1-PB2,748,0,2,9885,1,9888,G
1-PB2,749,1,9711,0,2,9714,T
1-PB2,750,2,0,9834,1,9837,G
1-PB2,751,9827,2,11,0,9840,A
1-PB2,752,0,0,9860,0,9860,G
1-PB2,753,1,0,9935,0,9936,G
1-PB2,754,9873,2,3,0,9878,A
1-PB2,755,9877,0,4,0,9881,A
1-PB2,756,0,9915,0,2,9917,T
1-PB2,757,1,0,9881,1,9883,G
1-PB2,758,9860,1,10,1,9872,A
1-PB2,759,1,1,0,9845,9847,C
1-PB2,760,0,1,9860,0,9861,G
1-PB2,761,9980,0,1,0,9981,A
1-PB2,762,0,9960,0,1,9961,T
1-PB2,763,2,0,10034,0,10036,G
1-PB2,764,0,10006,0,4,10010,T
1-PB2,765,0,9957,0,3,9960,T
1-PB2,766,1,1,10023,0,10025,G
1-PB2,767,10007,1,8,1,10017,A
1-PB2,768,0,1,0,10026,10027,C
1-PB2,769,0,4,0,10016,10020,C
1-PB2,770,9920,0,0,0,9920,A
1-PB2,771,9929,0,0,0,9929,A
1-PB2,772,9939,1,6,0,9946,A
1-PB2,773,1,0,10133,0,10134,G
1-PB2,774,0,2,0,10150,10152,C
1-PB2,775,0,0,0,10137,10137,C
1-PB2,776,1,10220,0,3,10224,T
1-PB2,777,10218,0,2,0,10220,A
1-PB2,778,10202,0,3,0,10205,A
1-PB2,779,1,10257,0,2,10260,T
1-PB2,780,0,10238,0,3,10241,T
1-PB2,781,10147,0,0,0,10147,A
1-PB2,782,0,9979,0,1,9980,T
1-PB2,783,0,9944,1,2,9947,T
1-PB2,784,1,0,9922,0,9923,G
1-PB2,785,0,1,0,9870,9871,C
1-PB2,786,4,0,9869,0,9873,G
1-PB2,787,3,0,10105,0,10108,G
1-PB2,788,1,2,0,10085,10088,C
1-PB2,789,0,0,0,10161,10161,C
1-PB2,790,10171,1,5,0,10177,A
1-PB2,791,0,1,10319,0,10320,G
1-PB2,792,3,0,10405,2,10410,G
1-PB2,793,10415,1,7,0,10423,A
1-PB2,794,10480,2,5,0,10487,A
1-PB2,795,0,2,0,10548,10550,C
1-PB2,796,10426,0,3,0,10429,A
1-PB2,797,0,10680,0,0,10680,T
1-PB2,798,10865,1,5,1,10872,A
1-PB2,799,2,0,11013,0,11015,G
1-PB2,800,4,10890,0,2,10896,T
1-PB2,801,10866,0,1,0,10867,A
1-PB2,802,10836,0,2,0,10838,A
1-PB2,803,1,0,10858,0,10859,G
1-PB2,804,10785,0,1,0,10786,A
1-PB2,805,10647,0,4,0,10651,A
1-PB2,806,2,0,10572,0,10574,G
1-PB2,807,10313,0,9,1,10323,A
1-PB2,808,2,0,10347,0,10349,G
1-PB2,809,1,1,0,10353,10355,C
1-PB2,810,0,3,0,10368,10371,C
1-PB2,811,5,1,10370,0,10376,G
1-PB2,812,0,1,1,10457,10459,C
1-PB2,813,10541,0,1,0,10542,A
1-PB2,814,2,0,11326,0,11328,G
1-PB2,815,0,11273,0,0,11273,T
1-PB2,816,11350,2,1,0,11353,A
1-PB2,817,2,11278,0,0,11280,T
1-PB2,818,0,4,0,11418,11422,C
1-PB2,819,11410,0,11,1,11422,A
1-PB2,820,0,0,11411,0,11411,G
1-PB2,821,0,0,1,11392,11393,C
1-PB2,822,10981,0,0,0,10981,A
1-PB2,823,0,0,10790,0,10790,G
1-PB2,824,10828,0,7,0,10835,A
1-PB2,825,1,10807,0,3,10811,T
1-PB2,826,1,0,0,10864,10865,C
1-PB2,827,0,0,0,10884,10884,C
1-PB2,828,10884,2,5,1,10892,A
1-PB2,829,0,0,1,10968,10969,C
1-PB2,830,1,10942,0,3,10946,T
1-PB2,831,10966,1,2,0,10969,A
1-PB2,832,1,1,10937,0,10939,G
1-PB2,833,0,2,0,10877,10879,C
1-PB2,834,10857,0,1,0,10858,A
1-PB2,835,0,10905,0,2,10907,T
1-PB2,836,1,3,0,11012,11016,C
1-PB2,837,0,11001,1,1,11003,T
1-PB2,838,1,11289,0,1,11291,T
1-PB2,839,0,11329,0,0,11329,T
1-PB2,840,11327,0,1,1,11329,A
1-PB2,841,0,11325,2,4,11331,T
1-PB2,842,1,11285,0,3,11289,T
1-PB2,843,1,0,11290,0,11291,G
1-PB2,844,1,1,11289,0,11291,G
1-PB2,845,11126,1,9,0,11136,A
1-PB2,846,0,0,11166,0,11166,G
1-PB2,847,11100,2,3,0,11105,A
1-PB2,848,2,11042,0,4,11048,T
1-PB2,849,2,0,11310,0,11312,G
1-PB2,850,4,11262,0,7,11273,T
1-PB2,851,2,1,11312,0,11315,G
1-PB2,852,2,1,0,11285,11288,C
1-PB2,853,0,1,0,11296,11297,C
1-PB2,854,11269,0,6,0,11275,A
1-PB2,855,0,0,0,11280,11280,C
1-PB2,856,11067,0,8,0,11075,A
1-PB2,857,2,0,11204,1,11207,G
1-PB2,858,2,2,0,10842,10846,C
1-PB2,859,10816,1,5,0,10822,A
1-PB2,860,0,1,0,10818,10819,C
1-PB2,861,10778,0,3,2,10783,A
1-PB2,862,1,0,0,10867,10868,C
1-PB2,863,10848,1,2,0,10851,A
1-PB2,864,10864,0,3,0,10867,A
1-PB2,865,10837,0,0,0,10837,A
1-PB2,866,0,10559,0,2,10561,T
1-PB2,867,0,10566,0,2,10568,T
1-PB2,868,4,0,10560,0,10564,G
1-PB2,869,0,0,10511,0,10511,G
1-PB2,870,0,5,0,10500,10505,C
1-PB2,871,3,2,10491,0,10496,G
1-PB2,872,1,0,10669,0,10670,G
1-PB2,873,2,1,10701,1,10705,G
1-PB2,874,10494,2,3,0,10499,A
1-PB2,875,4,0,1,10620,10625,C
1-PB2,876,10671,1,6,0,10678,A
1-PB2,877,10781,1,7,0,10789,A
1-PB2,878,1,0,10742,0,10743,G
1-PB2,879,2,0,10934,0,10936,G
1-PB2,880,10671,0,6,0,10677,A
1-PB2,881,1,10411,0,2,10414,T
1-PB2,882,1,0,10317,1,10319,G
1-PB2,883,0,1,10448,1,10450,G
1-PB2,884,1,10067,0,6,10074,T
1-PB2,885,4,1,10385,0,10390,G
1-PB2,886,0,0,10357,1,10358,G
1-PB2,887,10028,0,16,0,10044,A
1-PB2,888,0,1,1,10080,10082,C
1-PB2,889,10043,1,2,0,10046,A
1-PB2,890,0,11576,0,1,11577,T
1-PB2,891,0,11591,0,1,11592,T
1-PB2,892,1,5,2,11449,11457,C
1-PB2,893,0,11529,0,3,11532,T
1-PB2,894,0,11590,0,1,11591,T
1-PB2,895,11502,3,2,0,11507,A
1-PB2,896,1,0,11583,0,11584,G
1-PB2,897,11549,0,8,0,11557,A
1-PB2,898,0,2,0,11526,11528,C
1-PB2,899,9957,0,2,1,9960,A
1-PB2,900,0,0,9959,1,9960,G
1-PB2,901,9939,0,8,0,9947,A
1-PB2,902,9951,0,3,0,9954,A
1-PB2,903,0,1,0,9720,9721,C
1-PB2,904,0,1,0,9991,9992,C
1-PB2,905,1,1,0,10035,10037,C
1-PB2,906,0,0,9894,0,9894,G
1-PB2,907,9898,1,7,0,9906,A
1-PB2,908,2,1,0,10068,10071,C
1-PB2,909,2,9965,0,4,9971,T
1-PB2,910,1,2,10156,0,10159,G
1-PB2,911,10080,0,1,1,10082,A
1-PB2,912,10189,0,10,0,10199,A
1-PB2,913,0,0,10218,0,10218,G
1-PB2,914,10137,0,3,0,10140,A
1-PB2,915,10170,0,3,0,10173,A
1-PB2,916,1,2,0,10074,10077,C
1-PB2,917,10043,1,3,0,10047,A
1-PB2,918,1,1,9778,0,9780,G
1-PB2,919,0,0,10257,0,10257,G
1-PB2,920,2,1,0,10275,10278,C
1-PB2,921,1,10372,1,1,10375,T
1-PB2,922,0,0,10657,0,10657,G
1-PB2,923,0,10532,0,3,10535,T
1-PB2,924,1,0,10817,0,10818,G
1-PB2,925,0,0,11242,1,11243,G
1-PB2,926,11071,1,4,0,11076,A
1-PB2,927,0,10902,1,1,10904,T
1-PB2,928,10998,1,0,0,10999,A
1-PB2,929,0,10885,1,0,10886,T
1-PB2,930,11348,0,8,0,11356,A
1-PB2,931,0,11142,0,2,11144,T
1-PB2,932,1,1,11075,0,11077,G
1-PB2,933,0,3,0,10895,10898,C
1-PB2,934,10403,2,5,1,10411,A
1-PB2,935,10472,2,3,0,10477,A
1-PB2,936,1,0,10416,0,10417,G
1-PB2,937,2,0,10483,0,10485,G
1-PB2,938,1,1,1,10404,10407,C
1-PB2,939,0,10275,0,8,10283,T
1-PB2,940,2,1,10328,0,10331,G
1-PB2,941,1,3,0,10366,10370,C
1-PB2,942,10415,1,3,0,10419,A
1-PB2,943,10449,1,4,0,10454,A
1-PB2,944,1,10330,1,1,10333,T
1-PB2,945,0,0,10388,0,10388,G
1-PB2,946,2,1,10354,0,10357,G
1-PB2,947,1,1,10411,1,10414,G
1-PB2,948,10271,1,4,0,10276,A
1-PB2,949,3,10324,0,1,10328,T
1-PB2,950,0,10351,1,2,10354,T
1-PB2,951,2,0,10351,0,10353,G
1-PB2,952,10314,1,5,0,10320,A
1-PB2,953,5,0,10481,0,10486,G
1-PB2,954,10429,0,3,0,10432,A
1-PB2,955,10368,0,0,0,10368,A
1-PB2,956,0,10178,0,0,10178,T
1-PB2,957,0,1,0,10314,10315,C
1-PB2,958,10322,1,17,0,10340,A
1-PB2,959,3,0,10392,0,10395,G
1-PB2,960,0,1,0,10355,10356,C
1-PB2,961,0,10273,0,6,10279,T
1-PB2,962,2,3,1,10323,10329,C
1-PB2,963,10273,0,1,0,10274,A
1-PB2,964,1,10543,0,9,10553,T
1-PB2,965,0,1,0,10595,10596,C
1-PB2,966,3,1,0,10719,10723,C
1-PB2,967,1,10607,0,11,10619,T
1-PB2,968,1,10562,0,4,10567,T
1-PB2,969,3,2,0,10566,10571,C
1-PB2,970,10589,1,5,0,10595,A
1-PB2,971,3,0,10693,0,10696,G
1-PB2,972,0,9,0,10615,10624,C
1-PB2,973,0,10536,0,13,10549,T
1-PB2,974,0,10621,1,0,10622,T
1-PB2,975,0,10537,0,0,10537,T
1-PB2,976,0,0,10521,0,10521,G
1-PB2,977,3,0,10532,0,10535,G
1-PB2,978,3,10374,1,6,10384,T
1-PB2,979,0,0,10602,0,10602,G
1-PB2,980,2,1,10590,0,10593,G
1-PB2,981,0,0,10700,0,10700,G
1-PB2,982,1,10530,1,5,10537,T
1-PB2,983,1,10645,0,4,10650,T
1-PB2,984,0,10661,0,0,10661,T
1-PB2,985,10684,1,3,0,10688,A
1-PB2,986,0,0,0,10764,10764,C
1-PB2,987,10789,0,2,1,10792,A
1-PB2,988,0,10720,0,2,10722,T
1-PB2,989,1,10497,1,1,10500,T
1-PB2,990,2,10504,1,3,10510,T
1-PB2,991,10493,0,2,0,10495,A
1-PB2,992,10502,1,2,1,10506,A
1-PB2,993,10507,0,3,0,10510,A
1-PB2,994,10429,0,3,3,10435,A
1-PB2,995,1,0,10511,1,10513,G
1-PB2,996,10463,1,2,0,10466,A
1-PB2,997,10445,0,3,0,10448,A
1-PB2,998,0,1,0,10507,10508,C
1-PB2,999,10481,1,0,0,10482,A
1-PB2,1000,10471,1,9,0,10481,A
1-PB2,1001,0,0,10477,0,10477,G
1-PB2,1002,0,2,0,10482,10484,C
1-PB2,1003,3,2,10483,0,10488,G
1-PB2,1004,2,1,10457,1,10461,G
1-PB2,1005,1,0,10474,0,10475,G
1-PB2,1006,3,10435,1,4,10443,T
1-PB2,1007,1,0,1,10453,10455,C
1-PB2,1008,10487,1,21,0,10509,A
1-PB2,1009,1,10362,0,4,10367,T
1-PB2,1010,4,0,1,10509,10514,C
1-PB2,1011,10486,1,0,0,10487,A
1-PB2,1012,0,0,10663,0,10663,G
1-PB2,1013,0,10438,1,4,10443,T
1-PB2,1014,2,0,0,10540,10542,C
1-PB2,1015,10546,1,2,0,10549,A
1-PB2,1016,10558,0,1,0,10559,A
1-PB2,1017,10582,0,4,0,10586,A
1-PB2,1018,10561,0,2,0,10563,A
1-PB2,1019,10561,0,7,1,10569,A
1-PB2,1020,8,0,10365,0,10373,G
1-PB2,1021,0,1,10557,0,10558,G
1-PB2,1022,10577,1,6,0,10584,A
1-PB2,1023,10572,24,8,1,10605,A
1-PB2,1024,0,1,10599,0,10600,G
1-PB2,1025,10575,0,3,0,10578,A
1-PB2,1026,10298,0,8,0,10306,A
1-PB2,1027,0,0,10329,0,10329,G
1-PB2,1028,10270,2,4,0,10276,A
1-PB2,1029,3,1,10262,0,10266,G
1-PB2,1030,1,1,10429,0,10431,G
1-PB2,1031,3,10380,0,2,10385,T
1-PB2,1032,2,0,10676,0,10678,G
1-PB2,1033,0,0,3,10748,10751,C
1-PB2,1034,0,10769,0,5,10774,T
1-PB2,1035,0,10843,1,2,10846,T
1-PB2,1036,10796,0,2,0,10798,A
1-PB2,1037,0,2,0,10790,10792,C
1-PB2,1038,10702,4,3,0,10709,A
1-PB2,1039,1,1,10682,0,10684,G
1-PB2,1040,2,1,10632,0,10635,G
1-PB2,1041,2,2,0,10372,10376,C
1-PB2,1042,10213,1,1,0,10215,A
1-PB2,1043,10219,0,3,0,10222,A
1-PB2,1044,0,10387,0,0,10387,T
1-PB2,1045,0,5,1,10489,10495,C
1-PB2,1046,1,10385,0,14,10400,T
1-PB2,1047,0,1,0,10440,10441,C
1-PB2,1048,0,1,0,10412,10413,C
1-PB2,1049,10454,0,3,0,10457,A
1-PB2,1050,10434,0,1,0,10435,A
1-PB2,1051,10433,4,2,0,10439,A
1-PB2,1052,0,0,0,10490,10490,C
1-PB2,1053,10164,0,0,0,10164,A
1-PB2,1054,2,10058,1,2,10063,T
1-PB2,1055,0,10035,0,1,10036,T
1-PB2,1056,2,1,10150,1,10154,G
1-PB2,1057,10127,0,0,0,10127,A
1-PB2,1058,10260,0,3,0,10263,A
1-PB2,1059,10270,1,1,0,10272,A
1-PB2,1060,10275,0,1,0,10276,A
1-PB2,1061,1,10260,0,2,10263,T
1-PB2,1062,10267,0,1,0,10268,A
1-PB2,1063,10263,2,5,0,10270,A
1-PB2,1064,0,1,10443,0,10444,G
1-PB2,1065,10288,1,8,0,10297,A
1-PB2,1066,2,0,10589,0,10591,G
1-PB2,1067,2,10400,0,1,10403,T
1-PB2,1068,10496,1,0,0,10497,A
1-PB2,1069,2,2,1,10718,10723,C
1-PB2,1070,10665,0,2,0,10667,A
1-PB2,1071,1,10637,0,0,10638,T
1-PB2,1072,0,0,10663,0,10663,G
1-PB2,1073,10422,0,8,0,10430,A
1-PB2,1074,1,0,10550,0,10551,G
1-PB2,1075,1,3,10524,0,10528,G
1-PB2,1076,1,0,10980,0,10981,G
1-PB2,1077,3,0,11034,0,11037,G
1-PB2,1078,1,10755,1,2,10759,T
1-PB2,1079,10899,0,13,0,10912,A
1-PB2,1080,0,10872,0,0,10872,T
1-PB2,1081,1,0,10894,0,10895,G
1-PB2,1082,10874,1,13,2,10890,A
1-PB2,1083,3,0,10824,0,10827,G
1-PB2,1084,0,0,10719,0,10719,G
1-PB2,1085,9907,0,0,0,9907,A
1-PB2,1086,2,0,10223,0,10225,G
1-PB2,1087,2,10225,3,10,10240,T
1-PB2,1088,0,10572,1,5,10578,T
1-PB2,1089,0,0,1,10617,10618,C
1-PB2,1090,10592,1,3,4,10600,A
1-PB2,1091,1,0,0,10637,10638,C
1-PB2,1092,10581,0,2,0,10583,A
1-PB2,1093,10623,1,1,1,10626,A
1-PB2,1094,0,10634,0,0,10634,T
1-PB2,1095,2,0,10391,0,10393,G
1-PB2,1096,0,0,10494,1,10495,G
1-PB2,1097,0,10157,0,2,10159,T
1-PB2,1098,0,2,10283,0,10285,G
1-PB2,1099,1,2,10237,0,10240,G
1-PB2,1100,1,0,10242,0,10243,G
1-PB2,1101,2,1,10345,2,10350,G
1-PB2,1102,10276,0,8,0,10284,A
1-PB2,1103,10321,0,2,0,10323,A
1-PB2,1104,10249,1,3,0,10253,A
1-PB2,1105,10005,0,14,0,10019,A
1-PB2,1106,0,0,10156,0,10156,G
1-PB2,1107,10064,0,15,0,10079,A
1-PB2,1108,0,0,10133,0,10133,G
1-PB2,1109,1,3,0,10097,10101,C
1-PB2,1110,10092,1,3,0,10096,A
1-PB2,1111,10092,0,6,0,10098,A
1-PB2,1112,0,0,0,10425,10425,C
1-PB2,1113,10413,1,2,0,10416,A
1-PB2,1114,1,0,10584,0,10585,G
1-PB2,1115,0,1,0,10476,10477,C
1-PB2,1116,0,10454,1,3,10458,T
1-PB2,1117,10765,0,1,0,10766,A
1-PB2,1118,0,10768,0,3,10771,T
1-PB2,1119,10825,0,6,0,10831,A
1-PB2,1120,0,1,0,10824,10825,C
1-PB2,1121,0,10315,0,2,10317,T
1-PB2,1122,10366,0,3,1,10370,A
1-PB2,1123,10145,1,4,0,10150,A
1-PB2,1124,1,0,10164,0,10165,G
1-PB2,1125,10144,0,2,0,10146,A
1-PB2,1126,9866,0,1,0,9867,A
1-PB2,1127,9844,0,2,0,9846,A
1-PB2,1128,9052,0,712,1,9765,A
1-PB2,1129,3,1,9762,0,9766,G
1-PB2,1130,0,2,0,9732,9734,C
1-PB2,1131,9771,2,4,0,9777,A
1-PB2,1132,9772,1,5,0,9778,A
1-PB2,1133,0,0,0,9791,9791,C
1-PB2,1134,0,2,0,9809,9811,C
1-PB2,1135,9818,0,3,1,9822,A
1-PB2,1136,1,0,9857,0,9858,G
1-PB2,1137,9838,0,0,0,9838,A
1-PB2,1138,9810,1,4,0,9815,A
1-PB2,1139,0,0,9916,1,9917,G
1-PB2,1140,9851,2,1,0,9854,A
1-PB2,1141,0,9825,0,2,9827,T
1-PB2,1142,0,9756,0,2,9758,T
1-PB2,1143,4,0,9791,0,9795,G
1-PB2,1144,2,0,9975,1,9978,G
1-PB2,1145,0,9901,0,12,9913,T
1-PB2,1146,0,9845,0,6,9851,T
1-PB2,1147,2,2,1,9920,9925,C
1-PB2,1148,10108,0,1,0,10109,A
1-PB2,1149,2,0,10480,0,10482,G
1-PB2,1150,0,2,0,10559,10561,C
1-PB2,1151,1,10527,0,8,10536,T
1-PB2,1152,0,1,0,10633,10634,C
1-PB2,1153,10517,0,0,1,10518,A
1-PB2,1154,0,10556,0,1,10557,T
1-PB2,1155,10552,0,0,1,10553,A
1-PB2,1156,0,0,10614,0,10614,G
1-PB2,1157,2,9925,0,2,9929,T
1-PB2,1158,0,1,9998,0,9999,G
1-PB2,1159,9638,0,2,2,9642,A
1-PB2,1160,2,0,9832,0,9834,G
1-PB2,1161,1,9731,0,3,9735,T
1-PB2,1162,2,0,9761,0,9763,G
1-PB2,1163,1,1,9840,0,9842,G
1-PB2,1164,9823,1,2,1,9827,A
1-PB2,1165,9780,1,9,2,9792,A
1-PB2,1166,1,1,9843,0,9845,G
1-PB2,1167,9671,1,2,0,9674,A
1-PB2,1168,1,0,9736,0,9737,G
1-PB2,1169,9613,2,5,0,9620,A
1-PB2,1170,1,27,0,9605,9633,C
1-PB2,1171,2,0,9656,0,9658,G
1-PB2,1172,9521,1,0,0,9522,A
1-PB2,1173,9542,0,9,0,9551,A
1-PB2,1174,0,3,0,9578,9581,C
1-PB2,1175,9511,0,3,0,9514,A
1-PB2,1176,3,0,10064,0,10067,G
1-PB2,1177,0,9968,0,2,9970,T
1-PB2,1178,2,2,0,10018,10022,C
1-PB2,1179,10025,0,38,0,10063,A
1-PB2,1180,9997,0,3,0,10000,A
1-PB2,1181,1,9981,0,1,9983,T
1-PB2,1182,9987,0,1,0,9988,A
1-PB2,1183,2,0,9953,0,9955,G
1-PB2,1184,0,3,0,9936,9939,C
1-PB2,1185,0,1,0,9562,9563,C
1-PB2,1186,2,1,9491,0,9494,G
1-PB2,1187,9490,1,0,1,9492,A
1-PB2,1188,9509,0,11,0,9520,A
1-PB2,1189,1,0,9597,1,9599,G
1-PB2,1190,0,0,0,9834,9834,C
1-PB2,1191,9853,0,1,1,9855,A
1-PB2,1192,9826,0,1,1,9828,A
1-PB2,1193,1,9826,1,0,9828,T
1-PB2,1194,9882,0,4,1,9887,A
1-PB2,1195,9965,1,0,1,9967,A
1-PB2,1196,0,9925,0,1,9926,T
1-PB2,1197,0,1,0,9905,9906,C
1-PB2,1198,1,2,9852,1,9856,G
1-PB2,1199,0,9601,0,4,9605,T
1-PB2,1200,1,0,9621,0,9622,G
1-PB2,1201,2,1,9627,0,9630,G
1-PB2,1202,2,0,0,9629,9631,C
1-PB2,1203,0,1,0,9657,9658,C
1-PB2,1204,9533,0,1,0,9534,A
1-PB2,1205,2,9573,1,5,9581,T
1-PB2,1206,7,0,9608,0,9615,G
1-PB2,1207,1,1,9730,0,9732,G
1-PB2,1208,0,9488,4,2,9494,T
1-PB2,1209,4,0,9788,0,9792,G
1-PB2,1210,0,9522,2,2,9526,T
1-PB2,1211,0,9689,0,1,9690,T
1-PB2,1212,0,9701,1,2,9704,T
1-PB2,1213,0,9696,0,5,9701,T
1-PB2,1214,1,1,0,9814,9816,C
1-PB2,1215,9802,1,2,0,9805,A
1-PB2,1216,0,3,1,9951,9955,C
1-PB2,1217,9796,0,0,2,9798,A
1-PB2,1218,9714,1,5,1,9721,A
1-PB2,1219,0,1,9780,0,9781,G
1-PB2,1220,9602,1,6,1,9610,A
1-PB2,1221,72,1,9686,0,9759,G
1-PB2,1222,1,2,9743,0,9746,G
1-PB2,1223,9657,1,2,0,9660,A
1-PB2,1224,1,9660,0,0,9661,T
1-PB2,1225,0,9601,0,2,9603,T
1-PB2,1226,0,0,9611,0,9611,G
1-PB2,1227,0,3,0,9389,9392,C
1-PB2,1228,9447,4,8,0,9459,A
1-PB2,1229,4,9529,0,4,9537,T
1-PB2,1230,1,0,9785,0,9786,G
1-PB2,1231,9804,0,2,0,9806,A
1-PB2,1232,1,9856,0,0,9857,T
1-PB2,1233,9811,0,0,0,9811,A
1-PB2,1234,9812,0,3,0,9815,A
1-PB2,1235,9779,0,0,0,9779,A
1-PB2,1236,9796,0,4,0,9800,A
1-PB2,1237,2,1,9786,0,9789,G
1-PB2,1238,1,1,0,9914,9916,C
1-PB2,1239,9996,0,0,0,9996,A
1-PB2,1240,1,1,10357,0,10359,G
1-PB2,1241,0,10324,0,3,10327,T
1-PB2,1242,0,10351,0,0,10351,T
1-PB2,1243,10321,0,3,0,10324,A
1-PB2,1244,1,2,10374,0,10377,G
1-PB2,1245,10302,0,4,0,10306,A
1-PB2,1246,1,1,10322,1,10325,G
1-PB2,1247,0,0,10298,0,10298,G
1-PB2,1248,0,9617,0,6,9623,T
1-PB2,1249,0,1,9616,1,9618,G
1-PB2,1250,9635,0,1,0,9636,A
1-PB2,1251,1,9576,1,0,9578,T
1-PB2,1252,0,2,0,9786,9788,C
1-PB2,1253,1,9783,0,9,9793,T
1-PB2,1254,0,0,9839,0,9839,G
1-PB2,1255,9810,0,3,0,9813,A
1-PB2,1256,9834,0,1,0,9835,A
1-PB2,1257,2,9837,1,3,9843,T
1-PB2,1258,0,9906,0,3,9909,T
1-PB2,1259,0,9912,0,3,9915,T
1-PB2,1260,0,1,0,9955,9956,C
1-PB2,1261,3,0,9952,1,9956,G
1-PB2,1262,0,9924,0,7,9931,T
1-PB2,1263,1,0,0,9932,9933,C
1-PB2,1264,9923,0,1,0,9924,A
1-PB2,1265,9925,1,2,1,9929,A
1-PB2,1266,1,1,0,9953,9955,C
1-PB2,1267,9777,0,2,0,9779,A
1-PB2,1268,0,0,9915,0,9915,G
1-PB2,1269,9812,1,13,0,9826,A
1-PB2,1270,0,0,9860,0,9860,G
1-PB2,1271,0,2,0,9878,9880,C
1-PB2,1272,9901,0,1,0,9902,A
1-PB2,1273,10010,0,3,0,10013,A
1-PB2,1274,9987,0,1,2,9990,A
1-PB2,1275,0,9963,0,2,9965,T
1-PB2,1276,1,1,0,10002,10004,C
1-PB2,1277,9928,0,3,1,9932,A
1-PB2,1278,2,1,9882,0,9885,G
1-PB2,1279,1,1,0,9919,9921,C
1-PB2,1280,0,0,9942,0,9942,G
1-PB2,1281,1,0,10484,0,10485,G
1-PB2,1282,1,10383,0,5,10389,T
1-PB2,1283,1,10410,0,1,10412,T
1-PB2,1284,2,0,10423,1,10426,G
1-PB2,1285,10408,0,6,0,10414,A
1-PB2,1286,10496,0,7,0,10503,A
1-PB2,1287,3,4,0,10533,10540,C
1-PB2,1288,7,0,0,10465,10472,C
1-PB2,1289,2,3,0,10572,10577,C
1-PB2,1290,0,0,1,10190,10191,C
1-PB2,1291,10218,1,5,0,10224,A
1-PB2,1292,0,10246,0,4,10250,T
1-PB2,1293,1,1,10278,0,10280,G
1-PB2,1294,1,2,0,10305,10308,C
1-PB2,1295,10223,0,1,0,10224,A
1-PB2,1296,0,10119,1,8,10128,T
1-PB2,1297,1,1,0,10149,10151,C
1-PB2,1298,10075,0,2,0,10077,A
1-PB2,1299,1,0,10177,0,10178,G
1-PB2,1300,2,0,0,10184,10186,C
1-PB2,1301,1,10214,0,14,10229,T
1-PB2,1302,0,10270,1,0,10271,T
1-PB2,1303,0,10211,0,3,10214,T
1-PB2,1304,0,10229,0,1,10230,T
1-PB2,1305,10240,2,3,0,10245,A
1-PB2,1306,10226,3,3,0,10232,A
1-PB2,1307,0,1,10202,0,10203,G
1-PB2,1308,3,2,10122,0,10127,G
1-PB2,1309,0,1,0,10033,10034,C
1-PB2,1310,10036,0,3,0,10039,A
1-PB2,1311,3,10039,0,3,10045,T
1-PB2,1312,0,10107,0,2,10109,T
1-PB2,1313,1,10113,1,2,10117,T
1-PB2,1314,0,10140,0,3,10143,T
1-PB2,1315,0,0,0,10166,10166,C
1-PB2,1316,10157,0,12,0,10169,A
1-PB2,1317,0,0,10146,1,10147,G
1-PB2,1318,10139,0,2,0,10141,A
1-PB2,1319,10127,0,2,0,10129,A
1-PB2,1320,10083,0,3,1,10087,A
1-PB2,1321,1,0,10071,0,10072,G
1-PB2,1322,10168,0,5,0,10173,A
1-PB2,1323,0,10138,1,0,10139,T
1-PB2,1324,0,0,10162,0,10162,G
1-PB2,1325,1,8,0,10124,10133,C
1-PB2,1326,1,1,10205,0,10207,G
1-PB2,1327,10136,3,0,0,10139,A
1-PB2,1328,10175,0,2,0,10177,A
1-PB2,1329,10189,1,6,0,10196,A
1-PB2,1330,2,1,10197,0,10200,G
1-PB2,1331,2,10005,0,5,10012,T
1-PB2,1332,1,0,10058,0,10059,G
1-PB2,1333,0,1,0,10016,10017,C
1-PB2,1334,1,10013,0,12,10026,T
1-PB2,1335,0,10048,0,0,10048,T
1-PB2,1336,1,10084,0,5,10090,T
1-PB2,1337,0,10085,0,1,10086,T
1-PB2,1338,0,10034,0,0,10034,T
1-PB2,1339,2,0,0,10089,10091,C
1-PB2,1340,10085,0,4,1,10090,A
1-PB2,1341,10116,1,1,0,10118,A
1-PB2,1342,10080,0,0,0,10080,A
1-PB2,1343,10118,0,0,0,10118,A
1-PB2,1344,0,10056,0,0,10056,T
1-PB2,1345,1,10109,0,0,10110,T
1-PB2,1346,1,0,10125,0,10126,G
1-PB2,1347,8,0,10115,0,10123,G
1-PB2,1348,3,2,10099,0,10104,G
1-PB2,1349,1,0,10268,0,10269,G
1-PB2,1350,10225,0,3,0,10228,A
1-PB2,1351,2,0,10419,0,10421,G
1-PB2,1352,2,10372,0,6,10380,T
1-PB2,1353,0,10371,0,1,10372,T
1-PB2,1354,0,1,10427,1,10429,G
1-PB2,1355,10406,1,7,0,10414,A
1-PB2,1356,10418,0,14,0,10432,A
1-PB2,1357,0,2,0,10661,10663,C
1-PB2,1358,10446,1,0,0,10447,A
1-PB2,1359,0,2,0,10670,10672,C
1-PB2,1360,10502,0,1,0,10503,A
1-PB2,1361,1,10464,0,3,10468,T
1-PB2,1362,1,4,1,10592,10598,C
1-PB2,1363,1,0,10578,1,10580,G
1-PB2,1364,10613,0,6,0,10619,A
1-PB2,1365,1,42,1,10534,10578,C
1-PB2,1366,10189,2,0,0,10191,A
1-PB2,1367,1,0,10482,0,10483,G
1-PB2,1368,1,10179,2,2,10184,T
1-PB2,1369,2,0,10391,0,10393,G
1-PB2,1370,0,10268,1,9,10278,T
1-PB2,1371,0,1,10325,1,10327,G
1-PB2,1372,10313,0,4,0,10317,A
1-PB2,1373,2,10228,0,0,10230,T
1-PB2,1374,1,2,10267,0,10270,G
1-PB2,1375,3,1,10261,1,10266,G
1-PB2,1376,0,1,10043,0,10044,G
1-PB2,1377,9959,1,5,0,9965,A
1-PB2,1378,9844,1,0,0,9845,A
1-PB2,1379,3,9796,0,3,9802,T
1-PB2,1380,0,1,9890,0,9891,G
1-PB2,1381,9926,3,2,0,9931,A
1-PB2,1382,0,9898,0,1,9899,T
1-PB2,1383,0,9893,0,5,9898,T
1-PB2,1384,0,0,9866,1,9867,G
1-PB2,1385,0,0,10054,0,10054,G
1-PB2,1386,10027,0,11,0,10038,A
1-PB2,1387,0,0,10151,1,10152,G
1-PB2,1388,0,10041,0,1,10042,T
1-PB2,1389,10001,0,1,1,10003,A
1-PB2,1390,0,10034,0,2,10036,T
1-PB2,1391,0,10115,0,1,10116,T
1-PB2,1392,10200,1,4,0,10205,A
1-PB2,1393,0,1,0,10223,10224,C
1-PB2,1394,1,2,0,10086,10089,C
1-PB2,1395,10008,1,2,0,10011,A
1-PB2,1396,0,1,10069,0,10070,G
1-PB2,1397,10267,0,1,0,10268,A
1-PB2,1398,0,10152,0,2,10154,T
1-PB2,1399,10050,0,1,0,10051,A
1-PB2,1400,2,9905,1,4,9912,T
1-PB2,1401,1,0,9881,0,9882,G
1-PB2,1402,9873,1,4,0,9878,A
1-PB2,1403,0,0,1,9933,9934,C
1-PB2,1404,0,9848,1,13,9862,T
1-PB2,1405,1,2,0,9844,9847,C
1-PB2,1406,2,1,1,9804,9808,C
1-PB2,1407,9858,1,3,0,9862,A
1-PB2,1408,9905,1,3,1,9910,A
1-PB2,1409,0,0,10135,0,10135,G
1-PB2,1410,2,2,0,10093,10097,C
1-PB2,1411,10049,1,3,0,10053,A
1-PB2,1412,1,1,0,10045,10047,C
1-PB2,1413,9964,1,2,0,9967,A
1-PB2,1414,4,0,10005,0,10009,G
1-PB2,1415,9963,0,3,0,9966,A
1-PB2,1416,0,0,10040,1,10041,G
1-PB2,1417,10061,0,7,0,10068,A
1-PB2,1418,2,9736,1,10,9749,T
1-PB2,1419,2,0,9886,0,9888,G
1-PB2,1420,2,9815,2,5,9824,T
1-PB2,1421,0,0,0,9818,9818,C
1-PB2,1422,9849,0,3,0,9852,A
1-PB2,1423,9823,0,1,0,9824,A
1-PB2,1424,1,9793,2,0,9796,T
1-PB2,1425,0,1,9788,0,9789,G
1-PB2,1426,9658,1,3,0,9662,A
1-PB2,1427,0,0,9716,0,9716,G
1-PB2,1428,9558,0,5,0,9563,A
1-PB2,1429,2,0,9586,0,9588,G
1-PB2,1430,2,0,9919,1,9922,G
1-PB2,1431,9914,1,13,0,9928,A
1-PB2,1432,9922,0,6,0,9928,A
1-PB2,1433,0,9928,1,1,9930,T
1-PB2,1434,9923,0,3,0,9926,A
1-PB2,1435,9928,0,4,0,9932,A
1-PB2,1436,0,0,9922,0,9922,G
1-PB2,1437,9879,0,2,0,9881,A
1-PB2,1438,0,1,9856,1,9858,G
1-PB2,1439,0,9234,1,4,9239,T
1-PB2,1440,2,1,1,9285,9289,C
1-PB2,1441,9251,0,33,0,9284,A
1-PB2,1442,4,0,9283,0,9287,G
1-PB2,1443,0,1,0,9322,9323,C
1-PB2,1444,9346,1,1,0,9348,A
1-PB2,1445,9347,0,1,0,9348,A
1-PB2,1446,9306,0,0,0,9306,A
1-PB2,1447,9303,0,1,0,9304,A
1-PB2,1448,0,9284,1,0,9285,T
1-PB2,1449,3,2,9309,1,9315,G
1-PB2,1450,0,0,9314,0,9314,G
1-PB2,1451,1,1,9370,1,9373,G
1-PB2,1452,2,9293,0,2,9297,T
1-PB2,1453,2,0,9355,0,9357,G
1-PB2,1454,2,9301,0,5,9308,T
1-PB2,1455,3,1,9333,0,9337,G
1-PB2,1456,0,0,9456,0,9456,G
1-PB2,1457,9465,1,2,0,9468,A
1-PB2,1458,0,9398,0,2,9400,T
1-PB2,1459,1,0,9450,0,9451,G
1-PB2,1460,9380,0,1,0,9381,A
1-PB2,1461,9431,1,4,0,9436,A
1-PB2,1462,0,9376,0,3,9379,T
1-PB2,1463,9288,0,1,0,9289,A
1-PB2,1464,2,1,0,9931,9934,C
1-PB2,1465,1,9669,1,5,9676,T
1-PB2,1466,1,1,0,9809,9811,C
1-PB2,1467,0,2,0,9878,9880,C
1-PB2,1468,9843,0,2,0,9845,A
1-PB2,1469,0,0,10212,0,10212,G
1-PB2,1470,2,10124,0,2,10128,T
1-PB2,1471,10183,1,1,0,10185,A
1-PB2,1472,0,3,1,10206,10210,C
1-PB2,1473,9311,0,1,0,9312,A
1-PB2,1474,1,0,9374,0,9375,G
1-PB2,1475,9153,1,1,0,9155,A
1-PB2,1476,0,0,9211,0,9211,G
1-PB2,1477,8923,0,5,0,8928,A
1-PB2,1478,0,2,8628,0,8630,G
1-PB2,1479,1,0,8597,0,8598,G
1-PB2,1480,1,0,8593,0,8594,G
1-PB2,1481,1,8445,0,8,8454,T
1-PB2,1482,0,0,8450,0,8450,G
1-PB2,1483,0,0,8497,0,8497,G
1-PB2,1484,2,8382,0,4,8388,T
1-PB2,1485,1,0,8507,1,8509,G
1-PB2,1486,2,0,8498,0,8500,G
1-PB2,1487,0,8364,1,14,8379,T
1-PB2,1488,0,3,0,8229,8232,C
1-PB2,1489,8275,1,3,0,8279,A
1-PB2,1490,2,0,8302,0,8304,G
1-PB2,1491,0,1,0,8303,8304,C
1-PB2,1492,8278,0,1,0,8279,A
1-PB2,1493,0,8267,1,0,8268,T
1-PB2,1494,0,7786,0,2,7788,T
1-PB2,1495,0,0,7782,1,7783,G
1-PB2,1496,7746,1,4,0,7751,A
1-PB2,1497,0,7734,1,1,7736,T
1-PB2,1498,0,0,1,7765,7766,C
1-PB2,1499,9,0,7676,0,7685,G
1-PB2,1500,7656,0,3,0,7659,A
1-PB2,1501,2,7709,0,1,7712,T
1-PB2,1502,0,7762,0,2,7764,T
1-PB2,1503,0,7762,0,1,7763,T
1-PB2,1504,0,7741,0,0,7741,T
1-PB2,1505,0,7730,0,1,7731,T
1-PB2,1506,1,0,7738,0,7739,G
1-PB2,1507,7733,1,6,0,7740,A
1-PB2,1508,0,0,7742,0,7742,G
1-PB2,1509,7614,0,1,0,7615,A
1-PB2,1510,0,0,7655,0,7655,G
1-PB2,1511,1,7654,0,5,7660,T
1-PB2,1512,0,7605,0,6,7611,T
1-PB2,1513,0,2,1,7642,7645,C
1-PB2,1514,1,1,7676,0,7678,G
1-PB2,1515,7667,0,5,0,7672,A
1-PB2,1516,0,0,7674,0,7674,G
1-PB2,1517,7632,2,3,0,7637,A
1-PB2,1518,1,1,0,7610,7612,C
1-PB2,1519,0,0,0,7566,7566,C
1-PB2,1520,7468,0,3,0,7471,A
1-PB2,1521,7527,0,4,0,7531,A
1-PB2,1522,0,2,0,7563,7565,C
1-PB2,1523,1,0,7585,0,7586,G
1-PB2,1524,0,7507,0,0,7507,T
1-PB2,1525,2,1,7513,0,7516,G
1-PB2,1526,0,0,7524,1,7525,G
1-PB2,1527,1,0,7536,0,7537,G
1-PB2,1528,7439,0,2,0,7441,A
1-PB2,1529,7429,0,1,0,7430,A
1-PB2,1530,0,7046,0,2,7048,T
1-PB2,1531,5,0,7202,0,7207,G
1-PB2,1532,2,7154,0,2,7158,T
1-PB2,1533,7157,0,0,0,7157,A
1-PB2,1534,1,7154,1,0,7156,T
1-PB2,1535,1,7051,0,1,7053,T
1-PB2,1536,7074,0,1,0,7075,A
1-PB2,1537,0,7048,0,0,7048,T
1-PB2,1538,0,6959,0,0,6959,T
1-PB2,1539,6936,0,1,0,6937,A
1-PB2,1540,1,6148,0,3,6152,T
1-PB2,1541,0,0,0,6273,6273,C
1-PB2,1542,1,6147,0,8,6156,T
1-PB2,1543,0,0,1,6182,6183,C
1-PB2,1544,0,0,0,6181,6181,C
1-PB2,1545,0,6012,1,2,6015,T
1-PB2,1546,1,1,6026,0,6028,G
1-PB2,1547,5995,0,2,1,5998,A
1-PB2,1548,1,0,5996,0,5997,G
1-PB2,1549,0,0,5981,0,5981,G
1-PB2,1550,5226,1,5,0,5232,A
1-PB2,1551,0,0,5253,0,5253,G
1-PB2,1552,1,0,5215,0,5216,G
1-PB2,1553,0,5046,0,7,5053,T
1-PB2,1554,0,1,0,5077,5078,C
1-PB2,1555,5028,0,0,0,5028,A
1-PB2,1556,0,1,5074,0,5075,G
1-PB2,1557,1,5034,0,3,5038,T
1-PB2,1558,0,0,5029,0,5029,G
1-PB2,1559,5022,0,0,0,5022,A
1-PB2,1560,4644,0,1,0,4645,A
1-PB2,1561,1,0,4562,0,4563,G
1-PB2,1562,0,0,0,4556,4556,C
1-PB2,1563,4581,0,0,0,4581,A
1-PB2,1564,0,0,0,4573,4573,C
1-PB2,1565,4327,0,0,0,4327,A
1-PB2,1566,0,0,4340,0,4340,G
1-PB2,1567,1,0,4324,0,4325,G
1-PB2,1568,0,0,4327,0,4327,G
1-PB2,1569,4299,0,1,0,4300,A
1-PB2,1570,4132,0,3,0,4135,A
1-PB2,1571,0,1,0,4151,4152,C
1-PB2,1572,0,4011,0,1,4012,T
1-PB2,1573,1,0,4028,0,4029,G
1-PB2,1574,3991,0,1,0,3992,A
1-PB2,1575,0,0,3991,0,3991,G
1-PB2,1576,3829,0,2,0,3831,A
1-PB2,1577,0,0,3526,0,3526,G
1-PB2,1578,3497,0,1,1,3499,A
1-PB2,1579,0,1,0,3478,3479,C
1-PB2,1580,0,3300,0,1,3301,T
1-PB2,1581,1,0,3311,0,3312,G
1-PB2,1582,3277,0,2,0,3279,A
1-PB2,1583,0,0,0,3269,3269,C
1-PB2,1584,3252,1,0,0,3253,A
1-PB2,1585,3246,0,1,0,3247,A
1-PB2,1586,1,3233,0,0,3234,T
1-PB2,1587,3191,0,2,1,3194,A
1-PB2,1588,3179,1,0,0,3180,A
1-PB2,1589,0,0,0,3185,3185,C
1-PB2,1590,0,2866,0,0,2866,T
1-PB2,1591,0,2823,0,0,2823,T
1-PB2,1592,2752,0,0,0,2752,A
1-PB2,1593,0,2739,0,0,2739,T
1-PB2,1594,0,2730,0,0,2730,T
1-PB2,1595,0,1,0,2719,2720,C
1-PB2,1596,2441,1,0,0,2442,A
1-PB2,1597,0,2425,0,2,2427,T
1-PB2,1598,0,1,0,2291,2292,C
1-PB2,1599,0,0,2289,0,2289,G
1-PB2,1600,0,2282,0,0,2282,T
1-PB2,1601,0,0,0,2205,2205,C
1-PB2,1602,0,1,2213,0,2214,G
1-PB2,1603,2208,0,0,0,2208,A
1-PB2,1604,1,2195,0,0,2196,T
1-PB2,1605,1,0,2182,0,2183,G
1-PB2,1606,2156,0,2,0,2158,A
1-PB2,1607,0,2135,0,1,2136,T
1-PB2,1608,0,0,2112,0,2112,G
1-PB2,1609,0,1946,0,0,1946,T
1-PB2,1610,2,1,1938,0,1941,G
1-PB2,1611,0,1,1934,0,1935,G
1-PB2,1612,0,0,1924,0,1924,G
1-PB2,1613,1812,0,1,0,1813,A
1-PB2,1614,3,0,1743,0,1746,G
1-PB2,1615,1413,1,1,0,1415,A
1-PB2,1616,0,1296,0,0,1296,T
1-PB2,1617,0,1168,0,0,1168,T
1-PB2,1618,1160,1,0,0,1161,A
1-PB2,1619,1135,0,0,0,1135,A
1-PB2,1620,0,0,0,1079,1079,C
1-PB2,1621,2,0,857,0,859,G
1-PB2,1622,0,0,783,0,783,G
1-PB2,1623,0,369,0,1,370,T
1-PB2,1624,0,0,0,341,341,C
1-PB2,1625,0,0,0,338,338,C
1-PB2,1626,0,214,0,0,214,T
1-PB2,1627,0,0,214,0,214,G
1-PB2,1628,210,0,0,0,210,A
1-PB2,1629,0,0,207,0,207,G
1-PB2,1630,0,204,0,0,204,T
1-PB2,1631,0,0,0,197,197,C
1-PB2,1632,0,0,194,0,194,G
1-PB2,1633,0,0,197,0,197,G
1-PB2,1634,0,195,0,0,195,T
1-PB2,1635,0,196,0,0,196,T
1-PB2,1636,0,193,0,0,193,T
1-PB2,1637,0,191,0,0,191,T
1-PB2,1638,0,0,198,0,198,G
1-PB2,1639,0,0,197,0,197,G
1-PB2,1640,0,193,0,0,193,T
1-PB2,1641,0,0,0,198,198,C
1-PB2,1642,195,0,0,0,195,A
1-PB2,1643,207,0,0,0,207,A
1-PB2,1644,0,209,0,0,209,T
1-PB2,1645,209,0,0,0,209,A
1-PB2,1646,0,0,0,211,211,C
1-PB2,1647,0,0,0,203,203,C
1-PB2,1648,0,204,0,1,205,T
1-PB2,1649,210,1,0,0,211,A
1-PB2,1650,0,211,0,0,211,T
1-PB2,1651,0,0,0,214,214,C
1-PB2,1652,204,0,0,0,204,A
1-PB2,1653,204,0,0,0,204,A
1-PB2,1654,0,202,0,0,202,T
1-PB2,1655,0,0,200,0,200,G
1-PB2,1656,0,0,199,0,199,G
1-PB2,1657,199,0,0,0,199,A
1-PB2,1658,0,197,0,0,197,T
1-PB2,1659,0,0,0,197,197,C
1-PB2,1660,196,0,0,0,196,A
1-PB2,1661,0,199,0,0,199,T
1-PB2,1662,0,0,0,195,195,C
1-PB2,1663,199,0,0,0,199,A
1-PB2,1664,0,0,202,0,202,G
1-PB2,1665,203,0,0,0,203,A
1-PB2,1666,204,0,0,0,204,A
1-PB2,1667,201,0,0,0,201,A
1-PB2,1668,0,202,0,0,202,T
1-PB2,1669,0,201,0,4,205,T
1-PB2,1670,0,0,203,0,203,G
1-PB2,1671,0,0,202,0,202,G
1-PB2,1672,0,0,203,0,203,G
1-PB2,1673,205,0,0,0,205,A
1-PB2,1674,201,0,0,0,201,A
1-PB2,1675,0,0,198,0,198,G
1-PB2,1676,0,1,0,199,200,C
1-PB2,1677,0,203,0,0,203,T
1-PB2,1678,0,1,204,0,205,G
1-PB2,1679,0,203,0,0,203,T
1-PB2,1680,0,0,0,202,202,C
1-PB2,1681,203,0,0,0,203,A
1-PB2,1682,205,0,0,0,205,A
1-PB2,1683,206,0,0,0,206,A
1-PB2,1684,203,0,0,0,203,A
1-PB2,1685,0,202,0,0,202,T
1-PB2,1686,0,0,0,200,200,C
1-PB2,1687,0,0,0,201,201,C
1-PB2,1688,201,0,0,0,201,A
1-PB2,1689,201,0,0,0,201,A
1-PB2,1690,0,202,0,0,202,T
1-PB2,1691,0,0,205,0,205,G
1-PB2,1692,0,0,207,0,207,G
1-PB2,1693,0,211,0,0,211,T
1-PB2,1694,0,0,0,210,210,C
1-PB2,1695,0,213,0,0,213,T
1-PB2,1696,0,0,0,211,211,C
1-PB2,1697,212,0,1,0,213,A
1-PB2,1698,0,0,216,0,216,G
1-PB2,1699,214,0,0,0,214,A
1-PB2,1700,218,0,0,0,218,A
1-PB2,1701,0,213,0,0,213,T
1-PB2,1702,0,0,0,201,201,C
1-PB2,1703,0,0,0,206,206,C
1-PB2,1704,0,204,0,0,204,T
1-PB2,1705,0,0,205,0,205,G
1-PB2,1706,0,0,0,206,206,C
1-PB2,1707,205,0,0,0,205,A
1-PB2,1708,211,0,0,0,211,A
1-PB2,1709,0,205,0,0,205,T
1-PB2,1710,0,0,207,0,207,G
1-PB2,1711,0,207,0,0,207,T
1-PB2,1712,0,199,0,0,199,T
1-PB2,1713,0,0,207,0,207,G
1-PB2,1714,0,208,0,0,208,T
1-PB2,1715,207,0,0,0,207,A
1-PB2,1716,0,0,0,206,206,C
1-PB2,1717,205,0,0,0,205,A
1-PB2,1718,203,0,0,0,203,A
1-PB2,1719,0,0,0,199,199,C
1-PB2,1720,199,0,0,0,199,A
1-PB2,1721,198,0,0,0,198,A
1-PB2,1722,197,0,0,0,197,A
1-PB2,1723,198,0,0,0,198,A
1-PB2,1724,0,198,0,0,198,T
1-PB2,1725,0,0,198,0,198,G
1-PB2,1726,0,0,199,0,199,G
1-PB2,1727,195,0,0,0,195,A
1-PB2,1728,198,0,0,0,198,A
1-PB2,1729,0,198,0,0,198,T
1-PB2,1730,0,198,0,0,198,T
1-PB2,1731,0,197,0,0,197,T
1-PB2,1732,0,0,196,0,196,G
1-PB2,1733,198,1,0,0,199,A
1-PB2,1734,200,0,0,0,200,A
1-PB2,1735,0,0,0,199,199,C
1-PB2,1736,0,0,0,197,197,C
1-PB2,1737,201,0,0,0,201,A
1-PB2,1738,0,205,0,0,205,T
1-PB2,1739,0,205,0,0,205,T
1-PB2,1740,0,204,0,0,204,T
1-PB2,1741,0,0,0,204,204,C
1-PB2,1742,205,0,0,0,205,A
1-PB2,1743,203,0,0,0,203,A
1-PB2,1744,0,204,0,0,204,T
1-PB2,1745,0,0,0,207,207,C
1-PB2,1746,0,205,0,0,205,T
1-PB2,1747,0,203,0,0,203,T
1-PB2,1748,0,205,0,0,205,T
1-PB2,1749,204,0,1,0,205,A
1-PB2,1750,0,0,205,0,205,G
1-PB2,1751,0,204,0,0,204,T
1-PB2,1752,0,0,0,212,212,C
1-PB2,1753,0,1,0,209,210,C
1-PB2,1754,0,0,0,208,208,C
1-PB2,1755,0,0,0,210,210,C
1-PB2,1756,207,0,0,0,207,A
1-PB2,1757,207,0,0,0,207,A
1-PB2,1758,0,0,209,0,209,G
1-PB2,1759,0,0,210,0,210,G
1-PB2,1760,0,0,0,211,211,C
1-PB2,1761,0,0,0,208,208,C
1-PB2,1762,207,0,0,0,207,A
1-PB2,1763,0,208,0,0,208,T
1-PB2,1764,0,209,0,0,209,T
1-PB2,1765,209,0,0,0,209,A
1-PB2,1766,0,0,208,0,208,G
1-PB2,1767,203,0,0,0,203,A
1-PB2,1768,207,0,1,0,208,A
1-PB2,1769,0,0,206,0,206,G
1-PB2,1770,0,0,0,206,206,C
1-PB2,1771,0,0,0,209,209,C
1-PB2,1772,209,0,0,0,209,A
1-PB2,1773,209,0,0,0,209,A
1-PB2,1774,1,209,0,0,210,T
1-PB2,1775,209,0,0,0,209,A
1-PB2,1776,0,0,0,210,210,C
1-PB2,1777,192,0,0,0,192,A
1-PB2,1778,0,0,195,0,195,G
1-PB2,1779,0,185,0,2,187,T
1-PB2,1780,0,0,191,0,191,G
1-PB2,1781,0,0,193,0,193,G
1-PB2,1782,0,0,191,0,191,G
1-PB2,1783,0,188,0,0,188,T
1-PB2,1784,0,190,0,0,190,T
1-PB2,1785,0,191,0,0,191,T
1-PB2,1786,0,0,194,0,194,G
1-PB2,1787,0,196,0,0,196,T
1-PB2,1788,0,0,0,196,196,C
1-PB2,1789,193,0,0,0,193,A
1-PB2,1790,0,0,194,0,194,G
1-PB2,1791,192,0,0,0,192,A
1-PB2,1792,194,0,0,0,194,A
1-PB2,1793,0,0,0,196,196,C
1-PB2,1794,0,190,0,0,190,T
1-PB2,1795,0,0,0,195,195,C
1-PB2,1796,0,195,0,0,195,T
1-PB2,1797,196,0,0,0,196,A
1-PB2,1798,0,194,0,0,194,T
1-PB2,1799,0,192,0,0,192,T
1-PB2,1800,0,189,0,0,189,T
1-PB2,1801,1,0,0,188,189,C
1-PB2,1802,188,0,0,0,188,A
1-PB2,1803,191,0,0,0,191,A
1-PB2,1804,0,0,0,189,189,C
1-PB2,1805,190,0,0,0,190,A
1-PB2,1806,193,0,0,0,193,A
1-PB2,1807,193,0,0,0,193,A
1-PB2,1808,0,193,0,0,193,T
1-PB2,1809,0,0,194,0,194,G
1-PB2,1810,191,0,0,0,191,A
1-PB2,1811,0,0,194,0,194,G
1-PB2,1812,192,0,0,0,192,A
1-PB2,1813,0,0,190,0,190,G
1-PB2,1814,192,0,0,0,192,A
1-PB2,1815,0,1,0,191,192,C
1-PB2,1816,0,0,194,0,194,G
1-PB2,1817,0,195,0,0,195,T
1-PB2,1818,196,0,0,0,196,A
1-PB2,1819,0,0,0,197,197,C
1-PB2,1820,0,195,0,0,195,T
1-PB2,1821,0,197,0,0,197,T
1-PB2,1822,0,0,197,0,197,G
1-PB2,1823,0,0,196,0,196,G
1-PB2,1824,0,0,197,0,197,G
1-PB2,1825,195,0,0,0,195,A
1-PB2,1826,0,0,0,197,197,C
1-PB2,1827,200,0,0,0,200,A
1-PB2,1828,0,201,0,0,201,T
1-PB2,1829,0,201,0,0,201,T
1-PB2,1830,0,200,0,0,200,T
1-PB2,1831,0,0,203,0,203,G
1-PB2,1832,201,0,0,0,201,A
1-PB2,1833,0,0,0,200,200,C
1-PB2,1834,200,0,0,0,200,A
1-PB2,1835,0,0,0,198,198,C
1-PB2,1836,0,0,0,197,197,C
1-PB2,1837,199,0,0,0,199,A
1-PB2,1838,0,0,0,203,203,C
1-PB2,1839,0,0,0,203,203,C
1-PB2,1840,0,0,0,200,200,C
1-PB2,1841,202,0,0,0,202,A
1-PB2,1842,0,0,206,0,206,G
1-PB2,1843,206,0,0,0,206,A
1-PB2,1844,0,216,0,0,216,T
1-PB2,1845,212,0,0,0,212,A
1-PB2,1846,214,0,0,0,214,A
1-PB2,1847,0,211,0,0,211,T
1-PB2,1848,212,0,0,0,212,A
1-PB2,1849,212,0,0,0,212,A
1-PB2,1850,212,0,0,0,212,A
1-PB2,1851,0,0,209,0,209,G
1-PB2,1852,0,0,0,208,208,C
1-PB2,1853,0,204,0,0,204,T
1-PB2,1854,0,206,0,0,206,T
1-PB2,1855,0,0,0,205,205,C
1-PB2,1856,0,201,0,1,202,T
1-PB2,1857,0,0,0,209,209,C
1-PB2,1858,0,0,0,208,208,C
1-PB2,1859,0,0,0,213,213,C
1-PB2,1860,0,216,0,0,216,T
1-PB2,1861,0,214,0,0,214,T
1-PB2,1862,0,213,1,0,214,T
1-PB2,1863,0,212,0,0,212,T
1-PB2,1864,0,0,214,0,214,G
1-PB2,1865,0,0,0,213,213,C
1-PB2,1866,213,0,0,0,213,A
1-PB2,1867,0,0,214,0,214,G
1-PB2,1868,0,0,0,212,212,C
1-PB2,1869,0,213,0,0,213,T
1-PB2,1870,0,0,214,0,214,G
1-PB2,1871,0,0,0,209,209,C
1-PB2,1872,0,207,0,0,207,T
1-PB2,1873,0,0,0,212,212,C
1-PB2,1874,0,0,0,213,213,C
1-PB2,1875,214,0,0,0,214,A
1-PB2,1876,0,0,0,217,217,C
1-PB2,1877,0,0,0,216,216,C
1-PB2,1878,214,0,0,0,214,A
1-PB2,1879,213,0,0,0,213,A
1-PB2,1880,214,0,0,0,214,A
1-PB2,1881,0,0,217,0,217,G
1-PB2,1882,0,0,0,217,217,C
1-PB2,1883,210,0,0,0,210,A
1-PB2,1884,216,0,0,0,216,A
1-PB2,1885,217,0,0,0,217,A
1-PB2,1886,0,0,217,0,217,G
1-PB2,1887,0,0,0,218,218,C
1-PB2,1888,214,0,0,0,214,A
1-PB2,1889,0,0,215,0,215,G
1-PB2,1890,213,0,0,0,213,A
1-PB2,1891,216,0,0,0,216,A
1-PB2,1892,0,213,0,0,213,T
1-PB2,1893,0,0,214,0,214,G
1-PB2,1894,0,0,0,214,214,C
1-PB2,1895,214,0,0,0,214,A
1-PB2,1896,213,0,0,0,213,A
1-PB2,1897,0,210,0,0,210,T
1-PB2,1898,0,220,0,0,220,T
1-PB2,1899,0,0,0,222,222,C
1-PB2,1900,1,216,0,1,218,T
1-PB2,1901,0,0,0,218,218,C
1-PB2,1902,0,218,0,0,218,T
1-PB2,1903,0,217,0,0,217,T
1-PB2,1904,0,0,0,220,220,C
1-PB2,1905,218,0,0,0,218,A
1-PB2,1906,0,0,0,217,217,C
1-PB2,1907,0,212,0,0,212,T
1-PB2,1908,0,0,219,0,219,G
1-PB2,1909,216,0,0,0,216,A
1-PB2,1910,0,0,0,225,225,C
1-PB2,1911,0,219,0,0,219,T
1-PB2,1912,0,0,222,0,222,G
1-PB2,1913,0,215,0,1,216,T
1-PB2,1914,0,0,222,0,222,G
1-PB2,1915,223,0,0,0,223,A
1-PB2,1916,221,0,0,0,221,A
1-PB2,1917,0,219,0,0,219,T
1-PB2,1918,0,0,222,0,222,G
1-PB2,1919,0,216,0,0,216,T
1-PB2,1920,0,0,217,0,217,G
1-PB2,1921,207,0,2,0,209,A
1-PB2,1922,0,0,211,0,211,G
1-PB2,1923,0,0,213,0,213,G
1-PB2,1924,0,0,213,0,213,G
1-PB2,1925,0,0,216,0,216,G
1-PB2,1926,218,0,0,0,218,A
1-PB2,1927,0,217,0,0,217,T
1-PB2,1928,0,0,0,215,215,C
1-PB2,1929,216,0,1,0,217,A
1-PB2,1930,0,0,222,0,222,G
1-PB2,1931,0,0,220,0,220,G
1-PB2,1932,0,0,220,0,220,G
1-PB2,1933,223,0,0,0,223,A
1-PB2,1934,0,210,0,0,210,T
1-PB2,1935,0,0,214,0,214,G
1-PB2,1936,212,0,0,0,212,A
1-PB2,1937,1,0,219,0,220,G
1-PB2,1938,222,0,0,0,222,A
1-PB2,1939,221,0,0,0,221,A
1-PB2,1940,0,219,0,1,220,T
1-PB2,1941,212,0,0,0,212,A
1-PB2,1942,0,0,0,212,212,C
1-PB2,1943,0,212,0,0,212,T
1-PB2,1944,0,0,0,209,209,C
1-PB2,1945,0,0,212,0,212,G
1-PB2,1946,0,211,0,0,211,T
1-PB2,1947,211,0,0,0,211,A
1-PB2,1948,211,0,0,1,212,A
1-PB2,1949,0,0,214,0,214,G
1-PB2,1950,0,0,210,0,210,G
1-PB2,1951,1,0,203,0,204,G
1-PB2,1952,0,0,206,0,206,G
1-PB2,1953,0,0,0,209,209,C
1-PB2,1954,205,0,0,0,205,A
1-PB2,1955,216,0,0,0,216,A
1-PB2,1956,0,216,0,0,216,T
1-PB2,1957,0,218,0,0,218,T
1-PB2,1958,0,0,0,229,229,C
1-PB2,1959,0,219,0,0,219,T
1-PB2,1960,0,0,0,227,227,C
1-PB2,1961,0,0,0,231,231,C
1-PB2,1962,0,228,0,1,229,T
1-PB2,1963,0,0,236,0,236,G
1-PB2,1964,0,231,0,0,231,T
1-PB2,1965,230,0,0,0,230,A
1-PB2,1966,0,224,0,0,224,T
1-PB2,1967,0,225,0,0,225,T
1-PB2,1968,0,0,0,228,228,C
1-PB2,1969,227,0,0,0,227,A
1-PB2,1970,229,0,0,0,229,A
1-PB2,1971,0,0,0,230,230,C
1-PB2,1972,0,225,0,0,225,T
1-PB2,1973,224,0,0,0,224,A
1-PB2,1974,1,0,0,231,232,C
1-PB2,1975,232,0,0,0,232,A
1-PB2,1976,232,0,0,0,232,A
1-PB2,1977,0,0,0,230,230,C
1-PB2,1978,230,0,0,0,230,A
1-PB2,1979,224,0,0,0,224,A
1-PB2,1980,0,0,223,0,223,G
1-PB2,1981,223,0,0,0,223,A
1-PB2,1982,0,0,0,229,229,C
1-PB2,1983,0,0,0,221,221,C
1-PB2,1984,222,0,0,0,222,A
1-PB2,1985,0,0,0,238,238,C
1-PB2,1986,0,235,0,0,235,T
1-PB2,1987,235,0,0,0,235,A
1-PB2,1988,231,0,0,0,231,A
1-PB2,1989,231,0,0,0,231,A
1-PB2,1990,233,0,0,0,233,A
1-PB2,1991,0,0,231,0,231,G
1-PB2,1992,232,0,0,0,232,A
1-PB2,1993,0,0,0,234,234,C
1-PB2,1994,0,233,0,0,233,T
1-PB2,1995,234,0,0,0,234,A
1-PB2,1996,230,0,0,0,230,A
1-PB2,1997,0,0,0,231,231,C
1-PB2,1998,231,0,0,0,231,A
1-PB2,1999,233,0,0,0,233,A
1-PB2,2000,0,229,0,0,229,T
1-PB2,2001,0,228,0,0,228,T
1-PB2,2002,0,0,0,228,228,C
1-PB2,2003,0,224,0,0,224,T
1-PB2,2004,0,0,0,230,230,C
1-PB2,2005,0,0,230,0,230,G
1-PB2,2006,0,0,228,0,228,G
1-PB2,2007,232,0,0,0,232,A
1-PB2,2008,229,0,0,0,229,A
1-PB2,2009,232,0,0,0,232,A
1-PB2,2010,228,0,0,0,228,A
1-PB2,2011,0,0,227,0,227,G
1-PB2,2012,230,0,0,0,230,A
1-PB2,2013,0,231,0,0,231,T
1-PB2,2014,0,0,231,0,231,G
1-PB2,2015,0,1,0,224,225,C
1-PB2,2016,0,0,0,231,231,C
1-PB2,2017,0,0,231,0,231,G
1-PB2,2018,0,0,229,0,229,G
1-PB2,2019,0,0,0,229,229,C
1-PB2,2020,230,0,0,0,230,A
1-PB2,2021,0,0,0,239,239,C
1-PB2,2022,0,237,0,0,237,T
1-PB2,2023,0,237,0,0,237,T
1-PB2,2024,0,240,0,0,240,T
1-PB2,2025,239,0,0,0,239,A
1-PB2,2026,241,0,0,0,241,A
1-PB2,2027,0,240,0,0,240,T
1-PB2,2028,0,238,0,0,238,T
1-PB2,2029,0,0,238,0,238,G
1-PB2,2030,236,0,0,0,236,A
1-PB2,2031,237,0,0,0,237,A
1-PB2,2032,0,0,237,0,237,G
1-PB2,2033,236,0,0,0,236,A
1-PB2,2034,0,0,0,239,239,C
1-PB2,2035,0,0,1,234,235,C
1-PB2,2036,0,0,0,236,236,C
1-PB2,2037,234,0,0,0,234,A
1-PB2,2038,0,0,237,0,237,G
1-PB2,2039,234,0,0,0,234,A
1-PB2,2040,0,237,0,0,237,T
1-PB2,2041,0,0,238,0,238,G
1-PB2,2042,235,0,0,0,235,A
1-PB2,2043,232,0,0,0,232,A
1-PB2,2044,234,0,0,0,234,A
1-PB2,2045,0,0,232,0,232,G
1-PB2,2046,0,0,0,235,235,C
1-PB2,2047,230,0,0,0,230,A
1-PB2,2048,0,0,0,235,235,C
1-PB2,2049,239,0,0,0,239,A
1-PB2,2050,0,243,0,0,243,T
1-PB2,2051,0,0,0,240,240,C
1-PB2,2052,0,0,0,240,240,C
1-PB2,2053,0,0,242,0,242,G
1-PB2,2054,0,0,241,0,241,G
1-PB2,2055,239,0,0,0,239,A
1-PB2,2056,0,0,241,0,241,G
1-PB2,2057,0,233,0,1,234,T
1-PB2,2058,0,0,237,0,237,G
1-PB2,2059,1,0,236,0,237,G
1-PB2,2060,239,0,0,0,239,A
1-PB2,2061,0,0,241,0,241,G
1-PB2,2062,0,237,0,0,237,T
1-PB2,2063,0,0,0,239,239,C
1-PB2,2064,0,0,0,238,238,C
1-PB2,2065,0,0,239,0,239,G
1-PB2,2066,0,0,0,236,236,C
1-PB2,2067,0,0,0,239,239,C
1-PB2,2068,0,0,241,0,241,G
1-PB2,2069,0,240,0,0,240,T
1-PB2,2070,0,237,0,0,237,T
1-PB2,2071,0,246,0,0,246,T
1-PB2,2072,0,246,0,0,246,T
1-PB2,2073,0,0,247,0,247,G
1-PB2,2074,245,0,0,0,245,A
1-PB2,2075,0,0,245,0,245,G
1-PB2,2076,245,0,0,0,245,A
1-PB2,2077,0,0,240,0,240,G
1-PB2,2078,0,0,242,0,242,G
1-PB2,2079,0,0,240,0,240,G
1-PB2,2080,0,239,1,0,240,T
1-PB2,2081,0,241,0,0,241,T
1-PB2,2082,0,242,0,0,242,T
1-PB2,2083,0,0,0,242,242,C
1-PB2,2084,0,244,0,0,244,T
1-PB2,2085,0,0,0,247,247,C
1-PB2,2086,246,0,0,0,246,A
1-PB2,2087,0,240,0,0,240,T
1-PB2,2088,0,240,0,0,240,T
1-PB2,2089,242,0,0,0,242,A
1-PB2,2090,0,240,0,0,240,T
1-PB2,2091,234,0,0,0,234,A
1-PB2,2092,0,0,233,0,233,G
1-PB2,2093,0,0,235,0,235,G
1-PB2,2094,0,227,0,0,227,T
1-PB2,2095,230,0,0,0,230,A
1-PB2,2096,225,0,0,0,225,A
1-PB2,2097,0,0,227,0,227,G
1-PB2,2098,0,0,227,0,227,G
1-PB2,2099,226,0,0,0,226,A
1-PB2,2100,223,0,0,0,223,A
1-PB2,2101,0,0,222,0,222,G
1-PB2,2102,216,0,0,0,216,A
1-PB2,2103,0,0,0,216,216,C
1-PB2,2104,215,0,0,0,215,A
1-PB2,2105,0,0,214,0,214,G
1-PB2,2106,213,0,0,0,213,A
1-PB2,2107,212,0,0,0,212,A
1-PB2,2108,0,0,210,0,210,G
1-PB2,2109,212,0,0,0,212,A
1-PB2,2110,0,209,0,0,209,T
1-PB2,2111,208,0,0,0,208,A
1-PB2,2112,0,0,0,210,210,C
1-PB2,2113,0,0,208,0,208,G
1-PB2,2114,0,0,212,0,212,G
1-PB2,2115,212,0,0,0,212,A
1-PB2,2116,0,0,0,213,213,C
1-PB2,2117,0,0,0,209,209,C
1-PB2,2118,207,0,0,0,207,A
1-PB2,2119,0,0,212,0,212,G
1-PB2,2120,0,0,0,215,215,C
1-PB2,2121,215,0,0,0,215,A
1-PB2,2122,0,216,0,0,216,T
1-PB2,2123,0,209,0,0,209,T
1-PB2,2124,211,0,0,0,211,A
1-PB2,2125,209,0,0,0,209,A
1-PB2,2126,0,0,210,0,210,G
1-PB2,2127,0,0,0,207,207,C
1-PB2,2128,193,0,0,0,193,A
1-PB2,2129,0,192,0,0,192,T
1-PB2,2130,0,0,0,191,191,C
1-PB2,2131,192,0,0,0,192,A
1-PB2,2132,193,0,0,0,193,A
1-PB2,2133,0,195,0,0,195,T
1-PB2,2134,0,0,194,0,194,G
1-PB2,2135,194,0,0,0,194,A
1-PB2,2136,195,0,0,0,195,A
1-PB2,2137,0,0,0,197,197,C
1-PB2,2138,0,190,0,1,191,T
1-PB2,2139,0,0,193,0,193,G
1-PB2,2140,193,0,0,0,193,A
1-PB2,2141,1,0,193,0,194,G
1-PB2,2142,0,195,0,0,195,T
1-PB2,2143,195,0,0,0,195,A
1-PB2,2144,188,0,0,0,188,A
1-PB2,2145,0,0,0,195,195,C
1-PB2,2146,0,0,0,191,191,C
1-PB2,2147,0,190,0,0,190,T
1-PB2,2148,0,186,0,0,186,T
1-PB2,2149,0,0,184,0,184,G
1-PB2,2150,0,0,0,184,184,C
1-PB2,2151,186,0,0,0,186,A
1-PB2,2152,185,0,0,0,185,A
1-PB2,2153,183,0,0,0,183,A
1-PB2,2154,180,0,0,0,180,A
1-PB2,2155,0,0,181,0,181,G
1-PB2,2156,0,0,181,0,181,G
1-PB2,2157,0,0,181,0,181,G
1-PB2,2158,0,0,182,0,182,G
1-PB2,2159,180,0,0,0,180,A
1-PB2,2160,182,0,0,0,182,A
1-PB2,2161,184,0,0,0,184,A
1-PB2,2162,182,0,0,0,182,A
1-PB2,2163,0,0,183,0,183,G
1-PB2,2164,0,0,181,0,181,G
1-PB2,2165,0,0,0,178,178,C
1-PB2,2166,0,178,0,0,178,T
1-PB2,2167,182,0,0,0,182,A
1-PB2,2168,181,0,0,0,181,A
1-PB2,2169,0,180,0,0,180,T
1-PB2,2170,0,0,183,0,183,G
1-PB2,2171,0,180,0,0,180,T
1-PB2,2172,0,0,172,0,172,G
1-PB2,2173,0,0,0,170,170,C
1-PB2,2174,0,174,0,0,174,T
1-PB2,2175,175,0,0,0,175,A
1-PB2,2176,173,0,0,0,173,A
1-PB2,2177,0,170,0,0,170,T
1-PB2,2178,0,0,0,173,173,C
1-PB2,2179,0,0,159,0,159,G
1-PB2,2180,0,0,162,0,162,G
1-PB2,2181,0,0,162,0,162,G
1-PB2,2182,0,0,0,159,159,C
1-PB2,2183,161,0,0,0,161,A
1-PB2,2184,161,0,0,0,161,A
1-PB2,2185,0,0,160,0,160,G
1-PB2,2186,0,0,163,0,163,G
1-PB2,2187,159,0,0,0,159,A
1-PB2,2188,0,0,162,0,162,G
1-PB2,2189,155,0,0,0,155,A
1-PB2,2190,0,0,0,155,155,C
1-PB2,2191,0,0,156,0,156,G
1-PB2,2192,0,152,0,0,152,T
1-PB2,2193,0,0,152,0,152,G
1-PB2,2194,0,0,159,0,159,G
1-PB2,2195,0,153,0,0,153,T
1-PB2,2196,0,0,153,0,153,G
1-PB2,2197,0,148,0,0,148,T
1-PB2,2198,0,148,0,0,148,T
1-PB2,2199,0,0,148,0,148,G
1-PB2,2200,0,0,148,0,148,G
1-PB2,2201,0,146,0,0,146,T
1-PB2,2202,147,0,0,0,147,A
1-PB2,2203,140,0,0,0,140,A
1-PB2,2204,0,136,0,0,136,T
1-PB2,2205,0,0,134,0,134,G
1-PB2,2206,134,0,0,0,134,A
1-PB2,2207,132,0,0,0,132,A
1-PB2,2208,132,0,0,0,132,A
1-PB2,2209,0,0,0,129,129,C
1-PB2,2210,0,0,129,0,129,G
1-PB2,2211,129,0,0,0,129,A
1-PB2,2212,131,0,0,0,131,A
1-PB2,2213,128,0,0,0,128,A
1-PB2,2214,130,0,0,0,130,A
1-PB2,2215,0,0,0,131,131,C
1-PB2,2216,0,0,130,0,130,G
1-PB2,2217,0,0,128,0,128,G
1-PB2,2218,0,0,128,0,128,G
1-PB2,2219,130,0,0,0,130,A
1-PB2,2220,0,0,0,129,129,C
1-PB2,2221,0,131,0,0,131,T
1-PB2,2222,0,0,0,131,131,C
1-PB2,2223,0,131,0,0,131,T
1-PB2,2224,130,0,0,0,130,A
1-PB2,2225,0,0,130,0,130,G
1-PB2,2226,0,0,0,132,132,C
1-PB2,2227,130,0,0,0,130,A
1-PB2,2228,0,127,0,0,127,T
1-PB2,2229,125,0,0,0,125,A
1-PB2,2230,0,0,0,124,124,C
1-PB2,2231,0,101,0,0,101,T
1-PB2,2232,0,100,0,0,100,T
1-PB2,2233,99,0,0,0,99,A
1-PB2,2234,0,0,0,98,98,C
1-PB2,2235,0,99,0,0,99,T
1-PB2,2236,0,0,99,0,99,G
1-PB2,2237,93,0,0,0,93,A
1-PB2,2238,0,0,0,93,93,C
1-PB2,2239,84,0,0,0,84,A
1-PB2,2240,0,0,85,0,85,G
1-PB2,2241,0,0,0,85,85,C
1-PB2,2242,0,0,0,85,85,C
1-PB2,2243,84,0,0,0,84,A
1-PB2,2244,0,0,84,0,84,G
1-PB2,2245,83,0,0,0,83,A
1-PB2,2246,0,0,0,83,83,C
1-PB2,2247,75,0,0,0,75,A
1-PB2,2248,0,0,74,0,74,G
1-PB2,2249,0,0,0,68,68,C
1-PB2,2250,0,0,69,0,69,G
1-PB2,2251,69,0,0,0,69,A
1-PB2,2252,0,0,0,69,69,C
1-PB2,2253,0,0,0,67,67,C
1-PB2,2254,67,0,0,0,67,A
1-PB2,2255,66,0,0,0,66,A
1-PB2,2256,67,0,0,0,67,A
1-PB2,2257,66,0,0,0,66,A
1-PB2,2258,0,0,66,0,66,G
1-PB2,2259,65,0,0,0,65,A
1-PB2,2260,65,0,0,0,65,A
1-PB2,2261,0,61,0,0,61,T
1-PB2,2262,0,61,0,0,61,T
1-PB2,2263,0,0,0,64,64,C
1-PB2,2264,1,0,58,0,59,G
1-PB2,2265,0,0,61,0,61,G
1-PB2,2266,61,0,0,0,61,A
1-PB2,2267,0,61,0,0,61,T
1-PB2,2268,0,0,61,0,61,G
1-PB2,2269,0,0,60,0,60,G
1-PB2,2270,0,0,0,60,60,C
1-PB2,2271,1,0,0,56,57,C
1-PB2,2272,61,0,0,0,61,A
1-PB2,2273,0,60,0,0,60,T
1-PB2,2274,0,0,0,60,60,C
1-PB2,2275,61,0,0,0,61,A
1-PB2,2276,60,0,1,0,61,A
1-PB2,2277,0,60,0,0,60,T
1-PB2,2278,0,53,0,0,53,T
1-PB2,2279,52,0,0,0,52,A
1-PB2,2280,51,0,0,0,51,A
2-PB1,1,74,0,0,0,74,A
2-PB1,2,0,76,0,0,76,T
2-PB1,3,0,0,77,0,77,G
2-PB1,4,0,0,87,0,87,G
2-PB1,5,104,0,0,0,104,A
2-PB1,6,0,118,0,0,118,T
2-PB1,7,0,0,116,0,116,G
2-PB1,8,0,117,0,0,117,T
2-PB1,9,0,0,0,124,124,C
2-PB1,10,126,0,0,0,126,A
2-PB1,11,133,0,0,0,133,A
2-PB1,12,0,131,0,0,131,T
2-PB1,13,0,0,0,132,132,C
2-PB1,14,0,0,0,138,138,C
2-PB1,15,0,0,140,0,140,G
2-PB1,16,159,0,0,0,159,A
2-PB1,17,0,0,0,158,158,C
2-PB1,18,0,160,0,0,160,T
2-PB1,19,0,0,0,192,192,C
2-PB1,20,0,190,0,0,190,T
2-PB1,21,191,0,0,0,191,A
2-PB1,22,0,0,0,192,192,C
2-PB1,23,0,193,0,0,193,T
2-PB1,24,0,0,211,0,211,G
2-PB1,25,0,217,0,0,217,T
2-PB1,26,0,218,0,0,218,T
2-PB1,27,0,0,0,215,215,C
2-PB1,28,0,0,0,216,216,C
2-PB1,29,0,246,0,0,246,T
2-PB1,30,249,0,0,0,249,A
2-PB1,31,248,0,0,0,248,A
2-PB1,32,249,0,0,0,249,A
2-PB1,33,0,0,251,0,251,G
2-PB1,34,0,0,254,0,254,G
2-PB1,35,0,257,0,0,257,T
2-PB1,36,0,256,0,0,256,T
2-PB1,37,0,0,0,252,252,C
2-PB1,38,0,0,0,258,258,C
2-PB1,39,258,0,0,0,258,A
2-PB1,40,0,0,258,0,258,G
2-PB1,41,1,0,0,259,260,C
2-PB1,42,0,0,260,0,260,G
2-PB1,43,0,0,0,263,263,C
2-PB1,44,263,0,0,0,263,A
2-PB1,45,264,0,0,0,264,A
2-PB1,46,265,0,0,0,265,A
2-PB1,47,268,0,0,0,268,A
2-PB1,48,0,265,0,0,265,T
2-PB1,49,0,0,281,0,281,G
2-PB1,50,0,0,0,278,278,C
2-PB1,51,0,0,0,284,284,C
2-PB1,52,284,0,0,0,284,A
2-PB1,53,0,285,0,0,285,T
2-PB1,54,308,0,0,0,308,A
2-PB1,55,306,0,0,0,306,A
2-PB1,56,0,0,314,0,314,G
2-PB1,57,0,0,0,312,312,C
2-PB1,58,311,0,0,0,311,A
2-PB1,59,0,0,0,318,318,C
2-PB1,60,320,0,0,0,320,A
2-PB1,61,342,0,0,0,342,A
2-PB1,62,0,0,0,343,343,C
2-PB1,63,339,0,0,0,339,A
2-PB1,64,0,340,0,0,340,T
2-PB1,65,0,340,0,0,340,T
2-PB1,66,0,0,0,405,405,C
2-PB1,67,0,0,0,409,409,C
2-PB1,68,0,0,0,414,414,C
2-PB1,69,0,415,0,0,415,T
2-PB1,70,0,413,0,0,413,T
2-PB1,71,465,0,0,0,465,A
2-PB1,72,0,467,0,0,467,T
2-PB1,73,473,0,0,0,473,A
2-PB1,74,0,0,0,480,480,C
2-PB1,75,0,474,0,0,474,T
2-PB1,76,0,0,478,0,478,G
2-PB1,77,0,0,477,0,477,G
2-PB1,78,472,0,0,0,472,A
2-PB1,79,0,0,478,0,478,G
2-PB1,80,472,0,0,0,472,A
2-PB1,81,0,480,0,0,480,T
2-PB1,82,0,0,0,514,514,C
2-PB1,83,0,0,0,511,511,C
2-PB1,84,0,512,0,0,512,T
2-PB1,85,0,0,0,541,541,C
2-PB1,86,0,0,0,536,536,C
2-PB1,87,545,0,0,0,545,A
2-PB1,88,0,546,0,0,546,T
2-PB1,89,543,0,1,0,544,A
2-PB1,90,0,0,0,547,547,C
2-PB1,91,541,0,1,0,542,A
2-PB1,92,0,0,570,0,570,G
2-PB1,93,0,0,0,572,572,C
2-PB1,94,0,0,0,573,573,C
2-PB1,95,568,0,0,0,568,A
2-PB1,96,0,570,0,0,570,T
2-PB1,97,0,0,569,0,569,G
2-PB1,98,0,0,601,0,601,G
2-PB1,99,609,0,1,0,610,A
2-PB1,100,613,0,0,0,613,A
2-PB1,101,0,0,0,611,611,C
2-PB1,102,615,0,0,0,615,A
2-PB1,103,0,0,623,0,623,G
2-PB1,104,0,0,634,0,634,G
2-PB1,105,635,0,0,0,635,A
2-PB1,106,638,0,0,0,638,A
2-PB1,107,0,0,0,645,645,C
2-PB1,108,641,0,1,0,642,A
2-PB1,109,0,0,717,0,717,G
2-PB1,110,0,0,714,0,714,G
2-PB1,111,0,0,730,0,730,G
2-PB1,112,1,726,0,0,727,T
2-PB1,113,735,0,0,0,735,A
2-PB1,114,0,0,0,741,741,C
2-PB1,115,769,0,1,0,770,A
2-PB1,116,0,0,0,801,801,C
2-PB1,117,0,0,0,795,795,C
2-PB1,118,779,0,0,0,779,A
2-PB1,119,1,780,0,0,781,T
2-PB1,120,0,0,786,0,786,G
2-PB1,121,0,0,787,0,787,G
2-PB1,122,787,0,0,0,787,A
2-PB1,123,0,0,0,790,790,C
2-PB1,124,779,0,2,0,781,A
2-PB1,125,0,0,0,792,792,C
2-PB1,126,793,0,0,0,793,A
2-PB1,127,0,0,808,0,808,G
2-PB1,128,0,807,0,0,807,T
2-PB1,129,0,0,0,847,847,C
2-PB1,130,848,0,0,0,848,A
2-PB1,131,853,0,0,1,854,A
2-PB1,132,0,0,0,854,854,C
2-PB1,133,853,0,0,0,853,A
2-PB1,134,0,0,866,0,866,G
2-PB1,135,848,0,0,0,848,A
2-PB1,136,851,0,0,0,851,A
2-PB1,137,0,0,0,852,852,C
2-PB1,138,828,0,1,0,829,A
2-PB1,139,0,0,0,855,855,C
2-PB1,140,847,0,0,0,847,A
2-PB1,141,0,0,0,863,863,C
2-PB1,142,0,0,0,869,869,C
2-PB1,143,870,0,0,0,870,A
2-PB1,144,873,0,1,0,874,A
2-PB1,145,0,869,0,0,869,T
2-PB1,146,899,0,0,0,899,A
2-PB1,147,0,899,0,0,899,T
2-PB1,148,0,886,0,0,886,T
2-PB1,149,0,0,0,895,895,C
2-PB1,150,882,0,0,0,882,A
2-PB1,151,0,0,892,0,892,G
2-PB1,152,883,0,0,0,883,A
2-PB1,153,0,0,893,0,893,G
2-PB1,154,882,0,0,0,882,A
2-PB1,155,862,0,1,0,863,A
2-PB1,156,0,0,866,0,866,G
2-PB1,157,56,0,820,0,876,G
2-PB1,158,0,0,874,0,874,G
2-PB1,159,0,0,879,0,879,G
2-PB1,160,877,0,0,0,877,A
2-PB1,161,882,0,0,0,882,A
2-PB1,162,0,0,891,0,891,G
2-PB1,163,0,880,0,0,880,T
2-PB1,164,0,0,886,0,886,G
2-PB1,165,0,0,880,0,880,G
2-PB1,166,884,0,1,0,885,A
2-PB1,167,0,0,0,891,891,C
2-PB1,168,1,0,888,0,889,G
2-PB1,169,886,0,1,0,887,A
2-PB1,170,0,0,0,903,903,C
2-PB1,171,898,0,0,0,898,A
2-PB1,172,903,0,0,0,903,A
2-PB1,173,909,0,0,0,909,A
2-PB1,174,0,924,0,0,924,T
2-PB1,175,926,0,0,0,926,A
2-PB1,176,0,0,0,930,930,C
2-PB1,177,919,0,0,0,919,A
2-PB1,178,0,0,913,0,913,G
2-PB1,179,906,0,12,0,918,A
2-PB1,180,928,0,0,0,928,A
2-PB1,181,929,0,0,0,929,A
2-PB1,182,0,0,0,934,934,C
2-PB1,183,0,922,0,0,922,T
2-PB1,184,0,0,920,0,920,G
2-PB1,185,0,0,903,0,903,G
2-PB1,186,1,0,897,0,898,G
2-PB1,187,0,0,911,0,911,G
2-PB1,188,0,0,0,913,913,C
2-PB1,189,911,0,1,0,912,A
2-PB1,190,0,0,0,940,940,C
2-PB1,191,0,0,0,930,930,C
2-PB1,192,0,0,0,932,932,C
2-PB1,193,0,0,0,938,938,C
2-PB1,194,943,0,0,0,943,A
2-PB1,195,951,0,0,0,951,A
2-PB1,196,0,0,0,954,954,C
2-PB1,197,0,948,0,0,948,T
2-PB1,198,0,0,0,949,949,C
2-PB1,199,914,0,0,0,914,A
2-PB1,200,914,0,1,0,915,A
2-PB1,201,0,0,0,915,915,C
2-PB1,202,0,0,0,917,917,C
2-PB1,203,0,0,0,923,923,C
2-PB1,204,916,1,0,0,917,A
2-PB1,205,923,0,0,0,923,A
2-PB1,206,0,919,0,0,919,T
2-PB1,207,0,922,0,0,922,T
2-PB1,208,0,0,925,0,925,G
2-PB1,209,915,0,0,0,915,A
2-PB1,210,0,916,0,0,916,T
2-PB1,211,0,0,913,0,913,G
2-PB1,212,0,0,915,0,915,G
2-PB1,213,926,0,0,0,926,A
2-PB1,214,0,0,0,926,926,C
2-PB1,215,0,0,0,922,922,C
2-PB1,216,921,0,0,0,921,A
2-PB1,217,0,0,0,939,939,C
2-PB1,218,0,944,0,0,944,T
2-PB1,219,957,0,0,0,957,A
2-PB1,220,0,0,0,989,989,C
2-PB1,221,0,0,0,984,984,C
2-PB1,222,0,960,0,0,960,T
2-PB1,223,0,0,958,0,958,G
2-PB1,224,952,0,0,0,952,A
2-PB1,225,0,1,954,0,955,G
2-PB1,226,0,0,943,0,943,G
2-PB1,227,926,0,0,0,926,A
2-PB1,228,0,2,0,891,893,C
2-PB1,229,911,0,1,0,912,A
2-PB1,230,913,0,0,0,913,A
2-PB1,231,0,911,0,0,911,T
2-PB1,232,0,0,917,0,917,G
2-PB1,233,914,0,1,0,915,A
2-PB1,234,913,0,1,0,914,A
2-PB1,235,0,0,0,921,921,C
2-PB1,236,0,0,0,911,911,C
2-PB1,237,911,0,0,0,911,A
2-PB1,238,912,0,1,0,913,A
2-PB1,239,0,0,911,0,911,G
2-PB1,240,0,914,0,0,914,T
2-PB1,241,0,0,913,0,913,G
2-PB1,242,0,0,928,0,928,G
2-PB1,243,924,0,0,0,924,A
2-PB1,244,0,921,0,1,922,T
2-PB1,245,927,0,0,0,927,A
2-PB1,246,0,955,0,0,955,T
2-PB1,247,0,0,956,0,956,G
2-PB1,248,0,0,0,959,959,C
2-PB1,249,954,0,0,0,954,A
2-PB1,250,0,0,0,981,981,C
2-PB1,251,963,0,0,0,963,A
2-PB1,252,978,0,1,0,979,A
2-PB1,253,974,0,0,0,974,A
2-PB1,254,0,0,0,977,977,C
2-PB1,255,954,0,0,0,954,A
2-PB1,256,0,0,958,0,958,G
2-PB1,257,954,0,0,0,954,A
2-PB1,258,0,0,0,961,961,C
2-PB1,259,0,923,0,0,923,T
2-PB1,260,0,0,952,0,952,G
2-PB1,261,0,939,0,0,939,T
2-PB1,262,0,0,983,0,983,G
2-PB1,263,0,979,0,0,979,T
2-PB1,264,0,0,0,981,981,C
2-PB1,265,0,0,0,983,983,C
2-PB1,266,0,981,0,0,981,T
2-PB1,267,0,0,981,0,981,G
2-PB1,268,0,0,976,0,976,G
2-PB1,269,969,0,0,0,969,A
2-PB1,270,0,0,981,0,981,G
2-PB1,271,0,0,961,0,961,G
2-PB1,272,0,0,0,963,963,C
2-PB1,273,0,956,0,0,956,T
2-PB1,274,960,0,1,0,961,A
2-PB1,275,0,957,0,0,957,T
2-PB1,276,1,0,955,0,956,G
2-PB1,277,0,0,948,0,948,G
2-PB1,278,0,0,1,948,949,C
2-PB1,279,0,0,0,934,934,C
2-PB1,280,0,923,0,1,924,T
2-PB1,281,1,965,0,0,966,T
2-PB1,282,0,0,0,973,973,C
2-PB1,283,0,0,0,972,972,C
2-PB1,284,0,976,0,0,976,T
2-PB1,285,0,970,0,0,970,T
2-PB1,286,0,0,973,0,973,G
2-PB1,287,969,0,0,0,969,A
2-PB1,288,969,0,0,0,969,A
2-PB1,289,0,0,977,0,977,G
2-PB1,290,923,0,0,0,923,A
2-PB1,291,935,0,1,0,936,A
2-PB1,292,0,929,0,0,929,T
2-PB1,293,0,2,0,929,931,C
2-PB1,294,0,0,0,934,934,C
2-PB1,295,0,0,0,929,929,C
2-PB1,296,932,0,0,0,932,A
2-PB1,297,0,0,0,948,948,C
2-PB1,298,0,0,0,950,950,C
2-PB1,299,0,0,0,951,951,C
2-PB1,300,926,1,1,0,928,A
2-PB1,301,0,0,937,0,937,G
2-PB1,302,0,0,939,0,939,G
2-PB1,303,0,931,0,0,931,T
2-PB1,304,949,0,0,0,949,A
2-PB1,305,0,950,0,0,950,T
2-PB1,306,0,0,0,947,947,C
2-PB1,307,0,948,0,0,948,T
2-PB1,308,0,953,0,0,953,T
2-PB1,309,0,947,0,0,947,T
2-PB1,310,0,0,947,0,947,G
2-PB1,311,934,0,0,0,934,A
2-PB1,312,0,0,938,0,938,G
2-PB1,313,923,0,0,0,923,A
2-PB1,314,928,0,0,0,928,A
2-PB1,315,0,0,0,933,933,C
2-PB1,316,0,917,0,0,917,T
2-PB1,317,0,0,0,928,928,C
2-PB1,318,919,0,0,0,919,A
2-PB1,319,0,922,0,0,922,T
2-PB1,320,0,0,923,0,923,G
2-PB1,321,0,0,0,937,937,C
2-PB1,322,0,0,0,939,939,C
2-PB1,323,0,931,0,1,932,T
2-PB1,324,0,927,0,1,928,T
2-PB1,325,0,0,931,0,931,G
2-PB1,326,931,0,0,0,931,A
2-PB1,327,935,0,0,0,935,A
2-PB1,328,938,0,0,0,938,A
2-PB1,329,0,0,0,943,943,C
2-PB1,330,919,0,0,0,919,A
2-PB1,331,927,0,0,0,927,A
2-PB1,332,0,923,0,0,923,T
2-PB1,333,0,0,928,0,928,G
2-PB1,334,0,0,925,0,925,G
2-PB1,335,906,0,0,0,906,A
2-PB1,336,909,0,1,0,910,A
2-PB1,337,1,0,904,0,905,G
2-PB1,338,0,1,0,904,905,C
2-PB1,339,0,0,0,898,898,C
2-PB1,340,0,0,909,0,909,G
2-PB1,341,0,906,0,0,906,T
2-PB1,342,0,908,0,0,908,T
2-PB1,343,0,1,0,925,926,C
2-PB1,344,927,0,0,0,927,A
2-PB1,345,936,0,0,0,936,A
2-PB1,346,0,0,0,941,941,C
2-PB1,347,939,0,0,0,939,A
2-PB1,348,0,0,950,0,950,G
2-PB1,349,940,0,0,0,940,A
2-PB1,350,0,0,0,944,944,C
2-PB1,351,943,0,0,0,943,A
2-PB1,352,950,0,0,0,950,A
2-PB1,353,0,0,961,0,961,G
2-PB1,354,0,0,947,0,947,G
2-PB1,355,0,0,948,0,948,G
2-PB1,356,1,908,0,0,909,T
2-PB1,357,1,0,927,0,928,G
2-PB1,358,1,0,922,0,923,G
2-PB1,359,929,0,1,0,930,A
2-PB1,360,0,0,0,929,929,C
2-PB1,361,909,0,0,0,909,A
2-PB1,362,925,0,0,0,925,A
2-PB1,363,929,0,0,0,929,A
2-PB1,364,0,0,0,929,929,C
2-PB1,365,0,926,0,0,926,T
2-PB1,366,930,0,0,0,930,A
2-PB1,367,931,0,0,0,931,A
2-PB1,368,0,0,0,939,939,C
2-PB1,369,0,0,0,939,939,C
2-PB1,370,0,0,0,946,946,C
2-PB1,371,907,0,0,0,907,A
2-PB1,372,905,0,0,0,905,A
2-PB1,373,0,0,898,0,898,G
2-PB1,374,0,0,907,0,907,G
2-PB1,375,0,896,0,1,897,T
2-PB1,376,0,0,0,907,907,C
2-PB1,377,1,0,903,0,904,G
2-PB1,378,0,0,0,901,901,C
2-PB1,379,1,0,0,908,909,C
2-PB1,380,908,0,0,0,908,A
2-PB1,381,0,0,919,0,919,G
2-PB1,382,933,0,0,0,933,A
2-PB1,383,0,0,0,937,937,C
2-PB1,384,0,927,0,0,927,T
2-PB1,385,0,926,0,0,926,T
2-PB1,386,926,0,0,0,926,A
2-PB1,387,0,928,0,0,928,T
2-PB1,388,0,0,929,0,929,G
2-PB1,389,929,0,0,0,929,A
2-PB1,390,0,920,0,0,920,T
2-PB1,391,0,892,0,2,894,T
2-PB1,392,0,0,896,0,896,G
2-PB1,393,0,0,901,0,901,G
2-PB1,394,902,0,2,0,904,A
2-PB1,395,0,0,0,909,909,C
2-PB1,396,903,0,0,0,903,A
2-PB1,397,0,901,0,0,901,T
2-PB1,398,0,905,0,0,905,T
2-PB1,399,908,0,0,0,908,A
2-PB1,400,909,0,0,0,909,A
2-PB1,401,902,0,0,0,902,A
2-PB1,402,0,0,0,903,903,C
2-PB1,403,887,0,0,0,887,A
2-PB1,404,0,0,889,0,889,G
2-PB1,405,886,0,0,0,886,A
2-PB1,406,889,0,0,0,889,A
2-PB1,407,887,0,0,0,887,A
2-PB1,408,0,869,0,0,869,T
2-PB1,409,0,0,0,880,880,C
2-PB1,410,877,0,0,0,877,A
2-PB1,411,877,0,0,0,877,A
2-PB1,412,0,0,0,871,871,C
2-PB1,413,0,0,0,864,864,C
2-PB1,414,0,0,865,0,865,G
2-PB1,415,0,0,860,0,860,G
2-PB1,416,0,0,0,863,863,C
2-PB1,417,3,0,858,0,861,G
2-PB1,418,0,0,865,0,865,G
2-PB1,419,0,0,0,871,871,C
2-PB1,420,877,0,0,0,877,A
2-PB1,421,873,0,0,0,873,A
2-PB1,422,0,0,0,879,879,C
2-PB1,423,0,874,0,0,874,T
2-PB1,424,0,0,912,0,912,G
2-PB1,425,0,0,0,909,909,C
2-PB1,426,915,0,0,0,915,A
2-PB1,427,0,910,0,0,910,T
2-PB1,428,0,903,0,0,903,T
2-PB1,429,990,0,0,0,990,A
2-PB1,430,0,0,981,0,981,G
2-PB1,431,0,1,0,984,985,C
2-PB1,432,0,1,0,983,984,C
2-PB1,433,941,0,0,0,941,A
2-PB1,434,943,0,0,0,943,A
2-PB1,435,0,0,0,942,942,C
2-PB1,436,945,0,0,0,945,A
2-PB1,437,0,0,0,965,965,C
2-PB1,438,0,0,0,878,878,C
2-PB1,439,884,0,0,0,884,A
2-PB1,440,0,881,0,0,881,T
2-PB1,441,885,0,0,0,885,A
2-PB1,442,0,0,883,1,884,G
2-PB1,443,874,0,0,0,874,A
2-PB1,444,873,0,1,0,874,A
2-PB1,445,0,0,882,0,882,G
2-PB1,446,0,852,0,0,852,T
2-PB1,447,0,861,0,0,861,T
2-PB1,448,0,863,0,0,863,T
2-PB1,449,0,865,0,0,865,T
2-PB1,450,0,865,0,0,865,T
2-PB1,451,861,0,1,0,862,A
2-PB1,452,0,0,862,0,862,G
2-PB1,453,860,0,0,0,860,A
2-PB1,454,0,858,0,0,858,T
2-PB1,455,0,0,0,841,841,C
2-PB1,456,0,0,848,0,848,G
2-PB1,457,842,0,0,0,842,A
2-PB1,458,843,0,0,0,843,A
2-PB1,459,0,832,0,4,836,T
2-PB1,460,0,0,846,0,846,G
2-PB1,461,0,0,866,0,866,G
2-PB1,462,864,1,0,0,865,A
2-PB1,463,0,869,0,0,869,T
2-PB1,464,0,868,0,0,868,T
2-PB1,465,863,0,0,0,863,A
2-PB1,466,858,0,0,0,858,A
2-PB1,467,0,0,0,868,868,C
2-PB1,468,863,0,0,0,863,A
2-PB1,469,0,0,860,0,860,G
2-PB1,470,0,0,0,837,837,C
2-PB1,471,0,836,0,1,837,T
2-PB1,472,846,0,0,0,846,A
2-PB1,473,842,0,1,0,843,A
2-PB1,474,0,844,0,0,844,T
2-PB1,475,0,0,851,0,851,G
2-PB1,476,850,0,0,0,850,A
2-PB1,477,850,0,1,0,851,A
2-PB1,478,0,843,0,0,843,T
2-PB1,479,0,0,1,845,846,C
2-PB1,480,845,0,0,0,845,A
2-PB1,481,0,0,840,0,840,G
2-PB1,482,0,0,842,0,842,G
2-PB1,483,839,0,1,0,840,A
2-PB1,484,827,0,1,0,828,A
2-PB1,485,1,0,847,0,848,G
2-PB1,486,0,0,846,0,846,G
2-PB1,487,1,0,0,849,850,C
2-PB1,488,0,849,0,0,849,T
2-PB1,489,851,0,0,0,851,A
2-PB1,490,847,0,0,0,847,A
2-PB1,491,0,850,0,0,850,T
2-PB1,492,855,0,0,0,855,A
2-PB1,493,0,0,853,0,853,G
2-PB1,494,803,0,0,0,803,A
2-PB1,495,0,794,0,0,794,T
2-PB1,496,0,791,0,0,791,T
2-PB1,497,0,786,0,0,786,T
2-PB1,498,0,0,0,810,810,C
2-PB1,499,0,0,0,814,814,C
2-PB1,500,0,816,0,0,816,T
2-PB1,501,1,0,0,824,825,C
2-PB1,502,824,0,0,0,824,A
2-PB1,503,821,0,0,0,821,A
2-PB1,504,0,0,826,0,826,G
2-PB1,505,0,0,828,0,828,G
2-PB1,506,823,0,0,0,823,A
2-PB1,507,0,792,0,0,792,T
2-PB1,508,1,0,803,0,804,G
2-PB1,509,0,796,0,0,796,T
2-PB1,510,0,0,803,0,803,G
2-PB1,511,805,0,0,0,805,A
2-PB1,512,0,801,0,0,801,T
2-PB1,513,0,0,792,0,792,G
2-PB1,514,0,0,782,0,782,G
2-PB1,515,784,1,0,0,785,A
2-PB1,516,782,0,0,0,782,A
2-PB1,517,0,767,0,0,767,T
2-PB1,518,0,0,0,776,776,C
2-PB1,519,773,0,0,0,773,A
2-PB1,520,770,1,0,0,771,A
2-PB1,521,0,772,0,0,772,T
2-PB1,522,0,0,772,0,772,G
2-PB1,523,758,0,1,0,759,A
2-PB1,524,781,0,0,0,781,A
2-PB1,525,0,780,0,1,781,T
2-PB1,526,785,0,0,0,785,A
2-PB1,527,782,0,0,0,782,A
2-PB1,528,781,0,0,0,781,A
2-PB1,529,0,0,789,0,789,G
2-PB1,530,781,0,0,0,781,A
2-PB1,531,0,0,772,0,772,G
2-PB1,532,0,0,779,0,779,G
2-PB1,533,783,0,0,0,783,A
2-PB1,534,786,1,0,0,787,A
2-PB1,535,785,0,0,0,785,A
2-PB1,536,0,785,0,0,785,T
2-PB1,537,0,0,797,0,797,G
2-PB1,538,0,0,797,0,797,G
2-PB1,539,790,0,0,0,790,A
2-PB1,540,0,0,801,0,801,G
2-PB1,541,794,0,0,0,794,A
2-PB1,542,0,801,0,0,801,T
2-PB1,543,801,0,0,0,801,A
2-PB1,544,807,0,0,0,807,A
2-PB1,545,0,0,0,806,806,C
2-PB1,546,787,0,0,0,787,A
2-PB1,547,788,0,1,0,789,A
2-PB1,548,0,0,0,788,788,C
2-PB1,549,779,0,0,0,779,A
2-PB1,550,0,0,0,782,782,C
2-PB1,551,764,0,0,0,764,A
2-PB1,552,0,0,0,766,766,C
2-PB1,553,0,759,0,0,759,T
2-PB1,554,0,761,0,1,762,T
2-PB1,555,0,759,0,0,759,T
2-PB1,556,0,0,0,764,764,C
2-PB1,557,765,0,0,0,765,A
2-PB1,558,760,0,2,0,762,A
2-PB1,559,763,0,0,0,763,A
2-PB1,560,0,0,772,0,772,G
2-PB1,561,768,0,0,0,768,A
2-PB1,562,770,0,0,0,770,A
2-PB1,563,771,0,0,0,771,A
2-PB1,564,768,1,0,0,769,A
2-PB1,565,770,0,0,0,770,A
2-PB1,566,0,0,777,0,777,G
2-PB1,567,0,0,773,0,773,G
2-PB1,568,765,0,0,0,765,A
2-PB1,569,0,0,785,0,785,G
2-PB1,570,781,0,0,0,781,A
2-PB1,571,0,0,810,0,810,G
2-PB1,572,0,806,1,0,807,T
2-PB1,573,813,0,1,0,814,A
2-PB1,574,814,0,0,0,814,A
2-PB1,575,0,0,812,0,812,G
2-PB1,576,0,0,821,0,821,G
2-PB1,577,0,0,823,0,823,G
2-PB1,578,809,0,1,0,810,A
2-PB1,579,0,0,0,819,819,C
2-PB1,580,796,0,0,0,796,A
2-PB1,581,801,0,0,0,801,A
2-PB1,582,0,0,0,798,798,C
2-PB1,583,800,0,0,0,800,A
2-PB1,584,0,788,0,0,788,T
2-PB1,585,0,0,789,0,789,G
2-PB1,586,788,0,0,0,788,A
2-PB1,587,0,0,0,778,778,C
2-PB1,588,0,0,0,766,766,C
2-PB1,589,772,0,0,0,772,A
2-PB1,590,774,0,0,0,774,A
2-PB1,591,0,0,779,0,779,G
2-PB1,592,777,0,0,0,777,A
2-PB1,593,781,0,0,0,781,A
2-PB1,594,776,0,0,0,776,A
2-PB1,595,772,0,0,0,772,A
2-PB1,596,0,777,0,0,777,T
2-PB1,597,0,0,773,0,773,G
2-PB1,598,0,0,774,0,774,G
2-PB1,599,0,761,0,1,762,T
2-PB1,600,758,0,0,0,758,A
2-PB1,601,761,0,0,0,761,A
2-PB1,602,0,0,0,871,871,C
2-PB1,603,911,0,0,0,911,A
2-PB1,604,0,0,0,931,931,C
2-PB1,605,921,0,0,0,921,A
2-PB1,606,995,0,0,1,996,A
2-PB1,607,992,0,0,1,993,A
2-PB1,608,0,0,1112,0,1112,G
2-PB1,609,1099,0,1,0,1100,A
2-PB1,610,1114,0,0,0,1114,A
2-PB1,611,0,0,0,1180,1180,C
2-PB1,612,1161,0,1,0,1162,A
2-PB1,613,1173,0,0,0,1173,A
2-PB1,614,0,1175,0,0,1175,T
2-PB1,615,1166,0,2,0,1168,A
2-PB1,616,0,0,1172,1,1173,G
2-PB1,617,0,0,1151,0,1151,G
2-PB1,618,0,0,1159,0,1159,G
2-PB1,619,1150,0,0,0,1150,A
2-PB1,620,1156,0,0,0,1156,A
2-PB1,621,0,0,1161,0,1161,G
2-PB1,622,1159,0,0,0,1159,A
2-PB1,623,1167,0,0,0,1167,A
2-PB1,624,1171,0,0,0,1171,A
2-PB1,625,1180,0,0,0,1180,A
2-PB1,626,1192,0,0,0,1192,A
2-PB1,627,1195,0,0,0,1195,A
2-PB1,628,0,0,0,1193,1193,C
2-PB1,629,1200,0,0,0,1200,A
2-PB1,630,1196,0,0,0,1196,A
2-PB1,631,1187,1,0,0,1188,A
2-PB1,632,0,0,1274,0,1274,G
2-PB1,633,1262,0,0,0,1262,A
2-PB1,634,0,0,1272,0,1272,G
2-PB1,635,0,1261,0,0,1261,T
2-PB1,636,0,1263,0,0,1263,T
2-PB1,637,1610,0,0,0,1610,A
2-PB1,638,1603,0,1,0,1604,A
2-PB1,639,0,1646,0,0,1646,T
2-PB1,640,1651,0,1,0,1652,A
2-PB1,641,1656,0,2,0,1658,A
2-PB1,642,0,0,1660,0,1660,G
2-PB1,643,1622,0,0,0,1622,A
2-PB1,644,0,0,1631,0,1631,G
2-PB1,645,1616,0,0,0,1616,A
2-PB1,646,0,0,1634,0,1634,G
2-PB1,647,0,0,1621,0,1621,G
2-PB1,648,0,0,0,1633,1633,C
2-PB1,649,0,1633,0,2,1635,T
2-PB1,650,1737,1,1,0,1739,A
2-PB1,651,0,0,0,1883,1883,C
2-PB1,652,1,0,0,1886,1887,C
2-PB1,653,1,1908,0,0,1909,T
2-PB1,654,2010,0,0,0,2010,A
2-PB1,655,2000,1,0,0,2001,A
2-PB1,656,0,2008,0,0,2008,T
2-PB1,657,2001,0,0,0,2001,A
2-PB1,658,1997,0,0,0,1997,A
2-PB1,659,0,0,1999,0,1999,G
2-PB1,660,1971,0,1,0,1972,A
2-PB1,661,0,0,1985,0,1985,G
2-PB1,662,0,0,0,2003,2003,C
2-PB1,663,0,1989,0,0,1989,T
2-PB1,664,0,1994,1,1,1996,T
2-PB1,665,0,1993,0,2,1995,T
2-PB1,666,0,0,1992,0,1992,G
2-PB1,667,2045,0,1,0,2046,A
2-PB1,668,0,0,0,2065,2065,C
2-PB1,669,2080,0,1,0,2081,A
2-PB1,670,0,2062,0,1,2063,T
2-PB1,671,0,2055,0,0,2055,T
2-PB1,672,0,0,2122,0,2122,G
2-PB1,673,2110,0,0,0,2110,A
2-PB1,674,2120,0,3,0,2123,A
2-PB1,675,0,0,0,2137,2137,C
2-PB1,676,2139,0,0,0,2139,A
2-PB1,677,1,1,0,2153,2155,C
2-PB1,678,0,0,2147,0,2147,G
2-PB1,679,2145,0,0,0,2145,A
2-PB1,680,0,2153,0,0,2153,T
2-PB1,681,0,0,2188,0,2188,G
2-PB1,682,2211,0,2,0,2213,A
2-PB1,683,1,1,0,2226,2228,C
2-PB1,684,0,0,0,2232,2232,C
2-PB1,685,2230,0,0,0,2230,A
2-PB1,686,2276,0,0,0,2276,A
2-PB1,687,2277,0,2,0,2279,A
2-PB1,688,0,0,2349,0,2349,G
2-PB1,689,2373,1,0,0,2374,A
2-PB1,690,0,2376,0,1,2377,T
2-PB1,691,0,0,2393,0,2393,G
2-PB1,692,0,0,0,2375,2375,C
2-PB1,693,2379,0,0,0,2379,A
2-PB1,694,0,1,2405,0,2406,G
2-PB1,695,2374,0,0,0,2374,A
2-PB1,696,0,0,2395,0,2395,G
2-PB1,697,2339,0,0,0,2339,A
2-PB1,698,0,0,2324,0,2324,G
2-PB1,699,2300,0,13,0,2313,A
2-PB1,700,0,0,2319,0,2319,G
2-PB1,701,0,0,2317,0,2317,G
2-PB1,702,0,0,0,2318,2318,C
2-PB1,703,2328,0,1,0,2329,A
2-PB1,704,2332,0,0,0,2332,A
2-PB1,705,2351,1,1,0,2353,A
2-PB1,706,0,2365,0,0,2365,T
2-PB1,707,0,2363,0,0,2363,T
2-PB1,708,2357,2,1,0,2360,A
2-PB1,709,2352,0,0,1,2353,A
2-PB1,710,2361,0,0,0,2361,A
2-PB1,711,2368,0,0,0,2368,A
2-PB1,712,2368,0,1,0,2369,A
2-PB1,713,1,0,2377,0,2378,G
2-PB1,714,2358,0,0,0,2358,A
2-PB1,715,2352,0,0,0,2352,A
2-PB1,716,0,0,2390,0,2390,G
2-PB1,717,1,0,2417,0,2418,G
2-PB1,718,0,0,2424,0,2424,G
2-PB1,719,0,1,0,2450,2451,C
2-PB1,720,0,2452,0,2,2454,T
2-PB1,721,2481,0,0,0,2481,A
2-PB1,722,0,2549,0,0,2549,T
2-PB1,723,1,2544,0,1,2546,T
2-PB1,724,0,1,2553,0,2554,G
2-PB1,725,0,1,0,2552,2553,C
2-PB1,726,2494,0,3,0,2497,A
2-PB1,727,2487,0,0,0,2487,A
2-PB1,728,0,0,0,2491,2491,C
2-PB1,729,2495,0,1,0,2496,A
2-PB1,730,0,0,0,2503,2503,C
2-PB1,731,0,0,0,2451,2451,C
2-PB1,732,0,0,0,2453,2453,C
2-PB1,733,0,0,2438,0,2438,G
2-PB1,734,0,1,2450,0,2451,G
2-PB1,735,0,0,2454,0,2454,G
2-PB1,736,2465,0,1,0,2466,A
2-PB1,737,0,2455,0,0,2455,T
2-PB1,738,1,0,2475,0,2476,G
2-PB1,739,0,1,1,2469,2471,C
2-PB1,740,2519,0,2,0,2521,A
2-PB1,741,2567,1,1,0,2569,A
2-PB1,742,2591,0,0,0,2591,A
2-PB1,743,0,2595,0,1,2596,T
2-PB1,744,0,2589,0,1,2590,T
2-PB1,745,2571,0,1,0,2572,A
2-PB1,746,1,0,2578,0,2579,G
2-PB1,747,2549,0,2,0,2551,A
2-PB1,748,0,2,2573,0,2575,G
2-PB1,749,0,0,2550,0,2550,G
2-PB1,750,0,0,2626,0,2626,G
2-PB1,751,0,2629,0,0,2629,T
2-PB1,752,0,2655,0,1,2656,T
2-PB1,753,0,0,0,2674,2674,C
2-PB1,754,1,0,2709,0,2710,G
2-PB1,755,0,2711,0,0,2711,T
2-PB1,756,0,0,2718,0,2718,G
2-PB1,757,0,2704,0,0,2704,T
2-PB1,758,2708,0,0,0,2708,A
2-PB1,759,0,0,0,2716,2716,C
2-PB1,760,0,2586,0,0,2586,T
2-PB1,761,0,2594,0,0,2594,T
2-PB1,762,0,1,0,2576,2577,C
2-PB1,763,0,0,2575,0,2575,G
2-PB1,764,0,2574,0,1,2575,T
2-PB1,765,0,2564,0,3,2567,T
2-PB1,766,1,0,2561,0,2562,G
2-PB1,767,2552,0,0,0,2552,A
2-PB1,768,2558,0,0,0,2558,A
2-PB1,769,2577,0,0,0,2577,A
2-PB1,770,0,0,0,2590,2590,C
2-PB1,771,0,2576,0,0,2576,T
2-PB1,772,0,2568,0,0,2568,T
2-PB1,773,0,2572,0,1,2573,T
2-PB1,774,2640,0,2,0,2642,A
2-PB1,775,0,0,2651,0,2651,G
2-PB1,776,0,0,0,2651,2651,C
2-PB1,777,0,2654,0,2,2656,T
2-PB1,778,2636,1,0,0,2637,A
2-PB1,779,0,0,2639,0,2639,G
2-PB1,780,2627,0,0,0,2627,A
2-PB1,781,2628,0,0,0,2628,A
2-PB1,782,0,0,2629,0,2629,G
2-PB1,783,0,0,0,2584,2584,C
2-PB1,784,2586,0,3,0,2589,A
2-PB1,785,0,2586,0,0,2586,T
2-PB1,786,0,2587,0,1,2588,T
2-PB1,787,0,2587,0,0,2587,T
2-PB1,788,0,0,2592,0,2592,G
2-PB1,789,0,0,0,2586,2586,C
2-PB1,790,0,0,2601,0,2601,G
2-PB1,791,2586,1,2,0,2589,A
2-PB1,792,2571,0,0,0,2571,A
2-PB1,793,2577,0,0,0,2577,A
2-PB1,794,2645,0,0,0,2645,A
2-PB1,795,110,0,2567,0,2677,G
2-PB1,796,1,0,0,2683,2684,C
2-PB1,797,0,2684,0,1,2685,T
2-PB1,798,1,2685,0,0,2686,T
2-PB1,799,1,0,2683,0,2684,G
2-PB1,800,2679,0,3,0,2682,A
2-PB1,801,2689,0,0,0,2689,A
2-PB1,802,0,0,0,2698,2698,C
2-PB1,803,2682,0,2,0,2684,A
2-PB1,804,0,0,3041,0,3041,G
2-PB1,805,0,3029,0,1,3030,T
2-PB1,806,0,0,0,3041,3041,C
2-PB1,807,1,3045,0,2,3048,T
2-PB1,808,0,1,3048,0,3049,G
2-PB1,809,1,0,3036,0,3037,G
2-PB1,810,3047,0,0,0,3047,A
2-PB1,811,1,0,0,3068,3069,C
2-PB1,812,0,2989,0,0,2989,T
2-PB1,813,0,2781,0,0,2781,T
2-PB1,814,0,0,0,2770,2770,C
2-PB1,815,0,0,0,2774,2774,C
2-PB1,816,0,0,2790,0,2790,G
2-PB1,817,0,0,2793,0,2793,G
2-PB1,818,0,2763,0,0,2763,T
2-PB1,819,0,2788,0,0,2788,T
2-PB1,820,1,0,2759,0,2760,G
2-PB1,821,0,0,2791,0,2791,G
2-PB1,822,1,0,2818,0,2819,G
2-PB1,823,1,1,2821,0,2823,G
2-PB1,824,0,0,2838,0,2838,G
2-PB1,825,0,2799,0,1,2800,T
2-PB1,826,2804,0,0,0,2804,A
2-PB1,827,2823,0,0,0,2823,A
2-PB1,828,0,2831,0,1,2832,T
2-PB1,829,0,0,2840,1,2841,G
2-PB1,830,2817,0,0,0,2817,A
2-PB1,831,2794,0,1,0,2795,A
2-PB1,832,2800,0,1,0,2801,A
2-PB1,833,2787,0,1,0,2788,A
2-PB1,834,1,0,2779,0,2780,G
2-PB1,835,2770,1,1,0,2772,A
2-PB1,836,2761,0,2,0,2763,A
2-PB1,837,0,0,2776,0,2776,G
2-PB1,838,0,0,2762,0,2762,G
2-PB1,839,0,2,0,2762,2764,C
2-PB1,840,0,1,0,2775,2776,C
2-PB1,841,2789,0,1,0,2790,A
2-PB1,842,2781,0,0,0,2781,A
2-PB1,843,2791,0,0,0,2791,A
2-PB1,844,0,0,0,2797,2797,C
2-PB1,845,0,2786,0,2,2788,T
2-PB1,846,0,1,2822,0,2823,G
2-PB1,847,2,0,2815,0,2817,G
2-PB1,848,1,0,0,2829,2830,C
2-PB1,849,2838,0,0,0,2838,A
2-PB1,850,2823,0,0,0,2823,A
2-PB1,851,2836,0,0,0,2836,A
2-PB1,852,0,2832,0,0,2832,T
2-PB1,853,2,0,2835,0,2837,G
2-PB1,854,0,2822,0,1,2823,T
2-PB1,855,0,2768,0,0,2768,T
2-PB1,856,0,0,2767,0,2767,G
2-PB1,857,3,2745,0,2,2750,T
2-PB1,858,0,0,2766,0,2766,G
2-PB1,859,2763,0,2,0,2765,A
2-PB1,860,0,0,2774,0,2774,G
2-PB1,861,2776,0,0,0,2776,A
2-PB1,862,2750,0,0,0,2750,A
2-PB1,863,2754,0,2,0,2756,A
2-PB1,864,2764,0,1,0,2765,A
2-PB1,865,2786,0,0,0,2786,A
2-PB1,866,0,2772,0,1,2773,T
2-PB1,867,0,0,2781,0,2781,G
2-PB1,868,2771,0,1,1,2773,A
2-PB1,869,0,2747,0,6,2753,T
2-PB1,870,1,0,2790,0,2791,G
2-PB1,871,2778,0,0,0,2778,A
2-PB1,872,0,0,0,2801,2801,C
2-PB1,873,0,2800,0,0,2800,T
2-PB1,874,2809,0,1,0,2810,A
2-PB1,875,2838,0,0,1,2839,A
2-PB1,876,0,2832,0,0,2832,T
2-PB1,877,1,2862,0,2,2865,T
2-PB1,878,0,1,0,2902,2903,C
2-PB1,879,2877,1,2,0,2880,A
2-PB1,880,0,1,0,2897,2898,C
2-PB1,881,2862,0,1,0,2863,A
2-PB1,882,2869,0,0,0,2869,A
2-PB1,883,0,1,2873,0,2874,G
2-PB1,884,2912,0,3,0,2915,A
2-PB1,885,0,0,0,2932,2932,C
2-PB1,886,2897,0,1,0,2898,A
2-PB1,887,0,0,0,2898,2898,C
2-PB1,888,2859,0,3,0,2862,A
2-PB1,889,1,1,2875,0,2877,G
2-PB1,890,2850,0,6,0,2856,A
2-PB1,891,0,0,2862,0,2862,G
2-PB1,892,0,0,0,2842,2842,C
2-PB1,893,0,2776,0,4,2780,T
2-PB1,894,0,2822,0,0,2822,T
2-PB1,895,1,2826,0,0,2827,T
2-PB1,896,0,0,0,2837,2837,C
2-PB1,897,0,2838,1,0,2839,T
2-PB1,898,0,2824,0,1,2825,T
2-PB1,899,0,2821,0,2,2823,T
2-PB1,900,0,0,0,2839,2839,C
2-PB1,901,2820,1,3,0,2824,A
2-PB1,902,0,0,0,2841,2841,C
2-PB1,903,2806,1,0,0,2807,A
2-PB1,904,2808,0,0,0,2808,A
2-PB1,905,0,2857,0,0,2857,T
2-PB1,906,0,0,0,2895,2895,C
2-PB1,907,2892,0,1,0,2893,A
2-PB1,908,1,0,0,2950,2951,C
2-PB1,909,0,2942,0,2,2944,T
2-PB1,910,0,1,2945,0,2946,G
2-PB1,911,0,0,2917,0,2917,G
2-PB1,912,2752,0,7,0,2759,A
2-PB1,913,0,0,2758,0,2758,G
2-PB1,914,2759,0,0,0,2759,A
2-PB1,915,0,1,0,2741,2742,C
2-PB1,916,2878,0,0,0,2878,A
2-PB1,917,3001,0,1,0,3002,A
2-PB1,918,0,1,0,3028,3029,C
2-PB1,919,3020,0,0,0,3020,A
2-PB1,920,0,0,0,3031,3031,C
2-PB1,921,1,2935,0,1,2937,T
2-PB1,922,2949,0,0,0,2949,A
2-PB1,923,2951,0,1,0,2952,A
2-PB1,924,0,0,2971,0,2971,G
2-PB1,925,0,2926,0,0,2926,T
2-PB1,926,1,0,2825,0,2826,G
2-PB1,927,0,0,2818,0,2818,G
2-PB1,928,2810,0,2,0,2812,A
2-PB1,929,2820,0,1,0,2821,A
2-PB1,930,0,2822,0,0,2822,T
2-PB1,931,0,0,2816,0,2816,G
2-PB1,932,2819,0,0,0,2819,A
2-PB1,933,2781,0,1,0,2782,A
2-PB1,934,2794,0,1,0,2795,A
2-PB1,935,2806,1,0,0,2807,A
2-PB1,936,0,2784,0,0,2784,T
2-PB1,937,0,0,0,2788,2788,C
2-PB1,938,2803,0,0,0,2803,A
2-PB1,939,2803,0,0,0,2803,A
2-PB1,940,2783,2,1,0,2786,A
2-PB1,941,2774,0,1,0,2775,A
2-PB1,942,0,1,0,2803,2804,C
2-PB1,943,0,0,0,2773,2773,C
2-PB1,944,0,0,0,2777,2777,C
2-PB1,945,0,2760,0,3,2763,T
2-PB1,946,1,0,0,2782,2783,C
2-PB1,947,1,1,2778,0,2780,G
2-PB1,948,2762,0,0,0,2762,A
2-PB1,949,2771,0,0,0,2771,A
2-PB1,950,0,2772,0,0,2772,T
2-PB1,951,0,0,2789,0,2789,G
2-PB1,952,0,2755,0,0,2755,T
2-PB1,953,0,2743,0,0,2743,T
2-PB1,954,0,2761,0,0,2761,T
2-PB1,955,0,2760,0,0,2760,T
2-PB1,956,0,2762,0,1,2763,T
2-PB1,957,0,0,2757,1,2758,G
2-PB1,958,0,0,2752,0,2752,G
2-PB1,959,0,1,1,2741,2743,C
2-PB1,960,2,0,2738,0,2740,G
2-PB1,961,2728,1,0,0,2729,A
2-PB1,962,0,2828,0,0,2828,T
2-PB1,963,0,0,2956,0,2956,G
2-PB1,964,3104,0,0,0,3104,A
2-PB1,965,0,3119,0,0,3119,T
2-PB1,966,0,3137,0,1,3138,T
2-PB1,967,3165,0,1,0,3166,A
2-PB1,968,0,1,0,3164,3165,C
2-PB1,969,3190,0,1,0,3191,A
2-PB1,970,0,3175,0,0,3175,T
2-PB1,971,3036,0,2,0,3038,A
2-PB1,972,0,0,0,3043,3043,C
2-PB1,973,2779,0,2,0,2781,A
2-PB1,974,1,2777,0,1,2779,T
2-PB1,975,0,1,0,2770,2771,C
2-PB1,976,2756,0,0,0,2756,A
2-PB1,977,0,0,0,2777,2777,C
2-PB1,978,2760,0,0,0,2760,A
2-PB1,979,2758,0,0,0,2758,A
2-PB1,980,2750,0,0,0,2750,A
2-PB1,981,1,0,2654,0,2655,G
2-PB1,982,2765,0,0,0,2765,A
2-PB1,983,2769,0,0,0,2769,A
2-PB1,984,1,2746,0,0,2747,T
2-PB1,985,0,0,0,2760,2760,C
2-PB1,986,2788,0,0,0,2788,A
2-PB1,987,2792,0,0,0,2792,A
2-PB1,988,0,0,0,2802,2802,C
2-PB1,989,0,0,0,2804,2804,C
2-PB1,990,0,2706,0,0,2706,T
2-PB1,991,0,0,2747,0,2747,G
2-PB1,992,2728,0,0,0,2728,A
2-PB1,993,0,0,2740,0,2740,G
2-PB1,994,1,2720,0,0,2721,T
2-PB1,995,1,0,2671,1,2673,G
2-PB1,996,0,0,2914,0,2914,G
2-PB1,997,0,2905,0,0,2905,T
2-PB1,998,1,2908,1,0,2910,T
2-PB1,999,2,1,0,2914,2917,C
2-PB1,1000,2898,0,0,0,2898,A
2-PB1,1001,0,0,2927,0,2927,G
2-PB1,1002,2918,0,0,0,2918,A
2-PB1,1003,2924,0,2,0,2926,A
2-PB1,1004,2909,0,0,0,2909,A
2-PB1,1005,0,0,0,2711,2711,C
2-PB1,1006,2754,0,0,0,2754,A
2-PB1,1007,1,2729,0,2,2732,T
2-PB1,1008,0,0,0,2810,2810,C
2-PB1,1009,0,0,0,2800,2800,C
2-PB1,1010,0,2745,0,1,2746,T
2-PB1,1011,1,1,2748,0,2750,G
2-PB1,1012,2734,0,2,0,2736,A
2-PB1,1013,1,0,2754,0,2755,G
2-PB1,1014,0,0,0,2737,2737,C
2-PB1,1015,2683,0,0,0,2683,A
2-PB1,1016,0,2684,0,0,2684,T
2-PB1,1017,0,0,0,2644,2644,C
2-PB1,1018,1,0,2678,0,2679,G
2-PB1,1019,0,1,0,2760,2761,C
2-PB1,1020,2774,1,0,0,2775,A
2-PB1,1021,0,0,0,2866,2866,C
2-PB1,1022,0,0,0,2867,2867,C
2-PB1,1023,2869,1,0,0,2870,A
2-PB1,1024,2906,0,0,0,2906,A
2-PB1,1025,0,2903,0,0,2903,T
2-PB1,1026,2901,0,0,0,2901,A
2-PB1,1027,2891,0,0,0,2891,A
2-PB1,1028,0,2801,0,0,2801,T
2-PB1,1029,0,0,2814,0,2814,G
2-PB1,1030,2,2746,0,0,2748,T
2-PB1,1031,0,2718,0,2,2720,T
2-PB1,1032,0,1,0,2746,2747,C
2-PB1,1033,0,2720,0,1,2721,T
2-PB1,1034,0,2,1,2744,2747,C
2-PB1,1035,2747,0,1,0,2748,A
2-PB1,1036,2742,0,0,0,2742,A
2-PB1,1037,2742,1,0,0,2743,A
2-PB1,1038,0,0,0,2755,2755,C
2-PB1,1039,2744,0,0,0,2744,A
2-PB1,1040,2740,0,0,0,2740,A
2-PB1,1041,2732,0,0,0,2732,A
2-PB1,1042,2750,0,1,0,2751,A
2-PB1,1043,1,2779,0,0,2780,T
2-PB1,1044,0,0,2789,0,2789,G
2-PB1,1045,1,0,2778,0,2779,G
2-PB1,1046,0,1,0,2783,2784,C
2-PB1,1047,2784,0,1,0,2785,A
2-PB1,1048,2790,0,1,1,2792,A
2-PB1,1049,0,1,2824,0,2825,G
2-PB1,1050,2823,0,0,0,2823,A
2-PB1,1051,0,0,0,2835,2835,C
2-PB1,1052,0,2807,0,0,2807,T
2-PB1,1053,0,1,2851,0,2852,G
2-PB1,1054,2,0,2848,0,2850,G
2-PB1,1055,0,0,2873,0,2873,G
2-PB1,1056,2878,0,1,0,2879,A
2-PB1,1057,2869,0,2,0,2871,A
2-PB1,1058,2839,0,0,0,2839,A
2-PB1,1059,2824,0,1,0,2825,A
2-PB1,1060,0,0,2907,0,2907,G
2-PB1,1061,0,0,2908,0,2908,G
2-PB1,1062,2910,0,2,1,2913,A
2-PB1,1063,1,2885,0,0,2886,T
2-PB1,1064,2889,0,0,0,2889,A
2-PB1,1065,0,1,0,2885,2886,C
2-PB1,1066,2921,0,0,0,2921,A
2-PB1,1067,0,2903,0,0,2903,T
2-PB1,1068,0,0,2936,0,2936,G
2-PB1,1069,0,2894,0,0,2894,T
2-PB1,1070,1,2884,0,0,2885,T
2-PB1,1071,1,4,0,2882,2887,C
2-PB1,1072,0,0,2890,0,2890,G
2-PB1,1073,2880,0,0,1,2881,A
2-PB1,1074,0,0,2949,0,2949,G
2-PB1,1075,2909,0,1,0,2910,A
2-PB1,1076,0,0,2940,0,2940,G
2-PB1,1077,0,2911,0,0,2911,T
2-PB1,1078,2918,0,0,0,2918,A
2-PB1,1079,2914,0,1,0,2915,A
2-PB1,1080,0,0,2935,0,2935,G
2-PB1,1081,2928,0,0,0,2928,A
2-PB1,1082,0,0,2970,0,2970,G
2-PB1,1083,2893,0,0,0,2893,A
2-PB1,1084,2926,1,0,0,2927,A
2-PB1,1085,0,2893,1,0,2894,T
2-PB1,1086,0,0,2896,0,2896,G
2-PB1,1087,2895,1,1,0,2897,A
2-PB1,1088,2884,0,0,0,2884,A
2-PB1,1089,2845,0,1,0,2846,A
2-PB1,1090,0,0,0,2847,2847,C
2-PB1,1091,0,2839,0,1,2840,T
2-PB1,1092,0,1,0,2842,2843,C
2-PB1,1093,0,5,0,2841,2846,C
2-PB1,1094,0,0,2853,0,2853,G
2-PB1,1095,1,0,2852,0,2853,G
2-PB1,1096,2852,0,0,0,2852,A
2-PB1,1097,0,1,0,2897,2898,C
2-PB1,1098,2898,1,2,0,2901,A
2-PB1,1099,0,0,0,2933,2933,C
2-PB1,1100,2930,0,0,0,2930,A
2-PB1,1101,2925,1,2,0,2928,A
2-PB1,1102,2930,0,0,0,2930,A
2-PB1,1103,0,2922,0,0,2922,T
2-PB1,1104,2924,0,0,0,2924,A
2-PB1,1105,0,0,0,2931,2931,C
2-PB1,1106,0,0,0,2912,2912,C
2-PB1,1107,2,2869,0,0,2871,T
2-PB1,1108,0,0,2908,0,2908,G
2-PB1,1109,0,0,1,2903,2904,C
2-PB1,1110,2910,0,0,0,2910,A
2-PB1,1111,0,0,2909,0,2909,G
2-PB1,1112,2896,0,1,0,2897,A
2-PB1,1113,2901,1,0,0,2902,A
2-PB1,1114,2917,0,0,0,2917,A
2-PB1,1115,0,2899,0,0,2899,T
2-PB1,1116,1,0,2905,0,2906,G
2-PB1,1117,0,0,0,2888,2888,C
2-PB1,1118,1,2887,0,2,2890,T
2-PB1,1119,2927,0,2,0,2929,A
2-PB1,1120,0,0,2925,0,2925,G
2-PB1,1121,0,0,0,2916,2916,C
2-PB1,1122,2930,0,2,0,2932,A
2-PB1,1123,2912,0,0,0,2912,A
2-PB1,1124,0,0,2901,0,2901,G
2-PB1,1125,1,0,0,2894,2895,C
2-PB1,1126,2850,1,0,0,2851,A
2-PB1,1127,1,2890,0,0,2891,T
2-PB1,1128,0,2898,0,0,2898,T
2-PB1,1129,0,0,2977,0,2977,G
2-PB1,1130,2993,0,3,0,2996,A
2-PB1,1131,1,0,0,2991,2992,C
2-PB1,1132,0,0,0,2997,2997,C
2-PB1,1133,0,2941,0,3,2944,T
2-PB1,1134,0,0,3005,0,3005,G
2-PB1,1135,3008,1,0,0,3009,A
2-PB1,1136,3015,0,0,0,3015,A
2-PB1,1137,0,0,3061,0,3061,G
2-PB1,1138,0,2941,0,0,2941,T
2-PB1,1139,2966,0,0,0,2966,A
2-PB1,1140,1,2939,0,0,2940,T
2-PB1,1141,0,2942,0,0,2942,T
2-PB1,1142,0,2934,2,0,2936,T
2-PB1,1143,0,0,1,2927,2928,C
2-PB1,1144,2923,0,2,0,2925,A
2-PB1,1145,2924,0,0,0,2924,A
2-PB1,1146,0,2878,0,0,2878,T
2-PB1,1147,0,0,2902,0,2902,G
2-PB1,1148,2876,0,0,0,2876,A
2-PB1,1149,2876,1,0,0,2877,A
2-PB1,1150,0,2859,0,0,2859,T
2-PB1,1151,0,0,0,2889,2889,C
2-PB1,1152,2883,0,2,0,2885,A
2-PB1,1153,2882,0,0,0,2882,A
2-PB1,1154,0,0,0,2882,2882,C
2-PB1,1155,2877,1,3,0,2881,A
2-PB1,1156,2865,1,0,0,2866,A
2-PB1,1157,1,2,2877,0,2880,G
2-PB1,1158,0,0,2891,0,2891,G
2-PB1,1159,2875,1,0,0,2876,A
2-PB1,1160,2880,0,0,0,2880,A
2-PB1,1161,0,0,2884,0,2884,G
2-PB1,1162,2872,0,0,0,2872,A
2-PB1,1163,2872,0,1,0,2873,A
2-PB1,1164,2876,0,1,0,2877,A
2-PB1,1165,2874,0,0,0,2874,A
2-PB1,1166,1,2861,0,0,2862,T
2-PB1,1167,0,2840,0,0,2840,T
2-PB1,1168,1,0,2852,0,2853,G
2-PB1,1169,2843,0,2,0,2845,A
2-PB1,1170,1,1,2848,1,2851,G
2-PB1,1171,2854,0,0,1,2855,A
2-PB1,1172,2874,1,0,0,2875,A
2-PB1,1173,2913,0,0,0,2913,A
2-PB1,1174,2911,0,0,0,2911,A
2-PB1,1175,1,2907,0,0,2908,T
2-PB1,1176,2913,1,0,0,2914,A
2-PB1,1177,2921,0,0,1,2922,A
2-PB1,1178,0,0,2924,0,2924,G
2-PB1,1179,0,1,2905,0,2906,G
2-PB1,1180,0,0,0,2892,2892,C
2-PB1,1181,2,0,0,2892,2894,C
2-PB1,1182,0,2881,0,1,2882,T
2-PB1,1183,0,0,0,3240,3240,C
2-PB1,1184,0,3299,0,1,3300,T
2-PB1,1185,0,3313,0,3,3316,T
2-PB1,1186,1,0,0,3387,3388,C
2-PB1,1187,1,3387,0,1,3389,T
2-PB1,1188,3393,0,2,0,3395,A
2-PB1,1189,3395,0,1,0,3396,A
2-PB1,1190,0,3389,0,0,3389,T
2-PB1,1191,3446,0,0,0,3446,A
2-PB1,1192,0,0,3370,0,3370,G
2-PB1,1193,3087,1,0,0,3088,A
2-PB1,1194,1,3071,0,4,3076,T
2-PB1,1195,0,0,3028,0,3028,G
2-PB1,1196,1,0,3072,0,3073,G
2-PB1,1197,0,0,0,3072,3072,C
2-PB1,1198,3076,0,0,0,3076,A
2-PB1,1199,0,7,0,3086,3093,C
2-PB1,1200,3049,0,2,0,3051,A
2-PB1,1201,0,0,3162,0,3162,G
2-PB1,1202,0,0,0,3170,3170,C
2-PB1,1203,3169,0,2,0,3171,A
2-PB1,1204,1,3227,0,0,3228,T
2-PB1,1205,0,1,0,3202,3203,C
2-PB1,1206,3246,0,1,0,3247,A
2-PB1,1207,1,3252,0,1,3254,T
2-PB1,1208,0,3220,0,0,3220,T
2-PB1,1209,0,0,3222,0,3222,G
2-PB1,1210,3113,0,3,0,3116,A
2-PB1,1211,0,0,3197,0,3197,G
2-PB1,1212,0,0,0,3169,3169,C
2-PB1,1213,0,0,0,3151,3151,C
2-PB1,1214,0,0,0,3192,3192,C
2-PB1,1215,0,3147,0,3,3150,T
2-PB1,1216,1,0,3289,0,3290,G
2-PB1,1217,1,0,3316,0,3317,G
2-PB1,1218,192,0,2997,0,3189,G
2-PB1,1219,3327,0,0,0,3327,A
2-PB1,1220,0,3342,0,1,3343,T
2-PB1,1221,0,0,3424,0,3424,G
2-PB1,1222,3490,0,1,0,3491,A
2-PB1,1223,0,3505,0,1,3506,T
2-PB1,1224,0,1,3534,0,3535,G
2-PB1,1225,3490,0,2,0,3492,A
2-PB1,1226,0,3458,0,1,3459,T
2-PB1,1227,0,0,3439,0,3439,G
2-PB1,1228,0,0,3464,0,3464,G
2-PB1,1229,1,0,3477,0,3478,G
2-PB1,1230,1,1,0,3452,3454,C
2-PB1,1231,3461,1,0,0,3462,A
2-PB1,1232,0,3479,0,0,3479,T
2-PB1,1233,0,0,3579,0,3579,G
2-PB1,1234,1,3582,0,0,3583,T
2-PB1,1235,0,3597,0,0,3597,T
2-PB1,1236,0,0,0,3607,3607,C
2-PB1,1237,3589,0,0,0,3589,A
2-PB1,1238,3587,0,1,0,3588,A
2-PB1,1239,0,0,0,3606,3606,C
2-PB1,1240,3616,1,0,0,3617,A
2-PB1,1241,0,3620,0,1,3621,T
2-PB1,1242,0,0,3672,0,3672,G
2-PB1,1243,0,0,0,3665,3665,C
2-PB1,1244,0,3677,0,1,3678,T
2-PB1,1245,3718,1,0,0,3719,A
2-PB1,1246,3704,0,0,0,3704,A
2-PB1,1247,0,0,3764,0,3764,G
2-PB1,1248,0,3750,0,1,3751,T
2-PB1,1249,3727,0,0,0,3727,A
2-PB1,1250,0,2,0,3753,3755,C
2-PB1,1251,1,0,3764,0,3765,G
2-PB1,1252,0,0,3992,0,3992,G
2-PB1,1253,0,3953,0,2,3955,T
2-PB1,1254,0,3963,0,0,3963,T
2-PB1,1255,0,3969,0,0,3969,T
2-PB1,1256,0,3930,0,1,3931,T
2-PB1,1257,3938,0,1,0,3939,A
2-PB1,1258,0,1,3937,0,3938,G
2-PB1,1259,0,0,3935,0,3935,G
2-PB1,1260,3866,0,3,0,3869,A
2-PB1,1261,0,0,3841,0,3841,G
2-PB1,1262,1,3888,0,0,3889,T
2-PB1,1263,0,1,0,3908,3909,C
2-PB1,1264,0,3900,0,2,3902,T
2-PB1,1265,1,0,0,3921,3922,C
2-PB1,1266,0,0,3925,0,3925,G
2-PB1,1267,4015,0,0,0,4015,A
2-PB1,1268,0,4042,0,0,4042,T
2-PB1,1269,4047,0,0,0,4047,A
2-PB1,1270,0,0,0,4066,4066,C
2-PB1,1271,0,4016,0,1,4017,T
2-PB1,1272,0,0,4018,0,4018,G
2-PB1,1273,4001,1,0,0,4002,A
2-PB1,1274,4064,0,0,1,4065,A
2-PB1,1275,1,4065,0,1,4067,T
2-PB1,1276,0,1,0,3991,3992,C
2-PB1,1277,0,3986,0,0,3986,T
2-PB1,1278,1,3973,0,1,3975,T
2-PB1,1279,2,0,3977,0,3979,G
2-PB1,1280,0,0,3963,0,3963,G
2-PB1,1281,3958,0,2,0,3960,A
2-PB1,1282,0,0,0,3977,3977,C
2-PB1,1283,3926,0,0,0,3926,A
2-PB1,1284,3948,0,0,0,3948,A
2-PB1,1285,3963,0,0,0,3963,A
2-PB1,1286,3969,0,3,0,3972,A
2-PB1,1287,0,0,4013,0,4013,G
2-PB1,1288,4026,0,0,0,4026,A
2-PB1,1289,4030,0,0,0,4030,A
2-PB1,1290,4036,0,1,0,4037,A
2-PB1,1291,0,4025,0,0,4025,T
2-PB1,1292,4025,0,0,0,4025,A
2-PB1,1293,0,0,0,4164,4164,C
2-PB1,1294,4120,0,1,1,4122,A
2-PB1,1295,0,0,0,4159,4159,C
2-PB1,1296,1,0,0,4118,4119,C
2-PB1,1297,4113,0,1,0,4114,A
2-PB1,1298,4162,0,0,0,4162,A
2-PB1,1299,0,0,4266,0,4266,G
2-PB1,1300,4292,0,2,0,4294,A
2-PB1,1301,0,0,0,4334,4334,C
2-PB1,1302,4240,1,4,0,4245,A
2-PB1,1303,4364,0,5,0,4369,A
2-PB1,1304,0,0,0,4382,4382,C
2-PB1,1305,4467,0,1,0,4468,A
2-PB1,1306,1,4470,0,0,4471,T
2-PB1,1307,4449,0,0,0,4449,A
2-PB1,1308,0,1,1,4534,4536,C
2-PB1,1309,0,4387,0,0,4387,T
2-PB1,1310,1,0,4459,0,4460,G
2-PB1,1311,0,0,4448,2,4450,G
2-PB1,1312,1,4329,0,3,4333,T
2-PB1,1313,0,0,4342,0,4342,G
2-PB1,1314,0,0,4294,0,4294,G
2-PB1,1315,1,0,4320,0,4321,G
2-PB1,1316,4302,0,2,0,4304,A
2-PB1,1317,0,4202,0,3,4205,T
2-PB1,1318,1,0,4213,1,4215,G
2-PB1,1319,1,0,4183,0,4184,G
2-PB1,1320,1,1,4197,0,4199,G
2-PB1,1321,0,0,0,4260,4260,C
2-PB1,1322,0,4239,0,3,4242,T
2-PB1,1323,0,0,0,4279,4279,C
2-PB1,1324,0,0,0,4282,4282,C
2-PB1,1325,4286,0,2,0,4288,A
2-PB1,1326,4264,0,0,4,4268,A
2-PB1,1327,1,4259,0,0,4260,T
2-PB1,1328,0,0,2,4219,4221,C
2-PB1,1329,0,0,0,4187,4187,C
2-PB1,1330,0,4146,0,3,4149,T
2-PB1,1331,0,0,1,4146,4147,C
2-PB1,1332,0,2,0,4151,4153,C
2-PB1,1333,1,0,4161,0,4162,G
2-PB1,1334,4149,0,0,0,4149,A
2-PB1,1335,0,1,0,4158,4159,C
2-PB1,1336,0,0,4170,1,4171,G
2-PB1,1337,4199,0,0,0,4199,A
2-PB1,1338,0,4189,0,0,4189,T
2-PB1,1339,0,4193,0,0,4193,T
2-PB1,1340,0,4199,0,1,4200,T
2-PB1,1341,0,4204,0,0,4204,T
2-PB1,1342,1,0,4203,1,4205,G
2-PB1,1343,1,2,0,4205,4208,C
2-PB1,1344,1,0,0,4216,4217,C
2-PB1,1345,0,1,0,4339,4340,C
2-PB1,1346,0,4237,0,3,4240,T
2-PB1,1347,0,0,0,4444,4444,C
2-PB1,1348,4465,0,0,0,4465,A
2-PB1,1349,0,4478,0,0,4478,T
2-PB1,1350,4482,0,1,0,4483,A
2-PB1,1351,0,1,4533,0,4534,G
2-PB1,1352,0,4458,0,1,4459,T
2-PB1,1353,1,0,4491,0,4492,G
2-PB1,1354,4322,0,1,0,4323,A
2-PB1,1355,4328,0,3,0,4331,A
2-PB1,1356,1,4095,0,0,4096,T
2-PB1,1357,0,0,4091,0,4091,G
2-PB1,1358,0,2,0,4125,4127,C
2-PB1,1359,4111,0,0,0,4111,A
2-PB1,1360,0,2,1,4124,4127,C
2-PB1,1361,0,0,0,4098,4098,C
2-PB1,1362,4064,0,3,0,4067,A
2-PB1,1363,4074,0,0,0,4074,A
2-PB1,1364,4049,0,0,0,4049,A
2-PB1,1365,0,3975,0,5,3980,T
2-PB1,1366,0,1,0,4103,4104,C
2-PB1,1367,4099,0,1,0,4100,A
2-PB1,1368,0,4112,0,0,4112,T
2-PB1,1369,1,0,4107,0,4108,G
2-PB1,1370,4095,0,5,0,4100,A
2-PB1,1371,0,1,4140,0,4141,G
2-PB1,1372,1,0,4164,0,4165,G
2-PB1,1373,2,0,4192,0,4194,G
2-PB1,1374,4178,0,0,0,4178,A
2-PB1,1375,4249,1,2,0,4252,A
2-PB1,1376,0,4255,0,1,4256,T
2-PB1,1377,4268,0,1,0,4269,A
2-PB1,1378,0,1,1,4259,4261,C
2-PB1,1379,4278,0,0,1,4279,A
2-PB1,1380,4275,0,1,0,4276,A
2-PB1,1381,0,0,4243,0,4243,G
2-PB1,1382,0,0,0,4217,4217,C
2-PB1,1383,4209,0,0,0,4209,A
2-PB1,1384,1,0,4233,0,4234,G
2-PB1,1385,0,0,4228,0,4228,G
2-PB1,1386,4214,0,3,0,4217,A
2-PB1,1387,1,21,4216,0,4238,G
2-PB1,1388,1,4134,0,0,4135,T
2-PB1,1389,0,1,4196,1,4198,G
2-PB1,1390,1,0,4211,0,4212,G
2-PB1,1391,4208,0,2,0,4210,A
2-PB1,1392,0,4212,0,1,4213,T
2-PB1,1393,4154,0,0,0,4154,A
2-PB1,1394,0,0,4183,0,4183,G
2-PB1,1395,4234,0,0,0,4234,A
2-PB1,1396,1,4237,0,0,4238,T
2-PB1,1397,0,4214,0,0,4214,T
2-PB1,1398,1,0,0,4310,4311,C
2-PB1,1399,1,4296,0,1,4298,T
2-PB1,1400,4303,0,0,0,4303,A
2-PB1,1401,1,1,0,4303,4305,C
2-PB1,1402,4222,0,3,1,4226,A
2-PB1,1403,0,0,4208,0,4208,G
2-PB1,1404,0,0,4130,0,4130,G
2-PB1,1405,4168,0,3,0,4171,A
2-PB1,1406,1,0,0,4161,4162,C
2-PB1,1407,0,0,0,4093,4093,C
2-PB1,1408,1,4051,0,5,4057,T
2-PB1,1409,1,0,4072,0,4073,G
2-PB1,1410,0,0,1,4077,4078,C
2-PB1,1411,4090,0,0,0,4090,A
2-PB1,1412,4087,0,1,0,4088,A
2-PB1,1413,0,0,4102,0,4102,G
2-PB1,1414,0,4029,0,1,4030,T
2-PB1,1415,0,4033,0,0,4033,T
2-PB1,1416,3970,0,0,0,3970,A
2-PB1,1417,0,0,3979,0,3979,G
2-PB1,1418,0,3946,0,4,3950,T
2-PB1,1419,0,0,3957,0,3957,G
2-PB1,1420,1,0,3943,0,3944,G
2-PB1,1421,1,0,3954,0,3955,G
2-PB1,1422,3940,0,0,0,3940,A
2-PB1,1423,3956,0,1,0,3957,A
2-PB1,1424,0,3936,0,0,3936,T
2-PB1,1425,0,0,0,3945,3945,C
2-PB1,1426,3962,0,0,0,3962,A
2-PB1,1427,3965,0,0,0,3965,A
2-PB1,1428,1,1,0,3951,3953,C
2-PB1,1429,3959,0,0,0,3959,A
2-PB1,1430,0,3840,0,0,3840,T
2-PB1,1431,1,1,3862,0,3864,G
2-PB1,1432,3849,0,0,0,3849,A
2-PB1,1433,0,0,3863,0,3863,G
2-PB1,1434,1,0,0,3843,3844,C
2-PB1,1435,3840,0,1,1,3842,A
2-PB1,1436,3845,0,0,0,3845,A
2-PB1,1437,3852,0,0,0,3852,A
2-PB1,1438,3861,0,3,0,3864,A
2-PB1,1439,3870,0,0,0,3870,A
2-PB1,1440,0,0,3864,0,3864,G
2-PB1,1441,3825,1,0,0,3826,A
2-PB1,1442,3780,0,4,0,3784,A
2-PB1,1443,0,0,3897,0,3897,G
2-PB1,1444,0,3883,0,0,3883,T
2-PB1,1445,0,0,0,3903,3903,C
2-PB1,1446,0,1,0,3919,3920,C
2-PB1,1447,0,3898,0,1,3899,T
2-PB1,1448,3968,0,0,0,3968,A
2-PB1,1449,0,3965,0,1,3966,T
2-PB1,1450,3975,0,1,0,3976,A
2-PB1,1451,0,3972,0,0,3972,T
2-PB1,1452,3884,0,1,0,3885,A
2-PB1,1453,3890,0,1,0,3891,A
2-PB1,1454,3873,0,0,0,3873,A
2-PB1,1455,1,3864,0,0,3865,T
2-PB1,1456,3827,0,0,0,3827,A
2-PB1,1457,3818,1,0,0,3819,A
2-PB1,1458,3823,0,0,0,3823,A
2-PB1,1459,3827,0,3,0,3830,A
2-PB1,1460,0,0,0,3827,3827,C
2-PB1,1461,3663,0,1,0,3664,A
2-PB1,1462,1,1,3674,0,3676,G
2-PB1,1463,2,0,3668,0,3670,G
2-PB1,1464,3,0,3667,0,3670,G
2-PB1,1465,3642,1,4,0,3647,A
2-PB1,1466,0,0,0,3666,3666,C
2-PB1,1467,3645,0,0,0,3645,A
2-PB1,1468,0,3669,0,0,3669,T
2-PB1,1469,0,3679,0,1,3680,T
2-PB1,1470,0,3678,0,1,3679,T
2-PB1,1471,1,1,3683,0,3685,G
2-PB1,1472,3650,0,2,0,3652,A
2-PB1,1473,3663,0,1,0,3664,A
2-PB1,1474,1,3651,0,0,3652,T
2-PB1,1475,0,3600,0,0,3600,T
2-PB1,1476,0,1,0,3617,3618,C
2-PB1,1477,3579,0,1,0,3580,A
2-PB1,1478,1,0,0,3592,3593,C
2-PB1,1479,0,3596,0,2,3598,T
2-PB1,1480,3602,0,2,1,3605,A
2-PB1,1481,1,0,3591,0,3592,G
2-PB1,1482,0,0,0,3592,3592,C
2-PB1,1483,0,3576,0,8,3584,T
2-PB1,1484,0,3599,0,1,3600,T
2-PB1,1485,0,3589,0,1,3590,T
2-PB1,1486,3,3575,0,0,3578,T
2-PB1,1487,0,3597,0,0,3597,T
2-PB1,1488,0,3589,0,0,3589,T
2-PB1,1489,0,3587,0,0,3587,T
2-PB1,1490,3558,0,1,0,3559,A
2-PB1,1491,1,3552,0,0,3553,T
2-PB1,1492,0,0,0,3573,3573,C
2-PB1,1493,0,0,3585,0,3585,G
2-PB1,1494,3722,1,0,1,3724,A
2-PB1,1495,0,3718,0,0,3718,T
2-PB1,1496,3724,0,1,0,3725,A
2-PB1,1497,0,3745,0,1,3746,T
2-PB1,1498,1,0,3725,0,3726,G
2-PB1,1499,0,0,3750,0,3750,G
2-PB1,1500,3749,0,5,0,3754,A
2-PB1,1501,0,3699,0,1,3700,T
2-PB1,1502,0,3666,0,0,3666,T
2-PB1,1503,0,3558,0,0,3558,T
2-PB1,1504,0,0,3565,0,3565,G
2-PB1,1505,2,3544,0,1,3547,T
2-PB1,1506,0,0,3551,0,3551,G
2-PB1,1507,2,1,3522,0,3525,G
2-PB1,1508,1,0,0,3458,3459,C
2-PB1,1509,1,3495,0,2,3498,T
2-PB1,1510,3512,0,0,0,3512,A
2-PB1,1511,3536,0,1,0,3537,A
2-PB1,1512,0,3545,0,0,3545,T
2-PB1,1513,0,3550,0,1,3551,T
2-PB1,1514,1,3548,0,0,3549,T
2-PB1,1515,0,3551,0,1,3552,T
2-PB1,1516,3560,0,0,0,3560,A
2-PB1,1517,0,0,3567,0,3567,G
2-PB1,1518,0,0,0,3585,3585,C
2-PB1,1519,3569,0,0,0,3569,A
2-PB1,1520,0,3538,0,1,3539,T
2-PB1,1521,1,0,3491,0,3492,G
2-PB1,1522,0,0,3553,0,3553,G
2-PB1,1523,3526,0,2,0,3528,A
2-PB1,1524,0,0,3537,0,3537,G
2-PB1,1525,0,0,0,3510,3510,C
2-PB1,1526,0,3479,0,1,3480,T
2-PB1,1527,1,0,3496,0,3497,G
2-PB1,1528,0,1,0,3459,3460,C
2-PB1,1529,1,1,0,3460,3462,C
2-PB1,1530,1,1,0,3498,3500,C
2-PB1,1531,3385,0,2,0,3387,A
2-PB1,1532,0,0,3555,0,3555,G
2-PB1,1533,0,3546,0,0,3546,T
2-PB1,1534,0,3551,0,0,3551,T
2-PB1,1535,0,3542,0,0,3542,T
2-PB1,1536,0,3511,0,0,3511,T
2-PB1,1537,0,0,3503,0,3503,G
2-PB1,1538,0,0,3498,0,3498,G
2-PB1,1539,3488,0,1,0,3489,A
2-PB1,1540,0,0,3502,0,3502,G
2-PB1,1541,0,3186,0,0,3186,T
2-PB1,1542,1,0,3353,0,3354,G
2-PB1,1543,0,3324,0,1,3325,T
2-PB1,1544,0,0,0,3331,3331,C
2-PB1,1545,1,3338,0,3,3342,T
2-PB1,1546,0,0,3339,0,3339,G
2-PB1,1547,2,1,3371,0,3374,G
2-PB1,1548,3375,0,0,0,3375,A
2-PB1,1549,3377,0,2,0,3379,A
2-PB1,1550,0,3360,0,0,3360,T
2-PB1,1551,3038,0,1,0,3039,A
2-PB1,1552,3033,0,0,1,3034,A
2-PB1,1553,3026,0,0,0,3026,A
2-PB1,1554,0,1,0,3029,3030,C
2-PB1,1555,1,0,2990,0,2991,G
2-PB1,1556,2950,0,0,0,2950,A
2-PB1,1557,1,0,2938,0,2939,G
2-PB1,1558,0,2924,0,0,2924,T
2-PB1,1559,1,0,0,2955,2956,C
2-PB1,1560,2956,0,3,0,2959,A
2-PB1,1561,0,0,2978,0,2978,G
2-PB1,1562,1,0,0,2972,2973,C
2-PB1,1563,0,2968,0,2,2970,T
2-PB1,1564,0,0,3056,0,3056,G
2-PB1,1565,3022,0,1,0,3023,A
2-PB1,1566,0,3025,1,0,3026,T
2-PB1,1567,3032,0,0,0,3032,A
2-PB1,1568,0,2976,0,1,2977,T
2-PB1,1569,0,0,3009,0,3009,G
2-PB1,1570,2876,0,3,0,2879,A
2-PB1,1571,0,0,2917,0,2917,G
2-PB1,1572,0,2,3,2894,2899,C
2-PB1,1573,2735,0,1,0,2736,A
2-PB1,1574,0,2717,0,1,2718,T
2-PB1,1575,0,2721,0,0,2721,T
2-PB1,1576,0,0,2736,0,2736,G
2-PB1,1577,0,0,2848,0,2848,G
2-PB1,1578,2793,1,2,0,2796,A
2-PB1,1579,0,0,2799,0,2799,G
2-PB1,1580,1,2687,0,1,2689,T
2-PB1,1581,2690,0,1,0,2691,A
2-PB1,1582,2683,0,0,0,2683,A
2-PB1,1583,0,0,0,2705,2705,C
2-PB1,1584,2672,0,0,0,2672,A
2-PB1,1585,0,0,2706,0,2706,G
2-PB1,1586,0,2387,0,0,2387,T
2-PB1,1587,0,0,2418,0,2418,G
2-PB1,1588,2434,0,2,1,2437,A
2-PB1,1589,1,2434,1,0,2436,T
2-PB1,1590,2429,0,0,0,2429,A
2-PB1,1591,2427,0,2,0,2429,A
2-PB1,1592,2347,0,0,0,2347,A
2-PB1,1593,0,0,2366,0,2366,G
2-PB1,1594,2236,0,0,0,2236,A
2-PB1,1595,2226,0,0,0,2226,A
2-PB1,1596,0,0,0,2231,2231,C
2-PB1,1597,2131,0,0,0,2131,A
2-PB1,1598,2146,0,0,0,2146,A
2-PB1,1599,0,0,0,2162,2162,C
2-PB1,1600,2179,2,0,0,2181,A
2-PB1,1601,0,2171,0,1,2172,T
2-PB1,1602,1,0,2109,0,2110,G
2-PB1,1603,2112,0,0,0,2112,A
2-PB1,1604,1,2104,0,0,2105,T
2-PB1,1605,2082,0,1,0,2083,A
2-PB1,1606,2093,1,0,0,2094,A
2-PB1,1607,2046,0,1,1,2048,A
2-PB1,1608,0,0,0,2065,2065,C
2-PB1,1609,1938,0,0,0,1938,A
2-PB1,1610,1929,0,0,0,1929,A
2-PB1,1611,0,1876,0,1,1877,T
2-PB1,1612,1,0,1870,0,1871,G
2-PB1,1613,1918,1,0,0,1919,A
2-PB1,1614,0,0,0,1934,1934,C
2-PB1,1615,0,0,0,1891,1891,C
2-PB1,1616,0,1835,0,0,1835,T
2-PB1,1617,0,1762,0,1,1763,T
2-PB1,1618,0,0,1774,0,1774,G
2-PB1,1619,1,0,1781,0,1782,G
2-PB1,1620,1806,0,1,0,1807,A
2-PB1,1621,2,0,0,1812,1814,C
2-PB1,1622,1,0,0,1782,1783,C
2-PB1,1623,1762,0,2,1,1765,A
2-PB1,1624,0,0,1804,0,1804,G
2-PB1,1625,0,1,0,1802,1803,C
2-PB1,1626,1807,0,7,0,1814,A
2-PB1,1627,1816,0,0,0,1816,A
2-PB1,1628,1,0,0,1803,1804,C
2-PB1,1629,1782,0,0,0,1782,A
2-PB1,1630,0,0,1821,0,1821,G
2-PB1,1631,0,0,0,1812,1812,C
2-PB1,1632,1,0,0,1835,1836,C
2-PB1,1633,1,0,0,1824,1825,C
2-PB1,1634,1824,0,0,0,1824,A
2-PB1,1635,1829,0,0,0,1829,A
2-PB1,1636,1822,0,0,0,1822,A
2-PB1,1637,0,1820,0,0,1820,T
2-PB1,1638,2,0,1818,0,1820,G
2-PB1,1639,0,0,1781,0,1781,G
2-PB1,1640,0,0,0,1781,1781,C
2-PB1,1641,0,1783,1,2,1786,T
2-PB1,1642,0,0,0,1824,1824,C
2-PB1,1643,1,1818,1,2,1822,T
2-PB1,1644,0,0,0,1832,1832,C
2-PB1,1645,0,0,0,1841,1841,C
2-PB1,1646,1854,0,0,0,1854,A
2-PB1,1647,1853,0,0,0,1853,A
2-PB1,1648,0,1834,0,0,1834,T
2-PB1,1649,0,1830,0,0,1830,T
2-PB1,1650,0,0,1836,0,1836,G
2-PB1,1651,0,1805,1,0,1806,T
2-PB1,1652,0,1808,0,0,1808,T
2-PB1,1653,0,5,0,1808,1813,C
2-PB1,1654,1804,0,0,0,1804,A
2-PB1,1655,0,1805,0,1,1806,T
2-PB1,1656,0,0,0,1805,1805,C
2-PB1,1657,1812,0,0,0,1812,A
2-PB1,1658,1807,0,1,0,1808,A
2-PB1,1659,1812,0,0,0,1812,A
2-PB1,1660,0,0,1894,0,1894,G
2-PB1,1661,1898,0,0,0,1898,A
2-PB1,1662,0,1908,0,1,1909,T
2-PB1,1663,0,1906,0,1,1907,T
2-PB1,1664,1910,0,1,0,1911,A
2-PB1,1665,189,0,0,1744,1933,C
2-PB1,1666,1934,0,0,0,1934,A
2-PB1,1667,0,0,1944,0,1944,G
2-PB1,1668,1940,1,0,0,1941,A
2-PB1,1669,2,1984,0,0,1986,T
2-PB1,1670,1972,0,0,0,1972,A
2-PB1,1671,0,0,0,2058,2058,C
2-PB1,1672,2096,0,0,0,2096,A
2-PB1,1673,0,3,0,2158,2161,C
2-PB1,1674,2137,0,0,0,2137,A
2-PB1,1675,0,2141,0,1,2142,T
2-PB1,1676,2116,1,1,0,2118,A
2-PB1,1677,0,1,0,1947,1948,C
2-PB1,1678,1980,0,0,0,1980,A
2-PB1,1679,0,0,1997,0,1997,G
2-PB1,1680,0,0,2023,0,2023,G
2-PB1,1681,0,1961,0,0,1961,T
2-PB1,1682,0,0,1996,0,1996,G
2-PB1,1683,0,1,0,2041,2042,C
2-PB1,1684,0,0,0,2064,2064,C
2-PB1,1685,2086,0,1,0,2087,A
2-PB1,1686,0,2090,0,0,2090,T
2-PB1,1687,2096,0,0,0,2096,A
2-PB1,1688,0,0,2107,0,2107,G
2-PB1,1689,2064,0,1,0,2065,A
2-PB1,1690,1,0,2083,0,2084,G
2-PB1,1691,2,0,2072,0,2074,G
2-PB1,1692,1996,1,4,0,2001,A
2-PB1,1693,0,0,2016,0,2016,G
2-PB1,1694,2000,0,1,0,2001,A
2-PB1,1695,1,0,0,2016,2017,C
2-PB1,1696,2014,0,0,0,2014,A
2-PB1,1697,0,0,0,2049,2049,C
2-PB1,1698,2039,0,1,0,2040,A
2-PB1,1699,1,1,0,2048,2050,C
2-PB1,1700,2017,0,1,0,2018,A
2-PB1,1701,2046,0,1,0,2047,A
2-PB1,1702,2041,0,1,0,2042,A
2-PB1,1703,0,2051,0,1,2052,T
2-PB1,1704,0,0,0,2059,2059,C
2-PB1,1705,0,0,0,2056,2056,C
2-PB1,1706,2038,1,3,0,2042,A
2-PB1,1707,0,0,2050,0,2050,G
2-PB1,1708,2043,0,2,0,2045,A
2-PB1,1709,0,0,0,2060,2060,C
2-PB1,1710,1,0,2050,1,2052,G
2-PB1,1711,2038,0,1,0,2039,A
2-PB1,1712,0,0,2039,0,2039,G
2-PB1,1713,2035,0,1,0,2036,A
2-PB1,1714,2037,2,0,0,2039,A
2-PB1,1715,0,0,2058,0,2058,G
2-PB1,1716,2040,0,1,0,2041,A
2-PB1,1717,0,2045,0,0,2045,T
2-PB1,1718,0,0,0,2037,2037,C
2-PB1,1719,2036,0,0,0,2036,A
2-PB1,1720,0,2037,0,0,2037,T
2-PB1,1721,0,2029,0,0,2029,T
2-PB1,1722,0,0,0,2037,2037,C
2-PB1,1723,0,0,2041,0,2041,G
2-PB1,1724,2061,0,1,0,2062,A
2-PB1,1725,1,0,2061,0,2062,G
2-PB1,1726,1,0,0,2073,2074,C
2-PB1,1727,0,2078,0,0,2078,T
2-PB1,1728,2101,0,0,0,2101,A
2-PB1,1729,2101,0,0,0,2101,A
2-PB1,1730,2099,1,1,0,2101,A
2-PB1,1731,6,0,2092,0,2098,G
2-PB1,1732,2099,0,0,0,2099,A
2-PB1,1733,2060,0,0,0,2060,A
2-PB1,1734,0,0,2076,1,2077,G
2-PB1,1735,0,5,0,2072,2077,C
2-PB1,1736,0,2066,0,0,2066,T
2-PB1,1737,1,0,2082,0,2083,G
2-PB1,1738,0,2061,0,0,2061,T
2-PB1,1739,0,0,2064,0,2064,G
2-PB1,1740,1,0,2067,0,2068,G
2-PB1,1741,1,0,2092,1,2094,G
2-PB1,1742,2099,0,0,0,2099,A
2-PB1,1743,0,2081,0,0,2081,T
2-PB1,1744,1,0,0,2078,2079,C
2-PB1,1745,2078,0,0,0,2078,A
2-PB1,1746,2094,0,0,0,2094,A
2-PB1,1747,2091,0,0,0,2091,A
2-PB1,1748,0,0,0,2096,2096,C
2-PB1,1749,0,0,0,2089,2089,C
2-PB1,1750,0,1,0,2084,2085,C
2-PB1,1751,2084,0,1,0,2085,A
2-PB1,1752,2134,0,1,0,2135,A
2-PB1,1753,0,2126,0,0,2126,T
2-PB1,1754,0,0,0,2140,2140,C
2-PB1,1755,2117,0,0,0,2117,A
2-PB1,1756,2093,0,0,1,2094,A
2-PB1,1757,0,0,2124,0,2124,G
2-PB1,1758,0,0,2117,0,2117,G
2-PB1,1759,0,1,2116,0,2117,G
2-PB1,1760,0,0,0,2133,2133,C
2-PB1,1761,2102,0,1,0,2103,A
2-PB1,1762,0,0,2157,0,2157,G
2-PB1,1763,0,0,2175,1,2176,G
2-PB1,1764,2187,0,2,0,2189,A
2-PB1,1765,0,0,0,2214,2214,C
2-PB1,1766,0,2205,0,0,2205,T
2-PB1,1767,2267,1,2,0,2270,A
2-PB1,1768,0,2252,0,1,2253,T
2-PB1,1769,0,2259,0,2,2261,T
2-PB1,1770,1,0,2275,0,2276,G
2-PB1,1771,0,0,2288,1,2289,G
2-PB1,1772,0,2256,0,0,2256,T
2-PB1,1773,2286,0,1,0,2287,A
2-PB1,1774,0,2244,0,1,2245,T
2-PB1,1775,0,1,0,2266,2267,C
2-PB1,1776,2222,0,0,0,2222,A
2-PB1,1777,0,2,2293,0,2295,G
2-PB1,1778,2284,0,1,0,2285,A
2-PB1,1779,0,2270,0,0,2270,T
2-PB1,1780,0,0,2194,0,2194,G
2-PB1,1781,0,0,2174,0,2174,G
2-PB1,1782,0,0,2169,1,2170,G
2-PB1,1783,0,0,2156,0,2156,G
2-PB1,1784,0,0,2151,0,2151,G
2-PB1,1785,2,0,2113,0,2115,G
2-PB1,1786,0,1,0,2155,2156,C
2-PB1,1787,0,0,0,2165,2165,C
2-PB1,1788,2177,0,0,0,2177,A
2-PB1,1789,2363,0,0,0,2363,A
2-PB1,1790,2357,1,1,0,2359,A
2-PB1,1791,1,0,0,2448,2449,C
2-PB1,1792,0,2429,0,0,2429,T
2-PB1,1793,0,2424,0,1,2425,T
2-PB1,1794,2443,0,0,0,2443,A
2-PB1,1795,0,2447,0,0,2447,T
2-PB1,1796,2440,0,0,0,2440,A
2-PB1,1797,0,0,0,2454,2454,C
2-PB1,1798,2281,0,0,0,2281,A
2-PB1,1799,2288,0,0,0,2288,A
2-PB1,1800,0,2224,0,1,2225,T
2-PB1,1801,2267,0,0,0,2267,A
2-PB1,1802,0,2275,1,0,2276,T
2-PB1,1803,0,0,1,2271,2272,C
2-PB1,1804,0,0,0,2271,2271,C
2-PB1,1805,1,0,2276,0,2277,G
2-PB1,1806,0,0,2282,0,2282,G
2-PB1,1807,2277,0,0,0,2277,A
2-PB1,1808,2280,0,0,0,2280,A
2-PB1,1809,0,2269,0,1,2270,T
2-PB1,1810,0,0,0,2320,2320,C
2-PB1,1811,0,2304,0,0,2304,T
2-PB1,1812,0,2322,0,0,2322,T
2-PB1,1813,1,0,0,2315,2316,C
2-PB1,1814,2313,1,1,0,2315,A
2-PB1,1815,0,0,1,2331,2332,C
2-PB1,1816,2326,0,0,0,2326,A
2-PB1,1817,0,2524,0,2,2526,T
2-PB1,1818,0,0,0,2529,2529,C
2-PB1,1819,1,0,0,2558,2559,C
2-PB1,1820,0,0,0,2580,2580,C
2-PB1,1821,0,2577,0,3,2580,T
2-PB1,1822,2,3,2572,0,2577,G
2-PB1,1823,2570,0,2,0,2572,A
2-PB1,1824,2573,0,0,0,2573,A
2-PB1,1825,0,0,2573,0,2573,G
2-PB1,1826,0,2432,0,0,2432,T
2-PB1,1827,0,0,0,2451,2451,C
2-PB1,1828,0,2413,0,0,2413,T
2-PB1,1829,0,0,2478,0,2478,G
2-PB1,1830,0,1,0,2490,2491,C
2-PB1,1831,1,2485,0,3,2489,T
2-PB1,1832,0,2500,0,0,2500,T
2-PB1,1833,2489,0,0,0,2489,A
2-PB1,1834,2504,0,0,0,2504,A
2-PB1,1835,2504,0,2,0,2506,A
2-PB1,1836,1,0,2532,0,2533,G
2-PB1,1837,0,2499,0,0,2499,T
2-PB1,1838,0,0,2482,0,2482,G
2-PB1,1839,0,0,2461,0,2461,G
2-PB1,1840,0,0,2481,0,2481,G
2-PB1,1841,2463,0,0,0,2463,A
2-PB1,1842,0,0,2491,0,2491,G
2-PB1,1843,0,0,0,2480,2480,C
2-PB1,1844,0,2479,0,0,2479,T
2-PB1,1845,0,0,2504,0,2504,G
2-PB1,1846,2478,1,1,0,2480,A
2-PB1,1847,0,2487,0,0,2487,T
2-PB1,1848,0,0,2508,0,2508,G
2-PB1,1849,0,1,2509,0,2510,G
2-PB1,1850,2505,0,0,0,2505,A
2-PB1,1851,0,2493,0,2,2495,T
2-PB1,1852,2,0,2503,0,2505,G
2-PB1,1853,2476,0,4,0,2480,A
2-PB1,1854,0,0,2531,0,2531,G
2-PB1,1855,2528,0,1,0,2529,A
2-PB1,1856,2540,0,0,0,2540,A
2-PB1,1857,0,2531,0,0,2531,T
2-PB1,1858,0,2532,0,0,2532,T
2-PB1,1859,2535,0,0,0,2535,A
2-PB1,1860,0,2530,0,0,2530,T
2-PB1,1861,0,0,0,2535,2535,C
2-PB1,1862,1,0,2546,0,2547,G
2-PB1,1863,0,0,2526,0,2526,G
2-PB1,1864,0,0,2522,0,2522,G
2-PB1,1865,0,0,2511,0,2511,G
2-PB1,1866,2503,0,0,0,2503,A
2-PB1,1867,2517,0,0,0,2517,A
2-PB1,1868,0,0,2525,0,2525,G
2-PB1,1869,2522,0,0,0,2522,A
2-PB1,1870,0,0,0,2554,2554,C
2-PB1,1871,0,2531,0,1,2532,T
2-PB1,1872,0,2592,0,0,2592,T
2-PB1,1873,0,2600,0,1,2601,T
2-PB1,1874,0,0,2619,0,2619,G
2-PB1,1875,0,2623,0,0,2623,T
2-PB1,1876,2617,0,0,0,2617,A
2-PB1,1877,2613,0,0,0,2613,A
2-PB1,1878,0,2569,0,0,2569,T
2-PB1,1879,0,0,0,2593,2593,C
2-PB1,1880,0,0,0,2583,2583,C
2-PB1,1881,0,1,0,2558,2559,C
2-PB1,1882,0,1,0,2582,2583,C
2-PB1,1883,2,2566,0,0,2568,T
2-PB1,1884,1,0,2581,0,2582,G
2-PB1,1885,2572,0,0,0,2572,A
2-PB1,1886,2584,0,0,0,2584,A
2-PB1,1887,0,2567,0,1,2568,T
2-PB1,1888,0,0,0,2572,2572,C
2-PB1,1889,0,1,0,2560,2561,C
2-PB1,1890,0,0,0,2558,2558,C
2-PB1,1891,0,2556,0,2,2558,T
2-PB1,1892,0,2557,0,0,2557,T
2-PB1,1893,0,2552,0,0,2552,T
2-PB1,1894,0,0,2550,0,2550,G
2-PB1,1895,1,2535,0,0,2536,T
2-PB1,1896,0,0,0,2538,2538,C
2-PB1,1897,2513,1,3,0,2517,A
2-PB1,1898,0,0,2535,0,2535,G
2-PB1,1899,0,1,0,2509,2510,C
2-PB1,1900,0,0,0,2528,2528,C
2-PB1,1901,2532,0,0,0,2532,A
2-PB1,1902,0,2541,0,1,2542,T
2-PB1,1903,2539,0,0,0,2539,A
2-PB1,1904,2538,0,0,0,2538,A
2-PB1,1905,2538,0,0,0,2538,A
2-PB1,1906,0,0,2570,0,2570,G
2-PB1,1907,2530,0,0,0,2530,A
2-PB1,1908,2539,0,1,0,2540,A
2-PB1,1909,2536,0,2,0,2538,A
2-PB1,1910,0,2521,0,1,2522,T
2-PB1,1911,0,2510,1,0,2511,T
2-PB1,1912,1,0,2524,0,2525,G
2-PB1,1913,2508,0,3,0,2511,A
2-PB1,1914,0,0,2572,0,2572,G
2-PB1,1915,0,2579,0,1,2580,T
2-PB1,1916,0,1,0,2609,2610,C
2-PB1,1917,0,2604,0,2,2606,T
2-PB1,1918,1,2,2645,0,2648,G
2-PB1,1919,0,2649,0,0,2649,T
2-PB1,1920,2684,0,1,0,2685,A
2-PB1,1921,2679,0,1,0,2680,A
2-PB1,1922,2671,0,0,1,2672,A
2-PB1,1923,0,1,0,2692,2693,C
2-PB1,1924,2609,1,0,0,2610,A
2-PB1,1925,2667,1,0,0,2668,A
2-PB1,1926,0,2668,0,1,2669,T
2-PB1,1927,0,1,2636,0,2637,G
2-PB1,1928,0,0,0,2618,2618,C
2-PB1,1929,2582,3,1,0,2586,A
2-PB1,1930,0,0,2745,0,2745,G
2-PB1,1931,1,2742,0,1,2744,T
2-PB1,1932,2786,0,0,0,2786,A
2-PB1,1933,0,0,2789,0,2789,G
2-PB1,1934,0,2719,0,2,2721,T
2-PB1,1935,2727,0,2,0,2729,A
2-PB1,1936,2715,0,0,0,2715,A
2-PB1,1937,0,2701,0,1,2702,T
2-PB1,1938,0,0,2694,0,2694,G
2-PB1,1939,0,1,0,2661,2662,C
2-PB1,1940,1,0,0,2567,2568,C
2-PB1,1941,1,0,2547,0,2548,G
2-PB1,1942,1,0,2560,0,2561,G
2-PB1,1943,0,0,0,2634,2634,C
2-PB1,1944,0,0,0,2615,2615,C
2-PB1,1945,0,1,0,2634,2635,C
2-PB1,1946,2630,0,1,0,2631,A
2-PB1,1947,0,2631,0,2,2633,T
2-PB1,1948,0,0,2633,0,2633,G
2-PB1,1949,1,0,2629,0,2630,G
2-PB1,1950,0,2601,0,0,2601,T
2-PB1,1951,0,0,0,2607,2607,C
2-PB1,1952,0,1,0,2555,2556,C
2-PB1,1953,0,0,2578,0,2578,G
2-PB1,1954,0,1,2584,0,2585,G
2-PB1,1955,0,0,0,2573,2573,C
2-PB1,1956,0,0,0,2587,2587,C
2-PB1,1957,2593,0,1,0,2594,A
2-PB1,1958,2594,0,1,0,2595,A
2-PB1,1959,2603,0,0,0,2603,A
2-PB1,1960,2606,0,1,0,2607,A
2-PB1,1961,1,0,2630,0,2631,G
2-PB1,1962,0,2566,0,1,2567,T
2-PB1,1963,2603,0,0,0,2603,A
2-PB1,1964,0,2597,0,2,2599,T
2-PB1,1965,0,1,2598,0,2599,G
2-PB1,1966,0,0,2633,0,2633,G
2-PB1,1967,2620,1,1,0,2622,A
2-PB1,1968,2653,0,0,0,2653,A
2-PB1,1969,0,2645,0,0,2645,T
2-PB1,1970,2602,1,0,0,2603,A
2-PB1,1971,1,2595,0,1,2597,T
2-PB1,1972,0,1,2593,0,2594,G
2-PB1,1973,2594,0,1,0,2595,A
2-PB1,1974,0,2582,1,2,2585,T
2-PB1,1975,0,0,2496,0,2496,G
2-PB1,1976,0,1,0,2505,2506,C
2-PB1,1977,0,0,0,2491,2491,C
2-PB1,1978,0,1,2494,0,2495,G
2-PB1,1979,0,2482,0,0,2482,T
2-PB1,1980,0,2487,0,3,2490,T
2-PB1,1981,0,1,2490,0,2491,G
2-PB1,1982,0,0,0,2533,2533,C
2-PB1,1983,2533,0,2,0,2535,A
2-PB1,1984,2570,0,0,0,2570,A
2-PB1,1985,0,1,0,2588,2589,C
2-PB1,1986,0,2555,0,0,2555,T
2-PB1,1987,2560,0,0,0,2560,A
2-PB1,1988,0,0,0,2551,2551,C
2-PB1,1989,2550,0,2,0,2552,A
2-PB1,1990,0,0,0,2558,2558,C
2-PB1,1991,2439,0,0,0,2439,A
2-PB1,1992,0,0,0,2663,2663,C
2-PB1,1993,0,2571,0,0,2571,T
2-PB1,1994,1,2,0,2597,2600,C
2-PB1,1995,1,0,0,2602,2603,C
2-PB1,1996,0,2585,1,4,2590,T
2-PB1,1997,0,0,2595,0,2595,G
2-PB1,1998,0,0,2599,0,2599,G
2-PB1,1999,2577,1,0,0,2578,A
2-PB1,2000,0,2586,0,1,2587,T
2-PB1,2001,0,2312,0,0,2312,T
2-PB1,2002,0,2,0,2349,2351,C
2-PB1,2003,1,0,0,2346,2347,C
2-PB1,2004,0,0,0,2358,2358,C
2-PB1,2005,2363,0,0,0,2363,A
2-PB1,2006,2369,1,1,0,2371,A
2-PB1,2007,0,0,2370,0,2370,G
2-PB1,2008,2361,0,1,0,2362,A
2-PB1,2009,0,0,2353,0,2353,G
2-PB1,2010,0,0,2350,0,2350,G
2-PB1,2011,2314,0,4,0,2318,A
2-PB1,2012,2305,0,5,0,2310,A
2-PB1,2013,0,0,0,2316,2316,C
2-PB1,2014,0,1,0,2303,2304,C
2-PB1,2015,0,1,2327,0,2328,G
2-PB1,2016,0,0,0,2331,2331,C
2-PB1,2017,0,2327,0,0,2327,T
2-PB1,2018,0,0,0,2334,2334,C
2-PB1,2019,0,2322,0,0,2322,T
2-PB1,2020,2477,0,0,0,2477,A
2-PB1,2021,0,2477,0,0,2477,T
2-PB1,2022,0,2477,0,0,2477,T
2-PB1,2023,0,0,0,2481,2481,C
2-PB1,2024,0,2416,0,1,2417,T
2-PB1,2025,2425,0,0,0,2425,A
2-PB1,2026,2420,0,0,0,2420,A
2-PB1,2027,2422,0,0,0,2422,A
2-PB1,2028,0,0,0,2418,2418,C
2-PB1,2029,2224,0,0,0,2224,A
2-PB1,2030,0,0,0,2231,2231,C
2-PB1,2031,2191,0,1,0,2192,A
2-PB1,2032,2217,0,1,0,2218,A
2-PB1,2033,0,0,2217,0,2217,G
2-PB1,2034,0,0,0,2206,2206,C
2-PB1,2035,0,1,0,2220,2221,C
2-PB1,2036,2191,0,0,0,2191,A
2-PB1,2037,2182,0,0,0,2182,A
2-PB1,2038,2182,0,3,0,2185,A
2-PB1,2039,0,0,2199,0,2199,G
2-PB1,2040,0,0,2198,0,2198,G
2-PB1,2041,1,0,2162,0,2163,G
2-PB1,2042,1,0,2163,0,2164,G
2-PB1,2043,2154,0,2,0,2156,A
2-PB1,2044,2166,0,0,0,2166,A
2-PB1,2045,0,2178,0,0,2178,T
2-PB1,2046,0,2182,0,0,2182,T
2-PB1,2047,1,0,0,2184,2185,C
2-PB1,2048,0,2170,0,0,2170,T
2-PB1,2049,0,2167,0,0,2167,T
2-PB1,2050,0,0,2166,0,2166,G
2-PB1,2051,2175,0,1,0,2176,A
2-PB1,2052,0,0,2186,1,2187,G
2-PB1,2053,1,0,2176,0,2177,G
2-PB1,2054,2179,0,1,0,2180,A
2-PB1,2055,0,2170,0,0,2170,T
2-PB1,2056,0,0,2179,0,2179,G
2-PB1,2057,2184,0,1,0,2185,A
2-PB1,2058,2182,0,0,0,2182,A
2-PB1,2059,0,0,0,2201,2201,C
2-PB1,2060,2169,0,0,0,2169,A
2-PB1,2061,0,0,2203,0,2203,G
2-PB1,2062,2195,0,0,0,2195,A
2-PB1,2063,0,2160,0,34,2194,T
2-PB1,2064,0,0,2200,0,2200,G
2-PB1,2065,0,2258,0,0,2258,T
2-PB1,2066,2253,0,1,0,2254,A
2-PB1,2067,1,0,0,2256,2257,C
2-PB1,2068,0,0,0,2236,2236,C
2-PB1,2069,2194,1,1,0,2196,A
2-PB1,2070,0,0,2165,0,2165,G
2-PB1,2071,2142,0,1,0,2143,A
2-PB1,2072,2144,0,0,0,2144,A
2-PB1,2073,0,0,2160,0,2160,G
2-PB1,2074,0,2020,0,1,2021,T
2-PB1,2075,0,0,2033,0,2033,G
2-PB1,2076,0,3,0,2031,2034,C
2-PB1,2077,0,2028,0,1,2029,T
2-PB1,2078,0,1,2032,0,2033,G
2-PB1,2079,0,0,0,2028,2028,C
2-PB1,2080,2025,0,0,0,2025,A
2-PB1,2081,2026,0,0,1,2027,A
2-PB1,2082,0,1,0,2002,2003,C
2-PB1,2083,0,1998,0,2,2000,T
2-PB1,2084,0,1988,0,0,1988,T
2-PB1,2085,0,0,1990,0,1990,G
2-PB1,2086,0,1982,0,1,1983,T
2-PB1,2087,0,1983,0,0,1983,T
2-PB1,2088,0,0,0,1989,1989,C
2-PB1,2089,0,0,1987,1,1988,G
2-PB1,2090,1983,0,1,0,1984,A
2-PB1,2091,0,1,1984,0,1985,G
2-PB1,2092,1983,1,0,1,1985,A
2-PB1,2093,1989,0,0,0,1989,A
2-PB1,2094,1977,0,0,0,1977,A
2-PB1,2095,0,1974,0,0,1974,T
2-PB1,2096,1,1976,1,1,1979,T
2-PB1,2097,0,1984,0,0,1984,T
2-PB1,2098,0,1982,0,0,1982,T
2-PB1,2099,0,1972,0,0,1972,T
2-PB1,2100,0,0,0,1989,1989,C
2-PB1,2101,1,0,0,1979,1980,C
2-PB1,2102,2,0,0,1985,1987,C
2-PB1,2103,0,1987,0,2,1989,T
2-PB1,2104,1988,0,0,0,1988,A
2-PB1,2105,0,0,2001,0,2001,G
2-PB1,2106,0,1989,0,0,1989,T
2-PB1,2107,2009,0,0,0,2009,A
2-PB1,2108,0,0,2018,0,2018,G
2-PB1,2109,0,2003,0,0,2003,T
2-PB1,2110,0,2063,0,1,2064,T
2-PB1,2111,0,0,0,2074,2074,C
2-PB1,2112,2119,0,0,0,2119,A
2-PB1,2113,0,2121,0,0,2121,T
2-PB1,2114,2124,0,0,0,2124,A
2-PB1,2115,0,2117,0,1,2118,T
2-PB1,2116,2066,0,0,0,2066,A
2-PB1,2117,0,0,2055,0,2055,G
2-PB1,2118,0,0,2043,0,2043,G
2-PB1,2119,1852,0,0,0,1852,A
2-PB1,2120,0,0,1851,0,1851,G
2-PB1,2121,1742,0,1,0,1743,A
2-PB1,2122,0,0,0,1746,1746,C
2-PB1,2123,0,0,0,1661,1661,C
2-PB1,2124,1,0,1661,0,1662,G
2-PB1,2125,1658,0,0,0,1658,A
2-PB1,2126,0,1651,0,0,1651,T
2-PB1,2127,0,1650,0,4,1654,T
2-PB1,2128,0,0,1654,0,1654,G
2-PB1,2129,0,0,1644,0,1644,G
2-PB1,2130,1647,0,1,0,1648,A
2-PB1,2131,1644,0,2,0,1646,A
2-PB1,2132,0,1643,0,0,1643,T
2-PB1,2133,0,1652,0,0,1652,T
2-PB1,2134,0,1645,0,0,1645,T
2-PB1,2135,0,0,0,1649,1649,C
2-PB1,2136,0,1652,0,1,1653,T
2-PB1,2137,1648,0,2,0,1650,A
2-PB1,2138,0,0,1646,1,1647,G
2-PB1,2139,1,0,0,1641,1642,C
2-PB1,2140,1640,0,0,0,1640,A
2-PB1,2141,0,1633,0,0,1633,T
2-PB1,2142,0,0,1609,0,1609,G
2-PB1,2143,0,1,1650,0,1651,G
2-PB1,2144,0,1640,0,1,1641,T
2-PB1,2145,0,0,1641,0,1641,G
2-PB1,2146,0,0,1644,0,1644,G
2-PB1,2147,1617,0,4,0,1621,A
2-PB1,2148,0,0,1625,0,1625,G
2-PB1,2149,0,1,1621,0,1622,G
2-PB1,2150,0,0,0,1570,1570,C
2-PB1,2151,0,0,0,1590,1590,C
2-PB1,2152,1489,0,1,0,1490,A
2-PB1,2153,1,1488,0,0,1489,T
2-PB1,2154,0,0,1498,0,1498,G
2-PB1,2155,0,0,1502,0,1502,G
2-PB1,2156,0,1489,0,1,1490,T
2-PB1,2157,0,0,1511,0,1511,G
2-PB1,2158,0,1474,0,0,1474,T
2-PB1,2159,0,0,0,1472,1472,C
2-PB1,2160,0,1471,0,0,1471,T
2-PB1,2161,1457,0,0,0,1457,A
2-PB1,2162,0,0,1461,0,1461,G
2-PB1,2163,0,0,1421,0,1421,G
2-PB1,2164,0,0,1400,0,1400,G
2-PB1,2165,0,0,0,1360,1360,C
2-PB1,2166,0,0,0,1276,1276,C
2-PB1,2167,0,0,0,1270,1270,C
2-PB1,2168,0,0,1268,0,1268,G
2-PB1,2169,0,0,1274,0,1274,G
2-PB1,2170,1275,0,0,0,1275,A
2-PB1,2171,0,1266,0,0,1266,T
2-PB1,2172,0,1200,0,0,1200,T
2-PB1,2173,0,0,1195,0,1195,G
2-PB1,2174,1193,0,0,0,1193,A
2-PB1,2175,0,1198,0,0,1198,T
2-PB1,2176,0,0,1198,0,1198,G
2-PB1,2177,1,0,0,1176,1177,C
2-PB1,2178,1,1,0,1178,1180,C
2-PB1,2179,1174,0,0,0,1174,A
2-PB1,2180,0,0,1180,0,1180,G
2-PB1,2181,1178,0,0,0,1178,A
2-PB1,2182,1174,0,0,0,1174,A
2-PB1,2183,0,1171,1,0,1172,T
2-PB1,2184,0,1147,1,0,1148,T
2-PB1,2185,0,0,1155,0,1155,G
2-PB1,2186,1144,0,0,0,1144,A
2-PB1,2187,1,0,0,1138,1139,C
2-PB1,2188,0,1128,1,0,1129,T
2-PB1,2189,0,1120,0,0,1120,T
2-PB1,2190,1,0,0,1121,1122,C
2-PB1,2191,0,0,1124,0,1124,G
2-PB1,2192,1121,0,2,0,1123,A
2-PB1,2193,0,0,1103,0,1103,G
2-PB1,2194,0,1108,2,0,1110,T
2-PB1,2195,2,0,0,1115,1117,C
2-PB1,2196,0,1116,2,1,1119,T
2-PB1,2197,0,0,1119,0,1119,G
2-PB1,2198,0,0,1121,0,1121,G
2-PB1,2199,1117,0,0,0,1117,A
2-PB1,2200,1024,0,1,0,1025,A
2-PB1,2201,0,0,1031,0,1031,G
2-PB1,2202,0,0,1038,0,1038,G
2-PB1,2203,1039,0,1,0,1040,A
2-PB1,2204,0,1020,3,0,1023,T
2-PB1,2205,0,1028,2,0,1030,T
2-PB1,2206,1028,0,0,0,1028,A
2-PB1,2207,1025,0,0,0,1025,A
2-PB1,2208,0,0,1028,0,1028,G
2-PB1,2209,1026,0,1,0,1027,A
2-PB1,2210,968,0,0,0,968,A
2-PB1,2211,0,0,899,0,899,G
2-PB1,2212,0,0,898,0,898,G
2-PB1,2213,902,0,0,0,902,A
2-PB1,2214,898,0,0,0,898,A
2-PB1,2215,0,0,900,1,901,G
2-PB1,2216,841,0,0,0,841,A
2-PB1,2217,0,0,840,0,840,G
2-PB1,2218,1,794,0,0,795,T
2-PB1,2219,0,784,1,0,785,T
2-PB1,2220,0,0,0,794,794,C
2-PB1,2221,0,771,0,0,771,T
2-PB1,2222,1,0,0,773,774,C
2-PB1,2223,1,766,1,0,768,T
2-PB1,2224,0,0,765,1,766,G
2-PB1,2225,750,0,0,0,750,A
2-PB1,2226,1,0,734,0,735,G
2-PB1,2227,720,0,1,0,721,A
2-PB1,2228,0,701,0,0,701,T
2-PB1,2229,0,0,0,662,662,C
2-PB1,2230,666,0,0,0,666,A
2-PB1,2231,0,662,0,0,662,T
2-PB1,2232,0,0,663,0,663,G
2-PB1,2233,657,0,1,0,658,A
2-PB1,2234,656,0,0,0,656,A
2-PB1,2235,0,0,646,0,646,G
2-PB1,2236,637,0,0,0,637,A
2-PB1,2237,0,630,0,0,630,T
2-PB1,2238,0,0,0,622,622,C
2-PB1,2239,0,596,0,0,596,T
2-PB1,2240,0,0,600,0,600,G
2-PB1,2241,0,599,0,0,599,T
2-PB1,2242,0,596,0,0,596,T
2-PB1,2243,0,0,0,590,590,C
2-PB1,2244,1,0,0,555,556,C
2-PB1,2245,557,0,1,0,558,A
2-PB1,2246,0,0,0,551,551,C
2-PB1,2247,0,0,0,529,529,C
2-PB1,2248,515,0,1,0,516,A
2-PB1,2249,0,482,0,0,482,T
2-PB1,2250,0,467,0,0,467,T
2-PB1,2251,0,0,471,0,471,G
2-PB1,2252,463,0,0,0,463,A
2-PB1,2253,463,0,0,0,463,A
2-PB1,2254,0,0,459,0,459,G
2-PB1,2255,396,0,0,0,396,A
2-PB1,2256,394,0,0,0,394,A
2-PB1,2257,0,0,0,387,387,C
2-PB1,2258,0,366,0,1,367,T
2-PB1,2259,0,0,0,367,367,C
2-PB1,2260,354,0,1,0,355,A
2-PB1,2261,0,0,355,0,355,G
2-PB1,2262,353,0,0,0,353,A
2-PB1,2263,0,0,0,339,339,C
2-PB1,2264,0,0,333,0,333,G
2-PB1,2265,0,0,332,0,332,G
2-PB1,2266,0,0,0,328,328,C
2-PB1,2267,330,0,0,0,330,A
2-PB1,2268,329,0,0,0,329,A
2-PB1,2269,323,0,0,0,323,A
2-PB1,2270,323,0,0,0,323,A
2-PB1,2271,322,0,0,0,322,A
2-PB1,2272,0,314,0,0,314,T
2-PB1,2273,308,0,0,0,308,A
2-PB1,2274,304,0,0,0,304,A
3-PA,1,63,0,0,0,63,A
3-PA,2,0,64,0,0,64,T
3-PA,3,0,0,69,0,69,G
3-PA,4,0,0,68,0,68,G
3-PA,5,68,0,0,0,68,A
3-PA,6,69,0,0,0,69,A
3-PA,7,0,0,69,0,69,G
3-PA,8,73,0,0,0,73,A
3-PA,9,0,71,0,0,71,T
3-PA,10,0,73,0,0,73,T
3-PA,11,0,80,0,0,80,T
3-PA,12,0,80,0,0,80,T
3-PA,13,0,0,80,0,80,G
3-PA,14,0,80,0,0,80,T
3-PA,15,0,0,80,0,80,G
3-PA,16,0,1,0,78,79,C
3-PA,17,0,0,79,1,80,G
3-PA,18,88,0,0,0,88,A
3-PA,19,0,0,0,88,88,C
3-PA,20,88,0,0,0,88,A
3-PA,21,88,0,0,0,88,A
3-PA,22,0,95,0,0,95,T
3-PA,23,0,0,104,0,104,G
3-PA,24,0,0,0,107,107,C
3-PA,25,0,107,0,0,107,T
3-PA,26,0,108,0,0,108,T
3-PA,27,0,1,0,108,109,C
3-PA,28,112,0,0,0,112,A
3-PA,29,114,0,0,0,114,A
3-PA,30,0,0,0,115,115,C
3-PA,31,1,0,0,117,118,C
3-PA,32,0,0,0,117,117,C
3-PA,33,0,0,118,0,118,G
3-PA,34,117,0,0,0,117,A
3-PA,35,0,120,0,0,120,T
3-PA,36,0,0,122,0,122,G
3-PA,37,119,0,0,0,119,A
3-PA,38,0,133,0,0,133,T
3-PA,39,0,135,0,0,135,T
3-PA,40,0,0,133,0,133,G
3-PA,41,0,134,0,0,134,T
3-PA,42,0,135,0,0,135,T
3-PA,43,0,0,138,0,138,G
3-PA,44,136,0,0,0,136,A
3-PA,45,139,0,0,0,139,A
3-PA,46,0,0,0,138,138,C
3-PA,47,0,140,0,0,140,T
3-PA,48,0,140,0,0,140,T
3-PA,49,1,0,139,0,140,G
3-PA,50,0,0,0,141,141,C
3-PA,51,141,0,0,0,141,A
3-PA,52,0,0,141,0,141,G
3-PA,53,140,0,0,0,140,A
3-PA,54,141,0,0,0,141,A
3-PA,55,139,0,0,0,139,A
3-PA,56,141,0,0,0,141,A
3-PA,57,142,0,0,0,142,A
3-PA,58,0,0,142,0,142,G
3-PA,59,0,0,0,147,147,C
3-PA,60,146,0,0,0,146,A
3-PA,61,160,1,0,0,161,A
3-PA,62,0,160,0,0,160,T
3-PA,63,0,0,160,0,160,G
3-PA,64,163,0,0,0,163,A
3-PA,65,161,0,0,0,161,A
3-PA,66,162,0,0,0,162,A
3-PA,67,0,0,177,0,177,G
3-PA,68,183,0,1,0,184,A
3-PA,69,0,0,213,0,213,G
3-PA,70,0,214,0,0,214,T
3-PA,71,215,0,0,0,215,A
3-PA,72,0,216,0,0,216,T
3-PA,73,0,0,216,0,216,G
3-PA,74,0,1,214,0,215,G
3-PA,75,0,0,216,0,216,G
3-PA,76,0,0,216,0,216,G
3-PA,77,209,0,0,0,209,A
3-PA,78,0,0,215,0,215,G
3-PA,79,0,0,215,0,215,G
3-PA,80,213,0,0,0,213,A
3-PA,81,0,216,0,0,216,T
3-PA,82,0,217,0,0,217,T
3-PA,83,0,216,0,0,216,T
3-PA,84,0,0,216,0,216,G
3-PA,85,214,0,0,0,214,A
3-PA,86,215,0,0,0,215,A
3-PA,87,216,0,0,0,216,A
3-PA,88,215,0,0,0,215,A
3-PA,89,0,214,0,0,214,T
3-PA,90,0,215,0,0,215,T
3-PA,91,0,0,215,0,215,G
3-PA,92,215,0,0,0,215,A
3-PA,93,213,0,1,0,214,A
3-PA,94,214,0,0,0,214,A
3-PA,95,0,0,0,214,214,C
3-PA,96,215,0,0,0,215,A
3-PA,97,214,0,0,0,214,A
3-PA,98,213,0,1,0,214,A
3-PA,99,0,0,0,218,218,C
3-PA,100,218,0,0,0,218,A
3-PA,101,219,0,0,0,219,A
3-PA,102,219,0,0,0,219,A
3-PA,103,0,219,0,0,219,T
3-PA,104,0,221,0,0,221,T
3-PA,105,0,218,0,0,218,T
3-PA,106,0,0,218,0,218,G
3-PA,107,0,0,0,220,220,C
3-PA,108,219,0,1,0,220,A
3-PA,109,0,0,227,0,227,G
3-PA,110,0,0,0,233,233,C
3-PA,111,237,0,0,0,237,A
3-PA,112,242,0,0,0,242,A
3-PA,113,0,243,0,0,243,T
3-PA,114,245,0,0,0,245,A
3-PA,115,0,244,0,0,244,T
3-PA,116,0,0,249,0,249,G
3-PA,117,0,0,0,249,249,C
3-PA,118,246,0,0,0,246,A
3-PA,119,0,0,0,249,249,C
3-PA,120,0,247,0,0,247,T
3-PA,121,0,0,0,284,284,C
3-PA,122,284,0,1,0,285,A
3-PA,123,0,0,0,290,290,C
3-PA,124,0,289,0,0,289,T
3-PA,125,0,291,0,0,291,T
3-PA,126,0,0,291,0,291,G
3-PA,127,0,0,294,0,294,G
3-PA,128,294,0,0,0,294,A
3-PA,129,0,0,298,0,298,G
3-PA,130,0,0,293,0,293,G
3-PA,131,0,283,0,0,283,T
3-PA,132,0,0,292,0,292,G
3-PA,133,0,293,0,0,293,T
3-PA,134,0,0,298,0,298,G
3-PA,135,0,297,0,0,297,T
3-PA,136,0,298,0,0,298,T
3-PA,137,0,297,0,0,297,T
3-PA,138,0,0,0,295,295,C
3-PA,139,299,0,0,0,299,A
3-PA,140,0,299,0,0,299,T
3-PA,141,0,0,304,0,304,G
3-PA,142,0,297,0,0,297,T
3-PA,143,306,0,0,0,306,A
3-PA,144,0,305,0,0,305,T
3-PA,145,0,305,0,0,305,T
3-PA,146,0,0,0,305,305,C
3-PA,147,305,0,0,0,305,A
3-PA,148,0,0,314,0,314,G
3-PA,149,312,0,0,0,312,A
3-PA,150,0,315,0,0,315,T
3-PA,151,0,314,0,0,314,T
3-PA,152,0,313,0,0,313,T
3-PA,153,0,0,0,310,310,C
3-PA,154,0,0,0,313,313,C
3-PA,155,314,0,0,0,314,A
3-PA,156,0,313,0,0,313,T
3-PA,157,0,311,0,1,312,T
3-PA,158,0,313,0,0,313,T
3-PA,159,0,0,0,317,317,C
3-PA,160,313,0,1,0,314,A
3-PA,161,0,324,0,0,324,T
3-PA,162,0,0,0,326,326,C
3-PA,163,326,0,0,0,326,A
3-PA,164,326,0,0,0,326,A
3-PA,165,0,327,0,0,327,T
3-PA,166,0,0,338,0,338,G
3-PA,167,335,0,1,0,336,A
3-PA,168,333,0,1,0,334,A
3-PA,169,0,0,0,337,337,C
3-PA,170,332,0,0,0,332,A
3-PA,171,331,0,0,0,331,A
3-PA,172,0,0,334,0,334,G
3-PA,173,0,0,336,0,336,G
3-PA,174,0,0,0,334,334,C
3-PA,175,0,0,332,0,332,G
3-PA,176,349,0,1,0,350,A
3-PA,177,348,0,0,0,348,A
3-PA,178,0,353,0,0,353,T
3-PA,179,0,0,0,356,356,C
3-PA,180,351,0,1,0,352,A
3-PA,181,355,0,0,0,355,A
3-PA,182,0,360,0,0,360,T
3-PA,183,358,0,0,0,358,A
3-PA,184,0,0,366,0,366,G
3-PA,185,0,364,0,0,364,T
3-PA,186,1,0,369,0,370,G
3-PA,187,0,0,367,0,367,G
3-PA,188,0,369,0,0,369,T
3-PA,189,368,0,0,0,368,A
3-PA,190,0,0,376,0,376,G
3-PA,191,368,0,0,0,368,A
3-PA,192,370,0,0,0,370,A
3-PA,193,0,0,0,370,370,C
3-PA,194,0,366,0,0,366,T
3-PA,195,0,368,0,0,368,T
3-PA,196,0,0,367,0,367,G
3-PA,197,358,0,0,0,358,A
3-PA,198,0,0,0,364,364,C
3-PA,199,0,1,357,0,358,G
3-PA,200,363,0,0,0,363,A
3-PA,201,0,369,0,0,369,T
3-PA,202,0,0,0,373,373,C
3-PA,203,0,0,0,378,378,C
3-PA,204,377,0,0,0,377,A
3-PA,205,376,0,0,0,376,A
3-PA,206,377,0,0,0,377,A
3-PA,207,0,375,0,0,375,T
3-PA,208,0,0,378,0,378,G
3-PA,209,0,0,0,374,374,C
3-PA,210,366,0,7,0,373,A
3-PA,211,0,1,0,381,382,C
3-PA,212,0,381,0,0,381,T
3-PA,213,0,0,435,0,435,G
3-PA,214,0,434,0,0,434,T
3-PA,215,1,433,0,0,434,T
3-PA,216,433,0,0,0,433,A
3-PA,217,434,0,0,0,434,A
3-PA,218,432,0,0,0,432,A
3-PA,219,1,0,435,0,436,G
3-PA,220,0,0,0,432,432,C
3-PA,221,423,0,1,0,424,A
3-PA,222,0,0,0,427,427,C
3-PA,223,398,0,0,0,398,A
3-PA,224,0,0,413,0,413,G
3-PA,225,409,0,0,0,409,A
3-PA,226,0,412,0,0,412,T
3-PA,227,0,411,0,0,411,T
3-PA,228,0,410,0,1,411,T
3-PA,229,0,0,411,0,411,G
3-PA,230,411,0,0,0,411,A
3-PA,231,415,0,0,0,415,A
3-PA,232,413,0,0,0,413,A
3-PA,233,0,402,0,0,402,T
3-PA,234,403,0,0,0,403,A
3-PA,235,406,0,0,0,406,A
3-PA,236,0,408,0,0,408,T
3-PA,237,0,0,0,410,410,C
3-PA,238,0,0,411,0,411,G
3-PA,239,405,0,0,0,405,A
3-PA,240,0,0,415,0,415,G
3-PA,241,0,0,416,0,416,G
3-PA,242,0,0,418,0,418,G
3-PA,243,0,0,419,0,419,G
3-PA,244,417,0,0,0,417,A
3-PA,245,0,0,419,0,419,G
3-PA,246,420,0,1,0,421,A
3-PA,247,0,0,423,0,423,G
3-PA,248,428,0,0,0,428,A
3-PA,249,0,0,0,426,426,C
3-PA,250,417,0,0,0,417,A
3-PA,251,0,0,424,0,424,G
3-PA,252,423,0,0,0,423,A
3-PA,253,430,0,0,0,430,A
3-PA,254,0,0,0,428,428,C
3-PA,255,418,0,0,0,418,A
3-PA,256,417,0,0,0,417,A
3-PA,257,0,413,0,0,413,T
3-PA,258,0,0,433,0,433,G
3-PA,259,0,0,434,0,434,G
3-PA,260,0,0,0,436,436,C
3-PA,261,0,0,0,440,440,C
3-PA,262,0,432,0,0,432,T
3-PA,263,0,0,449,0,449,G
3-PA,264,0,0,449,0,449,G
3-PA,265,448,0,1,1,450,A
3-PA,266,0,0,0,453,453,C
3-PA,267,427,0,0,0,427,A
3-PA,268,0,0,488,0,488,G
3-PA,269,0,492,0,0,492,T
3-PA,270,497,0,0,0,497,A
3-PA,271,0,0,500,0,500,G
3-PA,272,0,481,0,0,481,T
3-PA,273,487,0,0,0,487,A
3-PA,274,486,0,0,0,486,A
3-PA,275,480,0,0,0,480,A
3-PA,276,0,0,0,494,494,C
3-PA,277,451,0,0,0,451,A
3-PA,278,0,0,464,0,464,G
3-PA,279,0,458,0,1,459,T
3-PA,280,470,0,0,0,470,A
3-PA,281,0,463,0,1,464,T
3-PA,282,0,0,0,471,471,C
3-PA,283,0,470,0,0,470,T
3-PA,284,0,0,470,0,470,G
3-PA,285,0,0,0,477,477,C
3-PA,286,472,0,0,0,472,A
3-PA,287,470,0,0,1,471,A
3-PA,288,0,0,0,472,472,C
3-PA,289,467,1,0,0,468,A
3-PA,290,0,0,0,495,495,C
3-PA,291,0,485,0,0,485,T
3-PA,292,496,0,0,0,496,A
3-PA,293,0,0,0,492,492,C
3-PA,294,0,493,0,0,493,T
3-PA,295,0,0,491,0,491,G
3-PA,296,0,0,488,0,488,G
3-PA,297,489,0,0,0,489,A
3-PA,298,0,0,492,0,492,G
3-PA,299,0,1,0,470,471,C
3-PA,300,0,476,0,0,476,T
3-PA,301,0,0,475,0,475,G
3-PA,302,0,0,480,0,480,G
3-PA,303,472,0,0,0,472,A
3-PA,304,472,0,0,0,472,A
3-PA,305,473,0,0,0,473,A
3-PA,306,476,0,0,0,476,A
3-PA,307,0,0,0,476,476,C
3-PA,308,0,0,0,475,475,C
3-PA,309,0,0,473,0,473,G
3-PA,310,472,0,0,0,472,A
3-PA,311,472,0,0,1,473,A
3-PA,312,0,0,472,0,472,G
3-PA,313,0,472,0,0,472,T
3-PA,314,0,479,0,0,479,T
3-PA,315,0,477,0,0,477,T
3-PA,316,0,0,0,480,480,C
3-PA,317,0,487,0,0,487,T
3-PA,318,485,0,0,0,485,A
3-PA,319,0,0,0,485,485,C
3-PA,320,0,0,0,483,483,C
3-PA,321,478,0,0,0,478,A
3-PA,322,0,0,487,0,487,G
3-PA,323,489,0,0,0,489,A
3-PA,324,0,491,0,1,492,T
3-PA,325,0,491,0,0,491,T
3-PA,326,0,491,0,1,492,T
3-PA,327,0,1,494,1,496,G
3-PA,328,0,494,0,3,497,T
3-PA,329,494,0,0,0,494,A
3-PA,330,1,494,0,0,495,T
3-PA,331,0,0,494,0,494,G
3-PA,332,525,0,0,0,525,A
3-PA,333,0,522,0,0,522,T
3-PA,334,0,523,0,0,523,T
3-PA,335,524,0,0,0,524,A
3-PA,336,0,0,0,524,524,C
3-PA,337,522,0,0,0,522,A
3-PA,338,520,0,1,0,521,A
3-PA,339,0,0,525,0,525,G
3-PA,340,0,0,526,0,526,G
3-PA,341,509,0,1,0,510,A
3-PA,342,0,0,516,0,516,G
3-PA,343,511,0,0,0,511,A
3-PA,344,518,0,0,0,518,A
3-PA,345,0,0,0,518,518,C
3-PA,346,511,0,0,0,511,A
3-PA,347,0,0,514,0,514,G
3-PA,348,506,0,0,0,506,A
3-PA,349,0,503,0,0,503,T
3-PA,350,0,503,0,0,503,T
3-PA,351,0,0,0,502,502,C
3-PA,352,501,0,0,0,501,A
3-PA,353,0,501,0,0,501,T
3-PA,354,0,1,0,496,497,C
3-PA,355,0,0,501,0,501,G
3-PA,356,503,0,0,0,503,A
3-PA,357,503,0,0,0,503,A
3-PA,358,502,0,0,0,502,A
3-PA,359,0,504,0,0,504,T
3-PA,360,0,504,0,0,504,T
3-PA,361,0,0,500,0,500,G
3-PA,362,0,1,506,0,507,G
3-PA,363,0,0,513,0,513,G
3-PA,364,0,0,510,0,510,G
3-PA,365,0,502,0,1,503,T
3-PA,366,0,0,513,0,513,G
3-PA,367,509,0,0,0,509,A
3-PA,368,0,0,0,520,520,C
3-PA,369,522,0,0,0,522,A
3-PA,370,518,0,0,0,518,A
3-PA,371,0,0,519,0,519,G
3-PA,372,510,0,0,0,510,A
3-PA,373,522,0,0,0,522,A
3-PA,374,0,0,526,0,526,G
3-PA,375,527,0,0,0,527,A
3-PA,376,0,0,524,0,524,G
3-PA,377,513,0,0,0,513,A
3-PA,378,517,0,0,0,517,A
3-PA,379,0,0,528,0,528,G
3-PA,380,0,520,0,0,520,T
3-PA,381,0,0,0,529,529,C
3-PA,382,0,1,0,530,531,C
3-PA,383,536,0,0,0,536,A
3-PA,384,0,0,0,550,550,C
3-PA,385,570,0,1,0,571,A
3-PA,386,0,582,0,0,582,T
3-PA,387,595,0,0,0,595,A
3-PA,388,0,579,0,0,579,T
3-PA,389,567,1,0,0,568,A
3-PA,390,0,556,0,0,556,T
3-PA,391,0,553,0,0,553,T
3-PA,392,556,0,0,0,556,A
3-PA,393,0,0,0,552,552,C
3-PA,394,0,0,0,531,531,C
3-PA,395,0,521,0,0,521,T
3-PA,396,1,511,0,1,513,T
3-PA,397,0,0,511,0,511,G
3-PA,398,509,0,0,0,509,A
3-PA,399,514,0,0,0,514,A
3-PA,400,512,0,1,0,513,A
3-PA,401,500,0,0,0,500,A
3-PA,402,1,0,502,0,503,G
3-PA,403,1,0,497,0,498,G
3-PA,404,0,0,0,505,505,C
3-PA,405,503,0,0,0,503,A
3-PA,406,504,0,1,0,505,A
3-PA,407,506,0,0,0,506,A
3-PA,408,0,506,0,0,506,T
3-PA,409,508,0,0,0,508,A
3-PA,410,507,0,0,0,507,A
3-PA,411,0,0,512,0,512,G
3-PA,412,511,0,0,0,511,A
3-PA,413,0,509,0,0,509,T
3-PA,414,0,507,0,0,507,T
3-PA,415,506,0,0,0,506,A
3-PA,416,510,0,0,0,510,A
3-PA,417,508,0,0,0,508,A
3-PA,418,0,510,0,0,510,T
3-PA,419,0,1,0,514,515,C
3-PA,420,0,506,0,0,506,T
3-PA,421,0,0,511,0,511,G
3-PA,422,514,0,0,0,514,A
3-PA,423,0,0,518,0,518,G
3-PA,424,512,0,1,0,513,A
3-PA,425,513,0,1,0,514,A
3-PA,426,1,0,0,517,518,C
3-PA,427,517,0,0,0,517,A
3-PA,428,0,0,0,522,522,C
3-PA,429,518,0,0,0,518,A
3-PA,430,0,0,0,522,522,C
3-PA,431,522,0,0,0,522,A
3-PA,432,0,0,0,532,532,C
3-PA,433,526,0,0,0,526,A
3-PA,434,0,523,0,0,523,T
3-PA,435,0,521,0,1,522,T
3-PA,436,0,1,0,523,524,C
3-PA,437,514,0,2,0,516,A
3-PA,438,0,0,0,527,527,C
3-PA,439,523,0,0,0,523,A
3-PA,440,0,519,0,0,519,T
3-PA,441,0,516,0,0,516,T
3-PA,442,0,524,0,0,524,T
3-PA,443,0,523,1,1,525,T
3-PA,444,0,0,0,526,526,C
3-PA,445,0,522,0,0,522,T
3-PA,446,0,0,0,526,526,C
3-PA,447,526,0,1,0,527,A
3-PA,448,0,524,0,0,524,T
3-PA,449,0,534,0,0,534,T
3-PA,450,0,0,0,536,536,C
3-PA,451,527,0,0,0,527,A
3-PA,452,0,1,0,535,536,C
3-PA,453,0,535,0,0,535,T
3-PA,454,0,0,533,0,533,G
3-PA,455,0,0,529,0,529,G
3-PA,456,511,0,1,0,512,A
3-PA,457,0,0,531,0,531,G
3-PA,458,531,0,0,0,531,A
3-PA,459,0,0,536,0,536,G
3-PA,460,1,0,536,0,537,G
3-PA,461,533,0,1,0,534,A
3-PA,462,534,0,2,0,536,A
3-PA,463,525,0,0,0,525,A
3-PA,464,0,522,0,0,522,T
3-PA,465,0,0,521,0,521,G
3-PA,466,0,0,517,0,517,G
3-PA,467,0,0,0,517,517,C
3-PA,468,0,0,0,519,519,C
3-PA,469,520,0,0,0,520,A
3-PA,470,1,0,0,523,524,C
3-PA,471,526,0,0,0,526,A
3-PA,472,526,0,0,0,526,A
3-PA,473,532,0,0,0,532,A
3-PA,474,0,0,531,0,531,G
3-PA,475,0,0,527,0,527,G
3-PA,476,0,0,0,533,533,C
3-PA,477,533,0,0,0,533,A
3-PA,478,0,0,543,0,543,G
3-PA,479,542,0,0,0,542,A
3-PA,480,1,0,0,542,543,C
3-PA,481,0,546,0,0,546,T
3-PA,482,541,0,1,0,542,A
3-PA,483,0,0,0,543,543,C
3-PA,484,539,0,0,0,539,A
3-PA,485,0,0,0,548,548,C
3-PA,486,0,528,0,0,528,T
3-PA,487,0,0,0,531,531,C
3-PA,488,0,520,0,0,520,T
3-PA,489,0,0,0,526,526,C
3-PA,490,0,0,525,0,525,G
3-PA,491,520,0,0,0,520,A
3-PA,492,0,0,0,516,516,C
3-PA,493,0,0,525,0,525,G
3-PA,494,522,0,0,0,522,A
3-PA,495,1,0,525,0,526,G
3-PA,496,0,0,523,0,523,G
3-PA,497,523,0,0,0,523,A
3-PA,498,523,0,0,0,523,A
3-PA,499,526,0,0,0,526,A
3-PA,500,0,0,525,0,525,G
3-PA,501,0,0,0,521,521,C
3-PA,502,521,0,0,0,521,A
3-PA,503,0,0,522,0,522,G
3-PA,504,514,0,0,0,514,A
3-PA,505,0,0,528,0,528,G
3-PA,506,0,0,0,527,527,C
3-PA,507,0,528,0,0,528,T
3-PA,508,527,0,1,0,528,A
3-PA,509,0,0,533,0,533,G
3-PA,510,0,0,551,0,551,G
3-PA,511,550,0,0,0,550,A
3-PA,512,0,543,0,0,543,T
3-PA,513,0,539,0,1,540,T
3-PA,514,538,0,0,0,538,A
3-PA,515,541,0,0,0,541,A
3-PA,516,0,0,545,0,545,G
3-PA,517,542,0,0,0,542,A
3-PA,518,1,0,0,541,542,C
3-PA,519,1,0,0,507,508,C
3-PA,520,506,0,0,0,506,A
3-PA,521,0,0,510,0,510,G
3-PA,522,0,0,511,0,511,G
3-PA,523,0,0,0,519,519,C
3-PA,524,0,501,0,0,501,T
3-PA,525,3,0,512,0,515,G
3-PA,526,0,516,0,0,516,T
3-PA,527,0,514,0,0,514,T
3-PA,528,0,515,0,0,515,T
3-PA,529,507,0,0,0,507,A
3-PA,530,0,0,0,513,513,C
3-PA,531,0,1,0,508,509,C
3-PA,532,505,1,0,0,506,A
3-PA,533,0,505,0,0,505,T
3-PA,534,478,0,0,0,478,A
3-PA,535,484,0,0,0,484,A
3-PA,536,0,0,490,0,490,G
3-PA,537,483,0,0,0,483,A
3-PA,538,0,0,0,488,488,C
3-PA,539,469,0,0,0,469,A
3-PA,540,472,0,1,0,473,A
3-PA,541,0,0,474,0,474,G
3-PA,542,469,0,0,1,470,A
3-PA,543,474,0,0,0,474,A
3-PA,544,463,0,0,0,463,A
3-PA,545,1,451,0,0,452,T
3-PA,546,0,0,461,0,461,G
3-PA,547,0,0,454,0,454,G
3-PA,548,0,0,0,459,459,C
3-PA,549,0,0,0,460,460,C
3-PA,550,458,0,0,0,458,A
3-PA,551,466,0,0,0,466,A
3-PA,552,0,0,0,466,466,C
3-PA,553,465,0,0,0,465,A
3-PA,554,0,0,463,0,463,G
3-PA,555,442,0,5,0,447,A
3-PA,556,0,0,453,0,453,G
3-PA,557,0,0,447,0,447,G
3-PA,558,0,0,0,444,444,C
3-PA,559,0,0,0,448,448,C
3-PA,560,0,441,0,0,441,T
3-PA,561,0,0,0,445,445,C
3-PA,562,0,445,0,0,445,T
3-PA,563,0,0,444,0,444,G
3-PA,564,0,0,443,0,443,G
3-PA,565,0,0,443,0,443,G
3-PA,566,441,0,0,0,441,A
3-PA,567,0,423,0,0,423,T
3-PA,568,0,413,0,0,413,T
3-PA,569,0,0,0,496,496,C
3-PA,570,0,0,0,484,484,C
3-PA,571,0,486,0,0,486,T
3-PA,572,0,488,0,0,488,T
3-PA,573,0,485,0,0,485,T
3-PA,574,1,1,0,492,494,C
3-PA,575,0,1,493,1,495,G
3-PA,576,0,497,0,1,498,T
3-PA,577,0,0,0,494,494,C
3-PA,578,482,0,0,0,482,A
3-PA,579,1,0,561,0,562,G
3-PA,580,0,572,0,0,572,T
3-PA,581,0,0,0,571,571,C
3-PA,582,0,0,0,572,572,C
3-PA,583,0,0,580,0,580,G
3-PA,584,581,0,0,0,581,A
3-PA,585,583,0,0,0,583,A
3-PA,586,579,0,0,0,579,A
3-PA,587,0,0,579,0,579,G
3-PA,588,565,0,0,0,565,A
3-PA,589,0,0,570,0,570,G
3-PA,590,0,0,571,0,571,G
3-PA,591,0,0,0,573,573,C
3-PA,592,0,0,574,0,574,G
3-PA,593,575,0,0,0,575,A
3-PA,594,576,0,0,0,576,A
3-PA,595,0,0,580,0,580,G
3-PA,596,581,0,0,0,581,A
3-PA,597,579,0,0,0,579,A
3-PA,598,570,0,0,0,570,A
3-PA,599,0,0,0,584,584,C
3-PA,600,584,0,0,0,584,A
3-PA,601,590,0,0,0,590,A
3-PA,602,0,585,0,0,585,T
3-PA,603,0,588,0,0,588,T
3-PA,604,0,0,584,0,584,G
3-PA,605,582,0,0,0,582,A
3-PA,606,583,0,0,0,583,A
3-PA,607,0,0,585,0,585,G
3-PA,608,583,0,0,0,583,A
3-PA,609,583,0,0,0,583,A
3-PA,610,583,0,0,0,583,A
3-PA,611,583,0,0,0,583,A
3-PA,612,586,0,0,0,586,A
3-PA,613,0,581,0,0,581,T
3-PA,614,0,588,0,0,588,T
3-PA,615,0,586,0,0,586,T
3-PA,616,0,0,586,0,586,G
3-PA,617,584,0,1,0,585,A
3-PA,618,588,0,0,0,588,A
3-PA,619,589,0,0,0,589,A
3-PA,620,0,599,0,0,599,T
3-PA,621,0,0,0,682,682,C
3-PA,622,679,0,0,0,679,A
3-PA,623,0,0,0,699,699,C
3-PA,624,697,0,0,0,697,A
3-PA,625,0,0,707,0,707,G
3-PA,626,0,0,737,0,737,G
3-PA,627,750,0,0,0,750,A
3-PA,628,762,0,0,0,762,A
3-PA,629,0,0,0,774,774,C
3-PA,630,0,745,0,0,745,T
3-PA,631,809,0,0,0,809,A
3-PA,632,0,819,0,1,820,T
3-PA,633,1,0,857,0,858,G
3-PA,634,0,0,0,853,853,C
3-PA,635,0,0,856,0,856,G
3-PA,636,0,840,0,2,842,T
3-PA,637,841,0,0,0,841,A
3-PA,638,0,0,846,0,846,G
3-PA,639,1,0,838,0,839,G
3-PA,640,0,0,0,836,836,C
3-PA,641,0,819,0,0,819,T
3-PA,642,0,812,0,2,814,T
3-PA,643,0,0,813,0,813,G
3-PA,644,0,1,0,810,811,C
3-PA,645,0,0,0,817,817,C
3-PA,646,0,0,823,0,823,G
3-PA,647,816,0,1,0,817,A
3-PA,648,0,0,0,828,828,C
3-PA,649,0,0,0,821,821,C
3-PA,650,828,0,0,0,828,A
3-PA,651,831,0,0,0,831,A
3-PA,652,826,0,1,0,827,A
3-PA,653,0,0,848,0,848,G
3-PA,654,0,839,0,1,840,T
3-PA,655,0,0,0,844,844,C
3-PA,656,0,843,0,0,843,T
3-PA,657,0,1,0,837,838,C
3-PA,658,0,1,0,848,849,C
3-PA,659,0,0,0,849,849,C
3-PA,660,845,0,0,0,845,A
3-PA,661,0,1,0,854,855,C
3-PA,662,0,1,0,843,844,C
3-PA,663,0,0,851,0,851,G
3-PA,664,853,0,0,0,853,A
3-PA,665,852,0,1,0,853,A
3-PA,666,0,0,0,867,867,C
3-PA,667,0,856,0,0,856,T
3-PA,668,0,877,0,0,877,T
3-PA,669,0,0,0,889,889,C
3-PA,670,1,875,0,0,876,T
3-PA,671,0,0,0,888,888,C
3-PA,672,0,0,0,888,888,C
3-PA,673,1,876,0,0,877,T
3-PA,674,0,0,888,0,888,G
3-PA,675,0,0,0,886,886,C
3-PA,676,0,0,0,893,893,C
3-PA,677,0,871,0,0,871,T
3-PA,678,0,870,0,1,871,T
3-PA,679,0,0,874,0,874,G
3-PA,680,869,0,0,0,869,A
3-PA,681,0,0,877,0,877,G
3-PA,682,879,0,0,0,879,A
3-PA,683,893,0,0,0,893,A
3-PA,684,0,919,0,0,919,T
3-PA,685,0,925,0,0,925,T
3-PA,686,0,925,0,0,925,T
3-PA,687,0,925,0,0,925,T
3-PA,688,922,0,0,0,922,A
3-PA,689,0,0,926,0,926,G
3-PA,690,914,0,0,0,914,A
3-PA,691,1,0,939,0,940,G
3-PA,692,0,0,0,946,946,C
3-PA,693,0,0,0,955,955,C
3-PA,694,0,997,0,0,997,T
3-PA,695,1030,1,0,0,1031,A
3-PA,696,0,1033,0,0,1033,T
3-PA,697,0,0,1040,0,1040,G
3-PA,698,0,1032,0,0,1032,T
3-PA,699,0,0,1032,0,1032,G
3-PA,700,0,0,1023,0,1023,G
3-PA,701,1018,0,1,0,1019,A
3-PA,702,0,1,0,968,969,C
3-PA,703,0,1,966,0,967,G
3-PA,704,0,0,1011,0,1011,G
3-PA,705,1005,0,0,0,1005,A
3-PA,706,0,1013,0,0,1013,T
3-PA,707,0,1011,0,0,1011,T
3-PA,708,0,0,0,1015,1015,C
3-PA,709,0,0,1012,0,1012,G
3-PA,710,1016,0,1,0,1017,A
3-PA,711,1022,0,0,0,1022,A
3-PA,712,0,0,0,1028,1028,C
3-PA,713,0,1,0,998,999,C
3-PA,714,0,0,1006,0,1006,G
3-PA,715,997,0,1,0,998,A
3-PA,716,999,1,1,0,1001,A
3-PA,717,0,0,0,1010,1010,C
3-PA,718,0,0,1005,0,1005,G
3-PA,719,0,0,1037,0,1037,G
3-PA,720,0,0,0,1043,1043,C
3-PA,721,0,1042,0,0,1042,T
3-PA,722,0,0,1069,0,1069,G
3-PA,723,0,0,0,1080,1080,C
3-PA,724,1094,0,1,0,1095,A
3-PA,725,0,1099,0,0,1099,T
3-PA,726,0,1094,0,0,1094,T
3-PA,727,0,0,1090,0,1090,G
3-PA,728,1059,0,0,0,1059,A
3-PA,729,0,2,1082,0,1084,G
3-PA,730,0,0,1089,0,1089,G
3-PA,731,0,0,1077,0,1077,G
3-PA,732,0,0,0,1071,1071,C
3-PA,733,1055,1,0,0,1056,A
3-PA,734,1067,0,1,0,1068,A
3-PA,735,0,0,1080,0,1080,G
3-PA,736,0,0,0,1083,1083,C
3-PA,737,0,1081,0,0,1081,T
3-PA,738,0,1088,0,0,1088,T
3-PA,739,0,1094,0,0,1094,T
3-PA,740,0,0,0,1098,1098,C
3-PA,741,0,1098,0,0,1098,T
3-PA,742,0,0,0,1100,1100,C
3-PA,743,1097,0,0,0,1097,A
3-PA,744,1092,0,0,0,1092,A
3-PA,745,1093,0,0,0,1093,A
3-PA,746,0,1076,0,0,1076,T
3-PA,747,0,0,1109,0,1109,G
3-PA,748,0,1100,0,0,1100,T
3-PA,749,0,0,0,1118,1118,C
3-PA,750,0,0,0,1125,1125,C
3-PA,751,1120,0,0,0,1120,A
3-PA,752,1123,0,0,0,1123,A
3-PA,753,1120,1,0,0,1121,A
3-PA,754,0,0,1143,0,1143,G
3-PA,755,1133,0,0,0,1133,A
3-PA,756,1102,0,0,0,1102,A
3-PA,757,0,0,1102,0,1102,G
3-PA,758,0,1094,0,0,1094,T
3-PA,759,0,0,1093,0,1093,G
3-PA,760,1092,0,0,0,1092,A
3-PA,761,1090,0,0,0,1090,A
3-PA,762,0,1089,0,0,1089,T
3-PA,763,1,0,1079,0,1080,G
3-PA,764,0,1,0,1083,1084,C
3-PA,765,0,0,0,1089,1089,C
3-PA,766,1,0,0,1087,1088,C
3-PA,767,1091,0,0,0,1091,A
3-PA,768,1104,0,0,0,1104,A
3-PA,769,1111,0,0,0,1111,A
3-PA,770,0,1108,0,0,1108,T
3-PA,771,0,1111,0,0,1111,T
3-PA,772,0,0,1111,0,1111,G
3-PA,773,1102,0,0,0,1102,A
3-PA,774,1095,0,1,0,1096,A
3-PA,775,0,0,0,1108,1108,C
3-PA,776,0,0,0,1102,1102,C
3-PA,777,0,1085,0,1,1086,T
3-PA,778,0,1110,0,0,1110,T
3-PA,779,0,1112,0,0,1112,T
3-PA,780,0,1148,0,0,1148,T
3-PA,781,0,0,0,1147,1147,C
3-PA,782,0,1144,0,0,1144,T
3-PA,783,0,0,1150,0,1150,G
3-PA,784,1149,0,0,0,1149,A
3-PA,785,1154,0,0,1,1155,A
3-PA,786,0,0,1165,0,1165,G
3-PA,787,1139,0,0,0,1139,A
3-PA,788,0,2,0,1142,1144,C
3-PA,789,1128,0,0,0,1128,A
3-PA,790,1135,0,0,0,1135,A
3-PA,791,0,0,0,1278,1278,C
3-PA,792,1269,0,1,0,1270,A
3-PA,793,0,0,0,1280,1280,C
3-PA,794,0,0,0,1272,1272,C
3-PA,795,1267,0,0,0,1267,A
3-PA,796,1255,0,5,0,1260,A
3-PA,797,0,0,1270,0,1270,G
3-PA,798,1257,0,0,0,1257,A
3-PA,799,0,0,0,1260,1260,C
3-PA,800,0,0,0,1150,1150,C
3-PA,801,1151,0,0,0,1151,A
3-PA,802,1151,0,0,0,1151,A
3-PA,803,0,1146,0,0,1146,T
3-PA,804,0,0,0,1152,1152,C
3-PA,805,1154,0,0,0,1154,A
3-PA,806,1146,0,0,0,1146,A
3-PA,807,1145,0,0,0,1145,A
3-PA,808,0,0,0,1166,1166,C
3-PA,809,0,1152,0,0,1152,T
3-PA,810,0,1153,0,0,1153,T
3-PA,811,0,0,0,1165,1165,C
3-PA,812,0,0,0,1168,1168,C
3-PA,813,0,0,1172,0,1172,G
3-PA,814,1169,0,0,0,1169,A
3-PA,815,1171,0,0,0,1171,A
3-PA,816,0,1169,0,0,1169,T
3-PA,817,0,0,1159,0,1159,G
3-PA,818,0,0,1165,0,1165,G
3-PA,819,1163,1,0,0,1164,A
3-PA,820,0,0,0,1188,1188,C
3-PA,821,0,0,0,1190,1190,C
3-PA,822,0,1209,0,0,1209,T
3-PA,823,0,0,0,1219,1219,C
3-PA,824,0,0,0,1220,1220,C
3-PA,825,1185,0,1,0,1186,A
3-PA,826,2,1238,0,0,1240,T
3-PA,827,0,0,1298,0,1298,G
3-PA,828,0,1294,0,0,1294,T
3-PA,829,0,1272,0,1,1273,T
3-PA,830,1271,0,0,0,1271,A
3-PA,831,0,1237,0,1,1238,T
3-PA,832,0,0,0,1236,1236,C
3-PA,833,1223,0,1,0,1224,A
3-PA,834,0,0,1216,0,1216,G
3-PA,835,0,0,0,1200,1200,C
3-PA,836,0,0,1150,0,1150,G
3-PA,837,0,0,1184,0,1184,G
3-PA,838,0,1181,0,1,1182,T
3-PA,839,0,0,0,1190,1190,C
3-PA,840,0,1,0,1193,1194,C
3-PA,841,1199,0,1,0,1200,A
3-PA,842,1197,0,0,0,1197,A
3-PA,843,1200,0,0,0,1200,A
3-PA,844,0,1197,0,0,1197,T
3-PA,845,1,1194,0,1,1196,T
3-PA,846,0,1,0,1186,1187,C
3-PA,847,0,0,0,1175,1175,C
3-PA,848,0,1167,0,0,1167,T
3-PA,849,0,0,0,1178,1178,C
3-PA,850,1,0,0,1189,1190,C
3-PA,851,0,1183,0,1,1184,T
3-PA,852,0,0,1193,0,1193,G
3-PA,853,1187,0,0,0,1187,A
3-PA,854,0,1188,0,0,1188,T
3-PA,855,0,0,1172,0,1172,G
3-PA,856,0,0,1159,0,1159,G
3-PA,857,1147,1,1,0,1149,A
3-PA,858,0,1142,0,0,1142,T
3-PA,859,0,0,1143,0,1143,G
3-PA,860,1,0,0,1179,1180,C
3-PA,861,0,1187,0,0,1187,T
3-PA,862,0,1185,0,3,1188,T
3-PA,863,0,1191,1,0,1192,T
3-PA,864,1188,0,0,0,1188,A
3-PA,865,1193,0,0,0,1193,A
3-PA,866,1193,0,0,0,1193,A
3-PA,867,1199,0,0,0,1199,A
3-PA,868,0,1196,0,0,1196,T
3-PA,869,0,1113,0,0,1113,T
3-PA,870,0,0,1111,0,1111,G
3-PA,871,1102,0,1,0,1103,A
3-PA,872,0,0,1111,0,1111,G
3-PA,873,0,1,0,1110,1111,C
3-PA,874,1112,0,0,0,1112,A
3-PA,875,0,1137,0,0,1137,T
3-PA,876,0,1141,0,0,1141,T
3-PA,877,0,0,1135,0,1135,G
3-PA,878,1140,0,1,0,1141,A
3-PA,879,1131,0,4,0,1135,A
3-PA,880,0,1,1133,0,1134,G
3-PA,881,1113,0,0,0,1113,A
3-PA,882,0,0,0,1117,1117,C
3-PA,883,0,0,0,1117,1117,C
3-PA,884,0,0,0,1090,1090,C
3-PA,885,1086,0,1,0,1087,A
3-PA,886,1079,0,0,0,1079,A
3-PA,887,0,0,1088,0,1088,G
3-PA,888,0,1086,1,0,1087,T
3-PA,889,0,0,0,1092,1092,C
3-PA,890,1096,0,0,0,1096,A
3-PA,891,0,0,0,1089,1089,C
3-PA,892,0,0,1091,0,1091,G
3-PA,893,1103,0,0,0,1103,A
3-PA,894,1104,0,1,1,1106,A
3-PA,895,0,0,1152,0,1152,G
3-PA,896,0,0,1142,0,1142,G
3-PA,897,1141,0,0,0,1141,A
3-PA,898,0,0,1151,0,1151,G
3-PA,899,1149,0,0,0,1149,A
3-PA,900,1151,0,0,0,1151,A
3-PA,901,0,1,1153,0,1154,G
3-PA,902,0,0,1131,0,1131,G
3-PA,903,1,0,1141,0,1142,G
3-PA,904,1110,0,0,0,1110,A
3-PA,905,0,1119,0,0,1119,T
3-PA,906,0,0,0,1115,1115,C
3-PA,907,0,0,0,1204,1204,C
3-PA,908,0,0,0,1217,1217,C
3-PA,909,1240,0,0,0,1240,A
3-PA,910,0,1237,0,0,1237,T
3-PA,911,0,1249,0,0,1249,T
3-PA,912,1280,0,0,0,1280,A
3-PA,913,0,1281,0,0,1281,T
3-PA,914,1274,0,0,0,1274,A
3-PA,915,0,1270,0,0,1270,T
3-PA,916,0,0,1137,0,1137,G
3-PA,917,1135,0,1,0,1136,A
3-PA,918,0,1115,0,1,1116,T
3-PA,919,0,0,1116,0,1116,G
3-PA,920,0,0,0,1108,1108,C
3-PA,921,1,0,1118,0,1119,G
3-PA,922,1116,0,0,0,1116,A
3-PA,923,0,1123,0,0,1123,T
3-PA,924,0,0,0,1127,1127,C
3-PA,925,1119,0,0,0,1119,A
3-PA,926,1108,0,1,0,1109,A
3-PA,927,0,0,1121,0,1121,G
3-PA,928,1,1096,0,0,1097,T
3-PA,929,1,0,1121,0,1122,G
3-PA,930,0,0,0,1117,1117,C
3-PA,931,1116,0,0,0,1116,A
3-PA,932,0,1123,0,0,1123,T
3-PA,933,1116,0,0,0,1116,A
3-PA,934,1130,0,0,0,1130,A
3-PA,935,1132,0,0,0,1132,A
3-PA,936,1123,0,0,0,1123,A
3-PA,937,1125,0,0,0,1125,A
3-PA,938,0,0,0,1124,1124,C
3-PA,939,1121,0,0,0,1121,A
3-PA,940,0,1121,0,1,1122,T
3-PA,941,0,1123,0,0,1123,T
3-PA,942,0,0,0,1128,1128,C
3-PA,943,0,1118,0,1,1119,T
3-PA,944,0,1117,0,0,1117,T
3-PA,945,0,1122,0,0,1122,T
3-PA,946,1,0,1121,1,1123,G
3-PA,947,0,1,1129,0,1130,G
3-PA,948,1133,0,0,0,1133,A
3-PA,949,1,1133,0,0,1134,T
3-PA,950,0,0,1140,0,1140,G
3-PA,951,0,0,1170,0,1170,G
3-PA,952,1167,0,0,1,1168,A
3-PA,953,1169,0,1,0,1170,A
3-PA,954,1170,0,2,0,1172,A
3-PA,955,0,0,1166,0,1166,G
3-PA,956,1146,0,4,0,1150,A
3-PA,957,1,0,1124,0,1125,G
3-PA,958,0,1,0,1232,1233,C
3-PA,959,0,0,0,1248,1248,C
3-PA,960,0,1259,0,0,1259,T
3-PA,961,0,1306,0,1,1307,T
3-PA,962,1310,0,0,0,1310,A
3-PA,963,0,1316,0,0,1316,T
3-PA,964,1310,0,0,0,1310,A
3-PA,965,0,1327,0,0,1327,T
3-PA,966,1248,0,0,0,1248,A
3-PA,967,0,0,1254,0,1254,G
3-PA,968,0,1242,0,1,1243,T
3-PA,969,0,0,0,1238,1238,C
3-PA,970,1217,0,0,0,1217,A
3-PA,971,1217,0,0,0,1217,A
3-PA,972,1215,0,0,0,1215,A
3-PA,973,0,0,0,1219,1219,C
3-PA,974,0,0,0,1208,1208,C
3-PA,975,1193,0,1,0,1194,A
3-PA,976,0,0,0,1187,1187,C
3-PA,977,1184,0,0,0,1184,A
3-PA,978,0,1185,0,2,1187,T
3-PA,979,0,0,1220,0,1220,G
3-PA,980,1212,0,0,0,1212,A
3-PA,981,1209,0,0,0,1209,A
3-PA,982,1210,0,0,0,1210,A
3-PA,983,1210,0,2,0,1212,A
3-PA,984,0,1,1217,0,1218,G
3-PA,985,0,0,1193,0,1193,G
3-PA,986,0,0,1202,0,1202,G
3-PA,987,1203,0,1,0,1204,A
3-PA,988,1207,0,0,0,1207,A
3-PA,989,0,1209,0,0,1209,T
3-PA,990,1208,0,1,0,1209,A
3-PA,991,1204,1,0,0,1205,A
3-PA,992,1205,0,0,0,1205,A
3-PA,993,0,1195,0,0,1195,T
3-PA,994,0,1192,0,1,1193,T
3-PA,995,0,0,0,1201,1201,C
3-PA,996,1202,0,0,1,1203,A
3-PA,997,1202,1,0,0,1203,A
3-PA,998,1206,0,0,0,1206,A
3-PA,999,0,1210,0,0,1210,T
3-PA,1000,0,1210,0,0,1210,T
3-PA,1001,1213,0,0,0,1213,A
3-PA,1002,0,0,0,1217,1217,C
3-PA,1003,0,0,0,1223,1223,C
3-PA,1004,0,1219,0,1,1220,T
3-PA,1005,0,0,1223,0,1223,G
3-PA,1006,0,1,0,1231,1232,C
3-PA,1007,0,1232,0,0,1232,T
3-PA,1008,1,0,1263,0,1264,G
3-PA,1009,0,1261,0,0,1261,T
3-PA,1010,0,0,0,1265,1265,C
3-PA,1011,1267,0,0,0,1267,A
3-PA,1012,0,1266,0,0,1266,T
3-PA,1013,0,0,1266,0,1266,G
3-PA,1014,0,0,1253,0,1253,G
3-PA,1015,1260,0,0,0,1260,A
3-PA,1016,1291,0,0,0,1291,A
3-PA,1017,0,0,1288,0,1288,G
3-PA,1018,0,0,0,1297,1297,C
3-PA,1019,1299,1,1,0,1301,A
3-PA,1020,1301,0,0,0,1301,A
3-PA,1021,0,0,1312,0,1312,G
3-PA,1022,0,1309,0,0,1309,T
3-PA,1023,1321,0,0,0,1321,A
3-PA,1024,0,1,0,1317,1318,C
3-PA,1025,0,1288,0,0,1288,T
3-PA,1026,0,0,1297,0,1297,G
3-PA,1027,0,1289,0,2,1291,T
3-PA,1028,0,0,0,1293,1293,C
3-PA,1029,1282,0,0,0,1282,A
3-PA,1030,0,0,1306,0,1306,G
3-PA,1031,1305,0,0,0,1305,A
3-PA,1032,1303,0,0,0,1303,A
3-PA,1033,0,1345,1,0,1346,T
3-PA,1034,0,1327,0,0,1327,T
3-PA,1035,0,0,1328,0,1328,G
3-PA,1036,0,0,0,1321,1321,C
3-PA,1037,1320,0,3,0,1323,A
3-PA,1038,0,0,1331,0,1331,G
3-PA,1039,8,0,1301,0,1309,G
3-PA,1040,1324,0,1,0,1325,A
3-PA,1041,0,0,0,1344,1344,C
3-PA,1042,1315,0,3,0,1318,A
3-PA,1043,1,1323,0,1,1325,T
3-PA,1044,0,1335,0,0,1335,T
3-PA,1045,0,0,1340,0,1340,G
3-PA,1046,1330,0,0,0,1330,A
3-PA,1047,1327,0,1,0,1328,A
3-PA,1048,1332,0,0,0,1332,A
3-PA,1049,1326,0,0,0,1326,A
3-PA,1050,0,1317,0,0,1317,T
3-PA,1051,0,0,1335,0,1335,G
3-PA,1052,1314,0,1,0,1315,A
3-PA,1053,0,0,1324,0,1324,G
3-PA,1054,0,0,1325,0,1325,G
3-PA,1055,1306,0,1,0,1307,A
3-PA,1056,0,0,1328,0,1328,G
3-PA,1057,1327,0,0,0,1327,A
3-PA,1058,1320,0,4,0,1324,A
3-PA,1059,0,0,1327,0,1327,G
3-PA,1060,1327,0,1,0,1328,A
3-PA,1061,0,1324,0,1,1325,T
3-PA,1062,0,1330,0,2,1332,T
3-PA,1063,0,0,0,1329,1329,C
3-PA,1064,1,0,1,1322,1324,C
3-PA,1065,1335,0,0,0,1335,A
3-PA,1066,1330,1,1,0,1332,A
3-PA,1067,0,0,1333,0,1333,G
3-PA,1068,0,0,1350,0,1350,G
3-PA,1069,1340,0,1,0,1341,A
3-PA,1070,0,0,0,1345,1345,C
3-PA,1071,0,1349,0,0,1349,T
3-PA,1072,1354,0,0,0,1354,A
3-PA,1073,1350,0,0,0,1350,A
3-PA,1074,1349,0,0,0,1349,A
3-PA,1075,1351,0,0,0,1351,A
3-PA,1076,1337,0,0,0,1337,A
3-PA,1077,0,0,0,1327,1327,C
3-PA,1078,1314,0,0,0,1314,A
3-PA,1079,0,1313,0,0,1313,T
3-PA,1080,0,0,1316,0,1316,G
3-PA,1081,1313,1,0,0,1314,A
3-PA,1082,1317,0,0,0,1317,A
3-PA,1083,0,0,1327,0,1327,G
3-PA,1084,1318,0,1,0,1319,A
3-PA,1085,1327,0,0,0,1327,A
3-PA,1086,1318,0,0,0,1318,A
3-PA,1087,1311,1,3,1,1316,A
3-PA,1088,0,0,0,1329,1329,C
3-PA,1089,0,0,1320,0,1320,G
3-PA,1090,1322,0,1,0,1323,A
3-PA,1091,0,0,1325,0,1325,G
3-PA,1092,0,1316,0,0,1316,T
3-PA,1093,0,0,0,1338,1338,C
3-PA,1094,1346,0,1,0,1347,A
3-PA,1095,1364,0,2,0,1366,A
3-PA,1096,0,0,0,1358,1358,C
3-PA,1097,0,1368,0,0,1368,T
3-PA,1098,0,0,1382,0,1382,G
3-PA,1099,1369,0,0,0,1369,A
3-PA,1100,1383,0,0,0,1383,A
3-PA,1101,0,0,1387,0,1387,G
3-PA,1102,1,1344,0,0,1345,T
3-PA,1103,0,0,1351,0,1351,G
3-PA,1104,0,0,1354,0,1354,G
3-PA,1105,0,0,1349,0,1349,G
3-PA,1106,0,0,0,1352,1352,C
3-PA,1107,0,1356,0,0,1356,T
3-PA,1108,0,0,0,1372,1372,C
3-PA,1109,0,1366,0,0,1366,T
3-PA,1110,0,1371,0,0,1371,T
3-PA,1111,0,1,1388,0,1389,G
3-PA,1112,0,0,1396,0,1396,G
3-PA,1113,0,1376,0,2,1378,T
3-PA,1114,0,0,1383,0,1383,G
3-PA,1115,1378,0,2,0,1380,A
3-PA,1116,1389,0,0,0,1389,A
3-PA,1117,1375,0,0,0,1375,A
3-PA,1118,1379,0,0,2,1381,A
3-PA,1119,0,0,0,1386,1386,C
3-PA,1120,1366,0,2,0,1368,A
3-PA,1121,0,1359,0,0,1359,T
3-PA,1122,0,0,1355,0,1355,G
3-PA,1123,0,0,1361,0,1361,G
3-PA,1124,0,0,0,1374,1374,C
3-PA,1125,1367,0,2,0,1369,A
3-PA,1126,0,0,0,1389,1389,C
3-PA,1127,0,1,0,1384,1385,C
3-PA,1128,1394,0,0,0,1394,A
3-PA,1129,0,0,1408,0,1408,G
3-PA,1130,1399,0,1,0,1400,A
3-PA,1131,0,0,1418,0,1418,G
3-PA,1132,1412,0,1,0,1413,A
3-PA,1133,1410,0,0,0,1410,A
3-PA,1134,2,0,1423,0,1425,G
3-PA,1135,0,0,1411,0,1411,G
3-PA,1136,0,1385,0,8,1393,T
3-PA,1137,1397,0,0,0,1397,A
3-PA,1138,1,0,1396,0,1397,G
3-PA,1139,1389,0,0,0,1389,A
3-PA,1140,1,0,0,1401,1402,C
3-PA,1141,1,1374,0,0,1375,T
3-PA,1142,0,1380,1,0,1381,T
3-PA,1143,0,1381,0,0,1381,T
3-PA,1144,0,0,1381,0,1381,G
3-PA,1145,1383,0,0,0,1383,A
3-PA,1146,1385,0,0,0,1385,A
3-PA,1147,1375,0,0,0,1375,A
3-PA,1148,1370,0,0,0,1370,A
3-PA,1149,0,0,0,1398,1398,C
3-PA,1150,0,1382,0,0,1382,T
3-PA,1151,1,0,1394,0,1395,G
3-PA,1152,0,0,0,1392,1392,C
3-PA,1153,1397,0,1,0,1398,A
3-PA,1154,0,0,1395,1,1396,G
3-PA,1155,1396,0,0,0,1396,A
3-PA,1156,0,0,1437,0,1437,G
3-PA,1157,1436,0,0,0,1436,A
3-PA,1158,0,0,0,1419,1419,C
3-PA,1159,1421,0,2,0,1423,A
3-PA,1160,0,1404,0,0,1404,T
3-PA,1161,1404,0,1,0,1405,A
3-PA,1162,1408,0,0,0,1408,A
3-PA,1163,0,0,1410,0,1410,G
3-PA,1164,0,0,0,1399,1399,C
3-PA,1165,0,0,1383,0,1383,G
3-PA,1166,1396,0,0,0,1396,A
3-PA,1167,0,1391,0,0,1391,T
3-PA,1168,0,1389,0,0,1389,T
3-PA,1169,0,1386,0,0,1386,T
3-PA,1170,0,0,1394,0,1394,G
3-PA,1171,1395,0,2,0,1397,A
3-PA,1172,1391,0,3,0,1394,A
3-PA,1173,0,0,1395,0,1395,G
3-PA,1174,0,0,0,1440,1440,C
3-PA,1175,1426,0,0,0,1426,A
3-PA,1176,1525,0,0,0,1525,A
3-PA,1177,0,1524,0,0,1524,T
3-PA,1178,1534,0,1,0,1535,A
3-PA,1179,1,1538,0,0,1539,T
3-PA,1180,0,0,1545,0,1545,G
3-PA,1181,1558,0,0,0,1558,A
3-PA,1182,0,1551,0,0,1551,T
3-PA,1183,1502,0,0,0,1502,A
3-PA,1184,0,0,1500,0,1500,G
3-PA,1185,0,1441,0,0,1441,T
3-PA,1186,1,0,1445,0,1446,G
3-PA,1187,1435,0,2,0,1437,A
3-PA,1188,0,0,0,1428,1428,C
3-PA,1189,1,0,1428,0,1429,G
3-PA,1190,1438,0,0,0,1438,A
3-PA,1191,1431,0,1,0,1432,A
3-PA,1192,0,0,0,1442,1442,C
3-PA,1193,0,0,0,1453,1453,C
3-PA,1194,0,1438,1,1,1440,T
3-PA,1195,0,1,1483,0,1484,G
3-PA,1196,1479,0,0,0,1479,A
3-PA,1197,1484,0,0,0,1484,A
3-PA,1198,0,1481,0,0,1481,T
3-PA,1199,0,1467,0,0,1467,T
3-PA,1200,1459,0,0,0,1459,A
3-PA,1201,1438,0,1,0,1439,A
3-PA,1202,0,0,1439,0,1439,G
3-PA,1203,0,0,1443,0,1443,G
3-PA,1204,0,1409,0,1,1410,T
3-PA,1205,0,0,0,1421,1421,C
3-PA,1206,1417,0,0,0,1417,A
3-PA,1207,0,0,0,1464,1464,C
3-PA,1208,0,1466,0,2,1468,T
3-PA,1209,1,1468,0,0,1469,T
3-PA,1210,0,1467,0,0,1467,T
3-PA,1211,0,0,0,1467,1467,C
3-PA,1212,1462,0,2,0,1464,A
3-PA,1213,1466,1,0,1,1468,A
3-PA,1214,0,0,1481,0,1481,G
3-PA,1215,0,0,0,1475,1475,C
3-PA,1216,0,1456,0,0,1456,T
3-PA,1217,1,0,1505,0,1506,G
3-PA,1218,1,0,1515,0,1516,G
3-PA,1219,1539,0,1,0,1540,A
3-PA,1220,0,1552,0,0,1552,T
3-PA,1221,1550,0,1,0,1551,A
3-PA,1222,0,0,0,1558,1558,C
3-PA,1223,1534,0,0,0,1534,A
3-PA,1224,0,0,1544,0,1544,G
3-PA,1225,1545,0,0,0,1545,A
3-PA,1226,1516,0,0,0,1516,A
3-PA,1227,0,1485,0,0,1485,T
3-PA,1228,0,0,1475,0,1475,G
3-PA,1229,1456,0,2,0,1458,A
3-PA,1230,0,1,1478,0,1479,G
3-PA,1231,0,1461,0,1,1462,T
3-PA,1232,0,1460,1,0,1461,T
3-PA,1233,0,0,0,1488,1488,C
3-PA,1234,1495,0,0,0,1495,A
3-PA,1235,1494,0,0,1,1495,A
3-PA,1236,0,1,0,1493,1494,C
3-PA,1237,1481,1,0,0,1482,A
3-PA,1238,1482,0,0,0,1482,A
3-PA,1239,0,0,1469,0,1469,G
3-PA,1240,0,1,1465,0,1466,G
3-PA,1241,0,0,0,1466,1466,C
3-PA,1242,1,1,0,1477,1479,C
3-PA,1243,0,1470,0,0,1470,T
3-PA,1244,0,0,1479,0,1479,G
3-PA,1245,0,1471,0,0,1471,T
3-PA,1246,0,0,1497,0,1497,G
3-PA,1247,1492,0,6,0,1498,A
3-PA,1248,0,0,1492,0,1492,G
3-PA,1249,0,0,0,1475,1475,C
3-PA,1250,0,1468,0,0,1468,T
3-PA,1251,1501,0,0,0,1501,A
3-PA,1252,1497,0,0,0,1497,A
3-PA,1253,0,0,0,1504,1504,C
3-PA,1254,0,1491,0,0,1491,T
3-PA,1255,0,0,1492,2,1494,G
3-PA,1256,1500,0,0,0,1500,A
3-PA,1257,0,1485,0,2,1487,T
3-PA,1258,1,1496,1,0,1498,T
3-PA,1259,0,0,1,1503,1504,C
3-PA,1260,1540,0,1,0,1541,A
3-PA,1261,0,1,1570,0,1571,G
3-PA,1262,0,1563,0,0,1563,T
3-PA,1263,0,0,0,1569,1569,C
3-PA,1264,0,1554,0,14,1568,T
3-PA,1265,0,0,1630,0,1630,G
3-PA,1266,0,0,1632,0,1632,G
3-PA,1267,1626,0,0,0,1626,A
3-PA,1268,0,1630,0,2,1632,T
3-PA,1269,1525,0,1,0,1526,A
3-PA,1270,0,0,1519,0,1519,G
3-PA,1271,1494,0,1,0,1495,A
3-PA,1272,1,0,1487,0,1488,G
3-PA,1273,0,0,0,1484,1484,C
3-PA,1274,0,1445,0,0,1445,T
3-PA,1275,0,0,0,1465,1465,C
3-PA,1276,0,0,1471,0,1471,G
3-PA,1277,1470,0,0,0,1470,A
3-PA,1278,0,1471,0,0,1471,T
3-PA,1279,0,0,1463,0,1463,G
3-PA,1280,1481,0,0,0,1481,A
3-PA,1281,1478,0,0,0,1478,A
3-PA,1282,1486,0,0,0,1486,A
3-PA,1283,0,1480,0,0,1480,T
3-PA,1284,0,1475,0,0,1475,T
3-PA,1285,0,0,1489,0,1489,G
3-PA,1286,0,0,1487,0,1487,G
3-PA,1287,1491,0,0,0,1491,A
3-PA,1288,0,0,1486,0,1486,G
3-PA,1289,1474,0,0,0,1474,A
3-PA,1290,1,0,1486,0,1487,G
3-PA,1291,0,0,1499,0,1499,G
3-PA,1292,1516,0,2,0,1518,A
3-PA,1293,0,0,0,1516,1516,C
3-PA,1294,0,0,1507,0,1507,G
3-PA,1295,0,1502,0,0,1502,T
3-PA,1296,1524,0,0,0,1524,A
3-PA,1297,0,0,1530,0,1530,G
3-PA,1298,0,0,0,1540,1540,C
3-PA,1299,0,0,0,1520,1520,C
3-PA,1300,0,1,0,1506,1507,C
3-PA,1301,0,0,0,1516,1516,C
3-PA,1302,1520,0,0,0,1520,A
3-PA,1303,1565,0,0,0,1565,A
3-PA,1304,0,1561,0,0,1561,T
3-PA,1305,0,1550,0,0,1550,T
3-PA,1306,0,0,1553,0,1553,G
3-PA,1307,1524,0,2,0,1526,A
3-PA,1308,0,0,1533,0,1533,G
3-PA,1309,0,0,0,1528,1528,C
3-PA,1310,1519,0,0,0,1519,A
3-PA,1311,0,0,0,1549,1549,C
3-PA,1312,1492,0,0,0,1492,A
3-PA,1313,1,1525,0,0,1526,T
3-PA,1314,0,1526,0,2,1528,T
3-PA,1315,0,0,1535,0,1535,G
3-PA,1316,0,0,0,1528,1528,C
3-PA,1317,1521,0,0,0,1521,A
3-PA,1318,1519,0,1,0,1520,A
3-PA,1319,0,0,1528,0,1528,G
3-PA,1320,1,1422,0,1,1424,T
3-PA,1321,1441,0,0,0,1441,A
3-PA,1322,0,1446,0,0,1446,T
3-PA,1323,0,0,1448,0,1448,G
3-PA,1324,1431,0,0,0,1431,A
3-PA,1325,0,0,1437,0,1437,G
3-PA,1326,1433,0,1,0,1434,A
3-PA,1327,1431,0,1,0,1432,A
3-PA,1328,0,0,1416,0,1416,G
3-PA,1329,0,0,1414,0,1414,G
3-PA,1330,1418,0,1,0,1419,A
3-PA,1331,1420,0,0,0,1420,A
3-PA,1332,0,1423,0,0,1423,T
3-PA,1333,0,1423,0,0,1423,T
3-PA,1334,1424,0,0,0,1424,A
3-PA,1335,0,1425,0,1,1426,T
3-PA,1336,0,1420,0,0,1420,T
3-PA,1337,0,1424,0,0,1424,T
3-PA,1338,0,0,0,1415,1415,C
3-PA,1339,1414,0,0,0,1414,A
3-PA,1340,0,0,0,1443,1443,C
3-PA,1341,1440,0,0,0,1440,A
3-PA,1342,0,0,1438,0,1438,G
3-PA,1343,0,0,0,1436,1436,C
3-PA,1344,1437,0,0,0,1437,A
3-PA,1345,0,0,1448,0,1448,G
3-PA,1346,1442,0,0,0,1442,A
3-PA,1347,0,0,1447,0,1447,G
3-PA,1348,0,0,1453,0,1453,G
3-PA,1349,0,1398,0,0,1398,T
3-PA,1350,1,0,1440,0,1441,G
3-PA,1351,0,1410,0,9,1419,T
3-PA,1352,0,0,0,1415,1415,C
3-PA,1353,1,0,0,1427,1428,C
3-PA,1354,0,0,0,1427,1427,C
3-PA,1355,1439,0,1,0,1440,A
3-PA,1356,0,1454,0,1,1455,T
3-PA,1357,1,1439,0,0,1440,T
3-PA,1358,0,1,1445,0,1446,G
3-PA,1359,0,1413,0,2,1415,T
3-PA,1360,1400,0,0,0,1400,A
3-PA,1361,0,0,1401,0,1401,G
3-PA,1362,1366,0,0,0,1366,A
3-PA,1363,1,0,1354,0,1355,G
3-PA,1364,0,0,0,1335,1335,C
3-PA,1365,0,0,0,1317,1317,C
3-PA,1366,1328,0,1,0,1329,A
3-PA,1367,1,0,0,1335,1336,C
3-PA,1368,1,1327,0,1,1329,T
3-PA,1369,0,0,1332,0,1332,G
3-PA,1370,1325,0,0,1,1326,A
3-PA,1371,1303,0,1,0,1304,A
3-PA,1372,0,1337,0,0,1337,T
3-PA,1373,1350,0,0,0,1350,A
3-PA,1374,0,0,0,1364,1364,C
3-PA,1375,1316,0,0,0,1316,A
3-PA,1376,0,1312,0,0,1312,T
3-PA,1377,1303,0,0,0,1303,A
3-PA,1378,1310,0,0,0,1310,A
3-PA,1379,0,1299,0,0,1299,T
3-PA,1380,0,0,1282,0,1282,G
3-PA,1381,1271,0,0,0,1271,A
3-PA,1382,1234,0,0,0,1234,A
3-PA,1383,0,0,1239,0,1239,G
3-PA,1384,0,0,1219,0,1219,G
3-PA,1385,0,0,1222,0,1222,G
3-PA,1386,0,0,1222,0,1222,G
3-PA,1387,0,0,1233,0,1233,G
3-PA,1388,0,1214,0,0,1214,T
3-PA,1389,1220,0,0,0,1220,A
3-PA,1390,0,1235,0,0,1235,T
3-PA,1391,1246,0,0,0,1246,A
3-PA,1392,0,0,0,1349,1349,C
3-PA,1393,1310,0,0,0,1310,A
3-PA,1394,0,1279,0,0,1279,T
3-PA,1395,0,1275,0,0,1275,T
3-PA,1396,1259,0,0,0,1259,A
3-PA,1397,1294,0,0,0,1294,A
3-PA,1398,0,0,0,1297,1297,C
3-PA,1399,1256,1,0,0,1257,A
3-PA,1400,0,0,0,1264,1264,C
3-PA,1401,0,1132,0,0,1132,T
3-PA,1402,0,0,1166,0,1166,G
3-PA,1403,0,0,0,1164,1164,C
3-PA,1404,1,0,0,1160,1161,C
3-PA,1405,0,0,0,1163,1163,C
3-PA,1406,0,1122,0,0,1122,T
3-PA,1407,0,0,1151,0,1151,G
3-PA,1408,0,0,0,1145,1145,C
3-PA,1409,0,1136,0,0,1136,T
3-PA,1410,2,0,0,1174,1176,C
3-PA,1411,1126,0,0,0,1126,A
3-PA,1412,1134,0,0,0,1134,A
3-PA,1413,0,1132,0,1,1133,T
3-PA,1414,1,0,1131,0,1132,G
3-PA,1415,0,0,0,1130,1130,C
3-PA,1416,1122,0,0,0,1122,A
3-PA,1417,0,1116,0,0,1116,T
3-PA,1418,0,0,0,1118,1118,C
3-PA,1419,0,0,0,1132,1132,C
3-PA,1420,0,1079,0,0,1079,T
3-PA,1421,0,0,1132,0,1132,G
3-PA,1422,1,1120,0,0,1121,T
3-PA,1423,0,0,1122,0,1122,G
3-PA,1424,0,1,0,1120,1121,C
3-PA,1425,1095,0,1,0,1096,A
3-PA,1426,0,0,1107,0,1107,G
3-PA,1427,0,0,0,1102,1102,C
3-PA,1428,1096,0,0,0,1096,A
3-PA,1429,1101,0,0,0,1101,A
3-PA,1430,0,1061,0,0,1061,T
3-PA,1431,0,0,1063,0,1063,G
3-PA,1432,0,0,1060,0,1060,G
3-PA,1433,1063,0,0,0,1063,A
3-PA,1434,0,1,0,1059,1060,C
3-PA,1435,0,0,1050,0,1050,G
3-PA,1436,1062,0,0,0,1062,A
3-PA,1437,0,1063,0,0,1063,T
3-PA,1438,0,1064,0,0,1064,T
3-PA,1439,0,1061,0,0,1061,T
3-PA,1440,0,1056,0,0,1056,T
3-PA,1441,1,0,0,1064,1065,C
3-PA,1442,1066,0,0,0,1066,A
3-PA,1443,1071,0,0,0,1071,A
3-PA,1444,1,0,0,1066,1067,C
3-PA,1445,0,1046,0,0,1046,T
3-PA,1446,1049,0,0,0,1049,A
3-PA,1447,1050,0,0,0,1050,A
3-PA,1448,0,1049,0,0,1049,T
3-PA,1449,0,1042,0,0,1042,T
3-PA,1450,1,0,0,1050,1051,C
3-PA,1451,1,0,0,1051,1052,C
3-PA,1452,0,0,0,1052,1052,C
3-PA,1453,1054,0,2,0,1056,A
3-PA,1454,0,1079,0,1,1080,T
3-PA,1455,0,0,1083,0,1083,G
3-PA,1456,1084,0,0,0,1084,A
3-PA,1457,0,1076,0,0,1076,T
3-PA,1458,1076,0,0,0,1076,A
3-PA,1459,1077,0,0,0,1077,A
3-PA,1460,0,0,1077,0,1077,G
3-PA,1461,0,0,0,1076,1076,C
3-PA,1462,1067,0,0,0,1067,A
3-PA,1463,1031,0,0,0,1031,A
3-PA,1464,0,0,1044,0,1044,G
3-PA,1465,0,1030,0,0,1030,T
3-PA,1466,0,0,1030,0,1030,G
3-PA,1467,0,1,0,1028,1029,C
3-PA,1468,1015,0,0,0,1015,A
3-PA,1469,0,0,1027,0,1027,G
3-PA,1470,1021,0,0,0,1021,A
3-PA,1471,1021,0,0,0,1021,A
3-PA,1472,0,0,0,1022,1022,C
3-PA,1473,992,1,0,0,993,A
3-PA,1474,1013,0,0,0,1013,A
3-PA,1475,1013,0,1,0,1014,A
3-PA,1476,1011,0,1,0,1012,A
3-PA,1477,0,0,1019,0,1019,G
3-PA,1478,1000,0,0,0,1000,A
3-PA,1479,1,0,1000,0,1001,G
3-PA,1480,0,0,993,0,993,G
3-PA,1481,0,0,992,0,992,G
3-PA,1482,987,0,1,0,988,A
3-PA,1483,961,0,0,0,961,A
3-PA,1484,0,0,958,0,958,G
3-PA,1485,0,0,957,0,957,G
3-PA,1486,0,1,0,954,955,C
3-PA,1487,0,0,961,0,961,G
3-PA,1488,963,0,1,0,964,A
3-PA,1489,963,0,0,0,963,A
3-PA,1490,963,0,1,0,964,A
3-PA,1491,959,0,0,0,959,A
3-PA,1492,957,0,0,0,957,A
3-PA,1493,1,0,0,959,960,C
3-PA,1494,0,0,0,963,963,C
3-PA,1495,964,0,0,0,964,A
3-PA,1496,975,0,0,1,976,A
3-PA,1497,0,974,0,0,974,T
3-PA,1498,0,973,0,0,973,T
3-PA,1499,0,976,0,0,976,T
3-PA,1500,986,0,0,0,986,A
3-PA,1501,0,983,0,0,983,T
3-PA,1502,985,0,0,0,985,A
3-PA,1503,0,976,0,0,976,T
3-PA,1504,0,0,963,0,963,G
3-PA,1505,0,0,960,0,960,G
3-PA,1506,956,0,1,0,957,A
3-PA,1507,0,947,0,0,947,T
3-PA,1508,0,937,0,0,937,T
3-PA,1509,0,0,0,937,937,C
3-PA,1510,934,0,1,0,935,A
3-PA,1511,0,946,0,0,946,T
3-PA,1512,0,1,0,949,950,C
3-PA,1513,945,0,0,0,945,A
3-PA,1514,1,938,0,1,940,T
3-PA,1515,932,0,0,0,932,A
3-PA,1516,934,0,0,0,934,A
3-PA,1517,931,0,1,0,932,A
3-PA,1518,0,0,925,0,925,G
3-PA,1519,0,0,906,0,906,G
3-PA,1520,0,0,895,0,895,G
3-PA,1521,885,1,0,0,886,A
3-PA,1522,870,0,0,0,870,A
3-PA,1523,0,0,878,0,878,G
3-PA,1524,866,0,0,0,866,A
3-PA,1525,0,862,0,0,862,T
3-PA,1526,1,0,0,861,862,C
3-PA,1527,0,842,0,1,843,T
3-PA,1528,0,0,0,859,859,C
3-PA,1529,860,0,0,0,860,A
3-PA,1530,0,858,0,0,858,T
3-PA,1531,0,859,0,0,859,T
3-PA,1532,0,844,0,0,844,T
3-PA,1533,840,0,0,0,840,A
3-PA,1534,843,0,0,0,843,A
3-PA,1535,0,0,841,0,841,G
3-PA,1536,0,0,846,0,846,G
3-PA,1537,796,0,0,0,796,A
3-PA,1538,798,0,0,0,798,A
3-PA,1539,0,791,2,0,793,T
3-PA,1540,0,0,797,0,797,G
3-PA,1541,813,0,0,0,813,A
3-PA,1542,0,0,0,815,815,C
3-PA,1543,810,0,1,0,811,A
3-PA,1544,0,1,0,811,812,C
3-PA,1545,785,0,0,0,785,A
3-PA,1546,0,0,786,0,786,G
3-PA,1547,774,0,0,0,774,A
3-PA,1548,0,0,0,747,747,C
3-PA,1549,0,0,744,0,744,G
3-PA,1550,0,671,0,0,671,T
3-PA,1551,0,0,669,0,669,G
3-PA,1552,0,0,670,0,670,G
3-PA,1553,0,669,0,0,669,T
3-PA,1554,670,0,0,0,670,A
3-PA,1555,644,0,0,0,644,A
3-PA,1556,647,0,0,0,647,A
3-PA,1557,0,638,0,0,638,T
3-PA,1558,0,630,0,0,630,T
3-PA,1559,0,627,0,0,627,T
3-PA,1560,0,622,0,0,622,T
3-PA,1561,0,0,622,0,622,G
3-PA,1562,0,622,0,0,622,T
3-PA,1563,0,0,619,0,619,G
3-PA,1564,619,0,0,0,619,A
3-PA,1565,0,0,619,0,619,G
3-PA,1566,0,0,0,618,618,C
3-PA,1567,616,0,0,0,616,A
3-PA,1568,0,614,0,0,614,T
3-PA,1569,0,0,615,0,615,G
3-PA,1570,1,0,616,0,617,G
3-PA,1571,619,0,0,0,619,A
3-PA,1572,0,0,617,0,617,G
3-PA,1573,0,605,0,0,605,T
3-PA,1574,0,593,0,1,594,T
3-PA,1575,0,596,0,1,597,T
3-PA,1576,0,598,0,0,598,T
3-PA,1577,0,1,0,595,596,C
3-PA,1578,0,589,0,1,590,T
3-PA,1579,0,0,0,595,595,C
3-PA,1580,0,571,0,2,573,T
3-PA,1581,0,0,0,568,568,C
3-PA,1582,568,0,0,0,568,A
3-PA,1583,0,0,0,567,567,C
3-PA,1584,0,540,0,0,540,T
3-PA,1585,0,0,535,0,535,G
3-PA,1586,530,0,0,0,530,A
3-PA,1587,0,0,0,532,532,C
3-PA,1588,0,0,0,530,530,C
3-PA,1589,0,0,0,523,523,C
3-PA,1590,0,0,520,0,520,G
3-PA,1591,516,0,0,0,516,A
3-PA,1592,0,0,519,0,519,G
3-PA,1593,516,0,0,0,516,A
3-PA,1594,0,0,0,497,497,C
3-PA,1595,0,479,0,1,480,T
3-PA,1596,0,454,0,1,455,T
3-PA,1597,0,0,453,0,453,G
3-PA,1598,451,0,0,0,451,A
3-PA,1599,0,0,452,0,452,G
3-PA,1600,0,0,0,446,446,C
3-PA,1601,0,0,0,430,430,C
3-PA,1602,422,0,0,0,422,A
3-PA,1603,0,0,0,423,423,C
3-PA,1604,426,0,0,0,426,A
3-PA,1605,0,424,0,0,424,T
3-PA,1606,413,0,0,0,413,A
3-PA,1607,407,0,0,0,407,A
3-PA,1608,408,0,0,0,408,A
3-PA,1609,0,401,0,0,401,T
3-PA,1610,0,0,401,0,401,G
3-PA,1611,0,0,349,0,349,G
3-PA,1612,0,1,339,0,340,G
3-PA,1613,329,0,0,0,329,A
3-PA,1614,0,0,326,0,326,G
3-PA,1615,320,0,0,0,320,A
3-PA,1616,309,0,0,0,309,A
3-PA,1617,305,0,0,0,305,A
3-PA,1618,0,301,0,0,301,T
3-PA,1619,296,0,1,0,297,A
3-PA,1620,1,0,0,297,298,C
3-PA,1621,0,156,0,0,156,T
3-PA,1622,0,0,157,0,157,G
3-PA,1623,0,85,0,0,85,T
3-PA,1624,0,0,85,0,85,G
3-PA,1625,0,78,0,0,78,T
3-PA,1626,0,0,0,27,27,C
3-PA,1627,0,0,0,21,21,C
3-PA,1628,0,15,0,0,15,T
3-PA,1629,0,14,0,0,14,T
3-PA,1630,0,0,15,0,15,G
3-PA,1631,15,0,0,0,15,A
3-PA,1632,0,0,16,0,16,G
3-PA,1633,14,0,0,0,14,A
3-PA,1634,0,15,0,0,15,T
3-PA,1635,15,0,0,0,15,A
3-PA,1636,0,0,16,0,16,G
3-PA,1637,0,0,16,0,16,G
3-PA,1638,16,0,0,0,16,A
3-PA,1639,0,0,16,0,16,G
3-PA,1640,16,0,0,0,16,A
3-PA,1641,0,16,0,0,16,T
3-PA,1642,16,0,0,0,16,A
3-PA,1643,0,16,0,0,16,T
3-PA,1644,0,0,16,0,16,G
3-PA,1645,0,16,0,0,16,T
3-PA,1646,0,16,0,0,16,T
3-PA,1647,16,0,0,0,16,A
3-PA,1648,0,16,0,0,16,T
3-PA,1649,0,17,0,0,17,T
3-PA,1650,17,0,0,0,17,A
3-PA,1651,17,0,0,0,17,A
3-PA,1652,0,0,17,0,17,G
3-PA,1653,15,0,1,0,16,A
3-PA,1654,16,0,0,0,16,A
3-PA,1655,0,0,16,0,16,G
3-PA,1656,0,17,0,0,17,T
3-PA,1657,0,0,17,0,17,G
3-PA,1658,0,0,0,17,17,C
3-PA,1659,0,0,0,17,17,C
3-PA,1660,17,0,0,0,17,A
3-PA,1661,0,17,0,0,17,T
3-PA,1662,17,0,0,0,17,A
3-PA,1663,0,0,17,0,17,G
3-PA,1664,0,0,16,0,16,G
3-PA,1665,0,0,0,16,16,C
3-PA,1666,0,0,0,16,16,C
3-PA,1667,16,0,0,0,16,A
3-PA,1668,16,0,0,0,16,A
3-PA,1669,16,0,0,0,16,A
3-PA,1670,0,16,0,0,16,T
3-PA,1671,0,16,0,0,16,T
3-PA,1672,0,16,0,0,16,T
3-PA,1673,0,0,0,16,16,C
3-PA,1674,16,0,0,0,16,A
3-PA,1675,16,0,0,0,16,A
3-PA,1676,0,0,18,0,18,G
3-PA,1677,0,0,19,0,19,G
3-PA,1678,0,0,0,19,19,C
3-PA,1679,0,0,0,18,18,C
3-PA,1680,0,18,0,0,18,T
3-PA,1681,34,0,0,0,34,A
3-PA,1682,0,34,0,0,34,T
3-PA,1683,0,0,37,0,37,G
3-PA,1684,0,36,0,0,36,T
3-PA,1685,0,36,0,0,36,T
3-PA,1686,0,0,0,38,38,C
3-PA,1687,0,38,0,0,38,T
3-PA,1688,0,38,0,0,38,T
3-PA,1689,0,0,38,0,38,G
3-PA,1690,0,38,0,0,38,T
3-PA,1691,38,0,0,0,38,A
3-PA,1692,0,37,0,0,37,T
3-PA,1693,0,0,37,0,37,G
3-PA,1694,0,36,0,0,36,T
3-PA,1695,0,0,37,0,37,G
3-PA,1696,37,0,0,0,37,A
3-PA,1697,0,0,37,0,37,G
3-PA,1698,0,0,37,0,37,G
3-PA,1699,37,0,0,0,37,A
3-PA,1700,0,0,0,36,36,C
3-PA,1701,36,0,0,0,36,A
3-PA,1702,36,0,0,0,36,A
3-PA,1703,36,0,0,0,36,A
3-PA,1704,0,0,0,36,36,C
3-PA,1705,0,0,36,0,36,G
3-PA,1706,0,0,37,0,37,G
3-PA,1707,37,0,0,0,37,A
3-PA,1708,37,0,0,0,37,A
3-PA,1709,0,0,0,35,35,C
3-PA,1710,36,0,0,0,36,A
3-PA,1711,0,36,0,0,36,T
3-PA,1712,0,0,0,37,37,C
3-PA,1713,37,0,0,0,37,A
3-PA,1714,37,0,0,0,37,A
3-PA,1715,36,0,0,0,36,A
3-PA,1716,0,0,36,0,36,G
3-PA,1717,0,0,36,0,36,G
3-PA,1718,0,36,0,0,36,T
3-PA,1719,0,0,0,35,35,C
3-PA,1720,36,0,0,0,36,A
3-PA,1721,36,0,0,0,36,A
3-PA,1722,36,0,0,0,36,A
3-PA,1723,36,0,0,0,36,A
3-PA,1724,0,35,0,0,35,T
3-PA,1725,0,0,36,0,36,G
3-PA,1726,36,0,0,0,36,A
3-PA,1727,36,0,0,0,36,A
3-PA,1728,36,0,0,0,36,A
3-PA,1729,0,36,0,0,36,T
3-PA,1730,0,0,38,0,38,G
3-PA,1731,0,0,38,0,38,G
3-PA,1732,0,0,37,0,37,G
3-PA,1733,0,0,38,0,38,G
3-PA,1734,38,0,0,0,38,A
3-PA,1735,38,0,0,0,38,A
3-PA,1736,0,38,0,0,38,T
3-PA,1737,0,0,38,0,38,G
3-PA,1738,0,0,39,0,39,G
3-PA,1739,39,0,0,0,39,A
3-PA,1740,0,0,39,0,39,G
3-PA,1741,39,0,0,0,39,A
3-PA,1742,0,39,0,0,39,T
3-PA,1743,0,0,39,0,39,G
3-PA,1744,38,0,0,0,38,A
3-PA,1745,0,0,39,0,39,G
3-PA,1746,40,0,0,0,40,A
3-PA,1747,0,0,0,40,40,C
3-PA,1748,0,0,39,0,39,G
3-PA,1749,0,39,0,0,39,T
3-PA,1750,0,39,0,0,39,T
3-PA,1751,0,0,40,0,40,G
3-PA,1752,0,0,0,40,40,C
3-PA,1753,0,0,0,40,40,C
3-PA,1754,0,40,0,0,40,T
3-PA,1755,0,0,0,40,40,C
3-PA,1756,0,0,0,40,40,C
3-PA,1757,0,40,0,0,40,T
3-PA,1758,0,40,0,0,40,T
3-PA,1759,0,0,0,40,40,C
3-PA,1760,39,0,0,0,39,A
3-PA,1761,0,0,39,0,39,G
3-PA,1762,0,38,0,0,38,T
3-PA,1763,0,0,0,38,38,C
3-PA,1764,37,0,0,0,37,A
3-PA,1765,0,0,0,37,37,C
3-PA,1766,0,37,0,0,37,T
3-PA,1767,0,0,0,37,37,C
3-PA,1768,0,0,0,37,37,C
3-PA,1769,37,0,0,0,37,A
3-PA,1770,0,0,37,0,37,G
3-PA,1771,0,0,0,37,37,C
3-PA,1772,37,0,0,0,37,A
3-PA,1773,0,0,37,0,37,G
3-PA,1774,37,0,0,0,37,A
3-PA,1775,0,37,0,0,37,T
3-PA,1776,0,0,0,35,35,C
3-PA,1777,0,0,36,0,36,G
3-PA,1778,36,0,0,0,36,A
3-PA,1779,0,0,36,0,36,G
3-PA,1780,36,0,0,0,36,A
3-PA,1781,0,0,37,0,37,G
3-PA,1782,0,0,0,36,36,C
3-PA,1783,36,0,0,0,36,A
3-PA,1784,0,36,0,0,36,T
3-PA,1785,0,0,37,0,37,G
3-PA,1786,38,0,0,0,38,A
3-PA,1787,0,38,0,0,38,T
3-PA,1788,0,38,0,0,38,T
3-PA,1789,0,0,37,0,37,G
3-PA,1790,38,0,0,0,38,A
3-PA,1791,37,0,0,0,37,A
3-PA,1792,0,0,38,0,38,G
3-PA,1793,0,0,0,38,38,C
3-PA,1794,0,0,0,38,38,C
3-PA,1795,0,0,38,0,38,G
3-PA,1796,38,0,0,0,38,A
3-PA,1797,0,0,38,0,38,G
3-PA,1798,0,37,0,1,38,T
3-PA,1799,0,0,0,38,38,C
3-PA,1800,0,0,0,38,38,C
3-PA,1801,0,38,0,0,38,T
3-PA,1802,0,0,0,38,38,C
3-PA,1803,0,0,38,0,38,G
3-PA,1804,0,0,38,0,38,G
3-PA,1805,0,38,0,0,38,T
3-PA,1806,0,38,0,0,38,T
3-PA,1807,38,0,0,0,38,A
3-PA,1808,37,0,0,0,37,A
3-PA,1809,37,0,0,0,37,A
3-PA,1810,0,0,38,0,38,G
3-PA,1811,38,0,0,0,38,A
3-PA,1812,0,0,38,0,38,G
3-PA,1813,37,0,0,0,37,A
3-PA,1814,37,0,0,0,37,A
3-PA,1815,37,0,0,0,37,A
3-PA,1816,0,0,37,0,37,G
3-PA,1817,36,0,0,0,36,A
3-PA,1818,0,0,0,36,36,C
3-PA,1819,35,0,0,0,35,A
3-PA,1820,0,36,0,0,36,T
3-PA,1821,0,0,36,0,36,G
3-PA,1822,36,0,0,0,36,A
3-PA,1823,0,0,0,37,37,C
3-PA,1824,0,0,0,37,37,C
3-PA,1825,37,0,0,0,37,A
3-PA,1826,36,0,1,0,37,A
3-PA,1827,37,0,0,0,37,A
3-PA,1828,0,0,37,0,37,G
3-PA,1829,36,0,0,0,36,A
3-PA,1830,0,0,37,0,37,G
3-PA,1831,0,35,0,0,35,T
3-PA,1832,0,36,0,0,36,T
3-PA,1833,0,36,0,0,36,T
3-PA,1834,0,35,0,0,35,T
3-PA,1835,0,35,0,0,35,T
3-PA,1836,0,36,0,0,36,T
3-PA,1837,0,0,36,0,36,G
3-PA,1838,35,0,0,0,35,A
3-PA,1839,0,0,36,0,36,G
3-PA,1840,36,0,0,0,36,A
3-PA,1841,36,0,0,0,36,A
3-PA,1842,0,36,0,0,36,T
3-PA,1843,35,1,0,0,36,A
3-PA,1844,36,0,0,0,36,A
3-PA,1845,36,0,0,0,36,A
3-PA,1846,0,35,0,0,35,T
3-PA,1847,0,0,0,36,36,C
3-PA,1848,35,0,0,0,35,A
3-PA,1849,0,0,35,0,35,G
3-PA,1850,34,0,0,0,34,A
3-PA,1851,33,0,0,0,33,A
3-PA,1852,0,0,33,0,33,G
3-PA,1853,0,0,0,33,33,C
3-PA,1854,34,0,0,0,34,A
3-PA,1855,0,33,0,0,33,T
3-PA,1856,0,0,34,0,34,G
3-PA,1857,0,0,33,0,33,G
3-PA,1858,0,0,0,33,33,C
3-PA,1859,0,0,0,33,33,C
3-PA,1860,0,0,0,33,33,C
3-PA,1861,34,0,0,0,34,A
3-PA,1862,0,32,0,0,32,T
3-PA,1863,0,33,0,0,33,T
3-PA,1864,0,0,34,0,34,G
3-PA,1865,0,0,34,0,34,G
3-PA,1866,0,0,34,0,34,G
3-PA,1867,0,0,34,0,34,G
3-PA,1868,34,0,0,0,34,A
3-PA,1869,0,0,34,0,34,G
3-PA,1870,0,33,0,0,33,T
3-PA,1871,0,0,0,34,34,C
3-PA,1872,0,0,0,35,35,C
3-PA,1873,0,0,0,36,36,C
3-PA,1874,0,0,0,34,34,C
3-PA,1875,0,0,0,36,36,C
3-PA,1876,35,0,0,0,35,A
3-PA,1877,36,0,0,0,36,A
3-PA,1878,0,0,37,0,37,G
3-PA,1879,0,0,35,0,35,G
3-PA,1880,0,0,35,0,35,G
3-PA,1881,31,0,0,0,31,A
3-PA,1882,0,0,31,0,31,G
3-PA,1883,0,31,0,0,31,T
3-PA,1884,0,0,31,0,31,G
3-PA,1885,0,0,31,0,31,G
3-PA,1886,31,0,0,0,31,A
3-PA,1887,31,0,0,0,31,A
3-PA,1888,0,0,30,0,30,G
3-PA,1889,29,0,0,0,29,A
3-PA,1890,29,0,0,0,29,A
3-PA,1891,0,0,29,0,29,G
3-PA,1892,0,0,29,0,29,G
3-PA,1893,0,28,0,0,28,T
3-PA,1894,0,28,0,0,28,T
3-PA,1895,0,0,0,29,29,C
3-PA,1896,0,0,0,29,29,C
3-PA,1897,29,0,0,0,29,A
3-PA,1898,0,30,0,0,30,T
3-PA,1899,0,30,0,0,30,T
3-PA,1900,0,0,30,0,30,G
3-PA,1901,0,0,29,0,29,G
3-PA,1902,0,0,30,0,30,G
3-PA,1903,29,0,0,0,29,A
3-PA,1904,29,0,0,0,29,A
3-PA,1905,30,0,0,0,30,A
3-PA,1906,0,0,30,0,30,G
3-PA,1907,0,30,0,0,30,T
3-PA,1908,0,0,0,30,30,C
3-PA,1909,0,29,0,0,29,T
3-PA,1910,0,0,29,0,29,G
3-PA,1911,0,29,0,0,29,T
3-PA,1912,29,0,0,0,29,A
3-PA,1913,0,0,29,0,29,G
3-PA,1914,0,0,29,0,29,G
3-PA,1915,29,0,0,0,29,A
3-PA,1916,0,0,0,29,29,C
3-PA,1917,0,28,0,0,28,T
3-PA,1918,0,0,0,29,29,C
3-PA,1919,0,30,0,0,30,T
3-PA,1920,30,0,0,0,30,A
3-PA,1921,0,30,0,0,30,T
3-PA,1922,0,29,0,0,29,T
3-PA,1923,0,0,31,0,31,G
3-PA,1924,0,0,31,0,31,G
3-PA,1925,0,0,0,30,30,C
3-PA,1926,0,31,0,0,31,T
3-PA,1927,25,0,0,0,25,A
3-PA,1928,25,0,0,0,25,A
3-PA,1929,0,0,25,0,25,G
3-PA,1930,0,25,0,0,25,T
3-PA,1931,0,0,0,25,25,C
3-PA,1932,24,0,0,0,24,A
3-PA,1933,0,0,25,0,25,G
3-PA,1934,0,25,0,0,25,T
3-PA,1935,25,0,0,0,25,A
3-PA,1936,0,25,0,0,25,T
3-PA,1937,0,25,0,0,25,T
3-PA,1938,0,0,0,25,25,C
3-PA,1939,25,0,0,0,25,A
3-PA,1940,25,0,0,0,25,A
3-PA,1941,0,25,0,0,25,T
3-PA,1942,25,0,0,0,25,A
3-PA,1943,0,0,25,0,25,G
3-PA,1944,0,0,0,25,25,C
3-PA,1945,0,0,0,25,25,C
3-PA,1946,0,25,0,0,25,T
3-PA,1947,0,0,25,0,25,G
3-PA,1948,0,25,0,0,25,T
3-PA,1949,25,0,0,0,25,A
3-PA,1950,0,24,0,0,24,T
3-PA,1951,0,0,23,0,23,G
3-PA,1952,0,0,0,24,24,C
3-PA,1953,24,0,0,0,24,A
3-PA,1954,0,24,0,0,24,T
3-PA,1955,0,0,0,24,24,C
3-PA,1956,23,0,0,0,23,A
3-PA,1957,0,0,0,23,23,C
3-PA,1958,0,0,0,23,23,C
3-PA,1959,22,0,0,0,22,A
3-PA,1960,0,0,0,23,23,C
3-PA,1961,23,0,0,0,23,A
3-PA,1962,23,0,0,0,23,A
3-PA,1963,0,23,0,0,23,T
3-PA,1964,0,22,0,0,22,T
3-PA,1965,0,0,22,0,22,G
3-PA,1966,0,0,21,0,21,G
3-PA,1967,22,0,0,0,22,A
3-PA,1968,22,0,0,0,22,A
3-PA,1969,0,0,22,0,22,G
3-PA,1970,0,0,22,0,22,G
3-PA,1971,22,0,0,0,22,A
3-PA,1972,0,22,0,0,22,T
3-PA,1973,0,22,0,0,22,T
3-PA,1974,0,22,0,0,22,T
3-PA,1975,0,22,0,0,22,T
3-PA,1976,0,0,0,22,22,C
3-PA,1977,22,0,0,0,22,A
3-PA,1978,0,0,22,0,22,G
3-PA,1979,0,0,0,22,22,C
3-PA,1980,0,0,21,0,21,G
3-PA,1981,0,0,21,0,21,G
3-PA,1982,20,0,0,0,20,A
3-PA,1983,0,0,20,0,20,G
3-PA,1984,0,20,0,0,20,T
3-PA,1985,0,0,0,20,20,C
3-PA,1986,20,0,0,0,20,A
3-PA,1987,20,0,0,0,20,A
3-PA,1988,0,0,20,0,20,G
3-PA,1989,20,0,0,0,20,A
3-PA,1990,20,0,0,0,20,A
3-PA,1991,20,0,0,0,20,A
3-PA,1992,19,0,0,0,19,A
3-PA,1993,0,0,0,19,19,C
3-PA,1994,0,18,0,0,18,T
3-PA,1995,0,0,18,0,18,G
3-PA,1996,0,1,0,17,18,C
3-PA,1997,0,18,0,0,18,T
3-PA,1998,0,0,0,18,18,C
3-PA,1999,0,0,0,18,18,C
3-PA,2000,0,18,0,0,18,T
3-PA,2001,0,18,0,0,18,T
3-PA,2002,0,0,18,0,18,G
3-PA,2003,0,18,0,0,18,T
3-PA,2004,0,18,0,0,18,T
3-PA,2005,0,0,18,0,18,G
3-PA,2006,0,18,0,0,18,T
3-PA,2007,0,18,0,0,18,T
3-PA,2008,0,0,0,18,18,C
3-PA,2009,16,0,0,1,17,A
3-PA,2010,0,0,17,0,17,G
3-PA,2011,0,0,17,0,17,G
3-PA,2012,0,0,0,17,17,C
3-PA,2013,0,17,0,0,17,T
3-PA,2014,0,0,0,15,15,C
3-PA,2015,0,15,0,0,15,T
3-PA,2016,0,15,0,0,15,T
3-PA,2017,15,0,0,0,15,A
3-PA,2018,0,0,15,0,15,G
3-PA,2019,0,0,15,0,15,G
3-PA,2020,0,0,15,0,15,G
3-PA,2021,15,0,0,0,15,A
3-PA,2022,0,0,0,16,16,C
3-PA,2023,15,0,0,0,15,A
3-PA,2024,15,0,0,0,15,A
3-PA,2025,0,0,0,15,15,C
3-PA,2026,0,0,0,15,15,C
3-PA,2027,0,15,0,0,15,T
3-PA,2028,0,0,0,15,15,C
3-PA,2029,0,0,15,0,15,G
3-PA,2030,15,0,0,0,15,A
3-PA,2031,16,0,0,0,16,A
3-PA,2032,0,0,0,16,16,C
3-PA,2033,0,0,0,16,16,C
3-PA,2034,0,15,0,0,15,T
3-PA,2035,0,0,15,0,15,G
3-PA,2036,0,0,15,0,15,G
3-PA,2037,0,0,15,0,15,G
3-PA,2038,15,0,0,0,15,A
3-PA,2039,0,0,0,14,14,C
3-PA,2040,0,0,0,15,15,C
3-PA,2041,0,15,0,0,15,T
3-PA,2042,0,15,0,0,15,T
3-PA,2043,0,15,0,0,15,T
3-PA,2044,0,0,15,0,15,G
3-PA,2045,15,0,0,0,15,A
3-PA,2046,0,15,0,0,15,T
3-PA,2047,0,0,0,15,15,C
3-PA,2048,0,15,0,0,15,T
3-PA,2049,0,15,0,0,15,T
3-PA,2050,0,0,15,0,15,G
3-PA,2051,0,0,15,0,15,G
3-PA,2052,0,0,15,0,15,G
3-PA,2053,0,0,15,0,15,G
3-PA,2054,0,0,15,0,15,G
3-PA,2055,0,0,15,0,15,G
3-PA,2056,0,0,0,15,15,C
3-PA,2057,0,15,0,0,15,T
3-PA,2058,0,0,15,0,15,G
3-PA,2059,0,16,0,0,16,T
3-PA,2060,16,0,0,0,16,A
3-PA,2061,0,16,0,0,16,T
3-PA,2062,0,0,16,0,16,G
3-PA,2063,16,0,0,0,16,A
3-PA,2064,16,0,0,0,16,A
3-PA,2065,0,0,16,0,16,G
3-PA,2066,0,0,0,16,16,C
3-PA,2067,13,0,0,0,13,A
3-PA,2068,13,0,0,0,13,A
3-PA,2069,0,13,0,0,13,T
3-PA,2070,0,13,0,0,13,T
3-PA,2071,0,0,13,0,13,G
3-PA,2072,13,0,0,0,13,A
3-PA,2073,0,0,13,0,13,G
3-PA,2074,0,0,13,0,13,G
3-PA,2075,12,0,0,0,12,A
3-PA,2076,0,0,12,0,12,G
3-PA,2077,0,11,0,0,11,T
3-PA,2078,0,0,11,0,11,G
3-PA,2079,0,0,0,11,11,C
3-PA,2080,0,0,0,11,11,C
3-PA,2081,0,11,0,0,11,T
3-PA,2082,0,0,11,0,11,G
3-PA,2083,11,0,0,0,11,A
3-PA,2084,0,11,0,0,11,T
3-PA,2085,0,10,0,0,10,T
3-PA,2086,10,0,0,0,10,A
3-PA,2087,10,0,0,0,10,A
3-PA,2088,0,10,0,0,10,T
3-PA,2089,0,0,10,0,10,G
3-PA,2090,10,0,0,0,10,A
3-PA,2091,0,8,0,0,8,T
3-PA,2092,0,0,0,8,8,C
3-PA,2093,0,0,0,8,8,C
3-PA,2094,0,0,0,8,8,C
3-PA,2095,0,7,0,0,7,T
3-PA,2096,0,0,8,0,8,G
3-PA,2097,0,0,8,0,8,G
3-PA,2098,0,0,8,0,8,G
3-PA,2099,0,8,0,0,8,T
3-PA,2100,0,8,0,0,8,T
3-PA,2101,0,8,0,0,8,T
3-PA,2102,0,8,0,0,8,T
3-PA,2103,0,0,7,0,7,G
3-PA,2104,0,0,0,8,8,C
3-PA,2105,0,7,0,0,7,T
3-PA,2106,0,0,0,7,7,C
3-PA,2107,7,0,0,0,7,A
3-PA,2108,7,0,0,0,7,A
3-PA,2109,0,7,0,0,7,T
3-PA,2110,0,0,7,0,7,G
3-PA,2111,0,0,0,7,7,C
3-PA,2112,0,0,7,0,7,G
3-PA,2113,0,7,0,0,7,T
3-PA,2114,0,0,0,7,7,C
3-PA,2115,0,7,0,0,7,T
3-PA,2116,0,7,0,0,7,T
3-PA,2117,0,0,7,0,7,G
3-PA,2118,0,0,7,0,7,G
3-PA,2119,0,7,0,0,7,T
3-PA,2120,0,7,0,0,7,T
3-PA,2121,0,0,0,7,7,C
3-PA,2122,7,0,0,0,7,A
3-PA,2123,7,0,0,0,7,A
3-PA,2124,0,0,0,7,7,C
3-PA,2125,0,6,0,0,6,T
3-PA,2126,0,0,0,6,6,C
3-PA,2127,0,0,0,6,6,C
3-PA,2128,0,6,0,0,6,T
3-PA,2129,0,6,0,0,6,T
3-PA,2130,0,0,0,6,6,C
3-PA,2131,0,0,0,6,6,C
3-PA,2132,0,5,0,0,5,T
3-PA,2133,0,0,5,0,5,G
3-PA,2134,5,0,0,0,5,A
3-PA,2135,0,0,0,5,5,C
3-PA,2136,5,0,0,0,5,A
3-PA,2137,0,0,0,5,5,C
3-PA,2138,5,0,0,0,5,A
3-PA,2139,0,5,0,0,5,T
3-PA,2140,0,0,5,0,5,G
3-PA,2141,0,0,0,5,5,C
3-PA,2142,5,0,0,0,5,A
3-PA,2143,0,5,0,0,5,T
3-PA,2144,0,5,0,0,5,T
3-PA,2145,5,0,0,0,5,A
3-PA,2146,5,0,0,0,5,A
3-PA,2147,5,0,0,0,5,A
3-PA,2148,5,0,0,0,5,A
3-PA,2149,0,5,0,0,5,T
3-PA,2150,5,0,0,0,5,A
3-PA,2151,0,0,5,0,5,G
4-HA,1,63,0,0,0,63,A
4-HA,2,0,64,0,0,64,T
4-HA,3,0,0,66,0,66,G
4-HA,4,66,0,0,0,66,A
4-HA,5,68,0,0,0,68,A
4-HA,6,0,0,77,0,77,G
4-HA,7,76,0,0,0,76,A
4-HA,8,0,0,0,79,79,C
4-HA,9,0,78,0,0,78,T
4-HA,10,83,0,0,0,83,A
4-HA,11,0,83,0,0,83,T
4-HA,12,0,0,0,84,84,C
4-HA,13,84,0,0,0,84,A
4-HA,14,0,84,0,0,84,T
4-HA,15,1,84,0,0,85,T
4-HA,16,0,0,98,0,98,G
4-HA,17,0,0,0,98,98,C
4-HA,18,0,98,0,0,98,T
4-HA,19,0,98,0,0,98,T
4-HA,20,0,98,0,0,98,T
4-HA,21,98,0,0,0,98,A
4-HA,22,100,0,0,0,100,A
4-HA,23,0,0,101,0,101,G
4-HA,24,0,0,0,101,101,C
4-HA,25,0,102,0,0,102,T
4-HA,26,101,0,0,0,101,A
4-HA,27,0,0,0,102,102,C
4-HA,28,0,102,0,0,102,T
4-HA,29,0,120,0,0,120,T
4-HA,30,0,120,0,0,120,T
4-HA,31,0,0,0,120,120,C
4-HA,32,0,120,0,0,120,T
4-HA,33,118,0,0,0,118,A
4-HA,34,0,121,0,0,121,T
4-HA,35,0,0,120,0,120,G
4-HA,36,0,122,0,0,122,T
4-HA,37,0,1,0,120,121,C
4-HA,38,0,121,0,0,121,T
4-HA,39,0,0,122,0,122,G
4-HA,40,0,0,122,0,122,G
4-HA,41,1,119,0,1,121,T
4-HA,42,0,122,0,0,122,T
4-HA,43,0,123,0,0,123,T
4-HA,44,0,122,0,0,122,T
4-HA,45,0,0,0,123,123,C
4-HA,46,0,0,122,0,122,G
4-HA,47,0,0,0,123,123,C
4-HA,48,0,123,0,0,123,T
4-HA,49,0,0,0,123,123,C
4-HA,50,122,0,0,0,122,A
4-HA,51,122,0,0,0,122,A
4-HA,52,121,0,0,0,121,A
4-HA,53,123,0,0,0,123,A
4-HA,54,123,0,0,0,123,A
4-HA,55,0,123,0,0,123,T
4-HA,56,0,123,0,0,123,T
4-HA,57,0,123,0,0,123,T
4-HA,58,0,0,0,123,123,C
4-HA,59,0,0,0,123,123,C
4-HA,60,0,123,0,0,123,T
4-HA,61,0,0,124,0,124,G
4-HA,62,0,0,122,0,122,G
4-HA,63,124,0,0,0,124,A
4-HA,64,123,0,0,0,123,A
4-HA,65,124,0,0,0,124,A
4-HA,66,0,124,0,0,124,T
4-HA,67,0,0,127,0,127,G
4-HA,68,128,0,0,0,128,A
4-HA,69,0,0,0,132,132,C
4-HA,70,131,0,1,0,132,A
4-HA,71,132,0,0,0,132,A
4-HA,72,0,0,0,133,133,C
4-HA,73,133,0,0,0,133,A
4-HA,74,0,0,138,0,138,G
4-HA,75,0,0,0,138,138,C
4-HA,76,137,0,0,0,137,A
4-HA,77,0,0,0,139,139,C
4-HA,78,0,0,139,0,139,G
4-HA,79,0,0,141,0,141,G
4-HA,80,0,0,0,141,141,C
4-HA,81,142,0,0,0,142,A
4-HA,82,142,0,0,0,142,A
4-HA,83,0,0,0,143,143,C
4-HA,84,0,0,144,0,144,G
4-HA,85,0,0,0,146,146,C
4-HA,86,0,144,0,0,144,T
4-HA,87,0,0,146,0,146,G
4-HA,88,1,143,0,0,144,T
4-HA,89,0,0,154,0,154,G
4-HA,90,0,0,0,162,162,C
4-HA,91,0,0,0,168,168,C
4-HA,92,0,167,0,0,167,T
4-HA,93,0,167,0,0,167,T
4-HA,94,0,0,167,0,167,G
4-HA,95,0,0,165,0,165,G
4-HA,96,0,0,164,0,164,G
4-HA,97,0,0,0,162,162,C
4-HA,98,165,0,0,0,165,A
4-HA,99,0,0,0,170,170,C
4-HA,100,0,0,0,171,171,C
4-HA,101,182,0,0,0,182,A
4-HA,102,0,182,0,0,182,T
4-HA,103,0,0,184,0,184,G
4-HA,104,0,0,0,185,185,C
4-HA,105,184,0,0,0,184,A
4-HA,106,0,0,194,0,194,G
4-HA,107,0,193,0,0,193,T
4-HA,108,190,0,0,0,190,A
4-HA,109,0,0,0,192,192,C
4-HA,110,0,1,0,184,185,C
4-HA,111,187,0,0,0,187,A
4-HA,112,185,0,0,0,185,A
4-HA,113,184,0,0,0,184,A
4-HA,114,0,0,0,188,188,C
4-HA,115,0,0,186,0,186,G
4-HA,116,0,0,187,0,187,G
4-HA,117,185,0,0,0,185,A
4-HA,118,188,0,0,0,188,A
4-HA,119,0,0,0,190,190,C
4-HA,120,0,0,191,0,191,G
4-HA,121,195,0,0,0,195,A
4-HA,122,0,195,0,0,195,T
4-HA,123,201,0,0,0,201,A
4-HA,124,0,0,203,0,203,G
4-HA,125,0,200,0,0,200,T
4-HA,126,0,0,202,0,202,G
4-HA,127,202,0,0,0,202,A
4-HA,128,203,0,0,0,203,A
4-HA,129,203,0,0,0,203,A
4-HA,130,198,0,0,0,198,A
4-HA,131,0,0,0,203,203,C
4-HA,132,202,0,0,0,202,A
4-HA,133,198,0,0,0,198,A
4-HA,134,0,202,0,0,202,T
4-HA,135,0,0,0,199,199,C
4-HA,136,201,0,0,0,201,A
4-HA,137,0,0,0,200,200,C
4-HA,138,0,0,199,0,199,G
4-HA,139,200,0,0,0,200,A
4-HA,140,198,0,0,0,198,A
4-HA,141,0,199,0,0,199,T
4-HA,142,0,0,199,0,199,G
4-HA,143,200,0,0,0,200,A
4-HA,144,0,0,0,199,199,C
4-HA,145,0,0,0,201,201,C
4-HA,146,201,0,0,0,201,A
4-HA,147,204,0,0,0,204,A
4-HA,148,205,0,0,0,205,A
4-HA,149,0,206,0,0,206,T
4-HA,150,0,204,0,0,204,T
4-HA,151,0,0,207,0,207,G
4-HA,152,206,0,1,0,207,A
4-HA,153,208,0,0,0,208,A
4-HA,154,0,0,209,0,209,G
4-HA,155,0,211,0,0,211,T
4-HA,156,0,218,0,0,218,T
4-HA,157,219,0,0,0,219,A
4-HA,158,0,0,0,219,219,C
4-HA,159,0,222,0,0,222,T
4-HA,160,222,0,0,0,222,A
4-HA,161,228,0,0,0,228,A
4-HA,162,0,227,0,0,227,T
4-HA,163,0,0,228,0,228,G
4-HA,164,0,0,0,239,239,C
4-HA,165,0,237,0,0,237,T
4-HA,166,237,0,0,0,237,A
4-HA,167,0,0,0,240,240,C
4-HA,168,0,239,0,0,239,T
4-HA,169,0,0,238,0,238,G
4-HA,170,237,0,0,0,237,A
4-HA,171,0,0,238,0,238,G
4-HA,172,0,0,0,237,237,C
4-HA,173,0,230,0,0,230,T
4-HA,174,0,0,236,0,236,G
4-HA,175,0,0,236,0,236,G
4-HA,176,0,235,0,0,235,T
4-HA,177,0,235,0,0,235,T
4-HA,178,0,0,0,238,238,C
4-HA,179,236,0,1,0,237,A
4-HA,180,0,0,241,0,241,G
4-HA,181,237,0,0,0,237,A
4-HA,182,0,0,249,0,249,G
4-HA,183,0,246,0,1,247,T
4-HA,184,0,240,0,0,240,T
4-HA,185,0,0,0,240,240,C
4-HA,186,0,0,0,242,242,C
4-HA,187,0,241,0,0,241,T
4-HA,188,0,0,0,241,241,C
4-HA,189,242,0,0,0,242,A
4-HA,190,241,0,0,0,241,A
4-HA,191,0,0,0,244,244,C
4-HA,192,238,0,0,0,238,A
4-HA,193,0,0,244,0,244,G
4-HA,194,0,0,242,0,242,G
4-HA,195,0,240,0,1,241,T
4-HA,196,0,0,245,0,245,G
4-HA,197,244,0,0,0,244,A
4-HA,198,244,0,0,0,244,A
4-HA,199,249,0,0,0,249,A
4-HA,200,0,249,0,0,249,T
4-HA,201,253,0,0,0,253,A
4-HA,202,0,250,0,0,250,T
4-HA,203,0,0,248,0,248,G
4-HA,204,0,0,0,249,249,C
4-HA,205,0,0,250,0,250,G
4-HA,206,249,0,0,0,249,A
4-HA,207,0,0,0,251,251,C
4-HA,208,246,0,0,0,246,A
4-HA,209,0,0,262,0,262,G
4-HA,210,0,260,0,1,261,T
4-HA,211,0,0,0,263,263,C
4-HA,212,0,0,0,265,265,C
4-HA,213,0,265,0,0,265,T
4-HA,214,0,0,0,269,269,C
4-HA,215,270,0,0,0,270,A
4-HA,216,0,272,0,0,272,T
4-HA,217,0,0,0,270,270,C
4-HA,218,259,0,0,0,259,A
4-HA,219,0,0,262,0,262,G
4-HA,220,259,0,1,0,260,A
4-HA,221,0,260,0,0,260,T
4-HA,222,0,0,0,262,262,C
4-HA,223,0,0,0,261,261,C
4-HA,224,0,257,0,0,257,T
4-HA,225,0,259,0,0,259,T
4-HA,226,0,0,260,0,260,G
4-HA,227,261,0,0,0,261,A
4-HA,228,0,257,0,0,257,T
4-HA,229,0,0,256,0,256,G
4-HA,230,0,0,255,0,255,G
4-HA,231,255,0,0,0,255,A
4-HA,232,0,0,256,0,256,G
4-HA,233,254,0,2,0,256,A
4-HA,234,255,0,0,0,255,A
4-HA,235,258,0,0,0,258,A
4-HA,236,256,0,0,0,256,A
4-HA,237,0,0,0,257,257,C
4-HA,238,0,254,0,0,254,T
4-HA,239,0,0,254,0,254,G
4-HA,240,0,0,0,252,252,C
4-HA,241,255,0,0,0,255,A
4-HA,242,0,0,0,261,261,C
4-HA,243,261,0,0,0,261,A
4-HA,244,0,0,0,283,283,C
4-HA,245,0,285,0,0,285,T
4-HA,246,288,0,0,0,288,A
4-HA,247,287,0,0,0,287,A
4-HA,248,0,291,0,0,291,T
4-HA,249,287,0,2,0,289,A
4-HA,250,0,0,290,0,290,G
4-HA,251,283,0,0,0,283,A
4-HA,252,0,278,0,0,278,T
4-HA,253,0,0,261,0,261,G
4-HA,254,0,0,0,259,259,C
4-HA,255,0,259,0,0,259,T
4-HA,256,0,0,0,278,278,C
4-HA,257,0,279,0,0,279,T
4-HA,258,290,0,0,0,290,A
4-HA,259,0,290,0,0,290,T
4-HA,260,0,289,0,0,289,T
4-HA,261,0,0,298,0,298,G
4-HA,262,0,0,297,0,297,G
4-HA,263,0,0,299,0,299,G
4-HA,264,301,0,0,0,301,A
4-HA,265,0,0,297,0,297,G
4-HA,266,279,0,1,0,280,A
4-HA,267,0,0,0,315,315,C
4-HA,268,0,0,0,325,325,C
4-HA,269,0,1,0,329,330,C
4-HA,270,0,330,0,0,330,T
4-HA,271,0,0,0,350,350,C
4-HA,272,347,0,1,0,348,A
4-HA,273,0,1,379,0,380,G
4-HA,274,0,382,0,0,382,T
4-HA,275,0,4,379,0,383,G
4-HA,276,0,365,0,1,366,T
4-HA,277,0,0,367,0,367,G
4-HA,278,365,4,0,0,369,A
4-HA,279,0,368,0,0,368,T
4-HA,280,0,0,370,0,370,G
4-HA,281,0,0,369,0,369,G
4-HA,282,0,0,0,363,363,C
4-HA,283,0,360,0,1,361,T
4-HA,284,0,362,0,0,362,T
4-HA,285,0,0,0,365,365,C
4-HA,286,1,0,0,367,368,C
4-HA,287,366,0,0,0,366,A
4-HA,288,371,0,0,0,371,A
4-HA,289,375,0,0,0,375,A
4-HA,290,371,0,0,0,371,A
4-HA,291,0,370,0,0,370,T
4-HA,292,368,0,0,0,368,A
4-HA,293,371,0,0,0,371,A
4-HA,294,0,0,375,0,375,G
4-HA,295,372,0,0,0,372,A
4-HA,296,369,0,0,0,369,A
4-HA,297,0,372,0,1,373,T
4-HA,298,0,379,0,0,379,T
4-HA,299,0,0,376,0,376,G
4-HA,300,0,0,376,0,376,G
4-HA,301,0,0,374,0,374,G
4-HA,302,375,0,0,0,375,A
4-HA,303,0,0,0,374,374,C
4-HA,304,0,0,0,374,374,C
4-HA,305,0,383,0,0,383,T
4-HA,306,0,380,0,0,380,T
4-HA,307,0,384,0,0,384,T
4-HA,308,0,383,1,0,384,T
4-HA,309,0,386,0,0,386,T
4-HA,310,0,0,387,0,387,G
4-HA,311,0,388,0,0,388,T
4-HA,312,0,387,0,0,387,T
4-HA,313,0,0,389,0,389,G
4-HA,314,384,0,0,0,384,A
4-HA,315,387,0,0,0,387,A
4-HA,316,0,0,0,388,388,C
4-HA,317,0,0,387,0,387,G
4-HA,318,0,0,0,398,398,C
4-HA,319,396,0,0,0,396,A
4-HA,320,0,0,397,0,397,G
4-HA,321,0,0,0,400,400,C
4-HA,322,397,0,0,0,397,A
4-HA,323,401,0,0,0,401,A
4-HA,324,395,0,0,0,395,A
4-HA,325,0,0,419,0,419,G
4-HA,326,0,0,0,415,415,C
4-HA,327,0,0,0,422,422,C
4-HA,328,1,419,0,0,420,T
4-HA,329,422,0,0,0,422,A
4-HA,330,0,1,0,423,424,C
4-HA,331,424,0,0,0,424,A
4-HA,332,0,0,422,0,422,G
4-HA,333,0,0,0,419,419,C
4-HA,334,408,0,0,0,408,A
4-HA,335,410,0,0,0,410,A
4-HA,336,0,0,0,426,426,C
4-HA,337,0,424,0,0,424,T
4-HA,338,0,0,428,0,428,G
4-HA,339,0,426,0,0,426,T
4-HA,340,0,425,0,0,425,T
4-HA,341,425,0,1,0,426,A
4-HA,342,1,1,0,454,456,C
4-HA,343,0,0,0,460,460,C
4-HA,344,0,0,0,479,479,C
4-HA,345,0,461,0,0,461,T
4-HA,346,0,464,0,0,464,T
4-HA,347,463,0,0,0,463,A
4-HA,348,0,465,0,0,465,T
4-HA,349,0,0,467,0,467,G
4-HA,350,465,0,0,0,465,A
4-HA,351,0,435,0,0,435,T
4-HA,352,0,0,442,0,442,G
4-HA,353,0,437,0,0,437,T
4-HA,354,0,0,431,0,431,G
4-HA,355,0,0,0,434,434,C
4-HA,356,0,0,0,435,435,C
4-HA,357,0,0,443,0,443,G
4-HA,358,0,0,448,0,448,G
4-HA,359,446,0,0,0,446,A
4-HA,360,0,447,1,0,448,T
4-HA,361,0,443,0,0,443,T
4-HA,362,446,0,0,0,446,A
4-HA,363,0,444,0,0,444,T
4-HA,364,0,0,442,0,442,G
4-HA,365,0,0,0,441,441,C
4-HA,366,0,0,0,445,445,C
4-HA,367,0,440,0,1,441,T
4-HA,368,0,0,0,459,459,C
4-HA,369,0,0,0,467,467,C
4-HA,370,0,0,0,470,470,C
4-HA,371,0,468,0,0,468,T
4-HA,372,0,469,0,0,469,T
4-HA,373,468,0,0,0,468,A
4-HA,374,0,0,472,0,472,G
4-HA,375,0,0,475,0,475,G
4-HA,376,0,476,0,0,476,T
4-HA,377,0,0,0,470,470,C
4-HA,378,464,0,0,0,464,A
4-HA,379,0,0,0,478,478,C
4-HA,380,0,479,0,0,479,T
4-HA,381,479,0,0,0,479,A
4-HA,382,0,0,481,0,481,G
4-HA,383,0,473,0,0,473,T
4-HA,384,0,475,0,0,475,T
4-HA,385,0,0,485,0,485,G
4-HA,386,0,0,0,483,483,C
4-HA,387,0,0,0,484,484,C
4-HA,388,0,476,0,1,477,T
4-HA,389,0,0,0,483,483,C
4-HA,390,505,0,0,0,505,A
4-HA,391,0,503,0,0,503,T
4-HA,392,0,0,0,503,503,C
4-HA,393,0,0,0,503,503,C
4-HA,394,0,0,495,0,495,G
4-HA,395,0,0,496,0,496,G
4-HA,396,0,1,0,499,500,C
4-HA,397,506,0,1,0,507,A
4-HA,398,0,0,0,515,515,C
4-HA,399,494,0,0,0,494,A
4-HA,400,0,0,0,493,493,C
4-HA,401,0,493,0,0,493,T
4-HA,402,0,0,501,0,501,G
4-HA,403,0,0,507,0,507,G
4-HA,404,498,0,1,0,499,A
4-HA,405,0,0,514,0,514,G
4-HA,406,0,508,0,0,508,T
4-HA,407,0,506,0,0,506,T
4-HA,408,0,501,0,9,510,T
4-HA,409,508,1,0,0,509,A
4-HA,410,508,0,2,0,510,A
4-HA,411,0,0,0,510,510,C
4-HA,412,503,0,0,0,503,A
4-HA,413,502,0,1,0,503,A
4-HA,414,0,495,0,0,495,T
4-HA,415,0,0,492,0,492,G
4-HA,416,493,0,0,0,493,A
4-HA,417,494,0,0,0,494,A
4-HA,418,493,0,1,0,494,A
4-HA,419,0,0,495,0,495,G
4-HA,420,0,0,0,497,497,C
4-HA,421,0,494,0,0,494,T
4-HA,422,0,495,0,0,495,T
4-HA,423,0,0,0,503,503,C
4-HA,424,502,0,0,0,502,A
4-HA,425,505,0,0,0,505,A
4-HA,426,0,505,0,0,505,T
4-HA,427,0,502,0,0,502,T
4-HA,428,0,0,512,0,512,G
4-HA,429,0,0,516,0,516,G
4-HA,430,520,0,0,0,520,A
4-HA,431,0,0,0,520,520,C
4-HA,432,0,517,0,0,517,T
4-HA,433,0,0,517,0,517,G
4-HA,434,0,0,519,1,520,G
4-HA,435,520,0,1,0,521,A
4-HA,436,0,0,522,0,522,G
4-HA,437,0,517,0,0,517,T
4-HA,438,0,0,0,506,506,C
4-HA,439,513,0,0,0,513,A
4-HA,440,0,1,0,512,513,C
4-HA,441,0,506,0,1,507,T
4-HA,442,0,0,0,509,509,C
4-HA,443,505,0,0,0,505,A
4-HA,444,510,0,0,0,510,A
4-HA,445,507,0,0,0,507,A
4-HA,446,507,0,1,0,508,A
4-HA,447,0,0,0,509,509,C
4-HA,448,0,0,507,0,507,G
4-HA,449,0,0,515,0,515,G
4-HA,450,513,0,0,0,513,A
4-HA,451,515,0,0,0,515,A
4-HA,452,0,1,0,516,517,C
4-HA,453,514,0,0,0,514,A
4-HA,454,515,0,0,0,515,A
4-HA,455,0,0,525,0,525,G
4-HA,456,0,0,0,524,524,C
4-HA,457,0,521,0,1,522,T
4-HA,458,0,0,0,523,523,C
4-HA,459,0,521,0,0,521,T
4-HA,460,0,0,525,0,525,G
4-HA,461,0,0,0,524,524,C
4-HA,462,0,525,1,0,526,T
4-HA,463,0,531,0,0,531,T
4-HA,464,0,0,541,0,541,G
4-HA,465,0,0,0,552,552,C
4-HA,466,548,0,1,0,549,A
4-HA,467,0,551,0,0,551,T
4-HA,468,550,0,0,0,550,A
4-HA,469,550,0,0,0,550,A
4-HA,470,0,0,548,0,548,G
4-HA,471,0,0,547,0,547,G
4-HA,472,522,0,0,0,522,A
4-HA,473,0,0,515,0,515,G
4-HA,474,511,0,1,0,512,A
4-HA,475,0,529,0,0,529,T
4-HA,476,0,0,0,538,538,C
4-HA,477,0,538,0,0,538,T
4-HA,478,537,0,1,0,538,A
4-HA,479,535,0,1,0,536,A
4-HA,480,2,531,0,0,533,T
4-HA,481,533,0,0,0,533,A
4-HA,482,530,0,0,0,530,A
4-HA,483,0,1,0,533,534,C
4-HA,484,517,0,0,0,517,A
4-HA,485,0,0,528,0,528,G
4-HA,486,0,520,0,0,520,T
4-HA,487,0,526,0,0,526,T
4-HA,488,0,533,0,0,533,T
4-HA,489,0,0,0,537,537,C
4-HA,490,0,541,0,0,541,T
4-HA,491,0,543,0,0,543,T
4-HA,492,0,541,0,1,542,T
4-HA,493,540,0,0,0,540,A
4-HA,494,0,0,541,0,541,G
4-HA,495,0,537,0,0,537,T
4-HA,496,529,0,0,0,529,A
4-HA,497,0,0,530,0,530,G
4-HA,498,522,0,0,0,522,A
4-HA,499,0,520,0,1,521,T
4-HA,500,0,519,0,0,519,T
4-HA,501,0,0,527,0,527,G
4-HA,502,531,0,0,0,531,A
4-HA,503,531,0,0,0,531,A
4-HA,504,0,533,0,0,533,T
4-HA,505,0,532,0,0,532,T
4-HA,506,0,0,543,0,543,G
4-HA,507,0,0,546,0,546,G
4-HA,508,0,549,0,0,549,T
4-HA,509,0,547,0,0,547,T
4-HA,510,0,0,541,0,541,G
4-HA,511,538,0,0,0,538,A
4-HA,512,0,0,0,537,537,C
4-HA,513,0,1,0,540,541,C
4-HA,514,0,0,0,537,537,C
4-HA,515,540,0,0,0,540,A
4-HA,516,0,0,0,538,538,C
4-HA,517,0,532,0,1,533,T
4-HA,518,0,1,0,530,531,C
4-HA,519,531,0,1,0,532,A
4-HA,520,529,0,2,0,531,A
4-HA,521,532,0,0,0,532,A
4-HA,522,534,0,0,0,534,A
4-HA,523,0,539,0,0,539,T
4-HA,524,0,539,0,0,539,T
4-HA,525,0,0,0,537,537,C
4-HA,526,536,0,0,0,536,A
4-HA,527,533,0,0,0,533,A
4-HA,528,531,0,0,0,531,A
4-HA,529,0,533,0,0,533,T
4-HA,530,538,0,0,0,538,A
4-HA,531,0,0,0,543,543,C
4-HA,532,0,0,0,528,528,C
4-HA,533,1,0,0,531,532,C
4-HA,534,531,0,0,0,531,A
4-HA,535,0,0,544,0,544,G
4-HA,536,0,0,0,545,545,C
4-HA,537,547,0,0,0,547,A
4-HA,538,0,545,0,0,545,T
4-HA,539,0,540,0,0,540,T
4-HA,540,0,0,558,0,558,G
4-HA,541,559,0,0,0,559,A
4-HA,542,558,0,0,0,558,A
4-HA,543,0,0,0,556,556,C
4-HA,544,0,0,533,0,533,G
4-HA,545,0,538,0,0,538,T
4-HA,546,0,0,545,0,545,G
4-HA,547,544,0,0,0,544,A
4-HA,548,0,1,0,542,543,C
4-HA,549,0,526,0,1,527,T
4-HA,550,543,0,0,0,543,A
4-HA,551,0,542,0,0,542,T
4-HA,552,0,0,544,0,544,G
4-HA,553,0,0,0,541,541,C
4-HA,554,0,0,0,528,528,C
4-HA,555,530,1,0,0,531,A
4-HA,556,528,0,0,0,528,A
4-HA,557,526,0,2,0,528,A
4-HA,558,0,0,0,529,529,C
4-HA,559,511,0,0,0,511,A
4-HA,560,510,0,1,0,511,A
4-HA,561,0,0,0,511,511,C
4-HA,562,0,0,511,0,511,G
4-HA,563,508,0,0,0,508,A
4-HA,564,512,0,0,0,512,A
4-HA,565,510,0,0,0,510,A
4-HA,566,512,0,0,0,512,A
4-HA,567,1,509,0,0,510,T
4-HA,568,0,510,0,0,510,T
4-HA,569,0,512,0,0,512,T
4-HA,570,0,511,0,0,511,T
4-HA,571,1,0,510,0,511,G
4-HA,572,511,1,0,0,512,A
4-HA,573,0,0,0,514,514,C
4-HA,574,516,0,0,0,516,A
4-HA,575,517,0,1,0,518,A
4-HA,576,526,0,0,0,526,A
4-HA,577,0,530,0,0,530,T
4-HA,578,0,532,0,0,532,T
4-HA,579,0,0,534,0,534,G
4-HA,580,0,535,0,0,535,T
4-HA,581,532,0,0,0,532,A
4-HA,582,0,1,0,548,549,C
4-HA,583,544,0,0,0,544,A
4-HA,584,0,545,0,0,545,T
4-HA,585,0,542,0,0,542,T
4-HA,586,0,536,0,0,536,T
4-HA,587,0,0,534,0,534,G
4-HA,588,0,0,531,0,531,G
4-HA,589,0,0,527,0,527,G
4-HA,590,0,0,526,0,526,G
4-HA,591,0,0,519,0,519,G
4-HA,592,0,0,519,0,519,G
4-HA,593,0,506,0,0,506,T
4-HA,594,0,0,0,506,506,C
4-HA,595,0,0,0,539,539,C
4-HA,596,541,0,1,0,542,A
4-HA,597,0,0,0,540,540,C
4-HA,598,0,0,0,539,539,C
4-HA,599,545,0,4,0,549,A
4-HA,600,0,0,0,555,555,C
4-HA,601,0,1,0,542,543,C
4-HA,602,0,0,0,531,531,C
4-HA,603,0,0,533,0,533,G
4-HA,604,0,0,548,0,548,G
4-HA,605,0,0,550,0,550,G
4-HA,606,0,547,0,0,547,T
4-HA,607,547,0,0,0,547,A
4-HA,608,0,0,0,541,541,C
4-HA,609,0,0,534,0,534,G
4-HA,610,0,0,547,0,547,G
4-HA,611,550,0,0,0,550,A
4-HA,612,0,0,0,549,549,C
4-HA,613,524,0,0,0,524,A
4-HA,614,523,0,0,0,523,A
4-HA,615,0,523,0,0,523,T
4-HA,616,0,0,524,0,524,G
4-HA,617,525,0,0,0,525,A
4-HA,618,0,0,0,527,527,C
4-HA,619,0,0,0,524,524,C
4-HA,620,525,0,0,0,525,A
4-HA,621,517,0,0,0,517,A
4-HA,622,520,0,0,0,520,A
4-HA,623,0,518,0,0,518,T
4-HA,624,0,0,0,525,525,C
4-HA,625,0,505,0,0,505,T
4-HA,626,0,502,0,0,502,T
4-HA,627,0,0,0,507,507,C
4-HA,628,0,0,0,507,507,C
4-HA,629,0,507,0,0,507,T
4-HA,630,0,0,513,0,513,G
4-HA,631,0,503,0,0,503,T
4-HA,632,510,0,0,0,510,A
4-HA,633,1,504,0,1,506,T
4-HA,634,0,0,513,0,513,G
4-HA,635,1,0,0,509,510,C
4-HA,636,1,515,0,0,516,T
4-HA,637,0,0,1,512,513,C
4-HA,638,519,0,0,0,519,A
4-HA,639,511,0,0,0,511,A
4-HA,640,0,0,511,0,511,G
4-HA,641,0,0,0,515,515,C
4-HA,642,518,0,0,0,518,A
4-HA,643,0,507,0,0,507,T
4-HA,644,0,0,0,508,508,C
4-HA,645,505,0,0,0,505,A
4-HA,646,0,0,509,0,509,G
4-HA,647,0,0,513,0,513,G
4-HA,648,511,0,0,0,511,A
4-HA,649,511,0,1,0,512,A
4-HA,650,0,0,542,0,542,G
4-HA,651,537,0,0,0,537,A
4-HA,652,544,0,0,0,544,A
4-HA,653,0,547,0,1,548,T
4-HA,654,0,0,0,550,550,C
4-HA,655,545,0,0,0,545,A
4-HA,656,0,0,0,547,547,C
4-HA,657,544,0,0,0,544,A
4-HA,658,0,0,551,0,551,G
4-HA,659,0,538,0,0,538,T
4-HA,660,0,0,0,545,545,C
4-HA,661,0,535,0,1,536,T
4-HA,662,0,0,0,540,540,C
4-HA,663,0,0,0,539,539,C
4-HA,664,547,0,0,0,547,A
4-HA,665,0,0,0,542,542,C
4-HA,666,0,0,0,547,547,C
4-HA,667,545,0,0,0,545,A
4-HA,668,540,0,0,1,541,A
4-HA,669,536,0,0,0,536,A
4-HA,670,514,0,21,0,535,A
4-HA,671,0,0,545,0,545,G
4-HA,672,533,0,0,0,533,A
4-HA,673,536,0,0,0,536,A
4-HA,674,0,0,535,0,535,G
4-HA,675,0,0,0,535,535,C
4-HA,676,0,0,0,538,538,C
4-HA,677,544,0,0,0,544,A
4-HA,678,538,5,0,0,543,A
4-HA,679,0,1,0,548,549,C
4-HA,680,546,0,0,0,546,A
4-HA,681,541,0,0,5,546,A
4-HA,682,590,0,0,0,590,A
4-HA,683,0,0,0,619,619,C
4-HA,684,0,611,0,2,613,T
4-HA,685,0,0,625,0,625,G
4-HA,686,0,623,0,0,623,T
4-HA,687,623,0,0,0,623,A
4-HA,688,628,0,0,0,628,A
4-HA,689,0,618,0,0,618,T
4-HA,690,0,0,0,626,626,C
4-HA,691,0,0,0,620,620,C
4-HA,692,0,0,0,615,615,C
4-HA,693,1,0,609,0,610,G
4-HA,694,608,0,0,0,608,A
4-HA,695,616,0,0,0,616,A
4-HA,696,0,616,0,0,616,T
4-HA,697,615,0,0,0,615,A
4-HA,698,1,600,0,0,601,T
4-HA,699,0,0,0,605,605,C
4-HA,700,0,1,605,0,606,G
4-HA,701,0,0,619,0,619,G
4-HA,702,629,0,0,0,629,A
4-HA,703,0,630,0,1,631,T
4-HA,704,0,0,0,631,631,C
4-HA,705,0,627,0,1,628,T
4-HA,706,629,0,0,0,629,A
4-HA,707,0,0,639,0,639,G
4-HA,708,638,0,1,0,639,A
4-HA,709,0,0,0,641,641,C
4-HA,710,0,0,0,622,622,C
4-HA,711,0,0,0,623,623,C
4-HA,712,612,0,0,0,612,A
4-HA,713,0,1,641,0,642,G
4-HA,714,637,0,1,0,638,A
4-HA,715,0,0,645,0,645,G
4-HA,716,0,637,0,0,637,T
4-HA,717,635,0,0,0,635,A
4-HA,718,638,0,0,0,638,A
4-HA,719,0,0,638,0,638,G
4-HA,720,599,0,0,0,599,A
4-HA,721,609,0,0,0,609,A
4-HA,722,611,0,0,0,611,A
4-HA,723,0,609,0,0,609,T
4-HA,724,609,0,0,0,609,A
4-HA,725,0,602,0,0,602,T
4-HA,726,0,0,0,610,610,C
4-HA,727,0,0,0,611,611,C
4-HA,728,1,0,0,599,600,C
4-HA,729,0,601,0,0,601,T
4-HA,730,602,0,0,0,602,A
4-HA,731,0,0,601,0,601,G
4-HA,732,0,0,0,605,605,C
4-HA,733,599,0,0,0,599,A
4-HA,734,0,0,628,0,628,G
4-HA,735,617,0,0,0,617,A
4-HA,736,619,0,0,0,619,A
4-HA,737,0,620,0,0,620,T
4-HA,738,618,0,0,0,618,A
4-HA,739,622,0,0,0,622,A
4-HA,740,2,0,615,0,617,G
4-HA,741,0,0,0,621,621,C
4-HA,742,619,0,0,0,619,A
4-HA,743,0,606,0,0,606,T
4-HA,744,0,0,0,634,634,C
4-HA,745,0,637,0,0,637,T
4-HA,746,638,0,0,0,638,A
4-HA,747,0,634,0,0,634,T
4-HA,748,0,630,0,0,630,T
4-HA,749,0,0,635,0,635,G
4-HA,750,0,0,634,0,634,G
4-HA,751,636,0,0,0,636,A
4-HA,752,0,0,0,637,637,C
4-HA,753,599,0,0,0,599,A
4-HA,754,614,0,0,0,614,A
4-HA,755,0,644,0,0,644,T
4-HA,756,652,0,0,0,652,A
4-HA,757,0,0,658,0,658,G
4-HA,758,0,655,0,0,655,T
4-HA,759,658,0,0,0,658,A
4-HA,760,654,0,0,0,654,A
4-HA,761,665,0,0,0,665,A
4-HA,762,670,0,0,0,670,A
4-HA,763,0,0,0,674,674,C
4-HA,764,0,0,0,644,644,C
4-HA,765,0,0,644,0,644,G
4-HA,766,0,0,646,0,646,G
4-HA,767,0,0,655,0,655,G
4-HA,768,658,0,0,0,658,A
4-HA,769,0,1,659,0,660,G
4-HA,770,671,0,0,0,671,A
4-HA,771,0,0,0,672,672,C
4-HA,772,667,0,1,0,668,A
4-HA,773,0,674,0,0,674,T
4-HA,774,669,0,0,0,669,A
4-HA,775,0,0,0,685,685,C
4-HA,776,0,680,0,0,680,T
4-HA,777,0,686,0,0,686,T
4-HA,778,0,694,0,0,694,T
4-HA,779,1,687,0,0,688,T
4-HA,780,0,0,694,0,694,G
4-HA,781,701,0,0,0,701,A
4-HA,782,0,702,0,0,702,T
4-HA,783,0,723,0,0,723,T
4-HA,784,721,0,0,0,721,A
4-HA,785,722,0,0,0,722,A
4-HA,786,0,0,0,733,733,C
4-HA,787,731,0,1,0,732,A
4-HA,788,0,0,766,0,766,G
4-HA,789,0,1,0,757,758,C
4-HA,790,764,0,0,0,764,A
4-HA,791,0,0,0,765,765,C
4-HA,792,759,0,1,0,760,A
4-HA,793,0,0,765,0,765,G
4-HA,794,0,0,768,0,768,G
4-HA,795,0,0,791,0,791,G
4-HA,796,787,0,0,0,787,A
4-HA,797,799,0,0,0,799,A
4-HA,798,1,800,0,0,801,T
4-HA,799,0,0,0,799,799,C
4-HA,800,0,806,0,0,806,T
4-HA,801,809,0,0,0,809,A
4-HA,802,802,0,0,0,802,A
4-HA,803,0,800,0,0,800,T
4-HA,804,0,775,1,0,776,T
4-HA,805,0,0,791,0,791,G
4-HA,806,0,0,0,818,818,C
4-HA,807,0,859,0,2,861,T
4-HA,808,1,0,0,882,883,C
4-HA,809,0,0,0,888,888,C
4-HA,810,0,886,0,0,886,T
4-HA,811,891,0,0,0,891,A
4-HA,812,0,0,890,0,890,G
4-HA,813,0,0,893,0,893,G
4-HA,814,1,0,896,0,897,G
4-HA,815,0,0,885,0,885,G
4-HA,816,0,865,0,0,865,T
4-HA,817,0,862,0,0,862,T
4-HA,818,863,0,0,0,863,A
4-HA,819,0,0,0,871,871,C
4-HA,820,0,871,0,0,871,T
4-HA,821,0,881,0,0,881,T
4-HA,822,0,0,0,880,880,C
4-HA,823,878,0,0,0,878,A
4-HA,824,881,0,0,0,881,A
4-HA,825,880,0,0,0,880,A
4-HA,826,887,0,1,0,888,A
4-HA,827,0,890,0,0,890,T
4-HA,828,881,0,0,0,881,A
4-HA,829,0,0,0,882,882,C
4-HA,830,1,0,875,0,876,G
4-HA,831,879,0,0,0,879,A
4-HA,832,884,0,0,0,884,A
4-HA,833,0,0,897,0,897,G
4-HA,834,0,887,0,0,887,T
4-HA,835,1,0,895,0,896,G
4-HA,836,0,0,899,0,899,G
4-HA,837,0,0,899,0,899,G
4-HA,838,897,0,0,0,897,A
4-HA,839,899,0,0,0,899,A
4-HA,840,900,0,0,0,900,A
4-HA,841,893,0,0,0,893,A
4-HA,842,0,0,914,0,914,G
4-HA,843,0,0,0,910,910,C
4-HA,844,0,905,0,0,905,T
4-HA,845,0,0,0,926,926,C
4-HA,846,927,0,0,0,927,A
4-HA,847,937,1,0,0,938,A
4-HA,848,0,935,0,0,935,T
4-HA,849,939,0,0,1,940,A
4-HA,850,936,0,0,0,936,A
4-HA,851,0,924,0,0,924,T
4-HA,852,0,0,929,0,929,G
4-HA,853,924,0,0,1,925,A
4-HA,854,0,1,967,0,968,G
4-HA,855,972,0,0,0,972,A
4-HA,856,0,957,0,0,957,T
4-HA,857,0,0,0,982,982,C
4-HA,858,975,0,2,0,977,A
4-HA,859,0,0,1005,0,1005,G
4-HA,860,1007,0,0,1,1008,A
4-HA,861,0,998,0,0,998,T
4-HA,862,0,0,1002,0,1002,G
4-HA,863,0,1,0,987,988,C
4-HA,864,983,0,0,1,984,A
4-HA,865,0,0,0,1009,1009,C
4-HA,866,0,0,0,1000,1000,C
4-HA,867,0,0,0,1003,1003,C
4-HA,868,983,0,0,1,984,A
4-HA,869,0,983,0,0,983,T
4-HA,870,0,987,0,1,988,T
4-HA,871,0,0,993,0,993,G
4-HA,872,0,0,994,0,994,G
4-HA,873,1,0,0,994,995,C
4-HA,874,962,0,0,1,963,A
4-HA,875,980,0,0,0,980,A
4-HA,876,997,0,0,0,997,A
4-HA,877,0,995,0,0,995,T
4-HA,878,0,0,996,0,996,G
4-HA,879,0,0,0,996,996,C
4-HA,880,985,1,0,0,986,A
4-HA,881,1015,0,0,0,1015,A
4-HA,882,0,1011,0,1,1012,T
4-HA,883,0,1021,0,0,1021,T
4-HA,884,0,0,0,1025,1025,C
4-HA,885,0,1003,0,1,1004,T
4-HA,886,0,0,1016,0,1016,G
4-HA,887,1011,0,0,0,1011,A
4-HA,888,1014,0,0,0,1014,A
4-HA,889,0,1018,0,0,1018,T
4-HA,890,1,0,1003,0,1004,G
4-HA,891,0,0,0,1003,1003,C
4-HA,892,1000,0,1,0,1001,A
4-HA,893,0,997,0,1,998,T
4-HA,894,0,0,0,1001,1001,C
4-HA,895,996,0,0,1,997,A
4-HA,896,0,0,0,1029,1029,C
4-HA,897,0,1019,0,0,1019,T
4-HA,898,0,0,0,1028,1028,C
4-HA,899,0,0,0,1023,1023,C
4-HA,900,1032,0,0,1,1033,A
4-HA,901,1026,1,0,0,1027,A
4-HA,902,1031,0,0,0,1031,A
4-HA,903,0,1000,0,0,1000,T
4-HA,904,0,0,1008,0,1008,G
4-HA,905,1,0,1006,0,1007,G
4-HA,906,1003,0,0,0,1003,A
4-HA,907,1004,0,1,0,1005,A
4-HA,908,0,0,1001,1,1002,G
4-HA,909,0,0,0,999,999,C
4-HA,910,996,0,0,0,996,A
4-HA,911,0,996,0,0,996,T
4-HA,912,1,986,0,1,988,T
4-HA,913,0,1,0,1019,1020,C
4-HA,914,0,0,0,1015,1015,C
4-HA,915,0,0,0,1023,1023,C
4-HA,916,1023,0,0,0,1023,A
4-HA,917,1040,0,0,1,1041,A
4-HA,918,0,1049,0,0,1049,T
4-HA,919,0,0,1043,0,1043,G
4-HA,920,1043,0,0,0,1043,A
4-HA,921,0,0,0,1049,1049,C
4-HA,922,1019,0,1,0,1020,A
4-HA,923,1022,0,0,0,1022,A
4-HA,924,1013,0,1,0,1014,A
4-HA,925,0,0,0,1019,1019,C
4-HA,926,0,0,0,1002,1002,C
4-HA,927,985,0,0,0,985,A
4-HA,928,0,989,0,0,989,T
4-HA,929,0,985,0,0,985,T
4-HA,930,0,0,0,991,991,C
4-HA,931,1,0,0,992,993,C
4-HA,932,993,0,0,0,993,A
4-HA,933,994,0,1,0,995,A
4-HA,934,989,0,0,0,989,A
4-HA,935,1004,0,0,0,1004,A
4-HA,936,0,1002,0,0,1002,T
4-HA,937,0,0,1007,0,1007,G
4-HA,938,1,1003,0,1,1005,T
4-HA,939,1010,1,0,0,1011,A
4-HA,940,1013,0,1,0,1014,A
4-HA,941,1005,0,0,0,1005,A
4-HA,942,0,0,0,1016,1016,C
4-HA,943,1008,0,0,0,1008,A
4-HA,944,0,0,1024,0,1024,G
4-HA,945,0,0,1024,0,1024,G
4-HA,946,1036,1,0,0,1037,A
4-HA,947,0,1036,0,0,1036,T
4-HA,948,0,0,0,1058,1058,C
4-HA,949,1059,0,0,0,1059,A
4-HA,950,0,0,0,1117,1117,C
4-HA,951,1113,0,0,0,1113,A
4-HA,952,0,1160,0,0,1160,T
4-HA,953,1130,0,0,0,1130,A
4-HA,954,0,1,0,1123,1124,C
4-HA,955,0,0,1096,0,1096,G
4-HA,956,0,0,1089,0,1089,G
4-HA,957,0,0,1083,0,1083,G
4-HA,958,0,0,1091,0,1091,G
4-HA,959,0,0,0,1069,1069,C
4-HA,960,0,0,0,1070,1070,C
4-HA,961,0,1046,0,2,1048,T
4-HA,962,0,1,1145,0,1146,G
4-HA,963,0,1139,0,2,1141,T
4-HA,964,0,0,0,1150,1150,C
4-HA,965,0,12,0,1135,1147,C
4-HA,966,0,0,0,1153,1153,C
4-HA,967,1155,0,0,0,1155,A
4-HA,968,1,0,1158,0,1159,G
4-HA,969,1156,0,0,0,1156,A
4-HA,970,0,1150,0,0,1150,T
4-HA,971,1058,0,0,0,1058,A
4-HA,972,1,1039,0,1,1041,T
4-HA,973,0,0,1054,0,1054,G
4-HA,974,0,1048,0,1,1049,T
4-HA,975,0,1035,0,1,1036,T
4-HA,976,1039,0,0,0,1039,A
4-HA,977,1034,0,0,0,1034,A
4-HA,978,0,1,1045,0,1046,G
4-HA,979,0,0,0,1043,1043,C
4-HA,980,1034,0,0,0,1034,A
4-HA,981,1034,0,0,0,1034,A
4-HA,982,1018,0,1,0,1019,A
4-HA,983,1026,0,0,0,1026,A
4-HA,984,0,0,0,1029,1029,C
4-HA,985,1015,0,0,0,1015,A
4-HA,986,0,0,0,1029,1029,C
4-HA,987,0,1010,0,0,1010,T
4-HA,988,0,0,0,1017,1017,C
4-HA,989,0,1015,0,1,1016,T
4-HA,990,0,0,1028,0,1028,G
4-HA,991,1022,0,0,0,1022,A
4-HA,992,1020,0,0,0,1020,A
4-HA,993,1028,0,0,0,1028,A
4-HA,994,0,1022,0,0,1022,T
4-HA,995,0,1007,0,0,1007,T
4-HA,996,0,0,1019,0,1019,G
4-HA,997,0,0,1017,0,1017,G
4-HA,998,0,1,0,1023,1024,C
4-HA,999,1019,0,0,0,1019,A
4-HA,1000,1027,0,0,0,1027,A
4-HA,1001,0,0,0,1026,1026,C
4-HA,1002,1022,1,4,0,1027,A
4-HA,1003,0,0,1038,0,1038,G
4-HA,1004,0,0,1030,0,1030,G
4-HA,1005,0,0,1025,0,1025,G
4-HA,1006,1020,0,0,0,1020,A
4-HA,1007,0,1015,0,0,1015,T
4-HA,1008,0,0,1023,0,1023,G
4-HA,1009,0,0,0,1022,1022,C
4-HA,1010,0,0,1018,0,1018,G
4-HA,1011,1035,0,0,0,1035,A
4-HA,1012,1012,0,0,0,1012,A
4-HA,1013,1021,0,0,0,1021,A
4-HA,1014,0,1012,0,0,1012,T
4-HA,1015,0,0,1028,0,1028,G
4-HA,1016,0,1027,0,0,1027,T
4-HA,1017,1019,1,0,0,1020,A
4-HA,1018,0,0,0,1029,1029,C
4-HA,1019,0,0,0,1021,1021,C
4-HA,1020,1012,0,0,0,1012,A
4-HA,1021,0,0,1017,0,1017,G
4-HA,1022,942,0,0,0,942,A
4-HA,1023,1,0,958,0,959,G
4-HA,1024,941,0,0,0,941,A
4-HA,1025,935,0,0,0,935,A
4-HA,1026,936,0,0,0,936,A
4-HA,1027,0,0,0,936,936,C
4-HA,1028,927,0,0,0,927,A
4-HA,1029,945,0,0,0,945,A
4-HA,1030,937,0,0,0,937,A
4-HA,1031,0,0,0,952,952,C
4-HA,1032,0,944,0,0,944,T
4-HA,1033,938,0,0,0,938,A
4-HA,1034,0,0,941,0,941,G
4-HA,1035,928,0,2,0,930,A
4-HA,1036,0,0,973,0,973,G
4-HA,1037,0,0,970,0,970,G
4-HA,1038,0,0,0,949,949,C
4-HA,1039,950,0,0,0,950,A
4-HA,1040,0,949,0,0,949,T
4-HA,1041,960,0,0,0,960,A
4-HA,1042,0,959,0,0,959,T
4-HA,1043,0,953,0,0,953,T
4-HA,1044,0,952,0,0,952,T
4-HA,1045,0,0,923,0,923,G
4-HA,1046,0,0,923,0,923,G
4-HA,1047,0,0,0,922,922,C
4-HA,1048,0,0,920,1,921,G
4-HA,1049,0,0,0,917,917,C
4-HA,1050,914,0,0,0,914,A
4-HA,1051,914,0,1,0,915,A
4-HA,1052,0,915,0,0,915,T
4-HA,1053,0,0,0,926,926,C
4-HA,1054,0,0,926,0,926,G
4-HA,1055,0,0,0,919,919,C
4-HA,1056,0,922,0,0,922,T
4-HA,1057,1,0,934,0,935,G
4-HA,1058,0,0,945,0,945,G
4-HA,1059,0,945,0,0,945,T
4-HA,1060,0,938,0,0,938,T
4-HA,1061,0,934,0,0,934,T
4-HA,1062,0,1,0,933,934,C
4-HA,1063,940,0,0,0,940,A
4-HA,1064,0,940,0,0,940,T
4-HA,1065,941,0,0,0,941,A
4-HA,1066,0,0,953,0,953,G
4-HA,1067,928,0,0,0,928,A
4-HA,1068,936,0,0,0,936,A
4-HA,1069,935,0,0,0,935,A
4-HA,1070,937,0,0,0,937,A
4-HA,1071,0,938,1,0,939,T
4-HA,1072,0,0,951,0,951,G
4-HA,1073,0,0,961,0,961,G
4-HA,1074,0,951,1,0,952,T
4-HA,1075,0,950,0,0,950,T
4-HA,1076,0,0,953,0,953,G
4-HA,1077,1,0,953,0,954,G
4-HA,1078,0,0,962,0,962,G
4-HA,1079,945,0,1,0,946,A
4-HA,1080,0,0,962,0,962,G
4-HA,1081,1,0,950,0,951,G
4-HA,1082,2,0,989,0,991,G
4-HA,1083,982,0,0,0,982,A
4-HA,1084,998,0,1,0,999,A
4-HA,1085,0,998,0,0,998,T
4-HA,1086,0,0,1004,0,1004,G
4-HA,1087,1,0,1022,0,1023,G
4-HA,1088,0,1008,1,0,1009,T
4-HA,1089,0,0,1017,0,1017,G
4-HA,1090,0,0,1007,0,1007,G
4-HA,1091,978,0,0,0,978,A
4-HA,1092,0,994,1,0,995,T
4-HA,1093,0,0,1008,0,1008,G
4-HA,1094,0,0,1023,0,1023,G
4-HA,1095,0,1003,1,0,1004,T
4-HA,1096,0,977,1,0,978,T
4-HA,1097,0,0,979,0,979,G
4-HA,1098,0,0,996,0,996,G
4-HA,1099,0,994,1,0,995,T
4-HA,1100,1003,0,0,0,1003,A
4-HA,1101,0,0,0,966,966,C
4-HA,1102,0,0,973,0,973,G
4-HA,1103,0,0,1007,0,1007,G
4-HA,1104,0,1003,1,0,1004,T
4-HA,1105,0,1006,1,1,1008,T
4-HA,1106,0,1000,1,0,1001,T
4-HA,1107,1,1,0,984,986,C
4-HA,1108,985,0,1,0,986,A
4-HA,1109,0,0,986,0,986,G
4-HA,1110,0,0,990,0,990,G
4-HA,1111,0,0,0,979,979,C
4-HA,1112,951,0,0,0,951,A
4-HA,1113,1,959,0,2,962,T
4-HA,1114,0,0,0,965,965,C
4-HA,1115,961,0,2,0,963,A
4-HA,1116,965,0,0,0,965,A
4-HA,1117,961,0,0,0,961,A
4-HA,1118,970,0,0,0,970,A
4-HA,1119,0,962,1,0,963,T
4-HA,1120,0,962,1,0,963,T
4-HA,1121,0,0,0,962,962,C
4-HA,1122,0,954,1,1,956,T
4-HA,1123,0,0,959,0,959,G
4-HA,1124,955,0,0,0,955,A
4-HA,1125,0,1,960,0,961,G
4-HA,1126,0,0,966,0,966,G
4-HA,1127,0,0,1015,0,1015,G
4-HA,1128,1009,0,0,0,1009,A
4-HA,1129,1010,0,0,0,1010,A
4-HA,1130,0,1018,1,0,1019,T
4-HA,1131,1036,0,0,0,1036,A
4-HA,1132,0,0,1044,0,1044,G
4-HA,1133,0,0,1042,0,1042,G
4-HA,1134,1038,0,2,0,1040,A
4-HA,1135,0,0,0,1040,1040,C
4-HA,1136,1009,0,0,0,1009,A
4-HA,1137,1006,0,2,0,1008,A
4-HA,1138,0,0,1010,0,1010,G
4-HA,1139,0,0,0,1016,1016,C
4-HA,1140,999,0,1,0,1000,A
4-HA,1141,0,0,1020,0,1020,G
4-HA,1142,0,0,0,1011,1011,C
4-HA,1143,1008,0,0,0,1008,A
4-HA,1144,1,1,1016,0,1018,G
4-HA,1145,1010,0,0,0,1010,A
4-HA,1146,0,1037,0,0,1037,T
4-HA,1147,0,0,0,1049,1049,C
4-HA,1148,0,1034,0,0,1034,T
4-HA,1149,0,0,1,1055,1056,C
4-HA,1150,1053,0,0,0,1053,A
4-HA,1151,1051,0,0,0,1051,A
4-HA,1152,1052,0,0,0,1052,A
4-HA,1153,1040,0,0,0,1040,A
4-HA,1154,0,0,1042,0,1042,G
4-HA,1155,0,0,0,1025,1025,C
4-HA,1156,1027,0,0,0,1027,A
4-HA,1157,1,0,0,1039,1040,C
4-HA,1158,0,1036,0,0,1036,T
4-HA,1159,1,0,0,1037,1038,C
4-HA,1160,1040,0,0,0,1040,A
4-HA,1161,1076,0,0,0,1076,A
4-HA,1162,1,0,1070,0,1071,G
4-HA,1163,0,0,0,1074,1074,C
4-HA,1164,1063,0,0,0,1063,A
4-HA,1165,0,0,1071,0,1071,G
4-HA,1166,0,0,0,1065,1065,C
4-HA,1167,1062,0,1,0,1063,A
4-HA,1168,1057,0,0,0,1057,A
4-HA,1169,0,1047,0,0,1047,T
4-HA,1170,0,0,0,1034,1034,C
4-HA,1171,0,0,1035,0,1035,G
4-HA,1172,1030,0,0,0,1030,A
4-HA,1173,0,1033,0,0,1033,T
4-HA,1174,0,0,0,1029,1029,C
4-HA,1175,1030,0,0,0,1030,A
4-HA,1176,1048,0,0,0,1048,A
4-HA,1177,1052,0,0,0,1052,A
4-HA,1178,0,1045,0,0,1045,T
4-HA,1179,0,1,0,1053,1054,C
4-HA,1180,1041,0,0,0,1041,A
4-HA,1181,1048,0,0,0,1048,A
4-HA,1182,0,1048,0,0,1048,T
4-HA,1183,0,0,1052,0,1052,G
4-HA,1184,0,0,1042,0,1042,G
4-HA,1185,0,0,1025,0,1025,G
4-HA,1186,1027,0,0,0,1027,A
4-HA,1187,1033,0,0,0,1033,A
4-HA,1188,0,0,1038,0,1038,G
4-HA,1189,0,0,0,1043,1043,C
4-HA,1190,0,1042,0,0,1042,T
4-HA,1191,0,0,1090,0,1090,G
4-HA,1192,1087,0,0,0,1087,A
4-HA,1193,1093,0,0,0,1093,A
4-HA,1194,0,1089,0,0,1089,T
4-HA,1195,1069,0,0,0,1069,A
4-HA,1196,1,0,1077,0,1078,G
4-HA,1197,0,0,1065,0,1065,G
4-HA,1198,0,1047,0,0,1047,T
4-HA,1199,0,1028,0,0,1028,T
4-HA,1200,0,0,997,0,997,G
4-HA,1201,1000,0,0,0,1000,A
4-HA,1202,0,992,0,0,992,T
4-HA,1203,0,0,0,1001,1001,C
4-HA,1204,1,0,1008,0,1009,G
4-HA,1205,1,0,1004,0,1005,G
4-HA,1206,0,0,1010,0,1010,G
4-HA,1207,1008,0,0,0,1008,A
4-HA,1208,1004,0,1,0,1005,A
4-HA,1209,1007,0,0,0,1007,A
4-HA,1210,994,0,2,0,996,A
4-HA,1211,0,0,0,1002,1002,C
4-HA,1212,1,0,0,1003,1004,C
4-HA,1213,998,0,0,0,998,A
4-HA,1214,996,0,0,0,996,A
4-HA,1215,0,1,0,1000,1001,C
4-HA,1216,0,0,1005,0,1005,G
4-HA,1217,1005,0,0,0,1005,A
4-HA,1218,0,0,1008,0,1008,G
4-HA,1219,1006,0,0,0,1006,A
4-HA,1220,1006,0,0,0,1006,A
4-HA,1221,997,0,1,0,998,A
4-HA,1222,0,997,0,0,997,T
4-HA,1223,0,995,0,1,996,T
4-HA,1224,0,0,1,1009,1010,C
4-HA,1225,0,0,0,1006,1006,C
4-HA,1226,1005,0,0,0,1005,A
4-HA,1227,0,999,0,0,999,T
4-HA,1228,0,0,0,1006,1006,C
4-HA,1229,995,0,0,0,995,A
4-HA,1230,0,0,1004,0,1004,G
4-HA,1231,997,1,0,0,998,A
4-HA,1232,0,998,0,0,998,T
4-HA,1233,0,988,0,1,989,T
4-HA,1234,0,0,996,0,996,G
4-HA,1235,994,0,0,0,994,A
4-HA,1236,998,0,0,0,998,A
4-HA,1237,997,0,0,0,997,A
4-HA,1238,997,1,0,0,998,A
4-HA,1239,981,1,0,0,982,A
4-HA,1240,0,0,981,1,982,G
4-HA,1241,975,0,0,0,975,A
4-HA,1242,969,0,0,0,969,A
4-HA,1243,0,950,0,0,950,T
4-HA,1244,0,951,0,0,951,T
4-HA,1245,0,0,0,957,957,C
4-HA,1246,1,956,0,0,957,T
4-HA,1247,0,1,0,957,958,C
4-HA,1248,961,0,0,0,961,A
4-HA,1249,0,0,960,0,960,G
4-HA,1250,953,0,1,0,954,A
4-HA,1251,949,0,0,0,949,A
4-HA,1252,0,0,956,0,956,G
4-HA,1253,0,939,0,0,939,T
4-HA,1254,0,0,0,951,951,C
4-HA,1255,0,0,949,0,949,G
4-HA,1256,947,0,0,0,947,A
4-HA,1257,946,0,0,0,946,A
4-HA,1258,0,0,947,0,947,G
4-HA,1259,1,0,949,0,950,G
4-HA,1260,0,0,941,0,941,G
4-HA,1261,921,0,2,0,923,A
4-HA,1262,2,0,922,0,924,G
4-HA,1263,924,0,0,0,924,A
4-HA,1264,989,0,0,0,989,A
4-HA,1265,0,991,0,0,991,T
4-HA,1266,0,990,0,0,990,T
4-HA,1267,0,0,0,992,992,C
4-HA,1268,974,0,2,0,976,A
4-HA,1269,0,0,979,0,979,G
4-HA,1270,0,0,977,0,977,G
4-HA,1271,972,0,1,0,973,A
4-HA,1272,0,0,0,971,971,C
4-HA,1273,0,0,0,890,890,C
4-HA,1274,0,888,0,0,888,T
4-HA,1275,1,873,0,19,893,T
4-HA,1276,0,0,900,0,900,G
4-HA,1277,894,0,1,0,895,A
4-HA,1278,0,0,914,0,914,G
4-HA,1279,908,0,0,0,908,A
4-HA,1280,860,0,0,0,860,A
4-HA,1281,856,0,0,0,856,A
4-HA,1282,0,851,0,0,851,T
4-HA,1283,881,0,0,0,881,A
4-HA,1284,1,881,0,0,882,T
4-HA,1285,0,0,877,0,877,G
4-HA,1286,0,880,0,0,880,T
4-HA,1287,0,857,0,0,857,T
4-HA,1288,0,0,855,0,855,G
4-HA,1289,854,0,1,0,855,A
4-HA,1290,0,0,871,0,871,G
4-HA,1291,0,0,871,0,871,G
4-HA,1292,854,0,1,0,855,A
4-HA,1293,0,0,0,869,869,C
4-HA,1294,849,0,0,0,849,A
4-HA,1295,0,0,0,866,866,C
4-HA,1296,0,0,0,867,867,C
4-HA,1297,867,0,0,0,867,A
4-HA,1298,880,0,0,0,880,A
4-HA,1299,881,0,0,0,881,A
4-HA,1300,885,0,0,0,885,A
4-HA,1301,0,882,0,0,882,T
4-HA,1302,863,0,0,0,863,A
4-HA,1303,0,0,859,0,859,G
4-HA,1304,849,0,0,0,849,A
4-HA,1305,0,871,0,0,871,T
4-HA,1306,0,0,0,873,873,C
4-HA,1307,0,859,0,0,859,T
4-HA,1308,0,0,0,873,873,C
4-HA,1309,0,873,0,0,873,T
4-HA,1310,0,0,900,0,900,G
4-HA,1311,0,0,918,0,918,G
4-HA,1312,0,920,0,0,920,T
4-HA,1313,1,0,0,941,942,C
4-HA,1314,954,0,0,0,954,A
4-HA,1315,0,957,0,0,957,T
4-HA,1316,955,0,0,0,955,A
4-HA,1317,0,0,0,954,954,C
4-HA,1318,920,0,0,0,920,A
4-HA,1319,923,0,0,0,923,A
4-HA,1320,0,0,0,885,885,C
4-HA,1321,0,0,877,0,877,G
4-HA,1322,0,0,0,881,881,C
4-HA,1323,1,0,880,0,881,G
4-HA,1324,0,0,880,0,880,G
4-HA,1325,879,0,0,0,879,A
4-HA,1326,0,0,894,0,894,G
4-HA,1327,0,0,0,890,890,C
4-HA,1328,0,872,0,13,885,T
4-HA,1329,0,884,0,0,884,T
4-HA,1330,0,0,0,890,890,C
4-HA,1331,1,890,0,1,892,T
4-HA,1332,0,896,0,0,896,T
4-HA,1333,1,0,892,0,893,G
4-HA,1334,1,875,0,1,877,T
4-HA,1335,0,862,0,0,862,T
4-HA,1336,0,0,874,0,874,G
4-HA,1337,0,0,0,869,869,C
4-HA,1338,0,0,0,854,854,C
4-HA,1339,0,0,0,871,871,C
4-HA,1340,0,871,0,0,871,T
4-HA,1341,1,0,884,0,885,G
4-HA,1342,0,0,882,0,882,G
4-HA,1343,883,0,0,0,883,A
4-HA,1344,0,0,894,0,894,G
4-HA,1345,879,0,0,0,879,A
4-HA,1346,880,0,0,0,880,A
4-HA,1347,0,0,0,884,884,C
4-HA,1348,0,0,0,886,886,C
4-HA,1349,885,0,0,0,885,A
4-HA,1350,916,0,1,0,917,A
4-HA,1351,0,0,0,928,928,C
4-HA,1352,932,0,1,0,933,A
4-HA,1353,0,931,0,0,931,T
4-HA,1354,928,0,0,0,928,A
4-HA,1355,0,0,0,931,931,C
4-HA,1356,919,0,0,0,919,A
4-HA,1357,914,0,0,0,914,A
4-HA,1358,0,910,0,0,910,T
4-HA,1359,0,869,0,0,869,T
4-HA,1360,0,0,880,0,880,G
4-HA,1361,874,0,0,0,874,A
4-HA,1362,0,873,0,1,874,T
4-HA,1363,0,0,0,881,881,C
4-HA,1364,1,859,0,1,861,T
4-HA,1365,882,0,0,0,882,A
4-HA,1366,879,0,0,0,879,A
4-HA,1367,0,0,0,878,878,C
4-HA,1368,0,874,0,0,874,T
4-HA,1369,0,0,862,0,862,G
4-HA,1370,843,0,1,0,844,A
4-HA,1371,0,833,1,0,834,T
4-HA,1372,0,853,0,0,853,T
4-HA,1373,0,0,0,861,861,C
4-HA,1374,863,0,0,0,863,A
4-HA,1375,0,0,873,0,873,G
4-HA,1376,869,0,1,0,870,A
4-HA,1377,872,0,0,0,872,A
4-HA,1378,867,0,0,0,867,A
4-HA,1379,0,859,0,0,859,T
4-HA,1380,0,0,868,0,868,G
4-HA,1381,864,0,0,0,864,A
4-HA,1382,864,0,0,0,864,A
4-HA,1383,0,0,0,868,868,C
4-HA,1384,859,0,1,0,860,A
4-HA,1385,862,0,0,0,862,A
4-HA,1386,856,0,0,0,856,A
4-HA,1387,0,0,0,860,860,C
4-HA,1388,0,850,0,0,850,T
4-HA,1389,0,0,861,0,861,G
4-HA,1390,0,853,1,0,854,T
4-HA,1391,0,848,0,1,849,T
4-HA,1392,0,858,0,0,858,T
4-HA,1393,0,0,855,0,855,G
4-HA,1394,853,0,2,0,855,A
4-HA,1395,856,0,0,0,856,A
4-HA,1396,851,0,0,0,851,A
4-HA,1397,847,0,0,0,847,A
4-HA,1398,834,0,0,0,834,A
4-HA,1399,845,0,0,0,845,A
4-HA,1400,0,0,0,846,846,C
4-HA,1401,845,0,0,0,845,A
4-HA,1402,844,0,0,0,844,A
4-HA,1403,843,0,0,0,843,A
4-HA,1404,0,0,847,0,847,G
4-HA,1405,847,0,0,0,847,A
4-HA,1406,850,0,2,0,852,A
4-HA,1407,0,0,850,0,850,G
4-HA,1408,0,0,0,847,847,C
4-HA,1409,855,0,0,0,855,A
4-HA,1410,864,0,0,0,864,A
4-HA,1411,0,0,0,861,861,C
4-HA,1412,0,855,0,0,855,T
4-HA,1413,0,0,864,0,864,G
4-HA,1414,859,0,0,0,859,A
4-HA,1415,0,0,861,0,861,G
4-HA,1416,1,0,860,0,861,G
4-HA,1417,0,0,865,0,865,G
4-HA,1418,872,0,0,0,872,A
4-HA,1419,864,0,0,0,864,A
4-HA,1420,864,0,0,0,864,A
4-HA,1421,871,0,0,0,871,A
4-HA,1422,0,868,0,0,868,T
4-HA,1423,1,1,875,0,877,G
4-HA,1424,0,0,0,873,873,C
4-HA,1425,0,868,0,0,868,T
4-HA,1426,0,0,869,0,869,G
4-HA,1427,868,0,0,0,868,A
4-HA,1428,1,1,905,0,907,G
4-HA,1429,0,0,908,0,908,G
4-HA,1430,897,0,0,0,897,A
4-HA,1431,0,897,0,0,897,T
4-HA,1432,881,0,0,0,881,A
4-HA,1433,0,876,0,0,876,T
4-HA,1434,0,1,890,0,891,G
4-HA,1435,0,1,892,0,893,G
4-HA,1436,0,0,891,0,891,G
4-HA,1437,0,0,0,853,853,C
4-HA,1438,844,0,0,0,844,A
4-HA,1439,841,0,0,0,841,A
4-HA,1440,0,842,0,0,842,T
4-HA,1441,0,0,846,0,846,G
4-HA,1442,1,0,836,0,837,G
4-HA,1443,0,828,0,0,828,T
4-HA,1444,0,798,0,0,798,T
4-HA,1445,0,0,798,0,798,G
4-HA,1446,0,798,0,1,799,T
4-HA,1447,0,801,0,1,802,T
4-HA,1448,0,806,0,0,806,T
4-HA,1449,0,0,0,801,801,C
4-HA,1450,802,0,0,0,802,A
4-HA,1451,802,0,0,0,802,A
4-HA,1452,800,0,0,0,800,A
4-HA,1453,798,1,0,0,799,A
4-HA,1454,0,799,0,0,799,T
4-HA,1455,0,0,0,795,795,C
4-HA,1456,0,804,0,0,804,T
4-HA,1457,801,0,0,0,801,A
4-HA,1458,0,0,0,805,805,C
4-HA,1459,0,0,0,808,808,C
4-HA,1460,808,0,0,0,808,A
4-HA,1461,0,0,0,812,812,C
4-HA,1462,815,0,1,0,816,A
4-HA,1463,820,0,0,0,820,A
4-HA,1464,822,0,0,0,822,A
4-HA,1465,0,825,0,0,825,T
4-HA,1466,0,0,827,0,827,G
4-HA,1467,1,819,0,0,820,T
4-HA,1468,0,0,828,0,828,G
4-HA,1469,829,0,0,0,829,A
4-HA,1470,0,0,0,826,826,C
4-HA,1471,815,0,0,0,815,A
4-HA,1472,810,0,0,0,810,A
4-HA,1473,0,826,0,0,826,T
4-HA,1474,0,0,831,0,831,G
4-HA,1475,0,0,0,825,825,C
4-HA,1476,0,0,0,832,832,C
4-HA,1477,0,822,1,0,823,T
4-HA,1478,0,1,866,0,867,G
4-HA,1479,0,0,0,866,866,C
4-HA,1480,869,0,0,0,869,A
4-HA,1481,0,867,0,0,867,T
4-HA,1482,819,0,0,0,819,A
4-HA,1483,0,0,828,0,828,G
4-HA,1484,0,0,823,0,823,G
4-HA,1485,822,0,0,0,822,A
4-HA,1486,0,818,0,0,818,T
4-HA,1487,0,0,0,764,764,C
4-HA,1488,764,0,0,0,764,A
4-HA,1489,764,0,0,0,764,A
4-HA,1490,0,760,0,0,760,T
4-HA,1491,0,0,0,768,768,C
4-HA,1492,750,0,0,0,750,A
4-HA,1493,0,0,758,0,758,G
4-HA,1494,763,0,0,0,763,A
4-HA,1495,762,0,0,0,762,A
4-HA,1496,758,0,0,0,758,A
4-HA,1497,0,755,0,0,755,T
4-HA,1498,0,0,750,0,750,G
4-HA,1499,0,0,748,0,748,G
4-HA,1500,751,0,0,0,751,A
4-HA,1501,746,0,0,0,746,A
4-HA,1502,0,0,0,737,737,C
4-HA,1503,0,733,0,0,733,T
4-HA,1504,0,737,0,0,737,T
4-HA,1505,737,0,0,0,737,A
4-HA,1506,0,736,0,0,736,T
4-HA,1507,0,0,731,0,731,G
4-HA,1508,729,0,0,0,729,A
4-HA,1509,0,0,0,727,727,C
4-HA,1510,0,0,0,728,728,C
4-HA,1511,725,0,0,0,725,A
4-HA,1512,0,0,0,731,731,C
4-HA,1513,0,0,732,0,732,G
4-HA,1514,731,0,0,0,731,A
4-HA,1515,0,751,0,0,751,T
4-HA,1516,1,0,750,0,751,G
4-HA,1517,0,746,0,1,747,T
4-HA,1518,1,0,0,745,746,C
4-HA,1519,0,800,0,0,800,T
4-HA,1520,802,0,0,0,802,A
4-HA,1521,0,1,0,801,802,C
4-HA,1522,777,0,0,0,777,A
4-HA,1523,0,0,788,0,788,G
4-HA,1524,724,0,0,0,724,A
4-HA,1525,0,0,695,0,695,G
4-HA,1526,688,0,0,0,688,A
4-HA,1527,0,638,0,0,638,T
4-HA,1528,0,0,637,0,637,G
4-HA,1529,635,0,0,0,635,A
4-HA,1530,634,0,0,0,634,A
4-HA,1531,0,0,643,0,643,G
4-HA,1532,0,0,0,628,628,C
4-HA,1533,627,0,0,0,627,A
4-HA,1534,0,623,0,0,623,T
4-HA,1535,0,621,0,0,621,T
4-HA,1536,625,0,0,0,625,A
4-HA,1537,621,0,0,0,621,A
4-HA,1538,621,0,0,0,621,A
4-HA,1539,0,0,0,624,624,C
4-HA,1540,598,0,0,0,598,A
4-HA,1541,601,0,1,0,602,A
4-HA,1542,0,0,0,600,600,C
4-HA,1543,0,0,0,600,600,C
4-HA,1544,0,0,601,0,601,G
4-HA,1545,0,0,624,0,624,G
4-HA,1546,0,624,0,0,624,T
4-HA,1547,1,619,0,0,620,T
4-HA,1548,0,0,0,620,620,C
4-HA,1549,0,0,0,625,625,C
4-HA,1550,621,0,0,0,621,A
4-HA,1551,0,0,628,0,628,G
4-HA,1552,629,0,0,0,629,A
4-HA,1553,0,627,0,0,627,T
4-HA,1554,0,0,0,586,586,C
4-HA,1555,575,0,4,0,579,A
4-HA,1556,579,0,0,0,579,A
4-HA,1557,1,0,580,0,581,G
4-HA,1558,0,0,578,0,578,G
4-HA,1559,0,0,578,0,578,G
4-HA,1560,1,0,0,553,554,C
4-HA,1561,0,0,554,0,554,G
4-HA,1562,0,553,0,0,553,T
4-HA,1563,0,554,1,0,555,T
4-HA,1564,0,0,560,0,560,G
4-HA,1565,555,0,1,0,556,A
4-HA,1566,0,0,554,0,554,G
4-HA,1567,0,1,0,554,555,C
4-HA,1568,0,549,0,1,550,T
4-HA,1569,0,0,552,0,552,G
4-HA,1570,546,0,1,0,547,A
4-HA,1571,550,0,0,0,550,A
4-HA,1572,1,0,554,0,555,G
4-HA,1573,0,539,0,0,539,T
4-HA,1574,0,1,0,536,537,C
4-HA,1575,531,0,2,0,533,A
4-HA,1576,0,0,538,0,538,G
4-HA,1577,0,0,541,0,541,G
4-HA,1578,537,0,1,0,538,A
4-HA,1579,0,539,0,0,539,T
4-HA,1580,526,0,0,0,526,A
4-HA,1581,0,0,0,529,529,C
4-HA,1582,521,0,2,0,523,A
4-HA,1583,523,0,0,0,523,A
4-HA,1584,522,0,1,0,523,A
4-HA,1585,0,0,518,0,518,G
4-HA,1586,496,0,0,0,496,A
4-HA,1587,0,488,0,0,488,T
4-HA,1588,0,484,0,0,484,T
4-HA,1589,0,0,486,0,486,G
4-HA,1590,0,0,482,0,482,G
4-HA,1591,486,0,0,0,486,A
4-HA,1592,0,478,0,0,478,T
4-HA,1593,0,0,0,480,480,C
4-HA,1594,0,0,0,468,468,C
4-HA,1595,0,469,0,0,469,T
4-HA,1596,470,0,0,0,470,A
4-HA,1597,0,466,0,0,466,T
4-HA,1598,0,0,467,0,467,G
4-HA,1599,0,0,466,0,466,G
4-HA,1600,449,0,0,0,449,A
4-HA,1601,0,445,0,0,445,T
4-HA,1602,0,438,0,0,438,T
4-HA,1603,0,436,0,0,436,T
4-HA,1604,0,0,0,439,439,C
4-HA,1605,0,0,0,437,437,C
4-HA,1606,0,430,0,0,430,T
4-HA,1607,0,425,0,0,425,T
4-HA,1608,0,412,0,0,412,T
4-HA,1609,0,0,418,0,418,G
4-HA,1610,0,0,0,415,415,C
4-HA,1611,0,0,0,414,414,C
4-HA,1612,415,0,0,0,415,A
4-HA,1613,0,410,0,0,410,T
4-HA,1614,414,0,0,0,414,A
4-HA,1615,0,412,0,0,412,T
4-HA,1616,0,0,0,414,414,C
4-HA,1617,411,0,0,0,411,A
4-HA,1618,0,408,0,0,408,T
4-HA,1619,0,0,410,0,410,G
4-HA,1620,0,402,0,0,402,T
4-HA,1621,0,393,0,0,393,T
4-HA,1622,0,392,0,0,392,T
4-HA,1623,0,377,0,0,377,T
4-HA,1624,0,381,0,0,381,T
4-HA,1625,0,380,0,0,380,T
4-HA,1626,0,0,377,0,377,G
4-HA,1627,0,0,0,375,375,C
4-HA,1628,0,368,0,0,368,T
4-HA,1629,0,365,0,0,365,T
4-HA,1630,0,366,0,0,366,T
4-HA,1631,0,0,365,0,365,G
4-HA,1632,0,1,0,339,340,C
4-HA,1633,339,0,1,0,340,A
4-HA,1634,0,345,0,0,345,T
4-HA,1635,0,341,0,0,341,T
4-HA,1636,0,0,343,0,343,G
4-HA,1637,0,1,0,340,341,C
4-HA,1638,0,345,0,0,345,T
4-HA,1639,0,343,0,0,343,T
4-HA,1640,0,333,0,0,333,T
4-HA,1641,0,1,336,0,337,G
4-HA,1642,0,336,0,0,336,T
4-HA,1643,0,333,0,0,333,T
4-HA,1644,0,0,334,0,334,G
4-HA,1645,0,0,308,0,308,G
4-HA,1646,1,0,304,0,305,G
4-HA,1647,0,0,306,0,306,G
4-HA,1648,0,291,0,0,291,T
4-HA,1649,0,286,0,0,286,T
4-HA,1650,0,0,0,272,272,C
4-HA,1651,263,0,0,0,263,A
4-HA,1652,0,262,0,0,262,T
4-HA,1653,0,0,0,264,264,C
4-HA,1654,259,0,0,0,259,A
4-HA,1655,0,251,0,0,251,T
4-HA,1656,1,0,245,0,246,G
4-HA,1657,0,238,0,1,239,T
4-HA,1658,0,0,238,0,238,G
4-HA,1659,0,0,235,0,235,G
4-HA,1660,0,0,233,0,233,G
4-HA,1661,0,0,0,225,225,C
4-HA,1662,0,0,0,214,214,C
4-HA,1663,0,203,0,0,203,T
4-HA,1664,0,0,202,0,202,G
4-HA,1665,0,0,0,202,202,C
4-HA,1666,0,0,0,199,199,C
4-HA,1667,204,0,0,0,204,A
4-HA,1668,200,0,0,0,200,A
4-HA,1669,201,0,0,0,201,A
4-HA,1670,199,0,0,0,199,A
4-HA,1671,197,0,1,0,198,A
4-HA,1672,0,0,197,0,197,G
4-HA,1673,0,0,191,0,191,G
4-HA,1674,0,0,0,188,188,C
4-HA,1675,187,0,0,0,187,A
4-HA,1676,186,0,0,0,186,A
4-HA,1677,0,0,0,187,187,C
4-HA,1678,188,0,0,0,188,A
4-HA,1679,0,188,0,0,188,T
4-HA,1680,0,184,0,1,185,T
4-HA,1681,181,0,0,0,181,A
4-HA,1682,0,0,179,0,179,G
4-HA,1683,0,0,180,0,180,G
4-HA,1684,0,174,0,0,174,T
4-HA,1685,0,0,159,0,159,G
4-HA,1686,0,0,0,154,154,C
4-HA,1687,154,0,0,0,154,A
4-HA,1688,153,0,1,0,154,A
4-HA,1689,0,0,0,153,153,C
4-HA,1690,150,0,0,0,150,A
4-HA,1691,0,148,0,0,148,T
4-HA,1692,0,142,0,0,142,T
4-HA,1693,0,143,0,0,143,T
4-HA,1694,0,0,141,0,141,G
4-HA,1695,0,0,0,140,140,C
4-HA,1696,140,0,0,0,140,A
4-HA,1697,0,128,0,0,128,T
4-HA,1698,0,118,0,0,118,T
4-HA,1699,0,113,0,0,113,T
4-HA,1700,0,0,113,0,113,G
4-HA,1701,103,0,0,0,103,A
5-NP,1,14,0,0,0,14,A
5-NP,2,0,14,0,0,14,T
5-NP,3,0,0,15,0,15,G
5-NP,4,0,0,15,0,15,G
5-NP,5,0,0,0,15,15,C
5-NP,6,0,0,16,0,16,G
5-NP,7,0,16,0,0,16,T
5-NP,8,0,0,0,16,16,C
5-NP,9,0,0,0,16,16,C
5-NP,10,0,0,0,16,16,C
5-NP,11,16,0,0,0,16,A
5-NP,12,16,0,0,0,16,A
5-NP,13,0,0,16,0,16,G
5-NP,14,0,0,17,0,17,G
5-NP,15,0,0,0,17,17,C
5-NP,16,17,0,0,0,17,A
5-NP,17,0,0,0,17,17,C
5-NP,18,0,0,0,17,17,C
5-NP,19,17,0,0,0,17,A
5-NP,20,17,0,0,0,17,A
5-NP,21,17,0,0,0,17,A
5-NP,22,0,0,0,17,17,C
5-NP,23,0,0,17,0,17,G
5-NP,24,0,0,19,0,19,G
5-NP,25,0,19,0,0,19,T
5-NP,26,0,0,0,21,21,C
5-NP,27,0,21,0,0,21,T
5-NP,28,0,21,0,0,21,T
5-NP,29,21,0,0,0,21,A
5-NP,30,0,21,0,0,21,T
5-NP,31,0,0,21,0,21,G
5-NP,32,21,0,0,0,21,A
5-NP,33,21,0,0,0,21,A
5-NP,34,0,0,0,21,21,C
5-NP,35,19,0,0,0,19,A
5-NP,36,0,0,19,0,19,G
5-NP,37,19,0,0,0,19,A
5-NP,38,0,19,0,0,19,T
5-NP,39,0,0,19,0,19,G
5-NP,40,0,0,19,0,19,G
5-NP,41,19,0,0,0,19,A
5-NP,42,19,0,0,0,19,A
5-NP,43,19,0,0,0,19,A
5-NP,44,0,0,0,19,19,C
5-NP,45,0,19,0,0,19,T
5-NP,46,0,0,19,0,19,G
5-NP,47,19,0,0,0,19,A
5-NP,48,0,18,0,0,18,T
5-NP,49,0,0,18,0,18,G
5-NP,50,0,0,18,0,18,G
5-NP,51,0,0,18,0,18,G
5-NP,52,0,0,18,0,18,G
5-NP,53,17,0,0,0,17,A
5-NP,54,0,17,0,0,17,T
5-NP,55,0,0,0,16,16,C
5-NP,56,0,0,16,0,16,G
5-NP,57,0,0,0,16,16,C
5-NP,58,0,0,0,16,16,C
5-NP,59,16,0,0,0,16,A
5-NP,60,0,0,16,0,16,G
5-NP,61,16,0,0,0,16,A
5-NP,62,16,0,0,0,16,A
5-NP,63,0,16,0,0,16,T
5-NP,64,0,0,16,0,16,G
5-NP,65,0,0,0,16,16,C
5-NP,66,15,0,1,0,16,A
5-NP,67,16,0,0,0,16,A
5-NP,68,0,0,0,16,16,C
5-NP,69,0,15,0,0,15,T
5-NP,70,0,0,15,0,15,G
5-NP,71,15,0,0,0,15,A
5-NP,72,0,0,18,0,18,G
5-NP,73,18,0,0,0,18,A
5-NP,74,0,18,0,0,18,T
5-NP,75,0,18,0,0,18,T
5-NP,76,18,0,0,0,18,A
5-NP,77,0,0,19,0,19,G
5-NP,78,0,0,19,0,19,G
5-NP,79,1,0,17,0,18,G
5-NP,80,0,0,0,19,19,C
5-NP,81,19,0,0,0,19,A
5-NP,82,0,19,0,0,19,T
5-NP,83,0,0,0,19,19,C
5-NP,84,0,0,0,19,19,C
5-NP,85,0,0,19,0,19,G
5-NP,86,0,19,0,0,19,T
5-NP,87,0,19,0,0,19,T
5-NP,88,0,0,20,0,20,G
5-NP,89,0,0,20,0,20,G
5-NP,90,0,0,19,0,19,G
5-NP,91,20,0,0,0,20,A
5-NP,92,18,0,0,0,18,A
5-NP,93,0,0,19,0,19,G
5-NP,94,19,0,0,0,19,A
5-NP,95,0,19,0,0,19,T
5-NP,96,0,0,19,0,19,G
5-NP,97,19,0,0,0,19,A
5-NP,98,0,20,0,0,20,T
5-NP,99,0,20,0,0,20,T
5-NP,100,0,0,20,0,20,G
5-NP,101,21,0,0,0,21,A
5-NP,102,0,20,0,0,20,T
5-NP,103,0,0,21,0,21,G
5-NP,104,0,0,22,0,22,G
5-NP,105,21,0,0,0,21,A
5-NP,106,22,0,0,0,22,A
5-NP,107,0,22,0,0,22,T
5-NP,108,0,22,0,0,22,T
5-NP,109,0,0,22,0,22,G
5-NP,110,0,0,22,0,22,G
5-NP,111,0,0,22,0,22,G
5-NP,112,21,0,0,0,21,A
5-NP,113,0,0,21,0,21,G
5-NP,114,21,0,0,0,21,A
5-NP,115,0,24,0,0,24,T
5-NP,116,0,24,0,0,24,T
5-NP,117,0,0,0,25,25,C
5-NP,118,0,24,0,0,24,T
5-NP,119,24,0,0,0,24,A
5-NP,120,0,0,0,24,24,C
5-NP,121,23,0,0,0,23,A
5-NP,122,0,25,0,0,25,T
5-NP,123,0,0,0,25,25,C
5-NP,124,0,0,0,25,25,C
5-NP,125,25,0,0,0,25,A
5-NP,126,26,0,0,0,26,A
5-NP,127,26,0,0,0,26,A
5-NP,128,0,26,0,0,26,T
5-NP,129,0,0,26,0,26,G
5-NP,130,0,26,0,0,26,T
5-NP,131,0,0,27,0,27,G
5-NP,132,0,0,0,27,27,C
5-NP,133,25,0,0,0,25,A
5-NP,134,0,0,0,25,25,C
5-NP,135,0,25,0,0,25,T
5-NP,136,0,0,26,0,26,G
5-NP,137,27,0,0,0,27,A
5-NP,138,29,0,0,0,29,A
5-NP,139,0,0,0,29,29,C
5-NP,140,0,29,0,0,29,T
5-NP,141,0,29,0,0,29,T
5-NP,142,29,0,0,0,29,A
5-NP,143,29,0,0,0,29,A
5-NP,144,30,0,0,0,30,A
5-NP,145,0,0,0,30,30,C
5-NP,146,0,28,0,0,28,T
5-NP,147,0,0,0,29,29,C
5-NP,148,29,0,0,0,29,A
5-NP,149,0,0,31,0,31,G
5-NP,150,0,31,0,0,31,T
5-NP,151,0,0,31,0,31,G
5-NP,152,32,0,0,0,32,A
5-NP,153,0,33,0,0,33,T
5-NP,154,0,0,0,35,35,C
5-NP,155,35,0,0,0,35,A
5-NP,156,0,35,0,0,35,T
5-NP,157,0,0,35,0,35,G
5-NP,158,34,0,0,0,34,A
5-NP,159,34,0,0,0,34,A
5-NP,160,0,0,34,0,34,G
5-NP,161,0,0,34,0,34,G
5-NP,162,0,0,33,0,33,G
5-NP,163,0,0,0,35,35,C
5-NP,164,0,0,35,0,35,G
5-NP,165,0,0,35,0,35,G
5-NP,166,0,34,0,0,34,T
5-NP,167,0,35,0,0,35,T
5-NP,168,0,0,35,0,35,G
5-NP,169,35,0,0,0,35,A
5-NP,170,0,36,0,0,36,T
5-NP,171,0,0,0,35,35,C
5-NP,172,0,0,0,36,36,C
5-NP,173,36,0,0,0,36,A
5-NP,174,36,0,0,0,36,A
5-NP,175,36,0,0,0,36,A
5-NP,176,36,0,0,0,36,A
5-NP,177,0,0,0,35,35,C
5-NP,178,35,0,0,0,35,A
5-NP,179,0,0,35,0,35,G
5-NP,180,0,0,0,35,35,C
5-NP,181,0,0,0,35,35,C
5-NP,182,0,35,0,0,35,T
5-NP,183,0,0,35,0,35,G
5-NP,184,35,0,0,0,35,A
5-NP,185,0,0,0,35,35,C
5-NP,186,35,0,0,0,35,A
5-NP,187,35,0,0,0,35,A
5-NP,188,0,35,0,0,35,T
5-NP,189,35,0,0,0,35,A
5-NP,190,0,0,35,0,35,G
5-NP,191,35,0,0,0,35,A
5-NP,192,0,0,35,0,35,G
5-NP,193,35,0,0,0,35,A
5-NP,194,36,0,0,0,36,A
5-NP,195,36,0,0,0,36,A
5-NP,196,36,0,0,0,36,A
5-NP,197,0,36,0,0,36,T
5-NP,198,0,0,36,0,36,G
5-NP,199,0,0,36,0,36,G
5-NP,200,0,35,0,0,35,T
5-NP,201,0,0,36,0,36,G
5-NP,202,0,0,0,36,36,C
5-NP,203,0,36,0,0,36,T
5-NP,204,0,0,0,36,36,C
5-NP,205,0,35,0,0,35,T
5-NP,206,0,0,0,36,36,C
5-NP,207,0,36,0,0,36,T
5-NP,208,0,0,36,0,36,G
5-NP,209,0,0,0,36,36,C
5-NP,210,0,36,0,0,36,T
5-NP,211,0,35,0,0,35,T
5-NP,212,0,35,0,0,35,T
5-NP,213,0,35,0,0,35,T
5-NP,214,0,0,37,0,37,G
5-NP,215,37,0,0,0,37,A
5-NP,216,0,37,0,0,37,T
5-NP,217,0,0,37,0,37,G
5-NP,218,36,0,0,0,36,A
5-NP,219,37,0,0,0,37,A
5-NP,220,37,0,0,0,37,A
5-NP,221,0,0,38,0,38,G
5-NP,222,38,0,0,0,38,A
5-NP,223,37,0,0,0,37,A
5-NP,224,0,0,37,0,37,G
5-NP,225,0,0,38,0,38,G
5-NP,226,38,0,0,0,38,A
5-NP,227,38,0,0,0,38,A
5-NP,228,0,38,0,0,38,T
5-NP,229,38,0,0,0,38,A
5-NP,230,38,0,0,0,38,A
5-NP,231,38,0,0,0,38,A
5-NP,232,0,38,0,0,38,T
5-NP,233,38,0,0,0,38,A
5-NP,234,0,0,0,38,38,C
5-NP,235,0,0,0,39,39,C
5-NP,236,0,39,0,0,39,T
5-NP,237,0,0,39,0,39,G
5-NP,238,0,0,39,0,39,G
5-NP,239,38,0,0,0,38,A
5-NP,240,39,0,0,0,39,A
5-NP,241,0,0,39,0,39,G
5-NP,242,39,0,0,0,39,A
5-NP,243,38,0,0,0,38,A
5-NP,244,0,0,0,39,39,C
5-NP,245,39,0,0,0,39,A
5-NP,246,0,0,0,40,40,C
5-NP,247,0,0,0,38,38,C
5-NP,248,0,0,0,39,39,C
5-NP,249,0,0,0,39,39,C
5-NP,250,38,0,0,0,38,A
5-NP,251,0,0,38,0,38,G
5-NP,252,0,37,0,0,37,T
5-NP,253,0,0,38,0,38,G
5-NP,254,0,0,0,38,38,C
5-NP,255,0,0,38,0,38,G
5-NP,256,0,0,38,0,38,G
5-NP,257,0,0,37,0,37,G
5-NP,258,0,0,38,0,38,G
5-NP,259,36,0,0,0,36,A
5-NP,260,37,0,0,0,37,A
5-NP,261,37,0,0,0,37,A
5-NP,262,0,0,37,0,37,G
5-NP,263,37,0,0,0,37,A
5-NP,264,0,37,0,0,37,T
5-NP,265,0,0,0,36,36,C
5-NP,266,0,0,0,37,37,C
5-NP,267,0,0,0,37,37,C
5-NP,268,37,0,0,0,37,A
5-NP,269,38,0,0,0,38,A
5-NP,270,0,0,38,0,38,G
5-NP,271,38,0,0,0,38,A
5-NP,272,38,0,0,0,38,A
5-NP,273,38,0,0,0,38,A
5-NP,274,38,0,0,0,38,A
5-NP,275,0,0,0,38,38,C
5-NP,276,0,37,0,0,37,T
5-NP,277,0,0,37,0,37,G
5-NP,278,0,0,37,0,37,G
5-NP,279,0,0,38,0,38,G
5-NP,280,0,0,36,0,36,G
5-NP,281,0,0,37,0,37,G
5-NP,282,0,0,37,0,37,G
5-NP,283,0,0,0,40,40,C
5-NP,284,0,0,0,41,41,C
5-NP,285,0,0,0,40,40,C
5-NP,286,46,0,0,0,46,A
5-NP,287,0,47,0,0,47,T
5-NP,288,51,0,0,0,51,A
5-NP,289,0,51,0,0,51,T
5-NP,290,49,0,0,0,49,A
5-NP,291,0,0,0,49,49,C
5-NP,292,44,0,0,0,44,A
5-NP,293,0,0,44,0,44,G
5-NP,294,0,0,44,0,44,G
5-NP,295,37,0,0,0,37,A
5-NP,296,0,0,39,0,39,G
5-NP,297,35,0,0,0,35,A
5-NP,298,0,0,37,0,37,G
5-NP,299,0,36,0,0,36,T
5-NP,300,36,0,0,0,36,A
5-NP,301,0,0,38,0,38,G
5-NP,302,38,0,0,0,38,A
5-NP,303,0,39,0,0,39,T
5-NP,304,0,0,39,0,39,G
5-NP,305,0,0,40,0,40,G
5-NP,306,39,0,0,0,39,A
5-NP,307,39,0,0,0,39,A
5-NP,308,40,0,0,0,40,A
5-NP,309,40,0,0,0,40,A
5-NP,310,0,38,0,0,38,T
5-NP,311,0,0,39,0,39,G
5-NP,312,0,0,39,0,39,G
5-NP,313,39,0,0,0,39,A
5-NP,314,0,39,0,0,39,T
5-NP,315,0,0,40,0,40,G
5-NP,316,40,0,0,0,40,A
5-NP,317,0,0,40,0,40,G
5-NP,318,0,0,41,0,41,G
5-NP,319,0,0,67,0,67,G
5-NP,320,151,0,0,0,151,A
5-NP,321,167,0,0,0,167,A
5-NP,322,0,0,0,279,279,C
5-NP,323,0,282,0,0,282,T
5-NP,324,0,0,0,368,368,C
5-NP,325,0,0,435,0,435,G
5-NP,326,0,514,0,0,514,T
5-NP,327,0,0,0,555,555,C
5-NP,328,0,0,0,1225,1225,C
5-NP,329,0,1233,0,0,1233,T
5-NP,330,0,1289,0,0,1289,T
5-NP,331,0,1292,0,0,1292,T
5-NP,332,1306,0,0,0,1306,A
5-NP,333,0,1326,0,1,1327,T
5-NP,334,0,0,1324,0,1324,G
5-NP,335,1376,0,3,0,1379,A
5-NP,336,0,0,0,1407,1407,C
5-NP,337,1407,0,0,0,1407,A
5-NP,338,1428,0,0,0,1428,A
5-NP,339,1454,0,0,0,1454,A
5-NP,340,0,0,1784,0,1784,G
5-NP,341,1776,0,0,0,1776,A
5-NP,342,1804,0,0,0,1804,A
5-NP,343,0,0,2103,0,2103,G
5-NP,344,2146,1,0,0,2147,A
5-NP,345,2177,0,1,0,2178,A
5-NP,346,2188,1,0,0,2189,A
5-NP,347,0,2197,0,3,2200,T
5-NP,348,2200,0,1,0,2201,A
5-NP,349,2231,0,1,0,2232,A
5-NP,350,0,2,2335,0,2337,G
5-NP,351,2,0,2322,0,2324,G
5-NP,352,0,0,0,2336,2336,C
5-NP,353,0,0,2345,0,2345,G
5-NP,354,2396,0,0,0,2396,A
5-NP,355,2539,0,0,0,2539,A
5-NP,356,0,2562,0,0,2562,T
5-NP,357,0,0,0,2568,2568,C
5-NP,358,0,2565,0,0,2565,T
5-NP,359,0,0,2575,0,2575,G
5-NP,360,1,0,2568,0,2569,G
5-NP,361,0,3,0,2587,2590,C
5-NP,362,0,0,2586,1,2587,G
5-NP,363,0,0,0,2597,2597,C
5-NP,364,0,0,0,2608,2608,C
5-NP,365,2637,0,1,0,2638,A
5-NP,366,2731,0,0,0,2731,A
5-NP,367,0,0,2901,0,2901,G
5-NP,368,0,0,0,2902,2902,C
5-NP,369,0,0,0,2986,2986,C
5-NP,370,2996,0,1,0,2997,A
5-NP,371,3101,1,1,0,3103,A
5-NP,372,0,0,0,3199,3199,C
5-NP,373,3207,0,1,0,3208,A
5-NP,374,3362,0,0,0,3362,A
5-NP,375,0,3401,0,0,3401,T
5-NP,376,0,0,3573,0,3573,G
5-NP,377,0,0,3591,0,3591,G
5-NP,378,0,3568,0,0,3568,T
5-NP,379,0,1,3605,0,3606,G
5-NP,380,3592,0,0,2,3594,A
5-NP,381,0,0,3822,0,3822,G
5-NP,382,0,0,3845,0,3845,G
5-NP,383,3952,0,0,0,3952,A
5-NP,384,1,4707,0,0,4708,T
5-NP,385,1,0,4855,0,4856,G
5-NP,386,0,0,0,4894,4894,C
5-NP,387,0,4919,0,2,4921,T
5-NP,388,4976,0,2,0,4978,A
5-NP,389,0,0,0,5143,5143,C
5-NP,390,5185,1,0,0,5186,A
5-NP,391,0,5201,1,0,5202,T
5-NP,392,0,0,0,5197,5197,C
5-NP,393,1,5087,0,1,5089,T
5-NP,394,1,0,5442,0,5443,G
5-NP,395,2,0,5629,0,5631,G
5-NP,396,0,5611,0,6,5617,T
5-NP,397,0,1,0,5660,5661,C
5-NP,398,0,5656,0,0,5656,T
5-NP,399,5788,0,4,0,5792,A
5-NP,400,5796,1,0,1,5798,A
5-NP,401,0,0,0,5901,5901,C
5-NP,402,0,5889,0,10,5899,T
5-NP,403,0,1,0,6039,6040,C
5-NP,404,6019,0,2,1,6022,A
5-NP,405,0,2,0,6345,6347,C
5-NP,406,6345,0,0,0,6345,A
5-NP,407,1,6400,0,0,6401,T
5-NP,408,6361,0,0,0,6361,A
5-NP,409,6397,1,2,0,6400,A
5-NP,410,0,6473,0,0,6473,T
5-NP,411,0,2,6551,0,6553,G
5-NP,412,6515,0,0,0,6515,A
5-NP,413,0,6511,0,0,6511,T
5-NP,414,1,6465,0,1,6467,T
5-NP,415,1,6496,1,0,6498,T
5-NP,416,4,0,6463,0,6467,G
5-NP,417,1,0,6467,0,6468,G
5-NP,418,0,1,0,6487,6488,C
5-NP,419,6509,0,0,0,6509,A
5-NP,420,0,6529,0,1,6530,T
5-NP,421,0,6527,0,4,6531,T
5-NP,422,0,1,0,6539,6540,C
5-NP,423,1,4,0,6551,6556,C
5-NP,424,6739,0,2,0,6741,A
5-NP,425,6740,0,0,0,6740,A
5-NP,426,0,6767,0,0,6767,T
5-NP,427,0,6768,0,3,6771,T
5-NP,428,0,6764,0,0,6764,T
5-NP,429,0,0,6836,0,6836,G
5-NP,430,6819,0,1,0,6820,A
5-NP,431,6842,0,2,0,6844,A
5-NP,432,1,6908,0,0,6909,T
5-NP,433,0,1,6881,0,6882,G
5-NP,434,7342,1,1,1,7345,A
5-NP,435,2,7374,1,1,7378,T
5-NP,436,0,0,7405,0,7405,G
5-NP,437,0,0,0,7663,7663,C
5-NP,438,7633,0,3,0,7636,A
5-NP,439,8052,1,1,3,8057,A
5-NP,440,0,0,0,8094,8094,C
5-NP,441,8261,0,1,0,8262,A
5-NP,442,0,8494,0,0,8494,T
5-NP,443,8339,0,3,0,8342,A
5-NP,444,0,1,0,8542,8543,C
5-NP,445,0,0,0,8537,8537,C
5-NP,446,8399,0,3,0,8402,A
5-NP,447,0,2,8479,0,8481,G
5-NP,448,8292,0,1,0,8293,A
5-NP,449,2,0,8498,0,8500,G
5-NP,450,1,0,8445,1,8447,G
5-NP,451,8429,0,9,0,8438,A
5-NP,452,1,0,0,8516,8517,C
5-NP,453,8463,0,0,0,8463,A
5-NP,454,8449,0,3,1,8453,A
5-NP,455,0,2,8501,0,8503,G
5-NP,456,8420,0,5,0,8425,A
5-NP,457,0,0,8488,0,8488,G
5-NP,458,0,0,1,8505,8506,C
5-NP,459,0,8492,0,10,8502,T
5-NP,460,0,0,0,8534,8534,C
5-NP,461,0,8509,0,4,8513,T
5-NP,462,0,8577,0,1,8578,T
5-NP,463,0,0,8597,0,8597,G
5-NP,464,0,8566,0,0,8566,T
5-NP,465,1,8589,0,0,8590,T
5-NP,466,0,1,0,8559,8560,C
5-NP,467,2,0,8550,0,8552,G
5-NP,468,8713,4,0,0,8717,A
5-NP,469,8729,0,1,0,8730,A
5-NP,470,1,0,0,8829,8830,C
5-NP,471,1,8816,0,1,8818,T
5-NP,472,0,0,8949,0,8949,G
5-NP,473,0,0,8981,0,8981,G
5-NP,474,8974,0,3,0,8977,A
5-NP,475,9009,0,5,0,9014,A
5-NP,476,0,8980,0,2,8982,T
5-NP,477,1,0,9003,1,9005,G
5-NP,478,0,0,9116,0,9116,G
5-NP,479,9212,3,6,0,9221,A
5-NP,480,0,9315,0,1,9316,T
5-NP,481,1,2,0,9313,9316,C
5-NP,482,0,1333,0,7967,9300,C
5-NP,483,1,1,0,9382,9384,C
5-NP,484,9428,1,1,1,9431,A
5-NP,485,0,0,9524,0,9524,G
5-NP,486,9478,1,1,0,9480,A
5-NP,487,9381,0,1,0,9382,A
5-NP,488,0,9287,0,0,9287,T
5-NP,489,2,1,9377,1,9381,G
5-NP,490,0,9279,0,3,9282,T
5-NP,491,1,0,9346,0,9347,G
5-NP,492,0,2,0,9350,9352,C
5-NP,493,1,9314,0,5,9320,T
5-NP,494,0,0,0,9854,9854,C
5-NP,495,0,9811,0,2,9813,T
5-NP,496,1,0,0,10243,10244,C
5-NP,497,0,10256,0,0,10256,T
5-NP,498,0,4,10244,0,10248,G
5-NP,499,10320,0,0,0,10320,A
5-NP,500,0,10303,0,1,10304,T
5-NP,501,1,2,10318,0,10321,G
5-NP,502,1,2,0,10332,10335,C
5-NP,503,10071,0,6,0,10077,A
5-NP,504,2,4,10315,0,10321,G
5-NP,505,0,3,10063,0,10066,G
5-NP,506,3,1,10165,0,10169,G
5-NP,507,0,3,0,10173,10176,C
5-NP,508,1,10140,0,2,10143,T
5-NP,509,1,1,0,10224,10226,C
5-NP,510,0,1,10229,1,10231,G
5-NP,511,10367,0,2,0,10369,A
5-NP,512,0,1,0,10379,10380,C
5-NP,513,0,10234,0,5,10239,T
5-NP,514,0,1,0,10837,10838,C
5-NP,515,2,10807,0,5,10814,T
5-NP,516,1,3,0,12348,12352,C
5-NP,517,0,2,0,12381,12383,C
5-NP,518,1,0,0,12429,12430,C
5-NP,519,0,12436,0,2,12438,T
5-NP,520,12346,0,1,0,12347,A
5-NP,521,0,0,12339,0,12339,G
5-NP,522,12311,1,2,0,12314,A
5-NP,523,11923,0,1,2,11926,A
5-NP,524,1,0,11938,0,11939,G
5-NP,525,1,0,11686,0,11687,G
5-NP,526,0,11492,0,7,11499,T
5-NP,527,1,0,1,11596,11598,C
5-NP,528,0,4,0,11611,11615,C
5-NP,529,1,1,11616,1,11619,G
5-NP,530,0,0,11709,0,11709,G
5-NP,531,11596,0,3,0,11599,A
5-NP,532,3,0,11860,0,11863,G
5-NP,533,0,2,0,11858,11860,C
5-NP,534,0,11731,0,13,11744,T
5-NP,535,1,0,11832,0,11833,G
5-NP,536,0,2,0,11816,11818,C
5-NP,537,11808,2,13,0,11823,A
5-NP,538,2,2,11847,0,11851,G
5-NP,539,2,0,11846,0,11848,G
5-NP,540,1,11678,0,5,11684,T
5-NP,541,2,2,11762,0,11766,G
5-NP,542,0,7,0,11792,11799,C
5-NP,543,0,11829,0,2,11831,T
5-NP,544,2,1,12000,0,12003,G
5-NP,545,2,1,0,12048,12051,C
5-NP,546,12108,0,4,1,12113,A
5-NP,547,2,0,12139,0,12141,G
5-NP,548,1,11980,0,0,11981,T
5-NP,549,11942,0,1,2,11945,A
5-NP,550,12174,0,1,1,12176,A
5-NP,551,12151,0,2,1,12154,A
5-NP,552,12180,1,14,2,12197,A
5-NP,553,1,1,12186,0,12188,G
5-NP,554,1,0,12180,0,12181,G
5-NP,555,12158,0,0,0,12158,A
5-NP,556,12111,0,4,0,12115,A
5-NP,557,0,12117,0,2,12119,T
5-NP,558,1,3,0,12159,12163,C
5-NP,559,2,1,12132,0,12135,G
5-NP,560,2,0,12384,0,12386,G
5-NP,561,1,0,12416,0,12417,G
5-NP,562,12346,3,5,2,12356,A
5-NP,563,1,3,1,12449,12454,C
5-NP,564,12352,2,1,0,12355,A
5-NP,565,12652,1,5,0,12658,A
5-NP,566,0,12752,0,3,12755,T
5-NP,567,3,3,12827,0,12833,G
5-NP,568,2,0,13086,0,13088,G
5-NP,569,2,12965,1,3,12971,T
5-NP,570,1,2,13159,0,13162,G
5-NP,571,13097,0,4,0,13101,A
5-NP,572,0,13146,0,3,13149,T
5-NP,573,4,0,13159,0,13163,G
5-NP,574,0,2,13193,1,13196,G
5-NP,575,13086,1,9,0,13096,A
5-NP,576,13138,2,2,1,13143,A
5-NP,577,0,1,0,13102,13103,C
5-NP,578,0,12713,3,1,12717,T
5-NP,579,0,1,13308,0,13309,G
5-NP,580,13168,4,5,1,13178,A
5-NP,581,0,13232,0,1,13233,T
5-NP,582,1,2,1,13309,13313,C
5-NP,583,13099,1,4,0,13104,A
5-NP,584,0,0,13379,0,13379,G
5-NP,585,13241,2,2,0,13245,A
5-NP,586,13303,0,3,0,13306,A
5-NP,587,2,13342,0,1,13345,T
5-NP,588,5,3,13056,1,13065,G
5-NP,589,2,1,13222,0,13225,G
5-NP,590,1,13176,1,7,13185,T
5-NP,591,1,1,0,13232,13234,C
5-NP,592,13251,0,1,0,13252,A
5-NP,593,13140,0,1,0,13141,A
5-NP,594,13190,2,3,1,13196,A
5-NP,595,1,1,0,13209,13211,C
5-NP,596,1,2,13172,0,13175,G
5-NP,597,0,2,13213,0,13215,G
5-NP,598,5,2,13100,1,13108,G
5-NP,599,3,2,13183,0,13188,G
5-NP,600,3,2,13213,0,13218,G
5-NP,601,13194,1,10,1,13206,A
5-NP,602,0,13082,0,1,13083,T
5-NP,603,0,1,0,13137,13138,C
5-NP,604,13191,1,7,0,13199,A
5-NP,605,13163,0,4,1,13168,A
5-NP,606,1,0,0,13084,13085,C
5-NP,607,0,1,13030,0,13031,G
5-NP,608,12947,0,1,0,12948,A
5-NP,609,0,12905,0,6,12911,T
5-NP,610,0,0,0,12965,12965,C
5-NP,611,1,1,13002,0,13004,G
5-NP,612,12868,0,2,0,12870,A
5-NP,613,12925,0,3,0,12928,A
5-NP,614,12931,0,2,0,12933,A
5-NP,615,2,13085,0,0,13087,T
5-NP,616,0,13129,0,1,13130,T
5-NP,617,0,13097,0,3,13100,T
5-NP,618,1,13134,0,0,13135,T
5-NP,619,0,13166,0,4,13170,T
5-NP,620,1,2,13171,0,13174,G
5-NP,621,0,3,13144,1,13148,G
5-NP,622,13039,0,4,0,13043,A
5-NP,623,2,0,13187,0,13189,G
5-NP,624,13005,0,6,0,13011,A
5-NP,625,1,0,13653,0,13654,G
5-NP,626,2,1,13702,0,13705,G
5-NP,627,0,13456,1,14,13471,T
5-NP,628,2,1,13729,0,13732,G
5-NP,629,13634,1,15,1,13651,A
5-NP,630,2,1,13798,0,13801,G
5-NP,631,13735,0,3,0,13738,A
5-NP,632,13706,1,2,0,13709,A
5-NP,633,1,13651,0,3,13655,T
5-NP,634,0,1,13212,0,13213,G
5-NP,635,0,1,13099,1,13101,G
5-NP,636,5,1,13067,0,13073,G
5-NP,637,1,4,0,13023,13028,C
5-NP,638,2,1,13118,0,13121,G
5-NP,639,2,2,13209,1,13214,G
5-NP,640,13129,0,0,0,13129,A
5-NP,641,13162,1,2,0,13165,A
5-NP,642,13376,0,1,0,13377,A
5-NP,643,13367,1,9,2,13379,A
5-NP,644,0,0,0,13457,13457,C
5-NP,645,13431,0,9,0,13440,A
5-NP,646,13398,3,7,0,13408,A
5-NP,647,0,1,13428,0,13429,G
5-NP,648,13041,1,3,0,13045,A
5-NP,649,13120,0,0,0,13120,A
5-NP,650,0,1,13383,2,13386,G
5-NP,651,0,13230,0,1,13231,T
5-NP,652,0,0,13833,0,13833,G
5-NP,653,2,2,0,13767,13771,C
5-NP,654,1,13831,2,1,13835,T
5-NP,655,0,13963,2,1,13966,T
5-NP,656,14090,3,1,0,14094,A
5-NP,657,0,14125,0,0,14125,T
5-NP,658,0,0,14197,0,14197,G
5-NP,659,13857,0,13,2,13872,A
5-NP,660,0,0,13945,0,13945,G
5-NP,661,13327,0,2,2,13331,A
5-NP,662,2,1,13375,0,13378,G
5-NP,663,13351,0,3,0,13354,A
5-NP,664,13444,0,1,0,13445,A
5-NP,665,0,13288,1,1,13290,T
5-NP,666,1,0,13488,0,13489,G
5-NP,667,3,13333,0,5,13341,T
5-NP,668,1,0,13402,0,13403,G
5-NP,669,0,0,0,13372,13372,C
5-NP,670,13358,0,4,0,13362,A
5-NP,671,13354,0,7,0,13361,A
5-NP,672,0,0,0,13345,13345,C
5-NP,673,13244,1,0,0,13245,A
5-NP,674,0,13261,0,1,13262,T
5-NP,675,0,13099,0,8,13107,T
5-NP,676,0,0,0,13137,13137,C
5-NP,677,0,13136,0,1,13137,T
5-NP,678,2,13154,0,3,13159,T
5-NP,679,13162,0,1,0,13163,A
5-NP,680,13084,0,1,0,13085,A
5-NP,681,13085,0,5,1,13091,A
5-NP,682,3,0,13057,0,13060,G
5-NP,683,2,0,13041,0,13043,G
5-NP,684,13011,0,3,0,13014,A
5-NP,685,12987,0,4,0,12991,A
5-NP,686,12997,0,2,0,12999,A
5-NP,687,13104,0,0,0,13104,A
5-NP,688,1,13082,0,0,13083,T
5-NP,689,0,13059,0,4,13063,T
5-NP,690,0,13069,0,1,13070,T
5-NP,691,1,0,0,13105,13106,C
5-NP,692,13134,0,6,0,13140,A
5-NP,693,13122,0,1,0,13123,A
5-NP,694,13096,0,6,0,13102,A
5-NP,695,0,0,1,13249,13250,C
5-NP,696,13105,0,1,0,13106,A
5-NP,697,0,0,13335,0,13335,G
5-NP,698,0,2,0,13332,13334,C
5-NP,699,2,13285,0,3,13290,T
5-NP,700,4,0,13546,1,13551,G
5-NP,701,0,10,1,13532,13543,C
5-NP,702,13643,1,6,0,13650,A
5-NP,703,2,5,0,13650,13657,C
5-NP,704,13555,1,7,1,13564,A
5-NP,705,13590,0,3,0,13593,A
5-NP,706,13223,1,9,1,13234,A
5-NP,707,1,0,13600,0,13601,G
5-NP,708,13537,3,19,0,13559,A
5-NP,709,17,1,13532,0,13550,G
5-NP,710,1,2,1,13486,13490,C
5-NP,711,13453,1,4,0,13458,A
5-NP,712,13920,1,5,1,13927,A
5-NP,713,1,13956,1,3,13961,T
5-NP,714,0,0,13986,0,13986,G
5-NP,715,1,0,14034,0,14035,G
5-NP,716,1,13522,0,4,13527,T
5-NP,717,3,1,13636,0,13640,G
5-NP,718,0,0,13670,1,13671,G
5-NP,719,13681,0,6,0,13687,A
5-NP,720,0,13634,1,4,13639,T
5-NP,721,0,1,0,13256,13257,C
5-NP,722,13330,2,2,2,13336,A
5-NP,723,13475,1,6,0,13482,A
5-NP,724,0,0,13584,0,13584,G
5-NP,725,3,13433,0,1,13437,T
5-NP,726,2,2,13474,0,13478,G
5-NP,727,13302,3,8,0,13313,A
5-NP,728,0,1,13316,0,13317,G
5-NP,729,13329,1,4,0,13334,A
5-NP,730,2,0,13295,0,13297,G
5-NP,731,13207,1,1,0,13209,A
5-NP,732,12800,0,2,1,12803,A
5-NP,733,12768,0,18,1,12787,A
5-NP,734,0,0,12832,0,12832,G
5-NP,735,0,12647,2,1,12650,T
5-NP,736,1,1,1,12670,12673,C
5-NP,737,6,3,12655,1,12665,G
5-NP,738,12672,1,5,0,12678,A
5-NP,739,12702,0,2,0,12704,A
5-NP,740,12687,0,2,0,12689,A
5-NP,741,0,3,0,12838,12841,C
5-NP,742,1,1,0,12810,12812,C
5-NP,743,3,3,0,12826,12832,C
5-NP,744,12695,0,12,0,12707,A
5-NP,745,1,0,12738,0,12739,G
5-NP,746,0,1,12723,0,12724,G
5-NP,747,12735,0,0,1,12736,A
5-NP,748,12706,0,7,0,12713,A
5-NP,749,12624,1,3,1,12629,A
5-NP,750,1,1,0,12629,12631,C
5-NP,751,0,0,12588,0,12588,G
5-NP,752,1,1,1,12577,12580,C
5-NP,753,0,12538,1,6,12545,T
5-NP,754,0,3,12579,0,12582,G
5-NP,755,12478,1,6,0,12485,A
5-NP,756,1,0,12685,0,12686,G
5-NP,757,12695,1,2,1,12699,A
5-NP,758,0,12576,0,1,12577,T
5-NP,759,2,1,0,12553,12556,C
5-NP,760,3,4,12600,0,12607,G
5-NP,761,12557,4,0,0,12561,A
5-NP,762,12587,1,3,0,12591,A
5-NP,763,2,0,12582,0,12584,G
5-NP,764,12575,2,1,0,12578,A
5-NP,765,1,12451,1,1,12454,T
5-NP,766,1,1,0,12530,12532,C
5-NP,767,2,12462,1,7,12472,T
5-NP,768,0,3,1,12498,12502,C
5-NP,769,12563,1,4,0,12568,A
5-NP,770,0,12512,1,1,12514,T
5-NP,771,12569,0,0,0,12569,A
5-NP,772,0,12549,2,1,12552,T
5-NP,773,1,12491,1,0,12493,T
5-NP,774,1,12457,2,1,12461,T
5-NP,775,0,12348,1,1,12350,T
5-NP,776,0,12345,1,4,12350,T
5-NP,777,12413,0,5,0,12418,A
5-NP,778,0,0,12363,0,12363,G
5-NP,779,1,0,1,12381,12383,C
5-NP,780,12338,0,2,0,12340,A
5-NP,781,12268,0,0,0,12268,A
5-NP,782,0,0,12657,0,12657,G
5-NP,783,12611,1,0,0,12612,A
5-NP,784,0,12606,4,0,12610,T
5-NP,785,2,1,0,12719,12722,C
5-NP,786,0,12627,1,9,12637,T
5-NP,787,2,2,12975,1,12980,G
5-NP,788,1,3,0,13009,13013,C
5-NP,789,13036,1,5,0,13042,A
5-NP,790,0,13183,3,2,13188,T
5-NP,791,0,12707,3,1,12711,T
5-NP,792,1,0,13361,1,13363,G
5-NP,793,13649,1,1,0,13651,A
5-NP,794,1,13607,1,1,13610,T
5-NP,795,13678,0,2,0,13680,A
5-NP,796,0,13395,0,1,13396,T
5-NP,797,0,13308,1,0,13309,T
5-NP,798,2,1,13423,0,13426,G
5-NP,799,13243,0,3,0,13246,A
5-NP,800,0,0,13365,0,13365,G
5-NP,801,12716,0,12,0,12728,A
5-NP,802,2,0,12499,0,12501,G
5-NP,803,1,2,12663,0,12666,G
5-NP,804,12589,1,2,0,12592,A
5-NP,805,2,12532,0,2,12536,T
5-NP,806,2,1,0,12614,12617,C
5-NP,807,12576,0,2,2,12580,A
5-NP,808,2,0,12632,0,12634,G
5-NP,809,2,12561,0,3,12566,T
5-NP,810,1,12475,0,2,12478,T
5-NP,811,1,0,12482,0,12483,G
5-NP,812,3,0,0,12378,12381,C
5-NP,813,0,12340,0,6,12346,T
5-NP,814,1,0,1,12420,12422,C
5-NP,815,12415,3,2,2,12422,A
5-NP,816,0,0,1,12460,12461,C
5-NP,817,12440,1,2,0,12443,A
5-NP,818,12496,0,0,1,12497,A
5-NP,819,12444,0,0,1,12445,A
5-NP,820,1,12365,0,1,12367,T
5-NP,821,0,1,0,12474,12475,C
5-NP,822,0,12442,0,8,12450,T
5-NP,823,0,12400,1,3,12404,T
5-NP,824,2,0,12473,0,12475,G
5-NP,825,2,4,0,12402,12408,C
5-NP,826,0,1,0,12550,12551,C
5-NP,827,2,12592,0,3,12597,T
5-NP,828,12521,2,1,3,12527,A
5-NP,829,1,1,0,12680,12682,C
5-NP,830,0,1,0,12680,12681,C
5-NP,831,1,12623,0,4,12628,T
5-NP,832,1,0,12845,0,12846,G
5-NP,833,0,1,0,12752,12753,C
5-NP,834,2,0,0,12812,12814,C
5-NP,835,2,12578,1,6,12587,T
5-NP,836,1,2,12751,0,12754,G
5-NP,837,2,12603,1,3,12609,T
5-NP,838,2,0,12832,1,12835,G
5-NP,839,0,4,0,12879,12883,C
5-NP,840,3,2,13096,0,13101,G
5-NP,841,0,12895,0,8,12903,T
5-NP,842,12884,3,0,1,12888,A
5-NP,843,0,12884,0,5,12889,T
5-NP,844,3,1,12854,0,12858,G
5-NP,845,1,1,13328,0,13330,G
5-NP,846,13207,1,8,1,13217,A
5-NP,847,0,0,0,13005,13005,C
5-NP,848,2,1,0,13013,13016,C
5-NP,849,1,12810,0,7,12818,T
5-NP,850,2,1,13422,1,13426,G
5-NP,851,1,2,1,13448,13452,C
5-NP,852,13485,0,12,1,13498,A
5-NP,853,1,1,13707,0,13709,G
5-NP,854,0,13052,1,1,13054,T
5-NP,855,13581,1,0,1,13583,A
5-NP,856,0,13485,1,4,13490,T
5-NP,857,3,1,1,13489,13494,C
5-NP,858,2,2,0,13520,13524,C
5-NP,859,12993,1,3,1,12998,A
5-NP,860,3,0,13073,0,13076,G
5-NP,861,1,12961,0,3,12965,T
5-NP,862,2,1,13102,0,13105,G
5-NP,863,2,1,13044,0,13047,G
5-NP,864,7,1,12879,0,12887,G
5-NP,865,0,12875,2,6,12883,T
5-NP,866,12879,0,5,1,12885,A
5-NP,867,0,2,1,12860,12863,C
5-NP,868,1,0,12826,0,12827,G
5-NP,869,12726,1,3,1,12731,A
5-NP,870,0,1,1,12765,12767,C
5-NP,871,1,12451,1,0,12453,T
5-NP,872,1,12442,1,2,12446,T
5-NP,873,0,0,0,12476,12476,C
5-NP,874,2,0,12493,1,12496,G
5-NP,875,12451,2,5,0,12458,A
5-NP,876,12498,1,0,0,12499,A
5-NP,877,12523,0,0,0,12523,A
5-NP,878,12510,0,0,0,12510,A
5-NP,879,12489,1,2,0,12492,A
5-NP,880,2,0,12538,1,12541,G
5-NP,881,12496,0,13,1,12510,A
5-NP,882,1,0,12597,0,12598,G
5-NP,883,4,1,12685,0,12690,G
5-NP,884,2,2,12707,0,12711,G
5-NP,885,12768,0,3,0,12771,A
5-NP,886,0,12731,0,5,12736,T
5-NP,887,12824,0,3,0,12827,A
5-NP,888,0,12808,0,1,12809,T
5-NP,889,1,12835,0,1,12837,T
5-NP,890,1,1,0,12962,12964,C
5-NP,891,1,3,0,12913,12917,C
5-NP,892,0,12809,0,2,12811,T
5-NP,893,0,12842,0,1,12843,T
5-NP,894,0,2,12972,0,12974,G
5-NP,895,1,1,13032,0,13034,G
5-NP,896,3,12927,0,3,12933,T
5-NP,897,0,0,12941,0,12941,G
5-NP,898,1,2,12861,0,12864,G
5-NP,899,0,0,13483,1,13484,G
5-NP,900,13481,1,2,0,13484,A
5-NP,901,13531,0,1,0,13532,A
5-NP,902,0,13509,0,2,13511,T
5-NP,903,13254,0,3,0,13257,A
5-NP,904,1,1,13224,0,13226,G
5-NP,905,13060,2,17,0,13079,A
5-NP,906,1,0,0,13054,13055,C
5-NP,907,0,0,0,12909,12909,C
5-NP,908,0,1,0,12712,12713,C
5-NP,909,0,12770,0,93,12863,T
5-NP,910,0,12862,0,6,12868,T
5-NP,911,2,12860,1,2,12865,T
5-NP,912,0,1,0,12897,12898,C
5-NP,913,12888,0,2,0,12890,A
5-NP,914,12874,0,3,0,12877,A
5-NP,915,12829,0,3,0,12832,A
5-NP,916,2,0,0,12837,12839,C
5-NP,917,0,12532,0,3,12535,T
5-NP,918,12448,2,4,0,12454,A
5-NP,919,0,1,0,12597,12598,C
5-NP,920,0,12519,0,3,12522,T
5-NP,921,1,12422,0,2,12425,T
5-NP,922,0,0,1,12581,12582,C
5-NP,923,12579,0,1,0,12580,A
5-NP,924,12573,0,3,0,12576,A
5-NP,925,12532,0,2,0,12534,A
5-NP,926,12529,0,1,0,12530,A
5-NP,927,0,12405,0,1,12406,T
5-NP,928,12278,0,7,0,12285,A
5-NP,929,0,0,12382,0,12382,G
5-NP,930,0,2,0,12424,12426,C
5-NP,931,1,1,1,12564,12567,C
5-NP,932,12610,1,1,1,12613,A
5-NP,933,12624,0,0,0,12624,A
5-NP,934,12955,1,1,0,12957,A
5-NP,935,0,12970,0,0,12970,T
5-NP,936,13059,0,3,0,13062,A
5-NP,937,0,13041,0,1,13042,T
5-NP,938,12862,0,5,0,12867,A
5-NP,939,0,0,0,12899,12899,C
5-NP,940,12699,1,5,0,12705,A
5-NP,941,2,0,12982,0,12984,G
5-NP,942,0,1,0,12925,12926,C
5-NP,943,0,12518,0,4,12522,T
5-NP,944,2,12678,0,0,12680,T
5-NP,945,12728,0,3,1,12732,A
5-NP,946,12734,2,2,0,12738,A
5-NP,947,2,12682,0,0,12684,T
5-NP,948,2,2,0,12708,12712,C
5-NP,949,12366,0,6,0,12372,A
5-NP,950,2,0,12469,0,12471,G
5-NP,951,12399,0,6,1,12406,A
5-NP,952,1,1,1,12530,12533,C
5-NP,953,1,0,1,12426,12428,C
5-NP,954,1,12268,1,8,12278,T
5-NP,955,12433,1,0,0,12434,A
5-NP,956,12403,0,1,0,12404,A
5-NP,957,2,3,0,12451,12456,C
5-NP,958,1,1,12466,0,12468,G
5-NP,959,12173,1,3,0,12177,A
5-NP,960,0,0,12187,1,12188,G
5-NP,961,12097,0,4,2,12103,A
5-NP,962,12199,0,1,0,12200,A
5-NP,963,1,12116,0,2,12119,T
5-NP,964,0,0,0,12007,12007,C
5-NP,965,0,0,0,12046,12046,C
5-NP,966,11619,1,10,1,11631,A
5-NP,967,1,0,11687,0,11688,G
5-NP,968,1,0,0,11669,11670,C
5-NP,969,11747,0,2,0,11749,A
5-NP,970,0,0,1,11833,11834,C
5-NP,971,11635,1,2,0,11638,A
5-NP,972,1,1,0,11695,11697,C
5-NP,973,11676,0,1,0,11677,A
5-NP,974,11704,1,4,0,11709,A
5-NP,975,0,0,11749,0,11749,G
5-NP,976,11574,1,2,0,11577,A
5-NP,977,0,1,11603,0,11604,G
5-NP,978,0,11359,0,2,11361,T
5-NP,979,0,0,0,11352,11352,C
5-NP,980,11342,0,13,1,11356,A
5-NP,981,0,0,11315,0,11315,G
5-NP,982,0,0,1,11346,11347,C
5-NP,983,0,11232,0,0,11232,T
5-NP,984,0,0,11559,0,11559,G
5-NP,985,1,0,11581,0,11582,G
5-NP,986,0,11530,0,7,11537,T
5-NP,987,0,0,11630,0,11630,G
5-NP,988,1,11516,0,5,11522,T
5-NP,989,1,0,11530,0,11531,G
5-NP,990,0,0,11496,0,11496,G
5-NP,991,11428,2,11,0,11441,A
5-NP,992,1,11347,1,80,11429,T
5-NP,993,0,0,10568,0,10568,G
5-NP,994,1,0,10512,0,10513,G
5-NP,995,0,1,0,10375,10376,C
5-NP,996,3,1,10229,0,10233,G
5-NP,997,0,10347,1,3,10351,T
5-NP,998,1,0,10348,0,10349,G
5-NP,999,1,3,0,10348,10352,C
5-NP,1000,1,1,1,10429,10432,C
5-NP,1001,10559,1,0,0,10560,A
5-NP,1002,0,10523,0,4,10527,T
5-NP,1003,1,10380,0,1,10382,T
5-NP,1004,1,2,1,10455,10459,C
5-NP,1005,0,10239,0,2,10241,T
5-NP,1006,1,2,10208,0,10211,G
5-NP,1007,0,0,0,10208,10208,C
5-NP,1008,1,10025,0,3,10029,T
5-NP,1009,1,0,10058,1,10060,G
5-NP,1010,0,0,0,9833,9833,C
5-NP,1011,9855,1,1,0,9857,A
5-NP,1012,0,9863,0,0,9863,T
5-NP,1013,0,9743,0,2,9745,T
5-NP,1014,1,9749,0,2,9752,T
5-NP,1015,0,0,9753,0,9753,G
5-NP,1016,9730,0,2,0,9732,A
5-NP,1017,9745,1,4,0,9750,A
5-NP,1018,0,0,9793,0,9793,G
5-NP,1019,9757,0,1,0,9758,A
5-NP,1020,0,9704,0,1,9705,T
5-NP,1021,0,9683,1,1,9685,T
5-NP,1022,0,9699,0,2,9701,T
5-NP,1023,9690,3,3,0,9696,A
5-NP,1024,9707,1,3,0,9711,A
5-NP,1025,2,0,9711,0,9713,G
5-NP,1026,9695,0,2,0,9697,A
5-NP,1027,0,9656,0,0,9656,T
5-NP,1028,1,9472,0,3,9476,T
5-NP,1029,1,0,9536,0,9537,G
5-NP,1030,0,9537,1,3,9541,T
5-NP,1031,1,9529,2,1,9533,T
5-NP,1032,9550,0,2,0,9552,A
5-NP,1033,9535,0,2,0,9537,A
5-NP,1034,1,0,9537,0,9538,G
5-NP,1035,2,2,0,9563,9567,C
5-NP,1036,1,9348,1,17,9367,T
5-NP,1037,0,9394,1,2,9397,T
5-NP,1038,2,1,0,9429,9432,C
5-NP,1039,9437,0,1,0,9438,A
5-NP,1040,0,9378,1,3,9382,T
5-NP,1041,2,2,0,9427,9431,C
5-NP,1042,9277,1,1,0,9279,A
5-NP,1043,0,1,9260,1,9262,G
5-NP,1044,9086,0,7,0,9093,A
5-NP,1045,0,0,9084,1,9085,G
5-NP,1046,0,0,9002,0,9002,G
5-NP,1047,4,0,8934,0,8938,G
5-NP,1048,8925,0,7,0,8932,A
5-NP,1049,1,1,0,8942,8944,C
5-NP,1050,8958,0,1,0,8959,A
5-NP,1051,8975,1,0,0,8976,A
5-NP,1052,8989,1,0,0,8990,A
5-NP,1053,9004,0,5,1,9010,A
5-NP,1054,0,0,9040,0,9040,G
5-NP,1055,0,8773,0,4,8777,T
5-NP,1056,8739,2,1,0,8742,A
5-NP,1057,1,8645,0,7,8653,T
5-NP,1058,0,2,0,8688,8690,C
5-NP,1059,1,8562,1,0,8564,T
5-NP,1060,0,1,0,8647,8648,C
5-NP,1061,1,0,0,8610,8611,C
5-NP,1062,0,8501,0,1,8502,T
5-NP,1063,1,2,0,8556,8559,C
5-NP,1064,1,0,8539,0,8540,G
5-NP,1065,0,0,8556,1,8557,G
5-NP,1066,0,0,8560,1,8561,G
5-NP,1067,1,0,8529,0,8530,G
5-NP,1068,2,0,8524,0,8526,G
5-NP,1069,8357,0,1,0,8358,A
5-NP,1070,8344,0,3,0,8347,A
5-NP,1071,8327,0,1,1,8329,A
5-NP,1072,2,1,0,8360,8363,C
5-NP,1073,0,8328,0,1,8329,T
5-NP,1074,3,0,8345,0,8348,G
5-NP,1075,0,8284,0,1,8285,T
5-NP,1076,1,0,1,8306,8308,C
5-NP,1077,8402,2,7,3,8414,A
5-NP,1078,8421,0,1,0,8422,A
5-NP,1079,1,2,0,8464,8467,C
5-NP,1080,0,8420,1,0,8421,T
5-NP,1081,8260,2,0,0,8262,A
5-NP,1082,1,1,8269,0,8271,G
5-NP,1083,8096,0,3,0,8099,A
5-NP,1084,0,1,8089,0,8090,G
5-NP,1085,0,1,8085,0,8086,G
5-NP,1086,7580,0,3,0,7583,A
5-NP,1087,0,0,7641,0,7641,G
5-NP,1088,1,7528,0,1,7530,T
5-NP,1089,7526,1,3,0,7530,A
5-NP,1090,1,2,0,7538,7541,C
5-NP,1091,7427,4,0,0,7431,A
5-NP,1092,7410,1,1,0,7412,A
5-NP,1093,7338,0,1,0,7339,A
5-NP,1094,1,7222,1,1,7225,T
5-NP,1095,0,7189,0,1,7190,T
5-NP,1096,0,0,6937,0,6937,G
5-NP,1097,0,2,0,6849,6851,C
5-NP,1098,1,6834,1,4,6840,T
5-NP,1099,0,6824,1,1,6826,T
5-NP,1100,2,0,0,6836,6838,C
5-NP,1101,6840,0,2,0,6842,A
5-NP,1102,6857,0,0,0,6857,A
5-NP,1103,6839,0,1,0,6840,A
5-NP,1104,0,6844,0,0,6844,T
5-NP,1105,0,0,6851,0,6851,G
5-NP,1106,6697,0,2,0,6699,A
5-NP,1107,1,0,6714,1,6716,G
5-NP,1108,6704,0,3,0,6707,A
5-NP,1109,6682,0,3,0,6685,A
5-NP,1110,1,2,0,6677,6680,C
5-NP,1111,6602,0,2,0,6604,A
5-NP,1112,0,6585,0,0,6585,T
5-NP,1113,0,0,6591,0,6591,G
5-NP,1114,0,0,6603,0,6603,G
5-NP,1115,6582,0,5,0,6587,A
5-NP,1116,0,6390,0,0,6390,T
5-NP,1117,6289,0,1,0,6290,A
5-NP,1118,6421,0,1,0,6422,A
5-NP,1119,0,6276,1,0,6277,T
5-NP,1120,6235,0,0,0,6235,A
5-NP,1121,0,6170,1,0,6171,T
5-NP,1122,0,0,5632,0,5632,G
5-NP,1123,1,0,5460,0,5461,G
5-NP,1124,0,0,5455,0,5455,G
5-NP,1125,5419,1,1,0,5421,A
5-NP,1126,0,5373,0,0,5373,T
5-NP,1127,0,0,0,3845,3845,C
5-NP,1128,0,0,3853,0,3853,G
5-NP,1129,3843,0,0,0,3843,A
5-NP,1130,1,0,3830,0,3831,G
5-NP,1131,0,0,0,3799,3799,C
5-NP,1132,3711,1,0,0,3712,A
5-NP,1133,0,0,0,3758,3758,C
5-NP,1134,0,3669,0,0,3669,T
5-NP,1135,2,0,0,3694,3696,C
5-NP,1136,0,3686,0,8,3694,T
5-NP,1137,0,3569,0,1,3570,T
5-NP,1138,0,0,3582,0,3582,G
5-NP,1139,3574,0,0,0,3574,A
5-NP,1140,3555,0,0,0,3555,A
5-NP,1141,0,0,0,3550,3550,C
5-NP,1142,0,2367,0,0,2367,T
5-NP,1143,0,1,2370,0,2371,G
5-NP,1144,2256,0,3,0,2259,A
5-NP,1145,0,0,2255,0,2255,G
5-NP,1146,2264,0,0,0,2264,A
5-NP,1147,2182,0,0,0,2182,A
5-NP,1148,0,0,2176,0,2176,G
5-NP,1149,0,1,0,2084,2085,C
5-NP,1150,0,0,2081,1,2082,G
5-NP,1151,0,1,2069,0,2070,G
5-NP,1152,1,0,1955,0,1956,G
5-NP,1153,0,1895,0,0,1895,T
5-NP,1154,1807,0,0,0,1807,A
5-NP,1155,0,0,0,1797,1797,C
5-NP,1156,0,1013,0,1,1014,T
5-NP,1157,1,0,966,0,967,G
5-NP,1158,0,0,876,0,876,G
5-NP,1159,1,0,821,0,822,G
5-NP,1160,0,0,0,782,782,C
5-NP,1161,0,0,0,627,627,C
5-NP,1162,631,0,0,0,631,A
5-NP,1163,0,627,0,1,628,T
5-NP,1164,629,0,0,0,629,A
5-NP,1165,630,0,0,0,630,A
5-NP,1166,0,0,618,0,618,G
5-NP,1167,0,0,627,0,627,G
5-NP,1168,611,0,1,0,612,A
5-NP,1169,0,0,0,617,617,C
5-NP,1170,0,0,0,614,614,C
5-NP,1171,611,0,0,0,611,A
5-NP,1172,0,0,620,0,620,G
5-NP,1173,0,0,627,0,627,G
5-NP,1174,619,0,0,0,619,A
5-NP,1175,0,0,631,0,631,G
5-NP,1176,0,605,0,0,605,T
5-NP,1177,0,0,610,0,610,G
5-NP,1178,0,0,617,0,617,G
5-NP,1179,608,0,1,0,609,A
5-NP,1180,0,0,622,0,622,G
5-NP,1181,0,1,605,0,606,G
5-NP,1182,605,0,0,0,605,A
5-NP,1183,606,0,0,0,606,A
5-NP,1184,604,0,0,0,604,A
5-NP,1185,0,0,0,606,606,C
5-NP,1186,598,0,1,0,599,A
5-NP,1187,0,0,0,617,617,C
5-NP,1188,0,604,0,0,604,T
5-NP,1189,616,0,0,0,616,A
5-NP,1190,615,0,0,0,615,A
5-NP,1191,0,609,0,0,609,T
5-NP,1192,0,0,0,614,614,C
5-NP,1193,618,0,0,0,618,A
5-NP,1194,621,0,0,0,621,A
5-NP,1195,0,0,0,620,620,C
5-NP,1196,609,0,0,0,609,A
5-NP,1197,0,0,610,0,610,G
5-NP,1198,587,0,1,0,588,A
5-NP,1199,0,0,585,0,585,G
5-NP,1200,0,0,587,0,587,G
5-NP,1201,0,0,584,0,584,G
5-NP,1202,0,0,0,577,577,C
5-NP,1203,0,0,0,574,574,C
5-NP,1204,0,568,0,0,568,T
5-NP,1205,0,0,0,576,576,C
5-NP,1206,0,0,0,581,581,C
5-NP,1207,0,0,574,0,574,G
5-NP,1208,0,0,0,577,577,C
5-NP,1209,569,0,2,0,571,A
5-NP,1210,1,0,579,0,580,G
5-NP,1211,0,0,580,0,580,G
5-NP,1212,0,0,0,581,581,C
5-NP,1213,0,0,0,584,584,C
5-NP,1214,588,0,0,0,588,A
5-NP,1215,592,0,0,0,592,A
5-NP,1216,596,0,0,0,596,A
5-NP,1217,0,0,0,599,599,C
5-NP,1218,0,562,0,3,565,T
5-NP,1219,582,0,0,0,582,A
5-NP,1220,0,0,587,0,587,G
5-NP,1221,0,583,0,0,583,T
5-NP,1222,0,0,591,0,591,G
5-NP,1223,0,571,0,0,571,T
5-NP,1224,0,0,576,0,576,G
5-NP,1225,0,0,0,575,575,C
5-NP,1226,573,1,0,0,574,A
5-NP,1227,580,0,0,0,580,A
5-NP,1228,0,0,0,568,568,C
5-NP,1229,0,0,0,578,578,C
5-NP,1230,0,578,0,0,578,T
5-NP,1231,578,0,0,0,578,A
5-NP,1232,0,1,0,571,572,C
5-NP,1233,0,0,574,0,574,G
5-NP,1234,0,571,0,0,571,T
5-NP,1235,0,576,0,0,576,T
5-NP,1236,0,561,0,0,561,T
5-NP,1237,0,557,0,0,557,T
5-NP,1238,0,0,0,555,555,C
5-NP,1239,0,553,0,0,553,T
5-NP,1240,0,0,564,0,564,G
5-NP,1241,0,559,0,0,559,T
5-NP,1242,563,0,0,0,563,A
5-NP,1243,0,0,0,565,565,C
5-NP,1244,558,0,0,0,558,A
5-NP,1245,556,0,1,0,557,A
5-NP,1246,559,0,0,0,559,A
5-NP,1247,0,0,560,0,560,G
5-NP,1248,553,0,0,0,553,A
5-NP,1249,531,0,0,0,531,A
5-NP,1250,531,0,0,0,531,A
5-NP,1251,0,0,0,528,528,C
5-NP,1252,0,0,0,529,529,C
5-NP,1253,0,521,0,1,522,T
5-NP,1254,1,0,0,524,525,C
5-NP,1255,0,0,0,528,528,C
5-NP,1256,0,0,0,528,528,C
5-NP,1257,526,0,0,0,526,A
5-NP,1258,0,527,0,0,527,T
5-NP,1259,0,529,0,0,529,T
5-NP,1260,0,530,0,0,530,T
5-NP,1261,0,0,528,0,528,G
5-NP,1262,529,0,0,0,529,A
5-NP,1263,529,0,0,0,529,A
5-NP,1264,527,0,0,0,527,A
5-NP,1265,525,0,0,0,525,A
5-NP,1266,0,0,527,0,527,G
5-NP,1267,0,517,0,0,517,T
5-NP,1268,0,0,0,519,519,C
5-NP,1269,524,0,0,0,524,A
5-NP,1270,525,0,0,0,525,A
5-NP,1271,0,0,0,525,525,C
5-NP,1272,0,0,0,531,531,C
5-NP,1273,528,0,0,0,528,A
5-NP,1274,0,532,0,1,533,T
5-NP,1275,0,0,0,529,529,C
5-NP,1276,522,0,0,0,522,A
5-NP,1277,0,521,0,1,522,T
5-NP,1278,0,0,526,0,526,G
5-NP,1279,0,0,528,0,528,G
5-NP,1280,0,0,0,527,527,C
5-NP,1281,508,0,0,0,508,A
5-NP,1282,0,0,505,0,505,G
5-NP,1283,0,0,0,498,498,C
5-NP,1284,504,0,1,0,505,A
5-NP,1285,0,503,0,0,503,T
5-NP,1286,0,493,0,0,493,T
5-NP,1287,0,0,0,495,495,C
5-NP,1288,491,0,0,0,491,A
5-NP,1289,0,0,0,492,492,C
5-NP,1290,0,490,0,0,490,T
5-NP,1291,0,0,489,0,489,G
5-NP,1292,0,0,492,0,492,G
5-NP,1293,492,0,1,0,493,A
5-NP,1294,492,0,0,0,492,A
5-NP,1295,495,0,0,0,495,A
5-NP,1296,0,484,0,0,484,T
5-NP,1297,487,1,0,0,488,A
5-NP,1298,0,0,0,488,488,C
5-NP,1299,0,0,479,0,479,G
5-NP,1300,0,0,473,0,473,G
5-NP,1301,450,0,1,0,451,A
5-NP,1302,0,1,461,0,462,G
5-NP,1303,1,0,459,0,460,G
5-NP,1304,0,0,463,0,463,G
5-NP,1305,452,0,10,0,462,A
5-NP,1306,462,0,0,0,462,A
5-NP,1307,0,0,464,0,464,G
5-NP,1308,463,0,1,0,464,A
5-NP,1309,462,0,0,0,462,A
5-NP,1310,0,0,0,469,469,C
5-NP,1311,0,457,0,0,457,T
5-NP,1312,1,462,0,0,463,T
5-NP,1313,0,0,0,457,457,C
5-NP,1314,457,0,1,0,458,A
5-NP,1315,0,0,462,0,462,G
5-NP,1316,454,0,0,0,454,A
5-NP,1317,0,0,0,456,456,C
5-NP,1318,449,0,0,0,449,A
5-NP,1319,0,434,0,4,438,T
5-NP,1320,0,0,439,0,439,G
5-NP,1321,431,0,0,0,431,A
5-NP,1322,0,0,436,0,436,G
5-NP,1323,0,0,436,0,436,G
5-NP,1324,0,0,430,0,430,G
5-NP,1325,0,0,0,434,434,C
5-NP,1326,427,0,2,0,429,A
5-NP,1327,0,0,432,0,432,G
5-NP,1328,432,0,0,0,432,A
5-NP,1329,433,0,0,0,433,A
5-NP,1330,433,0,0,0,433,A
5-NP,1331,0,420,0,0,420,T
5-NP,1332,0,0,0,422,422,C
5-NP,1333,421,0,0,0,421,A
5-NP,1334,0,418,0,0,418,T
5-NP,1335,420,0,0,0,420,A
5-NP,1336,418,0,0,0,418,A
5-NP,1337,0,0,427,0,427,G
5-NP,1338,418,0,0,0,418,A
5-NP,1339,418,0,0,0,418,A
5-NP,1340,0,407,0,0,407,T
5-NP,1341,0,0,412,0,412,G
5-NP,1342,412,0,0,0,412,A
5-NP,1343,0,412,0,0,412,T
5-NP,1344,0,0,412,0,412,G
5-NP,1345,0,0,414,0,414,G
5-NP,1346,407,0,0,0,407,A
5-NP,1347,399,0,1,0,400,A
5-NP,1348,0,0,384,0,384,G
5-NP,1349,0,0,392,0,392,G
5-NP,1350,0,385,0,0,385,T
5-NP,1351,0,0,390,0,390,G
5-NP,1352,0,0,0,388,388,C
5-NP,1353,390,0,0,0,390,A
5-NP,1354,388,0,0,0,388,A
5-NP,1355,391,0,0,0,391,A
5-NP,1356,392,0,0,0,392,A
5-NP,1357,0,0,0,396,396,C
5-NP,1358,0,0,0,386,386,C
5-NP,1359,383,0,0,0,383,A
5-NP,1360,0,0,385,0,385,G
5-NP,1361,382,0,1,0,383,A
5-NP,1362,385,0,0,0,385,A
5-NP,1363,0,0,385,0,385,G
5-NP,1364,382,0,0,0,382,A
5-NP,1365,364,0,0,0,364,A
5-NP,1366,0,0,371,0,371,G
5-NP,1367,0,363,0,0,363,T
5-NP,1368,0,0,370,0,370,G
5-NP,1369,0,360,0,0,360,T
5-NP,1370,0,0,0,358,358,C
5-NP,1371,362,0,0,0,362,A
5-NP,1372,0,361,0,1,362,T
5-NP,1373,0,361,0,0,361,T
5-NP,1374,0,0,0,358,358,C
5-NP,1375,0,0,0,359,359,C
5-NP,1376,0,0,357,0,357,G
5-NP,1377,0,0,355,0,355,G
5-NP,1378,0,0,358,0,358,G
5-NP,1379,0,0,359,0,359,G
5-NP,1380,344,0,1,0,345,A
5-NP,1381,349,0,0,0,349,A
5-NP,1382,0,0,352,0,352,G
5-NP,1383,0,0,354,0,354,G
5-NP,1384,0,0,354,0,354,G
5-NP,1385,0,0,352,1,353,G
5-NP,1386,349,0,0,0,349,A
5-NP,1387,0,0,352,0,352,G
5-NP,1388,0,344,0,0,344,T
5-NP,1389,0,338,0,0,338,T
5-NP,1390,0,343,0,0,343,T
5-NP,1391,0,341,0,0,341,T
5-NP,1392,0,0,0,343,343,C
5-NP,1393,0,0,340,0,340,G
5-NP,1394,340,0,1,0,341,A
5-NP,1395,0,0,374,0,374,G
5-NP,1396,0,0,0,374,374,C
5-NP,1397,0,376,0,0,376,T
5-NP,1398,0,0,0,379,379,C
5-NP,1399,0,383,0,0,383,T
5-NP,1400,0,0,0,381,381,C
5-NP,1401,379,0,0,1,380,A
5-NP,1402,0,0,393,0,393,G
5-NP,1403,394,0,0,0,394,A
5-NP,1404,0,1,0,386,387,C
5-NP,1405,0,0,383,0,383,G
5-NP,1406,376,0,0,0,376,A
5-NP,1407,0,0,381,0,381,G
5-NP,1408,375,0,0,0,375,A
5-NP,1409,377,0,0,0,377,A
5-NP,1410,0,0,378,0,378,G
5-NP,1411,0,0,376,0,376,G
5-NP,1412,0,0,0,375,375,C
5-NP,1413,376,0,0,0,376,A
5-NP,1414,374,0,0,0,374,A
5-NP,1415,0,0,0,375,375,C
5-NP,1416,0,0,380,0,380,G
5-NP,1417,379,0,0,0,379,A
5-NP,1418,378,0,0,0,378,A
5-NP,1419,0,0,0,376,376,C
5-NP,1420,0,0,0,375,375,C
5-NP,1421,0,1,0,375,376,C
5-NP,1422,0,0,379,0,379,G
5-NP,1423,377,0,0,0,377,A
5-NP,1424,0,377,0,0,377,T
5-NP,1425,0,0,0,373,373,C
5-NP,1426,0,0,376,0,376,G
5-NP,1427,0,371,0,0,371,T
5-NP,1428,0,0,371,0,371,G
5-NP,1429,0,0,0,365,365,C
5-NP,1430,0,0,0,367,367,C
5-NP,1431,0,0,0,369,369,C
5-NP,1432,0,362,0,0,362,T
5-NP,1433,0,0,0,378,378,C
5-NP,1434,0,382,0,0,382,T
5-NP,1435,1,382,0,0,383,T
5-NP,1436,0,382,0,1,383,T
5-NP,1437,0,380,0,0,380,T
5-NP,1438,0,0,386,0,386,G
5-NP,1439,381,0,0,0,381,A
5-NP,1440,0,377,1,0,378,T
5-NP,1441,379,0,0,0,379,A
5-NP,1442,0,321,0,0,321,T
5-NP,1443,0,0,328,0,328,G
5-NP,1444,326,0,0,0,326,A
5-NP,1445,0,0,335,0,335,G
5-NP,1446,1,333,0,0,334,T
5-NP,1447,320,0,0,0,320,A
5-NP,1448,323,0,1,0,324,A
5-NP,1449,0,320,0,0,320,T
5-NP,1450,0,0,322,0,322,G
5-NP,1451,319,0,0,0,319,A
5-NP,1452,293,0,0,0,293,A
5-NP,1453,0,0,291,0,291,G
5-NP,1454,0,0,271,0,271,G
5-NP,1455,271,0,0,0,271,A
5-NP,1456,0,269,0,0,269,T
5-NP,1457,0,0,0,272,272,C
5-NP,1458,0,268,0,0,268,T
5-NP,1459,0,270,0,0,270,T
5-NP,1460,271,0,0,0,271,A
5-NP,1461,0,270,0,0,270,T
5-NP,1462,0,264,0,0,264,T
5-NP,1463,0,261,0,0,261,T
5-NP,1464,0,0,0,258,258,C
5-NP,1465,0,254,0,1,255,T
5-NP,1466,0,251,0,0,251,T
5-NP,1467,0,0,0,255,255,C
5-NP,1468,0,0,255,0,255,G
5-NP,1469,0,0,251,0,251,G
5-NP,1470,251,0,0,0,251,A
5-NP,1471,0,0,254,0,254,G
5-NP,1472,254,0,0,0,254,A
5-NP,1473,0,1,0,249,250,C
5-NP,1474,239,0,0,0,239,A
5-NP,1475,237,0,0,0,237,A
5-NP,1476,0,236,0,0,236,T
5-NP,1477,0,0,236,0,236,G
5-NP,1478,0,0,0,235,235,C
5-NP,1479,227,0,0,0,227,A
5-NP,1480,0,0,226,0,226,G
5-NP,1481,225,0,0,0,225,A
5-NP,1482,214,0,0,0,214,A
5-NP,1483,0,0,213,0,213,G
5-NP,1484,150,0,0,0,150,A
5-NP,1485,0,0,148,0,148,G
5-NP,1486,12,121,0,0,133,T
5-NP,1487,134,0,0,0,134,A
5-NP,1488,0,0,0,131,131,C
5-NP,1489,0,0,125,0,125,G
5-NP,1490,124,0,0,0,124,A
5-NP,1491,0,0,0,121,121,C
5-NP,1492,86,0,0,0,86,A
5-NP,1493,86,0,0,0,86,A
5-NP,1494,0,71,0,0,71,T
5-NP,1495,0,68,0,0,68,T
5-NP,1496,67,0,0,0,67,A
5-NP,1497,62,0,0,0,62,A
6-NA,1,2,0,0,0,2,A
6-NA,2,0,2,0,0,2,T
6-NA,3,0,0,2,0,2,G
6-NA,4,2,0,0,0,2,A
6-NA,5,2,0,0,0,2,A
6-NA,6,0,2,0,0,2,T
6-NA,7,0,0,0,2,2,C
6-NA,8,0,0,0,2,2,C
6-NA,9,2,0,0,0,2,A
6-NA,10,2,0,0,0,2,A
6-NA,11,2,0,0,0,2,A
6-NA,12,0,2,0,0,2,T
6-NA,13,0,0,0,2,2,C
6-NA,14,2,0,0,0,2,A
6-NA,15,2,0,0,0,2,A
6-NA,16,2,0,0,0,2,A
6-NA,17,2,0,0,0,2,A
6-NA,18,0,0,2,0,2,G
6-NA,19,2,0,0,0,2,A
6-NA,20,0,3,0,0,3,T
6-NA,21,3,0,0,0,3,A
6-NA,22,3,0,0,0,3,A
6-NA,23,0,3,0,0,3,T
6-NA,24,3,0,0,0,3,A
6-NA,25,3,0,0,0,3,A
6-NA,26,0,0,0,3,3,C
6-NA,27,0,0,3,0,3,G
6-NA,28,3,0,0,0,3,A
6-NA,29,0,3,0,0,3,T
6-NA,30,0,3,0,0,3,T
6-NA,31,0,0,3,0,3,G
6-NA,32,0,0,3,0,3,G
6-NA,33,0,0,0,3,3,C
6-NA,34,0,3,0,0,3,T
6-NA,35,0,0,0,3,3,C
6-NA,36,0,3,0,0,3,T
6-NA,37,0,0,3,0,3,G
6-NA,38,0,3,0,0,3,T
6-NA,39,0,3,0,0,3,T
6-NA,40,0,3,0,0,3,T
6-NA,41,0,0,0,3,3,C
6-NA,42,0,3,0,0,3,T
6-NA,43,0,0,0,3,3,C
6-NA,44,0,3,0,0,3,T
6-NA,45,0,0,0,3,3,C
6-NA,46,3,0,0,0,3,A
6-NA,47,0,0,0,3,3,C
6-NA,48,0,0,0,3,3,C
6-NA,49,3,0,0,0,3,A
6-NA,50,0,3,0,0,3,T
6-NA,51,0,3,0,0,3,T
6-NA,52,0,3,0,0,3,T
6-NA,53,0,0,0,3,3,C
6-NA,54,0,0,0,3,3,C
6-NA,55,3,0,0,0,3,A
6-NA,56,0,0,0,3,3,C
6-NA,57,3,0,0,0,3,A
6-NA,58,3,0,0,0,3,A
6-NA,59,0,3,0,0,3,T
6-NA,60,3,0,0,0,3,A
6-NA,61,0,3,0,0,3,T
6-NA,62,0,0,3,0,3,G
6-NA,63,0,0,0,3,3,C
6-NA,64,0,3,0,0,3,T
6-NA,65,0,3,0,0,3,T
6-NA,66,0,0,0,3,3,C
6-NA,67,0,3,0,0,3,T
6-NA,68,0,3,0,0,3,T
6-NA,69,0,0,0,3,3,C
6-NA,70,3,0,0,0,3,A
6-NA,71,0,3,0,0,3,T
6-NA,72,0,0,3,0,3,G
6-NA,73,0,0,0,3,3,C
6-NA,74,3,0,0,0,3,A
6-NA,75,3,0,0,0,3,A
6-NA,76,2,1,0,0,3,A
6-NA,77,0,3,0,0,3,T
6-NA,78,0,3,0,0,3,T
6-NA,79,0,0,3,0,3,G
6-NA,80,0,0,0,3,3,C
6-NA,81,0,0,0,3,3,C
6-NA,82,3,0,0,0,3,A
6-NA,83,0,3,0,0,3,T
6-NA,84,0,0,0,3,3,C
6-NA,85,0,3,0,0,3,T
6-NA,86,0,3,0,0,3,T
6-NA,87,0,0,3,0,3,G
6-NA,88,3,0,0,0,3,A
6-NA,89,0,3,0,0,3,T
6-NA,90,3,0,0,0,3,A
6-NA,91,3,0,0,0,3,A
6-NA,92,0,0,0,3,3,C
6-NA,93,0,3,0,0,3,T
6-NA,94,3,0,0,0,3,A
6-NA,95,0,0,0,3,3,C
6-NA,96,0,3,0,0,3,T
6-NA,97,0,0,3,0,3,G
6-NA,98,0,3,0,0,3,T
6-NA,99,3,0,0,0,3,A
6-NA,100,3,0,0,0,3,A
6-NA,101,0,0,0,2,2,C
6-NA,102,2,0,0,0,2,A
6-NA,103,0,2,0,0,2,T
6-NA,104,0,2,0,0,2,T
6-NA,105,0,0,2,0,2,G
6-NA,106,2,0,0,0,2,A
6-NA,107,2,0,0,0,2,A
6-NA,108,0,2,0,0,2,T
6-NA,109,0,2,0,0,2,T
6-NA,110,0,2,0,0,2,T
6-NA,111,0,0,0,2,2,C
6-NA,112,2,0,0,0,2,A
6-NA,113,2,0,0,0,2,A
6-NA,114,0,0,2,0,2,G
6-NA,115,0,0,0,2,2,C
6-NA,116,2,0,0,0,2,A
6-NA,117,3,0,0,0,3,A
6-NA,118,0,3,0,0,3,T
6-NA,119,3,0,0,0,3,A
6-NA,120,0,3,0,0,3,T
6-NA,121,0,0,3,0,3,G
6-NA,122,3,0,0,0,3,A
6-NA,123,3,0,0,0,3,A
6-NA,124,0,3,0,0,3,T
6-NA,125,0,3,0,0,3,T
6-NA,126,0,0,0,4,4,C
6-NA,127,4,0,0,0,4,A
6-NA,128,4,0,0,0,4,A
6-NA,129,0,0,0,4,4,C
6-NA,130,0,4,0,0,4,T
6-NA,131,0,0,0,4,4,C
6-NA,132,0,0,0,4,4,C
6-NA,133,0,4,0,0,4,T
6-NA,134,0,0,0,4,4,C
6-NA,135,0,0,0,4,4,C
6-NA,136,0,0,0,5,5,C
6-NA,137,0,0,0,5,5,C
6-NA,138,5,0,0,0,5,A
6-NA,139,5,0,0,0,5,A
6-NA,140,5,0,0,0,5,A
6-NA,141,0,0,0,5,5,C
6-NA,142,5,0,0,0,5,A
6-NA,143,6,0,0,0,6,A
6-NA,144,0,0,0,6,6,C
6-NA,145,0,0,0,6,6,C
6-NA,146,7,0,0,0,7,A
6-NA,147,7,0,0,0,7,A
6-NA,148,0,0,7,0,7,G
6-NA,149,0,7,0,0,7,T
6-NA,150,0,0,7,0,7,G
6-NA,151,7,0,0,0,7,A
6-NA,152,0,7,0,0,7,T
6-NA,153,0,0,7,0,7,G
6-NA,154,0,0,0,7,7,C
6-NA,155,0,7,0,0,7,T
6-NA,156,0,0,7,0,7,G
6-NA,157,0,6,0,0,6,T
6-NA,158,0,0,6,0,6,G
6-NA,159,0,6,0,0,6,T
6-NA,160,0,0,6,0,6,G
6-NA,161,6,0,0,0,6,A
6-NA,162,6,0,0,0,6,A
6-NA,163,0,0,0,6,6,C
6-NA,164,0,0,0,6,6,C
6-NA,165,6,0,0,0,6,A
6-NA,166,6,0,0,0,6,A
6-NA,167,0,0,0,7,7,C
6-NA,168,7,0,0,0,7,A
6-NA,169,7,0,0,0,7,A
6-NA,170,0,7,0,0,7,T
6-NA,171,7,0,0,0,7,A
6-NA,172,7,0,0,0,7,A
6-NA,173,0,7,0,0,7,T
6-NA,174,7,0,0,0,7,A
6-NA,175,0,0,7,0,7,G
6-NA,176,7,0,0,0,7,A
6-NA,177,7,0,0,0,7,A
6-NA,178,7,0,0,0,7,A
6-NA,179,0,0,7,0,7,G
6-NA,180,0,0,7,0,7,G
6-NA,181,9,0,0,0,9,A
6-NA,182,9,0,0,0,9,A
6-NA,183,0,0,0,9,9,C
6-NA,184,8,0,0,0,8,A
6-NA,185,0,8,0,0,8,T
6-NA,186,8,0,0,0,8,A
6-NA,187,8,0,0,0,8,A
6-NA,188,0,0,0,9,9,C
6-NA,189,9,0,0,0,9,A
6-NA,190,0,0,9,0,9,G
6-NA,191,9,0,0,0,9,A
6-NA,192,0,0,9,0,9,G
6-NA,193,9,0,0,0,9,A
6-NA,194,0,11,0,0,11,T
6-NA,195,12,0,0,0,12,A
6-NA,196,0,0,12,0,12,G
6-NA,197,0,12,0,0,12,T
6-NA,198,0,0,13,0,13,G
6-NA,199,0,13,0,0,13,T
6-NA,200,13,0,0,0,13,A
6-NA,201,0,13,0,0,13,T
6-NA,202,0,0,0,13,13,C
6-NA,203,0,13,0,0,13,T
6-NA,204,0,0,13,0,13,G
6-NA,205,13,0,0,0,13,A
6-NA,206,0,0,0,13,13,C
6-NA,207,0,0,0,13,13,C
6-NA,208,13,0,0,0,13,A
6-NA,209,13,0,0,0,13,A
6-NA,210,0,0,0,14,14,C
6-NA,211,14,0,0,0,14,A
6-NA,212,0,0,0,14,14,C
6-NA,213,0,0,0,14,14,C
6-NA,214,15,0,0,0,15,A
6-NA,215,0,0,0,15,15,C
6-NA,216,0,0,0,16,16,C
6-NA,217,15,0,0,0,15,A
6-NA,218,0,15,0,0,15,T
6-NA,219,16,0,0,0,16,A
6-NA,220,0,0,16,0,16,G
6-NA,221,16,0,0,0,16,A
6-NA,222,0,0,16,0,16,G
6-NA,223,14,0,0,0,14,A
6-NA,224,14,0,0,0,14,A
6-NA,225,0,0,15,0,15,G
6-NA,226,0,0,15,0,15,G
6-NA,227,15,0,0,0,15,A
6-NA,228,15,0,0,0,15,A
6-NA,229,15,0,0,0,15,A
6-NA,230,0,15,0,0,15,T
6-NA,231,14,0,0,0,14,A
6-NA,232,0,14,0,0,14,T
6-NA,233,0,0,14,0,14,G
6-NA,234,0,0,0,14,14,C
6-NA,235,0,0,0,13,13,C
6-NA,236,0,0,0,14,14,C
6-NA,237,0,0,0,13,13,C
6-NA,238,14,0,0,0,14,A
6-NA,239,14,0,0,0,14,A
6-NA,240,14,0,0,0,14,A
6-NA,241,0,0,0,14,14,C
6-NA,242,0,15,0,0,15,T
6-NA,243,14,0,0,0,14,A
6-NA,244,0,0,14,0,14,G
6-NA,245,0,0,0,14,14,C
6-NA,246,14,0,0,0,14,A
6-NA,247,0,0,14,0,14,G
6-NA,248,15,0,0,0,15,A
6-NA,249,15,0,0,0,15,A
6-NA,250,0,14,0,0,14,T
6-NA,251,15,0,0,0,15,A
6-NA,252,0,0,0,15,15,C
6-NA,253,14,0,0,0,14,A
6-NA,254,0,0,15,0,15,G
6-NA,255,14,0,0,0,14,A
6-NA,256,15,0,0,0,15,A
6-NA,257,15,0,0,0,15,A
6-NA,258,0,15,0,0,15,T
6-NA,259,0,15,0,0,15,T
6-NA,260,0,0,14,0,14,G
6-NA,261,0,0,15,0,15,G
6-NA,262,0,15,0,0,15,T
6-NA,263,0,0,0,15,15,C
6-NA,264,15,0,0,0,15,A
6-NA,265,15,0,0,0,15,A
6-NA,266,15,0,0,0,15,A
6-NA,267,0,0,15,0,15,G
6-NA,268,0,0,0,13,13,C
6-NA,269,0,0,0,14,14,C
6-NA,270,0,0,14,0,14,G
6-NA,271,0,0,0,15,15,C
6-NA,272,15,0,0,0,15,A
6-NA,273,16,0,0,0,16,A
6-NA,274,0,16,0,0,16,T
6-NA,275,0,0,16,0,16,G
6-NA,276,0,16,0,0,16,T
6-NA,277,0,0,16,0,16,G
6-NA,278,16,0,0,0,16,A
6-NA,279,0,0,0,16,16,C
6-NA,280,16,0,0,0,16,A
6-NA,281,0,17,0,0,17,T
6-NA,282,0,17,0,0,17,T
6-NA,283,17,0,0,0,17,A
6-NA,284,0,0,0,17,17,C
6-NA,285,16,0,0,0,16,A
6-NA,286,0,0,16,0,16,G
6-NA,287,0,0,17,0,17,G
6-NA,288,17,0,0,0,17,A
6-NA,289,0,17,0,0,17,T
6-NA,290,0,17,0,0,17,T
6-NA,291,0,17,0,0,17,T
6-NA,292,0,0,17,0,17,G
6-NA,293,0,0,0,17,17,C
6-NA,294,17,0,0,0,17,A
6-NA,295,0,0,0,17,17,C
6-NA,296,0,0,0,17,17,C
6-NA,297,0,17,0,0,17,T
6-NA,298,0,17,0,0,17,T
6-NA,299,0,17,0,0,17,T
6-NA,300,0,17,0,0,17,T
6-NA,301,0,18,0,0,18,T
6-NA,302,0,0,0,18,18,C
6-NA,303,0,18,0,0,18,T
6-NA,304,18,0,0,0,18,A
6-NA,305,18,0,0,0,18,A
6-NA,306,0,0,18,0,18,G
6-NA,307,0,0,18,0,18,G
6-NA,308,17,0,0,0,17,A
6-NA,309,0,0,0,16,16,C
6-NA,310,17,0,0,0,17,A
6-NA,311,16,0,0,0,16,A
6-NA,312,0,17,0,0,17,T
6-NA,313,0,17,0,0,17,T
6-NA,314,0,0,0,18,18,C
6-NA,315,0,0,19,0,19,G
6-NA,316,18,0,0,0,18,A
6-NA,317,0,19,0,0,19,T
6-NA,318,0,19,0,0,19,T
6-NA,319,19,0,0,0,19,A
6-NA,320,0,0,20,0,20,G
6-NA,321,0,0,19,0,19,G
6-NA,322,0,0,0,20,20,C
6-NA,323,0,20,0,0,20,T
6-NA,324,0,20,0,0,20,T
6-NA,325,0,20,0,0,20,T
6-NA,326,0,0,0,20,20,C
6-NA,327,0,0,0,20,20,C
6-NA,328,0,0,20,0,20,G
6-NA,329,0,0,0,19,19,C
6-NA,330,0,20,0,0,20,T
6-NA,331,0,0,20,0,20,G
6-NA,332,0,0,20,0,20,G
6-NA,333,0,20,0,0,20,T
6-NA,334,0,0,21,0,21,G
6-NA,335,0,0,21,0,21,G
6-NA,336,0,0,21,0,21,G
6-NA,337,0,0,21,0,21,G
6-NA,338,20,0,0,0,20,A
6-NA,339,0,0,0,21,21,C
6-NA,340,20,0,0,0,20,A
6-NA,341,0,20,0,0,20,T
6-NA,342,0,0,0,20,20,C
6-NA,343,0,20,0,0,20,T
6-NA,344,0,0,20,0,20,G
6-NA,345,0,0,21,0,21,G
6-NA,346,0,0,27,0,27,G
6-NA,347,0,28,0,0,28,T
6-NA,348,0,0,26,0,26,G
6-NA,349,26,0,0,0,26,A
6-NA,350,0,0,0,26,26,C
6-NA,351,26,0,0,0,26,A
6-NA,352,25,0,0,0,25,A
6-NA,353,0,0,26,0,26,G
6-NA,354,26,0,0,0,26,A
6-NA,355,0,0,27,0,27,G
6-NA,356,28,0,0,0,28,A
6-NA,357,28,0,0,0,28,A
6-NA,358,0,0,0,34,34,C
6-NA,359,0,0,0,34,34,C
6-NA,360,0,34,0,0,34,T
6-NA,361,0,34,0,0,34,T
6-NA,362,34,0,0,0,34,A
6-NA,363,0,34,0,0,34,T
6-NA,364,0,0,39,0,39,G
6-NA,365,0,39,0,0,39,T
6-NA,366,0,0,39,0,39,G
6-NA,367,0,39,0,0,39,T
6-NA,368,0,0,0,39,39,C
6-NA,369,40,0,0,1,41,A
6-NA,370,0,41,0,0,41,T
6-NA,371,0,0,40,0,40,G
6-NA,372,0,0,0,41,41,C
6-NA,373,0,0,38,0,38,G
6-NA,374,46,0,0,0,46,A
6-NA,375,0,45,0,0,45,T
6-NA,376,0,0,0,47,47,C
6-NA,377,0,0,0,47,47,C
6-NA,378,0,45,0,0,45,T
6-NA,379,0,0,47,0,47,G
6-NA,380,47,0,0,0,47,A
6-NA,381,0,0,0,47,47,C
6-NA,382,47,0,0,0,47,A
6-NA,383,46,0,0,0,46,A
6-NA,384,0,0,49,0,49,G
6-NA,385,0,49,0,0,49,T
6-NA,386,0,0,49,0,49,G
6-NA,387,0,49,0,0,49,T
6-NA,388,0,49,0,0,49,T
6-NA,389,50,0,0,0,50,A
6-NA,390,0,50,0,0,50,T
6-NA,391,0,0,0,50,50,C
6-NA,392,50,0,0,0,50,A
6-NA,393,50,0,0,0,50,A
6-NA,394,0,49,0,0,49,T
6-NA,395,0,50,0,0,50,T
6-NA,396,0,50,0,0,50,T
6-NA,397,0,0,51,0,51,G
6-NA,398,0,0,0,54,54,C
6-NA,399,0,0,0,54,54,C
6-NA,400,0,0,0,53,53,C
6-NA,401,0,53,0,0,53,T
6-NA,402,0,54,0,0,54,T
6-NA,403,0,0,55,0,55,G
6-NA,404,0,0,56,0,56,G
6-NA,405,56,0,0,0,56,A
6-NA,406,0,0,0,56,56,C
6-NA,407,54,0,0,0,54,A
6-NA,408,0,0,54,0,54,G
6-NA,409,0,0,54,0,54,G
6-NA,410,0,0,54,0,54,G
6-NA,411,1,0,50,0,51,G
6-NA,412,52,0,0,0,52,A
6-NA,413,0,0,0,54,54,C
6-NA,414,56,0,0,0,56,A
6-NA,415,62,0,0,0,62,A
6-NA,416,0,0,0,63,63,C
6-NA,417,63,0,0,0,63,A
6-NA,418,0,0,0,64,64,C
6-NA,419,0,63,0,0,63,T
6-NA,420,65,0,0,0,65,A
6-NA,421,63,0,0,0,63,A
6-NA,422,65,0,0,0,65,A
6-NA,423,0,0,0,64,64,C
6-NA,424,62,0,0,0,62,A
6-NA,425,62,0,0,0,62,A
6-NA,426,0,0,0,61,61,C
6-NA,427,0,0,61,0,61,G
6-NA,428,0,60,0,0,60,T
6-NA,429,0,0,61,0,61,G
6-NA,430,0,0,0,61,61,C
6-NA,431,62,0,0,0,62,A
6-NA,432,0,63,0,0,63,T
6-NA,433,0,63,0,0,63,T
6-NA,434,0,0,0,63,63,C
6-NA,435,68,0,0,0,68,A
6-NA,436,69,0,0,0,69,A
6-NA,437,69,0,0,0,69,A
6-NA,438,0,69,0,0,69,T
6-NA,439,68,0,1,0,69,A
6-NA,440,70,0,0,0,70,A
6-NA,441,0,0,0,70,70,C
6-NA,442,71,0,0,0,71,A
6-NA,443,0,0,0,71,71,C
6-NA,444,68,0,0,0,68,A
6-NA,445,0,0,89,0,89,G
6-NA,446,0,88,0,0,88,T
6-NA,447,90,0,0,0,90,A
6-NA,448,0,0,0,91,91,C
6-NA,449,0,0,90,0,90,G
6-NA,450,0,91,0,0,91,T
6-NA,451,0,0,94,0,94,G
6-NA,452,94,0,0,0,94,A
6-NA,453,0,93,0,0,93,T
6-NA,454,89,0,0,0,89,A
6-NA,455,0,0,89,0,89,G
6-NA,456,0,0,87,0,87,G
6-NA,457,87,0,0,0,87,A
6-NA,458,0,0,0,89,89,C
6-NA,459,0,0,0,86,86,C
6-NA,460,0,0,0,88,88,C
6-NA,461,0,0,0,89,89,C
6-NA,462,0,88,0,0,88,T
6-NA,463,0,87,0,0,87,T
6-NA,464,89,0,0,0,89,A
6-NA,465,0,89,0,0,89,T
6-NA,466,0,0,0,89,89,C
6-NA,467,0,0,89,0,89,G
6-NA,468,0,0,88,0,88,G
6-NA,469,88,0,0,0,88,A
6-NA,470,0,0,0,88,88,C
6-NA,471,0,0,0,87,87,C
6-NA,472,0,0,0,94,94,C
6-NA,473,0,93,0,0,93,T
6-NA,474,99,0,0,0,99,A
6-NA,475,0,98,0,0,98,T
6-NA,476,0,99,0,0,99,T
6-NA,477,0,0,99,0,99,G
6-NA,478,100,0,0,0,100,A
6-NA,479,0,101,0,0,101,T
6-NA,480,0,0,101,0,101,G
6-NA,481,98,0,0,0,98,A
6-NA,482,101,0,0,0,101,A
6-NA,483,0,100,0,0,100,T
6-NA,484,0,0,103,0,103,G
6-NA,485,102,0,0,0,102,A
6-NA,486,0,0,104,0,104,G
6-NA,487,0,104,0,0,104,T
6-NA,488,0,105,0,0,105,T
6-NA,489,107,0,0,0,107,A
6-NA,490,0,0,105,0,105,G
6-NA,491,0,0,108,0,108,G
6-NA,492,0,108,0,0,108,T
6-NA,493,0,0,106,0,106,G
6-NA,494,0,109,0,0,109,T
6-NA,495,0,107,0,0,107,T
6-NA,496,0,0,0,108,108,C
6-NA,497,0,0,0,109,109,C
6-NA,498,0,109,0,0,109,T
6-NA,499,0,110,0,0,110,T
6-NA,500,0,111,0,0,111,T
6-NA,501,0,110,0,1,111,T
6-NA,502,0,0,0,111,111,C
6-NA,503,109,0,0,0,109,A
6-NA,504,0,115,0,0,115,T
6-NA,505,0,0,0,114,114,C
6-NA,506,0,112,0,0,112,T
6-NA,507,0,0,112,0,112,G
6-NA,508,0,0,112,0,112,G
6-NA,509,0,0,110,0,110,G
6-NA,510,0,0,111,0,111,G
6-NA,511,109,0,0,0,109,A
6-NA,512,0,0,0,111,111,C
6-NA,513,0,0,0,110,110,C
6-NA,514,109,0,0,0,109,A
6-NA,515,111,0,0,0,111,A
6-NA,516,0,0,110,0,110,G
6-NA,517,0,0,0,110,110,C
6-NA,518,109,0,0,0,109,A
6-NA,519,112,0,0,0,112,A
6-NA,520,0,0,109,0,109,G
6-NA,521,0,110,0,0,110,T
6-NA,522,0,0,2,109,111,C
6-NA,523,0,114,0,0,114,T
6-NA,524,0,0,116,0,116,G
6-NA,525,0,0,0,118,118,C
6-NA,526,116,0,0,0,116,A
6-NA,527,0,117,0,0,117,T
6-NA,528,112,0,0,0,112,A
6-NA,529,0,0,114,0,114,G
6-NA,530,0,0,0,114,114,C
6-NA,531,112,0,0,0,112,A
6-NA,532,0,114,0,0,114,T
6-NA,533,0,0,110,0,110,G
6-NA,534,0,0,172,0,172,G
6-NA,535,0,178,0,0,178,T
6-NA,536,0,0,0,176,176,C
6-NA,537,0,0,0,185,185,C
6-NA,538,202,0,0,0,202,A
6-NA,539,0,0,258,0,258,G
6-NA,540,0,0,0,271,271,C
6-NA,541,0,272,0,1,273,T
6-NA,542,0,0,0,284,284,C
6-NA,543,282,0,0,0,282,A
6-NA,544,306,0,0,0,306,A
6-NA,545,0,0,334,0,334,G
6-NA,546,0,336,0,0,336,T
6-NA,547,0,342,0,0,342,T
6-NA,548,0,0,346,0,346,G
6-NA,549,0,347,0,0,347,T
6-NA,550,0,0,0,344,344,C
6-NA,551,347,0,0,0,347,A
6-NA,552,0,0,0,359,359,C
6-NA,553,0,0,362,0,362,G
6-NA,554,389,0,0,0,389,A
6-NA,555,0,397,0,0,397,T
6-NA,556,0,0,431,0,431,G
6-NA,557,0,0,435,0,435,G
6-NA,558,441,0,0,0,441,A
6-NA,559,441,0,0,0,441,A
6-NA,560,455,0,0,0,455,A
6-NA,561,461,0,1,0,462,A
6-NA,562,0,0,472,0,472,G
6-NA,563,0,0,0,478,478,C
6-NA,564,477,0,0,0,477,A
6-NA,565,0,487,0,0,487,T
6-NA,566,0,0,512,0,512,G
6-NA,567,0,0,517,0,517,G
6-NA,568,0,0,0,536,536,C
6-NA,569,0,536,1,0,537,T
6-NA,570,0,0,542,0,542,G
6-NA,571,0,0,0,541,541,C
6-NA,572,545,0,0,0,545,A
6-NA,573,0,592,0,0,592,T
6-NA,574,0,0,597,0,597,G
6-NA,575,0,610,0,0,610,T
6-NA,576,0,760,0,0,760,T
6-NA,577,0,763,0,1,764,T
6-NA,578,0,0,823,0,823,G
6-NA,579,0,817,0,3,820,T
6-NA,580,824,0,0,0,824,A
6-NA,581,0,838,0,0,838,T
6-NA,582,845,0,0,0,845,A
6-NA,583,850,0,0,0,850,A
6-NA,584,0,0,0,851,851,C
6-NA,585,0,834,2,1,837,T
6-NA,586,0,0,873,0,873,G
6-NA,587,0,0,869,0,869,G
6-NA,588,0,0,870,0,870,G
6-NA,589,0,0,874,0,874,G
6-NA,590,866,0,0,0,866,A
6-NA,591,0,881,0,0,881,T
6-NA,592,0,0,890,0,890,G
6-NA,593,897,0,0,0,897,A
6-NA,594,0,907,0,0,907,T
6-NA,595,907,0,0,0,907,A
6-NA,596,915,0,0,1,916,A
6-NA,597,929,0,0,0,929,A
6-NA,598,936,0,0,0,936,A
6-NA,599,938,0,0,0,938,A
6-NA,600,0,946,0,1,947,T
6-NA,601,0,0,943,0,943,G
6-NA,602,0,0,0,943,943,C
6-NA,603,944,0,1,0,945,A
6-NA,604,953,0,0,0,953,A
6-NA,605,0,0,0,975,975,C
6-NA,606,0,985,0,0,985,T
6-NA,607,0,0,995,0,995,G
6-NA,608,0,0,0,992,992,C
6-NA,609,0,994,0,0,994,T
6-NA,610,996,0,0,0,996,A
6-NA,611,0,0,998,0,998,G
6-NA,612,0,0,0,1022,1022,C
6-NA,613,0,1021,0,0,1021,T
6-NA,614,0,1026,0,0,1026,T
6-NA,615,0,0,0,1057,1057,C
6-NA,616,1074,0,0,0,1074,A
6-NA,617,0,1076,0,0,1076,T
6-NA,618,0,1083,0,0,1083,T
6-NA,619,1,1092,0,0,1093,T
6-NA,620,1107,0,0,0,1107,A
6-NA,621,0,0,0,1124,1124,C
6-NA,622,1120,0,0,0,1120,A
6-NA,623,1136,0,0,0,1136,A
6-NA,624,0,1141,0,0,1141,T
6-NA,625,0,0,1140,0,1140,G
6-NA,626,0,0,1133,0,1133,G
6-NA,627,0,0,1134,0,1134,G
6-NA,628,1125,0,1,0,1126,A
6-NA,629,0,0,1191,0,1191,G
6-NA,630,0,0,1208,0,1208,G
6-NA,631,0,0,0,1352,1352,C
6-NA,632,0,1358,0,0,1358,T
6-NA,633,0,1369,0,0,1369,T
6-NA,634,0,0,1395,0,1395,G
6-NA,635,0,1394,0,0,1394,T
6-NA,636,1447,0,0,0,1447,A
6-NA,637,0,0,1484,0,1484,G
6-NA,638,1477,0,0,0,1477,A
6-NA,639,1,1488,0,0,1489,T
6-NA,640,1454,0,0,0,1454,A
6-NA,641,1,0,1555,0,1556,G
6-NA,642,0,1558,0,1,1559,T
6-NA,643,1557,1,3,0,1561,A
6-NA,644,0,1560,0,0,1560,T
6-NA,645,0,1548,0,2,1550,T
6-NA,646,0,0,1580,1,1581,G
6-NA,647,0,1577,0,2,1579,T
6-NA,648,0,1592,0,0,1592,T
6-NA,649,0,1585,0,1,1586,T
6-NA,650,0,0,0,1575,1575,C
6-NA,651,1559,0,14,0,1573,A
6-NA,652,0,1569,0,0,1569,T
6-NA,653,0,0,1562,0,1562,G
6-NA,654,0,0,1689,0,1689,G
6-NA,655,0,1687,0,1,1688,T
6-NA,656,0,0,0,1695,1695,C
6-NA,657,0,0,0,1692,1692,C
6-NA,658,1698,0,0,0,1698,A
6-NA,659,1716,0,0,0,1716,A
6-NA,660,1722,0,0,0,1722,A
6-NA,661,0,0,1728,0,1728,G
6-NA,662,1717,0,0,0,1717,A
6-NA,663,1683,0,0,0,1683,A
6-NA,664,1687,0,0,0,1687,A
6-NA,665,0,1692,0,1,1693,T
6-NA,666,0,0,0,1754,1754,C
6-NA,667,0,0,0,1762,1762,C
6-NA,668,1,1760,0,1,1762,T
6-NA,669,0,0,0,1759,1759,C
6-NA,670,1759,0,0,0,1759,A
6-NA,671,1,0,1766,0,1767,G
6-NA,672,0,0,1773,0,1773,G
6-NA,673,1826,0,1,0,1827,A
6-NA,674,0,0,0,1839,1839,C
6-NA,675,0,0,0,1823,1823,C
6-NA,676,0,0,0,1822,1822,C
6-NA,677,1824,0,2,0,1826,A
6-NA,678,0,0,1834,0,1834,G
6-NA,679,0,0,1849,0,1849,G
6-NA,680,1832,0,0,0,1832,A
6-NA,681,0,0,1871,0,1871,G
6-NA,682,0,1840,0,0,1840,T
6-NA,683,0,1,0,1852,1853,C
6-NA,684,1853,1,2,0,1856,A
6-NA,685,1,0,1872,0,1873,G
6-NA,686,1862,0,0,0,1862,A
6-NA,687,1870,0,0,0,1870,A
6-NA,688,0,1871,0,0,1871,T
6-NA,689,0,0,1880,0,1880,G
6-NA,690,0,0,0,1877,1877,C
6-NA,691,0,0,1898,0,1898,G
6-NA,692,0,1894,0,1,1895,T
6-NA,693,0,1894,0,0,1894,T
6-NA,694,0,1890,0,0,1890,T
6-NA,695,1,0,1903,0,1904,G
6-NA,696,0,1916,0,0,1916,T
6-NA,697,1917,0,0,0,1917,A
6-NA,698,0,1914,0,0,1914,T
6-NA,699,0,0,0,1922,1922,C
6-NA,700,1919,0,1,0,1920,A
6-NA,701,1919,0,0,0,1919,A
6-NA,702,0,1916,0,0,1916,T
6-NA,703,0,0,1916,1,1917,G
6-NA,704,0,0,1915,0,1915,G
6-NA,705,1967,0,1,0,1968,A
6-NA,706,1970,0,0,0,1970,A
6-NA,707,0,0,0,1996,1996,C
6-NA,708,0,2009,0,1,2010,T
6-NA,709,1,2008,0,0,2009,T
6-NA,710,1,0,2072,0,2073,G
6-NA,711,1,2068,0,2,2071,T
6-NA,712,2066,0,0,0,2066,A
6-NA,713,0,1,0,2087,2088,C
6-NA,714,2053,0,0,0,2053,A
6-NA,715,0,0,2267,0,2267,G
6-NA,716,0,2251,0,0,2251,T
6-NA,717,2392,0,0,0,2392,A
6-NA,718,1,0,2418,0,2419,G
6-NA,719,0,2387,0,0,2387,T
6-NA,720,2398,1,0,0,2399,A
6-NA,721,2393,1,0,0,2394,A
6-NA,722,0,2387,0,0,2387,T
6-NA,723,2239,0,3,0,2242,A
6-NA,724,2321,0,0,0,2321,A
6-NA,725,0,1,0,2350,2351,C
6-NA,726,0,2361,0,0,2361,T
6-NA,727,0,0,2375,0,2375,G
6-NA,728,2345,0,0,0,2345,A
6-NA,729,0,2368,0,0,2368,T
6-NA,730,0,0,2373,0,2373,G
6-NA,731,1,0,2351,0,2352,G
6-NA,732,0,0,2368,0,2368,G
6-NA,733,2332,0,4,1,2337,A
6-NA,734,2,0,2336,0,2338,G
6-NA,735,1,2325,0,0,2326,T
6-NA,736,0,0,2351,0,2351,G
6-NA,737,0,0,0,2385,2385,C
6-NA,738,0,2388,0,1,2389,T
6-NA,739,0,2387,0,0,2387,T
6-NA,740,0,0,0,2387,2387,C
6-NA,741,2383,0,3,1,2387,A
6-NA,742,0,0,2392,0,2392,G
6-NA,743,0,0,2388,0,2388,G
6-NA,744,2381,1,0,0,2382,A
6-NA,745,2365,1,0,0,2366,A
6-NA,746,2342,0,1,0,2343,A
6-NA,747,2350,0,2,0,2352,A
6-NA,748,0,0,2355,0,2355,G
6-NA,749,0,0,0,2365,2365,C
6-NA,750,0,2360,0,0,2360,T
6-NA,751,0,0,2364,0,2364,G
6-NA,752,2347,0,0,0,2347,A
6-NA,753,0,2390,0,0,2390,T
6-NA,754,2391,0,0,0,2391,A
6-NA,755,0,0,0,2499,2499,C
6-NA,756,0,2495,0,0,2495,T
6-NA,757,2504,0,0,0,2504,A
6-NA,758,2499,0,0,0,2499,A
6-NA,759,2499,0,0,0,2499,A
6-NA,760,2566,0,0,0,2566,A
6-NA,761,0,2566,0,0,2566,T
6-NA,762,2561,0,0,0,2561,A
6-NA,763,0,0,0,2573,2573,C
6-NA,764,0,2517,0,0,2517,T
6-NA,765,2567,1,0,0,2568,A
6-NA,766,0,2566,0,1,2567,T
6-NA,767,0,2695,0,0,2695,T
6-NA,768,0,0,0,2712,2712,C
6-NA,769,2683,0,0,1,2684,A
6-NA,770,0,2688,0,0,2688,T
6-NA,771,0,2684,0,0,2684,T
6-NA,772,3,0,2686,1,2690,G
6-NA,773,2675,1,0,0,2676,A
6-NA,774,1,0,2680,0,2681,G
6-NA,775,0,0,2669,0,2669,G
6-NA,776,2580,0,2,0,2582,A
6-NA,777,0,0,2625,0,2625,G
6-NA,778,0,0,2625,0,2625,G
6-NA,779,0,0,2632,0,2632,G
6-NA,780,0,0,2631,0,2631,G
6-NA,781,2630,0,1,0,2631,A
6-NA,782,2642,0,2,0,2644,A
6-NA,783,2636,0,0,0,2636,A
6-NA,784,2632,0,0,0,2632,A
6-NA,785,0,2637,1,1,2639,T
6-NA,786,1,1,0,2627,2629,C
6-NA,787,2,0,2659,0,2661,G
6-NA,788,0,2650,0,0,2650,T
6-NA,789,1,2645,0,3,2649,T
6-NA,790,1,0,0,2656,2657,C
6-NA,791,2649,0,0,0,2649,A
6-NA,792,0,2878,0,0,2878,T
6-NA,793,2866,0,2,0,2868,A
6-NA,794,0,0,0,2902,2902,C
6-NA,795,0,2887,0,2,2889,T
6-NA,796,2892,0,1,0,2893,A
6-NA,797,1,0,2884,0,2885,G
6-NA,798,0,0,0,2894,2894,C
6-NA,799,2884,0,0,0,2884,A
6-NA,800,0,0,0,2905,2905,C
6-NA,801,2814,0,0,0,2814,A
6-NA,802,0,2865,0,0,2865,T
6-NA,803,0,2865,0,0,2865,T
6-NA,804,1,0,3050,0,3051,G
6-NA,805,0,3031,0,2,3033,T
6-NA,806,1,1,0,3039,3041,C
6-NA,807,3031,0,3,0,3034,A
6-NA,808,0,0,3037,0,3037,G
6-NA,809,0,0,3045,0,3045,G
6-NA,810,3041,0,0,0,3041,A
6-NA,811,2996,0,0,0,2996,A
6-NA,812,0,0,3032,0,3032,G
6-NA,813,0,2890,0,1,2891,T
6-NA,814,1,0,2913,0,2914,G
6-NA,815,0,1,0,2914,2915,C
6-NA,816,0,2918,0,1,2919,T
6-NA,817,0,0,0,2938,2938,C
6-NA,818,2925,0,0,0,2925,A
6-NA,819,3,1,2945,0,2949,G
6-NA,820,0,0,0,2949,2949,C
6-NA,821,2940,0,2,0,2942,A
6-NA,822,0,2946,0,1,2947,T
6-NA,823,0,0,3020,0,3020,G
6-NA,824,0,3009,0,1,3010,T
6-NA,825,0,1,0,3013,3014,C
6-NA,826,0,0,3013,0,3013,G
6-NA,827,3000,0,1,0,3001,A
6-NA,828,1,0,2996,0,2997,G
6-NA,829,0,0,2995,0,2995,G
6-NA,830,2967,2,2,0,2971,A
6-NA,831,1,0,3018,0,3019,G
6-NA,832,0,2951,0,0,2951,T
6-NA,833,1,0,2969,0,2970,G
6-NA,834,0,0,1,3017,3018,C
6-NA,835,0,3018,0,1,3019,T
6-NA,836,0,0,0,3044,3044,C
6-NA,837,0,0,0,3055,3055,C
6-NA,838,0,3060,0,0,3060,T
6-NA,839,0,0,3077,0,3077,G
6-NA,840,1,0,0,3052,3053,C
6-NA,841,0,3053,0,1,3054,T
6-NA,842,3070,0,0,0,3070,A
6-NA,843,0,3015,0,0,3015,T
6-NA,844,0,0,0,3051,3051,C
6-NA,845,0,0,0,3053,3053,C
6-NA,846,0,3046,0,0,3046,T
6-NA,847,0,0,0,3085,3085,C
6-NA,848,0,0,3086,0,3086,G
6-NA,849,3104,0,0,0,3104,A
6-NA,850,0,3101,1,1,3103,T
6-NA,851,3039,0,0,0,3039,A
6-NA,852,0,5,0,3002,3007,C
6-NA,853,0,0,1,3057,3058,C
6-NA,854,0,2,0,3054,3056,C
6-NA,855,0,3066,0,0,3066,T
6-NA,856,1,0,3098,0,3099,G
6-NA,857,0,0,3099,0,3099,G
6-NA,858,0,3160,0,0,3160,T
6-NA,859,0,0,3177,0,3177,G
6-NA,860,1,3170,0,0,3171,T
6-NA,861,0,0,0,3171,3171,C
6-NA,862,3164,0,1,1,3166,A
6-NA,863,0,0,3163,0,3163,G
6-NA,864,3164,0,1,0,3165,A
6-NA,865,0,3125,0,0,3125,T
6-NA,866,0,0,3121,0,3121,G
6-NA,867,0,3080,0,4,3084,T
6-NA,868,1,0,3097,0,3098,G
6-NA,869,0,3100,0,0,3100,T
6-NA,870,0,0,0,3120,3120,C
6-NA,871,0,3116,0,3,3119,T
6-NA,872,1,0,3119,0,3120,G
6-NA,873,0,1,0,3118,3119,C
6-NA,874,3110,0,2,0,3112,A
6-NA,875,0,0,3125,0,3125,G
6-NA,876,3046,0,1,0,3047,A
6-NA,877,1,0,3045,0,3046,G
6-NA,878,3038,1,1,0,3040,A
6-NA,879,0,1,0,3049,3050,C
6-NA,880,3052,0,1,0,3053,A
6-NA,881,3069,0,0,0,3069,A
6-NA,882,0,0,0,3097,3097,C
6-NA,883,0,3083,0,2,3085,T
6-NA,884,0,1,3084,0,3085,G
6-NA,885,0,1,3078,0,3079,G
6-NA,886,3071,0,1,0,3072,A
6-NA,887,3064,0,0,0,3064,A
6-NA,888,3000,0,1,0,3001,A
6-NA,889,0,0,3043,0,3043,G
6-NA,890,1,0,3021,0,3022,G
6-NA,891,2,0,0,3019,3021,C
6-NA,892,0,2987,0,4,2991,T
6-NA,893,0,0,0,3085,3085,C
6-NA,894,0,0,0,3134,3134,C
6-NA,895,3141,1,0,0,3142,A
6-NA,896,3135,0,1,0,3136,A
6-NA,897,0,3137,0,0,3137,T
6-NA,898,3029,0,2,0,3031,A
6-NA,899,0,0,3020,0,3020,G
6-NA,900,2,0,2999,0,3001,G
6-NA,901,1,1,0,3012,3014,C
6-NA,902,0,1,0,2951,2952,C
6-NA,903,1,0,0,2900,2901,C
6-NA,904,2940,0,0,0,2940,A
6-NA,905,0,2970,0,1,2971,T
6-NA,906,0,2,0,2987,2989,C
6-NA,907,2,0,2990,0,2992,G
6-NA,908,0,2987,0,1,2988,T
6-NA,909,2926,1,1,0,2928,A
6-NA,910,0,0,2987,0,2987,G
6-NA,911,2997,0,2,0,2999,A
6-NA,912,1,3009,0,1,3011,T
6-NA,913,2924,0,0,1,2925,A
6-NA,914,0,2905,0,1,2906,T
6-NA,915,2899,0,0,1,2900,A
6-NA,916,2896,0,0,0,2896,A
6-NA,917,2932,0,2,1,2935,A
6-NA,918,0,0,0,2991,2991,C
6-NA,919,2915,0,0,0,2915,A
6-NA,920,0,2900,0,0,2900,T
6-NA,921,2881,0,0,0,2881,A
6-NA,922,2876,0,0,0,2876,A
6-NA,923,2879,0,0,0,2879,A
6-NA,924,1,0,2900,0,2901,G
6-NA,925,2,1,2941,0,2944,G
6-NA,926,2864,0,0,0,2864,A
6-NA,927,1,2869,0,1,2871,T
6-NA,928,0,1,0,2877,2878,C
6-NA,929,2887,0,1,0,2888,A
6-NA,930,0,2901,0,1,2902,T
6-NA,931,2905,0,0,0,2905,A
6-NA,932,1,0,2894,0,2895,G
6-NA,933,0,0,0,2852,2852,C
6-NA,934,2801,0,1,0,2802,A
6-NA,935,0,2720,0,2,2722,T
6-NA,936,0,2724,0,0,2724,T
6-NA,937,1,0,2716,0,2717,G
6-NA,938,0,6,0,2698,2704,C
6-NA,939,1,2867,0,2,2870,T
6-NA,940,0,2872,0,2,2874,T
6-NA,941,0,74,0,2804,2878,C
6-NA,942,0,1,0,2927,2928,C
6-NA,943,2967,0,1,0,2968,A
6-NA,944,2,0,3031,0,3033,G
6-NA,945,0,2969,0,55,3024,T
6-NA,946,0,2937,0,0,2937,T
6-NA,947,2933,0,1,0,2934,A
6-NA,948,0,2913,0,0,2913,T
6-NA,949,0,1,2924,0,2925,G
6-NA,950,0,2905,0,0,2905,T
6-NA,951,0,0,2934,0,2934,G
6-NA,952,0,2843,0,1,2844,T
6-NA,953,0,0,2905,0,2905,G
6-NA,954,0,2907,0,0,2907,T
6-NA,955,0,2891,0,0,2891,T
6-NA,956,0,0,0,2896,2896,C
6-NA,957,2865,1,3,1,2870,A
6-NA,958,1,0,2885,0,2886,G
6-NA,959,0,0,2891,0,2891,G
6-NA,960,2837,0,1,0,2838,A
6-NA,961,0,0,0,2869,2869,C
6-NA,962,0,2802,0,1,2803,T
6-NA,963,0,2825,0,0,2825,T
6-NA,964,0,1,2941,0,2942,G
6-NA,965,0,2940,0,0,2940,T
6-NA,966,0,2943,0,0,2943,T
6-NA,967,0,0,2929,0,2929,G
6-NA,968,1,0,2938,0,2939,G
6-NA,969,2943,0,1,0,2944,A
6-NA,970,0,0,2962,0,2962,G
6-NA,971,2941,0,2,0,2943,A
6-NA,972,0,1,0,2959,2960,C
6-NA,973,2861,0,2,0,2863,A
6-NA,974,0,0,0,2891,2891,C
6-NA,975,2897,0,1,0,2898,A
6-NA,976,0,0,0,2953,2953,C
6-NA,977,1,0,0,2917,2918,C
6-NA,978,0,0,0,2931,2931,C
6-NA,979,2928,1,2,0,2931,A
6-NA,980,0,0,2934,0,2934,G
6-NA,981,2936,0,0,0,2936,A
6-NA,982,2948,0,0,0,2948,A
6-NA,983,2935,0,1,0,2936,A
6-NA,984,2934,0,0,0,2934,A
6-NA,985,2910,0,1,0,2911,A
6-NA,986,2916,0,0,0,2916,A
6-NA,987,0,0,0,2921,2921,C
6-NA,988,1,0,2907,0,2908,G
6-NA,989,2907,0,1,0,2908,A
6-NA,990,0,0,0,2912,2912,C
6-NA,991,2907,0,1,0,2908,A
6-NA,992,0,0,2929,0,2929,G
6-NA,993,0,0,0,3064,3064,C
6-NA,994,1,3027,0,2,3030,T
6-NA,995,1,0,0,3052,3053,C
6-NA,996,1,0,0,3075,3076,C
6-NA,997,3077,0,1,0,3078,A
6-NA,998,0,0,3140,1,3141,G
6-NA,999,0,0,0,3143,3143,C
6-NA,1000,3152,0,0,0,3152,A
6-NA,1001,0,1,3156,0,3157,G
6-NA,1002,0,3051,0,0,3051,T
6-NA,1003,3051,0,4,0,3055,A
6-NA,1004,0,0,3063,0,3063,G
6-NA,1005,0,0,0,3059,3059,C
6-NA,1006,0,1,0,3070,3071,C
6-NA,1007,3040,1,1,0,3042,A
6-NA,1008,0,3042,0,2,3044,T
6-NA,1009,0,3052,0,0,3052,T
6-NA,1010,0,0,3158,0,3158,G
6-NA,1011,0,3141,0,0,3141,T
6-NA,1012,0,3136,0,0,3136,T
6-NA,1013,7,3121,0,0,3128,T
6-NA,1014,1,0,3110,0,3111,G
6-NA,1015,1,0,3150,0,3151,G
6-NA,1016,3130,1,0,0,3131,A
6-NA,1017,0,3151,0,0,3151,T
6-NA,1018,0,0,0,3147,3147,C
6-NA,1019,0,1,1,3105,3107,C
6-NA,1020,7,3114,0,0,3121,T
6-NA,1021,3114,0,8,0,3122,A
6-NA,1022,3133,0,1,0,3134,A
6-NA,1023,0,2,0,3216,3218,C
6-NA,1024,3132,0,0,0,3132,A
6-NA,1025,3338,0,0,0,3338,A
6-NA,1026,0,3344,0,0,3344,T
6-NA,1027,0,0,3402,0,3402,G
6-NA,1028,3372,0,1,0,3373,A
6-NA,1029,3354,0,2,0,3356,A
6-NA,1030,0,0,3388,0,3388,G
6-NA,1031,3347,2,2,0,3351,A
6-NA,1032,3280,0,3,1,3284,A
6-NA,1033,0,0,3298,0,3298,G
6-NA,1034,0,0,3294,0,3294,G
6-NA,1035,0,3237,0,1,3238,T
6-NA,1036,1,0,3265,0,3266,G
6-NA,1037,0,0,3359,0,3359,G
6-NA,1038,0,3327,1,2,3330,T
6-NA,1039,0,0,0,3329,3329,C
6-NA,1040,3338,0,1,1,3340,A
6-NA,1041,0,3337,0,0,3337,T
6-NA,1042,0,0,3333,0,3333,G
6-NA,1043,0,0,3351,0,3351,G
6-NA,1044,3311,0,2,0,3313,A
6-NA,1045,1,0,3413,0,3414,G
6-NA,1046,0,3313,0,0,3313,T
6-NA,1047,0,0,3312,0,3312,G
6-NA,1048,3294,0,5,0,3299,A
6-NA,1049,3304,0,2,0,3306,A
6-NA,1050,3313,0,3,0,3316,A
6-NA,1051,0,0,3343,0,3343,G
6-NA,1052,0,0,3316,0,3316,G
6-NA,1053,0,2,0,3317,3319,C
6-NA,1054,0,3236,0,0,3236,T
6-NA,1055,1,0,3226,0,3227,G
6-NA,1056,0,1,3220,0,3221,G
6-NA,1057,2,0,3251,0,3253,G
6-NA,1058,0,0,1,3235,3236,C
6-NA,1059,0,0,0,3253,3253,C
6-NA,1060,0,3203,1,3,3207,T
6-NA,1061,0,3220,0,0,3220,T
6-NA,1062,0,3235,0,0,3235,T
6-NA,1063,0,0,3241,0,3241,G
6-NA,1064,3228,0,0,0,3228,A
6-NA,1065,0,3211,0,1,3212,T
6-NA,1066,0,0,3173,0,3173,G
6-NA,1067,3117,1,2,0,3120,A
6-NA,1068,0,3141,0,0,3141,T
6-NA,1069,1,1,3149,0,3151,G
6-NA,1070,1,0,3164,0,3165,G
6-NA,1071,3149,0,1,0,3150,A
6-NA,1072,3153,1,2,0,3156,A
6-NA,1073,3148,0,0,0,3148,A
6-NA,1074,0,3149,0,3,3152,T
6-NA,1075,0,0,3165,0,3165,G
6-NA,1076,3153,0,3,0,3156,A
6-NA,1077,0,1,0,3145,3146,C
6-NA,1078,0,0,3185,0,3185,G
6-NA,1079,0,3114,0,1,3115,T
6-NA,1080,4,1,3132,0,3137,G
6-NA,1081,0,3123,0,0,3123,T
6-NA,1082,0,1,3134,0,3135,G
6-NA,1083,1,0,3152,0,3153,G
6-NA,1084,3106,0,2,0,3108,A
6-NA,1085,0,3128,1,2,3131,T
6-NA,1086,0,0,3113,0,3113,G
6-NA,1087,0,0,3120,0,3120,G
6-NA,1088,0,0,3145,0,3145,G
6-NA,1089,3119,0,1,0,3120,A
6-NA,1090,3125,0,2,0,3127,A
6-NA,1091,0,0,3124,0,3124,G
6-NA,1092,3082,0,0,0,3082,A
6-NA,1093,3091,1,2,0,3094,A
6-NA,1094,0,0,0,3086,3086,C
6-NA,1095,1,1,3076,0,3078,G
6-NA,1096,3076,0,2,0,3078,A
6-NA,1097,0,3051,0,0,3051,T
6-NA,1098,0,0,0,3057,3057,C
6-NA,1099,3061,0,0,1,3062,A
6-NA,1100,1,0,3074,0,3075,G
6-NA,1101,0,0,0,3062,3062,C
6-NA,1102,0,0,3077,0,3077,G
6-NA,1103,3053,0,0,0,3053,A
6-NA,1104,0,0,3067,0,3067,G
6-NA,1105,3066,0,0,0,3066,A
6-NA,1106,3072,0,1,0,3073,A
6-NA,1107,0,0,3078,0,3078,G
6-NA,1108,0,3035,0,1,3036,T
6-NA,1109,0,1,0,3042,3043,C
6-NA,1110,3032,0,0,0,3032,A
6-NA,1111,0,1,0,3098,3099,C
6-NA,1112,1,0,3095,0,3096,G
6-NA,1113,0,0,0,3097,3097,C
6-NA,1114,0,3079,0,1,3080,T
6-NA,1115,0,3103,1,0,3104,T
6-NA,1116,3072,0,0,0,3072,A
6-NA,1117,0,0,3264,0,3264,G
6-NA,1118,1,0,3256,0,3257,G
6-NA,1119,0,0,3317,0,3317,G
6-NA,1120,0,3102,2,1,3105,T
6-NA,1121,3108,0,0,0,3108,A
6-NA,1122,0,3079,1,0,3080,T
6-NA,1123,0,0,3086,0,3086,G
6-NA,1124,3086,0,0,0,3086,A
6-NA,1125,3078,0,1,0,3079,A
6-NA,1126,2938,0,2,0,2940,A
6-NA,1127,0,0,0,2952,2952,C
6-NA,1128,0,0,0,2880,2880,C
6-NA,1129,0,2868,1,0,2869,T
6-NA,1130,0,2864,0,2,2866,T
6-NA,1131,0,0,0,2867,2867,C
6-NA,1132,2877,0,0,0,2877,A
6-NA,1133,2876,0,1,0,2877,A
6-NA,1134,2871,3,0,0,2874,A
6-NA,1135,0,0,2892,0,2892,G
6-NA,1136,4,2830,0,15,2849,T
6-NA,1137,0,0,0,2869,2869,C
6-NA,1138,2942,3,1,0,2946,A
6-NA,1139,0,2949,1,1,2951,T
6-NA,1140,0,2941,1,0,2942,T
6-NA,1141,0,0,2958,0,2958,G
6-NA,1142,2938,0,2,0,2940,A
6-NA,1143,2966,0,1,0,2967,A
6-NA,1144,0,0,3417,1,3418,G
6-NA,1145,0,0,3447,0,3447,G
6-NA,1146,0,0,0,3437,3437,C
6-NA,1147,0,3351,1,2,3354,T
6-NA,1148,1,1,3366,0,3368,G
6-NA,1149,0,0,3449,0,3449,G
6-NA,1150,1,3442,1,1,3445,T
6-NA,1151,0,0,0,3434,3434,C
6-NA,1152,0,0,0,3427,3427,C
6-NA,1153,3426,0,1,0,3427,A
6-NA,1154,3442,0,0,0,3442,A
6-NA,1155,0,0,0,3460,3460,C
6-NA,1156,0,0,0,3472,3472,C
6-NA,1157,0,0,0,3458,3458,C
6-NA,1158,0,3349,1,1,3351,T
6-NA,1159,3344,0,1,0,3345,A
6-NA,1160,3350,0,0,0,3350,A
6-NA,1161,0,0,3390,0,3390,G
6-NA,1162,0,3340,0,4,3344,T
6-NA,1163,0,0,0,3361,3361,C
6-NA,1164,0,1,0,3320,3321,C
6-NA,1165,3321,0,1,0,3322,A
6-NA,1166,3317,0,0,0,3317,A
6-NA,1167,3324,0,0,0,3324,A
6-NA,1168,0,3319,1,1,3321,T
6-NA,1169,0,3318,0,0,3318,T
6-NA,1170,0,0,3322,0,3322,G
6-NA,1171,0,0,0,3314,3314,C
6-NA,1172,3314,0,2,0,3316,A
6-NA,1173,1,0,3320,0,3321,G
6-NA,1174,3318,0,0,0,3318,A
6-NA,1175,1,3383,1,0,3385,T
6-NA,1176,3395,0,1,0,3396,A
6-NA,1177,3391,0,0,0,3391,A
6-NA,1178,3406,0,0,0,3406,A
6-NA,1179,0,3386,1,0,3387,T
6-NA,1180,3370,1,2,0,3373,A
6-NA,1181,0,0,3375,0,3375,G
6-NA,1182,0,0,3351,0,3351,G
6-NA,1183,0,0,0,3350,3350,C
6-NA,1184,3280,2,2,0,3284,A
6-NA,1185,3293,1,1,0,3295,A
6-NA,1186,0,1,3330,0,3331,G
6-NA,1187,0,3331,0,3,3334,T
6-NA,1188,0,0,0,3340,3340,C
6-NA,1189,3370,0,0,0,3370,A
6-NA,1190,0,3366,1,0,3367,T
6-NA,1191,3379,1,3,0,3383,A
6-NA,1192,0,0,3382,0,3382,G
6-NA,1193,0,3382,1,1,3384,T
6-NA,1194,0,3315,1,0,3316,T
6-NA,1195,0,0,3291,0,3291,G
6-NA,1196,3262,1,8,0,3271,A
6-NA,1197,0,0,0,3273,3273,C
6-NA,1198,3247,0,0,0,3247,A
6-NA,1199,0,0,3302,0,3302,G
6-NA,1200,3295,1,3,0,3299,A
6-NA,1201,0,0,3389,0,3389,G
6-NA,1202,0,1,3393,0,3394,G
6-NA,1203,0,3370,1,0,3371,T
6-NA,1204,3387,0,1,0,3388,A
6-NA,1205,3383,0,1,0,3384,A
6-NA,1206,0,3382,1,0,3383,T
6-NA,1207,3363,0,2,1,3366,A
6-NA,1208,0,1,3313,0,3314,G
6-NA,1209,0,0,3267,0,3267,G
6-NA,1210,0,3090,0,1,3091,T
6-NA,1211,0,0,0,3080,3080,C
6-NA,1212,0,0,1,3083,3084,C
6-NA,1213,1,0,3087,0,3088,G
6-NA,1214,0,0,3098,0,3098,G
6-NA,1215,0,3087,1,0,3088,T
6-NA,1216,0,3097,0,1,3098,T
6-NA,1217,3082,0,0,0,3082,A
6-NA,1218,0,3072,0,0,3072,T
6-NA,1219,0,3069,0,0,3069,T
6-NA,1220,0,0,0,3076,3076,C
6-NA,1221,1,3021,0,1,3023,T
6-NA,1222,2,0,3049,0,3051,G
6-NA,1223,0,0,3063,0,3063,G
6-NA,1224,1,3039,0,0,3040,T
6-NA,1225,3054,0,0,0,3054,A
6-NA,1226,0,3025,1,1,3027,T
6-NA,1227,0,3035,0,1,3036,T
6-NA,1228,0,3034,0,0,3034,T
6-NA,1229,0,3033,0,2,3035,T
6-NA,1230,0,0,0,3041,3041,C
6-NA,1231,0,2993,0,1,2994,T
6-NA,1232,0,0,0,3010,3010,C
6-NA,1233,0,2997,0,1,2998,T
6-NA,1234,0,1,3064,0,3065,G
6-NA,1235,0,3053,0,2,3055,T
6-NA,1236,0,3016,0,0,3016,T
6-NA,1237,0,2,3014,0,3016,G
6-NA,1238,2984,0,0,0,2984,A
6-NA,1239,2989,1,2,0,2992,A
6-NA,1240,0,0,2998,0,2998,G
6-NA,1241,1,0,2976,0,2977,G
6-NA,1242,0,1,0,2990,2991,C
6-NA,1243,2938,0,0,0,2938,A
6-NA,1244,2943,0,1,0,2944,A
6-NA,1245,2957,0,0,1,2958,A
6-NA,1246,2957,0,3,0,2960,A
6-NA,1247,0,0,2956,0,2956,G
6-NA,1248,0,0,0,2953,2953,C
6-NA,1249,0,2910,0,1,2911,T
6-NA,1250,0,0,2948,0,2948,G
6-NA,1251,0,0,0,2944,2944,C
6-NA,1252,2959,1,0,0,2960,A
6-NA,1253,0,2939,0,0,2939,T
6-NA,1254,0,0,0,2924,2924,C
6-NA,1255,2926,0,2,0,2928,A
6-NA,1256,2927,0,0,0,2927,A
6-NA,1257,0,2907,0,1,2908,T
6-NA,1258,0,1,0,2926,2927,C
6-NA,1259,3,0,2881,0,2884,G
6-NA,1260,3,0,2931,0,2934,G
6-NA,1261,0,2920,0,1,2921,T
6-NA,1262,0,0,2931,0,2931,G
6-NA,1263,0,0,1,2943,2944,C
6-NA,1264,0,2931,1,5,2937,T
6-NA,1265,0,2965,0,1,2966,T
6-NA,1266,0,2971,0,1,2972,T
6-NA,1267,0,2982,0,0,2982,T
6-NA,1268,2995,0,0,0,2995,A
6-NA,1269,0,2886,0,0,2886,T
6-NA,1270,1,1,2894,0,2896,G
6-NA,1271,0,2854,0,1,2855,T
6-NA,1272,0,0,2831,0,2831,G
6-NA,1273,0,0,2864,0,2864,G
6-NA,1274,2797,1,0,0,2798,A
6-NA,1275,1,0,2816,1,2818,G
6-NA,1276,0,2792,0,1,2793,T
6-NA,1277,0,2768,0,2,2770,T
6-NA,1278,0,0,2795,0,2795,G
6-NA,1279,2781,0,1,0,2782,A
6-NA,1280,0,2785,0,0,2785,T
6-NA,1281,2772,0,2,0,2774,A
6-NA,1282,2682,0,2,0,2684,A
6-NA,1283,0,0,2710,0,2710,G
6-NA,1284,1,0,2639,0,2640,G
6-NA,1285,0,0,2628,0,2628,G
6-NA,1286,0,0,2597,0,2597,G
6-NA,1287,2551,0,1,0,2552,A
6-NA,1288,2548,0,0,0,2548,A
6-NA,1289,0,0,2563,0,2563,G
6-NA,1290,2559,1,0,0,2560,A
6-NA,1291,2558,0,0,0,2558,A
6-NA,1292,2524,0,0,0,2524,A
6-NA,1293,2472,0,2,1,2475,A
6-NA,1294,0,0,2476,0,2476,G
6-NA,1295,2431,0,4,0,2435,A
6-NA,1296,0,0,2433,0,2433,G
6-NA,1297,0,0,2437,0,2437,G
6-NA,1298,2404,0,0,0,2404,A
6-NA,1299,2410,0,0,0,2410,A
6-NA,1300,2400,1,1,0,2402,A
6-NA,1301,0,0,0,2417,2417,C
6-NA,1302,0,2390,0,2,2392,T
6-NA,1303,0,0,2400,0,2400,G
6-NA,1304,2399,0,0,0,2399,A
6-NA,1305,2402,0,2,0,2404,A
6-NA,1306,0,0,2413,0,2413,G
6-NA,1307,0,2373,0,1,2374,T
6-NA,1308,0,0,0,2401,2401,C
6-NA,1309,0,2399,0,3,2402,T
6-NA,1310,0,2368,0,0,2368,T
6-NA,1311,0,0,2373,0,2373,G
6-NA,1312,0,2350,0,2,2352,T
6-NA,1313,0,0,2350,0,2350,G
6-NA,1314,0,0,2346,0,2346,G
6-NA,1315,2283,0,0,0,2283,A
6-NA,1316,0,1,0,2287,2288,C
6-NA,1317,1,0,0,2249,2250,C
6-NA,1318,0,2250,1,0,2251,T
6-NA,1319,0,0,0,2238,2238,C
6-NA,1320,2247,0,2,0,2249,A
6-NA,1321,2254,0,1,0,2255,A
6-NA,1322,2252,0,0,0,2252,A
6-NA,1323,0,0,0,2274,2274,C
6-NA,1324,2196,0,0,0,2196,A
6-NA,1325,0,0,2218,0,2218,G
6-NA,1326,0,2190,0,1,2191,T
6-NA,1327,2186,0,0,0,2186,A
6-NA,1328,0,2166,0,0,2166,T
6-NA,1329,0,2127,0,0,2127,T
6-NA,1330,1,0,2147,0,2148,G
6-NA,1331,0,2136,0,1,2137,T
6-NA,1332,1,2048,0,0,2049,T
6-NA,1333,0,0,2062,0,2062,G
6-NA,1334,1,1922,0,0,1923,T
6-NA,1335,0,0,1933,0,1933,G
6-NA,1336,0,1922,0,0,1922,T
6-NA,1337,0,1889,0,0,1889,T
6-NA,1338,0,1895,2,0,1897,T
6-NA,1339,0,1852,0,1,1853,T
6-NA,1340,0,0,1858,0,1858,G
6-NA,1341,0,1848,0,2,1850,T
6-NA,1342,0,1,1844,0,1845,G
6-NA,1343,0,1,1837,0,1838,G
6-NA,1344,0,0,0,1807,1807,C
6-NA,1345,1794,0,3,0,1797,A
6-NA,1346,0,0,0,1810,1810,C
6-NA,1347,2,0,0,1806,1808,C
6-NA,1348,0,1797,0,3,1800,T
6-NA,1349,0,0,0,1815,1815,C
6-NA,1350,1815,0,0,0,1815,A
6-NA,1351,0,0,1832,0,1832,G
6-NA,1352,0,0,1829,0,1829,G
6-NA,1353,0,1813,0,0,1813,T
6-NA,1354,1797,0,0,0,1797,A
6-NA,1355,0,0,0,1693,1693,C
6-NA,1356,1673,0,1,0,1674,A
6-NA,1357,0,1672,0,0,1672,T
6-NA,1358,1624,0,0,0,1624,A
6-NA,1359,0,1617,0,1,1618,T
6-NA,1360,0,0,1518,0,1518,G
6-NA,1361,0,0,1510,0,1510,G
6-NA,1362,1504,0,1,0,1505,A
6-NA,1363,1493,1,0,0,1494,A
6-NA,1364,0,0,0,1480,1480,C
6-NA,1365,1219,0,0,0,1219,A
6-NA,1366,0,0,1208,0,1208,G
6-NA,1367,0,0,1211,0,1211,G
6-NA,1368,0,0,0,1195,1195,C
6-NA,1369,0,1204,0,1,1205,T
6-NA,1370,0,0,0,1128,1128,C
6-NA,1371,1132,0,0,0,1132,A
6-NA,1372,0,1126,0,0,1126,T
6-NA,1373,0,0,1127,0,1127,G
6-NA,1374,0,0,1124,0,1124,G
6-NA,1375,0,0,0,1061,1061,C
6-NA,1376,0,0,0,1062,1062,C
6-NA,1377,1,981,0,2,984,T
6-NA,1378,0,0,982,0,982,G
6-NA,1379,988,0,0,0,988,A
6-NA,1380,0,983,0,0,983,T
6-NA,1381,0,0,962,0,962,G
6-NA,1382,0,0,930,0,930,G
6-NA,1383,0,0,868,0,868,G
6-NA,1384,0,0,863,0,863,G
6-NA,1385,0,1,0,834,835,C
6-NA,1386,0,0,848,0,848,G
6-NA,1387,0,0,839,0,839,G
6-NA,1388,830,0,0,0,830,A
6-NA,1389,0,0,0,822,822,C
6-NA,1390,821,1,0,0,822,A
6-NA,1391,0,804,0,0,804,T
6-NA,1392,0,1,0,800,801,C
6-NA,1393,797,0,0,0,797,A
6-NA,1394,793,0,0,0,793,A
6-NA,1395,0,786,0,0,786,T
6-NA,1396,0,0,0,747,747,C
6-NA,1397,0,723,0,1,724,T
6-NA,1398,0,0,0,638,638,C
6-NA,1399,635,0,0,0,635,A
6-NA,1400,0,619,0,0,619,T
6-NA,1401,0,0,619,0,619,G
6-NA,1402,0,0,0,604,604,C
6-NA,1403,0,0,0,586,586,C
6-NA,1404,0,519,0,0,519,T
6-NA,1405,512,0,0,0,512,A
6-NA,1406,0,508,0,0,508,T
6-NA,1407,498,0,0,0,498,A
6-NA,1408,0,498,0,0,498,T
6-NA,1409,449,0,0,0,449,A
6-NA,1410,432,0,0,0,432,A
7-M,1,35,0,0,0,35,A
7-M,2,0,36,0,0,36,T
7-M,3,0,0,36,0,36,G
7-M,4,35,0,0,0,35,A
7-M,5,0,0,39,0,39,G
7-M,6,0,0,0,41,41,C
7-M,7,0,0,0,43,43,C
7-M,8,0,70,0,0,70,T
7-M,9,0,71,0,0,71,T
7-M,10,0,0,0,71,71,C
7-M,11,0,71,0,0,71,T
7-M,12,73,0,0,0,73,A
7-M,13,72,0,1,0,73,A
7-M,14,0,0,0,74,74,C
7-M,15,0,0,0,73,73,C
7-M,16,0,0,73,0,73,G
7-M,17,72,0,0,0,72,A
7-M,18,0,0,75,1,76,G
7-M,19,0,0,81,0,81,G
7-M,20,0,82,0,0,82,T
7-M,21,0,0,0,81,81,C
7-M,22,0,0,82,0,82,G
7-M,23,82,0,0,0,82,A
7-M,24,84,0,0,0,84,A
7-M,25,84,0,0,0,84,A
7-M,26,0,0,0,93,93,C
7-M,27,0,0,100,0,100,G
7-M,28,0,101,0,0,101,T
7-M,29,103,0,0,0,103,A
7-M,30,0,104,0,0,104,T
7-M,31,0,0,106,0,106,G
7-M,32,0,107,0,0,107,T
7-M,33,0,123,0,0,123,T
7-M,34,0,0,0,128,128,C
7-M,35,0,128,0,0,128,T
7-M,36,0,0,0,134,134,C
7-M,37,0,135,0,0,135,T
7-M,38,0,0,0,149,149,C
7-M,39,0,149,0,0,149,T
7-M,40,152,0,0,0,152,A
7-M,41,0,153,0,0,153,T
7-M,42,0,0,0,154,154,C
7-M,43,0,0,153,0,153,G
7-M,44,0,161,0,0,161,T
7-M,45,0,161,0,0,161,T
7-M,46,0,0,0,168,168,C
7-M,47,1,0,0,168,169,C
7-M,48,173,0,0,0,173,A
7-M,49,0,172,0,0,172,T
7-M,50,0,0,0,172,172,C
7-M,51,172,0,1,0,173,A
7-M,52,0,0,178,0,178,G
7-M,53,0,0,175,0,175,G
7-M,54,0,0,0,177,177,C
7-M,55,0,0,0,177,177,C
7-M,56,0,0,0,178,178,C
7-M,57,0,0,0,185,185,C
7-M,58,0,0,0,185,185,C
7-M,59,0,185,0,0,185,T
7-M,60,0,0,0,186,186,C
7-M,61,185,0,0,0,185,A
7-M,62,186,0,0,0,186,A
7-M,63,195,0,0,0,195,A
7-M,64,0,0,199,0,199,G
7-M,65,0,0,0,198,198,C
7-M,66,0,0,0,199,199,C
7-M,67,0,0,199,0,199,G
7-M,68,198,0,0,0,198,A
7-M,69,0,0,199,0,199,G
7-M,70,199,0,0,0,199,A
7-M,71,0,200,0,0,200,T
7-M,72,0,0,0,201,201,C
7-M,73,0,0,200,0,200,G
7-M,74,0,0,0,200,200,C
7-M,75,0,0,199,0,199,G
7-M,76,0,0,0,201,201,C
7-M,77,201,0,0,0,201,A
7-M,78,0,0,203,0,203,G
7-M,79,200,0,0,0,200,A
7-M,80,0,0,219,0,219,G
7-M,81,218,0,0,0,218,A
7-M,82,0,0,0,226,226,C
7-M,83,0,226,0,0,226,T
7-M,84,0,223,0,3,226,T
7-M,85,0,0,227,0,227,G
7-M,86,227,0,1,0,228,A
7-M,87,224,0,0,0,224,A
7-M,88,1,0,225,0,226,G
7-M,89,221,0,0,0,221,A
7-M,90,0,222,0,0,222,T
7-M,91,0,0,223,0,223,G
7-M,92,0,222,0,0,222,T
7-M,93,0,0,0,224,224,C
7-M,94,0,219,0,0,219,T
7-M,95,0,220,0,1,221,T
7-M,96,0,220,0,0,220,T
7-M,97,0,1,219,0,220,G
7-M,98,0,0,0,222,222,C
7-M,99,0,216,0,0,216,T
7-M,100,0,0,218,0,218,G
7-M,101,0,0,215,0,215,G
7-M,102,0,0,222,0,222,G
7-M,103,226,0,0,0,226,A
7-M,104,225,0,0,0,225,A
7-M,105,224,0,0,0,224,A
7-M,106,227,0,0,0,227,A
7-M,107,229,0,0,0,229,A
7-M,108,0,0,0,231,231,C
7-M,109,228,0,0,0,228,A
7-M,110,0,0,0,229,229,C
7-M,111,229,0,0,0,229,A
7-M,112,0,0,231,0,231,G
7-M,113,234,0,0,0,234,A
7-M,114,0,244,0,0,244,T
7-M,115,0,0,0,247,247,C
7-M,116,0,246,0,0,246,T
7-M,117,0,246,0,0,246,T
7-M,118,0,0,246,0,246,G
7-M,119,247,0,0,0,247,A
7-M,120,0,0,245,0,245,G
7-M,121,0,0,241,0,241,G
7-M,122,0,0,0,244,244,C
7-M,123,0,239,0,1,240,T
7-M,124,0,0,0,262,262,C
7-M,125,0,261,0,0,261,T
7-M,126,0,0,0,265,265,C
7-M,127,263,0,0,0,263,A
7-M,128,0,265,0,0,265,T
7-M,129,0,0,267,0,267,G
7-M,130,0,0,264,0,264,G
7-M,131,263,0,0,0,263,A
7-M,132,266,0,0,0,266,A
7-M,133,0,249,0,1,250,T
7-M,134,0,0,260,0,260,G
7-M,135,0,0,274,0,274,G
7-M,136,1,0,0,277,278,C
7-M,137,0,276,0,0,276,T
7-M,138,276,0,0,0,276,A
7-M,139,277,0,0,0,277,A
7-M,140,284,0,0,0,284,A
7-M,141,0,0,280,0,280,G
7-M,142,285,0,0,0,285,A
7-M,143,0,0,0,285,285,C
7-M,144,273,0,0,0,273,A
7-M,145,271,0,0,0,271,A
7-M,146,0,0,278,0,278,G
7-M,147,276,0,1,0,277,A
7-M,148,0,0,0,277,277,C
7-M,149,0,0,0,280,280,C
7-M,150,278,1,0,0,279,A
7-M,151,285,0,0,0,285,A
7-M,152,0,286,0,0,286,T
7-M,153,0,286,0,0,286,T
7-M,154,0,0,0,291,291,C
7-M,155,0,285,0,0,285,T
7-M,156,0,0,287,0,287,G
7-M,157,0,286,0,0,286,T
7-M,158,0,0,0,289,289,C
7-M,159,288,0,0,0,288,A
7-M,160,0,0,0,304,304,C
7-M,161,0,1,0,300,301,C
7-M,162,0,300,0,0,300,T
7-M,163,0,0,0,303,303,C
7-M,164,0,303,0,0,303,T
7-M,165,0,0,311,0,311,G
7-M,166,310,0,0,0,310,A
7-M,167,0,0,0,311,311,C
7-M,168,0,310,0,0,310,T
7-M,169,305,0,0,0,305,A
7-M,170,306,0,0,0,306,A
7-M,171,0,0,308,0,308,G
7-M,172,0,0,307,0,307,G
7-M,173,0,0,304,0,304,G
7-M,174,0,0,305,0,305,G
7-M,175,305,0,0,0,305,A
7-M,176,0,310,0,0,310,T
7-M,177,0,310,0,0,310,T
7-M,178,0,311,0,0,311,T
7-M,179,0,313,0,0,313,T
7-M,180,0,0,313,0,313,G
7-M,181,0,0,311,0,311,G
7-M,182,0,0,310,0,310,G
7-M,183,0,0,312,0,312,G
7-M,184,0,302,0,1,303,T
7-M,185,0,308,0,0,308,T
7-M,186,0,308,0,0,308,T
7-M,187,0,0,309,0,309,G
7-M,188,1,307,0,0,308,T
7-M,189,0,309,0,0,309,T
7-M,190,0,316,0,0,316,T
7-M,191,0,315,0,1,316,T
7-M,192,0,0,0,317,317,C
7-M,193,317,0,0,0,317,A
7-M,194,0,0,0,319,319,C
7-M,195,0,0,315,0,315,G
7-M,196,0,0,0,316,316,C
7-M,197,0,316,0,1,317,T
7-M,198,0,0,0,326,326,C
7-M,199,326,0,0,0,326,A
7-M,200,0,0,0,328,328,C
7-M,201,0,0,0,326,326,C
7-M,202,0,0,323,0,323,G
7-M,203,0,332,0,0,332,T
7-M,204,0,0,334,0,334,G
7-M,205,0,0,0,334,334,C
7-M,206,0,0,0,336,336,C
7-M,207,0,0,0,331,331,C
7-M,208,328,0,0,0,328,A
7-M,209,0,0,328,0,328,G
7-M,210,0,325,0,0,325,T
7-M,211,0,0,324,0,324,G
7-M,212,330,0,0,0,330,A
7-M,213,0,0,332,0,332,G
7-M,214,0,0,0,328,328,C
7-M,215,0,0,332,0,332,G
7-M,216,327,0,0,0,327,A
7-M,217,0,0,333,0,333,G
7-M,218,1,0,333,0,334,G
7-M,219,329,0,0,0,329,A
7-M,220,0,0,0,334,334,C
7-M,221,0,325,0,0,325,T
7-M,222,0,0,326,0,326,G
7-M,223,0,0,0,327,327,C
7-M,224,326,0,0,0,326,A
7-M,225,0,0,333,0,333,G
7-M,226,0,0,0,332,332,C
7-M,227,0,0,338,0,338,G
7-M,228,0,338,0,0,338,T
7-M,229,335,0,0,0,335,A
7-M,230,0,0,334,0,334,G
7-M,231,333,0,0,0,333,A
7-M,232,0,0,0,334,334,C
7-M,233,0,0,336,0,336,G
7-M,234,0,0,0,332,332,C
7-M,235,0,322,0,0,322,T
7-M,236,0,325,0,0,325,T
7-M,237,0,326,0,0,326,T
7-M,238,0,0,332,0,332,G
7-M,239,0,332,0,0,332,T
7-M,240,0,0,0,332,332,C
7-M,241,0,0,0,334,334,C
7-M,242,330,0,0,0,330,A
7-M,243,333,0,0,0,333,A
7-M,244,333,0,0,0,333,A
7-M,245,332,0,0,0,332,A
7-M,246,0,334,0,0,334,T
7-M,247,0,0,329,0,329,G
7-M,248,0,0,0,329,329,C
7-M,249,0,0,0,329,329,C
7-M,250,0,0,0,332,332,C
7-M,251,0,330,0,1,331,T
7-M,252,0,0,0,345,345,C
7-M,253,347,0,0,0,347,A
7-M,254,350,0,0,0,350,A
7-M,255,0,350,0,0,350,T
7-M,256,0,0,351,0,351,G
7-M,257,0,0,350,0,350,G
7-M,258,0,0,354,0,354,G
7-M,259,355,0,0,0,355,A
7-M,260,353,0,0,0,353,A
7-M,261,0,345,0,0,345,T
7-M,262,0,0,340,0,340,G
7-M,263,0,0,345,0,345,G
7-M,264,335,0,0,0,335,A
7-M,265,0,0,331,0,331,G
7-M,266,323,0,1,0,324,A
7-M,267,0,0,0,321,321,C
7-M,268,0,0,0,333,333,C
7-M,269,0,0,0,332,332,C
7-M,270,339,0,0,0,339,A
7-M,271,340,0,0,0,340,A
7-M,272,340,0,0,0,340,A
7-M,273,0,343,0,0,343,T
7-M,274,348,0,1,0,349,A
7-M,275,346,0,0,0,346,A
7-M,276,0,0,0,333,333,C
7-M,277,331,0,0,0,331,A
7-M,278,0,329,0,0,329,T
7-M,279,0,0,335,0,335,G
7-M,280,0,0,338,0,338,G
7-M,281,336,0,1,0,337,A
7-M,282,0,0,0,337,337,C
7-M,283,330,0,0,0,330,A
7-M,284,330,0,0,0,330,A
7-M,285,332,0,0,0,332,A
7-M,286,0,0,334,0,334,G
7-M,287,0,0,0,340,340,C
7-M,288,333,0,0,0,333,A
7-M,289,0,0,341,0,341,G
7-M,290,0,343,0,0,343,T
7-M,291,0,343,0,0,343,T
7-M,292,345,0,0,0,345,A
7-M,293,343,0,0,0,343,A
7-M,294,341,0,0,1,342,A
7-M,295,0,0,0,346,346,C
7-M,296,0,344,0,0,344,T
7-M,297,0,0,395,0,395,G
7-M,298,0,389,0,0,389,T
7-M,299,389,0,0,0,389,A
7-M,300,0,392,0,0,392,T
7-M,301,389,0,0,0,389,A
7-M,302,0,0,391,0,391,G
7-M,303,0,0,387,0,387,G
7-M,304,387,0,0,0,387,A
7-M,305,388,0,0,0,388,A
7-M,306,362,0,0,0,362,A
7-M,307,0,0,0,373,373,C
7-M,308,0,370,0,0,370,T
7-M,309,0,371,0,0,371,T
7-M,310,370,0,0,0,370,A
7-M,311,372,0,0,0,372,A
7-M,312,0,0,374,0,374,G
7-M,313,372,0,0,0,372,A
7-M,314,0,0,372,0,372,G
7-M,315,0,0,380,0,380,G
7-M,316,0,0,379,0,379,G
7-M,317,373,0,0,0,373,A
7-M,318,0,0,377,0,377,G
7-M,319,381,0,0,0,381,A
7-M,320,0,382,0,0,382,T
7-M,321,383,0,0,0,383,A
7-M,322,383,0,0,0,383,A
7-M,323,0,0,0,384,384,C
7-M,324,0,0,388,0,388,G
7-M,325,0,385,0,0,385,T
7-M,326,0,381,0,0,381,T
7-M,327,0,0,0,389,389,C
7-M,328,0,0,0,390,390,C
7-M,329,390,0,0,0,390,A
7-M,330,0,389,0,1,390,T
7-M,331,0,0,386,0,386,G
7-M,332,0,0,386,0,386,G
7-M,333,0,0,383,0,383,G
7-M,334,0,0,381,0,381,G
7-M,335,0,1,0,379,380,C
7-M,336,0,0,0,384,384,C
7-M,337,388,0,0,0,388,A
7-M,338,392,0,0,0,392,A
7-M,339,392,0,0,0,392,A
7-M,340,0,0,396,0,396,G
7-M,341,393,0,0,0,393,A
7-M,342,388,0,0,0,388,A
7-M,343,389,0,0,0,389,A
7-M,344,0,390,0,0,390,T
7-M,345,386,0,0,0,386,A
7-M,346,0,0,387,0,387,G
7-M,347,0,0,0,386,386,C
7-M,348,0,383,0,0,383,T
7-M,349,0,0,0,385,385,C
7-M,350,0,382,0,0,382,T
7-M,351,0,1,0,388,389,C
7-M,352,391,0,0,0,391,A
7-M,353,0,0,393,0,393,G
7-M,354,0,390,0,0,390,T
7-M,355,0,398,0,0,398,T
7-M,356,396,0,0,0,396,A
7-M,357,0,400,0,0,400,T
7-M,358,0,397,0,0,397,T
7-M,359,0,0,0,397,397,C
7-M,360,0,393,0,0,393,T
7-M,361,0,0,399,0,399,G
7-M,362,0,0,0,398,398,C
7-M,363,0,395,0,0,395,T
7-M,364,0,0,393,0,393,G
7-M,365,0,0,391,0,391,G
7-M,366,1,386,0,0,387,T
7-M,367,0,0,390,0,390,G
7-M,368,0,0,0,388,388,C
7-M,369,389,0,0,0,389,A
7-M,370,0,0,0,387,387,C
7-M,371,0,384,0,0,384,T
7-M,372,0,392,0,0,392,T
7-M,373,0,0,390,0,390,G
7-M,374,0,0,0,393,393,C
7-M,375,0,0,0,392,392,C
7-M,376,387,0,1,0,388,A
7-M,377,0,0,388,0,388,G
7-M,378,0,388,0,0,388,T
7-M,379,0,390,0,0,390,T
7-M,380,0,0,394,0,394,G
7-M,381,0,0,0,383,383,C
7-M,382,385,0,0,0,385,A
7-M,383,0,390,0,0,390,T
7-M,384,0,0,387,0,387,G
7-M,385,0,0,394,0,394,G
7-M,386,0,0,394,0,394,G
7-M,387,0,0,0,394,394,C
7-M,388,0,0,0,403,403,C
7-M,389,0,407,0,0,407,T
7-M,390,0,0,0,424,424,C
7-M,391,453,0,0,0,453,A
7-M,392,0,454,0,0,454,T
7-M,393,474,0,0,0,474,A
7-M,394,0,462,0,0,462,T
7-M,395,449,0,1,0,450,A
7-M,396,0,0,0,491,491,C
7-M,397,473,0,0,0,473,A
7-M,398,476,0,0,0,476,A
7-M,399,0,473,0,0,473,T
7-M,400,450,0,1,0,451,A
7-M,401,1,0,455,0,456,G
7-M,402,0,0,455,0,455,G
7-M,403,449,0,0,0,449,A
7-M,404,0,455,0,1,456,T
7-M,405,0,0,435,0,435,G
7-M,406,0,0,436,0,436,G
7-M,407,0,0,435,0,435,G
7-M,408,0,0,438,0,438,G
7-M,409,0,0,436,0,436,G
7-M,410,0,0,0,435,435,C
7-M,411,0,433,0,0,433,T
7-M,412,0,0,430,0,430,G
7-M,413,0,433,0,0,433,T
7-M,414,430,0,0,0,430,A
7-M,415,433,0,0,0,433,A
7-M,416,0,0,0,436,436,C
7-M,417,0,0,0,434,434,C
7-M,418,430,0,0,0,430,A
7-M,419,0,0,0,436,436,C
7-M,420,0,435,0,0,435,T
7-M,421,0,0,440,0,440,G
7-M,422,436,0,0,0,436,A
7-M,423,438,0,0,0,438,A
7-M,424,0,0,438,0,438,G
7-M,425,0,434,0,1,435,T
7-M,426,0,0,431,0,431,G
7-M,427,0,0,439,0,439,G
7-M,428,0,0,1,443,444,C
7-M,429,442,0,0,0,442,A
7-M,430,0,440,0,0,440,T
7-M,431,0,440,0,0,440,T
7-M,432,0,440,0,0,440,T
7-M,433,0,0,452,0,452,G
7-M,434,0,0,450,0,450,G
7-M,435,0,0,0,450,450,C
7-M,436,1,0,0,450,451,C
7-M,437,0,453,0,0,453,T
7-M,438,0,0,482,0,482,G
7-M,439,0,0,487,0,487,G
7-M,440,0,494,0,0,494,T
7-M,441,502,0,0,0,502,A
7-M,442,0,489,0,0,489,T
7-M,443,0,0,498,0,498,G
7-M,444,0,500,0,0,500,T
7-M,445,0,0,504,0,504,G
7-M,446,0,0,0,505,505,C
7-M,447,494,0,0,0,494,A
7-M,448,493,0,1,0,494,A
7-M,449,0,0,0,494,494,C
7-M,450,493,0,0,0,493,A
7-M,451,0,494,0,0,494,T
7-M,452,0,0,490,0,490,G
7-M,453,0,488,0,0,488,T
7-M,454,0,0,490,0,490,G
7-M,455,487,0,0,0,487,A
7-M,456,0,1,485,0,486,G
7-M,457,0,0,0,487,487,C
7-M,458,478,0,0,0,478,A
7-M,459,0,0,480,0,480,G
7-M,460,476,0,1,0,477,A
7-M,461,0,476,0,0,476,T
7-M,462,0,476,0,1,477,T
7-M,463,0,0,476,0,476,G
7-M,464,0,0,0,476,476,C
7-M,465,0,476,0,0,476,T
7-M,466,0,0,476,0,476,G
7-M,467,470,0,1,0,471,A
7-M,468,0,0,0,506,506,C
7-M,469,0,512,0,0,512,T
7-M,470,0,0,0,517,517,C
7-M,471,0,0,0,512,512,C
7-M,472,0,0,0,515,515,C
7-M,473,515,0,0,1,516,A
7-M,474,0,0,520,0,520,G
7-M,475,0,0,0,518,518,C
7-M,476,519,0,0,0,519,A
7-M,477,0,0,0,520,520,C
7-M,478,494,0,0,0,494,A
7-M,479,0,0,496,0,496,G
7-M,480,0,0,493,0,493,G
7-M,481,0,492,0,0,492,T
7-M,482,0,0,0,505,505,C
7-M,483,0,501,0,0,501,T
7-M,484,0,0,0,499,499,C
7-M,485,501,0,0,0,501,A
7-M,486,0,504,0,0,504,T
7-M,487,497,0,0,0,497,A
7-M,488,0,0,491,0,491,G
7-M,489,0,0,490,0,490,G
7-M,490,0,0,0,489,489,C
7-M,491,481,0,0,0,481,A
7-M,492,483,0,0,0,483,A
7-M,493,482,0,0,0,482,A
7-M,494,0,479,0,0,479,T
7-M,495,0,0,479,0,479,G
7-M,496,125,0,357,0,482,G
7-M,497,0,475,0,0,475,T
7-M,498,0,0,479,0,479,G
7-M,499,0,0,478,0,478,G
7-M,500,0,0,0,481,481,C
7-M,501,480,0,1,0,481,A
7-M,502,482,0,0,0,482,A
7-M,503,0,0,0,487,487,C
7-M,504,496,0,0,0,496,A
7-M,505,499,0,0,0,499,A
7-M,506,0,0,0,497,497,C
7-M,507,0,0,0,496,496,C
7-M,508,491,0,0,0,491,A
7-M,509,491,0,0,0,491,A
7-M,510,0,488,0,0,488,T
7-M,511,0,0,0,494,494,C
7-M,512,0,0,0,488,488,C
7-M,513,491,0,0,0,491,A
7-M,514,0,489,0,0,489,T
7-M,515,0,492,0,0,492,T
7-M,516,495,0,0,0,495,A
7-M,517,495,0,0,0,495,A
7-M,518,0,495,0,0,495,T
7-M,519,491,0,1,0,492,A
7-M,520,488,0,1,0,489,A
7-M,521,0,0,489,0,489,G
7-M,522,480,1,0,0,481,A
7-M,523,0,0,0,482,482,C
7-M,524,480,0,0,0,480,A
7-M,525,0,479,0,0,479,T
7-M,526,0,0,479,0,479,G
7-M,527,474,0,0,0,474,A
7-M,528,0,1,478,0,479,G
7-M,529,480,1,0,0,481,A
7-M,530,478,0,0,0,478,A
7-M,531,0,0,0,477,477,C
7-M,532,463,0,0,0,463,A
7-M,533,1,0,466,0,467,G
7-M,534,460,0,0,0,460,A
7-M,535,462,0,0,0,462,A
7-M,536,0,465,0,0,465,T
7-M,537,0,0,460,0,460,G
7-M,538,0,0,458,0,458,G
7-M,539,0,456,0,0,456,T
7-M,540,0,444,0,0,444,T
7-M,541,0,454,0,0,454,T
7-M,542,0,456,0,0,456,T
7-M,543,0,0,460,0,460,G
7-M,544,0,0,459,0,459,G
7-M,545,0,0,0,453,453,C
7-M,546,0,0,0,455,455,C
7-M,547,450,0,1,0,451,A
7-M,548,0,0,467,0,467,G
7-M,549,0,0,0,473,473,C
7-M,550,475,0,0,0,475,A
7-M,551,0,0,0,489,489,C
7-M,552,0,484,0,0,484,T
7-M,553,484,0,0,0,484,A
7-M,554,0,0,0,488,488,C
7-M,555,491,0,0,0,491,A
7-M,556,0,0,499,0,499,G
7-M,557,1,0,0,479,480,C
7-M,558,0,481,0,0,481,T
7-M,559,480,0,0,0,480,A
7-M,560,473,0,0,0,473,A
7-M,561,0,0,475,0,475,G
7-M,562,0,0,476,0,476,G
7-M,563,0,0,0,470,470,C
7-M,564,0,458,0,0,458,T
7-M,565,462,0,0,0,462,A
7-M,566,0,461,0,0,461,T
7-M,567,0,0,461,0,461,G
7-M,568,0,0,464,0,464,G
7-M,569,454,0,1,0,455,A
7-M,570,0,0,459,0,459,G
7-M,571,0,0,0,451,451,C
7-M,572,452,0,0,0,452,A
7-M,573,450,0,0,0,450,A
7-M,574,449,0,0,0,449,A
7-M,575,0,453,0,0,453,T
7-M,576,0,0,455,0,455,G
7-M,577,0,0,443,0,443,G
7-M,578,0,0,0,451,451,C
7-M,579,0,449,0,0,449,T
7-M,580,0,0,452,0,452,G
7-M,581,0,0,456,0,456,G
7-M,582,457,0,0,0,457,A
7-M,583,0,458,0,1,459,T
7-M,584,0,0,0,459,459,C
7-M,585,454,0,0,0,454,A
7-M,586,464,0,0,0,464,A
7-M,587,0,0,464,0,464,G
7-M,588,0,463,0,0,463,T
7-M,589,0,0,464,0,464,G
7-M,590,454,0,0,0,454,A
7-M,591,0,0,456,0,456,G
7-M,592,0,0,0,458,458,C
7-M,593,457,1,0,0,458,A
7-M,594,0,0,452,0,452,G
7-M,595,0,0,451,0,451,G
7-M,596,0,0,0,448,448,C
7-M,597,450,0,0,0,450,A
7-M,598,0,0,455,0,455,G
7-M,599,0,0,0,452,452,C
7-M,600,0,454,0,0,454,T
7-M,601,0,0,461,0,461,G
7-M,602,465,0,1,0,466,A
7-M,603,0,0,460,0,460,G
7-M,604,0,0,463,0,463,G
7-M,605,0,0,0,456,456,C
7-M,606,0,0,0,465,465,C
7-M,607,459,0,0,0,459,A
7-M,608,0,454,0,0,454,T
7-M,609,0,0,456,0,456,G
7-M,610,0,0,455,0,455,G
7-M,611,455,0,0,0,455,A
7-M,612,0,0,456,0,456,G
7-M,613,449,0,1,0,450,A
7-M,614,0,457,0,0,457,T
7-M,615,0,457,0,0,457,T
7-M,616,1,0,457,0,458,G
7-M,617,0,0,0,455,455,C
7-M,618,0,449,0,0,449,T
7-M,619,457,0,0,0,457,A
7-M,620,0,0,459,0,459,G
7-M,621,0,451,0,0,451,T
7-M,622,0,0,0,453,453,C
7-M,623,447,0,0,0,447,A
7-M,624,0,0,450,0,450,G
7-M,625,1,1,446,0,448,G
7-M,626,0,0,0,447,447,C
7-M,627,0,0,0,451,451,C
7-M,628,449,0,0,0,449,A
7-M,629,0,0,455,0,455,G
7-M,630,0,0,458,0,458,G
7-M,631,0,0,0,455,455,C
7-M,632,451,0,0,0,451,A
7-M,633,0,0,447,0,447,G
7-M,634,443,0,0,0,443,A
7-M,635,0,443,0,0,443,T
7-M,636,0,0,442,0,442,G
7-M,637,0,0,452,0,452,G
7-M,638,0,441,0,0,441,T
7-M,639,0,0,441,0,441,G
7-M,640,0,0,0,438,438,C
7-M,641,436,0,1,0,437,A
7-M,642,0,0,449,0,449,G
7-M,643,0,0,447,1,448,G
7-M,644,0,0,0,450,450,C
7-M,645,444,0,0,0,444,A
7-M,646,430,0,0,0,430,A
7-M,647,0,427,0,0,427,T
7-M,648,0,0,426,0,426,G
7-M,649,424,0,0,0,424,A
7-M,650,0,0,425,0,425,G
7-M,651,416,0,0,0,416,A
7-M,652,0,0,419,0,419,G
7-M,653,0,0,0,415,415,C
7-M,654,0,0,0,422,422,C
7-M,655,424,0,0,0,424,A
7-M,656,0,427,0,0,427,T
7-M,657,1,428,0,0,429,T
7-M,658,0,0,427,0,427,G
7-M,659,0,0,420,0,420,G
7-M,660,0,0,426,0,426,G
7-M,661,427,0,0,0,427,A
7-M,662,0,0,0,421,421,C
7-M,663,0,402,0,0,402,T
7-M,664,0,0,0,404,404,C
7-M,665,403,0,0,0,403,A
7-M,666,0,420,0,0,420,T
7-M,667,0,0,0,419,419,C
7-M,668,0,0,0,416,416,C
7-M,669,0,416,0,0,416,T
7-M,670,416,0,0,0,416,A
7-M,671,0,0,418,0,418,G
7-M,672,0,460,0,1,461,T
7-M,673,0,453,0,0,453,T
7-M,674,0,0,0,449,449,C
7-M,675,0,0,0,443,443,C
7-M,676,440,0,1,0,441,A
7-M,677,0,0,455,0,455,G
7-M,678,0,450,0,0,450,T
7-M,679,451,0,0,0,451,A
7-M,680,0,0,0,452,452,C
7-M,681,0,392,0,0,392,T
7-M,682,0,0,411,0,411,G
7-M,683,0,0,412,0,412,G
7-M,684,0,414,0,0,414,T
7-M,685,0,0,0,414,414,C
7-M,686,0,409,0,0,409,T
7-M,687,412,0,0,0,412,A
7-M,688,407,0,0,0,407,A
7-M,689,1,0,417,0,418,G
7-M,690,410,0,1,0,411,A
7-M,691,0,0,402,0,402,G
7-M,692,380,0,0,0,380,A
7-M,693,0,376,0,0,376,T
7-M,694,0,0,380,0,380,G
7-M,695,378,0,0,0,378,A
7-M,696,0,376,0,0,376,T
7-M,697,0,0,0,376,376,C
7-M,698,0,371,0,0,371,T
7-M,699,0,371,0,0,371,T
7-M,700,0,0,0,374,374,C
7-M,701,0,372,0,0,372,T
7-M,702,0,373,0,0,373,T
7-M,703,0,0,373,0,373,G
7-M,704,371,0,0,0,371,A
7-M,705,369,0,0,0,369,A
7-M,706,370,0,0,0,370,A
7-M,707,368,0,0,0,368,A
7-M,708,1,359,0,0,360,T
7-M,709,0,368,0,0,368,T
7-M,710,0,368,0,0,368,T
7-M,711,0,0,367,0,367,G
7-M,712,0,1,0,367,368,C
7-M,713,366,0,0,0,366,A
7-M,714,0,0,370,0,370,G
7-M,715,362,0,0,0,362,A
7-M,716,0,0,0,379,379,C
7-M,717,0,0,0,377,377,C
7-M,718,0,378,0,0,378,T
7-M,719,382,0,0,0,382,A
7-M,720,0,381,0,1,382,T
7-M,721,0,0,0,383,383,C
7-M,722,385,0,1,0,386,A
7-M,723,0,0,382,0,382,G
7-M,724,379,0,0,0,379,A
7-M,725,377,0,0,0,377,A
7-M,726,375,0,0,0,375,A
7-M,727,0,0,0,372,372,C
7-M,728,0,0,368,0,368,G
7-M,729,360,0,0,0,360,A
7-M,730,360,0,3,0,363,A
7-M,731,0,366,0,0,366,T
7-M,732,0,0,367,0,367,G
7-M,733,0,0,369,0,369,G
7-M,734,0,0,371,0,371,G
7-M,735,0,0,367,0,367,G
7-M,736,0,0,371,0,371,G
7-M,737,0,363,0,0,363,T
7-M,738,0,0,366,0,366,G
7-M,739,0,1,1,363,365,C
7-M,740,366,0,0,0,366,A
7-M,741,0,0,369,0,369,G
7-M,742,356,0,0,0,356,A
7-M,743,0,351,0,0,351,T
7-M,744,0,0,352,0,352,G
7-M,745,0,0,0,347,347,C
7-M,746,347,0,1,0,348,A
7-M,747,349,0,0,0,349,A
7-M,748,0,0,0,352,352,C
7-M,749,0,0,351,0,351,G
7-M,750,348,0,0,0,348,A
7-M,751,0,347,0,0,347,T
7-M,752,0,348,0,0,348,T
7-M,753,0,1,0,345,346,C
7-M,754,348,0,0,0,348,A
7-M,755,345,0,0,0,345,A
7-M,756,0,0,348,0,348,G
7-M,757,0,339,0,0,339,T
7-M,758,0,0,338,0,338,G
7-M,759,334,0,0,0,334,A
7-M,760,0,0,0,333,333,C
7-M,761,0,0,0,330,330,C
7-M,762,0,0,0,335,335,C
7-M,763,0,0,336,0,336,G
7-M,764,0,0,0,337,337,C
7-M,765,0,339,0,0,339,T
7-M,766,0,338,0,0,338,T
7-M,767,0,0,343,0,343,G
7-M,768,0,341,0,0,341,T
7-M,769,0,343,0,0,343,T
7-M,770,0,0,344,0,344,G
7-M,771,0,338,0,0,338,T
7-M,772,0,338,0,0,338,T
7-M,773,0,0,335,0,335,G
7-M,774,0,0,0,326,326,C
7-M,775,0,0,0,331,331,C
7-M,776,0,0,334,0,334,G
7-M,777,0,0,0,332,332,C
7-M,778,0,0,338,0,338,G
7-M,779,336,0,0,0,336,A
7-M,780,339,0,0,0,339,A
7-M,781,0,339,1,0,340,T
7-M,782,340,0,0,0,340,A
7-M,783,0,345,0,0,345,T
7-M,784,0,0,0,350,350,C
7-M,785,350,0,0,0,350,A
7-M,786,0,351,0,1,352,T
7-M,787,0,347,0,0,347,T
7-M,788,0,0,345,0,345,G
7-M,789,0,0,348,0,348,G
7-M,790,0,0,346,0,346,G
7-M,791,348,0,0,0,348,A
7-M,792,0,350,0,0,350,T
7-M,793,0,0,0,342,342,C
7-M,794,0,338,0,1,339,T
7-M,795,0,340,0,1,341,T
7-M,796,0,0,345,0,345,G
7-M,797,0,0,0,349,349,C
7-M,798,348,0,0,0,348,A
7-M,799,0,0,0,354,354,C
7-M,800,0,346,0,0,346,T
7-M,801,0,350,0,0,350,T
7-M,802,0,0,352,0,352,G
7-M,803,354,0,0,0,354,A
7-M,804,0,356,0,0,356,T
7-M,805,348,0,0,0,348,A
7-M,806,0,348,0,0,348,T
7-M,807,0,347,0,0,347,T
7-M,808,0,0,351,0,351,G
7-M,809,1,344,0,0,345,T
7-M,810,0,0,347,0,347,G
7-M,811,0,0,351,0,351,G
7-M,812,344,0,0,0,344,A
7-M,813,0,345,0,0,345,T
7-M,814,0,346,0,0,346,T
7-M,815,0,0,0,341,341,C
7-M,816,0,344,0,1,345,T
7-M,817,0,342,0,0,342,T
7-M,818,0,0,344,0,344,G
7-M,819,340,0,0,0,340,A
7-M,820,0,340,0,0,340,T
7-M,821,0,0,0,340,340,C
7-M,822,0,0,337,0,337,G
7-M,823,0,0,0,331,331,C
7-M,824,0,1,0,332,333,C
7-M,825,0,333,0,1,334,T
7-M,826,0,334,0,0,334,T
7-M,827,0,335,0,0,335,T
7-M,828,0,337,0,0,337,T
7-M,829,0,336,0,0,336,T
7-M,830,0,338,0,0,338,T
7-M,831,0,336,0,0,336,T
7-M,832,0,0,0,338,338,C
7-M,833,336,0,0,0,336,A
7-M,834,336,0,0,0,336,A
7-M,835,336,0,0,0,336,A
7-M,836,0,334,0,0,334,T
7-M,837,0,0,333,0,333,G
7-M,838,0,1,0,331,332,C
7-M,839,0,0,332,0,332,G
7-M,840,0,332,0,0,332,T
7-M,841,0,0,0,333,333,C
7-M,842,0,329,0,0,329,T
7-M,843,334,0,0,0,334,A
7-M,844,0,327,0,0,327,T
7-M,845,0,0,0,327,327,C
7-M,846,0,0,327,0,327,G
7-M,847,325,0,0,0,325,A
7-M,848,0,0,0,327,327,C
7-M,849,0,314,0,0,314,T
7-M,850,0,0,0,321,321,C
7-M,851,0,319,0,0,319,T
7-M,852,0,320,0,0,320,T
7-M,853,0,0,0,317,317,C
7-M,854,318,0,0,0,318,A
7-M,855,320,0,0,0,320,A
7-M,856,320,0,0,0,320,A
7-M,857,0,0,0,319,319,C
7-M,858,318,0,0,0,318,A
7-M,859,0,0,0,313,313,C
7-M,860,0,0,304,0,304,G
7-M,861,0,0,306,0,306,G
7-M,862,0,0,0,298,298,C
7-M,863,0,0,0,308,308,C
7-M,864,0,310,0,0,310,T
7-M,865,0,309,0,0,309,T
7-M,866,310,0,0,0,310,A
7-M,867,308,0,0,0,308,A
7-M,868,307,0,0,0,307,A
7-M,869,0,0,251,0,251,G
7-M,870,0,0,252,0,252,G
7-M,871,0,0,251,0,251,G
7-M,872,0,0,248,0,248,G
7-M,873,0,0,254,0,254,G
7-M,874,0,0,0,245,245,C
7-M,875,0,0,0,244,244,C
7-M,876,0,0,0,250,250,C
7-M,877,0,251,0,0,251,T
7-M,878,0,256,0,0,256,T
7-M,879,0,0,0,257,257,C
7-M,880,0,253,0,0,253,T
7-M,881,256,0,0,0,256,A
7-M,882,0,0,0,253,253,C
7-M,883,0,0,244,0,244,G
7-M,884,0,0,243,0,243,G
7-M,885,237,0,0,0,237,A
7-M,886,230,0,0,0,230,A
7-M,887,0,0,226,0,226,G
7-M,888,0,0,227,0,227,G
7-M,889,222,0,0,0,222,A
7-M,890,0,0,223,0,223,G
7-M,891,0,216,0,0,216,T
7-M,892,0,0,214,0,214,G
7-M,893,0,0,0,213,213,C
7-M,894,0,0,0,214,214,C
7-M,895,0,214,0,1,215,T
7-M,896,0,0,217,0,217,G
7-M,897,212,0,1,0,213,A
7-M,898,0,0,219,0,219,G
7-M,899,0,211,0,0,211,T
7-M,900,0,0,0,213,213,C
7-M,901,0,202,0,0,202,T
7-M,902,201,0,0,0,201,A
7-M,903,0,200,0,0,200,T
7-M,904,0,0,201,0,201,G
7-M,905,189,0,0,0,189,A
7-M,906,0,0,187,0,187,G
7-M,907,0,0,165,0,165,G
7-M,908,0,0,163,0,163,G
7-M,909,164,0,0,0,164,A
7-M,910,162,0,0,0,162,A
7-M,911,0,0,162,0,162,G
7-M,912,160,0,0,0,160,A
7-M,913,158,0,0,0,158,A
7-M,914,0,152,0,0,152,T
7-M,915,151,0,0,0,151,A
7-M,916,0,151,0,0,151,T
7-M,917,0,0,0,148,148,C
7-M,918,0,0,149,0,149,G
7-M,919,149,0,0,0,149,A
7-M,920,149,0,0,0,149,A
7-M,921,149,0,0,0,149,A
7-M,922,0,0,147,0,147,G
7-M,923,0,0,148,0,148,G
7-M,924,149,0,0,0,149,A
7-M,925,147,0,0,0,147,A
7-M,926,0,0,0,146,146,C
7-M,927,140,0,0,0,140,A
7-M,928,0,0,142,0,142,G
7-M,929,0,0,0,141,141,C
7-M,930,143,0,0,0,143,A
7-M,931,0,0,143,0,143,G
7-M,932,124,0,0,0,124,A
7-M,933,124,0,0,0,124,A
7-M,934,0,122,0,0,122,T
7-M,935,0,0,118,0,118,G
7-M,936,0,0,0,117,117,C
7-M,937,0,113,0,0,113,T
7-M,938,0,0,114,0,114,G
7-M,939,0,113,0,0,113,T
7-M,940,0,0,113,0,113,G
7-M,941,0,0,113,0,113,G
7-M,942,108,0,0,0,108,A
7-M,943,0,108,0,0,108,T
7-M,944,0,0,101,0,101,G
7-M,945,0,0,0,100,100,C
7-M,946,0,99,0,0,99,T
7-M,947,0,0,99,0,99,G
7-M,948,99,0,0,0,99,A
7-M,949,0,0,0,97,97,C
7-M,950,0,0,95,0,95,G
7-M,951,92,0,0,0,92,A
7-M,952,0,0,0,91,91,C
7-M,953,91,0,0,0,91,A
7-M,954,0,0,91,0,91,G
7-M,955,0,92,0,0,92,T
7-M,956,0,0,0,92,92,C
7-M,957,92,0,0,0,92,A
7-M,958,0,88,0,0,88,T
7-M,959,0,88,0,0,88,T
7-M,960,0,88,0,0,88,T
7-M,961,0,88,0,0,88,T
7-M,962,0,0,87,0,87,G
7-M,963,0,87,0,0,87,T
7-M,964,0,0,0,87,87,C
7-M,965,83,0,0,0,83,A
7-M,966,0,0,85,0,85,G
7-M,967,0,0,0,84,84,C
7-M,968,84,0,0,0,84,A
7-M,969,0,84,0,0,84,T
7-M,970,80,0,0,0,80,A
7-M,971,0,0,81,0,81,G
7-M,972,78,0,0,0,78,A
7-M,973,0,0,79,0,79,G
7-M,974,0,76,0,0,76,T
7-M,975,0,52,0,0,52,T
7-M,976,0,0,52,0,52,G
7-M,977,0,0,53,0,53,G
7-M,978,52,0,0,0,52,A
7-M,979,0,0,51,0,51,G
7-M,980,0,29,0,0,29,T
7-M,981,29,0,0,0,29,A
7-M,982,29,0,0,0,29,A
8-NS,1,693,0,0,0,693,A
8-NS,2,0,695,0,0,695,T
8-NS,3,0,0,747,0,747,G
8-NS,4,0,0,799,0,799,G
8-NS,5,859,0,0,0,859,A
8-NS,6,0,2029,0,0,2029,T
8-NS,7,0,2036,0,1,2037,T
8-NS,8,0,0,0,2097,2097,C
8-NS,9,0,0,0,2105,2105,C
8-NS,10,2110,0,1,0,2111,A
8-NS,11,2127,0,2,1,2130,A
8-NS,12,0,0,0,2128,2128,C
8-NS,13,2130,0,0,0,2130,A
8-NS,14,0,0,0,2162,2162,C
8-NS,15,0,2164,0,0,2164,T
8-NS,16,0,0,2370,0,2370,G
8-NS,17,0,2377,0,0,2377,T
8-NS,18,0,0,2398,0,2398,G
8-NS,19,0,2406,0,1,2407,T
8-NS,20,0,0,1,2408,2409,C
8-NS,21,2409,1,0,0,2410,A
8-NS,22,2407,0,0,0,2407,A
8-NS,23,0,0,2434,0,2434,G
8-NS,24,0,2519,0,0,2519,T
8-NS,25,0,2516,0,1,2517,T
8-NS,26,0,2542,0,0,2542,T
8-NS,27,0,1,0,2536,2537,C
8-NS,28,1,0,0,2552,2553,C
8-NS,29,2551,0,0,0,2551,A
8-NS,30,1,0,2582,0,2583,G
8-NS,31,1,1,2593,0,2595,G
8-NS,32,0,2557,0,1,2558,T
8-NS,33,2614,0,0,0,2614,A
8-NS,34,0,0,2629,0,2629,G
8-NS,35,2617,0,5,0,2622,A
8-NS,36,1,2644,0,0,2645,T
8-NS,37,0,2651,0,0,2651,T
8-NS,38,0,0,2661,0,2661,G
8-NS,39,0,0,0,2659,2659,C
8-NS,40,0,2676,0,3,2679,T
8-NS,41,0,2717,0,0,2717,T
8-NS,42,0,2737,0,1,2738,T
8-NS,43,0,0,0,2780,2780,C
8-NS,44,0,2784,0,0,2784,T
8-NS,45,0,2784,0,0,2784,T
8-NS,46,0,2785,0,0,2785,T
8-NS,47,0,0,2812,0,2812,G
8-NS,48,0,0,2795,0,2795,G
8-NS,49,0,0,0,2809,2809,C
8-NS,50,2804,0,0,0,2804,A
8-NS,51,0,2819,0,0,2819,T
8-NS,52,2843,0,0,0,2843,A
8-NS,53,0,2926,0,2,2928,T
8-NS,54,0,0,0,2934,2934,C
8-NS,55,0,1,0,2925,2926,C
8-NS,56,1,0,2907,0,2908,G
8-NS,57,0,0,2916,0,2916,G
8-NS,58,2921,0,0,0,2921,A
8-NS,59,2931,0,0,0,2931,A
8-NS,60,2949,0,0,0,2949,A
8-NS,61,0,1,0,2956,2957,C
8-NS,62,2952,0,3,0,2955,A
8-NS,63,2953,0,3,0,2956,A
8-NS,64,0,0,3112,0,3112,G
8-NS,65,0,3123,0,1,3124,T
8-NS,66,0,3112,0,1,3113,T
8-NS,67,0,1,3125,0,3126,G
8-NS,68,0,3122,0,1,3123,T
8-NS,69,3121,0,2,1,3124,A
8-NS,70,2,3,3123,1,3129,G
8-NS,71,3300,0,0,0,3300,A
8-NS,72,0,1,0,3348,3349,C
8-NS,73,0,0,0,3310,3310,C
8-NS,74,3310,0,0,0,3310,A
8-NS,75,3321,0,0,0,3321,A
8-NS,76,0,0,3495,0,3495,G
8-NS,77,3485,0,0,0,3485,A
8-NS,78,3537,0,1,0,3538,A
8-NS,79,0,0,0,3549,3549,C
8-NS,80,0,3476,0,0,3476,T
8-NS,81,0,1,3517,0,3518,G
8-NS,82,3467,0,1,0,3468,A
8-NS,83,3,0,3597,0,3600,G
8-NS,84,1,3597,0,1,3599,T
8-NS,85,2,0,3562,0,3564,G
8-NS,86,3606,0,1,0,3607,A
8-NS,87,0,3600,0,1,3601,T
8-NS,88,1,0,3642,0,3643,G
8-NS,89,0,2,0,3697,3699,C
8-NS,90,0,1,0,3707,3708,C
8-NS,91,0,0,0,3724,3724,C
8-NS,92,0,0,0,3703,3703,C
8-NS,93,3713,0,0,1,3714,A
8-NS,94,0,3809,0,0,3809,T
8-NS,95,0,3866,0,0,3866,T
8-NS,96,1,0,1,3885,3887,C
8-NS,97,0,0,0,3854,3854,C
8-NS,98,0,3853,1,2,3856,T
8-NS,99,0,3844,0,0,3844,T
8-NS,100,0,0,3843,0,3843,G
8-NS,101,3782,0,0,1,3783,A
8-NS,102,0,3844,0,2,3846,T
8-NS,103,0,1,0,3835,3836,C
8-NS,104,1,0,3794,1,3796,G
8-NS,105,2,0,3819,0,3821,G
8-NS,106,0,1,0,3859,3860,C
8-NS,107,0,3837,0,3,3840,T
8-NS,108,0,3869,0,0,3869,T
8-NS,109,0,0,0,3884,3884,C
8-NS,110,1,0,3885,0,3886,G
8-NS,111,0,1,0,3883,3884,C
8-NS,112,0,1,0,3896,3897,C
8-NS,113,0,0,3907,0,3907,G
8-NS,114,3853,0,0,0,3853,A
8-NS,115,0,0,4026,0,4026,G
8-NS,116,4014,0,1,0,4015,A
8-NS,117,0,4039,0,2,4041,T
8-NS,118,0,0,0,4074,4074,C
8-NS,119,4050,0,3,1,4054,A
8-NS,120,0,0,4044,0,4044,G
8-NS,121,4022,0,5,0,4027,A
8-NS,122,1,0,4054,0,4055,G
8-NS,123,0,0,4092,0,4092,G
8-NS,124,0,4107,0,0,4107,T
8-NS,125,0,1,0,4360,4361,C
8-NS,126,0,0,0,4395,4395,C
8-NS,127,1,0,0,4443,4444,C
8-NS,128,0,4452,0,0,4452,T
8-NS,129,4455,0,0,0,4455,A
8-NS,130,4433,0,1,0,4434,A
8-NS,131,0,0,4511,0,4511,G
8-NS,132,0,0,4484,0,4484,G
8-NS,133,1,0,4476,0,4477,G
8-NS,134,0,0,4370,0,4370,G
8-NS,135,4358,1,3,0,4362,A
8-NS,136,4365,0,3,0,4368,A
8-NS,137,0,0,4388,0,4388,G
8-NS,138,4472,0,0,0,4472,A
8-NS,139,0,0,4524,0,4524,G
8-NS,140,2,1,4490,0,4493,G
8-NS,141,0,0,0,4525,4525,C
8-NS,142,4528,0,1,0,4529,A
8-NS,143,4530,0,0,0,4530,A
8-NS,144,0,4550,0,2,4552,T
8-NS,145,4574,0,0,0,4574,A
8-NS,146,0,0,0,4647,4647,C
8-NS,147,0,4571,0,6,4577,T
8-NS,148,0,0,0,4587,4587,C
8-NS,149,0,4527,0,1,4528,T
8-NS,150,0,1,0,4576,4577,C
8-NS,151,0,0,4620,1,4621,G
8-NS,152,2,0,4926,0,4928,G
8-NS,153,1,4912,0,1,4914,T
8-NS,154,0,0,0,4950,4950,C
8-NS,155,0,4922,0,0,4922,T
8-NS,156,4983,0,2,0,4985,A
8-NS,157,0,0,4970,1,4971,G
8-NS,158,4972,0,6,0,4978,A
8-NS,159,0,0,0,5112,5112,C
8-NS,160,5020,1,2,0,5023,A
8-NS,161,0,4919,0,0,4919,T
8-NS,162,0,0,0,4908,4908,C
8-NS,163,4888,0,0,0,4888,A
8-NS,164,4886,0,2,0,4888,A
8-NS,165,4839,0,0,0,4839,A
8-NS,166,3,0,4839,0,4842,G
8-NS,167,0,1,0,4875,4876,C
8-NS,168,4825,0,2,0,4827,A
8-NS,169,0,0,4827,0,4827,G
8-NS,170,0,4,0,4835,4839,C
8-NS,171,0,1,0,4858,4859,C
8-NS,172,4880,0,0,0,4880,A
8-NS,173,1,0,0,4939,4940,C
8-NS,174,1,0,0,4951,4952,C
8-NS,175,0,0,0,4960,4960,C
8-NS,176,5038,0,1,0,5039,A
8-NS,177,1,5059,0,0,5060,T
8-NS,178,1,0,5070,0,5071,G
8-NS,179,1,5057,0,4,5062,T
8-NS,180,0,5057,0,3,5060,T
8-NS,181,2,0,5048,0,5050,G
8-NS,182,2,0,5007,0,5009,G
8-NS,183,4964,0,1,0,4965,A
8-NS,184,5009,0,2,0,5011,A
8-NS,185,4917,0,1,0,4918,A
8-NS,186,2,1,4947,0,4950,G
8-NS,187,0,0,0,4951,4951,C
8-NS,188,4951,0,0,1,4952,A
8-NS,189,4930,1,4,0,4935,A
8-NS,190,4929,0,0,0,4929,A
8-NS,191,0,5007,1,1,5009,T
8-NS,192,0,5009,0,1,5010,T
8-NS,193,2,0,5079,0,5081,G
8-NS,194,1,5063,0,7,5071,T
8-NS,195,5045,0,1,0,5046,A
8-NS,196,1,0,5048,0,5049,G
8-NS,197,5053,0,0,0,5053,A
8-NS,198,5053,0,1,0,5054,A
8-NS,199,5058,0,1,0,5059,A
8-NS,200,5025,0,1,0,5026,A
8-NS,201,0,0,5044,0,5044,G
8-NS,202,5000,1,1,0,5002,A
8-NS,203,0,5014,1,0,5015,T
8-NS,204,0,5016,0,1,5017,T
8-NS,205,1,1,0,5025,5027,C
8-NS,206,1,5031,0,1,5033,T
8-NS,207,0,1,5031,0,5032,G
8-NS,208,5027,0,0,0,5027,A
8-NS,209,5033,0,0,0,5033,A
8-NS,210,5009,0,1,0,5010,A
8-NS,211,0,0,5041,0,5041,G
8-NS,212,5027,0,0,0,5027,A
8-NS,213,5035,0,2,1,5038,A
8-NS,214,1,0,5068,0,5069,G
8-NS,215,5096,1,0,0,5097,A
8-NS,216,5112,1,0,0,5113,A
8-NS,217,0,5113,1,0,5114,T
8-NS,218,0,0,0,5182,5182,C
8-NS,219,2,5178,1,2,5183,T
8-NS,220,0,0,5199,0,5199,G
8-NS,221,5196,0,0,0,5196,A
8-NS,222,0,5188,1,1,5190,T
8-NS,223,1,0,5167,0,5168,G
8-NS,224,5119,1,4,0,5124,A
8-NS,225,0,0,5106,0,5106,G
8-NS,226,0,0,5095,0,5095,G
8-NS,227,1,3,0,5086,5090,C
8-NS,228,5109,0,0,0,5109,A
8-NS,229,0,1,0,5219,5220,C
8-NS,230,0,5202,1,1,5204,T
8-NS,231,0,5235,1,2,5238,T
8-NS,232,5261,0,0,0,5261,A
8-NS,233,5270,0,2,0,5272,A
8-NS,234,5261,0,0,0,5261,A
8-NS,235,5235,0,1,0,5236,A
8-NS,236,1,5225,1,0,5227,T
8-NS,237,1,0,5229,0,5230,G
8-NS,238,5229,0,3,0,5232,A
8-NS,239,0,0,0,5238,5238,C
8-NS,240,1,0,0,5221,5222,C
8-NS,241,5229,0,1,0,5230,A
8-NS,242,1,5206,1,3,5211,T
8-NS,243,0,0,5350,0,5350,G
8-NS,244,1,0,5405,0,5406,G
8-NS,245,1,5420,1,4,5426,T
8-NS,246,0,2,0,5707,5709,C
8-NS,247,1,5653,1,10,5665,T
8-NS,248,0,0,0,5757,5757,C
8-NS,249,2,0,0,5768,5770,C
8-NS,250,5783,0,1,0,5784,A
8-NS,251,0,1,0,5836,5837,C
8-NS,252,5659,2,6,0,5667,A
8-NS,253,0,0,0,5676,5676,C
8-NS,254,1,0,0,5599,5600,C
8-NS,255,0,5314,0,7,5321,T
8-NS,256,1,0,5348,0,5349,G
8-NS,257,0,1,0,5314,5315,C
8-NS,258,0,5280,1,1,5282,T
8-NS,259,0,5328,0,0,5328,T
8-NS,260,1,2,0,5342,5345,C
8-NS,261,0,0,5360,0,5360,G
8-NS,262,0,1,1,5363,5365,C
8-NS,263,1,1,5374,0,5376,G
8-NS,264,5591,0,4,0,5595,A
8-NS,265,0,5590,1,1,5592,T
8-NS,266,5731,1,2,0,5734,A
8-NS,267,0,1,0,5764,5765,C
8-NS,268,5741,0,0,0,5741,A
8-NS,269,0,5886,0,0,5886,T
8-NS,270,5846,0,2,0,5848,A
8-NS,271,5869,0,3,0,5872,A
8-NS,272,0,0,0,5876,5876,C
8-NS,273,3,5690,1,5,5699,T
8-NS,274,0,0,5764,0,5764,G
8-NS,275,5679,2,2,0,5683,A
8-NS,276,0,0,1,5735,5736,C
8-NS,277,5713,1,3,0,5717,A
8-NS,278,1,5664,0,2,5667,T
8-NS,279,1,0,5684,0,5685,G
8-NS,280,5650,0,5,0,5655,A
8-NS,281,0,0,0,5807,5807,C
8-NS,282,0,5778,0,2,5780,T
8-NS,283,5883,0,0,0,5883,A
8-NS,284,1,5856,0,1,5858,T
8-NS,285,0,5843,0,0,5843,T
8-NS,286,0,0,5851,0,5851,G
8-NS,287,5820,2,4,1,5827,A
8-NS,288,0,0,5813,0,5813,G
8-NS,289,0,0,5821,0,5821,G
8-NS,290,5661,2,0,0,5663,A
8-NS,291,5690,0,0,0,5690,A
8-NS,292,0,5590,0,1,5591,T
8-NS,293,1,5603,0,1,5605,T
8-NS,294,0,0,5690,0,5690,G
8-NS,295,0,5674,0,6,5680,T
8-NS,296,0,2,0,5705,5707,C
8-NS,297,5705,0,1,2,5708,A
8-NS,298,5705,0,1,0,5706,A
8-NS,299,0,1,5700,0,5701,G
8-NS,300,5733,0,1,0,5734,A
8-NS,301,5729,0,0,0,5729,A
8-NS,302,5709,0,1,0,5710,A
8-NS,303,0,0,0,5732,5732,C
8-NS,304,0,5657,0,1,5658,T
8-NS,305,0,0,5731,0,5731,G
8-NS,306,0,0,5814,0,5814,G
8-NS,307,0,5804,0,1,5805,T
8-NS,308,0,5783,0,3,5786,T
8-NS,309,1,0,2,5778,5781,C
8-NS,310,5810,0,0,0,5810,A
8-NS,311,0,5875,0,4,5879,T
8-NS,312,0,6,5896,0,5902,G
8-NS,313,0,1,0,5936,5937,C
8-NS,314,0,5908,0,0,5908,T
8-NS,315,5821,0,7,0,5828,A
8-NS,316,6145,0,0,0,6145,A
8-NS,317,1,6174,0,0,6175,T
8-NS,318,1,0,6186,0,6187,G
8-NS,319,0,3,0,6151,6154,C
8-NS,320,0,0,0,6083,6083,C
8-NS,321,2,1,0,6088,6091,C
8-NS,322,6081,1,0,0,6082,A
8-NS,323,6131,1,0,0,6132,A
8-NS,324,1,2,6154,0,6157,G
8-NS,325,0,4,0,6159,6163,C
8-NS,326,6133,0,2,0,6135,A
8-NS,327,1,0,6165,0,6166,G
8-NS,328,6149,0,1,0,6150,A
8-NS,329,6176,2,0,1,6179,A
8-NS,330,6161,0,1,0,6162,A
8-NS,331,1,0,6264,1,6266,G
8-NS,332,1,6179,0,0,6180,T
8-NS,333,0,0,6197,1,6198,G
8-NS,334,0,0,6196,0,6196,G
8-NS,335,6199,0,3,0,6202,A
8-NS,336,6162,0,9,0,6171,A
8-NS,337,2,0,6160,0,6162,G
8-NS,338,0,0,6165,0,6165,G
8-NS,339,6145,0,2,0,6147,A
8-NS,340,0,1,0,6120,6121,C
8-NS,341,0,1,0,6114,6115,C
8-NS,342,0,6125,0,2,6127,T
8-NS,343,1,1,0,6208,6210,C
8-NS,344,0,6217,1,1,6219,T
8-NS,345,0,6254,0,0,6254,T
8-NS,346,0,6243,0,0,6243,T
8-NS,347,2,0,6211,0,6213,G
8-NS,348,0,1,0,6258,6259,C
8-NS,349,6225,0,2,0,6227,A
8-NS,350,1,6212,0,6,6219,T
8-NS,351,1,1,0,6229,6231,C
8-NS,352,6299,1,0,0,6300,A
8-NS,353,0,0,6499,0,6499,G
8-NS,354,6469,0,0,0,6469,A
8-NS,355,6475,0,2,0,6477,A
8-NS,356,0,6452,0,0,6452,T
8-NS,357,0,0,6411,0,6411,G
8-NS,358,2,1,6481,0,6484,G
8-NS,359,6478,0,5,0,6483,A
8-NS,360,0,0,0,6481,6481,C
8-NS,361,1,0,1,6371,6373,C
8-NS,362,6299,0,1,0,6300,A
8-NS,363,1,0,6345,0,6346,G
8-NS,364,1,0,6343,0,6344,G
8-NS,365,0,0,1,6363,6364,C
8-NS,366,6339,1,1,0,6341,A
8-NS,367,6361,0,1,0,6362,A
8-NS,368,0,6337,0,2,6339,T
8-NS,369,0,2,0,6355,6357,C
8-NS,370,6361,0,2,0,6363,A
8-NS,371,1,6326,0,0,6327,T
8-NS,372,2,1,6248,0,6251,G
8-NS,373,0,0,6268,0,6268,G
8-NS,374,6225,2,3,0,6230,A
8-NS,375,0,0,6277,0,6277,G
8-NS,376,6199,0,0,0,6199,A
8-NS,377,6211,0,1,0,6212,A
8-NS,378,6224,0,0,0,6224,A
8-NS,379,6211,0,3,0,6214,A
8-NS,380,6232,0,1,2,6235,A
8-NS,381,1,1,1,6253,6256,C
8-NS,382,6236,1,1,0,6238,A
8-NS,383,0,6188,0,2,6190,T
8-NS,384,0,1,0,6199,6200,C
8-NS,385,6191,1,2,0,6194,A
8-NS,386,1,6209,0,1,6211,T
8-NS,387,1,0,6223,0,6224,G
8-NS,388,0,6201,0,15,6216,T
8-NS,389,1,6194,1,2,6198,T
8-NS,390,0,0,6190,1,6191,G
8-NS,391,6169,0,1,0,6170,A
8-NS,392,6169,0,1,0,6170,A
8-NS,393,6167,0,0,4,6171,A
8-NS,394,1,0,6176,0,6177,G
8-NS,395,1,2,0,6120,6123,C
8-NS,396,0,2,6145,0,6147,G
8-NS,397,6147,0,2,0,6149,A
8-NS,398,6147,1,0,0,6148,A
8-NS,399,0,6114,0,0,6114,T
8-NS,400,0,6128,0,7,6135,T
8-NS,401,0,6122,0,0,6122,T
8-NS,402,0,0,0,6153,6153,C
8-NS,403,6111,0,5,1,6117,A
8-NS,404,1,0,6139,0,6140,G
8-NS,405,0,6117,0,1,6118,T
8-NS,406,0,1,6128,0,6129,G
8-NS,407,0,6100,0,2,6102,T
8-NS,408,1,0,6131,0,6132,G
8-NS,409,6152,0,0,0,6152,A
8-NS,410,0,6129,0,4,6133,T
8-NS,411,0,6142,0,1,6143,T
8-NS,412,0,6124,0,0,6124,T
8-NS,413,0,6110,0,0,6110,T
8-NS,414,0,6129,1,1,6131,T
8-NS,415,0,1,6114,0,6115,G
8-NS,416,6104,1,2,1,6108,A
8-NS,417,0,3,0,6091,6094,C
8-NS,418,1,0,0,6039,6040,C
8-NS,419,0,0,6109,0,6109,G
8-NS,420,6510,0,4,1,6515,A
8-NS,421,1,0,0,6644,6645,C
8-NS,422,0,6637,0,2,6639,T
8-NS,423,6682,2,2,1,6687,A
8-NS,424,1,0,6681,0,6682,G
8-NS,425,6675,0,4,0,6679,A
8-NS,426,0,1,6714,1,6716,G
8-NS,427,6664,0,4,0,6668,A
8-NS,428,0,1,1,6806,6808,C
8-NS,429,0,2,1,6438,6441,C
8-NS,430,6243,2,3,0,6248,A
8-NS,431,1,6549,0,1,6551,T
8-NS,432,6482,1,1,1,6485,A
8-NS,433,1,1,6914,0,6916,G
8-NS,434,0,6861,0,2,6863,T
8-NS,435,6851,0,0,0,6851,A
8-NS,436,1,6857,0,1,6859,T
8-NS,437,0,6694,0,2,6696,T
8-NS,438,6876,1,0,0,6877,A
8-NS,439,0,1,0,6885,6886,C
8-NS,440,0,6650,0,0,6650,T
8-NS,441,6619,1,2,1,6623,A
8-NS,442,6070,0,1,1,6072,A
8-NS,443,0,0,6095,1,6096,G
8-NS,444,0,2,6052,0,6054,G
8-NS,445,1,0,6064,0,6065,G
8-NS,446,0,1,0,5996,5997,C
8-NS,447,1,5958,0,9,5968,T
8-NS,448,0,5957,0,2,5959,T
8-NS,449,1,6056,0,0,6057,T
8-NS,450,1,1,0,6087,6089,C
8-NS,451,6159,0,2,0,6161,A
8-NS,452,0,1,0,6196,6197,C
8-NS,453,0,1,1,6124,6126,C
8-NS,454,1,0,6133,0,6134,G
8-NS,455,6089,0,0,0,6089,A
8-NS,456,6103,1,2,0,6106,A
8-NS,457,0,0,6158,0,6158,G
8-NS,458,6045,0,1,0,6046,A
8-NS,459,0,0,6079,0,6079,G
8-NS,460,0,1,5967,0,5968,G
8-NS,461,0,0,5997,0,5997,G
8-NS,462,5973,0,4,0,5977,A
8-NS,463,1,0,5991,0,5992,G
8-NS,464,0,1,0,5994,5995,C
8-NS,465,5994,0,0,0,5994,A
8-NS,466,5985,1,0,0,5986,A
8-NS,467,0,5998,0,0,5998,T
8-NS,468,0,5988,0,1,5989,T
8-NS,469,0,0,5983,1,5984,G
8-NS,470,0,5897,0,2,5899,T
8-NS,471,0,5906,0,1,5907,T
8-NS,472,1,0,5929,0,5930,G
8-NS,473,1,0,5890,0,5891,G
8-NS,474,1,3,0,5899,5903,C
8-NS,475,0,0,5925,0,5925,G
8-NS,476,5913,0,1,0,5914,A
8-NS,477,5945,1,0,0,5946,A
8-NS,478,5947,0,1,0,5948,A
8-NS,479,0,5972,0,1,5973,T
8-NS,480,0,2,0,5974,5976,C
8-NS,481,1,5948,0,2,5951,T
8-NS,482,1,1,0,5950,5952,C
8-NS,483,5971,0,2,0,5973,A
8-NS,484,1,1,0,5975,5977,C
8-NS,485,0,1,1,5990,5992,C
8-NS,486,5939,1,1,0,5941,A
8-NS,487,0,5920,0,2,5922,T
8-NS,488,0,5873,0,1,5874,T
8-NS,489,0,0,5881,0,5881,G
8-NS,490,0,1,0,5831,5832,C
8-NS,491,0,0,0,5839,5839,C
8-NS,492,0,5853,0,6,5859,T
8-NS,493,0,5852,0,1,5853,T
8-NS,494,0,0,0,5879,5879,C
8-NS,495,0,5861,0,0,5861,T
8-NS,496,0,5882,0,0,5882,T
8-NS,497,0,5986,0,1,5987,T
8-NS,498,0,5950,0,1,5951,T
8-NS,499,0,2,0,5983,5985,C
8-NS,500,0,0,0,5983,5983,C
8-NS,501,5964,2,3,0,5969,A
8-NS,502,0,1,6020,0,6021,G
8-NS,503,0,0,5992,0,5992,G
8-NS,504,6090,0,0,0,6090,A
8-NS,505,0,0,0,6098,6098,C
8-NS,506,6063,1,1,1,6066,A
8-NS,507,2,6083,0,2,6087,T
8-NS,508,6080,2,3,1,6086,A
8-NS,509,0,2,0,6388,6390,C
8-NS,510,0,6379,0,1,6380,T
8-NS,511,6358,0,1,0,6359,A
8-NS,512,0,6302,0,0,6302,T
8-NS,513,1,6127,0,1,6129,T
8-NS,514,1,0,6142,1,6144,G
8-NS,515,5921,0,1,2,5924,A
8-NS,516,1,0,5923,0,5924,G
8-NS,517,3,1,5897,0,5901,G
8-NS,518,5457,1,1,0,5459,A
8-NS,519,0,5495,0,0,5495,T
8-NS,520,1,0,5495,0,5496,G
8-NS,521,1,5440,0,6,5447,T
8-NS,522,0,3,0,5480,5483,C
8-NS,523,5500,0,0,0,5500,A
8-NS,524,5493,0,0,0,5493,A
8-NS,525,5470,0,0,0,5470,A
8-NS,526,5455,1,0,0,5456,A
8-NS,527,5479,0,1,0,5480,A
8-NS,528,0,5480,0,0,5480,T
8-NS,529,0,0,5480,0,5480,G
8-NS,530,0,0,0,5513,5513,C
8-NS,531,5515,0,2,0,5517,A
8-NS,532,5550,1,0,0,5551,A
8-NS,533,0,5560,0,0,5560,T
8-NS,534,1,5571,1,0,5573,T
8-NS,535,0,0,5566,0,5566,G
8-NS,536,0,1,5509,0,5510,G
8-NS,537,1,0,5508,0,5509,G
8-NS,538,1,0,5550,0,5551,G
8-NS,539,0,5473,0,7,5480,T
8-NS,540,2,0,0,5519,5521,C
8-NS,541,1,0,0,5523,5524,C
8-NS,542,0,5524,0,6,5530,T
8-NS,543,0,0,1,5565,5566,C
8-NS,544,5582,0,0,0,5582,A
8-NS,545,1,5560,0,0,5561,T
8-NS,546,0,0,0,5596,5596,C
8-NS,547,1,0,5545,0,5546,G
8-NS,548,2,0,5524,0,5526,G
8-NS,549,5431,0,0,0,5431,A
8-NS,550,2,0,5452,0,5454,G
8-NS,551,1,0,5443,0,5444,G
8-NS,552,5365,0,2,0,5367,A
8-NS,553,1,0,0,5424,5425,C
8-NS,554,0,5408,1,1,5410,T
8-NS,555,2,5421,0,0,5423,T
8-NS,556,0,0,5452,0,5452,G
8-NS,557,5416,1,1,0,5418,A
8-NS,558,5412,0,3,0,5415,A
8-NS,559,0,5418,0,1,5419,T
8-NS,560,1,0,5289,0,5290,G
8-NS,561,0,0,5364,1,5365,G
8-NS,562,5281,0,1,0,5282,A
8-NS,563,5330,0,2,0,5332,A
8-NS,564,0,5541,0,2,5543,T
8-NS,565,0,0,5577,0,5577,G
8-NS,566,5594,1,1,0,5596,A
8-NS,567,0,5598,1,0,5599,T
8-NS,568,5590,0,0,0,5590,A
8-NS,569,5625,0,1,0,5626,A
8-NS,570,0,0,0,5561,5561,C
8-NS,571,5461,2,0,0,5463,A
8-NS,572,0,0,0,5479,5479,C
8-NS,573,5009,0,1,0,5010,A
8-NS,574,0,0,5070,0,5070,G
8-NS,575,0,5038,1,5,5044,T
8-NS,576,0,5000,1,1,5002,T
8-NS,577,0,1,0,5036,5037,C
8-NS,578,0,0,5010,0,5010,G
8-NS,579,4972,1,2,0,4975,A
8-NS,580,1,0,5002,0,5003,G
8-NS,581,0,4931,1,3,4935,T
8-NS,582,1,0,1,4963,4965,C
8-NS,583,0,4869,1,2,4872,T
8-NS,584,1,0,0,4883,4884,C
8-NS,585,0,4928,1,0,4929,T
8-NS,586,4934,0,0,0,4934,A
8-NS,587,4927,0,3,0,4930,A
8-NS,588,4918,0,0,0,4918,A
8-NS,589,4975,1,0,0,4976,A
8-NS,590,4972,1,1,0,4974,A
8-NS,591,0,4947,1,0,4948,T
8-NS,592,0,0,0,4985,4985,C
8-NS,593,0,4943,1,1,4945,T
8-NS,594,4974,1,1,0,4976,A
8-NS,595,0,3,0,4976,4979,C
8-NS,596,4961,0,0,0,4961,A
8-NS,597,0,0,4966,0,4966,G
8-NS,598,4868,0,0,0,4868,A
8-NS,599,1,0,4884,0,4885,G
8-NS,600,4891,0,0,0,4891,A
8-NS,601,1,4820,1,0,4822,T
8-NS,602,0,4807,1,4,4812,T
8-NS,603,1,0,0,4827,4828,C
8-NS,604,0,0,4832,0,4832,G
8-NS,605,0,0,0,4837,4837,C
8-NS,606,0,4823,1,1,4825,T
8-NS,607,0,4831,1,2,4834,T
8-NS,608,0,0,4822,0,4822,G
8-NS,609,0,0,4854,0,4854,G
8-NS,610,4856,0,2,0,4858,A
8-NS,611,0,0,4857,0,4857,G
8-NS,612,4826,0,1,0,4827,A
8-NS,613,4772,0,3,0,4775,A
8-NS,614,0,0,4836,0,4836,G
8-NS,615,0,0,0,4846,4846,C
8-NS,616,4850,0,2,0,4852,A
8-NS,617,0,0,4938,0,4938,G
8-NS,618,0,4876,1,0,4877,T
8-NS,619,4923,0,0,0,4923,A
8-NS,620,4917,0,3,1,4921,A
8-NS,621,1,4897,0,0,4898,T
8-NS,622,0,0,4913,0,4913,G
8-NS,623,4739,0,2,0,4741,A
8-NS,624,0,0,4810,0,4810,G
8-NS,625,4778,0,0,0,4778,A
8-NS,626,4606,2,0,0,4608,A
8-NS,627,0,4614,0,0,4614,T
8-NS,628,0,0,4541,0,4541,G
8-NS,629,1,2,4538,0,4541,G
8-NS,630,1,0,4529,0,4530,G
8-NS,631,2,0,4505,0,4507,G
8-NS,632,1,0,4540,0,4541,G
8-NS,633,4425,0,1,0,4426,A
8-NS,634,1,1,0,4475,4477,C
8-NS,635,0,0,0,4475,4475,C
8-NS,636,1,4206,0,4,4211,T
8-NS,637,0,0,0,4238,4238,C
8-NS,638,0,0,1,4241,4242,C
8-NS,639,4251,0,0,0,4251,A
8-NS,640,0,0,0,4260,4260,C
8-NS,641,0,4150,0,3,4153,T
8-NS,642,0,4112,0,1,4113,T
8-NS,643,3991,2,0,0,3993,A
8-NS,644,0,0,0,4024,4024,C
8-NS,645,0,3971,0,3,3974,T
8-NS,646,1,1,1,3952,3955,C
8-NS,647,0,2,1,3949,3952,C
8-NS,648,3940,1,2,0,3943,A
8-NS,649,3941,0,0,0,3941,A
8-NS,650,3948,0,0,0,3948,A
8-NS,651,3938,0,0,0,3938,A
8-NS,652,0,1,0,3939,3940,C
8-NS,653,3847,0,0,0,3847,A
8-NS,654,0,0,3848,0,3848,G
8-NS,655,3831,0,3,0,3834,A
8-NS,656,3831,0,0,0,3831,A
8-NS,657,3827,0,0,0,3827,A
8-NS,658,0,0,0,3816,3816,C
8-NS,659,0,1,3822,0,3823,G
8-NS,660,0,0,3819,0,3819,G
8-NS,661,0,0,3820,0,3820,G
8-NS,662,3823,1,0,0,3824,A
8-NS,663,3810,0,0,0,3810,A
8-NS,664,3795,0,1,0,3796,A
8-NS,665,0,3783,0,0,3783,T
8-NS,666,1,1,3819,0,3821,G
8-NS,667,1,0,3792,0,3793,G
8-NS,668,0,1,1,3778,3780,C
8-NS,669,1,0,3797,0,3798,G
8-NS,670,3789,0,0,0,3789,A
8-NS,671,0,1,3814,0,3815,G
8-NS,672,3811,0,0,0,3811,A
8-NS,673,3808,0,2,0,3810,A
8-NS,674,1,2,0,3810,3813,C
8-NS,675,3772,0,1,0,3773,A
8-NS,676,0,0,3754,0,3754,G
8-NS,677,0,2,0,3723,3725,C
8-NS,678,0,3748,0,0,3748,T
8-NS,679,3738,0,1,0,3739,A
8-NS,680,1,0,3684,0,3685,G
8-NS,681,0,0,3694,0,3694,G
8-NS,682,0,3665,0,6,3671,T
8-NS,683,0,0,0,3612,3612,C
8-NS,684,3625,0,1,0,3626,A
8-NS,685,3621,0,0,0,3621,A
8-NS,686,3620,0,0,0,3620,A
8-NS,687,3639,0,0,0,3639,A
8-NS,688,0,0,3624,0,3624,G
8-NS,689,1,3552,1,0,3554,T
8-NS,690,0,3538,0,0,3538,T
8-NS,691,0,3555,0,1,3556,T
8-NS,692,0,0,3561,1,3562,G
8-NS,693,3565,0,3,0,3568,A
8-NS,694,3569,0,0,0,3569,A
8-NS,695,0,0,3586,0,3586,G
8-NS,696,3528,0,1,0,3529,A
8-NS,697,2,0,3534,0,3536,G
8-NS,698,3536,0,0,0,3536,A
8-NS,699,0,3535,0,1,3536,T
8-NS,700,3556,0,0,0,3556,A
8-NS,701,3530,0,0,0,3530,A
8-NS,702,0,0,3526,0,3526,G
8-NS,703,3271,0,2,0,3273,A
8-NS,704,0,3258,0,0,3258,T
8-NS,705,1,0,3279,0,3280,G
8-NS,706,3,0,3278,0,3281,G
8-NS,707,0,0,0,3245,3245,C
8-NS,708,0,3274,1,1,3276,T
8-NS,709,3293,0,0,0,3293,A
8-NS,710,3282,0,0,1,3283,A
8-NS,711,0,3297,0,0,3297,T
8-NS,712,0,3291,0,0,3291,T
8-NS,713,0,0,3312,0,3312,G
8-NS,714,3265,0,1,0,3266,A
8-NS,715,3257,0,1,0,3258,A
8-NS,716,0,1,3258,0,3259,G
8-NS,717,3248,0,0,0,3248,A
8-NS,718,3209,0,0,0,3209,A
8-NS,719,0,0,3262,0,3262,G
8-NS,720,0,3181,0,2,3183,T
8-NS,721,0,1,3183,0,3184,G
8-NS,722,3160,0,7,1,3168,A
8-NS,723,0,1,3157,0,3158,G
8-NS,724,3149,0,19,0,3168,A
8-NS,725,0,0,0,3140,3140,C
8-NS,726,3095,0,2,0,3097,A
8-NS,727,0,0,0,3100,3100,C
8-NS,728,2818,7,1,0,2826,A
8-NS,729,1,0,2877,0,2878,G
8-NS,730,2869,0,1,0,2870,A
8-NS,731,0,2818,0,1,2819,T
8-NS,732,0,2821,0,0,2821,T
8-NS,733,2830,0,0,0,2830,A
8-NS,734,2817,0,1,0,2818,A
8-NS,735,2822,0,2,0,2824,A
8-NS,736,2813,0,0,0,2813,A
8-NS,737,2810,0,0,0,2810,A
8-NS,738,0,0,0,2702,2702,C
8-NS,739,2584,0,0,0,2584,A
8-NS,740,2592,0,0,0,2592,A
8-NS,741,0,0,0,2592,2592,C
8-NS,742,0,2569,0,1,2570,T
8-NS,743,0,0,2592,0,2592,G
8-NS,744,2583,1,0,1,2585,A
8-NS,745,2595,0,0,0,2595,A
8-NS,746,2593,0,0,0,2593,A
8-NS,747,2558,0,0,0,2558,A
8-NS,748,1,2541,0,1,2543,T
8-NS,749,2525,0,0,1,2526,A
8-NS,750,0,0,2507,0,2507,G
8-NS,751,0,0,0,2515,2515,C
8-NS,752,0,2458,0,1,2459,T
8-NS,753,1,2465,0,1,2467,T
8-NS,754,1,2450,0,0,2451,T
8-NS,755,0,0,2461,0,2461,G
8-NS,756,2450,0,0,0,2450,A
8-NS,757,2458,1,3,0,2462,A
8-NS,758,0,0,0,2468,2468,C
8-NS,759,2408,0,0,0,2408,A
8-NS,760,2412,0,0,0,2412,A
8-NS,761,2412,0,0,0,2412,A
8-NS,762,1,2401,1,0,2403,T
8-NS,763,2408,0,0,0,2408,A
8-NS,764,2374,0,0,0,2374,A
8-NS,765,0,0,0,2377,2377,C
8-NS,766,2365,0,0,0,2365,A
8-NS,767,0,2335,0,0,2335,T
8-NS,768,0,2263,0,1,2264,T
8-NS,769,1,0,0,2243,2244,C
8-NS,770,2228,0,2,0,2230,A
8-NS,771,0,2210,0,0,2210,T
8-NS,772,0,0,2222,0,2222,G
8-NS,773,0,2,0,2168,2170,C
8-NS,774,2162,0,0,0,2162,A
8-NS,775,2155,0,2,0,2157,A
8-NS,776,0,0,2151,0,2151,G
8-NS,777,0,0,0,2164,2164,C
8-NS,778,2123,0,0,0,2123,A
8-NS,779,0,2121,0,0,2121,T
8-NS,780,0,2114,0,0,2114,T
8-NS,781,2110,0,1,0,2111,A
8-NS,782,0,0,0,2115,2115,C
8-NS,783,2107,0,0,0,2107,A
8-NS,784,2090,0,0,0,2090,A
8-NS,785,0,0,0,2042,2042,C
8-NS,786,0,1813,0,1,1814,T
8-NS,787,1575,0,0,0,1575,A
8-NS,788,0,0,0,1587,1587,C
8-NS,789,0,1578,0,0,1578,T
8-NS,790,0,0,1593,0,1593,G
8-NS,791,0,1532,0,0,1532,T
8-NS,792,1,1527,0,1,1529,T
8-NS,793,1,1531,0,0,1532,T
8-NS,794,0,0,1507,0,1507,G
8-NS,795,1507,0,1,0,1508,A
8-NS,796,1479,0,1,0,1480,A
8-NS,797,0,0,1480,0,1480,G
8-NS,798,0,1453,0,0,1453,T
8-NS,799,0,0,1375,0,1375,G
8-NS,800,0,1,1370,0,1371,G
8-NS,801,1369,0,0,0,1369,A
8-NS,802,1367,0,0,0,1367,A
8-NS,803,0,0,0,1362,1362,C
8-NS,804,1328,0,0,1,1329,A
8-NS,805,0,0,1320,0,1320,G
8-NS,806,0,0,1310,0,1310,G
8-NS,807,1292,0,1,0,1293,A
8-NS,808,0,0,1292,0,1292,G
8-NS,809,1057,0,0,0,1057,A
8-NS,810,0,1051,0,0,1051,T
8-NS,811,1047,0,2,0,1049,A
8-NS,812,1039,0,0,0,1039,A
8-NS,813,0,0,1038,0,1038,G
8-NS,814,913,0,0,0,913,A
8-NS,815,896,0,0,0,896,A
8-NS,816,0,0,0,882,882,C
8-NS,817,0,744,0,0,744,T
8-NS,818,0,731,0,1,732,T
8-NS,819,0,727,0,1,728,T
8-NS,820,0,0,0,729,729,C
8-NS,821,0,697,0,0,697,T
8-NS,822,0,0,0,692,692,C
8-NS,823,678,0,0,0,678,A
8-NS,824,0,673,0,0,673,T
8-NS,825,0,662,0,0,662,T
8-NS,826,0,661,0,0,661,T
8-NS,827,0,0,0,658,658,C
8-NS,828,620,0,0,0,620,A
8-NS,829,0,0,619,0,619,G
8-NS,830,0,0,0,615,615,C
8-NS,831,0,574,0,0,574,T
8-NS,832,0,574,0,0,574,T
8-NS,833,549,0,0,0,549,A
8-NS,834,0,548,0,0,548,T
8-NS,835,0,547,0,0,547,T
8-NS,836,0,538,0,0,538,T
8-NS,837,523,0,0,0,523,A
8-NS,838,510,0,1,0,511,A
8-NS,839,0,496,0,0,496,T
8-NS,840,0,0,491,0,491,G
8-NS,841,476,0,0,0,476,A
8-NS,842,0,420,0,0,420,T
8-NS,843,409,0,1,0,410,A
8-NS,844,412,0,0,0,412,A
8-NS,845,411,0,0,0,411,A
8-NS,846,411,0,0,0,411,A
8-NS,847,401,0,0,0,401,A
8-NS,848,402,0,0,0,402,A
8-NS,849,0,0,0,400,400,C
8-NS,850,336,0,0,0,336,A
8-NS,851,0,0,0,346,346,C
8-NS,852,0,0,0,326,326,C
8-NS,853,0,0,1,317,318,C
8-NS,854,0,292,0,0,292,T
8-NS,855,0,286,0,0,286,T
8-NS,856,0,0,284,0,284,G
8-NS,857,0,271,0,0,271,T
8-NS,858,0,264,0,0,264,T
8-NS,859,0,259,0,0,259,T
8-NS,860,0,0,0,109,109,C
8-NS,861,0,82,0,0,82,T
8-NS,862,60,0,0,0,60,A
8-NS,863,0,0,0,58,58,C
