Gene,Position,A,T,G,C,Coverage,Consensus
1-PB2,1,320,0,0,0,320,A
1-PB2,2,0,321,0,0,321,T
1-PB2,3,0,0,329,0,329,G
1-PB2,4,0,0,328,0,328,G
1-PB2,5,330,0,0,0,330,A
1-PB2,6,326,0,0,0,326,A
1-PB2,7,330,0,0,0,330,A
1-PB2,8,0,1,367,0,368,G
1-PB2,9,363,0,0,0,363,A
1-PB2,10,370,0,0,0,370,A
1-PB2,11,0,382,0,0,382,T
1-PB2,12,381,0,1,0,382,A
1-PB2,13,383,1,0,0,384,A
1-PB2,14,383,0,0,0,383,A
1-PB2,15,382,0,2,0,384,A
1-PB2,16,0,0,398,0,398,G
1-PB2,17,393,0,0,0,393,A
1-PB2,18,400,0,0,0,400,A
1-PB2,19,0,0,0,402,402,C
1-PB2,20,0,401,0,0,401,T
1-PB2,21,408,0,0,0,408,A
1-PB2,22,0,3,0,405,408,C
1-PB2,23,0,0,410,0,410,G
1-PB2,24,0,1,411,0,412,G
1-PB2,25,412,0,0,0,412,A
1-PB2,26,438,0,0,0,438,A
1-PB2,27,0,439,0,0,439,T
1-PB2,28,1,0,0,439,440,C
1-PB2,29,0,441,0,1,442,T
1-PB2,30,0,0,447,0,447,G
1-PB2,31,446,0,1,0,447,A
1-PB2,32,1,449,0,0,450,T
1-PB2,33,0,0,450,0,450,G
1-PB2,34,0,459,0,1,460,T
1-PB2,35,0,0,0,458,458,C
1-PB2,36,0,0,459,0,459,G
1-PB2,37,0,0,0,459,459,C
1-PB2,38,459,0,0,0,459,A
1-PB2,39,0,0,497,0,497,G
1-PB2,40,1,496,0,1,498,T
1-PB2,41,0,0,0,499,499,C
1-PB2,42,0,501,0,2,503,T
1-PB2,43,0,0,0,505,505,C
1-PB2,44,0,0,500,0,500,G
1-PB2,45,0,0,0,501,501,C
1-PB2,46,501,0,0,0,501,A
1-PB2,47,0,0,0,517,517,C
1-PB2,48,0,511,0,0,511,T
1-PB2,49,0,0,0,527,527,C
1-PB2,50,1,0,527,0,528,G
1-PB2,51,0,0,0,528,528,C
1-PB2,52,0,0,531,0,531,G
1-PB2,53,529,0,0,0,529,A
1-PB2,54,0,1,530,0,531,G
1-PB2,55,545,0,0,0,545,A
1-PB2,56,0,539,0,0,539,T
1-PB2,57,546,0,0,0,546,A
1-PB2,58,0,0,0,545,545,C
1-PB2,59,0,542,0,0,542,T
1-PB2,60,0,2,546,0,548,G
1-PB2,61,546,0,1,0,547,A
1-PB2,62,0,0,0,551,551,C
1-PB2,63,549,0,0,0,549,A
1-PB2,64,545,0,0,0,545,A
1-PB2,65,552,0,0,0,552,A
1-PB2,66,560,0,0,0,560,A
1-PB2,67,559,0,1,0,560,A
1-PB2,68,0,0,0,565,565,C
1-PB2,69,0,0,0,568,568,C
1-PB2,70,573,0,0,0,573,A
1-PB2,71,0,0,0,584,584,C
1-PB2,72,584,0,2,0,586,A
1-PB2,73,0,0,601,0,601,G
1-PB2,74,0,592,0,1,593,T
1-PB2,75,0,0,605,0,605,G
1-PB2,76,0,0,605,0,605,G
1-PB2,77,611,0,0,1,612,A
1-PB2,78,1,0,0,651,652,C
1-PB2,79,0,0,0,646,646,C
1-PB2,80,654,0,0,0,654,A
1-PB2,81,0,654,0,0,654,T
1-PB2,82,645,0,0,0,645,A
1-PB2,83,0,645,0,0,645,T
1-PB2,84,0,0,650,0,650,G
1-PB2,85,1,0,658,0,659,G
1-PB2,86,0,1,0,655,656,C
1-PB2,87,0,0,0,653,653,C
1-PB2,88,646,0,1,0,647,A
1-PB2,89,0,693,0,1,694,T
1-PB2,90,695,0,0,0,695,A
1-PB2,91,714,0,1,0,715,A
1-PB2,92,0,728,0,0,728,T
1-PB2,93,0,720,0,0,720,T
1-PB2,94,729,0,0,0,729,A
1-PB2,95,728,0,1,0,729,A
1-PB2,96,0,2,744,0,746,G
1-PB2,97,740,0,0,0,740,A
1-PB2,98,735,0,0,0,735,A
1-PB2,99,0,0,771,0,771,G
1-PB2,100,0,755,0,1,756,T
1-PB2,101,764,0,0,0,764,A
1-PB2,102,0,0,0,768,768,C
1-PB2,103,763,0,2,0,765,A
1-PB2,104,0,0,0,790,790,C
1-PB2,105,775,0,0,0,775,A
1-PB2,106,0,781,0,1,782,T
1-PB2,107,0,0,0,789,789,C
1-PB2,108,4,0,771,0,775,G
1-PB2,109,0,0,775,0,775,G
1-PB2,110,0,4,771,0,775,G
1-PB2,111,0,0,776,0,776,G
1-PB2,112,772,0,0,0,772,A
1-PB2,113,0,0,782,0,782,G
1-PB2,114,779,0,0,0,779,A
1-PB2,115,0,0,0,788,788,C
1-PB2,116,785,0,0,1,786,A
1-PB2,117,0,0,789,0,789,G
1-PB2,118,0,1,796,0,797,G
1-PB2,119,795,1,0,0,796,A
1-PB2,120,799,0,0,0,799,A
1-PB2,121,799,0,1,0,800,A
1-PB2,122,795,0,1,0,796,A
1-PB2,123,0,1,789,0,790,G
1-PB2,124,788,0,1,0,789,A
1-PB2,125,793,0,1,0,794,A
1-PB2,126,0,0,0,793,793,C
1-PB2,127,1,1,0,788,790,C
1-PB2,128,1,0,0,792,793,C
1-PB2,129,0,0,792,0,792,G
1-PB2,130,0,795,1,2,798,T
1-PB2,131,0,0,0,795,795,C
1-PB2,132,802,0,0,0,802,A
1-PB2,133,0,0,0,810,810,C
1-PB2,134,0,808,0,1,809,T
1-PB2,135,0,809,0,0,809,T
1-PB2,136,809,0,0,0,809,A
1-PB2,137,0,2,817,0,819,G
1-PB2,138,1,2,816,0,819,G
1-PB2,139,814,0,1,0,815,A
1-PB2,140,0,814,0,0,814,T
1-PB2,141,0,2,815,0,817,G
1-PB2,142,822,0,0,0,822,A
1-PB2,143,825,0,0,0,825,A
1-PB2,144,830,0,0,0,830,A
1-PB2,145,0,829,0,0,829,T
1-PB2,146,0,1,830,0,831,G
1-PB2,147,0,0,842,0,842,G
1-PB2,148,836,0,3,0,839,A
1-PB2,149,0,843,0,0,843,T
1-PB2,150,1,0,838,0,839,G
1-PB2,151,834,0,1,0,835,A
1-PB2,152,0,834,0,0,834,T
1-PB2,153,0,2,836,0,838,G
1-PB2,154,0,0,835,0,835,G
1-PB2,155,0,0,0,834,834,C
1-PB2,156,826,0,0,0,826,A
1-PB2,157,840,0,0,0,840,A
1-PB2,158,0,844,0,0,844,T
1-PB2,159,0,3,869,0,872,G
1-PB2,160,874,0,1,0,875,A
1-PB2,161,868,0,0,0,868,A
1-PB2,162,866,0,1,0,867,A
1-PB2,163,1,872,0,0,873,T
1-PB2,164,877,0,1,0,878,A
1-PB2,165,0,0,0,901,901,C
1-PB2,166,0,0,0,893,893,C
1-PB2,167,1,0,0,897,898,C
1-PB2,168,889,1,0,0,890,A
1-PB2,169,889,0,0,0,889,A
1-PB2,170,0,883,1,2,886,T
1-PB2,171,1,0,0,893,894,C
1-PB2,172,888,0,1,0,889,A
1-PB2,173,1,2,0,913,916,C
1-PB2,174,0,904,0,0,904,T
1-PB2,175,0,0,902,1,903,G
1-PB2,176,0,0,0,905,905,C
1-PB2,177,1,902,0,0,903,T
1-PB2,178,0,0,910,0,910,G
1-PB2,179,905,0,5,0,910,A
1-PB2,180,0,0,0,920,920,C
1-PB2,181,919,0,0,0,919,A
1-PB2,182,905,0,1,0,906,A
1-PB2,183,901,0,2,0,903,A
1-PB2,184,905,0,2,0,907,A
1-PB2,185,0,1,922,0,923,G
1-PB2,186,0,1,920,0,921,G
1-PB2,187,918,0,1,0,919,A
1-PB2,188,0,915,0,0,915,T
1-PB2,189,911,0,0,0,911,A
1-PB2,190,917,0,2,0,919,A
1-PB2,191,1,0,0,926,927,C
1-PB2,192,927,0,0,0,927,A
1-PB2,193,0,2,923,0,925,G
1-PB2,194,912,0,0,0,912,A
1-PB2,195,915,0,0,0,915,A
1-PB2,196,914,0,0,0,914,A
1-PB2,197,0,917,0,0,917,T
1-PB2,198,0,1,916,0,917,G
1-PB2,199,0,0,920,0,920,G
1-PB2,200,0,919,0,0,919,T
1-PB2,201,0,921,0,0,921,T
1-PB2,202,0,0,0,920,920,C
1-PB2,203,0,0,0,923,923,C
1-PB2,204,1,0,932,0,933,G
1-PB2,205,0,0,931,0,931,G
1-PB2,206,925,1,1,0,927,A
1-PB2,207,0,2,927,0,929,G
1-PB2,208,913,0,1,0,914,A
1-PB2,209,2,1,933,0,936,G
1-PB2,210,923,0,2,0,925,A
1-PB2,211,931,0,0,0,931,A
1-PB2,212,932,1,2,0,935,A
1-PB2,213,0,926,0,1,927,T
1-PB2,214,0,3,929,0,932,G
1-PB2,215,938,0,0,0,938,A
1-PB2,216,937,0,2,0,939,A
1-PB2,217,0,0,0,937,937,C
1-PB2,218,929,0,0,0,929,A
1-PB2,219,932,0,2,0,934,A
1-PB2,220,0,1,957,0,958,G
1-PB2,221,1,1,968,0,970,G
1-PB2,222,965,0,1,0,966,A
1-PB2,223,0,0,0,956,956,C
1-PB2,224,953,0,1,1,955,A
1-PB2,225,955,0,0,0,955,A
1-PB2,226,950,0,1,0,951,A
1-PB2,227,0,1,0,954,955,C
1-PB2,228,0,1,0,922,923,C
1-PB2,229,1,0,0,996,997,C
1-PB2,230,0,998,0,1,999,T
1-PB2,231,1003,0,0,0,1003,A
1-PB2,232,0,1003,0,1,1004,T
1-PB2,233,0,1,1013,0,1014,G
1-PB2,234,0,1,1025,0,1026,G
1-PB2,235,974,0,2,0,976,A
1-PB2,236,0,0,978,0,978,G
1-PB2,237,0,977,0,0,977,T
1-PB2,238,986,0,0,0,986,A
1-PB2,239,986,0,3,0,989,A
1-PB2,240,990,0,0,0,990,A
1-PB2,241,982,0,0,0,982,A
1-PB2,242,0,980,0,0,980,T
1-PB2,243,0,2,974,0,976,G
1-PB2,244,964,0,0,0,964,A
1-PB2,245,0,0,970,0,970,G
1-PB2,246,0,963,0,0,963,T
1-PB2,247,0,0,967,0,967,G
1-PB2,248,991,0,0,0,991,A
1-PB2,249,0,1004,0,0,1004,T
1-PB2,250,0,0,1011,0,1011,G
1-PB2,251,0,0,0,1007,1007,C
1-PB2,252,0,1005,0,2,1007,T
1-PB2,253,0,2,1039,0,1041,G
1-PB2,254,0,2,1032,0,1034,G
1-PB2,255,1050,0,0,0,1050,A
1-PB2,256,0,1045,0,0,1045,T
1-PB2,257,2,0,0,1047,1049,C
1-PB2,258,1048,0,0,0,1048,A
1-PB2,259,0,0,1082,0,1082,G
1-PB2,260,1083,0,0,0,1083,A
1-PB2,261,0,1083,0,0,1083,T
1-PB2,262,1057,0,0,0,1057,A
1-PB2,263,0,0,1088,0,1088,G
1-PB2,264,1076,0,2,0,1078,A
1-PB2,265,0,1,1096,0,1097,G
1-PB2,266,0,1079,0,0,1079,T
1-PB2,267,1,2,1077,0,1080,G
1-PB2,268,1056,0,1,1,1058,A
1-PB2,269,0,1057,0,1,1058,T
1-PB2,270,0,0,1073,0,1073,G
1-PB2,271,0,0,1098,0,1098,G
1-PB2,272,0,1088,0,2,1090,T
1-PB2,273,1085,0,0,0,1085,A
1-PB2,274,0,1067,0,4,1071,T
1-PB2,275,1,0,0,1071,1072,C
1-PB2,276,1084,0,0,0,1084,A
1-PB2,277,0,0,0,1104,1104,C
1-PB2,278,0,1,0,1103,1104,C
1-PB2,279,0,1081,0,1,1082,T
1-PB2,280,0,1078,0,0,1078,T
1-PB2,281,0,1077,0,1,1078,T
1-PB2,282,0,1,1090,0,1091,G
1-PB2,283,0,0,1093,0,1093,G
1-PB2,284,0,0,0,1104,1104,C
1-PB2,285,0,1088,0,2,1090,T
1-PB2,286,0,1,1087,0,1088,G
1-PB2,287,0,1093,0,0,1093,T
1-PB2,288,1098,0,0,0,1098,A
1-PB2,289,1105,0,2,0,1107,A
1-PB2,290,1,0,0,1104,1105,C
1-PB2,291,1095,0,1,0,1096,A
1-PB2,292,0,1092,0,0,1092,T
1-PB2,293,0,1,1080,0,1081,G
1-PB2,294,0,0,1102,0,1102,G
1-PB2,295,0,1088,0,1,1089,T
1-PB2,296,0,1,1087,0,1088,G
1-PB2,297,0,2,1105,0,1107,G
1-PB2,298,1108,0,1,0,1109,A
1-PB2,299,1112,0,1,0,1113,A
1-PB2,300,0,1110,0,0,1110,T
1-PB2,301,1110,1,0,0,1111,A
1-PB2,302,0,2,1129,0,1131,G
1-PB2,303,1120,0,0,0,1120,A
1-PB2,304,1120,0,1,0,1121,A
1-PB2,305,1120,0,0,0,1120,A
1-PB2,306,0,1090,0,1,1091,T
1-PB2,307,0,2,1084,1,1087,G
1-PB2,308,0,1,1084,0,1085,G
1-PB2,309,1091,0,1,0,1092,A
1-PB2,310,0,1,0,1093,1094,C
1-PB2,311,1,0,0,1074,1075,C
1-PB2,312,4,0,0,1075,1079,C
1-PB2,313,1,0,1084,0,1085,G
1-PB2,314,0,1092,0,1,1093,T
1-PB2,315,0,0,1109,0,1109,G
1-PB2,316,1109,0,2,0,1111,A
1-PB2,317,0,0,0,1121,1121,C
1-PB2,318,1120,0,1,0,1121,A
1-PB2,319,1112,0,2,1,1115,A
1-PB2,320,0,0,1139,0,1139,G
1-PB2,321,0,1131,0,1,1132,T
1-PB2,322,1130,0,0,0,1130,A
1-PB2,323,0,1,0,1121,1122,C
1-PB2,324,0,0,1100,0,1100,G
1-PB2,325,0,0,1134,0,1134,G
1-PB2,326,0,1129,0,0,1129,T
1-PB2,327,1,0,0,1138,1139,C
1-PB2,328,1,3,0,1130,1134,C
1-PB2,329,1127,0,0,0,1127,A
1-PB2,330,0,1126,0,1,1127,T
1-PB2,331,0,1133,0,0,1133,T
1-PB2,332,1166,0,1,0,1167,A
1-PB2,333,0,2,0,1165,1167,C
1-PB2,334,0,0,0,1155,1155,C
1-PB2,335,1,1,0,1153,1155,C
1-PB2,336,1150,0,0,0,1150,A
1-PB2,337,1161,0,0,0,1161,A
1-PB2,338,1162,0,0,0,1162,A
1-PB2,339,1149,0,2,0,1151,A
1-PB2,340,1,0,1159,0,1160,G
1-PB2,341,0,1116,0,1,1117,T
1-PB2,342,0,0,1145,0,1145,G
1-PB2,343,0,1145,0,1,1146,T
1-PB2,344,1144,0,0,0,1144,A
1-PB2,345,0,0,0,1146,1146,C
1-PB2,346,1139,0,0,0,1139,A
1-PB2,347,1141,0,1,0,1142,A
1-PB2,348,0,1,1157,0,1158,G
1-PB2,349,1138,0,0,0,1138,A
1-PB2,350,0,0,0,1143,1143,C
1-PB2,351,0,1126,0,3,1129,T
1-PB2,352,0,1143,0,0,1143,T
1-PB2,353,1144,0,2,0,1146,A
1-PB2,354,0,1146,0,0,1146,T
1-PB2,355,0,1143,0,0,1143,T
1-PB2,356,0,1133,0,0,1133,T
1-PB2,357,0,0,0,1126,1126,C
1-PB2,358,0,7,1119,0,1126,G
1-PB2,359,1115,0,1,2,1118,A
1-PB2,360,0,1,0,1122,1123,C
1-PB2,361,1122,0,0,0,1122,A
1-PB2,362,1115,0,0,0,1115,A
1-PB2,363,1116,0,0,0,1116,A
1-PB2,364,0,0,1139,0,1139,G
1-PB2,365,0,1125,0,0,1125,T
1-PB2,366,0,0,0,1137,1137,C
1-PB2,367,0,0,1142,0,1142,G
1-PB2,368,1134,0,0,0,1134,A
1-PB2,369,1132,0,2,3,1137,A
1-PB2,370,1137,0,1,0,1138,A
1-PB2,371,0,0,1170,0,1170,G
1-PB2,372,0,0,1179,0,1179,G
1-PB2,373,0,1163,0,0,1163,T
1-PB2,374,0,1168,1,0,1169,T
1-PB2,375,1168,0,0,0,1168,A
1-PB2,376,1169,0,1,0,1170,A
1-PB2,377,1173,0,0,0,1173,A
1-PB2,378,1180,0,2,0,1182,A
1-PB2,379,1,0,0,1191,1192,C
1-PB2,380,1171,0,0,0,1171,A
1-PB2,381,0,1163,0,1,1164,T
1-PB2,382,0,1,1164,0,1165,G
1-PB2,383,0,1,1161,0,1162,G
1-PB2,384,1165,0,0,0,1165,A
1-PB2,385,1165,0,3,0,1168,A
1-PB2,386,0,0,0,1194,1194,C
1-PB2,387,0,0,0,1208,1208,C
1-PB2,388,0,1201,0,0,1201,T
1-PB2,389,0,1198,0,1,1199,T
1-PB2,390,1,1206,0,0,1207,T
1-PB2,391,0,0,1197,0,1197,G
1-PB2,392,0,0,1205,0,1205,G
1-PB2,393,0,1,0,1200,1201,C
1-PB2,394,2,3,0,1190,1195,C
1-PB2,395,1,0,0,1191,1192,C
1-PB2,396,0,1160,0,0,1160,T
1-PB2,397,0,1,1172,0,1173,G
1-PB2,398,0,1170,0,1,1171,T
1-PB2,399,0,1166,0,3,1169,T
1-PB2,400,3,0,0,1168,1171,C
1-PB2,401,1159,0,0,0,1159,A
1-PB2,402,0,1159,1,0,1160,T
1-PB2,403,0,1163,0,0,1163,T
1-PB2,404,0,1170,0,0,1170,T
1-PB2,405,0,1172,0,0,1172,T
1-PB2,406,1146,0,1,0,1147,A
1-PB2,407,0,1,1143,0,1144,G
1-PB2,408,1139,0,0,0,1139,A
1-PB2,409,1141,0,0,0,1141,A
1-PB2,410,1145,0,0,0,1145,A
1-PB2,411,0,1132,0,0,1132,T
1-PB2,412,1,0,0,1140,1141,C
1-PB2,413,1147,0,1,0,1148,A
1-PB2,414,1150,0,1,0,1151,A
1-PB2,415,0,0,1155,0,1155,G
1-PB2,416,0,1150,0,3,1153,T
1-PB2,417,2,0,0,1158,1160,C
1-PB2,418,1160,0,1,0,1161,A
1-PB2,419,1163,0,3,0,1166,A
1-PB2,420,0,0,1164,0,1164,G
1-PB2,421,1163,0,1,0,1164,A
1-PB2,422,0,1160,1,0,1161,T
1-PB2,423,1180,0,2,0,1182,A
1-PB2,424,0,1,0,1185,1186,C
1-PB2,425,0,0,1179,0,1179,G
1-PB2,426,2,0,0,1197,1199,C
1-PB2,427,1189,0,0,0,1189,A
1-PB2,428,0,0,1210,0,1210,G
1-PB2,429,1197,0,0,0,1197,A
1-PB2,430,1206,0,1,0,1207,A
1-PB2,431,0,4,1228,0,1232,G
1-PB2,432,1210,0,1,0,1211,A
1-PB2,433,0,0,1220,0,1220,G
1-PB2,434,0,1204,1,0,1205,T
1-PB2,435,1199,0,1,0,1200,A
1-PB2,436,0,1,1218,0,1219,G
1-PB2,437,1220,1,2,0,1223,A
1-PB2,438,1,0,0,1277,1278,C
1-PB2,439,1264,0,1,0,1265,A
1-PB2,440,0,1239,1,0,1240,T
1-PB2,441,1240,0,3,0,1243,A
1-PB2,442,1238,0,1,0,1239,A
1-PB2,443,1240,0,2,0,1242,A
1-PB2,444,0,1,0,1257,1258,C
1-PB2,445,0,0,0,1241,1241,C
1-PB2,446,0,0,0,1237,1237,C
1-PB2,447,0,1168,1,0,1169,T
1-PB2,448,0,1,1187,0,1188,G
1-PB2,449,0,0,1204,0,1204,G
1-PB2,450,0,1205,1,1,1207,T
1-PB2,451,3,1,0,1191,1195,C
1-PB2,452,1208,0,0,0,1208,A
1-PB2,453,0,1205,1,0,1206,T
1-PB2,454,1,0,1219,0,1220,G
1-PB2,455,1,3,0,1209,1213,C
1-PB2,456,1204,0,2,0,1206,A
1-PB2,457,0,0,1217,0,1217,G
1-PB2,458,1188,0,1,0,1189,A
1-PB2,459,0,0,0,1194,1194,C
1-PB2,460,2,0,0,1187,1189,C
1-PB2,461,0,1166,1,0,1167,T
1-PB2,462,0,0,0,1168,1168,C
1-PB2,463,1161,0,1,1,1163,A
1-PB2,464,0,0,1181,0,1181,G
1-PB2,465,0,1185,1,0,1186,T
1-PB2,466,3,0,1178,0,1181,G
1-PB2,467,1,0,0,1183,1184,C
1-PB2,468,2,2,0,1160,1164,C
1-PB2,469,1165,0,0,0,1165,A
1-PB2,470,1158,0,1,0,1159,A
1-PB2,471,1155,0,1,0,1156,A
1-PB2,472,0,0,1160,0,1160,G
1-PB2,473,1116,0,1,0,1117,A
1-PB2,474,0,1,1116,0,1117,G
1-PB2,475,0,0,1117,0,1117,G
1-PB2,476,0,0,0,1114,1114,C
1-PB2,477,1115,0,0,0,1115,A
1-PB2,478,0,0,0,1118,1118,C
1-PB2,479,1118,0,0,0,1118,A
1-PB2,480,1134,0,1,0,1135,A
1-PB2,481,0,0,1140,0,1140,G
1-PB2,482,1151,0,0,0,1151,A
1-PB2,483,0,1145,0,1,1146,T
1-PB2,484,0,0,1148,0,1148,G
1-PB2,485,2,1139,0,0,1141,T
1-PB2,486,1146,0,0,0,1146,A
1-PB2,487,1141,0,0,0,1141,A
1-PB2,488,0,1143,0,0,1143,T
1-PB2,489,0,1095,0,0,1095,T
1-PB2,490,1092,0,0,0,1092,A
1-PB2,491,0,1062,0,0,1062,T
1-PB2,492,0,0,1062,0,1062,G
1-PB2,493,0,1,1060,0,1061,G
1-PB2,494,1057,0,0,0,1057,A
1-PB2,495,1050,0,0,0,1050,A
1-PB2,496,0,0,1055,0,1055,G
1-PB2,497,0,1052,0,0,1052,T
1-PB2,498,0,1056,0,0,1056,T
1-PB2,499,0,0,1066,0,1066,G
1-PB2,500,0,1057,1,1,1059,T
1-PB2,501,0,1055,0,1,1056,T
1-PB2,502,0,1058,0,0,1058,T
1-PB2,503,0,1057,0,1,1058,T
1-PB2,504,0,1064,0,0,1064,T
1-PB2,505,1,0,0,1062,1063,C
1-PB2,506,1,1,0,1063,1065,C
1-PB2,507,1,0,0,1071,1072,C
1-PB2,508,1059,0,0,0,1059,A
1-PB2,509,1066,0,0,0,1066,A
1-PB2,510,0,1067,0,0,1067,T
1-PB2,511,0,1,1072,0,1073,G
1-PB2,512,1069,1,0,0,1070,A
1-PB2,513,1065,0,0,0,1065,A
1-PB2,514,0,0,1075,0,1075,G
1-PB2,515,0,1056,0,3,1059,T
1-PB2,516,0,1,1063,0,1064,G
1-PB2,517,0,0,1046,1,1047,G
1-PB2,518,1,1,1057,0,1059,G
1-PB2,519,1055,0,4,0,1059,A
1-PB2,520,0,1,1049,0,1050,G
1-PB2,521,0,0,0,1050,1050,C
1-PB2,522,2,0,0,1058,1060,C
1-PB2,523,1053,1,0,0,1054,A
1-PB2,524,1,0,1085,0,1086,G
1-PB2,525,0,1,1087,0,1088,G
1-PB2,526,1089,0,0,0,1089,A
1-PB2,527,0,1082,0,0,1082,T
1-PB2,528,1078,0,0,0,1078,A
1-PB2,529,0,1,0,1077,1078,C
1-PB2,530,1,1075,0,0,1076,T
1-PB2,531,1070,0,1,0,1071,A
1-PB2,532,1064,0,0,0,1064,A
1-PB2,533,0,0,0,1074,1074,C
1-PB2,534,1056,0,0,0,1056,A
1-PB2,535,0,1041,0,0,1041,T
1-PB2,536,0,0,0,1047,1047,C
1-PB2,537,1041,0,0,0,1041,A
1-PB2,538,1,0,1053,0,1054,G
1-PB2,539,1048,0,0,0,1048,A
1-PB2,540,1045,0,1,0,1046,A
1-PB2,541,0,1041,0,0,1041,T
1-PB2,542,2,0,0,1021,1023,C
1-PB2,543,1022,1,0,0,1023,A
1-PB2,544,0,0,0,1038,1038,C
1-PB2,545,1041,0,0,0,1041,A
1-PB2,546,1054,0,1,0,1055,A
1-PB2,547,0,1036,0,0,1036,T
1-PB2,548,0,1040,0,0,1040,T
1-PB2,549,1038,0,0,0,1038,A
1-PB2,550,1047,0,0,0,1047,A
1-PB2,551,0,0,0,1054,1054,C
1-PB2,552,1046,0,1,0,1047,A
1-PB2,553,1034,0,0,0,1034,A
1-PB2,554,0,1044,0,0,1044,T
1-PB2,555,1037,0,1,0,1038,A
1-PB2,556,1031,0,0,0,1031,A
1-PB2,557,0,0,0,1037,1037,C
1-PB2,558,0,1033,0,0,1033,T
1-PB2,559,1029,0,0,0,1029,A
1-PB2,560,1021,0,0,0,1021,A
1-PB2,561,1025,0,1,0,1026,A
1-PB2,562,1,0,1024,0,1025,G
1-PB2,563,1015,0,0,0,1015,A
1-PB2,564,0,0,1020,1,1021,G
1-PB2,565,1015,0,1,0,1016,A
1-PB2,566,1013,0,0,0,1013,A
1-PB2,567,1021,0,0,0,1021,A
1-PB2,568,1018,0,0,0,1018,A
1-PB2,569,1014,0,7,0,1021,A
1-PB2,570,1021,0,2,0,1023,A
1-PB2,571,0,0,1019,0,1019,G
1-PB2,572,1017,0,0,0,1017,A
1-PB2,573,1012,0,0,0,1012,A
1-PB2,574,0,0,1008,0,1008,G
1-PB2,575,1009,0,0,0,1009,A
1-PB2,576,1009,0,0,0,1009,A
1-PB2,577,0,0,0,1018,1018,C
1-PB2,578,0,1003,0,3,1006,T
1-PB2,579,1,0,0,1013,1014,C
1-PB2,580,0,0,0,1015,1015,C
1-PB2,581,0,4,1014,0,1018,G
1-PB2,582,1012,0,0,0,1012,A
1-PB2,583,0,2,1013,0,1015,G
1-PB2,584,1010,0,0,0,1010,A
1-PB2,585,0,1008,0,0,1008,T
1-PB2,586,0,997,0,0,997,T
1-PB2,587,0,0,995,0,995,G
1-PB2,588,0,0,0,994,994,C
1-PB2,589,1001,0,0,0,1001,A
1-PB2,590,998,0,0,0,998,A
1-PB2,591,1003,0,0,0,1003,A
1-PB2,592,1009,0,0,1,1010,A
1-PB2,593,0,1002,0,0,1002,T
1-PB2,594,0,1000,0,1,1001,T
1-PB2,595,0,995,0,2,997,T
1-PB2,596,2,1,0,998,1001,C
1-PB2,597,0,993,0,2,995,T
1-PB2,598,0,0,0,1105,1105,C
1-PB2,599,0,1,0,1106,1107,C
1-PB2,600,1,0,0,1305,1306,C
1-PB2,601,0,1306,0,0,1306,T
1-PB2,602,0,1346,0,1,1347,T
1-PB2,603,0,1,1357,1,1359,G
1-PB2,604,1357,0,2,0,1359,A
1-PB2,605,0,1399,0,1,1400,T
1-PB2,606,1,2,1438,0,1441,G
1-PB2,607,0,1,1614,1,1616,G
1-PB2,608,1,1633,0,4,1638,T
1-PB2,609,0,1632,0,5,1637,T
1-PB2,610,0,0,1814,1,1815,G
1-PB2,611,1,1,0,1822,1824,C
1-PB2,612,1890,0,0,0,1890,A
1-PB2,613,0,1901,0,4,1905,T
1-PB2,614,1916,0,1,7,1924,A
1-PB2,615,2,1,0,2025,2028,C
1-PB2,616,2255,0,0,17,2272,A
1-PB2,617,0,2369,0,0,2369,T
1-PB2,618,1,0,2521,0,2522,G
1-PB2,619,0,2508,0,3,2511,T
1-PB2,620,0,2509,0,0,2509,T
1-PB2,621,2514,0,0,0,2514,A
1-PB2,622,0,4,2499,0,2503,G
1-PB2,623,2536,0,0,0,2536,A
1-PB2,624,0,1,2572,0,2573,G
1-PB2,625,2508,0,1,0,2509,A
1-PB2,626,0,5,2517,0,2522,G
1-PB2,627,2487,1,3,0,2491,A
1-PB2,628,1,2,2507,0,2510,G
1-PB2,629,2527,1,2,0,2530,A
1-PB2,630,2536,0,0,1,2537,A
1-PB2,631,0,2,0,2563,2565,C
1-PB2,632,1,2558,0,0,2559,T
1-PB2,633,1,2552,0,0,2553,T
1-PB2,634,1,1,2553,0,2555,G
1-PB2,635,0,2559,0,1,2560,T
1-PB2,636,2568,0,1,0,2569,A
1-PB2,637,1,1,0,2559,2561,C
1-PB2,638,0,8,2553,0,2561,G
1-PB2,639,2552,0,3,2,2557,A
1-PB2,640,2563,0,0,0,2563,A
1-PB2,641,2580,0,0,0,2580,A
1-PB2,642,2591,0,0,0,2591,A
1-PB2,643,2588,1,2,0,2591,A
1-PB2,644,0,0,0,2594,2594,C
1-PB2,645,2594,0,0,0,2594,A
1-PB2,646,2589,0,5,0,2594,A
1-PB2,647,0,4,2612,0,2616,G
1-PB2,648,2626,0,0,0,2626,A
1-PB2,649,0,2620,0,3,2623,T
1-PB2,650,1,2632,0,0,2633,T
1-PB2,651,0,2642,0,2,2644,T
1-PB2,652,3,1,0,2644,2648,C
1-PB2,653,1,2646,0,4,2651,T
1-PB2,654,2,0,0,2658,2660,C
1-PB2,655,0,0,0,2644,2644,C
1-PB2,656,0,0,0,2660,2660,C
1-PB2,657,2662,0,1,0,2663,A
1-PB2,658,1,0,2693,0,2694,G
1-PB2,659,1,2691,0,2,2694,T
1-PB2,660,0,2686,0,1,2687,T
1-PB2,661,0,1,2687,0,2688,G
1-PB2,662,0,0,0,2677,2677,C
1-PB2,663,0,2684,0,2,2686,T
1-PB2,664,2,5,2697,0,2704,G
1-PB2,665,0,0,2686,0,2686,G
1-PB2,666,1,0,0,2690,2691,C
1-PB2,667,1,4,2695,0,2700,G
1-PB2,668,0,3,2732,0,2735,G
1-PB2,669,2743,0,1,0,2744,A
1-PB2,670,2740,0,2,0,2742,A
1-PB2,671,0,3,0,2749,2752,C
1-PB2,672,2761,0,0,0,2761,A
1-PB2,673,2764,0,0,0,2764,A
1-PB2,674,0,0,2880,0,2880,G
1-PB2,675,2,0,0,2946,2948,C
1-PB2,676,2967,0,1,0,2968,A
1-PB2,677,1,0,3661,0,3662,G
1-PB2,678,0,3649,0,0,3649,T
1-PB2,679,3668,0,3,0,3671,A
1-PB2,680,1,3678,0,1,3680,T
1-PB2,681,3699,0,4,0,3703,A
1-PB2,682,0,3705,0,0,3705,T
1-PB2,683,3638,0,0,0,3638,A
1-PB2,684,0,1,0,3659,3660,C
1-PB2,685,3527,0,1,0,3528,A
1-PB2,686,0,3340,0,0,3340,T
1-PB2,687,0,3230,0,2,3232,T
1-PB2,688,1,3,3232,0,3236,G
1-PB2,689,3217,0,0,0,3217,A
1-PB2,690,3218,0,3,0,3221,A
1-PB2,691,0,0,3254,0,3254,G
1-PB2,692,0,3233,0,1,3234,T
1-PB2,693,0,3226,0,1,3227,T
1-PB2,694,0,3228,0,0,3228,T
1-PB2,695,0,3233,0,2,3235,T
1-PB2,696,3251,0,5,0,3256,A
1-PB2,697,0,0,0,3288,3288,C
1-PB2,698,3284,0,0,0,3284,A
1-PB2,699,0,3281,0,2,3283,T
1-PB2,700,0,3252,0,2,3254,T
1-PB2,701,0,3274,0,1,3275,T
1-PB2,702,0,5,3315,0,3320,G
1-PB2,703,3337,2,1,0,3340,A
1-PB2,704,1,0,0,3359,3360,C
1-PB2,705,0,3334,0,5,3339,T
1-PB2,706,3,0,0,3340,3343,C
1-PB2,707,3329,1,6,0,3336,A
1-PB2,708,2,4,3309,0,3315,G
1-PB2,709,0,3,3391,0,3394,G
1-PB2,710,2,6,3408,0,3416,G
1-PB2,711,3413,0,3,0,3416,A
1-PB2,712,3408,0,8,1,3417,A
1-PB2,713,0,1,0,3414,3415,C
1-PB2,714,1,1,3458,0,3460,G
1-PB2,715,0,3444,0,4,3448,T
1-PB2,716,1,0,3475,0,3476,G
1-PB2,717,0,3461,1,0,3462,T
1-PB2,718,0,3461,0,0,3461,T
1-PB2,719,1,2,3471,0,3474,G
1-PB2,720,0,3,3457,2,3462,G
1-PB2,721,1,4,3497,0,3502,G
1-PB2,722,3473,0,2,0,3475,A
1-PB2,723,3468,0,1,1,3470,A
1-PB2,724,0,0,0,3564,3564,C
1-PB2,725,3542,0,0,0,3542,A
1-PB2,726,3677,0,0,0,3677,A
1-PB2,727,3689,0,1,0,3690,A
1-PB2,728,0,3731,0,0,3731,T
1-PB2,729,3,1,3784,0,3788,G
1-PB2,730,0,3752,1,5,3758,T
1-PB2,731,3765,0,2,0,3767,A
1-PB2,732,4,2,0,3777,3783,C
1-PB2,733,3726,0,2,0,3728,A
1-PB2,734,1,1,0,3736,3738,C
1-PB2,735,0,3633,0,8,3641,T
1-PB2,736,4,1,0,3944,3949,C
1-PB2,737,2,1,0,3938,3941,C
1-PB2,738,4021,0,2,0,4023,A
1-PB2,739,0,1,4065,0,4066,G
1-PB2,740,0,0,4164,0,4164,G
1-PB2,741,0,4102,0,3,4105,T
1-PB2,742,0,1,4153,0,4154,G
1-PB2,743,3,3,4054,0,4060,G
1-PB2,744,3984,1,4,1,3990,A
1-PB2,745,0,2,4051,0,4053,G
1-PB2,746,1,3,4050,0,4054,G
1-PB2,747,3970,1,5,0,3976,A
1-PB2,748,0,0,4047,0,4047,G
1-PB2,749,0,3948,0,1,3949,T
1-PB2,750,0,0,4013,0,4013,G
1-PB2,751,3990,0,5,1,3996,A
1-PB2,752,1,5,4017,0,4023,G
1-PB2,753,1,4,4045,0,4050,G
1-PB2,754,4012,0,4,0,4016,A
1-PB2,755,4014,0,3,0,4017,A
1-PB2,756,0,4028,0,2,4030,T
1-PB2,757,0,2,4022,0,4024,G
1-PB2,758,4010,0,4,0,4014,A
1-PB2,759,0,1,0,4002,4003,C
1-PB2,760,1,0,4003,0,4004,G
1-PB2,761,4014,1,1,0,4016,A
1-PB2,762,0,4011,0,1,4012,T
1-PB2,763,1,0,4043,0,4044,G
1-PB2,764,0,4039,0,4,4043,T
1-PB2,765,0,4030,0,0,4030,T
1-PB2,766,1,11,4043,0,4055,G
1-PB2,767,4041,0,2,0,4043,A
1-PB2,768,0,0,0,4036,4036,C
1-PB2,769,5,0,0,4030,4035,C
1-PB2,770,4017,0,0,0,4017,A
1-PB2,771,4016,0,1,0,4017,A
1-PB2,772,4006,0,3,1,4010,A
1-PB2,773,0,0,4094,0,4094,G
1-PB2,774,1,1,0,4089,4091,C
1-PB2,775,0,0,0,4091,4091,C
1-PB2,776,1,4110,0,2,4113,T
1-PB2,777,4125,0,0,0,4125,A
1-PB2,778,4115,0,0,0,4115,A
1-PB2,779,0,4133,0,0,4133,T
1-PB2,780,0,4133,0,1,4134,T
1-PB2,781,4093,0,0,0,4093,A
1-PB2,782,1,4015,0,2,4018,T
1-PB2,783,0,3999,0,3,4002,T
1-PB2,784,0,0,3997,0,3997,G
1-PB2,785,0,4,0,3978,3982,C
1-PB2,786,0,0,3965,0,3965,G
1-PB2,787,0,1,4056,0,4057,G
1-PB2,788,1,2,0,4026,4029,C
1-PB2,789,2,0,0,4076,4078,C
1-PB2,790,4075,0,0,0,4075,A
1-PB2,791,1,4,4138,0,4143,G
1-PB2,792,0,6,4158,0,4164,G
1-PB2,793,4156,0,4,0,4160,A
1-PB2,794,4179,1,8,0,4188,A
1-PB2,795,0,0,1,4218,4219,C
1-PB2,796,4186,0,0,0,4186,A
1-PB2,797,0,4276,0,1,4277,T
1-PB2,798,4336,1,2,0,4339,A
1-PB2,799,0,0,4376,0,4376,G
1-PB2,800,0,4336,0,1,4337,T
1-PB2,801,4305,0,2,0,4307,A
1-PB2,802,4302,0,2,0,4304,A
1-PB2,803,0,3,4309,0,4312,G
1-PB2,804,4281,0,1,0,4282,A
1-PB2,805,4201,0,0,0,4201,A
1-PB2,806,0,6,4176,0,4182,G
1-PB2,807,4060,0,3,0,4063,A
1-PB2,808,0,2,4074,0,4076,G
1-PB2,809,0,1,0,4065,4066,C
1-PB2,810,0,2,0,4071,4073,C
1-PB2,811,4,0,4062,0,4066,G
1-PB2,812,2,1,0,4112,4115,C
1-PB2,813,4132,0,3,0,4135,A
1-PB2,814,0,2,4418,0,4420,G
1-PB2,815,0,4393,0,2,4395,T
1-PB2,816,4405,0,13,0,4418,A
1-PB2,817,1,4390,1,1,4393,T
1-PB2,818,8,1,0,4427,4436,C
1-PB2,819,4439,2,3,0,4444,A
1-PB2,820,1,1,4431,0,4433,G
1-PB2,821,0,3,1,4441,4445,C
1-PB2,822,4294,2,6,0,4302,A
1-PB2,823,1,1,4239,0,4241,G
1-PB2,824,4264,0,3,0,4267,A
1-PB2,825,0,4251,0,4,4255,T
1-PB2,826,0,0,0,4275,4275,C
1-PB2,827,7,0,0,4277,4284,C
1-PB2,828,4274,1,4,0,4279,A
1-PB2,829,0,2,0,4291,4293,C
1-PB2,830,0,4288,0,1,4289,T
1-PB2,831,4309,1,1,0,4311,A
1-PB2,832,0,0,4300,0,4300,G
1-PB2,833,1,2,0,4265,4268,C
1-PB2,834,4244,0,2,0,4246,A
1-PB2,835,0,4260,0,2,4262,T
1-PB2,836,0,0,0,4319,4319,C
1-PB2,837,0,4296,0,3,4299,T
1-PB2,838,1,4404,0,1,4406,T
1-PB2,839,0,4427,0,0,4427,T
1-PB2,840,4431,0,0,0,4431,A
1-PB2,841,0,4414,0,0,4414,T
1-PB2,842,0,4416,0,1,4417,T
1-PB2,843,1,0,4394,0,4395,G
1-PB2,844,0,0,4370,0,4370,G
1-PB2,845,4310,0,5,0,4315,A
1-PB2,846,1,3,4323,0,4327,G
1-PB2,847,4287,1,2,1,4291,A
1-PB2,848,0,4252,1,1,4254,T
1-PB2,849,0,0,4328,0,4328,G
1-PB2,850,1,4308,0,1,4310,T
1-PB2,851,4,2,4310,1,4317,G
1-PB2,852,2,1,0,4320,4323,C
1-PB2,853,3,1,0,4336,4340,C
1-PB2,854,4328,1,4,0,4333,A
1-PB2,855,0,0,0,4347,4347,C
1-PB2,856,4280,0,5,0,4285,A
1-PB2,857,1,4,4321,0,4326,G
1-PB2,858,1,1,1,4235,4238,C
1-PB2,859,4222,0,3,0,4225,A
1-PB2,860,0,1,0,4236,4237,C
1-PB2,861,4227,0,2,0,4229,A
1-PB2,862,0,2,0,4249,4251,C
1-PB2,863,4235,1,0,0,4236,A
1-PB2,864,4240,0,4,0,4244,A
1-PB2,865,4230,1,4,0,4235,A
1-PB2,866,0,4132,0,0,4132,T
1-PB2,867,0,4151,0,1,4152,T
1-PB2,868,2,2,4125,1,4130,G
1-PB2,869,0,2,4070,0,4072,G
1-PB2,870,0,2,0,4093,4095,C
1-PB2,871,1,4,4078,0,4083,G
1-PB2,872,0,7,4071,0,4078,G
1-PB2,873,4072,0,3,0,4075,A
1-PB2,874,4141,0,0,0,4141,A
1-PB2,875,1,0,1,4149,4151,C
1-PB2,876,4163,0,1,0,4164,A
1-PB2,877,4151,0,6,1,4158,A
1-PB2,878,1,1,4190,0,4192,G
1-PB2,879,0,2,4190,0,4192,G
1-PB2,880,4194,2,2,0,4198,A
1-PB2,881,0,4011,0,0,4011,T
1-PB2,882,2,4,4007,0,4013,G
1-PB2,883,0,1,4023,0,4024,G
1-PB2,884,0,3974,0,4,3978,T
1-PB2,885,5,3,4002,0,4010,G
1-PB2,886,0,5,3984,0,3989,G
1-PB2,887,3938,0,10,0,3948,A
1-PB2,888,0,0,0,3952,3952,C
1-PB2,889,3909,0,0,0,3909,A
1-PB2,890,0,4396,0,0,4396,T
1-PB2,891,0,4379,0,0,4379,T
1-PB2,892,4,1,0,4380,4385,C
1-PB2,893,0,4337,1,5,4343,T
1-PB2,894,0,4340,0,0,4340,T
1-PB2,895,4344,0,0,0,4344,A
1-PB2,896,0,6,4348,0,4354,G
1-PB2,897,4338,0,4,0,4342,A
1-PB2,898,0,0,0,4335,4335,C
1-PB2,899,3658,0,0,0,3658,A
1-PB2,900,1,1,3711,0,3713,G
1-PB2,901,3675,0,3,2,3680,A
1-PB2,902,3679,0,2,0,3681,A
1-PB2,903,1,1,0,3691,3693,C
1-PB2,904,4,0,0,3684,3688,C
1-PB2,905,3,1,1,3678,3683,C
1-PB2,906,0,5,3677,0,3682,G
1-PB2,907,3671,0,0,0,3671,A
1-PB2,908,0,0,0,3699,3699,C
1-PB2,909,0,3646,0,2,3648,T
1-PB2,910,1,2,3681,0,3684,G
1-PB2,911,3647,0,0,0,3647,A
1-PB2,912,3682,0,3,1,3686,A
1-PB2,913,1,6,3694,0,3701,G
1-PB2,914,3693,0,0,0,3693,A
1-PB2,915,3694,0,4,0,3698,A
1-PB2,916,1,0,0,3683,3684,C
1-PB2,917,3675,0,1,0,3676,A
1-PB2,918,3689,0,3,0,3692,A
1-PB2,919,0,0,3721,0,3721,G
1-PB2,920,0,1,0,3749,3750,C
1-PB2,921,1,3714,0,2,3717,T
1-PB2,922,1,0,3778,0,3779,G
1-PB2,923,0,3764,0,0,3764,T
1-PB2,924,0,2,3826,0,3828,G
1-PB2,925,0,3,3951,0,3954,G
1-PB2,926,3929,0,2,0,3931,A
1-PB2,927,1,3916,0,0,3917,T
1-PB2,928,3890,0,1,0,3891,A
1-PB2,929,0,3841,0,1,3842,T
1-PB2,930,3958,0,3,0,3961,A
1-PB2,931,0,3881,0,1,3882,T
1-PB2,932,1,2,3891,0,3894,G
1-PB2,933,1,0,1,3840,3842,C
1-PB2,934,3696,0,2,0,3698,A
1-PB2,935,3693,0,3,0,3696,A
1-PB2,936,2,0,3688,0,3690,G
1-PB2,937,2,0,3689,0,3691,G
1-PB2,938,0,0,0,3696,3696,C
1-PB2,939,1,3631,0,0,3632,T
1-PB2,940,2,0,3646,0,3648,G
1-PB2,941,1,0,0,3648,3649,C
1-PB2,942,3654,0,0,2,3656,A
1-PB2,943,3656,0,1,0,3657,A
1-PB2,944,1,3631,0,0,3632,T
1-PB2,945,2,4,3633,0,3639,G
1-PB2,946,0,4,3621,0,3625,G
1-PB2,947,0,4,3621,0,3625,G
1-PB2,948,3605,0,5,3,3613,A
1-PB2,949,0,3593,0,0,3593,T
1-PB2,950,0,3584,1,0,3585,T
1-PB2,951,0,5,3569,0,3574,G
1-PB2,952,3573,0,4,0,3577,A
1-PB2,953,1,2,3597,0,3600,G
1-PB2,954,3597,0,2,0,3599,A
1-PB2,955,3562,0,0,0,3562,A
1-PB2,956,1,3518,0,0,3519,T
1-PB2,957,3,0,0,3531,3534,C
1-PB2,958,3547,0,1,0,3548,A
1-PB2,959,0,0,3557,0,3557,G
1-PB2,960,0,1,0,3544,3545,C
1-PB2,961,0,3516,0,4,3520,T
1-PB2,962,6,0,0,3524,3530,C
1-PB2,963,3525,0,1,0,3526,A
1-PB2,964,0,3602,0,0,3602,T
1-PB2,965,3,2,0,3601,3606,C
1-PB2,966,0,0,0,3628,3628,C
1-PB2,967,0,3619,0,5,3624,T
1-PB2,968,0,3594,0,1,3595,T
1-PB2,969,3,1,0,3602,3606,C
1-PB2,970,3612,0,0,0,3612,A
1-PB2,971,0,0,3649,0,3649,G
1-PB2,972,0,1,0,3620,3621,C
1-PB2,973,0,3570,0,3,3573,T
1-PB2,974,0,3574,0,0,3574,T
1-PB2,975,0,3559,0,2,3561,T
1-PB2,976,0,2,3565,0,3567,G
1-PB2,977,0,1,3546,0,3547,G
1-PB2,978,1,3503,0,3,3507,T
1-PB2,979,1,3,3578,0,3582,G
1-PB2,980,0,3,3590,0,3593,G
1-PB2,981,1,1,3640,0,3642,G
1-PB2,982,0,3612,0,3,3615,T
1-PB2,983,0,3611,0,1,3612,T
1-PB2,984,0,3631,0,2,3633,T
1-PB2,985,3627,0,4,0,3631,A
1-PB2,986,0,2,0,3636,3638,C
1-PB2,987,3633,0,1,0,3634,A
1-PB2,988,0,3623,0,1,3624,T
1-PB2,989,1,3553,0,2,3556,T
1-PB2,990,1,3556,0,1,3558,T
1-PB2,991,3548,0,2,0,3550,A
1-PB2,992,3550,0,0,0,3550,A
1-PB2,993,3552,0,2,0,3554,A
1-PB2,994,3525,0,5,0,3530,A
1-PB2,995,0,3,3541,0,3544,G
1-PB2,996,3535,0,3,0,3538,A
1-PB2,997,3522,1,2,0,3525,A
1-PB2,998,1,0,0,3545,3546,C
1-PB2,999,3538,0,2,0,3540,A
1-PB2,1000,3529,0,3,0,3532,A
1-PB2,1001,0,0,3530,0,3530,G
1-PB2,1002,1,0,0,3531,3532,C
1-PB2,1003,2,6,3528,0,3536,G
1-PB2,1004,1,1,3530,1,3533,G
1-PB2,1005,0,1,3527,0,3528,G
1-PB2,1006,0,3503,1,5,3509,T
1-PB2,1007,3,1,1,3523,3528,C
1-PB2,1008,3529,0,1,0,3530,A
1-PB2,1009,0,3491,0,2,3493,T
1-PB2,1010,2,0,0,3539,3541,C
1-PB2,1011,3518,0,3,0,3521,A
1-PB2,1012,0,0,3560,0,3560,G
1-PB2,1013,0,3490,0,7,3497,T
1-PB2,1014,8,0,0,3501,3509,C
1-PB2,1015,3517,0,0,0,3517,A
1-PB2,1016,3524,1,0,0,3525,A
1-PB2,1017,3521,0,0,0,3521,A
1-PB2,1018,3517,0,1,0,3518,A
1-PB2,1019,3543,0,0,0,3543,A
1-PB2,1020,3522,0,3,1,3526,A
1-PB2,1021,1,1,3533,0,3535,G
1-PB2,1022,3509,0,1,0,3510,A
1-PB2,1023,3522,0,3,0,3525,A
1-PB2,1024,2,6,3510,0,3518,G
1-PB2,1025,3505,0,3,0,3508,A
1-PB2,1026,3419,0,8,0,3427,A
1-PB2,1027,0,3,3433,0,3436,G
1-PB2,1028,3421,0,2,0,3423,A
1-PB2,1029,0,0,3421,0,3421,G
1-PB2,1030,1,1,3488,0,3490,G
1-PB2,1031,1,3481,1,0,3483,T
1-PB2,1032,1,0,3561,0,3562,G
1-PB2,1033,1,0,0,3606,3607,C
1-PB2,1034,0,3615,0,7,3622,T
1-PB2,1035,0,3625,0,0,3625,T
1-PB2,1036,3619,0,0,0,3619,A
1-PB2,1037,0,2,0,3630,3632,C
1-PB2,1038,3604,1,2,0,3607,A
1-PB2,1039,0,6,3598,0,3604,G
1-PB2,1040,2,0,3571,0,3573,G
1-PB2,1041,1,1,0,3481,3483,C
1-PB2,1042,3471,0,0,0,3471,A
1-PB2,1043,3475,0,1,0,3476,A
1-PB2,1044,0,3520,0,2,3522,T
1-PB2,1045,2,0,0,3567,3569,C
1-PB2,1046,0,3545,1,4,3550,T
1-PB2,1047,2,0,0,3569,3571,C
1-PB2,1048,1,0,0,3555,3556,C
1-PB2,1049,3575,0,1,0,3576,A
1-PB2,1050,3571,0,1,0,3572,A
1-PB2,1051,3569,0,4,0,3573,A
1-PB2,1052,0,1,0,3585,3586,C
1-PB2,1053,3512,0,0,0,3512,A
1-PB2,1054,0,3457,0,1,3458,T
1-PB2,1055,0,3424,0,2,3426,T
1-PB2,1056,0,5,3433,0,3438,G
1-PB2,1057,3425,0,2,0,3427,A
1-PB2,1058,0,3,3384,0,3387,G
1-PB2,1059,3504,0,1,0,3505,A
1-PB2,1060,3506,1,1,0,3508,A
1-PB2,1061,1,3524,0,0,3525,T
1-PB2,1062,3541,0,0,1,3542,A
1-PB2,1063,3545,0,4,0,3549,A
1-PB2,1064,0,3,3645,0,3648,G
1-PB2,1065,3601,0,3,0,3604,A
1-PB2,1066,0,0,3677,0,3677,G
1-PB2,1067,0,3567,0,0,3567,T
1-PB2,1068,3586,0,1,0,3587,A
1-PB2,1069,0,1,0,3667,3668,C
1-PB2,1070,3645,0,0,0,3645,A
1-PB2,1071,1,3628,0,0,3629,T
1-PB2,1072,0,3,3636,1,3640,G
1-PB2,1073,3542,0,5,1,3548,A
1-PB2,1074,0,5,3557,0,3562,G
1-PB2,1075,1,2,3523,0,3526,G
1-PB2,1076,0,3,3664,0,3667,G
1-PB2,1077,1,2,3676,0,3679,G
1-PB2,1078,0,3563,0,1,3564,T
1-PB2,1079,3617,0,2,0,3619,A
1-PB2,1080,0,3604,0,1,3605,T
1-PB2,1081,0,2,3621,0,3623,G
1-PB2,1082,3594,0,5,0,3599,A
1-PB2,1083,1,3,3584,0,3588,G
1-PB2,1084,0,5,3551,0,3556,G
1-PB2,1085,3339,0,2,0,3341,A
1-PB2,1086,1,0,3406,0,3407,G
1-PB2,1087,0,3423,0,6,3429,T
1-PB2,1088,0,3514,0,5,3519,T
1-PB2,1089,6,0,0,3513,3519,C
1-PB2,1090,3530,1,5,0,3536,A
1-PB2,1091,0,1,0,3541,3542,C
1-PB2,1092,3522,1,0,0,3523,A
1-PB2,1093,3535,0,1,0,3536,A
1-PB2,1094,1,3541,0,0,3542,T
1-PB2,1095,0,3,3453,0,3456,G
1-PB2,1096,0,1,3469,0,3470,G
1-PB2,1097,0,3360,0,0,3360,T
1-PB2,1098,0,2,3405,0,3407,G
1-PB2,1099,1,2,3399,0,3402,G
1-PB2,1100,1,1,3396,0,3398,G
1-PB2,1101,0,4,3405,0,3409,G
1-PB2,1102,3391,0,0,0,3391,A
1-PB2,1103,3407,0,3,0,3410,A
1-PB2,1104,3388,1,1,0,3390,A
1-PB2,1105,3298,0,6,0,3304,A
1-PB2,1106,0,3,3326,0,3329,G
1-PB2,1107,3302,0,7,0,3309,A
1-PB2,1108,0,0,3311,0,3311,G
1-PB2,1109,0,2,0,3293,3295,C
1-PB2,1110,3289,1,1,0,3291,A
1-PB2,1111,3297,0,1,0,3298,A
1-PB2,1112,0,0,0,3391,3391,C
1-PB2,1113,3397,0,2,0,3399,A
1-PB2,1114,2,0,3454,0,3456,G
1-PB2,1115,0,0,0,3422,3422,C
1-PB2,1116,0,3413,0,5,3418,T
1-PB2,1117,3504,0,1,0,3505,A
1-PB2,1118,0,3498,0,2,3500,T
1-PB2,1119,3520,0,1,0,3521,A
1-PB2,1120,0,1,0,3523,3524,C
1-PB2,1121,0,3348,0,0,3348,T
1-PB2,1122,3363,0,0,0,3363,A
1-PB2,1123,3263,0,3,1,3267,A
1-PB2,1124,0,4,3276,0,3280,G
1-PB2,1125,3276,0,0,0,3276,A
1-PB2,1126,3165,0,0,0,3165,A
1-PB2,1127,3162,0,0,0,3162,A
1-PB2,1128,3131,0,1,0,3132,A
1-PB2,1129,0,0,3137,0,3137,G
1-PB2,1130,1,0,0,3124,3125,C
1-PB2,1131,3121,1,4,0,3126,A
1-PB2,1132,3119,1,1,0,3121,A
1-PB2,1133,0,0,0,3137,3137,C
1-PB2,1134,2,0,0,3134,3136,C
1-PB2,1135,3147,0,0,0,3147,A
1-PB2,1136,0,1,3148,0,3149,G
1-PB2,1137,3141,0,1,0,3142,A
1-PB2,1138,3150,0,3,0,3153,A
1-PB2,1139,0,4,3155,0,3159,G
1-PB2,1140,3146,0,0,0,3146,A
1-PB2,1141,0,3100,0,23,3123,T
1-PB2,1142,1,3104,0,1,3106,T
1-PB2,1143,1,2,3120,0,3123,G
1-PB2,1144,0,0,3177,0,3177,G
1-PB2,1145,0,3141,0,7,3148,T
1-PB2,1146,0,3132,0,0,3132,T
1-PB2,1147,5,1,1,3150,3157,C
1-PB2,1148,3145,0,1,0,3146,A
1-PB2,1149,3129,0,0,1,3130,A
1-PB2,1150,3,0,1,3369,3373,C
1-PB2,1151,1,3356,0,2,3359,T
1-PB2,1152,4,2,1,3383,3390,C
1-PB2,1153,3345,0,1,0,3346,A
1-PB2,1154,0,3359,0,2,3361,T
1-PB2,1155,3355,0,2,0,3357,A
1-PB2,1156,0,0,3385,0,3385,G
1-PB2,1157,1,3251,0,0,3252,T
1-PB2,1158,2,6,3298,0,3306,G
1-PB2,1159,3152,0,3,1,3156,A
1-PB2,1160,1,0,3223,0,3224,G
1-PB2,1161,1,3192,0,4,3197,T
1-PB2,1162,1,4,3196,1,3202,G
1-PB2,1163,1,3,3222,0,3226,G
1-PB2,1164,3217,0,0,1,3218,A
1-PB2,1165,3194,0,5,0,3199,A
1-PB2,1166,1,3,3211,0,3215,G
1-PB2,1167,3178,0,2,1,3181,A
1-PB2,1168,0,2,3202,0,3204,G
1-PB2,1169,3160,0,1,1,3162,A
1-PB2,1170,1,1,0,3158,3160,C
1-PB2,1171,2,7,3157,0,3166,G
1-PB2,1172,3129,0,3,0,3132,A
1-PB2,1173,3128,0,5,0,3133,A
1-PB2,1174,8,1,0,3136,3145,C
1-PB2,1175,3109,0,5,0,3114,A
1-PB2,1176,1,2,3296,0,3299,G
1-PB2,1177,0,3261,0,2,3263,T
1-PB2,1178,3,2,0,3280,3285,C
1-PB2,1179,3303,0,0,0,3303,A
1-PB2,1180,3284,1,3,0,3288,A
1-PB2,1181,0,3290,0,0,3290,T
1-PB2,1182,3282,0,1,0,3283,A
1-PB2,1183,2,0,3276,0,3278,G
1-PB2,1184,2,2,0,3261,3265,C
1-PB2,1185,0,0,0,3175,3175,C
1-PB2,1186,2,3,3160,0,3165,G
1-PB2,1187,3152,0,1,0,3153,A
1-PB2,1188,3143,0,26,0,3169,A
1-PB2,1189,2,1,3194,0,3197,G
1-PB2,1190,0,1,0,3242,3243,C
1-PB2,1191,3249,0,1,0,3250,A
1-PB2,1192,3228,0,1,1,3230,A
1-PB2,1193,0,3241,0,0,3241,T
1-PB2,1194,3258,0,1,0,3259,A
1-PB2,1195,3271,0,0,0,3271,A
1-PB2,1196,1,3247,0,0,3248,T
1-PB2,1197,2,3,0,3239,3244,C
1-PB2,1198,2,0,3226,0,3228,G
1-PB2,1199,0,3141,1,2,3144,T
1-PB2,1200,1,3,3151,0,3155,G
1-PB2,1201,0,2,3165,0,3167,G
1-PB2,1202,1,0,0,3151,3152,C
1-PB2,1203,1,4,0,3171,3176,C
1-PB2,1204,3131,0,1,1,3133,A
1-PB2,1205,0,3139,0,1,3140,T
1-PB2,1206,5,2,3147,0,3154,G
1-PB2,1207,0,1,3184,0,3185,G
1-PB2,1208,1,3091,0,3,3095,T
1-PB2,1209,0,0,3184,0,3184,G
1-PB2,1210,0,3029,3,4,3036,T
1-PB2,1211,0,3043,0,0,3043,T
1-PB2,1212,0,3066,0,5,3071,T
1-PB2,1213,0,3062,1,2,3065,T
1-PB2,1214,0,1,0,3104,3105,C
1-PB2,1215,3101,0,0,0,3101,A
1-PB2,1216,1,1,0,3266,3268,C
1-PB2,1217,3235,0,1,0,3236,A
1-PB2,1218,3260,0,0,0,3260,A
1-PB2,1219,1,2,3261,0,3264,G
1-PB2,1220,3247,0,0,0,3247,A
1-PB2,1221,3100,0,134,1,3235,A
1-PB2,1222,0,1,3298,0,3299,G
1-PB2,1223,3301,1,2,0,3304,A
1-PB2,1224,0,3305,0,1,3306,T
1-PB2,1225,0,3261,0,0,3261,T
1-PB2,1226,1,1,3274,0,3276,G
1-PB2,1227,3,1,0,3217,3221,C
1-PB2,1228,3243,0,2,0,3245,A
1-PB2,1229,0,3282,0,0,3282,T
1-PB2,1230,0,3,3425,1,3429,G
1-PB2,1231,3436,0,1,0,3437,A
1-PB2,1232,0,3462,0,1,3463,T
1-PB2,1233,3462,0,0,0,3462,A
1-PB2,1234,3465,0,2,0,3467,A
1-PB2,1235,3462,1,1,0,3464,A
1-PB2,1236,3468,0,7,1,3476,A
1-PB2,1237,0,0,3490,0,3490,G
1-PB2,1238,1,0,0,3571,3572,C
1-PB2,1239,3660,0,1,0,3661,A
1-PB2,1240,0,1,3794,0,3795,G
1-PB2,1241,0,3787,1,5,3793,T
1-PB2,1242,0,3804,0,0,3804,T
1-PB2,1243,3799,1,0,0,3800,A
1-PB2,1244,0,4,3817,0,3821,G
1-PB2,1245,3805,0,5,0,3810,A
1-PB2,1246,1,3,3802,0,3806,G
1-PB2,1247,0,0,3792,0,3792,G
1-PB2,1248,1,3602,0,6,3609,T
1-PB2,1249,2,7,3650,1,3660,G
1-PB2,1250,3677,0,4,0,3681,A
1-PB2,1251,1,1,0,3697,3699,C
1-PB2,1252,3,1,0,3700,3704,C
1-PB2,1253,0,3678,0,6,3684,T
1-PB2,1254,1,3,3702,0,3706,G
1-PB2,1255,3698,0,1,1,3700,A
1-PB2,1256,3692,0,0,0,3692,A
1-PB2,1257,0,3714,0,0,3714,T
1-PB2,1258,0,3782,0,3,3785,T
1-PB2,1259,0,3784,0,1,3785,T
1-PB2,1260,2,0,0,3791,3793,C
1-PB2,1261,2,0,3795,0,3797,G
1-PB2,1262,0,3782,0,0,3782,T
1-PB2,1263,3,0,0,3781,3784,C
1-PB2,1264,3787,0,1,0,3788,A
1-PB2,1265,3783,0,1,0,3784,A
1-PB2,1266,1,0,0,3792,3793,C
1-PB2,1267,3744,0,1,2,3747,A
1-PB2,1268,1,4,3789,0,3794,G
1-PB2,1269,3740,0,8,1,3749,A
1-PB2,1270,2,1,3783,0,3786,G
1-PB2,1271,0,0,0,3785,3785,C
1-PB2,1272,3773,0,2,1,3776,A
1-PB2,1273,3844,0,2,1,3847,A
1-PB2,1274,3834,0,2,0,3836,A
1-PB2,1275,0,3805,1,1,3807,T
1-PB2,1276,3,0,0,3822,3825,C
1-PB2,1277,3803,0,2,0,3805,A
1-PB2,1278,0,1,3800,0,3801,G
1-PB2,1279,0,2,0,3807,3809,C
1-PB2,1280,2,1,3824,0,3827,G
1-PB2,1281,0,0,4002,0,4002,G
1-PB2,1282,1,3972,0,3,3976,T
1-PB2,1283,0,3965,1,2,3968,T
1-PB2,1284,4,6,3972,0,3982,G
1-PB2,1285,3960,0,3,1,3964,A
1-PB2,1286,4008,0,1,0,4009,A
1-PB2,1287,0,7,0,4018,4025,C
1-PB2,1288,3,1,0,3999,4003,C
1-PB2,1289,5,0,0,4043,4048,C
1-PB2,1290,4,1,0,3918,3923,C
1-PB2,1291,3944,0,5,0,3949,A
1-PB2,1292,0,3952,0,1,3953,T
1-PB2,1293,2,0,3945,0,3947,G
1-PB2,1294,1,0,0,3968,3969,C
1-PB2,1295,3933,0,0,0,3933,A
1-PB2,1296,1,3905,0,2,3908,T
1-PB2,1297,2,2,0,3920,3924,C
1-PB2,1298,3880,1,0,1,3882,A
1-PB2,1299,0,1,3930,0,3931,G
1-PB2,1300,0,0,0,3941,3941,C
1-PB2,1301,0,3923,0,7,3930,T
1-PB2,1302,0,3939,0,1,3940,T
1-PB2,1303,0,3930,1,0,3931,T
1-PB2,1304,1,3943,0,0,3944,T
1-PB2,1305,3945,0,0,0,3945,A
1-PB2,1306,3931,0,3,0,3934,A
1-PB2,1307,2,5,3925,1,3933,G
1-PB2,1308,36,2,3864,0,3902,G
1-PB2,1309,3,1,0,3885,3889,C
1-PB2,1310,3888,0,5,1,3894,A
1-PB2,1311,1,3895,0,1,3897,T
1-PB2,1312,0,3921,0,2,3923,T
1-PB2,1313,1,3918,0,6,3925,T
1-PB2,1314,0,3930,0,3,3933,T
1-PB2,1315,4,1,0,3943,3948,C
1-PB2,1316,3934,0,2,0,3936,A
1-PB2,1317,1,0,3931,0,3932,G
1-PB2,1318,3921,0,1,0,3922,A
1-PB2,1319,3926,0,2,0,3928,A
1-PB2,1320,3915,0,5,0,3920,A
1-PB2,1321,0,0,3925,0,3925,G
1-PB2,1322,3950,0,0,0,3950,A
1-PB2,1323,1,3935,0,3,3939,T
1-PB2,1324,2,0,3946,0,3948,G
1-PB2,1325,1,1,0,3940,3942,C
1-PB2,1326,2,3,3965,0,3970,G
1-PB2,1327,3943,0,0,0,3943,A
1-PB2,1328,3965,0,0,0,3965,A
1-PB2,1329,3953,0,2,0,3955,A
1-PB2,1330,0,2,3947,1,3950,G
1-PB2,1331,0,3897,0,3,3900,T
1-PB2,1332,3,1,3920,0,3924,G
1-PB2,1333,0,0,0,3895,3895,C
1-PB2,1334,0,3910,0,2,3912,T
1-PB2,1335,0,3911,0,0,3911,T
1-PB2,1336,0,3931,0,2,3933,T
1-PB2,1337,0,3934,0,0,3934,T
1-PB2,1338,0,3919,0,0,3919,T
1-PB2,1339,3,0,0,3936,3939,C
1-PB2,1340,3931,1,0,0,3932,A
1-PB2,1341,3953,0,1,0,3954,A
1-PB2,1342,3929,0,0,0,3929,A
1-PB2,1343,3946,0,0,0,3946,A
1-PB2,1344,0,3954,0,0,3954,T
1-PB2,1345,0,3962,0,0,3962,T
1-PB2,1346,0,4,3951,0,3955,G
1-PB2,1347,3,6,3928,0,3937,G
1-PB2,1348,0,1,3933,0,3934,G
1-PB2,1349,1,8,3986,0,3995,G
1-PB2,1350,3969,0,5,0,3974,A
1-PB2,1351,0,0,4067,1,4068,G
1-PB2,1352,0,4051,0,1,4052,T
1-PB2,1353,0,4045,1,5,4051,T
1-PB2,1354,1,10,4062,0,4073,G
1-PB2,1355,4071,1,3,1,4076,A
1-PB2,1356,4058,0,16,3,4077,A
1-PB2,1357,0,0,0,4197,4197,C
1-PB2,1358,4102,0,2,0,4104,A
1-PB2,1359,0,1,0,4238,4239,C
1-PB2,1360,4152,0,2,0,4154,A
1-PB2,1361,0,4141,0,1,4142,T
1-PB2,1362,3,3,0,4173,4179,C
1-PB2,1363,2,5,4177,1,4185,G
1-PB2,1364,4195,0,0,0,4195,A
1-PB2,1365,0,3,0,4181,4184,C
1-PB2,1366,4059,0,0,0,4059,A
1-PB2,1367,1,0,4184,0,4185,G
1-PB2,1368,0,4088,0,2,4090,T
1-PB2,1369,1,0,4168,0,4169,G
1-PB2,1370,0,4134,0,2,4136,T
1-PB2,1371,1,4,4154,0,4159,G
1-PB2,1372,4156,0,9,0,4165,A
1-PB2,1373,0,4132,0,1,4133,T
1-PB2,1374,0,7,4133,0,4140,G
1-PB2,1375,0,5,4153,0,4158,G
1-PB2,1376,1,1,4085,0,4087,G
1-PB2,1377,4038,0,4,1,4043,A
1-PB2,1378,3998,0,0,0,3998,A
1-PB2,1379,0,4005,0,0,4005,T
1-PB2,1380,0,4,4031,0,4035,G
1-PB2,1381,4051,1,1,0,4053,A
1-PB2,1382,0,4047,0,0,4047,T
1-PB2,1383,0,4024,0,3,4027,T
1-PB2,1384,0,1,4010,0,4011,G
1-PB2,1385,1,2,4097,0,4100,G
1-PB2,1386,4061,0,6,0,4067,A
1-PB2,1387,1,1,4123,0,4125,G
1-PB2,1388,0,4079,0,1,4080,T
1-PB2,1389,4080,0,0,0,4080,A
1-PB2,1390,2,4118,0,1,4121,T
1-PB2,1391,0,4167,0,2,4169,T
1-PB2,1392,4210,1,3,0,4214,A
1-PB2,1393,0,0,0,4222,4222,C
1-PB2,1394,2,1,0,4168,4171,C
1-PB2,1395,4133,0,3,0,4136,A
1-PB2,1396,0,2,4157,0,4159,G
1-PB2,1397,4233,0,3,0,4236,A
1-PB2,1398,0,4211,0,1,4212,T
1-PB2,1399,4170,0,0,0,4170,A
1-PB2,1400,0,4126,0,0,4126,T
1-PB2,1401,0,8,4099,0,4107,G
1-PB2,1402,4110,0,2,0,4112,A
1-PB2,1403,2,2,0,4134,4138,C
1-PB2,1404,0,4114,0,1,4115,T
1-PB2,1405,7,0,1,4098,4106,C
1-PB2,1406,1,0,0,4082,4083,C
1-PB2,1407,4115,0,0,0,4115,A
1-PB2,1408,4138,0,3,0,4141,A
1-PB2,1409,1,2,4226,0,4229,G
1-PB2,1410,0,0,0,4216,4216,C
1-PB2,1411,4217,0,0,0,4217,A
1-PB2,1412,0,0,0,4217,4217,C
1-PB2,1413,4183,4,2,0,4189,A
1-PB2,1414,5,2,4187,0,4194,G
1-PB2,1415,4164,0,1,1,4166,A
1-PB2,1416,4,1,4198,0,4203,G
1-PB2,1417,4203,0,2,1,4206,A
1-PB2,1418,0,4080,0,5,4085,T
1-PB2,1419,3,1,4147,0,4151,G
1-PB2,1420,2,4125,0,3,4130,T
1-PB2,1421,3,1,0,4133,4137,C
1-PB2,1422,4135,0,7,0,4142,A
1-PB2,1423,4127,0,1,0,4128,A
1-PB2,1424,0,4119,0,0,4119,T
1-PB2,1425,2,1,4119,0,4122,G
1-PB2,1426,4072,0,6,0,4078,A
1-PB2,1427,5,3,4098,0,4106,G
1-PB2,1428,4037,1,4,0,4042,A
1-PB2,1429,0,2,4048,0,4050,G
1-PB2,1430,0,12,4231,0,4243,G
1-PB2,1431,4228,0,2,0,4230,A
1-PB2,1432,4240,0,2,0,4242,A
1-PB2,1433,1,4238,0,0,4239,T
1-PB2,1434,4232,0,1,1,4234,A
1-PB2,1435,4235,1,1,0,4237,A
1-PB2,1436,1,1,4222,0,4224,G
1-PB2,1437,4205,0,8,0,4213,A
1-PB2,1438,0,0,4219,0,4219,G
1-PB2,1439,1,4017,1,1,4020,T
1-PB2,1440,4,0,0,4021,4025,C
1-PB2,1441,4035,0,4,0,4039,A
1-PB2,1442,6,0,4042,0,4048,G
1-PB2,1443,0,0,0,4077,4077,C
1-PB2,1444,4073,1,2,0,4076,A
1-PB2,1445,4090,0,0,0,4090,A
1-PB2,1446,4071,0,0,0,4071,A
1-PB2,1447,4063,1,3,1,4068,A
1-PB2,1448,0,4071,0,0,4071,T
1-PB2,1449,1,2,4086,0,4089,G
1-PB2,1450,0,0,4099,0,4099,G
1-PB2,1451,3,0,4108,0,4111,G
1-PB2,1452,1,4045,0,6,4052,T
1-PB2,1453,2,0,4085,0,4087,G
1-PB2,1454,0,4062,0,4,4066,T
1-PB2,1455,0,5,4081,0,4086,G
1-PB2,1456,0,1,4154,0,4155,G
1-PB2,1457,4147,1,1,0,4149,A
1-PB2,1458,0,4122,0,2,4124,T
1-PB2,1459,0,6,4151,1,4158,G
1-PB2,1460,4123,0,6,0,4129,A
1-PB2,1461,4153,0,2,0,4155,A
1-PB2,1462,0,4132,0,2,4134,T
1-PB2,1463,4082,0,1,0,4083,A
1-PB2,1464,0,1,0,4352,4353,C
1-PB2,1465,1,4259,0,1,4261,T
1-PB2,1466,2,0,0,4331,4333,C
1-PB2,1467,0,1,0,4346,4347,C
1-PB2,1468,4342,0,0,0,4342,A
1-PB2,1469,1,0,4513,0,4514,G
1-PB2,1470,0,4483,0,4,4487,T
1-PB2,1471,4509,1,18,0,4528,A
1-PB2,1472,0,4,0,4535,4539,C
1-PB2,1473,4188,0,4,0,4192,A
1-PB2,1474,1,3,4220,0,4224,G
1-PB2,1475,4127,0,3,1,4131,A
1-PB2,1476,1,3,4154,1,4159,G
1-PB2,1477,4034,0,3,0,4037,A
1-PB2,1478,1,2,3934,0,3937,G
1-PB2,1479,0,1,3929,0,3930,G
1-PB2,1480,0,0,3937,0,3937,G
1-PB2,1481,0,3822,0,11,3833,T
1-PB2,1482,5,4,3855,0,3864,G
1-PB2,1483,0,0,3873,0,3873,G
1-PB2,1484,0,3828,0,1,3829,T
1-PB2,1485,1,7,3922,0,3930,G
1-PB2,1486,0,0,3932,0,3932,G
1-PB2,1487,0,3862,1,2,3865,T
1-PB2,1488,0,3869,1,4,3874,T
1-PB2,1489,3814,0,4,0,3818,A
1-PB2,1490,2,1,3827,0,3830,G
1-PB2,1491,3,0,0,3824,3827,C
1-PB2,1492,3814,0,1,0,3815,A
1-PB2,1493,0,3806,0,1,3807,T
1-PB2,1494,0,3628,1,0,3629,T
1-PB2,1495,1,6,3629,0,3636,G
1-PB2,1496,3602,0,1,0,3603,A
1-PB2,1497,2,3609,1,1,3613,T
1-PB2,1498,6,2,0,3610,3618,C
1-PB2,1499,0,3,3596,0,3599,G
1-PB2,1500,1,0,3668,0,3669,G
1-PB2,1501,1,3629,1,2,3633,T
1-PB2,1502,0,3626,1,2,3629,T
1-PB2,1503,0,3631,2,3,3636,T
1-PB2,1504,0,3641,1,0,3642,T
1-PB2,1505,0,3642,1,0,3643,T
1-PB2,1506,0,2,3650,0,3652,G
1-PB2,1507,3632,1,5,0,3638,A
1-PB2,1508,0,1,3649,0,3650,G
1-PB2,1509,3537,0,1,0,3538,A
1-PB2,1510,0,0,3574,0,3574,G
1-PB2,1511,0,3554,0,6,3560,T
1-PB2,1512,1,3535,1,2,3539,T
1-PB2,1513,5,2,0,3554,3561,C
1-PB2,1514,2,3,3572,0,3577,G
1-PB2,1515,3570,0,4,0,3574,A
1-PB2,1516,0,3,3578,0,3581,G
1-PB2,1517,3570,0,1,0,3571,A
1-PB2,1518,2,0,0,3560,3562,C
1-PB2,1519,4,0,0,3538,3542,C
1-PB2,1520,3515,0,4,0,3519,A
1-PB2,1521,3564,1,0,0,3565,A
1-PB2,1522,0,0,0,3592,3592,C
1-PB2,1523,0,0,3595,0,3595,G
1-PB2,1524,0,3566,0,0,3566,T
1-PB2,1525,0,3,3559,0,3562,G
1-PB2,1526,0,2,3567,1,3570,G
1-PB2,1527,1,1,3574,0,3576,G
1-PB2,1528,3526,0,5,3,3534,A
1-PB2,1529,3554,0,1,0,3555,A
1-PB2,1530,0,3424,1,0,3425,T
1-PB2,1531,1,1,3529,0,3531,G
1-PB2,1532,0,3515,0,1,3516,T
1-PB2,1533,3522,0,0,0,3522,A
1-PB2,1534,1,3522,1,0,3524,T
1-PB2,1535,0,3491,0,0,3491,T
1-PB2,1536,3530,1,1,0,3532,A
1-PB2,1537,0,3505,0,1,3506,T
1-PB2,1538,0,3466,0,1,3467,T
1-PB2,1539,3458,0,1,0,3459,A
1-PB2,1540,0,3125,0,3,3128,T
1-PB2,1541,0,1,0,3247,3248,C
1-PB2,1542,1,3209,0,2,3212,T
1-PB2,1543,4,0,0,3229,3233,C
1-PB2,1544,2,0,0,3237,3239,C
1-PB2,1545,0,3158,0,3,3161,T
1-PB2,1546,0,0,3167,0,3167,G
1-PB2,1547,3148,0,2,0,3150,A
1-PB2,1548,1,1,3141,1,3144,G
1-PB2,1549,0,3,3138,0,3141,G
1-PB2,1550,2785,0,3,1,2789,A
1-PB2,1551,0,4,2819,1,2824,G
1-PB2,1552,1,0,2802,0,2803,G
1-PB2,1553,0,2643,0,6,2649,T
1-PB2,1554,4,1,0,2657,2662,C
1-PB2,1555,2639,0,1,1,2641,A
1-PB2,1556,0,0,2668,0,2668,G
1-PB2,1557,0,2659,1,1,2661,T
1-PB2,1558,0,5,2660,0,2665,G
1-PB2,1559,2661,0,4,0,2665,A
1-PB2,1560,2576,0,3,0,2579,A
1-PB2,1561,2574,0,2,1,2577,A
1-PB2,1562,1,2,0,2579,2582,C
1-PB2,1563,2539,0,0,0,2539,A
1-PB2,1564,0,1,0,2541,2542,C
1-PB2,1565,2442,0,1,0,2443,A
1-PB2,1566,0,3,2450,0,2453,G
1-PB2,1567,0,3,2450,0,2453,G
1-PB2,1568,0,3,2470,1,2474,G
1-PB2,1569,2460,1,0,0,2461,A
1-PB2,1570,2433,0,2,0,2435,A
1-PB2,1571,1,2,0,2441,2444,C
1-PB2,1572,0,2407,0,1,2408,T
1-PB2,1573,0,5,2398,0,2403,G
1-PB2,1574,2389,1,7,0,2397,A
1-PB2,1575,0,2,2401,0,2403,G
1-PB2,1576,2354,0,3,0,2357,A
1-PB2,1577,0,3,2224,0,2227,G
1-PB2,1578,2205,0,2,0,2207,A
1-PB2,1579,1,0,0,2206,2207,C
1-PB2,1580,0,2154,0,2,2156,T
1-PB2,1581,0,1,2180,0,2181,G
1-PB2,1582,2168,0,5,0,2173,A
1-PB2,1583,1,1,0,2186,2188,C
1-PB2,1584,2177,0,0,0,2177,A
1-PB2,1585,2174,0,0,0,2174,A
1-PB2,1586,0,2166,0,0,2166,T
1-PB2,1587,2169,0,0,0,2169,A
1-PB2,1588,2171,0,3,0,2174,A
1-PB2,1589,0,0,0,2200,2200,C
1-PB2,1590,0,2070,0,1,2071,T
1-PB2,1591,0,2059,0,0,2059,T
1-PB2,1592,2035,0,0,0,2035,A
1-PB2,1593,0,2030,0,0,2030,T
1-PB2,1594,0,2017,0,3,2020,T
1-PB2,1595,5,0,0,2012,2017,C
1-PB2,1596,1906,0,0,0,1906,A
1-PB2,1597,0,1892,0,0,1892,T
1-PB2,1598,0,0,0,1843,1843,C
1-PB2,1599,1,0,1840,0,1841,G
1-PB2,1600,0,1861,0,1,1862,T
1-PB2,1601,2,0,0,1842,1844,C
1-PB2,1602,1,1,1847,0,1849,G
1-PB2,1603,1849,0,2,0,1851,A
1-PB2,1604,0,1855,0,0,1855,T
1-PB2,1605,0,0,1844,0,1844,G
1-PB2,1606,1853,0,1,1,1855,A
1-PB2,1607,0,1844,0,0,1844,T
1-PB2,1608,1,0,1851,0,1852,G
1-PB2,1609,0,1797,1,1,1799,T
1-PB2,1610,3,2,1799,0,1804,G
1-PB2,1611,0,0,1809,0,1809,G
1-PB2,1612,0,1,1807,0,1808,G
1-PB2,1613,1764,0,3,0,1767,A
1-PB2,1614,1,2,1764,0,1767,G
1-PB2,1615,1628,0,0,0,1628,A
1-PB2,1616,0,1572,0,0,1572,T
1-PB2,1617,0,1545,0,0,1545,T
1-PB2,1618,1535,0,3,0,1538,A
1-PB2,1619,1531,0,1,0,1532,A
1-PB2,1620,0,0,0,1508,1508,C
1-PB2,1621,0,1,1436,0,1437,G
1-PB2,1622,0,0,1445,0,1445,G
1-PB2,1623,0,1290,0,3,1293,T
1-PB2,1624,1,0,0,1285,1286,C
1-PB2,1625,1,1,0,1288,1290,C
1-PB2,1626,0,1211,0,1,1212,T
1-PB2,1627,0,4,1217,0,1221,G
1-PB2,1628,1216,0,0,0,1216,A
1-PB2,1629,0,0,1218,0,1218,G
1-PB2,1630,1,1209,0,0,1210,T
1-PB2,1631,1,0,0,1174,1175,C
1-PB2,1632,0,1,1178,0,1179,G
1-PB2,1633,0,2,1190,0,1192,G
1-PB2,1634,0,1183,0,3,1186,T
1-PB2,1635,0,1188,0,1,1189,T
1-PB2,1636,0,1184,0,0,1184,T
1-PB2,1637,0,1187,0,0,1187,T
1-PB2,1638,0,3,1221,0,1224,G
1-PB2,1639,2,0,1226,0,1228,G
1-PB2,1640,0,1223,0,0,1223,T
1-PB2,1641,0,0,0,1226,1226,C
1-PB2,1642,1202,0,1,0,1203,A
1-PB2,1643,1246,0,0,0,1246,A
1-PB2,1644,0,1252,0,0,1252,T
1-PB2,1645,1249,0,0,0,1249,A
1-PB2,1646,0,0,0,1274,1274,C
1-PB2,1647,1,0,0,1230,1231,C
1-PB2,1648,0,1229,1,2,1232,T
1-PB2,1649,1258,1,0,0,1259,A
1-PB2,1650,0,1262,0,0,1262,T
1-PB2,1651,0,0,0,1267,1267,C
1-PB2,1652,1218,0,0,0,1218,A
1-PB2,1653,1218,0,0,0,1218,A
1-PB2,1654,0,1216,0,0,1216,T
1-PB2,1655,0,0,1177,0,1177,G
1-PB2,1656,0,0,1177,0,1177,G
1-PB2,1657,1166,0,2,0,1168,A
1-PB2,1658,0,1125,0,1,1126,T
1-PB2,1659,1,0,0,1125,1126,C
1-PB2,1660,1132,0,1,0,1133,A
1-PB2,1661,0,1135,0,0,1135,T
1-PB2,1662,1,0,0,1139,1140,C
1-PB2,1663,1136,0,1,0,1137,A
1-PB2,1664,0,0,1144,0,1144,G
1-PB2,1665,1143,0,0,0,1143,A
1-PB2,1666,1140,0,0,0,1140,A
1-PB2,1667,1147,0,0,0,1147,A
1-PB2,1668,0,1141,0,0,1141,T
1-PB2,1669,0,1140,0,0,1140,T
1-PB2,1670,0,3,1136,0,1139,G
1-PB2,1671,2,0,1135,0,1137,G
1-PB2,1672,0,0,1133,0,1133,G
1-PB2,1673,1124,0,0,0,1124,A
1-PB2,1674,1127,0,0,0,1127,A
1-PB2,1675,1,0,1124,0,1125,G
1-PB2,1676,0,0,0,1122,1122,C
1-PB2,1677,0,1122,0,1,1123,T
1-PB2,1678,0,0,1131,0,1131,G
1-PB2,1679,0,1125,0,3,1128,T
1-PB2,1680,1,0,0,1131,1132,C
1-PB2,1681,1138,0,1,0,1139,A
1-PB2,1682,1136,0,0,0,1136,A
1-PB2,1683,1144,0,0,0,1144,A
1-PB2,1684,1141,0,2,0,1143,A
1-PB2,1685,0,1151,0,1,1152,T
1-PB2,1686,0,1146,0,0,1146,T
1-PB2,1687,1,0,0,1134,1135,C
1-PB2,1688,1136,0,0,0,1136,A
1-PB2,1689,1136,0,0,0,1136,A
1-PB2,1690,0,1133,0,1,1134,T
1-PB2,1691,0,1,1133,0,1134,G
1-PB2,1692,0,0,1145,0,1145,G
1-PB2,1693,0,1174,0,0,1174,T
1-PB2,1694,2,0,0,1181,1183,C
1-PB2,1695,0,1185,0,0,1185,T
1-PB2,1696,1,0,0,1179,1180,C
1-PB2,1697,1189,0,0,0,1189,A
1-PB2,1698,0,2,1190,0,1192,G
1-PB2,1699,1186,0,0,0,1186,A
1-PB2,1700,1194,0,0,0,1194,A
1-PB2,1701,0,1175,0,0,1175,T
1-PB2,1702,0,0,0,1153,1153,C
1-PB2,1703,0,0,0,1161,1161,C
1-PB2,1704,0,1162,0,0,1162,T
1-PB2,1705,1,0,1164,0,1165,G
1-PB2,1706,0,0,0,1168,1168,C
1-PB2,1707,1160,0,0,0,1160,A
1-PB2,1708,1180,0,1,0,1181,A
1-PB2,1709,0,1159,0,0,1159,T
1-PB2,1710,1,0,1203,0,1204,G
1-PB2,1711,0,1204,0,2,1206,T
1-PB2,1712,0,1168,0,0,1168,T
1-PB2,1713,0,0,1185,0,1185,G
1-PB2,1714,0,1185,0,0,1185,T
1-PB2,1715,1186,0,0,0,1186,A
1-PB2,1716,0,0,0,1183,1183,C
1-PB2,1717,1170,0,0,0,1170,A
1-PB2,1718,1179,0,0,0,1179,A
1-PB2,1719,0,0,0,1163,1163,C
1-PB2,1720,1135,0,0,0,1135,A
1-PB2,1721,1135,0,0,0,1135,A
1-PB2,1722,1122,1,0,0,1123,A
1-PB2,1723,1121,0,0,0,1121,A
1-PB2,1724,1,1117,0,0,1118,T
1-PB2,1725,0,2,1117,0,1119,G
1-PB2,1726,0,0,1121,0,1121,G
1-PB2,1727,1115,0,1,0,1116,A
1-PB2,1728,1116,0,1,0,1117,A
1-PB2,1729,0,1118,0,0,1118,T
1-PB2,1730,0,1115,0,1,1116,T
1-PB2,1731,0,1112,0,0,1112,T
1-PB2,1732,1,3,1105,0,1109,G
1-PB2,1733,1114,0,2,0,1116,A
1-PB2,1734,1108,0,1,0,1109,A
1-PB2,1735,0,0,0,1111,1111,C
1-PB2,1736,0,1,0,1104,1105,C
1-PB2,1737,1106,0,2,0,1108,A
1-PB2,1738,0,1125,0,0,1125,T
1-PB2,1739,0,1118,0,0,1118,T
1-PB2,1740,0,1118,0,0,1118,T
1-PB2,1741,1,0,0,1123,1124,C
1-PB2,1742,1125,0,1,0,1126,A
1-PB2,1743,1126,0,0,0,1126,A
1-PB2,1744,0,1126,0,1,1127,T
1-PB2,1745,0,0,0,1133,1133,C
1-PB2,1746,0,1113,0,0,1113,T
1-PB2,1747,0,1121,0,2,1123,T
1-PB2,1748,0,1117,0,0,1117,T
1-PB2,1749,1120,1,0,0,1121,A
1-PB2,1750,0,0,1124,0,1124,G
1-PB2,1751,2,1118,0,0,1120,T
1-PB2,1752,1,0,0,1143,1144,C
1-PB2,1753,3,0,0,1150,1153,C
1-PB2,1754,0,0,0,1133,1133,C
1-PB2,1755,0,0,0,1134,1134,C
1-PB2,1756,1138,0,1,0,1139,A
1-PB2,1757,1142,0,0,0,1142,A
1-PB2,1758,0,1,1150,0,1151,G
1-PB2,1759,0,0,1143,0,1143,G
1-PB2,1760,0,0,0,1155,1155,C
1-PB2,1761,0,0,1,1133,1134,C
1-PB2,1762,1138,0,0,0,1138,A
1-PB2,1763,0,1153,0,1,1154,T
1-PB2,1764,0,1160,0,0,1160,T
1-PB2,1765,1165,0,1,0,1166,A
1-PB2,1766,0,0,1164,0,1164,G
1-PB2,1767,1137,0,1,0,1138,A
1-PB2,1768,1166,0,0,0,1166,A
1-PB2,1769,0,0,1178,0,1178,G
1-PB2,1770,0,0,0,1184,1184,C
1-PB2,1771,0,1,0,1191,1192,C
1-PB2,1772,1172,0,0,0,1172,A
1-PB2,1773,1185,0,0,0,1185,A
1-PB2,1774,0,1201,0,0,1201,T
1-PB2,1775,1208,0,0,0,1208,A
1-PB2,1776,0,0,0,1218,1218,C
1-PB2,1777,1132,0,0,0,1132,A
1-PB2,1778,0,0,1135,0,1135,G
1-PB2,1779,0,1114,0,0,1114,T
1-PB2,1780,0,2,1125,0,1127,G
1-PB2,1781,0,1,1133,0,1134,G
1-PB2,1782,0,0,1130,0,1130,G
1-PB2,1783,0,1121,0,0,1121,T
1-PB2,1784,1,1107,0,0,1108,T
1-PB2,1785,0,1123,0,0,1123,T
1-PB2,1786,1,0,1132,0,1133,G
1-PB2,1787,0,1135,0,0,1135,T
1-PB2,1788,2,0,0,1129,1131,C
1-PB2,1789,1124,0,1,0,1125,A
1-PB2,1790,0,0,1123,1,1124,G
1-PB2,1791,1117,0,0,0,1117,A
1-PB2,1792,1111,0,0,0,1111,A
1-PB2,1793,0,0,0,1114,1114,C
1-PB2,1794,0,1079,0,1,1080,T
1-PB2,1795,0,0,0,1118,1118,C
1-PB2,1796,0,1126,0,1,1127,T
1-PB2,1797,1132,0,0,0,1132,A
1-PB2,1798,0,1131,0,0,1131,T
1-PB2,1799,0,1123,0,1,1124,T
1-PB2,1800,0,1,0,1129,1130,C
1-PB2,1801,0,0,0,1131,1131,C
1-PB2,1802,1133,0,0,0,1133,A
1-PB2,1803,1131,0,0,0,1131,A
1-PB2,1804,0,0,0,1135,1135,C
1-PB2,1805,1130,0,0,0,1130,A
1-PB2,1806,1127,0,0,0,1127,A
1-PB2,1807,1128,0,0,0,1128,A
1-PB2,1808,0,1125,0,0,1125,T
1-PB2,1809,0,1,1122,0,1123,G
1-PB2,1810,1125,0,0,0,1125,A
1-PB2,1811,0,1,1134,0,1135,G
1-PB2,1812,1123,0,3,0,1126,A
1-PB2,1813,0,1,1121,0,1122,G
1-PB2,1814,1130,0,3,0,1133,A
1-PB2,1815,0,1,0,1120,1121,C
1-PB2,1816,2,0,1133,0,1135,G
1-PB2,1817,0,1132,0,0,1132,T
1-PB2,1818,1158,0,0,0,1158,A
1-PB2,1819,1,0,0,1153,1154,C
1-PB2,1820,0,1145,0,0,1145,T
1-PB2,1821,0,1146,0,0,1146,T
1-PB2,1822,1,3,1136,0,1140,G
1-PB2,1823,0,2,1141,0,1143,G
1-PB2,1824,1,1,1140,0,1142,G
1-PB2,1825,1123,0,4,0,1127,A
1-PB2,1826,0,1,0,1140,1141,C
1-PB2,1827,1145,0,0,0,1145,A
1-PB2,1828,1,1147,0,0,1148,T
1-PB2,1829,0,1142,0,0,1142,T
1-PB2,1830,0,1154,0,0,1154,T
1-PB2,1831,0,4,1143,0,1147,G
1-PB2,1832,1149,0,1,0,1150,A
1-PB2,1833,0,0,0,1153,1153,C
1-PB2,1834,1147,0,0,0,1147,A
1-PB2,1835,0,0,0,1152,1152,C
1-PB2,1836,1,0,0,1135,1136,C
1-PB2,1837,1149,0,0,0,1149,A
1-PB2,1838,0,0,0,1149,1149,C
1-PB2,1839,0,0,0,1152,1152,C
1-PB2,1840,1,0,0,1155,1156,C
1-PB2,1841,1160,0,0,0,1160,A
1-PB2,1842,0,1,1178,0,1179,G
1-PB2,1843,1171,0,0,0,1171,A
1-PB2,1844,0,1205,0,0,1205,T
1-PB2,1845,1187,0,2,0,1189,A
1-PB2,1846,1178,0,0,0,1178,A
1-PB2,1847,0,1173,0,0,1173,T
1-PB2,1848,1176,0,0,0,1176,A
1-PB2,1849,1176,0,0,0,1176,A
1-PB2,1850,1161,0,0,0,1161,A
1-PB2,1851,0,0,1156,0,1156,G
1-PB2,1852,1,1,0,1156,1158,C
1-PB2,1853,0,1115,0,2,1117,T
1-PB2,1854,0,1110,0,0,1110,T
1-PB2,1855,2,1,0,1117,1120,C
1-PB2,1856,0,1106,0,1,1107,T
1-PB2,1857,1,0,0,1130,1131,C
1-PB2,1858,0,0,0,1130,1130,C
1-PB2,1859,1,0,0,1138,1139,C
1-PB2,1860,0,1143,0,0,1143,T
1-PB2,1861,0,1144,0,1,1145,T
1-PB2,1862,0,1148,0,0,1148,T
1-PB2,1863,0,1142,0,0,1142,T
1-PB2,1864,0,0,1150,0,1150,G
1-PB2,1865,0,1,0,1144,1145,C
1-PB2,1866,1141,0,1,0,1142,A
1-PB2,1867,1,0,1135,0,1136,G
1-PB2,1868,1,0,0,1144,1145,C
1-PB2,1869,0,1133,0,1,1134,T
1-PB2,1870,0,1,1134,0,1135,G
1-PB2,1871,0,2,0,1133,1135,C
1-PB2,1872,0,1135,0,0,1135,T
1-PB2,1873,2,0,0,1147,1149,C
1-PB2,1874,0,0,1,1148,1149,C
1-PB2,1875,1156,0,0,0,1156,A
1-PB2,1876,0,0,0,1165,1165,C
1-PB2,1877,0,1,0,1156,1157,C
1-PB2,1878,1158,0,0,0,1158,A
1-PB2,1879,1157,0,1,0,1158,A
1-PB2,1880,1151,0,1,0,1152,A
1-PB2,1881,0,0,1153,0,1153,G
1-PB2,1882,0,0,0,1155,1155,C
1-PB2,1883,1140,0,0,0,1140,A
1-PB2,1884,1142,0,0,0,1142,A
1-PB2,1885,1136,0,3,0,1139,A
1-PB2,1886,0,0,1150,0,1150,G
1-PB2,1887,0,0,0,1155,1155,C
1-PB2,1888,1143,0,0,0,1143,A
1-PB2,1889,0,1,1147,0,1148,G
1-PB2,1890,1135,0,1,0,1136,A
1-PB2,1891,1156,0,0,0,1156,A
1-PB2,1892,0,1149,0,1,1150,T
1-PB2,1893,0,1,1148,0,1149,G
1-PB2,1894,0,0,0,1149,1149,C
1-PB2,1895,1138,0,0,0,1138,A
1-PB2,1896,1,0,1151,0,1152,G
1-PB2,1897,0,1147,0,0,1147,T
1-PB2,1898,0,1177,0,0,1177,T
1-PB2,1899,0,0,0,1185,1185,C
1-PB2,1900,0,1169,0,2,1171,T
1-PB2,1901,1,0,0,1186,1187,C
1-PB2,1902,0,1191,0,4,1195,T
1-PB2,1903,0,1197,0,0,1197,T
1-PB2,1904,1,0,0,1200,1201,C
1-PB2,1905,1189,0,0,0,1189,A
1-PB2,1906,0,0,0,1190,1190,C
1-PB2,1907,0,1149,0,0,1149,T
1-PB2,1908,0,2,1167,0,1169,G
1-PB2,1909,1160,0,0,0,1160,A
1-PB2,1910,0,0,0,1192,1192,C
1-PB2,1911,0,1179,0,1,1180,T
1-PB2,1912,0,0,1184,0,1184,G
1-PB2,1913,0,1174,0,0,1174,T
1-PB2,1914,2,0,1183,0,1185,G
1-PB2,1915,1183,1,0,0,1184,A
1-PB2,1916,1210,0,0,0,1210,A
1-PB2,1917,0,1207,0,0,1207,T
1-PB2,1918,0,1,1199,0,1200,G
1-PB2,1919,0,1180,0,0,1180,T
1-PB2,1920,1144,0,0,0,1144,A
1-PB2,1921,1142,0,2,0,1144,A
1-PB2,1922,1,0,1149,0,1150,G
1-PB2,1923,0,0,1159,0,1159,G
1-PB2,1924,0,0,1148,0,1148,G
1-PB2,1925,0,0,1172,0,1172,G
1-PB2,1926,1160,0,2,0,1162,A
1-PB2,1927,0,1160,1,0,1161,T
1-PB2,1928,1,0,0,1161,1162,C
1-PB2,1929,1160,0,0,0,1160,A
1-PB2,1930,1,1,1176,0,1178,G
1-PB2,1931,0,0,1179,0,1179,G
1-PB2,1932,0,1,1189,0,1190,G
1-PB2,1933,1181,0,0,0,1181,A
1-PB2,1934,0,1144,0,0,1144,T
1-PB2,1935,0,1,1152,0,1153,G
1-PB2,1936,1138,0,2,0,1140,A
1-PB2,1937,0,0,1165,0,1165,G
1-PB2,1938,1163,0,4,0,1167,A
1-PB2,1939,1143,0,0,0,1143,A
1-PB2,1940,0,1157,0,0,1157,T
1-PB2,1941,1145,0,4,0,1149,A
1-PB2,1942,0,0,0,1167,1167,C
1-PB2,1943,0,1155,0,1,1156,T
1-PB2,1944,0,1158,0,0,1158,T
1-PB2,1945,0,0,1161,0,1161,G
1-PB2,1946,0,1122,0,0,1122,T
1-PB2,1947,1125,0,0,0,1125,A
1-PB2,1948,1117,0,0,0,1117,A
1-PB2,1949,1,0,1102,0,1103,G
1-PB2,1950,1,1,1109,0,1111,G
1-PB2,1951,0,1,1095,0,1096,G
1-PB2,1952,1,1,1099,0,1101,G
1-PB2,1953,1,0,0,1111,1112,C
1-PB2,1954,1102,0,0,0,1102,A
1-PB2,1955,1131,0,0,0,1131,A
1-PB2,1956,0,1135,0,1,1136,T
1-PB2,1957,0,1129,0,0,1129,T
1-PB2,1958,0,0,0,1146,1146,C
1-PB2,1959,0,1133,0,2,1135,T
1-PB2,1960,1,0,0,1151,1152,C
1-PB2,1961,2,0,0,1147,1149,C
1-PB2,1962,0,1148,0,1,1149,T
1-PB2,1963,0,0,1182,0,1182,G
1-PB2,1964,0,1157,0,0,1157,T
1-PB2,1965,1163,0,0,0,1163,A
1-PB2,1966,1,1160,0,0,1161,T
1-PB2,1967,0,1148,0,0,1148,T
1-PB2,1968,1,0,0,1156,1157,C
1-PB2,1969,1142,0,0,0,1142,A
1-PB2,1970,1153,0,0,0,1153,A
1-PB2,1971,0,0,0,1156,1156,C
1-PB2,1972,0,1134,0,2,1136,T
1-PB2,1973,1135,0,1,0,1136,A
1-PB2,1974,0,0,0,1177,1177,C
1-PB2,1975,1170,1,0,0,1171,A
1-PB2,1976,1168,0,1,0,1169,A
1-PB2,1977,1,0,0,1165,1166,C
1-PB2,1978,1156,0,0,0,1156,A
1-PB2,1979,1150,0,0,0,1150,A
1-PB2,1980,0,0,1145,0,1145,G
1-PB2,1981,1138,0,1,0,1139,A
1-PB2,1982,0,0,0,1144,1144,C
1-PB2,1983,2,0,0,1116,1118,C
1-PB2,1984,1114,0,0,0,1114,A
1-PB2,1985,0,0,0,1165,1165,C
1-PB2,1986,0,1167,0,0,1167,T
1-PB2,1987,1164,0,0,0,1164,A
1-PB2,1988,1164,0,0,0,1164,A
1-PB2,1989,1160,0,0,0,1160,A
1-PB2,1990,1166,1,0,0,1167,A
1-PB2,1991,0,0,1171,0,1171,G
1-PB2,1992,1150,0,1,0,1151,A
1-PB2,1993,0,1,0,1162,1163,C
1-PB2,1994,0,1140,0,0,1140,T
1-PB2,1995,1137,0,0,0,1137,A
1-PB2,1996,1133,1,1,0,1135,A
1-PB2,1997,1,4,0,1129,1134,C
1-PB2,1998,1136,0,0,0,1136,A
1-PB2,1999,1131,0,0,0,1131,A
1-PB2,2000,0,1116,0,1,1117,T
1-PB2,2001,1,1106,0,0,1107,T
1-PB2,2002,0,0,0,1119,1119,C
1-PB2,2003,0,1107,0,0,1107,T
1-PB2,2004,0,1,0,1126,1127,C
1-PB2,2005,2,1,1118,0,1121,G
1-PB2,2006,0,3,1125,0,1128,G
1-PB2,2007,1130,0,0,0,1130,A
1-PB2,2008,1121,0,0,0,1121,A
1-PB2,2009,1127,0,0,0,1127,A
1-PB2,2010,1121,0,1,0,1122,A
1-PB2,2011,0,0,1126,0,1126,G
1-PB2,2012,1119,0,0,0,1119,A
1-PB2,2013,0,1118,0,0,1118,T
1-PB2,2014,0,0,1113,0,1113,G
1-PB2,2015,0,1,0,1101,1102,C
1-PB2,2016,0,1,0,1111,1112,C
1-PB2,2017,0,0,1116,0,1116,G
1-PB2,2018,0,0,1114,0,1114,G
1-PB2,2019,0,0,0,1113,1113,C
1-PB2,2020,1109,0,0,0,1109,A
1-PB2,2021,0,0,0,1135,1135,C
1-PB2,2022,0,1119,0,2,1121,T
1-PB2,2023,0,1124,0,0,1124,T
1-PB2,2024,0,1128,0,0,1128,T
1-PB2,2025,1128,0,0,0,1128,A
1-PB2,2026,1132,0,0,1,1133,A
1-PB2,2027,0,1130,0,1,1131,T
1-PB2,2028,0,1132,0,0,1132,T
1-PB2,2029,1,1,1131,0,1133,G
1-PB2,2030,1107,0,1,0,1108,A
1-PB2,2031,1104,0,0,0,1104,A
1-PB2,2032,0,2,1099,0,1101,G
1-PB2,2033,1096,0,0,0,1096,A
1-PB2,2034,1,1,0,1116,1118,C
1-PB2,2035,0,0,0,1108,1108,C
1-PB2,2036,0,0,0,1112,1112,C
1-PB2,2037,1119,0,0,0,1119,A
1-PB2,2038,0,1,1139,0,1140,G
1-PB2,2039,1138,0,0,0,1138,A
1-PB2,2040,0,1136,0,0,1136,T
1-PB2,2041,0,0,1138,0,1138,G
1-PB2,2042,1118,1,0,0,1119,A
1-PB2,2043,1116,0,0,0,1116,A
1-PB2,2044,1125,0,0,0,1125,A
1-PB2,2045,1,0,1121,0,1122,G
1-PB2,2046,0,1,0,1117,1118,C
1-PB2,2047,1102,0,1,0,1103,A
1-PB2,2048,0,0,0,1121,1121,C
1-PB2,2049,1115,0,0,0,1115,A
1-PB2,2050,0,1091,0,0,1091,T
1-PB2,2051,2,0,0,1127,1129,C
1-PB2,2052,0,1,0,1122,1123,C
1-PB2,2053,1,0,1135,0,1136,G
1-PB2,2054,1,1,1137,0,1139,G
1-PB2,2055,1128,0,0,0,1128,A
1-PB2,2056,0,0,1138,0,1138,G
1-PB2,2057,0,1121,0,0,1121,T
1-PB2,2058,0,1,1119,0,1120,G
1-PB2,2059,3,0,1128,0,1131,G
1-PB2,2060,1106,0,1,0,1107,A
1-PB2,2061,0,0,1114,0,1114,G
1-PB2,2062,0,1094,0,0,1094,T
1-PB2,2063,1,0,1,1084,1086,C
1-PB2,2064,3,1,0,1082,1086,C
1-PB2,2065,2,0,1092,0,1094,G
1-PB2,2066,1,0,0,1084,1085,C
1-PB2,2067,0,1,1,1089,1091,C
1-PB2,2068,2,0,1108,0,1110,G
1-PB2,2069,0,1102,0,0,1102,T
1-PB2,2070,0,0,0,1118,1118,C
1-PB2,2071,0,1105,0,3,1108,T
1-PB2,2072,0,1113,0,0,1113,T
1-PB2,2073,1,2,1115,0,1118,G
1-PB2,2074,1102,0,0,0,1102,A
1-PB2,2075,0,3,1105,0,1108,G
1-PB2,2076,1104,0,0,0,1104,A
1-PB2,2077,2,2,1060,0,1064,G
1-PB2,2078,0,0,1076,0,1076,G
1-PB2,2079,0,0,1071,0,1071,G
1-PB2,2080,0,1066,0,1,1067,T
1-PB2,2081,0,1067,0,0,1067,T
1-PB2,2082,0,1082,0,3,1085,T
1-PB2,2083,4,0,0,1076,1080,C
1-PB2,2084,0,1080,0,0,1080,T
1-PB2,2085,0,0,0,1110,1110,C
1-PB2,2086,1099,0,1,0,1100,A
1-PB2,2087,0,1093,0,3,1096,T
1-PB2,2088,0,1086,0,0,1086,T
1-PB2,2089,1089,0,1,0,1090,A
1-PB2,2090,0,1095,0,0,1095,T
1-PB2,2091,1070,0,0,0,1070,A
1-PB2,2092,0,1,1073,0,1074,G
1-PB2,2093,0,2,1072,0,1074,G
1-PB2,2094,0,1036,2,0,1038,T
1-PB2,2095,1047,0,0,0,1047,A
1-PB2,2096,1031,1,0,0,1032,A
1-PB2,2097,0,2,1034,0,1036,G
1-PB2,2098,0,1,1040,0,1041,G
1-PB2,2099,1019,0,1,0,1020,A
1-PB2,2100,1022,0,2,0,1024,A
1-PB2,2101,0,2,1020,0,1022,G
1-PB2,2102,1011,0,3,0,1014,A
1-PB2,2103,0,0,0,1023,1023,C
1-PB2,2104,1005,0,1,0,1006,A
1-PB2,2105,0,0,1007,0,1007,G
1-PB2,2106,995,0,1,0,996,A
1-PB2,2107,986,0,0,0,986,A
1-PB2,2108,0,2,986,0,988,G
1-PB2,2109,1,0,964,0,965,G
1-PB2,2110,0,982,0,1,983,T
1-PB2,2111,992,0,1,0,993,A
1-PB2,2112,0,1,0,990,991,C
1-PB2,2113,0,1,980,0,981,G
1-PB2,2114,0,2,998,0,1000,G
1-PB2,2115,994,0,2,0,996,A
1-PB2,2116,0,0,0,983,983,C
1-PB2,2117,2,0,0,975,977,C
1-PB2,2118,942,0,1,0,943,A
1-PB2,2119,1,0,968,0,969,G
1-PB2,2120,0,1,0,970,971,C
1-PB2,2121,975,0,0,0,975,A
1-PB2,2122,0,970,0,1,971,T
1-PB2,2123,0,908,0,0,908,T
1-PB2,2124,916,0,0,0,916,A
1-PB2,2125,912,0,0,0,912,A
1-PB2,2126,0,1,916,0,917,G
1-PB2,2127,0,1,0,910,911,C
1-PB2,2128,873,0,0,0,873,A
1-PB2,2129,1,894,0,1,896,T
1-PB2,2130,0,0,0,890,890,C
1-PB2,2131,896,0,0,0,896,A
1-PB2,2132,898,0,0,0,898,A
1-PB2,2133,0,891,0,0,891,T
1-PB2,2134,0,1,897,0,898,G
1-PB2,2135,885,0,0,0,885,A
1-PB2,2136,887,0,0,0,887,A
1-PB2,2137,0,1,0,898,899,C
1-PB2,2138,0,858,0,0,858,T
1-PB2,2139,0,0,886,0,886,G
1-PB2,2140,880,0,0,0,880,A
1-PB2,2141,0,0,879,0,879,G
1-PB2,2142,0,877,0,0,877,T
1-PB2,2143,865,0,1,0,866,A
1-PB2,2144,874,0,0,0,874,A
1-PB2,2145,0,2,0,877,879,C
1-PB2,2146,1,0,0,855,856,C
1-PB2,2147,0,849,0,1,850,T
1-PB2,2148,0,822,0,0,822,T
1-PB2,2149,1,0,822,0,823,G
1-PB2,2150,0,1,0,818,819,C
1-PB2,2151,823,0,1,0,824,A
1-PB2,2152,823,0,0,0,823,A
1-PB2,2153,803,0,0,0,803,A
1-PB2,2154,787,0,4,1,792,A
1-PB2,2155,0,1,799,0,800,G
1-PB2,2156,0,0,790,0,790,G
1-PB2,2157,2,0,791,0,793,G
1-PB2,2158,0,1,797,0,798,G
1-PB2,2159,796,0,0,0,796,A
1-PB2,2160,797,0,0,0,797,A
1-PB2,2161,797,0,0,0,797,A
1-PB2,2162,796,0,3,0,799,A
1-PB2,2163,0,2,797,0,799,G
1-PB2,2164,0,0,793,0,793,G
1-PB2,2165,0,1,0,788,789,C
1-PB2,2166,0,792,0,0,792,T
1-PB2,2167,789,0,0,0,789,A
1-PB2,2168,784,0,1,0,785,A
1-PB2,2169,0,786,0,0,786,T
1-PB2,2170,1,0,800,0,801,G
1-PB2,2171,0,777,0,1,778,T
1-PB2,2172,0,1,770,0,771,G
1-PB2,2173,0,0,0,764,764,C
1-PB2,2174,0,768,0,0,768,T
1-PB2,2175,770,0,1,0,771,A
1-PB2,2176,760,0,0,0,760,A
1-PB2,2177,0,759,0,0,759,T
1-PB2,2178,3,0,0,753,756,C
1-PB2,2179,0,0,727,1,728,G
1-PB2,2180,0,1,729,0,730,G
1-PB2,2181,0,0,728,0,728,G
1-PB2,2182,0,1,0,722,723,C
1-PB2,2183,732,0,0,0,732,A
1-PB2,2184,725,0,0,0,725,A
1-PB2,2185,0,2,722,0,724,G
1-PB2,2186,0,0,726,0,726,G
1-PB2,2187,724,0,0,0,724,A
1-PB2,2188,0,1,716,0,717,G
1-PB2,2189,700,0,0,0,700,A
1-PB2,2190,0,0,0,701,701,C
1-PB2,2191,0,1,703,0,704,G
1-PB2,2192,0,703,0,1,704,T
1-PB2,2193,0,1,701,0,702,G
1-PB2,2194,0,0,710,0,710,G
1-PB2,2195,0,695,0,0,695,T
1-PB2,2196,0,0,706,0,706,G
1-PB2,2197,0,682,0,0,682,T
1-PB2,2198,0,683,0,0,683,T
1-PB2,2199,0,0,680,0,680,G
1-PB2,2200,0,0,671,0,671,G
1-PB2,2201,0,671,0,0,671,T
1-PB2,2202,658,0,0,0,658,A
1-PB2,2203,644,0,0,0,644,A
1-PB2,2204,0,629,0,0,629,T
1-PB2,2205,0,1,615,0,616,G
1-PB2,2206,608,0,0,0,608,A
1-PB2,2207,601,0,1,0,602,A
1-PB2,2208,601,0,0,0,601,A
1-PB2,2209,0,0,0,596,596,C
1-PB2,2210,0,0,599,0,599,G
1-PB2,2211,598,0,0,0,598,A
1-PB2,2212,597,0,0,0,597,A
1-PB2,2213,592,0,1,0,593,A
1-PB2,2214,593,0,0,0,593,A
1-PB2,2215,0,1,0,593,594,C
1-PB2,2216,0,0,591,0,591,G
1-PB2,2217,0,0,589,0,589,G
1-PB2,2218,1,0,589,0,590,G
1-PB2,2219,590,0,1,0,591,A
1-PB2,2220,0,0,0,599,599,C
1-PB2,2221,0,589,0,2,591,T
1-PB2,2222,0,0,0,612,612,C
1-PB2,2223,0,612,0,0,612,T
1-PB2,2224,615,0,0,0,615,A
1-PB2,2225,0,2,611,0,613,G
1-PB2,2226,0,0,0,601,601,C
1-PB2,2227,597,0,3,0,600,A
1-PB2,2228,0,592,0,0,592,T
1-PB2,2229,571,0,0,0,571,A
1-PB2,2230,0,1,0,576,577,C
1-PB2,2231,0,515,0,1,516,T
1-PB2,2232,0,515,0,0,515,T
1-PB2,2233,499,0,0,0,499,A
1-PB2,2234,1,0,0,499,500,C
1-PB2,2235,0,493,0,1,494,T
1-PB2,2236,0,0,493,0,493,G
1-PB2,2237,485,0,0,0,485,A
1-PB2,2238,0,0,0,483,483,C
1-PB2,2239,445,0,0,0,445,A
1-PB2,2240,0,0,456,0,456,G
1-PB2,2241,0,1,0,452,453,C
1-PB2,2242,0,0,0,456,456,C
1-PB2,2243,449,0,0,0,449,A
1-PB2,2244,0,1,446,0,447,G
1-PB2,2245,446,0,0,0,446,A
1-PB2,2246,0,0,0,442,442,C
1-PB2,2247,406,0,0,0,406,A
1-PB2,2248,0,0,411,0,411,G
1-PB2,2249,0,0,0,383,383,C
1-PB2,2250,0,3,381,0,384,G
1-PB2,2251,380,0,0,0,380,A
1-PB2,2252,0,1,0,377,378,C
1-PB2,2253,0,0,0,379,379,C
1-PB2,2254,380,0,0,0,380,A
1-PB2,2255,379,0,0,0,379,A
1-PB2,2256,378,0,0,0,378,A
1-PB2,2257,378,0,0,0,378,A
1-PB2,2258,0,0,378,0,378,G
1-PB2,2259,366,0,0,0,366,A
1-PB2,2260,364,0,1,0,365,A
1-PB2,2261,0,366,0,0,366,T
1-PB2,2262,0,362,0,0,362,T
1-PB2,2263,1,1,0,365,367,C
1-PB2,2264,0,0,354,0,354,G
1-PB2,2265,0,1,349,0,350,G
1-PB2,2266,354,0,0,0,354,A
1-PB2,2267,0,342,0,0,342,T
1-PB2,2268,0,0,342,0,342,G
1-PB2,2269,0,0,338,0,338,G
1-PB2,2270,0,0,0,337,337,C
1-PB2,2271,0,0,0,341,341,C
1-PB2,2272,337,1,0,0,338,A
1-PB2,2273,0,337,0,0,337,T
1-PB2,2274,1,0,0,338,339,C
1-PB2,2275,338,0,0,0,338,A
1-PB2,2276,340,0,0,0,340,A
1-PB2,2277,0,336,0,0,336,T
1-PB2,2278,0,298,0,0,298,T
1-PB2,2279,285,0,0,0,285,A
1-PB2,2280,280,0,0,0,280,A
2-PB1,1,155,0,0,0,155,A
2-PB1,2,0,155,0,0,155,T
2-PB1,3,0,0,155,0,155,G
2-PB1,4,0,0,169,0,169,G
2-PB1,5,189,0,0,0,189,A
2-PB1,6,0,203,0,0,203,T
2-PB1,7,0,0,207,0,207,G
2-PB1,8,0,205,0,0,205,T
2-PB1,9,0,0,0,218,218,C
2-PB1,10,222,0,0,0,222,A
2-PB1,11,232,0,0,0,232,A
2-PB1,12,0,234,0,0,234,T
2-PB1,13,0,0,0,233,233,C
2-PB1,14,0,0,0,241,241,C
2-PB1,15,0,0,252,0,252,G
2-PB1,16,280,0,0,0,280,A
2-PB1,17,0,0,0,280,280,C
2-PB1,18,0,283,0,0,283,T
2-PB1,19,0,0,0,320,320,C
2-PB1,20,0,320,0,1,321,T
2-PB1,21,321,0,0,0,321,A
2-PB1,22,0,0,0,323,323,C
2-PB1,23,0,324,0,0,324,T
2-PB1,24,0,0,372,0,372,G
2-PB1,25,0,373,0,0,373,T
2-PB1,26,0,375,0,0,375,T
2-PB1,27,1,0,0,372,373,C
2-PB1,28,0,0,0,374,374,C
2-PB1,29,1,435,0,0,436,T
2-PB1,30,444,0,0,0,444,A
2-PB1,31,444,0,0,0,444,A
2-PB1,32,447,0,1,0,448,A
2-PB1,33,0,2,448,0,450,G
2-PB1,34,0,0,451,0,451,G
2-PB1,35,0,450,0,0,450,T
2-PB1,36,0,454,0,0,454,T
2-PB1,37,0,0,0,455,455,C
2-PB1,38,1,0,0,455,456,C
2-PB1,39,456,0,0,0,456,A
2-PB1,40,0,0,466,0,466,G
2-PB1,41,0,0,0,463,463,C
2-PB1,42,1,0,462,0,463,G
2-PB1,43,0,0,0,467,467,C
2-PB1,44,469,0,0,0,469,A
2-PB1,45,470,0,0,0,470,A
2-PB1,46,471,0,0,0,471,A
2-PB1,47,469,0,0,0,469,A
2-PB1,48,0,472,0,0,472,T
2-PB1,49,0,0,504,0,504,G
2-PB1,50,0,0,0,502,502,C
2-PB1,51,1,0,0,508,509,C
2-PB1,52,510,0,1,0,511,A
2-PB1,53,0,510,0,0,510,T
2-PB1,54,553,0,0,0,553,A
2-PB1,55,552,0,1,0,553,A
2-PB1,56,0,0,577,0,577,G
2-PB1,57,0,1,0,574,575,C
2-PB1,58,578,0,0,0,578,A
2-PB1,59,0,1,0,592,593,C
2-PB1,60,591,0,1,0,592,A
2-PB1,61,616,0,0,0,616,A
2-PB1,62,0,0,0,619,619,C
2-PB1,63,622,0,0,0,622,A
2-PB1,64,0,634,0,0,634,T
2-PB1,65,0,634,0,0,634,T
2-PB1,66,0,0,0,760,760,C
2-PB1,67,0,0,0,763,763,C
2-PB1,68,0,1,0,767,768,C
2-PB1,69,0,780,0,0,780,T
2-PB1,70,0,776,0,0,776,T
2-PB1,71,861,0,0,0,861,A
2-PB1,72,0,869,0,0,869,T
2-PB1,73,874,0,0,0,874,A
2-PB1,74,0,0,0,881,881,C
2-PB1,75,0,856,0,0,856,T
2-PB1,76,0,1,869,0,870,G
2-PB1,77,1,0,864,0,865,G
2-PB1,78,861,0,2,0,863,A
2-PB1,79,0,3,858,0,861,G
2-PB1,80,866,0,0,0,866,A
2-PB1,81,0,870,0,2,872,T
2-PB1,82,1,0,0,921,922,C
2-PB1,83,0,0,0,918,918,C
2-PB1,84,0,929,0,0,929,T
2-PB1,85,0,0,0,982,982,C
2-PB1,86,0,0,0,977,977,C
2-PB1,87,989,0,0,0,989,A
2-PB1,88,0,988,0,2,990,T
2-PB1,89,984,0,0,0,984,A
2-PB1,90,0,0,0,991,991,C
2-PB1,91,984,0,1,0,985,A
2-PB1,92,0,0,1023,0,1023,G
2-PB1,93,0,0,0,1034,1034,C
2-PB1,94,0,0,0,1024,1024,C
2-PB1,95,1028,0,0,0,1028,A
2-PB1,96,0,1020,0,2,1022,T
2-PB1,97,0,0,1021,0,1021,G
2-PB1,98,0,2,1071,0,1073,G
2-PB1,99,1074,0,1,0,1075,A
2-PB1,100,1086,0,0,0,1086,A
2-PB1,101,0,0,0,1089,1089,C
2-PB1,102,1076,0,2,0,1078,A
2-PB1,103,0,0,1108,0,1108,G
2-PB1,104,0,2,1122,0,1124,G
2-PB1,105,1121,0,1,0,1122,A
2-PB1,106,1140,0,0,0,1140,A
2-PB1,107,0,0,0,1138,1138,C
2-PB1,108,1139,0,0,0,1139,A
2-PB1,109,0,0,1262,0,1262,G
2-PB1,110,0,1,1258,0,1259,G
2-PB1,111,0,0,1286,0,1286,G
2-PB1,112,1,1281,0,3,1285,T
2-PB1,113,1291,0,4,0,1295,A
2-PB1,114,0,0,0,1309,1309,C
2-PB1,115,1346,0,0,0,1346,A
2-PB1,116,0,0,0,1402,1402,C
2-PB1,117,1,0,0,1393,1394,C
2-PB1,118,1369,0,2,0,1371,A
2-PB1,119,0,1357,0,0,1357,T
2-PB1,120,0,1,1363,0,1364,G
2-PB1,121,2,1,1366,0,1369,G
2-PB1,122,1370,0,2,0,1372,A
2-PB1,123,0,1,0,1378,1379,C
2-PB1,124,1346,0,1,0,1347,A
2-PB1,125,0,0,0,1366,1366,C
2-PB1,126,1362,0,1,0,1363,A
2-PB1,127,0,0,1390,0,1390,G
2-PB1,128,0,1388,0,0,1388,T
2-PB1,129,1,0,0,1427,1428,C
2-PB1,130,1431,0,0,0,1431,A
2-PB1,131,1440,0,1,0,1441,A
2-PB1,132,0,1,0,1440,1441,C
2-PB1,133,1434,0,0,0,1434,A
2-PB1,134,0,5,1444,0,1449,G
2-PB1,135,1427,1,1,0,1429,A
2-PB1,136,1426,0,0,1,1427,A
2-PB1,137,0,0,0,1435,1435,C
2-PB1,138,1416,0,0,0,1416,A
2-PB1,139,1,0,0,1414,1415,C
2-PB1,140,1412,0,0,0,1412,A
2-PB1,141,0,1400,0,0,1400,T
2-PB1,142,2,1,0,1490,1493,C
2-PB1,143,1496,0,0,0,1496,A
2-PB1,144,1509,0,0,0,1509,A
2-PB1,145,0,1542,0,0,1542,T
2-PB1,146,1588,0,0,0,1588,A
2-PB1,147,0,1592,0,0,1592,T
2-PB1,148,0,1567,0,1,1568,T
2-PB1,149,2,0,0,1573,1575,C
2-PB1,150,1545,0,3,0,1548,A
2-PB1,151,0,1,1548,0,1549,G
2-PB1,152,1541,0,2,0,1543,A
2-PB1,153,0,0,1543,0,1543,G
2-PB1,154,1508,0,2,0,1510,A
2-PB1,155,1,1,1489,0,1491,G
2-PB1,156,0,0,1492,0,1492,G
2-PB1,157,1,0,1542,0,1543,G
2-PB1,158,0,0,1544,0,1544,G
2-PB1,159,0,1,1556,0,1557,G
2-PB1,160,1551,0,3,0,1554,A
2-PB1,161,1561,0,1,0,1562,A
2-PB1,162,0,0,1578,0,1578,G
2-PB1,163,0,1551,0,2,1553,T
2-PB1,164,0,1,1552,0,1553,G
2-PB1,165,0,0,1548,0,1548,G
2-PB1,166,1540,0,6,0,1546,A
2-PB1,167,1,1,0,1557,1559,C
2-PB1,168,1,1,1554,0,1556,G
2-PB1,169,1573,0,2,0,1575,A
2-PB1,170,1,1,0,1586,1588,C
2-PB1,171,1581,0,0,0,1581,A
2-PB1,172,1586,0,0,0,1586,A
2-PB1,173,1597,0,1,0,1598,A
2-PB1,174,0,1614,0,0,1614,T
2-PB1,175,1619,0,1,0,1620,A
2-PB1,176,0,0,0,1616,1616,C
2-PB1,177,1597,0,2,0,1599,A
2-PB1,178,0,5,1593,0,1598,G
2-PB1,179,1596,0,0,0,1596,A
2-PB1,180,1610,0,0,0,1610,A
2-PB1,181,1600,0,1,0,1601,A
2-PB1,182,0,0,0,1613,1613,C
2-PB1,183,0,1588,0,2,1590,T
2-PB1,184,0,0,1592,0,1592,G
2-PB1,185,2,1,1565,0,1568,G
2-PB1,186,0,2,1560,0,1562,G
2-PB1,187,3,1,1567,0,1571,G
2-PB1,188,0,1,0,1587,1588,C
2-PB1,189,1581,0,2,0,1583,A
2-PB1,190,0,0,0,1635,1635,C
2-PB1,191,0,2,0,1631,1633,C
2-PB1,192,1,1,0,1626,1628,C
2-PB1,193,1,0,0,1644,1645,C
2-PB1,194,1648,0,0,0,1648,A
2-PB1,195,1662,0,0,0,1662,A
2-PB1,196,0,0,0,1662,1662,C
2-PB1,197,0,1659,0,1,1660,T
2-PB1,198,2,0,0,1664,1666,C
2-PB1,199,1609,0,2,0,1611,A
2-PB1,200,1624,0,1,0,1625,A
2-PB1,201,1,0,0,1623,1624,C
2-PB1,202,1,6,0,1612,1619,C
2-PB1,203,5,0,0,1621,1626,C
2-PB1,204,1625,0,0,0,1625,A
2-PB1,205,1635,0,0,0,1635,A
2-PB1,206,0,1645,0,0,1645,T
2-PB1,207,0,1635,0,0,1635,T
2-PB1,208,1,0,1647,0,1648,G
2-PB1,209,1624,0,1,0,1625,A
2-PB1,210,0,1622,0,0,1622,T
2-PB1,211,0,3,1620,0,1623,G
2-PB1,212,0,1,1630,1,1632,G
2-PB1,213,1653,0,2,0,1655,A
2-PB1,214,0,0,0,1662,1662,C
2-PB1,215,2,0,0,1648,1650,C
2-PB1,216,1651,0,0,0,1651,A
2-PB1,217,0,0,0,1694,1694,C
2-PB1,218,0,1698,0,0,1698,T
2-PB1,219,1723,0,1,0,1724,A
2-PB1,220,0,0,0,1746,1746,C
2-PB1,221,1,0,0,1733,1734,C
2-PB1,222,0,1693,0,2,1695,T
2-PB1,223,0,2,1698,0,1700,G
2-PB1,224,1680,0,0,0,1680,A
2-PB1,225,0,2,1696,0,1698,G
2-PB1,226,0,2,1689,0,1691,G
2-PB1,227,1673,0,3,0,1676,A
2-PB1,228,0,1656,0,1,1657,T
2-PB1,229,1644,0,0,0,1644,A
2-PB1,230,1637,0,1,0,1638,A
2-PB1,231,0,1642,0,0,1642,T
2-PB1,232,1,1,1635,0,1637,G
2-PB1,233,1636,0,1,0,1637,A
2-PB1,234,1623,0,1,0,1624,A
2-PB1,235,0,0,0,1631,1631,C
2-PB1,236,0,0,0,1610,1610,C
2-PB1,237,1616,0,0,0,1616,A
2-PB1,238,1613,0,0,0,1613,A
2-PB1,239,0,0,1630,0,1630,G
2-PB1,240,0,1621,0,1,1622,T
2-PB1,241,0,2,1631,0,1633,G
2-PB1,242,0,1,1653,1,1655,G
2-PB1,243,1660,0,0,0,1660,A
2-PB1,244,0,1643,0,0,1643,T
2-PB1,245,1657,0,1,0,1658,A
2-PB1,246,0,1691,0,1,1692,T
2-PB1,247,0,0,1705,0,1705,G
2-PB1,248,0,2,0,1714,1716,C
2-PB1,249,1715,0,1,0,1716,A
2-PB1,250,0,0,0,1761,1761,C
2-PB1,251,1726,0,0,0,1726,A
2-PB1,252,1744,0,1,0,1745,A
2-PB1,253,1744,0,0,0,1744,A
2-PB1,254,0,0,0,1751,1751,C
2-PB1,255,1707,0,0,0,1707,A
2-PB1,256,0,2,1725,0,1727,G
2-PB1,257,1722,0,3,0,1725,A
2-PB1,258,0,0,0,1737,1737,C
2-PB1,259,0,1693,0,1,1694,T
2-PB1,260,1,0,1728,0,1729,G
2-PB1,261,0,1698,0,3,1701,T
2-PB1,262,0,1,1773,0,1774,G
2-PB1,263,1,1769,0,1,1771,T
2-PB1,264,1,1,0,1779,1781,C
2-PB1,265,1,0,0,1773,1774,C
2-PB1,266,0,1752,0,1,1753,T
2-PB1,267,1,0,1755,0,1756,G
2-PB1,268,0,0,1747,0,1747,G
2-PB1,269,1723,0,2,0,1725,A
2-PB1,270,0,0,1759,0,1759,G
2-PB1,271,0,0,1711,0,1711,G
2-PB1,272,1,0,0,1703,1704,C
2-PB1,273,0,1703,0,0,1703,T
2-PB1,274,1706,0,0,0,1706,A
2-PB1,275,0,1700,0,2,1702,T
2-PB1,276,1,3,1699,1,1704,G
2-PB1,277,0,0,1701,0,1701,G
2-PB1,278,0,0,0,1704,1704,C
2-PB1,279,2,0,0,1688,1690,C
2-PB1,280,0,1674,0,0,1674,T
2-PB1,281,0,1766,0,0,1766,T
2-PB1,282,0,0,0,1769,1769,C
2-PB1,283,2,0,0,1766,1768,C
2-PB1,284,0,1773,0,1,1774,T
2-PB1,285,0,1773,0,0,1773,T
2-PB1,286,0,2,1785,0,1787,G
2-PB1,287,1775,0,0,1,1776,A
2-PB1,288,1776,0,0,0,1776,A
2-PB1,289,0,4,1773,0,1777,G
2-PB1,290,1709,0,1,0,1710,A
2-PB1,291,1720,0,1,0,1721,A
2-PB1,292,0,1711,0,0,1711,T
2-PB1,293,1,1,0,1715,1717,C
2-PB1,294,0,1,0,1715,1716,C
2-PB1,295,1,0,0,1703,1704,C
2-PB1,296,1705,0,1,0,1706,A
2-PB1,297,0,0,0,1718,1718,C
2-PB1,298,1,0,0,1714,1715,C
2-PB1,299,2,0,1,1719,1722,C
2-PB1,300,1693,0,1,0,1694,A
2-PB1,301,0,0,1699,0,1699,G
2-PB1,302,0,0,1707,0,1707,G
2-PB1,303,0,1693,0,0,1693,T
2-PB1,304,1717,0,0,0,1717,A
2-PB1,305,1,1710,0,0,1711,T
2-PB1,306,0,0,0,1709,1709,C
2-PB1,307,0,1712,0,3,1715,T
2-PB1,308,0,1710,1,1,1712,T
2-PB1,309,0,1714,0,0,1714,T
2-PB1,310,0,1,1706,0,1707,G
2-PB1,311,1687,0,2,0,1689,A
2-PB1,312,4,1,1690,0,1695,G
2-PB1,313,1671,0,3,0,1674,A
2-PB1,314,1683,1,1,0,1685,A
2-PB1,315,0,0,0,1696,1696,C
2-PB1,316,0,1665,0,1,1666,T
2-PB1,317,2,0,0,1672,1674,C
2-PB1,318,1668,0,2,0,1670,A
2-PB1,319,0,1676,0,0,1676,T
2-PB1,320,0,0,1676,0,1676,G
2-PB1,321,0,0,0,1704,1704,C
2-PB1,322,2,1,0,1708,1711,C
2-PB1,323,0,1702,0,2,1704,T
2-PB1,324,0,1692,0,2,1694,T
2-PB1,325,0,4,1694,0,1698,G
2-PB1,326,1703,0,0,0,1703,A
2-PB1,327,1690,0,0,0,1690,A
2-PB1,328,1702,0,1,0,1703,A
2-PB1,329,0,1,0,1711,1712,C
2-PB1,330,1674,0,0,0,1674,A
2-PB1,331,1689,0,1,0,1690,A
2-PB1,332,0,1688,0,1,1689,T
2-PB1,333,0,0,1691,0,1691,G
2-PB1,334,0,0,1685,0,1685,G
2-PB1,335,1665,0,3,0,1668,A
2-PB1,336,1662,0,0,0,1662,A
2-PB1,337,1,0,1660,0,1661,G
2-PB1,338,0,0,1,1659,1660,C
2-PB1,339,0,0,0,1661,1661,C
2-PB1,340,2,0,1681,0,1683,G
2-PB1,341,0,1673,0,0,1673,T
2-PB1,342,0,1673,0,0,1673,T
2-PB1,343,1,1,0,1691,1693,C
2-PB1,344,1689,0,2,0,1691,A
2-PB1,345,1703,0,1,0,1704,A
2-PB1,346,1,0,0,1714,1715,C
2-PB1,347,1694,0,2,0,1696,A
2-PB1,348,0,2,1711,0,1713,G
2-PB1,349,1678,0,2,0,1680,A
2-PB1,350,1,0,0,1689,1690,C
2-PB1,351,1691,0,1,0,1692,A
2-PB1,352,1689,0,1,0,1690,A
2-PB1,353,0,3,1703,0,1706,G
2-PB1,354,0,2,1686,0,1688,G
2-PB1,355,0,0,1689,0,1689,G
2-PB1,356,0,1615,0,3,1618,T
2-PB1,357,1,2,1637,0,1640,G
2-PB1,358,0,3,1637,0,1640,G
2-PB1,359,1655,0,0,0,1655,A
2-PB1,360,0,0,0,1662,1662,C
2-PB1,361,1623,0,1,1,1625,A
2-PB1,362,1647,0,0,0,1647,A
2-PB1,363,1649,0,1,0,1650,A
2-PB1,364,0,0,0,1657,1657,C
2-PB1,365,0,1645,0,1,1646,T
2-PB1,366,1653,0,0,0,1653,A
2-PB1,367,1648,0,0,0,1648,A
2-PB1,368,0,0,0,1655,1655,C
2-PB1,369,0,0,0,1661,1661,C
2-PB1,370,4,0,0,1663,1667,C
2-PB1,371,1614,0,1,0,1615,A
2-PB1,372,1614,0,1,0,1615,A
2-PB1,373,0,1,1613,0,1614,G
2-PB1,374,0,0,1613,0,1613,G
2-PB1,375,0,1594,0,2,1596,T
2-PB1,376,2,0,0,1593,1595,C
2-PB1,377,0,0,1592,0,1592,G
2-PB1,378,0,1,0,1589,1590,C
2-PB1,379,1,0,0,1600,1601,C
2-PB1,380,1597,0,1,0,1598,A
2-PB1,381,0,4,1623,0,1627,G
2-PB1,382,1632,0,0,0,1632,A
2-PB1,383,1,0,0,1634,1635,C
2-PB1,384,0,1621,0,0,1621,T
2-PB1,385,0,1616,0,0,1616,T
2-PB1,386,1606,0,0,0,1606,A
2-PB1,387,0,1615,0,0,1615,T
2-PB1,388,0,0,1616,0,1616,G
2-PB1,389,1614,0,0,0,1614,A
2-PB1,390,0,1584,0,0,1584,T
2-PB1,391,0,1533,0,0,1533,T
2-PB1,392,0,1,1529,0,1530,G
2-PB1,393,0,0,1525,0,1525,G
2-PB1,394,1539,0,1,0,1540,A
2-PB1,395,0,1,0,1543,1544,C
2-PB1,396,1533,0,1,0,1534,A
2-PB1,397,0,1520,0,1,1521,T
2-PB1,398,0,1537,0,1,1538,T
2-PB1,399,1543,2,0,0,1545,A
2-PB1,400,1543,0,0,0,1543,A
2-PB1,401,1544,0,0,0,1544,A
2-PB1,402,0,0,0,1550,1550,C
2-PB1,403,1516,0,1,0,1517,A
2-PB1,404,0,1,1524,0,1525,G
2-PB1,405,1520,0,2,0,1522,A
2-PB1,406,1528,0,1,0,1529,A
2-PB1,407,1524,0,2,0,1526,A
2-PB1,408,0,1498,0,0,1498,T
2-PB1,409,0,0,0,1505,1505,C
2-PB1,410,1515,0,0,0,1515,A
2-PB1,411,1507,0,2,0,1509,A
2-PB1,412,0,0,0,1506,1506,C
2-PB1,413,2,1,0,1499,1502,C
2-PB1,414,0,0,1499,0,1499,G
2-PB1,415,1,0,1481,0,1482,G
2-PB1,416,0,2,0,1497,1499,C
2-PB1,417,1495,0,2,0,1497,A
2-PB1,418,0,0,1495,0,1495,G
2-PB1,419,1,0,0,1503,1504,C
2-PB1,420,1509,0,1,0,1510,A
2-PB1,421,1505,0,0,0,1505,A
2-PB1,422,0,0,0,1512,1512,C
2-PB1,423,1,1491,0,0,1492,T
2-PB1,424,0,0,1554,0,1554,G
2-PB1,425,1,1,0,1554,1556,C
2-PB1,426,1553,2,1,0,1556,A
2-PB1,427,0,1550,0,0,1550,T
2-PB1,428,0,1537,0,0,1537,T
2-PB1,429,1627,1,0,1,1629,A
2-PB1,430,0,0,1628,0,1628,G
2-PB1,431,0,0,0,1613,1613,C
2-PB1,432,1,0,0,1630,1631,C
2-PB1,433,1564,0,0,0,1564,A
2-PB1,434,1578,0,2,0,1580,A
2-PB1,435,0,0,0,1580,1580,C
2-PB1,436,1577,0,0,0,1577,A
2-PB1,437,1,2,0,1611,1614,C
2-PB1,438,0,1,0,1516,1517,C
2-PB1,439,1510,0,2,0,1512,A
2-PB1,440,1,1501,0,1,1503,T
2-PB1,441,1515,0,0,0,1515,A
2-PB1,442,0,1,1515,0,1516,G
2-PB1,443,1507,0,0,1,1508,A
2-PB1,444,1495,0,0,0,1495,A
2-PB1,445,0,0,1500,0,1500,G
2-PB1,446,0,1444,0,0,1444,T
2-PB1,447,0,1452,0,0,1452,T
2-PB1,448,0,1462,0,0,1462,T
2-PB1,449,0,1469,0,0,1469,T
2-PB1,450,0,1471,0,0,1471,T
2-PB1,451,1466,1,0,0,1467,A
2-PB1,452,0,0,1462,0,1462,G
2-PB1,453,1450,0,0,0,1450,A
2-PB1,454,1,1444,0,0,1445,T
2-PB1,455,0,0,0,1427,1427,C
2-PB1,456,1,2,1430,0,1433,G
2-PB1,457,1426,0,0,0,1426,A
2-PB1,458,1431,0,0,0,1431,A
2-PB1,459,1,0,0,1440,1441,C
2-PB1,460,1,2,1437,0,1440,G
2-PB1,461,0,3,1499,0,1502,G
2-PB1,462,1492,0,1,0,1493,A
2-PB1,463,0,1499,0,1,1500,T
2-PB1,464,0,1497,0,0,1497,T
2-PB1,465,1498,1,2,0,1501,A
2-PB1,466,1501,0,2,0,1503,A
2-PB1,467,0,0,0,1511,1511,C
2-PB1,468,1502,0,1,0,1503,A
2-PB1,469,0,0,1505,0,1505,G
2-PB1,470,0,0,0,1445,1445,C
2-PB1,471,0,1427,0,0,1427,T
2-PB1,472,1437,0,1,0,1438,A
2-PB1,473,1438,0,0,0,1438,A
2-PB1,474,0,1435,0,0,1435,T
2-PB1,475,0,2,1449,0,1451,G
2-PB1,476,1438,0,0,0,1438,A
2-PB1,477,1428,1,1,0,1430,A
2-PB1,478,0,1384,0,0,1384,T
2-PB1,479,0,0,1,1401,1402,C
2-PB1,480,1402,0,0,0,1402,A
2-PB1,481,0,2,1395,0,1397,G
2-PB1,482,0,1,1396,1,1398,G
2-PB1,483,1391,0,1,0,1392,A
2-PB1,484,1377,0,1,0,1378,A
2-PB1,485,0,2,1439,0,1441,G
2-PB1,486,0,0,1424,0,1424,G
2-PB1,487,1,0,0,1438,1439,C
2-PB1,488,0,1449,0,0,1449,T
2-PB1,489,1450,0,1,0,1451,A
2-PB1,490,1448,0,0,0,1448,A
2-PB1,491,0,1454,0,0,1454,T
2-PB1,492,1452,0,0,0,1452,A
2-PB1,493,0,2,1459,0,1461,G
2-PB1,494,1356,0,1,0,1357,A
2-PB1,495,0,1342,0,0,1342,T
2-PB1,496,0,1345,0,0,1345,T
2-PB1,497,1,1328,0,0,1329,T
2-PB1,498,0,0,0,1373,1373,C
2-PB1,499,0,0,0,1383,1383,C
2-PB1,500,0,1380,0,2,1382,T
2-PB1,501,2,0,0,1388,1390,C
2-PB1,502,1395,0,0,0,1395,A
2-PB1,503,1388,0,1,0,1389,A
2-PB1,504,0,2,1397,0,1399,G
2-PB1,505,1,0,1413,0,1414,G
2-PB1,506,1413,0,0,0,1413,A
2-PB1,507,0,1371,0,1,1372,T
2-PB1,508,0,1,1397,0,1398,G
2-PB1,509,0,1389,0,2,1391,T
2-PB1,510,0,2,1411,0,1413,G
2-PB1,511,1406,0,1,0,1407,A
2-PB1,512,0,1403,0,0,1403,T
2-PB1,513,0,0,1398,0,1398,G
2-PB1,514,1,0,1392,0,1393,G
2-PB1,515,1391,0,2,0,1393,A
2-PB1,516,1396,0,0,0,1396,A
2-PB1,517,0,1365,0,0,1365,T
2-PB1,518,2,0,0,1375,1377,C
2-PB1,519,1378,0,0,0,1378,A
2-PB1,520,1383,0,0,0,1383,A
2-PB1,521,0,1381,0,0,1381,T
2-PB1,522,0,4,1399,0,1403,G
2-PB1,523,0,0,1413,0,1413,G
2-PB1,524,1402,0,1,0,1403,A
2-PB1,525,1,1402,0,0,1403,T
2-PB1,526,1404,0,0,0,1404,A
2-PB1,527,1402,1,0,0,1403,A
2-PB1,528,1395,0,0,0,1395,A
2-PB1,529,0,1,1406,0,1407,G
2-PB1,530,1393,0,0,0,1393,A
2-PB1,531,0,0,1380,0,1380,G
2-PB1,532,0,0,1356,0,1356,G
2-PB1,533,1357,0,0,0,1357,A
2-PB1,534,1372,0,0,0,1372,A
2-PB1,535,1369,0,0,0,1369,A
2-PB1,536,0,1370,0,0,1370,T
2-PB1,537,0,0,1395,0,1395,G
2-PB1,538,5,2,1389,0,1396,G
2-PB1,539,1375,0,3,0,1378,A
2-PB1,540,0,0,1396,0,1396,G
2-PB1,541,1377,0,7,0,1384,A
2-PB1,542,0,1402,0,0,1402,T
2-PB1,543,1399,0,0,0,1399,A
2-PB1,544,1415,0,0,0,1415,A
2-PB1,545,0,1,0,1417,1418,C
2-PB1,546,1381,0,0,0,1381,A
2-PB1,547,1386,0,0,0,1386,A
2-PB1,548,1,0,0,1377,1378,C
2-PB1,549,1371,1,0,0,1372,A
2-PB1,550,1,0,0,1375,1376,C
2-PB1,551,1346,0,0,0,1346,A
2-PB1,552,0,0,0,1354,1354,C
2-PB1,553,0,1349,0,0,1349,T
2-PB1,554,0,1346,0,0,1346,T
2-PB1,555,0,1341,0,0,1341,T
2-PB1,556,0,0,0,1345,1345,C
2-PB1,557,1347,0,0,0,1347,A
2-PB1,558,1349,0,0,0,1349,A
2-PB1,559,1348,0,0,1,1349,A
2-PB1,560,0,1,1366,0,1367,G
2-PB1,561,1355,0,0,0,1355,A
2-PB1,562,1359,0,0,0,1359,A
2-PB1,563,1362,0,0,0,1362,A
2-PB1,564,1357,0,0,0,1357,A
2-PB1,565,1355,0,7,0,1362,A
2-PB1,566,0,1,1363,0,1364,G
2-PB1,567,0,1,1358,0,1359,G
2-PB1,568,1343,0,2,0,1345,A
2-PB1,569,0,1,1375,0,1376,G
2-PB1,570,1366,0,1,1,1368,A
2-PB1,571,0,0,1406,0,1406,G
2-PB1,572,1,1391,0,0,1392,T
2-PB1,573,1408,0,0,0,1408,A
2-PB1,574,1409,1,2,0,1412,A
2-PB1,575,0,0,1397,0,1397,G
2-PB1,576,1,0,1410,0,1411,G
2-PB1,577,0,1,1412,0,1413,G
2-PB1,578,1399,0,2,0,1401,A
2-PB1,579,1,0,1,1398,1400,C
2-PB1,580,1366,0,1,0,1367,A
2-PB1,581,1373,0,3,0,1376,A
2-PB1,582,0,0,0,1366,1366,C
2-PB1,583,1371,0,0,0,1371,A
2-PB1,584,0,1342,0,2,1344,T
2-PB1,585,0,3,1331,0,1334,G
2-PB1,586,1341,0,3,0,1344,A
2-PB1,587,0,0,0,1332,1332,C
2-PB1,588,1,0,0,1326,1327,C
2-PB1,589,1332,0,0,0,1332,A
2-PB1,590,1333,0,1,0,1334,A
2-PB1,591,0,0,1340,0,1340,G
2-PB1,592,1338,1,1,0,1340,A
2-PB1,593,1337,0,1,0,1338,A
2-PB1,594,1330,0,0,0,1330,A
2-PB1,595,1329,0,0,0,1329,A
2-PB1,596,0,1323,0,0,1323,T
2-PB1,597,0,0,1331,0,1331,G
2-PB1,598,0,0,1327,0,1327,G
2-PB1,599,0,1312,0,5,1317,T
2-PB1,600,1,0,0,1308,1309,C
2-PB1,601,1317,0,1,0,1318,A
2-PB1,602,1,0,0,1484,1485,C
2-PB1,603,1543,0,2,0,1545,A
2-PB1,604,5,1,0,1553,1559,C
2-PB1,605,1562,0,0,0,1562,A
2-PB1,606,1686,0,2,0,1688,A
2-PB1,607,1682,0,0,0,1682,A
2-PB1,608,0,1,1869,0,1870,G
2-PB1,609,1860,0,1,0,1861,A
2-PB1,610,1882,0,1,0,1883,A
2-PB1,611,0,0,0,1961,1961,C
2-PB1,612,1921,0,0,0,1921,A
2-PB1,613,1933,0,1,0,1934,A
2-PB1,614,0,1934,0,0,1934,T
2-PB1,615,1923,0,2,0,1925,A
2-PB1,616,2,1,1917,0,1920,G
2-PB1,617,1,1,1883,1,1886,G
2-PB1,618,0,2,1887,0,1889,G
2-PB1,619,1872,0,3,0,1875,A
2-PB1,620,1878,0,1,0,1879,A
2-PB1,621,0,2,1903,0,1905,G
2-PB1,622,1905,0,2,0,1907,A
2-PB1,623,1916,0,0,1,1917,A
2-PB1,624,1920,0,1,0,1921,A
2-PB1,625,1940,0,5,0,1945,A
2-PB1,626,1998,0,2,0,2000,A
2-PB1,627,2007,0,2,0,2009,A
2-PB1,628,1,0,0,2016,2017,C
2-PB1,629,2017,0,0,0,2017,A
2-PB1,630,2006,0,0,0,2006,A
2-PB1,631,2006,0,0,0,2006,A
2-PB1,632,0,2,2053,0,2055,G
2-PB1,633,2052,0,3,0,2055,A
2-PB1,634,0,0,2139,0,2139,G
2-PB1,635,0,2101,0,1,2102,T
2-PB1,636,1,5,2616,0,2622,G
2-PB1,637,2632,0,3,0,2635,A
2-PB1,638,2641,0,2,0,2643,A
2-PB1,639,0,2689,0,0,2689,T
2-PB1,640,2706,0,0,0,2706,A
2-PB1,641,2730,0,5,0,2735,A
2-PB1,642,0,3,2730,0,2733,G
2-PB1,643,2697,1,3,0,2701,A
2-PB1,644,1,2,2712,0,2715,G
2-PB1,645,2608,0,3,0,2611,A
2-PB1,646,0,1,2633,0,2634,G
2-PB1,647,1,1,2609,0,2611,G
2-PB1,648,0,1,0,2626,2627,C
2-PB1,649,0,2626,0,5,2631,T
2-PB1,650,2719,2,0,0,2721,A
2-PB1,651,1,1,0,2930,2932,C
2-PB1,652,2,0,0,2941,2943,C
2-PB1,653,0,2980,0,2,2982,T
2-PB1,654,3083,0,0,0,3083,A
2-PB1,655,3083,0,1,0,3084,A
2-PB1,656,0,3087,1,0,3088,T
2-PB1,657,3078,0,1,0,3079,A
2-PB1,658,3067,0,3,0,3070,A
2-PB1,659,0,2,3078,0,3080,G
2-PB1,660,2999,0,5,0,3004,A
2-PB1,661,0,0,3026,0,3026,G
2-PB1,662,3,0,0,3042,3045,C
2-PB1,663,0,3022,1,3,3026,T
2-PB1,664,0,3042,1,0,3043,T
2-PB1,665,0,3048,1,1,3050,T
2-PB1,666,2,7,3034,0,3043,G
2-PB1,667,3109,0,1,0,3110,A
2-PB1,668,1,0,0,3127,3128,C
2-PB1,669,3125,0,2,0,3127,A
2-PB1,670,0,3110,1,3,3114,T
2-PB1,671,0,3112,1,0,3113,T
2-PB1,672,2,12,3185,0,3199,G
2-PB1,673,3197,1,0,0,3198,A
2-PB1,674,3202,1,7,0,3210,A
2-PB1,675,1,0,0,3202,3203,C
2-PB1,676,3184,0,5,0,3189,A
2-PB1,677,1,1,0,3192,3194,C
2-PB1,678,1,0,3182,0,3183,G
2-PB1,679,3191,0,1,0,3192,A
2-PB1,680,0,3197,1,2,3200,T
2-PB1,681,1,6,3263,0,3270,G
2-PB1,682,3271,0,6,0,3277,A
2-PB1,683,2,2,0,3272,3276,C
2-PB1,684,7,0,0,3292,3299,C
2-PB1,685,3309,0,1,0,3310,A
2-PB1,686,3348,2,2,0,3352,A
2-PB1,687,3346,0,3,0,3349,A
2-PB1,688,0,1,3452,0,3453,G
2-PB1,689,3487,1,2,0,3490,A
2-PB1,690,0,3443,1,1,3445,T
2-PB1,691,3,0,3458,0,3461,G
2-PB1,692,1,1,0,3438,3440,C
2-PB1,693,3446,0,2,0,3448,A
2-PB1,694,1,1,3470,0,3472,G
2-PB1,695,3418,0,3,0,3421,A
2-PB1,696,1,2,3444,0,3447,G
2-PB1,697,3374,0,1,0,3375,A
2-PB1,698,0,1,3375,0,3376,G
2-PB1,699,3345,0,4,0,3349,A
2-PB1,700,1,1,3328,0,3330,G
2-PB1,701,2,0,3338,0,3340,G
2-PB1,702,1,0,0,3339,3340,C
2-PB1,703,3331,0,2,0,3333,A
2-PB1,704,3342,0,2,0,3344,A
2-PB1,705,3367,0,1,0,3368,A
2-PB1,706,0,3390,1,0,3391,T
2-PB1,707,0,3386,1,0,3387,T
2-PB1,708,3384,2,1,0,3387,A
2-PB1,709,3382,0,0,0,3382,A
2-PB1,710,3390,0,3,0,3393,A
2-PB1,711,3397,1,0,0,3398,A
2-PB1,712,3380,0,5,0,3385,A
2-PB1,713,0,2,3390,0,3392,G
2-PB1,714,3369,0,1,0,3370,A
2-PB1,715,3350,0,6,0,3356,A
2-PB1,716,0,3,3395,0,3398,G
2-PB1,717,1,4,3451,0,3456,G
2-PB1,718,1,1,3450,1,3453,G
2-PB1,719,0,0,1,3497,3498,C
2-PB1,720,0,3488,0,5,3493,T
2-PB1,721,3523,0,0,0,3523,A
2-PB1,722,0,3585,0,0,3585,T
2-PB1,723,2,3594,0,1,3597,T
2-PB1,724,0,2,3602,0,3604,G
2-PB1,725,1,2,1,3578,3582,C
2-PB1,726,3512,0,7,0,3519,A
2-PB1,727,3510,0,6,0,3516,A
2-PB1,728,2,0,0,3512,3514,C
2-PB1,729,3488,0,6,0,3494,A
2-PB1,730,0,0,0,3520,3520,C
2-PB1,731,4,1,0,3468,3473,C
2-PB1,732,3,0,0,3473,3476,C
2-PB1,733,2,3,3446,0,3451,G
2-PB1,734,0,1,3469,0,3470,G
2-PB1,735,0,2,3465,0,3467,G
2-PB1,736,3477,0,1,0,3478,A
2-PB1,737,0,3447,0,2,3449,T
2-PB1,738,0,1,3464,0,3465,G
2-PB1,739,0,1,0,3442,3443,C
2-PB1,740,3489,0,1,1,3491,A
2-PB1,741,3550,0,3,0,3553,A
2-PB1,742,3586,1,2,0,3589,A
2-PB1,743,0,3599,0,0,3599,T
2-PB1,744,0,3599,0,0,3599,T
2-PB1,745,3580,0,1,0,3581,A
2-PB1,746,0,1,3584,0,3585,G
2-PB1,747,3533,0,26,0,3559,A
2-PB1,748,0,0,3578,0,3578,G
2-PB1,749,0,7,3520,1,3528,G
2-PB1,750,0,0,3631,0,3631,G
2-PB1,751,1,3612,0,3,3616,T
2-PB1,752,0,3638,0,1,3639,T
2-PB1,753,7,2,0,3648,3657,C
2-PB1,754,5,0,3710,0,3715,G
2-PB1,755,0,3705,2,7,3714,T
2-PB1,756,0,1,3734,0,3735,G
2-PB1,757,0,3699,0,3,3702,T
2-PB1,758,3696,0,0,0,3696,A
2-PB1,759,1,0,0,3697,3698,C
2-PB1,760,0,3559,0,3,3562,T
2-PB1,761,0,3568,0,1,3569,T
2-PB1,762,4,0,0,3575,3579,C
2-PB1,763,1,0,3550,1,3552,G
2-PB1,764,0,3555,0,1,3556,T
2-PB1,765,0,3546,0,4,3550,T
2-PB1,766,1,5,3541,0,3547,G
2-PB1,767,3518,0,3,0,3521,A
2-PB1,768,3534,0,3,1,3538,A
2-PB1,769,3560,0,1,1,3562,A
2-PB1,770,0,3,0,3564,3567,C
2-PB1,771,0,3547,0,0,3547,T
2-PB1,772,0,3547,0,1,3548,T
2-PB1,773,0,3553,0,0,3553,T
2-PB1,774,3632,0,1,0,3633,A
2-PB1,775,0,0,3649,0,3649,G
2-PB1,776,0,1,0,3658,3659,C
2-PB1,777,0,3664,0,0,3664,T
2-PB1,778,3638,0,0,1,3639,A
2-PB1,779,0,0,3640,0,3640,G
2-PB1,780,3636,0,4,0,3640,A
2-PB1,781,3626,0,2,0,3628,A
2-PB1,782,0,1,3642,0,3643,G
2-PB1,783,1,0,0,3580,3581,C
2-PB1,784,3585,0,3,0,3588,A
2-PB1,785,0,3570,0,1,3571,T
2-PB1,786,0,3573,0,1,3574,T
2-PB1,787,1,3571,0,0,3572,T
2-PB1,788,1,1,3570,0,3572,G
2-PB1,789,1,5,0,3559,3565,C
2-PB1,790,0,3,3582,0,3585,G
2-PB1,791,3562,0,1,0,3563,A
2-PB1,792,3552,0,1,0,3553,A
2-PB1,793,3554,0,5,0,3559,A
2-PB1,794,3647,0,5,0,3652,A
2-PB1,795,0,0,3706,1,3707,G
2-PB1,796,1,0,0,3703,3704,C
2-PB1,797,1,3717,0,2,3720,T
2-PB1,798,0,3717,2,1,3720,T
2-PB1,799,1,2,3717,0,3720,G
2-PB1,800,3711,0,4,0,3715,A
2-PB1,801,3702,0,8,0,3710,A
2-PB1,802,0,1,0,3736,3737,C
2-PB1,803,3665,0,2,0,3667,A
2-PB1,804,0,1,4078,0,4079,G
2-PB1,805,0,4054,1,6,4061,T
2-PB1,806,3,0,0,4074,4077,C
2-PB1,807,0,4083,0,4,4087,T
2-PB1,808,2,1,4097,0,4100,G
2-PB1,809,0,2,4081,0,4083,G
2-PB1,810,4089,0,3,0,4092,A
2-PB1,811,1,1,0,4120,4122,C
2-PB1,812,0,3979,0,1,3980,T
2-PB1,813,0,3741,0,1,3742,T
2-PB1,814,1,2,0,3740,3743,C
2-PB1,815,1,0,1,3732,3734,C
2-PB1,816,4,1,3770,0,3775,G
2-PB1,817,0,1,3795,0,3796,G
2-PB1,818,0,3752,0,6,3758,T
2-PB1,819,0,3772,1,6,3779,T
2-PB1,820,1,2,3760,0,3763,G
2-PB1,821,0,3,3792,0,3795,G
2-PB1,822,1,3,3820,0,3824,G
2-PB1,823,1,2,3811,0,3814,G
2-PB1,824,1,1,3838,0,3840,G
2-PB1,825,0,3786,1,1,3788,T
2-PB1,826,3814,0,3,1,3818,A
2-PB1,827,3853,0,2,0,3855,A
2-PB1,828,0,3856,1,2,3859,T
2-PB1,829,0,8,3863,0,3871,G
2-PB1,830,3833,0,0,0,3833,A
2-PB1,831,3793,0,6,0,3799,A
2-PB1,832,3806,0,4,0,3810,A
2-PB1,833,3778,0,4,0,3782,A
2-PB1,834,0,3,3775,0,3778,G
2-PB1,835,3740,0,1,0,3741,A
2-PB1,836,3698,1,8,2,3709,A
2-PB1,837,0,3,3709,0,3712,G
2-PB1,838,0,0,3687,0,3687,G
2-PB1,839,1,3,0,3677,3681,C
2-PB1,840,4,0,0,3685,3689,C
2-PB1,841,3716,0,2,0,3718,A
2-PB1,842,3712,0,2,0,3714,A
2-PB1,843,3714,0,1,0,3715,A
2-PB1,844,0,2,0,3731,3733,C
2-PB1,845,0,3721,0,4,3725,T
2-PB1,846,3,2,3785,0,3790,G
2-PB1,847,2,1,3783,0,3786,G
2-PB1,848,0,3,0,3797,3800,C
2-PB1,849,3798,0,3,0,3801,A
2-PB1,850,3787,0,3,0,3790,A
2-PB1,851,3793,0,2,1,3796,A
2-PB1,852,0,3795,0,1,3796,T
2-PB1,853,2,0,3800,0,3802,G
2-PB1,854,0,3774,0,2,3776,T
2-PB1,855,0,3701,0,2,3703,T
2-PB1,856,3,1,3704,0,3708,G
2-PB1,857,1,3675,0,3,3679,T
2-PB1,858,0,8,3687,0,3695,G
2-PB1,859,3698,0,1,0,3699,A
2-PB1,860,0,10,3701,0,3711,G
2-PB1,861,3706,0,5,0,3711,A
2-PB1,862,3691,0,0,0,3691,A
2-PB1,863,3686,0,5,0,3691,A
2-PB1,864,3696,0,1,0,3697,A
2-PB1,865,3710,1,6,0,3717,A
2-PB1,866,0,3694,0,0,3694,T
2-PB1,867,1,4,3700,0,3705,G
2-PB1,868,3675,0,2,1,3678,A
2-PB1,869,1,3656,0,0,3657,T
2-PB1,870,0,8,3688,0,3696,G
2-PB1,871,3674,0,5,0,3679,A
2-PB1,872,1,0,0,3710,3711,C
2-PB1,873,0,3686,0,5,3691,T
2-PB1,874,3699,0,1,0,3700,A
2-PB1,875,3734,0,3,0,3737,A
2-PB1,876,2,3724,0,2,3728,T
2-PB1,877,1,3769,0,0,3770,T
2-PB1,878,4,1,0,3794,3799,C
2-PB1,879,3798,0,2,0,3800,A
2-PB1,880,1,2,0,3819,3822,C
2-PB1,881,3794,1,1,0,3796,A
2-PB1,882,3795,0,7,0,3802,A
2-PB1,883,1,7,3785,0,3793,G
2-PB1,884,3827,0,13,0,3840,A
2-PB1,885,2,3,0,3850,3855,C
2-PB1,886,3806,0,4,0,3810,A
2-PB1,887,0,0,0,3814,3814,C
2-PB1,888,3769,0,3,0,3772,A
2-PB1,889,0,2,3791,0,3793,G
2-PB1,890,3760,0,7,0,3767,A
2-PB1,891,1,0,3773,0,3774,G
2-PB1,892,0,2,0,3739,3741,C
2-PB1,893,0,3678,0,10,3688,T
2-PB1,894,0,3749,0,1,3750,T
2-PB1,895,0,3730,0,0,3730,T
2-PB1,896,13,11,0,3731,3755,C
2-PB1,897,1,3736,0,4,3741,T
2-PB1,898,0,3730,0,2,3732,T
2-PB1,899,0,3729,1,5,3735,T
2-PB1,900,2,0,0,3743,3745,C
2-PB1,901,3707,0,3,0,3710,A
2-PB1,902,1,0,0,3732,3733,C
2-PB1,903,3711,0,0,0,3711,A
2-PB1,904,3724,0,2,0,3726,A
2-PB1,905,0,3743,1,1,3745,T
2-PB1,906,5,1,0,3804,3810,C
2-PB1,907,3803,0,0,0,3803,A
2-PB1,908,0,1,0,3846,3847,C
2-PB1,909,0,3806,1,2,3809,T
2-PB1,910,2,4,3847,0,3853,G
2-PB1,911,3,2,3819,1,3825,G
2-PB1,912,0,3,3954,0,3957,G
2-PB1,913,0,4,3933,0,3937,G
2-PB1,914,3860,1,8,0,3869,A
2-PB1,915,1,1,0,3749,3751,C
2-PB1,916,3786,0,5,0,3791,A
2-PB1,917,4034,0,5,0,4039,A
2-PB1,918,2,1,0,4091,4094,C
2-PB1,919,4070,0,1,0,4071,A
2-PB1,920,0,0,0,4083,4083,C
2-PB1,921,1,3924,1,2,3928,T
2-PB1,922,3940,0,1,0,3941,A
2-PB1,923,3933,1,2,0,3936,A
2-PB1,924,0,1,3951,0,3952,G
2-PB1,925,0,3901,1,3,3905,T
2-PB1,926,1,7,3656,0,3664,G
2-PB1,927,0,3,3640,0,3643,G
2-PB1,928,3619,0,2,0,3621,A
2-PB1,929,3635,0,0,1,3636,A
2-PB1,930,0,3629,1,2,3632,T
2-PB1,931,1,4,3624,0,3629,G
2-PB1,932,3629,0,2,0,3631,A
2-PB1,933,3583,0,0,0,3583,A
2-PB1,934,3609,0,7,0,3616,A
2-PB1,935,3629,0,2,0,3631,A
2-PB1,936,1,3599,1,0,3601,T
2-PB1,937,9,1,0,3612,3622,C
2-PB1,938,3622,0,0,0,3622,A
2-PB1,939,3615,0,2,0,3617,A
2-PB1,940,3601,0,4,0,3605,A
2-PB1,941,3589,0,2,0,3591,A
2-PB1,942,0,0,0,3622,3622,C
2-PB1,943,3,0,0,3589,3592,C
2-PB1,944,2,0,0,3612,3614,C
2-PB1,945,0,3588,1,3,3592,T
2-PB1,946,3,2,0,3608,3613,C
2-PB1,947,0,1,3614,0,3615,G
2-PB1,948,3601,1,3,1,3606,A
2-PB1,949,3608,0,1,2,3611,A
2-PB1,950,0,3607,0,0,3607,T
2-PB1,951,0,0,3637,0,3637,G
2-PB1,952,0,3606,2,1,3609,T
2-PB1,953,0,3587,0,2,3589,T
2-PB1,954,0,3608,11,3,3622,T
2-PB1,955,0,3617,0,2,3619,T
2-PB1,956,0,3627,0,0,3627,T
2-PB1,957,0,3,3613,0,3616,G
2-PB1,958,2,2,3594,0,3598,G
2-PB1,959,0,1,0,3600,3601,C
2-PB1,960,1,2,3576,0,3579,G
2-PB1,961,3575,0,0,1,3576,A
2-PB1,962,0,3713,0,0,3713,T
2-PB1,963,1,5,3860,0,3866,G
2-PB1,964,4097,2,5,1,4105,A
2-PB1,965,0,4119,0,2,4121,T
2-PB1,966,1,4141,0,0,4142,T
2-PB1,967,4165,0,8,1,4174,A
2-PB1,968,0,1,0,4177,4178,C
2-PB1,969,4198,0,8,0,4206,A
2-PB1,970,0,4179,0,7,4186,T
2-PB1,971,3975,0,2,0,3977,A
2-PB1,972,1,2,0,4021,4024,C
2-PB1,973,3702,0,1,0,3703,A
2-PB1,974,0,3709,0,3,3712,T
2-PB1,975,0,1,0,3701,3702,C
2-PB1,976,3695,0,1,0,3696,A
2-PB1,977,1,1,0,3707,3709,C
2-PB1,978,3692,0,0,0,3692,A
2-PB1,979,3693,0,0,0,3693,A
2-PB1,980,3675,0,3,2,3680,A
2-PB1,981,1,4,3577,0,3582,G
2-PB1,982,3739,0,1,0,3740,A
2-PB1,983,3739,0,2,0,3741,A
2-PB1,984,0,3726,0,1,3727,T
2-PB1,985,5,1,0,3726,3732,C
2-PB1,986,3760,0,0,0,3760,A
2-PB1,987,3770,0,2,0,3772,A
2-PB1,988,1,1,0,3783,3785,C
2-PB1,989,1,0,0,3782,3783,C
2-PB1,990,0,3638,0,0,3638,T
2-PB1,991,1,4,3668,0,3673,G
2-PB1,992,3654,0,2,0,3656,A
2-PB1,993,0,0,3674,0,3674,G
2-PB1,994,0,3641,0,2,3643,T
2-PB1,995,1,3,3591,0,3595,G
2-PB1,996,0,0,3795,0,3795,G
2-PB1,997,0,3785,0,5,3790,T
2-PB1,998,0,3778,0,2,3780,T
2-PB1,999,4,2,0,3794,3800,C
2-PB1,1000,3775,0,2,0,3777,A
2-PB1,1001,1,4,3815,0,3820,G
2-PB1,1002,3787,0,37,0,3824,A
2-PB1,1003,3825,1,5,0,3831,A
2-PB1,1004,3800,0,5,0,3805,A
2-PB1,1005,0,0,0,3540,3540,C
2-PB1,1006,3571,1,1,0,3573,A
2-PB1,1007,0,3553,0,3,3556,T
2-PB1,1008,4,0,0,3591,3595,C
2-PB1,1009,2,3,0,3606,3611,C
2-PB1,1010,0,3554,1,3,3558,T
2-PB1,1011,1,4,3559,0,3564,G
2-PB1,1012,3538,1,1,0,3540,A
2-PB1,1013,0,1,3568,0,3569,G
2-PB1,1014,0,2,0,3554,3556,C
2-PB1,1015,3484,0,0,0,3484,A
2-PB1,1016,0,3482,0,1,3483,T
2-PB1,1017,1,0,0,3467,3468,C
2-PB1,1018,0,1,3476,0,3477,G
2-PB1,1019,0,0,0,3568,3568,C
2-PB1,1020,3571,0,0,6,3577,A
2-PB1,1021,2,3,0,3669,3674,C
2-PB1,1022,2,1,0,3671,3674,C
2-PB1,1023,3675,1,6,0,3682,A
2-PB1,1024,3731,0,2,0,3733,A
2-PB1,1025,0,3735,0,1,3736,T
2-PB1,1026,3738,0,0,0,3738,A
2-PB1,1027,3728,0,2,0,3730,A
2-PB1,1028,0,3615,0,1,3616,T
2-PB1,1029,0,0,3637,0,3637,G
2-PB1,1030,1,3526,0,2,3529,T
2-PB1,1031,1,3489,0,4,3494,T
2-PB1,1032,5,2,0,3514,3521,C
2-PB1,1033,0,3510,0,7,3517,T
2-PB1,1034,4,1,0,3527,3532,C
2-PB1,1035,3537,0,0,0,3537,A
2-PB1,1036,3535,0,1,0,3536,A
2-PB1,1037,3524,0,2,0,3526,A
2-PB1,1038,0,2,0,3530,3532,C
2-PB1,1039,3524,0,1,0,3525,A
2-PB1,1040,3528,1,2,0,3531,A
2-PB1,1041,3515,0,1,0,3516,A
2-PB1,1042,3527,0,2,0,3529,A
2-PB1,1043,0,3520,0,1,3521,T
2-PB1,1044,0,2,3520,0,3522,G
2-PB1,1045,2,3,3493,0,3498,G
2-PB1,1046,0,1,0,3514,3515,C
2-PB1,1047,3506,2,5,0,3513,A
2-PB1,1048,3522,0,6,0,3528,A
2-PB1,1049,1,1,3530,0,3532,G
2-PB1,1050,3508,0,0,0,3508,A
2-PB1,1051,0,3476,0,3,3479,T
2-PB1,1052,0,3563,0,1,3564,T
2-PB1,1053,0,4,3574,0,3578,G
2-PB1,1054,0,4,3549,0,3553,G
2-PB1,1055,1,4,3571,0,3576,G
2-PB1,1056,3589,0,1,0,3590,A
2-PB1,1057,3603,1,1,0,3605,A
2-PB1,1058,3558,0,10,0,3568,A
2-PB1,1059,3536,0,3,0,3539,A
2-PB1,1060,0,7,3637,0,3644,G
2-PB1,1061,0,3,3646,1,3650,G
2-PB1,1062,3659,0,2,0,3661,A
2-PB1,1063,0,3645,0,1,3646,T
2-PB1,1064,3653,0,0,0,3653,A
2-PB1,1065,0,2,0,3666,3668,C
2-PB1,1066,3696,0,1,0,3697,A
2-PB1,1067,0,3686,0,1,3687,T
2-PB1,1068,5,1,3708,0,3714,G
2-PB1,1069,1,3611,0,8,3620,T
2-PB1,1070,0,3628,0,4,3632,T
2-PB1,1071,10,2,0,3606,3618,C
2-PB1,1072,3,1,3627,0,3631,G
2-PB1,1073,3593,0,5,0,3598,A
2-PB1,1074,0,2,3692,0,3694,G
2-PB1,1075,3620,0,4,0,3624,A
2-PB1,1076,0,0,3676,0,3676,G
2-PB1,1077,0,3635,0,2,3637,T
2-PB1,1078,3644,1,1,0,3646,A
2-PB1,1079,3645,0,1,0,3646,A
2-PB1,1080,1,2,3661,0,3664,G
2-PB1,1081,3647,0,6,1,3654,A
2-PB1,1082,1,3,3709,0,3713,G
2-PB1,1083,3600,0,2,0,3602,A
2-PB1,1084,3627,0,1,0,3628,A
2-PB1,1085,0,3593,0,0,3593,T
2-PB1,1086,0,4,3595,1,3600,G
2-PB1,1087,3579,0,10,0,3589,A
2-PB1,1088,3571,0,4,0,3575,A
2-PB1,1089,1,0,3574,0,3575,G
2-PB1,1090,0,0,0,3559,3559,C
2-PB1,1091,0,3510,0,0,3510,T
2-PB1,1092,3,1,0,3534,3538,C
2-PB1,1093,2,1,0,3541,3544,C
2-PB1,1094,0,1,3556,0,3557,G
2-PB1,1095,1,2,3555,2,3560,G
2-PB1,1096,3560,1,5,0,3566,A
2-PB1,1097,1,0,0,3642,3643,C
2-PB1,1098,3630,0,7,7,3644,A
2-PB1,1099,0,0,0,3685,3685,C
2-PB1,1100,3690,0,2,0,3692,A
2-PB1,1101,3681,1,3,0,3685,A
2-PB1,1102,3681,0,4,0,3685,A
2-PB1,1103,0,3679,0,0,3679,T
2-PB1,1104,3678,0,2,0,3680,A
2-PB1,1105,1,0,0,3676,3677,C
2-PB1,1106,4,0,0,3642,3646,C
2-PB1,1107,0,3613,0,3,3616,T
2-PB1,1108,1,0,3647,0,3648,G
2-PB1,1109,2,1,0,3645,3648,C
2-PB1,1110,3659,0,1,0,3660,A
2-PB1,1111,0,3,3657,0,3660,G
2-PB1,1112,3641,0,0,0,3641,A
2-PB1,1113,3641,0,1,0,3642,A
2-PB1,1114,3657,0,0,0,3657,A
2-PB1,1115,0,3619,0,0,3619,T
2-PB1,1116,1,1,3653,0,3655,G
2-PB1,1117,0,2,0,3624,3626,C
2-PB1,1118,0,3635,0,5,3640,T
2-PB1,1119,3704,0,2,0,3706,A
2-PB1,1120,0,1,3684,1,3686,G
2-PB1,1121,2,2,0,3679,3683,C
2-PB1,1122,3697,0,2,0,3699,A
2-PB1,1123,3676,0,3,0,3679,A
2-PB1,1124,1,0,3655,0,3656,G
2-PB1,1125,1,1,0,3635,3637,C
2-PB1,1126,3603,0,0,0,3603,A
2-PB1,1127,0,3647,0,6,3653,T
2-PB1,1128,0,3661,0,2,3663,T
2-PB1,1129,1,4,3756,0,3761,G
2-PB1,1130,3812,0,2,1,3815,A
2-PB1,1131,0,1,0,3787,3788,C
2-PB1,1132,4,0,0,3806,3810,C
2-PB1,1133,0,3737,2,5,3744,T
2-PB1,1134,0,3,3797,0,3800,G
2-PB1,1135,3803,0,0,0,3803,A
2-PB1,1136,3813,0,7,0,3820,A
2-PB1,1137,0,0,3869,0,3869,G
2-PB1,1138,0,3699,0,6,3705,T
2-PB1,1139,3727,0,0,0,3727,A
2-PB1,1140,1,3713,0,6,3720,T
2-PB1,1141,0,3707,0,6,3713,T
2-PB1,1142,0,3704,0,2,3706,T
2-PB1,1143,7,1,0,3663,3671,C
2-PB1,1144,3674,0,1,0,3675,A
2-PB1,1145,3666,0,1,1,3668,A
2-PB1,1146,2,3617,1,3,3623,T
2-PB1,1147,0,8,3630,0,3638,G
2-PB1,1148,3614,0,1,0,3615,A
2-PB1,1149,3624,0,5,0,3629,A
2-PB1,1150,0,3585,0,5,3590,T
2-PB1,1151,6,0,0,3632,3638,C
2-PB1,1152,3639,0,2,0,3641,A
2-PB1,1153,3627,0,1,0,3628,A
2-PB1,1154,0,0,0,3631,3631,C
2-PB1,1155,3633,0,1,0,3634,A
2-PB1,1156,3613,0,1,0,3614,A
2-PB1,1157,0,3,3613,0,3616,G
2-PB1,1158,1,0,3616,1,3618,G
2-PB1,1159,3600,0,3,0,3603,A
2-PB1,1160,3601,0,6,0,3607,A
2-PB1,1161,0,2,3612,0,3614,G
2-PB1,1162,3602,1,1,0,3604,A
2-PB1,1163,3593,0,0,0,3593,A
2-PB1,1164,3600,0,1,0,3601,A
2-PB1,1165,3600,0,2,0,3602,A
2-PB1,1166,0,3586,1,1,3588,T
2-PB1,1167,0,3571,0,1,3572,T
2-PB1,1168,0,4,3578,0,3582,G
2-PB1,1169,3579,0,0,0,3579,A
2-PB1,1170,3576,0,2,0,3578,A
2-PB1,1171,3581,0,0,0,3581,A
2-PB1,1172,3607,0,2,0,3609,A
2-PB1,1173,3648,0,0,0,3648,A
2-PB1,1174,3657,0,0,0,3657,A
2-PB1,1175,0,3641,0,1,3642,T
2-PB1,1176,3656,0,0,0,3656,A
2-PB1,1177,3632,0,8,0,3640,A
2-PB1,1178,2,2,3649,0,3653,G
2-PB1,1179,0,2,3644,0,3646,G
2-PB1,1180,0,0,0,3617,3617,C
2-PB1,1181,0,0,0,3636,3636,C
2-PB1,1182,1,3602,0,8,3611,T
2-PB1,1183,6,0,0,4060,4066,C
2-PB1,1184,0,4114,1,1,4116,T
2-PB1,1185,0,4123,0,0,4123,T
2-PB1,1186,0,0,0,4263,4263,C
2-PB1,1187,0,4238,0,1,4239,T
2-PB1,1188,4255,0,1,1,4257,A
2-PB1,1189,4252,0,4,1,4257,A
2-PB1,1190,0,4253,0,0,4253,T
2-PB1,1191,4288,0,0,0,4288,A
2-PB1,1192,0,2,4167,1,4170,G
2-PB1,1193,3825,0,0,1,3826,A
2-PB1,1194,1,3806,1,4,3812,T
2-PB1,1195,0,6,3767,0,3773,G
2-PB1,1196,3,2,3793,0,3798,G
2-PB1,1197,0,1,0,3804,3805,C
2-PB1,1198,3807,0,6,1,3814,A
2-PB1,1199,0,2,0,3829,3831,C
2-PB1,1200,3775,0,4,1,3780,A
2-PB1,1201,1,0,3892,0,3893,G
2-PB1,1202,2,2,0,3892,3896,C
2-PB1,1203,3902,0,1,1,3904,A
2-PB1,1204,0,4009,0,4,4013,T
2-PB1,1205,4,0,0,3998,4002,C
2-PB1,1206,4020,0,1,0,4021,A
2-PB1,1207,0,4001,0,6,4007,T
2-PB1,1208,0,3999,1,1,4001,T
2-PB1,1209,1,5,3985,0,3991,G
2-PB1,1210,3875,0,5,1,3881,A
2-PB1,1211,0,2,3975,0,3977,G
2-PB1,1212,0,0,0,3956,3956,C
2-PB1,1213,1,0,1,3917,3919,C
2-PB1,1214,5,0,0,3990,3995,C
2-PB1,1215,1,3967,1,5,3974,T
2-PB1,1216,0,3,4218,0,4221,G
2-PB1,1217,0,3,4302,0,4305,G
2-PB1,1218,4285,0,5,0,4290,A
2-PB1,1219,4415,0,8,0,4423,A
2-PB1,1220,0,4327,0,6,4333,T
2-PB1,1221,2,3,4462,0,4467,G
2-PB1,1222,4541,0,2,0,4543,A
2-PB1,1223,0,4589,0,1,4590,T
2-PB1,1224,0,4,4611,0,4615,G
2-PB1,1225,4563,0,3,0,4566,A
2-PB1,1226,0,4532,0,0,4532,T
2-PB1,1227,0,5,4519,0,4524,G
2-PB1,1228,2,2,4569,0,4573,G
2-PB1,1229,1,1,4560,1,4563,G
2-PB1,1230,1,1,0,4536,4538,C
2-PB1,1231,4563,0,5,0,4568,A
2-PB1,1232,0,4586,0,11,4597,T
2-PB1,1233,1,2,4764,0,4767,G
2-PB1,1234,0,4761,0,10,4771,T
2-PB1,1235,0,4786,0,1,4787,T
2-PB1,1236,6,1,0,4791,4798,C
2-PB1,1237,4755,0,3,0,4758,A
2-PB1,1238,4775,1,2,0,4778,A
2-PB1,1239,0,1,0,4777,4778,C
2-PB1,1240,4815,0,1,0,4816,A
2-PB1,1241,1,4781,0,3,4785,T
2-PB1,1242,2,0,4831,0,4833,G
2-PB1,1243,0,1,0,4820,4821,C
2-PB1,1244,0,4830,0,3,4833,T
2-PB1,1245,4879,2,3,0,4884,A
2-PB1,1246,4874,0,1,0,4875,A
2-PB1,1247,3,2,4928,1,4934,G
2-PB1,1248,0,4911,0,0,4911,T
2-PB1,1249,4916,0,0,0,4916,A
2-PB1,1250,0,3,0,4923,4926,C
2-PB1,1251,1,1,4956,0,4958,G
2-PB1,1252,1,0,5200,0,5201,G
2-PB1,1253,0,5177,2,4,5183,T
2-PB1,1254,0,5175,1,0,5176,T
2-PB1,1255,0,5148,0,3,5151,T
2-PB1,1256,0,5158,0,1,5159,T
2-PB1,1257,5170,0,7,0,5177,A
2-PB1,1258,2,2,5147,0,5151,G
2-PB1,1259,1,8,5123,0,5132,G
2-PB1,1260,5029,1,16,1,5047,A
2-PB1,1261,0,0,5031,0,5031,G
2-PB1,1262,0,4985,0,4,4989,T
2-PB1,1263,5,0,0,5000,5005,C
2-PB1,1264,0,5004,0,10,5014,T
2-PB1,1265,4,5,13,4987,5009,C
2-PB1,1266,3,6,5012,1,5022,G
2-PB1,1267,4957,0,2,0,4959,A
2-PB1,1268,1,4967,0,3,4971,T
2-PB1,1269,6,1,0,4918,4925,C
2-PB1,1270,5,1,1,5130,5137,C
2-PB1,1271,0,5136,0,11,5147,T
2-PB1,1272,16,6,5142,0,5164,G
2-PB1,1273,5161,0,2,0,5163,A
2-PB1,1274,5205,0,1,0,5206,A
2-PB1,1275,0,5214,0,1,5215,T
2-PB1,1276,5,2,0,5101,5108,C
2-PB1,1277,1,5113,0,4,5118,T
2-PB1,1278,1,5091,0,1,5093,T
2-PB1,1279,3,5,5094,0,5102,G
2-PB1,1280,0,6,5087,1,5094,G
2-PB1,1281,5069,1,8,1,5079,A
2-PB1,1282,2,0,0,5112,5114,C
2-PB1,1283,5058,0,1,1,5060,A
2-PB1,1284,5100,0,2,0,5102,A
2-PB1,1285,5120,1,5,0,5126,A
2-PB1,1286,5128,1,7,0,5136,A
2-PB1,1287,1,5,5234,0,5240,G
2-PB1,1288,5237,0,2,0,5239,A
2-PB1,1289,5237,1,3,1,5242,A
2-PB1,1290,5239,1,4,0,5244,A
2-PB1,1291,0,5236,0,0,5236,T
2-PB1,1292,5253,0,3,0,5256,A
2-PB1,1293,2,2,0,5392,5396,C
2-PB1,1294,5297,0,5,0,5302,A
2-PB1,1295,2,2,0,5355,5359,C
2-PB1,1296,3,0,0,5313,5316,C
2-PB1,1297,5307,1,1,0,5309,A
2-PB1,1298,5345,0,3,0,5348,A
2-PB1,1299,0,4,5529,0,5533,G
2-PB1,1300,5576,1,10,0,5587,A
2-PB1,1301,0,2,0,5657,5659,C
2-PB1,1302,5565,0,2,1,5568,A
2-PB1,1303,5685,1,9,0,5695,A
2-PB1,1304,2,0,1,5706,5709,C
2-PB1,1305,5757,0,1,1,5759,A
2-PB1,1306,0,5782,0,1,5783,T
2-PB1,1307,5729,0,3,0,5732,A
2-PB1,1308,0,1,0,5818,5819,C
2-PB1,1309,0,5626,0,4,5630,T
2-PB1,1310,7,2,5705,0,5714,G
2-PB1,1311,1,1,5708,0,5710,G
2-PB1,1312,0,5564,0,3,5567,T
2-PB1,1313,1,7,5620,0,5628,G
2-PB1,1314,1,4,5537,0,5542,G
2-PB1,1315,1,4,5566,0,5571,G
2-PB1,1316,5554,0,8,0,5562,A
2-PB1,1317,0,5504,0,4,5508,T
2-PB1,1318,2,3,5464,0,5469,G
2-PB1,1319,1,1,5431,0,5433,G
2-PB1,1320,5377,1,8,0,5386,A
2-PB1,1321,2,2,0,5543,5547,C
2-PB1,1322,1,5535,0,5,5541,T
2-PB1,1323,7,3,0,5599,5609,C
2-PB1,1324,5,0,0,5582,5587,C
2-PB1,1325,5597,0,3,0,5600,A
2-PB1,1326,5585,0,4,1,5590,A
2-PB1,1327,0,5557,0,4,5561,T
2-PB1,1328,4,0,0,5525,5529,C
2-PB1,1329,2,0,0,5529,5531,C
2-PB1,1330,0,5489,0,3,5492,T
2-PB1,1331,2,0,0,5476,5478,C
2-PB1,1332,3,0,0,5468,5471,C
2-PB1,1333,5,1,5483,0,5489,G
2-PB1,1334,5465,1,0,0,5466,A
2-PB1,1335,0,5443,0,4,5447,T
2-PB1,1336,3,6,5475,1,5485,G
2-PB1,1337,5504,0,1,0,5505,A
2-PB1,1338,0,5483,0,1,5484,T
2-PB1,1339,0,5481,0,0,5481,T
2-PB1,1340,0,5466,0,3,5469,T
2-PB1,1341,0,5478,0,2,5480,T
2-PB1,1342,0,1,5478,1,5480,G
2-PB1,1343,1,5,0,5508,5514,C
2-PB1,1344,8,1,0,5496,5505,C
2-PB1,1345,11,1,0,5691,5703,C
2-PB1,1346,0,5618,0,7,5625,T
2-PB1,1347,2,3,1,5903,5909,C
2-PB1,1348,5975,0,2,0,5977,A
2-PB1,1349,0,5993,0,2,5995,T
2-PB1,1350,6007,1,1,0,6009,A
2-PB1,1351,41,0,6045,0,6086,G
2-PB1,1352,0,5992,1,9,6002,T
2-PB1,1353,0,7,6047,0,6054,G
2-PB1,1354,5865,1,2,0,5868,A
2-PB1,1355,5864,0,5,0,5869,A
2-PB1,1356,0,5519,0,2,5521,T
2-PB1,1357,1,2,5500,0,5503,G
2-PB1,1358,4,2,0,5547,5553,C
2-PB1,1359,5530,0,5,0,5535,A
2-PB1,1360,1,1,0,5555,5557,C
2-PB1,1361,3,1,0,5505,5509,C
2-PB1,1362,5468,0,13,0,5481,A
2-PB1,1363,5480,0,1,0,5481,A
2-PB1,1364,5465,0,2,0,5467,A
2-PB1,1365,1,5320,2,3,5326,T
2-PB1,1366,10,1,0,5481,5492,C
2-PB1,1367,5488,2,0,0,5490,A
2-PB1,1368,0,5505,0,0,5505,T
2-PB1,1369,2,2,5493,0,5497,G
2-PB1,1370,5502,0,10,0,5512,A
2-PB1,1371,1,4,5536,0,5541,G
2-PB1,1372,1,3,5486,0,5490,G
2-PB1,1373,1,4,5520,0,5525,G
2-PB1,1374,5478,2,6,0,5486,A
2-PB1,1375,5603,0,2,0,5605,A
2-PB1,1376,0,5631,1,0,5632,T
2-PB1,1377,5624,0,4,0,5628,A
2-PB1,1378,2,4,0,5645,5651,C
2-PB1,1379,5667,0,6,0,5673,A
2-PB1,1380,5650,0,11,0,5661,A
2-PB1,1381,0,1,5627,0,5628,G
2-PB1,1382,2,2,0,5592,5596,C
2-PB1,1383,5569,0,2,1,5572,A
2-PB1,1384,0,3,5613,0,5616,G
2-PB1,1385,0,5,5603,0,5608,G
2-PB1,1386,5553,1,2,0,5556,A
2-PB1,1387,1,1,5604,0,5606,G
2-PB1,1388,0,5517,1,3,5521,T
2-PB1,1389,1,6,5576,0,5583,G
2-PB1,1390,0,2,5606,0,5608,G
2-PB1,1391,5584,2,6,0,5592,A
2-PB1,1392,0,5590,0,1,5591,T
2-PB1,1393,5490,0,3,1,5494,A
2-PB1,1394,0,4,5532,0,5536,G
2-PB1,1395,5600,1,0,0,5601,A
2-PB1,1396,1,5589,1,3,5594,T
2-PB1,1397,1,5568,0,3,5572,T
2-PB1,1398,7,0,0,5700,5707,C
2-PB1,1399,1,5688,0,2,5691,T
2-PB1,1400,5683,1,2,0,5686,A
2-PB1,1401,0,0,0,5693,5693,C
2-PB1,1402,5573,0,11,0,5584,A
2-PB1,1403,0,2,5569,1,5572,G
2-PB1,1404,3,10,5446,0,5459,G
2-PB1,1405,5522,0,7,0,5529,A
2-PB1,1406,0,1,0,5508,5509,C
2-PB1,1407,3,5,0,5410,5418,C
2-PB1,1408,0,5368,1,8,5377,T
2-PB1,1409,0,3,5405,0,5408,G
2-PB1,1410,1,2,0,5406,5409,C
2-PB1,1411,5423,0,2,0,5425,A
2-PB1,1412,5426,0,4,0,5430,A
2-PB1,1413,1,0,5439,0,5440,G
2-PB1,1414,1,5346,0,4,5351,T
2-PB1,1415,1,5358,0,1,5360,T
2-PB1,1416,5265,0,0,0,5265,A
2-PB1,1417,0,0,5274,0,5274,G
2-PB1,1418,1,5213,1,10,5225,T
2-PB1,1419,1,6,5218,0,5225,G
2-PB1,1420,1,1,5213,0,5215,G
2-PB1,1421,1,11,5214,0,5226,G
2-PB1,1422,5197,0,7,0,5204,A
2-PB1,1423,5223,0,4,0,5227,A
2-PB1,1424,0,5202,1,1,5204,T
2-PB1,1425,4,1,0,5216,5221,C
2-PB1,1426,5219,0,3,0,5222,A
2-PB1,1427,5234,0,4,0,5238,A
2-PB1,1428,6,1,0,5223,5230,C
2-PB1,1429,5203,1,16,0,5220,A
2-PB1,1430,0,5082,0,0,5082,T
2-PB1,1431,1,9,5094,0,5104,G
2-PB1,1432,5094,3,6,0,5103,A
2-PB1,1433,0,2,5120,0,5122,G
2-PB1,1434,4,1,0,5092,5097,C
2-PB1,1435,5101,0,3,1,5105,A
2-PB1,1436,5100,0,2,0,5102,A
2-PB1,1437,5092,0,1,0,5093,A
2-PB1,1438,5124,0,4,0,5128,A
2-PB1,1439,5129,0,2,0,5131,A
2-PB1,1440,0,0,5117,0,5117,G
2-PB1,1441,5060,0,4,0,5064,A
2-PB1,1442,4992,0,9,0,5001,A
2-PB1,1443,0,0,5176,0,5176,G
2-PB1,1444,0,5142,0,3,5145,T
2-PB1,1445,7,0,0,5159,5166,C
2-PB1,1446,6,1,0,5177,5184,C
2-PB1,1447,1,5166,1,0,5168,T
2-PB1,1448,5249,0,2,0,5251,A
2-PB1,1449,0,5239,1,2,5242,T
2-PB1,1450,5248,1,3,1,5253,A
2-PB1,1451,1,5232,2,1,5236,T
2-PB1,1452,5153,0,2,1,5156,A
2-PB1,1453,5164,0,3,1,5168,A
2-PB1,1454,5144,0,0,0,5144,A
2-PB1,1455,1,5131,0,1,5133,T
2-PB1,1456,5085,0,0,0,5085,A
2-PB1,1457,5061,1,1,0,5063,A
2-PB1,1458,5085,0,3,0,5088,A
2-PB1,1459,5063,0,6,0,5069,A
2-PB1,1460,0,2,0,5079,5081,C
2-PB1,1461,4867,0,3,0,4870,A
2-PB1,1462,4,3,4858,0,4865,G
2-PB1,1463,2,7,4854,0,4863,G
2-PB1,1464,0,8,4858,0,4866,G
2-PB1,1465,4837,1,12,0,4850,A
2-PB1,1466,0,1,0,4881,4882,C
2-PB1,1467,4840,0,2,0,4842,A
2-PB1,1468,0,4886,1,2,4889,T
2-PB1,1469,0,4880,0,2,4882,T
2-PB1,1470,0,4901,0,6,4907,T
2-PB1,1471,1,6,4897,2,4906,G
2-PB1,1472,4850,0,5,0,4855,A
2-PB1,1473,4867,0,2,0,4869,A
2-PB1,1474,0,4845,1,1,4847,T
2-PB1,1475,0,4745,1,1,4747,T
2-PB1,1476,6,2,0,4768,4776,C
2-PB1,1477,4725,1,3,0,4729,A
2-PB1,1478,0,1,0,4737,4738,C
2-PB1,1479,0,4726,0,15,4741,T
2-PB1,1480,4758,0,2,0,4760,A
2-PB1,1481,0,0,4750,0,4750,G
2-PB1,1482,0,2,0,4726,4728,C
2-PB1,1483,0,4694,0,16,4710,T
2-PB1,1484,0,4771,0,2,4773,T
2-PB1,1485,0,4748,0,3,4751,T
2-PB1,1486,1,4756,1,0,4758,T
2-PB1,1487,0,4752,1,2,4755,T
2-PB1,1488,0,4758,0,0,4758,T
2-PB1,1489,0,4745,0,1,4746,T
2-PB1,1490,4728,3,0,0,4731,A
2-PB1,1491,1,4708,1,0,4710,T
2-PB1,1492,3,1,1,4725,4730,C
2-PB1,1493,1,5,4760,1,4767,G
2-PB1,1494,4942,0,3,0,4945,A
2-PB1,1495,0,4953,1,0,4954,T
2-PB1,1496,4986,1,0,0,4987,A
2-PB1,1497,0,4999,0,7,5006,T
2-PB1,1498,0,7,4984,0,4991,G
2-PB1,1499,0,18,4997,0,5015,G
2-PB1,1500,5013,0,2,0,5015,A
2-PB1,1501,1,4977,0,2,4980,T
2-PB1,1502,0,4941,0,1,4942,T
2-PB1,1503,0,4816,0,1,4817,T
2-PB1,1504,0,0,4836,0,4836,G
2-PB1,1505,0,4793,1,4,4798,T
2-PB1,1506,1,5,4783,0,4789,G
2-PB1,1507,4,0,4781,0,4785,G
2-PB1,1508,1,0,0,4730,4731,C
2-PB1,1509,0,4747,1,2,4750,T
2-PB1,1510,4774,0,0,0,4774,A
2-PB1,1511,4814,1,1,1,4817,A
2-PB1,1512,0,4848,0,1,4849,T
2-PB1,1513,0,4858,1,0,4859,T
2-PB1,1514,1,4856,0,1,4858,T
2-PB1,1515,0,4865,0,0,4865,T
2-PB1,1516,4876,0,1,0,4877,A
2-PB1,1517,1,0,4911,0,4912,G
2-PB1,1518,1,0,1,4905,4907,C
2-PB1,1519,4898,2,0,0,4900,A
2-PB1,1520,0,4850,0,2,4852,T
2-PB1,1521,1,2,4799,0,4802,G
2-PB1,1522,0,5,4857,0,4862,G
2-PB1,1523,4837,0,7,0,4844,A
2-PB1,1524,1,0,4842,0,4843,G
2-PB1,1525,1,1,0,4808,4810,C
2-PB1,1526,0,4755,0,3,4758,T
2-PB1,1527,1,0,4789,0,4790,G
2-PB1,1528,1,1,0,4739,4741,C
2-PB1,1529,2,2,0,4726,4730,C
2-PB1,1530,5,2,0,4779,4786,C
2-PB1,1531,4684,0,1,0,4685,A
2-PB1,1532,1,1,4966,0,4968,G
2-PB1,1533,0,4952,0,1,4953,T
2-PB1,1534,0,4950,1,3,4954,T
2-PB1,1535,0,4966,0,1,4967,T
2-PB1,1536,0,4895,2,2,4899,T
2-PB1,1537,7,1,4886,0,4894,G
2-PB1,1538,6,5,4868,0,4879,G
2-PB1,1539,4861,0,6,0,4867,A
2-PB1,1540,1,1,4882,0,4884,G
2-PB1,1541,0,4560,1,0,4561,T
2-PB1,1542,2,1,4770,0,4773,G
2-PB1,1543,1,4739,0,3,4743,T
2-PB1,1544,8,1,0,4763,4772,C
2-PB1,1545,1,4771,0,6,4778,T
2-PB1,1546,1,4,4783,0,4788,G
2-PB1,1547,2,4,4842,0,4848,G
2-PB1,1548,4854,1,3,0,4858,A
2-PB1,1549,4870,1,6,1,4878,A
2-PB1,1550,0,4855,0,0,4855,T
2-PB1,1551,4489,0,1,0,4490,A
2-PB1,1552,4483,0,6,0,4489,A
2-PB1,1553,4474,0,4,0,4478,A
2-PB1,1554,1,3,0,4489,4493,C
2-PB1,1555,1,6,4438,0,4445,G
2-PB1,1556,4378,0,1,0,4379,A
2-PB1,1557,0,1,4370,0,4371,G
2-PB1,1558,1,4360,0,4,4365,T
2-PB1,1559,5,1,0,4385,4391,C
2-PB1,1560,4374,0,7,0,4381,A
2-PB1,1561,0,0,4450,0,4450,G
2-PB1,1562,1,1,0,4450,4452,C
2-PB1,1563,0,4458,1,0,4459,T
2-PB1,1564,2,1,4596,0,4599,G
2-PB1,1565,4566,0,7,0,4573,A
2-PB1,1566,0,4576,0,0,4576,T
2-PB1,1567,4583,0,3,0,4586,A
2-PB1,1568,1,4517,0,4,4522,T
2-PB1,1569,1,7,4526,0,4534,G
2-PB1,1570,4346,0,4,0,4350,A
2-PB1,1571,0,1,4416,1,4418,G
2-PB1,1572,1,1,0,4438,4440,C
2-PB1,1573,4200,0,0,0,4200,A
2-PB1,1574,0,4202,0,0,4202,T
2-PB1,1575,0,4198,0,1,4199,T
2-PB1,1576,0,2,4251,0,4253,G
2-PB1,1577,0,2,4407,0,4409,G
2-PB1,1578,4318,0,5,0,4323,A
2-PB1,1579,2,0,4338,0,4340,G
2-PB1,1580,1,4177,0,1,4179,T
2-PB1,1581,4159,0,1,0,4160,A
2-PB1,1582,4161,1,3,0,4165,A
2-PB1,1583,0,1,0,4189,4190,C
2-PB1,1584,4157,0,3,0,4160,A
2-PB1,1585,1,1,4218,0,4220,G
2-PB1,1586,0,3743,0,2,3745,T
2-PB1,1587,1,2,3773,0,3776,G
2-PB1,1588,3820,2,8,0,3830,A
2-PB1,1589,1,3822,0,2,3825,T
2-PB1,1590,3804,0,3,0,3807,A
2-PB1,1591,3794,0,1,0,3795,A
2-PB1,1592,3677,0,10,2,3689,A
2-PB1,1593,2,2,3725,0,3729,G
2-PB1,1594,3568,0,3,0,3571,A
2-PB1,1595,3563,0,4,0,3567,A
2-PB1,1596,0,2,0,3578,3580,C
2-PB1,1597,3455,0,5,0,3460,A
2-PB1,1598,3488,0,5,0,3493,A
2-PB1,1599,0,0,0,3514,3514,C
2-PB1,1600,3559,0,4,0,3563,A
2-PB1,1601,5,3531,18,2,3556,T
2-PB1,1602,1,5,3478,0,3484,G
2-PB1,1603,3485,0,3,1,3489,A
2-PB1,1604,0,3481,0,1,3482,T
2-PB1,1605,3441,0,3,0,3444,A
2-PB1,1606,3472,0,0,1,3473,A
2-PB1,1607,3436,0,1,0,3437,A
2-PB1,1608,0,2,0,3443,3445,C
2-PB1,1609,3312,0,0,0,3312,A
2-PB1,1610,3302,0,0,0,3302,A
2-PB1,1611,0,3213,0,2,3215,T
2-PB1,1612,0,7,3212,0,3219,G
2-PB1,1613,3270,1,0,0,3271,A
2-PB1,1614,0,2,0,3328,3330,C
2-PB1,1615,1,0,0,3289,3290,C
2-PB1,1616,0,3172,0,1,3173,T
2-PB1,1617,0,3119,0,0,3119,T
2-PB1,1618,0,6,3116,0,3122,G
2-PB1,1619,0,5,3156,0,3161,G
2-PB1,1620,3188,0,3,0,3191,A
2-PB1,1621,1,1,0,3202,3204,C
2-PB1,1622,3,1,0,3170,3174,C
2-PB1,1623,3154,0,3,0,3157,A
2-PB1,1624,2,1,3180,0,3183,G
2-PB1,1625,0,0,0,3193,3193,C
2-PB1,1626,3210,0,2,0,3212,A
2-PB1,1627,3192,0,7,0,3199,A
2-PB1,1628,0,1,0,3196,3197,C
2-PB1,1629,3178,0,2,0,3180,A
2-PB1,1630,0,1,3244,0,3245,G
2-PB1,1631,0,6,0,3221,3227,C
2-PB1,1632,4,0,1,3244,3249,C
2-PB1,1633,4,0,0,3239,3243,C
2-PB1,1634,3257,0,2,0,3259,A
2-PB1,1635,3242,1,0,1,3244,A
2-PB1,1636,3242,1,0,0,3243,A
2-PB1,1637,0,3238,0,0,3238,T
2-PB1,1638,2,3,3233,0,3238,G
2-PB1,1639,1,1,3184,0,3186,G
2-PB1,1640,0,0,0,3210,3210,C
2-PB1,1641,0,3176,0,3,3179,T
2-PB1,1642,3,0,0,3270,3273,C
2-PB1,1643,0,3256,0,10,3266,T
2-PB1,1644,2,0,0,3297,3299,C
2-PB1,1645,4,0,0,3309,3313,C
2-PB1,1646,3324,1,1,0,3326,A
2-PB1,1647,3338,0,0,0,3338,A
2-PB1,1648,0,3310,0,0,3310,T
2-PB1,1649,0,3288,0,0,3288,T
2-PB1,1650,1,0,3312,1,3314,G
2-PB1,1651,0,3252,0,4,3256,T
2-PB1,1652,0,3253,0,2,3255,T
2-PB1,1653,7,12,1,3246,3266,C
2-PB1,1654,3254,0,0,0,3254,A
2-PB1,1655,0,3251,0,2,3253,T
2-PB1,1656,3,0,1,3268,3272,C
2-PB1,1657,3266,0,2,1,3269,A
2-PB1,1658,3267,0,0,0,3267,A
2-PB1,1659,3241,0,9,0,3250,A
2-PB1,1660,0,2,3354,0,3356,G
2-PB1,1661,3327,0,1,1,3329,A
2-PB1,1662,0,3348,0,1,3349,T
2-PB1,1663,0,3365,0,1,3366,T
2-PB1,1664,3372,0,2,0,3374,A
2-PB1,1665,4,0,0,3443,3447,C
2-PB1,1666,3426,0,6,0,3432,A
2-PB1,1667,0,3,3478,0,3481,G
2-PB1,1668,3458,0,2,0,3460,A
2-PB1,1669,0,3583,0,0,3583,T
2-PB1,1670,3580,0,0,0,3580,A
2-PB1,1671,0,1,0,3772,3773,C
2-PB1,1672,3832,0,14,0,3846,A
2-PB1,1673,0,2,0,4142,4144,C
2-PB1,1674,4096,0,2,0,4098,A
2-PB1,1675,1,4116,0,10,4127,T
2-PB1,1676,4107,0,0,0,4107,A
2-PB1,1677,0,4080,0,0,4080,T
2-PB1,1678,3981,2,2,0,3985,A
2-PB1,1679,0,6,3975,0,3981,G
2-PB1,1680,0,0,3953,0,3953,G
2-PB1,1681,0,3783,0,5,3788,T
2-PB1,1682,0,3,3766,0,3769,G
2-PB1,1683,0,2,0,3889,3891,C
2-PB1,1684,3,0,0,3921,3924,C
2-PB1,1685,3952,1,2,0,3955,A
2-PB1,1686,0,3969,0,0,3969,T
2-PB1,1687,3960,0,0,0,3960,A
2-PB1,1688,2,2,3960,0,3964,G
2-PB1,1689,3881,0,5,0,3886,A
2-PB1,1690,1,3,3913,0,3917,G
2-PB1,1691,0,4,3896,0,3900,G
2-PB1,1692,3795,0,5,0,3800,A
2-PB1,1693,1,4,3828,0,3833,G
2-PB1,1694,3818,1,4,0,3823,A
2-PB1,1695,0,4,0,3819,3823,C
2-PB1,1696,3822,0,3,0,3825,A
2-PB1,1697,0,1,0,3835,3836,C
2-PB1,1698,3830,1,9,0,3840,A
2-PB1,1699,0,0,0,3838,3838,C
2-PB1,1700,3812,0,0,0,3812,A
2-PB1,1701,3815,0,2,0,3817,A
2-PB1,1702,3823,0,1,0,3824,A
2-PB1,1703,0,3797,0,2,3799,T
2-PB1,1704,3,0,0,3818,3821,C
2-PB1,1705,3,0,0,3814,3817,C
2-PB1,1706,3814,1,1,0,3816,A
2-PB1,1707,3800,1,2,0,3803,A
2-PB1,1708,3811,0,4,2,3817,A
2-PB1,1709,0,3,0,3854,3857,C
2-PB1,1710,1,4,3863,0,3868,G
2-PB1,1711,3836,1,0,0,3837,A
2-PB1,1712,0,3,3855,1,3859,G
2-PB1,1713,3853,0,6,0,3859,A
2-PB1,1714,3847,0,12,0,3859,A
2-PB1,1715,0,1,3875,0,3876,G
2-PB1,1716,3859,0,5,0,3864,A
2-PB1,1717,0,3849,0,0,3849,T
2-PB1,1718,3,4,0,3825,3832,C
2-PB1,1719,3843,0,2,0,3845,A
2-PB1,1720,0,3825,0,0,3825,T
2-PB1,1721,0,3828,0,2,3830,T
2-PB1,1722,4,1,0,3842,3847,C
2-PB1,1723,3,4,3840,0,3847,G
2-PB1,1724,3808,0,1,0,3809,A
2-PB1,1725,0,3,3816,0,3819,G
2-PB1,1726,3773,3,3,1,3780,A
2-PB1,1727,0,3918,0,0,3918,T
2-PB1,1728,3925,0,0,0,3925,A
2-PB1,1729,3927,1,0,0,3928,A
2-PB1,1730,3925,0,6,0,3931,A
2-PB1,1731,3,4,3928,0,3935,G
2-PB1,1732,3927,1,4,1,3933,A
2-PB1,1733,3816,0,3,0,3819,A
2-PB1,1734,1,1,3836,0,3838,G
2-PB1,1735,0,0,0,3839,3839,C
2-PB1,1736,0,3791,0,8,3799,T
2-PB1,1737,0,1,3808,0,3809,G
2-PB1,1738,0,3802,0,4,3806,T
2-PB1,1739,2,5,3795,0,3802,G
2-PB1,1740,0,3,3799,1,3803,G
2-PB1,1741,0,2,3817,0,3819,G
2-PB1,1742,3817,1,1,0,3819,A
2-PB1,1743,0,3784,1,0,3785,T
2-PB1,1744,5,1,0,3773,3779,C
2-PB1,1745,3779,0,1,0,3780,A
2-PB1,1746,3792,0,2,0,3794,A
2-PB1,1747,3808,0,1,0,3809,A
2-PB1,1748,0,0,0,3815,3815,C
2-PB1,1749,3,0,0,3784,3787,C
2-PB1,1750,2,1,0,3781,3784,C
2-PB1,1751,3794,0,2,0,3796,A
2-PB1,1752,3849,0,2,0,3851,A
2-PB1,1753,0,3833,0,0,3833,T
2-PB1,1754,3,0,0,3837,3840,C
2-PB1,1755,3820,0,2,0,3822,A
2-PB1,1756,3781,0,0,0,3781,A
2-PB1,1757,0,0,3821,0,3821,G
2-PB1,1758,0,3,3789,0,3792,G
2-PB1,1759,2,1,3788,0,3791,G
2-PB1,1760,0,2,0,3820,3822,C
2-PB1,1761,3765,0,7,0,3772,A
2-PB1,1762,2,3,3841,0,3846,G
2-PB1,1763,0,5,3866,0,3871,G
2-PB1,1764,3886,0,5,0,3891,A
2-PB1,1765,1,8,0,3926,3935,C
2-PB1,1766,0,3847,0,13,3860,T
2-PB1,1767,3973,0,0,0,3973,A
2-PB1,1768,0,3954,0,1,3955,T
2-PB1,1769,0,3958,1,2,3961,T
2-PB1,1770,1,6,3971,0,3978,G
2-PB1,1771,1,0,3969,0,3970,G
2-PB1,1772,0,3911,0,4,3915,T
2-PB1,1773,3955,0,0,0,3955,A
2-PB1,1774,0,3879,0,6,3885,T
2-PB1,1775,1,1,0,3911,3913,C
2-PB1,1776,3834,0,3,0,3837,A
2-PB1,1777,1,1,3863,0,3865,G
2-PB1,1778,3853,0,3,0,3856,A
2-PB1,1779,0,3816,0,1,3817,T
2-PB1,1780,1,4,3697,0,3702,G
2-PB1,1781,0,4,3678,0,3682,G
2-PB1,1782,1,2,3660,0,3663,G
2-PB1,1783,2,3,3676,0,3681,G
2-PB1,1784,8,3,3672,1,3684,G
2-PB1,1785,3665,0,2,0,3667,A
2-PB1,1786,1,0,1,3646,3648,C
2-PB1,1787,3,0,0,3632,3635,C
2-PB1,1788,3645,0,1,0,3646,A
2-PB1,1789,3849,0,3,0,3852,A
2-PB1,1790,3860,0,5,0,3865,A
2-PB1,1791,1,2,0,3928,3931,C
2-PB1,1792,0,3892,1,4,3897,T
2-PB1,1793,0,3888,2,1,3891,T
2-PB1,1794,3911,0,0,0,3911,A
2-PB1,1795,0,3900,1,1,3902,T
2-PB1,1796,3903,0,2,0,3905,A
2-PB1,1797,0,0,0,3913,3913,C
2-PB1,1798,3648,0,0,0,3648,A
2-PB1,1799,3647,0,1,0,3648,A
2-PB1,1800,0,3542,1,1,3544,T
2-PB1,1801,3619,0,0,0,3619,A
2-PB1,1802,0,3617,1,1,3619,T
2-PB1,1803,3,0,0,3617,3620,C
2-PB1,1804,4,5,0,3608,3617,C
2-PB1,1805,1,2,3615,0,3618,G
2-PB1,1806,0,15,3610,0,3625,G
2-PB1,1807,3619,0,1,0,3620,A
2-PB1,1808,3625,0,1,0,3626,A
2-PB1,1809,0,3618,2,0,3620,T
2-PB1,1810,2,0,0,3645,3647,C
2-PB1,1811,0,3624,2,1,3627,T
2-PB1,1812,0,3654,2,0,3656,T
2-PB1,1813,1,1,0,3651,3653,C
2-PB1,1814,3641,2,5,0,3648,A
2-PB1,1815,0,25,0,3632,3657,C
2-PB1,1816,3649,0,1,0,3650,A
2-PB1,1817,0,3908,0,2,3910,T
2-PB1,1818,3,0,0,3918,3921,C
2-PB1,1819,2,0,0,3929,3931,C
2-PB1,1820,5,0,0,3956,3961,C
2-PB1,1821,0,3946,1,5,3952,T
2-PB1,1822,2,0,3955,1,3958,G
2-PB1,1823,3935,0,0,0,3935,A
2-PB1,1824,3933,1,4,0,3938,A
2-PB1,1825,0,1,3950,0,3951,G
2-PB1,1826,0,3720,1,2,3723,T
2-PB1,1827,1,0,0,3748,3749,C
2-PB1,1828,0,3667,1,3,3671,T
2-PB1,1829,1,3,3740,0,3744,G
2-PB1,1830,0,1,0,3733,3734,C
2-PB1,1831,0,3754,0,0,3754,T
2-PB1,1832,1,3760,0,2,3763,T
2-PB1,1833,3767,0,1,0,3768,A
2-PB1,1834,3754,0,0,0,3754,A
2-PB1,1835,3760,1,0,0,3761,A
2-PB1,1836,3664,1,6,0,3671,A
2-PB1,1837,0,3702,1,0,3703,T
2-PB1,1838,1,3,3696,0,3700,G
2-PB1,1839,0,3,3689,0,3692,G
2-PB1,1840,2,2,3678,0,3682,G
2-PB1,1841,3681,0,3,0,3684,A
2-PB1,1842,0,1,3712,0,3713,G
2-PB1,1843,9,1,0,3688,3698,C
2-PB1,1844,0,3702,1,2,3705,T
2-PB1,1845,1,1,3724,2,3728,G
2-PB1,1846,3693,0,1,0,3694,A
2-PB1,1847,1,3717,0,1,3719,T
2-PB1,1848,2,3,3728,0,3733,G
2-PB1,1849,0,0,3733,0,3733,G
2-PB1,1850,3705,0,0,0,3705,A
2-PB1,1851,0,3721,1,4,3726,T
2-PB1,1852,1,2,3722,0,3725,G
2-PB1,1853,3700,0,2,0,3702,A
2-PB1,1854,0,3,3736,1,3740,G
2-PB1,1855,3738,0,2,0,3740,A
2-PB1,1856,3735,1,2,0,3738,A
2-PB1,1857,0,3697,1,4,3702,T
2-PB1,1858,0,3682,0,0,3682,T
2-PB1,1859,3689,0,0,0,3689,A
2-PB1,1860,1,3678,0,1,3680,T
2-PB1,1861,1,6,0,3677,3684,C
2-PB1,1862,1,1,3681,0,3683,G
2-PB1,1863,1,4,3640,0,3645,G
2-PB1,1864,2,1,3629,0,3632,G
2-PB1,1865,1,3,3634,0,3638,G
2-PB1,1866,3641,0,1,0,3642,A
2-PB1,1867,3646,0,4,0,3650,A
2-PB1,1868,4,2,3653,0,3659,G
2-PB1,1869,3669,1,4,0,3674,A
2-PB1,1870,1,0,0,3706,3707,C
2-PB1,1871,0,3691,0,0,3691,T
2-PB1,1872,0,3760,0,1,3761,T
2-PB1,1873,0,3770,0,1,3771,T
2-PB1,1874,1,0,3783,0,3784,G
2-PB1,1875,1,3778,0,1,3780,T
2-PB1,1876,3773,0,0,0,3773,A
2-PB1,1877,3756,0,2,0,3758,A
2-PB1,1878,0,3678,0,1,3679,T
2-PB1,1879,0,1,0,3720,3721,C
2-PB1,1880,0,1,0,3698,3699,C
2-PB1,1881,3,0,0,3683,3686,C
2-PB1,1882,0,1,0,3725,3726,C
2-PB1,1883,0,3704,0,1,3705,T
2-PB1,1884,0,3,3697,0,3700,G
2-PB1,1885,3684,1,1,0,3686,A
2-PB1,1886,3706,0,1,0,3707,A
2-PB1,1887,0,3718,0,7,3725,T
2-PB1,1888,4,0,0,3689,3693,C
2-PB1,1889,2,0,0,3677,3679,C
2-PB1,1890,2,7,0,3651,3660,C
2-PB1,1891,1,3649,1,10,3661,T
2-PB1,1892,1,3680,1,1,3683,T
2-PB1,1893,1,3675,0,0,3676,T
2-PB1,1894,3,2,3679,0,3684,G
2-PB1,1895,1,3655,2,7,3665,T
2-PB1,1896,3,0,0,3658,3661,C
2-PB1,1897,3618,0,6,1,3625,A
2-PB1,1898,2,2,3644,0,3648,G
2-PB1,1899,0,2,0,3639,3641,C
2-PB1,1900,6,0,0,3636,3642,C
2-PB1,1901,3651,0,1,0,3652,A
2-PB1,1902,0,3670,0,1,3671,T
2-PB1,1903,3656,0,0,0,3656,A
2-PB1,1904,3685,1,0,0,3686,A
2-PB1,1905,3684,0,7,0,3691,A
2-PB1,1906,0,2,3714,0,3716,G
2-PB1,1907,3627,0,0,1,3628,A
2-PB1,1908,3626,1,1,1,3629,A
2-PB1,1909,3629,0,3,0,3632,A
2-PB1,1910,0,3592,0,1,3593,T
2-PB1,1911,0,3613,0,4,3617,T
2-PB1,1912,0,0,3627,0,3627,G
2-PB1,1913,3582,0,0,0,3582,A
2-PB1,1914,0,1,3627,0,3628,G
2-PB1,1915,0,3633,1,3,3637,T
2-PB1,1916,2,0,0,3676,3678,C
2-PB1,1917,0,3657,0,6,3663,T
2-PB1,1918,0,0,3751,0,3751,G
2-PB1,1919,0,3744,0,1,3745,T
2-PB1,1920,3807,0,0,0,3807,A
2-PB1,1921,3794,0,2,0,3796,A
2-PB1,1922,3788,0,0,0,3788,A
2-PB1,1923,1,0,1,3785,3787,C
2-PB1,1924,3668,0,1,0,3669,A
2-PB1,1925,3730,0,2,0,3732,A
2-PB1,1926,0,3726,0,1,3727,T
2-PB1,1927,0,1,3725,0,3726,G
2-PB1,1928,0,2,0,3745,3747,C
2-PB1,1929,0,3699,0,6,3705,T
2-PB1,1930,1,1,3804,0,3806,G
2-PB1,1931,1,3793,0,4,3798,T
2-PB1,1932,3855,0,0,0,3855,A
2-PB1,1933,0,0,3868,0,3868,G
2-PB1,1934,0,3779,0,1,3780,T
2-PB1,1935,3759,0,2,0,3761,A
2-PB1,1936,3716,0,2,0,3718,A
2-PB1,1937,0,3688,0,1,3689,T
2-PB1,1938,0,1,3672,0,3673,G
2-PB1,1939,0,0,0,3626,3626,C
2-PB1,1940,2,0,0,3577,3579,C
2-PB1,1941,3523,0,6,0,3529,A
2-PB1,1942,0,0,3600,0,3600,G
2-PB1,1943,0,2,1,3630,3633,C
2-PB1,1944,1,2,0,3647,3650,C
2-PB1,1945,2,1,0,3663,3666,C
2-PB1,1946,3635,0,3,0,3638,A
2-PB1,1947,0,3638,0,2,3640,T
2-PB1,1948,0,6,3634,0,3640,G
2-PB1,1949,1,0,3675,0,3676,G
2-PB1,1950,0,3656,0,0,3656,T
2-PB1,1951,2,0,0,3579,3581,C
2-PB1,1952,3,0,0,3521,3524,C
2-PB1,1953,0,3496,0,7,3503,T
2-PB1,1954,2,0,3560,0,3562,G
2-PB1,1955,1,0,0,3522,3523,C
2-PB1,1956,6,1,0,3545,3552,C
2-PB1,1957,3573,0,1,0,3574,A
2-PB1,1958,3498,0,1,0,3499,A
2-PB1,1959,3521,1,0,0,3522,A
2-PB1,1960,3515,0,0,0,3515,A
2-PB1,1961,2,0,3557,0,3559,G
2-PB1,1962,0,3494,0,2,3496,T
2-PB1,1963,3509,1,2,1,3513,A
2-PB1,1964,16,3484,0,2,3502,T
2-PB1,1965,2,1,3493,0,3496,G
2-PB1,1966,2,0,3554,0,3556,G
2-PB1,1967,3550,0,2,0,3552,A
2-PB1,1968,3579,1,0,0,3580,A
2-PB1,1969,0,3561,0,0,3561,T
2-PB1,1970,3522,0,1,0,3523,A
2-PB1,1971,0,3496,0,2,3498,T
2-PB1,1972,0,4,3482,0,3486,G
2-PB1,1973,3482,0,3,1,3486,A
2-PB1,1974,0,3463,0,1,3464,T
2-PB1,1975,1,0,3376,0,3377,G
2-PB1,1976,1,2,0,3365,3368,C
2-PB1,1977,3,1,0,3353,3357,C
2-PB1,1978,2,1,3366,0,3369,G
2-PB1,1979,0,3367,0,1,3368,T
2-PB1,1980,1,3367,0,2,3370,T
2-PB1,1981,1,0,3379,0,3380,G
2-PB1,1982,2,0,0,3429,3431,C
2-PB1,1983,3420,0,3,0,3423,A
2-PB1,1984,3476,1,0,1,3478,A
2-PB1,1985,1,1,0,3486,3488,C
2-PB1,1986,0,3454,0,1,3455,T
2-PB1,1987,3459,0,0,0,3459,A
2-PB1,1988,1,0,0,3450,3451,C
2-PB1,1989,3441,0,3,0,3444,A
2-PB1,1990,1,0,0,3449,3450,C
2-PB1,1991,3285,0,0,0,3285,A
2-PB1,1992,1,0,0,3554,3555,C
2-PB1,1993,0,3433,0,2,3435,T
2-PB1,1994,5,3,0,3497,3505,C
2-PB1,1995,2,1,0,3501,3504,C
2-PB1,1996,0,3476,0,2,3478,T
2-PB1,1997,0,1,3484,0,3485,G
2-PB1,1998,0,2,3481,0,3483,G
2-PB1,1999,3484,0,2,0,3486,A
2-PB1,2000,0,3477,0,1,3478,T
2-PB1,2001,0,3177,0,2,3179,T
2-PB1,2002,6,2,0,3231,3239,C
2-PB1,2003,3,0,0,3210,3213,C
2-PB1,2004,3,0,0,3237,3240,C
2-PB1,2005,3245,0,0,0,3245,A
2-PB1,2006,3231,0,12,0,3243,A
2-PB1,2007,0,2,3256,0,3258,G
2-PB1,2008,3218,0,8,0,3226,A
2-PB1,2009,0,3,3226,0,3229,G
2-PB1,2010,1,0,3225,0,3226,G
2-PB1,2011,3166,0,3,1,3170,A
2-PB1,2012,3162,0,5,0,3167,A
2-PB1,2013,0,3,0,3152,3155,C
2-PB1,2014,5,0,0,3126,3131,C
2-PB1,2015,2,0,3167,0,3169,G
2-PB1,2016,0,1,0,3167,3168,C
2-PB1,2017,0,3160,0,5,3165,T
2-PB1,2018,2,0,0,3178,3180,C
2-PB1,2019,0,3163,0,2,3165,T
2-PB1,2020,3369,0,0,0,3369,A
2-PB1,2021,0,3357,0,4,3361,T
2-PB1,2022,1,3376,1,0,3378,T
2-PB1,2023,1,1,0,3395,3397,C
2-PB1,2024,0,3268,0,0,3268,T
2-PB1,2025,3286,0,0,0,3286,A
2-PB1,2026,3279,0,1,0,3280,A
2-PB1,2027,3276,0,2,0,3278,A
2-PB1,2028,1,0,0,3283,3284,C
2-PB1,2029,3048,0,0,0,3048,A
2-PB1,2030,0,0,0,3059,3059,C
2-PB1,2031,3002,0,1,0,3003,A
2-PB1,2032,3030,0,4,0,3034,A
2-PB1,2033,1,1,3033,0,3035,G
2-PB1,2034,0,1,0,3022,3023,C
2-PB1,2035,4,0,0,3043,3047,C
2-PB1,2036,3005,0,1,0,3006,A
2-PB1,2037,3014,0,1,0,3015,A
2-PB1,2038,3006,1,5,1,3013,A
2-PB1,2039,0,0,3029,1,3030,G
2-PB1,2040,1,2,3021,0,3024,G
2-PB1,2041,0,1,2985,0,2986,G
2-PB1,2042,0,4,2991,0,2995,G
2-PB1,2043,2963,0,3,0,2966,A
2-PB1,2044,2980,0,2,0,2982,A
2-PB1,2045,0,2979,0,0,2979,T
2-PB1,2046,0,2975,0,0,2975,T
2-PB1,2047,4,1,0,2985,2990,C
2-PB1,2048,0,2969,0,3,2972,T
2-PB1,2049,0,2965,0,2,2967,T
2-PB1,2050,0,1,2971,0,2972,G
2-PB1,2051,2989,1,2,0,2992,A
2-PB1,2052,1,2,2987,0,2990,G
2-PB1,2053,0,2,2996,0,2998,G
2-PB1,2054,2997,0,0,0,2997,A
2-PB1,2055,0,2979,0,1,2980,T
2-PB1,2056,0,3,2985,0,2988,G
2-PB1,2057,2978,0,5,0,2983,A
2-PB1,2058,2981,1,7,0,2989,A
2-PB1,2059,0,1,0,2997,2998,C
2-PB1,2060,2961,1,0,0,2962,A
2-PB1,2061,0,0,3019,0,3019,G
2-PB1,2062,3006,0,0,0,3006,A
2-PB1,2063,0,2982,0,0,2982,T
2-PB1,2064,1,0,3013,0,3014,G
2-PB1,2065,0,3047,0,2,3049,T
2-PB1,2066,3053,0,1,0,3054,A
2-PB1,2067,0,0,0,3044,3044,C
2-PB1,2068,2,1,0,3035,3038,C
2-PB1,2069,3002,0,0,0,3002,A
2-PB1,2070,0,3,2964,0,2967,G
2-PB1,2071,2932,0,1,0,2933,A
2-PB1,2072,2910,0,2,0,2912,A
2-PB1,2073,0,0,2933,0,2933,G
2-PB1,2074,0,2749,0,2,2751,T
2-PB1,2075,1,0,2770,0,2771,G
2-PB1,2076,2,2,0,2756,2760,C
2-PB1,2077,2,2747,0,5,2754,T
2-PB1,2078,3,0,2763,0,2766,G
2-PB1,2079,0,1,0,2746,2747,C
2-PB1,2080,2752,0,1,0,2753,A
2-PB1,2081,2745,0,0,0,2745,A
2-PB1,2082,1,0,0,2703,2704,C
2-PB1,2083,1,2696,1,4,2702,T
2-PB1,2084,0,2674,0,1,2675,T
2-PB1,2085,2,0,2667,0,2669,G
2-PB1,2086,0,2660,0,2,2662,T
2-PB1,2087,0,2653,0,0,2653,T
2-PB1,2088,5,1,0,2655,2661,C
2-PB1,2089,0,3,2652,0,2655,G
2-PB1,2090,2656,1,0,0,2657,A
2-PB1,2091,0,3,2660,0,2663,G
2-PB1,2092,2652,0,0,0,2652,A
2-PB1,2093,2646,0,0,0,2646,A
2-PB1,2094,2659,1,0,1,2661,A
2-PB1,2095,0,2646,0,1,2647,T
2-PB1,2096,0,2657,0,0,2657,T
2-PB1,2097,0,2657,0,0,2657,T
2-PB1,2098,0,2659,0,0,2659,T
2-PB1,2099,0,2641,0,1,2642,T
2-PB1,2100,3,0,0,2649,2652,C
2-PB1,2101,2,0,0,2655,2657,C
2-PB1,2102,4,0,0,2671,2675,C
2-PB1,2103,0,2676,0,2,2678,T
2-PB1,2104,2674,0,1,0,2675,A
2-PB1,2105,0,0,2693,0,2693,G
2-PB1,2106,0,2679,0,1,2680,T
2-PB1,2107,2699,0,2,0,2701,A
2-PB1,2108,0,0,2715,0,2715,G
2-PB1,2109,1,2668,0,1,2670,T
2-PB1,2110,0,2760,0,2,2762,T
2-PB1,2111,9,1,0,2762,2772,C
2-PB1,2112,2817,0,1,0,2818,A
2-PB1,2113,0,2816,0,1,2817,T
2-PB1,2114,2835,1,0,0,2836,A
2-PB1,2115,0,2834,0,0,2834,T
2-PB1,2116,2730,0,2,0,2732,A
2-PB1,2117,0,2,2711,0,2713,G
2-PB1,2118,0,3,2697,0,2700,G
2-PB1,2119,2416,0,1,0,2417,A
2-PB1,2120,0,2,2420,0,2422,G
2-PB1,2121,2257,0,2,0,2259,A
2-PB1,2122,0,0,0,2249,2249,C
2-PB1,2123,2,1,0,2161,2164,C
2-PB1,2124,1,2,2164,0,2167,G
2-PB1,2125,2149,0,3,0,2152,A
2-PB1,2126,0,2138,0,0,2138,T
2-PB1,2127,0,2147,0,0,2147,T
2-PB1,2128,0,1,2138,0,2139,G
2-PB1,2129,1,3,2134,0,2138,G
2-PB1,2130,2143,0,1,0,2144,A
2-PB1,2131,2138,0,3,0,2141,A
2-PB1,2132,0,2130,0,0,2130,T
2-PB1,2133,0,2139,0,5,2144,T
2-PB1,2134,0,2133,0,0,2133,T
2-PB1,2135,0,0,0,2144,2144,C
2-PB1,2136,0,2146,0,1,2147,T
2-PB1,2137,2135,0,3,0,2138,A
2-PB1,2138,0,1,2137,0,2138,G
2-PB1,2139,0,2,0,2135,2137,C
2-PB1,2140,2129,1,1,0,2131,A
2-PB1,2141,1,2134,1,0,2136,T
2-PB1,2142,1,1,2096,0,2098,G
2-PB1,2143,0,0,2150,0,2150,G
2-PB1,2144,0,2136,0,0,2136,T
2-PB1,2145,0,1,2132,0,2133,G
2-PB1,2146,3,1,2129,0,2133,G
2-PB1,2147,2101,0,3,0,2104,A
2-PB1,2148,0,1,2119,0,2120,G
2-PB1,2149,0,0,2106,0,2106,G
2-PB1,2150,0,3,0,2036,2039,C
2-PB1,2151,0,0,0,2061,2061,C
2-PB1,2152,1905,0,0,0,1905,A
2-PB1,2153,0,1900,0,2,1902,T
2-PB1,2154,1,1,1919,0,1921,G
2-PB1,2155,1,0,1926,0,1927,G
2-PB1,2156,0,1879,0,2,1881,T
2-PB1,2157,0,0,1916,0,1916,G
2-PB1,2158,0,1859,0,3,1862,T
2-PB1,2159,6,0,0,1841,1847,C
2-PB1,2160,0,1847,0,2,1849,T
2-PB1,2161,1836,0,0,0,1836,A
2-PB1,2162,0,1,1830,0,1831,G
2-PB1,2163,0,0,1781,0,1781,G
2-PB1,2164,1,1,1746,0,1748,G
2-PB1,2165,0,0,0,1684,1684,C
2-PB1,2166,1,0,0,1609,1610,C
2-PB1,2167,2,1,0,1592,1595,C
2-PB1,2168,0,2,1589,0,1591,G
2-PB1,2169,0,0,1598,0,1598,G
2-PB1,2170,1606,0,0,0,1606,A
2-PB1,2171,0,1604,0,0,1604,T
2-PB1,2172,0,1543,0,0,1543,T
2-PB1,2173,0,0,1535,0,1535,G
2-PB1,2174,1529,0,2,0,1531,A
2-PB1,2175,0,1533,0,0,1533,T
2-PB1,2176,0,1,1524,0,1525,G
2-PB1,2177,0,0,0,1508,1508,C
2-PB1,2178,1,0,0,1508,1509,C
2-PB1,2179,1501,0,2,0,1503,A
2-PB1,2180,0,1,1503,0,1504,G
2-PB1,2181,1504,0,1,0,1505,A
2-PB1,2182,1504,0,0,0,1504,A
2-PB1,2183,0,1490,2,3,1495,T
2-PB1,2184,0,1466,0,0,1466,T
2-PB1,2185,0,4,1473,0,1477,G
2-PB1,2186,1458,0,0,0,1458,A
2-PB1,2187,0,1,0,1466,1467,C
2-PB1,2188,0,1446,0,1,1447,T
2-PB1,2189,0,1431,0,0,1431,T
2-PB1,2190,0,0,0,1445,1445,C
2-PB1,2191,0,1,1444,0,1445,G
2-PB1,2192,1442,0,2,0,1444,A
2-PB1,2193,0,1,1418,0,1419,G
2-PB1,2194,0,1422,0,0,1422,T
2-PB1,2195,1,0,0,1432,1433,C
2-PB1,2196,0,1430,0,2,1432,T
2-PB1,2197,0,0,1432,0,1432,G
2-PB1,2198,0,1,1428,0,1429,G
2-PB1,2199,1431,0,0,0,1431,A
2-PB1,2200,1271,0,3,0,1274,A
2-PB1,2201,0,0,1277,0,1277,G
2-PB1,2202,0,1,1292,0,1293,G
2-PB1,2203,1288,0,2,0,1290,A
2-PB1,2204,0,1277,0,0,1277,T
2-PB1,2205,0,1280,0,4,1284,T
2-PB1,2206,1270,0,2,0,1272,A
2-PB1,2207,1275,0,1,0,1276,A
2-PB1,2208,0,0,1275,0,1275,G
2-PB1,2209,1265,0,0,0,1265,A
2-PB1,2210,1235,0,0,0,1235,A
2-PB1,2211,1084,0,4,0,1088,A
2-PB1,2212,0,0,1097,0,1097,G
2-PB1,2213,1098,0,0,0,1098,A
2-PB1,2214,1093,0,0,0,1093,A
2-PB1,2215,0,1,1095,0,1096,G
2-PB1,2216,1025,0,3,0,1028,A
2-PB1,2217,0,0,1016,0,1016,G
2-PB1,2218,0,981,0,0,981,T
2-PB1,2219,1,968,0,1,970,T
2-PB1,2220,3,0,0,983,986,C
2-PB1,2221,0,961,0,1,962,T
2-PB1,2222,1,0,0,968,969,C
2-PB1,2223,0,967,0,1,968,T
2-PB1,2224,0,1,960,0,961,G
2-PB1,2225,946,0,0,0,946,A
2-PB1,2226,0,0,939,0,939,G
2-PB1,2227,935,0,0,0,935,A
2-PB1,2228,0,894,0,1,895,T
2-PB1,2229,1,0,0,833,834,C
2-PB1,2230,838,0,0,0,838,A
2-PB1,2231,0,829,0,0,829,T
2-PB1,2232,1,0,829,0,830,G
2-PB1,2233,828,0,0,0,828,A
2-PB1,2234,824,0,2,0,826,A
2-PB1,2235,0,1,814,0,815,G
2-PB1,2236,793,0,0,0,793,A
2-PB1,2237,1,780,0,1,782,T
2-PB1,2238,1,0,0,779,780,C
2-PB1,2239,0,727,0,1,728,T
2-PB1,2240,1,0,734,0,735,G
2-PB1,2241,0,730,0,0,730,T
2-PB1,2242,0,722,0,0,722,T
2-PB1,2243,2,0,0,713,715,C
2-PB1,2244,1,1,0,690,692,C
2-PB1,2245,684,0,2,0,686,A
2-PB1,2246,0,0,0,690,690,C
2-PB1,2247,0,1,0,657,658,C
2-PB1,2248,637,0,0,0,637,A
2-PB1,2249,0,575,0,0,575,T
2-PB1,2250,0,563,0,0,563,T
2-PB1,2251,0,1,559,0,560,G
2-PB1,2252,557,0,0,0,557,A
2-PB1,2253,555,0,0,0,555,A
2-PB1,2254,0,1,553,0,554,G
2-PB1,2255,482,0,1,0,483,A
2-PB1,2256,478,0,0,0,478,A
2-PB1,2257,0,0,0,472,472,C
2-PB1,2258,0,448,0,0,448,T
2-PB1,2259,1,0,0,445,446,C
2-PB1,2260,430,0,0,0,430,A
2-PB1,2261,0,0,435,0,435,G
2-PB1,2262,428,0,1,0,429,A
2-PB1,2263,0,0,0,413,413,C
2-PB1,2264,1,0,399,0,400,G
2-PB1,2265,0,0,387,0,387,G
2-PB1,2266,0,0,0,386,386,C
2-PB1,2267,390,0,1,0,391,A
2-PB1,2268,388,0,0,0,388,A
2-PB1,2269,390,0,0,0,390,A
2-PB1,2270,387,0,1,0,388,A
2-PB1,2271,386,0,0,0,386,A
2-PB1,2272,0,379,0,0,379,T
2-PB1,2273,370,0,0,0,370,A
2-PB1,2274,368,0,0,0,368,A
3-PA,1,31,0,0,0,31,A
3-PA,2,0,31,0,0,31,T
3-PA,3,0,0,32,0,32,G
3-PA,4,0,0,32,0,32,G
3-PA,5,33,0,0,0,33,A
3-PA,6,33,0,0,0,33,A
3-PA,7,0,0,33,0,33,G
3-PA,8,33,0,0,0,33,A
3-PA,9,1,32,0,0,33,T
3-PA,10,0,33,0,0,33,T
3-PA,11,0,33,0,0,33,T
3-PA,12,0,33,0,0,33,T
3-PA,13,0,0,34,0,34,G
3-PA,14,0,33,0,0,33,T
3-PA,15,0,0,33,0,33,G
3-PA,16,0,0,0,34,34,C
3-PA,17,0,0,35,0,35,G
3-PA,18,40,0,0,0,40,A
3-PA,19,0,0,0,41,41,C
3-PA,20,41,0,0,0,41,A
3-PA,21,41,0,0,0,41,A
3-PA,22,0,42,0,0,42,T
3-PA,23,0,0,50,0,50,G
3-PA,24,0,0,0,50,50,C
3-PA,25,0,50,0,0,50,T
3-PA,26,0,50,0,0,50,T
3-PA,27,0,0,0,51,51,C
3-PA,28,52,0,0,0,52,A
3-PA,29,55,0,0,0,55,A
3-PA,30,0,0,0,53,53,C
3-PA,31,0,0,0,55,55,C
3-PA,32,0,0,0,55,55,C
3-PA,33,0,0,55,0,55,G
3-PA,34,55,0,0,0,55,A
3-PA,35,0,55,0,0,55,T
3-PA,36,0,0,55,0,55,G
3-PA,37,55,0,0,0,55,A
3-PA,38,0,56,0,0,56,T
3-PA,39,0,56,0,0,56,T
3-PA,40,0,0,57,0,57,G
3-PA,41,0,55,0,0,55,T
3-PA,42,0,0,0,56,56,C
3-PA,43,0,0,57,0,57,G
3-PA,44,58,0,0,0,58,A
3-PA,45,58,0,0,0,58,A
3-PA,46,0,0,0,59,59,C
3-PA,47,0,59,0,0,59,T
3-PA,48,0,58,0,0,58,T
3-PA,49,0,0,58,0,58,G
3-PA,50,0,0,0,58,58,C
3-PA,51,58,0,0,0,58,A
3-PA,52,0,0,58,0,58,G
3-PA,53,57,0,1,0,58,A
3-PA,54,59,0,0,0,59,A
3-PA,55,59,0,0,0,59,A
3-PA,56,59,0,0,0,59,A
3-PA,57,61,0,0,0,61,A
3-PA,58,0,0,63,0,63,G
3-PA,59,0,0,0,66,66,C
3-PA,60,66,0,0,0,66,A
3-PA,61,72,0,0,0,72,A
3-PA,62,0,73,0,0,73,T
3-PA,63,0,0,73,0,73,G
3-PA,64,75,0,0,0,75,A
3-PA,65,76,0,0,0,76,A
3-PA,66,75,0,0,0,75,A
3-PA,67,0,0,81,0,81,G
3-PA,68,84,0,0,0,84,A
3-PA,69,0,0,98,0,98,G
3-PA,70,0,97,0,0,97,T
3-PA,71,98,0,0,0,98,A
3-PA,72,0,95,0,0,95,T
3-PA,73,0,1,96,0,97,G
3-PA,74,0,1,98,0,99,G
3-PA,75,0,0,98,0,98,G
3-PA,76,0,0,98,0,98,G
3-PA,77,97,0,0,0,97,A
3-PA,78,0,0,95,0,95,G
3-PA,79,0,0,96,0,96,G
3-PA,80,95,0,0,0,95,A
3-PA,81,0,99,0,0,99,T
3-PA,82,0,0,0,100,100,C
3-PA,83,0,100,0,0,100,T
3-PA,84,0,0,99,0,99,G
3-PA,85,100,0,0,0,100,A
3-PA,86,100,0,0,0,100,A
3-PA,87,99,0,1,0,100,A
3-PA,88,99,0,0,0,99,A
3-PA,89,0,99,0,0,99,T
3-PA,90,0,99,0,0,99,T
3-PA,91,0,0,101,0,101,G
3-PA,92,101,0,0,0,101,A
3-PA,93,100,0,0,0,100,A
3-PA,94,100,0,0,0,100,A
3-PA,95,0,0,0,100,100,C
3-PA,96,100,0,0,0,100,A
3-PA,97,100,0,0,0,100,A
3-PA,98,101,0,0,0,101,A
3-PA,99,0,0,0,100,100,C
3-PA,100,100,0,0,0,100,A
3-PA,101,100,0,0,0,100,A
3-PA,102,104,0,0,0,104,A
3-PA,103,0,105,0,0,105,T
3-PA,104,0,105,0,0,105,T
3-PA,105,0,106,0,0,106,T
3-PA,106,0,0,106,0,106,G
3-PA,107,0,0,0,107,107,C
3-PA,108,108,0,0,0,108,A
3-PA,109,0,0,110,0,110,G
3-PA,110,0,0,0,110,110,C
3-PA,111,114,0,0,0,114,A
3-PA,112,117,0,0,0,117,A
3-PA,113,0,120,0,0,120,T
3-PA,114,125,0,0,0,125,A
3-PA,115,0,126,0,0,126,T
3-PA,116,0,0,128,0,128,G
3-PA,117,0,0,0,129,129,C
3-PA,118,128,0,0,0,128,A
3-PA,119,0,0,0,131,131,C
3-PA,120,0,129,0,0,129,T
3-PA,121,1,1,0,155,157,C
3-PA,122,163,0,0,0,163,A
3-PA,123,0,0,0,166,166,C
3-PA,124,0,168,0,0,168,T
3-PA,125,0,167,0,0,167,T
3-PA,126,0,0,168,0,168,G
3-PA,127,0,0,166,0,166,G
3-PA,128,168,0,0,0,168,A
3-PA,129,0,0,170,0,170,G
3-PA,130,0,0,164,0,164,G
3-PA,131,0,153,0,0,153,T
3-PA,132,0,0,162,0,162,G
3-PA,133,0,160,0,0,160,T
3-PA,134,0,0,163,0,163,G
3-PA,135,0,166,0,0,166,T
3-PA,136,0,167,0,0,167,T
3-PA,137,0,167,0,0,167,T
3-PA,138,0,0,0,168,168,C
3-PA,139,169,0,1,0,170,A
3-PA,140,0,168,0,0,168,T
3-PA,141,0,0,175,0,175,G
3-PA,142,0,175,0,0,175,T
3-PA,143,175,0,0,0,175,A
3-PA,144,0,175,0,0,175,T
3-PA,145,0,173,0,0,173,T
3-PA,146,0,0,0,177,177,C
3-PA,147,175,0,0,0,175,A
3-PA,148,0,1,176,0,177,G
3-PA,149,177,0,0,0,177,A
3-PA,150,0,179,0,0,179,T
3-PA,151,0,179,0,0,179,T
3-PA,152,0,177,0,0,177,T
3-PA,153,0,0,0,176,176,C
3-PA,154,0,0,0,182,182,C
3-PA,155,183,0,0,0,183,A
3-PA,156,0,183,0,0,183,T
3-PA,157,0,183,0,0,183,T
3-PA,158,0,181,0,1,182,T
3-PA,159,0,0,0,183,183,C
3-PA,160,180,0,3,0,183,A
3-PA,161,0,187,0,0,187,T
3-PA,162,1,0,0,185,186,C
3-PA,163,185,0,0,0,185,A
3-PA,164,185,0,0,0,185,A
3-PA,165,0,184,0,1,185,T
3-PA,166,0,0,192,0,192,G
3-PA,167,192,0,0,0,192,A
3-PA,168,194,0,0,0,194,A
3-PA,169,0,0,0,196,196,C
3-PA,170,196,0,0,0,196,A
3-PA,171,196,0,0,0,196,A
3-PA,172,0,0,197,0,197,G
3-PA,173,0,0,197,0,197,G
3-PA,174,191,0,1,0,192,A
3-PA,175,0,0,201,0,201,G
3-PA,176,208,0,0,0,208,A
3-PA,177,213,0,0,0,213,A
3-PA,178,0,212,0,0,212,T
3-PA,179,0,0,0,216,216,C
3-PA,180,216,0,0,0,216,A
3-PA,181,219,0,0,0,219,A
3-PA,182,0,222,0,0,222,T
3-PA,183,221,0,0,0,221,A
3-PA,184,0,0,226,0,226,G
3-PA,185,1,228,0,0,229,T
3-PA,186,1,0,231,0,232,G
3-PA,187,0,0,231,0,231,G
3-PA,188,0,230,0,0,230,T
3-PA,189,227,0,0,0,227,A
3-PA,190,0,0,232,0,232,G
3-PA,191,231,0,0,0,231,A
3-PA,192,232,0,0,0,232,A
3-PA,193,0,0,0,229,229,C
3-PA,194,0,229,0,0,229,T
3-PA,195,0,229,0,0,229,T
3-PA,196,0,1,228,0,229,G
3-PA,197,227,0,0,0,227,A
3-PA,198,0,1,0,227,228,C
3-PA,199,0,0,227,0,227,G
3-PA,200,230,0,0,0,230,A
3-PA,201,0,234,0,0,234,T
3-PA,202,0,0,0,235,235,C
3-PA,203,0,0,0,235,235,C
3-PA,204,234,0,0,0,234,A
3-PA,205,233,0,1,0,234,A
3-PA,206,234,0,0,0,234,A
3-PA,207,0,235,0,0,235,T
3-PA,208,0,0,237,0,237,G
3-PA,209,0,0,0,238,238,C
3-PA,210,236,0,0,0,236,A
3-PA,211,0,0,0,241,241,C
3-PA,212,0,241,0,0,241,T
3-PA,213,0,0,273,0,273,G
3-PA,214,0,271,0,0,271,T
3-PA,215,0,273,0,0,273,T
3-PA,216,274,0,0,0,274,A
3-PA,217,275,0,0,0,275,A
3-PA,218,272,0,0,0,272,A
3-PA,219,0,0,275,0,275,G
3-PA,220,1,0,0,270,271,C
3-PA,221,264,0,0,0,264,A
3-PA,222,0,0,0,265,265,C
3-PA,223,248,0,1,0,249,A
3-PA,224,0,0,259,0,259,G
3-PA,225,258,0,0,0,258,A
3-PA,226,0,257,0,0,257,T
3-PA,227,0,259,0,0,259,T
3-PA,228,0,255,0,0,255,T
3-PA,229,0,0,256,0,256,G
3-PA,230,255,0,0,0,255,A
3-PA,231,256,0,0,0,256,A
3-PA,232,256,0,1,0,257,A
3-PA,233,0,256,0,0,256,T
3-PA,234,255,0,0,0,255,A
3-PA,235,255,0,0,0,255,A
3-PA,236,0,256,0,0,256,T
3-PA,237,0,255,0,0,255,T
3-PA,238,0,0,260,0,260,G
3-PA,239,259,0,0,0,259,A
3-PA,240,0,0,261,0,261,G
3-PA,241,0,0,266,0,266,G
3-PA,242,0,0,265,0,265,G
3-PA,243,0,0,263,0,263,G
3-PA,244,260,0,1,0,261,A
3-PA,245,0,1,258,0,259,G
3-PA,246,260,1,2,0,263,A
3-PA,247,0,0,266,0,266,G
3-PA,248,266,0,1,0,267,A
3-PA,249,0,0,0,266,266,C
3-PA,250,262,0,0,0,262,A
3-PA,251,0,0,264,0,264,G
3-PA,252,264,0,0,0,264,A
3-PA,253,266,0,0,0,266,A
3-PA,254,0,0,0,265,265,C
3-PA,255,258,0,0,0,258,A
3-PA,256,258,0,0,0,258,A
3-PA,257,0,259,0,0,259,T
3-PA,258,0,0,273,0,273,G
3-PA,259,1,0,269,0,270,G
3-PA,260,0,0,0,266,266,C
3-PA,261,0,3,0,268,271,C
3-PA,262,0,270,0,0,270,T
3-PA,263,0,0,272,0,272,G
3-PA,264,0,0,275,0,275,G
3-PA,265,273,0,0,0,273,A
3-PA,266,0,0,0,272,272,C
3-PA,267,264,0,0,0,264,A
3-PA,268,2,0,285,0,287,G
3-PA,269,0,290,0,0,290,T
3-PA,270,296,0,1,0,297,A
3-PA,271,0,0,296,0,296,G
3-PA,272,0,288,0,0,288,T
3-PA,273,292,0,0,0,292,A
3-PA,274,292,0,0,0,292,A
3-PA,275,290,0,0,0,290,A
3-PA,276,0,0,0,295,295,C
3-PA,277,279,0,0,0,279,A
3-PA,278,0,0,283,0,283,G
3-PA,279,0,274,1,0,275,T
3-PA,280,282,0,0,0,282,A
3-PA,281,0,282,0,0,282,T
3-PA,282,0,0,0,281,281,C
3-PA,283,0,279,0,0,279,T
3-PA,284,0,0,282,0,282,G
3-PA,285,0,0,0,280,280,C
3-PA,286,281,0,0,0,281,A
3-PA,287,282,0,0,0,282,A
3-PA,288,0,0,0,284,284,C
3-PA,289,284,0,0,0,284,A
3-PA,290,0,0,0,303,303,C
3-PA,291,0,300,0,1,301,T
3-PA,292,302,0,0,0,302,A
3-PA,293,0,0,0,300,300,C
3-PA,294,0,302,0,0,302,T
3-PA,295,0,0,302,0,302,G
3-PA,296,0,0,303,0,303,G
3-PA,297,295,0,2,0,297,A
3-PA,298,0,0,298,0,298,G
3-PA,299,1,0,0,284,285,C
3-PA,300,0,291,0,0,291,T
3-PA,301,0,0,290,0,290,G
3-PA,302,0,0,286,0,286,G
3-PA,303,0,0,287,0,287,G
3-PA,304,285,0,0,0,285,A
3-PA,305,288,0,0,0,288,A
3-PA,306,290,0,0,0,290,A
3-PA,307,0,0,0,286,286,C
3-PA,308,2,0,0,287,289,C
3-PA,309,0,0,288,0,288,G
3-PA,310,288,0,0,0,288,A
3-PA,311,289,0,0,0,289,A
3-PA,312,0,0,290,0,290,G
3-PA,313,0,291,0,0,291,T
3-PA,314,0,290,0,0,290,T
3-PA,315,0,289,0,0,289,T
3-PA,316,2,0,0,290,292,C
3-PA,317,0,292,0,0,292,T
3-PA,318,291,0,0,0,291,A
3-PA,319,0,0,0,291,291,C
3-PA,320,0,0,0,291,291,C
3-PA,321,289,0,0,0,289,A
3-PA,322,0,0,294,0,294,G
3-PA,323,292,0,0,0,292,A
3-PA,324,0,292,0,0,292,T
3-PA,325,0,293,0,0,293,T
3-PA,326,0,293,0,0,293,T
3-PA,327,0,0,302,0,302,G
3-PA,328,0,297,0,1,298,T
3-PA,329,299,0,0,1,300,A
3-PA,330,0,301,0,0,301,T
3-PA,331,0,0,301,0,301,G
3-PA,332,316,0,0,0,316,A
3-PA,333,0,314,0,0,314,T
3-PA,334,1,313,0,0,314,T
3-PA,335,315,0,0,0,315,A
3-PA,336,0,0,0,314,314,C
3-PA,337,314,0,0,0,314,A
3-PA,338,313,0,1,0,314,A
3-PA,339,0,0,313,0,313,G
3-PA,340,0,0,317,0,317,G
3-PA,341,306,0,0,0,306,A
3-PA,342,0,0,309,0,309,G
3-PA,343,306,0,1,0,307,A
3-PA,344,304,0,1,0,305,A
3-PA,345,0,0,0,309,309,C
3-PA,346,305,0,0,0,305,A
3-PA,347,0,0,309,0,309,G
3-PA,348,302,0,0,0,302,A
3-PA,349,0,301,0,0,301,T
3-PA,350,0,300,0,0,300,T
3-PA,351,0,0,0,298,298,C
3-PA,352,298,0,0,0,298,A
3-PA,353,0,295,0,1,296,T
3-PA,354,1,0,0,295,296,C
3-PA,355,0,0,296,0,296,G
3-PA,356,302,0,0,0,302,A
3-PA,357,300,0,0,0,300,A
3-PA,358,301,0,0,0,301,A
3-PA,359,0,301,0,0,301,T
3-PA,360,0,301,0,0,301,T
3-PA,361,0,1,302,0,303,G
3-PA,362,0,0,301,0,301,G
3-PA,363,0,0,307,0,307,G
3-PA,364,0,0,307,0,307,G
3-PA,365,0,304,0,0,304,T
3-PA,366,0,1,310,0,311,G
3-PA,367,311,0,0,0,311,A
3-PA,368,0,2,0,313,315,C
3-PA,369,316,0,0,0,316,A
3-PA,370,316,0,0,0,316,A
3-PA,371,1,0,321,0,322,G
3-PA,372,0,0,318,0,318,G
3-PA,373,321,0,0,0,321,A
3-PA,374,0,0,322,0,322,G
3-PA,375,317,0,1,0,318,A
3-PA,376,0,0,317,0,317,G
3-PA,377,313,0,0,0,313,A
3-PA,378,314,0,0,0,314,A
3-PA,379,0,0,321,0,321,G
3-PA,380,0,316,0,0,316,T
3-PA,381,0,0,0,318,318,C
3-PA,382,4,0,0,317,321,C
3-PA,383,321,0,1,0,322,A
3-PA,384,0,0,0,330,330,C
3-PA,385,340,0,0,0,340,A
3-PA,386,0,350,0,0,350,T
3-PA,387,349,0,0,0,349,A
3-PA,388,0,342,0,0,342,T
3-PA,389,340,0,0,0,340,A
3-PA,390,0,336,0,1,337,T
3-PA,391,0,334,0,0,334,T
3-PA,392,342,0,0,0,342,A
3-PA,393,0,0,0,343,343,C
3-PA,394,0,0,0,329,329,C
3-PA,395,0,328,0,0,328,T
3-PA,396,0,327,0,0,327,T
3-PA,397,0,0,327,0,327,G
3-PA,398,329,0,0,0,329,A
3-PA,399,326,0,0,0,326,A
3-PA,400,327,0,0,0,327,A
3-PA,401,308,0,2,0,310,A
3-PA,402,0,0,310,0,310,G
3-PA,403,0,0,306,0,306,G
3-PA,404,0,0,0,314,314,C
3-PA,405,0,0,0,316,316,C
3-PA,406,312,0,1,0,313,A
3-PA,407,314,0,0,0,314,A
3-PA,408,0,314,0,0,314,T
3-PA,409,314,0,0,0,314,A
3-PA,410,315,0,0,0,315,A
3-PA,411,0,0,317,0,317,G
3-PA,412,311,0,0,0,311,A
3-PA,413,0,314,0,0,314,T
3-PA,414,0,315,0,0,315,T
3-PA,415,314,0,0,0,314,A
3-PA,416,314,0,0,0,314,A
3-PA,417,314,0,0,0,314,A
3-PA,418,0,315,0,0,315,T
3-PA,419,0,0,0,315,315,C
3-PA,420,0,304,0,1,305,T
3-PA,421,0,0,309,0,309,G
3-PA,422,308,0,0,0,308,A
3-PA,423,0,0,312,0,312,G
3-PA,424,308,0,0,0,308,A
3-PA,425,312,0,0,0,312,A
3-PA,426,0,0,0,312,312,C
3-PA,427,305,0,0,1,306,A
3-PA,428,0,0,0,314,314,C
3-PA,429,314,0,0,0,314,A
3-PA,430,0,0,0,315,315,C
3-PA,431,311,0,0,0,311,A
3-PA,432,0,303,0,0,303,T
3-PA,433,312,0,0,0,312,A
3-PA,434,0,312,0,0,312,T
3-PA,435,0,313,0,0,313,T
3-PA,436,0,0,0,314,314,C
3-PA,437,307,0,0,0,307,A
3-PA,438,0,0,0,318,318,C
3-PA,439,313,0,0,0,313,A
3-PA,440,0,313,0,0,313,T
3-PA,441,0,310,0,0,310,T
3-PA,442,0,315,0,1,316,T
3-PA,443,0,316,0,1,317,T
3-PA,444,0,0,0,317,317,C
3-PA,445,0,315,0,0,315,T
3-PA,446,0,0,0,318,318,C
3-PA,447,314,0,0,0,314,A
3-PA,448,0,314,0,0,314,T
3-PA,449,0,318,0,1,319,T
3-PA,450,0,0,0,318,318,C
3-PA,451,315,0,0,0,315,A
3-PA,452,0,0,0,317,317,C
3-PA,453,0,317,0,0,317,T
3-PA,454,0,0,313,0,313,G
3-PA,455,0,0,314,0,314,G
3-PA,456,305,0,1,0,306,A
3-PA,457,0,1,313,0,314,G
3-PA,458,314,0,0,0,314,A
3-PA,459,0,0,314,0,314,G
3-PA,460,0,0,315,0,315,G
3-PA,461,317,0,0,0,317,A
3-PA,462,315,0,0,0,315,A
3-PA,463,311,0,0,0,311,A
3-PA,464,0,310,0,0,310,T
3-PA,465,0,0,311,0,311,G
3-PA,466,0,0,310,0,310,G
3-PA,467,0,0,1,312,313,C
3-PA,468,1,0,0,310,311,C
3-PA,469,310,0,0,0,310,A
3-PA,470,0,0,0,308,308,C
3-PA,471,308,0,0,0,308,A
3-PA,472,313,0,0,0,313,A
3-PA,473,310,0,0,0,310,A
3-PA,474,0,0,308,0,308,G
3-PA,475,0,0,308,0,308,G
3-PA,476,0,1,0,309,310,C
3-PA,477,315,0,0,0,315,A
3-PA,478,0,2,313,0,315,G
3-PA,479,317,0,0,0,317,A
3-PA,480,0,0,0,324,324,C
3-PA,481,0,321,0,1,322,T
3-PA,482,321,0,0,0,321,A
3-PA,483,0,1,0,317,318,C
3-PA,484,311,0,0,0,311,A
3-PA,485,0,0,0,314,314,C
3-PA,486,0,311,0,1,312,T
3-PA,487,0,0,0,316,316,C
3-PA,488,0,310,0,0,310,T
3-PA,489,0,0,0,311,311,C
3-PA,490,0,0,311,0,311,G
3-PA,491,311,0,0,0,311,A
3-PA,492,0,0,0,311,311,C
3-PA,493,0,0,313,0,313,G
3-PA,494,312,0,0,0,312,A
3-PA,495,0,0,314,0,314,G
3-PA,496,0,1,314,0,315,G
3-PA,497,316,0,0,0,316,A
3-PA,498,314,0,0,0,314,A
3-PA,499,312,0,0,0,312,A
3-PA,500,0,0,314,0,314,G
3-PA,501,0,0,0,315,315,C
3-PA,502,310,0,0,0,310,A
3-PA,503,0,1,320,0,321,G
3-PA,504,0,0,317,0,317,G
3-PA,505,0,0,316,0,316,G
3-PA,506,0,0,0,317,317,C
3-PA,507,0,311,2,0,313,T
3-PA,508,311,0,0,0,311,A
3-PA,509,0,0,314,0,314,G
3-PA,510,0,1,328,0,329,G
3-PA,511,331,0,0,0,331,A
3-PA,512,0,323,0,0,323,T
3-PA,513,0,322,0,0,322,T
3-PA,514,321,0,0,0,321,A
3-PA,515,321,0,1,0,322,A
3-PA,516,1,0,318,0,319,G
3-PA,517,318,0,0,0,318,A
3-PA,518,0,0,0,314,314,C
3-PA,519,0,0,0,303,303,C
3-PA,520,301,0,0,0,301,A
3-PA,521,0,0,305,0,305,G
3-PA,522,0,0,308,0,308,G
3-PA,523,0,1,0,308,309,C
3-PA,524,0,299,0,0,299,T
3-PA,525,0,0,311,0,311,G
3-PA,526,0,309,0,0,309,T
3-PA,527,0,308,0,0,308,T
3-PA,528,0,308,0,0,308,T
3-PA,529,310,0,0,0,310,A
3-PA,530,0,0,0,310,310,C
3-PA,531,0,0,0,302,302,C
3-PA,532,299,0,0,0,299,A
3-PA,533,0,299,0,0,299,T
3-PA,534,283,0,0,0,283,A
3-PA,535,283,0,1,0,284,A
3-PA,536,0,0,288,0,288,G
3-PA,537,286,0,0,0,286,A
3-PA,538,0,0,0,288,288,C
3-PA,539,278,0,0,0,278,A
3-PA,540,277,0,0,0,277,A
3-PA,541,0,1,277,0,278,G
3-PA,542,278,0,0,0,278,A
3-PA,543,280,0,0,0,280,A
3-PA,544,274,0,1,0,275,A
3-PA,545,0,269,0,0,269,T
3-PA,546,0,0,275,0,275,G
3-PA,547,0,0,275,0,275,G
3-PA,548,0,0,0,275,275,C
3-PA,549,0,0,0,281,281,C
3-PA,550,278,0,0,0,278,A
3-PA,551,284,0,0,0,284,A
3-PA,552,0,0,0,281,281,C
3-PA,553,281,0,0,0,281,A
3-PA,554,0,0,278,0,278,G
3-PA,555,272,0,0,0,272,A
3-PA,556,0,0,283,0,283,G
3-PA,557,0,0,280,0,280,G
3-PA,558,0,0,0,278,278,C
3-PA,559,0,0,0,285,285,C
3-PA,560,0,278,0,0,278,T
3-PA,561,278,0,0,0,278,A
3-PA,562,0,283,0,0,283,T
3-PA,563,0,0,284,0,284,G
3-PA,564,0,0,282,0,282,G
3-PA,565,0,0,266,0,266,G
3-PA,566,258,0,0,0,258,A
3-PA,567,0,254,0,0,254,T
3-PA,568,0,250,0,0,250,T
3-PA,569,0,0,0,393,393,C
3-PA,570,0,0,0,390,390,C
3-PA,571,0,403,0,0,403,T
3-PA,572,0,402,0,0,402,T
3-PA,573,0,404,0,0,404,T
3-PA,574,1,0,0,419,420,C
3-PA,575,0,0,419,0,419,G
3-PA,576,0,418,0,0,418,T
3-PA,577,0,0,1,419,420,C
3-PA,578,418,0,1,0,419,A
3-PA,579,0,0,587,0,587,G
3-PA,580,0,589,0,0,589,T
3-PA,581,1,0,0,586,587,C
3-PA,582,0,1,1,598,600,C
3-PA,583,2,2,604,0,608,G
3-PA,584,606,0,0,0,606,A
3-PA,585,604,0,0,0,604,A
3-PA,586,610,0,1,0,611,A
3-PA,587,0,0,641,0,641,G
3-PA,588,633,0,1,0,634,A
3-PA,589,0,0,659,0,659,G
3-PA,590,0,0,659,0,659,G
3-PA,591,0,0,0,660,660,C
3-PA,592,0,0,663,0,663,G
3-PA,593,667,0,0,0,667,A
3-PA,594,670,0,2,0,672,A
3-PA,595,0,2,678,0,680,G
3-PA,596,683,0,0,0,683,A
3-PA,597,686,0,1,0,687,A
3-PA,598,684,0,0,0,684,A
3-PA,599,0,0,0,703,703,C
3-PA,600,698,0,0,0,698,A
3-PA,601,701,0,0,0,701,A
3-PA,602,0,708,0,0,708,T
3-PA,603,0,705,0,0,705,T
3-PA,604,0,0,711,0,711,G
3-PA,605,705,0,1,0,706,A
3-PA,606,703,0,0,0,703,A
3-PA,607,0,0,711,0,711,G
3-PA,608,709,0,0,0,709,A
3-PA,609,709,0,0,0,709,A
3-PA,610,711,0,0,0,711,A
3-PA,611,710,0,0,0,710,A
3-PA,612,711,0,2,0,713,A
3-PA,613,0,721,0,0,721,T
3-PA,614,0,719,0,1,720,T
3-PA,615,0,722,0,0,722,T
3-PA,616,0,0,720,0,720,G
3-PA,617,716,0,1,0,717,A
3-PA,618,726,0,0,0,726,A
3-PA,619,728,0,1,0,729,A
3-PA,620,0,754,0,0,754,T
3-PA,621,1,0,0,893,894,C
3-PA,622,889,0,0,0,889,A
3-PA,623,0,0,0,923,923,C
3-PA,624,916,0,0,0,916,A
3-PA,625,0,0,946,1,947,G
3-PA,626,0,0,1004,0,1004,G
3-PA,627,1023,0,1,0,1024,A
3-PA,628,1052,0,2,0,1054,A
3-PA,629,0,0,0,1074,1074,C
3-PA,630,0,1056,0,1,1057,T
3-PA,631,1211,0,0,0,1211,A
3-PA,632,0,1258,0,0,1258,T
3-PA,633,0,0,1335,0,1335,G
3-PA,634,0,2,0,1326,1328,C
3-PA,635,0,0,1324,0,1324,G
3-PA,636,0,1304,0,0,1304,T
3-PA,637,1312,0,0,0,1312,A
3-PA,638,1,2,1329,0,1332,G
3-PA,639,0,1,1321,0,1322,G
3-PA,640,0,0,0,1323,1323,C
3-PA,641,0,1316,0,0,1316,T
3-PA,642,0,1301,0,2,1303,T
3-PA,643,0,0,1314,0,1314,G
3-PA,644,0,0,0,1314,1314,C
3-PA,645,1,0,0,1315,1316,C
3-PA,646,3,2,1330,0,1335,G
3-PA,647,1337,0,0,0,1337,A
3-PA,648,0,1,0,1357,1358,C
3-PA,649,2,0,0,1353,1355,C
3-PA,650,1355,0,2,0,1357,A
3-PA,651,1358,0,0,0,1358,A
3-PA,652,1365,0,2,0,1367,A
3-PA,653,0,1,1397,0,1398,G
3-PA,654,0,1401,0,0,1401,T
3-PA,655,3,0,0,1411,1414,C
3-PA,656,0,1407,0,2,1409,T
3-PA,657,2,0,0,1419,1421,C
3-PA,658,1,0,0,1436,1437,C
3-PA,659,0,0,0,1436,1436,C
3-PA,660,1438,0,3,0,1441,A
3-PA,661,0,0,0,1460,1460,C
3-PA,662,1,1,0,1446,1448,C
3-PA,663,0,2,1462,0,1464,G
3-PA,664,1482,0,0,0,1482,A
3-PA,665,1487,0,0,0,1487,A
3-PA,666,0,0,0,1503,1503,C
3-PA,667,0,1495,0,0,1495,T
3-PA,668,0,1544,0,0,1544,T
3-PA,669,1,0,0,1569,1570,C
3-PA,670,0,1564,0,2,1566,T
3-PA,671,3,0,0,1576,1579,C
3-PA,672,1,0,0,1577,1578,C
3-PA,673,0,1569,0,2,1571,T
3-PA,674,1,1,1599,0,1601,G
3-PA,675,0,0,0,1595,1595,C
3-PA,676,1,0,0,1601,1602,C
3-PA,677,0,1590,0,1,1591,T
3-PA,678,0,1594,0,0,1594,T
3-PA,679,0,4,1593,1,1598,G
3-PA,680,1590,0,2,0,1592,A
3-PA,681,0,1,1615,0,1616,G
3-PA,682,1604,0,0,0,1604,A
3-PA,683,1615,0,0,0,1615,A
3-PA,684,1,1660,0,0,1661,T
3-PA,685,0,1676,0,1,1677,T
3-PA,686,0,1677,0,0,1677,T
3-PA,687,0,1682,0,0,1682,T
3-PA,688,1673,0,4,0,1677,A
3-PA,689,1,2,1667,0,1670,G
3-PA,690,1665,0,4,0,1669,A
3-PA,691,0,0,1747,0,1747,G
3-PA,692,0,0,0,1750,1750,C
3-PA,693,1,2,0,1771,1774,C
3-PA,694,0,1834,0,1,1835,T
3-PA,695,1929,1,0,0,1930,A
3-PA,696,0,1937,1,2,1940,T
3-PA,697,0,0,1960,0,1960,G
3-PA,698,1,1953,0,0,1954,T
3-PA,699,0,3,1974,0,1977,G
3-PA,700,0,0,1958,0,1958,G
3-PA,701,1937,0,1,0,1938,A
3-PA,702,0,1930,0,0,1930,T
3-PA,703,0,2,1915,0,1917,G
3-PA,704,0,3,1967,0,1970,G
3-PA,705,1962,0,1,0,1963,A
3-PA,706,0,1972,0,0,1972,T
3-PA,707,0,1973,0,1,1974,T
3-PA,708,0,1,0,1969,1970,C
3-PA,709,20,4,1950,0,1974,G
3-PA,710,1987,0,2,0,1989,A
3-PA,711,1982,0,2,0,1984,A
3-PA,712,0,0,0,2012,2012,C
3-PA,713,2,1,0,1967,1970,C
3-PA,714,1,2,1977,0,1980,G
3-PA,715,1964,0,2,0,1966,A
3-PA,716,1975,0,3,0,1978,A
3-PA,717,0,4,0,1997,2001,C
3-PA,718,2,1,1989,0,1992,G
3-PA,719,1,1,2049,0,2051,G
3-PA,720,0,0,0,2061,2061,C
3-PA,721,1,2047,0,2,2050,T
3-PA,722,0,0,2116,0,2116,G
3-PA,723,0,0,0,2125,2125,C
3-PA,724,2148,0,2,0,2150,A
3-PA,725,1,2153,0,0,2154,T
3-PA,726,0,2136,1,0,2137,T
3-PA,727,1,4,2125,0,2130,G
3-PA,728,2070,0,5,0,2075,A
3-PA,729,0,1,2118,0,2119,G
3-PA,730,0,1,2117,0,2118,G
3-PA,731,0,0,2091,0,2091,G
3-PA,732,1,1,0,2089,2091,C
3-PA,733,2091,0,1,0,2092,A
3-PA,734,2094,0,2,0,2096,A
3-PA,735,0,0,2115,0,2115,G
3-PA,736,0,0,0,2107,2107,C
3-PA,737,0,2125,0,3,2128,T
3-PA,738,0,2116,0,0,2116,T
3-PA,739,0,2132,0,1,2133,T
3-PA,740,3,2,0,2125,2130,C
3-PA,741,0,2129,0,2,2131,T
3-PA,742,3,0,0,2145,2148,C
3-PA,743,2135,0,0,0,2135,A
3-PA,744,2115,0,5,0,2120,A
3-PA,745,2117,0,0,0,2117,A
3-PA,746,0,2110,0,1,2111,T
3-PA,747,0,0,2196,0,2196,G
3-PA,748,0,2179,0,6,2185,T
3-PA,749,3,1,0,2201,2205,C
3-PA,750,0,1,0,2214,2215,C
3-PA,751,2217,0,1,0,2218,A
3-PA,752,2223,0,0,0,2223,A
3-PA,753,2217,0,2,0,2219,A
3-PA,754,0,1,2253,0,2254,G
3-PA,755,2241,0,1,0,2242,A
3-PA,756,2195,0,4,0,2199,A
3-PA,757,0,0,2230,0,2230,G
3-PA,758,0,2203,0,2,2205,T
3-PA,759,0,3,2201,0,2204,G
3-PA,760,2201,0,2,0,2203,A
3-PA,761,2197,0,3,0,2200,A
3-PA,762,1,2202,0,1,2204,T
3-PA,763,0,2,2201,0,2203,G
3-PA,764,1,1,0,2218,2220,C
3-PA,765,9,0,0,2211,2220,C
3-PA,766,2,0,0,2217,2219,C
3-PA,767,2230,0,1,0,2231,A
3-PA,768,2263,0,1,0,2264,A
3-PA,769,2282,0,0,0,2282,A
3-PA,770,1,2283,0,0,2284,T
3-PA,771,0,2282,0,0,2282,T
3-PA,772,2,5,2276,0,2283,G
3-PA,773,2268,0,0,0,2268,A
3-PA,774,2270,0,1,0,2271,A
3-PA,775,0,2,0,2283,2285,C
3-PA,776,1,0,0,2281,2282,C
3-PA,777,0,2266,0,2,2268,T
3-PA,778,0,2344,0,1,2345,T
3-PA,779,0,2358,0,0,2358,T
3-PA,780,0,2423,1,0,2424,T
3-PA,781,0,1,0,2426,2427,C
3-PA,782,0,2422,0,1,2423,T
3-PA,783,0,1,2429,0,2430,G
3-PA,784,2424,0,1,0,2425,A
3-PA,785,2455,0,2,0,2457,A
3-PA,786,0,4,2474,0,2478,G
3-PA,787,2450,1,2,0,2453,A
3-PA,788,0,0,0,2472,2472,C
3-PA,789,2431,0,6,0,2437,A
3-PA,790,2440,1,6,0,2447,A
3-PA,791,1,3,0,2719,2723,C
3-PA,792,2716,0,2,3,2721,A
3-PA,793,2,1,0,2732,2735,C
3-PA,794,0,0,0,2724,2724,C
3-PA,795,2713,1,1,0,2715,A
3-PA,796,2710,0,6,0,2716,A
3-PA,797,0,5,2707,0,2712,G
3-PA,798,2706,0,5,0,2711,A
3-PA,799,0,0,0,2721,2721,C
3-PA,800,3,0,0,2548,2551,C
3-PA,801,2546,0,1,0,2547,A
3-PA,802,2544,0,0,0,2544,A
3-PA,803,0,2550,0,6,2556,T
3-PA,804,4,0,0,2550,2554,C
3-PA,805,2552,0,0,1,2553,A
3-PA,806,2552,0,0,0,2552,A
3-PA,807,2550,0,2,0,2552,A
3-PA,808,1,0,0,2591,2592,C
3-PA,809,0,2568,0,2,2570,T
3-PA,810,0,2589,0,0,2589,T
3-PA,811,2,0,0,2599,2601,C
3-PA,812,0,1,0,2599,2600,C
3-PA,813,2,5,2597,0,2604,G
3-PA,814,2584,0,1,0,2585,A
3-PA,815,1,0,2578,0,2579,G
3-PA,816,0,2598,0,1,2599,T
3-PA,817,0,0,2607,0,2607,G
3-PA,818,0,4,2609,0,2613,G
3-PA,819,2612,0,3,0,2615,A
3-PA,820,0,0,0,2643,2643,C
3-PA,821,3,0,0,2627,2630,C
3-PA,822,0,2737,0,4,2741,T
3-PA,823,2,0,0,2819,2821,C
3-PA,824,0,0,0,2819,2819,C
3-PA,825,0,2816,0,1,2817,T
3-PA,826,1,2846,0,1,2848,T
3-PA,827,1,0,2976,0,2977,G
3-PA,828,0,2968,0,0,2968,T
3-PA,829,0,2963,0,0,2963,T
3-PA,830,2950,0,0,0,2950,A
3-PA,831,0,2871,0,1,2872,T
3-PA,832,4,0,0,2853,2857,C
3-PA,833,2813,0,4,0,2817,A
3-PA,834,0,2,2796,0,2798,G
3-PA,835,0,2,1,2801,2804,C
3-PA,836,2,2,2737,0,2741,G
3-PA,837,0,0,2816,0,2816,G
3-PA,838,0,2801,0,1,2802,T
3-PA,839,5,0,0,2826,2831,C
3-PA,840,7,2,0,2832,2841,C
3-PA,841,2854,0,1,0,2855,A
3-PA,842,2876,0,1,0,2877,A
3-PA,843,2879,0,1,0,2880,A
3-PA,844,0,2869,0,1,2870,T
3-PA,845,1,2869,0,0,2870,T
3-PA,846,5,1,0,2846,2852,C
3-PA,847,2,2,0,2854,2858,C
3-PA,848,0,2832,0,2,2834,T
3-PA,849,1,0,0,2871,2872,C
3-PA,850,0,0,0,2886,2886,C
3-PA,851,0,2866,0,1,2867,T
3-PA,852,0,1,2905,0,2906,G
3-PA,853,2889,1,2,0,2892,A
3-PA,854,0,2894,0,0,2894,T
3-PA,855,8,4,2872,0,2884,G
3-PA,856,0,2,2865,0,2867,G
3-PA,857,2842,0,4,0,2846,A
3-PA,858,0,2835,0,0,2835,T
3-PA,859,0,0,2850,0,2850,G
3-PA,860,0,1,0,2972,2973,C
3-PA,861,0,2958,0,4,2962,T
3-PA,862,0,2973,0,5,2978,T
3-PA,863,1,2982,0,0,2983,T
3-PA,864,2974,0,0,0,2974,A
3-PA,865,2981,0,2,0,2983,A
3-PA,866,2981,0,0,0,2981,A
3-PA,867,3000,0,1,0,3001,A
3-PA,868,0,2998,0,0,2998,T
3-PA,869,0,2873,0,0,2873,T
3-PA,870,0,7,2863,1,2871,G
3-PA,871,2832,0,5,0,2837,A
3-PA,872,0,0,2885,0,2885,G
3-PA,873,2,0,0,2897,2899,C
3-PA,874,2911,0,0,0,2911,A
3-PA,875,0,2993,0,1,2994,T
3-PA,876,0,3001,0,0,3001,T
3-PA,877,2,2,2980,0,2984,G
3-PA,878,3001,1,1,0,3003,A
3-PA,879,2979,1,10,0,2990,A
3-PA,880,0,1,3001,0,3002,G
3-PA,881,2938,1,1,0,2940,A
3-PA,882,1,1,0,2994,2996,C
3-PA,883,1,1,0,2970,2972,C
3-PA,884,4,0,0,2936,2940,C
3-PA,885,2931,0,3,0,2934,A
3-PA,886,2940,0,2,0,2942,A
3-PA,887,0,0,2984,0,2984,G
3-PA,888,0,3000,0,0,3000,T
3-PA,889,5,0,1,3002,3008,C
3-PA,890,3007,0,0,0,3007,A
3-PA,891,0,0,0,3017,3017,C
3-PA,892,1,1,3015,0,3017,G
3-PA,893,3035,0,2,0,3037,A
3-PA,894,3045,0,3,0,3048,A
3-PA,895,0,2,3139,0,3141,G
3-PA,896,0,0,3140,0,3140,G
3-PA,897,3110,0,2,0,3112,A
3-PA,898,0,2,3137,0,3139,G
3-PA,899,3144,0,4,0,3148,A
3-PA,900,3141,0,6,0,3147,A
3-PA,901,1,7,3151,0,3159,G
3-PA,902,1,3,3093,0,3097,G
3-PA,903,1,3,3113,0,3117,G
3-PA,904,3045,1,4,0,3050,A
3-PA,905,0,3057,0,1,3058,T
3-PA,906,1,0,0,3062,3063,C
3-PA,907,2,6,0,3252,3260,C
3-PA,908,5,0,0,3315,3320,C
3-PA,909,3366,0,2,0,3368,A
3-PA,910,0,3385,2,3,3390,T
3-PA,911,0,3416,0,2,3418,T
3-PA,912,3493,0,3,0,3496,A
3-PA,913,0,3491,0,0,3491,T
3-PA,914,3485,0,1,0,3486,A
3-PA,915,0,3471,0,1,3472,T
3-PA,916,0,2,3106,0,3108,G
3-PA,917,3103,0,3,0,3106,A
3-PA,918,0,3057,0,0,3057,T
3-PA,919,0,0,3090,0,3090,G
3-PA,920,0,1,1,3053,3055,C
3-PA,921,2,1,3046,0,3049,G
3-PA,922,3079,0,0,0,3079,A
3-PA,923,0,3074,0,1,3075,T
3-PA,924,4,0,0,3079,3083,C
3-PA,925,3063,0,1,0,3064,A
3-PA,926,3039,0,2,0,3041,A
3-PA,927,0,0,3061,0,3061,G
3-PA,928,0,3050,1,0,3051,T
3-PA,929,0,1,3085,0,3086,G
3-PA,930,0,0,0,3064,3064,C
3-PA,931,3044,0,4,0,3048,A
3-PA,932,0,3053,0,1,3054,T
3-PA,933,3055,0,0,0,3055,A
3-PA,934,3095,1,0,0,3096,A
3-PA,935,3103,0,0,0,3103,A
3-PA,936,3079,0,2,0,3081,A
3-PA,937,3078,0,1,1,3080,A
3-PA,938,1,3,0,3087,3091,C
3-PA,939,3046,0,0,0,3046,A
3-PA,940,0,3046,0,2,3048,T
3-PA,941,0,3052,0,0,3052,T
3-PA,942,3,2,0,3067,3072,C
3-PA,943,0,3054,0,1,3055,T
3-PA,944,1,3046,0,0,3047,T
3-PA,945,0,3057,0,1,3058,T
3-PA,946,1,3,3052,0,3056,G
3-PA,947,2,1,3050,0,3053,G
3-PA,948,3038,0,3,0,3041,A
3-PA,949,0,3041,0,0,3041,T
3-PA,950,1,5,3056,0,3062,G
3-PA,951,0,5,3116,0,3121,G
3-PA,952,3126,0,3,0,3129,A
3-PA,953,3123,1,0,0,3124,A
3-PA,954,3133,0,6,0,3139,A
3-PA,955,0,7,3152,0,3159,G
3-PA,956,3134,0,3,0,3137,A
3-PA,957,3436,0,4,0,3440,A
3-PA,958,0,1,0,3502,3503,C
3-PA,959,1,0,0,3515,3516,C
3-PA,960,0,3498,0,3,3501,T
3-PA,961,0,3581,0,0,3581,T
3-PA,962,3583,0,2,0,3585,A
3-PA,963,0,3575,0,1,3576,T
3-PA,964,3556,0,5,0,3561,A
3-PA,965,0,3630,0,0,3630,T
3-PA,966,3378,1,2,0,3381,A
3-PA,967,1,0,3417,0,3418,G
3-PA,968,0,3384,1,5,3390,T
3-PA,969,3,0,0,3383,3386,C
3-PA,970,3350,0,0,0,3350,A
3-PA,971,3348,1,2,1,3352,A
3-PA,972,3344,0,6,0,3350,A
3-PA,973,2,0,0,3369,3371,C
3-PA,974,4,0,0,3332,3336,C
3-PA,975,3299,0,0,0,3299,A
3-PA,976,0,1,0,3303,3304,C
3-PA,977,3298,0,4,1,3303,A
3-PA,978,2,2,0,3326,3330,C
3-PA,979,1,3,3324,0,3328,G
3-PA,980,3277,1,2,0,3280,A
3-PA,981,3307,0,0,0,3307,A
3-PA,982,3288,0,3,0,3291,A
3-PA,983,3283,0,3,0,3286,A
3-PA,984,0,1,3325,0,3326,G
3-PA,985,1,3,3292,0,3296,G
3-PA,986,1,3,3315,1,3320,G
3-PA,987,3314,0,4,0,3318,A
3-PA,988,3329,0,2,0,3331,A
3-PA,989,0,3331,0,0,3331,T
3-PA,990,3339,0,0,0,3339,A
3-PA,991,3339,0,0,0,3339,A
3-PA,992,3345,0,0,0,3345,A
3-PA,993,0,3325,0,0,3325,T
3-PA,994,1,3323,0,0,3324,T
3-PA,995,7,1,0,3324,3332,C
3-PA,996,3342,0,1,0,3343,A
3-PA,997,3348,0,0,0,3348,A
3-PA,998,3353,0,0,0,3353,A
3-PA,999,0,3349,0,0,3349,T
3-PA,1000,0,3362,0,0,3362,T
3-PA,1001,3364,0,0,0,3364,A
3-PA,1002,0,0,0,3374,3374,C
3-PA,1003,4,1,0,3377,3382,C
3-PA,1004,0,3345,0,4,3349,T
3-PA,1005,1,1,3373,0,3375,G
3-PA,1006,0,0,0,3388,3388,C
3-PA,1007,0,3409,1,0,3410,T
3-PA,1008,0,0,3469,0,3469,G
3-PA,1009,0,3473,0,0,3473,T
3-PA,1010,4,1,0,3477,3482,C
3-PA,1011,3488,0,3,0,3491,A
3-PA,1012,0,3485,0,1,3486,T
3-PA,1013,1,1,3487,1,3490,G
3-PA,1014,0,3,3478,0,3481,G
3-PA,1015,3477,1,3,0,3481,A
3-PA,1016,3569,0,4,0,3573,A
3-PA,1017,18,0,3519,0,3537,G
3-PA,1018,3,0,0,3565,3568,C
3-PA,1019,3546,1,1,0,3548,A
3-PA,1020,3547,1,4,0,3552,A
3-PA,1021,2,2,3551,0,3555,G
3-PA,1022,0,3539,0,3,3542,T
3-PA,1023,3563,0,1,0,3564,A
3-PA,1024,0,1,0,3567,3568,C
3-PA,1025,0,3487,0,2,3489,T
3-PA,1026,1,0,3541,0,3542,G
3-PA,1027,1,3503,0,5,3509,T
3-PA,1028,9,0,0,3524,3533,C
3-PA,1029,3522,0,4,0,3526,A
3-PA,1030,0,2,3559,0,3561,G
3-PA,1031,3553,1,2,0,3556,A
3-PA,1032,3564,0,0,0,3564,A
3-PA,1033,0,3604,0,0,3604,T
3-PA,1034,0,3573,0,2,3575,T
3-PA,1035,0,1,3566,0,3567,G
3-PA,1036,2,1,0,3557,3560,C
3-PA,1037,3565,1,6,0,3572,A
3-PA,1038,0,4,3572,0,3576,G
3-PA,1039,0,2,3529,0,3531,G
3-PA,1040,3534,0,6,0,3540,A
3-PA,1041,0,2,0,3535,3537,C
3-PA,1042,0,0,3486,0,3486,G
3-PA,1043,0,3542,0,2,3544,T
3-PA,1044,0,3576,1,1,3578,T
3-PA,1045,0,5,3580,0,3585,G
3-PA,1046,3572,0,2,0,3574,A
3-PA,1047,3579,0,6,0,3585,A
3-PA,1048,3561,0,1,0,3562,A
3-PA,1049,3561,0,2,0,3563,A
3-PA,1050,0,3567,0,0,3567,T
3-PA,1051,0,4,3605,0,3609,G
3-PA,1052,3559,1,5,1,3566,A
3-PA,1053,3,2,3596,0,3601,G
3-PA,1054,0,6,3605,0,3611,G
3-PA,1055,3575,0,1,0,3576,A
3-PA,1056,1,0,3612,0,3613,G
3-PA,1057,3591,2,0,0,3593,A
3-PA,1058,3586,0,7,0,3593,A
3-PA,1059,2,2,3584,0,3588,G
3-PA,1060,16,1,3529,0,3546,G
3-PA,1061,0,3632,0,2,3634,T
3-PA,1062,0,3688,0,1,3689,T
3-PA,1063,1,1,0,3685,3687,C
3-PA,1064,4,0,0,3687,3691,C
3-PA,1065,3698,0,0,0,3698,A
3-PA,1066,3658,0,2,0,3660,A
3-PA,1067,1,4,3717,0,3722,G
3-PA,1068,0,2,3750,0,3752,G
3-PA,1069,3648,1,21,0,3670,A
3-PA,1070,2,0,0,3686,3688,C
3-PA,1071,0,3695,0,0,3695,T
3-PA,1072,3702,0,0,0,3702,A
3-PA,1073,3702,1,1,1,3705,A
3-PA,1074,3691,0,2,1,3694,A
3-PA,1075,3704,0,3,0,3707,A
3-PA,1076,3685,0,5,0,3690,A
3-PA,1077,0,0,0,3656,3656,C
3-PA,1078,3647,0,0,0,3647,A
3-PA,1079,0,3636,1,1,3638,T
3-PA,1080,2,2,3668,0,3672,G
3-PA,1081,3646,1,6,1,3654,A
3-PA,1082,3658,0,4,1,3663,A
3-PA,1083,0,1,3690,0,3691,G
3-PA,1084,3674,1,0,0,3675,A
3-PA,1085,3694,0,3,1,3698,A
3-PA,1086,3670,0,1,1,3672,A
3-PA,1087,3646,1,11,0,3658,A
3-PA,1088,0,3,0,3677,3680,C
3-PA,1089,1,3,3652,1,3657,G
3-PA,1090,3651,0,4,0,3655,A
3-PA,1091,0,1,3659,0,3660,G
3-PA,1092,0,3647,1,1,3649,T
3-PA,1093,4,1,0,3739,3744,C
3-PA,1094,3750,0,1,0,3751,A
3-PA,1095,3790,0,1,1,3792,A
3-PA,1096,0,0,0,3804,3804,C
3-PA,1097,1,3793,1,3,3798,T
3-PA,1098,2,5,3846,0,3853,G
3-PA,1099,3823,0,1,1,3825,A
3-PA,1100,3831,0,9,1,3841,A
3-PA,1101,0,0,3853,0,3853,G
3-PA,1102,0,3709,1,4,3714,T
3-PA,1103,4,7,3750,0,3761,G
3-PA,1104,1,0,3728,0,3729,G
3-PA,1105,0,1,3753,0,3754,G
3-PA,1106,3,0,0,3758,3761,C
3-PA,1107,0,3729,1,4,3734,T
3-PA,1108,1,0,1,3764,3766,C
3-PA,1109,0,3755,1,0,3756,T
3-PA,1110,0,3760,0,0,3760,T
3-PA,1111,3,1,3826,1,3831,G
3-PA,1112,0,1,3842,0,3843,G
3-PA,1113,0,3788,1,2,3791,T
3-PA,1114,1,6,3807,1,3815,G
3-PA,1115,3782,0,7,12,3801,A
3-PA,1116,3826,0,1,0,3827,A
3-PA,1117,3815,0,0,0,3815,A
3-PA,1118,3824,0,2,0,3826,A
3-PA,1119,0,1,0,3842,3843,C
3-PA,1120,3790,0,0,0,3790,A
3-PA,1121,0,3765,0,3,3768,T
3-PA,1122,3,4,3754,0,3761,G
3-PA,1123,0,1,3788,0,3789,G
3-PA,1124,0,1,0,3805,3806,C
3-PA,1125,3812,0,7,0,3819,A
3-PA,1126,0,0,0,3825,3825,C
3-PA,1127,1,0,0,3835,3836,C
3-PA,1128,3897,0,1,0,3898,A
3-PA,1129,0,2,3911,0,3913,G
3-PA,1130,3902,0,7,0,3909,A
3-PA,1131,1,3,3956,1,3961,G
3-PA,1132,3944,0,3,0,3947,A
3-PA,1133,3926,0,3,0,3929,A
3-PA,1134,0,3,3969,0,3972,G
3-PA,1135,1,0,3929,0,3930,G
3-PA,1136,0,3841,1,8,3850,T
3-PA,1137,3880,0,1,0,3881,A
3-PA,1138,1,7,3878,0,3886,G
3-PA,1139,3874,0,5,0,3879,A
3-PA,1140,1,0,0,3899,3900,C
3-PA,1141,0,3859,0,3,3862,T
3-PA,1142,0,3861,0,2,3863,T
3-PA,1143,0,3863,1,0,3864,T
3-PA,1144,2,4,3867,0,3873,G
3-PA,1145,3864,0,3,0,3867,A
3-PA,1146,3874,0,0,0,3874,A
3-PA,1147,3864,0,2,0,3866,A
3-PA,1148,3840,0,1,0,3841,A
3-PA,1149,0,0,0,3916,3916,C
3-PA,1150,0,3885,0,2,3887,T
3-PA,1151,1,0,3924,0,3925,G
3-PA,1152,0,2,0,3929,3931,C
3-PA,1153,3933,3,1,0,3937,A
3-PA,1154,0,1,3939,0,3940,G
3-PA,1155,3923,5,2,0,3930,A
3-PA,1156,0,3,4060,0,4063,G
3-PA,1157,4064,0,7,0,4071,A
3-PA,1158,1,1,0,4030,4032,C
3-PA,1159,4027,0,7,0,4034,A
3-PA,1160,0,3997,0,1,3998,T
3-PA,1161,4015,0,6,0,4021,A
3-PA,1162,4005,0,5,0,4010,A
3-PA,1163,1,1,3990,0,3992,G
3-PA,1164,2,1,0,4003,4006,C
3-PA,1165,2,3,3938,0,3943,G
3-PA,1166,3990,0,0,0,3990,A
3-PA,1167,0,3966,0,2,3968,T
3-PA,1168,0,3971,0,0,3971,T
3-PA,1169,0,3971,0,3,3974,T
3-PA,1170,0,0,3984,0,3984,G
3-PA,1171,3982,1,2,0,3985,A
3-PA,1172,3978,0,10,0,3988,A
3-PA,1173,0,0,4003,0,4003,G
3-PA,1174,0,0,0,4088,4088,C
3-PA,1175,4024,0,13,0,4037,A
3-PA,1176,4278,0,1,0,4279,A
3-PA,1177,0,4284,0,0,4284,T
3-PA,1178,4294,0,1,0,4295,A
3-PA,1179,0,4305,0,3,4308,T
3-PA,1180,3,5,4322,0,4330,G
3-PA,1181,4366,0,10,0,4376,A
3-PA,1182,1,4366,0,1,4368,T
3-PA,1183,4236,1,2,0,4239,A
3-PA,1184,16,1,4229,0,4246,G
3-PA,1185,0,4092,0,4,4096,T
3-PA,1186,2,6,4102,0,4110,G
3-PA,1187,4111,0,5,0,4116,A
3-PA,1188,14,1,0,4063,4078,C
3-PA,1189,0,10,4053,0,4063,G
3-PA,1190,4087,0,0,0,4087,A
3-PA,1191,4081,0,3,0,4084,A
3-PA,1192,0,2,0,4126,4128,C
3-PA,1193,2,1,0,4125,4128,C
3-PA,1194,1,4110,0,9,4120,T
3-PA,1195,0,8,4214,0,4222,G
3-PA,1196,4194,0,1,0,4195,A
3-PA,1197,4211,0,10,0,4221,A
3-PA,1198,0,4218,0,0,4218,T
3-PA,1199,1,4176,0,1,4178,T
3-PA,1200,4185,0,0,0,4185,A
3-PA,1201,4144,0,3,1,4148,A
3-PA,1202,0,2,4161,0,4163,G
3-PA,1203,0,4,4143,0,4147,G
3-PA,1204,1,4068,0,5,4074,T
3-PA,1205,2,1,0,4094,4097,C
3-PA,1206,4084,0,3,0,4087,A
3-PA,1207,2,0,0,4208,4210,C
3-PA,1208,0,4204,0,8,4212,T
3-PA,1209,1,4207,0,1,4209,T
3-PA,1210,0,4219,0,2,4221,T
3-PA,1211,6,1,0,4225,4232,C
3-PA,1212,4209,1,12,1,4223,A
3-PA,1213,4230,2,3,0,4235,A
3-PA,1214,1,1,4291,0,4293,G
3-PA,1215,0,0,1,4275,4276,C
3-PA,1216,0,4215,0,3,4218,T
3-PA,1217,3,3,4321,0,4327,G
3-PA,1218,0,3,4328,0,4331,G
3-PA,1219,4395,1,5,0,4401,A
3-PA,1220,0,4448,0,0,4448,T
3-PA,1221,4432,0,2,0,4434,A
3-PA,1222,0,0,1,4451,4452,C
3-PA,1223,4398,0,7,2,4407,A
3-PA,1224,3,3,4461,0,4467,G
3-PA,1225,4460,0,4,0,4464,A
3-PA,1226,4383,0,2,0,4385,A
3-PA,1227,0,4329,0,0,4329,T
3-PA,1228,0,3,4359,0,4362,G
3-PA,1229,4317,0,5,1,4323,A
3-PA,1230,2,0,4374,0,4376,G
3-PA,1231,0,4343,0,6,4349,T
3-PA,1232,4,4314,0,3,4321,T
3-PA,1233,8,1,0,4409,4418,C
3-PA,1234,4441,0,3,0,4444,A
3-PA,1235,4438,0,6,0,4444,A
3-PA,1236,1,0,0,4440,4441,C
3-PA,1237,4407,0,0,0,4407,A
3-PA,1238,4407,0,4,0,4411,A
3-PA,1239,1,3,4390,0,4394,G
3-PA,1240,0,3,4409,0,4412,G
3-PA,1241,1,1,0,4405,4407,C
3-PA,1242,4,0,0,4420,4424,C
3-PA,1243,1,4393,0,2,4396,T
3-PA,1244,2,1,4456,0,4459,G
3-PA,1245,1,4442,0,4,4447,T
3-PA,1246,2,7,4507,0,4516,G
3-PA,1247,4520,0,7,0,4527,A
3-PA,1248,0,0,4503,0,4503,G
3-PA,1249,0,1,0,4469,4470,C
3-PA,1250,0,4435,0,8,4443,T
3-PA,1251,4539,0,1,0,4540,A
3-PA,1252,4544,0,3,0,4547,A
3-PA,1253,0,2,0,4554,4556,C
3-PA,1254,0,4514,0,1,4515,T
3-PA,1255,1,6,4512,1,4520,G
3-PA,1256,4502,1,0,0,4503,A
3-PA,1257,0,4478,0,0,4478,T
3-PA,1258,0,4499,0,4,4503,T
3-PA,1259,7,2,0,4513,4522,C
3-PA,1260,4642,0,4,1,4647,A
3-PA,1261,0,1,4738,1,4740,G
3-PA,1262,0,4705,0,2,4707,T
3-PA,1263,3,0,1,4728,4732,C
3-PA,1264,0,4691,0,6,4697,T
3-PA,1265,0,2,4909,1,4912,G
3-PA,1266,0,5,4907,0,4912,G
3-PA,1267,4918,0,3,0,4921,A
3-PA,1268,1,4914,0,4,4919,T
3-PA,1269,4684,0,2,0,4686,A
3-PA,1270,0,1,4669,1,4671,G
3-PA,1271,4602,0,10,0,4612,A
3-PA,1272,0,1,4608,0,4609,G
3-PA,1273,0,1,0,4585,4586,C
3-PA,1274,0,4481,0,3,4484,T
3-PA,1275,2,3,0,4512,4517,C
3-PA,1276,2,4,4537,0,4543,G
3-PA,1277,4534,0,5,0,4539,A
3-PA,1278,0,4548,0,0,4548,T
3-PA,1279,0,5,4543,0,4548,G
3-PA,1280,4582,0,1,1,4584,A
3-PA,1281,4580,0,2,0,4582,A
3-PA,1282,4598,0,3,0,4601,A
3-PA,1283,0,4562,0,1,4563,T
3-PA,1284,0,4584,0,0,4584,T
3-PA,1285,0,1,4620,0,4621,G
3-PA,1286,1,3,4619,0,4623,G
3-PA,1287,4597,0,16,0,4613,A
3-PA,1288,1,7,4603,0,4611,G
3-PA,1289,4544,0,7,0,4551,A
3-PA,1290,0,4,4558,0,4562,G
3-PA,1291,1,2,4598,0,4601,G
3-PA,1292,4636,0,5,0,4641,A
3-PA,1293,0,1,0,4637,4638,C
3-PA,1294,21,1,4597,0,4619,G
3-PA,1295,1,4610,0,0,4611,T
3-PA,1296,4651,0,4,0,4655,A
3-PA,1297,4,1,4655,0,4660,G
3-PA,1298,1,0,1,4679,4681,C
3-PA,1299,4,1,0,4585,4590,C
3-PA,1300,4,0,0,4584,4588,C
3-PA,1301,3,0,0,4619,4622,C
3-PA,1302,4636,1,2,0,4639,A
3-PA,1303,4754,0,1,0,4755,A
3-PA,1304,0,4708,1,16,4725,T
3-PA,1305,0,4711,0,0,4711,T
3-PA,1306,1,7,4703,1,4712,G
3-PA,1307,4620,1,8,0,4629,A
3-PA,1308,1,2,4625,0,4628,G
3-PA,1309,0,2,0,4622,4624,C
3-PA,1310,4603,0,0,0,4603,A
3-PA,1311,2,2,0,4702,4706,C
3-PA,1312,4573,0,0,0,4573,A
3-PA,1313,0,4694,0,5,4699,T
3-PA,1314,0,4691,0,1,4692,T
3-PA,1315,1,1,4700,0,4702,G
3-PA,1316,1,1,1,4680,4683,C
3-PA,1317,4679,0,4,0,4683,A
3-PA,1318,4681,0,3,0,4684,A
3-PA,1319,2,0,4682,0,4684,G
3-PA,1320,0,0,0,4622,4622,C
3-PA,1321,4613,1,0,0,4614,A
3-PA,1322,0,4497,0,2,4499,T
3-PA,1323,0,5,4497,0,4502,G
3-PA,1324,4484,0,3,0,4487,A
3-PA,1325,1,3,4503,0,4507,G
3-PA,1326,4492,0,10,0,4502,A
3-PA,1327,4503,1,2,1,4507,A
3-PA,1328,12,1,4484,0,4497,G
3-PA,1329,1,3,4494,0,4498,G
3-PA,1330,4502,1,4,0,4507,A
3-PA,1331,4500,1,0,1,4502,A
3-PA,1332,0,4502,0,14,4516,T
3-PA,1333,0,4519,0,0,4519,T
3-PA,1334,4521,0,2,0,4523,A
3-PA,1335,1,4529,0,2,4532,T
3-PA,1336,1,4513,0,1,4515,T
3-PA,1337,0,4534,0,2,4536,T
3-PA,1338,9,1,1,4488,4499,C
3-PA,1339,4486,0,1,0,4487,A
3-PA,1340,0,0,0,4575,4575,C
3-PA,1341,4558,0,1,0,4559,A
3-PA,1342,0,1,4607,0,4608,G
3-PA,1343,1,1,0,4586,4588,C
3-PA,1344,4573,0,2,0,4575,A
3-PA,1345,0,0,4601,1,4602,G
3-PA,1346,4555,1,6,0,4562,A
3-PA,1347,0,3,4591,0,4594,G
3-PA,1348,0,1,4589,0,4590,G
3-PA,1349,0,4449,0,1,4450,T
3-PA,1350,1,0,4527,0,4528,G
3-PA,1351,1,4467,0,13,4481,T
3-PA,1352,4,5,0,4463,4472,C
3-PA,1353,3,2,0,4526,4531,C
3-PA,1354,5,1,0,4510,4516,C
3-PA,1355,4562,0,0,0,4562,A
3-PA,1356,0,4608,0,3,4611,T
3-PA,1357,0,4581,0,1,4582,T
3-PA,1358,0,0,4611,0,4611,G
3-PA,1359,0,4506,0,2,4508,T
3-PA,1360,4443,1,0,0,4444,A
3-PA,1361,0,0,4436,0,4436,G
3-PA,1362,4295,0,3,0,4298,A
3-PA,1363,1,2,4315,0,4318,G
3-PA,1364,0,1,0,4257,4258,C
3-PA,1365,3,1,0,4203,4207,C
3-PA,1366,4255,0,6,0,4261,A
3-PA,1367,1,0,0,4285,4286,C
3-PA,1368,0,4254,0,0,4254,T
3-PA,1369,0,4,4255,0,4259,G
3-PA,1370,4246,0,2,0,4248,A
3-PA,1371,4179,0,6,0,4185,A
3-PA,1372,1,4331,0,0,4332,T
3-PA,1373,4378,1,1,0,4380,A
3-PA,1374,4,2,0,4394,4400,C
3-PA,1375,4089,0,206,0,4295,A
3-PA,1376,2,4302,0,2,4306,T
3-PA,1377,4289,0,1,0,4290,A
3-PA,1378,4271,0,1,0,4272,A
3-PA,1379,0,4254,0,1,4255,T
3-PA,1380,2,4,4130,1,4137,G
3-PA,1381,4100,0,1,0,4101,A
3-PA,1382,4024,0,1,0,4025,A
3-PA,1383,2,1,4030,0,4033,G
3-PA,1384,1,4,4000,0,4005,G
3-PA,1385,1,2,4023,0,4026,G
3-PA,1386,0,3,4019,0,4022,G
3-PA,1387,1,0,4084,0,4085,G
3-PA,1388,0,4005,1,2,4008,T
3-PA,1389,4037,0,2,0,4039,A
3-PA,1390,0,4069,0,9,4078,T
3-PA,1391,4097,1,1,0,4099,A
3-PA,1392,1,1,0,4426,4428,C
3-PA,1393,4295,0,1,0,4296,A
3-PA,1394,0,4186,0,0,4186,T
3-PA,1395,1,4140,0,0,4141,T
3-PA,1396,4075,0,3,0,4078,A
3-PA,1397,4152,0,1,0,4153,A
3-PA,1398,1,4,0,4141,4146,C
3-PA,1399,4050,0,2,0,4052,A
3-PA,1400,1,0,0,4056,4057,C
3-PA,1401,0,3629,0,3,3632,T
3-PA,1402,0,3,3763,0,3766,G
3-PA,1403,1,2,0,3742,3745,C
3-PA,1404,2,1,0,3732,3735,C
3-PA,1405,0,2,0,3771,3773,C
3-PA,1406,1,3660,0,1,3662,T
3-PA,1407,0,0,3749,0,3749,G
3-PA,1408,0,1,0,3756,3757,C
3-PA,1409,1,3740,0,1,3742,T
3-PA,1410,5,1,0,3846,3852,C
3-PA,1411,3671,1,3,0,3675,A
3-PA,1412,3712,0,1,0,3713,A
3-PA,1413,0,3704,0,4,3708,T
3-PA,1414,2,0,3701,0,3703,G
3-PA,1415,0,3,0,3681,3684,C
3-PA,1416,3625,0,1,0,3626,A
3-PA,1417,0,3604,0,5,3609,T
3-PA,1418,0,0,0,3608,3608,C
3-PA,1419,0,3,0,3639,3642,C
3-PA,1420,0,3471,0,2,3473,T
3-PA,1421,0,0,3570,0,3570,G
3-PA,1422,1,3543,0,2,3546,T
3-PA,1423,0,1,3541,0,3542,G
3-PA,1424,1,5,1,3539,3546,C
3-PA,1425,3484,0,2,0,3486,A
3-PA,1426,0,0,3510,0,3510,G
3-PA,1427,1,0,0,3503,3504,C
3-PA,1428,3446,0,1,0,3447,A
3-PA,1429,3446,0,0,0,3446,A
3-PA,1430,0,3316,0,1,3317,T
3-PA,1431,0,3,3316,0,3319,G
3-PA,1432,1,2,3322,0,3325,G
3-PA,1433,3320,0,2,0,3322,A
3-PA,1434,1,0,0,3306,3307,C
3-PA,1435,0,5,3275,0,3280,G
3-PA,1436,3330,0,0,0,3330,A
3-PA,1437,0,3324,0,4,3328,T
3-PA,1438,0,3331,0,0,3331,T
3-PA,1439,0,3326,0,0,3326,T
3-PA,1440,2,3308,0,2,3312,T
3-PA,1441,7,0,0,3322,3329,C
3-PA,1442,3329,0,1,0,3330,A
3-PA,1443,3339,1,2,0,3342,A
3-PA,1444,0,0,0,3347,3347,C
3-PA,1445,0,3280,0,1,3281,T
3-PA,1446,3285,0,0,0,3285,A
3-PA,1447,3278,0,2,0,3280,A
3-PA,1448,0,3287,0,0,3287,T
3-PA,1449,1,3262,0,3,3266,T
3-PA,1450,4,0,1,3304,3309,C
3-PA,1451,4,0,0,3296,3300,C
3-PA,1452,8,1,0,3290,3299,C
3-PA,1453,3294,0,1,0,3295,A
3-PA,1454,0,3329,0,5,3334,T
3-PA,1455,0,6,3336,1,3343,G
3-PA,1456,3342,1,1,0,3344,A
3-PA,1457,0,3318,0,1,3319,T
3-PA,1458,3312,0,1,0,3313,A
3-PA,1459,3314,0,1,0,3315,A
3-PA,1460,1,1,3301,0,3303,G
3-PA,1461,0,0,0,3304,3304,C
3-PA,1462,3292,0,1,0,3293,A
3-PA,1463,3174,0,1,0,3175,A
3-PA,1464,1,0,3213,0,3214,G
3-PA,1465,0,3187,0,3,3190,T
3-PA,1466,0,0,3182,0,3182,G
3-PA,1467,0,2,0,3182,3184,C
3-PA,1468,3130,0,1,0,3131,A
3-PA,1469,1,7,3168,0,3176,G
3-PA,1470,3162,0,0,0,3162,A
3-PA,1471,3205,0,1,0,3206,A
3-PA,1472,0,0,0,3214,3214,C
3-PA,1473,0,3129,0,2,3131,T
3-PA,1474,3146,0,0,1,3147,A
3-PA,1475,3163,0,1,0,3164,A
3-PA,1476,3156,0,5,0,3161,A
3-PA,1477,0,2,3166,0,3168,G
3-PA,1478,3027,0,5,0,3032,A
3-PA,1479,1,27,2999,0,3027,G
3-PA,1480,0,0,2938,0,2938,G
3-PA,1481,0,0,2932,0,2932,G
3-PA,1482,2912,0,3,0,2915,A
3-PA,1483,2855,0,3,0,2858,A
3-PA,1484,0,0,2857,0,2857,G
3-PA,1485,0,0,2841,0,2841,G
3-PA,1486,2,0,0,2856,2858,C
3-PA,1487,2,0,2848,0,2850,G
3-PA,1488,2839,0,1,0,2840,A
3-PA,1489,2848,0,0,0,2848,A
3-PA,1490,2842,0,1,0,2843,A
3-PA,1491,2849,0,1,0,2850,A
3-PA,1492,2847,0,6,0,2853,A
3-PA,1493,0,0,0,2846,2846,C
3-PA,1494,1,0,0,2830,2831,C
3-PA,1495,2821,0,0,0,2821,A
3-PA,1496,2851,0,1,0,2852,A
3-PA,1497,0,2850,0,0,2850,T
3-PA,1498,1,2851,0,0,2852,T
3-PA,1499,0,2857,0,0,2857,T
3-PA,1500,2866,0,0,0,2866,A
3-PA,1501,0,2847,0,3,2850,T
3-PA,1502,2839,0,1,0,2840,A
3-PA,1503,0,2833,0,2,2835,T
3-PA,1504,10,1,2797,0,2808,G
3-PA,1505,1,1,2789,0,2791,G
3-PA,1506,2788,0,0,0,2788,A
3-PA,1507,0,2769,0,4,2773,T
3-PA,1508,0,2734,0,2,2736,T
3-PA,1509,3,0,0,2714,2717,C
3-PA,1510,2712,1,1,5,2719,A
3-PA,1511,0,2732,0,5,2737,T
3-PA,1512,3,0,0,2745,2748,C
3-PA,1513,2727,0,0,0,2727,A
3-PA,1514,0,2700,0,3,2703,T
3-PA,1515,2683,0,0,0,2683,A
3-PA,1516,2681,0,0,0,2681,A
3-PA,1517,2672,0,0,0,2672,A
3-PA,1518,0,1,2645,0,2646,G
3-PA,1519,0,1,2601,0,2602,G
3-PA,1520,0,2,2564,0,2566,G
3-PA,1521,2542,0,1,0,2543,A
3-PA,1522,2491,0,8,0,2499,A
3-PA,1523,0,1,2508,0,2509,G
3-PA,1524,2483,0,1,0,2484,A
3-PA,1525,0,2477,0,1,2478,T
3-PA,1526,1,0,0,2474,2475,C
3-PA,1527,0,2432,0,2,2434,T
3-PA,1528,3,0,0,2483,2486,C
3-PA,1529,2474,0,0,0,2474,A
3-PA,1530,0,2471,0,1,2472,T
3-PA,1531,2,2471,0,1,2474,T
3-PA,1532,0,2440,0,0,2440,T
3-PA,1533,2428,0,0,0,2428,A
3-PA,1534,2428,0,1,0,2429,A
3-PA,1535,0,0,2419,0,2419,G
3-PA,1536,0,4,2433,0,2437,G
3-PA,1537,2304,0,2,0,2306,A
3-PA,1538,2306,0,1,0,2307,A
3-PA,1539,0,2298,0,1,2299,T
3-PA,1540,1,1,2313,0,2315,G
3-PA,1541,2359,0,5,0,2364,A
3-PA,1542,0,1,0,2364,2365,C
3-PA,1543,2350,0,2,0,2352,A
3-PA,1544,0,1,0,2346,2347,C
3-PA,1545,2263,0,4,1,2268,A
3-PA,1546,1,1,2270,0,2272,G
3-PA,1547,2264,0,1,0,2265,A
3-PA,1548,0,0,0,2222,2222,C
3-PA,1549,0,0,2189,0,2189,G
3-PA,1550,0,1976,0,3,1979,T
3-PA,1551,1,0,1966,0,1967,G
3-PA,1552,8,0,1970,0,1978,G
3-PA,1553,0,1985,0,0,1985,T
3-PA,1554,1980,0,0,0,1980,A
3-PA,1555,1932,0,1,0,1933,A
3-PA,1556,1926,0,1,0,1927,A
3-PA,1557,0,1909,0,4,1913,T
3-PA,1558,0,1889,0,0,1889,T
3-PA,1559,0,1883,0,0,1883,T
3-PA,1560,0,1859,0,0,1859,T
3-PA,1561,0,1,1858,0,1859,G
3-PA,1562,0,1835,0,1,1836,T
3-PA,1563,2,0,1838,1,1841,G
3-PA,1564,1832,0,3,0,1835,A
3-PA,1565,0,1,1834,0,1835,G
3-PA,1566,1,0,0,1819,1820,C
3-PA,1567,1829,0,0,0,1829,A
3-PA,1568,0,1818,0,2,1820,T
3-PA,1569,1,0,1823,0,1824,G
3-PA,1570,0,0,1836,0,1836,G
3-PA,1571,1831,0,0,0,1831,A
3-PA,1572,0,0,1830,0,1830,G
3-PA,1573,1,1795,1,1,1798,T
3-PA,1574,0,1770,0,3,1773,T
3-PA,1575,0,1781,0,2,1783,T
3-PA,1576,0,1775,0,3,1778,T
3-PA,1577,4,0,0,1772,1776,C
3-PA,1578,0,1763,0,4,1767,T
3-PA,1579,2,0,0,1750,1752,C
3-PA,1580,1,1709,0,1,1711,T
3-PA,1581,2,0,0,1702,1704,C
3-PA,1582,1693,0,2,0,1695,A
3-PA,1583,0,0,0,1690,1690,C
3-PA,1584,0,1648,0,2,1650,T
3-PA,1585,1,2,1647,0,1650,G
3-PA,1586,1629,1,0,0,1630,A
3-PA,1587,0,1,0,1637,1638,C
3-PA,1588,3,0,0,1618,1621,C
3-PA,1589,3,0,0,1595,1598,C
3-PA,1590,1,2,1590,0,1593,G
3-PA,1591,1589,0,1,0,1590,A
3-PA,1592,0,2,1585,0,1587,G
3-PA,1593,1588,0,0,0,1588,A
3-PA,1594,1,0,0,1538,1539,C
3-PA,1595,0,1491,0,0,1491,T
3-PA,1596,0,1382,0,2,1384,T
3-PA,1597,0,1,1381,0,1382,G
3-PA,1598,1369,0,2,0,1371,A
3-PA,1599,1,1,1371,0,1373,G
3-PA,1600,0,0,1,1363,1364,C
3-PA,1601,2,0,0,1296,1298,C
3-PA,1602,1277,0,2,0,1279,A
3-PA,1603,1,0,0,1279,1280,C
3-PA,1604,1278,0,0,0,1278,A
3-PA,1605,1,1275,0,0,1276,T
3-PA,1606,1260,0,0,0,1260,A
3-PA,1607,1252,0,0,0,1252,A
3-PA,1608,1240,0,1,0,1241,A
3-PA,1609,0,1216,0,0,1216,T
3-PA,1610,0,1,1215,0,1216,G
3-PA,1611,0,0,1042,0,1042,G
3-PA,1612,0,1,1017,0,1018,G
3-PA,1613,980,0,0,0,980,A
3-PA,1614,0,1,975,0,976,G
3-PA,1615,953,0,0,0,953,A
3-PA,1616,926,1,1,0,928,A
3-PA,1617,927,0,0,0,927,A
3-PA,1618,0,923,0,0,923,T
3-PA,1619,904,0,0,0,904,A
3-PA,1620,1,0,0,896,897,C
3-PA,1621,0,494,0,0,494,T
3-PA,1622,1,0,492,0,493,G
3-PA,1623,0,264,0,0,264,T
3-PA,1624,0,0,264,0,264,G
3-PA,1625,0,234,0,0,234,T
3-PA,1626,0,0,0,117,117,C
3-PA,1627,0,0,0,95,95,C
3-PA,1628,0,76,0,0,76,T
3-PA,1629,0,75,0,0,75,T
3-PA,1630,0,0,75,0,75,G
3-PA,1631,73,0,2,0,75,A
3-PA,1632,0,0,77,0,77,G
3-PA,1633,75,0,0,0,75,A
3-PA,1634,0,75,0,0,75,T
3-PA,1635,75,0,0,0,75,A
3-PA,1636,0,0,75,0,75,G
3-PA,1637,0,0,74,0,74,G
3-PA,1638,72,0,0,0,72,A
3-PA,1639,0,0,71,0,71,G
3-PA,1640,71,0,0,0,71,A
3-PA,1641,0,71,0,0,71,T
3-PA,1642,71,0,0,0,71,A
3-PA,1643,0,70,0,0,70,T
3-PA,1644,0,0,71,0,71,G
3-PA,1645,0,69,0,0,69,T
3-PA,1646,0,69,0,0,69,T
3-PA,1647,69,0,0,0,69,A
3-PA,1648,0,0,0,70,70,C
3-PA,1649,0,69,0,0,69,T
3-PA,1650,69,0,0,0,69,A
3-PA,1651,69,0,0,0,69,A
3-PA,1652,0,0,69,0,69,G
3-PA,1653,67,0,0,0,67,A
3-PA,1654,66,0,0,0,66,A
3-PA,1655,0,0,64,0,64,G
3-PA,1656,0,63,0,0,63,T
3-PA,1657,0,0,65,0,65,G
3-PA,1658,0,0,0,64,64,C
3-PA,1659,0,0,0,64,64,C
3-PA,1660,66,0,0,0,66,A
3-PA,1661,0,65,0,0,65,T
3-PA,1662,65,0,0,0,65,A
3-PA,1663,0,0,64,0,64,G
3-PA,1664,0,0,64,0,64,G
3-PA,1665,0,0,0,64,64,C
3-PA,1666,0,0,0,64,64,C
3-PA,1667,64,0,0,0,64,A
3-PA,1668,64,0,0,0,64,A
3-PA,1669,63,0,0,0,63,A
3-PA,1670,0,64,0,0,64,T
3-PA,1671,0,61,0,0,61,T
3-PA,1672,0,63,0,0,63,T
3-PA,1673,0,0,0,64,64,C
3-PA,1674,59,0,0,0,59,A
3-PA,1675,60,0,0,0,60,A
3-PA,1676,0,0,60,0,60,G
3-PA,1677,0,0,60,0,60,G
3-PA,1678,0,0,0,58,58,C
3-PA,1679,0,0,0,60,60,C
3-PA,1680,61,0,0,0,61,A
3-PA,1681,66,0,0,0,66,A
3-PA,1682,0,66,0,0,66,T
3-PA,1683,0,0,68,0,68,G
3-PA,1684,0,67,0,0,67,T
3-PA,1685,0,72,0,0,72,T
3-PA,1686,0,0,0,73,73,C
3-PA,1687,0,75,0,0,75,T
3-PA,1688,0,73,0,0,73,T
3-PA,1689,71,0,0,0,71,A
3-PA,1690,0,73,0,0,73,T
3-PA,1691,74,0,0,0,74,A
3-PA,1692,0,74,0,0,74,T
3-PA,1693,0,0,75,0,75,G
3-PA,1694,0,68,0,0,68,T
3-PA,1695,0,0,70,0,70,G
3-PA,1696,68,0,0,0,68,A
3-PA,1697,0,0,68,0,68,G
3-PA,1698,0,0,67,0,67,G
3-PA,1699,68,0,0,0,68,A
3-PA,1700,0,0,0,68,68,C
3-PA,1701,68,0,0,0,68,A
3-PA,1702,69,0,0,0,69,A
3-PA,1703,69,0,0,0,69,A
3-PA,1704,0,0,0,68,68,C
3-PA,1705,0,0,68,0,68,G
3-PA,1706,0,0,68,0,68,G
3-PA,1707,68,0,0,0,68,A
3-PA,1708,68,0,0,0,68,A
3-PA,1709,0,0,0,67,67,C
3-PA,1710,67,0,0,0,67,A
3-PA,1711,0,66,0,0,66,T
3-PA,1712,0,0,0,67,67,C
3-PA,1713,67,0,0,0,67,A
3-PA,1714,67,0,0,0,67,A
3-PA,1715,66,0,1,0,67,A
3-PA,1716,0,0,66,0,66,G
3-PA,1717,0,0,67,0,67,G
3-PA,1718,0,66,0,0,66,T
3-PA,1719,0,0,0,65,65,C
3-PA,1720,65,0,0,0,65,A
3-PA,1721,67,0,0,0,67,A
3-PA,1722,67,0,0,0,67,A
3-PA,1723,67,0,0,0,67,A
3-PA,1724,0,67,0,0,67,T
3-PA,1725,0,0,68,0,68,G
3-PA,1726,68,0,0,0,68,A
3-PA,1727,67,0,0,0,67,A
3-PA,1728,66,0,0,0,66,A
3-PA,1729,0,67,0,0,67,T
3-PA,1730,0,0,68,0,68,G
3-PA,1731,0,0,68,0,68,G
3-PA,1732,0,0,67,0,67,G
3-PA,1733,0,1,67,0,68,G
3-PA,1734,66,0,0,0,66,A
3-PA,1735,69,0,0,0,69,A
3-PA,1736,0,69,0,0,69,T
3-PA,1737,0,0,70,0,70,G
3-PA,1738,0,0,70,0,70,G
3-PA,1739,69,0,0,0,69,A
3-PA,1740,0,0,71,0,71,G
3-PA,1741,70,0,0,0,70,A
3-PA,1742,0,69,0,0,69,T
3-PA,1743,0,0,70,0,70,G
3-PA,1744,70,0,0,0,70,A
3-PA,1745,0,0,70,0,70,G
3-PA,1746,71,0,0,0,71,A
3-PA,1747,0,0,0,71,71,C
3-PA,1748,0,0,70,0,70,G
3-PA,1749,0,69,0,0,69,T
3-PA,1750,0,70,0,0,70,T
3-PA,1751,0,0,70,0,70,G
3-PA,1752,0,0,0,70,70,C
3-PA,1753,0,0,0,70,70,C
3-PA,1754,0,69,0,0,69,T
3-PA,1755,0,0,0,71,71,C
3-PA,1756,0,0,0,70,70,C
3-PA,1757,0,71,0,0,71,T
3-PA,1758,0,72,0,0,72,T
3-PA,1759,0,0,0,72,72,C
3-PA,1760,71,0,0,0,71,A
3-PA,1761,0,0,70,0,70,G
3-PA,1762,0,70,0,0,70,T
3-PA,1763,0,0,0,70,70,C
3-PA,1764,71,0,0,0,71,A
3-PA,1765,0,0,0,73,73,C
3-PA,1766,0,70,0,0,70,T
3-PA,1767,0,0,0,71,71,C
3-PA,1768,0,0,0,72,72,C
3-PA,1769,71,0,0,0,71,A
3-PA,1770,0,0,70,0,70,G
3-PA,1771,0,0,0,70,70,C
3-PA,1772,71,0,0,0,71,A
3-PA,1773,0,0,73,0,73,G
3-PA,1774,73,0,0,0,73,A
3-PA,1775,0,73,0,0,73,T
3-PA,1776,0,0,0,73,73,C
3-PA,1777,0,0,73,0,73,G
3-PA,1778,72,0,0,0,72,A
3-PA,1779,0,0,71,0,71,G
3-PA,1780,73,0,0,0,73,A
3-PA,1781,0,0,75,0,75,G
3-PA,1782,0,0,0,75,75,C
3-PA,1783,75,0,0,0,75,A
3-PA,1784,0,75,0,0,75,T
3-PA,1785,0,0,76,0,76,G
3-PA,1786,78,0,0,0,78,A
3-PA,1787,0,78,0,0,78,T
3-PA,1788,0,76,0,0,76,T
3-PA,1789,0,0,77,0,77,G
3-PA,1790,76,0,0,0,76,A
3-PA,1791,76,0,0,0,76,A
3-PA,1792,0,0,76,0,76,G
3-PA,1793,0,0,0,74,74,C
3-PA,1794,0,0,0,75,75,C
3-PA,1795,0,0,75,0,75,G
3-PA,1796,74,0,0,0,74,A
3-PA,1797,0,0,74,0,74,G
3-PA,1798,0,71,0,1,72,T
3-PA,1799,0,0,0,72,72,C
3-PA,1800,0,0,0,72,72,C
3-PA,1801,0,71,0,0,71,T
3-PA,1802,0,0,0,73,73,C
3-PA,1803,0,0,74,0,74,G
3-PA,1804,0,0,77,0,77,G
3-PA,1805,0,78,0,0,78,T
3-PA,1806,0,74,0,0,74,T
3-PA,1807,77,0,0,0,77,A
3-PA,1808,77,0,0,0,77,A
3-PA,1809,77,0,0,0,77,A
3-PA,1810,0,0,76,0,76,G
3-PA,1811,75,0,0,0,75,A
3-PA,1812,0,0,75,0,75,G
3-PA,1813,71,0,0,0,71,A
3-PA,1814,71,0,0,0,71,A
3-PA,1815,71,0,0,0,71,A
3-PA,1816,0,0,72,0,72,G
3-PA,1817,72,0,0,0,72,A
3-PA,1818,0,0,0,72,72,C
3-PA,1819,72,0,0,0,72,A
3-PA,1820,0,70,0,0,70,T
3-PA,1821,0,1,71,0,72,G
3-PA,1822,72,0,0,0,72,A
3-PA,1823,0,0,0,72,72,C
3-PA,1824,0,0,0,70,70,C
3-PA,1825,71,0,0,0,71,A
3-PA,1826,70,0,0,0,70,A
3-PA,1827,71,0,0,0,71,A
3-PA,1828,0,0,71,0,71,G
3-PA,1829,71,0,0,0,71,A
3-PA,1830,0,0,71,0,71,G
3-PA,1831,0,71,0,0,71,T
3-PA,1832,0,69,0,0,69,T
3-PA,1833,0,69,0,0,69,T
3-PA,1834,0,69,0,0,69,T
3-PA,1835,0,71,0,0,71,T
3-PA,1836,0,71,0,0,71,T
3-PA,1837,0,0,71,0,71,G
3-PA,1838,71,0,0,0,71,A
3-PA,1839,0,0,70,0,70,G
3-PA,1840,70,0,0,0,70,A
3-PA,1841,70,0,1,0,71,A
3-PA,1842,0,70,0,0,70,T
3-PA,1843,70,0,0,0,70,A
3-PA,1844,74,0,0,0,74,A
3-PA,1845,74,0,0,0,74,A
3-PA,1846,0,74,0,0,74,T
3-PA,1847,0,0,0,74,74,C
3-PA,1848,73,0,0,0,73,A
3-PA,1849,0,0,72,0,72,G
3-PA,1850,72,0,0,0,72,A
3-PA,1851,73,0,0,0,73,A
3-PA,1852,0,0,74,0,74,G
3-PA,1853,0,0,0,73,73,C
3-PA,1854,72,0,0,0,72,A
3-PA,1855,0,72,0,0,72,T
3-PA,1856,1,0,70,0,71,G
3-PA,1857,0,0,73,0,73,G
3-PA,1858,0,0,0,72,72,C
3-PA,1859,0,0,0,72,72,C
3-PA,1860,0,0,0,72,72,C
3-PA,1861,74,0,0,0,74,A
3-PA,1862,0,74,0,0,74,T
3-PA,1863,0,74,0,0,74,T
3-PA,1864,0,0,72,0,72,G
3-PA,1865,0,0,74,0,74,G
3-PA,1866,0,0,71,0,71,G
3-PA,1867,0,0,70,0,70,G
3-PA,1868,70,0,0,0,70,A
3-PA,1869,0,0,72,0,72,G
3-PA,1870,0,70,0,0,70,T
3-PA,1871,0,0,0,72,72,C
3-PA,1872,0,0,0,74,74,C
3-PA,1873,0,0,0,76,76,C
3-PA,1874,0,0,0,73,73,C
3-PA,1875,0,0,0,75,75,C
3-PA,1876,75,0,0,0,75,A
3-PA,1877,76,0,0,0,76,A
3-PA,1878,0,0,76,0,76,G
3-PA,1879,0,0,73,0,73,G
3-PA,1880,0,0,74,0,74,G
3-PA,1881,63,0,0,0,63,A
3-PA,1882,0,0,64,0,64,G
3-PA,1883,0,64,0,0,64,T
3-PA,1884,0,0,64,0,64,G
3-PA,1885,0,0,64,0,64,G
3-PA,1886,64,0,1,0,65,A
3-PA,1887,64,0,0,0,64,A
3-PA,1888,0,0,64,0,64,G
3-PA,1889,64,0,0,0,64,A
3-PA,1890,64,0,0,0,64,A
3-PA,1891,0,0,61,0,61,G
3-PA,1892,0,0,62,0,62,G
3-PA,1893,0,61,0,0,61,T
3-PA,1894,0,58,0,0,58,T
3-PA,1895,0,0,0,58,58,C
3-PA,1896,0,0,0,58,58,C
3-PA,1897,59,0,0,0,59,A
3-PA,1898,0,57,0,0,57,T
3-PA,1899,0,58,0,0,58,T
3-PA,1900,0,0,58,0,58,G
3-PA,1901,0,0,58,0,58,G
3-PA,1902,0,0,58,0,58,G
3-PA,1903,58,0,0,0,58,A
3-PA,1904,58,0,0,0,58,A
3-PA,1905,57,0,0,0,57,A
3-PA,1906,0,0,57,0,57,G
3-PA,1907,0,57,0,0,57,T
3-PA,1908,57,0,0,0,57,A
3-PA,1909,0,61,0,0,61,T
3-PA,1910,0,0,61,0,61,G
3-PA,1911,0,60,0,0,60,T
3-PA,1912,60,0,0,0,60,A
3-PA,1913,0,0,61,0,61,G
3-PA,1914,0,0,61,0,61,G
3-PA,1915,61,0,0,0,61,A
3-PA,1916,0,0,0,61,61,C
3-PA,1917,0,58,0,0,58,T
3-PA,1918,0,0,0,60,60,C
3-PA,1919,0,60,0,0,60,T
3-PA,1920,60,0,0,0,60,A
3-PA,1921,0,59,0,1,60,T
3-PA,1922,0,60,0,0,60,T
3-PA,1923,0,0,61,0,61,G
3-PA,1924,0,0,61,0,61,G
3-PA,1925,0,0,0,61,61,C
3-PA,1926,0,61,0,0,61,T
3-PA,1927,59,0,0,0,59,A
3-PA,1928,61,0,0,0,61,A
3-PA,1929,0,0,61,0,61,G
3-PA,1930,0,61,0,0,61,T
3-PA,1931,0,0,0,61,61,C
3-PA,1932,59,0,1,0,60,A
3-PA,1933,0,0,60,0,60,G
3-PA,1934,0,59,0,0,59,T
3-PA,1935,60,0,0,0,60,A
3-PA,1936,0,60,0,0,60,T
3-PA,1937,0,60,0,0,60,T
3-PA,1938,0,0,0,59,59,C
3-PA,1939,60,0,0,0,60,A
3-PA,1940,60,0,0,0,60,A
3-PA,1941,0,60,0,0,60,T
3-PA,1942,56,0,0,0,56,A
3-PA,1943,0,0,56,0,56,G
3-PA,1944,0,0,0,56,56,C
3-PA,1945,0,0,0,55,55,C
3-PA,1946,0,54,0,0,54,T
3-PA,1947,0,0,57,0,57,G
3-PA,1948,0,58,0,0,58,T
3-PA,1949,59,0,0,0,59,A
3-PA,1950,0,59,0,0,59,T
3-PA,1951,0,0,58,0,58,G
3-PA,1952,0,0,0,58,58,C
3-PA,1953,57,0,0,0,57,A
3-PA,1954,0,56,0,0,56,T
3-PA,1955,0,0,0,57,57,C
3-PA,1956,57,0,0,0,57,A
3-PA,1957,0,0,0,57,57,C
3-PA,1958,0,0,0,57,57,C
3-PA,1959,55,0,0,0,55,A
3-PA,1960,0,0,0,57,57,C
3-PA,1961,56,0,0,0,56,A
3-PA,1962,56,0,0,0,56,A
3-PA,1963,0,56,0,0,56,T
3-PA,1964,0,55,0,1,56,T
3-PA,1965,0,0,56,0,56,G
3-PA,1966,0,0,54,0,54,G
3-PA,1967,53,0,0,0,53,A
3-PA,1968,53,0,0,0,53,A
3-PA,1969,0,0,53,0,53,G
3-PA,1970,0,0,52,0,52,G
3-PA,1971,53,0,0,0,53,A
3-PA,1972,0,53,0,0,53,T
3-PA,1973,0,53,0,0,53,T
3-PA,1974,0,54,0,0,54,T
3-PA,1975,0,54,0,0,54,T
3-PA,1976,0,0,0,54,54,C
3-PA,1977,54,0,0,0,54,A
3-PA,1978,0,0,54,0,54,G
3-PA,1979,0,0,0,53,53,C
3-PA,1980,0,0,52,0,52,G
3-PA,1981,0,0,53,0,53,G
3-PA,1982,54,0,0,0,54,A
3-PA,1983,0,0,54,0,54,G
3-PA,1984,0,54,0,0,54,T
3-PA,1985,0,0,0,54,54,C
3-PA,1986,54,0,0,0,54,A
3-PA,1987,54,0,0,0,54,A
3-PA,1988,0,0,54,0,54,G
3-PA,1989,54,0,0,0,54,A
3-PA,1990,54,0,0,0,54,A
3-PA,1991,54,0,0,0,54,A
3-PA,1992,53,0,0,0,53,A
3-PA,1993,0,0,0,53,53,C
3-PA,1994,0,53,0,0,53,T
3-PA,1995,0,0,53,0,53,G
3-PA,1996,0,0,0,53,53,C
3-PA,1997,0,52,0,0,52,T
3-PA,1998,1,0,0,52,53,C
3-PA,1999,0,0,1,51,52,C
3-PA,2000,0,53,0,0,53,T
3-PA,2001,0,53,0,0,53,T
3-PA,2002,0,0,53,0,53,G
3-PA,2003,0,53,0,0,53,T
3-PA,2004,0,51,0,0,51,T
3-PA,2005,0,0,51,0,51,G
3-PA,2006,0,50,0,0,50,T
3-PA,2007,0,50,0,0,50,T
3-PA,2008,1,0,0,49,50,C
3-PA,2009,47,0,1,0,48,A
3-PA,2010,0,0,48,0,48,G
3-PA,2011,0,0,48,0,48,G
3-PA,2012,0,0,0,48,48,C
3-PA,2013,0,48,0,0,48,T
3-PA,2014,0,0,0,47,47,C
3-PA,2015,0,47,0,0,47,T
3-PA,2016,0,47,0,0,47,T
3-PA,2017,47,0,0,0,47,A
3-PA,2018,0,0,47,0,47,G
3-PA,2019,0,0,44,0,44,G
3-PA,2020,0,0,47,0,47,G
3-PA,2021,44,0,0,0,44,A
3-PA,2022,0,0,0,44,44,C
3-PA,2023,40,0,0,0,40,A
3-PA,2024,41,0,0,0,41,A
3-PA,2025,0,0,0,42,42,C
3-PA,2026,0,0,0,42,42,C
3-PA,2027,0,42,0,0,42,T
3-PA,2028,0,0,0,41,41,C
3-PA,2029,0,0,41,0,41,G
3-PA,2030,41,0,0,0,41,A
3-PA,2031,40,0,0,0,40,A
3-PA,2032,0,0,0,40,40,C
3-PA,2033,0,0,0,39,39,C
3-PA,2034,0,36,0,0,36,T
3-PA,2035,0,0,36,0,36,G
3-PA,2036,0,0,36,0,36,G
3-PA,2037,0,0,35,0,35,G
3-PA,2038,36,0,0,0,36,A
3-PA,2039,0,0,0,35,35,C
3-PA,2040,0,0,0,35,35,C
3-PA,2041,0,34,0,0,34,T
3-PA,2042,0,35,0,0,35,T
3-PA,2043,0,35,0,0,35,T
3-PA,2044,0,0,35,0,35,G
3-PA,2045,35,0,0,0,35,A
3-PA,2046,0,35,0,0,35,T
3-PA,2047,0,0,0,35,35,C
3-PA,2048,0,34,0,0,34,T
3-PA,2049,0,34,0,0,34,T
3-PA,2050,0,0,34,0,34,G
3-PA,2051,0,0,34,0,34,G
3-PA,2052,0,0,34,0,34,G
3-PA,2053,0,0,34,0,34,G
3-PA,2054,0,0,32,0,32,G
3-PA,2055,0,0,32,0,32,G
3-PA,2056,0,0,1,31,32,C
3-PA,2057,0,30,0,0,30,T
3-PA,2058,31,0,0,0,31,A
3-PA,2059,0,31,0,0,31,T
3-PA,2060,31,0,0,0,31,A
3-PA,2061,0,31,0,0,31,T
3-PA,2062,0,0,29,0,29,G
3-PA,2063,29,0,0,0,29,A
3-PA,2064,28,0,0,0,28,A
3-PA,2065,0,0,28,0,28,G
3-PA,2066,0,0,0,28,28,C
3-PA,2067,27,0,0,0,27,A
3-PA,2068,27,0,0,0,27,A
3-PA,2069,0,27,0,0,27,T
3-PA,2070,0,27,0,0,27,T
3-PA,2071,0,0,27,0,27,G
3-PA,2072,27,0,0,0,27,A
3-PA,2073,0,0,27,0,27,G
3-PA,2074,0,0,27,0,27,G
3-PA,2075,26,0,0,0,26,A
3-PA,2076,0,0,26,0,26,G
3-PA,2077,0,24,0,0,24,T
3-PA,2078,0,0,24,0,24,G
3-PA,2079,0,0,0,24,24,C
3-PA,2080,0,0,0,24,24,C
3-PA,2081,0,24,0,0,24,T
3-PA,2082,0,0,24,0,24,G
3-PA,2083,24,0,0,0,24,A
3-PA,2084,0,24,0,0,24,T
3-PA,2085,0,24,0,0,24,T
3-PA,2086,24,0,0,0,24,A
3-PA,2087,24,0,0,0,24,A
3-PA,2088,0,24,0,0,24,T
3-PA,2089,0,0,24,0,24,G
3-PA,2090,24,0,0,0,24,A
3-PA,2091,0,22,0,0,22,T
3-PA,2092,0,0,0,22,22,C
3-PA,2093,0,0,0,22,22,C
3-PA,2094,0,0,0,22,22,C
3-PA,2095,0,22,0,0,22,T
3-PA,2096,0,0,22,0,22,G
3-PA,2097,0,0,22,0,22,G
3-PA,2098,0,0,22,0,22,G
3-PA,2099,0,21,0,0,21,T
3-PA,2100,0,19,0,0,19,T
3-PA,2101,0,19,0,0,19,T
3-PA,2102,0,19,0,0,19,T
3-PA,2103,0,0,19,0,19,G
3-PA,2104,0,0,0,19,19,C
3-PA,2105,0,19,0,0,19,T
3-PA,2106,0,0,0,19,19,C
3-PA,2107,16,0,0,0,16,A
3-PA,2108,16,0,0,0,16,A
3-PA,2109,0,16,0,0,16,T
3-PA,2110,0,0,16,0,16,G
3-PA,2111,0,0,0,16,16,C
3-PA,2112,0,0,16,0,16,G
3-PA,2113,0,16,0,0,16,T
3-PA,2114,0,0,0,16,16,C
3-PA,2115,0,16,0,0,16,T
3-PA,2116,0,16,0,0,16,T
3-PA,2117,0,0,16,0,16,G
3-PA,2118,0,0,16,0,16,G
3-PA,2119,0,16,0,0,16,T
3-PA,2120,0,16,0,0,16,T
3-PA,2121,0,0,0,16,16,C
3-PA,2122,16,0,0,0,16,A
3-PA,2123,16,0,0,0,16,A
3-PA,2124,0,0,0,16,16,C
3-PA,2125,0,15,0,0,15,T
3-PA,2126,0,0,0,13,13,C
3-PA,2127,0,0,0,12,12,C
3-PA,2128,0,12,0,0,12,T
3-PA,2129,0,12,0,0,12,T
3-PA,2130,0,0,0,12,12,C
3-PA,2131,0,0,0,12,12,C
3-PA,2132,0,12,0,0,12,T
3-PA,2133,0,0,12,0,12,G
3-PA,2134,12,0,0,0,12,A
3-PA,2135,0,0,0,12,12,C
3-PA,2136,11,0,0,0,11,A
3-PA,2137,0,0,0,11,11,C
3-PA,2138,11,0,0,0,11,A
3-PA,2139,0,11,0,0,11,T
3-PA,2140,0,0,11,0,11,G
3-PA,2141,0,0,0,11,11,C
3-PA,2142,11,0,0,0,11,A
3-PA,2143,0,11,0,0,11,T
3-PA,2144,0,11,0,0,11,T
3-PA,2145,11,0,0,0,11,A
3-PA,2146,11,0,0,0,11,A
3-PA,2147,11,0,0,0,11,A
3-PA,2148,11,0,0,0,11,A
3-PA,2149,0,11,0,0,11,T
3-PA,2150,10,0,0,0,10,A
3-PA,2151,0,0,10,0,10,G
4-HA,1,84,0,0,0,84,A
4-HA,2,0,83,0,0,83,T
4-HA,3,0,0,85,0,85,G
4-HA,4,85,0,0,0,85,A
4-HA,5,87,0,0,0,87,A
4-HA,6,0,0,95,0,95,G
4-HA,7,97,0,0,0,97,A
4-HA,8,0,0,0,102,102,C
4-HA,9,0,102,0,0,102,T
4-HA,10,109,0,0,0,109,A
4-HA,11,0,114,0,0,114,T
4-HA,12,0,0,0,114,114,C
4-HA,13,114,0,0,0,114,A
4-HA,14,0,114,0,0,114,T
4-HA,15,0,114,0,0,114,T
4-HA,16,0,0,121,0,121,G
4-HA,17,0,0,0,123,123,C
4-HA,18,0,122,0,0,122,T
4-HA,19,0,125,0,0,125,T
4-HA,20,0,126,0,0,126,T
4-HA,21,0,0,135,0,135,G
4-HA,22,137,0,0,0,137,A
4-HA,23,0,0,136,0,136,G
4-HA,24,0,0,0,139,139,C
4-HA,25,0,140,0,0,140,T
4-HA,26,151,0,0,0,151,A
4-HA,27,0,0,0,153,153,C
4-HA,28,156,0,0,0,156,A
4-HA,29,0,167,0,0,167,T
4-HA,30,0,166,0,0,166,T
4-HA,31,0,0,0,168,168,C
4-HA,32,0,167,0,0,167,T
4-HA,33,172,0,0,0,172,A
4-HA,34,0,174,0,0,174,T
4-HA,35,0,0,172,0,172,G
4-HA,36,0,172,0,0,172,T
4-HA,37,2,0,0,169,171,C
4-HA,38,0,172,0,0,172,T
4-HA,39,0,0,171,0,171,G
4-HA,40,0,0,172,0,172,G
4-HA,41,0,173,0,0,173,T
4-HA,42,0,174,0,0,174,T
4-HA,43,0,173,0,0,173,T
4-HA,44,0,174,0,0,174,T
4-HA,45,0,0,0,173,173,C
4-HA,46,0,0,172,0,172,G
4-HA,47,0,0,0,172,172,C
4-HA,48,0,174,0,0,174,T
4-HA,49,0,0,0,175,175,C
4-HA,50,175,0,0,0,175,A
4-HA,51,175,0,0,0,175,A
4-HA,52,174,0,0,0,174,A
4-HA,53,174,0,0,0,174,A
4-HA,54,171,0,0,0,171,A
4-HA,55,0,0,0,176,176,C
4-HA,56,0,176,0,0,176,T
4-HA,57,0,177,0,0,177,T
4-HA,58,0,0,0,178,178,C
4-HA,59,0,0,0,176,176,C
4-HA,60,0,177,0,1,178,T
4-HA,61,0,0,181,0,181,G
4-HA,62,0,0,181,0,181,G
4-HA,63,181,0,0,0,181,A
4-HA,64,185,0,0,0,185,A
4-HA,65,185,0,0,0,185,A
4-HA,66,0,186,0,0,186,T
4-HA,67,0,2,185,0,187,G
4-HA,68,187,0,0,0,187,A
4-HA,69,0,0,0,189,189,C
4-HA,70,189,0,0,0,189,A
4-HA,71,189,0,0,0,189,A
4-HA,72,0,0,0,190,190,C
4-HA,73,186,0,0,0,186,A
4-HA,74,0,0,186,0,186,G
4-HA,75,0,0,0,187,187,C
4-HA,76,186,0,0,0,186,A
4-HA,77,0,1,0,190,191,C
4-HA,78,0,0,190,0,190,G
4-HA,79,0,0,192,0,192,G
4-HA,80,0,0,0,191,191,C
4-HA,81,191,0,0,0,191,A
4-HA,82,191,0,0,0,191,A
4-HA,83,0,0,0,192,192,C
4-HA,84,0,0,193,0,193,G
4-HA,85,0,0,0,194,194,C
4-HA,86,0,193,0,0,193,T
4-HA,87,1,0,195,0,196,G
4-HA,88,0,196,0,0,196,T
4-HA,89,0,0,204,0,204,G
4-HA,90,0,0,0,208,208,C
4-HA,91,0,0,0,213,213,C
4-HA,92,0,214,0,0,214,T
4-HA,93,0,211,0,0,211,T
4-HA,94,0,0,211,0,211,G
4-HA,95,0,0,211,0,211,G
4-HA,96,0,0,215,0,215,G
4-HA,97,0,0,0,217,217,C
4-HA,98,217,0,0,0,217,A
4-HA,99,0,0,0,220,220,C
4-HA,100,0,0,0,217,217,C
4-HA,101,234,0,0,0,234,A
4-HA,102,0,234,0,0,234,T
4-HA,103,0,0,237,0,237,G
4-HA,104,0,0,0,237,237,C
4-HA,105,230,0,0,0,230,A
4-HA,106,0,0,238,0,238,G
4-HA,107,0,236,0,0,236,T
4-HA,108,240,0,0,0,240,A
4-HA,109,0,0,0,241,241,C
4-HA,110,0,0,0,233,233,C
4-HA,111,234,0,0,0,234,A
4-HA,112,232,0,0,0,232,A
4-HA,113,233,0,0,0,233,A
4-HA,114,0,0,0,230,230,C
4-HA,115,0,1,228,0,229,G
4-HA,116,0,0,236,0,236,G
4-HA,117,234,0,0,0,234,A
4-HA,118,234,0,1,0,235,A
4-HA,119,0,0,0,236,236,C
4-HA,120,0,0,236,0,236,G
4-HA,121,238,0,0,0,238,A
4-HA,122,0,237,0,0,237,T
4-HA,123,241,0,0,0,241,A
4-HA,124,0,0,241,0,241,G
4-HA,125,0,236,0,1,237,T
4-HA,126,0,0,239,0,239,G
4-HA,127,239,0,0,0,239,A
4-HA,128,240,0,0,0,240,A
4-HA,129,240,0,0,0,240,A
4-HA,130,240,0,0,0,240,A
4-HA,131,0,0,0,243,243,C
4-HA,132,244,0,0,0,244,A
4-HA,133,245,0,0,0,245,A
4-HA,134,0,244,0,0,244,T
4-HA,135,2,0,0,240,242,C
4-HA,136,242,0,0,0,242,A
4-HA,137,0,0,0,246,246,C
4-HA,138,0,1,244,0,245,G
4-HA,139,242,0,0,0,242,A
4-HA,140,244,0,0,0,244,A
4-HA,141,0,243,0,0,243,T
4-HA,142,0,0,243,0,243,G
4-HA,143,245,0,0,0,245,A
4-HA,144,0,0,0,246,246,C
4-HA,145,0,1,0,246,247,C
4-HA,146,249,0,0,0,249,A
4-HA,147,252,0,0,0,252,A
4-HA,148,250,0,0,0,250,A
4-HA,149,0,251,0,0,251,T
4-HA,150,0,251,0,0,251,T
4-HA,151,0,0,256,0,256,G
4-HA,152,254,0,0,0,254,A
4-HA,153,252,0,2,0,254,A
4-HA,154,0,0,252,0,252,G
4-HA,155,0,252,0,0,252,T
4-HA,156,0,256,0,0,256,T
4-HA,157,256,0,0,0,256,A
4-HA,158,0,0,0,259,259,C
4-HA,159,0,260,0,0,260,T
4-HA,160,259,1,0,0,260,A
4-HA,161,268,0,0,0,268,A
4-HA,162,1,269,0,0,270,T
4-HA,163,0,0,270,0,270,G
4-HA,164,1,0,0,288,289,C
4-HA,165,0,287,0,0,287,T
4-HA,166,287,0,0,0,287,A
4-HA,167,0,0,0,287,287,C
4-HA,168,0,286,0,0,286,T
4-HA,169,0,0,282,0,282,G
4-HA,170,286,0,0,0,286,A
4-HA,171,0,0,285,0,285,G
4-HA,172,0,0,0,287,287,C
4-HA,173,0,279,0,0,279,T
4-HA,174,0,0,286,0,286,G
4-HA,175,0,0,289,0,289,G
4-HA,176,0,289,0,0,289,T
4-HA,177,0,290,0,0,290,T
4-HA,178,0,0,0,290,290,C
4-HA,179,289,0,0,0,289,A
4-HA,180,0,0,289,0,289,G
4-HA,181,290,0,0,0,290,A
4-HA,182,0,0,295,0,295,G
4-HA,183,0,294,0,0,294,T
4-HA,184,0,291,0,0,291,T
4-HA,185,0,0,0,291,291,C
4-HA,186,1,0,0,291,292,C
4-HA,187,0,291,0,1,292,T
4-HA,188,0,0,0,295,295,C
4-HA,189,292,0,0,0,292,A
4-HA,190,295,0,0,0,295,A
4-HA,191,0,0,0,298,298,C
4-HA,192,287,0,0,0,287,A
4-HA,193,0,0,291,0,291,G
4-HA,194,0,0,290,0,290,G
4-HA,195,1,286,0,0,287,T
4-HA,196,0,0,290,0,290,G
4-HA,197,291,0,0,0,291,A
4-HA,198,290,0,0,0,290,A
4-HA,199,301,0,0,0,301,A
4-HA,200,0,300,0,0,300,T
4-HA,201,302,0,0,0,302,A
4-HA,202,0,299,0,0,299,T
4-HA,203,0,0,295,0,295,G
4-HA,204,0,0,0,299,299,C
4-HA,205,0,1,296,0,297,G
4-HA,206,296,0,0,0,296,A
4-HA,207,0,0,0,298,298,C
4-HA,208,291,0,0,0,291,A
4-HA,209,0,0,310,0,310,G
4-HA,210,0,309,0,0,309,T
4-HA,211,0,0,0,311,311,C
4-HA,212,0,0,0,309,309,C
4-HA,213,0,311,0,0,311,T
4-HA,214,0,0,0,317,317,C
4-HA,215,316,0,0,0,316,A
4-HA,216,0,318,0,0,318,T
4-HA,217,1,0,0,315,316,C
4-HA,218,299,0,0,0,299,A
4-HA,219,0,0,298,0,298,G
4-HA,220,292,0,0,0,292,A
4-HA,221,0,294,0,0,294,T
4-HA,222,0,0,0,296,296,C
4-HA,223,0,0,0,290,290,C
4-HA,224,0,291,0,1,292,T
4-HA,225,0,290,0,1,291,T
4-HA,226,1,0,290,0,291,G
4-HA,227,289,0,1,0,290,A
4-HA,228,0,289,0,0,289,T
4-HA,229,0,2,289,0,291,G
4-HA,230,0,0,290,0,290,G
4-HA,231,289,0,1,0,290,A
4-HA,232,289,0,0,0,289,A
4-HA,233,290,0,0,0,290,A
4-HA,234,292,0,0,0,292,A
4-HA,235,293,0,0,0,293,A
4-HA,236,294,0,0,0,294,A
4-HA,237,0,3,0,290,293,C
4-HA,238,0,285,0,0,285,T
4-HA,239,0,0,284,0,284,G
4-HA,240,0,0,0,285,285,C
4-HA,241,287,0,0,0,287,A
4-HA,242,0,0,0,294,294,C
4-HA,243,290,0,0,0,290,A
4-HA,244,0,0,0,331,331,C
4-HA,245,0,332,0,0,332,T
4-HA,246,335,0,0,0,335,A
4-HA,247,335,0,0,0,335,A
4-HA,248,0,338,0,0,338,T
4-HA,249,337,0,1,0,338,A
4-HA,250,0,1,334,0,335,G
4-HA,251,335,1,0,0,336,A
4-HA,252,0,330,0,0,330,T
4-HA,253,0,0,308,0,308,G
4-HA,254,0,0,1,308,309,C
4-HA,255,0,307,0,0,307,T
4-HA,256,0,0,0,326,326,C
4-HA,257,0,326,0,0,326,T
4-HA,258,333,0,0,0,333,A
4-HA,259,0,334,0,0,334,T
4-HA,260,0,335,0,0,335,T
4-HA,261,0,0,358,0,358,G
4-HA,262,0,0,355,0,355,G
4-HA,263,0,1,364,0,365,G
4-HA,264,360,0,1,0,361,A
4-HA,265,0,0,361,0,361,G
4-HA,266,363,0,0,0,363,A
4-HA,267,0,1,1,544,546,C
4-HA,268,0,0,0,590,590,C
4-HA,269,0,0,0,602,602,C
4-HA,270,0,613,0,1,614,T
4-HA,271,1,0,0,638,639,C
4-HA,272,641,0,1,0,642,A
4-HA,273,0,0,740,0,740,G
4-HA,274,0,733,0,3,736,T
4-HA,275,0,0,755,1,756,G
4-HA,276,0,743,0,3,746,T
4-HA,277,0,0,743,0,743,G
4-HA,278,745,0,1,0,746,A
4-HA,279,0,743,0,0,743,T
4-HA,280,0,1,750,0,751,G
4-HA,281,0,0,752,0,752,G
4-HA,282,0,0,0,754,754,C
4-HA,283,0,754,0,2,756,T
4-HA,284,0,755,0,0,755,T
4-HA,285,0,0,0,758,758,C
4-HA,286,1,2,0,754,757,C
4-HA,287,768,0,0,0,768,A
4-HA,288,768,0,0,0,768,A
4-HA,289,768,0,0,4,772,A
4-HA,290,773,0,0,0,773,A
4-HA,291,0,787,0,1,788,T
4-HA,292,784,0,0,0,784,A
4-HA,293,782,0,0,0,782,A
4-HA,294,0,0,789,0,789,G
4-HA,295,792,0,0,0,792,A
4-HA,296,797,0,0,0,797,A
4-HA,297,792,0,0,0,792,A
4-HA,298,0,800,0,0,800,T
4-HA,299,0,3,792,0,795,G
4-HA,300,0,1,784,0,785,G
4-HA,301,0,0,793,0,793,G
4-HA,302,780,0,0,0,780,A
4-HA,303,0,1,0,799,800,C
4-HA,304,0,0,0,802,802,C
4-HA,305,0,813,0,3,816,T
4-HA,306,0,821,0,0,821,T
4-HA,307,0,822,0,0,822,T
4-HA,308,0,831,0,0,831,T
4-HA,309,0,828,0,0,828,T
4-HA,310,0,0,832,0,832,G
4-HA,311,0,835,0,0,835,T
4-HA,312,0,836,0,0,836,T
4-HA,313,0,3,833,0,836,G
4-HA,314,836,0,0,0,836,A
4-HA,315,838,0,0,0,838,A
4-HA,316,0,5,0,838,843,C
4-HA,317,0,0,837,0,837,G
4-HA,318,0,0,0,850,850,C
4-HA,319,852,0,1,0,853,A
4-HA,320,0,0,860,0,860,G
4-HA,321,0,0,0,867,867,C
4-HA,322,864,0,2,0,866,A
4-HA,323,865,0,1,0,866,A
4-HA,324,853,0,4,0,857,A
4-HA,325,0,0,884,0,884,G
4-HA,326,1,0,0,885,886,C
4-HA,327,1,0,0,884,885,C
4-HA,328,2,0,0,876,878,C
4-HA,329,889,1,0,0,890,A
4-HA,330,0,1,0,911,912,C
4-HA,331,913,0,3,0,916,A
4-HA,332,0,0,918,0,918,G
4-HA,333,0,0,0,919,919,C
4-HA,334,908,0,0,0,908,A
4-HA,335,918,0,0,0,918,A
4-HA,336,0,0,0,972,972,C
4-HA,337,1,971,0,0,972,T
4-HA,338,0,0,985,0,985,G
4-HA,339,0,968,0,0,968,T
4-HA,340,0,971,0,0,971,T
4-HA,341,977,0,0,0,977,A
4-HA,342,0,0,0,1065,1065,C
4-HA,343,0,0,0,1076,1076,C
4-HA,344,1,1,0,1110,1112,C
4-HA,345,0,1087,1,2,1090,T
4-HA,346,0,1087,0,1,1088,T
4-HA,347,1095,0,0,0,1095,A
4-HA,348,0,1092,0,4,1096,T
4-HA,349,0,5,1093,0,1098,G
4-HA,350,1085,0,1,0,1086,A
4-HA,351,0,1046,0,0,1046,T
4-HA,352,0,0,1064,0,1064,G
4-HA,353,1,1048,0,0,1049,T
4-HA,354,0,0,1046,0,1046,G
4-HA,355,1,2,0,1049,1052,C
4-HA,356,1,0,0,1054,1055,C
4-HA,357,1,1,1075,0,1077,G
4-HA,358,0,1,1085,0,1086,G
4-HA,359,1087,0,0,0,1087,A
4-HA,360,0,1092,0,0,1092,T
4-HA,361,0,1088,0,1,1089,T
4-HA,362,1097,0,0,0,1097,A
4-HA,363,0,1092,0,1,1093,T
4-HA,364,1,0,1090,0,1091,G
4-HA,365,1,0,0,1087,1088,C
4-HA,366,0,0,0,1091,1091,C
4-HA,367,0,1110,0,1,1111,T
4-HA,368,1,0,0,1200,1201,C
4-HA,369,1,0,0,1206,1207,C
4-HA,370,1,0,0,1201,1202,C
4-HA,371,0,1193,0,2,1195,T
4-HA,372,0,1201,0,0,1201,T
4-HA,373,1199,0,0,0,1199,A
4-HA,374,0,1,1230,0,1231,G
4-HA,375,1,0,1225,0,1226,G
4-HA,376,0,1219,0,1,1220,T
4-HA,377,2,1,0,1202,1205,C
4-HA,378,1178,0,2,0,1180,A
4-HA,379,0,0,0,1215,1215,C
4-HA,380,0,1219,0,1,1220,T
4-HA,381,1220,0,2,0,1222,A
4-HA,382,0,1,1218,0,1219,G
4-HA,383,0,1200,0,0,1200,T
4-HA,384,0,1199,0,1,1200,T
4-HA,385,1,1,1212,0,1214,G
4-HA,386,0,1,0,1203,1204,C
4-HA,387,1,0,0,1207,1208,C
4-HA,388,0,1201,1,2,1204,T
4-HA,389,4,0,0,1206,1210,C
4-HA,390,1253,0,0,0,1253,A
4-HA,391,1,1250,0,1,1252,T
4-HA,392,0,0,0,1253,1253,C
4-HA,393,2,0,0,1243,1245,C
4-HA,394,0,2,1242,0,1244,G
4-HA,395,4,0,1253,0,1257,G
4-HA,396,0,0,0,1262,1262,C
4-HA,397,1281,0,1,0,1282,A
4-HA,398,0,0,0,1301,1301,C
4-HA,399,1277,0,0,0,1277,A
4-HA,400,0,1,0,1292,1293,C
4-HA,401,0,1284,0,2,1286,T
4-HA,402,1,0,1297,0,1298,G
4-HA,403,0,1,1312,0,1313,G
4-HA,404,1301,0,2,0,1303,A
4-HA,405,2,0,1336,0,1338,G
4-HA,406,0,1320,0,0,1320,T
4-HA,407,0,1319,0,2,1321,T
4-HA,408,0,1323,0,5,1328,T
4-HA,409,1320,0,0,0,1320,A
4-HA,410,1321,0,2,0,1323,A
4-HA,411,0,0,0,1333,1333,C
4-HA,412,1313,1,0,0,1314,A
4-HA,413,1310,0,0,0,1310,A
4-HA,414,0,1301,0,1,1302,T
4-HA,415,0,1,1298,0,1299,G
4-HA,416,1299,0,0,0,1299,A
4-HA,417,1300,0,0,0,1300,A
4-HA,418,1297,1,1,0,1299,A
4-HA,419,1,0,1306,0,1307,G
4-HA,420,0,0,0,1311,1311,C
4-HA,421,0,1308,0,3,1311,T
4-HA,422,0,1311,0,1,1312,T
4-HA,423,3,0,0,1320,1323,C
4-HA,424,1321,0,1,0,1322,A
4-HA,425,1327,0,0,0,1327,A
4-HA,426,0,1327,0,0,1327,T
4-HA,427,0,1323,0,1,1324,T
4-HA,428,0,2,1347,0,1349,G
4-HA,429,0,2,1367,0,1369,G
4-HA,430,1368,0,1,0,1369,A
4-HA,431,0,0,0,1374,1374,C
4-HA,432,0,1364,0,1,1365,T
4-HA,433,0,1,1371,0,1372,G
4-HA,434,0,0,1382,0,1382,G
4-HA,435,1371,0,2,0,1373,A
4-HA,436,3,0,1375,0,1378,G
4-HA,437,0,1367,0,1,1368,T
4-HA,438,5,0,0,1350,1355,C
4-HA,439,1367,1,2,0,1370,A
4-HA,440,0,0,0,1375,1375,C
4-HA,441,0,1368,0,4,1372,T
4-HA,442,1,0,0,1371,1372,C
4-HA,443,1351,0,1,0,1352,A
4-HA,444,1367,0,0,0,1367,A
4-HA,445,1360,0,1,0,1361,A
4-HA,446,1361,0,0,1,1362,A
4-HA,447,0,1,0,1367,1368,C
4-HA,448,3,0,1350,0,1353,G
4-HA,449,0,2,1371,0,1373,G
4-HA,450,1372,0,0,0,1372,A
4-HA,451,1376,0,0,0,1376,A
4-HA,452,0,0,0,1379,1379,C
4-HA,453,1379,0,0,0,1379,A
4-HA,454,1392,0,0,0,1392,A
4-HA,455,0,0,1385,0,1385,G
4-HA,456,1,1,0,1391,1393,C
4-HA,457,0,1376,0,4,1380,T
4-HA,458,1,0,0,1389,1390,C
4-HA,459,0,1386,0,0,1386,T
4-HA,460,0,0,1394,0,1394,G
4-HA,461,1,0,0,1392,1393,C
4-HA,462,0,1398,0,2,1400,T
4-HA,463,0,1450,0,0,1450,T
4-HA,464,0,0,1476,0,1476,G
4-HA,465,0,1,0,1497,1498,C
4-HA,466,1493,0,1,0,1494,A
4-HA,467,0,1482,0,2,1484,T
4-HA,468,1481,0,0,0,1481,A
4-HA,469,1467,0,3,0,1470,A
4-HA,470,0,1,1468,0,1469,G
4-HA,471,1,2,1459,0,1462,G
4-HA,472,1409,0,0,0,1409,A
4-HA,473,0,1,1402,0,1403,G
4-HA,474,1384,0,2,0,1386,A
4-HA,475,2,1412,0,2,1416,T
4-HA,476,1,2,0,1428,1431,C
4-HA,477,0,1431,0,1,1432,T
4-HA,478,1434,0,0,0,1434,A
4-HA,479,1429,1,0,0,1430,A
4-HA,480,1419,1,0,0,1420,A
4-HA,481,1415,0,2,0,1417,A
4-HA,482,1415,0,2,0,1417,A
4-HA,483,0,0,0,1424,1424,C
4-HA,484,1400,0,0,0,1400,A
4-HA,485,0,0,1405,0,1405,G
4-HA,486,0,1400,0,0,1400,T
4-HA,487,1,1430,0,0,1431,T
4-HA,488,0,1432,0,0,1432,T
4-HA,489,1,0,0,1465,1466,C
4-HA,490,0,1465,0,0,1465,T
4-HA,491,0,1475,0,0,1475,T
4-HA,492,0,1476,0,0,1476,T
4-HA,493,1475,1,2,0,1478,A
4-HA,494,0,0,1479,0,1479,G
4-HA,495,0,1474,0,1,1475,T
4-HA,496,1479,0,0,0,1479,A
4-HA,497,1,0,1482,0,1483,G
4-HA,498,1453,0,1,0,1454,A
4-HA,499,0,1459,0,0,1459,T
4-HA,500,0,1455,0,0,1455,T
4-HA,501,0,1,1491,0,1492,G
4-HA,502,1485,0,0,0,1485,A
4-HA,503,1485,0,0,0,1485,A
4-HA,504,0,1491,0,0,1491,T
4-HA,505,0,1473,0,1,1474,T
4-HA,506,1,1,1488,0,1490,G
4-HA,507,1,0,1488,0,1489,G
4-HA,508,1,1488,0,2,1491,T
4-HA,509,0,1490,0,0,1490,T
4-HA,510,0,2,1466,0,1468,G
4-HA,511,1470,0,2,0,1472,A
4-HA,512,0,0,0,1480,1480,C
4-HA,513,0,0,0,1468,1468,C
4-HA,514,2,0,0,1487,1489,C
4-HA,515,1488,0,3,0,1491,A
4-HA,516,0,0,0,1501,1501,C
4-HA,517,0,1507,0,1,1508,T
4-HA,518,0,1504,0,2,1506,T
4-HA,519,1503,0,0,0,1503,A
4-HA,520,1494,0,0,0,1494,A
4-HA,521,1481,0,1,0,1482,A
4-HA,522,2,0,0,1444,1446,C
4-HA,523,0,1468,0,0,1468,T
4-HA,524,0,1465,0,4,1469,T
4-HA,525,1,1,0,1493,1495,C
4-HA,526,1501,0,1,1,1503,A
4-HA,527,1500,0,0,0,1500,A
4-HA,528,1500,0,0,0,1500,A
4-HA,529,0,1501,0,0,1501,T
4-HA,530,1531,0,0,0,1531,A
4-HA,531,0,0,0,1540,1540,C
4-HA,532,1,0,0,1494,1495,C
4-HA,533,1,0,0,1506,1507,C
4-HA,534,1495,2,1,0,1498,A
4-HA,535,1,0,1537,0,1538,G
4-HA,536,0,0,0,1547,1547,C
4-HA,537,1542,0,0,0,1542,A
4-HA,538,0,1539,0,0,1539,T
4-HA,539,0,1512,0,0,1512,T
4-HA,540,6,2,1563,0,1571,G
4-HA,541,1569,1,0,0,1570,A
4-HA,542,1570,1,1,0,1572,A
4-HA,543,0,2,0,1576,1578,C
4-HA,544,2,0,1546,0,1548,G
4-HA,545,0,1555,0,0,1555,T
4-HA,546,0,2,1573,0,1575,G
4-HA,547,1567,0,3,0,1570,A
4-HA,548,0,0,0,1577,1577,C
4-HA,549,0,1529,0,2,1531,T
4-HA,550,1566,0,0,0,1566,A
4-HA,551,0,1559,0,0,1559,T
4-HA,552,0,0,1564,0,1564,G
4-HA,553,1,0,1,1567,1569,C
4-HA,554,0,0,0,1550,1550,C
4-HA,555,1541,0,0,0,1541,A
4-HA,556,1546,0,0,0,1546,A
4-HA,557,1587,0,3,0,1590,A
4-HA,558,0,1,0,1590,1591,C
4-HA,559,1548,0,0,0,1548,A
4-HA,560,1549,0,1,0,1550,A
4-HA,561,0,1529,0,1,1530,T
4-HA,562,0,3,1529,0,1532,G
4-HA,563,1529,1,0,0,1530,A
4-HA,564,1532,0,0,0,1532,A
4-HA,565,1,0,0,1503,1504,C
4-HA,566,1509,0,0,0,1509,A
4-HA,567,1520,0,0,0,1520,A
4-HA,568,0,1506,0,2,1508,T
4-HA,569,0,1509,0,1,1510,T
4-HA,570,0,1516,0,4,1520,T
4-HA,571,0,0,1518,0,1518,G
4-HA,572,1520,1,0,0,1521,A
4-HA,573,0,1,0,1518,1519,C
4-HA,574,1519,0,0,0,1519,A
4-HA,575,1524,0,0,0,1524,A
4-HA,576,1534,0,0,0,1534,A
4-HA,577,1,1541,0,0,1542,T
4-HA,578,0,1535,0,0,1535,T
4-HA,579,0,0,1543,0,1543,G
4-HA,580,0,1542,0,1,1543,T
4-HA,581,1540,1,0,0,1541,A
4-HA,582,0,0,0,1573,1573,C
4-HA,583,1573,0,0,0,1573,A
4-HA,584,0,1608,0,0,1608,T
4-HA,585,0,1591,0,0,1591,T
4-HA,586,0,1584,0,0,1584,T
4-HA,587,0,0,1577,0,1577,G
4-HA,588,2,0,1571,0,1573,G
4-HA,589,0,4,1568,1,1573,G
4-HA,590,0,3,1563,0,1566,G
4-HA,591,0,1,1543,0,1544,G
4-HA,592,0,1,1583,0,1584,G
4-HA,593,0,1560,0,3,1563,T
4-HA,594,0,1569,0,2,1571,T
4-HA,595,1,0,0,1570,1571,C
4-HA,596,1568,0,1,0,1569,A
4-HA,597,0,0,0,1586,1586,C
4-HA,598,3,1,0,1574,1578,C
4-HA,599,1571,0,2,0,1573,A
4-HA,600,0,0,0,1606,1606,C
4-HA,601,2,0,0,1571,1573,C
4-HA,602,2,2,0,1556,1560,C
4-HA,603,1,0,1564,1,1566,G
4-HA,604,0,0,1596,0,1596,G
4-HA,605,1,1,1608,0,1610,G
4-HA,606,0,1580,0,1,1581,T
4-HA,607,1601,0,0,0,1601,A
4-HA,608,1,1,0,1582,1584,C
4-HA,609,2,1,1565,0,1568,G
4-HA,610,0,1,1593,0,1594,G
4-HA,611,1601,0,1,0,1602,A
4-HA,612,0,0,0,1598,1598,C
4-HA,613,1557,0,0,0,1557,A
4-HA,614,1540,0,0,0,1540,A
4-HA,615,1543,1,1,0,1545,A
4-HA,616,0,2,1567,0,1569,G
4-HA,617,1568,0,1,0,1569,A
4-HA,618,0,0,0,1581,1581,C
4-HA,619,1,0,0,1556,1557,C
4-HA,620,1553,0,2,0,1555,A
4-HA,621,1558,0,1,0,1559,A
4-HA,622,1577,1,0,0,1578,A
4-HA,623,0,1572,0,0,1572,T
4-HA,624,2,0,0,1587,1589,C
4-HA,625,0,1521,0,2,1523,T
4-HA,626,0,1498,0,2,1500,T
4-HA,627,2,0,0,1529,1531,C
4-HA,628,1,1,0,1538,1540,C
4-HA,629,0,1538,0,0,1538,T
4-HA,630,1,2,1540,0,1543,G
4-HA,631,0,1530,0,0,1530,T
4-HA,632,1543,0,1,0,1544,A
4-HA,633,0,1538,0,1,1539,T
4-HA,634,0,0,1563,0,1563,G
4-HA,635,1,0,0,1566,1567,C
4-HA,636,0,1551,0,3,1554,T
4-HA,637,1,3,0,1562,1566,C
4-HA,638,1561,0,3,0,1564,A
4-HA,639,1560,0,2,0,1562,A
4-HA,640,0,0,1563,0,1563,G
4-HA,641,0,0,0,1574,1574,C
4-HA,642,1581,0,0,0,1581,A
4-HA,643,0,1569,0,0,1569,T
4-HA,644,0,0,0,1564,1564,C
4-HA,645,1564,0,1,0,1565,A
4-HA,646,2,0,1576,0,1578,G
4-HA,647,0,0,1582,0,1582,G
4-HA,648,1581,0,0,0,1581,A
4-HA,649,1561,0,2,0,1563,A
4-HA,650,1,2,1587,0,1590,G
4-HA,651,1584,0,3,0,1587,A
4-HA,652,1603,0,1,0,1604,A
4-HA,653,1,1617,0,0,1618,T
4-HA,654,2,0,0,1624,1626,C
4-HA,655,1611,0,0,0,1611,A
4-HA,656,1,0,0,1607,1608,C
4-HA,657,1604,0,2,1,1607,A
4-HA,658,0,0,1649,0,1649,G
4-HA,659,0,1606,0,3,1609,T
4-HA,660,1,1,0,1608,1610,C
4-HA,661,0,1583,0,0,1583,T
4-HA,662,0,1,0,1630,1631,C
4-HA,663,0,1632,0,0,1632,T
4-HA,664,1647,0,2,0,1649,A
4-HA,665,0,2,0,1643,1645,C
4-HA,666,2,0,0,1643,1645,C
4-HA,667,1601,0,0,0,1601,A
4-HA,668,1612,0,0,0,1612,A
4-HA,669,1596,0,0,0,1596,A
4-HA,670,1594,0,1,0,1595,A
4-HA,671,0,3,1599,0,1602,G
4-HA,672,1574,0,1,0,1575,A
4-HA,673,1568,0,1,0,1569,A
4-HA,674,1,0,1575,0,1576,G
4-HA,675,1,0,0,1564,1565,C
4-HA,676,2,0,0,1575,1577,C
4-HA,677,1581,0,0,1,1582,A
4-HA,678,1576,1,0,2,1579,A
4-HA,679,0,6,0,1581,1587,C
4-HA,680,1594,0,0,0,1594,A
4-HA,681,1593,0,0,1,1594,A
4-HA,682,1587,0,1,0,1588,A
4-HA,683,0,2,0,1619,1621,C
4-HA,684,0,1612,0,1,1613,T
4-HA,685,1,0,1616,0,1617,G
4-HA,686,0,1606,0,0,1606,T
4-HA,687,1610,0,0,0,1610,A
4-HA,688,1607,0,0,0,1607,A
4-HA,689,1,1581,0,0,1582,T
4-HA,690,4,1,0,1607,1612,C
4-HA,691,3,0,0,1590,1593,C
4-HA,692,2,1,0,1590,1593,C
4-HA,693,0,1,1592,0,1593,G
4-HA,694,1589,0,0,0,1589,A
4-HA,695,1586,0,0,0,1586,A
4-HA,696,0,1586,0,0,1586,T
4-HA,697,1587,1,10,0,1598,A
4-HA,698,0,1580,0,0,1580,T
4-HA,699,6,1,0,1582,1589,C
4-HA,700,3,1,1579,0,1583,G
4-HA,701,1,2,1623,0,1626,G
4-HA,702,1626,0,0,0,1626,A
4-HA,703,0,1639,0,1,1640,T
4-HA,704,3,1,0,1639,1643,C
4-HA,705,0,1639,0,1,1640,T
4-HA,706,1636,0,3,0,1639,A
4-HA,707,0,1,1640,0,1641,G
4-HA,708,1643,0,3,0,1646,A
4-HA,709,1,1,0,1637,1639,C
4-HA,710,1,0,0,1600,1601,C
4-HA,711,4,0,0,1611,1615,C
4-HA,712,1599,0,6,1,1606,A
4-HA,713,0,0,1697,0,1697,G
4-HA,714,1690,0,3,0,1693,A
4-HA,715,0,0,1722,0,1722,G
4-HA,716,0,1703,0,0,1703,T
4-HA,717,1680,0,0,0,1680,A
4-HA,718,1680,0,3,0,1683,A
4-HA,719,0,0,1708,0,1708,G
4-HA,720,0,2,1704,0,1706,G
4-HA,721,1700,0,0,0,1700,A
4-HA,722,1563,0,2,0,1565,A
4-HA,723,0,1549,0,0,1549,T
4-HA,724,1555,0,0,0,1555,A
4-HA,725,1,1541,0,1,1543,T
4-HA,726,0,0,0,1565,1565,C
4-HA,727,0,0,0,1566,1566,C
4-HA,728,2,0,0,1543,1545,C
4-HA,729,0,1536,1,1,1538,T
4-HA,730,1541,0,0,0,1541,A
4-HA,731,0,0,1547,0,1547,G
4-HA,732,0,0,0,1547,1547,C
4-HA,733,1518,0,0,0,1518,A
4-HA,734,0,2,1561,0,1563,G
4-HA,735,1527,0,3,0,1530,A
4-HA,736,1534,0,0,0,1534,A
4-HA,737,1,1532,0,0,1533,T
4-HA,738,1534,0,2,0,1536,A
4-HA,739,1535,0,3,0,1538,A
4-HA,740,0,0,1528,0,1528,G
4-HA,741,0,0,0,1530,1530,C
4-HA,742,1540,1,0,0,1541,A
4-HA,743,0,1491,0,1,1492,T
4-HA,744,2,0,0,1583,1585,C
4-HA,745,0,1583,0,0,1583,T
4-HA,746,1593,0,0,0,1593,A
4-HA,747,0,1586,0,0,1586,T
4-HA,748,0,1576,0,0,1576,T
4-HA,749,1,3,1593,0,1597,G
4-HA,750,0,4,1583,0,1587,G
4-HA,751,1591,0,0,0,1591,A
4-HA,752,2,0,0,1589,1591,C
4-HA,753,1482,1,0,0,1483,A
4-HA,754,1529,0,1,0,1530,A
4-HA,755,0,1624,0,1,1625,T
4-HA,756,1658,0,1,0,1659,A
4-HA,757,0,0,1685,0,1685,G
4-HA,758,0,1667,0,0,1667,T
4-HA,759,1667,0,0,0,1667,A
4-HA,760,1698,0,0,0,1698,A
4-HA,761,1747,0,1,1,1749,A
4-HA,762,1759,0,2,1,1762,A
4-HA,763,0,0,0,1806,1806,C
4-HA,764,0,2,0,1733,1735,C
4-HA,765,2,1,1719,1,1723,G
4-HA,766,0,1,1739,0,1740,G
4-HA,767,0,2,1789,0,1791,G
4-HA,768,1795,0,1,0,1796,A
4-HA,769,0,2,1822,0,1824,G
4-HA,770,1875,0,2,0,1877,A
4-HA,771,1,1,0,1876,1878,C
4-HA,772,1877,0,3,8,1888,A
4-HA,773,0,1891,0,0,1891,T
4-HA,774,1894,0,3,0,1897,A
4-HA,775,0,0,0,1945,1945,C
4-HA,776,0,1924,1,2,1927,T
4-HA,777,0,1967,0,0,1967,T
4-HA,778,0,1987,0,4,1991,T
4-HA,779,0,1983,0,2,1985,T
4-HA,780,0,3,2007,0,2010,G
4-HA,781,2021,0,0,0,2021,A
4-HA,782,0,2022,0,4,2026,T
4-HA,783,0,2141,0,1,2142,T
4-HA,784,2132,0,1,0,2133,A
4-HA,785,2147,0,1,0,2148,A
4-HA,786,0,0,0,2195,2195,C
4-HA,787,2175,0,2,0,2177,A
4-HA,788,0,0,2301,0,2301,G
4-HA,789,1,0,0,2300,2301,C
4-HA,790,2302,0,2,0,2304,A
4-HA,791,1,0,0,2324,2325,C
4-HA,792,2307,0,6,0,2313,A
4-HA,793,1,0,2357,0,2358,G
4-HA,794,0,2,2351,0,2353,G
4-HA,795,1,4,2438,0,2443,G
4-HA,796,2420,0,1,0,2421,A
4-HA,797,2491,0,0,0,2491,A
4-HA,798,0,2490,0,2,2492,T
4-HA,799,3,0,0,2501,2504,C
4-HA,800,0,2526,0,1,2527,T
4-HA,801,2541,0,1,0,2542,A
4-HA,802,2526,0,1,0,2527,A
4-HA,803,0,2529,0,0,2529,T
4-HA,804,0,2466,0,0,2466,T
4-HA,805,0,0,2510,0,2510,G
4-HA,806,1,0,0,2627,2628,C
4-HA,807,0,2764,0,5,2769,T
4-HA,808,5,1,1,2869,2876,C
4-HA,809,1,1,0,2879,2881,C
4-HA,810,0,2874,0,0,2874,T
4-HA,811,2878,0,0,0,2878,A
4-HA,812,1,1,2897,0,2899,G
4-HA,813,0,4,2915,0,2919,G
4-HA,814,1,1,2933,0,2935,G
4-HA,815,0,1,2907,0,2908,G
4-HA,816,0,2871,0,2,2873,T
4-HA,817,0,2855,0,0,2855,T
4-HA,818,2864,0,0,0,2864,A
4-HA,819,0,2,0,2898,2900,C
4-HA,820,0,2893,0,3,2896,T
4-HA,821,0,2916,0,1,2917,T
4-HA,822,0,0,0,2918,2918,C
4-HA,823,2906,0,0,0,2906,A
4-HA,824,2914,0,2,0,2916,A
4-HA,825,2923,0,0,0,2923,A
4-HA,826,2943,0,1,0,2944,A
4-HA,827,0,2943,0,0,2943,T
4-HA,828,2907,0,2,1,2910,A
4-HA,829,0,1,0,2911,2912,C
4-HA,830,0,3,2908,0,2911,G
4-HA,831,2910,0,2,0,2912,A
4-HA,832,2925,12,1,0,2938,A
4-HA,833,3,0,2971,0,2974,G
4-HA,834,0,2948,0,1,2949,T
4-HA,835,1,2,2984,0,2987,G
4-HA,836,2,0,2992,0,2994,G
4-HA,837,1,3,2999,0,3003,G
4-HA,838,3005,0,2,0,3007,A
4-HA,839,3010,0,1,0,3011,A
4-HA,840,3019,0,2,0,3021,A
4-HA,841,3008,0,4,0,3012,A
4-HA,842,0,1,3073,0,3074,G
4-HA,843,0,2,0,3068,3070,C
4-HA,844,0,3059,0,1,3060,T
4-HA,845,4,1,0,3116,3121,C
4-HA,846,3122,0,1,0,3123,A
4-HA,847,3157,1,0,0,3158,A
4-HA,848,1,3164,0,0,3165,T
4-HA,849,3199,0,1,0,3200,A
4-HA,850,3194,1,0,0,3195,A
4-HA,851,0,3151,0,0,3151,T
4-HA,852,2,7,3154,1,3164,G
4-HA,853,3151,0,2,0,3153,A
4-HA,854,0,2,3259,0,3261,G
4-HA,855,3259,0,2,0,3261,A
4-HA,856,0,3231,0,2,3233,T
4-HA,857,2,2,0,3322,3326,C
4-HA,858,3311,0,0,0,3311,A
4-HA,859,0,1,3391,0,3392,G
4-HA,860,3379,0,3,0,3382,A
4-HA,861,0,3380,0,0,3380,T
4-HA,862,1,0,3382,0,3383,G
4-HA,863,0,0,0,3333,3333,C
4-HA,864,3328,0,5,0,3333,A
4-HA,865,0,1,0,3416,3417,C
4-HA,866,1,1,0,3364,3366,C
4-HA,867,3,1,0,3373,3377,C
4-HA,868,3327,0,1,1,3329,A
4-HA,869,0,3323,0,2,3325,T
4-HA,870,0,3323,0,2,3325,T
4-HA,871,1,5,3368,1,3375,G
4-HA,872,2,2,3363,0,3367,G
4-HA,873,1,0,0,3371,3372,C
4-HA,874,3330,0,3,0,3333,A
4-HA,875,3321,0,9,0,3330,A
4-HA,876,3384,0,2,0,3386,A
4-HA,877,0,3384,0,1,3385,T
4-HA,878,0,0,3392,0,3392,G
4-HA,879,0,2,0,3392,3394,C
4-HA,880,3381,0,0,0,3381,A
4-HA,881,3489,0,0,0,3489,A
4-HA,882,0,3492,0,0,3492,T
4-HA,883,1,3513,0,0,3514,T
4-HA,884,4,9,0,3525,3538,C
4-HA,885,0,3491,0,1,3492,T
4-HA,886,2,6,3534,0,3542,G
4-HA,887,3541,1,2,0,3544,A
4-HA,888,3560,0,2,0,3562,A
4-HA,889,0,3559,0,3,3562,T
4-HA,890,0,0,3545,0,3545,G
4-HA,891,2,0,0,3563,3565,C
4-HA,892,3545,0,3,0,3548,A
4-HA,893,0,3556,0,2,3558,T
4-HA,894,3,9,0,3530,3542,C
4-HA,895,3547,0,1,0,3548,A
4-HA,896,0,0,0,3723,3723,C
4-HA,897,0,3715,0,1,3716,T
4-HA,898,3,0,0,3733,3736,C
4-HA,899,1,0,0,3727,3728,C
4-HA,900,3779,1,2,0,3782,A
4-HA,901,3773,0,1,0,3774,A
4-HA,902,3759,0,3,0,3762,A
4-HA,903,0,3661,0,1,3662,T
4-HA,904,1,2,3689,1,3693,G
4-HA,905,0,1,3706,0,3707,G
4-HA,906,3697,0,3,0,3700,A
4-HA,907,3692,0,9,0,3701,A
4-HA,908,1,1,3708,0,3710,G
4-HA,909,1,0,0,3666,3667,C
4-HA,910,3674,0,0,0,3674,A
4-HA,911,0,3680,0,3,3683,T
4-HA,912,2,3666,0,2,3670,T
4-HA,913,1,3,0,3787,3791,C
4-HA,914,0,1,0,3777,3778,C
4-HA,915,1,0,1,3789,3791,C
4-HA,916,3791,0,2,0,3793,A
4-HA,917,3854,0,2,3,3859,A
4-HA,918,1,3922,0,2,3925,T
4-HA,919,1,3,3921,1,3926,G
4-HA,920,3923,0,6,0,3929,A
4-HA,921,1,0,0,3928,3929,C
4-HA,922,3839,0,0,0,3839,A
4-HA,923,3855,0,2,0,3857,A
4-HA,924,3836,0,1,4,3841,A
4-HA,925,0,0,0,3869,3869,C
4-HA,926,2,0,0,3823,3825,C
4-HA,927,3792,0,1,0,3793,A
4-HA,928,0,3793,0,1,3794,T
4-HA,929,0,3773,0,2,3775,T
4-HA,930,5,0,1,3796,3802,C
4-HA,931,4,1,0,3798,3803,C
4-HA,932,3805,0,1,0,3806,A
4-HA,933,3809,0,0,0,3809,A
4-HA,934,3805,0,1,0,3806,A
4-HA,935,3858,0,0,0,3858,A
4-HA,936,0,3825,0,2,3827,T
4-HA,937,0,1,3847,0,3848,G
4-HA,938,0,3816,1,1,3818,T
4-HA,939,3856,0,1,0,3857,A
4-HA,940,3862,0,3,0,3865,A
4-HA,941,3857,0,4,0,3861,A
4-HA,942,0,0,0,3887,3887,C
4-HA,943,3838,0,0,0,3838,A
4-HA,944,0,5,3916,0,3921,G
4-HA,945,1,2,3932,0,3935,G
4-HA,946,4034,0,7,0,4041,A
4-HA,947,0,4033,0,1,4034,T
4-HA,948,7,0,0,4113,4120,C
4-HA,949,4136,0,1,0,4137,A
4-HA,950,4,1,0,4314,4319,C
4-HA,951,4347,0,0,0,4347,A
4-HA,952,0,4494,0,1,4495,T
4-HA,953,4407,0,0,0,4407,A
4-HA,954,1,3,0,4381,4385,C
4-HA,955,0,6,4272,0,4278,G
4-HA,956,15,4,4243,0,4262,G
4-HA,957,5,4,4203,0,4212,G
4-HA,958,1,0,4229,0,4230,G
4-HA,959,1,1,1,4187,4190,C
4-HA,960,3,2,0,4188,4193,C
4-HA,961,1,4097,0,0,4098,T
4-HA,962,0,0,4493,0,4493,G
4-HA,963,0,4492,0,9,4501,T
4-HA,964,3,0,0,4527,4530,C
4-HA,965,4,0,0,4523,4527,C
4-HA,966,5,2,0,4534,4541,C
4-HA,967,4525,0,2,0,4527,A
4-HA,968,0,3,4576,0,4579,G
4-HA,969,4562,1,4,0,4567,A
4-HA,970,0,4561,0,0,4561,T
4-HA,971,4238,0,1,0,4239,A
4-HA,972,0,4165,1,0,4166,T
4-HA,973,0,1,4186,0,4187,G
4-HA,974,0,4180,0,5,4185,T
4-HA,975,0,4140,0,1,4141,T
4-HA,976,4192,0,2,0,4194,A
4-HA,977,4149,0,4,0,4153,A
4-HA,978,1,2,4186,0,4189,G
4-HA,979,2,1,0,4183,4186,C
4-HA,980,4147,0,1,0,4148,A
4-HA,981,4150,1,0,0,4151,A
4-HA,982,4112,1,2,0,4115,A
4-HA,983,4107,0,4,0,4111,A
4-HA,984,0,0,0,4113,4113,C
4-HA,985,4072,0,0,0,4072,A
4-HA,986,0,0,0,4131,4131,C
4-HA,987,0,4081,0,4,4085,T
4-HA,988,2,1,0,4106,4109,C
4-HA,989,0,4124,0,2,4126,T
4-HA,990,1,5,4152,0,4158,G
4-HA,991,4154,0,0,0,4154,A
4-HA,992,4151,0,1,0,4152,A
4-HA,993,4150,0,4,0,4154,A
4-HA,994,1,4130,0,0,4131,T
4-HA,995,0,4116,0,2,4118,T
4-HA,996,1,2,4148,0,4151,G
4-HA,997,1,0,4126,0,4127,G
4-HA,998,1,0,0,4160,4161,C
4-HA,999,4149,0,2,0,4151,A
4-HA,1000,4148,0,0,0,4148,A
4-HA,1001,1,1,0,4156,4158,C
4-HA,1002,4150,1,1,0,4152,A
4-HA,1003,0,3,4186,0,4189,G
4-HA,1004,0,4,4163,0,4167,G
4-HA,1005,4,1,4158,0,4163,G
4-HA,1006,4150,0,11,0,4161,A
4-HA,1007,0,4147,0,1,4148,T
4-HA,1008,2,0,4157,0,4159,G
4-HA,1009,1,2,0,4163,4166,C
4-HA,1010,1,9,4191,0,4201,G
4-HA,1011,4224,1,3,0,4228,A
4-HA,1012,4179,0,2,0,4181,A
4-HA,1013,4218,0,0,1,4219,A
4-HA,1014,0,4205,0,2,4207,T
4-HA,1015,1,0,4289,0,4290,G
4-HA,1016,0,4280,0,3,4283,T
4-HA,1017,4280,0,0,1,4281,A
4-HA,1018,2,0,0,4272,4274,C
4-HA,1019,4,1,0,4256,4261,C
4-HA,1020,4206,1,2,0,4209,A
4-HA,1021,0,2,4214,0,4216,G
4-HA,1022,4147,1,4,0,4152,A
4-HA,1023,0,2,4188,0,4190,G
4-HA,1024,4138,0,3,0,4141,A
4-HA,1025,4140,0,2,0,4142,A
4-HA,1026,4140,0,6,0,4146,A
4-HA,1027,0,0,0,4160,4160,C
4-HA,1028,4152,0,0,0,4152,A
4-HA,1029,4212,0,0,0,4212,A
4-HA,1030,4192,0,5,0,4197,A
4-HA,1031,0,0,0,4237,4237,C
4-HA,1032,1,4202,0,3,4206,T
4-HA,1033,4190,0,1,0,4191,A
4-HA,1034,0,3,4189,0,4192,G
4-HA,1035,4158,0,9,0,4167,A
4-HA,1036,1,1,4252,0,4254,G
4-HA,1037,4,1,4221,0,4226,G
4-HA,1038,1,0,0,4202,4203,C
4-HA,1039,4193,0,1,0,4194,A
4-HA,1040,0,4223,0,0,4223,T
4-HA,1041,4248,0,2,0,4250,A
4-HA,1042,0,4233,0,1,4234,T
4-HA,1043,0,4213,1,0,4214,T
4-HA,1044,0,4208,0,1,4209,T
4-HA,1045,1,1,4112,0,4114,G
4-HA,1046,1,0,4114,0,4115,G
4-HA,1047,0,1,0,4093,4094,C
4-HA,1048,2,0,4109,0,4111,G
4-HA,1049,0,0,0,4091,4091,C
4-HA,1050,4072,0,1,0,4073,A
4-HA,1051,4103,2,1,0,4106,A
4-HA,1052,1,4092,0,3,4096,T
4-HA,1053,7,1,0,4113,4121,C
4-HA,1054,1,1,4124,0,4126,G
4-HA,1055,0,5,0,4109,4114,C
4-HA,1056,2,10,4117,0,4129,G
4-HA,1057,1,3,4161,0,4165,G
4-HA,1058,0,0,4194,0,4194,G
4-HA,1059,0,4166,0,2,4168,T
4-HA,1060,0,4137,1,0,4138,T
4-HA,1061,0,4142,0,3,4145,T
4-HA,1062,3,1,0,4157,4161,C
4-HA,1063,4152,0,3,0,4155,A
4-HA,1064,0,4176,0,3,4179,T
4-HA,1065,4160,0,1,0,4161,A
4-HA,1066,0,3,4193,0,4196,G
4-HA,1067,4103,0,0,0,4103,A
4-HA,1068,4136,0,1,0,4137,A
4-HA,1069,4104,0,0,0,4104,A
4-HA,1070,4124,0,2,1,4127,A
4-HA,1071,0,4136,0,1,4137,T
4-HA,1072,0,1,4140,0,4141,G
4-HA,1073,0,0,4160,1,4161,G
4-HA,1074,0,4132,0,2,4134,T
4-HA,1075,0,4103,0,4,4107,T
4-HA,1076,0,9,4102,0,4111,G
4-HA,1077,5,2,4126,1,4134,G
4-HA,1078,1,2,4153,0,4156,G
4-HA,1079,4106,1,6,0,4113,A
4-HA,1080,0,2,4153,0,4155,G
4-HA,1081,1,4,4132,0,4137,G
4-HA,1082,2,1,4200,0,4203,G
4-HA,1083,4162,0,4,0,4166,A
4-HA,1084,4205,0,3,0,4208,A
4-HA,1085,0,4226,1,1,4228,T
4-HA,1086,0,1,4223,0,4224,G
4-HA,1087,0,1,4313,1,4315,G
4-HA,1088,0,4248,0,0,4248,T
4-HA,1089,8,3,4261,0,4272,G
4-HA,1090,1,2,4271,0,4274,G
4-HA,1091,4166,0,4,0,4170,A
4-HA,1092,1,4207,0,1,4209,T
4-HA,1093,0,3,4270,0,4273,G
4-HA,1094,0,0,4328,0,4328,G
4-HA,1095,0,4237,0,0,4237,T
4-HA,1096,0,4129,0,3,4132,T
4-HA,1097,1,2,4144,0,4147,G
4-HA,1098,1,3,4201,0,4205,G
4-HA,1099,0,4163,0,6,4169,T
4-HA,1100,4183,1,1,0,4185,A
4-HA,1101,1,2,0,4019,4022,C
4-HA,1102,1,2,4045,1,4049,G
4-HA,1103,1,0,4162,0,4163,G
4-HA,1104,0,4127,1,19,4147,T
4-HA,1105,0,4157,0,3,4160,T
4-HA,1106,0,4153,0,0,4153,T
4-HA,1107,6,1,0,4095,4102,C
4-HA,1108,4101,1,6,0,4108,A
4-HA,1109,0,2,4086,0,4088,G
4-HA,1110,2,2,4079,0,4083,G
4-HA,1111,1,2,0,4078,4081,C
4-HA,1112,3941,0,3,0,3944,A
4-HA,1113,0,3976,6,3,3985,T
4-HA,1114,1,1,0,4001,4003,C
4-HA,1115,4003,0,0,0,4003,A
4-HA,1116,3997,0,0,0,3997,A
4-HA,1117,3998,0,0,0,3998,A
4-HA,1118,4017,0,0,0,4017,A
4-HA,1119,0,3996,0,0,3996,T
4-HA,1120,0,4004,0,0,4004,T
4-HA,1121,2,0,0,4013,4015,C
4-HA,1122,1,3997,0,1,3999,T
4-HA,1123,0,1,4008,0,4009,G
4-HA,1124,3977,2,5,1,3985,A
4-HA,1125,4,5,4002,0,4011,G
4-HA,1126,5,2,4015,0,4022,G
4-HA,1127,1,2,4050,0,4053,G
4-HA,1128,4031,1,0,0,4032,A
4-HA,1129,4030,0,1,0,4031,A
4-HA,1130,0,3,3996,1,4000,G
4-HA,1131,4061,1,7,0,4069,A
4-HA,1132,1,3,4094,0,4098,G
4-HA,1133,0,4,4089,0,4093,G
4-HA,1134,4065,0,6,1,4072,A
4-HA,1135,1,0,0,4067,4068,C
4-HA,1136,4058,0,3,0,4061,A
4-HA,1137,4048,0,7,0,4055,A
4-HA,1138,0,0,4051,0,4051,G
4-HA,1139,2,3,0,4042,4047,C
4-HA,1140,4011,0,3,0,4014,A
4-HA,1141,0,3,4017,0,4020,G
4-HA,1142,1,0,0,4001,4002,C
4-HA,1143,4010,0,1,0,4011,A
4-HA,1144,0,2,4044,0,4046,G
4-HA,1145,4013,0,2,0,4015,A
4-HA,1146,1,4121,1,3,4126,T
4-HA,1147,4,2,0,4143,4149,C
4-HA,1148,2,4119,0,7,4128,T
4-HA,1149,4,0,0,4169,4173,C
4-HA,1150,4166,0,0,0,4166,A
4-HA,1151,4172,0,0,0,4172,A
4-HA,1152,4170,0,2,0,4172,A
4-HA,1153,4095,0,5,1,4101,A
4-HA,1154,2,0,4116,0,4118,G
4-HA,1155,0,0,0,4024,4024,C
4-HA,1156,3991,1,2,0,3994,A
4-HA,1157,0,0,0,4057,4057,C
4-HA,1158,0,4025,1,4,4030,T
4-HA,1159,5,0,0,4049,4054,C
4-HA,1160,4071,0,0,1,4072,A
4-HA,1161,4128,0,1,0,4129,A
4-HA,1162,0,0,4129,0,4129,G
4-HA,1163,0,1,0,4139,4140,C
4-HA,1164,4090,1,3,0,4094,A
4-HA,1165,2,1,4111,0,4114,G
4-HA,1166,0,1,0,4073,4074,C
4-HA,1167,4052,0,10,1,4063,A
4-HA,1168,4049,0,0,0,4049,A
4-HA,1169,1,4005,0,0,4006,T
4-HA,1170,9,1,0,3936,3946,C
4-HA,1171,16,2,3961,0,3979,G
4-HA,1172,3954,1,0,0,3955,A
4-HA,1173,1,3930,0,13,3944,T
4-HA,1174,9,1,0,3929,3939,C
4-HA,1175,3942,0,2,0,3944,A
4-HA,1176,4009,0,4,0,4013,A
4-HA,1177,4020,0,4,0,4024,A
4-HA,1178,0,3993,1,1,3995,T
4-HA,1179,3,0,0,4023,4026,C
4-HA,1180,3962,0,0,0,3962,A
4-HA,1181,3985,0,3,0,3988,A
4-HA,1182,0,3976,1,1,3978,T
4-HA,1183,0,5,3992,0,3997,G
4-HA,1184,0,2,3977,0,3979,G
4-HA,1185,0,0,3936,1,3937,G
4-HA,1186,3922,0,4,0,3926,A
4-HA,1187,3923,0,7,0,3930,A
4-HA,1188,0,0,4005,0,4005,G
4-HA,1189,0,0,0,3987,3987,C
4-HA,1190,0,3958,0,6,3964,T
4-HA,1191,0,6,4129,0,4135,G
4-HA,1192,4118,1,2,0,4121,A
4-HA,1193,4119,1,3,0,4123,A
4-HA,1194,1,4119,0,0,4120,T
4-HA,1195,4045,0,1,0,4046,A
4-HA,1196,0,2,4030,0,4032,G
4-HA,1197,3726,0,6,0,3732,A
4-HA,1198,0,3737,0,0,3737,T
4-HA,1199,0,3755,0,1,3756,T
4-HA,1200,1,8,3748,0,3757,G
4-HA,1201,3743,1,3,0,3747,A
4-HA,1202,0,3733,1,0,3734,T
4-HA,1203,5,2,0,3749,3756,C
4-HA,1204,3,3,3748,1,3755,G
4-HA,1205,1,3,3729,0,3733,G
4-HA,1206,14,3,3743,0,3760,G
4-HA,1207,3732,0,0,1,3733,A
4-HA,1208,3759,0,4,0,3763,A
4-HA,1209,3726,0,2,1,3729,A
4-HA,1210,3704,0,4,0,3708,A
4-HA,1211,0,1,0,3722,3723,C
4-HA,1212,4,0,0,3728,3732,C
4-HA,1213,3707,0,2,0,3709,A
4-HA,1214,3708,0,0,0,3708,A
4-HA,1215,0,2,0,3703,3705,C
4-HA,1216,2,2,3715,0,3719,G
4-HA,1217,3710,0,1,1,3712,A
4-HA,1218,0,2,3713,0,3715,G
4-HA,1219,3697,1,4,0,3702,A
4-HA,1220,3697,0,2,2,3701,A
4-HA,1221,3678,0,4,1,3683,A
4-HA,1222,0,3669,0,3,3672,T
4-HA,1223,1,3668,0,3,3672,T
4-HA,1224,4,0,0,3693,3697,C
4-HA,1225,3,5,0,3677,3685,C
4-HA,1226,3699,0,1,0,3700,A
4-HA,1227,0,3666,0,0,3666,T
4-HA,1228,8,1,0,3680,3689,C
4-HA,1229,3654,0,1,0,3655,A
4-HA,1230,0,1,3665,0,3666,G
4-HA,1231,3634,0,2,1,3637,A
4-HA,1232,0,3628,0,3,3631,T
4-HA,1233,0,3628,0,0,3628,T
4-HA,1234,1,3,3644,0,3648,G
4-HA,1235,3643,0,2,0,3645,A
4-HA,1236,3651,0,0,0,3651,A
4-HA,1237,3653,0,7,1,3661,A
4-HA,1238,3654,0,1,0,3655,A
4-HA,1239,3612,1,5,0,3618,A
4-HA,1240,3,3,3608,0,3614,G
4-HA,1241,3607,1,0,1,3609,A
4-HA,1242,3607,0,0,0,3607,A
4-HA,1243,0,3536,0,1,3537,T
4-HA,1244,0,3532,0,4,3536,T
4-HA,1245,2,0,0,3553,3555,C
4-HA,1246,0,3558,0,9,3567,T
4-HA,1247,1,1,0,3556,3558,C
4-HA,1248,3555,0,4,0,3559,A
4-HA,1249,1,2,3558,0,3561,G
4-HA,1250,3541,0,0,0,3541,A
4-HA,1251,3527,0,3,0,3530,A
4-HA,1252,0,0,3571,0,3571,G
4-HA,1253,2,3502,0,0,3504,T
4-HA,1254,2,1,0,3531,3534,C
4-HA,1255,1,2,3542,0,3545,G
4-HA,1256,3535,0,2,0,3537,A
4-HA,1257,3514,1,15,1,3531,A
4-HA,1258,0,1,3533,0,3534,G
4-HA,1259,0,4,3542,0,3546,G
4-HA,1260,0,2,3538,0,3540,G
4-HA,1261,3453,0,16,0,3469,A
4-HA,1262,0,3,3485,0,3488,G
4-HA,1263,3479,0,2,0,3481,A
4-HA,1264,3666,0,1,0,3667,A
4-HA,1265,0,3664,0,1,3665,T
4-HA,1266,0,3654,0,2,3656,T
4-HA,1267,6,0,1,3651,3658,C
4-HA,1268,3585,0,5,0,3590,A
4-HA,1269,3,4,3598,1,3606,G
4-HA,1270,0,3,3595,0,3598,G
4-HA,1271,3577,0,1,0,3578,A
4-HA,1272,0,0,0,3579,3579,C
4-HA,1273,1,3,0,3346,3350,C
4-HA,1274,0,3318,0,5,3323,T
4-HA,1275,0,3261,0,92,3353,T
4-HA,1276,0,3,3377,0,3380,G
4-HA,1277,3375,0,5,0,3380,A
4-HA,1278,0,5,3436,0,3441,G
4-HA,1279,3411,0,2,0,3413,A
4-HA,1280,3200,0,0,0,3200,A
4-HA,1281,3178,0,5,0,3183,A
4-HA,1282,0,3143,0,0,3143,T
4-HA,1283,3221,0,3,0,3224,A
4-HA,1284,0,3205,0,1,3206,T
4-HA,1285,1,1,3224,0,3226,G
4-HA,1286,0,3211,0,6,3217,T
4-HA,1287,0,3146,0,1,3147,T
4-HA,1288,11,1,3134,0,3146,G
4-HA,1289,3102,1,6,0,3109,A
4-HA,1290,1,4,3162,0,3167,G
4-HA,1291,0,1,3144,0,3145,G
4-HA,1292,3092,0,1,0,3093,A
4-HA,1293,1,1,0,3212,3214,C
4-HA,1294,3155,0,1,0,3156,A
4-HA,1295,0,0,0,3157,3157,C
4-HA,1296,0,3132,0,1,3133,T
4-HA,1297,3294,1,1,0,3296,A
4-HA,1298,3329,1,0,0,3330,A
4-HA,1299,3337,0,1,0,3338,A
4-HA,1300,3356,0,1,0,3357,A
4-HA,1301,0,3330,0,4,3334,T
4-HA,1302,3215,0,1,0,3216,A
4-HA,1303,0,1,3235,0,3236,G
4-HA,1304,3160,0,4,0,3164,A
4-HA,1305,2,3162,0,0,3164,T
4-HA,1306,1,0,1,3169,3171,C
4-HA,1307,0,3123,0,5,3128,T
4-HA,1308,0,0,0,3214,3214,C
4-HA,1309,0,3219,0,1,3220,T
4-HA,1310,0,3,3289,0,3292,G
4-HA,1311,2,1,3393,0,3396,G
4-HA,1312,0,3362,0,4,3366,T
4-HA,1313,7,0,1,3370,3378,C
4-HA,1314,3388,1,1,0,3390,A
4-HA,1315,0,3402,0,7,3409,T
4-HA,1316,3391,0,3,0,3394,A
4-HA,1317,1,0,0,3406,3407,C
4-HA,1318,3298,0,1,0,3299,A
4-HA,1319,3305,0,4,0,3309,A
4-HA,1320,0,0,0,3215,3215,C
4-HA,1321,2,0,3192,0,3194,G
4-HA,1322,0,1,0,3200,3201,C
4-HA,1323,4,0,3191,0,3195,G
4-HA,1324,0,1,3190,0,3191,G
4-HA,1325,3175,0,6,1,3182,A
4-HA,1326,0,1,3226,0,3227,G
4-HA,1327,0,0,0,3227,3227,C
4-HA,1328,1,3210,1,2,3214,T
4-HA,1329,0,3231,0,4,3235,T
4-HA,1330,1,2,0,3250,3253,C
4-HA,1331,0,3257,0,3,3260,T
4-HA,1332,0,3263,0,1,3264,T
4-HA,1333,1,0,3268,0,3269,G
4-HA,1334,0,3230,0,2,3232,T
4-HA,1335,2,3203,0,4,3209,T
4-HA,1336,0,2,3250,0,3252,G
4-HA,1337,0,2,0,3250,3252,C
4-HA,1338,1,1,0,3231,3233,C
4-HA,1339,2,2,0,3264,3268,C
4-HA,1340,1,3264,0,8,3273,T
4-HA,1341,3,0,3305,0,3308,G
4-HA,1342,0,3,3310,1,3314,G
4-HA,1343,3299,0,7,0,3306,A
4-HA,1344,1,5,3320,1,3327,G
4-HA,1345,3258,0,0,0,3258,A
4-HA,1346,3272,1,2,0,3275,A
4-HA,1347,1,1,0,3312,3314,C
4-HA,1348,4,4,0,3304,3312,C
4-HA,1349,3299,0,3,0,3302,A
4-HA,1350,3397,0,3,0,3400,A
4-HA,1351,0,2,0,3399,3401,C
4-HA,1352,3402,0,1,0,3403,A
4-HA,1353,0,3388,0,1,3389,T
4-HA,1354,3380,0,0,0,3380,A
4-HA,1355,0,0,0,3455,3455,C
4-HA,1356,3397,0,0,0,3397,A
4-HA,1357,3398,0,1,0,3399,A
4-HA,1358,0,3370,0,4,3374,T
4-HA,1359,0,3269,0,1,3270,T
4-HA,1360,1,5,3342,0,3348,G
4-HA,1361,3365,0,3,0,3368,A
4-HA,1362,0,3351,0,6,3357,T
4-HA,1363,0,1,0,3369,3370,C
4-HA,1364,0,3309,0,5,3314,T
4-HA,1365,3348,0,0,0,3348,A
4-HA,1366,3332,0,0,0,3332,A
4-HA,1367,2,0,0,3330,3332,C
4-HA,1368,0,3309,0,2,3311,T
4-HA,1369,0,4,3289,0,3293,G
4-HA,1370,3297,0,1,0,3298,A
4-HA,1371,0,0,0,3292,3292,C
4-HA,1372,0,3269,1,4,3274,T
4-HA,1373,2,1,0,3293,3296,C
4-HA,1374,3282,0,0,0,3282,A
4-HA,1375,0,1,3350,0,3351,G
4-HA,1376,3341,0,2,0,3343,A
4-HA,1377,3350,0,0,0,3350,A
4-HA,1378,3345,0,0,0,3345,A
4-HA,1379,0,3310,0,3,3313,T
4-HA,1380,3,1,3355,0,3359,G
4-HA,1381,3350,0,2,0,3352,A
4-HA,1382,3346,1,6,0,3353,A
4-HA,1383,2,7,0,3346,3355,C
4-HA,1384,3325,0,1,0,3326,A
4-HA,1385,3326,0,2,0,3328,A
4-HA,1386,3301,0,2,0,3303,A
4-HA,1387,0,1,0,3338,3339,C
4-HA,1388,0,3312,0,0,3312,T
4-HA,1389,0,0,3337,0,3337,G
4-HA,1390,0,3296,0,2,3298,T
4-HA,1391,0,3297,0,2,3299,T
4-HA,1392,1,3311,0,3,3315,T
4-HA,1393,0,3,3317,0,3320,G
4-HA,1394,3310,1,1,0,3312,A
4-HA,1395,3316,0,0,1,3317,A
4-HA,1396,3305,0,1,0,3306,A
4-HA,1397,3308,0,0,0,3308,A
4-HA,1398,3275,0,0,0,3275,A
4-HA,1399,3290,0,1,0,3291,A
4-HA,1400,0,2,0,3304,3306,C
4-HA,1401,3298,0,0,0,3298,A
4-HA,1402,3296,0,0,0,3296,A
4-HA,1403,3289,0,5,0,3294,A
4-HA,1404,0,1,3304,0,3305,G
4-HA,1405,3315,0,2,0,3317,A
4-HA,1406,3315,0,0,0,3315,A
4-HA,1407,0,0,3303,0,3303,G
4-HA,1408,2,1,0,3307,3310,C
4-HA,1409,3322,0,3,0,3325,A
4-HA,1410,3334,0,1,0,3335,A
4-HA,1411,0,0,0,3316,3316,C
4-HA,1412,0,3305,0,1,3306,T
4-HA,1413,0,3,3331,0,3334,G
4-HA,1414,3307,1,5,0,3313,A
4-HA,1415,1,6,3330,0,3337,G
4-HA,1416,4,1,3332,0,3337,G
4-HA,1417,0,2,3341,1,3344,G
4-HA,1418,3349,0,2,0,3351,A
4-HA,1419,3327,0,1,0,3328,A
4-HA,1420,3319,0,4,0,3323,A
4-HA,1421,3351,0,2,0,3353,A
4-HA,1422,0,3342,0,1,3343,T
4-HA,1423,0,0,3363,0,3363,G
4-HA,1424,1,0,0,3353,3354,C
4-HA,1425,0,3349,0,1,3350,T
4-HA,1426,0,3,3353,0,3356,G
4-HA,1427,3361,0,3,0,3364,A
4-HA,1428,1,2,3520,0,3523,G
4-HA,1429,1,1,3583,0,3585,G
4-HA,1430,3534,0,0,0,3534,A
4-HA,1431,0,3509,0,1,3510,T
4-HA,1432,3502,0,1,0,3503,A
4-HA,1433,0,3482,0,2,3484,T
4-HA,1434,1,4,3497,0,3502,G
4-HA,1435,1,3,3541,0,3545,G
4-HA,1436,3,0,3538,0,3541,G
4-HA,1437,0,1,0,3392,3393,C
4-HA,1438,3325,0,0,0,3325,A
4-HA,1439,3317,0,1,1,3319,A
4-HA,1440,0,3312,0,3,3315,T
4-HA,1441,0,3,3324,0,3327,G
4-HA,1442,1,0,3328,0,3329,G
4-HA,1443,0,3270,0,0,3270,T
4-HA,1444,0,3218,0,2,3220,T
4-HA,1445,0,1,3227,0,3228,G
4-HA,1446,0,3259,0,2,3261,T
4-HA,1447,0,3267,0,3,3270,T
4-HA,1448,0,3270,0,4,3274,T
4-HA,1449,4,0,0,3281,3285,C
4-HA,1450,3282,0,1,0,3283,A
4-HA,1451,3266,2,20,0,3288,A
4-HA,1452,3289,0,2,0,3291,A
4-HA,1453,3341,0,2,0,3343,A
4-HA,1454,1,3311,0,0,3312,T
4-HA,1455,3291,0,2,0,3293,A
4-HA,1456,0,3290,0,0,3290,T
4-HA,1457,3259,1,5,1,3266,A
4-HA,1458,0,0,0,3303,3303,C
4-HA,1459,2,2,0,3267,3271,C
4-HA,1460,3269,0,2,0,3271,A
4-HA,1461,0,0,0,3291,3291,C
4-HA,1462,3288,1,0,0,3289,A
4-HA,1463,3306,0,1,0,3307,A
4-HA,1464,3308,0,1,0,3309,A
4-HA,1465,0,3297,0,0,3297,T
4-HA,1466,1,0,3311,0,3312,G
4-HA,1467,1,3281,0,1,3283,T
4-HA,1468,1,6,3309,0,3316,G
4-HA,1469,3320,0,1,0,3321,A
4-HA,1470,1,1,0,3309,3311,C
4-HA,1471,3269,0,1,0,3270,A
4-HA,1472,3263,1,0,0,3264,A
4-HA,1473,1,3306,0,0,3307,T
4-HA,1474,0,1,3337,0,3338,G
4-HA,1475,0,1,0,3306,3307,C
4-HA,1476,0,0,0,3331,3331,C
4-HA,1477,0,3314,0,5,3319,T
4-HA,1478,1,0,3451,0,3452,G
4-HA,1479,0,1,0,3459,3460,C
4-HA,1480,3468,0,1,0,3469,A
4-HA,1481,0,3463,0,2,3465,T
4-HA,1482,3315,0,5,0,3320,A
4-HA,1483,1,1,3316,0,3318,G
4-HA,1484,0,5,3297,0,3302,G
4-HA,1485,3295,0,1,0,3296,A
4-HA,1486,0,3258,0,2,3260,T
4-HA,1487,4,0,0,3096,3100,C
4-HA,1488,3110,1,0,0,3111,A
4-HA,1489,3116,0,0,0,3116,A
4-HA,1490,1,3106,0,2,3109,T
4-HA,1491,1,0,0,3120,3121,C
4-HA,1492,3069,0,1,0,3070,A
4-HA,1493,0,2,3085,0,3087,G
4-HA,1494,3095,0,1,0,3096,A
4-HA,1495,3092,0,0,0,3092,A
4-HA,1496,3072,0,17,0,3089,A
4-HA,1497,0,3070,0,1,3071,T
4-HA,1498,1,2,3057,0,3060,G
4-HA,1499,8,4,3045,0,3057,G
4-HA,1500,3057,0,1,0,3058,A
4-HA,1501,3066,0,3,0,3069,A
4-HA,1502,0,0,0,3065,3065,C
4-HA,1503,0,3024,0,5,3029,T
4-HA,1504,0,3045,0,2,3047,T
4-HA,1505,3060,0,0,0,3060,A
4-HA,1506,1,3040,0,3,3044,T
4-HA,1507,0,6,3043,0,3049,G
4-HA,1508,3026,0,4,0,3030,A
4-HA,1509,1,0,0,3022,3023,C
4-HA,1510,5,1,0,2999,3005,C
4-HA,1511,2993,0,2,0,2995,A
4-HA,1512,0,0,0,3092,3092,C
4-HA,1513,1,0,3179,1,3181,G
4-HA,1514,3244,1,2,0,3247,A
4-HA,1515,0,3276,0,0,3276,T
4-HA,1516,1,0,3417,0,3418,G
4-HA,1517,0,3374,0,1,3375,T
4-HA,1518,3495,0,3,0,3498,A
4-HA,1519,0,3496,0,3,3499,T
4-HA,1520,3479,0,5,0,3484,A
4-HA,1521,1,0,0,3481,3482,C
4-HA,1522,3088,0,2,0,3090,A
4-HA,1523,0,3,3113,0,3116,G
4-HA,1524,2919,0,1,0,2920,A
4-HA,1525,0,2,2835,0,2837,G
4-HA,1526,2810,0,2,0,2812,A
4-HA,1527,0,2588,1,0,2589,T
4-HA,1528,0,2,2584,0,2586,G
4-HA,1529,2581,0,1,0,2582,A
4-HA,1530,2568,0,4,0,2572,A
4-HA,1531,1,0,2597,0,2598,G
4-HA,1532,0,0,0,2538,2538,C
4-HA,1533,2536,0,0,0,2536,A
4-HA,1534,0,2519,0,2,2521,T
4-HA,1535,0,2514,0,1,2515,T
4-HA,1536,2524,0,2,0,2526,A
4-HA,1537,2518,0,1,0,2519,A
4-HA,1538,2520,0,1,0,2521,A
4-HA,1539,0,1,0,2522,2523,C
4-HA,1540,2424,0,0,0,2424,A
4-HA,1541,2417,0,3,0,2420,A
4-HA,1542,0,0,0,2421,2421,C
4-HA,1543,1,1,0,2414,2416,C
4-HA,1544,0,2,2412,0,2414,G
4-HA,1545,0,1,2442,0,2443,G
4-HA,1546,0,2438,0,4,2442,T
4-HA,1547,0,2438,0,1,2439,T
4-HA,1548,0,2403,0,1,2404,T
4-HA,1549,2,0,0,2414,2416,C
4-HA,1550,2418,0,4,0,2422,A
4-HA,1551,0,3,2449,0,2452,G
4-HA,1552,2445,0,2,0,2447,A
4-HA,1553,0,2435,0,0,2435,T
4-HA,1554,3,0,0,2384,2387,C
4-HA,1555,2368,0,1,0,2369,A
4-HA,1556,2373,0,2,0,2375,A
4-HA,1557,0,1,2375,0,2376,G
4-HA,1558,0,0,2364,0,2364,G
4-HA,1559,0,0,2367,0,2367,G
4-HA,1560,2285,0,3,0,2288,A
4-HA,1561,0,0,2313,1,2314,G
4-HA,1562,0,2314,1,1,2316,T
4-HA,1563,0,2312,0,0,2312,T
4-HA,1564,0,3,2335,0,2338,G
4-HA,1565,2321,0,5,0,2326,A
4-HA,1566,0,1,2336,0,2337,G
4-HA,1567,0,1,1,2327,2329,C
4-HA,1568,0,2286,0,8,2294,T
4-HA,1569,2,2,2305,0,2309,G
4-HA,1570,2298,0,0,0,2298,A
4-HA,1571,2306,0,2,0,2308,A
4-HA,1572,0,0,2305,0,2305,G
4-HA,1573,0,2255,0,2,2257,T
4-HA,1574,5,0,0,2265,2270,C
4-HA,1575,2217,0,3,0,2220,A
4-HA,1576,0,3,2219,0,2222,G
4-HA,1577,0,4,2209,0,2213,G
4-HA,1578,0,0,2154,1,2155,G
4-HA,1579,0,2231,0,0,2231,T
4-HA,1580,2233,0,3,0,2236,A
4-HA,1581,1,0,0,2234,2235,C
4-HA,1582,2227,0,2,0,2229,A
4-HA,1583,2225,0,1,0,2226,A
4-HA,1584,2223,0,1,0,2224,A
4-HA,1585,1,2,2220,0,2223,G
4-HA,1586,2157,0,0,0,2157,A
4-HA,1587,0,2074,0,7,2081,T
4-HA,1588,0,2065,0,0,2065,T
4-HA,1589,0,0,2052,0,2052,G
4-HA,1590,0,3,2050,0,2053,G
4-HA,1591,2059,0,0,0,2059,A
4-HA,1592,0,2056,0,0,2056,T
4-HA,1593,1,0,0,2038,2039,C
4-HA,1594,0,0,0,1997,1997,C
4-HA,1595,0,1984,0,3,1987,T
4-HA,1596,1987,0,0,0,1987,A
4-HA,1597,0,1994,0,0,1994,T
4-HA,1598,1,2,1988,0,1991,G
4-HA,1599,0,5,1991,0,1996,G
4-HA,1600,1940,0,0,0,1940,A
4-HA,1601,0,1936,0,6,1942,T
4-HA,1602,0,1920,0,1,1921,T
4-HA,1603,0,1906,0,3,1909,T
4-HA,1604,0,0,0,1917,1917,C
4-HA,1605,2,0,0,1905,1907,C
4-HA,1606,0,1885,0,1,1886,T
4-HA,1607,0,1882,0,1,1883,T
4-HA,1608,0,1874,0,0,1874,T
4-HA,1609,0,1,1885,0,1886,G
4-HA,1610,1,2,0,1884,1887,C
4-HA,1611,2,0,0,1882,1884,C
4-HA,1612,1842,0,1,0,1843,A
4-HA,1613,0,1830,0,2,1832,T
4-HA,1614,1839,0,0,0,1839,A
4-HA,1615,1,1824,0,1,1826,T
4-HA,1616,3,0,0,1826,1829,C
4-HA,1617,1816,0,1,0,1817,A
4-HA,1618,0,1792,0,2,1794,T
4-HA,1619,0,0,1814,0,1814,G
4-HA,1620,0,1798,1,6,1805,T
4-HA,1621,0,1783,0,0,1783,T
4-HA,1622,0,1782,0,1,1783,T
4-HA,1623,0,1746,1,1,1748,T
4-HA,1624,0,1750,0,1,1751,T
4-HA,1625,0,1738,0,0,1738,T
4-HA,1626,1,3,1744,0,1748,G
4-HA,1627,0,0,0,1736,1736,C
4-HA,1628,0,1705,1,3,1709,T
4-HA,1629,0,1718,0,0,1718,T
4-HA,1630,0,1707,0,0,1707,T
4-HA,1631,0,0,1741,0,1741,G
4-HA,1632,0,1734,0,3,1737,T
4-HA,1633,0,0,1735,0,1735,G
4-HA,1634,0,1725,1,1,1727,T
4-HA,1635,0,1703,0,1,1704,T
4-HA,1636,3,0,1707,0,1710,G
4-HA,1637,0,0,0,1700,1700,C
4-HA,1638,1,1687,0,0,1688,T
4-HA,1639,0,1711,0,0,1711,T
4-HA,1640,0,1627,0,0,1627,T
4-HA,1641,0,0,1637,0,1637,G
4-HA,1642,0,1631,0,0,1631,T
4-HA,1643,0,1621,0,4,1625,T
4-HA,1644,0,1,1625,0,1626,G
4-HA,1645,1,1,1581,0,1583,G
4-HA,1646,1,3,1573,0,1577,G
4-HA,1647,0,0,1590,0,1590,G
4-HA,1648,0,1521,0,4,1525,T
4-HA,1649,0,1505,2,0,1507,T
4-HA,1650,2,0,0,1487,1489,C
4-HA,1651,1470,0,1,0,1471,A
4-HA,1652,1,1467,0,2,1470,T
4-HA,1653,1,4,0,1475,1480,C
4-HA,1654,1476,0,1,0,1477,A
4-HA,1655,0,1436,0,5,1441,T
4-HA,1656,4,0,1416,0,1420,G
4-HA,1657,1,1389,0,0,1390,T
4-HA,1658,0,1,1371,0,1372,G
4-HA,1659,0,0,1328,0,1328,G
4-HA,1660,0,1,1313,0,1314,G
4-HA,1661,1,0,0,1272,1273,C
4-HA,1662,0,1,0,1237,1238,C
4-HA,1663,0,1187,0,1,1188,T
4-HA,1664,0,0,1195,0,1195,G
4-HA,1665,0,0,0,1179,1179,C
4-HA,1666,4,0,0,1189,1193,C
4-HA,1667,1192,0,0,0,1192,A
4-HA,1668,1181,0,0,0,1181,A
4-HA,1669,1181,0,0,0,1181,A
4-HA,1670,1179,0,1,0,1180,A
4-HA,1671,1181,0,0,0,1181,A
4-HA,1672,0,0,1170,0,1170,G
4-HA,1673,2,1,1133,0,1136,G
4-HA,1674,0,0,0,1121,1121,C
4-HA,1675,1120,0,1,0,1121,A
4-HA,1676,1126,0,5,0,1131,A
4-HA,1677,1,0,0,1128,1129,C
4-HA,1678,1127,0,0,0,1127,A
4-HA,1679,0,1125,0,0,1125,T
4-HA,1680,0,1110,0,0,1110,T
4-HA,1681,1072,0,3,0,1075,A
4-HA,1682,0,1,1066,0,1067,G
4-HA,1683,0,0,1066,0,1066,G
4-HA,1684,0,1025,0,0,1025,T
4-HA,1685,0,0,968,0,968,G
4-HA,1686,0,0,0,936,936,C
4-HA,1687,930,0,0,0,930,A
4-HA,1688,924,0,1,0,925,A
4-HA,1689,0,0,0,923,923,C
4-HA,1690,922,0,0,0,922,A
4-HA,1691,0,901,0,1,902,T
4-HA,1692,0,852,0,1,853,T
4-HA,1693,0,853,0,0,853,T
4-HA,1694,0,0,855,0,855,G
4-HA,1695,0,1,0,842,843,C
4-HA,1696,842,0,1,0,843,A
4-HA,1697,0,791,0,0,791,T
4-HA,1698,0,768,0,0,768,T
4-HA,1699,0,743,0,0,743,T
4-HA,1700,0,0,738,0,738,G
4-HA,1701,708,0,0,0,708,A
5-NP,1,160,0,0,0,160,A
5-NP,2,0,160,0,0,160,T
5-NP,3,0,0,160,0,160,G
5-NP,4,0,0,159,0,159,G
5-NP,5,0,0,0,160,160,C
5-NP,6,0,0,159,0,159,G
5-NP,7,0,171,0,1,172,T
5-NP,8,0,0,0,173,173,C
5-NP,9,0,0,0,177,177,C
5-NP,10,0,0,0,177,177,C
5-NP,11,178,0,0,0,178,A
5-NP,12,178,0,0,0,178,A
5-NP,13,0,0,180,0,180,G
5-NP,14,0,0,188,0,188,G
5-NP,15,0,0,0,186,186,C
5-NP,16,185,0,1,0,186,A
5-NP,17,0,0,0,187,187,C
5-NP,18,0,0,0,189,189,C
5-NP,19,193,0,0,0,193,A
5-NP,20,191,0,0,0,191,A
5-NP,21,193,0,0,0,193,A
5-NP,22,0,0,0,195,195,C
5-NP,23,0,0,191,0,191,G
5-NP,24,0,0,210,0,210,G
5-NP,25,0,204,0,1,205,T
5-NP,26,0,0,0,226,226,C
5-NP,27,0,224,0,0,224,T
5-NP,28,0,229,0,0,229,T
5-NP,29,230,0,0,0,230,A
5-NP,30,0,231,0,0,231,T
5-NP,31,0,1,234,0,235,G
5-NP,32,228,0,0,0,228,A
5-NP,33,230,0,0,0,230,A
5-NP,34,0,0,0,231,231,C
5-NP,35,224,0,1,0,225,A
5-NP,36,0,0,236,0,236,G
5-NP,37,229,0,0,0,229,A
5-NP,38,0,236,0,0,236,T
5-NP,39,0,1,236,0,237,G
5-NP,40,0,0,238,0,238,G
5-NP,41,234,0,0,0,234,A
5-NP,42,232,0,2,0,234,A
5-NP,43,239,0,0,0,239,A
5-NP,44,0,0,0,246,246,C
5-NP,45,0,241,0,0,241,T
5-NP,46,0,0,249,0,249,G
5-NP,47,244,0,0,0,244,A
5-NP,48,0,248,0,0,248,T
5-NP,49,0,1,247,0,248,G
5-NP,50,0,2,243,1,246,G
5-NP,51,0,0,246,0,246,G
5-NP,52,0,0,249,0,249,G
5-NP,53,248,0,0,0,248,A
5-NP,54,0,247,0,0,247,T
5-NP,55,1,1,0,250,252,C
5-NP,56,0,0,250,0,250,G
5-NP,57,0,0,0,253,253,C
5-NP,58,0,0,0,253,253,C
5-NP,59,252,0,0,0,252,A
5-NP,60,0,0,257,0,257,G
5-NP,61,255,0,0,0,255,A
5-NP,62,261,0,0,0,261,A
5-NP,63,0,264,0,0,264,T
5-NP,64,0,0,263,0,263,G
5-NP,65,0,0,0,268,268,C
5-NP,66,268,0,0,0,268,A
5-NP,67,269,1,1,0,271,A
5-NP,68,0,0,0,272,272,C
5-NP,69,0,272,0,0,272,T
5-NP,70,0,0,276,0,276,G
5-NP,71,277,0,1,0,278,A
5-NP,72,0,0,295,0,295,G
5-NP,73,294,1,1,0,296,A
5-NP,74,0,295,0,0,295,T
5-NP,75,0,296,0,0,296,T
5-NP,76,292,0,0,0,292,A
5-NP,77,0,0,293,0,293,G
5-NP,78,0,0,289,0,289,G
5-NP,79,0,0,287,0,287,G
5-NP,80,0,0,0,286,286,C
5-NP,81,287,0,0,0,287,A
5-NP,82,0,286,0,0,286,T
5-NP,83,0,0,0,289,289,C
5-NP,84,0,0,0,290,290,C
5-NP,85,1,0,295,0,296,G
5-NP,86,0,295,0,0,295,T
5-NP,87,1,0,0,294,295,C
5-NP,88,0,0,297,0,297,G
5-NP,89,0,0,295,0,295,G
5-NP,90,0,0,297,0,297,G
5-NP,91,296,0,0,0,296,A
5-NP,92,294,0,0,0,294,A
5-NP,93,0,1,296,0,297,G
5-NP,94,293,0,0,0,293,A
5-NP,95,0,293,0,0,293,T
5-NP,96,0,0,296,0,296,G
5-NP,97,293,0,1,0,294,A
5-NP,98,0,295,0,1,296,T
5-NP,99,0,295,0,0,295,T
5-NP,100,0,0,294,0,294,G
5-NP,101,292,0,1,0,293,A
5-NP,102,0,295,0,0,295,T
5-NP,103,0,1,295,0,296,G
5-NP,104,0,0,301,0,301,G
5-NP,105,301,0,0,0,301,A
5-NP,106,303,0,0,0,303,A
5-NP,107,0,303,0,0,303,T
5-NP,108,0,305,0,0,305,T
5-NP,109,0,1,307,0,308,G
5-NP,110,0,0,300,0,300,G
5-NP,111,0,0,309,0,309,G
5-NP,112,303,0,1,0,304,A
5-NP,113,0,1,297,0,298,G
5-NP,114,296,0,1,0,297,A
5-NP,115,0,303,0,0,303,T
5-NP,116,0,306,0,0,306,T
5-NP,117,0,0,0,305,305,C
5-NP,118,0,305,0,0,305,T
5-NP,119,310,0,0,0,310,A
5-NP,120,0,0,0,312,312,C
5-NP,121,321,0,0,0,321,A
5-NP,122,0,322,0,0,322,T
5-NP,123,0,0,0,322,322,C
5-NP,124,0,0,0,322,322,C
5-NP,125,322,0,0,0,322,A
5-NP,126,328,0,0,0,328,A
5-NP,127,325,0,0,0,325,A
5-NP,128,0,323,0,0,323,T
5-NP,129,0,0,325,0,325,G
5-NP,130,0,323,0,1,324,T
5-NP,131,0,2,324,0,326,G
5-NP,132,0,0,0,325,325,C
5-NP,133,326,0,0,0,326,A
5-NP,134,0,0,0,329,329,C
5-NP,135,0,325,0,0,325,T
5-NP,136,0,1,346,0,347,G
5-NP,137,347,0,0,0,347,A
5-NP,138,356,0,2,0,358,A
5-NP,139,0,0,0,362,362,C
5-NP,140,0,360,0,0,360,T
5-NP,141,0,363,0,0,363,T
5-NP,142,363,0,0,0,363,A
5-NP,143,362,0,0,0,362,A
5-NP,144,362,0,1,0,363,A
5-NP,145,0,0,0,362,362,C
5-NP,146,0,348,0,0,348,T
5-NP,147,0,0,0,350,350,C
5-NP,148,344,0,0,0,344,A
5-NP,149,0,0,349,0,349,G
5-NP,150,0,350,0,0,350,T
5-NP,151,0,0,356,0,356,G
5-NP,152,366,0,0,0,366,A
5-NP,153,0,369,0,0,369,T
5-NP,154,3,0,0,370,373,C
5-NP,155,371,0,0,0,371,A
5-NP,156,0,372,0,0,372,T
5-NP,157,0,0,372,0,372,G
5-NP,158,371,0,0,0,371,A
5-NP,159,369,0,0,0,369,A
5-NP,160,0,1,370,0,371,G
5-NP,161,0,1,362,0,363,G
5-NP,162,0,0,363,0,363,G
5-NP,163,0,0,0,361,361,C
5-NP,164,0,1,365,0,366,G
5-NP,165,0,0,367,0,367,G
5-NP,166,0,363,0,1,364,T
5-NP,167,0,364,0,0,364,T
5-NP,168,0,0,364,0,364,G
5-NP,169,398,0,1,0,399,A
5-NP,170,0,397,0,1,398,T
5-NP,171,2,0,0,396,398,C
5-NP,172,0,0,0,401,401,C
5-NP,173,400,0,1,0,401,A
5-NP,174,0,1,400,0,401,G
5-NP,175,400,0,0,0,400,A
5-NP,176,402,0,1,0,403,A
5-NP,177,0,0,0,405,405,C
5-NP,178,385,0,1,0,386,A
5-NP,179,0,0,395,0,395,G
5-NP,180,0,0,0,395,395,C
5-NP,181,0,396,0,0,396,T
5-NP,182,0,397,0,0,397,T
5-NP,183,0,0,394,0,394,G
5-NP,184,396,0,0,0,396,A
5-NP,185,0,0,0,398,398,C
5-NP,186,395,0,0,0,395,A
5-NP,187,401,0,0,0,401,A
5-NP,188,0,395,0,0,395,T
5-NP,189,397,1,0,0,398,A
5-NP,190,0,0,399,0,399,G
5-NP,191,395,0,0,0,395,A
5-NP,192,0,1,401,0,402,G
5-NP,193,399,0,0,0,399,A
5-NP,194,399,0,0,0,399,A
5-NP,195,401,0,0,0,401,A
5-NP,196,411,0,0,0,411,A
5-NP,197,0,410,0,0,410,T
5-NP,198,0,1,410,0,411,G
5-NP,199,2,0,409,0,411,G
5-NP,200,0,405,0,0,405,T
5-NP,201,402,0,0,0,402,A
5-NP,202,0,0,0,405,405,C
5-NP,203,0,408,0,0,408,T
5-NP,204,0,0,0,418,418,C
5-NP,205,0,408,0,1,409,T
5-NP,206,0,0,0,415,415,C
5-NP,207,0,413,0,0,413,T
5-NP,208,0,0,420,0,420,G
5-NP,209,0,0,0,423,423,C
5-NP,210,0,420,0,0,420,T
5-NP,211,0,421,0,0,421,T
5-NP,212,0,419,0,1,420,T
5-NP,213,0,413,0,0,413,T
5-NP,214,0,0,412,0,412,G
5-NP,215,404,1,1,1,407,A
5-NP,216,0,413,0,0,413,T
5-NP,217,0,0,412,0,412,G
5-NP,218,412,0,0,0,412,A
5-NP,219,410,0,0,0,410,A
5-NP,220,414,0,0,0,414,A
5-NP,221,1,1,409,0,411,G
5-NP,222,410,0,0,0,410,A
5-NP,223,408,0,1,0,409,A
5-NP,224,0,0,408,0,408,G
5-NP,225,0,0,423,0,423,G
5-NP,226,427,0,0,0,427,A
5-NP,227,428,0,0,0,428,A
5-NP,228,0,430,0,1,431,T
5-NP,229,431,0,0,0,431,A
5-NP,230,427,0,0,0,427,A
5-NP,231,430,0,0,0,430,A
5-NP,232,0,422,0,0,422,T
5-NP,233,423,0,0,0,423,A
5-NP,234,0,0,0,428,428,C
5-NP,235,0,0,0,420,420,C
5-NP,236,0,421,0,0,421,T
5-NP,237,0,0,425,0,425,G
5-NP,238,0,0,427,0,427,G
5-NP,239,427,0,0,0,427,A
5-NP,240,423,0,0,0,423,A
5-NP,241,0,0,435,0,435,G
5-NP,242,434,0,0,0,434,A
5-NP,243,429,0,0,0,429,A
5-NP,244,0,0,0,430,430,C
5-NP,245,426,0,0,0,426,A
5-NP,246,0,0,0,436,436,C
5-NP,247,0,0,0,429,429,C
5-NP,248,0,0,0,430,430,C
5-NP,249,0,0,0,431,431,C
5-NP,250,430,0,0,1,431,A
5-NP,251,0,0,431,0,431,G
5-NP,252,0,0,0,428,428,C
5-NP,253,0,0,428,0,428,G
5-NP,254,0,0,0,433,433,C
5-NP,255,0,0,428,0,428,G
5-NP,256,0,0,434,0,434,G
5-NP,257,0,0,429,0,429,G
5-NP,258,0,0,438,0,438,G
5-NP,259,437,0,0,0,437,A
5-NP,260,437,0,0,0,437,A
5-NP,261,435,0,0,0,435,A
5-NP,262,0,0,437,0,437,G
5-NP,263,431,0,0,0,431,A
5-NP,264,0,431,0,1,432,T
5-NP,265,0,0,0,426,426,C
5-NP,266,0,0,0,428,428,C
5-NP,267,2,0,0,431,433,C
5-NP,268,432,0,0,0,432,A
5-NP,269,429,0,0,0,429,A
5-NP,270,0,0,433,0,433,G
5-NP,271,429,0,0,0,429,A
5-NP,272,424,0,5,0,429,A
5-NP,273,426,0,1,0,427,A
5-NP,274,428,0,0,0,428,A
5-NP,275,0,0,0,431,431,C
5-NP,276,0,423,1,0,424,T
5-NP,277,0,0,419,0,419,G
5-NP,278,0,1,416,0,417,G
5-NP,279,0,0,419,0,419,G
5-NP,280,0,0,421,0,421,G
5-NP,281,0,0,425,0,425,G
5-NP,282,0,0,436,0,436,G
5-NP,283,0,0,0,465,465,C
5-NP,284,0,0,0,472,472,C
5-NP,285,0,0,0,478,478,C
5-NP,286,511,0,0,0,511,A
5-NP,287,0,513,0,0,513,T
5-NP,288,526,0,0,0,526,A
5-NP,289,0,521,0,0,521,T
5-NP,290,520,0,0,0,520,A
5-NP,291,0,0,0,521,521,C
5-NP,292,469,0,0,0,469,A
5-NP,293,0,0,481,0,481,G
5-NP,294,0,0,480,0,480,G
5-NP,295,439,0,0,0,439,A
5-NP,296,0,1,446,0,447,G
5-NP,297,430,0,1,0,431,A
5-NP,298,423,0,0,0,423,A
5-NP,299,0,438,0,0,438,T
5-NP,300,437,0,0,0,437,A
5-NP,301,0,0,442,0,442,G
5-NP,302,437,0,0,0,437,A
5-NP,303,0,436,0,0,436,T
5-NP,304,0,1,437,0,438,G
5-NP,305,0,0,437,0,437,G
5-NP,306,437,0,0,0,437,A
5-NP,307,434,0,0,0,434,A
5-NP,308,0,0,427,0,427,G
5-NP,309,425,0,0,0,425,A
5-NP,310,0,426,0,0,426,T
5-NP,311,0,0,437,0,437,G
5-NP,312,0,1,440,0,441,G
5-NP,313,441,0,1,0,442,A
5-NP,314,0,435,0,0,435,T
5-NP,315,0,0,436,0,436,G
5-NP,316,431,0,0,0,431,A
5-NP,317,1,0,428,0,429,G
5-NP,318,0,0,427,0,427,G
5-NP,319,0,2,434,0,436,G
5-NP,320,462,0,0,0,462,A
5-NP,321,462,0,0,0,462,A
5-NP,322,0,0,0,482,482,C
5-NP,323,0,475,0,0,475,T
5-NP,324,0,0,0,491,491,C
5-NP,325,0,0,517,0,517,G
5-NP,326,0,528,0,0,528,T
5-NP,327,2,0,0,541,543,C
5-NP,328,2,0,0,712,714,C
5-NP,329,0,718,0,1,719,T
5-NP,330,0,735,0,0,735,T
5-NP,331,0,740,0,0,740,T
5-NP,332,742,0,1,0,743,A
5-NP,333,0,747,0,0,747,T
5-NP,334,0,5,741,0,746,G
5-NP,335,766,0,0,0,766,A
5-NP,336,0,0,0,775,775,C
5-NP,337,764,0,1,0,765,A
5-NP,338,767,0,0,0,767,A
5-NP,339,775,0,8,0,783,A
5-NP,340,0,0,871,0,871,G
5-NP,341,869,0,4,0,873,A
5-NP,342,874,0,1,0,875,A
5-NP,343,0,1,966,0,967,G
5-NP,344,983,0,1,0,984,A
5-NP,345,990,0,1,0,991,A
5-NP,346,990,0,1,0,991,A
5-NP,347,0,992,0,0,992,T
5-NP,348,998,0,0,0,998,A
5-NP,349,992,0,2,0,994,A
5-NP,350,0,2,1025,0,1027,G
5-NP,351,1,0,1016,0,1017,G
5-NP,352,0,0,0,1025,1025,C
5-NP,353,0,0,1029,0,1029,G
5-NP,354,1037,0,1,0,1038,A
5-NP,355,1070,0,0,0,1070,A
5-NP,356,0,1072,0,0,1072,T
5-NP,357,2,0,0,1076,1078,C
5-NP,358,0,1072,0,3,1075,T
5-NP,359,1,1,1078,0,1080,G
5-NP,360,0,1,1075,0,1076,G
5-NP,361,0,0,0,1085,1085,C
5-NP,362,0,0,1079,0,1079,G
5-NP,363,0,0,0,1087,1087,C
5-NP,364,0,1,0,1084,1085,C
5-NP,365,1094,0,1,0,1095,A
5-NP,366,1124,0,1,0,1125,A
5-NP,367,3,0,1168,0,1171,G
5-NP,368,0,0,0,1180,1180,C
5-NP,369,1,0,0,1198,1199,C
5-NP,370,1202,0,0,0,1202,A
5-NP,371,1236,0,1,0,1237,A
5-NP,372,0,0,0,1266,1266,C
5-NP,373,1268,0,0,0,1268,A
5-NP,374,1319,0,0,0,1319,A
5-NP,375,0,1315,0,0,1315,T
5-NP,376,0,3,1363,0,1366,G
5-NP,377,0,0,1358,0,1358,G
5-NP,378,0,1346,0,1,1347,T
5-NP,379,0,2,1362,0,1364,G
5-NP,380,1352,0,1,0,1353,A
5-NP,381,0,2,1403,0,1405,G
5-NP,382,0,0,1407,0,1407,G
5-NP,383,1440,0,0,0,1440,A
5-NP,384,0,1636,1,0,1637,T
5-NP,385,0,0,1662,0,1662,G
5-NP,386,0,0,0,1681,1681,C
5-NP,387,0,1679,1,12,1692,T
5-NP,388,1707,0,0,0,1707,A
5-NP,389,0,1,0,1760,1761,C
5-NP,390,1768,0,0,0,1768,A
5-NP,391,0,1766,0,1,1767,T
5-NP,392,1,0,0,1767,1768,C
5-NP,393,0,1702,1,2,1705,T
5-NP,394,0,1,1865,0,1866,G
5-NP,395,0,0,1920,0,1920,G
5-NP,396,0,1912,0,1,1913,T
5-NP,397,2,54,0,1865,1921,C
5-NP,398,0,1917,0,1,1918,T
5-NP,399,1960,0,0,0,1960,A
5-NP,400,1969,0,0,0,1969,A
5-NP,401,0,1,1,1986,1988,C
5-NP,402,0,1984,1,0,1985,T
5-NP,403,4,0,0,2009,2013,C
5-NP,404,2004,1,0,0,2005,A
5-NP,405,0,0,0,2127,2127,C
5-NP,406,2123,0,0,0,2123,A
5-NP,407,0,2139,1,2,2142,T
5-NP,408,2126,0,2,0,2128,A
5-NP,409,2139,0,0,0,2139,A
5-NP,410,0,2147,0,0,2147,T
5-NP,411,0,5,2164,0,2169,G
5-NP,412,2162,0,0,0,2162,A
5-NP,413,0,2158,0,0,2158,T
5-NP,414,0,2138,0,0,2138,T
5-NP,415,0,2139,0,0,2139,T
5-NP,416,0,0,2123,0,2123,G
5-NP,417,0,0,2115,0,2115,G
5-NP,418,0,2,0,2130,2132,C
5-NP,419,2134,0,0,0,2134,A
5-NP,420,0,2132,0,0,2132,T
5-NP,421,0,2136,0,1,2137,T
5-NP,422,3,0,0,2135,2138,C
5-NP,423,1,0,0,2143,2144,C
5-NP,424,2195,0,2,0,2197,A
5-NP,425,2193,0,1,0,2194,A
5-NP,426,0,2203,0,0,2203,T
5-NP,427,0,2203,0,1,2204,T
5-NP,428,1,2198,0,1,2200,T
5-NP,429,0,2,2224,0,2226,G
5-NP,430,2227,0,5,0,2232,A
5-NP,431,2228,0,1,0,2229,A
5-NP,432,0,2260,0,1,2261,T
5-NP,433,0,1,2239,0,2240,G
5-NP,434,2374,0,1,0,2375,A
5-NP,435,1,2388,0,0,2389,T
5-NP,436,0,0,2392,0,2392,G
5-NP,437,1,1,0,2468,2470,C
5-NP,438,2463,1,2,0,2466,A
5-NP,439,2590,0,6,0,2596,A
5-NP,440,2,0,0,2614,2616,C
5-NP,441,2647,0,1,0,2648,A
5-NP,442,0,2726,0,0,2726,T
5-NP,443,2667,0,1,0,2668,A
5-NP,444,0,0,0,2731,2731,C
5-NP,445,1,0,0,2728,2729,C
5-NP,446,2684,0,0,0,2684,A
5-NP,447,0,2,2721,0,2723,G
5-NP,448,2664,0,3,0,2667,A
5-NP,449,0,2,2746,0,2748,G
5-NP,450,0,5,2725,0,2730,G
5-NP,451,2717,0,2,0,2719,A
5-NP,452,1,0,0,2761,2762,C
5-NP,453,2738,0,3,0,2741,A
5-NP,454,2734,0,6,0,2740,A
5-NP,455,0,4,2738,0,2742,G
5-NP,456,2708,0,4,0,2712,A
5-NP,457,1,0,2750,0,2751,G
5-NP,458,0,0,0,2751,2751,C
5-NP,459,0,2740,0,5,2745,T
5-NP,460,1,0,0,2763,2764,C
5-NP,461,0,2754,0,3,2757,T
5-NP,462,1,2766,0,1,2768,T
5-NP,463,0,1,2788,0,2789,G
5-NP,464,0,2773,0,0,2773,T
5-NP,465,0,2786,0,1,2787,T
5-NP,466,4,0,0,2772,2776,C
5-NP,467,12,5,2761,0,2778,G
5-NP,468,2818,0,0,0,2818,A
5-NP,469,2827,0,0,0,2827,A
5-NP,470,0,1,0,2851,2852,C
5-NP,471,0,2847,0,1,2848,T
5-NP,472,0,1,2891,0,2892,G
5-NP,473,0,5,2904,0,2909,G
5-NP,474,2905,1,6,0,2912,A
5-NP,475,2908,0,2,0,2910,A
5-NP,476,0,2906,0,0,2906,T
5-NP,477,0,7,2902,0,2909,G
5-NP,478,1,3,2929,0,2933,G
5-NP,479,2950,0,8,1,2959,A
5-NP,480,0,2992,0,2,2994,T
5-NP,481,1,2,0,3010,3013,C
5-NP,482,1,0,0,3016,3017,C
5-NP,483,1,1,0,3046,3048,C
5-NP,484,3088,0,1,0,3089,A
5-NP,485,0,4,3125,0,3129,G
5-NP,486,3135,0,2,0,3137,A
5-NP,487,3134,0,0,0,3134,A
5-NP,488,0,3131,0,0,3131,T
5-NP,489,0,1,3157,0,3158,G
5-NP,490,0,3119,0,1,3120,T
5-NP,491,0,3,3161,0,3164,G
5-NP,492,2,0,0,3160,3162,C
5-NP,493,0,3145,0,3,3148,T
5-NP,494,5,1,0,3367,3373,C
5-NP,495,10,3347,0,1,3358,T
5-NP,496,2,0,0,3520,3522,C
5-NP,497,0,3524,0,2,3526,T
5-NP,498,0,1,3550,0,3551,G
5-NP,499,3569,0,3,0,3572,A
5-NP,500,0,3573,0,3,3576,T
5-NP,501,1,1,3562,1,3565,G
5-NP,502,1,2,0,3566,3569,C
5-NP,503,3464,0,1,0,3465,A
5-NP,504,1,4,3549,0,3554,G
5-NP,505,0,2,3498,0,3500,G
5-NP,506,1,2,3536,0,3539,G
5-NP,507,1,1,0,3534,3536,C
5-NP,508,0,3511,0,5,3516,T
5-NP,509,3,2,0,3532,3537,C
5-NP,510,1,6,3537,0,3544,G
5-NP,511,3605,0,2,0,3607,A
5-NP,512,1,1,0,3619,3621,C
5-NP,513,1,3575,0,2,3578,T
5-NP,514,0,0,0,3770,3770,C
5-NP,515,0,3790,0,3,3793,T
5-NP,516,5,0,0,4370,4375,C
5-NP,517,6,1,0,4372,4379,C
5-NP,518,7,0,0,4381,4388,C
5-NP,519,0,4401,0,3,4404,T
5-NP,520,4380,0,2,0,4382,A
5-NP,521,0,1,4363,0,4364,G
5-NP,522,4359,0,0,0,4359,A
5-NP,523,4245,0,0,0,4245,A
5-NP,524,0,6,4262,0,4268,G
5-NP,525,0,0,4217,0,4217,G
5-NP,526,0,4106,0,4,4110,T
5-NP,527,1,0,0,4159,4160,C
5-NP,528,0,4,0,4155,4159,C
5-NP,529,3,4,4152,0,4159,G
5-NP,530,1,6,4169,0,4176,G
5-NP,531,4162,0,6,0,4168,A
5-NP,532,0,0,4255,0,4255,G
5-NP,533,1,0,0,4243,4244,C
5-NP,534,0,4211,0,6,4217,T
5-NP,535,1,0,4229,0,4230,G
5-NP,536,0,1,0,4240,4241,C
5-NP,537,4232,2,5,0,4239,A
5-NP,538,0,2,4261,0,4263,G
5-NP,539,0,1,4266,0,4267,G
5-NP,540,1,4220,0,2,4223,T
5-NP,541,0,0,4252,0,4252,G
5-NP,542,0,0,0,4267,4267,C
5-NP,543,0,4269,0,5,4274,T
5-NP,544,0,1,4287,0,4288,G
5-NP,545,0,0,0,4291,4291,C
5-NP,546,4326,0,1,0,4327,A
5-NP,547,0,1,4418,0,4419,G
5-NP,548,1,4373,0,2,4376,T
5-NP,549,1,0,0,4405,4406,C
5-NP,550,4386,0,0,0,4386,A
5-NP,551,4370,2,8,1,4381,A
5-NP,552,4379,0,8,2,4389,A
5-NP,553,0,1,4409,0,4410,G
5-NP,554,0,7,4408,0,4415,G
5-NP,555,4415,0,3,0,4418,A
5-NP,556,4415,0,0,0,4415,A
5-NP,557,0,4401,0,1,4402,T
5-NP,558,3,8,0,4403,4414,C
5-NP,559,2,4,4403,2,4411,G
5-NP,560,1,2,4498,1,4502,G
5-NP,561,1,8,4502,1,4512,G
5-NP,562,4482,1,6,0,4489,A
5-NP,563,0,1,0,4529,4530,C
5-NP,564,4490,0,0,1,4491,A
5-NP,565,4605,0,0,0,4605,A
5-NP,566,1,4643,0,3,4647,T
5-NP,567,0,1,4663,0,4664,G
5-NP,568,2,1,4717,0,4720,G
5-NP,569,0,4601,0,6,4607,T
5-NP,570,1,2,4682,1,4686,G
5-NP,571,4654,0,9,0,4663,A
5-NP,572,1,4674,0,1,4676,T
5-NP,573,0,7,4673,0,4680,G
5-NP,574,1,8,4753,0,4762,G
5-NP,575,4727,1,4,0,4732,A
5-NP,576,4761,0,2,0,4763,A
5-NP,577,0,1,0,4732,4733,C
5-NP,578,0,4698,0,2,4700,T
5-NP,579,4667,0,7,0,4674,A
5-NP,580,4874,0,1,0,4875,A
5-NP,581,0,4886,0,0,4886,T
5-NP,582,5,0,0,4901,4906,C
5-NP,583,4790,1,0,0,4791,A
5-NP,584,1,2,4889,0,4892,G
5-NP,585,4835,0,2,0,4837,A
5-NP,586,4865,0,1,1,4867,A
5-NP,587,0,4873,0,1,4874,T
5-NP,588,2,2,4824,1,4829,G
5-NP,589,2,0,4903,0,4905,G
5-NP,590,0,4875,0,5,4880,T
5-NP,591,5,0,0,4915,4920,C
5-NP,592,4928,0,0,0,4928,A
5-NP,593,4920,0,1,0,4921,A
5-NP,594,4941,0,6,0,4947,A
5-NP,595,0,4,1,4941,4946,C
5-NP,596,0,2,4933,0,4935,G
5-NP,597,1,9,4909,0,4919,G
5-NP,598,2,4,4867,0,4873,G
5-NP,599,0,6,4899,0,4905,G
5-NP,600,5,3,4928,1,4937,G
5-NP,601,4925,0,7,0,4932,A
5-NP,602,0,4893,1,1,4895,T
5-NP,603,9,1,1,4916,4927,C
5-NP,604,4934,0,4,0,4938,A
5-NP,605,4922,0,3,0,4925,A
5-NP,606,0,0,0,4905,4905,C
5-NP,607,1,3,4856,0,4860,G
5-NP,608,4849,0,2,0,4851,A
5-NP,609,0,4836,0,2,4838,T
5-NP,610,5,3,0,4846,4854,C
5-NP,611,4,6,4856,0,4866,G
5-NP,612,4836,0,1,0,4837,A
5-NP,613,4852,0,1,0,4853,A
5-NP,614,4852,0,0,0,4852,A
5-NP,615,0,4907,0,0,4907,T
5-NP,616,1,4899,0,0,4900,T
5-NP,617,0,4908,0,1,4909,T
5-NP,618,0,4908,0,0,4908,T
5-NP,619,0,4915,0,2,4917,T
5-NP,620,9,4,4905,0,4918,G
5-NP,621,0,4,4898,1,4903,G
5-NP,622,4871,0,2,0,4873,A
5-NP,623,0,2,4917,0,4919,G
5-NP,624,4840,0,1,1,4842,A
5-NP,625,2,2,5047,0,5051,G
5-NP,626,0,1,5065,0,5066,G
5-NP,627,0,4993,1,4,4998,T
5-NP,628,2,6,5060,1,5069,G
5-NP,629,5065,2,8,0,5075,A
5-NP,630,1,11,5103,0,5115,G
5-NP,631,5099,0,7,0,5106,A
5-NP,632,5082,1,2,2,5087,A
5-NP,633,1,5096,0,0,5097,T
5-NP,634,0,6,4933,0,4939,G
5-NP,635,0,5,4876,0,4881,G
5-NP,636,4831,0,14,1,4846,A
5-NP,637,1,1,0,4858,4860,C
5-NP,638,1,4,4877,0,4882,G
5-NP,639,3,2,4957,1,4963,G
5-NP,640,4935,0,1,0,4936,A
5-NP,641,4937,0,2,0,4939,A
5-NP,642,5010,0,1,0,5011,A
5-NP,643,5003,1,3,0,5007,A
5-NP,644,0,0,0,5026,5026,C
5-NP,645,5019,0,2,0,5021,A
5-NP,646,5012,0,6,0,5018,A
5-NP,647,1,3,5015,0,5019,G
5-NP,648,4872,0,4,0,4876,A
5-NP,649,4883,1,2,0,4886,A
5-NP,650,0,1,4950,0,4951,G
5-NP,651,1,4907,1,3,4912,T
5-NP,652,1,1,5156,0,5158,G
5-NP,653,1,1,0,5124,5126,C
5-NP,654,0,5129,0,17,5146,T
5-NP,655,1,5188,0,0,5189,T
5-NP,656,5521,1,1,0,5523,A
5-NP,657,1,5562,0,1,5564,T
5-NP,658,0,1,5566,0,5567,G
5-NP,659,5509,0,4,0,5513,A
5-NP,660,1,5198,4,1,5204,T
5-NP,661,5290,1,0,1,5292,A
5-NP,662,0,2,5305,0,5307,G
5-NP,663,5315,0,1,0,5316,A
5-NP,664,5362,0,0,0,5362,A
5-NP,665,0,5058,0,1,5059,T
5-NP,666,0,0,5106,0,5106,G
5-NP,667,0,5031,0,9,5040,T
5-NP,668,1,0,5091,0,5092,G
5-NP,669,1,1,0,5079,5081,C
5-NP,670,5080,0,1,1,5082,A
5-NP,671,5085,0,6,0,5091,A
5-NP,672,0,1,0,5079,5080,C
5-NP,673,5042,0,1,0,5043,A
5-NP,674,0,5048,0,1,5049,T
5-NP,675,0,5005,0,3,5008,T
5-NP,676,14,0,0,4998,5012,C
5-NP,677,1,5006,0,1,5008,T
5-NP,678,2,5006,0,1,5009,T
5-NP,679,5009,0,1,0,5010,A
5-NP,680,4999,0,0,0,4999,A
5-NP,681,4989,0,2,0,4991,A
5-NP,682,1,5,4983,0,4989,G
5-NP,683,0,9,4979,0,4988,G
5-NP,684,4977,0,1,0,4978,A
5-NP,685,4968,0,1,0,4969,A
5-NP,686,4972,2,0,0,4974,A
5-NP,687,5020,0,3,1,5024,A
5-NP,688,0,5013,0,0,5013,T
5-NP,689,0,5015,0,1,5016,T
5-NP,690,0,5016,0,1,5017,T
5-NP,691,7,0,0,5022,5029,C
5-NP,692,5036,0,0,1,5037,A
5-NP,693,5025,0,3,0,5028,A
5-NP,694,5020,1,8,0,5029,A
5-NP,695,0,3,0,5083,5086,C
5-NP,696,5019,0,1,0,5020,A
5-NP,697,0,0,5110,0,5110,G
5-NP,698,1,0,0,5102,5103,C
5-NP,699,0,5088,0,6,5094,T
5-NP,700,3,4,5180,0,5187,G
5-NP,701,0,2,0,5172,5174,C
5-NP,702,5221,0,2,0,5223,A
5-NP,703,0,1,0,5224,5225,C
5-NP,704,5187,0,3,1,5191,A
5-NP,705,5222,1,3,0,5226,A
5-NP,706,5097,0,3,0,5100,A
5-NP,707,0,1,5252,0,5253,G
5-NP,708,5226,0,8,0,5234,A
5-NP,709,1,1,5237,0,5239,G
5-NP,710,0,1,0,5240,5241,C
5-NP,711,5243,0,1,0,5244,A
5-NP,712,5416,0,1,0,5417,A
5-NP,713,0,5413,0,3,5416,T
5-NP,714,1,3,5446,0,5450,G
5-NP,715,2,0,5457,0,5459,G
5-NP,716,0,5303,0,10,5313,T
5-NP,717,2,21,5313,0,5336,G
5-NP,718,0,9,5348,0,5357,G
5-NP,719,5368,0,5,0,5373,A
5-NP,720,0,5327,0,16,5343,T
5-NP,721,3,4,0,5223,5230,C
5-NP,722,5255,1,3,0,5259,A
5-NP,723,5314,2,2,0,5318,A
5-NP,724,1,0,5343,0,5344,G
5-NP,725,0,5287,0,1,5288,T
5-NP,726,2,5,5311,0,5318,G
5-NP,727,5253,0,7,0,5260,A
5-NP,728,1,4,5266,0,5271,G
5-NP,729,5266,1,5,0,5272,A
5-NP,730,0,2,5268,0,5270,G
5-NP,731,5222,1,2,1,5226,A
5-NP,732,5134,0,0,0,5134,A
5-NP,733,5162,0,6,0,5168,A
5-NP,734,0,0,5169,0,5169,G
5-NP,735,2,5103,0,0,5105,T
5-NP,736,3,6,0,5138,5147,C
5-NP,737,7,4,5137,0,5148,G
5-NP,738,0,4,5135,1,5140,G
5-NP,739,5152,0,9,0,5161,A
5-NP,740,5155,0,0,0,5155,A
5-NP,741,1,0,0,5212,5213,C
5-NP,742,2,1,1,5150,5154,C
5-NP,743,0,5,0,5159,5164,C
5-NP,744,5156,2,5,0,5163,A
5-NP,745,2,1,5173,1,5177,G
5-NP,746,2,6,5162,0,5170,G
5-NP,747,5157,0,0,0,5157,A
5-NP,748,5174,0,0,0,5174,A
5-NP,749,5112,0,1,1,5114,A
5-NP,750,0,0,0,5136,5136,C
5-NP,751,0,0,5114,0,5114,G
5-NP,752,1,1,0,5116,5118,C
5-NP,753,1,5093,1,5,5100,T
5-NP,754,1,5,5108,0,5114,G
5-NP,755,5099,0,4,0,5103,A
5-NP,756,0,2,5191,0,5193,G
5-NP,757,5210,0,3,1,5214,A
5-NP,758,0,5181,0,0,5181,T
5-NP,759,3,2,0,5141,5146,C
5-NP,760,9,21,5148,0,5178,G
5-NP,761,5157,1,1,0,5159,A
5-NP,762,5159,1,3,0,5163,A
5-NP,763,0,2,5158,0,5160,G
5-NP,764,5157,0,1,0,5158,A
5-NP,765,0,5123,0,1,5124,T
5-NP,766,6,1,0,5156,5163,C
5-NP,767,0,5173,0,2,5175,T
5-NP,768,5,1,0,5191,5197,C
5-NP,769,5219,1,0,0,5220,A
5-NP,770,0,5220,0,1,5221,T
5-NP,771,5228,0,0,0,5228,A
5-NP,772,0,5212,0,1,5213,T
5-NP,773,0,5170,0,10,5180,T
5-NP,774,0,5170,0,0,5170,T
5-NP,775,0,5120,0,0,5120,T
5-NP,776,0,5114,0,0,5114,T
5-NP,777,5146,1,4,1,5152,A
5-NP,778,0,2,5126,0,5128,G
5-NP,779,2,0,1,5134,5137,C
5-NP,780,5134,0,0,0,5134,A
5-NP,781,5115,0,2,0,5117,A
5-NP,782,0,2,5289,0,5291,G
5-NP,783,5284,0,0,0,5284,A
5-NP,784,0,5266,0,2,5268,T
5-NP,785,3,3,0,5321,5327,C
5-NP,786,0,5307,0,6,5313,T
5-NP,787,1,0,5458,1,5460,G
5-NP,788,0,0,0,5480,5480,C
5-NP,789,5471,0,2,14,5487,A
5-NP,790,0,5544,0,2,5546,T
5-NP,791,0,5366,0,0,5366,T
5-NP,792,1,4,5707,1,5713,G
5-NP,793,5804,0,5,0,5809,A
5-NP,794,0,5808,0,1,5809,T
5-NP,795,5835,0,2,0,5837,A
5-NP,796,0,5722,0,1,5723,T
5-NP,797,0,5686,1,2,5689,T
5-NP,798,0,10,5717,0,5727,G
5-NP,799,5643,1,13,0,5657,A
5-NP,800,0,4,5688,0,5692,G
5-NP,801,5470,0,4,0,5474,A
5-NP,802,1,5,5406,0,5412,G
5-NP,803,1,4,5463,0,5468,G
5-NP,804,5424,0,1,0,5425,A
5-NP,805,0,5376,0,0,5376,T
5-NP,806,5,1,0,5424,5430,C
5-NP,807,5412,0,0,0,5412,A
5-NP,808,0,0,5446,0,5446,G
5-NP,809,0,5426,1,7,5434,T
5-NP,810,0,5384,0,1,5385,T
5-NP,811,0,2,5381,0,5383,G
5-NP,812,0,0,0,5365,5365,C
5-NP,813,2,5332,0,6,5340,T
5-NP,814,10,3,1,5380,5394,C
5-NP,815,5386,0,3,1,5390,A
5-NP,816,1,2,0,5424,5427,C
5-NP,817,5419,0,2,0,5421,A
5-NP,818,5447,0,1,1,5449,A
5-NP,819,5424,0,0,0,5424,A
5-NP,820,1,5398,0,1,5400,T
5-NP,821,6,1,0,5431,5438,C
5-NP,822,1,5425,0,3,5429,T
5-NP,823,0,5419,0,2,5421,T
5-NP,824,2,1,5428,0,5431,G
5-NP,825,0,5,0,5403,5408,C
5-NP,826,3,2,0,5466,5471,C
5-NP,827,1,5484,0,0,5485,T
5-NP,828,5492,1,1,1,5495,A
5-NP,829,2,0,0,5534,5536,C
5-NP,830,3,2,0,5536,5541,C
5-NP,831,0,5488,24,3,5515,T
5-NP,832,2,1,5594,2,5599,G
5-NP,833,0,3,0,5550,5553,C
5-NP,834,3,0,0,5596,5599,C
5-NP,835,0,5514,0,4,5518,T
5-NP,836,1,1,5601,0,5603,G
5-NP,837,2,5538,0,2,5542,T
5-NP,838,2,1,5662,0,5665,G
5-NP,839,6,4,0,5671,5681,C
5-NP,840,1,0,5778,0,5779,G
5-NP,841,1,5679,0,1,5681,T
5-NP,842,5667,0,1,1,5669,A
5-NP,843,0,5669,0,2,5671,T
5-NP,844,0,6,5681,0,5687,G
5-NP,845,0,6,5840,1,5847,G
5-NP,846,5797,1,6,0,5804,A
5-NP,847,1,1,0,5701,5703,C
5-NP,848,5,2,0,5688,5695,C
5-NP,849,3,5597,1,27,5628,T
5-NP,850,1,0,5861,0,5862,G
5-NP,851,0,3,0,5883,5886,C
5-NP,852,5892,0,7,0,5899,A
5-NP,853,2,0,5981,0,5983,G
5-NP,854,1,5770,0,5,5776,T
5-NP,855,5999,1,0,1,6001,A
5-NP,856,0,5979,0,1,5980,T
5-NP,857,3,3,0,5955,5961,C
5-NP,858,4,5,0,5950,5959,C
5-NP,859,5697,0,2,2,5701,A
5-NP,860,0,1,5737,0,5738,G
5-NP,861,1,5700,0,4,5705,T
5-NP,862,1,3,5753,2,5759,G
5-NP,863,0,2,5727,0,5729,G
5-NP,864,0,0,5660,0,5660,G
5-NP,865,0,5664,2,2,5668,T
5-NP,866,5662,0,1,0,5663,A
5-NP,867,1,1,0,5663,5665,C
5-NP,868,0,15,5611,0,5626,G
5-NP,869,5599,0,6,0,5605,A
5-NP,870,0,0,0,5617,5617,C
5-NP,871,0,5489,0,3,5492,T
5-NP,872,0,5488,1,4,5493,T
5-NP,873,6,4,0,5467,5477,C
5-NP,874,2,5,5493,1,5501,G
5-NP,875,5470,0,1,1,5472,A
5-NP,876,5498,0,0,0,5498,A
5-NP,877,5520,0,2,0,5522,A
5-NP,878,5512,0,0,0,5512,A
5-NP,879,5482,0,10,0,5492,A
5-NP,880,0,3,5501,0,5504,G
5-NP,881,5485,0,5,0,5490,A
5-NP,882,0,9,5508,0,5517,G
5-NP,883,0,1,5558,0,5559,G
5-NP,884,0,3,5561,1,5565,G
5-NP,885,5574,2,3,0,5579,A
5-NP,886,0,5561,0,6,5567,T
5-NP,887,5603,0,2,0,5605,A
5-NP,888,1,5577,0,3,5581,T
5-NP,889,1,5579,0,1,5581,T
5-NP,890,6,0,1,5641,5648,C
5-NP,891,5,1,0,5606,5612,C
5-NP,892,0,5544,0,1,5545,T
5-NP,893,1,5551,0,4,5556,T
5-NP,894,0,7,5598,0,5605,G
5-NP,895,2,0,5628,0,5630,G
5-NP,896,0,5549,1,1,5551,T
5-NP,897,1,3,5560,0,5564,G
5-NP,898,0,2,5532,0,5534,G
5-NP,899,0,5,5753,0,5758,G
5-NP,900,5760,1,5,0,5766,A
5-NP,901,5778,0,1,0,5779,A
5-NP,902,0,5763,0,2,5765,T
5-NP,903,5685,0,0,0,5685,A
5-NP,904,0,4,5668,0,5672,G
5-NP,905,5617,1,7,0,5625,A
5-NP,906,1,4,0,5576,5581,C
5-NP,907,5,1,0,5507,5513,C
5-NP,908,8,0,0,5390,5398,C
5-NP,909,0,5471,11,7,5489,T
5-NP,910,0,5484,0,1,5485,T
5-NP,911,0,5487,1,4,5492,T
5-NP,912,6,1,0,5491,5498,C
5-NP,913,5487,1,0,1,5489,A
5-NP,914,5500,0,0,0,5500,A
5-NP,915,5476,1,0,0,5477,A
5-NP,916,0,1,0,5488,5489,C
5-NP,917,0,5348,0,0,5348,T
5-NP,918,5323,0,1,0,5324,A
5-NP,919,0,2,0,5380,5382,C
5-NP,920,1,5342,0,4,5347,T
5-NP,921,1,5324,0,0,5325,T
5-NP,922,3,0,0,5398,5401,C
5-NP,923,5395,0,1,0,5396,A
5-NP,924,5397,0,2,1,5400,A
5-NP,925,5371,0,6,1,5378,A
5-NP,926,5382,0,2,0,5384,A
5-NP,927,0,5341,0,0,5341,T
5-NP,928,5271,1,1,0,5273,A
5-NP,929,0,1,5341,0,5342,G
5-NP,930,2,3,0,5354,5359,C
5-NP,931,3,0,0,5435,5438,C
5-NP,932,5450,0,2,0,5452,A
5-NP,933,5451,1,1,0,5453,A
5-NP,934,5611,1,3,0,5615,A
5-NP,935,0,5631,0,1,5632,T
5-NP,936,5672,0,0,0,5672,A
5-NP,937,0,5664,0,0,5664,T
5-NP,938,5566,0,2,0,5568,A
5-NP,939,0,0,0,5603,5603,C
5-NP,940,5508,0,1,0,5509,A
5-NP,941,1,1,5612,0,5614,G
5-NP,942,0,1,0,5601,5602,C
5-NP,943,0,5468,0,5,5473,T
5-NP,944,0,5522,0,0,5522,T
5-NP,945,5551,1,0,0,5552,A
5-NP,946,5549,0,1,0,5550,A
5-NP,947,0,5521,1,1,5523,T
5-NP,948,4,0,0,5539,5543,C
5-NP,949,5369,1,4,1,5375,A
5-NP,950,1,4,5394,0,5399,G
5-NP,951,5374,0,3,0,5377,A
5-NP,952,0,2,1,5419,5422,C
5-NP,953,5,1,0,5397,5403,C
5-NP,954,0,5314,0,4,5318,T
5-NP,955,5381,0,2,0,5383,A
5-NP,956,5364,1,1,0,5366,A
5-NP,957,1,1,0,5399,5401,C
5-NP,958,1,9,5370,0,5380,G
5-NP,959,5293,1,0,0,5294,A
5-NP,960,0,5,5288,0,5293,G
5-NP,961,5246,0,1,0,5247,A
5-NP,962,5296,0,1,0,5297,A
5-NP,963,0,5256,1,1,5258,T
5-NP,964,6,0,4,5196,5206,C
5-NP,965,4,0,0,5222,5226,C
5-NP,966,5083,0,10,0,5093,A
5-NP,967,2,1,5129,0,5132,G
5-NP,968,3,1,0,5099,5103,C
5-NP,969,5166,0,1,0,5167,A
5-NP,970,1,0,0,5192,5193,C
5-NP,971,5141,1,0,0,5142,A
5-NP,972,3,1,0,5159,5163,C
5-NP,973,5172,0,2,0,5174,A
5-NP,974,5205,0,3,0,5208,A
5-NP,975,1,3,5221,0,5225,G
5-NP,976,5142,0,2,0,5144,A
5-NP,977,0,2,5154,0,5156,G
5-NP,978,2,5051,0,2,5055,T
5-NP,979,5,0,0,5073,5078,C
5-NP,980,5060,1,8,1,5070,A
5-NP,981,0,0,5071,1,5072,G
5-NP,982,0,0,0,5039,5039,C
5-NP,983,2,5004,1,1,5008,T
5-NP,984,0,4,5062,0,5066,G
5-NP,985,0,0,5081,2,5083,G
5-NP,986,0,5036,1,3,5040,T
5-NP,987,10,0,5089,0,5099,G
5-NP,988,0,5002,1,7,5010,T
5-NP,989,2,4,5010,0,5016,G
5-NP,990,1,2,5004,1,5008,G
5-NP,991,4974,1,4,0,4979,A
5-NP,992,0,4972,2,2,4976,T
5-NP,993,0,1,4750,0,4751,G
5-NP,994,1,1,4696,0,4698,G
5-NP,995,1,1,0,4701,4703,C
5-NP,996,4658,0,1,0,4659,A
5-NP,997,0,4652,0,2,4654,T
5-NP,998,3,2,4622,0,4627,G
5-NP,999,1,2,0,4625,4628,C
5-NP,1000,8,0,0,4636,4644,C
5-NP,1001,4649,7,4,1,4661,A
5-NP,1002,1,4621,1,4,4627,T
5-NP,1003,0,4573,1,1,4575,T
5-NP,1004,5,0,0,4604,4609,C
5-NP,1005,10,4562,1,0,4573,T
5-NP,1006,1,3,4552,0,4556,G
5-NP,1007,0,0,1,4538,4539,C
5-NP,1008,0,4404,0,10,4414,T
5-NP,1009,2,1,4446,0,4449,G
5-NP,1010,0,0,0,4376,4376,C
5-NP,1011,4375,0,1,1,4377,A
5-NP,1012,0,4369,0,1,4370,T
5-NP,1013,1,4332,0,1,4334,T
5-NP,1014,0,4329,0,1,4330,T
5-NP,1015,0,1,4324,0,4325,G
5-NP,1016,4317,0,5,0,4322,A
5-NP,1017,4313,1,2,0,4316,A
5-NP,1018,0,4,4340,0,4344,G
5-NP,1019,4312,0,0,0,4312,A
5-NP,1020,0,4284,0,1,4285,T
5-NP,1021,0,4280,0,1,4281,T
5-NP,1022,0,4283,0,2,4285,T
5-NP,1023,4277,1,2,0,4280,A
5-NP,1024,4280,0,2,0,4282,A
5-NP,1025,0,1,4287,0,4288,G
5-NP,1026,4275,0,4,0,4279,A
5-NP,1027,0,4287,0,0,4287,T
5-NP,1028,0,4213,0,1,4214,T
5-NP,1029,1,0,4237,0,4238,G
5-NP,1030,0,4221,0,9,4230,T
5-NP,1031,2,4233,0,1,4236,T
5-NP,1032,4240,1,2,0,4243,A
5-NP,1033,4253,0,1,2,4256,A
5-NP,1034,0,2,4244,0,4246,G
5-NP,1035,0,0,1,4261,4262,C
5-NP,1036,0,4179,0,8,4187,T
5-NP,1037,1,4189,0,1,4191,T
5-NP,1038,5,0,0,4203,4208,C
5-NP,1039,4197,0,3,0,4200,A
5-NP,1040,0,4172,0,3,4175,T
5-NP,1041,1,1,0,4198,4200,C
5-NP,1042,4143,0,0,0,4143,A
5-NP,1043,0,0,4141,0,4141,G
5-NP,1044,4074,0,4,0,4078,A
5-NP,1045,1,4,4065,0,4070,G
5-NP,1046,0,6,4050,0,4056,G
5-NP,1047,6,0,4031,0,4037,G
5-NP,1048,4017,0,7,0,4024,A
5-NP,1049,0,2,0,4043,4045,C
5-NP,1050,4059,0,0,0,4059,A
5-NP,1051,4067,0,1,0,4068,A
5-NP,1052,4073,1,0,0,4074,A
5-NP,1053,4085,0,8,0,4093,A
5-NP,1054,0,1,4098,0,4099,G
5-NP,1055,0,3993,0,1,3994,T
5-NP,1056,3958,7,4,0,3969,A
5-NP,1057,0,3946,0,6,3952,T
5-NP,1058,1,0,0,3950,3951,C
5-NP,1059,1,3881,0,1,3883,T
5-NP,1060,2,0,0,3919,3921,C
5-NP,1061,5,0,0,3905,3910,C
5-NP,1062,0,3856,0,1,3857,T
5-NP,1063,5,0,0,3880,3885,C
5-NP,1064,1,1,3884,0,3886,G
5-NP,1065,3,2,3907,1,3913,G
5-NP,1066,0,2,3914,0,3916,G
5-NP,1067,3,2,3898,0,3903,G
5-NP,1068,2,1,3897,0,3900,G
5-NP,1069,3834,0,1,0,3835,A
5-NP,1070,3833,0,1,0,3834,A
5-NP,1071,3833,0,3,0,3836,A
5-NP,1072,0,1,0,3846,3847,C
5-NP,1073,0,3829,0,1,3830,T
5-NP,1074,0,0,3847,0,3847,G
5-NP,1075,0,3815,0,6,3821,T
5-NP,1076,11,0,1,3818,3830,C
5-NP,1077,3889,1,1,1,3892,A
5-NP,1078,3919,0,3,0,3922,A
5-NP,1079,0,0,0,3928,3928,C
5-NP,1080,0,3923,0,0,3923,T
5-NP,1081,3846,0,0,0,3846,A
5-NP,1082,0,2,3847,0,3849,G
5-NP,1083,3772,0,5,0,3777,A
5-NP,1084,1,2,3779,0,3782,G
5-NP,1085,0,3,3786,0,3789,G
5-NP,1086,3603,1,1,0,3605,A
5-NP,1087,2,0,3663,0,3665,G
5-NP,1088,0,3618,0,2,3620,T
5-NP,1089,3625,0,5,0,3630,A
5-NP,1090,1,2,0,3620,3623,C
5-NP,1091,3585,0,0,0,3585,A
5-NP,1092,3581,0,0,0,3581,A
5-NP,1093,3546,0,0,0,3546,A
5-NP,1094,0,3481,0,0,3481,T
5-NP,1095,0,3456,1,2,3459,T
5-NP,1096,1,0,3379,0,3380,G
5-NP,1097,1,0,0,3350,3351,C
5-NP,1098,1,3343,0,3,3347,T
5-NP,1099,0,3344,0,0,3344,T
5-NP,1100,1,1,0,3341,3343,C
5-NP,1101,3358,0,0,0,3358,A
5-NP,1102,3367,0,0,0,3367,A
5-NP,1103,3359,0,0,0,3359,A
5-NP,1104,0,3361,0,0,3361,T
5-NP,1105,0,1,3364,0,3365,G
5-NP,1106,3304,0,6,0,3310,A
5-NP,1107,1,3,3318,0,3322,G
5-NP,1108,3316,0,4,0,3320,A
5-NP,1109,3312,1,0,0,3313,A
5-NP,1110,0,2,0,3325,3327,C
5-NP,1111,3286,0,0,0,3286,A
5-NP,1112,0,3272,0,0,3272,T
5-NP,1113,7,5,3315,0,3327,G
5-NP,1114,0,1,3338,0,3339,G
5-NP,1115,3332,0,1,0,3333,A
5-NP,1116,1,3253,0,1,3255,T
5-NP,1117,3238,0,1,0,3239,A
5-NP,1118,3445,0,0,1,3446,A
5-NP,1119,0,3363,0,0,3363,T
5-NP,1120,3354,0,0,0,3354,A
5-NP,1121,0,3313,0,2,3315,T
5-NP,1122,11,1,3133,0,3145,G
5-NP,1123,1,3,3079,0,3083,G
5-NP,1124,1,3,3068,0,3072,G
5-NP,1125,3039,0,0,0,3039,A
5-NP,1126,0,3030,0,0,3030,T
5-NP,1127,3,0,0,2456,2459,C
5-NP,1128,1,6,2447,0,2454,G
5-NP,1129,2443,0,2,0,2445,A
5-NP,1130,1,1,2450,0,2452,G
5-NP,1131,1,1,0,2441,2443,C
5-NP,1132,2414,0,0,0,2414,A
5-NP,1133,0,1,0,2513,2514,C
5-NP,1134,0,2464,0,0,2464,T
5-NP,1135,0,0,0,2500,2500,C
5-NP,1136,0,2500,0,2,2502,T
5-NP,1137,0,2475,0,0,2475,T
5-NP,1138,1,5,2471,1,2478,G
5-NP,1139,2465,2,1,0,2468,A
5-NP,1140,2468,0,2,0,2470,A
5-NP,1141,0,1,0,2468,2469,C
5-NP,1142,0,2029,0,1,2030,T
5-NP,1143,0,0,2032,0,2032,G
5-NP,1144,1980,0,6,0,1986,A
5-NP,1145,1,0,1999,1,2001,G
5-NP,1146,1992,0,2,0,1994,A
5-NP,1147,1987,0,1,0,1988,A
5-NP,1148,0,0,1979,0,1979,G
5-NP,1149,1,1,0,1957,1959,C
5-NP,1150,40,1,1926,0,1967,G
5-NP,1151,0,0,1975,0,1975,G
5-NP,1152,0,0,1939,0,1939,G
5-NP,1153,0,1924,0,0,1924,T
5-NP,1154,1879,2,0,0,1881,A
5-NP,1155,0,0,0,1880,1880,C
5-NP,1156,0,1551,0,1,1552,T
5-NP,1157,0,1,1552,0,1553,G
5-NP,1158,1,0,1510,0,1511,G
5-NP,1159,0,0,1503,0,1503,G
5-NP,1160,1,0,0,1472,1473,C
5-NP,1161,1,1,0,1398,1400,C
5-NP,1162,1406,0,0,0,1406,A
5-NP,1163,0,1411,0,0,1411,T
5-NP,1164,1409,0,0,0,1409,A
5-NP,1165,1415,0,0,0,1415,A
5-NP,1166,1,1,1382,0,1384,G
5-NP,1167,0,1,1409,0,1410,G
5-NP,1168,1376,0,0,0,1376,A
5-NP,1169,0,0,0,1381,1381,C
5-NP,1170,0,0,0,1386,1386,C
5-NP,1171,1379,0,1,0,1380,A
5-NP,1172,0,1,1405,0,1406,G
5-NP,1173,0,1,1408,0,1409,G
5-NP,1174,1399,0,0,0,1399,A
5-NP,1175,0,0,1403,0,1403,G
5-NP,1176,0,1337,0,2,1339,T
5-NP,1177,0,0,1348,0,1348,G
5-NP,1178,0,1,1365,0,1366,G
5-NP,1179,1361,0,0,0,1361,A
5-NP,1180,0,0,1377,0,1377,G
5-NP,1181,0,5,1357,0,1362,G
5-NP,1182,1352,0,0,0,1352,A
5-NP,1183,1353,0,0,0,1353,A
5-NP,1184,1342,0,1,1,1344,A
5-NP,1185,0,0,0,1356,1356,C
5-NP,1186,1343,0,0,0,1343,A
5-NP,1187,0,0,0,1369,1369,C
5-NP,1188,0,1351,0,0,1351,T
5-NP,1189,1387,1,0,0,1388,A
5-NP,1190,1389,0,0,0,1389,A
5-NP,1191,0,1384,0,1,1385,T
5-NP,1192,2,0,0,1399,1401,C
5-NP,1193,1385,0,1,0,1386,A
5-NP,1194,1404,0,0,0,1404,A
5-NP,1195,0,0,0,1406,1406,C
5-NP,1196,1375,0,0,0,1375,A
5-NP,1197,0,0,1372,0,1372,G
5-NP,1198,1333,0,2,0,1335,A
5-NP,1199,0,0,1342,0,1342,G
5-NP,1200,0,1,1333,0,1334,G
5-NP,1201,1,0,1324,0,1325,G
5-NP,1202,0,1,0,1320,1321,C
5-NP,1203,2,0,0,1322,1324,C
5-NP,1204,0,1300,0,0,1300,T
5-NP,1205,0,0,0,1315,1315,C
5-NP,1206,0,1,0,1315,1316,C
5-NP,1207,0,0,1315,0,1315,G
5-NP,1208,0,0,0,1319,1319,C
5-NP,1209,1305,1,0,0,1306,A
5-NP,1210,1,0,1352,0,1353,G
5-NP,1211,0,0,1340,0,1340,G
5-NP,1212,0,1,0,1350,1351,C
5-NP,1213,0,0,0,1354,1354,C
5-NP,1214,1336,0,0,0,1336,A
5-NP,1215,1343,0,2,0,1345,A
5-NP,1216,1345,0,0,0,1345,A
5-NP,1217,0,0,0,1356,1356,C
5-NP,1218,0,0,0,1358,1358,C
5-NP,1219,1285,0,1,0,1286,A
5-NP,1220,0,0,1305,0,1305,G
5-NP,1221,0,1296,0,1,1297,T
5-NP,1222,1,0,1305,0,1306,G
5-NP,1223,0,1290,0,0,1290,T
5-NP,1224,0,0,1293,0,1293,G
5-NP,1225,0,0,0,1290,1290,C
5-NP,1226,1284,0,0,0,1284,A
5-NP,1227,1306,1,2,0,1309,A
5-NP,1228,0,0,0,1303,1303,C
5-NP,1229,0,0,0,1296,1296,C
5-NP,1230,0,1284,0,0,1284,T
5-NP,1231,1297,0,0,0,1297,A
5-NP,1232,0,1,0,1287,1288,C
5-NP,1233,1,1,1294,0,1296,G
5-NP,1234,0,1282,0,1,1283,T
5-NP,1235,0,1295,0,1,1296,T
5-NP,1236,0,1274,0,0,1274,T
5-NP,1237,0,1270,0,0,1270,T
5-NP,1238,2,0,1,1269,1272,C
5-NP,1239,0,1261,0,2,1263,T
5-NP,1240,0,0,1280,0,1280,G
5-NP,1241,0,1279,0,0,1279,T
5-NP,1242,1279,1,0,0,1280,A
5-NP,1243,0,0,0,1294,1294,C
5-NP,1244,1277,0,0,0,1277,A
5-NP,1245,1275,0,0,1,1276,A
5-NP,1246,1273,0,0,0,1273,A
5-NP,1247,0,0,1271,0,1271,G
5-NP,1248,1272,0,0,0,1272,A
5-NP,1249,1225,0,0,0,1225,A
5-NP,1250,1211,1,1,0,1213,A
5-NP,1251,0,0,0,1227,1227,C
5-NP,1252,1,0,0,1198,1199,C
5-NP,1253,0,1193,0,1,1194,T
5-NP,1254,1,0,0,1196,1197,C
5-NP,1255,1,0,0,1199,1200,C
5-NP,1256,3,1,0,1198,1202,C
5-NP,1257,1203,0,0,0,1203,A
5-NP,1258,0,1203,0,0,1203,T
5-NP,1259,0,1207,0,2,1209,T
5-NP,1260,0,1209,0,0,1209,T
5-NP,1261,0,0,1205,0,1205,G
5-NP,1262,1198,0,0,0,1198,A
5-NP,1263,1199,0,0,0,1199,A
5-NP,1264,1198,0,0,1,1199,A
5-NP,1265,1189,0,2,0,1191,A
5-NP,1266,0,0,1196,0,1196,G
5-NP,1267,0,1189,0,0,1189,T
5-NP,1268,3,0,0,1193,1196,C
5-NP,1269,1193,0,1,0,1194,A
5-NP,1270,1192,0,0,0,1192,A
5-NP,1271,0,0,0,1197,1197,C
5-NP,1272,1,0,0,1209,1210,C
5-NP,1273,1215,0,0,0,1215,A
5-NP,1274,0,1220,0,1,1221,T
5-NP,1275,3,0,0,1208,1211,C
5-NP,1276,1206,0,1,0,1207,A
5-NP,1277,0,1212,0,4,1216,T
5-NP,1278,1,2,1212,0,1215,G
5-NP,1279,0,0,1212,0,1212,G
5-NP,1280,1,0,0,1218,1219,C
5-NP,1281,1192,0,1,0,1193,A
5-NP,1282,0,0,1195,0,1195,G
5-NP,1283,0,0,0,1174,1174,C
5-NP,1284,1181,0,0,0,1181,A
5-NP,1285,0,1182,0,0,1182,T
5-NP,1286,1,1171,0,0,1172,T
5-NP,1287,2,0,1,1172,1175,C
5-NP,1288,1166,0,1,0,1167,A
5-NP,1289,0,0,0,1171,1171,C
5-NP,1290,0,1159,0,0,1159,T
5-NP,1291,0,2,1147,0,1149,G
5-NP,1292,0,0,1152,0,1152,G
5-NP,1293,1150,0,1,0,1151,A
5-NP,1294,1152,0,0,0,1152,A
5-NP,1295,1152,0,0,0,1152,A
5-NP,1296,0,1136,0,0,1136,T
5-NP,1297,1136,0,0,0,1136,A
5-NP,1298,0,0,0,1134,1134,C
5-NP,1299,1,0,1127,0,1128,G
5-NP,1300,0,0,1122,0,1122,G
5-NP,1301,1103,1,1,0,1105,A
5-NP,1302,1095,0,1,0,1096,A
5-NP,1303,0,0,1105,0,1105,G
5-NP,1304,0,2,1111,0,1113,G
5-NP,1305,1114,0,0,0,1114,A
5-NP,1306,1110,0,2,0,1112,A
5-NP,1307,0,2,1114,0,1116,G
5-NP,1308,1116,0,0,0,1116,A
5-NP,1309,1114,0,0,0,1114,A
5-NP,1310,0,0,0,1125,1125,C
5-NP,1311,0,1117,0,1,1118,T
5-NP,1312,0,1128,1,1,1130,T
5-NP,1313,1,0,0,1138,1139,C
5-NP,1314,1136,0,5,0,1141,A
5-NP,1315,0,2,1150,0,1152,G
5-NP,1316,1138,0,3,0,1141,A
5-NP,1317,0,0,0,1146,1146,C
5-NP,1318,1137,1,0,0,1138,A
5-NP,1319,0,1111,0,0,1111,T
5-NP,1320,0,2,1115,0,1117,G
5-NP,1321,1102,0,3,0,1105,A
5-NP,1322,0,0,1120,0,1120,G
5-NP,1323,0,0,1118,0,1118,G
5-NP,1324,0,0,1108,0,1108,G
5-NP,1325,0,0,0,1115,1115,C
5-NP,1326,1105,0,0,0,1105,A
5-NP,1327,0,0,1115,0,1115,G
5-NP,1328,1112,0,0,0,1112,A
5-NP,1329,1122,0,1,0,1123,A
5-NP,1330,1124,0,0,0,1124,A
5-NP,1331,0,1106,0,1,1107,T
5-NP,1332,1,0,0,1116,1117,C
5-NP,1333,1105,0,0,0,1105,A
5-NP,1334,0,1105,0,0,1105,T
5-NP,1335,1113,0,0,0,1113,A
5-NP,1336,1107,0,1,0,1108,A
5-NP,1337,0,0,1122,0,1122,G
5-NP,1338,1100,0,0,0,1100,A
5-NP,1339,1114,0,0,0,1114,A
5-NP,1340,0,1086,0,0,1086,T
5-NP,1341,0,0,1083,0,1083,G
5-NP,1342,1081,2,0,0,1083,A
5-NP,1343,0,1085,0,0,1085,T
5-NP,1344,0,2,1087,0,1089,G
5-NP,1345,0,0,1090,0,1090,G
5-NP,1346,1077,0,0,0,1077,A
5-NP,1347,1077,0,0,0,1077,A
5-NP,1348,1031,0,2,0,1033,A
5-NP,1349,0,0,1051,0,1051,G
5-NP,1350,0,1041,0,2,1043,T
5-NP,1351,0,0,1043,0,1043,G
5-NP,1352,0,0,0,1037,1037,C
5-NP,1353,1042,0,1,0,1043,A
5-NP,1354,1041,0,0,0,1041,A
5-NP,1355,1044,0,0,0,1044,A
5-NP,1356,1061,0,0,0,1061,A
5-NP,1357,0,0,1,1062,1063,C
5-NP,1358,4,0,0,1056,1060,C
5-NP,1359,1054,0,1,0,1055,A
5-NP,1360,1,0,1057,0,1058,G
5-NP,1361,1062,0,0,0,1062,A
5-NP,1362,1058,0,0,0,1058,A
5-NP,1363,0,0,1053,0,1053,G
5-NP,1364,1051,0,0,0,1051,A
5-NP,1365,1019,0,1,0,1020,A
5-NP,1366,0,0,1043,0,1043,G
5-NP,1367,0,1023,0,4,1027,T
5-NP,1368,1,0,1038,0,1039,G
5-NP,1369,0,1019,0,3,1022,T
5-NP,1370,1,0,0,1031,1032,C
5-NP,1371,1028,0,0,0,1028,A
5-NP,1372,0,1042,0,1,1043,T
5-NP,1373,0,1040,0,1,1041,T
5-NP,1374,2,0,0,1042,1044,C
5-NP,1375,0,0,0,1024,1024,C
5-NP,1376,1,0,1024,0,1025,G
5-NP,1377,1006,0,3,0,1009,A
5-NP,1378,0,1,1019,0,1020,G
5-NP,1379,0,1,1028,0,1029,G
5-NP,1380,0,3,1020,0,1023,G
5-NP,1381,1011,0,0,0,1011,A
5-NP,1382,0,0,1012,0,1012,G
5-NP,1383,0,0,1009,1,1010,G
5-NP,1384,1,0,1010,0,1011,G
5-NP,1385,0,0,1015,0,1015,G
5-NP,1386,999,0,2,0,1001,A
5-NP,1387,0,0,996,0,996,G
5-NP,1388,0,976,0,3,979,T
5-NP,1389,0,0,0,970,970,C
5-NP,1390,0,984,0,1,985,T
5-NP,1391,0,988,0,1,989,T
5-NP,1392,0,0,0,990,990,C
5-NP,1393,0,1,987,0,988,G
5-NP,1394,984,0,1,0,985,A
5-NP,1395,0,0,991,0,991,G
5-NP,1396,1,1,0,962,964,C
5-NP,1397,0,962,0,0,962,T
5-NP,1398,0,0,0,970,970,C
5-NP,1399,0,965,0,1,966,T
5-NP,1400,4,0,0,973,977,C
5-NP,1401,976,0,0,0,976,A
5-NP,1402,0,0,981,0,981,G
5-NP,1403,973,0,2,0,975,A
5-NP,1404,0,1,0,974,975,C
5-NP,1405,0,2,966,0,968,G
5-NP,1406,958,0,0,0,958,A
5-NP,1407,0,3,951,0,954,G
5-NP,1408,945,0,1,0,946,A
5-NP,1409,936,0,2,0,938,A
5-NP,1410,0,0,940,0,940,G
5-NP,1411,0,0,929,0,929,G
5-NP,1412,1,0,0,932,933,C
5-NP,1413,937,0,0,0,937,A
5-NP,1414,936,0,2,0,938,A
5-NP,1415,0,2,0,930,932,C
5-NP,1416,1,0,934,0,935,G
5-NP,1417,934,0,0,0,934,A
5-NP,1418,930,0,0,0,930,A
5-NP,1419,0,0,0,922,922,C
5-NP,1420,1,0,0,911,912,C
5-NP,1421,2,0,0,907,909,C
5-NP,1422,0,3,913,0,916,G
5-NP,1423,915,0,0,0,915,A
5-NP,1424,0,909,0,0,909,T
5-NP,1425,1,0,0,900,901,C
5-NP,1426,0,0,904,0,904,G
5-NP,1427,0,901,0,1,902,T
5-NP,1428,0,0,891,0,891,G
5-NP,1429,0,0,0,879,879,C
5-NP,1430,0,0,0,878,878,C
5-NP,1431,1,0,0,892,893,C
5-NP,1432,0,861,0,0,861,T
5-NP,1433,0,0,0,901,901,C
5-NP,1434,0,892,0,2,894,T
5-NP,1435,0,898,0,0,898,T
5-NP,1436,0,900,0,1,901,T
5-NP,1437,0,896,0,0,896,T
5-NP,1438,1,2,898,0,901,G
5-NP,1439,900,0,0,0,900,A
5-NP,1440,0,890,0,0,890,T
5-NP,1441,887,0,0,0,887,A
5-NP,1442,0,765,0,0,765,T
5-NP,1443,0,0,782,0,782,G
5-NP,1444,772,0,0,0,772,A
5-NP,1445,0,0,775,0,775,G
5-NP,1446,0,777,0,0,777,T
5-NP,1447,766,1,0,0,767,A
5-NP,1448,769,0,0,0,769,A
5-NP,1449,0,758,0,1,759,T
5-NP,1450,0,1,765,0,766,G
5-NP,1451,757,0,0,0,757,A
5-NP,1452,665,0,1,0,666,A
5-NP,1453,0,1,659,1,661,G
5-NP,1454,0,0,627,0,627,G
5-NP,1455,618,0,0,0,618,A
5-NP,1456,0,617,0,0,617,T
5-NP,1457,0,0,0,611,611,C
5-NP,1458,0,608,0,0,608,T
5-NP,1459,0,605,1,0,606,T
5-NP,1460,609,0,0,0,609,A
5-NP,1461,0,593,0,5,598,T
5-NP,1462,0,598,0,0,598,T
5-NP,1463,0,585,0,0,585,T
5-NP,1464,1,0,0,582,583,C
5-NP,1465,0,558,0,0,558,T
5-NP,1466,0,556,0,0,556,T
5-NP,1467,1,0,0,556,557,C
5-NP,1468,0,0,554,0,554,G
5-NP,1469,1,0,556,0,557,G
5-NP,1470,557,0,2,0,559,A
5-NP,1471,0,0,555,0,555,G
5-NP,1472,553,0,1,0,554,A
5-NP,1473,0,0,0,543,543,C
5-NP,1474,517,0,0,0,517,A
5-NP,1475,515,0,1,0,516,A
5-NP,1476,0,518,0,0,518,T
5-NP,1477,0,0,515,0,515,G
5-NP,1478,0,0,0,512,512,C
5-NP,1479,499,0,0,0,499,A
5-NP,1480,0,0,499,0,499,G
5-NP,1481,496,0,0,0,496,A
5-NP,1482,455,0,0,0,455,A
5-NP,1483,0,0,456,0,456,G
5-NP,1484,319,0,3,0,322,A
5-NP,1485,0,0,323,0,323,G
5-NP,1486,0,291,0,0,291,T
5-NP,1487,288,0,0,0,288,A
5-NP,1488,0,256,0,1,257,T
5-NP,1489,0,0,259,0,259,G
5-NP,1490,260,0,1,0,261,A
5-NP,1491,0,0,0,259,259,C
5-NP,1492,179,0,0,0,179,A
5-NP,1493,178,0,0,0,178,A
5-NP,1494,0,126,0,0,126,T
5-NP,1495,0,113,0,0,113,T
5-NP,1496,112,0,0,0,112,A
5-NP,1497,109,0,0,0,109,A
6-NA,1,93,0,0,0,93,A
6-NA,2,0,93,0,0,93,T
6-NA,3,0,0,93,0,93,G
6-NA,4,89,0,3,1,93,A
6-NA,5,100,0,0,0,100,A
6-NA,6,0,99,0,0,99,T
6-NA,7,0,0,0,101,101,C
6-NA,8,0,0,0,101,101,C
6-NA,9,101,0,0,0,101,A
6-NA,10,106,0,0,0,106,A
6-NA,11,106,0,0,0,106,A
6-NA,12,0,108,0,0,108,T
6-NA,13,0,1,0,107,108,C
6-NA,14,108,0,0,0,108,A
6-NA,15,107,0,0,0,107,A
6-NA,16,108,0,0,0,108,A
6-NA,17,116,0,0,0,116,A
6-NA,18,0,0,129,0,129,G
6-NA,19,133,0,0,0,133,A
6-NA,20,0,138,0,0,138,T
6-NA,21,140,0,0,0,140,A
6-NA,22,144,0,0,0,144,A
6-NA,23,0,145,0,0,145,T
6-NA,24,146,0,0,0,146,A
6-NA,25,145,0,0,0,145,A
6-NA,26,0,0,0,146,146,C
6-NA,27,0,0,145,0,145,G
6-NA,28,143,0,0,0,143,A
6-NA,29,0,146,0,0,146,T
6-NA,30,0,145,0,0,145,T
6-NA,31,0,1,143,0,144,G
6-NA,32,0,0,156,0,156,G
6-NA,33,0,0,0,158,158,C
6-NA,34,0,160,0,0,160,T
6-NA,35,0,0,0,162,162,C
6-NA,36,0,163,0,0,163,T
6-NA,37,0,0,169,0,169,G
6-NA,38,0,169,0,1,170,T
6-NA,39,0,173,0,0,173,T
6-NA,40,0,179,0,0,179,T
6-NA,41,1,0,0,177,178,C
6-NA,42,0,180,0,0,180,T
6-NA,43,0,0,0,181,181,C
6-NA,44,1,180,0,0,181,T
6-NA,45,0,0,1,183,184,C
6-NA,46,185,0,0,0,185,A
6-NA,47,0,0,0,191,191,C
6-NA,48,0,1,0,193,194,C
6-NA,49,197,0,0,0,197,A
6-NA,50,0,198,0,0,198,T
6-NA,51,0,204,0,0,204,T
6-NA,52,0,204,0,0,204,T
6-NA,53,1,0,0,207,208,C
6-NA,54,1,0,0,207,208,C
6-NA,55,213,0,0,0,213,A
6-NA,56,0,0,0,223,223,C
6-NA,57,223,0,0,0,223,A
6-NA,58,243,0,0,0,243,A
6-NA,59,0,244,0,0,244,T
6-NA,60,253,0,1,0,254,A
6-NA,61,0,255,0,0,255,T
6-NA,62,0,0,256,0,256,G
6-NA,63,0,0,0,257,257,C
6-NA,64,0,256,0,1,257,T
6-NA,65,0,260,0,1,261,T
6-NA,66,1,0,0,261,262,C
6-NA,67,0,260,0,0,260,T
6-NA,68,0,261,0,0,261,T
6-NA,69,2,0,0,258,260,C
6-NA,70,259,0,1,0,260,A
6-NA,71,0,261,0,0,261,T
6-NA,72,0,1,259,0,260,G
6-NA,73,0,0,0,259,259,C
6-NA,74,259,0,0,0,259,A
6-NA,75,260,0,0,0,260,A
6-NA,76,259,0,0,0,259,A
6-NA,77,0,267,0,0,267,T
6-NA,78,0,265,0,0,265,T
6-NA,79,0,0,266,0,266,G
6-NA,80,0,1,0,263,264,C
6-NA,81,0,0,1,263,264,C
6-NA,82,266,0,0,0,266,A
6-NA,83,0,268,0,0,268,T
6-NA,84,0,0,0,287,287,C
6-NA,85,0,287,0,0,287,T
6-NA,86,0,288,0,0,288,T
6-NA,87,0,1,295,0,296,G
6-NA,88,298,0,0,0,298,A
6-NA,89,0,302,0,0,302,T
6-NA,90,307,0,0,0,307,A
6-NA,91,303,1,0,0,304,A
6-NA,92,0,0,0,357,357,C
6-NA,93,0,354,0,2,356,T
6-NA,94,367,0,1,0,368,A
6-NA,95,0,0,0,386,386,C
6-NA,96,0,384,0,0,384,T
6-NA,97,0,0,386,0,386,G
6-NA,98,0,385,0,2,387,T
6-NA,99,385,0,1,0,386,A
6-NA,100,390,0,0,0,390,A
6-NA,101,0,0,0,382,382,C
6-NA,102,378,0,0,0,378,A
6-NA,103,0,379,0,0,379,T
6-NA,104,0,375,0,0,375,T
6-NA,105,0,0,377,0,377,G
6-NA,106,0,1,0,375,376,C
6-NA,107,373,0,0,0,373,A
6-NA,108,0,376,0,1,377,T
6-NA,109,0,377,0,0,377,T
6-NA,110,0,378,0,0,378,T
6-NA,111,0,0,0,378,378,C
6-NA,112,375,0,0,0,375,A
6-NA,113,371,0,0,0,371,A
6-NA,114,0,0,374,0,374,G
6-NA,115,0,0,0,385,385,C
6-NA,116,385,0,0,0,385,A
6-NA,117,398,0,0,0,398,A
6-NA,118,0,407,0,0,407,T
6-NA,119,407,0,0,1,408,A
6-NA,120,0,407,0,0,407,T
6-NA,121,0,0,416,0,416,G
6-NA,122,411,0,2,0,413,A
6-NA,123,422,0,0,0,422,A
6-NA,124,0,424,0,0,424,T
6-NA,125,0,424,0,0,424,T
6-NA,126,1,0,0,426,427,C
6-NA,127,419,0,0,0,419,A
6-NA,128,424,0,0,0,424,A
6-NA,129,0,0,0,426,426,C
6-NA,130,0,425,0,2,427,T
6-NA,131,1,0,0,425,426,C
6-NA,132,1,1,0,424,426,C
6-NA,133,2,0,0,436,438,C
6-NA,134,0,0,0,444,444,C
6-NA,135,1,0,0,438,439,C
6-NA,136,0,2,0,439,441,C
6-NA,137,1,0,0,442,443,C
6-NA,138,446,0,0,0,446,A
6-NA,139,446,0,0,0,446,A
6-NA,140,442,1,0,0,443,A
6-NA,141,0,0,0,452,452,C
6-NA,142,447,0,0,0,447,A
6-NA,143,456,0,2,0,458,A
6-NA,144,0,0,0,461,461,C
6-NA,145,1,0,0,457,458,C
6-NA,146,471,0,1,0,472,A
6-NA,147,469,0,0,0,469,A
6-NA,148,0,0,486,0,486,G
6-NA,149,0,481,0,0,481,T
6-NA,150,0,1,481,0,482,G
6-NA,151,485,0,0,0,485,A
6-NA,152,0,483,0,0,483,T
6-NA,153,0,0,484,0,484,G
6-NA,154,0,0,0,481,481,C
6-NA,155,0,483,0,0,483,T
6-NA,156,0,0,517,0,517,G
6-NA,157,1,512,0,0,513,T
6-NA,158,0,17,499,0,516,G
6-NA,159,0,515,0,0,515,T
6-NA,160,0,0,515,0,515,G
6-NA,161,515,0,0,0,515,A
6-NA,162,522,0,0,0,522,A
6-NA,163,0,2,0,520,522,C
6-NA,164,0,0,0,521,521,C
6-NA,165,513,1,0,0,514,A
6-NA,166,516,0,0,0,516,A
6-NA,167,0,0,0,524,524,C
6-NA,168,526,0,0,0,526,A
6-NA,169,532,0,0,0,532,A
6-NA,170,0,531,0,0,531,T
6-NA,171,527,0,3,0,530,A
6-NA,172,526,0,0,0,526,A
6-NA,173,0,528,0,2,530,T
6-NA,174,524,0,0,0,524,A
6-NA,175,0,1,523,0,524,G
6-NA,176,515,0,0,0,515,A
6-NA,177,519,0,0,0,519,A
6-NA,178,512,0,1,0,513,A
6-NA,179,0,1,515,0,516,G
6-NA,180,527,0,0,0,527,A
6-NA,181,531,0,0,0,531,A
6-NA,182,547,0,2,0,549,A
6-NA,183,0,0,0,551,551,C
6-NA,184,549,0,2,0,551,A
6-NA,185,0,557,0,0,557,T
6-NA,186,568,0,0,0,568,A
6-NA,187,565,0,0,0,565,A
6-NA,188,0,0,0,577,577,C
6-NA,189,567,0,0,0,567,A
6-NA,190,0,0,599,0,599,G
6-NA,191,592,0,0,0,592,A
6-NA,192,0,1,592,0,593,G
6-NA,193,596,0,1,0,597,A
6-NA,194,0,624,0,0,624,T
6-NA,195,620,1,1,0,622,A
6-NA,196,0,1,638,0,639,G
6-NA,197,0,631,0,0,631,T
6-NA,198,0,0,652,0,652,G
6-NA,199,0,644,0,0,644,T
6-NA,200,647,0,0,0,647,A
6-NA,201,0,647,0,0,647,T
6-NA,202,0,0,0,647,647,C
6-NA,203,0,630,0,5,635,T
6-NA,204,0,0,656,0,656,G
6-NA,205,655,1,1,0,657,A
6-NA,206,0,0,0,656,656,C
6-NA,207,1,0,0,656,657,C
6-NA,208,653,0,1,0,654,A
6-NA,209,652,0,2,0,654,A
6-NA,210,0,0,0,664,664,C
6-NA,211,667,0,0,0,667,A
6-NA,212,0,0,0,687,687,C
6-NA,213,1,0,0,673,674,C
6-NA,214,691,0,1,0,692,A
6-NA,215,0,0,0,717,717,C
6-NA,216,0,0,0,712,712,C
6-NA,217,716,0,0,0,716,A
6-NA,218,0,711,0,1,712,T
6-NA,219,711,0,2,0,713,A
6-NA,220,0,0,712,0,712,G
6-NA,221,688,0,1,0,689,A
6-NA,222,0,0,703,0,703,G
6-NA,223,691,0,0,0,691,A
6-NA,224,674,0,1,0,675,A
6-NA,225,0,0,679,0,679,G
6-NA,226,0,0,677,0,677,G
6-NA,227,679,0,1,0,680,A
6-NA,228,681,0,0,0,681,A
6-NA,229,676,0,0,0,676,A
6-NA,230,0,675,0,0,675,T
6-NA,231,668,0,0,0,668,A
6-NA,232,0,668,0,0,668,T
6-NA,233,1,0,666,0,667,G
6-NA,234,0,1,0,674,675,C
6-NA,235,1,0,0,665,666,C
6-NA,236,0,0,0,670,670,C
6-NA,237,0,0,0,673,673,C
6-NA,238,677,0,0,0,677,A
6-NA,239,691,0,0,0,691,A
6-NA,240,692,0,0,0,692,A
6-NA,241,0,0,0,699,699,C
6-NA,242,0,696,0,0,696,T
6-NA,243,692,0,2,0,694,A
6-NA,244,0,0,694,0,694,G
6-NA,245,0,0,0,696,696,C
6-NA,246,695,0,0,0,695,A
6-NA,247,0,1,705,0,706,G
6-NA,248,700,0,0,0,700,A
6-NA,249,716,0,0,0,716,A
6-NA,250,0,719,0,0,719,T
6-NA,251,716,0,4,0,720,A
6-NA,252,0,0,0,721,721,C
6-NA,253,720,0,0,0,720,A
6-NA,254,0,0,720,0,720,G
6-NA,255,716,0,0,1,717,A
6-NA,256,712,0,0,0,712,A
6-NA,257,708,0,0,0,708,A
6-NA,258,0,693,0,0,693,T
6-NA,259,0,693,0,0,693,T
6-NA,260,0,2,695,0,697,G
6-NA,261,1,0,692,0,693,G
6-NA,262,0,691,0,2,693,T
6-NA,263,0,0,0,695,695,C
6-NA,264,695,0,0,0,695,A
6-NA,265,691,0,1,0,692,A
6-NA,266,693,0,2,0,695,A
6-NA,267,0,0,699,0,699,G
6-NA,268,1,0,0,696,697,C
6-NA,269,0,0,0,697,697,C
6-NA,270,1,0,696,0,697,G
6-NA,271,1,0,0,698,699,C
6-NA,272,698,0,0,0,698,A
6-NA,273,704,0,0,0,704,A
6-NA,274,0,703,0,0,703,T
6-NA,275,1,0,704,0,705,G
6-NA,276,0,705,0,1,706,T
6-NA,277,0,0,710,0,710,G
6-NA,278,720,0,1,0,721,A
6-NA,279,0,0,0,725,725,C
6-NA,280,745,0,0,0,745,A
6-NA,281,0,760,0,0,760,T
6-NA,282,0,757,0,1,758,T
6-NA,283,756,0,0,0,756,A
6-NA,284,0,0,0,758,758,C
6-NA,285,751,0,0,0,751,A
6-NA,286,0,0,749,0,749,G
6-NA,287,0,0,738,0,738,G
6-NA,288,0,0,710,0,710,G
6-NA,289,0,733,0,0,733,T
6-NA,290,0,740,0,0,740,T
6-NA,291,0,737,0,0,737,T
6-NA,292,0,0,740,0,740,G
6-NA,293,0,0,0,736,736,C
6-NA,294,734,0,0,0,734,A
6-NA,295,1,0,0,740,741,C
6-NA,296,2,0,0,720,722,C
6-NA,297,0,718,0,1,719,T
6-NA,298,0,723,0,0,723,T
6-NA,299,0,732,0,0,732,T
6-NA,300,0,730,0,0,730,T
6-NA,301,0,742,0,0,742,T
6-NA,302,0,0,0,739,739,C
6-NA,303,0,739,0,0,739,T
6-NA,304,739,0,0,0,739,A
6-NA,305,730,0,0,0,730,A
6-NA,306,0,0,739,0,739,G
6-NA,307,0,2,726,0,728,G
6-NA,308,730,1,2,0,733,A
6-NA,309,0,1,0,734,735,C
6-NA,310,733,0,0,0,733,A
6-NA,311,735,0,0,0,735,A
6-NA,312,0,733,0,0,733,T
6-NA,313,0,732,0,0,732,T
6-NA,314,1,0,0,742,743,C
6-NA,315,0,0,745,0,745,G
6-NA,316,737,0,0,0,737,A
6-NA,317,0,744,0,0,744,T
6-NA,318,0,744,0,0,744,T
6-NA,319,743,0,0,0,743,A
6-NA,320,1,0,743,0,744,G
6-NA,321,0,0,745,0,745,G
6-NA,322,1,0,0,742,743,C
6-NA,323,0,741,0,0,741,T
6-NA,324,0,745,0,0,745,T
6-NA,325,0,750,0,0,750,T
6-NA,326,1,0,0,750,751,C
6-NA,327,1,0,0,749,750,C
6-NA,328,0,0,746,0,746,G
6-NA,329,0,0,0,748,748,C
6-NA,330,0,746,0,1,747,T
6-NA,331,7,1,756,0,764,G
6-NA,332,0,1,762,0,763,G
6-NA,333,0,756,0,0,756,T
6-NA,334,0,0,761,0,761,G
6-NA,335,1,1,757,0,759,G
6-NA,336,0,0,761,0,761,G
6-NA,337,0,2,764,0,766,G
6-NA,338,760,0,0,0,760,A
6-NA,339,0,0,0,775,775,C
6-NA,340,759,0,0,0,759,A
6-NA,341,0,754,0,0,754,T
6-NA,342,0,0,0,761,761,C
6-NA,343,0,757,0,0,757,T
6-NA,344,0,0,761,0,761,G
6-NA,345,0,0,760,0,760,G
6-NA,346,1,0,763,0,764,G
6-NA,347,0,758,0,0,758,T
6-NA,348,0,1,757,0,758,G
6-NA,349,751,0,1,1,753,A
6-NA,350,0,0,0,781,781,C
6-NA,351,785,0,0,0,785,A
6-NA,352,833,0,1,0,834,A
6-NA,353,0,1,865,0,866,G
6-NA,354,862,0,1,0,863,A
6-NA,355,0,2,913,1,916,G
6-NA,356,956,0,0,0,956,A
6-NA,357,1085,0,0,0,1085,A
6-NA,358,1,1,0,1480,1482,C
6-NA,359,0,1,0,1663,1664,C
6-NA,360,0,1670,0,0,1670,T
6-NA,361,0,1682,0,2,1684,T
6-NA,362,1694,0,0,0,1694,A
6-NA,363,1,1692,0,1,1694,T
6-NA,364,0,0,1869,0,1869,G
6-NA,365,0,1867,0,0,1867,T
6-NA,366,0,0,1980,0,1980,G
6-NA,367,1,1957,0,2,1960,T
6-NA,368,1,1,0,1957,1959,C
6-NA,369,1976,0,1,13,1990,A
6-NA,370,0,1997,1,0,1998,T
6-NA,371,0,2,1988,0,1990,G
6-NA,372,2,0,0,1994,1996,C
6-NA,373,1,3,1983,0,1987,G
6-NA,374,2371,0,0,0,2371,A
6-NA,375,0,2377,0,0,2377,T
6-NA,376,1,1,0,2442,2444,C
6-NA,377,1,0,0,2463,2464,C
6-NA,378,0,2519,0,3,2522,T
6-NA,379,1,3,2537,0,2541,G
6-NA,380,2541,1,2,0,2544,A
6-NA,381,0,0,0,2557,2557,C
6-NA,382,2554,0,0,0,2554,A
6-NA,383,2535,0,1,0,2536,A
6-NA,384,2,0,2627,0,2629,G
6-NA,385,0,2628,0,0,2628,T
6-NA,386,0,0,2693,0,2693,G
6-NA,387,0,2693,0,0,2693,T
6-NA,388,0,2701,0,0,2701,T
6-NA,389,2701,0,0,0,2701,A
6-NA,390,0,2700,0,1,2701,T
6-NA,391,6,1,0,2752,2759,C
6-NA,392,2750,0,0,1,2751,A
6-NA,393,2750,0,2,0,2752,A
6-NA,394,0,2735,0,1,2736,T
6-NA,395,0,2740,0,0,2740,T
6-NA,396,0,2737,0,0,2737,T
6-NA,397,0,1,2747,0,2748,G
6-NA,398,1,0,0,2943,2944,C
6-NA,399,2,0,0,2943,2945,C
6-NA,400,4,1,0,2968,2973,C
6-NA,401,0,2951,0,9,2960,T
6-NA,402,0,2971,0,2,2973,T
6-NA,403,0,4,3014,0,3018,G
6-NA,404,1,5,3011,0,3017,G
6-NA,405,3044,3,1,0,3048,A
6-NA,406,0,0,0,3053,3053,C
6-NA,407,2987,1,4,1,2993,A
6-NA,408,1,1,3086,0,3088,G
6-NA,409,0,4,3060,1,3065,G
6-NA,410,0,8,3192,0,3200,G
6-NA,411,3200,0,4,0,3204,A
6-NA,412,3210,1,3,0,3214,A
6-NA,413,0,4,0,3220,3224,C
6-NA,414,3229,0,0,0,3229,A
6-NA,415,3538,0,5,0,3543,A
6-NA,416,0,3,0,3550,3553,C
6-NA,417,3526,0,2,0,3528,A
6-NA,418,1,1,0,3560,3562,C
6-NA,419,0,3506,0,1,3507,T
6-NA,420,3563,0,0,0,3563,A
6-NA,421,3552,1,2,0,3555,A
6-NA,422,3577,0,1,0,3578,A
6-NA,423,1,1,0,3590,3592,C
6-NA,424,3457,0,1,0,3458,A
6-NA,425,3503,0,5,1,3509,A
6-NA,426,1,2,0,3534,3537,C
6-NA,427,2,0,3527,0,3529,G
6-NA,428,0,3510,1,1,3512,T
6-NA,429,3469,0,0,0,3469,A
6-NA,430,0,0,0,3549,3549,C
6-NA,431,3549,1,0,0,3550,A
6-NA,432,0,3585,0,1,3586,T
6-NA,433,0,3586,0,0,3586,T
6-NA,434,3,2,2,3743,3750,C
6-NA,435,3855,0,0,0,3855,A
6-NA,436,3872,0,0,0,3872,A
6-NA,437,3868,0,0,0,3868,A
6-NA,438,0,3877,0,0,3877,T
6-NA,439,3836,0,1,0,3837,A
6-NA,440,3963,0,2,1,3966,A
6-NA,441,0,1,0,3985,3986,C
6-NA,442,3960,1,5,0,3966,A
6-NA,443,0,0,0,4049,4049,C
6-NA,444,3953,0,2,0,3955,A
6-NA,445,1,1,4738,0,4740,G
6-NA,446,1,4738,0,1,4740,T
6-NA,447,4864,1,1,0,4866,A
6-NA,448,2,2,0,4889,4893,C
6-NA,449,0,3,4880,0,4883,G
6-NA,450,0,5095,0,3,5098,T
6-NA,451,0,14,5115,0,5129,G
6-NA,452,5129,0,1,0,5130,A
6-NA,453,0,5164,0,0,5164,T
6-NA,454,4877,0,7,0,4884,A
6-NA,455,1,3,4855,0,4859,G
6-NA,456,5,1,4830,1,4837,G
6-NA,457,4859,2,7,0,4868,A
6-NA,458,0,0,0,4970,4970,C
6-NA,459,0,0,0,4894,4894,C
6-NA,460,2,1,1,4945,4949,C
6-NA,461,3,0,0,4962,4965,C
6-NA,462,0,5011,0,2,5013,T
6-NA,463,0,5087,0,3,5090,T
6-NA,464,5128,0,0,1,5129,A
6-NA,465,1,5112,0,0,5113,T
6-NA,466,1,4,0,5111,5116,C
6-NA,467,4,5,5055,0,5064,G
6-NA,468,1,7,5020,0,5028,G
6-NA,469,5030,0,7,0,5037,A
6-NA,470,2,0,0,5105,5107,C
6-NA,471,3,2,0,5077,5082,C
6-NA,472,6,0,0,5329,5335,C
6-NA,473,0,5316,0,5,5321,T
6-NA,474,5406,0,1,0,5407,A
6-NA,475,0,5392,0,1,5393,T
6-NA,476,0,5415,0,1,5416,T
6-NA,477,1,7,5422,0,5430,G
6-NA,478,5411,1,3,1,5416,A
6-NA,479,2,5397,0,1,5400,T
6-NA,480,1,11,5415,1,5428,G
6-NA,481,5233,1,4,2,5240,A
6-NA,482,5255,0,1,1,5257,A
6-NA,483,0,5256,0,0,5256,T
6-NA,484,1,6,5331,0,5338,G
6-NA,485,5416,0,8,2,5426,A
6-NA,486,0,2,5537,0,5539,G
6-NA,487,0,5534,0,3,5537,T
6-NA,488,1,5557,0,2,5560,T
6-NA,489,5551,0,0,0,5551,A
6-NA,490,1,3,5555,2,5561,G
6-NA,491,1,1,5576,0,5578,G
6-NA,492,1,5528,1,8,5538,T
6-NA,493,0,2,5578,0,5580,G
6-NA,494,0,5487,0,11,5498,T
6-NA,495,0,5476,0,6,5482,T
6-NA,496,4,0,0,5472,5476,C
6-NA,497,2,1,0,5478,5481,C
6-NA,498,3,2,0,5441,5446,C
6-NA,499,0,5625,1,3,5629,T
6-NA,500,0,5639,0,7,5646,T
6-NA,501,0,5652,0,2,5654,T
6-NA,502,3,1,0,5697,5701,C
6-NA,503,5689,1,0,0,5690,A
6-NA,504,1,5863,0,3,5867,T
6-NA,505,5,0,0,5853,5858,C
6-NA,506,0,5791,1,1,5793,T
6-NA,507,0,5,5756,0,5761,G
6-NA,508,2,10,5709,0,5721,G
6-NA,509,3,3,5654,0,5660,G
6-NA,510,1,5,5773,0,5779,G
6-NA,511,5787,0,3,0,5790,A
6-NA,512,0,0,0,5851,5851,C
6-NA,513,3,2,0,5804,5809,C
6-NA,514,5846,0,7,1,5854,A
6-NA,515,5886,0,3,0,5889,A
6-NA,516,2,0,5875,0,5877,G
6-NA,517,0,0,0,5912,5912,C
6-NA,518,5912,0,1,0,5913,A
6-NA,519,5962,0,5,0,5967,A
6-NA,520,1,1,6015,0,6017,G
6-NA,521,0,5970,0,1,5971,T
6-NA,522,2,1,6124,0,6127,G
6-NA,523,0,6054,1,3,6058,T
6-NA,524,1,3,6216,0,6220,G
6-NA,525,0,2,0,6220,6222,C
6-NA,526,6220,0,2,0,6222,A
6-NA,527,0,6277,0,2,6279,T
6-NA,528,6173,0,3,0,6176,A
6-NA,529,2,3,6338,0,6343,G
6-NA,530,2,4,0,6315,6321,C
6-NA,531,6220,0,4,0,6224,A
6-NA,532,0,6196,0,1,6197,T
6-NA,533,1,6,6048,0,6055,G
6-NA,534,2,2,6396,0,6400,G
6-NA,535,0,6388,0,9,6397,T
6-NA,536,3,1,0,6342,6346,C
6-NA,537,4,5,0,6351,6360,C
6-NA,538,6340,1,2,0,6343,A
6-NA,539,0,0,6490,0,6490,G
6-NA,540,0,1,0,6510,6511,C
6-NA,541,0,6510,0,8,6518,T
6-NA,542,6,2,0,6518,6526,C
6-NA,543,6366,0,0,0,6366,A
6-NA,544,6416,1,2,1,6420,A
6-NA,545,1,0,6449,0,6450,G
6-NA,546,0,6451,0,0,6451,T
6-NA,547,0,6464,0,4,6468,T
6-NA,548,3,1,6444,0,6448,G
6-NA,549,0,6423,0,9,6432,T
6-NA,550,14,1,0,6431,6446,C
6-NA,551,6437,0,7,1,6445,A
6-NA,552,0,2,1,6499,6502,C
6-NA,553,1,4,6486,0,6491,G
6-NA,554,6497,0,1,1,6499,A
6-NA,555,0,6574,0,5,6579,T
6-NA,556,0,7,6675,0,6682,G
6-NA,557,0,5,6681,1,6687,G
6-NA,558,6675,0,6,0,6681,A
6-NA,559,6694,0,1,0,6695,A
6-NA,560,6787,0,6,0,6793,A
6-NA,561,6775,1,13,1,6790,A
6-NA,562,1,1,6845,0,6847,G
6-NA,563,4,0,0,6850,6854,C
6-NA,564,6836,0,7,0,6843,A
6-NA,565,1,6820,0,1,6822,T
6-NA,566,2,6,6855,1,6864,G
6-NA,567,1,1,6850,0,6852,G
6-NA,568,2,1,0,6941,6944,C
6-NA,569,1,6900,0,8,6909,T
6-NA,570,1,1,6939,0,6941,G
6-NA,571,0,2,0,6933,6935,C
6-NA,572,6963,2,1,2,6968,A
6-NA,573,0,7208,0,1,7209,T
6-NA,574,2,2,7224,1,7229,G
6-NA,575,0,7279,2,3,7284,T
6-NA,576,0,7458,0,3,7461,T
6-NA,577,0,7456,1,2,7459,T
6-NA,578,3,2,7784,0,7789,G
6-NA,579,2,7736,0,4,7742,T
6-NA,580,7790,0,2,0,7792,A
6-NA,581,0,7819,1,0,7820,T
6-NA,582,7694,1,3,0,7698,A
6-NA,583,7708,0,7,1,7716,A
6-NA,584,2,2,0,7639,7643,C
6-NA,585,5,10,7537,2,7554,G
6-NA,586,2,5,7552,0,7559,G
6-NA,587,0,10,7400,1,7411,G
6-NA,588,1,3,7422,0,7426,G
6-NA,589,1,5,7433,1,7440,G
6-NA,590,7390,0,8,0,7398,A
6-NA,591,0,7448,0,1,7449,T
6-NA,592,1,9,7462,0,7472,G
6-NA,593,7484,0,7,0,7491,A
6-NA,594,0,7543,0,1,7544,T
6-NA,595,7523,0,3,0,7526,A
6-NA,596,7544,2,2,8,7556,A
6-NA,597,7575,0,1,0,7576,A
6-NA,598,7550,2,5,0,7557,A
6-NA,599,7591,0,2,1,7594,A
6-NA,600,0,7568,0,2,7570,T
6-NA,601,0,1,7561,0,7562,G
6-NA,602,6,2,0,7529,7537,C
6-NA,603,7529,1,4,0,7534,A
6-NA,604,7532,0,8,0,7540,A
6-NA,605,1,1,0,7614,7616,C
6-NA,606,0,7602,0,0,7602,T
6-NA,607,0,1,7635,0,7636,G
6-NA,608,1,1,0,7623,7625,C
6-NA,609,0,7647,0,4,7651,T
6-NA,610,7642,1,4,1,7648,A
6-NA,611,0,1,7678,0,7679,G
6-NA,612,19,1,1,7734,7755,C
6-NA,613,0,7715,2,12,7729,T
6-NA,614,0,7724,0,3,7727,T
6-NA,615,10,0,0,7796,7806,C
6-NA,616,7813,0,3,0,7816,A
6-NA,617,0,7804,0,0,7804,T
6-NA,618,0,7816,0,29,7845,T
6-NA,619,0,7858,0,2,7860,T
6-NA,620,7879,1,4,0,7884,A
6-NA,621,2,1,0,7900,7903,C
6-NA,622,7857,0,2,0,7859,A
6-NA,623,7884,0,6,1,7891,A
6-NA,624,0,7847,0,3,7850,T
6-NA,625,1,9,7841,0,7851,G
6-NA,626,2,3,7815,0,7820,G
6-NA,627,0,5,7841,0,7846,G
6-NA,628,7788,0,6,0,7794,A
6-NA,629,7680,0,11,0,7691,A
6-NA,630,4,0,8027,1,8032,G
6-NA,631,1,1,0,8538,8540,C
6-NA,632,0,8610,0,5,8615,T
6-NA,633,0,8758,0,3,8761,T
6-NA,634,2,0,8782,0,8784,G
6-NA,635,0,8751,1,2,8754,T
6-NA,636,8900,2,9,0,8911,A
6-NA,637,1,6,8931,0,8938,G
6-NA,638,8887,0,6,1,8894,A
6-NA,639,0,8880,0,0,8880,T
6-NA,640,8187,0,1,0,8188,A
6-NA,641,2,0,8188,1,8191,G
6-NA,642,0,8075,1,9,8085,T
6-NA,643,5,2,8018,1,8026,G
6-NA,644,0,8372,1,5,8378,T
6-NA,645,0,8369,0,6,8375,T
6-NA,646,2,2,8480,0,8484,G
6-NA,647,0,8402,0,61,8463,T
6-NA,648,0,8499,0,1,8500,T
6-NA,649,0,8502,0,8,8510,T
6-NA,650,11,0,0,8385,8396,C
6-NA,651,8359,1,13,1,8374,A
6-NA,652,0,8318,0,8,8326,T
6-NA,653,2,13,8306,0,8321,G
6-NA,654,2,2,8751,0,8755,G
6-NA,655,8,8687,0,15,8710,T
6-NA,656,11,1,0,8688,8700,C
6-NA,657,4,0,0,8717,8721,C
6-NA,658,8764,0,2,0,8766,A
6-NA,659,8826,0,3,1,8830,A
6-NA,660,8829,0,6,0,8835,A
6-NA,661,1,8,8846,0,8855,G
6-NA,662,8836,0,1,0,8837,A
6-NA,663,8543,1,4,1,8549,A
6-NA,664,8549,0,5,1,8555,A
6-NA,665,0,8525,0,1,8526,T
6-NA,666,4,0,0,8768,8772,C
6-NA,667,7,1,0,8753,8761,C
6-NA,668,1,8735,0,5,8741,T
6-NA,669,3,2,0,8763,8768,C
6-NA,670,8743,0,11,1,8755,A
6-NA,671,2,5,8776,1,8784,G
6-NA,672,1,11,8780,0,8792,G
6-NA,673,8976,1,13,1,8991,A
6-NA,674,1,2,0,9000,9003,C
6-NA,675,5,0,1,8832,8838,C
6-NA,676,9,1,1,8892,8903,C
6-NA,677,8883,0,10,0,8893,A
6-NA,678,4,3,8913,0,8920,G
6-NA,679,1,7,8952,0,8960,G
6-NA,680,8900,1,14,1,8916,A
6-NA,681,1,0,9018,0,9019,G
6-NA,682,1,8811,1,11,8824,T
6-NA,683,11,0,0,8831,8842,C
6-NA,684,8845,0,3,1,8849,A
6-NA,685,0,5,8909,0,8914,G
6-NA,686,8868,1,6,0,8875,A
6-NA,687,8863,2,1,0,8866,A
6-NA,688,0,8835,1,1,8837,T
6-NA,689,5,1,8877,0,8883,G
6-NA,690,1,5,1,8835,8842,C
6-NA,691,3,1,8899,0,8903,G
6-NA,692,0,8849,0,2,8851,T
6-NA,693,1,8897,0,2,8900,T
6-NA,694,0,8871,0,4,8875,T
6-NA,695,0,4,8926,0,8930,G
6-NA,696,0,8923,0,8,8931,T
6-NA,697,8955,1,3,0,8959,A
6-NA,698,0,8895,0,5,8900,T
6-NA,699,9,0,0,8909,8918,C
6-NA,700,8889,0,1,0,8890,A
6-NA,701,8878,1,1,0,8880,A
6-NA,702,0,8894,0,5,8899,T
6-NA,703,1,7,8877,1,8886,G
6-NA,704,1,15,8901,0,8917,G
6-NA,705,9035,0,6,0,9041,A
6-NA,706,9052,0,13,0,9065,A
6-NA,707,0,3,1,9153,9157,C
6-NA,708,0,9176,0,9,9185,T
6-NA,709,0,9183,0,1,9184,T
6-NA,710,31,1,9402,0,9434,G
6-NA,711,1,9405,0,3,9409,T
6-NA,712,9395,0,9,0,9404,A
6-NA,713,0,4,0,9536,9540,C
6-NA,714,9316,1,2,0,9319,A
6-NA,715,3,1,9924,0,9928,G
6-NA,716,0,9863,0,1,9864,T
6-NA,717,10207,0,3,0,10210,A
6-NA,718,4,0,10253,2,10259,G
6-NA,719,1,10094,0,1,10096,T
6-NA,720,10093,0,1,0,10094,A
6-NA,721,10070,1,2,0,10073,A
6-NA,722,1,10001,0,0,10002,T
6-NA,723,0,19,10063,1,10083,G
6-NA,724,9813,0,4,1,9818,A
6-NA,725,1,1,1,9913,9916,C
6-NA,726,2,9626,0,4,9632,T
6-NA,727,0,3,9679,1,9683,G
6-NA,728,9625,1,10,0,9636,A
6-NA,729,1,9692,0,4,9697,T
6-NA,730,1,8,9703,0,9712,G
6-NA,731,3,4,9622,0,9629,G
6-NA,732,3,5,9649,0,9657,G
6-NA,733,9475,2,9,0,9486,A
6-NA,734,4,0,9520,0,9524,G
6-NA,735,0,9435,0,3,9438,T
6-NA,736,3,5,9534,0,9542,G
6-NA,737,4,2,0,9645,9651,C
6-NA,738,0,9608,0,8,9616,T
6-NA,739,1,9646,2,7,9656,T
6-NA,740,4,2,0,9661,9667,C
6-NA,741,9651,1,19,0,9671,A
6-NA,742,5,5,9737,0,9747,G
6-NA,743,1,12,9718,0,9731,G
6-NA,744,9688,1,5,0,9694,A
6-NA,745,9603,0,3,0,9606,A
6-NA,746,9423,2,45,0,9470,A
6-NA,747,9506,0,15,1,9522,A
6-NA,748,1,0,9537,0,9538,G
6-NA,749,2,3,0,9533,9538,C
6-NA,750,0,9521,0,2,9523,T
6-NA,751,2,12,9490,0,9504,G
6-NA,752,9478,1,10,1,9490,A
6-NA,753,1,9611,1,1,9614,T
6-NA,754,9627,0,5,0,9632,A
6-NA,755,1,0,0,9969,9970,C
6-NA,756,1,9940,1,4,9946,T
6-NA,757,9949,0,0,0,9949,A
6-NA,758,9964,0,1,0,9965,A
6-NA,759,9953,0,0,0,9953,A
6-NA,760,10179,1,7,1,10188,A
6-NA,761,0,10187,0,3,10190,T
6-NA,762,10128,1,3,0,10132,A
6-NA,763,2,11,0,10210,10223,C
6-NA,764,0,9905,1,6,9912,T
6-NA,765,10033,1,0,0,10034,A
6-NA,766,1,9962,0,5,9968,T
6-NA,767,1,10421,3,8,10433,T
6-NA,768,18,0,0,10478,10496,C
6-NA,769,10328,0,1,1,10330,A
6-NA,770,2,10301,1,2,10306,T
6-NA,771,2,10302,2,3,10309,T
6-NA,772,1,5,10353,0,10359,G
6-NA,773,10256,0,9,1,10266,A
6-NA,774,0,4,10252,0,10256,G
6-NA,775,0,3,10217,0,10220,G
6-NA,776,9822,2,9,0,9833,A
6-NA,777,2,3,10000,0,10005,G
6-NA,778,4,7,9994,0,10005,G
6-NA,779,20,4,9986,0,10010,G
6-NA,780,4,13,10012,1,10030,G
6-NA,781,9975,2,12,0,9989,A
6-NA,782,10023,1,7,0,10031,A
6-NA,783,9981,0,2,0,9983,A
6-NA,784,9938,0,8,0,9946,A
6-NA,785,1,9904,0,1,9906,T
6-NA,786,21,6,0,9868,9895,C
6-NA,787,3,1,9998,0,10002,G
6-NA,788,1,9941,2,2,9946,T
6-NA,789,1,9930,0,4,9935,T
6-NA,790,28,2,0,9960,9990,C
6-NA,791,10006,0,2,0,10008,A
6-NA,792,0,10612,0,3,10615,T
6-NA,793,10595,0,3,0,10598,A
6-NA,794,2,0,0,10694,10696,C
6-NA,795,0,10652,0,4,10656,T
6-NA,796,10628,0,3,0,10631,A
6-NA,797,1,2,10633,0,10636,G
6-NA,798,1,6,0,10632,10639,C
6-NA,799,10611,0,9,0,10620,A
6-NA,800,1,3,0,10631,10635,C
6-NA,801,10259,0,1,0,10260,A
6-NA,802,0,10424,2,1,10427,T
6-NA,803,1,10389,2,1,10393,T
6-NA,804,3,2,11137,0,11142,G
6-NA,805,1,11077,1,14,11093,T
6-NA,806,15,3,1,11077,11096,C
6-NA,807,11083,2,13,1,11099,A
6-NA,808,1,6,11110,1,11118,G
6-NA,809,1,5,11092,0,11098,G
6-NA,810,11088,1,1,0,11090,A
6-NA,811,10868,0,4,0,10872,A
6-NA,812,0,1,11023,0,11024,G
6-NA,813,0,10307,0,7,10314,T
6-NA,814,3,3,10365,0,10371,G
6-NA,815,0,2,0,10350,10352,C
6-NA,816,2,10365,1,7,10375,T
6-NA,817,10,2,0,10383,10395,C
6-NA,818,10418,0,2,0,10420,A
6-NA,819,10184,0,7,0,10191,A
6-NA,820,0,4,0,10311,10315,C
6-NA,821,10405,0,7,1,10413,A
6-NA,822,0,10409,1,3,10413,T
6-NA,823,3,0,10686,0,10689,G
6-NA,824,2,10643,1,2,10648,T
6-NA,825,14,2,1,10663,10680,C
6-NA,826,5,4,10666,0,10675,G
6-NA,827,10594,0,4,0,10598,A
6-NA,828,2,3,10598,0,10603,G
6-NA,829,1,10,10610,0,10621,G
6-NA,830,10507,0,10,0,10517,A
6-NA,831,2,1,10616,1,10620,G
6-NA,832,0,10341,1,4,10346,T
6-NA,833,3,1,10403,0,10407,G
6-NA,834,4,1,0,10533,10538,C
6-NA,835,1,10513,0,12,10526,T
6-NA,836,12,0,1,10566,10579,C
6-NA,837,8,2,0,10606,10616,C
6-NA,838,1,10638,0,4,10643,T
6-NA,839,1,3,10672,1,10677,G
6-NA,840,0,2,1,10547,10550,C
6-NA,841,1,10513,0,11,10525,T
6-NA,842,10608,1,6,0,10615,A
6-NA,843,1,10339,0,4,10344,T
6-NA,844,8,3,0,10412,10423,C
6-NA,845,6,4,0,10398,10408,C
6-NA,846,1,10371,0,11,10383,T
6-NA,847,9,2,0,10506,10517,C
6-NA,848,2,7,10506,0,10515,G
6-NA,849,10559,0,15,0,10574,A
6-NA,850,1,10580,0,4,10585,T
6-NA,851,10592,0,3,0,10595,A
6-NA,852,1,10534,0,6,10541,T
6-NA,853,8,2,0,10556,10566,C
6-NA,854,8,3,0,10543,10554,C
6-NA,855,0,10476,0,3,10479,T
6-NA,856,3,2,10517,0,10522,G
6-NA,857,1,0,10538,0,10539,G
6-NA,858,1,10587,0,10,10598,T
6-NA,859,2,1,10671,0,10674,G
6-NA,860,0,10583,1,5,10589,T
6-NA,861,26,0,1,10585,10612,C
6-NA,862,10582,0,6,0,10588,A
6-NA,863,5,2,10605,0,10612,G
6-NA,864,10599,2,7,1,10609,A
6-NA,865,1,10488,0,4,10493,T
6-NA,866,1,1,10504,0,10506,G
6-NA,867,1,10332,0,3,10336,T
6-NA,868,1,1,10414,2,10418,G
6-NA,869,1,10387,0,11,10399,T
6-NA,870,10,0,0,10425,10435,C
6-NA,871,2,10417,1,9,10429,T
6-NA,872,6,2,10420,0,10428,G
6-NA,873,2,3,0,10420,10425,C
6-NA,874,10415,0,4,0,10419,A
6-NA,875,2,2,10417,0,10421,G
6-NA,876,10127,2,11,0,10140,A
6-NA,877,0,10,10161,3,10174,G
6-NA,878,10107,2,8,0,10117,A
6-NA,879,2,2,0,10156,10160,C
6-NA,880,10139,0,8,2,10149,A
6-NA,881,10207,4,5,0,10216,A
6-NA,882,0,2,0,10262,10264,C
6-NA,883,1,10244,0,5,10250,T
6-NA,884,6,9,10259,0,10274,G
6-NA,885,0,1,10243,0,10244,G
6-NA,886,10191,1,11,0,10203,A
6-NA,887,10200,0,10,1,10211,A
6-NA,888,9969,0,14,1,9984,A
6-NA,889,17,8,9899,0,9924,G
6-NA,890,1,6,9806,0,9813,G
6-NA,891,9653,1,7,0,9661,A
6-NA,892,1,9906,1,3,9911,T
6-NA,893,5,2,0,9987,9994,C
6-NA,894,5,1,0,10204,10210,C
6-NA,895,10265,0,2,0,10267,A
6-NA,896,10228,1,1,0,10230,A
6-NA,897,1,10249,0,3,10253,T
6-NA,898,9948,0,3,0,9951,A
6-NA,899,0,1,9883,0,9884,G
6-NA,900,7,3,9856,0,9866,G
6-NA,901,1,3,0,9832,9836,C
6-NA,902,2,1,0,9825,9828,C
6-NA,903,14,0,0,9529,9543,C
6-NA,904,9646,0,4,1,9651,A
6-NA,905,0,9720,0,19,9739,T
6-NA,906,5,2,0,9800,9807,C
6-NA,907,3,1,9827,0,9831,G
6-NA,908,0,9779,0,3,9782,T
6-NA,909,9527,0,4,0,9531,A
6-NA,910,1,2,9733,1,9737,G
6-NA,911,9730,0,4,1,9735,A
6-NA,912,1,9783,0,1,9785,T
6-NA,913,9504,0,6,1,9511,A
6-NA,914,0,9414,0,1,9415,T
6-NA,915,9409,0,8,0,9417,A
6-NA,916,9380,0,4,1,9385,A
6-NA,917,9564,1,5,2,9572,A
6-NA,918,4,4,0,9784,9792,C
6-NA,919,9562,0,2,0,9564,A
6-NA,920,2,9531,0,0,9533,T
6-NA,921,9475,0,0,0,9475,A
6-NA,922,9491,1,6,0,9498,A
6-NA,923,9464,2,11,0,9477,A
6-NA,924,0,6,9563,0,9569,G
6-NA,925,0,7,9636,0,9643,G
6-NA,926,9307,0,9,0,9316,A
6-NA,927,0,9286,0,5,9291,T
6-NA,928,8,9,1,9321,9339,C
6-NA,929,9356,0,7,1,9364,A
6-NA,930,0,9394,0,5,9399,T
6-NA,931,9377,0,3,1,9381,A
6-NA,932,2,4,9432,0,9438,G
6-NA,933,2,0,0,9291,9293,C
6-NA,934,9122,0,0,0,9122,A
6-NA,935,0,8767,0,3,8770,T
6-NA,936,1,8813,0,2,8816,T
6-NA,937,0,0,8968,0,8968,G
6-NA,938,0,8955,0,7,8962,T
6-NA,939,0,8987,0,12,8999,T
6-NA,940,0,8959,0,4,8963,T
6-NA,941,9,0,0,8880,8889,C
6-NA,942,3,3,0,8893,8899,C
6-NA,943,8944,1,3,1,8949,A
6-NA,944,2,0,9041,0,9043,G
6-NA,945,1,9005,0,3,9009,T
6-NA,946,0,8894,1,2,8897,T
6-NA,947,8876,0,0,0,8876,A
6-NA,948,0,8815,0,1,8816,T
6-NA,949,0,8694,0,5,8699,T
6-NA,950,1,8767,1,1,8770,T
6-NA,951,0,1,8814,0,8815,G
6-NA,952,1,8788,0,6,8795,T
6-NA,953,3,2,8975,1,8981,G
6-NA,954,1,8928,0,9,8938,T
6-NA,955,1,8893,1,6,8901,T
6-NA,956,10,1,0,8888,8899,C
6-NA,957,8866,1,8,0,8875,A
6-NA,958,2,8,8916,0,8926,G
6-NA,959,1,9,8901,0,8911,G
6-NA,960,8863,0,5,0,8868,A
6-NA,961,0,1,0,8920,8921,C
6-NA,962,0,8803,0,4,8807,T
6-NA,963,0,8843,0,1,8844,T
6-NA,964,1,3,9226,0,9230,G
6-NA,965,0,9214,1,8,9223,T
6-NA,966,0,9239,0,7,9246,T
6-NA,967,2,7,9159,0,9168,G
6-NA,968,1,8,9132,0,9141,G
6-NA,969,9122,0,19,0,9141,A
6-NA,970,1,14,9170,0,9185,G
6-NA,971,9133,0,12,1,9146,A
6-NA,972,1,1,1,9135,9138,C
6-NA,973,8750,1,8,0,8759,A
6-NA,974,0,4,0,8825,8829,C
6-NA,975,8801,0,4,2,8807,A
6-NA,976,1,1,1,8829,8832,C
6-NA,977,2,4,0,8760,8766,C
6-NA,978,16,2,0,8780,8798,C
6-NA,979,8790,0,1,0,8791,A
6-NA,980,0,11,8815,0,8826,G
6-NA,981,8783,0,1,0,8784,A
6-NA,982,8856,0,3,0,8859,A
6-NA,983,8784,0,1,1,8786,A
6-NA,984,8754,0,5,1,8760,A
6-NA,985,8704,0,4,0,8708,A
6-NA,986,8705,1,5,1,8712,A
6-NA,987,1,2,0,8743,8746,C
6-NA,988,2,19,8682,0,8703,G
6-NA,989,8673,0,5,0,8678,A
6-NA,990,1,5,0,8672,8678,C
6-NA,991,8667,0,10,1,8678,A
6-NA,992,3,0,8723,0,8726,G
6-NA,993,1,1,0,8994,8996,C
6-NA,994,0,8914,0,11,8925,T
6-NA,995,7,1,0,8980,8988,C
6-NA,996,10,1,0,9005,9016,C
6-NA,997,9022,1,12,1,9036,A
6-NA,998,2,0,9107,0,9109,G
6-NA,999,1,4,0,9094,9099,C
6-NA,1000,9050,0,4,0,9054,A
6-NA,1001,0,0,9064,0,9064,G
6-NA,1002,0,8703,0,4,8707,T
6-NA,1003,8713,0,6,0,8719,A
6-NA,1004,1,2,8741,0,8744,G
6-NA,1005,0,0,0,8720,8720,C
6-NA,1006,5,2,0,8751,8758,C
6-NA,1007,8650,0,1,0,8651,A
6-NA,1008,0,8634,0,4,8638,T
6-NA,1009,1,8658,0,1,8660,T
6-NA,1010,1,1,8833,0,8835,G
6-NA,1011,0,8770,0,4,8774,T
6-NA,1012,0,8756,0,2,8758,T
6-NA,1013,4,8728,0,2,8734,T
6-NA,1014,1,13,8641,0,8655,G
6-NA,1015,1,8,8728,0,8737,G
6-NA,1016,8670,1,2,0,8673,A
6-NA,1017,0,8769,0,2,8771,T
6-NA,1018,8,0,1,8763,8772,C
6-NA,1019,7,2,0,8671,8680,C
6-NA,1020,4,8678,0,10,8692,T
6-NA,1021,8694,0,8,0,8702,A
6-NA,1022,8725,2,8,1,8736,A
6-NA,1023,14,3,0,8846,8863,C
6-NA,1024,8695,0,3,0,8698,A
6-NA,1025,8761,0,2,0,8763,A
6-NA,1026,0,8689,0,3,8692,T
6-NA,1027,1,6,8683,1,8691,G
6-NA,1028,8550,0,20,0,8570,A
6-NA,1029,22,9,8228,1,8260,G
6-NA,1030,7,4,8395,0,8406,G
6-NA,1031,8376,0,5,0,8381,A
6-NA,1032,8401,0,16,0,8417,A
6-NA,1033,1,1,8457,0,8459,G
6-NA,1034,3,2,8500,0,8505,G
6-NA,1035,1,8322,2,6,8331,T
6-NA,1036,3,8,8358,0,8369,G
6-NA,1037,2,2,8535,0,8539,G
6-NA,1038,0,8410,0,5,8415,T
6-NA,1039,12,1,0,8411,8424,C
6-NA,1040,8400,1,1,0,8402,A
6-NA,1041,0,8408,0,4,8412,T
6-NA,1042,1,15,8377,0,8393,G
6-NA,1043,2,10,8304,0,8316,G
6-NA,1044,29,3,7969,1,8002,G
6-NA,1045,0,0,8380,0,8380,G
6-NA,1046,1,8356,0,8,8365,T
6-NA,1047,3,5,8395,1,8404,G
6-NA,1048,8331,0,3,0,8334,A
6-NA,1049,8356,0,2,0,8358,A
6-NA,1050,8366,3,11,3,8383,A
6-NA,1051,0,5,8401,0,8406,G
6-NA,1052,2,2,8297,0,8301,G
6-NA,1053,2,3,0,8235,8240,C
6-NA,1054,1,8031,1,8,8041,T
6-NA,1055,2,8,8050,0,8060,G
6-NA,1056,1,1,8049,0,8051,G
6-NA,1057,2,0,8105,0,8107,G
6-NA,1058,1,4,0,8062,8067,C
6-NA,1059,3,18,0,8080,8101,C
6-NA,1060,0,8006,1,10,8017,T
6-NA,1061,1,8048,0,1,8050,T
6-NA,1062,1,8070,0,1,8072,T
6-NA,1063,0,8,8099,1,8108,G
6-NA,1064,8082,0,4,1,8087,A
6-NA,1065,0,8027,0,0,8027,T
6-NA,1066,1,5,7924,1,7931,G
6-NA,1067,7820,1,9,1,7831,A
6-NA,1068,1,7881,1,0,7883,T
6-NA,1069,0,11,7859,0,7870,G
6-NA,1070,0,7,7942,1,7950,G
6-NA,1071,7917,0,6,0,7923,A
6-NA,1072,7915,0,2,1,7918,A
6-NA,1073,7887,1,3,0,7891,A
6-NA,1074,0,7867,1,1,7869,T
6-NA,1075,1,4,7919,0,7924,G
6-NA,1076,7861,1,16,0,7878,A
6-NA,1077,0,1,0,7842,7843,C
6-NA,1078,3,0,7900,0,7903,G
6-NA,1079,2,7723,0,5,7730,T
6-NA,1080,0,1,7804,0,7805,G
6-NA,1081,1,7776,0,4,7781,T
6-NA,1082,3,3,7802,0,7808,G
6-NA,1083,1,6,7858,0,7865,G
6-NA,1084,7786,0,2,0,7788,A
6-NA,1085,1,7790,2,0,7793,T
6-NA,1086,1,10,7749,0,7760,G
6-NA,1087,2,2,7738,0,7742,G
6-NA,1088,3,2,7801,0,7806,G
6-NA,1089,7696,0,7,0,7703,A
6-NA,1090,7658,0,11,0,7669,A
6-NA,1091,3,9,7669,0,7681,G
6-NA,1092,7549,0,9,0,7558,A
6-NA,1093,7563,0,2,0,7565,A
6-NA,1094,1,6,0,7520,7527,C
6-NA,1095,0,6,7470,0,7476,G
6-NA,1096,7418,1,6,0,7425,A
6-NA,1097,0,7290,3,0,7293,T
6-NA,1098,9,0,1,7343,7353,C
6-NA,1099,7347,0,9,0,7356,A
6-NA,1100,1,5,7369,1,7376,G
6-NA,1101,2,1,0,7351,7354,C
6-NA,1102,2,6,7374,1,7383,G
6-NA,1103,7316,1,3,0,7320,A
6-NA,1104,54,3,7295,0,7352,G
6-NA,1105,7322,0,0,1,7323,A
6-NA,1106,7332,1,2,0,7335,A
6-NA,1107,0,0,7377,0,7377,G
6-NA,1108,0,7274,2,11,7287,T
6-NA,1109,13,3,0,7223,7239,C
6-NA,1110,7217,0,11,1,7229,A
6-NA,1111,0,3,0,7424,7427,C
6-NA,1112,2,2,7429,0,7433,G
6-NA,1113,1,0,0,7437,7438,C
6-NA,1114,0,7388,1,3,7392,T
6-NA,1115,0,7416,0,0,7416,T
6-NA,1116,7278,0,5,0,7283,A
6-NA,1117,3,3,7432,0,7438,G
6-NA,1118,2,5,7419,0,7426,G
6-NA,1119,0,1,7560,0,7561,G
6-NA,1120,0,7096,1,4,7101,T
6-NA,1121,7109,0,2,0,7111,A
6-NA,1122,0,7066,0,3,7069,T
6-NA,1123,2,4,7072,0,7078,G
6-NA,1124,7058,0,1,0,7059,A
6-NA,1125,7051,0,3,1,7055,A
6-NA,1126,6643,0,6,0,6649,A
6-NA,1127,4,1,0,6683,6688,C
6-NA,1128,10,0,0,6537,6547,C
6-NA,1129,0,6437,0,9,6446,T
6-NA,1130,1,6439,1,4,6445,T
6-NA,1131,2,2,0,6448,6452,C
6-NA,1132,6473,0,1,0,6474,A
6-NA,1133,6488,0,2,0,6490,A
6-NA,1134,6466,1,7,1,6475,A
6-NA,1135,0,0,6510,0,6510,G
6-NA,1136,1,6346,0,7,6354,T
6-NA,1137,19,1,1,6408,6429,C
6-NA,1138,6543,1,1,0,6545,A
6-NA,1139,1,6526,1,3,6531,T
6-NA,1140,1,6535,1,1,6538,T
6-NA,1141,0,4,6548,0,6552,G
6-NA,1142,6524,0,2,0,6526,A
6-NA,1143,6539,0,4,0,6543,A
6-NA,1144,2,3,6561,0,6566,G
6-NA,1145,0,1,6545,0,6546,G
6-NA,1146,1,2,1,6504,6508,C
6-NA,1147,0,6276,1,7,6284,T
6-NA,1148,1,4,6330,0,6335,G
6-NA,1149,2,1,6414,0,6417,G
6-NA,1150,0,6378,1,7,6386,T
6-NA,1151,6,0,0,6361,6367,C
6-NA,1152,7,2,0,6345,6354,C
6-NA,1153,6357,0,4,0,6361,A
6-NA,1154,6368,0,3,0,6371,A
6-NA,1155,1,3,0,6391,6395,C
6-NA,1156,2,0,0,6390,6392,C
6-NA,1157,2,0,1,6377,6380,C
6-NA,1158,0,6089,0,4,6093,T
6-NA,1159,6090,0,2,0,6092,A
6-NA,1160,6093,0,4,0,6097,A
6-NA,1161,1,1,6147,0,6149,G
6-NA,1162,0,6045,0,4,6049,T
6-NA,1163,7,0,1,6050,6058,C
6-NA,1164,7,2,0,5946,5955,C
6-NA,1165,5941,1,1,0,5943,A
6-NA,1166,5933,0,1,0,5934,A
6-NA,1167,5950,0,0,0,5950,A
6-NA,1168,3,5903,0,0,5906,T
6-NA,1169,0,5929,0,1,5930,T
6-NA,1170,1,1,5885,0,5887,G
6-NA,1171,2,3,0,5838,5843,C
6-NA,1172,5848,1,4,0,5853,A
6-NA,1173,0,6,5877,0,5883,G
6-NA,1174,5869,0,1,0,5870,A
6-NA,1175,0,5983,0,0,5983,T
6-NA,1176,5987,0,0,0,5987,A
6-NA,1177,5971,0,0,0,5971,A
6-NA,1178,5958,0,4,0,5962,A
6-NA,1179,0,5906,0,2,5908,T
6-NA,1180,5907,0,4,0,5911,A
6-NA,1181,1,2,5899,0,5902,G
6-NA,1182,2,0,5869,0,5871,G
6-NA,1183,2,2,0,5837,5841,C
6-NA,1184,5649,0,3,0,5652,A
6-NA,1185,5682,0,6,0,5688,A
6-NA,1186,0,0,5728,1,5729,G
6-NA,1187,0,5686,0,19,5705,T
6-NA,1188,10,1,0,5700,5711,C
6-NA,1189,5713,0,5,0,5718,A
6-NA,1190,0,5697,0,0,5697,T
6-NA,1191,5741,1,3,0,5745,A
6-NA,1192,0,2,5750,0,5752,G
6-NA,1193,1,5735,0,1,5737,T
6-NA,1194,0,5485,0,2,5487,T
6-NA,1195,1,7,5392,0,5400,G
6-NA,1196,5334,1,24,0,5359,A
6-NA,1197,1,106,0,5225,5332,C
6-NA,1198,5231,0,1,0,5232,A
6-NA,1199,0,1,5271,0,5272,G
6-NA,1200,5193,0,4,0,5197,A
6-NA,1201,0,2,5289,0,5291,G
6-NA,1202,0,1,5260,0,5261,G
6-NA,1203,0,5199,0,2,5201,T
6-NA,1204,5196,0,1,0,5197,A
6-NA,1205,5197,0,2,0,5199,A
6-NA,1206,0,5173,0,1,5174,T
6-NA,1207,5155,0,5,0,5160,A
6-NA,1208,1,4,4922,0,4927,G
6-NA,1209,0,1,4725,0,4726,G
6-NA,1210,0,4008,0,2,4010,T
6-NA,1211,5,0,0,3949,3954,C
6-NA,1212,7,2,1,3903,3913,C
6-NA,1213,6,0,3931,0,3937,G
6-NA,1214,1,2,3949,0,3952,G
6-NA,1215,0,3932,0,3,3935,T
6-NA,1216,0,3916,0,0,3916,T
6-NA,1217,3843,0,0,0,3843,A
6-NA,1218,0,3701,0,0,3701,T
6-NA,1219,0,3684,0,4,3688,T
6-NA,1220,3,0,0,3688,3691,C
6-NA,1221,0,3459,0,1,3460,T
6-NA,1222,1,3,3453,1,3458,G
6-NA,1223,0,0,3450,0,3450,G
6-NA,1224,0,3434,0,2,3436,T
6-NA,1225,3428,1,1,0,3430,A
6-NA,1226,0,3366,0,3,3369,T
6-NA,1227,0,3382,1,6,3389,T
6-NA,1228,0,3377,0,3,3380,T
6-NA,1229,2,3401,0,5,3408,T
6-NA,1230,1,2,0,3412,3415,C
6-NA,1231,0,3362,0,5,3367,T
6-NA,1232,0,0,0,3393,3393,C
6-NA,1233,0,3381,0,2,3383,T
6-NA,1234,0,0,3459,0,3459,G
6-NA,1235,0,3456,0,3,3459,T
6-NA,1236,0,3422,0,1,3423,T
6-NA,1237,0,0,3435,0,3435,G
6-NA,1238,3393,0,1,0,3394,A
6-NA,1239,3384,0,8,0,3392,A
6-NA,1240,0,0,3411,1,3412,G
6-NA,1241,0,0,3403,0,3403,G
6-NA,1242,0,0,0,3407,3407,C
6-NA,1243,3350,0,2,0,3352,A
6-NA,1244,3349,0,8,0,3357,A
6-NA,1245,3375,0,3,0,3378,A
6-NA,1246,3380,0,3,0,3383,A
6-NA,1247,0,2,3379,0,3381,G
6-NA,1248,0,1,0,3362,3363,C
6-NA,1249,0,3321,0,4,3325,T
6-NA,1250,0,1,3368,0,3369,G
6-NA,1251,0,2,0,3357,3359,C
6-NA,1252,3364,0,2,0,3366,A
6-NA,1253,0,3340,0,6,3346,T
6-NA,1254,2,2,0,3323,3327,C
6-NA,1255,3326,0,0,0,3326,A
6-NA,1256,3323,0,0,0,3323,A
6-NA,1257,1,3300,0,1,3302,T
6-NA,1258,3,3,1,3311,3318,C
6-NA,1259,1,3,3285,0,3289,G
6-NA,1260,0,0,3351,0,3351,G
6-NA,1261,0,3346,0,2,3348,T
6-NA,1262,0,1,3363,0,3364,G
6-NA,1263,0,1,0,3368,3369,C
6-NA,1264,0,3348,0,8,3356,T
6-NA,1265,0,3406,1,3,3410,T
6-NA,1266,1,3405,0,0,3406,T
6-NA,1267,0,3416,0,0,3416,T
6-NA,1268,3425,0,2,0,3427,A
6-NA,1269,0,3268,0,0,3268,T
6-NA,1270,2,0,3268,0,3270,G
6-NA,1271,0,3218,1,2,3221,T
6-NA,1272,1,1,3193,0,3195,G
6-NA,1273,0,0,3241,0,3241,G
6-NA,1274,3178,0,2,0,3180,A
6-NA,1275,1,0,3224,0,3225,G
6-NA,1276,0,3203,0,0,3203,T
6-NA,1277,0,3179,0,3,3182,T
6-NA,1278,0,1,3217,0,3218,G
6-NA,1279,3208,0,0,0,3208,A
6-NA,1280,0,3200,0,0,3200,T
6-NA,1281,3198,0,1,0,3199,A
6-NA,1282,3091,0,6,0,3097,A
6-NA,1283,1,1,3123,0,3125,G
6-NA,1284,0,1,3067,0,3068,G
6-NA,1285,1,2,3048,0,3051,G
6-NA,1286,0,1,3024,0,3025,G
6-NA,1287,2990,0,2,0,2992,A
6-NA,1288,2969,0,7,0,2976,A
6-NA,1289,1,3,2992,1,2997,G
6-NA,1290,2991,0,0,1,2992,A
6-NA,1291,2998,0,1,0,2999,A
6-NA,1292,2959,0,0,0,2959,A
6-NA,1293,2915,0,3,0,2918,A
6-NA,1294,0,1,2917,0,2918,G
6-NA,1295,2889,0,3,0,2892,A
6-NA,1296,0,5,2875,0,2880,G
6-NA,1297,1,11,2876,0,2888,G
6-NA,1298,2861,0,0,0,2861,A
6-NA,1299,2864,0,0,0,2864,A
6-NA,1300,2850,1,1,0,2852,A
6-NA,1301,1,0,0,2880,2881,C
6-NA,1302,1,2855,0,0,2856,T
6-NA,1303,1,4,2868,0,2873,G
6-NA,1304,2861,0,11,0,2872,A
6-NA,1305,2869,0,2,0,2871,A
6-NA,1306,0,0,2896,0,2896,G
6-NA,1307,0,2848,0,5,2853,T
6-NA,1308,2,0,1,2897,2900,C
6-NA,1309,0,2870,0,9,2879,T
6-NA,1310,0,2851,0,2,2853,T
6-NA,1311,0,1,2865,0,2866,G
6-NA,1312,0,2846,0,4,2850,T
6-NA,1313,1,3,2845,0,2849,G
6-NA,1314,1,2,2851,0,2854,G
6-NA,1315,2819,0,1,0,2820,A
6-NA,1316,0,1,1,2835,2837,C
6-NA,1317,2,0,0,2764,2766,C
6-NA,1318,0,2784,0,5,2789,T
6-NA,1319,0,0,0,2797,2797,C
6-NA,1320,2821,0,1,0,2822,A
6-NA,1321,2822,0,1,0,2823,A
6-NA,1322,2813,0,4,0,2817,A
6-NA,1323,2,0,0,2850,2852,C
6-NA,1324,2775,0,0,0,2775,A
6-NA,1325,0,0,2813,0,2813,G
6-NA,1326,0,2770,0,2,2772,T
6-NA,1327,2762,0,2,0,2764,A
6-NA,1328,0,2766,0,0,2766,T
6-NA,1329,1,2717,0,0,2718,T
6-NA,1330,0,0,2749,0,2749,G
6-NA,1331,0,2728,0,3,2731,T
6-NA,1332,0,2637,0,1,2638,T
6-NA,1333,1,0,2642,0,2643,G
6-NA,1334,0,2492,0,1,2493,T
6-NA,1335,0,0,2500,0,2500,G
6-NA,1336,0,2478,2,4,2484,T
6-NA,1337,0,2440,1,3,2444,T
6-NA,1338,0,2446,1,0,2447,T
6-NA,1339,0,2385,1,0,2386,T
6-NA,1340,1,0,2387,0,2388,G
6-NA,1341,0,2387,0,3,2390,T
6-NA,1342,0,2,2367,0,2369,G
6-NA,1343,1,1,2352,0,2354,G
6-NA,1344,0,0,0,2328,2328,C
6-NA,1345,2308,1,1,0,2310,A
6-NA,1346,2,0,0,2355,2357,C
6-NA,1347,0,0,0,2335,2335,C
6-NA,1348,0,2328,0,2,2330,T
6-NA,1349,1,0,0,2349,2350,C
6-NA,1350,2350,0,2,0,2352,A
6-NA,1351,1,1,2370,0,2372,G
6-NA,1352,1,0,2374,0,2375,G
6-NA,1353,0,2357,0,1,2358,T
6-NA,1354,2338,0,1,0,2339,A
6-NA,1355,0,0,1,2200,2201,C
6-NA,1356,2182,0,2,0,2184,A
6-NA,1357,0,2176,0,0,2176,T
6-NA,1358,2123,0,0,0,2123,A
6-NA,1359,0,2120,0,0,2120,T
6-NA,1360,0,1,1994,0,1995,G
6-NA,1361,1,1,2003,0,2005,G
6-NA,1362,1979,0,0,0,1979,A
6-NA,1363,1949,0,1,0,1950,A
6-NA,1364,1,0,0,1919,1920,C
6-NA,1365,1624,0,1,0,1625,A
6-NA,1366,0,0,1626,0,1626,G
6-NA,1367,1,0,1621,0,1622,G
6-NA,1368,0,1,0,1610,1611,C
6-NA,1369,1,1601,0,4,1606,T
6-NA,1370,5,1,0,1539,1545,C
6-NA,1371,1534,0,1,0,1535,A
6-NA,1372,0,1529,0,0,1529,T
6-NA,1373,0,1,1532,0,1533,G
6-NA,1374,0,1,1531,0,1532,G
6-NA,1375,2,0,0,1486,1488,C
6-NA,1376,1,0,0,1481,1482,C
6-NA,1377,0,1413,0,0,1413,T
6-NA,1378,0,0,1407,0,1407,G
6-NA,1379,1405,0,0,0,1405,A
6-NA,1380,0,1403,0,0,1403,T
6-NA,1381,0,1,1383,0,1384,G
6-NA,1382,0,0,1350,0,1350,G
6-NA,1383,0,1,1298,0,1299,G
6-NA,1384,0,0,1285,0,1285,G
6-NA,1385,1,0,0,1255,1256,C
6-NA,1386,0,3,1264,0,1267,G
6-NA,1387,0,1,1259,0,1260,G
6-NA,1388,1244,1,0,0,1245,A
6-NA,1389,1,5,0,1233,1239,C
6-NA,1390,1242,0,0,0,1242,A
6-NA,1391,0,1209,0,2,1211,T
6-NA,1392,0,0,0,1193,1193,C
6-NA,1393,1192,0,1,0,1193,A
6-NA,1394,1188,0,0,0,1188,A
6-NA,1395,0,1185,0,1,1186,T
6-NA,1396,0,0,0,1155,1155,C
6-NA,1397,0,1117,0,2,1119,T
6-NA,1398,1,1,0,971,973,C
6-NA,1399,971,0,0,0,971,A
6-NA,1400,0,955,0,0,955,T
6-NA,1401,0,0,950,0,950,G
6-NA,1402,1,2,0,941,944,C
6-NA,1403,1,0,0,902,903,C
6-NA,1404,0,799,0,0,799,T
6-NA,1405,797,0,0,0,797,A
6-NA,1406,0,793,0,0,793,T
6-NA,1407,780,0,0,0,780,A
6-NA,1408,0,778,1,0,779,T
6-NA,1409,696,0,0,0,696,A
6-NA,1410,657,0,0,0,657,A
7-M,1,50,0,0,0,50,A
7-M,2,0,51,0,0,51,T
7-M,3,0,0,51,0,51,G
7-M,4,52,0,0,0,52,A
7-M,5,0,0,58,0,58,G
7-M,6,0,0,0,65,65,C
7-M,7,0,0,0,71,71,C
7-M,8,0,96,0,0,96,T
7-M,9,0,99,0,0,99,T
7-M,10,0,0,0,98,98,C
7-M,11,0,100,0,0,100,T
7-M,12,103,0,0,0,103,A
7-M,13,104,0,0,0,104,A
7-M,14,0,0,0,104,104,C
7-M,15,0,0,0,105,105,C
7-M,16,0,0,103,0,103,G
7-M,17,101,0,0,0,101,A
7-M,18,0,0,105,0,105,G
7-M,19,0,0,110,0,110,G
7-M,20,0,111,0,0,111,T
7-M,21,0,0,0,114,114,C
7-M,22,0,0,109,0,109,G
7-M,23,118,0,0,0,118,A
7-M,24,119,0,0,0,119,A
7-M,25,120,0,0,0,120,A
7-M,26,0,0,0,130,130,C
7-M,27,0,0,129,0,129,G
7-M,28,0,134,0,0,134,T
7-M,29,133,0,0,0,133,A
7-M,30,0,132,0,0,132,T
7-M,31,0,0,136,0,136,G
7-M,32,0,137,0,0,137,T
7-M,33,0,153,0,0,153,T
7-M,34,0,0,0,159,159,C
7-M,35,0,159,0,0,159,T
7-M,36,0,0,0,168,168,C
7-M,37,0,166,0,1,167,T
7-M,38,0,0,0,174,174,C
7-M,39,0,175,0,0,175,T
7-M,40,176,0,0,0,176,A
7-M,41,0,178,0,0,178,T
7-M,42,0,0,0,181,181,C
7-M,43,0,0,182,0,182,G
7-M,44,0,184,0,0,184,T
7-M,45,0,184,0,1,185,T
7-M,46,1,0,0,186,187,C
7-M,47,0,0,0,194,194,C
7-M,48,195,0,0,0,195,A
7-M,49,0,194,0,0,194,T
7-M,50,0,0,0,195,195,C
7-M,51,191,0,1,0,192,A
7-M,52,0,0,195,0,195,G
7-M,53,0,0,195,0,195,G
7-M,54,0,0,0,196,196,C
7-M,55,0,0,0,194,194,C
7-M,56,0,0,0,195,195,C
7-M,57,1,0,0,203,204,C
7-M,58,0,0,0,209,209,C
7-M,59,0,208,0,1,209,T
7-M,60,0,0,0,209,209,C
7-M,61,206,0,0,0,206,A
7-M,62,207,0,0,0,207,A
7-M,63,208,0,0,0,208,A
7-M,64,0,0,213,0,213,G
7-M,65,0,0,0,213,213,C
7-M,66,1,0,0,210,211,C
7-M,67,0,0,209,0,209,G
7-M,68,211,0,0,0,211,A
7-M,69,0,0,212,0,212,G
7-M,70,216,0,0,0,216,A
7-M,71,0,217,0,0,217,T
7-M,72,0,0,0,213,213,C
7-M,73,0,0,215,0,215,G
7-M,74,1,0,0,216,217,C
7-M,75,0,0,216,0,216,G
7-M,76,0,0,0,217,217,C
7-M,77,214,0,0,0,214,A
7-M,78,0,0,216,0,216,G
7-M,79,210,0,0,0,210,A
7-M,80,0,0,225,0,225,G
7-M,81,226,0,1,0,227,A
7-M,82,0,0,0,232,232,C
7-M,83,0,234,0,0,234,T
7-M,84,0,231,0,0,231,T
7-M,85,0,0,235,0,235,G
7-M,86,233,0,0,0,233,A
7-M,87,233,0,0,0,233,A
7-M,88,0,0,236,0,236,G
7-M,89,232,0,1,0,233,A
7-M,90,0,233,0,1,234,T
7-M,91,0,0,234,0,234,G
7-M,92,0,234,0,0,234,T
7-M,93,1,0,0,233,234,C
7-M,94,0,235,0,0,235,T
7-M,95,0,234,0,1,235,T
7-M,96,0,234,0,0,234,T
7-M,97,0,0,234,1,235,G
7-M,98,0,0,0,236,236,C
7-M,99,0,233,0,1,234,T
7-M,100,0,0,235,0,235,G
7-M,101,0,0,235,0,235,G
7-M,102,232,0,1,0,233,A
7-M,103,238,0,0,0,238,A
7-M,104,242,0,0,0,242,A
7-M,105,241,0,0,0,241,A
7-M,106,244,0,0,0,244,A
7-M,107,246,0,1,0,247,A
7-M,108,0,0,0,247,247,C
7-M,109,242,0,1,0,243,A
7-M,110,0,0,0,245,245,C
7-M,111,243,0,0,0,243,A
7-M,112,0,0,249,0,249,G
7-M,113,246,0,3,0,249,A
7-M,114,0,259,0,0,259,T
7-M,115,0,0,0,261,261,C
7-M,116,0,258,0,0,258,T
7-M,117,0,257,0,0,257,T
7-M,118,0,0,257,0,257,G
7-M,119,259,0,0,0,259,A
7-M,120,0,0,259,0,259,G
7-M,121,0,0,256,0,256,G
7-M,122,0,0,0,257,257,C
7-M,123,0,253,0,1,254,T
7-M,124,0,0,0,278,278,C
7-M,125,0,277,0,0,277,T
7-M,126,0,0,0,279,279,C
7-M,127,279,0,0,0,279,A
7-M,128,0,279,0,0,279,T
7-M,129,0,0,280,0,280,G
7-M,130,0,1,282,0,283,G
7-M,131,281,0,0,0,281,A
7-M,132,280,0,0,0,280,A
7-M,133,0,266,0,1,267,T
7-M,134,0,1,279,0,280,G
7-M,135,0,0,298,0,298,G
7-M,136,0,0,0,298,298,C
7-M,137,0,298,0,0,298,T
7-M,138,297,0,0,0,297,A
7-M,139,298,0,0,0,298,A
7-M,140,302,0,0,0,302,A
7-M,141,0,1,305,0,306,G
7-M,142,304,0,0,0,304,A
7-M,143,0,0,0,299,299,C
7-M,144,293,0,0,0,293,A
7-M,145,290,0,0,1,291,A
7-M,146,0,0,299,0,299,G
7-M,147,294,0,0,0,294,A
7-M,148,0,0,0,301,301,C
7-M,149,0,0,0,299,299,C
7-M,150,295,0,0,0,295,A
7-M,151,298,0,0,0,298,A
7-M,152,0,300,0,0,300,T
7-M,153,0,304,0,0,304,T
7-M,154,0,1,0,304,305,C
7-M,155,0,302,0,0,302,T
7-M,156,0,0,300,0,300,G
7-M,157,0,301,0,0,301,T
7-M,158,1,0,0,298,299,C
7-M,159,300,0,0,0,300,A
7-M,160,0,0,0,309,309,C
7-M,161,0,0,0,310,310,C
7-M,162,0,306,0,0,306,T
7-M,163,0,0,0,308,308,C
7-M,164,0,304,0,1,305,T
7-M,165,0,0,309,1,310,G
7-M,166,312,0,0,0,312,A
7-M,167,0,0,0,315,315,C
7-M,168,0,313,0,0,313,T
7-M,169,307,0,0,0,307,A
7-M,170,306,0,0,0,306,A
7-M,171,307,0,0,0,307,A
7-M,172,0,1,305,0,306,G
7-M,173,0,0,305,0,305,G
7-M,174,1,2,308,0,311,G
7-M,175,314,0,0,0,314,A
7-M,176,0,315,0,0,315,T
7-M,177,0,315,0,0,315,T
7-M,178,0,314,0,0,314,T
7-M,179,0,314,0,0,314,T
7-M,180,0,0,316,0,316,G
7-M,181,0,0,319,0,319,G
7-M,182,0,0,316,0,316,G
7-M,183,0,1,318,0,319,G
7-M,184,0,307,0,1,308,T
7-M,185,0,313,0,1,314,T
7-M,186,0,314,0,0,314,T
7-M,187,0,0,324,0,324,G
7-M,188,0,321,0,1,322,T
7-M,189,0,0,322,0,322,G
7-M,190,0,323,0,0,323,T
7-M,191,0,320,0,0,320,T
7-M,192,1,0,0,327,328,C
7-M,193,327,0,0,0,327,A
7-M,194,0,0,0,340,340,C
7-M,195,0,0,337,1,338,G
7-M,196,0,0,0,339,339,C
7-M,197,0,335,0,0,335,T
7-M,198,0,0,0,350,350,C
7-M,199,351,0,0,0,351,A
7-M,200,0,0,0,358,358,C
7-M,201,0,0,0,354,354,C
7-M,202,0,0,355,0,355,G
7-M,203,0,355,0,0,355,T
7-M,204,0,0,356,0,356,G
7-M,205,0,1,0,355,356,C
7-M,206,0,0,0,355,355,C
7-M,207,1,0,0,355,356,C
7-M,208,351,0,0,0,351,A
7-M,209,0,0,361,0,361,G
7-M,210,0,360,0,0,360,T
7-M,211,0,0,365,0,365,G
7-M,212,369,0,0,0,369,A
7-M,213,0,0,372,0,372,G
7-M,214,0,0,0,369,369,C
7-M,215,1,0,368,0,369,G
7-M,216,370,0,0,0,370,A
7-M,217,0,0,369,0,369,G
7-M,218,0,0,373,0,373,G
7-M,219,372,0,0,0,372,A
7-M,220,0,0,0,378,378,C
7-M,221,0,377,0,0,377,T
7-M,222,0,0,380,0,380,G
7-M,223,0,0,0,381,381,C
7-M,224,381,0,1,0,382,A
7-M,225,0,0,388,0,388,G
7-M,226,0,0,0,385,385,C
7-M,227,0,0,388,0,388,G
7-M,228,0,395,0,0,395,T
7-M,229,392,0,0,0,392,A
7-M,230,0,0,393,0,393,G
7-M,231,392,0,0,0,392,A
7-M,232,0,0,0,392,392,C
7-M,233,0,0,388,0,388,G
7-M,234,0,0,0,385,385,C
7-M,235,0,383,0,0,383,T
7-M,236,0,380,0,0,380,T
7-M,237,0,382,0,0,382,T
7-M,238,0,0,393,0,393,G
7-M,239,0,391,0,2,393,T
7-M,240,1,0,0,390,391,C
7-M,241,0,0,0,397,397,C
7-M,242,393,0,0,0,393,A
7-M,243,392,0,0,0,392,A
7-M,244,394,0,0,0,394,A
7-M,245,392,0,1,0,393,A
7-M,246,0,393,0,0,393,T
7-M,247,0,0,394,0,394,G
7-M,248,1,0,0,389,390,C
7-M,249,0,0,0,393,393,C
7-M,250,0,0,0,397,397,C
7-M,251,0,396,0,0,396,T
7-M,252,0,0,0,406,406,C
7-M,253,408,0,0,0,408,A
7-M,254,414,0,0,0,414,A
7-M,255,0,422,0,0,422,T
7-M,256,0,0,424,0,424,G
7-M,257,0,0,423,0,423,G
7-M,258,0,413,0,0,413,T
7-M,259,444,0,0,0,444,A
7-M,260,444,0,0,0,444,A
7-M,261,0,444,0,0,444,T
7-M,262,0,0,447,0,447,G
7-M,263,0,0,445,0,445,G
7-M,264,431,0,1,1,433,A
7-M,265,0,1,432,0,433,G
7-M,266,422,0,0,0,422,A
7-M,267,0,0,0,414,414,C
7-M,268,0,0,0,440,440,C
7-M,269,0,2,0,441,443,C
7-M,270,447,0,0,0,447,A
7-M,271,448,0,0,0,448,A
7-M,272,447,0,0,0,447,A
7-M,273,0,450,0,0,450,T
7-M,274,461,0,0,0,461,A
7-M,275,458,1,1,0,460,A
7-M,276,0,0,0,453,453,C
7-M,277,454,0,0,0,454,A
7-M,278,0,450,0,0,450,T
7-M,279,0,0,452,0,452,G
7-M,280,0,0,455,0,455,G
7-M,281,457,0,0,0,457,A
7-M,282,0,0,0,456,456,C
7-M,283,443,0,0,0,443,A
7-M,284,447,0,0,0,447,A
7-M,285,443,0,1,0,444,A
7-M,286,0,0,449,0,449,G
7-M,287,0,0,0,454,454,C
7-M,288,446,0,0,0,446,A
7-M,289,0,0,455,0,455,G
7-M,290,0,451,0,0,451,T
7-M,291,0,456,0,0,456,T
7-M,292,457,0,0,0,457,A
7-M,293,454,0,0,0,454,A
7-M,294,452,0,0,0,452,A
7-M,295,0,0,0,459,459,C
7-M,296,0,452,0,0,452,T
7-M,297,0,0,490,0,490,G
7-M,298,0,483,0,0,483,T
7-M,299,489,0,0,0,489,A
7-M,300,0,488,0,0,488,T
7-M,301,487,0,0,0,487,A
7-M,302,0,0,487,0,487,G
7-M,303,0,0,488,0,488,G
7-M,304,483,0,1,0,484,A
7-M,305,479,0,0,0,479,A
7-M,306,448,0,0,0,448,A
7-M,307,0,0,0,460,460,C
7-M,308,0,458,0,0,458,T
7-M,309,0,460,0,0,460,T
7-M,310,458,0,0,0,458,A
7-M,311,456,0,0,0,456,A
7-M,312,0,0,455,0,455,G
7-M,313,454,0,1,0,455,A
7-M,314,0,0,458,0,458,G
7-M,315,0,0,458,0,458,G
7-M,316,0,1,457,0,458,G
7-M,317,455,1,0,0,456,A
7-M,318,0,0,464,0,464,G
7-M,319,470,0,1,0,471,A
7-M,320,0,470,0,0,470,T
7-M,321,470,0,0,0,470,A
7-M,322,473,0,0,0,473,A
7-M,323,0,0,0,479,479,C
7-M,324,0,0,478,0,478,G
7-M,325,0,479,0,1,480,T
7-M,326,0,477,0,0,477,T
7-M,327,0,0,0,474,474,C
7-M,328,0,0,0,475,475,C
7-M,329,475,0,0,0,475,A
7-M,330,0,475,0,0,475,T
7-M,331,0,1,475,0,476,G
7-M,332,0,0,478,0,478,G
7-M,333,0,0,488,0,488,G
7-M,334,0,0,488,0,488,G
7-M,335,0,0,0,485,485,C
7-M,336,1,0,0,484,485,C
7-M,337,486,0,0,0,486,A
7-M,338,491,0,0,0,491,A
7-M,339,491,0,0,0,491,A
7-M,340,0,2,494,0,496,G
7-M,341,497,0,0,0,497,A
7-M,342,497,0,0,0,497,A
7-M,343,493,0,1,0,494,A
7-M,344,0,496,0,0,496,T
7-M,345,496,0,0,0,496,A
7-M,346,0,0,499,0,499,G
7-M,347,0,0,0,494,494,C
7-M,348,0,491,0,3,494,T
7-M,349,0,0,0,498,498,C
7-M,350,0,490,0,0,490,T
7-M,351,0,0,0,510,510,C
7-M,352,512,0,0,0,512,A
7-M,353,0,0,510,0,510,G
7-M,354,0,508,0,0,508,T
7-M,355,0,510,0,0,510,T
7-M,356,510,0,1,0,511,A
7-M,357,0,511,0,0,511,T
7-M,358,0,509,0,0,509,T
7-M,359,0,0,0,508,508,C
7-M,360,0,495,0,0,495,T
7-M,361,0,0,498,0,498,G
7-M,362,0,0,0,498,498,C
7-M,363,0,494,0,0,494,T
7-M,364,0,0,491,0,491,G
7-M,365,0,0,490,0,490,G
7-M,366,0,491,0,0,491,T
7-M,367,0,0,492,0,492,G
7-M,368,0,0,0,489,489,C
7-M,369,485,0,0,0,485,A
7-M,370,0,1,0,490,491,C
7-M,371,0,490,0,0,490,T
7-M,372,0,494,0,0,494,T
7-M,373,0,0,496,0,496,G
7-M,374,0,0,0,493,493,C
7-M,375,0,0,0,491,491,C
7-M,376,493,0,0,0,493,A
7-M,377,1,0,492,0,493,G
7-M,378,0,493,0,0,493,T
7-M,379,0,492,0,0,492,T
7-M,380,0,0,498,0,498,G
7-M,381,0,0,0,492,492,C
7-M,382,491,0,1,0,492,A
7-M,383,0,493,0,0,493,T
7-M,384,0,0,493,0,493,G
7-M,385,0,2,501,0,503,G
7-M,386,0,0,502,0,502,G
7-M,387,0,0,0,501,501,C
7-M,388,1,0,0,513,514,C
7-M,389,0,512,0,1,513,T
7-M,390,0,0,0,516,516,C
7-M,391,533,0,0,0,533,A
7-M,392,0,536,0,0,536,T
7-M,393,544,0,1,0,545,A
7-M,394,0,532,0,0,532,T
7-M,395,528,0,1,0,529,A
7-M,396,0,0,0,548,548,C
7-M,397,527,0,0,0,527,A
7-M,398,527,0,0,0,527,A
7-M,399,0,521,0,0,521,T
7-M,400,492,0,0,0,492,A
7-M,401,0,0,495,0,495,G
7-M,402,0,0,489,0,489,G
7-M,403,476,0,2,0,478,A
7-M,404,0,476,0,0,476,T
7-M,405,0,0,450,0,450,G
7-M,406,0,0,450,0,450,G
7-M,407,0,1,446,0,447,G
7-M,408,0,0,450,0,450,G
7-M,409,0,0,450,0,450,G
7-M,410,0,0,0,450,450,C
7-M,411,0,449,0,0,449,T
7-M,412,0,0,446,0,446,G
7-M,413,1,448,0,0,449,T
7-M,414,445,0,0,3,448,A
7-M,415,451,0,0,0,451,A
7-M,416,0,0,0,448,448,C
7-M,417,0,0,0,435,435,C
7-M,418,430,0,0,0,430,A
7-M,419,0,0,0,432,432,C
7-M,420,0,432,0,0,432,T
7-M,421,0,0,433,0,433,G
7-M,422,431,0,0,0,431,A
7-M,423,421,0,1,0,422,A
7-M,424,0,0,428,0,428,G
7-M,425,0,422,0,0,422,T
7-M,426,1,0,422,0,423,G
7-M,427,0,0,424,0,424,G
7-M,428,0,0,0,423,423,C
7-M,429,430,0,0,0,430,A
7-M,430,0,425,0,0,425,T
7-M,431,0,423,0,0,423,T
7-M,432,0,424,0,0,424,T
7-M,433,0,0,438,0,438,G
7-M,434,0,0,434,0,434,G
7-M,435,0,0,0,428,428,C
7-M,436,0,0,0,432,432,C
7-M,437,0,432,0,0,432,T
7-M,438,1,1,443,0,445,G
7-M,439,0,0,451,0,451,G
7-M,440,0,452,0,0,452,T
7-M,441,456,0,0,0,456,A
7-M,442,0,437,0,0,437,T
7-M,443,0,0,453,0,453,G
7-M,444,0,455,0,0,455,T
7-M,445,1,0,453,0,454,G
7-M,446,0,1,0,455,456,C
7-M,447,445,0,0,1,446,A
7-M,448,441,0,2,0,443,A
7-M,449,0,0,0,450,450,C
7-M,450,448,0,0,0,448,A
7-M,451,0,449,0,0,449,T
7-M,452,0,0,442,0,442,G
7-M,453,0,437,0,0,437,T
7-M,454,0,1,436,0,437,G
7-M,455,433,0,1,0,434,A
7-M,456,0,0,434,0,434,G
7-M,457,0,0,0,435,435,C
7-M,458,424,0,1,0,425,A
7-M,459,1,0,426,0,427,G
7-M,460,428,0,1,0,429,A
7-M,461,0,425,0,0,425,T
7-M,462,0,428,0,0,428,T
7-M,463,1,0,424,0,425,G
7-M,464,0,1,0,426,427,C
7-M,465,0,425,0,0,425,T
7-M,466,0,1,428,0,429,G
7-M,467,425,1,1,0,427,A
7-M,468,0,0,0,441,441,C
7-M,469,0,432,0,2,434,T
7-M,470,2,0,0,434,436,C
7-M,471,0,0,0,435,435,C
7-M,472,1,0,0,433,434,C
7-M,473,433,0,0,0,433,A
7-M,474,1,0,428,0,429,G
7-M,475,0,0,0,432,432,C
7-M,476,431,0,0,0,431,A
7-M,477,0,0,0,434,434,C
7-M,478,400,0,0,0,400,A
7-M,479,0,0,407,0,407,G
7-M,480,0,0,407,0,407,G
7-M,481,0,401,0,1,402,T
7-M,482,0,0,0,413,413,C
7-M,483,0,412,0,0,412,T
7-M,484,2,0,0,410,412,C
7-M,485,413,0,0,0,413,A
7-M,486,0,413,0,0,413,T
7-M,487,412,0,0,0,412,A
7-M,488,0,1,408,0,409,G
7-M,489,0,0,405,0,405,G
7-M,490,0,0,0,408,408,C
7-M,491,384,0,1,0,385,A
7-M,492,0,0,381,1,382,G
7-M,493,386,0,0,0,386,A
7-M,494,0,389,0,0,389,T
7-M,495,0,0,392,0,392,G
7-M,496,0,0,389,0,389,G
7-M,497,0,383,0,0,383,T
7-M,498,0,0,385,0,385,G
7-M,499,0,0,387,0,387,G
7-M,500,0,0,0,390,390,C
7-M,501,383,0,1,0,384,A
7-M,502,386,0,0,0,386,A
7-M,503,0,0,0,390,390,C
7-M,504,391,0,0,0,391,A
7-M,505,390,0,1,0,391,A
7-M,506,0,0,0,396,396,C
7-M,507,0,0,0,387,387,C
7-M,508,381,0,0,0,381,A
7-M,509,381,0,0,0,381,A
7-M,510,0,381,0,2,383,T
7-M,511,1,0,0,383,384,C
7-M,512,1,0,0,379,380,C
7-M,513,376,0,0,0,376,A
7-M,514,0,375,0,0,375,T
7-M,515,0,374,0,1,375,T
7-M,516,374,0,0,0,374,A
7-M,517,371,0,0,0,371,A
7-M,518,0,369,0,0,369,T
7-M,519,364,0,0,0,364,A
7-M,520,362,0,0,0,362,A
7-M,521,355,0,0,0,355,A
7-M,522,356,0,1,0,357,A
7-M,523,0,0,0,366,366,C
7-M,524,367,0,0,0,367,A
7-M,525,0,365,0,0,365,T
7-M,526,0,2,365,0,367,G
7-M,527,361,0,2,0,363,A
7-M,528,0,0,368,0,368,G
7-M,529,364,0,2,0,366,A
7-M,530,364,0,0,0,364,A
7-M,531,0,0,0,367,367,C
7-M,532,359,0,1,0,360,A
7-M,533,0,0,364,0,364,G
7-M,534,362,0,0,0,362,A
7-M,535,361,0,1,0,362,A
7-M,536,0,355,0,0,355,T
7-M,537,0,0,356,0,356,G
7-M,538,0,0,356,0,356,G
7-M,539,0,356,0,0,356,T
7-M,540,0,345,0,0,345,T
7-M,541,0,352,0,0,352,T
7-M,542,0,348,0,0,348,T
7-M,543,0,0,350,0,350,G
7-M,544,0,0,353,0,353,G
7-M,545,0,0,0,355,355,C
7-M,546,0,0,0,355,355,C
7-M,547,354,0,0,0,354,A
7-M,548,1,0,366,0,367,G
7-M,549,0,0,0,373,373,C
7-M,550,375,0,0,1,376,A
7-M,551,0,0,0,378,378,C
7-M,552,0,371,0,0,371,T
7-M,553,376,0,0,0,376,A
7-M,554,0,0,0,378,378,C
7-M,555,379,0,0,0,379,A
7-M,556,0,0,390,0,390,G
7-M,557,0,0,0,375,375,C
7-M,558,0,368,0,0,368,T
7-M,559,371,0,0,0,371,A
7-M,560,360,0,1,0,361,A
7-M,561,0,0,363,0,363,G
7-M,562,0,0,362,0,362,G
7-M,563,0,0,0,362,362,C
7-M,564,0,343,0,0,343,T
7-M,565,343,0,0,0,343,A
7-M,566,0,341,0,0,341,T
7-M,567,0,0,345,0,345,G
7-M,568,0,1,347,0,348,G
7-M,569,342,0,0,0,342,A
7-M,570,0,0,335,0,335,G
7-M,571,0,0,0,330,330,C
7-M,572,332,0,0,0,332,A
7-M,573,330,0,0,0,330,A
7-M,574,330,1,0,0,331,A
7-M,575,0,333,0,0,333,T
7-M,576,0,0,335,0,335,G
7-M,577,0,0,336,0,336,G
7-M,578,0,0,0,333,333,C
7-M,579,0,333,0,0,333,T
7-M,580,0,0,335,0,335,G
7-M,581,0,0,337,0,337,G
7-M,582,339,0,0,0,339,A
7-M,583,0,338,0,0,338,T
7-M,584,0,0,0,339,339,C
7-M,585,338,0,0,0,338,A
7-M,586,343,0,0,0,343,A
7-M,587,0,0,345,0,345,G
7-M,588,0,344,0,0,344,T
7-M,589,1,0,340,0,341,G
7-M,590,340,0,0,0,340,A
7-M,591,333,0,0,0,333,A
7-M,592,0,0,0,338,338,C
7-M,593,338,0,0,0,338,A
7-M,594,0,0,342,0,342,G
7-M,595,3,0,331,0,334,G
7-M,596,0,0,0,337,337,C
7-M,597,338,0,0,0,338,A
7-M,598,0,0,339,0,339,G
7-M,599,0,0,0,340,340,C
7-M,600,0,0,338,0,338,G
7-M,601,0,0,335,0,335,G
7-M,602,331,0,0,0,331,A
7-M,603,0,1,332,0,333,G
7-M,604,0,0,346,0,346,G
7-M,605,0,0,0,339,339,C
7-M,606,0,0,0,342,342,C
7-M,607,341,0,0,0,341,A
7-M,608,0,342,0,1,343,T
7-M,609,0,0,347,0,347,G
7-M,610,0,0,347,0,347,G
7-M,611,345,0,0,0,345,A
7-M,612,0,0,343,0,343,G
7-M,613,338,0,0,0,338,A
7-M,614,0,350,0,0,350,T
7-M,615,0,348,0,0,348,T
7-M,616,0,0,347,0,347,G
7-M,617,0,0,0,345,345,C
7-M,618,0,346,0,0,346,T
7-M,619,352,0,0,0,352,A
7-M,620,0,0,349,0,349,G
7-M,621,0,351,0,1,352,T
7-M,622,0,0,0,350,350,C
7-M,623,342,0,0,0,342,A
7-M,624,0,0,342,0,342,G
7-M,625,0,0,344,0,344,G
7-M,626,0,0,0,338,338,C
7-M,627,0,0,0,345,345,C
7-M,628,341,0,1,0,342,A
7-M,629,0,0,347,0,347,G
7-M,630,0,0,345,0,345,G
7-M,631,0,0,0,346,346,C
7-M,632,343,0,0,0,343,A
7-M,633,0,0,344,0,344,G
7-M,634,343,0,0,0,343,A
7-M,635,0,343,0,0,343,T
7-M,636,0,1,341,0,342,G
7-M,637,0,0,353,0,353,G
7-M,638,0,346,0,0,346,T
7-M,639,0,0,346,0,346,G
7-M,640,0,0,0,348,348,C
7-M,641,348,0,1,0,349,A
7-M,642,0,2,350,0,352,G
7-M,643,0,0,353,0,353,G
7-M,644,0,0,0,355,355,C
7-M,645,355,0,0,0,355,A
7-M,646,338,0,0,0,338,A
7-M,647,0,338,0,0,338,T
7-M,648,0,0,339,0,339,G
7-M,649,338,0,1,0,339,A
7-M,650,0,0,337,0,337,G
7-M,651,329,0,0,0,329,A
7-M,652,0,0,330,0,330,G
7-M,653,0,0,0,339,339,C
7-M,654,0,0,0,346,346,C
7-M,655,347,0,0,0,347,A
7-M,656,0,346,0,0,346,T
7-M,657,0,347,0,0,347,T
7-M,658,0,0,345,0,345,G
7-M,659,0,0,341,0,341,G
7-M,660,0,0,345,0,345,G
7-M,661,342,0,0,0,342,A
7-M,662,1,0,0,336,337,C
7-M,663,0,330,1,0,331,T
7-M,664,1,0,0,334,335,C
7-M,665,334,0,0,0,334,A
7-M,666,0,348,1,2,351,T
7-M,667,1,0,0,351,352,C
7-M,668,0,0,0,352,352,C
7-M,669,0,348,0,0,348,T
7-M,670,347,0,0,0,347,A
7-M,671,0,0,357,0,357,G
7-M,672,0,379,0,0,379,T
7-M,673,0,376,0,0,376,T
7-M,674,0,0,0,370,370,C
7-M,675,1,0,0,369,370,C
7-M,676,368,0,1,0,369,A
7-M,677,0,0,377,0,377,G
7-M,678,0,374,0,1,375,T
7-M,679,376,0,0,0,376,A
7-M,680,0,0,0,374,374,C
7-M,681,0,343,0,0,343,T
7-M,682,0,1,360,0,361,G
7-M,683,0,0,360,0,360,G
7-M,684,0,354,0,1,355,T
7-M,685,0,350,0,0,350,T
7-M,686,0,354,0,0,354,T
7-M,687,353,0,1,0,354,A
7-M,688,355,0,0,0,355,A
7-M,689,0,1,356,0,357,G
7-M,690,350,0,0,0,350,A
7-M,691,0,1,347,0,348,G
7-M,692,335,1,0,0,336,A
7-M,693,0,333,0,0,333,T
7-M,694,0,0,334,0,334,G
7-M,695,333,0,0,0,333,A
7-M,696,0,327,0,0,327,T
7-M,697,1,0,0,334,335,C
7-M,698,0,333,0,0,333,T
7-M,699,0,332,0,0,332,T
7-M,700,0,0,0,334,334,C
7-M,701,0,331,0,0,331,T
7-M,702,0,332,0,0,332,T
7-M,703,0,0,333,0,333,G
7-M,704,331,0,0,0,331,A
7-M,705,331,0,0,0,331,A
7-M,706,330,0,0,0,330,A
7-M,707,332,0,0,0,332,A
7-M,708,0,334,0,0,334,T
7-M,709,0,335,0,0,335,T
7-M,710,0,336,0,1,337,T
7-M,711,0,0,335,0,335,G
7-M,712,0,0,0,336,336,C
7-M,713,332,0,1,0,333,A
7-M,714,0,1,333,0,334,G
7-M,715,330,0,0,0,330,A
7-M,716,0,0,0,341,341,C
7-M,717,0,0,0,334,334,C
7-M,718,0,339,0,0,339,T
7-M,719,339,0,0,0,339,A
7-M,720,0,340,0,0,340,T
7-M,721,0,0,0,341,341,C
7-M,722,340,0,0,0,340,A
7-M,723,0,2,338,0,340,G
7-M,724,336,0,0,0,336,A
7-M,725,327,0,1,0,328,A
7-M,726,331,0,0,0,331,A
7-M,727,0,0,0,326,326,C
7-M,728,0,0,329,0,329,G
7-M,729,327,0,0,0,327,A
7-M,730,328,0,0,0,328,A
7-M,731,0,329,0,0,329,T
7-M,732,0,0,327,0,327,G
7-M,733,0,0,328,0,328,G
7-M,734,0,1,325,0,326,G
7-M,735,0,0,325,0,325,G
7-M,736,0,0,332,0,332,G
7-M,737,0,317,0,0,317,T
7-M,738,0,0,319,0,319,G
7-M,739,0,0,0,320,320,C
7-M,740,319,0,0,0,319,A
7-M,741,0,0,326,0,326,G
7-M,742,319,0,0,0,319,A
7-M,743,0,315,0,0,315,T
7-M,744,0,0,315,0,315,G
7-M,745,0,0,0,314,314,C
7-M,746,315,0,0,0,315,A
7-M,747,317,0,0,0,317,A
7-M,748,0,0,0,315,315,C
7-M,749,0,0,314,0,314,G
7-M,750,315,0,0,0,315,A
7-M,751,0,315,0,0,315,T
7-M,752,0,316,0,0,316,T
7-M,753,0,0,0,314,314,C
7-M,754,316,0,0,0,316,A
7-M,755,313,0,0,1,314,A
7-M,756,0,0,314,0,314,G
7-M,757,0,312,0,0,312,T
7-M,758,1,1,303,0,305,G
7-M,759,306,0,0,0,306,A
7-M,760,0,0,0,307,307,C
7-M,761,0,0,0,308,308,C
7-M,762,0,0,0,309,309,C
7-M,763,0,1,309,0,310,G
7-M,764,0,0,0,313,313,C
7-M,765,0,315,0,0,315,T
7-M,766,0,315,0,0,315,T
7-M,767,0,0,315,0,315,G
7-M,768,0,313,0,0,313,T
7-M,769,0,316,0,1,317,T
7-M,770,0,0,318,0,318,G
7-M,771,0,312,0,0,312,T
7-M,772,0,312,0,0,312,T
7-M,773,0,0,311,0,311,G
7-M,774,0,0,0,309,309,C
7-M,775,0,0,1,309,310,C
7-M,776,0,0,311,0,311,G
7-M,777,0,0,0,305,305,C
7-M,778,0,2,311,0,313,G
7-M,779,309,0,1,0,310,A
7-M,780,314,0,0,0,314,A
7-M,781,0,317,0,0,317,T
7-M,782,317,0,0,0,317,A
7-M,783,0,320,0,0,320,T
7-M,784,0,0,0,320,320,C
7-M,785,318,0,1,0,319,A
7-M,786,0,318,0,0,318,T
7-M,787,0,317,0,0,317,T
7-M,788,0,0,318,0,318,G
7-M,789,0,0,316,0,316,G
7-M,790,0,1,313,0,314,G
7-M,791,316,0,0,0,316,A
7-M,792,0,308,0,0,308,T
7-M,793,0,2,0,303,305,C
7-M,794,0,301,0,0,301,T
7-M,795,0,303,0,0,303,T
7-M,796,0,0,305,0,305,G
7-M,797,0,0,0,305,305,C
7-M,798,307,0,0,0,307,A
7-M,799,0,0,0,309,309,C
7-M,800,0,305,0,0,305,T
7-M,801,0,307,0,0,307,T
7-M,802,0,0,308,0,308,G
7-M,803,310,0,0,0,310,A
7-M,804,0,312,0,0,312,T
7-M,805,302,0,0,0,302,A
7-M,806,0,304,0,0,304,T
7-M,807,0,300,0,0,300,T
7-M,808,0,0,303,0,303,G
7-M,809,0,299,0,0,299,T
7-M,810,0,0,299,0,299,G
7-M,811,0,0,299,0,299,G
7-M,812,296,0,0,0,296,A
7-M,813,0,293,0,0,293,T
7-M,814,0,293,0,0,293,T
7-M,815,0,0,0,293,293,C
7-M,816,0,292,0,0,292,T
7-M,817,0,287,0,0,287,T
7-M,818,0,0,289,0,289,G
7-M,819,284,1,0,0,285,A
7-M,820,0,288,0,0,288,T
7-M,821,0,0,0,287,287,C
7-M,822,0,0,286,0,286,G
7-M,823,0,286,0,1,287,T
7-M,824,0,0,0,281,281,C
7-M,825,0,283,0,2,285,T
7-M,826,0,287,0,0,287,T
7-M,827,0,287,0,0,287,T
7-M,828,0,288,0,0,288,T
7-M,829,0,289,0,1,290,T
7-M,830,0,289,0,0,289,T
7-M,831,0,285,0,0,285,T
7-M,832,3,0,0,285,288,C
7-M,833,286,0,0,0,286,A
7-M,834,286,0,0,0,286,A
7-M,835,285,0,0,0,285,A
7-M,836,0,286,0,0,286,T
7-M,837,0,0,285,0,285,G
7-M,838,0,0,0,286,286,C
7-M,839,0,0,286,0,286,G
7-M,840,0,290,0,0,290,T
7-M,841,1,0,0,288,289,C
7-M,842,0,290,0,0,290,T
7-M,843,289,0,0,0,289,A
7-M,844,0,289,0,0,289,T
7-M,845,0,0,0,288,288,C
7-M,846,0,1,288,0,289,G
7-M,847,287,0,1,0,288,A
7-M,848,0,0,0,287,287,C
7-M,849,0,282,0,0,282,T
7-M,850,0,0,0,294,294,C
7-M,851,0,290,0,1,291,T
7-M,852,0,291,0,0,291,T
7-M,853,0,0,0,291,291,C
7-M,854,293,0,0,0,293,A
7-M,855,296,0,0,0,296,A
7-M,856,294,0,1,0,295,A
7-M,857,0,0,0,294,294,C
7-M,858,294,0,0,0,294,A
7-M,859,0,0,0,276,276,C
7-M,860,0,0,275,0,275,G
7-M,861,0,0,292,0,292,G
7-M,862,1,0,0,290,291,C
7-M,863,0,0,0,295,295,C
7-M,864,0,296,0,0,296,T
7-M,865,0,296,0,0,296,T
7-M,866,295,0,0,0,295,A
7-M,867,294,0,1,0,295,A
7-M,868,295,0,0,0,295,A
7-M,869,293,0,0,0,293,A
7-M,870,0,0,286,0,286,G
7-M,871,249,0,0,0,249,A
7-M,872,0,1,247,0,248,G
7-M,873,0,0,244,0,244,G
7-M,874,0,0,0,248,248,C
7-M,875,0,0,0,244,244,C
7-M,876,0,0,0,250,250,C
7-M,877,0,250,0,1,251,T
7-M,878,0,253,0,0,253,T
7-M,879,0,0,0,255,255,C
7-M,880,0,255,0,0,255,T
7-M,881,255,0,0,0,255,A
7-M,882,0,0,0,253,253,C
7-M,883,0,0,248,0,248,G
7-M,884,0,0,250,0,250,G
7-M,885,247,0,0,0,247,A
7-M,886,239,0,6,0,245,A
7-M,887,0,0,238,0,238,G
7-M,888,0,0,243,0,243,G
7-M,889,224,0,14,0,238,A
7-M,890,0,0,243,0,243,G
7-M,891,0,241,0,0,241,T
7-M,892,244,0,0,0,244,A
7-M,893,0,0,0,240,240,C
7-M,894,1,0,0,242,243,C
7-M,895,0,237,0,2,239,T
7-M,896,0,0,238,0,238,G
7-M,897,228,0,0,0,228,A
7-M,898,0,0,232,0,232,G
7-M,899,0,226,0,0,226,T
7-M,900,0,0,0,227,227,C
7-M,901,0,224,0,0,224,T
7-M,902,227,0,0,0,227,A
7-M,903,0,228,0,0,228,T
7-M,904,0,0,229,0,229,G
7-M,905,227,0,0,0,227,A
7-M,906,0,0,226,0,226,G
7-M,907,0,0,200,0,200,G
7-M,908,0,0,200,0,200,G
7-M,909,198,0,0,0,198,A
7-M,910,197,0,0,0,197,A
7-M,911,0,0,197,0,197,G
7-M,912,192,0,1,0,193,A
7-M,913,197,0,0,0,197,A
7-M,914,0,196,0,0,196,T
7-M,915,191,0,0,0,191,A
7-M,916,0,192,0,0,192,T
7-M,917,0,5,0,183,188,C
7-M,918,0,0,189,0,189,G
7-M,919,187,0,1,0,188,A
7-M,920,184,0,0,0,184,A
7-M,921,183,0,0,0,183,A
7-M,922,0,2,182,0,184,G
7-M,923,0,0,188,0,188,G
7-M,924,189,0,0,0,189,A
7-M,925,191,0,0,0,191,A
7-M,926,0,0,0,192,192,C
7-M,927,190,0,0,0,190,A
7-M,928,0,0,193,0,193,G
7-M,929,0,0,0,192,192,C
7-M,930,190,0,0,0,190,A
7-M,931,0,0,188,0,188,G
7-M,932,176,0,0,0,176,A
7-M,933,178,0,0,0,178,A
7-M,934,0,177,0,0,177,T
7-M,935,0,0,167,0,167,G
7-M,936,0,0,0,164,164,C
7-M,937,0,159,0,0,159,T
7-M,938,0,0,159,0,159,G
7-M,939,0,159,0,0,159,T
7-M,940,0,0,157,0,157,G
7-M,941,0,0,154,0,154,G
7-M,942,149,0,0,0,149,A
7-M,943,0,147,0,0,147,T
7-M,944,0,0,146,0,146,G
7-M,945,0,0,0,145,145,C
7-M,946,0,145,0,0,145,T
7-M,947,0,0,147,0,147,G
7-M,948,147,0,0,0,147,A
7-M,949,0,0,0,147,147,C
7-M,950,0,0,147,0,147,G
7-M,951,143,0,0,0,143,A
7-M,952,0,0,0,140,140,C
7-M,953,139,0,0,0,139,A
7-M,954,0,0,139,0,139,G
7-M,955,0,139,0,0,139,T
7-M,956,0,0,0,135,135,C
7-M,957,137,0,0,0,137,A
7-M,958,0,134,0,0,134,T
7-M,959,0,134,0,0,134,T
7-M,960,0,135,0,0,135,T
7-M,961,0,135,0,0,135,T
7-M,962,0,0,135,0,135,G
7-M,963,0,130,0,0,130,T
7-M,964,0,0,0,129,129,C
7-M,965,125,0,1,0,126,A
7-M,966,0,0,124,0,124,G
7-M,967,0,0,0,125,125,C
7-M,968,126,0,0,0,126,A
7-M,969,0,126,0,0,126,T
7-M,970,116,0,0,0,116,A
7-M,971,0,0,117,0,117,G
7-M,972,112,0,0,0,112,A
7-M,973,0,0,113,0,113,G
7-M,974,0,112,0,0,112,T
7-M,975,0,75,0,0,75,T
7-M,976,0,0,75,0,75,G
7-M,977,0,0,76,0,76,G
7-M,978,75,0,0,0,75,A
7-M,979,0,0,75,0,75,G
7-M,980,0,44,0,0,44,T
7-M,981,41,0,0,0,41,A
7-M,982,39,0,0,0,39,A
8-NS,1,681,0,0,0,681,A
8-NS,2,0,681,0,0,681,T
8-NS,3,0,0,724,0,724,G
8-NS,4,0,0,789,0,789,G
8-NS,5,836,0,1,0,837,A
8-NS,6,0,1528,0,0,1528,T
8-NS,7,0,1535,0,2,1537,T
8-NS,8,1,1,0,1584,1586,C
8-NS,9,1,0,0,1597,1598,C
8-NS,10,1596,0,1,0,1597,A
8-NS,11,1621,0,1,0,1622,A
8-NS,12,0,0,0,1630,1630,C
8-NS,13,1634,0,0,0,1634,A
8-NS,14,0,0,0,1687,1687,C
8-NS,15,0,1692,0,0,1692,T
8-NS,16,0,0,1693,0,1693,G
8-NS,17,0,1688,0,0,1688,T
8-NS,18,1695,0,0,0,1695,A
8-NS,19,0,1995,0,1,1996,T
8-NS,20,3,0,0,2002,2005,C
8-NS,21,2006,0,0,0,2006,A
8-NS,22,2009,0,0,1,2010,A
8-NS,23,0,0,2029,0,2029,G
8-NS,24,0,2082,0,0,2082,T
8-NS,25,0,2077,0,0,2077,T
8-NS,26,0,2100,0,2,2102,T
8-NS,27,1,0,0,2103,2104,C
8-NS,28,4,0,0,2106,2110,C
8-NS,29,2113,0,1,0,2114,A
8-NS,30,0,1,2130,0,2131,G
8-NS,31,0,0,2151,0,2151,G
8-NS,32,0,2113,0,0,2113,T
8-NS,33,2165,0,1,0,2166,A
8-NS,34,0,2,2176,0,2178,G
8-NS,35,2173,0,1,1,2175,A
8-NS,36,0,2185,0,1,2186,T
8-NS,37,0,2190,0,1,2191,T
8-NS,38,0,0,2224,0,2224,G
8-NS,39,0,0,0,2212,2212,C
8-NS,40,0,2222,0,2,2224,T
8-NS,41,0,2242,0,1,2243,T
8-NS,42,0,2256,0,1,2257,T
8-NS,43,1,0,0,2291,2292,C
8-NS,44,0,2297,0,0,2297,T
8-NS,45,0,2286,0,0,2286,T
8-NS,46,0,2293,0,1,2294,T
8-NS,47,0,6,2316,0,2322,G
8-NS,48,1,1,2304,0,2306,G
8-NS,49,0,0,0,2333,2333,C
8-NS,50,2326,1,3,0,2330,A
8-NS,51,0,2334,0,0,2334,T
8-NS,52,2363,0,0,1,2364,A
8-NS,53,0,2413,0,0,2413,T
8-NS,54,0,1,0,2418,2419,C
8-NS,55,1,1,0,2411,2413,C
8-NS,56,3,2,2411,0,2416,G
8-NS,57,0,1,2414,0,2415,G
8-NS,58,2420,0,1,0,2421,A
8-NS,59,2438,0,0,0,2438,A
8-NS,60,2452,1,3,0,2456,A
8-NS,61,0,0,0,2457,2457,C
8-NS,62,2462,0,1,0,2463,A
8-NS,63,2454,0,4,0,2458,A
8-NS,64,0,1,2559,1,2561,G
8-NS,65,0,2563,0,4,2567,T
8-NS,66,0,2568,0,1,2569,T
8-NS,67,0,0,2566,0,2566,G
8-NS,68,0,2566,0,0,2566,T
8-NS,69,2561,1,1,1,2564,A
8-NS,70,1,6,2573,0,2580,G
8-NS,71,2736,0,2,0,2738,A
8-NS,72,1,0,0,2771,2772,C
8-NS,73,2,1,0,2737,2740,C
8-NS,74,2740,0,0,0,2740,A
8-NS,75,2755,0,6,0,2761,A
8-NS,76,0,5,2882,0,2887,G
8-NS,77,2867,0,2,0,2869,A
8-NS,78,2902,0,1,0,2903,A
8-NS,79,0,1,0,2924,2925,C
8-NS,80,0,2847,0,0,2847,T
8-NS,81,0,3,2900,0,2903,G
8-NS,82,2874,0,3,0,2877,A
8-NS,83,0,2,2960,0,2962,G
8-NS,84,0,2953,0,0,2953,T
8-NS,85,2,2,2922,0,2926,G
8-NS,86,2936,0,2,0,2938,A
8-NS,87,0,2927,0,1,2928,T
8-NS,88,2,0,2956,0,2958,G
8-NS,89,0,1,0,2994,2995,C
8-NS,90,3,0,0,3009,3012,C
8-NS,91,4,0,0,3018,3022,C
8-NS,92,3,0,0,3009,3012,C
8-NS,93,3025,0,1,0,3026,A
8-NS,94,0,3098,0,2,3100,T
8-NS,95,0,3148,0,1,3149,T
8-NS,96,1,0,0,3170,3171,C
8-NS,97,1,1,0,3153,3155,C
8-NS,98,1,3149,0,5,3155,T
8-NS,99,1,3147,0,0,3148,T
8-NS,100,2,3,3147,0,3152,G
8-NS,101,3123,1,2,0,3126,A
8-NS,102,0,3147,1,1,3149,T
8-NS,103,4,2,0,3125,3131,C
8-NS,104,1,2,3097,0,3100,G
8-NS,105,1,0,3119,0,3120,G
8-NS,106,0,0,0,3138,3138,C
8-NS,107,0,3117,0,3,3120,T
8-NS,108,0,3154,0,0,3154,T
8-NS,109,4,0,0,3137,3141,C
8-NS,110,1,0,3158,0,3159,G
8-NS,111,2,2,0,3163,3167,C
8-NS,112,2,1,1,3168,3172,C
8-NS,113,1,4,3176,0,3181,G
8-NS,114,3127,0,1,0,3128,A
8-NS,115,0,6,3275,0,3281,G
8-NS,116,3264,0,4,0,3268,A
8-NS,117,0,3302,0,0,3302,T
8-NS,118,4,0,0,3312,3316,C
8-NS,119,3294,2,2,0,3298,A
8-NS,120,0,1,3312,0,3313,G
8-NS,121,3295,0,3,0,3298,A
8-NS,122,1,0,3313,0,3314,G
8-NS,123,11,2,3327,0,3340,G
8-NS,124,0,3355,0,3,3358,T
8-NS,125,0,0,0,3557,3557,C
8-NS,126,2,1,0,3564,3567,C
8-NS,127,2,0,0,3625,3627,C
8-NS,128,0,3627,0,1,3628,T
8-NS,129,3631,0,1,0,3632,A
8-NS,130,3627,0,4,0,3631,A
8-NS,131,14,2,3671,0,3687,G
8-NS,132,3,2,3661,0,3666,G
8-NS,133,0,1,3627,0,3628,G
8-NS,134,0,0,3571,0,3571,G
8-NS,135,3530,0,6,0,3536,A
8-NS,136,3543,0,2,0,3545,A
8-NS,137,0,3,3542,0,3545,G
8-NS,138,3614,0,2,0,3616,A
8-NS,139,0,7,3638,0,3645,G
8-NS,140,1,3,3628,0,3632,G
8-NS,141,0,0,0,3661,3661,C
8-NS,142,3651,0,2,0,3653,A
8-NS,143,3665,0,1,0,3666,A
8-NS,144,0,3661,0,1,3662,T
8-NS,145,3696,0,1,0,3697,A
8-NS,146,0,2,0,3760,3762,C
8-NS,147,0,3700,0,2,3702,T
8-NS,148,2,0,0,3695,3697,C
8-NS,149,0,3638,0,3,3641,T
8-NS,150,3,4,0,3676,3683,C
8-NS,151,1,6,3708,0,3715,G
8-NS,152,0,0,3941,0,3941,G
8-NS,153,0,3933,0,2,3935,T
8-NS,154,6,1,0,3965,3972,C
8-NS,155,1,3928,0,2,3931,T
8-NS,156,3996,0,1,0,3997,A
8-NS,157,1,5,3990,0,3996,G
8-NS,158,3975,0,24,0,3999,A
8-NS,159,0,1,0,4076,4077,C
8-NS,160,4026,0,1,0,4027,A
8-NS,161,2,3973,0,2,3977,T
8-NS,162,4,0,0,3965,3969,C
8-NS,163,3960,0,0,0,3960,A
8-NS,164,3954,0,1,0,3955,A
8-NS,165,3917,0,9,0,3926,A
8-NS,166,0,0,3927,0,3927,G
8-NS,167,0,0,0,3969,3969,C
8-NS,168,3926,0,2,0,3928,A
8-NS,169,1,1,3934,0,3936,G
8-NS,170,2,0,0,3944,3946,C
8-NS,171,2,1,1,3962,3966,C
8-NS,172,3980,1,3,0,3984,A
8-NS,173,1,1,0,4049,4051,C
8-NS,174,1,1,0,4055,4057,C
8-NS,175,4,7,0,4051,4062,C
8-NS,176,4093,10,2,0,4105,A
8-NS,177,0,4114,0,3,4117,T
8-NS,178,0,2,4107,0,4109,G
8-NS,179,0,4086,0,5,4091,T
8-NS,180,0,4087,0,4,4091,T
8-NS,181,1,2,4086,0,4089,G
8-NS,182,0,5,4043,0,4048,G
8-NS,183,4029,0,2,0,4031,A
8-NS,184,4040,0,2,0,4042,A
8-NS,185,3986,0,7,0,3993,A
8-NS,186,1,0,4004,0,4005,G
8-NS,187,0,0,0,4003,4003,C
8-NS,188,4002,0,0,0,4002,A
8-NS,189,3996,0,0,0,3996,A
8-NS,190,3988,0,0,0,3988,A
8-NS,191,0,4036,0,1,4037,T
8-NS,192,0,4043,0,0,4043,T
8-NS,193,0,0,4092,0,4092,G
8-NS,194,1,4077,0,2,4080,T
8-NS,195,4071,0,3,0,4074,A
8-NS,196,1,7,4075,0,4083,G
8-NS,197,4060,1,0,0,4061,A
8-NS,198,4070,0,3,0,4073,A
8-NS,199,4061,0,3,0,4064,A
8-NS,200,4033,0,4,0,4037,A
8-NS,201,1,2,4053,0,4056,G
8-NS,202,3975,0,12,0,3987,A
8-NS,203,0,4005,0,0,4005,T
8-NS,204,0,4014,0,0,4014,T
8-NS,205,5,0,0,4021,4026,C
8-NS,206,0,4021,1,0,4022,T
8-NS,207,0,1,4026,0,4027,G
8-NS,208,4032,0,1,0,4033,A
8-NS,209,4024,1,1,0,4026,A
8-NS,210,4008,0,1,0,4009,A
8-NS,211,0,4,4023,0,4027,G
8-NS,212,4019,0,3,0,4022,A
8-NS,213,4021,0,8,0,4029,A
8-NS,214,1,4,4056,0,4061,G
8-NS,215,4080,2,1,0,4083,A
8-NS,216,4091,0,0,0,4091,A
8-NS,217,0,4105,0,0,4105,T
8-NS,218,2,2,0,4158,4162,C
8-NS,219,0,4154,1,4,4159,T
8-NS,220,1,4,4163,0,4168,G
8-NS,221,4150,0,3,0,4153,A
8-NS,222,0,4160,0,1,4161,T
8-NS,223,1,5,4137,1,4144,G
8-NS,224,4098,1,3,0,4102,A
8-NS,225,1,5,4110,0,4116,G
8-NS,226,1,2,4107,0,4110,G
8-NS,227,1,1,0,4100,4102,C
8-NS,228,4105,0,1,0,4106,A
8-NS,229,1,0,1,4198,4200,C
8-NS,230,1,4200,1,3,4205,T
8-NS,231,0,4228,1,2,4231,T
8-NS,232,4255,0,0,1,4256,A
8-NS,233,4269,0,1,0,4270,A
8-NS,234,4262,0,2,0,4264,A
8-NS,235,4228,0,7,0,4235,A
8-NS,236,0,4251,2,0,4253,T
8-NS,237,0,5,4252,0,4257,G
8-NS,238,4257,0,3,0,4260,A
8-NS,239,1,2,1,4267,4271,C
8-NS,240,3,0,0,4254,4257,C
8-NS,241,4268,0,0,0,4268,A
8-NS,242,0,4249,1,1,4251,T
8-NS,243,0,2,4358,0,4360,G
8-NS,244,0,1,4422,0,4423,G
8-NS,245,0,4402,0,4,4406,T
8-NS,246,4,1,0,4544,4549,C
8-NS,247,2,4498,6,13,4519,T
8-NS,248,1,0,0,4594,4595,C
8-NS,249,4,4,0,4584,4592,C
8-NS,250,4612,0,4,0,4616,A
8-NS,251,0,0,0,4615,4615,C
8-NS,252,4544,0,0,0,4544,A
8-NS,253,0,4293,0,5,4298,T
8-NS,254,3,0,0,4388,4391,C
8-NS,255,0,4388,0,0,4388,T
8-NS,256,0,0,4401,0,4401,G
8-NS,257,0,2,0,4367,4369,C
8-NS,258,0,4336,0,0,4336,T
8-NS,259,0,4375,0,10,4385,T
8-NS,260,3,1,0,4369,4373,C
8-NS,261,2,1,4358,0,4361,G
8-NS,262,1,1,0,4378,4380,C
8-NS,263,4,2,4380,1,4387,G
8-NS,264,4539,0,1,0,4540,A
8-NS,265,0,4551,0,0,4551,T
8-NS,266,4659,0,5,0,4664,A
8-NS,267,1,0,0,4672,4673,C
8-NS,268,4662,0,5,0,4667,A
8-NS,269,0,4790,0,0,4790,T
8-NS,270,4776,0,2,0,4778,A
8-NS,271,4783,0,3,0,4786,A
8-NS,272,0,0,0,4791,4791,C
8-NS,273,0,4642,0,1,4643,T
8-NS,274,3,3,4695,0,4701,G
8-NS,275,4607,0,4,0,4611,A
8-NS,276,2,1,0,4652,4655,C
8-NS,277,4613,2,14,1,4630,A
8-NS,278,1,4568,0,4,4573,T
8-NS,279,2,4,4573,0,4579,G
8-NS,280,4551,0,7,0,4558,A
8-NS,281,0,0,0,4683,4683,C
8-NS,282,0,4674,0,0,4674,T
8-NS,283,4751,0,0,0,4751,A
8-NS,284,0,4728,0,3,4731,T
8-NS,285,0,4710,0,0,4710,T
8-NS,286,2,2,4720,0,4724,G
8-NS,287,4679,2,5,0,4686,A
8-NS,288,2,5,4661,0,4668,G
8-NS,289,0,5,4645,0,4650,G
8-NS,290,4573,0,1,0,4574,A
8-NS,291,4590,0,3,0,4593,A
8-NS,292,0,4507,0,0,4507,T
8-NS,293,0,4528,0,1,4529,T
8-NS,294,2,0,4597,0,4599,G
8-NS,295,1,4606,0,2,4609,T
8-NS,296,2,0,0,4616,4618,C
8-NS,297,4611,1,4,1,4617,A
8-NS,298,4622,1,4,1,4628,A
8-NS,299,0,1,4634,0,4635,G
8-NS,300,4640,0,2,0,4642,A
8-NS,301,4641,0,0,0,4641,A
8-NS,302,4633,0,2,0,4635,A
8-NS,303,0,1,0,4636,4637,C
8-NS,304,1,4604,0,0,4605,T
8-NS,305,0,3,4694,1,4698,G
8-NS,306,2,1,4748,0,4751,G
8-NS,307,0,4740,0,3,4743,T
8-NS,308,0,4737,1,5,4743,T
8-NS,309,5,2,0,4732,4739,C
8-NS,310,4753,1,1,0,4755,A
8-NS,311,9,4811,0,1,4821,T
8-NS,312,2,3,4868,0,4873,G
8-NS,313,1,0,0,4902,4903,C
8-NS,314,0,4851,0,8,4859,T
8-NS,315,4767,0,4,0,4771,A
8-NS,316,4842,0,1,0,4843,A
8-NS,317,1,4880,0,2,4883,T
8-NS,318,1,1,4882,0,4884,G
8-NS,319,1,0,0,4854,4855,C
8-NS,320,1,1,0,4789,4791,C
8-NS,321,6,1,1,4790,4798,C
8-NS,322,4782,0,1,0,4783,A
8-NS,323,4784,0,5,0,4789,A
8-NS,324,0,1,4832,0,4833,G
8-NS,325,1,2,0,4815,4818,C
8-NS,326,4805,0,6,0,4811,A
8-NS,327,3,6,4853,0,4862,G
8-NS,328,4842,0,0,0,4842,A
8-NS,329,4845,0,1,0,4846,A
8-NS,330,4844,0,0,0,4844,A
8-NS,331,4787,0,8,1,4796,A
8-NS,332,0,4853,0,4,4857,T
8-NS,333,3,2,4860,1,4866,G
8-NS,334,0,4,4864,0,4868,G
8-NS,335,4871,1,4,0,4876,A
8-NS,336,4831,3,1,1,4836,A
8-NS,337,0,2,4818,0,4820,G
8-NS,338,2,2,4821,0,4825,G
8-NS,339,4797,3,5,0,4805,A
8-NS,340,1,1,0,4831,4833,C
8-NS,341,2,0,0,4825,4827,C
8-NS,342,0,4826,0,0,4826,T
8-NS,343,0,1,0,4893,4894,C
8-NS,344,0,4900,1,3,4904,T
8-NS,345,1,4903,1,0,4905,T
8-NS,346,0,4919,0,1,4920,T
8-NS,347,0,1,4916,0,4917,G
8-NS,348,1,0,0,4946,4947,C
8-NS,349,4935,1,3,0,4939,A
8-NS,350,0,4914,1,8,4923,T
8-NS,351,3,5,0,4928,4936,C
8-NS,352,4973,2,0,0,4975,A
8-NS,353,0,4,5122,0,5126,G
8-NS,354,5109,0,2,3,5114,A
8-NS,355,5122,0,1,0,5123,A
8-NS,356,1,5102,0,0,5103,T
8-NS,357,1,5,5065,0,5071,G
8-NS,358,8,2,5101,0,5111,G
8-NS,359,5082,0,11,0,5093,A
8-NS,360,0,0,0,5091,5091,C
8-NS,361,1,1,0,4989,4991,C
8-NS,362,4910,1,7,1,4919,A
8-NS,363,0,4,4956,0,4960,G
8-NS,364,4,1,4938,0,4943,G
8-NS,365,2,3,0,4979,4984,C
8-NS,366,4957,0,1,0,4958,A
8-NS,367,4963,0,5,0,4968,A
8-NS,368,0,4948,1,3,4952,T
8-NS,369,4,0,0,4969,4973,C
8-NS,370,4976,0,1,0,4977,A
8-NS,371,0,4936,1,1,4938,T
8-NS,372,0,3,4870,0,4873,G
8-NS,373,0,4,4896,0,4900,G
8-NS,374,4860,1,3,0,4864,A
8-NS,375,0,4,4920,0,4924,G
8-NS,376,4868,0,0,0,4868,A
8-NS,377,4862,1,0,0,4863,A
8-NS,378,4865,0,2,0,4867,A
8-NS,379,4855,1,4,0,4860,A
8-NS,380,4880,0,6,0,4886,A
8-NS,381,0,1,0,4911,4912,C
8-NS,382,4898,0,1,0,4899,A
8-NS,383,1,4868,0,3,4872,T
8-NS,384,6,1,0,4863,4870,C
8-NS,385,4866,0,3,0,4869,A
8-NS,386,2,4877,0,0,4879,T
8-NS,387,0,0,4892,0,4892,G
8-NS,388,0,4880,0,1,4881,T
8-NS,389,0,4852,0,2,4854,T
8-NS,390,1,4,4839,1,4845,G
8-NS,391,4820,0,0,0,4820,A
8-NS,392,4824,0,0,0,4824,A
8-NS,393,4816,0,4,1,4821,A
8-NS,394,0,1,4821,1,4823,G
8-NS,395,2,5,0,4792,4799,C
8-NS,396,0,8,4806,0,4814,G
8-NS,397,4800,0,12,1,4813,A
8-NS,398,4810,2,1,1,4814,A
8-NS,399,0,4803,0,3,4806,T
8-NS,400,0,4808,0,5,4813,T
8-NS,401,0,4801,0,3,4804,T
8-NS,402,6,0,0,4823,4829,C
8-NS,403,4799,0,1,0,4800,A
8-NS,404,1,2,4808,0,4811,G
8-NS,405,0,4801,0,3,4804,T
8-NS,406,0,0,4806,0,4806,G
8-NS,407,0,4775,0,11,4786,T
8-NS,408,1,10,4802,0,4813,G
8-NS,409,4839,0,3,0,4842,A
8-NS,410,0,4830,0,3,4833,T
8-NS,411,0,4820,0,3,4823,T
8-NS,412,1,4803,0,0,4804,T
8-NS,413,0,4792,0,4,4796,T
8-NS,414,0,4805,0,6,4811,T
8-NS,415,0,4,4807,0,4811,G
8-NS,416,4799,0,6,0,4805,A
8-NS,417,1,4,0,4780,4785,C
8-NS,418,4,2,0,4753,4759,C
8-NS,419,2,7,4817,0,4826,G
8-NS,420,5259,0,1,0,5260,A
8-NS,421,2,0,0,5356,5358,C
8-NS,422,0,5358,0,0,5358,T
8-NS,423,5166,1,216,0,5383,A
8-NS,424,0,12,5366,0,5378,G
8-NS,425,5388,0,9,0,5397,A
8-NS,426,0,5,5423,0,5428,G
8-NS,427,5393,1,4,1,5399,A
8-NS,428,0,0,0,5465,5465,C
8-NS,429,4,0,0,5144,5148,C
8-NS,430,4980,1,4,0,4985,A
8-NS,431,0,5224,0,1,5225,T
8-NS,432,5202,1,3,0,5206,A
8-NS,433,4,1,5545,0,5550,G
8-NS,434,0,5491,0,4,5495,T
8-NS,435,5501,1,1,1,5504,A
8-NS,436,2,5505,0,1,5508,T
8-NS,437,0,5384,0,0,5384,T
8-NS,438,5512,1,2,0,5515,A
8-NS,439,1,0,0,5530,5531,C
8-NS,440,0,5312,0,2,5314,T
8-NS,441,5302,0,1,0,5303,A
8-NS,442,4835,0,5,0,4840,A
8-NS,443,2,5,4868,0,4875,G
8-NS,444,0,0,4853,1,4854,G
8-NS,445,4,0,4846,0,4850,G
8-NS,446,1,1,0,4811,4813,C
8-NS,447,1,4759,0,6,4766,T
8-NS,448,0,4762,0,0,4762,T
8-NS,449,0,4834,0,2,4836,T
8-NS,450,4,1,0,4855,4860,C
8-NS,451,4905,0,5,0,4910,A
8-NS,452,0,0,0,4953,4953,C
8-NS,453,3,4,1,4887,4895,C
8-NS,454,3,0,4903,0,4906,G
8-NS,455,4857,0,1,0,4858,A
8-NS,456,4865,3,0,0,4868,A
8-NS,457,1,2,4909,0,4912,G
8-NS,458,4836,0,2,1,4839,A
8-NS,459,0,4,4860,1,4865,G
8-NS,460,1,2,4771,0,4774,G
8-NS,461,1,5,4786,2,4794,G
8-NS,462,4772,0,14,0,4786,A
8-NS,463,0,2,4779,0,4781,G
8-NS,464,0,1,0,4778,4779,C
8-NS,465,4779,0,2,0,4781,A
8-NS,466,4774,0,1,0,4775,A
8-NS,467,0,4778,0,1,4779,T
8-NS,468,0,4764,0,0,4764,T
8-NS,469,1,2,4764,0,4767,G
8-NS,470,1,4705,0,0,4706,T
8-NS,471,0,4693,1,1,4695,T
8-NS,472,0,3,4695,0,4698,G
8-NS,473,2,0,4673,0,4675,G
8-NS,474,0,0,2,4693,4695,C
8-NS,475,3,5,4712,0,4720,G
8-NS,476,4700,0,1,0,4701,A
8-NS,477,4733,0,1,0,4734,A
8-NS,478,4747,0,0,0,4747,A
8-NS,479,1,4751,0,2,4754,T
8-NS,480,2,1,0,4755,4758,C
8-NS,481,0,4706,0,3,4709,T
8-NS,482,3,2,2,4737,4744,C
8-NS,483,4742,0,1,0,4743,A
8-NS,484,1,1,0,4739,4741,C
8-NS,485,6,0,0,4745,4751,C
8-NS,486,4711,0,4,0,4715,A
8-NS,487,0,4700,0,1,4701,T
8-NS,488,0,4669,0,1,4670,T
8-NS,489,1,2,4686,0,4689,G
8-NS,490,2,1,0,4670,4673,C
8-NS,491,5,1,0,4673,4679,C
8-NS,492,20,4662,0,7,4689,T
8-NS,493,0,4656,0,4,4660,T
8-NS,494,5,0,0,4701,4706,C
8-NS,495,0,4693,0,2,4695,T
8-NS,496,0,4697,0,1,4698,T
8-NS,497,0,4807,0,3,4810,T
8-NS,498,0,4791,0,0,4791,T
8-NS,499,4,2,1,4791,4798,C
8-NS,500,1,1,0,4807,4809,C
8-NS,501,4790,0,7,1,4798,A
8-NS,502,1,4,4844,0,4849,G
8-NS,503,3,2,4812,0,4817,G
8-NS,504,4900,0,3,0,4903,A
8-NS,505,0,1,0,4900,4901,C
8-NS,506,4874,0,1,0,4875,A
8-NS,507,0,4906,1,1,4908,T
8-NS,508,4899,0,3,0,4902,A
8-NS,509,1,0,0,5201,5202,C
8-NS,510,1,5200,0,1,5202,T
8-NS,511,5161,0,5,0,5166,A
8-NS,512,0,5135,1,10,5146,T
8-NS,513,2,4979,1,4,4986,T
8-NS,514,0,3,4976,0,4979,G
8-NS,515,4780,0,4,0,4784,A
8-NS,516,0,2,4783,0,4785,G
8-NS,517,1,3,4768,0,4772,G
8-NS,518,4385,0,0,0,4385,A
8-NS,519,1,4404,0,1,4406,T
8-NS,520,2,1,4414,0,4417,G
8-NS,521,0,4349,0,13,4362,T
8-NS,522,5,0,0,4400,4405,C
8-NS,523,4401,2,5,0,4408,A
8-NS,524,4416,0,0,0,4416,A
8-NS,525,4413,0,2,0,4415,A
8-NS,526,4392,0,0,0,4392,A
8-NS,527,4399,5,2,0,4406,A
8-NS,528,0,4393,1,1,4395,T
8-NS,529,1,0,4396,0,4397,G
8-NS,530,0,1,0,4417,4418,C
8-NS,531,4408,0,1,1,4410,A
8-NS,532,4425,0,0,0,4425,A
8-NS,533,0,4441,0,0,4441,T
8-NS,534,0,4451,0,1,4452,T
8-NS,535,0,2,4432,1,4435,G
8-NS,536,1,3,4396,0,4400,G
8-NS,537,1,2,4389,0,4392,G
8-NS,538,1,0,4427,0,4428,G
8-NS,539,0,4377,0,6,4383,T
8-NS,540,3,1,0,4399,4403,C
8-NS,541,6,3,0,4406,4415,C
8-NS,542,0,4422,0,4,4426,T
8-NS,543,4,1,0,4488,4493,C
8-NS,544,4495,0,1,2,4498,A
8-NS,545,0,4481,0,1,4482,T
8-NS,546,1,3,0,4509,4513,C
8-NS,547,11,0,4463,0,4474,G
8-NS,548,1,7,4459,0,4467,G
8-NS,549,4392,0,5,0,4397,A
8-NS,550,2,4,4410,0,4416,G
8-NS,551,0,4,4426,0,4430,G
8-NS,552,4356,1,0,0,4357,A
8-NS,553,0,1,1,4403,4405,C
8-NS,554,1,4402,0,3,4406,T
8-NS,555,0,4410,0,0,4410,T
8-NS,556,2,5,4429,0,4436,G
8-NS,557,4391,1,3,0,4395,A
8-NS,558,4399,0,2,2,4403,A
8-NS,559,0,4403,1,0,4404,T
8-NS,560,1,4,4298,0,4303,G
8-NS,561,0,6,4349,0,4355,G
8-NS,562,4291,0,2,0,4293,A
8-NS,563,4350,2,6,0,4358,A
8-NS,564,0,4510,0,1,4511,T
8-NS,565,0,6,4539,0,4545,G
8-NS,566,4548,1,0,0,4549,A
8-NS,567,0,4552,0,1,4553,T
8-NS,568,4539,0,8,0,4547,A
8-NS,569,4559,3,2,0,4564,A
8-NS,570,0,1,1,4501,4503,C
8-NS,571,4425,1,4,1,4431,A
8-NS,572,1,1,0,4463,4465,C
8-NS,573,4074,0,1,1,4076,A
8-NS,574,2,1,4133,0,4136,G
8-NS,575,0,4102,0,4,4106,T
8-NS,576,1,4076,0,2,4079,T
8-NS,577,5,2,0,4094,4101,C
8-NS,578,3,7,4081,1,4092,G
8-NS,579,4067,0,3,0,4070,A
8-NS,580,1,1,4092,0,4094,G
8-NS,581,0,4042,0,1,4043,T
8-NS,582,6,0,0,4044,4050,C
8-NS,583,0,3974,0,8,3982,T
8-NS,584,1,0,0,4008,4009,C
8-NS,585,1,4031,0,1,4033,T
8-NS,586,4036,0,0,0,4036,A
8-NS,587,4038,0,0,0,4038,A
8-NS,588,4024,0,0,0,4024,A
8-NS,589,4072,0,0,0,4072,A
8-NS,590,4072,0,0,1,4073,A
8-NS,591,0,4028,0,0,4028,T
8-NS,592,2,0,0,4070,4072,C
8-NS,593,0,4041,0,1,4042,T
8-NS,594,4057,0,1,1,4059,A
8-NS,595,0,1,0,4069,4070,C
8-NS,596,4066,1,0,0,4067,A
8-NS,597,0,0,4070,0,4070,G
8-NS,598,3987,0,3,0,3990,A
8-NS,599,2,3,3994,0,3999,G
8-NS,600,3981,1,1,0,3983,A
8-NS,601,0,3929,0,3,3932,T
8-NS,602,0,3933,1,3,3937,T
8-NS,603,5,0,1,3937,3943,C
8-NS,604,0,0,3951,0,3951,G
8-NS,605,0,0,0,3939,3939,C
8-NS,606,0,3919,0,3,3922,T
8-NS,607,0,3951,0,3,3954,T
8-NS,608,0,2,3944,0,3946,G
8-NS,609,1,1,3959,0,3961,G
8-NS,610,3950,0,4,0,3954,A
8-NS,611,0,2,3954,0,3956,G
8-NS,612,3926,1,0,1,3928,A
8-NS,613,3896,0,1,0,3897,A
8-NS,614,0,1,3945,0,3946,G
8-NS,615,1,1,0,3940,3942,C
8-NS,616,3944,0,5,0,3949,A
8-NS,617,0,0,4050,0,4050,G
8-NS,618,1,4010,0,1,4012,T
8-NS,619,4049,0,0,0,4049,A
8-NS,620,4040,0,2,0,4042,A
8-NS,621,0,4011,0,2,4013,T
8-NS,622,4,4,4031,0,4039,G
8-NS,623,3890,0,3,0,3893,A
8-NS,624,0,4,3966,0,3970,G
8-NS,625,3932,0,4,0,3936,A
8-NS,626,3767,0,2,0,3769,A
8-NS,627,0,3743,0,0,3743,T
8-NS,628,0,18,3676,0,3694,G
8-NS,629,2,6,3699,0,3707,G
8-NS,630,0,3,3687,0,3690,G
8-NS,631,1,0,3672,0,3673,G
8-NS,632,2,0,3671,0,3673,G
8-NS,633,3575,0,0,0,3575,A
8-NS,634,0,3504,1,4,3509,T
8-NS,635,3,0,0,3633,3636,C
8-NS,636,0,3628,0,5,3633,T
8-NS,637,1,0,0,3653,3654,C
8-NS,638,1,12,0,3656,3669,C
8-NS,639,3671,0,2,0,3673,A
8-NS,640,0,0,0,3692,3692,C
8-NS,641,0,3601,0,5,3606,T
8-NS,642,0,3594,0,0,3594,T
8-NS,643,3526,0,2,0,3528,A
8-NS,644,0,0,0,3542,3542,C
8-NS,645,1,3494,0,7,3502,T
8-NS,646,4,4,0,3494,3502,C
8-NS,647,5,2,0,3462,3469,C
8-NS,648,3473,0,0,0,3473,A
8-NS,649,3471,0,0,0,3471,A
8-NS,650,3468,0,0,0,3468,A
8-NS,651,3464,0,4,1,3469,A
8-NS,652,0,2,0,3472,3474,C
8-NS,653,3386,0,1,0,3387,A
8-NS,654,0,1,3393,1,3395,G
8-NS,655,3394,0,0,0,3394,A
8-NS,656,3370,0,20,0,3390,A
8-NS,657,3383,0,1,0,3384,A
8-NS,658,0,2,0,3372,3374,C
8-NS,659,0,6,3365,0,3371,G
8-NS,660,0,2,3375,0,3377,G
8-NS,661,0,1,3377,0,3378,G
8-NS,662,3379,0,0,0,3379,A
8-NS,663,3363,0,0,0,3363,A
8-NS,664,3362,0,0,0,3362,A
8-NS,665,0,3352,0,1,3353,T
8-NS,666,1,0,3378,0,3379,G
8-NS,667,0,0,3363,0,3363,G
8-NS,668,1,3,0,3338,3342,C
8-NS,669,0,1,3356,0,3357,G
8-NS,670,3354,0,2,0,3356,A
8-NS,671,0,4,3366,0,3370,G
8-NS,672,3364,0,3,0,3367,A
8-NS,673,3361,1,1,2,3365,A
8-NS,674,1,2,0,3370,3373,C
8-NS,675,3329,0,2,0,3331,A
8-NS,676,0,0,3311,0,3311,G
8-NS,677,1,2,0,3283,3286,C
8-NS,678,0,3307,0,1,3308,T
8-NS,679,3311,0,1,0,3312,A
8-NS,680,1,3,3258,1,3263,G
8-NS,681,0,1,3269,0,3270,G
8-NS,682,0,3223,0,4,3227,T
8-NS,683,8,0,0,3177,3185,C
8-NS,684,3191,0,2,0,3193,A
8-NS,685,3187,0,0,0,3187,A
8-NS,686,3168,0,14,0,3182,A
8-NS,687,3192,0,0,0,3192,A
8-NS,688,2,0,3194,0,3196,G
8-NS,689,0,3121,0,1,3122,T
8-NS,690,0,3121,0,1,3122,T
8-NS,691,0,3119,0,0,3119,T
8-NS,692,1,5,3122,1,3129,G
8-NS,693,3127,0,1,0,3128,A
8-NS,694,3127,0,6,0,3133,A
8-NS,695,0,4,3149,0,3153,G
8-NS,696,3086,0,1,0,3087,A
8-NS,697,1,2,3098,0,3101,G
8-NS,698,3085,0,15,1,3101,A
8-NS,699,0,3099,0,0,3099,T
8-NS,700,3097,0,4,0,3101,A
8-NS,701,3087,0,2,0,3089,A
8-NS,702,1,1,3073,0,3075,G
8-NS,703,2873,0,0,0,2873,A
8-NS,704,0,2868,0,0,2868,T
8-NS,705,1,2,2878,0,2881,G
8-NS,706,1,0,2876,0,2877,G
8-NS,707,1,1,1,2850,2853,C
8-NS,708,0,2863,0,2,2865,T
8-NS,709,2876,0,1,0,2877,A
8-NS,710,2872,0,0,0,2872,A
8-NS,711,0,2863,0,2,2865,T
8-NS,712,0,2860,0,0,2860,T
8-NS,713,1,2,2864,0,2867,G
8-NS,714,2819,0,4,0,2823,A
8-NS,715,2808,0,3,0,2811,A
8-NS,716,0,2,2808,0,2810,G
8-NS,717,2814,0,0,0,2814,A
8-NS,718,2756,0,1,0,2757,A
8-NS,719,0,1,2797,0,2798,G
8-NS,720,0,2725,0,2,2727,T
8-NS,721,0,2,2736,0,2738,G
8-NS,722,2709,0,2,0,2711,A
8-NS,723,0,0,2709,0,2709,G
8-NS,724,2713,0,5,0,2718,A
8-NS,725,1,2,0,2679,2682,C
8-NS,726,2662,1,0,0,2663,A
8-NS,727,0,6,0,2658,2664,C
8-NS,728,2442,0,5,0,2447,A
8-NS,729,0,0,2494,0,2494,G
8-NS,730,2485,0,3,0,2488,A
8-NS,731,1,2455,1,1,2458,T
8-NS,732,0,2455,1,1,2457,T
8-NS,733,2458,0,0,0,2458,A
8-NS,734,2454,0,0,0,2454,A
8-NS,735,2454,0,0,0,2454,A
8-NS,736,2435,0,0,0,2435,A
8-NS,737,2432,0,0,0,2432,A
8-NS,738,1,0,0,2315,2316,C
8-NS,739,2190,0,0,0,2190,A
8-NS,740,2197,0,0,1,2198,A
8-NS,741,1,1,0,2195,2197,C
8-NS,742,0,2182,0,1,2183,T
8-NS,743,1,1,2202,0,2204,G
8-NS,744,2198,1,0,0,2199,A
8-NS,745,2205,0,0,0,2205,A
8-NS,746,2205,2,0,0,2207,A
8-NS,747,2177,1,0,0,2178,A
8-NS,748,0,2162,1,0,2163,T
8-NS,749,2115,0,2,1,2118,A
8-NS,750,0,1,2115,0,2116,G
8-NS,751,0,0,0,2121,2121,C
8-NS,752,0,2069,1,6,2076,T
8-NS,753,0,2082,1,3,2086,T
8-NS,754,0,2065,2,1,2068,T
8-NS,755,0,1,2080,1,2082,G
8-NS,756,2077,0,1,0,2078,A
8-NS,757,2079,0,0,0,2079,A
8-NS,758,0,0,0,2086,2086,C
8-NS,759,2027,0,0,0,2027,A
8-NS,760,2036,0,1,0,2037,A
8-NS,761,2034,0,1,0,2035,A
8-NS,762,0,2038,1,1,2040,T
8-NS,763,2038,0,1,0,2039,A
8-NS,764,2015,0,0,0,2015,A
8-NS,765,1,0,0,2017,2018,C
8-NS,766,2005,0,0,1,2006,A
8-NS,767,0,1966,0,0,1966,T
8-NS,768,0,1902,1,2,1905,T
8-NS,769,2,0,0,1891,1893,C
8-NS,770,1887,0,0,0,1887,A
8-NS,771,0,1858,0,0,1858,T
8-NS,772,1,0,1871,0,1872,G
8-NS,773,0,1,0,1844,1845,C
8-NS,774,1830,0,0,1,1831,A
8-NS,775,1811,1,4,0,1816,A
8-NS,776,0,0,1811,0,1811,G
8-NS,777,0,1,0,1837,1838,C
8-NS,778,1797,0,1,0,1798,A
8-NS,779,0,1799,0,0,1799,T
8-NS,780,0,1786,0,1,1787,T
8-NS,781,1780,1,2,0,1783,A
8-NS,782,0,0,0,1787,1787,C
8-NS,783,1765,0,0,0,1765,A
8-NS,784,1732,0,0,0,1732,A
8-NS,785,1,0,0,1728,1729,C
8-NS,786,0,1493,0,1,1494,T
8-NS,787,2,0,1499,0,1501,G
8-NS,788,1,1,0,1475,1477,C
8-NS,789,0,1449,0,0,1449,T
8-NS,790,0,0,1453,0,1453,G
8-NS,791,0,1425,0,0,1425,T
8-NS,792,0,1429,0,0,1429,T
8-NS,793,0,1428,0,0,1428,T
8-NS,794,0,1,1416,0,1417,G
8-NS,795,1415,0,2,0,1417,A
8-NS,796,1384,0,2,1,1387,A
8-NS,797,0,0,1384,0,1384,G
8-NS,798,0,1369,0,0,1369,T
8-NS,799,0,0,1321,0,1321,G
8-NS,800,0,2,1334,0,1336,G
8-NS,801,1330,0,0,0,1330,A
8-NS,802,1323,0,1,0,1324,A
8-NS,803,1,0,0,1317,1318,C
8-NS,804,1273,0,1,0,1274,A
8-NS,805,0,0,1270,0,1270,G
8-NS,806,0,2,1247,0,1249,G
8-NS,807,1231,0,4,0,1235,A
8-NS,808,0,0,1242,0,1242,G
8-NS,809,991,0,1,0,992,A
8-NS,810,0,983,0,0,983,T
8-NS,811,982,0,2,0,984,A
8-NS,812,977,0,2,0,979,A
8-NS,813,0,0,972,0,972,G
8-NS,814,863,0,0,0,863,A
8-NS,815,858,0,0,0,858,A
8-NS,816,0,0,0,844,844,C
8-NS,817,0,731,0,0,731,T
8-NS,818,0,722,0,0,722,T
8-NS,819,0,713,0,0,713,T
8-NS,820,1,0,0,718,719,C
8-NS,821,0,708,0,1,709,T
8-NS,822,1,0,0,697,698,C
8-NS,823,678,0,0,0,678,A
8-NS,824,0,671,0,1,672,T
8-NS,825,0,660,0,2,662,T
8-NS,826,0,655,0,1,656,T
8-NS,827,0,0,0,659,659,C
8-NS,828,629,0,0,0,629,A
8-NS,829,0,0,626,0,626,G
8-NS,830,0,0,0,625,625,C
8-NS,831,0,582,0,0,582,T
8-NS,832,0,582,0,0,582,T
8-NS,833,570,0,0,0,570,A
8-NS,834,0,567,0,0,567,T
8-NS,835,0,568,0,0,568,T
8-NS,836,0,562,0,0,562,T
8-NS,837,530,0,1,0,531,A
8-NS,838,522,0,0,0,522,A
8-NS,839,0,507,0,0,507,T
8-NS,840,0,0,502,0,502,G
8-NS,841,487,0,0,0,487,A
8-NS,842,0,433,0,0,433,T
8-NS,843,427,0,0,0,427,A
8-NS,844,425,0,1,0,426,A
8-NS,845,426,0,0,0,426,A
8-NS,846,424,0,1,0,425,A
8-NS,847,418,0,0,0,418,A
8-NS,848,415,0,0,0,415,A
8-NS,849,0,0,0,414,414,C
8-NS,850,361,0,0,0,361,A
8-NS,851,0,1,0,364,365,C
8-NS,852,0,0,0,355,355,C
8-NS,853,1,0,0,340,341,C
8-NS,854,0,315,0,0,315,T
8-NS,855,0,310,0,0,310,T
8-NS,856,0,0,309,0,309,G
8-NS,857,0,294,0,0,294,T
8-NS,858,0,295,0,0,295,T
8-NS,859,0,288,0,0,288,T
8-NS,860,0,0,0,125,125,C
8-NS,861,0,94,0,0,94,T
8-NS,862,77,0,0,0,77,A
8-NS,863,0,0,0,78,78,C
