Gene,Position,A,T,G,C,Coverage,Consensus
1-PB2,1,363,0,0,0,363,A
1-PB2,2,0,363,0,0,363,T
1-PB2,3,0,0,373,0,373,G
1-PB2,4,0,1,373,0,374,G
1-PB2,5,372,1,1,0,374,A
1-PB2,6,371,0,1,0,372,A
1-PB2,7,373,0,0,0,373,A
1-PB2,8,0,3,408,0,411,G
1-PB2,9,411,0,0,0,411,A
1-PB2,10,415,0,0,0,415,A
1-PB2,11,0,432,0,0,432,T
1-PB2,12,432,0,0,0,432,A
1-PB2,13,432,0,1,0,433,A
1-PB2,14,433,0,0,0,433,A
1-PB2,15,432,0,1,0,433,A
1-PB2,16,0,4,453,0,457,G
1-PB2,17,459,1,0,0,460,A
1-PB2,18,465,0,0,0,465,A
1-PB2,19,0,0,0,474,474,C
1-PB2,20,0,474,0,0,474,T
1-PB2,21,482,0,1,0,483,A
1-PB2,22,0,2,0,481,483,C
1-PB2,23,0,3,481,0,484,G
1-PB2,24,0,2,489,0,491,G
1-PB2,25,495,0,0,0,495,A
1-PB2,26,519,0,0,0,519,A
1-PB2,27,0,521,0,1,522,T
1-PB2,28,0,0,0,528,528,C
1-PB2,29,0,526,0,3,529,T
1-PB2,30,0,2,532,0,534,G
1-PB2,31,536,0,3,0,539,A
1-PB2,32,0,542,0,0,542,T
1-PB2,33,1,1,539,0,541,G
1-PB2,34,0,547,0,0,547,T
1-PB2,35,3,1,0,540,544,C
1-PB2,36,1,0,540,0,541,G
1-PB2,37,1,0,0,544,545,C
1-PB2,38,540,0,1,0,541,A
1-PB2,39,0,0,568,0,568,G
1-PB2,40,0,568,0,1,569,T
1-PB2,41,2,0,1,570,573,C
1-PB2,42,0,570,0,2,572,T
1-PB2,43,0,1,0,571,572,C
1-PB2,44,0,0,574,0,574,G
1-PB2,45,0,1,0,574,575,C
1-PB2,46,574,0,1,0,575,A
1-PB2,47,0,0,0,581,581,C
1-PB2,48,0,578,0,0,578,T
1-PB2,49,2,0,0,590,592,C
1-PB2,50,0,0,592,0,592,G
1-PB2,51,0,0,0,595,595,C
1-PB2,52,0,7,590,0,597,G
1-PB2,53,600,0,0,0,600,A
1-PB2,54,0,0,605,0,605,G
1-PB2,55,622,0,2,0,624,A
1-PB2,56,0,624,0,0,624,T
1-PB2,57,625,0,0,0,625,A
1-PB2,58,0,0,0,619,619,C
1-PB2,59,0,612,0,1,613,T
1-PB2,60,0,5,628,0,633,G
1-PB2,61,632,0,3,0,635,A
1-PB2,62,0,0,0,644,644,C
1-PB2,63,640,1,0,0,641,A
1-PB2,64,638,0,1,0,639,A
1-PB2,65,647,0,0,0,647,A
1-PB2,66,661,0,2,0,663,A
1-PB2,67,662,1,1,0,664,A
1-PB2,68,0,0,0,669,669,C
1-PB2,69,6,1,0,661,668,C
1-PB2,70,688,0,1,0,689,A
1-PB2,71,0,0,0,696,696,C
1-PB2,72,692,0,1,0,693,A
1-PB2,73,0,1,719,0,720,G
1-PB2,74,0,714,0,0,714,T
1-PB2,75,0,2,740,0,742,G
1-PB2,76,0,1,745,0,746,G
1-PB2,77,746,1,1,0,748,A
1-PB2,78,0,0,0,784,784,C
1-PB2,79,4,0,0,767,771,C
1-PB2,80,779,0,0,0,779,A
1-PB2,81,1,779,0,0,780,T
1-PB2,82,775,0,2,0,777,A
1-PB2,83,0,774,0,0,774,T
1-PB2,84,0,5,774,0,779,G
1-PB2,85,0,0,791,0,791,G
1-PB2,86,0,0,0,794,794,C
1-PB2,87,2,1,0,767,770,C
1-PB2,88,768,0,1,0,769,A
1-PB2,89,0,813,1,0,814,T
1-PB2,90,817,0,0,0,817,A
1-PB2,91,859,0,1,0,860,A
1-PB2,92,0,863,0,1,864,T
1-PB2,93,0,858,0,0,858,T
1-PB2,94,860,0,0,1,861,A
1-PB2,95,861,0,1,1,863,A
1-PB2,96,0,4,886,0,890,G
1-PB2,97,886,1,0,0,887,A
1-PB2,98,871,0,0,0,871,A
1-PB2,99,0,0,908,0,908,G
1-PB2,100,0,904,0,0,904,T
1-PB2,101,906,0,1,0,907,A
1-PB2,102,1,0,0,907,908,C
1-PB2,103,914,0,0,1,915,A
1-PB2,104,0,1,0,926,927,C
1-PB2,105,914,0,1,0,915,A
1-PB2,106,0,914,0,2,916,T
1-PB2,107,2,1,0,918,921,C
1-PB2,108,0,1,906,0,907,G
1-PB2,109,0,4,906,0,910,G
1-PB2,110,0,3,904,0,907,G
1-PB2,111,0,3,906,0,909,G
1-PB2,112,905,0,2,0,907,A
1-PB2,113,0,3,903,0,906,G
1-PB2,114,900,0,1,0,901,A
1-PB2,115,0,2,0,914,916,C
1-PB2,116,912,2,0,0,914,A
1-PB2,117,1,2,928,0,931,G
1-PB2,118,0,3,945,0,948,G
1-PB2,119,954,0,1,0,955,A
1-PB2,120,951,0,0,0,951,A
1-PB2,121,952,0,0,0,952,A
1-PB2,122,954,0,0,0,954,A
1-PB2,123,1,4,951,0,956,G
1-PB2,124,945,0,3,0,948,A
1-PB2,125,948,0,1,0,949,A
1-PB2,126,1,0,0,947,948,C
1-PB2,127,1,0,0,941,942,C
1-PB2,128,1,0,0,940,941,C
1-PB2,129,0,0,944,0,944,G
1-PB2,130,2,943,0,2,947,T
1-PB2,131,4,0,0,943,947,C
1-PB2,132,951,0,1,0,952,A
1-PB2,133,1,1,0,963,965,C
1-PB2,134,0,964,0,1,965,T
1-PB2,135,0,966,0,0,966,T
1-PB2,136,963,0,1,0,964,A
1-PB2,137,1,6,974,0,981,G
1-PB2,138,0,0,979,0,979,G
1-PB2,139,978,0,1,0,979,A
1-PB2,140,0,977,0,0,977,T
1-PB2,141,1,11,973,0,985,G
1-PB2,142,998,0,4,0,1002,A
1-PB2,143,1004,0,0,0,1004,A
1-PB2,144,1002,0,3,1,1006,A
1-PB2,145,0,1001,0,0,1001,T
1-PB2,146,1,7,999,0,1007,G
1-PB2,147,0,3,1010,0,1013,G
1-PB2,148,1010,0,0,0,1010,A
1-PB2,149,0,1011,0,0,1011,T
1-PB2,150,0,0,996,1,997,G
1-PB2,151,989,0,3,0,992,A
1-PB2,152,0,992,0,2,994,T
1-PB2,153,0,5,996,0,1001,G
1-PB2,154,0,1,1006,0,1007,G
1-PB2,155,1,0,0,1004,1005,C
1-PB2,156,995,0,0,0,995,A
1-PB2,157,1003,0,1,0,1004,A
1-PB2,158,0,1002,0,1,1003,T
1-PB2,159,0,3,1044,0,1047,G
1-PB2,160,1042,0,2,0,1044,A
1-PB2,161,1036,0,2,0,1038,A
1-PB2,162,1046,0,0,0,1046,A
1-PB2,163,0,1045,0,0,1045,T
1-PB2,164,1050,0,1,0,1051,A
1-PB2,165,1,1,0,1074,1076,C
1-PB2,166,3,1,0,1062,1066,C
1-PB2,167,6,0,1,1058,1065,C
1-PB2,168,1057,0,0,0,1057,A
1-PB2,169,1061,0,0,0,1061,A
1-PB2,170,0,1060,0,0,1060,T
1-PB2,171,6,0,0,1053,1059,C
1-PB2,172,1058,0,0,0,1058,A
1-PB2,173,0,0,0,1077,1077,C
1-PB2,174,0,1062,1,0,1063,T
1-PB2,175,1,1,1071,0,1073,G
1-PB2,176,0,0,0,1073,1073,C
1-PB2,177,0,1066,0,3,1069,T
1-PB2,178,0,11,1070,0,1081,G
1-PB2,179,1082,1,2,0,1085,A
1-PB2,180,0,0,0,1096,1096,C
1-PB2,181,1094,1,0,0,1095,A
1-PB2,182,1076,0,0,0,1076,A
1-PB2,183,1080,1,2,0,1083,A
1-PB2,184,1079,0,0,0,1079,A
1-PB2,185,1,3,1100,0,1104,G
1-PB2,186,0,4,1095,0,1099,G
1-PB2,187,1091,1,1,0,1093,A
1-PB2,188,0,1102,0,0,1102,T
1-PB2,189,1093,0,0,0,1093,A
1-PB2,190,1101,1,1,1,1104,A
1-PB2,191,1,0,0,1111,1112,C
1-PB2,192,1104,0,2,0,1106,A
1-PB2,193,0,4,1107,0,1111,G
1-PB2,194,1093,1,1,0,1095,A
1-PB2,195,1091,0,0,0,1091,A
1-PB2,196,1091,0,1,0,1092,A
1-PB2,197,0,1088,1,1,1090,T
1-PB2,198,0,4,1086,0,1090,G
1-PB2,199,0,2,1109,0,1111,G
1-PB2,200,0,1102,0,0,1102,T
1-PB2,201,0,1095,0,1,1096,T
1-PB2,202,2,0,0,1092,1094,C
1-PB2,203,4,1,0,1083,1088,C
1-PB2,204,1088,0,0,0,1088,A
1-PB2,205,0,0,1098,0,1098,G
1-PB2,206,1100,0,0,0,1100,A
1-PB2,207,0,5,1105,0,1110,G
1-PB2,208,1089,0,0,0,1089,A
1-PB2,209,2,3,1104,0,1109,G
1-PB2,210,1115,0,0,0,1115,A
1-PB2,211,1113,0,1,0,1114,A
1-PB2,212,1113,0,2,1,1116,A
1-PB2,213,0,1109,0,2,1111,T
1-PB2,214,0,4,1113,0,1117,G
1-PB2,215,1120,2,2,0,1124,A
1-PB2,216,1111,1,1,1,1114,A
1-PB2,217,0,2,0,1107,1109,C
1-PB2,218,1101,0,3,0,1104,A
1-PB2,219,1111,0,3,0,1114,A
1-PB2,220,0,2,1125,0,1127,G
1-PB2,221,0,5,1136,0,1141,G
1-PB2,222,1142,0,0,1,1143,A
1-PB2,223,0,1,0,1133,1134,C
1-PB2,224,1134,0,0,0,1134,A
1-PB2,225,1134,0,4,0,1138,A
1-PB2,226,1190,0,3,0,1193,A
1-PB2,227,0,0,0,1200,1200,C
1-PB2,228,0,1175,0,2,1177,T
1-PB2,229,3,0,0,1197,1200,C
1-PB2,230,0,1181,1,0,1182,T
1-PB2,231,1185,1,0,1,1187,A
1-PB2,232,0,1183,0,0,1183,T
1-PB2,233,0,4,1192,0,1196,G
1-PB2,234,2,10,1217,1,1230,G
1-PB2,235,1171,0,5,0,1176,A
1-PB2,236,0,0,1181,1,1182,G
1-PB2,237,0,1174,0,8,1182,T
1-PB2,238,1167,0,1,0,1168,A
1-PB2,239,1173,0,1,0,1174,A
1-PB2,240,1170,0,0,0,1170,A
1-PB2,241,1171,0,1,0,1172,A
1-PB2,242,0,1161,0,0,1161,T
1-PB2,243,5,7,1155,0,1167,G
1-PB2,244,1159,0,1,0,1160,A
1-PB2,245,0,0,1155,0,1155,G
1-PB2,246,0,1151,0,1,1152,T
1-PB2,247,0,3,1152,0,1155,G
1-PB2,248,1170,1,4,0,1175,A
1-PB2,249,0,1185,0,0,1185,T
1-PB2,250,0,1,1181,0,1182,G
1-PB2,251,0,0,0,1183,1183,C
1-PB2,252,0,1167,0,1,1168,T
1-PB2,253,0,2,1209,0,1211,G
1-PB2,254,0,5,1210,0,1215,G
1-PB2,255,1228,0,1,0,1229,A
1-PB2,256,0,1222,0,1,1223,T
1-PB2,257,8,0,0,1216,1224,C
1-PB2,258,1219,0,1,1,1221,A
1-PB2,259,0,3,1256,0,1259,G
1-PB2,260,1259,0,1,0,1260,A
1-PB2,261,0,1259,0,1,1260,T
1-PB2,262,1226,0,2,0,1228,A
1-PB2,263,0,5,1264,0,1269,G
1-PB2,264,1249,0,1,0,1250,A
1-PB2,265,1,1,1266,0,1268,G
1-PB2,266,0,1250,0,1,1251,T
1-PB2,267,0,1,1242,0,1243,G
1-PB2,268,1221,0,0,0,1221,A
1-PB2,269,1,1217,0,0,1218,T
1-PB2,270,0,9,1225,0,1234,G
1-PB2,271,1,3,1258,0,1262,G
1-PB2,272,0,1238,0,1,1239,T
1-PB2,273,1236,0,0,0,1236,A
1-PB2,274,1,1218,0,2,1221,T
1-PB2,275,10,0,0,1206,1216,C
1-PB2,276,1239,0,1,0,1240,A
1-PB2,277,0,0,0,1269,1269,C
1-PB2,278,1,0,0,1269,1270,C
1-PB2,279,0,1241,0,2,1243,T
1-PB2,280,1,1230,0,0,1231,T
1-PB2,281,0,1227,0,1,1228,T
1-PB2,282,1,5,1244,0,1250,G
1-PB2,283,0,2,1254,0,1256,G
1-PB2,284,1,0,0,1263,1264,C
1-PB2,285,0,1246,0,2,1248,T
1-PB2,286,1,2,1253,0,1256,G
1-PB2,287,1,1251,1,0,1253,T
1-PB2,288,1255,0,0,1,1256,A
1-PB2,289,1257,0,1,0,1258,A
1-PB2,290,0,2,0,1253,1255,C
1-PB2,291,1240,0,0,0,1240,A
1-PB2,292,0,1239,0,0,1239,T
1-PB2,293,0,3,1226,0,1229,G
1-PB2,294,0,1,1265,0,1266,G
1-PB2,295,1,1249,1,0,1251,T
1-PB2,296,0,2,1249,0,1251,G
1-PB2,297,0,6,1267,0,1273,G
1-PB2,298,1262,0,0,0,1262,A
1-PB2,299,1264,0,2,0,1266,A
1-PB2,300,0,1261,0,0,1261,T
1-PB2,301,1256,0,2,1,1259,A
1-PB2,302,0,3,1266,0,1269,G
1-PB2,303,1251,0,0,0,1251,A
1-PB2,304,1248,0,2,0,1250,A
1-PB2,305,1249,0,0,0,1249,A
1-PB2,306,0,1216,0,0,1216,T
1-PB2,307,0,5,1211,0,1216,G
1-PB2,308,0,5,1206,1,1212,G
1-PB2,309,1211,0,3,0,1214,A
1-PB2,310,1,1,0,1215,1217,C
1-PB2,311,7,1,0,1191,1199,C
1-PB2,312,3,1,0,1202,1206,C
1-PB2,313,2,3,1209,0,1214,G
1-PB2,314,0,1216,0,0,1216,T
1-PB2,315,2,7,1237,0,1246,G
1-PB2,316,1250,0,0,0,1250,A
1-PB2,317,1,0,0,1257,1258,C
1-PB2,318,1262,0,0,0,1262,A
1-PB2,319,1257,0,1,0,1258,A
1-PB2,320,0,1,1293,0,1294,G
1-PB2,321,2,1284,0,0,1286,T
1-PB2,322,1284,0,0,0,1284,A
1-PB2,323,0,2,0,1271,1273,C
1-PB2,324,2,9,1239,0,1250,G
1-PB2,325,0,0,1288,0,1288,G
1-PB2,326,0,1281,0,2,1283,T
1-PB2,327,6,0,0,1294,1300,C
1-PB2,328,3,1,0,1295,1299,C
1-PB2,329,1271,0,0,0,1271,A
1-PB2,330,1,1272,0,2,1275,T
1-PB2,331,0,1277,0,0,1277,T
1-PB2,332,1335,0,0,0,1335,A
1-PB2,333,1,0,0,1331,1332,C
1-PB2,334,3,1,0,1309,1313,C
1-PB2,335,6,1,0,1295,1302,C
1-PB2,336,1286,0,0,1,1287,A
1-PB2,337,1294,0,0,0,1294,A
1-PB2,338,1295,1,0,0,1296,A
1-PB2,339,1282,1,3,1,1287,A
1-PB2,340,0,1,1300,1,1302,G
1-PB2,341,0,1246,0,1,1247,T
1-PB2,342,0,0,1273,0,1273,G
1-PB2,343,0,1269,0,3,1272,T
1-PB2,344,1267,0,2,0,1269,A
1-PB2,345,0,1,0,1272,1273,C
1-PB2,346,1263,0,0,0,1263,A
1-PB2,347,1263,0,1,0,1264,A
1-PB2,348,0,7,1266,0,1273,G
1-PB2,349,1261,0,3,0,1264,A
1-PB2,350,0,0,0,1263,1263,C
1-PB2,351,0,1231,1,3,1235,T
1-PB2,352,0,1252,0,1,1253,T
1-PB2,353,1256,0,0,0,1256,A
1-PB2,354,0,1255,0,1,1256,T
1-PB2,355,0,1253,0,2,1255,T
1-PB2,356,1,1249,0,0,1250,T
1-PB2,357,4,2,0,1234,1240,C
1-PB2,358,1,5,1226,0,1232,G
1-PB2,359,1231,0,2,0,1233,A
1-PB2,360,1,0,0,1232,1233,C
1-PB2,361,1222,0,0,1,1223,A
1-PB2,362,1226,0,0,0,1226,A
1-PB2,363,1225,0,2,0,1227,A
1-PB2,364,0,1,1253,0,1254,G
1-PB2,365,0,1251,0,0,1251,T
1-PB2,366,9,1,0,1242,1252,C
1-PB2,367,3,6,1241,0,1250,G
1-PB2,368,1247,1,2,0,1250,A
1-PB2,369,1247,0,1,0,1248,A
1-PB2,370,1249,0,1,0,1250,A
1-PB2,371,0,3,1289,0,1292,G
1-PB2,372,0,1,1296,0,1297,G
1-PB2,373,0,1279,0,0,1279,T
1-PB2,374,0,1282,0,0,1282,T
1-PB2,375,1279,0,2,0,1281,A
1-PB2,376,1281,0,0,0,1281,A
1-PB2,377,1282,1,0,0,1283,A
1-PB2,378,1297,0,1,0,1298,A
1-PB2,379,3,0,0,1303,1306,C
1-PB2,380,1269,0,0,0,1269,A
1-PB2,381,0,1265,0,0,1265,T
1-PB2,382,0,2,1259,0,1261,G
1-PB2,383,1,5,1259,0,1265,G
1-PB2,384,1262,0,1,0,1263,A
1-PB2,385,1271,0,1,0,1272,A
1-PB2,386,1,1,0,1304,1306,C
1-PB2,387,2,0,0,1323,1325,C
1-PB2,388,0,1304,0,0,1304,T
1-PB2,389,0,1304,0,1,1305,T
1-PB2,390,0,1306,0,0,1306,T
1-PB2,391,0,5,1305,0,1310,G
1-PB2,392,0,3,1311,0,1314,G
1-PB2,393,0,2,0,1314,1316,C
1-PB2,394,2,0,0,1304,1306,C
1-PB2,395,3,1,0,1290,1294,C
1-PB2,396,1,1233,0,0,1234,T
1-PB2,397,1,0,1255,0,1256,G
1-PB2,398,0,1253,0,0,1253,T
1-PB2,399,0,1253,0,0,1253,T
1-PB2,400,14,0,0,1241,1255,C
1-PB2,401,1240,0,0,0,1240,A
1-PB2,402,0,1240,0,3,1243,T
1-PB2,403,0,1242,1,0,1243,T
1-PB2,404,0,1241,1,1,1243,T
1-PB2,405,0,1243,0,0,1243,T
1-PB2,406,1230,0,1,0,1231,A
1-PB2,407,0,10,1220,0,1230,G
1-PB2,408,1224,0,3,0,1227,A
1-PB2,409,1230,0,0,0,1230,A
1-PB2,410,1229,1,0,0,1230,A
1-PB2,411,0,1221,0,0,1221,T
1-PB2,412,9,0,0,1219,1228,C
1-PB2,413,1223,0,3,0,1226,A
1-PB2,414,1234,0,2,0,1236,A
1-PB2,415,0,0,1247,0,1247,G
1-PB2,416,0,1240,0,2,1242,T
1-PB2,417,11,0,0,1237,1248,C
1-PB2,418,1254,0,1,0,1255,A
1-PB2,419,1253,0,2,0,1255,A
1-PB2,420,0,2,1256,0,1258,G
1-PB2,421,1260,0,1,0,1261,A
1-PB2,422,0,1262,0,0,1262,T
1-PB2,423,1280,0,0,0,1280,A
1-PB2,424,1,0,0,1275,1276,C
1-PB2,425,0,1,1276,0,1277,G
1-PB2,426,1,0,0,1289,1290,C
1-PB2,427,1271,1,1,0,1273,A
1-PB2,428,0,3,1294,0,1297,G
1-PB2,429,1294,0,0,0,1294,A
1-PB2,430,1298,0,1,0,1299,A
1-PB2,431,1,5,1321,0,1327,G
1-PB2,432,1294,0,3,0,1297,A
1-PB2,433,0,1,1303,0,1304,G
1-PB2,434,0,1297,0,0,1297,T
1-PB2,435,1290,0,0,1,1291,A
1-PB2,436,0,2,1314,0,1316,G
1-PB2,437,1317,0,0,1,1318,A
1-PB2,438,0,0,0,1359,1359,C
1-PB2,439,1327,0,0,0,1327,A
1-PB2,440,1,1311,0,0,1312,T
1-PB2,441,1308,0,1,0,1309,A
1-PB2,442,1302,0,2,0,1304,A
1-PB2,443,1318,0,0,0,1318,A
1-PB2,444,2,1,0,1316,1319,C
1-PB2,445,5,1,0,1290,1296,C
1-PB2,446,1,0,0,1285,1286,C
1-PB2,447,0,1214,0,2,1216,T
1-PB2,448,1,5,1220,0,1226,G
1-PB2,449,0,0,1256,0,1256,G
1-PB2,450,0,1249,0,3,1252,T
1-PB2,451,11,1,0,1230,1242,C
1-PB2,452,1245,0,1,0,1246,A
1-PB2,453,0,1241,0,1,1242,T
1-PB2,454,0,0,1250,0,1250,G
1-PB2,455,1,0,0,1246,1247,C
1-PB2,456,1239,0,1,0,1240,A
1-PB2,457,0,3,1255,0,1258,G
1-PB2,458,1227,0,3,0,1230,A
1-PB2,459,1,1,0,1249,1251,C
1-PB2,460,5,0,0,1243,1248,C
1-PB2,461,1,1219,0,1,1221,T
1-PB2,462,1,0,0,1224,1225,C
1-PB2,463,1215,1,1,0,1217,A
1-PB2,464,1,1,1249,0,1251,G
1-PB2,465,0,1250,0,0,1250,T
1-PB2,466,0,0,1256,1,1257,G
1-PB2,467,2,1,0,1250,1253,C
1-PB2,468,8,1,0,1228,1237,C
1-PB2,469,1236,0,1,0,1237,A
1-PB2,470,1239,0,0,0,1239,A
1-PB2,471,1232,0,0,0,1232,A
1-PB2,472,0,0,1237,0,1237,G
1-PB2,473,1205,1,0,0,1206,A
1-PB2,474,0,4,1204,0,1208,G
1-PB2,475,2,1,1198,0,1201,G
1-PB2,476,0,3,0,1196,1199,C
1-PB2,477,1199,0,0,0,1199,A
1-PB2,478,1,0,0,1204,1205,C
1-PB2,479,1205,0,0,0,1205,A
1-PB2,480,1233,0,1,0,1234,A
1-PB2,481,0,1,1249,0,1250,G
1-PB2,482,1275,0,1,0,1276,A
1-PB2,483,1,1259,0,0,1260,T
1-PB2,484,0,0,1256,0,1256,G
1-PB2,485,0,1265,0,0,1265,T
1-PB2,486,1267,0,0,0,1267,A
1-PB2,487,1268,0,0,0,1268,A
1-PB2,488,0,1270,0,0,1270,T
1-PB2,489,0,1211,1,0,1212,T
1-PB2,490,1199,0,1,0,1200,A
1-PB2,491,0,1170,1,0,1171,T
1-PB2,492,1,2,1169,0,1172,G
1-PB2,493,0,0,1170,0,1170,G
1-PB2,494,1162,0,0,0,1162,A
1-PB2,495,1156,0,0,0,1156,A
1-PB2,496,0,0,1155,0,1155,G
1-PB2,497,0,1147,1,0,1148,T
1-PB2,498,0,1142,1,0,1143,T
1-PB2,499,1,0,1154,0,1155,G
1-PB2,500,1,1143,0,0,1144,T
1-PB2,501,0,1151,1,1,1153,T
1-PB2,502,0,1147,0,1,1148,T
1-PB2,503,0,1141,1,2,1144,T
1-PB2,504,0,1153,0,1,1154,T
1-PB2,505,4,0,0,1152,1156,C
1-PB2,506,2,1,0,1155,1158,C
1-PB2,507,4,0,0,1156,1160,C
1-PB2,508,1150,0,0,0,1150,A
1-PB2,509,1154,0,1,1,1156,A
1-PB2,510,0,1160,0,0,1160,T
1-PB2,511,0,2,1166,0,1168,G
1-PB2,512,1173,0,0,0,1173,A
1-PB2,513,1163,1,2,1,1167,A
1-PB2,514,0,1,1179,0,1180,G
1-PB2,515,0,1175,0,2,1177,T
1-PB2,516,0,3,1174,0,1177,G
1-PB2,517,0,0,1181,0,1181,G
1-PB2,518,0,3,1174,0,1177,G
1-PB2,519,1189,0,3,0,1192,A
1-PB2,520,0,1,1191,0,1192,G
1-PB2,521,2,1,0,1186,1189,C
1-PB2,522,1,0,2,1191,1194,C
1-PB2,523,1194,0,0,0,1194,A
1-PB2,524,3,0,1214,0,1217,G
1-PB2,525,1,3,1223,0,1227,G
1-PB2,526,1229,0,1,1,1231,A
1-PB2,527,0,1224,0,0,1224,T
1-PB2,528,1221,0,0,0,1221,A
1-PB2,529,1,0,0,1217,1218,C
1-PB2,530,1,1197,0,0,1198,T
1-PB2,531,1197,0,0,0,1197,A
1-PB2,532,1196,0,1,0,1197,A
1-PB2,533,0,0,0,1212,1212,C
1-PB2,534,1172,0,0,0,1172,A
1-PB2,535,0,1155,0,1,1156,T
1-PB2,536,3,1,0,1152,1156,C
1-PB2,537,1137,0,0,0,1137,A
1-PB2,538,0,3,1149,0,1152,G
1-PB2,539,1151,0,1,0,1152,A
1-PB2,540,1143,3,0,0,1146,A
1-PB2,541,0,1143,0,1,1144,T
1-PB2,542,6,0,0,1112,1118,C
1-PB2,543,1118,0,0,0,1118,A
1-PB2,544,0,0,0,1141,1141,C
1-PB2,545,1141,0,0,0,1141,A
1-PB2,546,1154,1,0,0,1155,A
1-PB2,547,0,1135,0,4,1139,T
1-PB2,548,0,1137,0,1,1138,T
1-PB2,549,1142,0,1,0,1143,A
1-PB2,550,1149,0,3,0,1152,A
1-PB2,551,1,0,1,1157,1159,C
1-PB2,552,1142,1,0,0,1143,A
1-PB2,553,1137,0,1,0,1138,A
1-PB2,554,0,1157,0,0,1157,T
1-PB2,555,1149,0,0,0,1149,A
1-PB2,556,1152,0,1,0,1153,A
1-PB2,557,1,1,0,1155,1157,C
1-PB2,558,0,1150,0,0,1150,T
1-PB2,559,1143,0,0,0,1143,A
1-PB2,560,1137,0,1,0,1138,A
1-PB2,561,1139,0,2,0,1141,A
1-PB2,562,0,6,1139,0,1145,G
1-PB2,563,1127,0,0,0,1127,A
1-PB2,564,0,3,1138,0,1141,G
1-PB2,565,1136,0,1,0,1137,A
1-PB2,566,1139,0,1,0,1140,A
1-PB2,567,1139,1,0,0,1140,A
1-PB2,568,1141,0,0,0,1141,A
1-PB2,569,1142,1,1,0,1144,A
1-PB2,570,1139,0,3,1,1143,A
1-PB2,571,1,4,1148,0,1153,G
1-PB2,572,1148,0,2,0,1150,A
1-PB2,573,1141,0,1,0,1142,A
1-PB2,574,0,3,1145,0,1148,G
1-PB2,575,1141,0,2,0,1143,A
1-PB2,576,1144,0,3,0,1147,A
1-PB2,577,1,0,1,1156,1158,C
1-PB2,578,0,1149,0,1,1150,T
1-PB2,579,3,1,0,1147,1151,C
1-PB2,580,5,1,0,1145,1151,C
1-PB2,581,2,6,1143,0,1151,G
1-PB2,582,1149,0,1,0,1150,A
1-PB2,583,2,3,1141,0,1146,G
1-PB2,584,1137,0,2,0,1139,A
1-PB2,585,0,1136,0,2,1138,T
1-PB2,586,0,1124,0,0,1124,T
1-PB2,587,0,0,1126,0,1126,G
1-PB2,588,2,0,0,1125,1127,C
1-PB2,589,1130,0,0,0,1130,A
1-PB2,590,1130,1,0,0,1131,A
1-PB2,591,1134,0,0,0,1134,A
1-PB2,592,1145,2,0,0,1147,A
1-PB2,593,0,1142,1,0,1143,T
1-PB2,594,1,1141,0,2,1144,T
1-PB2,595,0,1148,0,1,1149,T
1-PB2,596,2,0,0,1140,1142,C
1-PB2,597,0,1136,0,2,1138,T
1-PB2,598,3,5,0,1190,1198,C
1-PB2,599,6,0,0,1194,1200,C
1-PB2,600,4,1,0,1255,1260,C
1-PB2,601,0,1254,0,3,1257,T
1-PB2,602,0,1273,0,0,1273,T
1-PB2,603,0,3,1279,0,1282,G
1-PB2,604,1282,1,0,0,1283,A
1-PB2,605,0,1321,0,0,1321,T
1-PB2,606,0,4,1328,0,1332,G
1-PB2,607,0,1,1429,0,1430,G
1-PB2,608,1,1446,0,0,1447,T
1-PB2,609,0,1426,0,0,1426,T
1-PB2,610,2,0,1497,0,1499,G
1-PB2,611,0,1,0,1504,1505,C
1-PB2,612,1524,0,1,0,1525,A
1-PB2,613,0,1522,0,2,1524,T
1-PB2,614,1535,0,1,0,1536,A
1-PB2,615,2,1,0,1584,1587,C
1-PB2,616,1709,0,1,1,1711,A
1-PB2,617,0,1735,0,0,1735,T
1-PB2,618,0,3,1816,0,1819,G
1-PB2,619,1,1790,0,3,1794,T
1-PB2,620,0,1795,0,2,1797,T
1-PB2,621,1793,0,0,0,1793,A
1-PB2,622,0,7,1794,1,1802,G
1-PB2,623,1817,0,2,0,1819,A
1-PB2,624,1,4,1836,0,1841,G
1-PB2,625,1758,0,5,0,1763,A
1-PB2,626,0,4,1768,0,1772,G
1-PB2,627,1739,0,2,0,1741,A
1-PB2,628,0,4,1750,0,1754,G
1-PB2,629,1756,0,2,0,1758,A
1-PB2,630,1756,0,1,0,1757,A
1-PB2,631,2,0,0,1759,1761,C
1-PB2,632,0,1752,0,0,1752,T
1-PB2,633,0,1752,0,0,1752,T
1-PB2,634,0,1,1755,1,1757,G
1-PB2,635,0,1749,1,0,1750,T
1-PB2,636,1753,0,0,0,1753,A
1-PB2,637,0,5,0,1737,1742,C
1-PB2,638,0,9,1730,1,1740,G
1-PB2,639,1744,0,0,0,1744,A
1-PB2,640,1740,0,1,0,1741,A
1-PB2,641,1754,0,2,0,1756,A
1-PB2,642,1753,1,0,0,1754,A
1-PB2,643,1751,0,0,2,1753,A
1-PB2,644,0,1,0,1755,1756,C
1-PB2,645,1755,0,0,0,1755,A
1-PB2,646,1761,0,1,0,1762,A
1-PB2,647,0,8,1762,0,1770,G
1-PB2,648,1772,0,1,0,1773,A
1-PB2,649,1,1769,1,4,1775,T
1-PB2,650,0,1762,1,0,1763,T
1-PB2,651,1,1774,0,1,1776,T
1-PB2,652,8,0,0,1770,1778,C
1-PB2,653,1,1781,0,1,1783,T
1-PB2,654,8,0,0,1779,1787,C
1-PB2,655,3,2,0,1783,1788,C
1-PB2,656,5,4,0,1783,1792,C
1-PB2,657,1791,0,1,0,1792,A
1-PB2,658,0,0,1813,0,1813,G
1-PB2,659,0,1814,0,0,1814,T
1-PB2,660,0,1808,0,1,1809,T
1-PB2,661,0,0,1809,0,1809,G
1-PB2,662,2,1,0,1803,1806,C
1-PB2,663,0,1799,1,4,1804,T
1-PB2,664,0,1,1808,0,1809,G
1-PB2,665,2,2,1802,0,1806,G
1-PB2,666,1,2,0,1798,1801,C
1-PB2,667,1,9,1795,0,1805,G
1-PB2,668,1,6,1816,0,1823,G
1-PB2,669,1827,0,1,0,1828,A
1-PB2,670,1828,1,1,0,1830,A
1-PB2,671,1,1,1,1828,1831,C
1-PB2,672,1839,1,2,0,1842,A
1-PB2,673,1841,0,4,0,1845,A
1-PB2,674,0,1,1919,0,1920,G
1-PB2,675,1,0,0,1946,1947,C
1-PB2,676,1956,0,2,0,1958,A
1-PB2,677,0,2,2345,0,2347,G
1-PB2,678,0,2332,0,0,2332,T
1-PB2,679,2343,1,2,0,2346,A
1-PB2,680,1,2349,1,0,2351,T
1-PB2,681,2357,0,2,0,2359,A
1-PB2,682,0,2356,0,1,2357,T
1-PB2,683,2311,0,1,1,2313,A
1-PB2,684,2,2,0,2332,2336,C
1-PB2,685,2228,0,0,0,2228,A
1-PB2,686,0,2077,0,1,2078,T
1-PB2,687,0,1984,0,0,1984,T
1-PB2,688,0,11,1976,0,1987,G
1-PB2,689,1984,1,0,0,1985,A
1-PB2,690,1979,0,2,0,1981,A
1-PB2,691,1,2,2014,0,2017,G
1-PB2,692,0,2002,0,1,2003,T
1-PB2,693,0,1976,0,0,1976,T
1-PB2,694,0,1971,0,1,1972,T
1-PB2,695,0,1976,0,1,1977,T
1-PB2,696,2003,2,1,0,2006,A
1-PB2,697,0,0,0,2030,2030,C
1-PB2,698,2019,0,1,0,2020,A
1-PB2,699,0,2015,2,4,2021,T
1-PB2,700,0,2003,0,0,2003,T
1-PB2,701,2,1990,0,1,1993,T
1-PB2,702,1,22,1992,0,2015,G
1-PB2,703,2018,1,1,0,2020,A
1-PB2,704,1,0,1,2028,2030,C
1-PB2,705,0,2012,0,2,2014,T
1-PB2,706,6,0,0,2005,2011,C
1-PB2,707,2005,0,1,0,2006,A
1-PB2,708,3,8,1981,0,1992,G
1-PB2,709,2,5,2036,0,2043,G
1-PB2,710,2,13,2034,0,2049,G
1-PB2,711,2055,0,2,0,2057,A
1-PB2,712,2052,0,2,0,2054,A
1-PB2,713,0,2,0,2042,2044,C
1-PB2,714,0,1,2065,1,2067,G
1-PB2,715,0,2066,0,3,2069,T
1-PB2,716,1,0,2083,0,2084,G
1-PB2,717,0,2058,1,1,2060,T
1-PB2,718,0,2048,1,1,2050,T
1-PB2,719,1,7,2055,0,2063,G
1-PB2,720,0,6,2050,0,2056,G
1-PB2,721,2,18,2060,0,2080,G
1-PB2,722,2074,0,1,0,2075,A
1-PB2,723,2061,0,1,0,2062,A
1-PB2,724,1,0,0,2122,2123,C
1-PB2,725,2107,0,0,0,2107,A
1-PB2,726,2187,0,1,0,2188,A
1-PB2,727,2188,0,2,0,2190,A
1-PB2,728,0,2205,0,0,2205,T
1-PB2,729,1,0,2245,0,2246,G
1-PB2,730,0,2223,0,1,2224,T
1-PB2,731,2226,0,2,0,2228,A
1-PB2,732,2,0,0,2237,2239,C
1-PB2,733,2195,0,2,0,2197,A
1-PB2,734,0,2,0,2193,2195,C
1-PB2,735,1,2126,0,1,2128,T
1-PB2,736,7,0,0,2286,2293,C
1-PB2,737,0,0,0,2301,2301,C
1-PB2,738,2323,0,4,0,2327,A
1-PB2,739,1,5,2335,0,2341,G
1-PB2,740,0,6,2388,1,2395,G
1-PB2,741,1,2379,0,3,2383,T
1-PB2,742,1,4,2374,0,2379,G
1-PB2,743,1,4,2318,0,2323,G
1-PB2,744,2292,0,7,0,2299,A
1-PB2,745,2,6,2319,0,2327,G
1-PB2,746,3,7,2319,1,2330,G
1-PB2,747,2291,0,4,0,2295,A
1-PB2,748,1,0,2308,0,2309,G
1-PB2,749,0,2265,0,3,2268,T
1-PB2,750,2,7,2274,0,2283,G
1-PB2,751,2282,0,5,0,2287,A
1-PB2,752,0,7,2283,0,2290,G
1-PB2,753,1,8,2296,0,2305,G
1-PB2,754,2273,1,2,0,2276,A
1-PB2,755,2278,1,1,0,2280,A
1-PB2,756,0,2293,0,0,2293,T
1-PB2,757,1,11,2270,0,2282,G
1-PB2,758,2280,1,3,0,2284,A
1-PB2,759,0,2,0,2268,2270,C
1-PB2,760,0,2,2271,0,2273,G
1-PB2,761,2290,0,0,0,2290,A
1-PB2,762,0,2277,0,3,2280,T
1-PB2,763,1,0,2301,0,2302,G
1-PB2,764,1,2293,0,2,2296,T
1-PB2,765,0,2274,0,1,2275,T
1-PB2,766,2,9,2296,0,2307,G
1-PB2,767,2316,0,2,0,2318,A
1-PB2,768,1,0,0,2314,2315,C
1-PB2,769,9,0,1,2305,2315,C
1-PB2,770,2272,1,0,0,2273,A
1-PB2,771,2274,0,1,0,2275,A
1-PB2,772,2289,0,4,0,2293,A
1-PB2,773,1,1,2356,0,2358,G
1-PB2,774,1,2,2,2351,2356,C
1-PB2,775,9,2,1,2336,2348,C
1-PB2,776,1,2352,0,1,2354,T
1-PB2,777,2361,0,0,0,2361,A
1-PB2,778,2360,0,0,1,2361,A
1-PB2,779,0,2370,0,1,2371,T
1-PB2,780,0,2364,0,0,2364,T
1-PB2,781,2332,0,3,0,2335,A
1-PB2,782,0,2267,0,0,2267,T
1-PB2,783,0,2260,0,1,2261,T
1-PB2,784,2,2,2255,0,2259,G
1-PB2,785,1,0,0,2241,2242,C
1-PB2,786,5,6,2227,0,2238,G
1-PB2,787,0,2,2271,0,2273,G
1-PB2,788,2,0,0,2272,2274,C
1-PB2,789,4,3,0,2281,2288,C
1-PB2,790,2283,1,0,1,2285,A
1-PB2,791,0,3,2313,0,2316,G
1-PB2,792,1,18,2308,1,2328,G
1-PB2,793,2336,0,0,0,2336,A
1-PB2,794,2335,0,3,0,2338,A
1-PB2,795,3,2,0,2341,2346,C
1-PB2,796,2297,1,3,0,2301,A
1-PB2,797,1,2335,0,2,2338,T
1-PB2,798,2354,0,0,0,2354,A
1-PB2,799,1,1,2367,0,2369,G
1-PB2,800,0,2345,0,1,2346,T
1-PB2,801,2322,0,1,0,2323,A
1-PB2,802,2310,0,2,0,2312,A
1-PB2,803,0,6,2301,0,2307,G
1-PB2,804,2283,0,2,0,2285,A
1-PB2,805,2235,1,2,0,2238,A
1-PB2,806,0,8,2226,0,2234,G
1-PB2,807,2152,0,4,0,2156,A
1-PB2,808,1,0,2153,0,2154,G
1-PB2,809,2,0,0,2157,2159,C
1-PB2,810,12,2,1,2130,2145,C
1-PB2,811,3,2,2152,0,2157,G
1-PB2,812,1,1,0,2168,2170,C
1-PB2,813,2155,0,6,1,2162,A
1-PB2,814,0,2,2326,0,2328,G
1-PB2,815,0,2315,0,3,2318,T
1-PB2,816,2330,0,0,0,2330,A
1-PB2,817,0,2318,0,5,2323,T
1-PB2,818,8,0,0,2318,2326,C
1-PB2,819,2316,0,3,0,2319,A
1-PB2,820,0,1,2325,1,2327,G
1-PB2,821,2,0,0,2321,2323,C
1-PB2,822,2231,0,0,0,2231,A
1-PB2,823,0,3,2200,0,2203,G
1-PB2,824,2215,0,2,0,2217,A
1-PB2,825,0,2209,0,3,2212,T
1-PB2,826,8,0,0,2219,2227,C
1-PB2,827,7,0,0,2218,2225,C
1-PB2,828,2230,1,1,0,2232,A
1-PB2,829,2,1,0,2232,2235,C
1-PB2,830,0,2233,0,3,2236,T
1-PB2,831,2235,1,0,0,2236,A
1-PB2,832,1,0,2232,0,2233,G
1-PB2,833,1,1,0,2194,2196,C
1-PB2,834,2195,0,0,0,2195,A
1-PB2,835,0,2199,0,1,2200,T
1-PB2,836,10,1,0,2214,2225,C
1-PB2,837,1,2208,0,1,2210,T
1-PB2,838,0,2257,0,0,2257,T
1-PB2,839,0,2258,0,0,2258,T
1-PB2,840,2256,0,0,0,2256,A
1-PB2,841,1,2265,0,1,2267,T
1-PB2,842,0,2247,0,3,2250,T
1-PB2,843,0,5,2240,1,2246,G
1-PB2,844,0,10,2239,0,2249,G
1-PB2,845,2187,0,0,0,2187,A
1-PB2,846,0,3,2190,0,2193,G
1-PB2,847,2160,0,3,0,2163,A
1-PB2,848,0,2138,0,3,2141,T
1-PB2,849,1,2,2170,1,2174,G
1-PB2,850,0,2175,0,5,2180,T
1-PB2,851,4,1,2172,0,2177,G
1-PB2,852,3,1,0,2170,2174,C
1-PB2,853,7,1,0,2155,2163,C
1-PB2,854,2155,0,0,0,2155,A
1-PB2,855,1,1,0,2155,2157,C
1-PB2,856,2121,0,1,0,2122,A
1-PB2,857,1,1,2155,0,2157,G
1-PB2,858,0,2,0,2096,2098,C
1-PB2,859,2090,2,2,0,2094,A
1-PB2,860,1,1,0,2087,2089,C
1-PB2,861,2082,0,2,0,2084,A
1-PB2,862,2,0,0,2092,2094,C
1-PB2,863,2083,0,0,0,2083,A
1-PB2,864,2088,1,0,1,2090,A
1-PB2,865,2084,0,0,0,2084,A
1-PB2,866,0,2023,0,0,2023,T
1-PB2,867,0,2010,1,5,2016,T
1-PB2,868,0,2,2004,0,2006,G
1-PB2,869,0,0,1999,0,1999,G
1-PB2,870,3,3,0,1997,2003,C
1-PB2,871,3,6,1974,0,1983,G
1-PB2,872,0,3,1994,0,1997,G
1-PB2,873,1,5,1995,0,2001,G
1-PB2,874,2002,0,3,0,2005,A
1-PB2,875,2,3,0,2002,2007,C
1-PB2,876,2004,0,0,1,2005,A
1-PB2,877,2011,0,1,0,2012,A
1-PB2,878,0,4,2026,0,2030,G
1-PB2,879,0,3,2024,2,2029,G
1-PB2,880,2028,1,5,0,2034,A
1-PB2,881,0,1925,0,4,1929,T
1-PB2,882,0,8,1872,0,1880,G
1-PB2,883,0,1,1895,0,1896,G
1-PB2,884,0,1868,0,2,1870,T
1-PB2,885,2,7,1862,0,1871,G
1-PB2,886,0,6,1844,0,1850,G
1-PB2,887,1817,0,2,0,1819,A
1-PB2,888,0,18,0,1801,1819,C
1-PB2,889,1772,0,0,0,1772,A
1-PB2,890,1,1961,0,0,1962,T
1-PB2,891,0,1940,0,2,1942,T
1-PB2,892,10,0,0,1931,1941,C
1-PB2,893,1,1878,0,4,1883,T
1-PB2,894,1,1868,0,0,1869,T
1-PB2,895,1865,1,2,0,1868,A
1-PB2,896,2,8,1867,0,1877,G
1-PB2,897,1863,0,2,0,1865,A
1-PB2,898,0,1,0,1866,1867,C
1-PB2,899,1423,2,0,0,1425,A
1-PB2,900,0,3,1450,0,1453,G
1-PB2,901,1441,0,1,0,1442,A
1-PB2,902,1457,0,0,0,1457,A
1-PB2,903,0,1,0,1460,1461,C
1-PB2,904,1,0,0,1453,1454,C
1-PB2,905,1,0,0,1456,1457,C
1-PB2,906,29,6,1421,0,1456,G
1-PB2,907,1457,0,0,0,1457,A
1-PB2,908,2,0,0,1461,1463,C
1-PB2,909,0,1423,0,0,1423,T
1-PB2,910,1,6,1422,0,1429,G
1-PB2,911,1412,2,2,0,1416,A
1-PB2,912,1417,1,2,0,1420,A
1-PB2,913,0,10,1417,0,1427,G
1-PB2,914,1416,0,0,0,1416,A
1-PB2,915,1415,0,4,0,1419,A
1-PB2,916,0,1,0,1418,1419,C
1-PB2,917,1411,1,1,1,1414,A
1-PB2,918,1421,0,3,0,1424,A
1-PB2,919,0,0,1427,0,1427,G
1-PB2,920,0,0,0,1432,1432,C
1-PB2,921,0,1409,0,1,1410,T
1-PB2,922,0,0,1455,0,1455,G
1-PB2,923,0,1449,0,1,1450,T
1-PB2,924,0,3,1495,0,1498,G
1-PB2,925,0,4,1544,0,1548,G
1-PB2,926,1542,0,1,0,1543,A
1-PB2,927,0,1544,0,0,1544,T
1-PB2,928,1527,0,1,0,1528,A
1-PB2,929,1,1508,0,0,1509,T
1-PB2,930,1556,0,1,0,1557,A
1-PB2,931,0,1532,0,0,1532,T
1-PB2,932,1,1,1526,0,1528,G
1-PB2,933,2,0,0,1495,1497,C
1-PB2,934,1425,1,2,0,1428,A
1-PB2,935,1428,0,0,0,1428,A
1-PB2,936,1,0,1428,0,1429,G
1-PB2,937,0,0,1436,0,1436,G
1-PB2,938,0,1,0,1437,1438,C
1-PB2,939,0,1410,0,3,1413,T
1-PB2,940,1,1,1423,0,1425,G
1-PB2,941,0,1,0,1424,1425,C
1-PB2,942,1424,0,0,0,1424,A
1-PB2,943,1427,0,1,0,1428,A
1-PB2,944,0,1421,0,2,1423,T
1-PB2,945,0,4,1419,0,1423,G
1-PB2,946,0,1,1412,0,1413,G
1-PB2,947,0,9,1400,1,1410,G
1-PB2,948,1411,0,2,0,1413,A
1-PB2,949,0,1403,0,2,1405,T
1-PB2,950,0,1390,0,1,1391,T
1-PB2,951,0,6,1392,1,1399,G
1-PB2,952,1396,0,1,0,1397,A
1-PB2,953,0,4,1411,0,1415,G
1-PB2,954,1392,0,2,1,1395,A
1-PB2,955,1381,0,3,0,1384,A
1-PB2,956,0,1379,1,0,1380,T
1-PB2,957,6,1,0,1383,1390,C
1-PB2,958,1367,0,1,0,1368,A
1-PB2,959,1,0,1383,0,1384,G
1-PB2,960,1,0,0,1378,1379,C
1-PB2,961,0,1371,1,1,1373,T
1-PB2,962,5,1,0,1363,1369,C
1-PB2,963,1371,0,0,0,1371,A
1-PB2,964,0,1396,0,2,1398,T
1-PB2,965,6,0,0,1401,1407,C
1-PB2,966,5,0,0,1424,1429,C
1-PB2,967,0,1418,0,2,1420,T
1-PB2,968,0,1410,1,1,1412,T
1-PB2,969,3,0,0,1417,1420,C
1-PB2,970,1418,0,2,0,1420,A
1-PB2,971,0,0,1455,0,1455,G
1-PB2,972,0,0,0,1444,1444,C
1-PB2,973,0,1424,0,3,1427,T
1-PB2,974,0,1424,0,1,1425,T
1-PB2,975,0,1419,0,2,1421,T
1-PB2,976,1,5,1413,0,1419,G
1-PB2,977,2,1,1428,0,1431,G
1-PB2,978,1,1421,0,1,1423,T
1-PB2,979,2,6,1417,0,1425,G
1-PB2,980,0,3,1418,0,1421,G
1-PB2,981,1,0,1435,0,1436,G
1-PB2,982,1,1432,0,0,1433,T
1-PB2,983,1,1428,0,1,1430,T
1-PB2,984,0,1429,0,1,1430,T
1-PB2,985,1429,1,3,0,1433,A
1-PB2,986,0,1,0,1441,1442,C
1-PB2,987,1441,0,2,0,1443,A
1-PB2,988,1,1435,0,0,1436,T
1-PB2,989,0,1412,0,0,1412,T
1-PB2,990,0,1407,0,0,1407,T
1-PB2,991,1405,0,1,0,1406,A
1-PB2,992,1406,0,1,0,1407,A
1-PB2,993,1405,0,2,1,1408,A
1-PB2,994,1400,0,0,0,1400,A
1-PB2,995,0,11,1408,2,1421,G
1-PB2,996,1400,0,5,0,1405,A
1-PB2,997,1407,1,2,0,1410,A
1-PB2,998,2,4,0,1407,1413,C
1-PB2,999,1400,0,2,0,1402,A
1-PB2,1000,1407,0,2,0,1409,A
1-PB2,1001,1,1,1405,0,1407,G
1-PB2,1002,0,0,1,1406,1407,C
1-PB2,1003,1,5,1398,1,1405,G
1-PB2,1004,0,6,1403,0,1409,G
1-PB2,1005,1,4,1408,0,1413,G
1-PB2,1006,0,1411,0,1,1412,T
1-PB2,1007,9,0,0,1398,1407,C
1-PB2,1008,1415,0,1,0,1416,A
1-PB2,1009,0,1399,0,6,1405,T
1-PB2,1010,5,2,0,1404,1411,C
1-PB2,1011,1410,0,1,0,1411,A
1-PB2,1012,0,2,1418,0,1420,G
1-PB2,1013,0,1404,0,0,1404,T
1-PB2,1014,9,1,0,1400,1410,C
1-PB2,1015,1406,0,4,0,1410,A
1-PB2,1016,1413,0,3,0,1416,A
1-PB2,1017,1415,0,0,0,1415,A
1-PB2,1018,1410,0,3,0,1413,A
1-PB2,1019,1423,0,1,0,1424,A
1-PB2,1020,1423,0,3,0,1426,A
1-PB2,1021,2,3,1434,1,1440,G
1-PB2,1022,1431,0,3,0,1434,A
1-PB2,1023,1430,0,2,0,1432,A
1-PB2,1024,0,1,1431,1,1433,G
1-PB2,1025,1427,0,1,0,1428,A
1-PB2,1026,1352,0,7,0,1359,A
1-PB2,1027,0,2,1357,0,1359,G
1-PB2,1028,1351,0,2,0,1353,A
1-PB2,1029,0,1,1357,0,1358,G
1-PB2,1030,1,1,1383,0,1385,G
1-PB2,1031,1,1381,0,0,1382,T
1-PB2,1032,0,1,1410,0,1411,G
1-PB2,1033,1,0,0,1424,1425,C
1-PB2,1034,0,1408,0,2,1410,T
1-PB2,1035,0,1418,0,0,1418,T
1-PB2,1036,1412,0,1,0,1413,A
1-PB2,1037,1,1,0,1413,1415,C
1-PB2,1038,1387,0,6,0,1393,A
1-PB2,1039,0,1,1412,0,1413,G
1-PB2,1040,0,0,1409,0,1409,G
1-PB2,1041,2,0,0,1388,1390,C
1-PB2,1042,1367,0,0,0,1367,A
1-PB2,1043,1394,1,3,0,1398,A
1-PB2,1044,0,1412,0,4,1416,T
1-PB2,1045,7,0,0,1418,1425,C
1-PB2,1046,1,1421,0,1,1423,T
1-PB2,1047,2,0,0,1423,1425,C
1-PB2,1048,3,3,0,1417,1423,C
1-PB2,1049,1420,0,2,0,1422,A
1-PB2,1050,1419,0,0,0,1419,A
1-PB2,1051,1421,1,1,1,1424,A
1-PB2,1052,1,1,0,1427,1429,C
1-PB2,1053,1377,0,1,0,1378,A
1-PB2,1054,0,1371,0,0,1371,T
1-PB2,1055,0,1386,1,0,1387,T
1-PB2,1056,3,4,1399,0,1406,G
1-PB2,1057,1404,0,1,0,1405,A
1-PB2,1058,1421,0,0,0,1421,A
1-PB2,1059,1420,1,1,0,1422,A
1-PB2,1060,1421,0,1,0,1422,A
1-PB2,1061,2,1414,0,2,1418,T
1-PB2,1062,1405,0,9,0,1414,A
1-PB2,1063,1411,0,3,0,1414,A
1-PB2,1064,1,7,1440,0,1448,G
1-PB2,1065,1423,0,4,0,1427,A
1-PB2,1066,0,2,1499,0,1501,G
1-PB2,1067,2,1482,0,0,1484,T
1-PB2,1068,1516,1,1,0,1518,A
1-PB2,1069,0,0,0,1575,1575,C
1-PB2,1070,1562,0,0,0,1562,A
1-PB2,1071,1,1567,0,1,1569,T
1-PB2,1072,80,4,1485,0,1569,G
1-PB2,1073,1538,0,6,0,1544,A
1-PB2,1074,0,0,1561,0,1561,G
1-PB2,1075,0,11,1561,0,1572,G
1-PB2,1076,0,10,1639,0,1649,G
1-PB2,1077,0,4,1635,0,1639,G
1-PB2,1078,0,1577,0,1,1578,T
1-PB2,1079,1589,0,0,0,1589,A
1-PB2,1080,0,1577,0,2,1579,T
1-PB2,1081,1,8,1581,0,1590,G
1-PB2,1082,1580,1,4,0,1585,A
1-PB2,1083,0,1,1587,0,1588,G
1-PB2,1084,0,11,1567,0,1578,G
1-PB2,1085,1492,0,1,0,1493,A
1-PB2,1086,0,1,1533,0,1534,G
1-PB2,1087,1,1519,0,4,1524,T
1-PB2,1088,2,1564,0,3,1569,T
1-PB2,1089,13,0,0,1567,1580,C
1-PB2,1090,1584,1,0,0,1585,A
1-PB2,1091,2,0,0,1584,1586,C
1-PB2,1092,1591,0,0,0,1591,A
1-PB2,1093,1592,0,2,0,1594,A
1-PB2,1094,0,1583,0,2,1585,T
1-PB2,1095,2,1,1565,0,1568,G
1-PB2,1096,0,2,1578,0,1580,G
1-PB2,1097,0,1528,0,2,1530,T
1-PB2,1098,0,5,1538,0,1543,G
1-PB2,1099,2,5,1535,0,1542,G
1-PB2,1100,0,3,1544,0,1547,G
1-PB2,1101,1,4,1556,0,1561,G
1-PB2,1102,1541,0,1,0,1542,A
1-PB2,1103,1544,0,2,0,1546,A
1-PB2,1104,1541,0,2,0,1543,A
1-PB2,1105,1514,0,6,0,1520,A
1-PB2,1106,0,4,1542,0,1546,G
1-PB2,1107,1537,0,2,0,1539,A
1-PB2,1108,1,0,1540,0,1541,G
1-PB2,1109,2,1,0,1536,1539,C
1-PB2,1110,1526,0,1,0,1527,A
1-PB2,1111,1522,1,2,0,1525,A
1-PB2,1112,0,1,0,1572,1573,C
1-PB2,1113,1570,1,0,0,1571,A
1-PB2,1114,0,0,1606,0,1606,G
1-PB2,1115,1,1,0,1592,1594,C
1-PB2,1116,0,1582,1,3,1586,T
1-PB2,1117,1632,0,3,0,1635,A
1-PB2,1118,1,1628,0,4,1633,T
1-PB2,1119,1635,0,0,2,1637,A
1-PB2,1120,1,0,0,1638,1639,C
1-PB2,1121,1,1547,0,3,1551,T
1-PB2,1122,1563,0,1,0,1564,A
1-PB2,1123,1532,0,3,0,1535,A
1-PB2,1124,0,2,1536,0,1538,G
1-PB2,1125,1534,1,3,0,1538,A
1-PB2,1126,1500,0,0,0,1500,A
1-PB2,1127,1500,1,0,0,1501,A
1-PB2,1128,1487,0,5,0,1492,A
1-PB2,1129,0,1,1499,0,1500,G
1-PB2,1130,1,0,0,1491,1492,C
1-PB2,1131,1483,1,2,0,1486,A
1-PB2,1132,1490,0,2,0,1492,A
1-PB2,1133,2,0,1,1496,1499,C
1-PB2,1134,3,1,0,1497,1501,C
1-PB2,1135,1500,0,0,0,1500,A
1-PB2,1136,0,1,1508,0,1509,G
1-PB2,1137,1506,0,2,0,1508,A
1-PB2,1138,1503,0,0,0,1503,A
1-PB2,1139,0,2,1519,0,1521,G
1-PB2,1140,1512,1,0,0,1513,A
1-PB2,1141,0,1506,0,1,1507,T
1-PB2,1142,0,1496,0,0,1496,T
1-PB2,1143,1,3,1500,0,1504,G
1-PB2,1144,0,2,1526,1,1529,G
1-PB2,1145,0,1515,0,3,1518,T
1-PB2,1146,0,1509,0,1,1510,T
1-PB2,1147,3,0,0,1507,1510,C
1-PB2,1148,1520,0,2,1,1523,A
1-PB2,1149,0,1,1568,0,1569,G
1-PB2,1150,0,2,2,1581,1585,C
1-PB2,1151,0,1576,0,6,1582,T
1-PB2,1152,5,1,0,1587,1593,C
1-PB2,1153,1568,1,0,0,1569,A
1-PB2,1154,1,1578,0,1,1580,T
1-PB2,1155,1576,0,0,0,1576,A
1-PB2,1156,0,0,1587,0,1587,G
1-PB2,1157,0,1503,0,2,1505,T
1-PB2,1158,0,6,1493,0,1499,G
1-PB2,1159,1459,0,1,0,1460,A
1-PB2,1160,0,0,1476,0,1476,G
1-PB2,1161,0,1462,0,0,1462,T
1-PB2,1162,1,5,1455,0,1461,G
1-PB2,1163,1,6,1470,0,1477,G
1-PB2,1164,1478,1,0,0,1479,A
1-PB2,1165,1466,0,4,0,1470,A
1-PB2,1166,1,3,1473,0,1477,G
1-PB2,1167,1451,0,1,0,1452,A
1-PB2,1168,1,1,1457,0,1459,G
1-PB2,1169,1437,0,2,0,1439,A
1-PB2,1170,0,1,0,1438,1439,C
1-PB2,1171,1,10,1429,1,1441,G
1-PB2,1172,1425,1,2,0,1428,A
1-PB2,1173,1424,1,1,0,1426,A
1-PB2,1174,0,1,0,1430,1431,C
1-PB2,1175,1417,0,2,1,1420,A
1-PB2,1176,1,1,1492,1,1495,G
1-PB2,1177,1,1484,1,2,1488,T
1-PB2,1178,9,0,0,1481,1490,C
1-PB2,1179,1491,0,0,0,1491,A
1-PB2,1180,1486,0,3,0,1489,A
1-PB2,1181,0,1492,0,0,1492,T
1-PB2,1182,1477,0,3,0,1480,A
1-PB2,1183,0,0,1485,0,1485,G
1-PB2,1184,1,1,1,1474,1477,C
1-PB2,1185,3,2,0,1432,1437,C
1-PB2,1186,0,2,1427,0,1429,G
1-PB2,1187,1428,2,0,0,1430,A
1-PB2,1188,1435,0,3,0,1438,A
1-PB2,1189,0,1,1464,0,1465,G
1-PB2,1190,1,0,0,1495,1496,C
1-PB2,1191,1498,0,1,0,1499,A
1-PB2,1192,1500,1,1,0,1502,A
1-PB2,1193,0,1502,0,1,1503,T
1-PB2,1194,1508,0,0,0,1508,A
1-PB2,1195,1536,0,0,0,1536,A
1-PB2,1196,0,1531,1,0,1532,T
1-PB2,1197,2,0,0,1521,1523,C
1-PB2,1198,3,0,1518,0,1521,G
1-PB2,1199,0,1476,0,1,1477,T
1-PB2,1200,0,3,1470,0,1473,G
1-PB2,1201,0,1,1485,0,1486,G
1-PB2,1202,1,0,0,1483,1484,C
1-PB2,1203,3,0,0,1481,1484,C
1-PB2,1204,1481,0,0,0,1481,A
1-PB2,1205,0,1476,1,1,1478,T
1-PB2,1206,0,3,1473,0,1476,G
1-PB2,1207,0,0,1510,0,1510,G
1-PB2,1208,0,1498,0,1,1499,T
1-PB2,1209,0,2,1502,0,1504,G
1-PB2,1210,0,1490,2,2,1494,T
1-PB2,1211,0,1501,0,6,1507,T
1-PB2,1212,1,1503,0,1,1505,T
1-PB2,1213,0,1512,0,0,1512,T
1-PB2,1214,5,0,0,1545,1550,C
1-PB2,1215,1549,1,1,0,1551,A
1-PB2,1216,1,2,0,1644,1647,C
1-PB2,1217,1620,0,0,0,1620,A
1-PB2,1218,1637,0,3,0,1640,A
1-PB2,1219,0,2,1652,0,1654,G
1-PB2,1220,1640,0,0,1,1641,A
1-PB2,1221,87,3,1573,0,1663,G
1-PB2,1222,1,4,1680,0,1685,G
1-PB2,1223,1674,0,0,0,1674,A
1-PB2,1224,0,1669,1,2,1672,T
1-PB2,1225,0,1650,1,0,1651,T
1-PB2,1226,2,1,1646,0,1649,G
1-PB2,1227,1,1,0,1614,1616,C
1-PB2,1228,1624,1,1,1,1627,A
1-PB2,1229,1,1634,0,1,1636,T
1-PB2,1230,1,7,1705,0,1713,G
1-PB2,1231,1719,0,1,0,1720,A
1-PB2,1232,0,1732,0,0,1732,T
1-PB2,1233,1723,0,1,0,1724,A
1-PB2,1234,1720,0,0,0,1720,A
1-PB2,1235,1712,0,3,0,1715,A
1-PB2,1236,1718,0,3,1,1722,A
1-PB2,1237,1,1,1721,0,1723,G
1-PB2,1238,1,0,1,1755,1757,C
1-PB2,1239,1796,0,1,0,1797,A
1-PB2,1240,1,0,1867,0,1868,G
1-PB2,1241,0,1855,0,2,1857,T
1-PB2,1242,0,1855,0,0,1855,T
1-PB2,1243,1860,0,0,0,1860,A
1-PB2,1244,0,3,1875,0,1878,G
1-PB2,1245,1850,0,3,2,1855,A
1-PB2,1246,0,7,1848,0,1855,G
1-PB2,1247,2,3,1839,0,1844,G
1-PB2,1248,0,1774,0,1,1775,T
1-PB2,1249,0,13,1791,0,1804,G
1-PB2,1250,1809,0,5,0,1814,A
1-PB2,1251,0,4,1,1814,1819,C
1-PB2,1252,5,2,1,1816,1824,C
1-PB2,1253,2,1746,1,2,1751,T
1-PB2,1254,0,4,1764,0,1768,G
1-PB2,1255,1768,0,0,0,1768,A
1-PB2,1256,1763,0,0,0,1763,A
1-PB2,1257,0,1707,0,63,1770,T
1-PB2,1258,0,1788,0,1,1789,T
1-PB2,1259,0,1797,0,1,1798,T
1-PB2,1260,7,2,1,1782,1792,C
1-PB2,1261,1,1,1787,0,1789,G
1-PB2,1262,0,1785,0,3,1788,T
1-PB2,1263,6,1,1,1779,1787,C
1-PB2,1264,1783,0,1,0,1784,A
1-PB2,1265,1786,1,0,0,1787,A
1-PB2,1266,2,0,0,1781,1783,C
1-PB2,1267,1769,0,0,0,1769,A
1-PB2,1268,0,2,1794,0,1796,G
1-PB2,1269,1789,1,1,0,1791,A
1-PB2,1270,2,0,1794,0,1796,G
1-PB2,1271,0,1,0,1795,1796,C
1-PB2,1272,1793,0,3,0,1796,A
1-PB2,1273,1835,0,1,0,1836,A
1-PB2,1274,1830,1,1,0,1832,A
1-PB2,1275,0,1826,0,0,1826,T
1-PB2,1276,8,0,0,1828,1836,C
1-PB2,1277,1816,0,2,0,1818,A
1-PB2,1278,1,1,1816,0,1818,G
1-PB2,1279,0,1,0,1820,1821,C
1-PB2,1280,0,2,1817,0,1819,G
1-PB2,1281,0,3,1925,0,1928,G
1-PB2,1282,0,1916,0,0,1916,T
1-PB2,1283,1,1914,0,1,1916,T
1-PB2,1284,0,8,1910,0,1918,G
1-PB2,1285,1911,1,8,0,1920,A
1-PB2,1286,1935,0,5,0,1940,A
1-PB2,1287,0,1,0,1956,1957,C
1-PB2,1288,8,0,0,1941,1949,C
1-PB2,1289,5,1,0,1966,1972,C
1-PB2,1290,5,1,0,1882,1888,C
1-PB2,1291,1906,0,0,0,1906,A
1-PB2,1292,0,1913,0,1,1914,T
1-PB2,1293,0,0,1918,0,1918,G
1-PB2,1294,1,1,0,1924,1926,C
1-PB2,1295,1907,0,0,0,1907,A
1-PB2,1296,0,1894,0,2,1896,T
1-PB2,1297,8,0,0,1885,1893,C
1-PB2,1298,1873,0,0,0,1873,A
1-PB2,1299,2,0,1920,0,1922,G
1-PB2,1300,0,0,0,1932,1932,C
1-PB2,1301,0,1903,0,5,1908,T
1-PB2,1302,0,1904,0,0,1904,T
1-PB2,1303,1,1901,0,2,1904,T
1-PB2,1304,0,1904,0,1,1905,T
1-PB2,1305,1903,1,2,0,1906,A
1-PB2,1306,1900,1,1,0,1902,A
1-PB2,1307,1,9,1902,0,1912,G
1-PB2,1308,1,2,1894,0,1897,G
1-PB2,1309,0,0,0,1881,1881,C
1-PB2,1310,1870,0,2,0,1872,A
1-PB2,1311,0,1877,0,0,1877,T
1-PB2,1312,0,1879,0,0,1879,T
1-PB2,1313,0,1883,0,0,1883,T
1-PB2,1314,0,1882,0,3,1885,T
1-PB2,1315,8,3,0,1882,1893,C
1-PB2,1316,1879,1,4,0,1884,A
1-PB2,1317,1,5,1883,0,1889,G
1-PB2,1318,1888,0,1,0,1889,A
1-PB2,1319,1890,0,1,0,1891,A
1-PB2,1320,1884,0,3,0,1887,A
1-PB2,1321,0,6,1888,0,1894,G
1-PB2,1322,1908,0,4,0,1912,A
1-PB2,1323,0,1904,1,0,1905,T
1-PB2,1324,1,0,1901,0,1902,G
1-PB2,1325,1,1,1,1907,1910,C
1-PB2,1326,0,5,1909,0,1914,G
1-PB2,1327,1910,0,3,0,1913,A
1-PB2,1328,1908,1,1,0,1910,A
1-PB2,1329,1905,0,2,1,1908,A
1-PB2,1330,9,1,1906,0,1916,G
1-PB2,1331,0,1887,0,4,1891,T
1-PB2,1332,0,2,1890,0,1892,G
1-PB2,1333,1,3,0,1883,1887,C
1-PB2,1334,0,1880,0,1,1881,T
1-PB2,1335,0,1876,0,0,1876,T
1-PB2,1336,0,1877,2,0,1879,T
1-PB2,1337,0,1881,0,1,1882,T
1-PB2,1338,1,1877,0,1,1879,T
1-PB2,1339,6,1,0,1872,1879,C
1-PB2,1340,1875,0,3,0,1878,A
1-PB2,1341,1894,0,0,2,1896,A
1-PB2,1342,1886,0,2,0,1888,A
1-PB2,1343,1897,0,0,0,1897,A
1-PB2,1344,1,1886,1,1,1889,T
1-PB2,1345,0,1894,0,0,1894,T
1-PB2,1346,0,6,1886,0,1892,G
1-PB2,1347,1,2,1891,0,1894,G
1-PB2,1348,2,9,1877,0,1888,G
1-PB2,1349,0,9,1910,0,1919,G
1-PB2,1350,1907,0,0,0,1907,A
1-PB2,1351,0,0,1946,0,1946,G
1-PB2,1352,1,1940,0,1,1942,T
1-PB2,1353,0,1939,0,0,1939,T
1-PB2,1354,0,15,1934,0,1949,G
1-PB2,1355,1942,2,3,0,1947,A
1-PB2,1356,1947,2,5,0,1954,A
1-PB2,1357,2,2,0,2005,2009,C
1-PB2,1358,1971,2,2,0,1975,A
1-PB2,1359,0,0,0,2034,2034,C
1-PB2,1360,1994,0,1,0,1995,A
1-PB2,1361,0,2000,1,2,2003,T
1-PB2,1362,3,1,0,2006,2010,C
1-PB2,1363,1,7,2002,0,2010,G
1-PB2,1364,2017,0,0,0,2017,A
1-PB2,1365,0,1,0,2015,2016,C
1-PB2,1366,1948,0,1,1,1950,A
1-PB2,1367,0,1,2003,0,2004,G
1-PB2,1368,0,1945,1,4,1950,T
1-PB2,1369,3,2,1982,0,1987,G
1-PB2,1370,2,1975,0,2,1979,T
1-PB2,1371,2,6,1975,0,1983,G
1-PB2,1372,1982,0,3,0,1985,A
1-PB2,1373,0,1977,0,1,1978,T
1-PB2,1374,1,1,1975,0,1977,G
1-PB2,1375,1,3,1974,0,1978,G
1-PB2,1376,1,6,1936,0,1943,G
1-PB2,1377,1923,0,4,0,1927,A
1-PB2,1378,1904,0,2,0,1906,A
1-PB2,1379,0,1919,0,0,1919,T
1-PB2,1380,0,6,1943,0,1949,G
1-PB2,1381,1946,4,0,0,1950,A
1-PB2,1382,0,1947,0,1,1948,T
1-PB2,1383,0,1950,0,3,1953,T
1-PB2,1384,0,4,1942,0,1946,G
1-PB2,1385,0,5,2002,0,2007,G
1-PB2,1386,1996,0,4,0,2000,A
1-PB2,1387,1,1,2038,0,2040,G
1-PB2,1388,1,2016,0,1,2018,T
1-PB2,1389,1999,0,2,0,2001,A
1-PB2,1390,0,2003,0,2,2005,T
1-PB2,1391,0,2012,0,0,2012,T
1-PB2,1392,2042,0,0,0,2042,A
1-PB2,1393,1,1,0,2038,2040,C
1-PB2,1394,6,1,0,1995,2002,C
1-PB2,1395,1968,0,1,0,1969,A
1-PB2,1396,0,2,1976,0,1978,G
1-PB2,1397,2021,0,1,0,2022,A
1-PB2,1398,0,2012,0,1,2013,T
1-PB2,1399,2001,1,0,0,2002,A
1-PB2,1400,1,1984,0,2,1987,T
1-PB2,1401,2,13,1960,0,1975,G
1-PB2,1402,1969,1,1,0,1971,A
1-PB2,1403,2,0,0,1982,1984,C
1-PB2,1404,0,1972,0,3,1975,T
1-PB2,1405,13,0,0,1965,1978,C
1-PB2,1406,3,1,0,1951,1955,C
1-PB2,1407,1960,1,0,1,1962,A
1-PB2,1408,1970,0,0,0,1970,A
1-PB2,1409,0,0,2024,0,2024,G
1-PB2,1410,1,0,1,2012,2014,C
1-PB2,1411,2013,0,0,0,2013,A
1-PB2,1412,0,0,1,2009,2010,C
1-PB2,1413,1996,0,2,0,1998,A
1-PB2,1414,0,7,1998,0,2005,G
1-PB2,1415,1987,0,4,0,1991,A
1-PB2,1416,0,5,2001,1,2007,G
1-PB2,1417,2008,0,1,0,2009,A
1-PB2,1418,1,1942,0,1,1944,T
1-PB2,1419,1,0,1965,0,1966,G
1-PB2,1420,2,1957,0,3,1962,T
1-PB2,1421,5,0,0,1952,1957,C
1-PB2,1422,1963,1,2,0,1966,A
1-PB2,1423,1957,1,2,0,1960,A
1-PB2,1424,0,1954,0,0,1954,T
1-PB2,1425,1,9,1946,0,1956,G
1-PB2,1426,1924,1,1,0,1926,A
1-PB2,1427,1,1,1931,0,1933,G
1-PB2,1428,1890,0,3,0,1893,A
1-PB2,1429,0,2,1916,0,1918,G
1-PB2,1430,0,3,2001,0,2004,G
1-PB2,1431,2003,0,0,0,2003,A
1-PB2,1432,2014,0,1,0,2015,A
1-PB2,1433,0,2016,0,1,2017,T
1-PB2,1434,2007,0,2,0,2009,A
1-PB2,1435,2002,0,4,0,2006,A
1-PB2,1436,1,15,1995,0,2011,G
1-PB2,1437,1994,1,4,0,1999,A
1-PB2,1438,0,1,2005,0,2006,G
1-PB2,1439,0,1887,0,1,1888,T
1-PB2,1440,13,1,0,1884,1898,C
1-PB2,1441,1893,0,3,0,1896,A
1-PB2,1442,0,2,1916,0,1918,G
1-PB2,1443,1,1,0,1929,1931,C
1-PB2,1444,1925,0,3,0,1928,A
1-PB2,1445,1935,1,1,0,1937,A
1-PB2,1446,1931,0,0,0,1931,A
1-PB2,1447,1936,1,0,0,1937,A
1-PB2,1448,0,1936,0,0,1936,T
1-PB2,1449,0,5,1930,0,1935,G
1-PB2,1450,1,4,1938,0,1943,G
1-PB2,1451,0,1,1954,0,1955,G
1-PB2,1452,0,1929,0,3,1932,T
1-PB2,1453,0,0,1937,0,1937,G
1-PB2,1454,0,1931,2,2,1935,T
1-PB2,1455,1,5,1941,0,1947,G
1-PB2,1456,0,3,1974,0,1977,G
1-PB2,1457,1974,0,1,0,1975,A
1-PB2,1458,0,1965,1,1,1967,T
1-PB2,1459,1,12,1957,2,1972,G
1-PB2,1460,1966,0,0,1,1967,A
1-PB2,1461,1976,0,2,0,1978,A
1-PB2,1462,1,1971,0,0,1972,T
1-PB2,1463,1953,0,1,1,1955,A
1-PB2,1464,1,3,0,2091,2095,C
1-PB2,1465,1,2027,0,7,2035,T
1-PB2,1466,6,0,1,2060,2067,C
1-PB2,1467,5,1,0,2063,2069,C
1-PB2,1468,2071,0,0,0,2071,A
1-PB2,1469,1,0,2155,0,2156,G
1-PB2,1470,1,2145,1,1,2148,T
1-PB2,1471,2164,0,0,0,2164,A
1-PB2,1472,0,1,0,2172,2173,C
1-PB2,1473,1997,0,4,0,2001,A
1-PB2,1474,0,3,2012,0,2015,G
1-PB2,1475,1964,0,4,1,1969,A
1-PB2,1476,0,7,1970,0,1977,G
1-PB2,1477,1914,0,3,0,1917,A
1-PB2,1478,1,6,1869,0,1876,G
1-PB2,1479,0,3,1870,0,1873,G
1-PB2,1480,0,2,1875,0,1877,G
1-PB2,1481,0,1842,0,0,1842,T
1-PB2,1482,1,7,1835,0,1843,G
1-PB2,1483,2,0,1852,0,1854,G
1-PB2,1484,1,1826,0,1,1828,T
1-PB2,1485,3,3,1872,0,1878,G
1-PB2,1486,0,1,1884,0,1885,G
1-PB2,1487,0,1840,1,2,1843,T
1-PB2,1488,0,1842,0,2,1844,T
1-PB2,1489,1825,0,2,0,1827,A
1-PB2,1490,1,0,1840,0,1841,G
1-PB2,1491,0,1,1,1836,1838,C
1-PB2,1492,1824,0,1,0,1825,A
1-PB2,1493,0,1821,0,1,1822,T
1-PB2,1494,1,1730,0,1,1732,T
1-PB2,1495,0,9,1720,0,1729,G
1-PB2,1496,1728,0,1,0,1729,A
1-PB2,1497,0,1726,0,3,1729,T
1-PB2,1498,13,0,0,1719,1732,C
1-PB2,1499,2,2,1709,0,1713,G
1-PB2,1500,0,0,1750,0,1750,G
1-PB2,1501,0,1745,1,0,1746,T
1-PB2,1502,0,1743,0,2,1745,T
1-PB2,1503,0,1747,0,0,1747,T
1-PB2,1504,0,1740,0,1,1741,T
1-PB2,1505,0,1746,0,0,1746,T
1-PB2,1506,2,3,1740,0,1745,G
1-PB2,1507,1743,2,2,0,1747,A
1-PB2,1508,1,3,1741,0,1745,G
1-PB2,1509,1692,0,3,0,1695,A
1-PB2,1510,0,0,1714,0,1714,G
1-PB2,1511,0,1719,0,0,1719,T
1-PB2,1512,0,1716,0,0,1716,T
1-PB2,1513,15,2,0,1700,1717,C
1-PB2,1514,1,6,1710,0,1717,G
1-PB2,1515,1715,1,3,0,1719,A
1-PB2,1516,1,6,1715,0,1722,G
1-PB2,1517,1721,0,2,0,1723,A
1-PB2,1518,2,0,0,1718,1720,C
1-PB2,1519,8,0,0,1698,1706,C
1-PB2,1520,1687,0,2,0,1689,A
1-PB2,1521,1712,0,2,0,1714,A
1-PB2,1522,4,2,0,1706,1712,C
1-PB2,1523,1,2,1714,0,1717,G
1-PB2,1524,1,1708,0,0,1709,T
1-PB2,1525,1,2,1700,0,1703,G
1-PB2,1526,0,4,1704,0,1708,G
1-PB2,1527,0,2,1716,0,1718,G
1-PB2,1528,1698,0,1,0,1699,A
1-PB2,1529,1703,0,2,0,1705,A
1-PB2,1530,1,1655,0,2,1658,T
1-PB2,1531,0,1,1749,0,1750,G
1-PB2,1532,0,1739,0,0,1739,T
1-PB2,1533,1739,0,1,0,1740,A
1-PB2,1534,0,1753,0,0,1753,T
1-PB2,1535,0,1722,0,1,1723,T
1-PB2,1536,1752,0,0,1,1753,A
1-PB2,1537,1,1742,0,0,1743,T
1-PB2,1538,0,1721,0,2,1723,T
1-PB2,1539,1718,0,3,0,1721,A
1-PB2,1540,1,1541,0,1,1543,T
1-PB2,1541,2,0,0,1619,1621,C
1-PB2,1542,0,1596,0,3,1599,T
1-PB2,1543,8,1,0,1612,1621,C
1-PB2,1544,2,1,1,1618,1622,C
1-PB2,1545,1,1581,0,0,1582,T
1-PB2,1546,1,8,1573,0,1582,G
1-PB2,1547,1575,1,2,0,1578,A
1-PB2,1548,0,2,1579,0,1581,G
1-PB2,1549,0,2,1583,0,1585,G
1-PB2,1550,1463,0,1,0,1464,A
1-PB2,1551,0,0,1481,0,1481,G
1-PB2,1552,1,2,1478,0,1481,G
1-PB2,1553,0,1418,0,3,1421,T
1-PB2,1554,6,1,0,1417,1424,C
1-PB2,1555,1409,0,1,0,1410,A
1-PB2,1556,1,1,1425,0,1427,G
1-PB2,1557,0,1423,0,1,1424,T
1-PB2,1558,0,4,1424,0,1428,G
1-PB2,1559,1430,0,3,0,1433,A
1-PB2,1560,1381,0,0,0,1381,A
1-PB2,1561,1385,0,3,0,1388,A
1-PB2,1562,0,0,0,1388,1388,C
1-PB2,1563,1375,0,0,0,1375,A
1-PB2,1564,2,0,0,1375,1377,C
1-PB2,1565,1326,0,0,0,1326,A
1-PB2,1566,1,3,1328,0,1332,G
1-PB2,1567,0,4,1328,0,1332,G
1-PB2,1568,0,11,1341,1,1353,G
1-PB2,1569,1351,0,1,0,1352,A
1-PB2,1570,1335,0,2,0,1337,A
1-PB2,1571,0,0,0,1359,1359,C
1-PB2,1572,0,1328,0,3,1331,T
1-PB2,1573,1,6,1323,0,1330,G
1-PB2,1574,1319,0,1,0,1320,A
1-PB2,1575,0,2,1321,0,1323,G
1-PB2,1576,1293,2,0,0,1295,A
1-PB2,1577,0,7,1242,0,1249,G
1-PB2,1578,1237,1,5,0,1243,A
1-PB2,1579,1,0,0,1237,1238,C
1-PB2,1580,0,1200,0,2,1202,T
1-PB2,1581,1,6,1223,0,1230,G
1-PB2,1582,1217,2,2,0,1221,A
1-PB2,1583,0,0,0,1222,1222,C
1-PB2,1584,1219,0,0,0,1219,A
1-PB2,1585,1224,0,0,0,1224,A
1-PB2,1586,0,1219,0,0,1219,T
1-PB2,1587,1237,0,0,0,1237,A
1-PB2,1588,1236,0,1,0,1237,A
1-PB2,1589,1,0,0,1248,1249,C
1-PB2,1590,0,1187,1,1,1189,T
1-PB2,1591,1,1188,0,0,1189,T
1-PB2,1592,1178,0,2,0,1180,A
1-PB2,1593,0,1176,0,2,1178,T
1-PB2,1594,0,1170,0,0,1170,T
1-PB2,1595,4,0,0,1164,1168,C
1-PB2,1596,1108,0,0,0,1108,A
1-PB2,1597,0,1101,0,3,1104,T
1-PB2,1598,6,1,0,1074,1081,C
1-PB2,1599,3,0,1081,0,1084,G
1-PB2,1600,0,1091,0,0,1091,T
1-PB2,1601,0,1,0,1083,1084,C
1-PB2,1602,2,2,1079,0,1083,G
1-PB2,1603,1084,0,2,0,1086,A
1-PB2,1604,0,1085,0,0,1085,T
1-PB2,1605,1,2,1081,0,1084,G
1-PB2,1606,1087,0,1,0,1088,A
1-PB2,1607,0,1090,0,0,1090,T
1-PB2,1608,1,1,1086,0,1088,G
1-PB2,1609,0,1048,0,1,1049,T
1-PB2,1610,2,2,1045,0,1049,G
1-PB2,1611,2,5,1047,0,1054,G
1-PB2,1612,0,3,1047,1,1051,G
1-PB2,1613,1042,0,0,0,1042,A
1-PB2,1614,0,4,1038,0,1042,G
1-PB2,1615,977,1,2,0,980,A
1-PB2,1616,0,965,0,0,965,T
1-PB2,1617,0,946,0,0,946,T
1-PB2,1618,943,0,1,0,944,A
1-PB2,1619,940,0,1,0,941,A
1-PB2,1620,0,0,0,936,936,C
1-PB2,1621,0,4,891,0,895,G
1-PB2,1622,0,1,915,0,916,G
1-PB2,1623,0,847,0,2,849,T
1-PB2,1624,3,0,0,836,839,C
1-PB2,1625,2,1,0,835,838,C
1-PB2,1626,0,797,0,1,798,T
1-PB2,1627,1,0,804,0,805,G
1-PB2,1628,802,0,0,0,802,A
1-PB2,1629,0,0,802,0,802,G
1-PB2,1630,0,799,0,1,800,T
1-PB2,1631,3,0,0,780,783,C
1-PB2,1632,2,0,779,0,781,G
1-PB2,1633,0,3,808,1,812,G
1-PB2,1634,0,811,0,2,813,T
1-PB2,1635,0,810,0,0,810,T
1-PB2,1636,0,805,0,2,807,T
1-PB2,1637,0,800,0,0,800,T
1-PB2,1638,1,1,826,0,828,G
1-PB2,1639,0,0,839,0,839,G
1-PB2,1640,0,834,0,1,835,T
1-PB2,1641,3,0,1,830,834,C
1-PB2,1642,816,0,0,0,816,A
1-PB2,1643,856,0,1,0,857,A
1-PB2,1644,0,858,0,0,858,T
1-PB2,1645,859,0,1,0,860,A
1-PB2,1646,1,0,0,880,881,C
1-PB2,1647,6,0,0,850,856,C
1-PB2,1648,1,844,3,0,848,T
1-PB2,1649,863,1,1,0,865,A
1-PB2,1650,0,862,0,1,863,T
1-PB2,1651,3,0,0,864,867,C
1-PB2,1652,840,0,0,0,840,A
1-PB2,1653,841,0,1,0,842,A
1-PB2,1654,0,838,0,0,838,T
1-PB2,1655,0,2,810,0,812,G
1-PB2,1656,0,1,813,0,814,G
1-PB2,1657,807,0,2,0,809,A
1-PB2,1658,0,798,0,0,798,T
1-PB2,1659,5,0,0,792,797,C
1-PB2,1660,799,1,1,0,801,A
1-PB2,1661,0,801,0,0,801,T
1-PB2,1662,4,0,0,797,801,C
1-PB2,1663,801,0,0,0,801,A
1-PB2,1664,0,0,803,0,803,G
1-PB2,1665,797,0,1,0,798,A
1-PB2,1666,800,0,0,0,800,A
1-PB2,1667,802,0,0,0,802,A
1-PB2,1668,0,805,0,0,805,T
1-PB2,1669,0,797,0,1,798,T
1-PB2,1670,0,3,788,0,791,G
1-PB2,1671,2,2,790,0,794,G
1-PB2,1672,0,1,787,0,788,G
1-PB2,1673,792,0,0,0,792,A
1-PB2,1674,792,0,0,0,792,A
1-PB2,1675,0,1,793,0,794,G
1-PB2,1676,0,0,0,791,791,C
1-PB2,1677,0,781,1,0,782,T
1-PB2,1678,0,0,794,0,794,G
1-PB2,1679,0,792,0,0,792,T
1-PB2,1680,4,0,0,788,792,C
1-PB2,1681,794,0,0,0,794,A
1-PB2,1682,796,0,0,0,796,A
1-PB2,1683,796,0,0,0,796,A
1-PB2,1684,801,0,0,0,801,A
1-PB2,1685,0,801,0,0,801,T
1-PB2,1686,0,799,0,0,799,T
1-PB2,1687,2,1,0,791,794,C
1-PB2,1688,791,0,0,0,791,A
1-PB2,1689,791,0,1,0,792,A
1-PB2,1690,0,793,0,0,793,T
1-PB2,1691,1,5,789,0,795,G
1-PB2,1692,0,1,797,0,798,G
1-PB2,1693,0,812,0,0,812,T
1-PB2,1694,2,0,0,819,821,C
1-PB2,1695,0,819,0,0,819,T
1-PB2,1696,3,0,0,814,817,C
1-PB2,1697,820,0,0,0,820,A
1-PB2,1698,1,1,822,0,824,G
1-PB2,1699,823,0,1,0,824,A
1-PB2,1700,826,0,0,0,826,A
1-PB2,1701,0,819,1,0,820,T
1-PB2,1702,4,0,0,804,808,C
1-PB2,1703,2,0,0,792,794,C
1-PB2,1704,0,793,0,3,796,T
1-PB2,1705,0,1,789,0,790,G
1-PB2,1706,0,3,0,790,793,C
1-PB2,1707,793,0,1,0,794,A
1-PB2,1708,801,0,3,0,804,A
1-PB2,1709,0,794,0,0,794,T
1-PB2,1710,0,0,813,0,813,G
1-PB2,1711,0,808,0,1,809,T
1-PB2,1712,1,773,0,1,775,T
1-PB2,1713,0,0,791,0,791,G
1-PB2,1714,0,789,0,0,789,T
1-PB2,1715,792,0,1,0,793,A
1-PB2,1716,1,1,0,787,789,C
1-PB2,1717,769,0,0,0,769,A
1-PB2,1718,770,0,1,0,771,A
1-PB2,1719,0,0,0,765,765,C
1-PB2,1720,748,0,0,0,748,A
1-PB2,1721,746,0,1,0,747,A
1-PB2,1722,735,0,1,0,736,A
1-PB2,1723,737,0,2,0,739,A
1-PB2,1724,0,740,0,0,740,T
1-PB2,1725,0,1,737,0,738,G
1-PB2,1726,1,3,732,0,736,G
1-PB2,1727,738,1,0,0,739,A
1-PB2,1728,742,0,1,0,743,A
1-PB2,1729,0,741,0,0,741,T
1-PB2,1730,0,738,0,0,738,T
1-PB2,1731,0,737,0,0,737,T
1-PB2,1732,0,1,740,0,741,G
1-PB2,1733,740,0,1,0,741,A
1-PB2,1734,741,0,2,0,743,A
1-PB2,1735,0,0,0,737,737,C
1-PB2,1736,4,1,0,701,706,C
1-PB2,1737,719,0,0,0,719,A
1-PB2,1738,0,726,0,0,726,T
1-PB2,1739,0,726,0,0,726,T
1-PB2,1740,0,727,0,0,727,T
1-PB2,1741,2,0,0,725,727,C
1-PB2,1742,728,0,0,0,728,A
1-PB2,1743,734,0,0,0,734,A
1-PB2,1744,1,731,0,0,732,T
1-PB2,1745,1,0,0,745,746,C
1-PB2,1746,0,734,0,1,735,T
1-PB2,1747,0,735,0,0,735,T
1-PB2,1748,0,734,0,2,736,T
1-PB2,1749,734,0,0,0,734,A
1-PB2,1750,0,0,736,0,736,G
1-PB2,1751,0,734,0,0,734,T
1-PB2,1752,5,0,0,746,751,C
1-PB2,1753,0,1,0,747,748,C
1-PB2,1754,2,0,0,733,735,C
1-PB2,1755,1,0,0,733,734,C
1-PB2,1756,732,0,0,0,732,A
1-PB2,1757,731,0,0,0,731,A
1-PB2,1758,1,1,746,0,748,G
1-PB2,1759,0,2,745,0,747,G
1-PB2,1760,1,0,0,744,745,C
1-PB2,1761,3,0,0,731,734,C
1-PB2,1762,733,0,0,1,734,A
1-PB2,1763,0,739,0,1,740,T
1-PB2,1764,0,743,0,0,743,T
1-PB2,1765,743,0,0,0,743,A
1-PB2,1766,0,1,741,0,742,G
1-PB2,1767,728,0,1,0,729,A
1-PB2,1768,753,0,0,0,753,A
1-PB2,1769,0,0,757,0,757,G
1-PB2,1770,0,0,0,762,762,C
1-PB2,1771,1,0,1,758,760,C
1-PB2,1772,750,0,0,0,750,A
1-PB2,1773,765,0,0,0,765,A
1-PB2,1774,0,771,0,0,771,T
1-PB2,1775,779,0,0,0,779,A
1-PB2,1776,0,2,0,777,779,C
1-PB2,1777,718,0,0,0,718,A
1-PB2,1778,0,1,720,0,721,G
1-PB2,1779,0,708,0,0,708,T
1-PB2,1780,0,2,712,0,714,G
1-PB2,1781,0,2,711,0,713,G
1-PB2,1782,0,1,711,0,712,G
1-PB2,1783,0,699,0,2,701,T
1-PB2,1784,0,698,0,0,698,T
1-PB2,1785,0,699,1,0,700,T
1-PB2,1786,0,0,708,0,708,G
1-PB2,1787,0,703,0,1,704,T
1-PB2,1788,2,1,0,700,703,C
1-PB2,1789,693,0,1,0,694,A
1-PB2,1790,1,3,696,0,700,G
1-PB2,1791,696,1,0,0,697,A
1-PB2,1792,698,0,1,0,699,A
1-PB2,1793,0,0,1,698,699,C
1-PB2,1794,0,683,1,0,684,T
1-PB2,1795,2,0,0,699,701,C
1-PB2,1796,0,700,0,1,701,T
1-PB2,1797,706,0,0,0,706,A
1-PB2,1798,0,706,0,2,708,T
1-PB2,1799,0,704,0,1,705,T
1-PB2,1800,4,0,0,697,701,C
1-PB2,1801,1,0,0,691,692,C
1-PB2,1802,686,0,0,0,686,A
1-PB2,1803,688,0,0,0,688,A
1-PB2,1804,0,1,1,685,687,C
1-PB2,1805,676,0,0,0,676,A
1-PB2,1806,675,0,0,0,675,A
1-PB2,1807,677,0,0,0,677,A
1-PB2,1808,0,682,0,0,682,T
1-PB2,1809,0,3,681,0,684,G
1-PB2,1810,676,0,0,0,676,A
1-PB2,1811,0,3,680,0,683,G
1-PB2,1812,682,0,0,0,682,A
1-PB2,1813,0,2,675,0,677,G
1-PB2,1814,675,0,2,0,677,A
1-PB2,1815,2,0,0,671,673,C
1-PB2,1816,1,0,680,0,681,G
1-PB2,1817,0,688,0,1,689,T
1-PB2,1818,695,0,1,0,696,A
1-PB2,1819,1,0,0,692,693,C
1-PB2,1820,0,691,0,0,691,T
1-PB2,1821,0,690,0,0,690,T
1-PB2,1822,0,2,686,1,689,G
1-PB2,1823,1,2,685,0,688,G
1-PB2,1824,0,1,693,0,694,G
1-PB2,1825,684,0,1,0,685,A
1-PB2,1826,0,0,0,683,683,C
1-PB2,1827,679,0,2,0,681,A
1-PB2,1828,0,689,0,0,689,T
1-PB2,1829,0,688,0,0,688,T
1-PB2,1830,0,686,1,1,688,T
1-PB2,1831,1,2,686,0,689,G
1-PB2,1832,692,0,0,0,692,A
1-PB2,1833,0,0,0,691,691,C
1-PB2,1834,691,0,1,0,692,A
1-PB2,1835,1,0,1,691,693,C
1-PB2,1836,2,0,0,672,674,C
1-PB2,1837,678,0,0,0,678,A
1-PB2,1838,1,1,0,684,686,C
1-PB2,1839,0,0,0,689,689,C
1-PB2,1840,1,0,0,688,689,C
1-PB2,1841,687,0,2,0,689,A
1-PB2,1842,0,0,703,0,703,G
1-PB2,1843,703,1,0,0,704,A
1-PB2,1844,0,726,0,0,726,T
1-PB2,1845,721,0,0,0,721,A
1-PB2,1846,714,0,1,0,715,A
1-PB2,1847,0,714,0,1,715,T
1-PB2,1848,712,0,0,0,712,A
1-PB2,1849,713,0,0,0,713,A
1-PB2,1850,704,0,0,0,704,A
1-PB2,1851,0,0,709,0,709,G
1-PB2,1852,0,0,0,709,709,C
1-PB2,1853,0,681,0,0,681,T
1-PB2,1854,0,676,0,0,676,T
1-PB2,1855,2,0,0,677,679,C
1-PB2,1856,0,676,0,1,677,T
1-PB2,1857,4,0,0,692,696,C
1-PB2,1858,3,0,0,693,696,C
1-PB2,1859,2,0,1,694,697,C
1-PB2,1860,0,693,0,2,695,T
1-PB2,1861,0,693,0,2,695,T
1-PB2,1862,0,695,0,0,695,T
1-PB2,1863,1,693,0,0,694,T
1-PB2,1864,0,1,692,0,693,G
1-PB2,1865,0,1,0,692,693,C
1-PB2,1866,680,0,0,0,680,A
1-PB2,1867,0,2,678,0,680,G
1-PB2,1868,0,0,0,679,679,C
1-PB2,1869,0,673,0,1,674,T
1-PB2,1870,0,0,677,0,677,G
1-PB2,1871,0,0,0,677,677,C
1-PB2,1872,1,675,0,0,676,T
1-PB2,1873,4,0,0,681,685,C
1-PB2,1874,2,0,0,685,687,C
1-PB2,1875,686,0,1,0,687,A
1-PB2,1876,3,0,0,687,690,C
1-PB2,1877,1,0,0,684,685,C
1-PB2,1878,678,0,0,0,678,A
1-PB2,1879,682,0,0,0,682,A
1-PB2,1880,681,0,1,1,683,A
1-PB2,1881,0,1,685,0,686,G
1-PB2,1882,1,0,0,681,682,C
1-PB2,1883,670,0,0,0,670,A
1-PB2,1884,670,0,0,0,670,A
1-PB2,1885,664,0,0,0,664,A
1-PB2,1886,1,1,678,0,680,G
1-PB2,1887,0,0,0,681,681,C
1-PB2,1888,676,0,0,0,676,A
1-PB2,1889,0,2,673,0,675,G
1-PB2,1890,668,0,0,0,668,A
1-PB2,1891,679,0,1,0,680,A
1-PB2,1892,0,682,0,0,682,T
1-PB2,1893,0,2,680,0,682,G
1-PB2,1894,0,0,0,682,682,C
1-PB2,1895,667,0,1,0,668,A
1-PB2,1896,0,0,687,0,687,G
1-PB2,1897,0,682,0,0,682,T
1-PB2,1898,0,698,0,1,699,T
1-PB2,1899,5,0,0,696,701,C
1-PB2,1900,1,690,0,1,692,T
1-PB2,1901,2,1,0,702,705,C
1-PB2,1902,0,701,0,3,704,T
1-PB2,1903,0,704,0,0,704,T
1-PB2,1904,1,0,0,708,709,C
1-PB2,1905,694,0,1,1,696,A
1-PB2,1906,0,0,0,697,697,C
1-PB2,1907,0,676,0,0,676,T
1-PB2,1908,0,1,687,0,688,G
1-PB2,1909,679,1,2,1,683,A
1-PB2,1910,0,0,0,697,697,C
1-PB2,1911,0,686,0,0,686,T
1-PB2,1912,0,1,689,0,690,G
1-PB2,1913,0,688,0,2,690,T
1-PB2,1914,0,3,698,0,701,G
1-PB2,1915,698,0,3,0,701,A
1-PB2,1916,701,0,2,0,703,A
1-PB2,1917,0,693,0,0,693,T
1-PB2,1918,0,0,693,0,693,G
1-PB2,1919,0,661,1,0,662,T
1-PB2,1920,1,0,661,0,662,G
1-PB2,1921,649,0,0,0,649,A
1-PB2,1922,0,0,650,0,650,G
1-PB2,1923,0,4,640,0,644,G
1-PB2,1924,0,3,644,0,647,G
1-PB2,1925,0,3,682,1,686,G
1-PB2,1926,683,0,1,0,684,A
1-PB2,1927,0,683,0,0,683,T
1-PB2,1928,2,0,0,678,680,C
1-PB2,1929,668,0,0,0,668,A
1-PB2,1930,0,3,675,0,678,G
1-PB2,1931,0,2,675,0,677,G
1-PB2,1932,0,1,682,0,683,G
1-PB2,1933,682,0,0,0,682,A
1-PB2,1934,0,667,0,0,667,T
1-PB2,1935,0,2,664,0,666,G
1-PB2,1936,662,0,0,0,662,A
1-PB2,1937,1,2,675,0,678,G
1-PB2,1938,677,0,1,0,678,A
1-PB2,1939,664,0,0,1,665,A
1-PB2,1940,0,667,0,0,667,T
1-PB2,1941,660,0,0,0,660,A
1-PB2,1942,0,0,0,666,666,C
1-PB2,1943,0,659,0,0,659,T
1-PB2,1944,0,654,0,0,654,T
1-PB2,1945,0,0,653,0,653,G
1-PB2,1946,1,638,0,0,639,T
1-PB2,1947,638,0,0,0,638,A
1-PB2,1948,635,0,0,0,635,A
1-PB2,1949,0,3,624,0,627,G
1-PB2,1950,0,1,635,0,636,G
1-PB2,1951,0,3,618,0,621,G
1-PB2,1952,2,0,619,0,621,G
1-PB2,1953,0,0,0,624,624,C
1-PB2,1954,617,0,0,0,617,A
1-PB2,1955,636,0,0,0,636,A
1-PB2,1956,0,634,0,1,635,T
1-PB2,1957,1,636,0,0,637,T
1-PB2,1958,0,0,0,653,653,C
1-PB2,1959,0,639,0,0,639,T
1-PB2,1960,0,0,0,646,646,C
1-PB2,1961,3,0,0,646,649,C
1-PB2,1962,0,639,0,4,643,T
1-PB2,1963,0,0,663,0,663,G
1-PB2,1964,0,647,0,0,647,T
1-PB2,1965,648,0,1,0,649,A
1-PB2,1966,0,650,0,1,651,T
1-PB2,1967,0,640,0,1,641,T
1-PB2,1968,6,1,0,639,646,C
1-PB2,1969,639,0,0,0,639,A
1-PB2,1970,647,0,0,0,647,A
1-PB2,1971,0,1,0,645,646,C
1-PB2,1972,0,635,0,0,635,T
1-PB2,1973,639,0,0,0,639,A
1-PB2,1974,0,0,0,665,665,C
1-PB2,1975,658,0,0,0,658,A
1-PB2,1976,658,0,0,0,658,A
1-PB2,1977,1,0,0,655,656,C
1-PB2,1978,650,0,0,0,650,A
1-PB2,1979,641,0,3,1,645,A
1-PB2,1980,0,5,642,1,648,G
1-PB2,1981,647,0,0,0,647,A
1-PB2,1982,1,1,0,649,651,C
1-PB2,1983,3,1,0,629,633,C
1-PB2,1984,637,0,2,0,639,A
1-PB2,1985,1,0,0,663,664,C
1-PB2,1986,0,662,0,1,663,T
1-PB2,1987,664,0,0,0,664,A
1-PB2,1988,663,0,0,0,663,A
1-PB2,1989,658,0,0,0,658,A
1-PB2,1990,656,0,2,1,659,A
1-PB2,1991,1,1,666,0,668,G
1-PB2,1992,664,0,2,0,666,A
1-PB2,1993,0,0,0,669,669,C
1-PB2,1994,0,638,0,1,639,T
1-PB2,1995,642,0,0,0,642,A
1-PB2,1996,643,0,0,0,643,A
1-PB2,1997,0,0,0,646,646,C
1-PB2,1998,640,1,1,0,642,A
1-PB2,1999,645,0,0,0,645,A
1-PB2,2000,0,634,0,0,634,T
1-PB2,2001,0,630,0,0,630,T
1-PB2,2002,1,0,0,632,633,C
1-PB2,2003,0,632,0,0,632,T
1-PB2,2004,1,0,0,634,635,C
1-PB2,2005,0,1,635,0,636,G
1-PB2,2006,0,2,633,0,635,G
1-PB2,2007,636,0,0,0,636,A
1-PB2,2008,638,0,0,0,638,A
1-PB2,2009,639,0,0,0,639,A
1-PB2,2010,636,0,3,0,639,A
1-PB2,2011,0,0,639,0,639,G
1-PB2,2012,640,0,1,0,641,A
1-PB2,2013,0,645,0,0,645,T
1-PB2,2014,0,0,643,0,643,G
1-PB2,2015,1,0,0,642,643,C
1-PB2,2016,0,0,0,644,644,C
1-PB2,2017,0,0,646,0,646,G
1-PB2,2018,1,0,644,0,645,G
1-PB2,2019,0,1,0,645,646,C
1-PB2,2020,649,0,1,0,650,A
1-PB2,2021,1,0,0,667,668,C
1-PB2,2022,0,664,0,2,666,T
1-PB2,2023,0,666,0,1,667,T
1-PB2,2024,1,666,0,1,668,T
1-PB2,2025,667,0,0,0,667,A
1-PB2,2026,668,0,0,0,668,A
1-PB2,2027,0,674,0,0,674,T
1-PB2,2028,0,669,0,0,669,T
1-PB2,2029,0,1,672,0,673,G
1-PB2,2030,656,0,0,0,656,A
1-PB2,2031,655,0,1,0,656,A
1-PB2,2032,0,4,650,0,654,G
1-PB2,2033,666,0,1,0,667,A
1-PB2,2034,0,0,0,666,666,C
1-PB2,2035,1,0,0,656,657,C
1-PB2,2036,3,0,0,654,657,C
1-PB2,2037,661,0,1,0,662,A
1-PB2,2038,0,1,674,0,675,G
1-PB2,2039,673,0,0,0,673,A
1-PB2,2040,0,671,0,1,672,T
1-PB2,2041,1,3,671,0,675,G
1-PB2,2042,661,0,0,0,661,A
1-PB2,2043,659,0,0,0,659,A
1-PB2,2044,660,0,2,0,662,A
1-PB2,2045,0,0,663,0,663,G
1-PB2,2046,0,0,0,666,666,C
1-PB2,2047,649,0,0,0,649,A
1-PB2,2048,3,1,0,649,653,C
1-PB2,2049,657,0,3,0,660,A
1-PB2,2050,0,659,0,1,660,T
1-PB2,2051,2,0,0,665,667,C
1-PB2,2052,0,0,0,663,663,C
1-PB2,2053,0,2,668,0,670,G
1-PB2,2054,2,0,673,0,675,G
1-PB2,2055,667,1,2,0,670,A
1-PB2,2056,0,0,676,0,676,G
1-PB2,2057,0,662,0,0,662,T
1-PB2,2058,1,2,663,0,666,G
1-PB2,2059,0,1,664,0,665,G
1-PB2,2060,655,0,1,0,656,A
1-PB2,2061,1,0,657,0,658,G
1-PB2,2062,0,646,0,0,646,T
1-PB2,2063,2,0,0,642,644,C
1-PB2,2064,2,0,0,637,639,C
1-PB2,2065,0,0,639,0,639,G
1-PB2,2066,0,0,0,638,638,C
1-PB2,2067,3,1,0,633,637,C
1-PB2,2068,1,1,656,0,658,G
1-PB2,2069,0,660,0,1,661,T
1-PB2,2070,4,0,0,663,667,C
1-PB2,2071,0,665,0,0,665,T
1-PB2,2072,0,662,0,0,662,T
1-PB2,2073,0,3,657,0,660,G
1-PB2,2074,657,0,0,0,657,A
1-PB2,2075,0,0,658,0,658,G
1-PB2,2076,653,1,2,0,656,A
1-PB2,2077,0,2,637,0,639,G
1-PB2,2078,0,1,640,0,641,G
1-PB2,2079,0,1,640,0,641,G
1-PB2,2080,0,637,0,1,638,T
1-PB2,2081,0,635,0,1,636,T
1-PB2,2082,0,644,0,0,644,T
1-PB2,2083,1,0,0,641,642,C
1-PB2,2084,0,640,0,1,641,T
1-PB2,2085,6,1,0,665,672,C
1-PB2,2086,668,0,0,0,668,A
1-PB2,2087,1,659,0,1,661,T
1-PB2,2088,0,654,0,0,654,T
1-PB2,2089,654,0,0,0,654,A
1-PB2,2090,1,655,0,0,656,T
1-PB2,2091,653,0,0,0,653,A
1-PB2,2092,0,3,651,1,655,G
1-PB2,2093,0,1,655,0,656,G
1-PB2,2094,0,612,0,0,612,T
1-PB2,2095,607,0,0,0,607,A
1-PB2,2096,604,0,0,0,604,A
1-PB2,2097,0,0,604,0,604,G
1-PB2,2098,0,1,602,0,603,G
1-PB2,2099,601,0,0,0,601,A
1-PB2,2100,589,0,2,0,591,A
1-PB2,2101,1,2,589,0,592,G
1-PB2,2102,579,0,1,0,580,A
1-PB2,2103,0,0,0,585,585,C
1-PB2,2104,580,0,1,0,581,A
1-PB2,2105,0,4,580,0,584,G
1-PB2,2106,574,0,1,0,575,A
1-PB2,2107,577,0,0,0,577,A
1-PB2,2108,0,2,581,0,583,G
1-PB2,2109,582,0,0,0,582,A
1-PB2,2110,0,583,0,0,583,T
1-PB2,2111,580,1,0,0,581,A
1-PB2,2112,0,0,0,576,576,C
1-PB2,2113,0,2,561,0,563,G
1-PB2,2114,0,2,571,0,573,G
1-PB2,2115,572,0,0,0,572,A
1-PB2,2116,1,0,0,565,566,C
1-PB2,2117,2,2,0,557,561,C
1-PB2,2118,552,1,0,0,553,A
1-PB2,2119,0,0,585,0,585,G
1-PB2,2120,0,0,0,583,583,C
1-PB2,2121,585,0,0,0,585,A
1-PB2,2122,0,586,0,0,586,T
1-PB2,2123,0,562,0,1,563,T
1-PB2,2124,564,0,0,0,564,A
1-PB2,2125,563,0,1,0,564,A
1-PB2,2126,0,0,566,0,566,G
1-PB2,2127,2,0,0,558,560,C
1-PB2,2128,532,0,0,0,532,A
1-PB2,2129,0,538,0,0,538,T
1-PB2,2130,3,2,0,534,539,C
1-PB2,2131,538,0,0,0,538,A
1-PB2,2132,538,0,0,0,538,A
1-PB2,2133,0,536,0,0,536,T
1-PB2,2134,1,3,538,0,542,G
1-PB2,2135,532,0,0,0,532,A
1-PB2,2136,534,0,0,0,534,A
1-PB2,2137,0,1,0,541,542,C
1-PB2,2138,0,501,0,0,501,T
1-PB2,2139,0,4,505,0,509,G
1-PB2,2140,508,0,1,0,509,A
1-PB2,2141,0,2,508,0,510,G
1-PB2,2142,0,510,0,0,510,T
1-PB2,2143,507,0,0,0,507,A
1-PB2,2144,508,0,2,0,510,A
1-PB2,2145,1,0,0,509,510,C
1-PB2,2146,3,0,0,492,495,C
1-PB2,2147,0,493,0,0,493,T
1-PB2,2148,0,480,0,0,480,T
1-PB2,2149,1,0,481,0,482,G
1-PB2,2150,0,0,0,480,480,C
1-PB2,2151,479,0,1,0,480,A
1-PB2,2152,480,0,0,0,480,A
1-PB2,2153,474,0,0,0,474,A
1-PB2,2154,467,0,0,0,467,A
1-PB2,2155,0,2,468,0,470,G
1-PB2,2156,0,0,470,0,470,G
1-PB2,2157,0,2,466,0,468,G
1-PB2,2158,0,0,470,0,470,G
1-PB2,2159,468,0,1,0,469,A
1-PB2,2160,469,1,0,0,470,A
1-PB2,2161,466,0,0,0,466,A
1-PB2,2162,466,0,1,0,467,A
1-PB2,2163,0,0,468,0,468,G
1-PB2,2164,0,0,466,0,466,G
1-PB2,2165,0,1,0,465,466,C
1-PB2,2166,1,462,0,0,463,T
1-PB2,2167,461,0,0,0,461,A
1-PB2,2168,463,0,0,0,463,A
1-PB2,2169,0,461,0,1,462,T
1-PB2,2170,0,0,472,0,472,G
1-PB2,2171,0,454,0,1,455,T
1-PB2,2172,0,2,450,0,452,G
1-PB2,2173,0,0,0,451,451,C
1-PB2,2174,0,446,0,0,446,T
1-PB2,2175,447,0,0,0,447,A
1-PB2,2176,447,0,0,0,447,A
1-PB2,2177,0,446,0,0,446,T
1-PB2,2178,1,0,0,444,445,C
1-PB2,2179,0,3,425,0,428,G
1-PB2,2180,0,0,429,0,429,G
1-PB2,2181,0,1,431,0,432,G
1-PB2,2182,1,0,0,426,427,C
1-PB2,2183,432,0,0,0,432,A
1-PB2,2184,426,0,1,0,427,A
1-PB2,2185,0,2,428,0,430,G
1-PB2,2186,0,1,430,0,431,G
1-PB2,2187,430,0,0,0,430,A
1-PB2,2188,0,2,428,0,430,G
1-PB2,2189,413,0,1,0,414,A
1-PB2,2190,0,0,0,415,415,C
1-PB2,2191,0,0,412,0,412,G
1-PB2,2192,0,409,0,0,409,T
1-PB2,2193,0,1,409,0,410,G
1-PB2,2194,0,0,416,0,416,G
1-PB2,2195,0,407,0,0,407,T
1-PB2,2196,0,0,409,0,409,G
1-PB2,2197,0,399,0,1,400,T
1-PB2,2198,0,398,0,0,398,T
1-PB2,2199,0,1,402,0,403,G
1-PB2,2200,0,0,400,0,400,G
1-PB2,2201,1,399,0,0,400,T
1-PB2,2202,389,0,0,0,389,A
1-PB2,2203,379,0,0,0,379,A
1-PB2,2204,0,372,0,0,372,T
1-PB2,2205,1,1,368,0,370,G
1-PB2,2206,370,0,0,0,370,A
1-PB2,2207,363,0,0,0,363,A
1-PB2,2208,363,0,0,0,363,A
1-PB2,2209,0,0,0,360,360,C
1-PB2,2210,0,0,362,0,362,G
1-PB2,2211,362,0,0,0,362,A
1-PB2,2212,362,0,0,0,362,A
1-PB2,2213,361,0,0,0,361,A
1-PB2,2214,359,0,0,0,359,A
1-PB2,2215,0,0,0,359,359,C
1-PB2,2216,1,2,356,0,359,G
1-PB2,2217,0,0,360,0,360,G
1-PB2,2218,0,1,361,0,362,G
1-PB2,2219,363,0,1,0,364,A
1-PB2,2220,0,1,0,365,366,C
1-PB2,2221,0,358,0,1,359,T
1-PB2,2222,1,0,0,366,367,C
1-PB2,2223,0,367,0,0,367,T
1-PB2,2224,364,0,3,1,368,A
1-PB2,2225,0,0,368,0,368,G
1-PB2,2226,0,0,0,367,367,C
1-PB2,2227,365,0,1,0,366,A
1-PB2,2228,0,363,0,0,363,T
1-PB2,2229,356,0,0,0,356,A
1-PB2,2230,0,0,0,357,357,C
1-PB2,2231,0,303,0,1,304,T
1-PB2,2232,0,305,0,0,305,T
1-PB2,2233,298,0,0,0,298,A
1-PB2,2234,0,0,0,297,297,C
1-PB2,2235,0,296,0,0,296,T
1-PB2,2236,1,0,294,0,295,G
1-PB2,2237,287,0,1,0,288,A
1-PB2,2238,0,0,0,288,288,C
1-PB2,2239,270,0,1,0,271,A
1-PB2,2240,0,0,274,0,274,G
1-PB2,2241,0,0,0,272,272,C
1-PB2,2242,1,0,0,273,274,C
1-PB2,2243,272,0,0,0,272,A
1-PB2,2244,0,1,270,0,271,G
1-PB2,2245,269,0,1,0,270,A
1-PB2,2246,0,0,0,268,268,C
1-PB2,2247,252,0,0,0,252,A
1-PB2,2248,0,0,252,0,252,G
1-PB2,2249,0,0,0,242,242,C
1-PB2,2250,0,2,238,1,241,G
1-PB2,2251,239,0,1,0,240,A
1-PB2,2252,1,0,0,236,237,C
1-PB2,2253,1,0,0,235,236,C
1-PB2,2254,235,0,0,0,235,A
1-PB2,2255,234,0,0,0,234,A
1-PB2,2256,235,0,0,0,235,A
1-PB2,2257,233,0,0,0,233,A
1-PB2,2258,0,2,233,0,235,G
1-PB2,2259,223,1,0,0,224,A
1-PB2,2260,223,0,0,0,223,A
1-PB2,2261,0,224,0,0,224,T
1-PB2,2262,1,223,0,0,224,T
1-PB2,2263,1,0,0,223,224,C
1-PB2,2264,0,0,219,0,219,G
1-PB2,2265,0,0,220,0,220,G
1-PB2,2266,218,0,0,0,218,A
1-PB2,2267,0,212,0,0,212,T
1-PB2,2268,0,0,211,0,211,G
1-PB2,2269,0,0,210,0,210,G
1-PB2,2270,0,1,0,209,210,C
1-PB2,2271,2,0,0,208,210,C
1-PB2,2272,209,0,0,0,209,A
1-PB2,2273,0,209,0,0,209,T
1-PB2,2274,0,0,0,209,209,C
1-PB2,2275,208,0,0,0,208,A
1-PB2,2276,208,0,0,0,208,A
1-PB2,2277,0,206,0,0,206,T
1-PB2,2278,0,190,0,0,190,T
1-PB2,2279,181,0,0,0,181,A
1-PB2,2280,178,0,0,0,178,A
2-PB1,1,308,0,0,0,308,A
2-PB1,2,0,307,0,0,307,T
2-PB1,3,0,0,313,0,313,G
2-PB1,4,0,0,339,0,339,G
2-PB1,5,372,0,1,0,373,A
2-PB1,6,0,396,0,0,396,T
2-PB1,7,0,1,400,0,401,G
2-PB1,8,0,401,0,1,402,T
2-PB1,9,2,0,0,418,420,C
2-PB1,10,424,0,0,0,424,A
2-PB1,11,444,0,0,0,444,A
2-PB1,12,0,445,0,1,446,T
2-PB1,13,0,0,0,453,453,C
2-PB1,14,1,0,0,474,475,C
2-PB1,15,0,5,478,0,483,G
2-PB1,16,532,0,0,0,532,A
2-PB1,17,1,0,0,540,541,C
2-PB1,18,0,543,0,0,543,T
2-PB1,19,1,0,0,623,624,C
2-PB1,20,0,624,0,0,624,T
2-PB1,21,631,0,0,0,631,A
2-PB1,22,0,1,1,631,633,C
2-PB1,23,0,633,0,0,633,T
2-PB1,24,0,1,707,0,708,G
2-PB1,25,0,717,0,2,719,T
2-PB1,26,0,719,0,0,719,T
2-PB1,27,1,0,0,717,718,C
2-PB1,28,0,0,0,716,716,C
2-PB1,29,0,833,0,0,833,T
2-PB1,30,839,0,0,0,839,A
2-PB1,31,842,2,0,0,844,A
2-PB1,32,853,0,0,0,853,A
2-PB1,33,1,2,851,0,854,G
2-PB1,34,0,1,863,0,864,G
2-PB1,35,0,867,0,3,870,T
2-PB1,36,0,873,0,0,873,T
2-PB1,37,1,1,0,870,872,C
2-PB1,38,0,0,0,875,875,C
2-PB1,39,875,0,1,0,876,A
2-PB1,40,1,1,885,0,887,G
2-PB1,41,1,0,0,886,887,C
2-PB1,42,1,0,890,0,891,G
2-PB1,43,1,0,0,892,893,C
2-PB1,44,896,0,0,0,896,A
2-PB1,45,896,0,0,0,896,A
2-PB1,46,897,0,0,0,897,A
2-PB1,47,902,0,0,0,902,A
2-PB1,48,0,906,0,0,906,T
2-PB1,49,0,0,952,0,952,G
2-PB1,50,1,0,0,956,957,C
2-PB1,51,3,0,0,962,965,C
2-PB1,52,966,0,0,0,966,A
2-PB1,53,2,967,0,0,969,T
2-PB1,54,1020,0,0,0,1020,A
2-PB1,55,1023,0,0,0,1023,A
2-PB1,56,0,2,1063,0,1065,G
2-PB1,57,0,0,0,1067,1067,C
2-PB1,58,1066,1,1,0,1068,A
2-PB1,59,0,1,0,1116,1117,C
2-PB1,60,1117,0,0,0,1117,A
2-PB1,61,1166,0,0,0,1166,A
2-PB1,62,0,2,0,1169,1171,C
2-PB1,63,1175,0,0,0,1175,A
2-PB1,64,0,1186,0,0,1186,T
2-PB1,65,0,1177,0,2,1179,T
2-PB1,66,6,0,0,1423,1429,C
2-PB1,67,4,1,1,1425,1431,C
2-PB1,68,4,0,0,1439,1443,C
2-PB1,69,0,1455,0,1,1456,T
2-PB1,70,0,1452,0,1,1453,T
2-PB1,71,1582,0,0,0,1582,A
2-PB1,72,0,1587,0,0,1587,T
2-PB1,73,1590,0,3,0,1593,A
2-PB1,74,1,0,0,1606,1607,C
2-PB1,75,1,1545,0,2,1548,T
2-PB1,76,1,6,1554,1,1562,G
2-PB1,77,0,10,1557,0,1567,G
2-PB1,78,1559,1,2,0,1562,A
2-PB1,79,0,3,1573,0,1576,G
2-PB1,80,1562,1,2,0,1565,A
2-PB1,81,1,1568,0,3,1572,T
2-PB1,82,6,0,0,1662,1668,C
2-PB1,83,2,0,0,1673,1675,C
2-PB1,84,3,1679,0,3,1685,T
2-PB1,85,8,1,0,1802,1811,C
2-PB1,86,6,2,0,1804,1812,C
2-PB1,87,1817,0,4,0,1821,A
2-PB1,88,0,1820,0,2,1822,T
2-PB1,89,1816,0,0,0,1816,A
2-PB1,90,1,0,0,1819,1820,C
2-PB1,91,1789,0,0,0,1789,A
2-PB1,92,0,1,1868,0,1869,G
2-PB1,93,0,1,0,1882,1883,C
2-PB1,94,4,2,0,1857,1863,C
2-PB1,95,1867,0,1,0,1868,A
2-PB1,96,0,1860,0,3,1863,T
2-PB1,97,1,9,1855,0,1865,G
2-PB1,98,0,17,1922,0,1939,G
2-PB1,99,1955,0,3,0,1958,A
2-PB1,100,1958,0,5,0,1963,A
2-PB1,101,0,0,0,1954,1954,C
2-PB1,102,1938,0,1,1,1940,A
2-PB1,103,1,5,1982,0,1988,G
2-PB1,104,0,12,2000,0,2012,G
2-PB1,105,2015,0,2,0,2017,A
2-PB1,106,2027,0,3,0,2030,A
2-PB1,107,0,0,0,2038,2038,C
2-PB1,108,2015,1,1,0,2017,A
2-PB1,109,0,9,2192,0,2201,G
2-PB1,110,0,12,2182,1,2195,G
2-PB1,111,1,2,2223,0,2226,G
2-PB1,112,1,2221,0,3,2225,T
2-PB1,113,2214,0,2,1,2217,A
2-PB1,114,1,1,0,2242,2244,C
2-PB1,115,2313,0,1,0,2314,A
2-PB1,116,4,1,0,2391,2396,C
2-PB1,117,12,0,0,2358,2370,C
2-PB1,118,2302,0,3,0,2305,A
2-PB1,119,0,2301,0,3,2304,T
2-PB1,120,0,7,2314,1,2322,G
2-PB1,121,1,13,2311,0,2325,G
2-PB1,122,2322,1,3,0,2326,A
2-PB1,123,1,1,0,2327,2329,C
2-PB1,124,2287,0,2,0,2289,A
2-PB1,125,1,2,0,2312,2315,C
2-PB1,126,2320,0,0,0,2320,A
2-PB1,127,0,0,2367,0,2367,G
2-PB1,128,1,2357,0,4,2362,T
2-PB1,129,19,0,0,2424,2443,C
2-PB1,130,2434,1,1,0,2436,A
2-PB1,131,2468,1,6,0,2475,A
2-PB1,132,0,0,0,2481,2481,C
2-PB1,133,2470,1,3,0,2474,A
2-PB1,134,2,15,2490,0,2507,G
2-PB1,135,2470,0,4,0,2474,A
2-PB1,136,2471,1,4,0,2476,A
2-PB1,137,0,1,0,2475,2476,C
2-PB1,138,2432,0,4,1,2437,A
2-PB1,139,2,0,0,2502,2504,C
2-PB1,140,2485,1,7,1,2494,A
2-PB1,141,1,0,0,2617,2618,C
2-PB1,142,7,1,0,2605,2613,C
2-PB1,143,2602,0,0,0,2602,A
2-PB1,144,2626,0,0,0,2626,A
2-PB1,145,0,2700,0,1,2701,T
2-PB1,146,2783,0,1,0,2784,A
2-PB1,147,1,2786,0,2,2789,T
2-PB1,148,1,2749,0,1,2751,T
2-PB1,149,5,1,0,2753,2759,C
2-PB1,150,2688,2,2,1,2693,A
2-PB1,151,1,11,2685,0,2697,G
2-PB1,152,2682,0,1,0,2683,A
2-PB1,153,0,6,2677,0,2683,G
2-PB1,154,2626,0,3,0,2629,A
2-PB1,155,2,4,2556,1,2563,G
2-PB1,156,1,9,2544,0,2554,G
2-PB1,157,0,12,2627,0,2639,G
2-PB1,158,3,10,2630,0,2643,G
2-PB1,159,3,5,2663,1,2672,G
2-PB1,160,2657,1,6,0,2664,A
2-PB1,161,2671,0,2,0,2673,A
2-PB1,162,2,0,2694,0,2696,G
2-PB1,163,0,2681,0,3,2684,T
2-PB1,164,0,6,2659,0,2665,G
2-PB1,165,1,9,2656,0,2666,G
2-PB1,166,2656,2,9,0,2667,A
2-PB1,167,1,2,0,2675,2678,C
2-PB1,168,2,20,2658,1,2681,G
2-PB1,169,2703,1,3,0,2707,A
2-PB1,170,2,1,0,2731,2734,C
2-PB1,171,2719,0,1,0,2720,A
2-PB1,172,2723,1,1,1,2726,A
2-PB1,173,2747,0,2,0,2749,A
2-PB1,174,0,2794,0,0,2794,T
2-PB1,175,2809,1,1,0,2811,A
2-PB1,176,0,0,0,2815,2815,C
2-PB1,177,2786,0,1,0,2787,A
2-PB1,178,1,1,2800,0,2802,G
2-PB1,179,2781,1,1,0,2783,A
2-PB1,180,2816,0,1,0,2817,A
2-PB1,181,2809,0,1,0,2810,A
2-PB1,182,0,0,0,2820,2820,C
2-PB1,183,0,2756,1,1,2758,T
2-PB1,184,0,10,2748,0,2758,G
2-PB1,185,0,9,2751,0,2760,G
2-PB1,186,1,11,2737,0,2749,G
2-PB1,187,4,3,2741,0,2748,G
2-PB1,188,2,0,0,2748,2750,C
2-PB1,189,2740,0,3,0,2743,A
2-PB1,190,3,1,0,2856,2860,C
2-PB1,191,11,0,0,2848,2859,C
2-PB1,192,10,1,0,2845,2856,C
2-PB1,193,12,0,0,2849,2861,C
2-PB1,194,2867,1,2,1,2871,A
2-PB1,195,2890,1,0,0,2891,A
2-PB1,196,1,0,0,2887,2888,C
2-PB1,197,1,2878,0,5,2884,T
2-PB1,198,15,0,0,2875,2890,C
2-PB1,199,2805,2,2,1,2810,A
2-PB1,200,2866,0,1,0,2867,A
2-PB1,201,1,0,0,2870,2871,C
2-PB1,202,6,0,0,2847,2853,C
2-PB1,203,7,1,0,2854,2862,C
2-PB1,204,2843,0,1,0,2844,A
2-PB1,205,2863,0,0,0,2863,A
2-PB1,206,1,2869,0,0,2870,T
2-PB1,207,0,2867,0,1,2868,T
2-PB1,208,0,7,2860,0,2867,G
2-PB1,209,2834,0,4,0,2838,A
2-PB1,210,0,2834,0,3,2837,T
2-PB1,211,3,9,2818,0,2830,G
2-PB1,212,4,13,2853,2,2872,G
2-PB1,213,2894,0,3,0,2897,A
2-PB1,214,2,0,0,2917,2919,C
2-PB1,215,13,3,1,2889,2906,C
2-PB1,216,2873,0,6,0,2879,A
2-PB1,217,2,2,0,2950,2954,C
2-PB1,218,0,2940,0,1,2941,T
2-PB1,219,2990,1,5,0,2996,A
2-PB1,220,5,0,1,3021,3027,C
2-PB1,221,6,1,0,3001,3008,C
2-PB1,222,0,2936,0,5,2941,T
2-PB1,223,0,7,2948,1,2956,G
2-PB1,224,2938,1,5,1,2945,A
2-PB1,225,0,10,2954,1,2965,G
2-PB1,226,0,11,2941,1,2953,G
2-PB1,227,2933,0,2,0,2935,A
2-PB1,228,0,2912,0,1,2913,T
2-PB1,229,2869,0,0,1,2870,A
2-PB1,230,2872,0,5,0,2877,A
2-PB1,231,0,2870,0,1,2871,T
2-PB1,232,2,18,2858,0,2878,G
2-PB1,233,2878,1,2,0,2881,A
2-PB1,234,2865,0,5,0,2870,A
2-PB1,235,2,0,0,2872,2874,C
2-PB1,236,17,0,0,2811,2828,C
2-PB1,237,2830,1,2,0,2833,A
2-PB1,238,2838,0,0,0,2838,A
2-PB1,239,0,4,2857,0,2861,G
2-PB1,240,0,2855,0,2,2857,T
2-PB1,241,2,17,2838,0,2857,G
2-PB1,242,0,11,2893,0,2904,G
2-PB1,243,2891,0,4,0,2895,A
2-PB1,244,0,2873,0,1,2874,T
2-PB1,245,2883,0,2,1,2886,A
2-PB1,246,2,2938,0,2,2942,T
2-PB1,247,1,3,2956,0,2960,G
2-PB1,248,4,3,0,2960,2967,C
2-PB1,249,2957,2,4,0,2963,A
2-PB1,250,2,0,1,3055,3058,C
2-PB1,251,3007,1,1,0,3009,A
2-PB1,252,3054,0,3,0,3057,A
2-PB1,253,3060,0,1,0,3061,A
2-PB1,254,3,1,0,3057,3061,C
2-PB1,255,2979,0,2,0,2981,A
2-PB1,256,0,10,3019,0,3029,G
2-PB1,257,3003,0,6,0,3009,A
2-PB1,258,3,1,0,3011,3015,C
2-PB1,259,1,2921,1,1,2924,T
2-PB1,260,1,1,2998,0,3000,G
2-PB1,261,1,2946,0,3,2950,T
2-PB1,262,1,1,3098,1,3101,G
2-PB1,263,0,3085,0,4,3089,T
2-PB1,264,16,2,0,3095,3113,C
2-PB1,265,9,3,0,3098,3110,C
2-PB1,266,0,3086,0,6,3092,T
2-PB1,267,1,4,3078,0,3083,G
2-PB1,268,0,4,3079,0,3083,G
2-PB1,269,3029,1,2,1,3033,A
2-PB1,270,2,8,3073,0,3083,G
2-PB1,271,1,3,2994,0,2998,G
2-PB1,272,1,1,0,3017,3019,C
2-PB1,273,1,3003,0,5,3009,T
2-PB1,274,3003,0,2,0,3005,A
2-PB1,275,3,2997,0,7,3007,T
2-PB1,276,2,5,3003,0,3010,G
2-PB1,277,0,2,3005,0,3007,G
2-PB1,278,3,1,0,2993,2997,C
2-PB1,279,9,2,0,2930,2941,C
2-PB1,280,1,2914,1,7,2923,T
2-PB1,281,0,3095,1,0,3096,T
2-PB1,282,2,0,1,3107,3110,C
2-PB1,283,5,0,0,3109,3114,C
2-PB1,284,0,3107,0,4,3111,T
2-PB1,285,0,3108,0,2,3110,T
2-PB1,286,2,11,3113,2,3128,G
2-PB1,287,3125,2,0,0,3127,A
2-PB1,288,3127,0,4,0,3131,A
2-PB1,289,1,13,3124,0,3138,G
2-PB1,290,2993,0,5,0,2998,A
2-PB1,291,3041,0,2,0,3043,A
2-PB1,292,1,3032,0,0,3033,T
2-PB1,293,6,1,0,3035,3042,C
2-PB1,294,11,1,0,3036,3048,C
2-PB1,295,16,3,0,3009,3028,C
2-PB1,296,3037,0,2,0,3039,A
2-PB1,297,5,0,0,3044,3049,C
2-PB1,298,7,2,1,3033,3043,C
2-PB1,299,8,0,0,3040,3048,C
2-PB1,300,3014,0,4,0,3018,A
2-PB1,301,2,4,3054,0,3060,G
2-PB1,302,1,1,3065,0,3067,G
2-PB1,303,1,3057,0,4,3062,T
2-PB1,304,3081,0,0,0,3081,A
2-PB1,305,0,3070,0,5,3075,T
2-PB1,306,3,0,0,3064,3067,C
2-PB1,307,0,3069,0,1,3070,T
2-PB1,308,1,3071,0,3,3075,T
2-PB1,309,1,3058,0,1,3060,T
2-PB1,310,0,11,3038,0,3049,G
2-PB1,311,3014,1,9,0,3024,A
2-PB1,312,4,23,3001,0,3028,G
2-PB1,313,2983,0,5,1,2989,A
2-PB1,314,2994,0,1,2,2997,A
2-PB1,315,0,2,0,3019,3021,C
2-PB1,316,0,2960,0,5,2965,T
2-PB1,317,16,1,1,2960,2978,C
2-PB1,318,2958,0,5,1,2964,A
2-PB1,319,2,2966,0,1,2969,T
2-PB1,320,2,1,2971,0,2974,G
2-PB1,321,1,1,1,3021,3024,C
2-PB1,322,11,0,0,3021,3032,C
2-PB1,323,1,3013,0,2,3016,T
2-PB1,324,0,2986,0,0,2986,T
2-PB1,325,3,9,2988,0,3000,G
2-PB1,326,3029,0,2,0,3031,A
2-PB1,327,3020,0,4,0,3024,A
2-PB1,328,3028,0,4,0,3032,A
2-PB1,329,1,2,0,3052,3055,C
2-PB1,330,2992,0,1,2,2995,A
2-PB1,331,3001,0,2,0,3003,A
2-PB1,332,0,3011,0,0,3011,T
2-PB1,333,0,6,3003,0,3009,G
2-PB1,334,0,3,2992,1,2996,G
2-PB1,335,2954,1,5,0,2960,A
2-PB1,336,2952,1,6,0,2959,A
2-PB1,337,1,1,2955,1,2958,G
2-PB1,338,1,0,0,2972,2973,C
2-PB1,339,11,3,0,2913,2927,C
2-PB1,340,8,0,2972,0,2980,G
2-PB1,341,0,2970,0,3,2973,T
2-PB1,342,1,2972,0,3,2976,T
2-PB1,343,32,0,1,2970,3003,C
2-PB1,344,2992,1,3,1,2997,A
2-PB1,345,3030,0,2,0,3032,A
2-PB1,346,1,0,0,3038,3039,C
2-PB1,347,3018,1,4,0,3023,A
2-PB1,348,1,13,3025,0,3039,G
2-PB1,349,2989,0,3,1,2993,A
2-PB1,350,0,0,0,2999,2999,C
2-PB1,351,2980,1,6,1,2988,A
2-PB1,352,2973,0,7,0,2980,A
2-PB1,353,3,13,2998,0,3014,G
2-PB1,354,0,11,2956,1,2968,G
2-PB1,355,0,1,2984,0,2985,G
2-PB1,356,0,2905,0,1,2906,T
2-PB1,357,0,8,2898,1,2907,G
2-PB1,358,0,10,2900,0,2910,G
2-PB1,359,2904,0,4,0,2908,A
2-PB1,360,2,0,0,2911,2913,C
2-PB1,361,2863,0,1,0,2864,A
2-PB1,362,2913,0,0,1,2914,A
2-PB1,363,2905,0,2,3,2910,A
2-PB1,364,3,1,0,2906,2910,C
2-PB1,365,1,2889,0,4,2894,T
2-PB1,366,2896,0,2,0,2898,A
2-PB1,367,2912,2,1,1,2916,A
2-PB1,368,3,1,0,2920,2924,C
2-PB1,369,11,1,0,2912,2924,C
2-PB1,370,5,0,0,2912,2917,C
2-PB1,371,2831,1,1,0,2833,A
2-PB1,372,2832,0,3,0,2835,A
2-PB1,373,0,10,2824,0,2834,G
2-PB1,374,0,3,2833,0,2836,G
2-PB1,375,0,2832,0,4,2836,T
2-PB1,376,11,1,0,2801,2813,C
2-PB1,377,6,1,2805,0,2812,G
2-PB1,378,3,2,0,2803,2808,C
2-PB1,379,6,1,0,2811,2818,C
2-PB1,380,2818,0,2,0,2820,A
2-PB1,381,2,11,2869,0,2882,G
2-PB1,382,2919,0,4,0,2923,A
2-PB1,383,2,0,0,2942,2944,C
2-PB1,384,0,2910,0,4,2914,T
2-PB1,385,1,2900,0,3,2904,T
2-PB1,386,2905,1,1,0,2907,A
2-PB1,387,2,2915,0,5,2922,T
2-PB1,388,1,11,2914,0,2926,G
2-PB1,389,2910,1,3,0,2914,A
2-PB1,390,0,2853,0,0,2853,T
2-PB1,391,1,2763,0,1,2765,T
2-PB1,392,0,12,2744,0,2756,G
2-PB1,393,3,10,2753,0,2766,G
2-PB1,394,2803,0,4,0,2807,A
2-PB1,395,4,0,0,2803,2807,C
2-PB1,396,2770,0,1,0,2771,A
2-PB1,397,0,2747,3,1,2751,T
2-PB1,398,0,2775,0,2,2777,T
2-PB1,399,2797,1,3,0,2801,A
2-PB1,400,2795,0,2,0,2797,A
2-PB1,401,2794,0,4,1,2799,A
2-PB1,402,1,0,0,2801,2802,C
2-PB1,403,2733,0,2,0,2735,A
2-PB1,404,1,3,2753,0,2757,G
2-PB1,405,2746,0,1,0,2747,A
2-PB1,406,2748,0,1,0,2749,A
2-PB1,407,2751,0,2,0,2753,A
2-PB1,408,1,2727,1,4,2733,T
2-PB1,409,22,1,0,2716,2739,C
2-PB1,410,2724,0,4,0,2728,A
2-PB1,411,2727,2,6,0,2735,A
2-PB1,412,2,1,0,2727,2730,C
2-PB1,413,10,1,0,2704,2715,C
2-PB1,414,4,3,2706,1,2714,G
2-PB1,415,0,2,2712,0,2714,G
2-PB1,416,1,1,1,2714,2717,C
2-PB1,417,2716,1,4,0,2721,A
2-PB1,418,0,1,2724,0,2725,G
2-PB1,419,2,1,1,2745,2749,C
2-PB1,420,2740,2,1,0,2743,A
2-PB1,421,2743,0,5,0,2748,A
2-PB1,422,2,0,1,2759,2762,C
2-PB1,423,0,2749,0,2,2751,T
2-PB1,424,2,0,2872,0,2874,G
2-PB1,425,0,0,0,2871,2871,C
2-PB1,426,2865,6,1,0,2872,A
2-PB1,427,0,2870,1,1,2872,T
2-PB1,428,0,2817,0,2,2819,T
2-PB1,429,2991,6,1,0,2998,A
2-PB1,430,0,0,3013,0,3013,G
2-PB1,431,2,1,0,2998,3001,C
2-PB1,432,11,2,0,2980,2993,C
2-PB1,433,2884,0,2,0,2886,A
2-PB1,434,2913,0,2,0,2915,A
2-PB1,435,1,1,0,2924,2926,C
2-PB1,436,2931,1,1,0,2933,A
2-PB1,437,3,2,0,3008,3013,C
2-PB1,438,12,3,0,2822,2837,C
2-PB1,439,2829,0,6,0,2835,A
2-PB1,440,1,2830,0,0,2831,T
2-PB1,441,2831,1,1,0,2833,A
2-PB1,442,0,3,2837,0,2840,G
2-PB1,443,2815,0,1,0,2816,A
2-PB1,444,2769,0,2,0,2771,A
2-PB1,445,0,1,2802,0,2803,G
2-PB1,446,0,2713,1,1,2715,T
2-PB1,447,0,2718,0,3,2721,T
2-PB1,448,0,2713,0,0,2713,T
2-PB1,449,2,2713,0,1,2716,T
2-PB1,450,0,2728,0,0,2728,T
2-PB1,451,2719,0,0,0,2719,A
2-PB1,452,0,10,2707,0,2717,G
2-PB1,453,2702,0,0,0,2702,A
2-PB1,454,0,2688,0,2,2690,T
2-PB1,455,11,1,0,2640,2652,C
2-PB1,456,3,17,2639,0,2659,G
2-PB1,457,2660,0,2,0,2662,A
2-PB1,458,2654,0,2,0,2656,A
2-PB1,459,2,4,0,2677,2683,C
2-PB1,460,1,7,2675,1,2684,G
2-PB1,461,0,7,2813,0,2820,G
2-PB1,462,2807,0,4,1,2812,A
2-PB1,463,0,2809,1,2,2812,T
2-PB1,464,0,2815,1,0,2816,T
2-PB1,465,2798,2,12,0,2812,A
2-PB1,466,2806,0,6,0,2812,A
2-PB1,467,2,1,0,2827,2830,C
2-PB1,468,2800,0,1,0,2801,A
2-PB1,469,1,2,2839,0,2842,G
2-PB1,470,2,0,0,2710,2712,C
2-PB1,471,0,2709,0,3,2712,T
2-PB1,472,2721,0,1,0,2722,A
2-PB1,473,2723,0,2,0,2725,A
2-PB1,474,0,2719,1,1,2721,T
2-PB1,475,0,17,2750,0,2767,G
2-PB1,476,2747,0,0,0,2747,A
2-PB1,477,2748,0,1,0,2749,A
2-PB1,478,0,2696,0,2,2698,T
2-PB1,479,21,2,0,2687,2710,C
2-PB1,480,2689,0,3,1,2693,A
2-PB1,481,0,8,2689,0,2697,G
2-PB1,482,3,4,2686,0,2693,G
2-PB1,483,2680,0,5,0,2685,A
2-PB1,484,2644,0,5,0,2649,A
2-PB1,485,1,4,2795,0,2800,G
2-PB1,486,2,1,2799,0,2802,G
2-PB1,487,1,0,0,2805,2806,C
2-PB1,488,0,2800,0,3,2803,T
2-PB1,489,2797,0,2,0,2799,A
2-PB1,490,2792,0,3,0,2795,A
2-PB1,491,1,2796,0,1,2798,T
2-PB1,492,2805,0,0,0,2805,A
2-PB1,493,0,12,2807,0,2819,G
2-PB1,494,2607,0,4,0,2611,A
2-PB1,495,0,2583,0,4,2587,T
2-PB1,496,1,2576,0,6,2583,T
2-PB1,497,0,2586,0,0,2586,T
2-PB1,498,5,2,1,2655,2663,C
2-PB1,499,5,2,0,2665,2672,C
2-PB1,500,0,2663,0,3,2666,T
2-PB1,501,7,1,1,2662,2671,C
2-PB1,502,2662,0,2,2,2666,A
2-PB1,503,2672,0,1,0,2673,A
2-PB1,504,1,9,2671,0,2681,G
2-PB1,505,1,6,2703,0,2710,G
2-PB1,506,2715,0,0,0,2715,A
2-PB1,507,0,2590,1,2,2593,T
2-PB1,508,2,2,2616,0,2620,G
2-PB1,509,0,2608,1,1,2610,T
2-PB1,510,2,10,2615,0,2627,G
2-PB1,511,2625,1,4,0,2630,A
2-PB1,512,0,2616,0,2,2618,T
2-PB1,513,0,8,2589,0,2597,G
2-PB1,514,2,14,2560,0,2576,G
2-PB1,515,2573,0,2,0,2575,A
2-PB1,516,2581,2,1,0,2584,A
2-PB1,517,0,2550,0,1,2551,T
2-PB1,518,13,0,0,2543,2556,C
2-PB1,519,2521,0,0,0,2521,A
2-PB1,520,2530,0,0,0,2530,A
2-PB1,521,0,2529,0,2,2531,T
2-PB1,522,1,12,2556,1,2570,G
2-PB1,523,1,7,2570,0,2578,G
2-PB1,524,2572,0,5,0,2577,A
2-PB1,525,1,2573,0,2,2576,T
2-PB1,526,2570,0,1,0,2571,A
2-PB1,527,2569,0,1,0,2570,A
2-PB1,528,2564,0,4,0,2568,A
2-PB1,529,0,6,2607,0,2613,G
2-PB1,530,2593,1,4,0,2598,A
2-PB1,531,0,7,2578,0,2585,G
2-PB1,532,0,12,2571,0,2583,G
2-PB1,533,2569,0,0,1,2570,A
2-PB1,534,2565,0,3,0,2568,A
2-PB1,535,2574,1,2,0,2577,A
2-PB1,536,0,2573,0,0,2573,T
2-PB1,537,1,4,2616,0,2621,G
2-PB1,538,1,7,2615,0,2623,G
2-PB1,539,2583,0,6,0,2589,A
2-PB1,540,1,5,2605,1,2612,G
2-PB1,541,2580,0,1,0,2581,A
2-PB1,542,0,2644,0,2,2646,T
2-PB1,543,2641,0,1,0,2642,A
2-PB1,544,2664,0,8,0,2672,A
2-PB1,545,0,3,0,2680,2683,C
2-PB1,546,2623,0,1,0,2624,A
2-PB1,547,2623,1,5,0,2629,A
2-PB1,548,0,0,0,2625,2625,C
2-PB1,549,2605,0,3,0,2608,A
2-PB1,550,1,0,0,2614,2615,C
2-PB1,551,2567,2,1,0,2570,A
2-PB1,552,0,0,1,2595,2596,C
2-PB1,553,0,2549,0,6,2555,T
2-PB1,554,0,2550,1,0,2551,T
2-PB1,555,0,2561,2,4,2567,T
2-PB1,556,3,0,0,2557,2560,C
2-PB1,557,2565,0,2,0,2567,A
2-PB1,558,2569,0,6,0,2575,A
2-PB1,559,2574,0,4,0,2578,A
2-PB1,560,0,11,2606,0,2617,G
2-PB1,561,2572,1,1,0,2574,A
2-PB1,562,2581,0,0,0,2581,A
2-PB1,563,2588,1,1,1,2591,A
2-PB1,564,2592,0,4,0,2596,A
2-PB1,565,2592,0,8,0,2600,A
2-PB1,566,0,3,2607,0,2610,G
2-PB1,567,1,9,2596,0,2606,G
2-PB1,568,2550,1,7,0,2558,A
2-PB1,569,0,14,2595,1,2610,G
2-PB1,570,2579,0,6,0,2585,A
2-PB1,571,0,2,2684,0,2686,G
2-PB1,572,1,2684,0,0,2685,T
2-PB1,573,2673,0,0,0,2673,A
2-PB1,574,2673,1,7,0,2681,A
2-PB1,575,0,13,2674,0,2687,G
2-PB1,576,0,7,2694,0,2701,G
2-PB1,577,0,11,2695,1,2707,G
2-PB1,578,2647,1,5,0,2653,A
2-PB1,579,2,1,0,2680,2683,C
2-PB1,580,2566,0,1,0,2567,A
2-PB1,581,2574,0,1,0,2575,A
2-PB1,582,0,2,0,2578,2580,C
2-PB1,583,2573,0,1,0,2574,A
2-PB1,584,0,2543,0,5,2548,T
2-PB1,585,2,28,2500,0,2530,G
2-PB1,586,2530,2,6,0,2538,A
2-PB1,587,2,0,1,2527,2530,C
2-PB1,588,10,1,0,2481,2492,C
2-PB1,589,2488,1,1,1,2491,A
2-PB1,590,2494,0,0,2,2496,A
2-PB1,591,0,7,2514,0,2521,G
2-PB1,592,2521,0,4,0,2525,A
2-PB1,593,2520,0,0,0,2520,A
2-PB1,594,2503,0,2,0,2505,A
2-PB1,595,2500,0,4,0,2504,A
2-PB1,596,0,2505,0,1,2506,T
2-PB1,597,0,11,2501,1,2513,G
2-PB1,598,1,3,2521,0,2525,G
2-PB1,599,2,2503,0,1,2506,T
2-PB1,600,17,1,1,2463,2482,C
2-PB1,601,2490,0,5,0,2495,A
2-PB1,602,1,1,0,2643,2645,C
2-PB1,603,2678,0,1,0,2679,A
2-PB1,604,1,2,0,2693,2696,C
2-PB1,605,2677,0,3,0,2680,A
2-PB1,606,2776,0,2,0,2778,A
2-PB1,607,2740,1,3,0,2744,A
2-PB1,608,0,16,2913,0,2929,G
2-PB1,609,2925,0,5,0,2930,A
2-PB1,610,2936,1,6,0,2943,A
2-PB1,611,1,0,0,3024,3025,C
2-PB1,612,2929,0,1,0,2930,A
2-PB1,613,2951,2,1,1,2955,A
2-PB1,614,0,2943,0,0,2943,T
2-PB1,615,2896,0,4,0,2900,A
2-PB1,616,1,13,2887,2,2903,G
2-PB1,617,2,13,2776,0,2791,G
2-PB1,618,4,8,2792,0,2804,G
2-PB1,619,2797,1,1,0,2799,A
2-PB1,620,2752,0,8,2,2762,A
2-PB1,621,0,10,2777,0,2787,G
2-PB1,622,2774,0,3,0,2777,A
2-PB1,623,2783,0,2,0,2785,A
2-PB1,624,2788,0,3,0,2791,A
2-PB1,625,2797,1,0,0,2798,A
2-PB1,626,2841,0,2,0,2843,A
2-PB1,627,2843,0,4,2,2849,A
2-PB1,628,1,1,1,2851,2854,C
2-PB1,629,2848,0,1,0,2849,A
2-PB1,630,2839,0,1,0,2840,A
2-PB1,631,2825,0,6,0,2831,A
2-PB1,632,0,16,2859,1,2876,G
2-PB1,633,2868,0,1,1,2870,A
2-PB1,634,0,1,2934,0,2935,G
2-PB1,635,1,2892,0,5,2898,T
2-PB1,636,1,17,3006,0,3024,G
2-PB1,637,3021,0,6,0,3027,A
2-PB1,638,3031,0,2,0,3033,A
2-PB1,639,1,3065,0,1,3067,T
2-PB1,640,3103,1,2,0,3106,A
2-PB1,641,3094,0,2,0,3096,A
2-PB1,642,1,10,3082,0,3093,G
2-PB1,643,3026,1,1,1,3029,A
2-PB1,644,2932,1,3,0,2936,A
2-PB1,645,2978,0,3,0,2981,A
2-PB1,646,1,9,2990,0,3000,G
2-PB1,647,2,1,2997,0,3000,G
2-PB1,648,1,0,1,2986,2988,C
2-PB1,649,0,2959,1,3,2963,T
2-PB1,650,3052,0,3,0,3055,A
2-PB1,651,6,0,0,3221,3227,C
2-PB1,652,14,1,0,3223,3238,C
2-PB1,653,1,3266,0,4,3271,T
2-PB1,654,3426,0,1,0,3427,A
2-PB1,655,3410,0,0,0,3410,A
2-PB1,656,0,3412,0,3,3415,T
2-PB1,657,3410,0,1,1,3412,A
2-PB1,658,3401,1,1,0,3403,A
2-PB1,659,1,16,3399,1,3417,G
2-PB1,660,3285,0,6,0,3291,A
2-PB1,661,4,0,3324,0,3328,G
2-PB1,662,1,0,0,3326,3327,C
2-PB1,663,0,3252,0,2,3254,T
2-PB1,664,0,3270,0,5,3275,T
2-PB1,665,1,3278,0,2,3281,T
2-PB1,666,1,22,3269,0,3292,G
2-PB1,667,3344,1,1,0,3346,A
2-PB1,668,1,2,0,3353,3356,C
2-PB1,669,3335,1,2,0,3338,A
2-PB1,670,0,3324,1,7,3332,T
2-PB1,671,2,3311,0,2,3315,T
2-PB1,672,2,20,3362,0,3384,G
2-PB1,673,3382,0,3,0,3385,A
2-PB1,674,3390,1,3,1,3395,A
2-PB1,675,4,1,0,3386,3391,C
2-PB1,676,3373,0,4,0,3377,A
2-PB1,677,3,2,0,3376,3381,C
2-PB1,678,1,9,3365,0,3375,G
2-PB1,679,3384,1,6,0,3391,A
2-PB1,680,0,3430,0,1,3431,T
2-PB1,681,1,37,3443,2,3483,G
2-PB1,682,3483,1,2,0,3486,A
2-PB1,683,3,0,1,3497,3501,C
2-PB1,684,13,1,0,3480,3494,C
2-PB1,685,3498,0,1,0,3499,A
2-PB1,686,3521,8,2,0,3531,A
2-PB1,687,3522,0,6,0,3528,A
2-PB1,688,0,7,3617,0,3624,G
2-PB1,689,3647,1,5,0,3653,A
2-PB1,690,0,3605,0,2,3607,T
2-PB1,691,2,4,3607,0,3613,G
2-PB1,692,5,4,0,3588,3597,C
2-PB1,693,3601,0,6,1,3608,A
2-PB1,694,0,13,3624,0,3637,G
2-PB1,695,3581,0,7,1,3589,A
2-PB1,696,0,12,3590,0,3602,G
2-PB1,697,3489,0,4,0,3493,A
2-PB1,698,1,9,3459,0,3469,G
2-PB1,699,3440,1,8,0,3449,A
2-PB1,700,0,7,3445,0,3452,G
2-PB1,701,5,3,3439,0,3447,G
2-PB1,702,4,1,0,3438,3443,C
2-PB1,703,3422,0,4,0,3426,A
2-PB1,704,3444,0,2,0,3446,A
2-PB1,705,3457,0,1,0,3458,A
2-PB1,706,0,3456,1,1,3458,T
2-PB1,707,0,3447,0,0,3447,T
2-PB1,708,3463,1,1,0,3465,A
2-PB1,709,3455,0,1,1,3457,A
2-PB1,710,3464,0,1,0,3465,A
2-PB1,711,3470,0,1,1,3472,A
2-PB1,712,3473,3,4,0,3480,A
2-PB1,713,0,5,3481,0,3486,G
2-PB1,714,3449,0,1,0,3450,A
2-PB1,715,3440,0,4,0,3444,A
2-PB1,716,2,12,3481,1,3496,G
2-PB1,717,1,8,3550,0,3559,G
2-PB1,718,0,6,3557,0,3563,G
2-PB1,719,3,2,0,3578,3583,C
2-PB1,720,0,3582,1,1,3584,T
2-PB1,721,3614,0,3,1,3618,A
2-PB1,722,0,3658,0,8,3666,T
2-PB1,723,0,3668,1,3,3672,T
2-PB1,724,3,3,3693,0,3699,G
2-PB1,725,3,5,1,3661,3670,C
2-PB1,726,3553,0,7,0,3560,A
2-PB1,727,3569,1,3,0,3573,A
2-PB1,728,1,0,0,3580,3581,C
2-PB1,729,3572,1,5,0,3578,A
2-PB1,730,5,1,1,3565,3572,C
2-PB1,731,6,1,2,3482,3491,C
2-PB1,732,8,2,0,3491,3501,C
2-PB1,733,0,8,3480,1,3489,G
2-PB1,734,0,7,3494,1,3502,G
2-PB1,735,0,7,3501,0,3508,G
2-PB1,736,3503,0,6,0,3509,A
2-PB1,737,0,3488,1,1,3490,T
2-PB1,738,2,3,3504,0,3509,G
2-PB1,739,2,1,0,3496,3499,C
2-PB1,740,3563,1,2,0,3566,A
2-PB1,741,3618,0,1,0,3619,A
2-PB1,742,3654,1,1,0,3656,A
2-PB1,743,0,3648,1,1,3650,T
2-PB1,744,0,3643,0,2,3645,T
2-PB1,745,3624,1,0,1,3626,A
2-PB1,746,4,2,3626,1,3633,G
2-PB1,747,3607,1,3,0,3611,A
2-PB1,748,1,13,3611,0,3625,G
2-PB1,749,0,19,3556,0,3575,G
2-PB1,750,1,6,3624,0,3631,G
2-PB1,751,0,3604,0,3,3607,T
2-PB1,752,0,3597,0,5,3602,T
2-PB1,753,27,3,0,3568,3598,C
2-PB1,754,5,1,3636,0,3642,G
2-PB1,755,1,3627,0,10,3638,T
2-PB1,756,0,2,3645,0,3647,G
2-PB1,757,0,3624,0,4,3628,T
2-PB1,758,3615,0,1,0,3616,A
2-PB1,759,2,0,0,3595,3597,C
2-PB1,760,1,3387,0,8,3396,T
2-PB1,761,0,3404,0,1,3405,T
2-PB1,762,7,0,0,3396,3403,C
2-PB1,763,4,1,3369,0,3374,G
2-PB1,764,1,3371,0,2,3374,T
2-PB1,765,0,3364,0,2,3366,T
2-PB1,766,2,10,3353,0,3365,G
2-PB1,767,3360,0,0,0,3360,A
2-PB1,768,3356,0,5,1,3362,A
2-PB1,769,3390,0,2,0,3392,A
2-PB1,770,5,0,0,3401,3406,C
2-PB1,771,0,3373,1,2,3376,T
2-PB1,772,0,3364,0,3,3367,T
2-PB1,773,0,3377,0,0,3377,T
2-PB1,774,3424,0,1,0,3425,A
2-PB1,775,1,2,3431,0,3434,G
2-PB1,776,2,0,0,3433,3435,C
2-PB1,777,1,3427,0,3,3431,T
2-PB1,778,3385,1,7,0,3393,A
2-PB1,779,1,11,3375,0,3387,G
2-PB1,780,3384,0,2,0,3386,A
2-PB1,781,3375,1,3,0,3379,A
2-PB1,782,0,0,3390,0,3390,G
2-PB1,783,4,2,0,3317,3323,C
2-PB1,784,3314,0,0,0,3314,A
2-PB1,785,0,3289,0,0,3289,T
2-PB1,786,1,3292,0,0,3293,T
2-PB1,787,1,3290,0,2,3293,T
2-PB1,788,2,3,3296,0,3301,G
2-PB1,789,1,3,1,3291,3296,C
2-PB1,790,5,15,3279,0,3299,G
2-PB1,791,3289,0,4,0,3293,A
2-PB1,792,3276,0,4,0,3280,A
2-PB1,793,3278,0,2,1,3281,A
2-PB1,794,3368,0,4,0,3372,A
2-PB1,795,0,1,3409,0,3410,G
2-PB1,796,2,0,0,3409,3411,C
2-PB1,797,1,3406,2,4,3413,T
2-PB1,798,0,3410,0,0,3410,T
2-PB1,799,1,23,3394,1,3419,G
2-PB1,800,3411,1,1,0,3413,A
2-PB1,801,3405,1,11,0,3417,A
2-PB1,802,3,0,0,3430,3433,C
2-PB1,803,3321,0,8,0,3329,A
2-PB1,804,0,1,3612,0,3613,G
2-PB1,805,0,3557,0,3,3560,T
2-PB1,806,22,4,1,3543,3570,C
2-PB1,807,10,3541,14,7,3572,T
2-PB1,808,4,7,3569,1,3581,G
2-PB1,809,1,12,3570,0,3583,G
2-PB1,810,3591,0,3,0,3594,A
2-PB1,811,1,0,0,3590,3591,C
2-PB1,812,0,3476,0,6,3482,T
2-PB1,813,0,3261,0,2,3263,T
2-PB1,814,10,0,0,3248,3258,C
2-PB1,815,7,3,0,3250,3260,C
2-PB1,816,3,6,3267,0,3276,G
2-PB1,817,0,2,3285,0,3287,G
2-PB1,818,0,3262,0,6,3268,T
2-PB1,819,0,3258,0,3,3261,T
2-PB1,820,0,11,3229,1,3241,G
2-PB1,821,0,8,3245,1,3254,G
2-PB1,822,2,15,3256,0,3273,G
2-PB1,823,0,11,3248,0,3259,G
2-PB1,824,1,1,3277,0,3279,G
2-PB1,825,1,3238,1,4,3244,T
2-PB1,826,3237,0,0,0,3237,A
2-PB1,827,3253,0,1,0,3254,A
2-PB1,828,0,3254,0,0,3254,T
2-PB1,829,0,23,3256,0,3279,G
2-PB1,830,3233,0,1,0,3234,A
2-PB1,831,3181,0,5,0,3186,A
2-PB1,832,3184,0,3,0,3187,A
2-PB1,833,3171,0,1,0,3172,A
2-PB1,834,0,7,3168,0,3175,G
2-PB1,835,3123,1,1,0,3125,A
2-PB1,836,3085,1,9,0,3095,A
2-PB1,837,1,7,3114,0,3122,G
2-PB1,838,2,2,3107,0,3111,G
2-PB1,839,3,1,0,3087,3091,C
2-PB1,840,15,1,0,3080,3096,C
2-PB1,841,3108,0,0,0,3108,A
2-PB1,842,3097,0,2,0,3099,A
2-PB1,843,3100,0,2,0,3102,A
2-PB1,844,3,0,0,3102,3105,C
2-PB1,845,0,3091,1,1,3093,T
2-PB1,846,1,12,3111,1,3125,G
2-PB1,847,3,0,3121,0,3124,G
2-PB1,848,0,1,3,3126,3130,C
2-PB1,849,3131,0,0,0,3131,A
2-PB1,850,3120,0,3,0,3123,A
2-PB1,851,3121,0,0,0,3121,A
2-PB1,852,0,3129,0,0,3129,T
2-PB1,853,1,1,3113,0,3115,G
2-PB1,854,1,3092,0,2,3095,T
2-PB1,855,0,3000,0,0,3000,T
2-PB1,856,1,1,2997,0,2999,G
2-PB1,857,0,2986,1,1,2988,T
2-PB1,858,1,9,2986,0,2996,G
2-PB1,859,2984,1,2,0,2987,A
2-PB1,860,0,8,2991,0,2999,G
2-PB1,861,2999,0,2,0,3001,A
2-PB1,862,2971,0,2,0,2973,A
2-PB1,863,2969,0,3,0,2972,A
2-PB1,864,2980,0,3,0,2983,A
2-PB1,865,2998,0,0,0,2998,A
2-PB1,866,1,2984,0,1,2986,T
2-PB1,867,3,10,2967,0,2980,G
2-PB1,868,2967,0,3,0,2970,A
2-PB1,869,0,2920,0,2,2922,T
2-PB1,870,1,18,2927,0,2946,G
2-PB1,871,2945,1,2,0,2948,A
2-PB1,872,4,0,0,2978,2982,C
2-PB1,873,1,2952,0,2,2955,T
2-PB1,874,2949,0,0,0,2949,A
2-PB1,875,2978,0,1,0,2979,A
2-PB1,876,0,2975,0,2,2977,T
2-PB1,877,0,2998,1,7,3006,T
2-PB1,878,14,2,0,3004,3020,C
2-PB1,879,3006,0,1,0,3007,A
2-PB1,880,2,1,1,3015,3019,C
2-PB1,881,2979,0,0,0,2979,A
2-PB1,882,2972,0,5,0,2977,A
2-PB1,883,2,12,2979,0,2993,G
2-PB1,884,3018,1,11,1,3031,A
2-PB1,885,3,2,0,3021,3026,C
2-PB1,886,2988,0,5,0,2993,A
2-PB1,887,1,3,0,2992,2996,C
2-PB1,888,2939,0,3,0,2942,A
2-PB1,889,1,7,2947,0,2955,G
2-PB1,890,2934,1,5,1,2941,A
2-PB1,891,1,0,2954,1,2956,G
2-PB1,892,1,0,0,2933,2934,C
2-PB1,893,3,2846,1,9,2859,T
2-PB1,894,0,2875,1,0,2876,T
2-PB1,895,0,2875,0,5,2880,T
2-PB1,896,13,1,0,2871,2885,C
2-PB1,897,0,2881,0,3,2884,T
2-PB1,898,0,2839,0,5,2844,T
2-PB1,899,1,2846,0,3,2850,T
2-PB1,900,11,1,1,2839,2852,C
2-PB1,901,2827,2,6,0,2835,A
2-PB1,902,0,2,0,2851,2853,C
2-PB1,903,2810,1,0,0,2811,A
2-PB1,904,2829,0,0,0,2829,A
2-PB1,905,1,2836,0,4,2841,T
2-PB1,906,17,0,0,2867,2884,C
2-PB1,907,2894,0,0,0,2894,A
2-PB1,908,3,0,0,2903,2906,C
2-PB1,909,0,2878,0,1,2879,T
2-PB1,910,2,3,2885,0,2890,G
2-PB1,911,1,8,2846,2,2857,G
2-PB1,912,2,12,2902,0,2916,G
2-PB1,913,0,7,2911,0,2918,G
2-PB1,914,2839,0,8,0,2847,A
2-PB1,915,1,1,0,2710,2712,C
2-PB1,916,2737,1,3,0,2741,A
2-PB1,917,2888,0,1,1,2890,A
2-PB1,918,1,1,1,2906,2909,C
2-PB1,919,2888,0,4,0,2892,A
2-PB1,920,3,0,0,2891,2894,C
2-PB1,921,0,2744,0,3,2747,T
2-PB1,922,2750,0,2,0,2752,A
2-PB1,923,2743,1,4,1,2749,A
2-PB1,924,1,2,2762,0,2765,G
2-PB1,925,2,2736,1,2,2741,T
2-PB1,926,3,7,2499,0,2509,G
2-PB1,927,1,2,2483,0,2486,G
2-PB1,928,2460,1,2,0,2463,A
2-PB1,929,2467,0,1,0,2468,A
2-PB1,930,0,2453,0,3,2456,T
2-PB1,931,0,8,2443,0,2451,G
2-PB1,932,2441,1,1,0,2443,A
2-PB1,933,2398,0,3,1,2402,A
2-PB1,934,2418,1,2,0,2421,A
2-PB1,935,2434,0,1,0,2435,A
2-PB1,936,1,2419,0,0,2420,T
2-PB1,937,22,2,0,2392,2416,C
2-PB1,938,2414,0,1,0,2415,A
2-PB1,939,2411,0,1,0,2412,A
2-PB1,940,2405,1,2,1,2409,A
2-PB1,941,2401,0,4,0,2405,A
2-PB1,942,2,0,0,2418,2420,C
2-PB1,943,8,0,0,2386,2394,C
2-PB1,944,9,0,0,2369,2378,C
2-PB1,945,2,2367,0,6,2375,T
2-PB1,946,7,1,0,2382,2390,C
2-PB1,947,2,5,2378,0,2385,G
2-PB1,948,2388,0,2,0,2390,A
2-PB1,949,2387,0,0,0,2387,A
2-PB1,950,1,2380,0,0,2381,T
2-PB1,951,5,2,2401,0,2408,G
2-PB1,952,1,2375,1,3,2380,T
2-PB1,953,0,2360,0,5,2365,T
2-PB1,954,0,2369,1,1,2371,T
2-PB1,955,0,2363,0,1,2364,T
2-PB1,956,0,2360,0,0,2360,T
2-PB1,957,2,8,2345,0,2355,G
2-PB1,958,0,1,2349,0,2350,G
2-PB1,959,4,2,0,2342,2348,C
2-PB1,960,4,6,2295,0,2305,G
2-PB1,961,2303,1,1,0,2305,A
2-PB1,962,1,2351,0,3,2355,T
2-PB1,963,0,11,2421,0,2432,G
2-PB1,964,2529,0,4,0,2533,A
2-PB1,965,0,2535,0,3,2538,T
2-PB1,966,0,2540,0,3,2543,T
2-PB1,967,2555,0,2,0,2557,A
2-PB1,968,1,1,0,2562,2564,C
2-PB1,969,2568,0,2,0,2570,A
2-PB1,970,0,2556,0,3,2559,T
2-PB1,971,2384,0,1,0,2385,A
2-PB1,972,1,0,0,2386,2387,C
2-PB1,973,2093,0,3,0,2096,A
2-PB1,974,0,2082,0,2,2084,T
2-PB1,975,3,0,0,2078,2081,C
2-PB1,976,2070,1,4,0,2075,A
2-PB1,977,2,0,0,2075,2077,C
2-PB1,978,2053,0,0,2,2055,A
2-PB1,979,2052,0,4,0,2056,A
2-PB1,980,2045,0,2,0,2047,A
2-PB1,981,2,5,1958,0,1965,G
2-PB1,982,2040,0,1,1,2042,A
2-PB1,983,2049,0,1,0,2050,A
2-PB1,984,0,2048,0,0,2048,T
2-PB1,985,16,0,1,2032,2049,C
2-PB1,986,2053,1,5,2,2061,A
2-PB1,987,2069,0,3,0,2072,A
2-PB1,988,3,0,0,2074,2077,C
2-PB1,989,3,0,1,2072,2076,C
2-PB1,990,0,1924,0,1,1925,T
2-PB1,991,1,10,1937,0,1948,G
2-PB1,992,1934,0,0,0,1934,A
2-PB1,993,1,0,1935,0,1936,G
2-PB1,994,0,1915,0,0,1915,T
2-PB1,995,1,5,1860,0,1866,G
2-PB1,996,2,2,1917,0,1921,G
2-PB1,997,0,1893,0,4,1897,T
2-PB1,998,1,1891,0,4,1896,T
2-PB1,999,12,1,0,1883,1896,C
2-PB1,1000,1875,0,2,0,1877,A
2-PB1,1001,0,5,1898,0,1903,G
2-PB1,1002,1896,0,1,0,1897,A
2-PB1,1003,1896,0,0,0,1896,A
2-PB1,1004,1883,0,0,0,1883,A
2-PB1,1005,1,0,0,1661,1662,C
2-PB1,1006,1669,0,0,0,1669,A
2-PB1,1007,0,1661,0,0,1661,T
2-PB1,1008,4,0,0,1673,1677,C
2-PB1,1009,3,0,0,1678,1681,C
2-PB1,1010,0,1584,3,0,1587,T
2-PB1,1011,3,8,1579,0,1590,G
2-PB1,1012,1565,0,5,0,1570,A
2-PB1,1013,0,0,1592,0,1592,G
2-PB1,1014,4,1,0,1571,1576,C
2-PB1,1015,1493,1,1,0,1495,A
2-PB1,1016,0,1502,0,0,1502,T
2-PB1,1017,7,1,0,1472,1480,C
2-PB1,1018,2,3,1471,2,1478,G
2-PB1,1019,0,2,0,1509,1511,C
2-PB1,1020,1510,0,1,0,1511,A
2-PB1,1021,1,0,1,1562,1564,C
2-PB1,1022,5,0,0,1553,1558,C
2-PB1,1023,1559,0,1,0,1560,A
2-PB1,1024,1581,0,2,0,1583,A
2-PB1,1025,1,1583,0,1,1585,T
2-PB1,1026,1580,1,0,0,1581,A
2-PB1,1027,1583,0,0,0,1583,A
2-PB1,1028,0,1525,0,0,1525,T
2-PB1,1029,1,0,1534,0,1535,G
2-PB1,1030,1,1485,0,3,1489,T
2-PB1,1031,1,1485,0,0,1486,T
2-PB1,1032,11,0,1,1473,1485,C
2-PB1,1033,0,1479,0,3,1482,T
2-PB1,1034,6,0,0,1478,1484,C
2-PB1,1035,1481,0,1,0,1482,A
2-PB1,1036,1479,0,0,0,1479,A
2-PB1,1037,1481,0,0,0,1481,A
2-PB1,1038,4,0,0,1484,1488,C
2-PB1,1039,1480,0,1,0,1481,A
2-PB1,1040,1474,1,1,0,1476,A
2-PB1,1041,1474,0,2,0,1476,A
2-PB1,1042,1479,0,1,0,1480,A
2-PB1,1043,0,1492,0,1,1493,T
2-PB1,1044,1,9,1487,0,1497,G
2-PB1,1045,0,0,1498,0,1498,G
2-PB1,1046,1,1,0,1494,1496,C
2-PB1,1047,1483,0,2,0,1485,A
2-PB1,1048,1490,0,1,0,1491,A
2-PB1,1049,0,8,1489,0,1497,G
2-PB1,1050,1493,0,5,0,1498,A
2-PB1,1051,1,0,0,1506,1507,C
2-PB1,1052,0,1477,0,0,1477,T
2-PB1,1053,1,3,1493,0,1497,G
2-PB1,1054,0,2,1499,0,1501,G
2-PB1,1055,0,5,1499,1,1505,G
2-PB1,1056,1503,1,2,0,1506,A
2-PB1,1057,1496,0,1,0,1497,A
2-PB1,1058,1490,0,1,0,1491,A
2-PB1,1059,1485,0,2,1,1488,A
2-PB1,1060,0,4,1539,0,1543,G
2-PB1,1061,0,8,1531,0,1539,G
2-PB1,1062,1536,1,1,0,1538,A
2-PB1,1063,0,1522,0,2,1524,T
2-PB1,1064,1512,0,1,0,1513,A
2-PB1,1065,3,0,0,1511,1514,C
2-PB1,1066,1531,0,1,0,1532,A
2-PB1,1067,0,1520,0,0,1520,T
2-PB1,1068,2,1,1537,0,1540,G
2-PB1,1069,1,1508,0,0,1509,T
2-PB1,1070,0,1516,0,2,1518,T
2-PB1,1071,10,2,0,1499,1511,C
2-PB1,1072,1,7,1501,0,1509,G
2-PB1,1073,1510,2,0,0,1512,A
2-PB1,1074,2,7,1544,0,1553,G
2-PB1,1075,1537,0,1,0,1538,A
2-PB1,1076,0,1,1555,0,1556,G
2-PB1,1077,0,1544,0,1,1545,T
2-PB1,1078,1539,0,1,0,1540,A
2-PB1,1079,1546,0,2,0,1548,A
2-PB1,1080,0,9,1544,1,1554,G
2-PB1,1081,1554,0,1,0,1555,A
2-PB1,1082,0,5,1585,0,1590,G
2-PB1,1083,1541,0,5,1,1547,A
2-PB1,1084,1556,0,3,0,1559,A
2-PB1,1085,0,1536,0,2,1538,T
2-PB1,1086,0,5,1532,0,1537,G
2-PB1,1087,1535,1,2,0,1538,A
2-PB1,1088,1531,0,3,0,1534,A
2-PB1,1089,0,0,1542,0,1542,G
2-PB1,1090,0,0,0,1535,1535,C
2-PB1,1091,1,1510,0,1,1512,T
2-PB1,1092,3,1,0,1512,1516,C
2-PB1,1093,3,3,0,1502,1508,C
2-PB1,1094,2,4,1511,0,1517,G
2-PB1,1095,2,8,1504,0,1514,G
2-PB1,1096,1518,0,3,0,1521,A
2-PB1,1097,1,0,0,1536,1537,C
2-PB1,1098,1537,0,2,0,1539,A
2-PB1,1099,2,0,0,1555,1557,C
2-PB1,1100,1557,0,0,0,1557,A
2-PB1,1101,1558,1,3,0,1562,A
2-PB1,1102,1555,2,2,0,1559,A
2-PB1,1103,0,1564,0,2,1566,T
2-PB1,1104,1566,3,0,0,1569,A
2-PB1,1105,4,0,0,1569,1573,C
2-PB1,1106,5,0,0,1563,1568,C
2-PB1,1107,0,1541,0,2,1543,T
2-PB1,1108,2,1,1552,1,1556,G
2-PB1,1109,0,2,0,1558,1560,C
2-PB1,1110,1557,1,2,0,1560,A
2-PB1,1111,2,6,1556,0,1564,G
2-PB1,1112,1556,0,0,0,1556,A
2-PB1,1113,1557,0,1,0,1558,A
2-PB1,1114,1561,0,1,0,1562,A
2-PB1,1115,0,1555,0,2,1557,T
2-PB1,1116,3,1,1558,0,1562,G
2-PB1,1117,0,0,0,1548,1548,C
2-PB1,1118,0,1551,0,0,1551,T
2-PB1,1119,1557,0,2,2,1561,A
2-PB1,1120,1,0,1560,0,1561,G
2-PB1,1121,2,0,0,1564,1566,C
2-PB1,1122,1566,0,1,0,1567,A
2-PB1,1123,1560,0,1,0,1561,A
2-PB1,1124,0,1,1555,0,1556,G
2-PB1,1125,0,0,0,1551,1551,C
2-PB1,1126,1529,0,0,0,1529,A
2-PB1,1127,0,1560,0,2,1562,T
2-PB1,1128,0,1561,0,1,1562,T
2-PB1,1129,1,11,1602,0,1614,G
2-PB1,1130,1628,0,1,0,1629,A
2-PB1,1131,3,0,0,1626,1629,C
2-PB1,1132,4,0,0,1634,1638,C
2-PB1,1133,0,1596,0,1,1597,T
2-PB1,1134,0,6,1629,0,1635,G
2-PB1,1135,1637,1,2,0,1640,A
2-PB1,1136,1641,0,2,0,1643,A
2-PB1,1137,1,1,1676,0,1678,G
2-PB1,1138,0,1625,0,0,1625,T
2-PB1,1139,1630,0,1,0,1631,A
2-PB1,1140,0,1619,1,2,1622,T
2-PB1,1141,0,1612,0,3,1615,T
2-PB1,1142,1,1619,0,0,1620,T
2-PB1,1143,6,0,0,1588,1594,C
2-PB1,1144,1593,0,0,0,1593,A
2-PB1,1145,1596,0,1,0,1597,A
2-PB1,1146,1,1571,0,0,1572,T
2-PB1,1147,1,7,1564,0,1572,G
2-PB1,1148,1566,1,1,0,1568,A
2-PB1,1149,1577,0,1,0,1578,A
2-PB1,1150,0,1567,0,2,1569,T
2-PB1,1151,6,1,0,1581,1588,C
2-PB1,1152,1576,0,2,0,1578,A
2-PB1,1153,1587,0,1,0,1588,A
2-PB1,1154,0,0,0,1588,1588,C
2-PB1,1155,1584,1,1,0,1586,A
2-PB1,1156,1574,0,4,0,1578,A
2-PB1,1157,0,5,1579,1,1585,G
2-PB1,1158,0,2,1596,1,1599,G
2-PB1,1159,1600,0,0,0,1600,A
2-PB1,1160,1597,0,2,0,1599,A
2-PB1,1161,0,5,1593,0,1598,G
2-PB1,1162,1589,1,1,0,1591,A
2-PB1,1163,1592,0,3,0,1595,A
2-PB1,1164,1593,0,0,0,1593,A
2-PB1,1165,1597,0,0,0,1597,A
2-PB1,1166,1,1592,1,0,1594,T
2-PB1,1167,0,1573,0,0,1573,T
2-PB1,1168,1,9,1568,0,1578,G
2-PB1,1169,1570,1,2,0,1573,A
2-PB1,1170,0,1,1580,0,1581,G
2-PB1,1171,1573,0,1,0,1574,A
2-PB1,1172,1580,1,1,1,1583,A
2-PB1,1173,1600,1,1,0,1602,A
2-PB1,1174,1609,0,0,0,1609,A
2-PB1,1175,0,1612,0,0,1612,T
2-PB1,1176,1609,0,0,0,1609,A
2-PB1,1177,1605,0,2,0,1607,A
2-PB1,1178,0,1,1620,0,1621,G
2-PB1,1179,3,0,1616,0,1619,G
2-PB1,1180,1,0,0,1618,1619,C
2-PB1,1181,2,0,0,1614,1616,C
2-PB1,1182,0,1600,1,1,1602,T
2-PB1,1183,2,0,0,1800,1802,C
2-PB1,1184,0,1818,0,7,1825,T
2-PB1,1185,0,1827,0,1,1828,T
2-PB1,1186,5,0,0,1858,1863,C
2-PB1,1187,2,1852,0,3,1857,T
2-PB1,1188,1858,0,1,0,1859,A
2-PB1,1189,1861,0,1,0,1862,A
2-PB1,1190,0,1866,0,0,1866,T
2-PB1,1191,1869,0,2,0,1871,A
2-PB1,1192,0,4,1839,1,1844,G
2-PB1,1193,1675,1,2,0,1678,A
2-PB1,1194,1,1684,0,0,1685,T
2-PB1,1195,0,11,1641,0,1652,G
2-PB1,1196,65,2,1610,0,1677,G
2-PB1,1197,2,1,1,1666,1670,C
2-PB1,1198,1672,1,0,0,1673,A
2-PB1,1199,0,1,0,1677,1678,C
2-PB1,1200,1641,0,3,0,1644,A
2-PB1,1201,1,1,1708,0,1710,G
2-PB1,1202,0,1,0,1707,1708,C
2-PB1,1203,1697,1,0,0,1698,A
2-PB1,1204,0,1740,0,1,1741,T
2-PB1,1205,10,1,0,1708,1719,C
2-PB1,1206,1739,0,1,0,1740,A
2-PB1,1207,0,1735,0,1,1736,T
2-PB1,1208,0,1724,0,1,1725,T
2-PB1,1209,1,5,1716,0,1722,G
2-PB1,1210,1659,1,4,0,1664,A
2-PB1,1211,0,1,1715,0,1716,G
2-PB1,1212,0,1,0,1711,1712,C
2-PB1,1213,3,0,0,1676,1679,C
2-PB1,1214,4,1,0,1704,1709,C
2-PB1,1215,0,1694,0,0,1694,T
2-PB1,1216,1,2,1956,0,1959,G
2-PB1,1217,1,5,2025,0,2031,G
2-PB1,1218,2023,1,7,0,2031,A
2-PB1,1219,2156,0,0,0,2156,A
2-PB1,1220,0,2106,0,0,2106,T
2-PB1,1221,1,6,2187,1,2195,G
2-PB1,1222,2251,0,2,0,2253,A
2-PB1,1223,0,2266,0,3,2269,T
2-PB1,1224,0,4,2277,0,2281,G
2-PB1,1225,2261,0,4,0,2265,A
2-PB1,1226,0,2235,0,2,2237,T
2-PB1,1227,0,7,2243,0,2250,G
2-PB1,1228,0,7,2297,0,2304,G
2-PB1,1229,0,2,2317,0,2319,G
2-PB1,1230,3,1,0,2302,2306,C
2-PB1,1231,2313,0,2,0,2315,A
2-PB1,1232,1,2328,0,5,2334,T
2-PB1,1233,1,3,2429,0,2433,G
2-PB1,1234,0,2433,1,4,2438,T
2-PB1,1235,0,2447,0,1,2448,T
2-PB1,1236,15,3,0,2449,2467,C
2-PB1,1237,2452,0,1,0,2453,A
2-PB1,1238,2463,0,4,0,2467,A
2-PB1,1239,2,1,1,2469,2473,C
2-PB1,1240,2485,0,2,0,2487,A
2-PB1,1241,0,2496,0,0,2496,T
2-PB1,1242,0,1,2552,0,2553,G
2-PB1,1243,3,0,0,2552,2555,C
2-PB1,1244,0,2559,0,0,2559,T
2-PB1,1245,2591,0,2,0,2593,A
2-PB1,1246,2583,1,3,0,2587,A
2-PB1,1247,0,0,2659,0,2659,G
2-PB1,1248,0,2651,0,1,2652,T
2-PB1,1249,2647,0,1,0,2648,A
2-PB1,1250,0,0,0,2661,2661,C
2-PB1,1251,0,13,2650,0,2663,G
2-PB1,1252,1,2,2875,0,2878,G
2-PB1,1253,1,2870,1,0,2872,T
2-PB1,1254,3,2865,0,3,2871,T
2-PB1,1255,0,2871,0,1,2872,T
2-PB1,1256,0,2856,1,2,2859,T
2-PB1,1257,2856,2,7,0,2865,A
2-PB1,1258,4,6,2857,0,2867,G
2-PB1,1259,0,11,2850,0,2861,G
2-PB1,1260,2783,0,5,0,2788,A
2-PB1,1261,0,1,2780,0,2781,G
2-PB1,1262,1,2819,0,4,2824,T
2-PB1,1263,9,1,0,2829,2839,C
2-PB1,1264,2,2837,0,3,2842,T
2-PB1,1265,8,5,0,2833,2846,C
2-PB1,1266,1,13,2829,0,2843,G
2-PB1,1267,2986,0,0,1,2987,A
2-PB1,1268,1,2988,0,2,2991,T
2-PB1,1269,3003,0,1,0,3004,A
2-PB1,1270,3,0,0,3004,3007,C
2-PB1,1271,2,2950,1,5,2958,T
2-PB1,1272,0,15,2949,0,2964,G
2-PB1,1273,2964,0,3,0,2967,A
2-PB1,1274,3024,1,4,1,3030,A
2-PB1,1275,0,3026,0,5,3031,T
2-PB1,1276,8,0,0,2960,2968,C
2-PB1,1277,0,2962,0,2,2964,T
2-PB1,1278,0,2954,0,1,2955,T
2-PB1,1279,2,17,2950,0,2969,G
2-PB1,1280,0,12,2963,0,2975,G
2-PB1,1281,2969,0,2,1,2972,A
2-PB1,1282,2,2,1,2977,2982,C
2-PB1,1283,2936,1,1,1,2939,A
2-PB1,1284,2964,1,0,0,2965,A
2-PB1,1285,2982,0,2,0,2984,A
2-PB1,1286,2991,0,1,2,2994,A
2-PB1,1287,2,11,3049,1,3063,G
2-PB1,1288,3063,1,2,0,3066,A
2-PB1,1289,3052,0,5,0,3057,A
2-PB1,1290,3054,1,5,1,3061,A
2-PB1,1291,0,3063,0,0,3063,T
2-PB1,1292,3071,1,1,0,3073,A
2-PB1,1293,3,1,0,3184,3188,C
2-PB1,1294,3161,1,2,1,3165,A
2-PB1,1295,5,0,0,3180,3185,C
2-PB1,1296,14,0,0,3146,3160,C
2-PB1,1297,3136,0,3,1,3140,A
2-PB1,1298,3192,0,3,0,3195,A
2-PB1,1299,0,13,3273,0,3286,G
2-PB1,1300,3332,1,2,1,3336,A
2-PB1,1301,1,1,0,3370,3372,C
2-PB1,1302,3287,0,3,1,3291,A
2-PB1,1303,3428,0,7,0,3435,A
2-PB1,1304,0,1,0,3455,3456,C
2-PB1,1305,3505,1,7,1,3514,A
2-PB1,1306,0,3518,0,0,3518,T
2-PB1,1307,3494,0,1,0,3495,A
2-PB1,1308,6,0,0,3550,3556,C
2-PB1,1309,0,3466,1,4,3471,T
2-PB1,1310,2,9,3510,1,3522,G
2-PB1,1311,2,5,3508,1,3516,G
2-PB1,1312,0,3435,0,7,3442,T
2-PB1,1313,1,24,3403,1,3429,G
2-PB1,1314,1,10,3401,0,3412,G
2-PB1,1315,1,8,3407,1,3417,G
2-PB1,1316,3409,0,5,1,3415,A
2-PB1,1317,1,3349,1,0,3351,T
2-PB1,1318,0,10,3339,0,3349,G
2-PB1,1319,2,11,3309,0,3322,G
2-PB1,1320,0,1,3350,0,3351,G
2-PB1,1321,1,0,0,3407,3408,C
2-PB1,1322,0,3380,0,4,3384,T
2-PB1,1323,8,0,0,3404,3412,C
2-PB1,1324,15,0,0,3400,3415,C
2-PB1,1325,3408,0,0,1,3409,A
2-PB1,1326,3399,1,3,1,3404,A
2-PB1,1327,2,3396,0,1,3399,T
2-PB1,1328,8,1,7,3365,3381,C
2-PB1,1329,7,1,0,3359,3367,C
2-PB1,1330,3,3333,0,5,3341,T
2-PB1,1331,2,2,0,3333,3337,C
2-PB1,1332,7,2,0,3317,3326,C
2-PB1,1333,2,10,3314,0,3326,G
2-PB1,1334,3329,2,1,0,3332,A
2-PB1,1335,2,2,0,3326,3330,C
2-PB1,1336,2,22,3315,0,3339,G
2-PB1,1337,3350,2,1,0,3353,A
2-PB1,1338,0,3341,0,1,3342,T
2-PB1,1339,0,3350,0,2,3352,T
2-PB1,1340,1,3339,0,3,3343,T
2-PB1,1341,0,3350,0,1,3351,T
2-PB1,1342,3,1,3368,0,3372,G
2-PB1,1343,1,1,0,3409,3411,C
2-PB1,1344,9,0,0,3401,3410,C
2-PB1,1345,18,2,0,3508,3528,C
2-PB1,1346,0,3462,1,7,3470,T
2-PB1,1347,10,0,0,3624,3634,C
2-PB1,1348,3645,2,1,0,3648,A
2-PB1,1349,0,3666,1,1,3668,T
2-PB1,1350,3669,0,1,0,3670,A
2-PB1,1351,0,0,3719,0,3719,G
2-PB1,1352,0,3661,0,4,3665,T
2-PB1,1353,1,22,3674,2,3699,G
2-PB1,1354,3586,0,5,0,3591,A
2-PB1,1355,3587,0,7,1,3595,A
2-PB1,1356,1,3439,0,0,3440,T
2-PB1,1357,4,1,3446,0,3451,G
2-PB1,1358,4,2,0,3490,3496,C
2-PB1,1359,3496,2,4,1,3503,A
2-PB1,1360,3,3,0,3509,3515,C
2-PB1,1361,12,2,0,3473,3487,C
2-PB1,1362,3466,0,2,0,3468,A
2-PB1,1363,3460,0,0,0,3460,A
2-PB1,1364,3445,0,6,1,3452,A
2-PB1,1365,0,3352,0,1,3353,T
2-PB1,1366,19,0,0,3458,3477,C
2-PB1,1367,3484,0,0,0,3484,A
2-PB1,1368,0,3487,0,1,3488,T
2-PB1,1369,0,11,3479,0,3490,G
2-PB1,1370,3495,0,7,2,3504,A
2-PB1,1371,0,13,3522,0,3535,G
2-PB1,1372,0,9,3527,0,3536,G
2-PB1,1373,2,10,3550,0,3562,G
2-PB1,1374,3537,0,5,0,3542,A
2-PB1,1375,3596,2,3,0,3601,A
2-PB1,1376,0,3615,0,1,3616,T
2-PB1,1377,3629,1,4,0,3634,A
2-PB1,1378,1,2,0,3634,3637,C
2-PB1,1379,3640,1,1,0,3642,A
2-PB1,1380,3635,1,4,0,3640,A
2-PB1,1381,0,0,3630,0,3630,G
2-PB1,1382,4,4,0,3583,3591,C
2-PB1,1383,3559,0,3,0,3562,A
2-PB1,1384,0,4,3596,0,3600,G
2-PB1,1385,0,25,3577,0,3602,G
2-PB1,1386,3587,0,3,0,3590,A
2-PB1,1387,1,5,3624,0,3630,G
2-PB1,1388,1,3558,0,1,3560,T
2-PB1,1389,0,9,3605,0,3614,G
2-PB1,1390,4,7,3629,0,3640,G
2-PB1,1391,3622,1,3,0,3626,A
2-PB1,1392,0,3629,0,0,3629,T
2-PB1,1393,3581,0,2,1,3584,A
2-PB1,1394,1,13,3604,0,3618,G
2-PB1,1395,3679,0,1,0,3680,A
2-PB1,1396,0,3673,0,2,3675,T
2-PB1,1397,0,3661,0,2,3663,T
2-PB1,1398,8,1,1,3777,3787,C
2-PB1,1399,0,3752,1,3,3756,T
2-PB1,1400,3756,0,2,0,3758,A
2-PB1,1401,0,1,0,3757,3758,C
2-PB1,1402,3683,0,8,0,3691,A
2-PB1,1403,0,5,3702,1,3708,G
2-PB1,1404,0,18,3628,0,3646,G
2-PB1,1405,3718,1,4,0,3723,A
2-PB1,1406,5,1,1,3696,3703,C
2-PB1,1407,5,3,0,3635,3643,C
2-PB1,1408,2,3594,0,4,3600,T
2-PB1,1409,1,2,3623,0,3626,G
2-PB1,1410,4,1,0,3616,3621,C
2-PB1,1411,3622,0,6,0,3628,A
2-PB1,1412,3658,1,3,0,3662,A
2-PB1,1413,1,1,3675,0,3677,G
2-PB1,1414,0,3617,0,2,3619,T
2-PB1,1415,0,3618,0,1,3619,T
2-PB1,1416,3577,0,4,0,3581,A
2-PB1,1417,1,2,3590,0,3593,G
2-PB1,1418,0,3577,0,1,3578,T
2-PB1,1419,2,6,3561,0,3569,G
2-PB1,1420,0,11,3561,0,3572,G
2-PB1,1421,0,14,3574,0,3588,G
2-PB1,1422,3562,3,4,0,3569,A
2-PB1,1423,3594,1,1,0,3596,A
2-PB1,1424,1,3586,0,4,3591,T
2-PB1,1425,13,1,0,3579,3593,C
2-PB1,1426,3593,0,3,0,3596,A
2-PB1,1427,3605,2,1,0,3608,A
2-PB1,1428,2,1,0,3600,3603,C
2-PB1,1429,3589,1,3,1,3594,A
2-PB1,1430,1,3518,0,2,3521,T
2-PB1,1431,0,31,3509,1,3541,G
2-PB1,1432,3531,2,8,1,3542,A
2-PB1,1433,1,2,3569,0,3572,G
2-PB1,1434,3,0,0,3553,3556,C
2-PB1,1435,3530,3,3,0,3536,A
2-PB1,1436,3544,1,3,0,3548,A
2-PB1,1437,3542,0,2,0,3544,A
2-PB1,1438,3584,0,3,0,3587,A
2-PB1,1439,3583,1,0,0,3584,A
2-PB1,1440,2,6,3578,2,3588,G
2-PB1,1441,3531,1,1,0,3533,A
2-PB1,1442,3476,0,9,1,3486,A
2-PB1,1443,2,2,3641,0,3645,G
2-PB1,1444,1,3658,0,5,3664,T
2-PB1,1445,9,2,1,3650,3662,C
2-PB1,1446,11,1,1,3654,3667,C
2-PB1,1447,4,3638,0,2,3644,T
2-PB1,1448,3717,0,2,0,3719,A
2-PB1,1449,1,3709,0,0,3710,T
2-PB1,1450,3710,0,3,1,3714,A
2-PB1,1451,0,3724,0,0,3724,T
2-PB1,1452,3660,0,1,2,3663,A
2-PB1,1453,3663,0,5,1,3669,A
2-PB1,1454,3662,0,0,0,3662,A
2-PB1,1455,1,3653,0,0,3654,T
2-PB1,1456,3613,0,0,0,3613,A
2-PB1,1457,3604,0,3,0,3607,A
2-PB1,1458,3628,0,4,0,3632,A
2-PB1,1459,3638,0,3,1,3642,A
2-PB1,1460,2,3,0,3637,3642,C
2-PB1,1461,3474,1,3,0,3478,A
2-PB1,1462,3,7,3483,0,3493,G
2-PB1,1463,1,19,3457,1,3478,G
2-PB1,1464,1,15,3474,0,3490,G
2-PB1,1465,3481,1,5,0,3487,A
2-PB1,1466,2,3,1,3533,3539,C
2-PB1,1467,3500,1,4,0,3505,A
2-PB1,1468,0,3530,0,1,3531,T
2-PB1,1469,0,3531,0,3,3534,T
2-PB1,1470,0,3530,0,2,3532,T
2-PB1,1471,0,23,3513,1,3537,G
2-PB1,1472,3509,0,2,0,3511,A
2-PB1,1473,3522,0,3,0,3525,A
2-PB1,1474,0,3515,0,4,3519,T
2-PB1,1475,1,3440,0,2,3443,T
2-PB1,1476,23,1,0,3432,3456,C
2-PB1,1477,3428,1,5,1,3435,A
2-PB1,1478,2,0,1,3432,3435,C
2-PB1,1479,0,3434,0,1,3435,T
2-PB1,1480,3444,0,5,0,3449,A
2-PB1,1481,2,0,3436,0,3438,G
2-PB1,1482,3,0,1,3427,3431,C
2-PB1,1483,1,3411,0,9,3421,T
2-PB1,1484,0,3457,0,2,3459,T
2-PB1,1485,0,3432,1,3,3436,T
2-PB1,1486,0,3431,1,2,3434,T
2-PB1,1487,1,3430,1,4,3436,T
2-PB1,1488,0,3425,0,4,3429,T
2-PB1,1489,0,3414,0,0,3414,T
2-PB1,1490,3410,0,0,0,3410,A
2-PB1,1491,0,3405,0,2,3407,T
2-PB1,1492,11,2,1,3384,3398,C
2-PB1,1493,1,8,3406,0,3415,G
2-PB1,1494,3538,1,2,0,3541,A
2-PB1,1495,0,3554,1,0,3555,T
2-PB1,1496,3555,1,3,0,3559,A
2-PB1,1497,2,3582,0,3,3587,T
2-PB1,1498,0,13,3566,2,3581,G
2-PB1,1499,0,9,3614,0,3623,G
2-PB1,1500,3618,0,3,1,3622,A
2-PB1,1501,2,3588,0,2,3592,T
2-PB1,1502,0,3550,0,3,3553,T
2-PB1,1503,0,3423,0,1,3424,T
2-PB1,1504,3,3,3427,0,3433,G
2-PB1,1505,0,3421,0,3,3424,T
2-PB1,1506,2,9,3397,0,3408,G
2-PB1,1507,3,4,3405,0,3412,G
2-PB1,1508,3,0,0,3373,3376,C
2-PB1,1509,0,3380,0,2,3382,T
2-PB1,1510,3387,0,2,1,3390,A
2-PB1,1511,3422,0,3,0,3425,A
2-PB1,1512,0,3455,1,0,3456,T
2-PB1,1513,1,3451,0,1,3453,T
2-PB1,1514,0,3462,1,1,3464,T
2-PB1,1515,0,3468,0,0,3468,T
2-PB1,1516,3469,0,2,0,3471,A
2-PB1,1517,3,4,3518,0,3525,G
2-PB1,1518,3,3,0,3516,3522,C
2-PB1,1519,3496,2,3,0,3501,A
2-PB1,1520,0,3467,0,2,3469,T
2-PB1,1521,2,12,3409,0,3423,G
2-PB1,1522,1,11,3491,0,3503,G
2-PB1,1523,3486,0,3,0,3489,A
2-PB1,1524,1,1,3488,1,3491,G
2-PB1,1525,2,0,0,3484,3486,C
2-PB1,1526,0,3449,1,2,3452,T
2-PB1,1527,0,1,3494,0,3495,G
2-PB1,1528,7,2,0,3470,3479,C
2-PB1,1529,16,6,0,3448,3470,C
2-PB1,1530,17,1,0,3482,3500,C
2-PB1,1531,3419,0,0,0,3419,A
2-PB1,1532,1,1,3612,0,3614,G
2-PB1,1533,1,3602,0,5,3608,T
2-PB1,1534,0,3615,0,0,3615,T
2-PB1,1535,1,3611,0,2,3614,T
2-PB1,1536,1,3551,2,2,3556,T
2-PB1,1537,2,10,3540,0,3552,G
2-PB1,1538,0,11,3549,0,3560,G
2-PB1,1539,3540,0,3,1,3544,A
2-PB1,1540,1,0,3542,0,3543,G
2-PB1,1541,0,3322,0,0,3322,T
2-PB1,1542,3305,1,3,1,3310,A
2-PB1,1543,0,3419,0,1,3420,T
2-PB1,1544,7,0,1,3419,3427,C
2-PB1,1545,1,3424,0,1,3426,T
2-PB1,1546,0,10,3444,0,3454,G
2-PB1,1547,2,13,3475,0,3490,G
2-PB1,1548,3480,0,4,0,3484,A
2-PB1,1549,3480,0,5,1,3486,A
2-PB1,1550,1,3476,0,1,3478,T
2-PB1,1551,3352,0,2,0,3354,A
2-PB1,1552,3347,0,4,1,3352,A
2-PB1,1553,3347,1,1,0,3349,A
2-PB1,1554,0,3,0,3357,3360,C
2-PB1,1555,0,18,3308,0,3326,G
2-PB1,1556,3304,0,1,0,3305,A
2-PB1,1557,1,3,3294,0,3298,G
2-PB1,1558,0,3295,0,4,3299,T
2-PB1,1559,27,0,0,3285,3312,C
2-PB1,1560,3301,1,2,0,3304,A
2-PB1,1561,2,0,3362,1,3365,G
2-PB1,1562,1,0,0,3359,3360,C
2-PB1,1563,0,3346,0,4,3350,T
2-PB1,1564,0,9,3459,1,3469,G
2-PB1,1565,3443,0,1,0,3444,A
2-PB1,1566,1,3446,0,2,3449,T
2-PB1,1567,3442,0,3,0,3445,A
2-PB1,1568,1,3392,0,1,3394,T
2-PB1,1569,0,20,3406,0,3426,G
2-PB1,1570,3302,0,3,0,3305,A
2-PB1,1571,0,3,3358,0,3361,G
2-PB1,1572,3,0,8,3357,3368,C
2-PB1,1573,3221,0,1,0,3222,A
2-PB1,1574,0,3215,0,5,3220,T
2-PB1,1575,0,3221,0,4,3225,T
2-PB1,1576,0,4,3263,0,3267,G
2-PB1,1577,4,9,3385,0,3398,G
2-PB1,1578,3342,0,5,1,3348,A
2-PB1,1579,0,2,3355,0,3357,G
2-PB1,1580,0,3245,0,5,3250,T
2-PB1,1581,3240,0,3,0,3243,A
2-PB1,1582,3244,0,4,0,3248,A
2-PB1,1583,3,1,0,3279,3283,C
2-PB1,1584,3253,0,3,1,3257,A
2-PB1,1585,1,0,3317,0,3318,G
2-PB1,1586,1,3046,0,3,3050,T
2-PB1,1587,1,10,3079,0,3090,G
2-PB1,1588,3119,0,8,0,3127,A
2-PB1,1589,0,3124,0,1,3125,T
2-PB1,1590,3115,0,2,0,3117,A
2-PB1,1591,3115,0,1,1,3117,A
2-PB1,1592,3049,0,8,0,3057,A
2-PB1,1593,2,19,3076,0,3097,G
2-PB1,1594,2982,0,3,0,2985,A
2-PB1,1595,2988,1,3,0,2992,A
2-PB1,1596,1,0,0,3001,3002,C
2-PB1,1597,2897,1,6,0,2904,A
2-PB1,1598,2941,0,4,0,2945,A
2-PB1,1599,1,1,0,2966,2968,C
2-PB1,1600,3010,1,4,0,3015,A
2-PB1,1601,0,3014,4,2,3020,T
2-PB1,1602,1,16,2973,0,2990,G
2-PB1,1603,3000,0,2,0,3002,A
2-PB1,1604,1,2997,1,0,2999,T
2-PB1,1605,2973,0,2,0,2975,A
2-PB1,1606,2999,2,4,0,3005,A
2-PB1,1607,3012,0,2,1,3015,A
2-PB1,1608,1,1,0,3032,3034,C
2-PB1,1609,2939,1,0,0,2940,A
2-PB1,1610,2931,0,6,0,2937,A
2-PB1,1611,1,2887,0,2,2890,T
2-PB1,1612,2,16,2874,1,2893,G
2-PB1,1613,2958,0,4,0,2962,A
2-PB1,1614,4,2,0,2984,2990,C
2-PB1,1615,5,0,0,2959,2964,C
2-PB1,1616,1,2899,0,1,2901,T
2-PB1,1617,0,2825,0,3,2828,T
2-PB1,1618,2,12,2823,0,2837,G
2-PB1,1619,0,13,2843,0,2856,G
2-PB1,1620,2870,2,2,10,2884,A
2-PB1,1621,1,1,0,2871,2873,C
2-PB1,1622,5,1,0,2812,2818,C
2-PB1,1623,2799,1,3,0,2803,A
2-PB1,1624,1,0,2837,0,2838,G
2-PB1,1625,0,1,0,2845,2846,C
2-PB1,1626,2844,0,2,1,2847,A
2-PB1,1627,2840,0,6,0,2846,A
2-PB1,1628,1,1,0,2834,2836,C
2-PB1,1629,2809,0,3,0,2812,A
2-PB1,1630,0,2,2882,0,2884,G
2-PB1,1631,0,2,0,2871,2873,C
2-PB1,1632,8,1,0,2883,2892,C
2-PB1,1633,7,1,0,2864,2872,C
2-PB1,1634,2876,0,0,0,2876,A
2-PB1,1635,2877,1,2,1,2881,A
2-PB1,1636,2874,0,1,0,2875,A
2-PB1,1637,0,2880,0,1,2881,T
2-PB1,1638,2,13,2849,0,2864,G
2-PB1,1639,2,2,2823,1,2828,G
2-PB1,1640,3,0,0,2814,2817,C
2-PB1,1641,1,2790,0,8,2799,T
2-PB1,1642,6,1,1,2869,2877,C
2-PB1,1643,3,2856,0,10,2869,T
2-PB1,1644,14,1,0,2875,2890,C
2-PB1,1645,6,1,0,2897,2904,C
2-PB1,1646,2902,2,1,0,2905,A
2-PB1,1647,2914,0,1,0,2915,A
2-PB1,1648,0,2888,0,4,2892,T
2-PB1,1649,0,2860,0,0,2860,T
2-PB1,1650,1,0,2877,0,2878,G
2-PB1,1651,1,2788,0,9,2798,T
2-PB1,1652,0,2790,0,0,2790,T
2-PB1,1653,25,6,0,2763,2794,C
2-PB1,1654,2780,0,1,0,2781,A
2-PB1,1655,2,2775,0,5,2782,T
2-PB1,1656,10,1,0,2772,2783,C
2-PB1,1657,2792,0,1,0,2793,A
2-PB1,1658,2790,0,2,1,2793,A
2-PB1,1659,2779,0,6,0,2785,A
2-PB1,1660,1,2,2854,0,2857,G
2-PB1,1661,2856,0,3,1,2860,A
2-PB1,1662,0,2857,0,0,2857,T
2-PB1,1663,0,2863,0,0,2863,T
2-PB1,1664,2858,0,3,2,2863,A
2-PB1,1665,2,3,1,2912,2918,C
2-PB1,1666,2897,0,4,0,2901,A
2-PB1,1667,1,6,2930,0,2937,G
2-PB1,1668,2915,1,2,0,2918,A
2-PB1,1669,0,2956,0,1,2957,T
2-PB1,1670,2969,2,0,1,2972,A
2-PB1,1671,2,2,0,3142,3146,C
2-PB1,1672,3224,0,2,1,3227,A
2-PB1,1673,1,2,0,3429,3432,C
2-PB1,1674,3376,0,8,0,3384,A
2-PB1,1675,0,3412,0,0,3412,T
2-PB1,1676,3373,0,1,0,3374,A
2-PB1,1677,0,3364,0,0,3364,T
2-PB1,1678,3263,1,2,0,3266,A
2-PB1,1679,1,8,3265,0,3274,G
2-PB1,1680,1,3,3227,0,3231,G
2-PB1,1681,0,3080,0,1,3081,T
2-PB1,1682,3,3,3018,0,3024,G
2-PB1,1683,1,1,0,3159,3161,C
2-PB1,1684,15,3,0,3133,3151,C
2-PB1,1685,3192,0,2,0,3194,A
2-PB1,1686,0,3191,0,3,3194,T
2-PB1,1687,3201,0,4,1,3206,A
2-PB1,1688,0,11,3204,0,3215,G
2-PB1,1689,3143,0,4,0,3147,A
2-PB1,1690,0,7,3167,0,3174,G
2-PB1,1691,0,17,3145,1,3163,G
2-PB1,1692,3034,0,4,0,3038,A
2-PB1,1693,0,15,3037,0,3052,G
2-PB1,1694,3012,1,3,2,3018,A
2-PB1,1695,1,2,0,3019,3022,C
2-PB1,1696,3014,0,4,0,3018,A
2-PB1,1697,0,3,1,3070,3074,C
2-PB1,1698,3072,2,1,0,3075,A
2-PB1,1699,3,2,0,3064,3069,C
2-PB1,1700,3041,1,1,0,3043,A
2-PB1,1701,3067,0,3,0,3070,A
2-PB1,1702,3092,0,3,1,3096,A
2-PB1,1703,0,3086,0,0,3086,T
2-PB1,1704,13,0,0,3076,3089,C
2-PB1,1705,6,4,0,3079,3089,C
2-PB1,1706,3038,0,4,0,3042,A
2-PB1,1707,1,4,3054,0,3059,G
2-PB1,1708,3047,0,5,0,3052,A
2-PB1,1709,2,1,0,3085,3088,C
2-PB1,1710,2,10,3069,0,3081,G
2-PB1,1711,3051,0,4,1,3056,A
2-PB1,1712,3,7,3053,0,3063,G
2-PB1,1713,3062,1,2,0,3065,A
2-PB1,1714,3056,0,5,0,3061,A
2-PB1,1715,1,7,3068,0,3076,G
2-PB1,1716,3061,1,3,0,3065,A
2-PB1,1717,0,3056,0,4,3060,T
2-PB1,1718,18,0,0,3032,3050,C
2-PB1,1719,3049,0,1,0,3050,A
2-PB1,1720,0,3045,2,3,3050,T
2-PB1,1721,0,3035,0,1,3036,T
2-PB1,1722,8,4,0,3033,3045,C
2-PB1,1723,0,13,3033,0,3046,G
2-PB1,1724,3022,0,2,0,3024,A
2-PB1,1725,0,5,3019,0,3024,G
2-PB1,1726,3008,0,2,0,3010,A
2-PB1,1727,0,3118,0,1,3119,T
2-PB1,1728,3124,1,2,0,3127,A
2-PB1,1729,3125,0,1,0,3126,A
2-PB1,1730,3127,1,3,0,3131,A
2-PB1,1731,4,4,3139,0,3147,G
2-PB1,1732,3133,2,3,0,3138,A
2-PB1,1733,3067,0,5,0,3072,A
2-PB1,1734,12,1,3072,0,3085,G
2-PB1,1735,0,1,0,3091,3092,C
2-PB1,1736,0,3042,0,2,3044,T
2-PB1,1737,0,0,3051,0,3051,G
2-PB1,1738,0,3026,0,1,3027,T
2-PB1,1739,1,14,2992,0,3007,G
2-PB1,1740,0,7,3015,0,3022,G
2-PB1,1741,2,7,3034,0,3043,G
2-PB1,1742,3045,0,5,0,3050,A
2-PB1,1743,0,3017,0,3,3020,T
2-PB1,1744,18,0,0,2995,3013,C
2-PB1,1745,3012,0,1,0,3013,A
2-PB1,1746,3033,0,1,0,3034,A
2-PB1,1747,3039,0,5,0,3044,A
2-PB1,1748,7,1,0,3034,3042,C
2-PB1,1749,7,0,0,3010,3017,C
2-PB1,1750,14,0,1,3009,3024,C
2-PB1,1751,3027,0,0,0,3027,A
2-PB1,1752,3084,0,2,1,3087,A
2-PB1,1753,0,3068,0,4,3072,T
2-PB1,1754,10,0,0,3077,3087,C
2-PB1,1755,3047,1,1,0,3049,A
2-PB1,1756,3026,0,8,0,3034,A
2-PB1,1757,24,6,3034,0,3064,G
2-PB1,1758,0,4,3051,1,3056,G
2-PB1,1759,0,2,3049,0,3051,G
2-PB1,1760,1,2,1,3037,3041,C
2-PB1,1761,2972,1,5,0,2978,A
2-PB1,1762,1,7,3058,0,3066,G
2-PB1,1763,1,10,3073,0,3084,G
2-PB1,1764,3091,0,4,0,3095,A
2-PB1,1765,2,0,0,3115,3117,C
2-PB1,1766,0,3037,0,2,3039,T
2-PB1,1767,3120,0,3,0,3123,A
2-PB1,1768,0,3093,0,11,3104,T
2-PB1,1769,0,3112,0,1,3113,T
2-PB1,1770,0,14,3110,0,3124,G
2-PB1,1771,1,3,3112,0,3116,G
2-PB1,1772,1,3070,0,3,3074,T
2-PB1,1773,3050,1,7,0,3058,A
2-PB1,1774,2,3005,0,4,3011,T
2-PB1,1775,5,1,1,3018,3025,C
2-PB1,1776,2953,0,1,0,2954,A
2-PB1,1777,0,3,2974,0,2977,G
2-PB1,1778,2962,0,2,0,2964,A
2-PB1,1779,0,2938,0,8,2946,T
2-PB1,1780,1,10,2816,0,2827,G
2-PB1,1781,0,8,2807,0,2815,G
2-PB1,1782,0,8,2808,0,2816,G
2-PB1,1783,1,8,2817,0,2826,G
2-PB1,1784,0,16,2808,0,2824,G
2-PB1,1785,2802,0,5,0,2807,A
2-PB1,1786,3,0,0,2785,2788,C
2-PB1,1787,11,2,1,2755,2769,C
2-PB1,1788,2770,0,0,0,2770,A
2-PB1,1789,2995,1,1,0,2997,A
2-PB1,1790,2999,1,4,0,3004,A
2-PB1,1791,0,2,0,3088,3090,C
2-PB1,1792,0,3036,1,3,3040,T
2-PB1,1793,0,3031,0,1,3032,T
2-PB1,1794,3054,0,0,0,3054,A
2-PB1,1795,0,3054,0,2,3056,T
2-PB1,1796,3063,1,3,0,3067,A
2-PB1,1797,2,2,0,3068,3072,C
2-PB1,1798,2813,2,3,0,2818,A
2-PB1,1799,2823,0,4,1,2828,A
2-PB1,1800,2,2747,0,0,2749,T
2-PB1,1801,2781,1,2,0,2784,A
2-PB1,1802,0,2779,0,1,2780,T
2-PB1,1803,5,1,0,2761,2767,C
2-PB1,1804,8,4,0,2759,2771,C
2-PB1,1805,0,2,2767,0,2769,G
2-PB1,1806,2,13,2763,0,2778,G
2-PB1,1807,2780,0,3,0,2783,A
2-PB1,1808,2784,1,2,0,2787,A
2-PB1,1809,0,2782,0,2,2784,T
2-PB1,1810,7,1,1,2798,2807,C
2-PB1,1811,0,2783,0,2,2785,T
2-PB1,1812,0,2806,0,0,2806,T
2-PB1,1813,5,3,0,2796,2804,C
2-PB1,1814,2800,0,5,0,2805,A
2-PB1,1815,0,2,0,2811,2813,C
2-PB1,1816,2794,0,0,0,2794,A
2-PB1,1817,0,3027,0,0,3027,T
2-PB1,1818,8,1,0,3016,3025,C
2-PB1,1819,10,0,0,3022,3032,C
2-PB1,1820,6,0,0,3038,3044,C
2-PB1,1821,1,3039,0,7,3047,T
2-PB1,1822,1,5,3039,1,3046,G
2-PB1,1823,3043,0,2,0,3045,A
2-PB1,1824,3035,0,2,0,3037,A
2-PB1,1825,1,1,3037,0,3039,G
2-PB1,1826,0,2870,0,3,2873,T
2-PB1,1827,10,0,0,2869,2879,C
2-PB1,1828,0,2816,0,4,2820,T
2-PB1,1829,1,3,2927,0,2931,G
2-PB1,1830,0,0,0,2928,2928,C
2-PB1,1831,0,2922,1,3,2926,T
2-PB1,1832,0,2931,0,2,2933,T
2-PB1,1833,2923,0,2,0,2925,A
2-PB1,1834,2926,1,2,1,2930,A
2-PB1,1835,2943,0,4,0,2947,A
2-PB1,1836,2,2,2961,0,2965,G
2-PB1,1837,1,2915,0,7,2923,T
2-PB1,1838,2,8,2858,0,2868,G
2-PB1,1839,0,12,2842,0,2854,G
2-PB1,1840,3,8,2857,0,2868,G
2-PB1,1841,2859,1,7,0,2867,A
2-PB1,1842,1,1,2877,0,2879,G
2-PB1,1843,8,2,0,2854,2864,C
2-PB1,1844,0,2840,0,5,2845,T
2-PB1,1845,1,10,2837,0,2848,G
2-PB1,1846,2838,0,1,1,2840,A
2-PB1,1847,0,2845,0,0,2845,T
2-PB1,1848,2,12,2831,0,2845,G
2-PB1,1849,2,3,2849,0,2854,G
2-PB1,1850,2846,0,8,1,2855,A
2-PB1,1851,0,2846,0,2,2848,T
2-PB1,1852,2,17,2825,0,2844,G
2-PB1,1853,2829,1,4,1,2835,A
2-PB1,1854,0,12,2878,0,2890,G
2-PB1,1855,2879,2,3,0,2884,A
2-PB1,1856,2885,1,2,0,2888,A
2-PB1,1857,0,2867,0,1,2868,T
2-PB1,1858,0,2841,0,2,2843,T
2-PB1,1859,2844,0,1,0,2845,A
2-PB1,1860,2,2844,1,0,2847,T
2-PB1,1861,10,1,0,2830,2841,C
2-PB1,1862,1,5,2851,0,2857,G
2-PB1,1863,1,7,2829,0,2837,G
2-PB1,1864,0,5,2818,0,2823,G
2-PB1,1865,1,8,2821,0,2830,G
2-PB1,1866,2826,0,1,0,2827,A
2-PB1,1867,2813,2,8,0,2823,A
2-PB1,1868,4,5,2837,0,2846,G
2-PB1,1869,2873,0,2,0,2875,A
2-PB1,1870,2,1,0,2895,2898,C
2-PB1,1871,1,2853,1,3,2858,T
2-PB1,1872,0,2911,0,0,2911,T
2-PB1,1873,0,2918,0,0,2918,T
2-PB1,1874,0,3,2942,0,2945,G
2-PB1,1875,0,2941,0,3,2944,T
2-PB1,1876,2929,0,3,0,2932,A
2-PB1,1877,2911,0,4,1,2916,A
2-PB1,1878,0,2854,0,3,2857,T
2-PB1,1879,9,2,0,2851,2862,C
2-PB1,1880,8,0,1,2856,2865,C
2-PB1,1881,14,1,0,2815,2830,C
2-PB1,1882,4,0,1,2837,2842,C
2-PB1,1883,0,2827,0,2,2829,T
2-PB1,1884,2,14,2816,0,2832,G
2-PB1,1885,2823,0,5,0,2828,A
2-PB1,1886,2841,0,0,0,2841,A
2-PB1,1887,1,2839,0,1,2841,T
2-PB1,1888,8,0,1,2815,2824,C
2-PB1,1889,7,1,0,2813,2821,C
2-PB1,1890,6,2,1,2797,2806,C
2-PB1,1891,0,2778,1,5,2784,T
2-PB1,1892,1,2785,1,1,2788,T
2-PB1,1893,0,2775,0,4,2779,T
2-PB1,1894,0,0,2791,0,2791,G
2-PB1,1895,0,2765,0,8,2773,T
2-PB1,1896,11,1,0,2766,2778,C
2-PB1,1897,2739,0,6,0,2745,A
2-PB1,1898,0,2,2802,1,2805,G
2-PB1,1899,3,1,0,2805,2809,C
2-PB1,1900,11,3,0,2780,2794,C
2-PB1,1901,2802,0,0,1,2803,A
2-PB1,1902,0,2803,0,1,2804,T
2-PB1,1903,2805,0,1,0,2806,A
2-PB1,1904,2802,0,7,0,2809,A
2-PB1,1905,2800,1,5,0,2806,A
2-PB1,1906,0,8,2822,0,2830,G
2-PB1,1907,2731,2,1,0,2734,A
2-PB1,1908,2746,0,1,0,2747,A
2-PB1,1909,2745,1,2,0,2748,A
2-PB1,1910,0,2745,1,2,2748,T
2-PB1,1911,0,2743,0,1,2744,T
2-PB1,1912,0,15,2728,0,2743,G
2-PB1,1913,2724,1,1,0,2726,A
2-PB1,1914,2684,0,2,0,2686,A
2-PB1,1915,0,2789,0,2,2791,T
2-PB1,1916,6,0,0,2808,2814,C
2-PB1,1917,0,2811,0,1,2812,T
2-PB1,1918,3,6,2875,0,2884,G
2-PB1,1919,0,2883,1,0,2884,T
2-PB1,1920,2918,0,0,1,2919,A
2-PB1,1921,2917,0,2,0,2919,A
2-PB1,1922,2916,1,4,1,2922,A
2-PB1,1923,2,1,0,2937,2940,C
2-PB1,1924,2843,0,2,0,2845,A
2-PB1,1925,2938,0,0,0,2938,A
2-PB1,1926,0,2937,0,4,2941,T
2-PB1,1927,2,6,2930,0,2938,G
2-PB1,1928,0,1,0,2967,2968,C
2-PB1,1929,0,2933,0,2,2935,T
2-PB1,1930,4,1,3042,1,3048,G
2-PB1,1931,0,3049,1,1,3051,T
2-PB1,1932,3106,0,2,0,3108,A
2-PB1,1933,0,0,3121,0,3121,G
2-PB1,1934,0,3023,0,0,3023,T
2-PB1,1935,3004,0,5,0,3009,A
2-PB1,1936,2989,1,1,1,2992,A
2-PB1,1937,1,2970,0,0,2971,T
2-PB1,1938,2,3,2962,0,2967,G
2-PB1,1939,3,0,0,2898,2901,C
2-PB1,1940,8,0,0,2852,2860,C
2-PB1,1941,2810,1,1,0,2812,A
2-PB1,1942,1,1,2826,0,2828,G
2-PB1,1943,2,0,0,2906,2908,C
2-PB1,1944,7,1,0,2887,2895,C
2-PB1,1945,14,2,1,2878,2895,C
2-PB1,1946,2877,0,3,0,2880,A
2-PB1,1947,0,2884,0,2,2886,T
2-PB1,1948,0,4,2881,0,2885,G
2-PB1,1949,2,4,2887,0,2893,G
2-PB1,1950,0,2878,0,3,2881,T
2-PB1,1951,11,1,0,2847,2859,C
2-PB1,1952,4,1,0,2759,2764,C
2-PB1,1953,4,4,2789,0,2797,G
2-PB1,1954,4,0,2802,1,2807,G
2-PB1,1955,2,1,0,2797,2800,C
2-PB1,1956,10,0,0,2799,2809,C
2-PB1,1957,2806,0,1,1,2808,A
2-PB1,1958,2813,0,1,0,2814,A
2-PB1,1959,2809,0,5,0,2814,A
2-PB1,1960,2816,1,11,0,2828,A
2-PB1,1961,1,1,2881,1,2884,G
2-PB1,1962,0,2797,0,0,2797,T
2-PB1,1963,2815,0,1,0,2816,A
2-PB1,1964,0,2810,0,2,2812,T
2-PB1,1965,3,5,2809,0,2817,G
2-PB1,1966,0,8,2861,1,2870,G
2-PB1,1967,2842,1,1,0,2844,A
2-PB1,1968,2884,0,2,0,2886,A
2-PB1,1969,1,2873,0,0,2874,T
2-PB1,1970,2829,1,4,0,2834,A
2-PB1,1971,0,2826,0,1,2827,T
2-PB1,1972,1,5,2799,0,2805,G
2-PB1,1973,2800,0,5,0,2805,A
2-PB1,1974,1,2797,0,4,2802,T
2-PB1,1975,0,1,2708,0,2709,G
2-PB1,1976,1,4,1,2711,2717,C
2-PB1,1977,7,1,2,2671,2681,C
2-PB1,1978,6,1,2691,0,2698,G
2-PB1,1979,0,2683,1,1,2685,T
2-PB1,1980,0,2686,0,1,2687,T
2-PB1,1981,2,2,2692,1,2697,G
2-PB1,1982,1,3,1,2754,2759,C
2-PB1,1983,2751,1,4,0,2756,A
2-PB1,1984,2787,0,3,0,2790,A
2-PB1,1985,2,0,0,2797,2799,C
2-PB1,1986,0,2779,0,3,2782,T
2-PB1,1987,2791,2,0,0,2793,A
2-PB1,1988,3,3,0,2786,2792,C
2-PB1,1989,2782,0,3,0,2785,A
2-PB1,1990,2,0,0,2792,2794,C
2-PB1,1991,2685,1,1,0,2687,A
2-PB1,1992,3,0,0,2892,2895,C
2-PB1,1993,0,2851,0,3,2854,T
2-PB1,1994,13,5,0,2850,2868,C
2-PB1,1995,7,0,1,2863,2871,C
2-PB1,1996,0,2853,0,3,2856,T
2-PB1,1997,1,5,2854,0,2860,G
2-PB1,1998,0,9,2841,1,2851,G
2-PB1,1999,2847,0,3,0,2850,A
2-PB1,2000,1,2850,0,0,2851,T
2-PB1,2001,1,2612,0,4,2617,T
2-PB1,2002,7,0,0,2642,2649,C
2-PB1,2003,5,2,0,2629,2636,C
2-PB1,2004,6,3,0,2632,2641,C
2-PB1,2005,2653,1,2,0,2656,A
2-PB1,2006,2652,0,1,0,2653,A
2-PB1,2007,2,4,2650,1,2657,G
2-PB1,2008,2637,0,4,0,2641,A
2-PB1,2009,2,6,2627,1,2636,G
2-PB1,2010,0,13,2632,0,2645,G
2-PB1,2011,2600,0,4,0,2604,A
2-PB1,2012,2600,0,5,0,2605,A
2-PB1,2013,1,1,0,2607,2609,C
2-PB1,2014,3,1,0,2578,2582,C
2-PB1,2015,2,1,2631,0,2634,G
2-PB1,2016,1,0,0,2631,2632,C
2-PB1,2017,1,2620,0,4,2625,T
2-PB1,2018,14,0,0,2625,2639,C
2-PB1,2019,1,2617,0,3,2621,T
2-PB1,2020,2823,0,0,0,2823,A
2-PB1,2021,0,2813,1,6,2820,T
2-PB1,2022,0,2828,0,4,2832,T
2-PB1,2023,7,1,0,2831,2839,C
2-PB1,2024,0,2727,0,1,2728,T
2-PB1,2025,2725,0,0,0,2725,A
2-PB1,2026,2718,0,2,0,2720,A
2-PB1,2027,2714,0,3,0,2717,A
2-PB1,2028,0,1,1,2714,2716,C
2-PB1,2029,2519,0,1,0,2520,A
2-PB1,2030,1,0,0,2517,2518,C
2-PB1,2031,2484,0,2,0,2486,A
2-PB1,2032,2517,0,5,0,2522,A
2-PB1,2033,2,0,2518,0,2520,G
2-PB1,2034,5,0,0,2528,2533,C
2-PB1,2035,5,0,0,2531,2536,C
2-PB1,2036,2510,0,1,0,2511,A
2-PB1,2037,2513,0,1,0,2514,A
2-PB1,2038,2505,1,7,0,2513,A
2-PB1,2039,0,6,2530,1,2537,G
2-PB1,2040,1,6,2526,0,2533,G
2-PB1,2041,0,4,2484,0,2488,G
2-PB1,2042,3,9,2484,0,2496,G
2-PB1,2043,2470,0,2,0,2472,A
2-PB1,2044,2484,1,0,0,2485,A
2-PB1,2045,1,2478,0,1,2480,T
2-PB1,2046,0,2475,0,2,2477,T
2-PB1,2047,8,0,0,2491,2499,C
2-PB1,2048,1,2464,0,4,2469,T
2-PB1,2049,0,2472,0,0,2472,T
2-PB1,2050,0,5,2472,0,2477,G
2-PB1,2051,2471,0,4,0,2475,A
2-PB1,2052,1,7,2483,0,2491,G
2-PB1,2053,1,5,2483,0,2489,G
2-PB1,2054,2490,0,2,0,2492,A
2-PB1,2055,2,2473,0,1,2476,T
2-PB1,2056,0,22,2475,0,2497,G
2-PB1,2057,2490,0,2,0,2492,A
2-PB1,2058,2484,1,4,0,2489,A
2-PB1,2059,1,1,0,2502,2504,C
2-PB1,2060,2475,0,2,0,2477,A
2-PB1,2061,0,3,2517,0,2520,G
2-PB1,2062,2499,0,4,0,2503,A
2-PB1,2063,0,2491,0,3,2494,T
2-PB1,2064,3,1,2517,0,2521,G
2-PB1,2065,0,2568,0,1,2569,T
2-PB1,2066,2582,0,1,0,2583,A
2-PB1,2067,4,1,0,2575,2580,C
2-PB1,2068,10,1,1,2558,2570,C
2-PB1,2069,2542,0,3,1,2546,A
2-PB1,2070,0,5,2527,0,2532,G
2-PB1,2071,2486,0,0,1,2487,A
2-PB1,2072,2480,1,3,0,2484,A
2-PB1,2073,1,2,2494,0,2497,G
2-PB1,2074,0,2353,2,3,2358,T
2-PB1,2075,0,4,2368,0,2372,G
2-PB1,2076,3,0,0,2367,2370,C
2-PB1,2077,1,2360,1,2,2364,T
2-PB1,2078,1,1,2360,0,2362,G
2-PB1,2079,4,0,1,2346,2351,C
2-PB1,2080,2350,0,1,0,2351,A
2-PB1,2081,2352,0,0,0,2352,A
2-PB1,2082,3,0,0,2296,2299,C
2-PB1,2083,0,2293,0,4,2297,T
2-PB1,2084,0,2271,0,0,2271,T
2-PB1,2085,1,3,2269,0,2273,G
2-PB1,2086,0,2267,0,1,2268,T
2-PB1,2087,0,2266,0,2,2268,T
2-PB1,2088,15,0,0,2248,2263,C
2-PB1,2089,0,7,2252,0,2259,G
2-PB1,2090,2259,1,1,0,2261,A
2-PB1,2091,2,6,2253,1,2262,G
2-PB1,2092,2256,0,0,0,2256,A
2-PB1,2093,2254,0,2,0,2256,A
2-PB1,2094,2258,0,0,0,2258,A
2-PB1,2095,1,2253,0,1,2255,T
2-PB1,2096,0,2255,0,1,2256,T
2-PB1,2097,0,2251,0,3,2254,T
2-PB1,2098,1,2257,0,1,2259,T
2-PB1,2099,2,2250,0,2,2254,T
2-PB1,2100,10,0,0,2263,2273,C
2-PB1,2101,5,0,0,2264,2269,C
2-PB1,2102,2,0,0,2276,2278,C
2-PB1,2103,0,2275,0,1,2276,T
2-PB1,2104,2273,2,0,0,2275,A
2-PB1,2105,0,2,2286,0,2288,G
2-PB1,2106,0,2287,0,0,2287,T
2-PB1,2107,2312,0,1,0,2313,A
2-PB1,2108,1,2,2321,0,2324,G
2-PB1,2109,0,2285,0,3,2288,T
2-PB1,2110,1,2382,1,4,2388,T
2-PB1,2111,28,1,0,2372,2401,C
2-PB1,2112,2464,0,1,0,2465,A
2-PB1,2113,0,2474,0,0,2474,T
2-PB1,2114,2476,0,4,0,2480,A
2-PB1,2115,0,2473,1,4,2478,T
2-PB1,2116,2385,0,2,0,2387,A
2-PB1,2117,4,0,2367,1,2372,G
2-PB1,2118,0,7,2347,0,2354,G
2-PB1,2119,2108,1,2,0,2111,A
2-PB1,2120,0,8,2095,0,2103,G
2-PB1,2121,1962,0,4,0,1966,A
2-PB1,2122,0,0,1,1957,1958,C
2-PB1,2123,6,3,0,1879,1888,C
2-PB1,2124,1,7,1878,0,1886,G
2-PB1,2125,1887,0,0,0,1887,A
2-PB1,2126,0,1874,0,0,1874,T
2-PB1,2127,0,1879,0,1,1880,T
2-PB1,2128,0,4,1876,1,1881,G
2-PB1,2129,0,7,1875,0,1882,G
2-PB1,2130,1886,1,1,0,1888,A
2-PB1,2131,1891,0,0,0,1891,A
2-PB1,2132,1,1881,0,1,1883,T
2-PB1,2133,0,1887,0,1,1888,T
2-PB1,2134,1,1879,0,2,1882,T
2-PB1,2135,7,0,0,1875,1882,C
2-PB1,2136,0,1881,1,1,1883,T
2-PB1,2137,1871,1,1,1,1874,A
2-PB1,2138,0,0,1884,0,1884,G
2-PB1,2139,3,1,0,1876,1880,C
2-PB1,2140,1879,0,2,0,1881,A
2-PB1,2141,1,1876,0,2,1879,T
2-PB1,2142,5,8,1839,3,1855,G
2-PB1,2143,0,1,1913,0,1914,G
2-PB1,2144,0,1905,0,2,1907,T
2-PB1,2145,1,4,1901,1,1907,G
2-PB1,2146,3,5,1900,0,1908,G
2-PB1,2147,1883,0,3,0,1886,A
2-PB1,2148,1,0,1895,0,1896,G
2-PB1,2149,0,0,1893,0,1893,G
2-PB1,2150,3,0,0,1880,1883,C
2-PB1,2151,7,1,0,1865,1873,C
2-PB1,2152,1764,0,2,0,1766,A
2-PB1,2153,0,1761,0,2,1763,T
2-PB1,2154,1,2,1775,0,1778,G
2-PB1,2155,0,0,1794,0,1794,G
2-PB1,2156,1,1738,0,2,1741,T
2-PB1,2157,2,0,1752,0,1754,G
2-PB1,2158,1,1718,0,4,1723,T
2-PB1,2159,12,0,0,1702,1714,C
2-PB1,2160,0,1702,2,3,1707,T
2-PB1,2161,1688,0,1,0,1689,A
2-PB1,2162,2,4,1681,0,1687,G
2-PB1,2163,0,1,1657,0,1658,G
2-PB1,2164,1,0,1636,0,1637,G
2-PB1,2165,0,1,0,1608,1609,C
2-PB1,2166,2,0,0,1560,1562,C
2-PB1,2167,4,1,0,1534,1539,C
2-PB1,2168,4,6,1529,0,1539,G
2-PB1,2169,0,2,1544,0,1546,G
2-PB1,2170,1548,0,0,0,1548,A
2-PB1,2171,0,1541,0,0,1541,T
2-PB1,2172,0,1482,0,0,1482,T
2-PB1,2173,0,1,1470,0,1471,G
2-PB1,2174,1463,0,3,0,1466,A
2-PB1,2175,0,1472,0,1,1473,T
2-PB1,2176,1,0,1468,0,1469,G
2-PB1,2177,2,0,0,1458,1460,C
2-PB1,2178,3,0,0,1448,1451,C
2-PB1,2179,1443,1,1,0,1445,A
2-PB1,2180,0,2,1445,0,1447,G
2-PB1,2181,1450,1,0,0,1451,A
2-PB1,2182,1447,0,1,0,1448,A
2-PB1,2183,0,1448,0,1,1449,T
2-PB1,2184,0,1416,0,2,1418,T
2-PB1,2185,0,8,1410,0,1418,G
2-PB1,2186,1408,0,2,0,1410,A
2-PB1,2187,0,0,0,1409,1409,C
2-PB1,2188,0,1404,0,0,1404,T
2-PB1,2189,0,1396,0,2,1398,T
2-PB1,2190,2,0,0,1391,1393,C
2-PB1,2191,1,4,1384,0,1389,G
2-PB1,2192,1388,0,2,0,1390,A
2-PB1,2193,6,1,1360,0,1367,G
2-PB1,2194,1,1386,0,2,1389,T
2-PB1,2195,10,1,0,1379,1390,C
2-PB1,2196,0,1388,0,2,1390,T
2-PB1,2197,0,3,1385,0,1388,G
2-PB1,2198,0,1,1386,0,1387,G
2-PB1,2199,1385,1,0,0,1386,A
2-PB1,2200,1290,0,1,0,1291,A
2-PB1,2201,0,3,1295,0,1298,G
2-PB1,2202,0,5,1313,0,1318,G
2-PB1,2203,1319,0,1,0,1320,A
2-PB1,2204,0,1315,0,0,1315,T
2-PB1,2205,0,1313,0,0,1313,T
2-PB1,2206,1307,0,1,0,1308,A
2-PB1,2207,1304,0,0,0,1304,A
2-PB1,2208,0,6,1306,0,1312,G
2-PB1,2209,1299,0,5,0,1304,A
2-PB1,2210,1250,0,1,0,1251,A
2-PB1,2211,1,3,1136,0,1140,G
2-PB1,2212,0,4,1145,0,1149,G
2-PB1,2213,1146,0,0,0,1146,A
2-PB1,2214,1143,0,2,0,1145,A
2-PB1,2215,0,2,1145,0,1147,G
2-PB1,2216,1098,0,0,0,1098,A
2-PB1,2217,0,0,1099,0,1099,G
2-PB1,2218,0,1056,0,0,1056,T
2-PB1,2219,0,1053,0,0,1053,T
2-PB1,2220,6,1,0,1057,1064,C
2-PB1,2221,0,1038,0,1,1039,T
2-PB1,2222,2,1,0,1035,1038,C
2-PB1,2223,0,1034,0,0,1034,T
2-PB1,2224,0,5,1025,0,1030,G
2-PB1,2225,1003,0,0,0,1003,A
2-PB1,2226,0,4,989,0,993,G
2-PB1,2227,979,0,0,0,979,A
2-PB1,2228,2,956,0,3,961,T
2-PB1,2229,5,1,1,912,919,C
2-PB1,2230,919,0,0,0,919,A
2-PB1,2231,0,915,0,0,915,T
2-PB1,2232,0,3,909,0,912,G
2-PB1,2233,908,0,2,0,910,A
2-PB1,2234,903,1,1,0,905,A
2-PB1,2235,0,2,892,0,894,G
2-PB1,2236,881,0,1,0,882,A
2-PB1,2237,1,876,0,0,877,T
2-PB1,2238,7,1,0,851,859,C
2-PB1,2239,0,796,0,3,799,T
2-PB1,2240,0,0,807,0,807,G
2-PB1,2241,1,801,0,0,802,T
2-PB1,2242,0,800,0,1,801,T
2-PB1,2243,4,1,0,788,793,C
2-PB1,2244,3,0,0,762,765,C
2-PB1,2245,760,0,1,0,761,A
2-PB1,2246,0,0,0,765,765,C
2-PB1,2247,5,0,0,720,725,C
2-PB1,2248,709,1,0,0,710,A
2-PB1,2249,0,668,0,1,669,T
2-PB1,2250,0,653,0,0,653,T
2-PB1,2251,0,0,652,0,652,G
2-PB1,2252,650,0,0,0,650,A
2-PB1,2253,647,0,1,0,648,A
2-PB1,2254,1,3,644,0,648,G
2-PB1,2255,576,0,1,0,577,A
2-PB1,2256,574,0,1,0,575,A
2-PB1,2257,2,0,0,570,572,C
2-PB1,2258,0,551,0,0,551,T
2-PB1,2259,2,0,0,549,551,C
2-PB1,2260,522,0,1,0,523,A
2-PB1,2261,0,1,523,0,524,G
2-PB1,2262,522,0,1,0,523,A
2-PB1,2263,1,1,1,504,507,C
2-PB1,2264,0,3,498,0,501,G
2-PB1,2265,1,1,483,0,485,G
2-PB1,2266,0,0,1,483,484,C
2-PB1,2267,481,0,2,0,483,A
2-PB1,2268,481,0,0,0,481,A
2-PB1,2269,477,0,0,0,477,A
2-PB1,2270,476,0,0,0,476,A
2-PB1,2271,475,0,0,0,475,A
2-PB1,2272,0,466,0,0,466,T
2-PB1,2273,440,0,0,0,440,A
2-PB1,2274,441,0,0,0,441,A
3-PA,1,87,0,0,0,87,A
3-PA,2,0,87,0,0,87,T
3-PA,3,0,0,93,0,93,G
3-PA,4,0,0,95,0,95,G
3-PA,5,95,0,0,0,95,A
3-PA,6,96,0,0,0,96,A
3-PA,7,0,0,98,0,98,G
3-PA,8,101,0,0,0,101,A
3-PA,9,0,101,0,0,101,T
3-PA,10,0,100,0,0,100,T
3-PA,11,0,107,0,0,107,T
3-PA,12,0,107,0,0,107,T
3-PA,13,0,0,110,0,110,G
3-PA,14,0,110,0,0,110,T
3-PA,15,0,0,111,0,111,G
3-PA,16,0,0,0,115,115,C
3-PA,17,0,2,113,0,115,G
3-PA,18,127,0,1,1,129,A
3-PA,19,0,0,0,131,131,C
3-PA,20,131,0,0,0,131,A
3-PA,21,131,0,1,0,132,A
3-PA,22,0,132,0,0,132,T
3-PA,23,0,0,149,0,149,G
3-PA,24,0,1,0,154,155,C
3-PA,25,0,156,0,0,156,T
3-PA,26,0,156,0,0,156,T
3-PA,27,0,0,0,160,160,C
3-PA,28,164,0,0,0,164,A
3-PA,29,172,0,0,0,172,A
3-PA,30,0,0,0,179,179,C
3-PA,31,0,0,0,179,179,C
3-PA,32,0,0,0,181,181,C
3-PA,33,0,1,186,0,187,G
3-PA,34,189,0,0,0,189,A
3-PA,35,0,188,0,1,189,T
3-PA,36,0,3,189,0,192,G
3-PA,37,192,0,0,0,192,A
3-PA,38,0,194,0,0,194,T
3-PA,39,0,194,0,0,194,T
3-PA,40,0,0,196,0,196,G
3-PA,41,0,195,0,1,196,T
3-PA,42,1,0,0,194,195,C
3-PA,43,0,1,195,0,196,G
3-PA,44,197,0,0,0,197,A
3-PA,45,197,0,0,0,197,A
3-PA,46,0,0,0,197,197,C
3-PA,47,0,197,0,0,197,T
3-PA,48,0,196,0,0,196,T
3-PA,49,0,0,196,0,196,G
3-PA,50,0,0,0,199,199,C
3-PA,51,199,0,0,0,199,A
3-PA,52,0,0,204,0,204,G
3-PA,53,202,0,1,0,203,A
3-PA,54,203,0,0,0,203,A
3-PA,55,203,0,0,0,203,A
3-PA,56,201,0,0,0,201,A
3-PA,57,204,0,0,0,204,A
3-PA,58,0,0,204,0,204,G
3-PA,59,0,0,0,208,208,C
3-PA,60,208,0,0,0,208,A
3-PA,61,222,0,0,0,222,A
3-PA,62,0,224,0,0,224,T
3-PA,63,0,1,229,0,230,G
3-PA,64,235,0,1,0,236,A
3-PA,65,236,0,0,0,236,A
3-PA,66,237,0,1,0,238,A
3-PA,67,0,1,251,0,252,G
3-PA,68,266,0,1,0,267,A
3-PA,69,0,0,312,0,312,G
3-PA,70,0,310,0,0,310,T
3-PA,71,308,0,1,0,309,A
3-PA,72,0,309,0,0,309,T
3-PA,73,1,1,304,0,306,G
3-PA,74,0,0,308,0,308,G
3-PA,75,0,0,307,0,307,G
3-PA,76,1,2,306,0,309,G
3-PA,77,303,0,0,0,303,A
3-PA,78,0,1,299,0,300,G
3-PA,79,0,1,305,0,306,G
3-PA,80,305,0,0,0,305,A
3-PA,81,0,310,0,0,310,T
3-PA,82,0,0,0,311,311,C
3-PA,83,0,308,0,0,308,T
3-PA,84,0,1,311,0,312,G
3-PA,85,309,0,0,0,309,A
3-PA,86,313,0,0,0,313,A
3-PA,87,312,0,0,0,312,A
3-PA,88,310,0,0,0,310,A
3-PA,89,0,310,0,1,311,T
3-PA,90,0,310,0,0,310,T
3-PA,91,0,2,307,0,309,G
3-PA,92,309,0,0,0,309,A
3-PA,93,309,1,0,0,310,A
3-PA,94,311,0,0,0,311,A
3-PA,95,0,0,0,314,314,C
3-PA,96,316,0,0,0,316,A
3-PA,97,318,0,0,0,318,A
3-PA,98,318,0,1,0,319,A
3-PA,99,1,0,0,322,323,C
3-PA,100,323,0,0,0,323,A
3-PA,101,320,0,0,0,320,A
3-PA,102,320,0,0,0,320,A
3-PA,103,0,322,0,0,322,T
3-PA,104,0,323,0,0,323,T
3-PA,105,0,321,0,1,322,T
3-PA,106,0,0,322,0,322,G
3-PA,107,0,3,0,318,321,C
3-PA,108,323,0,0,0,323,A
3-PA,109,0,0,334,0,334,G
3-PA,110,1,0,0,334,335,C
3-PA,111,353,0,0,0,353,A
3-PA,112,359,0,0,0,359,A
3-PA,113,0,360,0,0,360,T
3-PA,114,366,0,1,0,367,A
3-PA,115,0,367,0,0,367,T
3-PA,116,0,3,366,0,369,G
3-PA,117,1,0,0,369,370,C
3-PA,118,368,0,0,0,368,A
3-PA,119,0,0,0,376,376,C
3-PA,120,0,368,0,3,371,T
3-PA,121,8,0,0,446,454,C
3-PA,122,461,0,1,0,462,A
3-PA,123,0,0,0,478,478,C
3-PA,124,0,474,0,1,475,T
3-PA,125,0,474,0,0,474,T
3-PA,126,0,1,473,0,474,G
3-PA,127,0,0,471,0,471,G
3-PA,128,470,0,0,0,470,A
3-PA,129,0,2,480,0,482,G
3-PA,130,0,2,478,0,480,G
3-PA,131,0,468,0,1,469,T
3-PA,132,0,0,484,0,484,G
3-PA,133,0,484,0,0,484,T
3-PA,134,0,0,499,0,499,G
3-PA,135,0,497,0,0,497,T
3-PA,136,0,499,0,1,500,T
3-PA,137,0,503,0,0,503,T
3-PA,138,1,0,0,507,508,C
3-PA,139,508,0,0,0,508,A
3-PA,140,0,508,0,0,508,T
3-PA,141,0,2,524,0,526,G
3-PA,142,0,524,0,0,524,T
3-PA,143,526,0,2,0,528,A
3-PA,144,0,528,0,0,528,T
3-PA,145,0,527,0,0,527,T
3-PA,146,0,0,0,530,530,C
3-PA,147,524,1,0,0,525,A
3-PA,148,0,2,528,1,531,G
3-PA,149,531,0,0,0,531,A
3-PA,150,1,531,0,0,532,T
3-PA,151,0,528,0,1,529,T
3-PA,152,0,531,0,0,531,T
3-PA,153,2,0,0,526,528,C
3-PA,154,2,0,0,553,555,C
3-PA,155,554,0,0,0,554,A
3-PA,156,0,554,0,0,554,T
3-PA,157,0,548,0,2,550,T
3-PA,158,0,551,0,0,551,T
3-PA,159,5,0,0,546,551,C
3-PA,160,540,0,11,0,551,A
3-PA,161,0,572,0,1,573,T
3-PA,162,1,1,0,573,575,C
3-PA,163,570,0,1,0,571,A
3-PA,164,573,0,0,0,573,A
3-PA,165,0,573,0,1,574,T
3-PA,166,0,3,591,0,594,G
3-PA,167,592,1,1,0,594,A
3-PA,168,591,0,2,0,593,A
3-PA,169,0,0,1,592,593,C
3-PA,170,586,0,0,0,586,A
3-PA,171,585,0,1,0,586,A
3-PA,172,0,1,590,0,591,G
3-PA,173,0,0,592,1,593,G
3-PA,174,1,0,0,590,591,C
3-PA,175,0,0,587,0,587,G
3-PA,176,619,0,0,0,619,A
3-PA,177,620,0,1,0,621,A
3-PA,178,0,618,0,0,618,T
3-PA,179,3,0,0,623,626,C
3-PA,180,624,0,0,0,624,A
3-PA,181,627,0,0,0,627,A
3-PA,182,0,631,0,0,631,T
3-PA,183,627,0,2,0,629,A
3-PA,184,3,0,641,0,644,G
3-PA,185,0,639,1,1,641,T
3-PA,186,1,2,643,0,646,G
3-PA,187,0,0,647,0,647,G
3-PA,188,0,642,0,0,642,T
3-PA,189,644,0,1,0,645,A
3-PA,190,0,5,648,0,653,G
3-PA,191,648,1,0,0,649,A
3-PA,192,650,0,1,0,651,A
3-PA,193,2,0,0,649,651,C
3-PA,194,0,645,0,0,645,T
3-PA,195,0,642,0,1,643,T
3-PA,196,1,5,638,0,644,G
3-PA,197,642,0,1,0,643,A
3-PA,198,0,1,0,642,643,C
3-PA,199,0,7,629,0,636,G
3-PA,200,651,0,0,0,651,A
3-PA,201,0,656,0,0,656,T
3-PA,202,3,0,0,663,666,C
3-PA,203,0,1,0,673,674,C
3-PA,204,679,0,0,0,679,A
3-PA,205,678,1,0,0,679,A
3-PA,206,677,1,2,0,680,A
3-PA,207,0,677,0,0,677,T
3-PA,208,0,4,677,1,682,G
3-PA,209,0,0,0,677,677,C
3-PA,210,665,0,2,0,667,A
3-PA,211,0,0,0,690,690,C
3-PA,212,0,679,0,0,679,T
3-PA,213,0,0,784,0,784,G
3-PA,214,0,785,0,0,785,T
3-PA,215,0,782,0,4,786,T
3-PA,216,785,0,0,0,785,A
3-PA,217,783,0,0,0,783,A
3-PA,218,782,0,1,0,783,A
3-PA,219,0,1,784,0,785,G
3-PA,220,1,0,0,769,770,C
3-PA,221,761,0,0,0,761,A
3-PA,222,0,1,0,757,758,C
3-PA,223,724,0,0,0,724,A
3-PA,224,1,1,756,0,758,G
3-PA,225,759,0,0,0,759,A
3-PA,226,0,759,0,0,759,T
3-PA,227,0,755,0,0,755,T
3-PA,228,0,753,0,0,753,T
3-PA,229,0,6,754,0,760,G
3-PA,230,758,0,1,0,759,A
3-PA,231,762,0,1,0,763,A
3-PA,232,765,0,0,0,765,A
3-PA,233,0,752,0,0,752,T
3-PA,234,741,0,0,0,741,A
3-PA,235,747,0,1,0,748,A
3-PA,236,0,752,0,0,752,T
3-PA,237,1,0,0,751,752,C
3-PA,238,0,2,750,0,752,G
3-PA,239,747,0,1,0,748,A
3-PA,240,1,3,750,1,755,G
3-PA,241,0,2,759,0,761,G
3-PA,242,0,4,758,0,762,G
3-PA,243,0,5,755,1,761,G
3-PA,244,753,0,1,0,754,A
3-PA,245,0,1,753,0,754,G
3-PA,246,768,0,0,0,768,A
3-PA,247,0,3,766,0,769,G
3-PA,248,769,0,2,0,771,A
3-PA,249,0,1,0,771,772,C
3-PA,250,762,0,1,0,763,A
3-PA,251,0,2,774,0,776,G
3-PA,252,778,0,1,0,779,A
3-PA,253,788,0,0,0,788,A
3-PA,254,1,1,0,788,790,C
3-PA,255,760,0,1,0,761,A
3-PA,256,760,0,1,0,761,A
3-PA,257,1,757,0,0,758,T
3-PA,258,0,2,791,0,793,G
3-PA,259,0,0,800,0,800,G
3-PA,260,0,0,0,790,790,C
3-PA,261,1,0,0,786,787,C
3-PA,262,0,779,0,1,780,T
3-PA,263,0,4,801,0,805,G
3-PA,264,1,3,794,0,798,G
3-PA,265,798,0,0,0,798,A
3-PA,266,0,1,0,802,803,C
3-PA,267,772,0,0,0,772,A
3-PA,268,0,0,845,1,846,G
3-PA,269,0,844,0,0,844,T
3-PA,270,862,0,0,0,862,A
3-PA,271,0,0,866,0,866,G
3-PA,272,0,845,0,0,845,T
3-PA,273,851,0,0,0,851,A
3-PA,274,852,0,0,0,852,A
3-PA,275,852,0,0,0,852,A
3-PA,276,0,1,0,862,863,C
3-PA,277,812,0,0,0,812,A
3-PA,278,0,0,838,0,838,G
3-PA,279,0,826,0,0,826,T
3-PA,280,840,0,0,0,840,A
3-PA,281,0,837,0,0,837,T
3-PA,282,2,0,0,849,851,C
3-PA,283,0,851,0,0,851,T
3-PA,284,1,0,852,0,853,G
3-PA,285,0,1,0,848,849,C
3-PA,286,841,0,1,0,842,A
3-PA,287,835,1,0,0,836,A
3-PA,288,0,0,0,844,844,C
3-PA,289,837,0,0,0,837,A
3-PA,290,0,0,0,862,862,C
3-PA,291,0,857,0,0,857,T
3-PA,292,861,0,1,0,862,A
3-PA,293,0,0,0,862,862,C
3-PA,294,0,857,0,1,858,T
3-PA,295,0,0,857,0,857,G
3-PA,296,0,2,856,0,858,G
3-PA,297,850,0,4,0,854,A
3-PA,298,0,0,855,0,855,G
3-PA,299,0,0,0,831,831,C
3-PA,300,2,825,0,1,828,T
3-PA,301,0,2,828,0,830,G
3-PA,302,0,1,827,0,828,G
3-PA,303,825,0,1,0,826,A
3-PA,304,830,0,0,0,830,A
3-PA,305,832,0,1,0,833,A
3-PA,306,828,0,2,0,830,A
3-PA,307,0,1,0,829,830,C
3-PA,308,5,2,1,821,829,C
3-PA,309,1,2,826,0,829,G
3-PA,310,826,0,0,0,826,A
3-PA,311,828,0,0,0,828,A
3-PA,312,1,0,833,0,834,G
3-PA,313,0,832,0,0,832,T
3-PA,314,0,831,0,0,831,T
3-PA,315,0,829,0,0,829,T
3-PA,316,4,0,0,835,839,C
3-PA,317,0,847,0,1,848,T
3-PA,318,850,0,0,0,850,A
3-PA,319,0,0,0,850,850,C
3-PA,320,3,1,0,840,844,C
3-PA,321,840,0,1,0,841,A
3-PA,322,0,0,840,0,840,G
3-PA,323,837,0,2,0,839,A
3-PA,324,0,0,0,820,820,C
3-PA,325,0,858,0,0,858,T
3-PA,326,0,863,0,0,863,T
3-PA,327,0,2,874,0,876,G
3-PA,328,0,878,0,0,878,T
3-PA,329,875,0,0,0,875,A
3-PA,330,0,878,0,2,880,T
3-PA,331,1,3,868,0,872,G
3-PA,332,909,0,4,0,913,A
3-PA,333,0,902,0,1,903,T
3-PA,334,2,901,0,1,904,T
3-PA,335,899,2,1,0,902,A
3-PA,336,0,0,0,903,903,C
3-PA,337,900,0,1,0,901,A
3-PA,338,898,0,1,0,899,A
3-PA,339,0,3,896,0,899,G
3-PA,340,0,4,900,0,904,G
3-PA,341,867,0,0,0,867,A
3-PA,342,0,3,877,0,880,G
3-PA,343,875,0,2,0,877,A
3-PA,344,874,0,2,0,876,A
3-PA,345,0,2,0,877,879,C
3-PA,346,867,0,0,0,867,A
3-PA,347,0,3,868,0,871,G
3-PA,348,863,1,0,0,864,A
3-PA,349,0,849,0,1,850,T
3-PA,350,1,848,0,0,849,T
3-PA,351,4,2,0,830,836,C
3-PA,352,0,0,838,0,838,G
3-PA,353,1,844,0,0,845,T
3-PA,354,4,0,0,841,845,C
3-PA,355,0,5,838,0,843,G
3-PA,356,844,0,0,0,844,A
3-PA,357,842,0,0,0,842,A
3-PA,358,846,0,0,0,846,A
3-PA,359,0,844,0,0,844,T
3-PA,360,0,841,0,0,841,T
3-PA,361,0,5,845,0,850,G
3-PA,362,0,2,844,0,846,G
3-PA,363,0,2,842,0,844,G
3-PA,364,0,2,853,0,855,G
3-PA,365,0,843,0,1,844,T
3-PA,366,3,4,852,0,859,G
3-PA,367,858,0,2,0,860,A
3-PA,368,0,0,0,867,867,C
3-PA,369,874,0,1,0,875,A
3-PA,370,869,0,1,0,870,A
3-PA,371,0,0,886,0,886,G
3-PA,372,0,2,886,0,888,G
3-PA,373,884,0,2,0,886,A
3-PA,374,0,3,886,0,889,G
3-PA,375,877,0,0,0,877,A
3-PA,376,0,2,877,0,879,G
3-PA,377,867,0,0,0,867,A
3-PA,378,867,0,2,0,869,A
3-PA,379,0,0,895,0,895,G
3-PA,380,0,876,0,0,876,T
3-PA,381,2,1,0,875,878,C
3-PA,382,4,0,0,878,882,C
3-PA,383,884,0,1,0,885,A
3-PA,384,0,0,0,906,906,C
3-PA,385,923,0,0,1,924,A
3-PA,386,0,949,0,0,949,T
3-PA,387,963,0,0,0,963,A
3-PA,388,0,934,0,0,934,T
3-PA,389,921,0,0,0,921,A
3-PA,390,0,903,0,2,905,T
3-PA,391,0,901,0,0,901,T
3-PA,392,920,0,0,0,920,A
3-PA,393,0,0,0,910,910,C
3-PA,394,0,1,0,859,860,C
3-PA,395,0,840,0,0,840,T
3-PA,396,0,823,1,0,824,T
3-PA,397,0,5,827,0,832,G
3-PA,398,834,0,0,0,834,A
3-PA,399,834,0,0,0,834,A
3-PA,400,832,0,3,0,835,A
3-PA,401,786,0,5,0,791,A
3-PA,402,0,1,797,0,798,G
3-PA,403,1,0,799,1,801,G
3-PA,404,0,1,0,799,800,C
3-PA,405,3,0,0,797,800,C
3-PA,406,802,0,1,0,803,A
3-PA,407,802,0,0,0,802,A
3-PA,408,0,803,0,0,803,T
3-PA,409,804,0,0,0,804,A
3-PA,410,805,0,0,0,805,A
3-PA,411,0,2,810,0,812,G
3-PA,412,804,0,0,0,804,A
3-PA,413,0,801,0,1,802,T
3-PA,414,0,798,0,1,799,T
3-PA,415,801,0,0,0,801,A
3-PA,416,797,0,1,0,798,A
3-PA,417,796,0,0,0,796,A
3-PA,418,0,809,0,0,809,T
3-PA,419,6,0,0,801,807,C
3-PA,420,0,782,0,2,784,T
3-PA,421,0,3,790,0,793,G
3-PA,422,791,1,0,0,792,A
3-PA,423,0,8,791,0,799,G
3-PA,424,791,0,4,1,796,A
3-PA,425,797,0,1,0,798,A
3-PA,426,1,0,0,800,801,C
3-PA,427,793,0,0,0,793,A
3-PA,428,1,0,0,795,796,C
3-PA,429,797,0,1,0,798,A
3-PA,430,2,0,0,809,811,C
3-PA,431,801,0,0,0,801,A
3-PA,432,1,0,0,822,823,C
3-PA,433,817,0,1,0,818,A
3-PA,434,0,816,0,0,816,T
3-PA,435,0,815,0,0,815,T
3-PA,436,5,0,0,814,819,C
3-PA,437,812,1,2,0,815,A
3-PA,438,0,0,0,827,827,C
3-PA,439,820,0,0,0,820,A
3-PA,440,0,817,0,0,817,T
3-PA,441,0,800,0,1,801,T
3-PA,442,0,817,0,0,817,T
3-PA,443,0,812,0,1,813,T
3-PA,444,4,0,0,816,820,C
3-PA,445,1,815,0,3,819,T
3-PA,446,2,0,0,819,821,C
3-PA,447,817,0,1,0,818,A
3-PA,448,0,820,0,0,820,T
3-PA,449,0,819,0,0,819,T
3-PA,450,3,0,0,819,822,C
3-PA,451,812,0,0,0,812,A
3-PA,452,0,0,0,817,817,C
3-PA,453,0,801,0,1,802,T
3-PA,454,0,2,822,0,824,G
3-PA,455,0,4,823,0,827,G
3-PA,456,0,1,823,0,824,G
3-PA,457,1,1,827,0,829,G
3-PA,458,816,0,3,0,819,A
3-PA,459,0,3,817,0,820,G
3-PA,460,1,1,819,0,821,G
3-PA,461,816,0,0,0,816,A
3-PA,462,814,0,2,0,816,A
3-PA,463,806,0,1,0,807,A
3-PA,464,0,800,0,0,800,T
3-PA,465,1,2,792,0,795,G
3-PA,466,0,1,788,0,789,G
3-PA,467,0,0,0,795,795,C
3-PA,468,0,0,0,794,794,C
3-PA,469,794,0,1,0,795,A
3-PA,470,0,0,0,797,797,C
3-PA,471,794,0,1,0,795,A
3-PA,472,799,0,0,0,799,A
3-PA,473,802,0,0,0,802,A
3-PA,474,0,0,802,0,802,G
3-PA,475,0,0,801,0,801,G
3-PA,476,1,1,0,798,800,C
3-PA,477,801,0,1,0,802,A
3-PA,478,0,3,819,0,822,G
3-PA,479,825,0,0,0,825,A
3-PA,480,1,0,0,835,836,C
3-PA,481,0,832,0,0,832,T
3-PA,482,834,0,0,0,834,A
3-PA,483,1,0,0,826,827,C
3-PA,484,816,2,0,0,818,A
3-PA,485,0,0,0,821,821,C
3-PA,486,0,799,0,0,799,T
3-PA,487,4,0,0,799,803,C
3-PA,488,0,788,0,1,789,T
3-PA,489,2,0,0,772,774,C
3-PA,490,0,4,774,0,778,G
3-PA,491,775,0,0,0,775,A
3-PA,492,2,1,0,772,775,C
3-PA,493,0,0,784,0,784,G
3-PA,494,775,0,1,0,776,A
3-PA,495,0,0,779,0,779,G
3-PA,496,0,1,776,0,777,G
3-PA,497,773,0,0,0,773,A
3-PA,498,774,0,1,0,775,A
3-PA,499,773,1,1,0,775,A
3-PA,500,1,1,772,0,774,G
3-PA,501,1,0,0,773,774,C
3-PA,502,769,0,0,0,769,A
3-PA,503,0,0,789,0,789,G
3-PA,504,0,1,794,0,795,G
3-PA,505,0,1,798,0,799,G
3-PA,506,1,0,0,794,795,C
3-PA,507,0,787,0,1,788,T
3-PA,508,787,0,1,0,788,A
3-PA,509,0,3,793,0,796,G
3-PA,510,0,5,821,0,826,G
3-PA,511,830,0,1,0,831,A
3-PA,512,1,800,0,0,801,T
3-PA,513,0,792,0,0,792,T
3-PA,514,794,1,0,0,795,A
3-PA,515,798,0,1,0,799,A
3-PA,516,0,4,800,0,804,G
3-PA,517,808,0,0,0,808,A
3-PA,518,3,0,0,807,810,C
3-PA,519,2,2,0,760,764,C
3-PA,520,758,0,0,0,758,A
3-PA,521,0,0,764,0,764,G
3-PA,522,0,1,766,0,767,G
3-PA,523,1,0,0,765,766,C
3-PA,524,0,748,0,1,749,T
3-PA,525,1,0,777,0,778,G
3-PA,526,0,773,1,0,774,T
3-PA,527,0,774,0,0,774,T
3-PA,528,0,776,0,0,776,T
3-PA,529,774,0,0,0,774,A
3-PA,530,2,1,0,787,790,C
3-PA,531,2,0,0,773,775,C
3-PA,532,771,1,0,0,772,A
3-PA,533,0,771,0,0,771,T
3-PA,534,745,0,0,0,745,A
3-PA,535,747,0,1,0,748,A
3-PA,536,0,2,751,0,753,G
3-PA,537,744,0,0,1,745,A
3-PA,538,0,0,0,747,747,C
3-PA,539,730,0,1,0,731,A
3-PA,540,732,0,0,0,732,A
3-PA,541,2,1,734,0,737,G
3-PA,542,737,0,0,0,737,A
3-PA,543,734,0,1,0,735,A
3-PA,544,734,0,1,0,735,A
3-PA,545,0,713,0,1,714,T
3-PA,546,0,6,726,0,732,G
3-PA,547,0,0,734,0,734,G
3-PA,548,0,0,0,730,730,C
3-PA,549,0,3,0,732,735,C
3-PA,550,732,0,0,0,732,A
3-PA,551,745,0,2,0,747,A
3-PA,552,1,1,0,748,750,C
3-PA,553,749,0,0,0,749,A
3-PA,554,0,0,752,0,752,G
3-PA,555,731,0,0,0,731,A
3-PA,556,1,3,730,0,734,G
3-PA,557,0,0,733,0,733,G
3-PA,558,0,0,0,734,734,C
3-PA,559,0,0,0,742,742,C
3-PA,560,0,721,0,3,724,T
3-PA,561,0,0,0,728,728,C
3-PA,562,0,727,0,0,727,T
3-PA,563,0,3,728,0,731,G
3-PA,564,0,1,731,0,732,G
3-PA,565,0,1,726,0,727,G
3-PA,566,728,0,0,1,729,A
3-PA,567,0,712,0,0,712,T
3-PA,568,0,698,0,0,698,T
3-PA,569,4,1,0,827,832,C
3-PA,570,2,0,0,810,812,C
3-PA,571,0,789,0,1,790,T
3-PA,572,0,785,0,0,785,T
3-PA,573,0,785,0,0,785,T
3-PA,574,1,1,0,791,793,C
3-PA,575,0,1,794,0,795,G
3-PA,576,0,794,0,0,794,T
3-PA,577,2,0,0,794,796,C
3-PA,578,782,0,0,0,782,A
3-PA,579,1,2,928,0,931,G
3-PA,580,0,928,0,2,930,T
3-PA,581,2,1,0,929,932,C
3-PA,582,2,0,0,941,943,C
3-PA,583,1,3,941,1,946,G
3-PA,584,946,0,3,0,949,A
3-PA,585,949,0,0,0,949,A
3-PA,586,945,0,1,0,946,A
3-PA,587,1,2,954,0,957,G
3-PA,588,936,0,1,0,937,A
3-PA,589,0,3,953,0,956,G
3-PA,590,1,1,958,0,960,G
3-PA,591,0,1,0,958,959,C
3-PA,592,1,1,953,1,956,G
3-PA,593,960,0,1,0,961,A
3-PA,594,961,0,2,0,963,A
3-PA,595,0,1,981,1,983,G
3-PA,596,989,0,2,0,991,A
3-PA,597,988,1,1,0,990,A
3-PA,598,984,0,1,0,985,A
3-PA,599,0,0,0,1001,1001,C
3-PA,600,994,0,0,0,994,A
3-PA,601,997,0,0,0,997,A
3-PA,602,1,993,0,1,995,T
3-PA,603,1,999,0,0,1000,T
3-PA,604,1,4,997,0,1002,G
3-PA,605,997,0,0,0,997,A
3-PA,606,992,1,2,0,995,A
3-PA,607,0,4,993,0,997,G
3-PA,608,989,0,0,1,990,A
3-PA,609,991,0,0,0,991,A
3-PA,610,992,0,0,0,992,A
3-PA,611,994,0,0,1,995,A
3-PA,612,1009,0,0,0,1009,A
3-PA,613,0,1003,0,1,1004,T
3-PA,614,0,1006,0,0,1006,T
3-PA,615,0,1006,0,1,1007,T
3-PA,616,1,2,1005,0,1008,G
3-PA,617,1004,0,0,0,1004,A
3-PA,618,1009,0,0,1,1010,A
3-PA,619,1016,0,0,0,1016,A
3-PA,620,0,1033,0,2,1035,T
3-PA,621,5,0,0,1166,1171,C
3-PA,622,1166,0,1,0,1167,A
3-PA,623,1,1,0,1197,1199,C
3-PA,624,1189,0,5,0,1194,A
3-PA,625,0,2,1222,0,1224,G
3-PA,626,0,10,1268,0,1278,G
3-PA,627,1315,0,0,0,1315,A
3-PA,628,1343,0,1,0,1344,A
3-PA,629,1,0,0,1367,1368,C
3-PA,630,0,1313,0,0,1313,T
3-PA,631,1451,1,0,0,1452,A
3-PA,632,0,1461,0,1,1462,T
3-PA,633,0,1,1520,0,1521,G
3-PA,634,1,1,0,1512,1514,C
3-PA,635,2,1,1497,0,1500,G
3-PA,636,0,1486,0,9,1495,T
3-PA,637,1479,0,2,0,1481,A
3-PA,638,0,6,1491,0,1497,G
3-PA,639,0,1,1493,0,1494,G
3-PA,640,0,0,0,1474,1474,C
3-PA,641,0,1454,0,1,1455,T
3-PA,642,0,1440,0,2,1442,T
3-PA,643,1,1,1448,0,1450,G
3-PA,644,0,1,0,1446,1447,C
3-PA,645,4,1,1,1446,1452,C
3-PA,646,0,10,1464,0,1474,G
3-PA,647,1472,1,1,1,1475,A
3-PA,648,0,1,0,1495,1496,C
3-PA,649,6,0,0,1494,1500,C
3-PA,650,1497,1,1,0,1499,A
3-PA,651,1508,0,0,0,1508,A
3-PA,652,1507,0,1,0,1508,A
3-PA,653,0,0,1537,1,1538,G
3-PA,654,0,1537,0,0,1537,T
3-PA,655,4,1,0,1547,1552,C
3-PA,656,0,1542,0,2,1544,T
3-PA,657,2,1,0,1558,1561,C
3-PA,658,0,1,0,1569,1570,C
3-PA,659,4,2,0,1579,1585,C
3-PA,660,1583,1,0,0,1584,A
3-PA,661,3,0,2,1594,1599,C
3-PA,662,2,0,0,1580,1582,C
3-PA,663,2,10,1574,2,1588,G
3-PA,664,1612,0,0,0,1612,A
3-PA,665,1612,0,1,0,1613,A
3-PA,666,0,0,0,1631,1631,C
3-PA,667,0,1612,0,6,1618,T
3-PA,668,0,1636,0,2,1638,T
3-PA,669,1,0,0,1663,1664,C
3-PA,670,0,1654,0,2,1656,T
3-PA,671,6,0,0,1656,1662,C
3-PA,672,0,1,0,1659,1660,C
3-PA,673,0,1647,0,4,1651,T
3-PA,674,0,3,1677,0,1680,G
3-PA,675,0,0,0,1673,1673,C
3-PA,676,2,0,0,1689,1691,C
3-PA,677,0,1677,0,2,1679,T
3-PA,678,0,1668,0,0,1668,T
3-PA,679,0,6,1674,1,1681,G
3-PA,680,1675,2,2,2,1681,A
3-PA,681,0,7,1697,0,1704,G
3-PA,682,1695,0,3,0,1698,A
3-PA,683,1705,2,0,0,1707,A
3-PA,684,0,1753,0,0,1753,T
3-PA,685,1,1759,0,0,1760,T
3-PA,686,0,1765,0,2,1767,T
3-PA,687,0,1767,0,0,1767,T
3-PA,688,1763,0,1,0,1764,A
3-PA,689,4,4,1769,0,1777,G
3-PA,690,1762,0,2,0,1764,A
3-PA,691,1,1,1843,0,1845,G
3-PA,692,0,2,0,1840,1842,C
3-PA,693,2,0,0,1845,1847,C
3-PA,694,0,1869,0,0,1869,T
3-PA,695,1947,0,1,0,1948,A
3-PA,696,1,1946,0,0,1947,T
3-PA,697,0,2,1959,0,1961,G
3-PA,698,0,1955,0,1,1956,T
3-PA,699,0,8,1965,0,1973,G
3-PA,700,0,3,1947,0,1950,G
3-PA,701,1941,0,5,0,1946,A
3-PA,702,0,1912,0,4,1916,T
3-PA,703,1,3,1888,0,1892,G
3-PA,704,2,9,1926,1,1938,G
3-PA,705,1932,1,3,0,1936,A
3-PA,706,0,1943,0,1,1944,T
3-PA,707,0,1938,0,2,1940,T
3-PA,708,12,1,0,1911,1924,C
3-PA,709,2,10,1928,1,1941,G
3-PA,710,1946,1,5,0,1952,A
3-PA,711,1951,0,1,0,1952,A
3-PA,712,1,0,0,1965,1966,C
3-PA,713,7,2,0,1914,1923,C
3-PA,714,5,17,1916,0,1938,G
3-PA,715,1929,1,1,0,1931,A
3-PA,716,1931,0,4,0,1935,A
3-PA,717,0,5,0,1943,1948,C
3-PA,718,1,6,1936,0,1943,G
3-PA,719,1,1,1991,0,1993,G
3-PA,720,0,0,0,1994,1994,C
3-PA,721,0,1984,1,4,1989,T
3-PA,722,3,0,2045,0,2048,G
3-PA,723,0,2,0,2048,2050,C
3-PA,724,2073,1,1,0,2075,A
3-PA,725,0,2070,0,4,2074,T
3-PA,726,2,2049,0,1,2052,T
3-PA,727,1,5,2051,1,2058,G
3-PA,728,2007,0,1,1,2009,A
3-PA,729,0,4,2035,0,2039,G
3-PA,730,1,7,2021,1,2030,G
3-PA,731,1,2,2017,1,2021,G
3-PA,732,1,1,0,2009,2011,C
3-PA,733,1995,0,1,0,1996,A
3-PA,734,1997,0,3,0,2000,A
3-PA,735,0,0,2007,0,2007,G
3-PA,736,2,2,0,2010,2014,C
3-PA,737,1,2009,0,4,2014,T
3-PA,738,1,2011,0,2,2014,T
3-PA,739,0,2030,0,0,2030,T
3-PA,740,8,0,1,2021,2030,C
3-PA,741,1,2026,0,3,2030,T
3-PA,742,6,0,1,2037,2044,C
3-PA,743,2032,1,1,0,2034,A
3-PA,744,2025,0,0,0,2025,A
3-PA,745,2020,0,1,0,2021,A
3-PA,746,0,2009,0,0,2009,T
3-PA,747,3,0,2080,0,2083,G
3-PA,748,1,2071,0,4,2076,T
3-PA,749,7,0,0,2088,2095,C
3-PA,750,10,1,1,2087,2099,C
3-PA,751,2102,0,0,0,2102,A
3-PA,752,2103,0,0,0,2103,A
3-PA,753,2102,0,3,0,2105,A
3-PA,754,0,3,2141,0,2144,G
3-PA,755,2128,0,2,0,2130,A
3-PA,756,2080,1,3,0,2084,A
3-PA,757,1,1,2101,0,2103,G
3-PA,758,1,2080,0,0,2081,T
3-PA,759,0,19,2059,2,2080,G
3-PA,760,2067,0,4,0,2071,A
3-PA,761,2076,0,0,0,2076,A
3-PA,762,1,2074,0,1,2076,T
3-PA,763,0,1,2076,1,2078,G
3-PA,764,4,3,0,2082,2089,C
3-PA,765,12,0,2,2079,2093,C
3-PA,766,10,0,0,2083,2093,C
3-PA,767,2100,0,0,0,2100,A
3-PA,768,2126,0,3,0,2129,A
3-PA,769,2138,0,0,0,2138,A
3-PA,770,0,2135,0,1,2136,T
3-PA,771,0,2131,0,0,2131,T
3-PA,772,0,12,2117,1,2130,G
3-PA,773,2116,1,0,0,2117,A
3-PA,774,2135,0,2,1,2138,A
3-PA,775,1,0,0,2155,2156,C
3-PA,776,6,2,0,2141,2149,C
3-PA,777,0,2116,1,1,2118,T
3-PA,778,0,2179,0,2,2181,T
3-PA,779,0,2186,0,4,2190,T
3-PA,780,0,2227,0,0,2227,T
3-PA,781,3,0,0,2231,2234,C
3-PA,782,0,2218,0,2,2220,T
3-PA,783,1,2,2220,0,2223,G
3-PA,784,2213,1,0,0,2214,A
3-PA,785,2230,1,6,0,2237,A
3-PA,786,1,11,2234,0,2246,G
3-PA,787,2217,0,1,0,2218,A
3-PA,788,0,0,0,2227,2227,C
3-PA,789,2193,0,4,0,2197,A
3-PA,790,2217,1,2,0,2220,A
3-PA,791,0,1,0,2451,2452,C
3-PA,792,2466,0,2,0,2468,A
3-PA,793,2,0,0,2460,2462,C
3-PA,794,6,0,0,2441,2447,C
3-PA,795,2445,0,1,0,2446,A
3-PA,796,2444,0,3,1,2448,A
3-PA,797,0,8,2453,0,2461,G
3-PA,798,2460,0,2,1,2463,A
3-PA,799,3,1,0,2463,2467,C
3-PA,800,12,2,0,2278,2292,C
3-PA,801,2290,1,0,0,2291,A
3-PA,802,2296,0,1,0,2297,A
3-PA,803,0,2300,0,1,2301,T
3-PA,804,9,0,0,2292,2301,C
3-PA,805,2298,0,1,0,2299,A
3-PA,806,2294,0,0,0,2294,A
3-PA,807,2282,1,2,0,2285,A
3-PA,808,1,0,0,2321,2322,C
3-PA,809,0,2290,0,4,2294,T
3-PA,810,0,2305,1,0,2306,T
3-PA,811,6,1,0,2300,2307,C
3-PA,812,6,3,0,2303,2312,C
3-PA,813,3,13,2310,0,2326,G
3-PA,814,2326,1,1,0,2328,A
3-PA,815,2331,0,1,1,2333,A
3-PA,816,1,2339,0,0,2340,T
3-PA,817,1,6,2326,0,2333,G
3-PA,818,1,10,2335,0,2346,G
3-PA,819,2345,0,4,0,2349,A
3-PA,820,2,0,0,2362,2364,C
3-PA,821,8,2,1,2352,2363,C
3-PA,822,0,2430,0,5,2435,T
3-PA,823,3,0,0,2504,2507,C
3-PA,824,7,1,0,2500,2508,C
3-PA,825,0,2508,0,1,2509,T
3-PA,826,0,2514,0,4,2518,T
3-PA,827,2,2,2624,0,2628,G
3-PA,828,0,2610,1,1,2612,T
3-PA,829,0,2600,0,2,2602,T
3-PA,830,2598,0,5,0,2603,A
3-PA,831,0,2531,0,2,2533,T
3-PA,832,3,0,0,2517,2520,C
3-PA,833,2465,0,3,0,2468,A
3-PA,834,0,1,2470,1,2472,G
3-PA,835,2,3,0,2446,2451,C
3-PA,836,1,6,2387,0,2394,G
3-PA,837,1,0,2461,1,2463,G
3-PA,838,0,2471,0,1,2472,T
3-PA,839,8,1,0,2463,2472,C
3-PA,840,13,3,0,2459,2475,C
3-PA,841,2483,2,1,0,2486,A
3-PA,842,2491,0,1,0,2492,A
3-PA,843,2495,0,1,0,2496,A
3-PA,844,0,2497,0,1,2498,T
3-PA,845,1,2487,0,2,2490,T
3-PA,846,11,1,0,2458,2470,C
3-PA,847,8,0,1,2435,2444,C
3-PA,848,0,2439,0,3,2442,T
3-PA,849,6,1,0,2452,2459,C
3-PA,850,1,2,0,2465,2468,C
3-PA,851,0,2456,0,1,2457,T
3-PA,852,0,2,2474,1,2477,G
3-PA,853,2469,1,1,1,2472,A
3-PA,854,0,2475,0,0,2475,T
3-PA,855,2,6,2448,1,2457,G
3-PA,856,0,4,2411,0,2415,G
3-PA,857,2410,0,4,0,2414,A
3-PA,858,0,2395,0,1,2396,T
3-PA,859,1,3,2396,1,2401,G
3-PA,860,5,1,0,2487,2493,C
3-PA,861,0,2468,0,3,2471,T
3-PA,862,0,2477,0,4,2481,T
3-PA,863,3,2480,0,1,2484,T
3-PA,864,2482,0,0,0,2482,A
3-PA,865,2487,0,2,1,2490,A
3-PA,866,2491,1,0,0,2492,A
3-PA,867,2503,0,1,1,2505,A
3-PA,868,0,2496,0,1,2497,T
3-PA,869,0,2303,0,0,2303,T
3-PA,870,0,13,2292,0,2305,G
3-PA,871,2295,0,5,0,2300,A
3-PA,872,0,2,2330,0,2332,G
3-PA,873,0,0,0,2330,2330,C
3-PA,874,2306,0,0,0,2306,A
3-PA,875,0,2347,0,0,2347,T
3-PA,876,0,2336,0,1,2337,T
3-PA,877,0,6,2337,0,2343,G
3-PA,878,2341,1,1,0,2343,A
3-PA,879,2308,0,7,0,2315,A
3-PA,880,1,8,2324,0,2333,G
3-PA,881,2294,1,1,1,2297,A
3-PA,882,3,3,0,2290,2296,C
3-PA,883,2,0,1,2287,2290,C
3-PA,884,7,1,1,2247,2256,C
3-PA,885,2249,0,2,0,2251,A
3-PA,886,2253,3,1,0,2257,A
3-PA,887,1,0,2274,0,2275,G
3-PA,888,1,2263,0,3,2267,T
3-PA,889,13,3,0,2251,2267,C
3-PA,890,2263,0,2,0,2265,A
3-PA,891,2,1,0,2254,2257,C
3-PA,892,1,7,2246,0,2254,G
3-PA,893,2286,1,1,0,2288,A
3-PA,894,2286,0,4,0,2290,A
3-PA,895,0,3,2342,0,2345,G
3-PA,896,1,5,2326,0,2332,G
3-PA,897,2331,0,2,0,2333,A
3-PA,898,2,5,2337,0,2344,G
3-PA,899,2335,2,2,0,2339,A
3-PA,900,2327,1,7,0,2335,A
3-PA,901,0,9,2339,0,2348,G
3-PA,902,0,8,2318,1,2327,G
3-PA,903,2,4,2333,0,2339,G
3-PA,904,2266,0,4,0,2270,A
3-PA,905,0,2264,0,2,2266,T
3-PA,906,5,0,0,2266,2271,C
3-PA,907,5,0,0,2406,2411,C
3-PA,908,15,1,0,2431,2447,C
3-PA,909,2479,1,2,0,2482,A
3-PA,910,0,2488,0,1,2489,T
3-PA,911,0,2489,1,1,2491,T
3-PA,912,2546,0,1,0,2547,A
3-PA,913,0,2540,0,0,2540,T
3-PA,914,2540,1,0,0,2541,A
3-PA,915,0,2530,0,2,2532,T
3-PA,916,1,8,2218,1,2228,G
3-PA,917,2218,0,3,0,2221,A
3-PA,918,1,2180,0,2,2183,T
3-PA,919,2,1,2199,0,2202,G
3-PA,920,1,0,0,2182,2183,C
3-PA,921,2,14,2165,0,2181,G
3-PA,922,2191,1,3,1,2196,A
3-PA,923,0,2187,0,4,2191,T
3-PA,924,9,0,0,2191,2200,C
3-PA,925,2187,0,1,0,2188,A
3-PA,926,2186,0,3,0,2189,A
3-PA,927,0,3,2207,0,2210,G
3-PA,928,0,2182,0,1,2183,T
3-PA,929,2,2,2189,0,2193,G
3-PA,930,2,0,0,2205,2207,C
3-PA,931,2196,0,2,0,2198,A
3-PA,932,0,2205,0,1,2206,T
3-PA,933,2201,0,1,0,2202,A
3-PA,934,2242,0,2,0,2244,A
3-PA,935,2238,0,0,1,2239,A
3-PA,936,2229,0,2,0,2231,A
3-PA,937,2230,1,1,1,2233,A
3-PA,938,2,2,0,2231,2235,C
3-PA,939,2207,0,0,0,2207,A
3-PA,940,0,2209,0,1,2210,T
3-PA,941,0,2215,1,1,2217,T
3-PA,942,8,0,0,2215,2223,C
3-PA,943,0,2165,1,1,2167,T
3-PA,944,0,2166,0,0,2166,T
3-PA,945,0,2157,0,1,2158,T
3-PA,946,0,9,2157,0,2166,G
3-PA,947,0,3,2182,0,2185,G
3-PA,948,2177,0,4,0,2181,A
3-PA,949,0,2168,0,4,2172,T
3-PA,950,1,6,2188,0,2195,G
3-PA,951,0,2,2235,0,2237,G
3-PA,952,2238,0,4,0,2242,A
3-PA,953,2243,0,1,0,2244,A
3-PA,954,2240,0,5,0,2245,A
3-PA,955,0,9,2273,0,2282,G
3-PA,956,2265,0,7,0,2272,A
3-PA,957,2506,0,0,0,2506,A
3-PA,958,1,2,1,2542,2546,C
3-PA,959,8,0,0,2540,2548,C
3-PA,960,0,2518,0,3,2521,T
3-PA,961,0,2570,0,0,2570,T
3-PA,962,2574,0,1,0,2575,A
3-PA,963,2,2575,0,2,2579,T
3-PA,964,2558,0,1,0,2559,A
3-PA,965,0,2598,0,0,2598,T
3-PA,966,2368,0,4,0,2372,A
3-PA,967,0,0,2399,0,2399,G
3-PA,968,0,2369,0,3,2372,T
3-PA,969,13,2,1,2351,2367,C
3-PA,970,2337,0,0,0,2337,A
3-PA,971,2340,0,1,0,2341,A
3-PA,972,2343,2,3,0,2348,A
3-PA,973,0,0,0,2372,2372,C
3-PA,974,5,2,1,2327,2335,C
3-PA,975,2309,0,2,0,2311,A
3-PA,976,0,2,1,2330,2333,C
3-PA,977,2335,0,1,0,2336,A
3-PA,978,0,1,0,2353,2354,C
3-PA,979,1,7,2349,0,2357,G
3-PA,980,2345,0,2,0,2347,A
3-PA,981,2347,0,2,1,2350,A
3-PA,982,2337,0,0,1,2338,A
3-PA,983,2328,1,6,0,2335,A
3-PA,984,1,12,2332,0,2345,G
3-PA,985,0,8,2328,0,2336,G
3-PA,986,1,10,2351,2,2364,G
3-PA,987,2347,1,6,1,2355,A
3-PA,988,2354,0,1,1,2356,A
3-PA,989,0,2352,0,2,2354,T
3-PA,990,2356,0,3,0,2359,A
3-PA,991,2362,0,0,0,2362,A
3-PA,992,2364,0,1,0,2365,A
3-PA,993,0,2357,1,0,2358,T
3-PA,994,0,2339,0,3,2342,T
3-PA,995,9,0,0,2346,2355,C
3-PA,996,2352,0,0,0,2352,A
3-PA,997,2359,1,0,0,2360,A
3-PA,998,2371,0,0,0,2371,A
3-PA,999,0,2376,0,2,2378,T
3-PA,1000,0,2384,0,1,2385,T
3-PA,1001,2392,0,0,0,2392,A
3-PA,1002,0,0,0,2394,2394,C
3-PA,1003,5,1,2,2386,2394,C
3-PA,1004,0,2373,0,3,2376,T
3-PA,1005,1,2,2394,1,2398,G
3-PA,1006,1,0,0,2411,2412,C
3-PA,1007,0,2406,0,0,2406,T
3-PA,1008,2,1,2465,1,2469,G
3-PA,1009,0,2463,0,1,2464,T
3-PA,1010,12,0,0,2453,2465,C
3-PA,1011,2461,1,4,0,2466,A
3-PA,1012,0,2464,0,0,2464,T
3-PA,1013,1,6,2455,1,2463,G
3-PA,1014,0,6,2455,1,2462,G
3-PA,1015,2462,1,1,0,2464,A
3-PA,1016,2508,0,7,0,2515,A
3-PA,1017,0,2,2507,0,2509,G
3-PA,1018,0,3,0,2504,2507,C
3-PA,1019,2482,0,3,0,2485,A
3-PA,1020,2489,0,1,0,2490,A
3-PA,1021,3,2,2511,0,2516,G
3-PA,1022,0,2516,0,0,2516,T
3-PA,1023,2483,1,21,0,2505,A
3-PA,1024,2,1,1,2506,2510,C
3-PA,1025,0,2462,0,3,2465,T
3-PA,1026,0,1,2493,0,2494,G
3-PA,1027,0,2474,0,4,2478,T
3-PA,1028,14,0,0,2468,2482,C
3-PA,1029,2469,1,2,0,2472,A
3-PA,1030,0,12,2491,0,2503,G
3-PA,1031,2498,0,0,1,2499,A
3-PA,1032,2497,0,2,1,2500,A
3-PA,1033,0,2545,0,1,2546,T
3-PA,1034,1,2517,0,2,2520,T
3-PA,1035,1,1,2508,0,2510,G
3-PA,1036,3,4,0,2502,2509,C
3-PA,1037,2500,0,4,0,2504,A
3-PA,1038,0,7,2507,0,2514,G
3-PA,1039,1,16,2481,0,2498,G
3-PA,1040,2497,0,2,1,2500,A
3-PA,1041,1,1,1,2520,2523,C
3-PA,1042,2467,0,4,1,2472,A
3-PA,1043,0,2489,0,0,2489,T
3-PA,1044,0,2490,0,2,2492,T
3-PA,1045,1,12,2498,0,2511,G
3-PA,1046,2510,0,4,0,2514,A
3-PA,1047,2492,0,2,1,2495,A
3-PA,1048,2486,1,4,0,2491,A
3-PA,1049,2484,1,1,0,2486,A
3-PA,1050,0,2460,0,0,2460,T
3-PA,1051,2,8,2481,0,2491,G
3-PA,1052,2466,0,4,0,2470,A
3-PA,1053,0,6,2479,0,2485,G
3-PA,1054,3,21,2478,0,2502,G
3-PA,1055,2469,1,2,0,2472,A
3-PA,1056,0,6,2470,0,2476,G
3-PA,1057,2478,1,1,1,2481,A
3-PA,1058,2467,4,2,0,2473,A
3-PA,1059,1,11,2460,0,2472,G
3-PA,1060,0,4,2437,0,2441,G
3-PA,1061,1,2546,0,4,2551,T
3-PA,1062,0,2568,1,1,2570,T
3-PA,1063,7,0,0,2559,2566,C
3-PA,1064,5,2,0,2559,2566,C
3-PA,1065,2563,0,4,0,2567,A
3-PA,1066,2560,0,1,0,2561,A
3-PA,1067,1,8,2568,1,2578,G
3-PA,1068,2,10,2598,0,2610,G
3-PA,1069,2562,0,1,0,2563,A
3-PA,1070,1,1,0,2574,2576,C
3-PA,1071,1,2570,0,1,2572,T
3-PA,1072,2575,1,0,0,2576,A
3-PA,1073,2571,1,0,0,2572,A
3-PA,1074,2573,0,1,0,2574,A
3-PA,1075,2578,0,4,0,2582,A
3-PA,1076,2564,0,2,0,2566,A
3-PA,1077,2,1,1,2533,2537,C
3-PA,1078,2517,1,0,0,2518,A
3-PA,1079,0,2510,0,1,2511,T
3-PA,1080,0,6,2531,1,2538,G
3-PA,1081,2539,1,2,0,2542,A
3-PA,1082,2540,0,1,0,2541,A
3-PA,1083,9,10,2543,0,2562,G
3-PA,1084,2550,0,1,0,2551,A
3-PA,1085,2556,1,1,0,2558,A
3-PA,1086,2546,0,2,0,2548,A
3-PA,1087,2541,0,2,5,2548,A
3-PA,1088,0,2,0,2556,2558,C
3-PA,1089,1,15,2527,0,2543,G
3-PA,1090,2555,0,3,1,2559,A
3-PA,1091,0,0,2558,0,2558,G
3-PA,1092,0,2542,0,3,2545,T
3-PA,1093,25,0,0,2560,2585,C
3-PA,1094,2588,1,2,0,2591,A
3-PA,1095,2638,1,1,0,2640,A
3-PA,1096,1,1,0,2637,2639,C
3-PA,1097,0,2629,0,3,2632,T
3-PA,1098,0,6,2666,0,2672,G
3-PA,1099,2646,0,4,2,2652,A
3-PA,1100,2658,0,2,0,2660,A
3-PA,1101,1,1,2663,0,2665,G
3-PA,1102,2,2594,0,5,2601,T
3-PA,1103,1,12,2595,0,2608,G
3-PA,1104,2,11,2572,0,2585,G
3-PA,1105,0,2,2582,0,2584,G
3-PA,1106,2,0,0,2598,2600,C
3-PA,1107,0,2568,0,8,2576,T
3-PA,1108,5,0,0,2590,2595,C
3-PA,1109,0,2576,1,2,2579,T
3-PA,1110,2,2587,0,0,2589,T
3-PA,1111,0,12,2627,0,2639,G
3-PA,1112,0,4,2652,1,2657,G
3-PA,1113,2,2637,1,2,2642,T
3-PA,1114,0,15,2623,0,2638,G
3-PA,1115,2623,0,3,0,2626,A
3-PA,1116,2644,0,4,0,2648,A
3-PA,1117,2632,1,3,0,2636,A
3-PA,1118,2647,0,3,1,2651,A
3-PA,1119,1,1,0,2661,2663,C
3-PA,1120,2624,0,2,0,2626,A
3-PA,1121,3,2623,0,1,2627,T
3-PA,1122,1,9,2614,0,2624,G
3-PA,1123,1,4,2650,0,2655,G
3-PA,1124,2,3,0,2657,2662,C
3-PA,1125,2669,2,1,0,2672,A
3-PA,1126,4,0,0,2680,2684,C
3-PA,1127,3,1,1,2685,2690,C
3-PA,1128,2710,0,3,0,2713,A
3-PA,1129,2,5,2741,1,2749,G
3-PA,1130,2739,0,2,0,2741,A
3-PA,1131,1,6,2759,0,2766,G
3-PA,1132,2746,2,6,0,2754,A
3-PA,1133,2752,0,4,0,2756,A
3-PA,1134,0,8,2759,0,2767,G
3-PA,1135,0,3,2748,2,2753,G
3-PA,1136,0,2754,0,1,2755,T
3-PA,1137,2728,1,2,0,2731,A
3-PA,1138,0,13,2718,1,2732,G
3-PA,1139,2718,1,0,0,2719,A
3-PA,1140,2,0,2,2737,2741,C
3-PA,1141,1,2693,0,4,2698,T
3-PA,1142,0,2688,0,2,2690,T
3-PA,1143,0,2687,0,2,2689,T
3-PA,1144,0,10,2691,0,2701,G
3-PA,1145,2688,1,8,0,2697,A
3-PA,1146,2698,0,2,0,2700,A
3-PA,1147,2696,0,1,0,2697,A
3-PA,1148,2678,0,2,0,2680,A
3-PA,1149,1,1,0,2730,2732,C
3-PA,1150,0,2714,0,1,2715,T
3-PA,1151,0,1,2749,0,2750,G
3-PA,1152,2,2,0,2744,2748,C
3-PA,1153,2740,1,5,0,2746,A
3-PA,1154,0,1,2748,0,2749,G
3-PA,1155,2737,1,1,0,2739,A
3-PA,1156,1,6,2852,0,2859,G
3-PA,1157,2856,1,6,1,2864,A
3-PA,1158,1,1,0,2832,2834,C
3-PA,1159,2821,1,5,0,2827,A
3-PA,1160,1,2813,1,4,2819,T
3-PA,1161,2818,0,2,0,2820,A
3-PA,1162,2809,2,6,0,2817,A
3-PA,1163,1,1,2813,0,2815,G
3-PA,1164,1,3,0,2806,2810,C
3-PA,1165,0,13,2735,0,2748,G
3-PA,1166,2794,0,3,0,2797,A
3-PA,1167,0,2764,0,0,2764,T
3-PA,1168,0,2756,1,1,2758,T
3-PA,1169,0,2762,0,0,2762,T
3-PA,1170,5,9,2761,0,2775,G
3-PA,1171,2787,0,2,0,2789,A
3-PA,1172,2787,0,4,0,2791,A
3-PA,1173,0,0,2796,0,2796,G
3-PA,1174,1,0,0,2863,2864,C
3-PA,1175,2819,0,0,0,2819,A
3-PA,1176,3021,1,0,1,3023,A
3-PA,1177,0,3026,0,2,3028,T
3-PA,1178,3028,1,1,0,3030,A
3-PA,1179,0,3049,0,3,3052,T
3-PA,1180,1,13,3044,0,3058,G
3-PA,1181,3092,0,4,0,3096,A
3-PA,1182,0,3084,0,1,3085,T
3-PA,1183,2959,0,1,1,2961,A
3-PA,1184,3,3,2970,0,2976,G
3-PA,1185,0,2852,0,1,2853,T
3-PA,1186,0,8,2847,0,2855,G
3-PA,1187,2849,1,2,0,2852,A
3-PA,1188,1,0,1,2835,2837,C
3-PA,1189,3,13,2815,0,2831,G
3-PA,1190,2856,0,0,0,2856,A
3-PA,1191,2854,1,4,0,2859,A
3-PA,1192,8,0,0,2875,2883,C
3-PA,1193,7,2,1,2867,2877,C
3-PA,1194,0,2868,0,3,2871,T
3-PA,1195,0,15,2945,0,2960,G
3-PA,1196,2954,0,2,0,2956,A
3-PA,1197,2975,0,0,0,2975,A
3-PA,1198,3,2970,0,1,2974,T
3-PA,1199,1,2941,0,3,2945,T
3-PA,1200,2947,0,0,0,2947,A
3-PA,1201,2903,1,4,0,2908,A
3-PA,1202,0,11,2913,0,2924,G
3-PA,1203,4,4,2920,0,2928,G
3-PA,1204,1,2843,0,4,2848,T
3-PA,1205,17,1,0,2822,2840,C
3-PA,1206,2842,1,1,0,2844,A
3-PA,1207,1,0,0,2925,2926,C
3-PA,1208,1,2915,0,7,2923,T
3-PA,1209,1,2933,0,1,2935,T
3-PA,1210,0,2930,0,10,2940,T
3-PA,1211,5,2,0,2928,2935,C
3-PA,1212,2932,0,1,1,2934,A
3-PA,1213,2931,0,2,0,2933,A
3-PA,1214,0,0,2966,0,2966,G
3-PA,1215,2,0,0,2963,2965,C
3-PA,1216,0,2901,0,4,2905,T
3-PA,1217,1,7,2970,0,2978,G
3-PA,1218,1,11,2978,0,2990,G
3-PA,1219,3037,1,2,0,3040,A
3-PA,1220,1,3057,1,1,3060,T
3-PA,1221,3054,0,1,0,3055,A
3-PA,1222,2,2,0,3077,3081,C
3-PA,1223,2966,1,3,0,2970,A
3-PA,1224,1,10,3003,0,3014,G
3-PA,1225,2991,0,6,0,2997,A
3-PA,1226,2943,0,1,1,2945,A
3-PA,1227,0,2901,0,1,2902,T
3-PA,1228,1,10,2917,1,2929,G
3-PA,1229,2901,0,4,0,2905,A
3-PA,1230,1,0,2939,0,2940,G
3-PA,1231,0,2911,0,3,2914,T
3-PA,1232,1,2899,0,5,2905,T
3-PA,1233,16,1,0,2925,2942,C
3-PA,1234,2958,2,0,0,2960,A
3-PA,1235,2959,0,2,1,2962,A
3-PA,1236,0,1,0,2960,2961,C
3-PA,1237,2931,0,3,0,2934,A
3-PA,1238,2922,1,3,0,2926,A
3-PA,1239,1,9,2895,0,2905,G
3-PA,1240,1,2,2927,0,2930,G
3-PA,1241,5,0,0,2946,2951,C
3-PA,1242,6,4,0,2912,2922,C
3-PA,1243,1,2888,0,3,2892,T
3-PA,1244,2,1,2918,0,2921,G
3-PA,1245,1,2913,1,2,2917,T
3-PA,1246,1,13,2940,0,2954,G
3-PA,1247,2948,0,5,0,2953,A
3-PA,1248,0,1,2961,0,2962,G
3-PA,1249,1,1,0,2939,2941,C
3-PA,1250,0,2915,1,2,2918,T
3-PA,1251,3001,0,0,1,3002,A
3-PA,1252,3000,0,1,0,3001,A
3-PA,1253,2,1,0,3008,3011,C
3-PA,1254,1,2975,1,1,2978,T
3-PA,1255,0,17,2956,0,2973,G
3-PA,1256,2974,1,0,0,2975,A
3-PA,1257,0,2970,1,1,2972,T
3-PA,1258,2,2971,0,0,2973,T
3-PA,1259,12,1,2,2966,2981,C
3-PA,1260,3018,0,3,0,3021,A
3-PA,1261,1,1,3085,0,3087,G
3-PA,1262,1,3065,1,6,3073,T
3-PA,1263,16,0,0,3064,3080,C
3-PA,1264,2,3053,0,1,3056,T
3-PA,1265,3,9,3183,1,3196,G
3-PA,1266,0,7,3194,0,3201,G
3-PA,1267,3197,1,4,0,3202,A
3-PA,1268,0,3205,0,1,3206,T
3-PA,1269,3042,0,3,0,3045,A
3-PA,1270,1,5,3041,0,3047,G
3-PA,1271,3021,0,2,0,3023,A
3-PA,1272,2,0,3032,0,3034,G
3-PA,1273,1,1,0,3031,3033,C
3-PA,1274,1,2945,0,4,2950,T
3-PA,1275,0,2943,0,0,2943,T
3-PA,1276,0,8,2958,0,2966,G
3-PA,1277,2964,0,6,0,2970,A
3-PA,1278,1,2972,0,3,2976,T
3-PA,1279,3,15,2938,0,2956,G
3-PA,1280,2967,0,0,0,2967,A
3-PA,1281,2954,0,4,0,2958,A
3-PA,1282,2971,0,1,0,2972,A
3-PA,1283,0,2975,0,1,2976,T
3-PA,1284,1,2966,0,1,2968,T
3-PA,1285,0,5,2997,0,3002,G
3-PA,1286,1,21,2982,0,3004,G
3-PA,1287,2992,0,5,0,2997,A
3-PA,1288,1,3,3003,0,3007,G
3-PA,1289,2944,0,4,0,2948,A
3-PA,1290,2,12,2964,1,2979,G
3-PA,1291,1,12,2991,0,3004,G
3-PA,1292,3018,1,5,0,3024,A
3-PA,1293,3,0,0,3023,3026,C
3-PA,1294,3,3,2990,0,2996,G
3-PA,1295,0,2994,0,2,2996,T
3-PA,1296,3010,0,1,0,3011,A
3-PA,1297,1,1,3054,0,3056,G
3-PA,1298,2,0,0,3089,3091,C
3-PA,1299,10,0,0,3047,3057,C
3-PA,1300,18,2,1,3021,3042,C
3-PA,1301,3,3,1,3041,3048,C
3-PA,1302,3047,0,1,0,3048,A
3-PA,1303,3142,0,2,0,3144,A
3-PA,1304,0,3143,0,1,3144,T
3-PA,1305,0,3114,0,1,3115,T
3-PA,1306,2,19,3090,0,3111,G
3-PA,1307,3049,2,4,0,3055,A
3-PA,1308,1,1,3071,0,3073,G
3-PA,1309,1,5,0,3064,3070,C
3-PA,1310,3039,0,1,1,3041,A
3-PA,1311,2,2,0,3110,3114,C
3-PA,1312,3013,0,2,0,3015,A
3-PA,1313,0,3108,0,4,3112,T
3-PA,1314,0,3113,0,1,3114,T
3-PA,1315,1,1,3123,0,3125,G
3-PA,1316,1,2,1,3117,3121,C
3-PA,1317,3101,0,3,1,3105,A
3-PA,1318,3106,0,2,1,3109,A
3-PA,1319,0,1,3117,0,3118,G
3-PA,1320,3,1,0,3090,3094,C
3-PA,1321,3090,0,1,0,3091,A
3-PA,1322,0,2997,0,0,2997,T
3-PA,1323,0,11,2996,0,3007,G
3-PA,1324,2992,1,3,0,2996,A
3-PA,1325,2,1,3008,0,3011,G
3-PA,1326,3004,0,2,0,3006,A
3-PA,1327,2997,1,2,0,3000,A
3-PA,1328,1,4,2989,0,2994,G
3-PA,1329,0,14,2973,0,2987,G
3-PA,1330,2989,1,3,0,2993,A
3-PA,1331,2986,0,2,1,2989,A
3-PA,1332,0,2986,1,0,2987,T
3-PA,1333,0,2973,0,4,2977,T
3-PA,1334,2995,0,0,0,2995,A
3-PA,1335,0,3008,1,2,3011,T
3-PA,1336,0,3005,0,1,3006,T
3-PA,1337,0,3003,0,9,3012,T
3-PA,1338,5,0,0,2977,2982,C
3-PA,1339,2954,0,5,0,2959,A
3-PA,1340,2,0,1,3019,3022,C
3-PA,1341,2993,0,0,0,2993,A
3-PA,1342,1,1,3020,0,3022,G
3-PA,1343,1,2,0,3018,3021,C
3-PA,1344,3003,1,2,0,3006,A
3-PA,1345,2,4,3011,0,3017,G
3-PA,1346,2992,0,5,0,2997,A
3-PA,1347,0,3,3017,0,3020,G
3-PA,1348,1,0,3024,0,3025,G
3-PA,1349,0,2937,0,5,2942,T
3-PA,1350,3,3,2969,1,2976,G
3-PA,1351,1,2945,0,8,2954,T
3-PA,1352,11,1,0,2939,2951,C
3-PA,1353,10,3,1,2970,2984,C
3-PA,1354,13,1,0,2964,2978,C
3-PA,1355,3015,0,0,0,3015,A
3-PA,1356,1,3033,0,2,3036,T
3-PA,1357,0,3007,0,2,3009,T
3-PA,1358,3,1,3023,0,3027,G
3-PA,1359,0,2968,0,2,2970,T
3-PA,1360,2930,3,5,0,2938,A
3-PA,1361,0,7,2932,0,2939,G
3-PA,1362,2856,2,4,1,2863,A
3-PA,1363,0,2,2870,0,2872,G
3-PA,1364,1,0,0,2808,2809,C
3-PA,1365,8,2,0,2753,2763,C
3-PA,1366,2791,4,1,0,2796,A
3-PA,1367,1,2,0,2813,2816,C
3-PA,1368,0,2794,0,3,2797,T
3-PA,1369,3,9,2781,0,2793,G
3-PA,1370,2781,0,2,0,2783,A
3-PA,1371,2729,0,4,0,2733,A
3-PA,1372,0,2827,0,2,2829,T
3-PA,1373,2887,1,0,1,2889,A
3-PA,1374,2,1,0,2925,2928,C
3-PA,1375,2854,1,3,1,2859,A
3-PA,1376,0,2881,0,3,2884,T
3-PA,1377,2849,0,2,0,2851,A
3-PA,1378,2869,1,3,1,2874,A
3-PA,1379,0,2853,0,0,2853,T
3-PA,1380,0,6,2803,1,2810,G
3-PA,1381,2791,1,1,0,2793,A
3-PA,1382,2724,0,10,0,2734,A
3-PA,1383,0,7,2734,0,2741,G
3-PA,1384,1,12,2717,1,2731,G
3-PA,1385,0,6,2758,0,2764,G
3-PA,1386,1,8,2769,0,2778,G
3-PA,1387,2,3,2805,0,2810,G
3-PA,1388,0,2740,0,1,2741,T
3-PA,1389,2760,0,3,0,2763,A
3-PA,1390,1,2771,0,2,2774,T
3-PA,1391,2809,0,0,0,2809,A
3-PA,1392,5,1,0,3068,3074,C
3-PA,1393,2963,0,0,0,2963,A
3-PA,1394,0,2909,0,3,2912,T
3-PA,1395,0,2876,0,1,2877,T
3-PA,1396,2844,0,0,0,2844,A
3-PA,1397,2912,1,6,0,2919,A
3-PA,1398,0,0,0,2916,2916,C
3-PA,1399,2872,0,1,0,2873,A
3-PA,1400,1,0,0,2869,2870,C
3-PA,1401,0,2543,0,1,2544,T
3-PA,1402,2,1,2641,1,2645,G
3-PA,1403,2,0,0,2632,2634,C
3-PA,1404,8,2,0,2619,2629,C
3-PA,1405,12,0,0,2628,2640,C
3-PA,1406,1,2576,0,2,2579,T
3-PA,1407,0,1,2677,0,2678,G
3-PA,1408,2,1,0,2676,2679,C
3-PA,1409,0,2667,0,5,2672,T
3-PA,1410,14,1,0,2729,2744,C
3-PA,1411,2656,0,1,0,2657,A
3-PA,1412,2688,0,5,0,2693,A
3-PA,1413,0,2691,0,3,2694,T
3-PA,1414,1,1,2684,0,2686,G
3-PA,1415,4,1,0,2679,2684,C
3-PA,1416,2622,1,0,0,2623,A
3-PA,1417,1,2615,0,5,2621,T
3-PA,1418,3,0,0,2616,2619,C
3-PA,1419,5,0,0,2636,2641,C
3-PA,1420,0,2561,0,0,2561,T
3-PA,1421,0,1,2630,0,2631,G
3-PA,1422,1,2614,0,6,2621,T
3-PA,1423,0,3,2614,0,2617,G
3-PA,1424,5,1,1,2611,2618,C
3-PA,1425,2575,1,3,0,2579,A
3-PA,1426,0,2,2605,0,2607,G
3-PA,1427,1,1,0,2599,2601,C
3-PA,1428,2568,0,1,0,2569,A
3-PA,1429,2573,2,0,0,2575,A
3-PA,1430,0,2485,0,1,2486,T
3-PA,1431,1,9,2478,1,2489,G
3-PA,1432,0,5,2483,0,2488,G
3-PA,1433,2487,0,2,0,2489,A
3-PA,1434,0,4,0,2484,2488,C
3-PA,1435,1,15,2448,0,2464,G
3-PA,1436,2501,0,0,0,2501,A
3-PA,1437,1,2493,0,0,2494,T
3-PA,1438,0,2493,0,1,2494,T
3-PA,1439,0,2485,2,2,2489,T
3-PA,1440,1,2477,0,6,2484,T
3-PA,1441,14,5,1,2472,2492,C
3-PA,1442,2492,0,0,0,2492,A
3-PA,1443,2497,2,1,0,2500,A
3-PA,1444,0,1,0,2504,2505,C
3-PA,1445,0,2446,0,2,2448,T
3-PA,1446,2444,0,0,0,2444,A
3-PA,1447,2445,0,1,0,2446,A
3-PA,1448,0,2449,0,0,2449,T
3-PA,1449,1,2454,0,2,2457,T
3-PA,1450,12,1,0,2444,2457,C
3-PA,1451,5,3,0,2439,2447,C
3-PA,1452,6,0,0,2438,2444,C
3-PA,1453,2443,0,0,0,2443,A
3-PA,1454,1,2474,0,6,2481,T
3-PA,1455,0,6,2478,0,2484,G
3-PA,1456,2480,0,3,0,2483,A
3-PA,1457,1,2465,0,0,2466,T
3-PA,1458,2457,0,4,0,2461,A
3-PA,1459,2460,0,3,0,2463,A
3-PA,1460,1,2,2465,0,2468,G
3-PA,1461,0,0,0,2458,2458,C
3-PA,1462,2442,0,0,0,2442,A
3-PA,1463,2350,1,4,0,2355,A
3-PA,1464,1,2,2408,0,2411,G
3-PA,1465,0,2392,1,2,2395,T
3-PA,1466,1,0,2393,0,2394,G
3-PA,1467,6,1,1,2384,2392,C
3-PA,1468,2346,0,2,0,2348,A
3-PA,1469,0,15,2384,0,2399,G
3-PA,1470,2389,0,0,0,2389,A
3-PA,1471,2416,0,1,0,2417,A
3-PA,1472,1,0,0,2430,2431,C
3-PA,1473,0,2350,7,2,2359,T
3-PA,1474,2369,0,0,0,2369,A
3-PA,1475,2366,0,0,0,2366,A
3-PA,1476,2366,0,3,1,2370,A
3-PA,1477,0,3,2375,0,2378,G
3-PA,1478,2279,0,4,0,2283,A
3-PA,1479,1,4,2279,1,2285,G
3-PA,1480,0,5,2215,0,2220,G
3-PA,1481,2,2,2215,0,2219,G
3-PA,1482,2203,1,3,0,2207,A
3-PA,1483,2166,0,2,0,2168,A
3-PA,1484,0,4,2165,0,2169,G
3-PA,1485,1,1,2168,0,2170,G
3-PA,1486,1,3,1,2157,2162,C
3-PA,1487,1,11,2150,0,2162,G
3-PA,1488,2150,0,2,0,2152,A
3-PA,1489,2152,1,2,1,2156,A
3-PA,1490,2160,0,1,1,2162,A
3-PA,1491,2160,1,0,0,2161,A
3-PA,1492,2165,1,3,0,2169,A
3-PA,1493,2,0,0,2173,2175,C
3-PA,1494,11,1,0,2138,2150,C
3-PA,1495,2148,0,2,3,2153,A
3-PA,1496,2182,0,2,0,2184,A
3-PA,1497,0,2185,0,2,2187,T
3-PA,1498,0,2187,1,0,2188,T
3-PA,1499,0,2195,0,1,2196,T
3-PA,1500,2203,0,0,0,2203,A
3-PA,1501,0,2199,0,0,2199,T
3-PA,1502,2195,0,1,0,2196,A
3-PA,1503,0,2191,0,2,2193,T
3-PA,1504,0,6,2158,1,2165,G
3-PA,1505,0,8,2133,0,2141,G
3-PA,1506,2131,0,4,0,2135,A
3-PA,1507,0,2124,0,5,2129,T
3-PA,1508,0,2099,0,0,2099,T
3-PA,1509,19,1,0,2070,2090,C
3-PA,1510,2087,0,2,0,2089,A
3-PA,1511,0,2105,0,4,2109,T
3-PA,1512,10,1,0,2100,2111,C
3-PA,1513,2093,1,2,0,2096,A
3-PA,1514,0,2068,0,1,2069,T
3-PA,1515,2055,0,2,0,2057,A
3-PA,1516,2056,0,3,0,2059,A
3-PA,1517,2049,0,6,1,2056,A
3-PA,1518,0,4,2053,0,2057,G
3-PA,1519,0,1,2002,1,2004,G
3-PA,1520,0,5,1974,0,1979,G
3-PA,1521,1950,2,2,0,1954,A
3-PA,1522,1919,0,1,0,1920,A
3-PA,1523,1,3,1921,0,1925,G
3-PA,1524,1904,0,2,0,1906,A
3-PA,1525,0,1899,0,1,1900,T
3-PA,1526,4,0,0,1893,1897,C
3-PA,1527,0,1852,0,1,1853,T
3-PA,1528,10,0,0,1863,1873,C
3-PA,1529,1870,0,0,0,1870,A
3-PA,1530,1,1868,0,0,1869,T
3-PA,1531,1,1864,0,3,1868,T
3-PA,1532,1,1846,0,3,1850,T
3-PA,1533,1837,2,0,0,1839,A
3-PA,1534,1833,2,2,0,1837,A
3-PA,1535,0,2,1834,0,1836,G
3-PA,1536,1741,0,5,0,1746,A
3-PA,1537,1759,0,1,0,1760,A
3-PA,1538,1768,0,1,0,1769,A
3-PA,1539,0,1775,1,0,1776,T
3-PA,1540,2,12,1766,0,1780,G
3-PA,1541,1801,0,4,0,1805,A
3-PA,1542,0,0,0,1799,1799,C
3-PA,1543,1792,0,5,0,1797,A
3-PA,1544,0,0,0,1793,1793,C
3-PA,1545,1741,1,1,1,1744,A
3-PA,1546,2,2,1751,0,1755,G
3-PA,1547,1752,0,2,0,1754,A
3-PA,1548,0,1,0,1729,1730,C
3-PA,1549,0,1,1705,0,1706,G
3-PA,1550,0,1632,0,0,1632,T
3-PA,1551,1,3,1633,0,1637,G
3-PA,1552,0,1,1643,0,1644,G
3-PA,1553,0,1648,0,0,1648,T
3-PA,1554,1642,0,2,1,1645,A
3-PA,1555,1611,0,0,0,1611,A
3-PA,1556,1612,0,1,0,1613,A
3-PA,1557,1,1611,0,0,1612,T
3-PA,1558,0,1579,1,1,1581,T
3-PA,1559,0,1578,0,1,1579,T
3-PA,1560,2,1548,0,0,1550,T
3-PA,1561,0,6,1547,0,1553,G
3-PA,1562,0,1529,0,1,1530,T
3-PA,1563,0,13,1511,1,1525,G
3-PA,1564,1509,0,2,0,1511,A
3-PA,1565,0,2,1506,0,1508,G
3-PA,1566,0,1,0,1493,1494,C
3-PA,1567,1492,0,0,1,1493,A
3-PA,1568,0,1493,0,1,1494,T
3-PA,1569,0,6,1483,1,1490,G
3-PA,1570,0,1,1501,0,1502,G
3-PA,1571,1499,0,0,0,1499,A
3-PA,1572,0,0,1497,0,1497,G
3-PA,1573,0,1470,0,1,1471,T
3-PA,1574,1,1437,0,7,1445,T
3-PA,1575,0,1447,0,3,1450,T
3-PA,1576,0,1446,0,6,1452,T
3-PA,1577,4,2,0,1447,1453,C
3-PA,1578,0,1429,0,1,1430,T
3-PA,1579,8,0,0,1416,1424,C
3-PA,1580,0,1376,0,1,1377,T
3-PA,1581,5,0,0,1359,1364,C
3-PA,1582,1356,0,1,0,1357,A
3-PA,1583,1,0,0,1354,1355,C
3-PA,1584,1,1301,0,1,1303,T
3-PA,1585,0,6,1292,0,1298,G
3-PA,1586,1296,0,3,0,1299,A
3-PA,1587,0,0,0,1299,1299,C
3-PA,1588,9,1,0,1280,1290,C
3-PA,1589,8,2,0,1254,1264,C
3-PA,1590,1,3,1255,0,1259,G
3-PA,1591,1253,0,1,1,1255,A
3-PA,1592,1,1,1251,0,1253,G
3-PA,1593,1254,0,0,1,1255,A
3-PA,1594,1,0,0,1209,1210,C
3-PA,1595,0,1175,0,3,1178,T
3-PA,1596,0,1099,1,0,1100,T
3-PA,1597,0,5,1091,0,1096,G
3-PA,1598,1089,0,3,0,1092,A
3-PA,1599,0,0,1096,0,1096,G
3-PA,1600,0,1,0,1091,1092,C
3-PA,1601,4,1,1,1029,1035,C
3-PA,1602,1030,0,2,0,1032,A
3-PA,1603,2,2,0,1024,1028,C
3-PA,1604,1028,0,3,0,1031,A
3-PA,1605,0,1030,0,0,1030,T
3-PA,1606,1019,0,0,0,1019,A
3-PA,1607,1013,0,1,0,1014,A
3-PA,1608,1010,0,0,0,1010,A
3-PA,1609,0,1006,0,0,1006,T
3-PA,1610,0,2,995,0,997,G
3-PA,1611,0,0,849,0,849,G
3-PA,1612,1,1,819,0,821,G
3-PA,1613,793,0,1,0,794,A
3-PA,1614,0,1,772,0,773,G
3-PA,1615,748,0,0,0,748,A
3-PA,1616,731,0,0,0,731,A
3-PA,1617,728,1,0,0,729,A
3-PA,1618,0,726,0,0,726,T
3-PA,1619,707,0,0,0,707,A
3-PA,1620,0,0,0,706,706,C
3-PA,1621,0,367,0,0,367,T
3-PA,1622,0,0,364,0,364,G
3-PA,1623,0,211,1,0,212,T
3-PA,1624,0,0,211,0,211,G
3-PA,1625,0,186,1,0,187,T
3-PA,1626,0,0,0,120,120,C
3-PA,1627,0,0,0,117,117,C
3-PA,1628,0,106,0,0,106,T
3-PA,1629,0,105,0,0,105,T
3-PA,1630,0,1,102,0,103,G
3-PA,1631,99,0,0,0,99,A
3-PA,1632,0,1,101,0,102,G
3-PA,1633,97,0,1,0,98,A
3-PA,1634,0,100,0,0,100,T
3-PA,1635,100,0,0,0,100,A
3-PA,1636,0,0,103,0,103,G
3-PA,1637,0,0,105,0,105,G
3-PA,1638,105,0,0,0,105,A
3-PA,1639,0,1,105,0,106,G
3-PA,1640,110,0,0,0,110,A
3-PA,1641,0,107,0,0,107,T
3-PA,1642,107,0,0,0,107,A
3-PA,1643,0,107,0,0,107,T
3-PA,1644,0,0,109,0,109,G
3-PA,1645,0,105,0,0,105,T
3-PA,1646,0,103,0,0,103,T
3-PA,1647,107,0,0,0,107,A
3-PA,1648,0,0,0,107,107,C
3-PA,1649,0,107,0,0,107,T
3-PA,1650,108,0,1,0,109,A
3-PA,1651,109,0,0,0,109,A
3-PA,1652,0,0,110,0,110,G
3-PA,1653,108,0,0,0,108,A
3-PA,1654,105,0,0,0,105,A
3-PA,1655,0,0,105,0,105,G
3-PA,1656,0,104,0,0,104,T
3-PA,1657,0,0,106,0,106,G
3-PA,1658,0,1,0,106,107,C
3-PA,1659,0,1,0,107,108,C
3-PA,1660,106,0,0,0,106,A
3-PA,1661,0,106,0,0,106,T
3-PA,1662,104,0,0,0,104,A
3-PA,1663,0,0,107,0,107,G
3-PA,1664,0,0,106,0,106,G
3-PA,1665,0,0,0,105,105,C
3-PA,1666,1,0,1,103,105,C
3-PA,1667,105,0,1,0,106,A
3-PA,1668,105,0,0,0,105,A
3-PA,1669,106,0,0,0,106,A
3-PA,1670,0,106,0,0,106,T
3-PA,1671,0,105,0,0,105,T
3-PA,1672,0,107,0,0,107,T
3-PA,1673,0,0,0,107,107,C
3-PA,1674,99,1,1,0,101,A
3-PA,1675,100,0,0,0,100,A
3-PA,1676,0,0,102,0,102,G
3-PA,1677,0,0,102,0,102,G
3-PA,1678,0,0,0,103,103,C
3-PA,1679,0,0,0,101,101,C
3-PA,1680,0,0,101,0,101,G
3-PA,1681,106,0,0,0,106,A
3-PA,1682,0,107,0,0,107,T
3-PA,1683,0,0,110,0,110,G
3-PA,1684,0,108,0,0,108,T
3-PA,1685,0,117,0,0,117,T
3-PA,1686,1,0,0,121,122,C
3-PA,1687,0,123,0,0,123,T
3-PA,1688,0,124,0,0,124,T
3-PA,1689,7,0,118,0,125,G
3-PA,1690,0,124,0,0,124,T
3-PA,1691,123,1,0,0,124,A
3-PA,1692,0,122,0,0,122,T
3-PA,1693,0,1,121,0,122,G
3-PA,1694,0,116,0,0,116,T
3-PA,1695,0,0,116,0,116,G
3-PA,1696,115,0,0,0,115,A
3-PA,1697,0,2,114,0,116,G
3-PA,1698,0,0,116,0,116,G
3-PA,1699,115,0,0,0,115,A
3-PA,1700,1,0,0,114,115,C
3-PA,1701,114,0,0,0,114,A
3-PA,1702,115,0,0,0,115,A
3-PA,1703,114,0,0,0,114,A
3-PA,1704,0,0,0,116,116,C
3-PA,1705,0,0,116,0,116,G
3-PA,1706,0,0,115,0,115,G
3-PA,1707,115,0,0,0,115,A
3-PA,1708,115,0,0,0,115,A
3-PA,1709,0,0,0,115,115,C
3-PA,1710,115,0,0,0,115,A
3-PA,1711,0,114,0,1,115,T
3-PA,1712,0,0,0,115,115,C
3-PA,1713,115,0,0,0,115,A
3-PA,1714,116,0,0,0,116,A
3-PA,1715,114,0,0,0,114,A
3-PA,1716,0,0,114,0,114,G
3-PA,1717,0,0,115,0,115,G
3-PA,1718,0,112,0,2,114,T
3-PA,1719,0,0,0,113,113,C
3-PA,1720,112,0,0,0,112,A
3-PA,1721,113,0,0,0,113,A
3-PA,1722,113,0,0,0,113,A
3-PA,1723,114,0,0,0,114,A
3-PA,1724,0,115,0,0,115,T
3-PA,1725,0,0,116,0,116,G
3-PA,1726,115,0,0,0,115,A
3-PA,1727,113,0,0,0,113,A
3-PA,1728,115,0,0,0,115,A
3-PA,1729,0,115,0,0,115,T
3-PA,1730,0,0,118,0,118,G
3-PA,1731,0,0,119,0,119,G
3-PA,1732,0,0,120,0,120,G
3-PA,1733,0,1,120,0,121,G
3-PA,1734,116,0,1,0,117,A
3-PA,1735,116,0,0,0,116,A
3-PA,1736,0,117,0,0,117,T
3-PA,1737,0,0,117,0,117,G
3-PA,1738,0,0,117,0,117,G
3-PA,1739,117,0,0,0,117,A
3-PA,1740,0,0,117,0,117,G
3-PA,1741,117,0,0,0,117,A
3-PA,1742,0,115,0,0,115,T
3-PA,1743,0,1,115,0,116,G
3-PA,1744,116,0,0,0,116,A
3-PA,1745,0,0,115,0,115,G
3-PA,1746,115,0,0,0,115,A
3-PA,1747,0,0,0,114,114,C
3-PA,1748,0,0,112,0,112,G
3-PA,1749,0,112,0,0,112,T
3-PA,1750,0,111,0,0,111,T
3-PA,1751,0,0,111,0,111,G
3-PA,1752,0,0,0,109,109,C
3-PA,1753,0,0,0,113,113,C
3-PA,1754,0,114,0,0,114,T
3-PA,1755,0,0,0,118,118,C
3-PA,1756,0,0,0,117,117,C
3-PA,1757,0,117,0,0,117,T
3-PA,1758,0,117,0,2,119,T
3-PA,1759,0,0,0,118,118,C
3-PA,1760,118,0,0,0,118,A
3-PA,1761,0,0,118,0,118,G
3-PA,1762,0,118,0,0,118,T
3-PA,1763,2,0,0,115,117,C
3-PA,1764,116,0,0,0,116,A
3-PA,1765,0,1,0,120,121,C
3-PA,1766,0,120,0,0,120,T
3-PA,1767,2,0,0,118,120,C
3-PA,1768,0,0,0,122,122,C
3-PA,1769,120,0,0,0,120,A
3-PA,1770,0,0,122,0,122,G
3-PA,1771,0,0,0,123,123,C
3-PA,1772,122,0,0,0,122,A
3-PA,1773,0,1,123,0,124,G
3-PA,1774,120,0,0,0,120,A
3-PA,1775,0,119,0,1,120,T
3-PA,1776,0,0,0,119,119,C
3-PA,1777,0,0,120,0,120,G
3-PA,1778,118,0,0,0,118,A
3-PA,1779,0,0,119,0,119,G
3-PA,1780,119,0,0,0,119,A
3-PA,1781,0,0,121,0,121,G
3-PA,1782,0,0,0,120,120,C
3-PA,1783,119,0,0,0,119,A
3-PA,1784,0,119,0,0,119,T
3-PA,1785,0,0,124,0,124,G
3-PA,1786,125,0,0,0,125,A
3-PA,1787,0,125,0,0,125,T
3-PA,1788,0,122,0,0,122,T
3-PA,1789,0,0,121,0,121,G
3-PA,1790,123,0,0,0,123,A
3-PA,1791,121,1,0,0,122,A
3-PA,1792,0,0,124,0,124,G
3-PA,1793,0,0,0,124,124,C
3-PA,1794,1,0,0,121,122,C
3-PA,1795,1,0,121,0,122,G
3-PA,1796,121,0,0,0,121,A
3-PA,1797,0,0,124,0,124,G
3-PA,1798,0,124,0,0,124,T
3-PA,1799,1,0,0,122,123,C
3-PA,1800,0,0,0,124,124,C
3-PA,1801,0,122,0,0,122,T
3-PA,1802,0,0,0,125,125,C
3-PA,1803,0,0,124,0,124,G
3-PA,1804,0,0,129,0,129,G
3-PA,1805,0,129,0,0,129,T
3-PA,1806,0,127,0,0,127,T
3-PA,1807,126,0,0,0,126,A
3-PA,1808,128,0,0,0,128,A
3-PA,1809,128,0,0,0,128,A
3-PA,1810,0,1,127,0,128,G
3-PA,1811,127,0,0,0,127,A
3-PA,1812,0,0,126,0,126,G
3-PA,1813,123,0,0,0,123,A
3-PA,1814,121,0,0,0,121,A
3-PA,1815,123,0,0,0,123,A
3-PA,1816,0,0,122,0,122,G
3-PA,1817,120,0,0,0,120,A
3-PA,1818,0,0,0,121,121,C
3-PA,1819,117,0,0,0,117,A
3-PA,1820,0,118,0,0,118,T
3-PA,1821,1,1,117,0,119,G
3-PA,1822,118,0,0,0,118,A
3-PA,1823,0,0,0,120,120,C
3-PA,1824,1,0,0,118,119,C
3-PA,1825,119,0,0,0,119,A
3-PA,1826,119,0,0,0,119,A
3-PA,1827,117,0,0,0,117,A
3-PA,1828,0,0,117,0,117,G
3-PA,1829,117,0,0,0,117,A
3-PA,1830,115,0,1,0,116,A
3-PA,1831,0,115,0,0,115,T
3-PA,1832,0,117,0,0,117,T
3-PA,1833,0,115,1,0,116,T
3-PA,1834,0,116,0,0,116,T
3-PA,1835,0,115,0,1,116,T
3-PA,1836,0,117,0,0,117,T
3-PA,1837,0,0,117,0,117,G
3-PA,1838,115,0,0,0,115,A
3-PA,1839,0,1,118,0,119,G
3-PA,1840,117,0,1,0,118,A
3-PA,1841,119,0,0,0,119,A
3-PA,1842,0,120,0,0,120,T
3-PA,1843,120,0,0,0,120,A
3-PA,1844,120,0,0,0,120,A
3-PA,1845,0,0,119,0,119,G
3-PA,1846,0,129,0,0,129,T
3-PA,1847,1,0,0,129,130,C
3-PA,1848,130,0,0,0,130,A
3-PA,1849,0,0,130,0,130,G
3-PA,1850,129,1,0,0,130,A
3-PA,1851,131,0,0,0,131,A
3-PA,1852,0,0,132,0,132,G
3-PA,1853,0,0,0,129,129,C
3-PA,1854,125,0,0,0,125,A
3-PA,1855,1,119,0,0,120,T
3-PA,1856,0,0,120,0,120,G
3-PA,1857,0,0,118,0,118,G
3-PA,1858,0,0,0,118,118,C
3-PA,1859,1,0,0,120,121,C
3-PA,1860,3,0,0,119,122,C
3-PA,1861,124,0,0,0,124,A
3-PA,1862,0,123,0,0,123,T
3-PA,1863,0,124,0,0,124,T
3-PA,1864,0,0,124,0,124,G
3-PA,1865,0,0,123,0,123,G
3-PA,1866,0,0,121,0,121,G
3-PA,1867,0,1,118,0,119,G
3-PA,1868,113,0,0,0,113,A
3-PA,1869,0,0,115,0,115,G
3-PA,1870,0,113,0,0,113,T
3-PA,1871,0,0,0,116,116,C
3-PA,1872,0,0,0,121,121,C
3-PA,1873,0,0,0,118,118,C
3-PA,1874,0,0,0,122,122,C
3-PA,1875,0,0,0,122,122,C
3-PA,1876,122,0,0,0,122,A
3-PA,1877,122,0,0,0,122,A
3-PA,1878,0,0,123,0,123,G
3-PA,1879,0,0,118,0,118,G
3-PA,1880,0,0,119,0,119,G
3-PA,1881,113,0,0,0,113,A
3-PA,1882,0,0,113,0,113,G
3-PA,1883,0,113,0,1,114,T
3-PA,1884,0,1,114,0,115,G
3-PA,1885,0,0,115,0,115,G
3-PA,1886,115,0,0,0,115,A
3-PA,1887,115,0,0,0,115,A
3-PA,1888,0,0,115,0,115,G
3-PA,1889,114,0,0,0,114,A
3-PA,1890,115,0,0,0,115,A
3-PA,1891,0,0,113,0,113,G
3-PA,1892,0,0,114,0,114,G
3-PA,1893,0,113,0,0,113,T
3-PA,1894,0,111,0,0,111,T
3-PA,1895,0,0,0,113,113,C
3-PA,1896,0,0,0,112,112,C
3-PA,1897,111,0,0,0,111,A
3-PA,1898,0,110,0,0,110,T
3-PA,1899,0,110,0,0,110,T
3-PA,1900,0,1,111,0,112,G
3-PA,1901,0,0,111,0,111,G
3-PA,1902,0,0,112,0,112,G
3-PA,1903,111,0,0,0,111,A
3-PA,1904,111,0,0,0,111,A
3-PA,1905,112,0,0,0,112,A
3-PA,1906,0,0,115,0,115,G
3-PA,1907,0,115,0,1,116,T
3-PA,1908,0,0,0,119,119,C
3-PA,1909,0,117,0,0,117,T
3-PA,1910,0,1,118,0,119,G
3-PA,1911,0,119,0,0,119,T
3-PA,1912,118,0,1,0,119,A
3-PA,1913,0,0,122,0,122,G
3-PA,1914,0,0,121,0,121,G
3-PA,1915,118,0,0,0,118,A
3-PA,1916,0,0,0,117,117,C
3-PA,1917,0,114,0,0,114,T
3-PA,1918,1,0,0,116,117,C
3-PA,1919,0,117,0,0,117,T
3-PA,1920,118,0,0,0,118,A
3-PA,1921,0,118,0,0,118,T
3-PA,1922,0,116,0,0,116,T
3-PA,1923,0,1,119,0,120,G
3-PA,1924,0,1,119,0,120,G
3-PA,1925,0,0,0,118,118,C
3-PA,1926,0,115,0,1,116,T
3-PA,1927,106,0,0,0,106,A
3-PA,1928,107,0,0,0,107,A
3-PA,1929,0,0,107,0,107,G
3-PA,1930,0,107,0,0,107,T
3-PA,1931,2,0,0,105,107,C
3-PA,1932,104,0,0,0,104,A
3-PA,1933,0,0,107,0,107,G
3-PA,1934,0,107,0,0,107,T
3-PA,1935,108,0,0,0,108,A
3-PA,1936,0,106,0,1,107,T
3-PA,1937,0,112,0,0,112,T
3-PA,1938,0,1,0,112,113,C
3-PA,1939,111,0,0,0,111,A
3-PA,1940,109,0,1,0,110,A
3-PA,1941,0,111,0,0,111,T
3-PA,1942,101,0,0,0,101,A
3-PA,1943,0,0,102,0,102,G
3-PA,1944,1,0,0,99,100,C
3-PA,1945,0,0,0,100,100,C
3-PA,1946,0,98,0,0,98,T
3-PA,1947,0,0,101,0,101,G
3-PA,1948,0,99,0,1,100,T
3-PA,1949,100,0,0,0,100,A
3-PA,1950,0,100,0,0,100,T
3-PA,1951,1,0,96,1,98,G
3-PA,1952,0,0,0,98,98,C
3-PA,1953,94,0,0,0,94,A
3-PA,1954,0,96,0,0,96,T
3-PA,1955,1,0,0,95,96,C
3-PA,1956,93,0,1,0,94,A
3-PA,1957,0,1,0,94,95,C
3-PA,1958,2,0,0,92,94,C
3-PA,1959,94,0,0,0,94,A
3-PA,1960,0,0,0,94,94,C
3-PA,1961,92,0,0,0,92,A
3-PA,1962,93,0,0,0,93,A
3-PA,1963,0,91,0,0,91,T
3-PA,1964,0,91,0,0,91,T
3-PA,1965,0,0,91,0,91,G
3-PA,1966,0,2,87,0,89,G
3-PA,1967,89,0,0,0,89,A
3-PA,1968,89,0,0,0,89,A
3-PA,1969,0,0,90,0,90,G
3-PA,1970,0,0,92,0,92,G
3-PA,1971,91,0,0,0,91,A
3-PA,1972,0,92,0,0,92,T
3-PA,1973,0,92,0,0,92,T
3-PA,1974,0,92,0,1,93,T
3-PA,1975,0,91,0,0,91,T
3-PA,1976,0,0,0,92,92,C
3-PA,1977,92,0,0,0,92,A
3-PA,1978,0,0,92,0,92,G
3-PA,1979,0,0,0,91,91,C
3-PA,1980,0,0,91,0,91,G
3-PA,1981,0,0,91,0,91,G
3-PA,1982,90,0,0,0,90,A
3-PA,1983,0,0,91,0,91,G
3-PA,1984,0,91,0,0,91,T
3-PA,1985,1,0,0,91,92,C
3-PA,1986,92,0,0,0,92,A
3-PA,1987,92,0,0,0,92,A
3-PA,1988,0,0,92,0,92,G
3-PA,1989,92,0,0,0,92,A
3-PA,1990,91,0,0,0,91,A
3-PA,1991,90,0,0,0,90,A
3-PA,1992,89,0,0,0,89,A
3-PA,1993,0,0,0,90,90,C
3-PA,1994,0,86,0,1,87,T
3-PA,1995,0,0,87,0,87,G
3-PA,1996,0,0,0,87,87,C
3-PA,1997,0,86,0,1,87,T
3-PA,1998,0,0,0,88,88,C
3-PA,1999,0,0,0,88,88,C
3-PA,2000,0,89,0,0,89,T
3-PA,2001,0,89,0,0,89,T
3-PA,2002,0,0,89,0,89,G
3-PA,2003,0,86,0,3,89,T
3-PA,2004,0,85,0,1,86,T
3-PA,2005,0,0,91,0,91,G
3-PA,2006,0,87,0,1,88,T
3-PA,2007,0,88,0,0,88,T
3-PA,2008,0,0,0,88,88,C
3-PA,2009,84,0,0,0,84,A
3-PA,2010,0,0,86,0,86,G
3-PA,2011,0,0,86,0,86,G
3-PA,2012,0,0,0,87,87,C
3-PA,2013,0,85,0,0,85,T
3-PA,2014,0,0,0,89,89,C
3-PA,2015,0,88,0,0,88,T
3-PA,2016,0,88,0,0,88,T
3-PA,2017,88,0,0,0,88,A
3-PA,2018,0,0,88,0,88,G
3-PA,2019,0,0,86,0,86,G
3-PA,2020,0,0,86,0,86,G
3-PA,2021,85,0,0,0,85,A
3-PA,2022,0,0,0,84,84,C
3-PA,2023,77,0,0,0,77,A
3-PA,2024,80,0,0,0,80,A
3-PA,2025,0,0,0,81,81,C
3-PA,2026,1,0,0,79,80,C
3-PA,2027,0,81,0,0,81,T
3-PA,2028,0,0,0,81,81,C
3-PA,2029,0,0,81,0,81,G
3-PA,2030,81,0,0,0,81,A
3-PA,2031,82,0,0,0,82,A
3-PA,2032,0,0,0,82,82,C
3-PA,2033,0,0,0,78,78,C
3-PA,2034,1,75,0,0,76,T
3-PA,2035,0,0,77,0,77,G
3-PA,2036,1,0,76,0,77,G
3-PA,2037,0,0,77,0,77,G
3-PA,2038,79,0,0,0,79,A
3-PA,2039,0,0,0,78,78,C
3-PA,2040,0,0,0,76,76,C
3-PA,2041,0,73,0,1,74,T
3-PA,2042,0,75,0,0,75,T
3-PA,2043,0,74,0,0,74,T
3-PA,2044,0,0,75,0,75,G
3-PA,2045,75,0,0,0,75,A
3-PA,2046,0,74,0,0,74,T
3-PA,2047,1,0,0,73,74,C
3-PA,2048,0,73,0,0,73,T
3-PA,2049,0,72,0,0,72,T
3-PA,2050,0,0,72,0,72,G
3-PA,2051,0,0,72,0,72,G
3-PA,2052,0,0,72,0,72,G
3-PA,2053,0,0,70,0,70,G
3-PA,2054,0,0,72,0,72,G
3-PA,2055,0,0,72,0,72,G
3-PA,2056,0,0,0,71,71,C
3-PA,2057,0,69,0,0,69,T
3-PA,2058,72,0,0,0,72,A
3-PA,2059,0,72,0,0,72,T
3-PA,2060,71,0,0,0,71,A
3-PA,2061,0,72,0,0,72,T
3-PA,2062,0,0,70,0,70,G
3-PA,2063,71,0,0,0,71,A
3-PA,2064,69,0,0,0,69,A
3-PA,2065,0,0,70,0,70,G
3-PA,2066,0,0,0,69,69,C
3-PA,2067,68,0,0,0,68,A
3-PA,2068,68,0,0,0,68,A
3-PA,2069,0,67,0,0,67,T
3-PA,2070,0,67,0,0,67,T
3-PA,2071,0,0,67,0,67,G
3-PA,2072,68,0,0,0,68,A
3-PA,2073,0,1,66,0,67,G
3-PA,2074,0,0,67,0,67,G
3-PA,2075,60,0,0,0,60,A
3-PA,2076,0,0,60,0,60,G
3-PA,2077,0,56,0,0,56,T
3-PA,2078,0,1,55,0,56,G
3-PA,2079,0,0,0,56,56,C
3-PA,2080,0,0,0,56,56,C
3-PA,2081,0,56,0,0,56,T
3-PA,2082,0,0,56,0,56,G
3-PA,2083,56,0,0,0,56,A
3-PA,2084,0,55,0,0,55,T
3-PA,2085,0,53,0,0,53,T
3-PA,2086,53,0,0,0,53,A
3-PA,2087,53,0,0,0,53,A
3-PA,2088,0,52,0,0,52,T
3-PA,2089,0,0,52,0,52,G
3-PA,2090,52,0,0,0,52,A
3-PA,2091,0,53,0,0,53,T
3-PA,2092,0,1,0,51,52,C
3-PA,2093,0,0,0,54,54,C
3-PA,2094,1,0,0,53,54,C
3-PA,2095,0,53,0,0,53,T
3-PA,2096,0,0,54,0,54,G
3-PA,2097,0,0,53,0,53,G
3-PA,2098,0,0,56,0,56,G
3-PA,2099,0,56,0,0,56,T
3-PA,2100,0,54,0,0,54,T
3-PA,2101,0,54,0,1,55,T
3-PA,2102,0,54,0,0,54,T
3-PA,2103,0,0,54,0,54,G
3-PA,2104,0,1,0,53,54,C
3-PA,2105,0,54,0,0,54,T
3-PA,2106,0,0,0,52,52,C
3-PA,2107,50,0,0,0,50,A
3-PA,2108,50,0,0,0,50,A
3-PA,2109,0,49,0,0,49,T
3-PA,2110,0,0,50,0,50,G
3-PA,2111,0,0,0,50,50,C
3-PA,2112,0,0,47,0,47,G
3-PA,2113,0,47,0,0,47,T
3-PA,2114,0,0,0,48,48,C
3-PA,2115,0,48,0,0,48,T
3-PA,2116,0,48,0,0,48,T
3-PA,2117,0,0,48,0,48,G
3-PA,2118,0,0,47,0,47,G
3-PA,2119,0,47,0,0,47,T
3-PA,2120,0,47,0,0,47,T
3-PA,2121,1,0,0,43,44,C
3-PA,2122,43,0,0,0,43,A
3-PA,2123,43,0,0,0,43,A
3-PA,2124,0,0,0,42,42,C
3-PA,2125,0,43,0,0,43,T
3-PA,2126,0,0,0,44,44,C
3-PA,2127,0,0,0,41,41,C
3-PA,2128,0,41,0,0,41,T
3-PA,2129,0,40,0,0,40,T
3-PA,2130,0,0,0,41,41,C
3-PA,2131,0,0,0,41,41,C
3-PA,2132,0,39,0,0,39,T
3-PA,2133,0,0,39,0,39,G
3-PA,2134,39,0,0,0,39,A
3-PA,2135,1,0,0,37,38,C
3-PA,2136,39,0,0,0,39,A
3-PA,2137,0,0,0,38,38,C
3-PA,2138,37,0,0,0,37,A
3-PA,2139,0,37,0,0,37,T
3-PA,2140,0,0,37,0,37,G
3-PA,2141,0,0,0,36,36,C
3-PA,2142,35,0,0,0,35,A
3-PA,2143,0,36,0,0,36,T
3-PA,2144,0,36,0,0,36,T
3-PA,2145,34,0,0,0,34,A
3-PA,2146,36,0,0,0,36,A
3-PA,2147,35,0,0,0,35,A
3-PA,2148,36,0,0,0,36,A
3-PA,2149,0,35,0,0,35,T
3-PA,2150,27,0,0,0,27,A
3-PA,2151,0,0,27,0,27,G
4-HA,1,348,0,0,0,348,A
4-HA,2,0,356,0,0,356,T
4-HA,3,0,0,371,0,371,G
4-HA,4,372,0,2,0,374,A
4-HA,5,375,0,1,0,376,A
4-HA,6,1,2,398,0,401,G
4-HA,7,401,0,0,1,402,A
4-HA,8,0,0,0,429,429,C
4-HA,9,0,432,0,0,432,T
4-HA,10,446,1,1,0,448,A
4-HA,11,0,470,0,0,470,T
4-HA,12,3,1,0,467,471,C
4-HA,13,470,0,1,0,471,A
4-HA,14,0,471,0,0,471,T
4-HA,15,0,472,0,0,472,T
4-HA,16,0,0,517,0,517,G
4-HA,17,0,0,0,518,518,C
4-HA,18,0,519,0,0,519,T
4-HA,19,0,519,0,0,519,T
4-HA,20,0,520,0,0,520,T
4-HA,21,0,3,562,0,565,G
4-HA,22,565,0,2,0,567,A
4-HA,23,0,0,585,0,585,G
4-HA,24,0,0,0,586,586,C
4-HA,25,0,588,0,0,588,T
4-HA,26,626,0,2,0,628,A
4-HA,27,0,0,0,636,636,C
4-HA,28,650,0,0,0,650,A
4-HA,29,0,679,0,0,679,T
4-HA,30,0,674,0,1,675,T
4-HA,31,1,0,0,689,690,C
4-HA,32,0,687,0,0,687,T
4-HA,33,701,0,0,0,701,A
4-HA,34,2,702,0,0,704,T
4-HA,35,0,2,706,0,708,G
4-HA,36,0,703,0,4,707,T
4-HA,37,2,0,0,702,704,C
4-HA,38,0,702,0,0,702,T
4-HA,39,0,6,697,0,703,G
4-HA,40,0,0,706,0,706,G
4-HA,41,0,705,0,0,705,T
4-HA,42,0,702,0,0,702,T
4-HA,43,0,702,0,0,702,T
4-HA,44,0,702,0,0,702,T
4-HA,45,1,0,0,699,700,C
4-HA,46,1,1,695,0,697,G
4-HA,47,0,0,0,714,714,C
4-HA,48,0,711,0,3,714,T
4-HA,49,6,0,0,713,719,C
4-HA,50,719,0,0,1,720,A
4-HA,51,721,0,1,0,722,A
4-HA,52,720,0,0,0,720,A
4-HA,53,719,0,1,0,720,A
4-HA,54,722,0,0,0,722,A
4-HA,55,0,0,0,724,724,C
4-HA,56,0,719,0,0,719,T
4-HA,57,1,724,0,0,725,T
4-HA,58,1,0,0,724,725,C
4-HA,59,0,0,0,726,726,C
4-HA,60,0,726,0,0,726,T
4-HA,61,1,0,734,0,735,G
4-HA,62,0,2,731,0,733,G
4-HA,63,736,0,3,0,739,A
4-HA,64,750,0,0,0,750,A
4-HA,65,744,0,1,1,746,A
4-HA,66,0,751,0,0,751,T
4-HA,67,0,4,752,0,756,G
4-HA,68,752,1,1,0,754,A
4-HA,69,1,1,0,762,764,C
4-HA,70,762,0,0,0,762,A
4-HA,71,760,0,1,0,761,A
4-HA,72,1,0,0,772,773,C
4-HA,73,766,0,1,0,767,A
4-HA,74,0,1,770,0,771,G
4-HA,75,0,0,0,771,771,C
4-HA,76,771,0,1,0,772,A
4-HA,77,0,0,0,795,795,C
4-HA,78,0,4,788,0,792,G
4-HA,79,0,0,802,0,802,G
4-HA,80,0,0,0,799,799,C
4-HA,81,795,0,0,0,795,A
4-HA,82,803,0,0,0,803,A
4-HA,83,0,3,0,808,811,C
4-HA,84,1,0,822,0,823,G
4-HA,85,0,0,0,824,824,C
4-HA,86,0,811,0,1,812,T
4-HA,87,0,0,821,0,821,G
4-HA,88,0,815,0,0,815,T
4-HA,89,0,0,843,0,843,G
4-HA,90,1,0,0,851,852,C
4-HA,91,3,0,0,864,867,C
4-HA,92,0,861,0,2,863,T
4-HA,93,0,860,0,1,861,T
4-HA,94,0,2,862,0,864,G
4-HA,95,0,3,865,0,868,G
4-HA,96,0,1,883,1,885,G
4-HA,97,0,3,0,881,884,C
4-HA,98,879,0,1,0,880,A
4-HA,99,1,0,0,884,885,C
4-HA,100,3,1,0,869,873,C
4-HA,101,941,0,0,0,941,A
4-HA,102,0,942,0,0,942,T
4-HA,103,0,3,941,0,944,G
4-HA,104,0,0,0,948,948,C
4-HA,105,914,0,2,0,916,A
4-HA,106,0,0,1000,0,1000,G
4-HA,107,0,1001,0,1,1002,T
4-HA,108,1001,0,0,0,1001,A
4-HA,109,2,0,0,1003,1005,C
4-HA,110,1,0,0,970,971,C
4-HA,111,974,0,0,0,974,A
4-HA,112,968,0,1,0,969,A
4-HA,113,972,0,2,0,974,A
4-HA,114,0,1,0,987,988,C
4-HA,115,0,1,959,0,960,G
4-HA,116,0,1,1000,0,1001,G
4-HA,117,997,0,1,0,998,A
4-HA,118,999,0,1,0,1000,A
4-HA,119,0,0,0,999,999,C
4-HA,120,983,0,2,0,985,A
4-HA,121,1008,0,1,0,1009,A
4-HA,122,0,1010,0,0,1010,T
4-HA,123,1030,0,0,0,1030,A
4-HA,124,0,0,1033,0,1033,G
4-HA,125,1,1006,0,4,1011,T
4-HA,126,0,8,1001,0,1009,G
4-HA,127,1003,0,1,0,1004,A
4-HA,128,1006,0,0,0,1006,A
4-HA,129,1005,0,0,0,1005,A
4-HA,130,996,0,0,0,996,A
4-HA,131,0,1,0,1013,1014,C
4-HA,132,1011,0,1,0,1012,A
4-HA,133,1014,0,1,0,1015,A
4-HA,134,1,1012,0,0,1013,T
4-HA,135,2,0,0,1011,1013,C
4-HA,136,1014,0,1,0,1015,A
4-HA,137,0,0,0,1019,1019,C
4-HA,138,0,4,1016,0,1020,G
4-HA,139,1014,0,3,0,1017,A
4-HA,140,1009,0,2,0,1011,A
4-HA,141,0,1010,0,2,1012,T
4-HA,142,0,9,1007,0,1016,G
4-HA,143,1019,0,1,0,1020,A
4-HA,144,0,1,0,1019,1020,C
4-HA,145,2,0,0,1019,1021,C
4-HA,146,1033,0,0,0,1033,A
4-HA,147,1040,0,0,0,1040,A
4-HA,148,1043,0,0,0,1043,A
4-HA,149,0,1037,0,1,1038,T
4-HA,150,0,1039,0,2,1041,T
4-HA,151,1,1,1053,0,1055,G
4-HA,152,1046,0,1,0,1047,A
4-HA,153,1046,0,3,0,1049,A
4-HA,154,0,1,1054,0,1055,G
4-HA,155,0,1056,0,1,1057,T
4-HA,156,0,1093,0,0,1093,T
4-HA,157,1108,0,1,0,1109,A
4-HA,158,0,1,0,1121,1122,C
4-HA,159,0,1124,0,1,1125,T
4-HA,160,1114,0,3,0,1117,A
4-HA,161,1137,0,1,0,1138,A
4-HA,162,0,1138,0,0,1138,T
4-HA,163,0,1,1133,0,1134,G
4-HA,164,0,0,0,1184,1184,C
4-HA,165,0,1171,0,0,1171,T
4-HA,166,1175,0,0,0,1175,A
4-HA,167,1,1,0,1171,1173,C
4-HA,168,0,1167,0,1,1168,T
4-HA,169,1,6,1172,0,1179,G
4-HA,170,1163,0,1,0,1164,A
4-HA,171,0,0,1169,0,1169,G
4-HA,172,2,0,0,1168,1170,C
4-HA,173,0,1146,0,1,1147,T
4-HA,174,3,2,1156,0,1161,G
4-HA,175,0,1,1191,0,1192,G
4-HA,176,0,1189,0,3,1192,T
4-HA,177,0,1192,0,0,1192,T
4-HA,178,3,0,0,1191,1194,C
4-HA,179,1187,1,3,0,1191,A
4-HA,180,0,6,1189,0,1195,G
4-HA,181,1193,0,0,0,1193,A
4-HA,182,0,0,1220,0,1220,G
4-HA,183,1,1206,0,2,1209,T
4-HA,184,0,1190,0,0,1190,T
4-HA,185,6,0,0,1199,1205,C
4-HA,186,1,3,0,1206,1210,C
4-HA,187,0,1207,0,1,1208,T
4-HA,188,4,0,1,1207,1212,C
4-HA,189,1207,0,0,0,1207,A
4-HA,190,1215,0,0,0,1215,A
4-HA,191,1,0,0,1217,1218,C
4-HA,192,1195,0,1,0,1196,A
4-HA,193,1,4,1213,0,1218,G
4-HA,194,0,0,1214,0,1214,G
4-HA,195,0,1208,0,2,1210,T
4-HA,196,1,3,1210,0,1214,G
4-HA,197,1210,0,1,0,1211,A
4-HA,198,1211,0,1,0,1212,A
4-HA,199,1245,1,2,0,1248,A
4-HA,200,0,1237,0,1,1238,T
4-HA,201,1251,0,1,0,1252,A
4-HA,202,0,1234,0,0,1234,T
4-HA,203,0,2,1228,0,1230,G
4-HA,204,1,3,0,1236,1240,C
4-HA,205,1,11,1227,0,1239,G
4-HA,206,1232,0,3,0,1235,A
4-HA,207,0,2,0,1233,1235,C
4-HA,208,1210,0,0,0,1210,A
4-HA,209,0,1,1290,0,1291,G
4-HA,210,0,1286,0,0,1286,T
4-HA,211,6,1,0,1298,1305,C
4-HA,212,8,0,0,1290,1298,C
4-HA,213,0,1292,0,2,1294,T
4-HA,214,2,0,0,1313,1315,C
4-HA,215,1314,0,1,0,1315,A
4-HA,216,0,1317,0,0,1317,T
4-HA,217,0,0,0,1321,1321,C
4-HA,218,1251,0,3,0,1254,A
4-HA,219,0,6,1261,0,1267,G
4-HA,220,1250,0,1,0,1251,A
4-HA,221,0,1253,0,1,1254,T
4-HA,222,4,0,0,1263,1267,C
4-HA,223,4,0,0,1254,1258,C
4-HA,224,0,1269,0,1,1270,T
4-HA,225,0,1268,0,2,1270,T
4-HA,226,0,5,1266,0,1271,G
4-HA,227,1270,0,4,0,1274,A
4-HA,228,0,1269,0,0,1269,T
4-HA,229,0,3,1282,0,1285,G
4-HA,230,1,3,1279,0,1283,G
4-HA,231,1270,0,0,0,1270,A
4-HA,232,1,3,1267,0,1271,G
4-HA,233,1244,0,0,0,1244,A
4-HA,234,0,7,1229,0,1236,G
4-HA,235,1269,0,1,0,1270,A
4-HA,236,1276,1,1,0,1278,A
4-HA,237,0,0,0,1286,1286,C
4-HA,238,0,1265,0,0,1265,T
4-HA,239,1,1,1286,0,1288,G
4-HA,240,1,2,0,1279,1282,C
4-HA,241,1285,0,2,0,1287,A
4-HA,242,0,0,0,1323,1323,C
4-HA,243,1310,0,2,0,1312,A
4-HA,244,2,1,0,1451,1454,C
4-HA,245,0,1442,0,1,1443,T
4-HA,246,1460,0,1,0,1461,A
4-HA,247,1458,0,0,0,1458,A
4-HA,248,0,1457,0,0,1457,T
4-HA,249,1448,0,2,0,1450,A
4-HA,250,0,4,1452,0,1456,G
4-HA,251,1424,0,2,0,1426,A
4-HA,252,1,1392,0,0,1393,T
4-HA,253,0,2,1321,0,1323,G
4-HA,254,1,0,0,1330,1331,C
4-HA,255,1,1325,0,0,1326,T
4-HA,256,5,0,0,1418,1423,C
4-HA,257,0,1431,0,0,1431,T
4-HA,258,1460,0,1,0,1461,A
4-HA,259,0,1468,0,0,1468,T
4-HA,260,0,1455,0,1,1456,T
4-HA,261,1,3,1455,0,1459,G
4-HA,262,1,2,1447,1,1451,G
4-HA,263,0,3,1451,0,1454,G
4-HA,264,1434,0,0,0,1434,A
4-HA,265,0,8,1415,0,1423,G
4-HA,266,1394,0,4,0,1398,A
4-HA,267,1,0,1,1548,1550,C
4-HA,268,8,2,0,1569,1579,C
4-HA,269,4,0,0,1587,1591,C
4-HA,270,3,1586,0,4,1593,T
4-HA,271,4,0,0,1626,1630,C
4-HA,272,1628,0,0,0,1628,A
4-HA,273,1349,0,301,0,1650,A
4-HA,274,0,1703,0,0,1703,T
4-HA,275,0,8,1723,0,1731,G
4-HA,276,0,1727,0,2,1729,T
4-HA,277,0,6,1714,0,1720,G
4-HA,278,1694,8,4,0,1706,A
4-HA,279,0,1706,0,1,1707,T
4-HA,280,2,6,1690,0,1698,G
4-HA,281,0,2,1693,0,1695,G
4-HA,282,3,2,0,1686,1691,C
4-HA,283,0,1695,0,1,1696,T
4-HA,284,0,1685,0,3,1688,T
4-HA,285,3,0,0,1688,1691,C
4-HA,286,1,1,1,1677,1680,C
4-HA,287,1684,0,3,0,1687,A
4-HA,288,1693,0,2,2,1697,A
4-HA,289,1691,0,2,0,1693,A
4-HA,290,1708,0,1,0,1709,A
4-HA,291,0,1717,0,1,1718,T
4-HA,292,1712,0,2,1,1715,A
4-HA,293,1714,0,1,0,1715,A
4-HA,294,1,5,1718,0,1724,G
4-HA,295,1739,1,3,0,1743,A
4-HA,296,1745,0,2,0,1747,A
4-HA,297,1746,0,1,0,1747,A
4-HA,298,1,1745,0,0,1746,T
4-HA,299,0,9,1735,0,1744,G
4-HA,300,1,7,1733,0,1741,G
4-HA,301,0,8,1731,0,1739,G
4-HA,302,1742,1,1,1,1745,A
4-HA,303,2,0,0,1746,1748,C
4-HA,304,9,0,1,1738,1748,C
4-HA,305,0,1771,0,2,1773,T
4-HA,306,0,1773,1,2,1776,T
4-HA,307,0,1773,0,2,1775,T
4-HA,308,0,1796,0,0,1796,T
4-HA,309,0,1797,0,0,1797,T
4-HA,310,1,0,1799,0,1800,G
4-HA,311,0,1801,0,1,1802,T
4-HA,312,0,1794,0,0,1794,T
4-HA,313,4,21,1773,0,1798,G
4-HA,314,1776,0,0,0,1776,A
4-HA,315,1780,1,2,0,1783,A
4-HA,316,1,0,0,1786,1787,C
4-HA,317,0,2,1776,1,1779,G
4-HA,318,2,1,0,1810,1813,C
4-HA,319,1809,0,0,0,1809,A
4-HA,320,0,1,1815,0,1816,G
4-HA,321,1,2,0,1811,1814,C
4-HA,322,1817,0,0,0,1817,A
4-HA,323,1816,1,0,0,1817,A
4-HA,324,1818,0,1,0,1819,A
4-HA,325,0,1,1888,0,1889,G
4-HA,326,1,0,0,1880,1881,C
4-HA,327,3,2,0,1869,1874,C
4-HA,328,0,1882,0,0,1882,T
4-HA,329,1887,0,1,0,1888,A
4-HA,330,1,1,0,1906,1908,C
4-HA,331,1901,0,2,1,1904,A
4-HA,332,1,0,1905,0,1906,G
4-HA,333,3,1,0,1891,1895,C
4-HA,334,1850,0,1,0,1851,A
4-HA,335,1867,0,0,2,1869,A
4-HA,336,2,0,0,1932,1934,C
4-HA,337,0,1918,0,0,1918,T
4-HA,338,1,0,1931,0,1932,G
4-HA,339,0,1910,0,5,1915,T
4-HA,340,0,1909,0,0,1909,T
4-HA,341,1916,0,0,0,1916,A
4-HA,342,2,1,0,2046,2049,C
4-HA,343,12,1,0,2045,2058,C
4-HA,344,9,0,0,2097,2106,C
4-HA,345,0,2032,0,2,2034,T
4-HA,346,0,2031,0,2,2033,T
4-HA,347,2042,0,0,0,2042,A
4-HA,348,0,2039,0,0,2039,T
4-HA,349,0,9,2034,0,2043,G
4-HA,350,2039,0,2,0,2041,A
4-HA,351,0,1920,1,0,1921,T
4-HA,352,0,2,1945,0,1947,G
4-HA,353,0,1895,0,2,1897,T
4-HA,354,2,3,1884,0,1889,G
4-HA,355,2,1,0,1888,1891,C
4-HA,356,1,1,0,1892,1894,C
4-HA,357,3,4,1936,0,1943,G
4-HA,358,0,8,1965,0,1973,G
4-HA,359,1968,0,0,0,1968,A
4-HA,360,0,1974,0,0,1974,T
4-HA,361,0,1944,1,2,1947,T
4-HA,362,1960,0,0,0,1960,A
4-HA,363,0,1957,0,0,1957,T
4-HA,364,3,2,1957,0,1962,G
4-HA,365,0,3,0,1950,1953,C
4-HA,366,4,0,0,1933,1937,C
4-HA,367,0,1956,0,4,1960,T
4-HA,368,8,2,0,2029,2039,C
4-HA,369,7,0,0,2053,2060,C
4-HA,370,9,1,0,2055,2065,C
4-HA,371,0,2063,0,0,2063,T
4-HA,372,0,2058,0,0,2058,T
4-HA,373,2051,1,0,0,2052,A
4-HA,374,0,3,2098,0,2101,G
4-HA,375,2,4,2104,0,2110,G
4-HA,376,0,2083,0,2,2085,T
4-HA,377,11,1,0,2028,2040,C
4-HA,378,2001,1,3,0,2005,A
4-HA,379,0,0,0,2051,2051,C
4-HA,380,0,2048,0,1,2049,T
4-HA,381,2045,0,2,0,2047,A
4-HA,382,1,1,2047,0,2049,G
4-HA,383,0,2024,0,0,2024,T
4-HA,384,0,2013,0,1,2014,T
4-HA,385,1,0,2033,0,2034,G
4-HA,386,1,0,0,2036,2037,C
4-HA,387,2,0,0,2031,2033,C
4-HA,388,1,2006,0,8,2015,T
4-HA,389,3,1,0,2022,2026,C
4-HA,390,2103,0,2,0,2105,A
4-HA,391,0,2103,0,1,2104,T
4-HA,392,6,0,2,2101,2109,C
4-HA,393,8,4,1,2090,2103,C
4-HA,394,3,16,2058,0,2077,G
4-HA,395,1,0,2081,0,2082,G
4-HA,396,1,0,0,2088,2089,C
4-HA,397,2103,1,2,0,2106,A
4-HA,398,1,1,0,2128,2130,C
4-HA,399,2087,0,0,0,2087,A
4-HA,400,0,0,0,2123,2123,C
4-HA,401,1,2113,0,5,2119,T
4-HA,402,0,3,2135,0,2138,G
4-HA,403,0,5,2151,1,2157,G
4-HA,404,2144,0,7,0,2151,A
4-HA,405,0,1,2174,0,2175,G
4-HA,406,0,2156,1,1,2158,T
4-HA,407,0,2136,0,1,2137,T
4-HA,408,0,2135,0,5,2140,T
4-HA,409,2128,0,4,1,2133,A
4-HA,410,2140,0,2,0,2142,A
4-HA,411,0,2,0,2156,2158,C
4-HA,412,2130,0,1,0,2131,A
4-HA,413,2135,0,2,0,2137,A
4-HA,414,0,2116,0,1,2117,T
4-HA,415,2,11,2106,1,2120,G
4-HA,416,2106,2,4,0,2112,A
4-HA,417,2107,5,2,0,2114,A
4-HA,418,2109,0,1,0,2110,A
4-HA,419,0,0,2122,0,2122,G
4-HA,420,0,0,0,2131,2131,C
4-HA,421,1,2118,0,1,2120,T
4-HA,422,0,2109,0,0,2109,T
4-HA,423,5,0,0,2129,2134,C
4-HA,424,2137,0,0,0,2137,A
4-HA,425,2143,0,0,0,2143,A
4-HA,426,0,2141,0,4,2145,T
4-HA,427,0,2135,0,1,2136,T
4-HA,428,2,10,2169,0,2181,G
4-HA,429,0,4,2191,0,2195,G
4-HA,430,2196,0,3,0,2199,A
4-HA,431,1,0,1,2198,2200,C
4-HA,432,1,2164,0,4,2169,T
4-HA,433,5,4,2166,1,2176,G
4-HA,434,0,8,2181,0,2189,G
4-HA,435,2175,0,9,0,2184,A
4-HA,436,0,1,2193,0,2194,G
4-HA,437,0,2144,0,1,2145,T
4-HA,438,19,0,0,2108,2127,C
4-HA,439,2153,0,2,0,2155,A
4-HA,440,0,0,0,2159,2159,C
4-HA,441,0,2158,0,0,2158,T
4-HA,442,10,0,0,2157,2167,C
4-HA,443,2142,0,1,0,2143,A
4-HA,444,2168,0,1,0,2169,A
4-HA,445,2162,0,2,1,2165,A
4-HA,446,2167,0,3,1,2171,A
4-HA,447,2,4,0,2173,2179,C
4-HA,448,5,8,2135,0,2148,G
4-HA,449,1,12,2179,0,2192,G
4-HA,450,2188,0,4,0,2192,A
4-HA,451,2189,0,2,0,2191,A
4-HA,452,0,1,0,2186,2187,C
4-HA,453,2175,1,0,0,2176,A
4-HA,454,2193,0,3,0,2196,A
4-HA,455,0,1,2209,0,2210,G
4-HA,456,0,1,0,2209,2210,C
4-HA,457,2,2191,0,4,2197,T
4-HA,458,8,0,0,2196,2204,C
4-HA,459,0,2194,0,0,2194,T
4-HA,460,1,2,2199,1,2203,G
4-HA,461,2,0,0,2200,2202,C
4-HA,462,0,2195,0,5,2200,T
4-HA,463,3,2237,1,1,2242,T
4-HA,464,2,0,2271,0,2273,G
4-HA,465,1,2,0,2293,2296,C
4-HA,466,2300,0,0,0,2300,A
4-HA,467,1,2276,0,1,2278,T
4-HA,468,2274,0,2,1,2277,A
4-HA,469,2263,0,3,0,2266,A
4-HA,470,1,7,2257,0,2265,G
4-HA,471,2,2,2258,0,2262,G
4-HA,472,2178,0,0,0,2178,A
4-HA,473,0,5,2164,0,2169,G
4-HA,474,2157,1,5,0,2163,A
4-HA,475,0,2239,0,0,2239,T
4-HA,476,11,0,0,2253,2264,C
4-HA,477,0,2266,0,1,2267,T
4-HA,478,2284,0,1,0,2285,A
4-HA,479,2286,0,0,0,2286,A
4-HA,480,0,2283,0,0,2283,T
4-HA,481,2277,0,2,0,2279,A
4-HA,482,2251,1,2,0,2254,A
4-HA,483,1,1,0,2258,2260,C
4-HA,484,2157,1,1,1,2160,A
4-HA,485,0,1,2175,0,2176,G
4-HA,486,1,2136,1,2,2140,T
4-HA,487,0,2175,0,1,2176,T
4-HA,488,0,2176,0,2,2178,T
4-HA,489,2,0,0,2227,2229,C
4-HA,490,0,2226,0,2,2228,T
4-HA,491,0,2231,0,1,2232,T
4-HA,492,0,2228,0,1,2229,T
4-HA,493,2201,0,4,0,2205,A
4-HA,494,0,3,2203,0,2206,G
4-HA,495,0,2196,0,3,2199,T
4-HA,496,2192,1,1,0,2194,A
4-HA,497,1,7,2192,0,2200,G
4-HA,498,2147,1,1,0,2149,A
4-HA,499,1,2150,0,0,2151,T
4-HA,500,0,2139,0,1,2140,T
4-HA,501,0,13,2169,1,2183,G
4-HA,502,2182,1,1,0,2184,A
4-HA,503,2184,0,0,0,2184,A
4-HA,504,0,2186,0,0,2186,T
4-HA,505,0,2164,0,1,2165,T
4-HA,506,0,8,2189,0,2197,G
4-HA,507,2,1,2188,0,2191,G
4-HA,508,0,2200,0,0,2200,T
4-HA,509,2,2192,0,1,2195,T
4-HA,510,0,8,2150,0,2158,G
4-HA,511,2153,0,6,0,2159,A
4-HA,512,1,2,0,2150,2153,C
4-HA,513,5,0,0,2148,2153,C
4-HA,514,3,1,0,2144,2148,C
4-HA,515,2142,1,1,1,2145,A
4-HA,516,1,2,0,2167,2170,C
4-HA,517,0,2165,0,0,2165,T
4-HA,518,0,2160,0,1,2161,T
4-HA,519,2164,0,0,0,2164,A
4-HA,520,2153,0,2,0,2155,A
4-HA,521,2163,0,1,0,2164,A
4-HA,522,2182,1,0,0,2183,A
4-HA,523,1,2229,0,0,2230,T
4-HA,524,0,2223,0,1,2224,T
4-HA,525,12,0,0,2228,2240,C
4-HA,526,2227,0,0,0,2227,A
4-HA,527,2227,0,0,0,2227,A
4-HA,528,2226,0,2,0,2228,A
4-HA,529,0,2232,0,0,2232,T
4-HA,530,2286,0,0,0,2286,A
4-HA,531,4,0,0,2279,2283,C
4-HA,532,10,1,0,2227,2238,C
4-HA,533,5,0,0,2235,2240,C
4-HA,534,2224,0,5,0,2229,A
4-HA,535,0,0,2322,0,2322,G
4-HA,536,0,0,0,2333,2333,C
4-HA,537,2328,0,0,0,2328,A
4-HA,538,0,2322,0,1,2323,T
4-HA,539,0,2277,0,2,2279,T
4-HA,540,1,10,2348,0,2359,G
4-HA,541,2359,0,4,0,2363,A
4-HA,542,2363,0,1,0,2364,A
4-HA,543,0,2,0,2359,2361,C
4-HA,544,1,0,2303,0,2304,G
4-HA,545,0,2319,0,3,2322,T
4-HA,546,1,18,2307,0,2326,G
4-HA,547,2335,1,1,0,2337,A
4-HA,548,1,1,0,2327,2329,C
4-HA,549,0,2244,0,0,2244,T
4-HA,550,2289,0,0,0,2289,A
4-HA,551,0,2284,0,2,2286,T
4-HA,552,3,2,2290,0,2295,G
4-HA,553,3,1,0,2285,2289,C
4-HA,554,7,0,1,2259,2267,C
4-HA,555,2257,0,1,0,2258,A
4-HA,556,2258,0,1,1,2260,A
4-HA,557,2289,0,0,0,2289,A
4-HA,558,0,1,0,2307,2308,C
4-HA,559,2231,1,0,0,2232,A
4-HA,560,2246,0,0,0,2246,A
4-HA,561,0,2226,0,1,2227,T
4-HA,562,1,19,2211,0,2231,G
4-HA,563,2230,2,0,0,2232,A
4-HA,564,2223,1,5,1,2230,A
4-HA,565,1,1,0,2175,2177,C
4-HA,566,2202,0,0,0,2202,A
4-HA,567,2219,0,1,0,2220,A
4-HA,568,0,2223,1,0,2224,T
4-HA,569,2,2221,0,3,2226,T
4-HA,570,0,2227,0,0,2227,T
4-HA,571,0,14,2208,0,2222,G
4-HA,572,2219,5,0,0,2224,A
4-HA,573,2,1,0,2220,2223,C
4-HA,574,2215,0,1,0,2216,A
4-HA,575,2226,0,0,0,2226,A
4-HA,576,2258,0,0,0,2258,A
4-HA,577,0,2272,0,1,2273,T
4-HA,578,0,2257,0,0,2257,T
4-HA,579,0,0,2274,0,2274,G
4-HA,580,0,2267,0,1,2268,T
4-HA,581,2269,1,0,0,2270,A
4-HA,582,2,0,0,2320,2322,C
4-HA,583,2329,1,1,0,2331,A
4-HA,584,0,2371,0,1,2372,T
4-HA,585,0,2326,0,1,2327,T
4-HA,586,0,2318,0,0,2318,T
4-HA,587,0,8,2309,0,2317,G
4-HA,588,2,11,2275,0,2288,G
4-HA,589,0,5,2280,0,2285,G
4-HA,590,1,10,2282,1,2294,G
4-HA,591,0,11,2233,0,2244,G
4-HA,592,0,2,2292,0,2294,G
4-HA,593,1,2267,0,3,2271,T
4-HA,594,1,2276,1,1,2279,T
4-HA,595,12,1,0,2275,2288,C
4-HA,596,2290,0,1,0,2291,A
4-HA,597,2,0,0,2314,2316,C
4-HA,598,5,1,0,2303,2309,C
4-HA,599,2310,1,1,3,2315,A
4-HA,600,1,1,1,2327,2330,C
4-HA,601,5,0,0,2286,2291,C
4-HA,602,3,1,3,2279,2286,C
4-HA,603,3,5,2279,0,2287,G
4-HA,604,1,10,2369,0,2380,G
4-HA,605,1,1,2389,0,2391,G
4-HA,606,1,2372,1,2,2376,T
4-HA,607,2381,1,2,0,2384,A
4-HA,608,0,4,0,2362,2366,C
4-HA,609,2,3,2334,0,2339,G
4-HA,610,3,14,2355,0,2372,G
4-HA,611,2372,0,2,0,2374,A
4-HA,612,1,1,0,2368,2370,C
4-HA,613,2244,0,0,0,2244,A
4-HA,614,2243,1,2,0,2246,A
4-HA,615,1,2245,0,2,2248,T
4-HA,616,0,11,2265,0,2276,G
4-HA,617,2278,0,1,0,2279,A
4-HA,618,2,0,0,2271,2273,C
4-HA,619,8,0,0,2228,2236,C
4-HA,620,2239,0,0,0,2239,A
4-HA,621,2237,0,1,1,2239,A
4-HA,622,2288,0,1,0,2289,A
4-HA,623,0,2281,1,1,2283,T
4-HA,624,7,0,0,2300,2307,C
4-HA,625,0,2230,0,1,2231,T
4-HA,626,1,2234,0,3,2238,T
4-HA,627,4,0,1,2263,2268,C
4-HA,628,4,1,0,2270,2275,C
4-HA,629,0,2263,1,3,2267,T
4-HA,630,2,0,2280,0,2282,G
4-HA,631,0,2239,0,2,2241,T
4-HA,632,2269,0,0,0,2269,A
4-HA,633,0,2250,0,1,2251,T
4-HA,634,2,1,2270,1,2274,G
4-HA,635,3,0,0,2269,2272,C
4-HA,636,0,2261,0,1,2262,T
4-HA,637,21,5,0,2230,2256,C
4-HA,638,2253,1,6,0,2260,A
4-HA,639,2251,0,5,0,2256,A
4-HA,640,0,2,2269,0,2271,G
4-HA,641,2,1,0,2274,2277,C
4-HA,642,2271,0,1,0,2272,A
4-HA,643,1,2248,1,0,2250,T
4-HA,644,10,2,0,2228,2240,C
4-HA,645,2230,3,3,0,2236,A
4-HA,646,0,5,2253,0,2258,G
4-HA,647,0,3,2260,0,2263,G
4-HA,648,2260,1,0,0,2261,A
4-HA,649,2241,0,2,1,2244,A
4-HA,650,1,10,2288,0,2299,G
4-HA,651,2290,0,4,0,2294,A
4-HA,652,2321,0,3,0,2324,A
4-HA,653,0,2337,0,1,2338,T
4-HA,654,13,0,1,2326,2340,C
4-HA,655,2323,1,2,0,2326,A
4-HA,656,0,0,0,2329,2329,C
4-HA,657,2329,0,0,1,2330,A
4-HA,658,1,1,2369,0,2371,G
4-HA,659,0,2326,0,1,2327,T
4-HA,660,3,0,0,2347,2350,C
4-HA,661,1,2311,2,3,2317,T
4-HA,662,6,0,0,2383,2389,C
4-HA,663,0,2402,1,3,2406,T
4-HA,664,2436,0,1,0,2437,A
4-HA,665,3,0,0,2432,2435,C
4-HA,666,11,4,0,2416,2431,C
4-HA,667,2390,0,2,0,2392,A
4-HA,668,2403,0,1,0,2404,A
4-HA,669,2392,0,0,1,2393,A
4-HA,670,2387,1,5,0,2393,A
4-HA,671,0,1,2399,0,2400,G
4-HA,672,2350,0,3,0,2353,A
4-HA,673,2336,0,5,1,2342,A
4-HA,674,3,1,2351,0,2355,G
4-HA,675,2,1,0,2357,2360,C
4-HA,676,2,2,0,2355,2359,C
4-HA,677,2357,0,2,0,2359,A
4-HA,678,2347,16,3,0,2366,A
4-HA,679,0,1,0,2364,2365,C
4-HA,680,2369,0,0,0,2369,A
4-HA,681,2357,0,1,15,2373,A
4-HA,682,2370,0,0,0,2370,A
4-HA,683,1,0,0,2426,2427,C
4-HA,684,0,2399,0,4,2403,T
4-HA,685,0,5,2412,0,2417,G
4-HA,686,1,2409,0,1,2411,T
4-HA,687,2398,1,2,0,2401,A
4-HA,688,2404,0,2,2,2408,A
4-HA,689,0,2391,0,4,2395,T
4-HA,690,4,0,0,2405,2409,C
4-HA,691,1,0,0,2417,2418,C
4-HA,692,6,0,0,2374,2380,C
4-HA,693,0,10,2378,0,2388,G
4-HA,694,2373,2,2,1,2378,A
4-HA,695,2377,2,2,0,2381,A
4-HA,696,0,2388,0,0,2388,T
4-HA,697,2381,0,0,0,2381,A
4-HA,698,0,2377,0,1,2378,T
4-HA,699,11,1,0,2338,2350,C
4-HA,700,2,7,2335,0,2344,G
4-HA,701,0,5,2413,0,2418,G
4-HA,702,2419,1,0,1,2421,A
4-HA,703,0,2445,0,0,2445,T
4-HA,704,1,0,0,2439,2440,C
4-HA,705,0,2428,0,4,2432,T
4-HA,706,2438,0,1,0,2439,A
4-HA,707,0,6,2445,0,2451,G
4-HA,708,2463,1,4,0,2468,A
4-HA,709,3,0,0,2464,2467,C
4-HA,710,11,2,0,2387,2400,C
4-HA,711,5,2,3,2389,2399,C
4-HA,712,2378,1,0,1,2380,A
4-HA,713,0,10,2513,0,2523,G
4-HA,714,2516,2,4,0,2522,A
4-HA,715,0,0,2574,0,2574,G
4-HA,716,0,2550,0,1,2551,T
4-HA,717,2524,0,0,1,2525,A
4-HA,718,2519,0,1,1,2521,A
4-HA,719,1,5,2544,0,2550,G
4-HA,720,2,3,2563,1,2569,G
4-HA,721,2539,0,0,1,2540,A
4-HA,722,2322,0,1,0,2323,A
4-HA,723,0,2333,0,0,2333,T
4-HA,724,2343,1,0,1,2345,A
4-HA,725,0,2338,0,3,2341,T
4-HA,726,11,2,0,2359,2372,C
4-HA,727,7,1,0,2359,2367,C
4-HA,728,6,0,0,2294,2300,C
4-HA,729,0,2283,0,1,2284,T
4-HA,730,2294,1,1,0,2296,A
4-HA,731,1,0,2296,0,2297,G
4-HA,732,3,0,0,2291,2294,C
4-HA,733,2241,0,1,0,2242,A
4-HA,734,1,8,2313,0,2322,G
4-HA,735,2279,0,0,0,2279,A
4-HA,736,2288,1,1,0,2290,A
4-HA,737,0,2293,0,0,2293,T
4-HA,738,2290,0,0,0,2290,A
4-HA,739,2299,0,3,0,2302,A
4-HA,740,0,1,2291,0,2292,G
4-HA,741,2,0,0,2304,2306,C
4-HA,742,2307,0,1,0,2308,A
4-HA,743,0,2254,0,3,2257,T
4-HA,744,5,1,0,2378,2384,C
4-HA,745,0,2371,0,2,2373,T
4-HA,746,2388,6,0,0,2394,A
4-HA,747,0,2390,0,1,2391,T
4-HA,748,2,2372,0,1,2375,T
4-HA,749,0,11,2379,0,2390,G
4-HA,750,0,12,2371,0,2383,G
4-HA,751,2377,1,1,0,2379,A
4-HA,752,2,0,0,2377,2379,C
4-HA,753,2219,1,0,1,2221,A
4-HA,754,2283,2,1,0,2286,A
4-HA,755,0,2400,0,1,2401,T
4-HA,756,2414,0,1,0,2415,A
4-HA,757,1,2,2438,0,2441,G
4-HA,758,0,2420,0,3,2423,T
4-HA,759,2415,0,5,0,2420,A
4-HA,760,2415,0,1,0,2416,A
4-HA,761,2451,0,0,0,2451,A
4-HA,762,2466,0,0,0,2466,A
4-HA,763,3,0,0,2479,2482,C
4-HA,764,5,2,0,2364,2371,C
4-HA,765,1,6,2356,0,2363,G
4-HA,766,0,3,2363,2,2368,G
4-HA,767,0,3,2391,0,2394,G
4-HA,768,2398,0,1,0,2399,A
4-HA,769,0,7,2405,0,2412,G
4-HA,770,2434,0,1,0,2435,A
4-HA,771,2,2,0,2428,2432,C
4-HA,772,2420,0,2,5,2427,A
4-HA,773,0,2420,0,1,2421,T
4-HA,774,2441,0,1,0,2442,A
4-HA,775,2,2,0,2483,2487,C
4-HA,776,1,2472,0,4,2477,T
4-HA,777,1,2493,0,2,2496,T
4-HA,778,0,2504,0,3,2507,T
4-HA,779,1,2493,0,0,2494,T
4-HA,780,1,13,2515,0,2529,G
4-HA,781,2526,0,5,2,2533,A
4-HA,782,0,2526,2,1,2529,T
4-HA,783,0,2578,0,1,2579,T
4-HA,784,2557,0,4,0,2561,A
4-HA,785,2567,0,2,0,2569,A
4-HA,786,1,1,0,2605,2607,C
4-HA,787,2586,0,2,1,2589,A
4-HA,788,0,2,2688,1,2691,G
4-HA,789,0,3,0,2673,2676,C
4-HA,790,2682,1,1,0,2684,A
4-HA,791,0,3,0,2696,2699,C
4-HA,792,2667,0,1,0,2668,A
4-HA,793,1,11,2681,1,2694,G
4-HA,794,1,8,2679,0,2688,G
4-HA,795,1,11,2770,0,2782,G
4-HA,796,2766,0,3,1,2770,A
4-HA,797,2774,0,4,1,2779,A
4-HA,798,0,2774,0,3,2777,T
4-HA,799,7,2,0,2781,2790,C
4-HA,800,0,2794,1,2,2797,T
4-HA,801,2810,0,0,0,2810,A
4-HA,802,2797,0,2,0,2799,A
4-HA,803,0,2790,0,1,2791,T
4-HA,804,0,2709,0,5,2714,T
4-HA,805,0,1,2746,0,2747,G
4-HA,806,2,2,0,2799,2803,C
4-HA,807,0,2891,0,1,2892,T
4-HA,808,18,1,0,2957,2976,C
4-HA,809,5,0,0,2977,2982,C
4-HA,810,0,2979,1,2,2982,T
4-HA,811,2986,0,0,0,2986,A
4-HA,812,0,11,2974,0,2985,G
4-HA,813,0,16,3002,0,3018,G
4-HA,814,0,15,3016,0,3031,G
4-HA,815,0,4,2986,0,2990,G
4-HA,816,3,2911,0,1,2915,T
4-HA,817,0,2881,0,0,2881,T
4-HA,818,2885,0,1,0,2886,A
4-HA,819,2,2,0,2922,2926,C
4-HA,820,0,2902,1,4,2907,T
4-HA,821,0,2922,0,3,2925,T
4-HA,822,6,1,0,2914,2921,C
4-HA,823,2910,0,0,1,2911,A
4-HA,824,2918,1,2,0,2921,A
4-HA,825,2915,0,3,0,2918,A
4-HA,826,2949,1,1,0,2951,A
4-HA,827,0,2948,0,1,2949,T
4-HA,828,2915,1,1,0,2917,A
4-HA,829,2,2,0,2913,2917,C
4-HA,830,2,10,2904,0,2916,G
4-HA,831,2918,0,2,0,2920,A
4-HA,832,2907,0,4,0,2911,A
4-HA,833,0,1,2957,0,2958,G
4-HA,834,0,2940,0,2,2942,T
4-HA,835,0,10,2953,0,2963,G
4-HA,836,2,8,2958,0,2968,G
4-HA,837,1,15,2960,0,2976,G
4-HA,838,2972,0,5,0,2977,A
4-HA,839,2978,0,2,0,2980,A
4-HA,840,2977,1,3,0,2981,A
4-HA,841,2968,0,3,0,2971,A
4-HA,842,0,0,3038,0,3038,G
4-HA,843,2,3,0,3017,3022,C
4-HA,844,1,3000,1,3,3005,T
4-HA,845,9,0,1,3035,3045,C
4-HA,846,3037,1,1,0,3039,A
4-HA,847,3066,0,0,0,3066,A
4-HA,848,0,3066,0,0,3066,T
4-HA,849,3110,0,1,0,3111,A
4-HA,850,3100,2,2,0,3104,A
4-HA,851,0,3048,0,1,3049,T
4-HA,852,0,20,3038,0,3058,G
4-HA,853,3025,1,3,0,3029,A
4-HA,854,2,7,3104,1,3114,G
4-HA,855,3118,0,4,0,3122,A
4-HA,856,1,3089,0,3,3093,T
4-HA,857,11,1,1,3139,3152,C
4-HA,858,3123,1,2,0,3126,A
4-HA,859,1,5,3183,0,3189,G
4-HA,860,3184,1,7,0,3192,A
4-HA,861,1,3173,0,1,3175,T
4-HA,862,3,1,3167,0,3171,G
4-HA,863,4,0,0,3117,3121,C
4-HA,864,3118,0,4,0,3122,A
4-HA,865,8,0,0,3178,3186,C
4-HA,866,6,1,1,3137,3145,C
4-HA,867,5,0,0,3142,3147,C
4-HA,868,3085,1,2,0,3088,A
4-HA,869,0,3057,0,3,3060,T
4-HA,870,0,3055,0,2,3057,T
4-HA,871,3,8,3083,0,3094,G
4-HA,872,3,4,3084,1,3092,G
4-HA,873,0,0,1,3087,3088,C
4-HA,874,3050,1,1,1,3053,A
4-HA,875,3043,0,0,0,3043,A
4-HA,876,3091,1,1,0,3093,A
4-HA,877,0,3092,0,2,3094,T
4-HA,878,5,2,3091,2,3100,G
4-HA,879,3,1,1,3091,3096,C
4-HA,880,3052,0,2,0,3054,A
4-HA,881,3139,0,1,0,3140,A
4-HA,882,0,3135,0,1,3136,T
4-HA,883,0,3162,0,1,3163,T
4-HA,884,8,0,0,3169,3177,C
4-HA,885,2,3119,0,2,3123,T
4-HA,886,0,9,3147,0,3156,G
4-HA,887,3150,3,2,0,3155,A
4-HA,888,3164,0,4,1,3169,A
4-HA,889,1,3165,0,1,3167,T
4-HA,890,3,4,3107,0,3114,G
4-HA,891,6,0,0,3120,3126,C
4-HA,892,3121,1,1,0,3123,A
4-HA,893,0,3125,0,3,3128,T
4-HA,894,10,3,0,3115,3128,C
4-HA,895,3117,1,1,1,3120,A
4-HA,896,0,0,0,3239,3239,C
4-HA,897,0,3215,1,6,3222,T
4-HA,898,14,0,0,3224,3238,C
4-HA,899,6,1,0,3224,3231,C
4-HA,900,3241,0,2,1,3244,A
4-HA,901,3245,0,1,0,3246,A
4-HA,902,3242,1,2,1,3246,A
4-HA,903,0,3114,0,1,3115,T
4-HA,904,2,13,3126,0,3141,G
4-HA,905,0,5,3141,0,3146,G
4-HA,906,3151,0,1,0,3152,A
4-HA,907,3136,0,6,0,3142,A
4-HA,908,0,1,3152,0,3153,G
4-HA,909,1,4,0,3111,3116,C
4-HA,910,3085,0,2,0,3087,A
4-HA,911,0,3096,0,1,3097,T
4-HA,912,1,3088,0,2,3091,T
4-HA,913,10,1,0,3177,3188,C
4-HA,914,8,0,0,3167,3175,C
4-HA,915,9,1,0,3171,3181,C
4-HA,916,3179,0,0,0,3179,A
4-HA,917,3236,0,2,1,3239,A
4-HA,918,0,3270,0,0,3270,T
4-HA,919,0,20,3248,0,3268,G
4-HA,920,3255,1,8,0,3264,A
4-HA,921,1,1,0,3262,3264,C
4-HA,922,3159,0,6,0,3165,A
4-HA,923,3173,0,0,0,3173,A
4-HA,924,3169,1,0,1,3171,A
4-HA,925,4,0,0,3182,3186,C
4-HA,926,16,1,1,3131,3149,C
4-HA,927,3081,0,0,0,3081,A
4-HA,928,0,3079,0,2,3081,T
4-HA,929,0,3072,0,6,3078,T
4-HA,930,11,2,0,3079,3092,C
4-HA,931,9,0,0,3079,3088,C
4-HA,932,3082,1,0,1,3084,A
4-HA,933,3083,1,1,0,3085,A
4-HA,934,3066,0,3,1,3070,A
4-HA,935,3112,2,1,0,3115,A
4-HA,936,0,3113,0,0,3113,T
4-HA,937,0,2,3107,0,3109,G
4-HA,938,1,3089,1,3,3094,T
4-HA,939,0,3082,0,0,3082,T
4-HA,940,3125,0,3,0,3128,A
4-HA,941,3127,0,1,0,3128,A
4-HA,942,2,3,0,3133,3138,C
4-HA,943,3107,0,1,0,3108,A
4-HA,944,1,8,3109,0,3118,G
4-HA,945,0,11,3133,0,3144,G
4-HA,946,3188,0,7,0,3195,A
4-HA,947,0,3195,0,4,3199,T
4-HA,948,5,0,0,3209,3214,C
4-HA,949,3226,1,2,0,3229,A
4-HA,950,0,0,1,3342,3343,C
4-HA,951,3349,0,2,0,3351,A
4-HA,952,0,3427,0,1,3428,T
4-HA,953,3356,0,4,0,3360,A
4-HA,954,2,5,0,3314,3321,C
4-HA,955,1,9,3192,1,3203,G
4-HA,956,2,11,3198,0,3211,G
4-HA,957,1,11,3182,0,3194,G
4-HA,958,2,1,3190,1,3194,G
4-HA,959,1,1,0,3125,3127,C
4-HA,960,8,2,0,3107,3117,C
4-HA,961,0,3043,2,3,3048,T
4-HA,962,1,4,3288,1,3294,G
4-HA,963,3,3294,0,4,3301,T
4-HA,964,6,0,0,3322,3328,C
4-HA,965,10,2,3,3305,3320,C
4-HA,966,11,0,0,3316,3327,C
4-HA,967,3307,0,4,0,3311,A
4-HA,968,1,6,3333,0,3340,G
4-HA,969,3327,1,1,0,3329,A
4-HA,970,0,3326,0,0,3326,T
4-HA,971,3076,0,0,0,3076,A
4-HA,972,0,3029,0,3,3032,T
4-HA,973,1,2,3043,0,3046,G
4-HA,974,0,3030,0,3,3033,T
4-HA,975,1,2979,0,1,2981,T
4-HA,976,2997,1,0,0,2998,A
4-HA,977,2964,0,2,0,2966,A
4-HA,978,0,20,2974,1,2995,G
4-HA,979,4,2,0,2976,2982,C
4-HA,980,2911,0,1,1,2913,A
4-HA,981,2902,1,0,1,2904,A
4-HA,982,2892,0,1,1,2894,A
4-HA,983,2886,0,4,0,2890,A
4-HA,984,0,2,0,2889,2891,C
4-HA,985,2863,0,1,0,2864,A
4-HA,986,1,0,0,2900,2901,C
4-HA,987,0,2836,0,4,2840,T
4-HA,988,10,1,0,2851,2862,C
4-HA,989,0,2847,0,3,2850,T
4-HA,990,2,10,2880,0,2892,G
4-HA,991,2884,1,2,0,2887,A
4-HA,992,2875,0,2,0,2877,A
4-HA,993,2878,0,4,0,2882,A
4-HA,994,0,2858,0,2,2860,T
4-HA,995,0,2822,0,2,2824,T
4-HA,996,3,9,2840,0,2852,G
4-HA,997,2,1,2851,0,2854,G
4-HA,998,1,2,0,2855,2858,C
4-HA,999,2828,0,1,0,2829,A
4-HA,1000,2831,1,3,0,2835,A
4-HA,1001,1,0,0,2830,2831,C
4-HA,1002,2826,0,2,0,2828,A
4-HA,1003,2,5,2849,0,2856,G
4-HA,1004,2,7,2834,0,2843,G
4-HA,1005,2,9,2825,1,2837,G
4-HA,1006,2839,1,3,0,2843,A
4-HA,1007,3,2814,0,3,2820,T
4-HA,1008,0,1,2831,0,2832,G
4-HA,1009,3,2,2,2816,2823,C
4-HA,1010,1,6,2820,0,2827,G
4-HA,1011,2856,1,2,0,2859,A
4-HA,1012,2797,0,1,0,2798,A
4-HA,1013,2809,1,4,0,2814,A
4-HA,1014,1,2791,0,1,2793,T
4-HA,1015,4,3,2831,0,2838,G
4-HA,1016,2,2830,0,1,2833,T
4-HA,1017,2820,2,3,0,2825,A
4-HA,1018,7,0,0,2814,2821,C
4-HA,1019,22,0,1,2778,2801,C
4-HA,1020,2735,0,2,0,2737,A
4-HA,1021,0,12,2735,0,2747,G
4-HA,1022,2697,0,3,0,2700,A
4-HA,1023,4,10,2718,1,2733,G
4-HA,1024,2694,0,3,0,2697,A
4-HA,1025,2684,1,4,1,2690,A
4-HA,1026,2703,0,4,0,2707,A
4-HA,1027,4,0,1,2696,2701,C
4-HA,1028,2687,0,1,0,2688,A
4-HA,1029,2723,1,2,1,2727,A
4-HA,1030,2713,0,3,0,2716,A
4-HA,1031,2,1,1,2736,2740,C
4-HA,1032,0,2709,0,0,2709,T
4-HA,1033,2680,0,1,0,2681,A
4-HA,1034,0,3,2679,0,2682,G
4-HA,1035,2656,0,4,0,2660,A
4-HA,1036,0,9,2721,0,2730,G
4-HA,1037,2,3,2713,0,2718,G
4-HA,1038,2,0,0,2665,2667,C
4-HA,1039,2670,1,1,0,2672,A
4-HA,1040,0,2682,0,1,2683,T
4-HA,1041,2692,0,0,1,2693,A
4-HA,1042,1,2680,0,1,2682,T
4-HA,1043,0,2665,0,2,2667,T
4-HA,1044,2,2662,0,2,2666,T
4-HA,1045,3,8,2553,0,2564,G
4-HA,1046,0,6,2556,0,2562,G
4-HA,1047,1,3,0,2550,2554,C
4-HA,1048,0,0,2546,1,2547,G
4-HA,1049,2,0,0,2532,2534,C
4-HA,1050,2516,0,1,0,2517,A
4-HA,1051,2535,0,2,0,2537,A
4-HA,1052,0,2531,0,1,2532,T
4-HA,1053,11,2,0,2529,2542,C
4-HA,1054,3,1,2532,0,2536,G
4-HA,1055,0,3,1,2530,2534,C
4-HA,1056,1,7,2526,0,2534,G
4-HA,1057,1,4,2536,0,2541,G
4-HA,1058,0,0,2542,1,2543,G
4-HA,1059,0,2540,0,2,2542,T
4-HA,1060,0,2505,0,0,2505,T
4-HA,1061,0,2503,0,0,2503,T
4-HA,1062,10,0,0,2495,2505,C
4-HA,1063,2509,0,1,0,2510,A
4-HA,1064,0,2511,0,2,2513,T
4-HA,1065,2505,1,2,0,2508,A
4-HA,1066,1,7,2527,0,2535,G
4-HA,1067,2475,0,4,0,2479,A
4-HA,1068,2479,1,0,1,2481,A
4-HA,1069,2477,1,1,0,2479,A
4-HA,1070,2492,1,2,0,2495,A
4-HA,1071,1,2494,0,1,2496,T
4-HA,1072,1,6,2510,0,2517,G
4-HA,1073,0,3,2522,0,2525,G
4-HA,1074,0,2507,0,2,2509,T
4-HA,1075,1,2440,0,1,2442,T
4-HA,1076,0,8,2435,0,2443,G
4-HA,1077,3,1,2438,0,2442,G
4-HA,1078,0,5,2446,0,2451,G
4-HA,1079,2405,0,2,0,2407,A
4-HA,1080,2,2,2415,0,2419,G
4-HA,1081,0,8,2361,0,2369,G
4-HA,1082,2,8,2389,0,2399,G
4-HA,1083,2386,0,9,0,2395,A
4-HA,1084,2413,0,1,0,2414,A
4-HA,1085,0,2403,0,0,2403,T
4-HA,1086,0,8,2405,0,2413,G
4-HA,1087,1,1,2450,0,2452,G
4-HA,1088,1,2427,0,1,2429,T
4-HA,1089,1,3,2413,0,2417,G
4-HA,1090,0,4,2401,0,2405,G
4-HA,1091,2352,0,1,0,2353,A
4-HA,1092,0,2360,1,3,2364,T
4-HA,1093,1,6,2373,0,2380,G
4-HA,1094,1,1,2410,0,2412,G
4-HA,1095,0,2368,0,0,2368,T
4-HA,1096,0,2298,0,0,2298,T
4-HA,1097,0,8,2297,0,2305,G
4-HA,1098,2,0,2352,0,2354,G
4-HA,1099,1,2345,0,3,2349,T
4-HA,1100,2348,0,2,0,2350,A
4-HA,1101,1,1,1,2244,2247,C
4-HA,1102,0,6,2261,0,2267,G
4-HA,1103,0,0,2341,0,2341,G
4-HA,1104,1,2342,0,1,2344,T
4-HA,1105,0,2336,0,0,2336,T
4-HA,1106,0,2327,0,1,2328,T
4-HA,1107,7,1,0,2286,2294,C
4-HA,1108,2283,1,4,0,2288,A
4-HA,1109,0,6,2285,0,2291,G
4-HA,1110,0,3,2282,0,2285,G
4-HA,1111,0,2,0,2275,2277,C
4-HA,1112,2180,0,2,0,2182,A
4-HA,1113,1,2198,0,1,2200,T
4-HA,1114,4,1,0,2196,2201,C
4-HA,1115,2205,0,1,0,2206,A
4-HA,1116,2204,1,1,0,2206,A
4-HA,1117,2205,0,0,0,2205,A
4-HA,1118,2211,0,0,0,2211,A
4-HA,1119,0,2215,0,3,2218,T
4-HA,1120,0,2218,1,1,2220,T
4-HA,1121,8,0,0,2222,2230,C
4-HA,1122,0,2190,0,5,2195,T
4-HA,1123,1,2,2190,1,2194,G
4-HA,1124,2193,0,2,0,2195,A
4-HA,1125,2164,0,3,0,2167,A
4-HA,1126,1,4,2194,1,2200,G
4-HA,1127,0,4,2231,0,2235,G
4-HA,1128,2228,0,1,0,2229,A
4-HA,1129,2219,0,3,0,2222,A
4-HA,1130,0,5,2198,0,2203,G
4-HA,1131,2229,1,7,0,2237,A
4-HA,1132,0,4,2257,0,2261,G
4-HA,1133,1,6,2257,0,2264,G
4-HA,1134,2258,0,6,0,2264,A
4-HA,1135,1,0,0,2266,2267,C
4-HA,1136,2238,1,2,0,2241,A
4-HA,1137,2246,0,1,0,2247,A
4-HA,1138,0,0,2253,0,2253,G
4-HA,1139,0,0,0,2253,2253,C
4-HA,1140,2220,0,1,0,2221,A
4-HA,1141,0,1,2224,0,2225,G
4-HA,1142,1,1,0,2215,2217,C
4-HA,1143,2203,0,2,3,2208,A
4-HA,1144,1,6,2223,0,2230,G
4-HA,1145,2202,0,3,0,2205,A
4-HA,1146,0,2256,0,1,2257,T
4-HA,1147,8,0,0,2261,2269,C
4-HA,1148,0,2245,0,7,2252,T
4-HA,1149,11,1,0,2285,2297,C
4-HA,1150,2292,0,1,0,2293,A
4-HA,1151,2290,0,0,0,2290,A
4-HA,1152,2288,0,0,0,2288,A
4-HA,1153,2247,0,5,0,2252,A
4-HA,1154,0,3,2256,0,2259,G
4-HA,1155,4,0,0,2219,2223,C
4-HA,1156,2203,0,2,0,2205,A
4-HA,1157,2,1,0,2245,2248,C
4-HA,1158,0,2224,0,4,2228,T
4-HA,1159,13,2,1,2225,2241,C
4-HA,1160,2241,1,0,0,2242,A
4-HA,1161,2271,0,2,1,2274,A
4-HA,1162,3,1,2268,1,2273,G
4-HA,1163,4,2,0,2264,2270,C
4-HA,1164,2247,0,4,0,2251,A
4-HA,1165,0,0,2264,0,2264,G
4-HA,1166,3,4,0,2225,2232,C
4-HA,1167,2222,0,0,0,2222,A
4-HA,1168,2221,0,0,0,2221,A
4-HA,1169,0,2207,0,1,2208,T
4-HA,1170,7,0,0,2159,2166,C
4-HA,1171,2,10,2158,0,2170,G
4-HA,1172,2166,0,1,0,2167,A
4-HA,1173,0,2155,0,2,2157,T
4-HA,1174,6,0,0,2146,2152,C
4-HA,1175,2143,1,1,0,2145,A
4-HA,1176,2193,0,2,0,2195,A
4-HA,1177,2201,1,0,0,2202,A
4-HA,1178,0,2205,1,0,2206,T
4-HA,1179,18,1,0,2187,2206,C
4-HA,1180,2157,0,11,0,2168,A
4-HA,1181,2186,0,2,0,2188,A
4-HA,1182,0,2182,0,2,2184,T
4-HA,1183,0,9,2180,0,2189,G
4-HA,1184,1,5,2183,0,2189,G
4-HA,1185,1,5,2161,0,2167,G
4-HA,1186,2156,0,3,0,2159,A
4-HA,1187,2156,0,2,1,2159,A
4-HA,1188,0,2,2188,0,2190,G
4-HA,1189,1,0,1,2187,2189,C
4-HA,1190,0,2169,0,1,2170,T
4-HA,1191,0,8,2253,0,2261,G
4-HA,1192,2255,1,3,0,2259,A
4-HA,1193,2253,0,2,0,2255,A
4-HA,1194,0,2261,0,0,2261,T
4-HA,1195,2206,0,1,0,2207,A
4-HA,1196,0,1,2205,0,2206,G
4-HA,1197,2030,0,2,0,2032,A
4-HA,1198,0,2044,0,0,2044,T
4-HA,1199,0,2038,0,0,2038,T
4-HA,1200,0,6,2047,0,2053,G
4-HA,1201,2043,0,1,0,2044,A
4-HA,1202,1,2031,1,0,2033,T
4-HA,1203,15,4,0,2026,2045,C
4-HA,1204,1,5,2044,0,2050,G
4-HA,1205,1,7,2031,0,2039,G
4-HA,1206,2,7,2035,0,2044,G
4-HA,1207,2039,0,1,0,2040,A
4-HA,1208,2043,0,0,0,2043,A
4-HA,1209,2029,0,2,0,2031,A
4-HA,1210,2037,0,2,1,2040,A
4-HA,1211,2,0,0,2035,2037,C
4-HA,1212,8,0,0,2029,2037,C
4-HA,1213,2022,0,1,0,2023,A
4-HA,1214,2022,0,1,0,2023,A
4-HA,1215,1,1,0,2027,2029,C
4-HA,1216,3,4,2029,0,2036,G
4-HA,1217,2035,0,2,0,2037,A
4-HA,1218,1,4,2032,0,2037,G
4-HA,1219,2018,0,3,1,2022,A
4-HA,1220,2026,0,0,0,2026,A
4-HA,1221,2014,1,1,2,2018,A
4-HA,1222,0,2029,0,1,2030,T
4-HA,1223,0,2012,0,4,2016,T
4-HA,1224,7,0,1,2008,2016,C
4-HA,1225,8,0,0,2000,2008,C
4-HA,1226,2007,0,1,3,2011,A
4-HA,1227,1,2003,0,2,2006,T
4-HA,1228,9,0,0,1996,2005,C
4-HA,1229,1982,1,1,0,1984,A
4-HA,1230,2,1,1995,0,1998,G
4-HA,1231,1984,0,0,0,1984,A
4-HA,1232,0,1983,0,0,1983,T
4-HA,1233,0,1964,0,0,1964,T
4-HA,1234,1,8,1970,0,1979,G
4-HA,1235,1979,0,0,1,1980,A
4-HA,1236,1983,0,0,0,1983,A
4-HA,1237,1983,0,1,1,1985,A
4-HA,1238,1977,0,1,0,1978,A
4-HA,1239,1955,0,4,0,1959,A
4-HA,1240,1,3,1960,0,1964,G
4-HA,1241,1945,0,1,0,1946,A
4-HA,1242,1950,0,2,0,1952,A
4-HA,1243,0,1922,1,1,1924,T
4-HA,1244,0,1918,0,2,1920,T
4-HA,1245,6,1,0,1926,1933,C
4-HA,1246,1,1925,0,1,1927,T
4-HA,1247,10,1,0,1919,1930,C
4-HA,1248,1923,0,1,0,1924,A
4-HA,1249,0,2,1924,0,1926,G
4-HA,1250,1918,0,2,0,1920,A
4-HA,1251,1900,0,5,0,1905,A
4-HA,1252,2,1,1922,0,1925,G
4-HA,1253,0,1915,0,0,1915,T
4-HA,1254,13,2,0,1891,1906,C
4-HA,1255,3,1,1906,1,1911,G
4-HA,1256,1906,0,2,0,1908,A
4-HA,1257,1907,1,4,0,1912,A
4-HA,1258,0,2,1908,0,1910,G
4-HA,1259,0,6,1927,0,1933,G
4-HA,1260,1,7,1921,0,1929,G
4-HA,1261,1877,0,0,0,1877,A
4-HA,1262,1,1,1894,0,1896,G
4-HA,1263,1878,0,1,0,1879,A
4-HA,1264,1983,1,1,0,1985,A
4-HA,1265,0,1988,0,3,1991,T
4-HA,1266,0,1985,1,1,1987,T
4-HA,1267,6,2,0,1986,1994,C
4-HA,1268,1938,1,9,0,1948,A
4-HA,1269,0,5,1946,1,1952,G
4-HA,1270,1,7,1935,0,1943,G
4-HA,1271,1936,0,2,1,1939,A
4-HA,1272,4,1,0,1942,1947,C
4-HA,1273,3,0,0,1778,1781,C
4-HA,1274,0,1755,0,1,1756,T
4-HA,1275,0,1716,0,50,1766,T
4-HA,1276,0,12,1764,0,1776,G
4-HA,1277,1777,0,0,0,1777,A
4-HA,1278,0,3,1806,0,1809,G
4-HA,1279,1797,0,2,0,1799,A
4-HA,1280,1697,0,0,1,1698,A
4-HA,1281,1685,0,1,0,1686,A
4-HA,1282,1,1657,0,1,1659,T
4-HA,1283,1680,0,1,1,1682,A
4-HA,1284,0,1675,0,2,1677,T
4-HA,1285,0,2,1683,0,1685,G
4-HA,1286,0,1674,1,3,1678,T
4-HA,1287,0,1624,0,1,1625,T
4-HA,1288,0,3,1629,0,1632,G
4-HA,1289,1612,1,0,0,1613,A
4-HA,1290,3,4,1609,0,1616,G
4-HA,1291,0,8,1604,0,1612,G
4-HA,1292,1580,0,1,0,1581,A
4-HA,1293,1,1,0,1609,1611,C
4-HA,1294,1600,0,3,0,1603,A
4-HA,1295,1,0,0,1646,1647,C
4-HA,1296,3,0,0,1645,1648,C
4-HA,1297,1650,1,1,0,1652,A
4-HA,1298,1697,1,1,0,1699,A
4-HA,1299,1690,0,4,0,1694,A
4-HA,1300,1710,0,1,0,1711,A
4-HA,1301,0,1706,0,5,1711,T
4-HA,1302,1658,0,0,0,1658,A
4-HA,1303,0,7,1662,0,1669,G
4-HA,1304,1629,0,2,0,1631,A
4-HA,1305,0,1647,0,0,1647,T
4-HA,1306,2,1,0,1645,1648,C
4-HA,1307,0,1609,0,2,1611,T
4-HA,1308,3,0,0,1635,1638,C
4-HA,1309,0,1641,0,0,1641,T
4-HA,1310,0,8,1680,0,1688,G
4-HA,1311,0,2,1712,0,1714,G
4-HA,1312,0,1697,0,3,1700,T
4-HA,1313,12,0,0,1690,1702,C
4-HA,1314,1712,0,2,0,1714,A
4-HA,1315,0,1720,0,2,1722,T
4-HA,1316,1722,1,1,0,1724,A
4-HA,1317,0,0,0,1720,1720,C
4-HA,1318,1663,0,2,0,1665,A
4-HA,1319,1675,0,2,0,1677,A
4-HA,1320,1,2,0,1630,1633,C
4-HA,1321,1,1,1635,0,1637,G
4-HA,1322,1,2,0,1633,1636,C
4-HA,1323,2,6,1618,0,1626,G
4-HA,1324,0,3,1636,0,1639,G
4-HA,1325,1636,0,1,1,1638,A
4-HA,1326,0,0,1662,0,1662,G
4-HA,1327,1,0,0,1654,1655,C
4-HA,1328,0,1647,0,5,1652,T
4-HA,1329,0,1659,1,2,1662,T
4-HA,1330,3,0,0,1662,1665,C
4-HA,1331,1,1665,0,2,1668,T
4-HA,1332,0,1671,0,1,1672,T
4-HA,1333,0,1,1671,0,1672,G
4-HA,1334,0,1663,0,3,1666,T
4-HA,1335,2,1627,0,1,1630,T
4-HA,1336,2,0,1663,0,1665,G
4-HA,1337,1,0,0,1658,1659,C
4-HA,1338,3,0,0,1648,1651,C
4-HA,1339,11,0,0,1648,1659,C
4-HA,1340,1,1657,0,0,1658,T
4-HA,1341,0,2,1671,0,1673,G
4-HA,1342,0,4,1670,0,1674,G
4-HA,1343,1669,0,5,0,1674,A
4-HA,1344,0,6,1678,0,1684,G
4-HA,1345,1651,0,3,0,1654,A
4-HA,1346,1667,1,0,0,1668,A
4-HA,1347,3,3,0,1690,1696,C
4-HA,1348,5,0,0,1690,1695,C
4-HA,1349,1686,0,3,0,1689,A
4-HA,1350,1750,0,2,0,1752,A
4-HA,1351,0,0,0,1750,1750,C
4-HA,1352,1751,1,0,0,1752,A
4-HA,1353,0,1746,0,1,1747,T
4-HA,1354,1746,0,1,0,1747,A
4-HA,1355,3,1,0,1792,1796,C
4-HA,1356,1752,0,1,0,1753,A
4-HA,1357,1763,0,0,0,1763,A
4-HA,1358,0,1761,0,0,1761,T
4-HA,1359,1,1712,0,1,1714,T
4-HA,1360,0,12,1727,1,1740,G
4-HA,1361,1750,0,0,0,1750,A
4-HA,1362,0,1747,0,3,1750,T
4-HA,1363,6,0,0,1751,1757,C
4-HA,1364,0,1729,0,0,1729,T
4-HA,1365,1743,0,1,0,1744,A
4-HA,1366,1743,1,1,0,1745,A
4-HA,1367,1,1,0,1744,1746,C
4-HA,1368,0,1731,0,1,1732,T
4-HA,1369,0,11,1710,0,1721,G
4-HA,1370,1732,1,1,0,1734,A
4-HA,1371,2,0,0,1735,1737,C
4-HA,1372,0,1731,0,3,1734,T
4-HA,1373,4,1,0,1727,1732,C
4-HA,1374,1727,0,0,0,1727,A
4-HA,1375,0,6,1761,0,1767,G
4-HA,1376,1763,0,0,0,1763,A
4-HA,1377,1765,0,1,0,1766,A
4-HA,1378,1762,0,1,0,1763,A
4-HA,1379,0,1746,0,2,1748,T
4-HA,1380,1,20,1742,0,1763,G
4-HA,1381,1767,0,0,0,1767,A
4-HA,1382,1761,0,7,0,1768,A
4-HA,1383,1,0,0,1767,1768,C
4-HA,1384,1736,0,0,0,1736,A
4-HA,1385,1736,0,0,0,1736,A
4-HA,1386,1735,0,1,0,1736,A
4-HA,1387,1,0,0,1742,1743,C
4-HA,1388,0,1721,0,0,1721,T
4-HA,1389,1,1,1732,0,1734,G
4-HA,1390,0,1717,0,1,1718,T
4-HA,1391,0,1716,0,0,1716,T
4-HA,1392,1,1719,0,0,1720,T
4-HA,1393,0,1,1718,0,1719,G
4-HA,1394,1707,0,0,1,1708,A
4-HA,1395,1715,0,1,0,1716,A
4-HA,1396,1712,0,0,0,1712,A
4-HA,1397,1717,0,1,0,1718,A
4-HA,1398,1708,0,1,0,1709,A
4-HA,1399,1712,0,1,1,1714,A
4-HA,1400,0,2,0,1718,1720,C
4-HA,1401,1719,0,2,0,1721,A
4-HA,1402,1719,0,1,0,1720,A
4-HA,1403,1715,1,3,1,1720,A
4-HA,1404,1,2,1736,0,1739,G
4-HA,1405,1744,0,1,0,1745,A
4-HA,1406,1733,0,4,0,1737,A
4-HA,1407,0,0,1742,0,1742,G
4-HA,1408,1,0,0,1739,1740,C
4-HA,1409,1733,0,0,0,1733,A
4-HA,1410,1747,0,1,0,1748,A
4-HA,1411,2,1,0,1752,1755,C
4-HA,1412,1,1739,0,2,1742,T
4-HA,1413,2,3,1752,0,1757,G
4-HA,1414,1739,0,4,0,1743,A
4-HA,1415,2,11,1748,0,1761,G
4-HA,1416,0,6,1755,0,1761,G
4-HA,1417,0,6,1755,0,1761,G
4-HA,1418,1766,0,3,0,1769,A
4-HA,1419,1756,0,2,0,1758,A
4-HA,1420,1746,0,4,1,1751,A
4-HA,1421,1772,0,0,0,1772,A
4-HA,1422,1,1763,1,0,1765,T
4-HA,1423,1,2,1770,0,1773,G
4-HA,1424,1,0,0,1777,1778,C
4-HA,1425,0,1745,0,0,1745,T
4-HA,1426,0,3,1748,0,1751,G
4-HA,1427,1744,0,2,0,1746,A
4-HA,1428,1,2,1832,0,1835,G
4-HA,1429,1,3,1864,0,1868,G
4-HA,1430,1825,0,0,0,1825,A
4-HA,1431,2,1823,0,0,1825,T
4-HA,1432,1807,0,1,0,1808,A
4-HA,1433,0,1797,0,2,1799,T
4-HA,1434,0,9,1819,0,1828,G
4-HA,1435,0,6,1834,0,1840,G
4-HA,1436,1,1,1835,0,1837,G
4-HA,1437,1,0,0,1758,1759,C
4-HA,1438,1700,0,1,0,1701,A
4-HA,1439,1700,0,2,0,1702,A
4-HA,1440,1,1693,0,0,1694,T
4-HA,1441,1,13,1682,0,1696,G
4-HA,1442,0,1,1692,0,1693,G
4-HA,1443,0,1670,0,0,1670,T
4-HA,1444,0,1618,0,3,1621,T
4-HA,1445,0,2,1635,0,1637,G
4-HA,1446,0,1655,0,5,1660,T
4-HA,1447,1,1653,0,4,1658,T
4-HA,1448,0,1653,0,0,1653,T
4-HA,1449,8,1,0,1651,1660,C
4-HA,1450,1657,0,1,0,1658,A
4-HA,1451,1666,0,0,0,1666,A
4-HA,1452,1666,0,1,0,1667,A
4-HA,1453,1686,1,0,0,1687,A
4-HA,1454,0,1680,0,1,1681,T
4-HA,1455,1664,0,0,1,1665,A
4-HA,1456,0,1678,0,2,1680,T
4-HA,1457,1676,0,1,0,1677,A
4-HA,1458,1,0,0,1712,1713,C
4-HA,1459,7,0,0,1702,1709,C
4-HA,1460,1708,0,1,0,1709,A
4-HA,1461,3,0,0,1733,1736,C
4-HA,1462,1725,0,0,0,1725,A
4-HA,1463,1728,0,0,0,1728,A
4-HA,1464,1667,0,0,58,1725,A
4-HA,1465,0,1720,1,1,1722,T
4-HA,1466,0,4,1729,0,1733,G
4-HA,1467,1,1681,0,4,1686,T
4-HA,1468,2,13,1692,0,1707,G
4-HA,1469,1703,0,3,0,1706,A
4-HA,1470,0,0,0,1705,1705,C
4-HA,1471,1678,0,0,0,1678,A
4-HA,1472,1674,1,1,0,1676,A
4-HA,1473,0,1700,0,0,1700,T
4-HA,1474,1,0,1711,0,1712,G
4-HA,1475,0,0,1,1703,1704,C
4-HA,1476,5,0,0,1705,1710,C
4-HA,1477,0,1686,0,2,1688,T
4-HA,1478,1,2,1775,0,1778,G
4-HA,1479,3,1,0,1774,1778,C
4-HA,1480,1781,0,0,0,1781,A
4-HA,1481,0,1783,0,0,1783,T
4-HA,1482,1720,1,2,2,1725,A
4-HA,1483,1,3,1726,0,1730,G
4-HA,1484,0,4,1719,0,1723,G
4-HA,1485,1721,1,0,0,1722,A
4-HA,1486,0,1710,1,1,1712,T
4-HA,1487,6,1,0,1617,1624,C
4-HA,1488,1619,0,0,0,1619,A
4-HA,1489,1635,1,0,0,1636,A
4-HA,1490,0,1628,0,1,1629,T
4-HA,1491,5,0,0,1627,1632,C
4-HA,1492,1598,0,1,0,1599,A
4-HA,1493,0,5,1605,0,1610,G
4-HA,1494,1607,0,1,0,1608,A
4-HA,1495,1610,0,0,0,1610,A
4-HA,1496,1608,0,0,0,1608,A
4-HA,1497,0,1601,1,0,1602,T
4-HA,1498,0,9,1587,0,1596,G
4-HA,1499,0,7,1591,0,1598,G
4-HA,1500,1594,0,1,0,1595,A
4-HA,1501,1599,0,4,0,1603,A
4-HA,1502,0,0,0,1597,1597,C
4-HA,1503,0,1583,0,4,1587,T
4-HA,1504,0,1585,0,4,1589,T
4-HA,1505,1585,1,0,0,1586,A
4-HA,1506,0,1583,0,1,1584,T
4-HA,1507,1,11,1572,0,1584,G
4-HA,1508,1578,0,4,0,1582,A
4-HA,1509,2,0,0,1571,1573,C
4-HA,1510,6,0,0,1555,1561,C
4-HA,1511,1559,1,0,0,1560,A
4-HA,1512,1,0,0,1601,1602,C
4-HA,1513,0,3,1635,0,1638,G
4-HA,1514,1672,1,1,0,1674,A
4-HA,1515,0,1707,0,0,1707,T
4-HA,1516,2,0,1758,0,1760,G
4-HA,1517,1,1746,0,0,1747,T
4-HA,1518,1813,0,2,0,1815,A
4-HA,1519,0,1816,0,1,1817,T
4-HA,1520,1802,0,3,0,1805,A
4-HA,1521,2,0,1,1795,1798,C
4-HA,1522,1623,0,1,0,1624,A
4-HA,1523,0,4,1636,0,1640,G
4-HA,1524,1548,0,1,0,1549,A
4-HA,1525,1,1,1482,0,1484,G
4-HA,1526,1467,0,1,0,1468,A
4-HA,1527,0,1384,0,0,1384,T
4-HA,1528,0,3,1377,1,1381,G
4-HA,1529,1379,0,0,0,1379,A
4-HA,1530,1369,0,6,0,1375,A
4-HA,1531,0,2,1406,0,1408,G
4-HA,1532,0,0,0,1382,1382,C
4-HA,1533,1377,0,0,0,1377,A
4-HA,1534,1,1365,1,1,1368,T
4-HA,1535,0,1365,0,0,1365,T
4-HA,1536,1377,0,0,0,1377,A
4-HA,1537,1375,0,0,0,1375,A
4-HA,1538,1379,1,0,0,1380,A
4-HA,1539,0,0,0,1378,1378,C
4-HA,1540,1336,0,0,0,1336,A
4-HA,1541,1337,0,2,1,1340,A
4-HA,1542,0,1,0,1337,1338,C
4-HA,1543,3,1,0,1325,1329,C
4-HA,1544,0,6,1326,0,1332,G
4-HA,1545,0,0,1362,0,1362,G
4-HA,1546,0,1358,0,6,1364,T
4-HA,1547,0,1358,0,1,1359,T
4-HA,1548,7,0,0,1354,1361,C
4-HA,1549,1,1,0,1356,1358,C
4-HA,1550,1347,2,1,1,1351,A
4-HA,1551,0,4,1370,0,1374,G
4-HA,1552,1371,0,0,0,1371,A
4-HA,1553,1,1375,0,0,1376,T
4-HA,1554,6,0,1,1331,1338,C
4-HA,1555,1319,0,1,0,1320,A
4-HA,1556,1320,0,2,0,1322,A
4-HA,1557,1,2,1319,0,1322,G
4-HA,1558,0,2,1321,0,1323,G
4-HA,1559,0,5,1312,0,1317,G
4-HA,1560,1255,0,1,0,1256,A
4-HA,1561,1,1,1264,0,1266,G
4-HA,1562,0,1266,0,1,1267,T
4-HA,1563,1,1262,0,0,1263,T
4-HA,1564,2,7,1269,0,1278,G
4-HA,1565,1265,0,1,0,1266,A
4-HA,1566,0,2,1270,0,1272,G
4-HA,1567,0,0,0,1271,1271,C
4-HA,1568,0,1260,1,1,1262,T
4-HA,1569,0,3,1263,0,1266,G
4-HA,1570,1258,0,1,0,1259,A
4-HA,1571,1264,0,3,0,1267,A
4-HA,1572,0,2,1266,0,1268,G
4-HA,1573,0,1241,0,1,1242,T
4-HA,1574,8,0,0,1233,1241,C
4-HA,1575,1215,0,1,0,1216,A
4-HA,1576,0,6,1210,0,1216,G
4-HA,1577,0,8,1203,1,1212,G
4-HA,1578,1,0,1187,0,1188,G
4-HA,1579,0,1230,0,1,1231,T
4-HA,1580,1235,0,2,0,1237,A
4-HA,1581,3,0,0,1233,1236,C
4-HA,1582,1221,0,1,0,1222,A
4-HA,1583,1224,0,0,0,1224,A
4-HA,1584,1225,0,1,0,1226,A
4-HA,1585,0,2,1234,0,1236,G
4-HA,1586,1206,0,1,0,1207,A
4-HA,1587,0,1165,0,2,1167,T
4-HA,1588,1,1150,0,1,1152,T
4-HA,1589,1,3,1149,0,1153,G
4-HA,1590,0,2,1153,0,1155,G
4-HA,1591,1165,0,2,0,1167,A
4-HA,1592,1,1166,0,1,1168,T
4-HA,1593,4,0,0,1161,1165,C
4-HA,1594,3,0,0,1136,1139,C
4-HA,1595,1,1121,0,0,1122,T
4-HA,1596,1129,0,0,1,1130,A
4-HA,1597,0,1129,0,0,1129,T
4-HA,1598,1,2,1125,0,1128,G
4-HA,1599,0,3,1128,1,1132,G
4-HA,1600,1104,0,1,0,1105,A
4-HA,1601,0,1099,1,1,1101,T
4-HA,1602,0,1085,0,1,1086,T
4-HA,1603,0,1088,0,0,1088,T
4-HA,1604,8,0,0,1084,1092,C
4-HA,1605,4,0,0,1083,1087,C
4-HA,1606,0,1064,0,3,1067,T
4-HA,1607,0,1065,0,0,1065,T
4-HA,1608,0,1055,0,2,1057,T
4-HA,1609,0,1,1062,0,1063,G
4-HA,1610,1,1,0,1057,1059,C
4-HA,1611,7,1,0,1054,1062,C
4-HA,1612,1034,0,0,0,1034,A
4-HA,1613,0,1025,0,0,1025,T
4-HA,1614,1037,0,0,0,1037,A
4-HA,1615,0,1034,0,2,1036,T
4-HA,1616,3,1,1,1027,1032,C
4-HA,1617,1030,0,2,0,1032,A
4-HA,1618,0,1019,0,0,1019,T
4-HA,1619,0,1,1030,0,1031,G
4-HA,1620,0,1021,0,2,1023,T
4-HA,1621,0,1016,0,0,1016,T
4-HA,1622,0,1014,0,1,1015,T
4-HA,1623,0,992,0,0,992,T
4-HA,1624,0,993,0,1,994,T
4-HA,1625,0,992,0,0,992,T
4-HA,1626,1,2,995,0,998,G
4-HA,1627,0,0,0,997,997,C
4-HA,1628,0,975,0,1,976,T
4-HA,1629,1,976,0,1,978,T
4-HA,1630,1,974,0,0,975,T
4-HA,1631,0,0,1000,0,1000,G
4-HA,1632,0,995,0,3,998,T
4-HA,1633,0,0,1000,0,1000,G
4-HA,1634,0,997,1,3,1001,T
4-HA,1635,0,978,0,1,979,T
4-HA,1636,1,3,987,0,991,G
4-HA,1637,0,1,0,989,990,C
4-HA,1638,0,973,0,5,978,T
4-HA,1639,0,981,0,0,981,T
4-HA,1640,1,932,0,0,933,T
4-HA,1641,0,3,939,0,942,G
4-HA,1642,0,937,0,0,937,T
4-HA,1643,0,933,0,2,935,T
4-HA,1644,0,4,928,0,932,G
4-HA,1645,1,2,908,0,911,G
4-HA,1646,0,6,905,0,911,G
4-HA,1647,0,1,916,0,917,G
4-HA,1648,1,878,0,2,881,T
4-HA,1649,0,874,0,1,875,T
4-HA,1650,14,0,0,849,863,C
4-HA,1651,846,0,1,0,847,A
4-HA,1652,0,850,0,1,851,T
4-HA,1653,7,0,0,851,858,C
4-HA,1654,850,0,0,0,850,A
4-HA,1655,0,817,0,2,819,T
4-HA,1656,0,0,808,0,808,G
4-HA,1657,0,794,0,0,794,T
4-HA,1658,0,1,785,0,786,G
4-HA,1659,0,1,764,0,765,G
4-HA,1660,1,0,766,0,767,G
4-HA,1661,2,0,0,748,750,C
4-HA,1662,2,0,0,725,727,C
4-HA,1663,0,695,0,0,695,T
4-HA,1664,0,1,695,0,696,G
4-HA,1665,1,1,0,693,695,C
4-HA,1666,3,0,0,694,697,C
4-HA,1667,698,0,0,0,698,A
4-HA,1668,692,0,0,0,692,A
4-HA,1669,691,0,0,1,692,A
4-HA,1670,691,0,0,0,691,A
4-HA,1671,689,0,1,0,690,A
4-HA,1672,0,0,690,0,690,G
4-HA,1673,0,0,665,0,665,G
4-HA,1674,2,0,0,656,658,C
4-HA,1675,655,0,1,0,656,A
4-HA,1676,656,0,2,0,658,A
4-HA,1677,1,1,0,657,659,C
4-HA,1678,658,0,0,0,658,A
4-HA,1679,0,656,0,0,656,T
4-HA,1680,0,645,0,0,645,T
4-HA,1681,624,0,1,0,625,A
4-HA,1682,1,0,620,0,621,G
4-HA,1683,1,0,616,0,617,G
4-HA,1684,0,593,0,0,593,T
4-HA,1685,1,0,558,0,559,G
4-HA,1686,0,0,0,545,545,C
4-HA,1687,529,0,1,0,530,A
4-HA,1688,529,0,1,0,530,A
4-HA,1689,1,0,0,528,529,C
4-HA,1690,524,0,0,0,524,A
4-HA,1691,0,511,0,0,511,T
4-HA,1692,0,483,0,1,484,T
4-HA,1693,0,481,0,0,481,T
4-HA,1694,1,0,480,0,481,G
4-HA,1695,0,0,0,478,478,C
4-HA,1696,477,0,0,0,477,A
4-HA,1697,0,444,1,0,445,T
4-HA,1698,0,424,0,0,424,T
4-HA,1699,0,412,0,0,412,T
4-HA,1700,0,0,408,0,408,G
4-HA,1701,389,0,0,0,389,A
5-NP,1,1059,0,0,0,1059,A
5-NP,2,0,1064,0,0,1064,T
5-NP,3,0,0,1066,0,1066,G
5-NP,4,1,1,1074,0,1076,G
5-NP,5,3,0,0,1084,1087,C
5-NP,6,0,0,1121,0,1121,G
5-NP,7,0,1161,0,1,1162,T
5-NP,8,2,0,0,1180,1182,C
5-NP,9,3,1,0,1189,1193,C
5-NP,10,5,1,0,1194,1200,C
5-NP,11,1199,0,0,0,1199,A
5-NP,12,1200,0,3,1,1204,A
5-NP,13,0,1,1217,0,1218,G
5-NP,14,0,0,1266,0,1266,G
5-NP,15,0,0,0,1272,1272,C
5-NP,16,1274,0,0,0,1274,A
5-NP,17,0,0,0,1292,1292,C
5-NP,18,1,0,0,1293,1294,C
5-NP,19,1311,0,0,0,1311,A
5-NP,20,1306,1,1,0,1308,A
5-NP,21,1313,1,0,0,1314,A
5-NP,22,0,1,0,1318,1319,C
5-NP,23,0,4,1322,0,1326,G
5-NP,24,0,2,1448,0,1450,G
5-NP,25,0,1447,0,3,1450,T
5-NP,26,3,0,0,1578,1581,C
5-NP,27,0,1583,0,2,1585,T
5-NP,28,0,1602,0,1,1603,T
5-NP,29,1610,0,0,0,1610,A
5-NP,30,0,1608,0,1,1609,T
5-NP,31,0,21,1607,0,1628,G
5-NP,32,1615,0,4,1,1620,A
5-NP,33,1588,0,0,0,1588,A
5-NP,34,0,1,0,1595,1596,C
5-NP,35,1560,0,1,0,1561,A
5-NP,36,0,2,1684,0,1686,G
5-NP,37,1683,0,0,1,1684,A
5-NP,38,0,1685,0,1,1686,T
5-NP,39,3,6,1686,0,1695,G
5-NP,40,0,10,1684,0,1694,G
5-NP,41,1692,1,2,0,1695,A
5-NP,42,1709,0,1,0,1710,A
5-NP,43,1713,0,3,0,1716,A
5-NP,44,1,0,0,1770,1771,C
5-NP,45,0,1743,1,0,1744,T
5-NP,46,0,1,1767,0,1768,G
5-NP,47,1762,0,3,0,1765,A
5-NP,48,1,1763,1,0,1765,T
5-NP,49,1,3,1760,0,1764,G
5-NP,50,0,6,1767,1,1774,G
5-NP,51,0,3,1772,0,1775,G
5-NP,52,1,8,1779,0,1788,G
5-NP,53,1776,0,2,0,1778,A
5-NP,54,0,1775,0,2,1777,T
5-NP,55,2,0,1,1784,1787,C
5-NP,56,2,1,1788,0,1791,G
5-NP,57,2,0,0,1805,1807,C
5-NP,58,0,3,0,1804,1807,C
5-NP,59,1804,0,0,1,1805,A
5-NP,60,0,5,1833,0,1838,G
5-NP,61,1831,0,2,0,1833,A
5-NP,62,1858,0,2,0,1860,A
5-NP,63,1,1857,0,1,1859,T
5-NP,64,2,3,1850,2,1857,G
5-NP,65,1,1,0,1867,1869,C
5-NP,66,1861,0,1,1,1863,A
5-NP,67,1897,0,3,0,1900,A
5-NP,68,1,0,0,1902,1903,C
5-NP,69,0,1892,0,1,1893,T
5-NP,70,0,5,1912,0,1917,G
5-NP,71,1944,1,3,0,1948,A
5-NP,72,0,4,2053,0,2057,G
5-NP,73,2054,0,2,0,2056,A
5-NP,74,0,2033,0,0,2033,T
5-NP,75,0,2045,0,1,2046,T
5-NP,76,2026,0,1,0,2027,A
5-NP,77,0,8,2040,0,2048,G
5-NP,78,1,10,2042,0,2053,G
5-NP,79,0,2,2040,0,2042,G
5-NP,80,1,1,0,2017,2019,C
5-NP,81,1983,0,1,0,1984,A
5-NP,82,1,1989,0,4,1994,T
5-NP,83,7,1,0,2004,2012,C
5-NP,84,4,1,0,2007,2012,C
5-NP,85,7,1,2031,0,2039,G
5-NP,86,0,2028,0,1,2029,T
5-NP,87,8,4,0,2020,2032,C
5-NP,88,2,7,2023,0,2032,G
5-NP,89,2,4,2031,0,2037,G
5-NP,90,0,2,2051,0,2053,G
5-NP,91,2039,0,1,1,2041,A
5-NP,92,2040,0,2,0,2042,A
5-NP,93,0,5,2055,0,2060,G
5-NP,94,2055,1,0,0,2056,A
5-NP,95,0,2067,0,1,2068,T
5-NP,96,0,15,2068,0,2083,G
5-NP,97,2085,0,1,0,2086,A
5-NP,98,0,2087,0,1,2088,T
5-NP,99,0,2068,0,0,2068,T
5-NP,100,0,3,2068,0,2071,G
5-NP,101,2060,1,1,0,2062,A
5-NP,102,0,2059,0,0,2059,T
5-NP,103,1,9,2042,0,2052,G
5-NP,104,1,3,2032,0,2036,G
5-NP,105,0,2,2018,1,2021,G
5-NP,106,2140,1,0,0,2141,A
5-NP,107,0,2140,0,0,2140,T
5-NP,108,0,2145,0,1,2146,T
5-NP,109,2,7,2147,0,2156,G
5-NP,110,1,3,2152,0,2156,G
5-NP,111,0,6,2152,0,2158,G
5-NP,112,2145,0,5,0,2150,A
5-NP,113,0,3,2141,0,2144,G
5-NP,114,2098,0,1,0,2099,A
5-NP,115,0,2148,0,1,2149,T
5-NP,116,1,2155,0,0,2156,T
5-NP,117,7,1,0,2151,2159,C
5-NP,118,0,2153,0,1,2154,T
5-NP,119,2184,0,1,0,2185,A
5-NP,120,0,0,0,2188,2188,C
5-NP,121,2235,0,0,1,2236,A
5-NP,122,0,2253,0,3,2256,T
5-NP,123,7,1,0,2231,2239,C
5-NP,124,9,2,0,2237,2248,C
5-NP,125,2248,0,0,0,2248,A
5-NP,126,2290,1,0,0,2291,A
5-NP,127,2293,0,0,0,2293,A
5-NP,128,1,2276,0,0,2277,T
5-NP,129,1,1,2282,0,2284,G
5-NP,130,0,2243,0,5,2248,T
5-NP,131,0,2,2276,0,2278,G
5-NP,132,1,0,0,2282,2283,C
5-NP,133,2268,1,3,0,2272,A
5-NP,134,0,0,0,2277,2277,C
5-NP,135,0,2237,0,1,2238,T
5-NP,136,1,12,2341,0,2354,G
5-NP,137,2377,1,3,0,2381,A
5-NP,138,2410,1,3,0,2414,A
5-NP,139,4,1,0,2440,2445,C
5-NP,140,2,2420,0,3,2425,T
5-NP,141,0,2444,0,0,2444,T
5-NP,142,2444,0,1,0,2445,A
5-NP,143,2445,0,2,1,2448,A
5-NP,144,2447,1,4,0,2452,A
5-NP,145,1,0,0,2470,2471,C
5-NP,146,1,2394,0,1,2396,T
5-NP,147,12,2,0,2400,2414,C
5-NP,148,2389,0,2,0,2391,A
5-NP,149,1,3,2410,0,2414,G
5-NP,150,2,2410,0,2,2414,T
5-NP,151,1,11,2417,0,2429,G
5-NP,152,2460,0,3,1,2464,A
5-NP,153,1,2464,0,0,2465,T
5-NP,154,16,1,0,2474,2491,C
5-NP,155,2496,0,2,0,2498,A
5-NP,156,1,2487,0,1,2489,T
5-NP,157,0,7,2485,0,2492,G
5-NP,158,2474,1,1,0,2476,A
5-NP,159,2465,1,4,0,2470,A
5-NP,160,1,8,2469,0,2478,G
5-NP,161,1,10,2440,0,2451,G
5-NP,162,1,3,2448,0,2452,G
5-NP,163,2,1,1,2428,2432,C
5-NP,164,0,6,2438,0,2444,G
5-NP,165,0,1,2456,0,2457,G
5-NP,166,1,2447,0,2,2450,T
5-NP,167,1,2451,0,0,2452,T
5-NP,168,1,9,2448,0,2458,G
5-NP,169,2658,1,1,0,2660,A
5-NP,170,0,2658,0,1,2659,T
5-NP,171,4,0,0,2650,2654,C
5-NP,172,8,3,0,2647,2658,C
5-NP,173,2642,1,2,0,2645,A
5-NP,174,2,26,2625,0,2653,G
5-NP,175,2655,1,0,0,2656,A
5-NP,176,2654,0,1,0,2655,A
5-NP,177,1,2,0,2664,2667,C
5-NP,178,2487,1,2,0,2490,A
5-NP,179,1,1,2520,0,2522,G
5-NP,180,0,1,1,2529,2531,C
5-NP,181,1,2526,0,2,2529,T
5-NP,182,1,2544,0,0,2545,T
5-NP,183,0,14,2527,0,2541,G
5-NP,184,2550,1,5,0,2556,A
5-NP,185,3,0,0,2566,2569,C
5-NP,186,2546,0,1,0,2547,A
5-NP,187,2561,1,4,1,2567,A
5-NP,188,1,2554,0,0,2555,T
5-NP,189,2546,0,2,0,2548,A
5-NP,190,1,5,2553,0,2559,G
5-NP,191,2536,0,5,0,2541,A
5-NP,192,0,5,2555,0,2560,G
5-NP,193,2532,0,2,0,2534,A
5-NP,194,2567,0,2,0,2569,A
5-NP,195,2567,0,4,0,2571,A
5-NP,196,2639,0,0,0,2639,A
5-NP,197,0,2642,0,0,2642,T
5-NP,198,0,12,2626,0,2638,G
5-NP,199,2,6,2629,0,2637,G
5-NP,200,1,2614,0,3,2618,T
5-NP,201,2563,0,3,0,2566,A
5-NP,202,3,0,0,2598,2601,C
5-NP,203,2,2608,0,1,2611,T
5-NP,204,7,0,0,2651,2658,C
5-NP,205,0,2582,0,4,2586,T
5-NP,206,7,1,0,2627,2635,C
5-NP,207,1,2616,0,5,2622,T
5-NP,208,2,3,2639,0,2644,G
5-NP,209,2,1,0,2643,2646,C
5-NP,210,0,2632,0,4,2636,T
5-NP,211,0,2627,0,1,2628,T
5-NP,212,0,2620,1,1,2622,T
5-NP,213,0,2602,0,1,2603,T
5-NP,214,0,8,2605,0,2613,G
5-NP,215,2572,0,7,14,2593,A
5-NP,216,1,2595,0,1,2597,T
5-NP,217,1,3,2585,0,2589,G
5-NP,218,2571,1,2,0,2574,A
5-NP,219,2582,1,0,0,2583,A
5-NP,220,2580,1,4,0,2585,A
5-NP,221,0,3,2594,1,2598,G
5-NP,222,2596,1,1,0,2598,A
5-NP,223,2583,0,1,0,2584,A
5-NP,224,1,5,2602,2,2610,G
5-NP,225,0,12,2686,0,2698,G
5-NP,226,2705,0,1,0,2706,A
5-NP,227,2730,0,4,0,2734,A
5-NP,228,0,2735,1,0,2736,T
5-NP,229,2731,0,2,0,2733,A
5-NP,230,2726,0,0,0,2726,A
5-NP,231,2753,0,0,0,2753,A
5-NP,232,0,2757,0,0,2757,T
5-NP,233,2766,2,4,0,2772,A
5-NP,234,1,0,0,2759,2760,C
5-NP,235,5,0,0,2704,2709,C
5-NP,236,0,2695,0,1,2696,T
5-NP,237,0,8,2700,0,2708,G
5-NP,238,0,7,2747,0,2754,G
5-NP,239,2755,1,1,0,2757,A
5-NP,240,2736,0,3,0,2739,A
5-NP,241,0,16,2760,2,2778,G
5-NP,242,2750,1,4,0,2755,A
5-NP,243,2741,1,6,0,2748,A
5-NP,244,4,1,0,2743,2748,C
5-NP,245,2741,0,4,0,2745,A
5-NP,246,2,0,0,2802,2804,C
5-NP,247,9,0,0,2739,2748,C
5-NP,248,6,0,0,2735,2741,C
5-NP,249,6,1,0,2738,2745,C
5-NP,250,2711,0,2,0,2713,A
5-NP,251,4,2,2717,0,2723,G
5-NP,252,2,1,0,2717,2720,C
5-NP,253,0,0,2720,0,2720,G
5-NP,254,3,3,0,2714,2720,C
5-NP,255,3,5,2674,0,2682,G
5-NP,256,3,4,2694,0,2701,G
5-NP,257,1,5,2687,1,2694,G
5-NP,258,0,5,2715,1,2721,G
5-NP,259,2718,0,1,0,2719,A
5-NP,260,2710,0,4,0,2714,A
5-NP,261,2699,1,6,0,2706,A
5-NP,262,1,7,2712,0,2720,G
5-NP,263,2706,0,4,1,2711,A
5-NP,264,0,2709,0,1,2710,T
5-NP,265,10,1,0,2685,2696,C
5-NP,266,6,3,0,2676,2685,C
5-NP,267,7,0,0,2695,2702,C
5-NP,268,2703,0,0,0,2703,A
5-NP,269,2708,0,1,0,2709,A
5-NP,270,1,4,2721,1,2727,G
5-NP,271,2726,0,0,0,2726,A
5-NP,272,2742,0,1,0,2743,A
5-NP,273,2748,0,0,1,2749,A
5-NP,274,2745,0,2,0,2747,A
5-NP,275,3,0,0,2751,2754,C
5-NP,276,0,2734,0,0,2734,T
5-NP,277,1,4,2728,0,2733,G
5-NP,278,1,5,2730,1,2737,G
5-NP,279,1,3,2727,1,2732,G
5-NP,280,2,12,2713,0,2727,G
5-NP,281,1,6,2733,0,2740,G
5-NP,282,1,0,2774,0,2775,G
5-NP,283,2,0,0,2972,2974,C
5-NP,284,9,3,0,2955,2967,C
5-NP,285,12,2,0,2968,2982,C
5-NP,286,3308,1,0,0,3309,A
5-NP,287,1,3321,0,0,3322,T
5-NP,288,3497,0,1,0,3498,A
5-NP,289,0,3501,0,1,3502,T
5-NP,290,3456,2,3,1,3462,A
5-NP,291,2,0,0,3474,3476,C
5-NP,292,3175,2,2,0,3179,A
5-NP,293,0,8,3226,0,3234,G
5-NP,294,0,16,3211,1,3228,G
5-NP,295,2890,0,1,1,2892,A
5-NP,296,0,20,2893,0,2913,G
5-NP,297,2766,1,4,0,2771,A
5-NP,298,0,0,2805,0,2805,G
5-NP,299,1,2794,0,0,2795,T
5-NP,300,2768,0,1,2,2771,A
5-NP,301,9,3,2774,0,2786,G
5-NP,302,2749,1,4,1,2755,A
5-NP,303,0,2755,0,1,2756,T
5-NP,304,1,12,2741,0,2754,G
5-NP,305,1,5,2767,1,2774,G
5-NP,306,2764,0,3,0,2767,A
5-NP,307,2750,0,1,0,2751,A
5-NP,308,2752,0,2,0,2754,A
5-NP,309,2756,0,0,0,2756,A
5-NP,310,1,2753,0,0,2754,T
5-NP,311,1,10,2770,0,2781,G
5-NP,312,0,5,2782,0,2787,G
5-NP,313,2776,0,2,0,2778,A
5-NP,314,1,2768,0,1,2770,T
5-NP,315,0,9,2770,0,2779,G
5-NP,316,2776,1,6,1,2784,A
5-NP,317,1,7,2794,1,2803,G
5-NP,318,0,7,2790,0,2797,G
5-NP,319,3,16,2774,0,2793,G
5-NP,320,2802,0,4,1,2807,A
5-NP,321,2814,0,2,1,2817,A
5-NP,322,2,0,0,2841,2843,C
5-NP,323,0,2824,0,8,2832,T
5-NP,324,16,1,0,2861,2878,C
5-NP,325,3,0,2887,0,2890,G
5-NP,326,0,2892,0,1,2893,T
5-NP,327,11,2,0,2899,2912,C
5-NP,328,7,0,0,3099,3106,C
5-NP,329,1,3077,2,2,3082,T
5-NP,330,0,3093,0,0,3093,T
5-NP,331,0,3079,0,3,3082,T
5-NP,332,3090,0,3,0,3093,A
5-NP,333,0,3088,0,1,3089,T
5-NP,334,1,23,3060,0,3084,G
5-NP,335,3089,1,5,1,3096,A
5-NP,336,1,0,0,3096,3097,C
5-NP,337,3012,1,0,0,3013,A
5-NP,338,3024,1,1,0,3026,A
5-NP,339,3037,0,5,1,3043,A
5-NP,340,0,5,3159,0,3164,G
5-NP,341,3158,0,2,0,3160,A
5-NP,342,3153,1,7,0,3161,A
5-NP,343,0,14,3260,0,3274,G
5-NP,344,3282,1,1,0,3284,A
5-NP,345,3296,0,2,0,3298,A
5-NP,346,3297,1,1,0,3299,A
5-NP,347,0,3294,0,1,3295,T
5-NP,348,3280,0,2,0,3282,A
5-NP,349,3244,0,3,0,3247,A
5-NP,350,1,9,3258,0,3268,G
5-NP,351,0,5,3254,0,3259,G
5-NP,352,0,2,1,3222,3225,C
5-NP,353,1,13,3204,0,3218,G
5-NP,354,3233,1,1,0,3235,A
5-NP,355,3273,0,0,0,3273,A
5-NP,356,1,3277,1,1,3280,T
5-NP,357,8,0,0,3273,3281,C
5-NP,358,1,3268,0,5,3274,T
5-NP,359,0,8,3248,0,3256,G
5-NP,360,0,2,3261,0,3263,G
5-NP,361,1,0,0,3268,3269,C
5-NP,362,2,2,3261,0,3265,G
5-NP,363,0,1,0,3265,3266,C
5-NP,364,8,1,0,3255,3264,C
5-NP,365,3269,0,1,0,3270,A
5-NP,366,3301,0,3,0,3304,A
5-NP,367,0,1,3362,0,3363,G
5-NP,368,0,0,0,3363,3363,C
5-NP,369,13,0,0,3372,3385,C
5-NP,370,3390,0,4,0,3394,A
5-NP,371,3424,2,3,0,3429,A
5-NP,372,0,1,0,3466,3467,C
5-NP,373,3463,0,2,0,3465,A
5-NP,374,3527,0,1,0,3528,A
5-NP,375,0,3506,0,0,3506,T
5-NP,376,2,13,3521,0,3536,G
5-NP,377,0,7,3529,0,3536,G
5-NP,378,1,3496,0,2,3499,T
5-NP,379,0,9,3501,0,3510,G
5-NP,380,3482,3,6,1,3492,A
5-NP,381,0,11,3538,0,3549,G
5-NP,382,0,11,3529,0,3540,G
5-NP,383,3543,0,2,1,3546,A
5-NP,384,0,3767,0,0,3767,T
5-NP,385,1,0,3781,0,3782,G
5-NP,386,1,0,0,3787,3788,C
5-NP,387,0,3790,0,3,3793,T
5-NP,388,3809,0,4,0,3813,A
5-NP,389,1,0,0,3859,3860,C
5-NP,390,3814,0,1,5,3820,A
5-NP,391,1,3806,0,5,3812,T
5-NP,392,4,0,0,3777,3781,C
5-NP,393,1,3595,2,1,3599,T
5-NP,394,0,6,3709,1,3716,G
5-NP,395,1,4,3784,1,3790,G
5-NP,396,2,3777,0,11,3790,T
5-NP,397,22,0,1,3773,3796,C
5-NP,398,1,3729,2,7,3739,T
5-NP,399,3798,0,1,0,3799,A
5-NP,400,3803,0,3,0,3806,A
5-NP,401,1,0,0,3840,3841,C
5-NP,402,0,3818,1,8,3827,T
5-NP,403,18,1,1,3821,3841,C
5-NP,404,3801,0,1,0,3802,A
5-NP,405,4,3,1,3946,3954,C
5-NP,406,3950,1,2,1,3954,A
5-NP,407,0,3971,0,1,3972,T
5-NP,408,3918,0,2,0,3920,A
5-NP,409,3930,1,4,0,3935,A
5-NP,410,0,3946,0,0,3946,T
5-NP,411,2,22,3975,1,4000,G
5-NP,412,3979,2,0,0,3981,A
5-NP,413,0,3940,1,0,3941,T
5-NP,414,0,3848,0,1,3849,T
5-NP,415,1,3858,1,1,3861,T
5-NP,416,3,21,3825,1,3850,G
5-NP,417,0,3,3859,0,3862,G
5-NP,418,0,3,1,3865,3869,C
5-NP,419,3848,1,1,0,3850,A
5-NP,420,0,3831,1,5,3837,T
5-NP,421,0,3825,1,5,3831,T
5-NP,422,12,0,1,3822,3835,C
5-NP,423,10,0,1,3837,3848,C
5-NP,424,3929,1,1,0,3931,A
5-NP,425,3930,0,0,0,3930,A
5-NP,426,0,3921,0,1,3922,T
5-NP,427,0,3929,0,0,3929,T
5-NP,428,0,3924,0,1,3925,T
5-NP,429,2,26,3937,1,3966,G
5-NP,430,3963,1,0,1,3965,A
5-NP,431,3968,0,1,0,3969,A
5-NP,432,0,3977,0,6,3983,T
5-NP,433,0,10,3935,1,3946,G
5-NP,434,4078,2,8,0,4088,A
5-NP,435,0,4097,0,1,4098,T
5-NP,436,3,3,4124,0,4130,G
5-NP,437,3,3,0,4215,4221,C
5-NP,438,4204,1,5,0,4210,A
5-NP,439,4385,0,8,0,4393,A
5-NP,440,4,2,1,4391,4398,C
5-NP,441,4455,0,6,0,4461,A
5-NP,442,0,4545,0,2,4547,T
5-NP,443,4444,2,2,1,4449,A
5-NP,444,5,1,0,4528,4534,C
5-NP,445,8,3,2,4510,4523,C
5-NP,446,4411,1,7,0,4419,A
5-NP,447,0,4,4465,0,4469,G
5-NP,448,4361,1,2,0,4364,A
5-NP,449,2,16,4435,2,4455,G
5-NP,450,1,11,4431,0,4443,G
5-NP,451,4407,0,5,0,4412,A
5-NP,452,2,0,0,4435,4437,C
5-NP,453,4363,1,2,0,4366,A
5-NP,454,4365,0,6,1,4372,A
5-NP,455,0,12,4391,1,4404,G
5-NP,456,4349,0,1,0,4350,A
5-NP,457,0,0,4378,1,4379,G
5-NP,458,0,1,0,4366,4367,C
5-NP,459,0,4321,0,15,4336,T
5-NP,460,18,0,0,4352,4370,C
5-NP,461,1,4336,0,8,4345,T
5-NP,462,1,4356,2,0,4359,T
5-NP,463,3,8,4372,0,4383,G
5-NP,464,0,4352,0,2,4354,T
5-NP,465,0,4355,1,2,4358,T
5-NP,466,29,3,0,4314,4346,C
5-NP,467,1,39,4297,0,4337,G
5-NP,468,4419,1,3,0,4423,A
5-NP,469,4412,2,1,0,4415,A
5-NP,470,1,3,0,4441,4445,C
5-NP,471,1,4429,0,1,4431,T
5-NP,472,0,8,4484,1,4493,G
5-NP,473,0,15,4498,0,4513,G
5-NP,474,4509,2,2,0,4513,A
5-NP,475,4519,0,5,0,4524,A
5-NP,476,0,4498,0,0,4498,T
5-NP,477,4,12,4468,0,4484,G
5-NP,478,4,10,4484,1,4499,G
5-NP,479,4539,0,4,1,4544,A
5-NP,480,4,4575,0,8,4587,T
5-NP,481,12,0,0,4578,4590,C
5-NP,482,13,3,1,4584,4601,C
5-NP,483,14,3,0,4590,4607,C
5-NP,484,4646,1,6,0,4653,A
5-NP,485,1,14,4686,0,4701,G
5-NP,486,4697,0,0,2,4699,A
5-NP,487,4696,0,0,0,4696,A
5-NP,488,0,4650,0,0,4650,T
5-NP,489,4,2,4700,0,4706,G
5-NP,490,1,4676,1,5,4683,T
5-NP,491,5,6,4712,0,4723,G
5-NP,492,2,2,0,4724,4728,C
5-NP,493,2,4680,0,7,4689,T
5-NP,494,21,1,0,4931,4953,C
5-NP,495,0,4907,1,7,4915,T
5-NP,496,13,0,1,5082,5096,C
5-NP,497,1,5077,0,5,5083,T
5-NP,498,0,16,5071,0,5087,G
5-NP,499,5127,0,1,0,5128,A
5-NP,500,1,5108,1,1,5111,T
5-NP,501,6,3,5098,1,5108,G
5-NP,502,2,0,0,5096,5098,C
5-NP,503,4941,2,2,0,4945,A
5-NP,504,0,16,5042,0,5058,G
5-NP,505,1,14,4936,0,4951,G
5-NP,506,3,4,4966,1,4974,G
5-NP,507,5,0,1,4963,4969,C
5-NP,508,0,4944,0,3,4947,T
5-NP,509,16,8,0,4948,4972,C
5-NP,510,4,24,4944,0,4972,G
5-NP,511,5030,1,6,0,5037,A
5-NP,512,1,0,0,5032,5033,C
5-NP,513,3,4955,2,3,4963,T
5-NP,514,14,1,0,5162,5177,C
5-NP,515,0,5132,0,12,5144,T
5-NP,516,12,4,0,5785,5801,C
5-NP,517,14,2,1,5790,5807,C
5-NP,518,18,0,1,5795,5814,C
5-NP,519,1,5800,1,8,5810,T
5-NP,520,5771,0,0,0,5771,A
5-NP,521,0,13,5759,0,5772,G
5-NP,522,5768,0,2,2,5772,A
5-NP,523,5586,0,4,0,5590,A
5-NP,524,0,24,5568,0,5592,G
5-NP,525,2,2,5450,0,5454,G
5-NP,526,0,5379,0,3,5382,T
5-NP,527,12,0,1,5358,5371,C
5-NP,528,7,5,0,5360,5372,C
5-NP,529,8,19,5331,0,5358,G
5-NP,530,1,15,5400,0,5416,G
5-NP,531,5401,0,8,0,5409,A
5-NP,532,0,2,5466,1,5469,G
5-NP,533,1,0,0,5475,5476,C
5-NP,534,1,5401,1,9,5412,T
5-NP,535,7,6,5409,0,5422,G
5-NP,536,2,1,0,5439,5442,C
5-NP,537,5429,5,7,1,5442,A
5-NP,538,2,8,5461,1,5472,G
5-NP,539,0,5,5469,0,5474,G
5-NP,540,0,5446,0,6,5452,T
5-NP,541,3,2,5415,0,5420,G
5-NP,542,3,4,1,5436,5444,C
5-NP,543,0,5421,0,6,5427,T
5-NP,544,1,2,5441,0,5444,G
5-NP,545,9,4,0,5420,5433,C
5-NP,546,5476,0,9,0,5485,A
5-NP,547,2,2,5581,0,5585,G
5-NP,548,0,5539,0,4,5543,T
5-NP,549,30,0,0,5526,5556,C
5-NP,550,5552,0,4,0,5556,A
5-NP,551,5552,0,3,0,5555,A
5-NP,552,5544,2,9,0,5555,A
5-NP,553,1,11,5583,0,5595,G
5-NP,554,1,23,5599,1,5624,G
5-NP,555,5602,1,2,0,5605,A
5-NP,556,5552,1,5,0,5558,A
5-NP,557,0,5549,0,0,5549,T
5-NP,558,9,8,0,5525,5542,C
5-NP,559,7,20,5513,1,5541,G
5-NP,560,2,13,5673,0,5688,G
5-NP,561,2,24,5667,1,5694,G
5-NP,562,5666,3,6,0,5675,A
5-NP,563,3,1,0,5674,5678,C
5-NP,564,5589,1,6,0,5596,A
5-NP,565,5722,1,4,0,5727,A
5-NP,566,2,5729,0,2,5733,T
5-NP,567,0,16,5740,1,5757,G
5-NP,568,1,11,5877,1,5890,G
5-NP,569,1,5833,0,3,5837,T
5-NP,570,3,17,5843,0,5863,G
5-NP,571,5848,1,9,0,5858,A
5-NP,572,1,5835,0,6,5842,T
5-NP,573,4,27,5823,1,5855,G
5-NP,574,2,31,5903,0,5936,G
5-NP,575,5913,1,6,0,5920,A
5-NP,576,5910,0,3,0,5913,A
5-NP,577,4,1,0,5907,5912,C
5-NP,578,2,5714,0,3,5719,T
5-NP,579,1,27,6019,0,6047,G
5-NP,580,6017,2,9,0,6028,A
5-NP,581,2,6024,0,3,6029,T
5-NP,582,32,1,1,6014,6048,C
5-NP,583,5937,3,6,1,5947,A
5-NP,584,1,16,6090,1,6108,G
5-NP,585,6080,0,2,0,6082,A
5-NP,586,6080,1,3,2,6086,A
5-NP,587,2,6087,2,0,6091,T
5-NP,588,1,24,5933,0,5958,G
5-NP,589,2,7,6024,0,6033,G
5-NP,590,2,6015,0,4,6021,T
5-NP,591,30,3,0,5986,6019,C
5-NP,592,6005,0,1,0,6006,A
5-NP,593,5960,3,2,0,5965,A
5-NP,594,5971,0,3,2,5976,A
5-NP,595,3,10,0,5965,5978,C
5-NP,596,3,15,5953,0,5971,G
5-NP,597,4,20,5960,0,5984,G
5-NP,598,1,12,5904,0,5917,G
5-NP,599,6,29,5891,0,5926,G
5-NP,600,5886,0,3,1,5890,A
5-NP,601,5951,1,3,0,5955,A
5-NP,602,0,5940,0,5,5945,T
5-NP,603,27,0,0,5924,5951,C
5-NP,604,5946,0,3,0,5949,A
5-NP,605,5944,2,6,0,5952,A
5-NP,606,3,2,0,5918,5923,C
5-NP,607,0,22,5872,0,5894,G
5-NP,608,5869,0,4,0,5873,A
5-NP,609,4,5869,0,0,5873,T
5-NP,610,28,3,0,5836,5867,C
5-NP,611,0,25,5847,0,5872,G
5-NP,612,5861,0,2,0,5863,A
5-NP,613,5860,0,2,1,5863,A
5-NP,614,5851,0,2,0,5853,A
5-NP,615,1,5935,1,2,5939,T
5-NP,616,3,5925,0,3,5931,T
5-NP,617,0,5917,1,1,5919,T
5-NP,618,3,5952,0,1,5956,T
5-NP,619,0,5956,0,2,5958,T
5-NP,620,2,22,5942,1,5967,G
5-NP,621,5,20,5946,0,5971,G
5-NP,622,5939,1,7,0,5947,A
5-NP,623,1,12,5972,1,5986,G
5-NP,624,5893,0,4,0,5897,A
5-NP,625,2,13,6142,0,6157,G
5-NP,626,0,3,6175,1,6179,G
5-NP,627,1,6157,0,6,6164,T
5-NP,628,0,24,6166,0,6190,G
5-NP,629,6178,1,11,0,6190,A
5-NP,630,0,18,6203,0,6221,G
5-NP,631,6188,1,10,1,6200,A
5-NP,632,6174,1,6,0,6181,A
5-NP,633,1,6142,1,0,6144,T
5-NP,634,4,21,5898,0,5923,G
5-NP,635,1,11,5861,0,5873,G
5-NP,636,3,4,5875,0,5882,G
5-NP,637,2,2,0,5847,5851,C
5-NP,638,2,11,5833,2,5848,G
5-NP,639,3,13,5884,1,5901,G
5-NP,640,5870,1,2,0,5873,A
5-NP,641,5878,2,4,0,5884,A
5-NP,642,5973,2,2,0,5977,A
5-NP,643,5972,1,14,5,5992,A
5-NP,644,2,2,0,6021,6025,C
5-NP,645,6003,0,2,0,6005,A
5-NP,646,6000,1,5,0,6006,A
5-NP,647,0,7,6000,1,6008,G
5-NP,648,5809,0,2,0,5811,A
5-NP,649,5824,2,5,0,5831,A
5-NP,650,1,5,5965,0,5971,G
5-NP,651,1,5961,1,4,5967,T
5-NP,652,2,8,6268,1,6279,G
5-NP,653,3,6,1,6236,6246,C
5-NP,654,2,6238,1,4,6245,T
5-NP,655,0,6284,0,2,6286,T
5-NP,656,6334,0,1,0,6335,A
5-NP,657,0,6329,3,5,6337,T
5-NP,658,2,22,6350,1,6375,G
5-NP,659,6198,3,8,1,6210,A
5-NP,660,0,21,6232,1,6254,G
5-NP,661,5885,2,9,0,5896,A
5-NP,662,0,22,5914,1,5937,G
5-NP,663,5903,1,3,0,5907,A
5-NP,664,5976,0,1,0,5977,A
5-NP,665,1,5925,1,2,5929,T
5-NP,666,2,4,6014,0,6020,G
5-NP,667,2,5982,0,4,5988,T
5-NP,668,4,5,6001,0,6010,G
5-NP,669,5,5,0,6006,6016,C
5-NP,670,5983,1,5,0,5989,A
5-NP,671,5994,1,10,1,6006,A
5-NP,672,1,3,0,5974,5978,C
5-NP,673,5890,0,2,0,5892,A
5-NP,674,0,5923,0,0,5923,T
5-NP,675,0,5866,0,2,5868,T
5-NP,676,15,1,1,5874,5891,C
5-NP,677,1,5851,0,7,5859,T
5-NP,678,2,5840,0,1,5843,T
5-NP,679,5849,1,1,0,5851,A
5-NP,680,5812,0,1,0,5813,A
5-NP,681,5818,1,8,1,5828,A
5-NP,682,0,12,5830,0,5842,G
5-NP,683,0,14,5810,0,5824,G
5-NP,684,5788,1,7,0,5796,A
5-NP,685,5773,0,4,1,5778,A
5-NP,686,5779,3,3,1,5786,A
5-NP,687,5866,1,3,2,5872,A
5-NP,688,0,5854,1,1,5856,T
5-NP,689,1,5850,0,2,5853,T
5-NP,690,1,5880,0,2,5883,T
5-NP,691,26,2,0,5860,5888,C
5-NP,692,5888,0,3,1,5892,A
5-NP,693,5882,0,1,2,5885,A
5-NP,694,5884,1,4,0,5889,A
5-NP,695,2,2,0,5978,5982,C
5-NP,696,5885,0,2,1,5888,A
5-NP,697,2,2,6008,1,6013,G
5-NP,698,2,1,0,6000,6003,C
5-NP,699,2,5998,0,12,6012,T
5-NP,700,6,5,6104,0,6115,G
5-NP,701,3,6,0,6084,6093,C
5-NP,702,6147,1,9,0,6157,A
5-NP,703,2,1,0,6167,6170,C
5-NP,704,6122,0,4,0,6126,A
5-NP,705,6154,1,6,1,6162,A
5-NP,706,6007,2,9,1,6019,A
5-NP,707,2,29,6224,0,6255,G
5-NP,708,6219,1,18,0,6238,A
5-NP,709,2,4,6256,0,6262,G
5-NP,710,5,0,0,6220,6225,C
5-NP,711,6193,0,4,0,6197,A
5-NP,712,6363,2,5,2,6372,A
5-NP,713,1,6364,0,6,6371,T
5-NP,714,4,22,6370,1,6397,G
5-NP,715,1,7,6420,1,6429,G
5-NP,716,0,6228,0,7,6235,T
5-NP,717,5,20,6206,0,6231,G
5-NP,718,1,25,6230,0,6256,G
5-NP,719,6252,1,7,2,6262,A
5-NP,720,1,6247,0,8,6256,T
5-NP,721,32,1,0,6048,6081,C
5-NP,722,6106,1,0,0,6107,A
5-NP,723,6159,0,13,0,6172,A
5-NP,724,3,3,6176,0,6182,G
5-NP,725,2,6149,0,1,6152,T
5-NP,726,1,30,6116,0,6147,G
5-NP,727,6073,0,4,2,6079,A
5-NP,728,3,24,6096,0,6123,G
5-NP,729,6090,2,11,1,6104,A
5-NP,730,1,22,6086,1,6110,G
5-NP,731,6031,3,13,2,6049,A
5-NP,732,5947,1,2,0,5950,A
5-NP,733,5952,1,11,0,5964,A
5-NP,734,2,4,5991,0,5997,G
5-NP,735,1,5974,0,1,5976,T
5-NP,736,30,5,0,5925,5960,C
5-NP,737,7,13,5906,0,5926,G
5-NP,738,1,21,5944,0,5966,G
5-NP,739,5952,1,2,1,5956,A
5-NP,740,5987,1,3,0,5991,A
5-NP,741,5,1,0,5991,5997,C
5-NP,742,15,3,0,5934,5952,C
5-NP,743,22,2,1,5966,5991,C
5-NP,744,5964,2,4,1,5971,A
5-NP,745,1,10,6004,0,6015,G
5-NP,746,0,17,6015,1,6033,G
5-NP,747,6009,1,3,0,6013,A
5-NP,748,6004,1,5,0,6010,A
5-NP,749,5984,0,5,0,5989,A
5-NP,750,0,3,2,5981,5986,C
5-NP,751,4,0,5973,0,5977,G
5-NP,752,5,3,0,5967,5975,C
5-NP,753,0,5944,0,3,5947,T
5-NP,754,7,16,5931,0,5954,G
5-NP,755,5926,2,5,0,5933,A
5-NP,756,1,20,6006,0,6027,G
5-NP,757,6014,0,8,2,6024,A
5-NP,758,4,6015,0,3,6022,T
5-NP,759,29,4,0,5913,5946,C
5-NP,760,5,12,5948,0,5965,G
5-NP,761,5951,1,4,0,5956,A
5-NP,762,5958,0,1,0,5959,A
5-NP,763,2,8,5986,0,5996,G
5-NP,764,5983,1,1,1,5986,A
5-NP,765,2,5911,2,1,5916,T
5-NP,766,16,0,2,5962,5980,C
5-NP,767,1,5974,0,8,5983,T
5-NP,768,37,1,1,6007,6046,C
5-NP,769,6046,1,4,2,6053,A
5-NP,770,2,6049,0,3,6054,T
5-NP,771,6059,0,1,3,6063,A
5-NP,772,1,6045,1,1,6048,T
5-NP,773,0,5982,4,4,5990,T
5-NP,774,1,5969,0,1,5971,T
5-NP,775,1,5884,1,1,5887,T
5-NP,776,1,5894,1,3,5899,T
5-NP,777,5934,0,3,0,5937,A
5-NP,778,3,2,5928,0,5933,G
5-NP,779,4,2,0,5923,5929,C
5-NP,780,5900,1,3,0,5904,A
5-NP,781,5871,1,2,1,5875,A
5-NP,782,0,15,6068,0,6083,G
5-NP,783,6077,0,5,0,6082,A
5-NP,784,0,6091,1,2,6094,T
5-NP,785,8,3,1,6109,6121,C
5-NP,786,1,6087,0,4,6092,T
5-NP,787,3,4,6259,0,6266,G
5-NP,788,7,3,0,6265,6275,C
5-NP,789,6273,2,6,1,6282,A
5-NP,790,0,6329,0,3,6332,T
5-NP,791,0,6118,0,3,6121,T
5-NP,792,3,22,6450,0,6475,G
5-NP,793,6567,1,8,0,6576,A
5-NP,794,2,6557,0,3,6562,T
5-NP,795,6579,1,2,0,6582,A
5-NP,796,1,6407,0,5,6413,T
5-NP,797,0,6353,0,4,6357,T
5-NP,798,1,30,6383,0,6414,G
5-NP,799,6315,1,5,0,6321,A
5-NP,800,3,12,6373,0,6388,G
5-NP,801,6015,1,9,0,6025,A
5-NP,802,2,14,5907,0,5923,G
5-NP,803,3,22,5963,0,5988,G
5-NP,804,5965,1,3,0,5969,A
5-NP,805,1,5969,1,6,5977,T
5-NP,806,31,0,0,5953,5984,C
5-NP,807,5930,1,3,1,5935,A
5-NP,808,2,2,5965,0,5969,G
5-NP,809,0,5933,0,6,5939,T
5-NP,810,1,5878,1,0,5880,T
5-NP,811,3,6,5877,0,5886,G
5-NP,812,3,1,0,5832,5836,C
5-NP,813,1,5814,1,17,5833,T
5-NP,814,46,2,0,5818,5866,C
5-NP,815,5867,1,8,0,5876,A
5-NP,816,0,5,0,5885,5890,C
5-NP,817,5852,0,4,1,5857,A
5-NP,818,5907,1,5,0,5913,A
5-NP,819,5929,0,1,0,5930,A
5-NP,820,0,5910,0,1,5911,T
5-NP,821,24,0,0,5890,5914,C
5-NP,822,1,5877,0,7,5885,T
5-NP,823,0,5873,0,2,5875,T
5-NP,824,4,7,5895,0,5906,G
5-NP,825,4,2,0,5903,5909,C
5-NP,826,13,3,0,5996,6012,C
5-NP,827,0,5982,0,1,5983,T
5-NP,828,6005,0,3,0,6008,A
5-NP,829,2,1,0,6002,6005,C
5-NP,830,13,1,0,5985,5999,C
5-NP,831,1,5975,0,6,5982,T
5-NP,832,3,7,6069,1,6080,G
5-NP,833,4,1,1,6047,6053,C
5-NP,834,18,3,0,6027,6048,C
5-NP,835,0,5930,2,6,5938,T
5-NP,836,3,3,6024,1,6031,G
5-NP,837,0,5981,0,2,5983,T
5-NP,838,5,6,6048,0,6059,G
5-NP,839,11,3,2,6056,6072,C
5-NP,840,4,5,6145,1,6155,G
5-NP,841,2,6053,0,2,6057,T
5-NP,842,6046,1,3,0,6050,A
5-NP,843,0,6050,0,3,6053,T
5-NP,844,4,30,6027,0,6061,G
5-NP,845,3,28,6189,1,6221,G
5-NP,846,6190,0,8,0,6198,A
5-NP,847,9,1,0,6074,6084,C
5-NP,848,12,2,1,6052,6067,C
5-NP,849,2,5949,0,8,5959,T
5-NP,850,4,4,6221,0,6229,G
5-NP,851,3,4,0,6224,6231,C
5-NP,852,6236,0,9,0,6245,A
5-NP,853,0,3,6341,0,6344,G
5-NP,854,0,6072,1,2,6075,T
5-NP,855,6285,0,6,0,6291,A
5-NP,856,1,6273,1,8,6283,T
5-NP,857,20,1,0,6229,6250,C
5-NP,858,11,2,1,6242,6256,C
5-NP,859,5922,2,3,0,5927,A
5-NP,860,4,1,5963,0,5968,G
5-NP,861,2,5924,0,10,5936,T
5-NP,862,1,17,5934,0,5952,G
5-NP,863,1,13,5909,0,5923,G
5-NP,864,7,5,5817,1,5830,G
5-NP,865,1,5814,0,5,5820,T
5-NP,866,5797,0,3,0,5800,A
5-NP,867,1,4,0,5785,5790,C
5-NP,868,6,41,5719,0,5766,G
5-NP,869,5737,0,3,0,5740,A
5-NP,870,2,3,0,5723,5728,C
5-NP,871,0,5576,0,4,5580,T
5-NP,872,0,5577,0,2,5579,T
5-NP,873,15,2,0,5536,5553,C
5-NP,874,3,20,5541,0,5564,G
5-NP,875,5564,0,0,0,5564,A
5-NP,876,5560,0,1,0,5561,A
5-NP,877,5578,1,4,0,5583,A
5-NP,878,5575,2,1,0,5578,A
5-NP,879,5544,0,14,0,5558,A
5-NP,880,1,11,5564,0,5576,G
5-NP,881,5550,0,11,1,5562,A
5-NP,882,3,8,5582,0,5593,G
5-NP,883,2,25,5597,3,5627,G
5-NP,884,1,22,5623,0,5646,G
5-NP,885,5655,2,2,0,5659,A
5-NP,886,1,5647,1,2,5651,T
5-NP,887,5674,0,4,0,5678,A
5-NP,888,1,5674,0,4,5679,T
5-NP,889,3,5703,1,1,5708,T
5-NP,890,30,1,0,5712,5743,C
5-NP,891,12,1,0,5688,5701,C
5-NP,892,1,5599,1,4,5605,T
5-NP,893,1,5604,0,5,5610,T
5-NP,894,0,20,5642,0,5662,G
5-NP,895,1,4,5682,0,5687,G
5-NP,896,1,5622,0,4,5627,T
5-NP,897,3,11,5580,0,5594,G
5-NP,898,0,10,5541,0,5551,G
5-NP,899,5,20,5769,1,5795,G
5-NP,900,5765,3,15,0,5783,A
5-NP,901,5781,1,7,0,5789,A
5-NP,902,0,5782,0,3,5785,T
5-NP,903,5667,1,5,0,5673,A
5-NP,904,2,19,5668,0,5689,G
5-NP,905,5634,0,10,0,5644,A
5-NP,906,5,1,0,5644,5650,C
5-NP,907,28,3,0,5552,5583,C
5-NP,908,13,0,0,5385,5398,C
5-NP,909,0,5366,1,86,5453,T
5-NP,910,0,5460,0,7,5467,T
5-NP,911,0,5464,0,7,5471,T
5-NP,912,30,2,0,5443,5475,C
5-NP,913,5441,0,0,0,5441,A
5-NP,914,5442,0,3,1,5446,A
5-NP,915,5429,0,5,0,5434,A
5-NP,916,3,0,0,5437,5440,C
5-NP,917,1,5253,0,6,5260,T
5-NP,918,5220,1,4,0,5225,A
5-NP,919,2,1,0,5279,5282,C
5-NP,920,1,5243,0,11,5255,T
5-NP,921,0,5244,0,7,5251,T
5-NP,922,14,1,0,5254,5269,C
5-NP,923,5255,3,0,0,5258,A
5-NP,924,5243,1,6,1,5251,A
5-NP,925,5228,1,4,1,5234,A
5-NP,926,5232,1,6,1,5240,A
5-NP,927,0,5185,0,2,5187,T
5-NP,928,5082,0,2,0,5084,A
5-NP,929,4,4,5163,0,5171,G
5-NP,930,2,1,0,5178,5181,C
5-NP,931,16,2,0,5239,5257,C
5-NP,932,5256,0,0,0,5256,A
5-NP,933,5274,1,2,1,5278,A
5-NP,934,5466,2,5,1,5474,A
5-NP,935,0,5495,0,1,5496,T
5-NP,936,5523,2,0,1,5526,A
5-NP,937,2,5515,0,4,5521,T
5-NP,938,5407,2,5,1,5415,A
5-NP,939,3,1,0,5422,5426,C
5-NP,940,5242,2,4,0,5248,A
5-NP,941,0,2,5362,1,5365,G
5-NP,942,2,8,0,5334,5344,C
5-NP,943,1,5120,0,8,5129,T
5-NP,944,1,5174,0,1,5176,T
5-NP,945,5202,0,2,1,5205,A
5-NP,946,5213,1,2,0,5216,A
5-NP,947,2,5205,1,4,5212,T
5-NP,948,15,1,1,5193,5210,C
5-NP,949,4968,1,2,0,4971,A
5-NP,950,2,23,4994,0,5019,G
5-NP,951,5011,1,7,0,5019,A
5-NP,952,7,0,0,5049,5056,C
5-NP,953,11,2,1,4999,5013,C
5-NP,954,0,4935,1,4,4940,T
5-NP,955,4970,0,1,0,4971,A
5-NP,956,4968,1,5,1,4975,A
5-NP,957,3,3,0,4988,4994,C
5-NP,958,1,19,4976,0,4996,G
5-NP,959,4870,3,6,0,4879,A
5-NP,960,1,14,4868,0,4883,G
5-NP,961,4814,0,4,1,4819,A
5-NP,962,4859,1,5,0,4865,A
5-NP,963,0,4851,0,2,4853,T
5-NP,964,17,0,1,4775,4793,C
5-NP,965,13,4,1,4783,4801,C
5-NP,966,4693,2,5,0,4700,A
5-NP,967,1,5,4715,0,4721,G
5-NP,968,6,0,0,4707,4713,C
5-NP,969,4729,1,3,0,4733,A
5-NP,970,2,4,1,4747,4754,C
5-NP,971,4667,1,6,1,4675,A
5-NP,972,3,0,0,4691,4694,C
5-NP,973,4672,2,3,0,4677,A
5-NP,974,4687,1,10,0,4698,A
5-NP,975,2,19,4699,1,4721,G
5-NP,976,4614,0,7,0,4621,A
5-NP,977,1,3,4644,0,4648,G
5-NP,978,0,4486,1,3,4490,T
5-NP,979,20,1,0,4461,4482,C
5-NP,980,4446,0,13,0,4459,A
5-NP,981,1,0,4455,1,4457,G
5-NP,982,4,1,2,4438,4445,C
5-NP,983,1,4378,0,7,4386,T
5-NP,984,3,6,4414,0,4423,G
5-NP,985,3,4,4436,1,4444,G
5-NP,986,0,4395,0,3,4398,T
5-NP,987,3,3,4411,0,4417,G
5-NP,988,1,4348,0,5,4354,T
5-NP,989,3,9,4334,0,4346,G
5-NP,990,2,5,4320,0,4327,G
5-NP,991,4282,0,1,0,4283,A
5-NP,992,1,4283,0,3,4287,T
5-NP,993,1,18,4035,0,4054,G
5-NP,994,3,1,4015,0,4019,G
5-NP,995,1,3,0,3987,3991,C
5-NP,996,3924,0,5,0,3929,A
5-NP,997,0,3918,4,5,3927,T
5-NP,998,4,1,3886,0,3891,G
5-NP,999,4,2,0,3925,3931,C
5-NP,1000,14,2,1,3906,3923,C
5-NP,1001,3911,1,2,0,3914,A
5-NP,1002,0,3891,0,1,3892,T
5-NP,1003,0,3810,0,5,3815,T
5-NP,1004,14,1,1,3817,3833,C
5-NP,1005,1,3733,0,3,3737,T
5-NP,1006,2,2,3734,0,3738,G
5-NP,1007,1,1,0,3728,3730,C
5-NP,1008,1,3478,0,3,3482,T
5-NP,1009,2,2,3515,0,3519,G
5-NP,1010,4,2,0,3402,3408,C
5-NP,1011,3407,0,3,0,3410,A
5-NP,1012,0,3408,0,1,3409,T
5-NP,1013,0,3354,1,1,3356,T
5-NP,1014,0,3354,0,3,3357,T
5-NP,1015,0,9,3343,0,3352,G
5-NP,1016,3351,2,1,0,3354,A
5-NP,1017,3324,0,24,1,3349,A
5-NP,1018,0,9,3377,0,3386,G
5-NP,1019,3388,0,3,1,3392,A
5-NP,1020,1,3375,0,0,3376,T
5-NP,1021,1,3360,0,3,3364,T
5-NP,1022,0,3369,1,0,3370,T
5-NP,1023,3370,0,3,0,3373,A
5-NP,1024,3372,0,2,1,3375,A
5-NP,1025,1,3,3378,0,3382,G
5-NP,1026,3361,2,3,0,3366,A
5-NP,1027,1,3342,0,4,3347,T
5-NP,1028,0,3258,1,0,3259,T
5-NP,1029,2,1,3289,1,3293,G
5-NP,1030,1,3289,0,2,3292,T
5-NP,1031,1,3290,0,2,3293,T
5-NP,1032,3289,0,0,0,3289,A
5-NP,1033,3305,1,2,0,3308,A
5-NP,1034,0,0,3317,0,3317,G
5-NP,1035,2,0,0,3320,3322,C
5-NP,1036,0,3238,0,3,3241,T
5-NP,1037,1,3250,0,8,3259,T
5-NP,1038,16,1,0,3252,3269,C
5-NP,1039,3265,0,3,0,3268,A
5-NP,1040,1,3263,0,2,3266,T
5-NP,1041,11,1,0,3258,3270,C
5-NP,1042,3212,0,1,0,3213,A
5-NP,1043,1,5,3204,0,3210,G
5-NP,1044,3167,0,2,0,3169,A
5-NP,1045,0,11,3163,1,3175,G
5-NP,1046,1,13,3160,0,3174,G
5-NP,1047,3,12,3150,0,3165,G
5-NP,1048,3157,0,7,0,3164,A
5-NP,1049,0,3,0,3169,3172,C
5-NP,1050,3166,1,1,0,3168,A
5-NP,1051,3178,1,2,0,3181,A
5-NP,1052,3185,1,2,0,3188,A
5-NP,1053,3184,1,3,0,3188,A
5-NP,1054,1,2,3199,0,3202,G
5-NP,1055,1,3104,0,6,3111,T
5-NP,1056,3097,0,1,0,3098,A
5-NP,1057,1,3076,0,5,3082,T
5-NP,1058,6,2,0,3075,3083,C
5-NP,1059,0,3057,1,4,3062,T
5-NP,1060,10,0,0,3076,3086,C
5-NP,1061,7,0,0,3058,3065,C
5-NP,1062,0,3040,0,4,3044,T
5-NP,1063,11,1,0,3024,3036,C
5-NP,1064,0,10,3021,0,3031,G
5-NP,1065,0,11,3035,0,3046,G
5-NP,1066,1,13,3036,0,3050,G
5-NP,1067,0,4,3045,0,3049,G
5-NP,1068,3,7,3031,0,3041,G
5-NP,1069,2971,1,2,0,2974,A
5-NP,1070,2969,0,4,1,2974,A
5-NP,1071,2971,0,5,2,2978,A
5-NP,1072,3,2,0,2998,3003,C
5-NP,1073,0,2979,0,4,2983,T
5-NP,1074,1,1,3004,0,3006,G
5-NP,1075,1,2962,0,6,2969,T
5-NP,1076,16,0,1,2965,2982,C
5-NP,1077,3004,0,7,0,3011,A
5-NP,1078,3032,0,1,1,3034,A
5-NP,1079,6,0,0,3043,3049,C
5-NP,1080,0,3040,1,3,3044,T
5-NP,1081,2962,0,0,0,2962,A
5-NP,1082,1,4,2969,0,2974,G
5-NP,1083,2908,0,2,0,2910,A
5-NP,1084,1,9,2908,0,2918,G
5-NP,1085,1,18,2903,0,2922,G
5-NP,1086,2783,1,2,0,2786,A
5-NP,1087,1,6,2854,0,2861,G
5-NP,1088,1,2814,0,0,2815,T
5-NP,1089,2811,0,6,0,2817,A
5-NP,1090,4,0,0,2813,2817,C
5-NP,1091,2776,1,2,0,2779,A
5-NP,1092,2780,0,1,0,2781,A
5-NP,1093,2747,0,2,0,2749,A
5-NP,1094,2,2713,0,0,2715,T
5-NP,1095,0,2676,2,0,2678,T
5-NP,1096,3,0,2612,0,2615,G
5-NP,1097,1,1,0,2585,2587,C
5-NP,1098,0,2576,0,4,2580,T
5-NP,1099,0,2572,0,4,2576,T
5-NP,1100,8,0,0,2568,2576,C
5-NP,1101,2573,1,0,0,2574,A
5-NP,1102,2583,0,1,0,2584,A
5-NP,1103,2584,0,2,0,2586,A
5-NP,1104,0,2584,0,0,2584,T
5-NP,1105,1,11,2578,0,2590,G
5-NP,1106,2542,0,7,0,2549,A
5-NP,1107,3,10,2558,0,2571,G
5-NP,1108,2572,0,4,0,2576,A
5-NP,1109,2575,0,2,0,2577,A
5-NP,1110,2,2,0,2578,2582,C
5-NP,1111,2553,1,1,0,2555,A
5-NP,1112,0,2550,0,3,2553,T
5-NP,1113,1,6,2573,1,2581,G
5-NP,1114,1,4,2599,0,2604,G
5-NP,1115,2601,0,2,0,2603,A
5-NP,1116,0,2552,0,2,2554,T
5-NP,1117,2510,0,1,0,2511,A
5-NP,1118,2665,0,0,0,2665,A
5-NP,1119,0,2610,0,1,2611,T
5-NP,1120,2588,0,1,0,2589,A
5-NP,1121,0,2577,1,5,2583,T
5-NP,1122,2,7,2394,0,2403,G
5-NP,1123,1,1,2352,0,2354,G
5-NP,1124,0,9,2329,0,2338,G
5-NP,1125,2325,0,2,0,2327,A
5-NP,1126,0,2321,0,0,2321,T
5-NP,1127,7,0,0,1850,1857,C
5-NP,1128,1,7,1853,0,1861,G
5-NP,1129,1853,0,3,0,1856,A
5-NP,1130,1,4,1846,1,1852,G
5-NP,1131,1,3,0,1848,1852,C
5-NP,1132,1829,0,1,0,1830,A
5-NP,1133,0,0,0,1903,1903,C
5-NP,1134,0,1878,0,1,1879,T
5-NP,1135,5,0,0,1884,1889,C
5-NP,1136,2,1883,0,2,1887,T
5-NP,1137,0,1858,1,1,1860,T
5-NP,1138,0,12,1855,0,1867,G
5-NP,1139,1854,0,0,0,1854,A
5-NP,1140,1862,0,0,0,1862,A
5-NP,1141,1,1,0,1855,1857,C
5-NP,1142,1,1553,0,0,1554,T
5-NP,1143,0,5,1563,0,1568,G
5-NP,1144,1540,0,1,0,1541,A
5-NP,1145,1,2,1546,0,1549,G
5-NP,1146,1542,2,0,0,1544,A
5-NP,1147,1530,1,2,0,1533,A
5-NP,1148,0,0,1541,0,1541,G
5-NP,1149,1,0,0,1501,1502,C
5-NP,1150,1,2,1495,0,1498,G
5-NP,1151,0,0,1499,0,1499,G
5-NP,1152,0,4,1493,1,1498,G
5-NP,1153,0,1487,0,1,1488,T
5-NP,1154,1460,1,1,0,1462,A
5-NP,1155,1,0,1,1463,1465,C
5-NP,1156,0,1273,0,2,1275,T
5-NP,1157,0,4,1265,0,1269,G
5-NP,1158,0,1,1251,0,1252,G
5-NP,1159,3,2,1260,0,1265,G
5-NP,1160,1,2,1,1242,1246,C
5-NP,1161,3,2,0,1185,1190,C
5-NP,1162,1191,0,0,0,1191,A
5-NP,1163,0,1189,1,0,1190,T
5-NP,1164,1190,0,0,0,1190,A
5-NP,1165,1186,0,1,0,1187,A
5-NP,1166,0,5,1167,0,1172,G
5-NP,1167,1,3,1195,0,1199,G
5-NP,1168,1178,0,3,0,1181,A
5-NP,1169,3,0,0,1174,1177,C
5-NP,1170,5,0,0,1171,1176,C
5-NP,1171,1163,0,0,0,1163,A
5-NP,1172,0,2,1182,0,1184,G
5-NP,1173,3,14,1167,0,1184,G
5-NP,1174,1182,0,2,0,1184,A
5-NP,1175,0,0,1195,0,1195,G
5-NP,1176,0,1147,0,1,1148,T
5-NP,1177,0,4,1142,0,1146,G
5-NP,1178,0,3,1155,0,1158,G
5-NP,1179,1157,0,2,0,1159,A
5-NP,1180,1,6,1158,0,1165,G
5-NP,1181,0,3,1143,0,1146,G
5-NP,1182,1130,0,0,0,1130,A
5-NP,1183,1126,0,4,0,1130,A
5-NP,1184,1130,0,1,0,1131,A
5-NP,1185,0,1,0,1139,1140,C
5-NP,1186,1137,0,0,0,1137,A
5-NP,1187,1,0,0,1160,1161,C
5-NP,1188,0,1137,0,0,1137,T
5-NP,1189,1175,0,0,0,1175,A
5-NP,1190,1175,0,1,0,1176,A
5-NP,1191,0,1174,0,0,1174,T
5-NP,1192,8,3,0,1180,1191,C
5-NP,1193,1181,0,1,0,1182,A
5-NP,1194,1202,0,0,0,1202,A
5-NP,1195,2,0,0,1208,1210,C
5-NP,1196,1179,0,0,0,1179,A
5-NP,1197,2,1,1177,0,1180,G
5-NP,1198,1148,2,1,0,1151,A
5-NP,1199,0,4,1156,1,1161,G
5-NP,1200,0,2,1165,0,1167,G
5-NP,1201,1,0,1153,0,1154,G
5-NP,1202,0,3,0,1149,1152,C
5-NP,1203,2,0,2,1145,1149,C
5-NP,1204,1,1133,0,1,1135,T
5-NP,1205,3,0,0,1137,1140,C
5-NP,1206,3,0,0,1134,1137,C
5-NP,1207,0,0,1145,0,1145,G
5-NP,1208,0,0,0,1140,1140,C
5-NP,1209,1123,0,4,0,1127,A
5-NP,1210,0,0,1170,0,1170,G
5-NP,1211,1,0,1166,0,1167,G
5-NP,1212,1,0,0,1176,1177,C
5-NP,1213,3,1,0,1178,1182,C
5-NP,1214,1166,0,1,0,1167,A
5-NP,1215,1173,0,0,0,1173,A
5-NP,1216,1174,0,0,1,1175,A
5-NP,1217,0,1,0,1172,1173,C
5-NP,1218,1,2,0,1177,1180,C
5-NP,1219,1115,0,1,0,1116,A
5-NP,1220,0,0,1138,0,1138,G
5-NP,1221,0,1131,0,0,1131,T
5-NP,1222,0,1,1146,0,1147,G
5-NP,1223,0,1147,0,1,1148,T
5-NP,1224,0,1,1140,1,1142,G
5-NP,1225,2,0,0,1143,1145,C
5-NP,1226,1136,0,1,0,1137,A
5-NP,1227,1151,0,2,0,1153,A
5-NP,1228,1,0,0,1153,1154,C
5-NP,1229,2,1,0,1145,1148,C
5-NP,1230,0,1139,0,0,1139,T
5-NP,1231,1135,0,0,0,1135,A
5-NP,1232,0,0,0,1133,1133,C
5-NP,1233,2,0,1128,0,1130,G
5-NP,1234,0,1121,0,4,1125,T
5-NP,1235,0,1128,0,0,1128,T
5-NP,1236,0,1117,0,2,1119,T
5-NP,1237,0,1115,0,1,1116,T
5-NP,1238,2,0,0,1117,1119,C
5-NP,1239,0,1102,0,0,1102,T
5-NP,1240,0,1,1126,1,1128,G
5-NP,1241,2,1118,0,1,1121,T
5-NP,1242,1124,0,0,0,1124,A
5-NP,1243,3,0,0,1128,1131,C
5-NP,1244,1119,0,1,0,1120,A
5-NP,1245,1120,0,1,0,1121,A
5-NP,1246,1121,0,1,0,1122,A
5-NP,1247,0,1,1128,0,1129,G
5-NP,1248,1128,0,0,0,1128,A
5-NP,1249,1085,1,0,0,1086,A
5-NP,1250,1081,1,0,2,1084,A
5-NP,1251,2,0,0,1084,1086,C
5-NP,1252,3,1,0,1059,1063,C
5-NP,1253,1,1055,0,2,1058,T
5-NP,1254,1,3,0,1058,1062,C
5-NP,1255,1,0,0,1059,1060,C
5-NP,1256,3,0,0,1050,1053,C
5-NP,1257,1049,0,1,2,1052,A
5-NP,1258,0,1053,0,2,1055,T
5-NP,1259,0,1051,0,1,1052,T
5-NP,1260,0,1044,0,4,1048,T
5-NP,1261,0,3,1043,0,1046,G
5-NP,1262,1043,2,0,0,1045,A
5-NP,1263,1040,0,2,0,1042,A
5-NP,1264,1046,0,0,1,1047,A
5-NP,1265,1042,0,1,1,1044,A
5-NP,1266,0,1,1053,0,1054,G
5-NP,1267,0,1038,0,2,1040,T
5-NP,1268,13,1,0,1026,1040,C
5-NP,1269,1036,0,3,0,1039,A
5-NP,1270,1046,0,0,0,1046,A
5-NP,1271,0,0,0,1058,1058,C
5-NP,1272,5,0,0,1068,1073,C
5-NP,1273,1075,0,0,0,1075,A
5-NP,1274,0,1076,0,0,1076,T
5-NP,1275,5,0,0,1066,1071,C
5-NP,1276,1062,0,1,0,1063,A
5-NP,1277,1,1073,0,1,1075,T
5-NP,1278,2,4,1067,0,1073,G
5-NP,1279,0,0,1065,0,1065,G
5-NP,1280,0,3,0,1069,1072,C
5-NP,1281,1037,0,0,0,1037,A
5-NP,1282,0,0,1033,0,1033,G
5-NP,1283,0,0,0,1029,1029,C
5-NP,1284,1031,0,0,0,1031,A
5-NP,1285,0,1030,0,1,1031,T
5-NP,1286,0,1012,0,3,1015,T
5-NP,1287,1,0,0,1020,1021,C
5-NP,1288,1016,0,0,0,1016,A
5-NP,1289,0,0,0,1017,1017,C
5-NP,1290,0,1010,0,1,1011,T
5-NP,1291,0,2,1014,0,1016,G
5-NP,1292,0,3,1020,0,1023,G
5-NP,1293,1017,0,0,0,1017,A
5-NP,1294,1013,0,2,0,1015,A
5-NP,1295,1018,0,2,0,1020,A
5-NP,1296,0,1014,0,0,1014,T
5-NP,1297,1016,0,0,0,1016,A
5-NP,1298,0,1,0,1009,1010,C
5-NP,1299,2,2,992,0,996,G
5-NP,1300,1,1,993,1,996,G
5-NP,1301,964,0,0,0,964,A
5-NP,1302,0,3,981,0,984,G
5-NP,1303,0,2,983,0,985,G
5-NP,1304,0,6,971,0,977,G
5-NP,1305,982,0,0,0,982,A
5-NP,1306,977,0,1,0,978,A
5-NP,1307,3,7,973,0,983,G
5-NP,1308,977,0,2,0,979,A
5-NP,1309,979,0,0,0,979,A
5-NP,1310,0,2,0,992,994,C
5-NP,1311,1,965,0,1,967,T
5-NP,1312,0,979,0,0,979,T
5-NP,1313,4,0,0,972,976,C
5-NP,1314,975,0,2,0,977,A
5-NP,1315,0,4,978,1,983,G
5-NP,1316,976,0,1,0,977,A
5-NP,1317,0,0,0,983,983,C
5-NP,1318,974,0,1,0,975,A
5-NP,1319,0,950,0,0,950,T
5-NP,1320,1,1,948,0,950,G
5-NP,1321,932,1,1,0,934,A
5-NP,1322,0,2,946,0,948,G
5-NP,1323,0,1,946,0,947,G
5-NP,1324,0,2,947,0,949,G
5-NP,1325,2,0,0,946,948,C
5-NP,1326,938,0,1,0,939,A
5-NP,1327,0,4,936,0,940,G
5-NP,1328,939,0,1,0,940,A
5-NP,1329,943,0,2,0,945,A
5-NP,1330,941,0,1,0,942,A
5-NP,1331,0,933,0,1,934,T
5-NP,1332,4,1,0,931,936,C
5-NP,1333,932,0,0,0,932,A
5-NP,1334,1,932,0,0,933,T
5-NP,1335,930,0,0,0,930,A
5-NP,1336,923,0,0,0,923,A
5-NP,1337,1,4,934,0,939,G
5-NP,1338,918,0,0,0,918,A
5-NP,1339,923,0,0,0,923,A
5-NP,1340,0,893,0,0,893,T
5-NP,1341,0,5,890,0,895,G
5-NP,1342,893,0,3,0,896,A
5-NP,1343,0,895,0,1,896,T
5-NP,1344,0,1,896,0,897,G
5-NP,1345,0,3,892,0,895,G
5-NP,1346,879,0,0,0,879,A
5-NP,1347,874,1,1,0,876,A
5-NP,1348,0,4,853,0,857,G
5-NP,1349,0,1,868,0,869,G
5-NP,1350,1,843,0,4,848,T
5-NP,1351,1,0,845,0,846,G
5-NP,1352,1,0,0,842,843,C
5-NP,1353,841,1,1,0,843,A
5-NP,1354,843,0,2,0,845,A
5-NP,1355,843,2,0,0,845,A
5-NP,1356,853,0,1,0,854,A
5-NP,1357,0,0,0,854,854,C
5-NP,1358,3,2,0,840,845,C
5-NP,1359,834,0,0,0,834,A
5-NP,1360,0,0,839,0,839,G
5-NP,1361,839,0,0,0,839,A
5-NP,1362,839,0,0,0,839,A
5-NP,1363,0,4,838,0,842,G
5-NP,1364,835,0,0,0,835,A
5-NP,1365,820,0,1,0,821,A
5-NP,1366,0,0,836,0,836,G
5-NP,1367,0,827,0,0,827,T
5-NP,1368,0,1,835,0,836,G
5-NP,1369,1,827,0,1,829,T
5-NP,1370,7,1,0,819,827,C
5-NP,1371,830,0,0,0,830,A
5-NP,1372,0,843,0,0,843,T
5-NP,1373,0,839,0,0,839,T
5-NP,1374,1,0,0,840,841,C
5-NP,1375,2,1,0,821,824,C
5-NP,1376,1,0,824,1,826,G
5-NP,1377,1,3,829,0,833,G
5-NP,1378,0,3,831,0,834,G
5-NP,1379,0,1,833,0,834,G
5-NP,1380,0,1,835,0,836,G
5-NP,1381,808,0,0,0,808,A
5-NP,1382,0,3,813,0,816,G
5-NP,1383,0,2,810,0,812,G
5-NP,1384,1,2,807,0,810,G
5-NP,1385,0,4,812,0,816,G
5-NP,1386,801,0,0,0,801,A
5-NP,1387,0,0,810,0,810,G
5-NP,1388,0,804,0,1,805,T
5-NP,1389,1,800,0,1,802,T
5-NP,1390,1,803,0,1,805,T
5-NP,1391,0,800,0,0,800,T
5-NP,1392,4,0,0,796,800,C
5-NP,1393,0,3,792,0,795,G
5-NP,1394,794,1,0,0,795,A
5-NP,1395,0,1,796,0,797,G
5-NP,1396,0,0,0,785,785,C
5-NP,1397,0,771,0,1,772,T
5-NP,1398,0,0,0,789,789,C
5-NP,1399,2,778,0,0,780,T
5-NP,1400,3,0,0,782,785,C
5-NP,1401,784,0,1,0,785,A
5-NP,1402,1,4,785,0,790,G
5-NP,1403,788,1,1,0,790,A
5-NP,1404,0,0,0,780,780,C
5-NP,1405,2,5,770,0,777,G
5-NP,1406,765,0,0,0,765,A
5-NP,1407,0,2,759,0,761,G
5-NP,1408,751,0,1,0,752,A
5-NP,1409,746,0,0,0,746,A
5-NP,1410,0,4,744,0,748,G
5-NP,1411,0,0,746,0,746,G
5-NP,1412,0,1,0,745,746,C
5-NP,1413,745,0,2,0,747,A
5-NP,1414,747,0,2,0,749,A
5-NP,1415,0,1,0,748,749,C
5-NP,1416,0,3,749,0,752,G
5-NP,1417,752,0,0,0,752,A
5-NP,1418,746,2,1,0,749,A
5-NP,1419,0,0,0,747,747,C
5-NP,1420,5,1,0,737,743,C
5-NP,1421,3,0,0,733,736,C
5-NP,1422,2,1,730,0,733,G
5-NP,1423,740,0,0,0,740,A
5-NP,1424,0,733,0,1,734,T
5-NP,1425,7,0,0,717,724,C
5-NP,1426,0,0,722,0,722,G
5-NP,1427,0,712,0,0,712,T
5-NP,1428,1,1,708,0,710,G
5-NP,1429,0,0,0,713,713,C
5-NP,1430,3,0,0,704,707,C
5-NP,1431,4,0,0,704,708,C
5-NP,1432,0,697,0,0,697,T
5-NP,1433,2,0,0,727,729,C
5-NP,1434,0,727,0,0,727,T
5-NP,1435,0,721,2,0,723,T
5-NP,1436,0,722,0,1,723,T
5-NP,1437,0,718,0,0,718,T
5-NP,1438,2,0,721,0,723,G
5-NP,1439,722,0,0,0,722,A
5-NP,1440,0,710,0,1,711,T
5-NP,1441,698,0,0,0,698,A
5-NP,1442,0,585,0,2,587,T
5-NP,1443,0,3,596,0,599,G
5-NP,1444,590,0,0,0,590,A
5-NP,1445,0,0,595,0,595,G
5-NP,1446,0,590,1,0,591,T
5-NP,1447,575,0,0,0,575,A
5-NP,1448,576,0,1,0,577,A
5-NP,1449,0,576,0,0,576,T
5-NP,1450,0,1,573,0,574,G
5-NP,1451,570,1,1,0,572,A
5-NP,1452,514,0,0,0,514,A
5-NP,1453,2,0,511,0,513,G
5-NP,1454,0,2,470,0,472,G
5-NP,1455,470,0,0,0,470,A
5-NP,1456,0,468,0,0,468,T
5-NP,1457,2,0,0,463,465,C
5-NP,1458,0,456,0,0,456,T
5-NP,1459,0,459,0,0,459,T
5-NP,1460,458,0,0,0,458,A
5-NP,1461,0,459,0,1,460,T
5-NP,1462,0,449,0,0,449,T
5-NP,1463,0,442,0,0,442,T
5-NP,1464,3,0,0,431,434,C
5-NP,1465,0,407,0,0,407,T
5-NP,1466,0,404,0,0,404,T
5-NP,1467,0,0,0,405,405,C
5-NP,1468,0,0,405,0,405,G
5-NP,1469,0,1,403,0,404,G
5-NP,1470,403,0,0,0,403,A
5-NP,1471,0,2,400,0,402,G
5-NP,1472,399,0,0,0,399,A
5-NP,1473,1,0,0,397,398,C
5-NP,1474,379,0,0,0,379,A
5-NP,1475,380,0,0,0,380,A
5-NP,1476,0,379,0,0,379,T
5-NP,1477,0,0,380,0,380,G
5-NP,1478,0,0,0,377,377,C
5-NP,1479,364,0,0,0,364,A
5-NP,1480,0,0,363,0,363,G
5-NP,1481,358,0,0,5,363,A
5-NP,1482,338,0,0,0,338,A
5-NP,1483,0,0,338,0,338,G
5-NP,1484,222,0,2,0,224,A
5-NP,1485,0,1,217,0,218,G
5-NP,1486,1,203,1,0,205,T
5-NP,1487,203,0,1,0,204,A
5-NP,1488,0,0,0,205,205,C
5-NP,1489,0,1,183,0,184,G
5-NP,1490,183,0,0,0,183,A
5-NP,1491,0,0,0,180,180,C
5-NP,1492,141,0,0,0,141,A
5-NP,1493,139,0,0,1,140,A
5-NP,1494,0,114,0,0,114,T
5-NP,1495,0,108,0,0,108,T
5-NP,1496,108,0,0,0,108,A
5-NP,1497,102,0,0,0,102,A
6-NA,1,37,0,0,0,37,A
6-NA,2,0,37,0,0,37,T
6-NA,3,0,0,37,0,37,G
6-NA,4,37,0,0,0,37,A
6-NA,5,38,0,0,0,38,A
6-NA,6,0,38,0,0,38,T
6-NA,7,0,0,0,38,38,C
6-NA,8,0,0,0,38,38,C
6-NA,9,38,0,0,0,38,A
6-NA,10,39,0,0,0,39,A
6-NA,11,39,0,0,0,39,A
6-NA,12,0,40,0,0,40,T
6-NA,13,0,0,0,40,40,C
6-NA,14,39,0,0,0,39,A
6-NA,15,42,0,0,0,42,A
6-NA,16,42,0,0,0,42,A
6-NA,17,44,0,0,0,44,A
6-NA,18,0,0,51,0,51,G
6-NA,19,53,0,0,0,53,A
6-NA,20,0,53,0,0,53,T
6-NA,21,53,0,0,0,53,A
6-NA,22,53,0,0,0,53,A
6-NA,23,0,54,0,0,54,T
6-NA,24,54,0,0,0,54,A
6-NA,25,54,0,0,0,54,A
6-NA,26,0,0,0,57,57,C
6-NA,27,0,0,59,0,59,G
6-NA,28,59,0,0,0,59,A
6-NA,29,0,59,0,0,59,T
6-NA,30,0,59,0,0,59,T
6-NA,31,0,2,57,0,59,G
6-NA,32,0,0,67,0,67,G
6-NA,33,0,0,0,67,67,C
6-NA,34,0,67,0,0,67,T
6-NA,35,0,0,0,67,67,C
6-NA,36,0,67,0,0,67,T
6-NA,37,0,0,72,0,72,G
6-NA,38,0,72,0,0,72,T
6-NA,39,0,71,0,1,72,T
6-NA,40,0,73,0,0,73,T
6-NA,41,0,0,0,73,73,C
6-NA,42,0,73,0,0,73,T
6-NA,43,0,0,0,74,74,C
6-NA,44,0,73,0,0,73,T
6-NA,45,0,0,0,72,72,C
6-NA,46,73,0,0,0,73,A
6-NA,47,0,0,0,80,80,C
6-NA,48,0,0,0,79,79,C
6-NA,49,81,0,0,0,81,A
6-NA,50,0,81,0,0,81,T
6-NA,51,0,81,0,0,81,T
6-NA,52,0,82,0,0,82,T
6-NA,53,0,0,0,84,84,C
6-NA,54,0,0,0,84,84,C
6-NA,55,86,0,1,0,87,A
6-NA,56,0,0,0,91,91,C
6-NA,57,90,0,0,0,90,A
6-NA,58,99,0,0,0,99,A
6-NA,59,0,99,0,0,99,T
6-NA,60,104,0,0,0,104,A
6-NA,61,0,106,0,0,106,T
6-NA,62,0,0,106,0,106,G
6-NA,63,0,0,0,103,103,C
6-NA,64,0,105,0,0,105,T
6-NA,65,0,107,0,0,107,T
6-NA,66,0,0,0,108,108,C
6-NA,67,0,107,0,0,107,T
6-NA,68,1,106,0,0,107,T
6-NA,69,1,0,0,102,103,C
6-NA,70,103,0,0,0,103,A
6-NA,71,0,104,0,1,105,T
6-NA,72,0,0,105,0,105,G
6-NA,73,2,0,0,103,105,C
6-NA,74,102,0,0,0,102,A
6-NA,75,102,0,0,0,102,A
6-NA,76,102,0,0,0,102,A
6-NA,77,0,102,0,0,102,T
6-NA,78,0,102,0,0,102,T
6-NA,79,0,0,104,0,104,G
6-NA,80,0,0,0,105,105,C
6-NA,81,0,0,0,103,103,C
6-NA,82,106,0,0,0,106,A
6-NA,83,0,106,0,0,106,T
6-NA,84,0,0,0,112,112,C
6-NA,85,0,110,0,1,111,T
6-NA,86,0,110,0,0,110,T
6-NA,87,0,1,114,0,115,G
6-NA,88,115,0,0,0,115,A
6-NA,89,0,116,0,0,116,T
6-NA,90,117,0,0,0,117,A
6-NA,91,117,0,0,0,117,A
6-NA,92,0,0,0,133,133,C
6-NA,93,0,133,0,1,134,T
6-NA,94,137,0,0,0,137,A
6-NA,95,0,0,0,143,143,C
6-NA,96,0,140,0,0,140,T
6-NA,97,0,1,144,0,145,G
6-NA,98,0,146,0,0,146,T
6-NA,99,147,0,0,0,147,A
6-NA,100,144,1,1,0,146,A
6-NA,101,0,0,0,145,145,C
6-NA,102,141,0,0,0,141,A
6-NA,103,0,142,0,0,142,T
6-NA,104,0,137,0,0,137,T
6-NA,105,0,1,139,0,140,G
6-NA,106,0,0,0,140,140,C
6-NA,107,143,0,0,0,143,A
6-NA,108,0,146,0,0,146,T
6-NA,109,0,144,0,0,144,T
6-NA,110,0,144,0,0,144,T
6-NA,111,1,0,0,142,143,C
6-NA,112,143,1,0,0,144,A
6-NA,113,145,0,0,0,145,A
6-NA,114,0,0,144,0,144,G
6-NA,115,0,0,0,145,145,C
6-NA,116,145,0,0,0,145,A
6-NA,117,151,0,0,0,151,A
6-NA,118,0,153,0,0,153,T
6-NA,119,153,0,0,0,153,A
6-NA,120,0,153,0,0,153,T
6-NA,121,0,0,160,0,160,G
6-NA,122,162,0,0,0,162,A
6-NA,123,166,0,0,0,166,A
6-NA,124,0,165,0,0,165,T
6-NA,125,0,164,0,0,164,T
6-NA,126,1,0,0,162,163,C
6-NA,127,164,0,0,0,164,A
6-NA,128,166,0,0,0,166,A
6-NA,129,1,0,0,165,166,C
6-NA,130,0,165,0,0,165,T
6-NA,131,1,0,0,165,166,C
6-NA,132,1,0,0,166,167,C
6-NA,133,1,0,0,170,171,C
6-NA,134,2,0,0,171,173,C
6-NA,135,0,0,0,174,174,C
6-NA,136,0,0,0,176,176,C
6-NA,137,0,2,0,176,178,C
6-NA,138,177,0,0,0,177,A
6-NA,139,177,0,0,0,177,A
6-NA,140,176,0,0,0,176,A
6-NA,141,0,0,0,177,177,C
6-NA,142,170,0,0,0,170,A
6-NA,143,172,0,0,0,172,A
6-NA,144,0,0,0,172,172,C
6-NA,145,1,0,0,172,173,C
6-NA,146,181,0,0,0,181,A
6-NA,147,179,0,0,0,179,A
6-NA,148,0,0,189,0,189,G
6-NA,149,0,190,0,0,190,T
6-NA,150,0,1,187,0,188,G
6-NA,151,189,0,0,1,190,A
6-NA,152,0,190,0,1,191,T
6-NA,153,0,0,192,0,192,G
6-NA,154,0,0,0,196,196,C
6-NA,155,0,193,0,0,193,T
6-NA,156,0,0,203,0,203,G
6-NA,157,0,201,0,0,201,T
6-NA,158,0,0,203,0,203,G
6-NA,159,0,206,0,0,206,T
6-NA,160,1,1,201,0,203,G
6-NA,161,203,0,0,0,203,A
6-NA,162,209,0,0,0,209,A
6-NA,163,0,0,0,210,210,C
6-NA,164,3,0,0,206,209,C
6-NA,165,206,0,0,0,206,A
6-NA,166,207,0,0,0,207,A
6-NA,167,0,1,0,216,217,C
6-NA,168,215,0,0,0,215,A
6-NA,169,215,0,0,0,215,A
6-NA,170,0,219,0,0,219,T
6-NA,171,215,0,0,0,215,A
6-NA,172,213,0,1,0,214,A
6-NA,173,0,216,0,0,216,T
6-NA,174,216,0,0,0,216,A
6-NA,175,0,0,220,0,220,G
6-NA,176,212,0,3,0,215,A
6-NA,177,216,0,0,0,216,A
6-NA,178,212,0,0,0,212,A
6-NA,179,0,3,209,0,212,G
6-NA,180,217,0,1,0,218,A
6-NA,181,214,0,0,0,214,A
6-NA,182,226,0,1,0,227,A
6-NA,183,0,0,0,227,227,C
6-NA,184,227,0,0,0,227,A
6-NA,185,0,229,0,0,229,T
6-NA,186,231,0,1,0,232,A
6-NA,187,234,0,1,0,235,A
6-NA,188,0,2,0,237,239,C
6-NA,189,236,0,0,0,236,A
6-NA,190,0,3,239,0,242,G
6-NA,191,238,0,0,0,238,A
6-NA,192,0,1,237,0,238,G
6-NA,193,240,0,0,0,240,A
6-NA,194,0,252,0,0,252,T
6-NA,195,249,0,0,0,249,A
6-NA,196,0,1,251,0,252,G
6-NA,197,0,252,0,0,252,T
6-NA,198,0,0,260,0,260,G
6-NA,199,0,260,0,0,260,T
6-NA,200,259,0,0,0,259,A
6-NA,201,0,259,0,0,259,T
6-NA,202,0,0,0,262,262,C
6-NA,203,0,256,0,0,256,T
6-NA,204,0,0,263,0,263,G
6-NA,205,259,0,0,0,259,A
6-NA,206,0,1,0,260,261,C
6-NA,207,1,0,0,260,261,C
6-NA,208,259,0,0,0,259,A
6-NA,209,260,1,1,0,262,A
6-NA,210,0,0,0,265,265,C
6-NA,211,264,0,0,0,264,A
6-NA,212,0,0,0,279,279,C
6-NA,213,0,0,0,278,278,C
6-NA,214,284,0,0,0,284,A
6-NA,215,0,0,0,302,302,C
6-NA,216,1,0,0,302,303,C
6-NA,217,305,0,0,0,305,A
6-NA,218,0,307,0,0,307,T
6-NA,219,302,0,0,0,302,A
6-NA,220,0,1,301,0,302,G
6-NA,221,300,0,0,0,300,A
6-NA,222,1,0,300,0,301,G
6-NA,223,298,0,0,0,298,A
6-NA,224,289,0,1,0,290,A
6-NA,225,0,0,293,0,293,G
6-NA,226,0,0,295,0,295,G
6-NA,227,294,0,0,0,294,A
6-NA,228,295,0,0,0,295,A
6-NA,229,293,0,1,0,294,A
6-NA,230,0,294,0,0,294,T
6-NA,231,292,0,0,0,292,A
6-NA,232,0,290,0,1,291,T
6-NA,233,0,0,293,0,293,G
6-NA,234,0,2,0,291,293,C
6-NA,235,0,0,0,295,295,C
6-NA,236,0,0,0,294,294,C
6-NA,237,0,0,0,293,293,C
6-NA,238,295,0,0,0,295,A
6-NA,239,295,0,0,0,295,A
6-NA,240,296,0,0,0,296,A
6-NA,241,0,295,0,0,295,T
6-NA,242,0,303,0,0,303,T
6-NA,243,303,0,0,0,303,A
6-NA,244,1,0,301,0,302,G
6-NA,245,0,0,0,304,304,C
6-NA,246,304,0,1,0,305,A
6-NA,247,0,0,314,0,314,G
6-NA,248,311,0,0,0,311,A
6-NA,249,326,0,0,0,326,A
6-NA,250,0,327,0,0,327,T
6-NA,251,326,0,1,0,327,A
6-NA,252,0,1,0,327,328,C
6-NA,253,325,0,1,0,326,A
6-NA,254,0,1,326,0,327,G
6-NA,255,327,0,0,0,327,A
6-NA,256,322,0,0,0,322,A
6-NA,257,324,0,0,0,324,A
6-NA,258,0,316,0,0,316,T
6-NA,259,0,317,0,0,317,T
6-NA,260,0,3,318,0,321,G
6-NA,261,0,0,319,0,319,G
6-NA,262,0,321,0,0,321,T
6-NA,263,1,0,0,319,320,C
6-NA,264,318,0,0,0,318,A
6-NA,265,321,0,0,0,321,A
6-NA,266,317,0,0,0,317,A
6-NA,267,0,0,319,0,319,G
6-NA,268,0,0,0,318,318,C
6-NA,269,2,0,0,313,315,C
6-NA,270,0,0,319,0,319,G
6-NA,271,2,0,0,315,317,C
6-NA,272,322,0,0,0,322,A
6-NA,273,321,1,1,0,323,A
6-NA,274,0,321,0,0,321,T
6-NA,275,0,0,319,0,319,G
6-NA,276,0,3,0,317,320,C
6-NA,277,0,1,323,0,324,G
6-NA,278,331,0,1,0,332,A
6-NA,279,0,0,0,331,331,C
6-NA,280,335,0,0,0,335,A
6-NA,281,0,338,0,0,338,T
6-NA,282,0,338,0,0,338,T
6-NA,283,342,0,0,0,342,A
6-NA,284,0,0,0,342,342,C
6-NA,285,339,0,0,0,339,A
6-NA,286,1,1,341,0,343,G
6-NA,287,0,2,341,0,343,G
6-NA,288,343,0,0,0,343,A
6-NA,289,0,335,0,0,335,T
6-NA,290,0,334,0,1,335,T
6-NA,291,0,334,0,0,334,T
6-NA,292,0,0,336,0,336,G
6-NA,293,0,1,0,334,335,C
6-NA,294,333,0,1,0,334,A
6-NA,295,0,1,0,333,334,C
6-NA,296,0,0,0,333,333,C
6-NA,297,0,331,0,0,331,T
6-NA,298,0,331,0,0,331,T
6-NA,299,0,335,0,0,335,T
6-NA,300,0,334,0,1,335,T
6-NA,301,0,337,0,0,337,T
6-NA,302,0,0,0,340,340,C
6-NA,303,0,339,0,0,339,T
6-NA,304,336,0,0,0,336,A
6-NA,305,339,0,0,0,339,A
6-NA,306,0,1,338,0,339,G
6-NA,307,0,0,339,0,339,G
6-NA,308,338,0,0,0,338,A
6-NA,309,0,1,0,337,338,C
6-NA,310,334,0,0,0,334,A
6-NA,311,335,0,0,0,335,A
6-NA,312,0,336,0,0,336,T
6-NA,313,0,335,0,1,336,T
6-NA,314,1,0,0,338,339,C
6-NA,315,0,3,332,0,335,G
6-NA,316,337,0,0,0,337,A
6-NA,317,0,336,0,0,336,T
6-NA,318,0,335,0,0,335,T
6-NA,319,335,0,0,0,335,A
6-NA,320,0,1,335,0,336,G
6-NA,321,0,0,336,0,336,G
6-NA,322,0,0,0,337,337,C
6-NA,323,0,333,0,0,333,T
6-NA,324,0,333,0,0,333,T
6-NA,325,0,335,0,0,335,T
6-NA,326,0,0,0,333,333,C
6-NA,327,3,1,0,332,336,C
6-NA,328,0,0,338,0,338,G
6-NA,329,0,1,0,339,340,C
6-NA,330,0,339,0,0,339,T
6-NA,331,0,1,343,0,344,G
6-NA,332,0,0,344,0,344,G
6-NA,333,0,345,0,0,345,T
6-NA,334,0,1,344,0,345,G
6-NA,335,0,2,337,0,339,G
6-NA,336,0,2,335,0,337,G
6-NA,337,0,0,341,0,341,G
6-NA,338,341,0,0,0,341,A
6-NA,339,0,0,0,341,341,C
6-NA,340,339,0,0,0,339,A
6-NA,341,1,338,0,0,339,T
6-NA,342,2,0,0,340,342,C
6-NA,343,0,340,0,1,341,T
6-NA,344,0,2,344,0,346,G
6-NA,345,0,1,345,0,346,G
6-NA,346,0,1,352,0,353,G
6-NA,347,0,352,0,0,352,T
6-NA,348,0,1,346,0,347,G
6-NA,349,343,0,0,0,343,A
6-NA,350,0,0,1,349,350,C
6-NA,351,348,0,0,0,348,A
6-NA,352,378,0,0,0,378,A
6-NA,353,0,0,388,0,388,G
6-NA,354,389,0,1,0,390,A
6-NA,355,0,2,418,0,420,G
6-NA,356,436,0,1,0,437,A
6-NA,357,489,0,0,0,489,A
6-NA,358,1,0,0,635,636,C
6-NA,359,0,0,0,694,694,C
6-NA,360,0,695,0,0,695,T
6-NA,361,0,702,0,0,702,T
6-NA,362,700,0,0,0,700,A
6-NA,363,0,706,0,0,706,T
6-NA,364,0,1,756,0,757,G
6-NA,365,0,754,0,3,757,T
6-NA,366,0,1,797,0,798,G
6-NA,367,0,783,0,0,783,T
6-NA,368,6,1,0,777,784,C
6-NA,369,795,1,1,4,801,A
6-NA,370,0,806,0,0,806,T
6-NA,371,2,0,803,0,805,G
6-NA,372,1,1,0,805,807,C
6-NA,373,0,5,803,0,808,G
6-NA,374,912,0,1,0,913,A
6-NA,375,0,922,0,1,923,T
6-NA,376,2,0,0,951,953,C
6-NA,377,1,0,2,952,955,C
6-NA,378,0,968,0,1,969,T
6-NA,379,1,2,984,0,987,G
6-NA,380,987,0,1,0,988,A
6-NA,381,0,1,0,989,990,C
6-NA,382,986,0,1,0,987,A
6-NA,383,984,0,1,0,985,A
6-NA,384,1,1,1034,0,1036,G
6-NA,385,0,1030,0,2,1032,T
6-NA,386,0,0,1054,0,1054,G
6-NA,387,0,1046,0,0,1046,T
6-NA,388,0,1041,0,1,1042,T
6-NA,389,1043,0,0,0,1043,A
6-NA,390,0,1044,0,1,1045,T
6-NA,391,1,1,0,1062,1064,C
6-NA,392,1070,0,0,0,1070,A
6-NA,393,1056,0,0,0,1056,A
6-NA,394,0,1057,0,0,1057,T
6-NA,395,0,1054,0,1,1055,T
6-NA,396,0,1057,0,1,1058,T
6-NA,397,0,3,1068,0,1071,G
6-NA,398,0,2,0,1154,1156,C
6-NA,399,1,0,0,1155,1156,C
6-NA,400,4,0,0,1152,1156,C
6-NA,401,0,1150,1,4,1155,T
6-NA,402,0,1157,0,0,1157,T
6-NA,403,0,7,1162,0,1169,G
6-NA,404,0,4,1173,0,1177,G
6-NA,405,1185,0,1,0,1186,A
6-NA,406,1,0,0,1196,1197,C
6-NA,407,1168,1,1,1,1171,A
6-NA,408,1,7,1196,0,1204,G
6-NA,409,0,2,1203,0,1205,G
6-NA,410,1,6,1258,0,1265,G
6-NA,411,1277,1,0,0,1278,A
6-NA,412,1267,1,2,0,1270,A
6-NA,413,0,1,0,1272,1273,C
6-NA,414,1248,0,2,0,1250,A
6-NA,415,1381,0,1,1,1383,A
6-NA,416,2,1,0,1400,1403,C
6-NA,417,1398,0,0,0,1398,A
6-NA,418,3,0,0,1413,1416,C
6-NA,419,0,1395,0,0,1395,T
6-NA,420,1420,0,0,1,1421,A
6-NA,421,1418,0,2,0,1420,A
6-NA,422,1420,0,0,0,1420,A
6-NA,423,2,2,0,1418,1422,C
6-NA,424,1369,0,0,1,1370,A
6-NA,425,1370,1,2,1,1374,A
6-NA,426,0,0,0,1371,1371,C
6-NA,427,0,1,1370,0,1371,G
6-NA,428,0,1373,0,1,1374,T
6-NA,429,0,0,1380,1,1381,G
6-NA,430,2,0,0,1391,1393,C
6-NA,431,1390,0,0,0,1390,A
6-NA,432,1,1396,0,1,1398,T
6-NA,433,0,1401,0,1,1402,T
6-NA,434,5,0,0,1415,1420,C
6-NA,435,1466,0,1,0,1467,A
6-NA,436,1474,0,3,0,1477,A
6-NA,437,1504,0,2,0,1506,A
6-NA,438,0,1506,0,1,1507,T
6-NA,439,0,16,1487,2,1505,G
6-NA,440,1527,1,2,0,1530,A
6-NA,441,0,0,0,1541,1541,C
6-NA,442,1538,0,2,0,1540,A
6-NA,443,0,0,0,1570,1570,C
6-NA,444,1561,0,1,0,1562,A
6-NA,445,1,0,1861,0,1862,G
6-NA,446,0,1862,0,2,1864,T
6-NA,447,1885,0,2,0,1887,A
6-NA,448,1,1,0,1886,1888,C
6-NA,449,1,2,1888,0,1891,G
6-NA,450,0,1946,1,4,1951,T
6-NA,451,0,8,1948,0,1956,G
6-NA,452,1954,0,1,1,1956,A
6-NA,453,0,1969,0,1,1970,T
6-NA,454,1793,1,5,1,1800,A
6-NA,455,0,11,1794,0,1805,G
6-NA,456,1,7,1787,1,1796,G
6-NA,457,1799,0,1,0,1800,A
6-NA,458,1,1,0,1823,1825,C
6-NA,459,2,0,0,1799,1801,C
6-NA,460,6,0,0,1811,1817,C
6-NA,461,1,0,1,1815,1817,C
6-NA,462,0,1820,1,5,1826,T
6-NA,463,0,1851,1,2,1854,T
6-NA,464,1851,0,2,0,1853,A
6-NA,465,0,1860,1,1,1862,T
6-NA,466,5,1,0,1849,1855,C
6-NA,467,1,6,1835,0,1842,G
6-NA,468,2,8,1834,0,1844,G
6-NA,469,1843,0,1,0,1844,A
6-NA,470,2,0,0,1857,1859,C
6-NA,471,5,1,0,1846,1852,C
6-NA,472,2,0,0,1946,1948,C
6-NA,473,0,1941,0,2,1943,T
6-NA,474,1976,0,0,0,1976,A
6-NA,475,1,1974,0,2,1977,T
6-NA,476,0,1984,0,1,1985,T
6-NA,477,3,4,1985,0,1992,G
6-NA,478,1993,0,1,0,1994,A
6-NA,479,0,1980,0,0,1980,T
6-NA,480,0,5,1988,0,1993,G
6-NA,481,1947,0,0,1,1948,A
6-NA,482,1957,0,1,0,1958,A
6-NA,483,0,1956,0,0,1956,T
6-NA,484,1,9,1989,0,1999,G
6-NA,485,2025,0,3,1,2029,A
6-NA,486,2,0,2042,0,2044,G
6-NA,487,0,2030,0,2,2032,T
6-NA,488,0,2037,0,1,2038,T
6-NA,489,2040,0,1,0,2041,A
6-NA,490,0,2,2040,0,2042,G
6-NA,491,0,3,2046,1,2050,G
6-NA,492,0,2041,0,1,2042,T
6-NA,493,0,0,2044,0,2044,G
6-NA,494,1,2016,0,2,2019,T
6-NA,495,1,2004,0,4,2009,T
6-NA,496,7,1,0,2017,2025,C
6-NA,497,3,2,0,2034,2039,C
6-NA,498,0,2034,0,4,2038,T
6-NA,499,1,2033,0,3,2037,T
6-NA,500,0,2031,0,1,2032,T
6-NA,501,0,2030,0,0,2030,T
6-NA,502,1,1,1,2034,2037,C
6-NA,503,2032,0,2,0,2034,A
6-NA,504,0,2078,0,0,2078,T
6-NA,505,2,0,0,2076,2078,C
6-NA,506,0,2047,0,0,2047,T
6-NA,507,0,4,2047,1,2052,G
6-NA,508,0,3,2039,0,2042,G
6-NA,509,1,8,2041,0,2050,G
6-NA,510,0,9,2056,0,2065,G
6-NA,511,2060,0,5,0,2065,A
6-NA,512,0,0,0,2093,2093,C
6-NA,513,7,0,0,2055,2062,C
6-NA,514,2085,0,1,0,2086,A
6-NA,515,2086,1,2,0,2089,A
6-NA,516,0,0,2092,0,2092,G
6-NA,517,1,0,0,2096,2097,C
6-NA,518,2091,0,0,0,2091,A
6-NA,519,2123,0,3,0,2126,A
6-NA,520,1,0,2136,0,2137,G
6-NA,521,1,2123,0,0,2124,T
6-NA,522,0,0,2173,0,2173,G
6-NA,523,0,2147,0,5,2152,T
6-NA,524,1,1,2214,0,2216,G
6-NA,525,3,0,2,2220,2225,C
6-NA,526,2207,0,0,0,2207,A
6-NA,527,0,2230,0,0,2230,T
6-NA,528,2206,2,3,0,2211,A
6-NA,529,0,2,2279,0,2281,G
6-NA,530,1,1,0,2280,2282,C
6-NA,531,2234,0,1,0,2235,A
6-NA,532,0,2228,0,0,2228,T
6-NA,533,0,7,2160,0,2167,G
6-NA,534,0,2,2339,1,2342,G
6-NA,535,0,2345,0,2,2347,T
6-NA,536,10,0,0,2325,2335,C
6-NA,537,6,1,0,2364,2371,C
6-NA,538,2376,0,1,0,2377,A
6-NA,539,3,0,2474,2,2479,G
6-NA,540,2,2,0,2484,2488,C
6-NA,541,1,2477,0,6,2484,T
6-NA,542,19,3,0,2468,2490,C
6-NA,543,2433,0,2,0,2435,A
6-NA,544,2474,1,4,0,2479,A
6-NA,545,1,2,2491,0,2494,G
6-NA,546,0,2582,0,0,2582,T
6-NA,547,0,2580,0,1,2581,T
6-NA,548,1,2,2582,0,2585,G
6-NA,549,1,2576,0,4,2581,T
6-NA,550,15,0,1,2569,2585,C
6-NA,551,2590,1,1,0,2592,A
6-NA,552,1,4,0,2611,2616,C
6-NA,553,0,5,2599,0,2604,G
6-NA,554,2670,0,2,0,2672,A
6-NA,555,0,2669,0,3,2672,T
6-NA,556,2,3,2733,0,2738,G
6-NA,557,3,4,2759,0,2766,G
6-NA,558,2752,2,7,0,2761,A
6-NA,559,2766,0,1,0,2767,A
6-NA,560,2813,0,1,0,2814,A
6-NA,561,2812,0,6,1,2819,A
6-NA,562,1,1,2873,0,2875,G
6-NA,563,0,2,0,2874,2876,C
6-NA,564,2865,1,2,0,2868,A
6-NA,565,0,2862,0,1,2863,T
6-NA,566,2,8,2883,0,2893,G
6-NA,567,3,1,2922,0,2926,G
6-NA,568,2,0,0,2965,2967,C
6-NA,569,1,2927,0,1,2929,T
6-NA,570,0,3,2951,0,2954,G
6-NA,571,0,0,0,2940,2940,C
6-NA,572,2951,1,2,0,2954,A
6-NA,573,0,3079,1,2,3082,T
6-NA,574,0,0,3094,0,3094,G
6-NA,575,0,3090,1,3,3094,T
6-NA,576,0,3209,0,7,3216,T
6-NA,577,2,3199,0,4,3205,T
6-NA,578,4,3,3434,0,3441,G
6-NA,579,1,3435,0,1,3437,T
6-NA,580,3443,0,1,0,3444,A
6-NA,581,0,3465,0,2,3467,T
6-NA,582,3416,0,1,1,3418,A
6-NA,583,3431,0,6,0,3437,A
6-NA,584,0,2,0,3406,3408,C
6-NA,585,3,5,3368,1,3377,G
6-NA,586,2,13,3389,1,3405,G
6-NA,587,3,13,3325,0,3341,G
6-NA,588,1,8,3347,1,3357,G
6-NA,589,1,6,3359,0,3366,G
6-NA,590,3348,0,8,1,3357,A
6-NA,591,0,3363,0,1,3364,T
6-NA,592,1,14,3360,2,3377,G
6-NA,593,3406,2,9,0,3417,A
6-NA,594,0,3437,0,1,3438,T
6-NA,595,3430,0,2,0,3432,A
6-NA,596,3523,0,2,0,3525,A
6-NA,597,3558,0,3,0,3561,A
6-NA,598,3559,0,2,1,3562,A
6-NA,599,3571,1,4,0,3576,A
6-NA,600,0,3573,0,2,3575,T
6-NA,601,1,4,3576,0,3581,G
6-NA,602,1,4,0,3567,3572,C
6-NA,603,3558,1,5,0,3564,A
6-NA,604,3583,0,6,0,3589,A
6-NA,605,2,2,1,3625,3630,C
6-NA,606,2,3624,0,1,3627,T
6-NA,607,1,3,3642,0,3646,G
6-NA,608,3,1,0,3640,3644,C
6-NA,609,1,3643,0,2,3646,T
6-NA,610,3648,0,2,0,3650,A
6-NA,611,0,1,3663,0,3664,G
6-NA,612,2,1,0,3714,3717,C
6-NA,613,0,3710,0,4,3714,T
6-NA,614,0,3703,0,2,3705,T
6-NA,615,14,0,0,3734,3748,C
6-NA,616,3763,0,2,0,3765,A
6-NA,617,1,3773,0,2,3776,T
6-NA,618,2,3780,0,3,3785,T
6-NA,619,0,3801,0,1,3802,T
6-NA,620,3833,2,0,0,3835,A
6-NA,621,0,1,0,3875,3876,C
6-NA,622,3849,0,3,0,3852,A
6-NA,623,3883,0,6,0,3889,A
6-NA,624,0,3873,0,2,3875,T
6-NA,625,5,12,3856,2,3875,G
6-NA,626,1,6,3861,2,3870,G
6-NA,627,2,12,3848,0,3862,G
6-NA,628,3847,2,9,0,3858,A
6-NA,629,0,5,3937,1,3943,G
6-NA,630,2,1,3972,0,3975,G
6-NA,631,4,0,1,4210,4215,C
6-NA,632,0,4197,0,7,4204,T
6-NA,633,0,4246,1,1,4248,T
6-NA,634,2,1,4290,0,4293,G
6-NA,635,1,4294,0,1,4296,T
6-NA,636,4383,0,7,0,4390,A
6-NA,637,1,8,4411,0,4420,G
6-NA,638,4340,1,7,0,4348,A
6-NA,639,1,4366,0,2,4369,T
6-NA,640,4095,0,2,0,4097,A
6-NA,641,6,4,4085,0,4095,G
6-NA,642,0,4026,0,8,4034,T
6-NA,643,0,4,3936,0,3940,G
6-NA,644,0,4150,1,6,4157,T
6-NA,645,0,4153,0,3,4156,T
6-NA,646,0,1,4242,0,4243,G
6-NA,647,2,4226,0,7,4235,T
6-NA,648,1,4225,0,4,4230,T
6-NA,649,2,4234,0,4,4240,T
6-NA,650,12,1,1,4164,4178,C
6-NA,651,4163,0,3,3,4169,A
6-NA,652,0,4160,1,1,4162,T
6-NA,653,4,19,4139,1,4163,G
6-NA,654,3,3,4427,0,4433,G
6-NA,655,1,4337,0,6,4344,T
6-NA,656,21,1,1,4299,4322,C
6-NA,657,24,1,0,4296,4321,C
6-NA,658,4343,0,1,0,4344,A
6-NA,659,4379,0,3,0,4382,A
6-NA,660,4372,0,8,0,4380,A
6-NA,661,2,18,4411,0,4431,G
6-NA,662,4421,1,2,0,4424,A
6-NA,663,4276,0,8,1,4285,A
6-NA,664,4289,0,8,0,4297,A
6-NA,665,0,4281,1,3,4285,T
6-NA,666,12,0,0,4405,4417,C
6-NA,667,5,0,1,4402,4408,C
6-NA,668,1,4388,0,7,4396,T
6-NA,669,14,2,0,4385,4401,C
6-NA,670,4389,0,5,0,4394,A
6-NA,671,4,6,4444,0,4454,G
6-NA,672,1,27,4416,0,4444,G
6-NA,673,4536,2,8,0,4546,A
6-NA,674,4,2,0,4537,4543,C
6-NA,675,9,1,2,4460,4472,C
6-NA,676,8,3,0,4457,4468,C
6-NA,677,4476,1,3,0,4480,A
6-NA,678,1,5,4485,0,4491,G
6-NA,679,3,24,4481,0,4508,G
6-NA,680,4468,0,12,0,4480,A
6-NA,681,2,4,4550,0,4556,G
6-NA,682,3,4469,0,6,4478,T
6-NA,683,24,4,1,4456,4485,C
6-NA,684,4483,0,2,2,4487,A
6-NA,685,2,15,4506,1,4524,G
6-NA,686,4506,0,10,0,4516,A
6-NA,687,4501,0,2,1,4504,A
6-NA,688,0,4491,0,2,4493,T
6-NA,689,5,3,4507,1,4516,G
6-NA,690,2,1,1,4486,4490,C
6-NA,691,3,1,4517,0,4521,G
6-NA,692,1,4503,0,9,4513,T
6-NA,693,0,4516,0,2,4518,T
6-NA,694,0,4484,0,4,4488,T
6-NA,695,1,10,4519,1,4531,G
6-NA,696,1,4542,0,1,4544,T
6-NA,697,4541,1,1,0,4543,A
6-NA,698,2,4532,0,0,4534,T
6-NA,699,14,1,0,4518,4533,C
6-NA,700,4513,0,0,0,4513,A
6-NA,701,4523,0,0,0,4523,A
6-NA,702,1,4533,0,0,4534,T
6-NA,703,2,13,4511,0,4526,G
6-NA,704,1,22,4501,1,4525,G
6-NA,705,4592,1,4,0,4597,A
6-NA,706,4588,0,12,0,4600,A
6-NA,707,1,1,0,4663,4665,C
6-NA,708,1,4659,1,9,4670,T
6-NA,709,0,4661,0,1,4662,T
6-NA,710,2,2,4839,0,4843,G
6-NA,711,3,4849,0,2,4854,T
6-NA,712,4841,0,5,0,4846,A
6-NA,713,1,5,0,4929,4935,C
6-NA,714,4812,1,6,0,4819,A
6-NA,715,4,4,5148,1,5157,G
6-NA,716,0,5111,0,2,5113,T
6-NA,717,5314,0,3,0,5317,A
6-NA,718,2,3,5353,0,5358,G
6-NA,719,1,5234,0,4,5239,T
6-NA,720,5235,1,4,0,5240,A
6-NA,721,5236,0,0,0,5236,A
6-NA,722,0,5204,1,4,5209,T
6-NA,723,4,37,5208,0,5249,G
6-NA,724,5130,0,3,0,5133,A
6-NA,725,4,0,0,5185,5189,C
6-NA,726,0,5052,0,2,5054,T
6-NA,727,16,9,5046,0,5071,G
6-NA,728,5062,0,4,0,5066,A
6-NA,729,1,5093,0,2,5096,T
6-NA,730,2,18,5079,0,5099,G
6-NA,731,1,7,5050,0,5058,G
6-NA,732,0,8,5055,0,5063,G
6-NA,733,4977,0,6,0,4983,A
6-NA,734,1,0,4993,0,4994,G
6-NA,735,0,4933,0,5,4938,T
6-NA,736,2,4,4962,0,4968,G
6-NA,737,5,0,0,4968,4973,C
6-NA,738,0,4949,0,4,4953,T
6-NA,739,1,4946,0,1,4948,T
6-NA,740,10,1,0,4929,4940,C
6-NA,741,3,14,4906,2,4925,G
6-NA,742,2,8,4977,0,4987,G
6-NA,743,2,11,4983,1,4997,G
6-NA,744,4979,2,6,0,4987,A
6-NA,745,4950,1,6,1,4958,A
6-NA,746,4939,0,6,0,4945,A
6-NA,747,4962,0,12,0,4974,A
6-NA,748,0,1,5009,0,5010,G
6-NA,749,2,2,0,5006,5010,C
6-NA,750,0,4957,0,2,4959,T
6-NA,751,4,10,4948,0,4962,G
6-NA,752,4955,0,5,0,4960,A
6-NA,753,1,5020,0,3,5024,T
6-NA,754,5048,2,2,0,5052,A
6-NA,755,2,1,0,5314,5317,C
6-NA,756,1,5282,1,3,5287,T
6-NA,757,5302,0,1,0,5303,A
6-NA,758,5307,0,2,1,5310,A
6-NA,759,5309,0,4,0,5313,A
6-NA,760,5440,0,1,0,5441,A
6-NA,761,0,5435,0,1,5436,T
6-NA,762,5425,1,1,0,5427,A
6-NA,763,4,3,0,5457,5464,C
6-NA,764,1,5183,0,1,5185,T
6-NA,765,5264,0,6,0,5270,A
6-NA,766,2,5231,0,9,5242,T
6-NA,767,1,5656,0,2,5659,T
6-NA,768,24,0,0,5703,5727,C
6-NA,769,5649,0,3,1,5653,A
6-NA,770,0,5645,0,0,5645,T
6-NA,771,1,5634,0,2,5637,T
6-NA,772,5528,2,6,0,5536,A
6-NA,773,5554,1,7,0,5562,A
6-NA,774,1,10,5578,0,5589,G
6-NA,775,0,19,5580,0,5599,G
6-NA,776,5205,1,4,0,5210,A
6-NA,777,3,15,5243,0,5261,G
6-NA,778,3,15,5250,0,5268,G
6-NA,779,1,16,5253,1,5271,G
6-NA,780,2,17,5260,2,5281,G
6-NA,781,5244,2,7,1,5254,A
6-NA,782,5265,0,7,1,5273,A
6-NA,783,5239,1,6,0,5246,A
6-NA,784,5238,2,2,1,5243,A
6-NA,785,0,5249,0,5,5254,T
6-NA,786,36,3,0,5190,5229,C
6-NA,787,9,1,5306,0,5316,G
6-NA,788,0,5293,0,1,5294,T
6-NA,789,0,5290,0,4,5294,T
6-NA,790,39,2,0,5263,5304,C
6-NA,791,5224,1,3,0,5228,A
6-NA,792,2,5658,0,2,5662,T
6-NA,793,5653,1,2,0,5656,A
6-NA,794,4,3,0,5690,5697,C
6-NA,795,1,5664,1,10,5676,T
6-NA,796,5675,1,3,1,5680,A
6-NA,797,1,2,5672,0,5675,G
6-NA,798,6,4,0,5661,5671,C
6-NA,799,5662,0,4,1,5667,A
6-NA,800,3,1,0,5690,5694,C
6-NA,801,5451,0,1,0,5452,A
6-NA,802,0,5831,1,2,5834,T
6-NA,803,1,5791,0,2,5794,T
6-NA,804,1,1,6155,0,6157,G
6-NA,805,2,6117,0,5,6124,T
6-NA,806,38,2,0,6078,6118,C
6-NA,807,6103,1,5,3,6112,A
6-NA,808,5,5,6116,0,6126,G
6-NA,809,0,19,6111,2,6132,G
6-NA,810,6108,2,6,0,6116,A
6-NA,811,5989,1,5,2,5997,A
6-NA,812,4,5,6058,0,6067,G
6-NA,813,1,5757,0,1,5759,T
6-NA,814,1,2,5787,0,5790,G
6-NA,815,6,2,1,5778,5787,C
6-NA,816,0,5775,0,4,5779,T
6-NA,817,19,2,0,5782,5803,C
6-NA,818,5755,1,4,0,5760,A
6-NA,819,2,1,5813,0,5816,G
6-NA,820,5,3,1,5806,5815,C
6-NA,821,5794,0,1,0,5795,A
6-NA,822,0,5796,0,3,5799,T
6-NA,823,4,3,5976,0,5983,G
6-NA,824,11,5986,0,4,6001,T
6-NA,825,33,5,0,5948,5986,C
6-NA,826,2,15,5977,0,5994,G
6-NA,827,5971,1,8,0,5980,A
6-NA,828,1,16,5940,0,5957,G
6-NA,829,1,23,5930,2,5956,G
6-NA,830,5899,3,7,0,5909,A
6-NA,831,3,3,5977,0,5983,G
6-NA,832,3,5804,0,5,5812,T
6-NA,833,7,7,5824,0,5838,G
6-NA,834,4,0,0,5922,5926,C
6-NA,835,0,5900,0,13,5913,T
6-NA,836,28,1,0,5917,5946,C
6-NA,837,14,1,0,5939,5954,C
6-NA,838,2,5937,1,4,5944,T
6-NA,839,1,2,5969,0,5972,G
6-NA,840,2,2,0,5917,5921,C
6-NA,841,1,5883,1,3,5888,T
6-NA,842,5924,3,3,0,5930,A
6-NA,843,1,5834,0,4,5839,T
6-NA,844,22,1,0,5852,5875,C
6-NA,845,16,2,0,5830,5848,C
6-NA,846,0,5846,1,11,5858,T
6-NA,847,7,3,1,5877,5888,C
6-NA,848,2,19,5857,0,5878,G
6-NA,849,5932,0,3,0,5935,A
6-NA,850,0,5928,1,8,5937,T
6-NA,851,5941,0,2,0,5943,A
6-NA,852,0,5944,1,4,5949,T
6-NA,853,16,0,8,5916,5940,C
6-NA,854,6,1,0,5930,5937,C
6-NA,855,0,5883,1,5,5889,T
6-NA,856,2,11,5919,0,5932,G
6-NA,857,1,3,5967,1,5972,G
6-NA,858,1,6042,0,7,6050,T
6-NA,859,6,2,6066,1,6075,G
6-NA,860,2,6026,0,9,6037,T
6-NA,861,24,1,0,6013,6038,C
6-NA,862,6017,2,7,1,6027,A
6-NA,863,4,11,6018,0,6033,G
6-NA,864,6029,2,8,1,6040,A
6-NA,865,0,5980,0,3,5983,T
6-NA,866,4,2,5990,0,5996,G
6-NA,867,2,5914,0,3,5919,T
6-NA,868,2,3,5931,3,5939,G
6-NA,869,0,5912,0,9,5921,T
6-NA,870,22,0,0,5936,5958,C
6-NA,871,0,5946,1,7,5954,T
6-NA,872,4,1,5978,0,5983,G
6-NA,873,4,5,0,5969,5978,C
6-NA,874,5972,0,5,0,5977,A
6-NA,875,108,12,5868,0,5988,G
6-NA,876,5860,2,10,0,5872,A
6-NA,877,1,15,5884,2,5902,G
6-NA,878,5878,0,6,0,5884,A
6-NA,879,1,0,0,5925,5926,C
6-NA,880,5859,1,4,0,5864,A
6-NA,881,5865,3,5,1,5874,A
6-NA,882,6,1,0,5933,5940,C
6-NA,883,1,5911,0,6,5918,T
6-NA,884,1,9,5907,0,5917,G
6-NA,885,0,15,5897,0,5912,G
6-NA,886,5874,2,9,0,5885,A
6-NA,887,5876,1,7,0,5884,A
6-NA,888,5748,0,13,0,5761,A
6-NA,889,0,9,5826,0,5835,G
6-NA,890,3,4,5802,0,5809,G
6-NA,891,4,6,0,5809,5819,C
6-NA,892,2,5777,0,11,5790,T
6-NA,893,18,1,1,5898,5918,C
6-NA,894,16,2,0,5979,5997,C
6-NA,895,5998,1,8,0,6007,A
6-NA,896,5996,1,2,0,5999,A
6-NA,897,1,6018,0,1,6020,T
6-NA,898,5809,1,9,0,5819,A
6-NA,899,0,15,5777,0,5792,G
6-NA,900,6,7,5770,0,5783,G
6-NA,901,3,3,0,5794,5800,C
6-NA,902,12,2,0,5688,5702,C
6-NA,903,24,4,0,5596,5624,C
6-NA,904,5676,1,2,3,5682,A
6-NA,905,0,5719,1,11,5731,T
6-NA,906,21,3,1,5712,5737,C
6-NA,907,3,1,5756,0,5760,G
6-NA,908,1,5731,1,1,5734,T
6-NA,909,5651,0,3,0,5654,A
6-NA,910,1,3,5773,2,5779,G
6-NA,911,5791,1,3,1,5796,A
6-NA,912,0,5826,1,2,5829,T
6-NA,913,5722,3,3,0,5728,A
6-NA,914,1,5649,0,2,5652,T
6-NA,915,5646,0,3,0,5649,A
6-NA,916,5636,2,6,0,5644,A
6-NA,917,5780,2,1,0,5783,A
6-NA,918,2,1,0,5910,5913,C
6-NA,919,5748,1,0,0,5749,A
6-NA,920,0,5743,0,4,5747,T
6-NA,921,5694,0,1,0,5695,A
6-NA,922,5692,1,5,0,5698,A
6-NA,923,5695,0,10,0,5705,A
6-NA,924,0,14,5746,0,5760,G
6-NA,925,2,27,5778,0,5807,G
6-NA,926,5631,3,4,0,5638,A
6-NA,927,1,5591,0,5,5597,T
6-NA,928,18,2,0,5581,5601,C
6-NA,929,5639,0,4,0,5643,A
6-NA,930,0,5648,0,4,5652,T
6-NA,931,5634,1,6,0,5641,A
6-NA,932,1,1,5688,1,5691,G
6-NA,933,3,0,0,5610,5613,C
6-NA,934,5506,1,3,0,5510,A
6-NA,935,0,5331,0,3,5334,T
6-NA,936,1,5358,0,1,5360,T
6-NA,937,2,2,5530,0,5534,G
6-NA,938,0,5517,4,11,5532,T
6-NA,939,1,5616,0,4,5621,T
6-NA,940,1,5606,0,9,5616,T
6-NA,941,17,0,0,5595,5612,C
6-NA,942,7,2,0,5622,5631,C
6-NA,943,5697,0,6,0,5703,A
6-NA,944,4,7,5772,1,5784,G
6-NA,945,1,5764,0,6,5771,T
6-NA,946,0,5616,0,0,5616,T
6-NA,947,5626,1,1,0,5628,A
6-NA,948,0,5576,0,3,5579,T
6-NA,949,2,2,5590,0,5594,G
6-NA,950,1,5511,0,4,5516,T
6-NA,951,2,1,5544,2,5549,G
6-NA,952,0,5390,0,6,5396,T
6-NA,953,3,0,5535,0,5538,G
6-NA,954,2,5519,0,4,5525,T
6-NA,955,0,5512,1,2,5515,T
6-NA,956,19,2,0,5501,5522,C
6-NA,957,5468,1,12,0,5481,A
6-NA,958,1,22,5489,0,5512,G
6-NA,959,1,33,5486,0,5520,G
6-NA,960,5484,1,7,0,5492,A
6-NA,961,1,3,0,5508,5512,C
6-NA,962,0,5357,0,8,5365,T
6-NA,963,1,5373,1,3,5378,T
6-NA,964,2,1,5559,0,5562,G
6-NA,965,1,5553,0,4,5558,T
6-NA,966,0,5539,1,11,5551,T
6-NA,967,0,11,5518,1,5530,G
6-NA,968,1,14,5522,0,5537,G
6-NA,969,5517,1,7,0,5525,A
6-NA,970,6,19,5519,1,5545,G
6-NA,971,5509,2,16,0,5527,A
6-NA,972,3,5,0,5498,5506,C
6-NA,973,5341,2,6,0,5349,A
6-NA,974,1,1,0,5369,5371,C
6-NA,975,5362,0,9,4,5375,A
6-NA,976,4,3,0,5375,5382,C
6-NA,977,15,3,0,5338,5356,C
6-NA,978,12,2,0,5361,5375,C
6-NA,979,5347,1,6,2,5356,A
6-NA,980,0,19,5361,0,5380,G
6-NA,981,5371,1,6,0,5378,A
6-NA,982,5406,0,6,0,5412,A
6-NA,983,5362,1,1,0,5364,A
6-NA,984,5348,0,3,2,5353,A
6-NA,985,5314,0,0,0,5314,A
6-NA,986,5321,0,5,2,5328,A
6-NA,987,3,4,0,5332,5339,C
6-NA,988,1,40,5283,1,5325,G
6-NA,989,5300,2,6,1,5309,A
6-NA,990,2,0,0,5302,5304,C
6-NA,991,5277,0,7,0,5284,A
6-NA,992,2,4,5329,0,5335,G
6-NA,993,3,2,0,5501,5506,C
6-NA,994,2,5470,0,7,5479,T
6-NA,995,23,0,0,5473,5496,C
6-NA,996,9,1,0,5513,5523,C
6-NA,997,5518,2,7,2,5529,A
6-NA,998,0,4,5595,0,5599,G
6-NA,999,4,6,2,5588,5600,C
6-NA,1000,5572,1,1,1,5575,A
6-NA,1001,0,3,5583,0,5586,G
6-NA,1002,1,5379,0,3,5383,T
6-NA,1003,5384,1,4,0,5389,A
6-NA,1004,4,2,5398,0,5404,G
6-NA,1005,5,2,0,5402,5409,C
6-NA,1006,11,1,0,5404,5416,C
6-NA,1007,5309,0,7,2,5318,A
6-NA,1008,0,5308,0,2,5310,T
6-NA,1009,2,5282,0,2,5286,T
6-NA,1010,1,1,5412,0,5414,G
6-NA,1011,1,5362,4,8,5375,T
6-NA,1012,0,5365,0,2,5367,T
6-NA,1013,1,5349,1,5,5356,T
6-NA,1014,3,13,5298,0,5314,G
6-NA,1015,3,11,5348,0,5362,G
6-NA,1016,5359,1,1,0,5361,A
6-NA,1017,0,5398,0,5,5403,T
6-NA,1018,10,1,0,5387,5398,C
6-NA,1019,15,2,0,5288,5305,C
6-NA,1020,1,5302,0,6,5309,T
6-NA,1021,5292,0,29,0,5321,A
6-NA,1022,5340,1,4,1,5346,A
6-NA,1023,3,1,1,5435,5440,C
6-NA,1024,5349,0,3,0,5352,A
6-NA,1025,5407,0,2,0,5409,A
6-NA,1026,1,5393,1,4,5399,T
6-NA,1027,1,14,5470,0,5485,G
6-NA,1028,5469,0,5,0,5474,A
6-NA,1029,5420,0,14,1,5435,A
6-NA,1030,1,8,5449,0,5458,G
6-NA,1031,5420,0,7,0,5427,A
6-NA,1032,5291,1,6,0,5298,A
6-NA,1033,0,9,5305,0,5314,G
6-NA,1034,0,8,5311,0,5319,G
6-NA,1035,0,5247,0,6,5253,T
6-NA,1036,8,17,5201,1,5227,G
6-NA,1037,1,4,5371,0,5376,G
6-NA,1038,1,5344,0,11,5356,T
6-NA,1039,32,2,1,5302,5337,C
6-NA,1040,5337,0,3,0,5340,A
6-NA,1041,0,5314,1,3,5318,T
6-NA,1042,1,13,5318,0,5332,G
6-NA,1043,1,23,5376,0,5400,G
6-NA,1044,5354,0,7,0,5361,A
6-NA,1045,1,2,5502,0,5505,G
6-NA,1046,1,5309,0,6,5316,T
6-NA,1047,2,21,5310,0,5333,G
6-NA,1048,5315,2,2,1,5320,A
6-NA,1049,5315,0,2,0,5317,A
6-NA,1050,5330,0,9,0,5339,A
6-NA,1051,1,14,5356,1,5372,G
6-NA,1052,1,2,5339,1,5343,G
6-NA,1053,5,0,0,5331,5336,C
6-NA,1054,0,5196,0,2,5198,T
6-NA,1055,2,11,5203,0,5216,G
6-NA,1056,20,10,5193,0,5223,G
6-NA,1057,3,2,5261,0,5266,G
6-NA,1058,4,0,0,5270,5274,C
6-NA,1059,9,0,0,5259,5268,C
6-NA,1060,3,5182,1,12,5198,T
6-NA,1061,1,5216,0,3,5220,T
6-NA,1062,1,5214,0,0,5215,T
6-NA,1063,0,9,5233,0,5242,G
6-NA,1064,5226,1,4,0,5231,A
6-NA,1065,0,5188,0,3,5191,T
6-NA,1066,5,11,5101,1,5118,G
6-NA,1067,5054,1,6,1,5062,A
6-NA,1068,1,5084,0,1,5086,T
6-NA,1069,3,9,5070,2,5084,G
6-NA,1070,1,5,5147,1,5154,G
6-NA,1071,5122,2,9,0,5133,A
6-NA,1072,5119,0,3,1,5123,A
6-NA,1073,5127,0,6,2,5135,A
6-NA,1074,1,5131,2,2,5136,T
6-NA,1075,0,15,5134,1,5150,G
6-NA,1076,5146,1,3,0,5150,A
6-NA,1077,1,2,0,5126,5129,C
6-NA,1078,2,2,5153,0,5157,G
6-NA,1079,0,5031,1,11,5043,T
6-NA,1080,2,3,5077,0,5082,G
6-NA,1081,0,5069,3,5,5077,T
6-NA,1082,1,11,5072,2,5086,G
6-NA,1083,1,10,5093,1,5105,G
6-NA,1084,5065,2,2,0,5069,A
6-NA,1085,1,5065,0,3,5069,T
6-NA,1086,3,16,5024,0,5043,G
6-NA,1087,7,12,5024,0,5043,G
6-NA,1088,2,6,5067,0,5075,G
6-NA,1089,5036,1,8,1,5046,A
6-NA,1090,5033,2,4,1,5040,A
6-NA,1091,0,16,5032,0,5048,G
6-NA,1092,4986,1,5,0,4992,A
6-NA,1093,4998,1,4,0,5003,A
6-NA,1094,4,3,1,4984,4992,C
6-NA,1095,2,18,4956,0,4976,G
6-NA,1096,4971,1,6,2,4980,A
6-NA,1097,1,4900,0,6,4907,T
6-NA,1098,22,0,1,4893,4916,C
6-NA,1099,4910,0,5,0,4915,A
6-NA,1100,1,1,4937,0,4939,G
6-NA,1101,5,2,1,4918,4926,C
6-NA,1102,4,9,4911,0,4924,G
6-NA,1103,4908,0,1,1,4910,A
6-NA,1104,0,8,4909,1,4918,G
6-NA,1105,4909,1,3,0,4913,A
6-NA,1106,4912,2,6,0,4920,A
6-NA,1107,4,4,4951,0,4959,G
6-NA,1108,0,4921,0,6,4927,T
6-NA,1109,28,2,0,4853,4883,C
6-NA,1110,4870,0,4,0,4874,A
6-NA,1111,7,2,0,5005,5014,C
6-NA,1112,5,1,5009,0,5015,G
6-NA,1113,5,2,0,5018,5025,C
6-NA,1114,0,4977,0,4,4981,T
6-NA,1115,1,4981,0,2,4984,T
6-NA,1116,4905,1,3,0,4909,A
6-NA,1117,1,11,5017,0,5029,G
6-NA,1118,2,19,5009,1,5031,G
6-NA,1119,1,2,5131,1,5135,G
6-NA,1120,2,4824,0,3,4829,T
6-NA,1121,4797,3,3,0,4803,A
6-NA,1122,0,4784,0,4,4788,T
6-NA,1123,3,20,4763,1,4787,G
6-NA,1124,4775,1,2,0,4778,A
6-NA,1125,4767,0,2,1,4770,A
6-NA,1126,4555,0,8,0,4563,A
6-NA,1127,3,2,0,4521,4526,C
6-NA,1128,8,1,0,4340,4349,C
6-NA,1129,0,4058,0,7,4065,T
6-NA,1130,2,4050,0,4,4056,T
6-NA,1131,13,1,1,4055,4070,C
6-NA,1132,4059,0,1,0,4060,A
6-NA,1133,4066,0,0,0,4066,A
6-NA,1134,4058,2,3,0,4063,A
6-NA,1135,8,3,4090,0,4101,G
6-NA,1136,2,4023,1,3,4029,T
6-NA,1137,34,1,1,4024,4060,C
6-NA,1138,4132,0,3,0,4135,A
6-NA,1139,0,4147,0,2,4149,T
6-NA,1140,1,4133,0,7,4141,T
6-NA,1141,0,9,4140,0,4149,G
6-NA,1142,4127,3,4,0,4134,A
6-NA,1143,4136,0,11,1,4148,A
6-NA,1144,1,5,4124,1,4131,G
6-NA,1145,3,2,4123,1,4129,G
6-NA,1146,3,3,1,4113,4120,C
6-NA,1147,1,3992,0,7,4000,T
6-NA,1148,1,8,4024,0,4033,G
6-NA,1149,0,4,4142,0,4146,G
6-NA,1150,0,4133,0,7,4140,T
6-NA,1151,17,1,2,4118,4138,C
6-NA,1152,20,0,0,4102,4122,C
6-NA,1153,4103,0,6,0,4109,A
6-NA,1154,4138,0,3,4,4145,A
6-NA,1155,3,0,3,4178,4184,C
6-NA,1156,8,1,0,4140,4149,C
6-NA,1157,15,4,0,4098,4117,C
6-NA,1158,1,3911,0,2,3914,T
6-NA,1159,3913,0,1,0,3914,A
6-NA,1160,3904,5,3,0,3912,A
6-NA,1161,2,4,3942,0,3948,G
6-NA,1162,2,3916,2,4,3924,T
6-NA,1163,19,0,0,3898,3917,C
6-NA,1164,18,1,0,3822,3841,C
6-NA,1165,3825,0,1,0,3826,A
6-NA,1166,3816,0,2,0,3818,A
6-NA,1167,3824,0,1,1,3826,A
6-NA,1168,0,3830,0,1,3831,T
6-NA,1169,1,3820,0,0,3821,T
6-NA,1170,3,5,3792,0,3800,G
6-NA,1171,2,0,0,3789,3791,C
6-NA,1172,3768,0,1,0,3769,A
6-NA,1173,0,9,3789,0,3798,G
6-NA,1174,3791,0,3,0,3794,A
6-NA,1175,3,3909,0,0,3912,T
6-NA,1176,3907,0,10,1,3918,A
6-NA,1177,3912,0,0,1,3913,A
6-NA,1178,3913,1,4,0,3918,A
6-NA,1179,0,3901,0,1,3902,T
6-NA,1180,3877,0,2,0,3879,A
6-NA,1181,0,8,3879,1,3888,G
6-NA,1182,0,7,3844,2,3853,G
6-NA,1183,0,4,0,3831,3835,C
6-NA,1184,3719,0,1,0,3720,A
6-NA,1185,3742,0,3,0,3745,A
6-NA,1186,0,1,3778,0,3779,G
6-NA,1187,2,3752,1,8,3763,T
6-NA,1188,43,1,0,3722,3766,C
6-NA,1189,3786,0,0,0,3786,A
6-NA,1190,0,3774,1,4,3779,T
6-NA,1191,3777,2,6,0,3785,A
6-NA,1192,2,2,3794,0,3798,G
6-NA,1193,0,3790,0,3,3793,T
6-NA,1194,0,3666,0,3,3669,T
6-NA,1195,2,29,3568,0,3599,G
6-NA,1196,3568,4,8,0,3580,A
6-NA,1197,3,1,0,3570,3574,C
6-NA,1198,3513,0,2,0,3515,A
6-NA,1199,1,7,3559,0,3567,G
6-NA,1200,3528,3,6,1,3538,A
6-NA,1201,0,11,3630,0,3641,G
6-NA,1202,2,4,3641,0,3647,G
6-NA,1203,0,3633,0,0,3633,T
6-NA,1204,3619,0,2,0,3621,A
6-NA,1205,3606,2,2,0,3610,A
6-NA,1206,1,3610,1,2,3614,T
6-NA,1207,3585,1,3,0,3589,A
6-NA,1208,1,9,3506,0,3516,G
6-NA,1209,1,1,3428,0,3430,G
6-NA,1210,1,3089,0,1,3091,T
6-NA,1211,17,2,0,3035,3054,C
6-NA,1212,8,1,1,3022,3032,C
6-NA,1213,2,4,3030,0,3036,G
6-NA,1214,1,0,3045,0,3046,G
6-NA,1215,0,3033,0,4,3037,T
6-NA,1216,0,3036,0,4,3040,T
6-NA,1217,3005,1,0,0,3006,A
6-NA,1218,1,2958,0,0,2959,T
6-NA,1219,0,2948,0,2,2950,T
6-NA,1220,7,1,0,2953,2961,C
6-NA,1221,0,2845,0,3,2848,T
6-NA,1222,1,12,2860,0,2873,G
6-NA,1223,1,1,2875,0,2877,G
6-NA,1224,0,2875,0,2,2877,T
6-NA,1225,2875,1,1,0,2877,A
6-NA,1226,0,2830,0,4,2834,T
6-NA,1227,0,2829,0,5,2834,T
6-NA,1228,0,2832,0,3,2835,T
6-NA,1229,1,2856,0,4,2861,T
6-NA,1230,10,0,0,2858,2868,C
6-NA,1231,0,2815,0,1,2816,T
6-NA,1232,14,1,4,2808,2827,C
6-NA,1233,0,2802,1,4,2807,T
6-NA,1234,1,1,2868,0,2870,G
6-NA,1235,0,2863,1,2,2866,T
6-NA,1236,0,2835,0,2,2837,T
6-NA,1237,0,3,2840,0,2843,G
6-NA,1238,2814,0,1,0,2815,A
6-NA,1239,2800,3,6,0,2809,A
6-NA,1240,0,13,2820,0,2833,G
6-NA,1241,2,1,2826,1,2830,G
6-NA,1242,2,1,0,2826,2829,C
6-NA,1243,2766,2,0,0,2768,A
6-NA,1244,2776,0,2,0,2778,A
6-NA,1245,2781,0,4,0,2785,A
6-NA,1246,2795,0,2,0,2797,A
6-NA,1247,1,1,2794,1,2797,G
6-NA,1248,1,2,0,2791,2794,C
6-NA,1249,0,2739,0,5,2744,T
6-NA,1250,2,4,2774,0,2780,G
6-NA,1251,3,0,1,2769,2773,C
6-NA,1252,2778,0,2,0,2780,A
6-NA,1253,1,2776,0,0,2777,T
6-NA,1254,8,0,0,2739,2747,C
6-NA,1255,2739,0,2,0,2741,A
6-NA,1256,2749,0,3,0,2752,A
6-NA,1257,0,2751,0,1,2752,T
6-NA,1258,8,3,0,2741,2752,C
6-NA,1259,4,5,2690,0,2699,G
6-NA,1260,0,2,2740,0,2742,G
6-NA,1261,0,2740,0,0,2740,T
6-NA,1262,4,1,2751,0,2756,G
6-NA,1263,1,0,0,2777,2778,C
6-NA,1264,0,2752,0,6,2758,T
6-NA,1265,0,2786,0,1,2787,T
6-NA,1266,1,2783,0,7,2791,T
6-NA,1267,0,2792,0,0,2792,T
6-NA,1268,2815,1,1,0,2817,A
6-NA,1269,0,2684,1,3,2688,T
6-NA,1270,3,0,2692,0,2695,G
6-NA,1271,1,2661,0,2,2664,T
6-NA,1272,1,6,2632,0,2639,G
6-NA,1273,1,9,2659,0,2669,G
6-NA,1274,2595,0,6,0,2601,A
6-NA,1275,1,0,2640,0,2641,G
6-NA,1276,0,2621,0,2,2623,T
6-NA,1277,1,2596,0,1,2598,T
6-NA,1278,0,11,2620,0,2631,G
6-NA,1279,2622,0,6,0,2628,A
6-NA,1280,0,2624,0,0,2624,T
6-NA,1281,2603,0,5,0,2608,A
6-NA,1282,2534,0,3,1,2538,A
6-NA,1283,1,9,2542,0,2552,G
6-NA,1284,0,15,2493,0,2508,G
6-NA,1285,1,5,2475,1,2482,G
6-NA,1286,2,12,2466,0,2480,G
6-NA,1287,2441,1,0,0,2442,A
6-NA,1288,2424,0,8,0,2432,A
6-NA,1289,0,5,2458,0,2463,G
6-NA,1290,2454,1,1,0,2456,A
6-NA,1291,2451,0,3,0,2454,A
6-NA,1292,2423,1,2,0,2426,A
6-NA,1293,2381,0,5,0,2386,A
6-NA,1294,1,3,2396,0,2400,G
6-NA,1295,2361,0,5,0,2366,A
6-NA,1296,40,3,2321,0,2364,G
6-NA,1297,16,5,2348,0,2369,G
6-NA,1298,2326,0,1,0,2327,A
6-NA,1299,2283,0,47,0,2330,A
6-NA,1300,2330,0,8,0,2338,A
6-NA,1301,1,1,0,2346,2348,C
6-NA,1302,0,2333,0,0,2333,T
6-NA,1303,0,4,2334,0,2338,G
6-NA,1304,2311,0,2,0,2313,A
6-NA,1305,2302,1,2,0,2305,A
6-NA,1306,0,1,2320,0,2321,G
6-NA,1307,0,2290,0,5,2295,T
6-NA,1308,10,2,0,2298,2310,C
6-NA,1309,0,2297,0,2,2299,T
6-NA,1310,0,2279,0,1,2280,T
6-NA,1311,0,1,2281,0,2282,G
6-NA,1312,2,2269,1,1,2273,T
6-NA,1313,4,3,2266,0,2273,G
6-NA,1314,1,8,2257,0,2266,G
6-NA,1315,2225,1,3,0,2229,A
6-NA,1316,0,0,0,2221,2221,C
6-NA,1317,2116,0,2,1,2119,A
6-NA,1318,1,2114,0,1,2116,T
6-NA,1319,5,0,0,2112,2117,C
6-NA,1320,1,3,2112,0,2116,G
6-NA,1321,2171,0,1,0,2172,A
6-NA,1322,2169,0,4,1,2174,A
6-NA,1323,1,0,0,2185,2186,C
6-NA,1324,2149,1,0,0,2150,A
6-NA,1325,0,2,2241,0,2243,G
6-NA,1326,0,2225,0,0,2225,T
6-NA,1327,2219,1,0,0,2220,A
6-NA,1328,0,2220,0,2,2222,T
6-NA,1329,1,2135,0,0,2136,T
6-NA,1330,0,0,2154,0,2154,G
6-NA,1331,0,2144,0,3,2147,T
6-NA,1332,0,2079,0,5,2084,T
6-NA,1333,0,0,2087,0,2087,G
6-NA,1334,0,1858,0,4,1862,T
6-NA,1335,0,3,1870,0,1873,G
6-NA,1336,0,1856,0,2,1858,T
6-NA,1337,0,1834,0,2,1836,T
6-NA,1338,0,1835,1,2,1838,T
6-NA,1339,0,1795,0,0,1795,T
6-NA,1340,1,0,1796,0,1797,G
6-NA,1341,0,1791,0,2,1793,T
6-NA,1342,1,9,1768,0,1778,G
6-NA,1343,0,0,1772,0,1772,G
6-NA,1344,3,1,0,1746,1750,C
6-NA,1345,1740,0,2,0,1742,A
6-NA,1346,2,1,0,1752,1755,C
6-NA,1347,5,0,0,1744,1749,C
6-NA,1348,0,1743,0,2,1745,T
6-NA,1349,7,0,0,1744,1751,C
6-NA,1350,1738,0,4,0,1742,A
6-NA,1351,1,4,1753,0,1758,G
6-NA,1352,0,1,1760,0,1761,G
6-NA,1353,0,1747,0,1,1748,T
6-NA,1354,1741,0,0,0,1741,A
6-NA,1355,8,0,0,1662,1670,C
6-NA,1356,1646,0,2,0,1648,A
6-NA,1357,0,1641,0,2,1643,T
6-NA,1358,1600,0,1,0,1601,A
6-NA,1359,0,1594,0,0,1594,T
6-NA,1360,2,6,1492,0,1500,G
6-NA,1361,1,1,1501,0,1503,G
6-NA,1362,1487,0,0,0,1487,A
6-NA,1363,1482,0,1,0,1483,A
6-NA,1364,2,2,0,1458,1462,C
6-NA,1365,1236,0,2,0,1238,A
6-NA,1366,0,2,1241,0,1243,G
6-NA,1367,0,0,1237,0,1237,G
6-NA,1368,2,1,0,1238,1241,C
6-NA,1369,1,1230,1,0,1232,T
6-NA,1370,7,0,0,1184,1191,C
6-NA,1371,1179,1,3,0,1183,A
6-NA,1372,0,1183,0,0,1183,T
6-NA,1373,3,4,1173,0,1180,G
6-NA,1374,0,0,1186,0,1186,G
6-NA,1375,0,0,0,1153,1153,C
6-NA,1376,1,0,0,1142,1143,C
6-NA,1377,0,1073,0,3,1076,T
6-NA,1378,0,1,1075,0,1076,G
6-NA,1379,1072,0,0,0,1072,A
6-NA,1380,0,1069,0,0,1069,T
6-NA,1381,1,5,1042,0,1048,G
6-NA,1382,1,3,1028,0,1032,G
6-NA,1383,0,3,970,1,974,G
6-NA,1384,1,0,975,0,976,G
6-NA,1385,0,2,0,958,960,C
6-NA,1386,2,1,957,0,960,G
6-NA,1387,1,6,943,0,950,G
6-NA,1388,936,0,0,0,936,A
6-NA,1389,0,1,0,934,935,C
6-NA,1390,927,0,0,0,927,A
6-NA,1391,0,910,1,3,914,T
6-NA,1392,4,2,0,894,900,C
6-NA,1393,890,0,0,0,890,A
6-NA,1394,888,1,0,0,889,A
6-NA,1395,0,886,0,2,888,T
6-NA,1396,4,0,0,860,864,C
6-NA,1397,0,833,0,0,833,T
6-NA,1398,3,0,0,698,701,C
6-NA,1399,697,0,1,0,698,A
6-NA,1400,0,688,0,0,688,T
6-NA,1401,0,0,686,0,686,G
6-NA,1402,0,0,0,680,680,C
6-NA,1403,2,0,0,657,659,C
6-NA,1404,0,569,0,0,569,T
6-NA,1405,566,1,0,0,567,A
6-NA,1406,0,566,0,0,566,T
6-NA,1407,559,0,0,0,559,A
6-NA,1408,0,557,0,0,557,T
6-NA,1409,505,0,0,0,505,A
6-NA,1410,488,0,0,0,488,A
7-M,1,99,0,0,0,99,A
7-M,2,0,103,0,0,103,T
7-M,3,0,0,104,0,104,G
7-M,4,103,0,1,0,104,A
7-M,5,1,0,110,0,111,G
7-M,6,1,0,0,115,116,C
7-M,7,0,0,0,121,121,C
7-M,8,0,155,0,0,155,T
7-M,9,0,157,0,0,157,T
7-M,10,0,0,0,158,158,C
7-M,11,0,159,0,0,159,T
7-M,12,163,0,0,0,163,A
7-M,13,161,0,0,0,161,A
7-M,14,0,0,0,163,163,C
7-M,15,0,0,1,160,161,C
7-M,16,0,0,162,0,162,G
7-M,17,162,0,0,0,162,A
7-M,18,0,1,164,0,165,G
7-M,19,0,0,172,0,172,G
7-M,20,0,172,0,0,172,T
7-M,21,1,0,0,171,172,C
7-M,22,0,0,172,0,172,G
7-M,23,179,0,0,0,179,A
7-M,24,178,0,0,0,178,A
7-M,25,183,0,0,0,183,A
7-M,26,0,0,0,197,197,C
7-M,27,0,0,207,0,207,G
7-M,28,0,210,0,0,210,T
7-M,29,211,0,0,0,211,A
7-M,30,0,214,0,0,214,T
7-M,31,0,0,220,0,220,G
7-M,32,0,221,0,0,221,T
7-M,33,0,236,0,0,236,T
7-M,34,0,0,0,244,244,C
7-M,35,0,242,0,0,242,T
7-M,36,1,0,0,261,262,C
7-M,37,0,261,0,1,262,T
7-M,38,1,0,0,273,274,C
7-M,39,0,274,0,0,274,T
7-M,40,275,0,0,0,275,A
7-M,41,0,276,0,0,276,T
7-M,42,1,0,0,276,277,C
7-M,43,1,0,281,0,282,G
7-M,44,0,283,0,1,284,T
7-M,45,0,284,0,0,284,T
7-M,46,2,0,0,283,285,C
7-M,47,1,0,0,296,297,C
7-M,48,300,0,0,0,300,A
7-M,49,0,299,0,0,299,T
7-M,50,0,0,0,300,300,C
7-M,51,297,1,0,0,298,A
7-M,52,0,0,301,0,301,G
7-M,53,0,1,298,0,299,G
7-M,54,0,0,0,301,301,C
7-M,55,1,0,0,299,300,C
7-M,56,0,0,0,302,302,C
7-M,57,1,0,0,312,313,C
7-M,58,1,0,0,318,319,C
7-M,59,0,320,0,2,322,T
7-M,60,1,0,0,322,323,C
7-M,61,321,0,1,0,322,A
7-M,62,322,0,1,0,323,A
7-M,63,326,0,0,0,326,A
7-M,64,0,0,327,0,327,G
7-M,65,1,0,0,326,327,C
7-M,66,2,0,0,324,326,C
7-M,67,0,2,322,0,324,G
7-M,68,324,0,0,0,324,A
7-M,69,0,1,323,0,324,G
7-M,70,328,0,0,0,328,A
7-M,71,0,325,0,0,325,T
7-M,72,2,0,0,322,324,C
7-M,73,1,1,323,0,325,G
7-M,74,0,0,0,325,325,C
7-M,75,2,1,323,0,326,G
7-M,76,0,0,0,326,326,C
7-M,77,325,0,0,0,325,A
7-M,78,0,1,326,0,327,G
7-M,79,327,0,0,0,327,A
7-M,80,0,0,350,0,350,G
7-M,81,350,0,0,0,350,A
7-M,82,0,2,0,353,355,C
7-M,83,0,354,0,0,354,T
7-M,84,0,356,0,0,356,T
7-M,85,0,1,362,0,363,G
7-M,86,363,0,0,0,363,A
7-M,87,360,1,1,0,362,A
7-M,88,0,0,363,0,363,G
7-M,89,360,0,0,0,360,A
7-M,90,1,366,0,0,367,T
7-M,91,1,0,366,0,367,G
7-M,92,0,365,0,1,366,T
7-M,93,0,0,1,367,368,C
7-M,94,0,362,0,1,363,T
7-M,95,0,364,0,0,364,T
7-M,96,0,364,1,0,365,T
7-M,97,0,0,364,0,364,G
7-M,98,0,0,0,367,367,C
7-M,99,0,364,2,0,366,T
7-M,100,0,2,365,0,367,G
7-M,101,0,0,368,0,368,G
7-M,102,0,0,375,0,375,G
7-M,103,376,0,0,0,376,A
7-M,104,374,0,1,0,375,A
7-M,105,376,0,0,0,376,A
7-M,106,372,0,0,0,372,A
7-M,107,380,0,0,0,380,A
7-M,108,0,1,0,380,381,C
7-M,109,377,0,1,0,378,A
7-M,110,1,0,0,378,379,C
7-M,111,376,0,0,0,376,A
7-M,112,0,4,377,0,381,G
7-M,113,385,0,0,0,385,A
7-M,114,0,393,0,0,393,T
7-M,115,1,0,0,395,396,C
7-M,116,0,393,0,0,393,T
7-M,117,0,391,0,0,391,T
7-M,118,0,1,391,0,392,G
7-M,119,387,0,3,0,390,A
7-M,120,0,1,393,0,394,G
7-M,121,0,0,397,0,397,G
7-M,122,0,0,0,396,396,C
7-M,123,0,396,0,0,396,T
7-M,124,0,0,0,430,430,C
7-M,125,1,425,0,1,427,T
7-M,126,3,0,0,429,432,C
7-M,127,431,0,0,0,431,A
7-M,128,0,432,0,0,432,T
7-M,129,0,0,435,0,435,G
7-M,130,0,3,436,0,439,G
7-M,131,432,0,0,0,432,A
7-M,132,434,0,0,0,434,A
7-M,133,0,416,0,0,416,T
7-M,134,0,0,440,0,440,G
7-M,135,0,1,452,0,453,G
7-M,136,3,0,0,451,454,C
7-M,137,0,453,0,0,453,T
7-M,138,452,0,0,0,452,A
7-M,139,450,0,1,0,451,A
7-M,140,455,0,0,0,455,A
7-M,141,0,3,457,0,460,G
7-M,142,459,0,0,0,459,A
7-M,143,0,0,0,461,461,C
7-M,144,450,0,0,0,450,A
7-M,145,451,0,1,0,452,A
7-M,146,0,5,459,0,464,G
7-M,147,463,0,1,0,464,A
7-M,148,1,0,0,461,462,C
7-M,149,2,0,0,461,463,C
7-M,150,458,0,0,0,458,A
7-M,151,458,0,2,0,460,A
7-M,152,0,464,0,0,464,T
7-M,153,1,465,0,0,466,T
7-M,154,3,1,0,465,469,C
7-M,155,1,461,0,0,462,T
7-M,156,0,1,462,0,463,G
7-M,157,0,463,0,0,463,T
7-M,158,2,0,0,459,461,C
7-M,159,463,0,0,0,463,A
7-M,160,1,0,0,475,476,C
7-M,161,1,0,0,475,476,C
7-M,162,1,471,0,0,472,T
7-M,163,0,0,0,477,477,C
7-M,164,0,476,0,0,476,T
7-M,165,1,2,489,0,492,G
7-M,166,495,0,0,0,495,A
7-M,167,0,0,0,497,497,C
7-M,168,0,497,0,0,497,T
7-M,169,482,0,0,0,482,A
7-M,170,477,0,2,0,479,A
7-M,171,0,3,476,0,479,G
7-M,172,0,3,477,0,480,G
7-M,173,0,2,477,0,479,G
7-M,174,0,3,481,1,485,G
7-M,175,490,0,0,0,490,A
7-M,176,1,487,0,0,488,T
7-M,177,0,487,0,0,487,T
7-M,178,0,484,0,0,484,T
7-M,179,0,490,0,0,490,T
7-M,180,0,0,487,0,487,G
7-M,181,0,2,492,0,494,G
7-M,182,1,0,489,0,490,G
7-M,183,0,0,491,0,491,G
7-M,184,0,482,0,0,482,T
7-M,185,0,477,0,0,477,T
7-M,186,0,478,0,0,478,T
7-M,187,0,0,489,0,489,G
7-M,188,0,489,0,0,489,T
7-M,189,0,0,492,0,492,G
7-M,190,0,494,0,0,494,T
7-M,191,0,492,0,0,492,T
7-M,192,6,0,0,494,500,C
7-M,193,500,0,0,0,500,A
7-M,194,0,0,0,511,511,C
7-M,195,0,0,509,1,510,G
7-M,196,0,0,0,506,506,C
7-M,197,0,497,0,2,499,T
7-M,198,3,0,0,512,515,C
7-M,199,515,0,1,0,516,A
7-M,200,0,0,0,524,524,C
7-M,201,2,1,0,518,521,C
7-M,202,1,1,522,1,525,G
7-M,203,0,520,1,0,521,T
7-M,204,0,0,519,0,519,G
7-M,205,0,0,1,516,517,C
7-M,206,1,0,0,520,521,C
7-M,207,0,1,0,516,517,C
7-M,208,515,0,1,0,516,A
7-M,209,0,0,523,0,523,G
7-M,210,1,520,0,0,521,T
7-M,211,0,6,515,0,521,G
7-M,212,522,0,0,0,522,A
7-M,213,0,0,523,0,523,G
7-M,214,0,0,0,520,520,C
7-M,215,0,2,522,0,524,G
7-M,216,517,0,1,0,518,A
7-M,217,0,2,521,0,523,G
7-M,218,0,2,525,0,527,G
7-M,219,522,0,0,0,522,A
7-M,220,0,0,0,534,534,C
7-M,221,0,520,0,1,521,T
7-M,222,0,1,520,0,521,G
7-M,223,1,0,0,520,521,C
7-M,224,521,0,0,0,521,A
7-M,225,1,0,531,0,532,G
7-M,226,0,0,0,525,525,C
7-M,227,1,0,526,0,527,G
7-M,228,0,526,0,0,526,T
7-M,229,520,0,0,0,520,A
7-M,230,0,0,521,0,521,G
7-M,231,522,0,0,0,522,A
7-M,232,1,0,0,521,522,C
7-M,233,0,0,523,0,523,G
7-M,234,1,0,0,517,518,C
7-M,235,0,508,0,0,508,T
7-M,236,1,503,0,0,504,T
7-M,237,0,502,0,0,502,T
7-M,238,1,0,522,0,523,G
7-M,239,0,523,0,0,523,T
7-M,240,1,0,0,520,521,C
7-M,241,2,0,0,519,521,C
7-M,242,522,0,1,0,523,A
7-M,243,523,0,0,0,523,A
7-M,244,521,0,0,0,521,A
7-M,245,523,0,0,0,523,A
7-M,246,0,524,0,0,524,T
7-M,247,0,0,516,0,516,G
7-M,248,0,0,0,514,514,C
7-M,249,2,0,0,512,514,C
7-M,250,2,0,0,520,522,C
7-M,251,0,517,1,1,519,T
7-M,252,0,0,0,538,538,C
7-M,253,538,0,0,0,538,A
7-M,254,540,0,0,1,541,A
7-M,255,0,543,0,0,543,T
7-M,256,2,5,539,0,546,G
7-M,257,0,0,559,0,559,G
7-M,258,1,2,559,0,562,G
7-M,259,559,0,1,0,560,A
7-M,260,557,0,1,0,558,A
7-M,261,0,544,0,0,544,T
7-M,262,0,2,540,0,542,G
7-M,263,0,3,540,0,543,G
7-M,264,530,0,0,0,530,A
7-M,265,0,2,525,0,527,G
7-M,266,523,1,0,0,524,A
7-M,267,0,0,0,509,509,C
7-M,268,2,1,0,533,536,C
7-M,269,1,1,0,538,540,C
7-M,270,549,0,0,0,549,A
7-M,271,548,0,0,0,548,A
7-M,272,551,0,0,0,551,A
7-M,273,0,553,0,1,554,T
7-M,274,559,0,0,0,559,A
7-M,275,561,0,0,0,561,A
7-M,276,0,0,0,547,547,C
7-M,277,543,0,2,0,545,A
7-M,278,0,540,0,0,540,T
7-M,279,0,4,536,0,540,G
7-M,280,0,2,542,0,544,G
7-M,281,544,0,1,0,545,A
7-M,282,0,0,0,545,545,C
7-M,283,531,0,0,0,531,A
7-M,284,533,0,1,0,534,A
7-M,285,534,0,0,1,535,A
7-M,286,0,0,540,0,540,G
7-M,287,0,0,0,554,554,C
7-M,288,546,0,0,0,546,A
7-M,289,0,0,556,0,556,G
7-M,290,0,554,0,1,555,T
7-M,291,0,556,0,0,556,T
7-M,292,561,0,2,0,563,A
7-M,293,558,0,0,0,558,A
7-M,294,560,0,0,0,560,A
7-M,295,0,0,0,564,564,C
7-M,296,0,535,0,0,535,T
7-M,297,0,0,571,0,571,G
7-M,298,1,562,0,0,563,T
7-M,299,566,0,1,0,567,A
7-M,300,0,567,0,0,567,T
7-M,301,562,0,0,0,562,A
7-M,302,0,2,559,0,561,G
7-M,303,526,0,0,0,526,A
7-M,304,534,0,1,0,535,A
7-M,305,538,0,0,0,538,A
7-M,306,552,0,1,0,553,A
7-M,307,0,0,0,559,559,C
7-M,308,0,551,0,0,551,T
7-M,309,2,550,0,0,552,T
7-M,310,554,0,0,0,554,A
7-M,311,551,0,2,0,553,A
7-M,312,0,0,555,0,555,G
7-M,313,548,0,0,0,548,A
7-M,314,1,1,556,0,558,G
7-M,315,0,2,572,0,574,G
7-M,316,0,5,567,1,573,G
7-M,317,572,0,2,0,574,A
7-M,318,1,0,575,0,576,G
7-M,319,575,1,1,0,577,A
7-M,320,0,575,0,1,576,T
7-M,321,575,0,0,0,575,A
7-M,322,585,0,0,0,585,A
7-M,323,0,0,0,588,588,C
7-M,324,1,0,586,0,587,G
7-M,325,0,585,0,0,585,T
7-M,326,1,590,0,1,592,T
7-M,327,1,3,0,593,597,C
7-M,328,1,1,0,587,589,C
7-M,329,591,0,0,0,591,A
7-M,330,0,590,0,0,590,T
7-M,331,0,4,579,0,583,G
7-M,332,0,1,583,0,584,G
7-M,333,0,1,579,0,580,G
7-M,334,0,0,581,0,581,G
7-M,335,1,0,0,579,580,C
7-M,336,0,0,0,583,583,C
7-M,337,585,0,0,0,585,A
7-M,338,592,0,1,0,593,A
7-M,339,592,0,0,0,592,A
7-M,340,0,1,596,0,597,G
7-M,341,600,0,0,0,600,A
7-M,342,600,0,0,0,600,A
7-M,343,601,0,0,0,601,A
7-M,344,0,602,0,0,602,T
7-M,345,600,0,1,0,601,A
7-M,346,0,0,607,0,607,G
7-M,347,0,0,0,603,603,C
7-M,348,0,599,0,1,600,T
7-M,349,1,0,0,604,605,C
7-M,350,0,598,0,0,598,T
7-M,351,2,0,0,618,620,C
7-M,352,619,0,0,0,619,A
7-M,353,0,0,619,0,619,G
7-M,354,0,615,0,0,615,T
7-M,355,0,617,0,0,617,T
7-M,356,619,0,0,0,619,A
7-M,357,0,622,0,2,624,T
7-M,358,0,625,0,0,625,T
7-M,359,1,0,0,623,624,C
7-M,360,0,601,0,0,601,T
7-M,361,1,1,601,0,603,G
7-M,362,0,0,0,604,604,C
7-M,363,0,594,0,2,596,T
7-M,364,0,1,596,0,597,G
7-M,365,0,1,596,0,597,G
7-M,366,0,592,0,0,592,T
7-M,367,0,1,590,0,591,G
7-M,368,1,0,0,589,590,C
7-M,369,590,0,0,0,590,A
7-M,370,0,0,0,598,598,C
7-M,371,0,582,0,1,583,T
7-M,372,0,591,0,0,591,T
7-M,373,0,0,593,0,593,G
7-M,374,0,1,0,590,591,C
7-M,375,1,0,0,593,594,C
7-M,376,585,1,1,0,587,A
7-M,377,0,1,589,0,590,G
7-M,378,0,590,0,0,590,T
7-M,379,0,592,0,0,592,T
7-M,380,0,0,593,0,593,G
7-M,381,0,0,0,581,581,C
7-M,382,581,0,1,0,582,A
7-M,383,0,581,1,0,582,T
7-M,384,0,1,581,0,582,G
7-M,385,1,1,581,0,583,G
7-M,386,0,0,584,0,584,G
7-M,387,1,0,1,588,590,C
7-M,388,4,0,0,602,606,C
7-M,389,0,601,0,0,601,T
7-M,390,3,1,0,615,619,C
7-M,391,646,0,0,0,646,A
7-M,392,0,655,0,0,655,T
7-M,393,679,0,1,0,680,A
7-M,394,0,672,0,0,672,T
7-M,395,658,0,1,0,659,A
7-M,396,0,0,0,704,704,C
7-M,397,675,0,0,0,675,A
7-M,398,672,0,1,0,673,A
7-M,399,1,666,0,0,667,T
7-M,400,629,0,0,0,629,A
7-M,401,0,2,636,0,638,G
7-M,402,0,3,640,0,643,G
7-M,403,640,1,0,0,641,A
7-M,404,0,634,0,1,635,T
7-M,405,0,0,603,0,603,G
7-M,406,0,0,605,0,605,G
7-M,407,0,2,601,0,603,G
7-M,408,0,0,608,0,608,G
7-M,409,0,0,607,0,607,G
7-M,410,0,0,1,604,605,C
7-M,411,0,596,1,1,598,T
7-M,412,1,0,602,0,603,G
7-M,413,0,604,0,0,604,T
7-M,414,601,0,1,1,603,A
7-M,415,602,0,0,0,602,A
7-M,416,0,0,0,613,613,C
7-M,417,1,1,0,604,606,C
7-M,418,600,0,0,0,600,A
7-M,419,0,0,0,599,599,C
7-M,420,1,595,0,0,596,T
7-M,421,0,0,598,0,598,G
7-M,422,596,0,0,0,596,A
7-M,423,596,0,0,0,596,A
7-M,424,0,1,598,0,599,G
7-M,425,0,594,0,1,595,T
7-M,426,0,0,594,0,594,G
7-M,427,0,1,597,0,598,G
7-M,428,0,0,0,604,604,C
7-M,429,601,0,0,0,601,A
7-M,430,0,601,0,0,601,T
7-M,431,0,603,0,0,603,T
7-M,432,0,601,0,0,601,T
7-M,433,1,2,615,0,618,G
7-M,434,0,1,620,0,621,G
7-M,435,0,1,0,618,619,C
7-M,436,0,0,0,618,618,C
7-M,437,0,614,0,0,614,T
7-M,438,1,2,644,0,647,G
7-M,439,1,1,654,0,656,G
7-M,440,0,654,0,0,654,T
7-M,441,655,0,2,0,657,A
7-M,442,0,628,0,0,628,T
7-M,443,0,0,651,0,651,G
7-M,444,1,655,0,0,656,T
7-M,445,0,1,653,0,654,G
7-M,446,2,2,0,651,655,C
7-M,447,636,0,0,0,636,A
7-M,448,636,0,2,0,638,A
7-M,449,1,0,0,645,646,C
7-M,450,646,0,0,0,646,A
7-M,451,0,647,0,0,647,T
7-M,452,0,0,638,0,638,G
7-M,453,1,624,0,2,627,T
7-M,454,0,8,621,0,629,G
7-M,455,621,0,1,0,622,A
7-M,456,0,0,625,0,625,G
7-M,457,1,0,0,620,621,C
7-M,458,600,0,0,0,600,A
7-M,459,1,1,609,0,611,G
7-M,460,605,0,1,0,606,A
7-M,461,0,612,0,1,613,T
7-M,462,0,612,0,0,612,T
7-M,463,0,0,614,0,614,G
7-M,464,1,0,0,613,614,C
7-M,465,0,612,0,2,614,T
7-M,466,0,3,610,0,613,G
7-M,467,613,0,0,0,613,A
7-M,468,1,1,0,632,634,C
7-M,469,0,630,0,0,630,T
7-M,470,1,0,0,628,629,C
7-M,471,3,2,0,623,628,C
7-M,472,0,1,0,632,633,C
7-M,473,633,0,0,0,633,A
7-M,474,0,1,638,0,639,G
7-M,475,0,0,0,637,637,C
7-M,476,637,0,1,0,638,A
7-M,477,0,0,0,636,636,C
7-M,478,606,0,0,0,606,A
7-M,479,0,1,617,0,618,G
7-M,480,0,1,617,0,618,G
7-M,481,1,618,0,0,619,T
7-M,482,2,0,0,627,629,C
7-M,483,1,620,0,1,622,T
7-M,484,1,0,0,629,630,C
7-M,485,625,0,0,0,625,A
7-M,486,0,623,0,3,626,T
7-M,487,630,0,0,0,630,A
7-M,488,0,0,618,1,619,G
7-M,489,0,0,613,0,613,G
7-M,490,0,0,0,611,611,C
7-M,491,597,0,0,0,597,A
7-M,492,0,1,591,0,592,G
7-M,493,598,0,3,0,601,A
7-M,494,1,599,0,0,600,T
7-M,495,1,2,595,0,598,G
7-M,496,1,0,602,0,603,G
7-M,497,0,596,0,1,597,T
7-M,498,1,1,600,0,602,G
7-M,499,0,1,601,0,602,G
7-M,500,0,0,0,602,602,C
7-M,501,591,0,1,0,592,A
7-M,502,592,0,0,0,592,A
7-M,503,0,0,0,597,597,C
7-M,504,598,0,0,0,598,A
7-M,505,597,0,1,0,598,A
7-M,506,1,0,0,598,599,C
7-M,507,5,0,0,584,589,C
7-M,508,589,0,0,0,589,A
7-M,509,591,0,0,0,591,A
7-M,510,0,594,0,0,594,T
7-M,511,1,0,0,590,591,C
7-M,512,3,0,0,588,591,C
7-M,513,585,0,0,0,585,A
7-M,514,0,586,0,0,586,T
7-M,515,0,585,0,0,585,T
7-M,516,587,0,1,0,588,A
7-M,517,590,0,0,0,590,A
7-M,518,0,585,0,0,585,T
7-M,519,581,0,0,0,581,A
7-M,520,582,0,0,0,582,A
7-M,521,576,0,0,0,576,A
7-M,522,580,0,0,1,581,A
7-M,523,0,0,0,594,594,C
7-M,524,597,0,0,0,597,A
7-M,525,0,590,0,1,591,T
7-M,526,3,1,589,0,593,G
7-M,527,591,0,0,0,591,A
7-M,528,0,0,598,0,598,G
7-M,529,595,0,0,0,595,A
7-M,530,598,0,1,0,599,A
7-M,531,0,0,0,599,599,C
7-M,532,583,0,0,0,583,A
7-M,533,0,2,592,0,594,G
7-M,534,590,0,0,0,590,A
7-M,535,589,0,1,0,590,A
7-M,536,0,585,0,0,585,T
7-M,537,1,1,582,0,584,G
7-M,538,0,0,584,0,584,G
7-M,539,0,576,0,0,576,T
7-M,540,0,563,1,0,564,T
7-M,541,0,578,0,0,578,T
7-M,542,0,579,0,0,579,T
7-M,543,0,1,583,0,584,G
7-M,544,0,0,585,0,585,G
7-M,545,0,1,0,581,582,C
7-M,546,2,0,0,583,585,C
7-M,547,570,0,2,0,572,A
7-M,548,0,0,592,0,592,G
7-M,549,0,0,0,594,594,C
7-M,550,595,0,0,0,595,A
7-M,551,1,0,0,604,605,C
7-M,552,0,595,0,1,596,T
7-M,553,605,0,1,0,606,A
7-M,554,1,0,0,607,608,C
7-M,555,612,1,0,0,613,A
7-M,556,1,0,623,0,624,G
7-M,557,1,2,0,609,612,C
7-M,558,0,601,0,0,601,T
7-M,559,601,0,0,0,601,A
7-M,560,588,0,1,0,589,A
7-M,561,0,0,598,0,598,G
7-M,562,0,1,603,0,604,G
7-M,563,0,0,0,606,606,C
7-M,564,0,572,0,0,572,T
7-M,565,571,0,0,0,571,A
7-M,566,0,568,0,1,569,T
7-M,567,0,1,568,0,569,G
7-M,568,0,2,573,0,575,G
7-M,569,556,0,1,0,557,A
7-M,570,0,0,554,0,554,G
7-M,571,1,0,0,544,545,C
7-M,572,537,0,0,0,537,A
7-M,573,538,0,1,0,539,A
7-M,574,535,0,0,0,535,A
7-M,575,0,546,0,0,546,T
7-M,576,0,2,545,0,547,G
7-M,577,0,1,543,0,544,G
7-M,578,0,0,2,536,538,C
7-M,579,0,536,0,0,536,T
7-M,580,1,1,535,0,537,G
7-M,581,0,2,545,0,547,G
7-M,582,545,0,2,0,547,A
7-M,583,1,544,0,0,545,T
7-M,584,1,0,0,535,536,C
7-M,585,537,0,0,0,537,A
7-M,586,540,0,1,0,541,A
7-M,587,0,2,540,0,542,G
7-M,588,0,541,0,0,541,T
7-M,589,0,2,538,2,542,G
7-M,590,531,0,1,0,532,A
7-M,591,0,0,536,0,536,G
7-M,592,0,0,0,536,536,C
7-M,593,535,0,0,0,535,A
7-M,594,0,2,535,0,537,G
7-M,595,0,0,536,0,536,G
7-M,596,0,1,1,538,540,C
7-M,597,537,0,0,0,537,A
7-M,598,0,0,542,0,542,G
7-M,599,0,2,0,540,542,C
7-M,600,0,1,539,0,540,G
7-M,601,0,2,542,0,544,G
7-M,602,544,0,0,0,544,A
7-M,603,1,2,546,0,549,G
7-M,604,0,0,556,0,556,G
7-M,605,0,0,0,559,559,C
7-M,606,1,0,0,556,557,C
7-M,607,549,0,1,0,550,A
7-M,608,0,554,0,0,554,T
7-M,609,0,0,558,0,558,G
7-M,610,1,3,555,0,559,G
7-M,611,557,0,0,0,557,A
7-M,612,0,1,556,0,557,G
7-M,613,540,0,0,0,540,A
7-M,614,0,548,0,0,548,T
7-M,615,0,547,0,1,548,T
7-M,616,0,0,550,0,550,G
7-M,617,0,0,1,550,551,C
7-M,618,0,548,0,0,548,T
7-M,619,547,1,0,0,548,A
7-M,620,0,0,549,0,549,G
7-M,621,0,544,0,1,545,T
7-M,622,3,0,0,539,542,C
7-M,623,525,0,2,1,528,A
7-M,624,0,4,533,0,537,G
7-M,625,0,0,538,0,538,G
7-M,626,0,0,0,538,538,C
7-M,627,0,0,0,539,539,C
7-M,628,536,0,0,0,536,A
7-M,629,0,0,546,0,546,G
7-M,630,0,0,545,0,545,G
7-M,631,1,0,0,546,547,C
7-M,632,544,0,1,0,545,A
7-M,633,0,0,544,0,544,G
7-M,634,535,0,0,0,535,A
7-M,635,0,539,0,0,539,T
7-M,636,0,3,537,0,540,G
7-M,637,0,1,558,0,559,G
7-M,638,0,554,0,1,555,T
7-M,639,0,0,553,0,553,G
7-M,640,2,0,0,551,553,C
7-M,641,549,1,1,0,551,A
7-M,642,0,2,560,0,562,G
7-M,643,3,1,557,0,561,G
7-M,644,2,0,0,563,565,C
7-M,645,564,0,0,0,564,A
7-M,646,556,0,1,0,557,A
7-M,647,0,553,0,1,554,T
7-M,648,0,3,552,0,555,G
7-M,649,547,0,0,0,547,A
7-M,650,0,0,553,0,553,G
7-M,651,540,0,1,0,541,A
7-M,652,0,0,544,0,544,G
7-M,653,0,0,0,554,554,C
7-M,654,1,1,0,563,565,C
7-M,655,569,0,1,0,570,A
7-M,656,0,569,0,0,569,T
7-M,657,0,570,0,0,570,T
7-M,658,1,3,565,0,569,G
7-M,659,0,2,567,0,569,G
7-M,660,0,4,564,0,568,G
7-M,661,569,0,0,0,569,A
7-M,662,0,0,0,571,571,C
7-M,663,0,552,0,1,553,T
7-M,664,0,0,1,555,556,C
7-M,665,557,0,1,0,558,A
7-M,666,0,575,1,2,578,T
7-M,667,1,0,0,576,577,C
7-M,668,1,0,0,575,576,C
7-M,669,0,574,0,0,574,T
7-M,670,572,0,1,0,573,A
7-M,671,0,0,582,0,582,G
7-M,672,0,638,0,0,638,T
7-M,673,0,635,0,0,635,T
7-M,674,1,0,0,625,626,C
7-M,675,1,1,0,617,619,C
7-M,676,615,0,0,0,615,A
7-M,677,0,0,626,0,626,G
7-M,678,0,628,0,0,628,T
7-M,679,627,0,0,0,627,A
7-M,680,0,0,0,627,627,C
7-M,681,0,559,0,1,560,T
7-M,682,0,0,583,0,583,G
7-M,683,0,1,595,0,596,G
7-M,684,0,592,0,1,593,T
7-M,685,2,0,0,593,595,C
7-M,686,0,585,0,0,585,T
7-M,687,586,0,1,0,587,A
7-M,688,586,0,0,0,586,A
7-M,689,0,0,590,0,590,G
7-M,690,585,0,0,0,585,A
7-M,691,0,2,564,0,566,G
7-M,692,543,0,0,0,543,A
7-M,693,0,540,0,3,543,T
7-M,694,0,3,540,0,543,G
7-M,695,542,0,0,0,542,A
7-M,696,0,541,0,0,541,T
7-M,697,2,0,0,539,541,C
7-M,698,1,533,0,0,534,T
7-M,699,0,533,0,0,533,T
7-M,700,3,0,0,533,536,C
7-M,701,0,531,0,2,533,T
7-M,702,0,535,0,0,535,T
7-M,703,1,0,535,0,536,G
7-M,704,536,0,0,0,536,A
7-M,705,537,0,1,0,538,A
7-M,706,537,0,1,0,538,A
7-M,707,532,2,0,0,534,A
7-M,708,2,537,0,0,539,T
7-M,709,2,544,0,0,546,T
7-M,710,0,548,0,0,548,T
7-M,711,0,0,544,0,544,G
7-M,712,0,1,0,546,547,C
7-M,713,543,0,1,0,544,A
7-M,714,0,2,547,0,549,G
7-M,715,551,0,0,0,551,A
7-M,716,1,0,0,570,571,C
7-M,717,2,0,0,565,567,C
7-M,718,0,567,0,0,567,T
7-M,719,573,0,0,0,573,A
7-M,720,0,571,0,0,571,T
7-M,721,1,0,0,571,572,C
7-M,722,572,1,0,0,573,A
7-M,723,0,0,571,0,571,G
7-M,724,572,0,0,0,572,A
7-M,725,551,0,0,0,551,A
7-M,726,554,0,0,0,554,A
7-M,727,0,0,0,553,553,C
7-M,728,1,2,557,0,560,G
7-M,729,554,0,1,0,555,A
7-M,730,557,0,1,0,558,A
7-M,731,0,562,0,0,562,T
7-M,732,1,2,554,0,557,G
7-M,733,0,1,560,0,561,G
7-M,734,0,2,562,0,564,G
7-M,735,0,2,555,0,557,G
7-M,736,2,0,560,0,562,G
7-M,737,0,548,0,1,549,T
7-M,738,0,0,546,0,546,G
7-M,739,0,0,0,550,550,C
7-M,740,547,0,1,0,548,A
7-M,741,0,0,550,0,550,G
7-M,742,542,1,0,0,543,A
7-M,743,0,545,0,0,545,T
7-M,744,0,2,535,0,537,G
7-M,745,1,0,0,535,536,C
7-M,746,529,0,0,0,529,A
7-M,747,530,0,1,0,531,A
7-M,748,0,0,0,533,533,C
7-M,749,0,2,529,0,531,G
7-M,750,532,0,0,0,532,A
7-M,751,0,531,0,1,532,T
7-M,752,0,530,1,1,532,T
7-M,753,3,0,0,531,534,C
7-M,754,520,0,0,0,520,A
7-M,755,517,0,0,0,517,A
7-M,756,0,1,519,0,520,G
7-M,757,0,515,0,0,515,T
7-M,758,0,3,504,0,507,G
7-M,759,506,0,1,0,507,A
7-M,760,0,0,0,508,508,C
7-M,761,0,0,0,502,502,C
7-M,762,4,0,0,500,504,C
7-M,763,1,0,502,0,503,G
7-M,764,0,0,0,502,502,C
7-M,765,0,499,0,0,499,T
7-M,766,0,501,0,0,501,T
7-M,767,0,0,505,0,505,G
7-M,768,0,505,0,1,506,T
7-M,769,0,502,0,0,502,T
7-M,770,0,0,503,0,503,G
7-M,771,1,492,0,0,493,T
7-M,772,0,490,0,0,490,T
7-M,773,0,0,491,0,491,G
7-M,774,0,0,0,490,490,C
7-M,775,2,1,0,483,486,C
7-M,776,1,1,490,0,492,G
7-M,777,0,0,0,491,491,C
7-M,778,1,2,487,0,490,G
7-M,779,488,0,0,1,489,A
7-M,780,495,0,0,0,495,A
7-M,781,0,502,0,0,502,T
7-M,782,502,0,0,0,502,A
7-M,783,1,503,0,0,504,T
7-M,784,1,0,0,512,513,C
7-M,785,513,0,0,0,513,A
7-M,786,1,513,0,1,515,T
7-M,787,0,509,0,1,510,T
7-M,788,0,2,508,0,510,G
7-M,789,0,0,504,0,504,G
7-M,790,0,0,504,0,504,G
7-M,791,508,0,0,0,508,A
7-M,792,0,502,0,1,503,T
7-M,793,1,0,0,489,490,C
7-M,794,0,489,0,0,489,T
7-M,795,0,486,1,1,488,T
7-M,796,1,1,491,0,493,G
7-M,797,0,0,0,491,491,C
7-M,798,490,0,1,0,491,A
7-M,799,0,0,0,494,494,C
7-M,800,0,490,0,0,490,T
7-M,801,0,487,1,2,490,T
7-M,802,0,5,485,0,490,G
7-M,803,492,0,0,0,492,A
7-M,804,0,492,0,0,492,T
7-M,805,485,0,0,0,485,A
7-M,806,0,482,0,1,483,T
7-M,807,0,477,0,1,478,T
7-M,808,1,0,484,0,485,G
7-M,809,0,479,0,2,481,T
7-M,810,0,2,476,0,478,G
7-M,811,0,0,476,0,476,G
7-M,812,469,0,0,0,469,A
7-M,813,0,470,0,1,471,T
7-M,814,0,471,0,1,472,T
7-M,815,1,0,0,472,473,C
7-M,816,0,472,0,0,472,T
7-M,817,0,462,0,2,464,T
7-M,818,0,0,464,0,464,G
7-M,819,460,0,0,0,460,A
7-M,820,0,462,0,0,462,T
7-M,821,3,0,0,454,457,C
7-M,822,0,0,452,0,452,G
7-M,823,0,454,0,0,454,T
7-M,824,0,0,0,453,453,C
7-M,825,0,448,0,1,449,T
7-M,826,0,452,0,0,452,T
7-M,827,0,453,1,0,454,T
7-M,828,0,453,0,0,453,T
7-M,829,0,453,0,1,454,T
7-M,830,0,451,0,2,453,T
7-M,831,0,453,0,1,454,T
7-M,832,1,0,0,452,453,C
7-M,833,453,0,0,0,453,A
7-M,834,453,0,0,0,453,A
7-M,835,454,0,0,0,454,A
7-M,836,0,452,0,1,453,T
7-M,837,0,0,454,0,454,G
7-M,838,1,0,0,454,455,C
7-M,839,0,0,455,0,455,G
7-M,840,0,466,0,1,467,T
7-M,841,4,1,0,461,466,C
7-M,842,0,466,0,0,466,T
7-M,843,468,0,0,0,468,A
7-M,844,1,465,0,0,466,T
7-M,845,2,2,0,459,463,C
7-M,846,1,4,456,0,461,G
7-M,847,457,0,1,0,458,A
7-M,848,0,0,0,457,457,C
7-M,849,0,448,0,0,448,T
7-M,850,1,0,0,455,456,C
7-M,851,0,452,0,0,452,T
7-M,852,0,453,0,0,453,T
7-M,853,2,0,0,452,454,C
7-M,854,453,0,0,0,453,A
7-M,855,451,1,1,0,453,A
7-M,856,452,0,0,0,452,A
7-M,857,1,0,0,450,451,C
7-M,858,445,0,0,0,445,A
7-M,859,0,0,0,428,428,C
7-M,860,0,2,421,0,423,G
7-M,861,0,0,442,0,442,G
7-M,862,1,0,0,441,442,C
7-M,863,0,0,0,443,443,C
7-M,864,0,441,0,3,444,T
7-M,865,0,442,0,0,442,T
7-M,866,444,0,0,0,444,A
7-M,867,447,0,0,0,447,A
7-M,868,449,0,0,0,449,A
7-M,869,444,0,2,0,446,A
7-M,870,0,1,440,0,441,G
7-M,871,385,0,3,0,388,A
7-M,872,0,0,389,0,389,G
7-M,873,0,0,388,0,388,G
7-M,874,0,0,0,391,391,C
7-M,875,0,0,0,389,389,C
7-M,876,1,0,0,384,385,C
7-M,877,0,383,0,1,384,T
7-M,878,0,387,0,0,387,T
7-M,879,2,0,0,389,391,C
7-M,880,0,390,0,0,390,T
7-M,881,392,0,0,0,392,A
7-M,882,0,0,0,389,389,C
7-M,883,0,1,383,0,384,G
7-M,884,0,1,384,0,385,G
7-M,885,374,0,0,0,374,A
7-M,886,374,0,0,0,374,A
7-M,887,0,0,369,0,369,G
7-M,888,0,1,370,0,371,G
7-M,889,363,0,1,0,364,A
7-M,890,0,0,367,0,367,G
7-M,891,0,364,0,0,364,T
7-M,892,367,0,1,0,368,A
7-M,893,0,0,0,365,365,C
7-M,894,5,0,0,359,364,C
7-M,895,0,363,0,0,363,T
7-M,896,1,0,364,0,365,G
7-M,897,352,0,0,0,352,A
7-M,898,0,0,361,0,361,G
7-M,899,0,345,0,0,345,T
7-M,900,5,0,0,342,347,C
7-M,901,0,342,0,0,342,T
7-M,902,341,0,0,0,341,A
7-M,903,0,342,0,0,342,T
7-M,904,0,2,340,0,342,G
7-M,905,333,0,3,0,336,A
7-M,906,0,0,338,0,338,G
7-M,907,0,1,310,0,311,G
7-M,908,0,1,310,0,311,G
7-M,909,307,0,0,0,307,A
7-M,910,308,0,0,0,308,A
7-M,911,0,0,311,0,311,G
7-M,912,304,0,0,0,304,A
7-M,913,306,0,0,0,306,A
7-M,914,0,303,0,0,303,T
7-M,915,298,0,0,0,298,A
7-M,916,1,297,0,0,298,T
7-M,917,0,3,0,289,292,C
7-M,918,0,0,293,0,293,G
7-M,919,290,0,0,0,290,A
7-M,920,285,0,2,0,287,A
7-M,921,289,0,0,0,289,A
7-M,922,0,2,285,0,287,G
7-M,923,0,1,286,0,287,G
7-M,924,277,0,0,0,277,A
7-M,925,273,0,2,0,275,A
7-M,926,0,0,0,276,276,C
7-M,927,270,0,0,0,270,A
7-M,928,0,0,277,0,277,G
7-M,929,0,0,0,279,279,C
7-M,930,276,0,0,0,276,A
7-M,931,0,0,276,0,276,G
7-M,932,260,0,0,0,260,A
7-M,933,261,0,0,0,261,A
7-M,934,0,261,0,0,261,T
7-M,935,0,0,252,0,252,G
7-M,936,0,1,0,250,251,C
7-M,937,0,238,0,1,239,T
7-M,938,0,0,239,0,239,G
7-M,939,0,239,0,0,239,T
7-M,940,0,0,239,0,239,G
7-M,941,0,0,239,0,239,G
7-M,942,235,0,0,0,235,A
7-M,943,1,233,0,0,234,T
7-M,944,0,0,227,0,227,G
7-M,945,0,1,0,222,223,C
7-M,946,0,205,0,0,205,T
7-M,947,0,0,205,0,205,G
7-M,948,204,0,0,0,204,A
7-M,949,0,0,0,202,202,C
7-M,950,0,0,202,0,202,G
7-M,951,200,0,0,0,200,A
7-M,952,0,0,0,200,200,C
7-M,953,190,0,0,0,190,A
7-M,954,0,0,190,0,190,G
7-M,955,0,187,0,0,187,T
7-M,956,2,2,0,183,187,C
7-M,957,188,0,0,0,188,A
7-M,958,0,187,0,0,187,T
7-M,959,0,185,0,1,186,T
7-M,960,0,185,0,0,185,T
7-M,961,0,180,0,0,180,T
7-M,962,0,0,180,0,180,G
7-M,963,0,169,0,0,169,T
7-M,964,0,0,0,167,167,C
7-M,965,161,0,0,0,161,A
7-M,966,0,0,161,0,161,G
7-M,967,0,0,0,161,161,C
7-M,968,161,0,0,0,161,A
7-M,969,0,161,0,0,161,T
7-M,970,153,0,1,0,154,A
7-M,971,0,0,154,0,154,G
7-M,972,150,0,0,0,150,A
7-M,973,0,0,150,0,150,G
7-M,974,0,148,0,0,148,T
7-M,975,0,102,0,0,102,T
7-M,976,0,0,102,0,102,G
7-M,977,0,0,102,0,102,G
7-M,978,101,0,0,0,101,A
7-M,979,0,0,100,0,100,G
7-M,980,0,63,0,0,63,T
7-M,981,56,0,0,0,56,A
7-M,982,55,0,0,0,55,A
8-NS,1,220,0,0,0,220,A
8-NS,2,0,221,0,0,221,T
8-NS,3,0,0,235,0,235,G
8-NS,4,0,1,244,0,245,G
8-NS,5,270,0,0,0,270,A
8-NS,6,0,479,0,0,479,T
8-NS,7,0,481,0,0,481,T
8-NS,8,0,0,0,497,497,C
8-NS,9,2,1,0,493,496,C
8-NS,10,493,0,1,2,496,A
8-NS,11,503,0,0,0,503,A
8-NS,12,0,0,0,506,506,C
8-NS,13,511,0,0,0,511,A
8-NS,14,1,0,0,518,519,C
8-NS,15,0,518,0,0,518,T
8-NS,16,0,0,585,0,585,G
8-NS,17,0,586,0,1,587,T
8-NS,18,0,0,595,0,595,G
8-NS,19,0,594,0,2,596,T
8-NS,20,1,0,0,596,597,C
8-NS,21,595,0,1,1,597,A
8-NS,22,600,0,1,0,601,A
8-NS,23,0,0,605,0,605,G
8-NS,24,0,620,0,0,620,T
8-NS,25,0,617,0,0,617,T
8-NS,26,0,624,0,1,625,T
8-NS,27,2,0,0,621,623,C
8-NS,28,2,0,0,624,626,C
8-NS,29,628,0,1,0,629,A
8-NS,30,0,3,632,0,635,G
8-NS,31,0,2,637,0,639,G
8-NS,32,0,638,0,1,639,T
8-NS,33,644,0,0,0,644,A
8-NS,34,0,0,653,0,653,G
8-NS,35,652,1,0,0,653,A
8-NS,36,0,656,0,0,656,T
8-NS,37,0,656,0,0,656,T
8-NS,38,0,2,662,0,664,G
8-NS,39,0,0,0,664,664,C
8-NS,40,0,664,0,1,665,T
8-NS,41,0,662,0,2,664,T
8-NS,42,0,671,0,0,671,T
8-NS,43,3,0,0,679,682,C
8-NS,44,0,680,0,1,681,T
8-NS,45,0,681,0,0,681,T
8-NS,46,0,680,0,1,681,T
8-NS,47,0,2,687,0,689,G
8-NS,48,0,1,692,0,693,G
8-NS,49,1,1,0,691,693,C
8-NS,50,689,0,1,0,690,A
8-NS,51,0,711,0,0,711,T
8-NS,52,724,0,0,0,724,A
8-NS,53,0,735,0,3,738,T
8-NS,54,2,1,0,738,741,C
8-NS,55,61,1,0,679,741,C
8-NS,56,1,2,733,0,736,G
8-NS,57,0,0,753,0,753,G
8-NS,58,750,0,1,0,751,A
8-NS,59,755,0,0,0,755,A
8-NS,60,747,0,0,0,747,A
8-NS,61,1,0,0,747,748,C
8-NS,62,748,0,0,1,749,A
8-NS,63,749,0,0,0,749,A
8-NS,64,0,1,768,0,769,G
8-NS,65,1,770,0,1,772,T
8-NS,66,0,770,0,1,771,T
8-NS,67,1,1,771,0,773,G
8-NS,68,0,772,0,0,772,T
8-NS,69,770,0,1,0,771,A
8-NS,70,0,4,772,1,777,G
8-NS,71,831,0,1,1,833,A
8-NS,72,0,0,0,839,839,C
8-NS,73,3,0,0,827,830,C
8-NS,74,830,0,0,0,830,A
8-NS,75,833,0,1,0,834,A
8-NS,76,0,3,883,0,886,G
8-NS,77,888,0,0,0,888,A
8-NS,78,892,0,1,0,893,A
8-NS,79,1,0,0,892,893,C
8-NS,80,0,875,0,0,875,T
8-NS,81,0,4,885,0,889,G
8-NS,82,885,0,1,0,886,A
8-NS,83,0,1,901,0,902,G
8-NS,84,0,903,1,1,905,T
8-NS,85,0,0,897,0,897,G
8-NS,86,897,0,1,0,898,A
8-NS,87,0,893,0,0,893,T
8-NS,88,1,0,909,0,910,G
8-NS,89,1,0,0,929,930,C
8-NS,90,3,1,0,921,925,C
8-NS,91,1,1,0,928,930,C
8-NS,92,2,2,0,916,920,C
8-NS,93,922,0,1,0,923,A
8-NS,94,0,931,0,0,931,T
8-NS,95,0,950,0,1,951,T
8-NS,96,2,0,0,958,960,C
8-NS,97,0,0,0,959,959,C
8-NS,98,0,956,0,0,956,T
8-NS,99,0,952,0,1,953,T
8-NS,100,1,7,943,1,952,G
8-NS,101,951,0,0,0,951,A
8-NS,102,0,950,0,1,951,T
8-NS,103,3,0,0,942,945,C
8-NS,104,0,1,938,0,939,G
8-NS,105,0,0,946,0,946,G
8-NS,106,0,0,0,947,947,C
8-NS,107,0,948,0,0,948,T
8-NS,108,0,950,0,0,950,T
8-NS,109,0,0,0,952,952,C
8-NS,110,1,0,954,2,957,G
8-NS,111,0,0,0,958,958,C
8-NS,112,3,1,0,953,957,C
8-NS,113,1,4,956,0,961,G
8-NS,114,950,0,0,1,951,A
8-NS,115,0,3,986,0,989,G
8-NS,116,987,0,1,0,988,A
8-NS,117,0,994,0,0,994,T
8-NS,118,6,0,0,987,993,C
8-NS,119,986,0,0,0,986,A
8-NS,120,0,2,993,0,995,G
8-NS,121,995,0,2,0,997,A
8-NS,122,1,4,995,1,1001,G
8-NS,123,0,0,1012,0,1012,G
8-NS,124,0,1023,0,1,1024,T
8-NS,125,1,0,0,1084,1085,C
8-NS,126,0,0,0,1092,1092,C
8-NS,127,2,0,0,1092,1094,C
8-NS,128,0,1097,0,0,1097,T
8-NS,129,1104,0,0,0,1104,A
8-NS,130,1099,0,1,1,1101,A
8-NS,131,0,3,1117,0,1120,G
8-NS,132,0,1,1127,0,1128,G
8-NS,133,2,4,1105,0,1111,G
8-NS,134,1,1,1085,0,1087,G
8-NS,135,1077,0,3,0,1080,A
8-NS,136,1079,0,2,0,1081,A
8-NS,137,1,4,1086,0,1091,G
8-NS,138,1117,0,1,0,1118,A
8-NS,139,0,2,1131,0,1133,G
8-NS,140,0,1,1135,0,1136,G
8-NS,141,1,0,0,1130,1131,C
8-NS,142,1130,0,0,0,1130,A
8-NS,143,1132,0,0,1,1133,A
8-NS,144,1,1126,0,3,1130,T
8-NS,145,1142,0,1,0,1143,A
8-NS,146,0,0,0,1156,1156,C
8-NS,147,1,1122,0,1,1124,T
8-NS,148,6,1,0,1114,1121,C
8-NS,149,0,1107,0,1,1108,T
8-NS,150,3,1,0,1114,1118,C
8-NS,151,1,5,1131,0,1137,G
8-NS,152,0,0,1192,0,1192,G
8-NS,153,0,1193,0,0,1193,T
8-NS,154,6,1,0,1191,1198,C
8-NS,155,0,1193,0,0,1193,T
8-NS,156,1200,0,2,1,1203,A
8-NS,157,0,8,1199,0,1207,G
8-NS,158,1201,0,0,0,1201,A
8-NS,159,1,0,0,1237,1238,C
8-NS,160,1221,0,0,0,1221,A
8-NS,161,0,1197,0,1,1198,T
8-NS,162,5,0,0,1192,1197,C
8-NS,163,1196,0,1,0,1197,A
8-NS,164,1198,1,0,0,1199,A
8-NS,165,1190,0,1,0,1191,A
8-NS,166,0,0,1201,0,1201,G
8-NS,167,0,0,0,1203,1203,C
8-NS,168,1183,0,1,1,1185,A
8-NS,169,0,0,1189,0,1189,G
8-NS,170,0,0,0,1191,1191,C
8-NS,171,2,0,0,1195,1197,C
8-NS,172,1204,0,1,0,1205,A
8-NS,173,1,1,0,1217,1219,C
8-NS,174,4,0,0,1215,1219,C
8-NS,175,5,0,0,1211,1216,C
8-NS,176,1247,0,0,0,1247,A
8-NS,177,0,1253,0,1,1254,T
8-NS,178,0,3,1250,0,1253,G
8-NS,179,1,1244,0,0,1245,T
8-NS,180,0,1236,0,3,1239,T
8-NS,181,0,7,1229,0,1236,G
8-NS,182,0,4,1219,0,1223,G
8-NS,183,1221,0,1,0,1222,A
8-NS,184,1218,0,1,0,1219,A
8-NS,185,1204,0,3,0,1207,A
8-NS,186,0,1,1217,0,1218,G
8-NS,187,0,0,1,1217,1218,C
8-NS,188,1216,0,0,0,1216,A
8-NS,189,1214,0,1,0,1215,A
8-NS,190,1212,0,2,0,1214,A
8-NS,191,0,1227,0,0,1227,T
8-NS,192,0,1225,0,1,1226,T
8-NS,193,0,1,1248,0,1249,G
8-NS,194,0,1247,0,0,1247,T
8-NS,195,1238,0,0,0,1238,A
8-NS,196,1,7,1228,0,1236,G
8-NS,197,1232,0,1,0,1233,A
8-NS,198,1227,1,1,1,1230,A
8-NS,199,1228,0,0,0,1228,A
8-NS,200,1219,0,0,0,1219,A
8-NS,201,0,0,1221,0,1221,G
8-NS,202,1192,0,0,0,1192,A
8-NS,203,0,1192,0,0,1192,T
8-NS,204,0,1197,0,0,1197,T
8-NS,205,5,0,0,1191,1196,C
8-NS,206,0,1192,0,1,1193,T
8-NS,207,0,3,1194,0,1197,G
8-NS,208,1197,0,1,0,1198,A
8-NS,209,1195,0,0,0,1195,A
8-NS,210,1193,0,2,0,1195,A
8-NS,211,1,2,1196,0,1199,G
8-NS,212,1196,0,1,0,1197,A
8-NS,213,1200,0,0,0,1200,A
8-NS,214,0,9,1201,0,1210,G
8-NS,215,1212,1,1,0,1214,A
8-NS,216,1221,0,0,0,1221,A
8-NS,217,0,1220,0,1,1221,T
8-NS,218,6,0,0,1225,1231,C
8-NS,219,0,1230,0,2,1232,T
8-NS,220,0,2,1238,0,1240,G
8-NS,221,1240,0,0,0,1240,A
8-NS,222,0,1241,0,0,1241,T
8-NS,223,0,4,1231,0,1235,G
8-NS,224,1215,0,1,0,1216,A
8-NS,225,1,1,1208,0,1210,G
8-NS,226,0,1,1210,0,1211,G
8-NS,227,0,0,0,1213,1213,C
8-NS,228,1216,0,0,0,1216,A
8-NS,229,1,0,0,1238,1239,C
8-NS,230,0,1234,0,0,1234,T
8-NS,231,0,1243,0,2,1245,T
8-NS,232,1245,0,1,1,1247,A
8-NS,233,1248,0,1,1,1250,A
8-NS,234,1246,0,0,1,1247,A
8-NS,235,1243,0,2,1,1246,A
8-NS,236,0,1257,0,0,1257,T
8-NS,237,0,9,1246,0,1255,G
8-NS,238,1254,0,4,0,1258,A
8-NS,239,0,2,0,1260,1262,C
8-NS,240,7,0,0,1249,1256,C
8-NS,241,1255,0,0,0,1255,A
8-NS,242,0,1249,0,4,1253,T
8-NS,243,1,6,1273,0,1280,G
8-NS,244,0,1,1295,0,1296,G
8-NS,245,0,1296,0,3,1299,T
8-NS,246,8,0,0,1352,1360,C
8-NS,247,0,1351,0,1,1352,T
8-NS,248,7,1,2,1365,1375,C
8-NS,249,4,1,0,1361,1366,C
8-NS,250,1373,0,1,0,1374,A
8-NS,251,0,1,0,1378,1379,C
8-NS,252,1352,0,1,0,1353,A
8-NS,253,3,1,0,1373,1377,C
8-NS,254,3,0,0,1365,1368,C
8-NS,255,1,1318,0,0,1319,T
8-NS,256,0,1,1324,0,1325,G
8-NS,257,1,1,0,1315,1317,C
8-NS,258,0,1307,0,0,1307,T
8-NS,259,0,1311,0,1,1312,T
8-NS,260,3,4,0,1297,1304,C
8-NS,261,3,2,1306,0,1311,G
8-NS,262,3,1,0,1307,1311,C
8-NS,263,1,7,1305,0,1313,G
8-NS,264,1375,0,2,0,1377,A
8-NS,265,0,1378,0,0,1378,T
8-NS,266,1421,0,2,0,1423,A
8-NS,267,2,1,0,1429,1432,C
8-NS,268,1421,1,0,0,1422,A
8-NS,269,0,1460,0,1,1461,T
8-NS,270,1452,0,0,0,1452,A
8-NS,271,1451,0,1,0,1452,A
8-NS,272,0,1,0,1450,1451,C
8-NS,273,0,1409,0,1,1410,T
8-NS,274,0,5,1432,0,1437,G
8-NS,275,1398,0,1,0,1399,A
8-NS,276,1,1,0,1403,1405,C
8-NS,277,1400,0,1,0,1401,A
8-NS,278,0,1380,0,1,1381,T
8-NS,279,2,10,1369,0,1381,G
8-NS,280,1381,1,2,0,1384,A
8-NS,281,0,0,0,1427,1427,C
8-NS,282,0,1415,0,0,1415,T
8-NS,283,1430,0,2,0,1432,A
8-NS,284,0,1429,0,1,1430,T
8-NS,285,2,1416,0,0,1418,T
8-NS,286,1,4,1417,0,1422,G
8-NS,287,1413,0,0,0,1413,A
8-NS,288,1,3,1406,1,1411,G
8-NS,289,0,10,1403,0,1413,G
8-NS,290,1370,1,1,0,1372,A
8-NS,291,1373,0,1,0,1374,A
8-NS,292,0,1352,0,2,1354,T
8-NS,293,0,1359,0,0,1359,T
8-NS,294,0,0,1384,0,1384,G
8-NS,295,2,1380,0,0,1382,T
8-NS,296,10,0,0,1373,1383,C
8-NS,297,1381,0,0,0,1381,A
8-NS,298,1379,0,3,0,1382,A
8-NS,299,0,3,1379,0,1382,G
8-NS,300,1376,0,1,0,1377,A
8-NS,301,1376,0,1,0,1377,A
8-NS,302,1377,1,2,0,1380,A
8-NS,303,1,0,0,1377,1378,C
8-NS,304,0,1357,0,3,1360,T
8-NS,305,0,10,1369,0,1379,G
8-NS,306,0,2,1388,0,1390,G
8-NS,307,0,1390,0,1,1391,T
8-NS,308,0,1382,0,2,1384,T
8-NS,309,7,0,0,1367,1374,C
8-NS,310,1375,0,3,0,1378,A
8-NS,311,0,1396,0,0,1396,T
8-NS,312,0,1,1406,0,1407,G
8-NS,313,0,0,1,1419,1420,C
8-NS,314,0,1398,0,1,1399,T
8-NS,315,1385,0,2,0,1387,A
8-NS,316,1408,0,1,0,1409,A
8-NS,317,0,1415,0,0,1415,T
8-NS,318,1,1,1417,0,1419,G
8-NS,319,2,1,0,1418,1421,C
8-NS,320,3,1,0,1404,1408,C
8-NS,321,6,0,0,1388,1394,C
8-NS,322,1387,0,1,0,1388,A
8-NS,323,1394,0,1,0,1395,A
8-NS,324,0,1,1399,0,1400,G
8-NS,325,2,0,0,1398,1400,C
8-NS,326,1396,1,1,0,1398,A
8-NS,327,0,1,1404,0,1405,G
8-NS,328,1398,1,2,0,1401,A
8-NS,329,1406,0,1,0,1407,A
8-NS,330,1412,0,3,0,1415,A
8-NS,331,0,0,1433,0,1433,G
8-NS,332,0,1424,0,0,1424,T
8-NS,333,1,5,1425,0,1431,G
8-NS,334,0,2,1424,0,1426,G
8-NS,335,1427,0,1,0,1428,A
8-NS,336,1407,1,0,1,1409,A
8-NS,337,0,7,1407,0,1414,G
8-NS,338,1,8,1420,0,1429,G
8-NS,339,1423,1,0,0,1424,A
8-NS,340,0,0,0,1424,1424,C
8-NS,341,0,0,0,1415,1415,C
8-NS,342,0,1407,0,1,1408,T
8-NS,343,4,0,0,1432,1436,C
8-NS,344,0,1435,0,2,1437,T
8-NS,345,0,1446,0,0,1446,T
8-NS,346,0,1444,0,1,1445,T
8-NS,347,1,3,1442,0,1446,G
8-NS,348,2,1,0,1466,1469,C
8-NS,349,1464,0,1,0,1465,A
8-NS,350,1,1459,0,2,1462,T
8-NS,351,3,2,0,1460,1465,C
8-NS,352,1461,0,1,0,1462,A
8-NS,353,0,7,1495,0,1502,G
8-NS,354,1496,0,0,1,1497,A
8-NS,355,1505,0,0,0,1505,A
8-NS,356,0,1499,0,1,1500,T
8-NS,357,1,4,1489,0,1494,G
8-NS,358,7,14,1485,0,1506,G
8-NS,359,1505,1,1,0,1507,A
8-NS,360,0,0,0,1505,1505,C
8-NS,361,2,0,0,1467,1469,C
8-NS,362,1436,0,0,0,1436,A
8-NS,363,1,2,1452,0,1455,G
8-NS,364,1,1,1449,0,1451,G
8-NS,365,1,1,0,1455,1457,C
8-NS,366,1448,0,2,0,1450,A
8-NS,367,1459,0,1,0,1460,A
8-NS,368,0,1457,0,1,1458,T
8-NS,369,5,1,0,1452,1458,C
8-NS,370,1461,1,1,0,1463,A
8-NS,371,1,1446,0,0,1447,T
8-NS,372,1,4,1419,0,1424,G
8-NS,373,1,6,1422,0,1429,G
8-NS,374,1416,1,2,0,1419,A
8-NS,375,0,4,1437,0,1441,G
8-NS,376,1424,0,0,0,1424,A
8-NS,377,1423,0,1,0,1424,A
8-NS,378,1424,0,0,0,1424,A
8-NS,379,1421,0,1,0,1422,A
8-NS,380,1427,0,1,1,1429,A
8-NS,381,1,1,0,1433,1435,C
8-NS,382,1430,0,2,0,1432,A
8-NS,383,1,1428,0,0,1429,T
8-NS,384,4,0,0,1411,1415,C
8-NS,385,1413,0,3,0,1416,A
8-NS,386,0,1418,0,2,1420,T
8-NS,387,2,1,1422,0,1425,G
8-NS,388,0,1420,0,2,1422,T
8-NS,389,0,1412,1,0,1413,T
8-NS,390,1,2,1407,0,1410,G
8-NS,391,1406,0,0,0,1406,A
8-NS,392,1414,0,1,0,1415,A
8-NS,393,1410,0,2,0,1412,A
8-NS,394,1,0,1426,0,1427,G
8-NS,395,0,0,0,1400,1400,C
8-NS,396,0,8,1393,0,1401,G
8-NS,397,1399,0,2,0,1401,A
8-NS,398,1399,0,0,0,1399,A
8-NS,399,0,1401,1,0,1402,T
8-NS,400,0,1381,1,22,1404,T
8-NS,401,0,1404,1,0,1405,T
8-NS,402,1,0,0,1406,1407,C
8-NS,403,1376,0,0,0,1376,A
8-NS,404,0,0,1377,0,1377,G
8-NS,405,1,1392,0,2,1395,T
8-NS,406,0,1,1389,0,1390,G
8-NS,407,0,1383,1,5,1389,T
8-NS,408,1,5,1389,0,1395,G
8-NS,409,1405,0,0,0,1405,A
8-NS,410,0,1402,0,2,1404,T
8-NS,411,1,1400,0,1,1402,T
8-NS,412,0,1400,0,2,1402,T
8-NS,413,0,1404,0,0,1404,T
8-NS,414,0,1405,0,0,1405,T
8-NS,415,0,10,1377,0,1387,G
8-NS,416,1388,0,4,0,1392,A
8-NS,417,1,2,0,1386,1389,C
8-NS,418,6,2,1,1369,1378,C
8-NS,419,1,10,1380,0,1391,G
8-NS,420,1440,1,0,0,1441,A
8-NS,421,0,0,0,1474,1474,C
8-NS,422,0,1472,0,0,1472,T
8-NS,423,1478,0,2,0,1480,A
8-NS,424,0,5,1476,0,1481,G
8-NS,425,1476,1,1,0,1478,A
8-NS,426,1,6,1480,0,1487,G
8-NS,427,1481,1,2,0,1484,A
8-NS,428,1,1,0,1529,1531,C
8-NS,429,4,1,0,1462,1467,C
8-NS,430,1429,0,2,0,1431,A
8-NS,431,0,1507,0,0,1507,T
8-NS,432,1497,0,0,0,1497,A
8-NS,433,1,1,1608,0,1610,G
8-NS,434,1,1592,0,0,1593,T
8-NS,435,1590,0,0,0,1590,A
8-NS,436,0,1585,1,1,1587,T
8-NS,437,0,1542,0,0,1542,T
8-NS,438,1578,0,1,0,1579,A
8-NS,439,0,0,0,1580,1580,C
8-NS,440,0,1507,0,1,1508,T
8-NS,441,1504,0,0,0,1504,A
8-NS,442,1359,0,0,0,1359,A
8-NS,443,0,8,1363,0,1371,G
8-NS,444,1,5,1362,0,1368,G
8-NS,445,0,3,1360,0,1363,G
8-NS,446,2,1,0,1345,1348,C
8-NS,447,0,1308,0,2,1310,T
8-NS,448,1,1302,1,7,1311,T
8-NS,449,0,1323,0,3,1326,T
8-NS,450,2,0,0,1337,1339,C
8-NS,451,1362,1,1,0,1364,A
8-NS,452,0,0,0,1364,1364,C
8-NS,453,6,1,0,1349,1356,C
8-NS,454,0,3,1353,0,1356,G
8-NS,455,1352,0,0,0,1352,A
8-NS,456,1355,0,0,0,1355,A
8-NS,457,0,6,1349,0,1355,G
8-NS,458,1341,0,0,0,1341,A
8-NS,459,1,6,1341,0,1348,G
8-NS,460,1,3,1323,0,1327,G
8-NS,461,0,12,1333,0,1345,G
8-NS,462,1334,0,3,0,1337,A
8-NS,463,1,2,1337,0,1340,G
8-NS,464,1,2,0,1326,1329,C
8-NS,465,1332,0,1,0,1333,A
8-NS,466,1335,0,0,0,1335,A
8-NS,467,0,1333,0,0,1333,T
8-NS,468,0,1325,0,1,1326,T
8-NS,469,1,2,1322,0,1325,G
8-NS,470,0,1312,0,1,1313,T
8-NS,471,0,1313,0,0,1313,T
8-NS,472,0,7,1305,0,1312,G
8-NS,473,0,0,1310,0,1310,G
8-NS,474,1,0,0,1311,1312,C
8-NS,475,0,4,1304,0,1308,G
8-NS,476,1312,0,1,0,1313,A
8-NS,477,1321,0,0,0,1321,A
8-NS,478,1323,0,0,0,1323,A
8-NS,479,0,1323,0,1,1324,T
8-NS,480,6,0,0,1321,1327,C
8-NS,481,2,1311,0,1,1314,T
8-NS,482,9,0,0,1314,1323,C
8-NS,483,1322,0,1,0,1323,A
8-NS,484,4,0,0,1317,1321,C
8-NS,485,4,0,0,1320,1324,C
8-NS,486,1313,1,0,0,1314,A
8-NS,487,0,1308,0,0,1308,T
8-NS,488,0,1298,1,1,1300,T
8-NS,489,0,1,1300,0,1301,G
8-NS,490,3,0,0,1290,1293,C
8-NS,491,0,0,0,1291,1291,C
8-NS,492,0,1297,1,0,1298,T
8-NS,493,0,1292,0,2,1294,T
8-NS,494,3,0,0,1308,1311,C
8-NS,495,0,1309,0,1,1310,T
8-NS,496,0,1315,0,0,1315,T
8-NS,497,0,1336,0,0,1336,T
8-NS,498,0,1314,1,5,1320,T
8-NS,499,6,0,0,1315,1321,C
8-NS,500,1,0,0,1319,1320,C
8-NS,501,1305,1,1,0,1307,A
8-NS,502,0,2,1323,0,1325,G
8-NS,503,0,7,1309,0,1316,G
8-NS,504,1340,2,0,0,1342,A
8-NS,505,1,1,0,1344,1346,C
8-NS,506,1340,1,1,0,1342,A
8-NS,507,0,1344,1,0,1345,T
8-NS,508,1347,0,2,0,1349,A
8-NS,509,0,0,0,1457,1457,C
8-NS,510,0,1448,1,2,1451,T
8-NS,511,1445,0,0,0,1445,A
8-NS,512,0,1441,0,1,1442,T
8-NS,513,0,1390,0,0,1390,T
8-NS,514,0,4,1386,0,1390,G
8-NS,515,1345,0,0,0,1345,A
8-NS,516,0,5,1340,1,1346,G
8-NS,517,0,2,1335,0,1337,G
8-NS,518,1218,0,0,0,1218,A
8-NS,519,1,1227,0,0,1228,T
8-NS,520,0,0,1220,0,1220,G
8-NS,521,2,1214,0,1,1217,T
8-NS,522,6,0,0,1219,1225,C
8-NS,523,1227,0,1,0,1228,A
8-NS,524,1230,0,0,0,1230,A
8-NS,525,1229,0,0,0,1229,A
8-NS,526,1232,0,0,0,1232,A
8-NS,527,1233,2,1,0,1236,A
8-NS,528,0,1229,0,2,1231,T
8-NS,529,0,2,1226,0,1228,G
8-NS,530,1,1,0,1240,1242,C
8-NS,531,1233,0,0,0,1233,A
8-NS,532,1241,0,0,0,1241,A
8-NS,533,0,1237,0,2,1239,T
8-NS,534,2,1240,0,0,1242,T
8-NS,535,0,1,1238,0,1239,G
8-NS,536,0,1,1235,0,1236,G
8-NS,537,0,5,1235,0,1240,G
8-NS,538,1,1,1242,0,1244,G
8-NS,539,0,1227,0,1,1228,T
8-NS,540,1,1,0,1244,1246,C
8-NS,541,4,0,0,1245,1249,C
8-NS,542,0,1249,0,4,1253,T
8-NS,543,3,1,1,1272,1277,C
8-NS,544,1273,2,0,0,1275,A
8-NS,545,0,1281,0,1,1282,T
8-NS,546,2,3,0,1277,1282,C
8-NS,547,0,2,1264,1,1267,G
8-NS,548,1,4,1260,0,1265,G
8-NS,549,1237,0,2,0,1239,A
8-NS,550,1,4,1238,0,1243,G
8-NS,551,1,4,1247,0,1252,G
8-NS,552,1230,0,2,0,1232,A
8-NS,553,0,0,0,1239,1239,C
8-NS,554,0,1235,0,1,1236,T
8-NS,555,0,1237,0,2,1239,T
8-NS,556,0,9,1234,0,1243,G
8-NS,557,1238,1,0,0,1239,A
8-NS,558,1236,0,2,0,1238,A
8-NS,559,0,1232,0,0,1232,T
8-NS,560,1,3,1205,0,1209,G
8-NS,561,1,3,1225,0,1229,G
8-NS,562,1210,0,1,0,1211,A
8-NS,563,1221,0,0,0,1221,A
8-NS,564,0,1280,0,0,1280,T
8-NS,565,2,5,1279,0,1286,G
8-NS,566,1288,0,2,0,1290,A
8-NS,567,0,1294,0,0,1294,T
8-NS,568,1293,0,1,0,1294,A
8-NS,569,1291,1,4,0,1296,A
8-NS,570,0,0,0,1281,1281,C
8-NS,571,1262,1,2,0,1265,A
8-NS,572,0,0,0,1274,1274,C
8-NS,573,1147,0,0,0,1147,A
8-NS,574,0,0,1173,0,1173,G
8-NS,575,0,1163,0,1,1164,T
8-NS,576,0,1161,0,0,1161,T
8-NS,577,15,2,0,1145,1162,C
8-NS,578,1,6,1150,0,1157,G
8-NS,579,1156,0,0,0,1156,A
8-NS,580,0,0,1158,0,1158,G
8-NS,581,0,1142,0,1,1143,T
8-NS,582,10,0,0,1145,1155,C
8-NS,583,0,1129,0,1,1130,T
8-NS,584,3,0,0,1145,1148,C
8-NS,585,0,1150,0,1,1151,T
8-NS,586,1151,0,0,0,1151,A
8-NS,587,1149,0,1,1,1151,A
8-NS,588,1144,0,0,0,1144,A
8-NS,589,1163,0,0,0,1163,A
8-NS,590,1159,0,0,0,1159,A
8-NS,591,0,1149,0,0,1149,T
8-NS,592,1,0,0,1159,1160,C
8-NS,593,0,1145,0,2,1147,T
8-NS,594,1156,0,0,0,1156,A
8-NS,595,3,0,0,1150,1153,C
8-NS,596,1152,0,2,0,1154,A
8-NS,597,0,0,1158,0,1158,G
8-NS,598,1138,0,2,0,1140,A
8-NS,599,1,5,1138,0,1144,G
8-NS,600,1151,0,1,0,1152,A
8-NS,601,1,1134,0,1,1136,T
8-NS,602,0,1138,0,1,1139,T
8-NS,603,7,3,0,1132,1142,C
8-NS,604,0,1,1146,0,1147,G
8-NS,605,0,1,0,1142,1143,C
8-NS,606,0,1143,0,0,1143,T
8-NS,607,1,1139,0,2,1142,T
8-NS,608,0,2,1129,0,1131,G
8-NS,609,0,2,1132,0,1134,G
8-NS,610,1131,0,0,0,1131,A
8-NS,611,0,1,1131,0,1132,G
8-NS,612,1126,1,0,0,1127,A
8-NS,613,1114,1,0,0,1115,A
8-NS,614,0,0,1136,0,1136,G
8-NS,615,1,0,0,1133,1134,C
8-NS,616,1134,0,0,0,1134,A
8-NS,617,0,0,1164,0,1164,G
8-NS,618,0,1152,0,1,1153,T
8-NS,619,1163,0,0,0,1163,A
8-NS,620,1163,0,0,0,1163,A
8-NS,621,0,1154,0,1,1155,T
8-NS,622,0,7,1153,0,1160,G
8-NS,623,1107,1,0,0,1108,A
8-NS,624,0,4,1138,0,1142,G
8-NS,625,1127,0,2,0,1129,A
8-NS,626,1108,0,0,0,1108,A
8-NS,627,0,1105,0,0,1105,T
8-NS,628,0,3,1075,0,1078,G
8-NS,629,2,4,1081,0,1087,G
8-NS,630,0,1,1074,0,1075,G
8-NS,631,0,3,1061,0,1064,G
8-NS,632,0,4,1063,0,1067,G
8-NS,633,1030,1,2,0,1033,A
8-NS,634,1,0,0,1046,1047,C
8-NS,635,2,0,0,1046,1048,C
8-NS,636,0,1040,0,2,1042,T
8-NS,637,1,0,0,1050,1051,C
8-NS,638,1,0,0,1049,1050,C
8-NS,639,1048,0,0,0,1048,A
8-NS,640,0,994,0,0,994,T
8-NS,641,0,1006,0,1,1007,T
8-NS,642,0,1006,0,1,1007,T
8-NS,643,1017,0,1,0,1018,A
8-NS,644,0,0,0,1031,1031,C
8-NS,645,0,1015,1,1,1017,T
8-NS,646,9,7,0,999,1015,C
8-NS,647,0,0,0,1006,1006,C
8-NS,648,1002,0,0,0,1002,A
8-NS,649,1014,0,0,0,1014,A
8-NS,650,1011,0,0,0,1011,A
8-NS,651,1011,1,0,1,1013,A
8-NS,652,0,0,0,1013,1013,C
8-NS,653,994,0,1,0,995,A
8-NS,654,0,5,997,0,1002,G
8-NS,655,995,0,0,0,995,A
8-NS,656,990,0,0,1,991,A
8-NS,657,996,0,0,0,996,A
8-NS,658,2,3,0,993,998,C
8-NS,659,1,2,998,0,1001,G
8-NS,660,1,1,999,0,1001,G
8-NS,661,1,1,999,0,1001,G
8-NS,662,998,0,2,0,1000,A
8-NS,663,994,0,0,0,994,A
8-NS,664,994,0,1,0,995,A
8-NS,665,0,992,0,0,992,T
8-NS,666,1,6,995,0,1002,G
8-NS,667,0,1,993,0,994,G
8-NS,668,1,1,1,984,987,C
8-NS,669,1,4,987,0,992,G
8-NS,670,992,0,1,0,993,A
8-NS,671,0,2,997,0,999,G
8-NS,672,1000,0,0,0,1000,A
8-NS,673,997,0,1,0,998,A
8-NS,674,1,1,0,1009,1011,C
8-NS,675,991,0,1,0,992,A
8-NS,676,0,0,993,0,993,G
8-NS,677,0,1,0,986,987,C
8-NS,678,1,987,0,2,990,T
8-NS,679,980,0,3,0,983,A
8-NS,680,0,3,978,0,981,G
8-NS,681,0,1,985,0,986,G
8-NS,682,0,981,0,0,981,T
8-NS,683,11,0,0,951,962,C
8-NS,684,959,0,0,0,959,A
8-NS,685,958,0,0,0,958,A
8-NS,686,954,0,2,0,956,A
8-NS,687,962,0,0,0,962,A
8-NS,688,0,0,965,0,965,G
8-NS,689,0,941,0,0,941,T
8-NS,690,0,937,0,1,938,T
8-NS,691,0,939,0,0,939,T
8-NS,692,1,1,936,0,938,G
8-NS,693,939,0,0,0,939,A
8-NS,694,936,0,0,0,936,A
8-NS,695,0,5,943,0,948,G
8-NS,696,918,0,0,0,918,A
8-NS,697,0,1,924,0,925,G
8-NS,698,921,1,2,0,924,A
8-NS,699,0,926,0,1,927,T
8-NS,700,925,0,0,0,925,A
8-NS,701,921,0,1,0,922,A
8-NS,702,0,3,918,0,921,G
8-NS,703,853,0,0,0,853,A
8-NS,704,0,854,0,1,855,T
8-NS,705,0,3,858,0,861,G
8-NS,706,1,0,859,0,860,G
8-NS,707,1,0,0,854,855,C
8-NS,708,0,853,0,0,853,T
8-NS,709,854,0,1,0,855,A
8-NS,710,849,0,0,0,849,A
8-NS,711,0,858,0,0,858,T
8-NS,712,0,851,0,2,853,T
8-NS,713,0,2,856,0,858,G
8-NS,714,837,1,2,0,840,A
8-NS,715,837,0,1,0,838,A
8-NS,716,0,4,835,0,839,G
8-NS,717,835,0,2,0,837,A
8-NS,718,831,0,1,0,832,A
8-NS,719,0,1,846,0,847,G
8-NS,720,0,832,0,1,833,T
8-NS,721,0,5,825,0,830,G
8-NS,722,820,1,2,0,823,A
8-NS,723,0,6,820,0,826,G
8-NS,724,828,0,3,0,831,A
8-NS,725,0,0,0,824,824,C
8-NS,726,817,0,2,0,819,A
8-NS,727,1,1,0,819,821,C
8-NS,728,772,1,1,0,774,A
8-NS,729,0,0,795,0,795,G
8-NS,730,788,0,1,0,789,A
8-NS,731,0,784,0,2,786,T
8-NS,732,0,778,0,1,779,T
8-NS,733,778,0,0,0,778,A
8-NS,734,776,0,0,0,776,A
8-NS,735,777,0,0,0,777,A
8-NS,736,776,0,0,0,776,A
8-NS,737,775,0,1,0,776,A
8-NS,738,1,1,0,747,749,C
8-NS,739,718,0,0,0,718,A
8-NS,740,713,0,2,0,715,A
8-NS,741,1,0,0,712,713,C
8-NS,742,0,712,0,0,712,T
8-NS,743,0,3,717,0,720,G
8-NS,744,717,0,0,0,717,A
8-NS,745,721,0,0,0,721,A
8-NS,746,720,0,0,1,721,A
8-NS,747,711,0,2,0,713,A
8-NS,748,0,713,0,0,713,T
8-NS,749,693,0,1,0,694,A
8-NS,750,0,0,696,0,696,G
8-NS,751,1,1,0,693,695,C
8-NS,752,0,682,0,1,683,T
8-NS,753,1,681,0,0,682,T
8-NS,754,0,680,0,0,680,T
8-NS,755,0,10,675,0,685,G
8-NS,756,686,0,0,0,686,A
8-NS,757,685,0,1,0,686,A
8-NS,758,1,1,0,686,688,C
8-NS,759,671,0,0,0,671,A
8-NS,760,677,0,0,0,677,A
8-NS,761,678,0,1,0,679,A
8-NS,762,0,680,0,0,680,T
8-NS,763,679,0,0,0,679,A
8-NS,764,673,0,0,0,673,A
8-NS,765,0,0,0,675,675,C
8-NS,766,673,0,0,0,673,A
8-NS,767,0,664,0,1,665,T
8-NS,768,0,649,0,0,649,T
8-NS,769,5,0,0,641,646,C
8-NS,770,643,0,1,0,644,A
8-NS,771,0,642,0,0,642,T
8-NS,772,2,1,638,0,641,G
8-NS,773,1,0,0,623,624,C
8-NS,774,618,1,0,0,619,A
8-NS,775,617,0,1,0,618,A
8-NS,776,0,1,622,0,623,G
8-NS,777,0,0,0,632,632,C
8-NS,778,621,0,0,0,621,A
8-NS,779,0,621,0,0,621,T
8-NS,780,0,620,0,0,620,T
8-NS,781,618,0,1,0,619,A
8-NS,782,0,0,0,618,618,C
8-NS,783,604,0,0,0,604,A
8-NS,784,0,0,543,0,543,G
8-NS,785,0,0,0,546,546,C
8-NS,786,0,546,0,0,546,T
8-NS,787,1,0,544,0,545,G
8-NS,788,0,0,0,539,539,C
8-NS,789,0,522,0,1,523,T
8-NS,790,1,0,526,0,527,G
8-NS,791,0,519,0,0,519,T
8-NS,792,0,518,0,1,519,T
8-NS,793,0,518,0,0,518,T
8-NS,794,0,2,515,0,517,G
8-NS,795,513,0,4,0,517,A
8-NS,796,506,0,1,0,507,A
8-NS,797,0,0,508,0,508,G
8-NS,798,0,498,0,1,499,T
8-NS,799,0,0,472,0,472,G
8-NS,800,0,3,471,0,474,G
8-NS,801,474,0,0,0,474,A
8-NS,802,471,0,3,0,474,A
8-NS,803,0,0,0,473,473,C
8-NS,804,457,0,0,0,457,A
8-NS,805,0,1,458,0,459,G
8-NS,806,0,2,451,0,453,G
8-NS,807,441,0,2,0,443,A
8-NS,808,1,0,443,0,444,G
8-NS,809,376,0,3,0,379,A
8-NS,810,0,377,0,0,377,T
8-NS,811,373,1,1,0,375,A
8-NS,812,374,0,0,0,374,A
8-NS,813,0,0,373,0,373,G
8-NS,814,327,0,1,0,328,A
8-NS,815,327,0,0,0,327,A
8-NS,816,0,0,0,325,325,C
8-NS,817,0,285,0,1,286,T
8-NS,818,0,280,0,0,280,T
8-NS,819,0,280,0,0,280,T
8-NS,820,1,0,0,279,280,C
8-NS,821,0,274,0,0,274,T
8-NS,822,6,0,0,265,271,C
8-NS,823,260,0,0,0,260,A
8-NS,824,0,260,0,0,260,T
8-NS,825,0,253,0,1,254,T
8-NS,826,0,252,0,0,252,T
8-NS,827,1,0,0,251,252,C
8-NS,828,242,0,1,0,243,A
8-NS,829,0,0,243,0,243,G
8-NS,830,0,0,0,243,243,C
8-NS,831,0,224,0,0,224,T
8-NS,832,0,222,0,0,222,T
8-NS,833,215,0,0,0,215,A
8-NS,834,0,216,0,0,216,T
8-NS,835,0,214,0,0,214,T
8-NS,836,1,214,0,0,215,T
8-NS,837,199,1,0,0,200,A
8-NS,838,196,0,1,0,197,A
8-NS,839,0,191,0,0,191,T
8-NS,840,0,0,189,0,189,G
8-NS,841,180,0,0,0,180,A
8-NS,842,0,168,0,0,168,T
8-NS,843,164,0,1,0,165,A
8-NS,844,162,0,0,1,163,A
8-NS,845,164,0,0,0,164,A
8-NS,846,165,0,0,0,165,A
8-NS,847,163,0,0,0,163,A
8-NS,848,161,0,1,0,162,A
8-NS,849,0,0,0,162,162,C
8-NS,850,137,0,0,0,137,A
8-NS,851,0,0,0,134,134,C
8-NS,852,1,0,0,129,130,C
8-NS,853,1,0,0,122,123,C
8-NS,854,0,118,0,0,118,T
8-NS,855,0,113,0,0,113,T
8-NS,856,0,0,113,0,113,G
8-NS,857,0,109,0,0,109,T
8-NS,858,0,106,0,0,106,T
8-NS,859,0,103,0,0,103,T
8-NS,860,0,0,0,44,44,C
8-NS,861,0,30,0,0,30,T
8-NS,862,27,0,0,0,27,A
8-NS,863,0,0,0,27,27,C
