Gene,Position,A,T,G,C,Coverage,Consensus
1-PB2,1,288,0,0,0,288,A
1-PB2,2,0,287,0,0,287,T
1-PB2,3,0,0,291,0,291,G
1-PB2,4,0,2,290,0,292,G
1-PB2,5,292,0,0,0,292,A
1-PB2,6,290,0,0,0,290,A
1-PB2,7,291,0,2,0,293,A
1-PB2,8,0,3,326,0,329,G
1-PB2,9,333,0,0,0,333,A
1-PB2,10,335,0,0,0,335,A
1-PB2,11,0,341,0,0,341,T
1-PB2,12,342,0,0,0,342,A
1-PB2,13,342,0,1,0,343,A
1-PB2,14,345,0,0,0,345,A
1-PB2,15,343,0,2,0,345,A
1-PB2,16,0,1,358,0,359,G
1-PB2,17,360,0,1,0,361,A
1-PB2,18,362,0,0,0,362,A
1-PB2,19,0,0,0,374,374,C
1-PB2,20,0,374,0,0,374,T
1-PB2,21,383,0,0,0,383,A
1-PB2,22,0,1,0,382,383,C
1-PB2,23,0,1,382,0,383,G
1-PB2,24,0,3,386,0,389,G
1-PB2,25,392,0,0,0,392,A
1-PB2,26,408,0,0,0,408,A
1-PB2,27,0,408,0,0,408,T
1-PB2,28,0,0,0,410,410,C
1-PB2,29,0,413,0,0,413,T
1-PB2,30,0,1,415,0,416,G
1-PB2,31,419,0,0,0,419,A
1-PB2,32,0,420,0,0,420,T
1-PB2,33,2,0,420,0,422,G
1-PB2,34,0,427,0,2,429,T
1-PB2,35,4,0,0,425,429,C
1-PB2,36,0,0,430,0,430,G
1-PB2,37,0,0,0,431,431,C
1-PB2,38,430,0,0,0,430,A
1-PB2,39,0,1,462,0,463,G
1-PB2,40,0,463,0,0,463,T
1-PB2,41,3,0,0,465,468,C
1-PB2,42,0,465,0,1,466,T
1-PB2,43,0,0,0,467,467,C
1-PB2,44,1,2,465,0,468,G
1-PB2,45,0,0,0,469,469,C
1-PB2,46,467,0,2,0,469,A
1-PB2,47,0,0,0,475,475,C
1-PB2,48,0,472,0,0,472,T
1-PB2,49,4,1,0,476,481,C
1-PB2,50,0,0,484,0,484,G
1-PB2,51,1,0,0,485,486,C
1-PB2,52,0,1,485,0,486,G
1-PB2,53,488,0,0,0,488,A
1-PB2,54,0,0,494,0,494,G
1-PB2,55,497,1,0,0,498,A
1-PB2,56,1,497,0,0,498,T
1-PB2,57,499,0,0,0,499,A
1-PB2,58,0,1,0,496,497,C
1-PB2,59,0,494,0,1,495,T
1-PB2,60,3,3,499,0,505,G
1-PB2,61,505,0,0,0,505,A
1-PB2,62,0,0,0,513,513,C
1-PB2,63,515,0,0,0,515,A
1-PB2,64,514,1,0,0,515,A
1-PB2,65,520,0,0,0,520,A
1-PB2,66,528,0,1,0,529,A
1-PB2,67,530,0,0,0,530,A
1-PB2,68,0,0,0,531,531,C
1-PB2,69,2,0,0,528,530,C
1-PB2,70,538,0,2,0,540,A
1-PB2,71,1,1,0,547,549,C
1-PB2,72,548,0,0,0,548,A
1-PB2,73,0,0,568,0,568,G
1-PB2,74,0,566,0,0,566,T
1-PB2,75,0,5,588,0,593,G
1-PB2,76,0,8,595,0,603,G
1-PB2,77,604,0,0,0,604,A
1-PB2,78,0,0,0,626,626,C
1-PB2,79,2,0,0,620,622,C
1-PB2,80,630,0,0,0,630,A
1-PB2,81,0,628,0,1,629,T
1-PB2,82,621,1,2,0,624,A
1-PB2,83,0,621,0,0,621,T
1-PB2,84,0,3,619,0,622,G
1-PB2,85,0,0,625,0,625,G
1-PB2,86,0,0,0,623,623,C
1-PB2,87,3,0,0,614,617,C
1-PB2,88,615,0,0,0,615,A
1-PB2,89,0,636,0,0,636,T
1-PB2,90,636,0,0,0,636,A
1-PB2,91,663,0,0,0,663,A
1-PB2,92,0,662,0,1,663,T
1-PB2,93,0,659,0,0,659,T
1-PB2,94,662,0,0,0,662,A
1-PB2,95,662,0,0,0,662,A
1-PB2,96,0,1,681,0,682,G
1-PB2,97,681,0,0,0,681,A
1-PB2,98,664,0,0,0,664,A
1-PB2,99,1,1,693,0,695,G
1-PB2,100,0,693,0,0,693,T
1-PB2,101,693,0,0,0,693,A
1-PB2,102,1,1,0,693,695,C
1-PB2,103,692,0,0,0,692,A
1-PB2,104,0,0,0,709,709,C
1-PB2,105,705,0,0,0,705,A
1-PB2,106,1,704,0,0,705,T
1-PB2,107,3,1,0,705,709,C
1-PB2,108,1,3,695,0,699,G
1-PB2,109,0,4,702,0,706,G
1-PB2,110,0,0,707,0,707,G
1-PB2,111,1,3,706,0,710,G
1-PB2,112,707,0,1,0,708,A
1-PB2,113,0,3,712,0,715,G
1-PB2,114,709,0,2,0,711,A
1-PB2,115,0,1,0,719,720,C
1-PB2,116,718,0,0,0,718,A
1-PB2,117,0,2,725,0,727,G
1-PB2,118,0,6,735,0,741,G
1-PB2,119,743,0,0,0,743,A
1-PB2,120,740,0,1,0,741,A
1-PB2,121,742,0,0,0,742,A
1-PB2,122,739,0,1,0,740,A
1-PB2,123,2,3,736,0,741,G
1-PB2,124,731,1,2,0,734,A
1-PB2,125,736,0,0,0,736,A
1-PB2,126,1,0,0,734,735,C
1-PB2,127,1,0,0,732,733,C
1-PB2,128,3,0,0,732,735,C
1-PB2,129,1,0,738,0,739,G
1-PB2,130,0,739,0,0,739,T
1-PB2,131,3,1,0,734,738,C
1-PB2,132,744,0,0,0,744,A
1-PB2,133,0,0,0,751,751,C
1-PB2,134,0,750,0,0,750,T
1-PB2,135,0,745,0,1,746,T
1-PB2,136,747,0,0,0,747,A
1-PB2,137,1,2,758,0,761,G
1-PB2,138,0,1,759,0,760,G
1-PB2,139,757,0,1,0,758,A
1-PB2,140,1,752,0,0,753,T
1-PB2,141,1,2,766,0,769,G
1-PB2,142,778,1,0,0,779,A
1-PB2,143,779,1,0,0,780,A
1-PB2,144,777,0,4,0,781,A
1-PB2,145,0,779,0,0,779,T
1-PB2,146,1,3,777,0,781,G
1-PB2,147,0,0,794,0,794,G
1-PB2,148,787,0,3,0,790,A
1-PB2,149,0,792,0,0,792,T
1-PB2,150,0,0,786,0,786,G
1-PB2,151,779,0,1,0,780,A
1-PB2,152,0,782,0,1,783,T
1-PB2,153,0,3,780,0,783,G
1-PB2,154,0,0,784,0,784,G
1-PB2,155,1,0,0,780,781,C
1-PB2,156,772,2,0,0,774,A
1-PB2,157,789,0,1,1,791,A
1-PB2,158,0,791,0,0,791,T
1-PB2,159,0,4,824,0,828,G
1-PB2,160,829,1,0,0,830,A
1-PB2,161,826,1,1,0,828,A
1-PB2,162,826,0,3,0,829,A
1-PB2,163,0,830,0,0,830,T
1-PB2,164,831,0,1,0,832,A
1-PB2,165,2,0,0,847,849,C
1-PB2,166,2,0,0,844,846,C
1-PB2,167,2,1,0,842,845,C
1-PB2,168,837,0,1,0,838,A
1-PB2,169,841,0,0,0,841,A
1-PB2,170,0,841,0,0,841,T
1-PB2,171,6,0,0,836,842,C
1-PB2,172,841,0,0,0,841,A
1-PB2,173,1,0,0,847,848,C
1-PB2,174,0,834,0,0,834,T
1-PB2,175,0,0,840,0,840,G
1-PB2,176,1,0,0,837,838,C
1-PB2,177,0,831,0,1,832,T
1-PB2,178,0,6,835,0,841,G
1-PB2,179,839,0,1,0,840,A
1-PB2,180,1,0,0,842,843,C
1-PB2,181,840,1,0,0,841,A
1-PB2,182,833,0,0,0,833,A
1-PB2,183,834,0,0,0,834,A
1-PB2,184,829,1,1,0,831,A
1-PB2,185,0,2,849,0,851,G
1-PB2,186,0,1,852,0,853,G
1-PB2,187,846,0,1,0,847,A
1-PB2,188,0,851,0,0,851,T
1-PB2,189,845,0,0,0,845,A
1-PB2,190,852,1,1,0,854,A
1-PB2,191,0,1,0,862,863,C
1-PB2,192,860,0,0,0,860,A
1-PB2,193,0,3,859,0,862,G
1-PB2,194,850,0,0,0,850,A
1-PB2,195,850,0,0,0,850,A
1-PB2,196,848,1,0,0,849,A
1-PB2,197,0,845,0,0,845,T
1-PB2,198,0,6,840,0,846,G
1-PB2,199,0,0,854,0,854,G
1-PB2,200,0,849,0,0,849,T
1-PB2,201,0,844,0,0,844,T
1-PB2,202,7,1,0,836,844,C
1-PB2,203,3,0,0,841,844,C
1-PB2,204,831,0,0,0,831,A
1-PB2,205,0,1,837,0,838,G
1-PB2,206,835,0,2,1,838,A
1-PB2,207,0,5,834,0,839,G
1-PB2,208,817,1,0,0,818,A
1-PB2,209,0,2,826,0,828,G
1-PB2,210,828,0,2,1,831,A
1-PB2,211,827,0,1,1,829,A
1-PB2,212,829,0,0,0,829,A
1-PB2,213,0,826,0,0,826,T
1-PB2,214,0,7,825,0,832,G
1-PB2,215,833,0,0,0,833,A
1-PB2,216,829,0,0,2,831,A
1-PB2,217,0,0,0,826,826,C
1-PB2,218,820,1,0,0,821,A
1-PB2,219,826,0,0,0,826,A
1-PB2,220,0,1,836,0,837,G
1-PB2,221,0,4,849,0,853,G
1-PB2,222,856,0,1,0,857,A
1-PB2,223,0,0,0,860,860,C
1-PB2,224,857,0,0,0,857,A
1-PB2,225,856,0,0,1,857,A
1-PB2,226,892,0,1,0,893,A
1-PB2,227,0,0,0,892,892,C
1-PB2,228,0,878,0,2,880,T
1-PB2,229,6,0,0,887,893,C
1-PB2,230,0,879,0,0,879,T
1-PB2,231,883,0,0,0,883,A
1-PB2,232,0,875,1,2,878,T
1-PB2,233,2,4,877,0,883,G
1-PB2,234,1,3,898,0,902,G
1-PB2,235,854,0,1,0,855,A
1-PB2,236,1,0,861,0,862,G
1-PB2,237,0,859,0,0,859,T
1-PB2,238,855,0,0,0,855,A
1-PB2,239,856,0,0,0,856,A
1-PB2,240,853,2,2,0,857,A
1-PB2,241,858,0,0,0,858,A
1-PB2,242,0,856,0,0,856,T
1-PB2,243,0,8,832,1,841,G
1-PB2,244,839,0,0,0,839,A
1-PB2,245,826,0,1,0,827,A
1-PB2,246,0,835,0,0,835,T
1-PB2,247,0,4,836,0,840,G
1-PB2,248,870,0,0,0,870,A
1-PB2,249,0,870,0,0,870,T
1-PB2,250,1,0,866,0,867,G
1-PB2,251,0,2,0,864,866,C
1-PB2,252,0,861,0,0,861,T
1-PB2,253,0,2,892,0,894,G
1-PB2,254,0,3,890,0,893,G
1-PB2,255,914,0,0,0,914,A
1-PB2,256,0,905,0,0,905,T
1-PB2,257,3,0,0,905,908,C
1-PB2,258,917,0,1,0,918,A
1-PB2,259,1,3,939,0,943,G
1-PB2,260,941,0,1,0,942,A
1-PB2,261,0,941,0,0,941,T
1-PB2,262,918,0,0,0,918,A
1-PB2,263,0,4,936,0,940,G
1-PB2,264,931,0,1,0,932,A
1-PB2,265,0,0,942,0,942,G
1-PB2,266,0,930,0,0,930,T
1-PB2,267,0,3,921,1,925,G
1-PB2,268,903,0,1,0,904,A
1-PB2,269,0,909,0,0,909,T
1-PB2,270,2,5,908,0,915,G
1-PB2,271,1,1,934,0,936,G
1-PB2,272,0,922,0,1,923,T
1-PB2,273,922,0,1,0,923,A
1-PB2,274,0,920,0,0,920,T
1-PB2,275,5,0,0,914,919,C
1-PB2,276,933,0,0,0,933,A
1-PB2,277,3,0,0,948,951,C
1-PB2,278,2,0,0,946,948,C
1-PB2,279,1,932,0,3,936,T
1-PB2,280,0,921,0,1,922,T
1-PB2,281,0,922,0,0,922,T
1-PB2,282,1,5,930,0,936,G
1-PB2,283,0,0,948,0,948,G
1-PB2,284,1,0,0,955,956,C
1-PB2,285,0,939,0,3,942,T
1-PB2,286,0,1,946,0,947,G
1-PB2,287,0,950,0,0,950,T
1-PB2,288,951,0,0,0,951,A
1-PB2,289,957,0,0,0,957,A
1-PB2,290,0,0,0,957,957,C
1-PB2,291,943,0,2,0,945,A
1-PB2,292,0,946,0,0,946,T
1-PB2,293,0,1,937,0,938,G
1-PB2,294,0,0,954,0,954,G
1-PB2,295,1,941,0,0,942,T
1-PB2,296,0,5,935,0,940,G
1-PB2,297,0,3,952,0,955,G
1-PB2,298,950,0,1,0,951,A
1-PB2,299,951,0,1,0,952,A
1-PB2,300,0,952,0,0,952,T
1-PB2,301,948,0,0,0,948,A
1-PB2,302,0,2,971,0,973,G
1-PB2,303,963,0,0,0,963,A
1-PB2,304,965,0,0,0,965,A
1-PB2,305,963,0,1,0,964,A
1-PB2,306,0,950,0,0,950,T
1-PB2,307,1,5,943,0,949,G
1-PB2,308,0,3,943,0,946,G
1-PB2,309,943,0,3,0,946,A
1-PB2,310,0,0,0,954,954,C
1-PB2,311,3,0,0,943,946,C
1-PB2,312,5,0,0,938,943,C
1-PB2,313,1,1,944,0,946,G
1-PB2,314,0,959,0,0,959,T
1-PB2,315,0,5,969,0,974,G
1-PB2,316,977,0,0,0,977,A
1-PB2,317,0,3,0,974,977,C
1-PB2,318,977,1,0,1,979,A
1-PB2,319,976,0,1,0,977,A
1-PB2,320,1,0,992,0,993,G
1-PB2,321,0,994,0,0,994,T
1-PB2,322,990,0,1,0,991,A
1-PB2,323,1,1,0,980,982,C
1-PB2,324,0,4,966,0,970,G
1-PB2,325,0,1,998,0,999,G
1-PB2,326,1,988,0,2,991,T
1-PB2,327,6,0,0,997,1003,C
1-PB2,328,7,1,0,995,1003,C
1-PB2,329,981,0,0,0,981,A
1-PB2,330,0,987,0,0,987,T
1-PB2,331,0,991,0,0,991,T
1-PB2,332,1035,0,1,0,1036,A
1-PB2,333,1,1,0,1027,1029,C
1-PB2,334,5,1,0,1006,1012,C
1-PB2,335,8,0,0,1004,1012,C
1-PB2,336,1010,0,0,0,1010,A
1-PB2,337,1018,0,0,0,1018,A
1-PB2,338,1016,0,0,1,1017,A
1-PB2,339,1016,0,1,0,1017,A
1-PB2,340,0,1,1027,1,1029,G
1-PB2,341,0,997,0,0,997,T
1-PB2,342,0,0,1010,0,1010,G
1-PB2,343,0,1009,1,0,1010,T
1-PB2,344,1009,1,0,0,1010,A
1-PB2,345,1,0,0,1006,1007,C
1-PB2,346,999,0,0,0,999,A
1-PB2,347,1005,0,0,0,1005,A
1-PB2,348,0,4,1008,0,1012,G
1-PB2,349,1005,0,0,0,1005,A
1-PB2,350,0,0,0,1006,1006,C
1-PB2,351,0,976,1,1,978,T
1-PB2,352,0,987,0,0,987,T
1-PB2,353,989,0,0,0,989,A
1-PB2,354,0,987,0,0,987,T
1-PB2,355,0,984,0,1,985,T
1-PB2,356,2,981,0,0,983,T
1-PB2,357,0,0,0,976,976,C
1-PB2,358,0,4,966,1,971,G
1-PB2,359,972,0,0,0,972,A
1-PB2,360,0,1,0,973,974,C
1-PB2,361,970,0,1,0,971,A
1-PB2,362,971,1,0,0,972,A
1-PB2,363,967,0,1,0,968,A
1-PB2,364,0,0,990,0,990,G
1-PB2,365,1,987,0,0,988,T
1-PB2,366,6,1,0,985,992,C
1-PB2,367,1,1,988,0,990,G
1-PB2,368,983,1,1,0,985,A
1-PB2,369,984,1,4,0,989,A
1-PB2,370,987,0,1,0,988,A
1-PB2,371,0,5,1006,0,1011,G
1-PB2,372,0,0,1013,1,1014,G
1-PB2,373,0,1003,0,1,1004,T
1-PB2,374,1,1002,0,0,1003,T
1-PB2,375,1002,0,0,0,1002,A
1-PB2,376,1000,0,1,1,1002,A
1-PB2,377,1001,0,1,0,1002,A
1-PB2,378,1007,0,2,0,1009,A
1-PB2,379,0,0,0,1019,1019,C
1-PB2,380,999,0,1,0,1000,A
1-PB2,381,0,993,0,0,993,T
1-PB2,382,0,7,986,1,994,G
1-PB2,383,0,6,993,0,999,G
1-PB2,384,999,2,0,0,1001,A
1-PB2,385,1002,0,2,0,1004,A
1-PB2,386,1,0,0,1021,1022,C
1-PB2,387,4,0,0,1025,1029,C
1-PB2,388,0,1016,0,1,1017,T
1-PB2,389,0,1018,0,0,1018,T
1-PB2,390,0,1018,0,0,1018,T
1-PB2,391,0,1,1016,0,1017,G
1-PB2,392,1,0,1020,0,1021,G
1-PB2,393,1,1,1,1015,1018,C
1-PB2,394,4,1,0,1004,1009,C
1-PB2,395,5,0,1,1005,1011,C
1-PB2,396,0,966,0,0,966,T
1-PB2,397,0,0,977,0,977,G
1-PB2,398,0,974,0,1,975,T
1-PB2,399,1,976,0,0,977,T
1-PB2,400,7,0,0,970,977,C
1-PB2,401,973,0,0,0,973,A
1-PB2,402,2,969,0,1,972,T
1-PB2,403,0,968,0,0,968,T
1-PB2,404,0,972,0,0,972,T
1-PB2,405,0,972,1,0,973,T
1-PB2,406,961,1,0,0,962,A
1-PB2,407,0,1,962,0,963,G
1-PB2,408,961,0,0,0,961,A
1-PB2,409,963,0,1,0,964,A
1-PB2,410,965,0,0,0,965,A
1-PB2,411,0,961,0,0,961,T
1-PB2,412,9,0,0,958,967,C
1-PB2,413,966,0,1,0,967,A
1-PB2,414,968,1,0,0,969,A
1-PB2,415,0,3,968,0,971,G
1-PB2,416,0,969,0,0,969,T
1-PB2,417,5,0,0,961,966,C
1-PB2,418,973,0,1,0,974,A
1-PB2,419,975,0,1,0,976,A
1-PB2,420,0,0,976,0,976,G
1-PB2,421,974,0,1,0,975,A
1-PB2,422,0,969,0,0,969,T
1-PB2,423,991,0,0,0,991,A
1-PB2,424,2,0,0,986,988,C
1-PB2,425,2,0,992,0,994,G
1-PB2,426,0,2,0,1002,1004,C
1-PB2,427,1001,0,1,0,1002,A
1-PB2,428,0,2,1016,0,1018,G
1-PB2,429,1016,0,1,0,1017,A
1-PB2,430,1022,0,1,0,1023,A
1-PB2,431,0,5,1038,0,1043,G
1-PB2,432,1026,0,1,0,1027,A
1-PB2,433,0,0,1028,0,1028,G
1-PB2,434,0,1026,2,1,1029,T
1-PB2,435,1019,0,2,0,1021,A
1-PB2,436,1,2,1033,0,1036,G
1-PB2,437,1043,0,1,0,1044,A
1-PB2,438,1,0,0,1074,1075,C
1-PB2,439,1064,0,0,0,1064,A
1-PB2,440,0,1044,0,1,1045,T
1-PB2,441,1049,0,0,1,1050,A
1-PB2,442,1049,0,0,0,1049,A
1-PB2,443,1058,1,0,0,1059,A
1-PB2,444,2,0,0,1062,1064,C
1-PB2,445,6,2,0,1040,1048,C
1-PB2,446,2,0,0,1036,1038,C
1-PB2,447,0,996,0,0,996,T
1-PB2,448,0,7,999,0,1006,G
1-PB2,449,0,1,1027,0,1028,G
1-PB2,450,0,1023,0,2,1025,T
1-PB2,451,14,0,0,1005,1019,C
1-PB2,452,1028,0,0,0,1028,A
1-PB2,453,0,1026,0,0,1026,T
1-PB2,454,0,0,1034,0,1034,G
1-PB2,455,1,2,0,1027,1030,C
1-PB2,456,1026,0,0,0,1026,A
1-PB2,457,1,6,1023,1,1031,G
1-PB2,458,1009,0,2,0,1011,A
1-PB2,459,2,1,0,1020,1023,C
1-PB2,460,10,0,0,1011,1021,C
1-PB2,461,0,1002,0,2,1004,T
1-PB2,462,2,1,0,1003,1006,C
1-PB2,463,1001,0,0,0,1001,A
1-PB2,464,0,0,1026,0,1026,G
1-PB2,465,0,1025,0,0,1025,T
1-PB2,466,1,2,1018,0,1021,G
1-PB2,467,0,1,0,1014,1015,C
1-PB2,468,3,0,0,1001,1004,C
1-PB2,469,997,0,2,1,1000,A
1-PB2,470,1001,1,0,0,1002,A
1-PB2,471,998,0,0,0,998,A
1-PB2,472,0,2,999,0,1001,G
1-PB2,473,978,0,0,0,978,A
1-PB2,474,0,8,965,1,974,G
1-PB2,475,0,1,976,0,977,G
1-PB2,476,0,0,0,970,970,C
1-PB2,477,972,2,1,1,976,A
1-PB2,478,0,0,1,976,977,C
1-PB2,479,975,0,1,0,976,A
1-PB2,480,991,0,0,1,992,A
1-PB2,481,0,1,999,0,1000,G
1-PB2,482,1016,0,2,0,1018,A
1-PB2,483,0,1004,0,0,1004,T
1-PB2,484,0,0,1002,0,1002,G
1-PB2,485,0,1003,1,0,1004,T
1-PB2,486,1005,0,0,0,1005,A
1-PB2,487,998,0,1,0,999,A
1-PB2,488,0,1004,0,0,1004,T
1-PB2,489,0,972,0,0,972,T
1-PB2,490,963,0,0,0,963,A
1-PB2,491,0,940,0,0,940,T
1-PB2,492,1,3,937,0,941,G
1-PB2,493,0,4,929,0,933,G
1-PB2,494,924,0,0,0,924,A
1-PB2,495,924,0,1,0,925,A
1-PB2,496,0,0,926,0,926,G
1-PB2,497,0,923,0,1,924,T
1-PB2,498,0,924,0,0,924,T
1-PB2,499,0,0,932,0,932,G
1-PB2,500,0,925,1,1,927,T
1-PB2,501,0,925,1,0,926,T
1-PB2,502,0,923,0,2,925,T
1-PB2,503,0,927,1,0,928,T
1-PB2,504,0,931,0,0,931,T
1-PB2,505,2,0,0,931,933,C
1-PB2,506,2,0,0,930,932,C
1-PB2,507,1,0,0,927,928,C
1-PB2,508,927,0,0,0,927,A
1-PB2,509,933,0,0,0,933,A
1-PB2,510,0,937,0,0,937,T
1-PB2,511,0,2,941,0,943,G
1-PB2,512,944,0,0,0,944,A
1-PB2,513,938,0,1,0,939,A
1-PB2,514,0,0,945,0,945,G
1-PB2,515,0,940,0,1,941,T
1-PB2,516,0,4,939,0,943,G
1-PB2,517,0,0,939,0,939,G
1-PB2,518,1,7,926,0,934,G
1-PB2,519,936,0,4,0,940,A
1-PB2,520,0,0,940,0,940,G
1-PB2,521,0,0,0,931,931,C
1-PB2,522,5,1,0,923,929,C
1-PB2,523,933,0,1,0,934,A
1-PB2,524,0,2,952,0,954,G
1-PB2,525,0,2,951,0,953,G
1-PB2,526,954,0,0,0,954,A
1-PB2,527,0,951,0,0,951,T
1-PB2,528,950,0,1,0,951,A
1-PB2,529,0,0,0,952,952,C
1-PB2,530,0,938,0,0,938,T
1-PB2,531,937,0,0,0,937,A
1-PB2,532,932,0,2,1,935,A
1-PB2,533,0,0,0,941,941,C
1-PB2,534,916,0,0,0,916,A
1-PB2,535,0,904,0,1,905,T
1-PB2,536,1,0,0,914,915,C
1-PB2,537,898,1,2,0,901,A
1-PB2,538,0,3,906,0,909,G
1-PB2,539,906,0,1,0,907,A
1-PB2,540,904,1,0,0,905,A
1-PB2,541,0,904,0,1,905,T
1-PB2,542,8,1,0,879,888,C
1-PB2,543,888,0,1,0,889,A
1-PB2,544,0,0,0,910,910,C
1-PB2,545,908,0,1,0,909,A
1-PB2,546,911,0,1,0,912,A
1-PB2,547,0,907,0,2,909,T
1-PB2,548,0,910,0,1,911,T
1-PB2,549,919,0,0,0,919,A
1-PB2,550,924,0,1,0,925,A
1-PB2,551,1,0,0,928,929,C
1-PB2,552,921,0,0,0,921,A
1-PB2,553,913,0,1,0,914,A
1-PB2,554,0,923,0,0,923,T
1-PB2,555,920,1,0,0,921,A
1-PB2,556,923,0,0,0,923,A
1-PB2,557,1,0,0,925,926,C
1-PB2,558,0,925,0,0,925,T
1-PB2,559,919,0,0,0,919,A
1-PB2,560,912,0,0,1,913,A
1-PB2,561,912,0,1,0,913,A
1-PB2,562,0,3,912,0,915,G
1-PB2,563,905,0,0,0,905,A
1-PB2,564,0,3,905,0,908,G
1-PB2,565,904,0,1,0,905,A
1-PB2,566,908,0,1,0,909,A
1-PB2,567,909,0,1,0,910,A
1-PB2,568,907,0,1,0,908,A
1-PB2,569,913,0,0,0,913,A
1-PB2,570,910,0,4,0,914,A
1-PB2,571,0,2,914,0,916,G
1-PB2,572,911,1,0,0,912,A
1-PB2,573,904,0,0,0,904,A
1-PB2,574,0,4,904,0,908,G
1-PB2,575,905,0,2,0,907,A
1-PB2,576,906,0,1,0,907,A
1-PB2,577,1,0,0,911,912,C
1-PB2,578,0,895,0,1,896,T
1-PB2,579,2,0,0,900,902,C
1-PB2,580,2,0,0,901,903,C
1-PB2,581,0,4,902,0,906,G
1-PB2,582,908,0,0,0,908,A
1-PB2,583,0,0,907,0,907,G
1-PB2,584,896,0,0,0,896,A
1-PB2,585,0,892,0,0,892,T
1-PB2,586,0,892,0,0,892,T
1-PB2,587,0,1,890,0,891,G
1-PB2,588,0,1,0,888,889,C
1-PB2,589,893,0,0,0,893,A
1-PB2,590,892,0,0,0,892,A
1-PB2,591,891,0,0,1,892,A
1-PB2,592,897,0,0,0,897,A
1-PB2,593,0,898,0,0,898,T
1-PB2,594,0,894,0,1,895,T
1-PB2,595,1,893,0,0,894,T
1-PB2,596,2,0,1,893,896,C
1-PB2,597,0,895,0,2,897,T
1-PB2,598,4,0,0,937,941,C
1-PB2,599,3,0,0,945,948,C
1-PB2,600,4,0,0,995,999,C
1-PB2,601,0,990,0,2,992,T
1-PB2,602,0,1006,0,1,1007,T
1-PB2,603,0,0,1011,0,1011,G
1-PB2,604,1011,0,1,0,1012,A
1-PB2,605,0,1032,0,0,1032,T
1-PB2,606,0,7,1038,0,1045,G
1-PB2,607,0,1,1109,0,1110,G
1-PB2,608,0,1119,0,1,1120,T
1-PB2,609,0,1114,0,0,1114,T
1-PB2,610,2,0,1171,0,1173,G
1-PB2,611,1,0,0,1182,1183,C
1-PB2,612,1211,1,0,0,1212,A
1-PB2,613,0,1213,0,1,1214,T
1-PB2,614,1219,0,1,1,1221,A
1-PB2,615,1,12,0,1251,1264,C
1-PB2,616,1349,0,1,3,1353,A
1-PB2,617,0,1382,1,0,1383,T
1-PB2,618,2,1,1442,0,1445,G
1-PB2,619,1,1435,1,1,1438,T
1-PB2,620,0,1437,0,0,1437,T
1-PB2,621,1427,1,1,0,1429,A
1-PB2,622,0,7,1429,0,1436,G
1-PB2,623,1442,0,4,0,1446,A
1-PB2,624,0,6,1447,1,1454,G
1-PB2,625,1380,0,0,0,1380,A
1-PB2,626,0,5,1385,0,1390,G
1-PB2,627,1363,0,1,0,1364,A
1-PB2,628,0,9,1369,0,1378,G
1-PB2,629,1382,0,2,1,1385,A
1-PB2,630,1385,0,2,0,1387,A
1-PB2,631,3,0,0,1392,1395,C
1-PB2,632,0,1387,0,0,1387,T
1-PB2,633,0,1385,0,0,1385,T
1-PB2,634,2,0,1387,0,1389,G
1-PB2,635,0,1387,0,1,1388,T
1-PB2,636,1389,0,0,0,1389,A
1-PB2,637,2,1,0,1382,1385,C
1-PB2,638,0,7,1378,0,1385,G
1-PB2,639,1391,0,0,0,1391,A
1-PB2,640,1385,0,1,0,1386,A
1-PB2,641,1397,0,1,0,1398,A
1-PB2,642,1395,0,0,1,1396,A
1-PB2,643,1398,0,1,0,1399,A
1-PB2,644,0,1,0,1401,1402,C
1-PB2,645,1402,0,0,0,1402,A
1-PB2,646,1405,0,1,0,1406,A
1-PB2,647,0,2,1414,0,1416,G
1-PB2,648,1416,0,1,0,1417,A
1-PB2,649,0,1414,0,2,1416,T
1-PB2,650,1,1411,0,2,1414,T
1-PB2,651,0,1417,0,0,1417,T
1-PB2,652,4,0,0,1412,1416,C
1-PB2,653,1,1424,0,2,1427,T
1-PB2,654,5,0,0,1424,1429,C
1-PB2,655,3,1,0,1419,1423,C
1-PB2,656,6,0,0,1424,1430,C
1-PB2,657,1435,0,1,0,1436,A
1-PB2,658,1,0,1446,0,1447,G
1-PB2,659,1,1448,0,1,1450,T
1-PB2,660,1,1441,0,0,1442,T
1-PB2,661,1,1,1442,0,1444,G
1-PB2,662,0,0,0,1444,1444,C
1-PB2,663,1,1441,0,0,1442,T
1-PB2,664,0,2,1444,0,1446,G
1-PB2,665,1,1,1439,0,1441,G
1-PB2,666,2,0,1,1442,1445,C
1-PB2,667,5,9,1428,1,1443,G
1-PB2,668,0,7,1448,0,1455,G
1-PB2,669,1458,0,3,1,1462,A
1-PB2,670,1463,0,0,0,1463,A
1-PB2,671,1,0,0,1464,1465,C
1-PB2,672,1473,0,1,0,1474,A
1-PB2,673,1472,0,0,0,1472,A
1-PB2,674,1,0,1528,0,1529,G
1-PB2,675,0,1,0,1560,1561,C
1-PB2,676,1570,0,0,0,1570,A
1-PB2,677,0,2,1881,0,1883,G
1-PB2,678,0,1874,0,1,1875,T
1-PB2,679,1886,0,1,0,1887,A
1-PB2,680,0,1881,1,0,1882,T
1-PB2,681,1899,1,0,0,1900,A
1-PB2,682,0,1897,1,2,1900,T
1-PB2,683,1857,0,0,0,1857,A
1-PB2,684,1,1,0,1875,1877,C
1-PB2,685,1788,0,1,0,1789,A
1-PB2,686,0,1671,1,0,1672,T
1-PB2,687,0,1608,0,0,1608,T
1-PB2,688,1,7,1607,0,1615,G
1-PB2,689,1607,0,1,0,1608,A
1-PB2,690,1610,0,1,0,1611,A
1-PB2,691,0,1,1636,0,1637,G
1-PB2,692,0,1612,0,2,1614,T
1-PB2,693,0,1606,1,0,1607,T
1-PB2,694,0,1611,1,1,1613,T
1-PB2,695,0,1613,0,2,1615,T
1-PB2,696,1641,0,0,0,1641,A
1-PB2,697,1,0,0,1646,1647,C
1-PB2,698,1651,0,0,0,1651,A
1-PB2,699,0,1646,0,0,1646,T
1-PB2,700,0,1634,0,1,1635,T
1-PB2,701,0,1638,0,1,1639,T
1-PB2,702,0,13,1647,0,1660,G
1-PB2,703,1662,0,3,0,1665,A
1-PB2,704,0,0,0,1674,1674,C
1-PB2,705,0,1654,0,1,1655,T
1-PB2,706,3,0,0,1655,1658,C
1-PB2,707,1651,1,2,0,1654,A
1-PB2,708,1,5,1638,0,1644,G
1-PB2,709,0,8,1682,0,1690,G
1-PB2,710,1,13,1684,0,1698,G
1-PB2,711,1704,0,0,0,1704,A
1-PB2,712,1701,0,1,0,1702,A
1-PB2,713,2,1,0,1699,1702,C
1-PB2,714,0,1,1711,0,1712,G
1-PB2,715,0,1709,0,0,1709,T
1-PB2,716,1,1,1717,1,1720,G
1-PB2,717,0,1704,0,0,1704,T
1-PB2,718,0,1700,0,0,1700,T
1-PB2,719,0,7,1698,0,1705,G
1-PB2,720,1,3,1700,1,1705,G
1-PB2,721,0,19,1700,0,1719,G
1-PB2,722,1710,0,0,0,1710,A
1-PB2,723,1707,0,1,0,1708,A
1-PB2,724,2,1,0,1760,1763,C
1-PB2,725,1755,0,0,0,1755,A
1-PB2,726,1803,1,0,0,1804,A
1-PB2,727,1826,1,1,0,1828,A
1-PB2,728,0,1837,0,0,1837,T
1-PB2,729,0,1,1871,0,1872,G
1-PB2,730,1,1862,1,2,1866,T
1-PB2,731,1864,0,1,0,1865,A
1-PB2,732,4,1,0,1873,1878,C
1-PB2,733,1852,0,1,0,1853,A
1-PB2,734,0,0,0,1848,1848,C
1-PB2,735,0,1800,0,2,1802,T
1-PB2,736,9,0,0,1937,1946,C
1-PB2,737,4,0,0,1946,1950,C
1-PB2,738,1976,0,0,0,1976,A
1-PB2,739,0,9,1984,0,1993,G
1-PB2,740,0,2,2026,0,2028,G
1-PB2,741,0,2021,0,0,2021,T
1-PB2,742,3,7,2015,1,2026,G
1-PB2,743,0,10,1968,0,1978,G
1-PB2,744,1958,2,4,0,1964,A
1-PB2,745,0,4,1964,0,1968,G
1-PB2,746,0,11,1964,0,1975,G
1-PB2,747,1952,0,2,0,1954,A
1-PB2,748,0,0,1968,0,1968,G
1-PB2,749,1,1923,0,2,1926,T
1-PB2,750,0,8,1925,0,1933,G
1-PB2,751,1930,0,2,0,1932,A
1-PB2,752,0,4,1930,0,1934,G
1-PB2,753,1,3,1940,1,1945,G
1-PB2,754,1923,1,0,0,1924,A
1-PB2,755,1917,0,8,1,1926,A
1-PB2,756,0,1933,0,1,1934,T
1-PB2,757,2,7,1925,0,1934,G
1-PB2,758,1932,0,2,0,1934,A
1-PB2,759,0,0,0,1922,1922,C
1-PB2,760,2,6,1908,0,1916,G
1-PB2,761,1939,1,0,0,1940,A
1-PB2,762,0,1924,0,0,1924,T
1-PB2,763,0,5,1924,0,1929,G
1-PB2,764,1,1927,0,1,1929,T
1-PB2,765,0,1913,0,0,1913,T
1-PB2,766,0,16,1911,0,1927,G
1-PB2,767,1934,0,3,0,1937,A
1-PB2,768,0,0,0,1935,1935,C
1-PB2,769,12,1,1,1917,1931,C
1-PB2,770,1909,0,0,0,1909,A
1-PB2,771,1916,0,2,0,1918,A
1-PB2,772,1910,0,1,0,1911,A
1-PB2,773,1,0,1941,0,1942,G
1-PB2,774,1,1,0,1941,1943,C
1-PB2,775,7,0,0,1936,1943,C
1-PB2,776,0,1942,0,2,1944,T
1-PB2,777,1946,0,1,0,1947,A
1-PB2,778,1943,1,1,0,1945,A
1-PB2,779,0,1959,0,1,1960,T
1-PB2,780,2,1946,0,0,1948,T
1-PB2,781,1919,1,1,0,1921,A
1-PB2,782,0,1872,0,1,1873,T
1-PB2,783,0,1860,0,0,1860,T
1-PB2,784,0,0,1850,0,1850,G
1-PB2,785,0,3,0,1840,1843,C
1-PB2,786,1,6,1839,0,1846,G
1-PB2,787,0,3,1868,0,1871,G
1-PB2,788,0,0,0,1867,1867,C
1-PB2,789,2,1,0,1876,1879,C
1-PB2,790,1873,0,2,0,1875,A
1-PB2,791,0,3,1892,0,1895,G
1-PB2,792,1,11,1896,0,1908,G
1-PB2,793,1910,0,0,0,1910,A
1-PB2,794,1914,0,0,0,1914,A
1-PB2,795,1,0,0,1923,1924,C
1-PB2,796,1896,2,1,0,1899,A
1-PB2,797,0,1923,0,2,1925,T
1-PB2,798,1943,0,2,0,1945,A
1-PB2,799,0,0,1975,0,1975,G
1-PB2,800,0,1951,0,1,1952,T
1-PB2,801,1923,0,0,0,1923,A
1-PB2,802,1922,0,1,0,1923,A
1-PB2,803,2,6,1913,0,1921,G
1-PB2,804,1912,0,0,0,1912,A
1-PB2,805,1883,1,1,0,1885,A
1-PB2,806,0,5,1879,0,1884,G
1-PB2,807,1827,0,4,0,1831,A
1-PB2,808,0,3,1819,0,1822,G
1-PB2,809,1,0,0,1819,1820,C
1-PB2,810,7,1,0,1812,1820,C
1-PB2,811,0,0,1819,0,1819,G
1-PB2,812,0,0,0,1818,1818,C
1-PB2,813,1820,0,1,0,1821,A
1-PB2,814,1,0,1939,0,1940,G
1-PB2,815,0,1930,0,0,1930,T
1-PB2,816,1926,0,0,0,1926,A
1-PB2,817,2,1918,0,1,1921,T
1-PB2,818,6,1,1,1920,1928,C
1-PB2,819,1918,0,0,0,1918,A
1-PB2,820,0,0,1927,0,1927,G
1-PB2,821,2,0,0,1925,1927,C
1-PB2,822,1839,1,0,0,1840,A
1-PB2,823,0,5,1830,0,1835,G
1-PB2,824,1845,0,1,0,1846,A
1-PB2,825,0,1839,0,1,1840,T
1-PB2,826,6,0,0,1841,1847,C
1-PB2,827,6,1,0,1842,1849,C
1-PB2,828,1852,0,3,1,1856,A
1-PB2,829,3,0,0,1853,1856,C
1-PB2,830,0,1854,0,0,1854,T
1-PB2,831,1855,1,0,0,1856,A
1-PB2,832,0,0,1851,0,1851,G
1-PB2,833,3,1,0,1834,1838,C
1-PB2,834,1835,0,1,0,1836,A
1-PB2,835,0,1838,0,1,1839,T
1-PB2,836,2,1,0,1875,1878,C
1-PB2,837,0,1874,0,0,1874,T
1-PB2,838,0,1902,0,1,1903,T
1-PB2,839,0,1906,0,0,1906,T
1-PB2,840,1903,0,0,0,1903,A
1-PB2,841,0,1902,1,0,1903,T
1-PB2,842,0,1889,1,2,1892,T
1-PB2,843,1,4,1887,0,1892,G
1-PB2,844,0,6,1883,0,1889,G
1-PB2,845,1860,0,0,0,1860,A
1-PB2,846,0,3,1860,0,1863,G
1-PB2,847,1838,0,0,0,1838,A
1-PB2,848,0,1826,0,0,1826,T
1-PB2,849,0,0,1856,0,1856,G
1-PB2,850,0,1849,0,3,1852,T
1-PB2,851,3,2,1840,0,1845,G
1-PB2,852,1,1,0,1849,1851,C
1-PB2,853,5,1,0,1836,1842,C
1-PB2,854,1838,0,0,0,1838,A
1-PB2,855,0,0,0,1838,1838,C
1-PB2,856,1820,1,1,0,1822,A
1-PB2,857,0,2,1838,0,1840,G
1-PB2,858,1,0,0,1792,1793,C
1-PB2,859,1782,1,2,0,1785,A
1-PB2,860,1,1,0,1785,1787,C
1-PB2,861,1782,0,1,0,1783,A
1-PB2,862,0,0,0,1797,1797,C
1-PB2,863,1787,0,0,0,1787,A
1-PB2,864,1789,0,3,0,1792,A
1-PB2,865,1787,0,1,0,1788,A
1-PB2,866,0,1746,1,0,1747,T
1-PB2,867,0,1740,0,1,1741,T
1-PB2,868,2,6,1724,0,1732,G
1-PB2,869,1,2,1726,0,1729,G
1-PB2,870,1,3,0,1729,1733,C
1-PB2,871,0,8,1708,0,1716,G
1-PB2,872,0,5,1744,0,1749,G
1-PB2,873,0,7,1744,0,1751,G
1-PB2,874,1742,1,1,0,1744,A
1-PB2,875,1,0,1,1746,1748,C
1-PB2,876,1743,1,0,1,1745,A
1-PB2,877,1748,0,1,1,1750,A
1-PB2,878,1,5,1751,0,1757,G
1-PB2,879,1,5,1753,0,1759,G
1-PB2,880,1762,1,0,0,1763,A
1-PB2,881,0,1683,1,0,1684,T
1-PB2,882,2,7,1657,1,1667,G
1-PB2,883,1,2,1670,0,1673,G
1-PB2,884,0,1658,0,1,1659,T
1-PB2,885,1,5,1652,0,1658,G
1-PB2,886,0,4,1641,0,1645,G
1-PB2,887,1616,0,6,0,1622,A
1-PB2,888,1,1,0,1615,1617,C
1-PB2,889,1584,0,0,0,1584,A
1-PB2,890,0,1743,0,0,1743,T
1-PB2,891,1,1725,0,1,1727,T
1-PB2,892,8,0,0,1723,1731,C
1-PB2,893,0,1706,0,4,1710,T
1-PB2,894,0,1708,0,0,1708,T
1-PB2,895,1713,0,1,0,1714,A
1-PB2,896,19,5,1696,0,1720,G
1-PB2,897,1710,0,1,0,1711,A
1-PB2,898,0,2,0,1707,1709,C
1-PB2,899,1349,0,1,0,1350,A
1-PB2,900,0,3,1360,0,1363,G
1-PB2,901,1348,0,1,0,1349,A
1-PB2,902,1351,0,1,0,1352,A
1-PB2,903,4,0,0,1339,1343,C
1-PB2,904,8,2,0,1340,1350,C
1-PB2,905,5,1,1,1344,1351,C
1-PB2,906,1,7,1338,0,1346,G
1-PB2,907,1352,0,0,0,1352,A
1-PB2,908,3,1,0,1347,1351,C
1-PB2,909,0,1339,0,0,1339,T
1-PB2,910,0,3,1355,0,1358,G
1-PB2,911,1351,0,1,0,1352,A
1-PB2,912,1356,0,1,0,1357,A
1-PB2,913,0,8,1356,0,1364,G
1-PB2,914,1363,1,0,0,1364,A
1-PB2,915,1361,0,0,0,1361,A
1-PB2,916,1,0,0,1359,1360,C
1-PB2,917,1356,1,3,1,1361,A
1-PB2,918,1365,1,1,0,1367,A
1-PB2,919,0,0,1375,0,1375,G
1-PB2,920,0,1,0,1378,1379,C
1-PB2,921,0,1367,2,0,1369,T
1-PB2,922,1,1,1383,0,1385,G
1-PB2,923,0,1374,0,2,1376,T
1-PB2,924,1,2,1404,1,1408,G
1-PB2,925,0,2,1461,0,1463,G
1-PB2,926,1466,0,1,0,1467,A
1-PB2,927,0,1457,0,0,1457,T
1-PB2,928,1445,2,0,0,1447,A
1-PB2,929,0,1435,0,0,1435,T
1-PB2,930,1465,0,2,0,1467,A
1-PB2,931,0,1447,0,0,1447,T
1-PB2,932,0,1,1439,0,1440,G
1-PB2,933,1,0,0,1423,1424,C
1-PB2,934,1372,0,2,0,1374,A
1-PB2,935,1371,2,0,0,1373,A
1-PB2,936,0,3,1370,0,1373,G
1-PB2,937,1,0,1373,0,1374,G
1-PB2,938,1,0,0,1373,1374,C
1-PB2,939,0,1350,0,0,1350,T
1-PB2,940,1,1,1358,0,1360,G
1-PB2,941,1,0,0,1359,1360,C
1-PB2,942,1360,0,1,0,1361,A
1-PB2,943,1361,0,1,0,1362,A
1-PB2,944,0,1353,0,0,1353,T
1-PB2,945,0,4,1354,0,1358,G
1-PB2,946,0,2,1334,1,1337,G
1-PB2,947,1,5,1333,0,1339,G
1-PB2,948,1346,0,1,0,1347,A
1-PB2,949,2,1332,0,1,1335,T
1-PB2,950,0,1325,0,0,1325,T
1-PB2,951,0,4,1328,1,1333,G
1-PB2,952,1329,0,4,0,1333,A
1-PB2,953,0,5,1341,0,1346,G
1-PB2,954,1329,0,1,0,1330,A
1-PB2,955,1324,0,0,0,1324,A
1-PB2,956,1,1316,0,1,1318,T
1-PB2,957,5,0,0,1320,1325,C
1-PB2,958,1325,1,0,0,1326,A
1-PB2,959,2,0,1327,0,1329,G
1-PB2,960,0,0,0,1329,1329,C
1-PB2,961,0,1318,0,1,1319,T
1-PB2,962,8,0,0,1312,1320,C
1-PB2,963,1317,0,0,0,1317,A
1-PB2,964,0,1354,0,0,1354,T
1-PB2,965,3,1,0,1354,1358,C
1-PB2,966,4,1,1,1357,1363,C
1-PB2,967,0,1346,0,6,1352,T
1-PB2,968,1,1344,0,0,1345,T
1-PB2,969,3,0,0,1346,1349,C
1-PB2,970,1345,0,2,0,1347,A
1-PB2,971,0,1,1366,0,1367,G
1-PB2,972,0,0,0,1361,1361,C
1-PB2,973,0,1334,0,5,1339,T
1-PB2,974,0,1335,0,0,1335,T
1-PB2,975,0,1326,0,0,1326,T
1-PB2,976,0,8,1317,0,1325,G
1-PB2,977,0,1,1329,0,1330,G
1-PB2,978,0,1328,0,1,1329,T
1-PB2,979,0,4,1325,0,1329,G
1-PB2,980,0,9,1330,0,1339,G
1-PB2,981,0,1,1359,0,1360,G
1-PB2,982,0,1353,0,2,1355,T
1-PB2,983,0,1348,1,0,1349,T
1-PB2,984,0,1352,0,0,1352,T
1-PB2,985,1350,1,2,0,1353,A
1-PB2,986,0,0,0,1357,1357,C
1-PB2,987,1354,0,0,0,1354,A
1-PB2,988,0,1350,0,0,1350,T
1-PB2,989,0,1324,0,1,1325,T
1-PB2,990,0,1324,0,0,1324,T
1-PB2,991,1324,0,1,0,1325,A
1-PB2,992,1326,0,1,0,1327,A
1-PB2,993,1326,0,0,0,1326,A
1-PB2,994,1321,0,0,0,1321,A
1-PB2,995,0,8,1322,0,1330,G
1-PB2,996,1320,0,3,0,1323,A
1-PB2,997,1320,0,3,0,1323,A
1-PB2,998,3,0,0,1322,1325,C
1-PB2,999,1320,0,1,0,1321,A
1-PB2,1000,1317,0,1,0,1318,A
1-PB2,1001,0,1,1325,0,1326,G
1-PB2,1002,3,1,0,1322,1326,C
1-PB2,1003,1,4,1318,0,1323,G
1-PB2,1004,0,2,1321,0,1323,G
1-PB2,1005,2,2,1324,0,1328,G
1-PB2,1006,0,1326,0,1,1327,T
1-PB2,1007,13,0,0,1310,1323,C
1-PB2,1008,1315,2,3,0,1320,A
1-PB2,1009,0,1316,0,3,1319,T
1-PB2,1010,4,0,0,1314,1318,C
1-PB2,1011,1310,0,1,0,1311,A
1-PB2,1012,0,1,1320,0,1321,G
1-PB2,1013,0,1305,0,1,1306,T
1-PB2,1014,13,0,0,1297,1310,C
1-PB2,1015,1310,0,0,0,1310,A
1-PB2,1016,1311,1,0,0,1312,A
1-PB2,1017,1310,1,0,0,1311,A
1-PB2,1018,1306,0,0,0,1306,A
1-PB2,1019,1318,0,0,0,1318,A
1-PB2,1020,1317,0,2,0,1319,A
1-PB2,1021,1,2,1323,0,1326,G
1-PB2,1022,1326,0,0,0,1326,A
1-PB2,1023,1320,1,2,0,1323,A
1-PB2,1024,0,6,1314,0,1320,G
1-PB2,1025,1315,0,0,0,1315,A
1-PB2,1026,1280,0,2,0,1282,A
1-PB2,1027,0,1,1283,0,1284,G
1-PB2,1028,1283,0,0,0,1283,A
1-PB2,1029,1,2,1280,0,1283,G
1-PB2,1030,0,0,1318,0,1318,G
1-PB2,1031,0,1317,0,1,1318,T
1-PB2,1032,1,1,1341,0,1343,G
1-PB2,1033,0,0,0,1353,1353,C
1-PB2,1034,0,1343,0,3,1346,T
1-PB2,1035,0,1352,0,1,1353,T
1-PB2,1036,1351,0,2,0,1353,A
1-PB2,1037,3,0,0,1351,1354,C
1-PB2,1038,1341,0,1,0,1342,A
1-PB2,1039,3,6,1340,0,1349,G
1-PB2,1040,0,0,1343,0,1343,G
1-PB2,1041,0,2,0,1325,1327,C
1-PB2,1042,1313,0,1,1,1315,A
1-PB2,1043,1326,0,0,0,1326,A
1-PB2,1044,0,1347,0,1,1348,T
1-PB2,1045,8,0,0,1357,1365,C
1-PB2,1046,0,1364,0,0,1364,T
1-PB2,1047,7,0,0,1354,1361,C
1-PB2,1048,3,0,0,1360,1363,C
1-PB2,1049,1356,0,3,0,1359,A
1-PB2,1050,1356,0,0,0,1356,A
1-PB2,1051,1359,1,0,0,1360,A
1-PB2,1052,2,0,0,1367,1369,C
1-PB2,1053,1327,0,0,0,1327,A
1-PB2,1054,0,1317,0,0,1317,T
1-PB2,1055,0,1311,1,0,1312,T
1-PB2,1056,1,2,1326,0,1329,G
1-PB2,1057,1329,0,0,0,1329,A
1-PB2,1058,1347,0,0,0,1347,A
1-PB2,1059,1348,0,0,0,1348,A
1-PB2,1060,1340,0,2,0,1342,A
1-PB2,1061,0,1351,1,0,1352,T
1-PB2,1062,1350,0,0,0,1350,A
1-PB2,1063,1346,0,4,0,1350,A
1-PB2,1064,0,3,1382,0,1385,G
1-PB2,1065,1357,0,3,0,1360,A
1-PB2,1066,0,0,1417,0,1417,G
1-PB2,1067,0,1401,0,1,1402,T
1-PB2,1068,1410,0,0,0,1410,A
1-PB2,1069,3,0,0,1451,1454,C
1-PB2,1070,1441,0,0,0,1441,A
1-PB2,1071,0,1443,0,0,1443,T
1-PB2,1072,1,4,1434,0,1439,G
1-PB2,1073,1405,0,2,0,1407,A
1-PB2,1074,1,6,1412,0,1419,G
1-PB2,1075,0,2,1399,0,1401,G
1-PB2,1076,0,7,1456,0,1463,G
1-PB2,1077,0,0,1462,1,1463,G
1-PB2,1078,0,1443,0,2,1445,T
1-PB2,1079,1447,0,0,0,1447,A
1-PB2,1080,0,1439,0,0,1439,T
1-PB2,1081,0,2,1442,0,1444,G
1-PB2,1082,1431,1,3,1,1436,A
1-PB2,1083,0,4,1436,1,1441,G
1-PB2,1084,0,8,1427,0,1435,G
1-PB2,1085,1327,0,1,0,1328,A
1-PB2,1086,0,2,1362,0,1364,G
1-PB2,1087,1,1358,0,1,1360,T
1-PB2,1088,0,1399,0,1,1400,T
1-PB2,1089,12,1,0,1393,1406,C
1-PB2,1090,1395,1,1,0,1397,A
1-PB2,1091,0,0,0,1398,1398,C
1-PB2,1092,1385,0,0,0,1385,A
1-PB2,1093,1398,0,2,0,1400,A
1-PB2,1094,0,1395,0,0,1395,T
1-PB2,1095,1,5,1348,0,1354,G
1-PB2,1096,2,1,1364,0,1367,G
1-PB2,1097,0,1322,0,2,1324,T
1-PB2,1098,1,4,1325,0,1330,G
1-PB2,1099,1,6,1325,1,1333,G
1-PB2,1100,2,6,1319,0,1327,G
1-PB2,1101,0,8,1338,0,1346,G
1-PB2,1102,1334,1,0,0,1335,A
1-PB2,1103,1334,0,0,0,1334,A
1-PB2,1104,1336,0,0,0,1336,A
1-PB2,1105,1314,0,3,0,1317,A
1-PB2,1106,1,6,1319,0,1326,G
1-PB2,1107,1309,0,1,0,1310,A
1-PB2,1108,1,1,1316,0,1318,G
1-PB2,1109,1,0,0,1312,1313,C
1-PB2,1110,1306,0,0,0,1306,A
1-PB2,1111,1305,0,2,0,1307,A
1-PB2,1112,2,1,0,1346,1349,C
1-PB2,1113,1346,0,1,0,1347,A
1-PB2,1114,0,0,1374,0,1374,G
1-PB2,1115,0,0,0,1360,1360,C
1-PB2,1116,0,1356,0,1,1357,T
1-PB2,1117,1403,0,0,0,1403,A
1-PB2,1118,0,1403,0,0,1403,T
1-PB2,1119,1407,0,0,1,1408,A
1-PB2,1120,2,1,1,1401,1405,C
1-PB2,1121,0,1329,0,1,1330,T
1-PB2,1122,1336,0,2,0,1338,A
1-PB2,1123,1300,0,1,1,1302,A
1-PB2,1124,1,2,1304,0,1307,G
1-PB2,1125,1305,0,0,0,1305,A
1-PB2,1126,1271,1,0,0,1272,A
1-PB2,1127,1268,0,0,0,1268,A
1-PB2,1128,1258,0,2,0,1260,A
1-PB2,1129,2,0,1269,0,1271,G
1-PB2,1130,1,1,0,1264,1266,C
1-PB2,1131,1264,0,2,0,1266,A
1-PB2,1132,1267,0,2,0,1269,A
1-PB2,1133,2,0,0,1272,1274,C
1-PB2,1134,7,1,0,1266,1274,C
1-PB2,1135,1274,1,1,0,1276,A
1-PB2,1136,0,1,1278,0,1279,G
1-PB2,1137,1278,0,1,0,1279,A
1-PB2,1138,1275,0,1,0,1276,A
1-PB2,1139,0,2,1296,0,1298,G
1-PB2,1140,1294,0,2,0,1296,A
1-PB2,1141,0,1290,0,0,1290,T
1-PB2,1142,0,1275,0,1,1276,T
1-PB2,1143,0,3,1280,0,1283,G
1-PB2,1144,0,0,1307,0,1307,G
1-PB2,1145,0,1296,0,1,1297,T
1-PB2,1146,0,1292,0,2,1294,T
1-PB2,1147,7,0,0,1291,1298,C
1-PB2,1148,1304,0,1,0,1305,A
1-PB2,1149,0,1,1344,0,1345,G
1-PB2,1150,1,1,0,1348,1350,C
1-PB2,1151,0,1350,0,2,1352,T
1-PB2,1152,7,0,0,1348,1355,C
1-PB2,1153,1333,1,5,0,1339,A
1-PB2,1154,0,1339,0,2,1341,T
1-PB2,1155,1341,0,2,0,1343,A
1-PB2,1156,0,1,1346,0,1347,G
1-PB2,1157,0,1271,0,0,1271,T
1-PB2,1158,0,12,1263,0,1275,G
1-PB2,1159,1239,1,1,0,1241,A
1-PB2,1160,0,1,1251,0,1252,G
1-PB2,1161,0,1243,0,1,1244,T
1-PB2,1162,1,5,1230,0,1236,G
1-PB2,1163,0,9,1236,0,1245,G
1-PB2,1164,1248,0,1,0,1249,A
1-PB2,1165,1230,0,7,0,1237,A
1-PB2,1166,1,5,1244,0,1250,G
1-PB2,1167,1218,0,2,0,1220,A
1-PB2,1168,2,4,1222,0,1228,G
1-PB2,1169,1220,0,0,0,1220,A
1-PB2,1170,0,0,0,1223,1223,C
1-PB2,1171,0,7,1219,0,1226,G
1-PB2,1172,1216,0,0,0,1216,A
1-PB2,1173,1226,0,1,0,1227,A
1-PB2,1174,1,0,0,1222,1223,C
1-PB2,1175,1214,0,2,0,1216,A
1-PB2,1176,0,0,1287,0,1287,G
1-PB2,1177,0,1276,0,1,1277,T
1-PB2,1178,6,0,0,1273,1279,C
1-PB2,1179,1280,0,0,0,1280,A
1-PB2,1180,1283,0,0,0,1283,A
1-PB2,1181,0,1282,0,1,1283,T
1-PB2,1182,1277,0,0,0,1277,A
1-PB2,1183,1,0,1278,0,1279,G
1-PB2,1184,1,0,1,1276,1278,C
1-PB2,1185,7,1,0,1232,1240,C
1-PB2,1186,0,2,1242,0,1244,G
1-PB2,1187,1241,1,0,1,1243,A
1-PB2,1188,1249,0,1,0,1250,A
1-PB2,1189,8,1,1258,0,1267,G
1-PB2,1190,2,2,0,1273,1277,C
1-PB2,1191,1284,0,0,0,1284,A
1-PB2,1192,1285,0,0,0,1285,A
1-PB2,1193,0,1282,0,2,1284,T
1-PB2,1194,1290,0,1,0,1291,A
1-PB2,1195,1302,0,1,0,1303,A
1-PB2,1196,0,1300,1,0,1301,T
1-PB2,1197,8,0,0,1283,1291,C
1-PB2,1198,4,0,1280,0,1284,G
1-PB2,1199,0,1252,0,0,1252,T
1-PB2,1200,2,6,1245,0,1253,G
1-PB2,1201,0,0,1270,0,1270,G
1-PB2,1202,2,1,0,1265,1268,C
1-PB2,1203,4,0,0,1257,1261,C
1-PB2,1204,1257,0,0,0,1257,A
1-PB2,1205,0,1252,0,1,1253,T
1-PB2,1206,0,2,1256,0,1258,G
1-PB2,1207,0,1,1273,0,1274,G
1-PB2,1208,0,1270,0,0,1270,T
1-PB2,1209,3,2,1278,0,1283,G
1-PB2,1210,1,1260,0,1,1262,T
1-PB2,1211,0,1276,0,0,1276,T
1-PB2,1212,0,1275,0,0,1275,T
1-PB2,1213,0,1291,0,2,1293,T
1-PB2,1214,4,0,0,1310,1314,C
1-PB2,1215,1312,0,0,0,1312,A
1-PB2,1216,0,0,1,1398,1399,C
1-PB2,1217,1376,0,1,1,1378,A
1-PB2,1218,1405,1,1,0,1407,A
1-PB2,1219,0,5,1411,0,1416,G
1-PB2,1220,1419,0,0,0,1419,A
1-PB2,1221,79,4,1352,0,1435,G
1-PB2,1222,0,4,1454,0,1458,G
1-PB2,1223,1446,0,2,0,1448,A
1-PB2,1224,0,1454,0,0,1454,T
1-PB2,1225,0,1438,0,0,1438,T
1-PB2,1226,1,0,1437,0,1438,G
1-PB2,1227,1,2,0,1406,1409,C
1-PB2,1228,1428,0,1,0,1429,A
1-PB2,1229,0,1442,0,2,1444,T
1-PB2,1230,0,3,1512,0,1515,G
1-PB2,1231,1529,0,0,0,1529,A
1-PB2,1232,0,1533,0,1,1534,T
1-PB2,1233,1527,0,0,0,1527,A
1-PB2,1234,1529,0,2,0,1531,A
1-PB2,1235,1521,1,1,0,1523,A
1-PB2,1236,1532,0,0,0,1532,A
1-PB2,1237,0,0,1539,0,1539,G
1-PB2,1238,1,0,0,1575,1576,C
1-PB2,1239,1594,0,1,0,1595,A
1-PB2,1240,0,0,1636,0,1636,G
1-PB2,1241,0,1633,0,0,1633,T
1-PB2,1242,0,1634,0,1,1635,T
1-PB2,1243,1631,0,0,0,1631,A
1-PB2,1244,0,4,1646,0,1650,G
1-PB2,1245,1636,0,5,0,1641,A
1-PB2,1246,0,4,1634,0,1638,G
1-PB2,1247,1,0,1634,0,1635,G
1-PB2,1248,2,1572,0,1,1575,T
1-PB2,1249,0,15,1570,0,1585,G
1-PB2,1250,1586,0,1,0,1587,A
1-PB2,1251,2,1,0,1595,1598,C
1-PB2,1252,2,1,0,1597,1600,C
1-PB2,1253,1,1569,0,0,1570,T
1-PB2,1254,0,3,1577,0,1580,G
1-PB2,1255,1577,0,0,0,1577,A
1-PB2,1256,1578,0,0,0,1578,A
1-PB2,1257,0,1576,1,0,1577,T
1-PB2,1258,0,1603,0,0,1603,T
1-PB2,1259,0,1606,0,0,1606,T
1-PB2,1260,5,1,0,1594,1600,C
1-PB2,1261,1,0,1601,0,1602,G
1-PB2,1262,0,1602,0,1,1603,T
1-PB2,1263,3,1,0,1601,1605,C
1-PB2,1264,1603,0,1,0,1604,A
1-PB2,1265,1604,1,1,0,1606,A
1-PB2,1266,0,0,0,1607,1607,C
1-PB2,1267,1584,1,0,0,1585,A
1-PB2,1268,0,8,1599,0,1607,G
1-PB2,1269,1596,0,4,0,1600,A
1-PB2,1270,1,1,1601,1,1604,G
1-PB2,1271,0,1,0,1602,1603,C
1-PB2,1272,1601,0,0,0,1601,A
1-PB2,1273,1610,0,0,0,1610,A
1-PB2,1274,1606,1,1,0,1608,A
1-PB2,1275,1,1607,0,0,1608,T
1-PB2,1276,7,0,1,1605,1613,C
1-PB2,1277,1596,0,0,0,1596,A
1-PB2,1278,1,0,1601,0,1602,G
1-PB2,1279,0,1,1,1603,1605,C
1-PB2,1280,0,9,1603,1,1613,G
1-PB2,1281,1,3,1690,0,1694,G
1-PB2,1282,0,1677,1,1,1679,T
1-PB2,1283,0,1679,0,1,1680,T
1-PB2,1284,1,12,1674,0,1687,G
1-PB2,1285,1690,0,1,1,1692,A
1-PB2,1286,1705,0,2,0,1707,A
1-PB2,1287,2,1,0,1712,1715,C
1-PB2,1288,4,0,0,1700,1704,C
1-PB2,1289,5,2,0,1717,1724,C
1-PB2,1290,7,0,0,1662,1669,C
1-PB2,1291,1673,0,0,0,1673,A
1-PB2,1292,0,1683,0,1,1684,T
1-PB2,1293,3,2,1689,1,1695,G
1-PB2,1294,1,3,0,1695,1699,C
1-PB2,1295,1695,0,0,0,1695,A
1-PB2,1296,1,1682,0,2,1685,T
1-PB2,1297,4,0,1,1677,1682,C
1-PB2,1298,1672,0,0,0,1672,A
1-PB2,1299,0,1,1703,0,1704,G
1-PB2,1300,0,1,0,1705,1706,C
1-PB2,1301,0,1687,1,4,1692,T
1-PB2,1302,0,1693,1,0,1694,T
1-PB2,1303,0,1689,0,0,1689,T
1-PB2,1304,0,1694,0,0,1694,T
1-PB2,1305,1692,0,0,0,1692,A
1-PB2,1306,1688,0,3,0,1691,A
1-PB2,1307,0,5,1691,0,1696,G
1-PB2,1308,0,2,1681,0,1683,G
1-PB2,1309,2,0,0,1668,1670,C
1-PB2,1310,1663,0,1,0,1664,A
1-PB2,1311,1,1668,0,0,1669,T
1-PB2,1312,0,1671,0,0,1671,T
1-PB2,1313,0,1669,0,0,1669,T
1-PB2,1314,0,1670,0,2,1672,T
1-PB2,1315,5,0,0,1673,1678,C
1-PB2,1316,1670,0,1,0,1671,A
1-PB2,1317,1,0,1675,0,1676,G
1-PB2,1318,1672,0,2,0,1674,A
1-PB2,1319,1671,0,1,0,1672,A
1-PB2,1320,1666,0,1,0,1667,A
1-PB2,1321,0,2,1675,0,1677,G
1-PB2,1322,1697,0,1,0,1698,A
1-PB2,1323,0,1689,0,0,1689,T
1-PB2,1324,0,0,1689,0,1689,G
1-PB2,1325,1,5,0,1687,1693,C
1-PB2,1326,2,7,1686,0,1695,G
1-PB2,1327,1689,1,2,1,1693,A
1-PB2,1328,1691,1,1,1,1694,A
1-PB2,1329,1689,0,2,0,1691,A
1-PB2,1330,0,2,1694,0,1696,G
1-PB2,1331,0,1682,0,2,1684,T
1-PB2,1332,1,2,1684,0,1687,G
1-PB2,1333,0,0,0,1687,1687,C
1-PB2,1334,0,1677,0,1,1678,T
1-PB2,1335,0,1678,0,2,1680,T
1-PB2,1336,0,1681,0,0,1681,T
1-PB2,1337,0,1679,0,0,1679,T
1-PB2,1338,0,1678,0,3,1681,T
1-PB2,1339,8,0,0,1674,1682,C
1-PB2,1340,1678,0,0,0,1678,A
1-PB2,1341,1683,1,1,0,1685,A
1-PB2,1342,1680,0,1,0,1681,A
1-PB2,1343,1691,0,0,0,1691,A
1-PB2,1344,1,1694,0,0,1695,T
1-PB2,1345,0,1690,0,0,1690,T
1-PB2,1346,2,4,1686,0,1692,G
1-PB2,1347,1,10,1682,1,1694,G
1-PB2,1348,0,3,1690,1,1694,G
1-PB2,1349,0,6,1701,0,1707,G
1-PB2,1350,1693,0,1,1,1695,A
1-PB2,1351,0,0,1737,0,1737,G
1-PB2,1352,0,1734,0,0,1734,T
1-PB2,1353,0,1732,0,1,1733,T
1-PB2,1354,0,9,1730,0,1739,G
1-PB2,1355,1736,0,1,0,1737,A
1-PB2,1356,1735,1,5,0,1741,A
1-PB2,1357,2,2,0,1774,1778,C
1-PB2,1358,1762,0,1,0,1763,A
1-PB2,1359,0,0,0,1805,1805,C
1-PB2,1360,1768,0,0,0,1768,A
1-PB2,1361,0,1771,0,2,1773,T
1-PB2,1362,6,1,1,1772,1780,C
1-PB2,1363,0,10,1768,0,1778,G
1-PB2,1364,1782,0,2,0,1784,A
1-PB2,1365,0,1,0,1781,1782,C
1-PB2,1366,1732,0,0,0,1732,A
1-PB2,1367,0,0,1793,0,1793,G
1-PB2,1368,0,1759,0,1,1760,T
1-PB2,1369,0,1,1786,0,1787,G
1-PB2,1370,0,1781,0,0,1781,T
1-PB2,1371,4,3,1778,0,1785,G
1-PB2,1372,1777,0,2,0,1779,A
1-PB2,1373,0,1768,0,1,1769,T
1-PB2,1374,2,8,1762,0,1772,G
1-PB2,1375,1,8,1768,0,1777,G
1-PB2,1376,0,9,1740,0,1749,G
1-PB2,1377,1739,0,0,0,1739,A
1-PB2,1378,1726,0,0,0,1726,A
1-PB2,1379,0,1727,0,0,1727,T
1-PB2,1380,0,7,1732,0,1739,G
1-PB2,1381,1743,0,1,0,1744,A
1-PB2,1382,0,1744,0,0,1744,T
1-PB2,1383,0,1739,0,0,1739,T
1-PB2,1384,2,4,1727,0,1733,G
1-PB2,1385,0,10,1769,0,1779,G
1-PB2,1386,1765,0,7,0,1772,A
1-PB2,1387,0,0,1807,0,1807,G
1-PB2,1388,1,1788,0,0,1789,T
1-PB2,1389,1786,0,0,0,1786,A
1-PB2,1390,0,1794,0,0,1794,T
1-PB2,1391,0,1806,0,0,1806,T
1-PB2,1392,1820,0,1,0,1821,A
1-PB2,1393,4,0,0,1826,1830,C
1-PB2,1394,5,1,0,1784,1790,C
1-PB2,1395,1777,0,0,0,1777,A
1-PB2,1396,0,2,1771,0,1773,G
1-PB2,1397,1797,0,1,0,1798,A
1-PB2,1398,0,1783,0,1,1784,T
1-PB2,1399,1761,2,2,2,1767,A
1-PB2,1400,0,1757,0,0,1757,T
1-PB2,1401,0,13,1741,0,1754,G
1-PB2,1402,1753,0,1,0,1754,A
1-PB2,1403,0,1,0,1768,1769,C
1-PB2,1404,1,1750,0,2,1753,T
1-PB2,1405,9,0,0,1745,1754,C
1-PB2,1406,3,0,0,1734,1737,C
1-PB2,1407,1744,0,1,0,1745,A
1-PB2,1408,1748,0,2,0,1750,A
1-PB2,1409,1,5,1789,1,1796,G
1-PB2,1410,0,0,0,1791,1791,C
1-PB2,1411,1782,0,1,0,1783,A
1-PB2,1412,1,0,0,1786,1787,C
1-PB2,1413,1767,0,2,0,1769,A
1-PB2,1414,0,6,1769,0,1775,G
1-PB2,1415,1766,0,0,0,1766,A
1-PB2,1416,0,1,1778,0,1779,G
1-PB2,1417,1780,0,1,0,1781,A
1-PB2,1418,1,1737,0,2,1740,T
1-PB2,1419,0,4,1764,0,1768,G
1-PB2,1420,0,1762,0,0,1762,T
1-PB2,1421,8,1,0,1743,1752,C
1-PB2,1422,1758,0,2,0,1760,A
1-PB2,1423,1754,0,2,0,1756,A
1-PB2,1424,0,1752,0,2,1754,T
1-PB2,1425,0,9,1741,0,1750,G
1-PB2,1426,1722,0,1,0,1723,A
1-PB2,1427,0,4,1726,0,1730,G
1-PB2,1428,1698,1,1,0,1700,A
1-PB2,1429,2,3,1703,0,1708,G
1-PB2,1430,1,8,1774,0,1783,G
1-PB2,1431,1771,0,1,0,1772,A
1-PB2,1432,1773,0,1,0,1774,A
1-PB2,1433,0,1775,0,0,1775,T
1-PB2,1434,1765,0,0,0,1765,A
1-PB2,1435,1766,1,1,1,1769,A
1-PB2,1436,0,9,1756,0,1765,G
1-PB2,1437,1748,0,1,0,1749,A
1-PB2,1438,0,3,1750,0,1753,G
1-PB2,1439,0,1646,0,1,1647,T
1-PB2,1440,11,1,0,1639,1651,C
1-PB2,1441,1649,0,1,0,1650,A
1-PB2,1442,0,2,1666,0,1668,G
1-PB2,1443,4,0,0,1666,1670,C
1-PB2,1444,1670,0,0,0,1670,A
1-PB2,1445,1672,0,1,0,1673,A
1-PB2,1446,1666,0,0,0,1666,A
1-PB2,1447,1671,1,0,0,1672,A
1-PB2,1448,0,1668,0,1,1669,T
1-PB2,1449,0,7,1663,0,1670,G
1-PB2,1450,1,5,1662,0,1668,G
1-PB2,1451,0,2,1671,0,1673,G
1-PB2,1452,0,1643,1,2,1646,T
1-PB2,1453,0,2,1655,0,1657,G
1-PB2,1454,0,1654,0,1,1655,T
1-PB2,1455,0,6,1643,0,1649,G
1-PB2,1456,0,2,1678,0,1680,G
1-PB2,1457,1677,0,1,0,1678,A
1-PB2,1458,0,1680,0,0,1680,T
1-PB2,1459,1,12,1687,0,1700,G
1-PB2,1460,1684,2,2,0,1688,A
1-PB2,1461,1698,0,3,0,1701,A
1-PB2,1462,1,1699,0,1,1701,T
1-PB2,1463,1689,0,1,0,1690,A
1-PB2,1464,0,1,0,1803,1804,C
1-PB2,1465,1,1763,0,3,1767,T
1-PB2,1466,11,1,0,1786,1798,C
1-PB2,1467,9,0,1,1788,1798,C
1-PB2,1468,1803,0,3,0,1806,A
1-PB2,1469,2,5,1858,0,1865,G
1-PB2,1470,0,1857,0,1,1858,T
1-PB2,1471,1873,0,2,0,1875,A
1-PB2,1472,0,1,0,1875,1876,C
1-PB2,1473,1707,1,6,0,1714,A
1-PB2,1474,0,5,1718,0,1723,G
1-PB2,1475,1681,0,3,0,1684,A
1-PB2,1476,0,2,1699,1,1702,G
1-PB2,1477,1654,0,1,0,1655,A
1-PB2,1478,0,6,1601,0,1607,G
1-PB2,1479,1,9,1600,0,1610,G
1-PB2,1480,0,0,1608,0,1608,G
1-PB2,1481,0,1596,0,3,1599,T
1-PB2,1482,0,4,1590,0,1594,G
1-PB2,1483,0,3,1595,0,1598,G
1-PB2,1484,0,1578,0,0,1578,T
1-PB2,1485,1,5,1627,0,1633,G
1-PB2,1486,0,2,1630,0,1632,G
1-PB2,1487,0,1587,1,0,1588,T
1-PB2,1488,0,1586,0,1,1587,T
1-PB2,1489,1568,0,3,0,1571,A
1-PB2,1490,0,1,1590,0,1591,G
1-PB2,1491,1,1,0,1590,1592,C
1-PB2,1492,1582,0,0,0,1582,A
1-PB2,1493,0,1576,0,0,1576,T
1-PB2,1494,0,1500,0,0,1500,T
1-PB2,1495,0,8,1496,0,1504,G
1-PB2,1496,1500,0,1,0,1501,A
1-PB2,1497,0,1500,0,0,1500,T
1-PB2,1498,7,0,0,1496,1503,C
1-PB2,1499,1,6,1477,0,1484,G
1-PB2,1500,0,3,1510,0,1513,G
1-PB2,1501,0,1512,1,1,1514,T
1-PB2,1502,0,1507,0,0,1507,T
1-PB2,1503,1,1510,0,0,1511,T
1-PB2,1504,0,1512,0,1,1513,T
1-PB2,1505,0,1510,0,0,1510,T
1-PB2,1506,4,6,1505,0,1515,G
1-PB2,1507,1505,0,2,0,1507,A
1-PB2,1508,0,4,1507,0,1511,G
1-PB2,1509,1467,0,3,0,1470,A
1-PB2,1510,0,1,1478,0,1479,G
1-PB2,1511,0,1484,0,0,1484,T
1-PB2,1512,0,1483,0,1,1484,T
1-PB2,1513,8,0,1,1473,1482,C
1-PB2,1514,1,5,1480,0,1486,G
1-PB2,1515,1484,0,3,0,1487,A
1-PB2,1516,1,12,1478,0,1491,G
1-PB2,1517,1485,0,0,0,1485,A
1-PB2,1518,0,0,0,1489,1489,C
1-PB2,1519,4,0,0,1471,1475,C
1-PB2,1520,1470,0,0,0,1470,A
1-PB2,1521,1484,0,1,0,1485,A
1-PB2,1522,1,0,0,1482,1483,C
1-PB2,1523,1,1,1485,1,1488,G
1-PB2,1524,0,1484,0,0,1484,T
1-PB2,1525,0,8,1474,0,1482,G
1-PB2,1526,0,1,1487,0,1488,G
1-PB2,1527,1,6,1483,0,1490,G
1-PB2,1528,1480,0,3,0,1483,A
1-PB2,1529,1495,0,1,0,1496,A
1-PB2,1530,0,1457,0,1,1458,T
1-PB2,1531,0,2,1534,0,1536,G
1-PB2,1532,0,1527,0,0,1527,T
1-PB2,1533,1536,0,0,0,1536,A
1-PB2,1534,0,1537,0,1,1538,T
1-PB2,1535,0,1519,0,0,1519,T
1-PB2,1536,1534,0,2,0,1536,A
1-PB2,1537,0,1522,0,1,1523,T
1-PB2,1538,0,1515,0,0,1515,T
1-PB2,1539,1512,0,0,0,1512,A
1-PB2,1540,0,1355,0,1,1356,T
1-PB2,1541,3,0,0,1417,1420,C
1-PB2,1542,0,1395,0,1,1396,T
1-PB2,1543,4,1,0,1408,1413,C
1-PB2,1544,2,0,0,1409,1411,C
1-PB2,1545,0,1376,0,2,1378,T
1-PB2,1546,1,3,1380,0,1384,G
1-PB2,1547,1373,0,0,0,1373,A
1-PB2,1548,0,5,1375,0,1380,G
1-PB2,1549,1,3,1374,0,1378,G
1-PB2,1550,1272,1,0,0,1273,A
1-PB2,1551,0,5,1287,0,1292,G
1-PB2,1552,0,0,1287,0,1287,G
1-PB2,1553,0,1249,0,3,1252,T
1-PB2,1554,7,0,0,1253,1260,C
1-PB2,1555,1227,2,1,0,1230,A
1-PB2,1556,0,4,1240,0,1244,G
1-PB2,1557,0,1236,0,2,1238,T
1-PB2,1558,0,6,1229,0,1235,G
1-PB2,1559,1235,0,0,0,1235,A
1-PB2,1560,1205,0,0,0,1205,A
1-PB2,1561,1207,0,0,0,1207,A
1-PB2,1562,1,0,0,1207,1208,C
1-PB2,1563,1201,0,0,0,1201,A
1-PB2,1564,1,0,0,1204,1205,C
1-PB2,1565,1170,0,1,0,1171,A
1-PB2,1566,1,4,1175,0,1180,G
1-PB2,1567,0,4,1172,1,1177,G
1-PB2,1568,0,2,1180,0,1182,G
1-PB2,1569,1176,0,1,0,1177,A
1-PB2,1570,1169,0,2,0,1171,A
1-PB2,1571,0,0,0,1185,1185,C
1-PB2,1572,0,1171,1,1,1173,T
1-PB2,1573,2,8,1162,0,1172,G
1-PB2,1574,1167,1,1,0,1169,A
1-PB2,1575,0,6,1166,0,1172,G
1-PB2,1576,1153,0,2,0,1155,A
1-PB2,1577,1,6,1102,0,1109,G
1-PB2,1578,1107,0,0,0,1107,A
1-PB2,1579,0,0,0,1109,1109,C
1-PB2,1580,1,1070,0,2,1073,T
1-PB2,1581,0,6,1094,0,1100,G
1-PB2,1582,1092,2,1,0,1095,A
1-PB2,1583,0,1,0,1099,1100,C
1-PB2,1584,1088,0,0,0,1088,A
1-PB2,1585,1090,0,0,0,1090,A
1-PB2,1586,0,1088,0,0,1088,T
1-PB2,1587,1089,0,1,0,1090,A
1-PB2,1588,1088,1,1,0,1090,A
1-PB2,1589,0,1,0,1096,1097,C
1-PB2,1590,0,1028,0,0,1028,T
1-PB2,1591,0,1019,0,0,1019,T
1-PB2,1592,1008,0,0,0,1008,A
1-PB2,1593,0,1003,0,1,1004,T
1-PB2,1594,0,1001,0,0,1001,T
1-PB2,1595,5,1,0,993,999,C
1-PB2,1596,936,1,0,0,937,A
1-PB2,1597,0,938,0,0,938,T
1-PB2,1598,4,0,0,911,915,C
1-PB2,1599,0,0,914,0,914,G
1-PB2,1600,1,919,0,1,921,T
1-PB2,1601,1,0,0,911,912,C
1-PB2,1602,1,2,908,0,911,G
1-PB2,1603,913,0,2,0,915,A
1-PB2,1604,0,913,0,0,913,T
1-PB2,1605,1,3,911,1,916,G
1-PB2,1606,923,0,0,0,923,A
1-PB2,1607,0,917,0,1,918,T
1-PB2,1608,0,0,917,0,917,G
1-PB2,1609,0,886,0,0,886,T
1-PB2,1610,0,3,881,0,884,G
1-PB2,1611,0,1,882,0,883,G
1-PB2,1612,0,7,877,0,884,G
1-PB2,1613,870,0,1,0,871,A
1-PB2,1614,0,0,874,0,874,G
1-PB2,1615,829,0,0,0,829,A
1-PB2,1616,0,818,0,0,818,T
1-PB2,1617,0,805,0,0,805,T
1-PB2,1618,802,1,1,0,804,A
1-PB2,1619,800,0,0,0,800,A
1-PB2,1620,1,0,0,795,796,C
1-PB2,1621,0,1,756,0,757,G
1-PB2,1622,0,0,755,0,755,G
1-PB2,1623,0,707,0,0,707,T
1-PB2,1624,2,0,0,698,700,C
1-PB2,1625,2,0,0,700,702,C
1-PB2,1626,0,674,0,1,675,T
1-PB2,1627,0,4,679,0,683,G
1-PB2,1628,676,0,0,0,676,A
1-PB2,1629,0,0,684,0,684,G
1-PB2,1630,1,678,0,1,680,T
1-PB2,1631,2,0,0,661,663,C
1-PB2,1632,0,2,657,0,659,G
1-PB2,1633,0,1,671,0,672,G
1-PB2,1634,0,672,0,0,672,T
1-PB2,1635,0,671,0,0,671,T
1-PB2,1636,0,672,0,2,674,T
1-PB2,1637,0,668,0,0,668,T
1-PB2,1638,0,0,689,0,689,G
1-PB2,1639,0,0,691,0,691,G
1-PB2,1640,0,693,0,0,693,T
1-PB2,1641,5,1,0,684,690,C
1-PB2,1642,681,0,0,0,681,A
1-PB2,1643,706,1,1,0,708,A
1-PB2,1644,0,707,0,0,707,T
1-PB2,1645,711,1,0,0,712,A
1-PB2,1646,0,0,0,731,731,C
1-PB2,1647,3,0,0,706,709,C
1-PB2,1648,0,702,0,3,705,T
1-PB2,1649,721,0,0,0,721,A
1-PB2,1650,0,719,0,1,720,T
1-PB2,1651,4,0,0,717,721,C
1-PB2,1652,698,0,0,0,698,A
1-PB2,1653,697,0,0,0,697,A
1-PB2,1654,0,693,0,0,693,T
1-PB2,1655,0,2,672,0,674,G
1-PB2,1656,0,3,665,0,668,G
1-PB2,1657,668,0,0,0,668,A
1-PB2,1658,0,660,0,0,660,T
1-PB2,1659,5,0,0,653,658,C
1-PB2,1660,659,0,0,0,659,A
1-PB2,1661,0,657,0,0,657,T
1-PB2,1662,5,0,0,653,658,C
1-PB2,1663,657,0,1,0,658,A
1-PB2,1664,0,0,663,0,663,G
1-PB2,1665,662,0,0,0,662,A
1-PB2,1666,660,0,1,0,661,A
1-PB2,1667,661,0,0,0,661,A
1-PB2,1668,0,661,0,0,661,T
1-PB2,1669,0,655,0,0,655,T
1-PB2,1670,0,4,650,0,654,G
1-PB2,1671,0,1,650,1,652,G
1-PB2,1672,0,1,656,0,657,G
1-PB2,1673,652,0,0,0,652,A
1-PB2,1674,651,0,1,0,652,A
1-PB2,1675,0,0,652,0,652,G
1-PB2,1676,0,1,0,646,647,C
1-PB2,1677,0,646,0,0,646,T
1-PB2,1678,0,1,650,0,651,G
1-PB2,1679,1,646,0,2,649,T
1-PB2,1680,4,0,0,643,647,C
1-PB2,1681,652,0,0,0,652,A
1-PB2,1682,648,0,0,0,648,A
1-PB2,1683,651,0,0,0,651,A
1-PB2,1684,659,0,1,0,660,A
1-PB2,1685,0,660,0,0,660,T
1-PB2,1686,0,660,0,0,660,T
1-PB2,1687,5,0,1,655,661,C
1-PB2,1688,660,0,0,0,660,A
1-PB2,1689,659,0,0,0,659,A
1-PB2,1690,1,659,0,0,660,T
1-PB2,1691,0,2,656,0,658,G
1-PB2,1692,0,1,661,0,662,G
1-PB2,1693,0,667,0,0,667,T
1-PB2,1694,4,0,0,667,671,C
1-PB2,1695,0,672,0,0,672,T
1-PB2,1696,3,0,0,669,672,C
1-PB2,1697,672,1,0,0,673,A
1-PB2,1698,0,2,673,0,675,G
1-PB2,1699,673,0,0,0,673,A
1-PB2,1700,671,0,0,0,671,A
1-PB2,1701,0,657,0,2,659,T
1-PB2,1702,1,0,0,649,650,C
1-PB2,1703,1,0,0,655,656,C
1-PB2,1704,0,656,0,0,656,T
1-PB2,1705,0,0,659,0,659,G
1-PB2,1706,0,0,0,655,655,C
1-PB2,1707,656,0,0,0,656,A
1-PB2,1708,666,0,0,0,666,A
1-PB2,1709,0,656,1,0,657,T
1-PB2,1710,0,0,673,1,674,G
1-PB2,1711,0,678,0,1,679,T
1-PB2,1712,0,658,0,3,661,T
1-PB2,1713,0,0,660,0,660,G
1-PB2,1714,0,664,0,0,664,T
1-PB2,1715,663,0,1,0,664,A
1-PB2,1716,0,0,0,664,664,C
1-PB2,1717,649,0,2,0,651,A
1-PB2,1718,658,0,2,0,660,A
1-PB2,1719,0,0,0,650,650,C
1-PB2,1720,644,0,0,0,644,A
1-PB2,1721,647,0,0,0,647,A
1-PB2,1722,636,0,1,0,637,A
1-PB2,1723,639,0,0,0,639,A
1-PB2,1724,0,638,0,0,638,T
1-PB2,1725,2,0,635,0,637,G
1-PB2,1726,0,4,638,0,642,G
1-PB2,1727,638,0,0,0,638,A
1-PB2,1728,641,0,0,0,641,A
1-PB2,1729,0,639,0,0,639,T
1-PB2,1730,0,638,0,0,638,T
1-PB2,1731,0,636,0,0,636,T
1-PB2,1732,0,4,635,0,639,G
1-PB2,1733,639,0,0,0,639,A
1-PB2,1734,640,0,1,0,641,A
1-PB2,1735,0,0,0,640,640,C
1-PB2,1736,3,1,0,630,634,C
1-PB2,1737,636,0,0,0,636,A
1-PB2,1738,0,640,0,0,640,T
1-PB2,1739,0,639,0,0,639,T
1-PB2,1740,0,637,0,0,637,T
1-PB2,1741,6,1,0,632,639,C
1-PB2,1742,638,0,0,0,638,A
1-PB2,1743,639,0,0,0,639,A
1-PB2,1744,0,642,0,0,642,T
1-PB2,1745,2,1,0,648,651,C
1-PB2,1746,0,639,0,0,639,T
1-PB2,1747,0,630,0,1,631,T
1-PB2,1748,0,632,0,0,632,T
1-PB2,1749,635,0,0,0,635,A
1-PB2,1750,0,0,638,0,638,G
1-PB2,1751,0,634,0,0,634,T
1-PB2,1752,2,0,0,638,640,C
1-PB2,1753,5,0,0,641,646,C
1-PB2,1754,3,1,0,627,631,C
1-PB2,1755,2,0,0,630,632,C
1-PB2,1756,637,0,0,0,637,A
1-PB2,1757,636,0,0,0,636,A
1-PB2,1758,0,2,644,0,646,G
1-PB2,1759,0,1,640,0,641,G
1-PB2,1760,0,0,0,643,643,C
1-PB2,1761,1,0,0,633,634,C
1-PB2,1762,637,0,0,0,637,A
1-PB2,1763,0,652,0,0,652,T
1-PB2,1764,0,653,0,0,653,T
1-PB2,1765,656,0,0,0,656,A
1-PB2,1766,0,2,657,0,659,G
1-PB2,1767,638,0,0,0,638,A
1-PB2,1768,664,0,0,0,664,A
1-PB2,1769,0,0,676,0,676,G
1-PB2,1770,0,0,0,677,677,C
1-PB2,1771,1,1,0,676,678,C
1-PB2,1772,672,0,0,0,672,A
1-PB2,1773,680,0,0,0,680,A
1-PB2,1774,0,682,0,1,683,T
1-PB2,1775,689,0,0,0,689,A
1-PB2,1776,2,0,0,682,684,C
1-PB2,1777,641,0,0,0,641,A
1-PB2,1778,0,0,641,0,641,G
1-PB2,1779,0,627,0,1,628,T
1-PB2,1780,0,7,631,0,638,G
1-PB2,1781,1,0,634,0,635,G
1-PB2,1782,0,0,637,0,637,G
1-PB2,1783,0,630,0,0,630,T
1-PB2,1784,0,618,0,0,618,T
1-PB2,1785,0,623,0,0,623,T
1-PB2,1786,0,0,633,0,633,G
1-PB2,1787,1,629,0,0,630,T
1-PB2,1788,2,0,0,627,629,C
1-PB2,1789,622,0,0,0,622,A
1-PB2,1790,0,6,616,0,622,G
1-PB2,1791,613,0,0,0,613,A
1-PB2,1792,616,0,0,0,616,A
1-PB2,1793,1,0,0,614,615,C
1-PB2,1794,0,594,0,1,595,T
1-PB2,1795,2,0,0,610,612,C
1-PB2,1796,0,614,0,0,614,T
1-PB2,1797,615,0,0,0,615,A
1-PB2,1798,0,615,0,0,615,T
1-PB2,1799,0,616,0,0,616,T
1-PB2,1800,3,0,0,613,616,C
1-PB2,1801,0,0,0,610,610,C
1-PB2,1802,601,0,0,1,602,A
1-PB2,1803,603,0,1,0,604,A
1-PB2,1804,0,0,0,605,605,C
1-PB2,1805,594,0,0,0,594,A
1-PB2,1806,598,0,0,0,598,A
1-PB2,1807,600,0,0,0,600,A
1-PB2,1808,0,601,0,0,601,T
1-PB2,1809,0,4,596,0,600,G
1-PB2,1810,597,0,0,0,597,A
1-PB2,1811,0,3,595,0,598,G
1-PB2,1812,597,0,0,0,597,A
1-PB2,1813,0,4,590,0,594,G
1-PB2,1814,590,1,2,0,593,A
1-PB2,1815,0,0,0,592,592,C
1-PB2,1816,0,0,602,0,602,G
1-PB2,1817,0,605,0,0,605,T
1-PB2,1818,614,0,0,0,614,A
1-PB2,1819,0,0,0,615,615,C
1-PB2,1820,0,611,0,0,611,T
1-PB2,1821,0,612,0,0,612,T
1-PB2,1822,0,3,607,0,610,G
1-PB2,1823,0,3,606,0,609,G
1-PB2,1824,0,3,609,0,612,G
1-PB2,1825,594,0,0,0,594,A
1-PB2,1826,0,0,0,599,599,C
1-PB2,1827,605,0,0,0,605,A
1-PB2,1828,0,611,0,0,611,T
1-PB2,1829,0,609,0,0,609,T
1-PB2,1830,0,609,0,0,609,T
1-PB2,1831,0,9,602,0,611,G
1-PB2,1832,612,1,0,0,613,A
1-PB2,1833,0,0,1,611,612,C
1-PB2,1834,611,0,0,0,611,A
1-PB2,1835,0,0,0,610,610,C
1-PB2,1836,1,0,0,594,595,C
1-PB2,1837,594,0,1,0,595,A
1-PB2,1838,0,0,0,597,597,C
1-PB2,1839,2,0,0,595,597,C
1-PB2,1840,2,0,0,598,600,C
1-PB2,1841,605,0,0,0,605,A
1-PB2,1842,0,1,613,0,614,G
1-PB2,1843,613,1,0,0,614,A
1-PB2,1844,0,634,0,0,634,T
1-PB2,1845,628,0,0,0,628,A
1-PB2,1846,626,0,0,0,626,A
1-PB2,1847,0,621,0,1,622,T
1-PB2,1848,623,0,0,0,623,A
1-PB2,1849,624,0,0,0,624,A
1-PB2,1850,612,0,1,0,613,A
1-PB2,1851,0,0,618,0,618,G
1-PB2,1852,0,0,0,613,613,C
1-PB2,1853,0,599,0,0,599,T
1-PB2,1854,0,598,1,2,601,T
1-PB2,1855,2,0,0,599,601,C
1-PB2,1856,1,600,0,0,601,T
1-PB2,1857,2,0,0,614,616,C
1-PB2,1858,0,0,0,618,618,C
1-PB2,1859,1,0,0,617,618,C
1-PB2,1860,0,616,0,1,617,T
1-PB2,1861,0,615,0,0,615,T
1-PB2,1862,0,616,0,0,616,T
1-PB2,1863,0,615,0,0,615,T
1-PB2,1864,0,0,613,0,613,G
1-PB2,1865,1,2,0,609,612,C
1-PB2,1866,597,0,1,0,598,A
1-PB2,1867,1,0,599,0,600,G
1-PB2,1868,0,1,0,598,599,C
1-PB2,1869,0,599,0,0,599,T
1-PB2,1870,2,2,601,0,605,G
1-PB2,1871,0,0,0,604,604,C
1-PB2,1872,0,602,0,2,604,T
1-PB2,1873,1,0,0,608,609,C
1-PB2,1874,2,0,1,608,611,C
1-PB2,1875,616,0,0,0,616,A
1-PB2,1876,0,0,0,613,613,C
1-PB2,1877,2,0,0,610,612,C
1-PB2,1878,606,0,0,0,606,A
1-PB2,1879,603,0,0,0,603,A
1-PB2,1880,606,0,1,0,607,A
1-PB2,1881,0,1,612,0,613,G
1-PB2,1882,0,0,0,612,612,C
1-PB2,1883,605,0,3,0,608,A
1-PB2,1884,608,0,0,0,608,A
1-PB2,1885,611,0,0,0,611,A
1-PB2,1886,26,0,590,0,616,G
1-PB2,1887,1,0,0,617,618,C
1-PB2,1888,615,0,0,0,615,A
1-PB2,1889,0,0,621,0,621,G
1-PB2,1890,615,0,0,0,615,A
1-PB2,1891,624,0,0,0,624,A
1-PB2,1892,0,623,0,0,623,T
1-PB2,1893,0,1,622,0,623,G
1-PB2,1894,1,0,0,622,623,C
1-PB2,1895,613,0,0,0,613,A
1-PB2,1896,0,1,618,0,619,G
1-PB2,1897,0,616,0,2,618,T
1-PB2,1898,0,641,0,0,641,T
1-PB2,1899,2,0,0,644,646,C
1-PB2,1900,1,637,0,0,638,T
1-PB2,1901,3,0,1,644,648,C
1-PB2,1902,0,648,0,1,649,T
1-PB2,1903,0,646,0,0,646,T
1-PB2,1904,2,0,0,645,647,C
1-PB2,1905,641,0,1,0,642,A
1-PB2,1906,0,0,0,644,644,C
1-PB2,1907,0,623,0,0,623,T
1-PB2,1908,1,4,631,0,636,G
1-PB2,1909,633,0,1,0,634,A
1-PB2,1910,1,0,0,653,654,C
1-PB2,1911,0,638,0,4,642,T
1-PB2,1912,0,1,644,0,645,G
1-PB2,1913,0,640,0,1,641,T
1-PB2,1914,2,1,646,0,649,G
1-PB2,1915,646,0,2,0,648,A
1-PB2,1916,652,0,0,0,652,A
1-PB2,1917,0,639,0,0,639,T
1-PB2,1918,0,0,637,0,637,G
1-PB2,1919,1,616,0,2,619,T
1-PB2,1920,0,2,617,0,619,G
1-PB2,1921,617,0,0,0,617,A
1-PB2,1922,0,1,615,0,616,G
1-PB2,1923,0,3,605,0,608,G
1-PB2,1924,0,4,605,0,609,G
1-PB2,1925,0,1,626,0,627,G
1-PB2,1926,627,0,0,0,627,A
1-PB2,1927,0,627,0,0,627,T
1-PB2,1928,4,0,1,622,627,C
1-PB2,1929,622,0,1,0,623,A
1-PB2,1930,0,2,629,0,631,G
1-PB2,1931,0,4,625,0,629,G
1-PB2,1932,0,0,631,0,631,G
1-PB2,1933,627,1,0,0,628,A
1-PB2,1934,0,606,0,0,606,T
1-PB2,1935,0,1,606,0,607,G
1-PB2,1936,600,0,3,0,603,A
1-PB2,1937,0,1,611,0,612,G
1-PB2,1938,606,0,1,0,607,A
1-PB2,1939,598,0,0,0,598,A
1-PB2,1940,0,606,0,0,606,T
1-PB2,1941,604,1,0,0,605,A
1-PB2,1942,0,0,0,621,621,C
1-PB2,1943,0,614,0,0,614,T
1-PB2,1944,0,614,0,0,614,T
1-PB2,1945,0,0,619,0,619,G
1-PB2,1946,0,606,0,0,606,T
1-PB2,1947,604,0,0,0,604,A
1-PB2,1948,606,0,0,0,606,A
1-PB2,1949,0,4,593,0,597,G
1-PB2,1950,0,0,598,0,598,G
1-PB2,1951,1,0,588,0,589,G
1-PB2,1952,0,0,589,0,589,G
1-PB2,1953,3,0,0,588,591,C
1-PB2,1954,584,1,0,0,585,A
1-PB2,1955,599,0,0,0,599,A
1-PB2,1956,0,598,0,0,598,T
1-PB2,1957,0,600,0,0,600,T
1-PB2,1958,3,0,0,614,617,C
1-PB2,1959,1,604,1,1,607,T
1-PB2,1960,4,1,0,609,614,C
1-PB2,1961,0,0,0,614,614,C
1-PB2,1962,0,606,0,0,606,T
1-PB2,1963,1,0,617,0,618,G
1-PB2,1964,0,604,0,1,605,T
1-PB2,1965,609,0,0,1,610,A
1-PB2,1966,0,612,0,0,612,T
1-PB2,1967,1,595,0,0,596,T
1-PB2,1968,3,0,0,594,597,C
1-PB2,1969,595,0,0,0,595,A
1-PB2,1970,601,0,0,0,601,A
1-PB2,1971,1,0,0,600,601,C
1-PB2,1972,1,589,0,0,590,T
1-PB2,1973,591,0,0,0,591,A
1-PB2,1974,1,0,0,604,605,C
1-PB2,1975,601,0,1,0,602,A
1-PB2,1976,604,0,0,0,604,A
1-PB2,1977,0,1,0,599,600,C
1-PB2,1978,597,0,0,0,597,A
1-PB2,1979,590,0,0,0,590,A
1-PB2,1980,0,5,588,0,593,G
1-PB2,1981,593,0,1,0,594,A
1-PB2,1982,1,0,0,595,596,C
1-PB2,1983,1,0,0,584,585,C
1-PB2,1984,586,0,0,0,586,A
1-PB2,1985,0,0,0,609,609,C
1-PB2,1986,0,607,0,0,607,T
1-PB2,1987,607,0,1,0,608,A
1-PB2,1988,606,0,1,0,607,A
1-PB2,1989,607,0,0,0,607,A
1-PB2,1990,607,0,0,0,607,A
1-PB2,1991,0,3,610,0,613,G
1-PB2,1992,609,2,0,0,611,A
1-PB2,1993,0,0,0,614,614,C
1-PB2,1994,0,594,0,0,594,T
1-PB2,1995,593,0,0,1,594,A
1-PB2,1996,594,0,1,0,595,A
1-PB2,1997,0,0,0,596,596,C
1-PB2,1998,594,0,0,0,594,A
1-PB2,1999,598,0,0,0,598,A
1-PB2,2000,0,592,0,0,592,T
1-PB2,2001,0,583,1,0,584,T
1-PB2,2002,1,0,0,589,590,C
1-PB2,2003,1,585,0,0,586,T
1-PB2,2004,3,0,0,588,591,C
1-PB2,2005,0,1,590,0,591,G
1-PB2,2006,0,4,591,0,595,G
1-PB2,2007,594,0,0,0,594,A
1-PB2,2008,593,0,1,0,594,A
1-PB2,2009,596,0,0,0,596,A
1-PB2,2010,591,0,1,0,592,A
1-PB2,2011,0,0,595,0,595,G
1-PB2,2012,594,0,0,0,594,A
1-PB2,2013,0,593,0,0,593,T
1-PB2,2014,0,0,595,0,595,G
1-PB2,2015,0,1,0,588,589,C
1-PB2,2016,3,0,0,586,589,C
1-PB2,2017,1,2,585,0,588,G
1-PB2,2018,1,2,588,0,591,G
1-PB2,2019,0,0,0,590,590,C
1-PB2,2020,587,0,1,0,588,A
1-PB2,2021,0,0,0,605,605,C
1-PB2,2022,0,597,0,1,598,T
1-PB2,2023,0,599,1,0,600,T
1-PB2,2024,1,599,0,0,600,T
1-PB2,2025,602,0,0,0,602,A
1-PB2,2026,602,0,1,0,603,A
1-PB2,2027,0,603,0,0,603,T
1-PB2,2028,0,601,1,0,602,T
1-PB2,2029,0,2,600,0,602,G
1-PB2,2030,590,1,0,0,591,A
1-PB2,2031,590,0,0,0,590,A
1-PB2,2032,0,3,589,0,592,G
1-PB2,2033,596,0,0,0,596,A
1-PB2,2034,3,0,0,594,597,C
1-PB2,2035,1,1,0,588,590,C
1-PB2,2036,3,0,0,588,591,C
1-PB2,2037,590,0,0,0,590,A
1-PB2,2038,0,0,600,0,600,G
1-PB2,2039,599,0,0,0,599,A
1-PB2,2040,0,600,0,0,600,T
1-PB2,2041,1,1,598,0,600,G
1-PB2,2042,582,0,1,0,583,A
1-PB2,2043,581,0,1,0,582,A
1-PB2,2044,582,0,1,0,583,A
1-PB2,2045,0,0,583,0,583,G
1-PB2,2046,0,0,0,582,582,C
1-PB2,2047,573,0,0,0,573,A
1-PB2,2048,0,1,0,576,577,C
1-PB2,2049,576,0,1,0,577,A
1-PB2,2050,0,576,0,1,577,T
1-PB2,2051,1,2,0,576,579,C
1-PB2,2052,1,0,0,579,580,C
1-PB2,2053,0,2,584,0,586,G
1-PB2,2054,0,1,590,0,591,G
1-PB2,2055,585,0,0,0,585,A
1-PB2,2056,0,1,590,0,591,G
1-PB2,2057,0,570,0,1,571,T
1-PB2,2058,0,2,573,0,575,G
1-PB2,2059,0,0,576,0,576,G
1-PB2,2060,566,0,0,0,566,A
1-PB2,2061,0,0,567,0,567,G
1-PB2,2062,1,561,0,1,563,T
1-PB2,2063,4,0,0,562,566,C
1-PB2,2064,0,1,0,563,564,C
1-PB2,2065,1,1,560,0,562,G
1-PB2,2066,0,0,0,558,558,C
1-PB2,2067,1,0,0,555,556,C
1-PB2,2068,0,0,568,0,568,G
1-PB2,2069,0,567,0,0,567,T
1-PB2,2070,1,0,0,574,575,C
1-PB2,2071,0,571,0,2,573,T
1-PB2,2072,1,570,0,0,571,T
1-PB2,2073,0,0,569,1,570,G
1-PB2,2074,565,0,0,0,565,A
1-PB2,2075,0,2,566,0,568,G
1-PB2,2076,568,0,1,0,569,A
1-PB2,2077,0,2,546,0,548,G
1-PB2,2078,1,1,542,1,545,G
1-PB2,2079,0,2,542,0,544,G
1-PB2,2080,0,540,0,0,540,T
1-PB2,2081,0,537,0,0,537,T
1-PB2,2082,0,540,0,0,540,T
1-PB2,2083,0,0,0,541,541,C
1-PB2,2084,0,540,0,0,540,T
1-PB2,2085,3,0,0,559,562,C
1-PB2,2086,558,0,0,0,558,A
1-PB2,2087,0,550,0,1,551,T
1-PB2,2088,0,549,0,0,549,T
1-PB2,2089,549,0,0,0,549,A
1-PB2,2090,0,550,0,0,550,T
1-PB2,2091,551,0,0,0,551,A
1-PB2,2092,0,1,557,0,558,G
1-PB2,2093,0,0,556,0,556,G
1-PB2,2094,0,527,0,0,527,T
1-PB2,2095,525,0,0,0,525,A
1-PB2,2096,523,0,1,0,524,A
1-PB2,2097,0,1,524,0,525,G
1-PB2,2098,1,1,523,0,525,G
1-PB2,2099,522,0,0,0,522,A
1-PB2,2100,517,0,1,0,518,A
1-PB2,2101,0,2,514,0,516,G
1-PB2,2102,509,0,0,0,509,A
1-PB2,2103,0,0,0,511,511,C
1-PB2,2104,506,1,0,0,507,A
1-PB2,2105,0,2,508,0,510,G
1-PB2,2106,506,0,0,0,506,A
1-PB2,2107,498,0,0,0,498,A
1-PB2,2108,0,2,503,0,505,G
1-PB2,2109,499,0,0,0,499,A
1-PB2,2110,0,497,0,0,497,T
1-PB2,2111,495,0,1,0,496,A
1-PB2,2112,1,2,0,494,497,C
1-PB2,2113,0,2,493,0,495,G
1-PB2,2114,0,0,505,0,505,G
1-PB2,2115,501,0,1,0,502,A
1-PB2,2116,0,0,0,497,497,C
1-PB2,2117,0,0,0,500,500,C
1-PB2,2118,490,0,2,0,492,A
1-PB2,2119,0,0,500,0,500,G
1-PB2,2120,0,0,0,501,501,C
1-PB2,2121,502,0,0,0,502,A
1-PB2,2122,0,499,0,0,499,T
1-PB2,2123,0,475,0,0,475,T
1-PB2,2124,475,0,0,1,476,A
1-PB2,2125,473,0,0,0,473,A
1-PB2,2126,0,0,472,0,472,G
1-PB2,2127,0,1,0,467,468,C
1-PB2,2128,441,0,0,0,441,A
1-PB2,2129,0,452,0,1,453,T
1-PB2,2130,2,0,0,453,455,C
1-PB2,2131,452,0,0,0,452,A
1-PB2,2132,453,0,0,0,453,A
1-PB2,2133,0,451,0,0,451,T
1-PB2,2134,0,0,455,0,455,G
1-PB2,2135,450,0,1,0,451,A
1-PB2,2136,452,0,0,0,452,A
1-PB2,2137,0,0,0,454,454,C
1-PB2,2138,0,421,0,0,421,T
1-PB2,2139,0,1,433,0,434,G
1-PB2,2140,429,0,0,0,429,A
1-PB2,2141,0,0,430,0,430,G
1-PB2,2142,0,428,0,1,429,T
1-PB2,2143,424,0,0,0,424,A
1-PB2,2144,426,0,0,0,426,A
1-PB2,2145,0,0,0,427,427,C
1-PB2,2146,1,0,0,413,414,C
1-PB2,2147,0,413,0,0,413,T
1-PB2,2148,0,395,0,1,396,T
1-PB2,2149,0,0,398,0,398,G
1-PB2,2150,0,0,0,397,397,C
1-PB2,2151,397,0,0,0,397,A
1-PB2,2152,398,0,0,0,398,A
1-PB2,2153,391,1,0,0,392,A
1-PB2,2154,391,0,0,0,391,A
1-PB2,2155,0,2,394,0,396,G
1-PB2,2156,0,1,394,0,395,G
1-PB2,2157,0,4,390,0,394,G
1-PB2,2158,0,1,395,0,396,G
1-PB2,2159,395,0,1,0,396,A
1-PB2,2160,396,0,0,0,396,A
1-PB2,2161,396,0,0,0,396,A
1-PB2,2162,397,0,1,0,398,A
1-PB2,2163,1,2,393,0,396,G
1-PB2,2164,0,1,392,0,393,G
1-PB2,2165,0,0,0,392,392,C
1-PB2,2166,0,390,0,0,390,T
1-PB2,2167,391,0,0,0,391,A
1-PB2,2168,390,0,0,0,390,A
1-PB2,2169,0,391,0,0,391,T
1-PB2,2170,0,0,400,0,400,G
1-PB2,2171,0,385,0,0,385,T
1-PB2,2172,0,0,381,1,382,G
1-PB2,2173,0,0,0,380,380,C
1-PB2,2174,0,379,0,0,379,T
1-PB2,2175,380,0,0,0,380,A
1-PB2,2176,379,0,0,0,379,A
1-PB2,2177,0,378,0,0,378,T
1-PB2,2178,1,0,0,376,377,C
1-PB2,2179,0,0,363,0,363,G
1-PB2,2180,0,4,359,0,363,G
1-PB2,2181,1,0,365,0,366,G
1-PB2,2182,2,0,0,362,364,C
1-PB2,2183,367,0,0,0,367,A
1-PB2,2184,367,0,0,0,367,A
1-PB2,2185,0,3,364,0,367,G
1-PB2,2186,0,4,362,0,366,G
1-PB2,2187,367,0,0,0,367,A
1-PB2,2188,0,3,366,0,369,G
1-PB2,2189,358,0,0,0,358,A
1-PB2,2190,0,0,0,356,356,C
1-PB2,2191,1,0,354,0,355,G
1-PB2,2192,0,350,0,0,350,T
1-PB2,2193,0,3,346,0,349,G
1-PB2,2194,0,0,350,0,350,G
1-PB2,2195,0,341,0,0,341,T
1-PB2,2196,0,0,342,0,342,G
1-PB2,2197,0,334,0,1,335,T
1-PB2,2198,0,331,0,0,331,T
1-PB2,2199,0,1,330,0,331,G
1-PB2,2200,0,1,331,0,332,G
1-PB2,2201,0,330,0,1,331,T
1-PB2,2202,326,0,0,0,326,A
1-PB2,2203,310,0,0,0,310,A
1-PB2,2204,0,305,0,0,305,T
1-PB2,2205,0,0,302,0,302,G
1-PB2,2206,296,0,0,0,296,A
1-PB2,2207,291,0,0,0,291,A
1-PB2,2208,293,0,0,0,293,A
1-PB2,2209,0,0,0,292,292,C
1-PB2,2210,1,1,291,0,293,G
1-PB2,2211,291,0,0,0,291,A
1-PB2,2212,291,0,1,0,292,A
1-PB2,2213,290,0,0,0,290,A
1-PB2,2214,290,0,0,0,290,A
1-PB2,2215,0,1,0,290,291,C
1-PB2,2216,1,1,287,0,289,G
1-PB2,2217,1,1,287,0,289,G
1-PB2,2218,1,0,290,0,291,G
1-PB2,2219,290,0,0,0,290,A
1-PB2,2220,1,0,0,292,293,C
1-PB2,2221,0,289,0,0,289,T
1-PB2,2222,3,0,0,290,293,C
1-PB2,2223,0,292,0,0,292,T
1-PB2,2224,289,0,0,0,289,A
1-PB2,2225,0,0,288,0,288,G
1-PB2,2226,0,0,0,288,288,C
1-PB2,2227,287,0,0,0,287,A
1-PB2,2228,0,284,0,0,284,T
1-PB2,2229,273,0,0,0,273,A
1-PB2,2230,0,0,0,277,277,C
1-PB2,2231,0,237,0,0,237,T
1-PB2,2232,0,237,0,0,237,T
1-PB2,2233,235,0,0,0,235,A
1-PB2,2234,0,0,0,235,235,C
1-PB2,2235,0,231,0,0,231,T
1-PB2,2236,0,2,229,0,231,G
1-PB2,2237,226,0,0,0,226,A
1-PB2,2238,1,0,0,224,225,C
1-PB2,2239,213,0,0,0,213,A
1-PB2,2240,0,1,213,0,214,G
1-PB2,2241,0,0,0,213,213,C
1-PB2,2242,1,0,0,213,214,C
1-PB2,2243,210,0,1,0,211,A
1-PB2,2244,0,0,212,0,212,G
1-PB2,2245,211,0,0,0,211,A
1-PB2,2246,0,0,0,211,211,C
1-PB2,2247,194,0,0,0,194,A
1-PB2,2248,0,0,193,0,193,G
1-PB2,2249,0,1,0,179,180,C
1-PB2,2250,0,0,177,0,177,G
1-PB2,2251,178,0,0,0,178,A
1-PB2,2252,0,0,1,178,179,C
1-PB2,2253,2,0,0,174,176,C
1-PB2,2254,174,0,0,0,174,A
1-PB2,2255,174,0,0,0,174,A
1-PB2,2256,173,0,0,0,173,A
1-PB2,2257,172,0,0,0,172,A
1-PB2,2258,0,0,170,0,170,G
1-PB2,2259,168,0,0,0,168,A
1-PB2,2260,168,0,0,0,168,A
1-PB2,2261,0,167,0,0,167,T
1-PB2,2262,0,166,0,0,166,T
1-PB2,2263,1,0,0,166,167,C
1-PB2,2264,1,0,159,0,160,G
1-PB2,2265,0,0,159,0,159,G
1-PB2,2266,158,0,0,0,158,A
1-PB2,2267,0,149,0,0,149,T
1-PB2,2268,0,1,147,0,148,G
1-PB2,2269,1,0,146,0,147,G
1-PB2,2270,0,0,0,148,148,C
1-PB2,2271,1,0,0,147,148,C
1-PB2,2272,143,0,0,0,143,A
1-PB2,2273,0,143,0,0,143,T
1-PB2,2274,0,0,0,141,141,C
1-PB2,2275,141,0,1,0,142,A
1-PB2,2276,141,0,0,0,141,A
1-PB2,2277,0,141,0,0,141,T
1-PB2,2278,0,127,0,0,127,T
1-PB2,2279,123,0,0,0,123,A
1-PB2,2280,124,0,0,0,124,A
2-PB1,1,134,0,0,0,134,A
2-PB1,2,0,134,0,0,134,T
2-PB1,3,0,0,137,0,137,G
2-PB1,4,0,0,152,0,152,G
2-PB1,5,162,0,0,0,162,A
2-PB1,6,0,175,0,0,175,T
2-PB1,7,1,0,173,0,174,G
2-PB1,8,0,174,0,0,174,T
2-PB1,9,2,0,1,191,194,C
2-PB1,10,195,0,0,0,195,A
2-PB1,11,202,0,0,0,202,A
2-PB1,12,0,202,0,0,202,T
2-PB1,13,0,0,0,203,203,C
2-PB1,14,1,0,0,214,215,C
2-PB1,15,0,2,217,0,219,G
2-PB1,16,239,0,0,0,239,A
2-PB1,17,0,0,0,243,243,C
2-PB1,18,0,243,0,0,243,T
2-PB1,19,1,0,0,272,273,C
2-PB1,20,0,273,0,0,273,T
2-PB1,21,275,0,0,0,275,A
2-PB1,22,0,0,0,278,278,C
2-PB1,23,0,277,0,0,277,T
2-PB1,24,0,0,309,0,309,G
2-PB1,25,1,312,0,0,313,T
2-PB1,26,0,311,0,0,311,T
2-PB1,27,0,0,0,313,313,C
2-PB1,28,0,0,0,312,312,C
2-PB1,29,0,363,0,2,365,T
2-PB1,30,369,0,0,0,369,A
2-PB1,31,370,0,1,0,371,A
2-PB1,32,371,0,0,0,371,A
2-PB1,33,0,2,372,0,374,G
2-PB1,34,0,1,377,0,378,G
2-PB1,35,0,385,0,0,385,T
2-PB1,36,0,386,0,0,386,T
2-PB1,37,2,0,0,385,387,C
2-PB1,38,0,1,1,385,387,C
2-PB1,39,387,0,0,0,387,A
2-PB1,40,0,0,391,0,391,G
2-PB1,41,0,0,0,391,391,C
2-PB1,42,0,0,393,0,393,G
2-PB1,43,0,0,0,395,395,C
2-PB1,44,394,0,0,0,394,A
2-PB1,45,394,0,1,1,396,A
2-PB1,46,397,0,0,0,397,A
2-PB1,47,401,0,0,0,401,A
2-PB1,48,0,404,0,0,404,T
2-PB1,49,0,0,420,0,420,G
2-PB1,50,0,0,0,423,423,C
2-PB1,51,0,0,0,425,425,C
2-PB1,52,423,0,3,0,426,A
2-PB1,53,0,426,0,1,427,T
2-PB1,54,455,0,0,0,455,A
2-PB1,55,455,0,0,0,455,A
2-PB1,56,0,0,468,1,469,G
2-PB1,57,0,1,0,470,471,C
2-PB1,58,469,0,0,0,469,A
2-PB1,59,0,1,0,480,481,C
2-PB1,60,481,0,0,0,481,A
2-PB1,61,499,0,0,0,499,A
2-PB1,62,0,0,0,501,501,C
2-PB1,63,501,0,0,0,501,A
2-PB1,64,0,512,0,0,512,T
2-PB1,65,0,505,0,1,506,T
2-PB1,66,3,1,0,619,623,C
2-PB1,67,0,0,0,626,626,C
2-PB1,68,3,0,0,633,636,C
2-PB1,69,0,635,0,0,635,T
2-PB1,70,0,633,0,0,633,T
2-PB1,71,692,0,0,0,692,A
2-PB1,72,0,696,0,0,696,T
2-PB1,73,700,0,0,0,700,A
2-PB1,74,0,1,0,706,707,C
2-PB1,75,0,689,0,1,690,T
2-PB1,76,1,4,687,0,692,G
2-PB1,77,0,0,686,1,687,G
2-PB1,78,687,0,0,0,687,A
2-PB1,79,0,1,691,0,692,G
2-PB1,80,691,1,1,0,693,A
2-PB1,81,0,696,0,0,696,T
2-PB1,82,1,0,0,742,743,C
2-PB1,83,0,0,0,743,743,C
2-PB1,84,0,750,0,0,750,T
2-PB1,85,4,0,0,790,794,C
2-PB1,86,0,1,0,794,795,C
2-PB1,87,801,0,0,0,801,A
2-PB1,88,1,800,0,0,801,T
2-PB1,89,799,0,1,0,800,A
2-PB1,90,1,0,1,799,801,C
2-PB1,91,790,0,1,0,791,A
2-PB1,92,0,1,815,0,816,G
2-PB1,93,0,1,0,818,819,C
2-PB1,94,3,1,0,814,818,C
2-PB1,95,818,0,0,0,818,A
2-PB1,96,0,818,0,0,818,T
2-PB1,97,0,5,813,1,819,G
2-PB1,98,0,8,851,0,859,G
2-PB1,99,862,0,0,0,862,A
2-PB1,100,863,0,3,0,866,A
2-PB1,101,2,0,0,869,871,C
2-PB1,102,858,0,1,0,859,A
2-PB1,103,1,4,885,0,890,G
2-PB1,104,0,10,895,1,906,G
2-PB1,105,908,0,0,0,908,A
2-PB1,106,915,0,0,0,915,A
2-PB1,107,0,0,0,918,918,C
2-PB1,108,909,0,1,0,910,A
2-PB1,109,1,5,1016,0,1022,G
2-PB1,110,1,5,1015,0,1021,G
2-PB1,111,0,2,1036,0,1038,G
2-PB1,112,1,1034,0,0,1035,T
2-PB1,113,1034,0,0,0,1034,A
2-PB1,114,0,0,0,1041,1041,C
2-PB1,115,1072,0,1,0,1073,A
2-PB1,116,2,1,0,1101,1104,C
2-PB1,117,4,0,0,1099,1103,C
2-PB1,118,1076,0,1,0,1077,A
2-PB1,119,0,1076,1,0,1077,T
2-PB1,120,1,8,1067,0,1076,G
2-PB1,121,0,3,1079,0,1082,G
2-PB1,122,1083,0,1,0,1084,A
2-PB1,123,0,0,0,1084,1084,C
2-PB1,124,1070,0,0,0,1070,A
2-PB1,125,1,2,0,1086,1089,C
2-PB1,126,1084,0,0,0,1084,A
2-PB1,127,0,1,1109,0,1110,G
2-PB1,128,0,1106,0,2,1108,T
2-PB1,129,8,0,0,1144,1152,C
2-PB1,130,1149,0,0,0,1149,A
2-PB1,131,1155,1,4,1,1161,A
2-PB1,132,1,0,0,1161,1162,C
2-PB1,133,1160,1,0,0,1161,A
2-PB1,134,1,11,1167,0,1179,G
2-PB1,135,1166,0,2,0,1168,A
2-PB1,136,1162,0,0,0,1162,A
2-PB1,137,0,1,1,1160,1162,C
2-PB1,138,1142,0,0,0,1142,A
2-PB1,139,1,1,0,1185,1187,C
2-PB1,140,1179,0,1,0,1180,A
2-PB1,141,1,0,0,1227,1228,C
2-PB1,142,8,0,1,1217,1226,C
2-PB1,143,1227,0,1,0,1228,A
2-PB1,144,1231,1,1,0,1233,A
2-PB1,145,2,1258,0,0,1260,T
2-PB1,146,1300,0,1,0,1301,A
2-PB1,147,1,1300,0,0,1301,T
2-PB1,148,0,1291,0,0,1291,T
2-PB1,149,13,0,0,1279,1292,C
2-PB1,150,1264,0,1,0,1265,A
2-PB1,151,0,2,1266,0,1268,G
2-PB1,152,1263,0,1,0,1264,A
2-PB1,153,0,2,1262,0,1264,G
2-PB1,154,1241,0,1,0,1242,A
2-PB1,155,1,7,1215,0,1223,G
2-PB1,156,10,4,1210,0,1224,G
2-PB1,157,0,7,1256,0,1263,G
2-PB1,158,1,4,1260,0,1265,G
2-PB1,159,1,3,1271,0,1275,G
2-PB1,160,1274,0,1,0,1275,A
2-PB1,161,1272,0,4,0,1276,A
2-PB1,162,1,1,1284,0,1286,G
2-PB1,163,0,1276,0,1,1277,T
2-PB1,164,1,3,1267,0,1271,G
2-PB1,165,1,4,1270,0,1275,G
2-PB1,166,1268,0,1,0,1269,A
2-PB1,167,0,0,1,1272,1273,C
2-PB1,168,0,8,1269,0,1277,G
2-PB1,169,1287,0,1,0,1288,A
2-PB1,170,1,0,0,1301,1302,C
2-PB1,171,1295,0,0,0,1295,A
2-PB1,172,1293,0,2,0,1295,A
2-PB1,173,1314,0,2,0,1316,A
2-PB1,174,0,1338,0,0,1338,T
2-PB1,175,1343,0,0,0,1343,A
2-PB1,176,1,0,0,1346,1347,C
2-PB1,177,1332,0,1,0,1333,A
2-PB1,178,1,1,1338,0,1340,G
2-PB1,179,1333,0,0,0,1333,A
2-PB1,180,1348,0,0,0,1348,A
2-PB1,181,1347,0,0,0,1347,A
2-PB1,182,0,1,0,1341,1342,C
2-PB1,183,0,1320,1,1,1322,T
2-PB1,184,1,3,1319,0,1323,G
2-PB1,185,0,2,1319,0,1321,G
2-PB1,186,0,8,1310,0,1318,G
2-PB1,187,0,1,1318,0,1319,G
2-PB1,188,0,0,0,1318,1318,C
2-PB1,189,1317,0,0,2,1319,A
2-PB1,190,1,0,1,1373,1375,C
2-PB1,191,3,0,0,1368,1371,C
2-PB1,192,10,1,0,1363,1374,C
2-PB1,193,2,0,0,1373,1375,C
2-PB1,194,1373,1,0,0,1374,A
2-PB1,195,1396,0,0,0,1396,A
2-PB1,196,1,0,0,1395,1396,C
2-PB1,197,0,1394,1,0,1395,T
2-PB1,198,5,0,1,1390,1396,C
2-PB1,199,1352,0,2,0,1354,A
2-PB1,200,1370,2,0,0,1372,A
2-PB1,201,0,0,0,1371,1371,C
2-PB1,202,1,0,0,1367,1368,C
2-PB1,203,3,1,0,1368,1372,C
2-PB1,204,1367,0,0,0,1367,A
2-PB1,205,1375,0,0,0,1375,A
2-PB1,206,0,1377,1,1,1379,T
2-PB1,207,1,1374,0,0,1375,T
2-PB1,208,0,4,1376,0,1380,G
2-PB1,209,1357,0,1,0,1358,A
2-PB1,210,0,1360,0,1,1361,T
2-PB1,211,1,8,1350,0,1359,G
2-PB1,212,0,7,1366,0,1373,G
2-PB1,213,1382,0,3,0,1385,A
2-PB1,214,2,0,0,1388,1390,C
2-PB1,215,5,0,0,1379,1384,C
2-PB1,216,1383,0,2,0,1385,A
2-PB1,217,1,0,0,1404,1405,C
2-PB1,218,0,1401,0,1,1402,T
2-PB1,219,1423,0,1,0,1424,A
2-PB1,220,3,0,0,1435,1438,C
2-PB1,221,1,0,0,1420,1421,C
2-PB1,222,0,1401,0,0,1401,T
2-PB1,223,0,1,1407,0,1408,G
2-PB1,224,1402,0,1,0,1403,A
2-PB1,225,0,5,1402,0,1407,G
2-PB1,226,0,4,1397,0,1401,G
2-PB1,227,1398,0,0,0,1398,A
2-PB1,228,0,1394,0,2,1396,T
2-PB1,229,1382,0,1,0,1383,A
2-PB1,230,1387,1,0,0,1388,A
2-PB1,231,0,1384,0,0,1384,T
2-PB1,232,0,6,1373,0,1379,G
2-PB1,233,1380,0,0,0,1380,A
2-PB1,234,1376,0,0,0,1376,A
2-PB1,235,2,1,0,1381,1384,C
2-PB1,236,9,0,0,1365,1374,C
2-PB1,237,1371,0,0,0,1371,A
2-PB1,238,1374,0,0,0,1374,A
2-PB1,239,0,3,1377,0,1380,G
2-PB1,240,0,1379,0,0,1379,T
2-PB1,241,1,6,1373,0,1380,G
2-PB1,242,0,2,1399,0,1401,G
2-PB1,243,1390,1,2,0,1393,A
2-PB1,244,0,1389,0,0,1389,T
2-PB1,245,1390,0,0,0,1390,A
2-PB1,246,1,1408,0,1,1410,T
2-PB1,247,1,2,1414,0,1417,G
2-PB1,248,0,1,0,1413,1414,C
2-PB1,249,1414,0,1,0,1415,A
2-PB1,250,2,0,0,1449,1451,C
2-PB1,251,1424,0,1,0,1425,A
2-PB1,252,1441,0,0,0,1441,A
2-PB1,253,1439,1,1,0,1441,A
2-PB1,254,0,1,0,1446,1447,C
2-PB1,255,1399,0,2,0,1401,A
2-PB1,256,0,5,1418,0,1423,G
2-PB1,257,1412,0,0,0,1412,A
2-PB1,258,1,0,0,1412,1413,C
2-PB1,259,1,1367,0,1,1369,T
2-PB1,260,0,0,1410,1,1411,G
2-PB1,261,0,1388,0,0,1388,T
2-PB1,262,0,1,1465,0,1466,G
2-PB1,263,0,1464,0,1,1465,T
2-PB1,264,9,5,0,1459,1473,C
2-PB1,265,3,0,0,1467,1470,C
2-PB1,266,0,1466,0,1,1467,T
2-PB1,267,0,4,1455,0,1459,G
2-PB1,268,0,2,1459,0,1461,G
2-PB1,269,1439,0,0,0,1439,A
2-PB1,270,1,3,1461,0,1465,G
2-PB1,271,0,1,1428,0,1429,G
2-PB1,272,1,0,0,1431,1432,C
2-PB1,273,0,1427,0,0,1427,T
2-PB1,274,1423,0,2,0,1425,A
2-PB1,275,0,1422,0,3,1425,T
2-PB1,276,0,2,1420,0,1422,G
2-PB1,277,1,0,1417,0,1418,G
2-PB1,278,0,0,0,1416,1416,C
2-PB1,279,6,0,0,1388,1394,C
2-PB1,280,0,1383,0,1,1384,T
2-PB1,281,0,1449,0,1,1450,T
2-PB1,282,1,0,0,1451,1452,C
2-PB1,283,9,0,1,1444,1454,C
2-PB1,284,0,1458,0,1,1459,T
2-PB1,285,0,1454,0,0,1454,T
2-PB1,286,0,5,1448,0,1453,G
2-PB1,287,1451,1,0,0,1452,A
2-PB1,288,1453,0,1,0,1454,A
2-PB1,289,0,5,1453,0,1458,G
2-PB1,290,1392,0,2,0,1394,A
2-PB1,291,1410,0,0,0,1410,A
2-PB1,292,0,1403,0,0,1403,T
2-PB1,293,6,0,0,1401,1407,C
2-PB1,294,2,1,1,1407,1411,C
2-PB1,295,4,1,0,1401,1406,C
2-PB1,296,1410,1,1,0,1412,A
2-PB1,297,3,0,0,1420,1423,C
2-PB1,298,2,0,0,1420,1422,C
2-PB1,299,7,1,1,1412,1421,C
2-PB1,300,1407,2,0,1,1410,A
2-PB1,301,0,3,1412,0,1415,G
2-PB1,302,2,0,1419,0,1421,G
2-PB1,303,0,1421,0,0,1421,T
2-PB1,304,1429,0,1,0,1430,A
2-PB1,305,1,1424,0,0,1425,T
2-PB1,306,2,0,0,1425,1427,C
2-PB1,307,0,1426,0,1,1427,T
2-PB1,308,1,1431,0,0,1432,T
2-PB1,309,0,1428,0,0,1428,T
2-PB1,310,0,5,1413,0,1418,G
2-PB1,311,1407,0,3,1,1411,A
2-PB1,312,0,4,1412,0,1416,G
2-PB1,313,1399,0,2,0,1401,A
2-PB1,314,1404,1,0,0,1405,A
2-PB1,315,0,1,0,1405,1406,C
2-PB1,316,0,1387,0,2,1389,T
2-PB1,317,5,0,0,1391,1396,C
2-PB1,318,1392,0,0,0,1392,A
2-PB1,319,1,1392,0,0,1393,T
2-PB1,320,2,0,1394,0,1396,G
2-PB1,321,0,1,0,1422,1423,C
2-PB1,322,9,0,1,1413,1423,C
2-PB1,323,2,1413,1,3,1419,T
2-PB1,324,0,1403,0,2,1405,T
2-PB1,325,0,6,1413,0,1419,G
2-PB1,326,1424,0,0,0,1424,A
2-PB1,327,1424,0,0,0,1424,A
2-PB1,328,1424,0,0,0,1424,A
2-PB1,329,1,0,0,1430,1431,C
2-PB1,330,1383,0,0,0,1383,A
2-PB1,331,1389,0,0,0,1389,A
2-PB1,332,0,1388,0,1,1389,T
2-PB1,333,0,4,1383,1,1388,G
2-PB1,334,0,3,1381,0,1384,G
2-PB1,335,1365,0,0,1,1366,A
2-PB1,336,1365,0,1,0,1366,A
2-PB1,337,0,0,1361,0,1361,G
2-PB1,338,0,0,0,1360,1360,C
2-PB1,339,5,1,0,1350,1356,C
2-PB1,340,1,0,1369,0,1370,G
2-PB1,341,0,1359,1,1,1361,T
2-PB1,342,0,1364,0,1,1365,T
2-PB1,343,7,0,1,1369,1377,C
2-PB1,344,1376,0,2,0,1378,A
2-PB1,345,1397,0,1,0,1398,A
2-PB1,346,1,1,0,1395,1397,C
2-PB1,347,1407,0,0,0,1407,A
2-PB1,348,1,3,1419,0,1423,G
2-PB1,349,1401,2,0,0,1403,A
2-PB1,350,1,0,0,1406,1407,C
2-PB1,351,1403,0,0,1,1404,A
2-PB1,352,1408,0,1,0,1409,A
2-PB1,353,1,3,1421,0,1425,G
2-PB1,354,0,12,1403,0,1415,G
2-PB1,355,0,3,1424,0,1427,G
2-PB1,356,0,1400,0,1,1401,T
2-PB1,357,1,4,1399,0,1404,G
2-PB1,358,2,4,1399,0,1405,G
2-PB1,359,1400,0,3,0,1403,A
2-PB1,360,0,1,0,1406,1407,C
2-PB1,361,1379,1,0,0,1380,A
2-PB1,362,1410,0,0,0,1410,A
2-PB1,363,1410,0,1,0,1411,A
2-PB1,364,0,1,0,1412,1413,C
2-PB1,365,0,1408,1,1,1410,T
2-PB1,366,1403,0,0,0,1403,A
2-PB1,367,1410,0,1,0,1411,A
2-PB1,368,0,1,0,1415,1416,C
2-PB1,369,4,0,0,1411,1415,C
2-PB1,370,7,1,0,1409,1417,C
2-PB1,371,1389,0,1,0,1390,A
2-PB1,372,1386,0,2,0,1388,A
2-PB1,373,0,7,1382,0,1389,G
2-PB1,374,0,1,1392,0,1393,G
2-PB1,375,1,1390,0,2,1393,T
2-PB1,376,8,1,0,1374,1383,C
2-PB1,377,1,0,1379,0,1380,G
2-PB1,378,2,0,0,1370,1372,C
2-PB1,379,4,0,0,1379,1383,C
2-PB1,380,1377,0,2,0,1379,A
2-PB1,381,0,6,1401,0,1407,G
2-PB1,382,1427,1,3,0,1431,A
2-PB1,383,0,0,0,1434,1434,C
2-PB1,384,0,1421,0,3,1424,T
2-PB1,385,0,1420,0,3,1423,T
2-PB1,386,1423,0,1,0,1424,A
2-PB1,387,0,1431,0,0,1431,T
2-PB1,388,0,4,1428,0,1432,G
2-PB1,389,1422,0,0,0,1422,A
2-PB1,390,1,1402,0,1,1404,T
2-PB1,391,0,1363,0,0,1363,T
2-PB1,392,0,6,1358,1,1365,G
2-PB1,393,0,6,1361,0,1367,G
2-PB1,394,1379,0,1,0,1380,A
2-PB1,395,1,0,0,1382,1383,C
2-PB1,396,1364,1,0,0,1365,A
2-PB1,397,0,1355,0,0,1355,T
2-PB1,398,0,1359,0,0,1359,T
2-PB1,399,1364,0,1,0,1365,A
2-PB1,400,1365,1,1,0,1367,A
2-PB1,401,1370,0,0,0,1370,A
2-PB1,402,0,1,0,1368,1369,C
2-PB1,403,1353,0,0,0,1353,A
2-PB1,404,0,2,1358,0,1360,G
2-PB1,405,1356,0,1,0,1357,A
2-PB1,406,1362,0,1,0,1363,A
2-PB1,407,1364,0,1,0,1365,A
2-PB1,408,0,1353,0,0,1353,T
2-PB1,409,8,0,0,1351,1359,C
2-PB1,410,1356,0,2,0,1358,A
2-PB1,411,1361,0,1,1,1363,A
2-PB1,412,2,0,0,1361,1363,C
2-PB1,413,0,1,2,1351,1354,C
2-PB1,414,0,4,1354,0,1358,G
2-PB1,415,0,0,1358,0,1358,G
2-PB1,416,3,0,0,1356,1359,C
2-PB1,417,1359,0,1,0,1360,A
2-PB1,418,0,1,1367,0,1368,G
2-PB1,419,0,1,0,1375,1376,C
2-PB1,420,1373,0,1,0,1374,A
2-PB1,421,1377,0,1,0,1378,A
2-PB1,422,1,0,0,1373,1374,C
2-PB1,423,1,1367,0,2,1370,T
2-PB1,424,1,2,1412,0,1415,G
2-PB1,425,1,1,0,1412,1414,C
2-PB1,426,1415,0,1,0,1416,A
2-PB1,427,0,1415,1,1,1417,T
2-PB1,428,0,1407,0,1,1408,T
2-PB1,429,1481,0,1,0,1482,A
2-PB1,430,0,1,1487,0,1488,G
2-PB1,431,1,0,0,1474,1475,C
2-PB1,432,12,2,0,1464,1478,C
2-PB1,433,1416,0,0,0,1416,A
2-PB1,434,1424,0,0,0,1424,A
2-PB1,435,1,0,0,1430,1431,C
2-PB1,436,1423,0,0,0,1423,A
2-PB1,437,1,2,0,1481,1484,C
2-PB1,438,10,0,0,1393,1403,C
2-PB1,439,1397,1,1,0,1399,A
2-PB1,440,2,1399,0,1,1402,T
2-PB1,441,1403,0,0,0,1403,A
2-PB1,442,0,2,1397,0,1399,G
2-PB1,443,1392,1,0,0,1393,A
2-PB1,444,1366,0,1,0,1367,A
2-PB1,445,0,1,1376,0,1377,G
2-PB1,446,0,1334,0,3,1337,T
2-PB1,447,0,1340,0,1,1341,T
2-PB1,448,0,1334,0,0,1334,T
2-PB1,449,0,1337,0,0,1337,T
2-PB1,450,0,1341,0,0,1341,T
2-PB1,451,1341,0,0,0,1341,A
2-PB1,452,0,0,1339,0,1339,G
2-PB1,453,1336,0,0,0,1336,A
2-PB1,454,0,1332,0,0,1332,T
2-PB1,455,2,1,0,1310,1313,C
2-PB1,456,0,7,1308,0,1315,G
2-PB1,457,1314,0,0,0,1314,A
2-PB1,458,1315,1,2,0,1318,A
2-PB1,459,0,1,0,1322,1323,C
2-PB1,460,2,3,1321,0,1326,G
2-PB1,461,0,2,1380,0,1382,G
2-PB1,462,1382,0,1,0,1383,A
2-PB1,463,0,1378,0,0,1378,T
2-PB1,464,1,1379,0,0,1380,T
2-PB1,465,1375,1,3,0,1379,A
2-PB1,466,1378,0,1,0,1379,A
2-PB1,467,0,0,0,1387,1387,C
2-PB1,468,1377,0,1,0,1378,A
2-PB1,469,1,0,1382,0,1383,G
2-PB1,470,0,0,0,1334,1334,C
2-PB1,471,0,1323,0,1,1324,T
2-PB1,472,1321,0,2,0,1323,A
2-PB1,473,1319,0,0,0,1319,A
2-PB1,474,0,1319,0,1,1320,T
2-PB1,475,0,4,1334,0,1338,G
2-PB1,476,1322,0,1,0,1323,A
2-PB1,477,1326,0,0,0,1326,A
2-PB1,478,1,1300,0,1,1302,T
2-PB1,479,6,0,0,1305,1311,C
2-PB1,480,1307,0,0,0,1307,A
2-PB1,481,0,4,1299,0,1303,G
2-PB1,482,2,5,1296,0,1303,G
2-PB1,483,1298,0,2,0,1300,A
2-PB1,484,1283,0,1,0,1284,A
2-PB1,485,0,2,1329,0,1331,G
2-PB1,486,1,1,1326,0,1328,G
2-PB1,487,2,1,0,1329,1332,C
2-PB1,488,0,1327,1,1,1329,T
2-PB1,489,1329,0,2,0,1331,A
2-PB1,490,1334,0,1,0,1335,A
2-PB1,491,0,1332,0,0,1332,T
2-PB1,492,1329,0,1,0,1330,A
2-PB1,493,1,3,1332,0,1336,G
2-PB1,494,1251,0,0,0,1251,A
2-PB1,495,0,1237,1,1,1239,T
2-PB1,496,0,1232,0,2,1234,T
2-PB1,497,2,1233,0,1,1236,T
2-PB1,498,2,0,0,1268,1270,C
2-PB1,499,6,0,0,1267,1273,C
2-PB1,500,0,1265,0,2,1267,T
2-PB1,501,2,0,0,1273,1275,C
2-PB1,502,1270,0,2,0,1272,A
2-PB1,503,1278,0,0,0,1278,A
2-PB1,504,0,5,1274,0,1279,G
2-PB1,505,0,3,1284,0,1287,G
2-PB1,506,1289,0,1,0,1290,A
2-PB1,507,0,1241,0,0,1241,T
2-PB1,508,2,1,1250,0,1253,G
2-PB1,509,0,1245,0,0,1245,T
2-PB1,510,0,5,1251,0,1256,G
2-PB1,511,1251,0,2,0,1253,A
2-PB1,512,0,1246,0,1,1247,T
2-PB1,513,1,1,1248,1,1251,G
2-PB1,514,0,3,1241,0,1244,G
2-PB1,515,1243,1,0,0,1244,A
2-PB1,516,1244,0,3,0,1247,A
2-PB1,517,0,1220,0,1,1221,T
2-PB1,518,2,0,0,1225,1227,C
2-PB1,519,1217,0,0,0,1217,A
2-PB1,520,1222,0,0,0,1222,A
2-PB1,521,0,1222,0,1,1223,T
2-PB1,522,2,1,1226,0,1229,G
2-PB1,523,0,3,1226,0,1229,G
2-PB1,524,1235,0,0,0,1235,A
2-PB1,525,0,1233,0,1,1234,T
2-PB1,526,1228,0,0,0,1228,A
2-PB1,527,1229,0,0,0,1229,A
2-PB1,528,1229,0,1,0,1230,A
2-PB1,529,1,4,1238,0,1243,G
2-PB1,530,1231,0,0,0,1231,A
2-PB1,531,0,1,1224,0,1225,G
2-PB1,532,0,2,1223,0,1225,G
2-PB1,533,1217,0,0,0,1217,A
2-PB1,534,1220,0,1,0,1221,A
2-PB1,535,1225,0,0,0,1225,A
2-PB1,536,0,1222,0,0,1222,T
2-PB1,537,1,7,1238,0,1246,G
2-PB1,538,1,9,1236,0,1246,G
2-PB1,539,1219,0,5,0,1224,A
2-PB1,540,0,4,1228,0,1232,G
2-PB1,541,1211,1,1,0,1213,A
2-PB1,542,0,1223,0,1,1224,T
2-PB1,543,1218,0,2,0,1220,A
2-PB1,544,1235,0,1,0,1236,A
2-PB1,545,0,0,0,1241,1241,C
2-PB1,546,1216,2,0,0,1218,A
2-PB1,547,1222,0,1,0,1223,A
2-PB1,548,0,0,0,1222,1222,C
2-PB1,549,1215,0,0,0,1215,A
2-PB1,550,1,0,0,1215,1216,C
2-PB1,551,1191,0,0,0,1191,A
2-PB1,552,0,0,0,1194,1194,C
2-PB1,553,1,1181,0,1,1183,T
2-PB1,554,0,1181,0,0,1181,T
2-PB1,555,0,1180,0,0,1180,T
2-PB1,556,0,2,0,1178,1180,C
2-PB1,557,1183,0,1,0,1184,A
2-PB1,558,1189,0,0,0,1189,A
2-PB1,559,1188,0,0,0,1188,A
2-PB1,560,1,2,1202,0,1205,G
2-PB1,561,1189,0,2,1,1192,A
2-PB1,562,1191,0,0,0,1191,A
2-PB1,563,1191,0,0,0,1191,A
2-PB1,564,1188,0,2,0,1190,A
2-PB1,565,1189,0,2,0,1191,A
2-PB1,566,0,4,1200,0,1204,G
2-PB1,567,0,8,1202,0,1210,G
2-PB1,568,1195,0,1,0,1196,A
2-PB1,569,0,6,1204,1,1211,G
2-PB1,570,1201,0,2,0,1203,A
2-PB1,571,0,3,1243,1,1247,G
2-PB1,572,1,1246,0,0,1247,T
2-PB1,573,1247,0,1,0,1248,A
2-PB1,574,1251,0,1,0,1252,A
2-PB1,575,0,6,1250,0,1256,G
2-PB1,576,1,10,1241,0,1252,G
2-PB1,577,2,9,1241,0,1252,G
2-PB1,578,1224,1,1,0,1226,A
2-PB1,579,1,0,0,1229,1230,C
2-PB1,580,1198,0,0,0,1198,A
2-PB1,581,1197,0,0,0,1197,A
2-PB1,582,1,3,0,1193,1197,C
2-PB1,583,1198,0,0,0,1198,A
2-PB1,584,0,1182,0,0,1182,T
2-PB1,585,1,11,1165,0,1177,G
2-PB1,586,1175,0,3,0,1178,A
2-PB1,587,2,0,0,1175,1177,C
2-PB1,588,9,1,0,1153,1163,C
2-PB1,589,1162,0,0,0,1162,A
2-PB1,590,1166,0,0,0,1166,A
2-PB1,591,0,1,1170,0,1171,G
2-PB1,592,1169,0,0,0,1169,A
2-PB1,593,1168,0,0,1,1169,A
2-PB1,594,1164,0,1,0,1165,A
2-PB1,595,1164,0,1,0,1165,A
2-PB1,596,0,1167,0,0,1167,T
2-PB1,597,0,6,1158,0,1164,G
2-PB1,598,0,2,1170,1,1173,G
2-PB1,599,0,1161,0,2,1163,T
2-PB1,600,11,0,0,1142,1153,C
2-PB1,601,1161,0,0,0,1161,A
2-PB1,602,2,0,0,1222,1224,C
2-PB1,603,1246,0,1,0,1247,A
2-PB1,604,0,0,0,1250,1250,C
2-PB1,605,1244,0,1,0,1245,A
2-PB1,606,1278,0,1,0,1279,A
2-PB1,607,1267,0,2,0,1269,A
2-PB1,608,1,4,1364,0,1369,G
2-PB1,609,1367,0,0,0,1367,A
2-PB1,610,1372,0,1,0,1373,A
2-PB1,611,4,0,0,1407,1411,C
2-PB1,612,1384,0,0,0,1384,A
2-PB1,613,1396,0,0,0,1396,A
2-PB1,614,0,1390,1,1,1392,T
2-PB1,615,1374,2,2,0,1378,A
2-PB1,616,1,9,1373,0,1383,G
2-PB1,617,0,5,1341,0,1346,G
2-PB1,618,0,2,1344,0,1346,G
2-PB1,619,1343,0,2,0,1345,A
2-PB1,620,1328,0,1,1,1330,A
2-PB1,621,0,3,1339,0,1342,G
2-PB1,622,1336,0,0,0,1336,A
2-PB1,623,1336,0,0,0,1336,A
2-PB1,624,1346,0,2,0,1348,A
2-PB1,625,1346,0,1,0,1347,A
2-PB1,626,1389,0,0,0,1389,A
2-PB1,627,1388,0,2,0,1390,A
2-PB1,628,0,0,0,1391,1391,C
2-PB1,629,1389,1,0,1,1391,A
2-PB1,630,1389,1,0,0,1390,A
2-PB1,631,1386,0,1,0,1387,A
2-PB1,632,0,7,1403,0,1410,G
2-PB1,633,1409,0,1,0,1410,A
2-PB1,634,3,0,1452,0,1455,G
2-PB1,635,0,1433,0,1,1434,T
2-PB1,636,0,7,1639,0,1646,G
2-PB1,637,1645,0,2,0,1647,A
2-PB1,638,1647,0,1,0,1648,A
2-PB1,639,0,1678,0,0,1678,T
2-PB1,640,1681,0,0,0,1681,A
2-PB1,641,1676,0,0,0,1676,A
2-PB1,642,0,17,1662,0,1679,G
2-PB1,643,1638,0,3,0,1641,A
2-PB1,644,1,3,1652,0,1656,G
2-PB1,645,1569,1,0,0,1570,A
2-PB1,646,0,5,1569,0,1574,G
2-PB1,647,0,1,1577,1,1579,G
2-PB1,648,1,2,0,1585,1588,C
2-PB1,649,0,1578,0,0,1578,T
2-PB1,650,1622,0,1,0,1623,A
2-PB1,651,1,1,1,1704,1707,C
2-PB1,652,7,0,0,1707,1714,C
2-PB1,653,0,1722,0,2,1724,T
2-PB1,654,1793,0,1,0,1794,A
2-PB1,655,1792,0,0,0,1792,A
2-PB1,656,0,1796,0,1,1797,T
2-PB1,657,1793,0,0,0,1793,A
2-PB1,658,1789,0,0,0,1789,A
2-PB1,659,0,6,1780,0,1786,G
2-PB1,660,1743,0,1,0,1744,A
2-PB1,661,0,0,1792,0,1792,G
2-PB1,662,1,0,1,1853,1855,C
2-PB1,663,0,1826,0,2,1828,T
2-PB1,664,1,1831,0,0,1832,T
2-PB1,665,0,1835,0,0,1835,T
2-PB1,666,168,10,1656,0,1834,G
2-PB1,667,1868,0,2,0,1870,A
2-PB1,668,0,0,0,1880,1880,C
2-PB1,669,1877,1,0,1,1879,A
2-PB1,670,0,1868,0,1,1869,T
2-PB1,671,0,1816,0,0,1816,T
2-PB1,672,0,18,1833,0,1851,G
2-PB1,673,1852,0,2,0,1854,A
2-PB1,674,1852,0,1,0,1853,A
2-PB1,675,2,0,1,1862,1865,C
2-PB1,676,1856,0,1,0,1857,A
2-PB1,677,0,4,0,1860,1864,C
2-PB1,678,0,6,1853,0,1859,G
2-PB1,679,1867,0,3,0,1870,A
2-PB1,680,0,1872,0,0,1872,T
2-PB1,681,1,18,1903,2,1924,G
2-PB1,682,1925,0,4,0,1929,A
2-PB1,683,0,1,0,1923,1924,C
2-PB1,684,8,0,0,1906,1914,C
2-PB1,685,1930,0,1,0,1931,A
2-PB1,686,1948,1,1,0,1950,A
2-PB1,687,1947,0,2,0,1949,A
2-PB1,688,0,3,1998,0,2001,G
2-PB1,689,2028,2,3,1,2034,A
2-PB1,690,0,2013,0,0,2013,T
2-PB1,691,1,4,2011,0,2016,G
2-PB1,692,2,0,0,2009,2011,C
2-PB1,693,2004,0,1,0,2005,A
2-PB1,694,0,5,2021,0,2026,G
2-PB1,695,2004,1,0,0,2005,A
2-PB1,696,2,6,1998,0,2006,G
2-PB1,697,1954,0,3,0,1957,A
2-PB1,698,1,7,1949,0,1957,G
2-PB1,699,1924,2,2,0,1928,A
2-PB1,700,2,7,1927,0,1936,G
2-PB1,701,0,1,1935,0,1936,G
2-PB1,702,0,2,0,1932,1934,C
2-PB1,703,1931,0,0,0,1931,A
2-PB1,704,1931,0,1,2,1934,A
2-PB1,705,1943,0,1,1,1945,A
2-PB1,706,0,1950,0,0,1950,T
2-PB1,707,0,1945,1,0,1946,T
2-PB1,708,1952,0,0,0,1952,A
2-PB1,709,1943,2,0,2,1947,A
2-PB1,710,1952,1,0,0,1953,A
2-PB1,711,1956,0,0,0,1956,A
2-PB1,712,1955,0,3,0,1958,A
2-PB1,713,0,4,1960,0,1964,G
2-PB1,714,1947,2,0,0,1949,A
2-PB1,715,1944,0,3,0,1947,A
2-PB1,716,1,15,1960,0,1976,G
2-PB1,717,0,11,2006,0,2017,G
2-PB1,718,0,0,2015,0,2015,G
2-PB1,719,2,0,1,2025,2028,C
2-PB1,720,0,2026,0,2,2028,T
2-PB1,721,2050,0,0,0,2050,A
2-PB1,722,0,2082,0,2,2084,T
2-PB1,723,0,2083,1,1,2085,T
2-PB1,724,0,0,2093,0,2093,G
2-PB1,725,1,3,0,2085,2089,C
2-PB1,726,2030,0,4,0,2034,A
2-PB1,727,2040,0,1,0,2041,A
2-PB1,728,0,2,0,2056,2058,C
2-PB1,729,2054,0,1,0,2055,A
2-PB1,730,4,0,0,2053,2057,C
2-PB1,731,4,0,0,2022,2026,C
2-PB1,732,5,53,0,1973,2031,C
2-PB1,733,3,14,2002,0,2019,G
2-PB1,734,1,2,2029,1,2033,G
2-PB1,735,0,9,2021,0,2030,G
2-PB1,736,2032,0,2,0,2034,A
2-PB1,737,0,2005,0,1,2006,T
2-PB1,738,1,0,2010,0,2011,G
2-PB1,739,0,0,1,2006,2007,C
2-PB1,740,2032,0,0,0,2032,A
2-PB1,741,2060,1,0,0,2061,A
2-PB1,742,2081,0,0,1,2082,A
2-PB1,743,0,2082,1,0,2083,T
2-PB1,744,0,2082,0,0,2082,T
2-PB1,745,2067,0,1,0,2068,A
2-PB1,746,0,5,2064,0,2069,G
2-PB1,747,2054,1,3,0,2058,A
2-PB1,748,0,6,2058,0,2064,G
2-PB1,749,0,10,2045,0,2055,G
2-PB1,750,1,3,2091,0,2095,G
2-PB1,751,0,2100,0,1,2101,T
2-PB1,752,0,2097,0,1,2098,T
2-PB1,753,13,2,0,2081,2096,C
2-PB1,754,1,0,2116,0,2117,G
2-PB1,755,0,2110,1,2,2113,T
2-PB1,756,0,0,2116,0,2116,G
2-PB1,757,0,2111,0,2,2113,T
2-PB1,758,2101,0,1,0,2102,A
2-PB1,759,2,0,0,2092,2094,C
2-PB1,760,0,2013,0,4,2017,T
2-PB1,761,1,2022,0,0,2023,T
2-PB1,762,6,2,0,2011,2019,C
2-PB1,763,2,2,2011,0,2015,G
2-PB1,764,0,2012,0,2,2014,T
2-PB1,765,0,2007,0,3,2010,T
2-PB1,766,1,9,2004,0,2014,G
2-PB1,767,2009,0,0,0,2009,A
2-PB1,768,1999,0,1,1,2001,A
2-PB1,769,2010,1,0,0,2011,A
2-PB1,770,0,0,0,2020,2020,C
2-PB1,771,1,1999,0,1,2001,T
2-PB1,772,0,1992,0,0,1992,T
2-PB1,773,0,1992,0,1,1993,T
2-PB1,774,2027,0,2,0,2029,A
2-PB1,775,1,0,2037,0,2038,G
2-PB1,776,0,0,0,2042,2042,C
2-PB1,777,0,2040,0,1,2041,T
2-PB1,778,2023,0,1,0,2024,A
2-PB1,779,1,6,2013,0,2020,G
2-PB1,780,2014,0,1,0,2015,A
2-PB1,781,2016,0,3,1,2020,A
2-PB1,782,2,0,2018,0,2020,G
2-PB1,783,6,1,0,1984,1991,C
2-PB1,784,1997,0,0,0,1997,A
2-PB1,785,0,1994,0,0,1994,T
2-PB1,786,0,1997,0,0,1997,T
2-PB1,787,1,1992,0,0,1993,T
2-PB1,788,0,0,1996,0,1996,G
2-PB1,789,3,1,0,1982,1986,C
2-PB1,790,1,5,1989,0,1995,G
2-PB1,791,1987,0,2,0,1989,A
2-PB1,792,1979,0,3,0,1982,A
2-PB1,793,1990,0,1,0,1991,A
2-PB1,794,2045,0,2,0,2047,A
2-PB1,795,0,2,2077,0,2079,G
2-PB1,796,0,1,0,2073,2074,C
2-PB1,797,1,2078,0,1,2080,T
2-PB1,798,0,2074,0,0,2074,T
2-PB1,799,1,14,2067,0,2082,G
2-PB1,800,2078,0,1,0,2079,A
2-PB1,801,2081,0,2,0,2083,A
2-PB1,802,1,2,0,2091,2094,C
2-PB1,803,2035,0,2,0,2037,A
2-PB1,804,0,1,2163,0,2164,G
2-PB1,805,1,2147,0,0,2148,T
2-PB1,806,10,2,0,2139,2151,C
2-PB1,807,0,2144,0,4,2148,T
2-PB1,808,0,2,2160,0,2162,G
2-PB1,809,0,9,2153,0,2162,G
2-PB1,810,2158,0,0,1,2159,A
2-PB1,811,2,0,1,2163,2166,C
2-PB1,812,1,2102,0,1,2104,T
2-PB1,813,0,1990,0,3,1993,T
2-PB1,814,6,0,0,1988,1994,C
2-PB1,815,4,1,0,1983,1988,C
2-PB1,816,2,13,1981,0,1996,G
2-PB1,817,0,0,2000,0,2000,G
2-PB1,818,0,1988,0,1,1989,T
2-PB1,819,0,1978,1,1,1980,T
2-PB1,820,1,6,1973,0,1980,G
2-PB1,821,0,8,1977,0,1985,G
2-PB1,822,2,9,1982,0,1993,G
2-PB1,823,1,3,1987,0,1991,G
2-PB1,824,1,1,2002,0,2004,G
2-PB1,825,0,1993,0,0,1993,T
2-PB1,826,2001,0,1,0,2002,A
2-PB1,827,2011,0,2,0,2013,A
2-PB1,828,1,2015,0,1,2017,T
2-PB1,829,0,13,2011,1,2025,G
2-PB1,830,2001,0,0,0,2001,A
2-PB1,831,1977,1,1,0,1979,A
2-PB1,832,1980,0,1,0,1981,A
2-PB1,833,1968,0,2,0,1970,A
2-PB1,834,0,1,1970,0,1971,G
2-PB1,835,1953,1,1,0,1955,A
2-PB1,836,1940,0,1,0,1941,A
2-PB1,837,0,2,1944,0,1946,G
2-PB1,838,0,2,1943,0,1945,G
2-PB1,839,2,1,0,1929,1932,C
2-PB1,840,13,1,0,1920,1934,C
2-PB1,841,1938,0,2,0,1940,A
2-PB1,842,1942,0,0,0,1942,A
2-PB1,843,1946,0,1,0,1947,A
2-PB1,844,0,0,1,1945,1946,C
2-PB1,845,1,1936,0,0,1937,T
2-PB1,846,0,8,1948,0,1956,G
2-PB1,847,2,3,1948,0,1953,G
2-PB1,848,1,0,0,1956,1957,C
2-PB1,849,1958,0,0,0,1958,A
2-PB1,850,1957,0,1,0,1958,A
2-PB1,851,1960,1,0,0,1961,A
2-PB1,852,0,1955,0,4,1959,T
2-PB1,853,2,1,1960,0,1963,G
2-PB1,854,0,1954,1,0,1955,T
2-PB1,855,0,1913,0,1,1914,T
2-PB1,856,0,1,1913,0,1914,G
2-PB1,857,0,1915,0,1,1916,T
2-PB1,858,7,9,1903,0,1919,G
2-PB1,859,1916,0,2,0,1918,A
2-PB1,860,1,5,1923,0,1929,G
2-PB1,861,1926,0,0,0,1926,A
2-PB1,862,1911,0,0,0,1911,A
2-PB1,863,1910,0,1,0,1911,A
2-PB1,864,1918,0,0,0,1918,A
2-PB1,865,1925,0,0,0,1925,A
2-PB1,866,0,1919,0,0,1919,T
2-PB1,867,0,5,1915,0,1920,G
2-PB1,868,1919,0,2,0,1921,A
2-PB1,869,0,1896,0,0,1896,T
2-PB1,870,0,9,1899,0,1908,G
2-PB1,871,1908,1,2,0,1911,A
2-PB1,872,2,1,0,1923,1926,C
2-PB1,873,1,1921,0,1,1923,T
2-PB1,874,1915,0,0,0,1915,A
2-PB1,875,1926,1,5,1,1933,A
2-PB1,876,2,1932,0,0,1934,T
2-PB1,877,0,1943,0,0,1943,T
2-PB1,878,13,0,0,1936,1949,C
2-PB1,879,1953,1,0,0,1954,A
2-PB1,880,0,1,0,1953,1954,C
2-PB1,881,1931,1,1,0,1933,A
2-PB1,882,1933,0,3,1,1937,A
2-PB1,883,0,13,1919,0,1932,G
2-PB1,884,1961,0,3,0,1964,A
2-PB1,885,1,0,0,1959,1960,C
2-PB1,886,1951,0,1,0,1952,A
2-PB1,887,3,1,0,1951,1955,C
2-PB1,888,1942,0,1,0,1943,A
2-PB1,889,1,5,1943,0,1949,G
2-PB1,890,1943,0,0,0,1943,A
2-PB1,891,2,0,1959,0,1961,G
2-PB1,892,0,0,0,1949,1949,C
2-PB1,893,0,1895,0,3,1898,T
2-PB1,894,0,1924,0,0,1924,T
2-PB1,895,0,1918,0,0,1918,T
2-PB1,896,10,2,0,1910,1922,C
2-PB1,897,1,1914,0,2,1917,T
2-PB1,898,1,1896,1,3,1901,T
2-PB1,899,1,1894,0,4,1899,T
2-PB1,900,2,0,0,1926,1928,C
2-PB1,901,1924,0,1,0,1925,A
2-PB1,902,2,0,0,1928,1930,C
2-PB1,903,1909,1,0,1,1911,A
2-PB1,904,1771,0,147,0,1918,A
2-PB1,905,2,1931,0,1,1934,T
2-PB1,906,9,0,0,1948,1957,C
2-PB1,907,1959,0,1,0,1960,A
2-PB1,908,0,3,0,1960,1963,C
2-PB1,909,1,1910,0,1,1912,T
2-PB1,910,2,3,1921,0,1926,G
2-PB1,911,1,9,1905,0,1915,G
2-PB1,912,2,4,1947,0,1953,G
2-PB1,913,2,9,1933,1,1945,G
2-PB1,914,1914,2,2,0,1918,A
2-PB1,915,0,1,1,1831,1833,C
2-PB1,916,1863,0,0,0,1863,A
2-PB1,917,1947,0,0,0,1947,A
2-PB1,918,2,1,0,1961,1964,C
2-PB1,919,1949,0,2,0,1951,A
2-PB1,920,2,0,0,1945,1947,C
2-PB1,921,0,1863,0,0,1863,T
2-PB1,922,1872,0,1,0,1873,A
2-PB1,923,1872,0,0,0,1872,A
2-PB1,924,1,3,1877,0,1881,G
2-PB1,925,0,1870,0,1,1871,T
2-PB1,926,0,10,1729,0,1739,G
2-PB1,927,0,2,1726,0,1728,G
2-PB1,928,1716,0,4,0,1720,A
2-PB1,929,1723,0,2,0,1725,A
2-PB1,930,1,1716,0,0,1717,T
2-PB1,931,0,8,1703,1,1712,G
2-PB1,932,1712,0,0,0,1712,A
2-PB1,933,1687,0,0,0,1687,A
2-PB1,934,1688,0,1,1,1690,A
2-PB1,935,1699,1,0,0,1700,A
2-PB1,936,0,1692,0,0,1692,T
2-PB1,937,7,0,0,1686,1693,C
2-PB1,938,1691,1,1,0,1693,A
2-PB1,939,1691,0,0,0,1691,A
2-PB1,940,1680,1,3,0,1684,A
2-PB1,941,1686,0,1,1,1688,A
2-PB1,942,1,1,0,1686,1688,C
2-PB1,943,3,0,0,1673,1676,C
2-PB1,944,10,0,0,1664,1674,C
2-PB1,945,0,1670,1,0,1671,T
2-PB1,946,7,1,0,1667,1675,C
2-PB1,947,0,5,1671,0,1676,G
2-PB1,948,1674,0,0,1,1675,A
2-PB1,949,1677,0,0,0,1677,A
2-PB1,950,1,1664,0,2,1667,T
2-PB1,951,2,1,1669,0,1672,G
2-PB1,952,0,1648,0,1,1649,T
2-PB1,953,0,1646,0,1,1647,T
2-PB1,954,0,1652,0,0,1652,T
2-PB1,955,1,1650,0,0,1651,T
2-PB1,956,0,1651,0,1,1652,T
2-PB1,957,0,8,1643,0,1651,G
2-PB1,958,0,0,1651,0,1651,G
2-PB1,959,1,0,0,1640,1641,C
2-PB1,960,2,4,1618,0,1624,G
2-PB1,961,1619,0,0,0,1619,A
2-PB1,962,0,1651,0,0,1651,T
2-PB1,963,0,2,1708,0,1710,G
2-PB1,964,1792,0,0,0,1792,A
2-PB1,965,1,1793,0,2,1796,T
2-PB1,966,0,1797,0,0,1797,T
2-PB1,967,1802,1,2,0,1805,A
2-PB1,968,0,1,0,1809,1810,C
2-PB1,969,1810,0,0,0,1810,A
2-PB1,970,0,1804,0,0,1804,T
2-PB1,971,1724,0,1,0,1725,A
2-PB1,972,0,0,0,1727,1727,C
2-PB1,973,1545,0,0,0,1545,A
2-PB1,974,0,1541,0,2,1543,T
2-PB1,975,5,1,0,1537,1543,C
2-PB1,976,1526,0,0,0,1526,A
2-PB1,977,1,0,0,1522,1523,C
2-PB1,978,1510,1,0,0,1511,A
2-PB1,979,1511,0,1,0,1512,A
2-PB1,980,1510,0,0,0,1510,A
2-PB1,981,0,8,1453,0,1461,G
2-PB1,982,1528,0,0,0,1528,A
2-PB1,983,1528,0,3,0,1531,A
2-PB1,984,0,1531,0,0,1531,T
2-PB1,985,10,2,0,1523,1535,C
2-PB1,986,1534,0,2,0,1536,A
2-PB1,987,1547,0,1,0,1548,A
2-PB1,988,2,1,0,1545,1548,C
2-PB1,989,2,2,0,1545,1549,C
2-PB1,990,2,1453,0,1,1456,T
2-PB1,991,0,10,1453,0,1463,G
2-PB1,992,1458,1,1,0,1460,A
2-PB1,993,0,0,1463,0,1463,G
2-PB1,994,0,1452,0,1,1453,T
2-PB1,995,0,12,1409,0,1421,G
2-PB1,996,1,1,1486,0,1488,G
2-PB1,997,0,1476,0,1,1477,T
2-PB1,998,0,1480,0,0,1480,T
2-PB1,999,13,0,0,1467,1480,C
2-PB1,1000,1452,1,1,0,1454,A
2-PB1,1001,0,1,1480,0,1481,G
2-PB1,1002,1482,0,0,0,1482,A
2-PB1,1003,1482,0,0,0,1482,A
2-PB1,1004,1474,0,0,0,1474,A
2-PB1,1005,1,0,0,1360,1361,C
2-PB1,1006,1372,0,0,0,1372,A
2-PB1,1007,0,1370,0,0,1370,T
2-PB1,1008,5,0,0,1369,1374,C
2-PB1,1009,0,0,0,1381,1381,C
2-PB1,1010,1,1326,0,4,1331,T
2-PB1,1011,0,10,1328,0,1338,G
2-PB1,1012,1326,1,2,0,1329,A
2-PB1,1013,0,0,1344,0,1344,G
2-PB1,1014,1,1,0,1337,1339,C
2-PB1,1015,1297,0,2,0,1299,A
2-PB1,1016,0,1305,0,0,1305,T
2-PB1,1017,7,1,0,1281,1289,C
2-PB1,1018,0,0,1292,0,1292,G
2-PB1,1019,0,1,0,1332,1333,C
2-PB1,1020,1336,1,0,0,1337,A
2-PB1,1021,0,1,0,1381,1382,C
2-PB1,1022,4,0,0,1385,1389,C
2-PB1,1023,1389,1,1,0,1391,A
2-PB1,1024,1414,0,0,0,1414,A
2-PB1,1025,0,1410,0,1,1411,T
2-PB1,1026,1411,0,0,0,1411,A
2-PB1,1027,1414,1,1,0,1416,A
2-PB1,1028,1,1379,0,0,1380,T
2-PB1,1029,2,2,1377,0,1381,G
2-PB1,1030,0,1337,0,0,1337,T
2-PB1,1031,0,1322,0,3,1325,T
2-PB1,1032,9,0,0,1320,1329,C
2-PB1,1033,0,1317,0,3,1320,T
2-PB1,1034,6,1,0,1317,1324,C
2-PB1,1035,1321,0,2,0,1323,A
2-PB1,1036,1323,0,0,0,1323,A
2-PB1,1037,1326,0,0,0,1326,A
2-PB1,1038,0,0,0,1327,1327,C
2-PB1,1039,1319,1,1,0,1321,A
2-PB1,1040,1319,0,0,0,1319,A
2-PB1,1041,1313,0,0,0,1313,A
2-PB1,1042,1324,0,3,0,1327,A
2-PB1,1043,0,1342,0,2,1344,T
2-PB1,1044,0,4,1345,0,1349,G
2-PB1,1045,0,0,1345,0,1345,G
2-PB1,1046,0,1,0,1342,1343,C
2-PB1,1047,1342,0,3,0,1345,A
2-PB1,1048,1342,0,1,0,1343,A
2-PB1,1049,0,9,1340,0,1349,G
2-PB1,1050,1353,0,2,0,1355,A
2-PB1,1051,2,1,0,1354,1357,C
2-PB1,1052,0,1338,0,0,1338,T
2-PB1,1053,0,8,1352,0,1360,G
2-PB1,1054,0,2,1360,0,1362,G
2-PB1,1055,0,3,1364,0,1367,G
2-PB1,1056,1370,0,3,0,1373,A
2-PB1,1057,1370,0,1,0,1371,A
2-PB1,1058,1363,0,0,0,1363,A
2-PB1,1059,1347,1,1,0,1349,A
2-PB1,1060,0,2,1396,0,1398,G
2-PB1,1061,0,2,1395,0,1397,G
2-PB1,1062,1382,0,3,1,1386,A
2-PB1,1063,0,1369,0,1,1370,T
2-PB1,1064,1363,0,1,0,1364,A
2-PB1,1065,0,0,0,1365,1365,C
2-PB1,1066,1390,0,0,0,1390,A
2-PB1,1067,0,1384,0,1,1385,T
2-PB1,1068,0,0,1409,0,1409,G
2-PB1,1069,1,1379,0,1,1381,T
2-PB1,1070,2,1375,0,0,1377,T
2-PB1,1071,10,0,0,1366,1376,C
2-PB1,1072,1,9,1366,1,1377,G
2-PB1,1073,1377,0,0,0,1377,A
2-PB1,1074,0,10,1398,0,1408,G
2-PB1,1075,1387,0,2,0,1389,A
2-PB1,1076,0,5,1402,0,1407,G
2-PB1,1077,0,1392,0,1,1393,T
2-PB1,1078,1386,0,2,0,1388,A
2-PB1,1079,1393,0,2,0,1395,A
2-PB1,1080,0,3,1400,0,1403,G
2-PB1,1081,1399,1,0,0,1400,A
2-PB1,1082,0,2,1418,0,1420,G
2-PB1,1083,1393,0,1,0,1394,A
2-PB1,1084,1402,0,0,0,1402,A
2-PB1,1085,0,1389,0,1,1390,T
2-PB1,1086,0,3,1383,0,1386,G
2-PB1,1087,1382,0,3,0,1385,A
2-PB1,1088,1379,0,2,0,1381,A
2-PB1,1089,0,0,1383,0,1383,G
2-PB1,1090,1,0,0,1370,1371,C
2-PB1,1091,0,1363,0,0,1363,T
2-PB1,1092,10,2,0,1356,1368,C
2-PB1,1093,2,2,0,1363,1367,C
2-PB1,1094,3,4,1373,0,1380,G
2-PB1,1095,2,6,1370,1,1379,G
2-PB1,1096,1385,0,0,0,1385,A
2-PB1,1097,1,1,0,1403,1405,C
2-PB1,1098,1393,0,1,0,1394,A
2-PB1,1099,1,0,0,1406,1407,C
2-PB1,1100,1408,0,0,0,1408,A
2-PB1,1101,1402,0,0,0,1402,A
2-PB1,1102,1407,0,0,1,1408,A
2-PB1,1103,0,1404,0,0,1404,T
2-PB1,1104,1407,0,2,0,1409,A
2-PB1,1105,0,0,0,1411,1411,C
2-PB1,1106,2,0,0,1383,1385,C
2-PB1,1107,1,1362,0,0,1363,T
2-PB1,1108,2,2,1378,0,1382,G
2-PB1,1109,0,1,0,1384,1385,C
2-PB1,1110,1382,0,0,0,1382,A
2-PB1,1111,0,2,1382,0,1384,G
2-PB1,1112,1371,0,0,1,1372,A
2-PB1,1113,1372,0,0,1,1373,A
2-PB1,1114,1378,0,0,0,1378,A
2-PB1,1115,0,1375,0,0,1375,T
2-PB1,1116,2,1,1375,0,1378,G
2-PB1,1117,2,0,1,1367,1370,C
2-PB1,1118,0,1369,0,2,1371,T
2-PB1,1119,1380,0,2,0,1382,A
2-PB1,1120,0,0,1382,0,1382,G
2-PB1,1121,0,1,0,1382,1383,C
2-PB1,1122,1378,1,1,0,1380,A
2-PB1,1123,1375,0,0,1,1376,A
2-PB1,1124,1,0,1372,0,1373,G
2-PB1,1125,1,1,0,1364,1366,C
2-PB1,1126,1355,0,1,0,1356,A
2-PB1,1127,0,1388,0,0,1388,T
2-PB1,1128,0,1391,0,1,1392,T
2-PB1,1129,0,4,1423,0,1427,G
2-PB1,1130,1438,0,2,0,1440,A
2-PB1,1131,4,1,0,1435,1440,C
2-PB1,1132,5,1,0,1431,1437,C
2-PB1,1133,1,1399,0,3,1403,T
2-PB1,1134,1,2,1427,0,1430,G
2-PB1,1135,1432,1,0,0,1433,A
2-PB1,1136,1431,0,2,0,1433,A
2-PB1,1137,0,2,1453,0,1455,G
2-PB1,1138,0,1404,0,0,1404,T
2-PB1,1139,1417,0,1,0,1418,A
2-PB1,1140,0,1407,1,1,1409,T
2-PB1,1141,3,1401,0,0,1404,T
2-PB1,1142,0,1398,0,2,1400,T
2-PB1,1143,4,0,0,1378,1382,C
2-PB1,1144,1379,0,2,0,1381,A
2-PB1,1145,1383,0,0,0,1383,A
2-PB1,1146,0,1361,0,0,1361,T
2-PB1,1147,0,8,1354,0,1362,G
2-PB1,1148,1352,0,0,0,1352,A
2-PB1,1149,1359,0,2,0,1361,A
2-PB1,1150,0,1354,0,1,1355,T
2-PB1,1151,12,1,0,1352,1365,C
2-PB1,1152,1361,0,1,0,1362,A
2-PB1,1153,1367,1,0,0,1368,A
2-PB1,1154,0,0,0,1365,1365,C
2-PB1,1155,1364,0,2,0,1366,A
2-PB1,1156,1358,1,1,0,1360,A
2-PB1,1157,0,5,1357,0,1362,G
2-PB1,1158,1,3,1363,0,1367,G
2-PB1,1159,1369,1,1,0,1371,A
2-PB1,1160,1364,0,2,0,1366,A
2-PB1,1161,0,3,1362,0,1365,G
2-PB1,1162,1367,0,1,0,1368,A
2-PB1,1163,1363,0,0,0,1363,A
2-PB1,1164,1363,0,0,0,1363,A
2-PB1,1165,1363,0,0,0,1363,A
2-PB1,1166,0,1356,0,2,1358,T
2-PB1,1167,1,1347,0,1,1349,T
2-PB1,1168,1,8,1341,0,1350,G
2-PB1,1169,1346,0,2,0,1348,A
2-PB1,1170,0,4,1347,0,1351,G
2-PB1,1171,1353,0,0,0,1353,A
2-PB1,1172,1364,0,0,0,1364,A
2-PB1,1173,1381,0,0,0,1381,A
2-PB1,1174,1381,0,0,0,1381,A
2-PB1,1175,0,1380,1,0,1381,T
2-PB1,1176,1385,0,0,0,1385,A
2-PB1,1177,1381,0,0,0,1381,A
2-PB1,1178,1,2,1389,0,1392,G
2-PB1,1179,0,1,1391,0,1392,G
2-PB1,1180,1,2,0,1383,1386,C
2-PB1,1181,6,0,0,1370,1376,C
2-PB1,1182,0,1371,0,3,1374,T
2-PB1,1183,3,0,0,1519,1522,C
2-PB1,1184,0,1537,0,1,1538,T
2-PB1,1185,0,1542,0,0,1542,T
2-PB1,1186,5,1,0,1572,1578,C
2-PB1,1187,0,1561,2,3,1566,T
2-PB1,1188,1567,0,0,0,1567,A
2-PB1,1189,1564,1,1,0,1566,A
2-PB1,1190,1,1565,0,0,1566,T
2-PB1,1191,1576,0,0,0,1576,A
2-PB1,1192,0,2,1539,0,1541,G
2-PB1,1193,1429,2,0,0,1431,A
2-PB1,1194,2,1429,1,0,1432,T
2-PB1,1195,3,10,1401,0,1414,G
2-PB1,1196,2,1,1431,0,1434,G
2-PB1,1197,1,0,0,1429,1430,C
2-PB1,1198,1428,0,1,0,1429,A
2-PB1,1199,0,0,0,1432,1432,C
2-PB1,1200,1410,0,3,0,1413,A
2-PB1,1201,1,1,1473,0,1475,G
2-PB1,1202,2,0,0,1470,1472,C
2-PB1,1203,1471,1,2,0,1474,A
2-PB1,1204,1,1490,0,2,1493,T
2-PB1,1205,1,0,0,1480,1481,C
2-PB1,1206,1492,0,0,2,1494,A
2-PB1,1207,0,1492,1,1,1494,T
2-PB1,1208,1,1476,0,0,1477,T
2-PB1,1209,0,4,1469,0,1473,G
2-PB1,1210,1422,0,3,0,1425,A
2-PB1,1211,0,2,1460,0,1462,G
2-PB1,1212,0,0,1,1457,1458,C
2-PB1,1213,7,0,0,1440,1447,C
2-PB1,1214,3,2,0,1459,1464,C
2-PB1,1215,0,1450,0,3,1453,T
2-PB1,1216,0,2,1583,0,1585,G
2-PB1,1217,0,5,1621,0,1626,G
2-PB1,1218,1620,0,2,0,1622,A
2-PB1,1219,1683,0,1,0,1684,A
2-PB1,1220,0,1647,0,1,1648,T
2-PB1,1221,1,8,1688,0,1697,G
2-PB1,1222,1740,0,1,1,1742,A
2-PB1,1223,0,1737,0,1,1738,T
2-PB1,1224,0,2,1737,1,1740,G
2-PB1,1225,1727,1,0,0,1728,A
2-PB1,1226,0,1709,0,1,1710,T
2-PB1,1227,0,9,1700,1,1710,G
2-PB1,1228,1,7,1728,1,1737,G
2-PB1,1229,0,1,1739,0,1740,G
2-PB1,1230,1,1,0,1726,1728,C
2-PB1,1231,1740,0,0,0,1740,A
2-PB1,1232,0,1738,0,0,1738,T
2-PB1,1233,0,0,1802,0,1802,G
2-PB1,1234,1,1795,0,4,1800,T
2-PB1,1235,0,1811,0,0,1811,T
2-PB1,1236,16,0,0,1794,1810,C
2-PB1,1237,1794,0,4,0,1798,A
2-PB1,1238,1802,0,1,0,1803,A
2-PB1,1239,1,1,0,1808,1810,C
2-PB1,1240,1813,1,1,2,1817,A
2-PB1,1241,0,1819,0,0,1819,T
2-PB1,1242,0,1,1870,0,1871,G
2-PB1,1243,0,0,0,1865,1865,C
2-PB1,1244,0,1862,0,3,1865,T
2-PB1,1245,1894,1,1,1,1897,A
2-PB1,1246,1898,0,0,0,1898,A
2-PB1,1247,0,2,1944,0,1946,G
2-PB1,1248,1,1939,0,1,1941,T
2-PB1,1249,1934,0,1,0,1935,A
2-PB1,1250,1,5,0,1942,1948,C
2-PB1,1251,1,8,1940,0,1949,G
2-PB1,1252,1,0,2084,0,2085,G
2-PB1,1253,0,2079,0,1,2080,T
2-PB1,1254,0,2076,0,0,2076,T
2-PB1,1255,0,2073,1,2,2076,T
2-PB1,1256,0,2064,1,1,2066,T
2-PB1,1257,2065,0,3,0,2068,A
2-PB1,1258,0,7,2063,0,2070,G
2-PB1,1259,1,9,2056,1,2067,G
2-PB1,1260,2029,0,1,0,2030,A
2-PB1,1261,1,0,2019,2,2022,G
2-PB1,1262,0,2029,0,0,2029,T
2-PB1,1263,4,0,0,2029,2033,C
2-PB1,1264,0,2031,2,2,2035,T
2-PB1,1265,7,1,1,2028,2037,C
2-PB1,1266,1,14,2025,0,2040,G
2-PB1,1267,2100,0,1,1,2102,A
2-PB1,1268,0,2103,0,0,2103,T
2-PB1,1269,2105,0,1,0,2106,A
2-PB1,1270,1,1,0,2110,2112,C
2-PB1,1271,0,2070,0,3,2073,T
2-PB1,1272,0,10,2070,0,2080,G
2-PB1,1273,2078,1,2,1,2082,A
2-PB1,1274,2124,0,0,0,2124,A
2-PB1,1275,0,2122,0,2,2124,T
2-PB1,1276,6,0,0,2068,2074,C
2-PB1,1277,1,2069,0,2,2072,T
2-PB1,1278,0,2060,0,1,2061,T
2-PB1,1279,0,10,2051,1,2062,G
2-PB1,1280,2,10,2056,0,2068,G
2-PB1,1281,2060,0,2,0,2062,A
2-PB1,1282,1,2,0,2068,2071,C
2-PB1,1283,2041,2,0,0,2043,A
2-PB1,1284,2052,0,0,0,2052,A
2-PB1,1285,2058,0,0,0,2058,A
2-PB1,1286,2059,0,5,0,2064,A
2-PB1,1287,0,3,2109,0,2112,G
2-PB1,1288,2109,0,2,0,2111,A
2-PB1,1289,2112,0,0,0,2112,A
2-PB1,1290,2113,0,0,0,2113,A
2-PB1,1291,0,2110,0,2,2112,T
2-PB1,1292,2113,0,4,0,2117,A
2-PB1,1293,1,2,0,2193,2196,C
2-PB1,1294,2178,1,3,0,2182,A
2-PB1,1295,5,1,1,2179,2186,C
2-PB1,1296,7,1,0,2147,2155,C
2-PB1,1297,2156,0,1,0,2157,A
2-PB1,1298,2181,0,2,0,2183,A
2-PB1,1299,0,9,2240,0,2249,G
2-PB1,1300,2271,1,1,0,2273,A
2-PB1,1301,1,0,0,2293,2294,C
2-PB1,1302,2246,3,2,0,2251,A
2-PB1,1303,2325,0,3,0,2328,A
2-PB1,1304,7,1,0,2339,2347,C
2-PB1,1305,2367,0,2,1,2370,A
2-PB1,1306,2,2374,0,0,2376,T
2-PB1,1307,2361,0,0,0,2361,A
2-PB1,1308,2,0,0,2413,2415,C
2-PB1,1309,1,2353,0,0,2354,T
2-PB1,1310,2,7,2386,0,2395,G
2-PB1,1311,0,2,2397,1,2400,G
2-PB1,1312,0,2342,0,1,2343,T
2-PB1,1313,2,8,2326,0,2336,G
2-PB1,1314,4,8,2294,0,2306,G
2-PB1,1315,0,0,2319,1,2320,G
2-PB1,1316,2320,1,0,0,2321,A
2-PB1,1317,0,2284,0,1,2285,T
2-PB1,1318,1,11,2268,0,2280,G
2-PB1,1319,0,4,2275,0,2279,G
2-PB1,1320,0,4,2288,0,2292,G
2-PB1,1321,2,1,0,2321,2324,C
2-PB1,1322,0,2312,0,3,2315,T
2-PB1,1323,11,0,0,2313,2324,C
2-PB1,1324,5,1,1,2315,2322,C
2-PB1,1325,2323,0,0,0,2323,A
2-PB1,1326,2331,0,0,0,2331,A
2-PB1,1327,1,2325,1,0,2327,T
2-PB1,1328,4,2,0,2315,2321,C
2-PB1,1329,13,1,0,2286,2300,C
2-PB1,1330,0,2274,0,1,2275,T
2-PB1,1331,3,0,0,2275,2278,C
2-PB1,1332,5,0,0,2261,2266,C
2-PB1,1333,1,5,2260,0,2266,G
2-PB1,1334,2264,0,4,0,2268,A
2-PB1,1335,1,2,0,2260,2263,C
2-PB1,1336,3,13,2254,0,2270,G
2-PB1,1337,2292,0,0,0,2292,A
2-PB1,1338,0,2287,0,0,2287,T
2-PB1,1339,0,2280,1,2,2283,T
2-PB1,1340,0,2275,0,1,2276,T
2-PB1,1341,2,2288,1,0,2291,T
2-PB1,1342,2,5,2288,0,2295,G
2-PB1,1343,1,1,0,2311,2313,C
2-PB1,1344,11,2,2,2300,2315,C
2-PB1,1345,13,1,0,2354,2368,C
2-PB1,1346,0,2335,0,3,2338,T
2-PB1,1347,5,0,0,2418,2423,C
2-PB1,1348,2431,0,2,0,2433,A
2-PB1,1349,0,2443,0,2,2445,T
2-PB1,1350,2446,0,1,0,2447,A
2-PB1,1351,2,3,2464,0,2469,G
2-PB1,1352,2,2430,0,0,2432,T
2-PB1,1353,1,6,2433,1,2441,G
2-PB1,1354,2362,2,0,0,2364,A
2-PB1,1355,2364,1,1,0,2366,A
2-PB1,1356,0,2303,1,0,2304,T
2-PB1,1357,0,0,2299,0,2299,G
2-PB1,1358,1,3,1,2319,2324,C
2-PB1,1359,2325,0,1,0,2326,A
2-PB1,1360,2,2,1,2319,2324,C
2-PB1,1361,6,0,0,2302,2308,C
2-PB1,1362,2295,0,1,0,2296,A
2-PB1,1363,2294,0,0,0,2294,A
2-PB1,1364,2294,0,0,0,2294,A
2-PB1,1365,1,2255,0,1,2257,T
2-PB1,1366,2,0,0,2334,2336,C
2-PB1,1367,2334,0,3,0,2337,A
2-PB1,1368,0,2338,0,1,2339,T
2-PB1,1369,1,6,2328,0,2335,G
2-PB1,1370,2332,0,3,2,2337,A
2-PB1,1371,0,10,2343,0,2353,G
2-PB1,1372,0,9,2351,0,2360,G
2-PB1,1373,2,13,2349,0,2364,G
2-PB1,1374,2340,1,4,2,2347,A
2-PB1,1375,2372,0,4,1,2377,A
2-PB1,1376,0,2383,0,1,2384,T
2-PB1,1377,2391,0,2,1,2394,A
2-PB1,1378,1,3,0,2399,2403,C
2-PB1,1379,2402,0,2,1,2405,A
2-PB1,1380,2400,2,5,1,2408,A
2-PB1,1381,1,0,2403,0,2404,G
2-PB1,1382,2,3,0,2382,2387,C
2-PB1,1383,2375,0,0,1,2376,A
2-PB1,1384,2,3,2404,0,2409,G
2-PB1,1385,0,5,2404,0,2409,G
2-PB1,1386,2393,0,4,0,2397,A
2-PB1,1387,0,7,2401,0,2408,G
2-PB1,1388,0,2359,0,0,2359,T
2-PB1,1389,1,13,2365,0,2379,G
2-PB1,1390,7,1,2382,0,2390,G
2-PB1,1391,2381,0,1,0,2382,A
2-PB1,1392,0,2379,0,1,2380,T
2-PB1,1393,2328,0,2,1,2331,A
2-PB1,1394,0,9,2338,0,2347,G
2-PB1,1395,2382,0,0,0,2382,A
2-PB1,1396,0,2377,0,0,2377,T
2-PB1,1397,0,2373,0,1,2374,T
2-PB1,1398,11,0,0,2434,2445,C
2-PB1,1399,1,2423,0,4,2428,T
2-PB1,1400,2429,1,0,0,2430,A
2-PB1,1401,2,0,0,2430,2432,C
2-PB1,1402,2397,0,2,0,2399,A
2-PB1,1403,1,7,2395,0,2403,G
2-PB1,1404,0,14,2365,0,2379,G
2-PB1,1405,2411,0,2,0,2413,A
2-PB1,1406,2,1,0,2401,2404,C
2-PB1,1407,6,0,0,2350,2356,C
2-PB1,1408,2,2320,0,4,2326,T
2-PB1,1409,3,0,2332,0,2335,G
2-PB1,1410,0,0,0,2334,2334,C
2-PB1,1411,2339,0,0,0,2339,A
2-PB1,1412,2350,0,4,0,2354,A
2-PB1,1413,0,0,2370,0,2370,G
2-PB1,1414,1,2335,0,2,2338,T
2-PB1,1415,0,2336,0,1,2337,T
2-PB1,1416,2321,0,1,0,2322,A
2-PB1,1417,2,0,2333,0,2335,G
2-PB1,1418,0,2321,2,1,2324,T
2-PB1,1419,2,9,2307,1,2319,G
2-PB1,1420,2,5,2315,0,2322,G
2-PB1,1421,2,12,2323,0,2337,G
2-PB1,1422,2317,0,6,0,2323,A
2-PB1,1423,2340,1,0,0,2341,A
2-PB1,1424,0,2338,0,1,2339,T
2-PB1,1425,13,0,0,2334,2347,C
2-PB1,1426,2343,0,1,1,2345,A
2-PB1,1427,2345,0,3,0,2348,A
2-PB1,1428,0,1,0,2342,2343,C
2-PB1,1429,2342,0,1,0,2343,A
2-PB1,1430,0,2306,0,0,2306,T
2-PB1,1431,0,19,2293,0,2312,G
2-PB1,1432,2316,0,4,0,2320,A
2-PB1,1433,1,0,2333,0,2334,G
2-PB1,1434,3,1,0,2323,2327,C
2-PB1,1435,2327,1,1,0,2329,A
2-PB1,1436,2337,0,0,0,2337,A
2-PB1,1437,2332,0,0,0,2332,A
2-PB1,1438,2351,0,1,0,2352,A
2-PB1,1439,2354,1,3,0,2358,A
2-PB1,1440,1,6,2354,0,2361,G
2-PB1,1441,2326,0,2,0,2328,A
2-PB1,1442,2313,0,3,0,2316,A
2-PB1,1443,0,3,2394,0,2397,G
2-PB1,1444,1,2397,0,1,2399,T
2-PB1,1445,17,2,0,2388,2407,C
2-PB1,1446,6,0,0,2414,2420,C
2-PB1,1447,0,2418,0,1,2419,T
2-PB1,1448,2456,1,1,0,2458,A
2-PB1,1449,0,2452,0,0,2452,T
2-PB1,1450,2450,0,2,0,2452,A
2-PB1,1451,1,2452,0,0,2453,T
2-PB1,1452,2413,0,0,0,2413,A
2-PB1,1453,2422,0,0,0,2422,A
2-PB1,1454,2417,0,0,0,2417,A
2-PB1,1455,0,2409,0,0,2409,T
2-PB1,1456,2377,0,0,0,2377,A
2-PB1,1457,2357,1,2,0,2360,A
2-PB1,1458,2367,0,1,1,2369,A
2-PB1,1459,2374,0,1,1,2376,A
2-PB1,1460,1,0,0,2374,2375,C
2-PB1,1461,2290,1,0,0,2291,A
2-PB1,1462,1,11,2277,0,2289,G
2-PB1,1463,2,5,2285,0,2292,G
2-PB1,1464,0,14,2281,0,2295,G
2-PB1,1465,2298,1,3,0,2302,A
2-PB1,1466,3,1,0,2309,2313,C
2-PB1,1467,2280,1,0,0,2281,A
2-PB1,1468,0,2300,1,0,2301,T
2-PB1,1469,0,2303,0,3,2306,T
2-PB1,1470,1,2299,0,1,2301,T
2-PB1,1471,1,7,2291,0,2299,G
2-PB1,1472,2291,0,2,0,2293,A
2-PB1,1473,2298,1,0,0,2299,A
2-PB1,1474,0,2296,0,2,2298,T
2-PB1,1475,0,2261,0,0,2261,T
2-PB1,1476,7,0,0,2266,2273,C
2-PB1,1477,2252,1,1,0,2254,A
2-PB1,1478,1,0,0,2252,2253,C
2-PB1,1479,0,2249,0,0,2249,T
2-PB1,1480,2246,0,2,0,2248,A
2-PB1,1481,0,0,2251,0,2251,G
2-PB1,1482,3,0,0,2255,2258,C
2-PB1,1483,0,2209,0,3,2212,T
2-PB1,1484,0,2257,1,0,2258,T
2-PB1,1485,0,2250,0,0,2250,T
2-PB1,1486,1,2246,0,2,2249,T
2-PB1,1487,0,2239,0,1,2240,T
2-PB1,1488,1,2240,0,0,2241,T
2-PB1,1489,0,2237,1,0,2238,T
2-PB1,1490,2237,0,0,0,2237,A
2-PB1,1491,0,2226,0,3,2229,T
2-PB1,1492,9,0,0,2228,2237,C
2-PB1,1493,0,3,2255,0,2258,G
2-PB1,1494,2303,0,1,0,2304,A
2-PB1,1495,0,2311,0,0,2311,T
2-PB1,1496,2319,1,0,0,2320,A
2-PB1,1497,0,2338,0,1,2339,T
2-PB1,1498,1,10,2322,0,2333,G
2-PB1,1499,0,6,2341,0,2347,G
2-PB1,1500,2349,0,2,1,2352,A
2-PB1,1501,0,2343,0,1,2344,T
2-PB1,1502,0,2316,1,0,2317,T
2-PB1,1503,0,2253,0,1,2254,T
2-PB1,1504,1,2,2261,0,2264,G
2-PB1,1505,2,2251,1,1,2255,T
2-PB1,1506,1,5,2238,0,2244,G
2-PB1,1507,3,3,2244,0,2250,G
2-PB1,1508,1,1,0,2234,2236,C
2-PB1,1509,0,2236,0,3,2239,T
2-PB1,1510,2240,0,2,0,2242,A
2-PB1,1511,2253,1,1,0,2255,A
2-PB1,1512,0,2272,0,1,2273,T
2-PB1,1513,1,2264,0,1,2266,T
2-PB1,1514,0,2262,0,0,2262,T
2-PB1,1515,0,2264,0,0,2264,T
2-PB1,1516,2258,0,1,0,2259,A
2-PB1,1517,0,1,2279,1,2281,G
2-PB1,1518,1,0,0,2281,2282,C
2-PB1,1519,2270,0,1,0,2271,A
2-PB1,1520,0,2252,0,5,2257,T
2-PB1,1521,1,4,2222,0,2227,G
2-PB1,1522,0,5,2253,0,2258,G
2-PB1,1523,2244,0,4,0,2248,A
2-PB1,1524,0,0,2257,0,2257,G
2-PB1,1525,3,0,0,2242,2245,C
2-PB1,1526,0,2221,0,1,2222,T
2-PB1,1527,1,0,2246,0,2247,G
2-PB1,1528,0,0,0,2242,2242,C
2-PB1,1529,12,0,0,2236,2248,C
2-PB1,1530,5,0,0,2252,2257,C
2-PB1,1531,2195,0,1,0,2196,A
2-PB1,1532,0,1,2319,0,2320,G
2-PB1,1533,0,2318,0,2,2320,T
2-PB1,1534,0,2321,0,1,2322,T
2-PB1,1535,0,2316,0,2,2318,T
2-PB1,1536,0,2292,1,2,2295,T
2-PB1,1537,0,7,2279,0,2286,G
2-PB1,1538,0,17,2272,0,2289,G
2-PB1,1539,2280,0,2,0,2282,A
2-PB1,1540,0,0,2289,0,2289,G
2-PB1,1541,0,2080,0,1,2081,T
2-PB1,1542,0,1,2166,1,2168,G
2-PB1,1543,1,2155,1,1,2158,T
2-PB1,1544,13,1,1,2143,2158,C
2-PB1,1545,1,2158,0,3,2162,T
2-PB1,1546,0,7,2173,0,2180,G
2-PB1,1547,0,5,2189,0,2194,G
2-PB1,1548,2194,0,0,0,2194,A
2-PB1,1549,2195,3,3,0,2201,A
2-PB1,1550,0,2196,0,0,2196,T
2-PB1,1551,2046,0,0,0,2046,A
2-PB1,1552,2043,0,4,0,2047,A
2-PB1,1553,2041,0,3,1,2045,A
2-PB1,1554,0,0,0,2052,2052,C
2-PB1,1555,0,8,2027,0,2035,G
2-PB1,1556,2005,0,0,0,2005,A
2-PB1,1557,1,1,2008,0,2010,G
2-PB1,1558,0,2003,0,2,2005,T
2-PB1,1559,6,0,0,2001,2007,C
2-PB1,1560,1995,0,4,0,1999,A
2-PB1,1561,0,8,2024,0,2032,G
2-PB1,1562,0,2,0,2033,2035,C
2-PB1,1563,0,2021,0,1,2022,T
2-PB1,1564,1,9,2067,0,2077,G
2-PB1,1565,2056,0,1,0,2057,A
2-PB1,1566,0,2058,0,0,2058,T
2-PB1,1567,2058,0,0,0,2058,A
2-PB1,1568,0,2032,0,2,2034,T
2-PB1,1569,1,14,2021,0,2036,G
2-PB1,1570,1974,0,3,0,1977,A
2-PB1,1571,0,2,2006,0,2008,G
2-PB1,1572,3,1,0,2010,2014,C
2-PB1,1573,1928,0,0,0,1928,A
2-PB1,1574,0,1925,0,3,1928,T
2-PB1,1575,0,1922,0,0,1922,T
2-PB1,1576,0,6,1934,0,1940,G
2-PB1,1577,0,4,1989,0,1993,G
2-PB1,1578,1961,0,1,0,1962,A
2-PB1,1579,1,0,1967,0,1968,G
2-PB1,1580,0,1898,0,3,1901,T
2-PB1,1581,1894,0,3,0,1897,A
2-PB1,1582,1896,0,1,0,1897,A
2-PB1,1583,1,0,0,1903,1904,C
2-PB1,1584,1884,0,1,0,1885,A
2-PB1,1585,0,1,1928,0,1929,G
2-PB1,1586,0,1749,0,0,1749,T
2-PB1,1587,0,10,1766,1,1777,G
2-PB1,1588,1790,3,1,0,1794,A
2-PB1,1589,0,1787,0,1,1788,T
2-PB1,1590,1790,0,1,0,1791,A
2-PB1,1591,1789,0,0,0,1789,A
2-PB1,1592,1743,1,3,0,1747,A
2-PB1,1593,0,7,1754,0,1761,G
2-PB1,1594,1695,0,0,0,1695,A
2-PB1,1595,1689,1,0,0,1690,A
2-PB1,1596,0,1,0,1690,1691,C
2-PB1,1597,1638,0,0,1,1639,A
2-PB1,1598,1652,0,3,0,1655,A
2-PB1,1599,2,0,0,1653,1655,C
2-PB1,1600,1669,1,2,0,1672,A
2-PB1,1601,0,1664,2,0,1666,T
2-PB1,1602,0,7,1624,1,1632,G
2-PB1,1603,1629,1,1,0,1631,A
2-PB1,1604,0,1628,0,1,1629,T
2-PB1,1605,1607,0,0,0,1607,A
2-PB1,1606,1617,0,0,0,1617,A
2-PB1,1607,1595,0,0,0,1595,A
2-PB1,1608,1,0,0,1606,1607,C
2-PB1,1609,1539,0,1,0,1540,A
2-PB1,1610,1540,0,1,0,1541,A
2-PB1,1611,1,1518,0,1,1520,T
2-PB1,1612,0,9,1517,0,1526,G
2-PB1,1613,1560,0,2,0,1562,A
2-PB1,1614,0,0,0,1600,1600,C
2-PB1,1615,5,1,0,1575,1581,C
2-PB1,1616,1,1533,0,0,1534,T
2-PB1,1617,6,1508,0,1,1515,T
2-PB1,1618,0,6,1508,0,1514,G
2-PB1,1619,0,8,1515,0,1523,G
2-PB1,1620,1532,1,3,0,1536,A
2-PB1,1621,0,0,0,1533,1533,C
2-PB1,1622,2,1,1,1509,1513,C
2-PB1,1623,1496,1,0,0,1497,A
2-PB1,1624,0,1,1513,0,1514,G
2-PB1,1625,1,0,0,1513,1514,C
2-PB1,1626,1511,0,2,0,1513,A
2-PB1,1627,1517,0,2,0,1519,A
2-PB1,1628,2,1,0,1508,1511,C
2-PB1,1629,1497,0,1,0,1498,A
2-PB1,1630,0,0,1529,0,1529,G
2-PB1,1631,0,1,0,1530,1531,C
2-PB1,1632,6,0,0,1523,1529,C
2-PB1,1633,4,0,0,1519,1523,C
2-PB1,1634,1525,0,0,1,1526,A
2-PB1,1635,1524,0,0,0,1524,A
2-PB1,1636,1524,0,0,0,1524,A
2-PB1,1637,0,1525,0,0,1525,T
2-PB1,1638,0,8,1513,0,1521,G
2-PB1,1639,0,0,1508,0,1508,G
2-PB1,1640,0,0,0,1506,1506,C
2-PB1,1641,0,1498,0,2,1500,T
2-PB1,1642,2,0,0,1542,1544,C
2-PB1,1643,0,1540,0,2,1542,T
2-PB1,1644,8,0,0,1547,1555,C
2-PB1,1645,4,1,1,1544,1550,C
2-PB1,1646,1560,0,1,0,1561,A
2-PB1,1647,1560,0,2,0,1562,A
2-PB1,1648,0,1560,0,1,1561,T
2-PB1,1649,1,1547,0,0,1548,T
2-PB1,1650,0,0,1560,0,1560,G
2-PB1,1651,0,1521,0,2,1523,T
2-PB1,1652,1,1520,0,1,1522,T
2-PB1,1653,17,4,0,1505,1526,C
2-PB1,1654,1519,0,1,1,1521,A
2-PB1,1655,0,1520,0,0,1520,T
2-PB1,1656,7,0,0,1511,1518,C
2-PB1,1657,1522,0,1,0,1523,A
2-PB1,1658,1521,0,0,0,1521,A
2-PB1,1659,1522,0,1,0,1523,A
2-PB1,1660,0,4,1554,0,1558,G
2-PB1,1661,1558,0,0,0,1558,A
2-PB1,1662,0,1556,0,0,1556,T
2-PB1,1663,0,1564,0,1,1565,T
2-PB1,1664,1565,0,0,0,1565,A
2-PB1,1665,1,2,0,1589,1592,C
2-PB1,1666,1583,1,0,0,1584,A
2-PB1,1667,0,3,1604,1,1608,G
2-PB1,1668,1602,0,3,0,1605,A
2-PB1,1669,0,1628,0,1,1629,T
2-PB1,1670,1632,0,1,0,1633,A
2-PB1,1671,4,2,0,1719,1725,C
2-PB1,1672,1759,0,3,0,1762,A
2-PB1,1673,1,0,0,1856,1857,C
2-PB1,1674,1841,0,0,0,1841,A
2-PB1,1675,1,1854,0,1,1856,T
2-PB1,1676,1846,1,0,0,1847,A
2-PB1,1677,0,1845,0,1,1846,T
2-PB1,1678,1803,1,1,0,1805,A
2-PB1,1679,1,4,1805,0,1810,G
2-PB1,1680,1,3,1770,0,1774,G
2-PB1,1681,0,1707,0,0,1707,T
2-PB1,1682,2,0,1675,0,1677,G
2-PB1,1683,2,1,0,1734,1737,C
2-PB1,1684,10,0,0,1717,1727,C
2-PB1,1685,1752,0,1,0,1753,A
2-PB1,1686,0,1750,0,0,1750,T
2-PB1,1687,1759,0,0,0,1759,A
2-PB1,1688,1,7,1758,0,1766,G
2-PB1,1689,1723,1,4,0,1728,A
2-PB1,1690,0,5,1742,0,1747,G
2-PB1,1691,0,7,1736,0,1743,G
2-PB1,1692,1677,0,0,0,1677,A
2-PB1,1693,0,6,1678,0,1684,G
2-PB1,1694,1671,1,1,0,1673,A
2-PB1,1695,2,1,0,1674,1677,C
2-PB1,1696,1672,0,0,0,1672,A
2-PB1,1697,1,1,0,1688,1690,C
2-PB1,1698,1687,0,3,1,1691,A
2-PB1,1699,0,1,0,1700,1701,C
2-PB1,1700,1689,0,1,1,1691,A
2-PB1,1701,1694,2,0,0,1696,A
2-PB1,1702,1699,0,2,0,1701,A
2-PB1,1703,1,1696,0,1,1698,T
2-PB1,1704,6,1,0,1698,1705,C
2-PB1,1705,5,0,1,1701,1707,C
2-PB1,1706,1693,0,1,0,1694,A
2-PB1,1707,1,4,1693,0,1698,G
2-PB1,1708,1698,0,2,0,1700,A
2-PB1,1709,0,1,0,1705,1706,C
2-PB1,1710,1,9,1689,0,1699,G
2-PB1,1711,1694,0,0,0,1694,A
2-PB1,1712,0,2,1692,0,1694,G
2-PB1,1713,1692,0,3,0,1695,A
2-PB1,1714,1686,0,4,1,1691,A
2-PB1,1715,1,8,1695,0,1704,G
2-PB1,1716,1696,1,1,0,1698,A
2-PB1,1717,0,1692,0,3,1695,T
2-PB1,1718,6,0,0,1675,1681,C
2-PB1,1719,1686,0,0,0,1686,A
2-PB1,1720,0,1677,0,0,1677,T
2-PB1,1721,0,1674,0,1,1675,T
2-PB1,1722,10,0,0,1666,1676,C
2-PB1,1723,1,5,1676,0,1682,G
2-PB1,1724,1668,0,2,0,1670,A
2-PB1,1725,0,5,1668,0,1673,G
2-PB1,1726,1661,0,0,0,1661,A
2-PB1,1727,0,1720,0,0,1720,T
2-PB1,1728,1722,0,1,0,1723,A
2-PB1,1729,1729,0,2,0,1731,A
2-PB1,1730,1728,0,0,1,1729,A
2-PB1,1731,1,7,1724,0,1732,G
2-PB1,1732,1725,0,2,0,1727,A
2-PB1,1733,1678,0,3,0,1681,A
2-PB1,1734,2,1,1681,0,1684,G
2-PB1,1735,3,0,0,1684,1687,C
2-PB1,1736,0,1664,0,0,1664,T
2-PB1,1737,3,0,1667,0,1670,G
2-PB1,1738,0,1665,0,0,1665,T
2-PB1,1739,0,8,1650,0,1658,G
2-PB1,1740,0,10,1653,0,1663,G
2-PB1,1741,0,7,1665,0,1672,G
2-PB1,1742,1673,0,1,0,1674,A
2-PB1,1743,0,1656,0,1,1657,T
2-PB1,1744,11,1,0,1637,1649,C
2-PB1,1745,1650,0,0,0,1650,A
2-PB1,1746,1655,2,2,0,1659,A
2-PB1,1747,1672,1,0,0,1673,A
2-PB1,1748,1,1,0,1665,1667,C
2-PB1,1749,5,1,0,1665,1671,C
2-PB1,1750,9,0,0,1658,1667,C
2-PB1,1751,1667,0,2,0,1669,A
2-PB1,1752,1701,0,1,0,1702,A
2-PB1,1753,0,1705,0,0,1705,T
2-PB1,1754,5,1,0,1698,1704,C
2-PB1,1755,1689,0,3,0,1692,A
2-PB1,1756,1676,0,2,0,1678,A
2-PB1,1757,0,8,1682,1,1691,G
2-PB1,1758,1,13,1661,1,1676,G
2-PB1,1759,0,3,1676,0,1679,G
2-PB1,1760,0,0,1,1679,1680,C
2-PB1,1761,1651,1,1,1,1654,A
2-PB1,1762,0,3,1696,0,1699,G
2-PB1,1763,0,8,1712,1,1721,G
2-PB1,1764,1722,1,3,0,1726,A
2-PB1,1765,0,2,0,1746,1748,C
2-PB1,1766,0,1717,0,1,1718,T
2-PB1,1767,1733,1,1,0,1735,A
2-PB1,1768,0,1734,0,2,1736,T
2-PB1,1769,0,1732,0,0,1732,T
2-PB1,1770,0,8,1728,0,1736,G
2-PB1,1771,0,2,1745,0,1747,G
2-PB1,1772,0,1727,0,0,1727,T
2-PB1,1773,1725,0,1,0,1726,A
2-PB1,1774,0,1699,0,2,1701,T
2-PB1,1775,5,0,0,1709,1714,C
2-PB1,1776,1680,0,2,1,1683,A
2-PB1,1777,0,1,1701,0,1702,G
2-PB1,1778,1697,1,2,0,1700,A
2-PB1,1779,1,1684,0,0,1685,T
2-PB1,1780,0,11,1604,1,1616,G
2-PB1,1781,1,6,1609,0,1616,G
2-PB1,1782,0,9,1605,0,1614,G
2-PB1,1783,0,4,1621,0,1625,G
2-PB1,1784,1,13,1620,0,1634,G
2-PB1,1785,1631,0,4,0,1635,A
2-PB1,1786,2,1,0,1628,1631,C
2-PB1,1787,10,0,0,1615,1625,C
2-PB1,1788,1625,0,0,0,1625,A
2-PB1,1789,1723,0,1,0,1724,A
2-PB1,1790,1734,1,0,0,1735,A
2-PB1,1791,0,0,0,1779,1779,C
2-PB1,1792,0,1764,0,2,1766,T
2-PB1,1793,1,1760,0,1,1762,T
2-PB1,1794,1777,0,0,0,1777,A
2-PB1,1795,0,1773,0,1,1774,T
2-PB1,1796,1777,0,0,0,1777,A
2-PB1,1797,0,0,0,1777,1777,C
2-PB1,1798,1643,0,0,0,1643,A
2-PB1,1799,1645,1,1,0,1647,A
2-PB1,1800,1,1600,0,0,1601,T
2-PB1,1801,1620,1,0,0,1621,A
2-PB1,1802,0,1619,0,0,1619,T
2-PB1,1803,4,0,0,1612,1616,C
2-PB1,1804,15,1,0,1593,1609,C
2-PB1,1805,1,2,1613,0,1616,G
2-PB1,1806,0,8,1613,0,1621,G
2-PB1,1807,1620,0,0,1,1621,A
2-PB1,1808,1610,0,2,0,1612,A
2-PB1,1809,0,1603,0,2,1605,T
2-PB1,1810,2,0,0,1607,1609,C
2-PB1,1811,1,1598,0,1,1600,T
2-PB1,1812,0,1611,0,1,1612,T
2-PB1,1813,2,0,0,1607,1609,C
2-PB1,1814,1604,0,3,0,1607,A
2-PB1,1815,3,0,0,1610,1613,C
2-PB1,1816,1613,0,0,0,1613,A
2-PB1,1817,0,1766,0,1,1767,T
2-PB1,1818,2,1,0,1761,1764,C
2-PB1,1819,4,0,0,1759,1763,C
2-PB1,1820,11,0,0,1763,1774,C
2-PB1,1821,0,1771,0,4,1775,T
2-PB1,1822,1,3,1773,0,1777,G
2-PB1,1823,1775,0,2,0,1777,A
2-PB1,1824,1768,0,0,0,1768,A
2-PB1,1825,0,2,1772,0,1774,G
2-PB1,1826,0,1651,0,3,1654,T
2-PB1,1827,7,0,0,1646,1653,C
2-PB1,1828,1,1642,0,0,1643,T
2-PB1,1829,0,0,1698,0,1698,G
2-PB1,1830,1,0,0,1697,1698,C
2-PB1,1831,1,1696,0,2,1699,T
2-PB1,1832,0,1701,1,0,1702,T
2-PB1,1833,1695,0,1,0,1696,A
2-PB1,1834,1696,0,1,0,1697,A
2-PB1,1835,1706,0,1,0,1707,A
2-PB1,1836,0,1,1714,0,1715,G
2-PB1,1837,0,1696,0,1,1697,T
2-PB1,1838,0,6,1656,0,1662,G
2-PB1,1839,0,4,1669,0,1673,G
2-PB1,1840,0,8,1674,0,1682,G
2-PB1,1841,1677,2,2,0,1681,A
2-PB1,1842,0,0,1681,0,1681,G
2-PB1,1843,2,0,0,1682,1684,C
2-PB1,1844,0,1667,0,2,1669,T
2-PB1,1845,0,4,1671,0,1675,G
2-PB1,1846,1669,1,5,0,1675,A
2-PB1,1847,0,1673,0,1,1674,T
2-PB1,1848,1,5,1676,0,1682,G
2-PB1,1849,0,2,1685,0,1687,G
2-PB1,1850,1681,0,1,1,1683,A
2-PB1,1851,0,1678,0,2,1680,T
2-PB1,1852,1,10,1661,0,1672,G
2-PB1,1853,1665,0,2,0,1667,A
2-PB1,1854,0,7,1673,0,1680,G
2-PB1,1855,1682,0,1,0,1683,A
2-PB1,1856,1685,0,0,0,1685,A
2-PB1,1857,0,1682,1,0,1683,T
2-PB1,1858,0,1674,0,0,1674,T
2-PB1,1859,1677,0,0,0,1677,A
2-PB1,1860,0,1674,0,0,1674,T
2-PB1,1861,2,2,0,1672,1676,C
2-PB1,1862,4,6,1680,0,1690,G
2-PB1,1863,0,11,1660,0,1671,G
2-PB1,1864,0,2,1666,0,1668,G
2-PB1,1865,1,2,1666,0,1669,G
2-PB1,1866,1657,0,9,0,1666,A
2-PB1,1867,1674,0,1,0,1675,A
2-PB1,1868,0,3,1678,0,1681,G
2-PB1,1869,1680,0,2,0,1682,A
2-PB1,1870,2,1,0,1696,1699,C
2-PB1,1871,0,1674,0,0,1674,T
2-PB1,1872,0,1714,0,0,1714,T
2-PB1,1873,0,1718,0,2,1720,T
2-PB1,1874,0,0,1718,0,1718,G
2-PB1,1875,0,1724,0,0,1724,T
2-PB1,1876,1723,0,0,0,1723,A
2-PB1,1877,1709,0,0,0,1709,A
2-PB1,1878,0,1707,0,0,1707,T
2-PB1,1879,3,0,0,1718,1721,C
2-PB1,1880,10,0,0,1708,1718,C
2-PB1,1881,4,0,0,1683,1687,C
2-PB1,1882,1681,0,0,0,1681,A
2-PB1,1883,1,1699,0,1,1701,T
2-PB1,1884,4,7,1693,0,1704,G
2-PB1,1885,1704,1,0,0,1705,A
2-PB1,1886,1718,0,0,0,1718,A
2-PB1,1887,1,1717,0,3,1721,T
2-PB1,1888,4,0,0,1713,1717,C
2-PB1,1889,1,2,0,1704,1707,C
2-PB1,1890,6,0,0,1686,1692,C
2-PB1,1891,1,1685,0,2,1688,T
2-PB1,1892,0,1690,0,1,1691,T
2-PB1,1893,0,1692,0,0,1692,T
2-PB1,1894,3,1,1688,0,1692,G
2-PB1,1895,0,1685,0,4,1689,T
2-PB1,1896,4,1,0,1680,1685,C
2-PB1,1897,1666,0,0,0,1666,A
2-PB1,1898,1,0,1682,0,1683,G
2-PB1,1899,2,1,0,1685,1688,C
2-PB1,1900,5,1,0,1677,1683,C
2-PB1,1901,1688,0,0,0,1688,A
2-PB1,1902,0,1689,1,0,1690,T
2-PB1,1903,1692,0,0,0,1692,A
2-PB1,1904,1691,0,0,0,1691,A
2-PB1,1905,1689,0,1,0,1690,A
2-PB1,1906,0,3,1713,0,1716,G
2-PB1,1907,1663,1,0,0,1664,A
2-PB1,1908,1669,0,0,0,1669,A
2-PB1,1909,1666,0,1,0,1667,A
2-PB1,1910,0,1669,0,0,1669,T
2-PB1,1911,0,1663,0,2,1665,T
2-PB1,1912,2,8,1655,0,1665,G
2-PB1,1913,1654,0,0,0,1654,A
2-PB1,1914,0,0,1678,0,1678,G
2-PB1,1915,0,1671,0,1,1672,T
2-PB1,1916,7,0,0,1676,1683,C
2-PB1,1917,0,1671,1,2,1674,T
2-PB1,1918,1,1,1704,0,1706,G
2-PB1,1919,0,1708,0,1,1709,T
2-PB1,1920,1735,0,2,0,1737,A
2-PB1,1921,1738,1,0,0,1739,A
2-PB1,1922,1734,0,3,0,1737,A
2-PB1,1923,0,1,0,1745,1746,C
2-PB1,1924,1704,0,1,1,1706,A
2-PB1,1925,1739,0,1,0,1740,A
2-PB1,1926,0,1740,1,2,1743,T
2-PB1,1927,3,4,1721,0,1728,G
2-PB1,1928,2,0,0,1741,1743,C
2-PB1,1929,1,1719,0,6,1726,T
2-PB1,1930,0,1,1790,0,1791,G
2-PB1,1931,0,1790,0,1,1791,T
2-PB1,1932,1820,0,2,0,1822,A
2-PB1,1933,1,2,1824,0,1827,G
2-PB1,1934,0,1787,0,0,1787,T
2-PB1,1935,1782,0,0,0,1782,A
2-PB1,1936,1768,0,0,0,1768,A
2-PB1,1937,1,1765,0,1,1767,T
2-PB1,1938,0,0,1764,0,1764,G
2-PB1,1939,1,1,0,1741,1743,C
2-PB1,1940,0,1,0,1729,1730,C
2-PB1,1941,1698,1,0,0,1699,A
2-PB1,1942,1,0,1714,0,1715,G
2-PB1,1943,0,1,0,1751,1752,C
2-PB1,1944,1,0,0,1748,1749,C
2-PB1,1945,3,1,0,1740,1744,C
2-PB1,1946,1726,0,3,0,1729,A
2-PB1,1947,0,1732,0,0,1732,T
2-PB1,1948,1,6,1724,0,1731,G
2-PB1,1949,1,1,1729,0,1731,G
2-PB1,1950,0,1719,0,2,1721,T
2-PB1,1951,11,0,0,1702,1713,C
2-PB1,1952,3,0,0,1658,1661,C
2-PB1,1953,1,4,1666,0,1671,G
2-PB1,1954,2,1,1681,0,1684,G
2-PB1,1955,2,0,0,1677,1679,C
2-PB1,1956,8,0,0,1676,1684,C
2-PB1,1957,1681,1,1,0,1683,A
2-PB1,1958,1693,0,0,3,1696,A
2-PB1,1959,1695,0,0,1,1696,A
2-PB1,1960,1701,0,2,0,1703,A
2-PB1,1961,0,1,1721,0,1722,G
2-PB1,1962,0,1684,0,0,1684,T
2-PB1,1963,1698,1,0,0,1699,A
2-PB1,1964,2,1700,0,0,1702,T
2-PB1,1965,1,3,1691,0,1695,G
2-PB1,1966,1,6,1729,0,1736,G
2-PB1,1967,1713,0,2,0,1715,A
2-PB1,1968,1736,0,0,0,1736,A
2-PB1,1969,0,1726,0,1,1727,T
2-PB1,1970,1704,0,0,0,1704,A
2-PB1,1971,1,1701,0,1,1703,T
2-PB1,1972,0,1,1687,1,1689,G
2-PB1,1973,1685,0,1,0,1686,A
2-PB1,1974,0,1680,0,0,1680,T
2-PB1,1975,0,1,1635,0,1636,G
2-PB1,1976,1,1,0,1634,1636,C
2-PB1,1977,7,3,1,1608,1619,C
2-PB1,1978,1,0,1612,0,1613,G
2-PB1,1979,0,1610,0,1,1611,T
2-PB1,1980,0,1609,0,1,1610,T
2-PB1,1981,1,1,1611,0,1613,G
2-PB1,1982,1,1,0,1639,1641,C
2-PB1,1983,1637,0,0,1,1638,A
2-PB1,1984,1657,0,0,1,1658,A
2-PB1,1985,0,1,0,1669,1670,C
2-PB1,1986,0,1649,0,1,1650,T
2-PB1,1987,1664,0,1,0,1665,A
2-PB1,1988,0,0,0,1662,1662,C
2-PB1,1989,1663,0,1,0,1664,A
2-PB1,1990,5,0,0,1658,1663,C
2-PB1,1991,1600,0,0,0,1600,A
2-PB1,1992,3,0,0,1723,1726,C
2-PB1,1993,0,1701,0,3,1704,T
2-PB1,1994,3,0,0,1708,1711,C
2-PB1,1995,6,0,0,1702,1708,C
2-PB1,1996,1,1695,0,2,1698,T
2-PB1,1997,1,3,1696,0,1700,G
2-PB1,1998,0,6,1692,0,1698,G
2-PB1,1999,1693,1,0,0,1694,A
2-PB1,2000,1,1692,1,2,1696,T
2-PB1,2001,0,1519,0,2,1521,T
2-PB1,2002,6,1,0,1529,1536,C
2-PB1,2003,5,0,0,1523,1528,C
2-PB1,2004,8,1,0,1530,1539,C
2-PB1,2005,1532,2,2,0,1536,A
2-PB1,2006,1527,0,2,0,1529,A
2-PB1,2007,1,1,1537,0,1539,G
2-PB1,2008,1531,1,1,0,1533,A
2-PB1,2009,0,2,1531,0,1533,G
2-PB1,2010,0,12,1521,0,1533,G
2-PB1,2011,1503,1,1,0,1505,A
2-PB1,2012,1512,0,1,0,1513,A
2-PB1,2013,4,1,0,1508,1513,C
2-PB1,2014,7,0,1,1497,1505,C
2-PB1,2015,1,0,1533,0,1534,G
2-PB1,2016,1,0,0,1527,1528,C
2-PB1,2017,0,1532,0,2,1534,T
2-PB1,2018,12,0,0,1528,1540,C
2-PB1,2019,1,1528,0,2,1531,T
2-PB1,2020,1640,0,0,0,1640,A
2-PB1,2021,0,1634,0,4,1638,T
2-PB1,2022,0,1651,0,0,1651,T
2-PB1,2023,7,0,1,1649,1657,C
2-PB1,2024,0,1602,0,1,1603,T
2-PB1,2025,1605,0,0,0,1605,A
2-PB1,2026,1604,0,0,0,1604,A
2-PB1,2027,1597,1,2,0,1600,A
2-PB1,2028,2,0,0,1603,1605,C
2-PB1,2029,1489,2,0,0,1491,A
2-PB1,2030,0,0,0,1490,1490,C
2-PB1,2031,1473,1,0,0,1474,A
2-PB1,2032,1478,0,4,1,1483,A
2-PB1,2033,0,0,1489,0,1489,G
2-PB1,2034,0,0,0,1491,1491,C
2-PB1,2035,5,1,0,1488,1494,C
2-PB1,2036,1485,1,0,0,1486,A
2-PB1,2037,1477,1,1,1,1480,A
2-PB1,2038,1480,0,3,0,1483,A
2-PB1,2039,0,5,1496,0,1501,G
2-PB1,2040,2,3,1490,1,1496,G
2-PB1,2041,0,5,1468,0,1473,G
2-PB1,2042,0,8,1461,0,1469,G
2-PB1,2043,1457,0,1,0,1458,A
2-PB1,2044,1465,0,0,0,1465,A
2-PB1,2045,0,1462,0,0,1462,T
2-PB1,2046,1,1461,0,0,1462,T
2-PB1,2047,4,0,0,1467,1471,C
2-PB1,2048,0,1453,0,0,1453,T
2-PB1,2049,0,1452,0,0,1452,T
2-PB1,2050,0,0,1448,0,1448,G
2-PB1,2051,1447,0,2,0,1449,A
2-PB1,2052,0,7,1443,0,1450,G
2-PB1,2053,0,4,1439,0,1443,G
2-PB1,2054,1439,0,0,0,1439,A
2-PB1,2055,0,1432,0,1,1433,T
2-PB1,2056,1,12,1426,0,1439,G
2-PB1,2057,1428,1,3,0,1432,A
2-PB1,2058,1432,1,0,0,1433,A
2-PB1,2059,0,0,0,1440,1440,C
2-PB1,2060,1412,1,3,0,1416,A
2-PB1,2061,0,4,1431,0,1435,G
2-PB1,2062,1426,0,3,0,1429,A
2-PB1,2063,0,1425,0,1,1426,T
2-PB1,2064,1,0,1440,0,1441,G
2-PB1,2065,0,1456,0,0,1456,T
2-PB1,2066,1456,0,2,0,1458,A
2-PB1,2067,0,0,0,1458,1458,C
2-PB1,2068,7,0,1,1439,1447,C
2-PB1,2069,1428,0,0,0,1428,A
2-PB1,2070,0,3,1406,0,1409,G
2-PB1,2071,1383,1,0,0,1384,A
2-PB1,2072,1385,0,0,0,1385,A
2-PB1,2073,0,0,1394,0,1394,G
2-PB1,2074,1,1326,0,2,1329,T
2-PB1,2075,0,0,1333,0,1333,G
2-PB1,2076,0,0,0,1326,1326,C
2-PB1,2077,0,1329,0,3,1332,T
2-PB1,2078,0,3,1325,0,1328,G
2-PB1,2079,0,0,0,1323,1323,C
2-PB1,2080,1327,0,0,0,1327,A
2-PB1,2081,1328,0,0,0,1328,A
2-PB1,2082,2,0,0,1309,1311,C
2-PB1,2083,0,1306,0,1,1307,T
2-PB1,2084,0,1300,0,0,1300,T
2-PB1,2085,0,1,1299,1,1301,G
2-PB1,2086,0,1296,0,1,1297,T
2-PB1,2087,0,1288,0,2,1290,T
2-PB1,2088,12,2,0,1277,1291,C
2-PB1,2089,0,4,1286,0,1290,G
2-PB1,2090,1289,0,0,0,1289,A
2-PB1,2091,0,3,1290,0,1293,G
2-PB1,2092,1288,0,1,0,1289,A
2-PB1,2093,1289,0,1,0,1290,A
2-PB1,2094,1293,0,0,1,1294,A
2-PB1,2095,0,1292,0,0,1292,T
2-PB1,2096,1,1285,0,0,1286,T
2-PB1,2097,0,1291,0,1,1292,T
2-PB1,2098,0,1294,0,1,1295,T
2-PB1,2099,1,1290,0,0,1291,T
2-PB1,2100,5,0,0,1293,1298,C
2-PB1,2101,7,0,0,1292,1299,C
2-PB1,2102,8,1,0,1283,1292,C
2-PB1,2103,0,1283,0,1,1284,T
2-PB1,2104,1286,0,0,0,1286,A
2-PB1,2105,0,0,1292,0,1292,G
2-PB1,2106,0,1294,0,0,1294,T
2-PB1,2107,1305,0,1,0,1306,A
2-PB1,2108,0,0,1315,0,1315,G
2-PB1,2109,0,1302,1,1,1304,T
2-PB1,2110,0,1332,0,2,1334,T
2-PB1,2111,17,0,0,1323,1340,C
2-PB1,2112,1362,0,0,0,1362,A
2-PB1,2113,0,1362,0,1,1363,T
2-PB1,2114,1360,0,1,0,1361,A
2-PB1,2115,0,1357,1,2,1360,T
2-PB1,2116,1312,0,1,0,1313,A
2-PB1,2117,1,2,1304,0,1307,G
2-PB1,2118,0,7,1287,0,1294,G
2-PB1,2119,1147,0,2,0,1149,A
2-PB1,2120,0,8,1138,0,1146,G
2-PB1,2121,1073,0,3,0,1076,A
2-PB1,2122,1,0,0,1076,1077,C
2-PB1,2123,10,1,1,1037,1049,C
2-PB1,2124,1,2,1047,0,1050,G
2-PB1,2125,1050,0,0,0,1050,A
2-PB1,2126,0,1047,0,1,1048,T
2-PB1,2127,0,1045,0,1,1046,T
2-PB1,2128,2,3,1042,0,1047,G
2-PB1,2129,0,6,1040,0,1046,G
2-PB1,2130,1045,0,0,0,1045,A
2-PB1,2131,1046,0,0,0,1046,A
2-PB1,2132,1,1037,0,0,1038,T
2-PB1,2133,1,1036,0,0,1037,T
2-PB1,2134,0,1040,0,0,1040,T
2-PB1,2135,2,0,0,1037,1039,C
2-PB1,2136,0,1035,0,2,1037,T
2-PB1,2137,1036,0,0,0,1036,A
2-PB1,2138,0,2,1037,0,1039,G
2-PB1,2139,0,0,0,1038,1038,C
2-PB1,2140,1033,0,1,0,1034,A
2-PB1,2141,0,1032,0,0,1032,T
2-PB1,2142,1,2,1020,1,1024,G
2-PB1,2143,1,0,1047,0,1048,G
2-PB1,2144,1,1042,0,0,1043,T
2-PB1,2145,1,2,1040,0,1043,G
2-PB1,2146,1,2,1038,0,1041,G
2-PB1,2147,1026,0,2,0,1028,A
2-PB1,2148,0,1,1027,0,1028,G
2-PB1,2149,0,0,1025,0,1025,G
2-PB1,2150,0,0,0,1016,1016,C
2-PB1,2151,4,0,0,1001,1005,C
2-PB1,2152,932,2,0,0,934,A
2-PB1,2153,0,929,0,2,931,T
2-PB1,2154,0,4,933,0,937,G
2-PB1,2155,0,1,946,0,947,G
2-PB1,2156,0,920,0,0,920,T
2-PB1,2157,1,0,932,0,933,G
2-PB1,2158,0,917,0,0,917,T
2-PB1,2159,6,1,0,897,904,C
2-PB1,2160,0,903,0,2,905,T
2-PB1,2161,885,0,1,0,886,A
2-PB1,2162,0,3,880,0,883,G
2-PB1,2163,0,0,870,0,870,G
2-PB1,2164,0,2,849,0,851,G
2-PB1,2165,2,1,0,825,828,C
2-PB1,2166,3,0,0,792,795,C
2-PB1,2167,3,0,0,771,774,C
2-PB1,2168,1,2,767,0,770,G
2-PB1,2169,0,0,774,0,774,G
2-PB1,2170,773,0,1,0,774,A
2-PB1,2171,0,773,0,0,773,T
2-PB1,2172,0,748,0,0,748,T
2-PB1,2173,0,0,740,0,740,G
2-PB1,2174,741,0,0,0,741,A
2-PB1,2175,1,741,0,0,742,T
2-PB1,2176,1,0,738,0,739,G
2-PB1,2177,0,1,0,731,732,C
2-PB1,2178,3,0,1,727,731,C
2-PB1,2179,727,0,0,0,727,A
2-PB1,2180,0,2,724,0,726,G
2-PB1,2181,719,0,3,0,722,A
2-PB1,2182,724,0,0,0,724,A
2-PB1,2183,0,722,0,0,722,T
2-PB1,2184,0,713,0,0,713,T
2-PB1,2185,0,5,712,0,717,G
2-PB1,2186,709,0,0,0,709,A
2-PB1,2187,1,1,1,703,706,C
2-PB1,2188,0,703,0,2,705,T
2-PB1,2189,0,698,0,0,698,T
2-PB1,2190,1,0,0,696,697,C
2-PB1,2191,0,3,690,0,693,G
2-PB1,2192,695,0,0,0,695,A
2-PB1,2193,0,1,671,0,672,G
2-PB1,2194,0,676,0,1,677,T
2-PB1,2195,6,0,0,672,678,C
2-PB1,2196,0,677,0,0,677,T
2-PB1,2197,0,4,674,0,678,G
2-PB1,2198,0,3,673,1,677,G
2-PB1,2199,677,0,1,0,678,A
2-PB1,2200,626,0,1,0,627,A
2-PB1,2201,0,0,627,0,627,G
2-PB1,2202,0,1,631,0,632,G
2-PB1,2203,632,0,0,0,632,A
2-PB1,2204,0,626,0,0,626,T
2-PB1,2205,0,622,0,1,623,T
2-PB1,2206,620,0,1,0,621,A
2-PB1,2207,619,0,0,0,619,A
2-PB1,2208,0,1,619,0,620,G
2-PB1,2209,616,0,0,0,616,A
2-PB1,2210,589,0,1,0,590,A
2-PB1,2211,0,0,549,0,549,G
2-PB1,2212,0,3,543,0,546,G
2-PB1,2213,547,1,0,0,548,A
2-PB1,2214,544,0,2,0,546,A
2-PB1,2215,1,1,544,0,546,G
2-PB1,2216,518,0,0,0,518,A
2-PB1,2217,0,0,521,0,521,G
2-PB1,2218,0,504,0,0,504,T
2-PB1,2219,0,498,0,1,499,T
2-PB1,2220,1,0,0,496,497,C
2-PB1,2221,0,482,0,2,484,T
2-PB1,2222,3,0,0,483,486,C
2-PB1,2223,0,482,0,0,482,T
2-PB1,2224,0,3,477,0,480,G
2-PB1,2225,470,0,0,0,470,A
2-PB1,2226,0,0,459,0,459,G
2-PB1,2227,450,0,0,0,450,A
2-PB1,2228,1,438,0,0,439,T
2-PB1,2229,3,0,0,412,415,C
2-PB1,2230,416,0,1,0,417,A
2-PB1,2231,0,415,0,0,415,T
2-PB1,2232,0,0,416,0,416,G
2-PB1,2233,415,0,0,0,415,A
2-PB1,2234,412,0,0,0,412,A
2-PB1,2235,0,1,405,0,406,G
2-PB1,2236,394,0,0,0,394,A
2-PB1,2237,0,393,0,0,393,T
2-PB1,2238,1,1,0,390,392,C
2-PB1,2239,0,373,0,0,373,T
2-PB1,2240,0,0,377,0,377,G
2-PB1,2241,0,375,0,1,376,T
2-PB1,2242,0,374,0,2,376,T
2-PB1,2243,3,0,0,371,374,C
2-PB1,2244,5,0,0,352,357,C
2-PB1,2245,355,0,1,0,356,A
2-PB1,2246,1,0,0,356,357,C
2-PB1,2247,2,0,0,334,336,C
2-PB1,2248,330,0,0,0,330,A
2-PB1,2249,0,309,0,0,309,T
2-PB1,2250,0,302,0,1,303,T
2-PB1,2251,0,0,303,0,303,G
2-PB1,2252,302,0,1,0,303,A
2-PB1,2253,301,1,0,0,302,A
2-PB1,2254,0,0,302,0,302,G
2-PB1,2255,261,0,1,0,262,A
2-PB1,2256,261,0,0,0,261,A
2-PB1,2257,0,0,0,255,255,C
2-PB1,2258,0,237,0,0,237,T
2-PB1,2259,0,0,0,240,240,C
2-PB1,2260,230,0,0,0,230,A
2-PB1,2261,0,1,228,0,229,G
2-PB1,2262,226,0,0,0,226,A
2-PB1,2263,0,0,0,221,221,C
2-PB1,2264,0,0,215,0,215,G
2-PB1,2265,0,0,210,0,210,G
2-PB1,2266,0,0,0,209,209,C
2-PB1,2267,210,0,0,0,210,A
2-PB1,2268,208,1,0,0,209,A
2-PB1,2269,208,0,0,0,208,A
2-PB1,2270,208,0,0,0,208,A
2-PB1,2271,207,0,1,0,208,A
2-PB1,2272,0,204,0,0,204,T
2-PB1,2273,193,0,0,0,193,A
2-PB1,2274,192,0,0,0,192,A
3-PA,1,50,0,0,0,50,A
3-PA,2,0,50,0,0,50,T
3-PA,3,0,0,53,0,53,G
3-PA,4,0,0,53,0,53,G
3-PA,5,54,0,0,0,54,A
3-PA,6,54,0,0,0,54,A
3-PA,7,0,0,56,0,56,G
3-PA,8,60,0,0,0,60,A
3-PA,9,0,60,0,0,60,T
3-PA,10,0,60,0,0,60,T
3-PA,11,0,60,0,0,60,T
3-PA,12,0,60,0,0,60,T
3-PA,13,0,0,63,0,63,G
3-PA,14,0,64,0,0,64,T
3-PA,15,0,0,65,0,65,G
3-PA,16,0,0,0,66,66,C
3-PA,17,0,0,67,0,67,G
3-PA,18,74,0,0,0,74,A
3-PA,19,0,0,0,78,78,C
3-PA,20,79,0,0,0,79,A
3-PA,21,78,0,1,0,79,A
3-PA,22,0,82,0,0,82,T
3-PA,23,0,0,100,0,100,G
3-PA,24,0,0,0,103,103,C
3-PA,25,0,103,0,0,103,T
3-PA,26,0,102,0,0,102,T
3-PA,27,0,0,0,104,104,C
3-PA,28,106,0,0,0,106,A
3-PA,29,110,0,0,0,110,A
3-PA,30,0,0,0,111,111,C
3-PA,31,0,0,0,113,113,C
3-PA,32,0,0,0,112,112,C
3-PA,33,0,0,114,0,114,G
3-PA,34,114,0,0,0,114,A
3-PA,35,0,115,0,0,115,T
3-PA,36,0,1,115,0,116,G
3-PA,37,116,0,0,0,116,A
3-PA,38,0,119,0,1,120,T
3-PA,39,0,120,0,0,120,T
3-PA,40,0,0,120,0,120,G
3-PA,41,0,119,0,1,120,T
3-PA,42,3,1,0,117,121,C
3-PA,43,0,2,119,0,121,G
3-PA,44,121,0,0,0,121,A
3-PA,45,121,0,0,0,121,A
3-PA,46,0,0,0,122,122,C
3-PA,47,0,122,0,0,122,T
3-PA,48,0,122,0,0,122,T
3-PA,49,0,0,121,0,121,G
3-PA,50,0,0,0,121,121,C
3-PA,51,122,0,0,0,122,A
3-PA,52,0,0,123,0,123,G
3-PA,53,122,0,0,0,122,A
3-PA,54,123,0,0,0,123,A
3-PA,55,123,0,0,0,123,A
3-PA,56,122,0,0,0,122,A
3-PA,57,126,0,0,0,126,A
3-PA,58,0,0,130,0,130,G
3-PA,59,0,0,0,135,135,C
3-PA,60,135,0,0,0,135,A
3-PA,61,141,0,0,0,141,A
3-PA,62,0,141,0,0,141,T
3-PA,63,0,0,147,0,147,G
3-PA,64,148,0,0,0,148,A
3-PA,65,148,0,0,0,148,A
3-PA,66,148,0,0,0,148,A
3-PA,67,0,1,159,0,160,G
3-PA,68,170,0,0,0,170,A
3-PA,69,0,0,206,0,206,G
3-PA,70,0,206,0,1,207,T
3-PA,71,210,0,0,0,210,A
3-PA,72,1,209,0,0,210,T
3-PA,73,0,1,209,0,210,G
3-PA,74,0,1,211,0,212,G
3-PA,75,0,0,212,0,212,G
3-PA,76,0,2,210,0,212,G
3-PA,77,210,0,0,0,210,A
3-PA,78,1,2,207,0,210,G
3-PA,79,0,1,213,0,214,G
3-PA,80,214,0,0,0,214,A
3-PA,81,0,214,0,0,214,T
3-PA,82,1,0,0,214,215,C
3-PA,83,0,214,0,1,215,T
3-PA,84,0,1,214,0,215,G
3-PA,85,215,0,0,0,215,A
3-PA,86,215,0,0,0,215,A
3-PA,87,215,0,0,0,215,A
3-PA,88,215,0,0,0,215,A
3-PA,89,0,215,0,0,215,T
3-PA,90,0,215,0,0,215,T
3-PA,91,0,1,215,0,216,G
3-PA,92,216,0,0,0,216,A
3-PA,93,216,0,0,0,216,A
3-PA,94,216,0,0,0,216,A
3-PA,95,1,0,0,216,217,C
3-PA,96,217,0,0,0,217,A
3-PA,97,217,0,0,0,217,A
3-PA,98,216,0,0,0,216,A
3-PA,99,0,0,0,216,216,C
3-PA,100,217,0,0,0,217,A
3-PA,101,216,0,0,1,217,A
3-PA,102,218,0,0,0,218,A
3-PA,103,0,218,0,0,218,T
3-PA,104,0,221,0,0,221,T
3-PA,105,0,221,0,0,221,T
3-PA,106,0,0,222,0,222,G
3-PA,107,0,1,1,220,222,C
3-PA,108,221,0,1,0,222,A
3-PA,109,0,0,227,0,227,G
3-PA,110,0,1,0,226,227,C
3-PA,111,239,0,1,0,240,A
3-PA,112,244,0,0,0,244,A
3-PA,113,0,245,0,0,245,T
3-PA,114,253,0,0,0,253,A
3-PA,115,0,253,0,0,253,T
3-PA,116,0,1,257,0,258,G
3-PA,117,0,0,0,260,260,C
3-PA,118,257,0,0,0,257,A
3-PA,119,0,0,0,264,264,C
3-PA,120,0,260,0,0,260,T
3-PA,121,0,1,0,303,304,C
3-PA,122,310,0,0,0,310,A
3-PA,123,0,0,0,317,317,C
3-PA,124,0,318,0,0,318,T
3-PA,125,0,317,0,0,317,T
3-PA,126,1,0,315,0,316,G
3-PA,127,0,0,318,0,318,G
3-PA,128,318,0,0,0,318,A
3-PA,129,0,4,313,0,317,G
3-PA,130,0,2,314,0,316,G
3-PA,131,0,305,0,0,305,T
3-PA,132,1,1,315,0,317,G
3-PA,133,0,315,0,0,315,T
3-PA,134,1,0,319,0,320,G
3-PA,135,0,323,0,0,323,T
3-PA,136,0,319,0,0,319,T
3-PA,137,0,319,0,0,319,T
3-PA,138,1,0,0,324,325,C
3-PA,139,323,1,0,0,324,A
3-PA,140,0,324,0,0,324,T
3-PA,141,0,0,333,0,333,G
3-PA,142,0,332,0,0,332,T
3-PA,143,333,0,0,0,333,A
3-PA,144,0,334,0,0,334,T
3-PA,145,0,334,0,0,334,T
3-PA,146,0,1,0,333,334,C
3-PA,147,333,0,0,0,333,A
3-PA,148,0,0,341,0,341,G
3-PA,149,338,1,0,0,339,A
3-PA,150,0,339,0,0,339,T
3-PA,151,0,339,0,0,339,T
3-PA,152,0,339,0,0,339,T
3-PA,153,1,0,0,336,337,C
3-PA,154,0,0,0,343,343,C
3-PA,155,343,0,0,0,343,A
3-PA,156,0,344,0,0,344,T
3-PA,157,0,342,0,1,343,T
3-PA,158,0,342,0,1,343,T
3-PA,159,1,0,0,344,345,C
3-PA,160,345,0,0,0,345,A
3-PA,161,0,354,0,0,354,T
3-PA,162,0,0,0,355,355,C
3-PA,163,357,0,0,0,357,A
3-PA,164,358,0,0,0,358,A
3-PA,165,0,359,0,0,359,T
3-PA,166,0,4,370,0,374,G
3-PA,167,374,0,0,0,374,A
3-PA,168,373,0,0,0,373,A
3-PA,169,0,1,0,375,376,C
3-PA,170,372,0,1,0,373,A
3-PA,171,374,0,0,1,375,A
3-PA,172,0,1,375,0,376,G
3-PA,173,1,0,374,0,375,G
3-PA,174,0,0,0,376,376,C
3-PA,175,0,4,368,0,372,G
3-PA,176,389,0,0,0,389,A
3-PA,177,392,0,2,0,394,A
3-PA,178,0,393,0,0,393,T
3-PA,179,0,0,0,397,397,C
3-PA,180,397,0,0,0,397,A
3-PA,181,396,0,1,0,397,A
3-PA,182,1,397,0,0,398,T
3-PA,183,398,0,0,0,398,A
3-PA,184,0,0,411,0,411,G
3-PA,185,0,412,0,0,412,T
3-PA,186,0,1,410,0,411,G
3-PA,187,0,1,411,0,412,G
3-PA,188,1,410,0,0,411,T
3-PA,189,409,0,0,0,409,A
3-PA,190,0,1,413,0,414,G
3-PA,191,414,0,0,0,414,A
3-PA,192,412,0,0,0,412,A
3-PA,193,0,0,0,412,412,C
3-PA,194,0,404,0,0,404,T
3-PA,195,0,404,0,1,405,T
3-PA,196,0,1,403,0,404,G
3-PA,197,403,0,0,0,403,A
3-PA,198,0,1,0,402,403,C
3-PA,199,0,1,401,0,402,G
3-PA,200,410,0,0,0,410,A
3-PA,201,0,415,0,0,415,T
3-PA,202,2,0,0,418,420,C
3-PA,203,1,0,0,425,426,C
3-PA,204,425,0,0,0,425,A
3-PA,205,426,1,0,0,427,A
3-PA,206,428,0,0,0,428,A
3-PA,207,0,427,1,0,428,T
3-PA,208,0,0,427,0,427,G
3-PA,209,1,0,0,420,421,C
3-PA,210,418,0,1,0,419,A
3-PA,211,0,0,0,430,430,C
3-PA,212,0,426,0,0,426,T
3-PA,213,0,1,489,0,490,G
3-PA,214,0,490,0,0,490,T
3-PA,215,1,486,0,0,487,T
3-PA,216,489,0,0,0,489,A
3-PA,217,489,0,0,0,489,A
3-PA,218,487,0,1,0,488,A
3-PA,219,1,0,492,0,493,G
3-PA,220,0,0,0,487,487,C
3-PA,221,486,0,0,0,486,A
3-PA,222,1,0,0,484,485,C
3-PA,223,465,0,0,0,465,A
3-PA,224,0,1,485,0,486,G
3-PA,225,484,0,0,0,484,A
3-PA,226,0,486,0,0,486,T
3-PA,227,0,484,0,0,484,T
3-PA,228,0,485,0,0,485,T
3-PA,229,0,2,484,0,486,G
3-PA,230,488,0,0,0,488,A
3-PA,231,488,0,0,0,488,A
3-PA,232,488,0,0,0,488,A
3-PA,233,0,483,0,0,483,T
3-PA,234,480,0,0,0,480,A
3-PA,235,482,0,0,0,482,A
3-PA,236,0,483,0,0,483,T
3-PA,237,4,2,0,479,485,C
3-PA,238,0,0,487,0,487,G
3-PA,239,483,2,0,0,485,A
3-PA,240,1,1,482,0,484,G
3-PA,241,0,1,493,0,494,G
3-PA,242,0,3,492,0,495,G
3-PA,243,0,2,492,0,494,G
3-PA,244,491,0,1,0,492,A
3-PA,245,0,1,493,0,494,G
3-PA,246,504,0,0,0,504,A
3-PA,247,0,3,503,0,506,G
3-PA,248,504,1,0,0,505,A
3-PA,249,0,0,0,510,510,C
3-PA,250,507,0,1,0,508,A
3-PA,251,0,3,513,0,516,G
3-PA,252,517,0,1,0,518,A
3-PA,253,525,0,1,0,526,A
3-PA,254,0,0,1,525,526,C
3-PA,255,512,0,0,0,512,A
3-PA,256,511,0,0,0,511,A
3-PA,257,0,509,0,0,509,T
3-PA,258,0,3,523,0,526,G
3-PA,259,0,1,528,0,529,G
3-PA,260,0,0,0,525,525,C
3-PA,261,0,0,0,525,525,C
3-PA,262,1,514,0,1,516,T
3-PA,263,0,3,526,0,529,G
3-PA,264,0,1,530,0,531,G
3-PA,265,530,0,0,0,530,A
3-PA,266,0,1,0,534,535,C
3-PA,267,514,0,1,0,515,A
3-PA,268,0,2,579,0,581,G
3-PA,269,0,580,0,0,580,T
3-PA,270,585,0,0,0,585,A
3-PA,271,0,0,587,0,587,G
3-PA,272,0,576,0,0,576,T
3-PA,273,578,0,0,0,578,A
3-PA,274,576,0,0,0,576,A
3-PA,275,574,0,1,1,576,A
3-PA,276,0,0,0,581,581,C
3-PA,277,533,0,0,0,533,A
3-PA,278,0,1,546,0,547,G
3-PA,279,0,538,0,0,538,T
3-PA,280,545,0,0,0,545,A
3-PA,281,0,542,0,1,543,T
3-PA,282,1,0,1,552,554,C
3-PA,283,0,552,0,1,553,T
3-PA,284,1,0,551,0,552,G
3-PA,285,0,0,0,555,555,C
3-PA,286,547,0,0,0,547,A
3-PA,287,548,0,1,0,549,A
3-PA,288,0,0,0,559,559,C
3-PA,289,549,0,1,0,550,A
3-PA,290,1,0,0,576,577,C
3-PA,291,0,567,0,0,567,T
3-PA,292,569,0,0,0,569,A
3-PA,293,0,0,0,571,571,C
3-PA,294,0,568,0,0,568,T
3-PA,295,1,0,567,0,568,G
3-PA,296,0,4,560,0,564,G
3-PA,297,562,0,1,1,564,A
3-PA,298,0,0,563,0,563,G
3-PA,299,0,1,0,548,549,C
3-PA,300,1,547,0,0,548,T
3-PA,301,0,3,544,0,547,G
3-PA,302,0,1,550,0,551,G
3-PA,303,548,0,3,0,551,A
3-PA,304,551,0,1,0,552,A
3-PA,305,549,0,0,0,549,A
3-PA,306,547,0,1,1,549,A
3-PA,307,0,1,0,547,548,C
3-PA,308,2,0,0,547,549,C
3-PA,309,0,2,548,0,550,G
3-PA,310,550,0,0,0,550,A
3-PA,311,547,0,2,0,549,A
3-PA,312,0,0,555,0,555,G
3-PA,313,0,557,0,0,557,T
3-PA,314,1,553,0,1,555,T
3-PA,315,0,557,0,0,557,T
3-PA,316,1,0,0,562,563,C
3-PA,317,0,569,0,0,569,T
3-PA,318,570,0,0,0,570,A
3-PA,319,0,1,0,568,569,C
3-PA,320,3,0,0,566,569,C
3-PA,321,565,0,0,0,565,A
3-PA,322,0,5,558,0,563,G
3-PA,323,565,0,0,0,565,A
3-PA,324,1,0,0,549,550,C
3-PA,325,0,570,0,0,570,T
3-PA,326,0,572,0,0,572,T
3-PA,327,0,0,586,0,586,G
3-PA,328,0,584,0,1,585,T
3-PA,329,586,0,0,0,586,A
3-PA,330,0,587,0,0,587,T
3-PA,331,0,1,574,1,576,G
3-PA,332,601,0,1,0,602,A
3-PA,333,0,599,0,2,601,T
3-PA,334,2,600,0,0,602,T
3-PA,335,600,0,0,0,600,A
3-PA,336,0,0,0,598,598,C
3-PA,337,597,0,0,0,597,A
3-PA,338,596,0,0,0,596,A
3-PA,339,1,1,594,0,596,G
3-PA,340,0,4,601,0,605,G
3-PA,341,582,0,0,0,582,A
3-PA,342,0,5,588,0,593,G
3-PA,343,593,0,0,0,593,A
3-PA,344,591,0,1,0,592,A
3-PA,345,1,0,0,592,593,C
3-PA,346,589,0,0,0,589,A
3-PA,347,0,0,595,0,595,G
3-PA,348,588,0,1,0,589,A
3-PA,349,0,587,0,1,588,T
3-PA,350,0,583,0,0,583,T
3-PA,351,5,0,0,572,577,C
3-PA,352,578,0,0,0,578,A
3-PA,353,0,575,0,1,576,T
3-PA,354,1,1,0,577,579,C
3-PA,355,0,1,576,0,577,G
3-PA,356,586,0,0,0,586,A
3-PA,357,584,0,0,0,584,A
3-PA,358,585,0,0,0,585,A
3-PA,359,0,586,0,0,586,T
3-PA,360,0,584,0,0,584,T
3-PA,361,0,3,581,0,584,G
3-PA,362,0,4,577,0,581,G
3-PA,363,0,3,578,0,581,G
3-PA,364,1,0,584,0,585,G
3-PA,365,0,578,0,1,579,T
3-PA,366,0,4,579,0,583,G
3-PA,367,582,0,1,0,583,A
3-PA,368,0,0,0,586,586,C
3-PA,369,588,0,0,0,588,A
3-PA,370,586,0,0,1,587,A
3-PA,371,0,1,593,0,594,G
3-PA,372,0,5,586,0,591,G
3-PA,373,590,0,1,0,591,A
3-PA,374,0,2,589,0,591,G
3-PA,375,578,0,2,0,580,A
3-PA,376,0,1,582,0,583,G
3-PA,377,573,0,1,0,574,A
3-PA,378,575,0,0,0,575,A
3-PA,379,0,1,586,0,587,G
3-PA,380,0,577,0,0,577,T
3-PA,381,2,0,0,580,582,C
3-PA,382,4,0,0,581,585,C
3-PA,383,586,0,1,0,587,A
3-PA,384,0,0,0,602,602,C
3-PA,385,612,0,0,0,612,A
3-PA,386,0,621,0,0,621,T
3-PA,387,624,0,0,0,624,A
3-PA,388,0,601,0,0,601,T
3-PA,389,597,0,1,0,598,A
3-PA,390,0,587,0,0,587,T
3-PA,391,0,585,0,0,585,T
3-PA,392,596,0,0,0,596,A
3-PA,393,0,0,0,592,592,C
3-PA,394,4,0,0,566,570,C
3-PA,395,0,557,0,1,558,T
3-PA,396,0,556,0,0,556,T
3-PA,397,0,0,562,0,562,G
3-PA,398,564,0,0,0,564,A
3-PA,399,564,0,0,0,564,A
3-PA,400,562,0,0,0,562,A
3-PA,401,547,0,0,0,547,A
3-PA,402,0,1,550,0,551,G
3-PA,403,0,1,554,0,555,G
3-PA,404,0,0,0,555,555,C
3-PA,405,3,0,0,555,558,C
3-PA,406,560,0,0,0,560,A
3-PA,407,562,0,0,0,562,A
3-PA,408,0,561,0,0,561,T
3-PA,409,560,0,0,0,560,A
3-PA,410,560,0,0,0,560,A
3-PA,411,0,0,569,0,569,G
3-PA,412,565,0,0,1,566,A
3-PA,413,0,562,0,0,562,T
3-PA,414,0,559,0,0,559,T
3-PA,415,560,0,0,0,560,A
3-PA,416,562,0,0,0,562,A
3-PA,417,564,0,0,0,564,A
3-PA,418,0,565,0,0,565,T
3-PA,419,2,0,0,564,566,C
3-PA,420,0,548,0,0,548,T
3-PA,421,0,2,553,0,555,G
3-PA,422,554,0,0,0,554,A
3-PA,423,0,3,557,0,560,G
3-PA,424,560,0,1,0,561,A
3-PA,425,563,0,0,0,563,A
3-PA,426,1,0,0,561,562,C
3-PA,427,559,0,1,0,560,A
3-PA,428,0,0,0,567,567,C
3-PA,429,565,0,0,0,565,A
3-PA,430,0,1,0,568,569,C
3-PA,431,567,0,1,0,568,A
3-PA,432,1,0,0,580,581,C
3-PA,433,578,0,0,0,578,A
3-PA,434,0,576,0,0,576,T
3-PA,435,0,576,0,0,576,T
3-PA,436,0,0,0,575,575,C
3-PA,437,573,0,0,0,573,A
3-PA,438,0,0,0,577,577,C
3-PA,439,573,1,0,0,574,A
3-PA,440,0,573,1,0,574,T
3-PA,441,0,560,0,0,560,T
3-PA,442,0,569,0,0,569,T
3-PA,443,0,564,0,0,564,T
3-PA,444,3,0,0,570,573,C
3-PA,445,0,568,0,2,570,T
3-PA,446,3,0,0,569,572,C
3-PA,447,570,0,0,0,570,A
3-PA,448,0,564,1,0,565,T
3-PA,449,0,574,0,3,577,T
3-PA,450,2,1,0,574,577,C
3-PA,451,576,0,0,0,576,A
3-PA,452,1,0,0,578,579,C
3-PA,453,0,580,0,0,580,T
3-PA,454,0,2,593,0,595,G
3-PA,455,0,2,591,0,593,G
3-PA,456,0,3,589,0,592,G
3-PA,457,0,1,595,0,596,G
3-PA,458,590,0,1,0,591,A
3-PA,459,0,1,591,1,593,G
3-PA,460,0,0,595,0,595,G
3-PA,461,591,0,1,0,592,A
3-PA,462,592,0,0,0,592,A
3-PA,463,585,0,0,0,585,A
3-PA,464,0,579,0,0,579,T
3-PA,465,0,0,583,0,583,G
3-PA,466,0,0,580,0,580,G
3-PA,467,2,1,1,580,584,C
3-PA,468,1,0,0,581,582,C
3-PA,469,583,0,0,0,583,A
3-PA,470,0,0,0,585,585,C
3-PA,471,584,0,0,0,584,A
3-PA,472,591,0,1,0,592,A
3-PA,473,589,0,0,0,589,A
3-PA,474,0,1,591,0,592,G
3-PA,475,0,1,595,0,596,G
3-PA,476,0,0,0,597,597,C
3-PA,477,596,0,0,0,596,A
3-PA,478,0,2,599,0,601,G
3-PA,479,602,0,1,0,603,A
3-PA,480,0,0,0,610,610,C
3-PA,481,0,611,0,0,611,T
3-PA,482,610,0,0,0,610,A
3-PA,483,0,1,0,609,610,C
3-PA,484,598,0,0,0,598,A
3-PA,485,0,0,0,605,605,C
3-PA,486,0,595,0,0,595,T
3-PA,487,0,0,0,600,600,C
3-PA,488,0,598,0,0,598,T
3-PA,489,3,1,0,584,588,C
3-PA,490,0,2,584,0,586,G
3-PA,491,585,0,0,0,585,A
3-PA,492,0,0,0,582,582,C
3-PA,493,0,1,585,0,586,G
3-PA,494,583,0,0,0,583,A
3-PA,495,0,0,584,0,584,G
3-PA,496,0,3,577,0,580,G
3-PA,497,583,0,0,0,583,A
3-PA,498,583,0,0,0,583,A
3-PA,499,581,0,0,0,581,A
3-PA,500,0,1,578,0,579,G
3-PA,501,0,0,0,581,581,C
3-PA,502,582,0,0,0,582,A
3-PA,503,1,0,591,0,592,G
3-PA,504,0,1,589,1,591,G
3-PA,505,0,1,590,0,591,G
3-PA,506,0,0,0,591,591,C
3-PA,507,0,583,0,0,583,T
3-PA,508,583,0,1,0,584,A
3-PA,509,0,1,590,1,592,G
3-PA,510,0,7,607,0,614,G
3-PA,511,614,0,0,0,614,A
3-PA,512,0,606,0,0,606,T
3-PA,513,0,593,0,0,593,T
3-PA,514,592,0,0,0,592,A
3-PA,515,601,0,1,0,602,A
3-PA,516,0,4,601,0,605,G
3-PA,517,602,0,3,0,605,A
3-PA,518,0,0,0,599,599,C
3-PA,519,1,0,0,550,551,C
3-PA,520,539,1,0,0,540,A
3-PA,521,0,1,543,0,544,G
3-PA,522,0,0,547,0,547,G
3-PA,523,1,0,1,547,549,C
3-PA,524,0,540,0,2,542,T
3-PA,525,0,0,558,0,558,G
3-PA,526,0,557,0,0,557,T
3-PA,527,0,556,0,1,557,T
3-PA,528,0,558,0,0,558,T
3-PA,529,559,0,0,0,559,A
3-PA,530,0,0,1,570,571,C
3-PA,531,3,0,0,552,555,C
3-PA,532,549,0,0,0,549,A
3-PA,533,0,547,0,0,547,T
3-PA,534,517,0,0,0,517,A
3-PA,535,522,0,0,0,522,A
3-PA,536,0,1,528,0,529,G
3-PA,537,524,1,0,0,525,A
3-PA,538,0,0,0,524,524,C
3-PA,539,510,0,1,0,511,A
3-PA,540,512,0,0,0,512,A
3-PA,541,0,4,514,0,518,G
3-PA,542,516,0,0,0,516,A
3-PA,543,516,0,0,0,516,A
3-PA,544,507,1,1,0,509,A
3-PA,545,0,499,0,0,499,T
3-PA,546,0,0,511,0,511,G
3-PA,547,0,0,512,0,512,G
3-PA,548,0,1,0,512,513,C
3-PA,549,1,1,1,508,511,C
3-PA,550,513,0,0,0,513,A
3-PA,551,524,0,0,0,524,A
3-PA,552,1,0,0,524,525,C
3-PA,553,524,0,0,0,524,A
3-PA,554,0,1,525,0,526,G
3-PA,555,513,0,2,0,515,A
3-PA,556,1,0,516,0,517,G
3-PA,557,0,0,516,0,516,G
3-PA,558,1,0,0,519,520,C
3-PA,559,4,0,0,512,516,C
3-PA,560,0,513,0,1,514,T
3-PA,561,0,0,0,513,513,C
3-PA,562,0,515,0,0,515,T
3-PA,563,0,4,513,0,517,G
3-PA,564,1,2,513,0,516,G
3-PA,565,0,3,514,0,517,G
3-PA,566,513,0,0,0,513,A
3-PA,567,0,498,0,0,498,T
3-PA,568,0,492,0,1,493,T
3-PA,569,1,0,0,544,545,C
3-PA,570,2,0,0,538,540,C
3-PA,571,0,540,0,0,540,T
3-PA,572,0,539,0,1,540,T
3-PA,573,0,545,0,1,546,T
3-PA,574,0,0,0,557,557,C
3-PA,575,0,0,557,0,557,G
3-PA,576,0,556,0,0,556,T
3-PA,577,3,0,0,555,558,C
3-PA,578,552,0,0,0,552,A
3-PA,579,0,1,622,0,623,G
3-PA,580,0,624,0,0,624,T
3-PA,581,4,1,0,617,622,C
3-PA,582,3,0,0,626,629,C
3-PA,583,3,2,627,0,632,G
3-PA,584,627,0,0,2,629,A
3-PA,585,630,0,0,1,631,A
3-PA,586,633,0,0,0,633,A
3-PA,587,0,2,640,0,642,G
3-PA,588,620,0,2,0,622,A
3-PA,589,0,3,628,0,631,G
3-PA,590,0,1,631,0,632,G
3-PA,591,0,1,0,632,633,C
3-PA,592,0,3,634,0,637,G
3-PA,593,634,0,0,0,634,A
3-PA,594,638,0,1,0,639,A
3-PA,595,0,1,648,0,649,G
3-PA,596,650,0,0,0,650,A
3-PA,597,651,0,0,0,651,A
3-PA,598,644,0,1,0,645,A
3-PA,599,0,0,0,653,653,C
3-PA,600,652,0,0,0,652,A
3-PA,601,651,0,0,0,651,A
3-PA,602,0,652,0,0,652,T
3-PA,603,0,650,0,0,650,T
3-PA,604,0,0,651,0,651,G
3-PA,605,653,0,0,0,653,A
3-PA,606,649,0,0,0,649,A
3-PA,607,0,2,650,0,652,G
3-PA,608,650,0,0,0,650,A
3-PA,609,652,0,0,0,652,A
3-PA,610,651,0,0,0,651,A
3-PA,611,650,0,0,0,650,A
3-PA,612,653,0,1,0,654,A
3-PA,613,0,651,0,0,651,T
3-PA,614,0,652,0,0,652,T
3-PA,615,0,654,0,0,654,T
3-PA,616,1,1,655,0,657,G
3-PA,617,655,0,0,0,655,A
3-PA,618,655,1,0,0,656,A
3-PA,619,656,0,0,0,656,A
3-PA,620,0,668,0,0,668,T
3-PA,621,1,0,0,732,733,C
3-PA,622,733,0,1,0,734,A
3-PA,623,5,0,0,739,744,C
3-PA,624,740,0,1,0,741,A
3-PA,625,1,1,755,0,757,G
3-PA,626,0,4,777,0,781,G
3-PA,627,788,0,1,0,789,A
3-PA,628,800,0,1,0,801,A
3-PA,629,1,1,0,808,810,C
3-PA,630,0,780,0,2,782,T
3-PA,631,844,0,1,0,845,A
3-PA,632,1,858,0,1,860,T
3-PA,633,0,2,887,0,889,G
3-PA,634,0,1,0,883,884,C
3-PA,635,0,2,869,0,871,G
3-PA,636,0,864,0,0,864,T
3-PA,637,860,0,1,0,861,A
3-PA,638,0,3,869,0,872,G
3-PA,639,0,0,875,0,875,G
3-PA,640,0,1,0,863,864,C
3-PA,641,0,852,0,1,853,T
3-PA,642,0,838,0,0,838,T
3-PA,643,0,0,840,0,840,G
3-PA,644,0,0,0,841,841,C
3-PA,645,3,2,0,837,842,C
3-PA,646,0,7,847,0,854,G
3-PA,647,852,0,0,0,852,A
3-PA,648,0,2,0,856,858,C
3-PA,649,5,0,0,854,859,C
3-PA,650,856,0,1,0,857,A
3-PA,651,860,0,0,0,860,A
3-PA,652,853,1,1,0,855,A
3-PA,653,0,0,872,0,872,G
3-PA,654,0,872,0,1,873,T
3-PA,655,4,0,0,872,876,C
3-PA,656,0,870,0,0,870,T
3-PA,657,1,0,0,883,884,C
3-PA,658,1,0,0,888,889,C
3-PA,659,5,0,0,885,890,C
3-PA,660,892,0,0,0,892,A
3-PA,661,0,0,0,897,897,C
3-PA,662,3,1,0,886,890,C
3-PA,663,0,4,891,0,895,G
3-PA,664,912,0,0,0,912,A
3-PA,665,913,0,0,0,913,A
3-PA,666,1,0,0,925,926,C
3-PA,667,0,922,0,1,923,T
3-PA,668,0,943,0,0,943,T
3-PA,669,2,0,0,954,956,C
3-PA,670,1,950,0,2,953,T
3-PA,671,5,0,0,952,957,C
3-PA,672,2,0,0,953,955,C
3-PA,673,0,942,0,0,942,T
3-PA,674,0,0,953,0,953,G
3-PA,675,0,0,0,949,949,C
3-PA,676,5,2,0,947,954,C
3-PA,677,0,946,0,0,946,T
3-PA,678,1,941,0,0,942,T
3-PA,679,0,4,940,1,945,G
3-PA,680,945,0,0,0,945,A
3-PA,681,0,4,950,0,954,G
3-PA,682,956,0,0,0,956,A
3-PA,683,958,0,0,0,958,A
3-PA,684,0,969,0,0,969,T
3-PA,685,0,969,0,0,969,T
3-PA,686,0,972,0,0,972,T
3-PA,687,0,976,0,0,976,T
3-PA,688,973,2,1,0,976,A
3-PA,689,1,2,976,0,979,G
3-PA,690,969,0,0,0,969,A
3-PA,691,1,1,996,0,998,G
3-PA,692,1,0,0,996,997,C
3-PA,693,4,1,0,1003,1008,C
3-PA,694,0,1025,0,0,1025,T
3-PA,695,1058,0,0,1,1059,A
3-PA,696,0,1061,0,0,1061,T
3-PA,697,1,0,1061,0,1062,G
3-PA,698,0,1058,0,2,1060,T
3-PA,699,1,3,1063,0,1067,G
3-PA,700,0,4,1048,0,1052,G
3-PA,701,1049,0,0,0,1049,A
3-PA,702,0,1032,0,1,1033,T
3-PA,703,1,4,1013,0,1018,G
3-PA,704,0,5,1042,0,1047,G
3-PA,705,1052,0,1,0,1053,A
3-PA,706,0,1049,0,0,1049,T
3-PA,707,0,1050,0,1,1051,T
3-PA,708,4,1,0,1041,1046,C
3-PA,709,0,8,1044,0,1052,G
3-PA,710,1051,0,1,0,1052,A
3-PA,711,1049,1,1,0,1051,A
3-PA,712,4,0,0,1050,1054,C
3-PA,713,3,0,0,1016,1019,C
3-PA,714,0,9,1026,0,1035,G
3-PA,715,1036,0,0,0,1036,A
3-PA,716,1035,0,1,0,1036,A
3-PA,717,3,0,0,1043,1046,C
3-PA,718,1,2,1036,0,1039,G
3-PA,719,0,0,1068,0,1068,G
3-PA,720,5,0,0,1066,1071,C
3-PA,721,0,1062,0,0,1062,T
3-PA,722,1,0,1086,0,1087,G
3-PA,723,0,0,0,1091,1091,C
3-PA,724,1097,1,0,0,1098,A
3-PA,725,0,1098,0,1,1099,T
3-PA,726,0,1093,0,0,1093,T
3-PA,727,0,1,1093,0,1094,G
3-PA,728,1058,0,1,0,1059,A
3-PA,729,0,4,1063,0,1067,G
3-PA,730,0,7,1059,1,1067,G
3-PA,731,1,1,1056,0,1058,G
3-PA,732,0,0,0,1056,1056,C
3-PA,733,1049,0,1,0,1050,A
3-PA,734,1054,0,0,0,1054,A
3-PA,735,0,0,1057,0,1057,G
3-PA,736,0,0,0,1064,1064,C
3-PA,737,0,1056,1,4,1061,T
3-PA,738,0,1059,0,0,1059,T
3-PA,739,0,1062,0,0,1062,T
3-PA,740,2,0,0,1062,1064,C
3-PA,741,0,1062,0,1,1063,T
3-PA,742,4,0,0,1064,1068,C
3-PA,743,1064,0,0,0,1064,A
3-PA,744,1056,0,1,0,1057,A
3-PA,745,1056,0,0,0,1056,A
3-PA,746,0,1058,0,0,1058,T
3-PA,747,0,0,1110,0,1110,G
3-PA,748,0,1107,0,1,1108,T
3-PA,749,3,0,0,1120,1123,C
3-PA,750,8,0,0,1116,1124,C
3-PA,751,1123,0,1,0,1124,A
3-PA,752,1121,0,4,0,1125,A
3-PA,753,1124,0,0,0,1124,A
3-PA,754,0,1,1148,0,1149,G
3-PA,755,1145,0,0,0,1145,A
3-PA,756,1111,0,2,0,1113,A
3-PA,757,0,1,1122,0,1123,G
3-PA,758,0,1109,0,1,1110,T
3-PA,759,0,8,1102,0,1110,G
3-PA,760,1102,1,3,0,1106,A
3-PA,761,1108,0,0,0,1108,A
3-PA,762,0,1108,0,1,1109,T
3-PA,763,0,1,1102,0,1103,G
3-PA,764,2,2,0,1102,1106,C
3-PA,765,6,0,1,1101,1108,C
3-PA,766,5,0,0,1100,1105,C
3-PA,767,1111,0,0,0,1111,A
3-PA,768,1121,0,0,0,1121,A
3-PA,769,1132,0,1,0,1133,A
3-PA,770,1,1131,0,0,1132,T
3-PA,771,0,1125,0,0,1125,T
3-PA,772,1,9,1113,0,1123,G
3-PA,773,1120,0,1,0,1121,A
3-PA,774,1123,0,0,0,1123,A
3-PA,775,1,0,0,1123,1124,C
3-PA,776,4,0,0,1114,1118,C
3-PA,777,0,1101,0,3,1104,T
3-PA,778,0,1129,0,0,1129,T
3-PA,779,0,1132,0,0,1132,T
3-PA,780,0,1152,0,0,1152,T
3-PA,781,0,0,0,1158,1158,C
3-PA,782,0,1152,0,1,1153,T
3-PA,783,0,1,1154,0,1155,G
3-PA,784,1148,1,0,0,1149,A
3-PA,785,1158,1,0,0,1159,A
3-PA,786,5,1,1161,0,1167,G
3-PA,787,1153,1,1,0,1155,A
3-PA,788,1,0,0,1158,1159,C
3-PA,789,1144,0,0,0,1144,A
3-PA,790,1151,0,1,0,1152,A
3-PA,791,0,1,0,1278,1279,C
3-PA,792,1278,0,1,0,1279,A
3-PA,793,1,1,0,1276,1278,C
3-PA,794,9,0,0,1262,1271,C
3-PA,795,1262,0,2,1,1265,A
3-PA,796,1263,0,3,0,1266,A
3-PA,797,0,7,1259,0,1266,G
3-PA,798,1261,0,3,0,1264,A
3-PA,799,0,1,0,1263,1264,C
3-PA,800,2,0,0,1160,1162,C
3-PA,801,1160,0,0,0,1160,A
3-PA,802,1163,1,1,0,1165,A
3-PA,803,0,1164,0,0,1164,T
3-PA,804,8,0,0,1158,1166,C
3-PA,805,1160,0,0,0,1160,A
3-PA,806,1159,0,0,0,1159,A
3-PA,807,1159,0,2,0,1161,A
3-PA,808,0,0,0,1180,1180,C
3-PA,809,1,1164,1,0,1166,T
3-PA,810,0,1179,0,2,1181,T
3-PA,811,3,0,0,1187,1190,C
3-PA,812,3,0,0,1188,1191,C
3-PA,813,10,4,1189,0,1203,G
3-PA,814,1198,0,0,0,1198,A
3-PA,815,1200,0,2,0,1202,A
3-PA,816,0,1207,0,0,1207,T
3-PA,817,0,7,1188,0,1195,G
3-PA,818,1,2,1199,1,1203,G
3-PA,819,1202,0,0,0,1202,A
3-PA,820,1,0,0,1207,1208,C
3-PA,821,4,0,0,1199,1203,C
3-PA,822,0,1232,0,2,1234,T
3-PA,823,0,0,0,1263,1263,C
3-PA,824,1,1,1,1262,1265,C
3-PA,825,0,1265,0,0,1265,T
3-PA,826,0,1261,0,0,1261,T
3-PA,827,0,0,1324,0,1324,G
3-PA,828,0,1311,0,0,1311,T
3-PA,829,0,1304,0,2,1306,T
3-PA,830,1307,0,0,0,1307,A
3-PA,831,0,1265,0,0,1265,T
3-PA,832,0,0,0,1259,1259,C
3-PA,833,1235,1,0,0,1236,A
3-PA,834,0,1,1235,0,1236,G
3-PA,835,1,0,0,1227,1228,C
3-PA,836,1,6,1195,0,1202,G
3-PA,837,1,2,1236,0,1239,G
3-PA,838,1,1235,0,3,1239,T
3-PA,839,9,0,0,1239,1248,C
3-PA,840,4,0,0,1246,1250,C
3-PA,841,1258,0,0,0,1258,A
3-PA,842,1257,0,1,0,1258,A
3-PA,843,1263,0,0,0,1263,A
3-PA,844,0,1259,0,0,1259,T
3-PA,845,0,1255,0,0,1255,T
3-PA,846,3,1,0,1238,1242,C
3-PA,847,3,0,0,1222,1225,C
3-PA,848,0,1220,0,0,1220,T
3-PA,849,3,1,0,1225,1229,C
3-PA,850,2,1,0,1224,1227,C
3-PA,851,0,1215,0,1,1216,T
3-PA,852,2,3,1218,0,1223,G
3-PA,853,1220,0,0,0,1220,A
3-PA,854,0,1220,0,0,1220,T
3-PA,855,0,7,1210,0,1217,G
3-PA,856,1,4,1198,0,1203,G
3-PA,857,1196,0,1,0,1197,A
3-PA,858,0,1186,0,0,1186,T
3-PA,859,2,0,1184,0,1186,G
3-PA,860,0,0,0,1241,1241,C
3-PA,861,0,1236,0,0,1236,T
3-PA,862,1,1238,0,1,1240,T
3-PA,863,1,1239,0,1,1241,T
3-PA,864,1239,0,0,0,1239,A
3-PA,865,1246,0,0,0,1246,A
3-PA,866,1249,0,0,0,1249,A
3-PA,867,1250,1,2,0,1253,A
3-PA,868,1,1250,0,1,1252,T
3-PA,869,0,1160,0,0,1160,T
3-PA,870,0,13,1144,0,1157,G
3-PA,871,1160,1,1,0,1162,A
3-PA,872,0,1,1179,0,1180,G
3-PA,873,3,1,0,1176,1180,C
3-PA,874,1179,0,0,0,1179,A
3-PA,875,0,1199,0,1,1200,T
3-PA,876,0,1195,0,0,1195,T
3-PA,877,0,3,1189,0,1192,G
3-PA,878,1190,0,2,0,1192,A
3-PA,879,1185,0,2,0,1187,A
3-PA,880,1,8,1177,0,1186,G
3-PA,881,1168,0,4,0,1172,A
3-PA,882,2,0,1,1172,1175,C
3-PA,883,4,1,0,1166,1171,C
3-PA,884,8,0,0,1152,1160,C
3-PA,885,1157,0,1,0,1158,A
3-PA,886,1164,0,1,0,1165,A
3-PA,887,0,2,1171,0,1173,G
3-PA,888,0,1176,0,0,1176,T
3-PA,889,7,1,1,1160,1169,C
3-PA,890,1169,0,2,0,1171,A
3-PA,891,1,3,0,1162,1166,C
3-PA,892,0,2,1161,0,1163,G
3-PA,893,1171,0,4,0,1175,A
3-PA,894,1170,0,2,1,1173,A
3-PA,895,1,4,1207,0,1212,G
3-PA,896,0,2,1205,0,1207,G
3-PA,897,1192,0,2,0,1194,A
3-PA,898,0,3,1208,0,1211,G
3-PA,899,1208,0,1,0,1209,A
3-PA,900,1204,0,3,0,1207,A
3-PA,901,1,6,1210,0,1217,G
3-PA,902,0,3,1194,0,1197,G
3-PA,903,0,2,1198,0,1200,G
3-PA,904,1174,0,1,0,1175,A
3-PA,905,0,1175,0,1,1176,T
3-PA,906,4,1,0,1177,1182,C
3-PA,907,5,0,2,1282,1289,C
3-PA,908,3,0,0,1304,1307,C
3-PA,909,1319,0,1,0,1320,A
3-PA,910,0,1322,0,0,1322,T
3-PA,911,0,1324,0,0,1324,T
3-PA,912,1352,0,0,0,1352,A
3-PA,913,0,1350,0,1,1351,T
3-PA,914,1344,0,2,0,1346,A
3-PA,915,0,1338,0,1,1339,T
3-PA,916,1,6,1204,0,1211,G
3-PA,917,1206,0,1,0,1207,A
3-PA,918,0,1189,1,0,1190,T
3-PA,919,0,1,1191,0,1192,G
3-PA,920,0,0,0,1186,1186,C
3-PA,921,0,10,1178,0,1188,G
3-PA,922,1204,0,0,0,1204,A
3-PA,923,0,1199,0,1,1200,T
3-PA,924,8,0,0,1196,1204,C
3-PA,925,1197,0,2,0,1199,A
3-PA,926,1194,0,0,0,1194,A
3-PA,927,1,1,1199,0,1201,G
3-PA,928,0,1192,0,0,1192,T
3-PA,929,0,0,1199,0,1199,G
3-PA,930,0,1,1,1209,1211,C
3-PA,931,1204,0,1,0,1205,A
3-PA,932,1,1206,0,0,1207,T
3-PA,933,1204,0,0,0,1204,A
3-PA,934,1211,0,2,0,1213,A
3-PA,935,1211,0,0,0,1211,A
3-PA,936,1205,0,2,0,1207,A
3-PA,937,1209,0,0,1,1210,A
3-PA,938,1,0,0,1210,1211,C
3-PA,939,1200,0,0,0,1200,A
3-PA,940,0,1192,1,1,1194,T
3-PA,941,0,1196,0,0,1196,T
3-PA,942,0,0,0,1207,1207,C
3-PA,943,0,1182,0,3,1185,T
3-PA,944,0,1187,0,0,1187,T
3-PA,945,0,1185,0,0,1185,T
3-PA,946,0,6,1178,1,1185,G
3-PA,947,0,3,1191,0,1194,G
3-PA,948,1198,0,0,0,1198,A
3-PA,949,0,1194,0,1,1195,T
3-PA,950,1,3,1196,0,1200,G
3-PA,951,1,2,1220,0,1223,G
3-PA,952,1223,0,0,0,1223,A
3-PA,953,1219,1,1,0,1221,A
3-PA,954,1216,1,3,1,1221,A
3-PA,955,0,4,1251,0,1255,G
3-PA,956,1248,0,2,0,1250,A
3-PA,957,1373,0,1,0,1374,A
3-PA,958,2,0,0,1389,1391,C
3-PA,959,5,0,0,1388,1393,C
3-PA,960,0,1377,0,0,1377,T
3-PA,961,0,1406,0,1,1407,T
3-PA,962,1412,0,2,0,1414,A
3-PA,963,0,1415,0,0,1415,T
3-PA,964,1405,0,0,0,1405,A
3-PA,965,0,1420,0,0,1420,T
3-PA,966,1286,0,0,0,1286,A
3-PA,967,0,2,1304,0,1306,G
3-PA,968,1,1288,0,1,1290,T
3-PA,969,6,0,0,1288,1294,C
3-PA,970,1272,1,0,0,1273,A
3-PA,971,1276,0,0,0,1276,A
3-PA,972,1269,0,2,1,1272,A
3-PA,973,1,0,0,1278,1279,C
3-PA,974,2,1,0,1265,1268,C
3-PA,975,1251,0,2,0,1253,A
3-PA,976,1,0,0,1258,1259,C
3-PA,977,1260,0,0,0,1260,A
3-PA,978,0,1,0,1264,1265,C
3-PA,979,1,4,1261,0,1266,G
3-PA,980,1254,1,0,1,1256,A
3-PA,981,1257,0,1,0,1258,A
3-PA,982,1250,0,1,0,1251,A
3-PA,983,1253,1,2,0,1256,A
3-PA,984,0,4,1259,0,1263,G
3-PA,985,3,7,1245,0,1255,G
3-PA,986,0,8,1251,0,1259,G
3-PA,987,1262,0,1,0,1263,A
3-PA,988,1262,0,0,0,1262,A
3-PA,989,0,1266,0,0,1266,T
3-PA,990,1265,0,0,0,1265,A
3-PA,991,1270,0,0,0,1270,A
3-PA,992,1270,1,0,0,1271,A
3-PA,993,0,1263,0,0,1263,T
3-PA,994,0,1252,0,2,1254,T
3-PA,995,7,0,0,1249,1256,C
3-PA,996,1258,0,2,0,1260,A
3-PA,997,1260,0,0,0,1260,A
3-PA,998,1260,0,0,1,1261,A
3-PA,999,0,1261,1,0,1262,T
3-PA,1000,0,1266,0,0,1266,T
3-PA,1001,1281,0,0,0,1281,A
3-PA,1002,0,1,0,1279,1280,C
3-PA,1003,5,0,0,1270,1275,C
3-PA,1004,0,1266,0,1,1267,T
3-PA,1005,0,2,1269,0,1271,G
3-PA,1006,0,0,0,1277,1277,C
3-PA,1007,0,1276,0,2,1278,T
3-PA,1008,0,1,1304,1,1306,G
3-PA,1009,0,1305,0,1,1306,T
3-PA,1010,5,0,1,1303,1309,C
3-PA,1011,1307,0,0,0,1307,A
3-PA,1012,0,1307,0,1,1308,T
3-PA,1013,1,4,1301,0,1306,G
3-PA,1014,1,4,1304,0,1309,G
3-PA,1015,1313,0,0,0,1313,A
3-PA,1016,1336,0,5,0,1341,A
3-PA,1017,0,0,1332,0,1332,G
3-PA,1018,1,0,0,1334,1335,C
3-PA,1019,1330,0,2,0,1332,A
3-PA,1020,1334,0,2,0,1336,A
3-PA,1021,0,1,1349,0,1350,G
3-PA,1022,0,1354,0,0,1354,T
3-PA,1023,1345,0,0,0,1345,A
3-PA,1024,1,0,0,1349,1350,C
3-PA,1025,0,1333,0,1,1334,T
3-PA,1026,1,2,1339,0,1342,G
3-PA,1027,0,1331,0,0,1331,T
3-PA,1028,9,1,0,1323,1333,C
3-PA,1029,1331,0,0,0,1331,A
3-PA,1030,0,4,1347,0,1351,G
3-PA,1031,1351,1,0,0,1352,A
3-PA,1032,1347,0,0,0,1347,A
3-PA,1033,1,1374,0,0,1375,T
3-PA,1034,0,1372,0,1,1373,T
3-PA,1035,0,1,1369,0,1370,G
3-PA,1036,1,1,0,1360,1362,C
3-PA,1037,1360,1,2,0,1363,A
3-PA,1038,1,3,1362,0,1366,G
3-PA,1039,0,3,1359,0,1362,G
3-PA,1040,1362,0,2,0,1364,A
3-PA,1041,2,0,0,1366,1368,C
3-PA,1042,1350,0,2,0,1352,A
3-PA,1043,0,1351,0,3,1354,T
3-PA,1044,1,1352,0,2,1355,T
3-PA,1045,3,5,1355,0,1363,G
3-PA,1046,1364,0,2,0,1366,A
3-PA,1047,1364,0,0,0,1364,A
3-PA,1048,1361,0,0,0,1361,A
3-PA,1049,1364,0,1,0,1365,A
3-PA,1050,0,1351,0,0,1351,T
3-PA,1051,0,7,1358,0,1365,G
3-PA,1052,1351,0,5,0,1356,A
3-PA,1053,0,2,1366,0,1368,G
3-PA,1054,0,4,1369,0,1373,G
3-PA,1055,1368,0,0,0,1368,A
3-PA,1056,1,0,1369,0,1370,G
3-PA,1057,1364,1,1,1,1367,A
3-PA,1058,1358,0,1,0,1359,A
3-PA,1059,0,3,1359,0,1362,G
3-PA,1060,2,1,1340,0,1343,G
3-PA,1061,0,1392,0,1,1393,T
3-PA,1062,0,1391,0,4,1395,T
3-PA,1063,2,0,0,1390,1392,C
3-PA,1064,1,0,0,1390,1391,C
3-PA,1065,1391,0,0,0,1391,A
3-PA,1066,1384,1,0,0,1385,A
3-PA,1067,0,9,1386,0,1395,G
3-PA,1068,0,3,1414,0,1417,G
3-PA,1069,1385,2,0,0,1387,A
3-PA,1070,0,1,0,1396,1397,C
3-PA,1071,0,1388,0,1,1389,T
3-PA,1072,1390,0,1,1,1392,A
3-PA,1073,1391,0,1,0,1392,A
3-PA,1074,1390,0,0,0,1390,A
3-PA,1075,1391,1,1,0,1393,A
3-PA,1076,1389,0,0,1,1390,A
3-PA,1077,0,0,0,1374,1374,C
3-PA,1078,1369,0,1,0,1370,A
3-PA,1079,0,1365,0,0,1365,T
3-PA,1080,0,4,1372,0,1376,G
3-PA,1081,1376,1,0,0,1377,A
3-PA,1082,1377,0,2,0,1379,A
3-PA,1083,0,2,1385,0,1387,G
3-PA,1084,1383,0,0,0,1383,A
3-PA,1085,1385,1,0,0,1386,A
3-PA,1086,1376,0,0,0,1376,A
3-PA,1087,1373,1,2,0,1376,A
3-PA,1088,0,3,0,1375,1378,C
3-PA,1089,0,12,1363,0,1375,G
3-PA,1090,1375,0,3,0,1378,A
3-PA,1091,0,0,1384,0,1384,G
3-PA,1092,0,1375,0,0,1375,T
3-PA,1093,6,1,0,1388,1395,C
3-PA,1094,1399,1,1,1,1402,A
3-PA,1095,1425,0,0,0,1425,A
3-PA,1096,2,0,0,1423,1425,C
3-PA,1097,0,1421,0,2,1423,T
3-PA,1098,1,6,1436,0,1443,G
3-PA,1099,1444,0,2,0,1446,A
3-PA,1100,1447,0,1,0,1448,A
3-PA,1101,0,1,1449,1,1451,G
3-PA,1102,0,1427,0,2,1429,T
3-PA,1103,0,7,1426,0,1433,G
3-PA,1104,2,4,1417,1,1424,G
3-PA,1105,0,0,1430,0,1430,G
3-PA,1106,0,0,0,1434,1434,C
3-PA,1107,0,1421,0,1,1422,T
3-PA,1108,3,0,2,1422,1427,C
3-PA,1109,1,1423,0,0,1424,T
3-PA,1110,0,1426,0,2,1428,T
3-PA,1111,0,3,1457,0,1460,G
3-PA,1112,1,1,1461,0,1463,G
3-PA,1113,0,1459,0,1,1460,T
3-PA,1114,0,3,1453,0,1456,G
3-PA,1115,1445,0,0,0,1445,A
3-PA,1116,1455,0,0,0,1455,A
3-PA,1117,1456,0,1,0,1457,A
3-PA,1118,1459,0,1,1,1461,A
3-PA,1119,0,1,0,1468,1469,C
3-PA,1120,1436,0,2,0,1438,A
3-PA,1121,0,1438,0,1,1439,T
3-PA,1122,1,10,1423,0,1434,G
3-PA,1123,1,1,1459,0,1461,G
3-PA,1124,1,1,0,1461,1463,C
3-PA,1125,1475,2,0,0,1477,A
3-PA,1126,1,1,0,1480,1482,C
3-PA,1127,5,2,0,1483,1490,C
3-PA,1128,1511,0,1,0,1512,A
3-PA,1129,0,3,1525,0,1528,G
3-PA,1130,1525,0,0,0,1525,A
3-PA,1131,3,0,1537,0,1540,G
3-PA,1132,1534,1,2,0,1537,A
3-PA,1133,1541,0,0,0,1541,A
3-PA,1134,0,6,1545,0,1551,G
3-PA,1135,0,0,1543,0,1543,G
3-PA,1136,0,1542,0,2,1544,T
3-PA,1137,1520,0,0,0,1520,A
3-PA,1138,0,4,1517,0,1521,G
3-PA,1139,1522,0,2,0,1524,A
3-PA,1140,1,0,0,1530,1531,C
3-PA,1141,1,1520,0,1,1522,T
3-PA,1142,0,1510,0,2,1512,T
3-PA,1143,0,1513,0,1,1514,T
3-PA,1144,1,2,1514,1,1518,G
3-PA,1145,1514,1,1,0,1516,A
3-PA,1146,1521,1,0,0,1522,A
3-PA,1147,1522,0,1,0,1523,A
3-PA,1148,1512,0,0,0,1512,A
3-PA,1149,1,0,0,1538,1539,C
3-PA,1150,0,1526,0,1,1527,T
3-PA,1151,1,1,1545,0,1547,G
3-PA,1152,2,0,0,1545,1547,C
3-PA,1153,1547,0,4,0,1551,A
3-PA,1154,1,2,1548,0,1551,G
3-PA,1155,1540,0,3,0,1543,A
3-PA,1156,0,6,1596,0,1602,G
3-PA,1157,1604,0,1,0,1605,A
3-PA,1158,0,1,0,1597,1598,C
3-PA,1159,1594,1,1,0,1596,A
3-PA,1160,0,1584,0,0,1584,T
3-PA,1161,1580,0,1,0,1581,A
3-PA,1162,1583,0,1,0,1584,A
3-PA,1163,0,1,1586,0,1587,G
3-PA,1164,1,1,0,1576,1578,C
3-PA,1165,0,10,1546,0,1556,G
3-PA,1166,1593,1,1,0,1595,A
3-PA,1167,0,1575,1,0,1576,T
3-PA,1168,0,1575,0,1,1576,T
3-PA,1169,0,1581,0,0,1581,T
3-PA,1170,1,5,1588,0,1594,G
3-PA,1171,1599,0,3,0,1602,A
3-PA,1172,1594,0,6,0,1600,A
3-PA,1173,0,1,1607,0,1608,G
3-PA,1174,3,1,0,1634,1638,C
3-PA,1175,1629,0,2,0,1631,A
3-PA,1176,1740,0,0,0,1740,A
3-PA,1177,0,1737,0,1,1738,T
3-PA,1178,1750,0,1,0,1751,A
3-PA,1179,1,1754,1,1,1757,T
3-PA,1180,2,4,1762,0,1768,G
3-PA,1181,1788,1,2,0,1791,A
3-PA,1182,0,1780,0,2,1782,T
3-PA,1183,1741,0,1,0,1742,A
3-PA,1184,0,0,1747,0,1747,G
3-PA,1185,0,1665,0,2,1667,T
3-PA,1186,0,6,1661,0,1667,G
3-PA,1187,1672,0,2,0,1674,A
3-PA,1188,0,0,0,1657,1657,C
3-PA,1189,2,18,1639,0,1659,G
3-PA,1190,1659,0,0,0,1659,A
3-PA,1191,1655,0,1,0,1656,A
3-PA,1192,1,0,0,1667,1668,C
3-PA,1193,8,0,0,1655,1663,C
3-PA,1194,0,1660,0,2,1662,T
3-PA,1195,0,7,1701,1,1709,G
3-PA,1196,1710,2,0,0,1712,A
3-PA,1197,1715,0,0,0,1715,A
3-PA,1198,0,1710,0,0,1710,T
3-PA,1199,0,1703,0,0,1703,T
3-PA,1200,1707,0,0,0,1707,A
3-PA,1201,1688,0,1,0,1689,A
3-PA,1202,1,11,1679,0,1691,G
3-PA,1203,0,3,1692,0,1695,G
3-PA,1204,0,1665,0,0,1665,T
3-PA,1205,13,0,1,1648,1662,C
3-PA,1206,1662,1,0,0,1663,A
3-PA,1207,4,1,0,1718,1723,C
3-PA,1208,0,1716,0,0,1716,T
3-PA,1209,0,1725,0,0,1725,T
3-PA,1210,0,1722,0,2,1724,T
3-PA,1211,3,2,1,1714,1720,C
3-PA,1212,1717,0,4,0,1721,A
3-PA,1213,1723,0,1,0,1724,A
3-PA,1214,0,3,1744,0,1747,G
3-PA,1215,0,0,0,1749,1749,C
3-PA,1216,0,1698,0,1,1699,T
3-PA,1217,0,6,1733,0,1739,G
3-PA,1218,1,2,1736,3,1742,G
3-PA,1219,1767,0,4,1,1772,A
3-PA,1220,0,1787,0,1,1788,T
3-PA,1221,1784,0,1,0,1785,A
3-PA,1222,1,0,0,1795,1796,C
3-PA,1223,1771,0,1,0,1772,A
3-PA,1224,0,6,1783,0,1789,G
3-PA,1225,1787,0,1,0,1788,A
3-PA,1226,1761,0,0,0,1761,A
3-PA,1227,1,1747,0,0,1748,T
3-PA,1228,1,13,1732,0,1746,G
3-PA,1229,1727,0,3,0,1730,A
3-PA,1230,0,2,1748,0,1750,G
3-PA,1231,0,1738,0,2,1740,T
3-PA,1232,1,1732,0,0,1733,T
3-PA,1233,14,0,0,1743,1757,C
3-PA,1234,1764,0,2,0,1766,A
3-PA,1235,1762,2,3,0,1767,A
3-PA,1236,1,0,0,1767,1768,C
3-PA,1237,1748,0,0,0,1748,A
3-PA,1238,1748,0,1,0,1749,A
3-PA,1239,0,2,1746,0,1748,G
3-PA,1240,0,0,1758,0,1758,G
3-PA,1241,1,0,0,1760,1761,C
3-PA,1242,5,0,0,1746,1751,C
3-PA,1243,0,1734,0,3,1737,T
3-PA,1244,1,0,1751,0,1752,G
3-PA,1245,0,1754,0,1,1755,T
3-PA,1246,0,13,1747,0,1760,G
3-PA,1247,1759,1,0,0,1760,A
3-PA,1248,0,0,1760,0,1760,G
3-PA,1249,0,1,0,1751,1752,C
3-PA,1250,0,1738,0,2,1740,T
3-PA,1251,1773,0,1,0,1774,A
3-PA,1252,1775,0,0,0,1775,A
3-PA,1253,1,0,0,1780,1781,C
3-PA,1254,0,1762,0,1,1763,T
3-PA,1255,0,8,1749,1,1758,G
3-PA,1256,1753,0,0,0,1753,A
3-PA,1257,0,1745,1,2,1748,T
3-PA,1258,0,1753,0,2,1755,T
3-PA,1259,11,1,0,1746,1758,C
3-PA,1260,1787,1,1,0,1789,A
3-PA,1261,0,2,1829,0,1831,G
3-PA,1262,0,1831,0,0,1831,T
3-PA,1263,10,1,1,1817,1829,C
3-PA,1264,1,1819,0,1,1821,T
3-PA,1265,0,7,1882,0,1889,G
3-PA,1266,0,7,1885,0,1892,G
3-PA,1267,1893,0,1,0,1894,A
3-PA,1268,0,1893,0,1,1894,T
3-PA,1269,1801,0,0,0,1801,A
3-PA,1270,0,7,1792,0,1799,G
3-PA,1271,1771,0,1,0,1772,A
3-PA,1272,0,1,1780,0,1781,G
3-PA,1273,0,0,0,1772,1772,C
3-PA,1274,0,1741,0,1,1742,T
3-PA,1275,4,3,1,1731,1739,C
3-PA,1276,0,6,1741,0,1747,G
3-PA,1277,1749,0,0,0,1749,A
3-PA,1278,1,1749,0,0,1750,T
3-PA,1279,1,5,1731,0,1737,G
3-PA,1280,1762,0,1,0,1763,A
3-PA,1281,1764,0,0,0,1764,A
3-PA,1282,1769,0,1,0,1770,A
3-PA,1283,0,1771,0,0,1771,T
3-PA,1284,1,1763,0,3,1767,T
3-PA,1285,2,2,1780,0,1784,G
3-PA,1286,3,10,1772,0,1785,G
3-PA,1287,1783,0,0,0,1783,A
3-PA,1288,0,3,1783,0,1786,G
3-PA,1289,1757,0,0,0,1757,A
3-PA,1290,0,4,1768,0,1772,G
3-PA,1291,1,3,1773,0,1777,G
3-PA,1292,1789,0,2,0,1791,A
3-PA,1293,0,1,0,1792,1793,C
3-PA,1294,1,1,1778,0,1780,G
3-PA,1295,0,1776,0,1,1777,T
3-PA,1296,1788,0,1,0,1789,A
3-PA,1297,1,2,1790,0,1793,G
3-PA,1298,0,0,0,1812,1812,C
3-PA,1299,3,0,1,1794,1798,C
3-PA,1300,4,0,0,1784,1788,C
3-PA,1301,11,0,0,1773,1784,C
3-PA,1302,1788,1,0,0,1789,A
3-PA,1303,1834,0,0,0,1834,A
3-PA,1304,0,1822,0,1,1823,T
3-PA,1305,0,1815,0,0,1815,T
3-PA,1306,1,7,1809,0,1817,G
3-PA,1307,1776,0,5,0,1781,A
3-PA,1308,0,0,1788,0,1788,G
3-PA,1309,2,0,0,1779,1781,C
3-PA,1310,1758,0,1,0,1759,A
3-PA,1311,3,0,0,1790,1793,C
3-PA,1312,1735,1,2,0,1738,A
3-PA,1313,0,1783,0,1,1784,T
3-PA,1314,0,1783,0,0,1783,T
3-PA,1315,0,1,1784,0,1785,G
3-PA,1316,1,0,0,1781,1782,C
3-PA,1317,1775,1,3,0,1779,A
3-PA,1318,1780,0,3,1,1784,A
3-PA,1319,0,2,1783,0,1785,G
3-PA,1320,4,0,0,1753,1757,C
3-PA,1321,1760,0,1,0,1761,A
3-PA,1322,0,1712,0,1,1713,T
3-PA,1323,0,13,1699,0,1712,G
3-PA,1324,1706,0,2,0,1708,A
3-PA,1325,0,6,1708,0,1714,G
3-PA,1326,1709,1,2,0,1712,A
3-PA,1327,1713,0,1,0,1714,A
3-PA,1328,1,4,1702,0,1707,G
3-PA,1329,0,2,1701,0,1703,G
3-PA,1330,1702,0,2,0,1704,A
3-PA,1331,1701,0,1,0,1702,A
3-PA,1332,0,1711,0,0,1711,T
3-PA,1333,0,1704,0,0,1704,T
3-PA,1334,1710,0,1,0,1711,A
3-PA,1335,4,1708,1,2,1715,T
3-PA,1336,2,1715,0,0,1717,T
3-PA,1337,0,1714,0,0,1714,T
3-PA,1338,4,1,0,1693,1698,C
3-PA,1339,1687,0,2,0,1689,A
3-PA,1340,0,0,0,1724,1724,C
3-PA,1341,1708,0,0,0,1708,A
3-PA,1342,0,2,1723,1,1726,G
3-PA,1343,1,0,0,1723,1724,C
3-PA,1344,1708,1,0,0,1709,A
3-PA,1345,0,3,1714,1,1718,G
3-PA,1346,1706,0,2,0,1708,A
3-PA,1347,3,6,1713,0,1722,G
3-PA,1348,0,4,1720,0,1724,G
3-PA,1349,0,1679,1,1,1681,T
3-PA,1350,2,3,1702,0,1707,G
3-PA,1351,1,1688,0,4,1693,T
3-PA,1352,9,1,0,1684,1694,C
3-PA,1353,7,0,2,1701,1710,C
3-PA,1354,10,0,0,1691,1701,C
3-PA,1355,1705,0,2,0,1707,A
3-PA,1356,0,1723,1,3,1727,T
3-PA,1357,0,1710,0,0,1710,T
3-PA,1358,1,1,1718,0,1720,G
3-PA,1359,0,1692,0,2,1694,T
3-PA,1360,1670,0,0,0,1670,A
3-PA,1361,0,2,1668,0,1670,G
3-PA,1362,1629,0,0,0,1629,A
3-PA,1363,0,0,1632,0,1632,G
3-PA,1364,0,0,0,1609,1609,C
3-PA,1365,6,0,0,1587,1593,C
3-PA,1366,1617,0,1,0,1618,A
3-PA,1367,2,0,0,1614,1616,C
3-PA,1368,1,1607,0,1,1609,T
3-PA,1369,3,5,1599,0,1607,G
3-PA,1370,1600,0,1,0,1601,A
3-PA,1371,1577,0,1,0,1578,A
3-PA,1372,0,1614,0,0,1614,T
3-PA,1373,1629,0,0,0,1629,A
3-PA,1374,0,0,0,1642,1642,C
3-PA,1375,1603,0,2,0,1605,A
3-PA,1376,0,1617,0,1,1618,T
3-PA,1377,1605,0,0,0,1605,A
3-PA,1378,1615,0,0,0,1615,A
3-PA,1379,0,1607,0,0,1607,T
3-PA,1380,0,2,1574,0,1576,G
3-PA,1381,1560,0,1,0,1561,A
3-PA,1382,1538,1,2,0,1541,A
3-PA,1383,1,7,1534,0,1542,G
3-PA,1384,0,12,1509,0,1521,G
3-PA,1385,0,4,1534,0,1538,G
3-PA,1386,1,5,1542,0,1548,G
3-PA,1387,0,1,1563,0,1564,G
3-PA,1388,0,1537,0,0,1537,T
3-PA,1389,1543,0,0,0,1543,A
3-PA,1390,0,1550,0,1,1551,T
3-PA,1391,1572,0,1,0,1573,A
3-PA,1392,0,0,0,1709,1709,C
3-PA,1393,1654,0,1,0,1655,A
3-PA,1394,0,1628,0,0,1628,T
3-PA,1395,1,1610,0,1,1612,T
3-PA,1396,1595,1,0,0,1596,A
3-PA,1397,1630,1,0,0,1631,A
3-PA,1398,1,0,0,1629,1630,C
3-PA,1399,1613,0,0,0,1613,A
3-PA,1400,2,1,0,1613,1616,C
3-PA,1401,0,1459,0,0,1459,T
3-PA,1402,2,2,1513,0,1517,G
3-PA,1403,2,0,0,1508,1510,C
3-PA,1404,6,0,0,1508,1514,C
3-PA,1405,3,1,1,1510,1515,C
3-PA,1406,0,1466,0,1,1467,T
3-PA,1407,0,0,1517,0,1517,G
3-PA,1408,1,0,1,1518,1520,C
3-PA,1409,1,1510,0,1,1512,T
3-PA,1410,6,0,0,1541,1547,C
3-PA,1411,1480,1,0,0,1481,A
3-PA,1412,1500,0,0,0,1500,A
3-PA,1413,0,1503,0,2,1505,T
3-PA,1414,1,0,1502,0,1503,G
3-PA,1415,0,1,0,1502,1503,C
3-PA,1416,1464,0,0,0,1464,A
3-PA,1417,0,1463,0,1,1464,T
3-PA,1418,5,0,0,1459,1464,C
3-PA,1419,4,1,0,1464,1469,C
3-PA,1420,0,1415,0,2,1417,T
3-PA,1421,0,1,1450,0,1451,G
3-PA,1422,0,1446,0,1,1447,T
3-PA,1423,2,0,1444,0,1446,G
3-PA,1424,1,0,0,1447,1448,C
3-PA,1425,1415,0,2,0,1417,A
3-PA,1426,0,1,1425,0,1426,G
3-PA,1427,1,1,0,1423,1425,C
3-PA,1428,1404,0,1,0,1405,A
3-PA,1429,1405,0,0,0,1405,A
3-PA,1430,1,1347,0,0,1348,T
3-PA,1431,0,6,1342,0,1348,G
3-PA,1432,0,3,1348,0,1351,G
3-PA,1433,1346,1,1,0,1348,A
3-PA,1434,0,1,1,1344,1346,C
3-PA,1435,0,6,1333,0,1339,G
3-PA,1436,1345,0,1,0,1346,A
3-PA,1437,1,1343,0,1,1345,T
3-PA,1438,0,1347,0,0,1347,T
3-PA,1439,0,1345,0,0,1345,T
3-PA,1440,0,1342,0,0,1342,T
3-PA,1441,3,0,0,1338,1341,C
3-PA,1442,1341,0,1,0,1342,A
3-PA,1443,1345,0,2,0,1347,A
3-PA,1444,1,0,0,1343,1344,C
3-PA,1445,1,1313,0,0,1314,T
3-PA,1446,1311,0,0,0,1311,A
3-PA,1447,1309,0,0,1,1310,A
3-PA,1448,0,1313,0,1,1314,T
3-PA,1449,0,1314,0,0,1314,T
3-PA,1450,4,1,1,1319,1325,C
3-PA,1451,6,1,0,1308,1315,C
3-PA,1452,5,0,0,1312,1317,C
3-PA,1453,1319,0,0,0,1319,A
3-PA,1454,0,1339,0,1,1340,T
3-PA,1455,0,6,1335,0,1341,G
3-PA,1456,1342,0,0,0,1342,A
3-PA,1457,0,1336,0,0,1336,T
3-PA,1458,1331,0,0,0,1331,A
3-PA,1459,1334,0,3,0,1337,A
3-PA,1460,0,2,1337,0,1339,G
3-PA,1461,0,0,0,1334,1334,C
3-PA,1462,1327,0,0,0,1327,A
3-PA,1463,1287,0,0,0,1287,A
3-PA,1464,0,0,1314,0,1314,G
3-PA,1465,0,1302,0,1,1303,T
3-PA,1466,0,0,1301,0,1301,G
3-PA,1467,2,1,0,1296,1299,C
3-PA,1468,1289,1,0,0,1290,A
3-PA,1469,1,5,1310,0,1316,G
3-PA,1470,1309,0,0,0,1309,A
3-PA,1471,1324,0,0,0,1324,A
3-PA,1472,1,0,0,1324,1325,C
3-PA,1473,0,1279,0,0,1279,T
3-PA,1474,1284,0,0,0,1284,A
3-PA,1475,1283,0,0,0,1283,A
3-PA,1476,1278,0,3,0,1281,A
3-PA,1477,0,3,1281,0,1284,G
3-PA,1478,1224,0,3,0,1227,A
3-PA,1479,0,3,1221,0,1224,G
3-PA,1480,0,3,1184,0,1187,G
3-PA,1481,0,2,1185,0,1187,G
3-PA,1482,1167,0,1,0,1168,A
3-PA,1483,1141,0,0,0,1141,A
3-PA,1484,0,3,1135,0,1138,G
3-PA,1485,0,0,1139,0,1139,G
3-PA,1486,0,0,0,1135,1135,C
3-PA,1487,0,5,1129,0,1134,G
3-PA,1488,1126,0,1,0,1127,A
3-PA,1489,1125,0,1,0,1126,A
3-PA,1490,1129,0,0,0,1129,A
3-PA,1491,1127,0,0,0,1127,A
3-PA,1492,1124,0,2,1,1127,A
3-PA,1493,2,0,0,1125,1127,C
3-PA,1494,6,0,0,1112,1118,C
3-PA,1495,1115,1,0,0,1116,A
3-PA,1496,1125,0,0,0,1125,A
3-PA,1497,0,1125,0,0,1125,T
3-PA,1498,0,1122,0,0,1122,T
3-PA,1499,0,1125,0,0,1125,T
3-PA,1500,1127,0,1,0,1128,A
3-PA,1501,0,1126,0,1,1127,T
3-PA,1502,1126,0,1,0,1127,A
3-PA,1503,0,1120,0,2,1122,T
3-PA,1504,1,5,1110,0,1116,G
3-PA,1505,0,6,1104,0,1110,G
3-PA,1506,1104,0,0,0,1104,A
3-PA,1507,0,1098,0,2,1100,T
3-PA,1508,0,1088,0,0,1088,T
3-PA,1509,9,1,0,1078,1088,C
3-PA,1510,1093,0,0,0,1093,A
3-PA,1511,0,1102,0,0,1102,T
3-PA,1512,3,0,0,1101,1104,C
3-PA,1513,1106,0,0,0,1106,A
3-PA,1514,1,1089,1,0,1091,T
3-PA,1515,1087,0,0,0,1087,A
3-PA,1516,1085,0,1,0,1086,A
3-PA,1517,1083,0,1,0,1084,A
3-PA,1518,0,6,1078,0,1084,G
3-PA,1519,0,5,1061,0,1066,G
3-PA,1520,0,1,1053,0,1054,G
3-PA,1521,1046,0,3,0,1049,A
3-PA,1522,1038,0,1,0,1039,A
3-PA,1523,0,1,1044,0,1045,G
3-PA,1524,1041,0,0,0,1041,A
3-PA,1525,0,1036,0,2,1038,T
3-PA,1526,2,1,0,1027,1030,C
3-PA,1527,0,1001,0,2,1003,T
3-PA,1528,9,0,0,1012,1021,C
3-PA,1529,1021,0,0,0,1021,A
3-PA,1530,0,1015,0,0,1015,T
3-PA,1531,1,1016,0,0,1017,T
3-PA,1532,0,1007,0,0,1007,T
3-PA,1533,1002,0,0,0,1002,A
3-PA,1534,1000,0,0,0,1000,A
3-PA,1535,1,2,998,0,1001,G
3-PA,1536,0,5,1009,0,1014,G
3-PA,1537,964,0,3,0,967,A
3-PA,1538,965,1,0,0,966,A
3-PA,1539,0,961,0,2,963,T
3-PA,1540,0,4,958,0,962,G
3-PA,1541,976,0,1,0,977,A
3-PA,1542,3,1,1,972,977,C
3-PA,1543,969,0,0,0,969,A
3-PA,1544,0,0,0,966,966,C
3-PA,1545,923,0,0,0,923,A
3-PA,1546,0,2,922,0,924,G
3-PA,1547,922,0,0,0,922,A
3-PA,1548,0,0,0,907,907,C
3-PA,1549,0,0,895,0,895,G
3-PA,1550,0,843,0,1,844,T
3-PA,1551,0,1,844,0,845,G
3-PA,1552,0,1,852,0,853,G
3-PA,1553,0,853,0,0,853,T
3-PA,1554,852,0,0,0,852,A
3-PA,1555,836,0,0,0,836,A
3-PA,1556,836,1,0,0,837,A
3-PA,1557,1,836,0,0,837,T
3-PA,1558,0,806,0,0,806,T
3-PA,1559,0,803,0,0,803,T
3-PA,1560,0,794,0,0,794,T
3-PA,1561,0,0,795,0,795,G
3-PA,1562,0,776,0,3,779,T
3-PA,1563,0,7,771,0,778,G
3-PA,1564,776,0,0,0,776,A
3-PA,1565,0,1,774,0,775,G
3-PA,1566,0,0,0,768,768,C
3-PA,1567,767,0,0,0,767,A
3-PA,1568,0,767,0,1,768,T
3-PA,1569,0,2,764,0,766,G
3-PA,1570,1,1,766,0,768,G
3-PA,1571,766,0,0,0,766,A
3-PA,1572,0,0,768,0,768,G
3-PA,1573,0,758,0,0,758,T
3-PA,1574,0,746,1,1,748,T
3-PA,1575,1,752,0,1,754,T
3-PA,1576,0,748,0,0,748,T
3-PA,1577,5,0,0,745,750,C
3-PA,1578,0,741,0,0,741,T
3-PA,1579,3,0,0,738,741,C
3-PA,1580,0,717,0,1,718,T
3-PA,1581,3,0,0,710,713,C
3-PA,1582,713,0,0,0,713,A
3-PA,1583,0,0,0,712,712,C
3-PA,1584,0,680,0,0,680,T
3-PA,1585,0,4,678,0,682,G
3-PA,1586,679,0,1,0,680,A
3-PA,1587,1,1,0,671,673,C
3-PA,1588,0,0,0,677,677,C
3-PA,1589,3,0,0,663,666,C
3-PA,1590,1,5,657,0,663,G
3-PA,1591,662,0,0,0,662,A
3-PA,1592,0,5,658,0,663,G
3-PA,1593,658,0,0,0,658,A
3-PA,1594,1,0,0,640,641,C
3-PA,1595,0,627,1,0,628,T
3-PA,1596,0,585,0,2,587,T
3-PA,1597,1,0,582,0,583,G
3-PA,1598,585,0,0,0,585,A
3-PA,1599,1,0,586,0,587,G
3-PA,1600,0,1,0,579,580,C
3-PA,1601,3,0,1,553,557,C
3-PA,1602,557,0,0,0,557,A
3-PA,1603,0,1,0,552,553,C
3-PA,1604,555,0,0,0,555,A
3-PA,1605,0,555,0,0,555,T
3-PA,1606,553,0,0,0,553,A
3-PA,1607,550,0,0,0,550,A
3-PA,1608,547,0,1,0,548,A
3-PA,1609,0,544,0,1,545,T
3-PA,1610,1,3,535,0,539,G
3-PA,1611,0,0,485,0,485,G
3-PA,1612,0,1,480,0,481,G
3-PA,1613,473,0,0,0,473,A
3-PA,1614,0,0,468,0,468,G
3-PA,1615,460,0,0,0,460,A
3-PA,1616,456,0,0,0,456,A
3-PA,1617,453,0,0,0,453,A
3-PA,1618,0,453,0,0,453,T
3-PA,1619,442,0,1,0,443,A
3-PA,1620,0,142,0,288,430,C
3-PA,1621,0,273,0,0,273,T
3-PA,1622,0,0,269,0,269,G
3-PA,1623,1,208,0,0,209,T
3-PA,1624,0,0,212,0,212,G
3-PA,1625,0,201,0,0,201,T
3-PA,1626,1,0,0,155,156,C
3-PA,1627,1,0,0,150,151,C
3-PA,1628,0,146,0,0,146,T
3-PA,1629,0,148,0,0,148,T
3-PA,1630,0,1,148,0,149,G
3-PA,1631,151,0,0,0,151,A
3-PA,1632,0,2,152,0,154,G
3-PA,1633,149,0,0,0,149,A
3-PA,1634,0,147,0,0,147,T
3-PA,1635,145,0,0,0,145,A
3-PA,1636,0,0,149,0,149,G
3-PA,1637,0,0,150,0,150,G
3-PA,1638,148,0,0,0,148,A
3-PA,1639,1,0,146,0,147,G
3-PA,1640,147,0,0,0,147,A
3-PA,1641,0,143,0,0,143,T
3-PA,1642,143,0,0,0,143,A
3-PA,1643,0,142,0,0,142,T
3-PA,1644,0,0,148,0,148,G
3-PA,1645,0,148,0,1,149,T
3-PA,1646,0,147,0,0,147,T
3-PA,1647,149,0,0,0,149,A
3-PA,1648,0,0,0,150,150,C
3-PA,1649,0,146,0,0,146,T
3-PA,1650,148,0,0,0,148,A
3-PA,1651,148,0,0,0,148,A
3-PA,1652,1,1,145,0,147,G
3-PA,1653,145,0,0,0,145,A
3-PA,1654,141,0,0,0,141,A
3-PA,1655,0,0,137,0,137,G
3-PA,1656,0,137,0,0,137,T
3-PA,1657,0,0,140,0,140,G
3-PA,1658,1,0,0,140,141,C
3-PA,1659,0,0,0,138,138,C
3-PA,1660,138,0,0,0,138,A
3-PA,1661,0,136,0,0,136,T
3-PA,1662,135,0,0,0,135,A
3-PA,1663,0,0,138,0,138,G
3-PA,1664,0,0,136,0,136,G
3-PA,1665,0,0,0,135,135,C
3-PA,1666,1,0,0,134,135,C
3-PA,1667,135,0,0,0,135,A
3-PA,1668,134,1,0,0,135,A
3-PA,1669,135,0,0,0,135,A
3-PA,1670,0,137,0,0,137,T
3-PA,1671,0,137,0,0,137,T
3-PA,1672,0,137,0,0,137,T
3-PA,1673,0,0,0,134,134,C
3-PA,1674,132,0,0,0,132,A
3-PA,1675,133,0,0,0,133,A
3-PA,1676,0,0,134,0,134,G
3-PA,1677,0,0,135,0,135,G
3-PA,1678,0,0,0,133,133,C
3-PA,1679,0,0,0,132,132,C
3-PA,1680,0,0,133,0,133,G
3-PA,1681,136,0,0,0,136,A
3-PA,1682,0,135,0,0,135,T
3-PA,1683,0,0,138,0,138,G
3-PA,1684,0,138,0,0,138,T
3-PA,1685,0,141,0,0,141,T
3-PA,1686,0,0,0,141,141,C
3-PA,1687,0,143,0,0,143,T
3-PA,1688,0,144,0,0,144,T
3-PA,1689,0,0,143,0,143,G
3-PA,1690,0,137,0,0,137,T
3-PA,1691,137,0,0,0,137,A
3-PA,1692,0,132,0,0,132,T
3-PA,1693,0,0,134,0,134,G
3-PA,1694,0,132,0,0,132,T
3-PA,1695,0,1,131,0,132,G
3-PA,1696,132,0,0,0,132,A
3-PA,1697,0,0,131,0,131,G
3-PA,1698,0,0,127,0,127,G
3-PA,1699,127,0,0,0,127,A
3-PA,1700,0,0,0,127,127,C
3-PA,1701,128,0,0,0,128,A
3-PA,1702,128,0,0,0,128,A
3-PA,1703,127,0,0,0,127,A
3-PA,1704,0,0,0,127,127,C
3-PA,1705,0,0,128,0,128,G
3-PA,1706,0,1,128,0,129,G
3-PA,1707,127,0,0,0,127,A
3-PA,1708,127,0,0,0,127,A
3-PA,1709,0,0,0,128,128,C
3-PA,1710,128,0,0,0,128,A
3-PA,1711,0,128,0,0,128,T
3-PA,1712,0,0,0,128,128,C
3-PA,1713,127,0,0,0,127,A
3-PA,1714,128,0,0,0,128,A
3-PA,1715,125,0,0,0,125,A
3-PA,1716,0,1,123,0,124,G
3-PA,1717,0,0,125,0,125,G
3-PA,1718,0,122,0,0,122,T
3-PA,1719,122,0,0,0,122,A
3-PA,1720,122,0,0,0,122,A
3-PA,1721,124,0,0,0,124,A
3-PA,1722,124,0,0,0,124,A
3-PA,1723,125,0,0,0,125,A
3-PA,1724,0,125,0,0,125,T
3-PA,1725,0,1,123,0,124,G
3-PA,1726,124,0,0,0,124,A
3-PA,1727,124,0,0,0,124,A
3-PA,1728,124,0,0,0,124,A
3-PA,1729,0,123,0,0,123,T
3-PA,1730,0,1,126,0,127,G
3-PA,1731,0,0,129,0,129,G
3-PA,1732,1,0,128,0,129,G
3-PA,1733,0,1,131,0,132,G
3-PA,1734,131,0,0,0,131,A
3-PA,1735,131,0,0,0,131,A
3-PA,1736,0,130,0,0,130,T
3-PA,1737,0,0,133,0,133,G
3-PA,1738,0,0,136,0,136,G
3-PA,1739,135,0,0,0,135,A
3-PA,1740,0,0,135,0,135,G
3-PA,1741,135,0,0,0,135,A
3-PA,1742,0,133,0,0,133,T
3-PA,1743,0,3,129,0,132,G
3-PA,1744,130,0,0,0,130,A
3-PA,1745,0,1,130,0,131,G
3-PA,1746,132,0,0,0,132,A
3-PA,1747,0,0,0,132,132,C
3-PA,1748,0,0,131,0,131,G
3-PA,1749,0,131,0,0,131,T
3-PA,1750,0,132,0,0,132,T
3-PA,1751,0,0,133,0,133,G
3-PA,1752,0,0,0,133,133,C
3-PA,1753,0,0,0,132,132,C
3-PA,1754,0,132,0,0,132,T
3-PA,1755,0,0,0,134,134,C
3-PA,1756,0,0,0,136,136,C
3-PA,1757,0,135,0,0,135,T
3-PA,1758,0,134,0,0,134,T
3-PA,1759,0,1,0,134,135,C
3-PA,1760,134,0,0,0,134,A
3-PA,1761,0,0,134,0,134,G
3-PA,1762,1,133,0,0,134,T
3-PA,1763,1,0,0,134,135,C
3-PA,1764,132,0,0,0,132,A
3-PA,1765,0,0,0,137,137,C
3-PA,1766,0,136,0,0,136,T
3-PA,1767,0,0,0,135,135,C
3-PA,1768,1,0,0,135,136,C
3-PA,1769,135,0,0,0,135,A
3-PA,1770,0,0,134,0,134,G
3-PA,1771,0,1,0,134,135,C
3-PA,1772,133,0,0,0,133,A
3-PA,1773,0,0,134,0,134,G
3-PA,1774,130,0,0,0,130,A
3-PA,1775,0,128,0,0,128,T
3-PA,1776,0,0,0,128,128,C
3-PA,1777,0,0,130,0,130,G
3-PA,1778,129,0,0,0,129,A
3-PA,1779,0,0,129,0,129,G
3-PA,1780,128,0,0,0,128,A
3-PA,1781,0,0,130,0,130,G
3-PA,1782,0,0,0,130,130,C
3-PA,1783,129,0,1,0,130,A
3-PA,1784,0,132,0,0,132,T
3-PA,1785,0,1,132,0,133,G
3-PA,1786,135,0,0,0,135,A
3-PA,1787,0,132,0,0,132,T
3-PA,1788,0,133,0,0,133,T
3-PA,1789,0,0,132,0,132,G
3-PA,1790,132,1,0,0,133,A
3-PA,1791,132,0,1,0,133,A
3-PA,1792,0,0,133,0,133,G
3-PA,1793,0,0,0,133,133,C
3-PA,1794,0,0,0,129,129,C
3-PA,1795,0,1,127,0,128,G
3-PA,1796,128,0,0,0,128,A
3-PA,1797,0,0,128,0,128,G
3-PA,1798,0,128,0,0,128,T
3-PA,1799,1,0,0,127,128,C
3-PA,1800,0,0,0,126,126,C
3-PA,1801,0,127,0,0,127,T
3-PA,1802,0,0,0,127,127,C
3-PA,1803,0,0,129,0,129,G
3-PA,1804,0,0,136,0,136,G
3-PA,1805,0,136,0,0,136,T
3-PA,1806,0,135,0,0,135,T
3-PA,1807,135,0,0,0,135,A
3-PA,1808,134,0,0,0,134,A
3-PA,1809,135,0,0,0,135,A
3-PA,1810,0,1,138,0,139,G
3-PA,1811,139,0,0,0,139,A
3-PA,1812,0,0,140,0,140,G
3-PA,1813,139,0,0,0,139,A
3-PA,1814,139,0,0,0,139,A
3-PA,1815,141,0,0,0,141,A
3-PA,1816,0,1,143,0,144,G
3-PA,1817,143,0,0,0,143,A
3-PA,1818,0,0,0,142,142,C
3-PA,1819,139,0,0,0,139,A
3-PA,1820,0,137,0,0,137,T
3-PA,1821,0,2,137,0,139,G
3-PA,1822,141,0,0,0,141,A
3-PA,1823,0,0,0,141,141,C
3-PA,1824,0,0,0,141,141,C
3-PA,1825,140,0,0,0,140,A
3-PA,1826,140,0,0,0,140,A
3-PA,1827,140,0,0,0,140,A
3-PA,1828,0,0,139,0,139,G
3-PA,1829,140,0,0,0,140,A
3-PA,1830,0,0,143,0,143,G
3-PA,1831,0,139,0,0,139,T
3-PA,1832,0,140,0,0,140,T
3-PA,1833,0,139,0,0,139,T
3-PA,1834,0,141,0,0,141,T
3-PA,1835,0,138,0,0,138,T
3-PA,1836,0,141,0,0,141,T
3-PA,1837,0,1,140,0,141,G
3-PA,1838,140,0,0,0,140,A
3-PA,1839,0,2,139,0,141,G
3-PA,1840,141,0,0,0,141,A
3-PA,1841,142,0,0,0,142,A
3-PA,1842,0,141,0,0,141,T
3-PA,1843,140,0,0,0,140,A
3-PA,1844,141,0,0,0,141,A
3-PA,1845,141,0,0,0,141,A
3-PA,1846,0,143,0,0,143,T
3-PA,1847,0,0,0,143,143,C
3-PA,1848,142,0,0,0,142,A
3-PA,1849,0,0,142,0,142,G
3-PA,1850,142,0,0,0,142,A
3-PA,1851,141,0,0,0,141,A
3-PA,1852,0,0,140,0,140,G
3-PA,1853,0,0,0,140,140,C
3-PA,1854,139,0,0,0,139,A
3-PA,1855,0,139,0,0,139,T
3-PA,1856,0,1,137,0,138,G
3-PA,1857,0,0,137,0,137,G
3-PA,1858,0,0,0,136,136,C
3-PA,1859,0,0,0,140,140,C
3-PA,1860,2,0,0,140,142,C
3-PA,1861,147,0,1,0,148,A
3-PA,1862,0,149,0,0,149,T
3-PA,1863,0,148,0,0,148,T
3-PA,1864,0,0,149,0,149,G
3-PA,1865,0,1,148,0,149,G
3-PA,1866,0,1,146,0,147,G
3-PA,1867,0,0,146,0,146,G
3-PA,1868,137,0,0,0,137,A
3-PA,1869,0,0,137,0,137,G
3-PA,1870,0,133,0,0,133,T
3-PA,1871,2,0,0,133,135,C
3-PA,1872,2,0,0,137,139,C
3-PA,1873,0,0,0,139,139,C
3-PA,1874,1,0,0,139,140,C
3-PA,1875,1,0,0,139,140,C
3-PA,1876,139,0,1,0,140,A
3-PA,1877,141,0,0,0,141,A
3-PA,1878,0,0,142,0,142,G
3-PA,1879,0,1,137,0,138,G
3-PA,1880,0,0,140,0,140,G
3-PA,1881,127,0,0,0,127,A
3-PA,1882,0,0,126,0,126,G
3-PA,1883,0,128,0,0,128,T
3-PA,1884,0,1,127,0,128,G
3-PA,1885,0,0,128,0,128,G
3-PA,1886,127,0,0,0,127,A
3-PA,1887,127,0,0,0,127,A
3-PA,1888,0,0,127,0,127,G
3-PA,1889,125,0,0,0,125,A
3-PA,1890,126,0,0,0,126,A
3-PA,1891,0,0,122,0,122,G
3-PA,1892,0,0,123,0,123,G
3-PA,1893,0,120,0,0,120,T
3-PA,1894,0,119,0,0,119,T
3-PA,1895,1,0,0,119,120,C
3-PA,1896,0,0,0,119,119,C
3-PA,1897,117,0,0,0,117,A
3-PA,1898,0,119,0,0,119,T
3-PA,1899,0,119,0,0,119,T
3-PA,1900,0,1,119,0,120,G
3-PA,1901,0,0,120,0,120,G
3-PA,1902,0,0,120,0,120,G
3-PA,1903,119,0,0,0,119,A
3-PA,1904,118,0,0,0,118,A
3-PA,1905,119,0,0,0,119,A
3-PA,1906,0,0,125,0,125,G
3-PA,1907,0,125,0,0,125,T
3-PA,1908,0,0,0,131,131,C
3-PA,1909,0,129,0,0,129,T
3-PA,1910,0,0,128,0,128,G
3-PA,1911,0,129,0,0,129,T
3-PA,1912,129,0,0,0,129,A
3-PA,1913,0,0,130,0,130,G
3-PA,1914,0,0,128,0,128,G
3-PA,1915,125,0,0,0,125,A
3-PA,1916,0,1,0,124,125,C
3-PA,1917,0,121,0,0,121,T
3-PA,1918,1,0,0,126,127,C
3-PA,1919,0,125,0,0,125,T
3-PA,1920,127,0,0,0,127,A
3-PA,1921,0,127,0,0,127,T
3-PA,1922,0,126,0,0,126,T
3-PA,1923,0,0,127,0,127,G
3-PA,1924,0,0,127,0,127,G
3-PA,1925,0,0,0,127,127,C
3-PA,1926,0,127,0,0,127,T
3-PA,1927,111,0,0,0,111,A
3-PA,1928,111,1,0,0,112,A
3-PA,1929,0,0,113,0,113,G
3-PA,1930,0,112,0,0,112,T
3-PA,1931,0,1,0,111,112,C
3-PA,1932,108,0,0,0,108,A
3-PA,1933,0,0,116,0,116,G
3-PA,1934,0,116,0,0,116,T
3-PA,1935,121,0,0,0,121,A
3-PA,1936,0,121,0,0,121,T
3-PA,1937,0,120,0,0,120,T
3-PA,1938,0,0,0,120,120,C
3-PA,1939,120,0,0,0,120,A
3-PA,1940,120,0,0,0,120,A
3-PA,1941,0,120,0,0,120,T
3-PA,1942,118,0,0,0,118,A
3-PA,1943,0,0,120,0,120,G
3-PA,1944,0,0,0,119,119,C
3-PA,1945,0,0,0,119,119,C
3-PA,1946,0,114,0,0,114,T
3-PA,1947,0,0,117,0,117,G
3-PA,1948,0,117,0,0,117,T
3-PA,1949,117,0,0,0,117,A
3-PA,1950,0,117,0,0,117,T
3-PA,1951,0,0,117,0,117,G
3-PA,1952,0,0,0,117,117,C
3-PA,1953,116,0,0,0,116,A
3-PA,1954,0,116,0,0,116,T
3-PA,1955,1,0,0,115,116,C
3-PA,1956,112,0,0,0,112,A
3-PA,1957,0,0,0,114,114,C
3-PA,1958,0,0,0,114,114,C
3-PA,1959,113,0,0,0,113,A
3-PA,1960,0,0,0,114,114,C
3-PA,1961,111,0,0,0,111,A
3-PA,1962,112,0,0,0,112,A
3-PA,1963,0,110,0,0,110,T
3-PA,1964,0,109,0,0,109,T
3-PA,1965,0,0,109,0,109,G
3-PA,1966,0,2,107,0,109,G
3-PA,1967,110,0,0,0,110,A
3-PA,1968,110,0,0,0,110,A
3-PA,1969,0,0,107,0,107,G
3-PA,1970,0,0,106,0,106,G
3-PA,1971,106,0,0,0,106,A
3-PA,1972,0,106,0,0,106,T
3-PA,1973,0,107,0,0,107,T
3-PA,1974,0,107,0,0,107,T
3-PA,1975,0,107,0,0,107,T
3-PA,1976,0,0,0,107,107,C
3-PA,1977,107,0,0,0,107,A
3-PA,1978,0,0,107,0,107,G
3-PA,1979,0,0,0,107,107,C
3-PA,1980,0,0,107,0,107,G
3-PA,1981,0,0,107,0,107,G
3-PA,1982,106,0,0,0,106,A
3-PA,1983,0,0,108,0,108,G
3-PA,1984,0,108,0,0,108,T
3-PA,1985,0,0,0,110,110,C
3-PA,1986,109,0,1,0,110,A
3-PA,1987,110,0,0,0,110,A
3-PA,1988,0,0,112,0,112,G
3-PA,1989,113,0,0,0,113,A
3-PA,1990,113,0,0,0,113,A
3-PA,1991,113,0,0,0,113,A
3-PA,1992,111,0,0,0,111,A
3-PA,1993,0,0,0,112,112,C
3-PA,1994,0,111,0,0,111,T
3-PA,1995,0,0,112,0,112,G
3-PA,1996,0,0,0,111,111,C
3-PA,1997,0,109,0,0,109,T
3-PA,1998,0,0,0,109,109,C
3-PA,1999,0,0,0,110,110,C
3-PA,2000,0,112,0,0,112,T
3-PA,2001,0,112,0,0,112,T
3-PA,2002,0,0,112,0,112,G
3-PA,2003,0,111,0,0,111,T
3-PA,2004,0,107,0,1,108,T
3-PA,2005,0,1,109,0,110,G
3-PA,2006,0,109,0,0,109,T
3-PA,2007,0,109,0,0,109,T
3-PA,2008,0,0,0,108,108,C
3-PA,2009,106,0,0,0,106,A
3-PA,2010,0,0,106,0,106,G
3-PA,2011,0,0,105,0,105,G
3-PA,2012,0,0,0,108,108,C
3-PA,2013,0,107,0,0,107,T
3-PA,2014,0,0,0,107,107,C
3-PA,2015,0,108,0,0,108,T
3-PA,2016,0,108,0,0,108,T
3-PA,2017,108,0,0,0,108,A
3-PA,2018,0,0,108,0,108,G
3-PA,2019,0,1,104,0,105,G
3-PA,2020,0,1,105,0,106,G
3-PA,2021,102,0,0,0,102,A
3-PA,2022,0,0,0,102,102,C
3-PA,2023,96,0,0,0,96,A
3-PA,2024,97,0,0,0,97,A
3-PA,2025,0,0,0,98,98,C
3-PA,2026,0,0,0,99,99,C
3-PA,2027,0,99,0,0,99,T
3-PA,2028,0,0,0,99,99,C
3-PA,2029,0,2,98,0,100,G
3-PA,2030,99,0,0,0,99,A
3-PA,2031,100,0,0,0,100,A
3-PA,2032,0,0,0,100,100,C
3-PA,2033,0,0,0,97,97,C
3-PA,2034,0,97,0,0,97,T
3-PA,2035,1,1,96,0,98,G
3-PA,2036,0,0,98,0,98,G
3-PA,2037,0,0,98,0,98,G
3-PA,2038,97,0,0,0,97,A
3-PA,2039,0,0,0,97,97,C
3-PA,2040,2,0,0,96,98,C
3-PA,2041,0,93,0,1,94,T
3-PA,2042,0,95,0,0,95,T
3-PA,2043,0,95,0,0,95,T
3-PA,2044,0,0,95,0,95,G
3-PA,2045,96,0,0,0,96,A
3-PA,2046,0,96,0,0,96,T
3-PA,2047,2,0,0,94,96,C
3-PA,2048,0,93,0,1,94,T
3-PA,2049,0,95,0,0,95,T
3-PA,2050,0,0,94,1,95,G
3-PA,2051,0,0,95,0,95,G
3-PA,2052,0,0,95,0,95,G
3-PA,2053,0,0,94,0,94,G
3-PA,2054,0,0,93,0,93,G
3-PA,2055,0,0,93,0,93,G
3-PA,2056,0,0,0,93,93,C
3-PA,2057,0,91,0,0,91,T
3-PA,2058,92,0,0,0,92,A
3-PA,2059,0,92,0,0,92,T
3-PA,2060,92,0,0,0,92,A
3-PA,2061,0,91,0,0,91,T
3-PA,2062,0,0,87,0,87,G
3-PA,2063,86,0,0,0,86,A
3-PA,2064,84,0,0,0,84,A
3-PA,2065,0,0,85,0,85,G
3-PA,2066,0,0,0,84,84,C
3-PA,2067,79,0,0,0,79,A
3-PA,2068,82,0,0,0,82,A
3-PA,2069,0,82,0,0,82,T
3-PA,2070,0,82,0,0,82,T
3-PA,2071,0,1,81,0,82,G
3-PA,2072,81,0,0,0,81,A
3-PA,2073,0,0,82,0,82,G
3-PA,2074,0,0,82,0,82,G
3-PA,2075,79,0,0,0,79,A
3-PA,2076,0,0,79,0,79,G
3-PA,2077,0,75,0,0,75,T
3-PA,2078,0,0,75,0,75,G
3-PA,2079,0,0,0,75,75,C
3-PA,2080,0,0,0,75,75,C
3-PA,2081,0,73,0,0,73,T
3-PA,2082,0,0,76,0,76,G
3-PA,2083,75,0,0,0,75,A
3-PA,2084,0,74,0,0,74,T
3-PA,2085,0,72,0,0,72,T
3-PA,2086,71,0,0,0,71,A
3-PA,2087,69,0,0,0,69,A
3-PA,2088,0,69,0,0,69,T
3-PA,2089,0,0,68,0,68,G
3-PA,2090,67,0,0,0,67,A
3-PA,2091,0,65,0,0,65,T
3-PA,2092,0,0,0,65,65,C
3-PA,2093,0,0,0,63,63,C
3-PA,2094,1,0,0,62,63,C
3-PA,2095,0,63,0,0,63,T
3-PA,2096,0,0,63,0,63,G
3-PA,2097,1,0,62,0,63,G
3-PA,2098,0,0,63,0,63,G
3-PA,2099,0,63,0,0,63,T
3-PA,2100,0,59,0,0,59,T
3-PA,2101,0,57,0,1,58,T
3-PA,2102,0,58,0,0,58,T
3-PA,2103,0,0,58,0,58,G
3-PA,2104,0,0,0,58,58,C
3-PA,2105,0,57,0,0,57,T
3-PA,2106,1,0,0,57,58,C
3-PA,2107,54,0,0,0,54,A
3-PA,2108,53,0,0,0,53,A
3-PA,2109,0,54,0,0,54,T
3-PA,2110,0,0,54,0,54,G
3-PA,2111,0,0,0,55,55,C
3-PA,2112,0,0,53,0,53,G
3-PA,2113,0,53,0,0,53,T
3-PA,2114,0,0,0,53,53,C
3-PA,2115,0,52,0,0,52,T
3-PA,2116,0,52,0,0,52,T
3-PA,2117,0,0,52,0,52,G
3-PA,2118,0,0,50,0,50,G
3-PA,2119,0,51,0,0,51,T
3-PA,2120,0,51,0,0,51,T
3-PA,2121,0,0,0,50,50,C
3-PA,2122,49,0,0,0,49,A
3-PA,2123,49,0,0,0,49,A
3-PA,2124,0,0,0,49,49,C
3-PA,2125,0,49,0,0,49,T
3-PA,2126,0,0,0,49,49,C
3-PA,2127,1,0,0,47,48,C
3-PA,2128,0,48,0,0,48,T
3-PA,2129,0,48,0,0,48,T
3-PA,2130,1,0,0,47,48,C
3-PA,2131,0,0,0,48,48,C
3-PA,2132,0,45,0,0,45,T
3-PA,2133,0,0,44,0,44,G
3-PA,2134,45,0,0,0,45,A
3-PA,2135,0,0,0,44,44,C
3-PA,2136,42,0,0,0,42,A
3-PA,2137,0,0,0,38,38,C
3-PA,2138,37,0,0,0,37,A
3-PA,2139,0,36,0,0,36,T
3-PA,2140,0,0,36,0,36,G
3-PA,2141,0,0,0,36,36,C
3-PA,2142,35,0,0,0,35,A
3-PA,2143,0,35,0,0,35,T
3-PA,2144,0,34,0,0,34,T
3-PA,2145,34,0,0,0,34,A
3-PA,2146,33,0,0,0,33,A
3-PA,2147,33,0,0,0,33,A
3-PA,2148,34,0,0,0,34,A
3-PA,2149,0,34,0,0,34,T
3-PA,2150,21,0,0,0,21,A
3-PA,2151,0,0,21,0,21,G
4-HA,1,370,0,0,0,370,A
4-HA,2,0,371,0,0,371,T
4-HA,3,0,0,377,0,377,G
4-HA,4,381,0,0,0,381,A
4-HA,5,381,0,0,1,382,A
4-HA,6,0,3,419,0,422,G
4-HA,7,420,1,1,0,422,A
4-HA,8,1,0,0,468,469,C
4-HA,9,0,474,0,0,474,T
4-HA,10,493,0,0,0,493,A
4-HA,11,0,516,0,1,517,T
4-HA,12,3,0,0,515,518,C
4-HA,13,519,0,1,0,520,A
4-HA,14,0,520,0,0,520,T
4-HA,15,0,519,0,1,520,T
4-HA,16,0,1,561,0,562,G
4-HA,17,0,0,0,565,565,C
4-HA,18,0,565,0,2,567,T
4-HA,19,0,566,0,0,566,T
4-HA,20,0,567,0,0,567,T
4-HA,21,0,3,593,0,596,G
4-HA,22,600,0,1,0,601,A
4-HA,23,0,0,624,0,624,G
4-HA,24,0,0,0,628,628,C
4-HA,25,1,626,0,0,627,T
4-HA,26,676,0,0,0,676,A
4-HA,27,0,0,0,686,686,C
4-HA,28,702,0,0,1,703,A
4-HA,29,0,754,0,0,754,T
4-HA,30,0,749,0,0,749,T
4-HA,31,1,1,0,757,759,C
4-HA,32,0,757,0,1,758,T
4-HA,33,781,0,0,0,781,A
4-HA,34,0,781,0,1,782,T
4-HA,35,1,1,781,0,783,G
4-HA,36,0,783,0,0,783,T
4-HA,37,4,0,0,778,782,C
4-HA,38,0,776,0,3,779,T
4-HA,39,0,5,779,0,784,G
4-HA,40,0,0,784,0,784,G
4-HA,41,0,784,0,2,786,T
4-HA,42,0,786,0,1,787,T
4-HA,43,0,786,1,0,787,T
4-HA,44,0,788,0,0,788,T
4-HA,45,2,1,0,784,787,C
4-HA,46,1,2,783,0,786,G
4-HA,47,0,1,0,791,792,C
4-HA,48,0,791,0,1,792,T
4-HA,49,1,0,0,796,797,C
4-HA,50,795,0,0,1,796,A
4-HA,51,798,0,0,0,798,A
4-HA,52,796,0,1,1,798,A
4-HA,53,799,0,0,0,799,A
4-HA,54,800,0,0,0,800,A
4-HA,55,1,0,0,805,806,C
4-HA,56,0,804,0,0,804,T
4-HA,57,0,805,0,0,805,T
4-HA,58,3,0,0,802,805,C
4-HA,59,3,0,0,801,804,C
4-HA,60,0,799,0,1,800,T
4-HA,61,1,1,811,0,813,G
4-HA,62,0,6,814,0,820,G
4-HA,63,819,0,0,0,819,A
4-HA,64,833,0,0,0,833,A
4-HA,65,829,0,0,0,829,A
4-HA,66,0,849,0,0,849,T
4-HA,67,0,9,843,0,852,G
4-HA,68,855,0,0,0,855,A
4-HA,69,0,0,0,861,861,C
4-HA,70,859,0,0,0,859,A
4-HA,71,858,0,1,0,859,A
4-HA,72,0,1,1,882,884,C
4-HA,73,877,0,1,0,878,A
4-HA,74,1,1,885,0,887,G
4-HA,75,2,0,0,883,885,C
4-HA,76,884,0,1,0,885,A
4-HA,77,0,3,0,915,918,C
4-HA,78,1,8,910,0,919,G
4-HA,79,0,1,930,0,931,G
4-HA,80,1,0,0,933,934,C
4-HA,81,929,0,0,0,929,A
4-HA,82,941,1,1,0,943,A
4-HA,83,1,0,0,949,950,C
4-HA,84,1,1,961,0,963,G
4-HA,85,0,0,0,962,962,C
4-HA,86,0,950,0,1,951,T
4-HA,87,0,1,968,0,969,G
4-HA,88,1,958,0,0,959,T
4-HA,89,1,2,982,0,985,G
4-HA,90,2,0,0,998,1000,C
4-HA,91,6,0,0,1022,1028,C
4-HA,92,1,1022,0,1,1024,T
4-HA,93,0,1018,0,0,1018,T
4-HA,94,0,6,1013,0,1019,G
4-HA,95,0,11,1009,1,1021,G
4-HA,96,0,1,1044,0,1045,G
4-HA,97,0,0,0,1048,1048,C
4-HA,98,1039,0,0,0,1039,A
4-HA,99,2,0,0,1050,1052,C
4-HA,100,7,1,0,1034,1042,C
4-HA,101,1136,0,0,0,1136,A
4-HA,102,0,1139,0,1,1140,T
4-HA,103,2,0,1134,0,1136,G
4-HA,104,0,0,0,1138,1138,C
4-HA,105,1127,0,0,0,1127,A
4-HA,106,0,4,1201,0,1205,G
4-HA,107,0,1204,0,0,1204,T
4-HA,108,1204,0,1,0,1205,A
4-HA,109,2,0,0,1203,1205,C
4-HA,110,5,0,0,1171,1176,C
4-HA,111,1183,0,0,0,1183,A
4-HA,112,1185,0,0,1,1186,A
4-HA,113,1188,0,0,0,1188,A
4-HA,114,2,2,0,1190,1194,C
4-HA,115,0,4,1159,0,1163,G
4-HA,116,0,12,1209,1,1222,G
4-HA,117,1220,0,1,0,1221,A
4-HA,118,1221,0,0,0,1221,A
4-HA,119,1,1,0,1218,1220,C
4-HA,120,1213,0,0,0,1213,A
4-HA,121,1246,0,0,0,1246,A
4-HA,122,0,1246,0,1,1247,T
4-HA,123,1264,0,1,0,1265,A
4-HA,124,0,2,1266,0,1268,G
4-HA,125,0,1243,0,0,1243,T
4-HA,126,0,5,1239,0,1244,G
4-HA,127,1245,0,1,0,1246,A
4-HA,128,1246,0,1,0,1247,A
4-HA,129,1248,0,0,0,1248,A
4-HA,130,1242,0,0,1,1243,A
4-HA,131,1,0,0,1256,1257,C
4-HA,132,1253,1,1,0,1255,A
4-HA,133,1261,0,1,0,1262,A
4-HA,134,1,1259,0,2,1262,T
4-HA,135,6,0,0,1254,1260,C
4-HA,136,1261,0,0,0,1261,A
4-HA,137,2,0,0,1263,1265,C
4-HA,138,0,9,1252,0,1261,G
4-HA,139,1259,0,1,0,1260,A
4-HA,140,1256,0,0,0,1256,A
4-HA,141,0,1260,0,0,1260,T
4-HA,142,1,8,1254,0,1263,G
4-HA,143,1270,1,1,0,1272,A
4-HA,144,2,0,0,1272,1274,C
4-HA,145,7,0,0,1264,1271,C
4-HA,146,1280,0,1,0,1281,A
4-HA,147,1287,0,0,0,1287,A
4-HA,148,1291,0,0,0,1291,A
4-HA,149,0,1285,1,4,1290,T
4-HA,150,0,1285,1,0,1286,T
4-HA,151,0,5,1286,0,1291,G
4-HA,152,1287,0,2,0,1289,A
4-HA,153,1286,0,3,0,1289,A
4-HA,154,0,1,1295,0,1296,G
4-HA,155,0,1295,0,0,1295,T
4-HA,156,0,1323,0,1,1324,T
4-HA,157,1332,0,0,0,1332,A
4-HA,158,1,1,0,1337,1339,C
4-HA,159,0,1340,0,3,1343,T
4-HA,160,1338,0,0,0,1338,A
4-HA,161,1368,0,0,1,1369,A
4-HA,162,0,1374,0,0,1374,T
4-HA,163,3,1,1369,0,1373,G
4-HA,164,1,0,0,1426,1427,C
4-HA,165,0,1407,0,0,1407,T
4-HA,166,1413,0,0,0,1413,A
4-HA,167,0,1,0,1410,1411,C
4-HA,168,1,1403,0,2,1406,T
4-HA,169,0,9,1404,0,1413,G
4-HA,170,1405,2,1,0,1408,A
4-HA,171,0,0,1410,0,1410,G
4-HA,172,1,0,0,1407,1408,C
4-HA,173,0,1381,0,0,1381,T
4-HA,174,0,6,1408,0,1414,G
4-HA,175,1,1,1441,0,1443,G
4-HA,176,0,1444,0,0,1444,T
4-HA,177,0,1442,0,1,1443,T
4-HA,178,10,1,0,1434,1445,C
4-HA,179,1439,0,1,0,1440,A
4-HA,180,2,4,1435,0,1441,G
4-HA,181,1430,0,2,0,1432,A
4-HA,182,26,2,1437,0,1465,G
4-HA,183,0,1452,1,2,1455,T
4-HA,184,0,1437,0,0,1437,T
4-HA,185,11,2,0,1434,1447,C
4-HA,186,3,0,0,1452,1455,C
4-HA,187,0,1445,0,0,1445,T
4-HA,188,6,0,0,1449,1455,C
4-HA,189,1453,0,0,0,1453,A
4-HA,190,1456,0,0,0,1456,A
4-HA,191,0,0,0,1467,1467,C
4-HA,192,1445,0,1,0,1446,A
4-HA,193,0,3,1469,0,1472,G
4-HA,194,0,1,1463,0,1464,G
4-HA,195,0,1460,0,3,1463,T
4-HA,196,0,8,1457,0,1465,G
4-HA,197,1464,3,1,0,1468,A
4-HA,198,1469,0,0,0,1469,A
4-HA,199,1522,0,0,0,1522,A
4-HA,200,0,1513,0,1,1514,T
4-HA,201,1521,0,0,0,1521,A
4-HA,202,0,1505,0,1,1506,T
4-HA,203,0,0,1499,0,1499,G
4-HA,204,2,2,0,1512,1516,C
4-HA,205,0,10,1507,0,1517,G
4-HA,206,1510,1,3,0,1514,A
4-HA,207,0,2,0,1517,1519,C
4-HA,208,1486,0,0,0,1486,A
4-HA,209,0,0,1561,0,1561,G
4-HA,210,0,1543,1,0,1544,T
4-HA,211,7,1,0,1557,1565,C
4-HA,212,4,0,0,1564,1568,C
4-HA,213,0,1558,0,1,1559,T
4-HA,214,8,2,0,1580,1590,C
4-HA,215,1589,1,1,0,1591,A
4-HA,216,0,1581,0,6,1587,T
4-HA,217,3,0,0,1587,1590,C
4-HA,218,1524,1,1,0,1526,A
4-HA,219,1,3,1537,0,1541,G
4-HA,220,1530,0,1,1,1532,A
4-HA,221,0,1540,0,0,1540,T
4-HA,222,5,0,0,1544,1549,C
4-HA,223,7,1,0,1521,1529,C
4-HA,224,0,1534,0,0,1534,T
4-HA,225,0,1541,0,0,1541,T
4-HA,226,0,4,1535,0,1539,G
4-HA,227,1545,0,3,0,1548,A
4-HA,228,0,1542,0,1,1543,T
4-HA,229,0,8,1562,0,1570,G
4-HA,230,0,4,1562,0,1566,G
4-HA,231,1546,0,8,0,1554,A
4-HA,232,0,10,1542,0,1552,G
4-HA,233,1540,0,1,0,1541,A
4-HA,234,0,11,1514,0,1525,G
4-HA,235,1562,0,2,0,1564,A
4-HA,236,1573,0,2,0,1575,A
4-HA,237,1,0,0,1584,1585,C
4-HA,238,0,1568,0,0,1568,T
4-HA,239,1,0,1583,0,1584,G
4-HA,240,1,0,0,1578,1579,C
4-HA,241,1582,0,3,0,1585,A
4-HA,242,1,0,0,1628,1629,C
4-HA,243,1606,0,1,0,1607,A
4-HA,244,0,0,0,1785,1785,C
4-HA,245,0,1770,1,1,1772,T
4-HA,246,1789,0,2,0,1791,A
4-HA,247,1790,0,1,1,1792,A
4-HA,248,0,1789,0,0,1789,T
4-HA,249,1782,0,0,0,1782,A
4-HA,250,0,2,1787,0,1789,G
4-HA,251,1754,0,1,0,1755,A
4-HA,252,0,1738,0,0,1738,T
4-HA,253,2,0,1676,1,1679,G
4-HA,254,1,0,0,1690,1691,C
4-HA,255,1,1675,0,2,1678,T
4-HA,256,6,0,0,1773,1779,C
4-HA,257,0,1782,0,0,1782,T
4-HA,258,1832,0,1,0,1833,A
4-HA,259,0,1831,0,2,1833,T
4-HA,260,0,1824,0,0,1824,T
4-HA,261,0,11,1818,0,1829,G
4-HA,262,2,6,1816,0,1824,G
4-HA,263,0,8,1815,0,1823,G
4-HA,264,1798,1,2,0,1801,A
4-HA,265,0,9,1766,0,1775,G
4-HA,266,1731,0,1,0,1732,A
4-HA,267,2,1,0,1856,1859,C
4-HA,268,5,0,0,1856,1861,C
4-HA,269,10,1,0,1881,1892,C
4-HA,270,0,1888,0,1,1889,T
4-HA,271,5,0,1,1900,1906,C
4-HA,272,1910,0,0,0,1910,A
4-HA,273,1714,0,175,0,1889,A
4-HA,274,0,1940,0,1,1941,T
4-HA,275,1,1,1967,0,1969,G
4-HA,276,1,1965,0,3,1969,T
4-HA,277,1,5,1953,0,1959,G
4-HA,278,1953,0,4,0,1957,A
4-HA,279,0,1957,0,0,1957,T
4-HA,280,1,9,1931,0,1941,G
4-HA,281,0,1,1939,0,1940,G
4-HA,282,1,1,0,1934,1936,C
4-HA,283,0,1934,0,2,1936,T
4-HA,284,0,1925,0,1,1926,T
4-HA,285,4,0,0,1927,1931,C
4-HA,286,3,1,0,1921,1925,C
4-HA,287,1930,0,2,0,1932,A
4-HA,288,1935,0,1,0,1936,A
4-HA,289,1940,1,0,0,1941,A
4-HA,290,1952,1,0,0,1953,A
4-HA,291,0,1958,0,1,1959,T
4-HA,292,1957,0,0,0,1957,A
4-HA,293,1955,2,2,0,1959,A
4-HA,294,1,4,1958,0,1963,G
4-HA,295,1977,0,0,0,1977,A
4-HA,296,1977,0,0,0,1977,A
4-HA,297,1975,0,1,0,1976,A
4-HA,298,0,1983,0,0,1983,T
4-HA,299,0,8,1964,0,1972,G
4-HA,300,2,6,1972,0,1980,G
4-HA,301,2,13,1964,0,1979,G
4-HA,302,1979,0,0,0,1979,A
4-HA,303,2,0,0,1990,1992,C
4-HA,304,8,0,0,1982,1990,C
4-HA,305,0,1993,2,1,1996,T
4-HA,306,0,1999,0,0,1999,T
4-HA,307,1,1998,0,0,1999,T
4-HA,308,0,2009,0,3,2012,T
4-HA,309,1,2012,0,0,2013,T
4-HA,310,0,2,2022,0,2024,G
4-HA,311,1,2025,0,0,2026,T
4-HA,312,0,2012,0,0,2012,T
4-HA,313,5,11,1999,0,2015,G
4-HA,314,2013,0,1,0,2014,A
4-HA,315,2019,0,0,0,2019,A
4-HA,316,1,2,0,2015,2018,C
4-HA,317,2,0,2005,0,2007,G
4-HA,318,0,0,0,2036,2036,C
4-HA,319,2029,0,1,0,2030,A
4-HA,320,1,3,2036,0,2040,G
4-HA,321,1,0,0,2041,2042,C
4-HA,322,2039,1,0,0,2040,A
4-HA,323,2035,1,1,1,2038,A
4-HA,324,2040,0,2,0,2042,A
4-HA,325,0,2,2118,0,2120,G
4-HA,326,1,0,0,2115,2116,C
4-HA,327,8,4,1,2096,2109,C
4-HA,328,0,2101,0,2,2103,T
4-HA,329,2098,0,1,0,2099,A
4-HA,330,0,2,0,2123,2125,C
4-HA,331,2122,0,2,0,2124,A
4-HA,332,0,0,2128,0,2128,G
4-HA,333,0,1,0,2120,2121,C
4-HA,334,2065,0,1,1,2067,A
4-HA,335,2090,1,3,0,2094,A
4-HA,336,3,3,0,2151,2157,C
4-HA,337,0,2156,0,0,2156,T
4-HA,338,1,1,2162,0,2164,G
4-HA,339,0,2129,1,2,2132,T
4-HA,340,0,2131,1,2,2134,T
4-HA,341,2138,1,0,0,2139,A
4-HA,342,3,1,1,2269,2274,C
4-HA,343,10,0,0,2277,2287,C
4-HA,344,11,2,0,2297,2310,C
4-HA,345,0,2230,1,3,2234,T
4-HA,346,0,2236,0,2,2238,T
4-HA,347,2244,0,1,0,2245,A
4-HA,348,0,2240,0,0,2240,T
4-HA,349,0,8,2239,0,2247,G
4-HA,350,2243,0,1,0,2244,A
4-HA,351,1,2099,0,1,2101,T
4-HA,352,0,0,2127,0,2127,G
4-HA,353,0,2090,0,1,2091,T
4-HA,354,1,1,2086,0,2088,G
4-HA,355,1,0,0,2084,2085,C
4-HA,356,5,1,1,2086,2093,C
4-HA,357,2,5,2122,0,2129,G
4-HA,358,0,8,2143,0,2151,G
4-HA,359,2144,1,2,0,2147,A
4-HA,360,0,2127,0,26,2153,T
4-HA,361,0,2114,0,2,2116,T
4-HA,362,2146,0,0,0,2146,A
4-HA,363,0,2133,0,1,2134,T
4-HA,364,0,0,2145,0,2145,G
4-HA,365,1,0,0,2143,2144,C
4-HA,366,7,0,0,2114,2121,C
4-HA,367,0,2120,0,6,2126,T
4-HA,368,5,0,0,2228,2233,C
4-HA,369,6,1,0,2247,2254,C
4-HA,370,12,0,0,2248,2260,C
4-HA,371,2,2242,1,1,2246,T
4-HA,372,0,2255,0,0,2255,T
4-HA,373,2250,0,1,0,2251,A
4-HA,374,1,6,2285,0,2292,G
4-HA,375,0,2,2287,0,2289,G
4-HA,376,0,2266,0,4,2270,T
4-HA,377,21,2,0,2196,2219,C
4-HA,378,2192,0,2,0,2194,A
4-HA,379,3,0,1,2239,2243,C
4-HA,380,0,2241,0,0,2241,T
4-HA,381,2239,0,0,1,2240,A
4-HA,382,0,2,2242,0,2244,G
4-HA,383,0,2211,0,0,2211,T
4-HA,384,1,2203,0,1,2205,T
4-HA,385,0,1,2224,0,2225,G
4-HA,386,2,1,1,2213,2217,C
4-HA,387,4,1,0,2217,2222,C
4-HA,388,0,2186,0,2,2188,T
4-HA,389,5,0,1,2198,2204,C
4-HA,390,2257,0,0,0,2257,A
4-HA,391,0,2255,0,1,2256,T
4-HA,392,3,2,0,2250,2255,C
4-HA,393,2,4,0,2259,2265,C
4-HA,394,1,10,2235,1,2247,G
4-HA,395,0,1,2265,0,2266,G
4-HA,396,1,2,1,2269,2273,C
4-HA,397,2282,1,1,0,2284,A
4-HA,398,0,0,0,2306,2306,C
4-HA,399,2257,1,1,0,2259,A
4-HA,400,5,0,2,2262,2269,C
4-HA,401,0,2259,0,3,2262,T
4-HA,402,2,7,2268,0,2277,G
4-HA,403,0,11,2289,0,2300,G
4-HA,404,2291,0,0,0,2291,A
4-HA,405,0,2,2310,0,2312,G
4-HA,406,0,2292,1,1,2294,T
4-HA,407,0,2283,0,1,2284,T
4-HA,408,0,2289,0,2,2291,T
4-HA,409,2267,0,0,1,2268,A
4-HA,410,2266,2,3,1,2272,A
4-HA,411,3,0,1,2281,2285,C
4-HA,412,2249,1,0,0,2250,A
4-HA,413,2244,2,0,1,2247,A
4-HA,414,0,2241,0,1,2242,T
4-HA,415,0,8,2235,1,2244,G
4-HA,416,2242,1,1,0,2244,A
4-HA,417,2231,2,1,0,2234,A
4-HA,418,2239,1,0,0,2240,A
4-HA,419,1,0,2252,0,2253,G
4-HA,420,0,0,0,2263,2263,C
4-HA,421,0,2253,1,1,2255,T
4-HA,422,1,2249,0,2,2252,T
4-HA,423,6,0,0,2268,2274,C
4-HA,424,2274,0,0,1,2275,A
4-HA,425,2284,1,2,0,2287,A
4-HA,426,1,2285,0,1,2287,T
4-HA,427,0,2279,0,1,2280,T
4-HA,428,1,13,2307,0,2321,G
4-HA,429,0,8,2325,0,2333,G
4-HA,430,2326,0,2,0,2328,A
4-HA,431,1,1,2,2329,2333,C
4-HA,432,0,2309,0,3,2312,T
4-HA,433,2,2,2318,2,2324,G
4-HA,434,0,7,2333,0,2340,G
4-HA,435,2336,1,0,0,2337,A
4-HA,436,2,0,2346,0,2348,G
4-HA,437,0,2289,0,1,2290,T
4-HA,438,14,0,0,2261,2275,C
4-HA,439,2295,1,1,0,2297,A
4-HA,440,2,2,0,2299,2303,C
4-HA,441,0,2299,0,2,2301,T
4-HA,442,16,2,0,2284,2302,C
4-HA,443,2278,0,0,0,2278,A
4-HA,444,2289,1,0,1,2291,A
4-HA,445,2283,0,3,1,2287,A
4-HA,446,2287,0,0,0,2287,A
4-HA,447,1,2,0,2285,2288,C
4-HA,448,1,4,2259,1,2265,G
4-HA,449,0,22,2273,0,2295,G
4-HA,450,2303,0,0,1,2304,A
4-HA,451,2301,0,3,0,2304,A
4-HA,452,0,2,0,2307,2309,C
4-HA,453,2291,0,1,0,2292,A
4-HA,454,2310,0,2,0,2312,A
4-HA,455,0,1,2327,0,2328,G
4-HA,456,0,0,0,2328,2328,C
4-HA,457,0,2307,1,2,2310,T
4-HA,458,8,0,1,2317,2326,C
4-HA,459,0,2316,0,1,2317,T
4-HA,460,2,1,2324,0,2327,G
4-HA,461,2,0,0,2327,2329,C
4-HA,462,1,2320,0,2,2323,T
4-HA,463,0,2362,0,1,2363,T
4-HA,464,0,0,2400,0,2400,G
4-HA,465,2,0,0,2415,2417,C
4-HA,466,2416,0,2,0,2418,A
4-HA,467,1,2396,0,0,2397,T
4-HA,468,2389,1,2,0,2392,A
4-HA,469,2374,0,3,0,2377,A
4-HA,470,1,9,2370,0,2380,G
4-HA,471,2,7,2379,0,2388,G
4-HA,472,2295,1,3,1,2300,A
4-HA,473,0,4,2263,0,2267,G
4-HA,474,2239,1,2,0,2242,A
4-HA,475,0,2331,0,0,2331,T
4-HA,476,6,0,0,2336,2342,C
4-HA,477,2,2344,1,3,2350,T
4-HA,478,2353,0,0,0,2353,A
4-HA,479,2348,0,0,0,2348,A
4-HA,480,0,2346,0,0,2346,T
4-HA,481,2347,0,2,0,2349,A
4-HA,482,2316,0,4,0,2320,A
4-HA,483,2,2,0,2331,2335,C
4-HA,484,2229,0,0,0,2229,A
4-HA,485,1,5,2233,0,2239,G
4-HA,486,0,2211,1,0,2212,T
4-HA,487,1,2232,0,2,2235,T
4-HA,488,1,2241,0,1,2243,T
4-HA,489,5,0,0,2289,2294,C
4-HA,490,0,2285,0,1,2286,T
4-HA,491,0,2298,0,0,2298,T
4-HA,492,1,2297,0,0,2298,T
4-HA,493,2289,0,0,0,2289,A
4-HA,494,1,1,2286,0,2288,G
4-HA,495,0,2289,0,1,2290,T
4-HA,496,2279,0,1,0,2280,A
4-HA,497,0,3,2282,0,2285,G
4-HA,498,2243,0,1,0,2244,A
4-HA,499,0,2241,0,0,2241,T
4-HA,500,1,2237,0,1,2239,T
4-HA,501,1,13,2271,0,2285,G
4-HA,502,2276,1,3,0,2280,A
4-HA,503,2286,0,1,0,2287,A
4-HA,504,1,2286,0,1,2288,T
4-HA,505,0,2256,0,3,2259,T
4-HA,506,1,6,2273,0,2280,G
4-HA,507,2,3,2271,0,2276,G
4-HA,508,0,2277,0,4,2281,T
4-HA,509,1,2273,0,2,2276,T
4-HA,510,1,8,2242,0,2251,G
4-HA,511,2247,0,1,0,2248,A
4-HA,512,0,0,0,2242,2242,C
4-HA,513,13,1,0,2220,2234,C
4-HA,514,19,1,1,2213,2234,C
4-HA,515,2219,1,2,0,2222,A
4-HA,516,2,0,0,2243,2245,C
4-HA,517,0,2236,0,5,2241,T
4-HA,518,0,2243,0,0,2243,T
4-HA,519,2245,0,1,0,2246,A
4-HA,520,2240,0,1,0,2241,A
4-HA,521,2233,0,0,0,2233,A
4-HA,522,2245,1,1,0,2247,A
4-HA,523,0,2275,0,1,2276,T
4-HA,524,1,2260,0,1,2262,T
4-HA,525,13,6,1,2249,2269,C
4-HA,526,2262,1,0,0,2263,A
4-HA,527,2265,1,2,0,2268,A
4-HA,528,2266,0,0,0,2266,A
4-HA,529,0,2270,0,1,2271,T
4-HA,530,2304,1,3,0,2308,A
4-HA,531,2,1,0,2299,2302,C
4-HA,532,14,1,1,2261,2277,C
4-HA,533,6,0,0,2276,2282,C
4-HA,534,2260,0,4,0,2264,A
4-HA,535,1,2,2370,0,2373,G
4-HA,536,1,0,0,2376,2377,C
4-HA,537,2371,0,0,0,2371,A
4-HA,538,0,2370,0,1,2371,T
4-HA,539,2,2329,2,2,2335,T
4-HA,540,0,13,2392,0,2405,G
4-HA,541,2411,1,0,0,2412,A
4-HA,542,2417,0,2,0,2419,A
4-HA,543,0,3,0,2413,2416,C
4-HA,544,1,1,2352,0,2354,G
4-HA,545,0,2361,0,2,2363,T
4-HA,546,0,16,2349,0,2365,G
4-HA,547,2357,1,6,0,2364,A
4-HA,548,1,0,0,2365,2366,C
4-HA,549,0,2278,0,1,2279,T
4-HA,550,2333,0,1,0,2334,A
4-HA,551,1,2330,0,1,2332,T
4-HA,552,1,2,2348,0,2351,G
4-HA,553,2,4,0,2340,2346,C
4-HA,554,10,0,0,2307,2317,C
4-HA,555,2306,0,4,1,2311,A
4-HA,556,2308,0,0,2,2310,A
4-HA,557,2336,0,1,0,2337,A
4-HA,558,2,0,0,2344,2346,C
4-HA,559,2306,1,0,0,2307,A
4-HA,560,2305,1,2,0,2308,A
4-HA,561,0,2282,1,0,2283,T
4-HA,562,0,20,2264,0,2284,G
4-HA,563,2281,0,4,0,2285,A
4-HA,564,2270,0,6,0,2276,A
4-HA,565,0,0,0,2232,2232,C
4-HA,566,2256,0,0,0,2256,A
4-HA,567,2270,0,1,0,2271,A
4-HA,568,0,2264,0,2,2266,T
4-HA,569,0,2256,0,1,2257,T
4-HA,570,1,2263,2,0,2266,T
4-HA,571,2,19,2241,0,2262,G
4-HA,572,2266,1,4,0,2271,A
4-HA,573,0,1,0,2271,2272,C
4-HA,574,2273,1,0,0,2274,A
4-HA,575,2271,0,2,0,2273,A
4-HA,576,2293,0,2,0,2295,A
4-HA,577,1,2321,0,1,2323,T
4-HA,578,0,2316,0,0,2316,T
4-HA,579,1,2,2332,0,2335,G
4-HA,580,0,2331,0,0,2331,T
4-HA,581,2341,0,1,0,2342,A
4-HA,582,1,0,0,2383,2384,C
4-HA,583,2382,0,2,0,2384,A
4-HA,584,0,2421,0,1,2422,T
4-HA,585,1,2391,0,0,2392,T
4-HA,586,0,2389,0,0,2389,T
4-HA,587,0,13,2361,1,2375,G
4-HA,588,1,14,2363,0,2378,G
4-HA,589,2,17,2353,0,2372,G
4-HA,590,1,8,2365,0,2374,G
4-HA,591,1,13,2332,0,2346,G
4-HA,592,8,0,2395,0,2403,G
4-HA,593,0,2372,0,2,2374,T
4-HA,594,1,2379,0,1,2381,T
4-HA,595,9,2,1,2365,2377,C
4-HA,596,2383,1,2,1,2387,A
4-HA,597,2,2,0,2407,2411,C
4-HA,598,10,1,0,2389,2400,C
4-HA,599,2406,0,1,0,2407,A
4-HA,600,1,5,0,2416,2422,C
4-HA,601,2,0,0,2382,2384,C
4-HA,602,14,2,0,2350,2366,C
4-HA,603,2,9,2372,0,2383,G
4-HA,604,0,6,2464,0,2470,G
4-HA,605,0,2,2473,0,2475,G
4-HA,606,0,2467,0,2,2469,T
4-HA,607,2472,1,0,0,2473,A
4-HA,608,1,2,0,2456,2459,C
4-HA,609,3,15,2419,0,2437,G
4-HA,610,2,10,2465,0,2477,G
4-HA,611,2475,0,1,0,2476,A
4-HA,612,2,2,0,2466,2470,C
4-HA,613,2360,2,0,0,2362,A
4-HA,614,2367,0,2,0,2369,A
4-HA,615,0,2360,1,1,2362,T
4-HA,616,3,15,2378,0,2396,G
4-HA,617,2394,0,1,0,2395,A
4-HA,618,5,2,0,2387,2394,C
4-HA,619,13,1,0,2356,2370,C
4-HA,620,2376,2,1,0,2379,A
4-HA,621,2371,0,1,0,2372,A
4-HA,622,2396,1,1,1,2399,A
4-HA,623,0,2389,1,1,2391,T
4-HA,624,11,0,0,2404,2415,C
4-HA,625,1,2355,0,2,2358,T
4-HA,626,0,2354,0,0,2354,T
4-HA,627,6,0,0,2375,2381,C
4-HA,628,2,0,2,2385,2389,C
4-HA,629,0,2383,0,2,2385,T
4-HA,630,2,3,2395,0,2400,G
4-HA,631,0,2354,0,3,2357,T
4-HA,632,2366,1,0,0,2367,A
4-HA,633,0,2351,0,1,2352,T
4-HA,634,2,1,2367,0,2370,G
4-HA,635,1,0,0,2375,2376,C
4-HA,636,2,2359,0,3,2364,T
4-HA,637,16,4,0,2338,2358,C
4-HA,638,2359,0,2,0,2361,A
4-HA,639,2355,0,4,0,2359,A
4-HA,640,1,0,2364,0,2365,G
4-HA,641,0,2,0,2376,2378,C
4-HA,642,2375,0,1,0,2376,A
4-HA,643,0,2360,0,0,2360,T
4-HA,644,7,0,0,2337,2344,C
4-HA,645,2335,1,3,0,2339,A
4-HA,646,2,8,2344,0,2354,G
4-HA,647,2,12,2348,0,2362,G
4-HA,648,2357,0,0,0,2357,A
4-HA,649,2345,0,1,0,2346,A
4-HA,650,0,12,2359,0,2371,G
4-HA,651,2360,0,1,0,2361,A
4-HA,652,2389,0,0,0,2389,A
4-HA,653,1,2390,0,0,2391,T
4-HA,654,14,1,0,2376,2391,C
4-HA,655,2361,1,3,0,2365,A
4-HA,656,4,2,2,2362,2370,C
4-HA,657,2364,1,1,0,2366,A
4-HA,658,0,1,2407,1,2409,G
4-HA,659,0,2369,1,3,2373,T
4-HA,660,11,0,0,2365,2376,C
4-HA,661,0,2337,0,0,2337,T
4-HA,662,2,0,0,2394,2396,C
4-HA,663,1,2402,0,0,2403,T
4-HA,664,2416,2,1,0,2419,A
4-HA,665,2,4,0,2413,2419,C
4-HA,666,9,1,0,2408,2418,C
4-HA,667,2360,1,1,1,2363,A
4-HA,668,2366,1,1,0,2368,A
4-HA,669,2359,0,0,1,2360,A
4-HA,670,2363,1,3,0,2367,A
4-HA,671,2,9,2341,0,2352,G
4-HA,672,2308,0,2,0,2310,A
4-HA,673,2304,0,2,0,2306,A
4-HA,674,1,1,2316,0,2318,G
4-HA,675,2,0,0,2320,2322,C
4-HA,676,10,0,0,2313,2323,C
4-HA,677,2324,1,1,2,2328,A
4-HA,678,2330,1,3,0,2334,A
4-HA,679,4,2,0,2325,2331,C
4-HA,680,2332,0,0,0,2332,A
4-HA,681,2332,1,1,1,2335,A
4-HA,682,2328,0,1,0,2329,A
4-HA,683,2,0,0,2388,2390,C
4-HA,684,0,2371,0,3,2374,T
4-HA,685,2,0,2377,0,2379,G
4-HA,686,0,2375,0,1,2376,T
4-HA,687,2373,0,0,0,2373,A
4-HA,688,2380,1,1,0,2382,A
4-HA,689,1,2367,0,3,2371,T
4-HA,690,7,1,0,2379,2387,C
4-HA,691,5,0,0,2386,2391,C
4-HA,692,9,0,0,2341,2350,C
4-HA,693,0,9,2343,0,2352,G
4-HA,694,2341,0,2,0,2343,A
4-HA,695,2343,0,1,0,2344,A
4-HA,696,1,2359,0,0,2360,T
4-HA,697,2355,1,2,1,2359,A
4-HA,698,1,2352,5,0,2358,T
4-HA,699,8,1,0,2331,2340,C
4-HA,700,1,14,2321,0,2336,G
4-HA,701,1,12,2379,1,2393,G
4-HA,702,2391,0,2,0,2393,A
4-HA,703,0,2413,0,0,2413,T
4-HA,704,5,0,0,2401,2406,C
4-HA,705,1,2402,0,0,2403,T
4-HA,706,2406,0,0,0,2406,A
4-HA,707,0,11,2408,0,2419,G
4-HA,708,2433,0,5,0,2438,A
4-HA,709,1,0,0,2429,2430,C
4-HA,710,9,1,0,2345,2355,C
4-HA,711,10,0,0,2344,2354,C
4-HA,712,2341,0,1,0,2342,A
4-HA,713,1,11,2460,0,2472,G
4-HA,714,2474,0,1,0,2475,A
4-HA,715,30,1,2465,0,2496,G
4-HA,716,0,2478,0,0,2478,T
4-HA,717,2461,0,0,0,2461,A
4-HA,718,2457,0,4,0,2461,A
4-HA,719,1,7,2484,0,2492,G
4-HA,720,1,7,2504,0,2512,G
4-HA,721,2476,0,2,0,2478,A
4-HA,722,2318,0,0,0,2318,A
4-HA,723,0,2309,0,0,2309,T
4-HA,724,2301,0,1,0,2302,A
4-HA,725,1,2290,0,3,2294,T
4-HA,726,3,0,0,2324,2327,C
4-HA,727,8,2,1,2312,2323,C
4-HA,728,8,0,0,2261,2269,C
4-HA,729,1,2246,0,0,2247,T
4-HA,730,2255,0,0,0,2255,A
4-HA,731,2,0,2259,0,2261,G
4-HA,732,0,0,0,2262,2262,C
4-HA,733,2191,1,1,0,2193,A
4-HA,734,1,7,2254,0,2262,G
4-HA,735,2225,0,2,0,2227,A
4-HA,736,2236,0,1,0,2237,A
4-HA,737,0,2235,0,0,2235,T
4-HA,738,2230,0,0,0,2230,A
4-HA,739,2226,1,5,0,2232,A
4-HA,740,2,2,2227,0,2231,G
4-HA,741,5,3,0,2223,2231,C
4-HA,742,2224,1,0,0,2225,A
4-HA,743,1,2147,0,1,2149,T
4-HA,744,2,0,0,2276,2278,C
4-HA,745,0,2273,0,1,2274,T
4-HA,746,2286,1,0,0,2287,A
4-HA,747,0,2285,0,1,2286,T
4-HA,748,0,2278,0,1,2279,T
4-HA,749,0,6,2290,0,2296,G
4-HA,750,0,12,2272,0,2284,G
4-HA,751,2282,0,2,0,2284,A
4-HA,752,2,1,0,2279,2282,C
4-HA,753,2167,0,0,0,2167,A
4-HA,754,2204,1,2,0,2207,A
4-HA,755,0,2296,0,1,2297,T
4-HA,756,2304,0,2,0,2306,A
4-HA,757,0,0,2322,0,2322,G
4-HA,758,0,2294,0,4,2298,T
4-HA,759,2295,0,1,1,2297,A
4-HA,760,2299,0,2,0,2301,A
4-HA,761,2322,1,1,0,2324,A
4-HA,762,2340,0,3,0,2343,A
4-HA,763,2,1,1,2339,2343,C
4-HA,764,9,2,0,2228,2239,C
4-HA,765,1,8,2219,2,2230,G
4-HA,766,0,6,2240,0,2246,G
4-HA,767,0,10,2252,0,2262,G
4-HA,768,2266,0,1,0,2267,A
4-HA,769,0,8,2264,0,2272,G
4-HA,770,2290,0,1,0,2291,A
4-HA,771,0,1,0,2289,2290,C
4-HA,772,2284,1,2,1,2288,A
4-HA,773,1,2297,0,0,2298,T
4-HA,774,2306,0,0,0,2306,A
4-HA,775,1,0,1,2350,2352,C
4-HA,776,1,2328,1,2,2332,T
4-HA,777,0,2346,0,2,2348,T
4-HA,778,0,2345,0,2,2347,T
4-HA,779,0,2343,0,1,2344,T
4-HA,780,2,16,2350,0,2368,G
4-HA,781,2370,0,2,2,2374,A
4-HA,782,0,2371,0,3,2374,T
4-HA,783,0,2411,1,0,2412,T
4-HA,784,2387,1,0,0,2388,A
4-HA,785,2400,1,1,0,2402,A
4-HA,786,2,0,0,2423,2425,C
4-HA,787,2406,0,2,0,2408,A
4-HA,788,1,2,2498,0,2501,G
4-HA,789,2,1,0,2471,2474,C
4-HA,790,2484,0,3,0,2487,A
4-HA,791,0,4,0,2502,2506,C
4-HA,792,2472,0,4,0,2476,A
4-HA,793,0,3,2499,0,2502,G
4-HA,794,1,12,2482,1,2496,G
4-HA,795,0,9,2553,0,2562,G
4-HA,796,2549,0,1,1,2551,A
4-HA,797,2536,0,1,0,2537,A
4-HA,798,0,2543,0,0,2543,T
4-HA,799,4,0,0,2539,2543,C
4-HA,800,1,2542,0,0,2543,T
4-HA,801,2556,0,0,0,2556,A
4-HA,802,2539,0,1,0,2540,A
4-HA,803,0,2535,0,0,2535,T
4-HA,804,0,2456,0,2,2458,T
4-HA,805,0,4,2474,0,2478,G
4-HA,806,4,2,0,2535,2541,C
4-HA,807,2,2587,0,2,2591,T
4-HA,808,11,0,0,2636,2647,C
4-HA,809,7,1,0,2632,2640,C
4-HA,810,1,2635,0,1,2637,T
4-HA,811,2645,1,1,0,2647,A
4-HA,812,0,8,2633,0,2641,G
4-HA,813,0,7,2664,0,2671,G
4-HA,814,1,11,2666,0,2678,G
4-HA,815,0,4,2648,0,2652,G
4-HA,816,0,2597,0,2,2599,T
4-HA,817,0,2584,0,2,2586,T
4-HA,818,2587,0,0,0,2587,A
4-HA,819,2,2,0,2618,2622,C
4-HA,820,0,2607,1,3,2611,T
4-HA,821,0,2615,0,2,2617,T
4-HA,822,9,1,0,2602,2612,C
4-HA,823,2592,0,0,0,2592,A
4-HA,824,2591,0,1,0,2592,A
4-HA,825,2594,0,0,0,2594,A
4-HA,826,2616,1,0,0,2617,A
4-HA,827,0,2609,0,0,2609,T
4-HA,828,2577,0,0,0,2577,A
4-HA,829,2,0,0,2570,2572,C
4-HA,830,2,9,2558,0,2569,G
4-HA,831,2574,0,1,0,2575,A
4-HA,832,2567,0,1,0,2568,A
4-HA,833,0,3,2596,0,2599,G
4-HA,834,0,2595,0,3,2598,T
4-HA,835,1,7,2599,0,2607,G
4-HA,836,3,7,2609,0,2619,G
4-HA,837,2,9,2609,0,2620,G
4-HA,838,2622,2,0,0,2624,A
4-HA,839,2615,0,4,0,2619,A
4-HA,840,2612,1,0,0,2613,A
4-HA,841,2607,0,2,0,2609,A
4-HA,842,2,0,2642,0,2644,G
4-HA,843,1,0,0,2645,2646,C
4-HA,844,0,2622,0,2,2624,T
4-HA,845,15,0,0,2634,2649,C
4-HA,846,2653,1,0,1,2655,A
4-HA,847,2677,0,1,0,2678,A
4-HA,848,1,2677,0,0,2678,T
4-HA,849,2695,0,0,0,2695,A
4-HA,850,2693,0,1,0,2694,A
4-HA,851,0,2653,0,0,2653,T
4-HA,852,0,12,2645,1,2658,G
4-HA,853,2639,0,1,0,2640,A
4-HA,854,1,11,2700,0,2712,G
4-HA,855,2708,0,2,0,2710,A
4-HA,856,0,2684,0,1,2685,T
4-HA,857,11,2,0,2704,2717,C
4-HA,858,2705,0,5,0,2710,A
4-HA,859,0,6,2746,0,2752,G
4-HA,860,2753,0,1,0,2754,A
4-HA,861,2,2744,0,1,2747,T
4-HA,862,3,2,2737,0,2742,G
4-HA,863,5,4,1,2689,2699,C
4-HA,864,2697,1,3,0,2701,A
4-HA,865,4,0,0,2755,2759,C
4-HA,866,14,0,0,2718,2732,C
4-HA,867,10,0,0,2725,2735,C
4-HA,868,2697,0,1,0,2698,A
4-HA,869,0,2691,2,0,2693,T
4-HA,870,0,2685,0,2,2687,T
4-HA,871,2,17,2686,1,2706,G
4-HA,872,1,2,2694,1,2698,G
4-HA,873,0,1,0,2706,2707,C
4-HA,874,2664,0,1,0,2665,A
4-HA,875,2660,1,0,0,2661,A
4-HA,876,2709,0,1,0,2710,A
4-HA,877,0,2710,0,1,2711,T
4-HA,878,0,3,2711,0,2714,G
4-HA,879,1,2,1,2712,2716,C
4-HA,880,2674,2,0,1,2677,A
4-HA,881,2716,0,2,0,2718,A
4-HA,882,0,2719,0,0,2719,T
4-HA,883,0,2723,0,1,2724,T
4-HA,884,10,0,1,2719,2730,C
4-HA,885,0,2680,0,0,2680,T
4-HA,886,0,14,2688,0,2702,G
4-HA,887,2697,0,0,0,2697,A
4-HA,888,2714,0,2,0,2716,A
4-HA,889,0,2714,0,1,2715,T
4-HA,890,0,2,2662,0,2664,G
4-HA,891,2,0,0,2676,2678,C
4-HA,892,2671,2,0,0,2673,A
4-HA,893,0,2669,0,0,2669,T
4-HA,894,15,1,0,2652,2668,C
4-HA,895,2660,1,2,0,2663,A
4-HA,896,2,0,0,2743,2745,C
4-HA,897,0,2713,0,4,2717,T
4-HA,898,20,1,0,2712,2733,C
4-HA,899,9,2,0,2715,2726,C
4-HA,900,2739,1,0,1,2741,A
4-HA,901,2734,0,1,0,2735,A
4-HA,902,2731,0,2,0,2733,A
4-HA,903,0,2638,0,0,2638,T
4-HA,904,2,6,2638,0,2646,G
4-HA,905,3,5,2649,0,2657,G
4-HA,906,2664,0,0,1,2665,A
4-HA,907,2639,3,6,0,2648,A
4-HA,908,1,5,2647,0,2653,G
4-HA,909,3,0,0,2618,2621,C
4-HA,910,2603,0,1,0,2604,A
4-HA,911,0,2615,0,1,2616,T
4-HA,912,1,2610,0,1,2612,T
4-HA,913,13,1,0,2681,2695,C
4-HA,914,4,0,0,2678,2682,C
4-HA,915,9,0,0,2673,2682,C
4-HA,916,2676,1,2,0,2679,A
4-HA,917,2697,0,0,4,2701,A
4-HA,918,1,2727,0,0,2728,T
4-HA,919,0,22,2706,1,2729,G
4-HA,920,2721,0,4,0,2725,A
4-HA,921,4,1,1,2724,2730,C
4-HA,922,2624,0,0,0,2624,A
4-HA,923,2628,0,1,0,2629,A
4-HA,924,2615,1,3,1,2620,A
4-HA,925,0,1,0,2631,2632,C
4-HA,926,20,1,0,2576,2597,C
4-HA,927,2559,0,0,0,2559,A
4-HA,928,1,2554,0,5,2560,T
4-HA,929,0,2560,0,1,2561,T
4-HA,930,16,0,0,2560,2576,C
4-HA,931,10,2,0,2569,2581,C
4-HA,932,2571,0,0,0,2571,A
4-HA,933,2566,0,0,0,2566,A
4-HA,934,2557,0,0,0,2557,A
4-HA,935,2601,0,0,0,2601,A
4-HA,936,0,2590,0,0,2590,T
4-HA,937,0,3,2584,0,2587,G
4-HA,938,0,2570,0,2,2572,T
4-HA,939,1,2563,0,0,2564,T
4-HA,940,2607,0,2,0,2609,A
4-HA,941,2608,0,0,0,2608,A
4-HA,942,0,1,0,2612,2613,C
4-HA,943,2584,1,0,0,2585,A
4-HA,944,1,5,2590,0,2596,G
4-HA,945,0,8,2589,0,2597,G
4-HA,946,2619,1,2,0,2622,A
4-HA,947,0,2626,0,2,2628,T
4-HA,948,13,0,1,2622,2636,C
4-HA,949,2652,1,3,1,2657,A
4-HA,950,4,0,0,2721,2725,C
4-HA,951,2719,0,0,0,2719,A
4-HA,952,0,2778,0,1,2779,T
4-HA,953,2728,2,2,0,2732,A
4-HA,954,5,3,0,2689,2697,C
4-HA,955,3,12,2587,0,2602,G
4-HA,956,0,9,2609,2,2620,G
4-HA,957,0,8,2595,0,2603,G
4-HA,958,29,0,2570,0,2599,G
4-HA,959,2,0,0,2533,2535,C
4-HA,960,12,0,0,2514,2526,C
4-HA,961,0,2438,0,6,2444,T
4-HA,962,0,3,2625,0,2628,G
4-HA,963,0,2618,0,3,2621,T
4-HA,964,15,0,0,2621,2636,C
4-HA,965,6,0,0,2634,2640,C
4-HA,966,10,1,0,2623,2634,C
4-HA,967,2622,0,2,1,2625,A
4-HA,968,2,4,2634,0,2640,G
4-HA,969,2638,0,0,0,2638,A
4-HA,970,0,2624,0,2,2626,T
4-HA,971,2384,0,2,0,2386,A
4-HA,972,0,2345,0,1,2346,T
4-HA,973,2,2,2348,0,2352,G
4-HA,974,1,2330,0,3,2334,T
4-HA,975,0,2291,0,1,2292,T
4-HA,976,2307,1,0,0,2308,A
4-HA,977,2286,0,1,0,2287,A
4-HA,978,0,3,2304,0,2307,G
4-HA,979,2,0,0,2300,2302,C
4-HA,980,2253,0,2,0,2255,A
4-HA,981,2245,2,1,1,2249,A
4-HA,982,2232,0,0,1,2233,A
4-HA,983,2237,1,1,0,2239,A
4-HA,984,3,0,0,2240,2243,C
4-HA,985,2211,0,2,0,2213,A
4-HA,986,3,2,0,2232,2237,C
4-HA,987,1,2192,0,0,2193,T
4-HA,988,9,1,0,2192,2202,C
4-HA,989,0,2201,0,3,2204,T
4-HA,990,1,10,2214,0,2225,G
4-HA,991,2221,0,0,0,2221,A
4-HA,992,2212,0,2,0,2214,A
4-HA,993,2216,0,1,0,2217,A
4-HA,994,0,2200,0,0,2200,T
4-HA,995,0,2186,1,0,2187,T
4-HA,996,0,7,2199,0,2206,G
4-HA,997,0,1,2211,0,2212,G
4-HA,998,3,1,1,2208,2213,C
4-HA,999,2181,0,3,0,2184,A
4-HA,1000,2177,4,1,0,2182,A
4-HA,1001,2,0,0,2188,2190,C
4-HA,1002,2178,0,2,0,2180,A
4-HA,1003,0,12,2192,0,2204,G
4-HA,1004,0,4,2186,0,2190,G
4-HA,1005,1,7,2173,0,2181,G
4-HA,1006,2177,0,2,0,2179,A
4-HA,1007,0,2171,0,1,2172,T
4-HA,1008,0,4,2174,0,2178,G
4-HA,1009,1,0,0,2172,2173,C
4-HA,1010,2,6,2170,0,2178,G
4-HA,1011,2199,0,0,0,2199,A
4-HA,1012,2147,0,0,0,2147,A
4-HA,1013,2165,1,0,0,2166,A
4-HA,1014,0,2123,0,0,2123,T
4-HA,1015,0,1,2148,0,2149,G
4-HA,1016,0,2142,0,2,2144,T
4-HA,1017,2134,0,2,0,2136,A
4-HA,1018,1,1,0,2141,2143,C
4-HA,1019,9,1,0,2113,2123,C
4-HA,1020,2079,1,0,1,2081,A
4-HA,1021,0,6,2075,2,2083,G
4-HA,1022,2038,0,1,0,2039,A
4-HA,1023,0,11,2049,0,2060,G
4-HA,1024,2016,0,0,0,2016,A
4-HA,1025,2016,0,0,0,2016,A
4-HA,1026,2019,0,3,1,2023,A
4-HA,1027,1,1,0,2020,2022,C
4-HA,1028,2017,0,0,0,2017,A
4-HA,1029,2039,0,1,0,2040,A
4-HA,1030,2035,0,1,0,2036,A
4-HA,1031,0,0,0,2052,2052,C
4-HA,1032,0,2031,0,0,2031,T
4-HA,1033,2015,0,1,0,2016,A
4-HA,1034,0,0,2016,0,2016,G
4-HA,1035,1995,0,2,0,1997,A
4-HA,1036,0,8,2024,0,2032,G
4-HA,1037,0,1,2026,0,2027,G
4-HA,1038,1,1,0,1975,1977,C
4-HA,1039,1977,0,5,0,1982,A
4-HA,1040,0,1956,0,2,1958,T
4-HA,1041,1970,0,1,0,1971,A
4-HA,1042,0,1962,0,0,1962,T
4-HA,1043,0,1958,0,0,1958,T
4-HA,1044,0,1953,1,0,1954,T
4-HA,1045,3,3,1862,0,1868,G
4-HA,1046,0,2,1861,0,1863,G
4-HA,1047,1,0,0,1866,1867,C
4-HA,1048,2,2,1857,0,1861,G
4-HA,1049,0,0,0,1848,1848,C
4-HA,1050,1826,0,1,0,1827,A
4-HA,1051,1848,0,1,0,1849,A
4-HA,1052,0,1851,0,1,1852,T
4-HA,1053,28,0,0,1816,1844,C
4-HA,1054,2,2,1846,1,1851,G
4-HA,1055,2,2,0,1830,1834,C
4-HA,1056,2,6,1830,0,1838,G
4-HA,1057,0,4,1840,0,1844,G
4-HA,1058,0,1,1848,0,1849,G
4-HA,1059,0,1838,1,1,1840,T
4-HA,1060,0,1791,0,3,1794,T
4-HA,1061,0,1786,0,3,1789,T
4-HA,1062,7,3,0,1784,1794,C
4-HA,1063,1792,1,1,0,1794,A
4-HA,1064,0,1797,0,0,1797,T
4-HA,1065,1795,0,0,0,1795,A
4-HA,1066,0,3,1812,0,1815,G
4-HA,1067,1745,0,0,0,1745,A
4-HA,1068,1748,0,0,0,1748,A
4-HA,1069,1749,0,3,1,1753,A
4-HA,1070,1752,0,2,0,1754,A
4-HA,1071,0,1743,0,1,1744,T
4-HA,1072,2,2,1746,0,1750,G
4-HA,1073,2,1,1750,0,1753,G
4-HA,1074,2,1731,0,0,1733,T
4-HA,1075,1,1676,0,0,1677,T
4-HA,1076,0,5,1660,0,1665,G
4-HA,1077,2,5,1650,0,1657,G
4-HA,1078,0,3,1656,1,1660,G
4-HA,1079,1628,0,3,0,1631,A
4-HA,1080,1,7,1623,0,1631,G
4-HA,1081,0,5,1595,0,1600,G
4-HA,1082,2,8,1612,0,1622,G
4-HA,1083,1620,0,2,0,1622,A
4-HA,1084,1642,0,1,0,1643,A
4-HA,1085,0,1638,0,2,1640,T
4-HA,1086,1,7,1624,0,1632,G
4-HA,1087,0,1,1653,0,1654,G
4-HA,1088,0,1631,0,2,1633,T
4-HA,1089,0,10,1623,0,1633,G
4-HA,1090,2,3,1618,0,1623,G
4-HA,1091,1584,0,1,0,1585,A
4-HA,1092,1,1591,0,0,1592,T
4-HA,1093,2,7,1605,1,1615,G
4-HA,1094,0,0,1639,0,1639,G
4-HA,1095,0,1622,0,0,1622,T
4-HA,1096,1,1584,0,1,1586,T
4-HA,1097,0,5,1580,0,1585,G
4-HA,1098,1,1,1597,1,1600,G
4-HA,1099,0,1601,0,0,1601,T
4-HA,1100,1600,0,0,0,1600,A
4-HA,1101,1,3,0,1536,1540,C
4-HA,1102,1,5,1538,0,1544,G
4-HA,1103,0,2,1587,0,1589,G
4-HA,1104,0,1583,0,3,1586,T
4-HA,1105,0,1580,0,0,1580,T
4-HA,1106,0,1578,0,1,1579,T
4-HA,1107,4,0,0,1542,1546,C
4-HA,1108,1537,0,1,0,1538,A
4-HA,1109,0,1,1532,0,1533,G
4-HA,1110,0,0,1530,0,1530,G
4-HA,1111,0,2,0,1520,1522,C
4-HA,1112,1470,0,0,0,1470,A
4-HA,1113,1,1472,0,2,1475,T
4-HA,1114,4,0,0,1474,1478,C
4-HA,1115,1478,0,1,0,1479,A
4-HA,1116,1480,1,1,0,1482,A
4-HA,1117,1482,0,0,0,1482,A
4-HA,1118,1488,0,0,0,1488,A
4-HA,1119,0,1486,0,0,1486,T
4-HA,1120,0,1487,0,0,1487,T
4-HA,1121,2,0,0,1487,1489,C
4-HA,1122,0,1471,0,1,1472,T
4-HA,1123,2,2,1469,0,1473,G
4-HA,1124,1467,0,1,0,1468,A
4-HA,1125,1455,0,0,0,1455,A
4-HA,1126,1,3,1465,0,1469,G
4-HA,1127,1,4,1480,0,1485,G
4-HA,1128,1483,0,1,0,1484,A
4-HA,1129,1475,1,5,0,1481,A
4-HA,1130,1,2,1464,0,1467,G
4-HA,1131,1479,1,4,0,1484,A
4-HA,1132,0,4,1483,0,1487,G
4-HA,1133,0,5,1493,0,1498,G
4-HA,1134,1500,1,0,0,1501,A
4-HA,1135,2,0,0,1496,1498,C
4-HA,1136,1477,0,1,0,1478,A
4-HA,1137,1470,0,3,0,1473,A
4-HA,1138,0,0,1479,0,1479,G
4-HA,1139,0,1,0,1477,1478,C
4-HA,1140,1458,3,2,0,1463,A
4-HA,1141,0,0,1456,0,1456,G
4-HA,1142,2,0,0,1450,1452,C
4-HA,1143,1443,0,2,0,1445,A
4-HA,1144,0,5,1467,0,1472,G
4-HA,1145,1458,0,0,0,1458,A
4-HA,1146,1,1476,1,0,1478,T
4-HA,1147,4,0,0,1482,1486,C
4-HA,1148,2,1470,0,3,1475,T
4-HA,1149,5,1,0,1487,1493,C
4-HA,1150,1482,0,1,0,1483,A
4-HA,1151,1481,0,1,0,1482,A
4-HA,1152,1482,0,2,1,1485,A
4-HA,1153,1456,0,1,0,1457,A
4-HA,1154,0,3,1459,0,1462,G
4-HA,1155,0,0,0,1431,1431,C
4-HA,1156,1429,0,0,0,1429,A
4-HA,1157,1,3,0,1451,1455,C
4-HA,1158,0,1442,0,3,1445,T
4-HA,1159,10,0,0,1447,1457,C
4-HA,1160,1451,0,1,0,1452,A
4-HA,1161,1480,0,1,0,1481,A
4-HA,1162,1,0,1481,0,1482,G
4-HA,1163,1,1,0,1474,1476,C
4-HA,1164,1459,0,3,0,1462,A
4-HA,1165,0,1,1473,0,1474,G
4-HA,1166,0,1,0,1454,1455,C
4-HA,1167,1450,0,0,0,1450,A
4-HA,1168,1450,0,0,0,1450,A
4-HA,1169,0,1440,0,1,1441,T
4-HA,1170,4,1,0,1419,1424,C
4-HA,1171,7,9,1418,0,1434,G
4-HA,1172,1425,0,2,0,1427,A
4-HA,1173,1,1422,0,0,1423,T
4-HA,1174,10,1,0,1405,1416,C
4-HA,1175,1415,0,0,0,1415,A
4-HA,1176,1453,0,0,0,1453,A
4-HA,1177,1457,0,0,0,1457,A
4-HA,1178,0,1454,0,0,1454,T
4-HA,1179,8,1,1,1454,1464,C
4-HA,1180,1441,0,1,0,1442,A
4-HA,1181,1446,0,1,2,1449,A
4-HA,1182,0,1447,0,0,1447,T
4-HA,1183,1,4,1442,0,1447,G
4-HA,1184,2,1,1439,1,1443,G
4-HA,1185,0,4,1424,0,1428,G
4-HA,1186,1435,0,1,0,1436,A
4-HA,1187,1427,0,0,0,1427,A
4-HA,1188,0,1,1453,0,1454,G
4-HA,1189,1,1,0,1450,1452,C
4-HA,1190,2,1435,0,0,1437,T
4-HA,1191,0,5,1487,0,1492,G
4-HA,1192,1492,0,1,0,1493,A
4-HA,1193,1488,1,3,0,1492,A
4-HA,1194,0,1493,0,0,1493,T
4-HA,1195,1461,0,0,0,1461,A
4-HA,1196,1,2,1456,0,1459,G
4-HA,1197,1354,0,3,0,1357,A
4-HA,1198,0,1364,0,1,1365,T
4-HA,1199,0,1368,0,0,1368,T
4-HA,1200,0,3,1371,0,1374,G
4-HA,1201,1366,0,0,0,1366,A
4-HA,1202,0,1360,0,1,1361,T
4-HA,1203,2,1,0,1369,1372,C
4-HA,1204,2,3,1358,0,1363,G
4-HA,1205,2,2,1358,0,1362,G
4-HA,1206,1,6,1359,0,1366,G
4-HA,1207,1361,0,0,0,1361,A
4-HA,1208,1363,0,1,0,1364,A
4-HA,1209,1353,0,3,0,1356,A
4-HA,1210,1353,2,1,0,1356,A
4-HA,1211,1,0,0,1363,1364,C
4-HA,1212,5,0,1,1354,1360,C
4-HA,1213,1350,0,0,0,1350,A
4-HA,1214,1351,0,0,0,1351,A
4-HA,1215,1,0,0,1355,1356,C
4-HA,1216,1,7,1351,0,1359,G
4-HA,1217,1356,0,0,0,1356,A
4-HA,1218,2,2,1353,0,1357,G
4-HA,1219,1348,0,0,0,1348,A
4-HA,1220,1350,0,0,0,1350,A
4-HA,1221,1352,1,0,0,1353,A
4-HA,1222,0,1359,0,1,1360,T
4-HA,1223,1,1351,1,2,1355,T
4-HA,1224,1,0,0,1349,1350,C
4-HA,1225,2,1,0,1346,1349,C
4-HA,1226,1348,2,1,0,1351,A
4-HA,1227,1,1344,0,2,1347,T
4-HA,1228,4,0,0,1342,1346,C
4-HA,1229,1336,0,1,0,1337,A
4-HA,1230,0,3,1341,0,1344,G
4-HA,1231,1333,1,0,1,1335,A
4-HA,1232,0,1334,0,0,1334,T
4-HA,1233,0,1320,0,0,1320,T
4-HA,1234,0,6,1328,0,1334,G
4-HA,1235,1332,0,0,0,1332,A
4-HA,1236,1333,0,1,1,1335,A
4-HA,1237,1338,0,0,0,1338,A
4-HA,1238,1335,0,0,0,1335,A
4-HA,1239,1309,1,2,0,1312,A
4-HA,1240,0,1,1317,0,1318,G
4-HA,1241,1312,0,1,1,1314,A
4-HA,1242,1322,0,0,0,1322,A
4-HA,1243,0,1300,0,1,1301,T
4-HA,1244,1,1297,0,0,1298,T
4-HA,1245,4,0,0,1300,1304,C
4-HA,1246,1,1297,0,2,1300,T
4-HA,1247,4,0,0,1291,1295,C
4-HA,1248,1298,0,0,0,1298,A
4-HA,1249,0,2,1293,0,1295,G
4-HA,1250,1286,0,0,0,1286,A
4-HA,1251,1283,0,0,0,1283,A
4-HA,1252,2,0,1298,0,1300,G
4-HA,1253,0,1287,0,0,1287,T
4-HA,1254,5,0,0,1285,1290,C
4-HA,1255,1,1,1286,0,1288,G
4-HA,1256,1288,0,0,0,1288,A
4-HA,1257,1286,1,1,0,1288,A
4-HA,1258,0,3,1284,0,1287,G
4-HA,1259,0,2,1300,0,1302,G
4-HA,1260,0,6,1293,0,1299,G
4-HA,1261,1256,0,3,0,1259,A
4-HA,1262,0,5,1257,0,1262,G
4-HA,1263,1257,0,2,0,1259,A
4-HA,1264,1329,0,0,0,1329,A
4-HA,1265,0,1330,0,1,1331,T
4-HA,1266,0,1328,0,2,1330,T
4-HA,1267,5,0,0,1326,1331,C
4-HA,1268,1301,0,2,0,1303,A
4-HA,1269,0,1,1310,0,1311,G
4-HA,1270,1,5,1303,0,1309,G
4-HA,1271,1297,0,1,0,1298,A
4-HA,1272,1,1,0,1300,1302,C
4-HA,1273,2,0,0,1203,1205,C
4-HA,1274,0,1191,0,2,1193,T
4-HA,1275,0,1161,0,39,1200,T
4-HA,1276,0,4,1202,0,1206,G
4-HA,1277,1204,1,0,0,1205,A
4-HA,1278,1,4,1224,0,1229,G
4-HA,1279,1209,0,2,0,1211,A
4-HA,1280,1120,0,0,0,1120,A
4-HA,1281,1108,0,1,0,1109,A
4-HA,1282,0,1090,0,1,1091,T
4-HA,1283,1108,0,0,0,1108,A
4-HA,1284,0,1097,0,1,1098,T
4-HA,1285,1,0,1101,0,1102,G
4-HA,1286,0,1099,0,3,1102,T
4-HA,1287,0,1071,0,0,1071,T
4-HA,1288,1,3,1068,0,1072,G
4-HA,1289,1053,0,1,0,1054,A
4-HA,1290,0,4,1054,1,1059,G
4-HA,1291,0,5,1044,0,1049,G
4-HA,1292,1029,1,3,0,1033,A
4-HA,1293,0,0,0,1060,1060,C
4-HA,1294,1048,0,1,0,1049,A
4-HA,1295,0,0,1,1072,1073,C
4-HA,1296,3,0,0,1075,1078,C
4-HA,1297,1076,0,0,0,1076,A
4-HA,1298,1098,0,1,0,1099,A
4-HA,1299,1096,0,0,0,1096,A
4-HA,1300,1115,1,0,1,1117,A
4-HA,1301,0,1117,0,0,1117,T
4-HA,1302,1081,0,0,0,1081,A
4-HA,1303,1,2,1094,0,1097,G
4-HA,1304,1079,0,0,0,1079,A
4-HA,1305,0,1100,0,0,1100,T
4-HA,1306,3,0,0,1094,1097,C
4-HA,1307,0,1084,0,1,1085,T
4-HA,1308,2,0,0,1106,1108,C
4-HA,1309,0,1105,0,0,1105,T
4-HA,1310,0,3,1119,0,1122,G
4-HA,1311,1,1,1146,0,1148,G
4-HA,1312,2,1139,0,4,1145,T
4-HA,1313,19,0,0,1127,1146,C
4-HA,1314,1146,0,0,1,1147,A
4-HA,1315,0,1151,0,0,1151,T
4-HA,1316,1151,0,1,1,1153,A
4-HA,1317,1,1,0,1143,1145,C
4-HA,1318,1118,0,0,1,1119,A
4-HA,1319,1122,0,1,1,1124,A
4-HA,1320,0,0,0,1101,1101,C
4-HA,1321,2,0,1099,0,1101,G
4-HA,1322,3,2,0,1094,1099,C
4-HA,1323,2,3,1085,0,1090,G
4-HA,1324,0,2,1086,1,1089,G
4-HA,1325,1087,0,1,1,1089,A
4-HA,1326,0,2,1109,0,1111,G
4-HA,1327,1,0,0,1107,1108,C
4-HA,1328,0,1097,0,2,1099,T
4-HA,1329,0,1101,1,3,1105,T
4-HA,1330,1,1,0,1108,1110,C
4-HA,1331,0,1116,0,1,1117,T
4-HA,1332,0,1120,0,1,1121,T
4-HA,1333,1,0,1118,0,1119,G
4-HA,1334,0,1119,0,0,1119,T
4-HA,1335,0,1095,0,0,1095,T
4-HA,1336,1,0,1116,0,1117,G
4-HA,1337,2,0,0,1118,1120,C
4-HA,1338,6,0,0,1109,1115,C
4-HA,1339,4,0,0,1118,1122,C
4-HA,1340,0,1119,0,2,1121,T
4-HA,1341,0,1,1130,0,1131,G
4-HA,1342,0,7,1126,0,1133,G
4-HA,1343,1131,0,2,0,1133,A
4-HA,1344,2,7,1133,0,1142,G
4-HA,1345,1115,0,0,0,1115,A
4-HA,1346,1122,0,1,0,1123,A
4-HA,1347,0,0,0,1138,1138,C
4-HA,1348,9,0,0,1126,1135,C
4-HA,1349,1131,0,2,0,1133,A
4-HA,1350,1167,0,2,0,1169,A
4-HA,1351,2,1,1,1169,1173,C
4-HA,1352,1177,0,0,0,1177,A
4-HA,1353,0,1172,0,1,1173,T
4-HA,1354,1167,0,2,0,1169,A
4-HA,1355,0,0,0,1195,1195,C
4-HA,1356,1166,0,0,0,1166,A
4-HA,1357,1165,0,0,0,1165,A
4-HA,1358,0,1166,0,0,1166,T
4-HA,1359,0,1126,0,0,1126,T
4-HA,1360,0,7,1133,1,1141,G
4-HA,1361,1148,0,1,0,1149,A
4-HA,1362,0,1144,0,2,1146,T
4-HA,1363,5,1,1,1144,1151,C
4-HA,1364,0,1116,0,2,1118,T
4-HA,1365,1128,0,0,0,1128,A
4-HA,1366,1125,1,1,0,1127,A
4-HA,1367,0,0,0,1126,1126,C
4-HA,1368,0,1118,0,1,1119,T
4-HA,1369,0,10,1109,0,1119,G
4-HA,1370,1120,0,0,0,1120,A
4-HA,1371,0,0,0,1125,1125,C
4-HA,1372,0,1123,0,2,1125,T
4-HA,1373,2,0,0,1122,1124,C
4-HA,1374,1116,1,0,0,1117,A
4-HA,1375,1,2,1145,0,1148,G
4-HA,1376,1145,1,0,0,1146,A
4-HA,1377,1148,0,0,0,1148,A
4-HA,1378,1148,0,0,0,1148,A
4-HA,1379,0,1142,0,0,1142,T
4-HA,1380,1,7,1145,0,1153,G
4-HA,1381,1148,1,1,0,1150,A
4-HA,1382,1151,0,2,0,1153,A
4-HA,1383,2,0,0,1156,1158,C
4-HA,1384,1136,0,0,1,1137,A
4-HA,1385,1138,0,0,0,1138,A
4-HA,1386,1137,0,0,0,1137,A
4-HA,1387,2,0,0,1139,1141,C
4-HA,1388,0,1133,0,0,1133,T
4-HA,1389,0,0,1142,0,1142,G
4-HA,1390,0,1130,0,1,1131,T
4-HA,1391,0,1130,0,0,1130,T
4-HA,1392,0,1129,0,0,1129,T
4-HA,1393,0,1,1129,0,1130,G
4-HA,1394,1134,0,0,0,1134,A
4-HA,1395,1131,0,0,0,1131,A
4-HA,1396,1126,0,1,0,1127,A
4-HA,1397,1129,0,0,0,1129,A
4-HA,1398,1120,0,0,0,1120,A
4-HA,1399,1130,0,0,0,1130,A
4-HA,1400,1,0,0,1129,1130,C
4-HA,1401,1130,0,0,0,1130,A
4-HA,1402,1128,0,1,0,1129,A
4-HA,1403,1126,0,1,1,1128,A
4-HA,1404,0,4,1134,0,1138,G
4-HA,1405,1141,0,0,0,1141,A
4-HA,1406,1138,0,0,0,1138,A
4-HA,1407,1,2,1139,0,1142,G
4-HA,1408,0,0,0,1139,1139,C
4-HA,1409,1136,0,0,0,1136,A
4-HA,1410,1144,0,2,0,1146,A
4-HA,1411,0,0,1,1145,1146,C
4-HA,1412,0,1135,0,0,1135,T
4-HA,1413,0,6,1135,0,1141,G
4-HA,1414,1132,2,0,0,1134,A
4-HA,1415,0,9,1135,0,1144,G
4-HA,1416,0,4,1144,0,1148,G
4-HA,1417,1,2,1144,0,1147,G
4-HA,1418,1146,0,0,0,1146,A
4-HA,1419,1151,0,0,1,1152,A
4-HA,1420,1146,1,1,0,1148,A
4-HA,1421,1155,1,0,0,1156,A
4-HA,1422,0,1148,0,0,1148,T
4-HA,1423,1,0,1154,0,1155,G
4-HA,1424,1,0,0,1150,1151,C
4-HA,1425,0,1134,0,0,1134,T
4-HA,1426,0,4,1132,0,1136,G
4-HA,1427,1130,0,0,1,1131,A
4-HA,1428,0,1,1191,0,1192,G
4-HA,1429,0,3,1214,0,1217,G
4-HA,1430,1199,0,1,0,1200,A
4-HA,1431,0,1200,0,0,1200,T
4-HA,1432,1189,0,0,0,1189,A
4-HA,1433,1,1176,0,2,1179,T
4-HA,1434,0,5,1187,0,1192,G
4-HA,1435,0,1,1189,0,1190,G
4-HA,1436,0,0,1185,1,1186,G
4-HA,1437,3,1,0,1126,1130,C
4-HA,1438,1091,0,1,0,1092,A
4-HA,1439,1094,0,0,1,1095,A
4-HA,1440,0,1096,0,0,1096,T
4-HA,1441,0,5,1091,0,1096,G
4-HA,1442,0,0,1096,0,1096,G
4-HA,1443,0,1079,0,0,1079,T
4-HA,1444,0,1056,0,0,1056,T
4-HA,1445,1,0,1057,0,1058,G
4-HA,1446,0,1061,0,1,1062,T
4-HA,1447,0,1063,0,0,1063,T
4-HA,1448,0,1060,1,1,1062,T
4-HA,1449,7,1,0,1057,1065,C
4-HA,1450,1064,0,0,0,1064,A
4-HA,1451,1070,1,0,0,1071,A
4-HA,1452,1072,0,0,0,1072,A
4-HA,1453,1088,0,0,0,1088,A
4-HA,1454,0,1082,0,0,1082,T
4-HA,1455,1081,0,0,0,1081,A
4-HA,1456,0,1083,0,0,1083,T
4-HA,1457,1077,2,1,0,1080,A
4-HA,1458,0,0,0,1091,1091,C
4-HA,1459,3,0,0,1080,1083,C
4-HA,1460,1089,0,0,0,1089,A
4-HA,1461,1,1,0,1091,1093,C
4-HA,1462,1095,0,0,0,1095,A
4-HA,1463,1095,0,1,0,1096,A
4-HA,1464,1097,0,0,0,1097,A
4-HA,1465,0,1096,0,0,1096,T
4-HA,1466,0,0,1103,0,1103,G
4-HA,1467,0,1094,0,0,1094,T
4-HA,1468,0,11,1096,0,1107,G
4-HA,1469,1108,0,1,0,1109,A
4-HA,1470,0,2,0,1101,1103,C
4-HA,1471,1087,1,0,0,1088,A
4-HA,1472,1084,0,0,0,1084,A
4-HA,1473,0,1095,1,0,1096,T
4-HA,1474,0,2,1103,0,1105,G
4-HA,1475,0,0,0,1099,1099,C
4-HA,1476,1,0,0,1099,1100,C
4-HA,1477,1,1084,0,1,1086,T
4-HA,1478,0,0,1134,0,1134,G
4-HA,1479,0,1,0,1134,1135,C
4-HA,1480,1133,0,0,0,1133,A
4-HA,1481,0,1134,0,1,1135,T
4-HA,1482,1098,1,1,0,1100,A
4-HA,1483,0,5,1103,0,1108,G
4-HA,1484,0,10,1092,1,1103,G
4-HA,1485,1102,0,0,0,1102,A
4-HA,1486,0,1096,0,0,1096,T
4-HA,1487,9,0,0,1028,1037,C
4-HA,1488,1035,0,0,0,1035,A
4-HA,1489,1040,0,0,0,1040,A
4-HA,1490,0,1039,0,2,1041,T
4-HA,1491,3,0,0,1037,1040,C
4-HA,1492,1019,0,0,0,1019,A
4-HA,1493,0,2,1024,0,1026,G
4-HA,1494,1029,0,0,0,1029,A
4-HA,1495,1028,0,1,0,1029,A
4-HA,1496,1027,0,0,0,1027,A
4-HA,1497,1,1023,0,0,1024,T
4-HA,1498,0,4,1017,0,1021,G
4-HA,1499,0,5,1019,0,1024,G
4-HA,1500,1025,0,1,0,1026,A
4-HA,1501,1034,0,0,0,1034,A
4-HA,1502,1,0,0,1031,1032,C
4-HA,1503,0,1019,1,0,1020,T
4-HA,1504,0,1023,0,0,1023,T
4-HA,1505,1025,0,1,0,1026,A
4-HA,1506,0,1024,0,0,1024,T
4-HA,1507,1,10,1015,0,1026,G
4-HA,1508,1028,0,0,0,1028,A
4-HA,1509,2,0,0,1032,1034,C
4-HA,1510,3,0,0,1021,1024,C
4-HA,1511,1021,0,0,0,1021,A
4-HA,1512,1,1,0,1032,1034,C
4-HA,1513,2,4,1057,0,1063,G
4-HA,1514,1081,1,1,0,1083,A
4-HA,1515,1,1098,0,0,1099,T
4-HA,1516,2,2,1132,0,1136,G
4-HA,1517,1,1130,0,0,1131,T
4-HA,1518,1157,0,3,0,1160,A
4-HA,1519,0,1157,1,2,1160,T
4-HA,1520,1155,0,0,0,1155,A
4-HA,1521,2,0,0,1152,1154,C
4-HA,1522,1055,0,0,0,1055,A
4-HA,1523,0,5,1057,0,1062,G
4-HA,1524,1006,0,0,0,1006,A
4-HA,1525,0,1,979,0,980,G
4-HA,1526,980,0,1,0,981,A
4-HA,1527,0,912,0,0,912,T
4-HA,1528,0,5,906,0,911,G
4-HA,1529,908,0,1,0,909,A
4-HA,1530,903,0,3,0,906,A
4-HA,1531,0,0,925,0,925,G
4-HA,1532,0,0,0,909,909,C
4-HA,1533,905,0,0,0,905,A
4-HA,1534,0,898,1,2,901,T
4-HA,1535,0,894,0,1,895,T
4-HA,1536,902,0,0,0,902,A
4-HA,1537,901,0,0,0,901,A
4-HA,1538,901,0,1,1,903,A
4-HA,1539,0,1,0,903,904,C
4-HA,1540,874,0,0,0,874,A
4-HA,1541,875,0,0,0,875,A
4-HA,1542,1,0,0,872,873,C
4-HA,1543,3,1,0,866,870,C
4-HA,1544,0,4,864,0,868,G
4-HA,1545,0,0,891,0,891,G
4-HA,1546,0,890,0,1,891,T
4-HA,1547,0,886,0,0,886,T
4-HA,1548,7,0,0,881,888,C
4-HA,1549,3,1,0,884,888,C
4-HA,1550,884,0,0,0,884,A
4-HA,1551,0,0,897,0,897,G
4-HA,1552,900,0,0,0,900,A
4-HA,1553,0,898,0,1,899,T
4-HA,1554,5,0,1,867,873,C
4-HA,1555,862,0,0,0,862,A
4-HA,1556,866,0,0,0,866,A
4-HA,1557,0,3,865,0,868,G
4-HA,1558,0,2,859,0,861,G
4-HA,1559,0,6,858,0,864,G
4-HA,1560,828,1,0,0,829,A
4-HA,1561,0,1,838,0,839,G
4-HA,1562,0,838,0,2,840,T
4-HA,1563,0,838,0,0,838,T
4-HA,1564,0,5,845,0,850,G
4-HA,1565,846,0,0,0,846,A
4-HA,1566,0,0,848,0,848,G
4-HA,1567,0,2,0,845,847,C
4-HA,1568,0,834,0,1,835,T
4-HA,1569,1,2,836,0,839,G
4-HA,1570,832,1,1,0,834,A
4-HA,1571,834,0,0,0,834,A
4-HA,1572,0,0,834,0,834,G
4-HA,1573,0,819,0,0,819,T
4-HA,1574,8,0,0,809,817,C
4-HA,1575,807,0,0,0,807,A
4-HA,1576,0,3,800,0,803,G
4-HA,1577,0,2,804,0,806,G
4-HA,1578,1,0,789,0,790,G
4-HA,1579,0,814,0,0,814,T
4-HA,1580,818,0,0,0,818,A
4-HA,1581,3,0,0,813,816,C
4-HA,1582,817,0,0,0,817,A
4-HA,1583,817,0,0,0,817,A
4-HA,1584,808,0,0,0,808,A
4-HA,1585,0,3,817,0,820,G
4-HA,1586,797,0,1,0,798,A
4-HA,1587,0,780,0,0,780,T
4-HA,1588,0,772,0,0,772,T
4-HA,1589,0,1,772,0,773,G
4-HA,1590,0,3,773,0,776,G
4-HA,1591,782,0,0,0,782,A
4-HA,1592,0,785,0,0,785,T
4-HA,1593,1,0,0,769,770,C
4-HA,1594,3,0,0,758,761,C
4-HA,1595,0,751,0,0,751,T
4-HA,1596,755,0,0,0,755,A
4-HA,1597,0,755,0,0,755,T
4-HA,1598,0,1,752,0,753,G
4-HA,1599,0,4,743,0,747,G
4-HA,1600,737,0,0,0,737,A
4-HA,1601,0,733,0,1,734,T
4-HA,1602,0,724,0,0,724,T
4-HA,1603,0,716,0,2,718,T
4-HA,1604,0,0,0,722,722,C
4-HA,1605,1,0,0,716,717,C
4-HA,1606,0,704,0,0,704,T
4-HA,1607,0,704,0,0,704,T
4-HA,1608,0,700,0,0,700,T
4-HA,1609,0,0,701,0,701,G
4-HA,1610,0,0,1,700,701,C
4-HA,1611,5,0,0,696,701,C
4-HA,1612,693,0,0,0,693,A
4-HA,1613,0,692,0,1,693,T
4-HA,1614,701,0,0,0,701,A
4-HA,1615,0,700,0,1,701,T
4-HA,1616,5,1,0,689,695,C
4-HA,1617,692,0,0,0,692,A
4-HA,1618,0,678,0,0,678,T
4-HA,1619,0,1,678,0,679,G
4-HA,1620,0,677,0,0,677,T
4-HA,1621,0,662,0,0,662,T
4-HA,1622,0,658,0,1,659,T
4-HA,1623,0,641,0,0,641,T
4-HA,1624,0,637,0,0,637,T
4-HA,1625,0,637,1,1,639,T
4-HA,1626,0,0,644,0,644,G
4-HA,1627,0,0,0,642,642,C
4-HA,1628,0,630,0,1,631,T
4-HA,1629,0,630,1,0,631,T
4-HA,1630,0,632,0,0,632,T
4-HA,1631,0,1,637,0,638,G
4-HA,1632,0,639,0,1,640,T
4-HA,1633,1,1,638,0,640,G
4-HA,1634,0,639,0,1,640,T
4-HA,1635,0,625,0,2,627,T
4-HA,1636,0,1,632,0,633,G
4-HA,1637,0,0,0,632,632,C
4-HA,1638,0,624,0,0,624,T
4-HA,1639,0,626,0,0,626,T
4-HA,1640,1,592,0,0,593,T
4-HA,1641,0,0,597,0,597,G
4-HA,1642,0,593,0,0,593,T
4-HA,1643,1,593,0,0,594,T
4-HA,1644,0,3,592,0,595,G
4-HA,1645,0,2,576,0,578,G
4-HA,1646,0,1,573,0,574,G
4-HA,1647,0,0,577,0,577,G
4-HA,1648,0,555,0,1,556,T
4-HA,1649,0,548,0,0,548,T
4-HA,1650,6,1,0,530,537,C
4-HA,1651,528,0,0,0,528,A
4-HA,1652,0,529,0,0,529,T
4-HA,1653,5,0,0,519,524,C
4-HA,1654,514,0,1,0,515,A
4-HA,1655,0,499,0,0,499,T
4-HA,1656,0,0,492,0,492,G
4-HA,1657,0,481,0,0,481,T
4-HA,1658,0,1,475,0,476,G
4-HA,1659,0,1,463,0,464,G
4-HA,1660,0,0,460,0,460,G
4-HA,1661,1,0,0,448,449,C
4-HA,1662,1,0,0,441,442,C
4-HA,1663,0,411,0,0,411,T
4-HA,1664,0,2,408,0,410,G
4-HA,1665,1,0,0,407,408,C
4-HA,1666,4,0,0,406,410,C
4-HA,1667,407,0,1,0,408,A
4-HA,1668,405,0,0,0,405,A
4-HA,1669,406,0,1,0,407,A
4-HA,1670,405,0,0,0,405,A
4-HA,1671,406,0,0,0,406,A
4-HA,1672,0,2,404,0,406,G
4-HA,1673,0,0,393,0,393,G
4-HA,1674,1,0,0,383,384,C
4-HA,1675,380,0,1,0,381,A
4-HA,1676,383,0,0,1,384,A
4-HA,1677,0,0,0,384,384,C
4-HA,1678,383,0,0,0,383,A
4-HA,1679,0,383,0,0,383,T
4-HA,1680,0,378,0,0,378,T
4-HA,1681,366,0,0,0,366,A
4-HA,1682,0,2,364,0,366,G
4-HA,1683,0,1,364,0,365,G
4-HA,1684,0,355,0,0,355,T
4-HA,1685,0,0,340,0,340,G
4-HA,1686,0,0,0,325,325,C
4-HA,1687,315,0,0,0,315,A
4-HA,1688,316,0,0,0,316,A
4-HA,1689,0,0,0,315,315,C
4-HA,1690,311,0,0,0,311,A
4-HA,1691,0,301,0,0,301,T
4-HA,1692,0,273,0,0,273,T
4-HA,1693,1,272,0,0,273,T
4-HA,1694,0,0,273,0,273,G
4-HA,1695,0,0,0,271,271,C
4-HA,1696,267,0,0,0,267,A
4-HA,1697,0,255,0,0,255,T
4-HA,1698,0,242,0,0,242,T
4-HA,1699,0,232,1,0,233,T
4-HA,1700,0,0,233,0,233,G
4-HA,1701,223,0,0,0,223,A
5-NP,1,620,0,0,0,620,A
5-NP,2,0,621,0,0,621,T
5-NP,3,0,0,623,0,623,G
5-NP,4,0,0,626,0,626,G
5-NP,5,1,0,0,629,630,C
5-NP,6,1,2,662,0,665,G
5-NP,7,1,701,0,0,702,T
5-NP,8,0,0,0,713,713,C
5-NP,9,1,0,0,719,720,C
5-NP,10,0,0,0,722,722,C
5-NP,11,723,0,0,0,723,A
5-NP,12,724,0,0,0,724,A
5-NP,13,0,4,733,0,737,G
5-NP,14,1,1,762,1,765,G
5-NP,15,0,0,0,765,765,C
5-NP,16,770,0,0,0,770,A
5-NP,17,0,0,0,782,782,C
5-NP,18,1,0,0,780,781,C
5-NP,19,785,0,0,0,785,A
5-NP,20,783,0,1,0,784,A
5-NP,21,787,0,0,0,787,A
5-NP,22,0,7,0,782,789,C
5-NP,23,1,7,786,0,794,G
5-NP,24,0,0,871,0,871,G
5-NP,25,0,869,0,2,871,T
5-NP,26,5,1,0,954,960,C
5-NP,27,0,957,0,1,958,T
5-NP,28,0,972,0,0,972,T
5-NP,29,971,0,0,0,971,A
5-NP,30,0,971,1,0,972,T
5-NP,31,0,11,975,0,986,G
5-NP,32,979,1,1,0,981,A
5-NP,33,963,0,2,0,965,A
5-NP,34,0,0,0,969,969,C
5-NP,35,952,1,0,0,953,A
5-NP,36,0,1,1008,0,1009,G
5-NP,37,1008,0,0,0,1008,A
5-NP,38,0,1013,0,0,1013,T
5-NP,39,1,4,1012,0,1017,G
5-NP,40,0,6,1012,0,1018,G
5-NP,41,1018,0,0,0,1018,A
5-NP,42,1024,0,1,0,1025,A
5-NP,43,1026,0,0,0,1026,A
5-NP,44,0,0,1,1059,1060,C
5-NP,45,0,1048,0,2,1050,T
5-NP,46,1,4,1060,0,1065,G
5-NP,47,1060,0,1,0,1061,A
5-NP,48,0,1061,0,0,1061,T
5-NP,49,0,4,1060,0,1064,G
5-NP,50,2,7,1062,0,1071,G
5-NP,51,0,3,1069,0,1072,G
5-NP,52,0,3,1075,0,1078,G
5-NP,53,1065,0,2,0,1067,A
5-NP,54,0,1069,0,0,1069,T
5-NP,55,4,0,0,1076,1080,C
5-NP,56,0,0,1087,0,1087,G
5-NP,57,0,1,0,1100,1101,C
5-NP,58,2,1,0,1103,1106,C
5-NP,59,1104,0,0,1,1105,A
5-NP,60,0,6,1109,0,1115,G
5-NP,61,1110,0,0,0,1110,A
5-NP,62,1127,0,0,0,1127,A
5-NP,63,0,1121,0,1,1122,T
5-NP,64,0,0,1122,0,1122,G
5-NP,65,2,0,0,1143,1145,C
5-NP,66,1137,0,2,0,1139,A
5-NP,67,1153,0,0,0,1153,A
5-NP,68,1,1,0,1152,1154,C
5-NP,69,0,1150,0,0,1150,T
5-NP,70,1,5,1155,0,1161,G
5-NP,71,1172,2,0,0,1174,A
5-NP,72,0,2,1239,0,1241,G
5-NP,73,1234,0,1,0,1235,A
5-NP,74,0,1232,0,0,1232,T
5-NP,75,0,1233,0,0,1233,T
5-NP,76,1229,0,0,0,1229,A
5-NP,77,1,7,1229,0,1237,G
5-NP,78,0,4,1231,1,1236,G
5-NP,79,0,1,1231,0,1232,G
5-NP,80,0,0,0,1229,1229,C
5-NP,81,1212,0,1,0,1213,A
5-NP,82,0,1219,0,2,1221,T
5-NP,83,1,0,0,1228,1229,C
5-NP,84,1,0,1,1228,1230,C
5-NP,85,1,2,1238,0,1241,G
5-NP,86,0,1239,0,0,1239,T
5-NP,87,5,1,0,1227,1233,C
5-NP,88,1,9,1225,0,1235,G
5-NP,89,0,2,1238,0,1240,G
5-NP,90,0,1,1245,0,1246,G
5-NP,91,1241,1,0,1,1243,A
5-NP,92,1240,0,2,0,1242,A
5-NP,93,0,3,1243,0,1246,G
5-NP,94,1243,0,0,0,1243,A
5-NP,95,0,1248,0,0,1248,T
5-NP,96,0,3,1251,0,1254,G
5-NP,97,1262,0,0,0,1262,A
5-NP,98,0,1264,0,0,1264,T
5-NP,99,0,1254,0,0,1254,T
5-NP,100,0,5,1252,1,1258,G
5-NP,101,1253,0,2,0,1255,A
5-NP,102,0,1255,0,2,1257,T
5-NP,103,0,2,1249,0,1251,G
5-NP,104,0,6,1241,0,1247,G
5-NP,105,0,3,1239,0,1242,G
5-NP,106,1309,1,2,0,1312,A
5-NP,107,0,1312,0,0,1312,T
5-NP,108,0,1314,0,0,1314,T
5-NP,109,0,4,1317,0,1321,G
5-NP,110,1,0,1324,0,1325,G
5-NP,111,0,6,1317,1,1324,G
5-NP,112,1319,0,2,1,1322,A
5-NP,113,3,5,1309,0,1317,G
5-NP,114,1297,0,0,0,1297,A
5-NP,115,0,1319,0,0,1319,T
5-NP,116,0,1322,1,0,1323,T
5-NP,117,4,0,0,1330,1334,C
5-NP,118,0,1328,0,2,1330,T
5-NP,119,1334,0,0,0,1334,A
5-NP,120,0,2,0,1336,1338,C
5-NP,121,1369,1,0,0,1370,A
5-NP,122,1,1376,0,0,1377,T
5-NP,123,2,1,0,1363,1366,C
5-NP,124,6,0,0,1362,1368,C
5-NP,125,1370,0,0,1,1371,A
5-NP,126,1391,0,0,0,1391,A
5-NP,127,1388,0,0,0,1388,A
5-NP,128,0,1376,0,0,1376,T
5-NP,129,0,0,1382,0,1382,G
5-NP,130,0,1366,0,2,1368,T
5-NP,131,1,1,1369,0,1371,G
5-NP,132,1,1,0,1374,1376,C
5-NP,133,1365,0,1,0,1366,A
5-NP,134,1,0,0,1371,1372,C
5-NP,135,0,1343,0,0,1343,T
5-NP,136,1,6,1386,0,1393,G
5-NP,137,1408,0,0,0,1408,A
5-NP,138,1437,1,0,0,1438,A
5-NP,139,0,0,0,1455,1455,C
5-NP,140,0,1447,0,1,1448,T
5-NP,141,0,1444,0,0,1444,T
5-NP,142,1456,0,0,0,1456,A
5-NP,143,1452,0,1,0,1453,A
5-NP,144,1462,0,0,0,1462,A
5-NP,145,1,0,0,1465,1466,C
5-NP,146,0,1422,0,0,1422,T
5-NP,147,9,0,0,1421,1430,C
5-NP,148,1407,0,2,1,1410,A
5-NP,149,1,0,1432,0,1433,G
5-NP,150,0,1432,0,0,1432,T
5-NP,151,0,7,1441,0,1448,G
5-NP,152,1470,0,2,0,1472,A
5-NP,153,0,1470,0,0,1470,T
5-NP,154,6,0,0,1486,1492,C
5-NP,155,1496,0,0,0,1496,A
5-NP,156,1,1489,0,1,1491,T
5-NP,157,1,2,1490,0,1493,G
5-NP,158,1474,1,1,1,1477,A
5-NP,159,1473,0,3,0,1476,A
5-NP,160,1,5,1475,0,1481,G
5-NP,161,1,6,1454,0,1461,G
5-NP,162,1,0,1460,1,1462,G
5-NP,163,0,4,0,1445,1449,C
5-NP,164,1,3,1454,0,1458,G
5-NP,165,1,0,1463,0,1464,G
5-NP,166,1,1462,0,0,1463,T
5-NP,167,0,1467,0,0,1467,T
5-NP,168,0,8,1459,0,1467,G
5-NP,169,1608,0,2,0,1610,A
5-NP,170,0,1610,0,0,1610,T
5-NP,171,7,0,0,1603,1610,C
5-NP,172,3,1,0,1604,1608,C
5-NP,173,1608,0,2,0,1610,A
5-NP,174,0,6,1614,0,1620,G
5-NP,175,1619,0,1,0,1620,A
5-NP,176,1618,0,2,0,1620,A
5-NP,177,0,0,0,1632,1632,C
5-NP,178,1531,0,2,0,1533,A
5-NP,179,0,0,1550,0,1550,G
5-NP,180,0,0,0,1551,1551,C
5-NP,181,1,1545,0,2,1548,T
5-NP,182,1,1555,0,0,1556,T
5-NP,183,1,10,1548,0,1559,G
5-NP,184,1575,0,1,0,1576,A
5-NP,185,1,1,0,1578,1580,C
5-NP,186,1572,1,0,0,1573,A
5-NP,187,1576,0,2,0,1578,A
5-NP,188,0,1568,0,1,1569,T
5-NP,189,1570,0,0,0,1570,A
5-NP,190,0,5,1575,0,1580,G
5-NP,191,1574,0,1,0,1575,A
5-NP,192,0,5,1575,0,1580,G
5-NP,193,1571,0,0,0,1571,A
5-NP,194,1580,1,0,0,1581,A
5-NP,195,1585,0,1,0,1586,A
5-NP,196,1626,1,0,0,1627,A
5-NP,197,0,1621,0,0,1621,T
5-NP,198,0,11,1617,0,1628,G
5-NP,199,0,3,1615,1,1619,G
5-NP,200,0,1611,0,0,1611,T
5-NP,201,1590,0,0,0,1590,A
5-NP,202,2,1,0,1597,1600,C
5-NP,203,1,1596,0,1,1598,T
5-NP,204,6,0,0,1619,1625,C
5-NP,205,1,1584,0,4,1589,T
5-NP,206,7,0,0,1591,1598,C
5-NP,207,0,1594,0,0,1594,T
5-NP,208,3,0,1594,0,1597,G
5-NP,209,0,1,0,1598,1599,C
5-NP,210,0,1588,0,0,1588,T
5-NP,211,0,1584,0,0,1584,T
5-NP,212,0,1585,0,1,1586,T
5-NP,213,0,1572,0,0,1572,T
5-NP,214,1,5,1575,0,1581,G
5-NP,215,1579,0,1,1,1581,A
5-NP,216,0,1580,0,0,1580,T
5-NP,217,0,6,1571,0,1577,G
5-NP,218,1571,1,0,0,1572,A
5-NP,219,1572,1,4,0,1577,A
5-NP,220,1575,0,3,0,1578,A
5-NP,221,1,4,1579,1,1585,G
5-NP,222,1583,1,0,0,1584,A
5-NP,223,1580,0,2,0,1582,A
5-NP,224,0,5,1594,0,1599,G
5-NP,225,0,8,1630,0,1638,G
5-NP,226,1647,0,3,0,1650,A
5-NP,227,1663,0,0,0,1663,A
5-NP,228,1,1657,1,0,1659,T
5-NP,229,1659,0,0,0,1659,A
5-NP,230,1659,1,2,0,1662,A
5-NP,231,1671,1,0,0,1672,A
5-NP,232,0,1673,0,4,1677,T
5-NP,233,1677,0,3,0,1680,A
5-NP,234,2,0,0,1677,1679,C
5-NP,235,6,0,0,1639,1645,C
5-NP,236,0,1642,0,2,1644,T
5-NP,237,0,8,1644,0,1652,G
5-NP,238,0,1,1672,0,1673,G
5-NP,239,1677,0,1,0,1678,A
5-NP,240,1671,0,0,0,1671,A
5-NP,241,0,3,1698,0,1701,G
5-NP,242,1685,0,1,0,1686,A
5-NP,243,1690,0,1,0,1691,A
5-NP,244,1,0,0,1691,1692,C
5-NP,245,1686,0,0,0,1686,A
5-NP,246,1,2,0,1726,1729,C
5-NP,247,8,1,0,1702,1711,C
5-NP,248,5,1,0,1707,1713,C
5-NP,249,4,1,0,1710,1715,C
5-NP,250,1694,0,5,0,1699,A
5-NP,251,0,2,1697,0,1699,G
5-NP,252,1,1,0,1690,1692,C
5-NP,253,4,0,1688,0,1692,G
5-NP,254,3,0,0,1692,1695,C
5-NP,255,0,2,1670,0,1672,G
5-NP,256,0,4,1681,1,1686,G
5-NP,257,1,3,1677,0,1681,G
5-NP,258,1,3,1687,0,1691,G
5-NP,259,1683,0,0,0,1683,A
5-NP,260,1688,1,0,0,1689,A
5-NP,261,1683,0,2,0,1685,A
5-NP,262,2,4,1682,0,1688,G
5-NP,263,1681,0,1,0,1682,A
5-NP,264,1,1667,0,1,1669,T
5-NP,265,4,3,0,1665,1672,C
5-NP,266,0,0,0,1667,1667,C
5-NP,267,7,0,0,1671,1678,C
5-NP,268,1680,0,0,0,1680,A
5-NP,269,1683,0,0,0,1683,A
5-NP,270,1,2,1690,0,1693,G
5-NP,271,1682,0,1,0,1683,A
5-NP,272,1686,0,0,0,1686,A
5-NP,273,1682,0,3,0,1685,A
5-NP,274,1688,0,1,0,1689,A
5-NP,275,0,1,1,1684,1686,C
5-NP,276,0,1664,0,1,1665,T
5-NP,277,1,6,1646,1,1654,G
5-NP,278,0,9,1661,0,1670,G
5-NP,279,0,4,1656,1,1661,G
5-NP,280,0,5,1660,0,1665,G
5-NP,281,2,2,1675,0,1679,G
5-NP,282,0,0,1701,0,1701,G
5-NP,283,5,1,0,1805,1811,C
5-NP,284,3,0,0,1805,1808,C
5-NP,285,8,2,1,1809,1820,C
5-NP,286,2035,0,0,0,2035,A
5-NP,287,0,2043,0,0,2043,T
5-NP,288,2158,0,0,0,2158,A
5-NP,289,0,2160,0,0,2160,T
5-NP,290,2142,0,1,0,2143,A
5-NP,291,0,0,0,2158,2158,C
5-NP,292,1980,0,1,0,1981,A
5-NP,293,0,6,1998,1,2005,G
5-NP,294,0,10,1998,0,2008,G
5-NP,295,1835,0,2,0,1837,A
5-NP,296,1,11,1847,0,1859,G
5-NP,297,1767,0,3,1,1771,A
5-NP,298,1,3,1782,0,1786,G
5-NP,299,1,1779,1,0,1781,T
5-NP,300,1762,1,1,0,1764,A
5-NP,301,0,2,1770,0,1772,G
5-NP,302,1749,2,0,1,1752,A
5-NP,303,0,1749,0,0,1749,T
5-NP,304,0,4,1741,0,1745,G
5-NP,305,2,3,1754,0,1759,G
5-NP,306,1756,0,2,0,1758,A
5-NP,307,1750,3,0,1,1754,A
5-NP,308,1749,1,0,0,1750,A
5-NP,309,1760,0,0,0,1760,A
5-NP,310,0,1752,0,0,1752,T
5-NP,311,1,4,1756,0,1761,G
5-NP,312,3,6,1754,0,1763,G
5-NP,313,1758,0,0,1,1759,A
5-NP,314,0,1746,0,1,1747,T
5-NP,315,0,2,1750,0,1752,G
5-NP,316,1748,2,1,0,1751,A
5-NP,317,0,6,1749,0,1755,G
5-NP,318,0,3,1748,1,1752,G
5-NP,319,2,16,1737,0,1755,G
5-NP,320,1763,1,1,0,1765,A
5-NP,321,1761,1,0,1,1763,A
5-NP,322,1,0,0,1783,1784,C
5-NP,323,0,1777,0,1,1778,T
5-NP,324,7,1,0,1798,1806,C
5-NP,325,1,1,1815,1,1818,G
5-NP,326,0,1818,0,0,1818,T
5-NP,327,5,0,0,1822,1827,C
5-NP,328,1,0,0,1908,1909,C
5-NP,329,0,1900,0,3,1903,T
5-NP,330,0,1904,0,0,1904,T
5-NP,331,0,1902,0,1,1903,T
5-NP,332,1908,0,0,0,1908,A
5-NP,333,0,1903,0,0,1903,T
5-NP,334,1,10,1889,0,1900,G
5-NP,335,1900,0,2,0,1902,A
5-NP,336,2,1,0,1898,1901,C
5-NP,337,1857,1,0,0,1858,A
5-NP,338,1866,0,0,0,1866,A
5-NP,339,1868,1,1,0,1870,A
5-NP,340,0,3,1914,0,1917,G
5-NP,341,1913,0,1,0,1914,A
5-NP,342,1911,0,4,0,1915,A
5-NP,343,0,7,1971,0,1978,G
5-NP,344,1983,0,0,0,1983,A
5-NP,345,1986,0,2,0,1988,A
5-NP,346,1989,1,1,0,1991,A
5-NP,347,1,1985,1,1,1988,T
5-NP,348,1983,0,0,0,1983,A
5-NP,349,1958,0,3,0,1961,A
5-NP,350,0,4,1973,0,1977,G
5-NP,351,0,0,1973,0,1973,G
5-NP,352,2,0,0,1950,1952,C
5-NP,353,1,12,1934,0,1947,G
5-NP,354,1954,1,0,0,1955,A
5-NP,355,1973,1,1,0,1975,A
5-NP,356,0,1983,1,0,1984,T
5-NP,357,6,0,0,1981,1987,C
5-NP,358,1,1980,0,0,1981,T
5-NP,359,0,9,1967,1,1977,G
5-NP,360,1,1,1977,0,1979,G
5-NP,361,3,1,1,1974,1979,C
5-NP,362,1,2,1978,0,1981,G
5-NP,363,2,0,0,1979,1981,C
5-NP,364,9,0,0,1959,1968,C
5-NP,365,1988,0,0,0,1988,A
5-NP,366,2000,0,1,0,2001,A
5-NP,367,3,2,2029,0,2034,G
5-NP,368,0,1,1,2036,2038,C
5-NP,369,6,0,0,2046,2052,C
5-NP,370,2053,0,1,0,2054,A
5-NP,371,2078,0,0,0,2078,A
5-NP,372,2,4,0,2098,2104,C
5-NP,373,2097,0,0,0,2097,A
5-NP,374,2118,0,1,0,2119,A
5-NP,375,0,2105,1,0,2106,T
5-NP,376,0,12,2105,0,2117,G
5-NP,377,1,1,2122,1,2125,G
5-NP,378,0,2103,0,1,2104,T
5-NP,379,0,3,2106,0,2109,G
5-NP,380,2089,2,2,0,2093,A
5-NP,381,1,9,2127,0,2137,G
5-NP,382,0,6,2128,0,2134,G
5-NP,383,2142,1,0,0,2143,A
5-NP,384,3,2266,0,0,2269,T
5-NP,385,4,1,2261,0,2266,G
5-NP,386,0,1,0,2275,2276,C
5-NP,387,0,2269,0,5,2274,T
5-NP,388,2285,0,0,0,2285,A
5-NP,389,2,0,0,2298,2300,C
5-NP,390,2279,0,0,0,2279,A
5-NP,391,0,2265,0,1,2266,T
5-NP,392,2,0,0,2251,2253,C
5-NP,393,1,2135,1,1,2138,T
5-NP,394,2,4,2188,0,2194,G
5-NP,395,2,2,2223,0,2227,G
5-NP,396,0,2221,0,2,2223,T
5-NP,397,20,0,0,2212,2232,C
5-NP,398,0,2211,0,1,2212,T
5-NP,399,2234,0,1,1,2236,A
5-NP,400,2237,0,1,0,2238,A
5-NP,401,1,0,0,2254,2255,C
5-NP,402,0,2253,0,0,2253,T
5-NP,403,11,1,0,2247,2259,C
5-NP,404,2232,0,1,0,2233,A
5-NP,405,2,1,0,2299,2302,C
5-NP,406,2301,0,0,0,2301,A
5-NP,407,0,2305,0,1,2306,T
5-NP,408,2288,0,0,0,2288,A
5-NP,409,2299,1,0,0,2300,A
5-NP,410,0,2300,0,2,2302,T
5-NP,411,1,17,2298,0,2316,G
5-NP,412,2287,1,2,0,2290,A
5-NP,413,0,2278,0,2,2280,T
5-NP,414,1,2224,0,1,2226,T
5-NP,415,0,2231,0,0,2231,T
5-NP,416,0,10,2213,0,2223,G
5-NP,417,1,1,2226,0,2228,G
5-NP,418,1,0,0,2233,2234,C
5-NP,419,2229,0,0,0,2229,A
5-NP,420,1,2227,0,1,2229,T
5-NP,421,0,2216,0,5,2221,T
5-NP,422,10,0,0,2213,2223,C
5-NP,423,6,0,0,2224,2230,C
5-NP,424,2255,0,0,0,2255,A
5-NP,425,2254,1,0,0,2255,A
5-NP,426,0,2255,0,0,2255,T
5-NP,427,0,2255,0,0,2255,T
5-NP,428,0,2251,0,1,2252,T
5-NP,429,0,10,2262,0,2272,G
5-NP,430,2268,1,1,0,2270,A
5-NP,431,2269,2,0,0,2271,A
5-NP,432,0,2285,0,1,2286,T
5-NP,433,0,11,2254,0,2265,G
5-NP,434,2332,0,5,1,2338,A
5-NP,435,0,2339,0,1,2340,T
5-NP,436,1,1,2342,0,2344,G
5-NP,437,0,1,0,2393,2394,C
5-NP,438,2382,1,4,0,2387,A
5-NP,439,2485,0,1,2,2488,A
5-NP,440,1,0,0,2486,2487,C
5-NP,441,2514,0,0,1,2515,A
5-NP,442,0,2567,0,2,2569,T
5-NP,443,2513,0,2,0,2515,A
5-NP,444,1,2,1,2556,2560,C
5-NP,445,10,0,1,2541,2552,C
5-NP,446,2494,1,1,1,2497,A
5-NP,447,1,7,2527,0,2535,G
5-NP,448,2479,0,2,0,2481,A
5-NP,449,1,5,2524,0,2530,G
5-NP,450,2,8,2497,0,2507,G
5-NP,451,2478,1,3,0,2482,A
5-NP,452,2,0,0,2494,2496,C
5-NP,453,2458,0,0,0,2458,A
5-NP,454,2451,0,2,0,2453,A
5-NP,455,0,8,2465,2,2475,G
5-NP,456,2427,1,4,1,2433,A
5-NP,457,1,1,2453,0,2455,G
5-NP,458,2,3,0,2426,2431,C
5-NP,459,0,2422,0,2,2424,T
5-NP,460,6,0,0,2433,2439,C
5-NP,461,1,2427,0,3,2431,T
5-NP,462,0,2428,0,0,2428,T
5-NP,463,1,5,2426,0,2432,G
5-NP,464,0,2418,0,0,2418,T
5-NP,465,1,2417,0,3,2421,T
5-NP,466,17,3,0,2392,2412,C
5-NP,467,0,15,2394,0,2409,G
5-NP,468,2444,1,1,1,2447,A
5-NP,469,2440,1,1,1,2443,A
5-NP,470,2,0,0,2456,2458,C
5-NP,471,0,2449,0,2,2451,T
5-NP,472,0,7,2483,0,2490,G
5-NP,473,2,6,2491,0,2499,G
5-NP,474,2489,3,1,0,2493,A
5-NP,475,2503,1,0,2,2506,A
5-NP,476,0,2486,0,2,2488,T
5-NP,477,2,10,2485,0,2497,G
5-NP,478,0,4,2502,1,2507,G
5-NP,479,2520,0,3,0,2523,A
5-NP,480,0,2548,1,1,2550,T
5-NP,481,10,1,0,2534,2545,C
5-NP,482,11,1,0,2535,2547,C
5-NP,483,4,3,0,2548,2555,C
5-NP,484,2582,0,1,0,2583,A
5-NP,485,0,4,2612,0,2616,G
5-NP,486,2611,3,0,0,2614,A
5-NP,487,2616,0,1,0,2617,A
5-NP,488,0,2592,0,0,2592,T
5-NP,489,1,0,2630,0,2631,G
5-NP,490,1,2617,0,0,2618,T
5-NP,491,2,2,2620,0,2624,G
5-NP,492,0,4,0,2619,2623,C
5-NP,493,0,2612,0,1,2613,T
5-NP,494,10,0,0,2766,2776,C
5-NP,495,0,2762,0,1,2763,T
5-NP,496,9,1,0,2876,2886,C
5-NP,497,0,2868,0,7,2875,T
5-NP,498,0,13,2876,0,2889,G
5-NP,499,2905,0,2,0,2907,A
5-NP,500,0,2893,0,1,2894,T
5-NP,501,1,0,2893,1,2895,G
5-NP,502,3,1,0,2889,2893,C
5-NP,503,2793,0,4,0,2797,A
5-NP,504,1,7,2866,1,2875,G
5-NP,505,3,4,2821,0,2828,G
5-NP,506,0,2,2856,1,2859,G
5-NP,507,2,0,0,2849,2851,C
5-NP,508,0,2838,0,2,2840,T
5-NP,509,12,4,0,2834,2850,C
5-NP,510,2,20,2830,0,2852,G
5-NP,511,2888,0,0,1,2889,A
5-NP,512,1,0,0,2884,2885,C
5-NP,513,1,2855,0,5,2861,T
5-NP,514,16,0,0,2987,3003,C
5-NP,515,1,2977,0,2,2980,T
5-NP,516,4,0,0,3366,3370,C
5-NP,517,7,0,0,3372,3379,C
5-NP,518,10,0,1,3370,3381,C
5-NP,519,0,3372,0,1,3373,T
5-NP,520,3369,1,0,0,3370,A
5-NP,521,0,2,3365,0,3367,G
5-NP,522,3360,0,1,1,3362,A
5-NP,523,3285,0,1,1,3287,A
5-NP,524,0,13,3284,0,3297,G
5-NP,525,1,2,3217,0,3220,G
5-NP,526,0,3182,1,0,3183,T
5-NP,527,9,1,0,3166,3176,C
5-NP,528,6,4,0,3166,3176,C
5-NP,529,1,9,3156,0,3166,G
5-NP,530,2,12,3177,0,3191,G
5-NP,531,3188,0,3,0,3191,A
5-NP,532,1,3,3205,1,3210,G
5-NP,533,1,0,0,3212,3213,C
5-NP,534,0,3160,0,5,3165,T
5-NP,535,4,0,3168,1,3173,G
5-NP,536,2,2,1,3178,3183,C
5-NP,537,3177,1,1,1,3180,A
5-NP,538,1,6,3181,0,3188,G
5-NP,539,0,3,3204,1,3208,G
5-NP,540,0,3196,0,0,3196,T
5-NP,541,1,2,3164,0,3167,G
5-NP,542,1,0,1,3178,3180,C
5-NP,543,2,3167,0,4,3173,T
5-NP,544,2,3,3186,0,3191,G
5-NP,545,0,1,1,3174,3176,C
5-NP,546,3197,0,1,0,3198,A
5-NP,547,0,1,3253,1,3255,G
5-NP,548,0,3227,0,0,3227,T
5-NP,549,21,0,0,3209,3230,C
5-NP,550,3226,2,2,0,3230,A
5-NP,551,3229,0,0,0,3229,A
5-NP,552,3231,2,3,0,3236,A
5-NP,553,1,9,3242,0,3252,G
5-NP,554,1,12,3255,0,3268,G
5-NP,555,3274,0,0,0,3274,A
5-NP,556,3255,1,2,0,3258,A
5-NP,557,0,3253,0,0,3253,T
5-NP,558,13,2,0,3234,3249,C
5-NP,559,2,10,3241,0,3253,G
5-NP,560,1,7,3324,1,3333,G
5-NP,561,0,16,3317,1,3334,G
5-NP,562,3316,3,3,0,3322,A
5-NP,563,1,0,1,3335,3337,C
5-NP,564,3306,0,1,0,3307,A
5-NP,565,3374,0,1,0,3375,A
5-NP,566,0,3373,0,3,3376,T
5-NP,567,0,12,3394,0,3406,G
5-NP,568,7,6,3462,0,3475,G
5-NP,569,1,3433,1,2,3437,T
5-NP,570,0,5,3446,0,3451,G
5-NP,571,3445,0,1,0,3446,A
5-NP,572,1,3433,0,1,3435,T
5-NP,573,1,5,3432,1,3439,G
5-NP,574,0,18,3466,0,3484,G
5-NP,575,3471,0,2,0,3473,A
5-NP,576,3467,1,1,0,3469,A
5-NP,577,3,1,0,3461,3465,C
5-NP,578,0,3368,0,0,3368,T
5-NP,579,2,22,3527,0,3551,G
5-NP,580,3541,0,2,0,3543,A
5-NP,581,1,3552,0,0,3553,T
5-NP,582,26,2,0,3533,3561,C
5-NP,583,3504,1,1,1,3507,A
5-NP,584,0,13,3585,0,3598,G
5-NP,585,3584,0,3,0,3587,A
5-NP,586,3588,0,1,0,3589,A
5-NP,587,1,3585,0,1,3587,T
5-NP,588,2,22,3509,1,3534,G
5-NP,589,1,1,3575,2,3579,G
5-NP,590,0,3566,0,8,3574,T
5-NP,591,26,1,0,3556,3583,C
5-NP,592,3582,0,1,0,3583,A
5-NP,593,3582,2,1,0,3585,A
5-NP,594,3590,0,4,0,3594,A
5-NP,595,3,4,0,3594,3601,C
5-NP,596,1,12,3573,1,3587,G
5-NP,597,2,12,3584,0,3598,G
5-NP,598,2,12,3543,0,3557,G
5-NP,599,6,7,3566,0,3579,G
5-NP,600,2,7,3580,0,3589,G
5-NP,601,3580,0,7,0,3587,A
5-NP,602,0,3559,0,2,3561,T
5-NP,603,17,1,0,3549,3567,C
5-NP,604,3561,0,2,0,3563,A
5-NP,605,3557,1,3,2,3563,A
5-NP,606,2,4,0,3529,3535,C
5-NP,607,0,13,3503,0,3516,G
5-NP,608,3505,3,2,0,3510,A
5-NP,609,0,3505,0,0,3505,T
5-NP,610,16,1,0,3497,3514,C
5-NP,611,2,10,3499,2,3513,G
5-NP,612,3512,1,1,0,3514,A
5-NP,613,3502,0,1,0,3503,A
5-NP,614,3508,0,2,1,3511,A
5-NP,615,2,3544,0,0,3546,T
5-NP,616,0,3539,0,1,3540,T
5-NP,617,2,3533,2,1,3538,T
5-NP,618,0,3545,0,1,3546,T
5-NP,619,0,3554,1,0,3555,T
5-NP,620,2,9,3549,1,3561,G
5-NP,621,0,12,3550,0,3562,G
5-NP,622,3545,0,2,0,3547,A
5-NP,623,2,5,3565,0,3572,G
5-NP,624,3518,0,3,0,3521,A
5-NP,625,0,5,3651,0,3656,G
5-NP,626,2,4,3675,0,3681,G
5-NP,627,1,3663,0,2,3666,T
5-NP,628,0,14,3654,1,3669,G
5-NP,629,3666,2,6,0,3674,A
5-NP,630,1,10,3679,0,3690,G
5-NP,631,3678,0,3,0,3681,A
5-NP,632,3665,1,4,1,3671,A
5-NP,633,1,3650,0,2,3653,T
5-NP,634,4,25,3511,1,3541,G
5-NP,635,0,4,3512,0,3516,G
5-NP,636,4,0,3519,1,3524,G
5-NP,637,3,2,0,3505,3510,C
5-NP,638,1,8,3505,0,3514,G
5-NP,639,0,2,3531,1,3534,G
5-NP,640,3529,0,0,0,3529,A
5-NP,641,3522,3,1,0,3526,A
5-NP,642,3576,1,0,0,3577,A
5-NP,643,3590,0,1,1,3592,A
5-NP,644,4,1,1,3608,3614,C
5-NP,645,3591,1,2,0,3594,A
5-NP,646,3588,1,3,0,3592,A
5-NP,647,2,10,3582,1,3595,G
5-NP,648,3507,0,0,1,3508,A
5-NP,649,3521,0,0,0,3521,A
5-NP,650,1,4,3594,0,3599,G
5-NP,651,0,3593,0,0,3593,T
5-NP,652,2,4,3769,0,3775,G
5-NP,653,1,0,0,3752,3753,C
5-NP,654,0,3766,1,3,3770,T
5-NP,655,0,3778,1,1,3780,T
5-NP,656,3819,2,3,0,3824,A
5-NP,657,0,3834,0,0,3834,T
5-NP,658,2,18,3822,2,3844,G
5-NP,659,3770,1,3,0,3774,A
5-NP,660,1,14,3774,0,3789,G
5-NP,661,3584,1,6,0,3591,A
5-NP,662,0,6,3598,1,3605,G
5-NP,663,3603,0,1,0,3604,A
5-NP,664,3635,1,2,0,3638,A
5-NP,665,2,3602,0,1,3605,T
5-NP,666,2,1,3656,1,3660,G
5-NP,667,0,3620,1,4,3625,T
5-NP,668,5,1,3643,0,3649,G
5-NP,669,6,1,0,3633,3640,C
5-NP,670,3635,0,2,0,3637,A
5-NP,671,3621,0,3,0,3624,A
5-NP,672,0,0,0,3620,3620,C
5-NP,673,3597,0,0,0,3597,A
5-NP,674,0,3613,0,1,3614,T
5-NP,675,0,3580,0,2,3582,T
5-NP,676,8,0,0,3578,3586,C
5-NP,677,1,3579,0,1,3581,T
5-NP,678,3,3578,0,1,3582,T
5-NP,679,3586,0,0,0,3586,A
5-NP,680,3570,1,0,0,3571,A
5-NP,681,3568,0,4,1,3573,A
5-NP,682,0,6,3561,0,3567,G
5-NP,683,2,9,3552,1,3564,G
5-NP,684,3559,0,3,0,3562,A
5-NP,685,3556,0,1,1,3558,A
5-NP,686,3557,0,0,0,3557,A
5-NP,687,3612,0,1,0,3613,A
5-NP,688,0,3606,0,0,3606,T
5-NP,689,0,3608,2,0,3610,T
5-NP,690,1,3619,0,1,3621,T
5-NP,691,10,0,0,3620,3630,C
5-NP,692,3630,0,1,0,3631,A
5-NP,693,3627,0,3,0,3630,A
5-NP,694,3625,0,2,0,3627,A
5-NP,695,1,2,0,3662,3665,C
5-NP,696,3628,0,3,1,3632,A
5-NP,697,0,0,3700,0,3700,G
5-NP,698,2,0,0,3692,3694,C
5-NP,699,3,3684,0,2,3689,T
5-NP,700,4,2,3743,0,3749,G
5-NP,701,3,1,0,3731,3735,C
5-NP,702,3770,1,5,0,3776,A
5-NP,703,5,3,0,3770,3778,C
5-NP,704,3747,0,3,0,3750,A
5-NP,705,3748,2,3,0,3753,A
5-NP,706,3674,1,8,0,3683,A
5-NP,707,2,18,3773,1,3794,G
5-NP,708,3778,0,4,1,3783,A
5-NP,709,2,3,3779,0,3784,G
5-NP,710,1,1,0,3786,3788,C
5-NP,711,3783,0,3,0,3786,A
5-NP,712,3877,1,2,0,3880,A
5-NP,713,0,3873,2,1,3876,T
5-NP,714,2,16,3873,0,3891,G
5-NP,715,1,7,3894,0,3902,G
5-NP,716,0,3792,0,4,3796,T
5-NP,717,10,10,3780,0,3800,G
5-NP,718,2,17,3806,0,3825,G
5-NP,719,3814,1,1,0,3816,A
5-NP,720,1,3799,0,1,3801,T
5-NP,721,23,1,0,3666,3690,C
5-NP,722,3702,0,1,0,3703,A
5-NP,723,3739,0,2,0,3741,A
5-NP,724,0,1,3760,0,3761,G
5-NP,725,1,3722,0,0,3723,T
5-NP,726,0,11,3717,0,3728,G
5-NP,727,3667,0,5,0,3672,A
5-NP,728,0,18,3671,2,3691,G
5-NP,729,3679,1,6,0,3686,A
5-NP,730,0,11,3681,0,3692,G
5-NP,731,3661,1,1,0,3663,A
5-NP,732,3606,0,1,0,3607,A
5-NP,733,3616,1,4,0,3621,A
5-NP,734,0,3,3644,0,3647,G
5-NP,735,0,3638,0,0,3638,T
5-NP,736,21,3,0,3603,3627,C
5-NP,737,2,14,3597,0,3613,G
5-NP,738,4,7,3636,0,3647,G
5-NP,739,3642,1,2,0,3645,A
5-NP,740,3676,0,2,0,3678,A
5-NP,741,4,2,0,3658,3664,C
5-NP,742,13,0,0,3635,3648,C
5-NP,743,9,2,0,3637,3648,C
5-NP,744,3639,0,2,0,3641,A
5-NP,745,2,6,3637,1,3646,G
5-NP,746,0,8,3638,0,3646,G
5-NP,747,3629,0,2,0,3631,A
5-NP,748,3631,0,1,0,3632,A
5-NP,749,3602,0,4,0,3606,A
5-NP,750,3,2,0,3599,3604,C
5-NP,751,3,2,3587,0,3592,G
5-NP,752,2,0,2,3576,3580,C
5-NP,753,34,5,0,3531,3570,C
5-NP,754,3,11,3570,0,3584,G
5-NP,755,3588,1,2,0,3591,A
5-NP,756,1,9,3613,0,3623,G
5-NP,757,3634,0,2,0,3636,A
5-NP,758,0,3639,0,2,3641,T
5-NP,759,24,0,1,3588,3613,C
5-NP,760,1,5,3616,1,3623,G
5-NP,761,3621,1,0,0,3622,A
5-NP,762,3614,1,2,0,3617,A
5-NP,763,0,3,3633,0,3636,G
5-NP,764,3626,1,1,0,3628,A
5-NP,765,0,3606,0,1,3607,T
5-NP,766,5,2,1,3630,3638,C
5-NP,767,0,3634,0,3,3637,T
5-NP,768,10,1,0,3654,3665,C
5-NP,769,3673,1,0,1,3675,A
5-NP,770,2,3671,0,2,3675,T
5-NP,771,3680,0,0,0,3680,A
5-NP,772,1,3659,2,0,3662,T
5-NP,773,0,3635,0,2,3637,T
5-NP,774,1,3622,2,2,3627,T
5-NP,775,0,3590,1,0,3591,T
5-NP,776,0,3586,3,2,3591,T
5-NP,777,3608,1,6,0,3615,A
5-NP,778,0,0,3611,0,3611,G
5-NP,779,4,1,0,3596,3601,C
5-NP,780,3590,2,1,1,3594,A
5-NP,781,3577,0,1,0,3578,A
5-NP,782,0,13,3688,0,3701,G
5-NP,783,3695,1,0,1,3697,A
5-NP,784,0,3689,1,4,3694,T
5-NP,785,3,2,0,3712,3717,C
5-NP,786,1,3691,0,3,3695,T
5-NP,787,1,3,3791,0,3795,G
5-NP,788,4,3,1,3792,3800,C
5-NP,789,3810,1,1,0,3812,A
5-NP,790,0,3842,1,0,3843,T
5-NP,791,0,3756,0,2,3758,T
5-NP,792,0,11,3955,1,3967,G
5-NP,793,4026,0,1,0,4027,A
5-NP,794,2,4016,1,0,4019,T
5-NP,795,4037,0,0,0,4037,A
5-NP,796,0,3956,0,2,3958,T
5-NP,797,1,3935,0,1,3937,T
5-NP,798,2,10,3947,0,3959,G
5-NP,799,3902,3,5,0,3910,A
5-NP,800,0,7,3935,0,3942,G
5-NP,801,3734,0,2,0,3736,A
5-NP,802,0,11,3647,0,3658,G
5-NP,803,1,20,3684,0,3705,G
5-NP,804,3697,0,1,0,3698,A
5-NP,805,0,3693,0,3,3696,T
5-NP,806,23,0,0,3671,3694,C
5-NP,807,3672,1,1,1,3675,A
5-NP,808,1,3,3693,0,3697,G
5-NP,809,3,3672,1,2,3678,T
5-NP,810,0,3650,1,1,3652,T
5-NP,811,4,2,3647,0,3653,G
5-NP,812,2,0,0,3603,3605,C
5-NP,813,0,3606,0,4,3610,T
5-NP,814,23,1,0,3602,3626,C
5-NP,815,3626,0,2,0,3628,A
5-NP,816,3,1,0,3623,3627,C
5-NP,817,3619,0,2,0,3621,A
5-NP,818,3634,2,4,0,3640,A
5-NP,819,3644,1,0,0,3645,A
5-NP,820,1,3637,1,1,3640,T
5-NP,821,7,0,0,3640,3647,C
5-NP,822,0,3628,0,3,3631,T
5-NP,823,1,3615,0,1,3617,T
5-NP,824,0,2,3626,1,3629,G
5-NP,825,2,0,0,3638,3640,C
5-NP,826,8,1,2,3674,3685,C
5-NP,827,0,3675,0,2,3677,T
5-NP,828,3690,0,1,1,3692,A
5-NP,829,6,1,0,3675,3682,C
5-NP,830,13,0,0,3676,3689,C
5-NP,831,0,3682,0,1,3683,T
5-NP,832,4,4,3741,1,3750,G
5-NP,833,1,6,0,3714,3721,C
5-NP,834,8,1,0,3712,3721,C
5-NP,835,1,3645,0,4,3650,T
5-NP,836,1,3,3671,0,3675,G
5-NP,837,1,3651,0,2,3654,T
5-NP,838,1,4,3679,0,3684,G
5-NP,839,7,28,0,3663,3698,C
5-NP,840,2,3,3740,0,3745,G
5-NP,841,0,3681,0,2,3683,T
5-NP,842,3677,0,1,0,3678,A
5-NP,843,0,3673,1,0,3674,T
5-NP,844,2,11,3663,0,3676,G
5-NP,845,0,19,3795,1,3815,G
5-NP,846,3787,3,4,0,3794,A
5-NP,847,4,4,0,3717,3725,C
5-NP,848,15,1,0,3699,3715,C
5-NP,849,3,3645,0,5,3653,T
5-NP,850,0,1,3816,0,3817,G
5-NP,851,1,3,0,3812,3816,C
5-NP,852,3821,0,1,0,3822,A
5-NP,853,0,3,3869,0,3872,G
5-NP,854,1,3665,0,2,3668,T
5-NP,855,3790,0,3,0,3793,A
5-NP,856,0,3783,0,1,3784,T
5-NP,857,5,1,0,3756,3762,C
5-NP,858,5,3,0,3755,3763,C
5-NP,859,3566,0,1,0,3567,A
5-NP,860,5,3,3578,0,3586,G
5-NP,861,0,3565,0,2,3567,T
5-NP,862,2,17,3583,0,3602,G
5-NP,863,2,14,3577,1,3594,G
5-NP,864,5,3,3514,0,3522,G
5-NP,865,1,3502,0,4,3507,T
5-NP,866,3493,0,1,1,3495,A
5-NP,867,2,5,0,3489,3496,C
5-NP,868,1,33,3441,0,3475,G
5-NP,869,3461,0,2,0,3463,A
5-NP,870,4,0,0,3459,3463,C
5-NP,871,0,3348,0,4,3352,T
5-NP,872,0,3352,0,0,3352,T
5-NP,873,6,17,0,3317,3340,C
5-NP,874,3,13,3328,0,3344,G
5-NP,875,3343,0,0,0,3343,A
5-NP,876,3342,1,1,0,3344,A
5-NP,877,3351,0,0,0,3351,A
5-NP,878,3345,0,0,1,3346,A
5-NP,879,3337,3,2,0,3342,A
5-NP,880,1,5,3349,1,3356,G
5-NP,881,3331,1,11,0,3343,A
5-NP,882,0,20,3360,0,3380,G
5-NP,883,1,10,3384,1,3396,G
5-NP,884,0,8,3388,0,3396,G
5-NP,885,3404,0,6,0,3410,A
5-NP,886,0,3394,0,3,3397,T
5-NP,887,3411,1,0,0,3412,A
5-NP,888,1,3409,0,1,3411,T
5-NP,889,0,3403,0,1,3404,T
5-NP,890,20,0,0,3386,3406,C
5-NP,891,6,2,0,3364,3372,C
5-NP,892,0,3327,0,0,3327,T
5-NP,893,0,3319,0,1,3320,T
5-NP,894,0,10,3361,0,3371,G
5-NP,895,0,2,3384,0,3386,G
5-NP,896,0,3348,0,2,3350,T
5-NP,897,1,10,3323,1,3335,G
5-NP,898,1,9,3312,0,3322,G
5-NP,899,1,8,3433,0,3442,G
5-NP,900,3440,0,0,0,3440,A
5-NP,901,3435,2,2,0,3439,A
5-NP,902,0,3445,0,0,3445,T
5-NP,903,3368,0,4,0,3372,A
5-NP,904,2,14,3359,0,3375,G
5-NP,905,3352,1,4,0,3357,A
5-NP,906,4,1,0,3341,3346,C
5-NP,907,10,2,0,3304,3316,C
5-NP,908,16,0,0,3171,3187,C
5-NP,909,0,3197,0,5,3202,T
5-NP,910,0,3202,0,3,3205,T
5-NP,911,0,3205,0,3,3208,T
5-NP,912,12,0,0,3199,3211,C
5-NP,913,3205,1,0,0,3206,A
5-NP,914,3205,0,1,0,3206,A
5-NP,915,3197,0,2,0,3199,A
5-NP,916,1,2,0,3196,3199,C
5-NP,917,0,3113,0,0,3113,T
5-NP,918,3079,1,0,1,3081,A
5-NP,919,2,1,0,3104,3107,C
5-NP,920,0,3095,0,0,3095,T
5-NP,921,1,3083,0,1,3085,T
5-NP,922,10,0,0,3093,3103,C
5-NP,923,3083,0,2,0,3085,A
5-NP,924,3080,0,3,0,3083,A
5-NP,925,3076,0,0,0,3076,A
5-NP,926,3077,0,0,0,3077,A
5-NP,927,0,3049,0,0,3049,T
5-NP,928,2986,1,4,0,2991,A
5-NP,929,2,2,3014,1,3019,G
5-NP,930,5,12,0,3010,3027,C
5-NP,931,15,2,1,3041,3059,C
5-NP,932,3057,0,3,0,3060,A
5-NP,933,3061,0,1,1,3063,A
5-NP,934,3145,1,1,0,3147,A
5-NP,935,0,3152,0,0,3152,T
5-NP,936,3166,0,1,0,3167,A
5-NP,937,0,3162,0,0,3162,T
5-NP,938,3116,0,0,0,3116,A
5-NP,939,1,0,0,3127,3128,C
5-NP,940,3016,1,1,0,3018,A
5-NP,941,0,1,3100,0,3101,G
5-NP,942,2,0,0,3088,3090,C
5-NP,943,0,2957,0,18,2975,T
5-NP,944,0,2998,0,2,3000,T
5-NP,945,2998,3,1,0,3002,A
5-NP,946,3004,0,3,1,3008,A
5-NP,947,0,3008,0,3,3011,T
5-NP,948,15,2,0,2979,2996,C
5-NP,949,2870,0,4,1,2875,A
5-NP,950,0,8,2888,0,2896,G
5-NP,951,2893,0,3,1,2897,A
5-NP,952,3,0,0,2913,2916,C
5-NP,953,8,0,0,2880,2888,C
5-NP,954,2,2849,0,0,2851,T
5-NP,955,2875,0,0,0,2875,A
5-NP,956,2872,0,2,0,2874,A
5-NP,957,2,2,0,2883,2887,C
5-NP,958,2,12,2866,0,2880,G
5-NP,959,2829,1,1,0,2831,A
5-NP,960,0,6,2823,0,2829,G
5-NP,961,2810,0,1,0,2811,A
5-NP,962,2828,1,1,0,2830,A
5-NP,963,0,2828,0,0,2828,T
5-NP,964,10,0,0,2789,2799,C
5-NP,965,6,2,1,2796,2805,C
5-NP,966,2743,0,4,0,2747,A
5-NP,967,3,3,2759,0,2765,G
5-NP,968,2,2,0,2762,2766,C
5-NP,969,2783,0,1,0,2784,A
5-NP,970,1,0,0,2791,2792,C
5-NP,971,2754,1,2,0,2757,A
5-NP,972,4,1,0,2760,2765,C
5-NP,973,2749,0,2,0,2751,A
5-NP,974,2764,1,4,0,2769,A
5-NP,975,0,13,2757,0,2770,G
5-NP,976,2733,1,4,0,2738,A
5-NP,977,0,1,2746,0,2747,G
5-NP,978,0,2688,0,2,2690,T
5-NP,979,15,1,0,2661,2677,C
5-NP,980,2661,0,5,0,2666,A
5-NP,981,2,3,2668,0,2673,G
5-NP,982,0,0,0,2663,2663,C
5-NP,983,0,2619,1,5,2625,T
5-NP,984,2,6,2647,0,2655,G
5-NP,985,2,3,2665,0,2670,G
5-NP,986,0,2646,0,0,2646,T
5-NP,987,1,1,2651,0,2653,G
5-NP,988,1,2600,0,1,2602,T
5-NP,989,5,10,2584,0,2599,G
5-NP,990,1,0,2577,0,2578,G
5-NP,991,2543,0,3,0,2546,A
5-NP,992,0,2547,0,2,2549,T
5-NP,993,0,15,2390,0,2405,G
5-NP,994,1,0,2385,0,2386,G
5-NP,995,1,3,0,2363,2367,C
5-NP,996,2324,0,2,0,2326,A
5-NP,997,0,2319,3,0,2322,T
5-NP,998,2,2,2298,0,2302,G
5-NP,999,0,1,0,2318,2319,C
5-NP,1000,8,2,0,2304,2314,C
5-NP,1001,2300,0,0,0,2300,A
5-NP,1002,0,2294,0,1,2295,T
5-NP,1003,0,2244,1,0,2245,T
5-NP,1004,9,1,0,2236,2246,C
5-NP,1005,0,2211,1,1,2213,T
5-NP,1006,1,0,2203,0,2204,G
5-NP,1007,1,1,0,2203,2205,C
5-NP,1008,0,2090,0,2,2092,T
5-NP,1009,0,1,2100,0,2101,G
5-NP,1010,0,1,0,2061,2062,C
5-NP,1011,2057,0,1,0,2058,A
5-NP,1012,0,2057,0,1,2058,T
5-NP,1013,0,2020,1,2,2023,T
5-NP,1014,0,2025,0,0,2025,T
5-NP,1015,0,3,2016,0,2019,G
5-NP,1016,2016,0,0,0,2016,A
5-NP,1017,2017,0,1,1,2019,A
5-NP,1018,0,3,2033,0,2036,G
5-NP,1019,2027,0,1,0,2028,A
5-NP,1020,0,2010,0,6,2016,T
5-NP,1021,0,2019,0,1,2020,T
5-NP,1022,1,2018,0,3,2022,T
5-NP,1023,2025,0,0,0,2025,A
5-NP,1024,2020,0,0,0,2020,A
5-NP,1025,0,5,2018,0,2023,G
5-NP,1026,2015,0,2,0,2017,A
5-NP,1027,0,2024,0,1,2025,T
5-NP,1028,0,1988,0,0,1988,T
5-NP,1029,1,1,2001,0,2003,G
5-NP,1030,1,1996,0,1,1998,T
5-NP,1031,1,1999,0,0,2000,T
5-NP,1032,1996,0,0,0,1996,A
5-NP,1033,1997,0,1,1,1999,A
5-NP,1034,0,2,1997,1,2000,G
5-NP,1035,1,2,0,2004,2007,C
5-NP,1036,0,1951,0,2,1953,T
5-NP,1037,0,1955,0,2,1957,T
5-NP,1038,5,0,0,1966,1971,C
5-NP,1039,1971,0,1,0,1972,A
5-NP,1040,1,1968,0,1,1970,T
5-NP,1041,9,0,0,1962,1971,C
5-NP,1042,1936,0,2,0,1938,A
5-NP,1043,3,5,1930,0,1938,G
5-NP,1044,1924,0,1,0,1925,A
5-NP,1045,0,1,1926,0,1927,G
5-NP,1046,1,12,1902,0,1915,G
5-NP,1047,0,6,1897,0,1903,G
5-NP,1048,1904,2,3,0,1909,A
5-NP,1049,2,2,0,1896,1900,C
5-NP,1050,1,6,1881,0,1888,G
5-NP,1051,1905,0,0,1,1906,A
5-NP,1052,1911,0,0,0,1911,A
5-NP,1053,1910,0,6,0,1916,A
5-NP,1054,1,1,1921,0,1923,G
5-NP,1055,0,1907,0,1,1908,T
5-NP,1056,1881,0,0,1,1882,A
5-NP,1057,0,1882,0,1,1883,T
5-NP,1058,3,0,0,1884,1887,C
5-NP,1059,0,1873,0,1,1874,T
5-NP,1060,9,0,0,1877,1886,C
5-NP,1061,3,0,0,1870,1873,C
5-NP,1062,2,1858,0,0,1860,T
5-NP,1063,6,0,0,1844,1850,C
5-NP,1064,1,7,1837,0,1845,G
5-NP,1065,0,3,1857,1,1861,G
5-NP,1066,0,3,1856,0,1859,G
5-NP,1067,0,2,1860,0,1862,G
5-NP,1068,1,4,1856,0,1861,G
5-NP,1069,1825,0,2,0,1827,A
5-NP,1070,1829,0,1,1,1831,A
5-NP,1071,1829,1,2,1,1833,A
5-NP,1072,2,0,0,1845,1847,C
5-NP,1073,0,1830,0,0,1830,T
5-NP,1074,2,1,1842,0,1845,G
5-NP,1075,0,1822,0,4,1826,T
5-NP,1076,11,0,0,1817,1828,C
5-NP,1077,1849,1,2,0,1852,A
5-NP,1078,1861,0,0,0,1861,A
5-NP,1079,2,0,0,1875,1877,C
5-NP,1080,0,1861,0,3,1864,T
5-NP,1081,1838,0,0,0,1838,A
5-NP,1082,0,4,1845,0,1849,G
5-NP,1083,1809,1,2,0,1812,A
5-NP,1084,0,6,1811,0,1817,G
5-NP,1085,1,10,1803,0,1814,G
5-NP,1086,1737,0,0,0,1737,A
5-NP,1087,1,1,1768,0,1770,G
5-NP,1088,2,1745,1,0,1748,T
5-NP,1089,1750,0,0,0,1750,A
5-NP,1090,3,0,0,1748,1751,C
5-NP,1091,1725,0,0,0,1725,A
5-NP,1092,1722,0,2,1,1725,A
5-NP,1093,1715,1,0,0,1716,A
5-NP,1094,0,1700,0,1,1701,T
5-NP,1095,1,1689,0,1,1691,T
5-NP,1096,2,0,1639,0,1641,G
5-NP,1097,0,0,1,1634,1635,C
5-NP,1098,0,1631,0,1,1632,T
5-NP,1099,0,1630,0,1,1631,T
5-NP,1100,3,1,0,1629,1633,C
5-NP,1101,1633,0,0,0,1633,A
5-NP,1102,1637,0,2,0,1639,A
5-NP,1103,1636,0,0,1,1637,A
5-NP,1104,0,1637,0,0,1637,T
5-NP,1105,1,2,1637,0,1640,G
5-NP,1106,1603,0,2,0,1605,A
5-NP,1107,0,5,1615,0,1620,G
5-NP,1108,1616,0,4,0,1620,A
5-NP,1109,1619,0,1,0,1620,A
5-NP,1110,0,1,0,1629,1630,C
5-NP,1111,1611,0,1,0,1612,A
5-NP,1112,0,1613,0,0,1613,T
5-NP,1113,2,3,1630,0,1635,G
5-NP,1114,6,2,1632,0,1640,G
5-NP,1115,1635,0,2,0,1637,A
5-NP,1116,0,1608,0,0,1608,T
5-NP,1117,1593,0,0,0,1593,A
5-NP,1118,1673,0,0,1,1674,A
5-NP,1119,0,1632,2,1,1635,T
5-NP,1120,1627,0,1,1,1629,A
5-NP,1121,0,1622,1,1,1624,T
5-NP,1122,6,4,1528,0,1538,G
5-NP,1123,0,1,1520,0,1521,G
5-NP,1124,0,2,1514,0,1516,G
5-NP,1125,1516,0,0,0,1516,A
5-NP,1126,1,1514,0,0,1515,T
5-NP,1127,7,0,0,1272,1279,C
5-NP,1128,0,2,1274,0,1276,G
5-NP,1129,1271,1,2,0,1274,A
5-NP,1130,0,0,1270,1,1271,G
5-NP,1131,2,0,0,1269,1271,C
5-NP,1132,1264,0,0,0,1264,A
5-NP,1133,1,0,0,1318,1319,C
5-NP,1134,0,1301,0,2,1303,T
5-NP,1135,3,0,0,1314,1317,C
5-NP,1136,0,1307,1,1,1309,T
5-NP,1137,2,1291,0,1,1294,T
5-NP,1138,0,4,1296,0,1300,G
5-NP,1139,1296,0,0,0,1296,A
5-NP,1140,1298,0,2,0,1300,A
5-NP,1141,1,2,0,1297,1300,C
5-NP,1142,1,1090,0,0,1091,T
5-NP,1143,0,8,1093,0,1101,G
5-NP,1144,1062,0,0,0,1062,A
5-NP,1145,0,0,1071,0,1071,G
5-NP,1146,1102,0,0,0,1102,A
5-NP,1147,1121,0,0,0,1121,A
5-NP,1148,0,1,1127,0,1128,G
5-NP,1149,2,0,0,1111,1113,C
5-NP,1150,381,1,734,1,1117,G
5-NP,1151,0,1,1134,0,1135,G
5-NP,1152,0,1,1145,0,1146,G
5-NP,1153,0,1144,0,0,1144,T
5-NP,1154,1122,0,0,0,1122,A
5-NP,1155,1,0,0,1113,1114,C
5-NP,1156,1,941,0,0,942,T
5-NP,1157,1,3,934,0,938,G
5-NP,1158,1,3,927,0,931,G
5-NP,1159,0,0,929,0,929,G
5-NP,1160,0,0,0,919,919,C
5-NP,1161,1,0,0,896,897,C
5-NP,1162,899,0,0,0,899,A
5-NP,1163,0,903,0,0,903,T
5-NP,1164,902,0,1,0,903,A
5-NP,1165,902,0,0,1,903,A
5-NP,1166,1,5,896,0,902,G
5-NP,1167,0,7,917,0,924,G
5-NP,1168,911,1,1,0,913,A
5-NP,1169,0,0,0,910,910,C
5-NP,1170,2,0,0,905,907,C
5-NP,1171,901,0,2,0,903,A
5-NP,1172,0,1,913,0,914,G
5-NP,1173,0,5,914,0,919,G
5-NP,1174,915,0,0,0,915,A
5-NP,1175,0,0,921,0,921,G
5-NP,1176,0,880,0,0,880,T
5-NP,1177,0,1,878,0,879,G
5-NP,1178,0,0,891,0,891,G
5-NP,1179,887,0,0,0,887,A
5-NP,1180,1,0,889,0,890,G
5-NP,1181,0,1,864,1,866,G
5-NP,1182,853,0,1,0,854,A
5-NP,1183,856,0,0,0,856,A
5-NP,1184,856,0,0,0,856,A
5-NP,1185,0,0,0,863,863,C
5-NP,1186,859,0,0,0,859,A
5-NP,1187,0,0,0,879,879,C
5-NP,1188,0,870,0,0,870,T
5-NP,1189,882,0,0,0,882,A
5-NP,1190,884,0,0,0,884,A
5-NP,1191,1,884,0,0,885,T
5-NP,1192,2,0,0,894,896,C
5-NP,1193,884,1,0,1,886,A
5-NP,1194,895,0,1,0,896,A
5-NP,1195,0,0,0,899,899,C
5-NP,1196,879,0,0,0,879,A
5-NP,1197,0,1,881,0,882,G
5-NP,1198,857,1,2,0,860,A
5-NP,1199,0,1,870,0,871,G
5-NP,1200,0,3,868,0,871,G
5-NP,1201,0,1,866,0,867,G
5-NP,1202,0,0,0,869,869,C
5-NP,1203,3,0,0,863,866,C
5-NP,1204,0,856,0,0,856,T
5-NP,1205,0,0,0,867,867,C
5-NP,1206,5,1,0,857,863,C
5-NP,1207,1,1,865,0,867,G
5-NP,1208,0,1,0,865,866,C
5-NP,1209,858,0,0,0,858,A
5-NP,1210,2,2,879,0,883,G
5-NP,1211,0,2,882,0,884,G
5-NP,1212,2,0,0,888,890,C
5-NP,1213,5,0,0,886,891,C
5-NP,1214,893,0,0,0,893,A
5-NP,1215,899,0,0,0,899,A
5-NP,1216,896,1,1,0,898,A
5-NP,1217,2,0,0,896,898,C
5-NP,1218,0,857,0,0,857,T
5-NP,1219,879,1,0,0,880,A
5-NP,1220,0,1,888,0,889,G
5-NP,1221,0,889,0,0,889,T
5-NP,1222,1,1,890,0,892,G
5-NP,1223,0,887,0,0,887,T
5-NP,1224,14,1,870,0,885,G
5-NP,1225,1,0,0,888,889,C
5-NP,1226,882,0,0,0,882,A
5-NP,1227,893,0,0,0,893,A
5-NP,1228,1,0,0,888,889,C
5-NP,1229,1,0,0,886,887,C
5-NP,1230,0,885,0,0,885,T
5-NP,1231,882,0,0,0,882,A
5-NP,1232,1,1,0,879,881,C
5-NP,1233,0,2,885,0,887,G
5-NP,1234,0,880,0,3,883,T
5-NP,1235,0,886,0,0,886,T
5-NP,1236,0,877,0,2,879,T
5-NP,1237,1,876,0,0,877,T
5-NP,1238,2,0,0,874,876,C
5-NP,1239,0,859,0,0,859,T
5-NP,1240,1,0,879,0,880,G
5-NP,1241,1,876,0,0,877,T
5-NP,1242,877,0,1,0,878,A
5-NP,1243,1,1,0,878,880,C
5-NP,1244,869,0,0,0,869,A
5-NP,1245,872,0,0,0,872,A
5-NP,1246,870,0,1,0,871,A
5-NP,1247,0,3,872,0,875,G
5-NP,1248,872,0,1,0,873,A
5-NP,1249,847,0,1,0,848,A
5-NP,1250,846,0,1,0,847,A
5-NP,1251,1,0,0,848,849,C
5-NP,1252,3,0,0,835,838,C
5-NP,1253,1,825,0,2,828,T
5-NP,1254,5,0,0,826,831,C
5-NP,1255,3,0,0,829,832,C
5-NP,1256,4,0,0,828,832,C
5-NP,1257,831,0,0,0,831,A
5-NP,1258,1,829,0,1,831,T
5-NP,1259,0,827,0,0,827,T
5-NP,1260,1,824,0,1,826,T
5-NP,1261,0,1,823,0,824,G
5-NP,1262,825,0,0,0,825,A
5-NP,1263,823,0,0,0,823,A
5-NP,1264,826,0,0,0,826,A
5-NP,1265,821,0,0,0,821,A
5-NP,1266,1,0,825,0,826,G
5-NP,1267,0,822,0,0,822,T
5-NP,1268,7,0,0,818,825,C
5-NP,1269,825,0,1,0,826,A
5-NP,1270,827,0,1,0,828,A
5-NP,1271,0,0,0,827,827,C
5-NP,1272,2,1,0,838,841,C
5-NP,1273,842,0,0,0,842,A
5-NP,1274,0,847,0,0,847,T
5-NP,1275,4,0,0,839,843,C
5-NP,1276,838,0,0,0,838,A
5-NP,1277,0,842,0,0,842,T
5-NP,1278,0,5,832,0,837,G
5-NP,1279,0,0,834,0,834,G
5-NP,1280,0,0,0,836,836,C
5-NP,1281,817,0,0,0,817,A
5-NP,1282,0,0,819,0,819,G
5-NP,1283,1,1,0,809,811,C
5-NP,1284,811,0,1,0,812,A
5-NP,1285,0,812,0,1,813,T
5-NP,1286,0,803,0,0,803,T
5-NP,1287,1,0,0,802,803,C
5-NP,1288,794,0,0,0,794,A
5-NP,1289,0,0,0,803,803,C
5-NP,1290,1,799,0,1,801,T
5-NP,1291,0,4,797,0,801,G
5-NP,1292,0,1,805,0,806,G
5-NP,1293,799,0,0,0,799,A
5-NP,1294,800,0,1,0,801,A
5-NP,1295,805,0,0,0,805,A
5-NP,1296,0,799,0,0,799,T
5-NP,1297,801,0,0,0,801,A
5-NP,1298,1,3,0,791,795,C
5-NP,1299,1,3,778,0,782,G
5-NP,1300,1,2,779,0,782,G
5-NP,1301,766,1,0,1,768,A
5-NP,1302,0,4,766,0,770,G
5-NP,1303,0,1,767,0,768,G
5-NP,1304,0,1,762,0,763,G
5-NP,1305,761,0,0,0,761,A
5-NP,1306,759,0,1,0,760,A
5-NP,1307,0,2,762,0,764,G
5-NP,1308,760,0,0,0,760,A
5-NP,1309,755,0,1,0,756,A
5-NP,1310,0,0,0,762,762,C
5-NP,1311,0,747,0,2,749,T
5-NP,1312,1,758,0,0,759,T
5-NP,1313,6,0,0,751,757,C
5-NP,1314,756,0,1,1,758,A
5-NP,1315,0,1,758,0,759,G
5-NP,1316,749,0,2,0,751,A
5-NP,1317,0,1,1,755,757,C
5-NP,1318,751,0,1,0,752,A
5-NP,1319,0,739,0,0,739,T
5-NP,1320,0,2,738,0,740,G
5-NP,1321,727,1,0,0,728,A
5-NP,1322,0,0,726,0,726,G
5-NP,1323,1,4,718,1,724,G
5-NP,1324,1,0,719,0,720,G
5-NP,1325,1,0,0,720,721,C
5-NP,1326,713,0,0,0,713,A
5-NP,1327,0,1,712,0,713,G
5-NP,1328,710,0,0,0,710,A
5-NP,1329,714,0,1,0,715,A
5-NP,1330,714,0,0,0,714,A
5-NP,1331,0,707,0,1,708,T
5-NP,1332,3,0,0,705,708,C
5-NP,1333,704,0,1,0,705,A
5-NP,1334,0,704,0,0,704,T
5-NP,1335,703,0,0,0,703,A
5-NP,1336,698,0,0,0,698,A
5-NP,1337,0,2,700,0,702,G
5-NP,1338,688,0,2,0,690,A
5-NP,1339,694,0,1,0,695,A
5-NP,1340,0,690,0,0,690,T
5-NP,1341,0,1,693,0,694,G
5-NP,1342,696,0,0,0,696,A
5-NP,1343,0,693,0,0,693,T
5-NP,1344,1,2,692,0,695,G
5-NP,1345,2,0,692,0,694,G
5-NP,1346,681,1,0,0,682,A
5-NP,1347,675,0,1,0,676,A
5-NP,1348,0,1,664,0,665,G
5-NP,1349,0,0,685,0,685,G
5-NP,1350,0,669,0,1,670,T
5-NP,1351,0,0,675,0,675,G
5-NP,1352,2,0,0,670,672,C
5-NP,1353,669,0,1,0,670,A
5-NP,1354,673,0,0,0,673,A
5-NP,1355,667,0,0,0,667,A
5-NP,1356,676,0,0,0,676,A
5-NP,1357,0,0,0,680,680,C
5-NP,1358,2,0,0,661,663,C
5-NP,1359,649,1,0,0,650,A
5-NP,1360,0,1,649,0,650,G
5-NP,1361,648,0,1,0,649,A
5-NP,1362,651,0,0,0,651,A
5-NP,1363,1,3,645,0,649,G
5-NP,1364,637,0,1,0,638,A
5-NP,1365,625,0,1,0,626,A
5-NP,1366,0,0,625,0,625,G
5-NP,1367,0,613,0,0,613,T
5-NP,1368,0,0,621,0,621,G
5-NP,1369,0,609,0,1,610,T
5-NP,1370,6,0,0,607,613,C
5-NP,1371,614,0,0,0,614,A
5-NP,1372,0,615,0,0,615,T
5-NP,1373,0,612,1,0,613,T
5-NP,1374,1,0,0,611,612,C
5-NP,1375,2,2,0,594,598,C
5-NP,1376,0,3,596,0,599,G
5-NP,1377,0,2,598,0,600,G
5-NP,1378,0,6,596,0,602,G
5-NP,1379,1,0,601,0,602,G
5-NP,1380,0,1,601,0,602,G
5-NP,1381,572,0,0,0,572,A
5-NP,1382,0,0,570,0,570,G
5-NP,1383,0,4,573,0,577,G
5-NP,1384,0,1,574,0,575,G
5-NP,1385,0,2,573,0,575,G
5-NP,1386,565,0,0,0,565,A
5-NP,1387,0,2,567,0,569,G
5-NP,1388,0,561,0,0,561,T
5-NP,1389,0,558,0,1,559,T
5-NP,1390,0,561,0,0,561,T
5-NP,1391,0,559,0,0,559,T
5-NP,1392,1,0,0,559,560,C
5-NP,1393,0,5,556,0,561,G
5-NP,1394,557,0,1,0,558,A
5-NP,1395,0,0,564,0,564,G
5-NP,1396,0,0,0,551,551,C
5-NP,1397,0,554,0,0,554,T
5-NP,1398,1,0,0,552,553,C
5-NP,1399,0,550,0,2,552,T
5-NP,1400,3,0,0,549,552,C
5-NP,1401,554,0,0,0,554,A
5-NP,1402,0,1,554,0,555,G
5-NP,1403,555,0,0,0,555,A
5-NP,1404,0,0,0,554,554,C
5-NP,1405,0,2,548,0,550,G
5-NP,1406,541,0,0,0,541,A
5-NP,1407,0,0,543,0,543,G
5-NP,1408,537,0,0,0,537,A
5-NP,1409,534,0,0,0,534,A
5-NP,1410,0,1,532,0,533,G
5-NP,1411,0,0,526,0,526,G
5-NP,1412,0,0,0,525,525,C
5-NP,1413,526,0,0,0,526,A
5-NP,1414,525,1,0,0,526,A
5-NP,1415,0,0,0,528,528,C
5-NP,1416,0,5,520,0,525,G
5-NP,1417,527,0,0,0,527,A
5-NP,1418,525,1,2,0,528,A
5-NP,1419,0,0,0,526,526,C
5-NP,1420,2,0,0,521,523,C
5-NP,1421,1,2,0,514,517,C
5-NP,1422,0,2,516,1,519,G
5-NP,1423,516,0,0,0,516,A
5-NP,1424,0,520,0,0,520,T
5-NP,1425,3,0,0,509,512,C
5-NP,1426,1,0,508,0,509,G
5-NP,1427,0,507,0,0,507,T
5-NP,1428,0,0,505,0,505,G
5-NP,1429,0,1,0,502,503,C
5-NP,1430,5,0,0,491,496,C
5-NP,1431,4,0,0,499,503,C
5-NP,1432,0,496,0,0,496,T
5-NP,1433,0,0,0,518,518,C
5-NP,1434,1,513,0,0,514,T
5-NP,1435,0,511,0,0,511,T
5-NP,1436,0,511,0,0,511,T
5-NP,1437,0,510,0,0,510,T
5-NP,1438,2,1,510,0,513,G
5-NP,1439,514,0,0,0,514,A
5-NP,1440,0,505,0,0,505,T
5-NP,1441,505,0,0,0,505,A
5-NP,1442,0,429,0,0,429,T
5-NP,1443,0,0,435,0,435,G
5-NP,1444,428,0,0,0,428,A
5-NP,1445,0,1,435,0,436,G
5-NP,1446,0,436,0,0,436,T
5-NP,1447,425,0,1,0,426,A
5-NP,1448,427,0,0,0,427,A
5-NP,1449,0,426,0,0,426,T
5-NP,1450,0,0,426,0,426,G
5-NP,1451,422,0,1,0,423,A
5-NP,1452,377,0,0,0,377,A
5-NP,1453,0,1,375,0,376,G
5-NP,1454,1,1,345,0,347,G
5-NP,1455,348,0,0,0,348,A
5-NP,1456,0,347,0,0,347,T
5-NP,1457,2,0,0,340,342,C
5-NP,1458,0,341,0,0,341,T
5-NP,1459,0,342,0,0,342,T
5-NP,1460,342,0,0,0,342,A
5-NP,1461,0,340,0,1,341,T
5-NP,1462,1,335,0,0,336,T
5-NP,1463,0,334,0,1,335,T
5-NP,1464,1,0,0,327,328,C
5-NP,1465,0,318,0,0,318,T
5-NP,1466,0,318,0,0,318,T
5-NP,1467,0,1,0,318,319,C
5-NP,1468,0,1,315,0,316,G
5-NP,1469,0,0,313,0,313,G
5-NP,1470,315,0,0,0,315,A
5-NP,1471,0,1,316,0,317,G
5-NP,1472,317,0,0,0,317,A
5-NP,1473,0,0,0,315,315,C
5-NP,1474,291,0,0,0,291,A
5-NP,1475,292,0,0,0,292,A
5-NP,1476,1,290,0,0,291,T
5-NP,1477,0,0,291,0,291,G
5-NP,1478,1,0,0,288,289,C
5-NP,1479,277,0,1,0,278,A
5-NP,1480,0,0,278,0,278,G
5-NP,1481,274,0,0,1,275,A
5-NP,1482,257,0,0,0,257,A
5-NP,1483,0,0,257,0,257,G
5-NP,1484,168,0,0,0,168,A
5-NP,1485,0,0,168,0,168,G
5-NP,1486,0,147,0,0,147,T
5-NP,1487,147,0,0,0,147,A
5-NP,1488,0,0,0,147,147,C
5-NP,1489,0,0,133,0,133,G
5-NP,1490,133,0,0,0,133,A
5-NP,1491,0,0,0,128,128,C
5-NP,1492,88,0,0,0,88,A
5-NP,1493,88,0,0,0,88,A
5-NP,1494,0,73,0,1,74,T
5-NP,1495,0,71,0,0,71,T
5-NP,1496,70,0,0,0,70,A
5-NP,1497,69,0,0,0,69,A
6-NA,1,28,0,0,0,28,A
6-NA,2,0,28,0,0,28,T
6-NA,3,0,0,28,0,28,G
6-NA,4,27,0,1,0,28,A
6-NA,5,35,0,0,0,35,A
6-NA,6,0,35,0,0,35,T
6-NA,7,0,0,0,35,35,C
6-NA,8,1,0,0,34,35,C
6-NA,9,36,0,0,0,36,A
6-NA,10,39,0,0,0,39,A
6-NA,11,39,0,0,0,39,A
6-NA,12,0,39,0,0,39,T
6-NA,13,1,0,0,38,39,C
6-NA,14,39,0,0,0,39,A
6-NA,15,39,0,0,0,39,A
6-NA,16,38,0,0,0,38,A
6-NA,17,40,0,0,0,40,A
6-NA,18,0,0,44,0,44,G
6-NA,19,46,0,0,0,46,A
6-NA,20,0,47,0,0,47,T
6-NA,21,47,0,0,0,47,A
6-NA,22,50,0,0,0,50,A
6-NA,23,0,51,0,0,51,T
6-NA,24,51,0,0,0,51,A
6-NA,25,53,0,0,0,53,A
6-NA,26,0,0,0,54,54,C
6-NA,27,0,0,55,0,55,G
6-NA,28,55,0,0,0,55,A
6-NA,29,0,56,0,0,56,T
6-NA,30,0,56,0,0,56,T
6-NA,31,0,0,57,0,57,G
6-NA,32,0,0,58,0,58,G
6-NA,33,0,0,0,57,57,C
6-NA,34,0,57,0,0,57,T
6-NA,35,0,0,0,56,56,C
6-NA,36,0,57,0,0,57,T
6-NA,37,0,0,58,0,58,G
6-NA,38,0,58,0,0,58,T
6-NA,39,0,59,0,0,59,T
6-NA,40,0,61,0,0,61,T
6-NA,41,0,0,0,62,62,C
6-NA,42,0,61,0,0,61,T
6-NA,43,0,0,0,62,62,C
6-NA,44,0,61,0,0,61,T
6-NA,45,1,0,0,60,61,C
6-NA,46,62,0,0,0,62,A
6-NA,47,0,0,0,65,65,C
6-NA,48,0,0,0,65,65,C
6-NA,49,65,0,0,0,65,A
6-NA,50,0,65,0,0,65,T
6-NA,51,0,69,0,0,69,T
6-NA,52,0,68,0,0,68,T
6-NA,53,0,0,0,70,70,C
6-NA,54,0,0,0,71,71,C
6-NA,55,69,0,0,0,69,A
6-NA,56,0,0,0,72,72,C
6-NA,57,71,0,0,0,71,A
6-NA,58,77,0,0,0,77,A
6-NA,59,0,79,0,0,79,T
6-NA,60,79,0,0,0,79,A
6-NA,61,0,82,0,0,82,T
6-NA,62,0,0,81,0,81,G
6-NA,63,0,0,0,81,81,C
6-NA,64,0,82,0,0,82,T
6-NA,65,0,84,0,0,84,T
6-NA,66,1,0,0,82,83,C
6-NA,67,0,82,0,0,82,T
6-NA,68,0,83,0,0,83,T
6-NA,69,0,0,0,82,82,C
6-NA,70,83,0,0,0,83,A
6-NA,71,0,84,0,0,84,T
6-NA,72,0,0,83,0,83,G
6-NA,73,0,0,0,87,87,C
6-NA,74,88,0,0,0,88,A
6-NA,75,87,0,0,0,87,A
6-NA,76,89,0,0,0,89,A
6-NA,77,0,92,0,0,92,T
6-NA,78,0,91,0,0,91,T
6-NA,79,0,0,91,0,91,G
6-NA,80,0,0,0,91,91,C
6-NA,81,0,0,0,93,93,C
6-NA,82,93,0,0,0,93,A
6-NA,83,0,94,0,0,94,T
6-NA,84,0,0,0,103,103,C
6-NA,85,0,105,0,0,105,T
6-NA,86,0,105,0,0,105,T
6-NA,87,0,0,112,0,112,G
6-NA,88,112,0,0,0,112,A
6-NA,89,0,113,0,0,113,T
6-NA,90,113,0,0,0,113,A
6-NA,91,112,1,0,0,113,A
6-NA,92,0,0,0,128,128,C
6-NA,93,0,128,0,0,128,T
6-NA,94,131,0,0,0,131,A
6-NA,95,0,0,0,139,139,C
6-NA,96,0,138,0,0,138,T
6-NA,97,0,0,143,0,143,G
6-NA,98,0,143,0,0,143,T
6-NA,99,144,0,0,0,144,A
6-NA,100,147,0,0,0,147,A
6-NA,101,0,0,0,146,146,C
6-NA,102,144,0,0,0,144,A
6-NA,103,0,142,0,1,143,T
6-NA,104,0,141,0,0,141,T
6-NA,105,0,1,141,0,142,G
6-NA,106,0,0,0,142,142,C
6-NA,107,142,0,0,0,142,A
6-NA,108,0,145,0,0,145,T
6-NA,109,0,143,0,0,143,T
6-NA,110,0,145,0,0,145,T
6-NA,111,0,0,0,143,143,C
6-NA,112,145,0,0,0,145,A
6-NA,113,145,0,0,0,145,A
6-NA,114,0,0,146,0,146,G
6-NA,115,0,0,0,144,144,C
6-NA,116,146,0,0,0,146,A
6-NA,117,154,0,0,0,154,A
6-NA,118,0,155,0,0,155,T
6-NA,119,156,0,0,0,156,A
6-NA,120,0,156,0,0,156,T
6-NA,121,0,0,164,0,164,G
6-NA,122,163,0,0,0,163,A
6-NA,123,171,0,0,0,171,A
6-NA,124,0,173,0,0,173,T
6-NA,125,0,173,0,0,173,T
6-NA,126,0,0,0,173,173,C
6-NA,127,172,0,0,0,172,A
6-NA,128,172,0,0,0,172,A
6-NA,129,0,0,0,172,172,C
6-NA,130,0,172,0,0,172,T
6-NA,131,0,0,0,172,172,C
6-NA,132,0,0,0,174,174,C
6-NA,133,0,0,0,180,180,C
6-NA,134,0,0,0,180,180,C
6-NA,135,0,0,0,182,182,C
6-NA,136,1,0,0,180,181,C
6-NA,137,0,0,0,183,183,C
6-NA,138,183,0,0,0,183,A
6-NA,139,182,0,0,0,182,A
6-NA,140,181,0,0,0,181,A
6-NA,141,0,0,0,183,183,C
6-NA,142,182,0,0,0,182,A
6-NA,143,184,0,0,0,184,A
6-NA,144,0,0,0,184,184,C
6-NA,145,1,0,0,185,186,C
6-NA,146,194,0,0,0,194,A
6-NA,147,193,0,0,0,193,A
6-NA,148,0,1,197,0,198,G
6-NA,149,0,197,0,0,197,T
6-NA,150,0,1,196,0,197,G
6-NA,151,200,0,0,0,200,A
6-NA,152,0,201,0,0,201,T
6-NA,153,1,1,198,0,200,G
6-NA,154,0,0,0,200,200,C
6-NA,155,0,196,0,0,196,T
6-NA,156,0,0,223,0,223,G
6-NA,157,0,225,0,0,225,T
6-NA,158,0,0,227,0,227,G
6-NA,159,0,226,0,0,226,T
6-NA,160,0,1,227,0,228,G
6-NA,161,224,1,0,0,225,A
6-NA,162,232,0,0,0,232,A
6-NA,163,0,0,0,231,231,C
6-NA,164,2,0,0,227,229,C
6-NA,165,227,0,0,0,227,A
6-NA,166,227,0,0,1,228,A
6-NA,167,0,0,0,232,232,C
6-NA,168,233,0,0,0,233,A
6-NA,169,236,0,0,0,236,A
6-NA,170,0,236,0,0,236,T
6-NA,171,235,0,0,0,235,A
6-NA,172,237,0,0,0,237,A
6-NA,173,0,237,0,0,237,T
6-NA,174,237,0,0,0,237,A
6-NA,175,0,1,236,0,237,G
6-NA,176,234,0,0,0,234,A
6-NA,177,237,0,0,0,237,A
6-NA,178,233,0,1,0,234,A
6-NA,179,0,1,234,0,235,G
6-NA,180,239,0,0,0,239,A
6-NA,181,238,0,0,0,238,A
6-NA,182,249,0,2,0,251,A
6-NA,183,0,0,0,254,254,C
6-NA,184,254,0,0,0,254,A
6-NA,185,0,256,0,0,256,T
6-NA,186,257,0,0,0,257,A
6-NA,187,260,0,0,0,260,A
6-NA,188,2,0,0,262,264,C
6-NA,189,261,0,1,0,262,A
6-NA,190,0,1,274,0,275,G
6-NA,191,274,0,0,0,274,A
6-NA,192,0,0,278,0,278,G
6-NA,193,279,0,0,0,279,A
6-NA,194,0,290,0,0,290,T
6-NA,195,291,0,0,0,291,A
6-NA,196,0,0,294,0,294,G
6-NA,197,0,291,0,0,291,T
6-NA,198,0,2,294,0,296,G
6-NA,199,0,294,0,0,294,T
6-NA,200,295,0,0,1,296,A
6-NA,201,0,293,0,0,293,T
6-NA,202,1,0,0,291,292,C
6-NA,203,0,290,0,0,290,T
6-NA,204,0,3,298,0,301,G
6-NA,205,301,0,0,0,301,A
6-NA,206,0,0,0,301,301,C
6-NA,207,2,1,0,297,300,C
6-NA,208,298,0,0,0,298,A
6-NA,209,301,0,0,0,301,A
6-NA,210,0,0,0,307,307,C
6-NA,211,307,0,0,0,307,A
6-NA,212,1,0,0,317,318,C
6-NA,213,2,0,0,314,316,C
6-NA,214,321,0,0,0,321,A
6-NA,215,0,0,0,336,336,C
6-NA,216,0,0,0,335,335,C
6-NA,217,335,0,0,0,335,A
6-NA,218,0,334,0,1,335,T
6-NA,219,333,0,0,0,333,A
6-NA,220,0,4,331,0,335,G
6-NA,221,330,0,0,0,330,A
6-NA,222,1,2,330,0,333,G
6-NA,223,320,0,0,0,320,A
6-NA,224,317,0,0,0,317,A
6-NA,225,0,2,317,0,319,G
6-NA,226,0,0,318,0,318,G
6-NA,227,323,0,0,0,323,A
6-NA,228,322,0,0,0,322,A
6-NA,229,316,0,1,0,317,A
6-NA,230,0,317,0,0,317,T
6-NA,231,314,1,0,0,315,A
6-NA,232,0,314,0,0,314,T
6-NA,233,0,0,314,0,314,G
6-NA,234,0,0,0,316,316,C
6-NA,235,1,0,0,311,312,C
6-NA,236,1,0,0,313,314,C
6-NA,237,4,0,0,314,318,C
6-NA,238,318,0,0,0,318,A
6-NA,239,320,0,1,0,321,A
6-NA,240,322,0,0,0,322,A
6-NA,241,0,0,0,322,322,C
6-NA,242,0,320,0,0,320,T
6-NA,243,317,0,0,0,317,A
6-NA,244,0,1,317,0,318,G
6-NA,245,2,0,0,315,317,C
6-NA,246,319,0,0,0,319,A
6-NA,247,0,2,324,0,326,G
6-NA,248,322,0,0,0,322,A
6-NA,249,329,0,0,0,329,A
6-NA,250,0,329,0,0,329,T
6-NA,251,329,0,0,0,329,A
6-NA,252,0,0,0,330,330,C
6-NA,253,330,0,0,0,330,A
6-NA,254,1,1,331,0,333,G
6-NA,255,331,0,0,0,331,A
6-NA,256,330,0,0,0,330,A
6-NA,257,333,0,0,0,333,A
6-NA,258,0,329,0,0,329,T
6-NA,259,0,329,0,0,329,T
6-NA,260,0,3,329,0,332,G
6-NA,261,0,2,329,0,331,G
6-NA,262,0,334,0,0,334,T
6-NA,263,3,0,0,330,333,C
6-NA,264,333,0,0,0,333,A
6-NA,265,333,0,0,0,333,A
6-NA,266,332,0,1,0,333,A
6-NA,267,0,0,334,0,334,G
6-NA,268,0,0,0,337,337,C
6-NA,269,0,0,0,336,336,C
6-NA,270,0,0,336,0,336,G
6-NA,271,0,0,0,335,335,C
6-NA,272,342,0,0,0,342,A
6-NA,273,345,0,0,0,345,A
6-NA,274,0,346,0,0,346,T
6-NA,275,0,0,344,0,344,G
6-NA,276,0,0,0,342,342,C
6-NA,277,0,1,347,0,348,G
6-NA,278,356,0,0,0,356,A
6-NA,279,1,0,0,356,357,C
6-NA,280,357,0,0,0,357,A
6-NA,281,0,366,0,0,366,T
6-NA,282,0,368,0,0,368,T
6-NA,283,368,0,0,0,368,A
6-NA,284,0,0,0,367,367,C
6-NA,285,364,0,1,0,365,A
6-NA,286,0,0,368,0,368,G
6-NA,287,0,1,364,0,365,G
6-NA,288,363,0,0,0,363,A
6-NA,289,0,360,0,0,360,T
6-NA,290,0,354,0,0,354,T
6-NA,291,0,357,0,0,357,T
6-NA,292,0,0,358,0,358,G
6-NA,293,0,0,0,357,357,C
6-NA,294,357,0,0,0,357,A
6-NA,295,0,0,0,357,357,C
6-NA,296,0,0,0,355,355,C
6-NA,297,0,350,0,2,352,T
6-NA,298,0,354,0,1,355,T
6-NA,299,0,356,0,0,356,T
6-NA,300,0,354,0,0,354,T
6-NA,301,0,365,0,0,365,T
6-NA,302,1,0,0,365,366,C
6-NA,303,0,364,0,1,365,T
6-NA,304,361,0,0,0,361,A
6-NA,305,363,0,0,0,363,A
6-NA,306,0,2,362,0,364,G
6-NA,307,0,1,362,0,363,G
6-NA,308,363,0,0,0,363,A
6-NA,309,0,0,0,364,364,C
6-NA,310,359,0,0,0,359,A
6-NA,311,359,0,0,0,359,A
6-NA,312,0,357,0,0,357,T
6-NA,313,0,356,0,1,357,T
6-NA,314,1,0,0,363,364,C
6-NA,315,1,2,360,0,363,G
6-NA,316,362,0,1,0,363,A
6-NA,317,0,362,0,0,362,T
6-NA,318,0,360,0,0,360,T
6-NA,319,360,0,0,0,360,A
6-NA,320,1,0,359,0,360,G
6-NA,321,0,0,359,0,359,G
6-NA,322,0,0,0,357,357,C
6-NA,323,0,354,0,1,355,T
6-NA,324,0,358,0,0,358,T
6-NA,325,0,358,0,0,358,T
6-NA,326,1,0,0,360,361,C
6-NA,327,1,0,0,361,362,C
6-NA,328,1,0,358,0,359,G
6-NA,329,0,0,0,361,361,C
6-NA,330,0,357,0,0,357,T
6-NA,331,0,0,370,0,370,G
6-NA,332,0,1,368,0,369,G
6-NA,333,0,368,0,0,368,T
6-NA,334,0,0,371,0,371,G
6-NA,335,0,1,367,1,369,G
6-NA,336,0,0,367,0,367,G
6-NA,337,0,1,371,0,372,G
6-NA,338,370,0,0,0,370,A
6-NA,339,0,0,0,376,376,C
6-NA,340,369,0,0,0,369,A
6-NA,341,0,370,0,0,370,T
6-NA,342,0,0,0,369,369,C
6-NA,343,1,364,0,0,365,T
6-NA,344,0,0,365,0,365,G
6-NA,345,0,0,366,0,366,G
6-NA,346,0,1,366,0,367,G
6-NA,347,0,368,0,0,368,T
6-NA,348,0,4,355,0,359,G
6-NA,349,356,0,0,0,356,A
6-NA,350,1,0,0,363,364,C
6-NA,351,365,0,0,0,365,A
6-NA,352,392,0,0,0,392,A
6-NA,353,0,2,394,0,396,G
6-NA,354,395,0,0,0,395,A
6-NA,355,0,0,426,0,426,G
6-NA,356,441,0,0,0,441,A
6-NA,357,472,0,1,0,473,A
6-NA,358,0,0,0,577,577,C
6-NA,359,3,0,0,616,619,C
6-NA,360,0,619,0,0,619,T
6-NA,361,0,623,0,0,623,T
6-NA,362,624,0,0,0,624,A
6-NA,363,0,624,0,0,624,T
6-NA,364,0,2,664,0,666,G
6-NA,365,0,663,0,1,664,T
6-NA,366,0,1,682,0,683,G
6-NA,367,0,672,0,0,672,T
6-NA,368,2,0,0,671,673,C
6-NA,369,676,0,0,6,682,A
6-NA,370,0,679,0,1,680,T
6-NA,371,0,1,680,0,681,G
6-NA,372,0,1,0,680,681,C
6-NA,373,0,1,678,0,679,G
6-NA,374,757,0,0,0,757,A
6-NA,375,1,760,0,0,761,T
6-NA,376,0,0,0,782,782,C
6-NA,377,1,2,0,781,784,C
6-NA,378,1,805,1,1,808,T
6-NA,379,0,3,820,0,823,G
6-NA,380,823,0,0,0,823,A
6-NA,381,0,0,0,825,825,C
6-NA,382,822,0,2,0,824,A
6-NA,383,817,0,0,0,817,A
6-NA,384,0,2,851,0,853,G
6-NA,385,0,852,0,0,852,T
6-NA,386,0,0,858,1,859,G
6-NA,387,0,858,0,0,858,T
6-NA,388,0,860,0,0,860,T
6-NA,389,864,0,1,0,865,A
6-NA,390,0,864,0,1,865,T
6-NA,391,2,0,0,877,879,C
6-NA,392,883,0,0,0,883,A
6-NA,393,878,0,0,0,878,A
6-NA,394,0,874,0,0,874,T
6-NA,395,0,872,0,0,872,T
6-NA,396,0,872,0,1,873,T
6-NA,397,0,2,876,0,878,G
6-NA,398,0,0,0,940,940,C
6-NA,399,2,0,0,938,940,C
6-NA,400,5,0,0,937,942,C
6-NA,401,0,942,0,0,942,T
6-NA,402,0,944,0,0,944,T
6-NA,403,1,5,954,0,960,G
6-NA,404,0,4,956,0,960,G
6-NA,405,964,0,1,0,965,A
6-NA,406,0,1,0,969,970,C
6-NA,407,944,0,0,0,944,A
6-NA,408,0,0,970,0,970,G
6-NA,409,0,3,966,0,969,G
6-NA,410,0,8,1005,0,1013,G
6-NA,411,1015,0,1,0,1016,A
6-NA,412,1012,0,0,0,1012,A
6-NA,413,0,0,1,1011,1012,C
6-NA,414,999,0,1,0,1000,A
6-NA,415,1121,0,1,0,1122,A
6-NA,416,0,3,0,1129,1132,C
6-NA,417,1130,0,2,0,1132,A
6-NA,418,0,1,0,1144,1145,C
6-NA,419,0,1131,0,1,1132,T
6-NA,420,1144,0,0,0,1144,A
6-NA,421,1142,0,0,0,1142,A
6-NA,422,1149,0,1,0,1150,A
6-NA,423,1,0,0,1149,1150,C
6-NA,424,1098,1,0,0,1099,A
6-NA,425,1096,0,1,0,1097,A
6-NA,426,2,1,0,1098,1101,C
6-NA,427,0,1,1102,0,1103,G
6-NA,428,0,1100,0,1,1101,T
6-NA,429,1,2,1094,0,1097,G
6-NA,430,1,0,0,1099,1100,C
6-NA,431,1102,0,1,0,1103,A
6-NA,432,0,1106,0,1,1107,T
6-NA,433,0,1107,0,0,1107,T
6-NA,434,4,0,1,1112,1117,C
6-NA,435,1130,0,1,0,1131,A
6-NA,436,1144,0,1,0,1145,A
6-NA,437,1147,0,2,0,1149,A
6-NA,438,0,1157,0,0,1157,T
6-NA,439,0,12,1139,0,1151,G
6-NA,440,1171,1,1,0,1173,A
6-NA,441,2,0,0,1178,1180,C
6-NA,442,1179,0,0,0,1179,A
6-NA,443,0,0,0,1196,1196,C
6-NA,444,1193,0,0,1,1194,A
6-NA,445,0,2,1468,0,1470,G
6-NA,446,1,1468,0,1,1470,T
6-NA,447,1493,0,1,0,1494,A
6-NA,448,0,0,0,1497,1497,C
6-NA,449,0,0,1495,0,1495,G
6-NA,450,0,1551,0,0,1551,T
6-NA,451,0,10,1544,0,1554,G
6-NA,452,1566,0,3,0,1569,A
6-NA,453,0,1576,0,0,1576,T
6-NA,454,1467,0,0,0,1467,A
6-NA,455,0,6,1465,0,1471,G
6-NA,456,0,9,1456,0,1465,G
6-NA,457,1475,0,2,0,1477,A
6-NA,458,2,0,0,1497,1499,C
6-NA,459,4,0,0,1477,1481,C
6-NA,460,6,0,0,1490,1496,C
6-NA,461,6,0,0,1491,1497,C
6-NA,462,0,1502,2,0,1504,T
6-NA,463,1,1530,0,2,1533,T
6-NA,464,1544,0,1,0,1545,A
6-NA,465,0,1547,0,0,1547,T
6-NA,466,4,0,0,1544,1548,C
6-NA,467,2,9,1527,0,1538,G
6-NA,468,0,4,1543,1,1548,G
6-NA,469,1550,0,0,0,1550,A
6-NA,470,2,0,0,1551,1553,C
6-NA,471,3,0,0,1542,1545,C
6-NA,472,6,0,0,1621,1627,C
6-NA,473,0,1621,0,4,1625,T
6-NA,474,1649,0,2,0,1651,A
6-NA,475,0,1649,0,1,1650,T
6-NA,476,0,1657,0,0,1657,T
6-NA,477,0,3,1656,0,1659,G
6-NA,478,1654,0,2,0,1656,A
6-NA,479,0,1657,0,0,1657,T
6-NA,480,0,15,1645,0,1660,G
6-NA,481,1619,1,0,0,1620,A
6-NA,482,1620,0,0,0,1620,A
6-NA,483,0,1621,0,0,1621,T
6-NA,484,1,5,1632,0,1638,G
6-NA,485,1666,0,1,0,1667,A
6-NA,486,0,1,1680,0,1681,G
6-NA,487,0,1673,0,1,1674,T
6-NA,488,0,1678,0,1,1679,T
6-NA,489,1678,0,0,0,1678,A
6-NA,490,1,4,1678,0,1683,G
6-NA,491,1,1,1687,0,1689,G
6-NA,492,0,1679,0,2,1681,T
6-NA,493,0,2,1677,0,1679,G
6-NA,494,1,1661,0,2,1664,T
6-NA,495,0,1655,0,3,1658,T
6-NA,496,15,0,0,1659,1674,C
6-NA,497,6,0,0,1678,1684,C
6-NA,498,0,1673,0,4,1677,T
6-NA,499,0,1674,0,1,1675,T
6-NA,500,0,1676,0,1,1677,T
6-NA,501,0,1677,0,1,1678,T
6-NA,502,5,0,0,1682,1687,C
6-NA,503,1684,0,1,0,1685,A
6-NA,504,0,1739,0,1,1740,T
6-NA,505,3,0,0,1735,1738,C
6-NA,506,1,1726,0,0,1727,T
6-NA,507,0,3,1724,1,1728,G
6-NA,508,1,8,1711,1,1721,G
6-NA,509,0,7,1721,1,1729,G
6-NA,510,1,13,1732,0,1746,G
6-NA,511,1742,1,0,0,1743,A
6-NA,512,1,0,0,1762,1763,C
6-NA,513,7,2,0,1741,1750,C
6-NA,514,1776,0,0,0,1776,A
6-NA,515,1777,0,2,0,1779,A
6-NA,516,0,0,1780,0,1780,G
6-NA,517,1,0,0,1786,1787,C
6-NA,518,1780,0,0,0,1780,A
6-NA,519,1808,0,1,0,1809,A
6-NA,520,1,2,1825,0,1828,G
6-NA,521,1,1819,0,0,1820,T
6-NA,522,0,2,1855,0,1857,G
6-NA,523,0,1846,0,1,1847,T
6-NA,524,2,1,1891,0,1894,G
6-NA,525,2,1,0,1894,1897,C
6-NA,526,1896,0,0,0,1896,A
6-NA,527,0,1918,0,2,1920,T
6-NA,528,1887,1,2,0,1890,A
6-NA,529,0,0,1952,0,1952,G
6-NA,530,3,0,0,1947,1950,C
6-NA,531,1919,0,1,0,1920,A
6-NA,532,0,1914,0,1,1915,T
6-NA,533,2,9,1875,0,1886,G
6-NA,534,0,2,2007,0,2009,G
6-NA,535,0,2011,0,2,2013,T
6-NA,536,8,0,0,1990,1998,C
6-NA,537,5,0,0,2006,2011,C
6-NA,538,1997,0,1,0,1998,A
6-NA,539,0,0,2051,0,2051,G
6-NA,540,1,0,0,2055,2056,C
6-NA,541,0,2051,0,2,2053,T
6-NA,542,9,0,0,2049,2058,C
6-NA,543,2006,1,5,0,2012,A
6-NA,544,2046,0,0,1,2047,A
6-NA,545,1,0,2048,1,2050,G
6-NA,546,0,2070,0,2,2072,T
6-NA,547,0,2072,0,0,2072,T
6-NA,548,1,2,2059,0,2062,G
6-NA,549,2,2052,0,1,2055,T
6-NA,550,9,0,0,2048,2057,C
6-NA,551,2057,1,0,0,2058,A
6-NA,552,2,1,0,2072,2075,C
6-NA,553,3,3,2061,0,2067,G
6-NA,554,2103,0,1,0,2104,A
6-NA,555,1,2105,0,0,2106,T
6-NA,556,0,3,2141,0,2144,G
6-NA,557,1,5,2145,0,2151,G
6-NA,558,2139,2,0,0,2141,A
6-NA,559,2148,0,2,0,2150,A
6-NA,560,2171,0,2,0,2173,A
6-NA,561,2172,0,6,0,2178,A
6-NA,562,1,4,2202,0,2207,G
6-NA,563,1,0,0,2202,2203,C
6-NA,564,2200,0,1,0,2201,A
6-NA,565,0,2203,1,1,2205,T
6-NA,566,0,20,2209,0,2229,G
6-NA,567,0,2,2248,0,2250,G
6-NA,568,0,2,0,2267,2269,C
6-NA,569,0,2258,0,3,2261,T
6-NA,570,1,1,2269,0,2271,G
6-NA,571,2,0,0,2262,2264,C
6-NA,572,2272,0,3,0,2275,A
6-NA,573,0,2366,0,2,2368,T
6-NA,574,0,1,2380,0,2381,G
6-NA,575,0,2389,0,2,2391,T
6-NA,576,0,2446,0,1,2447,T
6-NA,577,0,2439,0,0,2439,T
6-NA,578,2,4,2586,1,2593,G
6-NA,579,0,2588,0,2,2590,T
6-NA,580,2598,1,0,0,2599,A
6-NA,581,0,2604,0,0,2604,T
6-NA,582,2572,0,0,0,2572,A
6-NA,583,2586,1,3,0,2590,A
6-NA,584,3,1,0,2578,2582,C
6-NA,585,1,6,2540,0,2547,G
6-NA,586,0,7,2552,0,2559,G
6-NA,587,1,12,2505,0,2518,G
6-NA,588,0,6,2517,0,2523,G
6-NA,589,0,9,2523,0,2532,G
6-NA,590,2514,0,6,0,2520,A
6-NA,591,0,2531,0,0,2531,T
6-NA,592,2,9,2527,0,2538,G
6-NA,593,2548,0,3,1,2552,A
6-NA,594,0,2559,0,0,2559,T
6-NA,595,2553,0,0,0,2553,A
6-NA,596,2592,0,0,0,2592,A
6-NA,597,2600,0,0,0,2600,A
6-NA,598,2599,0,0,0,2599,A
6-NA,599,2608,0,1,0,2609,A
6-NA,600,0,2616,0,0,2616,T
6-NA,601,0,4,2611,0,2615,G
6-NA,602,1,4,0,2617,2622,C
6-NA,603,2616,0,2,0,2618,A
6-NA,604,2625,1,1,0,2627,A
6-NA,605,2,0,0,2657,2659,C
6-NA,606,2,2655,0,0,2657,T
6-NA,607,1,1,2668,0,2670,G
6-NA,608,0,2,0,2662,2664,C
6-NA,609,1,2671,0,1,2673,T
6-NA,610,2677,0,1,0,2678,A
6-NA,611,24,0,2658,1,2683,G
6-NA,612,4,0,0,2708,2712,C
6-NA,613,1,2695,0,8,2704,T
6-NA,614,0,2700,0,1,2701,T
6-NA,615,5,0,0,2719,2724,C
6-NA,616,2722,0,0,0,2722,A
6-NA,617,0,2730,0,1,2731,T
6-NA,618,0,2724,0,2,2726,T
6-NA,619,0,2745,0,1,2746,T
6-NA,620,2753,0,0,0,2753,A
6-NA,621,3,1,0,2773,2777,C
6-NA,622,2764,0,1,0,2765,A
6-NA,623,2778,0,3,0,2781,A
6-NA,624,0,2765,0,3,2768,T
6-NA,625,3,26,2731,0,2760,G
6-NA,626,1,3,2756,0,2760,G
6-NA,627,3,8,2740,0,2751,G
6-NA,628,2745,0,3,0,2748,A
6-NA,629,0,5,2794,1,2800,G
6-NA,630,3,1,2823,0,2827,G
6-NA,631,0,0,0,2994,2994,C
6-NA,632,0,2979,1,3,2983,T
6-NA,633,0,3014,1,2,3017,T
6-NA,634,3,3,3044,0,3050,G
6-NA,635,2,3052,0,0,3054,T
6-NA,636,3100,1,0,1,3102,A
6-NA,637,0,2,3115,1,3118,G
6-NA,638,3066,1,5,0,3072,A
6-NA,639,0,3083,1,0,3084,T
6-NA,640,2881,1,1,0,2883,A
6-NA,641,0,1,2887,0,2888,G
6-NA,642,0,2867,0,2,2869,T
6-NA,643,1,2,2820,0,2823,G
6-NA,644,0,2932,0,0,2932,T
6-NA,645,0,2928,0,2,2930,T
6-NA,646,2,3,2975,0,2980,G
6-NA,647,2,2974,0,2,2978,T
6-NA,648,1,2979,1,1,2982,T
6-NA,649,0,2978,0,3,2981,T
6-NA,650,16,3,0,2914,2933,C
6-NA,651,2922,0,2,1,2925,A
6-NA,652,0,2922,0,1,2923,T
6-NA,653,0,12,2912,0,2924,G
6-NA,654,1,5,3095,1,3102,G
6-NA,655,0,3063,1,3,3067,T
6-NA,656,16,1,1,3036,3054,C
6-NA,657,12,4,0,3047,3063,C
6-NA,658,3064,2,3,0,3069,A
6-NA,659,3086,0,0,0,3086,A
6-NA,660,3077,0,3,0,3080,A
6-NA,661,1,6,3094,0,3101,G
6-NA,662,3085,2,2,0,3089,A
6-NA,663,3015,0,3,0,3018,A
6-NA,664,3021,0,1,0,3022,A
6-NA,665,0,3024,1,0,3025,T
6-NA,666,5,1,0,3103,3109,C
6-NA,667,16,1,1,3092,3110,C
6-NA,668,0,3094,1,2,3097,T
6-NA,669,11,1,1,3087,3100,C
6-NA,670,3092,0,1,1,3094,A
6-NA,671,1,6,3131,0,3138,G
6-NA,672,3,15,3116,1,3135,G
6-NA,673,3211,1,1,0,3213,A
6-NA,674,2,2,0,3203,3207,C
6-NA,675,8,1,0,3145,3154,C
6-NA,676,14,0,0,3134,3148,C
6-NA,677,3149,0,4,1,3154,A
6-NA,678,4,6,3154,0,3164,G
6-NA,679,0,15,3154,0,3169,G
6-NA,680,3139,0,1,0,3140,A
6-NA,681,0,3,3167,0,3170,G
6-NA,682,1,3120,0,1,3122,T
6-NA,683,13,0,1,3122,3136,C
6-NA,684,3124,0,3,1,3128,A
6-NA,685,0,9,3146,0,3155,G
6-NA,686,3144,0,1,2,3147,A
6-NA,687,3151,0,0,1,3152,A
6-NA,688,1,3126,0,0,3127,T
6-NA,689,0,2,3141,0,3143,G
6-NA,690,3,0,0,3130,3133,C
6-NA,691,14,3,3128,0,3145,G
6-NA,692,1,3134,1,1,3137,T
6-NA,693,0,3142,0,2,3144,T
6-NA,694,0,3119,0,1,3120,T
6-NA,695,2,4,3145,0,3151,G
6-NA,696,0,3158,0,2,3160,T
6-NA,697,3159,0,1,1,3161,A
6-NA,698,0,3145,0,6,3151,T
6-NA,699,11,0,0,3135,3146,C
6-NA,700,3128,1,1,0,3130,A
6-NA,701,3135,0,2,0,3137,A
6-NA,702,0,3135,0,3,3138,T
6-NA,703,3,13,3119,0,3135,G
6-NA,704,0,17,3110,1,3128,G
6-NA,705,3177,1,2,0,3180,A
6-NA,706,3177,2,3,0,3182,A
6-NA,707,2,1,0,3200,3203,C
6-NA,708,0,3208,0,4,3212,T
6-NA,709,0,3216,0,1,3217,T
6-NA,710,2,7,3301,0,3310,G
6-NA,711,1,3304,0,2,3307,T
6-NA,712,3302,1,2,0,3305,A
6-NA,713,2,1,0,3352,3355,C
6-NA,714,3275,0,4,1,3280,A
6-NA,715,0,3,3466,1,3470,G
6-NA,716,1,3443,0,0,3444,T
6-NA,717,3563,0,1,0,3564,A
6-NA,718,0,5,3568,0,3573,G
6-NA,719,0,3504,0,0,3504,T
6-NA,720,3501,0,1,0,3502,A
6-NA,721,3499,0,3,0,3502,A
6-NA,722,1,3480,0,1,3482,T
6-NA,723,1,28,3476,0,3505,G
6-NA,724,3396,0,5,1,3402,A
6-NA,725,5,0,0,3425,3430,C
6-NA,726,0,3335,0,0,3335,T
6-NA,727,2,5,3338,0,3345,G
6-NA,728,3336,0,3,0,3339,A
6-NA,729,0,3354,0,1,3355,T
6-NA,730,2,24,3332,1,3359,G
6-NA,731,1,10,3340,0,3351,G
6-NA,732,1,16,3339,0,3356,G
6-NA,733,3296,1,4,0,3301,A
6-NA,734,1,1,3300,1,3303,G
6-NA,735,0,3278,0,2,3280,T
6-NA,736,4,0,3289,0,3293,G
6-NA,737,1,0,0,3295,3296,C
6-NA,738,1,3273,0,3,3277,T
6-NA,739,2,3281,0,0,3283,T
6-NA,740,9,18,1,3233,3261,C
6-NA,741,4,14,3239,0,3257,G
6-NA,742,0,9,3342,0,3351,G
6-NA,743,0,13,3343,0,3356,G
6-NA,744,3348,0,4,0,3352,A
6-NA,745,3154,0,172,0,3326,A
6-NA,746,3318,0,1,0,3319,A
6-NA,747,3331,1,3,0,3335,A
6-NA,748,1,2,3349,0,3352,G
6-NA,749,1,3,1,3346,3351,C
6-NA,750,0,3279,0,2,3281,T
6-NA,751,2,9,3276,0,3287,G
6-NA,752,3282,0,3,0,3285,A
6-NA,753,2,3323,0,0,3325,T
6-NA,754,3335,0,2,1,3338,A
6-NA,755,4,1,0,3478,3483,C
6-NA,756,1,3462,0,1,3464,T
6-NA,757,3471,0,2,2,3475,A
6-NA,758,3476,1,1,2,3480,A
6-NA,759,3474,1,3,1,3479,A
6-NA,760,3548,1,1,1,3551,A
6-NA,761,0,3556,1,0,3557,T
6-NA,762,3538,3,0,1,3542,A
6-NA,763,5,0,0,3562,3567,C
6-NA,764,0,3396,0,2,3398,T
6-NA,765,3432,2,1,2,3437,A
6-NA,766,0,3424,0,2,3426,T
6-NA,767,0,3648,0,5,3653,T
6-NA,768,20,1,0,3678,3699,C
6-NA,769,3646,1,0,0,3647,A
6-NA,770,1,3634,1,0,3636,T
6-NA,771,0,3640,0,1,3641,T
6-NA,772,3600,1,1,0,3602,A
6-NA,773,3614,1,1,0,3616,A
6-NA,774,1,7,3628,0,3636,G
6-NA,775,0,22,3615,2,3639,G
6-NA,776,3434,0,1,0,3435,A
6-NA,777,3,7,3457,0,3467,G
6-NA,778,0,18,3451,0,3469,G
6-NA,779,2,8,3467,0,3477,G
6-NA,780,0,14,3466,0,3480,G
6-NA,781,3446,0,16,0,3462,A
6-NA,782,3462,1,2,2,3467,A
6-NA,783,3459,1,3,1,3464,A
6-NA,784,3464,0,1,2,3467,A
6-NA,785,0,3464,1,0,3465,T
6-NA,786,17,4,0,3427,3448,C
6-NA,787,0,2,3500,0,3502,G
6-NA,788,0,3489,0,1,3490,T
6-NA,789,0,3490,1,2,3493,T
6-NA,790,34,1,2,3466,3503,C
6-NA,791,3489,0,2,0,3491,A
6-NA,792,0,3761,0,3,3764,T
6-NA,793,3757,0,5,0,3762,A
6-NA,794,8,0,0,3778,3786,C
6-NA,795,2,3764,0,2,3768,T
6-NA,796,3760,0,2,1,3763,A
6-NA,797,0,4,3759,0,3763,G
6-NA,798,3,2,0,3766,3771,C
6-NA,799,3763,1,1,1,3766,A
6-NA,800,1,0,0,3775,3776,C
6-NA,801,3651,1,0,1,3653,A
6-NA,802,1,3754,0,0,3755,T
6-NA,803,0,3738,1,2,3741,T
6-NA,804,0,1,4019,0,4020,G
6-NA,805,1,3998,0,6,4005,T
6-NA,806,21,0,0,3981,4002,C
6-NA,807,3992,0,3,3,3998,A
6-NA,808,1,10,4000,2,4013,G
6-NA,809,1,14,3998,0,4013,G
6-NA,810,4009,0,0,1,4010,A
6-NA,811,3945,1,3,2,3951,A
6-NA,812,1,4,3999,0,4004,G
6-NA,813,0,3800,0,3,3803,T
6-NA,814,3,2,3829,1,3835,G
6-NA,815,2,3,1,3830,3836,C
6-NA,816,0,3830,0,1,3831,T
6-NA,817,15,3,1,3821,3840,C
6-NA,818,3823,0,3,0,3826,A
6-NA,819,2,1,3858,0,3861,G
6-NA,820,2,2,1,3859,3864,C
6-NA,821,3840,1,1,0,3842,A
6-NA,822,1,3844,0,4,3849,T
6-NA,823,3,1,3984,0,3988,G
6-NA,824,1,3984,0,3,3988,T
6-NA,825,25,2,0,3959,3986,C
6-NA,826,3,7,3985,0,3995,G
6-NA,827,3986,1,1,1,3989,A
6-NA,828,1,8,3959,0,3968,G
6-NA,829,0,14,3958,2,3974,G
6-NA,830,3938,0,0,0,3938,A
6-NA,831,0,3,3970,0,3973,G
6-NA,832,1,3860,0,1,3862,T
6-NA,833,1,3,3867,1,3872,G
6-NA,834,1,1,1,3908,3911,C
6-NA,835,0,3890,0,5,3895,T
6-NA,836,22,1,1,3889,3913,C
6-NA,837,8,1,0,3910,3919,C
6-NA,838,2,3916,0,2,3920,T
6-NA,839,1,0,3937,0,3938,G
6-NA,840,1,1,0,3903,3905,C
6-NA,841,0,3873,0,3,3876,T
6-NA,842,3910,1,1,0,3912,A
6-NA,843,0,3846,0,4,3850,T
6-NA,844,9,0,0,3863,3872,C
6-NA,845,11,0,0,3853,3864,C
6-NA,846,1,3851,1,4,3857,T
6-NA,847,8,0,1,3863,3872,C
6-NA,848,3,9,3853,0,3865,G
6-NA,849,3916,1,3,1,3921,A
6-NA,850,0,3905,0,14,3919,T
6-NA,851,3922,0,0,0,3922,A
6-NA,852,0,3925,0,0,3925,T
6-NA,853,6,0,3,3895,3904,C
6-NA,854,9,1,0,3888,3898,C
6-NA,855,0,3868,2,0,3870,T
6-NA,856,1,11,3884,0,3896,G
6-NA,857,2,7,3909,0,3918,G
6-NA,858,1,3948,0,2,3951,T
6-NA,859,3,1,3955,0,3959,G
6-NA,860,1,3919,0,3,3923,T
6-NA,861,24,3,0,3895,3922,C
6-NA,862,3923,0,0,1,3924,A
6-NA,863,1,3,3929,0,3933,G
6-NA,864,3924,1,3,1,3929,A
6-NA,865,0,3898,0,0,3898,T
6-NA,866,2,2,3897,0,3901,G
6-NA,867,1,3838,0,3,3842,T
6-NA,868,3,6,3854,0,3863,G
6-NA,869,2,3848,1,1,3852,T
6-NA,870,18,0,0,3845,3863,C
6-NA,871,1,3856,0,5,3862,T
6-NA,872,1,1,3872,0,3874,G
6-NA,873,3,4,1,3865,3873,C
6-NA,874,3868,0,4,0,3872,A
6-NA,875,0,4,3870,0,3874,G
6-NA,876,3801,0,0,1,3802,A
6-NA,877,1,12,3813,0,3826,G
6-NA,878,3803,1,2,0,3806,A
6-NA,879,5,0,0,3841,3846,C
6-NA,880,3840,1,0,0,3841,A
6-NA,881,3845,0,2,0,3847,A
6-NA,882,6,1,0,3877,3884,C
6-NA,883,1,3871,0,1,3873,T
6-NA,884,1,10,3865,1,3877,G
6-NA,885,0,6,3861,0,3867,G
6-NA,886,3858,0,1,0,3859,A
6-NA,887,3845,2,8,0,3855,A
6-NA,888,3771,1,4,1,3777,A
6-NA,889,0,8,3828,0,3836,G
6-NA,890,0,2,3817,1,3820,G
6-NA,891,3,1,0,3814,3818,C
6-NA,892,0,3798,1,6,3805,T
6-NA,893,9,2,1,3871,3883,C
6-NA,894,10,2,1,3896,3909,C
6-NA,895,3924,1,3,0,3928,A
6-NA,896,3931,0,1,0,3932,A
6-NA,897,1,3927,0,3,3931,T
6-NA,898,3818,0,7,0,3825,A
6-NA,899,3,8,3803,1,3815,G
6-NA,900,1,3,3815,0,3819,G
6-NA,901,2,0,0,3816,3818,C
6-NA,902,8,0,0,3750,3758,C
6-NA,903,17,2,0,3684,3703,C
6-NA,904,3722,1,5,0,3728,A
6-NA,905,1,3741,0,4,3746,T
6-NA,906,12,1,0,3739,3752,C
6-NA,907,4,4,3748,0,3756,G
6-NA,908,0,3748,1,0,3749,T
6-NA,909,3695,0,0,0,3695,A
6-NA,910,0,3,3762,0,3765,G
6-NA,911,3782,0,3,1,3786,A
6-NA,912,1,3784,0,5,3790,T
6-NA,913,3724,0,2,0,3726,A
6-NA,914,0,3685,0,4,3689,T
6-NA,915,3692,0,3,0,3695,A
6-NA,916,3677,0,0,0,3677,A
6-NA,917,3760,0,2,1,3763,A
6-NA,918,3,0,0,3825,3828,C
6-NA,919,3720,1,2,0,3723,A
6-NA,920,0,3712,0,1,3713,T
6-NA,921,3672,0,3,1,3676,A
6-NA,922,3674,1,2,1,3678,A
6-NA,923,3668,1,7,1,3677,A
6-NA,924,0,13,3693,0,3706,G
6-NA,925,1,12,3721,0,3734,G
6-NA,926,3611,2,3,0,3616,A
6-NA,927,2,3614,0,1,3617,T
6-NA,928,15,1,0,3604,3620,C
6-NA,929,3642,0,1,1,3644,A
6-NA,930,2,3645,0,1,3648,T
6-NA,931,3637,1,3,0,3641,A
6-NA,932,0,3,3662,0,3665,G
6-NA,933,1,1,0,3629,3631,C
6-NA,934,3564,0,0,0,3564,A
6-NA,935,1,3466,0,1,3468,T
6-NA,936,1,3491,0,2,3494,T
6-NA,937,1,1,3617,0,3619,G
6-NA,938,0,3616,2,4,3622,T
6-NA,939,1,3658,0,3,3662,T
6-NA,940,1,3543,0,114,3658,T
6-NA,941,10,1,1,3629,3641,C
6-NA,942,9,1,0,3643,3653,C
6-NA,943,3692,0,3,0,3695,A
6-NA,944,0,4,3736,0,3740,G
6-NA,945,0,3720,0,4,3724,T
6-NA,946,0,3619,0,6,3625,T
6-NA,947,3622,0,4,0,3626,A
6-NA,948,0,3571,0,3,3574,T
6-NA,949,1,1,3574,1,3577,G
6-NA,950,3,3531,0,8,3542,T
6-NA,951,2,1,3551,0,3554,G
6-NA,952,0,3469,0,2,3471,T
6-NA,953,3,2,3547,0,3552,G
6-NA,954,0,3554,0,2,3556,T
6-NA,955,0,3549,0,0,3549,T
6-NA,956,16,2,0,3532,3550,C
6-NA,957,3513,1,6,0,3520,A
6-NA,958,3,12,3514,1,3530,G
6-NA,959,1,16,3512,0,3529,G
6-NA,960,3507,0,1,0,3508,A
6-NA,961,1,1,0,3514,3516,C
6-NA,962,0,3371,0,6,3377,T
6-NA,963,1,3384,0,4,3389,T
6-NA,964,1,0,3509,0,3510,G
6-NA,965,1,3501,2,6,3510,T
6-NA,966,0,3507,0,2,3509,T
6-NA,967,3,7,3476,0,3486,G
6-NA,968,1,17,3463,0,3481,G
6-NA,969,3475,2,8,1,3486,A
6-NA,970,0,14,3470,0,3484,G
6-NA,971,3471,1,4,0,3476,A
6-NA,972,4,3,0,3460,3467,C
6-NA,973,3370,0,2,0,3372,A
6-NA,974,3,4,0,3370,3377,C
6-NA,975,3382,0,5,0,3387,A
6-NA,976,6,0,0,3396,3402,C
6-NA,977,14,1,0,3361,3376,C
6-NA,978,13,3,2,3365,3383,C
6-NA,979,3374,0,4,0,3378,A
6-NA,980,1,11,3380,1,3393,G
6-NA,981,3373,1,4,0,3378,A
6-NA,982,3399,1,2,0,3402,A
6-NA,983,3384,0,1,0,3385,A
6-NA,984,3381,0,0,0,3381,A
6-NA,985,3363,0,0,0,3363,A
6-NA,986,3363,0,4,3,3370,A
6-NA,987,2,3,0,3374,3379,C
6-NA,988,2,22,3341,1,3366,G
6-NA,989,3359,0,0,0,3359,A
6-NA,990,1,1,0,3350,3352,C
6-NA,991,3335,0,4,0,3339,A
6-NA,992,0,2,3373,0,3375,G
6-NA,993,2,0,0,3475,3477,C
6-NA,994,1,3456,0,5,3462,T
6-NA,995,17,1,0,3454,3472,C
6-NA,996,6,1,1,3468,3476,C
6-NA,997,3477,1,2,0,3480,A
6-NA,998,5,2,3504,0,3511,G
6-NA,999,4,0,0,3501,3505,C
6-NA,1000,3489,1,0,1,3491,A
6-NA,1001,2,1,3490,0,3493,G
6-NA,1002,0,3345,0,1,3346,T
6-NA,1003,3350,0,1,0,3351,A
6-NA,1004,1,0,3356,0,3357,G
6-NA,1005,4,2,1,3355,3362,C
6-NA,1006,12,1,0,3350,3363,C
6-NA,1007,3317,0,0,0,3317,A
6-NA,1008,0,3308,0,1,3309,T
6-NA,1009,1,3298,0,4,3303,T
6-NA,1010,1,3,3373,0,3377,G
6-NA,1011,1,3350,2,2,3355,T
6-NA,1012,3,3336,0,7,3346,T
6-NA,1013,1,3340,0,2,3343,T
6-NA,1014,3,11,3316,0,3330,G
6-NA,1015,3,7,3358,0,3368,G
6-NA,1016,3356,0,0,0,3356,A
6-NA,1017,0,3369,0,2,3371,T
6-NA,1018,20,1,1,3347,3369,C
6-NA,1019,8,2,0,3316,3326,C
6-NA,1020,4,3316,1,3,3324,T
6-NA,1021,3321,0,6,0,3327,A
6-NA,1022,3340,1,3,1,3345,A
6-NA,1023,3,2,0,3374,3379,C
6-NA,1024,3302,0,1,0,3303,A
6-NA,1025,3344,1,2,0,3347,A
6-NA,1026,1,3343,1,1,3346,T
6-NA,1027,6,6,3364,2,3378,G
6-NA,1028,3367,0,2,0,3369,A
6-NA,1029,3349,0,8,0,3357,A
6-NA,1030,1,4,3376,0,3381,G
6-NA,1031,3376,1,2,0,3379,A
6-NA,1032,3301,0,5,0,3306,A
6-NA,1033,1,9,3300,0,3310,G
6-NA,1034,4,4,3309,0,3317,G
6-NA,1035,1,3272,0,1,3274,T
6-NA,1036,0,13,3257,0,3270,G
6-NA,1037,0,4,3348,0,3352,G
6-NA,1038,1,3330,1,3,3335,T
6-NA,1039,30,0,1,3292,3323,C
6-NA,1040,3320,0,1,0,3321,A
6-NA,1041,1,3299,0,5,3305,T
6-NA,1042,1,7,3293,0,3301,G
6-NA,1043,0,17,3296,0,3313,G
6-NA,1044,3292,0,5,1,3298,A
6-NA,1045,0,2,3372,1,3375,G
6-NA,1046,0,3242,0,2,3244,T
6-NA,1047,1,8,3246,0,3255,G
6-NA,1048,3245,1,0,0,3246,A
6-NA,1049,3235,1,1,1,3238,A
6-NA,1050,3238,2,9,0,3249,A
6-NA,1051,0,6,3268,0,3274,G
6-NA,1052,1,1,3233,0,3235,G
6-NA,1053,0,1,0,3237,3238,C
6-NA,1054,0,3131,0,3,3134,T
6-NA,1055,3,9,3126,0,3138,G
6-NA,1056,0,12,3135,0,3147,G
6-NA,1057,0,1,3182,0,3183,G
6-NA,1058,1,1,0,3179,3181,C
6-NA,1059,15,1,0,3164,3180,C
6-NA,1060,2,3116,0,7,3125,T
6-NA,1061,1,3132,0,2,3135,T
6-NA,1062,0,3138,0,3,3141,T
6-NA,1063,1,4,3146,0,3151,G
6-NA,1064,3145,1,2,1,3149,A
6-NA,1065,0,3127,0,2,3129,T
6-NA,1066,1,6,3078,0,3085,G
6-NA,1067,3045,1,3,1,3050,A
6-NA,1068,1,3060,0,3,3064,T
6-NA,1069,2,6,3059,1,3068,G
6-NA,1070,1,5,3093,0,3099,G
6-NA,1071,3090,1,5,0,3096,A
6-NA,1072,3088,1,1,0,3090,A
6-NA,1073,3091,0,3,0,3094,A
6-NA,1074,1,3089,0,2,3092,T
6-NA,1075,0,15,3080,0,3095,G
6-NA,1076,3093,0,2,0,3095,A
6-NA,1077,2,1,1,3076,3080,C
6-NA,1078,3,1,3092,0,3096,G
6-NA,1079,0,3032,0,3,3035,T
6-NA,1080,2,1,3053,0,3056,G
6-NA,1081,0,3047,1,2,3050,T
6-NA,1082,3,12,3034,1,3050,G
6-NA,1083,1,6,3061,0,3068,G
6-NA,1084,3054,0,1,0,3055,A
6-NA,1085,1,3058,0,2,3061,T
6-NA,1086,2,12,3035,0,3049,G
6-NA,1087,1,13,3026,0,3040,G
6-NA,1088,0,1,3052,0,3053,G
6-NA,1089,3037,0,1,0,3038,A
6-NA,1090,3026,0,5,0,3031,A
6-NA,1091,0,15,3005,0,3020,G
6-NA,1092,2994,0,4,1,2999,A
6-NA,1093,3000,1,1,0,3002,A
6-NA,1094,2,2,0,2985,2989,C
6-NA,1095,1,17,2956,0,2974,G
6-NA,1096,2968,0,1,1,2970,A
6-NA,1097,3,2924,0,3,2930,T
6-NA,1098,9,0,0,2929,2938,C
6-NA,1099,2937,0,3,0,2940,A
6-NA,1100,2,1,2944,0,2947,G
6-NA,1101,2,65,0,2879,2946,C
6-NA,1102,1,18,2931,0,2950,G
6-NA,1103,2936,1,2,0,2939,A
6-NA,1104,1,1,2933,0,2935,G
6-NA,1105,2924,0,5,0,2929,A
6-NA,1106,2914,3,2,0,2919,A
6-NA,1107,0,1,2938,0,2939,G
6-NA,1108,1,2912,0,2,2915,T
6-NA,1109,21,0,0,2869,2890,C
6-NA,1110,2885,0,3,1,2889,A
6-NA,1111,2,2,0,2975,2979,C
6-NA,1112,2,0,2975,0,2977,G
6-NA,1113,4,0,0,2970,2974,C
6-NA,1114,0,2956,0,0,2956,T
6-NA,1115,0,2968,0,0,2968,T
6-NA,1116,2927,0,1,0,2928,A
6-NA,1117,2,6,2993,0,3001,G
6-NA,1118,1,15,2991,0,3007,G
6-NA,1119,1,5,3058,0,3064,G
6-NA,1120,0,2883,0,1,2884,T
6-NA,1121,2876,1,0,0,2877,A
6-NA,1122,0,2864,1,1,2866,T
6-NA,1123,0,8,2854,1,2863,G
6-NA,1124,2855,0,2,0,2857,A
6-NA,1125,2849,0,4,0,2853,A
6-NA,1126,2721,0,1,0,2722,A
6-NA,1127,5,1,0,2723,2729,C
6-NA,1128,6,0,0,2639,2645,C
6-NA,1129,0,2544,0,1,2545,T
6-NA,1130,1,2535,1,2,2539,T
6-NA,1131,4,3,0,2536,2543,C
6-NA,1132,2540,0,2,1,2543,A
6-NA,1133,2544,0,1,1,2546,A
6-NA,1134,2544,1,0,0,2545,A
6-NA,1135,0,1,2567,0,2568,G
6-NA,1136,1,2524,0,0,2525,T
6-NA,1137,23,2,0,2516,2541,C
6-NA,1138,2581,1,2,0,2584,A
6-NA,1139,0,2574,0,5,2579,T
6-NA,1140,0,2576,0,3,2579,T
6-NA,1141,0,6,2574,0,2580,G
6-NA,1142,2566,0,4,0,2570,A
6-NA,1143,2576,1,1,0,2578,A
6-NA,1144,0,3,2570,1,2574,G
6-NA,1145,1,2,2551,0,2554,G
6-NA,1146,2,0,0,2541,2543,C
6-NA,1147,0,2457,0,1,2458,T
6-NA,1148,1,14,2457,0,2472,G
6-NA,1149,1,0,2528,0,2529,G
6-NA,1150,0,2524,1,2,2527,T
6-NA,1151,10,0,0,2509,2519,C
6-NA,1152,12,2,1,2497,2512,C
6-NA,1153,2497,0,1,0,2498,A
6-NA,1154,2507,0,2,0,2509,A
6-NA,1155,7,0,0,2514,2521,C
6-NA,1156,12,0,0,2502,2514,C
6-NA,1157,13,0,1,2485,2499,C
6-NA,1158,0,2384,1,1,2386,T
6-NA,1159,2388,0,0,0,2388,A
6-NA,1160,2388,0,1,0,2389,A
6-NA,1161,0,1,2403,0,2404,G
6-NA,1162,0,2393,0,0,2393,T
6-NA,1163,15,1,0,2359,2375,C
6-NA,1164,15,1,1,2311,2328,C
6-NA,1165,2323,0,3,0,2326,A
6-NA,1166,2322,0,2,0,2324,A
6-NA,1167,2325,0,0,0,2325,A
6-NA,1168,1,2326,0,2,2329,T
6-NA,1169,0,2316,1,1,2318,T
6-NA,1170,1,3,2301,0,2305,G
6-NA,1171,1,1,0,2296,2298,C
6-NA,1172,2288,2,4,0,2294,A
6-NA,1173,2,1,2295,0,2298,G
6-NA,1174,2292,0,1,1,2294,A
6-NA,1175,0,2323,0,2,2325,T
6-NA,1176,2324,0,1,0,2325,A
6-NA,1177,2325,2,1,0,2328,A
6-NA,1178,2327,0,4,0,2331,A
6-NA,1179,0,2317,0,0,2317,T
6-NA,1180,2316,1,1,0,2318,A
6-NA,1181,0,9,2310,0,2319,G
6-NA,1182,0,2,2305,0,2307,G
6-NA,1183,2,2,0,2301,2305,C
6-NA,1184,2218,0,0,0,2218,A
6-NA,1185,2250,0,0,0,2250,A
6-NA,1186,1,2,2265,0,2268,G
6-NA,1187,2,2248,0,3,2253,T
6-NA,1188,25,1,0,2227,2253,C
6-NA,1189,2259,0,4,0,2263,A
6-NA,1190,0,2265,0,0,2265,T
6-NA,1191,2273,0,2,0,2275,A
6-NA,1192,1,1,2285,0,2287,G
6-NA,1193,0,2278,1,1,2280,T
6-NA,1194,0,2184,1,0,2185,T
6-NA,1195,1,11,2132,0,2144,G
6-NA,1196,2123,0,4,0,2127,A
6-NA,1197,1,1,0,2123,2125,C
6-NA,1198,2067,2,3,0,2072,A
6-NA,1199,0,1,2094,0,2095,G
6-NA,1200,2051,0,2,0,2053,A
6-NA,1201,0,2,2104,1,2107,G
6-NA,1202,1,3,2104,0,2108,G
6-NA,1203,1,2089,0,1,2091,T
6-NA,1204,2082,0,0,0,2082,A
6-NA,1205,2076,0,2,0,2078,A
6-NA,1206,1,2077,0,2,2080,T
6-NA,1207,2075,0,2,0,2077,A
6-NA,1208,1,6,2011,0,2018,G
6-NA,1209,0,2,1971,0,1973,G
6-NA,1210,1,1770,0,2,1773,T
6-NA,1211,9,0,0,1735,1744,C
6-NA,1212,8,1,0,1713,1722,C
6-NA,1213,1,4,1718,0,1723,G
6-NA,1214,1,3,1721,0,1725,G
6-NA,1215,0,1722,0,1,1723,T
6-NA,1216,0,1722,0,0,1722,T
6-NA,1217,1701,0,0,0,1701,A
6-NA,1218,1,1656,0,2,1659,T
6-NA,1219,0,1656,0,1,1657,T
6-NA,1220,4,0,0,1651,1655,C
6-NA,1221,2,1594,0,2,1598,T
6-NA,1222,3,0,1580,0,1583,G
6-NA,1223,0,2,1575,0,1577,G
6-NA,1224,2,19,0,1540,1561,C
6-NA,1225,1575,0,0,0,1575,A
6-NA,1226,1,1565,0,0,1566,T
6-NA,1227,0,1564,0,2,1566,T
6-NA,1228,0,1569,0,1,1570,T
6-NA,1229,0,1580,0,3,1583,T
6-NA,1230,5,0,0,1574,1579,C
6-NA,1231,0,1566,0,4,1570,T
6-NA,1232,5,0,0,1570,1575,C
6-NA,1233,0,1572,1,0,1573,T
6-NA,1234,0,1,1593,0,1594,G
6-NA,1235,1,1589,0,2,1592,T
6-NA,1236,1,1585,0,0,1586,T
6-NA,1237,0,5,1580,0,1585,G
6-NA,1238,1571,0,1,0,1572,A
6-NA,1239,1569,0,2,0,1571,A
6-NA,1240,0,4,1586,0,1590,G
6-NA,1241,2,1,1576,0,1579,G
6-NA,1242,0,2,0,1577,1579,C
6-NA,1243,1553,0,1,0,1554,A
6-NA,1244,1550,1,4,0,1555,A
6-NA,1245,1561,0,0,0,1561,A
6-NA,1246,1562,0,4,1,1567,A
6-NA,1247,0,0,1571,0,1571,G
6-NA,1248,0,1,0,1569,1570,C
6-NA,1249,0,1544,0,0,1544,T
6-NA,1250,1,1,1557,0,1559,G
6-NA,1251,1,1,0,1551,1553,C
6-NA,1252,1558,0,0,0,1558,A
6-NA,1253,0,1553,1,2,1556,T
6-NA,1254,3,0,1,1544,1548,C
6-NA,1255,1545,0,0,0,1545,A
6-NA,1256,1546,0,0,0,1546,A
6-NA,1257,0,1545,0,0,1545,T
6-NA,1258,8,1,0,1532,1541,C
6-NA,1259,4,9,1511,0,1524,G
6-NA,1260,0,2,1541,0,1543,G
6-NA,1261,0,1536,1,1,1538,T
6-NA,1262,2,1,1545,0,1548,G
6-NA,1263,0,1,0,1545,1546,C
6-NA,1264,0,1538,0,6,1544,T
6-NA,1265,1,1558,0,0,1559,T
6-NA,1266,0,1559,0,0,1559,T
6-NA,1267,0,1569,0,0,1569,T
6-NA,1268,1576,0,0,0,1576,A
6-NA,1269,0,1510,0,2,1512,T
6-NA,1270,1,0,1510,0,1511,G
6-NA,1271,0,1495,0,3,1498,T
6-NA,1272,0,4,1477,0,1481,G
6-NA,1273,0,4,1493,0,1497,G
6-NA,1274,1465,0,1,0,1466,A
6-NA,1275,0,2,1479,0,1481,G
6-NA,1276,0,1468,0,1,1469,T
6-NA,1277,0,1459,0,1,1460,T
6-NA,1278,1,7,1463,1,1472,G
6-NA,1279,1463,0,1,0,1464,A
6-NA,1280,0,1466,0,0,1466,T
6-NA,1281,1452,0,1,2,1455,A
6-NA,1282,1409,0,2,0,1411,A
6-NA,1283,0,3,1418,0,1421,G
6-NA,1284,0,8,1380,0,1388,G
6-NA,1285,0,2,1377,0,1379,G
6-NA,1286,0,2,1367,0,1369,G
6-NA,1287,1347,0,2,0,1349,A
6-NA,1288,1344,0,3,0,1347,A
6-NA,1289,0,5,1353,0,1358,G
6-NA,1290,1353,0,0,0,1353,A
6-NA,1291,1355,0,0,0,1355,A
6-NA,1292,1341,1,1,0,1343,A
6-NA,1293,1308,0,1,0,1309,A
6-NA,1294,4,2,1306,0,1312,G
6-NA,1295,1289,0,2,1,1292,A
6-NA,1296,1,1,1293,0,1295,G
6-NA,1297,4,5,1283,0,1292,G
6-NA,1298,1270,0,0,0,1270,A
6-NA,1299,1271,0,0,0,1271,A
6-NA,1300,1274,0,0,0,1274,A
6-NA,1301,1,0,0,1275,1276,C
6-NA,1302,0,1268,0,0,1268,T
6-NA,1303,0,1,1265,1,1267,G
6-NA,1304,1261,0,0,0,1261,A
6-NA,1305,1261,0,1,0,1262,A
6-NA,1306,0,0,1271,0,1271,G
6-NA,1307,1,1259,0,3,1263,T
6-NA,1308,3,0,0,1274,1277,C
6-NA,1309,1,1267,0,4,1272,T
6-NA,1310,1,1254,0,0,1255,T
6-NA,1311,1,0,1255,0,1256,G
6-NA,1312,0,1251,0,1,1252,T
6-NA,1313,0,4,1247,0,1251,G
6-NA,1314,0,6,1245,0,1251,G
6-NA,1315,1234,0,1,0,1235,A
6-NA,1316,0,0,0,1233,1233,C
6-NA,1317,3,0,0,1181,1184,C
6-NA,1318,0,1183,0,1,1184,T
6-NA,1319,3,0,0,1177,1180,C
6-NA,1320,2,14,1164,0,1180,G
6-NA,1321,1185,1,1,0,1187,A
6-NA,1322,1187,0,0,0,1187,A
6-NA,1323,2,0,0,1198,1200,C
6-NA,1324,1176,0,0,0,1176,A
6-NA,1325,1,2,1211,0,1214,G
6-NA,1326,0,1203,0,1,1204,T
6-NA,1327,1208,0,0,0,1208,A
6-NA,1328,0,1205,0,0,1205,T
6-NA,1329,2,1167,0,0,1169,T
6-NA,1330,1,1,1172,0,1174,G
6-NA,1331,1,1169,0,1,1171,T
6-NA,1332,0,1123,0,1,1124,T
6-NA,1333,1,0,1123,0,1124,G
6-NA,1334,0,1005,0,1,1006,T
6-NA,1335,0,0,1009,0,1009,G
6-NA,1336,0,999,0,1,1000,T
6-NA,1337,0,986,0,0,986,T
6-NA,1338,0,991,0,0,991,T
6-NA,1339,0,958,0,0,958,T
6-NA,1340,0,0,962,0,962,G
6-NA,1341,0,962,0,0,962,T
6-NA,1342,1,5,948,0,954,G
6-NA,1343,1,1,955,0,957,G
6-NA,1344,0,0,0,939,939,C
6-NA,1345,939,0,1,0,940,A
6-NA,1346,0,0,0,948,948,C
6-NA,1347,3,0,0,939,942,C
6-NA,1348,0,941,0,0,941,T
6-NA,1349,2,0,0,937,939,C
6-NA,1350,940,0,3,0,943,A
6-NA,1351,0,3,942,0,945,G
6-NA,1352,0,0,951,0,951,G
6-NA,1353,2,944,0,0,946,T
6-NA,1354,945,0,0,0,945,A
6-NA,1355,1,0,0,898,899,C
6-NA,1356,896,0,0,0,896,A
6-NA,1357,0,893,0,1,894,T
6-NA,1358,872,1,2,0,875,A
6-NA,1359,0,873,0,1,874,T
6-NA,1360,0,1,816,0,817,G
6-NA,1361,0,3,818,0,821,G
6-NA,1362,814,0,0,0,814,A
6-NA,1363,808,0,0,0,808,A
6-NA,1364,0,0,0,799,799,C
6-NA,1365,685,0,1,0,686,A
6-NA,1366,0,0,687,0,687,G
6-NA,1367,0,0,686,0,686,G
6-NA,1368,0,0,0,686,686,C
6-NA,1369,0,681,0,0,681,T
6-NA,1370,2,0,0,650,652,C
6-NA,1371,643,0,0,0,643,A
6-NA,1372,0,638,0,2,640,T
6-NA,1373,0,2,642,0,644,G
6-NA,1374,2,0,647,0,649,G
6-NA,1375,0,0,0,626,626,C
6-NA,1376,0,0,1,616,617,C
6-NA,1377,0,572,0,2,574,T
6-NA,1378,0,1,571,0,572,G
6-NA,1379,572,0,0,0,572,A
6-NA,1380,0,570,0,0,570,T
6-NA,1381,0,2,560,0,562,G
6-NA,1382,0,1,555,0,556,G
6-NA,1383,0,3,502,0,505,G
6-NA,1384,0,0,506,0,506,G
6-NA,1385,0,1,0,494,495,C
6-NA,1386,1,1,497,0,499,G
6-NA,1387,0,2,495,0,497,G
6-NA,1388,488,0,0,0,488,A
6-NA,1389,0,0,0,487,487,C
6-NA,1390,485,0,0,0,485,A
6-NA,1391,0,475,0,1,476,T
6-NA,1392,3,0,0,464,467,C
6-NA,1393,461,0,0,0,461,A
6-NA,1394,461,0,1,0,462,A
6-NA,1395,0,459,0,0,459,T
6-NA,1396,1,0,0,445,446,C
6-NA,1397,0,434,0,0,434,T
6-NA,1398,3,0,0,361,364,C
6-NA,1399,361,0,0,0,361,A
6-NA,1400,0,357,0,0,357,T
6-NA,1401,0,0,356,0,356,G
6-NA,1402,0,1,0,355,356,C
6-NA,1403,1,0,0,336,337,C
6-NA,1404,0,299,1,0,300,T
6-NA,1405,298,0,0,0,298,A
6-NA,1406,0,297,0,0,297,T
6-NA,1407,294,0,0,0,294,A
6-NA,1408,0,294,0,0,294,T
6-NA,1409,265,0,0,0,265,A
6-NA,1410,261,0,0,0,261,A
7-M,1,62,0,0,0,62,A
7-M,2,0,62,0,0,62,T
7-M,3,0,0,62,0,62,G
7-M,4,64,0,0,0,64,A
7-M,5,0,0,70,0,70,G
7-M,6,0,0,0,75,75,C
7-M,7,0,0,0,78,78,C
7-M,8,0,99,0,0,99,T
7-M,9,0,99,0,0,99,T
7-M,10,0,0,0,99,99,C
7-M,11,0,99,0,0,99,T
7-M,12,102,0,0,0,102,A
7-M,13,101,0,1,0,102,A
7-M,14,0,0,0,101,101,C
7-M,15,1,1,0,100,102,C
7-M,16,0,0,102,0,102,G
7-M,17,107,0,0,0,107,A
7-M,18,0,0,110,0,110,G
7-M,19,0,1,111,0,112,G
7-M,20,0,112,0,0,112,T
7-M,21,0,0,0,113,113,C
7-M,22,0,2,111,0,113,G
7-M,23,123,0,0,0,123,A
7-M,24,124,0,0,0,124,A
7-M,25,123,0,1,0,124,A
7-M,26,0,0,0,150,150,C
7-M,27,0,0,152,0,152,G
7-M,28,0,153,0,0,153,T
7-M,29,156,0,0,0,156,A
7-M,30,0,157,0,0,157,T
7-M,31,0,0,159,0,159,G
7-M,32,0,158,0,0,158,T
7-M,33,0,175,0,0,175,T
7-M,34,1,0,0,180,181,C
7-M,35,0,181,0,0,181,T
7-M,36,0,0,0,191,191,C
7-M,37,0,191,0,0,191,T
7-M,38,0,0,0,201,201,C
7-M,39,0,201,0,0,201,T
7-M,40,201,0,0,0,201,A
7-M,41,0,201,0,0,201,T
7-M,42,0,0,0,200,200,C
7-M,43,0,0,203,0,203,G
7-M,44,0,207,0,0,207,T
7-M,45,0,204,0,0,204,T
7-M,46,1,0,0,211,212,C
7-M,47,0,0,0,222,222,C
7-M,48,226,0,0,0,226,A
7-M,49,0,227,0,0,227,T
7-M,50,0,0,0,227,227,C
7-M,51,226,0,1,0,227,A
7-M,52,0,0,231,0,231,G
7-M,53,0,0,231,0,231,G
7-M,54,0,0,0,232,232,C
7-M,55,1,0,0,230,231,C
7-M,56,0,0,0,231,231,C
7-M,57,3,0,0,234,237,C
7-M,58,0,0,0,239,239,C
7-M,59,0,239,0,0,239,T
7-M,60,2,0,0,237,239,C
7-M,61,237,0,0,0,237,A
7-M,62,240,0,0,0,240,A
7-M,63,240,0,0,0,240,A
7-M,64,0,0,243,0,243,G
7-M,65,0,0,0,243,243,C
7-M,66,1,0,0,241,242,C
7-M,67,0,1,242,0,243,G
7-M,68,244,0,0,0,244,A
7-M,69,0,1,245,0,246,G
7-M,70,245,0,0,0,245,A
7-M,71,0,245,0,0,245,T
7-M,72,3,0,0,239,242,C
7-M,73,0,2,241,0,243,G
7-M,74,1,0,0,244,245,C
7-M,75,0,0,245,0,245,G
7-M,76,1,0,0,245,246,C
7-M,77,244,0,1,0,245,A
7-M,78,0,1,245,0,246,G
7-M,79,246,0,0,0,246,A
7-M,80,1,1,267,0,269,G
7-M,81,267,0,1,0,268,A
7-M,82,0,0,0,273,273,C
7-M,83,0,273,0,0,273,T
7-M,84,0,273,0,0,273,T
7-M,85,0,1,274,0,275,G
7-M,86,277,0,0,0,277,A
7-M,87,272,0,1,0,273,A
7-M,88,0,0,277,0,277,G
7-M,89,273,1,0,0,274,A
7-M,90,0,275,0,1,276,T
7-M,91,0,0,278,0,278,G
7-M,92,0,281,0,0,281,T
7-M,93,0,0,0,280,280,C
7-M,94,0,280,0,0,280,T
7-M,95,0,281,0,0,281,T
7-M,96,0,281,0,0,281,T
7-M,97,0,0,281,0,281,G
7-M,98,0,0,0,280,280,C
7-M,99,0,276,0,0,276,T
7-M,100,0,0,278,0,278,G
7-M,101,0,0,280,0,280,G
7-M,102,0,2,284,0,286,G
7-M,103,285,0,0,0,285,A
7-M,104,288,0,0,0,288,A
7-M,105,286,0,3,0,289,A
7-M,106,290,0,0,0,290,A
7-M,107,293,0,0,0,293,A
7-M,108,0,0,0,292,292,C
7-M,109,292,1,0,0,293,A
7-M,110,0,0,0,292,292,C
7-M,111,291,0,0,0,291,A
7-M,112,0,1,300,0,301,G
7-M,113,303,1,0,0,304,A
7-M,114,0,311,0,0,311,T
7-M,115,0,1,0,312,313,C
7-M,116,0,314,0,0,314,T
7-M,117,0,310,1,0,311,T
7-M,118,0,0,312,0,312,G
7-M,119,312,0,0,0,312,A
7-M,120,0,4,311,0,315,G
7-M,121,0,0,311,0,311,G
7-M,122,0,0,0,313,313,C
7-M,123,0,311,0,1,312,T
7-M,124,0,0,0,348,348,C
7-M,125,0,347,0,2,349,T
7-M,126,1,0,0,350,351,C
7-M,127,352,0,0,0,352,A
7-M,128,0,353,0,0,353,T
7-M,129,1,2,350,0,353,G
7-M,130,0,3,352,0,355,G
7-M,131,352,0,0,0,352,A
7-M,132,354,0,0,0,354,A
7-M,133,0,339,0,0,339,T
7-M,134,0,2,352,0,354,G
7-M,135,0,0,371,0,371,G
7-M,136,0,0,0,371,371,C
7-M,137,1,370,0,1,372,T
7-M,138,372,0,0,0,372,A
7-M,139,371,0,0,0,371,A
7-M,140,378,0,1,0,379,A
7-M,141,0,5,376,1,382,G
7-M,142,381,0,0,0,381,A
7-M,143,0,0,0,381,381,C
7-M,144,375,0,0,0,375,A
7-M,145,377,0,0,0,377,A
7-M,146,0,0,394,0,394,G
7-M,147,392,0,2,0,394,A
7-M,148,1,0,0,395,396,C
7-M,149,5,0,0,390,395,C
7-M,150,394,0,0,0,394,A
7-M,151,401,0,0,0,401,A
7-M,152,0,403,0,0,403,T
7-M,153,0,404,0,0,404,T
7-M,154,2,0,0,409,411,C
7-M,155,0,406,0,0,406,T
7-M,156,0,0,405,0,405,G
7-M,157,0,404,0,0,404,T
7-M,158,3,0,0,397,400,C
7-M,159,405,1,0,0,406,A
7-M,160,1,0,0,416,417,C
7-M,161,2,0,1,413,416,C
7-M,162,0,413,0,0,413,T
7-M,163,1,0,0,420,421,C
7-M,164,0,420,0,0,420,T
7-M,165,0,2,433,0,435,G
7-M,166,433,0,1,0,434,A
7-M,167,1,0,0,435,436,C
7-M,168,0,434,1,0,435,T
7-M,169,432,0,0,0,432,A
7-M,170,431,0,2,0,433,A
7-M,171,0,2,434,0,436,G
7-M,172,0,1,435,0,436,G
7-M,173,0,0,437,0,437,G
7-M,174,0,2,434,0,436,G
7-M,175,437,0,0,0,437,A
7-M,176,0,439,0,0,439,T
7-M,177,0,436,0,0,436,T
7-M,178,0,437,0,0,437,T
7-M,179,0,438,0,0,438,T
7-M,180,0,2,433,0,435,G
7-M,181,0,4,433,0,437,G
7-M,182,0,0,434,0,434,G
7-M,183,0,2,437,0,439,G
7-M,184,0,432,0,0,432,T
7-M,185,0,432,0,0,432,T
7-M,186,0,430,0,0,430,T
7-M,187,0,0,439,0,439,G
7-M,188,0,441,0,0,441,T
7-M,189,0,0,446,0,446,G
7-M,190,0,445,0,0,445,T
7-M,191,0,446,0,0,446,T
7-M,192,1,0,0,447,448,C
7-M,193,448,0,0,0,448,A
7-M,194,0,0,0,456,456,C
7-M,195,0,1,455,0,456,G
7-M,196,0,0,0,457,457,C
7-M,197,0,456,1,0,457,T
7-M,198,1,0,0,471,472,C
7-M,199,475,1,0,0,476,A
7-M,200,1,0,0,481,482,C
7-M,201,2,0,0,478,480,C
7-M,202,3,0,480,0,483,G
7-M,203,0,485,0,0,485,T
7-M,204,1,0,485,0,486,G
7-M,205,3,0,0,484,487,C
7-M,206,2,0,0,484,486,C
7-M,207,3,0,0,493,496,C
7-M,208,492,0,0,0,492,A
7-M,209,0,0,496,0,496,G
7-M,210,0,491,0,0,491,T
7-M,211,0,3,490,0,493,G
7-M,212,492,0,1,0,493,A
7-M,213,0,1,493,0,494,G
7-M,214,0,0,0,490,490,C
7-M,215,1,0,492,0,493,G
7-M,216,493,0,0,0,493,A
7-M,217,0,1,492,0,493,G
7-M,218,0,2,496,0,498,G
7-M,219,492,0,1,0,493,A
7-M,220,0,0,0,510,510,C
7-M,221,0,506,0,0,506,T
7-M,222,0,0,507,0,507,G
7-M,223,0,0,0,507,507,C
7-M,224,508,0,0,0,508,A
7-M,225,0,1,522,0,523,G
7-M,226,0,0,0,522,522,C
7-M,227,0,0,526,0,526,G
7-M,228,0,525,0,0,525,T
7-M,229,519,0,0,0,519,A
7-M,230,0,2,520,0,522,G
7-M,231,521,0,0,0,521,A
7-M,232,1,0,0,517,518,C
7-M,233,0,0,521,0,521,G
7-M,234,0,1,0,520,521,C
7-M,235,0,514,0,0,514,T
7-M,236,0,514,0,0,514,T
7-M,237,0,513,0,0,513,T
7-M,238,1,0,532,0,533,G
7-M,239,0,532,0,0,532,T
7-M,240,0,0,0,533,533,C
7-M,241,4,0,0,528,532,C
7-M,242,534,0,0,0,534,A
7-M,243,534,0,0,0,534,A
7-M,244,533,0,0,0,533,A
7-M,245,535,0,0,0,535,A
7-M,246,0,535,0,0,535,T
7-M,247,0,0,530,0,530,G
7-M,248,1,0,0,526,527,C
7-M,249,1,0,0,529,530,C
7-M,250,2,1,0,530,533,C
7-M,251,0,533,0,0,533,T
7-M,252,1,0,0,546,547,C
7-M,253,549,0,3,0,552,A
7-M,254,557,0,0,0,557,A
7-M,255,0,558,0,0,558,T
7-M,256,0,2,557,0,559,G
7-M,257,1,4,560,0,565,G
7-M,258,0,1,568,0,569,G
7-M,259,566,0,1,0,567,A
7-M,260,565,0,0,0,565,A
7-M,261,0,558,0,0,558,T
7-M,262,0,3,554,0,557,G
7-M,263,0,2,556,0,558,G
7-M,264,549,0,1,0,550,A
7-M,265,0,2,548,0,550,G
7-M,266,542,0,0,0,542,A
7-M,267,2,0,0,534,536,C
7-M,268,2,0,0,560,562,C
7-M,269,0,0,0,567,567,C
7-M,270,574,0,1,0,575,A
7-M,271,574,0,0,0,574,A
7-M,272,576,0,0,0,576,A
7-M,273,0,578,0,0,578,T
7-M,274,591,0,0,0,591,A
7-M,275,592,0,0,0,592,A
7-M,276,0,0,0,581,581,C
7-M,277,574,0,2,0,576,A
7-M,278,0,574,0,0,574,T
7-M,279,1,1,586,0,588,G
7-M,280,0,4,586,0,590,G
7-M,281,590,0,0,0,590,A
7-M,282,0,0,0,592,592,C
7-M,283,575,0,0,0,575,A
7-M,284,574,0,0,0,574,A
7-M,285,567,2,4,0,573,A
7-M,286,0,0,577,0,577,G
7-M,287,0,0,0,594,594,C
7-M,288,583,0,0,0,583,A
7-M,289,0,1,592,0,593,G
7-M,290,0,591,0,2,593,T
7-M,291,0,591,0,0,591,T
7-M,292,599,0,0,0,599,A
7-M,293,598,0,0,0,598,A
7-M,294,596,0,0,0,596,A
7-M,295,0,0,0,599,599,C
7-M,296,0,582,0,0,582,T
7-M,297,0,0,622,0,622,G
7-M,298,0,616,0,0,616,T
7-M,299,623,0,0,0,623,A
7-M,300,0,621,0,0,621,T
7-M,301,618,0,0,0,618,A
7-M,302,0,4,613,0,617,G
7-M,303,578,0,0,0,578,A
7-M,304,582,0,0,0,582,A
7-M,305,580,0,0,0,580,A
7-M,306,589,1,1,0,591,A
7-M,307,0,0,0,599,599,C
7-M,308,0,597,0,0,597,T
7-M,309,0,597,0,1,598,T
7-M,310,599,0,0,0,599,A
7-M,311,595,0,2,0,597,A
7-M,312,0,1,598,0,599,G
7-M,313,597,0,0,0,597,A
7-M,314,1,4,594,0,599,G
7-M,315,0,4,597,0,601,G
7-M,316,0,1,599,0,600,G
7-M,317,597,0,2,0,599,A
7-M,318,0,1,599,0,600,G
7-M,319,602,0,0,0,602,A
7-M,320,0,602,0,0,602,T
7-M,321,594,0,1,0,595,A
7-M,322,603,0,0,0,603,A
7-M,323,0,0,0,605,605,C
7-M,324,0,0,605,1,606,G
7-M,325,0,609,0,1,610,T
7-M,326,0,604,0,0,604,T
7-M,327,1,0,0,611,612,C
7-M,328,3,0,0,601,604,C
7-M,329,606,0,0,0,606,A
7-M,330,0,604,0,1,605,T
7-M,331,0,1,601,0,602,G
7-M,332,0,2,604,0,606,G
7-M,333,0,2,596,0,598,G
7-M,334,0,1,598,0,599,G
7-M,335,0,0,0,594,594,C
7-M,336,1,0,1,596,598,C
7-M,337,601,0,0,0,601,A
7-M,338,602,0,0,0,602,A
7-M,339,605,0,0,0,605,A
7-M,340,0,3,608,0,611,G
7-M,341,603,0,0,0,603,A
7-M,342,598,0,0,0,598,A
7-M,343,599,1,0,0,600,A
7-M,344,0,599,0,0,599,T
7-M,345,596,0,0,0,596,A
7-M,346,0,0,600,0,600,G
7-M,347,0,0,1,599,600,C
7-M,348,0,594,0,2,596,T
7-M,349,3,0,0,598,601,C
7-M,350,0,597,0,2,599,T
7-M,351,2,0,0,619,621,C
7-M,352,621,0,0,0,621,A
7-M,353,0,0,618,0,618,G
7-M,354,0,614,0,0,614,T
7-M,355,0,627,0,0,627,T
7-M,356,629,0,0,0,629,A
7-M,357,0,632,0,1,633,T
7-M,358,0,630,0,0,630,T
7-M,359,3,0,0,628,631,C
7-M,360,0,615,0,0,615,T
7-M,361,0,1,620,0,621,G
7-M,362,0,0,1,617,618,C
7-M,363,0,618,0,0,618,T
7-M,364,0,2,615,0,617,G
7-M,365,0,1,621,0,622,G
7-M,366,0,619,0,1,620,T
7-M,367,0,0,620,0,620,G
7-M,368,0,1,0,616,617,C
7-M,369,617,1,1,0,619,A
7-M,370,0,0,0,622,622,C
7-M,371,0,617,0,0,617,T
7-M,372,0,627,0,0,627,T
7-M,373,0,1,627,0,628,G
7-M,374,0,1,0,628,629,C
7-M,375,2,1,0,626,629,C
7-M,376,626,0,0,0,626,A
7-M,377,0,0,628,0,628,G
7-M,378,0,629,0,0,629,T
7-M,379,0,626,0,0,626,T
7-M,380,1,0,626,0,627,G
7-M,381,2,0,0,622,624,C
7-M,382,626,0,1,0,627,A
7-M,383,0,624,0,0,624,T
7-M,384,0,1,621,0,622,G
7-M,385,0,2,627,0,629,G
7-M,386,0,1,629,0,630,G
7-M,387,1,0,1,641,643,C
7-M,388,2,0,0,655,657,C
7-M,389,0,654,0,0,654,T
7-M,390,2,0,0,659,661,C
7-M,391,695,0,0,0,695,A
7-M,392,0,695,0,1,696,T
7-M,393,710,0,1,0,711,A
7-M,394,0,705,0,0,705,T
7-M,395,695,0,0,0,695,A
7-M,396,1,0,0,736,737,C
7-M,397,709,1,0,0,710,A
7-M,398,713,0,0,0,713,A
7-M,399,0,710,0,0,710,T
7-M,400,680,0,1,0,681,A
7-M,401,0,2,688,0,690,G
7-M,402,8,2,676,0,686,G
7-M,403,682,0,1,0,683,A
7-M,404,0,681,1,0,682,T
7-M,405,0,4,633,0,637,G
7-M,406,0,1,633,0,634,G
7-M,407,0,2,628,0,630,G
7-M,408,0,2,632,0,634,G
7-M,409,0,0,640,0,640,G
7-M,410,0,0,0,638,638,C
7-M,411,0,633,0,0,633,T
7-M,412,1,0,636,0,637,G
7-M,413,0,639,0,1,640,T
7-M,414,640,0,1,0,641,A
7-M,415,639,0,1,0,640,A
7-M,416,1,0,0,640,641,C
7-M,417,1,1,0,636,638,C
7-M,418,632,1,0,0,633,A
7-M,419,1,0,0,633,634,C
7-M,420,0,633,0,0,633,T
7-M,421,0,4,633,0,637,G
7-M,422,637,0,0,0,637,A
7-M,423,636,0,0,0,636,A
7-M,424,0,0,638,0,638,G
7-M,425,0,632,0,0,632,T
7-M,426,0,1,628,1,630,G
7-M,427,0,0,632,0,632,G
7-M,428,0,1,1,632,634,C
7-M,429,631,0,0,0,631,A
7-M,430,0,628,0,0,628,T
7-M,431,0,627,0,1,628,T
7-M,432,0,628,0,0,628,T
7-M,433,0,3,639,0,642,G
7-M,434,1,0,644,0,645,G
7-M,435,2,0,0,644,646,C
7-M,436,2,0,0,640,642,C
7-M,437,0,635,0,0,635,T
7-M,438,0,2,660,1,663,G
7-M,439,0,0,665,0,665,G
7-M,440,0,666,0,0,666,T
7-M,441,667,0,0,0,667,A
7-M,442,0,636,1,0,637,T
7-M,443,0,1,656,0,657,G
7-M,444,1,659,0,1,661,T
7-M,445,0,1,659,0,660,G
7-M,446,1,0,0,661,662,C
7-M,447,640,1,0,0,641,A
7-M,448,641,0,0,0,641,A
7-M,449,1,0,0,643,644,C
7-M,450,643,0,2,0,645,A
7-M,451,0,646,0,0,646,T
7-M,452,0,0,634,0,634,G
7-M,453,0,627,0,0,627,T
7-M,454,0,2,626,0,628,G
7-M,455,625,0,0,0,625,A
7-M,456,0,0,627,0,627,G
7-M,457,3,0,0,625,628,C
7-M,458,615,0,1,0,616,A
7-M,459,0,1,619,0,620,G
7-M,460,614,0,0,0,614,A
7-M,461,0,616,0,0,616,T
7-M,462,0,614,0,0,614,T
7-M,463,1,0,617,0,618,G
7-M,464,0,1,0,616,617,C
7-M,465,1,614,0,0,615,T
7-M,466,0,4,610,0,614,G
7-M,467,613,0,0,0,613,A
7-M,468,0,0,0,647,647,C
7-M,469,0,649,0,0,649,T
7-M,470,2,1,0,648,651,C
7-M,471,3,1,0,639,643,C
7-M,472,2,0,0,643,645,C
7-M,473,648,0,0,0,648,A
7-M,474,1,0,656,0,657,G
7-M,475,1,0,0,654,655,C
7-M,476,656,0,0,0,656,A
7-M,477,0,0,0,656,656,C
7-M,478,615,0,1,0,616,A
7-M,479,0,1,626,0,627,G
7-M,480,0,0,624,0,624,G
7-M,481,0,626,0,0,626,T
7-M,482,4,0,0,629,633,C
7-M,483,0,629,0,0,629,T
7-M,484,1,0,0,633,634,C
7-M,485,633,1,0,0,634,A
7-M,486,0,635,0,0,635,T
7-M,487,633,1,0,0,634,A
7-M,488,1,2,624,0,627,G
7-M,489,0,0,626,0,626,G
7-M,490,0,1,0,624,625,C
7-M,491,599,0,0,0,599,A
7-M,492,0,1,594,0,595,G
7-M,493,597,0,1,0,598,A
7-M,494,0,598,0,0,598,T
7-M,495,0,2,600,0,602,G
7-M,496,1,0,601,0,602,G
7-M,497,0,593,1,0,594,T
7-M,498,0,1,601,0,602,G
7-M,499,0,0,603,0,603,G
7-M,500,1,0,0,602,603,C
7-M,501,600,0,0,0,600,A
7-M,502,601,0,1,0,602,A
7-M,503,1,0,0,608,609,C
7-M,504,607,0,0,0,607,A
7-M,505,604,0,1,0,605,A
7-M,506,0,0,0,607,607,C
7-M,507,5,0,0,598,603,C
7-M,508,598,0,0,0,598,A
7-M,509,601,0,0,0,601,A
7-M,510,0,603,0,0,603,T
7-M,511,3,0,0,600,603,C
7-M,512,2,0,0,593,595,C
7-M,513,592,1,0,0,593,A
7-M,514,0,593,0,0,593,T
7-M,515,0,591,0,0,591,T
7-M,516,590,0,0,0,590,A
7-M,517,592,0,0,0,592,A
7-M,518,0,595,0,0,595,T
7-M,519,589,0,0,0,589,A
7-M,520,588,0,0,0,588,A
7-M,521,574,0,1,0,575,A
7-M,522,579,0,0,0,579,A
7-M,523,1,0,0,597,598,C
7-M,524,597,0,0,0,597,A
7-M,525,0,596,0,0,596,T
7-M,526,1,2,594,0,597,G
7-M,527,593,0,0,0,593,A
7-M,528,0,2,596,0,598,G
7-M,529,596,0,1,0,597,A
7-M,530,600,0,1,0,601,A
7-M,531,0,1,0,600,601,C
7-M,532,588,0,1,0,589,A
7-M,533,1,3,597,0,601,G
7-M,534,598,0,1,0,599,A
7-M,535,596,0,0,0,596,A
7-M,536,0,599,0,0,599,T
7-M,537,1,1,600,0,602,G
7-M,538,0,1,601,0,602,G
7-M,539,1,597,0,0,598,T
7-M,540,1,582,0,0,583,T
7-M,541,1,594,0,0,595,T
7-M,542,0,595,0,1,596,T
7-M,543,0,3,597,0,600,G
7-M,544,0,0,599,0,599,G
7-M,545,0,0,0,594,594,C
7-M,546,2,0,0,594,596,C
7-M,547,574,0,0,0,574,A
7-M,548,0,0,592,0,592,G
7-M,549,0,0,0,593,593,C
7-M,550,597,0,0,0,597,A
7-M,551,0,0,0,608,608,C
7-M,552,0,603,0,0,603,T
7-M,553,605,0,0,0,605,A
7-M,554,0,0,0,610,610,C
7-M,555,619,0,1,0,620,A
7-M,556,0,0,631,0,631,G
7-M,557,0,0,0,610,610,C
7-M,558,0,600,0,0,600,T
7-M,559,602,0,0,0,602,A
7-M,560,585,0,0,0,585,A
7-M,561,4,0,588,0,592,G
7-M,562,0,0,594,0,594,G
7-M,563,1,0,0,591,592,C
7-M,564,0,565,0,0,565,T
7-M,565,563,1,0,0,564,A
7-M,566,0,563,0,0,563,T
7-M,567,0,0,565,0,565,G
7-M,568,0,3,565,0,568,G
7-M,569,557,0,0,0,557,A
7-M,570,1,0,558,0,559,G
7-M,571,0,0,0,550,550,C
7-M,572,544,0,0,0,544,A
7-M,573,542,0,1,0,543,A
7-M,574,538,0,0,1,539,A
7-M,575,0,542,0,0,542,T
7-M,576,0,1,543,0,544,G
7-M,577,0,0,537,0,537,G
7-M,578,1,0,0,536,537,C
7-M,579,0,529,0,1,530,T
7-M,580,0,1,531,0,532,G
7-M,581,0,2,533,0,535,G
7-M,582,539,0,0,0,539,A
7-M,583,0,536,0,0,536,T
7-M,584,1,0,0,527,528,C
7-M,585,527,0,0,0,527,A
7-M,586,526,0,0,0,526,A
7-M,587,1,1,526,1,529,G
7-M,588,0,529,0,0,529,T
7-M,589,1,4,525,0,530,G
7-M,590,516,0,0,0,516,A
7-M,591,0,0,520,0,520,G
7-M,592,0,2,0,515,517,C
7-M,593,516,0,2,0,518,A
7-M,594,0,3,517,0,520,G
7-M,595,0,1,517,0,518,G
7-M,596,1,0,0,515,516,C
7-M,597,511,0,0,0,511,A
7-M,598,0,1,513,0,514,G
7-M,599,1,0,0,511,512,C
7-M,600,0,0,513,0,513,G
7-M,601,0,1,512,0,513,G
7-M,602,512,0,0,0,512,A
7-M,603,0,1,514,0,515,G
7-M,604,0,0,517,0,517,G
7-M,605,1,0,0,519,520,C
7-M,606,2,0,0,519,521,C
7-M,607,518,0,0,0,518,A
7-M,608,0,519,0,0,519,T
7-M,609,0,1,516,0,517,G
7-M,610,3,3,512,0,518,G
7-M,611,520,0,0,0,520,A
7-M,612,0,1,520,0,521,G
7-M,613,502,0,0,0,502,A
7-M,614,0,515,0,0,515,T
7-M,615,0,513,0,0,513,T
7-M,616,0,0,512,0,512,G
7-M,617,1,0,0,511,512,C
7-M,618,0,511,0,0,511,T
7-M,619,512,0,0,0,512,A
7-M,620,0,0,511,0,511,G
7-M,621,0,504,0,1,505,T
7-M,622,3,1,0,502,506,C
7-M,623,486,0,1,0,487,A
7-M,624,0,2,493,0,495,G
7-M,625,2,0,494,0,496,G
7-M,626,0,0,0,493,493,C
7-M,627,2,0,0,495,497,C
7-M,628,491,0,2,0,493,A
7-M,629,0,1,493,0,494,G
7-M,630,0,0,495,0,495,G
7-M,631,0,0,0,495,495,C
7-M,632,496,0,0,0,496,A
7-M,633,0,0,492,0,492,G
7-M,634,487,0,2,0,489,A
7-M,635,0,488,0,0,488,T
7-M,636,0,1,491,0,492,G
7-M,637,0,0,504,0,504,G
7-M,638,0,498,0,0,498,T
7-M,639,0,0,496,0,496,G
7-M,640,0,0,0,494,494,C
7-M,641,493,0,1,0,494,A
7-M,642,0,2,500,0,502,G
7-M,643,0,2,500,0,502,G
7-M,644,0,0,0,500,500,C
7-M,645,494,0,0,0,494,A
7-M,646,486,0,0,0,486,A
7-M,647,0,485,0,0,485,T
7-M,648,0,1,482,0,483,G
7-M,649,483,0,0,0,483,A
7-M,650,0,0,482,0,482,G
7-M,651,473,0,0,0,473,A
7-M,652,0,0,472,0,472,G
7-M,653,0,0,0,479,479,C
7-M,654,0,0,0,480,480,C
7-M,655,481,0,0,0,481,A
7-M,656,0,478,0,0,478,T
7-M,657,0,481,0,0,481,T
7-M,658,0,1,482,0,483,G
7-M,659,0,1,480,0,481,G
7-M,660,0,2,480,0,482,G
7-M,661,482,0,1,0,483,A
7-M,662,1,0,0,478,479,C
7-M,663,464,0,0,0,464,A
7-M,664,1,0,0,472,473,C
7-M,665,476,0,0,0,476,A
7-M,666,0,502,0,0,502,T
7-M,667,1,0,0,501,502,C
7-M,668,4,0,0,498,502,C
7-M,669,0,502,0,0,502,T
7-M,670,501,0,0,0,501,A
7-M,671,0,0,509,0,509,G
7-M,672,0,548,0,1,549,T
7-M,673,0,543,0,1,544,T
7-M,674,2,0,0,541,543,C
7-M,675,0,0,0,526,526,C
7-M,676,522,0,0,0,522,A
7-M,677,0,1,529,0,530,G
7-M,678,0,528,0,2,530,T
7-M,679,531,0,0,0,531,A
7-M,680,0,0,0,529,529,C
7-M,681,0,477,0,0,477,T
7-M,682,0,1,494,0,495,G
7-M,683,0,0,514,0,514,G
7-M,684,0,512,0,0,512,T
7-M,685,3,0,0,508,511,C
7-M,686,0,503,0,0,503,T
7-M,687,502,0,1,0,503,A
7-M,688,503,0,0,0,503,A
7-M,689,0,1,506,0,507,G
7-M,690,500,0,0,0,500,A
7-M,691,1,1,492,0,494,G
7-M,692,478,0,1,0,479,A
7-M,693,0,478,0,1,479,T
7-M,694,0,6,473,0,479,G
7-M,695,478,1,0,0,479,A
7-M,696,1,477,0,0,478,T
7-M,697,2,1,0,475,478,C
7-M,698,0,473,0,1,474,T
7-M,699,0,470,0,1,471,T
7-M,700,2,0,0,468,470,C
7-M,701,0,468,0,0,468,T
7-M,702,0,471,0,0,471,T
7-M,703,1,4,466,0,471,G
7-M,704,468,0,0,0,468,A
7-M,705,467,0,0,0,467,A
7-M,706,470,0,0,1,471,A
7-M,707,469,0,0,0,469,A
7-M,708,1,468,0,0,469,T
7-M,709,0,474,0,0,474,T
7-M,710,0,474,0,0,474,T
7-M,711,0,0,473,0,473,G
7-M,712,0,0,0,473,473,C
7-M,713,471,0,2,0,473,A
7-M,714,0,3,471,0,474,G
7-M,715,472,0,0,0,472,A
7-M,716,0,0,0,482,482,C
7-M,717,0,0,0,477,477,C
7-M,718,0,475,0,0,475,T
7-M,719,475,0,1,0,476,A
7-M,720,0,473,0,0,473,T
7-M,721,1,0,0,477,478,C
7-M,722,475,0,0,0,475,A
7-M,723,0,1,478,0,479,G
7-M,724,481,0,0,0,481,A
7-M,725,461,0,0,0,461,A
7-M,726,465,0,0,0,465,A
7-M,727,0,0,0,467,467,C
7-M,728,0,1,463,0,464,G
7-M,729,464,0,0,0,464,A
7-M,730,462,0,0,0,462,A
7-M,731,0,466,0,0,466,T
7-M,732,0,2,458,0,460,G
7-M,733,0,2,463,0,465,G
7-M,734,1,1,463,0,465,G
7-M,735,0,0,463,0,463,G
7-M,736,0,2,469,0,471,G
7-M,737,0,459,0,1,460,T
7-M,738,1,0,460,0,461,G
7-M,739,2,0,0,459,461,C
7-M,740,459,0,1,0,460,A
7-M,741,0,0,462,0,462,G
7-M,742,456,0,0,0,456,A
7-M,743,0,455,0,1,456,T
7-M,744,0,0,454,0,454,G
7-M,745,0,0,0,447,447,C
7-M,746,446,0,0,0,446,A
7-M,747,445,0,1,0,446,A
7-M,748,0,0,0,447,447,C
7-M,749,0,4,443,0,447,G
7-M,750,450,0,0,0,450,A
7-M,751,0,450,0,0,450,T
7-M,752,0,445,0,0,445,T
7-M,753,3,0,0,452,455,C
7-M,754,449,0,0,0,449,A
7-M,755,447,0,1,0,448,A
7-M,756,0,1,448,0,449,G
7-M,757,0,442,0,0,442,T
7-M,758,0,2,437,0,439,G
7-M,759,436,0,1,0,437,A
7-M,760,1,0,0,436,437,C
7-M,761,4,0,0,434,438,C
7-M,762,2,1,0,432,435,C
7-M,763,1,0,437,0,438,G
7-M,764,0,0,0,436,436,C
7-M,765,0,437,0,0,437,T
7-M,766,0,434,0,1,435,T
7-M,767,0,0,435,0,435,G
7-M,768,0,433,0,1,434,T
7-M,769,0,434,0,0,434,T
7-M,770,0,0,434,0,434,G
7-M,771,0,422,0,0,422,T
7-M,772,1,416,1,0,418,T
7-M,773,0,0,418,0,418,G
7-M,774,0,0,0,415,415,C
7-M,775,2,0,0,413,415,C
7-M,776,2,1,416,0,419,G
7-M,777,1,0,0,414,415,C
7-M,778,0,2,417,0,419,G
7-M,779,420,0,0,0,420,A
7-M,780,423,0,0,0,423,A
7-M,781,0,425,0,0,425,T
7-M,782,426,0,0,0,426,A
7-M,783,0,426,0,0,426,T
7-M,784,2,0,0,431,433,C
7-M,785,434,0,1,0,435,A
7-M,786,0,436,0,0,436,T
7-M,787,0,432,0,1,433,T
7-M,788,0,1,431,0,432,G
7-M,789,0,2,428,0,430,G
7-M,790,0,0,432,0,432,G
7-M,791,433,0,0,0,433,A
7-M,792,0,431,0,0,431,T
7-M,793,0,1,0,423,424,C
7-M,794,0,423,0,0,423,T
7-M,795,0,420,0,2,422,T
7-M,796,0,0,428,0,428,G
7-M,797,0,0,0,425,425,C
7-M,798,429,0,0,0,429,A
7-M,799,0,0,0,428,428,C
7-M,800,0,421,0,1,422,T
7-M,801,0,426,0,0,426,T
7-M,802,0,0,422,0,422,G
7-M,803,424,0,0,0,424,A
7-M,804,0,426,0,0,426,T
7-M,805,403,0,0,0,403,A
7-M,806,0,405,0,0,405,T
7-M,807,0,398,0,0,398,T
7-M,808,0,0,398,0,398,G
7-M,809,0,397,0,0,397,T
7-M,810,1,3,385,0,389,G
7-M,811,0,3,389,0,392,G
7-M,812,385,0,0,0,385,A
7-M,813,1,383,0,0,384,T
7-M,814,1,383,0,0,384,T
7-M,815,2,0,0,383,385,C
7-M,816,0,386,0,0,386,T
7-M,817,0,382,0,0,382,T
7-M,818,0,1,381,0,382,G
7-M,819,375,0,2,0,377,A
7-M,820,0,379,0,0,379,T
7-M,821,3,0,1,373,377,C
7-M,822,1,0,374,0,375,G
7-M,823,0,378,0,0,378,T
7-M,824,1,0,0,374,375,C
7-M,825,0,371,0,2,373,T
7-M,826,0,373,0,0,373,T
7-M,827,0,375,0,0,375,T
7-M,828,0,375,0,0,375,T
7-M,829,0,377,0,1,378,T
7-M,830,0,377,0,0,377,T
7-M,831,0,379,0,0,379,T
7-M,832,1,0,0,378,379,C
7-M,833,377,0,0,0,377,A
7-M,834,378,0,0,0,378,A
7-M,835,377,0,0,0,377,A
7-M,836,1,377,0,0,378,T
7-M,837,1,1,377,0,379,G
7-M,838,0,0,0,378,378,C
7-M,839,0,0,376,0,376,G
7-M,840,0,384,1,0,385,T
7-M,841,1,0,0,385,386,C
7-M,842,0,385,0,0,385,T
7-M,843,385,0,0,0,385,A
7-M,844,0,385,0,0,385,T
7-M,845,2,0,0,382,384,C
7-M,846,0,3,381,0,384,G
7-M,847,383,0,0,0,383,A
7-M,848,0,0,0,381,381,C
7-M,849,0,368,0,1,369,T
7-M,850,0,0,0,374,374,C
7-M,851,0,374,0,0,374,T
7-M,852,0,373,0,2,375,T
7-M,853,2,0,0,372,374,C
7-M,854,376,0,0,0,376,A
7-M,855,375,0,0,0,375,A
7-M,856,375,0,0,0,375,A
7-M,857,1,0,0,373,374,C
7-M,858,372,0,0,0,372,A
7-M,859,0,0,0,352,352,C
7-M,860,0,0,348,0,348,G
7-M,861,0,0,360,0,360,G
7-M,862,0,0,0,361,361,C
7-M,863,1,0,0,359,360,C
7-M,864,0,359,0,0,359,T
7-M,865,0,361,0,0,361,T
7-M,866,358,0,1,0,359,A
7-M,867,364,0,0,0,364,A
7-M,868,363,1,0,0,364,A
7-M,869,365,0,0,0,365,A
7-M,870,0,1,361,0,362,G
7-M,871,322,0,1,0,323,A
7-M,872,1,0,322,0,323,G
7-M,873,0,0,322,0,322,G
7-M,874,1,0,0,320,321,C
7-M,875,2,0,0,313,315,C
7-M,876,0,0,0,321,321,C
7-M,877,0,322,0,0,322,T
7-M,878,0,325,0,0,325,T
7-M,879,2,0,0,322,324,C
7-M,880,0,326,0,0,326,T
7-M,881,325,0,1,0,326,A
7-M,882,0,1,0,324,325,C
7-M,883,0,2,318,0,320,G
7-M,884,0,0,319,0,319,G
7-M,885,309,0,1,0,310,A
7-M,886,311,0,0,0,311,A
7-M,887,0,1,308,0,309,G
7-M,888,0,2,303,0,305,G
7-M,889,303,1,0,0,304,A
7-M,890,0,0,310,0,310,G
7-M,891,0,307,0,0,307,T
7-M,892,307,0,0,0,307,A
7-M,893,0,0,0,303,303,C
7-M,894,2,0,0,300,302,C
7-M,895,0,297,0,1,298,T
7-M,896,0,0,299,0,299,G
7-M,897,282,0,0,0,282,A
7-M,898,0,0,289,0,289,G
7-M,899,0,278,0,0,278,T
7-M,900,2,0,0,274,276,C
7-M,901,0,266,0,0,266,T
7-M,902,267,0,0,0,267,A
7-M,903,0,267,0,0,267,T
7-M,904,0,0,267,0,267,G
7-M,905,263,0,1,0,264,A
7-M,906,0,1,263,0,264,G
7-M,907,0,0,238,1,239,G
7-M,908,0,0,242,0,242,G
7-M,909,242,0,0,0,242,A
7-M,910,241,0,0,0,241,A
7-M,911,0,1,239,0,240,G
7-M,912,239,0,0,0,239,A
7-M,913,242,0,0,0,242,A
7-M,914,0,240,0,0,240,T
7-M,915,238,0,0,0,238,A
7-M,916,0,240,0,0,240,T
7-M,917,1,3,0,227,231,C
7-M,918,1,1,230,0,232,G
7-M,919,230,0,0,0,230,A
7-M,920,226,0,0,0,226,A
7-M,921,226,0,0,0,226,A
7-M,922,0,0,223,0,223,G
7-M,923,0,0,223,0,223,G
7-M,924,223,0,0,0,223,A
7-M,925,222,0,1,0,223,A
7-M,926,0,0,0,224,224,C
7-M,927,219,0,0,0,219,A
7-M,928,0,0,219,0,219,G
7-M,929,1,0,0,216,217,C
7-M,930,216,0,1,0,217,A
7-M,931,0,0,217,0,217,G
7-M,932,207,0,0,0,207,A
7-M,933,205,0,1,0,206,A
7-M,934,0,206,0,0,206,T
7-M,935,0,0,201,0,201,G
7-M,936,0,0,0,201,201,C
7-M,937,0,182,0,0,182,T
7-M,938,0,0,182,0,182,G
7-M,939,0,181,0,0,181,T
7-M,940,0,1,178,0,179,G
7-M,941,0,0,179,0,179,G
7-M,942,174,0,0,0,174,A
7-M,943,0,172,0,1,173,T
7-M,944,0,0,169,0,169,G
7-M,945,0,0,0,167,167,C
7-M,946,0,157,0,0,157,T
7-M,947,0,1,157,0,158,G
7-M,948,157,0,0,0,157,A
7-M,949,0,0,0,155,155,C
7-M,950,0,0,155,0,155,G
7-M,951,153,0,1,0,154,A
7-M,952,0,0,0,154,154,C
7-M,953,140,0,0,0,140,A
7-M,954,0,0,141,0,141,G
7-M,955,0,137,0,0,137,T
7-M,956,1,1,0,136,138,C
7-M,957,138,0,0,0,138,A
7-M,958,0,136,0,0,136,T
7-M,959,0,135,0,0,135,T
7-M,960,0,135,0,0,135,T
7-M,961,0,134,0,0,134,T
7-M,962,0,0,134,0,134,G
7-M,963,0,124,0,0,124,T
7-M,964,4,0,0,119,123,C
7-M,965,117,0,0,0,117,A
7-M,966,0,0,116,0,116,G
7-M,967,0,0,0,117,117,C
7-M,968,117,0,0,0,117,A
7-M,969,0,117,0,0,117,T
7-M,970,111,0,0,0,111,A
7-M,971,0,0,111,0,111,G
7-M,972,103,0,0,0,103,A
7-M,973,0,0,102,0,102,G
7-M,974,0,97,0,0,97,T
7-M,975,0,66,0,0,66,T
7-M,976,0,0,65,0,65,G
7-M,977,0,0,65,0,65,G
7-M,978,62,0,0,0,62,A
7-M,979,0,0,62,0,62,G
7-M,980,0,37,0,0,37,T
7-M,981,36,0,0,0,36,A
7-M,982,34,0,0,0,34,A
8-NS,1,136,0,0,0,136,A
8-NS,2,0,136,0,0,136,T
8-NS,3,0,0,141,0,141,G
8-NS,4,0,1,153,0,154,G
8-NS,5,168,0,0,0,168,A
8-NS,6,0,313,0,0,313,T
8-NS,7,0,314,0,0,314,T
8-NS,8,0,0,0,334,334,C
8-NS,9,0,1,0,334,335,C
8-NS,10,335,0,0,0,335,A
8-NS,11,335,1,0,0,336,A
8-NS,12,9,0,0,327,336,C
8-NS,13,338,0,1,0,339,A
8-NS,14,0,0,0,344,344,C
8-NS,15,1,346,0,0,347,T
8-NS,16,0,0,381,0,381,G
8-NS,17,0,382,0,0,382,T
8-NS,18,1,1,384,0,386,G
8-NS,19,0,385,0,1,386,T
8-NS,20,1,1,1,383,386,C
8-NS,21,386,0,0,0,386,A
8-NS,22,385,0,0,0,385,A
8-NS,23,1,1,390,0,392,G
8-NS,24,0,404,0,0,404,T
8-NS,25,1,398,1,0,400,T
8-NS,26,0,407,0,0,407,T
8-NS,27,1,0,0,405,406,C
8-NS,28,0,0,0,405,405,C
8-NS,29,405,1,0,0,406,A
8-NS,30,0,2,408,0,410,G
8-NS,31,1,1,411,0,413,G
8-NS,32,0,412,0,0,412,T
8-NS,33,414,0,1,0,415,A
8-NS,34,0,0,419,0,419,G
8-NS,35,422,0,0,0,422,A
8-NS,36,0,423,0,0,423,T
8-NS,37,0,424,0,0,424,T
8-NS,38,1,0,429,0,430,G
8-NS,39,0,1,0,429,430,C
8-NS,40,0,429,0,1,430,T
8-NS,41,0,432,0,0,432,T
8-NS,42,0,430,0,0,430,T
8-NS,43,1,1,0,435,437,C
8-NS,44,0,436,0,0,436,T
8-NS,45,0,434,0,0,434,T
8-NS,46,0,435,0,0,435,T
8-NS,47,0,3,436,0,439,G
8-NS,48,0,0,440,0,440,G
8-NS,49,1,0,0,438,439,C
8-NS,50,440,0,0,0,440,A
8-NS,51,0,441,0,0,441,T
8-NS,52,447,0,0,0,447,A
8-NS,53,0,462,0,0,462,T
8-NS,54,0,1,0,462,463,C
8-NS,55,2,0,0,461,463,C
8-NS,56,0,3,461,0,464,G
8-NS,57,0,0,467,0,467,G
8-NS,58,465,0,0,2,467,A
8-NS,59,468,0,0,0,468,A
8-NS,60,467,0,1,0,468,A
8-NS,61,0,0,0,469,469,C
8-NS,62,467,0,0,0,467,A
8-NS,63,465,0,0,0,465,A
8-NS,64,0,0,494,0,494,G
8-NS,65,0,496,0,0,496,T
8-NS,66,0,495,1,0,496,T
8-NS,67,1,0,495,0,496,G
8-NS,68,0,496,0,0,496,T
8-NS,69,494,0,1,0,495,A
8-NS,70,0,3,496,0,499,G
8-NS,71,528,0,1,0,529,A
8-NS,72,0,1,0,532,533,C
8-NS,73,2,0,0,530,532,C
8-NS,74,532,0,1,0,533,A
8-NS,75,533,0,0,0,533,A
8-NS,76,0,4,557,0,561,G
8-NS,77,560,0,0,0,560,A
8-NS,78,564,0,0,0,564,A
8-NS,79,0,1,1,563,565,C
8-NS,80,0,555,0,0,555,T
8-NS,81,0,3,558,0,561,G
8-NS,82,560,0,0,0,560,A
8-NS,83,0,1,577,0,578,G
8-NS,84,0,581,0,0,581,T
8-NS,85,0,3,572,0,575,G
8-NS,86,576,0,0,0,576,A
8-NS,87,0,574,0,1,575,T
8-NS,88,0,0,583,0,583,G
8-NS,89,1,0,0,597,598,C
8-NS,90,2,0,0,603,605,C
8-NS,91,2,1,0,604,607,C
8-NS,92,2,0,1,602,605,C
8-NS,93,608,0,0,0,608,A
8-NS,94,0,617,0,0,617,T
8-NS,95,0,626,0,0,626,T
8-NS,96,2,0,0,629,631,C
8-NS,97,2,1,0,627,630,C
8-NS,98,0,629,0,2,631,T
8-NS,99,0,628,0,1,629,T
8-NS,100,0,4,625,0,629,G
8-NS,101,630,0,1,0,631,A
8-NS,102,0,630,0,1,631,T
8-NS,103,5,1,0,621,627,C
8-NS,104,0,1,623,0,624,G
8-NS,105,0,0,631,0,631,G
8-NS,106,0,1,0,631,632,C
8-NS,107,0,633,0,0,633,T
8-NS,108,0,632,0,0,632,T
8-NS,109,2,0,0,630,632,C
8-NS,110,1,0,631,0,632,G
8-NS,111,0,0,0,632,632,C
8-NS,112,0,0,0,632,632,C
8-NS,113,1,1,636,0,638,G
8-NS,114,636,0,0,0,636,A
8-NS,115,0,1,658,0,659,G
8-NS,116,654,0,1,0,655,A
8-NS,117,0,658,0,0,658,T
8-NS,118,2,0,0,660,662,C
8-NS,119,657,0,2,0,659,A
8-NS,120,0,1,664,0,665,G
8-NS,121,662,0,1,0,663,A
8-NS,122,0,3,662,0,665,G
8-NS,123,0,2,679,0,681,G
8-NS,124,2,685,0,2,689,T
8-NS,125,1,1,0,731,733,C
8-NS,126,2,0,0,733,735,C
8-NS,127,2,0,0,732,734,C
8-NS,128,0,737,0,0,737,T
8-NS,129,741,0,0,0,741,A
8-NS,130,742,0,0,0,742,A
8-NS,131,0,4,745,0,749,G
8-NS,132,0,1,750,0,751,G
8-NS,133,0,5,739,0,744,G
8-NS,134,0,1,729,0,730,G
8-NS,135,733,0,0,0,733,A
8-NS,136,728,0,0,0,728,A
8-NS,137,0,1,742,0,743,G
8-NS,138,759,0,0,0,759,A
8-NS,139,0,1,764,0,765,G
8-NS,140,1,0,765,0,766,G
8-NS,141,0,0,0,767,767,C
8-NS,142,763,0,0,0,763,A
8-NS,143,769,0,0,0,769,A
8-NS,144,0,770,0,0,770,T
8-NS,145,774,0,0,0,774,A
8-NS,146,1,0,0,783,784,C
8-NS,147,0,767,0,1,768,T
8-NS,148,3,0,0,764,767,C
8-NS,149,0,758,0,0,758,T
8-NS,150,2,2,0,767,771,C
8-NS,151,2,4,771,1,778,G
8-NS,152,0,1,814,0,815,G
8-NS,153,0,816,0,0,816,T
8-NS,154,6,0,0,809,815,C
8-NS,155,0,814,0,0,814,T
8-NS,156,820,0,0,0,820,A
8-NS,157,0,3,820,0,823,G
8-NS,158,824,0,1,0,825,A
8-NS,159,0,0,0,842,842,C
8-NS,160,830,0,0,0,830,A
8-NS,161,0,813,0,1,814,T
8-NS,162,3,0,0,813,816,C
8-NS,163,812,0,0,1,813,A
8-NS,164,816,0,0,0,816,A
8-NS,165,812,0,0,0,812,A
8-NS,166,0,0,819,0,819,G
8-NS,167,0,1,0,820,821,C
8-NS,168,814,0,1,0,815,A
8-NS,169,0,0,823,0,823,G
8-NS,170,0,0,0,829,829,C
8-NS,171,1,0,0,830,831,C
8-NS,172,830,0,0,0,830,A
8-NS,173,3,0,0,835,838,C
8-NS,174,2,0,0,840,842,C
8-NS,175,4,0,0,832,836,C
8-NS,176,843,4,0,0,847,A
8-NS,177,0,850,0,0,850,T
8-NS,178,0,0,847,0,847,G
8-NS,179,0,841,0,2,843,T
8-NS,180,0,843,0,2,845,T
8-NS,181,0,0,842,0,842,G
8-NS,182,0,1,838,0,839,G
8-NS,183,837,0,0,0,837,A
8-NS,184,833,1,1,0,835,A
8-NS,185,820,1,1,0,822,A
8-NS,186,0,1,827,0,828,G
8-NS,187,0,0,0,829,829,C
8-NS,188,826,0,1,0,827,A
8-NS,189,826,0,0,0,826,A
8-NS,190,826,0,0,0,826,A
8-NS,191,1,831,0,0,832,T
8-NS,192,0,830,0,0,830,T
8-NS,193,0,1,839,0,840,G
8-NS,194,0,840,0,1,841,T
8-NS,195,836,0,2,0,838,A
8-NS,196,1,0,838,0,839,G
8-NS,197,839,0,0,0,839,A
8-NS,198,838,0,0,0,838,A
8-NS,199,837,0,0,0,837,A
8-NS,200,831,0,0,0,831,A
8-NS,201,0,1,840,1,842,G
8-NS,202,835,1,1,0,837,A
8-NS,203,0,834,0,1,835,T
8-NS,204,0,837,0,1,838,T
8-NS,205,2,0,0,839,841,C
8-NS,206,0,838,1,1,840,T
8-NS,207,1,0,840,0,841,G
8-NS,208,840,1,0,0,841,A
8-NS,209,842,0,0,0,842,A
8-NS,210,837,0,0,1,838,A
8-NS,211,0,0,840,0,840,G
8-NS,212,838,1,0,0,839,A
8-NS,213,841,0,0,0,841,A
8-NS,214,0,2,845,0,847,G
8-NS,215,849,0,2,0,851,A
8-NS,216,857,0,0,0,857,A
8-NS,217,0,858,0,1,859,T
8-NS,218,0,1,0,868,869,C
8-NS,219,0,868,0,0,868,T
8-NS,220,0,2,868,0,870,G
8-NS,221,870,0,0,0,870,A
8-NS,222,0,868,1,1,870,T
8-NS,223,0,3,865,0,868,G
8-NS,224,858,0,0,0,858,A
8-NS,225,0,2,854,0,856,G
8-NS,226,0,2,859,0,861,G
8-NS,227,1,1,0,856,858,C
8-NS,228,864,0,0,0,864,A
8-NS,229,0,0,0,885,885,C
8-NS,230,0,884,0,1,885,T
8-NS,231,0,891,0,0,891,T
8-NS,232,895,0,0,0,895,A
8-NS,233,896,0,1,0,897,A
8-NS,234,897,0,0,0,897,A
8-NS,235,892,0,1,0,893,A
8-NS,236,0,895,0,1,896,T
8-NS,237,1,7,889,0,897,G
8-NS,238,904,0,1,0,905,A
8-NS,239,1,0,0,903,904,C
8-NS,240,3,1,0,899,903,C
8-NS,241,900,0,0,0,900,A
8-NS,242,0,900,0,0,900,T
8-NS,243,0,3,912,0,915,G
8-NS,244,0,1,929,0,930,G
8-NS,245,0,933,0,1,934,T
8-NS,246,10,0,0,961,971,C
8-NS,247,0,963,0,3,966,T
8-NS,248,1,0,0,973,974,C
8-NS,249,6,0,0,968,974,C
8-NS,250,978,0,0,0,978,A
8-NS,251,3,1,0,980,984,C
8-NS,252,974,0,0,0,974,A
8-NS,253,2,0,0,968,970,C
8-NS,254,2,1,0,964,967,C
8-NS,255,0,923,0,1,924,T
8-NS,256,0,0,933,0,933,G
8-NS,257,0,1,0,921,922,C
8-NS,258,0,920,0,0,920,T
8-NS,259,1,925,0,0,926,T
8-NS,260,0,0,0,923,923,C
8-NS,261,1,3,925,0,929,G
8-NS,262,1,1,0,928,930,C
8-NS,263,2,3,920,0,925,G
8-NS,264,959,1,0,0,960,A
8-NS,265,0,958,0,1,959,T
8-NS,266,985,0,0,0,985,A
8-NS,267,2,2,0,991,995,C
8-NS,268,991,1,0,0,992,A
8-NS,269,0,1013,0,0,1013,T
8-NS,270,1006,0,1,0,1007,A
8-NS,271,1006,1,0,0,1007,A
8-NS,272,0,0,0,1008,1008,C
8-NS,273,0,971,0,0,971,T
8-NS,274,0,8,976,0,984,G
8-NS,275,963,0,1,0,964,A
8-NS,276,0,0,0,968,968,C
8-NS,277,963,0,0,0,963,A
8-NS,278,0,952,0,0,952,T
8-NS,279,0,6,947,0,953,G
8-NS,280,953,1,1,0,955,A
8-NS,281,0,1,0,984,985,C
8-NS,282,0,976,0,1,977,T
8-NS,283,995,0,0,0,995,A
8-NS,284,0,998,0,0,998,T
8-NS,285,0,992,0,0,992,T
8-NS,286,0,1,992,0,993,G
8-NS,287,984,0,0,0,984,A
8-NS,288,2,4,981,0,987,G
8-NS,289,0,4,983,0,987,G
8-NS,290,963,1,1,0,965,A
8-NS,291,972,0,0,0,972,A
8-NS,292,1,950,0,0,951,T
8-NS,293,1,947,0,0,948,T
8-NS,294,0,4,956,0,960,G
8-NS,295,0,961,0,0,961,T
8-NS,296,5,0,0,953,958,C
8-NS,297,961,0,0,0,961,A
8-NS,298,963,0,0,0,963,A
8-NS,299,1,6,958,0,965,G
8-NS,300,968,0,0,0,968,A
8-NS,301,968,0,0,0,968,A
8-NS,302,964,0,2,1,967,A
8-NS,303,0,0,0,970,970,C
8-NS,304,0,954,0,1,955,T
8-NS,305,0,6,956,0,962,G
8-NS,306,0,1,977,0,978,G
8-NS,307,0,980,0,0,980,T
8-NS,308,0,974,0,1,975,T
8-NS,309,7,0,0,964,971,C
8-NS,310,968,0,1,1,970,A
8-NS,311,0,977,0,0,977,T
8-NS,312,0,3,978,0,981,G
8-NS,313,1,0,0,990,991,C
8-NS,314,0,980,0,1,981,T
8-NS,315,971,0,0,0,971,A
8-NS,316,976,0,0,0,976,A
8-NS,317,0,988,0,0,988,T
8-NS,318,1,1,984,0,986,G
8-NS,319,2,0,0,981,983,C
8-NS,320,5,0,0,972,977,C
8-NS,321,4,0,0,971,975,C
8-NS,322,967,0,0,1,968,A
8-NS,323,973,0,1,1,975,A
8-NS,324,0,0,977,1,978,G
8-NS,325,2,1,0,978,981,C
8-NS,326,970,1,0,0,971,A
8-NS,327,0,3,974,0,977,G
8-NS,328,973,0,0,0,973,A
8-NS,329,975,0,0,0,975,A
8-NS,330,968,0,2,0,970,A
8-NS,331,1,0,989,0,990,G
8-NS,332,0,983,0,1,984,T
8-NS,333,0,3,980,0,983,G
8-NS,334,1,1,980,0,982,G
8-NS,335,984,0,0,0,984,A
8-NS,336,976,0,3,0,979,A
8-NS,337,0,5,971,0,976,G
8-NS,338,0,4,975,0,979,G
8-NS,339,980,0,1,0,981,A
8-NS,340,1,0,0,974,975,C
8-NS,341,2,0,0,964,966,C
8-NS,342,0,962,0,0,962,T
8-NS,343,0,0,0,977,977,C
8-NS,344,0,976,0,1,977,T
8-NS,345,0,987,0,0,987,T
8-NS,346,1,985,0,2,988,T
8-NS,347,2,1,983,0,986,G
8-NS,348,1,2,0,988,991,C
8-NS,349,983,0,0,0,983,A
8-NS,350,0,981,0,1,982,T
8-NS,351,0,1,0,979,980,C
8-NS,352,991,0,0,0,991,A
8-NS,353,0,1,1023,0,1024,G
8-NS,354,1022,0,0,0,1022,A
8-NS,355,1018,0,1,0,1019,A
8-NS,356,0,1016,0,0,1016,T
8-NS,357,0,6,1003,0,1009,G
8-NS,358,1,7,1006,0,1014,G
8-NS,359,1012,0,1,0,1013,A
8-NS,360,0,1,0,1010,1011,C
8-NS,361,5,0,0,983,988,C
8-NS,362,968,0,0,0,968,A
8-NS,363,0,2,979,0,981,G
8-NS,364,0,0,982,0,982,G
8-NS,365,1,0,0,980,981,C
8-NS,366,975,0,1,0,976,A
8-NS,367,977,1,0,0,978,A
8-NS,368,0,977,0,0,977,T
8-NS,369,5,0,0,971,976,C
8-NS,370,973,0,1,0,974,A
8-NS,371,0,959,0,1,960,T
8-NS,372,0,2,949,0,951,G
8-NS,373,1,4,954,0,959,G
8-NS,374,948,0,5,0,953,A
8-NS,375,1,4,958,0,963,G
8-NS,376,956,0,0,0,956,A
8-NS,377,952,0,2,0,954,A
8-NS,378,956,0,2,0,958,A
8-NS,379,953,0,0,0,953,A
8-NS,380,953,0,0,3,956,A
8-NS,381,1,2,0,959,962,C
8-NS,382,955,0,0,0,955,A
8-NS,383,0,952,0,1,953,T
8-NS,384,2,0,1,942,945,C
8-NS,385,947,0,1,0,948,A
8-NS,386,0,952,0,1,953,T
8-NS,387,1,1,952,0,954,G
8-NS,388,0,954,0,0,954,T
8-NS,389,0,945,0,1,946,T
8-NS,390,1,2,942,1,946,G
8-NS,391,942,0,0,0,942,A
8-NS,392,944,0,1,0,945,A
8-NS,393,944,0,1,0,945,A
8-NS,394,1,0,944,0,945,G
8-NS,395,0,1,1,942,944,C
8-NS,396,1,5,936,0,942,G
8-NS,397,945,0,1,0,946,A
8-NS,398,945,1,1,0,947,A
8-NS,399,1,942,0,0,943,T
8-NS,400,0,944,0,0,944,T
8-NS,401,0,944,0,0,944,T
8-NS,402,1,0,0,941,942,C
8-NS,403,936,0,0,0,936,A
8-NS,404,0,1,939,0,940,G
8-NS,405,0,936,0,0,936,T
8-NS,406,0,0,936,0,936,G
8-NS,407,0,934,0,0,934,T
8-NS,408,0,7,932,0,939,G
8-NS,409,942,0,0,0,942,A
8-NS,410,0,938,0,0,938,T
8-NS,411,1,936,0,2,939,T
8-NS,412,0,938,0,1,939,T
8-NS,413,0,939,0,0,939,T
8-NS,414,0,935,0,0,935,T
8-NS,415,1,6,933,0,940,G
8-NS,416,939,0,0,0,939,A
8-NS,417,0,1,0,931,932,C
8-NS,418,5,0,0,928,933,C
8-NS,419,2,3,931,0,936,G
8-NS,420,976,0,0,0,976,A
8-NS,421,1,0,0,989,990,C
8-NS,422,0,988,0,2,990,T
8-NS,423,993,0,1,0,994,A
8-NS,424,0,2,992,0,994,G
8-NS,425,990,0,1,0,991,A
8-NS,426,0,5,1001,0,1006,G
8-NS,427,1004,1,0,0,1005,A
8-NS,428,2,0,0,1010,1012,C
8-NS,429,6,0,0,964,970,C
8-NS,430,948,0,0,0,948,A
8-NS,431,0,999,0,0,999,T
8-NS,432,993,0,0,0,993,A
8-NS,433,1,2,1072,0,1075,G
8-NS,434,0,1066,0,0,1066,T
8-NS,435,1066,0,0,0,1066,A
8-NS,436,0,1069,0,0,1069,T
8-NS,437,0,1033,0,0,1033,T
8-NS,438,1061,2,1,0,1064,A
8-NS,439,0,0,0,1067,1067,C
8-NS,440,0,1017,0,1,1018,T
8-NS,441,1014,1,0,0,1015,A
8-NS,442,933,0,0,0,933,A
8-NS,443,0,6,940,0,946,G
8-NS,444,0,6,937,0,943,G
8-NS,445,0,0,940,0,940,G
8-NS,446,0,0,0,923,923,C
8-NS,447,1,905,0,1,907,T
8-NS,448,1,900,0,1,902,T
8-NS,449,0,915,0,0,915,T
8-NS,450,2,0,0,916,918,C
8-NS,451,934,1,2,0,937,A
8-NS,452,2,0,0,938,940,C
8-NS,453,3,1,0,934,938,C
8-NS,454,3,2,937,0,942,G
8-NS,455,938,1,0,0,939,A
8-NS,456,934,1,0,0,935,A
8-NS,457,0,3,936,0,939,G
8-NS,458,926,0,1,0,927,A
8-NS,459,0,9,927,0,936,G
8-NS,460,0,3,911,0,914,G
8-NS,461,1,8,911,0,920,G
8-NS,462,917,2,1,0,920,A
8-NS,463,0,1,920,0,921,G
8-NS,464,1,0,0,919,920,C
8-NS,465,913,0,0,0,913,A
8-NS,466,913,0,0,1,914,A
8-NS,467,0,916,0,1,917,T
8-NS,468,1,912,0,0,913,T
8-NS,469,0,0,917,0,917,G
8-NS,470,0,901,0,1,902,T
8-NS,471,0,896,0,1,897,T
8-NS,472,0,4,896,0,900,G
8-NS,473,0,0,896,0,896,G
8-NS,474,0,2,0,899,901,C
8-NS,475,0,9,892,0,901,G
8-NS,476,900,0,1,0,901,A
8-NS,477,908,0,0,0,908,A
8-NS,478,904,0,0,1,905,A
8-NS,479,0,911,0,1,912,T
8-NS,480,0,0,0,915,915,C
8-NS,481,0,909,0,0,909,T
8-NS,482,3,0,0,913,916,C
8-NS,483,914,2,0,0,916,A
8-NS,484,0,1,0,920,921,C
8-NS,485,2,0,0,918,920,C
8-NS,486,906,1,0,0,907,A
8-NS,487,0,903,0,1,904,T
8-NS,488,1,892,0,0,893,T
8-NS,489,0,1,892,0,893,G
8-NS,490,0,0,0,892,892,C
8-NS,491,4,0,0,885,889,C
8-NS,492,0,892,0,0,892,T
8-NS,493,0,891,0,0,891,T
8-NS,494,0,0,0,893,893,C
8-NS,495,0,895,0,0,895,T
8-NS,496,0,896,0,0,896,T
8-NS,497,0,908,0,0,908,T
8-NS,498,0,898,0,1,899,T
8-NS,499,1,0,0,901,902,C
8-NS,500,1,0,0,903,904,C
8-NS,501,903,0,0,0,903,A
8-NS,502,0,2,909,0,911,G
8-NS,503,4,2,903,0,909,G
8-NS,504,936,0,1,0,937,A
8-NS,505,1,0,0,935,936,C
8-NS,506,939,0,0,0,939,A
8-NS,507,0,943,0,1,944,T
8-NS,508,942,1,1,0,944,A
8-NS,509,1,0,0,1006,1007,C
8-NS,510,0,1006,0,1,1007,T
8-NS,511,999,0,0,0,999,A
8-NS,512,0,995,0,1,996,T
8-NS,513,1,967,0,0,968,T
8-NS,514,2,1,964,0,967,G
8-NS,515,938,0,4,0,942,A
8-NS,516,0,2,938,0,940,G
8-NS,517,0,5,929,0,934,G
8-NS,518,851,0,0,0,851,A
8-NS,519,0,853,0,0,853,T
8-NS,520,1,1,844,0,846,G
8-NS,521,0,845,0,0,845,T
8-NS,522,9,0,1,836,846,C
8-NS,523,846,0,0,0,846,A
8-NS,524,845,0,0,0,845,A
8-NS,525,845,1,0,0,846,A
8-NS,526,842,1,0,0,843,A
8-NS,527,849,0,1,0,850,A
8-NS,528,0,846,0,0,846,T
8-NS,529,1,0,844,0,845,G
8-NS,530,0,0,0,849,849,C
8-NS,531,849,0,1,0,850,A
8-NS,532,853,0,1,0,854,A
8-NS,533,0,858,0,0,858,T
8-NS,534,0,857,1,1,859,T
8-NS,535,0,1,855,0,856,G
8-NS,536,0,11,843,0,854,G
8-NS,537,0,2,852,0,854,G
8-NS,538,0,0,865,0,865,G
8-NS,539,0,855,0,1,856,T
8-NS,540,0,0,0,863,863,C
8-NS,541,3,0,0,854,857,C
8-NS,542,0,855,0,1,856,T
8-NS,543,2,0,0,859,861,C
8-NS,544,864,0,0,0,864,A
8-NS,545,1,866,0,1,868,T
8-NS,546,2,0,0,866,868,C
8-NS,547,0,2,861,0,863,G
8-NS,548,0,1,867,0,868,G
8-NS,549,854,0,1,0,855,A
8-NS,550,0,0,853,0,853,G
8-NS,551,0,3,855,0,858,G
8-NS,552,851,0,1,0,852,A
8-NS,553,1,0,1,852,854,C
8-NS,554,0,854,0,0,854,T
8-NS,555,0,855,0,0,855,T
8-NS,556,0,6,852,0,858,G
8-NS,557,855,0,0,0,855,A
8-NS,558,852,0,2,0,854,A
8-NS,559,0,853,0,0,853,T
8-NS,560,2,3,844,0,849,G
8-NS,561,1,4,851,0,856,G
8-NS,562,845,0,0,0,845,A
8-NS,563,847,0,1,0,848,A
8-NS,564,0,879,0,0,879,T
8-NS,565,0,5,879,0,884,G
8-NS,566,881,0,3,0,884,A
8-NS,567,1,880,0,1,882,T
8-NS,568,882,0,0,0,882,A
8-NS,569,881,1,0,0,882,A
8-NS,570,0,0,0,875,875,C
8-NS,571,849,0,1,0,850,A
8-NS,572,0,0,1,863,864,C
8-NS,573,794,0,0,0,794,A
8-NS,574,0,0,800,0,800,G
8-NS,575,0,794,0,1,795,T
8-NS,576,0,795,0,0,795,T
8-NS,577,4,1,0,790,795,C
8-NS,578,0,5,781,0,786,G
8-NS,579,783,0,1,0,784,A
8-NS,580,0,0,782,0,782,G
8-NS,581,0,768,0,3,771,T
8-NS,582,5,1,0,768,774,C
8-NS,583,0,761,0,1,762,T
8-NS,584,3,0,0,765,768,C
8-NS,585,0,768,0,0,768,T
8-NS,586,769,0,0,0,769,A
8-NS,587,768,0,0,0,768,A
8-NS,588,765,0,0,0,765,A
8-NS,589,765,0,0,0,765,A
8-NS,590,770,0,0,0,770,A
8-NS,591,0,762,0,0,762,T
8-NS,592,0,0,1,771,772,C
8-NS,593,1,763,0,2,766,T
8-NS,594,772,0,0,0,772,A
8-NS,595,1,0,0,770,771,C
8-NS,596,768,0,0,1,769,A
8-NS,597,1,1,771,0,773,G
8-NS,598,756,0,2,0,758,A
8-NS,599,0,4,754,0,758,G
8-NS,600,755,0,0,0,755,A
8-NS,601,0,748,0,0,748,T
8-NS,602,0,749,0,1,750,T
8-NS,603,3,0,0,743,746,C
8-NS,604,1,0,744,0,745,G
8-NS,605,1,0,0,746,747,C
8-NS,606,0,742,0,1,743,T
8-NS,607,0,744,0,1,745,T
8-NS,608,0,3,738,0,741,G
8-NS,609,0,2,735,0,737,G
8-NS,610,741,0,0,0,741,A
8-NS,611,0,1,741,0,742,G
8-NS,612,736,0,0,0,736,A
8-NS,613,729,0,1,0,730,A
8-NS,614,0,1,737,0,738,G
8-NS,615,1,0,0,737,738,C
8-NS,616,739,0,2,0,741,A
8-NS,617,2,1,745,0,748,G
8-NS,618,0,745,0,1,746,T
8-NS,619,751,0,0,0,751,A
8-NS,620,751,0,0,0,751,A
8-NS,621,0,751,0,0,751,T
8-NS,622,0,4,756,0,760,G
8-NS,623,730,0,0,0,730,A
8-NS,624,0,4,740,0,744,G
8-NS,625,737,0,0,0,737,A
8-NS,626,714,0,0,0,714,A
8-NS,627,1,714,0,0,715,T
8-NS,628,1,2,704,0,707,G
8-NS,629,0,2,706,0,708,G
8-NS,630,0,2,700,0,702,G
8-NS,631,0,1,696,0,697,G
8-NS,632,0,7,688,0,695,G
8-NS,633,672,0,3,0,675,A
8-NS,634,1,0,0,682,683,C
8-NS,635,3,0,0,679,682,C
8-NS,636,0,674,0,0,674,T
8-NS,637,8,0,0,670,678,C
8-NS,638,2,0,1,679,682,C
8-NS,639,682,0,0,0,682,A
8-NS,640,0,0,0,683,683,C
8-NS,641,0,670,0,1,671,T
8-NS,642,0,668,0,0,668,T
8-NS,643,654,0,0,0,654,A
8-NS,644,0,0,0,664,664,C
8-NS,645,0,660,0,0,660,T
8-NS,646,2,3,0,652,657,C
8-NS,647,1,0,0,652,653,C
8-NS,648,650,0,1,0,651,A
8-NS,649,653,0,0,0,653,A
8-NS,650,656,0,0,0,656,A
8-NS,651,655,0,0,0,655,A
8-NS,652,1,0,0,653,654,C
8-NS,653,644,0,1,0,645,A
8-NS,654,0,1,644,0,645,G
8-NS,655,645,0,0,0,645,A
8-NS,656,644,0,0,0,644,A
8-NS,657,646,0,0,0,646,A
8-NS,658,0,2,0,639,641,C
8-NS,659,0,2,638,0,640,G
8-NS,660,1,1,636,0,638,G
8-NS,661,0,0,641,0,641,G
8-NS,662,639,0,0,0,639,A
8-NS,663,633,0,0,0,633,A
8-NS,664,634,0,2,0,636,A
8-NS,665,0,634,0,0,634,T
8-NS,666,0,1,635,0,636,G
8-NS,667,0,0,636,0,636,G
8-NS,668,1,1,0,622,624,C
8-NS,669,0,1,626,0,627,G
8-NS,670,625,0,0,0,625,A
8-NS,671,0,5,621,0,626,G
8-NS,672,628,0,0,0,628,A
8-NS,673,628,0,0,0,628,A
8-NS,674,0,0,0,628,628,C
8-NS,675,615,0,0,0,615,A
8-NS,676,1,0,615,1,617,G
8-NS,677,0,0,0,615,615,C
8-NS,678,0,613,0,1,614,T
8-NS,679,612,0,0,0,612,A
8-NS,680,0,3,599,0,602,G
8-NS,681,0,1,602,0,603,G
8-NS,682,0,603,0,0,603,T
8-NS,683,3,0,0,589,592,C
8-NS,684,591,0,0,0,591,A
8-NS,685,593,0,0,0,593,A
8-NS,686,591,0,0,0,591,A
8-NS,687,595,0,0,0,595,A
8-NS,688,0,0,597,0,597,G
8-NS,689,0,581,1,0,582,T
8-NS,690,0,580,0,0,580,T
8-NS,691,0,580,0,2,582,T
8-NS,692,0,1,583,0,584,G
8-NS,693,582,0,0,0,582,A
8-NS,694,583,0,0,0,583,A
8-NS,695,0,3,583,0,586,G
8-NS,696,566,0,1,0,567,A
8-NS,697,0,1,567,0,568,G
8-NS,698,566,0,0,0,566,A
8-NS,699,0,571,0,0,571,T
8-NS,700,570,0,0,0,570,A
8-NS,701,561,0,2,0,563,A
8-NS,702,0,3,559,0,562,G
8-NS,703,523,0,0,0,523,A
8-NS,704,0,521,0,1,522,T
8-NS,705,0,2,523,0,525,G
8-NS,706,0,0,526,0,526,G
8-NS,707,0,0,0,522,522,C
8-NS,708,0,520,0,1,521,T
8-NS,709,520,0,0,0,520,A
8-NS,710,519,0,0,0,519,A
8-NS,711,0,520,0,0,520,T
8-NS,712,0,519,0,0,519,T
8-NS,713,0,3,517,0,520,G
8-NS,714,511,0,0,0,511,A
8-NS,715,511,1,0,0,512,A
8-NS,716,0,1,511,0,512,G
8-NS,717,511,0,0,0,511,A
8-NS,718,504,0,1,0,505,A
8-NS,719,0,1,509,0,510,G
8-NS,720,0,495,0,0,495,T
8-NS,721,0,4,491,0,495,G
8-NS,722,493,0,1,0,494,A
8-NS,723,0,0,493,0,493,G
8-NS,724,491,0,2,0,493,A
8-NS,725,0,0,0,490,490,C
8-NS,726,482,0,1,0,483,A
8-NS,727,0,0,0,483,483,C
8-NS,728,458,0,0,0,458,A
8-NS,729,0,1,463,0,464,G
8-NS,730,460,0,1,0,461,A
8-NS,731,0,459,0,1,460,T
8-NS,732,0,459,0,0,459,T
8-NS,733,457,0,0,0,457,A
8-NS,734,457,0,0,0,457,A
8-NS,735,454,0,0,0,454,A
8-NS,736,454,0,0,0,454,A
8-NS,737,454,0,0,1,455,A
8-NS,738,0,1,0,436,437,C
8-NS,739,408,0,0,0,408,A
8-NS,740,408,0,0,0,408,A
8-NS,741,0,0,0,409,409,C
8-NS,742,0,404,0,0,404,T
8-NS,743,0,1,405,0,406,G
8-NS,744,403,0,0,0,403,A
8-NS,745,403,1,0,0,404,A
8-NS,746,404,0,0,0,404,A
8-NS,747,398,0,0,0,398,A
8-NS,748,0,397,0,0,397,T
8-NS,749,391,0,0,0,391,A
8-NS,750,0,0,391,0,391,G
8-NS,751,0,0,0,391,391,C
8-NS,752,0,383,0,1,384,T
8-NS,753,0,382,0,0,382,T
8-NS,754,0,380,0,0,380,T
8-NS,755,0,1,381,0,382,G
8-NS,756,382,0,0,0,382,A
8-NS,757,381,0,1,0,382,A
8-NS,758,0,0,0,382,382,C
8-NS,759,368,0,0,0,368,A
8-NS,760,371,0,0,0,371,A
8-NS,761,372,0,0,0,372,A
8-NS,762,0,373,0,0,373,T
8-NS,763,371,0,0,0,371,A
8-NS,764,367,0,1,0,368,A
8-NS,765,0,0,0,367,367,C
8-NS,766,368,0,0,0,368,A
8-NS,767,0,365,0,0,365,T
8-NS,768,0,356,0,0,356,T
8-NS,769,2,0,0,348,350,C
8-NS,770,349,0,0,0,349,A
8-NS,771,0,349,0,0,349,T
8-NS,772,1,0,349,0,350,G
8-NS,773,0,0,1,340,341,C
8-NS,774,339,1,0,0,340,A
8-NS,775,338,0,0,0,338,A
8-NS,776,0,0,338,0,338,G
8-NS,777,1,0,0,342,343,C
8-NS,778,335,0,0,0,335,A
8-NS,779,0,329,0,0,329,T
8-NS,780,0,330,0,1,331,T
8-NS,781,331,0,0,0,331,A
8-NS,782,0,0,0,330,330,C
8-NS,783,328,0,0,1,329,A
8-NS,784,328,0,0,0,328,A
8-NS,785,7,0,0,319,326,C
8-NS,786,0,286,0,0,286,T
8-NS,787,0,0,286,0,286,G
8-NS,788,0,0,0,279,279,C
8-NS,789,0,260,0,0,260,T
8-NS,790,0,0,262,0,262,G
8-NS,791,0,253,0,0,253,T
8-NS,792,0,254,0,0,254,T
8-NS,793,0,254,0,0,254,T
8-NS,794,0,1,250,0,251,G
8-NS,795,249,0,0,0,249,A
8-NS,796,246,0,0,0,246,A
8-NS,797,0,0,246,0,246,G
8-NS,798,0,243,0,0,243,T
8-NS,799,1,1,230,0,232,G
8-NS,800,0,1,233,0,234,G
8-NS,801,233,0,0,0,233,A
8-NS,802,231,0,2,0,233,A
8-NS,803,0,0,0,232,232,C
8-NS,804,225,0,1,0,226,A
8-NS,805,0,0,226,0,226,G
8-NS,806,0,0,221,0,221,G
8-NS,807,213,0,1,0,214,A
8-NS,808,0,0,212,0,212,G
8-NS,809,177,0,1,1,179,A
8-NS,810,0,178,0,0,178,T
8-NS,811,175,0,0,0,175,A
8-NS,812,175,0,0,0,175,A
8-NS,813,0,0,176,0,176,G
8-NS,814,156,0,0,0,156,A
8-NS,815,156,0,0,0,156,A
8-NS,816,1,0,0,155,156,C
8-NS,817,0,131,0,0,131,T
8-NS,818,0,129,0,0,129,T
8-NS,819,0,128,0,0,128,T
8-NS,820,0,0,0,128,128,C
8-NS,821,0,125,0,0,125,T
8-NS,822,2,0,0,116,118,C
8-NS,823,111,0,0,0,111,A
8-NS,824,0,110,0,0,110,T
8-NS,825,0,108,0,0,108,T
8-NS,826,1,106,0,0,107,T
8-NS,827,1,0,0,106,107,C
8-NS,828,103,1,0,0,104,A
8-NS,829,0,0,104,0,104,G
8-NS,830,0,0,0,102,102,C
8-NS,831,0,93,0,0,93,T
8-NS,832,0,93,0,0,93,T
8-NS,833,89,0,0,0,89,A
8-NS,834,0,89,0,0,89,T
8-NS,835,0,89,0,0,89,T
8-NS,836,0,89,0,0,89,T
8-NS,837,85,0,0,0,85,A
8-NS,838,85,0,0,0,85,A
8-NS,839,0,80,0,1,81,T
8-NS,840,0,0,81,0,81,G
8-NS,841,81,0,0,0,81,A
8-NS,842,0,73,0,0,73,T
8-NS,843,67,0,1,0,68,A
8-NS,844,70,0,0,0,70,A
8-NS,845,70,0,0,0,70,A
8-NS,846,70,0,0,0,70,A
8-NS,847,69,0,0,0,69,A
8-NS,848,69,0,0,0,69,A
8-NS,849,0,0,0,68,68,C
8-NS,850,57,0,0,0,57,A
8-NS,851,1,0,0,55,56,C
8-NS,852,1,0,0,54,55,C
8-NS,853,2,0,0,52,54,C
8-NS,854,0,50,0,0,50,T
8-NS,855,0,47,0,0,47,T
8-NS,856,0,0,47,0,47,G
8-NS,857,0,45,0,0,45,T
8-NS,858,0,46,0,0,46,T
8-NS,859,0,46,0,0,46,T
8-NS,860,0,0,0,19,19,C
8-NS,861,0,12,0,0,12,T
8-NS,862,11,0,0,0,11,A
8-NS,863,0,0,0,11,11,C
