Gene,Position,A,T,G,C,Coverage,Consensus
1-PB2,1,640,0,0,0,640,A
1-PB2,2,0,644,0,0,644,T
1-PB2,3,0,0,664,0,664,G
1-PB2,4,0,0,669,0,669,G
1-PB2,5,669,0,0,0,669,A
1-PB2,6,663,0,2,1,666,A
1-PB2,7,666,0,0,0,666,A
1-PB2,8,0,0,732,0,732,G
1-PB2,9,729,0,0,0,729,A
1-PB2,10,734,0,1,0,735,A
1-PB2,11,0,760,0,0,760,T
1-PB2,12,758,0,0,0,758,A
1-PB2,13,761,0,0,0,761,A
1-PB2,14,758,0,0,0,758,A
1-PB2,15,759,0,2,0,761,A
1-PB2,16,0,0,789,0,789,G
1-PB2,17,788,0,0,0,788,A
1-PB2,18,796,0,0,0,796,A
1-PB2,19,0,0,0,811,811,C
1-PB2,20,0,819,0,0,819,T
1-PB2,21,836,0,0,0,836,A
1-PB2,22,1,1,0,833,835,C
1-PB2,23,0,0,840,0,840,G
1-PB2,24,0,0,858,0,858,G
1-PB2,25,863,0,0,0,863,A
1-PB2,26,899,0,0,0,899,A
1-PB2,27,0,895,0,0,895,T
1-PB2,28,1,2,0,897,900,C
1-PB2,29,0,903,0,0,903,T
1-PB2,30,1,1,912,0,914,G
1-PB2,31,917,0,0,0,917,A
1-PB2,32,0,920,0,0,920,T
1-PB2,33,0,0,928,0,928,G
1-PB2,34,0,939,0,5,944,T
1-PB2,35,2,0,0,943,945,C
1-PB2,36,0,0,942,0,942,G
1-PB2,37,0,2,0,941,943,C
1-PB2,38,943,0,1,0,944,A
1-PB2,39,0,0,995,0,995,G
1-PB2,40,0,1003,0,0,1003,T
1-PB2,41,0,1,0,1008,1009,C
1-PB2,42,0,1001,0,1,1002,T
1-PB2,43,0,0,0,1005,1005,C
1-PB2,44,0,0,1004,0,1004,G
1-PB2,45,0,0,0,1010,1010,C
1-PB2,46,1009,0,1,0,1010,A
1-PB2,47,0,2,0,1021,1023,C
1-PB2,48,0,1016,1,0,1017,T
1-PB2,49,2,0,0,1056,1058,C
1-PB2,50,0,0,1058,0,1058,G
1-PB2,51,1,0,0,1055,1056,C
1-PB2,52,0,0,1061,0,1061,G
1-PB2,53,1054,0,1,0,1055,A
1-PB2,54,1,1,1062,0,1064,G
1-PB2,55,1102,0,0,0,1102,A
1-PB2,56,0,1097,0,0,1097,T
1-PB2,57,1097,0,0,0,1097,A
1-PB2,58,0,0,0,1100,1100,C
1-PB2,59,0,1097,0,1,1098,T
1-PB2,60,1,3,1118,0,1122,G
1-PB2,61,1117,0,2,0,1119,A
1-PB2,62,0,0,0,1130,1130,C
1-PB2,63,1131,0,0,0,1131,A
1-PB2,64,1117,1,0,0,1118,A
1-PB2,65,1137,0,0,0,1137,A
1-PB2,66,1145,0,1,0,1146,A
1-PB2,67,1150,0,1,0,1151,A
1-PB2,68,0,0,0,1164,1164,C
1-PB2,69,2,0,0,1162,1164,C
1-PB2,70,1204,0,2,0,1206,A
1-PB2,71,0,0,0,1216,1216,C
1-PB2,72,1215,0,1,0,1216,A
1-PB2,73,0,0,1246,0,1246,G
1-PB2,74,0,1219,0,1,1220,T
1-PB2,75,0,1,1272,0,1273,G
1-PB2,76,2,0,1272,0,1274,G
1-PB2,77,1276,0,1,0,1277,A
1-PB2,78,0,1,0,1360,1361,C
1-PB2,79,2,0,0,1349,1351,C
1-PB2,80,1366,0,2,0,1368,A
1-PB2,81,0,1370,0,0,1370,T
1-PB2,82,1353,0,4,0,1357,A
1-PB2,83,0,1352,0,0,1352,T
1-PB2,84,0,1,1343,0,1344,G
1-PB2,85,1,0,1357,0,1358,G
1-PB2,86,0,2,0,1355,1357,C
1-PB2,87,0,0,0,1351,1351,C
1-PB2,88,1349,0,0,0,1349,A
1-PB2,89,0,1438,0,0,1438,T
1-PB2,90,1439,0,0,0,1439,A
1-PB2,91,1506,0,0,0,1506,A
1-PB2,92,1,1517,0,0,1518,T
1-PB2,93,0,1505,0,0,1505,T
1-PB2,94,1529,0,0,0,1529,A
1-PB2,95,1529,0,2,1,1532,A
1-PB2,96,1,3,1550,0,1554,G
1-PB2,97,1551,0,2,0,1553,A
1-PB2,98,1539,0,0,0,1539,A
1-PB2,99,0,0,1599,0,1599,G
1-PB2,100,0,1565,0,0,1565,T
1-PB2,101,1575,0,2,0,1577,A
1-PB2,102,0,2,0,1574,1576,C
1-PB2,103,1579,0,2,0,1581,A
1-PB2,104,0,1,0,1638,1639,C
1-PB2,105,1618,0,1,0,1619,A
1-PB2,106,0,1628,0,0,1628,T
1-PB2,107,0,0,0,1636,1636,C
1-PB2,108,4,1,1607,0,1612,G
1-PB2,109,1,2,1607,0,1610,G
1-PB2,110,2,3,1601,0,1606,G
1-PB2,111,1,1,1602,0,1604,G
1-PB2,112,1590,0,3,0,1593,A
1-PB2,113,0,1,1596,0,1597,G
1-PB2,114,1588,0,7,0,1595,A
1-PB2,115,0,0,0,1603,1603,C
1-PB2,116,1600,0,1,0,1601,A
1-PB2,117,0,0,1619,0,1619,G
1-PB2,118,0,0,1650,0,1650,G
1-PB2,119,1646,0,2,0,1648,A
1-PB2,120,1651,0,1,0,1652,A
1-PB2,121,1651,0,0,0,1651,A
1-PB2,122,1652,0,1,0,1653,A
1-PB2,123,0,3,1643,0,1646,G
1-PB2,124,1638,0,2,0,1640,A
1-PB2,125,1654,0,0,0,1654,A
1-PB2,126,0,0,0,1650,1650,C
1-PB2,127,1,1,0,1632,1634,C
1-PB2,128,0,3,0,1637,1640,C
1-PB2,129,1,1,1644,0,1646,G
1-PB2,130,0,1633,0,2,1635,T
1-PB2,131,0,0,0,1639,1639,C
1-PB2,132,1649,0,0,0,1649,A
1-PB2,133,0,0,0,1678,1678,C
1-PB2,134,0,1675,0,0,1675,T
1-PB2,135,1,1677,0,1,1679,T
1-PB2,136,1674,0,3,0,1677,A
1-PB2,137,1,0,1707,0,1708,G
1-PB2,138,1,0,1706,0,1707,G
1-PB2,139,1695,0,2,0,1697,A
1-PB2,140,0,1700,0,0,1700,T
1-PB2,141,1,0,1732,0,1733,G
1-PB2,142,1749,0,1,0,1750,A
1-PB2,143,1755,0,2,0,1757,A
1-PB2,144,1758,0,1,0,1759,A
1-PB2,145,0,1757,1,0,1758,T
1-PB2,146,0,0,1754,0,1754,G
1-PB2,147,1,0,1759,0,1760,G
1-PB2,148,1754,0,1,0,1755,A
1-PB2,149,0,1763,0,0,1763,T
1-PB2,150,0,0,1745,0,1745,G
1-PB2,151,1717,0,0,0,1717,A
1-PB2,152,0,1732,0,1,1733,T
1-PB2,153,0,0,1742,0,1742,G
1-PB2,154,0,1,1750,0,1751,G
1-PB2,155,0,0,0,1765,1765,C
1-PB2,156,1754,0,2,0,1756,A
1-PB2,157,1760,0,1,1,1762,A
1-PB2,158,0,1775,1,1,1777,T
1-PB2,159,0,0,1828,0,1828,G
1-PB2,160,1817,0,0,0,1817,A
1-PB2,161,1814,0,3,0,1817,A
1-PB2,162,1823,0,1,0,1824,A
1-PB2,163,0,1830,0,1,1831,T
1-PB2,164,1846,0,2,0,1848,A
1-PB2,165,0,1,0,1871,1872,C
1-PB2,166,0,0,0,1856,1856,C
1-PB2,167,1,1,0,1860,1862,C
1-PB2,168,1850,0,1,0,1851,A
1-PB2,169,1848,0,1,0,1849,A
1-PB2,170,0,1840,0,0,1840,T
1-PB2,171,1,1,0,1849,1851,C
1-PB2,172,1844,0,1,0,1845,A
1-PB2,173,0,0,0,1895,1895,C
1-PB2,174,0,1865,0,1,1866,T
1-PB2,175,0,0,1885,0,1885,G
1-PB2,176,0,0,0,1885,1885,C
1-PB2,177,0,1888,0,5,1893,T
1-PB2,178,0,2,1906,0,1908,G
1-PB2,179,1906,0,1,0,1907,A
1-PB2,180,0,0,0,1916,1916,C
1-PB2,181,1911,1,2,0,1914,A
1-PB2,182,1883,0,1,0,1884,A
1-PB2,183,1878,0,2,0,1880,A
1-PB2,184,1884,0,1,0,1885,A
1-PB2,185,1,1,1914,0,1916,G
1-PB2,186,2,0,1919,0,1921,G
1-PB2,187,1908,0,2,0,1910,A
1-PB2,188,0,1922,0,0,1922,T
1-PB2,189,1901,0,4,1,1906,A
1-PB2,190,1928,0,2,0,1930,A
1-PB2,191,0,0,0,1940,1940,C
1-PB2,192,1949,0,0,0,1949,A
1-PB2,193,0,1,1954,0,1955,G
1-PB2,194,1922,0,0,0,1922,A
1-PB2,195,1927,1,1,0,1929,A
1-PB2,196,1924,0,4,0,1928,A
1-PB2,197,0,1925,0,0,1925,T
1-PB2,198,0,0,1929,0,1929,G
1-PB2,199,1,0,1946,0,1947,G
1-PB2,200,0,1926,0,2,1928,T
1-PB2,201,0,1926,0,1,1927,T
1-PB2,202,1,0,0,1918,1919,C
1-PB2,203,0,1,0,1926,1927,C
1-PB2,204,1927,0,2,0,1929,A
1-PB2,205,0,0,1945,0,1945,G
1-PB2,206,1940,0,2,0,1942,A
1-PB2,207,0,3,1955,0,1958,G
1-PB2,208,1917,1,2,0,1920,A
1-PB2,209,0,2,1970,0,1972,G
1-PB2,210,1962,1,3,0,1966,A
1-PB2,211,1969,0,1,0,1970,A
1-PB2,212,1970,0,3,0,1973,A
1-PB2,213,1,1965,0,0,1966,T
1-PB2,214,1,2,1985,0,1988,G
1-PB2,215,1990,0,1,0,1991,A
1-PB2,216,1979,0,0,0,1979,A
1-PB2,217,0,1,0,1973,1974,C
1-PB2,218,1950,0,0,0,1950,A
1-PB2,219,1957,0,5,0,1962,A
1-PB2,220,0,2,1984,0,1986,G
1-PB2,221,0,4,2001,0,2005,G
1-PB2,222,2016,0,0,0,2016,A
1-PB2,223,0,0,1,2013,2014,C
1-PB2,224,2012,0,4,0,2016,A
1-PB2,225,2014,0,2,0,2016,A
1-PB2,226,2066,0,1,0,2067,A
1-PB2,227,0,0,0,2081,2081,C
1-PB2,228,0,2065,1,2,2068,T
1-PB2,229,0,0,0,2121,2121,C
1-PB2,230,0,2104,0,0,2104,T
1-PB2,231,2104,0,2,1,2107,A
1-PB2,232,0,2102,0,0,2102,T
1-PB2,233,1,2,2117,0,2120,G
1-PB2,234,0,3,2128,0,2131,G
1-PB2,235,2052,0,1,0,2053,A
1-PB2,236,2,0,2047,0,2049,G
1-PB2,237,0,127,0,1870,1997,C
1-PB2,238,2021,0,0,3,2024,A
1-PB2,239,2046,0,1,0,2047,A
1-PB2,240,2044,0,1,0,2045,A
1-PB2,241,2046,0,3,0,2049,A
1-PB2,242,0,2021,0,0,2021,T
1-PB2,243,1,0,2025,0,2026,G
1-PB2,244,2017,0,0,0,2017,A
1-PB2,245,1,0,2021,0,2022,G
1-PB2,246,0,1998,0,3,2001,T
1-PB2,247,0,3,2018,0,2021,G
1-PB2,248,2058,0,6,0,2064,A
1-PB2,249,0,2088,0,1,2089,T
1-PB2,250,0,0,2082,0,2082,G
1-PB2,251,0,0,0,2086,2086,C
1-PB2,252,0,2073,0,1,2074,T
1-PB2,253,1,2,2157,0,2160,G
1-PB2,254,1,1,2153,0,2155,G
1-PB2,255,2156,0,4,0,2160,A
1-PB2,256,0,2159,0,4,2163,T
1-PB2,257,2,0,0,2169,2171,C
1-PB2,258,2169,1,0,0,2170,A
1-PB2,259,1,0,2234,0,2235,G
1-PB2,260,2233,0,2,0,2235,A
1-PB2,261,0,2243,0,0,2243,T
1-PB2,262,2170,0,0,0,2170,A
1-PB2,263,0,2,2232,0,2234,G
1-PB2,264,2219,0,3,0,2222,A
1-PB2,265,1,1,2246,0,2248,G
1-PB2,266,0,2206,0,1,2207,T
1-PB2,267,0,2,2177,0,2179,G
1-PB2,268,2127,0,3,0,2130,A
1-PB2,269,0,2137,0,0,2137,T
1-PB2,270,4,4,2189,0,2197,G
1-PB2,271,1,1,2228,0,2230,G
1-PB2,272,0,2197,0,1,2198,T
1-PB2,273,2203,0,0,0,2203,A
1-PB2,274,0,2163,0,4,2167,T
1-PB2,275,3,1,0,2168,2172,C
1-PB2,276,2200,0,0,0,2200,A
1-PB2,277,0,0,0,2255,2255,C
1-PB2,278,0,0,0,2253,2253,C
1-PB2,279,1,2210,0,1,2212,T
1-PB2,280,0,2202,0,1,2203,T
1-PB2,281,0,2206,0,0,2206,T
1-PB2,282,0,2,2235,0,2237,G
1-PB2,283,2,0,2240,0,2242,G
1-PB2,284,0,0,0,2269,2269,C
1-PB2,285,0,2252,0,3,2255,T
1-PB2,286,0,1,2249,0,2250,G
1-PB2,287,0,2260,0,2,2262,T
1-PB2,288,2265,0,1,0,2266,A
1-PB2,289,2270,0,1,0,2271,A
1-PB2,290,0,1,0,2271,2272,C
1-PB2,291,2237,0,0,0,2237,A
1-PB2,292,0,2235,0,3,2238,T
1-PB2,293,0,2,2213,0,2215,G
1-PB2,294,0,0,2251,0,2251,G
1-PB2,295,0,2226,0,1,2227,T
1-PB2,296,0,1,2231,0,2232,G
1-PB2,297,2,4,2244,0,2250,G
1-PB2,298,2249,0,0,0,2249,A
1-PB2,299,2278,0,3,0,2281,A
1-PB2,300,0,2276,0,3,2279,T
1-PB2,301,2273,0,2,0,2275,A
1-PB2,302,0,1,2309,0,2310,G
1-PB2,303,2308,0,2,0,2310,A
1-PB2,304,2312,0,1,1,2314,A
1-PB2,305,2312,0,0,0,2312,A
1-PB2,306,0,2271,0,0,2271,T
1-PB2,307,0,3,2260,0,2263,G
1-PB2,308,0,2,2251,0,2253,G
1-PB2,309,2255,0,1,0,2256,A
1-PB2,310,0,1,0,2265,2266,C
1-PB2,311,1,1,1,2234,2237,C
1-PB2,312,5,0,0,2238,2243,C
1-PB2,313,0,1,2253,0,2254,G
1-PB2,314,0,2258,0,0,2258,T
1-PB2,315,1,2,2308,0,2311,G
1-PB2,316,2325,0,1,0,2326,A
1-PB2,317,1,1,0,2335,2337,C
1-PB2,318,2337,0,1,0,2338,A
1-PB2,319,2313,1,3,0,2317,A
1-PB2,320,3,0,2389,0,2392,G
1-PB2,321,0,2371,0,1,2372,T
1-PB2,322,2362,0,1,0,2363,A
1-PB2,323,1,1,1,2336,2339,C
1-PB2,324,1,3,2288,0,2292,G
1-PB2,325,0,0,2374,0,2374,G
1-PB2,326,0,2348,0,1,2349,T
1-PB2,327,3,0,0,2380,2383,C
1-PB2,328,4,0,0,2374,2378,C
1-PB2,329,2332,1,1,0,2334,A
1-PB2,330,0,2343,0,3,2346,T
1-PB2,331,0,2347,0,1,2348,T
1-PB2,332,2448,0,1,0,2449,A
1-PB2,333,1,1,1,2444,2447,C
1-PB2,334,4,1,0,2396,2401,C
1-PB2,335,5,1,0,2396,2402,C
1-PB2,336,2383,0,0,0,2383,A
1-PB2,337,2394,0,0,0,2394,A
1-PB2,338,2385,0,0,0,2385,A
1-PB2,339,2379,0,0,0,2379,A
1-PB2,340,0,0,2407,0,2407,G
1-PB2,341,3,2313,1,0,2317,T
1-PB2,342,1,0,2373,0,2374,G
1-PB2,343,0,2369,0,2,2371,T
1-PB2,344,2374,0,2,0,2376,A
1-PB2,345,0,2,0,2377,2379,C
1-PB2,346,2359,0,1,0,2360,A
1-PB2,347,2372,0,1,0,2373,A
1-PB2,348,1,5,2390,0,2396,G
1-PB2,349,2351,0,1,0,2352,A
1-PB2,350,1,0,1,2380,2382,C
1-PB2,351,1,2337,0,3,2341,T
1-PB2,352,0,2358,0,1,2359,T
1-PB2,353,2360,0,0,0,2360,A
1-PB2,354,0,2360,0,0,2360,T
1-PB2,355,0,2366,0,0,2366,T
1-PB2,356,0,2351,0,0,2351,T
1-PB2,357,0,0,0,2336,2336,C
1-PB2,358,2,2,2331,0,2335,G
1-PB2,359,2312,0,5,0,2317,A
1-PB2,360,0,2,0,2329,2331,C
1-PB2,361,2327,0,1,0,2328,A
1-PB2,362,2322,0,0,0,2322,A
1-PB2,363,2316,0,2,0,2318,A
1-PB2,364,1,0,2347,0,2348,G
1-PB2,365,0,2305,0,0,2305,T
1-PB2,366,3,0,0,2348,2351,C
1-PB2,367,0,3,2352,0,2355,G
1-PB2,368,2340,0,0,0,2340,A
1-PB2,369,2343,0,1,0,2344,A
1-PB2,370,2345,1,1,0,2347,A
1-PB2,371,0,1,2416,0,2417,G
1-PB2,372,0,0,2417,0,2417,G
1-PB2,373,0,2401,0,0,2401,T
1-PB2,374,0,2417,0,0,2417,T
1-PB2,375,2416,0,1,0,2417,A
1-PB2,376,2419,0,2,0,2421,A
1-PB2,377,2418,0,1,0,2419,A
1-PB2,378,2426,0,2,0,2428,A
1-PB2,379,0,0,0,2458,2458,C
1-PB2,380,2393,0,1,0,2394,A
1-PB2,381,0,2370,0,1,2371,T
1-PB2,382,0,4,2370,0,2374,G
1-PB2,383,0,4,2365,0,2369,G
1-PB2,384,2372,0,4,0,2376,A
1-PB2,385,2401,0,1,0,2402,A
1-PB2,386,0,0,0,2482,2482,C
1-PB2,387,1,0,0,2505,2506,C
1-PB2,388,0,2496,0,3,2499,T
1-PB2,389,0,2500,0,4,2504,T
1-PB2,390,0,2508,0,3,2511,T
1-PB2,391,1,1,2498,0,2500,G
1-PB2,392,1,2,2489,0,2492,G
1-PB2,393,0,0,0,2485,2485,C
1-PB2,394,1,1,0,2485,2487,C
1-PB2,395,3,2,0,2460,2465,C
1-PB2,396,2,2406,0,3,2411,T
1-PB2,397,1,0,2454,0,2455,G
1-PB2,398,0,2451,1,4,2456,T
1-PB2,399,0,2449,0,2,2451,T
1-PB2,400,4,1,0,2456,2461,C
1-PB2,401,2431,0,1,0,2432,A
1-PB2,402,0,2435,0,1,2436,T
1-PB2,403,0,2434,0,4,2438,T
1-PB2,404,0,2438,0,0,2438,T
1-PB2,405,0,2444,0,1,2445,T
1-PB2,406,2398,0,2,0,2400,A
1-PB2,407,1,2,2382,0,2385,G
1-PB2,408,2388,0,0,0,2388,A
1-PB2,409,2397,0,0,0,2397,A
1-PB2,410,2405,0,1,0,2406,A
1-PB2,411,0,2372,0,1,2373,T
1-PB2,412,3,0,0,2385,2388,C
1-PB2,413,2395,0,3,0,2398,A
1-PB2,414,2410,0,1,0,2411,A
1-PB2,415,2,0,2409,0,2411,G
1-PB2,416,1,2404,0,1,2406,T
1-PB2,417,1,0,0,2418,2419,C
1-PB2,418,2435,0,0,0,2435,A
1-PB2,419,2430,1,4,0,2435,A
1-PB2,420,1,0,2433,0,2434,G
1-PB2,421,2441,0,3,0,2444,A
1-PB2,422,0,2429,0,0,2429,T
1-PB2,423,2431,0,5,0,2436,A
1-PB2,424,1,2,0,2441,2444,C
1-PB2,425,0,1,2448,0,2449,G
1-PB2,426,1,0,1,2464,2466,C
1-PB2,427,2457,0,1,0,2458,A
1-PB2,428,2,0,2484,0,2486,G
1-PB2,429,2469,0,1,1,2471,A
1-PB2,430,2466,0,3,0,2469,A
1-PB2,431,0,0,2530,0,2530,G
1-PB2,432,2467,1,6,0,2474,A
1-PB2,433,1,0,2495,0,2496,G
1-PB2,434,0,2476,0,0,2476,T
1-PB2,435,2472,0,2,0,2474,A
1-PB2,436,1,1,2499,0,2501,G
1-PB2,437,2477,0,3,1,2481,A
1-PB2,438,0,1,0,2585,2586,C
1-PB2,439,2527,0,0,0,2527,A
1-PB2,440,0,2480,0,1,2481,T
1-PB2,441,2470,0,2,0,2472,A
1-PB2,442,2461,0,3,0,2464,A
1-PB2,443,2461,0,1,0,2462,A
1-PB2,444,0,1,0,2484,2485,C
1-PB2,445,2,0,0,2454,2456,C
1-PB2,446,2,0,0,2429,2431,C
1-PB2,447,0,2329,0,2,2331,T
1-PB2,448,1,2,2335,0,2338,G
1-PB2,449,1,0,2384,0,2385,G
1-PB2,450,0,2360,0,5,2365,T
1-PB2,451,4,0,0,2372,2376,C
1-PB2,452,2383,1,0,0,2384,A
1-PB2,453,0,2376,0,0,2376,T
1-PB2,454,1,2,2398,0,2401,G
1-PB2,455,0,2,0,2376,2378,C
1-PB2,456,2369,0,1,0,2370,A
1-PB2,457,1,3,2399,0,2403,G
1-PB2,458,2346,0,2,0,2348,A
1-PB2,459,0,0,0,2387,2387,C
1-PB2,460,0,0,0,2386,2386,C
1-PB2,461,0,2346,0,3,2349,T
1-PB2,462,0,0,0,2367,2367,C
1-PB2,463,2339,0,3,0,2342,A
1-PB2,464,0,1,2392,0,2393,G
1-PB2,465,1,2393,0,0,2394,T
1-PB2,466,0,1,2383,0,2384,G
1-PB2,467,0,1,0,2382,2383,C
1-PB2,468,4,2,0,2351,2357,C
1-PB2,469,2368,0,1,2,2371,A
1-PB2,470,2358,0,0,0,2358,A
1-PB2,471,2352,0,1,0,2353,A
1-PB2,472,0,1,2356,0,2357,G
1-PB2,473,2278,0,3,0,2281,A
1-PB2,474,0,2,2282,0,2284,G
1-PB2,475,0,0,2274,0,2274,G
1-PB2,476,1,1,0,2279,2281,C
1-PB2,477,2280,0,2,0,2282,A
1-PB2,478,0,0,0,2297,2297,C
1-PB2,479,2292,0,0,0,2292,A
1-PB2,480,2344,0,2,0,2346,A
1-PB2,481,2,0,2376,0,2378,G
1-PB2,482,2391,0,3,0,2394,A
1-PB2,483,0,2383,0,2,2385,T
1-PB2,484,0,0,2385,0,2385,G
1-PB2,485,0,2371,0,0,2371,T
1-PB2,486,2390,0,1,0,2391,A
1-PB2,487,2377,0,0,0,2377,A
1-PB2,488,0,2392,0,1,2393,T
1-PB2,489,0,2304,1,0,2305,T
1-PB2,490,2287,1,0,0,2288,A
1-PB2,491,0,2233,0,0,2233,T
1-PB2,492,1,0,2229,0,2230,G
1-PB2,493,0,2,2221,0,2223,G
1-PB2,494,2211,0,0,0,2211,A
1-PB2,495,2190,0,2,0,2192,A
1-PB2,496,1,0,2196,0,2197,G
1-PB2,497,0,2185,0,0,2185,T
1-PB2,498,0,2190,0,1,2191,T
1-PB2,499,0,0,2200,0,2200,G
1-PB2,500,0,2183,0,4,2187,T
1-PB2,501,0,2178,0,2,2180,T
1-PB2,502,0,2190,0,0,2190,T
1-PB2,503,0,2186,0,1,2187,T
1-PB2,504,0,2174,0,2,2176,T
1-PB2,505,0,0,0,2200,2200,C
1-PB2,506,5,0,1,2192,2198,C
1-PB2,507,5,1,0,2203,2209,C
1-PB2,508,2199,0,1,0,2200,A
1-PB2,509,2195,0,1,0,2196,A
1-PB2,510,0,2221,0,1,2222,T
1-PB2,511,2,1,2236,0,2239,G
1-PB2,512,2247,1,1,0,2249,A
1-PB2,513,2236,0,2,1,2239,A
1-PB2,514,0,0,2257,0,2257,G
1-PB2,515,1,2222,0,2,2225,T
1-PB2,516,0,4,2233,0,2237,G
1-PB2,517,1,0,2229,0,2230,G
1-PB2,518,1,2,2221,0,2224,G
1-PB2,519,2241,0,7,0,2248,A
1-PB2,520,0,1,2245,0,2246,G
1-PB2,521,1,0,0,2191,2192,C
1-PB2,522,1,1,0,2244,2246,C
1-PB2,523,2232,1,3,1,2237,A
1-PB2,524,2,2,2275,0,2279,G
1-PB2,525,3,3,2285,0,2291,G
1-PB2,526,2314,0,1,0,2315,A
1-PB2,527,0,2307,0,4,2311,T
1-PB2,528,2305,0,1,0,2306,A
1-PB2,529,1,0,0,2298,2299,C
1-PB2,530,0,2296,0,3,2299,T
1-PB2,531,2293,0,4,0,2297,A
1-PB2,532,2284,0,1,0,2285,A
1-PB2,533,0,0,0,2275,2275,C
1-PB2,534,2225,0,1,0,2226,A
1-PB2,535,0,2204,0,2,2206,T
1-PB2,536,1,1,0,2215,2217,C
1-PB2,537,2184,0,3,0,2187,A
1-PB2,538,1,3,2198,0,2202,G
1-PB2,539,2197,0,0,0,2197,A
1-PB2,540,2197,0,1,0,2198,A
1-PB2,541,0,2191,0,0,2191,T
1-PB2,542,3,0,0,2152,2155,C
1-PB2,543,2158,1,0,0,2159,A
1-PB2,544,0,0,0,2188,2188,C
1-PB2,545,2191,0,0,0,2191,A
1-PB2,546,2214,0,1,0,2215,A
1-PB2,547,1,2175,0,1,2177,T
1-PB2,548,1,2182,0,1,2184,T
1-PB2,549,2198,0,1,0,2199,A
1-PB2,550,2202,0,2,1,2205,A
1-PB2,551,1,1,0,2217,2219,C
1-PB2,552,2200,0,1,0,2201,A
1-PB2,553,2172,0,1,0,2173,A
1-PB2,554,0,2195,0,1,2196,T
1-PB2,555,2186,0,1,0,2187,A
1-PB2,556,2188,0,0,0,2188,A
1-PB2,557,0,0,0,2199,2199,C
1-PB2,558,1,2182,0,2,2185,T
1-PB2,559,2183,0,1,0,2184,A
1-PB2,560,2169,0,0,0,2169,A
1-PB2,561,2171,1,1,0,2173,A
1-PB2,562,0,0,2175,0,2175,G
1-PB2,563,2111,0,1,0,2112,A
1-PB2,564,0,1,2130,0,2131,G
1-PB2,565,2123,0,1,0,2124,A
1-PB2,566,2124,0,2,0,2126,A
1-PB2,567,2125,0,2,0,2127,A
1-PB2,568,2121,0,3,1,2125,A
1-PB2,569,2133,0,0,0,2133,A
1-PB2,570,2130,0,1,0,2131,A
1-PB2,571,2,0,2126,0,2128,G
1-PB2,572,2129,0,1,0,2130,A
1-PB2,573,2111,0,3,0,2114,A
1-PB2,574,0,3,2107,0,2110,G
1-PB2,575,2113,0,3,0,2116,A
1-PB2,576,2112,0,3,0,2115,A
1-PB2,577,0,0,0,2131,2131,C
1-PB2,578,0,2089,0,2,2091,T
1-PB2,579,2,0,0,2104,2106,C
1-PB2,580,1,2,0,2109,2112,C
1-PB2,581,1,2,2115,0,2118,G
1-PB2,582,2116,1,0,0,2117,A
1-PB2,583,0,1,2125,0,2126,G
1-PB2,584,2107,0,0,0,2107,A
1-PB2,585,1,2093,0,1,2095,T
1-PB2,586,0,2082,0,1,2083,T
1-PB2,587,3,1,2079,0,2083,G
1-PB2,588,0,1,0,2075,2076,C
1-PB2,589,2094,0,0,0,2094,A
1-PB2,590,2093,0,0,0,2093,A
1-PB2,591,2092,0,0,0,2092,A
1-PB2,592,2104,1,0,0,2105,A
1-PB2,593,0,2090,0,3,2093,T
1-PB2,594,0,2069,0,2,2071,T
1-PB2,595,0,2064,0,0,2064,T
1-PB2,596,1,1,0,2060,2062,C
1-PB2,597,0,2029,0,4,2033,T
1-PB2,598,3,1,0,2118,2122,C
1-PB2,599,1,1,0,2141,2143,C
1-PB2,600,4,0,0,2255,2259,C
1-PB2,601,0,2234,0,2,2236,T
1-PB2,602,0,2252,0,1,2253,T
1-PB2,603,1,2,2251,1,2255,G
1-PB2,604,2251,0,3,0,2254,A
1-PB2,605,0,2293,1,0,2294,T
1-PB2,606,0,1,2319,0,2320,G
1-PB2,607,0,0,2489,0,2489,G
1-PB2,608,0,2499,1,8,2508,T
1-PB2,609,1,2491,0,1,2493,T
1-PB2,610,3,0,2627,0,2630,G
1-PB2,611,0,2,1,2632,2635,C
1-PB2,612,2713,0,0,0,2713,A
1-PB2,613,0,2716,0,1,2717,T
1-PB2,614,2736,0,1,2,2739,A
1-PB2,615,0,0,0,2825,2825,C
1-PB2,616,2989,1,0,14,3004,A
1-PB2,617,0,3075,0,0,3075,T
1-PB2,618,0,0,3197,0,3197,G
1-PB2,619,0,3164,0,4,3168,T
1-PB2,620,0,3157,0,1,3158,T
1-PB2,621,3151,0,0,0,3151,A
1-PB2,622,2,0,3148,0,3150,G
1-PB2,623,3187,1,1,0,3189,A
1-PB2,624,1,4,3223,0,3228,G
1-PB2,625,3058,0,2,0,3060,A
1-PB2,626,0,2,3070,0,3072,G
1-PB2,627,3002,0,4,0,3006,A
1-PB2,628,2,4,3013,0,3019,G
1-PB2,629,3028,0,1,0,3029,A
1-PB2,630,3027,0,1,1,3029,A
1-PB2,631,0,1,0,3051,3052,C
1-PB2,632,0,3015,0,0,3015,T
1-PB2,633,0,3022,0,0,3022,T
1-PB2,634,1,0,3037,0,3038,G
1-PB2,635,0,3029,0,3,3032,T
1-PB2,636,3039,0,1,0,3040,A
1-PB2,637,1,0,0,3021,3022,C
1-PB2,638,2,1,3019,0,3022,G
1-PB2,639,3026,1,1,0,3028,A
1-PB2,640,3018,0,0,0,3018,A
1-PB2,641,3056,0,0,0,3056,A
1-PB2,642,3056,0,0,0,3056,A
1-PB2,643,3048,0,7,2,3057,A
1-PB2,644,0,0,0,3064,3064,C
1-PB2,645,3059,0,0,0,3059,A
1-PB2,646,3066,0,3,0,3069,A
1-PB2,647,0,3,3070,0,3073,G
1-PB2,648,3087,0,1,0,3088,A
1-PB2,649,0,3084,1,1,3086,T
1-PB2,650,0,3075,0,2,3077,T
1-PB2,651,0,3085,0,3,3088,T
1-PB2,652,4,2,0,3089,3095,C
1-PB2,653,1,3083,0,4,3088,T
1-PB2,654,4,0,0,3098,3102,C
1-PB2,655,3,1,0,3092,3096,C
1-PB2,656,5,1,0,3099,3105,C
1-PB2,657,3107,1,0,0,3108,A
1-PB2,658,1,1,3150,0,3152,G
1-PB2,659,0,3136,0,1,3137,T
1-PB2,660,0,3130,0,2,3132,T
1-PB2,661,3,0,3129,0,3132,G
1-PB2,662,1,3,0,3117,3121,C
1-PB2,663,0,3121,0,3,3124,T
1-PB2,664,0,2,3129,0,3131,G
1-PB2,665,1,0,3114,0,3115,G
1-PB2,666,0,5,1,3120,3126,C
1-PB2,667,1,2,3128,0,3131,G
1-PB2,668,0,0,3161,0,3161,G
1-PB2,669,3164,0,8,0,3172,A
1-PB2,670,3166,1,1,0,3168,A
1-PB2,671,1,1,0,3169,3171,C
1-PB2,672,3186,0,3,0,3189,A
1-PB2,673,3181,0,2,0,3183,A
1-PB2,674,0,0,3299,0,3299,G
1-PB2,675,0,1,0,3342,3343,C
1-PB2,676,3362,0,2,0,3364,A
1-PB2,677,0,0,4072,0,4072,G
1-PB2,678,0,4056,1,1,4058,T
1-PB2,679,4091,0,2,1,4094,A
1-PB2,680,0,4081,0,3,4084,T
1-PB2,681,4112,1,1,0,4114,A
1-PB2,682,0,4103,0,5,4108,T
1-PB2,683,4015,1,2,0,4018,A
1-PB2,684,0,2,0,4060,4062,C
1-PB2,685,3851,1,0,0,3852,A
1-PB2,686,1,3600,0,1,3602,T
1-PB2,687,1,3465,1,0,3467,T
1-PB2,688,0,2,3448,0,3450,G
1-PB2,689,3439,2,1,0,3442,A
1-PB2,690,3440,0,1,0,3441,A
1-PB2,691,1,0,3479,0,3480,G
1-PB2,692,0,3451,0,4,3455,T
1-PB2,693,0,3449,0,0,3449,T
1-PB2,694,0,3442,0,3,3445,T
1-PB2,695,0,3454,0,1,3455,T
1-PB2,696,3473,0,6,0,3479,A
1-PB2,697,1,0,0,3487,3488,C
1-PB2,698,3482,0,1,0,3483,A
1-PB2,699,1,3470,0,2,3473,T
1-PB2,700,0,3450,0,2,3452,T
1-PB2,701,0,3451,1,0,3452,T
1-PB2,702,1,7,3490,0,3498,G
1-PB2,703,3510,0,3,0,3513,A
1-PB2,704,1,1,0,3518,3520,C
1-PB2,705,0,3489,0,3,3492,T
1-PB2,706,4,0,0,3505,3509,C
1-PB2,707,3493,0,2,1,3496,A
1-PB2,708,2,6,3469,0,3477,G
1-PB2,709,2,3,3543,0,3548,G
1-PB2,710,0,4,3543,0,3547,G
1-PB2,711,3544,0,4,0,3548,A
1-PB2,712,3540,0,4,0,3544,A
1-PB2,713,0,2,0,3548,3550,C
1-PB2,714,2,0,3572,0,3574,G
1-PB2,715,1,3549,0,2,3552,T
1-PB2,716,2,1,3588,0,3591,G
1-PB2,717,0,3545,0,1,3546,T
1-PB2,718,0,3540,0,0,3540,T
1-PB2,719,0,2,3543,0,3545,G
1-PB2,720,0,3,3535,0,3538,G
1-PB2,721,0,6,3565,0,3571,G
1-PB2,722,3551,0,2,0,3553,A
1-PB2,723,3527,1,5,0,3533,A
1-PB2,724,0,1,0,3600,3601,C
1-PB2,725,3574,0,1,0,3575,A
1-PB2,726,3670,1,1,0,3672,A
1-PB2,727,3695,0,0,1,3696,A
1-PB2,728,1,3704,0,0,3705,T
1-PB2,729,1,0,3747,0,3748,G
1-PB2,730,0,3724,0,2,3726,T
1-PB2,731,3720,0,4,0,3724,A
1-PB2,732,0,1,0,3728,3729,C
1-PB2,733,3650,0,1,0,3651,A
1-PB2,734,1,1,0,3665,3667,C
1-PB2,735,0,3516,0,5,3521,T
1-PB2,736,2,1,0,3867,3870,C
1-PB2,737,3,0,0,3867,3870,C
1-PB2,738,3942,0,4,0,3946,A
1-PB2,739,0,3,3991,0,3994,G
1-PB2,740,1,1,4045,0,4047,G
1-PB2,741,0,4017,0,3,4020,T
1-PB2,742,0,4,4045,0,4049,G
1-PB2,743,4,4,3912,0,3920,G
1-PB2,744,3863,1,12,0,3876,A
1-PB2,745,0,2,3908,0,3910,G
1-PB2,746,1,4,3901,0,3906,G
1-PB2,747,3836,1,5,0,3842,A
1-PB2,748,1,1,3890,0,3892,G
1-PB2,749,0,3776,0,2,3778,T
1-PB2,750,1,3,3825,0,3829,G
1-PB2,751,3800,0,18,0,3818,A
1-PB2,752,0,4,3816,0,3820,G
1-PB2,753,3,2,3824,0,3829,G
1-PB2,754,3797,0,0,0,3797,A
1-PB2,755,3806,0,2,0,3808,A
1-PB2,756,0,3775,0,1,3776,T
1-PB2,757,1,5,3766,0,3772,G
1-PB2,758,3753,0,4,0,3757,A
1-PB2,759,0,3,0,3741,3744,C
1-PB2,760,3,1,3740,0,3744,G
1-PB2,761,3776,0,0,0,3776,A
1-PB2,762,0,3750,0,0,3750,T
1-PB2,763,2,0,3774,0,3776,G
1-PB2,764,0,3766,0,1,3767,T
1-PB2,765,0,3717,0,3,3720,T
1-PB2,766,1,5,3741,0,3747,G
1-PB2,767,3728,0,9,0,3737,A
1-PB2,768,0,2,0,3743,3745,C
1-PB2,769,4,1,0,3728,3733,C
1-PB2,770,3695,0,1,0,3696,A
1-PB2,771,3699,0,1,0,3700,A
1-PB2,772,3672,0,8,1,3681,A
1-PB2,773,0,0,3750,0,3750,G
1-PB2,774,1,0,0,3754,3755,C
1-PB2,775,2,0,0,3743,3745,C
1-PB2,776,0,3764,0,4,3768,T
1-PB2,777,3770,1,3,0,3774,A
1-PB2,778,3763,0,1,1,3765,A
1-PB2,779,0,3777,0,1,3778,T
1-PB2,780,1,3778,0,1,3780,T
1-PB2,781,3707,0,0,0,3707,A
1-PB2,782,1,3621,0,1,3623,T
1-PB2,783,0,3618,0,0,3618,T
1-PB2,784,0,1,3609,0,3610,G
1-PB2,785,0,1,0,3570,3571,C
1-PB2,786,3,2,3577,0,3582,G
1-PB2,787,2,1,3635,0,3638,G
1-PB2,788,0,0,0,3614,3614,C
1-PB2,789,1,2,0,3650,3653,C
1-PB2,790,3642,0,1,0,3643,A
1-PB2,791,1,0,3684,0,3685,G
1-PB2,792,2,8,3709,0,3719,G
1-PB2,793,3715,0,3,0,3718,A
1-PB2,794,3729,0,4,0,3733,A
1-PB2,795,1,0,0,3747,3748,C
1-PB2,796,3677,0,2,0,3679,A
1-PB2,797,0,3724,0,1,3725,T
1-PB2,798,3780,2,1,0,3783,A
1-PB2,799,0,0,3814,0,3814,G
1-PB2,800,1,3745,1,1,3748,T
1-PB2,801,3695,0,1,0,3696,A
1-PB2,802,3682,0,4,0,3686,A
1-PB2,803,0,5,3689,0,3694,G
1-PB2,804,3659,0,1,1,3661,A
1-PB2,805,3578,0,4,0,3582,A
1-PB2,806,4,3,3547,0,3554,G
1-PB2,807,3419,0,7,0,3426,A
1-PB2,808,0,0,3444,0,3444,G
1-PB2,809,1,1,0,3435,3437,C
1-PB2,810,1,2,1,3435,3439,C
1-PB2,811,2,1,3450,0,3453,G
1-PB2,812,2,0,0,3465,3467,C
1-PB2,813,3486,1,3,1,3491,A
1-PB2,814,0,0,3691,1,3692,G
1-PB2,815,0,3680,0,1,3681,T
1-PB2,816,3695,0,2,0,3697,A
1-PB2,817,1,3657,0,2,3660,T
1-PB2,818,3,1,1,3689,3694,C
1-PB2,819,3692,0,5,0,3697,A
1-PB2,820,0,0,3694,1,3695,G
1-PB2,821,0,0,1,3680,3681,C
1-PB2,822,3507,2,2,0,3511,A
1-PB2,823,0,0,3429,0,3429,G
1-PB2,824,3450,0,1,2,3453,A
1-PB2,825,1,3440,0,0,3441,T
1-PB2,826,0,0,0,3439,3439,C
1-PB2,827,7,1,0,3427,3435,C
1-PB2,828,3435,1,0,0,3436,A
1-PB2,829,0,0,0,3456,3456,C
1-PB2,830,0,3445,0,1,3446,T
1-PB2,831,3444,1,2,0,3447,A
1-PB2,832,1,0,3437,0,3438,G
1-PB2,833,0,0,0,3399,3399,C
1-PB2,834,3386,1,1,0,3388,A
1-PB2,835,0,3398,0,1,3399,T
1-PB2,836,0,0,0,3444,3444,C
1-PB2,837,0,3419,0,0,3419,T
1-PB2,838,0,3497,0,2,3499,T
1-PB2,839,0,3510,0,1,3511,T
1-PB2,840,3515,0,0,0,3515,A
1-PB2,841,0,3496,0,0,3496,T
1-PB2,842,0,3481,0,1,3482,T
1-PB2,843,0,2,3477,0,3479,G
1-PB2,844,0,1,3480,0,3481,G
1-PB2,845,3417,0,2,0,3419,A
1-PB2,846,0,2,3414,0,3416,G
1-PB2,847,3374,0,0,0,3374,A
1-PB2,848,0,3332,0,1,3333,T
1-PB2,849,1,0,3391,0,3392,G
1-PB2,850,0,3385,0,5,3390,T
1-PB2,851,3,2,3383,0,3388,G
1-PB2,852,2,2,0,3379,3383,C
1-PB2,853,4,0,0,3388,3392,C
1-PB2,854,3372,0,2,0,3374,A
1-PB2,855,0,2,0,3383,3385,C
1-PB2,856,3326,0,4,0,3330,A
1-PB2,857,2,0,3369,0,3371,G
1-PB2,858,1,1,0,3231,3233,C
1-PB2,859,3226,1,3,0,3230,A
1-PB2,860,0,4,0,3226,3230,C
1-PB2,861,3226,0,4,0,3230,A
1-PB2,862,1,1,1,3242,3245,C
1-PB2,863,3232,0,0,0,3232,A
1-PB2,864,3227,0,3,0,3230,A
1-PB2,865,3225,0,0,0,3225,A
1-PB2,866,0,3102,0,0,3102,T
1-PB2,867,0,3101,0,0,3101,T
1-PB2,868,0,2,3091,0,3093,G
1-PB2,869,2,0,3074,0,3076,G
1-PB2,870,0,2,0,3061,3063,C
1-PB2,871,1,2,3045,0,3048,G
1-PB2,872,1,6,3069,0,3076,G
1-PB2,873,2,4,3078,0,3084,G
1-PB2,874,3015,0,4,1,3020,A
1-PB2,875,2,1,1,3068,3072,C
1-PB2,876,3082,0,4,0,3086,A
1-PB2,877,3113,1,1,1,3116,A
1-PB2,878,2,2,3071,0,3075,G
1-PB2,879,2,1,3126,0,3129,G
1-PB2,880,3034,1,3,0,3038,A
1-PB2,881,0,2904,0,0,2904,T
1-PB2,882,1,2,2837,0,2840,G
1-PB2,883,1,0,2884,0,2885,G
1-PB2,884,0,2749,0,1,2750,T
1-PB2,885,0,1,2868,0,2869,G
1-PB2,886,1,2,2854,0,2857,G
1-PB2,887,2671,0,3,0,2674,A
1-PB2,888,0,1,0,2703,2704,C
1-PB2,889,2666,1,0,0,2667,A
1-PB2,890,0,2975,0,0,2975,T
1-PB2,891,0,2986,0,0,2986,T
1-PB2,892,0,2,0,2942,2944,C
1-PB2,893,0,2935,0,4,2939,T
1-PB2,894,0,2951,0,2,2953,T
1-PB2,895,2916,0,1,0,2917,A
1-PB2,896,0,2,2930,0,2932,G
1-PB2,897,2931,0,2,0,2933,A
1-PB2,898,0,0,0,2901,2901,C
1-PB2,899,2229,0,1,0,2230,A
1-PB2,900,1,2,2252,0,2255,G
1-PB2,901,2251,0,2,0,2253,A
1-PB2,902,2263,1,1,0,2265,A
1-PB2,903,0,1,0,2199,2200,C
1-PB2,904,0,1,0,2278,2279,C
1-PB2,905,2,0,0,2285,2287,C
1-PB2,906,0,7,2231,0,2238,G
1-PB2,907,2227,0,5,0,2232,A
1-PB2,908,0,0,1,2272,2273,C
1-PB2,909,0,2261,0,2,2263,T
1-PB2,910,2,0,2278,0,2280,G
1-PB2,911,2253,0,2,0,2255,A
1-PB2,912,2293,0,5,0,2298,A
1-PB2,913,1,1,2292,0,2294,G
1-PB2,914,2267,0,2,0,2269,A
1-PB2,915,2275,0,5,0,2280,A
1-PB2,916,0,1,0,2253,2254,C
1-PB2,917,2253,0,0,0,2253,A
1-PB2,918,2281,0,1,0,2282,A
1-PB2,919,1,0,2274,0,2275,G
1-PB2,920,0,0,1,2276,2277,C
1-PB2,921,0,2296,0,3,2299,T
1-PB2,922,1,0,2375,0,2376,G
1-PB2,923,0,2337,0,2,2339,T
1-PB2,924,2,1,2418,0,2421,G
1-PB2,925,1,0,2529,0,2530,G
1-PB2,926,2467,0,3,0,2470,A
1-PB2,927,0,2493,0,1,2494,T
1-PB2,928,2481,0,0,0,2481,A
1-PB2,929,0,2438,0,1,2439,T
1-PB2,930,2544,0,3,0,2547,A
1-PB2,931,0,2504,0,2,2506,T
1-PB2,932,2,0,2490,0,2492,G
1-PB2,933,1,0,0,2460,2461,C
1-PB2,934,2365,0,0,1,2366,A
1-PB2,935,2360,0,7,0,2367,A
1-PB2,936,0,0,2350,0,2350,G
1-PB2,937,0,0,2359,0,2359,G
1-PB2,938,0,0,1,2347,2348,C
1-PB2,939,0,2321,1,3,2325,T
1-PB2,940,1,0,2326,0,2327,G
1-PB2,941,1,0,0,2347,2348,C
1-PB2,942,2349,0,0,0,2349,A
1-PB2,943,2370,0,0,0,2370,A
1-PB2,944,0,2331,0,1,2332,T
1-PB2,945,0,2,2336,0,2338,G
1-PB2,946,0,2,2353,0,2355,G
1-PB2,947,1,0,2373,0,2374,G
1-PB2,948,2339,1,0,0,2340,A
1-PB2,949,0,2329,0,0,2329,T
1-PB2,950,0,2354,0,0,2354,T
1-PB2,951,1,0,2344,0,2345,G
1-PB2,952,2320,0,5,0,2325,A
1-PB2,953,0,1,2363,0,2364,G
1-PB2,954,2359,1,4,0,2364,A
1-PB2,955,2344,0,0,0,2344,A
1-PB2,956,0,2277,0,0,2277,T
1-PB2,957,2,0,0,2319,2321,C
1-PB2,958,2321,0,1,0,2322,A
1-PB2,959,0,0,2332,0,2332,G
1-PB2,960,0,0,0,2331,2331,C
1-PB2,961,0,2318,0,4,2322,T
1-PB2,962,3,0,0,2318,2321,C
1-PB2,963,2313,0,0,0,2313,A
1-PB2,964,0,2381,0,4,2385,T
1-PB2,965,0,2,0,2393,2395,C
1-PB2,966,0,1,0,2412,2413,C
1-PB2,967,0,2400,0,7,2407,T
1-PB2,968,0,2371,0,4,2375,T
1-PB2,969,1,1,0,2381,2383,C
1-PB2,970,2379,0,1,0,2380,A
1-PB2,971,0,0,2414,0,2414,G
1-PB2,972,1,0,0,2399,2400,C
1-PB2,973,0,2365,0,2,2367,T
1-PB2,974,0,2389,0,0,2389,T
1-PB2,975,0,2362,2,5,2369,T
1-PB2,976,2,1,2368,0,2371,G
1-PB2,977,1,0,2362,0,2363,G
1-PB2,978,3,2331,2,0,2336,T
1-PB2,979,0,3,2387,1,2391,G
1-PB2,980,1,4,2397,0,2402,G
1-PB2,981,0,0,2431,0,2431,G
1-PB2,982,0,2379,3,6,2388,T
1-PB2,983,0,2410,0,3,2413,T
1-PB2,984,0,2418,0,0,2418,T
1-PB2,985,2429,0,1,0,2430,A
1-PB2,986,0,0,0,2441,2441,C
1-PB2,987,2437,0,1,0,2438,A
1-PB2,988,0,2423,0,1,2424,T
1-PB2,989,1,2378,0,0,2379,T
1-PB2,990,0,2382,0,0,2382,T
1-PB2,991,2381,1,0,0,2382,A
1-PB2,992,2377,0,0,0,2377,A
1-PB2,993,2381,0,0,0,2381,A
1-PB2,994,2369,0,3,0,2372,A
1-PB2,995,1,1,2375,0,2377,G
1-PB2,996,2369,0,2,0,2371,A
1-PB2,997,2367,0,1,0,2368,A
1-PB2,998,0,1,0,2372,2373,C
1-PB2,999,2369,1,1,0,2371,A
1-PB2,1000,2364,0,1,1,2366,A
1-PB2,1001,0,0,2363,0,2363,G
1-PB2,1002,0,3,0,2372,2375,C
1-PB2,1003,3,2,2370,1,2376,G
1-PB2,1004,3,1,2366,0,2370,G
1-PB2,1005,1,1,2361,0,2363,G
1-PB2,1006,1,2357,0,4,2362,T
1-PB2,1007,4,3,0,2360,2367,C
1-PB2,1008,2379,1,1,0,2381,A
1-PB2,1009,0,2352,0,1,2353,T
1-PB2,1010,1,0,0,2372,2373,C
1-PB2,1011,2376,1,0,0,2377,A
1-PB2,1012,0,0,2418,0,2418,G
1-PB2,1013,0,2367,0,3,2370,T
1-PB2,1014,2,1,0,2388,2391,C
1-PB2,1015,2393,0,2,0,2395,A
1-PB2,1016,2406,0,0,0,2406,A
1-PB2,1017,2399,1,0,0,2400,A
1-PB2,1018,2405,0,0,0,2405,A
1-PB2,1019,2425,0,0,0,2425,A
1-PB2,1020,2421,0,2,0,2423,A
1-PB2,1021,0,1,2422,0,2423,G
1-PB2,1022,2410,0,0,0,2410,A
1-PB2,1023,2405,0,4,0,2409,A
1-PB2,1024,0,3,2400,0,2403,G
1-PB2,1025,2399,0,0,0,2399,A
1-PB2,1026,2348,0,2,0,2350,A
1-PB2,1027,0,2,2347,0,2349,G
1-PB2,1028,2342,0,3,0,2345,A
1-PB2,1029,3,2,2342,0,2347,G
1-PB2,1030,0,0,2381,0,2381,G
1-PB2,1031,0,2359,0,2,2361,T
1-PB2,1032,2,0,2437,0,2439,G
1-PB2,1033,0,0,0,2446,2446,C
1-PB2,1034,0,2458,0,4,2462,T
1-PB2,1035,1,2467,0,0,2468,T
1-PB2,1036,2478,0,0,0,2478,A
1-PB2,1037,0,1,0,2469,2470,C
1-PB2,1038,2451,0,1,0,2452,A
1-PB2,1039,2,0,2444,0,2446,G
1-PB2,1040,2,1,2430,0,2433,G
1-PB2,1041,2,0,0,2370,2372,C
1-PB2,1042,2359,0,1,0,2360,A
1-PB2,1043,2364,0,0,0,2364,A
1-PB2,1044,0,2400,0,2,2402,T
1-PB2,1045,0,0,0,2425,2425,C
1-PB2,1046,0,2419,0,2,2421,T
1-PB2,1047,2,2,0,2417,2421,C
1-PB2,1048,1,0,1,2416,2418,C
1-PB2,1049,2428,0,1,0,2429,A
1-PB2,1050,2433,0,2,0,2435,A
1-PB2,1051,2428,0,0,0,2428,A
1-PB2,1052,0,1,0,2441,2442,C
1-PB2,1053,2375,0,0,0,2375,A
1-PB2,1054,0,2337,0,1,2338,T
1-PB2,1055,0,2345,0,1,2346,T
1-PB2,1056,1,1,2379,0,2381,G
1-PB2,1057,2374,0,1,0,2375,A
1-PB2,1058,2410,0,0,0,2410,A
1-PB2,1059,2417,0,1,0,2418,A
1-PB2,1060,2417,0,0,0,2417,A
1-PB2,1061,0,2418,0,0,2418,T
1-PB2,1062,2425,0,0,0,2425,A
1-PB2,1063,2420,1,1,0,2422,A
1-PB2,1064,3,0,2465,0,2468,G
1-PB2,1065,2433,0,1,0,2434,A
1-PB2,1066,1,0,2508,0,2509,G
1-PB2,1067,0,2469,0,2,2471,T
1-PB2,1068,2497,0,4,0,2501,A
1-PB2,1069,1,1,0,2570,2572,C
1-PB2,1070,2568,0,1,0,2569,A
1-PB2,1071,0,2551,0,0,2551,T
1-PB2,1072,0,1,2572,0,2573,G
1-PB2,1073,2503,1,3,0,2507,A
1-PB2,1074,0,2,2546,0,2548,G
1-PB2,1075,1,3,2511,0,2515,G
1-PB2,1076,1,2,2615,0,2618,G
1-PB2,1077,0,0,2647,0,2647,G
1-PB2,1078,0,2567,0,2,2569,T
1-PB2,1079,2601,0,2,0,2603,A
1-PB2,1080,0,2587,0,2,2589,T
1-PB2,1081,1,0,2604,0,2605,G
1-PB2,1082,2596,0,6,0,2602,A
1-PB2,1083,0,1,2584,1,2586,G
1-PB2,1084,1,4,2559,0,2564,G
1-PB2,1085,2406,0,2,0,2408,A
1-PB2,1086,0,0,2470,0,2470,G
1-PB2,1087,0,2480,0,4,2484,T
1-PB2,1088,0,2568,1,1,2570,T
1-PB2,1089,6,1,0,2576,2583,C
1-PB2,1090,2580,0,2,1,2583,A
1-PB2,1091,0,0,0,2580,2580,C
1-PB2,1092,2579,1,0,0,2580,A
1-PB2,1093,2578,0,1,0,2579,A
1-PB2,1094,0,2578,0,1,2579,T
1-PB2,1095,1,2,2526,0,2529,G
1-PB2,1096,2,0,2542,0,2544,G
1-PB2,1097,0,2474,0,1,2475,T
1-PB2,1098,0,0,2499,0,2499,G
1-PB2,1099,0,3,2484,0,2487,G
1-PB2,1100,2,2,2487,0,2491,G
1-PB2,1101,0,1,2526,0,2527,G
1-PB2,1102,2509,0,1,0,2510,A
1-PB2,1103,2520,0,0,0,2520,A
1-PB2,1104,2503,0,1,0,2504,A
1-PB2,1105,2468,0,2,0,2470,A
1-PB2,1106,0,5,2488,0,2493,G
1-PB2,1107,2475,0,4,0,2479,A
1-PB2,1108,0,0,2487,0,2487,G
1-PB2,1109,0,0,0,2477,2477,C
1-PB2,1110,2473,0,0,0,2473,A
1-PB2,1111,2470,0,0,0,2470,A
1-PB2,1112,0,0,0,2552,2552,C
1-PB2,1113,2553,0,3,0,2556,A
1-PB2,1114,0,0,2595,0,2595,G
1-PB2,1115,1,0,0,2566,2567,C
1-PB2,1116,0,2563,0,2,2565,T
1-PB2,1117,2661,1,0,0,2662,A
1-PB2,1118,0,2665,0,0,2665,T
1-PB2,1119,2674,0,0,0,2674,A
1-PB2,1120,0,1,0,2675,2676,C
1-PB2,1121,0,2510,0,2,2512,T
1-PB2,1122,2526,0,0,0,2526,A
1-PB2,1123,2471,0,2,1,2474,A
1-PB2,1124,1,1,2466,0,2468,G
1-PB2,1125,2450,0,0,0,2450,A
1-PB2,1126,2387,0,1,0,2388,A
1-PB2,1127,2386,0,1,0,2387,A
1-PB2,1128,2357,0,3,0,2360,A
1-PB2,1129,1,0,2364,0,2365,G
1-PB2,1130,0,1,0,2358,2359,C
1-PB2,1131,2351,0,1,0,2352,A
1-PB2,1132,2354,1,0,0,2355,A
1-PB2,1133,0,0,0,2362,2362,C
1-PB2,1134,1,0,0,2363,2364,C
1-PB2,1135,2366,0,2,0,2368,A
1-PB2,1136,0,2,2374,0,2376,G
1-PB2,1137,2373,0,0,0,2373,A
1-PB2,1138,2373,0,2,0,2375,A
1-PB2,1139,0,3,2397,0,2400,G
1-PB2,1140,2383,0,2,0,2385,A
1-PB2,1141,0,2364,0,0,2364,T
1-PB2,1142,0,2362,0,1,2363,T
1-PB2,1143,1,1,2372,1,2375,G
1-PB2,1144,2,0,2405,0,2407,G
1-PB2,1145,0,2385,0,2,2387,T
1-PB2,1146,0,2377,0,1,2378,T
1-PB2,1147,3,1,0,2397,2401,C
1-PB2,1148,2460,0,1,0,2461,A
1-PB2,1149,3,0,2556,0,2559,G
1-PB2,1150,1,2,0,2574,2577,C
1-PB2,1151,0,2572,0,1,2573,T
1-PB2,1152,3,2,0,2584,2589,C
1-PB2,1153,2555,0,1,0,2556,A
1-PB2,1154,0,2565,0,0,2565,T
1-PB2,1155,2561,1,1,0,2563,A
1-PB2,1156,2,0,2588,0,2590,G
1-PB2,1157,0,2420,0,1,2421,T
1-PB2,1158,0,5,2392,0,2397,G
1-PB2,1159,2303,0,4,0,2307,A
1-PB2,1160,2,0,2340,0,2342,G
1-PB2,1161,0,2321,0,1,2322,T
1-PB2,1162,0,2,2326,0,2328,G
1-PB2,1163,1,3,2345,0,2349,G
1-PB2,1164,2334,2,1,0,2337,A
1-PB2,1165,2336,0,3,0,2339,A
1-PB2,1166,0,2,2339,0,2341,G
1-PB2,1167,2298,0,1,0,2299,A
1-PB2,1168,1,2,2318,0,2321,G
1-PB2,1169,2287,0,9,0,2296,A
1-PB2,1170,0,4,0,2281,2285,C
1-PB2,1171,1,4,2299,0,2304,G
1-PB2,1172,2264,0,0,0,2264,A
1-PB2,1173,2269,0,3,0,2272,A
1-PB2,1174,0,0,0,2277,2277,C
1-PB2,1175,2259,0,1,0,2260,A
1-PB2,1176,1,0,2370,0,2371,G
1-PB2,1177,0,2335,0,2,2337,T
1-PB2,1178,7,0,0,2345,2352,C
1-PB2,1179,2364,0,1,0,2365,A
1-PB2,1180,2348,0,1,0,2349,A
1-PB2,1181,0,2340,0,1,2341,T
1-PB2,1182,2336,0,0,0,2336,A
1-PB2,1183,1,0,2320,0,2321,G
1-PB2,1184,1,0,0,2317,2318,C
1-PB2,1185,1,1,0,2225,2227,C
1-PB2,1186,1,2,2208,0,2211,G
1-PB2,1187,2215,0,0,0,2215,A
1-PB2,1188,2211,0,1,0,2212,A
1-PB2,1189,0,0,2230,0,2230,G
1-PB2,1190,2,0,1,2285,2288,C
1-PB2,1191,2303,0,0,0,2303,A
1-PB2,1192,2289,0,3,1,2293,A
1-PB2,1193,0,2298,0,0,2298,T
1-PB2,1194,2308,0,0,0,2308,A
1-PB2,1195,2314,0,5,0,2319,A
1-PB2,1196,0,2326,0,0,2326,T
1-PB2,1197,1,0,0,2315,2316,C
1-PB2,1198,2,0,2305,0,2307,G
1-PB2,1199,0,2221,0,4,2225,T
1-PB2,1200,0,1,2226,0,2227,G
1-PB2,1201,1,0,2240,0,2241,G
1-PB2,1202,0,1,0,2219,2220,C
1-PB2,1203,1,0,0,2243,2244,C
1-PB2,1204,2218,0,1,0,2219,A
1-PB2,1205,0,2221,0,1,2222,T
1-PB2,1206,2,1,2239,0,2242,G
1-PB2,1207,1,0,2276,0,2277,G
1-PB2,1208,0,2202,0,3,2205,T
1-PB2,1209,0,0,2265,0,2265,G
1-PB2,1210,0,2192,2,1,2195,T
1-PB2,1211,0,2218,0,4,2222,T
1-PB2,1212,0,2234,0,2,2236,T
1-PB2,1213,0,2245,0,2,2247,T
1-PB2,1214,0,0,0,2326,2326,C
1-PB2,1215,2319,0,1,0,2320,A
1-PB2,1216,0,0,0,2673,2673,C
1-PB2,1217,2648,1,0,3,2652,A
1-PB2,1218,2722,0,1,1,2724,A
1-PB2,1219,1,3,2759,0,2763,G
1-PB2,1220,2719,0,4,0,2723,A
1-PB2,1221,328,0,2456,0,2784,G
1-PB2,1222,1,1,2829,1,2832,G
1-PB2,1223,2800,0,2,0,2802,A
1-PB2,1224,0,2829,0,2,2831,T
1-PB2,1225,1,2806,0,0,2807,T
1-PB2,1226,1,0,2793,0,2794,G
1-PB2,1227,0,0,0,2751,2751,C
1-PB2,1228,2769,0,2,0,2771,A
1-PB2,1229,0,2821,0,1,2822,T
1-PB2,1230,1,0,2984,0,2985,G
1-PB2,1231,2990,1,3,0,2994,A
1-PB2,1232,0,3034,0,0,3034,T
1-PB2,1233,3008,0,0,0,3008,A
1-PB2,1234,3009,0,1,0,3010,A
1-PB2,1235,3005,0,1,1,3007,A
1-PB2,1236,3019,0,8,0,3027,A
1-PB2,1237,0,0,3029,0,3029,G
1-PB2,1238,1,1,0,3109,3111,C
1-PB2,1239,3188,0,0,1,3189,A
1-PB2,1240,1,0,3338,0,3339,G
1-PB2,1241,0,3312,0,6,3318,T
1-PB2,1242,0,3338,0,0,3338,T
1-PB2,1243,3327,0,3,0,3330,A
1-PB2,1244,0,3,3347,0,3350,G
1-PB2,1245,3320,0,5,0,3325,A
1-PB2,1246,2,1,3329,0,3332,G
1-PB2,1247,1,0,3309,0,3310,G
1-PB2,1248,0,3175,0,0,3175,T
1-PB2,1249,1,11,3221,0,3233,G
1-PB2,1250,3257,0,3,0,3260,A
1-PB2,1251,0,2,0,3269,3271,C
1-PB2,1252,1,0,0,3299,3300,C
1-PB2,1253,1,3284,0,6,3291,T
1-PB2,1254,4,4,3307,0,3315,G
1-PB2,1255,3304,1,2,0,3307,A
1-PB2,1256,3297,0,1,0,3298,A
1-PB2,1257,0,3326,0,0,3326,T
1-PB2,1258,0,3396,0,1,3397,T
1-PB2,1259,0,3404,0,3,3407,T
1-PB2,1260,1,0,0,3402,3403,C
1-PB2,1261,3,0,3398,0,3401,G
1-PB2,1262,0,3392,0,5,3397,T
1-PB2,1263,1,0,0,3405,3406,C
1-PB2,1264,3403,0,1,0,3404,A
1-PB2,1265,3403,0,1,0,3404,A
1-PB2,1266,1,0,0,3404,3405,C
1-PB2,1267,3354,0,0,1,3355,A
1-PB2,1268,3,4,3415,0,3422,G
1-PB2,1269,3379,1,6,1,3387,A
1-PB2,1270,3,0,3413,0,3416,G
1-PB2,1271,2,0,0,3419,3421,C
1-PB2,1272,3409,0,0,0,3409,A
1-PB2,1273,3458,0,3,0,3461,A
1-PB2,1274,3461,0,2,0,3463,A
1-PB2,1275,0,3452,0,0,3452,T
1-PB2,1276,2,0,0,3471,3473,C
1-PB2,1277,3440,1,4,0,3445,A
1-PB2,1278,0,0,3449,0,3449,G
1-PB2,1279,2,2,0,3446,3450,C
1-PB2,1280,3,5,3458,0,3466,G
1-PB2,1281,0,0,3653,0,3653,G
1-PB2,1282,0,3603,0,4,3607,T
1-PB2,1283,0,3642,0,4,3646,T
1-PB2,1284,1,5,3641,0,3647,G
1-PB2,1285,3648,0,2,0,3650,A
1-PB2,1286,3676,0,4,0,3680,A
1-PB2,1287,0,0,0,3691,3691,C
1-PB2,1288,4,3,1,3689,3697,C
1-PB2,1289,5,1,0,3731,3737,C
1-PB2,1290,10,0,0,3597,3607,C
1-PB2,1291,3624,2,1,1,3628,A
1-PB2,1292,0,3633,0,3,3636,T
1-PB2,1293,5,0,3645,0,3650,G
1-PB2,1294,2,2,0,3678,3682,C
1-PB2,1295,3645,0,1,0,3646,A
1-PB2,1296,0,3627,0,3,3630,T
1-PB2,1297,1,1,0,3617,3619,C
1-PB2,1298,3594,0,2,0,3596,A
1-PB2,1299,1,0,3646,0,3647,G
1-PB2,1300,0,0,0,3655,3655,C
1-PB2,1301,0,3654,0,11,3665,T
1-PB2,1302,0,3659,0,4,3663,T
1-PB2,1303,0,3659,0,0,3659,T
1-PB2,1304,0,3650,0,0,3650,T
1-PB2,1305,3658,1,0,0,3659,A
1-PB2,1306,3646,1,6,0,3653,A
1-PB2,1307,1,3,3656,0,3660,G
1-PB2,1308,2,0,3633,0,3635,G
1-PB2,1309,0,0,0,3612,3612,C
1-PB2,1310,3624,0,0,0,3624,A
1-PB2,1311,0,3634,0,2,3636,T
1-PB2,1312,1,3666,0,2,3669,T
1-PB2,1313,0,3668,0,1,3669,T
1-PB2,1314,0,3670,0,3,3673,T
1-PB2,1315,1,1,0,3666,3668,C
1-PB2,1316,3671,1,2,0,3674,A
1-PB2,1317,0,0,3688,0,3688,G
1-PB2,1318,3676,0,4,1,3681,A
1-PB2,1319,3682,0,0,0,3682,A
1-PB2,1320,3669,0,5,0,3674,A
1-PB2,1321,132,0,3536,0,3668,G
1-PB2,1322,3695,0,2,0,3697,A
1-PB2,1323,0,3691,0,1,3692,T
1-PB2,1324,1,0,3704,0,3705,G
1-PB2,1325,0,1,0,3689,3690,C
1-PB2,1326,2,4,3710,0,3716,G
1-PB2,1327,3674,1,2,1,3678,A
1-PB2,1328,3687,0,0,0,3687,A
1-PB2,1329,3687,0,1,0,3688,A
1-PB2,1330,1,0,3709,0,3710,G
1-PB2,1331,0,3636,0,3,3639,T
1-PB2,1332,2,0,3659,0,3661,G
1-PB2,1333,1,1,0,3615,3617,C
1-PB2,1334,0,3637,0,2,3639,T
1-PB2,1335,0,3653,0,4,3657,T
1-PB2,1336,0,3662,0,1,3663,T
1-PB2,1337,1,3668,0,1,3670,T
1-PB2,1338,0,3660,0,0,3660,T
1-PB2,1339,9,0,1,3662,3672,C
1-PB2,1340,3664,0,1,0,3665,A
1-PB2,1341,3687,1,1,1,3690,A
1-PB2,1342,3671,0,0,0,3671,A
1-PB2,1343,3685,0,1,0,3686,A
1-PB2,1344,0,3675,0,0,3675,T
1-PB2,1345,0,3698,0,0,3698,T
1-PB2,1346,0,6,3691,0,3697,G
1-PB2,1347,1,6,3674,0,3681,G
1-PB2,1348,2,0,3682,0,3684,G
1-PB2,1349,1,5,3735,0,3741,G
1-PB2,1350,3711,1,3,0,3715,A
1-PB2,1351,1,0,3809,0,3810,G
1-PB2,1352,0,3801,1,3,3805,T
1-PB2,1353,0,3795,0,4,3799,T
1-PB2,1354,0,5,3819,0,3824,G
1-PB2,1355,3816,0,6,0,3822,A
1-PB2,1356,3819,0,8,1,3828,A
1-PB2,1357,1,1,0,3932,3934,C
1-PB2,1358,3850,0,2,0,3852,A
1-PB2,1359,0,1,0,4001,4002,C
1-PB2,1360,3937,0,2,1,3940,A
1-PB2,1361,0,3955,0,3,3958,T
1-PB2,1362,3,1,0,3972,3976,C
1-PB2,1363,0,4,3965,0,3969,G
1-PB2,1364,3983,0,1,0,3984,A
1-PB2,1365,1,2,0,3974,3977,C
1-PB2,1366,3833,0,1,0,3834,A
1-PB2,1367,1,1,3978,0,3980,G
1-PB2,1368,0,3868,0,3,3871,T
1-PB2,1369,2,1,3960,0,3963,G
1-PB2,1370,0,3933,0,2,3935,T
1-PB2,1371,4,3,3968,0,3975,G
1-PB2,1372,3951,0,1,0,3952,A
1-PB2,1373,0,3937,0,1,3938,T
1-PB2,1374,3,4,3941,0,3948,G
1-PB2,1375,2,2,3941,0,3945,G
1-PB2,1376,2,4,3895,0,3901,G
1-PB2,1377,3871,0,4,0,3875,A
1-PB2,1378,3840,1,5,2,3848,A
1-PB2,1379,0,3863,0,1,3864,T
1-PB2,1380,1,6,3892,1,3900,G
1-PB2,1381,3919,0,0,0,3919,A
1-PB2,1382,0,3917,0,0,3917,T
1-PB2,1383,0,3909,0,1,3910,T
1-PB2,1384,0,1,3891,0,3892,G
1-PB2,1385,0,2,4015,0,4017,G
1-PB2,1386,3979,0,3,0,3982,A
1-PB2,1387,0,0,4052,0,4052,G
1-PB2,1388,0,3999,1,3,4003,T
1-PB2,1389,4021,0,0,0,4021,A
1-PB2,1390,1,4051,0,1,4053,T
1-PB2,1391,0,4092,0,1,4093,T
1-PB2,1392,4125,1,4,0,4130,A
1-PB2,1393,0,1,0,4135,4136,C
1-PB2,1394,1,1,0,4058,4060,C
1-PB2,1395,4043,0,4,1,4048,A
1-PB2,1396,0,3,4083,0,4086,G
1-PB2,1397,4176,0,3,0,4179,A
1-PB2,1398,0,4139,0,3,4142,T
1-PB2,1399,4103,0,1,0,4104,A
1-PB2,1400,0,4063,0,2,4065,T
1-PB2,1401,2,7,4048,0,4057,G
1-PB2,1402,4059,1,3,0,4063,A
1-PB2,1403,0,0,0,4107,4107,C
1-PB2,1404,0,4089,0,1,4090,T
1-PB2,1405,1,0,0,4061,4062,C
1-PB2,1406,3,0,0,4053,4056,C
1-PB2,1407,4077,0,2,1,4080,A
1-PB2,1408,4098,0,4,1,4103,A
1-PB2,1409,2,0,4239,0,4241,G
1-PB2,1410,1,3,0,4222,4226,C
1-PB2,1411,4192,1,0,0,4193,A
1-PB2,1412,0,1,1,4208,4210,C
1-PB2,1413,4192,0,1,0,4193,A
1-PB2,1414,1,4,4205,0,4210,G
1-PB2,1415,4196,0,2,0,4198,A
1-PB2,1416,4,0,4235,0,4239,G
1-PB2,1417,4251,0,3,0,4254,A
1-PB2,1418,0,4133,0,1,4134,T
1-PB2,1419,0,0,4210,0,4210,G
1-PB2,1420,0,4183,0,5,4188,T
1-PB2,1421,5,2,0,4185,4192,C
1-PB2,1422,4204,0,2,0,4206,A
1-PB2,1423,4194,0,2,0,4196,A
1-PB2,1424,0,4186,0,1,4187,T
1-PB2,1425,1,7,4179,0,4187,G
1-PB2,1426,4128,0,3,0,4131,A
1-PB2,1427,2,3,4152,0,4157,G
1-PB2,1428,4101,1,8,0,4110,A
1-PB2,1429,0,0,4121,0,4121,G
1-PB2,1430,0,4,4309,0,4313,G
1-PB2,1431,4294,0,3,0,4297,A
1-PB2,1432,4297,1,4,1,4303,A
1-PB2,1433,0,4305,0,0,4305,T
1-PB2,1434,4304,0,1,0,4305,A
1-PB2,1435,4307,0,4,1,4312,A
1-PB2,1436,1,2,4291,0,4294,G
1-PB2,1437,4261,0,9,0,4270,A
1-PB2,1438,2,0,4282,0,4284,G
1-PB2,1439,1,4023,0,4,4028,T
1-PB2,1440,6,0,0,4039,4045,C
1-PB2,1441,4043,0,7,1,4051,A
1-PB2,1442,0,0,4072,0,4072,G
1-PB2,1443,0,1,0,4072,4073,C
1-PB2,1444,4090,0,0,1,4091,A
1-PB2,1445,4100,0,0,0,4100,A
1-PB2,1446,4086,0,2,0,4088,A
1-PB2,1447,4093,0,1,0,4094,A
1-PB2,1448,0,4088,0,2,4090,T
1-PB2,1449,1,6,4099,0,4106,G
1-PB2,1450,0,6,4093,0,4099,G
1-PB2,1451,1,1,4128,0,4130,G
1-PB2,1452,0,4063,0,1,4064,T
1-PB2,1453,2,0,4096,0,4098,G
1-PB2,1454,0,4069,0,1,4070,T
1-PB2,1455,0,3,4099,0,4102,G
1-PB2,1456,1,1,4186,0,4188,G
1-PB2,1457,4174,1,5,0,4180,A
1-PB2,1458,0,4148,0,1,4149,T
1-PB2,1459,1,6,4179,0,4186,G
1-PB2,1460,4161,0,1,1,4163,A
1-PB2,1461,4198,0,3,0,4201,A
1-PB2,1462,0,4188,0,3,4191,T
1-PB2,1463,4138,0,2,0,4140,A
1-PB2,1464,1,1,0,4463,4465,C
1-PB2,1465,0,4373,0,2,4375,T
1-PB2,1466,6,1,0,4404,4411,C
1-PB2,1467,2,0,0,4454,4456,C
1-PB2,1468,4453,0,6,0,4459,A
1-PB2,1469,0,0,4699,0,4699,G
1-PB2,1470,0,4680,0,2,4682,T
1-PB2,1471,4711,0,4,0,4715,A
1-PB2,1472,1,2,0,4718,4721,C
1-PB2,1473,4345,1,6,0,4352,A
1-PB2,1474,1,4,4381,0,4386,G
1-PB2,1475,4275,0,2,0,4277,A
1-PB2,1476,2,2,4325,0,4329,G
1-PB2,1477,4168,0,2,0,4170,A
1-PB2,1478,1,5,4077,0,4083,G
1-PB2,1479,3,2,4055,0,4060,G
1-PB2,1480,0,2,4074,0,4076,G
1-PB2,1481,0,3985,0,3,3988,T
1-PB2,1482,0,4,4030,0,4034,G
1-PB2,1483,1,0,4046,0,4047,G
1-PB2,1484,0,3996,0,4,4000,T
1-PB2,1485,3,1,4142,0,4146,G
1-PB2,1486,0,1,4147,0,4148,G
1-PB2,1487,0,4057,0,4,4061,T
1-PB2,1488,0,4079,0,5,4084,T
1-PB2,1489,4018,0,2,0,4020,A
1-PB2,1490,2,1,4019,0,4022,G
1-PB2,1491,0,1,0,4029,4030,C
1-PB2,1492,3998,0,0,0,3998,A
1-PB2,1493,0,3998,0,2,4000,T
1-PB2,1494,0,3794,0,1,3795,T
1-PB2,1495,1,4,3803,0,3808,G
1-PB2,1496,3769,0,2,0,3771,A
1-PB2,1497,0,3759,0,0,3759,T
1-PB2,1498,6,1,0,3792,3799,C
1-PB2,1499,2,4,3766,0,3772,G
1-PB2,1500,1,0,3840,0,3841,G
1-PB2,1501,1,3808,0,3,3812,T
1-PB2,1502,0,3810,1,1,3812,T
1-PB2,1503,0,3828,0,3,3831,T
1-PB2,1504,1,3814,1,1,3817,T
1-PB2,1505,0,3832,0,0,3832,T
1-PB2,1506,1,3,3827,0,3831,G
1-PB2,1507,3821,0,5,0,3826,A
1-PB2,1508,0,1,3843,0,3844,G
1-PB2,1509,3702,0,1,0,3703,A
1-PB2,1510,0,0,3737,0,3737,G
1-PB2,1511,1,3743,0,1,3745,T
1-PB2,1512,0,3718,0,3,3721,T
1-PB2,1513,9,1,1,3730,3741,C
1-PB2,1514,1,4,3741,0,3746,G
1-PB2,1515,3759,2,4,0,3765,A
1-PB2,1516,0,4,3757,0,3761,G
1-PB2,1517,3747,0,7,0,3754,A
1-PB2,1518,0,2,0,3727,3729,C
1-PB2,1519,4,0,0,3698,3702,C
1-PB2,1520,3693,0,0,0,3693,A
1-PB2,1521,3755,0,1,1,3757,A
1-PB2,1522,1,2,1,3787,3791,C
1-PB2,1523,1,0,3803,0,3804,G
1-PB2,1524,0,3779,0,2,3781,T
1-PB2,1525,0,4,3795,0,3799,G
1-PB2,1526,0,0,3807,0,3807,G
1-PB2,1527,2,6,3816,0,3824,G
1-PB2,1528,3781,1,7,0,3789,A
1-PB2,1529,3804,0,0,0,3804,A
1-PB2,1530,0,3688,0,1,3689,T
1-PB2,1531,3,0,3869,0,3872,G
1-PB2,1532,0,3856,1,1,3858,T
1-PB2,1533,3873,0,0,0,3873,A
1-PB2,1534,1,3883,0,0,3884,T
1-PB2,1535,0,3844,0,1,3845,T
1-PB2,1536,3883,0,0,0,3883,A
1-PB2,1537,0,3861,0,0,3861,T
1-PB2,1538,0,3830,0,1,3831,T
1-PB2,1539,3830,0,0,0,3830,A
1-PB2,1540,0,3488,0,4,3492,T
1-PB2,1541,1,1,0,3715,3717,C
1-PB2,1542,0,3649,0,2,3651,T
1-PB2,1543,8,0,0,3680,3688,C
1-PB2,1544,4,2,0,3700,3706,C
1-PB2,1545,0,3618,0,4,3622,T
1-PB2,1546,1,0,3644,0,3645,G
1-PB2,1547,3612,0,2,0,3614,A
1-PB2,1548,1,3,3623,0,3627,G
1-PB2,1549,0,6,3585,0,3591,G
1-PB2,1550,3276,1,1,0,3278,A
1-PB2,1551,0,0,3334,0,3334,G
1-PB2,1552,1,0,3319,0,3320,G
1-PB2,1553,0,3229,0,3,3232,T
1-PB2,1554,4,2,0,3244,3250,C
1-PB2,1555,3218,0,5,0,3223,A
1-PB2,1556,0,0,3269,0,3269,G
1-PB2,1557,0,3250,0,1,3251,T
1-PB2,1558,1,3,3252,0,3256,G
1-PB2,1559,3252,0,3,0,3255,A
1-PB2,1560,3161,0,8,0,3169,A
1-PB2,1561,3166,0,5,1,3172,A
1-PB2,1562,0,1,0,3185,3186,C
1-PB2,1563,3166,0,2,0,3168,A
1-PB2,1564,0,2,0,3179,3181,C
1-PB2,1565,3087,1,2,0,3090,A
1-PB2,1566,0,3,3101,0,3104,G
1-PB2,1567,2,3,3101,0,3106,G
1-PB2,1568,0,6,3138,0,3144,G
1-PB2,1569,3139,0,0,0,3139,A
1-PB2,1570,3121,1,4,0,3126,A
1-PB2,1571,2,0,0,3149,3151,C
1-PB2,1572,0,3122,0,2,3124,T
1-PB2,1573,0,1,3132,0,3133,G
1-PB2,1574,3101,0,2,0,3103,A
1-PB2,1575,1,2,3105,0,3108,G
1-PB2,1576,3064,0,1,0,3065,A
1-PB2,1577,0,1,2945,0,2946,G
1-PB2,1578,2949,0,5,0,2954,A
1-PB2,1579,0,2,0,2947,2949,C
1-PB2,1580,0,2889,0,0,2889,T
1-PB2,1581,2,4,2948,0,2954,G
1-PB2,1582,2949,0,2,0,2951,A
1-PB2,1583,0,1,0,2975,2976,C
1-PB2,1584,2963,0,3,0,2966,A
1-PB2,1585,2959,1,1,0,2961,A
1-PB2,1586,0,2958,0,0,2958,T
1-PB2,1587,2993,0,2,0,2995,A
1-PB2,1588,2985,0,3,0,2988,A
1-PB2,1589,0,1,0,3034,3035,C
1-PB2,1590,0,2907,0,2,2909,T
1-PB2,1591,0,2891,0,2,2893,T
1-PB2,1592,2868,0,1,0,2869,A
1-PB2,1593,0,2870,0,0,2870,T
1-PB2,1594,0,2857,0,4,2861,T
1-PB2,1595,5,1,0,2845,2851,C
1-PB2,1596,2744,1,1,0,2746,A
1-PB2,1597,0,2728,0,1,2729,T
1-PB2,1598,2,0,0,2680,2682,C
1-PB2,1599,1,1,2684,0,2686,G
1-PB2,1600,0,2709,0,1,2710,T
1-PB2,1601,0,1,0,2678,2679,C
1-PB2,1602,0,1,2689,0,2690,G
1-PB2,1603,2693,0,1,0,2694,A
1-PB2,1604,0,2694,1,3,2698,T
1-PB2,1605,0,3,2702,0,2705,G
1-PB2,1606,2726,0,2,0,2728,A
1-PB2,1607,0,2735,0,0,2735,T
1-PB2,1608,1,1,2754,0,2756,G
1-PB2,1609,1,2671,1,3,2676,T
1-PB2,1610,1,2,2684,0,2687,G
1-PB2,1611,2,0,2679,0,2681,G
1-PB2,1612,0,1,2685,0,2686,G
1-PB2,1613,2642,1,6,0,2649,A
1-PB2,1614,0,1,2647,0,2648,G
1-PB2,1615,2519,0,2,0,2521,A
1-PB2,1616,0,2483,0,0,2483,T
1-PB2,1617,1,2458,0,1,2460,T
1-PB2,1618,2457,0,0,0,2457,A
1-PB2,1619,2450,0,4,0,2454,A
1-PB2,1620,1,1,0,2435,2437,C
1-PB2,1621,1,4,2365,0,2370,G
1-PB2,1622,0,0,2420,0,2420,G
1-PB2,1623,1,2303,0,4,2308,T
1-PB2,1624,4,0,0,2297,2301,C
1-PB2,1625,2,0,0,2305,2307,C
1-PB2,1626,1,2243,0,3,2247,T
1-PB2,1627,0,1,2278,0,2279,G
1-PB2,1628,2279,0,1,0,2280,A
1-PB2,1629,0,0,2288,0,2288,G
1-PB2,1630,1,2259,0,2,2262,T
1-PB2,1631,7,0,0,2180,2187,C
1-PB2,1632,3,0,2178,0,2181,G
1-PB2,1633,0,0,2232,0,2232,G
1-PB2,1634,0,2221,0,0,2221,T
1-PB2,1635,0,2221,0,0,2221,T
1-PB2,1636,0,2216,0,0,2216,T
1-PB2,1637,0,2211,1,0,2212,T
1-PB2,1638,0,2,2259,0,2261,G
1-PB2,1639,0,0,2268,0,2268,G
1-PB2,1640,0,2252,0,3,2255,T
1-PB2,1641,5,0,0,2274,2279,C
1-PB2,1642,2241,0,0,0,2241,A
1-PB2,1643,2318,0,0,0,2318,A
1-PB2,1644,0,2330,0,0,2330,T
1-PB2,1645,2323,0,1,0,2324,A
1-PB2,1646,0,0,0,2384,2384,C
1-PB2,1647,0,0,1,2287,2288,C
1-PB2,1648,1,2283,0,6,2290,T
1-PB2,1649,2312,0,1,0,2313,A
1-PB2,1650,0,2314,0,2,2316,T
1-PB2,1651,3,0,1,2321,2325,C
1-PB2,1652,2254,0,2,0,2256,A
1-PB2,1653,2260,0,0,0,2260,A
1-PB2,1654,0,2242,0,0,2242,T
1-PB2,1655,1,0,2159,0,2160,G
1-PB2,1656,0,2,2166,0,2168,G
1-PB2,1657,2137,0,1,0,2138,A
1-PB2,1658,0,2083,0,0,2083,T
1-PB2,1659,4,1,0,2073,2078,C
1-PB2,1660,2097,0,1,0,2098,A
1-PB2,1661,1,2089,1,1,2092,T
1-PB2,1662,0,0,0,2106,2106,C
1-PB2,1663,2103,0,3,0,2106,A
1-PB2,1664,1,2,2118,0,2121,G
1-PB2,1665,2126,0,1,0,2127,A
1-PB2,1666,2121,0,0,0,2121,A
1-PB2,1667,2127,0,0,0,2127,A
1-PB2,1668,0,2127,0,0,2127,T
1-PB2,1669,0,2112,0,1,2113,T
1-PB2,1670,0,3,2101,1,2105,G
1-PB2,1671,1,0,2098,0,2099,G
1-PB2,1672,1,3,2090,0,2094,G
1-PB2,1673,2104,0,0,0,2104,A
1-PB2,1674,2091,0,2,1,2094,A
1-PB2,1675,0,0,2090,0,2090,G
1-PB2,1676,0,0,0,2078,2078,C
1-PB2,1677,0,2082,0,1,2083,T
1-PB2,1678,0,0,2100,0,2100,G
1-PB2,1679,1,2084,0,1,2086,T
1-PB2,1680,4,0,0,2082,2086,C
1-PB2,1681,2099,0,0,0,2099,A
1-PB2,1682,2101,0,1,0,2102,A
1-PB2,1683,2098,0,0,0,2098,A
1-PB2,1684,2119,0,1,0,2120,A
1-PB2,1685,0,2127,0,1,2128,T
1-PB2,1686,0,2121,0,0,2121,T
1-PB2,1687,1,0,0,2110,2111,C
1-PB2,1688,2100,0,0,0,2100,A
1-PB2,1689,2097,0,0,0,2097,A
1-PB2,1690,0,2097,0,0,2097,T
1-PB2,1691,0,2,2090,0,2092,G
1-PB2,1692,0,1,2129,0,2130,G
1-PB2,1693,0,2170,0,1,2171,T
1-PB2,1694,2,1,0,2192,2195,C
1-PB2,1695,0,2197,0,0,2197,T
1-PB2,1696,2,0,0,2214,2216,C
1-PB2,1697,2207,0,2,0,2209,A
1-PB2,1698,0,1,2226,0,2227,G
1-PB2,1699,2215,0,1,0,2216,A
1-PB2,1700,2241,0,0,0,2241,A
1-PB2,1701,0,2201,0,1,2202,T
1-PB2,1702,0,0,0,2150,2150,C
1-PB2,1703,0,2,0,2187,2189,C
1-PB2,1704,0,2185,0,4,2189,T
1-PB2,1705,2,0,2186,0,2188,G
1-PB2,1706,0,0,0,2182,2182,C
1-PB2,1707,2185,0,0,0,2185,A
1-PB2,1708,2206,0,1,0,2207,A
1-PB2,1709,0,2165,0,0,2165,T
1-PB2,1710,0,0,2218,0,2218,G
1-PB2,1711,0,2230,0,1,2231,T
1-PB2,1712,0,2160,0,3,2163,T
1-PB2,1713,2,0,2206,0,2208,G
1-PB2,1714,0,2194,0,3,2197,T
1-PB2,1715,2197,0,2,0,2199,A
1-PB2,1716,0,2,1,2194,2197,C
1-PB2,1717,2149,0,3,0,2152,A
1-PB2,1718,2160,0,2,0,2162,A
1-PB2,1719,0,0,0,2134,2134,C
1-PB2,1720,2089,0,0,0,2089,A
1-PB2,1721,2088,1,0,0,2089,A
1-PB2,1722,2056,0,0,0,2056,A
1-PB2,1723,2051,0,1,0,2052,A
1-PB2,1724,0,2051,1,0,2052,T
1-PB2,1725,0,1,2043,0,2044,G
1-PB2,1726,0,1,2052,0,2053,G
1-PB2,1727,2062,0,0,1,2063,A
1-PB2,1728,2059,1,2,1,2063,A
1-PB2,1729,0,2061,0,0,2061,T
1-PB2,1730,1,2067,0,0,2068,T
1-PB2,1731,0,2063,0,2,2065,T
1-PB2,1732,1,2,2047,0,2050,G
1-PB2,1733,2074,0,0,0,2074,A
1-PB2,1734,2068,0,0,0,2068,A
1-PB2,1735,0,0,0,2056,2056,C
1-PB2,1736,4,0,0,2053,2057,C
1-PB2,1737,2071,0,0,0,2071,A
1-PB2,1738,0,2103,0,1,2104,T
1-PB2,1739,1,2103,0,0,2104,T
1-PB2,1740,0,2107,0,0,2107,T
1-PB2,1741,1,0,0,2107,2108,C
1-PB2,1742,2106,1,0,0,2107,A
1-PB2,1743,2108,0,0,0,2108,A
1-PB2,1744,0,2099,1,0,2100,T
1-PB2,1745,0,0,0,2143,2143,C
1-PB2,1746,1,2113,0,2,2116,T
1-PB2,1747,0,2110,0,1,2111,T
1-PB2,1748,0,2118,0,1,2119,T
1-PB2,1749,2125,0,2,0,2127,A
1-PB2,1750,0,0,2120,0,2120,G
1-PB2,1751,0,2114,0,0,2114,T
1-PB2,1752,3,0,0,2164,2167,C
1-PB2,1753,2,0,0,2158,2160,C
1-PB2,1754,1,0,0,2147,2148,C
1-PB2,1755,6,1,0,2146,2153,C
1-PB2,1756,2146,1,0,0,2147,A
1-PB2,1757,2146,0,2,0,2148,A
1-PB2,1758,0,2,2186,0,2188,G
1-PB2,1759,0,1,2148,0,2149,G
1-PB2,1760,0,1,0,2165,2166,C
1-PB2,1761,3,0,0,2133,2136,C
1-PB2,1762,2135,0,1,0,2136,A
1-PB2,1763,0,2165,0,0,2165,T
1-PB2,1764,0,2170,0,0,2170,T
1-PB2,1765,2182,0,1,0,2183,A
1-PB2,1766,1,0,2169,0,2170,G
1-PB2,1767,2126,1,2,0,2129,A
1-PB2,1768,2213,0,2,0,2215,A
1-PB2,1769,0,1,2230,0,2231,G
1-PB2,1770,0,1,0,2235,2236,C
1-PB2,1771,0,1,0,2243,2244,C
1-PB2,1772,2194,0,2,0,2196,A
1-PB2,1773,2234,0,1,0,2235,A
1-PB2,1774,0,2249,0,0,2249,T
1-PB2,1775,2265,0,0,0,2265,A
1-PB2,1776,0,0,0,2271,2271,C
1-PB2,1777,2109,0,0,0,2109,A
1-PB2,1778,0,0,2118,0,2118,G
1-PB2,1779,0,2053,0,0,2053,T
1-PB2,1780,0,3,2087,0,2090,G
1-PB2,1781,0,0,2077,0,2077,G
1-PB2,1782,1,1,2077,0,2079,G
1-PB2,1783,1,2033,1,4,2039,T
1-PB2,1784,0,2031,0,1,2032,T
1-PB2,1785,0,2067,0,0,2067,T
1-PB2,1786,0,0,2092,0,2092,G
1-PB2,1787,1,2084,0,5,2090,T
1-PB2,1788,6,2,0,2080,2088,C
1-PB2,1789,2077,0,1,0,2078,A
1-PB2,1790,1,4,2065,0,2070,G
1-PB2,1791,2060,0,0,0,2060,A
1-PB2,1792,2065,0,1,0,2066,A
1-PB2,1793,0,0,0,2057,2057,C
1-PB2,1794,1,2010,0,4,2015,T
1-PB2,1795,1,1,0,2065,2067,C
1-PB2,1796,0,2079,0,1,2080,T
1-PB2,1797,2092,0,0,0,2092,A
1-PB2,1798,1,2089,0,0,2090,T
1-PB2,1799,0,2075,0,1,2076,T
1-PB2,1800,0,0,0,2088,2088,C
1-PB2,1801,0,2,0,2058,2060,C
1-PB2,1802,2058,0,3,0,2061,A
1-PB2,1803,2059,0,1,0,2060,A
1-PB2,1804,0,1,0,2059,2060,C
1-PB2,1805,2060,0,0,0,2060,A
1-PB2,1806,2072,0,0,0,2072,A
1-PB2,1807,2069,0,0,0,2069,A
1-PB2,1808,0,2074,0,0,2074,T
1-PB2,1809,2,2,2081,0,2085,G
1-PB2,1810,2056,0,6,0,2062,A
1-PB2,1811,1,4,2081,0,2086,G
1-PB2,1812,2066,0,5,0,2071,A
1-PB2,1813,0,0,2069,0,2069,G
1-PB2,1814,2081,0,5,0,2086,A
1-PB2,1815,1,0,0,2074,2075,C
1-PB2,1816,1,0,2104,0,2105,G
1-PB2,1817,0,2095,0,0,2095,T
1-PB2,1818,2122,0,0,0,2122,A
1-PB2,1819,0,0,0,2135,2135,C
1-PB2,1820,0,2110,0,1,2111,T
1-PB2,1821,0,2117,0,0,2117,T
1-PB2,1822,1,2,2111,0,2114,G
1-PB2,1823,0,6,2104,0,2110,G
1-PB2,1824,1,0,2115,0,2116,G
1-PB2,1825,2084,0,3,0,2087,A
1-PB2,1826,0,1,0,2094,2095,C
1-PB2,1827,2117,0,0,1,2118,A
1-PB2,1828,0,2123,1,2,2126,T
1-PB2,1829,0,2123,0,0,2123,T
1-PB2,1830,0,2134,0,0,2134,T
1-PB2,1831,1,1,2118,0,2120,G
1-PB2,1832,2133,0,3,0,2136,A
1-PB2,1833,0,2,0,2126,2128,C
1-PB2,1834,2115,0,1,0,2116,A
1-PB2,1835,1,0,1,2133,2135,C
1-PB2,1836,3,1,0,2088,2092,C
1-PB2,1837,2111,1,1,0,2113,A
1-PB2,1838,0,0,0,2127,2127,C
1-PB2,1839,1,0,0,2130,2131,C
1-PB2,1840,3,1,0,2131,2135,C
1-PB2,1841,2125,0,0,0,2125,A
1-PB2,1842,1,0,2154,0,2155,G
1-PB2,1843,2159,0,0,0,2159,A
1-PB2,1844,0,2231,0,0,2231,T
1-PB2,1845,2209,0,1,0,2210,A
1-PB2,1846,2179,0,0,0,2179,A
1-PB2,1847,1,2175,0,0,2176,T
1-PB2,1848,2172,0,0,0,2172,A
1-PB2,1849,2161,0,1,0,2162,A
1-PB2,1850,2140,0,1,0,2141,A
1-PB2,1851,1,1,2145,0,2147,G
1-PB2,1852,0,0,0,2133,2133,C
1-PB2,1853,0,2077,0,0,2077,T
1-PB2,1854,0,2079,0,0,2079,T
1-PB2,1855,0,0,0,2088,2088,C
1-PB2,1856,0,2063,0,0,2063,T
1-PB2,1857,2,1,0,2093,2096,C
1-PB2,1858,1,0,0,2087,2088,C
1-PB2,1859,3,0,0,2119,2122,C
1-PB2,1860,1,2120,0,2,2123,T
1-PB2,1861,0,2121,0,0,2121,T
1-PB2,1862,0,2119,0,0,2119,T
1-PB2,1863,0,2121,0,1,2122,T
1-PB2,1864,2,0,2122,0,2124,G
1-PB2,1865,0,1,0,2123,2124,C
1-PB2,1866,2085,0,2,1,2088,A
1-PB2,1867,1,0,2091,0,2092,G
1-PB2,1868,2,0,0,2081,2083,C
1-PB2,1869,0,2072,0,0,2072,T
1-PB2,1870,1,0,2078,0,2079,G
1-PB2,1871,0,1,0,2080,2081,C
1-PB2,1872,1,2060,0,2,2063,T
1-PB2,1873,3,0,0,2086,2089,C
1-PB2,1874,0,1,0,2097,2098,C
1-PB2,1875,2106,0,0,0,2106,A
1-PB2,1876,0,1,0,2116,2117,C
1-PB2,1877,3,1,0,2119,2123,C
1-PB2,1878,2109,0,0,0,2109,A
1-PB2,1879,2120,0,1,0,2121,A
1-PB2,1880,2111,0,1,0,2112,A
1-PB2,1881,0,0,2126,0,2126,G
1-PB2,1882,0,1,0,2123,2124,C
1-PB2,1883,2096,0,0,0,2096,A
1-PB2,1884,2094,0,4,0,2098,A
1-PB2,1885,2100,0,4,0,2104,A
1-PB2,1886,0,0,2126,0,2126,G
1-PB2,1887,0,1,0,2128,2129,C
1-PB2,1888,2121,0,1,1,2123,A
1-PB2,1889,1,1,2133,0,2135,G
1-PB2,1890,2126,0,1,0,2127,A
1-PB2,1891,2151,0,0,0,2151,A
1-PB2,1892,0,2146,0,0,2146,T
1-PB2,1893,0,0,2151,0,2151,G
1-PB2,1894,0,0,0,2143,2143,C
1-PB2,1895,2111,0,2,0,2113,A
1-PB2,1896,0,0,2135,0,2135,G
1-PB2,1897,0,2136,0,0,2136,T
1-PB2,1898,0,2215,0,0,2215,T
1-PB2,1899,1,1,0,2224,2226,C
1-PB2,1900,0,2201,0,2,2203,T
1-PB2,1901,0,0,0,2215,2215,C
1-PB2,1902,0,2214,0,6,2220,T
1-PB2,1903,0,2207,0,0,2207,T
1-PB2,1904,0,0,0,2223,2223,C
1-PB2,1905,2200,2,0,0,2202,A
1-PB2,1906,0,1,0,2208,2209,C
1-PB2,1907,0,2121,0,1,2122,T
1-PB2,1908,1,3,2156,0,2160,G
1-PB2,1909,2125,0,1,0,2126,A
1-PB2,1910,0,0,0,2170,2170,C
1-PB2,1911,0,2159,0,0,2159,T
1-PB2,1912,2,0,2178,0,2180,G
1-PB2,1913,0,2158,0,2,2160,T
1-PB2,1914,0,3,2198,0,2201,G
1-PB2,1915,2195,0,2,1,2198,A
1-PB2,1916,2205,0,3,0,2208,A
1-PB2,1917,0,2172,0,0,2172,T
1-PB2,1918,2,0,2172,1,2175,G
1-PB2,1919,0,2096,0,1,2097,T
1-PB2,1920,3,4,2110,0,2117,G
1-PB2,1921,2065,0,6,0,2071,A
1-PB2,1922,3,2,2080,0,2085,G
1-PB2,1923,0,1,2061,0,2062,G
1-PB2,1924,1,2,2056,0,2059,G
1-PB2,1925,0,2,2152,0,2154,G
1-PB2,1926,2153,0,0,0,2153,A
1-PB2,1927,0,2124,0,0,2124,T
1-PB2,1928,2,0,0,2150,2152,C
1-PB2,1929,2134,0,8,1,2143,A
1-PB2,1930,0,2,2183,0,2185,G
1-PB2,1931,0,1,2199,0,2200,G
1-PB2,1932,0,1,2190,0,2191,G
1-PB2,1933,2191,0,5,0,2196,A
1-PB2,1934,0,2028,0,1,2029,T
1-PB2,1935,0,3,2051,0,2054,G
1-PB2,1936,2032,0,3,0,2035,A
1-PB2,1937,0,2,2104,0,2106,G
1-PB2,1938,2107,1,0,0,2108,A
1-PB2,1939,2059,0,0,0,2059,A
1-PB2,1940,0,2095,0,0,2095,T
1-PB2,1941,2078,0,1,1,2080,A
1-PB2,1942,0,0,0,2113,2113,C
1-PB2,1943,0,2105,0,4,2109,T
1-PB2,1944,0,2107,0,1,2108,T
1-PB2,1945,0,0,2123,0,2123,G
1-PB2,1946,0,2045,0,1,2046,T
1-PB2,1947,2053,0,0,0,2053,A
1-PB2,1948,2038,0,0,0,2038,A
1-PB2,1949,1,0,2001,0,2002,G
1-PB2,1950,0,5,2007,0,2012,G
1-PB2,1951,2,1,1986,0,1989,G
1-PB2,1952,1,0,1995,0,1996,G
1-PB2,1953,1,0,0,2008,2009,C
1-PB2,1954,2009,0,0,0,2009,A
1-PB2,1955,2054,0,2,0,2056,A
1-PB2,1956,0,2064,0,0,2064,T
1-PB2,1957,0,2051,0,0,2051,T
1-PB2,1958,1,1,0,2084,2086,C
1-PB2,1959,0,2073,0,2,2075,T
1-PB2,1960,3,0,0,2101,2104,C
1-PB2,1961,1,1,0,2105,2107,C
1-PB2,1962,0,2098,0,1,2099,T
1-PB2,1963,1,0,2165,0,2166,G
1-PB2,1964,0,2115,0,0,2115,T
1-PB2,1965,2122,0,1,0,2123,A
1-PB2,1966,0,2111,0,1,2112,T
1-PB2,1967,0,2091,0,2,2093,T
1-PB2,1968,0,1,1,2107,2109,C
1-PB2,1969,2100,1,0,0,2101,A
1-PB2,1970,2132,0,1,0,2133,A
1-PB2,1971,0,0,0,2132,2132,C
1-PB2,1972,0,2092,0,1,2093,T
1-PB2,1973,2089,0,1,0,2090,A
1-PB2,1974,0,0,0,2174,2174,C
1-PB2,1975,2159,0,0,0,2159,A
1-PB2,1976,2157,0,1,0,2158,A
1-PB2,1977,0,1,0,2152,2153,C
1-PB2,1978,2143,0,0,0,2143,A
1-PB2,1979,2125,0,1,0,2126,A
1-PB2,1980,0,4,2125,0,2129,G
1-PB2,1981,2131,0,4,0,2135,A
1-PB2,1982,0,0,0,2141,2141,C
1-PB2,1983,2,0,0,2080,2082,C
1-PB2,1984,2072,0,3,0,2075,A
1-PB2,1985,0,0,0,2161,2161,C
1-PB2,1986,0,2161,0,0,2161,T
1-PB2,1987,2166,0,0,0,2166,A
1-PB2,1988,2159,0,0,0,2159,A
1-PB2,1989,2145,0,1,0,2146,A
1-PB2,1990,2157,1,1,0,2159,A
1-PB2,1991,0,2,2168,0,2170,G
1-PB2,1992,2147,0,3,0,2150,A
1-PB2,1993,0,0,0,2168,2168,C
1-PB2,1994,0,2119,0,0,2119,T
1-PB2,1995,2119,0,0,0,2119,A
1-PB2,1996,2112,0,2,1,2115,A
1-PB2,1997,1,0,0,2124,2125,C
1-PB2,1998,2112,0,1,0,2113,A
1-PB2,1999,2122,0,0,0,2122,A
1-PB2,2000,0,2091,0,0,2091,T
1-PB2,2001,0,2057,0,0,2057,T
1-PB2,2002,2,0,0,2100,2102,C
1-PB2,2003,0,2074,0,0,2074,T
1-PB2,2004,1,1,0,2095,2097,C
1-PB2,2005,1,1,2093,0,2095,G
1-PB2,2006,0,1,2088,0,2089,G
1-PB2,2007,2098,0,1,0,2099,A
1-PB2,2008,2103,0,0,0,2103,A
1-PB2,2009,2098,0,0,0,2098,A
1-PB2,2010,2088,0,3,0,2091,A
1-PB2,2011,1,0,2092,0,2093,G
1-PB2,2012,2088,0,2,0,2090,A
1-PB2,2013,0,2084,0,1,2085,T
1-PB2,2014,0,1,2089,0,2090,G
1-PB2,2015,2,2,0,2071,2075,C
1-PB2,2016,0,0,0,2093,2093,C
1-PB2,2017,2,0,2088,1,2091,G
1-PB2,2018,0,0,2077,0,2077,G
1-PB2,2019,0,1,0,2102,2103,C
1-PB2,2020,2094,0,0,0,2094,A
1-PB2,2021,0,0,0,2143,2143,C
1-PB2,2022,0,2140,1,2,2143,T
1-PB2,2023,0,2135,0,1,2136,T
1-PB2,2024,0,2148,0,1,2149,T
1-PB2,2025,2152,1,1,0,2154,A
1-PB2,2026,2156,0,1,0,2157,A
1-PB2,2027,0,2149,0,0,2149,T
1-PB2,2028,0,2151,0,0,2151,T
1-PB2,2029,1,3,2144,0,2148,G
1-PB2,2030,2104,0,0,0,2104,A
1-PB2,2031,2102,0,3,0,2105,A
1-PB2,2032,0,4,2094,0,2098,G
1-PB2,2033,2084,0,3,0,2087,A
1-PB2,2034,0,1,0,2105,2106,C
1-PB2,2035,1,0,0,2099,2100,C
1-PB2,2036,2,3,0,2103,2108,C
1-PB2,2037,2112,1,3,0,2116,A
1-PB2,2038,0,1,2164,0,2165,G
1-PB2,2039,2155,1,0,1,2157,A
1-PB2,2040,1,2162,0,0,2163,T
1-PB2,2041,0,1,2158,0,2159,G
1-PB2,2042,2120,0,1,0,2121,A
1-PB2,2043,2130,0,0,0,2130,A
1-PB2,2044,2133,0,1,0,2134,A
1-PB2,2045,3,1,2118,0,2122,G
1-PB2,2046,0,0,0,2126,2126,C
1-PB2,2047,2085,0,0,0,2085,A
1-PB2,2048,0,1,0,2120,2121,C
1-PB2,2049,2123,0,1,0,2124,A
1-PB2,2050,0,2085,0,0,2085,T
1-PB2,2051,0,0,0,2132,2132,C
1-PB2,2052,1,1,0,2139,2141,C
1-PB2,2053,1,1,2156,0,2158,G
1-PB2,2054,2,2,2152,0,2156,G
1-PB2,2055,2147,1,0,0,2148,A
1-PB2,2056,0,0,2176,0,2176,G
1-PB2,2057,0,2125,0,0,2125,T
1-PB2,2058,0,1,2127,0,2128,G
1-PB2,2059,0,3,2144,0,2147,G
1-PB2,2060,2120,0,3,0,2123,A
1-PB2,2061,0,0,2133,0,2133,G
1-PB2,2062,0,2069,0,1,2070,T
1-PB2,2063,3,1,0,2049,2053,C
1-PB2,2064,2,0,0,2060,2062,C
1-PB2,2065,4,0,2071,0,2075,G
1-PB2,2066,1,2,0,2050,2053,C
1-PB2,2067,2,1,0,2054,2057,C
1-PB2,2068,1,0,2103,0,2104,G
1-PB2,2069,0,2073,0,2,2075,T
1-PB2,2070,1,1,0,2106,2108,C
1-PB2,2071,1,2103,0,1,2105,T
1-PB2,2072,0,2115,0,3,2118,T
1-PB2,2073,0,0,2118,0,2118,G
1-PB2,2074,2104,0,0,0,2104,A
1-PB2,2075,4,2,2101,0,2107,G
1-PB2,2076,2094,0,1,0,2095,A
1-PB2,2077,1,3,2023,0,2027,G
1-PB2,2078,0,1,2026,0,2027,G
1-PB2,2079,0,0,2020,0,2020,G
1-PB2,2080,0,1989,0,5,1994,T
1-PB2,2081,0,1989,0,1,1990,T
1-PB2,2082,0,2021,0,0,2021,T
1-PB2,2083,1,3,0,2031,2035,C
1-PB2,2084,0,2041,0,0,2041,T
1-PB2,2085,1,0,0,2098,2099,C
1-PB2,2086,2092,0,1,0,2093,A
1-PB2,2087,0,2083,0,0,2083,T
1-PB2,2088,0,2078,0,0,2078,T
1-PB2,2089,2081,0,0,0,2081,A
1-PB2,2090,0,2091,0,0,2091,T
1-PB2,2091,2063,0,1,1,2065,A
1-PB2,2092,0,3,2066,0,2069,G
1-PB2,2093,1,0,2082,0,2083,G
1-PB2,2094,0,1963,0,1,1964,T
1-PB2,2095,1978,0,0,1,1979,A
1-PB2,2096,1949,0,3,0,1952,A
1-PB2,2097,0,2,1957,0,1959,G
1-PB2,2098,0,0,1959,0,1959,G
1-PB2,2099,1947,0,0,0,1947,A
1-PB2,2100,1913,0,2,0,1915,A
1-PB2,2101,1,2,1906,0,1909,G
1-PB2,2102,1878,0,4,0,1882,A
1-PB2,2103,0,1,0,1888,1889,C
1-PB2,2104,1872,0,1,0,1873,A
1-PB2,2105,0,1,1886,0,1887,G
1-PB2,2106,1874,0,1,0,1875,A
1-PB2,2107,1862,1,1,0,1864,A
1-PB2,2108,0,0,1868,0,1868,G
1-PB2,2109,1871,0,0,0,1871,A
1-PB2,2110,0,1850,0,1,1851,T
1-PB2,2111,1847,0,1,0,1848,A
1-PB2,2112,0,0,0,1836,1836,C
1-PB2,2113,2,2,1821,0,1825,G
1-PB2,2114,0,6,1867,0,1873,G
1-PB2,2115,1852,0,1,0,1853,A
1-PB2,2116,0,0,0,1839,1839,C
1-PB2,2117,3,1,0,1830,1834,C
1-PB2,2118,1811,0,5,1,1817,A
1-PB2,2119,1,0,1908,0,1909,G
1-PB2,2120,1,1,0,1924,1926,C
1-PB2,2121,1923,0,0,0,1923,A
1-PB2,2122,0,1923,0,1,1924,T
1-PB2,2123,1,1845,0,0,1846,T
1-PB2,2124,1703,0,141,0,1844,A
1-PB2,2125,1833,0,2,0,1835,A
1-PB2,2126,0,0,1838,0,1838,G
1-PB2,2127,0,0,0,1837,1837,C
1-PB2,2128,1698,1,0,0,1699,A
1-PB2,2129,0,1687,0,0,1687,T
1-PB2,2130,2,2,0,1687,1691,C
1-PB2,2131,1689,0,0,0,1689,A
1-PB2,2132,1685,0,0,0,1685,A
1-PB2,2133,0,1676,0,0,1676,T
1-PB2,2134,0,1,1688,0,1689,G
1-PB2,2135,1676,0,1,0,1677,A
1-PB2,2136,1674,0,2,0,1676,A
1-PB2,2137,0,2,0,1699,1701,C
1-PB2,2138,0,1604,0,2,1606,T
1-PB2,2139,0,2,1653,0,1655,G
1-PB2,2140,1640,0,0,0,1640,A
1-PB2,2141,0,0,1643,0,1643,G
1-PB2,2142,0,1635,0,2,1637,T
1-PB2,2143,1620,0,1,0,1621,A
1-PB2,2144,1617,0,0,0,1617,A
1-PB2,2145,0,0,0,1623,1623,C
1-PB2,2146,1,0,0,1572,1573,C
1-PB2,2147,0,1569,0,1,1570,T
1-PB2,2148,0,1516,0,2,1518,T
1-PB2,2149,0,0,1520,0,1520,G
1-PB2,2150,0,1,0,1511,1512,C
1-PB2,2151,1521,0,0,0,1521,A
1-PB2,2152,1517,0,0,0,1517,A
1-PB2,2153,1474,0,0,0,1474,A
1-PB2,2154,1450,1,0,0,1451,A
1-PB2,2155,1,2,1457,0,1460,G
1-PB2,2156,0,1,1463,0,1464,G
1-PB2,2157,1,2,1453,0,1456,G
1-PB2,2158,0,0,1464,0,1464,G
1-PB2,2159,1462,0,0,0,1462,A
1-PB2,2160,1465,0,0,0,1465,A
1-PB2,2161,1457,0,1,1,1459,A
1-PB2,2162,1468,0,1,0,1469,A
1-PB2,2163,0,0,1474,0,1474,G
1-PB2,2164,0,0,1466,0,1466,G
1-PB2,2165,0,1,0,1458,1459,C
1-PB2,2166,0,1465,1,0,1466,T
1-PB2,2167,1463,0,0,0,1463,A
1-PB2,2168,1457,0,0,0,1457,A
1-PB2,2169,0,1455,0,0,1455,T
1-PB2,2170,1,0,1484,0,1485,G
1-PB2,2171,0,1418,0,0,1418,T
1-PB2,2172,0,0,1399,0,1399,G
1-PB2,2173,1,0,0,1395,1396,C
1-PB2,2174,0,1389,0,3,1392,T
1-PB2,2175,1403,0,0,0,1403,A
1-PB2,2176,1391,0,0,0,1391,A
1-PB2,2177,0,1382,0,0,1382,T
1-PB2,2178,2,0,0,1382,1384,C
1-PB2,2179,0,0,1345,0,1345,G
1-PB2,2180,1,2,1346,0,1349,G
1-PB2,2181,1,0,1344,0,1345,G
1-PB2,2182,0,0,0,1339,1339,C
1-PB2,2183,1350,0,0,0,1350,A
1-PB2,2184,1336,0,1,0,1337,A
1-PB2,2185,0,1,1335,0,1336,G
1-PB2,2186,0,2,1336,0,1338,G
1-PB2,2187,1332,1,1,0,1334,A
1-PB2,2188,1,0,1340,0,1341,G
1-PB2,2189,1295,0,1,1,1297,A
1-PB2,2190,0,1,0,1306,1307,C
1-PB2,2191,1,0,1303,0,1304,G
1-PB2,2192,0,1304,0,1,1305,T
1-PB2,2193,0,0,1302,0,1302,G
1-PB2,2194,0,0,1318,0,1318,G
1-PB2,2195,0,1267,0,0,1267,T
1-PB2,2196,0,0,1282,0,1282,G
1-PB2,2197,0,1256,0,1,1257,T
1-PB2,2198,0,1248,0,0,1248,T
1-PB2,2199,0,1,1254,0,1255,G
1-PB2,2200,0,0,1254,0,1254,G
1-PB2,2201,1,1244,0,1,1246,T
1-PB2,2202,1215,0,0,0,1215,A
1-PB2,2203,1185,0,0,0,1185,A
1-PB2,2204,1,1150,0,1,1152,T
1-PB2,2205,0,1,1144,0,1145,G
1-PB2,2206,1132,0,0,0,1132,A
1-PB2,2207,1121,0,0,0,1121,A
1-PB2,2208,1121,0,2,0,1123,A
1-PB2,2209,0,0,0,1112,1112,C
1-PB2,2210,0,0,1115,0,1115,G
1-PB2,2211,1109,0,0,0,1109,A
1-PB2,2212,1116,0,0,0,1116,A
1-PB2,2213,1111,0,0,0,1111,A
1-PB2,2214,1110,0,0,0,1110,A
1-PB2,2215,0,0,0,1110,1110,C
1-PB2,2216,0,0,1101,0,1101,G
1-PB2,2217,0,2,1093,0,1095,G
1-PB2,2218,0,0,1103,0,1103,G
1-PB2,2219,1102,1,2,0,1105,A
1-PB2,2220,0,0,0,1115,1115,C
1-PB2,2221,0,1088,0,0,1088,T
1-PB2,2222,1,0,0,1123,1124,C
1-PB2,2223,0,1126,0,0,1126,T
1-PB2,2224,1131,0,0,0,1131,A
1-PB2,2225,0,0,1133,0,1133,G
1-PB2,2226,0,0,0,1112,1112,C
1-PB2,2227,1108,0,0,0,1108,A
1-PB2,2228,0,1102,0,0,1102,T
1-PB2,2229,1054,0,0,0,1054,A
1-PB2,2230,0,1,0,1077,1078,C
1-PB2,2231,0,946,1,2,949,T
1-PB2,2232,1,940,0,1,942,T
1-PB2,2233,912,0,0,0,912,A
1-PB2,2234,0,0,0,910,910,C
1-PB2,2235,0,894,1,1,896,T
1-PB2,2236,0,0,895,0,895,G
1-PB2,2237,864,0,2,0,866,A
1-PB2,2238,0,0,0,863,863,C
1-PB2,2239,796,0,0,0,796,A
1-PB2,2240,0,0,802,0,802,G
1-PB2,2241,0,0,1,794,795,C
1-PB2,2242,1,0,0,802,803,C
1-PB2,2243,793,0,0,1,794,A
1-PB2,2244,0,0,796,0,796,G
1-PB2,2245,789,0,1,0,790,A
1-PB2,2246,0,0,0,785,785,C
1-PB2,2247,731,0,0,0,731,A
1-PB2,2248,0,0,728,0,728,G
1-PB2,2249,0,1,0,675,676,C
1-PB2,2250,1,0,680,0,681,G
1-PB2,2251,680,0,1,0,681,A
1-PB2,2252,1,0,0,668,669,C
1-PB2,2253,0,0,0,677,677,C
1-PB2,2254,679,0,0,1,680,A
1-PB2,2255,680,0,0,0,680,A
1-PB2,2256,678,0,1,0,679,A
1-PB2,2257,675,0,0,0,675,A
1-PB2,2258,0,0,680,0,680,G
1-PB2,2259,657,0,0,0,657,A
1-PB2,2260,651,0,0,0,651,A
1-PB2,2261,0,640,0,0,640,T
1-PB2,2262,0,646,0,0,646,T
1-PB2,2263,0,0,0,648,648,C
1-PB2,2264,1,0,640,0,641,G
1-PB2,2265,0,0,639,0,639,G
1-PB2,2266,640,0,0,0,640,A
1-PB2,2267,0,607,1,0,608,T
1-PB2,2268,0,1,611,0,612,G
1-PB2,2269,0,0,606,0,606,G
1-PB2,2270,0,0,0,594,594,C
1-PB2,2271,0,0,0,602,602,C
1-PB2,2272,600,0,0,0,600,A
1-PB2,2273,0,593,0,1,594,T
1-PB2,2274,0,0,0,598,598,C
1-PB2,2275,598,0,0,0,598,A
1-PB2,2276,605,0,0,0,605,A
1-PB2,2277,0,591,1,1,593,T
1-PB2,2278,0,543,0,0,543,T
1-PB2,2279,520,0,0,0,520,A
1-PB2,2280,515,0,0,0,515,A
2-PB1,1,162,0,0,0,162,A
2-PB1,2,0,162,0,0,162,T
2-PB1,3,0,0,162,0,162,G
2-PB1,4,0,0,182,0,182,G
2-PB1,5,207,0,0,0,207,A
2-PB1,6,0,227,0,0,227,T
2-PB1,7,0,0,230,0,230,G
2-PB1,8,0,226,0,2,228,T
2-PB1,9,0,1,0,252,253,C
2-PB1,10,253,0,0,0,253,A
2-PB1,11,267,0,0,0,267,A
2-PB1,12,0,265,0,1,266,T
2-PB1,13,0,0,0,267,267,C
2-PB1,14,0,0,0,284,284,C
2-PB1,15,1,0,294,0,295,G
2-PB1,16,323,0,1,0,324,A
2-PB1,17,0,0,0,339,339,C
2-PB1,18,0,333,0,2,335,T
2-PB1,19,0,0,0,378,378,C
2-PB1,20,0,380,0,0,380,T
2-PB1,21,388,0,0,0,388,A
2-PB1,22,0,0,0,386,386,C
2-PB1,23,0,389,0,0,389,T
2-PB1,24,1,0,429,0,430,G
2-PB1,25,0,440,0,3,443,T
2-PB1,26,0,443,0,1,444,T
2-PB1,27,0,1,0,439,440,C
2-PB1,28,0,0,0,438,438,C
2-PB1,29,0,531,0,0,531,T
2-PB1,30,537,0,0,0,537,A
2-PB1,31,536,0,0,0,536,A
2-PB1,32,536,0,3,0,539,A
2-PB1,33,0,0,538,0,538,G
2-PB1,34,0,0,538,0,538,G
2-PB1,35,0,532,0,0,532,T
2-PB1,36,0,538,0,1,539,T
2-PB1,37,0,0,0,543,543,C
2-PB1,38,0,0,0,543,543,C
2-PB1,39,542,0,2,0,544,A
2-PB1,40,0,0,545,0,545,G
2-PB1,41,0,0,0,554,554,C
2-PB1,42,0,0,550,0,550,G
2-PB1,43,0,0,0,552,552,C
2-PB1,44,554,0,0,0,554,A
2-PB1,45,554,0,0,0,554,A
2-PB1,46,556,0,0,0,556,A
2-PB1,47,556,0,0,0,556,A
2-PB1,48,0,557,0,0,557,T
2-PB1,49,1,0,583,0,584,G
2-PB1,50,0,0,0,585,585,C
2-PB1,51,1,0,0,592,593,C
2-PB1,52,592,0,1,0,593,A
2-PB1,53,0,591,0,0,591,T
2-PB1,54,640,0,0,0,640,A
2-PB1,55,642,0,1,0,643,A
2-PB1,56,0,0,676,0,676,G
2-PB1,57,0,0,0,672,672,C
2-PB1,58,680,0,0,0,680,A
2-PB1,59,0,0,0,696,696,C
2-PB1,60,697,0,1,0,698,A
2-PB1,61,722,0,0,1,723,A
2-PB1,62,0,0,0,727,727,C
2-PB1,63,726,0,0,0,726,A
2-PB1,64,0,736,0,0,736,T
2-PB1,65,2,728,0,0,730,T
2-PB1,66,0,0,0,884,884,C
2-PB1,67,0,0,0,883,883,C
2-PB1,68,0,0,0,891,891,C
2-PB1,69,0,894,0,0,894,T
2-PB1,70,0,894,0,0,894,T
2-PB1,71,981,0,0,0,981,A
2-PB1,72,0,984,0,0,984,T
2-PB1,73,989,0,0,0,989,A
2-PB1,74,0,0,0,997,997,C
2-PB1,75,0,956,0,1,957,T
2-PB1,76,1,1,972,0,974,G
2-PB1,77,0,4,969,0,973,G
2-PB1,78,962,0,1,0,963,A
2-PB1,79,2,2,962,0,966,G
2-PB1,80,983,0,0,0,983,A
2-PB1,81,0,983,0,0,983,T
2-PB1,82,0,0,0,1056,1056,C
2-PB1,83,0,0,0,1054,1054,C
2-PB1,84,0,1068,0,2,1070,T
2-PB1,85,2,0,0,1140,1142,C
2-PB1,86,0,0,0,1148,1148,C
2-PB1,87,1152,0,0,0,1152,A
2-PB1,88,0,1157,0,0,1157,T
2-PB1,89,1150,0,0,0,1150,A
2-PB1,90,0,0,0,1158,1158,C
2-PB1,91,1149,0,0,0,1149,A
2-PB1,92,0,1,1188,0,1189,G
2-PB1,93,0,0,0,1207,1207,C
2-PB1,94,2,0,0,1191,1193,C
2-PB1,95,1193,0,0,0,1193,A
2-PB1,96,0,1197,0,1,1198,T
2-PB1,97,0,0,1201,0,1201,G
2-PB1,98,0,3,1261,0,1264,G
2-PB1,99,1271,0,0,0,1271,A
2-PB1,100,1277,0,2,0,1279,A
2-PB1,101,0,0,0,1277,1277,C
2-PB1,102,1271,0,0,0,1271,A
2-PB1,103,2,0,1294,0,1296,G
2-PB1,104,0,1,1309,0,1310,G
2-PB1,105,1306,0,0,0,1306,A
2-PB1,106,1322,0,3,0,1325,A
2-PB1,107,0,0,0,1332,1332,C
2-PB1,108,1315,0,2,0,1317,A
2-PB1,109,0,0,1475,0,1475,G
2-PB1,110,0,1,1462,1,1464,G
2-PB1,111,0,0,1488,0,1488,G
2-PB1,112,0,1482,0,0,1482,T
2-PB1,113,1491,0,2,0,1493,A
2-PB1,114,0,0,0,1508,1508,C
2-PB1,115,1566,0,1,0,1567,A
2-PB1,116,0,0,0,1644,1644,C
2-PB1,117,0,0,0,1626,1626,C
2-PB1,118,1581,0,0,1,1582,A
2-PB1,119,0,1594,0,1,1595,T
2-PB1,120,0,0,1592,0,1592,G
2-PB1,121,0,2,1584,0,1586,G
2-PB1,122,1589,0,2,0,1591,A
2-PB1,123,0,0,1,1600,1601,C
2-PB1,124,1570,0,1,0,1571,A
2-PB1,125,1,1,0,1594,1596,C
2-PB1,126,1598,0,0,0,1598,A
2-PB1,127,0,1,1624,0,1625,G
2-PB1,128,0,1627,0,1,1628,T
2-PB1,129,2,0,0,1668,1670,C
2-PB1,130,1668,0,1,0,1669,A
2-PB1,131,1684,1,0,0,1685,A
2-PB1,132,1,0,0,1683,1684,C
2-PB1,133,1677,0,1,1,1679,A
2-PB1,134,0,1,1699,0,1700,G
2-PB1,135,1661,0,1,0,1662,A
2-PB1,136,1664,0,3,0,1667,A
2-PB1,137,0,1,0,1670,1671,C
2-PB1,138,1636,0,2,0,1638,A
2-PB1,139,0,0,0,1676,1676,C
2-PB1,140,1671,0,2,1,1674,A
2-PB1,141,0,2,0,1739,1741,C
2-PB1,142,5,0,1,1743,1749,C
2-PB1,143,1738,0,0,0,1738,A
2-PB1,144,1751,0,0,3,1754,A
2-PB1,145,0,1807,0,1,1808,T
2-PB1,146,1858,0,0,0,1858,A
2-PB1,147,0,1856,0,0,1856,T
2-PB1,148,0,1831,0,1,1832,T
2-PB1,149,1,0,0,1840,1841,C
2-PB1,150,1811,0,1,0,1812,A
2-PB1,151,0,4,1806,0,1810,G
2-PB1,152,1796,0,1,0,1797,A
2-PB1,153,0,1,1794,0,1795,G
2-PB1,154,1748,0,0,0,1748,A
2-PB1,155,3,2,1723,0,1728,G
2-PB1,156,0,5,1719,0,1724,G
2-PB1,157,1,0,1789,0,1790,G
2-PB1,158,0,1,1793,0,1794,G
2-PB1,159,0,2,1816,0,1818,G
2-PB1,160,1820,0,1,0,1821,A
2-PB1,161,1808,1,1,1,1811,A
2-PB1,162,1,0,1823,0,1824,G
2-PB1,163,0,1796,0,0,1796,T
2-PB1,164,1,1,1792,0,1794,G
2-PB1,165,0,0,1791,0,1791,G
2-PB1,166,1797,0,1,0,1798,A
2-PB1,167,0,0,0,1811,1811,C
2-PB1,168,1,3,1811,0,1815,G
2-PB1,169,1820,0,3,0,1823,A
2-PB1,170,0,1,0,1847,1848,C
2-PB1,171,1841,0,1,0,1842,A
2-PB1,172,1843,0,0,0,1843,A
2-PB1,173,1833,0,3,0,1836,A
2-PB1,174,0,1858,0,0,1858,T
2-PB1,175,1871,1,0,0,1872,A
2-PB1,176,0,0,0,1877,1877,C
2-PB1,177,1854,0,0,0,1854,A
2-PB1,178,0,0,1857,0,1857,G
2-PB1,179,1848,0,0,0,1848,A
2-PB1,180,1868,0,0,0,1868,A
2-PB1,181,1863,0,0,0,1863,A
2-PB1,182,0,0,0,1874,1874,C
2-PB1,183,0,1821,0,0,1821,T
2-PB1,184,0,0,1825,0,1825,G
2-PB1,185,1,1,1802,0,1804,G
2-PB1,186,1,2,1779,0,1782,G
2-PB1,187,1,0,1805,0,1806,G
2-PB1,188,0,0,0,1827,1827,C
2-PB1,189,1799,2,0,0,1801,A
2-PB1,190,0,0,0,1873,1873,C
2-PB1,191,1,0,0,1874,1875,C
2-PB1,192,2,1,0,1874,1877,C
2-PB1,193,4,0,0,1892,1896,C
2-PB1,194,1897,0,0,0,1897,A
2-PB1,195,1911,0,0,0,1911,A
2-PB1,196,0,0,0,1910,1910,C
2-PB1,197,1,1906,1,0,1908,T
2-PB1,198,3,0,0,1910,1913,C
2-PB1,199,1842,0,0,0,1842,A
2-PB1,200,1866,0,3,0,1869,A
2-PB1,201,0,0,0,1871,1871,C
2-PB1,202,0,0,0,1862,1862,C
2-PB1,203,3,0,0,1864,1867,C
2-PB1,204,1870,0,1,0,1871,A
2-PB1,205,1874,0,0,0,1874,A
2-PB1,206,0,1877,0,1,1878,T
2-PB1,207,0,1881,0,0,1881,T
2-PB1,208,0,2,1887,0,1889,G
2-PB1,209,1849,1,0,0,1850,A
2-PB1,210,0,1853,0,3,1856,T
2-PB1,211,0,1,1857,0,1858,G
2-PB1,212,0,3,1866,0,1869,G
2-PB1,213,1895,0,3,0,1898,A
2-PB1,214,0,0,0,1924,1924,C
2-PB1,215,1,1,0,1907,1909,C
2-PB1,216,1900,0,1,0,1901,A
2-PB1,217,0,0,0,1960,1960,C
2-PB1,218,0,1960,0,0,1960,T
2-PB1,219,1991,0,0,0,1991,A
2-PB1,220,1,0,0,2016,2017,C
2-PB1,221,0,0,0,1999,1999,C
2-PB1,222,0,1973,0,0,1973,T
2-PB1,223,0,0,1977,0,1977,G
2-PB1,224,1957,0,3,1,1961,A
2-PB1,225,0,1,1979,0,1980,G
2-PB1,226,1,0,1958,0,1959,G
2-PB1,227,1942,0,0,0,1942,A
2-PB1,228,0,1914,0,1,1915,T
2-PB1,229,1895,0,0,0,1895,A
2-PB1,230,1889,0,0,0,1889,A
2-PB1,231,0,1893,0,0,1893,T
2-PB1,232,0,4,1884,0,1888,G
2-PB1,233,1879,0,1,0,1880,A
2-PB1,234,1868,0,1,0,1869,A
2-PB1,235,0,0,0,1883,1883,C
2-PB1,236,1,0,0,1845,1846,C
2-PB1,237,1859,0,0,0,1859,A
2-PB1,238,1851,0,0,0,1851,A
2-PB1,239,1,0,1863,0,1864,G
2-PB1,240,0,1846,0,0,1846,T
2-PB1,241,0,1,1862,0,1863,G
2-PB1,242,0,1,1884,0,1885,G
2-PB1,243,1877,0,0,0,1877,A
2-PB1,244,0,1874,0,0,1874,T
2-PB1,245,1878,0,4,0,1882,A
2-PB1,246,0,1912,0,1,1913,T
2-PB1,247,2,0,1926,0,1928,G
2-PB1,248,0,0,0,1938,1938,C
2-PB1,249,1929,0,2,0,1931,A
2-PB1,250,0,0,0,1987,1987,C
2-PB1,251,1953,0,0,0,1953,A
2-PB1,252,1983,0,0,0,1983,A
2-PB1,253,1990,0,1,0,1991,A
2-PB1,254,0,1,0,1990,1991,C
2-PB1,255,1935,0,1,0,1936,A
2-PB1,256,0,0,1959,0,1959,G
2-PB1,257,1936,0,4,0,1940,A
2-PB1,258,0,1,0,1954,1955,C
2-PB1,259,0,1901,0,0,1901,T
2-PB1,260,0,0,1940,0,1940,G
2-PB1,261,0,1906,0,0,1906,T
2-PB1,262,0,0,2008,0,2008,G
2-PB1,263,1,1991,1,4,1997,T
2-PB1,264,2,0,0,2004,2006,C
2-PB1,265,2,0,0,2001,2003,C
2-PB1,266,0,1987,0,1,1988,T
2-PB1,267,1,1,1996,0,1998,G
2-PB1,268,0,1,1993,0,1994,G
2-PB1,269,1964,0,4,0,1968,A
2-PB1,270,1,0,2009,0,2010,G
2-PB1,271,1,0,1959,0,1960,G
2-PB1,272,0,0,0,1961,1961,C
2-PB1,273,0,1952,0,0,1952,T
2-PB1,274,1952,0,0,0,1952,A
2-PB1,275,0,1948,0,1,1949,T
2-PB1,276,0,3,1942,0,1945,G
2-PB1,277,3,0,1932,1,1936,G
2-PB1,278,0,1,0,1937,1938,C
2-PB1,279,3,1,0,1915,1919,C
2-PB1,280,0,1902,0,3,1905,T
2-PB1,281,0,1996,0,1,1997,T
2-PB1,282,2,0,0,1996,1998,C
2-PB1,283,0,1,0,1993,1994,C
2-PB1,284,0,1997,0,0,1997,T
2-PB1,285,0,1993,0,0,1993,T
2-PB1,286,1,1,2001,0,2003,G
2-PB1,287,1990,0,1,0,1991,A
2-PB1,288,1990,0,2,0,1992,A
2-PB1,289,0,3,1997,0,2000,G
2-PB1,290,1910,0,0,0,1910,A
2-PB1,291,1927,0,0,0,1927,A
2-PB1,292,0,1903,0,0,1903,T
2-PB1,293,0,0,0,1922,1922,C
2-PB1,294,1,1,0,1918,1920,C
2-PB1,295,4,0,0,1915,1919,C
2-PB1,296,1908,0,3,0,1911,A
2-PB1,297,0,0,1,1924,1925,C
2-PB1,298,0,0,0,1929,1929,C
2-PB1,299,2,1,0,1932,1935,C
2-PB1,300,1915,0,4,0,1919,A
2-PB1,301,1,0,1924,0,1925,G
2-PB1,302,0,1,1923,0,1924,G
2-PB1,303,0,1894,0,0,1894,T
2-PB1,304,1944,0,0,0,1944,A
2-PB1,305,0,1930,0,0,1930,T
2-PB1,306,0,0,0,1946,1946,C
2-PB1,307,0,1946,0,1,1947,T
2-PB1,308,0,1949,0,0,1949,T
2-PB1,309,0,1944,0,1,1945,T
2-PB1,310,0,3,1936,0,1939,G
2-PB1,311,1907,0,8,0,1915,A
2-PB1,312,0,1,1916,0,1917,G
2-PB1,313,1887,0,1,0,1888,A
2-PB1,314,1903,0,1,0,1904,A
2-PB1,315,1,0,0,1927,1928,C
2-PB1,316,0,1893,0,3,1896,T
2-PB1,317,2,0,0,1907,1909,C
2-PB1,318,1892,0,2,0,1894,A
2-PB1,319,0,1906,0,3,1909,T
2-PB1,320,2,0,1898,0,1900,G
2-PB1,321,1,0,0,1940,1941,C
2-PB1,322,0,0,0,1949,1949,C
2-PB1,323,0,1947,0,2,1949,T
2-PB1,324,0,1927,0,0,1927,T
2-PB1,325,0,1,1929,0,1930,G
2-PB1,326,1940,0,1,0,1941,A
2-PB1,327,1945,0,1,0,1946,A
2-PB1,328,1942,0,2,0,1944,A
2-PB1,329,0,0,0,1963,1963,C
2-PB1,330,1929,0,0,0,1929,A
2-PB1,331,1946,0,1,0,1947,A
2-PB1,332,0,1940,0,3,1943,T
2-PB1,333,0,1,1936,0,1937,G
2-PB1,334,0,1,1935,0,1936,G
2-PB1,335,1913,1,1,0,1915,A
2-PB1,336,1918,0,1,0,1919,A
2-PB1,337,2,0,1897,0,1899,G
2-PB1,338,0,0,0,1904,1904,C
2-PB1,339,0,0,0,1892,1892,C
2-PB1,340,2,0,1910,0,1912,G
2-PB1,341,0,1889,0,2,1891,T
2-PB1,342,0,1910,0,1,1911,T
2-PB1,343,5,0,0,1919,1924,C
2-PB1,344,1935,0,0,0,1935,A
2-PB1,345,1955,0,2,1,1958,A
2-PB1,346,0,0,0,1961,1961,C
2-PB1,347,1960,0,2,0,1962,A
2-PB1,348,1,1,1977,0,1979,G
2-PB1,349,1941,1,5,0,1947,A
2-PB1,350,0,0,0,1961,1961,C
2-PB1,351,1965,0,0,0,1965,A
2-PB1,352,1952,1,1,0,1954,A
2-PB1,353,0,1,1972,0,1973,G
2-PB1,354,0,0,1938,0,1938,G
2-PB1,355,1,0,1940,0,1941,G
2-PB1,356,0,1848,0,1,1849,T
2-PB1,357,1,2,1886,0,1889,G
2-PB1,358,2,5,1879,0,1886,G
2-PB1,359,1894,0,3,0,1897,A
2-PB1,360,0,1,0,1897,1898,C
2-PB1,361,1865,0,0,1,1866,A
2-PB1,362,1909,0,1,0,1910,A
2-PB1,363,1914,0,0,0,1914,A
2-PB1,364,0,0,0,1910,1910,C
2-PB1,365,0,1901,0,2,1903,T
2-PB1,366,1906,0,0,0,1906,A
2-PB1,367,1893,0,0,0,1893,A
2-PB1,368,1,0,0,1931,1932,C
2-PB1,369,1,0,0,1920,1921,C
2-PB1,370,4,1,0,1915,1920,C
2-PB1,371,1852,0,1,0,1853,A
2-PB1,372,1851,0,1,0,1852,A
2-PB1,373,1,2,1849,0,1852,G
2-PB1,374,1,0,1862,0,1863,G
2-PB1,375,0,1833,0,5,1838,T
2-PB1,376,2,0,0,1846,1848,C
2-PB1,377,3,0,1831,0,1834,G
2-PB1,378,1,0,0,1831,1832,C
2-PB1,379,0,1,1,1851,1853,C
2-PB1,380,1852,0,1,0,1853,A
2-PB1,381,1,1,1898,0,1900,G
2-PB1,382,1918,0,0,0,1918,A
2-PB1,383,0,0,0,1923,1923,C
2-PB1,384,0,1913,0,0,1913,T
2-PB1,385,0,1897,2,2,1901,T
2-PB1,386,1899,0,1,0,1900,A
2-PB1,387,1,1916,0,0,1917,T
2-PB1,388,1,2,1921,0,1924,G
2-PB1,389,1920,0,0,0,1920,A
2-PB1,390,0,1887,0,0,1887,T
2-PB1,391,0,1818,0,1,1819,T
2-PB1,392,0,1,1817,0,1818,G
2-PB1,393,0,2,1818,0,1820,G
2-PB1,394,1836,0,2,0,1838,A
2-PB1,395,0,1,0,1840,1841,C
2-PB1,396,1821,0,0,0,1821,A
2-PB1,397,0,1810,0,1,1811,T
2-PB1,398,0,1826,0,0,1826,T
2-PB1,399,1840,0,0,0,1840,A
2-PB1,400,1835,0,2,0,1837,A
2-PB1,401,1834,0,1,0,1835,A
2-PB1,402,1,0,0,1832,1833,C
2-PB1,403,1790,0,1,0,1791,A
2-PB1,404,0,1,1805,0,1806,G
2-PB1,405,1794,0,0,0,1794,A
2-PB1,406,1795,0,1,0,1796,A
2-PB1,407,1794,0,1,0,1795,A
2-PB1,408,0,1764,0,1,1765,T
2-PB1,409,1,0,0,1783,1784,C
2-PB1,410,1784,0,0,0,1784,A
2-PB1,411,1777,0,0,0,1777,A
2-PB1,412,0,1,0,1778,1779,C
2-PB1,413,1,2,0,1769,1772,C
2-PB1,414,1,1,1766,0,1768,G
2-PB1,415,0,1,1761,0,1762,G
2-PB1,416,0,0,0,1784,1784,C
2-PB1,417,1786,0,2,0,1788,A
2-PB1,418,0,0,1782,0,1782,G
2-PB1,419,0,0,0,1792,1792,C
2-PB1,420,1791,0,4,2,1797,A
2-PB1,421,1796,0,0,0,1796,A
2-PB1,422,0,0,0,1789,1789,C
2-PB1,423,0,1776,1,2,1779,T
2-PB1,424,1,0,1853,0,1854,G
2-PB1,425,0,0,0,1862,1862,C
2-PB1,426,1856,0,4,0,1860,A
2-PB1,427,0,1853,0,4,1857,T
2-PB1,428,0,1834,0,0,1834,T
2-PB1,429,1964,0,0,0,1964,A
2-PB1,430,1,0,1943,0,1944,G
2-PB1,431,1,1,0,1926,1928,C
2-PB1,432,3,2,0,1940,1945,C
2-PB1,433,1893,0,0,0,1893,A
2-PB1,434,1903,0,1,0,1904,A
2-PB1,435,0,1,1,1909,1911,C
2-PB1,436,1904,0,2,1,1907,A
2-PB1,437,0,0,0,1942,1942,C
2-PB1,438,5,2,0,1794,1801,C
2-PB1,439,1795,0,1,0,1796,A
2-PB1,440,0,1789,0,1,1790,T
2-PB1,441,1799,0,0,0,1799,A
2-PB1,442,0,0,1787,0,1787,G
2-PB1,443,1778,0,2,0,1780,A
2-PB1,444,1752,0,0,0,1752,A
2-PB1,445,0,0,1763,0,1763,G
2-PB1,446,0,1697,2,0,1699,T
2-PB1,447,0,1716,0,0,1716,T
2-PB1,448,0,1723,0,0,1723,T
2-PB1,449,0,1727,0,0,1727,T
2-PB1,450,0,1733,0,0,1733,T
2-PB1,451,1725,0,1,0,1726,A
2-PB1,452,1,1,1717,0,1719,G
2-PB1,453,1714,0,0,0,1714,A
2-PB1,454,0,1691,0,0,1691,T
2-PB1,455,5,0,0,1682,1687,C
2-PB1,456,2,1,1688,0,1691,G
2-PB1,457,1678,0,0,0,1678,A
2-PB1,458,1690,0,1,0,1691,A
2-PB1,459,1,9,0,1697,1707,C
2-PB1,460,0,0,1710,0,1710,G
2-PB1,461,0,1,1781,0,1782,G
2-PB1,462,1783,0,2,0,1785,A
2-PB1,463,1,1767,1,1,1770,T
2-PB1,464,1,1789,0,1,1791,T
2-PB1,465,1781,0,2,0,1783,A
2-PB1,466,1769,0,4,0,1773,A
2-PB1,467,0,0,0,1789,1789,C
2-PB1,468,1766,0,3,0,1769,A
2-PB1,469,2,0,1784,0,1786,G
2-PB1,470,0,0,0,1710,1710,C
2-PB1,471,0,1703,0,3,1706,T
2-PB1,472,1717,0,1,0,1718,A
2-PB1,473,1714,0,1,0,1715,A
2-PB1,474,0,1711,0,0,1711,T
2-PB1,475,1,1,1736,0,1738,G
2-PB1,476,1733,0,0,0,1733,A
2-PB1,477,1734,0,0,0,1734,A
2-PB1,478,0,1687,0,0,1687,T
2-PB1,479,3,1,0,1707,1711,C
2-PB1,480,1705,0,3,0,1708,A
2-PB1,481,0,0,1709,0,1709,G
2-PB1,482,1,1,1699,0,1701,G
2-PB1,483,1701,0,0,0,1701,A
2-PB1,484,1675,0,3,0,1678,A
2-PB1,485,0,0,1717,0,1717,G
2-PB1,486,2,1,1690,0,1693,G
2-PB1,487,0,0,0,1715,1715,C
2-PB1,488,0,1719,0,3,1722,T
2-PB1,489,1718,0,1,0,1719,A
2-PB1,490,1715,0,0,0,1715,A
2-PB1,491,0,1721,0,0,1721,T
2-PB1,492,1725,0,0,0,1725,A
2-PB1,493,0,2,1731,0,1733,G
2-PB1,494,1631,0,0,0,1631,A
2-PB1,495,0,1612,0,0,1612,T
2-PB1,496,0,1608,0,1,1609,T
2-PB1,497,0,1592,0,1,1593,T
2-PB1,498,1,0,1,1662,1664,C
2-PB1,499,2,1,0,1659,1662,C
2-PB1,500,0,1647,0,2,1649,T
2-PB1,501,0,2,0,1673,1675,C
2-PB1,502,1674,0,0,0,1674,A
2-PB1,503,1672,0,0,0,1672,A
2-PB1,504,2,0,1672,0,1674,G
2-PB1,505,0,0,1709,0,1709,G
2-PB1,506,1711,0,0,0,1711,A
2-PB1,507,0,1654,0,1,1655,T
2-PB1,508,1,0,1674,0,1675,G
2-PB1,509,1,1662,0,2,1665,T
2-PB1,510,1,0,1686,0,1687,G
2-PB1,511,1692,0,1,0,1693,A
2-PB1,512,1,1685,0,0,1686,T
2-PB1,513,1,0,1674,0,1675,G
2-PB1,514,0,4,1672,0,1676,G
2-PB1,515,1675,0,3,0,1678,A
2-PB1,516,1677,0,0,0,1677,A
2-PB1,517,1,1630,0,0,1631,T
2-PB1,518,1,0,0,1657,1658,C
2-PB1,519,1644,0,0,0,1644,A
2-PB1,520,1646,0,0,0,1646,A
2-PB1,521,0,1639,0,0,1639,T
2-PB1,522,1,0,1667,0,1668,G
2-PB1,523,0,0,1682,0,1682,G
2-PB1,524,1672,0,1,0,1673,A
2-PB1,525,1,1675,0,0,1676,T
2-PB1,526,1675,1,1,0,1677,A
2-PB1,527,1667,0,0,0,1667,A
2-PB1,528,1663,0,2,0,1665,A
2-PB1,529,0,3,1679,0,1682,G
2-PB1,530,1665,0,2,0,1667,A
2-PB1,531,1,0,1667,0,1668,G
2-PB1,532,0,3,1663,0,1666,G
2-PB1,533,1658,0,0,0,1658,A
2-PB1,534,1663,0,0,0,1663,A
2-PB1,535,1661,0,1,0,1662,A
2-PB1,536,0,1661,0,0,1661,T
2-PB1,537,0,0,1693,0,1693,G
2-PB1,538,0,1,1688,0,1689,G
2-PB1,539,1669,0,2,1,1672,A
2-PB1,540,1,0,1693,0,1694,G
2-PB1,541,1675,0,1,0,1676,A
2-PB1,542,0,1707,0,0,1707,T
2-PB1,543,1698,0,1,0,1699,A
2-PB1,544,1725,0,0,0,1725,A
2-PB1,545,0,1,0,1725,1726,C
2-PB1,546,1696,0,0,0,1696,A
2-PB1,547,1700,0,3,0,1703,A
2-PB1,548,0,0,0,1702,1702,C
2-PB1,549,1689,1,1,0,1691,A
2-PB1,550,0,0,0,1687,1687,C
2-PB1,551,1659,0,1,0,1660,A
2-PB1,552,1,0,0,1671,1672,C
2-PB1,553,0,1647,0,2,1649,T
2-PB1,554,0,1654,0,0,1654,T
2-PB1,555,0,1639,0,5,1644,T
2-PB1,556,0,0,0,1653,1653,C
2-PB1,557,1662,0,1,0,1663,A
2-PB1,558,1665,0,0,0,1665,A
2-PB1,559,1670,0,0,0,1670,A
2-PB1,560,1,0,1686,0,1687,G
2-PB1,561,1663,0,0,0,1663,A
2-PB1,562,1671,0,1,0,1672,A
2-PB1,563,1674,0,1,0,1675,A
2-PB1,564,1675,0,2,1,1678,A
2-PB1,565,1673,1,5,0,1679,A
2-PB1,566,1,1,1674,0,1676,G
2-PB1,567,0,0,1681,0,1681,G
2-PB1,568,1662,0,1,0,1663,A
2-PB1,569,0,1,1691,0,1692,G
2-PB1,570,1678,0,7,0,1685,A
2-PB1,571,0,0,1741,0,1741,G
2-PB1,572,1,1725,0,0,1726,T
2-PB1,573,1752,0,0,0,1752,A
2-PB1,574,1748,0,2,0,1750,A
2-PB1,575,1,3,1752,0,1756,G
2-PB1,576,2,2,1750,0,1754,G
2-PB1,577,0,0,1745,0,1745,G
2-PB1,578,1730,1,2,0,1733,A
2-PB1,579,0,0,0,1736,1736,C
2-PB1,580,1697,0,2,0,1699,A
2-PB1,581,1702,0,2,0,1704,A
2-PB1,582,0,0,0,1690,1690,C
2-PB1,583,1694,0,1,0,1695,A
2-PB1,584,0,1674,0,0,1674,T
2-PB1,585,1,5,1666,0,1672,G
2-PB1,586,1672,2,2,0,1676,A
2-PB1,587,0,0,1,1638,1639,C
2-PB1,588,1,0,0,1661,1662,C
2-PB1,589,1665,0,0,0,1665,A
2-PB1,590,1666,0,2,0,1668,A
2-PB1,591,0,2,1679,0,1681,G
2-PB1,592,1680,0,0,0,1680,A
2-PB1,593,1689,0,0,0,1689,A
2-PB1,594,1685,0,0,0,1685,A
2-PB1,595,1675,0,1,0,1676,A
2-PB1,596,0,1664,0,2,1666,T
2-PB1,597,0,3,1673,0,1676,G
2-PB1,598,1,0,1663,0,1664,G
2-PB1,599,0,1628,0,4,1632,T
2-PB1,600,4,1,0,1634,1639,C
2-PB1,601,1646,0,0,0,1646,A
2-PB1,602,0,0,0,1752,1752,C
2-PB1,603,1786,0,3,0,1789,A
2-PB1,604,2,0,0,1803,1805,C
2-PB1,605,1798,0,0,0,1798,A
2-PB1,606,1877,0,1,1,1879,A
2-PB1,607,1858,0,2,0,1860,A
2-PB1,608,1,3,2001,0,2005,G
2-PB1,609,1997,0,1,0,1998,A
2-PB1,610,2019,0,3,0,2022,A
2-PB1,611,1,1,0,2071,2073,C
2-PB1,612,2046,0,1,0,2047,A
2-PB1,613,2062,0,2,0,2064,A
2-PB1,614,0,2053,0,0,2053,T
2-PB1,615,2044,1,2,0,2047,A
2-PB1,616,0,1,2037,0,2038,G
2-PB1,617,0,2,1980,0,1982,G
2-PB1,618,0,3,1991,0,1994,G
2-PB1,619,1986,0,0,0,1986,A
2-PB1,620,1978,0,1,0,1979,A
2-PB1,621,0,0,1996,0,1996,G
2-PB1,622,1993,0,0,0,1993,A
2-PB1,623,1991,0,0,0,1991,A
2-PB1,624,1998,0,0,0,1998,A
2-PB1,625,2018,0,1,0,2019,A
2-PB1,626,2059,0,2,0,2061,A
2-PB1,627,2069,0,1,0,2070,A
2-PB1,628,0,0,0,2059,2059,C
2-PB1,629,2062,0,0,0,2062,A
2-PB1,630,2049,0,0,0,2049,A
2-PB1,631,2049,0,3,0,2052,A
2-PB1,632,0,4,2096,0,2100,G
2-PB1,633,2111,0,0,0,2111,A
2-PB1,634,0,0,2196,0,2196,G
2-PB1,635,0,2145,0,3,2148,T
2-PB1,636,2,3,2523,0,2528,G
2-PB1,637,2534,1,3,0,2538,A
2-PB1,638,2545,0,2,1,2548,A
2-PB1,639,0,2670,0,1,2671,T
2-PB1,640,2788,0,1,0,2789,A
2-PB1,641,2784,0,3,0,2787,A
2-PB1,642,0,1,2804,0,2805,G
2-PB1,643,2755,0,4,0,2759,A
2-PB1,644,244,0,2514,0,2758,G
2-PB1,645,2631,1,2,0,2634,A
2-PB1,646,3,1,2643,0,2647,G
2-PB1,647,3,0,2623,0,2626,G
2-PB1,648,0,0,0,2644,2644,C
2-PB1,649,0,2561,0,2,2563,T
2-PB1,650,2623,0,0,0,2623,A
2-PB1,651,0,0,0,2754,2754,C
2-PB1,652,2,1,0,2756,2759,C
2-PB1,653,0,2787,1,3,2791,T
2-PB1,654,2898,0,0,0,2898,A
2-PB1,655,2891,1,0,1,2893,A
2-PB1,656,0,2888,0,1,2889,T
2-PB1,657,2896,0,0,0,2896,A
2-PB1,658,2888,0,0,0,2888,A
2-PB1,659,0,7,2875,0,2882,G
2-PB1,660,2807,0,2,0,2809,A
2-PB1,661,0,1,2821,0,2822,G
2-PB1,662,0,0,0,2838,2838,C
2-PB1,663,0,2783,0,9,2792,T
2-PB1,664,0,2815,0,2,2817,T
2-PB1,665,0,2826,0,1,2827,T
2-PB1,666,0,3,2817,0,2820,G
2-PB1,667,2876,1,5,0,2882,A
2-PB1,668,0,0,0,2900,2900,C
2-PB1,669,2926,0,0,0,2926,A
2-PB1,670,0,2912,0,3,2915,T
2-PB1,671,1,2897,0,1,2899,T
2-PB1,672,0,5,2955,0,2960,G
2-PB1,673,2960,0,5,0,2965,A
2-PB1,674,2978,0,2,1,2981,A
2-PB1,675,0,1,0,3033,3034,C
2-PB1,676,3011,0,1,0,3012,A
2-PB1,677,0,0,0,3013,3013,C
2-PB1,678,2751,0,200,0,2951,A
2-PB1,679,3004,0,2,0,3006,A
2-PB1,680,0,2992,0,1,2993,T
2-PB1,681,0,5,3092,0,3097,G
2-PB1,682,3100,0,3,0,3103,A
2-PB1,683,0,2,0,3098,3100,C
2-PB1,684,2,2,0,3077,3081,C
2-PB1,685,3081,0,1,0,3082,A
2-PB1,686,3103,0,4,0,3107,A
2-PB1,687,3111,0,7,0,3118,A
2-PB1,688,0,3,3179,0,3182,G
2-PB1,689,3218,0,0,0,3218,A
2-PB1,690,0,3185,0,3,3188,T
2-PB1,691,1,0,3208,0,3209,G
2-PB1,692,0,2,0,3178,3180,C
2-PB1,693,3185,0,5,0,3190,A
2-PB1,694,2,2,3221,0,3225,G
2-PB1,695,3172,1,2,0,3175,A
2-PB1,696,1,3,3185,0,3189,G
2-PB1,697,3088,0,5,0,3093,A
2-PB1,698,0,3,3059,0,3062,G
2-PB1,699,3041,0,4,0,3045,A
2-PB1,700,2,1,3028,0,3031,G
2-PB1,701,1,0,3028,0,3029,G
2-PB1,702,0,1,0,3033,3034,C
2-PB1,703,3023,1,1,0,3025,A
2-PB1,704,3041,0,0,1,3042,A
2-PB1,705,3035,0,1,0,3036,A
2-PB1,706,0,3051,0,1,3052,T
2-PB1,707,0,3059,0,0,3059,T
2-PB1,708,3070,0,0,0,3070,A
2-PB1,709,3071,0,1,1,3073,A
2-PB1,710,3065,0,1,0,3066,A
2-PB1,711,3078,0,2,0,3080,A
2-PB1,712,3074,1,2,0,3077,A
2-PB1,713,1,1,3071,0,3073,G
2-PB1,714,3040,0,0,0,3040,A
2-PB1,715,3033,0,2,1,3036,A
2-PB1,716,2,5,3068,0,3075,G
2-PB1,717,0,3,3116,0,3119,G
2-PB1,718,1,0,3109,0,3110,G
2-PB1,719,0,1,0,3165,3166,C
2-PB1,720,0,3148,0,0,3148,T
2-PB1,721,3180,0,1,0,3181,A
2-PB1,722,1,3238,0,6,3245,T
2-PB1,723,0,3242,0,4,3246,T
2-PB1,724,1,1,3252,0,3254,G
2-PB1,725,0,1,0,3233,3234,C
2-PB1,726,3152,0,6,0,3158,A
2-PB1,727,3147,1,7,1,3156,A
2-PB1,728,1,0,0,3156,3157,C
2-PB1,729,3151,0,4,0,3155,A
2-PB1,730,0,0,0,3164,3164,C
2-PB1,731,2,1,0,3088,3091,C
2-PB1,732,2,3,0,3093,3098,C
2-PB1,733,0,3,3086,0,3089,G
2-PB1,734,0,1,3094,0,3095,G
2-PB1,735,0,1,3089,0,3090,G
2-PB1,736,3100,0,8,0,3108,A
2-PB1,737,0,3077,0,2,3079,T
2-PB1,738,2,0,3104,0,3106,G
2-PB1,739,0,2,0,3082,3084,C
2-PB1,740,3145,0,2,0,3147,A
2-PB1,741,3205,0,3,0,3208,A
2-PB1,742,3225,1,2,0,3228,A
2-PB1,743,0,3219,0,0,3219,T
2-PB1,744,0,3231,0,1,3232,T
2-PB1,745,3211,0,2,0,3213,A
2-PB1,746,0,1,3208,0,3209,G
2-PB1,747,3186,0,4,0,3190,A
2-PB1,748,0,5,3198,0,3203,G
2-PB1,749,0,1,3146,0,3147,G
2-PB1,750,0,0,3216,0,3216,G
2-PB1,751,0,3157,0,5,3162,T
2-PB1,752,0,3192,0,2,3194,T
2-PB1,753,7,1,0,3211,3219,C
2-PB1,754,3,0,3257,0,3260,G
2-PB1,755,0,3241,0,5,3246,T
2-PB1,756,4,0,3255,0,3259,G
2-PB1,757,0,3239,0,3,3242,T
2-PB1,758,3218,1,0,0,3219,A
2-PB1,759,1,2,0,3218,3221,C
2-PB1,760,1,3070,0,2,3073,T
2-PB1,761,0,3074,0,0,3074,T
2-PB1,762,1,1,0,3057,3059,C
2-PB1,763,2,0,3032,0,3034,G
2-PB1,764,0,3032,0,1,3033,T
2-PB1,765,0,3026,0,4,3030,T
2-PB1,766,0,1,3032,0,3033,G
2-PB1,767,3008,1,2,0,3011,A
2-PB1,768,3023,0,1,0,3024,A
2-PB1,769,3020,0,2,0,3022,A
2-PB1,770,0,1,0,3041,3042,C
2-PB1,771,0,3014,0,0,3014,T
2-PB1,772,0,2994,0,0,2994,T
2-PB1,773,1,3006,0,1,3008,T
2-PB1,774,3050,1,4,0,3055,A
2-PB1,775,2,0,3068,0,3070,G
2-PB1,776,0,1,0,3072,3073,C
2-PB1,777,0,3077,0,2,3079,T
2-PB1,778,3046,0,1,0,3047,A
2-PB1,779,0,3,3047,0,3050,G
2-PB1,780,3037,1,2,0,3040,A
2-PB1,781,3036,0,3,0,3039,A
2-PB1,782,1,0,3035,1,3037,G
2-PB1,783,0,0,0,2966,2966,C
2-PB1,784,2965,0,0,0,2965,A
2-PB1,785,0,2954,0,0,2954,T
2-PB1,786,1,2952,0,1,2954,T
2-PB1,787,1,2947,0,0,2948,T
2-PB1,788,1,0,2949,0,2950,G
2-PB1,789,0,3,0,2936,2939,C
2-PB1,790,2,3,2946,0,2951,G
2-PB1,791,2937,1,0,0,2938,A
2-PB1,792,2936,0,2,0,2938,A
2-PB1,793,2934,0,0,0,2934,A
2-PB1,794,2990,0,4,0,2994,A
2-PB1,795,1,0,3022,0,3023,G
2-PB1,796,0,1,0,3017,3018,C
2-PB1,797,0,3024,0,1,3025,T
2-PB1,798,0,3028,0,1,3029,T
2-PB1,799,3,8,3027,0,3038,G
2-PB1,800,3028,1,1,0,3030,A
2-PB1,801,3021,0,5,0,3026,A
2-PB1,802,1,3,0,3041,3045,C
2-PB1,803,2983,0,2,0,2985,A
2-PB1,804,1,0,3283,0,3284,G
2-PB1,805,0,3257,0,2,3259,T
2-PB1,806,3,2,0,3257,3262,C
2-PB1,807,1,3264,0,3,3268,T
2-PB1,808,0,3,3274,0,3277,G
2-PB1,809,1,2,3269,0,3272,G
2-PB1,810,3271,0,1,0,3272,A
2-PB1,811,0,0,0,3282,3282,C
2-PB1,812,0,3176,0,3,3179,T
2-PB1,813,0,2929,0,2,2931,T
2-PB1,814,2,0,0,2925,2927,C
2-PB1,815,1,2,0,2912,2915,C
2-PB1,816,4,5,2935,0,2944,G
2-PB1,817,0,0,2955,0,2955,G
2-PB1,818,0,2923,0,0,2923,T
2-PB1,819,0,2934,0,1,2935,T
2-PB1,820,0,6,2913,0,2919,G
2-PB1,821,0,2,2925,0,2927,G
2-PB1,822,2,4,2943,0,2949,G
2-PB1,823,1,4,2944,0,2949,G
2-PB1,824,1,1,2961,0,2963,G
2-PB1,825,0,2935,0,2,2937,T
2-PB1,826,2930,0,3,0,2933,A
2-PB1,827,2960,0,1,0,2961,A
2-PB1,828,0,2962,0,0,2962,T
2-PB1,829,1,4,2975,0,2980,G
2-PB1,830,2945,1,1,0,2947,A
2-PB1,831,2912,0,1,0,2913,A
2-PB1,832,2921,0,4,0,2925,A
2-PB1,833,2916,0,2,0,2918,A
2-PB1,834,1,0,2915,0,2916,G
2-PB1,835,2889,0,0,1,2890,A
2-PB1,836,2857,0,5,1,2863,A
2-PB1,837,0,1,2870,0,2871,G
2-PB1,838,0,0,2868,1,2869,G
2-PB1,839,0,0,0,2870,2870,C
2-PB1,840,0,1,0,2865,2866,C
2-PB1,841,2874,0,2,0,2876,A
2-PB1,842,2882,0,1,0,2883,A
2-PB1,843,2875,0,0,0,2875,A
2-PB1,844,1,0,0,2884,2885,C
2-PB1,845,1,2863,0,4,2868,T
2-PB1,846,1,0,2921,0,2922,G
2-PB1,847,0,1,2913,0,2914,G
2-PB1,848,0,3,0,2916,2919,C
2-PB1,849,2926,0,1,0,2927,A
2-PB1,850,2919,0,5,0,2924,A
2-PB1,851,2919,0,1,0,2920,A
2-PB1,852,0,2938,0,1,2939,T
2-PB1,853,0,1,2938,0,2939,G
2-PB1,854,1,2919,0,5,2925,T
2-PB1,855,0,2848,0,1,2849,T
2-PB1,856,0,0,2850,0,2850,G
2-PB1,857,1,2824,0,6,2831,T
2-PB1,858,0,2,2836,0,2838,G
2-PB1,859,2838,0,4,0,2842,A
2-PB1,860,0,3,2845,0,2848,G
2-PB1,861,2847,0,4,0,2851,A
2-PB1,862,2829,1,1,0,2831,A
2-PB1,863,2833,0,0,0,2833,A
2-PB1,864,2843,0,3,0,2846,A
2-PB1,865,2836,0,6,0,2842,A
2-PB1,866,0,2833,0,0,2833,T
2-PB1,867,0,3,2842,0,2845,G
2-PB1,868,2831,0,2,1,2834,A
2-PB1,869,0,2806,0,1,2807,T
2-PB1,870,0,5,2838,0,2843,G
2-PB1,871,2821,0,4,0,2825,A
2-PB1,872,0,0,0,2864,2864,C
2-PB1,873,0,2868,0,1,2869,T
2-PB1,874,2857,0,1,0,2858,A
2-PB1,875,2886,0,2,0,2888,A
2-PB1,876,0,2879,0,1,2880,T
2-PB1,877,0,2909,0,1,2910,T
2-PB1,878,4,0,0,2926,2930,C
2-PB1,879,2903,0,4,0,2907,A
2-PB1,880,0,1,0,2929,2930,C
2-PB1,881,2905,0,2,0,2907,A
2-PB1,882,2898,0,6,0,2904,A
2-PB1,883,1,1,2914,0,2916,G
2-PB1,884,2946,1,2,1,2950,A
2-PB1,885,0,0,0,2950,2950,C
2-PB1,886,2915,0,2,0,2917,A
2-PB1,887,0,0,0,2919,2919,C
2-PB1,888,2884,0,3,0,2887,A
2-PB1,889,0,1,2909,0,2910,G
2-PB1,890,2890,0,4,0,2894,A
2-PB1,891,0,0,2891,0,2891,G
2-PB1,892,0,1,1,2876,2878,C
2-PB1,893,0,2811,1,7,2819,T
2-PB1,894,0,2872,0,1,2873,T
2-PB1,895,0,2870,0,0,2870,T
2-PB1,896,1,0,0,2880,2881,C
2-PB1,897,0,2873,0,5,2878,T
2-PB1,898,0,2869,0,0,2869,T
2-PB1,899,0,2875,0,2,2877,T
2-PB1,900,2,0,0,2881,2883,C
2-PB1,901,2861,0,2,0,2863,A
2-PB1,902,1,2,0,2883,2886,C
2-PB1,903,2852,0,2,0,2854,A
2-PB1,904,2854,1,1,0,2856,A
2-PB1,905,0,2875,0,4,2879,T
2-PB1,906,2,2,0,2932,2936,C
2-PB1,907,2952,0,2,0,2954,A
2-PB1,908,0,2,0,2983,2985,C
2-PB1,909,0,2957,0,2,2959,T
2-PB1,910,2,0,2976,0,2978,G
2-PB1,911,1,2,2943,0,2946,G
2-PB1,912,0,1,3038,0,3039,G
2-PB1,913,1,1,3016,0,3018,G
2-PB1,914,2969,0,6,0,2975,A
2-PB1,915,1,1,0,2836,2838,C
2-PB1,916,2895,0,2,1,2898,A
2-PB1,917,3049,0,4,1,3054,A
2-PB1,918,0,1,0,3084,3085,C
2-PB1,919,3061,0,4,2,3067,A
2-PB1,920,2,0,1,3071,3074,C
2-PB1,921,0,2961,0,1,2962,T
2-PB1,922,2970,0,2,0,2972,A
2-PB1,923,2971,0,5,0,2976,A
2-PB1,924,2,2,2984,0,2988,G
2-PB1,925,0,2956,0,1,2957,T
2-PB1,926,1,5,2753,0,2759,G
2-PB1,927,1,2,2735,0,2738,G
2-PB1,928,2727,1,1,0,2729,A
2-PB1,929,2735,0,2,0,2737,A
2-PB1,930,0,2735,0,0,2735,T
2-PB1,931,0,0,2737,1,2738,G
2-PB1,932,2731,0,0,1,2732,A
2-PB1,933,2684,0,0,0,2684,A
2-PB1,934,2690,0,4,0,2694,A
2-PB1,935,2695,0,0,0,2695,A
2-PB1,936,1,2659,0,0,2660,T
2-PB1,937,6,0,0,2679,2685,C
2-PB1,938,2686,0,1,0,2687,A
2-PB1,939,2666,0,3,0,2669,A
2-PB1,940,2673,1,0,0,2674,A
2-PB1,941,2641,0,1,0,2642,A
2-PB1,942,0,0,0,2687,2687,C
2-PB1,943,5,0,0,2660,2665,C
2-PB1,944,5,2,0,2663,2670,C
2-PB1,945,0,2646,0,3,2649,T
2-PB1,946,1,0,0,2671,2672,C
2-PB1,947,0,0,2675,0,2675,G
2-PB1,948,2669,0,0,0,2669,A
2-PB1,949,2669,0,1,0,2670,A
2-PB1,950,0,2676,0,0,2676,T
2-PB1,951,0,0,2696,0,2696,G
2-PB1,952,0,2661,2,4,2667,T
2-PB1,953,0,2638,0,3,2641,T
2-PB1,954,0,2670,0,1,2671,T
2-PB1,955,0,2673,0,0,2673,T
2-PB1,956,0,2679,0,1,2680,T
2-PB1,957,0,1,2665,0,2666,G
2-PB1,958,1,0,2655,0,2656,G
2-PB1,959,1,1,0,2654,2656,C
2-PB1,960,2,0,2607,0,2609,G
2-PB1,961,2606,0,0,0,2606,A
2-PB1,962,1,2663,0,1,2665,T
2-PB1,963,2,4,2779,0,2785,G
2-PB1,964,2904,2,3,0,2909,A
2-PB1,965,0,2914,0,1,2915,T
2-PB1,966,0,2917,0,2,2919,T
2-PB1,967,2939,0,2,0,2941,A
2-PB1,968,0,0,0,2938,2938,C
2-PB1,969,2959,0,4,0,2963,A
2-PB1,970,0,2943,0,0,2943,T
2-PB1,971,2791,0,2,0,2793,A
2-PB1,972,1,1,0,2799,2801,C
2-PB1,973,2492,0,2,0,2494,A
2-PB1,974,0,2494,0,2,2496,T
2-PB1,975,2,0,0,2484,2486,C
2-PB1,976,2470,0,2,0,2472,A
2-PB1,977,0,1,0,2481,2482,C
2-PB1,978,2476,0,2,0,2478,A
2-PB1,979,2480,0,2,0,2482,A
2-PB1,980,2475,0,1,0,2476,A
2-PB1,981,1,4,2380,0,2385,G
2-PB1,982,2493,0,1,0,2494,A
2-PB1,983,2495,0,3,0,2498,A
2-PB1,984,0,2483,0,1,2484,T
2-PB1,985,6,1,0,2478,2485,C
2-PB1,986,2497,0,0,0,2497,A
2-PB1,987,2497,0,1,0,2498,A
2-PB1,988,0,0,0,2511,2511,C
2-PB1,989,1,0,0,2508,2509,C
2-PB1,990,0,2414,0,2,2416,T
2-PB1,991,2,2,2447,0,2451,G
2-PB1,992,2428,0,1,0,2429,A
2-PB1,993,1,0,2425,0,2426,G
2-PB1,994,1,2407,1,0,2409,T
2-PB1,995,1,0,2365,0,2366,G
2-PB1,996,0,1,2491,0,2492,G
2-PB1,997,0,2467,1,3,2471,T
2-PB1,998,0,2474,0,3,2477,T
2-PB1,999,7,0,0,2481,2488,C
2-PB1,1000,2455,0,0,2,2457,A
2-PB1,1001,1,1,2494,0,2496,G
2-PB1,1002,2501,1,3,0,2505,A
2-PB1,1003,2509,0,0,0,2509,A
2-PB1,1004,2472,1,1,1,2475,A
2-PB1,1005,0,0,0,2199,2199,C
2-PB1,1006,2214,0,1,0,2215,A
2-PB1,1007,0,2192,0,1,2193,T
2-PB1,1008,2,1,0,2241,2244,C
2-PB1,1009,2,0,0,2244,2246,C
2-PB1,1010,0,2169,0,3,2172,T
2-PB1,1011,2,3,2179,0,2184,G
2-PB1,1012,2158,0,4,0,2162,A
2-PB1,1013,3,0,2179,0,2182,G
2-PB1,1014,1,2,0,2169,2172,C
2-PB1,1015,2095,0,0,0,2095,A
2-PB1,1016,0,2077,0,0,2077,T
2-PB1,1017,1,2,0,2069,2072,C
2-PB1,1018,2,0,2085,0,2087,G
2-PB1,1019,0,0,0,2165,2165,C
2-PB1,1020,2161,0,3,0,2164,A
2-PB1,1021,0,0,0,2244,2244,C
2-PB1,1022,3,2,0,2233,2238,C
2-PB1,1023,2242,0,3,0,2245,A
2-PB1,1024,2275,0,0,0,2275,A
2-PB1,1025,0,2275,0,1,2276,T
2-PB1,1026,2274,0,1,0,2275,A
2-PB1,1027,2271,0,1,0,2272,A
2-PB1,1028,1,2186,0,0,2187,T
2-PB1,1029,1,1,2201,0,2203,G
2-PB1,1030,0,2138,1,1,2140,T
2-PB1,1031,0,2110,0,3,2113,T
2-PB1,1032,3,0,0,2127,2130,C
2-PB1,1033,0,2124,0,1,2125,T
2-PB1,1034,2,0,0,2143,2145,C
2-PB1,1035,2144,0,0,0,2144,A
2-PB1,1036,2144,0,0,0,2144,A
2-PB1,1037,2143,0,3,0,2146,A
2-PB1,1038,0,0,0,2154,2154,C
2-PB1,1039,2142,0,1,0,2143,A
2-PB1,1040,2148,0,0,0,2148,A
2-PB1,1041,2138,0,0,0,2138,A
2-PB1,1042,2150,0,2,0,2152,A
2-PB1,1043,0,2173,0,2,2175,T
2-PB1,1044,1,4,2167,0,2172,G
2-PB1,1045,2,1,2165,0,2168,G
2-PB1,1046,0,0,0,2175,2175,C
2-PB1,1047,2168,0,3,0,2171,A
2-PB1,1048,2171,0,3,0,2174,A
2-PB1,1049,1,2,2196,0,2199,G
2-PB1,1050,2194,0,1,0,2195,A
2-PB1,1051,0,0,0,2209,2209,C
2-PB1,1052,0,2173,0,0,2173,T
2-PB1,1053,0,2,2210,0,2212,G
2-PB1,1054,2,1,2203,0,2206,G
2-PB1,1055,0,1,2229,0,2230,G
2-PB1,1056,2231,0,1,0,2232,A
2-PB1,1057,2225,0,1,0,2226,A
2-PB1,1058,2210,0,2,0,2212,A
2-PB1,1059,2187,0,7,0,2194,A
2-PB1,1060,0,1,2255,0,2256,G
2-PB1,1061,0,4,2248,0,2252,G
2-PB1,1062,2241,0,3,0,2244,A
2-PB1,1063,0,2226,0,3,2229,T
2-PB1,1064,2224,0,2,0,2226,A
2-PB1,1065,0,0,0,2232,2232,C
2-PB1,1066,2249,0,0,0,2249,A
2-PB1,1067,0,2238,0,2,2240,T
2-PB1,1068,1,0,2261,0,2262,G
2-PB1,1069,0,2215,0,5,2220,T
2-PB1,1070,1,2210,0,2,2213,T
2-PB1,1071,3,3,0,2208,2214,C
2-PB1,1072,0,1,2220,0,2221,G
2-PB1,1073,2205,2,3,0,2210,A
2-PB1,1074,1,4,2279,0,2284,G
2-PB1,1075,2239,1,1,0,2241,A
2-PB1,1076,0,0,2276,0,2276,G
2-PB1,1077,0,2245,0,1,2246,T
2-PB1,1078,2250,0,1,0,2251,A
2-PB1,1079,2264,0,7,0,2271,A
2-PB1,1080,1,2,2276,0,2279,G
2-PB1,1081,2280,0,2,0,2282,A
2-PB1,1082,0,0,2302,0,2302,G
2-PB1,1083,2256,0,4,0,2260,A
2-PB1,1084,2266,0,2,0,2268,A
2-PB1,1085,0,2252,0,3,2255,T
2-PB1,1086,1,2,2257,0,2260,G
2-PB1,1087,2245,0,7,0,2252,A
2-PB1,1088,2224,0,4,1,2229,A
2-PB1,1089,1,0,2230,0,2231,G
2-PB1,1090,0,1,0,2217,2218,C
2-PB1,1091,0,2181,0,0,2181,T
2-PB1,1092,3,0,0,2208,2211,C
2-PB1,1093,2,1,1,2198,2202,C
2-PB1,1094,0,1,2218,0,2219,G
2-PB1,1095,1,4,2209,0,2214,G
2-PB1,1096,2219,0,4,0,2223,A
2-PB1,1097,0,1,0,2255,2256,C
2-PB1,1098,2252,0,2,0,2254,A
2-PB1,1099,1,1,0,2279,2281,C
2-PB1,1100,2279,0,2,0,2281,A
2-PB1,1101,2280,0,2,0,2282,A
2-PB1,1102,2274,0,0,0,2274,A
2-PB1,1103,0,2275,0,2,2277,T
2-PB1,1104,2261,0,2,1,2264,A
2-PB1,1105,0,1,0,2268,2269,C
2-PB1,1106,2,1,0,2247,2250,C
2-PB1,1107,0,2219,1,4,2224,T
2-PB1,1108,0,1,2236,0,2237,G
2-PB1,1109,0,0,0,2240,2240,C
2-PB1,1110,2242,0,3,0,2245,A
2-PB1,1111,1,3,2237,0,2241,G
2-PB1,1112,2236,0,1,0,2237,A
2-PB1,1113,2240,0,1,0,2241,A
2-PB1,1114,2250,0,1,0,2251,A
2-PB1,1115,0,2242,0,0,2242,T
2-PB1,1116,0,0,2243,0,2243,G
2-PB1,1117,1,2,0,2219,2222,C
2-PB1,1118,0,2229,0,1,2230,T
2-PB1,1119,2268,1,3,0,2272,A
2-PB1,1120,0,1,2265,0,2266,G
2-PB1,1121,0,1,0,2261,2262,C
2-PB1,1122,2268,0,1,0,2269,A
2-PB1,1123,2252,0,0,0,2252,A
2-PB1,1124,2,0,2225,0,2227,G
2-PB1,1125,2,1,0,2219,2222,C
2-PB1,1126,2187,0,1,0,2188,A
2-PB1,1127,0,2182,0,2,2184,T
2-PB1,1128,1,168,0,2037,2206,C
2-PB1,1129,0,4,2317,0,2321,G
2-PB1,1130,2367,0,0,0,2367,A
2-PB1,1131,0,0,0,2371,2371,C
2-PB1,1132,1,0,0,2377,2378,C
2-PB1,1133,0,2298,0,3,2301,T
2-PB1,1134,0,1,2343,0,2344,G
2-PB1,1135,2353,1,2,0,2356,A
2-PB1,1136,2350,0,1,0,2351,A
2-PB1,1137,1,0,2377,0,2378,G
2-PB1,1138,0,2319,0,0,2319,T
2-PB1,1139,2312,0,0,0,2312,A
2-PB1,1140,0,2321,0,0,2321,T
2-PB1,1141,0,2311,0,2,2313,T
2-PB1,1142,1,2310,0,0,2311,T
2-PB1,1143,5,0,0,2296,2301,C
2-PB1,1144,2298,0,0,0,2298,A
2-PB1,1145,2303,0,0,0,2303,A
2-PB1,1146,0,2267,0,0,2267,T
2-PB1,1147,0,2,2282,0,2284,G
2-PB1,1148,2270,0,1,0,2271,A
2-PB1,1149,2270,0,1,0,2271,A
2-PB1,1150,0,2255,1,5,2261,T
2-PB1,1151,2,1,0,2277,2280,C
2-PB1,1152,2278,0,5,0,2283,A
2-PB1,1153,2285,0,1,0,2286,A
2-PB1,1154,0,1,0,2287,2288,C
2-PB1,1155,2281,1,5,0,2287,A
2-PB1,1156,2278,0,2,0,2280,A
2-PB1,1157,1,2,2277,0,2280,G
2-PB1,1158,0,0,2285,0,2285,G
2-PB1,1159,2289,0,2,0,2291,A
2-PB1,1160,2274,0,3,1,2278,A
2-PB1,1161,0,0,2287,0,2287,G
2-PB1,1162,2269,0,1,0,2270,A
2-PB1,1163,2271,0,4,1,2276,A
2-PB1,1164,2279,0,5,0,2284,A
2-PB1,1165,2284,0,2,0,2286,A
2-PB1,1166,0,2277,0,0,2277,T
2-PB1,1167,1,2261,0,1,2263,T
2-PB1,1168,3,1,2259,0,2263,G
2-PB1,1169,2249,0,5,0,2254,A
2-PB1,1170,1,0,2253,0,2254,G
2-PB1,1171,2257,0,1,0,2258,A
2-PB1,1172,2277,0,1,0,2278,A
2-PB1,1173,2303,0,0,0,2303,A
2-PB1,1174,2300,0,0,0,2300,A
2-PB1,1175,0,2294,0,0,2294,T
2-PB1,1176,2308,0,1,0,2309,A
2-PB1,1177,2296,0,5,1,2302,A
2-PB1,1178,2,3,2309,0,2314,G
2-PB1,1179,1,0,2310,0,2311,G
2-PB1,1180,0,0,1,2293,2294,C
2-PB1,1181,3,0,0,2287,2290,C
2-PB1,1182,0,2270,0,5,2275,T
2-PB1,1183,1,0,0,2595,2596,C
2-PB1,1184,1,2620,0,4,2625,T
2-PB1,1185,1,2626,0,2,2629,T
2-PB1,1186,2,0,0,2678,2680,C
2-PB1,1187,0,2672,0,2,2674,T
2-PB1,1188,2682,0,0,0,2682,A
2-PB1,1189,2677,0,2,0,2679,A
2-PB1,1190,1,2675,0,0,2676,T
2-PB1,1191,2688,1,0,0,2689,A
2-PB1,1192,0,2,2624,0,2626,G
2-PB1,1193,2395,0,3,1,2399,A
2-PB1,1194,0,2398,0,1,2399,T
2-PB1,1195,1,3,2351,0,2355,G
2-PB1,1196,0,1,2383,0,2384,G
2-PB1,1197,0,1,0,2392,2393,C
2-PB1,1198,2387,0,2,0,2389,A
2-PB1,1199,1,2,0,2402,2405,C
2-PB1,1200,2367,0,5,0,2372,A
2-PB1,1201,4,1,2436,0,2441,G
2-PB1,1202,1,0,0,2441,2442,C
2-PB1,1203,2456,1,1,0,2458,A
2-PB1,1204,0,2508,0,0,2508,T
2-PB1,1205,1,1,0,2482,2484,C
2-PB1,1206,2524,0,2,0,2526,A
2-PB1,1207,1,2514,0,2,2517,T
2-PB1,1208,0,2512,0,2,2514,T
2-PB1,1209,0,3,2505,0,2508,G
2-PB1,1210,2418,2,3,1,2424,A
2-PB1,1211,0,1,2479,0,2480,G
2-PB1,1212,0,2,0,2473,2475,C
2-PB1,1213,2,0,0,2439,2441,C
2-PB1,1214,0,0,0,2533,2533,C
2-PB1,1215,0,2507,0,6,2513,T
2-PB1,1216,0,2,2740,0,2742,G
2-PB1,1217,1,2,2759,0,2762,G
2-PB1,1218,450,2,2232,0,2684,G
2-PB1,1219,2837,0,0,0,2837,A
2-PB1,1220,0,2837,0,2,2839,T
2-PB1,1221,0,1,2950,0,2951,G
2-PB1,1222,3002,0,2,0,3004,A
2-PB1,1223,0,2998,0,0,2998,T
2-PB1,1224,0,0,2997,0,2997,G
2-PB1,1225,2964,1,0,0,2965,A
2-PB1,1226,0,2935,0,0,2935,T
2-PB1,1227,2,4,2921,0,2927,G
2-PB1,1228,1,1,2957,0,2959,G
2-PB1,1229,2,0,2969,1,2972,G
2-PB1,1230,0,1,0,2965,2966,C
2-PB1,1231,2973,0,2,0,2975,A
2-PB1,1232,0,3005,0,3,3008,T
2-PB1,1233,1,0,3128,0,3129,G
2-PB1,1234,0,3119,0,8,3127,T
2-PB1,1235,1,3149,0,2,3152,T
2-PB1,1236,4,0,0,3150,3154,C
2-PB1,1237,3144,0,1,0,3145,A
2-PB1,1238,3146,0,3,0,3149,A
2-PB1,1239,0,2,0,3151,3153,C
2-PB1,1240,3158,0,1,0,3159,A
2-PB1,1241,0,3163,1,2,3166,T
2-PB1,1242,1,0,3166,0,3167,G
2-PB1,1243,0,1,0,3161,3162,C
2-PB1,1244,0,3182,0,2,3184,T
2-PB1,1245,3208,0,1,0,3209,A
2-PB1,1246,3202,0,3,0,3205,A
2-PB1,1247,0,0,3242,0,3242,G
2-PB1,1248,0,3246,0,0,3246,T
2-PB1,1249,3233,0,1,1,3235,A
2-PB1,1250,0,2,0,3254,3256,C
2-PB1,1251,3,0,3243,0,3246,G
2-PB1,1252,0,0,3444,0,3444,G
2-PB1,1253,0,3423,0,3,3426,T
2-PB1,1254,0,3420,0,1,3421,T
2-PB1,1255,0,3424,0,1,3425,T
2-PB1,1256,1,3422,0,0,3423,T
2-PB1,1257,3429,0,4,0,3433,A
2-PB1,1258,1,1,3423,0,3425,G
2-PB1,1259,1,3,3412,0,3416,G
2-PB1,1260,3358,0,8,0,3366,A
2-PB1,1261,0,0,3341,0,3341,G
2-PB1,1262,0,3385,0,0,3385,T
2-PB1,1263,2,0,1,3397,3400,C
2-PB1,1264,0,3406,0,6,3412,T
2-PB1,1265,5,1,0,3405,3411,C
2-PB1,1266,3,4,3416,0,3423,G
2-PB1,1267,3519,0,2,0,3521,A
2-PB1,1268,0,3539,0,1,3540,T
2-PB1,1269,3564,1,1,0,3566,A
2-PB1,1270,1,1,0,3567,3569,C
2-PB1,1271,1,3521,0,4,3526,T
2-PB1,1272,5,1,3529,0,3535,G
2-PB1,1273,3511,1,4,1,3517,A
2-PB1,1274,3569,0,0,0,3569,A
2-PB1,1275,0,3573,0,4,3577,T
2-PB1,1276,2,0,0,3504,3506,C
2-PB1,1277,0,3497,0,3,3500,T
2-PB1,1278,1,3486,0,1,3488,T
2-PB1,1279,0,0,3494,0,3494,G
2-PB1,1280,1,3,3473,0,3477,G
2-PB1,1281,3274,0,194,0,3468,A
2-PB1,1282,0,1,0,3487,3488,C
2-PB1,1283,3432,0,0,1,3433,A
2-PB1,1284,3451,1,0,0,3452,A
2-PB1,1285,3453,0,3,0,3456,A
2-PB1,1286,3459,1,8,0,3468,A
2-PB1,1287,2,2,3519,0,3523,G
2-PB1,1288,3511,0,6,0,3517,A
2-PB1,1289,3524,1,3,0,3528,A
2-PB1,1290,3527,0,5,0,3532,A
2-PB1,1291,0,3517,0,0,3517,T
2-PB1,1292,3523,0,1,0,3524,A
2-PB1,1293,0,0,0,3640,3640,C
2-PB1,1294,3595,0,3,0,3598,A
2-PB1,1295,0,0,0,3626,3626,C
2-PB1,1296,2,1,0,3574,3577,C
2-PB1,1297,3571,0,1,0,3572,A
2-PB1,1298,3617,0,2,0,3619,A
2-PB1,1299,1,4,3720,0,3725,G
2-PB1,1300,3749,0,7,0,3756,A
2-PB1,1301,0,2,0,3802,3804,C
2-PB1,1302,3727,0,1,0,3728,A
2-PB1,1303,3840,0,3,0,3843,A
2-PB1,1304,0,1,0,3850,3851,C
2-PB1,1305,3930,1,1,0,3932,A
2-PB1,1306,1,3954,0,1,3956,T
2-PB1,1307,3900,0,3,0,3903,A
2-PB1,1308,0,2,0,3991,3993,C
2-PB1,1309,0,3857,0,1,3858,T
2-PB1,1310,1,2,3938,0,3941,G
2-PB1,1311,1,0,3930,0,3931,G
2-PB1,1312,0,3821,1,3,3825,T
2-PB1,1313,0,5,3842,0,3847,G
2-PB1,1314,1,1,3782,0,3784,G
2-PB1,1315,4,3,3805,0,3812,G
2-PB1,1316,3791,1,4,0,3796,A
2-PB1,1317,0,3709,0,2,3711,T
2-PB1,1318,1,4,3707,0,3712,G
2-PB1,1319,0,0,3676,0,3676,G
2-PB1,1320,1,3,3702,0,3706,G
2-PB1,1321,0,2,0,3774,3776,C
2-PB1,1322,1,3743,0,2,3746,T
2-PB1,1323,2,1,0,3793,3796,C
2-PB1,1324,1,2,1,3787,3791,C
2-PB1,1325,3796,0,2,0,3798,A
2-PB1,1326,3794,1,0,2,3797,A
2-PB1,1327,0,3769,1,0,3770,T
2-PB1,1328,1,1,0,3744,3746,C
2-PB1,1329,0,1,0,3727,3728,C
2-PB1,1330,0,3693,0,3,3696,T
2-PB1,1331,2,0,0,3673,3675,C
2-PB1,1332,3,1,0,3685,3689,C
2-PB1,1333,0,5,3677,0,3682,G
2-PB1,1334,3665,0,2,0,3667,A
2-PB1,1335,1,1,1,3686,3689,C
2-PB1,1336,2,5,3692,0,3699,G
2-PB1,1337,3693,0,0,0,3693,A
2-PB1,1338,0,3703,0,0,3703,T
2-PB1,1339,0,3702,0,0,3702,T
2-PB1,1340,0,3699,0,2,3701,T
2-PB1,1341,1,3705,1,0,3707,T
2-PB1,1342,1,0,3715,0,3716,G
2-PB1,1343,0,3,0,3737,3740,C
2-PB1,1344,1,0,1,3728,3730,C
2-PB1,1345,7,3,0,3871,3881,C
2-PB1,1346,0,3836,0,6,3842,T
2-PB1,1347,2,0,0,4063,4065,C
2-PB1,1348,4087,0,0,1,4088,A
2-PB1,1349,0,4105,0,4,4109,T
2-PB1,1350,4110,0,3,0,4113,A
2-PB1,1351,2,1,4156,0,4159,G
2-PB1,1352,0,4084,0,1,4085,T
2-PB1,1353,2,2,4142,0,4146,G
2-PB1,1354,3993,0,0,0,3993,A
2-PB1,1355,3991,1,3,0,3995,A
2-PB1,1356,0,3757,2,4,3763,T
2-PB1,1357,1,0,3770,0,3771,G
2-PB1,1358,0,1,0,3787,3788,C
2-PB1,1359,3774,0,6,0,3780,A
2-PB1,1360,0,3,1,3788,3792,C
2-PB1,1361,5,1,0,3756,3762,C
2-PB1,1362,3750,0,0,1,3751,A
2-PB1,1363,3744,0,3,0,3747,A
2-PB1,1364,3725,0,4,0,3729,A
2-PB1,1365,0,3641,0,2,3643,T
2-PB1,1366,2,1,0,3761,3764,C
2-PB1,1367,3766,0,0,0,3766,A
2-PB1,1368,0,3770,1,3,3774,T
2-PB1,1369,1,5,3769,0,3775,G
2-PB1,1370,3764,0,8,0,3772,A
2-PB1,1371,1,3,3798,0,3802,G
2-PB1,1372,2,3,3783,1,3789,G
2-PB1,1373,3,3,3794,0,3800,G
2-PB1,1374,3776,0,6,0,3782,A
2-PB1,1375,3862,1,2,0,3865,A
2-PB1,1376,0,3872,0,1,3873,T
2-PB1,1377,3889,0,0,0,3889,A
2-PB1,1378,0,1,1,3896,3898,C
2-PB1,1379,3910,0,3,0,3913,A
2-PB1,1380,3900,1,6,0,3907,A
2-PB1,1381,0,0,3892,0,3892,G
2-PB1,1382,0,2,0,3860,3862,C
2-PB1,1383,3840,1,3,0,3844,A
2-PB1,1384,1,2,3888,0,3891,G
2-PB1,1385,1,2,3880,0,3883,G
2-PB1,1386,3854,0,2,0,3856,A
2-PB1,1387,0,1,3902,0,3903,G
2-PB1,1388,0,3830,1,3,3834,T
2-PB1,1389,2,3,3881,0,3886,G
2-PB1,1390,3,3,3898,0,3904,G
2-PB1,1391,3879,1,10,0,3890,A
2-PB1,1392,0,3891,1,0,3892,T
2-PB1,1393,3841,0,3,0,3844,A
2-PB1,1394,0,1,3875,0,3876,G
2-PB1,1395,3916,0,6,0,3922,A
2-PB1,1396,0,3908,1,2,3911,T
2-PB1,1397,0,3901,1,1,3903,T
2-PB1,1398,1,2,0,4019,4022,C
2-PB1,1399,0,3997,0,1,3998,T
2-PB1,1400,3996,0,2,0,3998,A
2-PB1,1401,0,0,0,4000,4000,C
2-PB1,1402,3906,1,6,1,3914,A
2-PB1,1403,3,1,3900,1,3905,G
2-PB1,1404,0,3,3828,0,3831,G
2-PB1,1405,3860,0,4,0,3864,A
2-PB1,1406,3,0,0,3850,3853,C
2-PB1,1407,3,2,0,3784,3789,C
2-PB1,1408,0,3759,1,5,3765,T
2-PB1,1409,1,0,3773,0,3774,G
2-PB1,1410,0,1,0,3776,3777,C
2-PB1,1411,3780,0,2,0,3782,A
2-PB1,1412,3795,0,4,0,3799,A
2-PB1,1413,1,0,3807,0,3808,G
2-PB1,1414,0,3736,1,2,3739,T
2-PB1,1415,0,3746,1,0,3747,T
2-PB1,1416,3699,0,2,0,3701,A
2-PB1,1417,0,0,3727,1,3728,G
2-PB1,1418,2,3682,1,0,3685,T
2-PB1,1419,4,7,3683,0,3694,G
2-PB1,1420,2,2,3688,0,3692,G
2-PB1,1421,2,3,3728,0,3733,G
2-PB1,1422,3726,1,2,0,3729,A
2-PB1,1423,3756,0,0,0,3756,A
2-PB1,1424,0,3748,1,4,3753,T
2-PB1,1425,1,32,0,3729,3762,C
2-PB1,1426,3748,0,2,0,3750,A
2-PB1,1427,3759,0,2,0,3761,A
2-PB1,1428,3,2,0,3736,3741,C
2-PB1,1429,3742,0,2,1,3745,A
2-PB1,1430,0,3642,1,0,3643,T
2-PB1,1431,0,9,3651,0,3660,G
2-PB1,1432,3651,0,1,0,3652,A
2-PB1,1433,2,0,3668,0,3670,G
2-PB1,1434,1,3,0,3646,3650,C
2-PB1,1435,3658,0,1,0,3659,A
2-PB1,1436,3659,0,2,0,3661,A
2-PB1,1437,3667,0,3,0,3670,A
2-PB1,1438,3700,0,3,0,3703,A
2-PB1,1439,3705,0,2,0,3707,A
2-PB1,1440,2,1,3687,0,3690,G
2-PB1,1441,3657,0,2,0,3659,A
2-PB1,1442,3608,0,5,0,3613,A
2-PB1,1443,1,0,3760,0,3761,G
2-PB1,1444,0,3724,1,2,3727,T
2-PB1,1445,1,0,0,3741,3742,C
2-PB1,1446,2,0,0,3766,3768,C
2-PB1,1447,0,3750,0,4,3754,T
2-PB1,1448,3808,0,0,0,3808,A
2-PB1,1449,0,3795,0,0,3795,T
2-PB1,1450,3810,0,1,0,3811,A
2-PB1,1451,1,3807,0,0,3808,T
2-PB1,1452,3739,0,4,0,3743,A
2-PB1,1453,3748,0,1,0,3749,A
2-PB1,1454,3737,0,2,0,3739,A
2-PB1,1455,0,3730,0,0,3730,T
2-PB1,1456,3684,0,1,0,3685,A
2-PB1,1457,3677,0,1,0,3678,A
2-PB1,1458,3688,1,2,0,3691,A
2-PB1,1459,3686,0,6,0,3692,A
2-PB1,1460,0,1,0,3700,3701,C
2-PB1,1461,3527,0,4,0,3531,A
2-PB1,1462,0,3,3529,0,3532,G
2-PB1,1463,4,5,3524,0,3533,G
2-PB1,1464,2,1,3514,0,3517,G
2-PB1,1465,3502,0,13,0,3515,A
2-PB1,1466,0,0,0,3559,3559,C
2-PB1,1467,3548,0,1,0,3549,A
2-PB1,1468,0,3555,0,0,3555,T
2-PB1,1469,0,3563,0,2,3565,T
2-PB1,1470,2,3573,0,2,3577,T
2-PB1,1471,0,7,3568,0,3575,G
2-PB1,1472,3537,0,2,0,3539,A
2-PB1,1473,3559,0,1,0,3560,A
2-PB1,1474,0,3544,0,3,3547,T
2-PB1,1475,0,3486,0,2,3488,T
2-PB1,1476,4,1,0,3509,3514,C
2-PB1,1477,3465,0,1,0,3466,A
2-PB1,1478,1,0,0,3485,3486,C
2-PB1,1479,0,3473,0,4,3477,T
2-PB1,1480,3480,0,0,1,3481,A
2-PB1,1481,0,0,3467,0,3467,G
2-PB1,1482,0,2,0,3469,3471,C
2-PB1,1483,0,3436,0,6,3442,T
2-PB1,1484,0,3485,0,2,3487,T
2-PB1,1485,0,3465,0,3,3468,T
2-PB1,1486,0,3479,0,1,3480,T
2-PB1,1487,0,3473,1,1,3475,T
2-PB1,1488,0,3478,0,1,3479,T
2-PB1,1489,0,3473,0,0,3473,T
2-PB1,1490,3456,0,2,0,3458,A
2-PB1,1491,2,3430,0,1,3433,T
2-PB1,1492,3,0,0,3446,3449,C
2-PB1,1493,3,1,3455,1,3460,G
2-PB1,1494,3595,0,1,0,3596,A
2-PB1,1495,0,3600,0,0,3600,T
2-PB1,1496,3616,1,1,0,3618,A
2-PB1,1497,0,3630,0,1,3631,T
2-PB1,1498,0,4,3626,0,3630,G
2-PB1,1499,2,3,3642,0,3647,G
2-PB1,1500,3648,0,4,0,3652,A
2-PB1,1501,1,3632,0,1,3634,T
2-PB1,1502,0,3600,0,0,3600,T
2-PB1,1503,0,3487,0,0,3487,T
2-PB1,1504,2,0,3499,0,3501,G
2-PB1,1505,0,3452,0,0,3452,T
2-PB1,1506,0,5,3465,0,3470,G
2-PB1,1507,1,0,3442,0,3443,G
2-PB1,1508,2,0,0,3392,3394,C
2-PB1,1509,0,3449,0,2,3451,T
2-PB1,1510,3464,0,0,0,3464,A
2-PB1,1511,3490,0,0,0,3490,A
2-PB1,1512,0,3507,0,2,3509,T
2-PB1,1513,0,3516,0,0,3516,T
2-PB1,1514,0,3512,0,1,3513,T
2-PB1,1515,0,3525,0,2,3527,T
2-PB1,1516,3521,0,3,0,3524,A
2-PB1,1517,1,1,3542,0,3544,G
2-PB1,1518,1,1,0,3549,3551,C
2-PB1,1519,3532,0,0,0,3532,A
2-PB1,1520,0,3503,0,2,3505,T
2-PB1,1521,2,1,3462,0,3465,G
2-PB1,1522,3,4,3504,0,3511,G
2-PB1,1523,3491,0,3,0,3494,A
2-PB1,1524,2,0,3500,0,3502,G
2-PB1,1525,0,0,0,3481,3481,C
2-PB1,1526,0,3459,0,1,3460,T
2-PB1,1527,0,0,3466,0,3466,G
2-PB1,1528,0,1,0,3435,3436,C
2-PB1,1529,1,0,0,3451,3452,C
2-PB1,1530,4,0,1,3471,3476,C
2-PB1,1531,3406,1,0,0,3407,A
2-PB1,1532,0,0,3619,0,3619,G
2-PB1,1533,0,3598,1,2,3601,T
2-PB1,1534,0,3600,0,3,3603,T
2-PB1,1535,0,3594,0,2,3596,T
2-PB1,1536,0,3555,0,1,3556,T
2-PB1,1537,1,3,3553,1,3558,G
2-PB1,1538,0,3,3568,0,3571,G
2-PB1,1539,3565,0,2,0,3567,A
2-PB1,1540,0,0,3581,0,3581,G
2-PB1,1541,0,3338,0,0,3338,T
2-PB1,1542,192,0,3343,0,3535,G
2-PB1,1543,0,3510,0,4,3514,T
2-PB1,1544,2,2,1,3521,3526,C
2-PB1,1545,0,3523,0,3,3526,T
2-PB1,1546,0,1,3546,1,3548,G
2-PB1,1547,3,7,3585,0,3595,G
2-PB1,1548,3584,0,1,0,3585,A
2-PB1,1549,3593,0,5,0,3598,A
2-PB1,1550,0,3569,1,1,3571,T
2-PB1,1551,3292,0,3,0,3295,A
2-PB1,1552,3290,0,3,0,3293,A
2-PB1,1553,3294,0,2,0,3296,A
2-PB1,1554,1,0,0,3285,3286,C
2-PB1,1555,0,2,3248,0,3250,G
2-PB1,1556,3213,1,0,0,3214,A
2-PB1,1557,0,0,3186,0,3186,G
2-PB1,1558,1,3177,1,1,3180,T
2-PB1,1559,8,2,1,3196,3207,C
2-PB1,1560,3212,0,2,0,3214,A
2-PB1,1561,1,0,3255,0,3256,G
2-PB1,1562,1,3,0,3250,3254,C
2-PB1,1563,0,3244,0,2,3246,T
2-PB1,1564,1,2,3369,0,3372,G
2-PB1,1565,3334,0,3,0,3337,A
2-PB1,1566,0,3343,1,0,3344,T
2-PB1,1567,3338,0,2,1,3341,A
2-PB1,1568,0,3297,0,1,3298,T
2-PB1,1569,1,5,3318,0,3324,G
2-PB1,1570,3194,0,4,0,3198,A
2-PB1,1571,1,0,3241,0,3242,G
2-PB1,1572,1,1,0,3243,3245,C
2-PB1,1573,3117,0,1,0,3118,A
2-PB1,1574,0,3108,1,1,3110,T
2-PB1,1575,0,3132,0,0,3132,T
2-PB1,1576,1,0,3170,0,3171,G
2-PB1,1577,0,2,3289,0,3291,G
2-PB1,1578,3243,0,12,0,3255,A
2-PB1,1579,1,0,3258,0,3259,G
2-PB1,1580,0,3152,0,1,3153,T
2-PB1,1581,3160,0,3,0,3163,A
2-PB1,1582,3162,1,3,0,3166,A
2-PB1,1583,1,1,0,3175,3177,C
2-PB1,1584,3154,0,0,0,3154,A
2-PB1,1585,2,0,3205,0,3207,G
2-PB1,1586,0,2874,0,1,2875,T
2-PB1,1587,1,1,2910,0,2912,G
2-PB1,1588,2927,0,6,0,2933,A
2-PB1,1589,0,2936,0,2,2938,T
2-PB1,1590,2931,0,4,0,2935,A
2-PB1,1591,2924,0,3,0,2927,A
2-PB1,1592,2850,1,8,1,2860,A
2-PB1,1593,1,5,2890,0,2896,G
2-PB1,1594,2783,0,3,0,2786,A
2-PB1,1595,2783,0,2,0,2785,A
2-PB1,1596,0,0,0,2793,2793,C
2-PB1,1597,2686,0,2,0,2688,A
2-PB1,1598,2722,0,2,1,2725,A
2-PB1,1599,0,1,1,2735,2737,C
2-PB1,1600,2773,0,2,0,2775,A
2-PB1,1601,0,2764,6,1,2771,T
2-PB1,1602,0,5,2732,0,2737,G
2-PB1,1603,2738,0,2,0,2740,A
2-PB1,1604,0,2749,0,0,2749,T
2-PB1,1605,2712,0,1,0,2713,A
2-PB1,1606,2728,0,2,1,2731,A
2-PB1,1607,2708,0,1,0,2709,A
2-PB1,1608,0,2,0,2721,2723,C
2-PB1,1609,2619,0,2,0,2621,A
2-PB1,1610,2612,0,0,0,2612,A
2-PB1,1611,0,2556,0,2,2558,T
2-PB1,1612,0,3,2555,0,2558,G
2-PB1,1613,2614,0,3,0,2617,A
2-PB1,1614,0,1,0,2646,2647,C
2-PB1,1615,1,0,0,2608,2609,C
2-PB1,1616,1,2556,0,3,2560,T
2-PB1,1617,0,2517,0,1,2518,T
2-PB1,1618,0,2,2534,0,2536,G
2-PB1,1619,0,2,2548,0,2550,G
2-PB1,1620,2568,0,2,0,2570,A
2-PB1,1621,0,1,0,2570,2571,C
2-PB1,1622,1,0,0,2533,2534,C
2-PB1,1623,2511,0,1,1,2513,A
2-PB1,1624,2,1,2537,0,2540,G
2-PB1,1625,1,0,0,2553,2554,C
2-PB1,1626,2565,0,0,0,2565,A
2-PB1,1627,2554,0,0,1,2555,A
2-PB1,1628,2,0,0,2538,2540,C
2-PB1,1629,2516,1,0,0,2517,A
2-PB1,1630,0,2,2573,0,2575,G
2-PB1,1631,1,1,0,2576,2578,C
2-PB1,1632,1,0,0,2586,2587,C
2-PB1,1633,3,0,0,2579,2582,C
2-PB1,1634,2603,0,1,0,2604,A
2-PB1,1635,2600,0,1,0,2601,A
2-PB1,1636,2600,0,1,0,2601,A
2-PB1,1637,0,2589,0,2,2591,T
2-PB1,1638,0,2,2585,0,2587,G
2-PB1,1639,1,1,2532,0,2534,G
2-PB1,1640,0,0,0,2562,2562,C
2-PB1,1641,0,2554,0,1,2555,T
2-PB1,1642,4,0,0,2615,2619,C
2-PB1,1643,0,2587,0,6,2593,T
2-PB1,1644,3,0,0,2629,2632,C
2-PB1,1645,3,1,0,2637,2641,C
2-PB1,1646,2653,0,0,0,2653,A
2-PB1,1647,2646,0,1,1,2648,A
2-PB1,1648,0,2633,0,0,2633,T
2-PB1,1649,0,2612,0,2,2614,T
2-PB1,1650,0,0,2622,1,2623,G
2-PB1,1651,0,2566,0,3,2569,T
2-PB1,1652,0,2558,0,3,2561,T
2-PB1,1653,7,5,0,2572,2584,C
2-PB1,1654,2570,0,0,0,2570,A
2-PB1,1655,0,2566,0,4,2570,T
2-PB1,1656,2,0,0,2576,2578,C
2-PB1,1657,2580,0,3,0,2583,A
2-PB1,1658,2576,0,1,0,2577,A
2-PB1,1659,2577,0,1,0,2578,A
2-PB1,1660,0,1,2636,0,2637,G
2-PB1,1661,2626,1,1,0,2628,A
2-PB1,1662,0,2636,0,1,2637,T
2-PB1,1663,0,2638,0,0,2638,T
2-PB1,1664,2650,0,0,0,2650,A
2-PB1,1665,1,2,0,2692,2695,C
2-PB1,1666,2697,1,6,0,2704,A
2-PB1,1667,0,2,2719,1,2722,G
2-PB1,1668,2712,0,5,0,2717,A
2-PB1,1669,0,2771,0,1,2772,T
2-PB1,1670,2777,0,2,0,2779,A
2-PB1,1671,1,3,0,2922,2926,C
2-PB1,1672,2972,1,4,0,2977,A
2-PB1,1673,0,0,0,3171,3171,C
2-PB1,1674,3114,0,2,0,3116,A
2-PB1,1675,0,3155,0,0,3155,T
2-PB1,1676,3128,0,1,0,3129,A
2-PB1,1677,1,3111,0,2,3114,T
2-PB1,1678,3026,0,2,0,3028,A
2-PB1,1679,2,3,3019,0,3024,G
2-PB1,1680,4,0,2965,1,2970,G
2-PB1,1681,0,2825,0,2,2827,T
2-PB1,1682,0,1,2805,0,2806,G
2-PB1,1683,2,1,0,2895,2898,C
2-PB1,1684,4,0,0,2894,2898,C
2-PB1,1685,2966,0,1,0,2967,A
2-PB1,1686,0,2960,0,0,2960,T
2-PB1,1687,2974,0,1,0,2975,A
2-PB1,1688,1,2,2967,0,2970,G
2-PB1,1689,2911,0,6,0,2917,A
2-PB1,1690,0,2,2924,0,2926,G
2-PB1,1691,1,5,2911,0,2917,G
2-PB1,1692,2811,0,4,0,2815,A
2-PB1,1693,1,5,2828,0,2834,G
2-PB1,1694,2802,0,7,0,2809,A
2-PB1,1695,0,0,0,2813,2813,C
2-PB1,1696,2807,0,1,0,2808,A
2-PB1,1697,0,0,0,2852,2852,C
2-PB1,1698,2840,0,1,0,2841,A
2-PB1,1699,1,2,0,2852,2855,C
2-PB1,1700,2829,0,1,0,2830,A
2-PB1,1701,2851,0,0,0,2851,A
2-PB1,1702,2868,0,0,0,2868,A
2-PB1,1703,0,2855,0,1,2856,T
2-PB1,1704,0,0,0,2874,2874,C
2-PB1,1705,1,0,2,2871,2874,C
2-PB1,1706,2854,0,2,0,2856,A
2-PB1,1707,1,3,2860,0,2864,G
2-PB1,1708,2847,0,3,0,2850,A
2-PB1,1709,1,2,0,2876,2879,C
2-PB1,1710,2,1,2874,0,2877,G
2-PB1,1711,2860,1,3,0,2864,A
2-PB1,1712,0,2,2868,1,2871,G
2-PB1,1713,2868,1,3,0,2872,A
2-PB1,1714,2873,0,2,0,2875,A
2-PB1,1715,1,1,2888,0,2890,G
2-PB1,1716,2878,0,3,0,2881,A
2-PB1,1717,1,2876,0,4,2881,T
2-PB1,1718,4,1,0,2854,2859,C
2-PB1,1719,2869,0,0,0,2869,A
2-PB1,1720,0,2857,0,0,2857,T
2-PB1,1721,0,2850,0,0,2850,T
2-PB1,1722,4,1,0,2856,2861,C
2-PB1,1723,1,5,2858,0,2864,G
2-PB1,1724,2844,0,0,0,2844,A
2-PB1,1725,0,0,2848,0,2848,G
2-PB1,1726,2823,1,1,0,2825,A
2-PB1,1727,0,2922,0,0,2922,T
2-PB1,1728,2937,0,2,0,2939,A
2-PB1,1729,2943,0,2,0,2945,A
2-PB1,1730,2945,0,2,1,2948,A
2-PB1,1731,1,0,2942,0,2943,G
2-PB1,1732,2947,0,1,0,2948,A
2-PB1,1733,2866,0,4,0,2870,A
2-PB1,1734,1,0,2892,0,2893,G
2-PB1,1735,1,0,0,2881,2882,C
2-PB1,1736,0,2865,0,1,2866,T
2-PB1,1737,8,0,2881,0,2889,G
2-PB1,1738,0,2859,0,1,2860,T
2-PB1,1739,0,4,2858,0,2862,G
2-PB1,1740,0,1,2873,0,2874,G
2-PB1,1741,1,0,2888,0,2889,G
2-PB1,1742,2900,0,1,0,2901,A
2-PB1,1743,0,2872,0,1,2873,T
2-PB1,1744,6,0,0,2856,2862,C
2-PB1,1745,2869,0,0,0,2869,A
2-PB1,1746,2887,0,0,0,2887,A
2-PB1,1747,2883,0,2,0,2885,A
2-PB1,1748,1,1,0,2892,2894,C
2-PB1,1749,2,0,0,2882,2884,C
2-PB1,1750,4,0,0,2868,2872,C
2-PB1,1751,2864,0,6,1,2871,A
2-PB1,1752,2909,0,0,0,2909,A
2-PB1,1753,0,2882,0,0,2882,T
2-PB1,1754,1,2,0,2915,2918,C
2-PB1,1755,2876,0,4,0,2880,A
2-PB1,1756,2852,0,2,0,2854,A
2-PB1,1757,0,4,2879,0,2883,G
2-PB1,1758,1,0,2874,0,2875,G
2-PB1,1759,1,1,2868,0,2870,G
2-PB1,1760,1,2,0,2878,2881,C
2-PB1,1761,2819,0,1,0,2820,A
2-PB1,1762,1,3,2894,0,2898,G
2-PB1,1763,1,5,2928,0,2934,G
2-PB1,1764,2930,0,1,0,2931,A
2-PB1,1765,1,0,0,2994,2995,C
2-PB1,1766,0,2943,0,1,2944,T
2-PB1,1767,3020,0,0,1,3021,A
2-PB1,1768,0,3011,0,5,3016,T
2-PB1,1769,0,3024,0,1,3025,T
2-PB1,1770,0,2,3028,0,3030,G
2-PB1,1771,1,0,3027,1,3029,G
2-PB1,1772,0,2964,0,3,2967,T
2-PB1,1773,2982,0,2,0,2984,A
2-PB1,1774,0,2919,1,2,2922,T
2-PB1,1775,1,2,0,2943,2946,C
2-PB1,1776,2889,0,3,0,2892,A
2-PB1,1777,1,0,2911,0,2912,G
2-PB1,1778,2901,0,3,0,2904,A
2-PB1,1779,0,2890,0,2,2892,T
2-PB1,1780,3,7,2755,0,2765,G
2-PB1,1781,2,4,2740,0,2746,G
2-PB1,1782,0,2,2745,0,2747,G
2-PB1,1783,0,0,2758,0,2758,G
2-PB1,1784,0,5,2745,0,2750,G
2-PB1,1785,2734,1,2,0,2737,A
2-PB1,1786,0,1,0,2727,2728,C
2-PB1,1787,3,0,0,2709,2712,C
2-PB1,1788,2722,0,0,1,2723,A
2-PB1,1789,2897,0,0,0,2897,A
2-PB1,1790,2883,0,1,0,2884,A
2-PB1,1791,0,2,0,2962,2964,C
2-PB1,1792,0,2925,0,2,2927,T
2-PB1,1793,0,2921,1,1,2923,T
2-PB1,1794,2947,0,0,0,2947,A
2-PB1,1795,0,2942,0,0,2942,T
2-PB1,1796,2944,0,1,0,2945,A
2-PB1,1797,0,1,0,2943,2944,C
2-PB1,1798,2748,0,0,0,2748,A
2-PB1,1799,2752,0,1,1,2754,A
2-PB1,1800,0,2694,0,1,2695,T
2-PB1,1801,2741,0,0,0,2741,A
2-PB1,1802,0,2733,0,0,2733,T
2-PB1,1803,3,1,0,2732,2736,C
2-PB1,1804,0,0,1,2732,2733,C
2-PB1,1805,2,2,2732,0,2736,G
2-PB1,1806,1,0,2744,0,2745,G
2-PB1,1807,2746,0,1,0,2747,A
2-PB1,1808,2746,0,0,0,2746,A
2-PB1,1809,0,2749,0,0,2749,T
2-PB1,1810,1,0,0,2748,2749,C
2-PB1,1811,0,2730,0,6,2736,T
2-PB1,1812,1,2749,0,2,2752,T
2-PB1,1813,0,2,1,2751,2754,C
2-PB1,1814,2749,0,1,0,2750,A
2-PB1,1815,0,0,0,2786,2786,C
2-PB1,1816,2777,0,2,0,2779,A
2-PB1,1817,0,2979,0,1,2980,T
2-PB1,1818,1,188,0,2785,2974,C
2-PB1,1819,4,1,0,3015,3020,C
2-PB1,1820,2,1,0,3030,3033,C
2-PB1,1821,1,3019,0,9,3029,T
2-PB1,1822,1,0,3059,0,3060,G
2-PB1,1823,3057,0,0,0,3057,A
2-PB1,1824,3055,0,3,0,3058,A
2-PB1,1825,1,0,3066,0,3067,G
2-PB1,1826,0,2850,0,1,2851,T
2-PB1,1827,197,0,0,2667,2864,C
2-PB1,1828,0,2821,0,0,2821,T
2-PB1,1829,1,1,2887,0,2889,G
2-PB1,1830,0,1,0,2883,2884,C
2-PB1,1831,0,2889,1,4,2894,T
2-PB1,1832,0,2888,0,2,2890,T
2-PB1,1833,2871,0,0,0,2871,A
2-PB1,1834,2870,0,0,0,2870,A
2-PB1,1835,2868,0,1,1,2870,A
2-PB1,1836,2,0,2901,0,2903,G
2-PB1,1837,0,2853,0,1,2854,T
2-PB1,1838,0,4,2814,0,2818,G
2-PB1,1839,2,0,2809,0,2811,G
2-PB1,1840,1,3,2814,0,2818,G
2-PB1,1841,2803,0,4,0,2807,A
2-PB1,1842,1,0,2831,0,2832,G
2-PB1,1843,2,1,0,2803,2806,C
2-PB1,1844,1,2820,1,1,2823,T
2-PB1,1845,1,2,2832,0,2835,G
2-PB1,1846,2815,0,3,0,2818,A
2-PB1,1847,0,2825,0,1,2826,T
2-PB1,1848,0,2,2844,0,2846,G
2-PB1,1849,1,1,2848,0,2850,G
2-PB1,1850,2828,0,4,0,2832,A
2-PB1,1851,0,2835,1,1,2837,T
2-PB1,1852,1,5,2829,1,2836,G
2-PB1,1853,2818,2,2,0,2822,A
2-PB1,1854,0,5,2855,0,2860,G
2-PB1,1855,2871,0,1,0,2872,A
2-PB1,1856,2863,0,0,0,2863,A
2-PB1,1857,0,2852,0,0,2852,T
2-PB1,1858,1,2827,0,1,2829,T
2-PB1,1859,2832,0,0,0,2832,A
2-PB1,1860,1,2812,0,1,2814,T
2-PB1,1861,1,1,0,2834,2836,C
2-PB1,1862,2,1,2842,0,2845,G
2-PB1,1863,0,1,2824,0,2825,G
2-PB1,1864,0,1,2827,0,2828,G
2-PB1,1865,0,1,2827,0,2828,G
2-PB1,1866,2826,1,1,0,2828,A
2-PB1,1867,2832,0,6,1,2839,A
2-PB1,1868,0,3,2842,0,2845,G
2-PB1,1869,2835,0,2,0,2837,A
2-PB1,1870,1,0,0,2873,2874,C
2-PB1,1871,0,2839,0,2,2841,T
2-PB1,1872,0,2906,0,2,2908,T
2-PB1,1873,1,2916,0,1,2918,T
2-PB1,1874,1,0,2917,0,2918,G
2-PB1,1875,1,2919,0,1,2921,T
2-PB1,1876,2912,1,1,0,2914,A
2-PB1,1877,2898,0,2,0,2900,A
2-PB1,1878,0,2890,0,2,2892,T
2-PB1,1879,0,0,0,2938,2938,C
2-PB1,1880,3,0,1,2919,2923,C
2-PB1,1881,2,1,0,2874,2877,C
2-PB1,1882,2676,1,0,204,2881,A
2-PB1,1883,0,2906,0,2,2908,T
2-PB1,1884,0,4,2903,0,2907,G
2-PB1,1885,2900,0,1,0,2901,A
2-PB1,1886,2903,0,1,0,2904,A
2-PB1,1887,0,2852,0,2,2854,T
2-PB1,1888,0,0,0,2837,2837,C
2-PB1,1889,4,0,0,2808,2812,C
2-PB1,1890,1,1,0,2788,2790,C
2-PB1,1891,0,2804,0,3,2807,T
2-PB1,1892,0,2816,0,2,2818,T
2-PB1,1893,0,2811,0,1,2812,T
2-PB1,1894,1,0,2800,0,2801,G
2-PB1,1895,0,2786,0,2,2788,T
2-PB1,1896,7,1,0,2770,2778,C
2-PB1,1897,2741,0,4,0,2745,A
2-PB1,1898,0,1,2781,0,2782,G
2-PB1,1899,1,1,0,2774,2776,C
2-PB1,1900,4,1,0,2768,2773,C
2-PB1,1901,2792,0,1,0,2793,A
2-PB1,1902,0,2793,0,2,2795,T
2-PB1,1903,2796,0,1,0,2797,A
2-PB1,1904,2795,0,1,0,2796,A
2-PB1,1905,2799,0,2,0,2801,A
2-PB1,1906,0,3,2833,0,2836,G
2-PB1,1907,2766,0,2,1,2769,A
2-PB1,1908,2775,0,4,1,2780,A
2-PB1,1909,2774,0,3,1,2778,A
2-PB1,1910,1,2758,0,0,2759,T
2-PB1,1911,1,2768,0,0,2769,T
2-PB1,1912,0,1,2773,0,2774,G
2-PB1,1913,2741,0,5,0,2746,A
2-PB1,1914,163,0,2613,0,2776,G
2-PB1,1915,0,2792,0,5,2797,T
2-PB1,1916,2,1,0,2822,2825,C
2-PB1,1917,0,2821,0,0,2821,T
2-PB1,1918,0,0,2868,0,2868,G
2-PB1,1919,1,2857,0,2,2860,T
2-PB1,1920,2901,0,2,1,2904,A
2-PB1,1921,2899,0,3,1,2903,A
2-PB1,1922,2895,1,0,0,2896,A
2-PB1,1923,0,1,0,2918,2919,C
2-PB1,1924,2805,0,0,1,2806,A
2-PB1,1925,2867,0,0,0,2867,A
2-PB1,1926,0,2859,0,1,2860,T
2-PB1,1927,1,0,2843,0,2844,G
2-PB1,1928,0,0,0,2870,2870,C
2-PB1,1929,0,2861,0,1,2862,T
2-PB1,1930,1,1,2944,0,2946,G
2-PB1,1931,1,2927,0,4,2932,T
2-PB1,1932,2990,0,1,0,2991,A
2-PB1,1933,3,0,2992,0,2995,G
2-PB1,1934,0,2928,0,0,2928,T
2-PB1,1935,2924,1,0,0,2925,A
2-PB1,1936,2889,0,4,0,2893,A
2-PB1,1937,0,2857,0,3,2860,T
2-PB1,1938,0,0,2852,1,2853,G
2-PB1,1939,0,0,0,2809,2809,C
2-PB1,1940,3,1,0,2789,2793,C
2-PB1,1941,2736,0,0,0,2736,A
2-PB1,1942,1,2,2752,0,2755,G
2-PB1,1943,0,0,0,2818,2818,C
2-PB1,1944,1,1,0,2805,2807,C
2-PB1,1945,5,0,0,2813,2818,C
2-PB1,1946,2806,1,5,1,2813,A
2-PB1,1947,0,2811,0,5,2816,T
2-PB1,1948,0,2,2803,0,2805,G
2-PB1,1949,0,0,2807,0,2807,G
2-PB1,1950,0,2780,0,5,2785,T
2-PB1,1951,2,0,0,2767,2769,C
2-PB1,1952,2,2,0,2693,2697,C
2-PB1,1953,1,1,2726,0,2728,G
2-PB1,1954,2,0,2731,0,2733,G
2-PB1,1955,2,0,0,2718,2720,C
2-PB1,1956,3,2,0,2724,2729,C
2-PB1,1957,2738,0,0,0,2738,A
2-PB1,1958,2739,0,0,1,2740,A
2-PB1,1959,2739,0,0,0,2739,A
2-PB1,1960,2748,0,1,0,2749,A
2-PB1,1961,0,0,2796,0,2796,G
2-PB1,1962,0,2683,0,0,2683,T
2-PB1,1963,2725,0,1,0,2726,A
2-PB1,1964,0,2710,0,2,2712,T
2-PB1,1965,1,2,2726,0,2729,G
2-PB1,1966,1,0,2775,0,2776,G
2-PB1,1967,2761,0,3,1,2765,A
2-PB1,1968,2789,0,2,0,2791,A
2-PB1,1969,0,2781,0,1,2782,T
2-PB1,1970,2736,0,0,0,2736,A
2-PB1,1971,0,2732,0,1,2733,T
2-PB1,1972,0,2,2699,0,2701,G
2-PB1,1973,2716,0,1,1,2718,A
2-PB1,1974,0,2696,0,1,2697,T
2-PB1,1975,1,0,2618,0,2619,G
2-PB1,1976,2,0,0,2628,2630,C
2-PB1,1977,1,3,0,2602,2606,C
2-PB1,1978,2,0,2614,0,2616,G
2-PB1,1979,0,2614,0,3,2617,T
2-PB1,1980,0,2611,0,1,2612,T
2-PB1,1981,0,0,2609,0,2609,G
2-PB1,1982,1,1,0,2660,2662,C
2-PB1,1983,2665,0,0,0,2665,A
2-PB1,1984,2703,0,2,0,2705,A
2-PB1,1985,0,0,0,2705,2705,C
2-PB1,1986,0,2683,1,0,2684,T
2-PB1,1987,2677,0,0,1,2678,A
2-PB1,1988,0,0,0,2679,2679,C
2-PB1,1989,2663,0,2,0,2665,A
2-PB1,1990,0,0,0,2670,2670,C
2-PB1,1991,2546,0,1,0,2547,A
2-PB1,1992,0,0,0,2770,2770,C
2-PB1,1993,0,2692,0,4,2696,T
2-PB1,1994,2,0,0,2710,2712,C
2-PB1,1995,3,2,0,2706,2711,C
2-PB1,1996,0,2690,1,0,2691,T
2-PB1,1997,0,2,2701,0,2703,G
2-PB1,1998,0,1,2690,0,2691,G
2-PB1,1999,2695,0,0,0,2695,A
2-PB1,2000,0,2699,0,0,2699,T
2-PB1,2001,0,2419,0,2,2421,T
2-PB1,2002,2,0,0,2457,2459,C
2-PB1,2003,3,0,0,2444,2447,C
2-PB1,2004,0,1,0,2479,2480,C
2-PB1,2005,2484,0,0,0,2484,A
2-PB1,2006,2481,0,2,0,2483,A
2-PB1,2007,0,1,2490,0,2491,G
2-PB1,2008,2476,0,4,0,2480,A
2-PB1,2009,0,1,2469,0,2470,G
2-PB1,2010,0,4,2458,0,2462,G
2-PB1,2011,2424,0,1,0,2425,A
2-PB1,2012,2419,0,3,0,2422,A
2-PB1,2013,0,1,0,2413,2414,C
2-PB1,2014,1,1,0,2398,2400,C
2-PB1,2015,1,0,2445,0,2446,G
2-PB1,2016,1,0,0,2443,2444,C
2-PB1,2017,0,2425,0,5,2430,T
2-PB1,2018,3,0,0,2443,2446,C
2-PB1,2019,0,2428,0,2,2430,T
2-PB1,2020,2615,0,1,0,2616,A
2-PB1,2021,0,2617,0,3,2620,T
2-PB1,2022,0,2617,0,1,2618,T
2-PB1,2023,3,0,0,2642,2645,C
2-PB1,2024,0,2555,0,1,2556,T
2-PB1,2025,2560,2,0,0,2562,A
2-PB1,2026,2558,1,1,0,2560,A
2-PB1,2027,2552,0,2,0,2554,A
2-PB1,2028,0,1,0,2546,2547,C
2-PB1,2029,2370,0,0,0,2370,A
2-PB1,2030,0,0,0,2369,2369,C
2-PB1,2031,2325,1,0,1,2327,A
2-PB1,2032,2340,0,5,0,2345,A
2-PB1,2033,0,1,2348,0,2349,G
2-PB1,2034,0,0,0,2348,2348,C
2-PB1,2035,0,2,0,2353,2355,C
2-PB1,2036,2319,0,0,0,2319,A
2-PB1,2037,2316,0,0,0,2316,A
2-PB1,2038,2320,1,0,2,2323,A
2-PB1,2039,1,1,2344,0,2346,G
2-PB1,2040,1,2,2336,0,2339,G
2-PB1,2041,1,1,2294,0,2296,G
2-PB1,2042,3,1,2302,0,2306,G
2-PB1,2043,2294,0,3,0,2297,A
2-PB1,2044,2293,0,0,0,2293,A
2-PB1,2045,0,2301,0,0,2301,T
2-PB1,2046,0,2302,0,2,2304,T
2-PB1,2047,4,0,0,2308,2312,C
2-PB1,2048,0,2297,0,4,2301,T
2-PB1,2049,0,2306,0,0,2306,T
2-PB1,2050,1,0,2302,0,2303,G
2-PB1,2051,2297,0,4,0,2301,A
2-PB1,2052,0,0,2307,0,2307,G
2-PB1,2053,1,0,2307,0,2308,G
2-PB1,2054,2303,0,0,1,2304,A
2-PB1,2055,0,2282,1,2,2285,T
2-PB1,2056,1,3,2292,0,2296,G
2-PB1,2057,2282,0,4,0,2286,A
2-PB1,2058,2291,0,3,0,2294,A
2-PB1,2059,0,1,0,2306,2307,C
2-PB1,2060,2278,0,1,0,2279,A
2-PB1,2061,2,1,2318,0,2321,G
2-PB1,2062,2298,0,2,0,2300,A
2-PB1,2063,0,2295,1,1,2297,T
2-PB1,2064,5,0,2297,0,2302,G
2-PB1,2065,0,2341,1,3,2345,T
2-PB1,2066,2339,1,1,0,2341,A
2-PB1,2067,0,1,0,2337,2338,C
2-PB1,2068,2,1,0,2316,2319,C
2-PB1,2069,2299,0,0,0,2299,A
2-PB1,2070,0,0,2264,0,2264,G
2-PB1,2071,2230,0,1,0,2231,A
2-PB1,2072,2215,0,2,0,2217,A
2-PB1,2073,0,0,2227,0,2227,G
2-PB1,2074,0,2060,0,4,2064,T
2-PB1,2075,0,0,2088,0,2088,G
2-PB1,2076,0,1,0,2072,2073,C
2-PB1,2077,0,2074,2,2,2078,T
2-PB1,2078,0,0,2079,0,2079,G
2-PB1,2079,0,0,0,2077,2077,C
2-PB1,2080,2084,0,1,0,2085,A
2-PB1,2081,2077,1,0,0,2078,A
2-PB1,2082,0,0,0,2046,2046,C
2-PB1,2083,1,2032,1,2,2036,T
2-PB1,2084,1,2010,1,0,2012,T
2-PB1,2085,0,0,2011,0,2011,G
2-PB1,2086,0,2005,0,2,2007,T
2-PB1,2087,0,1998,1,0,1999,T
2-PB1,2088,2,5,0,1993,2000,C
2-PB1,2089,0,1,2006,0,2007,G
2-PB1,2090,2005,1,0,0,2006,A
2-PB1,2091,1,2,2003,0,2006,G
2-PB1,2092,2010,0,0,0,2010,A
2-PB1,2093,2011,0,0,0,2011,A
2-PB1,2094,2007,0,1,0,2008,A
2-PB1,2095,0,1997,1,0,1998,T
2-PB1,2096,0,2001,0,0,2001,T
2-PB1,2097,0,2003,0,1,2004,T
2-PB1,2098,0,1993,0,3,1996,T
2-PB1,2099,0,1990,0,5,1995,T
2-PB1,2100,3,0,0,2001,2004,C
2-PB1,2101,1,0,0,2003,2004,C
2-PB1,2102,7,0,0,2009,2016,C
2-PB1,2103,0,2022,1,1,2024,T
2-PB1,2104,2018,0,0,0,2018,A
2-PB1,2105,0,0,2032,0,2032,G
2-PB1,2106,0,2015,0,2,2017,T
2-PB1,2107,2049,0,0,0,2049,A
2-PB1,2108,0,0,2063,0,2063,G
2-PB1,2109,0,2041,0,1,2042,T
2-PB1,2110,0,2111,0,2,2113,T
2-PB1,2111,1,0,0,2122,2123,C
2-PB1,2112,2166,0,2,0,2168,A
2-PB1,2113,0,2175,0,1,2176,T
2-PB1,2114,2196,0,1,0,2197,A
2-PB1,2115,0,2194,1,0,2195,T
2-PB1,2116,2107,0,1,0,2108,A
2-PB1,2117,0,0,2098,0,2098,G
2-PB1,2118,2,2,2083,0,2087,G
2-PB1,2119,1856,0,2,0,1858,A
2-PB1,2120,1,1,1856,0,1858,G
2-PB1,2121,1745,0,2,0,1747,A
2-PB1,2122,0,1,0,1737,1738,C
2-PB1,2123,0,0,0,1666,1666,C
2-PB1,2124,1,2,1662,0,1665,G
2-PB1,2125,1661,0,1,0,1662,A
2-PB1,2126,0,1658,0,0,1658,T
2-PB1,2127,0,1658,0,1,1659,T
2-PB1,2128,0,1,1655,0,1656,G
2-PB1,2129,0,1,1652,0,1653,G
2-PB1,2130,1653,0,2,0,1655,A
2-PB1,2131,1661,0,1,0,1662,A
2-PB1,2132,0,1636,0,1,1637,T
2-PB1,2133,0,1655,0,1,1656,T
2-PB1,2134,0,1641,0,2,1643,T
2-PB1,2135,1,0,0,1642,1643,C
2-PB1,2136,0,1645,0,1,1646,T
2-PB1,2137,1649,0,0,0,1649,A
2-PB1,2138,0,0,1649,0,1649,G
2-PB1,2139,0,1,0,1636,1637,C
2-PB1,2140,1638,0,0,0,1638,A
2-PB1,2141,0,1634,0,1,1635,T
2-PB1,2142,1,0,1606,0,1607,G
2-PB1,2143,0,0,1656,0,1656,G
2-PB1,2144,0,1640,0,1,1641,T
2-PB1,2145,0,0,1650,0,1650,G
2-PB1,2146,1,1,1642,0,1644,G
2-PB1,2147,1613,1,2,0,1616,A
2-PB1,2148,0,2,1624,0,1626,G
2-PB1,2149,0,0,1605,0,1605,G
2-PB1,2150,0,1,0,1559,1560,C
2-PB1,2151,0,0,0,1580,1580,C
2-PB1,2152,1474,0,2,0,1476,A
2-PB1,2153,1,1470,0,0,1471,T
2-PB1,2154,1,1,1484,0,1486,G
2-PB1,2155,0,0,1493,0,1493,G
2-PB1,2156,0,1464,0,3,1467,T
2-PB1,2157,1,0,1483,0,1484,G
2-PB1,2158,0,1451,0,3,1454,T
2-PB1,2159,2,0,0,1438,1440,C
2-PB1,2160,0,1451,0,2,1453,T
2-PB1,2161,1428,0,0,0,1428,A
2-PB1,2162,0,0,1426,0,1426,G
2-PB1,2163,0,0,1394,0,1394,G
2-PB1,2164,0,0,1375,0,1375,G
2-PB1,2165,0,0,0,1331,1331,C
2-PB1,2166,1,2,0,1257,1260,C
2-PB1,2167,2,1,0,1237,1240,C
2-PB1,2168,2,0,1236,0,1238,G
2-PB1,2169,0,1,1254,0,1255,G
2-PB1,2170,1252,0,0,0,1252,A
2-PB1,2171,0,1249,0,0,1249,T
2-PB1,2172,0,1199,0,0,1199,T
2-PB1,2173,0,0,1201,0,1201,G
2-PB1,2174,1196,0,0,0,1196,A
2-PB1,2175,0,1193,0,0,1193,T
2-PB1,2176,2,0,1195,0,1197,G
2-PB1,2177,0,1,0,1182,1183,C
2-PB1,2178,2,0,0,1171,1173,C
2-PB1,2179,1159,0,0,1,1160,A
2-PB1,2180,1,1,1168,0,1170,G
2-PB1,2181,1168,0,0,0,1168,A
2-PB1,2182,1170,0,0,0,1170,A
2-PB1,2183,0,1163,0,1,1164,T
2-PB1,2184,0,1146,0,2,1148,T
2-PB1,2185,0,2,1147,0,1149,G
2-PB1,2186,1132,0,0,0,1132,A
2-PB1,2187,0,1,0,1141,1142,C
2-PB1,2188,0,1136,0,1,1137,T
2-PB1,2189,0,1117,0,0,1117,T
2-PB1,2190,0,0,0,1125,1125,C
2-PB1,2191,0,1,1123,0,1124,G
2-PB1,2192,1126,0,0,0,1126,A
2-PB1,2193,0,0,1102,0,1102,G
2-PB1,2194,0,1102,0,2,1104,T
2-PB1,2195,1,0,0,1110,1111,C
2-PB1,2196,0,1116,0,0,1116,T
2-PB1,2197,0,0,1113,0,1113,G
2-PB1,2198,1,1,1113,0,1115,G
2-PB1,2199,1108,0,1,0,1109,A
2-PB1,2200,1018,0,2,0,1020,A
2-PB1,2201,0,0,1028,0,1028,G
2-PB1,2202,0,1,1031,0,1032,G
2-PB1,2203,1030,0,2,0,1032,A
2-PB1,2204,0,1025,0,0,1025,T
2-PB1,2205,0,1028,0,4,1032,T
2-PB1,2206,1026,0,2,0,1028,A
2-PB1,2207,1023,0,2,0,1025,A
2-PB1,2208,0,0,1029,0,1029,G
2-PB1,2209,1028,0,1,0,1029,A
2-PB1,2210,980,0,3,0,983,A
2-PB1,2211,0,0,903,0,903,G
2-PB1,2212,0,2,902,0,904,G
2-PB1,2213,906,0,0,0,906,A
2-PB1,2214,900,0,2,0,902,A
2-PB1,2215,1,1,902,0,904,G
2-PB1,2216,849,0,1,0,850,A
2-PB1,2217,1,0,855,0,856,G
2-PB1,2218,0,823,0,1,824,T
2-PB1,2219,0,810,0,0,810,T
2-PB1,2220,1,0,0,821,822,C
2-PB1,2221,0,790,0,1,791,T
2-PB1,2222,1,0,0,794,795,C
2-PB1,2223,0,791,0,1,792,T
2-PB1,2224,0,1,785,0,786,G
2-PB1,2225,763,0,0,1,764,A
2-PB1,2226,0,1,755,0,756,G
2-PB1,2227,747,0,0,0,747,A
2-PB1,2228,0,717,0,3,720,T
2-PB1,2229,3,0,0,657,660,C
2-PB1,2230,662,0,0,0,662,A
2-PB1,2231,0,659,0,0,659,T
2-PB1,2232,0,1,656,0,657,G
2-PB1,2233,655,0,0,0,655,A
2-PB1,2234,648,0,1,0,649,A
2-PB1,2235,0,0,640,0,640,G
2-PB1,2236,623,0,0,0,623,A
2-PB1,2237,0,615,0,0,615,T
2-PB1,2238,0,0,0,618,618,C
2-PB1,2239,0,577,0,1,578,T
2-PB1,2240,0,1,586,0,587,G
2-PB1,2241,0,582,0,0,582,T
2-PB1,2242,0,578,0,1,579,T
2-PB1,2243,3,0,0,569,572,C
2-PB1,2244,0,0,0,545,545,C
2-PB1,2245,540,0,1,0,541,A
2-PB1,2246,0,0,0,540,540,C
2-PB1,2247,0,0,0,519,519,C
2-PB1,2248,506,0,0,0,506,A
2-PB1,2249,0,475,0,0,475,T
2-PB1,2250,0,449,0,1,450,T
2-PB1,2251,0,0,450,0,450,G
2-PB1,2252,446,0,1,0,447,A
2-PB1,2253,446,0,0,0,446,A
2-PB1,2254,0,0,442,0,442,G
2-PB1,2255,374,0,0,0,374,A
2-PB1,2256,375,0,0,0,375,A
2-PB1,2257,0,0,0,370,370,C
2-PB1,2258,0,358,0,0,358,T
2-PB1,2259,0,0,0,357,357,C
2-PB1,2260,341,0,0,0,341,A
2-PB1,2261,1,0,340,0,341,G
2-PB1,2262,340,0,0,0,340,A
2-PB1,2263,0,0,0,326,326,C
2-PB1,2264,0,0,325,0,325,G
2-PB1,2265,1,0,315,0,316,G
2-PB1,2266,0,0,0,316,316,C
2-PB1,2267,317,0,0,0,317,A
2-PB1,2268,316,0,0,0,316,A
2-PB1,2269,313,0,0,0,313,A
2-PB1,2270,313,0,0,0,313,A
2-PB1,2271,312,1,0,0,313,A
2-PB1,2272,0,306,0,0,306,T
2-PB1,2273,295,0,0,0,295,A
2-PB1,2274,295,0,0,0,295,A
3-PA,1,180,0,0,0,180,A
3-PA,2,0,182,0,0,182,T
3-PA,3,0,0,194,0,194,G
3-PA,4,0,0,196,0,196,G
3-PA,5,194,0,0,0,194,A
3-PA,6,194,0,1,0,195,A
3-PA,7,0,0,198,0,198,G
3-PA,8,199,0,0,0,199,A
3-PA,9,0,200,0,0,200,T
3-PA,10,0,200,0,0,200,T
3-PA,11,0,206,0,0,206,T
3-PA,12,0,207,0,0,207,T
3-PA,13,0,0,210,0,210,G
3-PA,14,0,212,0,0,212,T
3-PA,15,0,0,213,0,213,G
3-PA,16,0,0,0,218,218,C
3-PA,17,0,0,219,0,219,G
3-PA,18,234,0,0,0,234,A
3-PA,19,0,0,0,241,241,C
3-PA,20,242,0,0,0,242,A
3-PA,21,244,0,0,0,244,A
3-PA,22,0,257,0,0,257,T
3-PA,23,0,1,294,0,295,G
3-PA,24,0,0,0,303,303,C
3-PA,25,0,304,0,1,305,T
3-PA,26,0,305,0,0,305,T
3-PA,27,0,0,0,306,306,C
3-PA,28,310,0,0,0,310,A
3-PA,29,322,0,0,0,322,A
3-PA,30,0,0,0,334,334,C
3-PA,31,0,0,0,333,333,C
3-PA,32,1,0,0,328,329,C
3-PA,33,0,0,339,0,339,G
3-PA,34,330,0,0,0,330,A
3-PA,35,1,333,0,0,334,T
3-PA,36,0,0,339,0,339,G
3-PA,37,345,0,0,0,345,A
3-PA,38,0,352,0,0,352,T
3-PA,39,0,355,0,0,355,T
3-PA,40,1,0,353,0,354,G
3-PA,41,0,347,0,2,349,T
3-PA,42,0,2,0,349,351,C
3-PA,43,0,0,353,0,353,G
3-PA,44,351,0,0,0,351,A
3-PA,45,359,0,0,0,359,A
3-PA,46,0,0,0,358,358,C
3-PA,47,0,358,0,1,359,T
3-PA,48,0,358,0,0,358,T
3-PA,49,0,0,360,0,360,G
3-PA,50,0,0,0,363,363,C
3-PA,51,358,0,2,0,360,A
3-PA,52,0,1,366,0,367,G
3-PA,53,366,0,0,0,366,A
3-PA,54,367,0,0,0,367,A
3-PA,55,367,0,0,0,367,A
3-PA,56,367,0,0,0,367,A
3-PA,57,373,0,0,0,373,A
3-PA,58,0,0,377,0,377,G
3-PA,59,0,0,0,395,395,C
3-PA,60,395,0,0,0,395,A
3-PA,61,418,0,0,0,418,A
3-PA,62,0,416,0,1,417,T
3-PA,63,0,0,432,0,432,G
3-PA,64,436,0,1,0,437,A
3-PA,65,437,0,0,0,437,A
3-PA,66,435,0,1,0,436,A
3-PA,67,0,2,471,0,473,G
3-PA,68,495,0,0,0,495,A
3-PA,69,1,0,596,0,597,G
3-PA,70,0,590,0,0,590,T
3-PA,71,600,0,1,0,601,A
3-PA,72,0,595,0,0,595,T
3-PA,73,0,1,601,0,602,G
3-PA,74,0,1,605,0,606,G
3-PA,75,0,1,605,0,606,G
3-PA,76,1,1,605,0,607,G
3-PA,77,595,0,1,0,596,A
3-PA,78,0,1,592,0,593,G
3-PA,79,0,0,599,0,599,G
3-PA,80,592,0,0,0,592,A
3-PA,81,0,600,0,0,600,T
3-PA,82,0,0,0,607,607,C
3-PA,83,1,602,0,0,603,T
3-PA,84,0,0,610,0,610,G
3-PA,85,608,0,0,0,608,A
3-PA,86,608,0,0,0,608,A
3-PA,87,614,0,1,0,615,A
3-PA,88,609,0,0,0,609,A
3-PA,89,0,609,0,0,609,T
3-PA,90,0,603,0,1,604,T
3-PA,91,1,2,603,0,606,G
3-PA,92,602,1,0,0,603,A
3-PA,93,604,0,0,0,604,A
3-PA,94,606,0,0,0,606,A
3-PA,95,0,0,0,605,605,C
3-PA,96,609,0,0,0,609,A
3-PA,97,610,0,0,0,610,A
3-PA,98,611,0,0,0,611,A
3-PA,99,0,2,0,617,619,C
3-PA,100,615,0,0,0,615,A
3-PA,101,621,0,1,0,622,A
3-PA,102,621,0,0,0,621,A
3-PA,103,0,624,0,0,624,T
3-PA,104,0,625,0,0,625,T
3-PA,105,0,625,0,0,625,T
3-PA,106,0,0,627,0,627,G
3-PA,107,0,0,0,630,630,C
3-PA,108,629,0,1,0,630,A
3-PA,109,0,1,649,0,650,G
3-PA,110,0,0,0,656,656,C
3-PA,111,683,0,0,0,683,A
3-PA,112,690,0,0,0,690,A
3-PA,113,0,694,0,0,694,T
3-PA,114,698,0,1,0,699,A
3-PA,115,0,704,0,1,705,T
3-PA,116,0,0,711,0,711,G
3-PA,117,0,0,0,711,711,C
3-PA,118,711,0,0,0,711,A
3-PA,119,0,0,0,722,722,C
3-PA,120,0,717,0,0,717,T
3-PA,121,2,0,0,847,849,C
3-PA,122,866,0,1,0,867,A
3-PA,123,0,0,1,887,888,C
3-PA,124,0,881,0,2,883,T
3-PA,125,0,884,0,1,885,T
3-PA,126,0,0,884,0,884,G
3-PA,127,1,0,889,0,890,G
3-PA,128,885,0,0,0,885,A
3-PA,129,0,0,901,0,901,G
3-PA,130,0,0,889,0,889,G
3-PA,131,0,854,0,2,856,T
3-PA,132,0,0,899,0,899,G
3-PA,133,0,905,0,0,905,T
3-PA,134,0,0,938,0,938,G
3-PA,135,0,943,0,0,943,T
3-PA,136,0,932,0,1,933,T
3-PA,137,0,932,0,3,935,T
3-PA,138,0,0,0,947,947,C
3-PA,139,945,0,1,0,946,A
3-PA,140,0,949,0,0,949,T
3-PA,141,0,0,958,0,958,G
3-PA,142,0,944,0,0,944,T
3-PA,143,951,0,0,0,951,A
3-PA,144,0,949,0,0,949,T
3-PA,145,0,950,0,0,950,T
3-PA,146,1,0,0,947,948,C
3-PA,147,948,0,0,0,948,A
3-PA,148,0,1,950,0,951,G
3-PA,149,954,1,0,0,955,A
3-PA,150,0,946,0,1,947,T
3-PA,151,0,951,0,0,951,T
3-PA,152,0,942,0,0,942,T
3-PA,153,0,0,0,938,938,C
3-PA,154,1,0,0,950,951,C
3-PA,155,949,0,0,0,949,A
3-PA,156,0,951,0,0,951,T
3-PA,157,0,955,0,0,955,T
3-PA,158,0,954,0,0,954,T
3-PA,159,1,0,0,958,959,C
3-PA,160,957,0,0,0,957,A
3-PA,161,0,987,0,0,987,T
3-PA,162,0,0,0,990,990,C
3-PA,163,987,0,0,0,987,A
3-PA,164,984,0,0,0,984,A
3-PA,165,0,989,0,0,989,T
3-PA,166,1,2,1024,0,1027,G
3-PA,167,1028,0,2,0,1030,A
3-PA,168,1027,0,1,0,1028,A
3-PA,169,0,1,0,1027,1028,C
3-PA,170,1024,0,0,0,1024,A
3-PA,171,1025,0,1,0,1026,A
3-PA,172,1,2,1024,0,1027,G
3-PA,173,0,0,1025,0,1025,G
3-PA,174,0,0,0,1031,1031,C
3-PA,175,2,1,1016,0,1019,G
3-PA,176,1083,0,1,0,1084,A
3-PA,177,1084,0,1,0,1085,A
3-PA,178,0,1090,0,0,1090,T
3-PA,179,2,0,0,1098,1100,C
3-PA,180,1100,0,1,0,1101,A
3-PA,181,1100,0,2,0,1102,A
3-PA,182,0,1114,0,0,1114,T
3-PA,183,1113,0,0,0,1113,A
3-PA,184,1,0,1128,0,1129,G
3-PA,185,0,1126,0,1,1127,T
3-PA,186,1,0,1141,0,1142,G
3-PA,187,0,0,1144,0,1144,G
3-PA,188,0,1140,0,1,1141,T
3-PA,189,1135,1,0,0,1136,A
3-PA,190,0,3,1147,0,1150,G
3-PA,191,1143,0,0,0,1143,A
3-PA,192,1143,0,1,0,1144,A
3-PA,193,0,0,0,1141,1141,C
3-PA,194,0,1128,0,0,1128,T
3-PA,195,0,1124,0,1,1125,T
3-PA,196,0,1,1124,0,1125,G
3-PA,197,1121,0,1,0,1122,A
3-PA,198,0,1,0,1123,1124,C
3-PA,199,1,2,1115,0,1118,G
3-PA,200,1135,0,0,0,1135,A
3-PA,201,0,1154,0,2,1156,T
3-PA,202,2,0,0,1160,1162,C
3-PA,203,1,0,0,1174,1175,C
3-PA,204,1179,0,0,0,1179,A
3-PA,205,1178,0,0,0,1178,A
3-PA,206,1177,0,1,0,1178,A
3-PA,207,0,1176,0,3,1179,T
3-PA,208,0,0,1180,0,1180,G
3-PA,209,0,0,0,1171,1171,C
3-PA,210,1157,0,1,0,1158,A
3-PA,211,0,1,0,1193,1194,C
3-PA,212,0,1191,0,1,1192,T
3-PA,213,0,0,1387,0,1387,G
3-PA,214,0,1389,0,1,1390,T
3-PA,215,0,1387,0,0,1387,T
3-PA,216,1386,0,1,0,1387,A
3-PA,217,1387,0,0,0,1387,A
3-PA,218,1377,0,3,0,1380,A
3-PA,219,0,0,1383,0,1383,G
3-PA,220,1,0,0,1369,1370,C
3-PA,221,1351,0,0,0,1351,A
3-PA,222,0,1,0,1336,1337,C
3-PA,223,1249,0,1,0,1250,A
3-PA,224,1,0,1301,0,1302,G
3-PA,225,1299,0,0,0,1299,A
3-PA,226,0,1306,0,0,1306,T
3-PA,227,0,1305,0,0,1305,T
3-PA,228,0,1296,0,1,1297,T
3-PA,229,0,3,1300,0,1303,G
3-PA,230,1305,0,1,0,1306,A
3-PA,231,1308,0,2,1,1311,A
3-PA,232,1310,0,0,0,1310,A
3-PA,233,0,1285,0,0,1285,T
3-PA,234,1287,0,0,0,1287,A
3-PA,235,1300,0,0,0,1300,A
3-PA,236,0,1290,0,1,1291,T
3-PA,237,1,0,0,1297,1298,C
3-PA,238,1,2,1295,0,1298,G
3-PA,239,1286,0,1,0,1287,A
3-PA,240,0,3,1295,0,1298,G
3-PA,241,0,1,1315,0,1316,G
3-PA,242,0,1,1324,0,1325,G
3-PA,243,0,1,1315,0,1316,G
3-PA,244,1307,0,4,0,1311,A
3-PA,245,0,2,1321,0,1323,G
3-PA,246,1356,2,4,0,1362,A
3-PA,247,1,1,1362,0,1364,G
3-PA,248,1365,0,2,0,1367,A
3-PA,249,0,0,0,1370,1370,C
3-PA,250,1361,0,0,0,1361,A
3-PA,251,0,2,1366,0,1368,G
3-PA,252,1368,0,1,0,1369,A
3-PA,253,1396,0,0,0,1396,A
3-PA,254,1,0,0,1397,1398,C
3-PA,255,1354,0,2,0,1356,A
3-PA,256,1356,0,1,0,1357,A
3-PA,257,0,1353,0,0,1353,T
3-PA,258,0,2,1416,0,1418,G
3-PA,259,0,1,1416,0,1417,G
3-PA,260,0,0,0,1410,1410,C
3-PA,261,1,0,0,1408,1409,C
3-PA,262,0,1407,0,1,1408,T
3-PA,263,0,0,1441,0,1441,G
3-PA,264,1,1,1432,0,1434,G
3-PA,265,1434,0,2,0,1436,A
3-PA,266,0,1,0,1443,1444,C
3-PA,267,1371,0,2,1,1374,A
3-PA,268,0,0,1495,0,1495,G
3-PA,269,0,1499,0,0,1499,T
3-PA,270,1519,0,1,0,1520,A
3-PA,271,0,0,1525,0,1525,G
3-PA,272,0,1481,0,0,1481,T
3-PA,273,1492,0,0,0,1492,A
3-PA,274,1490,0,1,0,1491,A
3-PA,275,1474,0,2,0,1476,A
3-PA,276,0,0,1,1488,1489,C
3-PA,277,1390,0,0,0,1390,A
3-PA,278,0,1,1437,0,1438,G
3-PA,279,0,1410,0,0,1410,T
3-PA,280,1442,0,0,0,1442,A
3-PA,281,1,1435,0,0,1436,T
3-PA,282,1,0,0,1453,1454,C
3-PA,283,0,1450,0,0,1450,T
3-PA,284,3,0,1442,0,1445,G
3-PA,285,0,0,0,1453,1453,C
3-PA,286,1445,0,1,0,1446,A
3-PA,287,1438,0,2,0,1440,A
3-PA,288,1,0,0,1445,1446,C
3-PA,289,1430,0,0,0,1430,A
3-PA,290,0,0,0,1486,1486,C
3-PA,291,0,1471,0,0,1471,T
3-PA,292,1472,0,0,0,1472,A
3-PA,293,0,1,0,1471,1472,C
3-PA,294,1,1459,0,2,1462,T
3-PA,295,1,0,1456,0,1457,G
3-PA,296,0,1,1454,0,1455,G
3-PA,297,1454,0,0,0,1454,A
3-PA,298,0,0,1449,0,1449,G
3-PA,299,1,1,0,1388,1390,C
3-PA,300,0,1397,0,1,1398,T
3-PA,301,1,1,1390,0,1392,G
3-PA,302,1,4,1392,0,1397,G
3-PA,303,1389,1,1,0,1391,A
3-PA,304,1398,0,0,0,1398,A
3-PA,305,1391,0,0,0,1391,A
3-PA,306,1392,0,0,0,1392,A
3-PA,307,0,0,0,1399,1399,C
3-PA,308,2,1,0,1398,1401,C
3-PA,309,1,1,1400,0,1402,G
3-PA,310,1397,0,0,0,1397,A
3-PA,311,1393,0,1,1,1395,A
3-PA,312,0,0,1411,0,1411,G
3-PA,313,0,1399,0,0,1399,T
3-PA,314,0,1404,0,0,1404,T
3-PA,315,0,1404,0,1,1405,T
3-PA,316,0,1,0,1410,1411,C
3-PA,317,1,1425,0,1,1427,T
3-PA,318,1419,0,2,0,1421,A
3-PA,319,1,1,0,1420,1422,C
3-PA,320,1,0,0,1422,1423,C
3-PA,321,1411,0,1,0,1412,A
3-PA,322,0,2,1406,0,1408,G
3-PA,323,1401,0,0,0,1401,A
3-PA,324,0,0,0,1372,1372,C
3-PA,325,0,1443,0,0,1443,T
3-PA,326,0,1448,0,1,1449,T
3-PA,327,0,0,1474,0,1474,G
3-PA,328,0,1471,0,3,1474,T
3-PA,329,1479,0,1,0,1480,A
3-PA,330,0,1479,0,1,1480,T
3-PA,331,0,1,1458,0,1459,G
3-PA,332,1523,0,1,0,1524,A
3-PA,333,0,1494,1,0,1495,T
3-PA,334,0,1503,0,0,1503,T
3-PA,335,1498,0,1,0,1499,A
3-PA,336,0,0,0,1492,1492,C
3-PA,337,1489,0,1,0,1490,A
3-PA,338,1484,0,0,0,1484,A
3-PA,339,1,1,1484,0,1486,G
3-PA,340,1,0,1501,0,1502,G
3-PA,341,1436,0,2,0,1438,A
3-PA,342,1,0,1453,0,1454,G
3-PA,343,1449,0,3,0,1452,A
3-PA,344,1451,0,1,0,1452,A
3-PA,345,1,1,0,1450,1452,C
3-PA,346,1431,0,1,0,1432,A
3-PA,347,0,1,1437,0,1438,G
3-PA,348,1432,0,2,0,1434,A
3-PA,349,0,1418,0,0,1418,T
3-PA,350,0,1414,0,1,1415,T
3-PA,351,2,0,0,1392,1394,C
3-PA,352,1314,0,74,0,1388,A
3-PA,353,0,1386,0,0,1386,T
3-PA,354,0,1,0,1390,1391,C
3-PA,355,1,0,1394,0,1395,G
3-PA,356,1388,0,0,0,1388,A
3-PA,357,1394,0,0,0,1394,A
3-PA,358,1396,0,1,0,1397,A
3-PA,359,0,1385,0,0,1385,T
3-PA,360,0,1383,0,0,1383,T
3-PA,361,1,2,1388,0,1391,G
3-PA,362,1,1,1387,0,1389,G
3-PA,363,1,0,1393,0,1394,G
3-PA,364,1,0,1398,0,1399,G
3-PA,365,0,1369,0,1,1370,T
3-PA,366,0,7,1387,0,1394,G
3-PA,367,1404,0,2,0,1406,A
3-PA,368,0,0,0,1413,1413,C
3-PA,369,1431,0,3,0,1434,A
3-PA,370,1429,0,0,1,1430,A
3-PA,371,2,3,1469,0,1474,G
3-PA,372,1,0,1462,0,1463,G
3-PA,373,1461,0,2,0,1463,A
3-PA,374,0,2,1475,0,1477,G
3-PA,375,1435,0,4,0,1439,A
3-PA,376,0,0,1450,0,1450,G
3-PA,377,1424,0,0,0,1424,A
3-PA,378,1415,0,3,0,1418,A
3-PA,379,0,0,1456,0,1456,G
3-PA,380,0,1410,0,1,1411,T
3-PA,381,1,0,0,1445,1446,C
3-PA,382,1,0,0,1452,1453,C
3-PA,383,1464,0,2,0,1466,A
3-PA,384,0,1,0,1498,1499,C
3-PA,385,1525,0,1,0,1526,A
3-PA,386,0,1560,0,0,1560,T
3-PA,387,1591,0,0,0,1591,A
3-PA,388,0,1536,1,0,1537,T
3-PA,389,1534,0,0,0,1534,A
3-PA,390,0,1507,0,1,1508,T
3-PA,391,0,1500,0,1,1501,T
3-PA,392,1526,0,0,0,1526,A
3-PA,393,0,0,0,1533,1533,C
3-PA,394,1,0,0,1493,1494,C
3-PA,395,0,1467,0,3,1470,T
3-PA,396,0,1449,0,3,1452,T
3-PA,397,1,2,1467,0,1470,G
3-PA,398,1461,0,0,0,1461,A
3-PA,399,1466,0,0,0,1466,A
3-PA,400,1469,0,2,0,1471,A
3-PA,401,1388,0,1,0,1389,A
3-PA,402,0,0,1391,0,1391,G
3-PA,403,0,2,1397,0,1399,G
3-PA,404,0,0,0,1402,1402,C
3-PA,405,3,0,0,1396,1399,C
3-PA,406,1394,0,1,0,1395,A
3-PA,407,1384,0,0,0,1384,A
3-PA,408,0,1396,0,0,1396,T
3-PA,409,1396,0,0,0,1396,A
3-PA,410,1394,0,0,0,1394,A
3-PA,411,0,1,1414,0,1415,G
3-PA,412,1390,0,2,0,1392,A
3-PA,413,0,1394,0,0,1394,T
3-PA,414,0,1395,0,1,1396,T
3-PA,415,1395,0,0,0,1395,A
3-PA,416,1399,0,0,0,1399,A
3-PA,417,1402,0,0,0,1402,A
3-PA,418,0,1412,0,0,1412,T
3-PA,419,1,0,0,1411,1412,C
3-PA,420,0,1383,0,2,1385,T
3-PA,421,0,3,1396,0,1399,G
3-PA,422,1400,0,1,0,1401,A
3-PA,423,0,0,1413,0,1413,G
3-PA,424,1416,0,1,0,1417,A
3-PA,425,1412,0,2,0,1414,A
3-PA,426,0,0,0,1424,1424,C
3-PA,427,1414,1,0,0,1415,A
3-PA,428,0,1,0,1427,1428,C
3-PA,429,1426,0,1,0,1427,A
3-PA,430,0,2,0,1428,1430,C
3-PA,431,1419,0,1,0,1420,A
3-PA,432,0,1,0,1450,1451,C
3-PA,433,1442,0,1,0,1443,A
3-PA,434,0,1432,0,0,1432,T
3-PA,435,0,1427,0,2,1429,T
3-PA,436,2,1,0,1435,1438,C
3-PA,437,1426,0,1,0,1427,A
3-PA,438,0,1,0,1441,1442,C
3-PA,439,1434,0,1,0,1435,A
3-PA,440,0,1424,0,2,1426,T
3-PA,441,0,1373,0,0,1373,T
3-PA,442,0,1393,0,1,1394,T
3-PA,443,0,1393,0,1,1394,T
3-PA,444,0,0,0,1410,1410,C
3-PA,445,0,1403,0,1,1404,T
3-PA,446,3,1,1,1403,1408,C
3-PA,447,1413,0,0,0,1413,A
3-PA,448,0,1402,0,2,1404,T
3-PA,449,0,1425,0,0,1425,T
3-PA,450,1,2,0,1426,1429,C
3-PA,451,1413,0,1,0,1414,A
3-PA,452,0,0,0,1429,1429,C
3-PA,453,0,1405,0,1,1406,T
3-PA,454,1,1,1447,0,1449,G
3-PA,455,0,1,1440,0,1441,G
3-PA,456,0,0,1444,0,1444,G
3-PA,457,0,0,1461,0,1461,G
3-PA,458,1450,1,3,0,1454,A
3-PA,459,0,0,1457,0,1457,G
3-PA,460,0,2,1458,0,1460,G
3-PA,461,1451,0,1,0,1452,A
3-PA,462,1448,0,4,0,1452,A
3-PA,463,1426,0,1,0,1427,A
3-PA,464,0,1410,0,0,1410,T
3-PA,465,1,0,1412,0,1413,G
3-PA,466,0,0,1384,1,1385,G
3-PA,467,0,0,0,1395,1395,C
3-PA,468,0,1,0,1396,1397,C
3-PA,469,1398,0,0,0,1398,A
3-PA,470,1,0,0,1397,1398,C
3-PA,471,1403,0,0,0,1403,A
3-PA,472,1413,0,0,0,1413,A
3-PA,473,1430,0,1,0,1431,A
3-PA,474,0,1,1429,0,1430,G
3-PA,475,2,0,1429,0,1431,G
3-PA,476,0,1,0,1433,1434,C
3-PA,477,1364,0,75,1,1440,A
3-PA,478,1,1,1469,0,1471,G
3-PA,479,1465,0,1,0,1466,A
3-PA,480,0,1,0,1482,1483,C
3-PA,481,0,1465,0,2,1467,T
3-PA,482,1468,0,0,0,1468,A
3-PA,483,0,2,0,1455,1457,C
3-PA,484,1417,0,3,0,1420,A
3-PA,485,0,0,0,1445,1445,C
3-PA,486,0,1404,0,0,1404,T
3-PA,487,0,0,0,1421,1421,C
3-PA,488,0,1387,0,1,1388,T
3-PA,489,3,0,0,1391,1394,C
3-PA,490,1,5,1379,0,1385,G
3-PA,491,1381,0,0,0,1381,A
3-PA,492,0,0,0,1388,1388,C
3-PA,493,1,0,1398,0,1399,G
3-PA,494,1384,0,2,0,1386,A
3-PA,495,0,1,1399,0,1400,G
3-PA,496,0,0,1393,0,1393,G
3-PA,497,1390,0,1,1,1392,A
3-PA,498,1396,1,3,0,1400,A
3-PA,499,1401,0,2,0,1403,A
3-PA,500,0,0,1381,0,1381,G
3-PA,501,0,0,0,1391,1391,C
3-PA,502,1390,0,0,0,1390,A
3-PA,503,0,0,1420,0,1420,G
3-PA,504,0,0,1421,0,1421,G
3-PA,505,1,0,1422,0,1423,G
3-PA,506,1,0,0,1433,1434,C
3-PA,507,0,1425,0,1,1426,T
3-PA,508,1426,0,2,0,1428,A
3-PA,509,2,2,1462,0,1466,G
3-PA,510,1,0,1537,0,1538,G
3-PA,511,1548,0,2,0,1550,A
3-PA,512,0,1514,0,0,1514,T
3-PA,513,1,1488,0,1,1490,T
3-PA,514,1488,0,0,0,1488,A
3-PA,515,1495,0,2,0,1497,A
3-PA,516,1,0,1501,0,1502,G
3-PA,517,1495,0,1,0,1496,A
3-PA,518,0,0,0,1490,1490,C
3-PA,519,3,2,0,1377,1382,C
3-PA,520,1370,0,2,0,1372,A
3-PA,521,2,1,1377,0,1380,G
3-PA,522,0,0,1384,0,1384,G
3-PA,523,0,2,0,1380,1382,C
3-PA,524,0,1348,0,3,1351,T
3-PA,525,0,0,1398,0,1398,G
3-PA,526,0,1376,0,3,1379,T
3-PA,527,0,1389,0,0,1389,T
3-PA,528,0,1394,0,0,1394,T
3-PA,529,1378,1,1,0,1380,A
3-PA,530,1,0,0,1406,1407,C
3-PA,531,0,0,0,1384,1384,C
3-PA,532,1380,0,0,0,1380,A
3-PA,533,0,1378,0,2,1380,T
3-PA,534,1310,0,0,0,1310,A
3-PA,535,1307,0,2,0,1309,A
3-PA,536,0,1,1312,0,1313,G
3-PA,537,1319,0,0,0,1319,A
3-PA,538,0,1,0,1318,1319,C
3-PA,539,1290,0,0,0,1290,A
3-PA,540,1293,0,0,0,1293,A
3-PA,541,0,1,1303,0,1304,G
3-PA,542,1298,0,1,0,1299,A
3-PA,543,1303,0,0,0,1303,A
3-PA,544,1292,0,0,0,1292,A
3-PA,545,0,1262,0,0,1262,T
3-PA,546,0,1,1293,0,1294,G
3-PA,547,0,0,1297,0,1297,G
3-PA,548,1,0,0,1284,1285,C
3-PA,549,2,1,0,1293,1296,C
3-PA,550,1288,0,0,0,1288,A
3-PA,551,1307,0,1,0,1308,A
3-PA,552,0,0,0,1311,1311,C
3-PA,553,1311,0,0,0,1311,A
3-PA,554,0,0,1301,1,1302,G
3-PA,555,1279,0,1,0,1280,A
3-PA,556,0,0,1280,0,1280,G
3-PA,557,1,0,1276,0,1277,G
3-PA,558,1,1,0,1270,1272,C
3-PA,559,1,0,0,1291,1292,C
3-PA,560,0,1273,0,0,1273,T
3-PA,561,0,0,0,1286,1286,C
3-PA,562,0,1291,0,0,1291,T
3-PA,563,0,0,1283,0,1283,G
3-PA,564,0,0,1284,0,1284,G
3-PA,565,0,0,1262,0,1262,G
3-PA,566,1238,0,0,0,1238,A
3-PA,567,0,1190,0,2,1192,T
3-PA,568,0,1163,0,4,1167,T
3-PA,569,3,1,0,1266,1270,C
3-PA,570,1,0,0,1249,1250,C
3-PA,571,0,1249,0,0,1249,T
3-PA,572,0,1239,0,0,1239,T
3-PA,573,0,1237,0,0,1237,T
3-PA,574,1,0,0,1241,1242,C
3-PA,575,0,0,1241,0,1241,G
3-PA,576,0,1234,1,0,1235,T
3-PA,577,0,0,0,1241,1241,C
3-PA,578,1220,0,1,0,1221,A
3-PA,579,0,0,1379,0,1379,G
3-PA,580,0,1377,0,1,1378,T
3-PA,581,2,0,0,1370,1372,C
3-PA,582,0,2,0,1379,1381,C
3-PA,583,2,1,1395,0,1398,G
3-PA,584,1393,0,0,0,1393,A
3-PA,585,1396,0,1,0,1397,A
3-PA,586,1394,0,2,0,1396,A
3-PA,587,0,0,1414,0,1414,G
3-PA,588,1364,0,2,0,1366,A
3-PA,589,0,0,1382,0,1382,G
3-PA,590,0,0,1376,0,1376,G
3-PA,591,1,0,0,1383,1384,C
3-PA,592,1,1,1390,0,1392,G
3-PA,593,1392,0,0,0,1392,A
3-PA,594,1399,0,2,0,1401,A
3-PA,595,0,1,1415,0,1416,G
3-PA,596,1420,0,0,0,1420,A
3-PA,597,1412,0,1,0,1413,A
3-PA,598,1405,1,5,0,1411,A
3-PA,599,0,0,0,1429,1429,C
3-PA,600,1425,0,0,0,1425,A
3-PA,601,1427,0,2,0,1429,A
3-PA,602,0,1422,0,0,1422,T
3-PA,603,0,1418,0,2,1420,T
3-PA,604,0,0,1422,0,1422,G
3-PA,605,1410,0,1,0,1411,A
3-PA,606,1416,0,2,0,1418,A
3-PA,607,0,0,1421,0,1421,G
3-PA,608,1412,0,0,0,1412,A
3-PA,609,1419,0,0,0,1419,A
3-PA,610,1422,0,0,0,1422,A
3-PA,611,1417,0,0,0,1417,A
3-PA,612,1424,0,1,0,1425,A
3-PA,613,0,1416,0,0,1416,T
3-PA,614,0,1415,0,1,1416,T
3-PA,615,0,1420,1,0,1421,T
3-PA,616,0,2,1412,0,1414,G
3-PA,617,1414,0,1,0,1415,A
3-PA,618,1426,0,1,0,1427,A
3-PA,619,1425,0,0,0,1425,A
3-PA,620,0,1452,0,0,1452,T
3-PA,621,2,1,0,1589,1592,C
3-PA,622,1590,0,1,0,1591,A
3-PA,623,0,1,0,1617,1618,C
3-PA,624,1611,0,2,0,1613,A
3-PA,625,0,0,1646,0,1646,G
3-PA,626,1,1,1712,0,1714,G
3-PA,627,1740,0,1,0,1741,A
3-PA,628,1771,0,1,0,1772,A
3-PA,629,0,0,0,1797,1797,C
3-PA,630,0,1707,0,1,1708,T
3-PA,631,1846,0,0,0,1846,A
3-PA,632,0,1855,0,1,1856,T
3-PA,633,0,1,1944,0,1945,G
3-PA,634,0,2,0,1933,1935,C
3-PA,635,0,0,1911,0,1911,G
3-PA,636,1,1882,0,0,1883,T
3-PA,637,1881,0,1,0,1882,A
3-PA,638,0,1,1885,0,1886,G
3-PA,639,1,1,1869,0,1871,G
3-PA,640,0,0,0,1827,1827,C
3-PA,641,0,1817,0,3,1820,T
3-PA,642,1,1798,0,0,1799,T
3-PA,643,1,0,1789,0,1790,G
3-PA,644,0,1,0,1785,1786,C
3-PA,645,1,1,0,1788,1790,C
3-PA,646,0,4,1811,0,1815,G
3-PA,647,1798,0,1,0,1799,A
3-PA,648,0,1,0,1815,1816,C
3-PA,649,5,0,0,1812,1817,C
3-PA,650,1829,0,1,0,1830,A
3-PA,651,1825,0,0,0,1825,A
3-PA,652,1822,0,1,0,1823,A
3-PA,653,0,0,1849,1,1850,G
3-PA,654,0,1840,0,1,1841,T
3-PA,655,2,0,0,1855,1857,C
3-PA,656,0,1850,0,1,1851,T
3-PA,657,0,0,0,1854,1854,C
3-PA,658,0,0,0,1864,1864,C
3-PA,659,1,0,0,1876,1877,C
3-PA,660,1867,0,1,1,1869,A
3-PA,661,0,0,0,1888,1888,C
3-PA,662,3,0,0,1868,1871,C
3-PA,663,1,4,1871,0,1876,G
3-PA,664,1893,0,0,0,1893,A
3-PA,665,1898,0,0,0,1898,A
3-PA,666,0,0,0,1911,1911,C
3-PA,667,1,1883,0,2,1886,T
3-PA,668,0,1913,0,2,1915,T
3-PA,669,3,0,0,1954,1957,C
3-PA,670,0,1929,0,0,1929,T
3-PA,671,1,0,0,1947,1948,C
3-PA,672,2,0,0,1938,1940,C
3-PA,673,0,1913,0,3,1916,T
3-PA,674,0,0,1957,0,1957,G
3-PA,675,0,0,0,1950,1950,C
3-PA,676,1,0,0,1966,1967,C
3-PA,677,0,1937,0,3,1940,T
3-PA,678,0,1933,0,2,1935,T
3-PA,679,0,1,1939,0,1940,G
3-PA,680,1932,0,0,0,1932,A
3-PA,681,0,3,1950,0,1953,G
3-PA,682,1941,0,0,0,1941,A
3-PA,683,1956,0,0,0,1956,A
3-PA,684,0,1990,0,0,1990,T
3-PA,685,0,1999,0,0,1999,T
3-PA,686,0,1993,0,1,1994,T
3-PA,687,0,2005,0,0,2005,T
3-PA,688,1985,0,2,0,1987,A
3-PA,689,0,3,1987,0,1990,G
3-PA,690,1977,0,3,0,1980,A
3-PA,691,0,2,2051,0,2053,G
3-PA,692,0,0,0,2064,2064,C
3-PA,693,0,0,0,2092,2092,C
3-PA,694,1,2120,0,3,2124,T
3-PA,695,2215,0,0,0,2215,A
3-PA,696,0,2212,0,1,2213,T
3-PA,697,0,0,2228,0,2228,G
3-PA,698,0,2216,0,0,2216,T
3-PA,699,0,2,2233,0,2235,G
3-PA,700,1,0,2202,0,2203,G
3-PA,701,2187,0,3,0,2190,A
3-PA,702,0,2150,0,0,2150,T
3-PA,703,0,2,2116,1,2119,G
3-PA,704,0,1,2147,0,2148,G
3-PA,705,2148,0,0,0,2148,A
3-PA,706,0,2123,0,1,2124,T
3-PA,707,0,2137,0,0,2137,T
3-PA,708,6,0,0,2124,2130,C
3-PA,709,0,5,2117,0,2122,G
3-PA,710,2135,0,1,0,2136,A
3-PA,711,2127,0,1,0,2128,A
3-PA,712,0,1,0,2145,2146,C
3-PA,713,2,0,0,2094,2096,C
3-PA,714,0,1,2103,0,2104,G
3-PA,715,2086,0,2,0,2088,A
3-PA,716,2096,0,3,0,2099,A
3-PA,717,0,0,0,2123,2123,C
3-PA,718,2,0,2104,0,2106,G
3-PA,719,0,1,2155,0,2156,G
3-PA,720,0,1,0,2172,2173,C
3-PA,721,0,2159,0,2,2161,T
3-PA,722,1,1,2219,0,2221,G
3-PA,723,0,0,0,2230,2230,C
3-PA,724,2248,0,1,0,2249,A
3-PA,725,0,2245,0,0,2245,T
3-PA,726,0,2227,0,0,2227,T
3-PA,727,1,0,2223,0,2224,G
3-PA,728,2147,1,4,0,2152,A
3-PA,729,2,4,2172,0,2178,G
3-PA,730,0,0,2184,0,2184,G
3-PA,731,0,0,2156,0,2156,G
3-PA,732,0,1,0,2154,2155,C
3-PA,733,2131,0,0,0,2131,A
3-PA,734,2140,0,0,0,2140,A
3-PA,735,0,0,2144,0,2144,G
3-PA,736,0,0,0,2148,2148,C
3-PA,737,0,2152,0,3,2155,T
3-PA,738,0,2143,0,1,2144,T
3-PA,739,0,2151,0,2,2153,T
3-PA,740,0,0,0,2145,2145,C
3-PA,741,1,2142,0,4,2147,T
3-PA,742,1,0,0,2160,2161,C
3-PA,743,2155,0,2,0,2157,A
3-PA,744,2135,0,0,0,2135,A
3-PA,745,2130,0,0,0,2130,A
3-PA,746,0,2107,0,1,2108,T
3-PA,747,2,0,2167,0,2169,G
3-PA,748,0,2149,0,4,2153,T
3-PA,749,6,1,0,2183,2190,C
3-PA,750,3,0,0,2196,2199,C
3-PA,751,2193,0,0,0,2193,A
3-PA,752,2210,0,1,0,2211,A
3-PA,753,2209,0,0,0,2209,A
3-PA,754,1,1,2244,0,2246,G
3-PA,755,2224,0,1,0,2225,A
3-PA,756,2173,0,1,0,2174,A
3-PA,757,0,0,2186,0,2186,G
3-PA,758,0,2164,0,1,2165,T
3-PA,759,1,3,2161,0,2165,G
3-PA,760,2160,0,1,0,2161,A
3-PA,761,2161,0,1,0,2162,A
3-PA,762,0,2163,0,0,2163,T
3-PA,763,0,1,2153,0,2154,G
3-PA,764,0,0,0,2155,2155,C
3-PA,765,0,0,0,2147,2147,C
3-PA,766,2,0,0,2149,2151,C
3-PA,767,2157,0,0,0,2157,A
3-PA,768,2176,0,4,0,2180,A
3-PA,769,2191,0,0,0,2191,A
3-PA,770,1,2191,0,0,2192,T
3-PA,771,0,2189,0,0,2189,T
3-PA,772,0,4,2171,0,2175,G
3-PA,773,2165,0,3,0,2168,A
3-PA,774,2154,0,4,0,2158,A
3-PA,775,0,0,0,2169,2169,C
3-PA,776,2,1,0,2166,2169,C
3-PA,777,0,2138,0,1,2139,T
3-PA,778,0,2196,0,0,2196,T
3-PA,779,0,2204,0,0,2204,T
3-PA,780,0,2250,0,1,2251,T
3-PA,781,1,0,0,2257,2258,C
3-PA,782,0,2244,0,1,2245,T
3-PA,783,0,0,2258,0,2258,G
3-PA,784,2241,0,1,0,2242,A
3-PA,785,2266,0,3,0,2269,A
3-PA,786,1,7,2268,0,2276,G
3-PA,787,2236,0,1,0,2237,A
3-PA,788,0,0,0,2240,2240,C
3-PA,789,2192,0,0,0,2192,A
3-PA,790,2201,0,5,0,2206,A
3-PA,791,0,0,0,2449,2449,C
3-PA,792,2442,0,2,1,2445,A
3-PA,793,0,1,1,2452,2454,C
3-PA,794,2,0,0,2437,2439,C
3-PA,795,2428,0,4,0,2432,A
3-PA,796,2428,1,4,0,2433,A
3-PA,797,1,7,2417,0,2425,G
3-PA,798,2433,0,2,0,2435,A
3-PA,799,0,0,0,2421,2421,C
3-PA,800,5,0,0,2197,2202,C
3-PA,801,2189,0,5,0,2194,A
3-PA,802,2196,0,1,0,2197,A
3-PA,803,0,2197,0,0,2197,T
3-PA,804,0,1,0,2198,2199,C
3-PA,805,2201,0,1,0,2202,A
3-PA,806,2184,0,3,0,2187,A
3-PA,807,2174,0,1,2,2177,A
3-PA,808,0,1,0,2213,2214,C
3-PA,809,0,2185,0,0,2185,T
3-PA,810,0,2199,0,0,2199,T
3-PA,811,2,0,0,2207,2209,C
3-PA,812,2,3,0,2213,2218,C
3-PA,813,1,4,2213,0,2218,G
3-PA,814,2218,0,0,0,2218,A
3-PA,815,2224,0,1,0,2225,A
3-PA,816,0,2223,0,2,2225,T
3-PA,817,1,1,2190,0,2192,G
3-PA,818,0,2,2186,0,2188,G
3-PA,819,2197,1,2,0,2200,A
3-PA,820,0,1,0,2212,2213,C
3-PA,821,1,0,0,2208,2209,C
3-PA,822,1,2262,0,2,2265,T
3-PA,823,0,0,0,2330,2330,C
3-PA,824,3,1,0,2342,2346,C
3-PA,825,0,2339,0,1,2340,T
3-PA,826,1,2356,0,0,2357,T
3-PA,827,0,0,2425,0,2425,G
3-PA,828,1,2392,0,2,2395,T
3-PA,829,0,2393,0,1,2394,T
3-PA,830,2392,0,0,0,2392,A
3-PA,831,0,2293,0,1,2294,T
3-PA,832,2,0,0,2272,2274,C
3-PA,833,2217,0,0,0,2217,A
3-PA,834,1,0,2205,0,2206,G
3-PA,835,0,1,0,2187,2188,C
3-PA,836,1,2,2107,0,2110,G
3-PA,837,1,1,2152,0,2154,G
3-PA,838,0,2157,0,4,2161,T
3-PA,839,1,1,0,2172,2174,C
3-PA,840,4,1,0,2173,2178,C
3-PA,841,2181,0,2,0,2183,A
3-PA,842,2197,1,0,0,2198,A
3-PA,843,2192,0,2,1,2195,A
3-PA,844,0,2198,0,0,2198,T
3-PA,845,0,2192,0,0,2192,T
3-PA,846,1,1,0,2161,2163,C
3-PA,847,2,1,0,2126,2129,C
3-PA,848,2,2119,0,2,2123,T
3-PA,849,2,0,0,2136,2138,C
3-PA,850,1,2,0,2151,2154,C
3-PA,851,0,2139,0,2,2141,T
3-PA,852,1,1,2169,0,2171,G
3-PA,853,2158,0,2,0,2160,A
3-PA,854,0,2162,0,1,2163,T
3-PA,855,0,0,2140,0,2140,G
3-PA,856,0,1,2102,0,2103,G
3-PA,857,2094,0,4,0,2098,A
3-PA,858,0,2069,0,1,2070,T
3-PA,859,0,0,2064,0,2064,G
3-PA,860,1,0,0,2155,2156,C
3-PA,861,0,2147,0,3,2150,T
3-PA,862,0,2155,1,1,2157,T
3-PA,863,0,2157,1,0,2158,T
3-PA,864,2162,0,1,0,2163,A
3-PA,865,2165,0,0,0,2165,A
3-PA,866,2161,0,0,1,2162,A
3-PA,867,2175,0,0,0,2175,A
3-PA,868,0,2168,1,0,2169,T
3-PA,869,0,1994,2,1,1997,T
3-PA,870,0,1,1997,0,1998,G
3-PA,871,1975,0,1,0,1976,A
3-PA,872,1,0,2011,0,2012,G
3-PA,873,0,0,0,2018,2018,C
3-PA,874,2012,0,2,1,2015,A
3-PA,875,0,2057,1,3,2061,T
3-PA,876,0,2055,1,1,2057,T
3-PA,877,0,4,2049,0,2053,G
3-PA,878,2054,0,2,0,2056,A
3-PA,879,2042,0,6,0,2048,A
3-PA,880,1,2,2047,0,2050,G
3-PA,881,1996,0,1,0,1997,A
3-PA,882,0,0,0,2019,2019,C
3-PA,883,1,1,0,1985,1987,C
3-PA,884,2,0,0,1937,1939,C
3-PA,885,1924,0,1,1,1926,A
3-PA,886,1939,0,2,0,1941,A
3-PA,887,0,0,1954,0,1954,G
3-PA,888,0,1965,1,1,1967,T
3-PA,889,0,1,0,1971,1972,C
3-PA,890,1982,0,0,0,1982,A
3-PA,891,0,0,0,1983,1983,C
3-PA,892,0,1,1979,0,1980,G
3-PA,893,2022,1,0,0,2023,A
3-PA,894,2022,0,2,0,2024,A
3-PA,895,0,3,2075,0,2078,G
3-PA,896,0,4,2075,0,2079,G
3-PA,897,2064,0,5,0,2069,A
3-PA,898,0,3,2087,0,2090,G
3-PA,899,2087,0,1,0,2088,A
3-PA,900,2091,0,4,0,2095,A
3-PA,901,1,2,2091,0,2094,G
3-PA,902,0,3,2047,0,2050,G
3-PA,903,0,1,2062,0,2063,G
3-PA,904,1995,0,3,0,1998,A
3-PA,905,0,2009,0,2,2011,T
3-PA,906,0,2,0,2033,2035,C
3-PA,907,0,0,1,2182,2183,C
3-PA,908,4,2,0,2208,2214,C
3-PA,909,2240,0,1,0,2241,A
3-PA,910,1,2258,0,2,2261,T
3-PA,911,0,2268,2,2,2272,T
3-PA,912,2331,1,2,0,2334,A
3-PA,913,0,2322,0,1,2323,T
3-PA,914,2317,0,1,0,2318,A
3-PA,915,0,2298,1,0,2299,T
3-PA,916,1,1,2078,0,2080,G
3-PA,917,2062,1,2,1,2066,A
3-PA,918,0,2053,0,0,2053,T
3-PA,919,1,0,2056,0,2057,G
3-PA,920,0,1,1,2044,2046,C
3-PA,921,3,5,2035,0,2043,G
3-PA,922,2038,0,0,0,2038,A
3-PA,923,0,2042,0,3,2045,T
3-PA,924,4,0,0,2043,2047,C
3-PA,925,2042,0,1,0,2043,A
3-PA,926,2022,0,4,0,2026,A
3-PA,927,0,0,2036,0,2036,G
3-PA,928,0,2011,0,1,2012,T
3-PA,929,0,1,2033,0,2034,G
3-PA,930,0,0,0,2035,2035,C
3-PA,931,2028,1,3,0,2032,A
3-PA,932,0,2046,0,0,2046,T
3-PA,933,2045,0,1,0,2046,A
3-PA,934,2063,0,0,0,2063,A
3-PA,935,2057,0,0,1,2058,A
3-PA,936,2045,0,1,0,2046,A
3-PA,937,2046,0,0,0,2046,A
3-PA,938,0,0,0,2052,2052,C
3-PA,939,2008,0,1,0,2009,A
3-PA,940,0,2013,0,1,2014,T
3-PA,941,0,2016,0,1,2017,T
3-PA,942,1,1,0,2019,2021,C
3-PA,943,0,2015,0,1,2016,T
3-PA,944,0,2013,0,0,2013,T
3-PA,945,0,2008,0,1,2009,T
3-PA,946,0,2,2014,1,2017,G
3-PA,947,0,1,2023,0,2024,G
3-PA,948,2011,0,2,0,2013,A
3-PA,949,0,2016,0,0,2016,T
3-PA,950,0,3,2039,0,2042,G
3-PA,951,0,0,2064,0,2064,G
3-PA,952,2070,1,1,0,2072,A
3-PA,953,2072,0,1,0,2073,A
3-PA,954,2077,0,3,0,2080,A
3-PA,955,0,0,2094,0,2094,G
3-PA,956,2087,0,2,0,2089,A
3-PA,957,2286,0,1,0,2287,A
3-PA,958,0,1,0,2318,2319,C
3-PA,959,1,1,0,2323,2325,C
3-PA,960,0,2317,0,2,2319,T
3-PA,961,0,2360,0,0,2360,T
3-PA,962,2377,0,1,0,2378,A
3-PA,963,0,2377,0,0,2377,T
3-PA,964,2355,0,1,0,2356,A
3-PA,965,0,2386,0,1,2387,T
3-PA,966,2212,0,0,0,2212,A
3-PA,967,1,0,2219,0,2220,G
3-PA,968,0,2201,0,2,2203,T
3-PA,969,1,1,0,2195,2197,C
3-PA,970,2169,0,0,0,2169,A
3-PA,971,2171,0,0,0,2171,A
3-PA,972,2165,0,0,1,2166,A
3-PA,973,0,1,0,2170,2171,C
3-PA,974,0,1,0,2140,2141,C
3-PA,975,2120,0,3,0,2123,A
3-PA,976,0,0,0,2131,2131,C
3-PA,977,2130,0,0,0,2130,A
3-PA,978,0,4,0,2135,2139,C
3-PA,979,1,1,2149,0,2151,G
3-PA,980,2127,0,1,0,2128,A
3-PA,981,2134,0,1,0,2135,A
3-PA,982,2135,1,0,0,2136,A
3-PA,983,2131,0,6,0,2137,A
3-PA,984,0,2,2152,0,2154,G
3-PA,985,1,0,2105,0,2106,G
3-PA,986,2,2,2137,0,2141,G
3-PA,987,2129,1,6,0,2136,A
3-PA,988,2143,0,0,1,2144,A
3-PA,989,0,2142,0,0,2142,T
3-PA,990,2140,0,0,0,2140,A
3-PA,991,2151,0,0,0,2151,A
3-PA,992,2151,0,1,0,2152,A
3-PA,993,0,2142,0,0,2142,T
3-PA,994,1,2130,0,2,2133,T
3-PA,995,3,0,0,2140,2143,C
3-PA,996,2143,0,0,0,2143,A
3-PA,997,2151,0,0,0,2151,A
3-PA,998,2147,0,0,0,2147,A
3-PA,999,0,2140,0,1,2141,T
3-PA,1000,0,2145,0,0,2145,T
3-PA,1001,2143,1,0,0,2144,A
3-PA,1002,0,0,0,2149,2149,C
3-PA,1003,1,0,0,2155,2156,C
3-PA,1004,0,2137,0,4,2141,T
3-PA,1005,1,0,2155,0,2156,G
3-PA,1006,0,1,0,2159,2160,C
3-PA,1007,1,2157,0,4,2162,T
3-PA,1008,1,0,2208,0,2209,G
3-PA,1009,0,2191,0,0,2191,T
3-PA,1010,4,1,0,2202,2207,C
3-PA,1011,2209,0,2,0,2211,A
3-PA,1012,0,2202,0,4,2206,T
3-PA,1013,0,0,2205,0,2205,G
3-PA,1014,0,2,2190,0,2192,G
3-PA,1015,2193,0,2,0,2195,A
3-PA,1016,2244,0,5,0,2249,A
3-PA,1017,1,1,2230,0,2232,G
3-PA,1018,0,1,0,2243,2244,C
3-PA,1019,2241,0,0,0,2241,A
3-PA,1020,2259,1,1,0,2261,A
3-PA,1021,0,0,2283,0,2283,G
3-PA,1022,0,2273,0,0,2273,T
3-PA,1023,2150,115,1,0,2266,A
3-PA,1024,0,0,0,2278,2278,C
3-PA,1025,0,2227,0,3,2230,T
3-PA,1026,0,0,2245,0,2245,G
3-PA,1027,0,2215,0,1,2216,T
3-PA,1028,1,1,0,2223,2225,C
3-PA,1029,2215,0,1,0,2216,A
3-PA,1030,0,2,2234,1,2237,G
3-PA,1031,2231,0,0,1,2232,A
3-PA,1032,2238,0,0,0,2238,A
3-PA,1033,0,2284,0,0,2284,T
3-PA,1034,0,2284,0,3,2287,T
3-PA,1035,0,0,2278,0,2278,G
3-PA,1036,0,0,0,2268,2268,C
3-PA,1037,2272,0,5,0,2277,A
3-PA,1038,2,1,2283,0,2286,G
3-PA,1039,1,1,2255,1,2258,G
3-PA,1040,2281,0,0,0,2281,A
3-PA,1041,0,0,0,2312,2312,C
3-PA,1042,2257,0,5,0,2262,A
3-PA,1043,0,2275,0,1,2276,T
3-PA,1044,0,2283,0,0,2283,T
3-PA,1045,0,2,2295,0,2297,G
3-PA,1046,2291,0,1,0,2292,A
3-PA,1047,2292,0,1,0,2293,A
3-PA,1048,2283,0,1,1,2285,A
3-PA,1049,2262,2,3,0,2267,A
3-PA,1050,0,2236,0,0,2236,T
3-PA,1051,0,0,2263,0,2263,G
3-PA,1052,2242,0,1,0,2243,A
3-PA,1053,0,0,2259,0,2259,G
3-PA,1054,0,2,2272,0,2274,G
3-PA,1055,2251,0,1,0,2252,A
3-PA,1056,1,1,2278,0,2280,G
3-PA,1057,2272,0,0,0,2272,A
3-PA,1058,2271,0,1,0,2272,A
3-PA,1059,0,1,2260,0,2261,G
3-PA,1060,0,0,2222,0,2222,G
3-PA,1061,0,2303,0,3,2306,T
3-PA,1062,0,2334,0,0,2334,T
3-PA,1063,1,2,0,2322,2325,C
3-PA,1064,1,1,1,2332,2335,C
3-PA,1065,2345,0,3,0,2348,A
3-PA,1066,2327,0,2,0,2329,A
3-PA,1067,0,2,2348,0,2350,G
3-PA,1068,0,4,2382,0,2386,G
3-PA,1069,2317,0,1,0,2318,A
3-PA,1070,0,0,0,2333,2333,C
3-PA,1071,0,2345,0,0,2345,T
3-PA,1072,2344,0,2,0,2346,A
3-PA,1073,2345,0,1,0,2346,A
3-PA,1074,2340,0,3,0,2343,A
3-PA,1075,2341,0,3,0,2344,A
3-PA,1076,2331,0,1,0,2332,A
3-PA,1077,0,2,0,2316,2318,C
3-PA,1078,2302,0,1,0,2303,A
3-PA,1079,0,2292,0,0,2292,T
3-PA,1080,0,1,2305,0,2306,G
3-PA,1081,2290,0,1,0,2291,A
3-PA,1082,2305,0,1,0,2306,A
3-PA,1083,2,0,2320,1,2323,G
3-PA,1084,2325,0,0,0,2325,A
3-PA,1085,2322,0,1,0,2323,A
3-PA,1086,2308,0,1,0,2309,A
3-PA,1087,2298,1,3,0,2302,A
3-PA,1088,0,2,1,2314,2317,C
3-PA,1089,0,3,2306,0,2309,G
3-PA,1090,2307,0,1,0,2308,A
3-PA,1091,0,0,2315,0,2315,G
3-PA,1092,0,2292,1,0,2293,T
3-PA,1093,4,0,0,2352,2356,C
3-PA,1094,2367,1,2,0,2370,A
3-PA,1095,2384,0,2,0,2386,A
3-PA,1096,0,1,0,2383,2384,C
3-PA,1097,1,2384,0,1,2386,T
3-PA,1098,0,1,2436,1,2438,G
3-PA,1099,2417,0,1,0,2418,A
3-PA,1100,2440,1,2,0,2443,A
3-PA,1101,0,0,2450,0,2450,G
3-PA,1102,0,2350,0,3,2353,T
3-PA,1103,1,1,2393,0,2395,G
3-PA,1104,0,0,2349,0,2349,G
3-PA,1105,2,0,2360,0,2362,G
3-PA,1106,0,1,0,2381,2382,C
3-PA,1107,0,2351,0,4,2355,T
3-PA,1108,1,0,0,2386,2387,C
3-PA,1109,0,2365,0,1,2366,T
3-PA,1110,0,2383,1,0,2384,T
3-PA,1111,1,1,2443,0,2445,G
3-PA,1112,1,0,2445,0,2446,G
3-PA,1113,0,2430,0,1,2431,T
3-PA,1114,1,2,2444,0,2447,G
3-PA,1115,2426,1,1,1,2429,A
3-PA,1116,2464,0,1,0,2465,A
3-PA,1117,2456,0,1,0,2457,A
3-PA,1118,2480,0,1,0,2481,A
3-PA,1119,0,1,0,2498,2499,C
3-PA,1120,2466,1,2,0,2469,A
3-PA,1121,1,2472,0,4,2477,T
3-PA,1122,4,2,2474,0,2480,G
3-PA,1123,0,1,2514,0,2515,G
3-PA,1124,0,1,0,2533,2534,C
3-PA,1125,2523,0,2,4,2529,A
3-PA,1126,0,0,0,2556,2556,C
3-PA,1127,2,0,0,2570,2572,C
3-PA,1128,2631,1,0,0,2632,A
3-PA,1129,2,1,2675,1,2679,G
3-PA,1130,2677,0,2,0,2679,A
3-PA,1131,4,2,2703,0,2709,G
3-PA,1132,2709,0,2,0,2711,A
3-PA,1133,2710,1,3,0,2714,A
3-PA,1134,2,4,2737,0,2743,G
3-PA,1135,0,0,2721,0,2721,G
3-PA,1136,0,2687,0,3,2690,T
3-PA,1137,2689,0,1,0,2690,A
3-PA,1138,0,1,2681,0,2682,G
3-PA,1139,2681,0,1,0,2682,A
3-PA,1140,0,1,0,2696,2697,C
3-PA,1141,0,2673,0,5,2678,T
3-PA,1142,0,2669,0,0,2669,T
3-PA,1143,1,2670,0,1,2672,T
3-PA,1144,3,0,2665,0,2668,G
3-PA,1145,2671,0,1,0,2672,A
3-PA,1146,2676,0,1,0,2677,A
3-PA,1147,2675,0,1,0,2676,A
3-PA,1148,2645,0,2,1,2648,A
3-PA,1149,0,0,0,2724,2724,C
3-PA,1150,0,2710,0,1,2711,T
3-PA,1151,0,0,2742,0,2742,G
3-PA,1152,0,0,0,2745,2745,C
3-PA,1153,2743,0,6,0,2749,A
3-PA,1154,2,0,2742,0,2744,G
3-PA,1155,2748,1,1,0,2750,A
3-PA,1156,0,0,2868,0,2868,G
3-PA,1157,2864,0,4,0,2868,A
3-PA,1158,1,0,0,2854,2855,C
3-PA,1159,2858,1,6,0,2865,A
3-PA,1160,0,2844,0,1,2845,T
3-PA,1161,2848,1,2,1,2852,A
3-PA,1162,2843,0,4,0,2847,A
3-PA,1163,0,0,2841,0,2841,G
3-PA,1164,1,1,0,2841,2843,C
3-PA,1165,0,3,2794,0,2797,G
3-PA,1166,2876,0,0,0,2876,A
3-PA,1167,0,2857,0,0,2857,T
3-PA,1168,0,2852,0,0,2852,T
3-PA,1169,0,2856,0,0,2856,T
3-PA,1170,1,3,2875,0,2879,G
3-PA,1171,2892,0,2,1,2895,A
3-PA,1172,2910,0,3,1,2914,A
3-PA,1173,1,0,2977,0,2978,G
3-PA,1174,0,1,0,3073,3074,C
3-PA,1175,3050,0,3,0,3053,A
3-PA,1176,3081,0,192,1,3274,A
3-PA,1177,0,3319,0,1,3320,T
3-PA,1178,3342,0,3,1,3346,A
3-PA,1179,0,3365,0,0,3365,T
3-PA,1180,1,2,3374,0,3377,G
3-PA,1181,3394,0,3,0,3397,A
3-PA,1182,0,3370,0,1,3371,T
3-PA,1183,3271,0,1,1,3273,A
3-PA,1184,1,0,3278,0,3279,G
3-PA,1185,0,3154,1,1,3156,T
3-PA,1186,0,3,3147,0,3150,G
3-PA,1187,3143,0,3,0,3146,A
3-PA,1188,0,3,0,3132,3135,C
3-PA,1189,0,2,3125,0,3127,G
3-PA,1190,3144,0,1,0,3145,A
3-PA,1191,3158,0,4,1,3163,A
3-PA,1192,0,0,0,3194,3194,C
3-PA,1193,2,0,0,3201,3203,C
3-PA,1194,1,3198,1,3,3203,T
3-PA,1195,0,3,3283,0,3286,G
3-PA,1196,3276,0,0,0,3276,A
3-PA,1197,3296,2,0,0,3298,A
3-PA,1198,0,3304,0,0,3304,T
3-PA,1199,0,3270,0,0,3270,T
3-PA,1200,3263,0,0,0,3263,A
3-PA,1201,3233,0,2,0,3235,A
3-PA,1202,1,1,3246,0,3248,G
3-PA,1203,0,0,3235,0,3235,G
3-PA,1204,0,3175,0,10,3185,T
3-PA,1205,8,1,0,3186,3195,C
3-PA,1206,3198,1,0,0,3199,A
3-PA,1207,0,1,0,3328,3329,C
3-PA,1208,0,3321,0,6,3327,T
3-PA,1209,0,3336,0,1,3337,T
3-PA,1210,0,3345,0,2,3347,T
3-PA,1211,2,0,0,3348,3350,C
3-PA,1212,3341,0,2,0,3343,A
3-PA,1213,3339,1,1,0,3341,A
3-PA,1214,1,0,3381,0,3382,G
3-PA,1215,0,0,0,3379,3379,C
3-PA,1216,0,3322,0,0,3322,T
3-PA,1217,0,1,3427,0,3428,G
3-PA,1218,1,2,3425,0,3428,G
3-PA,1219,3479,0,5,0,3484,A
3-PA,1220,1,3541,0,1,3543,T
3-PA,1221,3536,0,2,2,3540,A
3-PA,1222,0,1,0,3551,3552,C
3-PA,1223,3511,0,3,0,3514,A
3-PA,1224,1,1,3577,0,3579,G
3-PA,1225,3573,0,4,0,3577,A
3-PA,1226,3497,0,3,0,3500,A
3-PA,1227,0,3461,0,0,3461,T
3-PA,1228,2,5,3496,0,3503,G
3-PA,1229,3465,0,4,0,3469,A
3-PA,1230,0,0,3527,0,3527,G
3-PA,1231,0,3492,0,3,3495,T
3-PA,1232,0,3481,0,1,3482,T
3-PA,1233,1,2,0,3554,3557,C
3-PA,1234,3585,0,2,0,3587,A
3-PA,1235,3577,0,1,0,3578,A
3-PA,1236,0,2,1,3582,3585,C
3-PA,1237,3546,0,1,0,3547,A
3-PA,1238,3548,0,1,0,3549,A
3-PA,1239,2,2,3545,0,3549,G
3-PA,1240,2,0,3559,0,3561,G
3-PA,1241,1,0,0,3565,3566,C
3-PA,1242,2,1,0,3562,3565,C
3-PA,1243,0,3554,0,5,3559,T
3-PA,1244,0,0,3603,0,3603,G
3-PA,1245,0,3582,0,3,3585,T
3-PA,1246,2,5,3640,0,3647,G
3-PA,1247,3640,0,0,0,3640,A
3-PA,1248,3,0,3630,0,3633,G
3-PA,1249,0,0,0,3606,3606,C
3-PA,1250,0,3568,0,3,3571,T
3-PA,1251,3632,0,2,0,3634,A
3-PA,1252,3632,1,4,0,3637,A
3-PA,1253,0,0,0,3655,3655,C
3-PA,1254,1,3629,0,2,3632,T
3-PA,1255,1,6,3631,1,3639,G
3-PA,1256,3627,0,2,2,3631,A
3-PA,1257,0,3617,0,1,3618,T
3-PA,1258,0,3623,0,0,3623,T
3-PA,1259,2,0,0,3632,3634,C
3-PA,1260,3748,0,3,2,3753,A
3-PA,1261,1,1,3863,0,3865,G
3-PA,1262,0,3841,0,6,3847,T
3-PA,1263,7,1,0,3855,3863,C
3-PA,1264,0,3849,0,5,3854,T
3-PA,1265,1,3,4063,1,4068,G
3-PA,1266,0,3,4059,0,4062,G
3-PA,1267,4076,0,3,1,4080,A
3-PA,1268,0,4074,0,2,4076,T
3-PA,1269,3881,0,1,1,3883,A
3-PA,1270,0,4,3900,0,3904,G
3-PA,1271,3879,0,5,1,3885,A
3-PA,1272,2,0,3889,0,3891,G
3-PA,1273,0,3,1,3875,3879,C
3-PA,1274,0,3788,0,2,3790,T
3-PA,1275,5,234,0,3584,3823,C
3-PA,1276,1,4,3828,0,3833,G
3-PA,1277,3832,0,0,1,3833,A
3-PA,1278,0,3843,0,0,3843,T
3-PA,1279,0,5,3839,0,3844,G
3-PA,1280,3822,1,1,1,3825,A
3-PA,1281,3827,0,1,1,3829,A
3-PA,1282,3845,0,0,1,3846,A
3-PA,1283,0,3822,0,0,3822,T
3-PA,1284,1,3844,0,0,3845,T
3-PA,1285,2,0,3894,0,3896,G
3-PA,1286,1,3,3879,0,3883,G
3-PA,1287,3886,0,5,0,3891,A
3-PA,1288,0,2,3890,0,3892,G
3-PA,1289,3830,1,3,2,3836,A
3-PA,1290,0,3,3856,0,3859,G
3-PA,1291,0,5,3889,0,3894,G
3-PA,1292,3944,0,2,1,3947,A
3-PA,1293,1,2,0,3964,3967,C
3-PA,1294,2,1,3939,0,3942,G
3-PA,1295,1,3938,0,1,3940,T
3-PA,1296,3985,0,1,0,3986,A
3-PA,1297,1,0,4007,0,4008,G
3-PA,1298,0,2,0,4034,4036,C
3-PA,1299,2,0,0,3996,3998,C
3-PA,1300,3,2,0,3964,3969,C
3-PA,1301,6,0,0,4008,4014,C
3-PA,1302,4005,0,1,0,4006,A
3-PA,1303,4146,0,0,0,4146,A
3-PA,1304,0,4142,0,1,4143,T
3-PA,1305,0,4125,0,2,4127,T
3-PA,1306,0,5,4114,0,4119,G
3-PA,1307,4045,0,5,0,4050,A
3-PA,1308,3,1,4070,0,4074,G
3-PA,1309,2,4,0,4053,4059,C
3-PA,1310,4040,0,0,0,4040,A
3-PA,1311,0,0,0,4164,4164,C
3-PA,1312,4049,0,0,0,4049,A
3-PA,1313,0,4182,0,1,4183,T
3-PA,1314,2,4190,0,0,4192,T
3-PA,1315,1,0,4193,0,4194,G
3-PA,1316,0,3,0,4179,4182,C
3-PA,1317,4184,0,6,0,4190,A
3-PA,1318,4173,0,5,0,4178,A
3-PA,1319,1,0,4188,0,4189,G
3-PA,1320,1,0,0,4146,4147,C
3-PA,1321,4135,1,1,0,4137,A
3-PA,1322,0,4023,0,1,4024,T
3-PA,1323,3,6,4023,0,4032,G
3-PA,1324,4025,0,3,0,4028,A
3-PA,1325,0,1,4035,0,4036,G
3-PA,1326,4034,0,2,0,4036,A
3-PA,1327,4031,1,4,0,4036,A
3-PA,1328,1,2,4018,0,4021,G
3-PA,1329,0,3,4016,0,4019,G
3-PA,1330,4025,0,3,0,4028,A
3-PA,1331,4026,0,0,0,4026,A
3-PA,1332,0,4026,0,1,4027,T
3-PA,1333,0,4030,0,1,4031,T
3-PA,1334,4030,0,0,0,4030,A
3-PA,1335,1,4039,0,1,4041,T
3-PA,1336,0,4033,0,1,4034,T
3-PA,1337,0,4028,0,4,4032,T
3-PA,1338,2,1,0,3998,4001,C
3-PA,1339,3980,0,2,0,3982,A
3-PA,1340,3,0,0,4081,4084,C
3-PA,1341,4066,0,3,0,4069,A
3-PA,1342,1,0,4128,0,4129,G
3-PA,1343,0,0,0,4115,4115,C
3-PA,1344,4100,1,2,0,4103,A
3-PA,1345,0,3,4124,0,4127,G
3-PA,1346,4093,0,2,0,4095,A
3-PA,1347,2,1,4109,0,4112,G
3-PA,1348,0,1,4126,0,4127,G
3-PA,1349,0,4016,1,5,4022,T
3-PA,1350,1,0,4108,0,4109,G
3-PA,1351,0,4063,0,4,4067,T
3-PA,1352,4,1,0,4059,4064,C
3-PA,1353,5,0,0,4122,4127,C
3-PA,1354,4,0,0,4106,4110,C
3-PA,1355,4139,0,0,0,4139,A
3-PA,1356,0,4187,1,4,4192,T
3-PA,1357,0,4160,0,1,4161,T
3-PA,1358,0,0,4185,0,4185,G
3-PA,1359,0,4072,0,3,4075,T
3-PA,1360,4025,0,2,0,4027,A
3-PA,1361,1,2,3998,1,4002,G
3-PA,1362,3890,0,12,0,3902,A
3-PA,1363,2,1,3898,0,3901,G
3-PA,1364,0,0,0,3841,3841,C
3-PA,1365,5,0,1,3760,3766,C
3-PA,1366,3813,0,2,0,3815,A
3-PA,1367,0,2,0,3828,3830,C
3-PA,1368,0,3801,0,2,3803,T
3-PA,1369,2,3,3794,0,3799,G
3-PA,1370,3792,0,1,0,3793,A
3-PA,1371,3725,0,2,0,3727,A
3-PA,1372,0,3835,0,1,3836,T
3-PA,1373,3885,1,1,0,3887,A
3-PA,1374,0,0,0,3936,3936,C
3-PA,1375,3846,0,0,0,3846,A
3-PA,1376,0,3861,0,0,3861,T
3-PA,1377,3841,0,3,0,3844,A
3-PA,1378,3837,0,1,0,3838,A
3-PA,1379,0,3830,0,2,3832,T
3-PA,1380,1,0,3770,0,3771,G
3-PA,1381,3738,0,2,0,3740,A
3-PA,1382,3668,0,5,0,3673,A
3-PA,1383,1,7,3671,0,3679,G
3-PA,1384,2,7,3649,0,3658,G
3-PA,1385,0,4,3690,0,3694,G
3-PA,1386,0,2,3680,0,3682,G
3-PA,1387,0,0,3740,0,3740,G
3-PA,1388,0,3656,1,0,3657,T
3-PA,1389,3702,0,2,0,3704,A
3-PA,1390,0,3739,1,0,3740,T
3-PA,1391,3764,1,2,1,3768,A
3-PA,1392,1,2,0,4102,4105,C
3-PA,1393,3960,0,1,1,3962,A
3-PA,1394,0,3894,0,1,3895,T
3-PA,1395,0,3839,0,1,3840,T
3-PA,1396,3780,0,1,0,3781,A
3-PA,1397,3857,0,2,0,3859,A
3-PA,1398,0,6,0,3836,3842,C
3-PA,1399,3744,0,1,0,3745,A
3-PA,1400,0,0,0,3745,3745,C
3-PA,1401,1,3356,0,2,3359,T
3-PA,1402,3,0,3502,1,3506,G
3-PA,1403,1,0,0,3482,3483,C
3-PA,1404,5,1,0,3462,3468,C
3-PA,1405,2,0,0,3493,3495,C
3-PA,1406,1,3403,0,2,3406,T
3-PA,1407,2,0,3511,0,3513,G
3-PA,1408,1,0,0,3513,3514,C
3-PA,1409,0,3506,0,3,3509,T
3-PA,1410,4,0,0,3634,3638,C
3-PA,1411,3489,0,0,0,3489,A
3-PA,1412,3517,0,0,0,3517,A
3-PA,1413,0,3518,0,3,3521,T
3-PA,1414,0,1,3515,1,3517,G
3-PA,1415,1,0,0,3505,3506,C
3-PA,1416,3456,0,5,1,3462,A
3-PA,1417,0,3450,1,5,3456,T
3-PA,1418,3,0,0,3453,3456,C
3-PA,1419,1,1,0,3491,3493,C
3-PA,1420,0,3339,0,6,3345,T
3-PA,1421,1,0,3451,0,3452,G
3-PA,1422,0,3444,0,3,3447,T
3-PA,1423,0,0,3446,0,3446,G
3-PA,1424,1,2,0,3438,3441,C
3-PA,1425,3387,1,4,1,3393,A
3-PA,1426,1,0,3417,0,3418,G
3-PA,1427,2,0,0,3407,3409,C
3-PA,1428,3350,0,0,0,3350,A
3-PA,1429,3344,0,3,0,3347,A
3-PA,1430,0,3195,0,2,3197,T
3-PA,1431,0,2,3211,0,3213,G
3-PA,1432,1,2,3203,0,3206,G
3-PA,1433,3206,0,4,0,3210,A
3-PA,1434,0,1,0,3207,3208,C
3-PA,1435,0,3,3174,0,3177,G
3-PA,1436,3206,0,0,0,3206,A
3-PA,1437,0,3212,0,2,3214,T
3-PA,1438,0,3211,0,1,3212,T
3-PA,1439,0,3202,0,0,3202,T
3-PA,1440,0,3199,0,1,3200,T
3-PA,1441,3,0,0,3213,3216,C
3-PA,1442,3220,0,2,0,3222,A
3-PA,1443,3222,2,2,0,3226,A
3-PA,1444,0,0,0,3226,3226,C
3-PA,1445,0,3169,0,1,3170,T
3-PA,1446,3174,0,0,0,3174,A
3-PA,1447,3157,0,0,0,3157,A
3-PA,1448,0,3168,0,0,3168,T
3-PA,1449,1,3159,0,0,3160,T
3-PA,1450,3,0,0,3188,3191,C
3-PA,1451,2,0,0,3179,3181,C
3-PA,1452,4,0,0,3196,3200,C
3-PA,1453,3200,0,1,0,3201,A
3-PA,1454,0,3242,0,3,3245,T
3-PA,1455,1,3,3253,0,3257,G
3-PA,1456,3245,0,6,0,3251,A
3-PA,1457,0,3244,0,2,3246,T
3-PA,1458,3236,0,2,0,3238,A
3-PA,1459,3236,2,3,1,3242,A
3-PA,1460,1,1,3224,0,3226,G
3-PA,1461,2,0,0,3216,3218,C
3-PA,1462,3207,0,1,0,3208,A
3-PA,1463,3088,0,2,0,3090,A
3-PA,1464,1,0,3127,0,3128,G
3-PA,1465,0,3108,0,1,3109,T
3-PA,1466,1,1,3097,0,3099,G
3-PA,1467,0,1,0,3102,3103,C
3-PA,1468,3071,1,4,0,3076,A
3-PA,1469,2,0,3137,0,3139,G
3-PA,1470,3126,0,1,0,3127,A
3-PA,1471,3177,1,0,0,3178,A
3-PA,1472,1,0,0,3174,3175,C
3-PA,1473,0,3089,0,0,3089,T
3-PA,1474,3123,0,1,0,3124,A
3-PA,1475,3114,0,0,0,3114,A
3-PA,1476,3111,0,5,0,3116,A
3-PA,1477,0,0,3130,0,3130,G
3-PA,1478,2988,0,7,0,2995,A
3-PA,1479,0,5,2984,0,2989,G
3-PA,1480,0,6,2898,0,2904,G
3-PA,1481,1,0,2896,0,2897,G
3-PA,1482,2864,0,5,0,2869,A
3-PA,1483,2813,0,3,0,2816,A
3-PA,1484,1,2,2808,0,2811,G
3-PA,1485,1,1,2807,0,2809,G
3-PA,1486,1,0,0,2809,2810,C
3-PA,1487,0,1,2808,0,2809,G
3-PA,1488,2798,0,3,0,2801,A
3-PA,1489,2805,0,2,0,2807,A
3-PA,1490,2808,0,3,0,2811,A
3-PA,1491,2811,0,0,0,2811,A
3-PA,1492,2814,0,3,0,2817,A
3-PA,1493,0,0,0,2804,2804,C
3-PA,1494,6,0,0,2791,2797,C
3-PA,1495,2808,0,1,0,2809,A
3-PA,1496,2824,1,0,0,2825,A
3-PA,1497,0,2830,0,0,2830,T
3-PA,1498,0,2836,0,1,2837,T
3-PA,1499,0,2850,0,0,2850,T
3-PA,1500,2872,0,1,0,2873,A
3-PA,1501,0,2859,2,0,2861,T
3-PA,1502,2860,1,0,0,2861,A
3-PA,1503,0,2846,0,1,2847,T
3-PA,1504,1,3,2828,0,2832,G
3-PA,1505,0,1,2814,0,2815,G
3-PA,1506,2829,0,1,0,2830,A
3-PA,1507,0,2811,0,2,2813,T
3-PA,1508,0,2783,0,0,2783,T
3-PA,1509,4,1,0,2773,2778,C
3-PA,1510,2799,0,1,0,2800,A
3-PA,1511,0,2832,0,2,2834,T
3-PA,1512,1,0,0,2835,2836,C
3-PA,1513,2841,1,1,0,2843,A
3-PA,1514,0,2817,0,2,2819,T
3-PA,1515,2799,0,1,0,2800,A
3-PA,1516,2785,1,6,1,2793,A
3-PA,1517,2775,0,13,0,2788,A
3-PA,1518,1,5,2782,0,2788,G
3-PA,1519,0,1,2743,0,2744,G
3-PA,1520,2,2,2716,0,2720,G
3-PA,1521,2689,1,1,1,2692,A
3-PA,1522,2651,0,2,0,2653,A
3-PA,1523,1,1,2654,0,2656,G
3-PA,1524,2643,0,1,0,2644,A
3-PA,1525,1,2632,0,1,2634,T
3-PA,1526,2,2,0,2625,2629,C
3-PA,1527,1,2590,0,3,2594,T
3-PA,1528,2,0,0,2671,2673,C
3-PA,1529,2669,0,1,0,2670,A
3-PA,1530,1,2663,1,1,2666,T
3-PA,1531,0,2665,0,1,2666,T
3-PA,1532,0,2637,0,0,2637,T
3-PA,1533,2617,0,1,1,2619,A
3-PA,1534,2619,0,3,1,2623,A
3-PA,1535,0,0,2625,0,2625,G
3-PA,1536,0,1,2659,0,2660,G
3-PA,1537,2524,0,0,0,2524,A
3-PA,1538,2531,0,1,0,2532,A
3-PA,1539,0,2542,1,0,2543,T
3-PA,1540,1,7,2553,0,2561,G
3-PA,1541,2623,0,0,1,2624,A
3-PA,1542,0,1,0,2629,2630,C
3-PA,1543,2606,0,4,0,2610,A
3-PA,1544,0,2,0,2612,2614,C
3-PA,1545,2553,0,2,0,2555,A
3-PA,1546,0,4,2564,0,2568,G
3-PA,1547,2541,0,4,0,2545,A
3-PA,1548,0,2,0,2529,2531,C
3-PA,1549,0,0,2478,0,2478,G
3-PA,1550,1,2257,1,1,2260,T
3-PA,1551,1,1,2277,0,2279,G
3-PA,1552,0,0,2294,0,2294,G
3-PA,1553,0,2292,0,2,2294,T
3-PA,1554,2294,0,1,0,2295,A
3-PA,1555,2239,0,0,0,2239,A
3-PA,1556,2245,0,1,0,2246,A
3-PA,1557,0,2242,0,1,2243,T
3-PA,1558,0,2206,0,0,2206,T
3-PA,1559,0,2194,0,3,2197,T
3-PA,1560,0,2184,1,0,2185,T
3-PA,1561,1,0,2185,0,2186,G
3-PA,1562,0,2156,1,0,2157,T
3-PA,1563,0,1,2168,0,2169,G
3-PA,1564,2164,0,3,0,2167,A
3-PA,1565,0,0,2172,0,2172,G
3-PA,1566,1,1,0,2142,2144,C
3-PA,1567,2164,0,0,0,2164,A
3-PA,1568,0,2160,0,0,2160,T
3-PA,1569,0,0,2162,0,2162,G
3-PA,1570,0,0,2177,0,2177,G
3-PA,1571,2172,0,4,0,2176,A
3-PA,1572,2,1,2181,0,2184,G
3-PA,1573,0,2144,1,2,2147,T
3-PA,1574,0,2114,0,2,2116,T
3-PA,1575,1,2135,0,4,2140,T
3-PA,1576,1,2126,0,8,2135,T
3-PA,1577,0,0,0,2138,2138,C
3-PA,1578,0,2124,0,1,2125,T
3-PA,1579,1,1,2,2132,2136,C
3-PA,1580,0,2078,1,1,2080,T
3-PA,1581,5,0,0,2081,2086,C
3-PA,1582,2079,1,0,0,2080,A
3-PA,1583,0,1,0,2077,2078,C
3-PA,1584,0,2004,0,2,2006,T
3-PA,1585,0,1,2012,0,2013,G
3-PA,1586,2005,0,2,0,2007,A
3-PA,1587,1,2,0,2010,2013,C
3-PA,1588,1,1,0,2005,2007,C
3-PA,1589,5,0,0,1987,1992,C
3-PA,1590,0,0,1993,0,1993,G
3-PA,1591,1984,0,5,0,1989,A
3-PA,1592,0,0,2003,0,2003,G
3-PA,1593,1997,1,0,0,1998,A
3-PA,1594,0,2,0,1953,1955,C
3-PA,1595,0,1915,1,1,1917,T
3-PA,1596,0,1830,0,0,1830,T
3-PA,1597,0,4,1816,0,1820,G
3-PA,1598,1810,1,5,0,1816,A
3-PA,1599,0,2,1825,0,1827,G
3-PA,1600,0,2,0,1803,1805,C
3-PA,1601,3,0,0,1756,1759,C
3-PA,1602,1786,0,2,0,1788,A
3-PA,1603,0,1,0,1794,1795,C
3-PA,1604,1800,0,0,0,1800,A
3-PA,1605,0,1800,1,1,1802,T
3-PA,1606,1792,0,0,0,1792,A
3-PA,1607,1782,0,0,0,1782,A
3-PA,1608,1774,0,5,0,1779,A
3-PA,1609,0,1754,0,0,1754,T
3-PA,1610,0,4,1756,0,1760,G
3-PA,1611,1,0,1662,0,1663,G
3-PA,1612,0,1,1649,0,1650,G
3-PA,1613,1607,0,4,0,1611,A
3-PA,1614,0,1,1636,0,1637,G
3-PA,1615,1627,0,0,0,1627,A
3-PA,1616,1649,0,1,0,1650,A
3-PA,1617,1682,0,0,0,1682,A
3-PA,1618,0,1680,0,0,1680,T
3-PA,1619,1657,0,1,0,1658,A
3-PA,1620,3,965,0,630,1598,T
3-PA,1621,0,1355,0,2,1357,T
3-PA,1622,1,1,1350,0,1352,G
3-PA,1623,0,1228,0,1,1229,T
3-PA,1624,1,0,1230,0,1231,G
3-PA,1625,0,1157,0,0,1157,T
3-PA,1626,4,0,0,1079,1083,C
3-PA,1627,0,1,0,1094,1095,C
3-PA,1628,0,1073,0,2,1075,T
3-PA,1629,0,1088,0,2,1090,T
3-PA,1630,1,1,1089,0,1091,G
3-PA,1631,1104,0,1,0,1105,A
3-PA,1632,4,0,1128,0,1132,G
3-PA,1633,1109,0,0,0,1109,A
3-PA,1634,0,1111,0,0,1111,T
3-PA,1635,1092,0,1,0,1093,A
3-PA,1636,0,1,1132,0,1133,G
3-PA,1637,0,1,1131,0,1132,G
3-PA,1638,1122,0,2,1,1125,A
3-PA,1639,0,1,1130,0,1131,G
3-PA,1640,1115,0,3,0,1118,A
3-PA,1641,0,1117,0,0,1117,T
3-PA,1642,1128,0,0,0,1128,A
3-PA,1643,0,1125,0,0,1125,T
3-PA,1644,1,1,1138,0,1140,G
3-PA,1645,0,1133,0,0,1133,T
3-PA,1646,0,1119,0,1,1120,T
3-PA,1647,1140,0,0,0,1140,A
3-PA,1648,0,0,0,1140,1140,C
3-PA,1649,0,1124,0,1,1125,T
3-PA,1650,1140,0,0,1,1141,A
3-PA,1651,1131,0,0,0,1131,A
3-PA,1652,0,2,1136,0,1138,G
3-PA,1653,1127,0,0,0,1127,A
3-PA,1654,1099,0,0,0,1099,A
3-PA,1655,0,0,1076,0,1076,G
3-PA,1656,0,1071,0,0,1071,T
3-PA,1657,0,0,1091,0,1091,G
3-PA,1658,0,1,0,1088,1089,C
3-PA,1659,1,1,1,1093,1096,C
3-PA,1660,1107,0,0,0,1107,A
3-PA,1661,0,1082,0,1,1083,T
3-PA,1662,1086,1,0,0,1087,A
3-PA,1663,0,2,1084,0,1086,G
3-PA,1664,1,0,1076,0,1077,G
3-PA,1665,1,2,0,1064,1067,C
3-PA,1666,0,0,0,1071,1071,C
3-PA,1667,1075,1,1,0,1077,A
3-PA,1668,1080,0,0,0,1080,A
3-PA,1669,1080,1,0,0,1081,A
3-PA,1670,0,1091,0,1,1092,T
3-PA,1671,0,1081,0,0,1081,T
3-PA,1672,0,1080,0,0,1080,T
3-PA,1673,0,0,0,1083,1083,C
3-PA,1674,1084,0,0,1,1085,A
3-PA,1675,1089,0,1,1,1091,A
3-PA,1676,0,1,1083,0,1084,G
3-PA,1677,0,0,1070,0,1070,G
3-PA,1678,0,1,0,1056,1057,C
3-PA,1679,1,1,0,1052,1054,C
3-PA,1680,1,0,1068,0,1069,G
3-PA,1681,1093,0,0,0,1093,A
3-PA,1682,0,1099,0,0,1099,T
3-PA,1683,0,0,1140,0,1140,G
3-PA,1684,0,1124,0,1,1125,T
3-PA,1685,0,1167,0,0,1167,T
3-PA,1686,0,0,0,1188,1188,C
3-PA,1687,0,1190,0,3,1193,T
3-PA,1688,0,1200,0,2,1202,T
3-PA,1689,1,0,1206,0,1207,G
3-PA,1690,0,1163,0,0,1163,T
3-PA,1691,1174,0,0,0,1174,A
3-PA,1692,0,1162,0,3,1165,T
3-PA,1693,0,0,1166,0,1166,G
3-PA,1694,0,1126,0,2,1128,T
3-PA,1695,0,1,1134,0,1135,G
3-PA,1696,1121,0,2,1,1124,A
3-PA,1697,0,1,1126,0,1127,G
3-PA,1698,1,1,1125,0,1127,G
3-PA,1699,1120,0,0,0,1120,A
3-PA,1700,0,0,0,1117,1117,C
3-PA,1701,1116,0,0,0,1116,A
3-PA,1702,1112,0,1,0,1113,A
3-PA,1703,1111,0,1,0,1112,A
3-PA,1704,0,0,0,1120,1120,C
3-PA,1705,0,1,1113,0,1114,G
3-PA,1706,0,0,1130,0,1130,G
3-PA,1707,1110,0,1,0,1111,A
3-PA,1708,1114,0,2,0,1116,A
3-PA,1709,0,1,0,1122,1123,C
3-PA,1710,1119,0,0,0,1119,A
3-PA,1711,1,1121,0,0,1122,T
3-PA,1712,1,0,0,1121,1122,C
3-PA,1713,1119,0,0,0,1119,A
3-PA,1714,1110,0,0,0,1110,A
3-PA,1715,1114,0,0,0,1114,A
3-PA,1716,0,0,1154,0,1154,G
3-PA,1717,0,0,1153,0,1153,G
3-PA,1718,0,1136,0,1,1137,T
3-PA,1719,1038,0,0,100,1138,A
3-PA,1720,1144,0,0,0,1144,A
3-PA,1721,1149,0,1,0,1150,A
3-PA,1722,1145,0,1,0,1146,A
3-PA,1723,1144,0,0,0,1144,A
3-PA,1724,0,1148,0,0,1148,T
3-PA,1725,0,1,1136,0,1137,G
3-PA,1726,1122,0,1,0,1123,A
3-PA,1727,1120,1,0,0,1121,A
3-PA,1728,1121,0,0,0,1121,A
3-PA,1729,0,1119,0,0,1119,T
3-PA,1730,2,1,1135,0,1138,G
3-PA,1731,0,2,1137,0,1139,G
3-PA,1732,2,1,1137,0,1140,G
3-PA,1733,1,1,1157,0,1159,G
3-PA,1734,1130,0,0,0,1130,A
3-PA,1735,1146,1,1,0,1148,A
3-PA,1736,0,1150,0,0,1150,T
3-PA,1737,0,1,1160,0,1161,G
3-PA,1738,1,0,1165,1,1167,G
3-PA,1739,1156,0,1,0,1157,A
3-PA,1740,0,0,1184,0,1184,G
3-PA,1741,1176,0,0,0,1176,A
3-PA,1742,0,1162,0,1,1163,T
3-PA,1743,0,0,1169,0,1169,G
3-PA,1744,1156,0,1,0,1157,A
3-PA,1745,0,0,1163,0,1163,G
3-PA,1746,1155,0,0,0,1155,A
3-PA,1747,0,0,0,1146,1146,C
3-PA,1748,2,0,1144,0,1146,G
3-PA,1749,0,1136,0,0,1136,T
3-PA,1750,0,1138,0,0,1138,T
3-PA,1751,1,0,1139,0,1140,G
3-PA,1752,0,1,0,1137,1138,C
3-PA,1753,1,0,0,1139,1140,C
3-PA,1754,1,1145,0,4,1150,T
3-PA,1755,1,0,0,1181,1182,C
3-PA,1756,0,1,0,1194,1195,C
3-PA,1757,0,1197,0,0,1197,T
3-PA,1758,0,1193,0,0,1193,T
3-PA,1759,0,1,0,1201,1202,C
3-PA,1760,1185,0,0,0,1185,A
3-PA,1761,0,0,1194,0,1194,G
3-PA,1762,0,1190,0,0,1190,T
3-PA,1763,3,0,0,1196,1199,C
3-PA,1764,1165,0,0,1,1166,A
3-PA,1765,0,1,0,1238,1239,C
3-PA,1766,0,1245,0,1,1246,T
3-PA,1767,0,0,0,1247,1247,C
3-PA,1768,0,1,0,1257,1258,C
3-PA,1769,1253,0,4,0,1257,A
3-PA,1770,0,0,1258,0,1258,G
3-PA,1771,1,0,0,1253,1254,C
3-PA,1772,1233,0,0,0,1233,A
3-PA,1773,0,1,1251,0,1252,G
3-PA,1774,1192,0,1,0,1193,A
3-PA,1775,0,1192,0,0,1192,T
3-PA,1776,1,1,0,1181,1183,C
3-PA,1777,0,0,1190,0,1190,G
3-PA,1778,1180,0,1,0,1181,A
3-PA,1779,1,0,1190,0,1191,G
3-PA,1780,1185,0,1,0,1186,A
3-PA,1781,0,0,1194,0,1194,G
3-PA,1782,0,0,0,1184,1184,C
3-PA,1783,1181,0,2,0,1183,A
3-PA,1784,0,1188,0,1,1189,T
3-PA,1785,1,2,1211,0,1214,G
3-PA,1786,1220,0,0,0,1220,A
3-PA,1787,0,1226,0,0,1226,T
3-PA,1788,0,1210,1,1,1212,T
3-PA,1789,0,1,1214,0,1215,G
3-PA,1790,1201,0,1,0,1202,A
3-PA,1791,1200,0,1,0,1201,A
3-PA,1792,1,0,1204,0,1205,G
3-PA,1793,0,0,0,1191,1191,C
3-PA,1794,3,1,0,1180,1184,C
3-PA,1795,0,1,1178,0,1179,G
3-PA,1796,1172,0,1,0,1173,A
3-PA,1797,0,0,1179,0,1179,G
3-PA,1798,0,1170,0,0,1170,T
3-PA,1799,1,1,0,1174,1176,C
3-PA,1800,2,0,0,1181,1183,C
3-PA,1801,0,1170,0,0,1170,T
3-PA,1802,1,2,0,1197,1200,C
3-PA,1803,0,0,1202,0,1202,G
3-PA,1804,0,0,1244,0,1244,G
3-PA,1805,0,1235,0,1,1236,T
3-PA,1806,0,1226,0,1,1227,T
3-PA,1807,1224,1,1,0,1226,A
3-PA,1808,1222,1,0,0,1223,A
3-PA,1809,1229,0,0,0,1229,A
3-PA,1810,0,2,1237,0,1239,G
3-PA,1811,1227,0,1,0,1228,A
3-PA,1812,0,1,1234,0,1235,G
3-PA,1813,1193,0,1,0,1194,A
3-PA,1814,1193,0,0,0,1193,A
3-PA,1815,1197,0,1,0,1198,A
3-PA,1816,0,0,1210,0,1210,G
3-PA,1817,1202,0,3,0,1205,A
3-PA,1818,0,0,0,1210,1210,C
3-PA,1819,1184,0,0,0,1184,A
3-PA,1820,0,1178,0,1,1179,T
3-PA,1821,0,5,1177,0,1182,G
3-PA,1822,1186,0,1,0,1187,A
3-PA,1823,0,0,0,1190,1190,C
3-PA,1824,4,0,0,1185,1189,C
3-PA,1825,1183,0,1,0,1184,A
3-PA,1826,1180,0,0,0,1180,A
3-PA,1827,1179,0,0,0,1179,A
3-PA,1828,0,0,1188,0,1188,G
3-PA,1829,1168,0,1,0,1169,A
3-PA,1830,0,0,1191,0,1191,G
3-PA,1831,0,1161,0,1,1162,T
3-PA,1832,0,1164,0,1,1165,T
3-PA,1833,0,1164,0,0,1164,T
3-PA,1834,0,1172,0,0,1172,T
3-PA,1835,0,1176,0,0,1176,T
3-PA,1836,0,1174,0,0,1174,T
3-PA,1837,0,0,1182,0,1182,G
3-PA,1838,1174,0,0,0,1174,A
3-PA,1839,1,0,1185,0,1186,G
3-PA,1840,1178,0,1,1,1180,A
3-PA,1841,1191,0,0,0,1191,A
3-PA,1842,0,1204,0,0,1204,T
3-PA,1843,1202,0,0,0,1202,A
3-PA,1844,1220,0,0,0,1220,A
3-PA,1845,1128,0,95,0,1223,A
3-PA,1846,0,1220,0,0,1220,T
3-PA,1847,0,0,0,1231,1231,C
3-PA,1848,1221,0,0,0,1221,A
3-PA,1849,0,0,1221,0,1221,G
3-PA,1850,1215,0,1,0,1216,A
3-PA,1851,1210,0,0,2,1212,A
3-PA,1852,0,0,1219,1,1220,G
3-PA,1853,0,0,0,1184,1184,C
3-PA,1854,1175,0,0,0,1175,A
3-PA,1855,0,1172,0,0,1172,T
3-PA,1856,0,1,1169,0,1170,G
3-PA,1857,0,0,1176,0,1176,G
3-PA,1858,1,1,0,1162,1164,C
3-PA,1859,0,0,0,1206,1206,C
3-PA,1860,3,0,0,1213,1216,C
3-PA,1861,1244,0,0,0,1244,A
3-PA,1862,0,1241,0,2,1243,T
3-PA,1863,0,1237,1,1,1239,T
3-PA,1864,0,1,1242,0,1243,G
3-PA,1865,0,0,1241,0,1241,G
3-PA,1866,0,1,1226,0,1227,G
3-PA,1867,0,0,1223,0,1223,G
3-PA,1868,1170,0,0,0,1170,A
3-PA,1869,1,0,1181,0,1182,G
3-PA,1870,0,1147,0,1,1148,T
3-PA,1871,5,0,0,1175,1180,C
3-PA,1872,0,0,0,1214,1214,C
3-PA,1873,5,0,0,1227,1232,C
3-PA,1874,0,1,0,1241,1242,C
3-PA,1875,1,1,0,1247,1249,C
3-PA,1876,1249,0,1,0,1250,A
3-PA,1877,1248,1,0,0,1249,A
3-PA,1878,1021,0,109,0,1130,A
3-PA,1879,1,1,1138,0,1140,G
3-PA,1880,0,1,1142,0,1143,G
3-PA,1881,1126,0,1,0,1127,A
3-PA,1882,0,0,1136,0,1136,G
3-PA,1883,0,1101,1,0,1102,T
3-PA,1884,0,0,1107,0,1107,G
3-PA,1885,0,0,1122,0,1122,G
3-PA,1886,1110,0,0,0,1110,A
3-PA,1887,1121,0,1,0,1122,A
3-PA,1888,0,1,1109,0,1110,G
3-PA,1889,1108,0,1,0,1109,A
3-PA,1890,1107,0,1,0,1108,A
3-PA,1891,0,0,1104,0,1104,G
3-PA,1892,0,0,1108,0,1108,G
3-PA,1893,0,1093,0,1,1094,T
3-PA,1894,0,1079,0,0,1079,T
3-PA,1895,3,0,0,1075,1078,C
3-PA,1896,1,0,0,1080,1081,C
3-PA,1897,1092,0,0,0,1092,A
3-PA,1898,0,1095,0,1,1096,T
3-PA,1899,0,1092,0,0,1092,T
3-PA,1900,0,3,1098,0,1101,G
3-PA,1901,0,0,1091,0,1091,G
3-PA,1902,0,1,1080,0,1081,G
3-PA,1903,1089,0,0,0,1089,A
3-PA,1904,1088,0,0,0,1088,A
3-PA,1905,1090,0,0,0,1090,A
3-PA,1906,0,1,1119,0,1120,G
3-PA,1907,0,1111,0,0,1111,T
3-PA,1908,1,0,0,1134,1135,C
3-PA,1909,0,1129,0,0,1129,T
3-PA,1910,1,0,1137,0,1138,G
3-PA,1911,0,1137,0,0,1137,T
3-PA,1912,1137,0,0,0,1137,A
3-PA,1913,0,4,1131,0,1135,G
3-PA,1914,0,1,1117,0,1118,G
3-PA,1915,1068,0,2,0,1070,A
3-PA,1916,0,0,0,1081,1081,C
3-PA,1917,0,1065,0,1,1066,T
3-PA,1918,1,0,0,1133,1134,C
3-PA,1919,0,1124,0,0,1124,T
3-PA,1920,1121,0,0,0,1121,A
3-PA,1921,0,1116,0,1,1117,T
3-PA,1922,0,1104,0,0,1104,T
3-PA,1923,0,1,1127,0,1128,G
3-PA,1924,2,0,1122,0,1124,G
3-PA,1925,0,0,0,1120,1120,C
3-PA,1926,0,1114,0,0,1114,T
3-PA,1927,1042,0,0,0,1042,A
3-PA,1928,1056,0,2,0,1058,A
3-PA,1929,0,0,1064,0,1064,G
3-PA,1930,0,1061,0,1,1062,T
3-PA,1931,2,0,0,1064,1066,C
3-PA,1932,1046,0,1,0,1047,A
3-PA,1933,0,0,1087,0,1087,G
3-PA,1934,0,1083,1,0,1084,T
3-PA,1935,1122,0,0,0,1122,A
3-PA,1936,0,1123,0,1,1124,T
3-PA,1937,0,1130,0,0,1130,T
3-PA,1938,2,0,0,1135,1137,C
3-PA,1939,1126,0,0,0,1126,A
3-PA,1940,1124,0,0,0,1124,A
3-PA,1941,0,1121,0,0,1121,T
3-PA,1942,1102,0,0,0,1102,A
3-PA,1943,0,0,1110,0,1110,G
3-PA,1944,0,1,0,1102,1103,C
3-PA,1945,0,0,0,1111,1111,C
3-PA,1946,0,1090,0,1,1091,T
3-PA,1947,0,0,1136,0,1136,G
3-PA,1948,0,1138,0,0,1138,T
3-PA,1949,1144,0,0,0,1144,A
3-PA,1950,0,1143,0,3,1146,T
3-PA,1951,0,0,1117,0,1117,G
3-PA,1952,0,1,0,1113,1114,C
3-PA,1953,1096,0,1,0,1097,A
3-PA,1954,0,1082,0,2,1084,T
3-PA,1955,0,0,0,1091,1091,C
3-PA,1956,1047,0,3,0,1050,A
3-PA,1957,0,0,0,1074,1074,C
3-PA,1958,0,1,0,1062,1063,C
3-PA,1959,1061,0,1,0,1062,A
3-PA,1960,0,0,0,1074,1074,C
3-PA,1961,1064,0,0,0,1064,A
3-PA,1962,1071,0,0,0,1071,A
3-PA,1963,0,1065,0,0,1065,T
3-PA,1964,0,1063,0,0,1063,T
3-PA,1965,0,0,1063,0,1063,G
3-PA,1966,0,0,1052,0,1052,G
3-PA,1967,1050,0,0,0,1050,A
3-PA,1968,1050,0,1,0,1051,A
3-PA,1969,1,1,1037,0,1039,G
3-PA,1970,1,1,1041,0,1043,G
3-PA,1971,1039,0,1,0,1040,A
3-PA,1972,0,1039,0,2,1041,T
3-PA,1973,0,1045,1,1,1047,T
3-PA,1974,0,1045,0,0,1045,T
3-PA,1975,0,1042,0,0,1042,T
3-PA,1976,1,0,0,1041,1042,C
3-PA,1977,1041,0,1,0,1042,A
3-PA,1978,0,0,1042,0,1042,G
3-PA,1979,0,1,1,1033,1035,C
3-PA,1980,2,0,1031,0,1033,G
3-PA,1981,0,1,1039,0,1040,G
3-PA,1982,1030,0,0,0,1030,A
3-PA,1983,0,0,1049,0,1049,G
3-PA,1984,0,1043,0,1,1044,T
3-PA,1985,1,1,0,1052,1054,C
3-PA,1986,1054,0,1,0,1055,A
3-PA,1987,1050,0,1,0,1051,A
3-PA,1988,0,1,1054,0,1055,G
3-PA,1989,1052,0,0,0,1052,A
3-PA,1990,1039,0,0,0,1039,A
3-PA,1991,1039,0,1,0,1040,A
3-PA,1992,1013,0,0,0,1013,A
3-PA,1993,0,0,0,1014,1014,C
3-PA,1994,0,991,0,0,991,T
3-PA,1995,0,0,997,0,997,G
3-PA,1996,0,0,0,989,989,C
3-PA,1997,0,986,0,5,991,T
3-PA,1998,1,0,0,993,994,C
3-PA,1999,0,0,0,990,990,C
3-PA,2000,0,1009,0,2,1011,T
3-PA,2001,0,1011,0,0,1011,T
3-PA,2002,0,0,1011,0,1011,G
3-PA,2003,0,1011,0,2,1013,T
3-PA,2004,0,1004,0,1,1005,T
3-PA,2005,0,0,1018,0,1018,G
3-PA,2006,0,1015,0,1,1016,T
3-PA,2007,0,1013,0,0,1013,T
3-PA,2008,2,0,0,1007,1009,C
3-PA,2009,997,0,1,0,998,A
3-PA,2010,0,1,1002,0,1003,G
3-PA,2011,0,0,996,0,996,G
3-PA,2012,0,1,0,1005,1006,C
3-PA,2013,0,1005,0,1,1006,T
3-PA,2014,1,0,0,1050,1051,C
3-PA,2015,0,1047,0,0,1047,T
3-PA,2016,0,1047,0,0,1047,T
3-PA,2017,1047,0,0,0,1047,A
3-PA,2018,0,0,1043,0,1043,G
3-PA,2019,0,0,1029,0,1029,G
3-PA,2020,0,1,1032,0,1033,G
3-PA,2021,997,0,0,0,997,A
3-PA,2022,0,0,0,991,991,C
3-PA,2023,921,0,0,0,921,A
3-PA,2024,935,0,0,0,935,A
3-PA,2025,0,0,0,949,949,C
3-PA,2026,0,0,0,945,945,C
3-PA,2027,0,939,0,1,940,T
3-PA,2028,0,0,0,937,937,C
3-PA,2029,0,0,935,0,935,G
3-PA,2030,945,0,1,0,946,A
3-PA,2031,938,1,0,0,939,A
3-PA,2032,0,0,0,947,947,C
3-PA,2033,3,0,0,920,923,C
3-PA,2034,0,901,0,2,903,T
3-PA,2035,0,1,909,0,910,G
3-PA,2036,1,0,907,0,908,G
3-PA,2037,1,2,905,0,908,G
3-PA,2038,899,0,2,0,901,A
3-PA,2039,0,0,0,903,903,C
3-PA,2040,0,0,0,901,901,C
3-PA,2041,0,900,0,1,901,T
3-PA,2042,0,906,0,0,906,T
3-PA,2043,0,906,0,0,906,T
3-PA,2044,0,0,908,0,908,G
3-PA,2045,906,0,0,0,906,A
3-PA,2046,0,906,0,0,906,T
3-PA,2047,2,0,0,914,916,C
3-PA,2048,0,892,0,1,893,T
3-PA,2049,0,895,0,0,895,T
3-PA,2050,2,1,889,0,892,G
3-PA,2051,0,2,890,0,892,G
3-PA,2052,0,3,892,0,895,G
3-PA,2053,1,1,898,0,900,G
3-PA,2054,0,0,886,0,886,G
3-PA,2055,1,0,889,0,890,G
3-PA,2056,0,0,0,876,876,C
3-PA,2057,0,889,0,0,889,T
3-PA,2058,917,0,0,0,917,A
3-PA,2059,0,912,0,2,914,T
3-PA,2060,913,0,0,0,913,A
3-PA,2061,0,913,0,0,913,T
3-PA,2062,1,1,876,0,878,G
3-PA,2063,873,0,0,0,873,A
3-PA,2064,848,0,1,1,850,A
3-PA,2065,0,0,855,0,855,G
3-PA,2066,0,0,0,860,860,C
3-PA,2067,811,0,1,0,812,A
3-PA,2068,836,1,0,0,837,A
3-PA,2069,0,834,0,0,834,T
3-PA,2070,0,836,0,0,836,T
3-PA,2071,1,0,837,0,838,G
3-PA,2072,830,1,1,0,832,A
3-PA,2073,0,1,832,0,833,G
3-PA,2074,0,0,830,0,830,G
3-PA,2075,780,0,1,0,781,A
3-PA,2076,0,1,796,0,797,G
3-PA,2077,0,731,0,0,731,T
3-PA,2078,0,0,731,0,731,G
3-PA,2079,0,2,0,722,724,C
3-PA,2080,0,0,0,726,726,C
3-PA,2081,0,720,1,3,724,T
3-PA,2082,0,0,729,0,729,G
3-PA,2083,734,0,1,0,735,A
3-PA,2084,0,735,0,0,735,T
3-PA,2085,0,709,0,0,709,T
3-PA,2086,705,0,0,0,705,A
3-PA,2087,701,0,1,1,703,A
3-PA,2088,0,693,0,1,694,T
3-PA,2089,0,0,693,0,693,G
3-PA,2090,690,0,0,0,690,A
3-PA,2091,0,657,0,0,657,T
3-PA,2092,0,0,0,658,658,C
3-PA,2093,0,0,0,654,654,C
3-PA,2094,2,0,0,648,650,C
3-PA,2095,0,656,0,1,657,T
3-PA,2096,0,1,651,0,652,G
3-PA,2097,0,1,653,0,654,G
3-PA,2098,0,0,656,0,656,G
3-PA,2099,1,647,0,0,648,T
3-PA,2100,1,613,0,0,614,T
3-PA,2101,0,615,0,0,615,T
3-PA,2102,0,612,0,0,612,T
3-PA,2103,0,0,616,0,616,G
3-PA,2104,0,0,0,608,608,C
3-PA,2105,0,616,0,0,616,T
3-PA,2106,1,1,0,608,610,C
3-PA,2107,599,0,0,0,599,A
3-PA,2108,600,0,0,0,600,A
3-PA,2109,0,596,0,0,596,T
3-PA,2110,0,0,597,0,597,G
3-PA,2111,0,0,0,596,596,C
3-PA,2112,0,0,593,0,593,G
3-PA,2113,0,590,0,0,590,T
3-PA,2114,0,1,0,590,591,C
3-PA,2115,0,589,0,1,590,T
3-PA,2116,0,596,0,0,596,T
3-PA,2117,1,5,584,0,590,G
3-PA,2118,0,0,593,0,593,G
3-PA,2119,0,585,0,1,586,T
3-PA,2120,0,585,0,0,585,T
3-PA,2121,3,0,0,573,576,C
3-PA,2122,569,0,0,1,570,A
3-PA,2123,572,0,0,0,572,A
3-PA,2124,0,0,0,572,572,C
3-PA,2125,0,562,0,0,562,T
3-PA,2126,0,0,0,566,566,C
3-PA,2127,0,0,0,543,543,C
3-PA,2128,0,539,0,1,540,T
3-PA,2129,0,539,0,0,539,T
3-PA,2130,1,0,0,541,542,C
3-PA,2131,0,0,0,543,543,C
3-PA,2132,0,527,0,0,527,T
3-PA,2133,0,0,530,0,530,G
3-PA,2134,527,0,0,0,527,A
3-PA,2135,0,0,0,518,518,C
3-PA,2136,501,1,0,0,502,A
3-PA,2137,0,0,0,470,470,C
3-PA,2138,461,0,1,0,462,A
3-PA,2139,0,456,0,0,456,T
3-PA,2140,0,0,457,0,457,G
3-PA,2141,0,0,0,456,456,C
3-PA,2142,445,0,0,0,445,A
3-PA,2143,0,443,0,0,443,T
3-PA,2144,0,439,0,0,439,T
3-PA,2145,437,0,2,0,439,A
3-PA,2146,440,0,0,0,440,A
3-PA,2147,437,0,0,0,437,A
3-PA,2148,436,0,1,0,437,A
3-PA,2149,0,435,0,0,435,T
3-PA,2150,342,0,0,0,342,A
3-PA,2151,0,0,344,0,344,G
4-HA,1,291,0,0,0,291,A
4-HA,2,0,293,0,0,293,T
4-HA,3,0,0,302,0,302,G
4-HA,4,301,0,0,0,301,A
4-HA,5,303,0,1,0,304,A
4-HA,6,0,0,333,0,333,G
4-HA,7,332,0,1,0,333,A
4-HA,8,0,0,0,364,364,C
4-HA,9,0,366,0,0,366,T
4-HA,10,379,0,0,0,379,A
4-HA,11,0,407,0,0,407,T
4-HA,12,0,0,0,411,411,C
4-HA,13,408,0,1,0,409,A
4-HA,14,0,410,0,0,410,T
4-HA,15,0,410,0,0,410,T
4-HA,16,0,0,439,0,439,G
4-HA,17,0,0,0,440,440,C
4-HA,18,0,445,0,0,445,T
4-HA,19,0,444,0,0,444,T
4-HA,20,0,444,0,0,444,T
4-HA,21,1,0,484,0,485,G
4-HA,22,487,0,0,0,487,A
4-HA,23,0,0,499,0,499,G
4-HA,24,0,1,0,500,501,C
4-HA,25,0,501,0,1,502,T
4-HA,26,542,0,0,0,542,A
4-HA,27,0,0,0,548,548,C
4-HA,28,561,0,0,0,561,A
4-HA,29,0,590,0,0,590,T
4-HA,30,0,593,0,0,593,T
4-HA,31,0,0,0,597,597,C
4-HA,32,0,597,0,1,598,T
4-HA,33,608,0,0,0,608,A
4-HA,34,0,611,0,0,611,T
4-HA,35,1,0,611,0,612,G
4-HA,36,0,612,0,0,612,T
4-HA,37,0,0,0,612,612,C
4-HA,38,0,607,0,2,609,T
4-HA,39,0,0,605,0,605,G
4-HA,40,1,0,608,0,609,G
4-HA,41,0,606,0,0,606,T
4-HA,42,0,605,0,0,605,T
4-HA,43,0,609,0,0,609,T
4-HA,44,0,610,0,0,610,T
4-HA,45,0,1,0,609,610,C
4-HA,46,0,0,605,0,605,G
4-HA,47,0,0,0,609,609,C
4-HA,48,1,602,0,1,604,T
4-HA,49,4,1,0,606,611,C
4-HA,50,609,0,0,0,609,A
4-HA,51,613,0,1,0,614,A
4-HA,52,613,0,0,0,613,A
4-HA,53,608,1,0,0,609,A
4-HA,54,613,0,0,0,613,A
4-HA,55,1,0,0,619,620,C
4-HA,56,0,617,0,0,617,T
4-HA,57,0,621,0,0,621,T
4-HA,58,0,1,0,620,621,C
4-HA,59,1,0,0,620,621,C
4-HA,60,0,621,0,1,622,T
4-HA,61,0,0,628,0,628,G
4-HA,62,0,0,626,0,626,G
4-HA,63,624,0,1,0,625,A
4-HA,64,636,0,0,0,636,A
4-HA,65,637,0,1,0,638,A
4-HA,66,0,649,0,0,649,T
4-HA,67,2,2,646,0,650,G
4-HA,68,651,0,0,0,651,A
4-HA,69,0,0,0,658,658,C
4-HA,70,659,0,0,0,659,A
4-HA,71,655,0,1,0,656,A
4-HA,72,0,0,0,670,670,C
4-HA,73,659,0,1,0,660,A
4-HA,74,0,0,664,0,664,G
4-HA,75,0,1,0,658,659,C
4-HA,76,660,0,0,0,660,A
4-HA,77,0,0,0,683,683,C
4-HA,78,0,1,672,0,673,G
4-HA,79,0,0,678,0,678,G
4-HA,80,0,0,0,683,683,C
4-HA,81,679,0,0,0,679,A
4-HA,82,691,0,0,0,691,A
4-HA,83,0,1,0,695,696,C
4-HA,84,0,0,710,0,710,G
4-HA,85,1,0,0,712,713,C
4-HA,86,0,703,0,0,703,T
4-HA,87,0,0,715,0,715,G
4-HA,88,0,703,0,1,704,T
4-HA,89,1,0,737,0,738,G
4-HA,90,0,0,0,754,754,C
4-HA,91,3,0,0,769,772,C
4-HA,92,0,766,0,0,766,T
4-HA,93,0,759,0,0,759,T
4-HA,94,0,1,764,0,765,G
4-HA,95,0,1,757,0,758,G
4-HA,96,0,0,771,0,771,G
4-HA,97,0,0,0,775,775,C
4-HA,98,775,0,0,0,775,A
4-HA,99,0,0,0,789,789,C
4-HA,100,2,0,0,782,784,C
4-HA,101,867,0,0,0,867,A
4-HA,102,0,866,0,1,867,T
4-HA,103,0,0,872,0,872,G
4-HA,104,0,0,0,874,874,C
4-HA,105,865,1,1,0,867,A
4-HA,106,0,0,939,0,939,G
4-HA,107,0,934,0,0,934,T
4-HA,108,943,0,0,0,943,A
4-HA,109,0,0,0,938,938,C
4-HA,110,1,0,0,908,909,C
4-HA,111,919,0,0,0,919,A
4-HA,112,923,0,0,0,923,A
4-HA,113,923,0,2,0,925,A
4-HA,114,0,0,0,933,933,C
4-HA,115,0,1,906,0,907,G
4-HA,116,0,2,933,0,935,G
4-HA,117,928,0,2,0,930,A
4-HA,118,936,0,1,0,937,A
4-HA,119,0,0,0,939,939,C
4-HA,120,928,0,0,0,928,A
4-HA,121,953,0,0,0,953,A
4-HA,122,0,955,0,1,956,T
4-HA,123,973,0,0,0,973,A
4-HA,124,1,0,972,0,973,G
4-HA,125,0,953,0,0,953,T
4-HA,126,0,2,960,0,962,G
4-HA,127,953,0,1,0,954,A
4-HA,128,954,0,1,0,955,A
4-HA,129,958,0,0,0,958,A
4-HA,130,952,0,1,0,953,A
4-HA,131,0,0,0,969,969,C
4-HA,132,963,0,0,0,963,A
4-HA,133,964,0,2,0,966,A
4-HA,134,0,965,0,1,966,T
4-HA,135,0,1,0,964,965,C
4-HA,136,964,1,1,0,966,A
4-HA,137,0,1,0,973,974,C
4-HA,138,0,2,971,0,973,G
4-HA,139,971,0,0,0,971,A
4-HA,140,963,0,1,0,964,A
4-HA,141,1,967,0,2,970,T
4-HA,142,0,6,967,0,973,G
4-HA,143,975,0,2,0,977,A
4-HA,144,0,0,0,980,980,C
4-HA,145,1,0,0,980,981,C
4-HA,146,1001,0,0,0,1001,A
4-HA,147,1007,0,0,0,1007,A
4-HA,148,1004,0,0,1,1005,A
4-HA,149,0,1010,0,0,1010,T
4-HA,150,0,1012,0,0,1012,T
4-HA,151,0,0,1017,0,1017,G
4-HA,152,1012,0,0,0,1012,A
4-HA,153,1011,0,1,0,1012,A
4-HA,154,0,0,1015,0,1015,G
4-HA,155,0,1011,0,0,1011,T
4-HA,156,0,1050,0,1,1051,T
4-HA,157,1056,0,2,0,1058,A
4-HA,158,0,1,0,1060,1061,C
4-HA,159,0,1066,0,0,1066,T
4-HA,160,1066,0,0,0,1066,A
4-HA,161,1092,0,0,0,1092,A
4-HA,162,0,1090,0,0,1090,T
4-HA,163,0,1,1088,0,1089,G
4-HA,164,0,0,0,1122,1122,C
4-HA,165,0,1106,0,1,1107,T
4-HA,166,1115,0,0,0,1115,A
4-HA,167,0,0,0,1116,1116,C
4-HA,168,0,1108,0,1,1109,T
4-HA,169,0,1,1117,0,1118,G
4-HA,170,1106,1,1,0,1108,A
4-HA,171,0,0,1104,0,1104,G
4-HA,172,0,1,0,1105,1106,C
4-HA,173,0,1080,0,1,1081,T
4-HA,174,0,0,1115,0,1115,G
4-HA,175,0,0,1135,0,1135,G
4-HA,176,0,1133,0,0,1133,T
4-HA,177,0,1138,0,0,1138,T
4-HA,178,2,0,0,1135,1137,C
4-HA,179,1129,0,0,0,1129,A
4-HA,180,0,0,1138,0,1138,G
4-HA,181,1126,0,5,0,1131,A
4-HA,182,0,0,1156,0,1156,G
4-HA,183,0,1159,0,0,1159,T
4-HA,184,0,1148,0,0,1148,T
4-HA,185,2,1,0,1153,1156,C
4-HA,186,0,0,0,1163,1163,C
4-HA,187,0,1164,0,1,1165,T
4-HA,188,1,0,0,1160,1161,C
4-HA,189,1162,0,1,0,1163,A
4-HA,190,1162,0,2,0,1164,A
4-HA,191,0,1,0,1167,1168,C
4-HA,192,1130,0,1,0,1131,A
4-HA,193,1,1,1148,0,1150,G
4-HA,194,1,0,1147,0,1148,G
4-HA,195,0,1130,0,3,1133,T
4-HA,196,1,3,1140,0,1144,G
4-HA,197,1145,0,3,0,1148,A
4-HA,198,1147,0,0,0,1147,A
4-HA,199,1181,0,0,0,1181,A
4-HA,200,0,1172,0,0,1172,T
4-HA,201,1185,0,1,0,1186,A
4-HA,202,0,1169,0,0,1169,T
4-HA,203,0,1,1162,0,1163,G
4-HA,204,0,2,0,1169,1171,C
4-HA,205,0,1,1161,0,1162,G
4-HA,206,1156,0,2,0,1158,A
4-HA,207,1,1,0,1163,1165,C
4-HA,208,1138,0,2,0,1140,A
4-HA,209,0,0,1208,0,1208,G
4-HA,210,0,1201,0,3,1204,T
4-HA,211,1,0,0,1212,1213,C
4-HA,212,0,0,0,1218,1218,C
4-HA,213,0,1206,0,2,1208,T
4-HA,214,0,2,0,1232,1234,C
4-HA,215,1230,0,1,0,1231,A
4-HA,216,0,1233,1,0,1234,T
4-HA,217,2,0,0,1232,1234,C
4-HA,218,1176,1,0,0,1177,A
4-HA,219,0,0,1190,0,1190,G
4-HA,220,1169,1,1,0,1171,A
4-HA,221,0,1177,0,0,1177,T
4-HA,222,0,0,0,1183,1183,C
4-HA,223,0,0,0,1181,1181,C
4-HA,224,0,1195,0,0,1195,T
4-HA,225,0,1197,0,0,1197,T
4-HA,226,1,1,1193,0,1195,G
4-HA,227,1196,0,1,1,1198,A
4-HA,228,1,1199,0,0,1200,T
4-HA,229,1,0,1212,0,1213,G
4-HA,230,1,0,1208,0,1209,G
4-HA,231,1198,0,4,1,1203,A
4-HA,232,0,1,1209,0,1210,G
4-HA,233,1198,0,0,0,1198,A
4-HA,234,0,2,1186,0,1188,G
4-HA,235,1207,0,1,0,1208,A
4-HA,236,1213,0,2,0,1215,A
4-HA,237,1,0,0,1226,1227,C
4-HA,238,0,1219,0,0,1219,T
4-HA,239,0,0,1242,0,1242,G
4-HA,240,0,1,1,1234,1236,C
4-HA,241,1232,0,1,0,1233,A
4-HA,242,1,0,0,1282,1283,C
4-HA,243,1263,0,2,0,1265,A
4-HA,244,2,0,0,1406,1408,C
4-HA,245,0,1403,0,0,1403,T
4-HA,246,1415,0,1,0,1416,A
4-HA,247,1413,0,1,0,1414,A
4-HA,248,0,1416,0,1,1417,T
4-HA,249,1410,0,1,0,1411,A
4-HA,250,1,0,1416,0,1417,G
4-HA,251,1389,0,2,0,1391,A
4-HA,252,0,1361,0,0,1361,T
4-HA,253,1,0,1308,0,1309,G
4-HA,254,0,0,0,1318,1318,C
4-HA,255,0,1310,0,2,1312,T
4-HA,256,1,1,0,1420,1422,C
4-HA,257,0,1416,0,1,1417,T
4-HA,258,1461,0,1,0,1462,A
4-HA,259,0,1459,0,0,1459,T
4-HA,260,0,1454,0,0,1454,T
4-HA,261,2,2,1478,0,1482,G
4-HA,262,0,0,1476,0,1476,G
4-HA,263,0,0,1478,0,1478,G
4-HA,264,1457,0,1,1,1459,A
4-HA,265,1,0,1444,0,1445,G
4-HA,266,1417,0,2,0,1419,A
4-HA,267,0,0,2,1625,1627,C
4-HA,268,0,0,0,1679,1679,C
4-HA,269,2,0,0,1702,1704,C
4-HA,270,0,1726,0,3,1729,T
4-HA,271,1,0,0,1754,1755,C
4-HA,272,1758,0,1,0,1759,A
4-HA,273,1334,0,497,0,1831,A
4-HA,274,0,1870,0,4,1874,T
4-HA,275,0,0,1928,0,1928,G
4-HA,276,0,1911,0,1,1912,T
4-HA,277,3,2,1911,0,1916,G
4-HA,278,1905,1,2,1,1909,A
4-HA,279,0,1897,0,2,1899,T
4-HA,280,1,3,1894,0,1898,G
4-HA,281,0,0,1884,0,1884,G
4-HA,282,0,2,0,1891,1893,C
4-HA,283,0,1889,0,2,1891,T
4-HA,284,0,1888,0,0,1888,T
4-HA,285,0,0,0,1897,1897,C
4-HA,286,2,0,0,1893,1895,C
4-HA,287,1902,0,0,0,1902,A
4-HA,288,1913,0,1,0,1914,A
4-HA,289,1914,0,0,1,1915,A
4-HA,290,1926,0,0,0,1926,A
4-HA,291,0,1938,0,0,1938,T
4-HA,292,1931,0,0,0,1931,A
4-HA,293,1941,0,3,0,1944,A
4-HA,294,12,1,1933,0,1946,G
4-HA,295,1958,0,0,0,1958,A
4-HA,296,1968,0,0,0,1968,A
4-HA,297,1960,0,0,0,1960,A
4-HA,298,0,1979,0,0,1979,T
4-HA,299,3,2,1972,0,1977,G
4-HA,300,0,4,1940,0,1944,G
4-HA,301,2,3,1946,0,1951,G
4-HA,302,1935,0,4,0,1939,A
4-HA,303,0,0,0,1991,1991,C
4-HA,304,0,1,0,1993,1994,C
4-HA,305,0,2012,0,5,2017,T
4-HA,306,0,2021,0,3,2024,T
4-HA,307,0,2018,0,0,2018,T
4-HA,308,0,2033,0,0,2033,T
4-HA,309,0,2034,0,3,2037,T
4-HA,310,0,0,2042,0,2042,G
4-HA,311,0,2043,0,2,2045,T
4-HA,312,0,2036,0,0,2036,T
4-HA,313,2,3,2039,0,2044,G
4-HA,314,2019,0,2,0,2021,A
4-HA,315,2033,0,0,0,2033,A
4-HA,316,1,1,0,2036,2038,C
4-HA,317,1,0,2024,0,2025,G
4-HA,318,0,1,0,2055,2056,C
4-HA,319,2057,0,2,0,2059,A
4-HA,320,0,0,2068,0,2068,G
4-HA,321,0,0,0,2059,2059,C
4-HA,322,2064,0,1,0,2065,A
4-HA,323,2057,0,0,0,2057,A
4-HA,324,2041,0,4,0,2045,A
4-HA,325,0,0,2167,0,2167,G
4-HA,326,0,0,0,2165,2165,C
4-HA,327,5,2,0,2158,2165,C
4-HA,328,0,2159,0,1,2160,T
4-HA,329,2148,1,3,0,2152,A
4-HA,330,0,1,0,2169,2170,C
4-HA,331,2172,0,2,0,2174,A
4-HA,332,0,1,2175,0,2176,G
4-HA,333,0,1,0,2148,2149,C
4-HA,334,2122,0,0,0,2122,A
4-HA,335,2138,0,0,0,2138,A
4-HA,336,0,0,0,2233,2233,C
4-HA,337,0,2239,0,0,2239,T
4-HA,338,0,1,2247,0,2248,G
4-HA,339,1,2221,0,4,2226,T
4-HA,340,0,2216,0,1,2217,T
4-HA,341,2218,0,0,0,2218,A
4-HA,342,0,0,0,2433,2433,C
4-HA,343,3,0,0,2433,2436,C
4-HA,344,2,0,0,2493,2495,C
4-HA,345,0,2427,1,5,2433,T
4-HA,346,0,2436,0,1,2437,T
4-HA,347,2433,0,0,0,2433,A
4-HA,348,0,2435,0,0,2435,T
4-HA,349,3,3,2428,0,2434,G
4-HA,350,2423,0,0,0,2423,A
4-HA,351,0,2289,0,1,2290,T
4-HA,352,0,0,2331,0,2331,G
4-HA,353,0,2282,0,3,2285,T
4-HA,354,3,1,2280,0,2284,G
4-HA,355,0,1,0,2288,2289,C
4-HA,356,1,1,0,2287,2289,C
4-HA,357,1,3,2330,0,2334,G
4-HA,358,0,4,2352,0,2356,G
4-HA,359,2359,0,1,0,2360,A
4-HA,360,0,2369,0,0,2369,T
4-HA,361,0,2347,0,0,2347,T
4-HA,362,2358,1,0,0,2359,A
4-HA,363,0,2353,0,1,2354,T
4-HA,364,1,1,2343,0,2345,G
4-HA,365,0,0,0,2339,2339,C
4-HA,366,1,2,0,2334,2337,C
4-HA,367,1,2359,0,3,2363,T
4-HA,368,1,1,0,2494,2496,C
4-HA,369,0,1,0,2519,2520,C
4-HA,370,3,0,0,2526,2529,C
4-HA,371,0,2509,0,1,2510,T
4-HA,372,0,2518,0,0,2518,T
4-HA,373,2507,0,0,0,2507,A
4-HA,374,0,0,2547,0,2547,G
4-HA,375,2,1,2565,0,2568,G
4-HA,376,0,2513,0,2,2515,T
4-HA,377,3,0,0,2456,2459,C
4-HA,378,2417,0,3,1,2421,A
4-HA,379,1,0,0,2490,2491,C
4-HA,380,0,2500,0,0,2500,T
4-HA,381,2504,0,0,0,2504,A
4-HA,382,2,0,2496,0,2498,G
4-HA,383,0,2469,0,2,2471,T
4-HA,384,0,2467,0,1,2468,T
4-HA,385,0,0,2518,0,2518,G
4-HA,386,0,1,0,2501,2502,C
4-HA,387,2,1,0,2501,2504,C
4-HA,388,0,2462,0,4,2466,T
4-HA,389,5,1,0,2471,2477,C
4-HA,390,2579,0,0,0,2579,A
4-HA,391,0,2573,0,1,2574,T
4-HA,392,0,0,0,2576,2576,C
4-HA,393,4,2,0,2575,2581,C
4-HA,394,3,4,2549,0,2556,G
4-HA,395,1,0,2567,0,2568,G
4-HA,396,0,1,0,2578,2579,C
4-HA,397,2617,0,0,0,2617,A
4-HA,398,0,1,0,2655,2656,C
4-HA,399,2600,0,1,0,2601,A
4-HA,400,0,0,0,2628,2628,C
4-HA,401,0,2619,0,2,2621,T
4-HA,402,1,0,2626,1,2628,G
4-HA,403,1,0,2661,0,2662,G
4-HA,404,2625,0,4,0,2629,A
4-HA,405,1,0,2673,0,2674,G
4-HA,406,0,2656,0,0,2656,T
4-HA,407,0,2642,0,1,2643,T
4-HA,408,0,2649,0,1,2650,T
4-HA,409,2642,0,0,0,2642,A
4-HA,410,2634,0,4,0,2638,A
4-HA,411,0,1,0,2658,2659,C
4-HA,412,2606,0,0,0,2606,A
4-HA,413,2608,0,0,0,2608,A
4-HA,414,0,2604,0,0,2604,T
4-HA,415,2,2,2601,0,2605,G
4-HA,416,2590,1,1,0,2592,A
4-HA,417,2600,0,0,0,2600,A
4-HA,418,2597,0,9,1,2607,A
4-HA,419,0,0,2606,0,2606,G
4-HA,420,1,0,0,2624,2625,C
4-HA,421,1,2627,0,0,2628,T
4-HA,422,0,2620,0,1,2621,T
4-HA,423,1,2,0,2652,2655,C
4-HA,424,2654,0,2,1,2657,A
4-HA,425,2653,1,1,0,2655,A
4-HA,426,0,2650,0,4,2654,T
4-HA,427,0,2648,0,0,2648,T
4-HA,428,0,1,2710,0,2711,G
4-HA,429,2,3,2760,0,2765,G
4-HA,430,2771,0,4,0,2775,A
4-HA,431,0,3,0,2775,2778,C
4-HA,432,0,2764,0,2,2766,T
4-HA,433,2,0,2774,0,2776,G
4-HA,434,2,1,2775,0,2778,G
4-HA,435,2767,0,5,1,2773,A
4-HA,436,2,0,2776,0,2778,G
4-HA,437,0,2737,0,3,2740,T
4-HA,438,2,1,0,2704,2707,C
4-HA,439,2720,0,3,0,2723,A
4-HA,440,0,0,0,2745,2745,C
4-HA,441,1,2727,0,2,2730,T
4-HA,442,4,1,0,2743,2748,C
4-HA,443,2710,0,2,1,2713,A
4-HA,444,2724,0,1,0,2725,A
4-HA,445,2709,0,1,0,2710,A
4-HA,446,2711,0,2,1,2714,A
4-HA,447,0,3,0,2729,2732,C
4-HA,448,0,1,2708,1,2710,G
4-HA,449,0,9,2735,0,2744,G
4-HA,450,2734,0,4,0,2738,A
4-HA,451,2735,0,6,0,2741,A
4-HA,452,0,1,0,2759,2760,C
4-HA,453,2739,0,0,0,2739,A
4-HA,454,2755,0,4,0,2759,A
4-HA,455,2,1,2758,0,2761,G
4-HA,456,0,1,0,2755,2756,C
4-HA,457,0,2750,0,1,2751,T
4-HA,458,3,0,0,2768,2771,C
4-HA,459,0,2753,0,0,2753,T
4-HA,460,1,0,2753,0,2754,G
4-HA,461,0,0,0,2756,2756,C
4-HA,462,0,2751,1,5,2757,T
4-HA,463,0,2824,0,1,2825,T
4-HA,464,1,0,2872,0,2873,G
4-HA,465,0,2,0,2906,2908,C
4-HA,466,2889,0,1,16,2906,A
4-HA,467,0,2888,0,0,2888,T
4-HA,468,2882,1,2,0,2885,A
4-HA,469,2871,0,1,0,2872,A
4-HA,470,1,2,2864,0,2867,G
4-HA,471,0,0,2868,1,2869,G
4-HA,472,2743,0,7,0,2750,A
4-HA,473,2,0,2746,0,2748,G
4-HA,474,2719,0,1,0,2720,A
4-HA,475,0,2836,0,0,2836,T
4-HA,476,1,0,0,2849,2850,C
4-HA,477,1,2866,0,1,2868,T
4-HA,478,2871,0,0,0,2871,A
4-HA,479,2862,0,1,0,2863,A
4-HA,480,1,2863,0,0,2864,T
4-HA,481,2863,0,0,0,2863,A
4-HA,482,2825,0,4,0,2829,A
4-HA,483,0,1,0,2843,2844,C
4-HA,484,2736,0,0,0,2736,A
4-HA,485,1,0,2753,0,2754,G
4-HA,486,0,2713,0,2,2715,T
4-HA,487,1,2773,0,2,2776,T
4-HA,488,0,2779,0,0,2779,T
4-HA,489,2,1,0,2845,2848,C
4-HA,490,0,2842,0,2,2844,T
4-HA,491,0,2864,0,1,2865,T
4-HA,492,1,2859,0,0,2860,T
4-HA,493,2845,0,2,0,2847,A
4-HA,494,1,0,2845,0,2846,G
4-HA,495,0,2826,0,0,2826,T
4-HA,496,2807,1,2,0,2810,A
4-HA,497,0,2,2830,0,2832,G
4-HA,498,2776,0,1,0,2777,A
4-HA,499,0,2773,0,1,2774,T
4-HA,500,0,2773,0,0,2773,T
4-HA,501,1,2,2843,0,2846,G
4-HA,502,2843,0,0,0,2843,A
4-HA,503,2842,0,2,0,2844,A
4-HA,504,0,2846,0,3,2849,T
4-HA,505,1,2810,0,1,2812,T
4-HA,506,1,0,2864,0,2865,G
4-HA,507,0,0,2859,0,2859,G
4-HA,508,0,2853,0,1,2854,T
4-HA,509,0,2864,0,1,2865,T
4-HA,510,1,5,2813,0,2819,G
4-HA,511,2812,0,3,1,2816,A
4-HA,512,0,1,0,2793,2794,C
4-HA,513,3,0,0,2789,2792,C
4-HA,514,6,0,0,2809,2815,C
4-HA,515,2799,0,0,0,2799,A
4-HA,516,0,1,0,2813,2814,C
4-HA,517,0,2810,0,1,2811,T
4-HA,518,0,2827,0,1,2828,T
4-HA,519,2830,0,0,0,2830,A
4-HA,520,2828,0,0,0,2828,A
4-HA,521,2826,0,0,0,2826,A
4-HA,522,2843,0,1,1,2845,A
4-HA,523,1,2873,0,0,2874,T
4-HA,524,0,2859,0,0,2859,T
4-HA,525,5,0,0,2870,2875,C
4-HA,526,2871,1,2,0,2874,A
4-HA,527,2873,0,2,0,2875,A
4-HA,528,2876,0,0,0,2876,A
4-HA,529,0,2872,0,0,2872,T
4-HA,530,2926,0,0,0,2926,A
4-HA,531,0,1,0,2954,2955,C
4-HA,532,0,0,0,2890,2890,C
4-HA,533,2,2,0,2904,2908,C
4-HA,534,2893,0,3,0,2896,A
4-HA,535,0,0,3015,0,3015,G
4-HA,536,0,0,0,3031,3031,C
4-HA,537,3036,0,2,0,3038,A
4-HA,538,0,3024,0,2,3026,T
4-HA,539,0,2956,0,0,2956,T
4-HA,540,3,4,3047,0,3054,G
4-HA,541,3048,0,2,0,3050,A
4-HA,542,3050,1,4,0,3055,A
4-HA,543,0,0,0,3051,3051,C
4-HA,544,1,0,2956,0,2957,G
4-HA,545,0,2960,0,3,2963,T
4-HA,546,1,4,2966,0,2971,G
4-HA,547,2963,0,5,0,2968,A
4-HA,548,0,0,0,2977,2977,C
4-HA,549,0,2886,0,3,2889,T
4-HA,550,2983,0,2,0,2985,A
4-HA,551,0,2968,0,2,2970,T
4-HA,552,0,0,3004,1,3005,G
4-HA,553,1,5,0,2997,3003,C
4-HA,554,4,1,0,2963,2968,C
4-HA,555,2965,3,0,0,2968,A
4-HA,556,2959,0,0,0,2959,A
4-HA,557,2999,0,1,0,3000,A
4-HA,558,1,0,0,3025,3026,C
4-HA,559,2938,0,0,0,2938,A
4-HA,560,2936,0,4,0,2940,A
4-HA,561,1,2908,0,0,2909,T
4-HA,562,0,5,2913,0,2918,G
4-HA,563,2920,1,5,0,2926,A
4-HA,564,2923,0,0,0,2923,A
4-HA,565,0,0,1,2876,2877,C
4-HA,566,2887,0,0,0,2887,A
4-HA,567,2900,0,0,0,2900,A
4-HA,568,0,2903,0,0,2903,T
4-HA,569,0,2895,0,1,2896,T
4-HA,570,0,2904,0,0,2904,T
4-HA,571,0,7,2888,0,2895,G
4-HA,572,2905,2,0,1,2908,A
4-HA,573,0,0,0,2912,2912,C
4-HA,574,2928,0,0,0,2928,A
4-HA,575,2921,0,0,0,2921,A
4-HA,576,2943,0,1,0,2944,A
4-HA,577,0,2969,0,0,2969,T
4-HA,578,0,2965,0,0,2965,T
4-HA,579,0,0,2978,0,2978,G
4-HA,580,0,2969,0,0,2969,T
4-HA,581,2967,4,2,0,2973,A
4-HA,582,1,1,0,3050,3052,C
4-HA,583,3044,0,0,0,3044,A
4-HA,584,0,3100,0,1,3101,T
4-HA,585,0,3055,0,0,3055,T
4-HA,586,0,3061,1,1,3063,T
4-HA,587,1,5,3043,0,3049,G
4-HA,588,2,4,3029,0,3035,G
4-HA,589,2,4,3025,0,3031,G
4-HA,590,0,5,3029,0,3034,G
4-HA,591,1,3,2981,0,2985,G
4-HA,592,3,1,3086,0,3090,G
4-HA,593,0,3031,0,2,3033,T
4-HA,594,0,3045,0,1,3046,T
4-HA,595,2,1,0,3058,3061,C
4-HA,596,3047,1,2,0,3050,A
4-HA,597,0,0,0,3071,3071,C
4-HA,598,3,3,0,3052,3058,C
4-HA,599,3053,0,2,0,3055,A
4-HA,600,1,2,0,3103,3106,C
4-HA,601,1,1,0,3038,3040,C
4-HA,602,5,2,0,3020,3027,C
4-HA,603,2,2,3027,0,3031,G
4-HA,604,0,1,3172,0,3173,G
4-HA,605,1,1,3174,0,3176,G
4-HA,606,0,3126,0,3,3129,T
4-HA,607,3163,0,0,0,3163,A
4-HA,608,1,1,0,3128,3130,C
4-HA,609,0,4,3084,0,3088,G
4-HA,610,0,3,3126,0,3129,G
4-HA,611,3129,0,3,0,3132,A
4-HA,612,1,1,1,3145,3148,C
4-HA,613,2996,0,2,1,2999,A
4-HA,614,2986,0,1,0,2987,A
4-HA,615,2,2990,0,0,2992,T
4-HA,616,2,7,3013,0,3022,G
4-HA,617,3029,0,3,0,3032,A
4-HA,618,1,1,0,3019,3021,C
4-HA,619,2,0,0,2984,2986,C
4-HA,620,2981,0,0,0,2981,A
4-HA,621,2974,0,1,0,2975,A
4-HA,622,3032,0,0,1,3033,A
4-HA,623,0,3004,0,0,3004,T
4-HA,624,3,0,0,3058,3061,C
4-HA,625,0,2957,0,4,2961,T
4-HA,626,1,2923,0,0,2924,T
4-HA,627,2,0,0,2990,2992,C
4-HA,628,0,0,0,3019,3019,C
4-HA,629,1,2997,0,3,3001,T
4-HA,630,2,0,3047,0,3049,G
4-HA,631,1,2987,1,2,2991,T
4-HA,632,3023,0,0,0,3023,A
4-HA,633,0,3008,0,0,3008,T
4-HA,634,1,0,3029,0,3030,G
4-HA,635,1,1,0,3037,3039,C
4-HA,636,1,3003,0,11,3015,T
4-HA,637,3,5,1,3028,3037,C
4-HA,638,3034,0,4,1,3039,A
4-HA,639,3025,0,6,0,3031,A
4-HA,640,0,1,3042,0,3043,G
4-HA,641,0,0,0,3118,3118,C
4-HA,642,3119,0,1,0,3120,A
4-HA,643,0,3076,0,1,3077,T
4-HA,644,1,1,0,3087,3089,C
4-HA,645,2856,0,230,0,3086,A
4-HA,646,0,2,3099,0,3101,G
4-HA,647,1,1,3108,0,3110,G
4-HA,648,3098,1,0,0,3099,A
4-HA,649,3060,0,2,0,3062,A
4-HA,650,0,2,3040,0,3042,G
4-HA,651,3038,0,1,1,3040,A
4-HA,652,3062,0,3,0,3065,A
4-HA,653,1,3079,0,2,3082,T
4-HA,654,3,2,1,3091,3097,C
4-HA,655,3080,1,2,0,3083,A
4-HA,656,0,0,0,3075,3075,C
4-HA,657,3071,0,2,0,3073,A
4-HA,658,1,0,3162,0,3163,G
4-HA,659,0,3095,0,1,3096,T
4-HA,660,6,0,1,3126,3133,C
4-HA,661,0,3093,0,1,3094,T
4-HA,662,3,0,0,3179,3182,C
4-HA,663,2,3179,0,1,3182,T
4-HA,664,3203,0,1,0,3204,A
4-HA,665,0,2,0,3205,3207,C
4-HA,666,1,0,0,3214,3215,C
4-HA,667,3170,0,1,0,3171,A
4-HA,668,3163,2,2,0,3167,A
4-HA,669,3141,0,0,0,3141,A
4-HA,670,3138,0,2,0,3140,A
4-HA,671,2,1,3133,0,3136,G
4-HA,672,3064,0,2,0,3066,A
4-HA,673,3049,0,1,0,3050,A
4-HA,674,0,0,3066,0,3066,G
4-HA,675,0,2,0,3057,3059,C
4-HA,676,1,0,0,3088,3089,C
4-HA,677,3078,0,1,0,3079,A
4-HA,678,3081,1,3,0,3085,A
4-HA,679,0,1,0,3084,3085,C
4-HA,680,3097,1,0,0,3098,A
4-HA,681,3093,0,1,2,3096,A
4-HA,682,3089,0,2,0,3091,A
4-HA,683,0,2,0,3128,3130,C
4-HA,684,1,3117,0,1,3119,T
4-HA,685,2,0,3113,0,3115,G
4-HA,686,2,3107,0,3,3112,T
4-HA,687,3124,0,0,0,3124,A
4-HA,688,3125,1,4,0,3130,A
4-HA,689,0,3089,0,2,3091,T
4-HA,690,1,1,0,3128,3130,C
4-HA,691,1,1,0,3118,3120,C
4-HA,692,1,0,0,3080,3081,C
4-HA,693,2,1,3086,0,3089,G
4-HA,694,3083,0,1,0,3084,A
4-HA,695,3085,0,2,0,3087,A
4-HA,696,0,3089,0,0,3089,T
4-HA,697,3099,0,1,0,3100,A
4-HA,698,0,3060,0,2,3062,T
4-HA,699,3,1,0,3060,3064,C
4-HA,700,1,1,3059,0,3061,G
4-HA,701,1,1,3110,0,3112,G
4-HA,702,3106,0,0,0,3106,A
4-HA,703,0,3137,0,2,3139,T
4-HA,704,3,0,0,3146,3149,C
4-HA,705,1,3146,0,3,3150,T
4-HA,706,3142,0,4,0,3146,A
4-HA,707,1,6,3152,0,3159,G
4-HA,708,3156,0,5,0,3161,A
4-HA,709,0,0,0,3155,3155,C
4-HA,710,3,3,1,3034,3041,C
4-HA,711,7,1,0,3039,3047,C
4-HA,712,3031,0,2,1,3034,A
4-HA,713,2,0,3195,0,3197,G
4-HA,714,3188,0,3,0,3191,A
4-HA,715,1,1,3216,0,3218,G
4-HA,716,0,3179,0,1,3180,T
4-HA,717,3146,0,3,1,3150,A
4-HA,718,3146,0,3,0,3149,A
4-HA,719,2,3,3194,0,3199,G
4-HA,720,1,0,3205,0,3206,G
4-HA,721,3178,0,1,0,3179,A
4-HA,722,2950,0,4,0,2954,A
4-HA,723,1,2943,0,1,2945,T
4-HA,724,2958,0,1,0,2959,A
4-HA,725,0,2935,0,1,2936,T
4-HA,726,0,0,0,2979,2979,C
4-HA,727,2,0,0,2981,2983,C
4-HA,728,0,0,0,2955,2955,C
4-HA,729,0,2928,0,4,2932,T
4-HA,730,2948,0,0,0,2948,A
4-HA,731,1,0,2949,0,2950,G
4-HA,732,1,0,0,2962,2963,C
4-HA,733,2866,1,2,1,2870,A
4-HA,734,1,2,2962,0,2965,G
4-HA,735,2913,0,2,0,2915,A
4-HA,736,2918,0,0,2,2920,A
4-HA,737,0,2926,1,2,2929,T
4-HA,738,2929,0,1,0,2930,A
4-HA,739,2930,1,2,0,2933,A
4-HA,740,1,0,2921,0,2922,G
4-HA,741,0,1,0,2930,2931,C
4-HA,742,2940,0,0,0,2940,A
4-HA,743,0,2839,0,1,2840,T
4-HA,744,3,1,0,2992,2996,C
4-HA,745,0,2982,0,2,2984,T
4-HA,746,3012,0,0,0,3012,A
4-HA,747,0,2995,0,2,2997,T
4-HA,748,0,2995,0,3,2998,T
4-HA,749,1,3,3009,0,3013,G
4-HA,750,2,3,2984,0,2989,G
4-HA,751,2994,1,2,0,2997,A
4-HA,752,0,0,0,3003,3003,C
4-HA,753,2803,0,1,0,2804,A
4-HA,754,2857,0,1,0,2858,A
4-HA,755,1,2971,0,0,2972,T
4-HA,756,3013,0,2,0,3015,A
4-HA,757,3,1,3021,0,3025,G
4-HA,758,0,2989,0,0,2989,T
4-HA,759,3005,0,0,0,3005,A
4-HA,760,3010,0,1,0,3011,A
4-HA,761,3036,0,0,0,3036,A
4-HA,762,3046,0,1,2,3049,A
4-HA,763,0,0,0,3080,3080,C
4-HA,764,3,1,0,2965,2969,C
4-HA,765,1,2,2950,1,2954,G
4-HA,766,1,1,2976,0,2978,G
4-HA,767,1,4,3003,0,3008,G
4-HA,768,3010,0,2,0,3012,A
4-HA,769,1,3,3106,0,3110,G
4-HA,770,3172,0,10,0,3182,A
4-HA,771,1,0,0,3183,3184,C
4-HA,772,3194,1,0,8,3203,A
4-HA,773,0,3344,0,2,3346,T
4-HA,774,3363,0,4,0,3367,A
4-HA,775,0,1,0,3397,3398,C
4-HA,776,1,3349,0,7,3357,T
4-HA,777,1,310,0,2977,3288,C
4-HA,778,0,3492,0,2,3494,T
4-HA,779,1,3528,0,0,3529,T
4-HA,780,1,4,3545,0,3550,G
4-HA,781,3577,0,3,0,3580,A
4-HA,782,0,3494,0,3,3497,T
4-HA,783,1,3562,0,1,3564,T
4-HA,784,3520,0,0,0,3520,A
4-HA,785,3523,0,2,1,3526,A
4-HA,786,0,0,0,3548,3548,C
4-HA,787,3485,0,0,0,3485,A
4-HA,788,0,0,3601,0,3601,G
4-HA,789,0,0,0,3586,3586,C
4-HA,790,3591,0,1,0,3592,A
4-HA,791,0,0,1,3607,3608,C
4-HA,792,3570,1,4,1,3576,A
4-HA,793,0,4,3594,0,3598,G
4-HA,794,2,1,3580,0,3583,G
4-HA,795,0,3,3699,0,3702,G
4-HA,796,3675,0,2,0,3677,A
4-HA,797,3660,0,1,0,3661,A
4-HA,798,0,3671,0,2,3673,T
4-HA,799,2,0,0,3659,3661,C
4-HA,800,0,3714,0,3,3717,T
4-HA,801,3719,0,0,0,3719,A
4-HA,802,3708,0,1,0,3709,A
4-HA,803,1,3700,0,0,3701,T
4-HA,804,0,3604,0,1,3605,T
4-HA,805,3,2,3641,0,3646,G
4-HA,806,0,2,0,3732,3734,C
4-HA,807,0,3810,0,7,3817,T
4-HA,808,8,0,0,3921,3929,C
4-HA,809,4,0,0,3932,3936,C
4-HA,810,1,3925,0,6,3932,T
4-HA,811,3949,0,2,0,3951,A
4-HA,812,0,5,3954,0,3959,G
4-HA,813,0,5,3973,0,3978,G
4-HA,814,0,2,3975,1,3978,G
4-HA,815,0,3,3926,1,3930,G
4-HA,816,0,3831,0,3,3834,T
4-HA,817,1,3803,0,1,3805,T
4-HA,818,3808,0,1,0,3809,A
4-HA,819,0,0,0,3842,3842,C
4-HA,820,1,3832,0,8,3841,T
4-HA,821,0,3852,0,3,3855,T
4-HA,822,2,2,0,3849,3853,C
4-HA,823,3841,0,0,1,3842,A
4-HA,824,3840,0,1,0,3841,A
4-HA,825,3841,0,3,1,3845,A
4-HA,826,3862,0,4,0,3866,A
4-HA,827,0,3846,0,1,3847,T
4-HA,828,3811,0,0,0,3811,A
4-HA,829,0,0,0,3814,3814,C
4-HA,830,1,2,3812,0,3815,G
4-HA,831,3801,0,0,0,3801,A
4-HA,832,3807,0,3,1,3811,A
4-HA,833,1,2,3847,0,3850,G
4-HA,834,0,3817,0,4,3821,T
4-HA,835,2,8,3843,0,3853,G
4-HA,836,0,3,3876,0,3879,G
4-HA,837,0,2,3878,0,3880,G
4-HA,838,3884,1,1,0,3886,A
4-HA,839,3881,0,2,0,3883,A
4-HA,840,3878,1,3,0,3882,A
4-HA,841,3853,1,8,0,3862,A
4-HA,842,1,0,3902,0,3903,G
4-HA,843,1,0,0,3884,3885,C
4-HA,844,0,3830,0,4,3834,T
4-HA,845,11,1,0,3888,3900,C
4-HA,846,3911,1,1,0,3913,A
4-HA,847,3938,0,0,0,3938,A
4-HA,848,0,3941,0,1,3942,T
4-HA,849,3959,0,0,0,3959,A
4-HA,850,3963,0,1,0,3964,A
4-HA,851,0,3896,0,3,3899,T
4-HA,852,0,3,3919,0,3922,G
4-HA,853,3885,2,3,0,3890,A
4-HA,854,1,2,3999,0,4002,G
4-HA,855,3995,0,1,0,3996,A
4-HA,856,0,3954,0,1,3955,T
4-HA,857,4,0,0,4035,4039,C
4-HA,858,4000,0,6,0,4006,A
4-HA,859,3,1,4079,0,4083,G
4-HA,860,4084,0,4,0,4088,A
4-HA,861,0,4056,0,1,4057,T
4-HA,862,1,0,4056,0,4057,G
4-HA,863,0,2,0,3967,3969,C
4-HA,864,3965,0,8,0,3973,A
4-HA,865,2,1,0,4049,4052,C
4-HA,866,5,0,0,3996,4001,C
4-HA,867,1,1,0,4005,4007,C
4-HA,868,3938,0,3,1,3942,A
4-HA,869,0,3927,1,2,3930,T
4-HA,870,0,3919,0,2,3921,T
4-HA,871,2,4,3949,0,3955,G
4-HA,872,0,2,3937,0,3939,G
4-HA,873,0,1,1,3953,3955,C
4-HA,874,3888,0,0,0,3888,A
4-HA,875,3872,1,1,0,3874,A
4-HA,876,3935,0,0,0,3935,A
4-HA,877,0,3927,0,0,3927,T
4-HA,878,1,0,3925,0,3926,G
4-HA,879,1,0,0,3926,3927,C
4-HA,880,3888,0,1,1,3890,A
4-HA,881,3975,0,3,0,3978,A
4-HA,882,1,3967,0,1,3969,T
4-HA,883,1,3978,0,1,3980,T
4-HA,884,4,3,0,3998,4005,C
4-HA,885,0,3927,1,2,3930,T
4-HA,886,0,5,3982,0,3987,G
4-HA,887,3976,0,1,0,3977,A
4-HA,888,3999,1,2,0,4002,A
4-HA,889,0,3988,0,3,3991,T
4-HA,890,2,1,3930,0,3933,G
4-HA,891,1,1,0,3946,3948,C
4-HA,892,3924,1,4,0,3929,A
4-HA,893,0,3914,0,3,3917,T
4-HA,894,7,2,0,3884,3893,C
4-HA,895,3882,0,3,0,3885,A
4-HA,896,1,2,0,4039,4042,C
4-HA,897,1,4001,0,8,4010,T
4-HA,898,6,1,1,4038,4046,C
4-HA,899,2,3,0,4011,4016,C
4-HA,900,4065,1,0,0,4066,A
4-HA,901,4061,0,0,1,4062,A
4-HA,902,4043,0,2,0,4045,A
4-HA,903,0,3892,0,0,3892,T
4-HA,904,0,3,3922,0,3925,G
4-HA,905,0,0,3920,0,3920,G
4-HA,906,3929,1,2,0,3932,A
4-HA,907,3910,0,9,1,3920,A
4-HA,908,1,0,3924,0,3925,G
4-HA,909,1,0,0,3892,3893,C
4-HA,910,3891,1,1,0,3893,A
4-HA,911,0,3892,0,1,3893,T
4-HA,912,1,3861,0,6,3868,T
4-HA,913,4,0,0,3979,3983,C
4-HA,914,2,0,0,3975,3977,C
4-HA,915,5,2,0,3984,3991,C
4-HA,916,3985,0,2,0,3987,A
4-HA,917,4060,1,1,2,4064,A
4-HA,918,0,4122,0,6,4128,T
4-HA,919,1,7,4099,0,4107,G
4-HA,920,4088,2,1,0,4091,A
4-HA,921,0,2,0,4091,4093,C
4-HA,922,4005,1,1,0,4007,A
4-HA,923,4009,0,3,0,4012,A
4-HA,924,3977,0,3,0,3980,A
4-HA,925,1,1,0,4015,4017,C
4-HA,926,4,0,0,3952,3956,C
4-HA,927,3882,0,0,0,3882,A
4-HA,928,0,3882,0,3,3885,T
4-HA,929,1,3846,0,6,3853,T
4-HA,930,1,1,0,3896,3898,C
4-HA,931,0,0,0,3911,3911,C
4-HA,932,3915,0,2,0,3917,A
4-HA,933,3894,0,3,0,3897,A
4-HA,934,3893,0,0,0,3893,A
4-HA,935,3940,0,0,0,3940,A
4-HA,936,0,3922,0,0,3922,T
4-HA,937,1,0,3908,0,3909,G
4-HA,938,0,3875,0,1,3876,T
4-HA,939,2,3894,1,2,3899,T
4-HA,940,3940,0,2,0,3942,A
4-HA,941,3931,0,2,0,3933,A
4-HA,942,1,0,0,3940,3941,C
4-HA,943,3910,0,4,0,3914,A
4-HA,944,0,0,3940,0,3940,G
4-HA,945,2,3,3966,0,3971,G
4-HA,946,4028,2,7,0,4037,A
4-HA,947,0,4025,0,4,4029,T
4-HA,948,4,2,0,4092,4098,C
4-HA,949,4115,0,4,0,4119,A
4-HA,950,0,2,1,4268,4271,C
4-HA,951,4274,0,2,0,4276,A
4-HA,952,0,4386,0,0,4386,T
4-HA,953,4296,0,4,0,4300,A
4-HA,954,0,2,0,4242,4244,C
4-HA,955,0,4,4087,0,4091,G
4-HA,956,3,1,4056,0,4060,G
4-HA,957,0,4,4005,0,4009,G
4-HA,958,0,2,4014,0,4016,G
4-HA,959,0,1,0,3941,3942,C
4-HA,960,1,0,1,3916,3918,C
4-HA,961,1,3855,0,3,3859,T
4-HA,962,1,0,4178,0,4179,G
4-HA,963,0,4152,1,3,4156,T
4-HA,964,5,1,0,4183,4189,C
4-HA,965,5,0,0,4193,4198,C
4-HA,966,5,2,0,4162,4169,C
4-HA,967,4167,0,5,1,4173,A
4-HA,968,1,2,4205,0,4208,G
4-HA,969,4206,0,1,0,4207,A
4-HA,970,0,4182,0,2,4184,T
4-HA,971,3802,0,0,0,3802,A
4-HA,972,1,3725,0,1,3727,T
4-HA,973,0,1,3744,0,3745,G
4-HA,974,0,3733,0,2,3735,T
4-HA,975,0,3685,0,1,3686,T
4-HA,976,3719,0,0,0,3719,A
4-HA,977,3655,0,5,0,3660,A
4-HA,978,1,1,3677,0,3679,G
4-HA,979,0,1,0,3668,3669,C
4-HA,980,3621,0,0,1,3622,A
4-HA,981,3616,1,1,0,3618,A
4-HA,982,3588,0,2,0,3590,A
4-HA,983,3572,0,1,1,3574,A
4-HA,984,1,1,0,3585,3587,C
4-HA,985,3526,0,0,0,3526,A
4-HA,986,0,0,0,3574,3574,C
4-HA,987,1,3504,1,2,3508,T
4-HA,988,3,0,0,3532,3535,C
4-HA,989,1,3528,0,3,3532,T
4-HA,990,0,4,3554,0,3558,G
4-HA,991,3559,0,3,0,3562,A
4-HA,992,3547,2,1,1,3551,A
4-HA,993,3548,0,5,0,3553,A
4-HA,994,0,3521,0,2,3523,T
4-HA,995,0,3506,0,2,3508,T
4-HA,996,3,2,3519,0,3524,G
4-HA,997,3,0,3504,0,3507,G
4-HA,998,0,1,0,3534,3535,C
4-HA,999,3501,0,1,0,3502,A
4-HA,1000,3504,0,3,0,3507,A
4-HA,1001,0,0,0,3518,3518,C
4-HA,1002,3509,1,5,0,3515,A
4-HA,1003,0,7,3526,0,3533,G
4-HA,1004,0,5,3513,0,3518,G
4-HA,1005,0,3,3497,0,3500,G
4-HA,1006,3496,0,5,0,3501,A
4-HA,1007,0,3484,0,4,3488,T
4-HA,1008,0,1,3504,0,3505,G
4-HA,1009,1,2,0,3487,3490,C
4-HA,1010,2,2,3514,0,3518,G
4-HA,1011,3548,0,2,0,3550,A
4-HA,1012,3490,0,3,1,3494,A
4-HA,1013,3512,0,4,0,3516,A
4-HA,1014,0,3486,0,1,3487,T
4-HA,1015,1,1,3543,0,3545,G
4-HA,1016,0,3518,0,1,3519,T
4-HA,1017,3498,0,3,0,3501,A
4-HA,1018,0,1,0,3508,3509,C
4-HA,1019,1,0,0,3508,3509,C
4-HA,1020,3446,1,0,0,3447,A
4-HA,1021,0,6,3433,0,3439,G
4-HA,1022,3399,0,1,0,3400,A
4-HA,1023,0,3,3416,0,3419,G
4-HA,1024,3377,0,0,0,3377,A
4-HA,1025,3370,0,3,0,3373,A
4-HA,1026,3364,0,6,0,3370,A
4-HA,1027,0,1,0,3376,3377,C
4-HA,1028,3371,0,2,0,3373,A
4-HA,1029,3424,0,2,0,3426,A
4-HA,1030,3394,1,1,0,3396,A
4-HA,1031,1,1,0,3430,3432,C
4-HA,1032,0,3395,0,0,3395,T
4-HA,1033,3387,0,2,0,3389,A
4-HA,1034,0,1,3400,0,3401,G
4-HA,1035,3371,0,3,0,3374,A
4-HA,1036,2,4,3451,0,3457,G
4-HA,1037,0,1,3430,0,3431,G
4-HA,1038,2,0,0,3374,3376,C
4-HA,1039,3381,0,1,0,3382,A
4-HA,1040,0,3395,0,0,3395,T
4-HA,1041,3434,0,0,0,3434,A
4-HA,1042,1,3406,0,0,3407,T
4-HA,1043,0,3401,0,0,3401,T
4-HA,1044,1,3395,0,2,3398,T
4-HA,1045,3,3,3286,0,3292,G
4-HA,1046,1,0,3288,0,3289,G
4-HA,1047,3,0,0,3279,3282,C
4-HA,1048,1,1,3295,0,3297,G
4-HA,1049,0,0,0,3257,3257,C
4-HA,1050,3231,0,0,0,3231,A
4-HA,1051,3248,0,1,0,3249,A
4-HA,1052,0,3241,0,1,3242,T
4-HA,1053,2,4,0,3255,3261,C
4-HA,1054,1,0,3270,0,3271,G
4-HA,1055,0,3,0,3256,3259,C
4-HA,1056,0,4,3275,0,3279,G
4-HA,1057,1,3,3274,0,3278,G
4-HA,1058,0,0,3302,0,3302,G
4-HA,1059,0,3279,0,6,3285,T
4-HA,1060,0,3254,0,1,3255,T
4-HA,1061,0,3244,1,4,3249,T
4-HA,1062,3,1,0,3257,3261,C
4-HA,1063,3267,2,1,0,3270,A
4-HA,1064,0,3272,0,1,3273,T
4-HA,1065,3270,0,1,0,3271,A
4-HA,1066,0,2,3273,0,3275,G
4-HA,1067,3194,0,0,0,3194,A
4-HA,1068,3204,0,1,0,3205,A
4-HA,1069,3198,0,0,0,3198,A
4-HA,1070,3184,0,4,0,3188,A
4-HA,1071,0,3186,0,1,3187,T
4-HA,1072,1,4,3210,0,3215,G
4-HA,1073,1,1,3222,0,3224,G
4-HA,1074,0,3189,0,2,3191,T
4-HA,1075,0,3144,0,4,3148,T
4-HA,1076,0,4,3148,0,3152,G
4-HA,1077,2,2,3161,1,3166,G
4-HA,1078,1,1,3176,0,3178,G
4-HA,1079,3128,1,8,0,3137,A
4-HA,1080,1,3,3168,0,3172,G
4-HA,1081,3,3,3121,0,3127,G
4-HA,1082,2,3,3191,0,3196,G
4-HA,1083,3179,0,2,0,3181,A
4-HA,1084,3202,0,2,0,3204,A
4-HA,1085,0,3186,0,1,3187,T
4-HA,1086,0,6,3191,0,3197,G
4-HA,1087,1,2,3247,0,3250,G
4-HA,1088,0,3200,0,1,3201,T
4-HA,1089,1,0,3213,0,3214,G
4-HA,1090,0,1,3200,0,3201,G
4-HA,1091,3115,0,6,0,3121,A
4-HA,1092,0,3123,0,2,3125,T
4-HA,1093,1,2,3150,0,3153,G
4-HA,1094,0,0,3204,0,3204,G
4-HA,1095,0,3157,0,1,3158,T
4-HA,1096,0,3087,0,1,3088,T
4-HA,1097,2,6,3068,0,3076,G
4-HA,1098,0,0,3129,0,3129,G
4-HA,1099,1,3110,0,5,3116,T
4-HA,1100,3124,1,0,0,3125,A
4-HA,1101,0,2,0,2968,2970,C
4-HA,1102,0,5,3002,0,3007,G
4-HA,1103,0,0,3109,0,3109,G
4-HA,1104,0,3098,0,2,3100,T
4-HA,1105,1,3089,0,2,3092,T
4-HA,1106,0,3083,0,1,3084,T
4-HA,1107,2,1,0,3042,3045,C
4-HA,1108,3045,1,1,1,3048,A
4-HA,1109,2,1,3041,0,3044,G
4-HA,1110,0,1,3017,0,3018,G
4-HA,1111,1,0,0,3018,3019,C
4-HA,1112,2923,1,3,0,2927,A
4-HA,1113,0,2930,0,1,2931,T
4-HA,1114,3,0,0,2953,2956,C
4-HA,1115,2955,0,3,0,2958,A
4-HA,1116,2956,0,1,0,2957,A
4-HA,1117,2962,0,1,0,2963,A
4-HA,1118,2969,0,0,0,2969,A
4-HA,1119,0,2952,0,1,2953,T
4-HA,1120,0,2949,2,1,2952,T
4-HA,1121,5,0,0,2959,2964,C
4-HA,1122,0,2954,0,4,2958,T
4-HA,1123,0,1,2949,1,2951,G
4-HA,1124,2934,0,1,0,2935,A
4-HA,1125,2917,0,6,0,2923,A
4-HA,1126,1,0,2949,0,2950,G
4-HA,1127,2,3,2990,0,2995,G
4-HA,1128,2991,1,0,0,2992,A
4-HA,1129,2981,0,0,0,2981,A
4-HA,1130,0,2,2959,0,2961,G
4-HA,1131,2976,0,4,0,2980,A
4-HA,1132,2,0,3007,0,3009,G
4-HA,1133,1,2,3006,0,3009,G
4-HA,1134,3010,0,5,1,3016,A
4-HA,1135,0,3,0,3006,3009,C
4-HA,1136,2981,0,3,0,2984,A
4-HA,1137,2970,0,7,0,2977,A
4-HA,1138,0,1,2980,0,2981,G
4-HA,1139,0,1,0,2991,2992,C
4-HA,1140,2962,0,2,0,2964,A
4-HA,1141,3,1,2952,0,2956,G
4-HA,1142,0,1,0,2930,2931,C
4-HA,1143,2934,0,2,0,2936,A
4-HA,1144,0,1,2947,0,2948,G
4-HA,1145,2917,0,0,0,2917,A
4-HA,1146,1,2982,0,1,2984,T
4-HA,1147,1,0,0,2996,2997,C
4-HA,1148,0,2955,0,3,2958,T
4-HA,1149,4,0,0,2989,2993,C
4-HA,1150,2994,0,1,0,2995,A
4-HA,1151,2994,0,0,0,2994,A
4-HA,1152,2989,2,0,0,2991,A
4-HA,1153,2932,0,3,0,2935,A
4-HA,1154,1,0,2936,0,2937,G
4-HA,1155,1,0,0,2864,2865,C
4-HA,1156,2826,1,0,0,2827,A
4-HA,1157,0,0,0,2883,2883,C
4-HA,1158,0,2856,0,1,2857,T
4-HA,1159,3,0,0,2876,2879,C
4-HA,1160,2888,0,1,0,2889,A
4-HA,1161,2943,0,1,0,2944,A
4-HA,1162,0,0,2936,0,2936,G
4-HA,1163,0,1,0,2929,2930,C
4-HA,1164,2906,0,4,1,2911,A
4-HA,1165,2,0,2903,0,2905,G
4-HA,1166,0,1,0,2856,2857,C
4-HA,1167,2849,0,1,0,2850,A
4-HA,1168,2852,0,2,0,2854,A
4-HA,1169,1,2812,0,0,2813,T
4-HA,1170,2,3,0,2735,2740,C
4-HA,1171,2,5,2745,0,2752,G
4-HA,1172,2737,0,1,0,2738,A
4-HA,1173,0,2714,0,1,2715,T
4-HA,1174,3,0,0,2718,2721,C
4-HA,1175,2715,1,0,0,2716,A
4-HA,1176,2774,0,2,0,2776,A
4-HA,1177,2778,0,0,0,2778,A
4-HA,1178,0,2751,0,0,2751,T
4-HA,1179,2,1,0,2777,2780,C
4-HA,1180,2738,0,1,0,2739,A
4-HA,1181,2745,0,2,0,2747,A
4-HA,1182,0,2752,0,2,2754,T
4-HA,1183,2,4,2745,1,2752,G
4-HA,1184,3,1,2729,0,2733,G
4-HA,1185,1,2,2704,0,2707,G
4-HA,1186,2708,0,3,0,2711,A
4-HA,1187,2724,0,1,0,2725,A
4-HA,1188,0,1,2752,0,2753,G
4-HA,1189,0,3,0,2748,2751,C
4-HA,1190,0,2736,0,3,2739,T
4-HA,1191,1,3,2830,1,2835,G
4-HA,1192,2828,1,3,0,2832,A
4-HA,1193,2830,0,1,0,2831,A
4-HA,1194,0,2820,0,1,2821,T
4-HA,1195,2740,0,1,0,2741,A
4-HA,1196,0,2,2735,0,2737,G
4-HA,1197,2502,1,1,0,2504,A
4-HA,1198,0,2497,0,1,2498,T
4-HA,1199,0,2519,0,0,2519,T
4-HA,1200,1,3,2523,0,2527,G
4-HA,1201,2526,0,1,0,2527,A
4-HA,1202,0,2501,0,4,2505,T
4-HA,1203,2,1,0,2524,2527,C
4-HA,1204,0,2,2518,0,2520,G
4-HA,1205,1,1,2507,0,2509,G
4-HA,1206,1,2,2506,1,2510,G
4-HA,1207,2509,0,3,0,2512,A
4-HA,1208,2514,0,0,0,2514,A
4-HA,1209,2496,0,3,0,2499,A
4-HA,1210,2480,0,5,1,2486,A
4-HA,1211,0,2,0,2491,2493,C
4-HA,1212,1,0,0,2506,2507,C
4-HA,1213,2492,0,2,0,2494,A
4-HA,1214,2489,0,1,0,2490,A
4-HA,1215,2,4,0,2487,2493,C
4-HA,1216,2,4,2495,0,2501,G
4-HA,1217,2494,1,0,0,2495,A
4-HA,1218,1,2,2494,0,2497,G
4-HA,1219,2487,0,0,0,2487,A
4-HA,1220,2476,0,2,0,2478,A
4-HA,1221,2483,0,1,0,2484,A
4-HA,1222,0,2478,0,1,2479,T
4-HA,1223,0,2455,0,3,2458,T
4-HA,1224,3,0,0,2479,2482,C
4-HA,1225,3,0,1,2479,2483,C
4-HA,1226,2489,0,1,0,2490,A
4-HA,1227,0,2464,0,1,2465,T
4-HA,1228,1,0,0,2484,2485,C
4-HA,1229,2466,0,0,0,2466,A
4-HA,1230,1,2,2481,0,2484,G
4-HA,1231,2459,1,0,0,2460,A
4-HA,1232,0,2455,0,0,2455,T
4-HA,1233,0,2439,0,1,2440,T
4-HA,1234,1,1,2453,0,2455,G
4-HA,1235,2459,0,0,0,2459,A
4-HA,1236,2454,0,1,1,2456,A
4-HA,1237,2461,0,2,0,2463,A
4-HA,1238,2451,0,1,0,2452,A
4-HA,1239,2427,0,4,0,2431,A
4-HA,1240,0,2,2428,1,2431,G
4-HA,1241,2435,0,1,0,2436,A
4-HA,1242,2434,1,3,0,2438,A
4-HA,1243,0,2403,0,0,2403,T
4-HA,1244,0,2410,0,3,2413,T
4-HA,1245,1,1,0,2416,2418,C
4-HA,1246,0,2420,0,3,2423,T
4-HA,1247,3,1,0,2413,2417,C
4-HA,1248,2416,0,3,0,2419,A
4-HA,1249,0,1,2415,0,2416,G
4-HA,1250,2398,0,0,0,2398,A
4-HA,1251,2376,0,3,0,2379,A
4-HA,1252,0,0,2400,0,2400,G
4-HA,1253,0,2362,0,1,2363,T
4-HA,1254,9,1,0,2379,2389,C
4-HA,1255,1,0,2390,0,2391,G
4-HA,1256,2378,1,2,0,2381,A
4-HA,1257,2379,0,5,0,2384,A
4-HA,1258,0,0,2384,0,2384,G
4-HA,1259,0,1,2410,0,2411,G
4-HA,1260,0,1,2411,0,2412,G
4-HA,1261,2348,0,8,0,2356,A
4-HA,1262,0,4,2332,0,2336,G
4-HA,1263,189,1,2135,0,2325,G
4-HA,1264,2466,0,1,0,2467,A
4-HA,1265,0,2461,0,1,2462,T
4-HA,1266,0,2466,0,2,2468,T
4-HA,1267,2,0,0,2468,2470,C
4-HA,1268,2325,0,8,0,2333,A
4-HA,1269,0,3,2336,0,2339,G
4-HA,1270,1,1,2326,0,2328,G
4-HA,1271,2294,1,2,0,2297,A
4-HA,1272,0,2,0,2292,2294,C
4-HA,1273,0,0,0,2056,2056,C
4-HA,1274,0,2040,0,1,2041,T
4-HA,1275,0,1938,0,107,2045,T
4-HA,1276,0,2,2049,0,2051,G
4-HA,1277,2045,0,2,0,2047,A
4-HA,1278,0,1,2062,0,2063,G
4-HA,1279,2037,0,1,0,2038,A
4-HA,1280,1669,0,0,0,1669,A
4-HA,1281,1646,0,0,1,1647,A
4-HA,1282,0,1622,0,0,1622,T
4-HA,1283,1659,0,1,0,1660,A
4-HA,1284,0,1646,0,2,1648,T
4-HA,1285,0,0,1642,0,1642,G
4-HA,1286,0,1637,0,2,1639,T
4-HA,1287,0,1582,0,0,1582,T
4-HA,1288,1,1,1585,0,1587,G
4-HA,1289,1557,0,1,0,1558,A
4-HA,1290,0,0,1620,0,1620,G
4-HA,1291,1,2,1609,0,1612,G
4-HA,1292,1577,0,3,0,1580,A
4-HA,1293,0,1,0,1638,1639,C
4-HA,1294,1597,0,4,0,1601,A
4-HA,1295,0,0,0,1736,1736,C
4-HA,1296,1,3,0,1746,1750,C
4-HA,1297,1757,1,1,0,1759,A
4-HA,1298,1802,0,2,0,1804,A
4-HA,1299,1795,0,2,0,1797,A
4-HA,1300,1627,0,188,0,1815,A
4-HA,1301,0,1812,0,1,1813,T
4-HA,1302,1772,0,0,0,1772,A
4-HA,1303,0,0,1777,0,1777,G
4-HA,1304,1720,0,0,0,1720,A
4-HA,1305,0,1676,0,1,1677,T
4-HA,1306,1,0,0,1677,1678,C
4-HA,1307,0,1634,0,1,1635,T
4-HA,1308,1,0,0,1680,1681,C
4-HA,1309,0,1675,0,0,1675,T
4-HA,1310,1,2,1723,0,1726,G
4-HA,1311,0,0,1762,0,1762,G
4-HA,1312,0,1740,0,6,1746,T
4-HA,1313,7,1,0,1739,1747,C
4-HA,1314,1745,0,0,0,1745,A
4-HA,1315,0,1755,0,2,1757,T
4-HA,1316,1754,0,2,0,1756,A
4-HA,1317,0,0,0,1754,1754,C
4-HA,1318,1709,0,2,0,1711,A
4-HA,1319,1713,0,1,0,1714,A
4-HA,1320,0,2,0,1652,1654,C
4-HA,1321,1,1,1650,0,1652,G
4-HA,1322,1,0,0,1648,1649,C
4-HA,1323,1,0,1638,0,1639,G
4-HA,1324,0,6,1639,0,1645,G
4-HA,1325,1628,0,1,0,1629,A
4-HA,1326,0,0,1664,0,1664,G
4-HA,1327,0,0,0,1647,1647,C
4-HA,1328,0,1655,0,3,1658,T
4-HA,1329,0,1672,0,2,1674,T
4-HA,1330,0,0,0,1674,1674,C
4-HA,1331,0,1679,0,3,1682,T
4-HA,1332,0,1683,0,0,1683,T
4-HA,1333,1,0,1678,0,1679,G
4-HA,1334,0,1665,1,2,1668,T
4-HA,1335,0,1643,0,0,1643,T
4-HA,1336,1,0,1655,0,1656,G
4-HA,1337,0,2,0,1649,1651,C
4-HA,1338,0,0,0,1647,1647,C
4-HA,1339,4,0,0,1655,1659,C
4-HA,1340,0,1667,0,3,1670,T
4-HA,1341,0,3,1685,0,1688,G
4-HA,1342,0,1,1689,0,1690,G
4-HA,1343,1683,0,2,0,1685,A
4-HA,1344,0,0,1695,0,1695,G
4-HA,1345,1658,1,1,0,1660,A
4-HA,1346,1662,1,1,0,1664,A
4-HA,1347,0,1,0,1684,1685,C
4-HA,1348,2,0,0,1667,1669,C
4-HA,1349,1664,0,0,0,1664,A
4-HA,1350,1730,0,2,0,1732,A
4-HA,1351,0,1,0,1743,1744,C
4-HA,1352,1753,0,2,0,1755,A
4-HA,1353,0,1754,0,1,1755,T
4-HA,1354,1749,0,0,0,1749,A
4-HA,1355,0,1,0,1775,1776,C
4-HA,1356,1737,0,0,0,1737,A
4-HA,1357,1736,0,1,0,1737,A
4-HA,1358,0,1718,0,1,1719,T
4-HA,1359,0,1650,0,0,1650,T
4-HA,1360,0,4,1683,0,1687,G
4-HA,1361,1692,0,0,0,1692,A
4-HA,1362,0,1681,0,3,1684,T
4-HA,1363,2,0,0,1691,1693,C
4-HA,1364,0,1670,0,2,1672,T
4-HA,1365,1690,0,1,0,1691,A
4-HA,1366,1686,2,1,0,1689,A
4-HA,1367,1,0,0,1685,1686,C
4-HA,1368,0,1675,0,0,1675,T
4-HA,1369,1,7,1658,0,1666,G
4-HA,1370,1650,0,1,0,1651,A
4-HA,1371,0,0,0,1646,1646,C
4-HA,1372,0,1641,0,3,1644,T
4-HA,1373,0,0,1,1658,1659,C
4-HA,1374,1651,0,2,0,1653,A
4-HA,1375,0,1,1686,0,1687,G
4-HA,1376,1673,0,0,1,1674,A
4-HA,1377,1684,0,1,0,1685,A
4-HA,1378,1679,0,0,1,1680,A
4-HA,1379,0,1662,0,1,1663,T
4-HA,1380,0,5,1675,0,1680,G
4-HA,1381,1675,0,1,0,1676,A
4-HA,1382,1674,0,4,0,1678,A
4-HA,1383,0,0,0,1676,1676,C
4-HA,1384,1651,0,0,0,1651,A
4-HA,1385,1648,0,0,0,1648,A
4-HA,1386,1644,0,0,0,1644,A
4-HA,1387,0,2,0,1654,1656,C
4-HA,1388,0,1637,0,1,1638,T
4-HA,1389,0,0,1647,0,1647,G
4-HA,1390,0,1621,0,1,1622,T
4-HA,1391,0,1631,0,1,1632,T
4-HA,1392,0,1640,0,0,1640,T
4-HA,1393,1,3,1632,0,1636,G
4-HA,1394,1632,1,1,0,1634,A
4-HA,1395,1638,0,0,0,1638,A
4-HA,1396,1629,0,1,0,1630,A
4-HA,1397,1628,0,0,0,1628,A
4-HA,1398,1624,0,2,0,1626,A
4-HA,1399,1626,0,0,0,1626,A
4-HA,1400,0,0,0,1628,1628,C
4-HA,1401,1624,0,2,0,1626,A
4-HA,1402,1629,0,0,0,1629,A
4-HA,1403,1627,0,4,0,1631,A
4-HA,1404,0,0,1633,0,1633,G
4-HA,1405,1644,0,1,0,1645,A
4-HA,1406,1631,0,3,0,1634,A
4-HA,1407,0,0,1637,0,1637,G
4-HA,1408,1,0,0,1621,1622,C
4-HA,1409,1631,0,0,0,1631,A
4-HA,1410,1636,0,4,0,1640,A
4-HA,1411,0,0,0,1635,1635,C
4-HA,1412,0,1629,1,0,1630,T
4-HA,1413,0,2,1645,0,1647,G
4-HA,1414,1634,0,2,0,1636,A
4-HA,1415,1,1,1646,0,1648,G
4-HA,1416,1,1,1647,0,1649,G
4-HA,1417,0,0,1645,0,1645,G
4-HA,1418,1658,0,1,0,1659,A
4-HA,1419,1652,0,0,0,1652,A
4-HA,1420,1645,0,1,0,1646,A
4-HA,1421,1677,0,0,0,1677,A
4-HA,1422,0,1665,0,1,1666,T
4-HA,1423,1,0,1675,0,1676,G
4-HA,1424,1,0,0,1668,1669,C
4-HA,1425,0,1665,0,0,1665,T
4-HA,1426,2,0,1665,0,1667,G
4-HA,1427,1661,0,1,0,1662,A
4-HA,1428,1,2,1744,0,1747,G
4-HA,1429,0,0,1770,0,1770,G
4-HA,1430,1757,0,2,0,1759,A
4-HA,1431,0,1749,0,0,1749,T
4-HA,1432,1738,1,2,0,1741,A
4-HA,1433,0,1732,0,1,1733,T
4-HA,1434,1,3,1749,0,1753,G
4-HA,1435,2,1,1769,0,1772,G
4-HA,1436,1,2,1767,0,1770,G
4-HA,1437,0,1,0,1694,1695,C
4-HA,1438,1659,1,0,0,1660,A
4-HA,1439,1653,0,1,0,1654,A
4-HA,1440,0,1663,0,0,1663,T
4-HA,1441,0,0,1666,0,1666,G
4-HA,1442,0,0,1660,0,1660,G
4-HA,1443,0,1620,0,0,1620,T
4-HA,1444,1,1579,0,0,1580,T
4-HA,1445,0,0,1586,0,1586,G
4-HA,1446,0,1595,0,4,1599,T
4-HA,1447,0,1602,0,1,1603,T
4-HA,1448,1,1602,0,1,1604,T
4-HA,1449,1,0,0,1615,1616,C
4-HA,1450,1614,0,0,0,1614,A
4-HA,1451,1624,0,1,0,1625,A
4-HA,1452,1624,0,0,0,1624,A
4-HA,1453,1633,0,0,0,1633,A
4-HA,1454,0,1628,0,1,1629,T
4-HA,1455,1605,0,1,0,1606,A
4-HA,1456,0,1612,0,1,1613,T
4-HA,1457,1600,0,2,0,1602,A
4-HA,1458,0,0,0,1618,1618,C
4-HA,1459,2,0,0,1599,1601,C
4-HA,1460,1601,0,1,0,1602,A
4-HA,1461,0,0,0,1609,1609,C
4-HA,1462,1595,0,2,0,1597,A
4-HA,1463,1604,0,1,0,1605,A
4-HA,1464,1606,0,0,0,1606,A
4-HA,1465,0,1596,0,0,1596,T
4-HA,1466,1,0,1603,0,1604,G
4-HA,1467,0,1580,0,3,1583,T
4-HA,1468,1,1,1604,0,1606,G
4-HA,1469,1603,0,6,0,1609,A
4-HA,1470,0,0,0,1600,1600,C
4-HA,1471,1586,0,0,0,1586,A
4-HA,1472,1581,0,0,0,1581,A
4-HA,1473,0,1600,0,0,1600,T
4-HA,1474,1,1,1616,0,1618,G
4-HA,1475,0,1,0,1598,1599,C
4-HA,1476,1,1,0,1605,1607,C
4-HA,1477,0,1595,0,5,1600,T
4-HA,1478,1,0,1680,0,1681,G
4-HA,1479,0,0,0,1682,1682,C
4-HA,1480,1689,0,0,0,1689,A
4-HA,1481,0,1675,0,0,1675,T
4-HA,1482,184,3,1,1440,1628,C
4-HA,1483,1,1,1635,0,1637,G
4-HA,1484,1,3,1632,0,1636,G
4-HA,1485,1633,0,2,0,1635,A
4-HA,1486,0,1619,0,2,1621,T
4-HA,1487,0,0,0,1512,1512,C
4-HA,1488,1502,0,0,0,1502,A
4-HA,1489,1512,0,0,0,1512,A
4-HA,1490,0,1505,0,1,1506,T
4-HA,1491,3,0,0,1511,1514,C
4-HA,1492,1496,0,1,0,1497,A
4-HA,1493,0,0,1504,0,1504,G
4-HA,1494,1508,0,0,0,1508,A
4-HA,1495,1505,0,2,0,1507,A
4-HA,1496,1503,1,1,0,1505,A
4-HA,1497,0,1488,0,1,1489,T
4-HA,1498,0,1,1478,0,1479,G
4-HA,1499,0,1,1478,0,1479,G
4-HA,1500,1482,0,0,0,1482,A
4-HA,1501,1485,0,1,0,1486,A
4-HA,1502,0,1,0,1488,1489,C
4-HA,1503,0,1473,0,1,1474,T
4-HA,1504,0,1480,0,0,1480,T
4-HA,1505,1478,0,0,0,1478,A
4-HA,1506,1,1478,1,0,1480,T
4-HA,1507,2,4,1470,0,1476,G
4-HA,1508,1479,0,2,0,1481,A
4-HA,1509,0,0,0,1477,1477,C
4-HA,1510,4,1,0,1462,1467,C
4-HA,1511,1463,0,1,0,1464,A
4-HA,1512,0,0,0,1499,1499,C
4-HA,1513,0,0,1551,0,1551,G
4-HA,1514,1583,0,0,0,1583,A
4-HA,1515,0,1602,0,1,1603,T
4-HA,1516,0,1,1681,0,1682,G
4-HA,1517,0,1664,0,3,1667,T
4-HA,1518,1747,0,0,0,1747,A
4-HA,1519,0,1747,0,0,1747,T
4-HA,1520,1742,0,0,0,1742,A
4-HA,1521,0,1,0,1736,1737,C
4-HA,1522,1549,0,0,0,1549,A
4-HA,1523,0,0,1575,0,1575,G
4-HA,1524,1491,0,0,0,1491,A
4-HA,1525,0,0,1447,0,1447,G
4-HA,1526,1441,0,0,0,1441,A
4-HA,1527,0,1302,0,2,1304,T
4-HA,1528,0,0,1304,0,1304,G
4-HA,1529,1299,0,2,0,1301,A
4-HA,1530,1293,0,4,0,1297,A
4-HA,1531,0,1,1321,0,1322,G
4-HA,1532,1,1,0,1283,1285,C
4-HA,1533,1286,0,0,0,1286,A
4-HA,1534,0,1278,0,1,1279,T
4-HA,1535,1,1272,0,1,1274,T
4-HA,1536,1280,0,2,0,1282,A
4-HA,1537,1279,0,1,0,1280,A
4-HA,1538,1276,1,0,0,1277,A
4-HA,1539,0,0,0,1279,1279,C
4-HA,1540,1235,0,0,0,1235,A
4-HA,1541,1229,0,1,0,1230,A
4-HA,1542,0,1,0,1233,1234,C
4-HA,1543,0,1,0,1224,1225,C
4-HA,1544,0,0,1222,0,1222,G
4-HA,1545,0,0,1243,0,1243,G
4-HA,1546,1,1237,0,2,1240,T
4-HA,1547,0,1237,0,1,1238,T
4-HA,1548,3,1,0,1234,1238,C
4-HA,1549,0,0,0,1239,1239,C
4-HA,1550,1238,0,2,0,1240,A
4-HA,1551,0,2,1256,0,1258,G
4-HA,1552,1254,0,1,0,1255,A
4-HA,1553,0,1248,0,0,1248,T
4-HA,1554,0,0,0,1189,1189,C
4-HA,1555,1175,0,0,1,1176,A
4-HA,1556,1180,0,1,0,1181,A
4-HA,1557,0,4,1183,0,1187,G
4-HA,1558,0,0,1183,0,1183,G
4-HA,1559,0,2,1181,0,1183,G
4-HA,1560,1117,0,1,0,1118,A
4-HA,1561,0,1,1136,0,1137,G
4-HA,1562,0,1139,0,2,1141,T
4-HA,1563,0,1138,0,0,1138,T
4-HA,1564,0,1,1155,0,1156,G
4-HA,1565,1140,0,5,0,1145,A
4-HA,1566,0,0,1144,0,1144,G
4-HA,1567,0,0,0,1148,1148,C
4-HA,1568,0,1140,0,0,1140,T
4-HA,1569,0,0,1140,0,1140,G
4-HA,1570,1132,0,0,0,1132,A
4-HA,1571,1130,0,0,0,1130,A
4-HA,1572,0,0,1134,0,1134,G
4-HA,1573,0,1108,0,1,1109,T
4-HA,1574,2,1,0,1109,1112,C
4-HA,1575,1092,0,0,0,1092,A
4-HA,1576,0,1,1090,0,1091,G
4-HA,1577,0,0,1089,0,1089,G
4-HA,1578,0,0,1064,0,1064,G
4-HA,1579,0,1091,0,1,1092,T
4-HA,1580,1090,0,0,0,1090,A
4-HA,1581,0,0,0,1090,1090,C
4-HA,1582,1092,0,1,0,1093,A
4-HA,1583,1093,0,0,0,1093,A
4-HA,1584,1087,0,1,0,1088,A
4-HA,1585,0,0,1107,0,1107,G
4-HA,1586,1076,1,1,0,1078,A
4-HA,1587,0,1038,0,1,1039,T
4-HA,1588,0,1024,0,0,1024,T
4-HA,1589,0,2,1020,0,1022,G
4-HA,1590,0,0,1017,0,1017,G
4-HA,1591,1015,0,2,0,1017,A
4-HA,1592,0,1020,0,0,1020,T
4-HA,1593,0,0,0,1009,1009,C
4-HA,1594,2,0,0,994,996,C
4-HA,1595,0,991,0,0,991,T
4-HA,1596,1001,0,0,0,1001,A
4-HA,1597,0,1002,0,0,1002,T
4-HA,1598,0,0,998,0,998,G
4-HA,1599,0,0,999,0,999,G
4-HA,1600,967,0,0,0,967,A
4-HA,1601,0,952,0,2,954,T
4-HA,1602,0,946,0,0,946,T
4-HA,1603,0,942,0,1,943,T
4-HA,1604,0,0,0,949,949,C
4-HA,1605,1,0,0,942,943,C
4-HA,1606,0,929,0,3,932,T
4-HA,1607,0,929,0,0,929,T
4-HA,1608,0,924,0,3,927,T
4-HA,1609,0,0,935,0,935,G
4-HA,1610,0,0,0,930,930,C
4-HA,1611,0,0,1,933,934,C
4-HA,1612,907,0,1,0,908,A
4-HA,1613,0,904,0,1,905,T
4-HA,1614,918,0,0,0,918,A
4-HA,1615,0,913,0,2,915,T
4-HA,1616,1,0,0,908,909,C
4-HA,1617,910,0,0,0,910,A
4-HA,1618,0,895,0,1,896,T
4-HA,1619,0,0,904,0,904,G
4-HA,1620,0,900,0,1,901,T
4-HA,1621,0,890,0,0,890,T
4-HA,1622,0,892,0,0,892,T
4-HA,1623,0,863,0,1,864,T
4-HA,1624,0,868,0,0,868,T
4-HA,1625,0,868,0,0,868,T
4-HA,1626,0,0,869,0,869,G
4-HA,1627,0,0,0,862,862,C
4-HA,1628,0,840,0,0,840,T
4-HA,1629,1,841,0,2,844,T
4-HA,1630,0,841,0,2,843,T
4-HA,1631,0,0,848,0,848,G
4-HA,1632,0,844,0,0,844,T
4-HA,1633,0,0,847,0,847,G
4-HA,1634,1,847,0,0,848,T
4-HA,1635,0,830,0,2,832,T
4-HA,1636,0,0,829,1,830,G
4-HA,1637,0,1,0,827,828,C
4-HA,1638,0,820,0,2,822,T
4-HA,1639,0,833,0,0,833,T
4-HA,1640,0,775,0,1,776,T
4-HA,1641,0,0,781,0,781,G
4-HA,1642,0,776,0,1,777,T
4-HA,1643,0,773,1,0,774,T
4-HA,1644,1,2,771,0,774,G
4-HA,1645,0,1,760,0,761,G
4-HA,1646,0,1,758,0,759,G
4-HA,1647,0,0,763,0,763,G
4-HA,1648,0,731,0,0,731,T
4-HA,1649,0,724,0,0,724,T
4-HA,1650,0,0,0,714,714,C
4-HA,1651,710,0,0,1,711,A
4-HA,1652,0,714,0,0,714,T
4-HA,1653,1,0,0,715,716,C
4-HA,1654,709,0,0,0,709,A
4-HA,1655,0,682,0,0,682,T
4-HA,1656,0,0,672,0,672,G
4-HA,1657,0,652,0,2,654,T
4-HA,1658,0,0,645,0,645,G
4-HA,1659,0,0,631,0,631,G
4-HA,1660,0,0,626,0,626,G
4-HA,1661,1,1,0,605,607,C
4-HA,1662,0,0,0,592,592,C
4-HA,1663,0,560,0,3,563,T
4-HA,1664,1,0,563,0,564,G
4-HA,1665,0,0,0,560,560,C
4-HA,1666,1,0,0,558,559,C
4-HA,1667,563,0,0,0,563,A
4-HA,1668,561,0,0,0,561,A
4-HA,1669,560,0,0,0,560,A
4-HA,1670,555,0,0,0,555,A
4-HA,1671,556,0,0,0,556,A
4-HA,1672,0,1,550,0,551,G
4-HA,1673,1,0,538,1,540,G
4-HA,1674,0,0,0,529,529,C
4-HA,1675,528,0,1,0,529,A
4-HA,1676,535,0,1,0,536,A
4-HA,1677,0,0,0,539,539,C
4-HA,1678,535,0,0,0,535,A
4-HA,1679,0,535,0,0,535,T
4-HA,1680,0,530,0,0,530,T
4-HA,1681,506,0,1,0,507,A
4-HA,1682,0,0,504,0,504,G
4-HA,1683,0,0,507,0,507,G
4-HA,1684,1,487,0,0,488,T
4-HA,1685,1,1,458,0,460,G
4-HA,1686,0,1,0,445,446,C
4-HA,1687,440,0,0,0,440,A
4-HA,1688,437,0,1,0,438,A
4-HA,1689,0,0,0,439,439,C
4-HA,1690,434,0,0,0,434,A
4-HA,1691,0,430,0,0,430,T
4-HA,1692,0,406,0,0,406,T
4-HA,1693,0,408,0,0,408,T
4-HA,1694,0,0,407,0,407,G
4-HA,1695,0,1,0,402,403,C
4-HA,1696,400,0,0,0,400,A
4-HA,1697,0,378,0,1,379,T
4-HA,1698,0,366,0,0,366,T
4-HA,1699,0,358,0,0,358,T
4-HA,1700,0,0,358,0,358,G
4-HA,1701,344,0,0,0,344,A
5-NP,1,451,0,0,0,451,A
5-NP,2,0,458,0,0,458,T
5-NP,3,0,0,455,0,455,G
5-NP,4,1,0,453,0,454,G
5-NP,5,0,0,0,460,460,C
5-NP,6,0,0,472,0,472,G
5-NP,7,0,503,0,0,503,T
5-NP,8,0,0,0,502,502,C
5-NP,9,0,0,0,507,507,C
5-NP,10,0,0,0,511,511,C
5-NP,11,507,0,1,0,508,A
5-NP,12,511,0,1,0,512,A
5-NP,13,1,1,517,1,520,G
5-NP,14,0,0,531,0,531,G
5-NP,15,2,0,0,545,547,C
5-NP,16,544,0,0,0,544,A
5-NP,17,0,0,0,548,548,C
5-NP,18,0,0,0,555,555,C
5-NP,19,552,0,0,0,552,A
5-NP,20,553,0,0,0,553,A
5-NP,21,554,0,0,0,554,A
5-NP,22,0,1,0,554,555,C
5-NP,23,0,0,557,0,557,G
5-NP,24,0,0,601,0,601,G
5-NP,25,0,595,0,2,597,T
5-NP,26,1,0,0,657,658,C
5-NP,27,0,653,0,1,654,T
5-NP,28,0,662,0,1,663,T
5-NP,29,660,0,0,0,660,A
5-NP,30,0,664,0,0,664,T
5-NP,31,0,0,674,0,674,G
5-NP,32,666,1,1,0,668,A
5-NP,33,653,0,0,0,653,A
5-NP,34,0,0,0,657,657,C
5-NP,35,642,0,0,0,642,A
5-NP,36,0,0,682,1,683,G
5-NP,37,667,0,2,0,669,A
5-NP,38,0,683,0,1,684,T
5-NP,39,0,0,686,0,686,G
5-NP,40,0,2,679,0,681,G
5-NP,41,684,0,1,0,685,A
5-NP,42,698,0,0,0,698,A
5-NP,43,695,0,2,0,697,A
5-NP,44,0,0,0,710,710,C
5-NP,45,0,703,0,0,703,T
5-NP,46,0,1,706,0,707,G
5-NP,47,695,0,0,0,695,A
5-NP,48,0,706,0,0,706,T
5-NP,49,0,0,703,0,703,G
5-NP,50,0,0,706,0,706,G
5-NP,51,0,2,707,0,709,G
5-NP,52,0,1,713,0,714,G
5-NP,53,701,0,2,0,703,A
5-NP,54,1,702,0,0,703,T
5-NP,55,1,2,0,705,708,C
5-NP,56,0,0,707,0,707,G
5-NP,57,0,0,0,720,720,C
5-NP,58,0,0,0,725,725,C
5-NP,59,723,0,0,0,723,A
5-NP,60,0,0,730,0,730,G
5-NP,61,723,0,0,0,723,A
5-NP,62,737,0,0,0,737,A
5-NP,63,0,743,0,0,743,T
5-NP,64,0,1,735,0,736,G
5-NP,65,0,2,0,749,751,C
5-NP,66,747,0,0,0,747,A
5-NP,67,766,0,1,0,767,A
5-NP,68,0,0,0,770,770,C
5-NP,69,0,768,0,0,768,T
5-NP,70,0,2,769,0,771,G
5-NP,71,775,0,0,0,775,A
5-NP,72,1,1,830,0,832,G
5-NP,73,826,0,0,0,826,A
5-NP,74,0,831,0,0,831,T
5-NP,75,1,829,0,0,830,T
5-NP,76,824,0,1,0,825,A
5-NP,77,0,2,823,0,825,G
5-NP,78,0,4,818,0,822,G
5-NP,79,0,0,824,0,824,G
5-NP,80,0,0,0,820,820,C
5-NP,81,799,0,0,0,799,A
5-NP,82,0,804,0,0,804,T
5-NP,83,1,1,0,806,808,C
5-NP,84,0,0,0,816,816,C
5-NP,85,0,0,823,0,823,G
5-NP,86,0,822,0,0,822,T
5-NP,87,0,0,0,823,823,C
5-NP,88,1,2,831,0,834,G
5-NP,89,1,0,834,0,835,G
5-NP,90,0,0,835,0,835,G
5-NP,91,830,0,0,0,830,A
5-NP,92,835,0,0,1,836,A
5-NP,93,0,0,843,0,843,G
5-NP,94,827,0,0,0,827,A
5-NP,95,0,843,0,0,843,T
5-NP,96,1,0,848,0,849,G
5-NP,97,854,0,0,0,854,A
5-NP,98,0,861,0,0,861,T
5-NP,99,0,860,0,0,860,T
5-NP,100,0,0,860,0,860,G
5-NP,101,858,0,1,0,859,A
5-NP,102,0,857,0,0,857,T
5-NP,103,0,1,855,0,856,G
5-NP,104,0,2,845,1,848,G
5-NP,105,0,3,831,0,834,G
5-NP,106,896,0,0,0,896,A
5-NP,107,0,899,0,0,899,T
5-NP,108,0,899,0,0,899,T
5-NP,109,0,0,908,0,908,G
5-NP,110,0,0,909,0,909,G
5-NP,111,0,0,916,0,916,G
5-NP,112,908,0,2,0,910,A
5-NP,113,0,0,912,0,912,G
5-NP,114,898,0,0,0,898,A
5-NP,115,1,908,0,0,909,T
5-NP,116,0,921,0,0,921,T
5-NP,117,0,0,0,914,914,C
5-NP,118,0,914,0,1,915,T
5-NP,119,922,0,2,0,924,A
5-NP,120,0,0,1,931,932,C
5-NP,121,952,0,0,0,952,A
5-NP,122,0,959,0,1,960,T
5-NP,123,0,1,0,949,950,C
5-NP,124,2,0,0,951,953,C
5-NP,125,946,0,0,1,947,A
5-NP,126,966,0,0,0,966,A
5-NP,127,972,0,0,0,972,A
5-NP,128,0,963,0,0,963,T
5-NP,129,0,0,962,0,962,G
5-NP,130,0,946,0,1,947,T
5-NP,131,1,0,946,0,947,G
5-NP,132,0,0,0,949,949,C
5-NP,133,944,0,0,0,944,A
5-NP,134,0,0,0,948,948,C
5-NP,135,0,933,0,1,934,T
5-NP,136,1,4,973,0,978,G
5-NP,137,977,0,0,0,977,A
5-NP,138,996,0,0,0,996,A
5-NP,139,0,0,0,1003,1003,C
5-NP,140,0,996,0,0,996,T
5-NP,141,0,1006,0,0,1006,T
5-NP,142,1001,0,1,0,1002,A
5-NP,143,1004,0,0,0,1004,A
5-NP,144,1005,0,2,0,1007,A
5-NP,145,1,0,0,1011,1012,C
5-NP,146,0,983,0,0,983,T
5-NP,147,3,0,0,989,992,C
5-NP,148,979,0,0,1,980,A
5-NP,149,0,0,998,0,998,G
5-NP,150,1,992,0,0,993,T
5-NP,151,1,0,998,0,999,G
5-NP,152,1015,0,0,0,1015,A
5-NP,153,0,1018,0,1,1019,T
5-NP,154,0,1,0,1035,1036,C
5-NP,155,1039,0,1,1,1041,A
5-NP,156,0,1039,0,0,1039,T
5-NP,157,0,0,1045,0,1045,G
5-NP,158,1036,0,2,1,1039,A
5-NP,159,1033,0,3,0,1036,A
5-NP,160,0,1,1031,0,1032,G
5-NP,161,0,1,1011,0,1012,G
5-NP,162,0,1,1010,0,1011,G
5-NP,163,1,1,0,1011,1013,C
5-NP,164,1,1,1009,0,1011,G
5-NP,165,1,0,1009,0,1010,G
5-NP,166,0,1009,0,3,1012,T
5-NP,167,0,1014,0,1,1015,T
5-NP,168,0,2,1009,0,1011,G
5-NP,169,1122,0,1,1,1124,A
5-NP,170,0,1129,0,1,1130,T
5-NP,171,0,0,0,1126,1126,C
5-NP,172,1,0,0,1129,1130,C
5-NP,173,1125,0,1,0,1126,A
5-NP,174,0,0,1125,0,1125,G
5-NP,175,1121,0,0,1,1122,A
5-NP,176,1119,0,1,1,1121,A
5-NP,177,0,1,0,1124,1125,C
5-NP,178,1044,0,1,1,1046,A
5-NP,179,0,2,1069,0,1071,G
5-NP,180,0,0,0,1079,1079,C
5-NP,181,0,1077,0,0,1077,T
5-NP,182,0,1087,0,0,1087,T
5-NP,183,0,1,1077,0,1078,G
5-NP,184,1081,0,1,0,1082,A
5-NP,185,0,1,0,1083,1084,C
5-NP,186,1078,0,1,0,1079,A
5-NP,187,1088,0,0,1,1089,A
5-NP,188,0,1085,0,0,1085,T
5-NP,189,1074,0,2,0,1076,A
5-NP,190,0,1,1080,0,1081,G
5-NP,191,1076,0,0,0,1076,A
5-NP,192,0,0,1085,0,1085,G
5-NP,193,1080,0,0,0,1080,A
5-NP,194,1096,0,0,0,1096,A
5-NP,195,1096,0,0,0,1096,A
5-NP,196,1114,0,1,0,1115,A
5-NP,197,0,1114,0,0,1114,T
5-NP,198,0,1,1119,0,1120,G
5-NP,199,2,0,1117,0,1119,G
5-NP,200,0,1109,0,1,1110,T
5-NP,201,1082,0,1,0,1083,A
5-NP,202,0,1,0,1097,1098,C
5-NP,203,0,1102,0,0,1102,T
5-NP,204,2,0,0,1124,1126,C
5-NP,205,0,1090,0,2,1092,T
5-NP,206,0,0,0,1107,1107,C
5-NP,207,1,1099,1,4,1105,T
5-NP,208,0,0,1119,0,1119,G
5-NP,209,1,0,0,1116,1117,C
5-NP,210,0,1119,0,1,1120,T
5-NP,211,0,1116,0,0,1116,T
5-NP,212,0,1118,0,0,1118,T
5-NP,213,0,1107,0,0,1107,T
5-NP,214,0,1,1109,0,1110,G
5-NP,215,1096,0,0,1,1097,A
5-NP,216,0,1106,0,0,1106,T
5-NP,217,0,1,1103,0,1104,G
5-NP,218,1095,0,2,0,1097,A
5-NP,219,1098,0,1,0,1099,A
5-NP,220,1103,0,1,0,1104,A
5-NP,221,0,0,1104,0,1104,G
5-NP,222,1097,0,1,0,1098,A
5-NP,223,1101,0,1,0,1102,A
5-NP,224,0,1,1118,0,1119,G
5-NP,225,1,1,1143,0,1145,G
5-NP,226,1155,0,0,0,1155,A
5-NP,227,1156,0,1,0,1157,A
5-NP,228,0,1162,0,2,1164,T
5-NP,229,1164,0,0,1,1165,A
5-NP,230,1161,0,2,0,1163,A
5-NP,231,1172,0,0,0,1172,A
5-NP,232,0,1168,0,0,1168,T
5-NP,233,1162,0,0,0,1162,A
5-NP,234,0,0,0,1182,1182,C
5-NP,235,0,0,0,1152,1152,C
5-NP,236,0,1163,0,0,1163,T
5-NP,237,0,0,1167,0,1167,G
5-NP,238,0,1,1189,0,1190,G
5-NP,239,1197,0,2,0,1199,A
5-NP,240,1184,0,3,0,1187,A
5-NP,241,0,3,1192,0,1195,G
5-NP,242,1185,0,0,0,1185,A
5-NP,243,1183,0,0,0,1183,A
5-NP,244,0,0,0,1184,1184,C
5-NP,245,1171,0,3,0,1174,A
5-NP,246,0,0,0,1205,1205,C
5-NP,247,0,0,0,1199,1199,C
5-NP,248,3,0,0,1196,1199,C
5-NP,249,2,0,0,1195,1197,C
5-NP,250,1187,0,0,0,1187,A
5-NP,251,0,0,1191,0,1191,G
5-NP,252,0,0,0,1189,1189,C
5-NP,253,0,0,1182,0,1182,G
5-NP,254,0,0,1,1184,1185,C
5-NP,255,1,0,1165,0,1166,G
5-NP,256,0,0,1182,0,1182,G
5-NP,257,0,0,1177,0,1177,G
5-NP,258,0,1,1189,0,1190,G
5-NP,259,1176,0,1,0,1177,A
5-NP,260,1181,0,0,0,1181,A
5-NP,261,1178,0,1,0,1179,A
5-NP,262,0,1,1179,0,1180,G
5-NP,263,1179,0,1,0,1180,A
5-NP,264,0,1163,0,0,1163,T
5-NP,265,0,0,0,1167,1167,C
5-NP,266,0,0,0,1156,1156,C
5-NP,267,3,0,0,1162,1165,C
5-NP,268,1174,0,2,0,1176,A
5-NP,269,1179,0,0,0,1179,A
5-NP,270,0,1,1180,0,1181,G
5-NP,271,1178,0,0,0,1178,A
5-NP,272,1180,0,0,0,1180,A
5-NP,273,1186,0,0,0,1186,A
5-NP,274,1181,0,2,0,1183,A
5-NP,275,0,0,0,1191,1191,C
5-NP,276,0,1174,0,0,1174,T
5-NP,277,0,0,1177,0,1177,G
5-NP,278,0,2,1170,0,1172,G
5-NP,279,0,1,1171,0,1172,G
5-NP,280,0,0,1178,0,1178,G
5-NP,281,1,1,1177,0,1179,G
5-NP,282,0,0,1196,0,1196,G
5-NP,283,1,0,0,1257,1258,C
5-NP,284,1,1,0,1273,1275,C
5-NP,285,2,0,0,1279,1281,C
5-NP,286,1444,0,0,0,1444,A
5-NP,287,0,1450,0,1,1451,T
5-NP,288,1525,0,0,0,1525,A
5-NP,289,0,1522,0,0,1522,T
5-NP,290,1507,0,0,0,1507,A
5-NP,291,0,0,0,1519,1519,C
5-NP,292,1407,1,1,0,1409,A
5-NP,293,0,1,1434,1,1436,G
5-NP,294,0,1,1431,0,1432,G
5-NP,295,1283,0,1,0,1284,A
5-NP,296,0,0,1307,0,1307,G
5-NP,297,1244,0,1,0,1245,A
5-NP,298,1,0,1272,0,1273,G
5-NP,299,0,1259,0,0,1259,T
5-NP,300,1260,0,0,0,1260,A
5-NP,301,1,0,1265,0,1266,G
5-NP,302,1249,0,0,0,1249,A
5-NP,303,0,1246,0,1,1247,T
5-NP,304,0,1,1250,0,1251,G
5-NP,305,1,0,1262,0,1263,G
5-NP,306,1260,0,0,0,1260,A
5-NP,307,1250,0,1,0,1251,A
5-NP,308,1244,0,0,0,1244,A
5-NP,309,1257,0,0,0,1257,A
5-NP,310,0,1245,0,0,1245,T
5-NP,311,1,0,1263,0,1264,G
5-NP,312,1,0,1260,0,1261,G
5-NP,313,1255,0,1,0,1256,A
5-NP,314,0,1250,0,0,1250,T
5-NP,315,1,2,1252,0,1255,G
5-NP,316,1251,0,3,0,1254,A
5-NP,317,1,2,1256,0,1259,G
5-NP,318,0,0,1257,0,1257,G
5-NP,319,0,2,1275,0,1277,G
5-NP,320,1279,0,1,0,1280,A
5-NP,321,1276,0,2,0,1278,A
5-NP,322,0,0,0,1293,1293,C
5-NP,323,0,1277,0,8,1285,T
5-NP,324,0,1,0,1314,1315,C
5-NP,325,0,0,1326,0,1326,G
5-NP,326,0,1325,0,0,1325,T
5-NP,327,3,0,0,1332,1335,C
5-NP,328,1,0,0,1427,1428,C
5-NP,329,0,1421,0,2,1423,T
5-NP,330,0,1431,0,1,1432,T
5-NP,331,0,1431,0,0,1431,T
5-NP,332,1434,0,1,0,1435,A
5-NP,333,0,1436,0,0,1436,T
5-NP,334,0,1,1433,0,1434,G
5-NP,335,1439,0,1,0,1440,A
5-NP,336,0,0,0,1446,1446,C
5-NP,337,1405,0,0,0,1405,A
5-NP,338,1406,0,0,0,1406,A
5-NP,339,1413,0,2,0,1415,A
5-NP,340,0,1,1466,0,1467,G
5-NP,341,1462,0,1,0,1463,A
5-NP,342,1466,0,1,0,1467,A
5-NP,343,0,1,1517,0,1518,G
5-NP,344,1525,0,0,0,1525,A
5-NP,345,1527,0,1,0,1528,A
5-NP,346,1531,0,0,0,1531,A
5-NP,347,0,1518,0,0,1518,T
5-NP,348,1523,0,0,0,1523,A
5-NP,349,1509,0,0,0,1509,A
5-NP,350,2,0,1518,0,1520,G
5-NP,351,0,0,1521,0,1521,G
5-NP,352,0,0,0,1507,1507,C
5-NP,353,0,1,1510,0,1511,G
5-NP,354,1517,0,0,0,1517,A
5-NP,355,1525,0,2,0,1527,A
5-NP,356,0,1521,0,0,1521,T
5-NP,357,2,0,0,1531,1533,C
5-NP,358,0,1526,1,2,1529,T
5-NP,359,0,2,1518,0,1520,G
5-NP,360,0,0,1528,0,1528,G
5-NP,361,0,2,0,1525,1527,C
5-NP,362,2,0,1523,0,1525,G
5-NP,363,0,2,0,1517,1519,C
5-NP,364,2,0,0,1518,1520,C
5-NP,365,1520,0,2,0,1522,A
5-NP,366,1547,0,2,0,1549,A
5-NP,367,0,0,1570,0,1570,G
5-NP,368,0,1,0,1562,1563,C
5-NP,369,1,0,0,1585,1586,C
5-NP,370,1587,0,3,0,1590,A
5-NP,371,1613,0,1,0,1614,A
5-NP,372,0,0,1,1628,1629,C
5-NP,373,1633,0,0,0,1633,A
5-NP,374,1664,0,1,0,1665,A
5-NP,375,0,1657,0,1,1658,T
5-NP,376,0,3,1666,0,1669,G
5-NP,377,0,0,1673,0,1673,G
5-NP,378,0,1655,0,2,1657,T
5-NP,379,0,0,1666,0,1666,G
5-NP,380,1651,0,3,0,1654,A
5-NP,381,0,0,1688,0,1688,G
5-NP,382,0,0,1691,0,1691,G
5-NP,383,1708,0,0,0,1708,A
5-NP,384,0,1877,0,1,1878,T
5-NP,385,0,2,1895,0,1897,G
5-NP,386,0,0,0,1935,1935,C
5-NP,387,0,1941,0,6,1947,T
5-NP,388,1984,0,2,0,1986,A
5-NP,389,0,0,0,2020,2020,C
5-NP,390,2002,0,1,0,2003,A
5-NP,391,0,1824,0,159,1983,T
5-NP,392,0,0,0,1980,1980,C
5-NP,393,0,1887,0,0,1887,T
5-NP,394,0,1,1936,0,1937,G
5-NP,395,0,0,1975,0,1975,G
5-NP,396,1,1962,0,3,1966,T
5-NP,397,2,0,0,1963,1965,C
5-NP,398,0,1955,0,0,1955,T
5-NP,399,1994,0,0,0,1994,A
5-NP,400,1988,0,1,0,1989,A
5-NP,401,0,1,0,2001,2002,C
5-NP,402,1,1992,0,3,1996,T
5-NP,403,2,1,0,1996,1999,C
5-NP,404,1969,0,1,0,1970,A
5-NP,405,0,0,0,2059,2059,C
5-NP,406,2051,0,0,0,2051,A
5-NP,407,0,2058,0,1,2059,T
5-NP,408,2040,0,1,0,2041,A
5-NP,409,2048,0,1,1,2050,A
5-NP,410,0,2053,0,0,2053,T
5-NP,411,0,3,2086,0,2089,G
5-NP,412,2078,0,0,0,2078,A
5-NP,413,0,2059,0,0,2059,T
5-NP,414,0,2028,0,0,2028,T
5-NP,415,0,2028,0,1,2029,T
5-NP,416,0,5,2020,0,2025,G
5-NP,417,1,0,2022,0,2023,G
5-NP,418,0,1,0,2026,2027,C
5-NP,419,2020,0,1,0,2021,A
5-NP,420,0,2024,0,0,2024,T
5-NP,421,0,2023,0,2,2025,T
5-NP,422,1,0,0,2022,2023,C
5-NP,423,2,0,0,2029,2031,C
5-NP,424,2065,0,0,0,2065,A
5-NP,425,2072,1,0,0,2073,A
5-NP,426,0,2071,0,0,2071,T
5-NP,427,0,2063,0,1,2064,T
5-NP,428,0,2072,0,1,2073,T
5-NP,429,1,1,2082,0,2084,G
5-NP,430,2073,0,2,1,2076,A
5-NP,431,2081,0,0,0,2081,A
5-NP,432,1,2085,0,0,2086,T
5-NP,433,0,3,2062,0,2065,G
5-NP,434,2156,0,3,0,2159,A
5-NP,435,1,2161,1,4,2167,T
5-NP,436,1,0,2180,0,2181,G
5-NP,437,0,3,0,2223,2226,C
5-NP,438,2220,0,3,1,2224,A
5-NP,439,2315,0,5,0,2320,A
5-NP,440,0,0,0,2323,2323,C
5-NP,441,2351,0,2,1,2354,A
5-NP,442,0,2405,0,0,2405,T
5-NP,443,2333,1,2,0,2336,A
5-NP,444,1,1,0,2375,2377,C
5-NP,445,2,1,0,2371,2374,C
5-NP,446,2317,0,0,1,2318,A
5-NP,447,0,2,2342,0,2344,G
5-NP,448,2275,0,3,1,2279,A
5-NP,449,0,1,2338,0,2339,G
5-NP,450,2,3,2309,0,2314,G
5-NP,451,2294,0,2,0,2296,A
5-NP,452,1,1,0,2322,2324,C
5-NP,453,2300,0,1,0,2301,A
5-NP,454,2307,0,0,0,2307,A
5-NP,455,1,3,2302,0,2306,G
5-NP,456,2273,0,4,0,2277,A
5-NP,457,1,1,2294,0,2296,G
5-NP,458,3,2,0,2258,2263,C
5-NP,459,0,2255,0,5,2260,T
5-NP,460,2,1,0,2278,2281,C
5-NP,461,0,2278,0,2,2280,T
5-NP,462,0,2302,0,0,2302,T
5-NP,463,0,0,2312,0,2312,G
5-NP,464,0,2296,0,3,2299,T
5-NP,465,0,2294,0,1,2295,T
5-NP,466,2,0,0,2297,2299,C
5-NP,467,3,4,2284,0,2291,G
5-NP,468,2341,0,0,0,2341,A
5-NP,469,2333,0,0,0,2333,A
5-NP,470,1,1,0,2363,2365,C
5-NP,471,0,2363,1,0,2364,T
5-NP,472,1,1,2390,1,2393,G
5-NP,473,0,2,2397,0,2399,G
5-NP,474,2406,1,0,0,2407,A
5-NP,475,2409,0,3,0,2412,A
5-NP,476,0,2405,0,0,2405,T
5-NP,477,0,3,2388,0,2391,G
5-NP,478,1,0,2394,0,2395,G
5-NP,479,2398,0,2,0,2400,A
5-NP,480,0,2441,0,2,2443,T
5-NP,481,2,0,0,2444,2446,C
5-NP,482,3,1,0,2462,2466,C
5-NP,483,2,1,0,2488,2491,C
5-NP,484,2531,0,3,0,2534,A
5-NP,485,1,2,2564,0,2567,G
5-NP,486,2581,0,2,0,2583,A
5-NP,487,2569,0,0,0,2569,A
5-NP,488,0,2540,1,1,2542,T
5-NP,489,1,0,2578,0,2579,G
5-NP,490,0,2557,0,1,2558,T
5-NP,491,1,1,2579,0,2581,G
5-NP,492,0,0,0,2589,2589,C
5-NP,493,0,2572,0,6,2578,T
5-NP,494,4,0,0,2791,2795,C
5-NP,495,0,2784,0,2,2786,T
5-NP,496,2,0,0,2942,2944,C
5-NP,497,0,2934,0,5,2939,T
5-NP,498,2,2,2946,1,2951,G
5-NP,499,2980,0,1,0,2981,A
5-NP,500,0,2983,0,1,2984,T
5-NP,501,1,2,2971,0,2974,G
5-NP,502,0,0,0,2966,2966,C
5-NP,503,2865,0,5,3,2873,A
5-NP,504,2,3,2936,0,2941,G
5-NP,505,2,7,2865,0,2874,G
5-NP,506,2,0,2917,0,2919,G
5-NP,507,0,0,0,2909,2909,C
5-NP,508,1,2889,0,5,2895,T
5-NP,509,2,0,0,2919,2921,C
5-NP,510,0,5,2915,0,2920,G
5-NP,511,2964,0,1,0,2965,A
5-NP,512,0,0,0,2978,2978,C
5-NP,513,0,2943,1,4,2948,T
5-NP,514,1,0,0,3099,3100,C
5-NP,515,0,3083,1,6,3090,T
5-NP,516,6,2,0,3601,3609,C
5-NP,517,3,1,0,3605,3609,C
5-NP,518,4,1,0,3630,3635,C
5-NP,519,0,3639,0,1,3640,T
5-NP,520,3598,0,0,0,3598,A
5-NP,521,1,2,3605,0,3608,G
5-NP,522,3602,0,0,0,3602,A
5-NP,523,3504,0,3,0,3507,A
5-NP,524,0,1,3514,0,3515,G
5-NP,525,0,3,3425,0,3428,G
5-NP,526,0,3355,0,2,3357,T
5-NP,527,3,1,1,3383,3388,C
5-NP,528,1,0,0,3379,3380,C
5-NP,529,0,0,3373,0,3373,G
5-NP,530,2,6,3385,1,3394,G
5-NP,531,3374,0,1,0,3375,A
5-NP,532,1,0,3447,0,3448,G
5-NP,533,1,0,0,3465,3466,C
5-NP,534,0,3435,0,4,3439,T
5-NP,535,0,0,3441,0,3441,G
5-NP,536,0,2,0,3460,3462,C
5-NP,537,3444,0,4,0,3448,A
5-NP,538,0,2,3463,0,3465,G
5-NP,539,2,0,3472,0,3474,G
5-NP,540,0,3443,0,1,3444,T
5-NP,541,1,0,3461,0,3462,G
5-NP,542,1,0,0,3468,3469,C
5-NP,543,1,3459,1,3,3464,T
5-NP,544,2,0,3479,0,3481,G
5-NP,545,0,1,0,3464,3465,C
5-NP,546,3502,0,1,0,3503,A
5-NP,547,1,0,3575,0,3576,G
5-NP,548,1,3526,0,4,3531,T
5-NP,549,6,0,0,3551,3557,C
5-NP,550,3552,0,0,0,3552,A
5-NP,551,3544,1,0,1,3546,A
5-NP,552,3548,0,9,0,3557,A
5-NP,553,1,0,3566,0,3567,G
5-NP,554,1,5,3576,0,3582,G
5-NP,555,3571,0,2,1,3574,A
5-NP,556,3548,0,4,0,3552,A
5-NP,557,0,3563,0,1,3564,T
5-NP,558,3,3,0,3562,3568,C
5-NP,559,1,8,3560,0,3569,G
5-NP,560,2,2,3634,0,3638,G
5-NP,561,1,6,3645,1,3653,G
5-NP,562,3637,0,3,1,3641,A
5-NP,563,1,1,0,3665,3667,C
5-NP,564,3608,1,2,0,3611,A
5-NP,565,3707,0,0,0,3707,A
5-NP,566,0,3754,0,0,3754,T
5-NP,567,2,1,3765,0,3768,G
5-NP,568,0,0,3863,0,3863,G
5-NP,569,1,3811,0,3,3815,T
5-NP,570,1,3,3863,0,3867,G
5-NP,571,3848,0,4,1,3853,A
5-NP,572,0,3855,0,1,3856,T
5-NP,573,2,3,3865,0,3870,G
5-NP,574,0,2,3888,1,3891,G
5-NP,575,3858,0,4,0,3862,A
5-NP,576,3860,0,3,0,3863,A
5-NP,577,1,0,0,3871,3872,C
5-NP,578,0,3760,0,2,3762,T
5-NP,579,6,6,3910,0,3922,G
5-NP,580,3873,0,3,0,3876,A
5-NP,581,0,3892,0,1,3893,T
5-NP,582,3,1,0,3913,3917,C
5-NP,583,3851,0,1,0,3852,A
5-NP,584,2,4,4072,0,4078,G
5-NP,585,4038,0,2,0,4040,A
5-NP,586,4063,1,5,0,4069,A
5-NP,587,0,4221,0,0,4221,T
5-NP,588,1,8,4184,0,4193,G
5-NP,589,1,0,4200,0,4201,G
5-NP,590,1,4174,0,5,4180,T
5-NP,591,3692,0,2,363,4057,A
5-NP,592,4107,0,1,0,4108,A
5-NP,593,4110,0,4,0,4114,A
5-NP,594,4142,0,0,0,4142,A
5-NP,595,0,4,0,4135,4139,C
5-NP,596,2,6,4011,0,4019,G
5-NP,597,0,7,4027,0,4034,G
5-NP,598,1,3,3991,0,3995,G
5-NP,599,0,1,4004,0,4005,G
5-NP,600,358,2,3667,0,4027,G
5-NP,601,4031,0,2,0,4033,A
5-NP,602,0,4021,0,0,4021,T
5-NP,603,5,1,0,4033,4039,C
5-NP,604,4036,0,6,0,4042,A
5-NP,605,4055,0,1,0,4056,A
5-NP,606,0,0,0,4038,4038,C
5-NP,607,3,5,4034,0,4042,G
5-NP,608,4008,0,3,0,4011,A
5-NP,609,0,3991,0,0,3991,T
5-NP,610,3666,0,1,344,4011,A
5-NP,611,0,4,4016,0,4020,G
5-NP,612,4006,0,1,0,4007,A
5-NP,613,4020,0,1,0,4021,A
5-NP,614,4019,0,0,0,4019,A
5-NP,615,0,4048,0,0,4048,T
5-NP,616,0,4049,0,0,4049,T
5-NP,617,0,4057,1,0,4058,T
5-NP,618,0,4065,0,0,4065,T
5-NP,619,0,4069,1,1,4071,T
5-NP,620,2,1,4071,0,4074,G
5-NP,621,1,7,4062,0,4070,G
5-NP,622,4031,0,5,0,4036,A
5-NP,623,1,0,4076,0,4077,G
5-NP,624,3995,0,0,0,3995,A
5-NP,625,0,2,4237,0,4239,G
5-NP,626,0,0,4251,0,4251,G
5-NP,627,0,4131,0,4,4135,T
5-NP,628,1,5,4251,0,4257,G
5-NP,629,4235,1,8,2,4246,A
5-NP,630,2,3,4276,0,4281,G
5-NP,631,4259,0,6,0,4265,A
5-NP,632,4241,0,4,0,4245,A
5-NP,633,1,4214,0,0,4215,T
5-NP,634,3,7,4063,0,4073,G
5-NP,635,0,0,4015,0,4015,G
5-NP,636,6,1,4006,0,4013,G
5-NP,637,0,2,0,3986,3988,C
5-NP,638,0,1,4025,0,4026,G
5-NP,639,3,3,4042,0,4048,G
5-NP,640,4034,0,1,0,4035,A
5-NP,641,4046,0,2,0,4048,A
5-NP,642,4143,0,1,0,4144,A
5-NP,643,4153,1,7,1,4162,A
5-NP,644,0,0,0,4184,4184,C
5-NP,645,4163,0,3,0,4166,A
5-NP,646,4169,1,3,0,4173,A
5-NP,647,0,3,4172,0,4175,G
5-NP,648,4071,0,3,0,4074,A
5-NP,649,4083,1,2,0,4086,A
5-NP,650,0,0,4159,0,4159,G
5-NP,651,1,4123,1,1,4126,T
5-NP,652,0,0,4343,0,4343,G
5-NP,653,1,2,0,4325,4328,C
5-NP,654,0,4341,1,4,4346,T
5-NP,655,0,4386,1,2,4389,T
5-NP,656,4450,1,0,0,4451,A
5-NP,657,1,4455,1,1,4458,T
5-NP,658,2,3,4470,0,4475,G
5-NP,659,4383,1,7,0,4391,A
5-NP,660,0,5,4406,0,4411,G
5-NP,661,4176,0,11,1,4188,A
5-NP,662,0,5,4217,0,4222,G
5-NP,663,4208,0,3,0,4211,A
5-NP,664,4262,0,1,0,4263,A
5-NP,665,0,4215,1,0,4216,T
5-NP,666,3,1,4269,0,4273,G
5-NP,667,0,4225,1,4,4230,T
5-NP,668,1,0,4266,0,4267,G
5-NP,669,2,0,0,4248,4250,C
5-NP,670,4251,0,1,0,4252,A
5-NP,671,4266,0,5,0,4271,A
5-NP,672,0,0,0,4252,4252,C
5-NP,673,4225,0,0,0,4225,A
5-NP,674,0,4240,1,2,4243,T
5-NP,675,0,4192,1,3,4196,T
5-NP,676,3,0,0,4191,4194,C
5-NP,677,0,4202,1,2,4205,T
5-NP,678,0,4202,2,1,4205,T
5-NP,679,4203,0,0,0,4203,A
5-NP,680,4189,0,1,0,4190,A
5-NP,681,4181,0,3,1,4185,A
5-NP,682,1,2,4184,0,4187,G
5-NP,683,0,1,4170,0,4171,G
5-NP,684,4099,0,74,0,4173,A
5-NP,685,4159,0,1,0,4160,A
5-NP,686,4161,0,0,0,4161,A
5-NP,687,4208,0,0,0,4208,A
5-NP,688,0,4191,0,2,4193,T
5-NP,689,0,4192,0,2,4194,T
5-NP,690,0,4208,0,0,4208,T
5-NP,691,0,0,0,4212,4212,C
5-NP,692,4225,0,2,0,4227,A
5-NP,693,4222,0,1,0,4223,A
5-NP,694,4220,0,0,0,4220,A
5-NP,695,2,1,0,4274,4277,C
5-NP,696,4232,0,2,0,4234,A
5-NP,697,0,0,4328,0,4328,G
5-NP,698,1,0,0,4323,4324,C
5-NP,699,0,4306,1,6,4313,T
5-NP,700,3,1,4414,0,4418,G
5-NP,701,0,4,0,4404,4408,C
5-NP,702,4437,0,7,0,4444,A
5-NP,703,2,1,0,4434,4437,C
5-NP,704,4427,0,2,0,4429,A
5-NP,705,4422,0,5,0,4427,A
5-NP,706,4317,0,7,0,4324,A
5-NP,707,0,6,4482,0,4488,G
5-NP,708,4455,0,6,0,4461,A
5-NP,709,1,1,4498,0,4500,G
5-NP,710,0,3,1,4486,4490,C
5-NP,711,4473,0,1,0,4474,A
5-NP,712,4605,0,5,0,4610,A
5-NP,713,1,4620,0,2,4623,T
5-NP,714,3,4,4611,1,4619,G
5-NP,715,1,0,4633,0,4634,G
5-NP,716,0,4510,0,3,4513,T
5-NP,717,1,2,4556,0,4559,G
5-NP,718,0,5,4566,0,4571,G
5-NP,719,4576,0,3,0,4579,A
5-NP,720,0,4565,0,3,4568,T
5-NP,721,11,1,0,4452,4464,C
5-NP,722,4482,1,1,1,4485,A
5-NP,723,4515,0,2,1,4518,A
5-NP,724,3,1,4544,0,4548,G
5-NP,725,0,4506,0,2,4508,T
5-NP,726,2,4,4514,0,4520,G
5-NP,727,4459,1,8,0,4468,A
5-NP,728,0,4,4470,0,4474,G
5-NP,729,4482,0,3,0,4485,A
5-NP,730,1,1,4480,0,4482,G
5-NP,731,4446,0,2,0,4448,A
5-NP,732,4363,0,2,0,4365,A
5-NP,733,4388,0,6,1,4395,A
5-NP,734,1,1,4400,0,4402,G
5-NP,735,0,4350,0,0,4350,T
5-NP,736,4,0,0,4364,4368,C
5-NP,737,2,2,4358,0,4362,G
5-NP,738,1,1,4354,0,4356,G
5-NP,739,4387,0,2,0,4389,A
5-NP,740,4403,0,3,0,4406,A
5-NP,741,0,0,0,4419,4419,C
5-NP,742,3,0,0,4397,4400,C
5-NP,743,4,1,0,4414,4419,C
5-NP,744,4419,0,7,0,4426,A
5-NP,745,2,2,4435,0,4439,G
5-NP,746,1,3,4410,0,4414,G
5-NP,747,4416,0,1,0,4417,A
5-NP,748,4421,0,0,0,4421,A
5-NP,749,4374,0,6,1,4381,A
5-NP,750,3,2,0,4421,4426,C
5-NP,751,1,0,4411,0,4412,G
5-NP,752,1,0,1,4403,4405,C
5-NP,753,9,367,0,4013,4389,C
5-NP,754,1,2,4411,0,4414,G
5-NP,755,4413,1,1,0,4415,A
5-NP,756,1,3,4439,0,4443,G
5-NP,757,4462,0,0,1,4463,A
5-NP,758,0,4405,0,0,4405,T
5-NP,759,4,3,0,4336,4343,C
5-NP,760,2,5,4369,0,4376,G
5-NP,761,4347,1,2,0,4350,A
5-NP,762,4354,0,3,0,4357,A
5-NP,763,2,1,4360,0,4363,G
5-NP,764,4351,0,0,0,4351,A
5-NP,765,0,4338,0,2,4340,T
5-NP,766,3,1,0,4351,4355,C
5-NP,767,0,4371,0,7,4378,T
5-NP,768,11,1,0,4385,4397,C
5-NP,769,4404,0,1,0,4405,A
5-NP,770,1,4407,0,1,4409,T
5-NP,771,4419,1,0,0,4420,A
5-NP,772,1,4419,0,2,4422,T
5-NP,773,0,4383,0,1,4384,T
5-NP,774,1,4377,1,0,4379,T
5-NP,775,0,4313,0,5,4318,T
5-NP,776,0,4310,1,1,4312,T
5-NP,777,4352,0,0,0,4352,A
5-NP,778,1,0,4339,0,4340,G
5-NP,779,0,2,0,4337,4339,C
5-NP,780,4347,0,2,0,4349,A
5-NP,781,4312,0,2,0,4314,A
5-NP,782,0,3,4455,0,4458,G
5-NP,783,4459,1,2,0,4462,A
5-NP,784,0,4448,0,0,4448,T
5-NP,785,0,1,1,4491,4493,C
5-NP,786,1,4458,1,5,4465,T
5-NP,787,2,1,4588,0,4591,G
5-NP,788,1,1,0,4589,4591,C
5-NP,789,4588,0,5,0,4593,A
5-NP,790,0,4643,0,1,4644,T
5-NP,791,0,4508,1,1,4510,T
5-NP,792,0,1,4724,0,4725,G
5-NP,793,4800,0,3,0,4803,A
5-NP,794,0,4794,2,2,4798,T
5-NP,795,4817,0,2,0,4819,A
5-NP,796,0,4736,0,0,4736,T
5-NP,797,0,4702,0,1,4703,T
5-NP,798,1,7,4763,0,4771,G
5-NP,799,4710,1,6,0,4717,A
5-NP,800,2,1,4746,0,4749,G
5-NP,801,4502,0,4,0,4506,A
5-NP,802,0,3,4437,0,4440,G
5-NP,803,1,3,4536,0,4540,G
5-NP,804,4515,0,1,1,4517,A
5-NP,805,1,4487,0,1,4489,T
5-NP,806,6,0,0,4559,4565,C
5-NP,807,4523,0,2,0,4525,A
5-NP,808,0,2,4528,0,4530,G
5-NP,809,0,4498,0,3,4501,T
5-NP,810,0,342,4017,0,4359,G
5-NP,811,4,2,4377,0,4383,G
5-NP,812,1,1,0,4380,4382,C
5-NP,813,0,4383,0,4,4387,T
5-NP,814,4,1,0,4389,4394,C
5-NP,815,4377,2,2,0,4381,A
5-NP,816,2,1,0,4390,4393,C
5-NP,817,4388,0,1,0,4389,A
5-NP,818,4419,0,1,0,4420,A
5-NP,819,4399,0,0,0,4399,A
5-NP,820,0,4374,1,0,4375,T
5-NP,821,1,0,0,4400,4401,C
5-NP,822,0,4387,1,4,4392,T
5-NP,823,0,4377,0,1,4378,T
5-NP,824,0,0,4380,0,4380,G
5-NP,825,0,4,0,4394,4398,C
5-NP,826,2,3,0,4438,4443,C
5-NP,827,0,4443,0,4,4447,T
5-NP,828,4431,0,0,0,4431,A
5-NP,829,0,2,0,4470,4472,C
5-NP,830,1,0,0,4481,4482,C
5-NP,831,0,4467,0,5,4472,T
5-NP,832,2,3,4534,1,4540,G
5-NP,833,2,1,0,4487,4490,C
5-NP,834,2,0,0,4517,4519,C
5-NP,835,1,4449,0,6,4456,T
5-NP,836,3,0,4514,0,4517,G
5-NP,837,0,4467,0,4,4471,T
5-NP,838,0,0,4548,0,4548,G
5-NP,839,0,4,0,4561,4565,C
5-NP,840,3,0,4652,0,4655,G
5-NP,841,0,4580,0,5,4585,T
5-NP,842,4571,0,0,0,4571,A
5-NP,843,1,4562,1,0,4564,T
5-NP,844,1,3,4554,0,4558,G
5-NP,845,0,5,4744,0,4749,G
5-NP,846,4712,0,3,0,4715,A
5-NP,847,0,3,0,4629,4632,C
5-NP,848,2,2,0,4653,4657,C
5-NP,849,1,4559,1,7,4568,T
5-NP,850,1,0,4782,0,4783,G
5-NP,851,0,1,0,4799,4800,C
5-NP,852,4811,0,9,0,4820,A
5-NP,853,0,0,4899,0,4899,G
5-NP,854,0,4645,1,5,4651,T
5-NP,855,4832,0,1,0,4833,A
5-NP,856,0,4815,0,3,4818,T
5-NP,857,4,2,0,4806,4812,C
5-NP,858,1,1,0,4836,4838,C
5-NP,859,4627,0,1,0,4628,A
5-NP,860,4,1,4649,0,4654,G
5-NP,861,0,4624,0,2,4626,T
5-NP,862,3,3,4667,0,4673,G
5-NP,863,1,1,4619,0,4621,G
5-NP,864,0,1,4559,0,4560,G
5-NP,865,0,4540,0,5,4545,T
5-NP,866,4555,1,2,0,4558,A
5-NP,867,0,2,0,4541,4543,C
5-NP,868,2,7,4509,0,4518,G
5-NP,869,4471,0,2,0,4473,A
5-NP,870,0,0,0,4489,4489,C
5-NP,871,0,4373,0,3,4376,T
5-NP,872,0,4387,2,0,4389,T
5-NP,873,3,1,0,4381,4385,C
5-NP,874,1,1,4391,1,4394,G
5-NP,875,4385,0,1,0,4386,A
5-NP,876,4397,0,0,0,4397,A
5-NP,877,4411,0,1,1,4413,A
5-NP,878,4405,0,1,0,4406,A
5-NP,879,4387,0,7,0,4394,A
5-NP,880,0,2,4410,0,4412,G
5-NP,881,4400,0,6,0,4406,A
5-NP,882,0,4,4428,0,4432,G
5-NP,883,3,1,4441,1,4446,G
5-NP,884,0,2,4469,0,4471,G
5-NP,885,4463,1,6,0,4470,A
5-NP,886,0,4467,0,3,4470,T
5-NP,887,4514,0,2,0,4516,A
5-NP,888,0,4518,0,4,4522,T
5-NP,889,0,4531,2,0,4533,T
5-NP,890,4,1,0,4571,4576,C
5-NP,891,1,0,0,4539,4540,C
5-NP,892,0,4504,0,0,4504,T
5-NP,893,1,4507,0,3,4511,T
5-NP,894,2,2,4578,0,4582,G
5-NP,895,0,1,4605,0,4606,G
5-NP,896,0,4552,0,3,4555,T
5-NP,897,1,4,4551,0,4556,G
5-NP,898,2,0,4512,0,4514,G
5-NP,899,1,6,4719,0,4726,G
5-NP,900,4717,0,4,0,4721,A
5-NP,901,4725,0,4,1,4730,A
5-NP,902,0,4731,0,2,4733,T
5-NP,903,4645,0,2,0,4647,A
5-NP,904,2,3,4627,0,4632,G
5-NP,905,4558,0,6,0,4564,A
5-NP,906,1,2,0,4543,4546,C
5-NP,907,3,0,0,4506,4509,C
5-NP,908,9,0,0,4406,4415,C
5-NP,909,1,4459,0,5,4465,T
5-NP,910,0,4481,1,0,4482,T
5-NP,911,0,4474,1,2,4477,T
5-NP,912,1,0,0,4488,4489,C
5-NP,913,4485,0,0,0,4485,A
5-NP,914,4470,0,1,0,4471,A
5-NP,915,4469,0,1,0,4470,A
5-NP,916,0,0,0,4471,4471,C
5-NP,917,0,4343,0,2,4345,T
5-NP,918,4297,0,0,0,4297,A
5-NP,919,1,1,0,4346,4348,C
5-NP,920,0,4321,0,2,4323,T
5-NP,921,0,4301,0,2,4303,T
5-NP,922,2,2,0,4336,4340,C
5-NP,923,4329,0,1,0,4330,A
5-NP,924,4334,0,1,0,4335,A
5-NP,925,4318,0,0,0,4318,A
5-NP,926,4321,0,1,0,4322,A
5-NP,927,0,4272,0,0,4272,T
5-NP,928,4208,0,1,0,4209,A
5-NP,929,1,0,4260,1,4262,G
5-NP,930,1,0,0,4275,4276,C
5-NP,931,2,1,0,4322,4325,C
5-NP,932,4331,0,0,0,4331,A
5-NP,933,4335,0,1,0,4336,A
5-NP,934,4473,1,0,0,4474,A
5-NP,935,0,4484,0,0,4484,T
5-NP,936,4506,0,2,0,4508,A
5-NP,937,0,4505,0,4,4509,T
5-NP,938,4433,0,1,0,4434,A
5-NP,939,0,1,0,4447,4448,C
5-NP,940,4355,0,5,1,4361,A
5-NP,941,1,1,4464,0,4466,G
5-NP,942,0,0,0,4447,4447,C
5-NP,943,0,4334,0,7,4341,T
5-NP,944,0,4386,0,0,4386,T
5-NP,945,4412,0,0,0,4412,A
5-NP,946,4420,0,1,0,4421,A
5-NP,947,0,4401,0,1,4402,T
5-NP,948,4,0,0,4404,4408,C
5-NP,949,4262,0,1,0,4263,A
5-NP,950,2,4,4291,0,4297,G
5-NP,951,4274,0,4,0,4278,A
5-NP,952,0,1,0,4325,4326,C
5-NP,953,4,3,0,4282,4289,C
5-NP,954,0,4248,0,2,4250,T
5-NP,955,4304,0,1,0,4305,A
5-NP,956,4294,0,1,0,4295,A
5-NP,957,1,0,0,4304,4305,C
5-NP,958,1,0,4311,0,4312,G
5-NP,959,4210,1,4,0,4215,A
5-NP,960,0,4,4218,0,4222,G
5-NP,961,4171,0,4,0,4175,A
5-NP,962,4205,0,2,0,4207,A
5-NP,963,0,4192,0,1,4193,T
5-NP,964,4,1,0,4135,4140,C
5-NP,965,2,2,0,4151,4155,C
5-NP,966,4027,0,12,1,4040,A
5-NP,967,0,1,4082,0,4083,G
5-NP,968,0,1,0,4074,4075,C
5-NP,969,4111,0,3,0,4114,A
5-NP,970,0,2,0,4154,4156,C
5-NP,971,4078,2,4,1,4085,A
5-NP,972,1,1,0,4098,4100,C
5-NP,973,4099,0,0,0,4099,A
5-NP,974,4099,0,10,0,4109,A
5-NP,975,3,2,4084,0,4089,G
5-NP,976,4056,0,2,0,4058,A
5-NP,977,0,1,4064,0,4065,G
5-NP,978,0,3945,0,5,3950,T
5-NP,979,2,0,1,3939,3942,C
5-NP,980,3957,0,3,0,3960,A
5-NP,981,0,1,3939,0,3940,G
5-NP,982,1,0,0,3922,3923,C
5-NP,983,0,3891,0,2,3893,T
5-NP,984,0,3,3939,0,3942,G
5-NP,985,0,0,3969,0,3969,G
5-NP,986,0,3946,0,2,3948,T
5-NP,987,3,1,3979,0,3983,G
5-NP,988,0,3916,0,7,3923,T
5-NP,989,2,4,3905,0,3911,G
5-NP,990,2,3,3887,0,3892,G
5-NP,991,3846,0,2,0,3848,A
5-NP,992,0,3867,1,1,3869,T
5-NP,993,0,1,3672,0,3673,G
5-NP,994,1,1,3636,0,3638,G
5-NP,995,1,0,0,3631,3632,C
5-NP,996,3584,0,5,0,3589,A
5-NP,997,1,3586,3,2,3592,T
5-NP,998,3,0,3556,0,3559,G
5-NP,999,0,1,0,3578,3579,C
5-NP,1000,0,0,1,3592,3593,C
5-NP,1001,3595,1,0,1,3597,A
5-NP,1002,0,3582,0,0,3582,T
5-NP,1003,0,3518,1,1,3520,T
5-NP,1004,1,0,0,3528,3529,C
5-NP,1005,0,3456,0,1,3457,T
5-NP,1006,1,0,3449,0,3450,G
5-NP,1007,1,1,0,3444,3446,C
5-NP,1008,0,3300,0,7,3307,T
5-NP,1009,1,0,3334,0,3335,G
5-NP,1010,3,1,0,3253,3257,C
5-NP,1011,3262,0,1,0,3263,A
5-NP,1012,0,3268,0,1,3269,T
5-NP,1013,0,3235,0,0,3235,T
5-NP,1014,1,3228,0,2,3231,T
5-NP,1015,1,0,3229,0,3230,G
5-NP,1016,3217,0,0,0,3217,A
5-NP,1017,3226,0,2,0,3228,A
5-NP,1018,1,1,3259,0,3261,G
5-NP,1019,3256,0,0,0,3256,A
5-NP,1020,0,3241,0,1,3242,T
5-NP,1021,0,3248,0,1,3249,T
5-NP,1022,0,3244,0,0,3244,T
5-NP,1023,3245,1,0,0,3246,A
5-NP,1024,3242,0,1,0,3243,A
5-NP,1025,0,0,3247,0,3247,G
5-NP,1026,3234,0,1,0,3235,A
5-NP,1027,0,3253,1,2,3256,T
5-NP,1028,0,3200,0,0,3200,T
5-NP,1029,0,0,3221,0,3221,G
5-NP,1030,0,3214,1,3,3218,T
5-NP,1031,1,3214,0,2,3217,T
5-NP,1032,3222,1,3,0,3226,A
5-NP,1033,3235,0,3,0,3238,A
5-NP,1034,2,0,3253,0,3255,G
5-NP,1035,2,0,0,3259,3261,C
5-NP,1036,0,3195,0,5,3200,T
5-NP,1037,0,3236,1,2,3239,T
5-NP,1038,1,5,0,3253,3259,C
5-NP,1039,3255,0,1,0,3256,A
5-NP,1040,0,3250,0,3,3253,T
5-NP,1041,1,1,0,3251,3253,C
5-NP,1042,3217,0,3,0,3220,A
5-NP,1043,2,0,3224,0,3226,G
5-NP,1044,3188,0,6,0,3194,A
5-NP,1045,1,3,3183,0,3187,G
5-NP,1046,2,4,3225,0,3231,G
5-NP,1047,0,2,3197,0,3199,G
5-NP,1048,3205,0,5,0,3210,A
5-NP,1049,0,0,0,3199,3199,C
5-NP,1050,244,3,2947,0,3194,G
5-NP,1051,3214,0,0,0,3214,A
5-NP,1052,3220,0,1,0,3221,A
5-NP,1053,3244,0,3,0,3247,A
5-NP,1054,2,1,3253,0,3256,G
5-NP,1055,0,3110,0,4,3114,T
5-NP,1056,3070,0,1,0,3071,A
5-NP,1057,1,3054,0,1,3056,T
5-NP,1058,1,1,0,3052,3054,C
5-NP,1059,0,3012,0,6,3018,T
5-NP,1060,4,0,0,3053,3057,C
5-NP,1061,0,0,0,3046,3046,C
5-NP,1062,0,3016,0,0,3016,T
5-NP,1063,1,1,0,3028,3030,C
5-NP,1064,0,2,3017,0,3019,G
5-NP,1065,5,2,3030,0,3037,G
5-NP,1066,1,3,3040,0,3044,G
5-NP,1067,0,1,3038,1,3040,G
5-NP,1068,0,1,3038,0,3039,G
5-NP,1069,2980,0,2,0,2982,A
5-NP,1070,2979,0,2,0,2981,A
5-NP,1071,2986,0,1,0,2987,A
5-NP,1072,0,0,0,3004,3004,C
5-NP,1073,0,2988,0,1,2989,T
5-NP,1074,0,0,3006,1,3007,G
5-NP,1075,1,2978,0,3,2982,T
5-NP,1076,4,0,0,3006,3010,C
5-NP,1077,3057,0,5,0,3062,A
5-NP,1078,3073,1,2,0,3076,A
5-NP,1079,0,0,0,3118,3118,C
5-NP,1080,0,3106,0,0,3106,T
5-NP,1081,3053,0,1,0,3054,A
5-NP,1082,0,3,3070,0,3073,G
5-NP,1083,2991,0,1,0,2992,A
5-NP,1084,0,1,3013,0,3014,G
5-NP,1085,0,1,3022,0,3023,G
5-NP,1086,2891,1,3,0,2895,A
5-NP,1087,2,0,2954,0,2956,G
5-NP,1088,0,2916,0,1,2917,T
5-NP,1089,2924,1,3,0,2928,A
5-NP,1090,2,1,0,2927,2930,C
5-NP,1091,2898,1,0,0,2899,A
5-NP,1092,2903,0,0,0,2903,A
5-NP,1093,2885,0,1,0,2886,A
5-NP,1094,0,2855,0,0,2855,T
5-NP,1095,0,2842,0,1,2843,T
5-NP,1096,0,1,2763,0,2764,G
5-NP,1097,0,2,0,2746,2748,C
5-NP,1098,0,2740,0,3,2743,T
5-NP,1099,0,2741,0,1,2742,T
5-NP,1100,1,0,0,2761,2762,C
5-NP,1101,2768,0,1,1,2770,A
5-NP,1102,2779,0,3,0,2782,A
5-NP,1103,2780,0,2,0,2782,A
5-NP,1104,0,2773,1,0,2774,T
5-NP,1105,2,1,2774,0,2777,G
5-NP,1106,2721,0,4,0,2725,A
5-NP,1107,1,5,2759,0,2765,G
5-NP,1108,2765,0,3,0,2768,A
5-NP,1109,2757,0,0,0,2757,A
5-NP,1110,0,1,0,2773,2774,C
5-NP,1111,2756,0,0,0,2756,A
5-NP,1112,0,2752,0,0,2752,T
5-NP,1113,1,5,2801,0,2807,G
5-NP,1114,0,1,2825,0,2826,G
5-NP,1115,2809,1,6,0,2816,A
5-NP,1116,0,2777,0,0,2777,T
5-NP,1117,2765,0,1,0,2766,A
5-NP,1118,3033,0,0,1,3034,A
5-NP,1119,0,3012,0,0,3012,T
5-NP,1120,2999,0,1,0,3000,A
5-NP,1121,0,2984,0,0,2984,T
5-NP,1122,3,3,2818,0,2824,G
5-NP,1123,2,1,2774,0,2777,G
5-NP,1124,1,1,2781,0,2783,G
5-NP,1125,2766,1,2,0,2769,A
5-NP,1126,0,2750,0,2,2752,T
5-NP,1127,4,1,0,2322,2327,C
5-NP,1128,2,7,2311,0,2320,G
5-NP,1129,2304,1,2,0,2307,A
5-NP,1130,1,0,2313,0,2314,G
5-NP,1131,1,3,0,2303,2307,C
5-NP,1132,2295,0,1,0,2296,A
5-NP,1133,0,2,0,2419,2421,C
5-NP,1134,0,2397,0,3,2400,T
5-NP,1135,2,0,0,2420,2422,C
5-NP,1136,0,2415,0,1,2416,T
5-NP,1137,0,2400,0,1,2401,T
5-NP,1138,0,1,2414,0,2415,G
5-NP,1139,2402,0,2,0,2404,A
5-NP,1140,2410,0,0,0,2410,A
5-NP,1141,0,0,0,2404,2404,C
5-NP,1142,0,2126,0,2,2128,T
5-NP,1143,0,2,2132,0,2134,G
5-NP,1144,2087,0,3,0,2090,A
5-NP,1145,1,0,2104,0,2105,G
5-NP,1146,2097,0,1,0,2098,A
5-NP,1147,2099,0,2,0,2101,A
5-NP,1148,0,0,2115,0,2115,G
5-NP,1149,2,1,0,2091,2094,C
5-NP,1150,1,2,2100,0,2103,G
5-NP,1151,0,1,2104,0,2105,G
5-NP,1152,2,0,2106,1,2109,G
5-NP,1153,0,2088,0,1,2089,T
5-NP,1154,2081,0,1,0,2082,A
5-NP,1155,0,0,0,2090,2090,C
5-NP,1156,0,1917,0,3,1920,T
5-NP,1157,0,2,1929,0,1931,G
5-NP,1158,0,0,1914,0,1914,G
5-NP,1159,1,1,1929,0,1931,G
5-NP,1160,0,1,0,1927,1928,C
5-NP,1161,0,1,0,1874,1875,C
5-NP,1162,1896,1,1,0,1898,A
5-NP,1163,0,1896,0,2,1898,T
5-NP,1164,1906,0,0,0,1906,A
5-NP,1165,1898,1,1,0,1900,A
5-NP,1166,1,1,1874,0,1876,G
5-NP,1167,0,0,1913,0,1913,G
5-NP,1168,1861,0,1,1,1863,A
5-NP,1169,0,1,0,1862,1863,C
5-NP,1170,1,1,0,1872,1874,C
5-NP,1171,1868,0,4,0,1872,A
5-NP,1172,0,2,1906,0,1908,G
5-NP,1173,0,3,1909,0,1912,G
5-NP,1174,1900,0,1,0,1901,A
5-NP,1175,1,0,1901,0,1902,G
5-NP,1176,0,1816,0,0,1816,T
5-NP,1177,1,0,1815,0,1816,G
5-NP,1178,0,2,1841,0,1843,G
5-NP,1179,1833,0,1,0,1834,A
5-NP,1180,0,1,1852,0,1853,G
5-NP,1181,0,1,1824,0,1825,G
5-NP,1182,1819,0,1,0,1820,A
5-NP,1183,1810,0,0,0,1810,A
5-NP,1184,1813,0,4,1,1818,A
5-NP,1185,0,0,0,1824,1824,C
5-NP,1186,1828,1,0,0,1829,A
5-NP,1187,0,1,0,1860,1861,C
5-NP,1188,0,1824,0,0,1824,T
5-NP,1189,1880,0,0,0,1880,A
5-NP,1190,1875,0,1,0,1876,A
5-NP,1191,0,1877,0,0,1877,T
5-NP,1192,1,0,0,1903,1904,C
5-NP,1193,1884,0,0,0,1884,A
5-NP,1194,1911,0,0,1,1912,A
5-NP,1195,1,1,0,1912,1914,C
5-NP,1196,1872,0,1,0,1873,A
5-NP,1197,0,2,1869,0,1871,G
5-NP,1198,1828,0,2,0,1830,A
5-NP,1199,0,4,1846,0,1850,G
5-NP,1200,1,1,1837,0,1839,G
5-NP,1201,0,0,1825,0,1825,G
5-NP,1202,0,0,0,1810,1810,C
5-NP,1203,2,0,0,1826,1828,C
5-NP,1204,0,1797,0,3,1800,T
5-NP,1205,0,0,0,1802,1802,C
5-NP,1206,0,1,0,1811,1812,C
5-NP,1207,0,0,1821,0,1821,G
5-NP,1208,0,0,0,1817,1817,C
5-NP,1209,1792,0,2,0,1794,A
5-NP,1210,0,0,1840,0,1840,G
5-NP,1211,0,0,1833,0,1833,G
5-NP,1212,0,1,0,1845,1846,C
5-NP,1213,2,0,0,1854,1856,C
5-NP,1214,1869,0,0,0,1869,A
5-NP,1215,1881,0,0,0,1881,A
5-NP,1216,1884,0,1,0,1885,A
5-NP,1217,0,1,0,1878,1879,C
5-NP,1218,0,1626,0,151,1777,T
5-NP,1219,1794,0,0,0,1794,A
5-NP,1220,0,0,1800,0,1800,G
5-NP,1221,1,1774,0,0,1775,T
5-NP,1222,0,0,1806,0,1806,G
5-NP,1223,0,1718,0,3,1721,T
5-NP,1224,0,0,1736,0,1736,G
5-NP,1225,1,1,0,1724,1726,C
5-NP,1226,1727,0,0,0,1727,A
5-NP,1227,1748,0,1,1,1750,A
5-NP,1228,0,1,0,1735,1736,C
5-NP,1229,1,0,0,1743,1744,C
5-NP,1230,0,1741,0,2,1743,T
5-NP,1231,1746,0,1,0,1747,A
5-NP,1232,0,2,0,1752,1754,C
5-NP,1233,0,1,1750,0,1751,G
5-NP,1234,0,1740,1,1,1742,T
5-NP,1235,0,1746,0,0,1746,T
5-NP,1236,0,1714,0,0,1714,T
5-NP,1237,0,1697,0,1,1698,T
5-NP,1238,0,1,0,1693,1694,C
5-NP,1239,1,1676,0,0,1677,T
5-NP,1240,0,0,1734,0,1734,G
5-NP,1241,0,1717,1,1,1719,T
5-NP,1242,1727,0,3,0,1730,A
5-NP,1243,0,0,1,1741,1742,C
5-NP,1244,1725,0,1,0,1726,A
5-NP,1245,1727,1,0,0,1728,A
5-NP,1246,1728,1,0,0,1729,A
5-NP,1247,1,1,1728,0,1730,G
5-NP,1248,1727,0,1,0,1728,A
5-NP,1249,1674,0,2,0,1676,A
5-NP,1250,1665,0,2,1,1668,A
5-NP,1251,0,0,0,1681,1681,C
5-NP,1252,2,0,0,1674,1676,C
5-NP,1253,1,1650,0,4,1655,T
5-NP,1254,0,0,0,1664,1664,C
5-NP,1255,2,1,0,1662,1665,C
5-NP,1256,3,0,0,1664,1667,C
5-NP,1257,1672,0,0,0,1672,A
5-NP,1258,0,1676,0,1,1677,T
5-NP,1259,0,1670,0,2,1672,T
5-NP,1260,0,1680,0,0,1680,T
5-NP,1261,0,3,1676,0,1679,G
5-NP,1262,1678,1,0,0,1679,A
5-NP,1263,1677,0,0,0,1677,A
5-NP,1264,1677,0,0,1,1678,A
5-NP,1265,1669,0,1,0,1670,A
5-NP,1266,0,0,1682,0,1682,G
5-NP,1267,0,1660,0,0,1660,T
5-NP,1268,2,0,0,1673,1675,C
5-NP,1269,1678,0,3,0,1681,A
5-NP,1270,1674,0,1,0,1675,A
5-NP,1271,0,0,0,1680,1680,C
5-NP,1272,0,0,0,1705,1705,C
5-NP,1273,1704,0,0,0,1704,A
5-NP,1274,0,1696,0,2,1698,T
5-NP,1275,1,3,0,1697,1701,C
5-NP,1276,1682,0,4,0,1686,A
5-NP,1277,0,1692,0,2,1694,T
5-NP,1278,1,1,1704,0,1706,G
5-NP,1279,0,0,1697,0,1697,G
5-NP,1280,0,0,0,1690,1690,C
5-NP,1281,1653,0,1,0,1654,A
5-NP,1282,0,0,1662,0,1662,G
5-NP,1283,0,1,0,1647,1648,C
5-NP,1284,1651,1,0,0,1652,A
5-NP,1285,0,1647,0,1,1648,T
5-NP,1286,1,1621,0,0,1622,T
5-NP,1287,1,0,0,1634,1635,C
5-NP,1288,1626,0,1,0,1627,A
5-NP,1289,0,1,0,1637,1638,C
5-NP,1290,0,1630,1,2,1633,T
5-NP,1291,0,2,1644,0,1646,G
5-NP,1292,1,1,1638,0,1640,G
5-NP,1293,1637,0,2,1,1640,A
5-NP,1294,1639,0,1,0,1640,A
5-NP,1295,1641,0,0,0,1641,A
5-NP,1296,0,1622,0,0,1622,T
5-NP,1297,1628,0,1,0,1629,A
5-NP,1298,0,1,0,1612,1613,C
5-NP,1299,5,1,1586,0,1592,G
5-NP,1300,0,0,1597,0,1597,G
5-NP,1301,1539,0,2,0,1541,A
5-NP,1302,0,2,1564,0,1566,G
5-NP,1303,2,2,1559,0,1563,G
5-NP,1304,1,0,1568,0,1569,G
5-NP,1305,1568,0,2,0,1570,A
5-NP,1306,1560,0,2,0,1562,A
5-NP,1307,1,1,1569,0,1571,G
5-NP,1308,1563,0,1,0,1564,A
5-NP,1309,1556,0,0,0,1556,A
5-NP,1310,0,0,0,1571,1571,C
5-NP,1311,0,1549,0,0,1549,T
5-NP,1312,0,1558,0,0,1558,T
5-NP,1313,2,1,0,1555,1558,C
5-NP,1314,1566,0,0,0,1566,A
5-NP,1315,1,0,1567,1,1569,G
5-NP,1316,1561,1,0,0,1562,A
5-NP,1317,0,1,0,1567,1568,C
5-NP,1318,1544,0,0,0,1544,A
5-NP,1319,0,1495,0,0,1495,T
5-NP,1320,0,2,1503,0,1505,G
5-NP,1321,1478,0,3,0,1481,A
5-NP,1322,0,1,1488,0,1489,G
5-NP,1323,0,1,1489,0,1490,G
5-NP,1324,1,0,1480,0,1481,G
5-NP,1325,0,0,0,1484,1484,C
5-NP,1326,1477,0,1,0,1478,A
5-NP,1327,0,0,1479,0,1479,G
5-NP,1328,1474,0,0,0,1474,A
5-NP,1329,1486,0,0,0,1486,A
5-NP,1330,1489,0,0,0,1489,A
5-NP,1331,0,1467,0,2,1469,T
5-NP,1332,6,1,0,1471,1478,C
5-NP,1333,1481,0,1,0,1482,A
5-NP,1334,0,1467,0,0,1467,T
5-NP,1335,1479,0,0,0,1479,A
5-NP,1336,1470,0,0,0,1470,A
5-NP,1337,0,3,1490,0,1493,G
5-NP,1338,1468,0,0,0,1468,A
5-NP,1339,1489,0,0,0,1489,A
5-NP,1340,0,1450,0,0,1450,T
5-NP,1341,0,1,1464,0,1465,G
5-NP,1342,1458,0,3,0,1461,A
5-NP,1343,0,1456,0,0,1456,T
5-NP,1344,0,1,1463,0,1464,G
5-NP,1345,1,0,1467,0,1468,G
5-NP,1346,1430,0,2,0,1432,A
5-NP,1347,1425,0,1,0,1426,A
5-NP,1348,0,0,1373,0,1373,G
5-NP,1349,1,2,1403,0,1406,G
5-NP,1350,0,1368,0,4,1372,T
5-NP,1351,0,0,1380,0,1380,G
5-NP,1352,1,3,0,1366,1370,C
5-NP,1353,1386,0,0,0,1386,A
5-NP,1354,1385,0,1,0,1386,A
5-NP,1355,1382,0,0,0,1382,A
5-NP,1356,1381,0,1,1,1383,A
5-NP,1357,0,0,0,1394,1394,C
5-NP,1358,1,0,0,1370,1371,C
5-NP,1359,1340,1,0,0,1341,A
5-NP,1360,1,0,1347,0,1348,G
5-NP,1361,1344,0,0,0,1344,A
5-NP,1362,1345,0,1,0,1346,A
5-NP,1363,0,1,1351,0,1352,G
5-NP,1364,1335,0,0,0,1335,A
5-NP,1365,1290,0,0,0,1290,A
5-NP,1366,0,0,1297,0,1297,G
5-NP,1367,0,1275,0,2,1277,T
5-NP,1368,0,0,1290,0,1290,G
5-NP,1369,0,1282,1,0,1283,T
5-NP,1370,4,0,0,1279,1283,C
5-NP,1371,1282,1,0,0,1283,A
5-NP,1372,0,1295,0,1,1296,T
5-NP,1373,0,1287,0,0,1287,T
5-NP,1374,0,0,0,1300,1300,C
5-NP,1375,0,1,0,1267,1268,C
5-NP,1376,0,1,1267,0,1268,G
5-NP,1377,0,5,1268,0,1273,G
5-NP,1378,2,3,1265,0,1270,G
5-NP,1379,0,0,1273,0,1273,G
5-NP,1380,0,2,1269,0,1271,G
5-NP,1381,1211,0,1,0,1212,A
5-NP,1382,2,2,1207,0,1211,G
5-NP,1383,0,1,1211,0,1212,G
5-NP,1384,0,0,1205,0,1205,G
5-NP,1385,0,2,1214,0,1216,G
5-NP,1386,1199,0,3,0,1202,A
5-NP,1387,0,0,1210,0,1210,G
5-NP,1388,0,1187,0,0,1187,T
5-NP,1389,0,1180,0,3,1183,T
5-NP,1390,0,1193,0,0,1193,T
5-NP,1391,0,1180,0,0,1180,T
5-NP,1392,3,2,0,1185,1190,C
5-NP,1393,1,1,1184,0,1186,G
5-NP,1394,1180,1,1,0,1182,A
5-NP,1395,1,0,1197,0,1198,G
5-NP,1396,1,0,0,1181,1182,C
5-NP,1397,0,1189,0,3,1192,T
5-NP,1398,0,0,0,1197,1197,C
5-NP,1399,0,1192,0,1,1193,T
5-NP,1400,0,0,1,1208,1209,C
5-NP,1401,1201,1,2,1,1205,A
5-NP,1402,0,2,1221,1,1224,G
5-NP,1403,1217,0,3,0,1220,A
5-NP,1404,0,1,0,1212,1213,C
5-NP,1405,0,2,1208,0,1210,G
5-NP,1406,1187,0,0,0,1187,A
5-NP,1407,1,0,1179,0,1180,G
5-NP,1408,1166,0,0,0,1166,A
5-NP,1409,1159,0,2,0,1161,A
5-NP,1410,0,0,1174,0,1174,G
5-NP,1411,0,0,1135,0,1135,G
5-NP,1412,0,0,0,1138,1138,C
5-NP,1413,1115,0,0,0,1115,A
5-NP,1414,76,0,1026,0,1102,G
5-NP,1415,0,2,0,1093,1095,C
5-NP,1416,0,2,1111,0,1113,G
5-NP,1417,1118,0,0,0,1118,A
5-NP,1418,1107,0,1,0,1108,A
5-NP,1419,0,0,0,1096,1096,C
5-NP,1420,0,0,0,1086,1086,C
5-NP,1421,3,1,0,1076,1080,C
5-NP,1422,0,0,1080,0,1080,G
5-NP,1423,1067,0,0,0,1067,A
5-NP,1424,1,1073,0,0,1074,T
5-NP,1425,1,0,0,1068,1069,C
5-NP,1426,1,0,1064,0,1065,G
5-NP,1427,0,1049,0,0,1049,T
5-NP,1428,0,1,1043,0,1044,G
5-NP,1429,0,1,0,1036,1037,C
5-NP,1430,2,0,0,1029,1031,C
5-NP,1431,0,0,0,1045,1045,C
5-NP,1432,0,1017,1,3,1021,T
5-NP,1433,1,0,0,1070,1071,C
5-NP,1434,0,1068,1,0,1069,T
5-NP,1435,0,1073,0,0,1073,T
5-NP,1436,0,1080,0,1,1081,T
5-NP,1437,0,1071,0,0,1071,T
5-NP,1438,0,0,1079,0,1079,G
5-NP,1439,1075,0,0,0,1075,A
5-NP,1440,0,1064,0,1,1065,T
5-NP,1441,1056,0,0,0,1056,A
5-NP,1442,0,920,0,0,920,T
5-NP,1443,0,1,947,0,948,G
5-NP,1444,935,0,0,0,935,A
5-NP,1445,0,0,951,0,951,G
5-NP,1446,0,949,0,1,950,T
5-NP,1447,929,0,0,0,929,A
5-NP,1448,931,0,1,0,932,A
5-NP,1449,0,921,0,0,921,T
5-NP,1450,0,0,922,0,922,G
5-NP,1451,925,0,0,0,925,A
5-NP,1452,829,0,3,0,832,A
5-NP,1453,0,1,811,0,812,G
5-NP,1454,0,1,756,0,757,G
5-NP,1455,750,0,0,0,750,A
5-NP,1456,0,746,0,0,746,T
5-NP,1457,0,0,0,747,747,C
5-NP,1458,0,745,0,1,746,T
5-NP,1459,0,740,0,0,740,T
5-NP,1460,744,0,0,0,744,A
5-NP,1461,0,738,0,0,738,T
5-NP,1462,0,733,0,2,735,T
5-NP,1463,0,728,0,0,728,T
5-NP,1464,0,0,0,714,714,C
5-NP,1465,0,685,0,2,687,T
5-NP,1466,0,684,0,1,685,T
5-NP,1467,0,0,0,686,686,C
5-NP,1468,2,0,684,0,686,G
5-NP,1469,0,0,684,0,684,G
5-NP,1470,683,0,0,0,683,A
5-NP,1471,0,2,682,0,684,G
5-NP,1472,677,0,0,0,677,A
5-NP,1473,0,1,0,664,665,C
5-NP,1474,630,0,0,0,630,A
5-NP,1475,627,0,1,0,628,A
5-NP,1476,0,627,0,0,627,T
5-NP,1477,0,0,624,0,624,G
5-NP,1478,0,0,0,625,625,C
5-NP,1479,593,0,1,0,594,A
5-NP,1480,0,0,605,0,605,G
5-NP,1481,592,0,0,0,592,A
5-NP,1482,557,0,2,0,559,A
5-NP,1483,0,0,561,0,561,G
5-NP,1484,385,0,0,0,385,A
5-NP,1485,0,0,388,0,388,G
5-NP,1486,0,359,0,0,359,T
5-NP,1487,353,0,0,0,353,A
5-NP,1488,0,1,0,354,355,C
5-NP,1489,0,0,327,0,327,G
5-NP,1490,319,0,1,0,320,A
5-NP,1491,0,0,0,314,314,C
5-NP,1492,222,0,1,0,223,A
5-NP,1493,218,0,0,0,218,A
5-NP,1494,0,174,0,0,174,T
5-NP,1495,0,172,0,0,172,T
5-NP,1496,168,0,0,0,168,A
5-NP,1497,149,0,0,0,149,A
6-NA,1,89,0,0,0,89,A
6-NA,2,0,89,0,0,89,T
6-NA,3,0,0,89,0,89,G
6-NA,4,89,0,0,0,89,A
6-NA,5,94,0,0,0,94,A
6-NA,6,0,94,0,0,94,T
6-NA,7,0,0,0,94,94,C
6-NA,8,0,0,0,94,94,C
6-NA,9,93,0,0,0,93,A
6-NA,10,98,0,0,0,98,A
6-NA,11,99,0,0,0,99,A
6-NA,12,0,104,0,0,104,T
6-NA,13,1,0,0,102,103,C
6-NA,14,104,0,0,0,104,A
6-NA,15,103,0,0,0,103,A
6-NA,16,102,1,0,0,103,A
6-NA,17,111,0,0,0,111,A
6-NA,18,0,0,124,0,124,G
6-NA,19,131,0,0,0,131,A
6-NA,20,0,132,0,0,132,T
6-NA,21,133,0,0,0,133,A
6-NA,22,133,0,1,0,134,A
6-NA,23,0,134,0,0,134,T
6-NA,24,134,0,0,0,134,A
6-NA,25,135,0,0,0,135,A
6-NA,26,0,0,0,139,139,C
6-NA,27,0,0,142,0,142,G
6-NA,28,140,0,0,0,140,A
6-NA,29,0,141,0,0,141,T
6-NA,30,0,139,0,1,140,T
6-NA,31,0,0,138,0,138,G
6-NA,32,0,0,148,0,148,G
6-NA,33,0,0,0,152,152,C
6-NA,34,0,151,0,0,151,T
6-NA,35,0,0,0,157,157,C
6-NA,36,0,157,0,0,157,T
6-NA,37,0,0,160,0,160,G
6-NA,38,0,161,0,0,161,T
6-NA,39,0,161,0,0,161,T
6-NA,40,0,165,0,0,165,T
6-NA,41,0,0,0,168,168,C
6-NA,42,0,168,0,0,168,T
6-NA,43,0,0,0,172,172,C
6-NA,44,0,172,0,0,172,T
6-NA,45,1,0,0,174,175,C
6-NA,46,175,0,0,0,175,A
6-NA,47,0,0,0,188,188,C
6-NA,48,0,0,0,185,185,C
6-NA,49,187,0,0,0,187,A
6-NA,50,0,190,0,0,190,T
6-NA,51,0,193,0,0,193,T
6-NA,52,1,196,0,0,197,T
6-NA,53,0,0,0,207,207,C
6-NA,54,0,0,0,204,204,C
6-NA,55,207,0,0,0,207,A
6-NA,56,0,0,0,213,213,C
6-NA,57,211,0,0,0,211,A
6-NA,58,228,0,0,0,228,A
6-NA,59,0,226,0,0,226,T
6-NA,60,238,0,0,0,238,A
6-NA,61,0,238,0,0,238,T
6-NA,62,0,0,237,0,237,G
6-NA,63,0,0,0,236,236,C
6-NA,64,0,235,0,0,235,T
6-NA,65,0,242,0,0,242,T
6-NA,66,0,0,0,244,244,C
6-NA,67,0,241,0,0,241,T
6-NA,68,0,242,0,0,242,T
6-NA,69,0,0,0,240,240,C
6-NA,70,241,0,0,0,241,A
6-NA,71,0,241,0,1,242,T
6-NA,72,0,0,241,0,241,G
6-NA,73,0,0,0,245,245,C
6-NA,74,242,0,0,0,242,A
6-NA,75,246,0,0,0,246,A
6-NA,76,245,0,0,0,245,A
6-NA,77,0,248,0,0,248,T
6-NA,78,0,248,0,0,248,T
6-NA,79,0,0,252,0,252,G
6-NA,80,0,1,1,248,250,C
6-NA,81,0,0,0,251,251,C
6-NA,82,252,0,0,0,252,A
6-NA,83,0,254,0,0,254,T
6-NA,84,0,0,0,287,287,C
6-NA,85,0,290,0,0,290,T
6-NA,86,0,290,0,0,290,T
6-NA,87,0,0,298,0,298,G
6-NA,88,298,0,0,0,298,A
6-NA,89,0,300,0,0,300,T
6-NA,90,301,0,0,0,301,A
6-NA,91,301,0,0,0,301,A
6-NA,92,0,0,0,342,342,C
6-NA,93,0,337,0,0,337,T
6-NA,94,344,0,0,0,344,A
6-NA,95,0,0,0,354,354,C
6-NA,96,0,349,0,0,349,T
6-NA,97,1,0,350,0,351,G
6-NA,98,0,355,0,1,356,T
6-NA,99,355,0,0,0,355,A
6-NA,100,363,0,1,0,364,A
6-NA,101,0,0,0,359,359,C
6-NA,102,356,0,0,0,356,A
6-NA,103,0,355,1,1,357,T
6-NA,104,0,347,0,1,348,T
6-NA,105,0,0,353,0,353,G
6-NA,106,0,0,0,351,351,C
6-NA,107,358,0,0,0,358,A
6-NA,108,0,359,0,0,359,T
6-NA,109,0,358,0,0,358,T
6-NA,110,0,357,0,0,357,T
6-NA,111,1,0,0,360,361,C
6-NA,112,363,0,0,0,363,A
6-NA,113,362,0,0,0,362,A
6-NA,114,0,0,361,0,361,G
6-NA,115,0,1,0,367,368,C
6-NA,116,366,0,0,0,366,A
6-NA,117,385,0,0,0,385,A
6-NA,118,0,390,0,0,390,T
6-NA,119,390,0,1,0,391,A
6-NA,120,0,390,0,0,390,T
6-NA,121,0,1,390,0,391,G
6-NA,122,388,0,1,0,389,A
6-NA,123,400,0,0,0,400,A
6-NA,124,0,402,0,0,402,T
6-NA,125,0,401,0,0,401,T
6-NA,126,0,0,0,402,402,C
6-NA,127,399,0,0,0,399,A
6-NA,128,398,0,0,0,398,A
6-NA,129,0,0,0,396,396,C
6-NA,130,0,396,0,1,397,T
6-NA,131,0,0,0,395,395,C
6-NA,132,0,0,0,390,390,C
6-NA,133,1,0,0,399,400,C
6-NA,134,0,0,0,404,404,C
6-NA,135,0,0,0,401,401,C
6-NA,136,1,0,0,411,412,C
6-NA,137,2,0,0,411,413,C
6-NA,138,414,0,1,0,415,A
6-NA,139,415,0,0,0,415,A
6-NA,140,413,0,2,0,415,A
6-NA,141,0,0,0,426,426,C
6-NA,142,420,0,0,0,420,A
6-NA,143,422,0,2,0,424,A
6-NA,144,0,0,0,425,425,C
6-NA,145,0,0,0,422,422,C
6-NA,146,436,0,0,0,436,A
6-NA,147,425,0,1,0,426,A
6-NA,148,0,0,444,0,444,G
6-NA,149,0,438,0,1,439,T
6-NA,150,0,0,442,0,442,G
6-NA,151,455,0,0,0,455,A
6-NA,152,0,448,0,0,448,T
6-NA,153,0,0,445,0,445,G
6-NA,154,0,0,0,445,445,C
6-NA,155,0,439,0,0,439,T
6-NA,156,1,0,463,0,464,G
6-NA,157,0,464,0,0,464,T
6-NA,158,0,0,463,0,463,G
6-NA,159,0,467,0,0,467,T
6-NA,160,0,1,458,0,459,G
6-NA,161,458,0,0,0,458,A
6-NA,162,465,0,2,0,467,A
6-NA,163,0,0,0,466,466,C
6-NA,164,0,0,0,467,467,C
6-NA,165,452,0,0,0,452,A
6-NA,166,458,0,0,0,458,A
6-NA,167,0,1,0,470,471,C
6-NA,168,471,0,1,0,472,A
6-NA,169,474,0,2,0,476,A
6-NA,170,0,476,0,0,476,T
6-NA,171,477,0,1,0,478,A
6-NA,172,476,0,0,0,476,A
6-NA,173,0,477,0,0,477,T
6-NA,174,474,0,0,0,474,A
6-NA,175,0,0,473,0,473,G
6-NA,176,465,0,0,0,465,A
6-NA,177,467,0,0,0,467,A
6-NA,178,461,0,0,0,461,A
6-NA,179,0,0,462,0,462,G
6-NA,180,477,0,0,0,477,A
6-NA,181,477,0,1,0,478,A
6-NA,182,502,0,0,0,502,A
6-NA,183,0,0,0,504,504,C
6-NA,184,507,0,0,0,507,A
6-NA,185,0,472,0,42,514,T
6-NA,186,521,0,0,0,521,A
6-NA,187,523,0,1,0,524,A
6-NA,188,0,0,0,531,531,C
6-NA,189,524,0,0,0,524,A
6-NA,190,0,0,537,0,537,G
6-NA,191,535,0,2,0,537,A
6-NA,192,1,0,540,0,541,G
6-NA,193,539,0,3,0,542,A
6-NA,194,0,562,0,0,562,T
6-NA,195,563,0,0,0,563,A
6-NA,196,0,0,573,0,573,G
6-NA,197,0,569,0,0,569,T
6-NA,198,1,0,579,0,580,G
6-NA,199,0,581,0,2,583,T
6-NA,200,584,0,1,0,585,A
6-NA,201,0,585,0,0,585,T
6-NA,202,0,0,0,583,583,C
6-NA,203,0,568,0,0,568,T
6-NA,204,0,0,603,0,603,G
6-NA,205,597,0,2,0,599,A
6-NA,206,0,0,0,603,603,C
6-NA,207,0,0,0,609,609,C
6-NA,208,605,0,0,0,605,A
6-NA,209,608,0,0,0,608,A
6-NA,210,0,0,0,619,619,C
6-NA,211,617,0,1,0,618,A
6-NA,212,0,0,0,634,634,C
6-NA,213,0,0,0,623,623,C
6-NA,214,631,0,0,0,631,A
6-NA,215,0,0,0,669,669,C
6-NA,216,1,0,0,669,670,C
6-NA,217,671,0,0,0,671,A
6-NA,218,0,668,0,0,668,T
6-NA,219,662,1,0,0,663,A
6-NA,220,0,2,660,1,663,G
6-NA,221,652,0,0,0,652,A
6-NA,222,0,0,672,0,672,G
6-NA,223,660,0,0,0,660,A
6-NA,224,636,0,2,0,638,A
6-NA,225,0,0,645,0,645,G
6-NA,226,0,0,658,0,658,G
6-NA,227,656,0,2,0,658,A
6-NA,228,659,1,1,0,661,A
6-NA,229,655,0,3,0,658,A
6-NA,230,0,656,0,0,656,T
6-NA,231,656,0,0,0,656,A
6-NA,232,1,656,0,0,657,T
6-NA,233,0,0,654,0,654,G
6-NA,234,1,0,0,659,660,C
6-NA,235,1,1,0,646,648,C
6-NA,236,0,0,0,660,660,C
6-NA,237,0,0,0,664,664,C
6-NA,238,666,0,0,0,666,A
6-NA,239,679,0,0,0,679,A
6-NA,240,680,0,0,0,680,A
6-NA,241,0,53,0,628,681,C
6-NA,242,0,679,0,0,679,T
6-NA,243,679,0,0,0,679,A
6-NA,244,0,0,682,0,682,G
6-NA,245,0,0,0,678,678,C
6-NA,246,677,0,1,0,678,A
6-NA,247,0,2,681,0,683,G
6-NA,248,669,0,0,0,669,A
6-NA,249,692,0,0,0,692,A
6-NA,250,0,692,0,0,692,T
6-NA,251,691,0,1,0,692,A
6-NA,252,0,0,0,693,693,C
6-NA,253,689,0,2,0,691,A
6-NA,254,0,2,690,0,692,G
6-NA,255,692,0,0,0,692,A
6-NA,256,679,0,0,0,679,A
6-NA,257,672,0,0,0,672,A
6-NA,258,0,656,0,0,656,T
6-NA,259,0,656,0,0,656,T
6-NA,260,0,0,655,0,655,G
6-NA,261,0,0,655,0,655,G
6-NA,262,0,660,0,1,661,T
6-NA,263,0,1,0,657,658,C
6-NA,264,663,0,0,0,663,A
6-NA,265,664,0,0,0,664,A
6-NA,266,660,0,2,0,662,A
6-NA,267,0,0,668,0,668,G
6-NA,268,0,1,0,666,667,C
6-NA,269,0,0,0,662,662,C
6-NA,270,0,0,668,0,668,G
6-NA,271,0,0,0,668,668,C
6-NA,272,668,0,1,0,669,A
6-NA,273,672,0,2,0,674,A
6-NA,274,0,675,0,1,676,T
6-NA,275,0,0,674,0,674,G
6-NA,276,0,1,0,666,667,C
6-NA,277,0,0,670,0,670,G
6-NA,278,681,0,2,0,683,A
6-NA,279,0,0,0,689,689,C
6-NA,280,686,0,0,0,686,A
6-NA,281,0,700,0,0,700,T
6-NA,282,0,701,0,0,701,T
6-NA,283,699,0,1,0,700,A
6-NA,284,0,0,0,702,702,C
6-NA,285,702,0,1,0,703,A
6-NA,286,0,1,708,0,709,G
6-NA,287,0,0,699,0,699,G
6-NA,288,701,0,1,0,702,A
6-NA,289,0,700,0,0,700,T
6-NA,290,0,680,0,1,681,T
6-NA,291,0,687,0,0,687,T
6-NA,292,0,0,688,0,688,G
6-NA,293,0,0,0,688,688,C
6-NA,294,682,0,1,0,683,A
6-NA,295,0,0,0,697,697,C
6-NA,296,0,0,0,688,688,C
6-NA,297,0,682,0,2,684,T
6-NA,298,0,685,0,0,685,T
6-NA,299,0,696,0,0,696,T
6-NA,300,0,695,0,2,697,T
6-NA,301,0,710,0,0,710,T
6-NA,302,0,0,0,711,711,C
6-NA,303,0,714,0,0,714,T
6-NA,304,709,0,0,0,709,A
6-NA,305,709,0,0,0,709,A
6-NA,306,0,1,716,0,717,G
6-NA,307,0,0,713,0,713,G
6-NA,308,709,0,0,0,709,A
6-NA,309,0,0,0,713,713,C
6-NA,310,697,0,0,0,697,A
6-NA,311,696,0,0,0,696,A
6-NA,312,0,695,0,0,695,T
6-NA,313,0,692,0,0,692,T
6-NA,314,1,0,0,706,707,C
6-NA,315,0,1,706,0,707,G
6-NA,316,703,0,0,0,703,A
6-NA,317,0,706,0,2,708,T
6-NA,318,0,706,0,0,706,T
6-NA,319,705,1,1,0,707,A
6-NA,320,1,0,701,0,702,G
6-NA,321,0,0,702,0,702,G
6-NA,322,1,0,0,702,703,C
6-NA,323,0,699,0,1,700,T
6-NA,324,0,702,0,0,702,T
6-NA,325,0,705,0,0,705,T
6-NA,326,2,0,0,704,706,C
6-NA,327,1,0,0,708,709,C
6-NA,328,0,0,703,0,703,G
6-NA,329,0,0,0,711,711,C
6-NA,330,0,706,0,0,706,T
6-NA,331,1,0,737,0,738,G
6-NA,332,0,0,735,0,735,G
6-NA,333,0,731,0,0,731,T
6-NA,334,0,1,738,0,739,G
6-NA,335,0,0,725,0,725,G
6-NA,336,0,2,731,0,733,G
6-NA,337,1,1,734,0,736,G
6-NA,338,725,0,0,0,725,A
6-NA,339,0,0,0,748,748,C
6-NA,340,729,0,1,0,730,A
6-NA,341,0,728,0,0,728,T
6-NA,342,0,0,0,730,730,C
6-NA,343,0,725,0,0,725,T
6-NA,344,0,0,730,0,730,G
6-NA,345,0,1,718,0,719,G
6-NA,346,0,0,728,0,728,G
6-NA,347,0,721,0,3,724,T
6-NA,348,0,2,701,0,703,G
6-NA,349,706,0,1,0,707,A
6-NA,350,0,0,0,724,724,C
6-NA,351,728,0,0,0,728,A
6-NA,352,768,0,0,0,768,A
6-NA,353,2,3,771,0,776,G
6-NA,354,773,0,0,0,773,A
6-NA,355,0,0,807,0,807,G
6-NA,356,831,0,0,0,831,A
6-NA,357,895,0,3,0,898,A
6-NA,358,0,0,0,1177,1177,C
6-NA,359,1,0,0,1295,1296,C
6-NA,360,0,1301,0,0,1301,T
6-NA,361,0,1313,0,2,1315,T
6-NA,362,1311,0,0,0,1311,A
6-NA,363,0,1316,0,1,1317,T
6-NA,364,1,0,1412,0,1413,G
6-NA,365,1,1423,0,1,1425,T
6-NA,366,0,0,1490,0,1490,G
6-NA,367,0,1478,0,2,1480,T
6-NA,368,1,0,0,1471,1472,C
6-NA,369,1491,1,0,12,1504,A
6-NA,370,0,1499,0,1,1500,T
6-NA,371,1,0,1491,0,1492,G
6-NA,372,1,0,0,1505,1506,C
6-NA,373,2,0,1495,0,1497,G
6-NA,374,1786,0,2,0,1788,A
6-NA,375,0,1784,0,0,1784,T
6-NA,376,0,0,0,1827,1827,C
6-NA,377,0,0,0,1836,1836,C
6-NA,378,0,1891,1,4,1896,T
6-NA,379,2,2,1903,0,1907,G
6-NA,380,1905,0,3,0,1908,A
6-NA,381,0,0,1,1914,1915,C
6-NA,382,1917,0,1,0,1918,A
6-NA,383,1883,0,3,0,1886,A
6-NA,384,0,0,1956,0,1956,G
6-NA,385,0,1946,1,0,1947,T
6-NA,386,0,0,1986,0,1986,G
6-NA,387,0,1982,0,0,1982,T
6-NA,388,0,1980,0,1,1981,T
6-NA,389,1992,0,1,0,1993,A
6-NA,390,0,1989,0,0,1989,T
6-NA,391,1,1,0,2040,2042,C
6-NA,392,2041,0,0,0,2041,A
6-NA,393,2042,0,1,0,2043,A
6-NA,394,0,2039,0,2,2041,T
6-NA,395,0,2033,0,1,2034,T
6-NA,396,0,2031,0,1,2032,T
6-NA,397,2,1,2044,0,2047,G
6-NA,398,0,3,0,2186,2189,C
6-NA,399,4,1,0,2184,2189,C
6-NA,400,3,0,0,2185,2188,C
6-NA,401,0,2184,0,2,2186,T
6-NA,402,0,2188,0,1,2189,T
6-NA,403,0,4,2233,0,2237,G
6-NA,404,1,2,2225,0,2228,G
6-NA,405,2250,0,1,0,2251,A
6-NA,406,0,0,0,2261,2261,C
6-NA,407,2189,0,3,0,2192,A
6-NA,408,0,3,2250,0,2253,G
6-NA,409,0,0,2231,0,2231,G
6-NA,410,1,5,2318,0,2324,G
6-NA,411,2327,0,4,0,2331,A
6-NA,412,2330,0,1,0,2331,A
6-NA,413,0,0,0,2353,2353,C
6-NA,414,2342,0,3,0,2345,A
6-NA,415,2588,0,1,0,2589,A
6-NA,416,0,2,0,2632,2634,C
6-NA,417,2614,0,2,1,2617,A
6-NA,418,0,1,0,2642,2643,C
6-NA,419,1,2612,0,2,2615,T
6-NA,420,2634,0,1,0,2635,A
6-NA,421,2631,0,2,0,2633,A
6-NA,422,2627,0,0,0,2627,A
6-NA,423,0,1,0,2640,2641,C
6-NA,424,2519,0,2,0,2521,A
6-NA,425,2517,0,3,0,2520,A
6-NA,426,0,0,0,2521,2521,C
6-NA,427,1,0,2521,0,2522,G
6-NA,428,1,2493,0,0,2494,T
6-NA,429,3,0,2505,0,2508,G
6-NA,430,0,1,0,2520,2521,C
6-NA,431,2531,0,0,0,2531,A
6-NA,432,0,2538,0,1,2539,T
6-NA,433,0,2544,0,2,2546,T
6-NA,434,0,0,0,2589,2589,C
6-NA,435,2615,0,2,0,2617,A
6-NA,436,2629,0,2,0,2631,A
6-NA,437,2641,0,1,0,2642,A
6-NA,438,0,2653,0,1,2654,T
6-NA,439,2,5,2629,0,2636,G
6-NA,440,2689,0,4,0,2693,A
6-NA,441,0,2,0,2710,2712,C
6-NA,442,2696,0,0,0,2696,A
6-NA,443,0,0,1,2746,2747,C
6-NA,444,2724,0,1,2,2727,A
6-NA,445,1,1,3439,0,3441,G
6-NA,446,0,3438,0,1,3439,T
6-NA,447,3518,0,1,0,3519,A
6-NA,448,0,0,0,3536,3536,C
6-NA,449,7,0,3525,0,3532,G
6-NA,450,0,3614,0,3,3617,T
6-NA,451,1,4,3642,0,3647,G
6-NA,452,3635,0,2,0,3637,A
6-NA,453,0,3662,0,1,3663,T
6-NA,454,3323,0,1,0,3324,A
6-NA,455,1,4,3307,0,3312,G
6-NA,456,1,8,3243,0,3252,G
6-NA,457,3282,1,7,0,3290,A
6-NA,458,0,2,0,3346,3348,C
6-NA,459,2,3,0,3262,3267,C
6-NA,460,3,1,0,3333,3337,C
6-NA,461,3,1,0,3344,3348,C
6-NA,462,0,3363,0,3,3366,T
6-NA,463,0,3444,0,2,3446,T
6-NA,464,3470,0,3,0,3473,A
6-NA,465,0,3456,0,3,3459,T
6-NA,466,1,1,0,3472,3474,C
6-NA,467,3,4,3420,0,3427,G
6-NA,468,1,6,3414,0,3421,G
6-NA,469,3418,0,1,0,3419,A
6-NA,470,2,0,0,3465,3467,C
6-NA,471,2,0,0,3444,3446,C
6-NA,472,4,0,0,3652,3656,C
6-NA,473,0,3635,0,5,3640,T
6-NA,474,3724,0,0,0,3724,A
6-NA,475,0,3724,0,1,3725,T
6-NA,476,0,3752,0,0,3752,T
6-NA,477,3,1,3756,0,3760,G
6-NA,478,3751,0,0,1,3752,A
6-NA,479,0,3754,0,2,3756,T
6-NA,480,4,5,3758,0,3767,G
6-NA,481,3641,1,1,0,3643,A
6-NA,482,3651,0,2,0,3653,A
6-NA,483,0,3650,0,0,3650,T
6-NA,484,1,1,3717,0,3719,G
6-NA,485,3751,0,3,0,3754,A
6-NA,486,0,1,3830,0,3831,G
6-NA,487,0,3810,0,1,3811,T
6-NA,488,0,3840,0,0,3840,T
6-NA,489,3837,1,3,0,3841,A
6-NA,490,0,2,3824,0,3826,G
6-NA,491,2,0,3841,0,3843,G
6-NA,492,1,3807,0,1,3809,T
6-NA,493,2,0,3822,0,3824,G
6-NA,494,0,3776,0,7,3783,T
6-NA,495,0,3759,0,4,3763,T
6-NA,496,2,0,0,3820,3822,C
6-NA,497,1,3,0,3834,3838,C
6-NA,498,1,3835,0,5,3841,T
6-NA,499,1,3842,0,4,3847,T
6-NA,500,0,3843,0,1,3844,T
6-NA,501,0,3827,0,2,3829,T
6-NA,502,4,0,0,3863,3867,C
6-NA,503,3845,0,0,0,3845,A
6-NA,504,0,3956,0,1,3957,T
6-NA,505,1,0,0,3946,3947,C
6-NA,506,0,3918,0,3,3921,T
6-NA,507,1,3,3892,1,3897,G
6-NA,508,3,6,3856,0,3865,G
6-NA,509,1,4,3844,0,3849,G
6-NA,510,0,5,3918,0,3923,G
6-NA,511,3910,0,7,0,3917,A
6-NA,512,0,2,0,3971,3973,C
6-NA,513,1,0,0,3904,3905,C
6-NA,514,3955,0,1,1,3957,A
6-NA,515,3975,0,5,0,3980,A
6-NA,516,0,1,3956,0,3957,G
6-NA,517,1,1,0,3977,3979,C
6-NA,518,3967,0,0,0,3967,A
6-NA,519,4023,1,4,0,4028,A
6-NA,520,0,0,4052,0,4052,G
6-NA,521,0,4011,0,0,4011,T
6-NA,522,2,0,4117,2,4121,G
6-NA,523,1,4059,0,2,4062,T
6-NA,524,1,4,4237,0,4242,G
6-NA,525,0,0,0,4234,4234,C
6-NA,526,4241,0,2,0,4243,A
6-NA,527,0,4287,0,3,4290,T
6-NA,528,4200,0,0,0,4200,A
6-NA,529,2,1,4305,0,4308,G
6-NA,530,1,1,0,4295,4297,C
6-NA,531,4210,0,12,0,4222,A
6-NA,532,0,4205,0,1,4206,T
6-NA,533,0,1,4092,0,4093,G
6-NA,534,1,1,4361,0,4363,G
6-NA,535,0,4377,0,9,4386,T
6-NA,536,8,0,0,4353,4361,C
6-NA,537,4,1,0,4378,4383,C
6-NA,538,4378,0,6,1,4385,A
6-NA,539,0,0,4483,0,4483,G
6-NA,540,0,1,0,4496,4497,C
6-NA,541,0,4503,0,5,4508,T
6-NA,542,3,2,0,4510,4515,C
6-NA,543,4395,0,2,1,4398,A
6-NA,544,4434,0,1,0,4435,A
6-NA,545,2,3,4449,0,4454,G
6-NA,546,0,4473,0,0,4473,T
6-NA,547,1,4459,0,4,4464,T
6-NA,548,2,0,4436,0,4438,G
6-NA,549,0,4427,0,4,4431,T
6-NA,550,5,1,0,4420,4426,C
6-NA,551,4440,0,2,1,4443,A
6-NA,552,1,2,0,4468,4471,C
6-NA,553,2,3,4460,0,4465,G
6-NA,554,4510,2,3,0,4515,A
6-NA,555,0,4546,0,2,4548,T
6-NA,556,1,2,4631,0,4634,G
6-NA,557,0,6,4645,0,4651,G
6-NA,558,4630,1,11,0,4642,A
6-NA,559,4652,0,7,0,4659,A
6-NA,560,4697,1,4,1,4703,A
6-NA,561,4690,0,11,0,4701,A
6-NA,562,2,1,4748,0,4751,G
6-NA,563,1,1,0,4736,4738,C
6-NA,564,4716,0,3,1,4720,A
6-NA,565,0,4722,0,3,4725,T
6-NA,566,1,6,4750,1,4758,G
6-NA,567,0,0,4744,0,4744,G
6-NA,568,0,2,0,4813,4815,C
6-NA,569,1,4793,0,5,4799,T
6-NA,570,1,1,4822,0,4824,G
6-NA,571,0,2,0,4806,4808,C
6-NA,572,4817,1,1,0,4819,A
6-NA,573,0,5003,0,1,5004,T
6-NA,574,2,1,5027,0,5030,G
6-NA,575,0,5096,0,0,5096,T
6-NA,576,0,5216,0,3,5219,T
6-NA,577,0,5206,0,5,5211,T
6-NA,578,5,0,5453,1,5459,G
6-NA,579,0,5427,0,3,5430,T
6-NA,580,5467,0,0,0,5467,A
6-NA,581,0,5509,0,1,5510,T
6-NA,582,5424,0,4,0,5428,A
6-NA,583,5438,2,8,0,5448,A
6-NA,584,0,1,1,5384,5386,C
6-NA,585,8,6,5337,1,5352,G
6-NA,586,5,3,5354,0,5362,G
6-NA,587,3,6,5237,0,5246,G
6-NA,588,3,4,5262,0,5269,G
6-NA,589,1,1,5278,1,5281,G
6-NA,590,5236,0,8,0,5244,A
6-NA,591,0,5269,0,2,5271,T
6-NA,592,1,4,5285,0,5290,G
6-NA,593,5311,1,2,0,5314,A
6-NA,594,1,5342,0,0,5343,T
6-NA,595,5332,0,1,0,5333,A
6-NA,596,5379,0,1,0,5380,A
6-NA,597,5381,0,3,0,5384,A
6-NA,598,5377,0,2,0,5379,A
6-NA,599,5382,0,4,0,5386,A
6-NA,600,0,5373,0,0,5373,T
6-NA,601,2,1,5381,0,5384,G
6-NA,602,0,2,0,5373,5375,C
6-NA,603,5377,0,2,0,5379,A
6-NA,604,5378,1,6,0,5385,A
6-NA,605,0,2,0,5441,5443,C
6-NA,606,0,5429,0,1,5430,T
6-NA,607,1,2,5461,0,5464,G
6-NA,608,1,2,0,5443,5446,C
6-NA,609,0,5468,0,3,5471,T
6-NA,610,5466,0,2,2,5470,A
6-NA,611,2,1,5481,0,5484,G
6-NA,612,0,1,0,5539,5540,C
6-NA,613,1,5529,1,8,5539,T
6-NA,614,0,5500,0,2,5502,T
6-NA,615,5,0,0,5564,5569,C
6-NA,616,5602,0,0,0,5602,A
6-NA,617,1,5586,0,0,5587,T
6-NA,618,1,5602,0,2,5605,T
6-NA,619,0,5651,0,1,5652,T
6-NA,620,5671,0,2,0,5673,A
6-NA,621,0,1,0,5727,5728,C
6-NA,622,5705,0,3,0,5708,A
6-NA,623,5736,1,5,0,5742,A
6-NA,624,0,5711,0,2,5713,T
6-NA,625,4,8,5673,0,5685,G
6-NA,626,4,6,5648,0,5658,G
6-NA,627,1,1,5665,0,5667,G
6-NA,628,5616,0,7,0,5623,A
6-NA,629,1,2,5775,0,5778,G
6-NA,630,1,1,5818,0,5820,G
6-NA,631,0,0,0,6134,6134,C
6-NA,632,0,6189,1,8,6198,T
6-NA,633,1,6270,0,1,6272,T
6-NA,634,1,1,6336,0,6338,G
6-NA,635,0,6312,0,1,6313,T
6-NA,636,6427,1,4,0,6432,A
6-NA,637,2,4,6457,1,6464,G
6-NA,638,6340,0,13,1,6354,A
6-NA,639,1,6370,0,1,6372,T
6-NA,640,5886,0,1,0,5887,A
6-NA,641,0,1,5887,0,5888,G
6-NA,642,1,5790,0,4,5795,T
6-NA,643,3,0,5725,0,5728,G
6-NA,644,1,5994,0,2,5997,T
6-NA,645,0,6020,0,2,6022,T
6-NA,646,2,0,6100,0,6102,G
6-NA,647,0,6081,2,10,6093,T
6-NA,648,1,6091,0,4,6096,T
6-NA,649,0,6102,0,6,6108,T
6-NA,650,4,0,0,6053,6057,C
6-NA,651,6031,0,4,0,6035,A
6-NA,652,1,6011,0,3,6015,T
6-NA,653,3,8,5995,0,6006,G
6-NA,654,0,0,6336,0,6336,G
6-NA,655,0,6288,0,4,6292,T
6-NA,656,8,0,0,6282,6290,C
6-NA,657,7,0,0,6297,6304,C
6-NA,658,6339,0,1,0,6340,A
6-NA,659,6366,1,2,1,6370,A
6-NA,660,6375,0,4,0,6379,A
6-NA,661,0,4,6390,0,6394,G
6-NA,662,6401,0,1,0,6402,A
6-NA,663,6173,0,9,0,6182,A
6-NA,664,6180,0,5,0,6185,A
6-NA,665,1,6153,0,1,6155,T
6-NA,666,2,1,0,6369,6372,C
6-NA,667,4,0,0,6359,6363,C
6-NA,668,0,6339,0,5,6344,T
6-NA,669,2,0,0,6366,6368,C
6-NA,670,6343,2,8,1,6354,A
6-NA,671,0,3,6385,0,6388,G
6-NA,672,1,5,6374,0,6380,G
6-NA,673,6554,0,5,0,6559,A
6-NA,674,0,1,0,6549,6550,C
6-NA,675,3,3,0,6433,6439,C
6-NA,676,6,1,0,6458,6465,C
6-NA,677,6476,1,5,0,6482,A
6-NA,678,1,1,6496,1,6499,G
6-NA,679,4,5,6520,0,6529,G
6-NA,680,6496,1,12,0,6509,A
6-NA,681,0,0,6582,0,6582,G
6-NA,682,0,6422,0,6,6428,T
6-NA,683,5,4,0,6441,6450,C
6-NA,684,6461,0,2,0,6463,A
6-NA,685,5,5,6510,0,6520,G
6-NA,686,6482,0,6,0,6488,A
6-NA,687,6469,0,1,0,6470,A
6-NA,688,0,6476,0,0,6476,T
6-NA,689,0,1,6514,0,6515,G
6-NA,690,1,0,0,6482,6483,C
6-NA,691,3,1,6540,0,6544,G
6-NA,692,0,6492,3,6,6501,T
6-NA,693,1,6523,1,2,6527,T
6-NA,694,0,6506,0,2,6508,T
6-NA,695,0,1,6559,0,6560,G
6-NA,696,1,6563,0,5,6569,T
6-NA,697,6556,1,5,0,6562,A
6-NA,698,0,6518,0,3,6521,T
6-NA,699,5,2,0,6544,6551,C
6-NA,700,6515,0,6,0,6521,A
6-NA,701,6527,0,3,0,6530,A
6-NA,702,1,6530,0,4,6535,T
6-NA,703,4,4,6526,0,6534,G
6-NA,704,2,10,6543,0,6555,G
6-NA,705,6657,0,4,0,6661,A
6-NA,706,6664,0,7,0,6671,A
6-NA,707,1,1,0,6719,6721,C
6-NA,708,0,6778,1,8,6787,T
6-NA,709,0,6766,2,1,6769,T
6-NA,710,3,2,6961,0,6966,G
6-NA,711,1,6964,1,2,6968,T
6-NA,712,6944,1,8,0,6953,A
6-NA,713,0,0,0,7069,7069,C
6-NA,714,6906,0,5,1,6912,A
6-NA,715,2,1,7376,1,7380,G
6-NA,716,0,7338,0,1,7339,T
6-NA,717,7600,0,4,0,7604,A
6-NA,718,3,1,7633,0,7637,G
6-NA,719,1,7509,0,5,7515,T
6-NA,720,7518,0,2,0,7520,A
6-NA,721,7493,0,6,0,7499,A
6-NA,722,0,7454,1,2,7457,T
6-NA,723,4,16,7464,0,7484,G
6-NA,724,7244,0,3,0,7247,A
6-NA,725,0,1,0,7321,7322,C
6-NA,726,0,7108,0,4,7112,T
6-NA,727,2,5,7142,0,7149,G
6-NA,728,7088,0,9,0,7097,A
6-NA,729,1,7151,0,4,7156,T
6-NA,730,1,9,7145,0,7155,G
6-NA,731,0,4,7091,0,7095,G
6-NA,732,3,8,7114,0,7125,G
6-NA,733,6983,1,12,0,6996,A
6-NA,734,4,0,7031,0,7035,G
6-NA,735,0,6976,0,4,6980,T
6-NA,736,0,0,7018,0,7018,G
6-NA,737,1,0,0,7014,7015,C
6-NA,738,0,6992,0,4,6996,T
6-NA,739,0,6976,0,3,6979,T
6-NA,740,4,2,0,6976,6982,C
6-NA,741,7,10,6942,0,6959,G
6-NA,742,1,2,7005,1,7009,G
6-NA,743,1,6,7023,0,7030,G
6-NA,744,7013,0,9,0,7022,A
6-NA,745,6985,0,2,0,6987,A
6-NA,746,6946,0,6,0,6952,A
6-NA,747,6990,0,9,1,7000,A
6-NA,748,1,0,7004,0,7005,G
6-NA,749,0,4,0,7018,7022,C
6-NA,750,0,6991,0,0,6991,T
6-NA,751,2,6,6977,0,6985,G
6-NA,752,6953,0,7,0,6960,A
6-NA,753,0,7079,1,2,7082,T
6-NA,754,7083,0,4,0,7087,A
6-NA,755,0,2,0,7378,7380,C
6-NA,756,1,7340,0,2,7343,T
6-NA,757,7337,0,1,1,7339,A
6-NA,758,7345,0,1,1,7347,A
6-NA,759,7335,0,3,0,7338,A
6-NA,760,7451,0,3,0,7454,A
6-NA,761,0,7462,1,0,7463,T
6-NA,762,7372,1,0,0,7373,A
6-NA,763,2,3,0,7449,7454,C
6-NA,764,0,7198,2,3,7203,T
6-NA,765,7281,0,4,0,7285,A
6-NA,766,0,7233,1,3,7237,T
6-NA,767,0,7748,1,2,7751,T
6-NA,768,8,3,0,7814,7825,C
6-NA,769,7739,1,3,0,7743,A
6-NA,770,0,7717,0,2,7719,T
6-NA,771,0,7728,0,0,7728,T
6-NA,772,7614,0,8,0,7622,A
6-NA,773,7638,0,3,0,7641,A
6-NA,774,1,6,7669,0,7676,G
6-NA,775,1,10,7648,0,7659,G
6-NA,776,7181,1,6,0,7188,A
6-NA,777,2,9,7262,1,7274,G
6-NA,778,2,9,7225,0,7236,G
6-NA,779,1,0,7238,0,7239,G
6-NA,780,1,3,7255,0,7259,G
6-NA,781,7246,0,9,2,7257,A
6-NA,782,7269,0,8,1,7278,A
6-NA,783,7254,0,5,0,7259,A
6-NA,784,7233,0,1,0,7234,A
6-NA,785,0,7194,0,1,7195,T
6-NA,786,10,1,0,7198,7209,C
6-NA,787,1,0,7273,0,7274,G
6-NA,788,0,7221,2,2,7225,T
6-NA,789,2,7225,0,4,7231,T
6-NA,790,11,2,0,7245,7258,C
6-NA,791,7263,0,1,1,7265,A
6-NA,792,0,7569,0,2,7571,T
6-NA,793,7542,0,1,0,7543,A
6-NA,794,0,2,0,7598,7600,C
6-NA,795,0,7575,0,2,7577,T
6-NA,796,7556,0,4,0,7560,A
6-NA,797,2,0,7536,0,7538,G
6-NA,798,2,3,1,7544,7550,C
6-NA,799,7544,1,9,1,7555,A
6-NA,800,0,3,0,7804,7807,C
6-NA,801,7589,0,0,0,7589,A
6-NA,802,0,7586,0,1,7587,T
6-NA,803,0,7567,0,2,7569,T
6-NA,804,6777,0,792,0,7569,A
6-NA,805,0,8908,0,1,8909,T
6-NA,806,5,1,0,8944,8950,C
6-NA,807,8949,1,4,1,8955,A
6-NA,808,2,6,8922,0,8930,G
6-NA,809,1851,3,6887,0,8741,G
6-NA,810,8661,0,2,0,8663,A
6-NA,811,8537,0,8,0,8545,A
6-NA,812,0,0,8652,0,8652,G
6-NA,813,0,7645,0,4,7649,T
6-NA,814,5,2,7661,1,7669,G
6-NA,815,2,1,0,7662,7665,C
6-NA,816,0,7670,0,3,7673,T
6-NA,817,12,1,1,7699,7713,C
6-NA,818,7690,0,5,1,7696,A
6-NA,819,4,0,7710,0,7714,G
6-NA,820,1,0,0,7709,7710,C
6-NA,821,7713,0,3,0,7716,A
6-NA,822,0,7722,1,2,7725,T
6-NA,823,4,0,7992,0,7996,G
6-NA,824,1,7964,0,6,7971,T
6-NA,825,8,11,0,7973,7992,C
6-NA,826,1,5,7989,1,7996,G
6-NA,827,7917,3,5,1,7926,A
6-NA,828,0,8,7941,0,7949,G
6-NA,829,1,3,7948,1,7953,G
6-NA,830,7880,0,9,0,7889,A
6-NA,831,2,1,7975,1,7979,G
6-NA,832,0,7739,1,6,7746,T
6-NA,833,5,2,7760,0,7767,G
6-NA,834,1,1,0,7861,7863,C
6-NA,835,1,7880,1,8,7890,T
6-NA,836,14,4,0,7909,7927,C
6-NA,837,8,2,0,7944,7954,C
6-NA,838,1,7952,0,13,7966,T
6-NA,839,4,1,7999,0,8004,G
6-NA,840,1,2,0,7928,7931,C
6-NA,841,0,7878,0,8,7886,T
6-NA,842,7942,0,2,0,7944,A
6-NA,843,0,7764,0,6,7770,T
6-NA,844,4,4,0,7808,7816,C
6-NA,845,2,4,0,7795,7801,C
6-NA,846,0,7745,0,10,7755,T
6-NA,847,4,1,1,7830,7836,C
6-NA,848,3,4,7827,0,7834,G
6-NA,849,7865,0,1,0,7866,A
6-NA,850,0,7898,0,1,7899,T
6-NA,851,7902,0,1,0,7903,A
6-NA,852,1,7904,0,2,7907,T
6-NA,853,3,1,1,7886,7891,C
6-NA,854,3,0,0,7889,7892,C
6-NA,855,0,7861,1,5,7867,T
6-NA,856,2,4,7889,0,7895,G
6-NA,857,4,2,7884,0,7890,G
6-NA,858,1,7957,0,8,7966,T
6-NA,859,0,1,7993,0,7994,G
6-NA,860,1,7965,0,10,7976,T
6-NA,861,11,2,1,7962,7976,C
6-NA,862,7979,0,9,0,7988,A
6-NA,863,4,1,7994,0,7999,G
6-NA,864,7982,1,6,0,7989,A
6-NA,865,1,7906,1,1,7909,T
6-NA,866,1,0,7944,0,7945,G
6-NA,867,2,7813,0,3,7818,T
6-NA,868,1,3,7856,1,7861,G
6-NA,869,1,7850,0,7,7858,T
6-NA,870,13,1,1,7865,7880,C
6-NA,871,1,7854,0,9,7864,T
6-NA,872,3,2,7858,0,7863,G
6-NA,873,0,6,0,7841,7847,C
6-NA,874,7849,1,10,1,7861,A
6-NA,875,3,3,7848,0,7854,G
6-NA,876,7631,0,9,0,7640,A
6-NA,877,3,2,7650,0,7655,G
6-NA,878,7594,2,9,1,7606,A
6-NA,879,1,2,0,7651,7654,C
6-NA,880,7637,0,3,1,7641,A
6-NA,881,7647,1,4,0,7652,A
6-NA,882,3,2,1,7687,7693,C
6-NA,883,0,7694,0,5,7699,T
6-NA,884,2,3,7694,0,7699,G
6-NA,885,2,3,7648,0,7653,G
6-NA,886,7636,0,1,0,7637,A
6-NA,887,7617,2,7,0,7626,A
6-NA,888,7443,0,12,0,7455,A
6-NA,889,0,5,7525,0,7530,G
6-NA,890,2,2,7466,0,7470,G
6-NA,891,9,2,0,7459,7470,C
6-NA,892,0,7399,0,16,7415,T
6-NA,893,10,2,0,7577,7589,C
6-NA,894,4,2,0,7656,7662,C
6-NA,895,7701,0,1,0,7702,A
6-NA,896,7664,0,3,0,7667,A
6-NA,897,0,7701,0,0,7701,T
6-NA,898,7401,0,4,0,7405,A
6-NA,899,0,3,7343,0,7346,G
6-NA,900,4,1,7325,1,7331,G
6-NA,901,1,5,0,7340,7346,C
6-NA,902,3,1,0,7176,7180,C
6-NA,903,7,0,0,7086,7093,C
6-NA,904,7168,1,0,0,7169,A
6-NA,905,0,7236,0,9,7245,T
6-NA,906,5,4,0,7281,7290,C
6-NA,907,3,0,7312,0,7315,G
6-NA,908,0,7262,0,1,7263,T
6-NA,909,7092,1,4,0,7097,A
6-NA,910,1,3,7238,0,7242,G
6-NA,911,7246,0,4,0,7250,A
6-NA,912,0,7275,0,1,7276,T
6-NA,913,7084,0,2,0,7086,A
6-NA,914,0,7000,0,2,7002,T
6-NA,915,6979,0,0,0,6979,A
6-NA,916,6961,0,1,0,6962,A
6-NA,917,7091,0,5,0,7096,A
6-NA,918,1,0,0,7203,7204,C
6-NA,919,7017,0,1,0,7018,A
6-NA,920,0,6984,0,3,6987,T
6-NA,921,6947,0,3,0,6950,A
6-NA,922,6954,1,6,0,6961,A
6-NA,923,6949,1,2,0,6952,A
6-NA,924,11,5,6984,0,7000,G
6-NA,925,1,4,7036,0,7041,G
6-NA,926,6800,2,5,0,6807,A
6-NA,927,1,6763,0,5,6769,T
6-NA,928,5,1,2,6820,6828,C
6-NA,929,6865,1,8,1,6875,A
6-NA,930,0,6876,1,3,6880,T
6-NA,931,6873,0,5,0,6878,A
6-NA,932,2,1,6909,0,6912,G
6-NA,933,0,0,0,6834,6834,C
6-NA,934,6712,0,1,0,6713,A
6-NA,935,0,6478,0,2,6480,T
6-NA,936,0,6508,0,2,6510,T
6-NA,937,2,1,6669,0,6672,G
6-NA,938,1,6659,0,5,6665,T
6-NA,939,0,6766,0,13,6779,T
6-NA,940,1,6743,0,3,6747,T
6-NA,941,4,0,0,6732,6736,C
6-NA,942,2,1,0,6778,6781,C
6-NA,943,6842,1,4,0,6847,A
6-NA,944,1,3,6937,0,6941,G
6-NA,945,0,6927,1,6,6934,T
6-NA,946,0,6687,1,10,6698,T
6-NA,947,6723,1,2,0,6726,A
6-NA,948,0,6610,1,3,6614,T
6-NA,949,5,2,6625,0,6632,G
6-NA,950,0,6549,1,6,6556,T
6-NA,951,4,0,6606,0,6610,G
6-NA,952,0,6397,1,2,6400,T
6-NA,953,0,0,6532,0,6532,G
6-NA,954,0,6521,0,5,6526,T
6-NA,955,0,6492,2,4,6498,T
6-NA,956,9,1,0,6487,6497,C
6-NA,957,6419,0,8,1,6428,A
6-NA,958,2,3,6456,0,6461,G
6-NA,959,2,12,6425,0,6439,G
6-NA,960,6381,0,7,0,6388,A
6-NA,961,0,0,0,6440,6440,C
6-NA,962,1,6230,0,5,6236,T
6-NA,963,1,6263,0,2,6266,T
6-NA,964,1,1,6495,0,6497,G
6-NA,965,2,6479,0,6,6487,T
6-NA,966,0,6488,0,4,6492,T
6-NA,967,3,4,6429,0,6436,G
6-NA,968,3,3,6413,1,6420,G
6-NA,969,6386,1,20,0,6407,A
6-NA,970,3,5,6395,0,6403,G
6-NA,971,6382,2,8,0,6392,A
6-NA,972,0,0,0,6361,6361,C
6-NA,973,6141,0,5,1,6147,A
6-NA,974,1,1,0,6153,6155,C
6-NA,975,6123,1,11,5,6140,A
6-NA,976,1,1,1,6172,6175,C
6-NA,977,0,5,0,6121,6126,C
6-NA,978,5,1,0,6138,6144,C
6-NA,979,6147,1,4,0,6152,A
6-NA,980,4,2,6165,0,6171,G
6-NA,981,6138,0,4,1,6143,A
6-NA,982,6200,0,1,0,6201,A
6-NA,983,6157,0,0,0,6157,A
6-NA,984,6161,1,2,0,6164,A
6-NA,985,6120,1,0,0,6121,A
6-NA,986,6107,0,2,4,6113,A
6-NA,987,0,1,0,6143,6144,C
6-NA,988,1,11,6113,0,6125,G
6-NA,989,6097,0,4,1,6102,A
6-NA,990,2,2,0,6106,6110,C
6-NA,991,6097,1,4,0,6102,A
6-NA,992,1,0,6141,0,6142,G
6-NA,993,0,0,0,6325,6325,C
6-NA,994,0,6264,0,6,6270,T
6-NA,995,9,4,0,6309,6322,C
6-NA,996,3,1,0,6356,6360,C
6-NA,997,6367,1,6,0,6374,A
6-NA,998,5,0,6429,0,6434,G
6-NA,999,1,2,0,6436,6439,C
6-NA,1000,6395,1,3,0,6399,A
6-NA,1001,2,0,6392,1,6395,G
6-NA,1002,1,6121,0,2,6124,T
6-NA,1003,6129,1,4,0,6134,A
6-NA,1004,2,1,6139,0,6142,G
6-NA,1005,0,5,0,6134,6139,C
6-NA,1006,7,2,0,6162,6171,C
6-NA,1007,6071,0,2,1,6074,A
6-NA,1008,0,6059,0,1,6060,T
6-NA,1009,0,6083,0,1,6084,T
6-NA,1010,0,1,6202,0,6203,G
6-NA,1011,1,6151,1,7,6160,T
6-NA,1012,0,6145,0,5,6150,T
6-NA,1013,1,6130,0,4,6135,T
6-NA,1014,1,7,6069,0,6077,G
6-NA,1015,3,7,6150,0,6160,G
6-NA,1016,6111,0,3,1,6115,A
6-NA,1017,1,6153,0,3,6157,T
6-NA,1018,3,2,0,6126,6131,C
6-NA,1019,7,0,0,6042,6049,C
6-NA,1020,1,6094,1,4,6100,T
6-NA,1021,6109,0,3,0,6112,A
6-NA,1022,6131,0,3,0,6134,A
6-NA,1023,2,3,0,6212,6217,C
6-NA,1024,6070,0,0,1,6071,A
6-NA,1025,6120,0,3,0,6123,A
6-NA,1026,1,6075,1,1,6078,T
6-NA,1027,1,2,6160,1,6164,G
6-NA,1028,6141,0,1,0,6142,A
6-NA,1029,6047,2,34,0,6083,A
6-NA,1030,2,0,6115,0,6117,G
6-NA,1031,6066,0,5,0,6071,A
6-NA,1032,5890,0,2,0,5892,A
6-NA,1033,1,3,5914,0,5918,G
6-NA,1034,1,1,5885,0,5887,G
6-NA,1035,0,5738,0,0,5738,T
6-NA,1036,3,3,5787,0,5793,G
6-NA,1037,0,0,5956,0,5956,G
6-NA,1038,0,5874,0,7,5881,T
6-NA,1039,14,3,0,5859,5876,C
6-NA,1040,5874,0,2,1,5877,A
6-NA,1041,0,5884,0,4,5888,T
6-NA,1042,2,5,5871,0,5878,G
6-NA,1043,1,8,5926,0,5935,G
6-NA,1044,5872,0,7,0,5879,A
6-NA,1045,1,2,6050,0,6053,G
6-NA,1046,0,5815,0,3,5818,T
6-NA,1047,0,3,5832,0,5835,G
6-NA,1048,5815,0,3,0,5818,A
6-NA,1049,5814,0,5,1,5820,A
6-NA,1050,5822,1,10,2,5835,A
6-NA,1051,3,3,5841,0,5847,G
6-NA,1052,3,1,5802,0,5806,G
6-NA,1053,1,2,0,5758,5761,C
6-NA,1054,0,5620,1,5,5626,T
6-NA,1055,5,8,5611,0,5624,G
6-NA,1056,3,2,5608,0,5613,G
6-NA,1057,1,1,5655,0,5657,G
6-NA,1058,0,0,1,5617,5618,C
6-NA,1059,0,0,0,5666,5666,C
6-NA,1060,2,5608,1,8,5619,T
6-NA,1061,0,5628,0,3,5631,T
6-NA,1062,1,5659,1,3,5664,T
6-NA,1063,0,1,5676,0,5677,G
6-NA,1064,5653,0,5,1,5659,A
6-NA,1065,2,5592,1,0,5595,T
6-NA,1066,2,3,5507,0,5512,G
6-NA,1067,5424,0,4,0,5428,A
6-NA,1068,0,5468,0,0,5468,T
6-NA,1069,1,6,5478,0,5485,G
6-NA,1070,0,5,5545,0,5550,G
6-NA,1071,5528,0,7,0,5535,A
6-NA,1072,5524,1,1,0,5526,A
6-NA,1073,5528,0,3,0,5531,A
6-NA,1074,0,5508,0,2,5510,T
6-NA,1075,1,4,5539,0,5544,G
6-NA,1076,5511,2,7,0,5520,A
6-NA,1077,0,6,0,5472,5478,C
6-NA,1078,8,0,5515,0,5523,G
6-NA,1079,0,5349,0,4,5353,T
6-NA,1080,1,0,5403,0,5404,G
6-NA,1081,1,5377,0,4,5382,T
6-NA,1082,3,5,5399,0,5407,G
6-NA,1083,4,2,5429,0,5435,G
6-NA,1084,5378,0,8,0,5386,A
6-NA,1085,1,5396,0,2,5399,T
6-NA,1086,1,10,5387,0,5398,G
6-NA,1087,5,3,5361,0,5369,G
6-NA,1088,2,1,5395,0,5398,G
6-NA,1089,5338,1,7,0,5346,A
6-NA,1090,5323,0,3,0,5326,A
6-NA,1091,0,6,5325,0,5331,G
6-NA,1092,5235,0,6,0,5241,A
6-NA,1093,5220,0,2,0,5222,A
6-NA,1094,0,2,0,5181,5183,C
6-NA,1095,2,7,5152,0,5161,G
6-NA,1096,5140,0,3,0,5143,A
6-NA,1097,0,5028,0,1,5029,T
6-NA,1098,3,1,0,5064,5068,C
6-NA,1099,5049,0,6,0,5055,A
6-NA,1100,0,0,5080,0,5080,G
6-NA,1101,1,2,0,5067,5070,C
6-NA,1102,0,6,5068,0,5074,G
6-NA,1103,5052,1,4,0,5057,A
6-NA,1104,2,1,5065,0,5068,G
6-NA,1105,5055,0,1,0,5056,A
6-NA,1106,5070,0,3,0,5073,A
6-NA,1107,0,0,5087,0,5087,G
6-NA,1108,0,5019,0,5,5024,T
6-NA,1109,11,2,1,4995,5009,C
6-NA,1110,4992,0,2,0,4994,A
6-NA,1111,0,0,0,5147,5147,C
6-NA,1112,0,2,5144,0,5146,G
6-NA,1113,0,1,0,5141,5142,C
6-NA,1114,0,5101,0,5,5106,T
6-NA,1115,0,5127,0,0,5127,T
6-NA,1116,5049,0,5,0,5054,A
6-NA,1117,0,6,5151,0,5157,G
6-NA,1118,2,1,5141,1,5145,G
6-NA,1119,1,1,5240,0,5242,G
6-NA,1120,1,4888,0,2,4891,T
6-NA,1121,4895,1,0,0,4896,A
6-NA,1122,0,4863,0,1,4864,T
6-NA,1123,0,4,4860,0,4864,G
6-NA,1124,4863,1,3,0,4867,A
6-NA,1125,4856,0,0,0,4856,A
6-NA,1126,4528,0,3,0,4531,A
6-NA,1127,0,1,0,4572,4573,C
6-NA,1128,3,1,0,4463,4467,C
6-NA,1129,0,4399,0,3,4402,T
6-NA,1130,1,4396,0,1,4398,T
6-NA,1131,1,2,2,4394,4399,C
6-NA,1132,4410,0,1,0,4411,A
6-NA,1133,4405,0,0,0,4405,A
6-NA,1134,4410,0,1,0,4411,A
6-NA,1135,0,1,4436,0,4437,G
6-NA,1136,0,4341,0,2,4343,T
6-NA,1137,10,1,0,4372,4383,C
6-NA,1138,4468,0,6,0,4474,A
6-NA,1139,0,4467,0,2,4469,T
6-NA,1140,0,4478,0,2,4480,T
6-NA,1141,0,1,4476,0,4477,G
6-NA,1142,4445,0,3,0,4448,A
6-NA,1143,4479,0,5,0,4484,A
6-NA,1144,1,5,4441,0,4447,G
6-NA,1145,2,0,4411,0,4413,G
6-NA,1146,0,8,0,4379,4387,C
6-NA,1147,0,4218,0,2,4220,T
6-NA,1148,2,2,4252,1,4257,G
6-NA,1149,2,1,4354,0,4357,G
6-NA,1150,0,4328,0,8,4336,T
6-NA,1151,3,0,0,4310,4313,C
6-NA,1152,0,2,0,4295,4297,C
6-NA,1153,4305,0,3,0,4308,A
6-NA,1154,4289,0,1,1,4291,A
6-NA,1155,0,2,0,4332,4334,C
6-NA,1156,4,1,0,4326,4331,C
6-NA,1157,7,0,0,4330,4337,C
6-NA,1158,0,4129,0,7,4136,T
6-NA,1159,4131,0,15,0,4146,A
6-NA,1160,4134,0,0,0,4134,A
6-NA,1161,0,1,4169,0,4170,G
6-NA,1162,0,4098,0,10,4108,T
6-NA,1163,7,0,0,4099,4106,C
6-NA,1164,9,1,1,4013,4024,C
6-NA,1165,4018,0,0,0,4018,A
6-NA,1166,4007,0,1,0,4008,A
6-NA,1167,4026,0,0,0,4026,A
6-NA,1168,0,3992,0,1,3993,T
6-NA,1169,0,4002,0,0,4002,T
6-NA,1170,4,0,3992,0,3996,G
6-NA,1171,1,2,0,3962,3965,C
6-NA,1172,3953,0,5,0,3958,A
6-NA,1173,2,1,3970,0,3973,G
6-NA,1174,3977,0,1,0,3978,A
6-NA,1175,0,4033,0,1,4034,T
6-NA,1176,4037,0,0,0,4037,A
6-NA,1177,4018,0,2,0,4020,A
6-NA,1178,4015,0,1,0,4016,A
6-NA,1179,0,3988,0,1,3989,T
6-NA,1180,3973,1,4,1,3979,A
6-NA,1181,3,1,3963,1,3968,G
6-NA,1182,3,0,3937,0,3940,G
6-NA,1183,0,2,0,3920,3922,C
6-NA,1184,3786,0,0,0,3786,A
6-NA,1185,3800,0,0,0,3800,A
6-NA,1186,0,0,3828,0,3828,G
6-NA,1187,0,3808,0,5,3813,T
6-NA,1188,6,0,1,3806,3813,C
6-NA,1189,3826,0,1,0,3827,A
6-NA,1190,0,3824,0,1,3825,T
6-NA,1191,3834,0,4,1,3839,A
6-NA,1192,0,0,3857,0,3857,G
6-NA,1193,2,3841,0,0,3843,T
6-NA,1194,0,3656,0,2,3658,T
6-NA,1195,2,7,3588,0,3597,G
6-NA,1196,3553,1,5,0,3559,A
6-NA,1197,0,0,0,3549,3549,C
6-NA,1198,3493,0,3,0,3496,A
6-NA,1199,0,3,3525,0,3528,G
6-NA,1200,3458,0,5,0,3463,A
6-NA,1201,1,0,3539,0,3540,G
6-NA,1202,1,0,3545,0,3546,G
6-NA,1203,0,3520,0,3,3523,T
6-NA,1204,3520,0,1,1,3522,A
6-NA,1205,3504,0,4,0,3508,A
6-NA,1206,0,3500,0,1,3501,T
6-NA,1207,3479,0,3,1,3483,A
6-NA,1208,1,1,3371,0,3373,G
6-NA,1209,4,1,3238,0,3243,G
6-NA,1210,1,2824,0,0,2825,T
6-NA,1211,6,0,1,2781,2788,C
6-NA,1212,6,0,0,2759,2765,C
6-NA,1213,2,5,2774,0,2781,G
6-NA,1214,3,0,2776,0,2779,G
6-NA,1215,0,2768,0,3,2771,T
6-NA,1216,0,2753,0,1,2754,T
6-NA,1217,2704,0,0,0,2704,A
6-NA,1218,0,2616,0,0,2616,T
6-NA,1219,0,2619,0,1,2620,T
6-NA,1220,1,0,0,2631,2632,C
6-NA,1221,0,2489,1,3,2493,T
6-NA,1222,0,0,2468,1,2469,G
6-NA,1223,0,0,2452,0,2452,G
6-NA,1224,0,228,0,2163,2391,C
6-NA,1225,2456,0,0,0,2456,A
6-NA,1226,0,2413,0,3,2416,T
6-NA,1227,0,2443,0,1,2444,T
6-NA,1228,0,2432,0,1,2433,T
6-NA,1229,0,2444,0,1,2445,T
6-NA,1230,2,1,0,2439,2442,C
6-NA,1231,0,2392,0,3,2395,T
6-NA,1232,1,1,0,2424,2426,C
6-NA,1233,0,2422,0,0,2422,T
6-NA,1234,1,0,2464,0,2465,G
6-NA,1235,0,2461,0,1,2462,T
6-NA,1236,0,2429,0,0,2429,T
6-NA,1237,0,1,2417,0,2418,G
6-NA,1238,2393,0,0,0,2393,A
6-NA,1239,2382,0,5,1,2388,A
6-NA,1240,0,2,2405,0,2407,G
6-NA,1241,3,0,2389,0,2392,G
6-NA,1242,2,0,0,2397,2399,C
6-NA,1243,2346,0,0,0,2346,A
6-NA,1244,2348,0,2,0,2350,A
6-NA,1245,2354,0,2,0,2356,A
6-NA,1246,2361,0,3,0,2364,A
6-NA,1247,1,0,2352,0,2353,G
6-NA,1248,0,0,0,2352,2352,C
6-NA,1249,0,2321,0,2,2323,T
6-NA,1250,0,0,2347,0,2347,G
6-NA,1251,0,1,0,2342,2343,C
6-NA,1252,2353,0,2,0,2355,A
6-NA,1253,0,2309,0,0,2309,T
6-NA,1254,7,0,0,2312,2319,C
6-NA,1255,2316,0,1,0,2317,A
6-NA,1256,2316,0,1,0,2317,A
6-NA,1257,0,2294,0,1,2295,T
6-NA,1258,2,1,0,2315,2318,C
6-NA,1259,1,1,2277,0,2279,G
6-NA,1260,0,0,2307,0,2307,G
6-NA,1261,0,2300,0,0,2300,T
6-NA,1262,0,0,2316,0,2316,G
6-NA,1263,1,0,0,2319,2320,C
6-NA,1264,0,2320,0,3,2323,T
6-NA,1265,0,2356,0,0,2356,T
6-NA,1266,0,2359,0,1,2360,T
6-NA,1267,0,2376,0,0,2376,T
6-NA,1268,2387,0,1,0,2388,A
6-NA,1269,0,2281,0,5,2286,T
6-NA,1270,2,0,2287,0,2289,G
6-NA,1271,0,2258,1,1,2260,T
6-NA,1272,0,0,2235,0,2235,G
6-NA,1273,1,0,2259,0,2260,G
6-NA,1274,2215,0,0,0,2215,A
6-NA,1275,1,0,2247,0,2248,G
6-NA,1276,0,2235,0,2,2237,T
6-NA,1277,0,2215,0,1,2216,T
6-NA,1278,0,2,2247,0,2249,G
6-NA,1279,2239,1,0,0,2240,A
6-NA,1280,1,2248,0,1,2250,T
6-NA,1281,2240,0,1,0,2241,A
6-NA,1282,2150,0,2,0,2152,A
6-NA,1283,1,2,2170,0,2173,G
6-NA,1284,0,0,2129,0,2129,G
6-NA,1285,0,0,2120,0,2120,G
6-NA,1286,2,1,2116,0,2119,G
6-NA,1287,2083,0,3,0,2086,A
6-NA,1288,2075,0,5,0,2080,A
6-NA,1289,2,1,2093,0,2096,G
6-NA,1290,2094,0,0,0,2094,A
6-NA,1291,2088,0,1,0,2089,A
6-NA,1292,2064,0,0,0,2064,A
6-NA,1293,2042,0,1,0,2043,A
6-NA,1294,0,1,2051,0,2052,G
6-NA,1295,2016,0,6,0,2022,A
6-NA,1296,2,3,2021,0,2026,G
6-NA,1297,1,3,2014,1,2019,G
6-NA,1298,1994,0,1,0,1995,A
6-NA,1299,1979,0,1,0,1980,A
6-NA,1300,177,0,0,1789,1966,C
6-NA,1301,4,0,0,1996,2000,C
6-NA,1302,0,1987,0,2,1989,T
6-NA,1303,0,2,2000,0,2002,G
6-NA,1304,1969,0,2,0,1971,A
6-NA,1305,1958,0,0,0,1958,A
6-NA,1306,1,0,1972,0,1973,G
6-NA,1307,0,1903,0,2,1905,T
6-NA,1308,3,0,0,1943,1946,C
6-NA,1309,0,1922,0,1,1923,T
6-NA,1310,1,1932,0,4,1937,T
6-NA,1311,1,1,1937,0,1939,G
6-NA,1312,0,1934,0,1,1935,T
6-NA,1313,0,1,1938,0,1939,G
6-NA,1314,0,3,1937,0,1940,G
6-NA,1315,1906,0,1,0,1907,A
6-NA,1316,1,0,0,1903,1904,C
6-NA,1317,125,0,0,1720,1845,C
6-NA,1318,0,1827,0,1,1828,T
6-NA,1319,3,0,0,1845,1848,C
6-NA,1320,3,1,1841,0,1845,G
6-NA,1321,1861,0,0,0,1861,A
6-NA,1322,1849,0,3,0,1852,A
6-NA,1323,0,0,0,1877,1877,C
6-NA,1324,1817,0,1,0,1818,A
6-NA,1325,1,0,1870,0,1871,G
6-NA,1326,0,1858,0,0,1858,T
6-NA,1327,1855,0,3,0,1858,A
6-NA,1328,0,1854,0,0,1854,T
6-NA,1329,0,1816,0,0,1816,T
6-NA,1330,0,0,1826,0,1826,G
6-NA,1331,0,1811,0,2,1813,T
6-NA,1332,0,1756,0,1,1757,T
6-NA,1333,0,0,1765,0,1765,G
6-NA,1334,0,1618,0,2,1620,T
6-NA,1335,0,0,1632,0,1632,G
6-NA,1336,0,1604,0,3,1607,T
6-NA,1337,0,1598,0,1,1599,T
6-NA,1338,0,1597,0,2,1599,T
6-NA,1339,1,1562,0,0,1563,T
6-NA,1340,1,1,1566,0,1568,G
6-NA,1341,2,1554,1,1,1558,T
6-NA,1342,0,0,1556,0,1556,G
6-NA,1343,0,1,1548,0,1549,G
6-NA,1344,1,2,0,1529,1532,C
6-NA,1345,1507,0,4,0,1511,A
6-NA,1346,0,0,0,1537,1537,C
6-NA,1347,1,0,0,1536,1537,C
6-NA,1348,0,1525,1,6,1532,T
6-NA,1349,0,0,0,1541,1541,C
6-NA,1350,1536,0,7,0,1543,A
6-NA,1351,0,1,1559,0,1560,G
6-NA,1352,0,0,1557,0,1557,G
6-NA,1353,0,1543,0,0,1543,T
6-NA,1354,1534,0,1,0,1535,A
6-NA,1355,0,0,0,1453,1453,C
6-NA,1356,1455,0,1,0,1456,A
6-NA,1357,0,1457,0,0,1457,T
6-NA,1358,1402,0,4,0,1406,A
6-NA,1359,0,1398,0,0,1398,T
6-NA,1360,0,2,1300,0,1302,G
6-NA,1361,0,1,1314,0,1315,G
6-NA,1362,1299,0,2,0,1301,A
6-NA,1363,1278,0,2,0,1280,A
6-NA,1364,0,0,0,1269,1269,C
6-NA,1365,1076,0,1,0,1077,A
6-NA,1366,0,1,1071,0,1072,G
6-NA,1367,1,0,1067,0,1068,G
6-NA,1368,0,0,0,1062,1062,C
6-NA,1369,0,1071,0,1,1072,T
6-NA,1370,0,0,0,1018,1018,C
6-NA,1371,1010,0,1,0,1011,A
6-NA,1372,0,1017,0,1,1018,T
6-NA,1373,0,0,1020,0,1020,G
6-NA,1374,0,0,1026,0,1026,G
6-NA,1375,0,0,0,981,981,C
6-NA,1376,1,0,0,976,977,C
6-NA,1377,0,929,0,2,931,T
6-NA,1378,0,2,931,0,933,G
6-NA,1379,924,0,2,0,926,A
6-NA,1380,0,925,0,1,926,T
6-NA,1381,1,0,920,0,921,G
6-NA,1382,0,1,904,0,905,G
6-NA,1383,0,1,852,0,853,G
6-NA,1384,0,0,863,0,863,G
6-NA,1385,0,0,0,835,835,C
6-NA,1386,0,0,837,0,837,G
6-NA,1387,2,0,823,0,825,G
6-NA,1388,808,0,0,0,808,A
6-NA,1389,0,0,0,803,803,C
6-NA,1390,807,0,0,0,807,A
6-NA,1391,0,792,0,1,793,T
6-NA,1392,0,0,0,775,775,C
6-NA,1393,766,0,0,0,766,A
6-NA,1394,766,0,0,0,766,A
6-NA,1395,0,756,0,2,758,T
6-NA,1396,1,0,0,735,736,C
6-NA,1397,0,715,0,1,716,T
6-NA,1398,0,0,0,616,616,C
6-NA,1399,609,0,0,0,609,A
6-NA,1400,0,603,0,1,604,T
6-NA,1401,0,0,598,0,598,G
6-NA,1402,0,0,0,592,592,C
6-NA,1403,3,0,0,559,562,C
6-NA,1404,0,501,0,2,503,T
6-NA,1405,501,0,0,0,501,A
6-NA,1406,0,498,0,0,498,T
6-NA,1407,492,0,0,0,492,A
6-NA,1408,0,490,0,0,490,T
6-NA,1409,438,0,0,0,438,A
6-NA,1410,419,0,0,0,419,A
7-M,1,220,0,0,0,220,A
7-M,2,0,224,0,0,224,T
7-M,3,0,0,222,0,222,G
7-M,4,226,0,0,0,226,A
7-M,5,0,0,252,0,252,G
7-M,6,0,0,0,263,263,C
7-M,7,0,0,0,278,278,C
7-M,8,0,377,0,0,377,T
7-M,9,0,379,0,0,379,T
7-M,10,0,0,0,385,385,C
7-M,11,0,386,0,0,386,T
7-M,12,398,0,0,0,398,A
7-M,13,399,0,0,0,399,A
7-M,14,0,0,0,399,399,C
7-M,15,0,0,0,399,399,C
7-M,16,0,0,396,0,396,G
7-M,17,396,0,0,0,396,A
7-M,18,0,0,416,0,416,G
7-M,19,0,0,422,0,422,G
7-M,20,0,415,0,0,415,T
7-M,21,0,0,0,430,430,C
7-M,22,0,0,430,0,430,G
7-M,23,448,0,0,0,448,A
7-M,24,452,0,0,0,452,A
7-M,25,452,0,2,0,454,A
7-M,26,0,1,0,495,496,C
7-M,27,1,0,502,0,503,G
7-M,28,0,499,0,0,499,T
7-M,29,507,0,0,0,507,A
7-M,30,0,507,0,0,507,T
7-M,31,0,0,517,0,517,G
7-M,32,0,525,0,0,525,T
7-M,33,0,591,0,0,591,T
7-M,34,1,0,1,604,606,C
7-M,35,0,604,0,1,605,T
7-M,36,0,0,0,640,640,C
7-M,37,0,633,0,4,637,T
7-M,38,1,0,0,675,676,C
7-M,39,0,675,0,1,676,T
7-M,40,682,0,0,0,682,A
7-M,41,0,682,0,0,682,T
7-M,42,0,0,0,692,692,C
7-M,43,2,0,697,0,699,G
7-M,44,0,701,0,0,701,T
7-M,45,0,695,0,1,696,T
7-M,46,1,0,0,700,701,C
7-M,47,0,0,0,729,729,C
7-M,48,742,0,1,0,743,A
7-M,49,0,738,0,0,738,T
7-M,50,0,1,0,743,744,C
7-M,51,736,0,0,0,736,A
7-M,52,1,0,743,0,744,G
7-M,53,0,0,726,0,726,G
7-M,54,0,1,0,744,745,C
7-M,55,0,0,0,746,746,C
7-M,56,0,0,0,751,751,C
7-M,57,1,0,0,788,789,C
7-M,58,0,0,0,794,794,C
7-M,59,0,793,0,2,795,T
7-M,60,0,0,0,799,799,C
7-M,61,797,0,0,0,797,A
7-M,62,795,0,1,0,796,A
7-M,63,811,0,0,0,811,A
7-M,64,0,1,822,0,823,G
7-M,65,0,0,0,826,826,C
7-M,66,1,0,0,816,817,C
7-M,67,0,1,817,0,818,G
7-M,68,817,0,2,0,819,A
7-M,69,0,0,824,0,824,G
7-M,70,823,0,0,0,823,A
7-M,71,0,831,0,0,831,T
7-M,72,2,0,0,822,824,C
7-M,73,0,0,827,0,827,G
7-M,74,0,0,0,832,832,C
7-M,75,2,0,835,0,837,G
7-M,76,0,0,0,838,838,C
7-M,77,836,0,0,0,836,A
7-M,78,1,1,836,0,838,G
7-M,79,825,0,1,0,826,A
7-M,80,0,2,893,0,895,G
7-M,81,888,0,0,0,888,A
7-M,82,0,1,0,903,904,C
7-M,83,0,906,0,0,906,T
7-M,84,0,903,0,0,903,T
7-M,85,0,0,909,0,909,G
7-M,86,905,0,0,0,905,A
7-M,87,905,0,5,0,910,A
7-M,88,2,1,904,0,907,G
7-M,89,888,0,0,0,888,A
7-M,90,0,897,0,1,898,T
7-M,91,0,0,911,0,911,G
7-M,92,0,909,0,0,909,T
7-M,93,1,0,0,914,915,C
7-M,94,1,905,0,0,906,T
7-M,95,0,910,0,2,912,T
7-M,96,1,913,0,1,915,T
7-M,97,1,1,912,0,914,G
7-M,98,0,0,0,916,916,C
7-M,99,0,904,0,3,907,T
7-M,100,1,2,897,0,900,G
7-M,101,0,0,909,0,909,G
7-M,102,0,0,922,0,922,G
7-M,103,914,0,0,0,914,A
7-M,104,924,0,0,0,924,A
7-M,105,928,0,0,0,928,A
7-M,106,933,0,1,0,934,A
7-M,107,951,0,0,1,952,A
7-M,108,0,0,0,960,960,C
7-M,109,957,0,2,0,959,A
7-M,110,0,0,0,965,965,C
7-M,111,953,1,1,0,955,A
7-M,112,1,0,973,0,974,G
7-M,113,977,0,0,0,977,A
7-M,114,0,999,0,0,999,T
7-M,115,1,1,0,1007,1009,C
7-M,116,0,999,0,1,1000,T
7-M,117,0,1002,0,0,1002,T
7-M,118,1,0,1001,0,1002,G
7-M,119,1006,1,1,0,1008,A
7-M,120,0,0,1008,0,1008,G
7-M,121,0,1,999,0,1000,G
7-M,122,0,0,0,1014,1014,C
7-M,123,0,1012,0,2,1014,T
7-M,124,1,1,0,1116,1118,C
7-M,125,0,1107,0,1,1108,T
7-M,126,0,0,0,1123,1123,C
7-M,127,1114,0,1,0,1115,A
7-M,128,0,1124,0,0,1124,T
7-M,129,1,0,1119,0,1120,G
7-M,130,0,1,1123,0,1124,G
7-M,131,1112,0,1,0,1113,A
7-M,132,1112,0,0,0,1112,A
7-M,133,0,1057,1,1,1059,T
7-M,134,0,1,1119,0,1120,G
7-M,135,0,0,1174,0,1174,G
7-M,136,1,1,0,1178,1180,C
7-M,137,0,1181,0,0,1181,T
7-M,138,1180,1,2,0,1183,A
7-M,139,1172,0,0,0,1172,A
7-M,140,1194,0,2,0,1196,A
7-M,141,0,1,1206,0,1207,G
7-M,142,1206,0,1,0,1207,A
7-M,143,1,1,0,1202,1204,C
7-M,144,1162,0,2,0,1164,A
7-M,145,1167,0,3,0,1170,A
7-M,146,0,3,1196,0,1199,G
7-M,147,1195,1,1,0,1197,A
7-M,148,0,0,0,1208,1208,C
7-M,149,1,1,0,1198,1200,C
7-M,150,1189,0,0,0,1189,A
7-M,151,1207,0,1,0,1208,A
7-M,152,0,1207,0,0,1207,T
7-M,153,0,1221,0,1,1222,T
7-M,154,2,0,0,1229,1231,C
7-M,155,0,1217,1,0,1218,T
7-M,156,0,0,1222,0,1222,G
7-M,157,0,1220,0,2,1222,T
7-M,158,2,0,0,1220,1222,C
7-M,159,1220,0,0,1,1221,A
7-M,160,0,0,0,1274,1274,C
7-M,161,0,1,0,1272,1273,C
7-M,162,0,1272,0,0,1272,T
7-M,163,0,0,0,1273,1273,C
7-M,164,0,1271,0,1,1272,T
7-M,165,0,3,1307,0,1310,G
7-M,166,1298,0,0,0,1298,A
7-M,167,0,0,0,1313,1313,C
7-M,168,0,1312,0,0,1312,T
7-M,169,1295,0,0,0,1295,A
7-M,170,1284,0,0,1,1285,A
7-M,171,1,0,1285,0,1286,G
7-M,172,0,3,1284,0,1287,G
7-M,173,0,1,1290,0,1291,G
7-M,174,0,1,1279,0,1280,G
7-M,175,1292,0,1,0,1293,A
7-M,176,0,1300,0,0,1300,T
7-M,177,0,1299,0,0,1299,T
7-M,178,0,1304,0,0,1304,T
7-M,179,0,1308,0,0,1308,T
7-M,180,0,0,1307,0,1307,G
7-M,181,0,1,1314,0,1315,G
7-M,182,0,3,1305,0,1308,G
7-M,183,1,0,1319,0,1320,G
7-M,184,1,1294,1,0,1296,T
7-M,185,0,1303,0,1,1304,T
7-M,186,0,1305,0,0,1305,T
7-M,187,0,0,1332,0,1332,G
7-M,188,1,1322,0,0,1323,T
7-M,189,0,0,1339,0,1339,G
7-M,190,0,1345,0,0,1345,T
7-M,191,0,1341,0,0,1341,T
7-M,192,1,0,0,1358,1359,C
7-M,193,1352,0,2,0,1354,A
7-M,194,0,0,0,1390,1390,C
7-M,195,0,0,1387,0,1387,G
7-M,196,0,0,0,1376,1376,C
7-M,197,0,1366,0,5,1371,T
7-M,198,3,0,0,1420,1423,C
7-M,199,1421,1,0,0,1422,A
7-M,200,0,0,0,1436,1436,C
7-M,201,0,2,0,1424,1426,C
7-M,202,1,0,1430,0,1431,G
7-M,203,0,1437,1,3,1441,T
7-M,204,2,0,1453,0,1455,G
7-M,205,0,2,0,1458,1460,C
7-M,206,3,0,0,1457,1460,C
7-M,207,0,0,0,1456,1456,C
7-M,208,1435,0,2,0,1437,A
7-M,209,0,0,1456,0,1456,G
7-M,210,0,1444,0,2,1446,T
7-M,211,0,3,1457,0,1460,G
7-M,212,1467,0,1,0,1468,A
7-M,213,0,0,1471,0,1471,G
7-M,214,0,2,0,1460,1462,C
7-M,215,0,2,1473,0,1475,G
7-M,216,1455,0,2,0,1457,A
7-M,217,1,3,1475,0,1479,G
7-M,218,2,2,1473,0,1477,G
7-M,219,1462,0,2,0,1464,A
7-M,220,0,1,0,1499,1500,C
7-M,221,0,1485,0,2,1487,T
7-M,222,1,0,1496,0,1497,G
7-M,223,0,2,0,1486,1488,C
7-M,224,1486,0,2,0,1488,A
7-M,225,1,0,1526,0,1527,G
7-M,226,0,0,0,1524,1524,C
7-M,227,0,0,1537,0,1537,G
7-M,228,0,1530,0,2,1532,T
7-M,229,1511,0,0,0,1511,A
7-M,230,0,2,1506,0,1508,G
7-M,231,1501,0,0,0,1501,A
7-M,232,1,0,0,1506,1507,C
7-M,233,1,0,1510,0,1511,G
7-M,234,0,0,0,1499,1499,C
7-M,235,0,1481,0,0,1481,T
7-M,236,0,1477,0,0,1477,T
7-M,237,0,1469,0,0,1469,T
7-M,238,2,0,1504,0,1506,G
7-M,239,0,1497,0,1,1498,T
7-M,240,0,0,0,1496,1496,C
7-M,241,1,0,1,1501,1503,C
7-M,242,1506,0,1,0,1507,A
7-M,243,1504,0,1,0,1505,A
7-M,244,1504,0,0,0,1504,A
7-M,245,1498,0,1,0,1499,A
7-M,246,0,1497,0,0,1497,T
7-M,247,0,2,1498,0,1500,G
7-M,248,1,0,0,1475,1476,C
7-M,249,2,0,0,1474,1476,C
7-M,250,3,0,0,1503,1506,C
7-M,251,0,1504,0,2,1506,T
7-M,252,0,0,0,1581,1581,C
7-M,253,1586,0,0,0,1586,A
7-M,254,1597,0,0,0,1597,A
7-M,255,0,1604,0,0,1604,T
7-M,256,0,1,1610,0,1611,G
7-M,257,0,1,1635,0,1636,G
7-M,258,0,1,1651,0,1652,G
7-M,259,1647,0,0,0,1647,A
7-M,260,1650,1,0,0,1651,A
7-M,261,0,1610,0,0,1610,T
7-M,262,0,2,1602,0,1604,G
7-M,263,0,4,1601,0,1605,G
7-M,264,1589,0,7,0,1596,A
7-M,265,0,5,1581,0,1586,G
7-M,266,1569,0,1,0,1570,A
7-M,267,0,0,0,1541,1541,C
7-M,268,0,0,0,1605,1605,C
7-M,269,3,0,0,1627,1630,C
7-M,270,1653,0,1,0,1654,A
7-M,271,1658,0,0,0,1658,A
7-M,272,1651,0,1,0,1652,A
7-M,273,0,1664,0,0,1664,T
7-M,274,1713,0,0,0,1713,A
7-M,275,1708,0,0,0,1708,A
7-M,276,0,0,0,1670,1670,C
7-M,277,1656,0,2,0,1658,A
7-M,278,0,1654,0,0,1654,T
7-M,279,0,0,1688,0,1688,G
7-M,280,0,3,1681,0,1684,G
7-M,281,1689,0,0,0,1689,A
7-M,282,0,1,0,1686,1687,C
7-M,283,1652,0,1,0,1653,A
7-M,284,1653,0,0,0,1653,A
7-M,285,1639,0,2,0,1641,A
7-M,286,0,1,1658,0,1659,G
7-M,287,0,0,0,1704,1704,C
7-M,288,1677,0,2,0,1679,A
7-M,289,0,0,1710,0,1710,G
7-M,290,0,1702,0,1,1703,T
7-M,291,0,1709,0,1,1710,T
7-M,292,1720,0,0,0,1720,A
7-M,293,1707,0,2,0,1709,A
7-M,294,1709,0,4,0,1713,A
7-M,295,0,1,0,1732,1733,C
7-M,296,1,1679,0,0,1680,T
7-M,297,0,0,1801,0,1801,G
7-M,298,0,1780,0,0,1780,T
7-M,299,1792,0,3,0,1795,A
7-M,300,0,1794,0,0,1794,T
7-M,301,1780,0,0,0,1780,A
7-M,302,0,2,1782,0,1784,G
7-M,303,1693,1,1,0,1695,A
7-M,304,1704,0,1,0,1705,A
7-M,305,1698,0,0,0,1698,A
7-M,306,1713,0,4,0,1717,A
7-M,307,0,1,0,1747,1748,C
7-M,308,0,1738,0,2,1740,T
7-M,309,1,1747,0,1,1749,T
7-M,310,1749,0,1,1,1751,A
7-M,311,1737,1,6,0,1744,A
7-M,312,0,0,1749,0,1749,G
7-M,313,1727,0,4,0,1731,A
7-M,314,2,0,1738,0,1740,G
7-M,315,1,0,1752,0,1753,G
7-M,316,0,3,1753,0,1756,G
7-M,317,1751,0,4,0,1755,A
7-M,318,2,1,1764,0,1767,G
7-M,319,1785,0,1,0,1786,A
7-M,320,0,1775,0,0,1775,T
7-M,321,1781,0,0,0,1781,A
7-M,322,1795,0,1,0,1796,A
7-M,323,0,2,0,1799,1801,C
7-M,324,2,0,1770,0,1772,G
7-M,325,0,1785,0,2,1787,T
7-M,326,0,1767,0,1,1768,T
7-M,327,2,0,0,1787,1789,C
7-M,328,0,0,0,1788,1788,C
7-M,329,1782,0,1,1,1784,A
7-M,330,0,1787,0,3,1790,T
7-M,331,0,4,1776,0,1780,G
7-M,332,0,0,1782,0,1782,G
7-M,333,0,2,1772,0,1774,G
7-M,334,0,0,1773,1,1774,G
7-M,335,0,1,0,1769,1770,C
7-M,336,0,0,0,1789,1789,C
7-M,337,1795,1,1,0,1797,A
7-M,338,1806,0,1,0,1807,A
7-M,339,1800,0,2,0,1802,A
7-M,340,1,2,1820,0,1823,G
7-M,341,1821,2,0,0,1823,A
7-M,342,1807,0,2,0,1809,A
7-M,343,1802,0,2,0,1804,A
7-M,344,0,1806,0,0,1806,T
7-M,345,1804,0,0,0,1804,A
7-M,346,0,0,1815,0,1815,G
7-M,347,0,1,0,1808,1809,C
7-M,348,0,1805,0,3,1808,T
7-M,349,3,1,0,1808,1812,C
7-M,350,0,1793,0,1,1794,T
7-M,351,0,0,0,1850,1850,C
7-M,352,1848,0,1,0,1849,A
7-M,353,0,0,1845,0,1845,G
7-M,354,0,1837,0,4,1841,T
7-M,355,0,1861,0,0,1861,T
7-M,356,1871,0,0,0,1871,A
7-M,357,0,1873,0,1,1874,T
7-M,358,0,1848,0,1,1849,T
7-M,359,0,0,0,1870,1870,C
7-M,360,0,1796,0,1,1797,T
7-M,361,0,0,1822,0,1822,G
7-M,362,0,0,0,1815,1815,C
7-M,363,0,1802,1,2,1805,T
7-M,364,0,3,1794,0,1797,G
7-M,365,1,0,1798,0,1799,G
7-M,366,0,1795,0,2,1797,T
7-M,367,2,0,1807,0,1809,G
7-M,368,0,1,0,1794,1795,C
7-M,369,1801,0,1,0,1802,A
7-M,370,0,1,0,1815,1816,C
7-M,371,1,1784,0,1,1786,T
7-M,372,0,1812,0,0,1812,T
7-M,373,0,0,1807,0,1807,G
7-M,374,0,0,0,1802,1802,C
7-M,375,1,0,0,1814,1815,C
7-M,376,1808,0,0,0,1808,A
7-M,377,0,1,1808,0,1809,G
7-M,378,1,1816,0,2,1819,T
7-M,379,0,1818,0,0,1818,T
7-M,380,1,0,1841,1,1843,G
7-M,381,1,0,0,1813,1814,C
7-M,382,1806,0,2,0,1808,A
7-M,383,0,1815,1,1,1817,T
7-M,384,0,4,1811,1,1816,G
7-M,385,0,0,1833,0,1833,G
7-M,386,0,0,1855,0,1855,G
7-M,387,0,0,0,1851,1851,C
7-M,388,1,0,0,1911,1912,C
7-M,389,0,1910,0,9,1919,T
7-M,390,1,0,0,1932,1933,C
7-M,391,2039,0,0,0,2039,A
7-M,392,0,2046,0,0,2046,T
7-M,393,2111,0,2,0,2113,A
7-M,394,0,2090,0,0,2090,T
7-M,395,2050,0,0,0,2050,A
7-M,396,0,0,0,2168,2168,C
7-M,397,2104,0,0,0,2104,A
7-M,398,2105,0,1,0,2106,A
7-M,399,0,2095,0,0,2095,T
7-M,400,2017,0,1,0,2018,A
7-M,401,0,0,2043,0,2043,G
7-M,402,1,2,2017,0,2020,G
7-M,403,1991,0,1,0,1992,A
7-M,404,0,2007,0,1,2008,T
7-M,405,0,2,1900,0,1902,G
7-M,406,0,2,1893,0,1895,G
7-M,407,0,4,1865,1,1870,G
7-M,408,2,0,1903,0,1905,G
7-M,409,1,1,1900,0,1902,G
7-M,410,0,0,0,1889,1889,C
7-M,411,0,1877,0,3,1880,T
7-M,412,0,1,1885,0,1886,G
7-M,413,0,1887,0,0,1887,T
7-M,414,1895,0,0,0,1895,A
7-M,415,1888,0,0,0,1888,A
7-M,416,1,0,0,1875,1876,C
7-M,417,2,0,0,1852,1854,C
7-M,418,1836,0,0,0,1836,A
7-M,419,0,1,0,1839,1840,C
7-M,420,0,1834,0,0,1834,T
7-M,421,0,0,1841,0,1841,G
7-M,422,1824,1,2,0,1827,A
7-M,423,1815,0,0,0,1815,A
7-M,424,0,0,1823,0,1823,G
7-M,425,0,1800,0,1,1801,T
7-M,426,0,2,1807,0,1809,G
7-M,427,0,0,1802,0,1802,G
7-M,428,0,0,0,1819,1819,C
7-M,429,1815,0,1,0,1816,A
7-M,430,0,1807,0,0,1807,T
7-M,431,0,1810,0,0,1810,T
7-M,432,0,1813,0,0,1813,T
7-M,433,0,1,1857,0,1858,G
7-M,434,0,0,1843,0,1843,G
7-M,435,1,1,0,1848,1850,C
7-M,436,1,0,0,1851,1852,C
7-M,437,0,1846,0,1,1847,T
7-M,438,0,1,1944,0,1945,G
7-M,439,0,0,1975,0,1975,G
7-M,440,0,1974,0,0,1974,T
7-M,441,1997,0,1,0,1998,A
7-M,442,0,1902,1,1,1904,T
7-M,443,1,0,1938,0,1939,G
7-M,444,0,1946,0,4,1950,T
7-M,445,2,0,1947,0,1949,G
7-M,446,0,0,0,1952,1952,C
7-M,447,1893,0,0,0,1893,A
7-M,448,1887,0,3,0,1890,A
7-M,449,0,0,0,1911,1911,C
7-M,450,1914,0,1,0,1915,A
7-M,451,0,1914,0,0,1914,T
7-M,452,1,1,1891,0,1893,G
7-M,453,0,1845,0,1,1846,T
7-M,454,0,7,1846,0,1853,G
7-M,455,1832,0,4,0,1836,A
7-M,456,2,0,1838,0,1840,G
7-M,457,0,1,0,1842,1843,C
7-M,458,1801,0,1,0,1802,A
7-M,459,0,0,1819,0,1819,G
7-M,460,1805,1,0,0,1806,A
7-M,461,0,1805,0,0,1805,T
7-M,462,0,1813,0,1,1814,T
7-M,463,0,0,1817,0,1817,G
7-M,464,0,0,0,1812,1812,C
7-M,465,0,1806,0,4,1810,T
7-M,466,1,1,1809,0,1811,G
7-M,467,1803,1,0,0,1804,A
7-M,468,1,0,0,1907,1908,C
7-M,469,0,1918,0,1,1919,T
7-M,470,1,0,0,1920,1921,C
7-M,471,3,0,0,1901,1904,C
7-M,472,2,2,0,1917,1921,C
7-M,473,1916,0,2,0,1918,A
7-M,474,0,1,1936,0,1937,G
7-M,475,1,0,0,1926,1927,C
7-M,476,1936,0,2,0,1938,A
7-M,477,0,0,0,1933,1933,C
7-M,478,1788,0,0,0,1788,A
7-M,479,2,0,1827,0,1829,G
7-M,480,1,0,1827,0,1828,G
7-M,481,0,1822,0,4,1826,T
7-M,482,1,0,0,1883,1884,C
7-M,483,0,1865,0,1,1866,T
7-M,484,1,2,1,1875,1879,C
7-M,485,1873,0,0,0,1873,A
7-M,486,0,1876,0,0,1876,T
7-M,487,1880,0,1,0,1881,A
7-M,488,0,1,1855,0,1856,G
7-M,489,0,0,1846,0,1846,G
7-M,490,0,1,0,1838,1839,C
7-M,491,1794,0,1,0,1795,A
7-M,492,1,0,1765,0,1766,G
7-M,493,1772,0,3,0,1775,A
7-M,494,0,1783,0,0,1783,T
7-M,495,2,0,1787,0,1789,G
7-M,496,4,0,1780,0,1784,G
7-M,497,1,1751,0,0,1752,T
7-M,498,0,1,1779,0,1780,G
7-M,499,2,0,1780,0,1782,G
7-M,500,0,2,0,1784,1786,C
7-M,501,1776,0,2,0,1778,A
7-M,502,1778,0,1,0,1779,A
7-M,503,0,1,0,1809,1810,C
7-M,504,1796,0,1,0,1797,A
7-M,505,1789,1,0,0,1790,A
7-M,506,0,0,0,1798,1798,C
7-M,507,2,1,0,1780,1783,C
7-M,508,1770,0,1,0,1771,A
7-M,509,1763,0,1,0,1764,A
7-M,510,0,1768,0,1,1769,T
7-M,511,1,0,0,1780,1781,C
7-M,512,3,0,0,1750,1753,C
7-M,513,1742,0,0,0,1742,A
7-M,514,0,1735,0,1,1736,T
7-M,515,0,1745,0,0,1745,T
7-M,516,1747,0,1,0,1748,A
7-M,517,1747,0,0,0,1747,A
7-M,518,0,1754,0,0,1754,T
7-M,519,1741,0,1,0,1742,A
7-M,520,1739,0,2,0,1741,A
7-M,521,1707,0,3,0,1710,A
7-M,522,1717,0,0,0,1717,A
7-M,523,0,0,0,1764,1764,C
7-M,524,1758,0,0,0,1758,A
7-M,525,0,1758,0,0,1758,T
7-M,526,0,0,1762,0,1762,G
7-M,527,1738,0,3,0,1741,A
7-M,528,1,0,1768,0,1769,G
7-M,529,1759,0,2,0,1761,A
7-M,530,1765,0,1,0,1766,A
7-M,531,1,0,0,1775,1776,C
7-M,532,1720,0,4,0,1724,A
7-M,533,0,0,1746,0,1746,G
7-M,534,1737,1,1,0,1739,A
7-M,535,1737,0,1,0,1738,A
7-M,536,0,1738,0,0,1738,T
7-M,537,0,0,1729,0,1729,G
7-M,538,0,0,1731,0,1731,G
7-M,539,1,1714,0,2,1717,T
7-M,540,0,1676,0,0,1676,T
7-M,541,0,1722,0,0,1722,T
7-M,542,0,1723,1,0,1724,T
7-M,543,0,0,1744,0,1744,G
7-M,544,0,0,1738,0,1738,G
7-M,545,1,1,0,1720,1722,C
7-M,546,1,1,0,1743,1745,C
7-M,547,1708,0,2,0,1710,A
7-M,548,0,1,1759,0,1760,G
7-M,549,0,0,0,1767,1767,C
7-M,550,1773,0,3,0,1776,A
7-M,551,0,1,0,1795,1796,C
7-M,552,0,1787,0,0,1787,T
7-M,553,1782,0,3,0,1785,A
7-M,554,0,1,0,1804,1805,C
7-M,555,1814,0,2,2,1818,A
7-M,556,0,0,1851,0,1851,G
7-M,557,0,0,0,1805,1805,C
7-M,558,0,1778,0,1,1779,T
7-M,559,1771,0,0,0,1771,A
7-M,560,1738,0,2,0,1740,A
7-M,561,0,1,1749,0,1750,G
7-M,562,1,0,1757,0,1758,G
7-M,563,0,0,0,1746,1746,C
7-M,564,0,1687,0,2,1689,T
7-M,565,1685,0,0,0,1685,A
7-M,566,0,1685,0,0,1685,T
7-M,567,0,2,1685,0,1687,G
7-M,568,1,0,1693,0,1694,G
7-M,569,1666,0,3,0,1669,A
7-M,570,0,1,1681,0,1682,G
7-M,571,0,0,0,1645,1645,C
7-M,572,1650,0,0,1,1651,A
7-M,573,1642,0,0,0,1642,A
7-M,574,1631,0,0,0,1631,A
7-M,575,0,1653,0,2,1655,T
7-M,576,0,2,1654,0,1656,G
7-M,577,0,0,1640,0,1640,G
7-M,578,0,0,0,1643,1643,C
7-M,579,0,1630,0,2,1632,T
7-M,580,0,0,1636,0,1636,G
7-M,581,0,2,1660,0,1662,G
7-M,582,1654,0,1,0,1655,A
7-M,583,0,1657,0,0,1657,T
7-M,584,1,0,0,1646,1647,C
7-M,585,1649,0,0,0,1649,A
7-M,586,1664,0,1,0,1665,A
7-M,587,2,0,1673,0,1675,G
7-M,588,0,1671,0,0,1671,T
7-M,589,1,2,1678,0,1681,G
7-M,590,1637,0,3,0,1640,A
7-M,591,0,0,1646,1,1647,G
7-M,592,0,0,0,1640,1640,C
7-M,593,1639,0,1,0,1640,A
7-M,594,0,0,1652,0,1652,G
7-M,595,0,0,1634,0,1634,G
7-M,596,0,0,0,1644,1644,C
7-M,597,1639,0,3,0,1642,A
7-M,598,0,0,1664,0,1664,G
7-M,599,0,1,0,1654,1655,C
7-M,600,0,0,1662,0,1662,G
7-M,601,0,0,1655,1,1656,G
7-M,602,1649,0,2,0,1651,A
7-M,603,0,1,1662,0,1663,G
7-M,604,0,0,1672,0,1672,G
7-M,605,0,0,0,1659,1659,C
7-M,606,1,0,0,1661,1662,C
7-M,607,1665,0,1,0,1666,A
7-M,608,1,1651,0,1,1653,T
7-M,609,1,1,1665,0,1667,G
7-M,610,2,1,1671,0,1674,G
7-M,611,1659,0,1,0,1660,A
7-M,612,0,2,1656,0,1658,G
7-M,613,1625,0,1,0,1626,A
7-M,614,0,1665,1,0,1666,T
7-M,615,0,1669,0,0,1669,T
7-M,616,1,0,1662,1,1664,G
7-M,617,0,2,0,1655,1657,C
7-M,618,0,1658,0,0,1658,T
7-M,619,1663,0,1,1,1665,A
7-M,620,0,0,1665,0,1665,G
7-M,621,0,1646,1,1,1648,T
7-M,622,4,1,0,1654,1659,C
7-M,623,1613,0,1,0,1614,A
7-M,624,0,0,1640,0,1640,G
7-M,625,0,0,1628,0,1628,G
7-M,626,0,1,0,1630,1631,C
7-M,627,1,0,0,1641,1642,C
7-M,628,1634,0,0,0,1634,A
7-M,629,0,0,1653,0,1653,G
7-M,630,0,0,1653,0,1653,G
7-M,631,0,1,0,1658,1659,C
7-M,632,1656,0,2,0,1658,A
7-M,633,0,0,1648,0,1648,G
7-M,634,1625,0,3,0,1628,A
7-M,635,0,1634,0,0,1634,T
7-M,636,0,3,1640,0,1643,G
7-M,637,1,0,1681,0,1682,G
7-M,638,0,1634,0,0,1634,T
7-M,639,1,0,1643,0,1644,G
7-M,640,0,1,0,1636,1637,C
7-M,641,1635,0,1,0,1636,A
7-M,642,0,1,1673,0,1674,G
7-M,643,0,0,1657,0,1657,G
7-M,644,1,2,0,1658,1661,C
7-M,645,1649,0,0,0,1649,A
7-M,646,1607,0,0,0,1607,A
7-M,647,0,1589,0,0,1589,T
7-M,648,1,2,1590,0,1593,G
7-M,649,1587,1,2,0,1590,A
7-M,650,0,2,1594,0,1596,G
7-M,651,1550,0,2,0,1552,A
7-M,652,0,0,1570,0,1570,G
7-M,653,0,0,0,1572,1572,C
7-M,654,0,3,0,1580,1583,C
7-M,655,1589,0,1,0,1590,A
7-M,656,0,1596,0,0,1596,T
7-M,657,0,1597,0,1,1598,T
7-M,658,2,2,1595,0,1599,G
7-M,659,0,0,1586,0,1586,G
7-M,660,0,0,1587,0,1587,G
7-M,661,1583,0,3,0,1586,A
7-M,662,1,0,0,1569,1570,C
7-M,663,0,1524,0,1,1525,T
7-M,664,1,0,0,1542,1543,C
7-M,665,1541,0,1,0,1542,A
7-M,666,0,1597,0,2,1599,T
7-M,667,0,0,0,1613,1613,C
7-M,668,0,0,0,1617,1617,C
7-M,669,1,1600,0,0,1601,T
7-M,670,1603,0,0,0,1603,A
7-M,671,1,0,1625,0,1626,G
7-M,672,0,1775,0,3,1778,T
7-M,673,1,1757,0,0,1758,T
7-M,674,2,0,0,1758,1760,C
7-M,675,1,1,0,1702,1704,C
7-M,676,1695,1,0,0,1696,A
7-M,677,1,0,1737,0,1738,G
7-M,678,0,1732,0,2,1734,T
7-M,679,1735,0,1,0,1736,A
7-M,680,0,0,0,1732,1732,C
7-M,681,0,1481,0,0,1481,T
7-M,682,2,1,1540,0,1543,G
7-M,683,0,0,1583,0,1583,G
7-M,684,0,1583,0,4,1587,T
7-M,685,2,0,0,1589,1591,C
7-M,686,0,1564,0,0,1564,T
7-M,687,1568,0,0,0,1568,A
7-M,688,1561,0,1,0,1562,A
7-M,689,0,1,1570,0,1571,G
7-M,690,1553,0,2,0,1555,A
7-M,691,1,0,1537,0,1538,G
7-M,692,1455,0,0,0,1455,A
7-M,693,0,1446,0,2,1448,T
7-M,694,0,0,1449,0,1449,G
7-M,695,1447,0,0,0,1447,A
7-M,696,0,1441,0,1,1442,T
7-M,697,2,0,0,1445,1447,C
7-M,698,0,1437,0,0,1437,T
7-M,699,0,1430,0,1,1431,T
7-M,700,0,1,0,1444,1445,C
7-M,701,1,1441,0,1,1443,T
7-M,702,0,1445,0,0,1445,T
7-M,703,0,0,1446,0,1446,G
7-M,704,1436,0,0,0,1436,A
7-M,705,1433,0,0,0,1433,A
7-M,706,1436,0,0,0,1436,A
7-M,707,1441,0,0,0,1441,A
7-M,708,0,1443,0,0,1443,T
7-M,709,0,1458,0,0,1458,T
7-M,710,0,1457,0,2,1459,T
7-M,711,0,0,1452,0,1452,G
7-M,712,0,1,0,1452,1453,C
7-M,713,1442,0,2,1,1445,A
7-M,714,0,0,1446,0,1446,G
7-M,715,1436,0,0,0,1436,A
7-M,716,0,0,0,1484,1484,C
7-M,717,2,0,0,1478,1480,C
7-M,718,0,1483,0,0,1483,T
7-M,719,1505,0,0,0,1505,A
7-M,720,0,1509,0,0,1509,T
7-M,721,0,1,0,1512,1513,C
7-M,722,1517,0,0,0,1517,A
7-M,723,0,0,1515,0,1515,G
7-M,724,1504,0,0,0,1504,A
7-M,725,1455,0,1,0,1456,A
7-M,726,1452,0,2,0,1454,A
7-M,727,0,1,0,1457,1458,C
7-M,728,2,0,1467,0,1469,G
7-M,729,1443,0,0,0,1443,A
7-M,730,1443,0,0,0,1443,A
7-M,731,0,1456,0,0,1456,T
7-M,732,1,1,1448,0,1450,G
7-M,733,1,4,1457,0,1462,G
7-M,734,0,4,1456,0,1460,G
7-M,735,0,1,1462,0,1463,G
7-M,736,1,0,1464,0,1465,G
7-M,737,0,1438,1,0,1439,T
7-M,738,0,0,1434,0,1434,G
7-M,739,0,0,0,1441,1441,C
7-M,740,1443,0,0,0,1443,A
7-M,741,0,0,1444,0,1444,G
7-M,742,1414,0,1,0,1415,A
7-M,743,0,1411,0,1,1412,T
7-M,744,0,0,1406,0,1406,G
7-M,745,2,0,0,1384,1386,C
7-M,746,1386,0,0,0,1386,A
7-M,747,1374,0,0,0,1374,A
7-M,748,1,0,0,1383,1384,C
7-M,749,1,2,1390,0,1393,G
7-M,750,1387,0,0,1,1388,A
7-M,751,0,1390,0,0,1390,T
7-M,752,0,1390,0,0,1390,T
7-M,753,0,0,0,1399,1399,C
7-M,754,1385,0,2,0,1387,A
7-M,755,1390,0,2,0,1392,A
7-M,756,1,0,1388,0,1389,G
7-M,757,0,1358,0,2,1360,T
7-M,758,0,3,1355,0,1358,G
7-M,759,1334,1,1,0,1336,A
7-M,760,0,0,0,1336,1336,C
7-M,761,1,1,0,1333,1335,C
7-M,762,3,0,0,1339,1342,C
7-M,763,1,0,1336,0,1337,G
7-M,764,0,2,0,1341,1343,C
7-M,765,0,1346,0,1,1347,T
7-M,766,0,1354,0,1,1355,T
7-M,767,0,1,1349,0,1350,G
7-M,768,0,1354,0,0,1354,T
7-M,769,0,1351,0,0,1351,T
7-M,770,0,0,1355,0,1355,G
7-M,771,0,1319,0,0,1319,T
7-M,772,0,1304,0,0,1304,T
7-M,773,1,0,1292,0,1293,G
7-M,774,0,1,0,1279,1280,C
7-M,775,1,0,0,1286,1287,C
7-M,776,1,0,1293,0,1294,G
7-M,777,0,1,0,1286,1287,C
7-M,778,2,0,1305,0,1307,G
7-M,779,1302,0,0,0,1302,A
7-M,780,1303,0,1,0,1304,A
7-M,781,0,1316,0,0,1316,T
7-M,782,1314,0,0,0,1314,A
7-M,783,1,1329,0,1,1331,T
7-M,784,0,0,0,1355,1355,C
7-M,785,1360,0,0,0,1360,A
7-M,786,0,1356,0,0,1356,T
7-M,787,0,1355,0,0,1355,T
7-M,788,0,2,1346,0,1348,G
7-M,789,1,2,1337,0,1340,G
7-M,790,1,1,1334,0,1336,G
7-M,791,1334,0,1,0,1335,A
7-M,792,0,1318,0,1,1319,T
7-M,793,2,1,0,1266,1269,C
7-M,794,0,1267,1,2,1270,T
7-M,795,0,1270,0,0,1270,T
7-M,796,0,1,1279,0,1280,G
7-M,797,0,1,0,1285,1286,C
7-M,798,1289,0,1,0,1290,A
7-M,799,0,0,0,1298,1298,C
7-M,800,0,1279,0,2,1281,T
7-M,801,0,1287,0,3,1290,T
7-M,802,0,2,1288,0,1290,G
7-M,803,1296,0,0,0,1296,A
7-M,804,0,1307,0,1,1308,T
7-M,805,1270,0,0,0,1270,A
7-M,806,0,1268,0,1,1269,T
7-M,807,0,1255,0,1,1256,T
7-M,808,0,0,1263,0,1263,G
7-M,809,0,1248,0,1,1249,T
7-M,810,2,1,1235,0,1238,G
7-M,811,0,1,1231,0,1232,G
7-M,812,1211,0,1,0,1212,A
7-M,813,0,1210,0,4,1214,T
7-M,814,0,1219,0,1,1220,T
7-M,815,2,0,0,1210,1212,C
7-M,816,1,1213,0,1,1215,T
7-M,817,0,1210,0,1,1211,T
7-M,818,1,0,1207,0,1208,G
7-M,819,1191,0,0,0,1191,A
7-M,820,0,1197,0,0,1197,T
7-M,821,0,0,0,1186,1186,C
7-M,822,0,0,1182,0,1182,G
7-M,823,0,1182,0,0,1182,T
7-M,824,1,0,0,1172,1173,C
7-M,825,0,1168,0,0,1168,T
7-M,826,0,1182,0,0,1182,T
7-M,827,0,1184,0,0,1184,T
7-M,828,0,1186,0,0,1186,T
7-M,829,0,1193,0,0,1193,T
7-M,830,0,1187,0,1,1188,T
7-M,831,0,1191,0,2,1193,T
7-M,832,0,0,0,1190,1190,C
7-M,833,1190,0,1,0,1191,A
7-M,834,1189,0,0,0,1189,A
7-M,835,1183,0,0,0,1183,A
7-M,836,0,1183,0,0,1183,T
7-M,837,0,0,1187,0,1187,G
7-M,838,1,0,0,1180,1181,C
7-M,839,2,0,1174,0,1176,G
7-M,840,0,1204,0,0,1204,T
7-M,841,0,0,0,1200,1200,C
7-M,842,0,1206,0,1,1207,T
7-M,843,1204,0,0,1,1205,A
7-M,844,1,1190,0,2,1193,T
7-M,845,2,0,0,1191,1193,C
7-M,846,0,4,1194,0,1198,G
7-M,847,1185,0,0,0,1185,A
7-M,848,0,0,0,1193,1193,C
7-M,849,0,1140,0,3,1143,T
7-M,850,1,0,0,1182,1183,C
7-M,851,0,1175,0,5,1180,T
7-M,852,0,1175,0,1,1176,T
7-M,853,1,0,0,1178,1179,C
7-M,854,1180,0,0,0,1180,A
7-M,855,1179,0,0,0,1179,A
7-M,856,1170,0,0,0,1170,A
7-M,857,0,0,0,1167,1167,C
7-M,858,1155,0,0,0,1155,A
7-M,859,0,0,0,1095,1095,C
7-M,860,0,0,1067,0,1067,G
7-M,861,0,0,1117,0,1117,G
7-M,862,0,0,0,1114,1114,C
7-M,863,2,0,0,1127,1129,C
7-M,864,0,1120,0,4,1124,T
7-M,865,0,1139,0,0,1139,T
7-M,866,1140,0,0,0,1140,A
7-M,867,1140,0,0,0,1140,A
7-M,868,1143,0,0,0,1143,A
7-M,869,1129,0,3,0,1132,A
7-M,870,0,0,1114,0,1114,G
7-M,871,946,0,0,0,946,A
7-M,872,0,0,940,0,940,G
7-M,873,0,1,933,0,934,G
7-M,874,1,1,0,924,926,C
7-M,875,0,0,0,909,909,C
7-M,876,0,0,0,931,931,C
7-M,877,0,931,0,4,935,T
7-M,878,0,938,1,0,939,T
7-M,879,0,0,0,942,942,C
7-M,880,0,950,0,0,950,T
7-M,881,955,0,0,0,955,A
7-M,882,0,0,0,961,961,C
7-M,883,0,0,944,0,944,G
7-M,884,0,1,941,0,942,G
7-M,885,908,0,0,0,908,A
7-M,886,911,0,0,0,911,A
7-M,887,0,0,895,0,895,G
7-M,888,0,0,888,0,888,G
7-M,889,876,0,0,0,876,A
7-M,890,0,0,883,0,883,G
7-M,891,0,878,0,0,878,T
7-M,892,885,0,0,0,885,A
7-M,893,0,0,0,872,872,C
7-M,894,1,0,1,879,881,C
7-M,895,0,876,0,1,877,T
7-M,896,1,0,881,0,882,G
7-M,897,854,0,0,0,854,A
7-M,898,0,0,864,0,864,G
7-M,899,0,820,0,2,822,T
7-M,900,1,0,0,823,824,C
7-M,901,0,804,0,0,804,T
7-M,902,799,0,0,0,799,A
7-M,903,0,799,0,0,799,T
7-M,904,0,0,802,0,802,G
7-M,905,776,0,2,0,778,A
7-M,906,0,1,776,0,777,G
7-M,907,0,0,712,0,712,G
7-M,908,1,0,717,0,718,G
7-M,909,719,0,1,0,720,A
7-M,910,708,0,2,0,710,A
7-M,911,0,0,712,0,712,G
7-M,912,702,1,0,0,703,A
7-M,913,707,0,0,0,707,A
7-M,914,0,703,0,0,703,T
7-M,915,692,0,0,0,692,A
7-M,916,0,689,0,0,689,T
7-M,917,0,4,0,666,670,C
7-M,918,0,2,669,0,671,G
7-M,919,670,0,0,0,670,A
7-M,920,650,0,0,0,650,A
7-M,921,653,0,0,0,653,A
7-M,922,0,0,652,0,652,G
7-M,923,0,1,653,0,654,G
7-M,924,649,0,0,0,649,A
7-M,925,646,1,1,0,648,A
7-M,926,0,0,1,643,644,C
7-M,927,637,0,0,0,637,A
7-M,928,0,0,639,0,639,G
7-M,929,0,0,0,635,635,C
7-M,930,637,0,0,0,637,A
7-M,931,1,0,637,0,638,G
7-M,932,585,0,2,0,587,A
7-M,933,590,0,0,0,590,A
7-M,934,0,586,0,1,587,T
7-M,935,0,0,568,0,568,G
7-M,936,0,0,0,566,566,C
7-M,937,0,542,0,1,543,T
7-M,938,0,0,543,0,543,G
7-M,939,0,537,0,0,537,T
7-M,940,0,1,534,0,535,G
7-M,941,0,0,540,0,540,G
7-M,942,523,0,0,0,523,A
7-M,943,0,519,0,0,519,T
7-M,944,0,0,502,0,502,G
7-M,945,0,0,0,490,490,C
7-M,946,0,469,0,0,469,T
7-M,947,0,0,464,0,464,G
7-M,948,461,0,1,0,462,A
7-M,949,0,1,0,457,458,C
7-M,950,0,1,456,0,457,G
7-M,951,446,0,1,0,447,A
7-M,952,0,0,0,447,447,C
7-M,953,422,0,1,0,423,A
7-M,954,0,0,424,0,424,G
7-M,955,0,422,0,0,422,T
7-M,956,2,0,0,412,414,C
7-M,957,414,0,0,0,414,A
7-M,958,0,417,0,0,417,T
7-M,959,0,412,0,0,412,T
7-M,960,0,415,0,0,415,T
7-M,961,0,407,0,0,407,T
7-M,962,0,0,410,0,410,G
7-M,963,0,394,0,0,394,T
7-M,964,2,0,0,393,395,C
7-M,965,377,0,1,0,378,A
7-M,966,0,0,378,0,378,G
7-M,967,0,0,0,377,377,C
7-M,968,375,0,0,0,375,A
7-M,969,0,375,0,0,375,T
7-M,970,349,0,0,0,349,A
7-M,971,0,0,349,0,349,G
7-M,972,340,0,1,0,341,A
7-M,973,0,1,341,0,342,G
7-M,974,0,334,0,0,334,T
7-M,975,0,212,0,0,212,T
7-M,976,0,0,210,0,210,G
7-M,977,0,0,208,0,208,G
7-M,978,211,0,0,0,211,A
7-M,979,0,0,209,0,209,G
7-M,980,0,135,0,0,135,T
7-M,981,131,0,0,0,131,A
7-M,982,129,0,0,0,129,A
8-NS,1,390,0,0,0,390,A
8-NS,2,0,387,0,0,387,T
8-NS,3,0,0,417,0,417,G
8-NS,4,0,0,437,0,437,G
8-NS,5,475,0,0,0,475,A
8-NS,6,0,1024,0,0,1024,T
8-NS,7,0,1033,0,0,1033,T
8-NS,8,0,0,0,1048,1048,C
8-NS,9,0,0,0,1059,1059,C
8-NS,10,1067,0,0,0,1067,A
8-NS,11,1069,0,2,0,1071,A
8-NS,12,0,0,0,1071,1071,C
8-NS,13,1071,0,1,0,1072,A
8-NS,14,0,0,0,1080,1080,C
8-NS,15,0,1080,0,0,1080,T
8-NS,16,0,0,1166,1,1167,G
8-NS,17,0,1170,0,2,1172,T
8-NS,18,0,0,1186,0,1186,G
8-NS,19,0,1187,0,2,1189,T
8-NS,20,3,0,0,1187,1190,C
8-NS,21,1195,0,1,0,1196,A
8-NS,22,1185,0,0,0,1185,A
8-NS,23,0,0,1208,0,1208,G
8-NS,24,0,1246,0,1,1247,T
8-NS,25,0,1249,0,0,1249,T
8-NS,26,0,1256,0,0,1256,T
8-NS,27,1,0,0,1251,1252,C
8-NS,28,0,0,0,1265,1265,C
8-NS,29,1257,0,3,0,1260,A
8-NS,30,1,0,1269,0,1270,G
8-NS,31,0,0,1271,0,1271,G
8-NS,32,0,1260,0,0,1260,T
8-NS,33,1276,0,0,0,1276,A
8-NS,34,0,1,1285,0,1286,G
8-NS,35,1283,0,1,0,1284,A
8-NS,36,0,1290,0,1,1291,T
8-NS,37,0,1288,0,0,1288,T
8-NS,38,0,0,1308,0,1308,G
8-NS,39,0,0,0,1309,1309,C
8-NS,40,0,1303,0,3,1306,T
8-NS,41,0,1319,0,3,1322,T
8-NS,42,0,1327,0,2,1329,T
8-NS,43,0,0,0,1348,1348,C
8-NS,44,0,1348,0,0,1348,T
8-NS,45,0,1348,0,1,1349,T
8-NS,46,0,1348,0,0,1348,T
8-NS,47,1,0,1358,0,1359,G
8-NS,48,0,0,1345,0,1345,G
8-NS,49,1,0,0,1349,1350,C
8-NS,50,1348,1,0,0,1349,A
8-NS,51,0,1354,0,0,1354,T
8-NS,52,1360,0,0,0,1360,A
8-NS,53,0,1384,0,1,1385,T
8-NS,54,0,0,0,1388,1388,C
8-NS,55,3,0,0,1379,1382,C
8-NS,56,0,2,1376,0,1378,G
8-NS,57,0,1,1389,0,1390,G
8-NS,58,1387,0,0,0,1387,A
8-NS,59,1394,0,0,0,1394,A
8-NS,60,1389,0,0,0,1389,A
8-NS,61,0,0,0,1392,1392,C
8-NS,62,1395,0,1,0,1396,A
8-NS,63,1398,0,0,0,1398,A
8-NS,64,1,0,1454,0,1455,G
8-NS,65,0,1454,0,0,1454,T
8-NS,66,0,1460,0,0,1460,T
8-NS,67,0,0,1467,0,1467,G
8-NS,68,0,1467,0,0,1467,T
8-NS,69,1464,1,2,0,1467,A
8-NS,70,0,3,1463,0,1466,G
8-NS,71,1567,0,1,0,1568,A
8-NS,72,0,0,0,1574,1574,C
8-NS,73,2,0,0,1546,1548,C
8-NS,74,1549,0,2,0,1551,A
8-NS,75,1557,0,0,0,1557,A
8-NS,76,0,3,1626,0,1629,G
8-NS,77,1629,0,0,0,1629,A
8-NS,78,1646,0,1,0,1647,A
8-NS,79,0,0,0,1652,1652,C
8-NS,80,0,1599,0,0,1599,T
8-NS,81,0,2,1622,0,1624,G
8-NS,82,1598,0,2,0,1600,A
8-NS,83,0,0,1646,0,1646,G
8-NS,84,0,1640,0,0,1640,T
8-NS,85,0,3,1628,0,1631,G
8-NS,86,1630,0,1,0,1631,A
8-NS,87,0,1629,0,0,1629,T
8-NS,88,2,0,1654,0,1656,G
8-NS,89,0,1,0,1697,1698,C
8-NS,90,1,1,0,1689,1691,C
8-NS,91,2,0,0,1704,1706,C
8-NS,92,1,0,0,1693,1694,C
8-NS,93,1707,0,0,0,1707,A
8-NS,94,0,1734,0,4,1738,T
8-NS,95,0,1767,0,0,1767,T
8-NS,96,0,0,0,1771,1771,C
8-NS,97,0,0,0,1763,1763,C
8-NS,98,0,1765,0,1,1766,T
8-NS,99,1,1760,0,0,1761,T
8-NS,100,0,5,1753,0,1758,G
8-NS,101,1753,0,0,0,1753,A
8-NS,102,0,1757,0,1,1758,T
8-NS,103,2,3,0,1734,1739,C
8-NS,104,1,1,1721,0,1723,G
8-NS,105,1,0,1721,0,1722,G
8-NS,106,1,0,0,1743,1744,C
8-NS,107,0,1728,0,1,1729,T
8-NS,108,0,1746,0,0,1746,T
8-NS,109,0,0,0,1747,1747,C
8-NS,110,1,0,1755,0,1756,G
8-NS,111,0,0,0,1747,1747,C
8-NS,112,1,0,0,1748,1749,C
8-NS,113,0,2,1755,0,1757,G
8-NS,114,1708,0,3,0,1711,A
8-NS,115,1,2,1777,0,1780,G
8-NS,116,1778,0,1,0,1779,A
8-NS,117,0,1790,0,0,1790,T
8-NS,118,0,0,0,1797,1797,C
8-NS,119,1788,0,4,0,1792,A
8-NS,120,0,0,1784,0,1784,G
8-NS,121,1774,0,0,0,1774,A
8-NS,122,0,3,1780,0,1783,G
8-NS,123,0,0,1788,0,1788,G
8-NS,124,0,1800,0,1,1801,T
8-NS,125,4,2,0,1907,1913,C
8-NS,126,1,1,0,1917,1919,C
8-NS,127,2,1,0,1929,1932,C
8-NS,128,0,1934,0,2,1936,T
8-NS,129,1948,0,1,0,1949,A
8-NS,130,1940,1,1,1,1943,A
8-NS,131,2,0,1974,0,1976,G
8-NS,132,1,4,1966,0,1971,G
8-NS,133,2,2,1956,0,1960,G
8-NS,134,1,3,1894,0,1898,G
8-NS,135,1881,0,1,2,1884,A
8-NS,136,1876,0,4,0,1880,A
8-NS,137,1,1,1893,0,1895,G
8-NS,138,1899,0,3,0,1902,A
8-NS,139,0,2,1927,0,1929,G
8-NS,140,1,0,1918,0,1919,G
8-NS,141,0,1,0,1924,1925,C
8-NS,142,1926,0,0,0,1926,A
8-NS,143,1924,0,1,0,1925,A
8-NS,144,0,1934,0,0,1934,T
8-NS,145,1943,0,2,0,1945,A
8-NS,146,0,1,0,1968,1969,C
8-NS,147,0,1930,0,1,1931,T
8-NS,148,3,0,1,1929,1933,C
8-NS,149,0,1907,0,4,1911,T
8-NS,150,4,2,1,1933,1940,C
8-NS,151,1,2,1954,0,1957,G
8-NS,152,2,1,2071,0,2074,G
8-NS,153,0,2069,0,1,2070,T
8-NS,154,6,0,0,2063,2069,C
8-NS,155,0,2055,0,0,2055,T
8-NS,156,2070,1,2,0,2073,A
8-NS,157,0,2,2074,0,2076,G
8-NS,158,2074,0,3,0,2077,A
8-NS,159,0,1,0,2124,2125,C
8-NS,160,2090,1,0,0,2091,A
8-NS,161,0,2058,0,0,2058,T
8-NS,162,4,1,0,2052,2057,C
8-NS,163,2054,0,2,0,2056,A
8-NS,164,2059,0,1,0,2060,A
8-NS,165,2042,0,2,0,2044,A
8-NS,166,0,1,2050,0,2051,G
8-NS,167,0,2,0,2060,2062,C
8-NS,168,2041,0,1,1,2043,A
8-NS,169,0,0,2040,1,2041,G
8-NS,170,0,0,1,2050,2051,C
8-NS,171,0,0,0,2059,2059,C
8-NS,172,2063,0,1,0,2064,A
8-NS,173,0,0,0,2107,2107,C
8-NS,174,0,1,0,2105,2106,C
8-NS,175,4,1,0,2111,2116,C
8-NS,176,2146,2,0,0,2148,A
8-NS,177,0,2143,0,1,2144,T
8-NS,178,0,1,2153,0,2154,G
8-NS,179,0,2145,0,1,2146,T
8-NS,180,0,2142,0,2,2144,T
8-NS,181,1,1,2140,0,2142,G
8-NS,182,0,0,2125,0,2125,G
8-NS,183,2109,0,4,0,2113,A
8-NS,184,2123,1,0,0,2124,A
8-NS,185,2075,0,1,0,2076,A
8-NS,186,0,0,2080,0,2080,G
8-NS,187,0,1,0,2077,2078,C
8-NS,188,2079,0,0,0,2079,A
8-NS,189,2074,0,0,0,2074,A
8-NS,190,2071,0,0,0,2071,A
8-NS,191,0,2099,0,0,2099,T
8-NS,192,0,2099,0,0,2099,T
8-NS,193,0,0,2132,0,2132,G
8-NS,194,0,2118,0,1,2119,T
8-NS,195,2114,0,1,0,2115,A
8-NS,196,1,3,2116,0,2120,G
8-NS,197,2117,0,1,0,2118,A
8-NS,198,2117,0,2,0,2119,A
8-NS,199,2115,0,0,0,2115,A
8-NS,200,2105,1,1,0,2107,A
8-NS,201,0,1,2113,0,2114,G
8-NS,202,2089,0,1,0,2090,A
8-NS,203,0,2091,0,0,2091,T
8-NS,204,0,2092,0,0,2092,T
8-NS,205,2,0,0,2099,2101,C
8-NS,206,0,2092,0,1,2093,T
8-NS,207,0,0,2105,0,2105,G
8-NS,208,2098,0,2,0,2100,A
8-NS,209,2096,0,1,0,2097,A
8-NS,210,2091,0,2,1,2094,A
8-NS,211,0,1,2107,0,2108,G
8-NS,212,2098,0,0,0,2098,A
8-NS,213,2096,0,4,0,2100,A
8-NS,214,1,1,2110,0,2112,G
8-NS,215,2125,0,2,0,2127,A
8-NS,216,2136,0,0,0,2136,A
8-NS,217,0,2143,0,0,2143,T
8-NS,218,2,0,0,2168,2170,C
8-NS,219,0,2165,0,1,2166,T
8-NS,220,1,3,2172,0,2176,G
8-NS,221,2171,0,3,0,2174,A
8-NS,222,0,2179,0,0,2179,T
8-NS,223,1,1,2169,0,2171,G
8-NS,224,2151,0,1,0,2152,A
8-NS,225,0,1,2155,0,2156,G
8-NS,226,1,0,2133,0,2134,G
8-NS,227,1,0,0,2131,2132,C
8-NS,228,2136,0,0,0,2136,A
8-NS,229,1,2,1,2198,2202,C
8-NS,230,0,2195,0,1,2196,T
8-NS,231,0,2219,0,1,2220,T
8-NS,232,2221,0,0,0,2221,A
8-NS,233,2228,0,1,0,2229,A
8-NS,234,2222,0,0,0,2222,A
8-NS,235,2217,0,2,0,2219,A
8-NS,236,0,2210,0,0,2210,T
8-NS,237,1,10,2202,0,2213,G
8-NS,238,2205,0,1,0,2206,A
8-NS,239,0,1,0,2195,2196,C
8-NS,240,1,1,0,2197,2199,C
8-NS,241,2196,0,0,0,2196,A
8-NS,242,2,2172,0,3,2177,T
8-NS,243,0,2,2256,0,2258,G
8-NS,244,1,0,2276,0,2277,G
8-NS,245,0,2283,0,4,2287,T
8-NS,246,3,0,0,2402,2405,C
8-NS,247,0,2376,0,2,2378,T
8-NS,248,2,0,0,2422,2424,C
8-NS,249,0,3,0,2432,2435,C
8-NS,250,2429,0,2,0,2431,A
8-NS,251,1,0,0,2466,2467,C
8-NS,252,2426,0,3,0,2429,A
8-NS,253,0,0,0,2426,2426,C
8-NS,254,0,0,0,2409,2409,C
8-NS,255,1,2284,0,8,2293,T
8-NS,256,1,0,2302,0,2303,G
8-NS,257,0,0,0,2278,2278,C
8-NS,258,1,2264,0,4,2269,T
8-NS,259,0,2288,0,0,2288,T
8-NS,260,1,0,0,2297,2298,C
8-NS,261,0,1,2299,0,2300,G
8-NS,262,0,1,0,2303,2304,C
8-NS,263,0,3,2308,0,2311,G
8-NS,264,2403,0,2,0,2405,A
8-NS,265,0,2407,0,1,2408,T
8-NS,266,2474,0,2,0,2476,A
8-NS,267,0,1,0,2487,2488,C
8-NS,268,2467,0,1,0,2468,A
8-NS,269,0,2573,0,2,2575,T
8-NS,270,2560,0,0,0,2560,A
8-NS,271,2562,0,3,0,2565,A
8-NS,272,0,0,0,2578,2578,C
8-NS,273,1,2528,0,1,2530,T
8-NS,274,0,5,2570,0,2575,G
8-NS,275,2526,0,2,0,2528,A
8-NS,276,0,1,0,2543,2544,C
8-NS,277,2540,0,2,0,2542,A
8-NS,278,0,2522,0,0,2522,T
8-NS,279,1,3,2533,0,2537,G
8-NS,280,2518,0,0,0,2518,A
8-NS,281,0,0,0,2596,2596,C
8-NS,282,0,2589,0,0,2589,T
8-NS,283,2617,0,0,0,2617,A
8-NS,284,0,2616,0,2,2618,T
8-NS,285,0,2607,0,1,2608,T
8-NS,286,0,2,2607,0,2609,G
8-NS,287,2590,0,3,0,2593,A
8-NS,288,1,3,2583,0,2587,G
8-NS,289,0,4,2584,0,2588,G
8-NS,290,2524,0,1,0,2525,A
8-NS,291,2530,0,1,1,2532,A
8-NS,292,0,2477,0,1,2478,T
8-NS,293,0,2486,0,0,2486,T
8-NS,294,0,0,2518,0,2518,G
8-NS,295,0,2505,0,0,2505,T
8-NS,296,5,0,0,2511,2516,C
8-NS,297,2508,0,1,0,2509,A
8-NS,298,2509,0,1,0,2510,A
8-NS,299,3,0,2508,0,2511,G
8-NS,300,2525,0,2,0,2527,A
8-NS,301,2531,0,1,0,2532,A
8-NS,302,2520,0,2,0,2522,A
8-NS,303,0,2,0,2531,2533,C
8-NS,304,0,2503,0,0,2503,T
8-NS,305,1,2,2538,0,2541,G
8-NS,306,0,0,2572,0,2572,G
8-NS,307,0,2565,0,2,2567,T
8-NS,308,1,2561,0,2,2564,T
8-NS,309,2,0,0,2546,2548,C
8-NS,310,2564,0,0,0,2564,A
8-NS,311,0,2587,0,4,2591,T
8-NS,312,0,1,2615,0,2616,G
8-NS,313,0,0,0,2622,2622,C
8-NS,314,0,2603,0,1,2604,T
8-NS,315,2575,0,1,0,2576,A
8-NS,316,2568,0,0,2,2570,A
8-NS,317,0,2596,0,0,2596,T
8-NS,318,1,0,2593,0,2594,G
8-NS,319,0,3,0,2581,2584,C
8-NS,320,0,0,0,2555,2555,C
8-NS,321,0,0,0,2551,2551,C
8-NS,322,2554,0,1,0,2555,A
8-NS,323,2568,0,1,0,2569,A
8-NS,324,0,0,2586,0,2586,G
8-NS,325,1,0,0,2582,2583,C
8-NS,326,2576,1,1,1,2579,A
8-NS,327,0,2,2583,0,2585,G
8-NS,328,2567,1,0,0,2568,A
8-NS,329,2585,0,1,0,2586,A
8-NS,330,2584,0,3,0,2587,A
8-NS,331,3,0,2616,0,2619,G
8-NS,332,0,2589,0,1,2590,T
8-NS,333,1,0,2588,0,2589,G
8-NS,334,0,0,2592,0,2592,G
8-NS,335,2582,1,6,0,2589,A
8-NS,336,2581,0,0,0,2581,A
8-NS,337,3,0,2569,0,2572,G
8-NS,338,3,2,2579,0,2584,G
8-NS,339,2577,0,3,0,2580,A
8-NS,340,0,1,0,2562,2563,C
8-NS,341,0,1,0,2556,2557,C
8-NS,342,0,2563,0,2,2565,T
8-NS,343,1,0,0,2591,2592,C
8-NS,344,0,2593,0,3,2596,T
8-NS,345,0,2601,0,1,2602,T
8-NS,346,0,2611,0,3,2614,T
8-NS,347,2,0,2598,0,2600,G
8-NS,348,3,0,0,2615,2618,C
8-NS,349,2624,0,1,0,2625,A
8-NS,350,0,2620,0,0,2620,T
8-NS,351,0,1,0,2615,2616,C
8-NS,352,2666,0,0,0,2666,A
8-NS,353,2,0,2743,0,2745,G
8-NS,354,2733,0,2,0,2735,A
8-NS,355,2738,1,0,0,2739,A
8-NS,356,0,2725,0,2,2727,T
8-NS,357,1,0,2707,0,2708,G
8-NS,358,4,1,2739,0,2744,G
8-NS,359,2732,0,2,0,2734,A
8-NS,360,0,0,0,2724,2724,C
8-NS,361,1,2,0,2647,2650,C
8-NS,362,2580,0,6,1,2587,A
8-NS,363,1,0,2626,0,2627,G
8-NS,364,0,0,2624,0,2624,G
8-NS,365,1,0,0,2628,2629,C
8-NS,366,2621,0,2,0,2623,A
8-NS,367,2630,1,1,0,2632,A
8-NS,368,0,2620,0,0,2620,T
8-NS,369,0,1,0,2619,2620,C
8-NS,370,2616,0,5,0,2621,A
8-NS,371,1,2611,0,0,2612,T
8-NS,372,0,2,2582,0,2584,G
8-NS,373,2,4,2589,0,2595,G
8-NS,374,2566,0,4,0,2570,A
8-NS,375,2,2,2589,0,2593,G
8-NS,376,2558,0,2,0,2560,A
8-NS,377,2556,0,1,0,2557,A
8-NS,378,2568,0,0,0,2568,A
8-NS,379,2566,0,2,0,2568,A
8-NS,380,2572,0,1,0,2573,A
8-NS,381,0,0,0,2589,2589,C
8-NS,382,2563,0,2,0,2565,A
8-NS,383,0,2560,0,2,2562,T
8-NS,384,1,0,0,2550,2551,C
8-NS,385,2548,0,0,0,2548,A
8-NS,386,0,2558,0,1,2559,T
8-NS,387,1,0,2566,0,2567,G
8-NS,388,0,2570,0,1,2571,T
8-NS,389,1,2546,0,0,2547,T
8-NS,390,0,0,2539,0,2539,G
8-NS,391,2534,0,0,0,2534,A
8-NS,392,2526,0,5,1,2532,A
8-NS,393,2535,0,2,0,2537,A
8-NS,394,0,1,2527,0,2528,G
8-NS,395,0,1,0,2525,2526,C
8-NS,396,0,4,2516,0,2520,G
8-NS,397,2516,0,1,0,2517,A
8-NS,398,2523,0,2,1,2526,A
8-NS,399,0,2522,0,1,2523,T
8-NS,400,0,2529,0,2,2531,T
8-NS,401,0,2518,0,1,2519,T
8-NS,402,2,0,0,2536,2538,C
8-NS,403,2513,1,1,0,2515,A
8-NS,404,1,0,2529,1,2531,G
8-NS,405,0,2510,0,1,2511,T
8-NS,406,2,0,2517,1,2520,G
8-NS,407,0,2507,0,2,2509,T
8-NS,408,1,2,2517,0,2520,G
8-NS,409,2536,0,0,0,2536,A
8-NS,410,0,2523,0,2,2525,T
8-NS,411,0,2533,0,1,2534,T
8-NS,412,0,2530,0,4,2534,T
8-NS,413,1,2515,0,1,2517,T
8-NS,414,0,2522,0,1,2523,T
8-NS,415,3,12,2508,0,2523,G
8-NS,416,2520,1,2,0,2523,A
8-NS,417,1,0,0,2523,2524,C
8-NS,418,3,0,0,2484,2487,C
8-NS,419,2,4,2520,0,2526,G
8-NS,420,2687,0,2,0,2689,A
8-NS,421,0,0,0,2735,2735,C
8-NS,422,0,2743,0,0,2743,T
8-NS,423,2754,0,2,0,2756,A
8-NS,424,1,3,2745,0,2749,G
8-NS,425,2744,1,4,0,2749,A
8-NS,426,1,3,2769,0,2773,G
8-NS,427,2741,0,2,1,2744,A
8-NS,428,0,1,0,2819,2820,C
8-NS,429,6,2,0,2653,2661,C
8-NS,430,2576,0,3,0,2579,A
8-NS,431,0,2730,0,0,2730,T
8-NS,432,2708,0,1,0,2709,A
8-NS,433,1,0,2903,0,2904,G
8-NS,434,0,2872,0,0,2872,T
8-NS,435,2853,0,1,0,2854,A
8-NS,436,0,2862,0,1,2863,T
8-NS,437,0,2805,0,2,2807,T
8-NS,438,2887,0,0,0,2887,A
8-NS,439,0,0,0,2895,2895,C
8-NS,440,0,2771,0,1,2772,T
8-NS,441,2766,0,1,0,2767,A
8-NS,442,2535,1,2,0,2538,A
8-NS,443,1,2,2546,0,2549,G
8-NS,444,0,3,2529,0,2532,G
8-NS,445,1,0,2521,0,2522,G
8-NS,446,0,1,0,2496,2497,C
8-NS,447,0,2446,1,8,2455,T
8-NS,448,0,2461,0,4,2465,T
8-NS,449,0,2512,0,1,2513,T
8-NS,450,2,1,0,2519,2522,C
8-NS,451,2557,0,1,0,2558,A
8-NS,452,0,1,0,2557,2558,C
8-NS,453,0,2,1,2528,2531,C
8-NS,454,2,0,2549,0,2551,G
8-NS,455,2533,0,1,0,2534,A
8-NS,456,2542,1,2,0,2545,A
8-NS,457,1,2,2553,0,2556,G
8-NS,458,2493,0,1,0,2494,A
8-NS,459,0,3,2517,0,2520,G
8-NS,460,2,1,2480,0,2483,G
8-NS,461,1,4,2493,0,2498,G
8-NS,462,2490,0,5,0,2495,A
8-NS,463,1,0,2502,0,2503,G
8-NS,464,1,0,0,2491,2492,C
8-NS,465,2497,0,1,0,2498,A
8-NS,466,2498,0,1,0,2499,A
8-NS,467,0,2498,0,1,2499,T
8-NS,468,0,2500,0,0,2500,T
8-NS,469,1,0,2493,0,2494,G
8-NS,470,0,2473,0,1,2474,T
8-NS,471,0,2461,0,1,2462,T
8-NS,472,3,0,2458,0,2461,G
8-NS,473,0,0,2450,0,2450,G
8-NS,474,1,0,0,2454,2455,C
8-NS,475,0,3,2461,0,2464,G
8-NS,476,2474,0,0,0,2474,A
8-NS,477,2485,0,0,0,2485,A
8-NS,478,2490,0,0,0,2490,A
8-NS,479,0,2503,0,1,2504,T
8-NS,480,1,0,0,2498,2499,C
8-NS,481,0,2478,0,2,2480,T
8-NS,482,3,0,0,2485,2488,C
8-NS,483,2492,0,2,0,2494,A
8-NS,484,2,0,0,2495,2497,C
8-NS,485,1,2,0,2492,2495,C
8-NS,486,2479,0,0,1,2480,A
8-NS,487,0,2467,0,0,2467,T
8-NS,488,0,2443,0,1,2444,T
8-NS,489,0,1,2445,0,2446,G
8-NS,490,0,1,0,2426,2427,C
8-NS,491,0,0,0,2427,2427,C
8-NS,492,0,2427,0,3,2430,T
8-NS,493,0,2412,0,5,2417,T
8-NS,494,1,0,0,2435,2436,C
8-NS,495,0,2431,0,4,2435,T
8-NS,496,1,2447,0,1,2449,T
8-NS,497,1,2494,0,3,2498,T
8-NS,498,0,2479,0,0,2479,T
8-NS,499,0,0,0,2480,2480,C
8-NS,500,0,2,0,2472,2474,C
8-NS,501,2475,1,5,0,2481,A
8-NS,502,1,0,2491,0,2492,G
8-NS,503,1,1,2485,0,2487,G
8-NS,504,2519,1,2,0,2522,A
8-NS,505,1,0,0,2519,2520,C
8-NS,506,2534,0,1,0,2535,A
8-NS,507,0,2537,0,3,2540,T
8-NS,508,2541,0,4,0,2545,A
8-NS,509,0,0,0,2719,2719,C
8-NS,510,1,2702,0,3,2706,T
8-NS,511,2702,0,1,1,2704,A
8-NS,512,0,2675,0,3,2678,T
8-NS,513,0,2596,1,4,2601,T
8-NS,514,0,0,2611,0,2611,G
8-NS,515,2501,0,4,0,2505,A
8-NS,516,0,3,2506,0,2509,G
8-NS,517,0,0,2509,0,2509,G
8-NS,518,2270,0,1,0,2271,A
8-NS,519,0,2280,0,1,2281,T
8-NS,520,0,0,2265,0,2265,G
8-NS,521,1,2234,0,1,2236,T
8-NS,522,1,0,0,2252,2253,C
8-NS,523,2257,0,0,0,2257,A
8-NS,524,2252,0,0,0,2252,A
8-NS,525,2254,0,0,0,2254,A
8-NS,526,2236,0,0,0,2236,A
8-NS,527,2244,0,0,0,2244,A
8-NS,528,0,2250,0,0,2250,T
8-NS,529,1,0,2244,0,2245,G
8-NS,530,1,0,0,2258,2259,C
8-NS,531,2254,0,0,0,2254,A
8-NS,532,2270,0,1,1,2272,A
8-NS,533,0,2274,0,0,2274,T
8-NS,534,0,2278,0,3,2281,T
8-NS,535,0,5,2271,0,2276,G
8-NS,536,2,2,2242,0,2246,G
8-NS,537,0,1,2244,0,2245,G
8-NS,538,1,1,2255,0,2257,G
8-NS,539,0,2228,0,4,2232,T
8-NS,540,4,1,0,2255,2260,C
8-NS,541,2,1,0,2262,2265,C
8-NS,542,0,2260,0,3,2263,T
8-NS,543,2,0,0,2280,2282,C
8-NS,544,2289,0,0,0,2289,A
8-NS,545,0,2270,0,2,2272,T
8-NS,546,2,0,0,2285,2287,C
8-NS,547,2,0,2272,1,2275,G
8-NS,548,1,0,2276,0,2277,G
8-NS,549,2221,0,2,0,2223,A
8-NS,550,1,3,2229,0,2233,G
8-NS,551,0,4,2233,0,2237,G
8-NS,552,2195,0,1,0,2196,A
8-NS,553,0,0,0,2214,2214,C
8-NS,554,1,2218,0,3,2222,T
8-NS,555,0,2217,1,0,2218,T
8-NS,556,1,2,2234,0,2237,G
8-NS,557,2214,0,1,0,2215,A
8-NS,558,2219,0,1,0,2220,A
8-NS,559,0,2218,0,1,2219,T
8-NS,560,1,3,2173,1,2178,G
8-NS,561,0,0,2207,0,2207,G
8-NS,562,2188,1,0,0,2189,A
8-NS,563,2205,0,2,0,2207,A
8-NS,564,0,2318,0,0,2318,T
8-NS,565,1,3,2331,0,2335,G
8-NS,566,2334,0,0,0,2334,A
8-NS,567,0,2342,0,0,2342,T
8-NS,568,2341,0,2,0,2343,A
8-NS,569,2350,1,1,0,2352,A
8-NS,570,1,1,0,2328,2330,C
8-NS,571,2283,0,4,0,2287,A
8-NS,572,0,1,0,2301,2302,C
8-NS,573,2116,0,0,0,2116,A
8-NS,574,0,1,2160,0,2161,G
8-NS,575,0,2138,0,4,2142,T
8-NS,576,0,2116,0,3,2119,T
8-NS,577,7,0,0,2122,2129,C
8-NS,578,1,1,2117,0,2119,G
8-NS,579,2108,0,2,0,2110,A
8-NS,580,0,0,2122,0,2122,G
8-NS,581,0,2094,0,4,2098,T
8-NS,582,1,0,0,2100,2101,C
8-NS,583,0,2049,0,6,2055,T
8-NS,584,2,1,0,2066,2069,C
8-NS,585,0,2090,0,1,2091,T
8-NS,586,2091,0,0,1,2092,A
8-NS,587,2083,0,2,0,2085,A
8-NS,588,2079,0,0,0,2079,A
8-NS,589,2104,0,4,0,2108,A
8-NS,590,2100,0,1,0,2101,A
8-NS,591,0,2078,0,0,2078,T
8-NS,592,2,0,0,2096,2098,C
8-NS,593,0,2076,0,2,2078,T
8-NS,594,2083,0,0,0,2083,A
8-NS,595,0,1,0,2080,2081,C
8-NS,596,2078,0,3,0,2081,A
8-NS,597,1,2,2072,0,2075,G
8-NS,598,2047,0,1,0,2048,A
8-NS,599,0,1,2047,0,2048,G
8-NS,600,2047,1,0,0,2048,A
8-NS,601,0,2021,0,0,2021,T
8-NS,602,0,2015,0,0,2015,T
8-NS,603,2,0,0,2009,2011,C
8-NS,604,1,0,2012,0,2013,G
8-NS,605,0,0,0,2013,2013,C
8-NS,606,0,2011,0,1,2012,T
8-NS,607,0,2017,0,1,2018,T
8-NS,608,0,1,2011,0,2012,G
8-NS,609,0,2,2016,0,2018,G
8-NS,610,2019,1,3,0,2023,A
8-NS,611,3,1,2021,0,2025,G
8-NS,612,2005,0,1,0,2006,A
8-NS,613,1982,0,4,1,1987,A
8-NS,614,0,0,2014,0,2014,G
8-NS,615,0,0,0,2009,2009,C
8-NS,616,2013,0,1,0,2014,A
8-NS,617,0,0,2047,0,2047,G
8-NS,618,0,2031,0,0,2031,T
8-NS,619,2036,0,0,0,2036,A
8-NS,620,2040,2,0,0,2042,A
8-NS,621,0,2027,0,0,2027,T
8-NS,622,0,0,2040,0,2040,G
8-NS,623,1965,0,1,0,1966,A
8-NS,624,0,4,1998,0,2002,G
8-NS,625,1987,0,2,0,1989,A
8-NS,626,1899,0,1,1,1901,A
8-NS,627,0,1892,0,0,1892,T
8-NS,628,1,2,1869,0,1872,G
8-NS,629,0,3,1871,0,1874,G
8-NS,630,0,3,1861,0,1864,G
8-NS,631,0,1,1861,0,1862,G
8-NS,632,0,2,1864,0,1866,G
8-NS,633,1830,0,2,0,1832,A
8-NS,634,2,0,0,1848,1850,C
8-NS,635,2,0,0,1866,1868,C
8-NS,636,0,1855,0,4,1859,T
8-NS,637,4,0,0,1902,1906,C
8-NS,638,1,2,0,1914,1917,C
8-NS,639,1914,1,1,0,1916,A
8-NS,640,0,194,0,1726,1920,C
8-NS,641,0,1888,0,2,1890,T
8-NS,642,0,1884,0,2,1886,T
8-NS,643,1819,0,0,0,1819,A
8-NS,644,0,0,0,1833,1833,C
8-NS,645,0,1739,0,1,1740,T
8-NS,646,4,1,0,1719,1724,C
8-NS,647,1,0,0,1690,1691,C
8-NS,648,1681,0,0,0,1681,A
8-NS,649,1680,0,1,0,1681,A
8-NS,650,1684,0,0,1,1685,A
8-NS,651,1676,0,1,0,1677,A
8-NS,652,0,0,0,1683,1683,C
8-NS,653,1651,0,0,0,1651,A
8-NS,654,1,0,1649,0,1650,G
8-NS,655,1643,0,2,0,1645,A
8-NS,656,1645,0,2,0,1647,A
8-NS,657,1648,0,0,0,1648,A
8-NS,658,1,3,0,1638,1642,C
8-NS,659,2,2,1644,0,1648,G
8-NS,660,0,0,1639,0,1639,G
8-NS,661,5,0,1637,0,1642,G
8-NS,662,1640,0,2,0,1642,A
8-NS,663,1625,0,3,0,1628,A
8-NS,664,1630,0,2,0,1632,A
8-NS,665,1,1625,0,0,1626,T
8-NS,666,0,1,1643,0,1644,G
8-NS,667,0,0,1637,0,1637,G
8-NS,668,1,1,0,1625,1627,C
8-NS,669,0,1,1644,0,1645,G
8-NS,670,1635,0,3,0,1638,A
8-NS,671,1,0,1639,0,1640,G
8-NS,672,1642,0,0,0,1642,A
8-NS,673,1640,0,3,0,1643,A
8-NS,674,0,0,0,1648,1648,C
8-NS,675,1627,0,3,0,1630,A
8-NS,676,1,1,1625,0,1627,G
8-NS,677,0,0,0,1613,1613,C
8-NS,678,0,1629,0,0,1629,T
8-NS,679,1618,0,3,0,1621,A
8-NS,680,1,1,1594,0,1596,G
8-NS,681,1,0,1600,0,1601,G
8-NS,682,0,1584,0,6,1590,T
8-NS,683,4,0,0,1571,1575,C
8-NS,684,1571,0,0,0,1571,A
8-NS,685,1568,0,1,0,1569,A
8-NS,686,1567,0,1,0,1568,A
8-NS,687,1573,0,3,0,1576,A
8-NS,688,1,0,1563,0,1564,G
8-NS,689,1,1518,0,2,1521,T
8-NS,690,0,1524,0,0,1524,T
8-NS,691,0,1524,0,0,1524,T
8-NS,692,0,1,1524,0,1525,G
8-NS,693,1520,0,3,0,1523,A
8-NS,694,1525,0,2,0,1527,A
8-NS,695,1,0,1522,0,1523,G
8-NS,696,1497,1,1,0,1499,A
8-NS,697,1,0,1502,0,1503,G
8-NS,698,1501,1,1,0,1503,A
8-NS,699,0,1505,0,0,1505,T
8-NS,700,1509,0,0,0,1509,A
8-NS,701,1496,0,1,0,1497,A
8-NS,702,0,0,1498,0,1498,G
8-NS,703,1374,0,1,0,1375,A
8-NS,704,0,1366,0,2,1368,T
8-NS,705,0,0,1381,0,1381,G
8-NS,706,0,0,1382,0,1382,G
8-NS,707,0,2,0,1374,1376,C
8-NS,708,0,1373,0,1,1374,T
8-NS,709,1384,0,1,0,1385,A
8-NS,710,1375,0,0,0,1375,A
8-NS,711,0,1379,0,1,1380,T
8-NS,712,1,1370,0,2,1373,T
8-NS,713,1,1,1375,0,1377,G
8-NS,714,1358,0,0,0,1358,A
8-NS,715,1354,0,5,0,1359,A
8-NS,716,0,2,1353,0,1355,G
8-NS,717,1360,1,2,0,1363,A
8-NS,718,1351,0,3,0,1354,A
8-NS,719,0,0,1374,0,1374,G
8-NS,720,0,1345,0,1,1346,T
8-NS,721,2,1,1350,0,1353,G
8-NS,722,1339,0,3,0,1342,A
8-NS,723,0,6,1333,0,1339,G
8-NS,724,1337,0,4,0,1341,A
8-NS,725,0,0,0,1336,1336,C
8-NS,726,1322,0,1,0,1323,A
8-NS,727,0,2,0,1326,1328,C
8-NS,728,1220,0,0,1,1221,A
8-NS,729,1,0,1246,0,1247,G
8-NS,730,1245,0,0,0,1245,A
8-NS,731,0,1235,1,1,1237,T
8-NS,732,0,1226,0,0,1226,T
8-NS,733,1225,0,0,0,1225,A
8-NS,734,1225,1,0,0,1226,A
8-NS,735,1224,0,0,0,1224,A
8-NS,736,1224,0,1,0,1225,A
8-NS,737,1222,0,0,0,1222,A
8-NS,738,0,0,0,1175,1175,C
8-NS,739,1119,0,1,0,1120,A
8-NS,740,1122,0,0,0,1122,A
8-NS,741,0,0,0,1127,1127,C
8-NS,742,1,1116,0,0,1117,T
8-NS,743,0,1,1119,0,1120,G
8-NS,744,1126,1,1,0,1128,A
8-NS,745,1128,0,0,0,1128,A
8-NS,746,1126,0,3,0,1129,A
8-NS,747,1123,0,0,0,1123,A
8-NS,748,0,1115,0,1,1116,T
8-NS,749,1095,0,3,0,1098,A
8-NS,750,0,0,1097,0,1097,G
8-NS,751,0,1,0,1097,1098,C
8-NS,752,0,1082,0,2,1084,T
8-NS,753,0,1081,0,1,1082,T
8-NS,754,1,1064,0,1,1066,T
8-NS,755,0,0,1068,0,1068,G
8-NS,756,1070,1,1,0,1072,A
8-NS,757,1070,0,1,0,1071,A
8-NS,758,1,0,0,1074,1075,C
8-NS,759,1043,0,1,0,1044,A
8-NS,760,1048,0,0,0,1048,A
8-NS,761,1048,0,0,0,1048,A
8-NS,762,0,1050,0,0,1050,T
8-NS,763,1052,0,0,0,1052,A
8-NS,764,1036,0,2,0,1038,A
8-NS,765,0,0,0,1028,1028,C
8-NS,766,1031,0,1,0,1032,A
8-NS,767,0,1013,0,0,1013,T
8-NS,768,0,986,0,1,987,T
8-NS,769,2,3,0,967,972,C
8-NS,770,963,0,1,0,964,A
8-NS,771,0,960,0,0,960,T
8-NS,772,0,0,961,0,961,G
8-NS,773,0,0,0,945,945,C
8-NS,774,943,0,0,0,943,A
8-NS,775,937,0,2,0,939,A
8-NS,776,1,0,931,0,932,G
8-NS,777,0,0,0,939,939,C
8-NS,778,925,0,0,0,925,A
8-NS,779,0,938,0,0,938,T
8-NS,780,0,940,0,0,940,T
8-NS,781,945,0,1,0,946,A
8-NS,782,0,0,0,946,946,C
8-NS,783,936,0,0,0,936,A
8-NS,784,813,0,96,0,909,A
8-NS,785,1,0,0,908,909,C
8-NS,786,0,800,0,1,801,T
8-NS,787,0,0,798,0,798,G
8-NS,788,1,1,0,783,785,C
8-NS,789,0,707,0,1,708,T
8-NS,790,0,0,709,0,709,G
8-NS,791,0,697,0,1,698,T
8-NS,792,0,701,0,0,701,T
8-NS,793,0,696,0,2,698,T
8-NS,794,0,0,691,0,691,G
8-NS,795,693,0,0,0,693,A
8-NS,796,679,0,0,0,679,A
8-NS,797,0,0,676,0,676,G
8-NS,798,0,668,0,0,668,T
8-NS,799,0,1,639,0,640,G
8-NS,800,0,0,642,0,642,G
8-NS,801,647,0,0,0,647,A
8-NS,802,640,0,1,1,642,A
8-NS,803,0,0,0,642,642,C
8-NS,804,624,0,1,0,625,A
8-NS,805,0,0,631,0,631,G
8-NS,806,0,0,622,0,622,G
8-NS,807,620,0,0,0,620,A
8-NS,808,0,0,618,0,618,G
8-NS,809,524,0,3,0,527,A
8-NS,810,0,522,0,0,522,T
8-NS,811,521,0,0,0,521,A
8-NS,812,518,0,0,0,518,A
8-NS,813,0,1,518,0,519,G
8-NS,814,462,0,1,0,463,A
8-NS,815,453,0,0,0,453,A
8-NS,816,1,1,0,447,449,C
8-NS,817,0,389,0,0,389,T
8-NS,818,0,385,0,0,385,T
8-NS,819,0,385,0,0,385,T
8-NS,820,0,0,0,388,388,C
8-NS,821,0,381,0,0,381,T
8-NS,822,1,0,0,378,379,C
8-NS,823,368,0,0,0,368,A
8-NS,824,0,366,0,1,367,T
8-NS,825,0,363,0,1,364,T
8-NS,826,0,361,0,0,361,T
8-NS,827,0,0,0,360,360,C
8-NS,828,340,0,1,0,341,A
8-NS,829,0,0,340,0,340,G
8-NS,830,0,0,0,337,337,C
8-NS,831,0,317,0,0,317,T
8-NS,832,0,314,0,0,314,T
8-NS,833,306,0,0,0,306,A
8-NS,834,0,301,1,1,303,T
8-NS,835,0,304,0,0,304,T
8-NS,836,0,301,0,0,301,T
8-NS,837,280,0,0,0,280,A
8-NS,838,273,1,0,0,274,A
8-NS,839,0,263,0,0,263,T
8-NS,840,0,0,261,0,261,G
8-NS,841,255,0,1,0,256,A
8-NS,842,0,228,0,0,228,T
8-NS,843,225,0,1,0,226,A
8-NS,844,224,0,0,0,224,A
8-NS,845,223,0,0,0,223,A
8-NS,846,223,0,0,0,223,A
8-NS,847,216,0,1,0,217,A
8-NS,848,213,0,0,0,213,A
8-NS,849,0,0,0,214,214,C
8-NS,850,180,0,0,0,180,A
8-NS,851,0,0,0,188,188,C
8-NS,852,0,0,0,181,181,C
8-NS,853,1,0,0,171,172,C
8-NS,854,0,168,0,0,168,T
8-NS,855,0,163,0,0,163,T
8-NS,856,0,0,163,0,163,G
8-NS,857,0,158,0,0,158,T
8-NS,858,0,155,0,0,155,T
8-NS,859,0,152,0,0,152,T
8-NS,860,0,0,0,64,64,C
8-NS,861,0,53,0,0,53,T
8-NS,862,43,0,0,0,43,A
8-NS,863,0,0,0,42,42,C
