Gene,Position,A,T,G,C,Coverage,Consensus
1-PB2,1,490,0,0,0,490,A
1-PB2,2,0,490,0,0,490,T
1-PB2,3,0,0,508,0,508,G
1-PB2,4,0,1,507,0,508,G
1-PB2,5,508,0,0,0,508,A
1-PB2,6,508,0,0,0,508,A
1-PB2,7,509,0,1,0,510,A
1-PB2,8,1,4,571,0,576,G
1-PB2,9,576,0,1,0,577,A
1-PB2,10,576,0,1,0,577,A
1-PB2,11,1,591,0,1,593,T
1-PB2,12,596,0,0,0,596,A
1-PB2,13,596,1,0,0,597,A
1-PB2,14,597,0,0,0,597,A
1-PB2,15,600,0,0,0,600,A
1-PB2,16,0,2,618,0,620,G
1-PB2,17,620,0,0,0,620,A
1-PB2,18,623,0,0,0,623,A
1-PB2,19,0,0,0,635,635,C
1-PB2,20,0,635,0,0,635,T
1-PB2,21,649,0,0,0,649,A
1-PB2,22,0,0,0,649,649,C
1-PB2,23,1,1,648,0,650,G
1-PB2,24,0,2,663,0,665,G
1-PB2,25,662,0,0,0,662,A
1-PB2,26,674,0,0,0,674,A
1-PB2,27,0,679,0,0,679,T
1-PB2,28,3,0,0,681,684,C
1-PB2,29,0,678,0,1,679,T
1-PB2,30,0,0,686,0,686,G
1-PB2,31,691,0,0,1,692,A
1-PB2,32,0,693,0,0,693,T
1-PB2,33,0,0,694,0,694,G
1-PB2,34,0,698,0,1,699,T
1-PB2,35,3,0,0,693,696,C
1-PB2,36,1,0,696,0,697,G
1-PB2,37,0,1,0,695,696,C
1-PB2,38,696,0,2,0,698,A
1-PB2,39,0,0,733,0,733,G
1-PB2,40,0,734,0,0,734,T
1-PB2,41,3,0,0,735,738,C
1-PB2,42,0,736,0,1,737,T
1-PB2,43,3,1,0,732,736,C
1-PB2,44,1,1,730,0,732,G
1-PB2,45,0,0,0,740,740,C
1-PB2,46,738,0,0,0,738,A
1-PB2,47,0,0,0,749,749,C
1-PB2,48,0,734,0,0,734,T
1-PB2,49,4,0,0,747,751,C
1-PB2,50,0,0,757,0,757,G
1-PB2,51,0,0,0,760,760,C
1-PB2,52,0,4,757,0,761,G
1-PB2,53,757,0,1,0,758,A
1-PB2,54,0,0,756,0,756,G
1-PB2,55,771,1,1,1,774,A
1-PB2,56,0,775,0,0,775,T
1-PB2,57,774,0,0,0,774,A
1-PB2,58,0,0,0,773,773,C
1-PB2,59,0,761,0,1,762,T
1-PB2,60,0,6,774,0,780,G
1-PB2,61,781,0,1,0,782,A
1-PB2,62,0,0,0,783,783,C
1-PB2,63,779,0,0,0,779,A
1-PB2,64,777,0,0,0,777,A
1-PB2,65,793,0,0,0,793,A
1-PB2,66,798,0,0,0,798,A
1-PB2,67,797,0,0,0,797,A
1-PB2,68,0,0,0,801,801,C
1-PB2,69,1,0,0,796,797,C
1-PB2,70,817,0,0,0,817,A
1-PB2,71,0,0,0,835,835,C
1-PB2,72,830,0,0,0,830,A
1-PB2,73,0,0,859,0,859,G
1-PB2,74,0,848,0,0,848,T
1-PB2,75,1,4,863,0,868,G
1-PB2,76,0,8,862,0,870,G
1-PB2,77,871,0,2,0,873,A
1-PB2,78,0,0,0,919,919,C
1-PB2,79,5,0,0,900,905,C
1-PB2,80,916,0,0,0,916,A
1-PB2,81,0,917,0,0,917,T
1-PB2,82,904,0,0,1,905,A
1-PB2,83,1,905,0,0,906,T
1-PB2,84,0,3,892,0,895,G
1-PB2,85,0,0,901,0,901,G
1-PB2,86,1,0,0,897,898,C
1-PB2,87,0,0,0,885,885,C
1-PB2,88,884,0,0,0,884,A
1-PB2,89,0,931,0,0,931,T
1-PB2,90,926,0,0,0,926,A
1-PB2,91,969,0,0,0,969,A
1-PB2,92,0,973,0,0,973,T
1-PB2,93,0,957,0,0,957,T
1-PB2,94,973,0,1,0,974,A
1-PB2,95,973,0,1,0,974,A
1-PB2,96,0,3,994,0,997,G
1-PB2,97,995,0,2,0,997,A
1-PB2,98,964,0,0,0,964,A
1-PB2,99,0,1,1017,0,1018,G
1-PB2,100,0,999,0,1,1000,T
1-PB2,101,1004,0,0,0,1004,A
1-PB2,102,0,0,0,1007,1007,C
1-PB2,103,1011,0,1,0,1012,A
1-PB2,104,1,0,0,1035,1036,C
1-PB2,105,1017,0,0,0,1017,A
1-PB2,106,0,1020,0,0,1020,T
1-PB2,107,2,2,0,1014,1018,C
1-PB2,108,1,10,995,0,1006,G
1-PB2,109,0,7,993,0,1000,G
1-PB2,110,0,2,997,0,999,G
1-PB2,111,0,0,1000,0,1000,G
1-PB2,112,999,0,0,0,999,A
1-PB2,113,0,3,992,0,995,G
1-PB2,114,999,0,0,0,999,A
1-PB2,115,0,0,0,1012,1012,C
1-PB2,116,1011,0,2,0,1013,A
1-PB2,117,1,0,1023,0,1024,G
1-PB2,118,0,3,1040,0,1043,G
1-PB2,119,1044,0,0,0,1044,A
1-PB2,120,1046,0,2,0,1048,A
1-PB2,121,1046,0,0,0,1046,A
1-PB2,122,1044,0,2,0,1046,A
1-PB2,123,0,3,1043,0,1046,G
1-PB2,124,1040,0,0,0,1040,A
1-PB2,125,1046,0,1,0,1047,A
1-PB2,126,0,0,0,1043,1043,C
1-PB2,127,3,0,0,1032,1035,C
1-PB2,128,2,1,0,1033,1036,C
1-PB2,129,0,0,1039,1,1040,G
1-PB2,130,0,1039,0,2,1041,T
1-PB2,131,7,0,1,1037,1045,C
1-PB2,132,1058,0,0,0,1058,A
1-PB2,133,0,0,0,1066,1066,C
1-PB2,134,0,1056,0,3,1059,T
1-PB2,135,0,1061,0,1,1062,T
1-PB2,136,1062,0,0,0,1062,A
1-PB2,137,3,2,1081,0,1086,G
1-PB2,138,0,1,1084,0,1085,G
1-PB2,139,1084,0,0,0,1084,A
1-PB2,140,0,1080,0,0,1080,T
1-PB2,141,0,2,1092,0,1094,G
1-PB2,142,1111,0,0,0,1111,A
1-PB2,143,1112,0,1,1,1114,A
1-PB2,144,1111,0,1,0,1112,A
1-PB2,145,0,1114,0,0,1114,T
1-PB2,146,1,5,1102,0,1108,G
1-PB2,147,0,1,1122,0,1123,G
1-PB2,148,1119,0,2,0,1121,A
1-PB2,149,0,1121,0,1,1122,T
1-PB2,150,0,4,1103,0,1107,G
1-PB2,151,1091,0,0,0,1091,A
1-PB2,152,1,1094,0,0,1095,T
1-PB2,153,1,2,1097,0,1100,G
1-PB2,154,2,0,1099,1,1102,G
1-PB2,155,0,3,0,1103,1106,C
1-PB2,156,1095,0,1,1,1097,A
1-PB2,157,1109,0,1,0,1110,A
1-PB2,158,0,1109,0,0,1109,T
1-PB2,159,0,3,1148,0,1151,G
1-PB2,160,1152,0,1,0,1153,A
1-PB2,161,1152,1,3,0,1156,A
1-PB2,162,1153,0,2,0,1155,A
1-PB2,163,0,1156,0,0,1156,T
1-PB2,164,1166,0,0,0,1166,A
1-PB2,165,0,0,0,1197,1197,C
1-PB2,166,1,0,0,1183,1184,C
1-PB2,167,0,0,0,1196,1196,C
1-PB2,168,1176,0,0,0,1176,A
1-PB2,169,1180,0,0,0,1180,A
1-PB2,170,0,1179,1,1,1181,T
1-PB2,171,5,1,0,1174,1180,C
1-PB2,172,1175,0,0,0,1175,A
1-PB2,173,1,0,0,1194,1195,C
1-PB2,174,0,1169,1,0,1170,T
1-PB2,175,0,0,1178,0,1178,G
1-PB2,176,0,0,0,1176,1176,C
1-PB2,177,0,1169,1,3,1173,T
1-PB2,178,1,8,1163,1,1173,G
1-PB2,179,1175,0,1,0,1176,A
1-PB2,180,0,0,0,1196,1196,C
1-PB2,181,1190,0,2,0,1192,A
1-PB2,182,1171,0,0,0,1171,A
1-PB2,183,1178,0,1,0,1179,A
1-PB2,184,1166,0,11,0,1177,A
1-PB2,185,0,4,1201,0,1205,G
1-PB2,186,1,2,1207,0,1210,G
1-PB2,187,1200,0,0,0,1200,A
1-PB2,188,0,1201,0,0,1201,T
1-PB2,189,1186,0,1,0,1187,A
1-PB2,190,1193,0,1,0,1194,A
1-PB2,191,0,0,0,1210,1210,C
1-PB2,192,1205,0,0,1,1206,A
1-PB2,193,0,1,1206,0,1207,G
1-PB2,194,1195,0,0,0,1195,A
1-PB2,195,1197,0,0,0,1197,A
1-PB2,196,1195,0,0,0,1195,A
1-PB2,197,0,1196,0,1,1197,T
1-PB2,198,1,5,1192,0,1198,G
1-PB2,199,0,0,1213,0,1213,G
1-PB2,200,0,1198,0,2,1200,T
1-PB2,201,0,1198,2,0,1200,T
1-PB2,202,3,0,1,1195,1199,C
1-PB2,203,2,5,0,1188,1195,C
1-PB2,204,0,2,1198,0,1200,G
1-PB2,205,0,4,1197,0,1201,G
1-PB2,206,1195,1,1,0,1197,A
1-PB2,207,0,3,1195,0,1198,G
1-PB2,208,1169,0,1,1,1171,A
1-PB2,209,0,5,1191,0,1196,G
1-PB2,210,1194,0,2,0,1196,A
1-PB2,211,1199,0,1,0,1200,A
1-PB2,212,1197,0,1,0,1198,A
1-PB2,213,0,1195,0,0,1195,T
1-PB2,214,0,10,1197,0,1207,G
1-PB2,215,1211,0,0,0,1211,A
1-PB2,216,1210,0,1,1,1212,A
1-PB2,217,1,0,0,1207,1208,C
1-PB2,218,1194,0,1,0,1195,A
1-PB2,219,1200,0,1,0,1201,A
1-PB2,220,0,4,1209,0,1213,G
1-PB2,221,0,2,1235,0,1237,G
1-PB2,222,1243,0,0,0,1243,A
1-PB2,223,0,0,0,1231,1231,C
1-PB2,224,1230,0,0,0,1230,A
1-PB2,225,1228,0,0,0,1228,A
1-PB2,226,1290,0,0,1,1291,A
1-PB2,227,0,0,0,1307,1307,C
1-PB2,228,0,1287,0,1,1288,T
1-PB2,229,2,0,0,1302,1304,C
1-PB2,230,0,1273,0,0,1273,T
1-PB2,231,1289,0,0,0,1289,A
1-PB2,232,0,1283,0,0,1283,T
1-PB2,233,0,2,1282,0,1284,G
1-PB2,234,0,8,1316,0,1324,G
1-PB2,235,1255,0,1,0,1256,A
1-PB2,236,0,0,1266,0,1266,G
1-PB2,237,0,1266,0,1,1267,T
1-PB2,238,1261,0,0,0,1261,A
1-PB2,239,1262,1,0,0,1263,A
1-PB2,240,1262,0,1,0,1263,A
1-PB2,241,1257,0,2,0,1259,A
1-PB2,242,0,1253,0,0,1253,T
1-PB2,243,1,8,1246,0,1255,G
1-PB2,244,1231,1,1,0,1233,A
1-PB2,245,0,0,1238,0,1238,G
1-PB2,246,0,1231,0,1,1232,T
1-PB2,247,0,2,1232,0,1234,G
1-PB2,248,1248,0,0,0,1248,A
1-PB2,249,0,1260,0,0,1260,T
1-PB2,250,1,0,1257,0,1258,G
1-PB2,251,0,3,0,1251,1254,C
1-PB2,252,0,1246,0,0,1246,T
1-PB2,253,0,2,1288,0,1290,G
1-PB2,254,1,1,1288,0,1290,G
1-PB2,255,1302,0,1,0,1303,A
1-PB2,256,0,1293,0,0,1293,T
1-PB2,257,4,0,0,1292,1296,C
1-PB2,258,1303,0,0,0,1303,A
1-PB2,259,0,0,1349,0,1349,G
1-PB2,260,1350,0,1,0,1351,A
1-PB2,261,1,1352,0,1,1354,T
1-PB2,262,1310,0,0,0,1310,A
1-PB2,263,1,5,1336,0,1342,G
1-PB2,264,1319,0,4,0,1323,A
1-PB2,265,0,0,1349,0,1349,G
1-PB2,266,0,1324,0,0,1324,T
1-PB2,267,0,0,1314,0,1314,G
1-PB2,268,1279,0,8,1,1288,A
1-PB2,269,0,1289,0,1,1290,T
1-PB2,270,1,7,1304,0,1312,G
1-PB2,271,0,1,1339,0,1340,G
1-PB2,272,0,1308,0,3,1311,T
1-PB2,273,1314,0,0,0,1314,A
1-PB2,274,0,1296,0,1,1297,T
1-PB2,275,4,1,0,1289,1294,C
1-PB2,276,1339,0,0,0,1339,A
1-PB2,277,0,0,0,1369,1369,C
1-PB2,278,0,0,0,1371,1371,C
1-PB2,279,0,1336,0,0,1336,T
1-PB2,280,0,1324,0,0,1324,T
1-PB2,281,0,1327,0,0,1327,T
1-PB2,282,0,5,1335,0,1340,G
1-PB2,283,0,0,1346,0,1346,G
1-PB2,284,1,0,0,1345,1346,C
1-PB2,285,0,1322,0,0,1322,T
1-PB2,286,1,0,1314,0,1315,G
1-PB2,287,0,1307,0,1,1308,T
1-PB2,288,0,6,1277,0,1283,G
1-PB2,289,1312,1,0,0,1313,A
1-PB2,290,0,0,0,1315,1315,C
1-PB2,291,1313,0,1,0,1314,A
1-PB2,292,0,1314,1,1,1316,T
1-PB2,293,0,2,1323,0,1325,G
1-PB2,294,0,0,1356,0,1356,G
1-PB2,295,0,1338,0,2,1340,T
1-PB2,296,0,1,1347,0,1348,G
1-PB2,297,1,2,1358,0,1361,G
1-PB2,298,1351,1,1,0,1353,A
1-PB2,299,1355,0,4,0,1359,A
1-PB2,300,0,1355,0,0,1355,T
1-PB2,301,1353,0,1,0,1354,A
1-PB2,302,0,3,1377,0,1380,G
1-PB2,303,1349,0,0,0,1349,A
1-PB2,304,1351,0,0,0,1351,A
1-PB2,305,1354,0,1,0,1355,A
1-PB2,306,0,1327,0,2,1329,T
1-PB2,307,0,4,1320,0,1324,G
1-PB2,308,0,5,1319,0,1324,G
1-PB2,309,1324,0,2,0,1326,A
1-PB2,310,0,0,0,1336,1336,C
1-PB2,311,1,0,1,1306,1308,C
1-PB2,312,4,2,0,1291,1297,C
1-PB2,313,2,0,1302,0,1304,G
1-PB2,314,0,1312,0,0,1312,T
1-PB2,315,1,9,1334,0,1344,G
1-PB2,316,1349,0,2,0,1351,A
1-PB2,317,2,0,0,1363,1365,C
1-PB2,318,1359,0,1,0,1360,A
1-PB2,319,1349,0,0,0,1349,A
1-PB2,320,1330,0,0,0,1330,A
1-PB2,321,0,1359,0,1,1360,T
1-PB2,322,1360,1,0,0,1361,A
1-PB2,323,0,8,1,1351,1360,C
1-PB2,324,0,6,1319,0,1325,G
1-PB2,325,0,0,1376,0,1376,G
1-PB2,326,0,1366,0,2,1368,T
1-PB2,327,9,0,0,1374,1383,C
1-PB2,328,5,0,0,1385,1390,C
1-PB2,329,1382,0,1,0,1383,A
1-PB2,330,0,1387,0,0,1387,T
1-PB2,331,0,1387,0,1,1388,T
1-PB2,332,1472,0,0,0,1472,A
1-PB2,333,1,10,0,1459,1470,C
1-PB2,334,4,0,0,1428,1432,C
1-PB2,335,3,1,0,1424,1428,C
1-PB2,336,1409,0,0,0,1409,A
1-PB2,337,1422,0,1,0,1423,A
1-PB2,338,1422,0,0,0,1422,A
1-PB2,339,1411,0,1,1,1413,A
1-PB2,340,1,0,1420,0,1421,G
1-PB2,341,1,1331,0,1,1333,T
1-PB2,342,0,0,1348,0,1348,G
1-PB2,343,0,1345,0,1,1346,T
1-PB2,344,1349,0,0,0,1349,A
1-PB2,345,0,0,0,1345,1345,C
1-PB2,346,1341,0,0,0,1341,A
1-PB2,347,1342,0,1,0,1343,A
1-PB2,348,1299,0,1,0,1300,A
1-PB2,349,1323,0,1,0,1324,A
1-PB2,350,0,0,0,1326,1326,C
1-PB2,351,0,1319,0,2,1321,T
1-PB2,352,0,1332,0,0,1332,T
1-PB2,353,1327,0,0,0,1327,A
1-PB2,354,0,1326,0,1,1327,T
1-PB2,355,1,1325,0,0,1326,T
1-PB2,356,1,1321,0,0,1322,T
1-PB2,357,5,0,0,1318,1323,C
1-PB2,358,0,7,1315,0,1322,G
1-PB2,359,1318,0,0,0,1318,A
1-PB2,360,0,0,0,1324,1324,C
1-PB2,361,1317,0,0,0,1317,A
1-PB2,362,1319,0,0,0,1319,A
1-PB2,363,1313,0,2,0,1315,A
1-PB2,364,0,0,1340,0,1340,G
1-PB2,365,0,1333,1,0,1334,T
1-PB2,366,9,2,0,1328,1339,C
1-PB2,367,0,2,1339,0,1341,G
1-PB2,368,1337,0,2,0,1339,A
1-PB2,369,1333,0,1,0,1334,A
1-PB2,370,1336,0,3,0,1339,A
1-PB2,371,0,2,1349,0,1351,G
1-PB2,372,0,0,1357,0,1357,G
1-PB2,373,0,1348,0,0,1348,T
1-PB2,374,0,1334,1,1,1336,T
1-PB2,375,0,1,1331,0,1332,G
1-PB2,376,1340,0,2,0,1342,A
1-PB2,377,1345,0,1,0,1346,A
1-PB2,378,1356,0,1,0,1357,A
1-PB2,379,0,0,0,1374,1374,C
1-PB2,380,1352,0,0,0,1352,A
1-PB2,381,0,1341,0,0,1341,T
1-PB2,382,0,3,1330,0,1333,G
1-PB2,383,0,5,1327,1,1333,G
1-PB2,384,1331,0,0,0,1331,A
1-PB2,385,1341,0,2,1,1344,A
1-PB2,386,0,0,0,1382,1382,C
1-PB2,387,4,1,0,1401,1406,C
1-PB2,388,0,1378,0,2,1380,T
1-PB2,389,0,1374,0,1,1375,T
1-PB2,390,0,1377,0,1,1378,T
1-PB2,391,0,3,1368,0,1371,G
1-PB2,392,0,0,1374,0,1374,G
1-PB2,393,0,0,0,1379,1379,C
1-PB2,394,2,0,0,1366,1368,C
1-PB2,395,5,0,0,1350,1355,C
1-PB2,396,0,1291,0,3,1294,T
1-PB2,397,0,0,1322,0,1322,G
1-PB2,398,0,1320,0,1,1321,T
1-PB2,399,1,1321,0,1,1323,T
1-PB2,400,8,0,0,1320,1328,C
1-PB2,401,1312,0,0,0,1312,A
1-PB2,402,0,1320,0,0,1320,T
1-PB2,403,0,1316,0,0,1316,T
1-PB2,404,0,1319,0,0,1319,T
1-PB2,405,0,1319,0,0,1319,T
1-PB2,406,1299,0,0,0,1299,A
1-PB2,407,1,3,1292,0,1296,G
1-PB2,408,1294,0,0,0,1294,A
1-PB2,409,1296,0,1,0,1297,A
1-PB2,410,1303,0,0,0,1303,A
1-PB2,411,1,1293,0,0,1294,T
1-PB2,412,10,0,0,1286,1296,C
1-PB2,413,1293,0,0,0,1293,A
1-PB2,414,1305,0,1,0,1306,A
1-PB2,415,0,0,1316,0,1316,G
1-PB2,416,0,1303,0,4,1307,T
1-PB2,417,8,1,0,1301,1310,C
1-PB2,418,1310,0,0,0,1310,A
1-PB2,419,1307,0,4,0,1311,A
1-PB2,420,0,5,1309,0,1314,G
1-PB2,421,1316,0,1,0,1317,A
1-PB2,422,0,1321,0,0,1321,T
1-PB2,423,1323,0,0,0,1323,A
1-PB2,424,0,1,0,1316,1317,C
1-PB2,425,1,0,1316,0,1317,G
1-PB2,426,0,0,0,1326,1326,C
1-PB2,427,1316,0,0,0,1316,A
1-PB2,428,0,0,1324,0,1324,G
1-PB2,429,1328,0,1,0,1329,A
1-PB2,430,1335,0,0,0,1335,A
1-PB2,431,0,5,1362,0,1367,G
1-PB2,432,1325,0,7,0,1332,A
1-PB2,433,0,0,1342,0,1342,G
1-PB2,434,0,1336,0,1,1337,T
1-PB2,435,1321,0,0,0,1321,A
1-PB2,436,1,4,1346,0,1351,G
1-PB2,437,1354,0,1,0,1355,A
1-PB2,438,0,0,0,1418,1418,C
1-PB2,439,1397,0,0,0,1397,A
1-PB2,440,0,1369,0,0,1369,T
1-PB2,441,1362,0,1,0,1363,A
1-PB2,442,1361,0,0,0,1361,A
1-PB2,443,1378,0,0,0,1378,A
1-PB2,444,0,0,0,1382,1382,C
1-PB2,445,0,3,0,1355,1358,C
1-PB2,446,2,1,0,1350,1353,C
1-PB2,447,0,1267,0,0,1267,T
1-PB2,448,1,2,1279,0,1282,G
1-PB2,449,0,0,1308,0,1308,G
1-PB2,450,0,1311,0,1,1312,T
1-PB2,451,10,0,0,1293,1303,C
1-PB2,452,1321,0,0,0,1321,A
1-PB2,453,1,1315,0,2,1318,T
1-PB2,454,2,0,1326,0,1328,G
1-PB2,455,1,1,0,1323,1325,C
1-PB2,456,1325,0,1,0,1326,A
1-PB2,457,0,3,1324,0,1327,G
1-PB2,458,1291,0,1,0,1292,A
1-PB2,459,0,0,0,1321,1321,C
1-PB2,460,3,0,0,1315,1318,C
1-PB2,461,0,1294,0,3,1297,T
1-PB2,462,3,0,0,1296,1299,C
1-PB2,463,1282,0,0,0,1282,A
1-PB2,464,0,0,1319,0,1319,G
1-PB2,465,0,1315,1,0,1316,T
1-PB2,466,1,1,1313,0,1315,G
1-PB2,467,1,0,0,1309,1310,C
1-PB2,468,10,1,0,1285,1296,C
1-PB2,469,1299,0,0,0,1299,A
1-PB2,470,1297,0,0,0,1297,A
1-PB2,471,1293,0,1,0,1294,A
1-PB2,472,2,0,1294,0,1296,G
1-PB2,473,1251,0,12,0,1263,A
1-PB2,474,0,3,1269,0,1272,G
1-PB2,475,0,1,1266,0,1267,G
1-PB2,476,2,0,0,1267,1269,C
1-PB2,477,1271,0,2,1,1274,A
1-PB2,478,0,0,0,1272,1272,C
1-PB2,479,1274,0,0,0,1274,A
1-PB2,480,1304,0,1,0,1305,A
1-PB2,481,0,0,1317,0,1317,G
1-PB2,482,1342,1,1,0,1344,A
1-PB2,483,0,1327,0,0,1327,T
1-PB2,484,0,0,1329,0,1329,G
1-PB2,485,0,1328,0,0,1328,T
1-PB2,486,1328,0,0,0,1328,A
1-PB2,487,1331,0,0,0,1331,A
1-PB2,488,0,1333,0,0,1333,T
1-PB2,489,0,1274,0,0,1274,T
1-PB2,490,1257,1,0,0,1258,A
1-PB2,491,0,1216,0,0,1216,T
1-PB2,492,0,0,1217,0,1217,G
1-PB2,493,0,3,1215,0,1218,G
1-PB2,494,1212,0,0,0,1212,A
1-PB2,495,1205,0,0,0,1205,A
1-PB2,496,0,0,1206,1,1207,G
1-PB2,497,0,1202,0,2,1204,T
1-PB2,498,0,1196,0,0,1196,T
1-PB2,499,0,0,1208,0,1208,G
1-PB2,500,0,1198,0,3,1201,T
1-PB2,501,0,1203,0,0,1203,T
1-PB2,502,1,1203,1,0,1205,T
1-PB2,503,1,1199,0,0,1200,T
1-PB2,504,0,1212,0,1,1213,T
1-PB2,505,3,0,0,1214,1217,C
1-PB2,506,2,1,0,1216,1219,C
1-PB2,507,2,0,0,1216,1218,C
1-PB2,508,1216,0,0,0,1216,A
1-PB2,509,1221,0,0,0,1221,A
1-PB2,510,0,1217,0,0,1217,T
1-PB2,511,0,5,1217,0,1222,G
1-PB2,512,1216,0,0,0,1216,A
1-PB2,513,1216,0,0,0,1216,A
1-PB2,514,0,0,1222,0,1222,G
1-PB2,515,0,1211,0,0,1211,T
1-PB2,516,0,2,1211,0,1213,G
1-PB2,517,0,3,1206,0,1209,G
1-PB2,518,0,2,1201,0,1203,G
1-PB2,519,1220,0,1,0,1221,A
1-PB2,520,0,0,1229,0,1229,G
1-PB2,521,0,0,0,1218,1218,C
1-PB2,522,1,0,0,1224,1225,C
1-PB2,523,1215,1,3,0,1219,A
1-PB2,524,0,0,1256,0,1256,G
1-PB2,525,0,0,1266,0,1266,G
1-PB2,526,1272,0,1,0,1273,A
1-PB2,527,0,1271,0,1,1272,T
1-PB2,528,1268,0,0,0,1268,A
1-PB2,529,0,0,0,1260,1260,C
1-PB2,530,0,1250,0,1,1251,T
1-PB2,531,1255,0,1,0,1256,A
1-PB2,532,1253,0,1,0,1254,A
1-PB2,533,0,1,0,1262,1263,C
1-PB2,534,1230,0,0,0,1230,A
1-PB2,535,0,1220,0,2,1222,T
1-PB2,536,2,0,0,1218,1220,C
1-PB2,537,1194,0,0,0,1194,A
1-PB2,538,0,1,1209,0,1210,G
1-PB2,539,1209,0,0,0,1209,A
1-PB2,540,1206,0,0,0,1206,A
1-PB2,541,0,1206,0,0,1206,T
1-PB2,542,3,0,0,1182,1185,C
1-PB2,543,1185,0,2,0,1187,A
1-PB2,544,0,0,0,1219,1219,C
1-PB2,545,1222,0,1,0,1223,A
1-PB2,546,1235,0,0,0,1235,A
1-PB2,547,0,1212,0,0,1212,T
1-PB2,548,0,1210,0,0,1210,T
1-PB2,549,1222,0,0,0,1222,A
1-PB2,550,1226,0,2,0,1228,A
1-PB2,551,0,0,0,1232,1232,C
1-PB2,552,1226,0,0,0,1226,A
1-PB2,553,1208,0,0,0,1208,A
1-PB2,554,0,1223,0,4,1227,T
1-PB2,555,1223,0,0,0,1223,A
1-PB2,556,1227,0,1,0,1228,A
1-PB2,557,0,1,0,1229,1230,C
1-PB2,558,0,1219,0,0,1219,T
1-PB2,559,1219,0,0,0,1219,A
1-PB2,560,1211,1,1,0,1213,A
1-PB2,561,1217,0,1,0,1218,A
1-PB2,562,0,2,1221,0,1223,G
1-PB2,563,1195,0,1,0,1196,A
1-PB2,564,0,4,1204,0,1208,G
1-PB2,565,1195,0,0,0,1195,A
1-PB2,566,1197,0,0,0,1197,A
1-PB2,567,1196,0,2,0,1198,A
1-PB2,568,1203,0,1,0,1204,A
1-PB2,569,1209,0,0,0,1209,A
1-PB2,570,1205,0,2,0,1207,A
1-PB2,571,3,3,1210,0,1216,G
1-PB2,572,1210,0,0,0,1210,A
1-PB2,573,1200,0,2,0,1202,A
1-PB2,574,0,6,1199,0,1205,G
1-PB2,575,1204,0,1,0,1205,A
1-PB2,576,1202,0,1,0,1203,A
1-PB2,577,0,0,0,1216,1216,C
1-PB2,578,0,1198,0,3,1201,T
1-PB2,579,5,0,0,1207,1212,C
1-PB2,580,4,0,0,1208,1212,C
1-PB2,581,1,5,1209,0,1215,G
1-PB2,582,1211,0,0,0,1211,A
1-PB2,583,0,2,1213,0,1215,G
1-PB2,584,1203,0,0,0,1203,A
1-PB2,585,0,1199,0,0,1199,T
1-PB2,586,0,1185,0,0,1185,T
1-PB2,587,0,1,1185,0,1186,G
1-PB2,588,1,0,0,1182,1183,C
1-PB2,589,1186,0,1,0,1187,A
1-PB2,590,1186,0,0,0,1186,A
1-PB2,591,1181,0,1,0,1182,A
1-PB2,592,1190,0,0,0,1190,A
1-PB2,593,0,1187,2,0,1189,T
1-PB2,594,0,1177,0,0,1177,T
1-PB2,595,0,1175,0,3,1178,T
1-PB2,596,3,1,1,1173,1178,C
1-PB2,597,0,1169,0,0,1169,T
1-PB2,598,3,1,0,1747,1751,C
1-PB2,599,3,0,0,1780,1783,C
1-PB2,600,1,0,0,2452,2453,C
1-PB2,601,0,2455,0,2,2457,T
1-PB2,602,0,2588,0,2,2590,T
1-PB2,603,1,3,2612,0,2616,G
1-PB2,604,2632,0,1,0,2633,A
1-PB2,605,0,2794,0,0,2794,T
1-PB2,606,1,11,2949,0,2961,G
1-PB2,607,0,0,4069,0,4069,G
1-PB2,608,0,4208,0,1,4209,T
1-PB2,609,0,4233,1,4,4238,T
1-PB2,610,4,1,5056,1,5062,G
1-PB2,611,2,3,0,5129,5134,C
1-PB2,612,5320,1,4,0,5325,A
1-PB2,613,0,5332,0,5,5337,T
1-PB2,614,5419,1,1,24,5445,A
1-PB2,615,0,1,0,5937,5938,C
1-PB2,616,7512,2,4,9,7527,A
1-PB2,617,0,7847,1,5,7853,T
1-PB2,618,1,1,8575,0,8577,G
1-PB2,619,0,8580,0,5,8585,T
1-PB2,620,0,8590,0,2,8592,T
1-PB2,621,8636,0,5,0,8641,A
1-PB2,622,0,20,8662,0,8682,G
1-PB2,623,8904,1,5,1,8911,A
1-PB2,624,1,25,9115,0,9141,G
1-PB2,625,9056,0,4,1,9061,A
1-PB2,626,0,21,9124,0,9145,G
1-PB2,627,9055,0,49,0,9104,A
1-PB2,628,1,38,9182,0,9221,G
1-PB2,629,9262,0,7,0,9269,A
1-PB2,630,9287,1,9,0,9297,A
1-PB2,631,3,1,0,9397,9401,C
1-PB2,632,0,9393,0,0,9393,T
1-PB2,633,1,9390,0,6,9397,T
1-PB2,634,3,1,9410,0,9414,G
1-PB2,635,1,9404,0,9,9414,T
1-PB2,636,9429,1,7,0,9437,A
1-PB2,637,0,10,0,9413,9423,C
1-PB2,638,2,30,9370,0,9402,G
1-PB2,639,9418,0,2,0,9420,A
1-PB2,640,9420,0,2,0,9422,A
1-PB2,641,9596,1,3,0,9600,A
1-PB2,642,9620,0,1,1,9622,A
1-PB2,643,9610,1,10,1,9622,A
1-PB2,644,1,2,0,9663,9666,C
1-PB2,645,9667,0,2,0,9669,A
1-PB2,646,9688,1,9,0,9698,A
1-PB2,647,2,19,9749,0,9770,G
1-PB2,648,9802,1,6,0,9809,A
1-PB2,649,0,9820,0,1,9821,T
1-PB2,650,0,9793,0,2,9795,T
1-PB2,651,1,9800,0,2,9803,T
1-PB2,652,20,1,0,9836,9857,C
1-PB2,653,1,9846,0,8,9855,T
1-PB2,654,27,0,0,9845,9872,C
1-PB2,655,13,4,1,9843,9861,C
1-PB2,656,17,1,1,9851,9870,C
1-PB2,657,9874,0,1,0,9875,A
1-PB2,658,2,2,10033,0,10037,G
1-PB2,659,1,10013,2,6,10022,T
1-PB2,660,0,10010,1,1,10012,T
1-PB2,661,0,9995,1,1,9997,T
1-PB2,662,12,2,0,10010,10024,C
1-PB2,663,0,10021,0,2,10023,T
1-PB2,664,2,12,10028,1,10043,G
1-PB2,665,3,1,10027,0,10031,G
1-PB2,666,0,6,2,10017,10025,C
1-PB2,667,7,13,9971,0,9991,G
1-PB2,668,2,34,10148,1,10185,G
1-PB2,669,10237,1,2,1,10241,A
1-PB2,670,10249,1,7,0,10257,A
1-PB2,671,1,3,0,10297,10301,C
1-PB2,672,10371,0,2,2,10375,A
1-PB2,673,10363,1,13,21,10398,A
1-PB2,674,0,0,11053,0,11053,G
1-PB2,675,4,9,1,11277,11291,C
1-PB2,676,11355,1,9,0,11365,A
1-PB2,677,3,1,15065,0,15069,G
1-PB2,678,1,15045,1,2,15049,T
1-PB2,679,15142,0,6,0,15148,A
1-PB2,680,1,15165,0,6,15172,T
1-PB2,681,15232,1,4,0,15237,A
1-PB2,682,0,15230,1,4,15235,T
1-PB2,683,15047,1,4,0,15052,A
1-PB2,684,1,2,0,15310,15313,C
1-PB2,685,14609,0,2,0,14611,A
1-PB2,686,1,13891,0,3,13895,T
1-PB2,687,1,13386,0,8,13395,T
1-PB2,688,1,23,13367,0,13391,G
1-PB2,689,13384,1,5,0,13390,A
1-PB2,690,13349,0,7,3,13359,A
1-PB2,691,4,1,13620,0,13625,G
1-PB2,692,0,13560,1,2,13563,T
1-PB2,693,0,13462,1,0,13463,T
1-PB2,694,1,13470,3,5,13479,T
1-PB2,695,1,13485,0,3,13489,T
1-PB2,696,13686,1,5,1,13693,A
1-PB2,697,3,5,0,13786,13794,C
1-PB2,698,13807,2,4,2,13815,A
1-PB2,699,1,13795,0,7,13803,T
1-PB2,700,1,13705,0,1,13707,T
1-PB2,701,0,13715,1,1,13717,T
1-PB2,702,2,75,13818,0,13895,G
1-PB2,703,13949,0,8,0,13957,A
1-PB2,704,0,2,0,14059,14061,C
1-PB2,705,1,13963,0,11,13975,T
1-PB2,706,31,0,0,13947,13978,C
1-PB2,707,13901,3,12,2,13918,A
1-PB2,708,1,27,13792,1,13821,G
1-PB2,709,4,29,14171,1,14205,G
1-PB2,710,6,44,14192,0,14242,G
1-PB2,711,14255,0,16,2,14273,A
1-PB2,712,14255,1,20,2,14278,A
1-PB2,713,3,3,0,14294,14300,C
1-PB2,714,4,1,14450,0,14455,G
1-PB2,715,1,14427,0,3,14431,T
1-PB2,716,6,1,14556,1,14564,G
1-PB2,717,0,14440,1,4,14445,T
1-PB2,718,0,14425,0,2,14427,T
1-PB2,719,5,23,14445,0,14473,G
1-PB2,720,0,15,14429,0,14444,G
1-PB2,721,4,43,14588,1,14636,G
1-PB2,722,14539,2,6,0,14547,A
1-PB2,723,14478,2,13,0,14493,A
1-PB2,724,4,2,0,15007,15013,C
1-PB2,725,14925,2,3,0,14930,A
1-PB2,726,15452,0,3,1,15456,A
1-PB2,727,15518,1,4,0,15523,A
1-PB2,728,1,15625,0,4,15630,T
1-PB2,729,6,2,15896,0,15904,G
1-PB2,730,2,15765,0,7,15774,T
1-PB2,731,15774,2,7,1,15784,A
1-PB2,732,0,3,0,15857,15860,C
1-PB2,733,15461,1,11,0,15473,A
1-PB2,734,0,1,0,15470,15471,C
1-PB2,735,0,14973,0,15,14988,T
1-PB2,736,22,3,1,16413,16439,C
1-PB2,737,17,1,2,16423,16443,C
1-PB2,738,16737,2,4,0,16743,A
1-PB2,739,0,19,16871,0,16890,G
1-PB2,740,1,4,17314,1,17320,G
1-PB2,741,2,17200,1,5,17208,T
1-PB2,742,4,28,17239,0,17271,G
1-PB2,743,1,29,16782,0,16812,G
1-PB2,744,16539,5,29,0,16573,A
1-PB2,745,2,19,16783,0,16804,G
1-PB2,746,0,50,16767,0,16817,G
1-PB2,747,16530,1,22,1,16554,A
1-PB2,748,2,0,16760,0,16762,G
1-PB2,749,1,16373,2,11,16387,T
1-PB2,750,7,27,16486,1,16521,G
1-PB2,751,16509,1,23,3,16536,A
1-PB2,752,3,33,16593,1,16630,G
1-PB2,753,6,38,16728,1,16773,G
1-PB2,754,16614,2,15,0,16631,A
1-PB2,755,16631,1,9,0,16641,A
1-PB2,756,0,16715,0,4,16719,T
1-PB2,757,2,45,16608,2,16657,G
1-PB2,758,16658,0,13,0,16671,A
1-PB2,759,2,9,0,16621,16632,C
1-PB2,760,5,23,16601,0,16629,G
1-PB2,761,16828,2,5,0,16835,A
1-PB2,762,3,16728,1,1,16733,T
1-PB2,763,5,0,16833,1,16839,G
1-PB2,764,0,16807,1,8,16816,T
1-PB2,765,0,16683,0,6,16689,T
1-PB2,766,10,92,16733,1,16836,G
1-PB2,767,16834,2,23,1,16860,A
1-PB2,768,1,2,1,16856,16860,C
1-PB2,769,33,1,1,16817,16852,C
1-PB2,770,16637,2,3,0,16642,A
1-PB2,771,16642,0,5,0,16647,A
1-PB2,772,16720,0,16,0,16736,A
1-PB2,773,68,3,17194,0,17265,G
1-PB2,774,3,6,0,17295,17304,C
1-PB2,775,29,1,0,17204,17234,C
1-PB2,776,1,17332,0,3,17336,T
1-PB2,777,17376,0,3,0,17379,A
1-PB2,778,17378,2,3,1,17384,A
1-PB2,779,1,17448,1,2,17452,T
1-PB2,780,1,17410,0,2,17413,T
1-PB2,781,17177,0,2,1,17180,A
1-PB2,782,0,16788,0,5,16793,T
1-PB2,783,2,16684,0,5,16691,T
1-PB2,784,7,7,16584,1,16599,G
1-PB2,785,6,9,0,16534,16549,C
1-PB2,786,5,25,16517,1,16548,G
1-PB2,787,1,1,16860,1,16863,G
1-PB2,788,5,5,1,16814,16825,C
1-PB2,789,16,6,0,16911,16933,C
1-PB2,790,16909,0,4,0,16913,A
1-PB2,791,2,16,17200,0,17218,G
1-PB2,792,43,60,17306,1,17410,G
1-PB2,793,17364,4,12,1,17381,A
1-PB2,794,17480,1,21,1,17503,A
1-PB2,795,0,2,1,17602,17605,C
1-PB2,796,17343,1,12,1,17357,A
1-PB2,797,2,17648,0,1,17651,T
1-PB2,798,17930,1,18,0,17949,A
1-PB2,799,4,1,18194,2,18201,G
1-PB2,800,2,17892,1,5,17900,T
1-PB2,801,17789,0,6,0,17795,A
1-PB2,802,17740,1,10,0,17751,A
1-PB2,803,1,18,17803,0,17822,G
1-PB2,804,17693,0,24,2,17719,A
1-PB2,805,17507,2,11,0,17520,A
1-PB2,806,3,26,17438,0,17467,G
1-PB2,807,16951,1,23,2,16977,A
1-PB2,808,2,2,17017,1,17022,G
1-PB2,809,3,3,0,17019,17025,C
1-PB2,810,35,9,1,16934,16979,C
1-PB2,811,21,5,16992,0,17018,G
1-PB2,812,1,8,0,17127,17136,C
1-PB2,813,17206,2,14,0,17222,A
1-PB2,814,3,4,18723,0,18730,G
1-PB2,815,3,18657,1,5,18666,T
1-PB2,816,18760,1,7,0,18768,A
1-PB2,817,0,18650,2,5,18657,T
1-PB2,818,32,8,0,18792,18832,C
1-PB2,819,18815,1,18,1,18835,A
1-PB2,820,5,3,18846,0,18854,G
1-PB2,821,2,3,0,18852,18857,C
1-PB2,822,18263,3,3,0,18269,A
1-PB2,823,2,30,17984,0,18016,G
1-PB2,824,18109,1,10,2,18122,A
1-PB2,825,2,18087,0,6,18095,T
1-PB2,826,26,1,1,18178,18206,C
1-PB2,827,38,6,0,18184,18228,C
1-PB2,828,18259,2,7,1,18269,A
1-PB2,829,1,1,0,18342,18344,C
1-PB2,830,2,18300,0,8,18310,T
1-PB2,831,18363,2,9,1,18375,A
1-PB2,832,2,2,18304,0,18308,G
1-PB2,833,3,7,0,18168,18178,C
1-PB2,834,18155,0,4,0,18159,A
1-PB2,835,1,18228,0,6,18235,T
1-PB2,836,12,1,0,18196,18209,C
1-PB2,837,1,18143,1,6,18151,T
1-PB2,838,2,18153,1,3,18159,T
1-PB2,839,2,18201,3,2,18208,T
1-PB2,840,18153,0,1,0,18154,A
1-PB2,841,0,18162,0,1,18163,T
1-PB2,842,2,18074,1,4,18081,T
1-PB2,843,5,20,18069,1,18095,G
1-PB2,844,4,24,17936,0,17964,G
1-PB2,845,17906,2,6,0,17914,A
1-PB2,846,17771,0,10,0,17781,A
1-PB2,847,18108,3,5,0,18116,A
1-PB2,848,0,18138,1,2,18141,T
1-PB2,849,1,1,18483,1,18486,G
1-PB2,850,7,18425,1,9,18442,T
1-PB2,851,7,5,18447,0,18459,G
1-PB2,852,3,13,2,18472,18490,C
1-PB2,853,32,10,0,18375,18417,C
1-PB2,854,18418,0,19,0,18437,A
1-PB2,855,3,5,0,18448,18456,C
1-PB2,856,18241,2,14,0,18257,A
1-PB2,857,3,1,18644,3,18651,G
1-PB2,858,4,6,0,18288,18298,C
1-PB2,859,18307,2,30,0,18339,A
1-PB2,860,2,14,0,18297,18313,C
1-PB2,861,18258,26,47,1,18332,A
1-PB2,862,5,1,1,18506,18513,C
1-PB2,863,18468,0,0,2,18470,A
1-PB2,864,18476,2,3,1,18482,A
1-PB2,865,18430,0,3,1,18434,A
1-PB2,866,4,17991,1,2,17998,T
1-PB2,867,0,17951,1,2,17954,T
1-PB2,868,6,38,17865,1,17910,G
1-PB2,869,0,4,17825,0,17829,G
1-PB2,870,88,13,0,17692,17793,C
1-PB2,871,4,35,17610,1,17650,G
1-PB2,872,4,15,17763,2,17784,G
1-PB2,873,5,47,17664,2,17718,G
1-PB2,874,17667,1,14,1,17683,A
1-PB2,875,0,7,0,17693,17700,C
1-PB2,876,17764,0,8,0,17772,A
1-PB2,877,17770,0,4,0,17774,A
1-PB2,878,17182,0,16,0,17198,A
1-PB2,879,17202,0,10,0,17212,A
1-PB2,880,17576,2,5,1,17584,A
1-PB2,881,1,17554,1,0,17556,T
1-PB2,882,2,33,17555,0,17590,G
1-PB2,883,140,3,17516,0,17659,G
1-PB2,884,2,17519,0,16,17537,T
1-PB2,885,8,41,17568,1,17618,G
1-PB2,886,0,27,17627,0,17654,G
1-PB2,887,17563,3,20,1,17587,A
1-PB2,888,2,5,0,17568,17575,C
1-PB2,889,17505,3,3,1,17512,A
1-PB2,890,0,20436,0,5,20441,T
1-PB2,891,1,20405,0,3,20409,T
1-PB2,892,36,6,0,20458,20500,C
1-PB2,893,2,20465,0,7,20474,T
1-PB2,894,0,20452,1,2,20455,T
1-PB2,895,20473,2,3,1,20479,A
1-PB2,896,2,34,20555,1,20592,G
1-PB2,897,20555,3,24,0,20582,A
1-PB2,898,3,5,0,20548,20556,C
1-PB2,899,17497,0,15,0,17512,A
1-PB2,900,0,28,17752,1,17781,G
1-PB2,901,17643,2,16,0,17661,A
1-PB2,902,17708,1,5,0,17714,A
1-PB2,903,3,1,0,17631,17635,C
1-PB2,904,30,2,0,17616,17648,C
1-PB2,905,35,9,0,17607,17651,C
1-PB2,906,0,77,17562,0,17639,G
1-PB2,907,17604,1,17,1,17623,A
1-PB2,908,5,1,1,17699,17706,C
1-PB2,909,2,17454,0,6,17462,T
1-PB2,910,2,23,17553,0,17578,G
1-PB2,911,17461,2,24,0,17487,A
1-PB2,912,17618,2,18,0,17638,A
1-PB2,913,2,47,17644,1,17694,G
1-PB2,914,17640,0,2,0,17642,A
1-PB2,915,17640,2,7,0,17649,A
1-PB2,916,4,5,0,17587,17596,C
1-PB2,917,17495,1,8,0,17504,A
1-PB2,918,17615,0,29,0,17644,A
1-PB2,919,3,2,17802,0,17807,G
1-PB2,920,2,14,0,17912,17928,C
1-PB2,921,3,17779,0,2,17784,T
1-PB2,922,9,4,18133,0,18146,G
1-PB2,923,2,18025,2,5,18034,T
1-PB2,924,10,19,18423,0,18452,G
1-PB2,925,2,15,19220,0,19237,G
1-PB2,926,19196,1,20,1,19218,A
1-PB2,927,3,19187,1,1,19192,T
1-PB2,928,18958,2,3,1,18964,A
1-PB2,929,0,18747,0,7,18754,T
1-PB2,930,19360,1,74,1,19436,A
1-PB2,931,2,19077,1,13,19093,T
1-PB2,932,9,3,19031,0,19043,G
1-PB2,933,4,4,0,18800,18808,C
1-PB2,934,17957,1,11,0,17969,A
1-PB2,935,17987,0,11,0,17998,A
1-PB2,936,1,18,17940,0,17959,G
1-PB2,937,3,1,18055,1,18060,G
1-PB2,938,6,3,0,18069,18078,C
1-PB2,939,2,17574,2,24,17602,T
1-PB2,940,4,5,17733,1,17743,G
1-PB2,941,6,4,0,17765,17775,C
1-PB2,942,17796,2,4,0,17802,A
1-PB2,943,17856,0,8,0,17864,A
1-PB2,944,0,17738,0,3,17741,T
1-PB2,945,7,41,17858,1,17907,G
1-PB2,946,5,33,17721,2,17761,G
1-PB2,947,3,20,17783,0,17806,G
1-PB2,948,17671,5,18,1,17695,A
1-PB2,949,0,17709,0,3,17712,T
1-PB2,950,1,17612,2,5,17620,T
1-PB2,951,3,45,17605,1,17654,G
1-PB2,952,17567,6,18,0,17591,A
1-PB2,953,4,36,17770,0,17810,G
1-PB2,954,17670,1,15,0,17686,A
1-PB2,955,17493,2,4,0,17499,A
1-PB2,956,4,17265,0,7,17276,T
1-PB2,957,52,3,1,17312,17368,C
1-PB2,958,17337,0,23,0,17360,A
1-PB2,959,2,4,17474,0,17480,G
1-PB2,960,4,1,0,17420,17425,C
1-PB2,961,5,17269,1,37,17312,T
1-PB2,962,59,1,2,17223,17285,C
1-PB2,963,17249,1,7,0,17257,A
1-PB2,964,2,17654,1,7,17664,T
1-PB2,965,22,1,0,17762,17785,C
1-PB2,966,26,2,0,17891,17919,C
1-PB2,967,2,17767,1,27,17797,T
1-PB2,968,3,17639,1,29,17672,T
1-PB2,969,22,8,2,17658,17690,C
1-PB2,970,17666,1,14,0,17681,A
1-PB2,971,1,2,17981,0,17984,G
1-PB2,972,5,2,0,17942,17949,C
1-PB2,973,1,17591,1,20,17613,T
1-PB2,974,1,17637,1,3,17642,T
1-PB2,975,3,17538,0,2,17543,T
1-PB2,976,4,19,17561,0,17584,G
1-PB2,977,2,1,17603,0,17606,G
1-PB2,978,4,17442,1,11,17458,T
1-PB2,979,7,43,17646,1,17697,G
1-PB2,980,1,25,17591,0,17617,G
1-PB2,981,5,4,17751,0,17760,G
1-PB2,982,1,17606,7,5,17619,T
1-PB2,983,2,17645,3,10,17660,T
1-PB2,984,0,17689,1,5,17695,T
1-PB2,985,17755,1,10,1,17767,A
1-PB2,986,1,5,1,17840,17847,C
1-PB2,987,17863,0,3,0,17866,A
1-PB2,988,4,17792,1,3,17800,T
1-PB2,989,3,17434,1,4,17442,T
1-PB2,990,1,17427,0,1,17429,T
1-PB2,991,17425,2,4,0,17431,A
1-PB2,992,17419,2,5,0,17426,A
1-PB2,993,17433,1,6,0,17440,A
1-PB2,994,17344,1,22,1,17368,A
1-PB2,995,1,31,17503,0,17535,G
1-PB2,996,17449,1,10,0,17460,A
1-PB2,997,17459,2,8,2,17471,A
1-PB2,998,3,4,0,17523,17530,C
1-PB2,999,17448,3,7,1,17459,A
1-PB2,1000,17465,0,12,1,17478,A
1-PB2,1001,5,3,17481,0,17489,G
1-PB2,1002,4,12,4,17534,17554,C
1-PB2,1003,12,28,17469,1,17510,G
1-PB2,1004,80,20,17457,1,17558,G
1-PB2,1005,4,2,17571,0,17577,G
1-PB2,1006,2,17414,0,28,17444,T
1-PB2,1007,78,2,0,17393,17473,C
1-PB2,1008,17534,1,9,2,17546,A
1-PB2,1009,1,17393,0,5,17399,T
1-PB2,1010,20,4,0,17465,17489,C
1-PB2,1011,17425,1,14,0,17440,A
1-PB2,1012,5,1,17702,0,17708,G
1-PB2,1013,5,17387,0,10,17402,T
1-PB2,1014,68,2,0,17381,17451,C
1-PB2,1015,17474,1,6,1,17482,A
1-PB2,1016,17546,0,4,0,17550,A
1-PB2,1017,17543,1,3,1,17548,A
1-PB2,1018,17545,1,5,0,17551,A
1-PB2,1019,17628,1,3,1,17633,A
1-PB2,1020,17631,1,21,1,17654,A
1-PB2,1021,3,13,17733,0,17749,G
1-PB2,1022,17631,1,15,0,17647,A
1-PB2,1023,17620,1,15,1,17637,A
1-PB2,1024,5,13,17621,0,17639,G
1-PB2,1025,17558,1,10,0,17569,A
1-PB2,1026,17060,1,40,1,17102,A
1-PB2,1027,2,22,17089,0,17113,G
1-PB2,1028,17028,1,18,0,17047,A
1-PB2,1029,89,16,16970,0,17075,G
1-PB2,1030,1,3,17522,0,17526,G
1-PB2,1031,0,17436,2,9,17447,T
1-PB2,1032,6,8,17816,0,17830,G
1-PB2,1033,5,3,4,17969,17981,C
1-PB2,1034,2,17927,1,29,17959,T
1-PB2,1035,0,18033,0,5,18038,T
1-PB2,1036,17998,2,3,0,18003,A
1-PB2,1037,4,5,0,18004,18013,C
1-PB2,1038,17801,5,16,1,17823,A
1-PB2,1039,2,21,17847,2,17872,G
1-PB2,1040,7,3,17778,1,17789,G
1-PB2,1041,8,0,0,17445,17453,C
1-PB2,1042,17271,2,5,0,17278,A
1-PB2,1043,17289,0,7,0,17296,A
1-PB2,1044,1,17690,1,12,17704,T
1-PB2,1045,32,1,0,17906,17939,C
1-PB2,1046,0,17826,2,24,17852,T
1-PB2,1047,34,5,1,17832,17872,C
1-PB2,1048,17,6,1,17806,17830,C
1-PB2,1049,17856,0,4,1,17861,A
1-PB2,1050,17820,0,9,1,17830,A
1-PB2,1051,17841,4,13,0,17858,A
1-PB2,1052,1,3,0,17968,17972,C
1-PB2,1053,17440,2,2,0,17444,A
1-PB2,1054,1,17279,4,2,17286,T
1-PB2,1055,1,17190,2,9,17202,T
1-PB2,1056,140,28,17355,1,17524,G
1-PB2,1057,17505,1,4,0,17510,A
1-PB2,1058,17753,2,27,2,17784,A
1-PB2,1059,17831,2,4,2,17839,A
1-PB2,1060,17810,1,2,2,17815,A
1-PB2,1061,3,17859,0,2,17864,T
1-PB2,1062,17827,0,39,0,17866,A
1-PB2,1063,17850,0,15,0,17865,A
1-PB2,1064,2,46,18242,0,18290,G
1-PB2,1065,17935,1,23,1,17960,A
1-PB2,1066,3,1,18666,0,18670,G
1-PB2,1067,0,18356,1,3,18360,T
1-PB2,1068,18487,2,9,0,18498,A
1-PB2,1069,6,3,0,18955,18964,C
1-PB2,1070,18833,1,11,3,18848,A
1-PB2,1071,1,18798,1,4,18804,T
1-PB2,1072,2,28,18837,0,18867,G
1-PB2,1073,18384,1,35,3,18423,A
1-PB2,1074,3,41,18581,0,18625,G
1-PB2,1075,3,43,18418,0,18464,G
1-PB2,1076,6,33,19294,1,19334,G
1-PB2,1077,4,3,19467,0,19474,G
1-PB2,1078,0,18847,106,24,18977,T
1-PB2,1079,19092,2,31,0,19125,A
1-PB2,1080,2,19042,1,4,19049,T
1-PB2,1081,4,35,19111,0,19150,G
1-PB2,1082,19068,0,27,0,19095,A
1-PB2,1083,3,36,19064,1,19104,G
1-PB2,1084,2,49,18869,0,18920,G
1-PB2,1085,17583,2,9,2,17596,A
1-PB2,1086,3,1,18157,1,18162,G
1-PB2,1087,0,18106,1,10,18117,T
1-PB2,1088,0,18739,0,13,18752,T
1-PB2,1089,83,3,0,18732,18818,C
1-PB2,1090,18786,0,19,2,18807,A
1-PB2,1091,6,4,0,18847,18857,C
1-PB2,1092,18768,0,1,1,18770,A
1-PB2,1093,18820,2,8,0,18830,A
1-PB2,1094,0,18818,0,2,18820,T
1-PB2,1095,6,35,18359,0,18400,G
1-PB2,1096,4,2,18492,0,18498,G
1-PB2,1097,0,17849,3,7,17859,T
1-PB2,1098,7,32,17976,0,18015,G
1-PB2,1099,4,43,17942,0,17989,G
1-PB2,1100,8,13,18012,0,18033,G
1-PB2,1101,5,27,18160,0,18192,G
1-PB2,1102,18044,2,7,0,18053,A
1-PB2,1103,18095,1,13,0,18109,A
1-PB2,1104,18016,0,8,1,18025,A
1-PB2,1105,17668,4,58,2,17732,A
1-PB2,1106,2,49,17921,0,17972,G
1-PB2,1107,17845,2,20,1,17868,A
1-PB2,1108,3,4,17921,0,17928,G
1-PB2,1109,14,5,1,17892,17912,C
1-PB2,1110,17800,0,11,1,17812,A
1-PB2,1111,17826,1,10,0,17837,A
1-PB2,1112,5,12,0,18508,18525,C
1-PB2,1113,18496,1,13,0,18510,A
1-PB2,1114,2,7,18876,0,18885,G
1-PB2,1115,4,3,1,18661,18669,C
1-PB2,1116,0,18597,1,5,18603,T
1-PB2,1117,19189,1,7,1,19198,A
1-PB2,1118,1,19194,1,5,19201,T
1-PB2,1119,19274,3,4,0,19281,A
1-PB2,1120,1,3,1,19265,19270,C
1-PB2,1121,2,18097,0,12,18111,T
1-PB2,1122,18208,0,3,1,18212,A
1-PB2,1123,17815,1,5,0,17821,A
1-PB2,1124,0,33,17850,0,17883,G
1-PB2,1125,17830,0,4,0,17834,A
1-PB2,1126,17297,0,2,1,17300,A
1-PB2,1127,17268,0,4,1,17273,A
1-PB2,1128,17180,3,26,1,17210,A
1-PB2,1129,0,3,17244,0,17247,G
1-PB2,1130,5,5,0,17188,17198,C
1-PB2,1131,17186,1,5,0,17192,A
1-PB2,1132,17192,0,17,0,17209,A
1-PB2,1133,2,5,1,17285,17293,C
1-PB2,1134,22,0,1,17285,17308,C
1-PB2,1135,17287,4,6,0,17297,A
1-PB2,1136,3,11,17413,0,17427,G
1-PB2,1137,17401,0,1,1,17403,A
1-PB2,1138,17367,1,18,1,17387,A
1-PB2,1139,0,14,17597,0,17611,G
1-PB2,1140,17507,1,9,0,17517,A
1-PB2,1141,2,17443,2,0,17447,T
1-PB2,1142,1,17348,0,2,17351,T
1-PB2,1143,3,38,17366,1,17408,G
1-PB2,1144,2,1,17747,0,17750,G
1-PB2,1145,1,17618,0,24,17643,T
1-PB2,1146,1,17583,0,7,17591,T
1-PB2,1147,66,4,0,17576,17646,C
1-PB2,1148,17835,0,35,2,17872,A
1-PB2,1149,5,7,18578,0,18590,G
1-PB2,1150,1,0,4,18703,18708,C
1-PB2,1151,3,18581,1,34,18619,T
1-PB2,1152,55,2,0,18746,18803,C
1-PB2,1153,18516,0,7,0,18523,A
1-PB2,1154,6,18543,1,8,18558,T
1-PB2,1155,18568,1,7,1,18577,A
1-PB2,1156,10,2,18685,0,18697,G
1-PB2,1157,1,17627,0,12,17640,T
1-PB2,1158,5,57,17642,0,17704,G
1-PB2,1159,17118,4,13,1,17136,A
1-PB2,1160,2,3,17407,1,17413,G
1-PB2,1161,3,17231,0,16,17250,T
1-PB2,1162,5,17,17216,0,17238,G
1-PB2,1163,5,14,17374,0,17393,G
1-PB2,1164,17338,4,1,0,17343,A
1-PB2,1165,17249,2,17,0,17268,A
1-PB2,1166,2,43,17297,0,17342,G
1-PB2,1167,16998,0,17,3,17018,A
1-PB2,1168,2,29,17129,0,17160,G
1-PB2,1169,16931,2,22,0,16955,A
1-PB2,1170,2,4,0,16940,16946,C
1-PB2,1171,6,70,16908,0,16984,G
1-PB2,1172,16756,4,2,0,16762,A
1-PB2,1173,16848,1,13,0,16862,A
1-PB2,1174,3,3,0,16884,16890,C
1-PB2,1175,16703,1,11,0,16715,A
1-PB2,1176,6,3,17870,0,17879,G
1-PB2,1177,1,17664,1,18,17684,T
1-PB2,1178,74,1,1,17641,17717,C
1-PB2,1179,17795,1,10,0,17806,A
1-PB2,1180,17742,1,13,2,17758,A
1-PB2,1181,1,17761,0,2,17764,T
1-PB2,1182,17720,0,9,0,17729,A
1-PB2,1183,5,6,17686,0,17697,G
1-PB2,1184,2,3,0,17612,17617,C
1-PB2,1185,14,6,1,16901,16922,C
1-PB2,1186,6,18,16801,1,16826,G
1-PB2,1187,16792,4,0,2,16798,A
1-PB2,1188,16841,0,16,1,16858,A
1-PB2,1189,5,5,17066,1,17077,G
1-PB2,1190,6,5,0,17552,17563,C
1-PB2,1191,17587,1,9,0,17597,A
1-PB2,1192,17606,2,3,0,17611,A
1-PB2,1193,2,17616,1,4,17623,T
1-PB2,1194,17711,0,4,1,17716,A
1-PB2,1195,17896,2,5,0,17903,A
1-PB2,1196,1,17877,0,1,17879,T
1-PB2,1197,34,6,1,17761,17802,C
1-PB2,1198,6,1,17704,1,17712,G
1-PB2,1199,2,17128,2,6,17138,T
1-PB2,1200,1,17,17140,0,17158,G
1-PB2,1201,7,3,17312,0,17322,G
1-PB2,1202,6,5,0,17269,17280,C
1-PB2,1203,37,7,0,17234,17278,C
1-PB2,1204,17066,6,5,0,17077,A
1-PB2,1205,1,17055,0,19,17075,T
1-PB2,1206,3,25,17108,1,17137,G
1-PB2,1207,4,2,17393,0,17399,G
1-PB2,1208,1,17137,2,7,17147,T
1-PB2,1209,2,0,17398,0,17400,G
1-PB2,1210,0,16984,7,8,16999,T
1-PB2,1211,2,16995,0,15,17012,T
1-PB2,1212,1,17072,1,5,17079,T
1-PB2,1213,4,17076,0,7,17087,T
1-PB2,1214,28,2,0,17267,17297,C
1-PB2,1215,17269,4,11,0,17284,A
1-PB2,1216,1,3,0,17460,17464,C
1-PB2,1217,17225,0,10,1,17236,A
1-PB2,1218,17137,2,5,1,17145,A
1-PB2,1219,2,16,17141,1,17160,G
1-PB2,1220,17081,1,2,1,17085,A
1-PB2,1221,16809,1,60,0,16870,A
1-PB2,1222,0,18,17061,0,17079,G
1-PB2,1223,17043,2,6,1,17052,A
1-PB2,1224,1,17077,1,4,17083,T
1-PB2,1225,2,16870,2,2,16876,T
1-PB2,1226,4,7,16869,0,16880,G
1-PB2,1227,3,5,2,16669,16679,C
1-PB2,1228,16743,1,10,10,16764,A
1-PB2,1229,1,16863,1,8,16873,T
1-PB2,1230,3,19,17321,0,17343,G
1-PB2,1231,17398,2,9,0,17409,A
1-PB2,1232,0,17503,1,4,17508,T
1-PB2,1233,17433,0,3,0,17436,A
1-PB2,1234,17437,0,2,2,17441,A
1-PB2,1235,17411,2,2,0,17415,A
1-PB2,1236,17434,2,21,0,17457,A
1-PB2,1237,6,1,17449,1,17457,G
1-PB2,1238,7,6,0,17767,17780,C
1-PB2,1239,17785,1,10,1,17797,A
1-PB2,1240,2,3,18247,0,18252,G
1-PB2,1241,2,18134,1,11,18148,T
1-PB2,1242,0,18172,2,10,18184,T
1-PB2,1243,18199,0,7,2,18208,A
1-PB2,1244,1,22,18276,0,18299,G
1-PB2,1245,18126,5,25,0,18156,A
1-PB2,1246,2,19,18193,0,18214,G
1-PB2,1247,1,2,18101,0,18104,G
1-PB2,1248,1,17060,2,11,17074,T
1-PB2,1249,0,94,17036,1,17131,G
1-PB2,1250,17162,1,18,1,17182,A
1-PB2,1251,6,3,1,17231,17241,C
1-PB2,1252,23,1,0,17300,17324,C
1-PB2,1253,3,16973,1,22,16999,T
1-PB2,1254,5,47,17042,0,17094,G
1-PB2,1255,17044,1,2,0,17047,A
1-PB2,1256,17070,1,3,0,17074,A
1-PB2,1257,1,17098,1,1,17101,T
1-PB2,1258,0,17157,0,4,17161,T
1-PB2,1259,4,17199,1,4,17208,T
1-PB2,1260,23,26,4,17118,17171,C
1-PB2,1261,7,1,17138,2,17148,G
1-PB2,1262,3,17101,1,24,17129,T
1-PB2,1263,37,5,1,17110,17153,C
1-PB2,1264,17126,1,6,0,17133,A
1-PB2,1265,17169,2,5,0,17176,A
1-PB2,1266,2,2,0,17160,17164,C
1-PB2,1267,16937,3,2,2,16944,A
1-PB2,1268,1,42,17174,0,17217,G
1-PB2,1269,17073,3,22,0,17098,A
1-PB2,1270,5,2,17144,1,17152,G
1-PB2,1271,7,2,1,17178,17188,C
1-PB2,1272,17157,1,6,0,17164,A
1-PB2,1273,17328,1,7,0,17336,A
1-PB2,1274,17299,1,10,3,17313,A
1-PB2,1275,0,17237,0,0,17237,T
1-PB2,1276,39,0,0,17273,17312,C
1-PB2,1277,17113,0,6,1,17120,A
1-PB2,1278,1,3,17102,0,17106,G
1-PB2,1279,7,15,0,17106,17128,C
1-PB2,1280,8,11,17143,0,17162,G
1-PB2,1281,3,1,17982,0,17986,G
1-PB2,1282,1,17850,2,9,17862,T
1-PB2,1283,1,17872,0,5,17878,T
1-PB2,1284,4,47,17848,0,17899,G
1-PB2,1285,17904,2,7,0,17913,A
1-PB2,1286,17999,1,20,2,18022,A
1-PB2,1287,2,3,1,18108,18114,C
1-PB2,1288,24,14,0,17980,18018,C
1-PB2,1289,39,2,0,18152,18193,C
1-PB2,1290,48,19,1,17415,17483,C
1-PB2,1291,17579,2,4,2,17587,A
1-PB2,1292,0,17638,1,12,17651,T
1-PB2,1293,5,4,17666,1,17676,G
1-PB2,1294,5,7,2,17727,17741,C
1-PB2,1295,17612,2,3,0,17617,A
1-PB2,1296,1,17422,2,24,17449,T
1-PB2,1297,22,1,0,17418,17441,C
1-PB2,1298,17273,1,0,0,17274,A
1-PB2,1299,1,3,17558,0,17562,G
1-PB2,1300,3,1,2,17597,17603,C
1-PB2,1301,0,17530,0,34,17564,T
1-PB2,1302,1,17541,1,5,17548,T
1-PB2,1303,1,17507,0,5,17513,T
1-PB2,1304,1,17523,0,0,17524,T
1-PB2,1305,17536,4,4,0,17544,A
1-PB2,1306,17511,4,6,0,17521,A
1-PB2,1307,0,24,17506,0,17530,G
1-PB2,1308,5,5,17357,0,17367,G
1-PB2,1309,3,3,2,17185,17193,C
1-PB2,1310,17130,1,4,1,17136,A
1-PB2,1311,2,17117,0,8,17127,T
1-PB2,1312,3,17152,1,8,17164,T
1-PB2,1313,0,17151,3,3,17157,T
1-PB2,1314,0,17190,0,14,17204,T
1-PB2,1315,34,1,0,17195,17230,C
1-PB2,1316,17194,2,9,1,17206,A
1-PB2,1317,1,34,17184,0,17219,G
1-PB2,1318,17169,0,5,5,17179,A
1-PB2,1319,17186,1,3,1,17191,A
1-PB2,1320,17137,0,12,0,17149,A
1-PB2,1321,0,20,17173,2,17195,G
1-PB2,1322,17318,0,10,1,17329,A
1-PB2,1323,0,17311,0,1,17312,T
1-PB2,1324,9,9,17344,0,17362,G
1-PB2,1325,4,7,1,17329,17341,C
1-PB2,1326,132,28,17242,0,17402,G
1-PB2,1327,17362,1,10,1,17374,A
1-PB2,1328,17369,0,3,0,17372,A
1-PB2,1329,17369,2,10,0,17381,A
1-PB2,1330,5,1,17406,0,17412,G
1-PB2,1331,2,17113,0,13,17128,T
1-PB2,1332,6,7,17138,0,17151,G
1-PB2,1333,4,0,0,17022,17026,C
1-PB2,1334,0,17045,0,18,17063,T
1-PB2,1335,2,17051,0,61,17114,T
1-PB2,1336,3,17121,0,8,17132,T
1-PB2,1337,0,17158,0,7,17165,T
1-PB2,1338,2,17098,0,9,17109,T
1-PB2,1339,36,2,2,17090,17130,C
1-PB2,1340,17155,2,6,0,17163,A
1-PB2,1341,17239,1,4,1,17245,A
1-PB2,1342,17210,0,2,0,17212,A
1-PB2,1343,17244,0,2,1,17247,A
1-PB2,1344,4,17206,1,3,17214,T
1-PB2,1345,1,17234,1,4,17240,T
1-PB2,1346,1,35,17239,0,17275,G
1-PB2,1347,1,37,17236,1,17275,G
1-PB2,1348,2,13,17235,0,17250,G
1-PB2,1349,3,37,17501,1,17542,G
1-PB2,1350,17389,8,17,1,17415,A
1-PB2,1351,4,1,17806,0,17811,G
1-PB2,1352,1,17732,1,12,17746,T
1-PB2,1353,1,17742,0,2,17745,T
1-PB2,1354,50,72,17669,1,17792,G
1-PB2,1355,17797,3,15,0,17815,A
1-PB2,1356,17827,2,27,2,17858,A
1-PB2,1357,4,8,0,18324,18336,C
1-PB2,1358,18049,0,9,2,18060,A
1-PB2,1359,4,5,0,18549,18558,C
1-PB2,1360,18150,0,8,1,18159,A
1-PB2,1361,1,18167,0,9,18177,T
1-PB2,1362,24,6,0,18253,18283,C
1-PB2,1363,6,75,18189,3,18273,G
1-PB2,1364,18319,1,13,0,18333,A
1-PB2,1365,0,5,0,18289,18294,C
1-PB2,1366,17618,0,3,0,17621,A
1-PB2,1367,0,5,18251,0,18256,G
1-PB2,1368,2,17760,1,10,17773,T
1-PB2,1369,6,2,18021,1,18030,G
1-PB2,1370,5,17897,1,10,17913,T
1-PB2,1371,8,33,17913,0,17954,G
1-PB2,1372,17936,1,13,0,17950,A
1-PB2,1373,0,17841,1,8,17850,T
1-PB2,1374,5,39,17835,1,17880,G
1-PB2,1375,3,33,17863,1,17900,G
1-PB2,1376,4,36,17557,2,17599,G
1-PB2,1377,17431,3,6,1,17441,A
1-PB2,1378,17307,0,7,1,17315,A
1-PB2,1379,0,17425,0,1,17426,T
1-PB2,1380,6,47,17553,0,17606,G
1-PB2,1381,17626,2,3,0,17631,A
1-PB2,1382,1,17613,0,0,17614,T
1-PB2,1383,1,17558,0,8,17567,T
1-PB2,1384,5,18,17470,1,17494,G
1-PB2,1385,1,47,17962,0,18010,G
1-PB2,1386,17936,3,14,0,17953,A
1-PB2,1387,2,0,18236,0,18238,G
1-PB2,1388,0,17982,0,7,17989,T
1-PB2,1389,17845,1,2,0,17848,A
1-PB2,1390,0,17885,1,5,17891,T
1-PB2,1391,0,18038,1,4,18043,T
1-PB2,1392,18175,3,8,0,18186,A
1-PB2,1393,5,4,0,18217,18226,C
1-PB2,1394,15,3,0,17868,17886,C
1-PB2,1395,17670,3,11,0,17684,A
1-PB2,1396,2,20,17781,1,17804,G
1-PB2,1397,18189,3,3,0,18195,A
1-PB2,1398,0,18090,1,5,18096,T
1-PB2,1399,18010,0,4,0,18014,A
1-PB2,1400,1,17803,2,10,17816,T
1-PB2,1401,4,83,17653,1,17741,G
1-PB2,1402,17802,1,18,1,17822,A
1-PB2,1403,3,6,2,17951,17962,C
1-PB2,1404,4,17788,0,18,17810,T
1-PB2,1405,30,0,2,17737,17769,C
1-PB2,1406,27,4,1,17469,17501,C
1-PB2,1407,17555,0,21,1,17577,A
1-PB2,1408,17605,3,19,2,17629,A
1-PB2,1409,1,10,18097,0,18108,G
1-PB2,1410,6,7,1,17977,17991,C
1-PB2,1411,17980,3,5,0,17988,A
1-PB2,1412,5,1,1,17948,17955,C
1-PB2,1413,17844,1,14,2,17861,A
1-PB2,1414,2,24,17864,0,17890,G
1-PB2,1415,17833,1,3,1,17838,A
1-PB2,1416,1,13,17980,0,17994,G
1-PB2,1417,18034,1,11,0,18046,A
1-PB2,1418,0,17498,2,9,17509,T
1-PB2,1419,5,1,17798,1,17805,G
1-PB2,1420,3,17696,1,19,17719,T
1-PB2,1421,52,1,0,17629,17682,C
1-PB2,1422,17751,1,17,0,17769,A
1-PB2,1423,17724,3,2,2,17731,A
1-PB2,1424,0,17655,1,1,17657,T
1-PB2,1425,6,43,17623,1,17673,G
1-PB2,1426,17328,2,11,1,17342,A
1-PB2,1427,2,18,17438,0,17458,G
1-PB2,1428,17105,2,27,0,17134,A
1-PB2,1429,3,13,17163,1,17180,G
1-PB2,1430,5,31,17853,0,17889,G
1-PB2,1431,17874,1,5,1,17881,A
1-PB2,1432,17939,3,3,0,17945,A
1-PB2,1433,1,17917,1,1,17920,T
1-PB2,1434,17953,1,6,0,17960,A
1-PB2,1435,17930,1,12,1,17944,A
1-PB2,1436,3,45,17798,1,17847,G
1-PB2,1437,17786,1,8,1,17796,A
1-PB2,1438,16646,1,7,1,16655,A
1-PB2,1439,4,16681,0,1,16686,T
1-PB2,1440,51,5,0,16722,16778,C
1-PB2,1441,16815,1,17,0,16833,A
1-PB2,1442,6,3,16944,1,16954,G
1-PB2,1443,2,3,0,16987,16992,C
1-PB2,1444,16987,1,5,0,16993,A
1-PB2,1445,17022,2,3,0,17027,A
1-PB2,1446,16983,0,0,0,16983,A
1-PB2,1447,17023,0,6,1,17030,A
1-PB2,1448,1,16988,2,4,16995,T
1-PB2,1449,2,46,17021,0,17069,G
1-PB2,1450,2,21,17041,1,17065,G
1-PB2,1451,61,2,17076,0,17139,G
1-PB2,1452,2,16907,0,9,16918,T
1-PB2,1453,5,5,16983,0,16993,G
1-PB2,1454,1,16882,0,15,16898,T
1-PB2,1455,9,25,16909,0,16943,G
1-PB2,1456,0,11,17199,0,17210,G
1-PB2,1457,17197,0,8,0,17205,A
1-PB2,1458,2,17087,0,6,17095,T
1-PB2,1459,3,41,17181,2,17227,G
1-PB2,1460,17106,0,8,0,17114,A
1-PB2,1461,17188,1,5,1,17195,A
1-PB2,1462,1,17151,0,4,17156,T
1-PB2,1463,17001,2,8,0,17011,A
1-PB2,1464,3,2,0,18326,18331,C
1-PB2,1465,3,17764,0,9,17776,T
1-PB2,1466,40,1,1,18076,18118,C
1-PB2,1467,18,5,2,18112,18137,C
1-PB2,1468,18073,1,8,0,18082,A
1-PB2,1469,137,3,18688,0,18828,G
1-PB2,1470,2,18733,1,6,18742,T
1-PB2,1471,18854,1,4,0,18859,A
1-PB2,1472,3,9,0,18871,18883,C
1-PB2,1473,17066,1,15,1,17083,A
1-PB2,1474,2,22,17166,0,17190,G
1-PB2,1475,16661,2,15,0,16678,A
1-PB2,1476,2,18,16810,0,16830,G
1-PB2,1477,16325,2,7,0,16334,A
1-PB2,1478,2,42,15715,0,15759,G
1-PB2,1479,3,26,15686,0,15715,G
1-PB2,1480,1,4,15769,0,15774,G
1-PB2,1481,1,15524,1,11,15537,T
1-PB2,1482,4,36,15519,0,15559,G
1-PB2,1483,2,4,15584,20,15610,G
1-PB2,1484,1,15467,0,13,15481,T
1-PB2,1485,4,27,15893,0,15924,G
1-PB2,1486,3,5,15954,0,15962,G
1-PB2,1487,1,15594,1,7,15603,T
1-PB2,1488,0,15593,0,6,15599,T
1-PB2,1489,15359,0,5,0,15364,A
1-PB2,1490,5,4,15487,0,15496,G
1-PB2,1491,4,1,1,15455,15461,C
1-PB2,1492,15405,0,2,0,15407,A
1-PB2,1493,2,15365,0,3,15370,T
1-PB2,1494,0,14517,0,1,14518,T
1-PB2,1495,2,38,14478,0,14518,G
1-PB2,1496,14480,2,6,0,14488,A
1-PB2,1497,2,14458,0,13,14473,T
1-PB2,1498,59,1,0,14465,14525,C
1-PB2,1499,5,30,14341,0,14376,G
1-PB2,1500,3,3,14678,0,14684,G
1-PB2,1501,0,14592,0,37,14629,T
1-PB2,1502,0,14584,0,46,14630,T
1-PB2,1503,2,14608,0,3,14613,T
1-PB2,1504,1,14616,0,2,14619,T
1-PB2,1505,2,14610,0,2,14614,T
1-PB2,1506,0,29,14604,2,14635,G
1-PB2,1507,14588,0,12,0,14600,A
1-PB2,1508,3,34,14607,0,14644,G
1-PB2,1509,13982,0,10,2,13994,A
1-PB2,1510,0,1,14113,0,14114,G
1-PB2,1511,0,14108,0,20,14128,T
1-PB2,1512,1,14063,2,5,14071,T
1-PB2,1513,61,3,0,14050,14114,C
1-PB2,1514,5,18,14113,0,14136,G
1-PB2,1515,14124,3,25,2,14154,A
1-PB2,1516,2,43,14098,0,14143,G
1-PB2,1517,14085,2,14,0,14101,A
1-PB2,1518,3,3,0,14076,14082,C
1-PB2,1519,34,2,1,13934,13971,C
1-PB2,1520,13851,0,4,0,13855,A
1-PB2,1521,13998,1,11,3,14013,A
1-PB2,1522,0,2,0,14039,14041,C
1-PB2,1523,4,1,14074,0,14079,G
1-PB2,1524,1,13962,0,8,13971,T
1-PB2,1525,4,23,13930,0,13957,G
1-PB2,1526,28,13,13942,1,13984,G
1-PB2,1527,6,26,13963,0,13995,G
1-PB2,1528,13853,2,11,0,13866,A
1-PB2,1529,13879,1,1,2,13883,A
1-PB2,1530,0,13413,1,4,13418,T
1-PB2,1531,3,3,13976,0,13982,G
1-PB2,1532,0,13900,0,6,13906,T
1-PB2,1533,13918,0,1,1,13920,A
1-PB2,1534,1,13904,0,7,13912,T
1-PB2,1535,0,13672,0,0,13672,T
1-PB2,1536,13849,2,0,0,13851,A
1-PB2,1537,0,13770,0,3,13773,T
1-PB2,1538,0,13580,1,4,13585,T
1-PB2,1539,13568,0,1,1,13570,A
1-PB2,1540,3,11639,0,11,11653,T
1-PB2,1541,20,1,0,11986,12007,C
1-PB2,1542,1,11771,0,17,11789,T
1-PB2,1543,34,1,0,11804,11839,C
1-PB2,1544,13,1,0,11835,11849,C
1-PB2,1545,1,11375,2,4,11382,T
1-PB2,1546,2,23,11410,0,11435,G
1-PB2,1547,11357,0,7,0,11364,A
1-PB2,1548,5,7,11377,0,11389,G
1-PB2,1549,0,5,11382,0,11387,G
1-PB2,1550,10022,1,10,0,10033,A
1-PB2,1551,2,7,10121,0,10130,G
1-PB2,1552,0,0,10057,0,10057,G
1-PB2,1553,2,9721,0,10,9733,T
1-PB2,1554,39,3,2,9718,9762,C
1-PB2,1555,9646,1,3,0,9650,A
1-PB2,1556,1,2,9751,0,9754,G
1-PB2,1557,0,9704,0,7,9711,T
1-PB2,1558,4,19,9686,0,9709,G
1-PB2,1559,9691,0,6,2,9699,A
1-PB2,1560,9272,0,1,0,9273,A
1-PB2,1561,9283,0,6,2,9291,A
1-PB2,1562,0,1,0,9291,9292,C
1-PB2,1563,9153,2,17,0,9172,A
1-PB2,1564,2,5,0,9171,9178,C
1-PB2,1565,8696,1,12,0,8709,A
1-PB2,1566,3,14,8722,0,8739,G
1-PB2,1567,1,10,8702,0,8713,G
1-PB2,1568,1,22,8712,0,8735,G
1-PB2,1569,8686,1,2,0,8689,A
1-PB2,1570,8538,1,34,0,8573,A
1-PB2,1571,0,6,0,8604,8610,C
1-PB2,1572,1,8432,0,7,8440,T
1-PB2,1573,4,16,8429,0,8449,G
1-PB2,1574,8371,0,10,1,8382,A
1-PB2,1575,8,7,8368,0,8383,G
1-PB2,1576,8138,0,4,0,8142,A
1-PB2,1577,0,16,7580,0,7596,G
1-PB2,1578,7547,1,6,0,7554,A
1-PB2,1579,3,0,0,7520,7523,C
1-PB2,1580,1,7150,0,2,7153,T
1-PB2,1581,3,18,7168,1,7190,G
1-PB2,1582,7125,0,10,0,7135,A
1-PB2,1583,1,2,0,7130,7133,C
1-PB2,1584,7067,0,4,0,7071,A
1-PB2,1585,7061,1,3,0,7065,A
1-PB2,1586,0,7026,0,0,7026,T
1-PB2,1587,6973,0,1,0,6974,A
1-PB2,1588,6961,1,3,0,6965,A
1-PB2,1589,0,2,0,6960,6962,C
1-PB2,1590,0,6289,0,9,6298,T
1-PB2,1591,0,6184,0,1,6185,T
1-PB2,1592,6057,0,2,0,6059,A
1-PB2,1593,0,6044,0,2,6046,T
1-PB2,1594,0,6027,1,8,6036,T
1-PB2,1595,26,0,0,5987,6013,C
1-PB2,1596,5553,0,2,0,5555,A
1-PB2,1597,2,5530,0,2,5534,T
1-PB2,1598,10,2,0,5090,5102,C
1-PB2,1599,3,0,5090,0,5093,G
1-PB2,1600,1,5015,0,0,5016,T
1-PB2,1601,16,0,0,4970,4986,C
1-PB2,1602,0,4880,3,3,4886,T
1-PB2,1603,4907,0,1,0,4908,A
1-PB2,1604,3,4902,0,0,4905,T
1-PB2,1605,2,1,4910,0,4913,G
1-PB2,1606,4871,0,2,0,4873,A
1-PB2,1607,2,4682,0,4,4688,T
1-PB2,1608,4,1,4330,0,4335,G
1-PB2,1609,0,3135,1,1,3137,T
1-PB2,1610,5,7,3069,0,3081,G
1-PB2,1611,1,0,3077,0,3078,G
1-PB2,1612,0,1,3039,0,3040,G
1-PB2,1613,2857,0,0,0,2857,A
1-PB2,1614,1,1,2795,0,2797,G
1-PB2,1615,2399,1,1,0,2401,A
1-PB2,1616,0,2320,0,0,2320,T
1-PB2,1617,0,2123,0,1,2124,T
1-PB2,1618,2107,0,0,0,2107,A
1-PB2,1619,2074,0,0,0,2074,A
1-PB2,1620,0,0,0,2006,2006,C
1-PB2,1621,5,1,1599,0,1605,G
1-PB2,1622,0,0,1486,0,1486,G
1-PB2,1623,0,722,0,0,722,T
1-PB2,1624,0,0,0,675,675,C
1-PB2,1625,0,0,0,656,656,C
1-PB2,1626,0,318,0,0,318,T
1-PB2,1627,0,1,321,0,322,G
1-PB2,1628,317,0,0,0,317,A
1-PB2,1629,0,0,312,0,312,G
1-PB2,1630,0,314,0,0,314,T
1-PB2,1631,5,0,0,302,307,C
1-PB2,1632,1,1,295,0,297,G
1-PB2,1633,0,0,301,0,301,G
1-PB2,1634,1,303,0,0,304,T
1-PB2,1635,0,302,0,0,302,T
1-PB2,1636,0,0,0,289,289,C
1-PB2,1637,0,291,0,0,291,T
1-PB2,1638,1,0,310,0,311,G
1-PB2,1639,0,0,311,0,311,G
1-PB2,1640,1,310,0,1,312,T
1-PB2,1641,2,0,0,312,314,C
1-PB2,1642,298,0,0,0,298,A
1-PB2,1643,307,0,0,0,307,A
1-PB2,1644,0,308,0,1,309,T
1-PB2,1645,310,0,1,0,311,A
1-PB2,1646,0,0,0,316,316,C
1-PB2,1647,0,0,0,298,298,C
1-PB2,1648,0,296,1,0,297,T
1-PB2,1649,303,0,0,0,303,A
1-PB2,1650,0,303,0,0,303,T
1-PB2,1651,0,0,0,306,306,C
1-PB2,1652,302,0,0,0,302,A
1-PB2,1653,302,0,1,0,303,A
1-PB2,1654,0,302,0,0,302,T
1-PB2,1655,0,1,296,0,297,G
1-PB2,1656,0,2,291,0,293,G
1-PB2,1657,292,1,0,0,293,A
1-PB2,1658,0,289,0,0,289,T
1-PB2,1659,2,0,0,289,291,C
1-PB2,1660,291,0,0,0,291,A
1-PB2,1661,0,290,0,0,290,T
1-PB2,1662,0,0,0,293,293,C
1-PB2,1663,291,0,0,0,291,A
1-PB2,1664,0,0,296,0,296,G
1-PB2,1665,296,0,0,0,296,A
1-PB2,1666,296,0,0,0,296,A
1-PB2,1667,295,0,0,0,295,A
1-PB2,1668,0,295,0,0,295,T
1-PB2,1669,0,292,0,0,292,T
1-PB2,1670,0,1,290,0,291,G
1-PB2,1671,0,1,286,0,287,G
1-PB2,1672,0,0,289,0,289,G
1-PB2,1673,288,0,0,0,288,A
1-PB2,1674,285,0,0,0,285,A
1-PB2,1675,0,0,289,0,289,G
1-PB2,1676,0,0,0,284,284,C
1-PB2,1677,0,286,0,0,286,T
1-PB2,1678,288,0,1,0,289,A
1-PB2,1679,0,284,0,0,284,T
1-PB2,1680,1,0,0,285,286,C
1-PB2,1681,289,0,0,0,289,A
1-PB2,1682,290,0,0,0,290,A
1-PB2,1683,289,0,0,0,289,A
1-PB2,1684,291,0,0,0,291,A
1-PB2,1685,0,291,0,0,291,T
1-PB2,1686,0,287,0,0,287,T
1-PB2,1687,0,0,0,287,287,C
1-PB2,1688,287,0,0,0,287,A
1-PB2,1689,289,0,0,0,289,A
1-PB2,1690,0,289,0,0,289,T
1-PB2,1691,0,0,287,0,287,G
1-PB2,1692,0,0,294,0,294,G
1-PB2,1693,0,296,0,1,297,T
1-PB2,1694,2,0,0,292,294,C
1-PB2,1695,0,297,0,0,297,T
1-PB2,1696,1,0,0,294,295,C
1-PB2,1697,300,0,0,0,300,A
1-PB2,1698,0,0,304,0,304,G
1-PB2,1699,304,0,0,0,304,A
1-PB2,1700,308,0,0,0,308,A
1-PB2,1701,0,302,0,0,302,T
1-PB2,1702,2,0,0,292,294,C
1-PB2,1703,0,0,0,288,288,C
1-PB2,1704,0,289,0,1,290,T
1-PB2,1705,1,0,289,0,290,G
1-PB2,1706,0,0,0,291,291,C
1-PB2,1707,287,0,1,0,288,A
1-PB2,1708,292,0,0,0,292,A
1-PB2,1709,0,286,0,0,286,T
1-PB2,1710,0,0,294,0,294,G
1-PB2,1711,0,295,0,0,295,T
1-PB2,1712,0,283,0,0,283,T
1-PB2,1713,1,0,284,0,285,G
1-PB2,1714,0,285,0,0,285,T
1-PB2,1715,287,0,0,0,287,A
1-PB2,1716,0,1,1,286,288,C
1-PB2,1717,279,0,1,0,280,A
1-PB2,1718,277,0,0,0,277,A
1-PB2,1719,0,0,0,274,274,C
1-PB2,1720,263,0,0,0,263,A
1-PB2,1721,263,0,0,0,263,A
1-PB2,1722,263,0,1,0,264,A
1-PB2,1723,263,0,0,0,263,A
1-PB2,1724,0,262,0,0,262,T
1-PB2,1725,0,0,260,0,260,G
1-PB2,1726,0,0,262,0,262,G
1-PB2,1727,260,0,0,1,261,A
1-PB2,1728,261,0,0,0,261,A
1-PB2,1729,0,260,0,0,260,T
1-PB2,1730,0,258,0,0,258,T
1-PB2,1731,0,260,0,0,260,T
1-PB2,1732,0,4,258,0,262,G
1-PB2,1733,262,0,0,0,262,A
1-PB2,1734,261,0,0,0,261,A
1-PB2,1735,0,0,0,260,260,C
1-PB2,1736,1,0,0,243,244,C
1-PB2,1737,247,0,0,0,247,A
1-PB2,1738,0,248,0,0,248,T
1-PB2,1739,0,247,0,0,247,T
1-PB2,1740,0,249,0,0,249,T
1-PB2,1741,0,0,0,247,247,C
1-PB2,1742,249,0,0,0,249,A
1-PB2,1743,250,0,0,0,250,A
1-PB2,1744,0,252,0,0,252,T
1-PB2,1745,0,0,0,253,253,C
1-PB2,1746,0,249,1,0,250,T
1-PB2,1747,0,250,0,0,250,T
1-PB2,1748,0,252,0,0,252,T
1-PB2,1749,253,0,0,0,253,A
1-PB2,1750,0,0,253,0,253,G
1-PB2,1751,0,253,0,0,253,T
1-PB2,1752,2,0,0,251,253,C
1-PB2,1753,0,0,0,256,256,C
1-PB2,1754,0,0,0,252,252,C
1-PB2,1755,1,0,0,251,252,C
1-PB2,1756,250,0,0,0,250,A
1-PB2,1757,251,0,0,0,251,A
1-PB2,1758,0,1,254,0,255,G
1-PB2,1759,0,0,252,0,252,G
1-PB2,1760,0,0,0,253,253,C
1-PB2,1761,0,0,0,251,251,C
1-PB2,1762,251,0,0,0,251,A
1-PB2,1763,0,257,0,0,257,T
1-PB2,1764,0,255,0,0,255,T
1-PB2,1765,258,0,0,0,258,A
1-PB2,1766,0,1,257,0,258,G
1-PB2,1767,251,0,0,0,251,A
1-PB2,1768,261,0,0,0,261,A
1-PB2,1769,0,0,269,0,269,G
1-PB2,1770,0,0,0,270,270,C
1-PB2,1771,1,0,1,267,269,C
1-PB2,1772,271,0,0,0,271,A
1-PB2,1773,275,0,0,0,275,A
1-PB2,1774,0,276,0,0,276,T
1-PB2,1775,276,0,0,0,276,A
1-PB2,1776,0,0,0,280,280,C
1-PB2,1777,260,0,0,0,260,A
1-PB2,1778,0,0,263,0,263,G
1-PB2,1779,0,258,0,0,258,T
1-PB2,1780,0,0,262,0,262,G
1-PB2,1781,0,1,261,0,262,G
1-PB2,1782,0,1,257,0,258,G
1-PB2,1783,0,252,0,0,252,T
1-PB2,1784,0,251,0,0,251,T
1-PB2,1785,0,250,0,0,250,T
1-PB2,1786,1,0,252,0,253,G
1-PB2,1787,0,255,0,1,256,T
1-PB2,1788,0,0,0,254,254,C
1-PB2,1789,251,1,0,0,252,A
1-PB2,1790,0,0,252,0,252,G
1-PB2,1791,254,0,0,0,254,A
1-PB2,1792,254,0,0,0,254,A
1-PB2,1793,0,0,0,253,253,C
1-PB2,1794,0,245,0,1,246,T
1-PB2,1795,1,0,0,255,256,C
1-PB2,1796,0,257,0,0,257,T
1-PB2,1797,259,0,0,0,259,A
1-PB2,1798,0,260,0,0,260,T
1-PB2,1799,0,257,0,0,257,T
1-PB2,1800,1,0,0,256,257,C
1-PB2,1801,0,1,0,254,255,C
1-PB2,1802,249,0,0,0,249,A
1-PB2,1803,251,0,0,0,251,A
1-PB2,1804,0,0,0,249,249,C
1-PB2,1805,250,0,0,0,250,A
1-PB2,1806,249,0,1,0,250,A
1-PB2,1807,252,0,0,0,252,A
1-PB2,1808,0,252,0,0,252,T
1-PB2,1809,0,1,249,0,250,G
1-PB2,1810,251,0,0,0,251,A
1-PB2,1811,0,1,251,0,252,G
1-PB2,1812,254,0,0,0,254,A
1-PB2,1813,0,0,255,0,255,G
1-PB2,1814,254,0,1,0,255,A
1-PB2,1815,0,0,0,255,255,C
1-PB2,1816,0,0,257,0,257,G
1-PB2,1817,0,256,0,0,256,T
1-PB2,1818,260,0,0,0,260,A
1-PB2,1819,0,0,0,262,262,C
1-PB2,1820,0,259,0,0,259,T
1-PB2,1821,0,260,0,0,260,T
1-PB2,1822,0,0,255,0,255,G
1-PB2,1823,0,1,257,0,258,G
1-PB2,1824,0,2,255,0,257,G
1-PB2,1825,253,0,0,0,253,A
1-PB2,1826,0,0,0,256,256,C
1-PB2,1827,258,0,0,0,258,A
1-PB2,1828,0,259,0,0,259,T
1-PB2,1829,0,259,0,0,259,T
1-PB2,1830,0,258,0,0,258,T
1-PB2,1831,0,2,256,0,258,G
1-PB2,1832,259,0,0,0,259,A
1-PB2,1833,0,0,0,257,257,C
1-PB2,1834,257,0,0,0,257,A
1-PB2,1835,0,0,0,258,258,C
1-PB2,1836,1,0,0,252,253,C
1-PB2,1837,253,0,0,0,253,A
1-PB2,1838,0,2,0,253,255,C
1-PB2,1839,1,0,0,250,251,C
1-PB2,1840,2,0,0,255,257,C
1-PB2,1841,254,0,0,0,254,A
1-PB2,1842,0,0,264,0,264,G
1-PB2,1843,263,0,0,0,263,A
1-PB2,1844,0,271,0,0,271,T
1-PB2,1845,266,0,1,0,267,A
1-PB2,1846,266,0,0,0,266,A
1-PB2,1847,0,263,0,0,263,T
1-PB2,1848,263,0,0,0,263,A
1-PB2,1849,263,0,0,0,263,A
1-PB2,1850,261,0,0,0,261,A
1-PB2,1851,0,0,263,0,263,G
1-PB2,1852,0,0,0,258,258,C
1-PB2,1853,0,248,0,0,248,T
1-PB2,1854,0,246,0,0,246,T
1-PB2,1855,0,0,0,247,247,C
1-PB2,1856,0,245,0,0,245,T
1-PB2,1857,1,0,0,255,256,C
1-PB2,1858,0,0,0,253,253,C
1-PB2,1859,0,0,0,255,255,C
1-PB2,1860,0,251,0,0,251,T
1-PB2,1861,0,250,0,0,250,T
1-PB2,1862,0,247,0,1,248,T
1-PB2,1863,0,248,0,0,248,T
1-PB2,1864,0,0,247,0,247,G
1-PB2,1865,0,0,0,248,248,C
1-PB2,1866,245,0,0,0,245,A
1-PB2,1867,0,0,244,0,244,G
1-PB2,1868,0,1,0,242,243,C
1-PB2,1869,0,242,0,0,242,T
1-PB2,1870,0,0,243,0,243,G
1-PB2,1871,0,0,0,243,243,C
1-PB2,1872,0,240,0,0,240,T
1-PB2,1873,0,0,0,244,244,C
1-PB2,1874,0,0,0,243,243,C
1-PB2,1875,241,0,0,0,241,A
1-PB2,1876,0,0,0,241,241,C
1-PB2,1877,0,0,0,245,245,C
1-PB2,1878,245,0,0,0,245,A
1-PB2,1879,248,0,0,0,248,A
1-PB2,1880,250,0,0,0,250,A
1-PB2,1881,0,0,252,0,252,G
1-PB2,1882,0,0,0,251,251,C
1-PB2,1883,245,0,0,0,245,A
1-PB2,1884,246,0,0,0,246,A
1-PB2,1885,247,0,0,0,247,A
1-PB2,1886,0,0,249,0,249,G
1-PB2,1887,0,0,0,250,250,C
1-PB2,1888,250,0,0,0,250,A
1-PB2,1889,0,3,249,0,252,G
1-PB2,1890,250,0,0,0,250,A
1-PB2,1891,258,0,0,0,258,A
1-PB2,1892,0,260,0,0,260,T
1-PB2,1893,0,0,257,0,257,G
1-PB2,1894,0,0,0,257,257,C
1-PB2,1895,251,0,0,0,251,A
1-PB2,1896,0,0,254,0,254,G
1-PB2,1897,0,253,0,0,253,T
1-PB2,1898,0,265,0,0,265,T
1-PB2,1899,0,0,0,265,265,C
1-PB2,1900,0,258,0,1,259,T
1-PB2,1901,0,0,0,264,264,C
1-PB2,1902,0,262,0,3,265,T
1-PB2,1903,0,267,0,0,267,T
1-PB2,1904,0,0,0,267,267,C
1-PB2,1905,262,0,0,0,262,A
1-PB2,1906,0,0,0,259,259,C
1-PB2,1907,0,251,0,0,251,T
1-PB2,1908,0,1,261,0,262,G
1-PB2,1909,258,0,0,0,258,A
1-PB2,1910,1,0,0,266,267,C
1-PB2,1911,0,266,0,1,267,T
1-PB2,1912,0,0,274,0,274,G
1-PB2,1913,0,270,0,1,271,T
1-PB2,1914,0,2,274,0,276,G
1-PB2,1915,271,0,0,0,271,A
1-PB2,1916,275,0,0,0,275,A
1-PB2,1917,0,274,0,0,274,T
1-PB2,1918,0,0,276,0,276,G
1-PB2,1919,0,263,0,0,263,T
1-PB2,1920,0,1,261,0,262,G
1-PB2,1921,257,0,0,0,257,A
1-PB2,1922,0,1,257,0,258,G
1-PB2,1923,0,1,258,0,259,G
1-PB2,1924,0,0,257,0,257,G
1-PB2,1925,0,0,265,0,265,G
1-PB2,1926,265,0,0,0,265,A
1-PB2,1927,0,266,0,0,266,T
1-PB2,1928,0,0,0,265,265,C
1-PB2,1929,264,0,0,0,264,A
1-PB2,1930,0,2,267,0,269,G
1-PB2,1931,0,0,271,0,271,G
1-PB2,1932,0,2,266,0,268,G
1-PB2,1933,263,0,0,0,263,A
1-PB2,1934,0,258,0,0,258,T
1-PB2,1935,0,1,259,0,260,G
1-PB2,1936,259,0,0,0,259,A
1-PB2,1937,0,0,264,0,264,G
1-PB2,1938,266,0,0,0,266,A
1-PB2,1939,257,0,0,0,257,A
1-PB2,1940,0,258,0,0,258,T
1-PB2,1941,251,0,0,0,251,A
1-PB2,1942,0,0,0,257,257,C
1-PB2,1943,0,257,0,0,257,T
1-PB2,1944,0,258,0,0,258,T
1-PB2,1945,0,0,259,0,259,G
1-PB2,1946,0,248,0,0,248,T
1-PB2,1947,248,0,0,0,248,A
1-PB2,1948,246,0,2,0,248,A
1-PB2,1949,0,0,241,0,241,G
1-PB2,1950,0,1,241,0,242,G
1-PB2,1951,0,0,237,0,237,G
1-PB2,1952,0,0,241,0,241,G
1-PB2,1953,0,0,0,238,238,C
1-PB2,1954,238,0,0,0,238,A
1-PB2,1955,245,0,0,0,245,A
1-PB2,1956,0,245,0,0,245,T
1-PB2,1957,0,245,0,0,245,T
1-PB2,1958,2,0,0,251,253,C
1-PB2,1959,0,247,0,0,247,T
1-PB2,1960,2,0,0,249,251,C
1-PB2,1961,0,0,0,251,251,C
1-PB2,1962,0,248,0,1,249,T
1-PB2,1963,0,0,256,0,256,G
1-PB2,1964,0,251,0,0,251,T
1-PB2,1965,252,0,0,0,252,A
1-PB2,1966,0,252,0,0,252,T
1-PB2,1967,0,245,0,0,245,T
1-PB2,1968,2,0,0,246,248,C
1-PB2,1969,243,0,0,0,243,A
1-PB2,1970,247,0,0,0,247,A
1-PB2,1971,0,0,0,245,245,C
1-PB2,1972,0,238,0,0,238,T
1-PB2,1973,240,0,0,0,240,A
1-PB2,1974,0,0,0,249,249,C
1-PB2,1975,253,0,0,0,253,A
1-PB2,1976,252,0,0,0,252,A
1-PB2,1977,0,0,0,251,251,C
1-PB2,1978,248,0,0,0,248,A
1-PB2,1979,247,0,0,0,247,A
1-PB2,1980,0,0,247,0,247,G
1-PB2,1981,248,0,2,0,250,A
1-PB2,1982,0,0,0,251,251,C
1-PB2,1983,0,0,0,244,244,C
1-PB2,1984,242,0,0,0,242,A
1-PB2,1985,0,0,0,252,252,C
1-PB2,1986,0,253,0,0,253,T
1-PB2,1987,249,0,0,1,250,A
1-PB2,1988,250,0,0,0,250,A
1-PB2,1989,253,0,0,0,253,A
1-PB2,1990,253,0,0,0,253,A
1-PB2,1991,0,2,255,0,257,G
1-PB2,1992,255,1,0,0,256,A
1-PB2,1993,0,0,0,254,254,C
1-PB2,1994,0,245,0,0,245,T
1-PB2,1995,244,0,0,0,244,A
1-PB2,1996,243,0,0,0,243,A
1-PB2,1997,0,0,0,245,245,C
1-PB2,1998,238,0,0,0,238,A
1-PB2,1999,244,0,0,0,244,A
1-PB2,2000,0,242,0,0,242,T
1-PB2,2001,0,239,0,0,239,T
1-PB2,2002,0,0,1,240,241,C
1-PB2,2003,0,238,0,0,238,T
1-PB2,2004,0,1,0,238,239,C
1-PB2,2005,0,1,238,0,239,G
1-PB2,2006,0,1,239,0,240,G
1-PB2,2007,238,0,0,0,238,A
1-PB2,2008,239,0,0,0,239,A
1-PB2,2009,239,0,0,0,239,A
1-PB2,2010,239,0,0,0,239,A
1-PB2,2011,0,1,238,0,239,G
1-PB2,2012,238,0,0,0,238,A
1-PB2,2013,0,238,0,0,238,T
1-PB2,2014,0,0,238,0,238,G
1-PB2,2015,0,0,0,238,238,C
1-PB2,2016,0,0,0,237,237,C
1-PB2,2017,0,0,238,0,238,G
1-PB2,2018,0,0,238,0,238,G
1-PB2,2019,0,0,0,238,238,C
1-PB2,2020,237,0,0,0,237,A
1-PB2,2021,0,1,0,242,243,C
1-PB2,2022,0,239,0,1,240,T
1-PB2,2023,0,241,0,0,241,T
1-PB2,2024,0,242,0,0,242,T
1-PB2,2025,243,0,0,0,243,A
1-PB2,2026,243,0,0,0,243,A
1-PB2,2027,0,242,0,0,242,T
1-PB2,2028,0,244,0,0,244,T
1-PB2,2029,0,1,243,0,244,G
1-PB2,2030,235,0,0,0,235,A
1-PB2,2031,233,0,0,0,233,A
1-PB2,2032,0,0,237,0,237,G
1-PB2,2033,239,0,0,0,239,A
1-PB2,2034,0,0,0,242,242,C
1-PB2,2035,0,0,0,243,243,C
1-PB2,2036,1,0,0,242,243,C
1-PB2,2037,245,0,0,0,245,A
1-PB2,2038,0,0,250,0,250,G
1-PB2,2039,250,0,1,0,251,A
1-PB2,2040,0,251,0,0,251,T
1-PB2,2041,0,0,251,0,251,G
1-PB2,2042,243,0,0,0,243,A
1-PB2,2043,244,0,0,0,244,A
1-PB2,2044,245,0,0,0,245,A
1-PB2,2045,0,0,247,0,247,G
1-PB2,2046,1,0,0,244,245,C
1-PB2,2047,242,0,0,0,242,A
1-PB2,2048,0,0,0,244,244,C
1-PB2,2049,241,0,0,2,243,A
1-PB2,2050,0,242,0,0,242,T
1-PB2,2051,0,0,0,242,242,C
1-PB2,2052,1,0,0,243,244,C
1-PB2,2053,0,1,242,0,243,G
1-PB2,2054,0,2,243,0,245,G
1-PB2,2055,243,0,0,0,243,A
1-PB2,2056,0,0,247,0,247,G
1-PB2,2057,0,238,0,0,238,T
1-PB2,2058,0,1,236,0,237,G
1-PB2,2059,0,0,239,0,239,G
1-PB2,2060,238,0,0,0,238,A
1-PB2,2061,232,0,0,0,232,A
1-PB2,2062,0,231,0,0,231,T
1-PB2,2063,0,0,0,235,235,C
1-PB2,2064,0,0,0,234,234,C
1-PB2,2065,0,1,232,0,233,G
1-PB2,2066,0,0,0,234,234,C
1-PB2,2067,231,0,0,0,231,A
1-PB2,2068,0,0,240,0,240,G
1-PB2,2069,0,239,0,0,239,T
1-PB2,2070,1,0,0,243,244,C
1-PB2,2071,0,244,0,0,244,T
1-PB2,2072,0,244,0,0,244,T
1-PB2,2073,0,1,244,0,245,G
1-PB2,2074,241,0,0,0,241,A
1-PB2,2075,0,0,244,0,244,G
1-PB2,2076,242,0,0,0,242,A
1-PB2,2077,0,1,232,0,233,G
1-PB2,2078,0,0,235,0,235,G
1-PB2,2079,0,0,230,0,230,G
1-PB2,2080,0,230,0,0,230,T
1-PB2,2081,0,231,0,0,231,T
1-PB2,2082,0,237,0,0,237,T
1-PB2,2083,0,0,0,237,237,C
1-PB2,2084,1,234,0,0,235,T
1-PB2,2085,2,0,0,243,245,C
1-PB2,2086,244,0,0,0,244,A
1-PB2,2087,0,242,0,0,242,T
1-PB2,2088,0,240,0,1,241,T
1-PB2,2089,240,0,0,0,240,A
1-PB2,2090,0,240,0,0,240,T
1-PB2,2091,244,0,0,0,244,A
1-PB2,2092,0,0,245,0,245,G
1-PB2,2093,0,0,247,0,247,G
1-PB2,2094,0,227,0,0,227,T
1-PB2,2095,229,0,0,0,229,A
1-PB2,2096,228,0,0,0,228,A
1-PB2,2097,0,0,229,0,229,G
1-PB2,2098,0,0,232,0,232,G
1-PB2,2099,231,0,0,0,231,A
1-PB2,2100,224,0,0,0,224,A
1-PB2,2101,0,1,222,0,223,G
1-PB2,2102,221,0,0,0,221,A
1-PB2,2103,0,0,0,223,223,C
1-PB2,2104,222,0,0,0,222,A
1-PB2,2105,0,0,222,0,222,G
1-PB2,2106,221,0,1,0,222,A
1-PB2,2107,220,0,1,0,221,A
1-PB2,2108,0,0,221,0,221,G
1-PB2,2109,0,0,215,0,215,G
1-PB2,2110,0,224,0,0,224,T
1-PB2,2111,221,0,4,0,225,A
1-PB2,2112,0,0,0,225,225,C
1-PB2,2113,0,0,225,0,225,G
1-PB2,2114,0,1,232,0,233,G
1-PB2,2115,230,0,0,0,230,A
1-PB2,2116,0,0,0,230,230,C
1-PB2,2117,4,0,0,224,228,C
1-PB2,2118,219,0,0,0,219,A
1-PB2,2119,0,0,221,0,221,G
1-PB2,2120,0,0,0,220,220,C
1-PB2,2121,223,0,0,0,223,A
1-PB2,2122,0,221,0,0,221,T
1-PB2,2123,0,210,0,0,210,T
1-PB2,2124,211,0,0,0,211,A
1-PB2,2125,210,0,0,0,210,A
1-PB2,2126,0,0,212,0,212,G
1-PB2,2127,0,0,0,210,210,C
1-PB2,2128,201,0,0,0,201,A
1-PB2,2129,0,208,0,0,208,T
1-PB2,2130,0,0,0,207,207,C
1-PB2,2131,208,0,0,0,208,A
1-PB2,2132,207,0,0,0,207,A
1-PB2,2133,0,205,0,0,205,T
1-PB2,2134,0,2,204,0,206,G
1-PB2,2135,205,0,0,0,205,A
1-PB2,2136,206,0,0,0,206,A
1-PB2,2137,0,0,0,205,205,C
1-PB2,2138,0,188,0,0,188,T
1-PB2,2139,0,0,186,0,186,G
1-PB2,2140,186,0,0,0,186,A
1-PB2,2141,0,0,186,0,186,G
1-PB2,2142,0,0,0,182,182,C
1-PB2,2143,184,0,0,0,184,A
1-PB2,2144,186,0,1,0,187,A
1-PB2,2145,0,0,0,184,184,C
1-PB2,2146,0,0,0,180,180,C
1-PB2,2147,0,180,0,0,180,T
1-PB2,2148,0,184,0,0,184,T
1-PB2,2149,0,0,183,0,183,G
1-PB2,2150,0,0,0,183,183,C
1-PB2,2151,178,0,0,0,178,A
1-PB2,2152,181,0,0,0,181,A
1-PB2,2153,175,0,0,0,175,A
1-PB2,2154,172,0,0,0,172,A
1-PB2,2155,0,1,172,0,173,G
1-PB2,2156,0,0,175,0,175,G
1-PB2,2157,0,0,173,0,173,G
1-PB2,2158,0,0,171,0,171,G
1-PB2,2159,171,0,0,0,171,A
1-PB2,2160,169,0,0,0,169,A
1-PB2,2161,170,0,0,0,170,A
1-PB2,2162,174,0,0,0,174,A
1-PB2,2163,0,1,176,0,177,G
1-PB2,2164,0,1,175,0,176,G
1-PB2,2165,0,0,0,173,173,C
1-PB2,2166,0,174,0,0,174,T
1-PB2,2167,174,0,0,0,174,A
1-PB2,2168,174,0,0,0,174,A
1-PB2,2169,0,175,0,0,175,T
1-PB2,2170,0,0,178,0,178,G
1-PB2,2171,0,173,0,0,173,T
1-PB2,2172,0,0,171,0,171,G
1-PB2,2173,0,0,0,173,173,C
1-PB2,2174,0,171,0,0,171,T
1-PB2,2175,172,0,0,0,172,A
1-PB2,2176,173,0,0,0,173,A
1-PB2,2177,0,173,0,0,173,T
1-PB2,2178,0,0,0,172,172,C
1-PB2,2179,0,2,160,0,162,G
1-PB2,2180,0,0,160,0,160,G
1-PB2,2181,0,0,160,0,160,G
1-PB2,2182,1,0,0,160,161,C
1-PB2,2183,161,0,0,0,161,A
1-PB2,2184,159,0,0,0,159,A
1-PB2,2185,0,0,159,0,159,G
1-PB2,2186,0,1,159,0,160,G
1-PB2,2187,160,0,0,0,160,A
1-PB2,2188,0,0,160,0,160,G
1-PB2,2189,155,0,0,0,155,A
1-PB2,2190,0,0,0,154,154,C
1-PB2,2191,0,0,154,0,154,G
1-PB2,2192,0,154,0,0,154,T
1-PB2,2193,0,0,155,0,155,G
1-PB2,2194,0,0,156,0,156,G
1-PB2,2195,0,150,0,0,150,T
1-PB2,2196,0,0,151,0,151,G
1-PB2,2197,0,147,0,0,147,T
1-PB2,2198,0,148,0,0,148,T
1-PB2,2199,0,0,145,0,145,G
1-PB2,2200,0,0,142,0,142,G
1-PB2,2201,0,142,0,0,142,T
1-PB2,2202,140,0,0,0,140,A
1-PB2,2203,139,0,0,0,139,A
1-PB2,2204,0,138,0,0,138,T
1-PB2,2205,0,0,134,0,134,G
1-PB2,2206,132,0,2,0,134,A
1-PB2,2207,135,0,0,0,135,A
1-PB2,2208,135,0,0,0,135,A
1-PB2,2209,0,0,0,136,136,C
1-PB2,2210,0,1,134,0,135,G
1-PB2,2211,134,0,0,0,134,A
1-PB2,2212,135,0,0,0,135,A
1-PB2,2213,133,0,0,0,133,A
1-PB2,2214,133,0,0,1,134,A
1-PB2,2215,0,0,0,135,135,C
1-PB2,2216,0,0,134,0,134,G
1-PB2,2217,0,0,133,0,133,G
1-PB2,2218,0,1,133,0,134,G
1-PB2,2219,134,0,0,0,134,A
1-PB2,2220,0,0,0,137,137,C
1-PB2,2221,0,135,0,0,135,T
1-PB2,2222,1,0,0,132,133,C
1-PB2,2223,0,133,0,1,134,T
1-PB2,2224,133,0,0,0,133,A
1-PB2,2225,0,0,135,0,135,G
1-PB2,2226,0,0,0,133,133,C
1-PB2,2227,133,0,0,0,133,A
1-PB2,2228,0,130,0,0,130,T
1-PB2,2229,126,0,0,0,126,A
1-PB2,2230,0,0,0,127,127,C
1-PB2,2231,0,106,0,0,106,T
1-PB2,2232,0,106,0,0,106,T
1-PB2,2233,104,0,0,0,104,A
1-PB2,2234,0,0,0,105,105,C
1-PB2,2235,0,101,0,0,101,T
1-PB2,2236,0,0,100,0,100,G
1-PB2,2237,99,0,0,0,99,A
1-PB2,2238,0,0,0,99,99,C
1-PB2,2239,89,0,0,0,89,A
1-PB2,2240,0,0,93,0,93,G
1-PB2,2241,0,0,0,91,91,C
1-PB2,2242,0,0,0,91,91,C
1-PB2,2243,89,0,0,0,89,A
1-PB2,2244,0,1,88,0,89,G
1-PB2,2245,90,0,0,0,90,A
1-PB2,2246,0,0,0,89,89,C
1-PB2,2247,84,0,0,0,84,A
1-PB2,2248,0,0,83,0,83,G
1-PB2,2249,0,0,0,81,81,C
1-PB2,2250,0,0,82,0,82,G
1-PB2,2251,82,0,0,0,82,A
1-PB2,2252,0,0,0,81,81,C
1-PB2,2253,0,0,0,82,82,C
1-PB2,2254,82,0,0,0,82,A
1-PB2,2255,80,0,0,0,80,A
1-PB2,2256,81,0,0,0,81,A
1-PB2,2257,82,0,0,0,82,A
1-PB2,2258,0,0,82,0,82,G
1-PB2,2259,78,0,0,0,78,A
1-PB2,2260,77,0,0,0,77,A
1-PB2,2261,0,77,0,0,77,T
1-PB2,2262,0,78,0,0,78,T
1-PB2,2263,0,0,0,77,77,C
1-PB2,2264,0,0,75,0,75,G
1-PB2,2265,0,0,76,0,76,G
1-PB2,2266,76,0,0,0,76,A
1-PB2,2267,0,71,0,0,71,T
1-PB2,2268,0,0,71,0,71,G
1-PB2,2269,0,0,72,0,72,G
1-PB2,2270,0,0,0,70,70,C
1-PB2,2271,1,0,0,68,69,C
1-PB2,2272,72,0,0,0,72,A
1-PB2,2273,0,70,0,0,70,T
1-PB2,2274,1,0,0,71,72,C
1-PB2,2275,72,0,0,0,72,A
1-PB2,2276,72,0,0,0,72,A
1-PB2,2277,0,72,0,0,72,T
1-PB2,2278,0,65,0,0,65,T
1-PB2,2279,64,0,0,0,64,A
1-PB2,2280,62,0,0,0,62,A
2-PB1,1,1359,0,0,0,1359,A
2-PB1,2,0,1363,0,0,1363,T
2-PB1,3,0,0,1392,0,1392,G
2-PB1,4,0,3,1488,0,1491,G
2-PB1,5,1695,0,1,0,1696,A
2-PB1,6,0,1823,0,0,1823,T
2-PB1,7,2,0,1829,0,1831,G
2-PB1,8,0,1830,0,2,1832,T
2-PB1,9,6,1,0,1995,2002,C
2-PB1,10,2020,0,0,0,2020,A
2-PB1,11,2113,0,1,0,2114,A
2-PB1,12,0,2129,0,0,2129,T
2-PB1,13,7,0,0,2152,2159,C
2-PB1,14,4,7,0,2327,2338,C
2-PB1,15,0,21,2366,1,2388,G
2-PB1,16,2727,0,0,0,2727,A
2-PB1,17,1,0,0,2750,2751,C
2-PB1,18,0,2710,0,47,2757,T
2-PB1,19,3,0,0,3224,3227,C
2-PB1,20,1,3227,0,2,3230,T
2-PB1,21,3254,0,1,0,3255,A
2-PB1,22,1,1,0,3258,3260,C
2-PB1,23,3,3262,0,0,3265,T
2-PB1,24,53,0,3538,0,3591,G
2-PB1,25,0,3625,0,3,3628,T
2-PB1,26,0,3630,0,1,3631,T
2-PB1,27,10,0,0,3618,3628,C
2-PB1,28,8,1,0,3611,3620,C
2-PB1,29,1,4229,0,2,4232,T
2-PB1,30,4272,0,0,0,4272,A
2-PB1,31,4271,0,1,0,4272,A
2-PB1,32,4304,2,2,0,4308,A
2-PB1,33,0,16,4311,0,4327,G
2-PB1,34,0,1,4372,0,4373,G
2-PB1,35,0,4365,1,2,4368,T
2-PB1,36,0,4385,0,0,4385,T
2-PB1,37,11,0,0,4376,4387,C
2-PB1,38,2,1,0,4390,4393,C
2-PB1,39,4385,0,2,0,4387,A
2-PB1,40,0,3,4437,0,4440,G
2-PB1,41,1,1,0,4446,4448,C
2-PB1,42,1,3,4448,0,4452,G
2-PB1,43,3,0,1,4453,4457,C
2-PB1,44,4464,0,1,0,4465,A
2-PB1,45,4489,0,1,0,4490,A
2-PB1,46,4489,0,1,0,4490,A
2-PB1,47,4529,1,0,0,4530,A
2-PB1,48,0,4560,0,0,4560,T
2-PB1,49,0,1,4757,0,4758,G
2-PB1,50,1,0,0,4782,4783,C
2-PB1,51,6,5,0,4811,4822,C
2-PB1,52,4826,0,0,0,4826,A
2-PB1,53,0,4835,1,0,4836,T
2-PB1,54,5133,1,1,0,5135,A
2-PB1,55,5145,0,0,0,5145,A
2-PB1,56,3,3,5357,0,5363,G
2-PB1,57,1,4,0,5361,5366,C
2-PB1,58,5340,1,0,0,5341,A
2-PB1,59,1,4,0,5566,5571,C
2-PB1,60,5571,1,2,0,5574,A
2-PB1,61,5843,0,0,0,5843,A
2-PB1,62,0,4,0,5871,5875,C
2-PB1,63,5818,0,0,0,5818,A
2-PB1,64,0,5887,0,0,5887,T
2-PB1,65,0,5845,0,3,5848,T
2-PB1,66,12,1,0,7533,7546,C
2-PB1,67,7,1,1,7567,7576,C
2-PB1,68,18,0,0,7629,7647,C
2-PB1,69,1,7661,0,11,7673,T
2-PB1,70,0,7655,0,0,7655,T
2-PB1,71,8226,0,0,0,8226,A
2-PB1,72,1,8262,0,0,8263,T
2-PB1,73,8483,0,2,0,8485,A
2-PB1,74,3,1,0,8622,8626,C
2-PB1,75,0,8194,0,3,8197,T
2-PB1,76,1,10,8257,0,8268,G
2-PB1,77,0,27,8221,2,8250,G
2-PB1,78,8230,1,2,0,8233,A
2-PB1,79,0,22,8212,0,8234,G
2-PB1,80,8118,2,9,0,8129,A
2-PB1,81,1,8,0,8043,8052,C
2-PB1,82,13,2,0,8646,8661,C
2-PB1,83,20,1,0,8675,8696,C
2-PB1,84,1,8691,0,8,8700,T
2-PB1,85,13,2,1,9425,9441,C
2-PB1,86,14,4,0,9435,9453,C
2-PB1,87,9514,1,1,0,9516,A
2-PB1,88,0,9514,0,0,9514,T
2-PB1,89,9501,1,1,0,9503,A
2-PB1,90,1,0,0,9526,9527,C
2-PB1,91,9366,0,5,0,9371,A
2-PB1,92,0,4,9688,1,9693,G
2-PB1,93,1,2,0,9776,9779,C
2-PB1,94,16,5,1,9627,9649,C
2-PB1,95,9655,1,2,0,9658,A
2-PB1,96,1,9651,1,4,9657,T
2-PB1,97,1,34,9629,0,9664,G
2-PB1,98,1,58,9994,0,10053,G
2-PB1,99,10094,4,3,1,10102,A
2-PB1,100,10129,1,6,0,10136,A
2-PB1,101,0,1,0,10138,10139,C
2-PB1,102,10037,0,5,1,10043,A
2-PB1,103,1,21,10252,0,10274,G
2-PB1,104,2,62,10326,1,10391,G
2-PB1,105,10407,2,3,0,10412,A
2-PB1,106,10470,0,5,0,10475,A
2-PB1,107,1,0,0,10546,10547,C
2-PB1,108,10447,1,8,1,10457,A
2-PB1,109,0,30,11500,0,11530,G
2-PB1,110,2,40,11477,0,11519,G
2-PB1,111,124,3,11554,0,11681,G
2-PB1,112,0,11621,0,4,11625,T
2-PB1,113,11583,3,3,0,11589,A
2-PB1,114,2,7,0,11677,11686,C
2-PB1,115,12015,1,6,1,12023,A
2-PB1,116,4,1,0,12421,12426,C
2-PB1,117,20,2,0,12247,12269,C
2-PB1,118,11837,2,5,0,11844,A
2-PB1,119,2,11826,0,1,11829,T
2-PB1,120,0,22,11786,2,11810,G
2-PB1,121,3,36,11793,1,11833,G
2-PB1,122,11828,1,9,0,11838,A
2-PB1,123,2,2,0,11859,11863,C
2-PB1,124,11548,0,4,1,11553,A
2-PB1,125,3,5,0,11709,11717,C
2-PB1,126,11665,2,3,0,11670,A
2-PB1,127,1,0,11957,0,11958,G
2-PB1,128,1,11923,1,3,11928,T
2-PB1,129,67,6,0,12214,12287,C
2-PB1,130,12241,3,5,0,12249,A
2-PB1,131,12260,3,67,0,12330,A
2-PB1,132,2,3,0,12331,12336,C
2-PB1,133,12280,1,6,0,12287,A
2-PB1,134,1,48,12462,1,12512,G
2-PB1,135,12344,0,3,0,12347,A
2-PB1,136,12281,1,4,0,12286,A
2-PB1,137,0,4,0,12266,12270,C
2-PB1,138,12021,1,8,1,12031,A
2-PB1,139,2,6,0,12422,12430,C
2-PB1,140,12362,1,8,0,12371,A
2-PB1,141,2,6,2,12956,12966,C
2-PB1,142,31,3,0,12925,12959,C
2-PB1,143,12877,1,2,0,12880,A
2-PB1,144,12980,0,2,0,12982,A
2-PB1,145,0,13308,0,0,13308,T
2-PB1,146,13654,1,1,1,13657,A
2-PB1,147,2,13662,3,1,13668,T
2-PB1,148,0,13382,0,3,13385,T
2-PB1,149,38,3,0,13364,13405,C
2-PB1,150,12972,1,4,0,12977,A
2-PB1,151,0,27,12960,0,12987,G
2-PB1,152,12853,1,4,0,12858,A
2-PB1,153,2,34,12871,0,12907,G
2-PB1,154,12554,1,5,0,12560,A
2-PB1,155,4,31,12248,0,12283,G
2-PB1,156,3,32,12228,0,12263,G
2-PB1,157,2,37,12734,0,12773,G
2-PB1,158,1,26,12747,0,12774,G
2-PB1,159,1,22,12849,1,12873,G
2-PB1,160,12846,3,5,2,12856,A
2-PB1,161,12886,1,9,1,12897,A
2-PB1,162,3,2,12978,0,12983,G
2-PB1,163,3,12885,1,3,12892,T
2-PB1,164,3,63,12746,0,12812,G
2-PB1,165,1,26,12712,0,12739,G
2-PB1,166,12706,1,35,1,12743,A
2-PB1,167,2,12,1,12766,12781,C
2-PB1,168,2,106,12695,1,12804,G
2-PB1,169,12876,2,8,0,12886,A
2-PB1,170,1,3,0,13022,13026,C
2-PB1,171,12946,1,1,0,12948,A
2-PB1,172,12960,0,2,0,12962,A
2-PB1,173,13029,0,4,3,13036,A
2-PB1,174,0,13216,1,2,13219,T
2-PB1,175,13241,3,8,0,13252,A
2-PB1,176,3,4,0,13267,13274,C
2-PB1,177,13088,0,13,1,13102,A
2-PB1,178,2,23,13134,0,13159,G
2-PB1,179,13065,0,3,0,13068,A
2-PB1,180,13244,0,0,0,13244,A
2-PB1,181,13227,2,4,1,13234,A
2-PB1,182,2,0,2,13222,13226,C
2-PB1,183,1,12890,0,132,13023,T
2-PB1,184,2,30,12984,2,13018,G
2-PB1,185,3,43,12937,0,12983,G
2-PB1,186,3,33,12944,0,12980,G
2-PB1,187,7,6,12964,0,12977,G
2-PB1,188,9,9,0,12954,12972,C
2-PB1,189,12881,2,7,0,12890,A
2-PB1,190,3,0,1,13430,13434,C
2-PB1,191,22,2,0,13348,13372,C
2-PB1,192,46,4,1,13329,13380,C
2-PB1,193,38,2,0,13392,13432,C
2-PB1,194,13440,0,2,0,13442,A
2-PB1,195,13558,4,3,1,13566,A
2-PB1,196,3,1,0,13570,13574,C
2-PB1,197,2,13491,1,5,13499,T
2-PB1,198,83,4,0,13473,13560,C
2-PB1,199,12988,1,5,0,12994,A
2-PB1,200,13259,0,5,0,13264,A
2-PB1,201,2,1,1,13260,13264,C
2-PB1,202,31,2,1,13181,13215,C
2-PB1,203,56,2,0,13177,13235,C
2-PB1,204,13121,1,1,0,13123,A
2-PB1,205,13165,1,2,0,13168,A
2-PB1,206,1,13233,0,1,13235,T
2-PB1,207,3,13174,2,2,13181,T
2-PB1,208,1,37,13209,0,13247,G
2-PB1,209,13024,1,6,0,13031,A
2-PB1,210,2,12976,0,39,13017,T
2-PB1,211,8,27,12950,1,12986,G
2-PB1,212,1,53,13093,0,13147,G
2-PB1,213,13281,3,9,1,13294,A
2-PB1,214,1,6,1,13376,13384,C
2-PB1,215,41,4,0,13267,13312,C
2-PB1,216,13267,2,8,0,13277,A
2-PB1,217,3,1,0,13596,13600,C
2-PB1,218,2,13556,0,2,13560,T
2-PB1,219,13753,4,4,0,13761,A
2-PB1,220,0,4,0,13866,13870,C
2-PB1,221,33,0,0,13687,13720,C
2-PB1,222,2,13386,3,11,13402,T
2-PB1,223,5,18,13434,0,13457,G
2-PB1,224,13376,1,10,0,13387,A
2-PB1,225,4,21,13494,0,13519,G
2-PB1,226,0,16,13377,0,13393,G
2-PB1,227,13355,1,2,0,13358,A
2-PB1,228,0,13232,0,2,13234,T
2-PB1,229,12982,0,1,0,12983,A
2-PB1,230,12977,2,7,0,12986,A
2-PB1,231,0,12982,1,6,12989,T
2-PB1,232,2,79,12922,0,13003,G
2-PB1,233,12977,1,2,0,12980,A
2-PB1,234,12833,1,7,0,12841,A
2-PB1,235,6,0,1,12876,12883,C
2-PB1,236,58,1,1,12571,12631,C
2-PB1,237,12661,0,3,1,12665,A
2-PB1,238,12695,1,3,0,12699,A
2-PB1,239,2,0,12792,0,12794,G
2-PB1,240,1,12750,1,1,12753,T
2-PB1,241,1,32,12744,0,12777,G
2-PB1,242,0,24,12923,0,12947,G
2-PB1,243,12890,1,9,0,12900,A
2-PB1,244,4,12838,0,2,12844,T
2-PB1,245,12863,1,5,2,12871,A
2-PB1,246,1,13020,1,5,13027,T
2-PB1,247,5,7,13102,0,13114,G
2-PB1,248,7,14,0,13074,13095,C
2-PB1,249,13072,0,9,1,13082,A
2-PB1,250,4,1,0,13429,13434,C
2-PB1,251,13162,0,2,0,13164,A
2-PB1,252,13410,0,3,0,13413,A
2-PB1,253,13408,1,7,0,13416,A
2-PB1,254,1,6,0,13421,13428,C
2-PB1,255,12990,2,1,0,12993,A
2-PB1,256,0,58,13111,0,13169,G
2-PB1,257,13070,4,3,0,13077,A
2-PB1,258,0,3,0,13109,13112,C
2-PB1,259,0,12621,0,2,12623,T
2-PB1,260,8,2,12913,2,12925,G
2-PB1,261,1,12700,1,6,12708,T
2-PB1,262,5,2,13244,0,13251,G
2-PB1,263,2,13239,0,6,13247,T
2-PB1,264,44,0,0,13283,13327,C
2-PB1,265,22,2,0,13290,13314,C
2-PB1,266,0,13184,0,9,13193,T
2-PB1,267,4,10,13172,0,13186,G
2-PB1,268,1,9,13175,1,13186,G
2-PB1,269,12900,2,4,0,12906,A
2-PB1,270,1,16,13134,0,13151,G
2-PB1,271,4,3,12685,0,12692,G
2-PB1,272,2,1,0,12713,12716,C
2-PB1,273,3,12600,1,5,12609,T
2-PB1,274,12621,0,3,0,12624,A
2-PB1,275,0,12620,0,5,12625,T
2-PB1,276,2,31,12602,0,12635,G
2-PB1,277,1,5,12629,0,12635,G
2-PB1,278,1,2,1,12597,12601,C
2-PB1,279,17,0,1,12415,12433,C
2-PB1,280,2,12228,1,5,12236,T
2-PB1,281,0,12945,0,1,12946,T
2-PB1,282,16,1,0,12956,12973,C
2-PB1,283,29,1,0,12956,12986,C
2-PB1,284,1,12996,1,5,13003,T
2-PB1,285,1,12942,0,5,12948,T
2-PB1,286,2,28,12971,1,13002,G
2-PB1,287,13005,2,4,0,13011,A
2-PB1,288,13015,2,6,0,13023,A
2-PB1,289,2,40,13004,1,13047,G
2-PB1,290,12406,1,0,0,12407,A
2-PB1,291,12559,0,3,0,12562,A
2-PB1,292,1,12532,0,4,12537,T
2-PB1,293,34,0,0,12498,12532,C
2-PB1,294,18,3,1,12523,12545,C
2-PB1,295,38,5,0,12461,12504,C
2-PB1,296,12535,1,8,0,12544,A
2-PB1,297,3,2,0,12630,12635,C
2-PB1,298,31,4,0,12555,12590,C
2-PB1,299,37,2,1,12596,12636,C
2-PB1,300,12426,1,7,0,12434,A
2-PB1,301,3,16,12542,2,12563,G
2-PB1,302,0,3,12635,0,12638,G
2-PB1,303,1,12558,0,6,12565,T
2-PB1,304,12664,0,2,0,12666,A
2-PB1,305,1,12569,2,1,12573,T
2-PB1,306,13,4,0,12564,12581,C
2-PB1,307,1,12562,0,4,12567,T
2-PB1,308,1,12576,0,1,12578,T
2-PB1,309,2,12512,2,1,12517,T
2-PB1,310,3,55,12395,0,12453,G
2-PB1,311,12338,0,5,0,12343,A
2-PB1,312,1,43,12349,0,12393,G
2-PB1,313,12227,2,4,0,12233,A
2-PB1,314,12267,2,2,0,12271,A
2-PB1,315,2,1,0,12369,12372,C
2-PB1,316,1,12207,1,9,12218,T
2-PB1,317,64,4,1,12178,12247,C
2-PB1,318,12244,0,3,0,12247,A
2-PB1,319,0,12253,0,5,12258,T
2-PB1,320,2,0,12274,0,12276,G
2-PB1,321,5,2,0,12515,12522,C
2-PB1,322,28,2,0,12502,12532,C
2-PB1,323,1,12443,1,9,12454,T
2-PB1,324,0,12261,0,9,12270,T
2-PB1,325,2,39,12288,1,12330,G
2-PB1,326,12404,0,2,0,12406,A
2-PB1,327,12431,1,4,0,12436,A
2-PB1,328,12400,2,9,2,12413,A
2-PB1,329,3,3,0,12505,12511,C
2-PB1,330,12119,2,3,0,12124,A
2-PB1,331,12186,1,1,0,12188,A
2-PB1,332,0,12193,0,3,12196,T
2-PB1,333,4,23,12143,1,12171,G
2-PB1,334,0,9,12142,1,12152,G
2-PB1,335,11966,3,5,0,11974,A
2-PB1,336,11967,0,7,3,11977,A
2-PB1,337,2,1,11960,0,11963,G
2-PB1,338,3,4,1,12007,12015,C
2-PB1,339,27,6,0,11867,11900,C
2-PB1,340,16,1,12046,0,12063,G
2-PB1,341,3,11978,0,13,11994,T
2-PB1,342,3,12013,0,1,12017,T
2-PB1,343,81,2,0,12047,12130,C
2-PB1,344,12139,0,3,2,12144,A
2-PB1,345,12312,2,7,0,12321,A
2-PB1,346,5,1,1,12326,12333,C
2-PB1,347,12315,0,3,1,12319,A
2-PB1,348,2,23,12425,0,12450,G
2-PB1,349,12233,3,5,0,12241,A
2-PB1,350,0,5,0,12248,12253,C
2-PB1,351,12216,1,5,0,12222,A
2-PB1,352,12321,0,7,0,12328,A
2-PB1,353,3,39,12412,1,12455,G
2-PB1,354,1,26,12309,0,12336,G
2-PB1,355,2,1,12365,0,12368,G
2-PB1,356,1,12036,0,9,12046,T
2-PB1,357,3,43,12023,0,12069,G
2-PB1,358,0,36,12039,1,12076,G
2-PB1,359,12030,2,41,0,12073,A
2-PB1,360,1,2,0,12076,12079,C
2-PB1,361,11825,0,1,2,11828,A
2-PB1,362,12061,0,1,0,12062,A
2-PB1,363,12033,0,3,0,12036,A
2-PB1,364,1,1,0,12038,12040,C
2-PB1,365,1,11970,1,3,11975,T
2-PB1,366,11985,0,2,0,11987,A
2-PB1,367,12080,2,6,2,12090,A
2-PB1,368,1,2,1,12112,12116,C
2-PB1,369,26,1,1,12063,12091,C
2-PB1,370,44,2,0,12040,12086,C
2-PB1,371,11701,2,1,1,11705,A
2-PB1,372,11681,3,2,3,11689,A
2-PB1,373,0,33,11666,0,11699,G
2-PB1,374,2,4,11722,0,11728,G
2-PB1,375,0,11630,0,3,11633,T
2-PB1,376,62,3,0,11474,11539,C
2-PB1,377,16,5,11503,0,11524,G
2-PB1,378,3,5,0,11509,11517,C
2-PB1,379,28,3,1,11513,11545,C
2-PB1,380,11542,1,0,0,11543,A
2-PB1,381,11437,0,10,2,11449,A
2-PB1,382,11832,0,2,0,11834,A
2-PB1,383,0,0,0,11907,11907,C
2-PB1,384,0,11893,0,1,11894,T
2-PB1,385,0,11867,0,3,11870,T
2-PB1,386,11872,1,0,0,11873,A
2-PB1,387,3,11936,0,2,11941,T
2-PB1,388,1,43,11927,0,11971,G
2-PB1,389,11934,1,2,0,11937,A
2-PB1,390,0,11894,1,3,11898,T
2-PB1,391,2,11454,0,2,11458,T
2-PB1,392,3,42,11359,1,11405,G
2-PB1,393,1,23,11413,1,11438,G
2-PB1,394,11608,0,9,0,11617,A
2-PB1,395,0,2,1,11596,11599,C
2-PB1,396,11476,3,1,0,11480,A
2-PB1,397,1,11397,0,0,11398,T
2-PB1,398,1,11522,0,1,11524,T
2-PB1,399,11614,0,2,0,11616,A
2-PB1,400,11602,2,0,0,11604,A
2-PB1,401,11619,1,6,0,11626,A
2-PB1,402,2,6,0,11639,11647,C
2-PB1,403,11339,2,2,0,11343,A
2-PB1,404,0,16,11438,0,11454,G
2-PB1,405,11393,0,3,1,11397,A
2-PB1,406,11411,0,4,1,11416,A
2-PB1,407,11418,1,1,1,11421,A
2-PB1,408,0,11293,1,5,11299,T
2-PB1,409,58,5,0,11280,11343,C
2-PB1,410,11328,1,3,2,11334,A
2-PB1,411,11353,0,4,1,11358,A
2-PB1,412,1,4,1,11331,11337,C
2-PB1,413,25,13,0,11235,11273,C
2-PB1,414,8,17,11254,0,11279,G
2-PB1,415,7,2,11256,0,11265,G
2-PB1,416,3,6,0,11298,11307,C
2-PB1,417,11271,0,22,1,11294,A
2-PB1,418,8,2,11309,0,11319,G
2-PB1,419,5,3,1,11403,11412,C
2-PB1,420,11398,0,3,0,11401,A
2-PB1,421,11430,0,5,0,11435,A
2-PB1,422,2,1,0,11454,11457,C
2-PB1,423,1,11369,0,3,11373,T
2-PB1,424,9,5,11954,0,11968,G
2-PB1,425,5,2,0,11952,11959,C
2-PB1,426,11966,4,0,1,11971,A
2-PB1,427,3,11925,0,3,11931,T
2-PB1,428,0,11754,0,1,11755,T
2-PB1,429,12490,0,4,2,12496,A
2-PB1,430,3,5,12497,0,12505,G
2-PB1,431,3,2,0,12444,12449,C
2-PB1,432,18,5,1,12427,12451,C
2-PB1,433,11892,0,3,0,11895,A
2-PB1,434,11975,0,4,1,11980,A
2-PB1,435,3,0,0,12035,12038,C
2-PB1,436,12044,1,10,0,12055,A
2-PB1,437,2,1,1,12596,12600,C
2-PB1,438,33,6,0,11731,11770,C
2-PB1,439,11718,2,3,0,11723,A
2-PB1,440,1,11690,1,2,11694,T
2-PB1,441,11725,0,0,0,11725,A
2-PB1,442,1,14,11737,0,11752,G
2-PB1,443,11633,1,1,1,11636,A
2-PB1,444,11515,0,1,1,11517,A
2-PB1,445,1,1,11621,0,11623,G
2-PB1,446,0,11159,2,3,11164,T
2-PB1,447,0,11196,2,0,11198,T
2-PB1,448,0,11179,1,1,11181,T
2-PB1,449,0,11196,4,3,11203,T
2-PB1,450,0,11220,0,0,11220,T
2-PB1,451,11179,1,5,0,11185,A
2-PB1,452,0,28,11157,0,11185,G
2-PB1,453,11107,2,4,1,11114,A
2-PB1,454,2,11049,3,0,11054,T
2-PB1,455,38,6,1,10890,10935,C
2-PB1,456,3,64,10902,0,10969,G
2-PB1,457,10965,0,1,1,10967,A
2-PB1,458,10981,0,1,1,10983,A
2-PB1,459,1,10,0,11037,11048,C
2-PB1,460,6,17,11039,1,11063,G
2-PB1,461,0,13,11649,1,11663,G
2-PB1,462,11646,1,2,0,11649,A
2-PB1,463,3,11632,2,2,11639,T
2-PB1,464,1,11612,1,0,11614,T
2-PB1,465,11614,3,8,0,11625,A
2-PB1,466,11612,2,9,2,11625,A
2-PB1,467,2,4,0,11675,11681,C
2-PB1,468,11578,0,30,0,11608,A
2-PB1,469,3,0,11733,1,11737,G
2-PB1,470,3,2,0,11203,11208,C
2-PB1,471,1,11169,0,2,11172,T
2-PB1,472,11190,0,3,0,11193,A
2-PB1,473,11211,0,0,0,11211,A
2-PB1,474,0,11196,0,4,11200,T
2-PB1,475,5,58,11283,0,11346,G
2-PB1,476,11247,2,3,1,11253,A
2-PB1,477,11276,0,1,2,11279,A
2-PB1,478,1,11045,1,6,11053,T
2-PB1,479,45,2,0,11076,11123,C
2-PB1,480,11090,1,8,0,11099,A
2-PB1,481,1,11,11094,1,11107,G
2-PB1,482,0,12,11086,0,11098,G
2-PB1,483,11060,2,2,0,11064,A
2-PB1,484,10877,1,4,0,10882,A
2-PB1,485,2,20,11569,0,11591,G
2-PB1,486,0,3,11628,0,11631,G
2-PB1,487,4,2,0,11643,11649,C
2-PB1,488,0,11620,0,1,11621,T
2-PB1,489,11634,0,4,0,11638,A
2-PB1,490,11647,3,5,0,11655,A
2-PB1,491,1,11665,0,1,11667,T
2-PB1,492,11675,0,2,0,11677,A
2-PB1,493,0,24,11728,0,11752,G
2-PB1,494,10804,0,1,1,10806,A
2-PB1,495,1,10725,1,0,10727,T
2-PB1,496,1,10591,1,107,10700,T
2-PB1,497,0,10702,2,9,10713,T
2-PB1,498,21,0,0,11071,11092,C
2-PB1,499,17,2,0,11088,11107,C
2-PB1,500,3,11026,1,13,11043,T
2-PB1,501,23,1,0,11035,11059,C
2-PB1,502,11031,1,4,6,11042,A
2-PB1,503,11068,1,3,0,11072,A
2-PB1,504,1,19,11138,0,11158,G
2-PB1,505,1,21,11290,0,11312,G
2-PB1,506,11284,0,1,0,11285,A
2-PB1,507,1,10831,0,5,10837,T
2-PB1,508,4,2,10989,1,10996,G
2-PB1,509,0,10947,0,7,10954,T
2-PB1,510,5,28,11070,0,11103,G
2-PB1,511,11069,2,8,0,11079,A
2-PB1,512,2,11042,0,0,11044,T
2-PB1,513,7,24,10957,0,10988,G
2-PB1,514,0,38,10848,0,10886,G
2-PB1,515,10896,0,3,0,10899,A
2-PB1,516,10905,1,1,1,10908,A
2-PB1,517,2,10736,1,2,10741,T
2-PB1,518,54,1,0,10737,10792,C
2-PB1,519,10668,1,3,0,10672,A
2-PB1,520,10686,2,3,0,10691,A
2-PB1,521,2,10689,0,0,10691,T
2-PB1,522,3,26,10847,0,10876,G
2-PB1,523,1,16,10903,0,10920,G
2-PB1,524,10900,0,4,1,10905,A
2-PB1,525,0,10868,1,3,10872,T
2-PB1,526,10875,0,0,0,10875,A
2-PB1,527,10875,1,1,0,10877,A
2-PB1,528,10855,2,5,0,10862,A
2-PB1,529,1,17,11003,0,11021,G
2-PB1,530,10935,2,8,0,10945,A
2-PB1,531,19,12,10853,0,10884,G
2-PB1,532,2,24,10816,0,10842,G
2-PB1,533,10764,0,5,1,10770,A
2-PB1,534,10788,1,5,0,10794,A
2-PB1,535,10811,1,0,0,10812,A
2-PB1,536,2,10807,1,5,10815,T
2-PB1,537,1,24,11044,0,11069,G
2-PB1,538,2,35,11026,0,11063,G
2-PB1,539,10854,1,22,0,10877,A
2-PB1,540,2,13,10973,0,10988,G
2-PB1,541,10843,2,4,1,10850,A
2-PB1,542,1,11121,1,3,11126,T
2-PB1,543,11131,0,1,0,11132,A
2-PB1,544,11270,1,6,2,11279,A
2-PB1,545,0,2,0,11338,11340,C
2-PB1,546,11073,0,1,1,11075,A
2-PB1,547,11118,0,10,0,11128,A
2-PB1,548,3,6,0,11088,11097,C
2-PB1,549,10990,0,8,0,10998,A
2-PB1,550,1,5,0,11016,11022,C
2-PB1,551,10743,1,2,1,10747,A
2-PB1,552,1,0,1,10922,10924,C
2-PB1,553,0,10745,2,4,10751,T
2-PB1,554,1,10684,2,2,10689,T
2-PB1,555,2,10695,1,1,10699,T
2-PB1,556,41,1,0,10621,10663,C
2-PB1,557,10703,0,1,0,10704,A
2-PB1,558,10724,2,0,0,10726,A
2-PB1,559,10760,0,3,0,10763,A
2-PB1,560,2,26,10937,0,10965,G
2-PB1,561,10832,0,3,0,10835,A
2-PB1,562,10858,0,3,0,10861,A
2-PB1,563,10866,0,5,1,10872,A
2-PB1,564,10891,1,4,0,10896,A
2-PB1,565,10884,0,9,1,10894,A
2-PB1,566,1,14,10951,0,10966,G
2-PB1,567,0,26,10939,0,10965,G
2-PB1,568,10758,1,11,0,10770,A
2-PB1,569,1,46,11152,0,11199,G
2-PB1,570,11107,1,18,0,11126,A
2-PB1,571,1,2,11618,1,11622,G
2-PB1,572,0,11581,1,0,11582,T
2-PB1,573,11220,0,370,1,11591,A
2-PB1,574,11621,0,16,1,11638,A
2-PB1,575,0,28,11591,0,11619,G
2-PB1,576,2,34,11691,0,11727,G
2-PB1,577,1,48,11684,0,11733,G
2-PB1,578,11378,1,17,0,11396,A
2-PB1,579,7,4,0,11492,11503,C
2-PB1,580,11080,0,3,0,11083,A
2-PB1,581,11153,1,3,0,11157,A
2-PB1,582,2,3,0,11119,11124,C
2-PB1,583,11110,3,6,0,11119,A
2-PB1,584,2,11004,1,1,11008,T
2-PB1,585,0,106,10804,0,10910,G
2-PB1,586,10932,2,10,0,10944,A
2-PB1,587,2,1,1,10929,10933,C
2-PB1,588,34,0,0,10732,10766,C
2-PB1,589,10773,2,3,0,10778,A
2-PB1,590,10832,0,5,0,10837,A
2-PB1,591,1,16,10966,0,10983,G
2-PB1,592,10996,0,0,0,10996,A
2-PB1,593,10975,0,3,0,10978,A
2-PB1,594,10912,2,4,0,10918,A
2-PB1,595,10909,1,2,0,10912,A
2-PB1,596,2,10871,1,0,10874,T
2-PB1,597,4,32,10833,0,10869,G
2-PB1,598,4,2,10880,0,10886,G
2-PB1,599,3,10805,1,8,10817,T
2-PB1,600,77,2,0,10626,10705,C
2-PB1,601,10790,0,4,0,10794,A
2-PB1,602,4,1,2,11264,11271,C
2-PB1,603,905,3,10521,0,11429,G
2-PB1,604,9,0,1,11693,11703,C
2-PB1,605,11763,2,2,1,11768,A
2-PB1,606,12249,0,4,0,12253,A
2-PB1,607,12200,0,4,0,12204,A
2-PB1,608,2,45,13355,1,13403,G
2-PB1,609,13368,0,10,1,13379,A
2-PB1,610,13488,2,2,1,13493,A
2-PB1,611,3,4,0,13999,14006,C
2-PB1,612,13815,0,4,0,13819,A
2-PB1,613,13966,1,2,1,13970,A
2-PB1,614,2,13943,1,2,13948,T
2-PB1,615,13861,0,4,0,13865,A
2-PB1,616,6,51,13844,0,13901,G
2-PB1,617,5,32,13287,0,13324,G
2-PB1,618,1,30,13316,1,13348,G
2-PB1,619,13287,0,6,0,13293,A
2-PB1,620,13096,3,4,1,13104,A
2-PB1,621,1,27,13231,0,13259,G
2-PB1,622,13221,0,3,2,13226,A
2-PB1,623,13223,0,1,1,13225,A
2-PB1,624,13313,0,3,0,13316,A
2-PB1,625,13398,0,5,0,13403,A
2-PB1,626,13724,1,6,0,13731,A
2-PB1,627,13762,1,1,3,13767,A
2-PB1,628,0,3,0,13800,13803,C
2-PB1,629,13763,0,4,1,13768,A
2-PB1,630,13755,1,2,0,13758,A
2-PB1,631,13682,2,7,1,13692,A
2-PB1,632,1,39,14042,1,14083,G
2-PB1,633,14064,0,4,1,14069,A
2-PB1,634,1,1,14773,1,14776,G
2-PB1,635,2,14584,2,2,14590,T
2-PB1,636,3,48,17031,1,17083,G
2-PB1,637,17096,3,12,0,17111,A
2-PB1,638,17176,2,1,1,17180,A
2-PB1,639,2,17426,0,3,17431,T
2-PB1,640,17484,0,1,0,17485,A
2-PB1,641,17426,2,35,3,17466,A
2-PB1,642,2,56,17456,1,17515,G
2-PB1,643,17067,0,12,2,17081,A
2-PB1,644,0,23,17194,0,17217,G
2-PB1,645,16320,2,7,1,16330,A
2-PB1,646,2,21,16423,0,16446,G
2-PB1,647,3,5,16426,0,16434,G
2-PB1,648,5,2,1,16439,16447,C
2-PB1,649,2,16378,0,47,16427,T
2-PB1,650,16948,4,8,1,16961,A
2-PB1,651,1,1,1,17874,17877,C
2-PB1,652,31,1,0,17883,17915,C
2-PB1,653,2,18047,1,13,18063,T
2-PB1,654,18749,1,2,1,18753,A
2-PB1,655,18708,4,1,1,18714,A
2-PB1,656,1,18711,0,3,18715,T
2-PB1,657,18700,1,4,0,18705,A
2-PB1,658,18629,0,7,0,18636,A
2-PB1,659,2,62,18612,0,18676,G
2-PB1,660,18074,1,11,0,18086,A
2-PB1,661,1,2,18296,0,18299,G
2-PB1,662,3,2,0,18386,18391,C
2-PB1,663,2,18143,1,7,18153,T
2-PB1,664,1,18214,1,3,18219,T
2-PB1,665,3,18220,0,5,18228,T
2-PB1,666,4,77,18143,0,18224,G
2-PB1,667,18588,1,20,0,18609,A
2-PB1,668,4,6,1,18685,18696,C
2-PB1,669,18618,2,8,0,18628,A
2-PB1,670,1,18561,0,3,18565,T
2-PB1,671,1,18406,0,5,18412,T
2-PB1,672,4,108,18705,1,18818,G
2-PB1,673,18803,4,10,1,18818,A
2-PB1,674,18832,1,18,3,18854,A
2-PB1,675,1,3,2,18904,18910,C
2-PB1,676,18765,2,2,4,18773,A
2-PB1,677,4,10,1,18788,18803,C
2-PB1,678,4,36,18730,0,18770,G
2-PB1,679,18795,1,22,0,18818,A
2-PB1,680,2,18788,1,8,18799,T
2-PB1,681,5,147,18994,0,19146,G
2-PB1,682,19171,3,17,2,19193,A
2-PB1,683,2,3,0,19283,19288,C
2-PB1,684,50,5,0,19213,19268,C
2-PB1,685,19283,0,6,1,19290,A
2-PB1,686,19507,1,5,0,19513,A
2-PB1,687,19521,1,14,1,19537,A
2-PB1,688,1,20,20149,0,20170,G
2-PB1,689,20342,2,9,1,20354,A
2-PB1,690,0,20006,1,5,20012,T
2-PB1,691,5,9,20062,0,20076,G
2-PB1,692,3,27,0,19976,20006,C
2-PB1,693,19953,2,22,0,19977,A
2-PB1,694,3,39,20125,0,20167,G
2-PB1,695,19900,2,7,1,19910,A
2-PB1,696,1,41,19967,1,20010,G
2-PB1,697,19342,1,10,0,19353,A
2-PB1,698,1,11,19324,1,19337,G
2-PB1,699,19104,4,31,0,19139,A
2-PB1,700,2,33,19154,1,19190,G
2-PB1,701,6,8,19163,0,19177,G
2-PB1,702,14,3,2,19134,19153,C
2-PB1,703,19009,0,3,1,19013,A
2-PB1,704,19062,3,2,0,19067,A
2-PB1,705,19192,2,3,1,19198,A
2-PB1,706,0,19273,2,1,19276,T
2-PB1,707,1,19247,1,3,19252,T
2-PB1,708,19297,4,3,0,19304,A
2-PB1,709,19258,0,2,0,19260,A
2-PB1,710,19292,0,6,0,19298,A
2-PB1,711,19373,0,1,2,19376,A
2-PB1,712,19391,2,3,2,19398,A
2-PB1,713,0,17,19445,2,19464,G
2-PB1,714,19293,4,3,0,19300,A
2-PB1,715,19229,0,9,1,19239,A
2-PB1,716,5,41,19546,0,19592,G
2-PB1,717,6,27,19973,1,20007,G
2-PB1,718,5,3,20012,1,20021,G
2-PB1,719,9,6,0,20111,20126,C
2-PB1,720,0,20068,0,9,20077,T
2-PB1,721,20187,0,25,1,20213,A
2-PB1,722,1,20524,1,8,20534,T
2-PB1,723,4,20505,0,13,20522,T
2-PB1,724,5,11,20618,0,20634,G
2-PB1,725,4,11,1,20374,20390,C
2-PB1,726,19751,2,26,1,19780,A
2-PB1,727,19796,1,7,1,19805,A
2-PB1,728,5,2,1,19811,19819,C
2-PB1,729,19794,2,5,1,19802,A
2-PB1,730,5,4,0,19860,19869,C
2-PB1,731,18,5,1,19439,19463,C
2-PB1,732,40,8,1,19377,19426,C
2-PB1,733,15,39,19330,0,19384,G
2-PB1,734,121,17,19298,3,19439,G
2-PB1,735,1,33,19428,1,19463,G
2-PB1,736,19501,3,3,0,19507,A
2-PB1,737,0,19386,0,3,19389,T
2-PB1,738,8,0,19436,0,19444,G
2-PB1,739,6,3,0,19359,19368,C
2-PB1,740,19620,0,4,0,19624,A
2-PB1,741,19894,2,8,0,19904,A
2-PB1,742,20143,1,2,1,20147,A
2-PB1,743,4,20145,0,3,20152,T
2-PB1,744,1,20124,4,2,20131,T
2-PB1,745,19989,2,3,2,19996,A
2-PB1,746,1,29,19965,1,19996,G
2-PB1,747,19853,3,19,2,19877,A
2-PB1,748,3,49,19952,0,20004,G
2-PB1,749,2,44,19714,0,19760,G
2-PB1,750,2,4,20342,0,20348,G
2-PB1,751,1,20222,0,7,20230,T
2-PB1,752,1,20261,1,5,20268,T
2-PB1,753,92,61,1,20187,20341,C
2-PB1,754,14,0,20605,0,20619,G
2-PB1,755,1,20569,1,25,20596,T
2-PB1,756,4,2,20629,0,20635,G
2-PB1,757,2,20509,0,12,20523,T
2-PB1,758,20351,2,5,0,20358,A
2-PB1,759,4,1,1,20319,20325,C
2-PB1,760,0,19290,0,3,19293,T
2-PB1,761,2,19375,1,2,19380,T
2-PB1,762,30,5,1,19247,19283,C
2-PB1,763,8,1,19169,1,19179,G
2-PB1,764,0,19162,0,8,19170,T
2-PB1,765,2,19087,0,17,19106,T
2-PB1,766,6,41,19034,0,19081,G
2-PB1,767,19056,2,5,1,19064,A
2-PB1,768,19066,0,7,0,19073,A
2-PB1,769,19223,2,4,3,19232,A
2-PB1,770,2,2,0,19323,19327,C
2-PB1,771,0,19143,3,4,19150,T
2-PB1,772,3,19029,0,4,19036,T
2-PB1,773,1,19066,1,3,19071,T
2-PB1,774,19353,1,9,0,19363,A
2-PB1,775,4,3,19427,1,19435,G
2-PB1,776,5,3,2,19472,19482,C
2-PB1,777,3,19452,2,15,19472,T
2-PB1,778,19244,0,2,2,19248,A
2-PB1,779,1,23,19204,0,19228,G
2-PB1,780,19225,3,5,1,19234,A
2-PB1,781,19199,0,9,1,19209,A
2-PB1,782,1,2,19288,1,19292,G
2-PB1,783,5,2,1,18948,18956,C
2-PB1,784,18916,2,2,0,18920,A
2-PB1,785,2,18889,2,1,18894,T
2-PB1,786,0,18863,0,5,18868,T
2-PB1,787,3,18869,1,4,18877,T
2-PB1,788,2,9,18875,0,18886,G
2-PB1,789,10,10,0,18855,18875,C
2-PB1,790,6,44,18824,0,18874,G
2-PB1,791,18828,3,3,0,18834,A
2-PB1,792,18766,1,4,1,18772,A
2-PB1,793,18812,0,2,0,18814,A
2-PB1,794,19336,0,5,1,19342,A
2-PB1,795,1,3,19589,0,19593,G
2-PB1,796,3,4,0,19595,19602,C
2-PB1,797,1,19591,0,12,19604,T
2-PB1,798,1,19569,0,2,19572,T
2-PB1,799,3,101,19495,1,19600,G
2-PB1,800,19599,4,14,0,19617,A
2-PB1,801,19590,2,14,1,19607,A
2-PB1,802,4,9,0,19705,19718,C
2-PB1,803,19060,1,9,1,19071,A
2-PB1,804,1,2,20811,0,20814,G
2-PB1,805,3,20612,0,6,20621,T
2-PB1,806,74,4,3,20561,20642,C
2-PB1,807,2,20658,2,22,20684,T
2-PB1,808,6,40,20679,0,20725,G
2-PB1,809,3,65,20643,0,20711,G
2-PB1,810,20708,4,10,3,20725,A
2-PB1,811,2,8,0,20803,20813,C
2-PB1,812,0,20074,0,5,20079,T
2-PB1,813,3,18852,0,3,18858,T
2-PB1,814,22,1,2,18820,18845,C
2-PB1,815,18,17,3,18800,18838,C
2-PB1,816,13,26,18934,0,18973,G
2-PB1,817,4,2,19030,0,19036,G
2-PB1,818,1,18856,0,5,18862,T
2-PB1,819,1,18878,2,4,18885,T
2-PB1,820,6,38,18756,0,18800,G
2-PB1,821,4,41,18895,0,18940,G
2-PB1,822,4,46,19064,0,19114,G
2-PB1,823,2,28,19085,0,19115,G
2-PB1,824,5,4,19162,0,19171,G
2-PB1,825,1,18958,0,8,18967,T
2-PB1,826,18984,1,2,0,18987,A
2-PB1,827,19136,1,3,1,19141,A
2-PB1,828,1,19148,1,3,19153,T
2-PB1,829,1,61,19162,0,19224,G
2-PB1,830,19009,0,4,0,19013,A
2-PB1,831,18694,2,112,0,18808,A
2-PB1,832,18802,0,5,2,18809,A
2-PB1,833,18757,0,11,0,18768,A
2-PB1,834,0,17,18727,1,18745,G
2-PB1,835,18568,0,10,0,18578,A
2-PB1,836,18394,1,17,1,18413,A
2-PB1,837,4,31,18463,0,18498,G
2-PB1,838,4,3,18457,0,18464,G
2-PB1,839,6,1,0,18417,18424,C
2-PB1,840,46,4,0,18361,18411,C
2-PB1,841,18438,0,2,1,18441,A
2-PB1,842,18443,0,5,1,18449,A
2-PB1,843,18438,1,5,1,18445,A
2-PB1,844,3,4,0,18508,18515,C
2-PB1,845,0,18447,1,1,18449,T
2-PB1,846,4,31,18693,2,18730,G
2-PB1,847,16,2,18709,3,18730,G
2-PB1,848,6,1,0,18767,18774,C
2-PB1,849,18781,1,6,0,18788,A
2-PB1,850,18778,2,4,0,18784,A
2-PB1,851,18802,0,1,1,18804,A
2-PB1,852,0,18831,0,3,18834,T
2-PB1,853,9,2,18858,0,18869,G
2-PB1,854,1,18785,3,3,18792,T
2-PB1,855,0,18257,0,3,18260,T
2-PB1,856,9,3,18279,0,18291,G
2-PB1,857,2,18167,1,6,18176,T
2-PB1,858,4,44,18203,0,18251,G
2-PB1,859,18232,2,9,0,18243,A
2-PB1,860,5,33,18270,1,18309,G
2-PB1,861,18284,1,8,0,18293,A
2-PB1,862,18177,2,4,0,18183,A
2-PB1,863,18164,1,2,0,18167,A
2-PB1,864,18214,2,2,1,18219,A
2-PB1,865,18316,2,6,2,18326,A
2-PB1,866,1,18282,0,2,18285,T
2-PB1,867,5,29,18250,1,18285,G
2-PB1,868,18248,1,1,1,18251,A
2-PB1,869,0,18036,0,7,18043,T
2-PB1,870,6,72,18101,1,18180,G
2-PB1,871,18179,2,11,0,18192,A
2-PB1,872,1,2,0,18417,18420,C
2-PB1,873,3,18332,0,4,18339,T
2-PB1,874,18275,0,1,0,18276,A
2-PB1,875,18484,1,2,1,18488,A
2-PB1,876,1,18452,1,2,18456,T
2-PB1,877,4,18586,0,7,18597,T
2-PB1,878,75,2,0,18643,18720,C
2-PB1,879,18622,0,8,0,18630,A
2-PB1,880,4,5,0,18719,18728,C
2-PB1,881,18424,1,6,1,18432,A
2-PB1,882,18445,6,18,1,18470,A
2-PB1,883,1,48,18504,0,18553,G
2-PB1,884,18875,1,16,1,18893,A
2-PB1,885,2,3,2,18880,18887,C
2-PB1,886,18704,2,12,0,18718,A
2-PB1,887,3,4,112,18602,18721,C
2-PB1,888,18539,3,5,2,18549,A
2-PB1,889,0,40,18649,0,18689,G
2-PB1,890,18540,1,17,0,18558,A
2-PB1,891,3,8,18614,2,18627,G
2-PB1,892,116,1,0,18393,18510,C
2-PB1,893,1,17936,2,34,17973,T
2-PB1,894,0,18172,0,2,18174,T
2-PB1,895,2,18149,0,3,18154,T
2-PB1,896,25,3,1,18239,18268,C
2-PB1,897,1,18209,0,5,18215,T
2-PB1,898,1,18073,0,4,18078,T
2-PB1,899,1,18066,0,14,18081,T
2-PB1,900,33,3,0,18026,18062,C
2-PB1,901,17999,2,12,0,18013,A
2-PB1,902,1,9,2,18122,18134,C
2-PB1,903,17904,0,2,0,17906,A
2-PB1,904,17970,2,4,0,17976,A
2-PB1,905,2,18077,1,4,18084,T
2-PB1,906,66,4,0,18347,18417,C
2-PB1,907,18471,2,5,0,18478,A
2-PB1,908,5,1,0,18637,18643,C
2-PB1,909,1,18461,1,9,18472,T
2-PB1,910,2,19,18622,0,18643,G
2-PB1,911,4,39,18467,0,18510,G
2-PB1,912,4,31,19034,5,19074,G
2-PB1,913,7,46,18994,0,19047,G
2-PB1,914,18733,2,27,0,18762,A
2-PB1,915,11,7,1,18034,18053,C
2-PB1,916,18264,2,12,1,18279,A
2-PB1,917,19448,1,16,0,19465,A
2-PB1,918,4,5,0,19664,19673,C
2-PB1,919,19576,0,12,0,19588,A
2-PB1,920,4,0,0,19588,19592,C
2-PB1,921,2,18648,1,2,18653,T
2-PB1,922,18761,0,2,0,18763,A
2-PB1,923,18691,0,18,0,18709,A
2-PB1,924,0,4,18947,0,18951,G
2-PB1,925,5,18786,0,13,18804,T
2-PB1,926,6,33,17506,0,17545,G
2-PB1,927,1,40,17354,1,17396,G
2-PB1,928,17340,5,9,0,17354,A
2-PB1,929,17390,1,3,2,17396,A
2-PB1,930,0,17365,1,3,17369,T
2-PB1,931,2,45,17266,0,17313,G
2-PB1,932,17279,2,6,0,17287,A
2-PB1,933,16998,2,5,1,17006,A
2-PB1,934,17002,1,6,1,17010,A
2-PB1,935,16974,1,5,1,16981,A
2-PB1,936,6,13,0,16776,16795,C
2-PB1,937,51,2,0,17129,17182,C
2-PB1,938,17190,1,3,2,17196,A
2-PB1,939,17180,0,1,0,17181,A
2-PB1,940,17140,1,7,1,17149,A
2-PB1,941,17122,2,8,1,17133,A
2-PB1,942,4,4,0,17253,17261,C
2-PB1,943,27,2,0,17086,17115,C
2-PB1,944,53,1,0,16996,17050,C
2-PB1,945,2,16927,0,15,16944,T
2-PB1,946,30,4,0,16984,17018,C
2-PB1,947,3,34,16999,0,17036,G
2-PB1,948,17002,1,3,0,17006,A
2-PB1,949,17001,1,3,1,17006,A
2-PB1,950,0,17009,0,3,17012,T
2-PB1,951,3,3,17089,0,17095,G
2-PB1,952,3,16820,5,15,16843,T
2-PB1,953,0,16880,3,6,16889,T
2-PB1,954,1,16926,0,3,16930,T
2-PB1,955,0,16930,1,3,16934,T
2-PB1,956,0,16932,0,1,16933,T
2-PB1,957,2,19,16896,2,16919,G
2-PB1,958,6,1,16852,0,16859,G
2-PB1,959,6,9,0,16800,16815,C
2-PB1,960,9,9,16712,1,16731,G
2-PB1,961,16700,1,0,1,16702,A
2-PB1,962,1,17197,1,4,17203,T
2-PB1,963,0,30,17716,0,17746,G
2-PB1,964,18588,0,2,0,18590,A
2-PB1,965,2,18661,2,6,18671,T
2-PB1,966,0,18719,1,3,18723,T
2-PB1,967,18794,2,11,0,18807,A
2-PB1,968,6,1,2,18817,18826,C
2-PB1,969,18901,0,7,1,18909,A
2-PB1,970,1,18853,0,7,18861,T
2-PB1,971,17739,2,6,0,17747,A
2-PB1,972,1,3,0,17806,17810,C
2-PB1,973,16003,1,0,0,16004,A
2-PB1,974,0,15963,2,9,15974,T
2-PB1,975,26,4,2,15929,15961,C
2-PB1,976,15872,1,7,0,15880,A
2-PB1,977,2,1,0,15882,15885,C
2-PB1,978,15785,0,3,1,15789,A
2-PB1,979,15792,1,1,2,15796,A
2-PB1,980,15763,0,1,1,15765,A
2-PB1,981,4,35,15193,1,15233,G
2-PB1,982,15945,1,3,0,15949,A
2-PB1,983,15956,0,4,0,15960,A
2-PB1,984,0,15935,1,2,15938,T
2-PB1,985,75,3,0,15877,15955,C
2-PB1,986,16026,0,8,0,16034,A
2-PB1,987,16087,1,1,0,16089,A
2-PB1,988,1,2,0,16155,16158,C
2-PB1,989,16,4,0,16111,16131,C
2-PB1,990,1,15117,1,3,15122,T
2-PB1,991,1,37,15226,0,15264,G
2-PB1,992,15147,2,13,0,15162,A
2-PB1,993,0,0,15221,0,15221,G
2-PB1,994,2,15100,0,6,15108,T
2-PB1,995,14,28,14797,1,14840,G
2-PB1,996,3,1,15590,0,15594,G
2-PB1,997,1,15482,2,10,15495,T
2-PB1,998,0,15460,0,12,15472,T
2-PB1,999,57,3,0,15463,15523,C
2-PB1,1000,15305,1,10,2,15318,A
2-PB1,1001,2,10,15545,1,15558,G
2-PB1,1002,15552,2,3,0,15557,A
2-PB1,1003,15573,1,6,0,15580,A
2-PB1,1004,15473,0,8,1,15482,A
2-PB1,1005,2,2,0,14169,14173,C
2-PB1,1006,14313,0,4,0,14317,A
2-PB1,1007,1,14240,0,1,14242,T
2-PB1,1008,16,0,0,14393,14409,C
2-PB1,1009,18,3,0,14406,14427,C
2-PB1,1010,0,13814,2,11,13827,T
2-PB1,1011,2,27,13818,0,13847,G
2-PB1,1012,13712,1,9,1,13723,A
2-PB1,1013,6,0,13838,0,13844,G
2-PB1,1014,4,6,0,13709,13719,C
2-PB1,1015,13242,2,6,0,13250,A
2-PB1,1016,1,13224,1,4,13230,T
2-PB1,1017,16,4,0,13093,13113,C
2-PB1,1018,7,5,13121,0,13133,G
2-PB1,1019,3,3,1,13558,13565,C
2-PB1,1020,13613,1,8,0,13622,A
2-PB1,1021,3,1,0,14103,14107,C
2-PB1,1022,20,1,1,14043,14065,C
2-PB1,1023,14097,2,6,0,14105,A
2-PB1,1024,14314,1,2,0,14317,A
2-PB1,1025,1,14305,1,5,14312,T
2-PB1,1026,14297,0,3,0,14300,A
2-PB1,1027,14285,1,0,0,14286,A
2-PB1,1028,3,13732,1,2,13738,T
2-PB1,1029,7,3,13800,0,13810,G
2-PB1,1030,1,13371,0,2,13374,T
2-PB1,1031,1,13218,1,14,13234,T
2-PB1,1032,37,1,0,13258,13296,C
2-PB1,1033,4,13201,0,7,13212,T
2-PB1,1034,27,2,0,13220,13249,C
2-PB1,1035,13268,1,4,0,13273,A
2-PB1,1036,13272,0,4,1,13277,A
2-PB1,1037,13130,1,151,0,13282,A
2-PB1,1038,1,5,0,13337,13343,C
2-PB1,1039,13306,2,1,0,13309,A
2-PB1,1040,13293,0,0,0,13293,A
2-PB1,1041,13248,0,1,1,13250,A
2-PB1,1042,13296,1,12,0,13309,A
2-PB1,1043,1,13449,1,3,13454,T
2-PB1,1044,5,25,13441,1,13472,G
2-PB1,1045,8,6,13429,1,13444,G
2-PB1,1046,1,5,0,13424,13430,C
2-PB1,1047,13369,1,23,1,13394,A
2-PB1,1048,13426,1,16,4,13447,A
2-PB1,1049,3,32,13505,0,13540,G
2-PB1,1050,13524,1,13,0,13538,A
2-PB1,1051,3,2,0,13567,13572,C
2-PB1,1052,0,13390,0,2,13392,T
2-PB1,1053,7,20,13550,0,13577,G
2-PB1,1054,2,12,13557,0,13571,G
2-PB1,1055,3,18,13618,1,13640,G
2-PB1,1056,13622,1,17,2,13642,A
2-PB1,1057,13633,1,3,0,13637,A
2-PB1,1058,13577,1,2,0,13580,A
2-PB1,1059,13508,2,15,0,13525,A
2-PB1,1060,3,19,13989,0,14011,G
2-PB1,1061,1,15,13971,0,13987,G
2-PB1,1062,13909,1,8,3,13921,A
2-PB1,1063,1,13830,2,4,13837,T
2-PB1,1064,13771,0,5,0,13776,A
2-PB1,1065,2,4,0,13803,13809,C
2-PB1,1066,13933,0,25,0,13958,A
2-PB1,1067,0,13910,0,3,13913,T
2-PB1,1068,0,3,14046,0,14049,G
2-PB1,1069,4,13665,1,9,13679,T
2-PB1,1070,2,13668,0,4,13674,T
2-PB1,1071,42,11,0,13570,13623,C
2-PB1,1072,3,33,13612,2,13650,G
2-PB1,1073,13602,1,8,0,13611,A
2-PB1,1074,0,34,13950,1,13985,G
2-PB1,1075,13752,2,7,0,13761,A
2-PB1,1076,4,1,14039,0,14044,G
2-PB1,1077,0,13891,0,1,13892,T
2-PB1,1078,13913,1,1,0,13915,A
2-PB1,1079,13942,1,15,1,13959,A
2-PB1,1080,232,34,13721,1,13988,G
2-PB1,1081,13950,0,10,0,13960,A
2-PB1,1082,2,14,14181,0,14197,G
2-PB1,1083,13824,0,4,0,13828,A
2-PB1,1084,13913,1,2,0,13916,A
2-PB1,1085,1,13705,2,4,13712,T
2-PB1,1086,4,22,13662,0,13688,G
2-PB1,1087,13659,1,11,0,13671,A
2-PB1,1088,13573,1,14,0,13588,A
2-PB1,1089,4,5,13634,0,13643,G
2-PB1,1090,5,1,0,13584,13590,C
2-PB1,1091,2,13365,1,5,13373,T
2-PB1,1092,18,1,0,13481,13500,C
2-PB1,1093,10,8,1,13444,13463,C
2-PB1,1094,5,15,13493,1,13514,G
2-PB1,1095,1,20,13482,1,13504,G
2-PB1,1096,13548,6,8,1,13563,A
2-PB1,1097,2,6,0,13838,13846,C
2-PB1,1098,13816,4,3,0,13823,A
2-PB1,1099,1,5,0,14040,14046,C
2-PB1,1100,14023,2,4,2,14031,A
2-PB1,1101,14040,0,4,0,14044,A
2-PB1,1102,14033,0,3,0,14036,A
2-PB1,1103,0,14032,0,1,14033,T
2-PB1,1104,14011,1,3,0,14015,A
2-PB1,1105,2,2,0,14022,14026,C
2-PB1,1106,6,2,0,13878,13886,C
2-PB1,1107,2,13645,1,14,13662,T
2-PB1,1108,5,2,13775,1,13783,G
2-PB1,1109,5,1,1,13813,13820,C
2-PB1,1110,13825,1,2,1,13829,A
2-PB1,1111,1,11,13818,0,13830,G
2-PB1,1112,13749,2,1,0,13752,A
2-PB1,1113,13759,0,1,0,13760,A
2-PB1,1114,13791,0,2,0,13793,A
2-PB1,1115,1,13745,0,1,13747,T
2-PB1,1116,4,4,13801,0,13809,G
2-PB1,1117,5,0,0,13743,13748,C
2-PB1,1118,3,13661,0,76,13740,T
2-PB1,1119,13943,1,6,0,13950,A
2-PB1,1120,3,0,13910,0,13913,G
2-PB1,1121,2,3,0,13922,13927,C
2-PB1,1122,13924,1,2,0,13927,A
2-PB1,1123,13893,0,12,0,13905,A
2-PB1,1124,2,3,13835,0,13840,G
2-PB1,1125,2,3,1,13794,13800,C
2-PB1,1126,13624,0,2,0,13626,A
2-PB1,1127,2,13917,0,6,13925,T
2-PB1,1128,1,13943,1,1,13946,T
2-PB1,1129,1,38,14339,1,14379,G
2-PB1,1130,14493,0,14,0,14507,A
2-PB1,1131,1,4,1,14463,14469,C
2-PB1,1132,21,2,0,14484,14507,C
2-PB1,1133,5,14161,0,16,14182,T
2-PB1,1134,2,16,14490,0,14508,G
2-PB1,1135,14542,2,4,2,14550,A
2-PB1,1136,14557,0,12,0,14569,A
2-PB1,1137,5,0,14792,1,14798,G
2-PB1,1138,1,14283,1,3,14288,T
2-PB1,1139,14406,1,2,1,14410,A
2-PB1,1140,0,14334,0,4,14338,T
2-PB1,1141,1,14320,2,3,14326,T
2-PB1,1142,1,14291,1,5,14298,T
2-PB1,1143,27,4,0,14123,14154,C
2-PB1,1144,14135,1,3,1,14140,A
2-PB1,1145,14145,0,6,0,14151,A
2-PB1,1146,3,13902,1,4,13910,T
2-PB1,1147,5,37,13931,1,13974,G
2-PB1,1148,13881,2,1,0,13884,A
2-PB1,1149,13929,0,5,0,13934,A
2-PB1,1150,2,13845,0,4,13851,T
2-PB1,1151,32,2,0,13939,13973,C
2-PB1,1152,13982,1,5,0,13988,A
2-PB1,1153,13991,0,5,0,13996,A
2-PB1,1154,2,4,0,13982,13988,C
2-PB1,1155,13973,4,6,0,13983,A
2-PB1,1156,13915,0,8,0,13923,A
2-PB1,1157,2,13,13917,0,13932,G
2-PB1,1158,0,12,14049,0,14061,G
2-PB1,1159,14005,0,4,0,14009,A
2-PB1,1160,14020,0,14,1,14035,A
2-PB1,1161,1,16,14051,0,14068,G
2-PB1,1162,14019,0,4,0,14023,A
2-PB1,1163,14043,1,2,0,14046,A
2-PB1,1164,14043,0,4,0,14047,A
2-PB1,1165,14030,3,5,0,14038,A
2-PB1,1166,2,13999,0,1,14002,T
2-PB1,1167,0,13858,0,1,13859,T
2-PB1,1168,1,39,13860,2,13902,G
2-PB1,1169,13857,1,12,0,13870,A
2-PB1,1170,4,17,13873,0,13894,G
2-PB1,1171,13899,2,0,0,13901,A
2-PB1,1172,14004,1,2,2,14009,A
2-PB1,1173,14301,0,2,0,14303,A
2-PB1,1174,14314,3,1,0,14318,A
2-PB1,1175,1,14298,0,3,14302,T
2-PB1,1176,14321,0,6,1,14328,A
2-PB1,1177,14284,11,22,0,14317,A
2-PB1,1178,0,21,14377,0,14398,G
2-PB1,1179,2,1,14333,0,14336,G
2-PB1,1180,2,0,0,14326,14328,C
2-PB1,1181,10,1,1,14271,14283,C
2-PB1,1182,0,14112,0,25,14137,T
2-PB1,1183,16,2,1,15476,15495,C
2-PB1,1184,1,15557,1,15,15574,T
2-PB1,1185,1,15616,0,8,15625,T
2-PB1,1186,17,2,1,15849,15869,C
2-PB1,1187,1,15786,1,5,15793,T
2-PB1,1188,15876,1,4,1,15882,A
2-PB1,1189,15861,1,2,0,15864,A
2-PB1,1190,1,15821,0,1,15823,T
2-PB1,1191,16075,0,9,0,16084,A
2-PB1,1192,0,61,15486,0,15547,G
2-PB1,1193,15016,3,4,1,15024,A
2-PB1,1194,2,14970,1,4,14977,T
2-PB1,1195,2,21,14777,0,14800,G
2-PB1,1196,0,30,14736,1,14767,G
2-PB1,1197,14358,1,13,4,14376,A
2-PB1,1198,14824,1,4,1,14830,A
2-PB1,1199,1,6,0,14870,14877,C
2-PB1,1200,14871,0,10,0,14881,A
2-PB1,1201,2,2,15333,0,15337,G
2-PB1,1202,8,4,1,15254,15267,C
2-PB1,1203,15303,1,2,1,15307,A
2-PB1,1204,2,15681,0,8,15691,T
2-PB1,1205,13,2,0,15446,15461,C
2-PB1,1206,15628,1,2,0,15631,A
2-PB1,1207,0,15627,2,4,15633,T
2-PB1,1208,0,15551,0,3,15554,T
2-PB1,1209,4,29,15489,1,15523,G
2-PB1,1210,15138,0,15,0,15153,A
2-PB1,1211,5,5,15537,0,15547,G
2-PB1,1212,5,7,1,15506,15519,C
2-PB1,1213,19,2,0,15266,15287,C
2-PB1,1214,21,1,0,15450,15472,C
2-PB1,1215,2,15360,0,10,15372,T
2-PB1,1216,7,13,15993,0,16013,G
2-PB1,1217,3,23,16266,1,16293,G
2-PB1,1218,16200,1,48,1,16250,A
2-PB1,1219,16565,0,4,1,16570,A
2-PB1,1220,0,16049,0,4,16053,T
2-PB1,1221,4,18,16417,1,16440,G
2-PB1,1222,16574,1,9,0,16584,A
2-PB1,1223,4,16618,1,10,16633,T
2-PB1,1224,3,24,16635,2,16664,G
2-PB1,1225,16497,1,7,1,16506,A
2-PB1,1226,0,16273,0,4,16277,T
2-PB1,1227,7,43,16247,0,16297,G
2-PB1,1228,2,23,16513,0,16538,G
2-PB1,1229,17,4,16560,2,16583,G
2-PB1,1230,6,2,1,16427,16436,C
2-PB1,1231,16450,0,1,1,16452,A
2-PB1,1232,0,16488,0,7,16495,T
2-PB1,1233,10,0,16996,0,17006,G
2-PB1,1234,3,16995,0,11,17009,T
2-PB1,1235,1,17071,0,5,17077,T
2-PB1,1236,59,2,2,17058,17121,C
2-PB1,1237,16999,2,7,0,17008,A
2-PB1,1238,17011,3,8,1,17023,A
2-PB1,1239,2,1,0,17016,17019,C
2-PB1,1240,17129,1,10,1,17141,A
2-PB1,1241,1,17076,1,0,17078,T
2-PB1,1242,4,6,17423,1,17434,G
2-PB1,1243,4,4,0,17403,17411,C
2-PB1,1244,2,17471,0,2,17475,T
2-PB1,1245,17608,0,1,2,17611,A
2-PB1,1246,17578,2,5,0,17585,A
2-PB1,1247,3,3,18217,1,18224,G
2-PB1,1248,1,18146,0,6,18153,T
2-PB1,1249,18068,0,6,0,18074,A
2-PB1,1250,3,4,1,18077,18085,C
2-PB1,1251,17529,0,23,0,17552,A
2-PB1,1252,2,4,19273,1,19280,G
2-PB1,1253,1,19185,3,5,19194,T
2-PB1,1254,0,19155,1,5,19161,T
2-PB1,1255,1,19205,1,0,19207,T
2-PB1,1256,0,18930,0,0,18930,T
2-PB1,1257,18894,7,13,0,18914,A
2-PB1,1258,3,18,18894,0,18915,G
2-PB1,1259,3,34,18820,0,18857,G
2-PB1,1260,18195,1,150,0,18346,A
2-PB1,1261,2,3,18153,0,18158,G
2-PB1,1262,1,18297,1,2,18301,T
2-PB1,1263,47,2,1,18318,18368,C
2-PB1,1264,2,18358,1,7,18368,T
2-PB1,1265,44,10,0,18353,18407,C
2-PB1,1266,3,35,18425,1,18464,G
2-PB1,1267,19018,3,6,1,19028,A
2-PB1,1268,0,19100,0,3,19103,T
2-PB1,1269,19157,6,2,0,19165,A
2-PB1,1270,3,4,1,19167,19175,C
2-PB1,1271,3,18806,0,23,18832,T
2-PB1,1272,6,55,18809,1,18871,G
2-PB1,1273,18811,0,7,1,18819,A
2-PB1,1274,19117,2,1,46,19166,A
2-PB1,1275,3,19141,0,5,19149,T
2-PB1,1276,21,2,0,18766,18789,C
2-PB1,1277,1,18671,0,19,18691,T
2-PB1,1278,0,18629,2,3,18634,T
2-PB1,1279,2,18,18674,0,18694,G
2-PB1,1280,1,39,18653,0,18693,G
2-PB1,1281,18639,1,14,0,18654,A
2-PB1,1282,4,7,0,18696,18707,C
2-PB1,1283,18396,2,2,0,18400,A
2-PB1,1284,18501,1,4,0,18506,A
2-PB1,1285,18578,1,2,0,18581,A
2-PB1,1286,18603,1,22,1,18627,A
2-PB1,1287,1,26,19007,0,19034,G
2-PB1,1288,19058,2,5,0,19065,A
2-PB1,1289,19042,2,5,0,19049,A
2-PB1,1290,19049,2,11,0,19062,A
2-PB1,1291,2,18986,1,2,18991,T
2-PB1,1292,19055,0,7,0,19062,A
2-PB1,1293,2,9,0,19621,19632,C
2-PB1,1294,19398,1,18,2,19419,A
2-PB1,1295,4,3,1,19519,19527,C
2-PB1,1296,33,0,0,19228,19261,C
2-PB1,1297,19158,2,7,0,19167,A
2-PB1,1298,19422,1,11,1,19435,A
2-PB1,1299,0,47,19915,0,19962,G
2-PB1,1300,20179,2,15,0,20196,A
2-PB1,1301,0,7,0,20393,20400,C
2-PB1,1302,19871,1,9,1,19882,A
2-PB1,1303,20468,1,16,1,20486,A
2-PB1,1304,4,0,0,20555,20559,C
2-PB1,1305,20852,0,5,0,20857,A
2-PB1,1306,3,20917,0,2,20922,T
2-PB1,1307,20736,0,4,0,20740,A
2-PB1,1308,6,3,1,21075,21085,C
2-PB1,1309,1,20279,1,10,20291,T
2-PB1,1310,5,21,20621,0,20647,G
2-PB1,1311,2,1,20626,0,20629,G
2-PB1,1312,2,20108,1,14,20125,T
2-PB1,1313,6,54,20043,0,20103,G
2-PB1,1314,2,23,19865,1,19891,G
2-PB1,1315,3,14,19932,0,19949,G
2-PB1,1316,19908,5,8,0,19921,A
2-PB1,1317,1,19508,0,4,19513,T
2-PB1,1318,5,58,19454,1,19518,G
2-PB1,1319,0,20,19326,1,19347,G
2-PB1,1320,5,6,19453,1,19465,G
2-PB1,1321,5,5,1,19734,19745,C
2-PB1,1322,5,19609,1,15,19630,T
2-PB1,1323,17,4,0,19785,19806,C
2-PB1,1324,23,4,0,19729,19756,C
2-PB1,1325,19764,0,9,1,19774,A
2-PB1,1326,19747,2,4,4,19757,A
2-PB1,1327,0,19634,0,8,19642,T
2-PB1,1328,21,3,2,19552,19578,C
2-PB1,1329,32,0,1,19389,19422,C
2-PB1,1330,4,19154,0,12,19170,T
2-PB1,1331,20,2,0,19149,19171,C
2-PB1,1332,24,6,1,19067,19098,C
2-PB1,1333,5,41,19083,1,19130,G
2-PB1,1334,19088,2,3,1,19094,A
2-PB1,1335,2,10,1,19095,19108,C
2-PB1,1336,4,44,19114,0,19162,G
2-PB1,1337,19232,0,1,0,19233,A
2-PB1,1338,1,19214,1,9,19225,T
2-PB1,1339,0,19222,1,3,19226,T
2-PB1,1340,3,19175,1,6,19185,T
2-PB1,1341,1,19214,0,6,19221,T
2-PB1,1342,1,8,19220,0,19229,G
2-PB1,1343,2,14,1,19117,19134,C
2-PB1,1344,54,10,1,19054,19119,C
2-PB1,1345,41,3,1,19705,19750,C
2-PB1,1346,0,19376,1,16,19393,T
2-PB1,1347,37,2,1,20517,20557,C
2-PB1,1348,20640,2,2,0,20644,A
2-PB1,1349,1,20660,0,3,20664,T
2-PB1,1350,20634,0,3,0,20637,A
2-PB1,1351,19829,1,10,0,19840,A
2-PB1,1352,2,20015,0,6,20023,T
2-PB1,1353,3,40,20163,1,20207,G
2-PB1,1354,20222,0,3,0,20225,A
2-PB1,1355,20230,0,8,0,20238,A
2-PB1,1356,0,18875,0,2,18877,T
2-PB1,1357,4,9,18838,0,18851,G
2-PB1,1358,5,12,0,19049,19066,C
2-PB1,1359,19049,2,13,2,19066,A
2-PB1,1360,5,8,0,19148,19161,C
2-PB1,1361,31,4,0,19050,19085,C
2-PB1,1362,18911,1,2,0,18914,A
2-PB1,1363,18901,2,1,1,18905,A
2-PB1,1364,18849,1,6,0,18856,A
2-PB1,1365,1,18372,1,6,18380,T
2-PB1,1366,55,3,2,18930,18990,C
2-PB1,1367,19001,0,4,0,19005,A
2-PB1,1368,0,18991,0,9,19000,T
2-PB1,1369,4,43,18978,0,19025,G
2-PB1,1370,19051,1,21,0,19073,A
2-PB1,1371,5,37,19194,0,19236,G
2-PB1,1372,3,20,19196,0,19219,G
2-PB1,1373,5,31,19299,1,19336,G
2-PB1,1374,19153,6,18,0,19177,A
2-PB1,1375,19425,1,9,0,19435,A
2-PB1,1376,0,19448,1,1,19450,T
2-PB1,1377,19479,1,4,1,19485,A
2-PB1,1378,1,1,0,19520,19522,C
2-PB1,1379,19586,1,4,1,19592,A
2-PB1,1380,19498,1,24,1,19524,A
2-PB1,1381,5,0,19445,0,19450,G
2-PB1,1382,6,7,0,19319,19332,C
2-PB1,1383,19166,1,10,1,19178,A
2-PB1,1384,0,22,19321,0,19343,G
2-PB1,1385,2,35,19302,0,19339,G
2-PB1,1386,19254,2,15,2,19273,A
2-PB1,1387,3,14,19386,1,19404,G
2-PB1,1388,0,19029,0,1,19030,T
2-PB1,1389,5,26,19248,0,19279,G
2-PB1,1390,5,27,19350,0,19382,G
2-PB1,1391,19310,4,11,0,19325,A
2-PB1,1392,1,19320,0,2,19323,T
2-PB1,1393,18888,2,1,1,18892,A
2-PB1,1394,3,31,18991,1,19026,G
2-PB1,1395,19229,2,1,0,19232,A
2-PB1,1396,3,19181,0,4,19188,T
2-PB1,1397,1,19115,0,2,19118,T
2-PB1,1398,39,0,0,19660,19699,C
2-PB1,1399,2,19556,0,11,19569,T
2-PB1,1400,19565,1,4,0,19570,A
2-PB1,1401,5,4,0,19561,19570,C
2-PB1,1402,19180,2,28,0,19210,A
2-PB1,1403,3,30,19143,0,19176,G
2-PB1,1404,1,49,18739,0,18789,G
2-PB1,1405,18956,3,8,1,18968,A
2-PB1,1406,4,2,0,18929,18935,C
2-PB1,1407,13,3,0,18329,18345,C
2-PB1,1408,5,18133,1,32,18171,T
2-PB1,1409,5,4,18240,0,18249,G
2-PB1,1410,5,3,1,18221,18230,C
2-PB1,1411,18271,0,8,0,18279,A
2-PB1,1412,18357,1,12,0,18370,A
2-PB1,1413,5,0,18432,0,18437,G
2-PB1,1414,0,18097,1,5,18103,T
2-PB1,1415,1,18109,1,2,18113,T
2-PB1,1416,17830,0,7,0,17837,A
2-PB1,1417,15,2,17905,1,17923,G
2-PB1,1418,3,17775,1,9,17788,T
2-PB1,1419,11,31,17726,0,17768,G
2-PB1,1420,4,20,17727,0,17751,G
2-PB1,1421,6,36,17785,0,17827,G
2-PB1,1422,17711,1,11,1,17724,A
2-PB1,1423,17765,1,6,0,17772,A
2-PB1,1424,1,17736,0,9,17746,T
2-PB1,1425,64,4,0,17696,17764,C
2-PB1,1426,17739,2,8,1,17750,A
2-PB1,1427,17765,2,11,1,17779,A
2-PB1,1428,2,13,0,17726,17741,C
2-PB1,1429,17714,0,5,0,17719,A
2-PB1,1430,0,17268,0,2,17270,T
2-PB1,1431,56,66,17205,0,17327,G
2-PB1,1432,17307,3,17,0,17327,A
2-PB1,1433,2,4,17462,1,17469,G
2-PB1,1434,5,6,0,17387,17398,C
2-PB1,1435,17341,0,4,0,17345,A
2-PB1,1436,17336,4,3,1,17344,A
2-PB1,1437,17342,0,2,1,17345,A
2-PB1,1438,17518,1,4,1,17524,A
2-PB1,1439,17521,0,5,0,17526,A
2-PB1,1440,1,12,17486,0,17499,G
2-PB1,1441,17286,0,14,0,17300,A
2-PB1,1442,17087,1,21,0,17109,A
2-PB1,1443,1,2,17879,0,17882,G
2-PB1,1444,2,17839,0,6,17847,T
2-PB1,1445,46,1,0,17838,17885,C
2-PB1,1446,35,3,0,17916,17954,C
2-PB1,1447,2,17815,0,11,17828,T
2-PB1,1448,18106,0,3,0,18109,A
2-PB1,1449,1,18054,1,1,18057,T
2-PB1,1450,18069,1,1,1,18072,A
2-PB1,1451,0,18044,1,0,18045,T
2-PB1,1452,17289,0,2,1,17292,A
2-PB1,1453,17306,2,4,0,17312,A
2-PB1,1454,17270,0,0,0,17270,A
2-PB1,1455,3,17232,0,2,17237,T
2-PB1,1456,17041,0,2,0,17043,A
2-PB1,1457,16975,1,5,0,16981,A
2-PB1,1458,17006,2,33,0,17041,A
2-PB1,1459,17042,0,3,1,17046,A
2-PB1,1460,1,2,2,17079,17084,C
2-PB1,1461,16120,2,9,0,16131,A
2-PB1,1462,1,52,16093,0,16146,G
2-PB1,1463,6,26,16101,0,16133,G
2-PB1,1464,4,31,16096,0,16131,G
2-PB1,1465,16086,2,20,1,16109,A
2-PB1,1466,5,3,0,16258,16266,C
2-PB1,1467,16143,0,7,0,16150,A
2-PB1,1468,0,16281,0,3,16284,T
2-PB1,1469,1,16269,1,13,16284,T
2-PB1,1470,1,16292,0,4,16297,T
2-PB1,1471,3,49,16267,1,16320,G
2-PB1,1472,16157,1,8,0,16166,A
2-PB1,1473,16218,0,4,0,16222,A
2-PB1,1474,1,16179,0,1,16181,T
2-PB1,1475,2,15694,0,61,15757,T
2-PB1,1476,49,0,0,15823,15872,C
2-PB1,1477,15664,1,4,0,15669,A
2-PB1,1478,4,2,0,15707,15713,C
2-PB1,1479,1,15696,0,3,15700,T
2-PB1,1480,15687,2,3,0,15692,A
2-PB1,1481,3,1,15689,0,15693,G
2-PB1,1482,2,1,0,15685,15688,C
2-PB1,1483,0,15580,2,36,15618,T
2-PB1,1484,1,15683,0,1,15685,T
2-PB1,1485,1,15622,0,2,15625,T
2-PB1,1486,3,15625,0,16,15644,T
2-PB1,1487,2,15629,0,2,15633,T
2-PB1,1488,1,15630,1,1,15633,T
2-PB1,1489,0,15604,0,1,15605,T
2-PB1,1490,15555,3,3,0,15561,A
2-PB1,1491,1,15477,0,3,15481,T
2-PB1,1492,35,5,3,15501,15544,C
2-PB1,1493,5,29,15617,1,15652,G
2-PB1,1494,16179,1,2,0,16182,A
2-PB1,1495,1,16208,1,6,16216,T
2-PB1,1496,16218,1,0,2,16221,A
2-PB1,1497,0,16344,0,9,16353,T
2-PB1,1498,5,41,16282,1,16329,G
2-PB1,1499,0,25,16449,1,16475,G
2-PB1,1500,16452,0,11,0,16463,A
2-PB1,1501,3,16332,0,4,16339,T
2-PB1,1502,1,16171,0,5,16177,T
2-PB1,1503,1,15586,3,1,15591,T
2-PB1,1504,2,1,15625,0,15628,G
2-PB1,1505,0,15522,0,5,15527,T
2-PB1,1506,4,30,15511,1,15546,G
2-PB1,1507,2,1,15489,0,15492,G
2-PB1,1508,4,4,0,15288,15296,C
2-PB1,1509,0,15372,0,2,15374,T
2-PB1,1510,15445,1,1,0,15447,A
2-PB1,1511,15548,1,0,0,15549,A
2-PB1,1512,2,15639,0,0,15641,T
2-PB1,1513,1,15648,1,2,15652,T
2-PB1,1514,0,15637,0,0,15637,T
2-PB1,1515,0,15635,0,1,15636,T
2-PB1,1516,15605,0,16,0,15621,A
2-PB1,1517,3,3,15763,0,15769,G
2-PB1,1518,6,5,0,15734,15745,C
2-PB1,1519,15699,0,4,1,15704,A
2-PB1,1520,1,15525,0,2,15528,T
2-PB1,1521,2,24,15319,0,15345,G
2-PB1,1522,0,34,15517,1,15552,G
2-PB1,1523,15475,0,13,0,15488,A
2-PB1,1524,3,2,15509,0,15514,G
2-PB1,1525,3,14,1,15399,15417,C
2-PB1,1526,3,15232,0,2,15237,T
2-PB1,1527,4,1,15354,0,15359,G
2-PB1,1528,3,6,0,15258,15267,C
2-PB1,1529,35,3,0,15217,15255,C
2-PB1,1530,45,8,0,15310,15363,C
2-PB1,1531,14909,0,6,1,14916,A
2-PB1,1532,1,2,15768,0,15771,G
2-PB1,1533,0,15715,1,12,15728,T
2-PB1,1534,0,15737,2,2,15741,T
2-PB1,1535,0,15748,0,2,15750,T
2-PB1,1536,1,15518,0,3,15522,T
2-PB1,1537,7,25,15441,1,15474,G
2-PB1,1538,0,33,15460,0,15493,G
2-PB1,1539,15353,2,24,0,15379,A
2-PB1,1540,1,2,15456,0,15459,G
2-PB1,1541,0,14016,0,1,14017,T
2-PB1,1542,3,1,14636,0,14640,G
2-PB1,1543,2,14579,1,10,14592,T
2-PB1,1544,53,1,0,14569,14623,C
2-PB1,1545,0,14636,1,7,14644,T
2-PB1,1546,0,17,14679,2,14698,G
2-PB1,1547,3,27,14885,0,14915,G
2-PB1,1548,14916,0,4,0,14920,A
2-PB1,1549,14943,1,3,1,14948,A
2-PB1,1550,0,14884,0,0,14884,T
2-PB1,1551,13653,0,0,0,13653,A
2-PB1,1552,13617,1,6,1,13625,A
2-PB1,1553,13623,1,6,1,13631,A
2-PB1,1554,1,2,0,13662,13665,C
2-PB1,1555,3,52,13451,0,13506,G
2-PB1,1556,13263,0,4,0,13267,A
2-PB1,1557,0,2,13254,0,13256,G
2-PB1,1558,1,13189,0,5,13195,T
2-PB1,1559,62,1,1,13190,13254,C
2-PB1,1560,13227,0,13,1,13241,A
2-PB1,1561,4,3,13399,0,13406,G
2-PB1,1562,5,3,0,13384,13392,C
2-PB1,1563,2,13347,2,9,13360,T
2-PB1,1564,4,20,13755,0,13779,G
2-PB1,1565,13666,0,2,0,13668,A
2-PB1,1566,2,13657,0,37,13696,T
2-PB1,1567,13701,0,6,0,13707,A
2-PB1,1568,1,13471,1,2,13475,T
2-PB1,1569,3,47,13496,0,13546,G
2-PB1,1570,12900,2,21,1,12924,A
2-PB1,1571,2,2,13118,0,13122,G
2-PB1,1572,3,1,2,13110,13116,C
2-PB1,1573,12285,0,0,0,12285,A
2-PB1,1574,0,12266,0,1,12267,T
2-PB1,1575,2,12243,0,5,12250,T
2-PB1,1576,4,11,12351,1,12367,G
2-PB1,1577,1,27,12727,0,12755,G
2-PB1,1578,12447,2,19,0,12468,A
2-PB1,1579,0,1,12509,0,12510,G
2-PB1,1580,1,11896,0,5,11902,T
2-PB1,1581,11866,0,4,0,11870,A
2-PB1,1582,11874,2,7,0,11883,A
2-PB1,1583,1,4,0,11944,11949,C
2-PB1,1584,11848,0,3,0,11851,A
2-PB1,1585,2,3,12076,0,12081,G
2-PB1,1586,0,10425,1,3,10429,T
2-PB1,1587,0,21,10492,1,10514,G
2-PB1,1588,10597,2,3,0,10602,A
2-PB1,1589,0,10600,0,5,10605,T
2-PB1,1590,10571,0,4,1,10576,A
2-PB1,1591,10550,0,3,0,10553,A
2-PB1,1592,10146,0,9,0,10155,A
2-PB1,1593,0,25,10226,0,10251,G
2-PB1,1594,9539,2,7,1,9549,A
2-PB1,1595,9542,0,2,0,9544,A
2-PB1,1596,2,2,0,9555,9559,C
2-PB1,1597,9137,1,4,0,9142,A
2-PB1,1598,9231,1,8,0,9240,A
2-PB1,1599,1,1,0,9260,9262,C
2-PB1,1600,9329,1,2,0,9332,A
2-PB1,1601,0,9294,10,4,9308,T
2-PB1,1602,3,18,8941,0,8962,G
2-PB1,1603,8950,0,6,0,8956,A
2-PB1,1604,1,8941,0,0,8942,T
2-PB1,1605,8792,0,0,0,8792,A
2-PB1,1606,8832,1,2,0,8835,A
2-PB1,1607,8674,1,1,1,8677,A
2-PB1,1608,0,1,0,8714,8715,C
2-PB1,1609,8204,1,3,0,8208,A
2-PB1,1610,8164,0,2,0,8166,A
2-PB1,1611,1,7950,0,0,7951,T
2-PB1,1612,2,40,7905,0,7947,G
2-PB1,1613,8093,0,3,1,8097,A
2-PB1,1614,0,84,0,8151,8235,C
2-PB1,1615,5,2,0,8001,8008,C
2-PB1,1616,3,7539,1,4,7547,T
2-PB1,1617,0,7233,1,2,7236,T
2-PB1,1618,2,18,7241,0,7261,G
2-PB1,1619,1,28,7283,0,7312,G
2-PB1,1620,7365,1,11,0,7377,A
2-PB1,1621,5,2,0,7372,7379,C
2-PB1,1622,12,2,0,7256,7270,C
2-PB1,1623,7183,0,5,1,7189,A
2-PB1,1624,1,3,7272,0,7276,G
2-PB1,1625,4,4,0,7272,7280,C
2-PB1,1626,7301,1,3,1,7306,A
2-PB1,1627,7274,0,5,0,7279,A
2-PB1,1628,0,4,0,7261,7265,C
2-PB1,1629,7208,0,1,1,7210,A
2-PB1,1630,1,3,7380,0,7384,G
2-PB1,1631,1,4,0,7363,7368,C
2-PB1,1632,6,3,0,7375,7384,C
2-PB1,1633,18,1,0,7345,7364,C
2-PB1,1634,7375,0,2,0,7377,A
2-PB1,1635,7357,0,1,1,7359,A
2-PB1,1636,7356,1,2,0,7359,A
2-PB1,1637,0,7351,0,2,7353,T
2-PB1,1638,1,18,7310,0,7329,G
2-PB1,1639,3,0,7219,0,7222,G
2-PB1,1640,1,0,1,7253,7255,C
2-PB1,1641,2,7178,0,5,7185,T
2-PB1,1642,13,0,0,7399,7412,C
2-PB1,1643,1,7362,1,17,7381,T
2-PB1,1644,25,0,0,7419,7444,C
2-PB1,1645,10,0,1,7459,7470,C
2-PB1,1646,7491,0,2,0,7493,A
2-PB1,1647,7507,0,3,1,7511,A
2-PB1,1648,0,7471,0,3,7474,T
2-PB1,1649,0,7393,0,0,7393,T
2-PB1,1650,0,1,7445,0,7446,G
2-PB1,1651,1,7224,1,5,7231,T
2-PB1,1652,0,7236,1,4,7241,T
2-PB1,1653,33,16,0,7192,7241,C
2-PB1,1654,7221,4,0,0,7225,A
2-PB1,1655,0,7212,0,7,7219,T
2-PB1,1656,12,0,0,7210,7222,C
2-PB1,1657,7257,0,2,0,7259,A
2-PB1,1658,7267,0,2,0,7269,A
2-PB1,1659,7251,0,6,0,7257,A
2-PB1,1660,0,6,7406,0,7412,G
2-PB1,1661,7392,0,1,0,7393,A
2-PB1,1662,1,7403,1,0,7405,T
2-PB1,1663,0,7427,0,1,7428,T
2-PB1,1664,7450,1,2,0,7453,A
2-PB1,1665,1,3,0,7616,7620,C
2-PB1,1666,7598,5,6,0,7609,A
2-PB1,1667,1,14,7681,0,7696,G
2-PB1,1668,7633,4,6,0,7643,A
2-PB1,1669,0,7766,0,1,7767,T
2-PB1,1670,7782,1,3,0,7786,A
2-PB1,1671,1,4,0,8287,8292,C
2-PB1,1672,8446,0,10,2,8458,A
2-PB1,1673,0,2,0,9007,9009,C
2-PB1,1674,8832,2,35,1,8870,A
2-PB1,1675,2,8951,0,1,8954,T
2-PB1,1676,8860,1,0,0,8861,A
2-PB1,1677,0,8835,0,0,8835,T
2-PB1,1678,8621,5,1,0,8627,A
2-PB1,1679,0,12,8611,0,8623,G
2-PB1,1680,0,2,8519,1,8522,G
2-PB1,1681,1,8060,0,4,8065,T
2-PB1,1682,1,2,7978,1,7982,G
2-PB1,1683,1,3,0,8315,8319,C
2-PB1,1684,13,3,0,8290,8306,C
2-PB1,1685,8409,0,1,1,8411,A
2-PB1,1686,0,8390,1,3,8394,T
2-PB1,1687,8417,0,2,1,8420,A
2-PB1,1688,1,16,8450,0,8467,G
2-PB1,1689,8234,2,6,1,8243,A
2-PB1,1690,3,13,8305,0,8321,G
2-PB1,1691,2,18,8266,0,8286,G
2-PB1,1692,7965,2,9,0,7976,A
2-PB1,1693,1,27,7991,0,8019,G
2-PB1,1694,7955,2,11,0,7968,A
2-PB1,1695,2,3,0,7972,7977,C
2-PB1,1696,7973,1,3,0,7977,A
2-PB1,1697,1,4,0,8111,8116,C
2-PB1,1698,8127,0,6,0,8133,A
2-PB1,1699,0,2,0,8131,8133,C
2-PB1,1700,8068,0,1,2,8071,A
2-PB1,1701,8115,2,3,1,8121,A
2-PB1,1702,8188,2,3,0,8193,A
2-PB1,1703,1,8178,0,2,8181,T
2-PB1,1704,14,0,0,8186,8200,C
2-PB1,1705,24,3,2,8166,8195,C
2-PB1,1706,8121,0,3,2,8126,A
2-PB1,1707,0,17,8120,0,8137,G
2-PB1,1708,8128,3,4,0,8135,A
2-PB1,1709,0,4,0,8203,8207,C
2-PB1,1710,1,20,8174,1,8196,G
2-PB1,1711,8105,1,3,1,8110,A
2-PB1,1712,0,13,8113,0,8126,G
2-PB1,1713,8124,1,6,1,8132,A
2-PB1,1714,8143,1,5,1,8150,A
2-PB1,1715,2,9,8161,0,8172,G
2-PB1,1716,8138,0,5,0,8143,A
2-PB1,1717,2,8107,1,5,8115,T
2-PB1,1718,40,5,0,8037,8082,C
2-PB1,1719,8086,0,0,0,8086,A
2-PB1,1720,0,8066,1,3,8070,T
2-PB1,1721,2,8046,1,4,8053,T
2-PB1,1722,24,2,0,8056,8082,C
2-PB1,1723,0,20,8070,0,8090,G
2-PB1,1724,7990,1,10,0,8001,A
2-PB1,1725,0,11,8015,0,8026,G
2-PB1,1726,7939,2,1,3,7945,A
2-PB1,1727,0,8234,0,1,8235,T
2-PB1,1728,8250,0,3,0,8253,A
2-PB1,1729,8278,0,2,0,8280,A
2-PB1,1730,8264,0,10,0,8274,A
2-PB1,1731,3,6,8286,0,8295,G
2-PB1,1732,8291,0,1,0,8292,A
2-PB1,1733,8050,0,8,1,8059,A
2-PB1,1734,0,2,8079,0,8081,G
2-PB1,1735,2,1,0,8101,8104,C
2-PB1,1736,0,7996,0,2,7998,T
2-PB1,1737,1,1,8025,0,8027,G
2-PB1,1738,0,7987,0,1,7988,T
2-PB1,1739,0,19,7955,0,7974,G
2-PB1,1740,1,13,7976,0,7990,G
2-PB1,1741,1,19,8013,1,8034,G
2-PB1,1742,8055,2,5,0,8062,A
2-PB1,1743,1,8007,0,1,8009,T
2-PB1,1744,26,2,0,7964,7992,C
2-PB1,1745,7987,1,3,1,7992,A
2-PB1,1746,8027,0,2,0,8029,A
2-PB1,1747,8083,0,4,0,8087,A
2-PB1,1748,1,2,1,8060,8064,C
2-PB1,1749,21,1,1,8013,8036,C
2-PB1,1750,17,1,0,7983,8001,C
2-PB1,1751,8010,1,1,0,8012,A
2-PB1,1752,8158,1,4,2,8165,A
2-PB1,1753,1,8129,1,4,8135,T
2-PB1,1754,27,0,0,8143,8170,C
2-PB1,1755,8092,0,1,0,8093,A
2-PB1,1756,8038,1,4,0,8043,A
2-PB1,1757,0,18,8150,1,8169,G
2-PB1,1758,0,14,8136,0,8150,G
2-PB1,1759,0,1,8135,0,8136,G
2-PB1,1760,5,4,0,8144,8153,C
2-PB1,1761,8000,3,9,2,8014,A
2-PB1,1762,12,15,8261,0,8288,G
2-PB1,1763,28,17,8308,3,8356,G
2-PB1,1764,8376,1,5,1,8383,A
2-PB1,1765,2,2,0,8467,8471,C
2-PB1,1766,0,8308,0,3,8311,T
2-PB1,1767,8512,3,0,1,8516,A
2-PB1,1768,0,8478,0,4,8482,T
2-PB1,1769,1,8493,1,1,8496,T
2-PB1,1770,5,10,8507,0,8522,G
2-PB1,1771,1,3,8457,0,8461,G
2-PB1,1772,1,8336,0,1,8338,T
2-PB1,1773,8356,0,3,0,8359,A
2-PB1,1774,0,8258,0,3,8261,T
2-PB1,1775,13,1,1,8269,8284,C
2-PB1,1776,8128,0,1,0,8129,A
2-PB1,1777,0,7,8188,0,8195,G
2-PB1,1778,8165,0,5,0,8170,A
2-PB1,1779,0,8120,0,2,8122,T
2-PB1,1780,3,18,7799,0,7820,G
2-PB1,1781,1,15,7793,0,7809,G
2-PB1,1782,4,23,7774,1,7802,G
2-PB1,1783,1,13,7820,0,7834,G
2-PB1,1784,14,32,7807,0,7853,G
2-PB1,1785,7814,0,10,1,7825,A
2-PB1,1786,1,1,1,7804,7807,C
2-PB1,1787,20,1,0,7721,7742,C
2-PB1,1788,7777,0,1,0,7778,A
2-PB1,1789,8360,0,0,1,8361,A
2-PB1,1790,8378,0,3,0,8381,A
2-PB1,1791,1,0,0,8568,8569,C
2-PB1,1792,0,8471,1,1,8473,T
2-PB1,1793,0,8453,1,1,8455,T
2-PB1,1794,8507,0,0,1,8508,A
2-PB1,1795,2,8493,1,4,8500,T
2-PB1,1796,8522,0,3,0,8525,A
2-PB1,1797,2,0,0,8536,8538,C
2-PB1,1798,7816,0,3,1,7820,A
2-PB1,1799,7858,1,2,0,7861,A
2-PB1,1800,0,7648,0,0,7648,T
2-PB1,1801,7753,1,1,1,7756,A
2-PB1,1802,1,7749,0,1,7751,T
2-PB1,1803,6,0,0,7722,7728,C
2-PB1,1804,11,6,0,7731,7748,C
2-PB1,1805,6,16,7712,0,7734,G
2-PB1,1806,2,18,7742,1,7763,G
2-PB1,1807,7758,0,0,1,7759,A
2-PB1,1808,7774,2,0,0,7776,A
2-PB1,1809,0,7780,0,0,7780,T
2-PB1,1810,11,3,0,7805,7819,C
2-PB1,1811,0,7790,0,4,7794,T
2-PB1,1812,1,7818,0,5,7824,T
2-PB1,1813,16,0,0,7803,7819,C
2-PB1,1814,7809,3,4,0,7816,A
2-PB1,1815,1,1,0,7841,7843,C
2-PB1,1816,7808,0,0,1,7809,A
2-PB1,1817,1,8397,0,0,8398,T
2-PB1,1818,9,2,0,8410,8421,C
2-PB1,1819,22,1,0,8420,8443,C
2-PB1,1820,18,1,0,8485,8504,C
2-PB1,1821,2,8480,1,7,8490,T
2-PB1,1822,2,10,8488,1,8501,G
2-PB1,1823,8483,2,2,0,8487,A
2-PB1,1824,8494,0,1,0,8495,A
2-PB1,1825,0,0,8493,1,8494,G
2-PB1,1826,0,7948,1,5,7954,T
2-PB1,1827,20,0,0,7966,7986,C
2-PB1,1828,1,7839,1,4,7845,T
2-PB1,1829,3,0,8056,0,8059,G
2-PB1,1830,4,2,0,8051,8057,C
2-PB1,1831,0,8047,0,10,8057,T
2-PB1,1832,0,8059,0,3,8062,T
2-PB1,1833,8050,0,0,0,8050,A
2-PB1,1834,8055,0,0,0,8055,A
2-PB1,1835,8086,0,5,0,8091,A
2-PB1,1836,3,2,8157,0,8162,G
2-PB1,1837,1,8025,0,1,8027,T
2-PB1,1838,2,18,7879,0,7899,G
2-PB1,1839,1,9,7853,2,7865,G
2-PB1,1840,1,22,7870,0,7893,G
2-PB1,1841,7837,0,10,0,7847,A
2-PB1,1842,3,1,7918,0,7922,G
2-PB1,1843,4,3,0,7891,7898,C
2-PB1,1844,0,7843,1,5,7849,T
2-PB1,1845,3,21,7848,0,7872,G
2-PB1,1846,7843,1,5,0,7849,A
2-PB1,1847,0,7866,0,0,7866,T
2-PB1,1848,1,13,7876,0,7890,G
2-PB1,1849,1,9,7853,0,7863,G
2-PB1,1850,7833,1,5,0,7839,A
2-PB1,1851,2,7805,0,4,7811,T
2-PB1,1852,1,22,7794,0,7817,G
2-PB1,1853,7769,0,7,0,7776,A
2-PB1,1854,0,21,7875,0,7896,G
2-PB1,1855,7883,1,2,1,7887,A
2-PB1,1856,7900,0,1,0,7901,A
2-PB1,1857,0,7850,0,1,7851,T
2-PB1,1858,0,7796,0,0,7796,T
2-PB1,1859,7809,1,4,0,7814,A
2-PB1,1860,4,7785,0,1,7790,T
2-PB1,1861,12,4,0,7786,7802,C
2-PB1,1862,3,16,7836,1,7856,G
2-PB1,1863,4,13,7729,1,7747,G
2-PB1,1864,0,12,7715,1,7728,G
2-PB1,1865,1,10,7717,0,7728,G
2-PB1,1866,7696,1,2,0,7699,A
2-PB1,1867,7727,0,9,0,7736,A
2-PB1,1868,0,22,7907,1,7930,G
2-PB1,1869,8012,1,4,1,8018,A
2-PB1,1870,2,0,0,8048,8050,C
2-PB1,1871,0,7965,0,4,7969,T
2-PB1,1872,0,7806,0,369,8175,T
2-PB1,1873,0,8192,0,4,8196,T
2-PB1,1874,3,0,8287,0,8290,G
2-PB1,1875,1,8295,0,1,8297,T
2-PB1,1876,8165,0,3,0,8168,A
2-PB1,1877,8128,22,9,1,8160,A
2-PB1,1878,0,7869,0,8,7877,T
2-PB1,1879,15,61,1,7866,7943,C
2-PB1,1880,8,0,0,7952,7960,C
2-PB1,1881,21,2,0,7906,7929,C
2-PB1,1882,12,7,0,7946,7965,C
2-PB1,1883,0,7871,0,27,7898,T
2-PB1,1884,1,28,7886,0,7915,G
2-PB1,1885,7914,0,0,1,7915,A
2-PB1,1886,7910,1,2,0,7913,A
2-PB1,1887,0,7928,0,5,7933,T
2-PB1,1888,11,2,0,7887,7900,C
2-PB1,1889,18,0,0,7841,7859,C
2-PB1,1890,19,1,3,7781,7804,C
2-PB1,1891,0,7757,1,9,7767,T
2-PB1,1892,1,7800,0,2,7803,T
2-PB1,1893,1,7770,0,2,7773,T
2-PB1,1894,2,2,7770,0,7774,G
2-PB1,1895,0,7726,0,14,7740,T
2-PB1,1896,31,3,0,7702,7736,C
2-PB1,1897,7655,1,7,0,7663,A
2-PB1,1898,0,4,7793,0,7797,G
2-PB1,1899,0,3,0,7781,7784,C
2-PB1,1900,13,0,0,7779,7792,C
2-PB1,1901,7789,1,4,0,7794,A
2-PB1,1902,0,7816,0,4,7820,T
2-PB1,1903,7814,0,1,0,7815,A
2-PB1,1904,7831,0,1,0,7832,A
2-PB1,1905,7835,0,4,0,7839,A
2-PB1,1906,1,12,7946,0,7959,G
2-PB1,1907,7767,1,0,0,7768,A
2-PB1,1908,7780,3,2,0,7785,A
2-PB1,1909,7795,0,4,0,7799,A
2-PB1,1910,1,7762,0,4,7767,T
2-PB1,1911,0,7743,0,4,7747,T
2-PB1,1912,1,29,7728,0,7758,G
2-PB1,1913,7685,0,10,0,7695,A
2-PB1,1914,1,0,7816,0,7817,G
2-PB1,1915,0,7787,1,1,7789,T
2-PB1,1916,20,1,0,7837,7858,C
2-PB1,1917,1,7821,0,3,7825,T
2-PB1,1918,2,1,7973,0,7976,G
2-PB1,1919,2,7974,0,1,7977,T
2-PB1,1920,8071,0,26,0,8097,A
2-PB1,1921,8087,1,4,0,8092,A
2-PB1,1922,8076,2,2,3,8083,A
2-PB1,1923,0,2,0,8114,8116,C
2-PB1,1924,7881,0,2,0,7883,A
2-PB1,1925,8066,0,1,0,8067,A
2-PB1,1926,1,8039,1,2,8043,T
2-PB1,1927,1,3,8005,0,8009,G
2-PB1,1928,2,34,0,8019,8055,C
2-PB1,1929,2,7929,2,4,7937,T
2-PB1,1930,2,1,8221,0,8224,G
2-PB1,1931,1,8215,0,1,8217,T
2-PB1,1932,8367,0,1,0,8368,A
2-PB1,1933,4,0,8373,0,8377,G
2-PB1,1934,2,8093,0,3,8098,T
2-PB1,1935,8073,0,2,0,8075,A
2-PB1,1936,8045,0,2,0,8047,A
2-PB1,1937,0,7974,0,1,7975,T
2-PB1,1938,5,2,7965,0,7972,G
2-PB1,1939,1,2,0,7827,7830,C
2-PB1,1940,11,1,0,7739,7751,C
2-PB1,1941,7583,0,10,0,7593,A
2-PB1,1942,1,3,7653,0,7657,G
2-PB1,1943,1,0,1,7844,7846,C
2-PB1,1944,12,1,0,7823,7836,C
2-PB1,1945,17,2,1,7827,7847,C
2-PB1,1946,7800,0,4,1,7805,A
2-PB1,1947,1,7799,1,11,7812,T
2-PB1,1948,4,28,7781,0,7813,G
2-PB1,1949,0,1,7835,0,7836,G
2-PB1,1950,0,7801,0,8,7809,T
2-PB1,1951,33,25,0,7670,7728,C
2-PB1,1952,11,5,0,7526,7542,C
2-PB1,1953,9,10,7611,0,7630,G
2-PB1,1954,9,3,7631,1,7644,G
2-PB1,1955,0,3,0,7611,7614,C
2-PB1,1956,15,3,0,7617,7635,C
2-PB1,1957,7643,1,0,0,7644,A
2-PB1,1958,7672,1,2,0,7675,A
2-PB1,1959,7679,0,2,0,7681,A
2-PB1,1960,7702,1,19,0,7722,A
2-PB1,1961,0,0,7873,0,7873,G
2-PB1,1962,0,7644,0,1,7645,T
2-PB1,1963,7711,1,0,0,7712,A
2-PB1,1964,0,7657,1,57,7715,T
2-PB1,1965,0,16,7702,0,7718,G
2-PB1,1966,1,19,7839,0,7859,G
2-PB1,1967,7810,2,2,0,7814,A
2-PB1,1968,7977,1,3,0,7981,A
2-PB1,1969,0,7930,0,1,7931,T
2-PB1,1970,7792,0,1,0,7793,A
2-PB1,1971,0,7782,0,3,7785,T
2-PB1,1972,1,16,7710,1,7728,G
2-PB1,1973,7769,0,6,0,7775,A
2-PB1,1974,2,7754,0,0,7756,T
2-PB1,1975,0,2,7510,0,7512,G
2-PB1,1976,3,0,4,7498,7505,C
2-PB1,1977,0,7321,0,5,7326,T
2-PB1,1978,1,1,7448,0,7450,G
2-PB1,1979,0,7455,0,2,7457,T
2-PB1,1980,3,7472,0,5,7480,T
2-PB1,1981,1,1,7481,0,7483,G
2-PB1,1982,3,4,0,7545,7552,C
2-PB1,1983,7565,0,3,0,7568,A
2-PB1,1984,7665,0,2,0,7667,A
2-PB1,1985,4,2,0,7696,7702,C
2-PB1,1986,1,7633,0,1,7635,T
2-PB1,1987,7602,1,1,1,7605,A
2-PB1,1988,1,3,1,7607,7612,C
2-PB1,1989,7593,2,3,0,7598,A
2-PB1,1990,1,4,0,7590,7595,C
2-PB1,1991,7383,0,4,0,7387,A
2-PB1,1992,1,2,0,8012,8015,C
2-PB1,1993,2,7835,0,2,7839,T
2-PB1,1994,15,2,0,7883,7900,C
2-PB1,1995,8,14,1,7878,7901,C
2-PB1,1996,0,7847,1,3,7851,T
2-PB1,1997,0,8,7844,1,7853,G
2-PB1,1998,1,14,7817,0,7832,G
2-PB1,1999,7834,0,3,0,7837,A
2-PB1,2000,0,7827,0,2,7829,T
2-PB1,2001,0,7153,0,7,7160,T
2-PB1,2002,23,0,0,7253,7276,C
2-PB1,2003,14,0,0,7211,7225,C
2-PB1,2004,32,0,1,7218,7251,C
2-PB1,2005,7270,1,2,0,7273,A
2-PB1,2006,7259,0,3,1,7263,A
2-PB1,2007,1,12,7263,0,7276,G
2-PB1,2008,7249,1,7,1,7258,A
2-PB1,2009,2,9,7249,1,7261,G
2-PB1,2010,1,20,7256,0,7277,G
2-PB1,2011,7134,0,3,1,7138,A
2-PB1,2012,7125,0,12,0,7137,A
2-PB1,2013,0,4,0,7141,7145,C
2-PB1,2014,13,0,0,7089,7102,C
2-PB1,2015,7,3,7211,0,7221,G
2-PB1,2016,5,1,0,7211,7217,C
2-PB1,2017,1,7204,0,2,7207,T
2-PB1,2018,27,0,0,7202,7229,C
2-PB1,2019,2,7173,1,1,7177,T
2-PB1,2020,7773,1,0,0,7774,A
2-PB1,2021,2,7776,0,3,7781,T
2-PB1,2022,2,7788,1,0,7791,T
2-PB1,2023,15,1,0,7802,7818,C
2-PB1,2024,1,7525,0,3,7529,T
2-PB1,2025,7552,1,2,0,7555,A
2-PB1,2026,7540,1,2,1,7544,A
2-PB1,2027,7561,1,0,1,7563,A
2-PB1,2028,0,3,0,7573,7576,C
2-PB1,2029,6949,0,0,0,6949,A
2-PB1,2030,0,0,0,6942,6942,C
2-PB1,2031,6836,1,10,0,6847,A
2-PB1,2032,6938,0,10,0,6948,A
2-PB1,2033,1,1,6975,0,6977,G
2-PB1,2034,2,0,0,6956,6958,C
2-PB1,2035,14,3,0,6979,6996,C
2-PB1,2036,6905,1,1,0,6907,A
2-PB1,2037,6910,0,1,0,6911,A
2-PB1,2038,6896,1,4,0,6901,A
2-PB1,2039,0,18,6989,0,7007,G
2-PB1,2040,0,14,6962,0,6976,G
2-PB1,2041,2,10,6845,0,6857,G
2-PB1,2042,1,15,6845,0,6861,G
2-PB1,2043,6815,1,5,0,6821,A
2-PB1,2044,6849,1,1,0,6851,A
2-PB1,2045,0,6859,0,1,6860,T
2-PB1,2046,0,6872,0,0,6872,T
2-PB1,2047,18,1,0,6864,6883,C
2-PB1,2048,1,6821,0,5,6827,T
2-PB1,2049,0,6800,1,4,6805,T
2-PB1,2050,1,3,6809,0,6813,G
2-PB1,2051,6819,0,8,0,6827,A
2-PB1,2052,1,10,6841,1,6853,G
2-PB1,2053,0,3,6842,0,6845,G
2-PB1,2054,6777,1,65,0,6843,A
2-PB1,2055,2,6801,0,2,6805,T
2-PB1,2056,2,41,6786,0,6829,G
2-PB1,2057,6814,1,3,1,6819,A
2-PB1,2058,6833,0,7,1,6841,A
2-PB1,2059,0,3,0,6875,6878,C
2-PB1,2060,6797,1,3,0,6801,A
2-PB1,2061,2,7,6932,0,6941,G
2-PB1,2062,6884,1,6,0,6891,A
2-PB1,2063,0,6906,1,0,6907,T
2-PB1,2064,3,1,6931,0,6935,G
2-PB1,2065,2,6999,0,82,7083,T
2-PB1,2066,7098,0,6,0,7104,A
2-PB1,2067,2,2,0,7090,7094,C
2-PB1,2068,6,3,0,7033,7042,C
2-PB1,2069,6957,1,0,0,6958,A
2-PB1,2070,0,3,6878,0,6881,G
2-PB1,2071,6797,0,1,0,6798,A
2-PB1,2072,6779,0,3,1,6783,A
2-PB1,2073,1,2,6826,0,6829,G
2-PB1,2074,1,6418,0,0,6419,T
2-PB1,2075,1,0,6465,0,6466,G
2-PB1,2076,6,0,0,6443,6449,C
2-PB1,2077,1,6438,0,15,6454,T
2-PB1,2078,6,3,6455,0,6464,G
2-PB1,2079,2,0,0,6440,6442,C
2-PB1,2080,6426,0,0,0,6426,A
2-PB1,2081,6429,0,5,0,6434,A
2-PB1,2082,1,0,0,6350,6351,C
2-PB1,2083,1,6320,0,4,6325,T
2-PB1,2084,0,6277,1,0,6278,T
2-PB1,2085,0,1,6272,0,6273,G
2-PB1,2086,2,6248,0,0,6250,T
2-PB1,2087,0,6234,0,2,6236,T
2-PB1,2088,29,4,0,6216,6249,C
2-PB1,2089,3,22,6215,0,6240,G
2-PB1,2090,6220,0,18,0,6238,A
2-PB1,2091,0,12,6225,0,6237,G
2-PB1,2092,6229,0,2,1,6232,A
2-PB1,2093,6236,1,1,0,6238,A
2-PB1,2094,6236,0,2,0,6238,A
2-PB1,2095,0,6220,0,2,6222,T
2-PB1,2096,0,6228,0,2,6230,T
2-PB1,2097,1,6235,0,1,6237,T
2-PB1,2098,1,6231,0,2,6234,T
2-PB1,2099,1,6221,0,2,6224,T
2-PB1,2100,16,0,2,6228,6246,C
2-PB1,2101,8,4,0,6244,6256,C
2-PB1,2102,13,1,0,6267,6281,C
2-PB1,2103,0,6259,0,6,6265,T
2-PB1,2104,6277,0,0,0,6277,A
2-PB1,2105,1,0,6317,0,6318,G
2-PB1,2106,0,6324,0,1,6325,T
2-PB1,2107,6390,1,1,0,6392,A
2-PB1,2108,1,1,6436,0,6438,G
2-PB1,2109,0,6320,2,2,6324,T
2-PB1,2110,2,6599,0,3,6604,T
2-PB1,2111,51,2,0,6576,6629,C
2-PB1,2112,6748,1,4,0,6753,A
2-PB1,2113,2,6777,0,1,6780,T
2-PB1,2114,6786,0,0,0,6786,A
2-PB1,2115,0,6790,0,2,6792,T
2-PB1,2116,6588,0,2,1,6591,A
2-PB1,2117,1,9,6527,0,6537,G
2-PB1,2118,0,9,6490,1,6500,G
2-PB1,2119,5799,2,74,0,5875,A
2-PB1,2120,0,23,5849,0,5872,G
2-PB1,2121,5553,1,5,0,5559,A
2-PB1,2122,1,0,0,5554,5555,C
2-PB1,2123,10,0,0,5321,5331,C
2-PB1,2124,3,2,5314,0,5319,G
2-PB1,2125,5303,1,0,1,5305,A
2-PB1,2126,0,5278,0,1,5279,T
2-PB1,2127,0,5284,0,0,5284,T
2-PB1,2128,0,6,5269,0,5275,G
2-PB1,2129,19,12,5255,1,5287,G
2-PB1,2130,5284,0,1,0,5285,A
2-PB1,2131,5285,0,0,0,5285,A
2-PB1,2132,0,5260,0,1,5261,T
2-PB1,2133,0,5276,0,0,5276,T
2-PB1,2134,0,5263,0,3,5266,T
2-PB1,2135,5,0,0,5273,5278,C
2-PB1,2136,1,5280,0,0,5281,T
2-PB1,2137,5268,3,5,0,5276,A
2-PB1,2138,1,2,5288,0,5291,G
2-PB1,2139,1,0,0,5268,5269,C
2-PB1,2140,5282,0,2,1,5285,A
2-PB1,2141,1,5277,1,0,5279,T
2-PB1,2142,0,8,5235,0,5243,G
2-PB1,2143,0,2,5417,1,5420,G
2-PB1,2144,0,5386,0,3,5389,T
2-PB1,2145,4,6,5383,0,5393,G
2-PB1,2146,1,5,5375,0,5381,G
2-PB1,2147,5305,0,11,1,5317,A
2-PB1,2148,0,4,5344,0,5348,G
2-PB1,2149,0,1,5312,0,5313,G
2-PB1,2150,1,3,0,5260,5264,C
2-PB1,2151,11,0,0,5236,5247,C
2-PB1,2152,4886,0,4,0,4890,A
2-PB1,2153,0,4893,0,2,4895,T
2-PB1,2154,2,11,4951,1,4965,G
2-PB1,2155,0,1,4960,0,4961,G
2-PB1,2156,0,4903,0,1,4904,T
2-PB1,2157,4594,0,0,0,4594,A
2-PB1,2158,0,4736,0,0,4736,T
2-PB1,2159,6,0,0,4740,4746,C
2-PB1,2160,0,4751,1,4,4756,T
2-PB1,2161,4614,0,5,0,4619,A
2-PB1,2162,0,6,4589,0,4595,G
2-PB1,2163,0,8,4405,0,4413,G
2-PB1,2164,1,1,4328,0,4330,G
2-PB1,2165,0,0,1,4251,4252,C
2-PB1,2166,4,2,0,4159,4165,C
2-PB1,2167,9,4,0,4115,4128,C
2-PB1,2168,4,6,4110,0,4120,G
2-PB1,2169,0,4,4123,0,4127,G
2-PB1,2170,4129,0,2,0,4131,A
2-PB1,2171,0,4124,0,0,4124,T
2-PB1,2172,0,3988,0,0,3988,T
2-PB1,2173,0,4,3951,0,3955,G
2-PB1,2174,3943,0,2,0,3945,A
2-PB1,2175,0,3962,0,1,3963,T
2-PB1,2176,0,1,3967,0,3968,G
2-PB1,2177,1,1,0,3931,3933,C
2-PB1,2178,12,2,0,3896,3910,C
2-PB1,2179,3892,0,0,0,3892,A
2-PB1,2180,0,7,3900,0,3907,G
2-PB1,2181,3903,0,3,0,3906,A
2-PB1,2182,3905,0,2,0,3907,A
2-PB1,2183,1,3835,1,48,3885,T
2-PB1,2184,0,3806,1,3,3810,T
2-PB1,2185,1,19,3811,0,3831,G
2-PB1,2186,3813,0,2,0,3815,A
2-PB1,2187,1,1,0,3815,3817,C
2-PB1,2188,0,3704,0,60,3764,T
2-PB1,2189,1,3733,0,0,3734,T
2-PB1,2190,10,0,0,3721,3731,C
2-PB1,2191,0,7,3728,0,3735,G
2-PB1,2192,3701,0,21,0,3722,A
2-PB1,2193,1,0,3623,1,3625,G
2-PB1,2194,2,3648,0,0,3650,T
2-PB1,2195,16,1,0,3653,3670,C
2-PB1,2196,1,3670,1,2,3674,T
2-PB1,2197,0,2,3675,0,3677,G
2-PB1,2198,0,2,3678,0,3680,G
2-PB1,2199,3668,0,4,0,3672,A
2-PB1,2200,3459,0,6,0,3465,A
2-PB1,2201,0,2,3493,0,3495,G
2-PB1,2202,0,5,3530,0,3535,G
2-PB1,2203,3533,1,0,0,3534,A
2-PB1,2204,0,3437,0,67,3504,T
2-PB1,2205,1,3505,0,1,3507,T
2-PB1,2206,3498,0,0,0,3498,A
2-PB1,2207,3491,0,1,0,3492,A
2-PB1,2208,0,2,3500,0,3502,G
2-PB1,2209,3486,1,2,0,3489,A
2-PB1,2210,3234,0,4,0,3238,A
2-PB1,2211,0,3,2996,0,2999,G
2-PB1,2212,0,1,2992,0,2993,G
2-PB1,2213,2984,0,3,0,2987,A
2-PB1,2214,2982,0,2,0,2984,A
2-PB1,2215,0,3,2985,0,2988,G
2-PB1,2216,2785,0,0,0,2785,A
2-PB1,2217,0,0,2794,0,2794,G
2-PB1,2218,2,2657,0,0,2659,T
2-PB1,2219,0,2637,0,0,2637,T
2-PB1,2220,10,1,0,2650,2661,C
2-PB1,2221,1,2591,0,7,2599,T
2-PB1,2222,4,5,0,2592,2601,C
2-PB1,2223,1,2548,0,32,2581,T
2-PB1,2224,0,11,2562,0,2573,G
2-PB1,2225,2502,0,0,1,2503,A
2-PB1,2226,1,4,2493,0,2498,G
2-PB1,2227,2470,0,0,0,2470,A
2-PB1,2228,0,2380,0,0,2380,T
2-PB1,2229,18,1,0,2271,2290,C
2-PB1,2230,2290,0,1,0,2291,A
2-PB1,2231,0,2279,0,0,2279,T
2-PB1,2232,0,3,2273,0,2276,G
2-PB1,2233,2251,0,7,0,2258,A
2-PB1,2234,0,3,2137,0,2140,G
2-PB1,2235,0,2,2153,0,2155,G
2-PB1,2236,2152,1,0,0,2153,A
2-PB1,2237,0,2148,0,2,2150,T
2-PB1,2238,6,0,0,2120,2126,C
2-PB1,2239,0,2028,0,1,2029,T
2-PB1,2240,3,0,2035,0,2038,G
2-PB1,2241,0,2026,1,1,2028,T
2-PB1,2242,0,2022,0,1,2023,T
2-PB1,2243,9,1,0,1985,1995,C
2-PB1,2244,7,3,0,1877,1887,C
2-PB1,2245,1879,0,1,0,1880,A
2-PB1,2246,0,0,0,1891,1891,C
2-PB1,2247,8,1,0,1766,1775,C
2-PB1,2248,1721,0,0,0,1721,A
2-PB1,2249,0,1609,0,0,1609,T
2-PB1,2250,0,1546,0,0,1546,T
2-PB1,2251,1,3,1539,0,1543,G
2-PB1,2252,1537,0,1,0,1538,A
2-PB1,2253,1531,0,1,0,1532,A
2-PB1,2254,0,2,1525,0,1527,G
2-PB1,2255,1331,0,1,0,1332,A
2-PB1,2256,1319,0,2,0,1321,A
2-PB1,2257,1,0,0,1318,1319,C
2-PB1,2258,0,1262,1,2,1265,T
2-PB1,2259,6,1,0,1263,1270,C
2-PB1,2260,1209,0,3,0,1212,A
2-PB1,2261,0,0,1213,0,1213,G
2-PB1,2262,1208,0,0,0,1208,A
2-PB1,2263,0,0,0,1168,1168,C
2-PB1,2264,0,0,1136,0,1136,G
2-PB1,2265,0,1,1112,0,1113,G
2-PB1,2266,1,0,0,1108,1109,C
2-PB1,2267,1103,1,1,0,1105,A
2-PB1,2268,1100,0,1,0,1101,A
2-PB1,2269,1084,0,0,0,1084,A
2-PB1,2270,1087,0,2,0,1089,A
2-PB1,2271,1087,0,0,0,1087,A
2-PB1,2272,0,1050,0,0,1050,T
2-PB1,2273,1024,0,0,0,1024,A
2-PB1,2274,1021,0,0,0,1021,A
3-PA,1,185,0,0,0,185,A
3-PA,2,0,184,0,0,184,T
3-PA,3,0,0,193,0,193,G
3-PA,4,0,0,196,0,196,G
3-PA,5,195,0,1,0,196,A
3-PA,6,195,0,0,0,195,A
3-PA,7,0,1,196,0,197,G
3-PA,8,215,0,0,0,215,A
3-PA,9,0,213,0,0,213,T
3-PA,10,0,213,0,0,213,T
3-PA,11,0,216,0,0,216,T
3-PA,12,0,216,0,0,216,T
3-PA,13,0,0,226,0,226,G
3-PA,14,0,224,0,0,224,T
3-PA,15,0,0,223,0,223,G
3-PA,16,0,1,0,224,225,C
3-PA,17,0,1,225,0,226,G
3-PA,18,0,0,226,0,226,G
3-PA,19,0,0,0,248,248,C
3-PA,20,249,0,0,0,249,A
3-PA,21,250,0,0,0,250,A
3-PA,22,0,252,0,0,252,T
3-PA,23,0,0,299,0,299,G
3-PA,24,1,0,0,306,307,C
3-PA,25,0,308,0,0,308,T
3-PA,26,0,308,0,0,308,T
3-PA,27,1,1,0,307,309,C
3-PA,28,314,0,1,0,315,A
3-PA,29,328,0,0,0,328,A
3-PA,30,0,0,0,340,340,C
3-PA,31,2,0,0,337,339,C
3-PA,32,1,1,0,342,344,C
3-PA,33,0,0,346,0,346,G
3-PA,34,347,0,0,0,347,A
3-PA,35,0,347,0,0,347,T
3-PA,36,0,0,351,0,351,G
3-PA,37,352,0,0,0,352,A
3-PA,38,0,363,0,0,363,T
3-PA,39,0,366,0,0,366,T
3-PA,40,0,0,374,0,374,G
3-PA,41,0,374,0,0,374,T
3-PA,42,1,0,0,372,373,C
3-PA,43,0,4,371,0,375,G
3-PA,44,376,0,0,0,376,A
3-PA,45,378,0,0,0,378,A
3-PA,46,0,0,0,378,378,C
3-PA,47,0,375,0,0,375,T
3-PA,48,0,375,0,1,376,T
3-PA,49,1,0,377,0,378,G
3-PA,50,0,0,0,379,379,C
3-PA,51,378,0,1,0,379,A
3-PA,52,0,0,385,0,385,G
3-PA,53,384,0,0,0,384,A
3-PA,54,387,0,0,0,387,A
3-PA,55,386,0,0,0,386,A
3-PA,56,385,0,0,0,385,A
3-PA,57,392,0,0,0,392,A
3-PA,58,0,0,399,0,399,G
3-PA,59,0,0,0,417,417,C
3-PA,60,415,0,1,0,416,A
3-PA,61,447,2,0,0,449,A
3-PA,62,0,449,0,1,450,T
3-PA,63,0,3,457,0,460,G
3-PA,64,471,0,0,0,471,A
3-PA,65,470,1,0,0,471,A
3-PA,66,475,0,0,0,475,A
3-PA,67,0,3,503,0,506,G
3-PA,68,551,0,0,0,551,A
3-PA,69,0,0,648,0,648,G
3-PA,70,0,640,0,0,640,T
3-PA,71,645,0,0,0,645,A
3-PA,72,0,646,0,0,646,T
3-PA,73,0,6,646,0,652,G
3-PA,74,0,2,662,0,664,G
3-PA,75,0,1,661,0,662,G
3-PA,76,0,2,661,0,663,G
3-PA,77,652,0,2,0,654,A
3-PA,78,0,2,649,0,651,G
3-PA,79,0,1,655,0,656,G
3-PA,80,654,0,0,0,654,A
3-PA,81,0,661,0,1,662,T
3-PA,82,4,1,0,660,665,C
3-PA,83,0,662,0,4,666,T
3-PA,84,0,1,667,0,668,G
3-PA,85,666,0,0,0,666,A
3-PA,86,666,0,0,0,666,A
3-PA,87,667,0,0,0,667,A
3-PA,88,671,0,0,0,671,A
3-PA,89,0,670,0,0,670,T
3-PA,90,0,669,0,1,670,T
3-PA,91,1,3,665,0,669,G
3-PA,92,669,0,0,0,669,A
3-PA,93,670,0,0,0,670,A
3-PA,94,670,1,0,0,671,A
3-PA,95,0,0,0,668,668,C
3-PA,96,3,0,0,668,671,C
3-PA,97,688,0,0,0,688,A
3-PA,98,685,0,2,0,687,A
3-PA,99,0,0,0,690,690,C
3-PA,100,689,0,0,0,689,A
3-PA,101,695,0,1,0,696,A
3-PA,102,699,0,0,0,699,A
3-PA,103,0,700,0,1,701,T
3-PA,104,0,700,0,0,700,T
3-PA,105,0,697,0,1,698,T
3-PA,106,0,0,698,0,698,G
3-PA,107,0,0,0,703,703,C
3-PA,108,700,0,2,0,702,A
3-PA,109,0,0,736,0,736,G
3-PA,110,0,0,0,738,738,C
3-PA,111,776,0,0,0,776,A
3-PA,112,793,0,0,0,793,A
3-PA,113,0,796,0,0,796,T
3-PA,114,811,0,1,0,812,A
3-PA,115,0,814,0,0,814,T
3-PA,116,0,0,827,0,827,G
3-PA,117,0,1,0,827,828,C
3-PA,118,820,0,0,0,820,A
3-PA,119,0,0,0,830,830,C
3-PA,120,0,815,0,0,815,T
3-PA,121,5,0,0,975,980,C
3-PA,122,1011,0,1,0,1012,A
3-PA,123,0,0,0,1032,1032,C
3-PA,124,0,1027,0,1,1028,T
3-PA,125,0,1028,0,0,1028,T
3-PA,126,0,3,1026,0,1029,G
3-PA,127,0,2,1037,0,1039,G
3-PA,128,1033,0,0,0,1033,A
3-PA,129,0,3,1056,0,1059,G
3-PA,130,0,0,1048,0,1048,G
3-PA,131,0,992,0,0,992,T
3-PA,132,0,0,1032,0,1032,G
3-PA,133,0,1032,0,0,1032,T
3-PA,134,1,0,1054,0,1055,G
3-PA,135,0,1052,0,0,1052,T
3-PA,136,0,1039,0,1,1040,T
3-PA,137,0,1044,0,0,1044,T
3-PA,138,7,0,0,1039,1046,C
3-PA,139,1052,0,1,0,1053,A
3-PA,140,0,1056,0,0,1056,T
3-PA,141,0,0,1070,0,1070,G
3-PA,142,0,1056,0,1,1057,T
3-PA,143,1059,1,0,0,1060,A
3-PA,144,0,1062,0,0,1062,T
3-PA,145,0,1062,0,0,1062,T
3-PA,146,5,1,0,1061,1067,C
3-PA,147,1058,0,0,0,1058,A
3-PA,148,0,3,1076,0,1079,G
3-PA,149,1080,0,0,0,1080,A
3-PA,150,0,1068,0,0,1068,T
3-PA,151,0,1070,0,3,1073,T
3-PA,152,0,1067,0,1,1068,T
3-PA,153,3,0,0,1059,1062,C
3-PA,154,2,0,1,1078,1081,C
3-PA,155,1079,0,1,0,1080,A
3-PA,156,0,1079,0,1,1080,T
3-PA,157,0,1074,0,0,1074,T
3-PA,158,0,1077,0,1,1078,T
3-PA,159,8,0,0,1069,1077,C
3-PA,160,1081,0,0,0,1081,A
3-PA,161,0,1120,0,0,1120,T
3-PA,162,3,0,0,1115,1118,C
3-PA,163,1119,0,0,0,1119,A
3-PA,164,1120,0,0,0,1120,A
3-PA,165,0,1121,0,0,1121,T
3-PA,166,0,10,1151,0,1161,G
3-PA,167,1164,0,1,0,1165,A
3-PA,168,1160,0,0,0,1160,A
3-PA,169,0,0,0,1159,1159,C
3-PA,170,1144,0,0,0,1144,A
3-PA,171,1153,0,1,0,1154,A
3-PA,172,0,2,1158,0,1160,G
3-PA,173,0,0,1162,0,1162,G
3-PA,174,0,0,0,1160,1160,C
3-PA,175,2,8,1133,0,1143,G
3-PA,176,1219,0,0,0,1219,A
3-PA,177,1219,0,2,0,1221,A
3-PA,178,0,1226,0,1,1227,T
3-PA,179,6,0,0,1248,1254,C
3-PA,180,1249,0,0,0,1249,A
3-PA,181,1244,1,0,0,1245,A
3-PA,182,0,1256,0,0,1256,T
3-PA,183,1252,0,0,0,1252,A
3-PA,184,1,2,1288,0,1291,G
3-PA,185,0,1275,0,0,1275,T
3-PA,186,1,3,1282,1,1287,G
3-PA,187,0,0,1289,0,1289,G
3-PA,188,1,1273,0,1,1275,T
3-PA,189,1275,0,0,0,1275,A
3-PA,190,0,5,1289,0,1294,G
3-PA,191,1294,0,0,0,1294,A
3-PA,192,1294,1,0,0,1295,A
3-PA,193,0,0,0,1292,1292,C
3-PA,194,0,1263,0,1,1264,T
3-PA,195,0,1264,0,0,1264,T
3-PA,196,0,5,1263,0,1268,G
3-PA,197,1266,0,4,0,1270,A
3-PA,198,0,0,0,1269,1269,C
3-PA,199,1,5,1247,0,1253,G
3-PA,200,1289,2,0,0,1291,A
3-PA,201,0,1313,0,1,1314,T
3-PA,202,3,0,0,1333,1336,C
3-PA,203,3,1,0,1351,1355,C
3-PA,204,1360,0,0,0,1360,A
3-PA,205,1360,0,0,0,1360,A
3-PA,206,1360,1,0,0,1361,A
3-PA,207,0,1360,0,2,1362,T
3-PA,208,0,1,1369,0,1370,G
3-PA,209,0,0,0,1362,1362,C
3-PA,210,1358,0,0,0,1358,A
3-PA,211,0,0,0,1408,1408,C
3-PA,212,0,1383,0,0,1383,T
3-PA,213,0,0,1591,0,1591,G
3-PA,214,0,1592,0,0,1592,T
3-PA,215,0,1587,0,1,1588,T
3-PA,216,1590,0,0,0,1590,A
3-PA,217,1591,0,0,0,1591,A
3-PA,218,1587,0,2,0,1589,A
3-PA,219,0,0,1599,0,1599,G
3-PA,220,0,0,0,1572,1572,C
3-PA,221,1542,0,1,1,1544,A
3-PA,222,1,0,0,1534,1535,C
3-PA,223,1442,0,0,0,1442,A
3-PA,224,0,3,1498,0,1501,G
3-PA,225,1501,0,0,0,1501,A
3-PA,226,0,1500,0,0,1500,T
3-PA,227,0,1501,0,0,1501,T
3-PA,228,0,1496,0,1,1497,T
3-PA,229,0,4,1496,0,1500,G
3-PA,230,1505,0,1,0,1506,A
3-PA,231,1507,0,1,0,1508,A
3-PA,232,1505,0,1,0,1506,A
3-PA,233,0,1466,0,0,1466,T
3-PA,234,1463,0,0,0,1463,A
3-PA,235,1483,0,0,0,1483,A
3-PA,236,0,1478,0,0,1478,T
3-PA,237,5,1,0,1482,1488,C
3-PA,238,0,4,1480,0,1484,G
3-PA,239,1475,0,0,0,1475,A
3-PA,240,0,5,1482,0,1487,G
3-PA,241,1,10,1502,0,1513,G
3-PA,242,0,1,1507,0,1508,G
3-PA,243,0,7,1502,0,1509,G
3-PA,244,1488,0,1,0,1489,A
3-PA,245,23,4,1471,0,1498,G
3-PA,246,1531,0,2,0,1533,A
3-PA,247,0,7,1534,0,1541,G
3-PA,248,1535,0,1,0,1536,A
3-PA,249,0,0,0,1541,1541,C
3-PA,250,1508,1,3,0,1512,A
3-PA,251,1,13,1533,0,1547,G
3-PA,252,1545,0,2,0,1547,A
3-PA,253,1571,0,0,1,1572,A
3-PA,254,0,0,0,1568,1568,C
3-PA,255,1521,0,0,0,1521,A
3-PA,256,1524,0,0,0,1524,A
3-PA,257,0,1515,0,1,1516,T
3-PA,258,1,1,1567,0,1569,G
3-PA,259,0,0,1568,0,1568,G
3-PA,260,0,1,0,1546,1547,C
3-PA,261,2,0,0,1553,1555,C
3-PA,262,0,1530,0,1,1531,T
3-PA,263,0,5,1576,0,1581,G
3-PA,264,0,4,1574,0,1578,G
3-PA,265,1584,0,0,0,1584,A
3-PA,266,0,2,0,1599,1601,C
3-PA,267,1535,0,0,0,1535,A
3-PA,268,3,1,1764,0,1768,G
3-PA,269,0,1767,0,0,1767,T
3-PA,270,1783,0,0,0,1783,A
3-PA,271,1,0,1790,0,1791,G
3-PA,272,0,1758,0,0,1758,T
3-PA,273,1763,0,0,0,1763,A
3-PA,274,1769,0,0,0,1769,A
3-PA,275,1756,0,1,0,1757,A
3-PA,276,0,0,0,1770,1770,C
3-PA,277,1612,0,0,0,1612,A
3-PA,278,0,0,1660,0,1660,G
3-PA,279,0,1634,0,0,1634,T
3-PA,280,1659,0,0,0,1659,A
3-PA,281,0,1652,0,1,1653,T
3-PA,282,3,0,0,1662,1665,C
3-PA,283,0,1665,0,1,1666,T
3-PA,284,0,2,1663,0,1665,G
3-PA,285,0,1,0,1662,1663,C
3-PA,286,1636,0,0,0,1636,A
3-PA,287,1636,0,2,0,1638,A
3-PA,288,0,2,0,1645,1647,C
3-PA,289,1634,0,0,0,1634,A
3-PA,290,0,0,0,1704,1704,C
3-PA,291,0,1665,0,0,1665,T
3-PA,292,1669,0,0,0,1669,A
3-PA,293,0,0,0,1663,1663,C
3-PA,294,0,1653,0,0,1653,T
3-PA,295,1,2,1651,0,1654,G
3-PA,296,0,4,1638,0,1642,G
3-PA,297,1627,0,2,0,1629,A
3-PA,298,0,0,1627,0,1627,G
3-PA,299,0,0,0,1584,1584,C
3-PA,300,0,1575,0,6,1581,T
3-PA,301,1,3,1575,0,1579,G
3-PA,302,1,2,1577,0,1580,G
3-PA,303,1578,1,0,0,1579,A
3-PA,304,1583,0,2,0,1585,A
3-PA,305,1574,1,0,0,1575,A
3-PA,306,1577,1,0,1,1579,A
3-PA,307,2,1,0,1578,1581,C
3-PA,308,7,0,0,1570,1577,C
3-PA,309,0,1,1579,0,1580,G
3-PA,310,1576,0,0,0,1576,A
3-PA,311,1579,0,0,0,1579,A
3-PA,312,0,0,1599,0,1599,G
3-PA,313,0,1594,0,0,1594,T
3-PA,314,0,1595,0,0,1595,T
3-PA,315,0,1594,0,1,1595,T
3-PA,316,8,0,0,1593,1601,C
3-PA,317,0,1608,0,0,1608,T
3-PA,318,1610,0,0,0,1610,A
3-PA,319,0,1,0,1605,1606,C
3-PA,320,3,0,0,1605,1608,C
3-PA,321,1586,1,1,0,1588,A
3-PA,322,0,5,1622,0,1627,G
3-PA,323,1628,0,0,1,1629,A
3-PA,324,0,1626,0,0,1626,T
3-PA,325,0,1630,0,0,1630,T
3-PA,326,0,1619,0,2,1621,T
3-PA,327,0,0,1632,0,1632,G
3-PA,328,0,1634,0,0,1634,T
3-PA,329,1634,0,3,0,1637,A
3-PA,330,0,1633,0,0,1633,T
3-PA,331,0,6,1600,0,1606,G
3-PA,332,1689,2,0,0,1691,A
3-PA,333,2,1682,0,0,1684,T
3-PA,334,1,1685,0,0,1686,T
3-PA,335,1692,0,1,0,1693,A
3-PA,336,1,0,0,1686,1687,C
3-PA,337,1704,0,0,1,1705,A
3-PA,338,1702,0,1,0,1703,A
3-PA,339,0,3,1710,0,1713,G
3-PA,340,0,1,1723,0,1724,G
3-PA,341,1621,0,0,0,1621,A
3-PA,342,0,8,1634,0,1642,G
3-PA,343,1639,0,0,0,1639,A
3-PA,344,1639,0,4,0,1643,A
3-PA,345,1,0,0,1640,1641,C
3-PA,346,1611,0,0,0,1611,A
3-PA,347,0,3,1615,0,1618,G
3-PA,348,1606,0,1,0,1607,A
3-PA,349,0,1593,0,0,1593,T
3-PA,350,0,1588,0,0,1588,T
3-PA,351,8,1,0,1556,1565,C
3-PA,352,1567,0,0,0,1567,A
3-PA,353,0,1567,0,0,1567,T
3-PA,354,1,0,0,1570,1571,C
3-PA,355,0,4,1565,1,1570,G
3-PA,356,1579,0,0,0,1579,A
3-PA,357,1570,1,1,0,1572,A
3-PA,358,1577,0,1,0,1578,A
3-PA,359,0,1575,0,0,1575,T
3-PA,360,0,1569,0,0,1569,T
3-PA,361,0,2,1577,0,1579,G
3-PA,362,0,3,1580,0,1583,G
3-PA,363,0,3,1584,0,1587,G
3-PA,364,0,0,1585,0,1585,G
3-PA,365,0,1570,0,1,1571,T
3-PA,366,1572,0,0,0,1572,A
3-PA,367,1588,0,1,0,1589,A
3-PA,368,0,0,0,1615,1615,C
3-PA,369,1622,0,1,0,1623,A
3-PA,370,1608,1,2,0,1611,A
3-PA,371,1,2,1633,0,1636,G
3-PA,372,1,2,1633,0,1636,G
3-PA,373,1611,0,2,0,1613,A
3-PA,374,0,6,1616,0,1622,G
3-PA,375,1602,0,4,0,1606,A
3-PA,376,0,3,1612,0,1615,G
3-PA,377,1579,0,0,0,1579,A
3-PA,378,1568,0,1,0,1569,A
3-PA,379,0,0,1621,1,1622,G
3-PA,380,1,1594,0,1,1596,T
3-PA,381,9,0,0,1597,1606,C
3-PA,382,7,0,0,1596,1603,C
3-PA,383,1618,0,0,0,1618,A
3-PA,384,0,0,0,1656,1656,C
3-PA,385,1702,0,0,1,1703,A
3-PA,386,1,1754,0,0,1755,T
3-PA,387,1790,0,1,0,1791,A
3-PA,388,0,1724,0,0,1724,T
3-PA,389,1710,0,0,0,1710,A
3-PA,390,0,1685,0,3,1688,T
3-PA,391,0,1676,0,0,1676,T
3-PA,392,1724,0,0,0,1724,A
3-PA,393,0,0,0,1716,1716,C
3-PA,394,2,0,0,1620,1622,C
3-PA,395,0,1581,0,1,1582,T
3-PA,396,0,1536,0,1,1537,T
3-PA,397,1,6,1545,0,1552,G
3-PA,398,1549,0,0,0,1549,A
3-PA,399,1553,0,0,0,1553,A
3-PA,400,1552,0,0,1,1553,A
3-PA,401,1489,1,1,0,1491,A
3-PA,402,0,4,1505,0,1509,G
3-PA,403,1,0,1517,0,1518,G
3-PA,404,0,0,0,1517,1517,C
3-PA,405,1,0,0,1522,1523,C
3-PA,406,1521,0,0,0,1521,A
3-PA,407,1521,1,0,0,1522,A
3-PA,408,0,1523,0,0,1523,T
3-PA,409,1524,0,0,0,1524,A
3-PA,410,1519,0,1,0,1520,A
3-PA,411,0,7,1556,0,1563,G
3-PA,412,1554,0,1,0,1555,A
3-PA,413,0,1550,0,0,1550,T
3-PA,414,0,1549,1,0,1550,T
3-PA,415,1559,0,0,0,1559,A
3-PA,416,1560,0,1,1,1562,A
3-PA,417,1563,0,0,0,1563,A
3-PA,418,0,1576,0,0,1576,T
3-PA,419,3,0,0,1577,1580,C
3-PA,420,0,1531,0,0,1531,T
3-PA,421,1,4,1546,0,1551,G
3-PA,422,1557,0,0,0,1557,A
3-PA,423,0,5,1551,0,1556,G
3-PA,424,1566,0,1,0,1567,A
3-PA,425,1563,0,0,1,1564,A
3-PA,426,0,0,0,1571,1571,C
3-PA,427,1558,0,3,0,1561,A
3-PA,428,0,0,0,1577,1577,C
3-PA,429,1561,1,3,0,1565,A
3-PA,430,0,1,0,1574,1575,C
3-PA,431,1560,0,0,1,1561,A
3-PA,432,0,3,0,1621,1624,C
3-PA,433,1616,0,0,0,1616,A
3-PA,434,0,1606,0,0,1606,T
3-PA,435,0,1603,0,1,1604,T
3-PA,436,8,1,0,1603,1612,C
3-PA,437,1593,0,1,0,1594,A
3-PA,438,0,0,0,1609,1609,C
3-PA,439,1590,0,0,0,1590,A
3-PA,440,0,1586,0,1,1587,T
3-PA,441,0,1509,0,0,1509,T
3-PA,442,0,1526,1,0,1527,T
3-PA,443,0,1526,0,0,1526,T
3-PA,444,5,0,0,1548,1553,C
3-PA,445,0,1547,0,1,1548,T
3-PA,446,7,0,1,1547,1555,C
3-PA,447,1535,0,3,1,1539,A
3-PA,448,0,1539,0,0,1539,T
3-PA,449,0,1552,0,0,1552,T
3-PA,450,6,0,0,1551,1557,C
3-PA,451,1544,0,0,0,1544,A
3-PA,452,0,0,0,1555,1555,C
3-PA,453,0,1522,0,1,1523,T
3-PA,454,1,4,1556,0,1561,G
3-PA,455,1,1,1558,0,1560,G
3-PA,456,1,0,1555,1,1557,G
3-PA,457,0,6,1562,0,1568,G
3-PA,458,1554,0,0,0,1554,A
3-PA,459,1,6,1562,0,1569,G
3-PA,460,1,8,1568,0,1577,G
3-PA,461,1564,0,2,1,1567,A
3-PA,462,1562,0,0,0,1562,A
3-PA,463,1540,0,1,0,1541,A
3-PA,464,0,1528,0,1,1529,T
3-PA,465,0,8,1518,0,1526,G
3-PA,466,0,0,1522,0,1522,G
3-PA,467,0,0,0,1524,1524,C
3-PA,468,2,0,0,1521,1523,C
3-PA,469,1518,0,2,0,1520,A
3-PA,470,0,0,0,1527,1527,C
3-PA,471,1522,0,0,1,1523,A
3-PA,472,1526,0,0,0,1526,A
3-PA,473,1534,1,0,0,1535,A
3-PA,474,0,5,1557,0,1562,G
3-PA,475,0,0,1556,0,1556,G
3-PA,476,0,0,0,1560,1560,C
3-PA,477,1564,0,0,0,1564,A
3-PA,478,0,1,1585,0,1586,G
3-PA,479,1580,0,4,0,1584,A
3-PA,480,0,0,0,1613,1613,C
3-PA,481,0,1608,0,0,1608,T
3-PA,482,1607,0,0,0,1607,A
3-PA,483,0,0,0,1592,1592,C
3-PA,484,1576,0,2,0,1578,A
3-PA,485,1,0,0,1588,1589,C
3-PA,486,0,1539,0,0,1539,T
3-PA,487,2,2,0,1540,1544,C
3-PA,488,0,1513,0,1,1514,T
3-PA,489,2,0,0,1506,1508,C
3-PA,490,0,7,1500,0,1507,G
3-PA,491,1507,0,0,0,1507,A
3-PA,492,0,0,0,1502,1502,C
3-PA,493,0,2,1512,0,1514,G
3-PA,494,1496,0,2,1,1499,A
3-PA,495,0,3,1503,0,1506,G
3-PA,496,0,3,1497,0,1500,G
3-PA,497,1494,0,1,0,1495,A
3-PA,498,1499,0,0,0,1499,A
3-PA,499,1501,0,2,0,1503,A
3-PA,500,0,0,1503,0,1503,G
3-PA,501,1,0,0,1505,1506,C
3-PA,502,1485,0,1,0,1486,A
3-PA,503,1,1,1504,0,1506,G
3-PA,504,0,2,1509,0,1511,G
3-PA,505,0,1,1513,0,1514,G
3-PA,506,0,0,0,1508,1508,C
3-PA,507,0,1500,0,0,1500,T
3-PA,508,1506,0,0,0,1506,A
3-PA,509,1,2,1537,0,1540,G
3-PA,510,0,2,1624,0,1626,G
3-PA,511,1633,0,0,0,1633,A
3-PA,512,0,1586,0,0,1586,T
3-PA,513,0,1560,0,1,1561,T
3-PA,514,1551,0,0,0,1551,A
3-PA,515,1566,0,0,0,1566,A
3-PA,516,0,10,1567,1,1578,G
3-PA,517,1578,1,1,0,1580,A
3-PA,518,0,0,0,1568,1568,C
3-PA,519,4,1,0,1436,1441,C
3-PA,520,1416,0,3,0,1419,A
3-PA,521,0,1,1438,0,1439,G
3-PA,522,1,1,1445,0,1447,G
3-PA,523,2,2,0,1442,1446,C
3-PA,524,0,1404,1,0,1405,T
3-PA,525,0,0,1451,0,1451,G
3-PA,526,0,1448,0,1,1449,T
3-PA,527,0,1445,0,0,1445,T
3-PA,528,0,1445,0,3,1448,T
3-PA,529,1450,0,1,0,1451,A
3-PA,530,1,0,0,1476,1477,C
3-PA,531,8,1,0,1431,1440,C
3-PA,532,1440,0,0,0,1440,A
3-PA,533,0,1440,0,0,1440,T
3-PA,534,1368,0,0,0,1368,A
3-PA,535,1367,0,2,0,1369,A
3-PA,536,0,2,1383,0,1385,G
3-PA,537,1380,0,0,0,1380,A
3-PA,538,0,0,0,1386,1386,C
3-PA,539,1337,0,1,1,1339,A
3-PA,540,1339,0,1,0,1340,A
3-PA,541,0,2,1348,0,1350,G
3-PA,542,1351,0,0,0,1351,A
3-PA,543,1349,0,1,0,1350,A
3-PA,544,1344,0,0,0,1344,A
3-PA,545,0,1302,0,1,1303,T
3-PA,546,0,5,1316,0,1321,G
3-PA,547,0,0,1323,0,1323,G
3-PA,548,0,1,0,1326,1327,C
3-PA,549,4,0,0,1314,1318,C
3-PA,550,1311,0,2,0,1313,A
3-PA,551,1354,0,0,0,1354,A
3-PA,552,0,1,0,1354,1355,C
3-PA,553,1341,1,0,0,1342,A
3-PA,554,0,2,1342,0,1344,G
3-PA,555,1305,0,0,0,1305,A
3-PA,556,0,1,1314,0,1315,G
3-PA,557,1,2,1318,0,1321,G
3-PA,558,0,0,0,1329,1329,C
3-PA,559,1,0,0,1339,1340,C
3-PA,560,0,1301,0,0,1301,T
3-PA,561,3,0,0,1306,1309,C
3-PA,562,0,1320,0,1,1321,T
3-PA,563,0,2,1326,0,1328,G
3-PA,564,0,1,1328,0,1329,G
3-PA,565,1,6,1305,0,1312,G
3-PA,566,1301,0,1,0,1302,A
3-PA,567,0,1260,0,4,1264,T
3-PA,568,0,1249,0,1,1250,T
3-PA,569,5,0,0,1316,1321,C
3-PA,570,6,1,0,1303,1310,C
3-PA,571,0,1301,0,1,1302,T
3-PA,572,0,1296,0,1,1297,T
3-PA,573,0,1299,0,0,1299,T
3-PA,574,0,2,0,1304,1306,C
3-PA,575,1,0,1303,0,1304,G
3-PA,576,0,1303,0,1,1304,T
3-PA,577,5,0,0,1303,1308,C
3-PA,578,1253,0,0,0,1253,A
3-PA,579,0,0,1370,0,1370,G
3-PA,580,0,1366,0,2,1368,T
3-PA,581,3,1,0,1364,1368,C
3-PA,582,5,3,0,1365,1373,C
3-PA,583,1,5,1372,0,1378,G
3-PA,584,1379,0,0,0,1379,A
3-PA,585,1378,0,0,0,1378,A
3-PA,586,1375,0,2,0,1377,A
3-PA,587,0,4,1393,0,1397,G
3-PA,588,1332,0,1,0,1333,A
3-PA,589,0,1,1340,0,1341,G
3-PA,590,1,0,1334,0,1335,G
3-PA,591,1,1,0,1335,1337,C
3-PA,592,0,4,1339,0,1343,G
3-PA,593,1341,0,0,0,1341,A
3-PA,594,1343,0,1,0,1344,A
3-PA,595,0,4,1354,1,1359,G
3-PA,596,1359,0,0,0,1359,A
3-PA,597,1349,0,7,0,1356,A
3-PA,598,1348,0,0,1,1349,A
3-PA,599,0,0,0,1366,1366,C
3-PA,600,1357,0,0,0,1357,A
3-PA,601,1362,0,0,0,1362,A
3-PA,602,0,1358,0,0,1358,T
3-PA,603,1,1356,0,0,1357,T
3-PA,604,0,0,1356,0,1356,G
3-PA,605,1346,1,0,0,1347,A
3-PA,606,1349,0,0,0,1349,A
3-PA,607,2,1,1349,0,1352,G
3-PA,608,1344,0,0,0,1344,A
3-PA,609,1341,0,2,0,1343,A
3-PA,610,1339,1,0,0,1340,A
3-PA,611,1338,0,1,0,1339,A
3-PA,612,1350,0,0,0,1350,A
3-PA,613,0,1344,0,0,1344,T
3-PA,614,0,1344,0,0,1344,T
3-PA,615,1,1342,0,1,1344,T
3-PA,616,0,1,1340,0,1341,G
3-PA,617,1339,0,0,0,1339,A
3-PA,618,1345,0,1,0,1346,A
3-PA,619,1346,0,0,0,1346,A
3-PA,620,0,1368,0,1,1369,T
3-PA,621,4,0,0,1484,1488,C
3-PA,622,1480,0,0,0,1480,A
3-PA,623,0,1,0,1504,1505,C
3-PA,624,1493,0,1,0,1494,A
3-PA,625,0,1,1515,1,1517,G
3-PA,626,0,8,1543,0,1551,G
3-PA,627,1560,0,1,0,1561,A
3-PA,628,1591,0,1,1,1593,A
3-PA,629,0,0,0,1605,1605,C
3-PA,630,0,1508,0,0,1508,T
3-PA,631,1544,0,1,0,1545,A
3-PA,632,0,1524,1,0,1525,T
3-PA,633,1,2,1542,0,1545,G
3-PA,634,1,1,0,1534,1536,C
3-PA,635,1,2,1522,0,1525,G
3-PA,636,1,1,0,1498,1500,C
3-PA,637,1506,2,0,0,1508,A
3-PA,638,0,1,1536,0,1537,G
3-PA,639,1,0,1533,0,1534,G
3-PA,640,0,0,0,1529,1529,C
3-PA,641,0,1526,0,1,1527,T
3-PA,642,0,1511,0,0,1511,T
3-PA,643,0,0,1514,0,1514,G
3-PA,644,0,0,0,1510,1510,C
3-PA,645,6,0,0,1502,1508,C
3-PA,646,1,10,1513,0,1524,G
3-PA,647,1515,0,0,0,1515,A
3-PA,648,0,0,0,1523,1523,C
3-PA,649,1,0,0,1524,1525,C
3-PA,650,1529,0,0,0,1529,A
3-PA,651,1534,0,0,0,1534,A
3-PA,652,1525,0,1,0,1526,A
3-PA,653,0,0,1571,0,1571,G
3-PA,654,0,1559,0,2,1561,T
3-PA,655,6,0,0,1550,1556,C
3-PA,656,0,1546,0,2,1548,T
3-PA,657,5,3,0,1554,1562,C
3-PA,658,2,1,0,1559,1562,C
3-PA,659,4,0,0,1571,1575,C
3-PA,660,1580,0,0,0,1580,A
3-PA,661,0,0,0,1582,1582,C
3-PA,662,4,3,0,1553,1560,C
3-PA,663,0,8,1566,0,1574,G
3-PA,664,1584,0,0,0,1584,A
3-PA,665,1586,0,0,0,1586,A
3-PA,666,0,0,0,1605,1605,C
3-PA,667,0,1570,0,0,1570,T
3-PA,668,0,1601,0,0,1601,T
3-PA,669,2,0,0,1629,1631,C
3-PA,670,0,1628,0,0,1628,T
3-PA,671,6,0,0,1621,1627,C
3-PA,672,1,0,0,1621,1622,C
3-PA,673,0,1599,0,3,1602,T
3-PA,674,0,0,1636,0,1636,G
3-PA,675,0,0,0,1629,1629,C
3-PA,676,3,0,0,1632,1635,C
3-PA,677,0,1612,0,0,1612,T
3-PA,678,0,1594,0,0,1594,T
3-PA,679,1,4,1596,0,1601,G
3-PA,680,1597,0,0,0,1597,A
3-PA,681,0,6,1611,0,1617,G
3-PA,682,1617,0,0,0,1617,A
3-PA,683,1619,0,3,0,1622,A
3-PA,684,0,1657,0,0,1657,T
3-PA,685,0,1662,0,0,1662,T
3-PA,686,1,1658,0,0,1659,T
3-PA,687,0,1666,0,0,1666,T
3-PA,688,1660,0,2,0,1662,A
3-PA,689,1,1,1653,0,1655,G
3-PA,690,1634,0,3,0,1637,A
3-PA,691,0,0,1711,0,1711,G
3-PA,692,1,0,0,1704,1705,C
3-PA,693,1,0,0,1710,1711,C
3-PA,694,1,1741,0,0,1742,T
3-PA,695,1796,0,0,0,1796,A
3-PA,696,1,1800,0,2,1803,T
3-PA,697,2,0,1817,0,1819,G
3-PA,698,0,1810,0,0,1810,T
3-PA,699,1,5,1806,0,1812,G
3-PA,700,0,2,1781,0,1783,G
3-PA,701,1775,0,1,0,1776,A
3-PA,702,0,1746,0,1,1747,T
3-PA,703,0,5,1706,0,1711,G
3-PA,704,0,4,1735,0,1739,G
3-PA,705,1732,0,1,0,1733,A
3-PA,706,0,1728,0,0,1728,T
3-PA,707,0,1726,0,0,1726,T
3-PA,708,5,0,0,1713,1718,C
3-PA,709,0,7,1719,0,1726,G
3-PA,710,1723,0,1,0,1724,A
3-PA,711,1726,0,1,0,1727,A
3-PA,712,0,0,0,1740,1740,C
3-PA,713,2,0,0,1664,1666,C
3-PA,714,0,7,1669,0,1676,G
3-PA,715,1667,0,0,0,1667,A
3-PA,716,1668,0,1,0,1669,A
3-PA,717,0,1,0,1690,1691,C
3-PA,718,1,9,1676,0,1686,G
3-PA,719,0,1,1732,0,1733,G
3-PA,720,1,1,0,1745,1747,C
3-PA,721,0,1727,0,1,1728,T
3-PA,722,7,0,1782,0,1789,G
3-PA,723,0,1,0,1795,1796,C
3-PA,724,1808,0,0,0,1808,A
3-PA,725,0,1806,0,0,1806,T
3-PA,726,0,1788,0,1,1789,T
3-PA,727,0,4,1780,0,1784,G
3-PA,728,1716,0,0,0,1716,A
3-PA,729,1,4,1741,0,1746,G
3-PA,730,1,3,1732,0,1736,G
3-PA,731,2,1,1722,0,1725,G
3-PA,732,2,0,0,1723,1725,C
3-PA,733,1708,0,0,0,1708,A
3-PA,734,1717,0,2,0,1719,A
3-PA,735,1,0,1736,0,1737,G
3-PA,736,1,0,0,1748,1749,C
3-PA,737,0,1746,0,0,1746,T
3-PA,738,0,1733,0,0,1733,T
3-PA,739,0,1741,1,0,1742,T
3-PA,740,1,0,0,1745,1746,C
3-PA,741,0,1740,0,0,1740,T
3-PA,742,4,0,0,1750,1754,C
3-PA,743,1754,0,0,0,1754,A
3-PA,744,1736,0,3,0,1739,A
3-PA,745,1732,0,0,1,1733,A
3-PA,746,0,1735,0,0,1735,T
3-PA,747,1,0,1813,0,1814,G
3-PA,748,0,1805,0,1,1806,T
3-PA,749,2,0,0,1828,1830,C
3-PA,750,7,1,0,1833,1841,C
3-PA,751,1843,0,0,0,1843,A
3-PA,752,1837,0,2,0,1839,A
3-PA,753,1841,0,0,0,1841,A
3-PA,754,0,0,1872,0,1872,G
3-PA,755,1859,0,0,0,1859,A
3-PA,756,1803,0,0,0,1803,A
3-PA,757,0,0,1817,0,1817,G
3-PA,758,0,1778,0,2,1780,T
3-PA,759,0,6,1782,0,1788,G
3-PA,760,1782,0,3,0,1785,A
3-PA,761,1778,0,1,0,1779,A
3-PA,762,0,1784,0,0,1784,T
3-PA,763,0,2,1762,0,1764,G
3-PA,764,0,1,0,1756,1757,C
3-PA,765,3,3,0,1752,1758,C
3-PA,766,7,1,0,1751,1759,C
3-PA,767,1754,0,0,0,1754,A
3-PA,768,1780,1,0,0,1781,A
3-PA,769,1786,0,0,0,1786,A
3-PA,770,0,1788,0,0,1788,T
3-PA,771,0,1790,0,0,1790,T
3-PA,772,0,7,1773,0,1780,G
3-PA,773,1767,0,0,0,1767,A
3-PA,774,1773,0,0,0,1773,A
3-PA,775,0,1,0,1782,1783,C
3-PA,776,7,1,0,1765,1773,C
3-PA,777,0,1733,0,1,1734,T
3-PA,778,0,1793,0,2,1795,T
3-PA,779,0,1797,0,0,1797,T
3-PA,780,0,1829,0,12,1841,T
3-PA,781,5,0,0,1842,1847,C
3-PA,782,0,1835,0,0,1835,T
3-PA,783,2,1,1835,0,1838,G
3-PA,784,1826,0,1,0,1827,A
3-PA,785,1845,1,1,0,1847,A
3-PA,786,0,5,1856,0,1861,G
3-PA,787,1839,0,1,0,1840,A
3-PA,788,0,0,0,1837,1837,C
3-PA,789,1813,0,1,0,1814,A
3-PA,790,1823,2,2,0,1827,A
3-PA,791,0,0,0,2018,2018,C
3-PA,792,2023,0,0,0,2023,A
3-PA,793,0,3,0,2024,2027,C
3-PA,794,5,0,0,2003,2008,C
3-PA,795,1990,1,1,0,1992,A
3-PA,796,1992,0,2,0,1994,A
3-PA,797,0,7,1990,0,1997,G
3-PA,798,1995,0,1,0,1996,A
3-PA,799,0,0,0,2004,2004,C
3-PA,800,1,0,0,1839,1840,C
3-PA,801,1823,0,0,0,1823,A
3-PA,802,1826,0,0,0,1826,A
3-PA,803,0,1825,0,0,1825,T
3-PA,804,9,2,0,1815,1826,C
3-PA,805,1822,0,0,0,1822,A
3-PA,806,1810,0,0,0,1810,A
3-PA,807,1812,0,0,0,1812,A
3-PA,808,2,0,0,1832,1834,C
3-PA,809,0,1812,0,1,1813,T
3-PA,810,0,1828,0,1,1829,T
3-PA,811,2,0,0,1833,1835,C
3-PA,812,4,1,0,1830,1835,C
3-PA,813,1,5,1845,0,1851,G
3-PA,814,1845,0,0,0,1845,A
3-PA,815,1853,0,0,0,1853,A
3-PA,816,0,1853,0,1,1854,T
3-PA,817,0,2,1817,0,1819,G
3-PA,818,0,5,1821,0,1826,G
3-PA,819,1826,0,3,0,1829,A
3-PA,820,0,0,0,1838,1838,C
3-PA,821,0,0,0,1831,1831,C
3-PA,822,0,1868,0,1,1869,T
3-PA,823,3,0,0,1899,1902,C
3-PA,824,2,0,0,1893,1895,C
3-PA,825,0,1890,0,0,1890,T
3-PA,826,0,1893,0,1,1894,T
3-PA,827,0,0,1982,0,1982,G
3-PA,828,0,1961,0,0,1961,T
3-PA,829,0,1950,0,0,1950,T
3-PA,830,1947,0,1,0,1948,A
3-PA,831,0,1869,0,0,1869,T
3-PA,832,4,1,0,1842,1847,C
3-PA,833,1807,0,1,0,1808,A
3-PA,834,0,0,1807,0,1807,G
3-PA,835,0,0,0,1803,1803,C
3-PA,836,1,1,1740,0,1742,G
3-PA,837,0,0,1793,0,1793,G
3-PA,838,0,1780,0,4,1784,T
3-PA,839,10,0,0,1786,1796,C
3-PA,840,7,0,0,1787,1794,C
3-PA,841,1805,0,1,0,1806,A
3-PA,842,1809,0,0,0,1809,A
3-PA,843,1808,0,0,0,1808,A
3-PA,844,0,1811,0,1,1812,T
3-PA,845,0,1803,0,0,1803,T
3-PA,846,7,0,0,1778,1785,C
3-PA,847,3,0,0,1765,1768,C
3-PA,848,4,1759,0,0,1763,T
3-PA,849,6,0,0,1765,1771,C
3-PA,850,4,0,0,1777,1781,C
3-PA,851,0,1773,0,1,1774,T
3-PA,852,0,3,1786,0,1789,G
3-PA,853,1785,0,0,0,1785,A
3-PA,854,2,1779,0,0,1781,T
3-PA,855,0,4,1759,0,1763,G
3-PA,856,0,6,1743,0,1749,G
3-PA,857,1733,0,0,0,1733,A
3-PA,858,0,1719,0,0,1719,T
3-PA,859,2,0,1727,0,1729,G
3-PA,860,0,0,0,1831,1831,C
3-PA,861,1,1819,0,2,1822,T
3-PA,862,0,1832,0,2,1834,T
3-PA,863,0,1831,0,0,1831,T
3-PA,864,1829,0,1,0,1830,A
3-PA,865,1841,0,0,0,1841,A
3-PA,866,1847,0,0,0,1847,A
3-PA,867,1851,0,0,1,1852,A
3-PA,868,0,1851,0,0,1851,T
3-PA,869,0,1662,0,1,1663,T
3-PA,870,0,4,1655,0,1659,G
3-PA,871,1634,0,2,0,1636,A
3-PA,872,0,0,1663,0,1663,G
3-PA,873,0,0,0,1671,1671,C
3-PA,874,1653,0,1,0,1654,A
3-PA,875,0,1707,0,0,1707,T
3-PA,876,0,1706,0,0,1706,T
3-PA,877,0,1,1709,0,1710,G
3-PA,878,1697,0,12,0,1709,A
3-PA,879,1695,0,2,0,1697,A
3-PA,880,0,8,1700,0,1708,G
3-PA,881,1643,0,3,0,1646,A
3-PA,882,0,0,0,1664,1664,C
3-PA,883,2,0,0,1637,1639,C
3-PA,884,2,0,0,1596,1598,C
3-PA,885,1581,0,0,0,1581,A
3-PA,886,1611,0,0,0,1611,A
3-PA,887,1,0,1634,0,1635,G
3-PA,888,0,1636,2,0,1638,T
3-PA,889,4,0,0,1646,1650,C
3-PA,890,1645,0,0,0,1645,A
3-PA,891,0,4,0,1643,1647,C
3-PA,892,1,1,1648,0,1650,G
3-PA,893,1646,0,0,0,1646,A
3-PA,894,1651,1,2,1,1655,A
3-PA,895,0,4,1705,0,1709,G
3-PA,896,0,5,1700,0,1705,G
3-PA,897,1692,0,1,0,1693,A
3-PA,898,0,1,1713,0,1714,G
3-PA,899,1713,1,1,1,1716,A
3-PA,900,1724,1,2,0,1727,A
3-PA,901,1,2,1724,0,1727,G
3-PA,902,0,3,1716,0,1719,G
3-PA,903,1648,0,2,0,1650,A
3-PA,904,1683,0,0,0,1683,A
3-PA,905,0,1682,0,0,1682,T
3-PA,906,0,0,0,1694,1694,C
3-PA,907,0,0,1,1843,1844,C
3-PA,908,3,0,0,1848,1851,C
3-PA,909,1874,0,0,0,1874,A
3-PA,910,0,1876,0,0,1876,T
3-PA,911,0,1882,0,0,1882,T
3-PA,912,1948,0,0,1,1949,A
3-PA,913,0,1948,0,1,1949,T
3-PA,914,1947,0,0,0,1947,A
3-PA,915,0,1931,0,0,1931,T
3-PA,916,14,5,1788,0,1807,G
3-PA,917,1814,0,0,1,1815,A
3-PA,918,0,1815,1,1,1817,T
3-PA,919,0,0,1828,0,1828,G
3-PA,920,0,0,0,1816,1816,C
3-PA,921,1,2,1814,0,1817,G
3-PA,922,1827,0,0,0,1827,A
3-PA,923,0,1826,0,0,1826,T
3-PA,924,2,0,0,1826,1828,C
3-PA,925,1829,0,0,0,1829,A
3-PA,926,1810,0,0,0,1810,A
3-PA,927,0,0,1833,0,1833,G
3-PA,928,0,1807,0,1,1808,T
3-PA,929,1,0,1828,0,1829,G
3-PA,930,0,0,0,1841,1841,C
3-PA,931,1825,1,4,0,1830,A
3-PA,932,1,1840,0,0,1841,T
3-PA,933,1844,0,1,0,1845,A
3-PA,934,1871,0,0,0,1871,A
3-PA,935,1868,0,0,0,1868,A
3-PA,936,1862,0,1,0,1863,A
3-PA,937,1857,1,1,0,1859,A
3-PA,938,0,0,0,1865,1865,C
3-PA,939,1850,0,0,0,1850,A
3-PA,940,0,1858,0,0,1858,T
3-PA,941,0,1855,1,0,1856,T
3-PA,942,4,0,0,1864,1868,C
3-PA,943,0,1842,0,0,1842,T
3-PA,944,0,1840,0,0,1840,T
3-PA,945,0,1837,0,0,1837,T
3-PA,946,0,3,1842,0,1845,G
3-PA,947,0,1,1865,0,1866,G
3-PA,948,1854,0,1,0,1855,A
3-PA,949,0,1854,0,0,1854,T
3-PA,950,1,0,1870,1,1872,G
3-PA,951,0,4,1900,1,1905,G
3-PA,952,1907,0,0,0,1907,A
3-PA,953,1904,0,1,0,1905,A
3-PA,954,1897,0,3,1,1901,A
3-PA,955,0,0,1894,0,1894,G
3-PA,956,1878,0,0,0,1878,A
3-PA,957,1,0,1859,0,1860,G
3-PA,958,2,0,0,2078,2080,C
3-PA,959,0,1,0,2129,2130,C
3-PA,960,0,2134,0,0,2134,T
3-PA,961,0,2177,0,0,2177,T
3-PA,962,2186,0,1,1,2188,A
3-PA,963,0,2189,0,0,2189,T
3-PA,964,2174,0,6,0,2180,A
3-PA,965,0,2186,0,0,2186,T
3-PA,966,2020,0,0,0,2020,A
3-PA,967,0,1,2033,0,2034,G
3-PA,968,0,2004,0,3,2007,T
3-PA,969,3,0,0,2005,2008,C
3-PA,970,1985,0,1,0,1986,A
3-PA,971,1987,0,0,0,1987,A
3-PA,972,1991,0,1,0,1992,A
3-PA,973,0,0,0,1997,1997,C
3-PA,974,7,0,0,1964,1971,C
3-PA,975,1947,0,0,0,1947,A
3-PA,976,0,0,0,1963,1963,C
3-PA,977,1957,0,1,0,1958,A
3-PA,978,0,0,0,1972,1972,C
3-PA,979,3,4,1973,0,1980,G
3-PA,980,1956,0,0,0,1956,A
3-PA,981,1963,0,2,0,1965,A
3-PA,982,1962,1,0,0,1963,A
3-PA,983,1961,0,1,0,1962,A
3-PA,984,0,4,1972,0,1976,G
3-PA,985,0,2,1947,0,1949,G
3-PA,986,0,1,1964,0,1965,G
3-PA,987,1953,0,4,0,1957,A
3-PA,988,1968,0,1,0,1969,A
3-PA,989,0,1966,0,0,1966,T
3-PA,990,1967,0,0,0,1967,A
3-PA,991,1973,0,0,0,1973,A
3-PA,992,1983,1,0,0,1984,A
3-PA,993,0,1978,0,0,1978,T
3-PA,994,0,1970,0,0,1970,T
3-PA,995,2,0,0,1978,1980,C
3-PA,996,1972,0,0,0,1972,A
3-PA,997,1982,0,0,0,1982,A
3-PA,998,1980,0,0,0,1980,A
3-PA,999,0,1976,0,0,1976,T
3-PA,1000,0,1986,0,0,1986,T
3-PA,1001,1995,0,0,0,1995,A
3-PA,1002,1,1,0,1996,1998,C
3-PA,1003,1,0,0,1997,1998,C
3-PA,1004,0,1981,0,1,1982,T
3-PA,1005,1,0,2001,0,2002,G
3-PA,1006,1,0,0,2003,2004,C
3-PA,1007,0,2005,0,2,2007,T
3-PA,1008,1,0,2039,0,2040,G
3-PA,1009,0,2038,0,2,2040,T
3-PA,1010,4,0,0,2041,2045,C
3-PA,1011,2045,0,3,0,2048,A
3-PA,1012,0,2048,0,2,2050,T
3-PA,1013,0,3,2051,0,2054,G
3-PA,1014,1,1,2055,0,2057,G
3-PA,1015,2051,0,3,0,2054,A
3-PA,1016,2047,1,1,0,2049,A
3-PA,1017,2008,0,3,1,2012,A
3-PA,1018,0,0,0,2097,2097,C
3-PA,1019,2100,0,1,0,2101,A
3-PA,1020,2108,0,0,1,2109,A
3-PA,1021,0,0,2119,0,2119,G
3-PA,1022,0,2120,0,0,2120,T
3-PA,1023,2122,0,1,0,2123,A
3-PA,1024,1,1,0,2132,2134,C
3-PA,1025,1,2091,0,0,2092,T
3-PA,1026,2,1,2120,0,2123,G
3-PA,1027,0,2106,0,1,2107,T
3-PA,1028,2,0,0,2109,2111,C
3-PA,1029,2111,0,2,0,2113,A
3-PA,1030,0,1,2131,0,2132,G
3-PA,1031,2122,0,0,0,2122,A
3-PA,1032,2124,0,0,0,2124,A
3-PA,1033,2,2166,0,0,2168,T
3-PA,1034,1,2139,0,0,2140,T
3-PA,1035,0,0,2139,0,2139,G
3-PA,1036,0,1,0,2138,2139,C
3-PA,1037,2135,0,3,1,2139,A
3-PA,1038,3,4,2140,0,2147,G
3-PA,1039,0,5,2121,0,2126,G
3-PA,1040,2142,0,2,0,2144,A
3-PA,1041,0,0,0,2155,2155,C
3-PA,1042,2119,0,0,0,2119,A
3-PA,1043,1,2130,0,2,2133,T
3-PA,1044,0,2134,0,2,2136,T
3-PA,1045,1,4,2144,0,2149,G
3-PA,1046,2148,0,0,0,2148,A
3-PA,1047,2140,0,1,0,2141,A
3-PA,1048,2140,0,3,0,2143,A
3-PA,1049,2137,0,1,0,2138,A
3-PA,1050,0,2115,0,0,2115,T
3-PA,1051,0,3,2125,0,2128,G
3-PA,1052,2103,0,2,0,2105,A
3-PA,1053,0,4,2118,0,2122,G
3-PA,1054,0,2,2120,0,2122,G
3-PA,1055,2101,0,0,0,2101,A
3-PA,1056,0,0,2120,0,2120,G
3-PA,1057,2111,0,0,0,2111,A
3-PA,1058,2109,0,0,0,2109,A
3-PA,1059,0,2,2110,0,2112,G
3-PA,1060,1,0,2087,0,2088,G
3-PA,1061,0,2153,0,0,2153,T
3-PA,1062,0,2173,0,1,2174,T
3-PA,1063,4,0,0,2164,2168,C
3-PA,1064,3,1,1,2171,2176,C
3-PA,1065,2186,0,0,0,2186,A
3-PA,1066,2176,0,1,0,2177,A
3-PA,1067,0,0,2195,0,2195,G
3-PA,1068,0,4,2207,0,2211,G
3-PA,1069,2167,0,0,0,2167,A
3-PA,1070,1,0,0,2172,2173,C
3-PA,1071,0,2176,0,2,2178,T
3-PA,1072,2179,0,0,0,2179,A
3-PA,1073,2174,0,0,0,2174,A
3-PA,1074,2176,0,0,0,2176,A
3-PA,1075,2188,0,1,1,2190,A
3-PA,1076,2159,0,2,0,2161,A
3-PA,1077,0,0,0,2159,2159,C
3-PA,1078,2148,0,1,0,2149,A
3-PA,1079,0,2135,0,0,2135,T
3-PA,1080,0,0,2158,0,2158,G
3-PA,1081,2143,1,1,0,2145,A
3-PA,1082,2153,0,0,0,2153,A
3-PA,1083,0,0,2171,0,2171,G
3-PA,1084,2171,1,0,0,2172,A
3-PA,1085,2166,0,1,0,2167,A
3-PA,1086,2163,0,0,0,2163,A
3-PA,1087,2155,0,4,0,2159,A
3-PA,1088,0,0,0,2163,2163,C
3-PA,1089,5,4,2138,0,2147,G
3-PA,1090,2152,0,2,0,2154,A
3-PA,1091,1,0,2149,0,2150,G
3-PA,1092,1,2129,1,2,2133,T
3-PA,1093,7,0,0,2177,2184,C
3-PA,1094,2196,0,2,0,2198,A
3-PA,1095,2239,0,0,0,2239,A
3-PA,1096,0,1,0,2232,2233,C
3-PA,1097,0,2225,0,1,2226,T
3-PA,1098,1,2,2275,0,2278,G
3-PA,1099,2258,0,1,0,2259,A
3-PA,1100,2266,0,0,0,2266,A
3-PA,1101,0,0,2276,0,2276,G
3-PA,1102,1,2215,0,0,2216,T
3-PA,1103,0,6,2227,0,2233,G
3-PA,1104,0,2,2211,0,2213,G
3-PA,1105,0,0,2217,0,2217,G
3-PA,1106,0,0,1,2229,2230,C
3-PA,1107,0,2202,0,1,2203,T
3-PA,1108,1,0,0,2231,2232,C
3-PA,1109,0,2218,0,0,2218,T
3-PA,1110,0,2222,0,0,2222,T
3-PA,1111,0,3,2282,0,2285,G
3-PA,1112,0,0,2285,0,2285,G
3-PA,1113,0,2261,0,3,2264,T
3-PA,1114,0,6,2259,0,2265,G
3-PA,1115,2262,0,0,0,2262,A
3-PA,1116,2281,0,0,0,2281,A
3-PA,1117,2266,1,1,0,2268,A
3-PA,1118,2279,0,0,0,2279,A
3-PA,1119,0,0,0,2291,2291,C
3-PA,1120,2264,0,2,0,2266,A
3-PA,1121,0,2266,0,0,2266,T
3-PA,1122,2,5,2257,0,2264,G
3-PA,1123,2,0,2280,0,2282,G
3-PA,1124,0,1,0,2306,2307,C
3-PA,1125,2303,0,0,3,2306,A
3-PA,1126,1,0,0,2328,2329,C
3-PA,1127,4,1,0,2332,2337,C
3-PA,1128,2371,1,0,0,2372,A
3-PA,1129,0,2,2399,0,2401,G
3-PA,1130,2379,0,1,1,2381,A
3-PA,1131,0,2,2409,1,2412,G
3-PA,1132,2414,2,0,0,2416,A
3-PA,1133,2414,0,2,0,2416,A
3-PA,1134,1,1,2424,0,2426,G
3-PA,1135,0,0,2406,0,2406,G
3-PA,1136,1,2374,0,2,2377,T
3-PA,1137,2390,0,1,0,2391,A
3-PA,1138,0,3,2390,0,2393,G
3-PA,1139,2385,0,1,0,2386,A
3-PA,1140,0,0,0,2401,2401,C
3-PA,1141,0,2373,0,0,2373,T
3-PA,1142,0,2376,0,0,2376,T
3-PA,1143,2,2364,0,0,2366,T
3-PA,1144,0,1,2378,0,2379,G
3-PA,1145,2374,0,2,0,2376,A
3-PA,1146,2381,0,1,1,2383,A
3-PA,1147,2377,0,1,0,2378,A
3-PA,1148,2365,0,1,0,2366,A
3-PA,1149,0,1,0,2432,2433,C
3-PA,1150,0,2401,0,1,2402,T
3-PA,1151,1,1,2432,0,2434,G
3-PA,1152,1,0,0,2434,2435,C
3-PA,1153,2433,0,3,0,2436,A
3-PA,1154,0,1,2431,0,2432,G
3-PA,1155,2424,0,2,0,2426,A
3-PA,1156,0,2,2527,0,2529,G
3-PA,1157,2538,0,0,0,2538,A
3-PA,1158,0,0,0,2516,2516,C
3-PA,1159,2507,0,5,1,2513,A
3-PA,1160,0,2490,0,0,2490,T
3-PA,1161,2506,0,0,0,2506,A
3-PA,1162,2503,1,0,0,2504,A
3-PA,1163,0,0,2505,0,2505,G
3-PA,1164,0,0,0,2496,2496,C
3-PA,1165,0,2,2458,0,2460,G
3-PA,1166,2517,1,0,0,2518,A
3-PA,1167,0,2504,0,0,2504,T
3-PA,1168,0,2493,0,1,2494,T
3-PA,1169,0,2498,0,0,2498,T
3-PA,1170,0,4,2504,0,2508,G
3-PA,1171,2520,0,1,0,2521,A
3-PA,1172,2511,0,2,1,2514,A
3-PA,1173,0,3,2541,0,2544,G
3-PA,1174,0,0,0,2600,2600,C
3-PA,1175,2559,0,0,2,2561,A
3-PA,1176,2749,0,0,1,2750,A
3-PA,1177,1,2754,0,1,2756,T
3-PA,1178,2760,0,1,0,2761,A
3-PA,1179,0,2770,0,0,2770,T
3-PA,1180,1,2,2774,0,2777,G
3-PA,1181,2791,0,1,0,2792,A
3-PA,1182,1,2790,0,0,2791,T
3-PA,1183,2712,0,0,0,2712,A
3-PA,1184,0,0,2718,0,2718,G
3-PA,1185,0,2618,0,2,2620,T
3-PA,1186,1,3,2619,0,2623,G
3-PA,1187,2627,0,1,1,2629,A
3-PA,1188,0,1,0,2605,2606,C
3-PA,1189,3,11,2584,0,2598,G
3-PA,1190,2617,0,1,0,2618,A
3-PA,1191,2610,0,1,0,2611,A
3-PA,1192,1,0,0,2629,2630,C
3-PA,1193,4,0,1,2628,2633,C
3-PA,1194,0,2624,0,3,2627,T
3-PA,1195,1,4,2705,1,2711,G
3-PA,1196,2708,0,1,1,2710,A
3-PA,1197,2720,0,0,0,2720,A
3-PA,1198,0,2725,1,0,2726,T
3-PA,1199,0,2692,0,0,2692,T
3-PA,1200,2693,0,2,0,2695,A
3-PA,1201,2657,0,1,1,2659,A
3-PA,1202,0,3,2669,0,2672,G
3-PA,1203,2,1,2669,0,2672,G
3-PA,1204,0,2625,0,3,2628,T
3-PA,1205,10,0,0,2616,2626,C
3-PA,1206,2618,0,0,0,2618,A
3-PA,1207,0,1,0,2732,2733,C
3-PA,1208,0,2736,0,2,2738,T
3-PA,1209,2,2740,0,1,2743,T
3-PA,1210,0,2739,0,1,2740,T
3-PA,1211,4,0,0,2742,2746,C
3-PA,1212,2747,0,4,0,2751,A
3-PA,1213,2751,0,1,0,2752,A
3-PA,1214,0,0,2775,0,2775,G
3-PA,1215,0,0,0,2765,2765,C
3-PA,1216,0,2729,1,1,2731,T
3-PA,1217,0,3,2799,0,2802,G
3-PA,1218,1,0,2815,0,2816,G
3-PA,1219,2851,0,4,0,2855,A
3-PA,1220,0,2868,0,1,2869,T
3-PA,1221,2870,1,1,0,2872,A
3-PA,1222,0,5,0,2880,2885,C
3-PA,1223,2833,0,1,1,2835,A
3-PA,1224,1,4,2877,0,2882,G
3-PA,1225,2871,0,1,1,2873,A
3-PA,1226,2829,0,2,0,2831,A
3-PA,1227,0,2805,0,1,2806,T
3-PA,1228,0,12,2813,1,2826,G
3-PA,1229,2806,0,0,0,2806,A
3-PA,1230,0,0,2864,0,2864,G
3-PA,1231,0,2860,0,2,2862,T
3-PA,1232,1,2845,0,2,2848,T
3-PA,1233,8,2,1,2898,2909,C
3-PA,1234,2925,0,3,0,2928,A
3-PA,1235,2921,0,0,10,2931,A
3-PA,1236,0,2,0,2924,2926,C
3-PA,1237,2888,0,1,0,2889,A
3-PA,1238,2884,0,1,0,2885,A
3-PA,1239,1,2,2856,0,2859,G
3-PA,1240,0,0,2868,0,2868,G
3-PA,1241,0,0,0,2880,2880,C
3-PA,1242,2,0,0,2874,2876,C
3-PA,1243,0,2873,0,0,2873,T
3-PA,1244,1,1,2908,0,2910,G
3-PA,1245,1,2898,0,1,2900,T
3-PA,1246,0,7,2929,0,2936,G
3-PA,1247,2939,1,2,2,2944,A
3-PA,1248,0,0,2928,0,2928,G
3-PA,1249,0,0,0,2914,2914,C
3-PA,1250,0,2891,0,0,2891,T
3-PA,1251,2962,0,1,0,2963,A
3-PA,1252,2972,0,0,0,2972,A
3-PA,1253,2,0,0,2978,2980,C
3-PA,1254,0,2953,0,0,2953,T
3-PA,1255,0,4,2930,5,2939,G
3-PA,1256,2921,0,0,0,2921,A
3-PA,1257,0,2917,0,1,2918,T
3-PA,1258,1,2931,0,0,2932,T
3-PA,1259,5,2,0,2935,2942,C
3-PA,1260,2997,4,0,0,3001,A
3-PA,1261,0,5,3061,1,3067,G
3-PA,1262,0,3036,0,1,3037,T
3-PA,1263,30,0,0,3018,3048,C
3-PA,1264,0,3030,0,1,3031,T
3-PA,1265,1,3,3138,0,3142,G
3-PA,1266,1,7,3147,0,3155,G
3-PA,1267,3158,0,3,0,3161,A
3-PA,1268,0,3153,0,0,3153,T
3-PA,1269,3014,0,1,0,3015,A
3-PA,1270,0,5,3003,0,3008,G
3-PA,1271,2962,0,2,0,2964,A
3-PA,1272,0,1,2985,0,2986,G
3-PA,1273,1,0,0,2968,2969,C
3-PA,1274,0,2904,1,3,2908,T
3-PA,1275,7,0,0,2925,2932,C
3-PA,1276,1,3,2934,0,2938,G
3-PA,1277,2934,0,0,1,2935,A
3-PA,1278,0,2939,0,0,2939,T
3-PA,1279,1,8,2919,0,2928,G
3-PA,1280,2979,0,2,0,2981,A
3-PA,1281,2982,0,0,0,2982,A
3-PA,1282,2999,0,1,0,3000,A
3-PA,1283,0,2975,1,2,2978,T
3-PA,1284,0,2973,0,0,2973,T
3-PA,1285,1,6,3007,0,3014,G
3-PA,1286,7,7,2996,0,3010,G
3-PA,1287,3000,0,2,0,3002,A
3-PA,1288,1,1,3003,0,3005,G
3-PA,1289,2942,0,1,0,2943,A
3-PA,1290,0,3,2967,0,2970,G
3-PA,1291,0,4,2975,0,2979,G
3-PA,1292,3016,1,1,0,3018,A
3-PA,1293,0,1,0,3011,3012,C
3-PA,1294,0,0,3002,0,3002,G
3-PA,1295,1,2995,0,1,2997,T
3-PA,1296,3023,0,0,0,3023,A
3-PA,1297,0,1,3036,1,3038,G
3-PA,1298,0,1,0,3056,3057,C
3-PA,1299,2,1,1,3011,3015,C
3-PA,1300,6,1,2,3003,3012,C
3-PA,1301,4,0,0,3018,3022,C
3-PA,1302,3031,0,1,1,3033,A
3-PA,1303,3129,0,1,0,3130,A
3-PA,1304,0,3127,0,0,3127,T
3-PA,1305,0,3101,0,1,3102,T
3-PA,1306,1,5,3112,0,3118,G
3-PA,1307,3061,0,2,0,3063,A
3-PA,1308,2,3,3062,0,3067,G
3-PA,1309,0,0,0,3067,3067,C
3-PA,1310,3040,0,3,1,3044,A
3-PA,1311,0,1,0,3106,3107,C
3-PA,1312,3054,0,0,0,3054,A
3-PA,1313,0,3148,0,1,3149,T
3-PA,1314,0,3143,1,1,3145,T
3-PA,1315,1,1,3137,0,3139,G
3-PA,1316,0,3,1,3128,3132,C
3-PA,1317,3136,0,2,0,3138,A
3-PA,1318,3137,0,1,0,3138,A
3-PA,1319,1,0,3149,0,3150,G
3-PA,1320,1,0,0,3127,3128,C
3-PA,1321,3126,0,0,0,3126,A
3-PA,1322,1,3065,0,0,3066,T
3-PA,1323,0,7,3058,0,3065,G
3-PA,1324,3061,1,0,0,3062,A
3-PA,1325,0,3,3075,0,3078,G
3-PA,1326,3076,0,1,0,3077,A
3-PA,1327,3072,0,1,1,3074,A
3-PA,1328,2,1,3075,0,3078,G
3-PA,1329,0,4,3079,0,3083,G
3-PA,1330,3091,1,3,0,3095,A
3-PA,1331,3085,0,5,0,3090,A
3-PA,1332,0,3100,1,1,3102,T
3-PA,1333,1,3102,0,0,3103,T
3-PA,1334,3087,0,12,0,3099,A
3-PA,1335,1,3100,0,0,3101,T
3-PA,1336,0,3094,1,0,3095,T
3-PA,1337,0,3086,0,0,3086,T
3-PA,1338,5,0,0,3045,3050,C
3-PA,1339,3032,0,4,0,3036,A
3-PA,1340,2,1,0,3106,3109,C
3-PA,1341,3094,0,2,0,3096,A
3-PA,1342,0,0,3121,0,3121,G
3-PA,1343,1,0,1,3118,3120,C
3-PA,1344,3110,0,1,0,3111,A
3-PA,1345,0,1,3110,0,3111,G
3-PA,1346,3103,0,0,0,3103,A
3-PA,1347,2982,0,5,0,2987,A
3-PA,1348,1,1,3023,0,3025,G
3-PA,1349,0,3016,0,2,3018,T
3-PA,1350,1,0,3075,0,3076,G
3-PA,1351,1,3030,0,4,3035,T
3-PA,1352,4,1,0,3029,3034,C
3-PA,1353,1,1,2,3050,3054,C
3-PA,1354,6,0,0,3023,3029,C
3-PA,1355,3080,1,1,0,3082,A
3-PA,1356,0,3103,1,4,3108,T
3-PA,1357,0,3090,1,0,3091,T
3-PA,1358,0,2,3110,0,3112,G
3-PA,1359,0,3062,0,1,3063,T
3-PA,1360,3024,0,1,0,3025,A
3-PA,1361,1,5,3022,0,3028,G
3-PA,1362,2945,0,4,0,2949,A
3-PA,1363,2,0,2967,0,2969,G
3-PA,1364,1,0,0,2915,2916,C
3-PA,1365,5,0,0,2869,2874,C
3-PA,1366,2919,0,3,1,2923,A
3-PA,1367,0,0,0,2927,2927,C
3-PA,1368,0,2915,0,1,2916,T
3-PA,1369,0,4,2914,0,2918,G
3-PA,1370,2905,0,1,0,2906,A
3-PA,1371,2853,0,3,0,2856,A
3-PA,1372,0,2914,0,0,2914,T
3-PA,1373,2922,1,1,0,2924,A
3-PA,1374,1,0,0,2949,2950,C
3-PA,1375,2893,0,1,0,2894,A
3-PA,1376,1,2912,0,0,2913,T
3-PA,1377,2893,0,0,0,2893,A
3-PA,1378,2897,0,0,0,2897,A
3-PA,1379,1,2872,0,2,2875,T
3-PA,1380,0,4,2803,0,2807,G
3-PA,1381,2794,0,1,0,2795,A
3-PA,1382,2753,0,0,0,2753,A
3-PA,1383,0,3,2763,0,2766,G
3-PA,1384,0,4,2743,0,2747,G
3-PA,1385,0,3,2773,0,2776,G
3-PA,1386,0,3,2773,0,2776,G
3-PA,1387,1,1,2804,0,2806,G
3-PA,1388,0,2742,0,0,2742,T
3-PA,1389,2750,1,1,0,2752,A
3-PA,1390,0,2772,0,0,2772,T
3-PA,1391,2802,0,0,0,2802,A
3-PA,1392,0,3,0,3068,3071,C
3-PA,1393,2982,0,0,0,2982,A
3-PA,1394,1,2930,0,0,2931,T
3-PA,1395,0,2900,0,1,2901,T
3-PA,1396,2870,1,0,0,2871,A
3-PA,1397,2921,0,0,0,2921,A
3-PA,1398,1,3,0,2914,2918,C
3-PA,1399,2880,1,0,0,2881,A
3-PA,1400,0,0,0,2878,2878,C
3-PA,1401,0,2478,0,1,2479,T
3-PA,1402,0,0,2555,0,2555,G
3-PA,1403,1,0,0,2551,2552,C
3-PA,1404,2,0,0,2538,2540,C
3-PA,1405,2,0,0,2549,2551,C
3-PA,1406,0,2471,0,1,2472,T
3-PA,1407,0,0,2551,0,2551,G
3-PA,1408,0,0,0,2552,2552,C
3-PA,1409,0,2540,0,0,2540,T
3-PA,1410,5,0,0,2604,2609,C
3-PA,1411,2498,0,0,0,2498,A
3-PA,1412,2509,0,0,0,2509,A
3-PA,1413,0,2506,0,0,2506,T
3-PA,1414,0,1,2505,0,2506,G
3-PA,1415,1,1,0,2493,2495,C
3-PA,1416,2422,0,0,0,2422,A
3-PA,1417,0,2408,0,2,2410,T
3-PA,1418,4,0,0,2410,2414,C
3-PA,1419,2,1,0,2446,2449,C
3-PA,1420,0,2314,0,1,2315,T
3-PA,1421,2,0,2385,0,2387,G
3-PA,1422,0,2368,0,0,2368,T
3-PA,1423,0,0,2376,0,2376,G
3-PA,1424,1,1,0,2373,2375,C
3-PA,1425,2340,0,3,1,2344,A
3-PA,1426,0,0,2362,0,2362,G
3-PA,1427,0,2,0,2350,2352,C
3-PA,1428,2320,0,0,0,2320,A
3-PA,1429,2318,1,2,0,2321,A
3-PA,1430,0,2229,0,0,2229,T
3-PA,1431,1,5,2229,0,2235,G
3-PA,1432,0,3,2228,0,2231,G
3-PA,1433,2239,0,1,0,2240,A
3-PA,1434,1,1,0,2228,2230,C
3-PA,1435,0,7,2192,0,2199,G
3-PA,1436,2231,0,0,0,2231,A
3-PA,1437,0,2231,0,0,2231,T
3-PA,1438,0,2234,0,1,2235,T
3-PA,1439,0,2225,0,0,2225,T
3-PA,1440,2,2217,0,1,2220,T
3-PA,1441,5,0,1,2220,2226,C
3-PA,1442,2234,0,0,0,2234,A
3-PA,1443,2233,1,0,0,2234,A
3-PA,1444,0,1,0,2226,2227,C
3-PA,1445,0,2189,0,0,2189,T
3-PA,1446,2186,0,0,0,2186,A
3-PA,1447,2183,0,0,0,2183,A
3-PA,1448,1,2184,1,0,2186,T
3-PA,1449,0,2177,0,0,2177,T
3-PA,1450,8,0,0,2176,2184,C
3-PA,1451,4,0,0,2166,2170,C
3-PA,1452,0,1,0,2172,2173,C
3-PA,1453,2167,0,0,0,2167,A
3-PA,1454,0,2207,0,0,2207,T
3-PA,1455,1,1,2210,0,2212,G
3-PA,1456,2223,0,0,0,2223,A
3-PA,1457,0,2221,0,0,2221,T
3-PA,1458,2215,0,1,0,2216,A
3-PA,1459,2210,0,1,0,2211,A
3-PA,1460,0,0,2208,0,2208,G
3-PA,1461,1,2097,0,1,2099,T
3-PA,1462,2144,0,0,0,2144,A
3-PA,1463,2140,0,4,0,2144,A
3-PA,1464,0,0,2193,0,2193,G
3-PA,1465,0,2150,0,0,2150,T
3-PA,1466,3,0,2144,1,2148,G
3-PA,1467,0,0,0,2144,2144,C
3-PA,1468,2090,0,4,0,2094,A
3-PA,1469,0,1,2131,0,2132,G
3-PA,1470,2118,0,0,0,2118,A
3-PA,1471,2145,0,2,0,2147,A
3-PA,1472,0,1,0,2157,2158,C
3-PA,1473,0,2087,0,0,2087,T
3-PA,1474,2104,0,0,0,2104,A
3-PA,1475,2101,0,0,0,2101,A
3-PA,1476,2093,0,0,0,2093,A
3-PA,1477,0,0,2107,0,2107,G
3-PA,1478,1992,0,2,0,1994,A
3-PA,1479,0,3,1988,0,1991,G
3-PA,1480,5,2,1937,0,1944,G
3-PA,1481,1,0,1938,0,1939,G
3-PA,1482,1918,0,2,0,1920,A
3-PA,1483,1883,0,0,0,1883,A
3-PA,1484,0,1,1887,0,1888,G
3-PA,1485,0,0,1878,0,1878,G
3-PA,1486,1,1,0,1874,1876,C
3-PA,1487,3,10,1869,0,1882,G
3-PA,1488,1873,0,1,0,1874,A
3-PA,1489,1877,0,0,0,1877,A
3-PA,1490,1877,0,0,0,1877,A
3-PA,1491,1881,0,0,0,1881,A
3-PA,1492,1877,0,0,0,1877,A
3-PA,1493,0,0,0,1874,1874,C
3-PA,1494,4,1,0,1855,1860,C
3-PA,1495,1866,0,1,0,1867,A
3-PA,1496,1875,0,0,0,1875,A
3-PA,1497,0,1878,0,0,1878,T
3-PA,1498,0,1878,0,2,1880,T
3-PA,1499,0,1884,0,0,1884,T
3-PA,1500,1891,0,0,0,1891,A
3-PA,1501,0,1890,0,0,1890,T
3-PA,1502,1887,0,3,0,1890,A
3-PA,1503,1,1881,0,1,1883,T
3-PA,1504,2,3,1850,0,1855,G
3-PA,1505,0,3,1831,0,1834,G
3-PA,1506,1829,0,0,0,1829,A
3-PA,1507,0,1824,0,0,1824,T
3-PA,1508,0,1810,0,1,1811,T
3-PA,1509,3,2,0,1803,1808,C
3-PA,1510,1813,0,4,0,1817,A
3-PA,1511,1,1827,1,0,1829,T
3-PA,1512,2,0,0,1832,1834,C
3-PA,1513,1823,1,0,0,1824,A
3-PA,1514,0,1807,0,0,1807,T
3-PA,1515,1799,0,1,0,1800,A
3-PA,1516,1801,1,0,0,1802,A
3-PA,1517,1799,0,0,0,1799,A
3-PA,1518,0,4,1781,0,1785,G
3-PA,1519,0,3,1750,0,1753,G
3-PA,1520,0,3,1731,0,1734,G
3-PA,1521,1723,0,0,0,1723,A
3-PA,1522,1697,0,3,0,1700,A
3-PA,1523,0,0,1714,0,1714,G
3-PA,1524,1704,0,0,0,1704,A
3-PA,1525,1,1694,0,3,1698,T
3-PA,1526,3,0,0,1696,1699,C
3-PA,1527,0,1671,0,0,1671,T
3-PA,1528,1,0,0,1704,1705,C
3-PA,1529,1703,0,1,0,1704,A
3-PA,1530,0,1701,0,0,1701,T
3-PA,1531,0,1696,0,0,1696,T
3-PA,1532,1,1684,0,0,1685,T
3-PA,1533,1671,0,0,0,1671,A
3-PA,1534,1669,0,0,0,1669,A
3-PA,1535,0,1,1663,0,1664,G
3-PA,1536,0,0,1693,0,1693,G
3-PA,1537,1577,0,0,0,1577,A
3-PA,1538,1575,0,1,0,1576,A
3-PA,1539,0,1556,11,0,1567,T
3-PA,1540,1,2,1570,1,1574,G
3-PA,1541,1597,0,2,0,1599,A
3-PA,1542,0,0,0,1601,1601,C
3-PA,1543,1582,1,3,0,1586,A
3-PA,1544,0,0,0,1584,1584,C
3-PA,1545,1533,0,0,0,1533,A
3-PA,1546,0,7,1542,0,1549,G
3-PA,1547,1522,0,0,0,1522,A
3-PA,1548,1,0,0,1516,1517,C
3-PA,1549,0,0,1495,0,1495,G
3-PA,1550,0,1346,0,0,1346,T
3-PA,1551,0,5,1353,0,1358,G
3-PA,1552,0,0,1362,0,1362,G
3-PA,1553,0,1356,0,2,1358,T
3-PA,1554,1355,0,0,0,1355,A
3-PA,1555,1329,1,0,0,1330,A
3-PA,1556,1334,0,0,0,1334,A
3-PA,1557,1,1326,0,0,1327,T
3-PA,1558,0,1296,0,0,1296,T
3-PA,1559,0,1300,1,0,1301,T
3-PA,1560,0,1273,1,0,1274,T
3-PA,1561,0,0,1277,0,1277,G
3-PA,1562,0,1252,0,0,1252,T
3-PA,1563,0,5,1249,0,1254,G
3-PA,1564,1242,1,0,0,1243,A
3-PA,1565,0,0,1241,0,1241,G
3-PA,1566,0,1,0,1235,1236,C
3-PA,1567,1236,0,0,0,1236,A
3-PA,1568,0,1235,0,0,1235,T
3-PA,1569,2,2,1231,0,1235,G
3-PA,1570,2,3,1234,0,1239,G
3-PA,1571,1237,0,1,0,1238,A
3-PA,1572,0,0,1240,0,1240,G
3-PA,1573,0,1223,0,0,1223,T
3-PA,1574,0,1200,0,1,1201,T
3-PA,1575,0,1212,0,0,1212,T
3-PA,1576,0,1207,0,0,1207,T
3-PA,1577,1,0,0,1207,1208,C
3-PA,1578,0,1202,0,1,1203,T
3-PA,1579,2,1,0,1198,1201,C
3-PA,1580,0,1162,0,1,1163,T
3-PA,1581,2,1,0,1145,1148,C
3-PA,1582,1150,0,0,0,1150,A
3-PA,1583,0,0,0,1152,1152,C
3-PA,1584,0,1110,1,1,1112,T
3-PA,1585,0,1,1109,0,1110,G
3-PA,1586,1098,0,0,0,1098,A
3-PA,1587,0,0,0,1105,1105,C
3-PA,1588,0,0,0,1089,1089,C
3-PA,1589,2,1,0,1069,1072,C
3-PA,1590,1,1,1063,0,1065,G
3-PA,1591,1059,0,2,0,1061,A
3-PA,1592,0,4,1063,0,1067,G
3-PA,1593,1062,0,1,0,1063,A
3-PA,1594,0,0,0,1036,1036,C
3-PA,1595,0,1017,0,0,1017,T
3-PA,1596,0,969,0,0,969,T
3-PA,1597,0,1,967,0,968,G
3-PA,1598,958,0,0,0,958,A
3-PA,1599,0,0,967,0,967,G
3-PA,1600,1,0,0,962,963,C
3-PA,1601,1,0,0,919,920,C
3-PA,1602,918,0,1,0,919,A
3-PA,1603,0,0,0,921,921,C
3-PA,1604,923,0,0,0,923,A
3-PA,1605,0,923,0,0,923,T
3-PA,1606,913,0,0,0,913,A
3-PA,1607,904,0,0,0,904,A
3-PA,1608,904,0,0,0,904,A
3-PA,1609,0,894,0,0,894,T
3-PA,1610,0,1,890,0,891,G
3-PA,1611,0,0,793,0,793,G
3-PA,1612,1,1,773,0,775,G
3-PA,1613,755,0,0,0,755,A
3-PA,1614,0,1,747,0,748,G
3-PA,1615,734,0,0,0,734,A
3-PA,1616,722,1,0,0,723,A
3-PA,1617,725,0,0,0,725,A
3-PA,1618,0,723,0,1,724,T
3-PA,1619,716,0,0,0,716,A
3-PA,1620,1,0,0,714,715,C
3-PA,1621,0,421,0,0,421,T
3-PA,1622,0,0,418,0,418,G
3-PA,1623,0,283,0,1,284,T
3-PA,1624,0,0,291,0,291,G
3-PA,1625,0,286,0,0,286,T
3-PA,1626,1,0,0,230,231,C
3-PA,1627,0,0,0,220,220,C
3-PA,1628,0,211,0,2,213,T
3-PA,1629,0,211,0,0,211,T
3-PA,1630,0,0,213,0,213,G
3-PA,1631,209,0,1,0,210,A
3-PA,1632,0,0,216,1,217,G
3-PA,1633,205,0,0,0,205,A
3-PA,1634,0,203,0,0,203,T
3-PA,1635,202,0,0,0,202,A
3-PA,1636,0,0,211,0,211,G
3-PA,1637,0,1,212,0,213,G
3-PA,1638,209,0,0,0,209,A
3-PA,1639,0,0,212,0,212,G
3-PA,1640,210,1,0,0,211,A
3-PA,1641,0,213,0,0,213,T
3-PA,1642,211,0,0,0,211,A
3-PA,1643,0,211,0,0,211,T
3-PA,1644,0,0,216,0,216,G
3-PA,1645,0,208,0,0,208,T
3-PA,1646,0,206,0,0,206,T
3-PA,1647,208,0,0,0,208,A
3-PA,1648,0,0,0,208,208,C
3-PA,1649,0,205,0,0,205,T
3-PA,1650,208,0,0,0,208,A
3-PA,1651,206,0,0,0,206,A
3-PA,1652,0,0,209,0,209,G
3-PA,1653,207,0,0,0,207,A
3-PA,1654,202,0,0,0,202,A
3-PA,1655,0,0,195,0,195,G
3-PA,1656,0,196,0,0,196,T
3-PA,1657,0,0,195,0,195,G
3-PA,1658,0,1,0,194,195,C
3-PA,1659,2,0,0,195,197,C
3-PA,1660,197,0,0,0,197,A
3-PA,1661,0,195,0,0,195,T
3-PA,1662,195,0,0,0,195,A
3-PA,1663,0,0,196,0,196,G
3-PA,1664,0,0,195,0,195,G
3-PA,1665,0,0,0,195,195,C
3-PA,1666,1,0,0,192,193,C
3-PA,1667,195,0,0,0,195,A
3-PA,1668,198,0,0,0,198,A
3-PA,1669,199,0,0,0,199,A
3-PA,1670,0,205,0,0,205,T
3-PA,1671,0,203,0,0,203,T
3-PA,1672,0,203,0,0,203,T
3-PA,1673,0,0,0,201,201,C
3-PA,1674,191,0,0,0,191,A
3-PA,1675,193,0,0,0,193,A
3-PA,1676,0,1,193,0,194,G
3-PA,1677,0,0,194,0,194,G
3-PA,1678,0,0,0,192,192,C
3-PA,1679,1,0,0,185,186,C
3-PA,1680,0,0,184,0,184,G
3-PA,1681,192,0,0,0,192,A
3-PA,1682,0,191,0,0,191,T
3-PA,1683,0,1,198,0,199,G
3-PA,1684,0,197,0,0,197,T
3-PA,1685,0,202,0,0,202,T
3-PA,1686,0,0,0,202,202,C
3-PA,1687,0,203,0,0,203,T
3-PA,1688,0,201,0,0,201,T
3-PA,1689,0,0,204,0,204,G
3-PA,1690,0,201,0,0,201,T
3-PA,1691,202,0,0,0,202,A
3-PA,1692,0,191,0,0,191,T
3-PA,1693,0,0,191,0,191,G
3-PA,1694,0,188,0,0,188,T
3-PA,1695,0,0,189,0,189,G
3-PA,1696,187,0,0,0,187,A
3-PA,1697,0,0,189,0,189,G
3-PA,1698,0,0,190,0,190,G
3-PA,1699,189,0,0,0,189,A
3-PA,1700,0,0,0,193,193,C
3-PA,1701,193,0,0,0,193,A
3-PA,1702,191,0,0,0,191,A
3-PA,1703,192,0,0,0,192,A
3-PA,1704,0,0,0,194,194,C
3-PA,1705,1,0,191,0,192,G
3-PA,1706,0,1,194,0,195,G
3-PA,1707,193,0,0,0,193,A
3-PA,1708,192,0,0,0,192,A
3-PA,1709,0,0,0,193,193,C
3-PA,1710,194,0,0,0,194,A
3-PA,1711,0,199,0,0,199,T
3-PA,1712,0,0,0,197,197,C
3-PA,1713,198,0,0,0,198,A
3-PA,1714,197,0,0,0,197,A
3-PA,1715,192,0,0,0,192,A
3-PA,1716,0,0,196,0,196,G
3-PA,1717,0,0,198,0,198,G
3-PA,1718,0,195,0,0,195,T
3-PA,1719,0,1,0,192,193,C
3-PA,1720,196,0,0,0,196,A
3-PA,1721,197,0,0,0,197,A
3-PA,1722,196,0,0,0,196,A
3-PA,1723,197,0,0,0,197,A
3-PA,1724,0,197,0,0,197,T
3-PA,1725,0,0,196,0,196,G
3-PA,1726,194,0,0,0,194,A
3-PA,1727,190,0,1,0,191,A
3-PA,1728,0,0,193,0,193,G
3-PA,1729,0,196,0,0,196,T
3-PA,1730,0,1,196,0,197,G
3-PA,1731,0,0,198,0,198,G
3-PA,1732,0,0,196,0,196,G
3-PA,1733,0,0,195,0,195,G
3-PA,1734,198,0,0,0,198,A
3-PA,1735,200,0,0,0,200,A
3-PA,1736,0,200,0,0,200,T
3-PA,1737,0,0,199,0,199,G
3-PA,1738,0,1,198,0,199,G
3-PA,1739,196,0,0,0,196,A
3-PA,1740,0,0,199,0,199,G
3-PA,1741,200,0,0,0,200,A
3-PA,1742,0,194,0,0,194,T
3-PA,1743,0,0,193,0,193,G
3-PA,1744,190,0,0,0,190,A
3-PA,1745,0,0,194,0,194,G
3-PA,1746,194,0,1,0,195,A
3-PA,1747,0,0,0,193,193,C
3-PA,1748,1,0,192,0,193,G
3-PA,1749,0,190,0,0,190,T
3-PA,1750,0,186,0,0,186,T
3-PA,1751,0,0,191,0,191,G
3-PA,1752,0,0,0,190,190,C
3-PA,1753,0,0,0,191,191,C
3-PA,1754,1,190,0,0,191,T
3-PA,1755,0,188,0,0,188,T
3-PA,1756,1,0,0,191,192,C
3-PA,1757,0,191,0,0,191,T
3-PA,1758,0,193,0,0,193,T
3-PA,1759,0,0,0,197,197,C
3-PA,1760,193,0,0,0,193,A
3-PA,1761,0,0,191,0,191,G
3-PA,1762,0,191,0,0,191,T
3-PA,1763,0,0,0,195,195,C
3-PA,1764,191,0,0,0,191,A
3-PA,1765,0,0,0,197,197,C
3-PA,1766,0,193,0,2,195,T
3-PA,1767,1,0,0,198,199,C
3-PA,1768,0,0,0,197,197,C
3-PA,1769,199,1,0,0,200,A
3-PA,1770,0,0,198,0,198,G
3-PA,1771,0,0,0,200,200,C
3-PA,1772,198,0,0,0,198,A
3-PA,1773,0,1,200,0,201,G
3-PA,1774,196,0,1,0,197,A
3-PA,1775,0,196,0,0,196,T
3-PA,1776,0,0,0,196,196,C
3-PA,1777,0,0,198,0,198,G
3-PA,1778,197,0,0,0,197,A
3-PA,1779,0,0,198,0,198,G
3-PA,1780,196,0,0,0,196,A
3-PA,1781,0,0,202,0,202,G
3-PA,1782,0,0,0,199,199,C
3-PA,1783,199,0,0,0,199,A
3-PA,1784,0,199,0,0,199,T
3-PA,1785,8,0,200,0,208,G
3-PA,1786,208,0,0,0,208,A
3-PA,1787,0,207,0,0,207,T
3-PA,1788,0,207,0,0,207,T
3-PA,1789,0,0,204,0,204,G
3-PA,1790,205,0,0,0,205,A
3-PA,1791,206,0,0,0,206,A
3-PA,1792,0,0,205,0,205,G
3-PA,1793,0,0,0,203,203,C
3-PA,1794,0,0,0,199,199,C
3-PA,1795,0,0,202,0,202,G
3-PA,1796,199,0,0,0,199,A
3-PA,1797,0,0,200,0,200,G
3-PA,1798,0,203,0,0,203,T
3-PA,1799,0,0,0,201,201,C
3-PA,1800,0,0,0,201,201,C
3-PA,1801,0,201,0,0,201,T
3-PA,1802,0,0,0,207,207,C
3-PA,1803,0,1,206,0,207,G
3-PA,1804,0,0,208,0,208,G
3-PA,1805,0,207,0,0,207,T
3-PA,1806,0,207,0,0,207,T
3-PA,1807,207,0,0,0,207,A
3-PA,1808,207,0,0,0,207,A
3-PA,1809,208,0,0,0,208,A
3-PA,1810,0,0,215,0,215,G
3-PA,1811,212,0,1,0,213,A
3-PA,1812,0,1,212,0,213,G
3-PA,1813,203,0,0,0,203,A
3-PA,1814,202,0,0,0,202,A
3-PA,1815,203,0,1,0,204,A
3-PA,1816,0,0,204,0,204,G
3-PA,1817,205,0,0,0,205,A
3-PA,1818,0,0,0,205,205,C
3-PA,1819,198,0,0,0,198,A
3-PA,1820,0,196,0,0,196,T
3-PA,1821,0,1,197,0,198,G
3-PA,1822,197,0,0,0,197,A
3-PA,1823,0,0,0,196,196,C
3-PA,1824,1,0,0,195,196,C
3-PA,1825,194,0,0,0,194,A
3-PA,1826,194,0,0,0,194,A
3-PA,1827,195,0,0,0,195,A
3-PA,1828,0,0,193,0,193,G
3-PA,1829,192,0,0,0,192,A
3-PA,1830,0,0,196,0,196,G
3-PA,1831,0,193,0,0,193,T
3-PA,1832,0,192,0,0,192,T
3-PA,1833,0,193,1,0,194,T
3-PA,1834,0,192,0,0,192,T
3-PA,1835,0,194,0,0,194,T
3-PA,1836,0,195,0,0,195,T
3-PA,1837,0,0,192,0,192,G
3-PA,1838,191,0,0,0,191,A
3-PA,1839,0,2,192,0,194,G
3-PA,1840,195,0,0,0,195,A
3-PA,1841,195,0,1,0,196,A
3-PA,1842,0,194,0,3,197,T
3-PA,1843,194,1,0,0,195,A
3-PA,1844,201,0,0,0,201,A
3-PA,1845,201,0,0,0,201,A
3-PA,1846,0,201,0,0,201,T
3-PA,1847,1,0,0,201,202,C
3-PA,1848,198,0,0,0,198,A
3-PA,1849,0,0,198,0,198,G
3-PA,1850,194,0,0,0,194,A
3-PA,1851,195,0,0,0,195,A
3-PA,1852,0,0,197,0,197,G
3-PA,1853,0,0,0,192,192,C
3-PA,1854,192,0,0,0,192,A
3-PA,1855,0,192,0,0,192,T
3-PA,1856,0,0,194,0,194,G
3-PA,1857,0,1,195,0,196,G
3-PA,1858,0,0,0,197,197,C
3-PA,1859,0,0,0,201,201,C
3-PA,1860,0,0,0,199,199,C
3-PA,1861,207,0,0,0,207,A
3-PA,1862,0,208,0,0,208,T
3-PA,1863,0,208,0,0,208,T
3-PA,1864,0,0,210,0,210,G
3-PA,1865,0,0,211,0,211,G
3-PA,1866,0,1,207,0,208,G
3-PA,1867,0,0,208,0,208,G
3-PA,1868,198,0,0,0,198,A
3-PA,1869,0,0,204,0,204,G
3-PA,1870,0,200,0,1,201,T
3-PA,1871,0,0,0,207,207,C
3-PA,1872,1,0,0,219,220,C
3-PA,1873,0,0,0,217,217,C
3-PA,1874,0,0,0,220,220,C
3-PA,1875,1,0,0,216,217,C
3-PA,1876,218,0,0,0,218,A
3-PA,1877,219,0,0,0,219,A
3-PA,1878,0,1,217,0,218,G
3-PA,1879,0,0,217,0,217,G
3-PA,1880,0,1,215,0,216,G
3-PA,1881,198,0,0,0,198,A
3-PA,1882,0,0,202,0,202,G
3-PA,1883,0,202,0,0,202,T
3-PA,1884,0,0,202,0,202,G
3-PA,1885,0,1,202,0,203,G
3-PA,1886,206,0,0,0,206,A
3-PA,1887,205,0,0,0,205,A
3-PA,1888,0,0,202,0,202,G
3-PA,1889,203,0,0,0,203,A
3-PA,1890,204,0,0,0,204,A
3-PA,1891,0,0,207,0,207,G
3-PA,1892,0,0,206,0,206,G
3-PA,1893,0,207,0,0,207,T
3-PA,1894,0,206,0,0,206,T
3-PA,1895,2,0,0,205,207,C
3-PA,1896,0,0,0,206,206,C
3-PA,1897,209,0,0,0,209,A
3-PA,1898,0,208,0,0,208,T
3-PA,1899,0,208,0,0,208,T
3-PA,1900,0,0,209,0,209,G
3-PA,1901,0,0,208,0,208,G
3-PA,1902,0,0,209,0,209,G
3-PA,1903,208,0,0,0,208,A
3-PA,1904,205,0,0,0,205,A
3-PA,1905,208,0,0,0,208,A
3-PA,1906,0,0,215,0,215,G
3-PA,1907,0,216,0,0,216,T
3-PA,1908,0,0,0,220,220,C
3-PA,1909,0,218,0,0,218,T
3-PA,1910,0,0,217,0,217,G
3-PA,1911,0,218,0,0,218,T
3-PA,1912,218,0,0,0,218,A
3-PA,1913,0,0,219,0,219,G
3-PA,1914,0,0,216,0,216,G
3-PA,1915,206,0,0,0,206,A
3-PA,1916,0,0,1,208,209,C
3-PA,1917,0,203,0,0,203,T
3-PA,1918,0,0,0,221,221,C
3-PA,1919,0,221,0,0,221,T
3-PA,1920,222,0,0,0,222,A
3-PA,1921,0,222,0,0,222,T
3-PA,1922,0,217,0,0,217,T
3-PA,1923,0,0,220,0,220,G
3-PA,1924,0,0,220,0,220,G
3-PA,1925,0,0,0,219,219,C
3-PA,1926,0,218,0,1,219,T
3-PA,1927,211,0,0,0,211,A
3-PA,1928,212,0,0,0,212,A
3-PA,1929,0,0,212,0,212,G
3-PA,1930,0,212,0,0,212,T
3-PA,1931,1,0,0,211,212,C
3-PA,1932,206,0,0,0,206,A
3-PA,1933,0,0,216,0,216,G
3-PA,1934,0,215,0,0,215,T
3-PA,1935,217,0,0,0,217,A
3-PA,1936,0,218,0,0,218,T
3-PA,1937,0,222,0,0,222,T
3-PA,1938,1,0,0,221,222,C
3-PA,1939,216,0,0,0,216,A
3-PA,1940,215,0,0,0,215,A
3-PA,1941,0,216,0,0,216,T
3-PA,1942,204,0,0,0,204,A
3-PA,1943,0,0,205,0,205,G
3-PA,1944,0,0,0,203,203,C
3-PA,1945,0,0,0,204,204,C
3-PA,1946,0,199,0,0,199,T
3-PA,1947,0,0,205,0,205,G
3-PA,1948,0,205,0,0,205,T
3-PA,1949,205,0,0,0,205,A
3-PA,1950,0,205,0,0,205,T
3-PA,1951,0,0,205,0,205,G
3-PA,1952,0,0,0,203,203,C
3-PA,1953,195,0,0,0,195,A
3-PA,1954,0,196,0,0,196,T
3-PA,1955,1,0,0,196,197,C
3-PA,1956,195,0,0,0,195,A
3-PA,1957,0,0,0,198,198,C
3-PA,1958,0,0,0,198,198,C
3-PA,1959,199,0,0,0,199,A
3-PA,1960,0,1,0,196,197,C
3-PA,1961,196,0,0,0,196,A
3-PA,1962,195,0,1,0,196,A
3-PA,1963,0,196,0,0,196,T
3-PA,1964,0,195,0,0,195,T
3-PA,1965,0,1,193,0,194,G
3-PA,1966,0,0,194,0,194,G
3-PA,1967,191,0,0,0,191,A
3-PA,1968,192,0,1,0,193,A
3-PA,1969,0,2,186,0,188,G
3-PA,1970,0,1,188,0,189,G
3-PA,1971,190,0,0,0,190,A
3-PA,1972,0,184,0,0,184,T
3-PA,1973,0,184,0,0,184,T
3-PA,1974,0,186,0,0,186,T
3-PA,1975,0,186,0,0,186,T
3-PA,1976,0,0,0,186,186,C
3-PA,1977,185,0,0,0,185,A
3-PA,1978,1,0,184,0,185,G
3-PA,1979,0,0,0,184,184,C
3-PA,1980,0,0,184,0,184,G
3-PA,1981,0,1,183,0,184,G
3-PA,1982,182,0,0,0,182,A
3-PA,1983,0,0,185,0,185,G
3-PA,1984,0,185,0,0,185,T
3-PA,1985,0,0,0,186,186,C
3-PA,1986,186,0,0,0,186,A
3-PA,1987,186,0,0,0,186,A
3-PA,1988,0,0,187,0,187,G
3-PA,1989,187,0,0,0,187,A
3-PA,1990,187,0,0,0,187,A
3-PA,1991,187,0,0,0,187,A
3-PA,1992,181,0,0,0,181,A
3-PA,1993,0,0,0,184,184,C
3-PA,1994,0,183,0,0,183,T
3-PA,1995,0,0,183,0,183,G
3-PA,1996,0,0,0,183,183,C
3-PA,1997,0,182,0,0,182,T
3-PA,1998,1,0,0,181,182,C
3-PA,1999,2,0,0,179,181,C
3-PA,2000,0,184,0,0,184,T
3-PA,2001,0,184,0,0,184,T
3-PA,2002,0,0,185,0,185,G
3-PA,2003,0,185,0,0,185,T
3-PA,2004,0,180,0,0,180,T
3-PA,2005,0,0,181,0,181,G
3-PA,2006,0,180,0,0,180,T
3-PA,2007,0,178,0,0,178,T
3-PA,2008,0,0,0,177,177,C
3-PA,2009,172,0,0,0,172,A
3-PA,2010,0,0,173,0,173,G
3-PA,2011,0,0,174,0,174,G
3-PA,2012,0,0,0,174,174,C
3-PA,2013,0,174,0,0,174,T
3-PA,2014,0,0,0,184,184,C
3-PA,2015,0,181,0,0,181,T
3-PA,2016,0,180,0,0,180,T
3-PA,2017,179,0,0,0,179,A
3-PA,2018,0,0,180,0,180,G
3-PA,2019,0,0,175,0,175,G
3-PA,2020,0,0,174,0,174,G
3-PA,2021,173,0,0,0,173,A
3-PA,2022,0,0,0,173,173,C
3-PA,2023,163,0,0,0,163,A
3-PA,2024,165,0,0,0,165,A
3-PA,2025,0,0,0,170,170,C
3-PA,2026,0,0,0,168,168,C
3-PA,2027,0,169,0,0,169,T
3-PA,2028,0,0,0,168,168,C
3-PA,2029,0,1,167,0,168,G
3-PA,2030,168,0,0,0,168,A
3-PA,2031,168,0,0,0,168,A
3-PA,2032,0,0,0,170,170,C
3-PA,2033,0,0,0,166,166,C
3-PA,2034,0,162,0,0,162,T
3-PA,2035,0,0,163,0,163,G
3-PA,2036,0,0,163,0,163,G
3-PA,2037,0,0,163,0,163,G
3-PA,2038,163,0,0,0,163,A
3-PA,2039,0,0,0,160,160,C
3-PA,2040,0,0,0,162,162,C
3-PA,2041,0,161,0,0,161,T
3-PA,2042,0,162,0,0,162,T
3-PA,2043,0,162,0,0,162,T
3-PA,2044,0,0,162,0,162,G
3-PA,2045,164,0,0,0,164,A
3-PA,2046,0,164,0,0,164,T
3-PA,2047,0,0,0,164,164,C
3-PA,2048,0,157,0,0,157,T
3-PA,2049,0,159,0,0,159,T
3-PA,2050,0,0,158,0,158,G
3-PA,2051,0,0,158,0,158,G
3-PA,2052,0,0,158,0,158,G
3-PA,2053,0,2,162,0,164,G
3-PA,2054,0,1,162,0,163,G
3-PA,2055,1,0,161,0,162,G
3-PA,2056,0,0,0,160,160,C
3-PA,2057,0,158,0,0,158,T
3-PA,2058,167,0,0,0,167,A
3-PA,2059,0,166,0,0,166,T
3-PA,2060,167,0,0,0,167,A
3-PA,2061,0,167,0,0,167,T
3-PA,2062,0,2,161,0,163,G
3-PA,2063,160,0,1,0,161,A
3-PA,2064,157,0,0,0,157,A
3-PA,2065,0,0,159,0,159,G
3-PA,2066,0,0,0,162,162,C
3-PA,2067,153,0,0,0,153,A
3-PA,2068,161,0,0,0,161,A
3-PA,2069,0,161,0,0,161,T
3-PA,2070,0,161,0,0,161,T
3-PA,2071,0,0,160,0,160,G
3-PA,2072,159,0,0,0,159,A
3-PA,2073,0,0,161,0,161,G
3-PA,2074,0,0,159,0,159,G
3-PA,2075,146,0,0,0,146,A
3-PA,2076,0,0,147,0,147,G
3-PA,2077,0,139,0,0,139,T
3-PA,2078,0,0,141,0,141,G
3-PA,2079,0,0,0,141,141,C
3-PA,2080,0,0,0,139,139,C
3-PA,2081,0,139,0,0,139,T
3-PA,2082,0,1,139,0,140,G
3-PA,2083,139,0,0,0,139,A
3-PA,2084,0,140,0,0,140,T
3-PA,2085,0,134,0,0,134,T
3-PA,2086,134,0,0,0,134,A
3-PA,2087,133,0,0,0,133,A
3-PA,2088,0,130,0,1,131,T
3-PA,2089,0,0,131,0,131,G
3-PA,2090,129,0,0,0,129,A
3-PA,2091,0,125,0,0,125,T
3-PA,2092,0,0,0,129,129,C
3-PA,2093,0,1,0,128,129,C
3-PA,2094,1,0,0,128,129,C
3-PA,2095,0,125,0,0,125,T
3-PA,2096,0,0,129,0,129,G
3-PA,2097,0,0,132,0,132,G
3-PA,2098,0,0,133,0,133,G
3-PA,2099,0,133,0,0,133,T
3-PA,2100,0,124,0,0,124,T
3-PA,2101,0,123,0,0,123,T
3-PA,2102,0,123,0,0,123,T
3-PA,2103,0,0,122,0,122,G
3-PA,2104,0,0,0,123,123,C
3-PA,2105,0,122,0,0,122,T
3-PA,2106,2,1,0,118,121,C
3-PA,2107,118,0,0,0,118,A
3-PA,2108,118,0,0,0,118,A
3-PA,2109,0,118,0,0,118,T
3-PA,2110,0,0,118,0,118,G
3-PA,2111,0,0,0,116,116,C
3-PA,2112,0,0,118,0,118,G
3-PA,2113,0,117,0,0,117,T
3-PA,2114,1,0,0,116,117,C
3-PA,2115,0,116,0,0,116,T
3-PA,2116,0,116,0,0,116,T
3-PA,2117,0,0,114,0,114,G
3-PA,2118,0,0,114,0,114,G
3-PA,2119,0,114,0,0,114,T
3-PA,2120,0,112,0,0,112,T
3-PA,2121,0,0,0,109,109,C
3-PA,2122,107,0,0,0,107,A
3-PA,2123,107,0,0,0,107,A
3-PA,2124,0,0,0,106,106,C
3-PA,2125,0,106,0,0,106,T
3-PA,2126,1,0,0,106,107,C
3-PA,2127,1,0,0,97,98,C
3-PA,2128,0,98,0,0,98,T
3-PA,2129,0,96,0,0,96,T
3-PA,2130,0,0,0,97,97,C
3-PA,2131,0,0,0,97,97,C
3-PA,2132,0,92,0,0,92,T
3-PA,2133,0,0,92,0,92,G
3-PA,2134,91,0,1,0,92,A
3-PA,2135,0,0,0,88,88,C
3-PA,2136,85,0,0,0,85,A
3-PA,2137,0,0,0,83,83,C
3-PA,2138,79,0,0,0,79,A
3-PA,2139,0,79,0,0,79,T
3-PA,2140,0,0,78,0,78,G
3-PA,2141,0,0,0,78,78,C
3-PA,2142,76,0,0,0,76,A
3-PA,2143,0,76,0,0,76,T
3-PA,2144,0,75,0,0,75,T
3-PA,2145,75,0,0,0,75,A
3-PA,2146,75,0,0,0,75,A
3-PA,2147,74,0,0,0,74,A
3-PA,2148,74,0,0,0,74,A
3-PA,2149,0,73,0,0,73,T
3-PA,2150,50,0,0,0,50,A
3-PA,2151,0,0,50,0,50,G
4-HA,1,57,0,0,0,57,A
4-HA,2,0,59,0,0,59,T
4-HA,3,0,0,61,0,61,G
4-HA,4,67,0,0,0,67,A
4-HA,5,67,0,0,0,67,A
4-HA,6,0,0,70,0,70,G
4-HA,7,71,0,0,0,71,A
4-HA,8,0,0,0,78,78,C
4-HA,9,0,77,0,0,77,T
4-HA,10,80,0,0,0,80,A
4-HA,11,0,87,0,0,87,T
4-HA,12,0,0,0,87,87,C
4-HA,13,87,0,0,0,87,A
4-HA,14,0,87,0,0,87,T
4-HA,15,0,88,0,0,88,T
4-HA,16,0,0,93,0,93,G
4-HA,17,0,0,0,94,94,C
4-HA,18,0,92,0,0,92,T
4-HA,19,0,94,0,0,94,T
4-HA,20,0,92,0,0,92,T
4-HA,21,0,0,94,0,94,G
4-HA,22,95,0,0,0,95,A
4-HA,23,0,0,100,0,100,G
4-HA,24,0,0,0,101,101,C
4-HA,25,0,101,0,0,101,T
4-HA,26,110,0,0,0,110,A
4-HA,27,0,0,0,111,111,C
4-HA,28,113,0,0,0,113,A
4-HA,29,0,123,0,0,123,T
4-HA,30,0,122,0,0,122,T
4-HA,31,0,0,0,124,124,C
4-HA,32,0,125,0,0,125,T
4-HA,33,123,0,0,0,123,A
4-HA,34,0,125,0,0,125,T
4-HA,35,0,0,126,0,126,G
4-HA,36,0,124,0,0,124,T
4-HA,37,0,0,0,125,125,C
4-HA,38,0,123,0,0,123,T
4-HA,39,0,0,122,0,122,G
4-HA,40,0,0,124,0,124,G
4-HA,41,0,125,0,0,125,T
4-HA,42,0,125,0,0,125,T
4-HA,43,0,124,0,0,124,T
4-HA,44,0,125,0,0,125,T
4-HA,45,0,0,0,124,124,C
4-HA,46,0,0,122,0,122,G
4-HA,47,0,0,0,127,127,C
4-HA,48,0,125,0,0,125,T
4-HA,49,0,0,0,128,128,C
4-HA,50,126,0,0,0,126,A
4-HA,51,127,0,0,0,127,A
4-HA,52,125,0,0,1,126,A
4-HA,53,127,0,0,0,127,A
4-HA,54,127,0,0,0,127,A
4-HA,55,0,0,0,128,128,C
4-HA,56,0,130,0,0,130,T
4-HA,57,1,129,0,0,130,T
4-HA,58,0,0,0,129,129,C
4-HA,59,1,0,0,129,130,C
4-HA,60,0,130,0,0,130,T
4-HA,61,0,0,131,0,131,G
4-HA,62,0,0,131,0,131,G
4-HA,63,131,0,0,0,131,A
4-HA,64,133,0,0,0,133,A
4-HA,65,133,0,0,0,133,A
4-HA,66,0,134,0,0,134,T
4-HA,67,0,1,136,0,137,G
4-HA,68,136,0,0,0,136,A
4-HA,69,0,0,0,137,137,C
4-HA,70,137,0,0,0,137,A
4-HA,71,137,0,0,0,137,A
4-HA,72,0,0,0,146,146,C
4-HA,73,145,0,0,0,145,A
4-HA,74,1,0,144,0,145,G
4-HA,75,0,0,0,144,144,C
4-HA,76,143,0,0,0,143,A
4-HA,77,0,1,0,151,152,C
4-HA,78,0,0,150,0,150,G
4-HA,79,0,0,150,0,150,G
4-HA,80,0,0,0,155,155,C
4-HA,81,151,0,0,0,151,A
4-HA,82,154,0,0,0,154,A
4-HA,83,0,0,0,159,159,C
4-HA,84,0,0,158,0,158,G
4-HA,85,0,0,0,159,159,C
4-HA,86,0,157,0,0,157,T
4-HA,87,0,0,164,0,164,G
4-HA,88,0,162,0,0,162,T
4-HA,89,0,0,171,0,171,G
4-HA,90,0,0,0,174,174,C
4-HA,91,0,0,0,180,180,C
4-HA,92,0,177,0,0,177,T
4-HA,93,0,178,0,0,178,T
4-HA,94,0,2,176,0,178,G
4-HA,95,0,0,174,0,174,G
4-HA,96,0,0,178,0,178,G
4-HA,97,0,0,0,182,182,C
4-HA,98,182,0,0,0,182,A
4-HA,99,0,0,0,184,184,C
4-HA,100,0,1,0,183,184,C
4-HA,101,200,0,0,3,203,A
4-HA,102,0,203,0,0,203,T
4-HA,103,0,1,206,0,207,G
4-HA,104,0,0,0,208,208,C
4-HA,105,207,1,0,0,208,A
4-HA,106,0,0,220,0,220,G
4-HA,107,0,217,0,0,217,T
4-HA,108,224,0,0,0,224,A
4-HA,109,0,1,0,222,223,C
4-HA,110,0,0,0,219,219,C
4-HA,111,219,0,0,0,219,A
4-HA,112,217,0,0,0,217,A
4-HA,113,220,0,0,0,220,A
4-HA,114,0,0,0,220,220,C
4-HA,115,0,0,217,0,217,G
4-HA,116,0,0,224,0,224,G
4-HA,117,221,0,1,0,222,A
4-HA,118,226,0,0,0,226,A
4-HA,119,0,0,0,225,225,C
4-HA,120,0,1,228,0,229,G
4-HA,121,227,1,0,0,228,A
4-HA,122,0,230,0,0,230,T
4-HA,123,232,0,0,0,232,A
4-HA,124,0,0,232,0,232,G
4-HA,125,0,227,0,0,227,T
4-HA,126,0,0,227,0,227,G
4-HA,127,229,0,0,0,229,A
4-HA,128,231,0,0,0,231,A
4-HA,129,230,0,0,0,230,A
4-HA,130,233,0,0,0,233,A
4-HA,131,0,0,0,234,234,C
4-HA,132,237,0,0,0,237,A
4-HA,133,236,0,0,0,236,A
4-HA,134,0,235,0,0,235,T
4-HA,135,0,0,0,234,234,C
4-HA,136,235,0,0,0,235,A
4-HA,137,0,0,0,235,235,C
4-HA,138,0,0,234,0,234,G
4-HA,139,234,0,0,0,234,A
4-HA,140,231,0,0,0,231,A
4-HA,141,0,232,0,0,232,T
4-HA,142,0,2,231,0,233,G
4-HA,143,233,0,0,0,233,A
4-HA,144,0,1,0,233,234,C
4-HA,145,0,0,0,233,233,C
4-HA,146,238,0,0,0,238,A
4-HA,147,238,0,0,0,238,A
4-HA,148,238,0,0,0,238,A
4-HA,149,0,237,1,0,238,T
4-HA,150,0,236,0,0,236,T
4-HA,151,0,0,238,0,238,G
4-HA,152,237,0,0,0,237,A
4-HA,153,239,0,0,0,239,A
4-HA,154,0,0,240,0,240,G
4-HA,155,0,237,0,0,237,T
4-HA,156,0,245,0,0,245,T
4-HA,157,249,0,0,0,249,A
4-HA,158,0,0,0,250,250,C
4-HA,159,0,250,0,0,250,T
4-HA,160,249,0,0,0,249,A
4-HA,161,253,0,1,0,254,A
4-HA,162,0,254,0,0,254,T
4-HA,163,0,0,252,0,252,G
4-HA,164,0,1,0,265,266,C
4-HA,165,1,260,0,0,261,T
4-HA,166,261,0,0,0,261,A
4-HA,167,0,0,0,262,262,C
4-HA,168,0,260,0,0,260,T
4-HA,169,0,2,260,0,262,G
4-HA,170,260,0,0,0,260,A
4-HA,171,0,0,259,0,259,G
4-HA,172,0,0,0,259,259,C
4-HA,173,0,254,0,0,254,T
4-HA,174,0,1,255,0,256,G
4-HA,175,0,0,266,0,266,G
4-HA,176,0,266,0,0,266,T
4-HA,177,0,267,0,0,267,T
4-HA,178,0,0,0,265,265,C
4-HA,179,261,0,0,0,261,A
4-HA,180,0,1,262,0,263,G
4-HA,181,260,0,0,0,260,A
4-HA,182,0,0,267,0,267,G
4-HA,183,0,268,0,0,268,T
4-HA,184,0,262,0,0,262,T
4-HA,185,0,0,0,265,265,C
4-HA,186,0,0,0,265,265,C
4-HA,187,0,264,0,1,265,T
4-HA,188,0,0,0,268,268,C
4-HA,189,266,0,0,0,266,A
4-HA,190,267,0,0,0,267,A
4-HA,191,0,0,0,269,269,C
4-HA,192,265,0,0,0,265,A
4-HA,193,0,0,271,0,271,G
4-HA,194,0,0,268,0,268,G
4-HA,195,0,270,0,0,270,T
4-HA,196,0,1,268,0,269,G
4-HA,197,271,0,0,0,271,A
4-HA,198,271,0,0,0,271,A
4-HA,199,279,0,0,0,279,A
4-HA,200,0,275,0,0,275,T
4-HA,201,278,0,0,0,278,A
4-HA,202,0,274,0,0,274,T
4-HA,203,0,1,273,0,274,G
4-HA,204,0,1,0,275,276,C
4-HA,205,0,0,277,0,277,G
4-HA,206,273,0,0,0,273,A
4-HA,207,0,0,0,275,275,C
4-HA,208,268,0,0,0,268,A
4-HA,209,0,0,282,0,282,G
4-HA,210,0,279,0,0,279,T
4-HA,211,0,0,0,288,288,C
4-HA,212,1,0,0,288,289,C
4-HA,213,0,289,0,0,289,T
4-HA,214,2,0,0,292,294,C
4-HA,215,293,0,0,0,293,A
4-HA,216,0,292,0,1,293,T
4-HA,217,0,0,0,297,297,C
4-HA,218,277,0,0,0,277,A
4-HA,219,0,0,279,0,279,G
4-HA,220,277,0,0,0,277,A
4-HA,221,0,280,0,0,280,T
4-HA,222,0,0,0,280,280,C
4-HA,223,0,0,0,276,276,C
4-HA,224,0,275,0,0,275,T
4-HA,225,0,274,0,0,274,T
4-HA,226,0,0,276,0,276,G
4-HA,227,275,0,0,0,275,A
4-HA,228,0,274,0,0,274,T
4-HA,229,0,0,277,0,277,G
4-HA,230,0,0,277,0,277,G
4-HA,231,275,0,1,0,276,A
4-HA,232,1,0,276,0,277,G
4-HA,233,275,0,0,0,275,A
4-HA,234,276,0,0,0,276,A
4-HA,235,275,0,0,0,275,A
4-HA,236,274,0,0,0,274,A
4-HA,237,0,0,0,276,276,C
4-HA,238,0,272,0,0,272,T
4-HA,239,0,0,275,0,275,G
4-HA,240,0,0,0,277,277,C
4-HA,241,273,0,0,0,273,A
4-HA,242,0,0,0,289,289,C
4-HA,243,287,0,0,0,287,A
4-HA,244,0,0,0,328,328,C
4-HA,245,0,328,0,0,328,T
4-HA,246,330,0,0,0,330,A
4-HA,247,328,0,0,0,328,A
4-HA,248,0,333,0,0,333,T
4-HA,249,330,0,0,0,330,A
4-HA,250,0,0,330,0,330,G
4-HA,251,324,0,0,0,324,A
4-HA,252,0,320,0,0,320,T
4-HA,253,0,0,301,0,301,G
4-HA,254,0,0,0,300,300,C
4-HA,255,0,300,1,0,301,T
4-HA,256,3,0,0,312,315,C
4-HA,257,0,319,0,0,319,T
4-HA,258,320,0,0,0,320,A
4-HA,259,0,317,0,0,317,T
4-HA,260,0,319,0,0,319,T
4-HA,261,0,0,319,0,319,G
4-HA,262,0,0,317,0,317,G
4-HA,263,0,0,318,0,318,G
4-HA,264,306,0,1,0,307,A
4-HA,265,0,1,304,0,305,G
4-HA,266,298,0,0,0,298,A
4-HA,267,0,0,0,301,301,C
4-HA,268,0,0,0,303,303,C
4-HA,269,0,0,0,303,303,C
4-HA,270,0,300,0,0,300,T
4-HA,271,0,0,0,309,309,C
4-HA,272,306,0,0,0,306,A
4-HA,273,0,0,324,0,324,G
4-HA,274,0,323,0,0,323,T
4-HA,275,0,0,322,0,322,G
4-HA,276,0,316,0,0,316,T
4-HA,277,0,0,314,0,314,G
4-HA,278,313,0,0,0,313,A
4-HA,279,0,316,0,0,316,T
4-HA,280,0,1,309,0,310,G
4-HA,281,0,1,307,0,308,G
4-HA,282,0,0,0,307,307,C
4-HA,283,0,0,0,311,311,C
4-HA,284,0,311,0,4,315,T
4-HA,285,1,0,0,312,313,C
4-HA,286,2,0,0,313,315,C
4-HA,287,315,0,0,0,315,A
4-HA,288,313,0,0,0,313,A
4-HA,289,315,0,0,0,315,A
4-HA,290,312,0,0,0,312,A
4-HA,291,0,0,0,309,309,C
4-HA,292,308,0,0,0,308,A
4-HA,293,313,0,0,0,313,A
4-HA,294,0,0,316,0,316,G
4-HA,295,317,0,0,1,318,A
4-HA,296,319,0,0,0,319,A
4-HA,297,319,0,0,0,319,A
4-HA,298,0,320,0,0,320,T
4-HA,299,0,0,319,0,319,G
4-HA,300,1,2,316,0,319,G
4-HA,301,0,1,318,0,319,G
4-HA,302,314,0,0,0,314,A
4-HA,303,0,0,0,319,319,C
4-HA,304,1,0,0,321,322,C
4-HA,305,0,322,0,0,322,T
4-HA,306,0,322,0,0,322,T
4-HA,307,0,319,0,0,319,T
4-HA,308,0,325,0,0,325,T
4-HA,309,0,326,0,0,326,T
4-HA,310,0,0,331,0,331,G
4-HA,311,0,331,0,0,331,T
4-HA,312,0,323,0,6,329,T
4-HA,313,0,0,328,0,328,G
4-HA,314,323,0,0,0,323,A
4-HA,315,322,0,0,0,322,A
4-HA,316,0,0,0,323,323,C
4-HA,317,0,0,320,0,320,G
4-HA,318,0,0,0,322,322,C
4-HA,319,321,0,0,0,321,A
4-HA,320,0,0,323,0,323,G
4-HA,321,0,0,0,322,322,C
4-HA,322,322,0,0,0,322,A
4-HA,323,322,0,0,0,322,A
4-HA,324,317,0,1,0,318,A
4-HA,325,0,0,326,0,326,G
4-HA,326,0,0,0,323,323,C
4-HA,327,0,1,0,321,322,C
4-HA,328,0,325,0,0,325,T
4-HA,329,321,0,1,0,322,A
4-HA,330,0,0,0,324,324,C
4-HA,331,325,0,0,0,325,A
4-HA,332,0,0,326,0,326,G
4-HA,333,0,0,0,324,324,C
4-HA,334,312,0,0,0,312,A
4-HA,335,311,0,0,0,311,A
4-HA,336,0,0,0,316,316,C
4-HA,337,0,315,0,0,315,T
4-HA,338,0,1,313,0,314,G
4-HA,339,0,309,0,0,309,T
4-HA,340,0,307,0,0,307,T
4-HA,341,307,0,0,0,307,A
4-HA,342,0,0,0,328,328,C
4-HA,343,0,0,0,330,330,C
4-HA,344,0,0,0,336,336,C
4-HA,345,1,316,0,0,317,T
4-HA,346,0,316,0,0,316,T
4-HA,347,316,0,0,0,316,A
4-HA,348,0,316,0,0,316,T
4-HA,349,0,0,317,0,317,G
4-HA,350,315,0,0,0,315,A
4-HA,351,0,291,0,0,291,T
4-HA,352,0,0,294,0,294,G
4-HA,353,0,282,0,0,282,T
4-HA,354,0,0,280,0,280,G
4-HA,355,0,0,0,276,276,C
4-HA,356,1,0,0,275,276,C
4-HA,357,0,0,282,0,282,G
4-HA,358,0,0,284,0,284,G
4-HA,359,283,0,0,0,283,A
4-HA,360,0,284,0,0,284,T
4-HA,361,0,274,0,0,274,T
4-HA,362,278,0,0,0,278,A
4-HA,363,0,271,0,0,271,T
4-HA,364,0,0,275,0,275,G
4-HA,365,0,0,0,274,274,C
4-HA,366,0,0,0,271,271,C
4-HA,367,0,274,0,0,274,T
4-HA,368,0,0,0,284,284,C
4-HA,369,1,0,0,285,286,C
4-HA,370,0,0,0,285,285,C
4-HA,371,0,283,0,0,283,T
4-HA,372,0,287,0,0,287,T
4-HA,373,286,0,0,0,286,A
4-HA,374,0,0,290,0,290,G
4-HA,375,1,0,288,0,289,G
4-HA,376,0,276,0,1,277,T
4-HA,377,1,0,0,265,266,C
4-HA,378,264,0,0,0,264,A
4-HA,379,0,0,0,270,270,C
4-HA,380,0,270,0,0,270,T
4-HA,381,266,0,0,0,266,A
4-HA,382,0,0,267,0,267,G
4-HA,383,0,269,0,0,269,T
4-HA,384,0,268,0,0,268,T
4-HA,385,0,0,273,0,273,G
4-HA,386,0,0,0,272,272,C
4-HA,387,0,0,0,273,273,C
4-HA,388,0,271,0,0,271,T
4-HA,389,0,0,0,272,272,C
4-HA,390,280,0,0,0,280,A
4-HA,391,0,276,0,0,276,T
4-HA,392,0,0,0,279,279,C
4-HA,393,0,0,0,278,278,C
4-HA,394,0,0,275,0,275,G
4-HA,395,0,0,278,0,278,G
4-HA,396,0,0,0,278,278,C
4-HA,397,281,0,0,0,281,A
4-HA,398,0,0,0,282,282,C
4-HA,399,274,0,0,0,274,A
4-HA,400,0,0,0,272,272,C
4-HA,401,0,272,0,0,272,T
4-HA,402,0,0,274,0,274,G
4-HA,403,0,0,275,0,275,G
4-HA,404,267,0,0,0,267,A
4-HA,405,0,0,280,0,280,G
4-HA,406,0,279,0,0,279,T
4-HA,407,0,276,0,0,276,T
4-HA,408,0,0,0,277,277,C
4-HA,409,277,0,0,0,277,A
4-HA,410,281,0,0,0,281,A
4-HA,411,0,0,0,282,282,C
4-HA,412,281,0,0,0,281,A
4-HA,413,280,0,0,0,280,A
4-HA,414,0,279,0,0,279,T
4-HA,415,0,0,279,0,279,G
4-HA,416,278,0,0,0,278,A
4-HA,417,276,1,0,0,277,A
4-HA,418,276,0,0,0,276,A
4-HA,419,0,0,281,0,281,G
4-HA,420,0,0,0,279,279,C
4-HA,421,0,281,0,0,281,T
4-HA,422,0,280,0,0,280,T
4-HA,423,0,0,0,281,281,C
4-HA,424,284,0,0,0,284,A
4-HA,425,281,0,0,0,281,A
4-HA,426,0,283,0,0,283,T
4-HA,427,0,285,0,0,285,T
4-HA,428,0,1,281,0,282,G
4-HA,429,0,0,277,0,277,G
4-HA,430,0,0,0,275,275,C
4-HA,431,1,0,0,293,294,C
4-HA,432,0,296,0,2,298,T
4-HA,433,0,0,296,0,296,G
4-HA,434,0,1,297,0,298,G
4-HA,435,300,0,0,0,300,A
4-HA,436,0,0,302,0,302,G
4-HA,437,0,286,0,1,287,T
4-HA,438,0,0,0,279,279,C
4-HA,439,280,0,0,0,280,A
4-HA,440,0,0,0,279,279,C
4-HA,441,0,278,0,1,279,T
4-HA,442,0,0,0,281,281,C
4-HA,443,280,0,0,0,280,A
4-HA,444,284,0,0,0,284,A
4-HA,445,281,0,0,0,281,A
4-HA,446,284,0,0,0,284,A
4-HA,447,0,0,0,287,287,C
4-HA,448,0,0,284,0,284,G
4-HA,449,0,0,286,0,286,G
4-HA,450,283,0,0,0,283,A
4-HA,451,287,0,1,0,288,A
4-HA,452,0,0,0,287,287,C
4-HA,453,286,0,0,1,287,A
4-HA,454,286,0,0,0,286,A
4-HA,455,0,1,283,0,284,G
4-HA,456,0,0,0,291,291,C
4-HA,457,0,285,0,0,285,T
4-HA,458,0,0,0,290,290,C
4-HA,459,0,289,0,0,289,T
4-HA,460,0,0,291,0,291,G
4-HA,461,0,0,0,289,289,C
4-HA,462,0,289,0,1,290,T
4-HA,463,0,299,0,0,299,T
4-HA,464,0,0,299,0,299,G
4-HA,465,0,0,0,298,298,C
4-HA,466,298,0,0,0,298,A
4-HA,467,0,295,0,0,295,T
4-HA,468,295,0,0,0,295,A
4-HA,469,289,0,0,0,289,A
4-HA,470,0,0,290,0,290,G
4-HA,471,0,0,290,0,290,G
4-HA,472,275,0,0,0,275,A
4-HA,473,0,0,280,0,280,G
4-HA,474,274,0,0,0,274,A
4-HA,475,0,285,0,0,285,T
4-HA,476,0,0,0,289,289,C
4-HA,477,0,292,0,0,292,T
4-HA,478,291,0,0,0,291,A
4-HA,479,290,0,0,0,290,A
4-HA,480,0,292,0,0,292,T
4-HA,481,290,0,0,0,290,A
4-HA,482,287,0,0,0,287,A
4-HA,483,0,0,0,289,289,C
4-HA,484,279,0,0,0,279,A
4-HA,485,0,0,277,0,277,G
4-HA,486,0,273,0,0,273,T
4-HA,487,0,280,0,0,280,T
4-HA,488,0,283,0,0,283,T
4-HA,489,0,0,0,282,282,C
4-HA,490,0,285,0,0,285,T
4-HA,491,0,289,0,0,289,T
4-HA,492,0,288,0,0,288,T
4-HA,493,289,0,1,0,290,A
4-HA,494,0,0,289,0,289,G
4-HA,495,0,289,0,0,289,T
4-HA,496,292,0,0,0,292,A
4-HA,497,0,0,293,0,293,G
4-HA,498,286,0,0,0,286,A
4-HA,499,0,286,0,0,286,T
4-HA,500,0,284,0,0,284,T
4-HA,501,0,0,293,0,293,G
4-HA,502,293,0,0,0,293,A
4-HA,503,291,0,0,0,291,A
4-HA,504,0,290,0,0,290,T
4-HA,505,0,289,0,0,289,T
4-HA,506,0,1,291,0,292,G
4-HA,507,0,0,291,0,291,G
4-HA,508,0,293,0,0,293,T
4-HA,509,0,291,0,0,291,T
4-HA,510,0,2,287,0,289,G
4-HA,511,288,0,0,0,288,A
4-HA,512,0,0,0,289,289,C
4-HA,513,0,1,0,284,285,C
4-HA,514,1,0,0,286,287,C
4-HA,515,288,0,0,0,288,A
4-HA,516,0,0,0,290,290,C
4-HA,517,0,286,0,0,286,T
4-HA,518,0,291,0,0,291,T
4-HA,519,291,0,0,0,291,A
4-HA,520,287,0,0,0,287,A
4-HA,521,284,0,0,0,284,A
4-HA,522,291,0,0,0,291,A
4-HA,523,0,293,0,0,293,T
4-HA,524,0,291,0,0,291,T
4-HA,525,1,0,0,293,294,C
4-HA,526,293,0,0,0,293,A
4-HA,527,293,0,0,0,293,A
4-HA,528,293,0,0,0,293,A
4-HA,529,0,293,0,0,293,T
4-HA,530,296,0,0,0,296,A
4-HA,531,0,0,0,298,298,C
4-HA,532,1,0,0,289,290,C
4-HA,533,0,0,0,294,294,C
4-HA,534,294,0,0,0,294,A
4-HA,535,0,0,317,0,317,G
4-HA,536,0,0,0,317,317,C
4-HA,537,319,0,0,0,319,A
4-HA,538,0,318,0,0,318,T
4-HA,539,0,317,0,0,317,T
4-HA,540,316,0,1,0,317,A
4-HA,541,324,0,0,0,324,A
4-HA,542,324,0,0,0,324,A
4-HA,543,0,0,0,325,325,C
4-HA,544,0,1,318,0,319,G
4-HA,545,0,308,0,0,308,T
4-HA,546,0,1,310,0,311,G
4-HA,547,307,0,0,0,307,A
4-HA,548,0,0,0,310,310,C
4-HA,549,0,303,0,0,303,T
4-HA,550,311,0,0,0,311,A
4-HA,551,0,310,0,0,310,T
4-HA,552,0,0,315,0,315,G
4-HA,553,0,1,0,312,313,C
4-HA,554,0,0,0,312,312,C
4-HA,555,308,0,0,0,308,A
4-HA,556,307,0,1,0,308,A
4-HA,557,314,0,0,0,314,A
4-HA,558,0,0,0,315,315,C
4-HA,559,306,0,0,0,306,A
4-HA,560,305,0,1,0,306,A
4-HA,561,0,306,0,0,306,T
4-HA,562,0,1,304,0,305,G
4-HA,563,305,0,0,0,305,A
4-HA,564,300,0,0,0,300,A
4-HA,565,1,0,0,301,302,C
4-HA,566,302,0,0,0,302,A
4-HA,567,305,0,0,0,305,A
4-HA,568,0,303,0,0,303,T
4-HA,569,0,305,0,0,305,T
4-HA,570,0,307,0,0,307,T
4-HA,571,0,0,305,0,305,G
4-HA,572,304,0,0,0,304,A
4-HA,573,0,0,0,306,306,C
4-HA,574,307,0,0,0,307,A
4-HA,575,305,0,0,0,305,A
4-HA,576,310,0,0,0,310,A
4-HA,577,0,312,0,0,312,T
4-HA,578,0,298,0,0,298,T
4-HA,579,0,0,307,0,307,G
4-HA,580,0,304,0,0,304,T
4-HA,581,305,0,2,0,307,A
4-HA,582,0,1,0,308,309,C
4-HA,583,312,0,0,0,312,A
4-HA,584,0,314,0,0,314,T
4-HA,585,0,306,0,0,306,T
4-HA,586,0,306,0,0,306,T
4-HA,587,0,0,307,0,307,G
4-HA,588,0,0,305,0,305,G
4-HA,589,1,0,301,0,302,G
4-HA,590,0,1,297,0,298,G
4-HA,591,0,0,303,0,303,G
4-HA,592,0,0,310,0,310,G
4-HA,593,0,302,0,0,302,T
4-HA,594,0,309,0,0,309,T
4-HA,595,0,1,0,307,308,C
4-HA,596,308,0,0,0,308,A
4-HA,597,0,1,0,310,311,C
4-HA,598,0,0,0,312,312,C
4-HA,599,308,0,0,0,308,A
4-HA,600,0,0,0,306,306,C
4-HA,601,0,0,0,305,305,C
4-HA,602,1,0,0,301,302,C
4-HA,603,1,0,303,0,304,G
4-HA,604,0,0,315,0,315,G
4-HA,605,0,1,310,0,311,G
4-HA,606,0,313,0,0,313,T
4-HA,607,316,0,0,0,316,A
4-HA,608,0,1,0,311,312,C
4-HA,609,0,0,308,0,308,G
4-HA,610,0,0,307,0,307,G
4-HA,611,306,0,0,0,306,A
4-HA,612,0,0,0,308,308,C
4-HA,613,294,0,0,0,294,A
4-HA,614,295,0,0,0,295,A
4-HA,615,0,292,0,0,292,T
4-HA,616,0,2,296,0,298,G
4-HA,617,300,0,0,0,300,A
4-HA,618,0,0,0,298,298,C
4-HA,619,1,0,0,297,298,C
4-HA,620,299,0,0,0,299,A
4-HA,621,299,0,0,0,299,A
4-HA,622,306,0,0,0,306,A
4-HA,623,0,303,0,0,303,T
4-HA,624,0,0,0,309,309,C
4-HA,625,0,301,0,0,301,T
4-HA,626,0,296,0,0,296,T
4-HA,627,1,0,0,299,300,C
4-HA,628,0,0,0,306,306,C
4-HA,629,0,303,0,0,303,T
4-HA,630,0,1,304,0,305,G
4-HA,631,0,300,0,0,300,T
4-HA,632,304,0,0,0,304,A
4-HA,633,0,301,0,0,301,T
4-HA,634,0,0,303,0,303,G
4-HA,635,0,0,0,304,304,C
4-HA,636,0,300,0,0,300,T
4-HA,637,0,1,0,300,301,C
4-HA,638,303,0,1,0,304,A
4-HA,639,301,0,0,0,301,A
4-HA,640,0,0,302,0,302,G
4-HA,641,0,0,0,306,306,C
4-HA,642,307,0,0,0,307,A
4-HA,643,0,303,0,0,303,T
4-HA,644,0,0,1,301,302,C
4-HA,645,304,0,0,0,304,A
4-HA,646,0,1,307,0,308,G
4-HA,647,0,0,308,0,308,G
4-HA,648,308,1,0,0,309,A
4-HA,649,302,0,0,0,302,A
4-HA,650,0,0,312,0,312,G
4-HA,651,313,0,0,0,313,A
4-HA,652,315,0,1,0,316,A
4-HA,653,0,316,0,0,316,T
4-HA,654,0,0,0,319,319,C
4-HA,655,318,0,0,0,318,A
4-HA,656,0,0,0,319,319,C
4-HA,657,316,0,0,0,316,A
4-HA,658,0,0,325,0,325,G
4-HA,659,0,315,0,0,315,T
4-HA,660,0,0,0,318,318,C
4-HA,661,0,318,0,0,318,T
4-HA,662,0,0,0,325,325,C
4-HA,663,0,324,0,0,324,T
4-HA,664,324,0,0,0,324,A
4-HA,665,0,0,0,325,325,C
4-HA,666,0,0,0,328,328,C
4-HA,667,320,0,0,0,320,A
4-HA,668,323,0,0,0,323,A
4-HA,669,323,1,0,0,324,A
4-HA,670,324,0,0,0,324,A
4-HA,671,0,0,323,0,323,G
4-HA,672,317,0,0,0,317,A
4-HA,673,315,0,0,0,315,A
4-HA,674,0,0,314,0,314,G
4-HA,675,0,0,0,314,314,C
4-HA,676,0,0,0,315,315,C
4-HA,677,314,0,0,0,314,A
4-HA,678,317,0,1,0,318,A
4-HA,679,0,0,0,316,316,C
4-HA,680,317,0,0,0,317,A
4-HA,681,315,0,1,0,316,A
4-HA,682,316,0,0,0,316,A
4-HA,683,0,0,0,321,321,C
4-HA,684,0,319,0,0,319,T
4-HA,685,0,0,325,0,325,G
4-HA,686,0,320,0,0,320,T
4-HA,687,326,0,0,0,326,A
4-HA,688,326,0,0,0,326,A
4-HA,689,0,323,0,0,323,T
4-HA,690,0,0,0,323,323,C
4-HA,691,0,0,0,325,325,C
4-HA,692,0,0,0,319,319,C
4-HA,693,0,0,319,0,319,G
4-HA,694,320,0,0,0,320,A
4-HA,695,319,0,0,0,319,A
4-HA,696,0,319,0,0,319,T
4-HA,697,318,0,0,0,318,A
4-HA,698,0,316,0,0,316,T
4-HA,699,0,0,0,319,319,C
4-HA,700,0,0,313,0,313,G
4-HA,701,0,0,326,0,326,G
4-HA,702,325,0,0,0,325,A
4-HA,703,0,328,0,0,328,T
4-HA,704,0,0,0,325,325,C
4-HA,705,0,326,0,0,326,T
4-HA,706,324,0,0,0,324,A
4-HA,707,0,0,328,0,328,G
4-HA,708,328,0,0,0,328,A
4-HA,709,0,0,0,328,328,C
4-HA,710,1,0,0,315,316,C
4-HA,711,1,0,0,316,317,C
4-HA,712,318,0,0,0,318,A
4-HA,713,0,0,339,0,339,G
4-HA,714,337,0,1,0,338,A
4-HA,715,0,0,338,0,338,G
4-HA,716,0,339,0,0,339,T
4-HA,717,340,0,0,0,340,A
4-HA,718,340,0,0,0,340,A
4-HA,719,0,0,349,0,349,G
4-HA,720,0,1,346,0,347,G
4-HA,721,348,0,0,0,348,A
4-HA,722,314,0,0,0,314,A
4-HA,723,0,310,0,0,310,T
4-HA,724,307,0,0,0,307,A
4-HA,725,0,303,0,0,303,T
4-HA,726,0,0,0,311,311,C
4-HA,727,0,0,0,313,313,C
4-HA,728,0,0,0,310,310,C
4-HA,729,0,309,0,0,309,T
4-HA,730,305,0,0,0,305,A
4-HA,731,0,0,303,0,303,G
4-HA,732,0,0,0,308,308,C
4-HA,733,301,0,1,0,302,A
4-HA,734,0,0,317,0,317,G
4-HA,735,313,0,0,0,313,A
4-HA,736,311,0,0,0,311,A
4-HA,737,0,309,0,0,309,T
4-HA,738,309,0,0,0,309,A
4-HA,739,314,0,0,0,314,A
4-HA,740,0,0,311,0,311,G
4-HA,741,0,0,0,309,309,C
4-HA,742,312,0,0,0,312,A
4-HA,743,0,299,0,0,299,T
4-HA,744,0,0,0,316,316,C
4-HA,745,0,316,0,0,316,T
4-HA,746,315,0,0,0,315,A
4-HA,747,0,313,0,0,313,T
4-HA,748,0,310,0,0,310,T
4-HA,749,0,0,314,0,314,G
4-HA,750,0,0,309,0,309,G
4-HA,751,309,1,0,0,310,A
4-HA,752,0,0,0,314,314,C
4-HA,753,302,0,0,0,302,A
4-HA,754,305,0,0,0,305,A
4-HA,755,0,355,0,0,355,T
4-HA,756,397,0,0,0,397,A
4-HA,757,0,0,439,0,439,G
4-HA,758,0,436,0,0,436,T
4-HA,759,442,0,0,0,442,A
4-HA,760,458,0,0,0,458,A
4-HA,761,518,0,0,0,518,A
4-HA,762,553,0,0,0,553,A
4-HA,763,1,0,0,591,592,C
4-HA,764,0,3,0,575,578,C
4-HA,765,0,3,584,0,587,G
4-HA,766,0,1,626,0,627,G
4-HA,767,0,1,671,0,672,G
4-HA,768,674,0,3,0,677,A
4-HA,769,0,3,702,0,705,G
4-HA,770,763,0,1,0,764,A
4-HA,771,0,0,0,770,770,C
4-HA,772,769,1,0,3,773,A
4-HA,773,0,777,0,0,777,T
4-HA,774,800,0,0,0,800,A
4-HA,775,0,0,0,858,858,C
4-HA,776,0,857,0,1,858,T
4-HA,777,0,881,0,0,881,T
4-HA,778,0,897,0,0,897,T
4-HA,779,0,903,0,0,903,T
4-HA,780,0,7,933,0,940,G
4-HA,781,943,0,0,1,944,A
4-HA,782,0,946,0,0,946,T
4-HA,783,0,1018,0,0,1018,T
4-HA,784,1021,0,0,0,1021,A
4-HA,785,1041,0,0,0,1041,A
4-HA,786,0,0,1,1072,1073,C
4-HA,787,1081,0,0,0,1081,A
4-HA,788,0,1,1208,0,1209,G
4-HA,789,0,1,0,1210,1211,C
4-HA,790,1207,0,1,0,1208,A
4-HA,791,0,0,0,1234,1234,C
4-HA,792,1227,0,3,0,1230,A
4-HA,793,0,2,1283,0,1285,G
4-HA,794,0,2,1279,0,1281,G
4-HA,795,0,5,1425,0,1430,G
4-HA,796,1426,0,1,0,1427,A
4-HA,797,1497,0,0,0,1497,A
4-HA,798,0,1503,0,0,1503,T
4-HA,799,3,1,0,1511,1515,C
4-HA,800,0,1545,0,0,1545,T
4-HA,801,1556,0,1,0,1557,A
4-HA,802,1553,1,0,0,1554,A
4-HA,803,0,1556,0,0,1556,T
4-HA,804,0,1519,0,0,1519,T
4-HA,805,1,0,1555,0,1556,G
4-HA,806,0,0,0,1668,1668,C
4-HA,807,0,1782,0,0,1782,T
4-HA,808,7,0,0,1882,1889,C
4-HA,809,2,0,0,1896,1898,C
4-HA,810,0,1895,0,1,1896,T
4-HA,811,1894,0,0,0,1894,A
4-HA,812,0,8,1898,0,1906,G
4-HA,813,0,8,1948,0,1956,G
4-HA,814,1,1,1966,0,1968,G
4-HA,815,0,0,1953,0,1953,G
4-HA,816,0,1932,0,0,1932,T
4-HA,817,0,1926,0,0,1926,T
4-HA,818,1931,0,0,0,1931,A
4-HA,819,0,0,0,1992,1992,C
4-HA,820,0,1985,0,3,1988,T
4-HA,821,1,1986,0,1,1988,T
4-HA,822,1,0,0,1991,1992,C
4-HA,823,1983,0,1,0,1984,A
4-HA,824,1990,0,0,0,1990,A
4-HA,825,2000,0,0,0,2000,A
4-HA,826,2031,0,0,0,2031,A
4-HA,827,0,2037,0,0,2037,T
4-HA,828,2027,0,0,0,2027,A
4-HA,829,0,1,0,2023,2024,C
4-HA,830,0,3,2032,0,2035,G
4-HA,831,2024,1,3,0,2028,A
4-HA,832,2033,1,0,0,2034,A
4-HA,833,0,0,2086,0,2086,G
4-HA,834,0,2084,0,0,2084,T
4-HA,835,1,2,2127,0,2130,G
4-HA,836,0,3,2128,0,2131,G
4-HA,837,0,7,2131,0,2138,G
4-HA,838,2144,0,0,1,2145,A
4-HA,839,2141,0,1,0,2142,A
4-HA,840,2146,0,0,0,2146,A
4-HA,841,2134,0,3,0,2137,A
4-HA,842,1,0,2240,0,2241,G
4-HA,843,0,1,0,2240,2241,C
4-HA,844,0,2231,0,1,2232,T
4-HA,845,10,0,0,2302,2312,C
4-HA,846,2317,1,1,0,2319,A
4-HA,847,2347,1,0,0,2348,A
4-HA,848,1,2343,0,0,2344,T
4-HA,849,2404,0,0,0,2404,A
4-HA,850,2401,0,2,0,2403,A
4-HA,851,0,2355,1,0,2356,T
4-HA,852,0,11,2354,0,2365,G
4-HA,853,2345,0,0,0,2345,A
4-HA,854,0,5,2488,0,2493,G
4-HA,855,2492,0,0,0,2492,A
4-HA,856,0,2476,0,0,2476,T
4-HA,857,2,0,0,2547,2549,C
4-HA,858,2538,0,0,0,2538,A
4-HA,859,0,2,2609,0,2611,G
4-HA,860,2616,0,0,0,2616,A
4-HA,861,1,2612,0,1,2614,T
4-HA,862,11,0,2601,0,2612,G
4-HA,863,1,0,0,2574,2575,C
4-HA,864,2579,0,4,0,2583,A
4-HA,865,1,0,0,2677,2678,C
4-HA,866,3,0,0,2662,2665,C
4-HA,867,8,1,0,2665,2674,C
4-HA,868,2635,0,0,0,2635,A
4-HA,869,0,2635,0,1,2636,T
4-HA,870,0,2633,0,2,2635,T
4-HA,871,0,8,2691,0,2699,G
4-HA,872,0,1,2691,0,2692,G
4-HA,873,1,0,0,2693,2694,C
4-HA,874,2664,0,0,0,2664,A
4-HA,875,2661,0,0,0,2661,A
4-HA,876,2748,0,0,0,2748,A
4-HA,877,0,2758,0,1,2759,T
4-HA,878,0,0,2762,0,2762,G
4-HA,879,0,0,0,2759,2759,C
4-HA,880,2731,0,1,0,2732,A
4-HA,881,2840,1,0,0,2841,A
4-HA,882,0,2842,0,0,2842,T
4-HA,883,0,2892,0,1,2893,T
4-HA,884,4,0,0,2897,2901,C
4-HA,885,2,2866,0,0,2868,T
4-HA,886,1,7,2895,0,2903,G
4-HA,887,2899,0,1,0,2900,A
4-HA,888,2909,1,1,0,2911,A
4-HA,889,0,2902,1,2,2905,T
4-HA,890,1,1,2864,1,2867,G
4-HA,891,1,1,0,2908,2910,C
4-HA,892,2889,0,1,0,2890,A
4-HA,893,0,2887,0,1,2888,T
4-HA,894,2,0,0,2886,2888,C
4-HA,895,2868,0,0,0,2868,A
4-HA,896,0,1,0,2874,2875,C
4-HA,897,2,7,2836,0,2845,G
4-HA,898,0,2,0,2920,2922,C
4-HA,899,2,1,0,2924,2927,C
4-HA,900,3018,1,0,0,3019,A
4-HA,901,3015,0,1,0,3016,A
4-HA,902,3004,0,3,0,3007,A
4-HA,903,2,2981,0,1,2984,T
4-HA,904,1,5,3004,0,3010,G
4-HA,905,0,4,3023,0,3027,G
4-HA,906,3032,0,1,0,3033,A
4-HA,907,3033,1,2,0,3036,A
4-HA,908,2,1,3048,0,3051,G
4-HA,909,5,2,0,3014,3021,C
4-HA,910,3014,0,0,0,3014,A
4-HA,911,2,3010,0,0,3012,T
4-HA,912,0,3006,1,4,3011,T
4-HA,913,5,0,0,3135,3140,C
4-HA,914,9,0,0,3118,3127,C
4-HA,915,7,1,0,3119,3127,C
4-HA,916,3123,0,2,0,3125,A
4-HA,917,3177,0,0,1,3178,A
4-HA,918,0,3241,0,2,3243,T
4-HA,919,1,13,3244,0,3258,G
4-HA,920,3249,1,2,1,3253,A
4-HA,921,0,0,0,3257,3257,C
4-HA,922,3191,0,0,0,3191,A
4-HA,923,3197,1,5,0,3203,A
4-HA,924,3194,1,2,1,3198,A
4-HA,925,0,0,1,3232,3233,C
4-HA,926,8,0,0,3192,3200,C
4-HA,927,3148,0,0,0,3148,A
4-HA,928,0,3153,0,3,3156,T
4-HA,929,0,3146,0,5,3151,T
4-HA,930,11,1,0,3151,3163,C
4-HA,931,5,1,0,3157,3163,C
4-HA,932,3169,1,0,0,3170,A
4-HA,933,3167,0,0,0,3167,A
4-HA,934,3178,0,0,0,3178,A
4-HA,935,3263,0,0,0,3263,A
4-HA,936,0,3261,0,0,3261,T
4-HA,937,0,0,3279,0,3279,G
4-HA,938,0,3272,0,1,3273,T
4-HA,939,3293,1,1,0,3295,A
4-HA,940,3296,0,2,0,3298,A
4-HA,941,3298,1,0,1,3300,A
4-HA,942,0,0,1,3315,3316,C
4-HA,943,3263,0,2,0,3265,A
4-HA,944,1,5,3317,0,3323,G
4-HA,945,0,3,3343,0,3346,G
4-HA,946,3421,0,5,0,3426,A
4-HA,947,1,3412,0,1,3414,T
4-HA,948,12,1,0,3443,3456,C
4-HA,949,3470,0,5,0,3475,A
4-HA,950,0,1,0,3612,3613,C
4-HA,951,3626,0,0,0,3626,A
4-HA,952,0,3749,0,0,3749,T
4-HA,953,3660,1,2,0,3663,A
4-HA,954,0,4,0,3641,3645,C
4-HA,955,1,7,3533,0,3541,G
4-HA,956,0,10,3552,0,3562,G
4-HA,957,2,1,3524,0,3527,G
4-HA,958,0,1,3550,1,3552,G
4-HA,959,0,2,0,3489,3491,C
4-HA,960,2,0,0,3501,3503,C
4-HA,961,0,3429,0,6,3435,T
4-HA,962,0,0,3840,0,3840,G
4-HA,963,0,3847,0,4,3851,T
4-HA,964,6,0,0,3869,3875,C
4-HA,965,4,1,0,3853,3858,C
4-HA,966,5,1,0,3884,3890,C
4-HA,967,3873,0,0,0,3873,A
4-HA,968,0,4,3905,0,3909,G
4-HA,969,3906,1,1,0,3908,A
4-HA,970,0,3899,0,0,3899,T
4-HA,971,3728,0,0,0,3728,A
4-HA,972,0,3690,0,1,3691,T
4-HA,973,0,0,3712,0,3712,G
4-HA,974,1,3700,0,3,3704,T
4-HA,975,0,3672,0,1,3673,T
4-HA,976,3719,0,1,0,3720,A
4-HA,977,3702,0,0,0,3702,A
4-HA,978,1,4,3751,0,3756,G
4-HA,979,1,1,0,3747,3749,C
4-HA,980,3696,2,1,0,3699,A
4-HA,981,3695,0,0,0,3695,A
4-HA,982,3681,0,0,0,3681,A
4-HA,983,3677,1,4,0,3682,A
4-HA,984,0,1,0,3686,3687,C
4-HA,985,3661,0,0,0,3661,A
4-HA,986,0,0,1,3726,3727,C
4-HA,987,0,3664,0,3,3667,T
4-HA,988,8,0,0,3675,3683,C
4-HA,989,0,3670,0,1,3671,T
4-HA,990,0,5,3718,0,3723,G
4-HA,991,3715,0,0,0,3715,A
4-HA,992,3704,0,0,1,3705,A
4-HA,993,3707,0,0,0,3707,A
4-HA,994,0,3696,0,0,3696,T
4-HA,995,0,3660,0,1,3661,T
4-HA,996,1,8,3699,0,3708,G
4-HA,997,1,1,3703,0,3705,G
4-HA,998,1,2,1,3726,3730,C
4-HA,999,3681,0,2,0,3683,A
4-HA,1000,3694,0,1,0,3695,A
4-HA,1001,0,1,0,3704,3705,C
4-HA,1002,3693,3,0,0,3696,A
4-HA,1003,0,5,3746,0,3751,G
4-HA,1004,1,5,3717,0,3723,G
4-HA,1005,0,5,3723,0,3728,G
4-HA,1006,3715,1,4,0,3720,A
4-HA,1007,0,3709,0,3,3712,T
4-HA,1008,1,1,3727,0,3729,G
4-HA,1009,1,0,0,3719,3720,C
4-HA,1010,1,10,3733,0,3744,G
4-HA,1011,3786,0,1,0,3787,A
4-HA,1012,3735,0,1,0,3736,A
4-HA,1013,3789,0,0,0,3789,A
4-HA,1014,0,3750,0,1,3751,T
4-HA,1015,1,0,3828,0,3829,G
4-HA,1016,1,3828,0,2,3831,T
4-HA,1017,3826,0,0,0,3826,A
4-HA,1018,0,0,0,3830,3830,C
4-HA,1019,8,2,1,3800,3811,C
4-HA,1020,3759,0,3,0,3762,A
4-HA,1021,0,5,3767,0,3772,G
4-HA,1022,3715,0,1,0,3716,A
4-HA,1023,0,4,3782,0,3786,G
4-HA,1024,3722,0,0,0,3722,A
4-HA,1025,3731,0,2,0,3733,A
4-HA,1026,3677,0,66,0,3743,A
4-HA,1027,0,1,0,3735,3736,C
4-HA,1028,3727,0,0,0,3727,A
4-HA,1029,3804,1,1,0,3806,A
4-HA,1030,3788,1,2,0,3791,A
4-HA,1031,0,0,0,3833,3833,C
4-HA,1032,0,3801,0,0,3801,T
4-HA,1033,3764,0,0,0,3764,A
4-HA,1034,0,6,3771,0,3777,G
4-HA,1035,3745,0,3,0,3748,A
4-HA,1036,1,6,3864,0,3871,G
4-HA,1037,1,1,3860,0,3862,G
4-HA,1038,2,0,0,3795,3797,C
4-HA,1039,3812,0,3,1,3816,A
4-HA,1040,0,3818,0,0,3818,T
4-HA,1041,3860,0,1,0,3861,A
4-HA,1042,0,3858,0,1,3859,T
4-HA,1043,0,3846,0,1,3847,T
4-HA,1044,1,3850,0,1,3852,T
4-HA,1045,0,10,3736,0,3746,G
4-HA,1046,0,1,3775,0,3776,G
4-HA,1047,1,4,0,3757,3762,C
4-HA,1048,2,2,3766,0,3770,G
4-HA,1049,1,0,0,3726,3727,C
4-HA,1050,3729,0,0,0,3729,A
4-HA,1051,3763,0,0,0,3763,A
4-HA,1052,0,3747,1,0,3748,T
4-HA,1053,9,0,0,3762,3771,C
4-HA,1054,1,2,3773,0,3776,G
4-HA,1055,1,2,0,3760,3763,C
4-HA,1056,1,11,3760,0,3772,G
4-HA,1057,0,8,3781,0,3789,G
4-HA,1058,2,1,3821,0,3824,G
4-HA,1059,0,3786,0,4,3790,T
4-HA,1060,0,3763,0,0,3763,T
4-HA,1061,0,3771,0,2,3773,T
4-HA,1062,9,0,0,3767,3776,C
4-HA,1063,3777,1,1,0,3779,A
4-HA,1064,1,3785,0,0,3786,T
4-HA,1065,3774,1,0,0,3775,A
4-HA,1066,0,6,3794,0,3800,G
4-HA,1067,3728,0,2,0,3730,A
4-HA,1068,3744,0,1,1,3746,A
4-HA,1069,3724,0,2,0,3726,A
4-HA,1070,3748,0,1,0,3749,A
4-HA,1071,0,3752,0,0,3752,T
4-HA,1072,2,8,3786,0,3796,G
4-HA,1073,1,1,3805,0,3807,G
4-HA,1074,0,3758,0,1,3759,T
4-HA,1075,1,3726,0,2,3729,T
4-HA,1076,0,13,3723,0,3736,G
4-HA,1077,0,2,3772,0,3774,G
4-HA,1078,0,4,3794,0,3798,G
4-HA,1079,3765,1,3,0,3769,A
4-HA,1080,1,8,3794,0,3803,G
4-HA,1081,0,5,3761,0,3766,G
4-HA,1082,0,9,3835,0,3844,G
4-HA,1083,3820,1,4,0,3825,A
4-HA,1084,3901,0,0,0,3901,A
4-HA,1085,0,3904,0,2,3906,T
4-HA,1086,2,8,3893,0,3903,G
4-HA,1087,2,1,3985,0,3988,G
4-HA,1088,0,3922,0,0,3922,T
4-HA,1089,2,7,3938,0,3947,G
4-HA,1090,0,4,3927,0,3931,G
4-HA,1091,3840,0,5,1,3846,A
4-HA,1092,0,3857,0,0,3857,T
4-HA,1093,0,11,3954,0,3965,G
4-HA,1094,0,1,4000,0,4001,G
4-HA,1095,0,3943,0,0,3943,T
4-HA,1096,0,3862,0,0,3862,T
4-HA,1097,1,8,3866,0,3875,G
4-HA,1098,2,0,3946,0,3948,G
4-HA,1099,0,3921,0,2,3923,T
4-HA,1100,3948,0,1,0,3949,A
4-HA,1101,0,3,0,3780,3783,C
4-HA,1102,2,6,3810,0,3818,G
4-HA,1103,0,0,3976,0,3976,G
4-HA,1104,0,3960,1,2,3963,T
4-HA,1105,0,3962,1,1,3964,T
4-HA,1106,1,3957,0,0,3958,T
4-HA,1107,5,0,0,3887,3892,C
4-HA,1108,3881,0,7,0,3888,A
4-HA,1109,0,8,3882,0,3890,G
4-HA,1110,0,1,3878,0,3879,G
4-HA,1111,1,2,0,3868,3871,C
4-HA,1112,3767,0,3,0,3770,A
4-HA,1113,1,3823,0,2,3826,T
4-HA,1114,4,0,0,3833,3837,C
4-HA,1115,3843,0,3,0,3846,A
4-HA,1116,3839,0,0,0,3839,A
4-HA,1117,3849,0,0,0,3849,A
4-HA,1118,3876,0,1,0,3877,A
4-HA,1119,0,3858,0,0,3858,T
4-HA,1120,0,3870,0,0,3870,T
4-HA,1121,4,1,0,3870,3875,C
4-HA,1122,0,3846,1,1,3848,T
4-HA,1123,2,1,3856,0,3859,G
4-HA,1124,3836,0,2,0,3838,A
4-HA,1125,1,15,3862,1,3879,G
4-HA,1126,0,7,3871,0,3878,G
4-HA,1127,2,6,3909,0,3917,G
4-HA,1128,3898,1,1,0,3900,A
4-HA,1129,3894,0,2,0,3896,A
4-HA,1130,0,5,3875,0,3880,G
4-HA,1131,3939,0,5,1,3945,A
4-HA,1132,1,7,3968,0,3976,G
4-HA,1133,0,9,3983,0,3992,G
4-HA,1134,3979,0,3,0,3982,A
4-HA,1135,1,1,0,3989,3991,C
4-HA,1136,3968,0,2,1,3971,A
4-HA,1137,3970,0,2,0,3972,A
4-HA,1138,0,3,3973,0,3976,G
4-HA,1139,1,1,0,3972,3974,C
4-HA,1140,3932,1,5,0,3938,A
4-HA,1141,0,0,3940,0,3940,G
4-HA,1142,2,4,0,3918,3924,C
4-HA,1143,3915,0,2,1,3918,A
4-HA,1144,0,7,3956,0,3963,G
4-HA,1145,3919,3,1,0,3923,A
4-HA,1146,0,4043,1,1,4045,T
4-HA,1147,6,0,0,4060,4066,C
4-HA,1148,1,4031,0,4,4036,T
4-HA,1149,13,1,0,4072,4086,C
4-HA,1150,4083,1,1,0,4085,A
4-HA,1151,4085,0,0,0,4085,A
4-HA,1152,4083,1,0,0,4084,A
4-HA,1153,4001,0,6,0,4007,A
4-HA,1154,0,2,4021,0,4023,G
4-HA,1155,0,0,0,3954,3954,C
4-HA,1156,3920,0,0,1,3921,A
4-HA,1157,0,0,0,4020,4020,C
4-HA,1158,0,3995,1,1,3997,T
4-HA,1159,9,0,0,4008,4017,C
4-HA,1160,4007,0,3,0,4010,A
4-HA,1161,4088,0,0,0,4088,A
4-HA,1162,0,1,4090,0,4091,G
4-HA,1163,3,1,0,4083,4087,C
4-HA,1164,4043,0,12,0,4055,A
4-HA,1165,2,0,4072,0,4074,G
4-HA,1166,0,2,0,4022,4024,C
4-HA,1167,4023,0,1,1,4025,A
4-HA,1168,4023,1,0,0,4024,A
4-HA,1169,0,3986,0,0,3986,T
4-HA,1170,5,0,0,3942,3947,C
4-HA,1171,0,20,3944,0,3964,G
4-HA,1172,3958,1,0,0,3959,A
4-HA,1173,2,3931,0,4,3937,T
4-HA,1174,15,2,0,3915,3932,C
4-HA,1175,3935,0,0,0,3935,A
4-HA,1176,4029,0,1,0,4030,A
4-HA,1177,4032,0,1,0,4033,A
4-HA,1178,0,4010,0,2,4012,T
4-HA,1179,14,0,0,4019,4033,C
4-HA,1180,3963,0,0,0,3963,A
4-HA,1181,3990,1,2,0,3993,A
4-HA,1182,2,3999,0,1,4002,T
4-HA,1183,0,6,4006,0,4012,G
4-HA,1184,0,4,3993,2,3999,G
4-HA,1185,0,2,3948,0,3950,G
4-HA,1186,3961,0,1,0,3962,A
4-HA,1187,3977,0,3,0,3980,A
4-HA,1188,0,2,4089,0,4091,G
4-HA,1189,0,1,1,4076,4078,C
4-HA,1190,0,4059,0,2,4061,T
4-HA,1191,0,4,4254,7,4265,G
4-HA,1192,4260,2,1,1,4264,A
4-HA,1193,4258,0,2,1,4261,A
4-HA,1194,0,4268,0,1,4269,T
4-HA,1195,4196,0,0,0,4196,A
4-HA,1196,2,3,4189,0,4194,G
4-HA,1197,3926,0,0,1,3927,A
4-HA,1198,0,3948,1,3,3952,T
4-HA,1199,1,3960,1,0,3962,T
4-HA,1200,19,10,3949,0,3978,G
4-HA,1201,3972,0,0,0,3972,A
4-HA,1202,0,3961,1,0,3962,T
4-HA,1203,10,0,0,3964,3974,C
4-HA,1204,2,2,3982,0,3986,G
4-HA,1205,1,5,3958,0,3964,G
4-HA,1206,0,5,3979,0,3984,G
4-HA,1207,3969,1,1,0,3971,A
4-HA,1208,3979,0,0,1,3980,A
4-HA,1209,3967,0,0,0,3967,A
4-HA,1210,3960,0,4,0,3964,A
4-HA,1211,1,1,0,3985,3987,C
4-HA,1212,6,1,1,3963,3971,C
4-HA,1213,3954,0,0,0,3954,A
4-HA,1214,3944,0,3,1,3948,A
4-HA,1215,0,2,0,3968,3970,C
4-HA,1216,2,14,3966,0,3982,G
4-HA,1217,3963,0,1,1,3965,A
4-HA,1218,0,4,3974,1,3979,G
4-HA,1219,3978,1,1,0,3980,A
4-HA,1220,3974,1,0,1,3976,A
4-HA,1221,3971,0,2,0,3973,A
4-HA,1222,0,3987,1,1,3989,T
4-HA,1223,0,3973,0,0,3973,T
4-HA,1224,9,1,0,3987,3997,C
4-HA,1225,6,0,0,3999,4005,C
4-HA,1226,4011,0,0,1,4012,A
4-HA,1227,0,4000,0,1,4001,T
4-HA,1228,7,0,0,3997,4004,C
4-HA,1229,3997,0,0,0,3997,A
4-HA,1230,0,4,4021,0,4025,G
4-HA,1231,3994,0,0,0,3994,A
4-HA,1232,0,4003,0,1,4004,T
4-HA,1233,0,3976,0,1,3977,T
4-HA,1234,0,10,3998,0,4008,G
4-HA,1235,4010,1,2,0,4013,A
4-HA,1236,4007,0,1,0,4008,A
4-HA,1237,4020,0,1,0,4021,A
4-HA,1238,4018,1,0,0,4019,A
4-HA,1239,3993,0,0,0,3993,A
4-HA,1240,2,14,3987,0,4003,G
4-HA,1241,3990,0,2,1,3993,A
4-HA,1242,4011,0,2,0,4013,A
4-HA,1243,0,3965,0,1,3966,T
4-HA,1244,1,3974,0,1,3976,T
4-HA,1245,10,0,0,3989,3999,C
4-HA,1246,1,3988,1,1,3991,T
4-HA,1247,7,1,0,3987,3995,C
4-HA,1248,3984,0,5,0,3989,A
4-HA,1249,0,2,3994,0,3996,G
4-HA,1250,3969,0,0,0,3969,A
4-HA,1251,3967,1,2,0,3970,A
4-HA,1252,0,0,4040,0,4040,G
4-HA,1253,1,4000,0,2,4003,T
4-HA,1254,14,1,0,4010,4025,C
4-HA,1255,2,8,4022,1,4033,G
4-HA,1256,4013,1,1,0,4015,A
4-HA,1257,4019,0,9,0,4028,A
4-HA,1258,1,14,4021,0,4036,G
4-HA,1259,1,6,4060,0,4067,G
4-HA,1260,1,12,4068,0,4081,G
4-HA,1261,4003,2,5,0,4010,A
4-HA,1262,1,6,4037,0,4044,G
4-HA,1263,4036,0,4,0,4040,A
4-HA,1264,4396,0,0,0,4396,A
4-HA,1265,0,4395,0,1,4396,T
4-HA,1266,1,4389,0,1,4391,T
4-HA,1267,8,1,0,4393,4402,C
4-HA,1268,4344,0,11,0,4355,A
4-HA,1269,1,6,4352,0,4359,G
4-HA,1270,0,7,4345,0,4352,G
4-HA,1271,4345,1,1,0,4347,A
4-HA,1272,2,1,0,4348,4351,C
4-HA,1273,8,0,0,4132,4140,C
4-HA,1274,1,4116,1,0,4118,T
4-HA,1275,0,4114,0,9,4123,T
4-HA,1276,0,15,4145,0,4160,G
4-HA,1277,4160,0,5,0,4165,A
4-HA,1278,0,6,4226,0,4232,G
4-HA,1279,4230,0,1,0,4231,A
4-HA,1280,4244,0,0,0,4244,A
4-HA,1281,4239,0,1,0,4240,A
4-HA,1282,0,4221,0,0,4221,T
4-HA,1283,4353,0,2,0,4355,A
4-HA,1284,1,4334,1,2,4338,T
4-HA,1285,1,1,4385,0,4387,G
4-HA,1286,0,4371,0,4,4375,T
4-HA,1287,0,4266,0,3,4269,T
4-HA,1288,0,3,4272,1,4276,G
4-HA,1289,4225,0,3,0,4228,A
4-HA,1290,0,10,4245,0,4255,G
4-HA,1291,0,13,4226,0,4239,G
4-HA,1292,4135,0,6,0,4141,A
4-HA,1293,2,2,0,4237,4241,C
4-HA,1294,4164,0,1,1,4166,A
4-HA,1295,1,1,0,4273,4275,C
4-HA,1296,7,3,0,4266,4276,C
4-HA,1297,4287,1,1,0,4289,A
4-HA,1298,4387,1,0,1,4389,A
4-HA,1299,4370,0,0,0,4370,A
4-HA,1300,4429,1,1,0,4431,A
4-HA,1301,0,4421,0,0,4421,T
4-HA,1302,4281,0,1,0,4282,A
4-HA,1303,1,14,4292,0,4307,G
4-HA,1304,4199,0,2,0,4201,A
4-HA,1305,2,4271,0,0,4273,T
4-HA,1306,7,0,0,4276,4283,C
4-HA,1307,0,4180,1,5,4186,T
4-HA,1308,6,1,0,4290,4297,C
4-HA,1309,0,4295,0,0,4295,T
4-HA,1310,2,8,4377,0,4387,G
4-HA,1311,0,1,4478,0,4479,G
4-HA,1312,2,4442,0,3,4447,T
4-HA,1313,22,1,0,4447,4470,C
4-HA,1314,4486,1,1,0,4488,A
4-HA,1315,1,4487,1,1,4490,T
4-HA,1316,4497,1,0,0,4498,A
4-HA,1317,0,0,0,4495,4495,C
4-HA,1318,4355,0,0,1,4356,A
4-HA,1319,4406,1,2,0,4409,A
4-HA,1320,0,0,0,4300,4300,C
4-HA,1321,1,1,4293,0,4295,G
4-HA,1322,3,2,0,4296,4301,C
4-HA,1323,5,5,4263,0,4273,G
4-HA,1324,1,12,4286,0,4299,G
4-HA,1325,4288,0,0,0,4288,A
4-HA,1326,1,1,4375,0,4377,G
4-HA,1327,1,0,0,4350,4351,C
4-HA,1328,0,4325,0,4,4329,T
4-HA,1329,0,4370,0,1,4371,T
4-HA,1330,3,0,1,4372,4376,C
4-HA,1331,0,4417,0,1,4418,T
4-HA,1332,1,4421,0,0,4422,T
4-HA,1333,1,0,4407,0,4408,G
4-HA,1334,0,4373,0,5,4378,T
4-HA,1335,1,4298,0,2,4301,T
4-HA,1336,1,2,4379,0,4382,G
4-HA,1337,1,1,0,4371,4373,C
4-HA,1338,6,0,1,4371,4378,C
4-HA,1339,12,0,0,4377,4389,C
4-HA,1340,1,4360,0,4,4365,T
4-HA,1341,1,2,4435,0,4438,G
4-HA,1342,0,8,4424,0,4432,G
4-HA,1343,4430,0,4,0,4434,A
4-HA,1344,1,13,4441,0,4455,G
4-HA,1345,4371,0,1,0,4372,A
4-HA,1346,4385,0,5,0,4390,A
4-HA,1347,1,1,0,4463,4465,C
4-HA,1348,9,1,1,4434,4445,C
4-HA,1349,4442,0,2,0,4444,A
4-HA,1350,4626,0,1,0,4627,A
4-HA,1351,0,0,0,4651,4651,C
4-HA,1352,4674,0,2,1,4677,A
4-HA,1353,1,4664,0,0,4665,T
4-HA,1354,4656,1,0,0,4657,A
4-HA,1355,0,1,0,4758,4759,C
4-HA,1356,4659,0,2,0,4661,A
4-HA,1357,4655,0,1,0,4656,A
4-HA,1358,0,4648,0,1,4649,T
4-HA,1359,2,4460,0,1,4463,T
4-HA,1360,1,17,4504,0,4522,G
4-HA,1361,4554,0,0,1,4555,A
4-HA,1362,0,4537,1,7,4545,T
4-HA,1363,8,0,0,4546,4554,C
4-HA,1364,0,4474,0,1,4475,T
4-HA,1365,4532,0,0,0,4532,A
4-HA,1366,4524,0,1,0,4525,A
4-HA,1367,0,0,0,4524,4524,C
4-HA,1368,2,4480,0,0,4482,T
4-HA,1369,1,25,4423,0,4449,G
4-HA,1370,4451,1,0,0,4452,A
4-HA,1371,0,31,0,4426,4457,C
4-HA,1372,0,4447,0,4,4451,T
4-HA,1373,12,2,0,4455,4469,C
4-HA,1374,4451,1,0,0,4452,A
4-HA,1375,0,8,4545,0,4553,G
4-HA,1376,4540,0,1,0,4541,A
4-HA,1377,4538,0,0,0,4538,A
4-HA,1378,4552,0,1,0,4553,A
4-HA,1379,0,4538,0,1,4539,T
4-HA,1380,0,20,4590,0,4610,G
4-HA,1381,4608,0,5,0,4613,A
4-HA,1382,4613,1,3,0,4617,A
4-HA,1383,0,0,0,4615,4615,C
4-HA,1384,4520,0,1,0,4521,A
4-HA,1385,4518,0,2,0,4520,A
4-HA,1386,4514,0,3,0,4517,A
4-HA,1387,0,0,0,4553,4553,C
4-HA,1388,0,4488,1,0,4489,T
4-HA,1389,0,0,4525,0,4525,G
4-HA,1390,1,4466,0,0,4467,T
4-HA,1391,0,4483,0,2,4485,T
4-HA,1392,0,4482,0,0,4482,T
4-HA,1393,1,11,4472,0,4484,G
4-HA,1394,4484,1,2,1,4488,A
4-HA,1395,4485,0,0,0,4485,A
4-HA,1396,4459,0,0,2,4461,A
4-HA,1397,4468,0,1,0,4469,A
4-HA,1398,4432,1,0,0,4433,A
4-HA,1399,4452,1,1,2,4456,A
4-HA,1400,2,0,1,4464,4467,C
4-HA,1401,4466,0,2,0,4468,A
4-HA,1402,4470,0,0,0,4470,A
4-HA,1403,4472,0,0,0,4472,A
4-HA,1404,0,5,4483,0,4488,G
4-HA,1405,4513,0,0,0,4513,A
4-HA,1406,4498,0,1,1,4500,A
4-HA,1407,0,1,4502,0,4503,G
4-HA,1408,0,1,0,4496,4497,C
4-HA,1409,4493,0,4,0,4497,A
4-HA,1410,4519,0,1,0,4520,A
4-HA,1411,1,0,0,4517,4518,C
4-HA,1412,0,4483,0,1,4484,T
4-HA,1413,1,9,4506,0,4516,G
4-HA,1414,4453,0,5,1,4459,A
4-HA,1415,1,10,4503,0,4514,G
4-HA,1416,0,15,4517,0,4532,G
4-HA,1417,0,8,4532,0,4540,G
4-HA,1418,4544,0,0,0,4544,A
4-HA,1419,4513,1,1,0,4515,A
4-HA,1420,4500,1,3,0,4504,A
4-HA,1421,4556,0,0,1,4557,A
4-HA,1422,1,4535,1,1,4538,T
4-HA,1423,1,2,4561,0,4564,G
4-HA,1424,0,1,0,4572,4573,C
4-HA,1425,0,4533,0,1,4534,T
4-HA,1426,2,8,4547,0,4557,G
4-HA,1427,4551,0,4,0,4555,A
4-HA,1428,0,4,4811,0,4815,G
4-HA,1429,0,3,4880,1,4884,G
4-HA,1430,4815,1,0,0,4816,A
4-HA,1431,0,4798,1,0,4799,T
4-HA,1432,4749,0,1,1,4751,A
4-HA,1433,0,4749,0,3,4752,T
4-HA,1434,2,12,4794,0,4808,G
4-HA,1435,0,6,4840,0,4846,G
4-HA,1436,3,2,4830,1,4836,G
4-HA,1437,2,0,0,4568,4570,C
4-HA,1438,4452,0,0,1,4453,A
4-HA,1439,4458,1,2,0,4461,A
4-HA,1440,1,4453,0,0,4454,T
4-HA,1441,2,10,4467,0,4479,G
4-HA,1442,1,0,4491,0,4492,G
4-HA,1443,0,4386,0,0,4386,T
4-HA,1444,0,4284,0,1,4285,T
4-HA,1445,0,1,4318,0,4319,G
4-HA,1446,0,4339,3,6,4348,T
4-HA,1447,0,4347,0,2,4349,T
4-HA,1448,0,4352,1,1,4354,T
4-HA,1449,11,1,0,4344,4356,C
4-HA,1450,4341,0,1,0,4342,A
4-HA,1451,4348,0,0,0,4348,A
4-HA,1452,4353,0,0,0,4353,A
4-HA,1453,4435,0,0,0,4435,A
4-HA,1454,0,4412,2,0,4414,T
4-HA,1455,4384,0,0,0,4384,A
4-HA,1456,0,4394,0,1,4395,T
4-HA,1457,4382,1,1,0,4384,A
4-HA,1458,0,1,0,4471,4472,C
4-HA,1459,8,1,0,4436,4445,C
4-HA,1460,4428,2,2,0,4432,A
4-HA,1461,0,2,0,4441,4443,C
4-HA,1462,4445,0,0,0,4445,A
4-HA,1463,4448,0,0,0,4448,A
4-HA,1464,4454,0,1,0,4455,A
4-HA,1465,0,4455,0,0,4455,T
4-HA,1466,0,0,4476,0,4476,G
4-HA,1467,0,4398,0,1,4399,T
4-HA,1468,2,27,4423,0,4452,G
4-HA,1469,4459,0,2,0,4461,A
4-HA,1470,0,2,0,4439,4441,C
4-HA,1471,4376,0,1,1,4378,A
4-HA,1472,4387,0,0,0,4387,A
4-HA,1473,0,4445,0,1,4446,T
4-HA,1474,1,1,4488,0,4490,G
4-HA,1475,2,1,0,4472,4475,C
4-HA,1476,6,2,0,4486,4494,C
4-HA,1477,2,4445,0,4,4451,T
4-HA,1478,1,2,4678,0,4681,G
4-HA,1479,1,0,0,4666,4667,C
4-HA,1480,4687,0,0,0,4687,A
4-HA,1481,1,4675,0,2,4678,T
4-HA,1482,4516,1,0,0,4517,A
4-HA,1483,0,5,4548,0,4553,G
4-HA,1484,2,10,4522,0,4534,G
4-HA,1485,4518,0,0,0,4518,A
4-HA,1486,0,4495,0,2,4497,T
4-HA,1487,14,0,0,4270,4284,C
4-HA,1488,4283,1,0,0,4284,A
4-HA,1489,4303,0,0,0,4303,A
4-HA,1490,0,4300,0,0,4300,T
4-HA,1491,11,0,0,4293,4304,C
4-HA,1492,4213,0,0,0,4213,A
4-HA,1493,1,5,4240,0,4246,G
4-HA,1494,4251,0,1,0,4252,A
4-HA,1495,4256,0,1,0,4257,A
4-HA,1496,4252,0,2,0,4254,A
4-HA,1497,0,4230,0,0,4230,T
4-HA,1498,1,4,4191,0,4196,G
4-HA,1499,0,17,4204,0,4221,G
4-HA,1500,4212,0,0,0,4212,A
4-HA,1501,4232,0,0,0,4232,A
4-HA,1502,0,0,0,4224,4224,C
4-HA,1503,0,4176,0,2,4178,T
4-HA,1504,0,4214,0,0,4214,T
4-HA,1505,4213,0,1,0,4214,A
4-HA,1506,2,4203,0,1,4206,T
4-HA,1507,1,26,4187,1,4215,G
4-HA,1508,4196,0,3,0,4199,A
4-HA,1509,0,2,0,4193,4195,C
4-HA,1510,6,3,0,4139,4148,C
4-HA,1511,4097,0,17,0,4114,A
4-HA,1512,1,1,0,4232,4234,C
4-HA,1513,1,5,4362,0,4368,G
4-HA,1514,4479,0,0,0,4479,A
4-HA,1515,0,4546,0,4,4550,T
4-HA,1516,0,0,4710,0,4710,G
4-HA,1517,0,4672,0,0,4672,T
4-HA,1518,4861,1,2,0,4864,A
4-HA,1519,0,4868,0,1,4869,T
4-HA,1520,4856,1,11,0,4868,A
4-HA,1521,0,1,0,4857,4858,C
4-HA,1522,4343,1,1,0,4345,A
4-HA,1523,1,10,4392,0,4403,G
4-HA,1524,4145,0,1,0,4146,A
4-HA,1525,0,3,4021,0,4024,G
4-HA,1526,4009,1,1,0,4011,A
4-HA,1527,0,3702,0,0,3702,T
4-HA,1528,0,9,3691,0,3700,G
4-HA,1529,3699,0,0,0,3699,A
4-HA,1530,3679,1,4,0,3684,A
4-HA,1531,1,0,3801,0,3802,G
4-HA,1532,1,1,0,3674,3676,C
4-HA,1533,3669,0,0,0,3669,A
4-HA,1534,0,3657,0,1,3658,T
4-HA,1535,0,3643,0,0,3643,T
4-HA,1536,3620,1,52,0,3673,A
4-HA,1537,3651,0,19,0,3670,A
4-HA,1538,3663,0,0,1,3664,A
4-HA,1539,0,0,0,3670,3670,C
4-HA,1540,3497,0,1,0,3498,A
4-HA,1541,3504,0,0,0,3504,A
4-HA,1542,1,0,0,3500,3501,C
4-HA,1543,5,5,0,3468,3478,C
4-HA,1544,4,4,3459,0,3467,G
4-HA,1545,1,0,3525,0,3526,G
4-HA,1546,0,3534,0,2,3536,T
4-HA,1547,0,3523,0,0,3523,T
4-HA,1548,11,3,0,3511,3525,C
4-HA,1549,5,0,0,3530,3535,C
4-HA,1550,3515,0,2,1,3518,A
4-HA,1551,1,6,3554,0,3561,G
4-HA,1552,3561,0,0,0,3561,A
4-HA,1553,0,3549,0,1,3550,T
4-HA,1554,11,1,0,3402,3414,C
4-HA,1555,3381,0,0,1,3382,A
4-HA,1556,3392,0,1,0,3393,A
4-HA,1557,0,9,3380,0,3389,G
4-HA,1558,0,5,3385,0,3390,G
4-HA,1559,0,6,3372,0,3378,G
4-HA,1560,3232,0,2,0,3234,A
4-HA,1561,1,0,3283,0,3284,G
4-HA,1562,0,3292,0,2,3294,T
4-HA,1563,0,3289,0,1,3290,T
4-HA,1564,0,14,3316,0,3330,G
4-HA,1565,3296,0,4,0,3300,A
4-HA,1566,1,1,3319,0,3321,G
4-HA,1567,0,0,0,3315,3315,C
4-HA,1568,1,3279,1,3,3284,T
4-HA,1569,0,2,3289,0,3291,G
4-HA,1570,3271,0,0,0,3271,A
4-HA,1571,3271,0,0,0,3271,A
4-HA,1572,0,0,3281,0,3281,G
4-HA,1573,0,3201,0,1,3202,T
4-HA,1574,11,0,0,3194,3205,C
4-HA,1575,3149,0,3,0,3152,A
4-HA,1576,1,8,3131,0,3140,G
4-HA,1577,0,7,3127,0,3134,G
4-HA,1578,1,0,3072,1,3074,G
4-HA,1579,0,3186,0,1,3187,T
4-HA,1580,3244,0,1,0,3245,A
4-HA,1581,1,0,0,3236,3237,C
4-HA,1582,3230,0,2,0,3232,A
4-HA,1583,3231,0,0,0,3231,A
4-HA,1584,3232,0,0,0,3232,A
4-HA,1585,0,8,3241,0,3249,G
4-HA,1586,3153,0,0,0,3153,A
4-HA,1587,0,2974,0,60,3034,T
4-HA,1588,0,3004,0,2,3006,T
4-HA,1589,2,8,2993,0,3003,G
4-HA,1590,0,7,3004,0,3011,G
4-HA,1591,3010,0,2,0,3012,A
4-HA,1592,0,3011,0,3,3014,T
4-HA,1593,5,0,0,3010,3015,C
4-HA,1594,6,0,1,2935,2942,C
4-HA,1595,0,2905,0,0,2905,T
4-HA,1596,2932,1,0,0,2933,A
4-HA,1597,1,2939,0,0,2940,T
4-HA,1598,1,6,2943,0,2950,G
4-HA,1599,0,8,2940,0,2948,G
4-HA,1600,2870,0,0,1,2871,A
4-HA,1601,0,2860,0,0,2860,T
4-HA,1602,0,2821,0,0,2821,T
4-HA,1603,0,2819,0,0,2819,T
4-HA,1604,5,0,0,2824,2829,C
4-HA,1605,1,1,0,2824,2826,C
4-HA,1606,0,2780,0,1,2781,T
4-HA,1607,0,2770,1,1,2772,T
4-HA,1608,0,2753,0,2,2755,T
4-HA,1609,0,4,2767,0,2771,G
4-HA,1610,0,1,0,2768,2769,C
4-HA,1611,6,2,0,2748,2756,C
4-HA,1612,2714,1,0,0,2715,A
4-HA,1613,0,2698,0,0,2698,T
4-HA,1614,2723,1,0,0,2724,A
4-HA,1615,0,2720,0,4,2724,T
4-HA,1616,7,0,0,2709,2716,C
4-HA,1617,2712,0,0,0,2712,A
4-HA,1618,0,2648,0,1,2649,T
4-HA,1619,0,0,2674,0,2674,G
4-HA,1620,0,2659,0,1,2660,T
4-HA,1621,0,2621,0,0,2621,T
4-HA,1622,0,2618,0,0,2618,T
4-HA,1623,0,2543,0,0,2543,T
4-HA,1624,0,2542,1,0,2543,T
4-HA,1625,0,2540,1,1,2542,T
4-HA,1626,3,2,2538,1,2544,G
4-HA,1627,0,1,0,2531,2532,C
4-HA,1628,0,2437,0,3,2440,T
4-HA,1629,0,2445,1,0,2446,T
4-HA,1630,0,2428,0,0,2428,T
4-HA,1631,0,2,2494,0,2496,G
4-HA,1632,0,2496,0,3,2499,T
4-HA,1633,3,0,2495,1,2499,G
4-HA,1634,0,2500,1,1,2502,T
4-HA,1635,0,2423,0,5,2428,T
4-HA,1636,1,1,2445,0,2447,G
4-HA,1637,1,0,0,2442,2443,C
4-HA,1638,0,2433,0,3,2436,T
4-HA,1639,1,2462,0,0,2463,T
4-HA,1640,0,2303,0,0,2303,T
4-HA,1641,1,1,2327,0,2329,G
4-HA,1642,0,2322,0,0,2322,T
4-HA,1643,0,2317,0,1,2318,T
4-HA,1644,10,4,2305,0,2319,G
4-HA,1645,1,8,2247,0,2256,G
4-HA,1646,0,3,2257,0,2260,G
4-HA,1647,1,0,2265,0,2266,G
4-HA,1648,0,2202,0,3,2205,T
4-HA,1649,1,2186,0,0,2187,T
4-HA,1650,3,1,0,2137,2141,C
4-HA,1651,2124,0,2,0,2126,A
4-HA,1652,0,2146,0,0,2146,T
4-HA,1653,3,0,0,2141,2144,C
4-HA,1654,2126,0,0,0,2126,A
4-HA,1655,0,2056,0,0,2056,T
4-HA,1656,1,1,2038,0,2040,G
4-HA,1657,2,2007,1,1,2011,T
4-HA,1658,2,2,1977,0,1981,G
4-HA,1659,0,2,1926,0,1928,G
4-HA,1660,0,0,1920,0,1920,G
4-HA,1661,0,0,0,1872,1872,C
4-HA,1662,1,0,0,1820,1821,C
4-HA,1663,1,1712,0,2,1715,T
4-HA,1664,0,0,1729,0,1729,G
4-HA,1665,1,1,0,1715,1717,C
4-HA,1666,2,0,1,1719,1722,C
4-HA,1667,1716,0,2,0,1718,A
4-HA,1668,1705,0,0,0,1705,A
4-HA,1669,1705,0,0,0,1705,A
4-HA,1670,1708,0,0,0,1708,A
4-HA,1671,1705,0,1,0,1706,A
4-HA,1672,0,2,1700,0,1702,G
4-HA,1673,0,0,1647,0,1647,G
4-HA,1674,1,1,0,1620,1622,C
4-HA,1675,1610,0,1,0,1611,A
4-HA,1676,1626,0,2,0,1628,A
4-HA,1677,0,0,0,1628,1628,C
4-HA,1678,1625,0,0,0,1625,A
4-HA,1679,1,1618,0,0,1619,T
4-HA,1680,0,1602,0,0,1602,T
4-HA,1681,1548,0,1,0,1549,A
4-HA,1682,0,0,1541,0,1541,G
4-HA,1683,1,1,1538,0,1540,G
4-HA,1684,0,1506,0,0,1506,T
4-HA,1685,1,0,1429,0,1430,G
4-HA,1686,2,0,0,1364,1366,C
4-HA,1687,1350,0,1,0,1351,A
4-HA,1688,1351,0,0,0,1351,A
4-HA,1689,1,0,0,1348,1349,C
4-HA,1690,1331,0,0,0,1331,A
4-HA,1691,1,1306,0,0,1307,T
4-HA,1692,0,1226,0,2,1228,T
4-HA,1693,0,1225,0,0,1225,T
4-HA,1694,0,1,1221,0,1222,G
4-HA,1695,0,0,0,1213,1213,C
4-HA,1696,1212,0,0,0,1212,A
4-HA,1697,0,1154,0,1,1155,T
4-HA,1698,0,1102,0,0,1102,T
4-HA,1699,0,1072,0,0,1072,T
4-HA,1700,0,0,1071,0,1071,G
4-HA,1701,1026,0,0,0,1026,A
5-NP,1,328,0,0,0,328,A
5-NP,2,0,329,0,0,329,T
5-NP,3,0,0,328,0,328,G
5-NP,4,1,0,326,0,327,G
5-NP,5,0,0,0,332,332,C
5-NP,6,0,0,333,0,333,G
5-NP,7,0,359,0,0,359,T
5-NP,8,0,0,0,367,367,C
5-NP,9,0,3,0,366,369,C
5-NP,10,0,0,0,370,370,C
5-NP,11,369,0,0,0,369,A
5-NP,12,368,0,0,0,368,A
5-NP,13,0,0,369,0,369,G
5-NP,14,0,0,380,0,380,G
5-NP,15,0,0,0,381,381,C
5-NP,16,381,0,0,0,381,A
5-NP,17,0,0,0,388,388,C
5-NP,18,0,0,0,388,388,C
5-NP,19,388,0,0,0,388,A
5-NP,20,387,0,0,0,387,A
5-NP,21,385,0,0,0,385,A
5-NP,22,0,0,0,391,391,C
5-NP,23,0,0,392,0,392,G
5-NP,24,1,0,437,0,438,G
5-NP,25,0,437,0,0,437,T
5-NP,26,0,0,0,487,487,C
5-NP,27,0,484,0,0,484,T
5-NP,28,0,492,0,0,492,T
5-NP,29,494,0,0,0,494,A
5-NP,30,0,494,0,0,494,T
5-NP,31,0,1,499,0,500,G
5-NP,32,497,0,0,0,497,A
5-NP,33,481,0,0,0,481,A
5-NP,34,0,0,0,486,486,C
5-NP,35,465,0,0,0,465,A
5-NP,36,0,0,511,0,511,G
5-NP,37,507,0,0,0,507,A
5-NP,38,0,512,0,0,512,T
5-NP,39,0,1,509,0,510,G
5-NP,40,0,0,515,0,515,G
5-NP,41,515,0,0,1,516,A
5-NP,42,514,0,0,0,514,A
5-NP,43,519,0,0,0,519,A
5-NP,44,0,0,0,532,532,C
5-NP,45,0,521,0,0,521,T
5-NP,46,0,2,525,0,527,G
5-NP,47,522,0,0,0,522,A
5-NP,48,0,526,1,0,527,T
5-NP,49,0,0,526,0,526,G
5-NP,50,0,0,526,0,526,G
5-NP,51,0,2,524,0,526,G
5-NP,52,0,0,527,0,527,G
5-NP,53,524,0,0,0,524,A
5-NP,54,0,527,0,0,527,T
5-NP,55,1,1,0,525,527,C
5-NP,56,1,0,524,0,525,G
5-NP,57,0,0,0,537,537,C
5-NP,58,0,0,0,540,540,C
5-NP,59,539,0,0,0,539,A
5-NP,60,0,0,547,0,547,G
5-NP,61,547,0,0,0,547,A
5-NP,62,557,0,0,0,557,A
5-NP,63,0,558,0,0,558,T
5-NP,64,0,1,554,1,556,G
5-NP,65,0,0,0,561,561,C
5-NP,66,556,0,1,0,557,A
5-NP,67,572,0,0,0,572,A
5-NP,68,0,0,0,570,570,C
5-NP,69,0,570,0,0,570,T
5-NP,70,0,4,571,0,575,G
5-NP,71,586,0,0,0,586,A
5-NP,72,0,0,626,0,626,G
5-NP,73,624,0,0,0,624,A
5-NP,74,0,616,0,0,616,T
5-NP,75,0,620,0,0,620,T
5-NP,76,611,0,1,0,612,A
5-NP,77,0,0,619,0,619,G
5-NP,78,0,1,619,0,620,G
5-NP,79,0,0,617,0,617,G
5-NP,80,0,0,0,611,611,C
5-NP,81,601,0,1,0,602,A
5-NP,82,0,601,0,0,601,T
5-NP,83,1,0,0,601,602,C
5-NP,84,1,0,0,603,604,C
5-NP,85,0,0,605,0,605,G
5-NP,86,0,607,0,0,607,T
5-NP,87,0,0,0,605,605,C
5-NP,88,0,0,608,0,608,G
5-NP,89,0,0,607,0,607,G
5-NP,90,0,0,614,0,614,G
5-NP,91,606,0,1,0,607,A
5-NP,92,609,0,0,0,609,A
5-NP,93,0,0,613,0,613,G
5-NP,94,611,0,0,0,611,A
5-NP,95,0,608,0,0,608,T
5-NP,96,0,2,612,0,614,G
5-NP,97,615,0,0,0,615,A
5-NP,98,0,613,0,0,613,T
5-NP,99,0,616,0,0,616,T
5-NP,100,0,1,617,0,618,G
5-NP,101,611,1,0,0,612,A
5-NP,102,0,618,0,0,618,T
5-NP,103,0,1,618,0,619,G
5-NP,104,0,2,633,0,635,G
5-NP,105,632,0,0,0,632,A
5-NP,106,633,0,0,0,633,A
5-NP,107,0,635,0,0,635,T
5-NP,108,0,635,0,0,635,T
5-NP,109,0,3,638,0,641,G
5-NP,110,0,0,635,0,635,G
5-NP,111,0,1,636,0,637,G
5-NP,112,632,0,2,0,634,A
5-NP,113,0,0,625,0,625,G
5-NP,114,1,0,620,0,621,G
5-NP,115,0,651,0,1,652,T
5-NP,116,0,657,0,0,657,T
5-NP,117,2,0,0,654,656,C
5-NP,118,0,658,0,0,658,T
5-NP,119,663,0,0,0,663,A
5-NP,120,0,0,0,666,666,C
5-NP,121,690,0,0,0,690,A
5-NP,122,0,690,0,1,691,T
5-NP,123,1,0,0,673,674,C
5-NP,124,0,0,0,673,673,C
5-NP,125,672,0,0,0,672,A
5-NP,126,685,0,0,0,685,A
5-NP,127,689,0,0,0,689,A
5-NP,128,0,683,0,0,683,T
5-NP,129,0,0,684,0,684,G
5-NP,130,0,676,0,1,677,T
5-NP,131,0,0,682,0,682,G
5-NP,132,0,0,0,687,687,C
5-NP,133,680,1,2,0,683,A
5-NP,134,0,0,0,682,682,C
5-NP,135,0,677,0,0,677,T
5-NP,136,0,7,684,0,691,G
5-NP,137,706,0,0,0,706,A
5-NP,138,717,0,0,0,717,A
5-NP,139,0,1,0,731,732,C
5-NP,140,0,724,0,1,725,T
5-NP,141,0,730,0,0,730,T
5-NP,142,730,0,1,0,731,A
5-NP,143,728,0,0,0,728,A
5-NP,144,732,0,0,0,732,A
5-NP,145,0,0,0,738,738,C
5-NP,146,0,720,0,0,720,T
5-NP,147,6,0,0,723,729,C
5-NP,148,722,0,0,0,722,A
5-NP,149,0,0,735,0,735,G
5-NP,150,0,735,0,0,735,T
5-NP,151,0,0,739,0,739,G
5-NP,152,750,0,0,0,750,A
5-NP,153,0,750,0,0,750,T
5-NP,154,4,0,0,758,762,C
5-NP,155,765,0,0,1,766,A
5-NP,156,0,764,0,0,764,T
5-NP,157,0,0,761,0,761,G
5-NP,158,761,0,0,0,761,A
5-NP,159,760,0,0,0,760,A
5-NP,160,0,2,758,0,760,G
5-NP,161,1,0,748,0,749,G
5-NP,162,0,0,750,0,750,G
5-NP,163,0,0,0,740,740,C
5-NP,164,0,0,747,1,748,G
5-NP,165,0,0,745,0,745,G
5-NP,166,0,746,0,0,746,T
5-NP,167,0,747,0,0,747,T
5-NP,168,0,2,750,0,752,G
5-NP,169,832,0,0,0,832,A
5-NP,170,0,832,0,1,833,T
5-NP,171,0,0,0,834,834,C
5-NP,172,0,0,0,833,833,C
5-NP,173,834,0,0,0,834,A
5-NP,174,0,4,835,0,839,G
5-NP,175,836,0,0,0,836,A
5-NP,176,836,0,0,0,836,A
5-NP,177,0,0,0,847,847,C
5-NP,178,807,0,0,0,807,A
5-NP,179,0,1,815,0,816,G
5-NP,180,0,0,0,818,818,C
5-NP,181,0,812,0,0,812,T
5-NP,182,0,820,0,0,820,T
5-NP,183,0,3,817,0,820,G
5-NP,184,826,0,1,0,827,A
5-NP,185,0,0,0,832,832,C
5-NP,186,824,0,0,0,824,A
5-NP,187,833,0,1,0,834,A
5-NP,188,0,831,0,0,831,T
5-NP,189,834,0,0,0,834,A
5-NP,190,0,2,841,0,843,G
5-NP,191,833,0,0,0,833,A
5-NP,192,0,2,836,0,838,G
5-NP,193,826,0,0,0,826,A
5-NP,194,849,0,0,0,849,A
5-NP,195,846,0,0,0,846,A
5-NP,196,867,0,0,0,867,A
5-NP,197,0,875,0,0,875,T
5-NP,198,0,2,869,0,871,G
5-NP,199,0,0,871,0,871,G
5-NP,200,0,868,0,0,868,T
5-NP,201,856,0,1,0,857,A
5-NP,202,0,0,0,876,876,C
5-NP,203,0,877,0,0,877,T
5-NP,204,2,0,0,894,896,C
5-NP,205,0,875,0,0,875,T
5-NP,206,1,0,0,877,878,C
5-NP,207,0,874,0,0,874,T
5-NP,208,0,0,881,0,881,G
5-NP,209,0,0,0,880,880,C
5-NP,210,0,878,0,0,878,T
5-NP,211,0,872,0,0,872,T
5-NP,212,0,871,1,0,872,T
5-NP,213,0,864,0,1,865,T
5-NP,214,0,1,867,0,868,G
5-NP,215,861,0,0,0,861,A
5-NP,216,0,861,0,0,861,T
5-NP,217,0,3,863,0,866,G
5-NP,218,862,0,1,0,863,A
5-NP,219,863,0,0,0,863,A
5-NP,220,862,0,0,0,862,A
5-NP,221,0,1,870,0,871,G
5-NP,222,868,0,1,0,869,A
5-NP,223,867,0,1,0,868,A
5-NP,224,1,3,877,0,881,G
5-NP,225,0,2,904,0,906,G
5-NP,226,905,0,1,0,906,A
5-NP,227,911,0,0,0,911,A
5-NP,228,0,903,0,0,903,T
5-NP,229,912,0,0,0,912,A
5-NP,230,909,0,0,0,909,A
5-NP,231,912,0,0,0,912,A
5-NP,232,0,907,0,0,907,T
5-NP,233,912,0,0,0,912,A
5-NP,234,0,1,0,906,907,C
5-NP,235,0,0,0,887,887,C
5-NP,236,0,884,0,0,884,T
5-NP,237,1,1,887,0,889,G
5-NP,238,1,2,901,0,904,G
5-NP,239,895,1,0,0,896,A
5-NP,240,899,0,0,0,899,A
5-NP,241,0,1,912,0,913,G
5-NP,242,914,0,1,0,915,A
5-NP,243,908,0,0,0,908,A
5-NP,244,0,0,0,910,910,C
5-NP,245,895,0,0,0,895,A
5-NP,246,0,0,0,919,919,C
5-NP,247,1,1,0,914,916,C
5-NP,248,1,0,0,908,909,C
5-NP,249,2,0,0,910,912,C
5-NP,250,902,0,0,0,902,A
5-NP,251,0,1,904,1,906,G
5-NP,252,0,0,0,901,901,C
5-NP,253,0,1,902,0,903,G
5-NP,254,0,1,0,898,899,C
5-NP,255,0,0,891,0,891,G
5-NP,256,0,0,896,0,896,G
5-NP,257,0,0,896,0,896,G
5-NP,258,0,0,902,0,902,G
5-NP,259,899,0,0,0,899,A
5-NP,260,901,0,0,0,901,A
5-NP,261,902,0,0,0,902,A
5-NP,262,0,0,903,0,903,G
5-NP,263,899,0,0,0,899,A
5-NP,264,0,893,0,0,893,T
5-NP,265,2,0,0,893,895,C
5-NP,266,0,0,0,892,892,C
5-NP,267,0,0,0,893,893,C
5-NP,268,898,0,0,0,898,A
5-NP,269,897,0,0,0,897,A
5-NP,270,1,1,897,0,899,G
5-NP,271,896,0,0,0,896,A
5-NP,272,907,0,0,0,907,A
5-NP,273,898,0,0,0,898,A
5-NP,274,896,0,0,0,896,A
5-NP,275,0,0,0,908,908,C
5-NP,276,0,897,0,0,897,T
5-NP,277,0,1,899,0,900,G
5-NP,278,0,3,898,0,901,G
5-NP,279,0,2,900,0,902,G
5-NP,280,0,0,897,0,897,G
5-NP,281,0,1,904,0,905,G
5-NP,282,0,0,914,0,914,G
5-NP,283,1,0,0,985,986,C
5-NP,284,1,1,0,983,985,C
5-NP,285,6,0,0,987,993,C
5-NP,286,1116,0,0,0,1116,A
5-NP,287,1,1119,0,0,1120,T
5-NP,288,1181,0,0,0,1181,A
5-NP,289,0,1183,0,0,1183,T
5-NP,290,1172,1,1,0,1174,A
5-NP,291,0,0,0,1184,1184,C
5-NP,292,1093,0,0,0,1093,A
5-NP,293,0,0,1124,0,1124,G
5-NP,294,0,0,1119,0,1119,G
5-NP,295,1005,0,0,0,1005,A
5-NP,296,0,2,1018,0,1020,G
5-NP,297,976,0,0,0,976,A
5-NP,298,0,0,989,0,989,G
5-NP,299,0,986,0,0,986,T
5-NP,300,980,0,0,0,980,A
5-NP,301,0,0,986,0,986,G
5-NP,302,980,0,1,0,981,A
5-NP,303,0,976,0,0,976,T
5-NP,304,0,3,976,0,979,G
5-NP,305,0,2,985,0,987,G
5-NP,306,985,0,0,0,985,A
5-NP,307,982,0,0,0,982,A
5-NP,308,975,1,0,0,976,A
5-NP,309,978,0,0,0,978,A
5-NP,310,0,978,0,0,978,T
5-NP,311,0,3,981,0,984,G
5-NP,312,1,2,985,0,988,G
5-NP,313,983,0,1,0,984,A
5-NP,314,0,974,0,0,974,T
5-NP,315,0,3,975,0,978,G
5-NP,316,980,0,0,0,980,A
5-NP,317,0,3,981,0,984,G
5-NP,318,0,1,979,0,980,G
5-NP,319,1,3,1063,0,1067,G
5-NP,320,1286,0,0,0,1286,A
5-NP,321,1344,0,1,0,1345,A
5-NP,322,0,0,0,1601,1601,C
5-NP,323,0,1602,0,0,1602,T
5-NP,324,3,1,0,1804,1808,C
5-NP,325,0,1,1977,1,1979,G
5-NP,326,0,2091,0,1,2092,T
5-NP,327,0,0,0,2196,2196,C
5-NP,328,0,1,0,3722,3723,C
5-NP,329,1,3721,0,1,3723,T
5-NP,330,0,3823,0,1,3824,T
5-NP,331,0,3838,0,0,3838,T
5-NP,332,3889,0,2,0,3891,A
5-NP,333,0,3936,0,2,3938,T
5-NP,334,1,79,3879,0,3959,G
5-NP,335,4042,28,7,0,4077,A
5-NP,336,0,2,0,4116,4118,C
5-NP,337,4095,0,0,0,4095,A
5-NP,338,4143,0,1,0,4144,A
5-NP,339,4221,1,1,1,4224,A
5-NP,340,0,5,5034,0,5039,G
5-NP,341,5035,1,0,0,5036,A
5-NP,342,5046,0,6,0,5052,A
5-NP,343,1,7,5891,0,5899,G
5-NP,344,6076,0,2,1,6079,A
5-NP,345,6133,0,1,0,6134,A
5-NP,346,6134,0,0,0,6134,A
5-NP,347,1,6144,0,1,6146,T
5-NP,348,6157,0,2,0,6159,A
5-NP,349,6231,0,0,1,6232,A
5-NP,350,2,13,6448,0,6463,G
5-NP,351,0,0,6462,0,6462,G
5-NP,352,1,7,0,6461,6469,C
5-NP,353,0,30,6449,0,6479,G
5-NP,354,6575,1,0,1,6577,A
5-NP,355,6821,0,0,0,6821,A
5-NP,356,1,6838,1,40,6880,T
5-NP,357,10,4,0,6882,6896,C
5-NP,358,2,6885,2,4,6893,T
5-NP,359,4,7,6921,0,6932,G
5-NP,360,1,3,6928,0,6932,G
5-NP,361,6,5,0,6972,6983,C
5-NP,362,4,6,6963,1,6974,G
5-NP,363,1,13,0,6973,6987,C
5-NP,364,15,0,0,6989,7004,C
5-NP,365,7040,0,2,1,7043,A
5-NP,366,7313,0,2,1,7316,A
5-NP,367,0,2,7767,0,7769,G
5-NP,368,4,0,0,7808,7812,C
5-NP,369,11,2,0,8093,8106,C
5-NP,370,8128,2,9,0,8139,A
5-NP,371,8445,0,3,2,8450,A
5-NP,372,0,2,0,8684,8686,C
5-NP,373,8703,2,0,0,8705,A
5-NP,374,9123,1,1,0,9125,A
5-NP,375,0,9144,0,0,9144,T
5-NP,376,1,29,9669,0,9699,G
5-NP,377,0,2,9720,0,9722,G
5-NP,378,2,9683,1,2,9688,T
5-NP,379,1,23,9721,0,9745,G
5-NP,380,9719,1,11,0,9731,A
5-NP,381,0,19,10337,0,10356,G
5-NP,382,1,12,10365,0,10378,G
5-NP,383,10656,0,0,2,10658,A
5-NP,384,0,12293,1,3,12297,T
5-NP,385,5,10,12607,1,12623,G
5-NP,386,1,3,0,12701,12705,C
5-NP,387,3,12714,7,11,12735,T
5-NP,388,12878,1,12,0,12891,A
5-NP,389,2,1,0,13361,13364,C
5-NP,390,13430,1,2,0,13433,A
5-NP,391,0,13432,1,3,13436,T
5-NP,392,9,1,0,13382,13392,C
5-NP,393,0,13075,0,4,13079,T
5-NP,394,0,30,14056,0,14086,G
5-NP,395,1,2,14690,1,14694,G
5-NP,396,3,14651,0,18,14672,T
5-NP,397,43,1,0,14691,14735,C
5-NP,398,0,14653,0,4,14657,T
5-NP,399,15051,1,9,11,15072,A
5-NP,400,15084,3,2,1,15090,A
5-NP,401,0,4,1,15313,15318,C
5-NP,402,0,15279,0,8,15287,T
5-NP,403,38,6,0,15601,15645,C
5-NP,404,15588,2,6,1,15597,A
5-NP,405,1,6,0,16639,16646,C
5-NP,406,16630,2,2,0,16634,A
5-NP,407,0,16739,4,2,16745,T
5-NP,408,16622,1,1,0,16624,A
5-NP,409,16748,0,4,0,16752,A
5-NP,410,0,16909,0,4,16913,T
5-NP,411,0,100,17125,1,17226,G
5-NP,412,17158,0,2,0,17160,A
5-NP,413,0,17113,1,2,17116,T
5-NP,414,0,16872,1,4,16877,T
5-NP,415,2,16892,1,4,16899,T
5-NP,416,5,76,16779,0,16860,G
5-NP,417,4,5,16909,2,16920,G
5-NP,418,5,4,1,16922,16932,C
5-NP,419,16898,0,2,0,16900,A
5-NP,420,0,16977,0,2,16979,T
5-NP,421,1,16967,1,10,16979,T
5-NP,422,41,3,1,16944,16989,C
5-NP,423,29,5,0,17020,17054,C
5-NP,424,17471,0,7,0,17478,A
5-NP,425,17484,1,1,0,17486,A
5-NP,426,2,17489,0,0,17491,T
5-NP,427,2,17500,0,1,17503,T
5-NP,428,0,17495,1,5,17501,T
5-NP,429,2,92,17630,3,17727,G
5-NP,430,17659,0,48,0,17707,A
5-NP,431,17738,1,4,1,17744,A
5-NP,432,3,17883,0,3,17889,T
5-NP,433,1,48,17706,0,17755,G
5-NP,434,18754,1,6,0,18761,A
5-NP,435,1,18810,0,6,18817,T
5-NP,436,10,7,18898,2,18917,G
5-NP,437,6,20,0,19611,19637,C
5-NP,438,19575,3,12,0,19590,A
5-NP,439,20781,3,17,1,20802,A
5-NP,440,2,5,0,20846,20853,C
5-NP,441,21243,0,3,0,21246,A
5-NP,442,0,21924,1,2,21927,T
5-NP,443,21544,1,11,2,21558,A
5-NP,444,1,2,1,22087,22091,C
5-NP,445,27,11,0,22045,22083,C
5-NP,446,21603,2,5,3,21613,A
5-NP,447,2,45,21969,0,22016,G
5-NP,448,21494,0,6,2,21502,A
5-NP,449,3,55,22233,1,22292,G
5-NP,450,2,75,22134,3,22214,G
5-NP,451,22059,2,37,1,22099,A
5-NP,452,6,12,0,22351,22369,C
5-NP,453,22133,4,4,0,22141,A
5-NP,454,22116,5,19,1,22141,A
5-NP,455,3,59,22162,1,22225,G
5-NP,456,22006,1,19,0,22026,A
5-NP,457,4,3,22173,1,22181,G
5-NP,458,4,1,0,22165,22170,C
5-NP,459,2,22023,4,27,22056,T
5-NP,460,48,2,0,22137,22187,C
5-NP,461,0,22128,0,5,22133,T
5-NP,462,6,22265,0,3,22274,T
5-NP,463,3,5,22389,0,22397,G
5-NP,464,3,22289,1,5,22298,T
5-NP,465,4,22269,0,7,22280,T
5-NP,466,97,12,0,22117,22226,C
5-NP,467,7,153,22054,4,22218,G
5-NP,468,22669,0,6,3,22678,A
5-NP,469,22666,5,4,1,22676,A
5-NP,470,5,4,0,22926,22935,C
5-NP,471,2,22801,0,14,22817,T
5-NP,472,2,36,23278,1,23317,G
5-NP,473,1,57,23375,0,23433,G
5-NP,474,23422,4,7,3,23436,A
5-NP,475,23481,2,16,2,23501,A
5-NP,476,1,23468,1,5,23475,T
5-NP,477,5,52,23434,0,23491,G
5-NP,478,2,46,23522,0,23570,G
5-NP,479,23778,1,16,1,23796,A
5-NP,480,3,24019,0,6,24028,T
5-NP,481,47,1,0,24071,24119,C
5-NP,482,41,2,0,24098,24141,C
5-NP,483,34,6,1,24193,24234,C
5-NP,484,24420,0,10,2,24432,A
5-NP,485,0,67,24669,0,24736,G
5-NP,486,24713,2,0,2,24717,A
5-NP,487,24669,1,2,3,24675,A
5-NP,488,0,24495,1,1,24497,T
5-NP,489,9,1,24762,0,24772,G
5-NP,490,3,24586,1,11,24601,T
5-NP,491,7,10,24704,2,24723,G
5-NP,492,6,11,0,24732,24749,C
5-NP,493,1,24591,0,11,24603,T
5-NP,494,74,2,0,26068,26144,C
5-NP,495,0,25995,1,4,26000,T
5-NP,496,43,1,0,27003,27047,C
5-NP,497,2,26979,2,14,26997,T
5-NP,498,2,47,26975,0,27024,G
5-NP,499,27198,1,12,1,27212,A
5-NP,500,4,27131,1,6,27142,T
5-NP,501,8,7,27145,1,27161,G
5-NP,502,10,10,0,27093,27113,C
5-NP,503,26203,6,21,3,26233,A
5-NP,504,3,57,26931,1,26992,G
5-NP,505,3,40,26419,3,26465,G
5-NP,506,5,6,26767,0,26778,G
5-NP,507,7,5,1,26704,26717,C
5-NP,508,3,26606,1,19,26629,T
5-NP,509,61,10,2,26679,26752,C
5-NP,510,8,172,26607,1,26788,G
5-NP,511,27034,2,15,5,27056,A
5-NP,512,2,2,0,27117,27121,C
5-NP,513,0,26695,1,19,26715,T
5-NP,514,72,1,1,27892,27966,C
5-NP,515,4,27724,1,15,27744,T
5-NP,516,68,5,0,31208,31281,C
5-NP,517,47,7,1,31269,31324,C
5-NP,518,77,2,2,31296,31377,C
5-NP,519,1,31347,1,8,31357,T
5-NP,520,31169,2,4,3,31178,A
5-NP,521,2,31,31113,0,31146,G
5-NP,522,31109,2,4,1,31116,A
5-NP,523,30232,2,6,14,30254,A
5-NP,524,1,56,30228,0,30285,G
5-NP,525,3,0,29809,1,29813,G
5-NP,526,0,29310,2,11,29323,T
5-NP,527,82,2,0,29312,29396,C
5-NP,528,27,29,1,29366,29423,C
5-NP,529,23,35,29391,1,29450,G
5-NP,530,1,64,29559,0,29624,G
5-NP,531,29538,1,18,1,29558,A
5-NP,532,2,6,29945,0,29953,G
5-NP,533,4,5,0,30004,30013,C
5-NP,534,6,29544,1,30,29581,T
5-NP,535,5,7,29670,0,29682,G
5-NP,536,4,6,0,29722,29732,C
5-NP,537,29647,5,36,5,29693,A
5-NP,538,0,28,29792,0,29820,G
5-NP,539,3,13,29891,1,29908,G
5-NP,540,0,29740,1,12,29753,T
5-NP,541,6,6,29595,2,29609,G
5-NP,542,7,10,0,29745,29762,C
5-NP,543,5,29721,3,34,29763,T
5-NP,544,13,11,29792,0,29816,G
5-NP,545,6,8,1,29777,29792,C
5-NP,546,30020,2,13,0,30035,A
5-NP,547,2,1,30564,1,30568,G
5-NP,548,8,30260,0,13,30281,T
5-NP,549,148,6,1,30238,30393,C
5-NP,550,30359,0,5,1,30365,A
5-NP,551,30381,4,12,2,30399,A
5-NP,552,30339,7,38,0,30384,A
5-NP,553,3,35,30543,0,30581,G
5-NP,554,1,84,30579,3,30667,G
5-NP,555,30480,5,2,0,30487,A
5-NP,556,30293,3,11,0,30307,A
5-NP,557,1,30204,1,76,30282,T
5-NP,558,76,13,2,30190,30281,C
5-NP,559,12,75,30218,1,30306,G
5-NP,560,10,51,31133,0,31194,G
5-NP,561,6,98,31143,2,31249,G
5-NP,562,31075,3,9,2,31089,A
5-NP,563,5,3,0,31165,31173,C
5-NP,564,30796,2,7,1,30806,A
5-NP,565,31502,1,13,3,31519,A
5-NP,566,1,31644,0,16,31661,T
5-NP,567,4,42,31862,0,31908,G
5-NP,568,2,5,32629,0,32636,G
5-NP,569,5,32118,1,20,32144,T
5-NP,570,5,58,32379,0,32442,G
5-NP,571,32367,3,13,0,32383,A
5-NP,572,2,32341,0,10,32353,T
5-NP,573,12,70,32280,0,32362,G
5-NP,574,5,142,32443,2,32592,G
5-NP,575,32471,2,25,3,32501,A
5-NP,576,32512,2,12,0,32526,A
5-NP,577,4,7,1,32422,32434,C
5-NP,578,7,31325,0,5,31337,T
5-NP,579,19,148,32778,1,32946,G
5-NP,580,32788,4,10,1,32803,A
5-NP,581,3,32758,2,2,32765,T
5-NP,582,131,9,3,32753,32896,C
5-NP,583,32315,4,11,2,32332,A
5-NP,584,2,66,33018,2,33088,G
5-NP,585,32985,3,5,1,32994,A
5-NP,586,33040,1,6,0,33047,A
5-NP,587,1,33029,1,3,33034,T
5-NP,588,4,144,31717,1,31866,G
5-NP,589,31613,2,44,0,31659,A
5-NP,590,6,32463,1,12,32482,T
5-NP,591,131,3,0,32439,32573,C
5-NP,592,32644,0,7,1,32652,A
5-NP,593,32429,4,2,1,32436,A
5-NP,594,32462,0,9,4,32475,A
5-NP,595,3,17,1,32498,32519,C
5-NP,596,12,71,32311,4,32398,G
5-NP,597,4,67,32507,1,32579,G
5-NP,598,4,76,32364,2,32446,G
5-NP,599,5,57,32536,1,32599,G
5-NP,600,13,87,32542,3,32645,G
5-NP,601,32582,2,28,3,32615,A
5-NP,602,1,32299,1,10,32311,T
5-NP,603,104,10,0,32262,32376,C
5-NP,604,32442,2,22,0,32466,A
5-NP,605,32445,1,22,0,32468,A
5-NP,606,2,16,0,32171,32189,C
5-NP,607,8,102,31942,1,32053,G
5-NP,608,31921,4,7,1,31933,A
5-NP,609,4,31876,1,1,31882,T
5-NP,610,114,9,0,31798,31921,C
5-NP,611,12,72,31897,0,31981,G
5-NP,612,31879,2,1,2,31884,A
5-NP,613,31869,1,4,3,31877,A
5-NP,614,31906,0,5,2,31913,A
5-NP,615,1,32376,1,7,32385,T
5-NP,616,1,32359,2,2,32364,T
5-NP,617,0,32315,1,4,32320,T
5-NP,618,4,32408,1,5,32418,T
5-NP,619,5,32455,1,7,32468,T
5-NP,620,8,60,32469,1,32538,G
5-NP,621,1,76,32430,1,32508,G
5-NP,622,32218,6,24,2,32250,A
5-NP,623,1,44,32548,0,32593,G
5-NP,624,31963,3,15,2,31983,A
5-NP,625,6,41,33756,3,33806,G
5-NP,626,6,3,34020,0,34029,G
5-NP,627,3,33705,1,24,33733,T
5-NP,628,10,101,33946,0,34057,G
5-NP,629,33921,3,66,3,33993,A
5-NP,630,311,79,33825,2,34217,G
5-NP,631,33988,1,143,3,34135,A
5-NP,632,34059,1,10,2,34072,A
5-NP,633,0,33955,0,7,33962,T
5-NP,634,5,120,32515,1,32641,G
5-NP,635,5,51,32129,0,32185,G
5-NP,636,15,11,32200,0,32226,G
5-NP,637,15,24,1,32051,32091,C
5-NP,638,11,43,32136,0,32190,G
5-NP,639,1,52,32335,0,32388,G
5-NP,640,32331,6,2,0,32339,A
5-NP,641,32414,2,6,0,32422,A
5-NP,642,32914,1,4,1,32920,A
5-NP,643,32952,4,21,4,32981,A
5-NP,644,2,10,1,33256,33269,C
5-NP,645,33123,0,12,1,33136,A
5-NP,646,33117,3,14,1,33135,A
5-NP,647,4,38,33096,2,33140,G
5-NP,648,32224,3,5,3,32235,A
5-NP,649,32366,3,4,1,32374,A
5-NP,650,4,4,33230,0,33238,G
5-NP,651,1,33122,0,7,33130,T
5-NP,652,11,9,34912,0,34932,G
5-NP,653,10,1,0,34689,34700,C
5-NP,654,1,34746,1,29,34777,T
5-NP,655,0,34921,2,5,34928,T
5-NP,656,35230,5,6,0,35241,A
5-NP,657,2,35238,0,6,35246,T
5-NP,658,7,85,35314,0,35406,G
5-NP,659,34380,4,53,2,34439,A
5-NP,660,4,91,34492,1,34588,G
5-NP,661,32636,0,11,1,32648,A
5-NP,662,6,83,32793,2,32884,G
5-NP,663,32786,1,5,0,32792,A
5-NP,664,33180,2,4,0,33186,A
5-NP,665,7,32860,1,2,32870,T
5-NP,666,6,5,33352,1,33364,G
5-NP,667,1,33096,0,27,33124,T
5-NP,668,10,17,33258,0,33285,G
5-NP,669,15,24,2,33177,33218,C
5-NP,670,33115,1,12,2,33130,A
5-NP,671,33217,1,33,1,33252,A
5-NP,672,2,5,0,33203,33210,C
5-NP,673,32874,0,2,1,32877,A
5-NP,674,2,33248,0,2,33252,T
5-NP,675,1,32787,2,15,32805,T
5-NP,676,64,3,0,33125,33192,C
5-NP,677,0,33107,4,4,33115,T
5-NP,678,4,33101,2,6,33113,T
5-NP,679,33124,5,6,0,33135,A
5-NP,680,32884,6,4,2,32896,A
5-NP,681,32576,2,305,0,32883,A
5-NP,682,0,88,32732,1,32821,G
5-NP,683,4,47,32473,5,32529,G
5-NP,684,16,51,32116,2,32185,G
5-NP,685,32364,2,9,0,32375,A
5-NP,686,32403,3,6,1,32413,A
5-NP,687,33108,2,3,3,33116,A
5-NP,688,2,33140,2,4,33148,T
5-NP,689,2,33139,2,10,33153,T
5-NP,690,2,33206,0,3,33211,T
5-NP,691,64,5,2,33165,33236,C
5-NP,692,33246,1,9,0,33256,A
5-NP,693,33235,3,4,1,33243,A
5-NP,694,33233,0,11,1,33245,A
5-NP,695,4,5,0,33637,33646,C
5-NP,696,32959,1,5,1,32966,A
5-NP,697,1,6,33600,0,33607,G
5-NP,698,5,3,1,33599,33608,C
5-NP,699,5,33519,3,13,33540,T
5-NP,700,15,9,34163,2,34189,G
5-NP,701,6,16,0,34095,34117,C
5-NP,702,34327,6,37,4,34374,A
5-NP,703,2,8,0,34378,34388,C
5-NP,704,34093,2,7,0,34102,A
5-NP,705,34200,3,28,0,34231,A
5-NP,706,33342,2,14,1,33359,A
5-NP,707,2,125,34621,0,34748,G
5-NP,708,34555,4,64,3,34626,A
5-NP,709,28,9,34666,0,34703,G
5-NP,710,7,15,1,34506,34529,C
5-NP,711,34485,4,6,0,34495,A
5-NP,712,35565,1,17,4,35587,A
5-NP,713,1,35615,3,6,35625,T
5-NP,714,5,68,35711,2,35786,G
5-NP,715,2,7,35960,2,35971,G
5-NP,716,2,34695,2,31,34730,T
5-NP,717,15,95,34697,0,34807,G
5-NP,718,2,75,35013,2,35092,G
5-NP,719,35022,2,19,1,35044,A
5-NP,720,4,34966,0,8,34978,T
5-NP,721,175,6,0,34028,34209,C
5-NP,722,34340,7,8,0,34355,A
5-NP,723,34676,4,7,1,34688,A
5-NP,724,4,4,34840,1,34849,G
5-NP,725,4,34551,1,5,34561,T
5-NP,726,5,116,34501,1,34623,G
5-NP,727,34076,2,30,2,34110,A
5-NP,728,3,110,34202,1,34316,G
5-NP,729,34223,4,23,2,34252,A
5-NP,730,2,64,34207,2,34275,G
5-NP,731,34046,1,14,0,34061,A
5-NP,732,33479,2,5,1,33487,A
5-NP,733,33576,0,27,1,33604,A
5-NP,734,8,5,33759,1,33773,G
5-NP,735,5,33597,2,3,33607,T
5-NP,736,136,19,1,33525,33681,C
5-NP,737,18,58,33442,1,33519,G
5-NP,738,4,78,33561,1,33644,G
5-NP,739,33616,3,28,1,33648,A
5-NP,740,33760,4,12,0,33776,A
5-NP,741,8,3,1,33924,33936,C
5-NP,742,57,4,2,33645,33708,C
5-NP,743,85,7,0,33689,33781,C
5-NP,744,33641,5,26,2,33674,A
5-NP,745,3,35,33893,1,33932,G
5-NP,746,4,56,33909,1,33970,G
5-NP,747,33875,4,5,1,33885,A
5-NP,748,33847,0,15,1,33863,A
5-NP,749,33727,0,25,4,33756,A
5-NP,750,3,411,1,33511,33926,C
5-NP,751,14,9,33832,4,33859,G
5-NP,752,7,3,1,33856,33867,C
5-NP,753,2,33747,3,14,33766,T
5-NP,754,9,73,33787,4,33873,G
5-NP,755,33638,1,10,1,33650,A
5-NP,756,198,58,33967,1,34224,G
5-NP,757,34277,3,11,3,34294,A
5-NP,758,4,34173,3,6,34186,T
5-NP,759,95,13,2,33766,33876,C
5-NP,760,11,47,33880,0,33938,G
5-NP,761,33869,2,3,0,33874,A
5-NP,762,33843,0,5,0,33848,A
5-NP,763,3,34,33942,2,33981,G
5-NP,764,33987,4,3,0,33994,A
5-NP,765,3,33722,1,3,33729,T
5-NP,766,54,2,0,34093,34149,C
5-NP,767,11,34079,0,24,34114,T
5-NP,768,122,3,1,34181,34307,C
5-NP,769,34407,2,10,1,34420,A
5-NP,770,3,34389,0,2,34394,T
5-NP,771,34465,0,6,0,34471,A
5-NP,772,4,34332,3,4,34343,T
5-NP,773,1,34099,1,6,34107,T
5-NP,774,2,33976,1,3,33982,T
5-NP,775,1,33618,0,7,33626,T
5-NP,776,0,33632,0,8,33640,T
5-NP,777,33726,3,11,1,33741,A
5-NP,778,5,7,33703,1,33716,G
5-NP,779,8,8,2,33726,33744,C
5-NP,780,33592,3,11,3,33609,A
5-NP,781,33513,1,4,1,33519,A
5-NP,782,0,56,34712,0,34768,G
5-NP,783,34716,4,5,0,34725,A
5-NP,784,3,34790,1,1,34795,T
5-NP,785,14,2,0,35057,35073,C
5-NP,786,7,34864,1,30,34902,T
5-NP,787,11,11,35901,1,35924,G
5-NP,788,8,14,0,35990,36012,C
5-NP,789,36021,1,32,0,36054,A
5-NP,790,4,36386,6,5,36401,T
5-NP,791,1,35105,0,6,35112,T
5-NP,792,3,68,37436,1,37508,G
5-NP,793,38145,2,4,1,38152,A
5-NP,794,6,38137,0,2,38145,T
5-NP,795,38267,3,7,0,38277,A
5-NP,796,2,37420,0,11,37433,T
5-NP,797,1,37146,0,10,37157,T
5-NP,798,8,120,37311,1,37440,G
5-NP,799,36937,6,42,1,36986,A
5-NP,800,0,62,37291,1,37354,G
5-NP,801,35290,2,53,1,35346,A
5-NP,802,1,72,34757,1,34831,G
5-NP,803,5,98,35252,2,35357,G
5-NP,804,35191,4,9,2,35206,A
5-NP,805,3,35076,2,12,35093,T
5-NP,806,109,9,0,35186,35304,C
5-NP,807,35082,4,16,1,35103,A
5-NP,808,4,3,35284,0,35291,G
5-NP,809,1,35110,0,10,35121,T
5-NP,810,6,34847,1,5,34859,T
5-NP,811,16,16,34862,0,34894,G
5-NP,812,8,5,2,34517,34532,C
5-NP,813,5,34458,0,44,34507,T
5-NP,814,156,8,1,34613,34778,C
5-NP,815,34832,4,10,1,34847,A
5-NP,816,4,16,1,34894,34915,C
5-NP,817,34858,1,4,0,34863,A
5-NP,818,35088,0,6,0,35094,A
5-NP,819,35073,2,1,1,35077,A
5-NP,820,1,34933,1,9,34944,T
5-NP,821,56,2,0,35008,35066,C
5-NP,822,5,34923,1,18,34947,T
5-NP,823,2,34876,1,3,34882,T
5-NP,824,3,12,34966,2,34983,G
5-NP,825,10,12,1,34936,34959,C
5-NP,826,64,5,1,35508,35578,C
5-NP,827,1,35492,2,18,35513,T
5-NP,828,35585,5,7,0,35597,A
5-NP,829,7,11,3,35685,35706,C
5-NP,830,48,9,0,35654,35711,C
5-NP,831,4,35512,2,28,35546,T
5-NP,832,7,11,36073,1,36092,G
5-NP,833,5,166,0,35763,35934,C
5-NP,834,41,4,0,35982,36027,C
5-NP,835,4,35331,1,48,35384,T
5-NP,836,7,6,35777,1,35791,G
5-NP,837,4,35466,0,24,35494,T
5-NP,838,12,17,35871,1,35901,G
5-NP,839,16,15,1,36084,36116,C
5-NP,840,11,3,36775,1,36790,G
5-NP,841,0,36160,2,15,36177,T
5-NP,842,36124,4,5,3,36136,A
5-NP,843,5,36113,1,5,36124,T
5-NP,844,8,72,36056,1,36137,G
5-NP,845,3,113,37430,1,37547,G
5-NP,846,37290,1,108,3,37402,A
5-NP,847,20,7,4,36868,36899,C
5-NP,848,38,7,1,36849,36895,C
5-NP,849,1,36295,0,22,36318,T
5-NP,850,9,6,38275,1,38291,G
5-NP,851,8,17,1,38311,38337,C
5-NP,852,38392,3,26,2,38423,A
5-NP,853,4,2,39063,2,39071,G
5-NP,854,4,37168,1,2,37175,T
5-NP,855,38696,0,5,0,38701,A
5-NP,856,6,38441,2,10,38459,T
5-NP,857,51,6,1,38367,38425,C
5-NP,858,55,10,4,38387,38456,C
5-NP,859,36556,2,11,1,36570,A
5-NP,860,3,8,36782,0,36793,G
5-NP,861,4,36557,0,8,36569,T
5-NP,862,5,99,36864,0,36968,G
5-NP,863,4,66,36781,1,36852,G
5-NP,864,7,8,36300,1,36316,G
5-NP,865,4,36217,1,22,36244,T
5-NP,866,36187,2,11,1,36201,A
5-NP,867,10,24,2,36074,36110,C
5-NP,868,379,217,35373,0,35969,G
5-NP,869,35780,3,10,1,35794,A
5-NP,870,2,2,1,35833,35838,C
5-NP,871,3,34918,2,7,34930,T
5-NP,872,2,34994,1,6,35003,T
5-NP,873,36,12,0,34818,34866,C
5-NP,874,5,66,34865,1,34937,G
5-NP,875,34896,4,8,0,34908,A
5-NP,876,34921,0,6,7,34934,A
5-NP,877,35022,2,10,0,35034,A
5-NP,878,35008,0,2,1,35011,A
5-NP,879,34940,2,17,2,34961,A
5-NP,880,0,38,35142,2,35182,G
5-NP,881,35006,1,38,3,35048,A
5-NP,882,3,88,35375,2,35468,G
5-NP,883,7,66,35731,1,35805,G
5-NP,884,5,72,35813,2,35892,G
5-NP,885,35943,1,27,1,35972,A
5-NP,886,5,35931,0,9,35945,T
5-NP,887,36242,4,5,0,36251,A
5-NP,888,0,36201,1,8,36210,T
5-NP,889,4,36268,4,3,36279,T
5-NP,890,102,5,2,36519,36628,C
5-NP,891,49,4,0,36254,36307,C
5-NP,892,3,35670,1,10,35684,T
5-NP,893,0,35710,1,3,35714,T
5-NP,894,3,63,36123,0,36189,G
5-NP,895,1,3,36408,0,36412,G
5-NP,896,4,36085,2,25,36116,T
5-NP,897,13,87,35983,0,36083,G
5-NP,898,8,49,35768,2,35827,G
5-NP,899,4,94,37550,4,37652,G
5-NP,900,37630,4,11,0,37645,A
5-NP,901,37687,1,9,0,37697,A
5-NP,902,2,37691,1,3,37697,T
5-NP,903,37010,1,16,0,37027,A
5-NP,904,2,92,36932,1,37027,G
5-NP,905,36706,2,43,0,36751,A
5-NP,906,7,3,0,36702,36712,C
5-NP,907,75,2,0,36299,36376,C
5-NP,908,109,2,0,35171,35282,C
5-NP,909,4,35546,12,48,35610,T
5-NP,910,0,35653,4,10,35667,T
5-NP,911,6,35655,3,11,35675,T
5-NP,912,72,2,1,35642,35717,C
5-NP,913,35629,2,5,2,35638,A
5-NP,914,35675,1,1,0,35677,A
5-NP,915,35565,3,4,3,35575,A
5-NP,916,4,2,0,35623,35629,C
5-NP,917,2,34577,2,3,34584,T
5-NP,918,34434,1,4,0,34439,A
5-NP,919,3,1,3,34919,34926,C
5-NP,920,5,34769,2,14,34790,T
5-NP,921,6,34688,3,6,34703,T
5-NP,922,65,2,0,34832,34899,C
5-NP,923,34852,1,7,1,34861,A
5-NP,924,34867,3,2,2,34874,A
5-NP,925,34755,3,8,1,34767,A
5-NP,926,34773,2,7,1,34783,A
5-NP,927,3,34461,1,4,34469,T
5-NP,928,33805,3,14,0,33822,A
5-NP,929,4,7,34611,1,34623,G
5-NP,930,6,9,0,34763,34778,C
5-NP,931,85,5,3,35195,35288,C
5-NP,932,35345,1,5,1,35352,A
5-NP,933,34958,2,539,0,35499,A
5-NP,934,36860,1,4,1,36866,A
5-NP,935,1,36923,1,4,36929,T
5-NP,936,37140,5,6,2,37153,A
5-NP,937,2,37073,2,4,37081,T
5-NP,938,36102,3,31,1,36137,A
5-NP,939,1,5,0,36244,36250,C
5-NP,940,35163,0,15,3,35181,A
5-NP,941,4,7,36163,0,36174,G
5-NP,942,11,0,0,36050,36061,C
5-NP,943,2,34770,0,29,34801,T
5-NP,944,5,35096,1,3,35105,T
5-NP,945,35404,3,3,2,35412,A
5-NP,946,35451,1,7,1,35460,A
5-NP,947,5,35372,1,2,35380,T
5-NP,948,113,11,0,35288,35412,C
5-NP,949,34138,3,14,0,34155,A
5-NP,950,2,137,34344,2,34485,G
5-NP,951,34421,2,16,1,34440,A
5-NP,952,5,2,0,34665,34672,C
5-NP,953,64,3,1,34376,34444,C
5-NP,954,6,33940,3,22,33971,T
5-NP,955,34289,0,10,0,34299,A
5-NP,956,34254,2,17,0,34273,A
5-NP,957,5,9,0,34477,34491,C
5-NP,958,7,102,34383,1,34493,G
5-NP,959,33687,3,7,2,33699,A
5-NP,960,9,89,33692,0,33790,G
5-NP,961,33457,0,13,0,33470,A
5-NP,962,33851,1,6,1,33859,A
5-NP,963,3,33771,1,12,33787,T
5-NP,964,66,1,5,33336,33408,C
5-NP,965,46,5,0,33408,33459,C
5-NP,966,32853,5,29,1,32888,A
5-NP,967,5,7,33157,1,33170,G
5-NP,968,9,10,1,33099,33119,C
5-NP,969,33418,4,14,0,33436,A
5-NP,970,1,5,0,33683,33689,C
5-NP,971,33117,4,10,0,33131,A
5-NP,972,2,7,0,33241,33250,C
5-NP,973,33203,1,13,0,33217,A
5-NP,974,33343,2,27,3,33375,A
5-NP,975,0,88,33454,0,33542,G
5-NP,976,33029,2,15,0,33046,A
5-NP,977,1,1,33191,1,33194,G
5-NP,978,1,32429,0,19,32449,T
5-NP,979,143,9,2,32270,32424,C
5-NP,980,32257,3,32,25,32317,A
5-NP,981,4,5,32301,2,32312,G
5-NP,982,7,4,0,32237,32248,C
5-NP,983,1,31877,0,16,31894,T
5-NP,984,8,58,32279,0,32345,G
5-NP,985,3,4,32488,1,32496,G
5-NP,986,1,32214,1,5,32221,T
5-NP,987,13,2,32523,0,32538,G
5-NP,988,5,32062,0,17,32084,T
5-NP,989,16,63,31978,1,32058,G
5-NP,990,2,30,31984,0,32016,G
5-NP,991,31836,0,12,1,31849,A
5-NP,992,4,31912,1,10,31927,T
5-NP,993,11,86,30443,1,30541,G
5-NP,994,6,11,30355,1,30373,G
5-NP,995,11,6,1,30272,30290,C
5-NP,996,30082,2,11,3,30098,A
5-NP,997,4,30041,2,20,30067,T
5-NP,998,8,14,29895,1,29918,G
5-NP,999,4,7,0,30153,30164,C
5-NP,1000,96,10,1,30147,30254,C
5-NP,1001,30364,3,4,1,30372,A
5-NP,1002,0,30269,3,13,30285,T
5-NP,1003,3,29872,0,7,29882,T
5-NP,1004,58,2,1,29926,29987,C
5-NP,1005,2,29618,0,4,29624,T
5-NP,1006,13,9,29578,0,29600,G
5-NP,1007,5,1,1,29549,29556,C
5-NP,1008,4,28719,1,20,28744,T
5-NP,1009,14,7,28919,1,28941,G
5-NP,1010,5,6,0,28479,28490,C
5-NP,1011,28544,2,4,0,28550,A
5-NP,1012,3,28546,1,2,28552,T
5-NP,1013,2,28205,1,29,28237,T
5-NP,1014,3,28224,1,11,28239,T
5-NP,1015,1,52,28144,1,28198,G
5-NP,1016,28146,2,8,0,28156,A
5-NP,1017,28175,2,21,0,28198,A
5-NP,1018,2,41,28418,0,28461,G
5-NP,1019,28329,5,2,1,28337,A
5-NP,1020,4,28187,1,3,28195,T
5-NP,1021,2,28145,0,3,28150,T
5-NP,1022,3,28170,0,7,28180,T
5-NP,1023,28047,3,125,0,28175,A
5-NP,1024,28204,3,7,1,28215,A
5-NP,1025,6,48,28163,0,28217,G
5-NP,1026,28143,3,5,0,28151,A
5-NP,1027,1,27993,3,4,28001,T
5-NP,1028,3,27020,0,4,27027,T
5-NP,1029,6,0,27227,0,27233,G
5-NP,1030,3,27167,2,34,27206,T
5-NP,1031,1,27184,0,9,27194,T
5-NP,1032,27179,1,7,3,27190,A
5-NP,1033,27238,1,9,1,27249,A
5-NP,1034,5,7,27317,0,27329,G
5-NP,1035,10,3,0,27416,27429,C
5-NP,1036,6,26704,2,28,26740,T
5-NP,1037,3,26739,1,13,26756,T
5-NP,1038,44,8,0,26748,26800,C
5-NP,1039,26791,1,13,1,26806,A
5-NP,1040,1,26698,0,29,26728,T
5-NP,1041,42,6,0,26768,26816,C
5-NP,1042,26295,2,10,2,26309,A
5-NP,1043,2,31,26245,0,26278,G
5-NP,1044,25787,3,18,1,25809,A
5-NP,1045,1,54,25836,2,25893,G
5-NP,1046,3,54,25881,1,25939,G
5-NP,1047,4,74,25622,2,25702,G
5-NP,1048,25648,4,35,0,25687,A
5-NP,1049,4,4,2,25720,25730,C
5-NP,1050,25741,1,0,0,25742,A
5-NP,1051,25804,1,4,0,25809,A
5-NP,1052,25850,1,3,1,25855,A
5-NP,1053,25934,2,13,3,25952,A
5-NP,1054,4,2,26057,0,26063,G
5-NP,1055,3,25025,1,13,25042,T
5-NP,1056,24886,0,4,0,24890,A
5-NP,1057,6,24719,1,16,24742,T
5-NP,1058,51,4,0,24701,24756,C
5-NP,1059,0,24463,1,21,24485,T
5-NP,1060,85,0,2,24637,24724,C
5-NP,1061,29,4,1,24464,24498,C
5-NP,1062,2,24196,3,3,24204,T
5-NP,1063,54,6,0,24096,24156,C
5-NP,1064,12,51,24042,2,24107,G
5-NP,1065,0,48,24186,0,24234,G
5-NP,1066,2,58,24173,0,24233,G
5-NP,1067,3,18,24095,1,24117,G
5-NP,1068,12,40,24091,0,24143,G
5-NP,1069,23516,6,2,0,23524,A
5-NP,1070,23532,1,8,0,23541,A
5-NP,1071,23516,2,15,5,23538,A
5-NP,1072,0,3,0,23714,23717,C
5-NP,1073,2,23509,0,6,23517,T
5-NP,1074,12,1,23659,1,23673,G
5-NP,1075,3,23373,1,20,23397,T
5-NP,1076,165,1,1,23293,23460,C
5-NP,1077,23848,2,12,4,23866,A
5-NP,1078,24010,2,5,1,24018,A
5-NP,1079,5,1,0,24145,24151,C
5-NP,1080,1,24041,0,4,24046,T
5-NP,1081,23388,5,2,1,23396,A
5-NP,1082,0,25,23472,1,23498,G
5-NP,1083,22882,0,5,0,22887,A
5-NP,1084,3,17,22909,0,22929,G
5-NP,1085,1,63,22819,0,22883,G
5-NP,1086,21457,5,10,0,21472,A
5-NP,1087,3,2,21812,1,21818,G
5-NP,1088,0,21411,0,14,21425,T
5-NP,1089,21437,1,9,0,21447,A
5-NP,1090,1,4,1,21432,21438,C
5-NP,1091,21081,2,6,1,21090,A
5-NP,1092,21063,2,2,0,21067,A
5-NP,1093,20806,1,1,0,20808,A
5-NP,1094,1,20515,0,0,20516,T
5-NP,1095,2,20293,1,3,20299,T
5-NP,1096,6,6,19463,0,19475,G
5-NP,1097,7,1,1,19159,19168,C
5-NP,1098,4,19079,1,23,19107,T
5-NP,1099,6,19068,0,6,19080,T
5-NP,1100,34,2,1,19040,19077,C
5-NP,1101,19083,1,1,0,19085,A
5-NP,1102,19173,0,2,0,19175,A
5-NP,1103,19163,1,0,0,19164,A
5-NP,1104,1,19147,2,2,19152,T
5-NP,1105,2,66,19074,1,19143,G
5-NP,1106,18579,2,82,2,18665,A
5-NP,1107,0,69,18696,0,18765,G
5-NP,1108,18725,4,10,0,18739,A
5-NP,1109,18705,1,6,1,18713,A
5-NP,1110,6,3,0,18689,18698,C
5-NP,1111,18380,2,6,0,18388,A
5-NP,1112,2,18357,0,3,18362,T
5-NP,1113,7,43,18406,1,18457,G
5-NP,1114,1,19,18515,0,18535,G
5-NP,1115,18442,0,7,2,18451,A
5-NP,1116,2,17916,0,3,17921,T
5-NP,1117,17563,0,4,0,17567,A
5-NP,1118,17878,0,5,0,17883,A
5-NP,1119,0,17341,0,4,17345,T
5-NP,1120,17191,0,3,0,17194,A
5-NP,1121,0,17046,1,2,17049,T
5-NP,1122,6,27,15102,0,15135,G
5-NP,1123,1,11,14481,1,14494,G
5-NP,1124,0,27,14400,0,14427,G
5-NP,1125,14344,0,1,0,14345,A
5-NP,1126,2,14274,1,1,14278,T
5-NP,1127,40,0,1,11211,11252,C
5-NP,1128,11109,1,10,0,11120,A
5-NP,1129,11107,1,2,0,11110,A
5-NP,1130,2,3,11107,0,11112,G
5-NP,1131,2,4,0,11081,11087,C
5-NP,1132,10593,1,3,0,10597,A
5-NP,1133,3,1,0,10605,10609,C
5-NP,1134,2,10198,1,4,10205,T
5-NP,1135,41,2,1,10264,10308,C
5-NP,1136,0,10219,1,6,10226,T
5-NP,1137,0,10065,0,4,10069,T
5-NP,1138,1,31,10028,0,10060,G
5-NP,1139,9944,1,3,0,9948,A
5-NP,1140,9970,0,1,0,9971,A
5-NP,1141,0,0,1,9944,9945,C
5-NP,1142,1,7360,0,0,7361,T
5-NP,1143,1,12,7341,0,7354,G
5-NP,1144,6904,0,8,0,6912,A
5-NP,1145,0,3,6924,1,6928,G
5-NP,1146,6917,0,0,0,6917,A
5-NP,1147,6633,0,1,0,6634,A
5-NP,1148,1,0,6656,0,6657,G
5-NP,1149,7,1,0,6316,6324,C
5-NP,1150,20,14,6249,0,6283,G
5-NP,1151,2,3,6259,0,6264,G
5-NP,1152,3,4,5903,0,5910,G
5-NP,1153,0,5781,0,1,5782,T
5-NP,1154,5412,0,0,0,5412,A
5-NP,1155,5,0,1,5377,5383,C
5-NP,1156,0,3283,0,1,3284,T
5-NP,1157,1,2,3133,0,3136,G
5-NP,1158,0,2,2914,0,2916,G
5-NP,1159,0,1,2719,1,2721,G
5-NP,1160,1,1,0,2624,2626,C
5-NP,1161,3,2,0,2130,2135,C
5-NP,1162,2147,0,1,0,2148,A
5-NP,1163,1,2151,0,0,2152,T
5-NP,1164,2145,0,0,0,2145,A
5-NP,1165,2147,1,1,0,2149,A
5-NP,1166,0,2,2116,0,2118,G
5-NP,1167,0,11,2163,0,2174,G
5-NP,1168,2134,0,1,1,2136,A
5-NP,1169,0,1,0,2137,2138,C
5-NP,1170,1,1,1,2137,2140,C
5-NP,1171,2128,0,1,0,2129,A
5-NP,1172,1,3,2164,0,2168,G
5-NP,1173,0,5,2167,0,2172,G
5-NP,1174,2164,1,0,0,2165,A
5-NP,1175,0,1,2186,0,2187,G
5-NP,1176,1,2067,0,1,2069,T
5-NP,1177,1,2,2068,0,2071,G
5-NP,1178,0,2,2104,0,2106,G
5-NP,1179,2102,0,2,0,2104,A
5-NP,1180,0,1,2110,0,2111,G
5-NP,1181,0,2,2066,0,2068,G
5-NP,1182,2044,0,0,0,2044,A
5-NP,1183,2051,0,0,0,2051,A
5-NP,1184,2060,0,1,0,2061,A
5-NP,1185,0,1,0,2073,2074,C
5-NP,1186,2069,0,1,0,2070,A
5-NP,1187,2,0,0,2108,2110,C
5-NP,1188,0,2073,0,0,2073,T
5-NP,1189,2108,0,1,0,2109,A
5-NP,1190,2107,0,0,0,2107,A
5-NP,1191,1,2101,0,0,2102,T
5-NP,1192,6,0,0,2112,2118,C
5-NP,1193,2098,0,0,0,2098,A
5-NP,1194,2118,0,1,0,2119,A
5-NP,1195,1,1,0,2116,2118,C
5-NP,1196,2054,0,0,0,2054,A
5-NP,1197,0,2,2052,0,2054,G
5-NP,1198,1997,0,3,0,2000,A
5-NP,1199,1,1,2009,1,2012,G
5-NP,1200,0,1,2010,0,2011,G
5-NP,1201,0,1,1992,0,1993,G
5-NP,1202,0,3,0,1973,1976,C
5-NP,1203,3,0,0,1975,1978,C
5-NP,1204,0,1938,0,2,1940,T
5-NP,1205,1,0,0,1976,1977,C
5-NP,1206,1,1,0,1982,1984,C
5-NP,1207,2,0,1985,0,1987,G
5-NP,1208,1,0,0,1974,1975,C
5-NP,1209,1957,0,0,0,1957,A
5-NP,1210,0,1,2036,0,2037,G
5-NP,1211,1,0,2026,0,2027,G
5-NP,1212,1,0,0,2030,2031,C
5-NP,1213,4,0,1,2031,2036,C
5-NP,1214,2022,0,0,0,2022,A
5-NP,1215,2029,0,0,0,2029,A
5-NP,1216,2027,1,1,0,2029,A
5-NP,1217,1,0,0,2030,2031,C
5-NP,1218,6,0,0,2032,2038,C
5-NP,1219,1895,0,0,0,1895,A
5-NP,1220,0,0,1937,0,1937,G
5-NP,1221,0,1910,0,0,1910,T
5-NP,1222,0,0,1932,0,1932,G
5-NP,1223,0,1911,0,0,1911,T
5-NP,1224,0,2,1910,0,1912,G
5-NP,1225,1,0,0,1910,1911,C
5-NP,1226,1888,1,1,0,1890,A
5-NP,1227,1923,0,2,0,1925,A
5-NP,1228,0,0,0,1913,1913,C
5-NP,1229,4,0,0,1907,1911,C
5-NP,1230,0,1891,0,1,1892,T
5-NP,1231,1886,0,1,0,1887,A
5-NP,1232,0,0,0,1886,1886,C
5-NP,1233,1,1,1880,0,1882,G
5-NP,1234,0,1870,0,1,1871,T
5-NP,1235,0,1876,0,0,1876,T
5-NP,1236,0,1846,0,0,1846,T
5-NP,1237,0,1829,0,1,1830,T
5-NP,1238,3,0,0,1833,1836,C
5-NP,1239,0,1810,0,0,1810,T
5-NP,1240,2,0,1840,0,1842,G
5-NP,1241,0,1838,0,0,1838,T
5-NP,1242,1838,0,0,0,1838,A
5-NP,1243,0,1,0,1855,1856,C
5-NP,1244,1825,0,0,0,1825,A
5-NP,1245,1825,0,1,0,1826,A
5-NP,1246,1829,0,1,0,1830,A
5-NP,1247,0,3,1832,0,1835,G
5-NP,1248,1824,1,0,1,1826,A
5-NP,1249,1760,0,1,0,1761,A
5-NP,1250,1748,0,2,7,1757,A
5-NP,1251,1,0,0,1766,1767,C
5-NP,1252,1,1,0,1746,1748,C
5-NP,1253,0,1733,1,4,1738,T
5-NP,1254,2,0,0,1732,1734,C
5-NP,1255,2,0,0,1737,1739,C
5-NP,1256,7,1,0,1725,1733,C
5-NP,1257,1731,0,0,0,1731,A
5-NP,1258,0,1741,1,0,1742,T
5-NP,1259,0,1745,0,1,1746,T
5-NP,1260,0,1729,0,10,1739,T
5-NP,1261,0,4,1737,0,1741,G
5-NP,1262,1739,0,0,0,1739,A
5-NP,1263,1738,0,0,0,1738,A
5-NP,1264,1742,0,0,0,1742,A
5-NP,1265,1731,0,0,0,1731,A
5-NP,1266,0,0,1753,0,1753,G
5-NP,1267,0,1726,0,4,1730,T
5-NP,1268,9,0,0,1731,1740,C
5-NP,1269,1741,0,1,0,1742,A
5-NP,1270,1748,0,1,0,1749,A
5-NP,1271,0,1,0,1753,1754,C
5-NP,1272,4,0,0,1763,1767,C
5-NP,1273,1772,0,0,0,1772,A
5-NP,1274,1,1766,0,2,1769,T
5-NP,1275,1,0,0,1764,1765,C
5-NP,1276,1742,0,0,0,1742,A
5-NP,1277,0,1759,0,1,1760,T
5-NP,1278,0,4,1762,0,1766,G
5-NP,1279,0,0,1757,0,1757,G
5-NP,1280,0,0,0,1754,1754,C
5-NP,1281,1707,0,0,0,1707,A
5-NP,1282,1,1,1706,0,1708,G
5-NP,1283,0,1,0,1695,1696,C
5-NP,1284,1703,0,0,0,1703,A
5-NP,1285,0,1702,0,0,1702,T
5-NP,1286,1,1676,0,0,1677,T
5-NP,1287,5,1,0,1683,1689,C
5-NP,1288,1673,0,2,0,1675,A
5-NP,1289,1,0,0,1694,1695,C
5-NP,1290,0,1690,0,1,1691,T
5-NP,1291,1,0,1713,0,1714,G
5-NP,1292,0,3,1723,0,1726,G
5-NP,1293,1716,0,1,0,1717,A
5-NP,1294,1716,0,1,0,1717,A
5-NP,1295,1721,0,0,0,1721,A
5-NP,1296,0,1702,0,0,1702,T
5-NP,1297,1697,0,1,0,1698,A
5-NP,1298,0,0,0,1689,1689,C
5-NP,1299,0,0,1667,0,1667,G
5-NP,1300,0,3,1673,0,1676,G
5-NP,1301,1601,0,2,0,1603,A
5-NP,1302,1,3,1637,0,1641,G
5-NP,1303,0,1,1634,0,1635,G
5-NP,1304,1,1,1640,1,1643,G
5-NP,1305,1642,0,1,0,1643,A
5-NP,1306,1638,0,0,0,1638,A
5-NP,1307,1,4,1643,0,1648,G
5-NP,1308,1641,0,0,0,1641,A
5-NP,1309,1633,0,0,0,1633,A
5-NP,1310,0,1,0,1668,1669,C
5-NP,1311,0,1634,0,0,1634,T
5-NP,1312,0,1642,0,0,1642,T
5-NP,1313,4,0,0,1626,1630,C
5-NP,1314,1634,2,0,0,1636,A
5-NP,1315,0,1,1638,0,1639,G
5-NP,1316,1630,0,1,1,1632,A
5-NP,1317,0,0,0,1629,1629,C
5-NP,1318,1619,0,0,0,1619,A
5-NP,1319,0,1573,0,0,1573,T
5-NP,1320,0,3,1575,0,1578,G
5-NP,1321,1553,0,0,0,1553,A
5-NP,1322,0,2,1575,0,1577,G
5-NP,1323,0,2,1579,0,1581,G
5-NP,1324,0,0,1573,0,1573,G
5-NP,1325,0,0,0,1573,1573,C
5-NP,1326,1558,0,0,0,1558,A
5-NP,1327,0,1,1559,0,1560,G
5-NP,1328,1561,0,0,0,1561,A
5-NP,1329,1575,0,0,0,1575,A
5-NP,1330,1575,0,1,0,1576,A
5-NP,1331,0,1553,0,0,1553,T
5-NP,1332,4,0,0,1566,1570,C
5-NP,1333,1565,0,0,0,1565,A
5-NP,1334,0,1559,0,0,1559,T
5-NP,1335,1563,0,0,0,1563,A
5-NP,1336,1551,0,0,0,1551,A
5-NP,1337,0,3,1578,0,1581,G
5-NP,1338,1557,0,0,0,1557,A
5-NP,1339,1573,0,0,0,1573,A
5-NP,1340,0,1538,0,1,1539,T
5-NP,1341,1,2,1539,0,1542,G
5-NP,1342,1540,0,3,0,1543,A
5-NP,1343,0,1535,0,0,1535,T
5-NP,1344,0,1,1541,0,1542,G
5-NP,1345,0,1,1541,0,1542,G
5-NP,1346,1505,0,1,0,1506,A
5-NP,1347,1498,0,1,0,1499,A
5-NP,1348,2,4,1469,0,1475,G
5-NP,1349,0,0,1510,0,1510,G
5-NP,1350,0,1488,0,2,1490,T
5-NP,1351,2,0,1490,0,1492,G
5-NP,1352,0,0,0,1487,1487,C
5-NP,1353,1493,0,0,0,1493,A
5-NP,1354,1492,0,0,0,1492,A
5-NP,1355,1497,0,1,0,1498,A
5-NP,1356,1511,0,1,0,1512,A
5-NP,1357,0,0,0,1520,1520,C
5-NP,1358,4,0,0,1493,1497,C
5-NP,1359,1462,0,1,0,1463,A
5-NP,1360,0,1,1477,0,1478,G
5-NP,1361,1477,0,1,0,1478,A
5-NP,1362,1478,0,0,0,1478,A
5-NP,1363,0,0,1479,0,1479,G
5-NP,1364,1464,0,1,0,1465,A
5-NP,1365,1429,1,0,0,1430,A
5-NP,1366,0,1,1452,0,1453,G
5-NP,1367,0,1431,0,2,1433,T
5-NP,1368,0,0,1441,0,1441,G
5-NP,1369,0,1422,0,2,1424,T
5-NP,1370,10,0,0,1419,1429,C
5-NP,1371,1422,0,1,0,1423,A
5-NP,1372,0,1444,0,0,1444,T
5-NP,1373,1,1429,0,0,1430,T
5-NP,1374,0,0,0,1443,1443,C
5-NP,1375,1,0,0,1417,1418,C
5-NP,1376,4,3,1407,0,1414,G
5-NP,1377,1,0,1417,0,1418,G
5-NP,1378,1,2,1415,0,1418,G
5-NP,1379,0,2,1415,0,1417,G
5-NP,1380,1,2,1417,0,1420,G
5-NP,1381,1366,1,0,0,1367,A
5-NP,1382,0,2,1374,0,1376,G
5-NP,1383,1,5,1361,0,1367,G
5-NP,1384,0,3,1365,0,1368,G
5-NP,1385,0,0,1378,0,1378,G
5-NP,1386,1349,0,5,0,1354,A
5-NP,1387,0,0,1367,0,1367,G
5-NP,1388,0,1350,0,0,1350,T
5-NP,1389,0,1350,0,1,1351,T
5-NP,1390,0,1359,0,0,1359,T
5-NP,1391,0,1346,0,0,1346,T
5-NP,1392,1,1,0,1351,1353,C
5-NP,1393,0,2,1351,0,1353,G
5-NP,1394,1333,2,8,0,1343,A
5-NP,1395,0,0,1362,0,1362,G
5-NP,1396,0,0,0,1352,1352,C
5-NP,1397,0,1355,0,1,1356,T
5-NP,1398,0,0,0,1362,1362,C
5-NP,1399,0,1356,0,3,1359,T
5-NP,1400,6,0,0,1359,1365,C
5-NP,1401,1368,0,1,0,1369,A
5-NP,1402,0,0,1377,0,1377,G
5-NP,1403,1370,0,1,0,1371,A
5-NP,1404,0,0,0,1361,1361,C
5-NP,1405,1,7,1347,0,1355,G
5-NP,1406,1328,0,2,0,1330,A
5-NP,1407,0,1,1337,0,1338,G
5-NP,1408,1334,1,1,0,1336,A
5-NP,1409,1330,0,1,0,1331,A
5-NP,1410,0,1,1332,0,1333,G
5-NP,1411,0,0,1327,0,1327,G
5-NP,1412,0,1,0,1320,1321,C
5-NP,1413,1309,0,0,0,1309,A
5-NP,1414,1308,0,2,1,1311,A
5-NP,1415,0,0,0,1309,1309,C
5-NP,1416,0,6,1308,0,1314,G
5-NP,1417,1320,0,0,0,1320,A
5-NP,1418,1314,0,0,0,1314,A
5-NP,1419,0,0,0,1310,1310,C
5-NP,1420,1,0,0,1310,1311,C
5-NP,1421,2,1,0,1295,1298,C
5-NP,1422,0,1,1303,0,1304,G
5-NP,1423,1306,0,0,0,1306,A
5-NP,1424,0,1304,0,0,1304,T
5-NP,1425,4,0,0,1280,1284,C
5-NP,1426,0,0,1280,0,1280,G
5-NP,1427,0,1268,0,1,1269,T
5-NP,1428,0,0,1270,0,1270,G
5-NP,1429,0,0,0,1267,1267,C
5-NP,1430,5,1,0,1258,1264,C
5-NP,1431,2,1,0,1263,1266,C
5-NP,1432,0,1242,0,3,1245,T
5-NP,1433,1,0,0,1293,1294,C
5-NP,1434,0,1292,0,0,1292,T
5-NP,1435,0,1298,1,0,1299,T
5-NP,1436,0,1289,0,0,1289,T
5-NP,1437,0,1285,0,0,1285,T
5-NP,1438,0,0,1294,0,1294,G
5-NP,1439,1287,0,0,0,1287,A
5-NP,1440,0,1281,0,1,1282,T
5-NP,1441,1270,0,0,0,1270,A
5-NP,1442,0,1079,0,0,1079,T
5-NP,1443,0,2,1110,0,1112,G
5-NP,1444,1098,0,0,0,1098,A
5-NP,1445,0,1,1112,0,1113,G
5-NP,1446,1,1104,0,1,1106,T
5-NP,1447,1081,0,0,0,1081,A
5-NP,1448,1084,1,0,0,1085,A
5-NP,1449,0,1080,0,0,1080,T
5-NP,1450,0,2,1080,0,1082,G
5-NP,1451,1078,0,0,0,1078,A
5-NP,1452,959,0,0,0,959,A
5-NP,1453,0,0,955,0,955,G
5-NP,1454,0,0,902,0,902,G
5-NP,1455,894,0,0,0,894,A
5-NP,1456,0,896,0,0,896,T
5-NP,1457,0,0,0,888,888,C
5-NP,1458,0,877,0,0,877,T
5-NP,1459,1,870,0,0,871,T
5-NP,1460,876,0,0,0,876,A
5-NP,1461,0,872,0,0,872,T
5-NP,1462,0,864,0,0,864,T
5-NP,1463,0,856,0,0,856,T
5-NP,1464,4,0,0,828,832,C
5-NP,1465,0,799,0,0,799,T
5-NP,1466,0,795,0,0,795,T
5-NP,1467,3,0,0,795,798,C
5-NP,1468,1,0,794,0,795,G
5-NP,1469,0,1,799,0,800,G
5-NP,1470,794,0,1,0,795,A
5-NP,1471,0,2,795,0,797,G
5-NP,1472,791,0,1,0,792,A
5-NP,1473,0,0,0,780,780,C
5-NP,1474,748,0,1,0,749,A
5-NP,1475,748,0,0,0,748,A
5-NP,1476,1,744,0,0,745,T
5-NP,1477,0,0,746,0,746,G
5-NP,1478,0,0,0,743,743,C
5-NP,1479,728,0,0,0,728,A
5-NP,1480,0,0,732,0,732,G
5-NP,1481,728,0,0,2,730,A
5-NP,1482,687,0,0,0,687,A
5-NP,1483,0,0,687,0,687,G
5-NP,1484,449,0,0,0,449,A
5-NP,1485,0,0,451,0,451,G
5-NP,1486,0,414,0,1,415,T
5-NP,1487,413,0,0,0,413,A
5-NP,1488,0,1,0,411,412,C
5-NP,1489,3,1,370,0,374,G
5-NP,1490,372,0,1,0,373,A
5-NP,1491,0,0,0,365,365,C
5-NP,1492,264,0,0,0,264,A
5-NP,1493,265,0,0,0,265,A
5-NP,1494,0,214,0,0,214,T
5-NP,1495,0,209,0,0,209,T
5-NP,1496,208,0,0,0,208,A
5-NP,1497,198,0,0,0,198,A
6-NA,1,32,0,0,0,32,A
6-NA,2,0,32,0,0,32,T
6-NA,3,0,0,32,0,32,G
6-NA,4,31,0,0,0,31,A
6-NA,5,33,0,0,0,33,A
6-NA,6,0,33,0,0,33,T
6-NA,7,0,0,0,32,32,C
6-NA,8,0,0,0,34,34,C
6-NA,9,34,0,0,0,34,A
6-NA,10,34,0,1,0,35,A
6-NA,11,35,0,0,0,35,A
6-NA,12,0,35,0,0,35,T
6-NA,13,1,0,0,34,35,C
6-NA,14,35,0,0,0,35,A
6-NA,15,36,0,0,0,36,A
6-NA,16,36,0,0,0,36,A
6-NA,17,40,0,0,0,40,A
6-NA,18,0,0,47,0,47,G
6-NA,19,47,0,0,0,47,A
6-NA,20,0,47,0,0,47,T
6-NA,21,48,0,0,0,48,A
6-NA,22,50,0,0,0,50,A
6-NA,23,0,50,0,0,50,T
6-NA,24,50,0,0,0,50,A
6-NA,25,50,0,0,0,50,A
6-NA,26,0,0,0,51,51,C
6-NA,27,0,1,52,0,53,G
6-NA,28,53,0,0,0,53,A
6-NA,29,0,53,0,0,53,T
6-NA,30,0,53,0,0,53,T
6-NA,31,0,0,53,0,53,G
6-NA,32,0,0,59,0,59,G
6-NA,33,0,0,0,61,61,C
6-NA,34,0,60,0,0,60,T
6-NA,35,0,0,0,62,62,C
6-NA,36,0,62,0,0,62,T
6-NA,37,0,0,62,0,62,G
6-NA,38,0,62,0,0,62,T
6-NA,39,0,63,0,0,63,T
6-NA,40,0,67,0,0,67,T
6-NA,41,0,0,0,67,67,C
6-NA,42,0,66,0,0,66,T
6-NA,43,0,0,0,67,67,C
6-NA,44,0,67,0,0,67,T
6-NA,45,0,0,0,67,67,C
6-NA,46,67,0,0,0,67,A
6-NA,47,0,0,0,71,71,C
6-NA,48,0,0,0,70,70,C
6-NA,49,71,0,0,0,71,A
6-NA,50,0,72,0,0,72,T
6-NA,51,0,75,0,0,75,T
6-NA,52,0,75,0,0,75,T
6-NA,53,0,0,0,78,78,C
6-NA,54,0,0,0,79,79,C
6-NA,55,80,0,0,0,80,A
6-NA,56,0,0,0,85,85,C
6-NA,57,84,0,0,0,84,A
6-NA,58,89,0,0,0,89,A
6-NA,59,0,89,0,0,89,T
6-NA,60,96,0,0,0,96,A
6-NA,61,0,96,0,0,96,T
6-NA,62,0,0,96,0,96,G
6-NA,63,0,0,0,96,96,C
6-NA,64,0,95,0,0,95,T
6-NA,65,0,100,0,0,100,T
6-NA,66,0,0,0,100,100,C
6-NA,67,0,99,0,0,99,T
6-NA,68,0,100,0,0,100,T
6-NA,69,0,0,0,100,100,C
6-NA,70,100,0,0,0,100,A
6-NA,71,0,100,0,0,100,T
6-NA,72,0,0,100,0,100,G
6-NA,73,0,0,0,102,102,C
6-NA,74,102,0,0,0,102,A
6-NA,75,102,0,0,0,102,A
6-NA,76,102,0,0,0,102,A
6-NA,77,0,104,0,0,104,T
6-NA,78,0,104,0,0,104,T
6-NA,79,0,0,104,0,104,G
6-NA,80,0,0,0,104,104,C
6-NA,81,0,0,0,104,104,C
6-NA,82,104,0,0,0,104,A
6-NA,83,0,104,0,0,104,T
6-NA,84,0,0,0,114,114,C
6-NA,85,0,114,0,0,114,T
6-NA,86,0,114,0,0,114,T
6-NA,87,0,1,118,0,119,G
6-NA,88,120,0,0,0,120,A
6-NA,89,0,121,0,0,121,T
6-NA,90,122,0,0,0,122,A
6-NA,91,122,0,0,0,122,A
6-NA,92,0,0,0,140,140,C
6-NA,93,0,139,0,0,139,T
6-NA,94,141,0,0,0,141,A
6-NA,95,0,0,0,147,147,C
6-NA,96,0,147,0,0,147,T
6-NA,97,0,1,148,0,149,G
6-NA,98,0,150,0,0,150,T
6-NA,99,150,0,0,0,150,A
6-NA,100,152,0,0,0,152,A
6-NA,101,0,0,0,149,149,C
6-NA,102,149,0,0,0,149,A
6-NA,103,0,151,0,0,151,T
6-NA,104,0,150,0,0,150,T
6-NA,105,0,0,150,0,150,G
6-NA,106,0,0,0,148,148,C
6-NA,107,150,0,0,0,150,A
6-NA,108,0,151,0,0,151,T
6-NA,109,0,151,0,0,151,T
6-NA,110,0,149,0,0,149,T
6-NA,111,0,0,0,150,150,C
6-NA,112,152,0,0,0,152,A
6-NA,113,152,0,0,0,152,A
6-NA,114,0,0,152,0,152,G
6-NA,115,0,0,0,153,153,C
6-NA,116,152,0,0,0,152,A
6-NA,117,159,0,0,0,159,A
6-NA,118,0,157,0,0,157,T
6-NA,119,159,0,0,0,159,A
6-NA,120,0,159,0,0,159,T
6-NA,121,1,1,159,0,161,G
6-NA,122,159,0,0,0,159,A
6-NA,123,161,0,0,0,161,A
6-NA,124,0,159,0,1,160,T
6-NA,125,0,161,0,0,161,T
6-NA,126,0,0,0,159,159,C
6-NA,127,160,0,0,0,160,A
6-NA,128,158,0,1,0,159,A
6-NA,129,0,0,0,159,159,C
6-NA,130,0,0,0,147,147,C
6-NA,131,0,0,0,156,156,C
6-NA,132,0,0,0,161,161,C
6-NA,133,0,0,0,158,158,C
6-NA,134,1,0,0,159,160,C
6-NA,135,0,0,0,162,162,C
6-NA,136,0,0,0,165,165,C
6-NA,137,0,0,0,164,164,C
6-NA,138,163,0,0,0,163,A
6-NA,139,163,0,0,0,163,A
6-NA,140,164,0,0,0,164,A
6-NA,141,0,0,0,166,166,C
6-NA,142,163,0,0,0,163,A
6-NA,143,172,0,0,0,172,A
6-NA,144,0,0,0,169,169,C
6-NA,145,0,0,0,163,163,C
6-NA,146,163,0,0,0,163,A
6-NA,147,166,0,0,0,166,A
6-NA,148,0,0,172,0,172,G
6-NA,149,0,173,0,0,173,T
6-NA,150,0,0,171,0,171,G
6-NA,151,176,0,0,0,176,A
6-NA,152,0,174,0,0,174,T
6-NA,153,0,0,174,0,174,G
6-NA,154,0,0,0,174,174,C
6-NA,155,0,173,0,0,173,T
6-NA,156,0,0,185,0,185,G
6-NA,157,0,180,0,0,180,T
6-NA,158,0,0,182,0,182,G
6-NA,159,0,182,0,0,182,T
6-NA,160,0,1,179,0,180,G
6-NA,161,180,0,1,0,181,A
6-NA,162,182,0,0,0,182,A
6-NA,163,0,0,0,182,182,C
6-NA,164,0,0,0,183,183,C
6-NA,165,179,0,0,0,179,A
6-NA,166,178,0,0,0,178,A
6-NA,167,0,0,0,186,186,C
6-NA,168,186,0,0,0,186,A
6-NA,169,188,0,1,0,189,A
6-NA,170,0,190,0,0,190,T
6-NA,171,190,0,0,0,190,A
6-NA,172,188,0,0,0,188,A
6-NA,173,0,188,0,0,188,T
6-NA,174,185,0,0,0,185,A
6-NA,175,0,1,183,0,184,G
6-NA,176,181,0,0,0,181,A
6-NA,177,185,0,0,0,185,A
6-NA,178,184,0,0,0,184,A
6-NA,179,0,0,185,0,185,G
6-NA,180,188,0,0,0,188,A
6-NA,181,192,0,0,0,192,A
6-NA,182,204,0,0,0,204,A
6-NA,183,0,0,0,205,205,C
6-NA,184,206,0,0,0,206,A
6-NA,185,0,208,0,0,208,T
6-NA,186,211,0,0,0,211,A
6-NA,187,210,0,0,0,210,A
6-NA,188,0,0,0,210,210,C
6-NA,189,209,0,0,0,209,A
6-NA,190,0,0,218,0,218,G
6-NA,191,211,0,0,0,211,A
6-NA,192,0,1,209,0,210,G
6-NA,193,211,0,0,0,211,A
6-NA,194,0,218,0,0,218,T
6-NA,195,215,0,0,0,215,A
6-NA,196,0,0,218,0,218,G
6-NA,197,0,215,0,1,216,T
6-NA,198,1,0,223,0,224,G
6-NA,199,0,226,0,0,226,T
6-NA,200,226,0,0,0,226,A
6-NA,201,0,225,0,0,225,T
6-NA,202,0,0,0,226,226,C
6-NA,203,0,216,0,0,216,T
6-NA,204,0,1,227,0,228,G
6-NA,205,230,0,0,0,230,A
6-NA,206,0,0,0,229,229,C
6-NA,207,0,0,0,228,228,C
6-NA,208,225,0,0,0,225,A
6-NA,209,227,0,0,0,227,A
6-NA,210,0,1,0,235,236,C
6-NA,211,233,0,0,0,233,A
6-NA,212,0,0,0,243,243,C
6-NA,213,1,0,0,240,241,C
6-NA,214,242,0,0,0,242,A
6-NA,215,0,0,0,249,249,C
6-NA,216,0,0,0,247,247,C
6-NA,217,250,0,0,0,250,A
6-NA,218,0,248,0,0,248,T
6-NA,219,246,0,0,0,246,A
6-NA,220,0,0,250,0,250,G
6-NA,221,240,0,0,0,240,A
6-NA,222,1,0,246,0,247,G
6-NA,223,246,0,0,0,246,A
6-NA,224,237,0,1,0,238,A
6-NA,225,0,0,245,0,245,G
6-NA,226,0,0,244,0,244,G
6-NA,227,243,1,0,0,244,A
6-NA,228,247,0,0,0,247,A
6-NA,229,248,0,0,0,248,A
6-NA,230,0,248,0,0,248,T
6-NA,231,240,0,4,0,244,A
6-NA,232,0,243,0,0,243,T
6-NA,233,0,0,245,0,245,G
6-NA,234,0,0,0,245,245,C
6-NA,235,1,0,0,242,243,C
6-NA,236,0,0,0,246,246,C
6-NA,237,0,0,0,243,243,C
6-NA,238,245,0,0,0,245,A
6-NA,239,249,0,0,0,249,A
6-NA,240,251,0,0,0,251,A
6-NA,241,0,0,0,251,251,C
6-NA,242,0,252,0,0,252,T
6-NA,243,247,0,1,0,248,A
6-NA,244,0,0,250,0,250,G
6-NA,245,0,0,0,246,246,C
6-NA,246,249,0,1,0,250,A
6-NA,247,0,0,253,0,253,G
6-NA,248,248,0,0,0,248,A
6-NA,249,257,0,0,0,257,A
6-NA,250,0,259,0,0,259,T
6-NA,251,257,0,0,0,257,A
6-NA,252,0,0,0,256,256,C
6-NA,253,257,0,0,0,257,A
6-NA,254,0,1,255,0,256,G
6-NA,255,255,0,0,0,255,A
6-NA,256,255,0,0,0,255,A
6-NA,257,255,0,0,0,255,A
6-NA,258,0,245,0,0,245,T
6-NA,259,0,243,0,0,243,T
6-NA,260,0,1,245,0,246,G
6-NA,261,0,0,243,0,243,G
6-NA,262,0,242,0,2,244,T
6-NA,263,0,0,0,245,245,C
6-NA,264,244,0,0,0,244,A
6-NA,265,245,0,0,0,245,A
6-NA,266,242,0,1,0,243,A
6-NA,267,0,0,241,0,241,G
6-NA,268,0,0,0,245,245,C
6-NA,269,0,1,0,243,244,C
6-NA,270,0,0,243,0,243,G
6-NA,271,0,0,0,244,244,C
6-NA,272,244,0,0,0,244,A
6-NA,273,247,0,1,0,248,A
6-NA,274,0,247,0,0,247,T
6-NA,275,0,0,246,0,246,G
6-NA,276,0,244,0,0,244,T
6-NA,277,0,0,245,0,245,G
6-NA,278,248,0,0,0,248,A
6-NA,279,0,0,0,250,250,C
6-NA,280,248,0,0,0,248,A
6-NA,281,0,250,0,0,250,T
6-NA,282,0,249,0,0,249,T
6-NA,283,249,0,0,0,249,A
6-NA,284,0,0,0,249,249,C
6-NA,285,248,0,0,0,248,A
6-NA,286,0,1,248,0,249,G
6-NA,287,0,0,249,0,249,G
6-NA,288,248,0,1,0,249,A
6-NA,289,0,247,0,0,247,T
6-NA,290,0,248,0,0,248,T
6-NA,291,0,250,0,0,250,T
6-NA,292,0,0,248,0,248,G
6-NA,293,0,0,0,250,250,C
6-NA,294,247,0,0,0,247,A
6-NA,295,0,0,0,247,247,C
6-NA,296,0,0,0,247,247,C
6-NA,297,0,244,0,0,244,T
6-NA,298,0,246,0,0,246,T
6-NA,299,0,247,0,0,247,T
6-NA,300,0,246,0,0,246,T
6-NA,301,0,256,0,0,256,T
6-NA,302,0,0,0,258,258,C
6-NA,303,0,259,0,0,259,T
6-NA,304,257,0,1,0,258,A
6-NA,305,258,0,0,0,258,A
6-NA,306,0,0,260,0,260,G
6-NA,307,0,1,259,0,260,G
6-NA,308,260,0,0,0,260,A
6-NA,309,0,0,0,259,259,C
6-NA,310,252,0,0,0,252,A
6-NA,311,254,0,0,0,254,A
6-NA,312,0,252,0,0,252,T
6-NA,313,0,254,0,0,254,T
6-NA,314,1,0,0,259,260,C
6-NA,315,0,2,258,0,260,G
6-NA,316,258,0,0,0,258,A
6-NA,317,0,259,0,0,259,T
6-NA,318,0,256,0,0,256,T
6-NA,319,255,0,0,0,255,A
6-NA,320,0,0,251,0,251,G
6-NA,321,0,0,256,0,256,G
6-NA,322,0,0,0,255,255,C
6-NA,323,0,251,0,0,251,T
6-NA,324,0,256,0,0,256,T
6-NA,325,0,255,0,0,255,T
6-NA,326,0,0,0,255,255,C
6-NA,327,0,0,0,255,255,C
6-NA,328,0,0,255,0,255,G
6-NA,329,0,0,0,256,256,C
6-NA,330,0,253,0,0,253,T
6-NA,331,0,1,263,0,264,G
6-NA,332,1,0,263,0,264,G
6-NA,333,0,262,0,1,263,T
6-NA,334,0,0,266,0,266,G
6-NA,335,1,0,261,0,262,G
6-NA,336,0,1,264,0,265,G
6-NA,337,0,0,267,0,267,G
6-NA,338,264,0,0,0,264,A
6-NA,339,0,0,0,268,268,C
6-NA,340,266,0,0,0,266,A
6-NA,341,0,264,0,0,264,T
6-NA,342,0,0,0,264,264,C
6-NA,343,0,264,0,0,264,T
6-NA,344,0,0,264,0,264,G
6-NA,345,0,0,263,0,263,G
6-NA,346,0,0,275,0,275,G
6-NA,347,0,272,0,0,272,T
6-NA,348,6,0,266,0,272,G
6-NA,349,271,0,0,0,271,A
6-NA,350,0,0,0,277,277,C
6-NA,351,278,0,0,0,278,A
6-NA,352,282,0,0,0,282,A
6-NA,353,0,0,283,0,283,G
6-NA,354,282,0,0,0,282,A
6-NA,355,0,0,282,0,282,G
6-NA,356,289,0,0,0,289,A
6-NA,357,293,0,0,0,293,A
6-NA,358,0,0,0,325,325,C
6-NA,359,1,0,0,333,334,C
6-NA,360,0,335,0,0,335,T
6-NA,361,0,335,0,0,335,T
6-NA,362,337,0,0,0,337,A
6-NA,363,0,333,0,0,333,T
6-NA,364,0,0,350,0,350,G
6-NA,365,0,352,0,0,352,T
6-NA,366,0,0,356,0,356,G
6-NA,367,0,346,0,0,346,T
6-NA,368,0,0,0,345,345,C
6-NA,369,349,0,0,1,350,A
6-NA,370,0,349,0,0,349,T
6-NA,371,1,0,348,0,349,G
6-NA,372,0,0,0,347,347,C
6-NA,373,0,0,344,0,344,G
6-NA,374,376,0,0,0,376,A
6-NA,375,0,378,0,0,378,T
6-NA,376,0,0,0,377,377,C
6-NA,377,0,0,0,380,380,C
6-NA,378,0,386,0,0,386,T
6-NA,379,0,1,385,0,386,G
6-NA,380,383,0,0,0,383,A
6-NA,381,0,0,0,388,388,C
6-NA,382,388,0,0,0,388,A
6-NA,383,379,0,0,0,379,A
6-NA,384,0,0,395,0,395,G
6-NA,385,0,389,0,0,389,T
6-NA,386,0,0,405,0,405,G
6-NA,387,0,400,0,0,400,T
6-NA,388,0,401,1,0,402,T
6-NA,389,402,0,0,0,402,A
6-NA,390,0,397,0,0,397,T
6-NA,391,0,0,0,409,409,C
6-NA,392,408,0,0,0,408,A
6-NA,393,406,0,0,0,406,A
6-NA,394,0,403,0,1,404,T
6-NA,395,0,400,0,0,400,T
6-NA,396,0,403,0,1,404,T
6-NA,397,0,0,404,0,404,G
6-NA,398,0,0,0,423,423,C
6-NA,399,0,2,0,423,425,C
6-NA,400,0,0,0,431,431,C
6-NA,401,0,430,0,0,430,T
6-NA,402,0,430,0,1,431,T
6-NA,403,0,0,438,0,438,G
6-NA,404,0,0,436,0,436,G
6-NA,405,435,0,0,0,435,A
6-NA,406,0,0,0,438,438,C
6-NA,407,418,0,0,0,418,A
6-NA,408,0,0,430,0,430,G
6-NA,409,0,1,428,0,429,G
6-NA,410,0,0,441,0,441,G
6-NA,411,438,0,0,0,438,A
6-NA,412,442,0,2,0,444,A
6-NA,413,0,0,0,447,447,C
6-NA,414,448,0,0,0,448,A
6-NA,415,495,0,0,0,495,A
6-NA,416,0,0,0,500,500,C
6-NA,417,499,0,0,0,499,A
6-NA,418,0,0,0,516,516,C
6-NA,419,0,507,0,0,507,T
6-NA,420,513,0,0,0,513,A
6-NA,421,510,0,1,0,511,A
6-NA,422,515,0,0,0,515,A
6-NA,423,0,0,0,512,512,C
6-NA,424,491,0,0,0,491,A
6-NA,425,492,0,1,0,493,A
6-NA,426,0,0,0,495,495,C
6-NA,427,0,0,496,0,496,G
6-NA,428,0,491,0,0,491,T
6-NA,429,7,0,478,0,485,G
6-NA,430,0,0,0,488,488,C
6-NA,431,487,0,1,0,488,A
6-NA,432,1,491,0,0,492,T
6-NA,433,0,496,0,0,496,T
6-NA,434,1,1,0,513,515,C
6-NA,435,538,0,0,0,538,A
6-NA,436,537,0,0,0,537,A
6-NA,437,533,0,0,0,533,A
6-NA,438,0,532,0,0,532,T
6-NA,439,524,0,1,0,525,A
6-NA,440,543,0,0,0,543,A
6-NA,441,0,0,0,548,548,C
6-NA,442,547,0,0,0,547,A
6-NA,443,0,0,0,565,565,C
6-NA,444,532,0,1,0,533,A
6-NA,445,0,0,621,0,621,G
6-NA,446,0,620,0,0,620,T
6-NA,447,634,0,0,0,634,A
6-NA,448,0,0,0,630,630,C
6-NA,449,0,1,625,0,626,G
6-NA,450,1,658,0,0,659,T
6-NA,451,0,1,653,0,654,G
6-NA,452,657,0,0,0,657,A
6-NA,453,0,659,0,0,659,T
6-NA,454,613,0,0,0,613,A
6-NA,455,0,0,610,0,610,G
6-NA,456,1,1,604,0,606,G
6-NA,457,608,0,0,0,608,A
6-NA,458,0,0,0,608,608,C
6-NA,459,1,1,0,592,594,C
6-NA,460,1,0,0,605,606,C
6-NA,461,1,1,0,604,606,C
6-NA,462,0,619,0,0,619,T
6-NA,463,0,626,0,0,626,T
6-NA,464,631,0,0,0,631,A
6-NA,465,1,630,0,1,632,T
6-NA,466,15,0,0,609,624,C
6-NA,467,0,2,616,0,618,G
6-NA,468,0,0,610,0,610,G
6-NA,469,607,0,0,0,607,A
6-NA,470,1,0,0,626,627,C
6-NA,471,1,0,0,614,615,C
6-NA,472,1,0,0,650,651,C
6-NA,473,0,647,0,4,651,T
6-NA,474,666,0,0,0,666,A
6-NA,475,0,660,0,0,660,T
6-NA,476,0,662,0,0,662,T
6-NA,477,0,1,662,1,664,G
6-NA,478,653,0,0,0,653,A
6-NA,479,0,653,0,0,653,T
6-NA,480,0,4,652,0,656,G
6-NA,481,630,1,0,0,631,A
6-NA,482,628,0,0,0,628,A
6-NA,483,0,637,0,0,637,T
6-NA,484,0,0,646,0,646,G
6-NA,485,655,0,0,0,655,A
6-NA,486,0,0,662,0,662,G
6-NA,487,0,664,0,0,664,T
6-NA,488,0,669,0,0,669,T
6-NA,489,672,0,0,0,672,A
6-NA,490,0,0,666,0,666,G
6-NA,491,0,0,661,0,661,G
6-NA,492,0,663,0,0,663,T
6-NA,493,0,0,666,0,666,G
6-NA,494,0,661,0,0,661,T
6-NA,495,0,651,0,0,651,T
6-NA,496,0,0,0,658,658,C
6-NA,497,1,0,0,667,668,C
6-NA,498,0,662,0,5,667,T
6-NA,499,0,663,0,0,663,T
6-NA,500,0,661,0,0,661,T
6-NA,501,0,661,0,0,661,T
6-NA,502,0,0,1,668,669,C
6-NA,503,663,0,0,0,663,A
6-NA,504,0,681,0,0,681,T
6-NA,505,0,1,0,675,676,C
6-NA,506,0,670,0,1,671,T
6-NA,507,0,1,667,0,668,G
6-NA,508,1,1,660,0,662,G
6-NA,509,0,1,666,0,667,G
6-NA,510,0,2,679,0,681,G
6-NA,511,671,0,1,0,672,A
6-NA,512,0,0,0,687,687,C
6-NA,513,0,0,0,671,671,C
6-NA,514,682,0,0,0,682,A
6-NA,515,682,0,0,0,682,A
6-NA,516,0,0,683,0,683,G
6-NA,517,0,0,0,687,687,C
6-NA,518,684,0,0,0,684,A
6-NA,519,689,0,0,0,689,A
6-NA,520,0,0,692,0,692,G
6-NA,521,0,686,0,0,686,T
6-NA,522,0,0,698,0,698,G
6-NA,523,0,689,0,0,689,T
6-NA,524,0,0,697,0,697,G
6-NA,525,0,0,0,696,696,C
6-NA,526,695,0,1,0,696,A
6-NA,527,0,692,0,1,693,T
6-NA,528,3,3,674,0,680,G
6-NA,529,0,0,695,0,695,G
6-NA,530,0,0,0,694,694,C
6-NA,531,693,1,0,0,694,A
6-NA,532,0,696,0,0,696,T
6-NA,533,1,1,694,0,696,G
6-NA,534,0,0,1096,0,1096,G
6-NA,535,0,1106,0,0,1106,T
6-NA,536,2,0,0,1101,1103,C
6-NA,537,4,0,0,1211,1215,C
6-NA,538,1395,0,0,1,1396,A
6-NA,539,0,0,1815,1,1816,G
6-NA,540,0,0,0,1865,1865,C
6-NA,541,0,1852,0,2,1854,T
6-NA,542,3,4,0,1879,1886,C
6-NA,543,1876,0,0,0,1876,A
6-NA,544,2025,1,0,0,2026,A
6-NA,545,0,0,2056,0,2056,G
6-NA,546,0,2084,0,0,2084,T
6-NA,547,0,2099,0,1,2100,T
6-NA,548,0,0,2140,0,2140,G
6-NA,549,0,2144,0,1,2145,T
6-NA,550,15,0,1,2133,2149,C
6-NA,551,2149,0,0,0,2149,A
6-NA,552,7,5,0,2214,2226,C
6-NA,553,0,7,2221,0,2228,G
6-NA,554,2427,0,1,0,2428,A
6-NA,555,0,2466,0,0,2466,T
6-NA,556,1,4,2648,0,2653,G
6-NA,557,0,5,2699,0,2704,G
6-NA,558,2698,0,4,1,2703,A
6-NA,559,2722,0,0,0,2722,A
6-NA,560,2829,0,0,0,2829,A
6-NA,561,2877,0,8,0,2885,A
6-NA,562,0,0,3018,0,3018,G
6-NA,563,1,1,0,3025,3027,C
6-NA,564,3023,1,1,0,3025,A
6-NA,565,0,3065,0,0,3065,T
6-NA,566,2,18,3204,0,3224,G
6-NA,567,1,0,3277,0,3278,G
6-NA,568,1,0,0,3393,3394,C
6-NA,569,0,3389,0,0,3389,T
6-NA,570,2,1,3459,0,3462,G
6-NA,571,1,4,0,3457,3462,C
6-NA,572,3479,0,4,0,3483,A
6-NA,573,0,3895,0,1,3896,T
6-NA,574,1,2,3925,1,3929,G
6-NA,575,0,4025,0,0,4025,T
6-NA,576,1,4280,0,3,4284,T
6-NA,577,0,4294,0,3,4297,T
6-NA,578,1,0,5075,0,5076,G
6-NA,579,0,5061,0,1,5062,T
6-NA,580,5105,1,0,0,5106,A
6-NA,581,0,5158,0,0,5158,T
6-NA,582,5161,0,1,1,5163,A
6-NA,583,5222,0,6,1,5229,A
6-NA,584,0,9,0,5212,5221,C
6-NA,585,1,17,5192,0,5210,G
6-NA,586,5,12,5249,0,5266,G
6-NA,587,2,9,5206,0,5217,G
6-NA,588,0,14,5262,0,5276,G
6-NA,589,0,10,5293,0,5303,G
6-NA,590,5285,1,3,0,5289,A
6-NA,591,2,5344,1,1,5348,T
6-NA,592,2,27,5354,1,5384,G
6-NA,593,5460,2,7,0,5469,A
6-NA,594,0,5518,0,2,5520,T
6-NA,595,5515,0,2,1,5518,A
6-NA,596,5561,0,1,0,5562,A
6-NA,597,5647,1,0,0,5648,A
6-NA,598,5644,0,2,0,5646,A
6-NA,599,5706,1,3,0,5710,A
6-NA,600,1,5708,0,0,5709,T
6-NA,601,2,2,5718,0,5722,G
6-NA,602,0,2,0,5728,5730,C
6-NA,603,5719,1,3,0,5723,A
6-NA,604,5774,0,5,0,5779,A
6-NA,605,0,2,0,5908,5910,C
6-NA,606,1,5913,0,2,5916,T
6-NA,607,2,2,5977,0,5981,G
6-NA,608,1,0,1,5972,5974,C
6-NA,609,1,5980,0,2,5983,T
6-NA,610,5997,0,12,0,6009,A
6-NA,611,1,2,6034,0,6037,G
6-NA,612,0,1,0,6143,6144,C
6-NA,613,1,6143,0,7,6151,T
6-NA,614,0,6134,1,3,6138,T
6-NA,615,14,3,1,6269,6287,C
6-NA,616,6362,0,1,0,6363,A
6-NA,617,0,6397,0,1,6398,T
6-NA,618,0,6413,0,2,6415,T
6-NA,619,0,6465,0,1,6466,T
6-NA,620,6510,0,2,2,6514,A
6-NA,621,1,2,0,6649,6652,C
6-NA,622,6612,0,1,0,6613,A
6-NA,623,6726,0,2,1,6729,A
6-NA,624,1,6741,0,3,6745,T
6-NA,625,0,32,6722,0,6754,G
6-NA,626,1,11,6750,0,6762,G
6-NA,627,0,10,6752,0,6762,G
6-NA,628,6723,0,13,0,6736,A
6-NA,629,4,11,7076,0,7091,G
6-NA,630,0,0,7225,0,7225,G
6-NA,631,1,0,0,8186,8187,C
6-NA,632,0,8166,1,5,8172,T
6-NA,633,0,8322,0,3,8325,T
6-NA,634,0,3,8448,1,8452,G
6-NA,635,0,8456,0,4,8460,T
6-NA,636,8742,1,9,0,8752,A
6-NA,637,3,11,8796,1,8811,G
6-NA,638,8680,1,5,2,8688,A
6-NA,639,2,8708,0,4,8714,T
6-NA,640,8237,1,0,0,8238,A
6-NA,641,0,1,8263,1,8265,G
6-NA,642,2,8198,1,6,8207,T
6-NA,643,6,1,8090,0,8097,G
6-NA,644,1,8709,0,11,8721,T
6-NA,645,1,8727,0,0,8728,T
6-NA,646,2,0,8977,0,8979,G
6-NA,647,2,8967,0,5,8974,T
6-NA,648,0,8998,0,5,9003,T
6-NA,649,1,9011,1,9,9022,T
6-NA,650,35,1,0,8886,8922,C
6-NA,651,8883,3,9,0,8895,A
6-NA,652,0,8868,0,6,8874,T
6-NA,653,3,35,8856,0,8894,G
6-NA,654,1,2,9656,0,9659,G
6-NA,655,1,9602,0,7,9610,T
6-NA,656,42,1,0,9563,9606,C
6-NA,657,31,2,0,9584,9617,C
6-NA,658,9674,1,0,0,9675,A
6-NA,659,9757,1,2,0,9760,A
6-NA,660,9765,1,7,1,9774,A
6-NA,661,1,18,9847,1,9867,G
6-NA,662,9828,0,1,0,9829,A
6-NA,663,9595,1,2,0,9598,A
6-NA,664,9625,1,2,1,9629,A
6-NA,665,2,9638,1,3,9644,T
6-NA,666,18,48,0,10015,10081,C
6-NA,667,20,0,0,10066,10086,C
6-NA,668,1,10038,1,9,10049,T
6-NA,669,18,10,1,10035,10064,C
6-NA,670,10018,1,10,2,10031,A
6-NA,671,1,15,10175,0,10191,G
6-NA,672,0,38,10131,1,10170,G
6-NA,673,10487,1,4,0,10492,A
6-NA,674,2,1,0,10508,10511,C
6-NA,675,21,86,0,10279,10386,C
6-NA,676,31,6,0,10353,10390,C
6-NA,677,10386,0,6,2,10394,A
6-NA,678,1,19,10413,0,10433,G
6-NA,679,0,25,10462,0,10487,G
6-NA,680,10448,0,12,1,10461,A
6-NA,681,0,1,10742,0,10743,G
6-NA,682,1,10601,0,8,10610,T
6-NA,683,50,2,0,10583,10635,C
6-NA,684,10607,2,13,6,10628,A
6-NA,685,3,28,10777,0,10808,G
6-NA,686,10784,2,2,0,10788,A
6-NA,687,10793,0,2,1,10796,A
6-NA,688,0,10751,0,4,10755,T
6-NA,689,1,6,10765,0,10772,G
6-NA,690,4,2,1,10825,10832,C
6-NA,691,7,2,10830,0,10839,G
6-NA,692,0,10810,0,2,10812,T
6-NA,693,25,5,0,10655,10685,C
6-NA,694,0,10880,1,3,10884,T
6-NA,695,3,1,11193,0,11197,G
6-NA,696,2,11254,0,3,11259,T
6-NA,697,11244,1,2,0,11247,A
6-NA,698,0,11235,0,7,11242,T
6-NA,699,31,0,0,11200,11231,C
6-NA,700,11183,0,1,0,11184,A
6-NA,701,11174,1,5,0,11180,A
6-NA,702,0,11189,0,0,11189,T
6-NA,703,5,23,11156,4,11188,G
6-NA,704,1,43,11114,0,11158,G
6-NA,705,11392,0,7,0,11399,A
6-NA,706,11421,2,7,0,11430,A
6-NA,707,0,1,0,11586,11587,C
6-NA,708,0,11622,0,3,11625,T
6-NA,709,1,11613,1,2,11617,T
6-NA,710,1,0,12184,0,12185,G
6-NA,711,1,12180,0,5,12186,T
6-NA,712,12166,1,7,0,12174,A
6-NA,713,2,2,0,12401,12405,C
6-NA,714,12103,2,5,0,12110,A
6-NA,715,2,0,13231,2,13235,G
6-NA,716,0,13127,0,2,13129,T
6-NA,717,13777,2,2,0,13781,A
6-NA,718,6,3,13847,0,13856,G
6-NA,719,0,13625,2,4,13631,T
6-NA,720,13617,1,1,0,13619,A
6-NA,721,13629,0,3,0,13632,A
6-NA,722,0,13605,0,3,13608,T
6-NA,723,2,105,13547,0,13654,G
6-NA,724,13390,3,2,0,13395,A
6-NA,725,2,3,0,13544,13549,C
6-NA,726,0,13169,0,1,13170,T
6-NA,727,1,19,13229,0,13249,G
6-NA,728,13204,0,7,0,13211,A
6-NA,729,0,13292,1,2,13295,T
6-NA,730,8,34,13258,0,13300,G
6-NA,731,1,18,13216,0,13235,G
6-NA,732,1,21,13282,0,13304,G
6-NA,733,13105,1,13,0,13119,A
6-NA,734,1,2,13148,0,13151,G
6-NA,735,1,13063,0,5,13069,T
6-NA,736,6,7,13384,1,13398,G
6-NA,737,4,5,0,13567,13576,C
6-NA,738,1,13545,1,3,13550,T
6-NA,739,1,13548,0,3,13552,T
6-NA,740,25,0,1,13513,13539,C
6-NA,741,13521,1,11,0,13533,A
6-NA,742,0,37,13500,0,13537,G
6-NA,743,2,26,13465,0,13493,G
6-NA,744,9,18,12979,0,13006,G
6-NA,745,13145,2,0,0,13147,A
6-NA,746,13168,1,2,0,13171,A
6-NA,747,13224,0,28,0,13252,A
6-NA,748,1,2,13381,1,13385,G
6-NA,749,4,9,0,13371,13384,C
6-NA,750,0,13347,0,3,13350,T
6-NA,751,1,30,13290,1,13322,G
6-NA,752,13274,1,9,0,13284,A
6-NA,753,1,13465,0,0,13466,T
6-NA,754,13534,0,2,0,13536,A
6-NA,755,0,1,0,14347,14348,C
6-NA,756,0,14262,1,2,14265,T
6-NA,757,14232,0,3,0,14235,A
6-NA,758,14252,1,0,1,14254,A
6-NA,759,14261,1,0,0,14262,A
6-NA,760,14707,1,1,0,14709,A
6-NA,761,0,14700,1,6,14707,T
6-NA,762,14697,2,3,0,14702,A
6-NA,763,1,2,0,14805,14808,C
6-NA,764,1,14168,0,4,14173,T
6-NA,765,14366,2,1,1,14370,A
6-NA,766,2,14327,0,7,14336,T
6-NA,767,3,15076,2,2,15083,T
6-NA,768,59,3,0,15129,15191,C
6-NA,769,14795,2,5,0,14802,A
6-NA,770,0,14784,1,1,14786,T
6-NA,771,2,14732,0,4,14738,T
6-NA,772,6,27,14814,1,14848,G
6-NA,773,14698,2,13,1,14714,A
6-NA,774,2,16,14707,0,14725,G
6-NA,775,0,23,14666,1,14690,G
6-NA,776,13998,2,18,0,14018,A
6-NA,777,2,28,14365,0,14395,G
6-NA,778,0,32,14391,0,14423,G
6-NA,779,3,14,14451,0,14468,G
6-NA,780,5,24,14453,1,14483,G
6-NA,781,14379,1,12,0,14392,A
6-NA,782,14442,1,6,1,14450,A
6-NA,783,14403,0,11,1,14415,A
6-NA,784,14378,1,7,0,14386,A
6-NA,785,2,14405,0,0,14407,T
6-NA,786,54,4,0,14242,14300,C
6-NA,787,4,2,14464,1,14471,G
6-NA,788,1,14421,0,0,14422,T
6-NA,789,1,14401,2,17,14421,T
6-NA,790,65,1,0,14366,14432,C
6-NA,791,14465,1,1,0,14467,A
6-NA,792,2,15500,0,4,15506,T
6-NA,793,15491,1,2,0,15494,A
6-NA,794,3,1,0,15590,15594,C
6-NA,795,3,15524,0,5,15532,T
6-NA,796,15496,0,7,0,15503,A
6-NA,797,4,8,15490,1,15503,G
6-NA,798,4,5,0,15513,15522,C
6-NA,799,15502,1,5,1,15509,A
6-NA,800,1,2,1,15575,15579,C
6-NA,801,14922,0,2,0,14924,A
6-NA,802,1,15209,1,4,15215,T
6-NA,803,1,15115,1,5,15122,T
6-NA,804,4,2,16193,0,16199,G
6-NA,805,1,16121,1,6,16129,T
6-NA,806,62,3,1,16054,16120,C
6-NA,807,16093,3,19,1,16116,A
6-NA,808,8,19,16122,0,16149,G
6-NA,809,1,33,16134,0,16168,G
6-NA,810,16133,0,3,1,16137,A
6-NA,811,15889,0,8,1,15898,A
6-NA,812,1,1,16069,1,16072,G
6-NA,813,0,15254,0,8,15262,T
6-NA,814,1,5,15328,0,15334,G
6-NA,815,4,3,0,15337,15344,C
6-NA,816,0,15347,1,7,15355,T
6-NA,817,62,3,0,15346,15411,C
6-NA,818,15359,0,4,1,15364,A
6-NA,819,12,3,15465,1,15481,G
6-NA,820,2,2,5,15480,15489,C
6-NA,821,15410,0,11,1,15422,A
6-NA,822,0,15441,0,3,15444,T
6-NA,823,10,3,15840,0,15853,G
6-NA,824,0,15839,1,2,15842,T
6-NA,825,67,4,0,15785,15856,C
6-NA,826,8,29,15794,0,15831,G
6-NA,827,15749,1,3,1,15754,A
6-NA,828,3,18,15727,0,15748,G
6-NA,829,1,47,15688,0,15736,G
6-NA,830,15523,1,8,0,15532,A
6-NA,831,0,4,15832,1,15837,G
6-NA,832,1,15336,0,8,15345,T
6-NA,833,5,4,15479,0,15488,G
6-NA,834,5,2,0,15674,15681,C
6-NA,835,1,15636,1,10,15648,T
6-NA,836,52,0,0,15593,15645,C
6-NA,837,112,15273,2,19,15406,T
6-NA,838,1,15594,0,7,15602,T
6-NA,839,1,9,15610,1,15621,G
6-NA,840,3,0,0,15620,15623,C
6-NA,841,1,15526,1,11,15539,T
6-NA,842,15558,2,1,0,15561,A
6-NA,843,0,15324,0,2,15326,T
6-NA,844,22,0,1,15499,15522,C
6-NA,845,20,4,0,15480,15504,C
6-NA,846,1,15512,1,4,15518,T
6-NA,847,24,7,0,15541,15572,C
6-NA,848,4,28,15539,0,15571,G
6-NA,849,15680,1,5,0,15686,A
6-NA,850,0,15686,0,9,15695,T
6-NA,851,15706,1,7,1,15715,A
6-NA,852,2,15672,2,5,15681,T
6-NA,853,13,0,3,15576,15592,C
6-NA,854,19,2,0,15488,15509,C
6-NA,855,1,15450,0,3,15454,T
6-NA,856,3,28,15328,1,15360,G
6-NA,857,4,3,15310,0,15317,G
6-NA,858,5,11,0,15237,15253,C
6-NA,859,5,1,15497,0,15503,G
6-NA,860,0,15572,1,23,15596,T
6-NA,861,49,2,2,15560,15613,C
6-NA,862,15650,5,4,0,15659,A
6-NA,863,1,16,15726,0,15743,G
6-NA,864,15712,2,11,1,15726,A
6-NA,865,1,15614,2,2,15619,T
6-NA,866,2,6,15672,1,15681,G
6-NA,867,1,15577,0,3,15581,T
6-NA,868,3,1,15632,2,15638,G
6-NA,869,2,15595,1,12,15610,T
6-NA,870,48,1,0,15612,15661,C
6-NA,871,1,15603,1,18,15623,T
6-NA,872,7,3,15670,0,15680,G
6-NA,873,3,7,0,15662,15672,C
6-NA,874,15642,3,13,1,15659,A
6-NA,875,80,24,15572,0,15676,G
6-NA,876,15395,1,14,0,15410,A
6-NA,877,3,23,15430,0,15456,G
6-NA,878,15425,0,4,1,15430,A
6-NA,879,2,3,0,15577,15582,C
6-NA,880,15535,2,7,0,15544,A
6-NA,881,15645,2,3,0,15650,A
6-NA,882,2,5,0,15761,15768,C
6-NA,883,2,15725,1,3,15731,T
6-NA,884,8,18,15738,1,15765,G
6-NA,885,2,16,15713,0,15731,G
6-NA,886,15677,1,9,0,15687,A
6-NA,887,15657,0,6,0,15663,A
6-NA,888,15326,2,20,0,15348,A
6-NA,889,3,15,15593,0,15611,G
6-NA,890,4,6,15555,0,15565,G
6-NA,891,7,3,0,15536,15546,C
6-NA,892,5,15400,2,25,15432,T
6-NA,893,43,4,0,15753,15800,C
6-NA,894,26,0,0,15961,15987,C
6-NA,895,16071,2,4,0,16077,A
6-NA,896,16054,0,4,0,16058,A
6-NA,897,1,16064,0,5,16070,T
6-NA,898,15450,1,7,0,15458,A
6-NA,899,0,23,15420,0,15443,G
6-NA,900,3,3,15460,0,15466,G
6-NA,901,5,4,1,15466,15476,C
6-NA,902,13,6,0,15171,15190,C
6-NA,903,40,190,0,14754,14984,C
6-NA,904,15138,0,2,0,15140,A
6-NA,905,1,15283,0,5,15289,T
6-NA,906,21,1,0,15293,15315,C
6-NA,907,14,1,15348,0,15363,G
6-NA,908,1,15050,0,141,15192,T
6-NA,909,14900,0,6,1,14907,A
6-NA,910,1,16,15327,0,15344,G
6-NA,911,15377,0,11,1,15389,A
6-NA,912,1,15472,0,1,15474,T
6-NA,913,15136,0,2,0,15138,A
6-NA,914,2,14979,0,3,14984,T
6-NA,915,14978,0,3,0,14981,A
6-NA,916,14948,2,3,2,14955,A
6-NA,917,15336,1,7,2,15346,A
6-NA,918,1,18,0,15759,15778,C
6-NA,919,15288,2,3,0,15293,A
6-NA,920,2,15257,2,3,15264,T
6-NA,921,15150,1,2,1,15154,A
6-NA,922,15153,1,3,0,15157,A
6-NA,923,15139,2,11,1,15153,A
6-NA,924,2,30,15372,2,15406,G
6-NA,925,2,42,15528,0,15572,G
6-NA,926,15035,0,1,0,15036,A
6-NA,927,0,14890,0,10,14900,T
6-NA,928,42,1,0,14902,14945,C
6-NA,929,15052,1,42,0,15095,A
6-NA,930,2,15112,1,3,15118,T
6-NA,931,15092,2,8,0,15102,A
6-NA,932,0,6,15226,1,15233,G
6-NA,933,1,4,0,14979,14984,C
6-NA,934,14660,2,1,0,14663,A
6-NA,935,1,14225,1,3,14230,T
6-NA,936,2,14288,1,2,14293,T
6-NA,937,5,1,14782,1,14789,G
6-NA,938,0,14793,2,6,14801,T
6-NA,939,1,15044,1,6,15052,T
6-NA,940,0,15008,0,6,15014,T
6-NA,941,39,2,0,14932,14973,C
6-NA,942,17,9,0,15024,15050,C
6-NA,943,15246,1,8,0,15255,A
6-NA,944,1,0,15493,1,15495,G
6-NA,945,1,15440,1,9,15451,T
6-NA,946,0,14895,0,2,14897,T
6-NA,947,14914,2,1,0,14917,A
6-NA,948,1,14762,2,0,14765,T
6-NA,949,4,6,14767,1,14778,G
6-NA,950,5,14639,2,7,14653,T
6-NA,951,7,0,14749,0,14756,G
6-NA,952,0,14315,0,13,14328,T
6-NA,953,7,3,14760,0,14770,G
6-NA,954,1,14753,0,4,14758,T
6-NA,955,1,14695,0,4,14700,T
6-NA,956,70,3,0,14637,14710,C
6-NA,957,14561,3,17,1,14582,A
6-NA,958,1,25,14623,0,14649,G
6-NA,959,0,38,14592,0,14630,G
6-NA,960,14507,0,5,1,14513,A
6-NA,961,2,3,0,14563,14568,C
6-NA,962,0,14152,0,3,14155,T
6-NA,963,1,14184,0,1,14186,T
6-NA,964,1,4,14704,0,14709,G
6-NA,965,2,14705,0,4,14711,T
6-NA,966,0,14699,0,8,14707,T
6-NA,967,2,20,14606,0,14628,G
6-NA,968,1,42,14570,0,14613,G
6-NA,969,14571,4,20,0,14595,A
6-NA,970,2,50,14604,0,14656,G
6-NA,971,14605,1,20,1,14627,A
6-NA,972,4,4,0,14565,14573,C
6-NA,973,14022,0,9,1,14032,A
6-NA,974,1,9,0,14068,14078,C
6-NA,975,14069,1,8,6,14084,A
6-NA,976,3,4,0,14259,14266,C
6-NA,977,12,1,1,14127,14141,C
6-NA,978,34,4,2,14113,14153,C
6-NA,979,14125,0,7,3,14135,A
6-NA,980,2,22,14183,0,14207,G
6-NA,981,14183,0,3,1,14187,A
6-NA,982,14299,0,3,1,14303,A
6-NA,983,14186,1,0,1,14188,A
6-NA,984,14166,0,1,3,14170,A
6-NA,985,14076,0,15,1,14092,A
6-NA,986,14102,0,4,5,14111,A
6-NA,987,3,11,0,14127,14141,C
6-NA,988,2,80,14019,1,14102,G
6-NA,989,14052,0,7,0,14059,A
6-NA,990,1,4,0,14064,14069,C
6-NA,991,13993,1,10,1,14005,A
6-NA,992,1,1,14165,0,14167,G
6-NA,993,3,1,0,14677,14681,C
6-NA,994,3,14562,1,12,14578,T
6-NA,995,38,4,1,14629,14672,C
6-NA,996,22,3,1,14694,14720,C
6-NA,997,14751,0,14,0,14765,A
6-NA,998,2,3,14904,0,14909,G
6-NA,999,4,7,1,14910,14922,C
6-NA,1000,14865,0,3,0,14868,A
6-NA,1001,5,1,14849,0,14855,G
6-NA,1002,2,14236,0,4,14242,T
6-NA,1003,14261,1,7,1,14270,A
6-NA,1004,2,2,14277,1,14282,G
6-NA,1005,7,2,0,14299,14308,C
6-NA,1006,35,1,0,14295,14331,C
6-NA,1007,14113,1,5,0,14119,A
6-NA,1008,1,14106,0,4,14111,T
6-NA,1009,4,14122,0,3,14129,T
6-NA,1010,5,0,14575,0,14580,G
6-NA,1011,1,14475,3,5,14484,T
6-NA,1012,1,14419,0,4,14424,T
6-NA,1013,6,14375,1,13,14395,T
6-NA,1014,0,42,14218,1,14261,G
6-NA,1015,4,27,14444,0,14475,G
6-NA,1016,14405,3,4,0,14412,A
6-NA,1017,0,14470,0,10,14480,T
6-NA,1018,24,0,0,14438,14462,C
6-NA,1019,23,4,0,14186,14213,C
6-NA,1020,9,14217,0,11,14237,T
6-NA,1021,14252,0,18,0,14270,A
6-NA,1022,14313,0,8,0,14321,A
6-NA,1023,1,5,0,14591,14597,C
6-NA,1024,14181,0,1,2,14184,A
6-NA,1025,14432,1,1,3,14437,A
6-NA,1026,1,14418,1,4,14424,T
6-NA,1027,5,19,14604,0,14628,G
6-NA,1028,14561,3,16,1,14581,A
6-NA,1029,14499,4,26,0,14529,A
6-NA,1030,3,15,14597,0,14615,G
6-NA,1031,14546,0,6,0,14552,A
6-NA,1032,14117,1,9,0,14127,A
6-NA,1033,1,21,14203,1,14226,G
6-NA,1034,4,2,14194,0,14200,G
6-NA,1035,0,13949,0,4,13953,T
6-NA,1036,7,32,13912,1,13952,G
6-NA,1037,2,1,14398,0,14401,G
6-NA,1038,1,14334,1,14,14350,T
6-NA,1039,113,4,0,14202,14319,C
6-NA,1040,14300,0,3,0,14303,A
6-NA,1041,2,14292,1,5,14300,T
6-NA,1042,6,23,14252,0,14281,G
6-NA,1043,1,27,14399,0,14427,G
6-NA,1044,14273,1,21,0,14295,A
6-NA,1045,2,0,14813,0,14815,G
6-NA,1046,1,14176,1,6,14184,T
6-NA,1047,2,25,14169,0,14196,G
6-NA,1048,14136,3,10,0,14149,A
6-NA,1049,14174,1,4,1,14180,A
6-NA,1050,14204,3,22,0,14229,A
6-NA,1051,1,14,14325,0,14340,G
6-NA,1052,2,2,14137,0,14141,G
6-NA,1053,4,2,0,14123,14129,C
6-NA,1054,1,13669,0,8,13678,T
6-NA,1055,1,29,13691,1,13722,G
6-NA,1056,5,18,13660,1,13684,G
6-NA,1057,2,1,13861,0,13864,G
6-NA,1058,8,3,0,13875,13886,C
6-NA,1059,17,4,0,13875,13896,C
6-NA,1060,1,13743,1,17,13762,T
6-NA,1061,2,13778,0,8,13788,T
6-NA,1062,2,13798,1,1,13802,T
6-NA,1063,3,19,13828,0,13850,G
6-NA,1064,13805,1,7,0,13813,A
6-NA,1065,2,13702,1,4,13709,T
6-NA,1066,1,19,13488,0,13508,G
6-NA,1067,13301,2,9,0,13312,A
6-NA,1068,1,13358,1,3,13363,T
6-NA,1069,2,20,13426,0,13448,G
6-NA,1070,4,24,13688,1,13717,G
6-NA,1071,13677,1,3,0,13681,A
6-NA,1072,13697,0,5,2,13704,A
6-NA,1073,13703,0,3,1,13707,A
6-NA,1074,1,13628,1,65,13695,T
6-NA,1075,8,29,13697,1,13735,G
6-NA,1076,13698,2,14,1,13715,A
6-NA,1077,2,4,0,13714,13720,C
6-NA,1078,7,3,13817,0,13827,G
6-NA,1079,5,13369,0,20,13394,T
6-NA,1080,2,4,13537,0,13543,G
6-NA,1081,1,13518,1,10,13530,T
6-NA,1082,6,25,13549,0,13580,G
6-NA,1083,1,14,13633,2,13650,G
6-NA,1084,13507,3,3,0,13513,A
6-NA,1085,2,13505,0,4,13511,T
6-NA,1086,3,35,13481,0,13519,G
6-NA,1087,4,16,13498,0,13518,G
6-NA,1088,1,21,13612,0,13634,G
6-NA,1089,13510,4,7,1,13522,A
6-NA,1090,13525,1,13,0,13539,A
6-NA,1091,1,52,13491,1,13545,G
6-NA,1092,13353,0,10,0,13363,A
6-NA,1093,13371,1,7,1,13380,A
6-NA,1094,2,32,0,13328,13362,C
6-NA,1095,4,48,13271,1,13324,G
6-NA,1096,13263,1,8,1,13273,A
6-NA,1097,2,13050,2,3,13057,T
6-NA,1098,28,6,0,13088,13122,C
6-NA,1099,13125,0,13,0,13138,A
6-NA,1100,0,2,13204,0,13206,G
6-NA,1101,7,8,0,13141,13156,C
6-NA,1102,5,39,13148,0,13192,G
6-NA,1103,13090,2,6,0,13098,A
6-NA,1104,1,12,13161,0,13174,G
6-NA,1105,13156,0,0,1,13157,A
6-NA,1106,13171,2,4,0,13177,A
6-NA,1107,2,0,13315,1,13318,G
6-NA,1108,1,13202,0,15,13218,T
6-NA,1109,82,1,1,13038,13122,C
6-NA,1110,13090,1,10,0,13101,A
6-NA,1111,2,3,0,13649,13654,C
6-NA,1112,4,3,13675,0,13682,G
6-NA,1113,1,1,0,13699,13701,C
6-NA,1114,0,13607,0,10,13617,T
6-NA,1115,0,13627,0,0,13627,T
6-NA,1116,13462,0,4,0,13466,A
6-NA,1117,2,49,13795,0,13846,G
6-NA,1118,2,34,13833,1,13870,G
6-NA,1119,0,1,14245,0,14246,G
6-NA,1120,0,13372,0,3,13375,T
6-NA,1121,13399,0,0,0,13399,A
6-NA,1122,1,13367,0,5,13373,T
6-NA,1123,4,32,13339,1,13376,G
6-NA,1124,13372,0,4,0,13376,A
6-NA,1125,13331,1,2,1,13335,A
6-NA,1126,12760,2,12,0,12774,A
6-NA,1127,3,4,0,12840,12847,C
6-NA,1128,22,2,0,12575,12599,C
6-NA,1129,0,12369,3,11,12383,T
6-NA,1130,1,12351,0,8,12360,T
6-NA,1131,15,2,0,12383,12400,C
6-NA,1132,12396,2,0,1,12399,A
6-NA,1133,12418,0,2,0,12420,A
6-NA,1134,12397,2,2,1,12402,A
6-NA,1135,0,4,12533,0,12537,G
6-NA,1136,3,12229,1,10,12243,T
6-NA,1137,99,4,0,12248,12351,C
6-NA,1138,12680,4,4,0,12688,A
6-NA,1139,0,12673,1,4,12678,T
6-NA,1140,3,12694,0,3,12700,T
6-NA,1141,1,19,12686,0,12706,G
6-NA,1142,12676,2,3,1,12682,A
6-NA,1143,12751,1,8,1,12761,A
6-NA,1144,2,18,12830,0,12850,G
6-NA,1145,2,2,12845,0,12849,G
6-NA,1146,3,1,0,12816,12820,C
6-NA,1147,0,12441,1,8,12450,T
6-NA,1148,3,20,12579,0,12602,G
6-NA,1149,2,3,12826,0,12831,G
6-NA,1150,2,12793,1,9,12805,T
6-NA,1151,45,3,2,12725,12775,C
6-NA,1152,28,4,0,12665,12697,C
6-NA,1153,12800,0,5,0,12805,A
6-NA,1154,12837,0,6,0,12843,A
6-NA,1155,1,2,0,12813,12816,C
6-NA,1156,32,4,1,12756,12793,C
6-NA,1157,12268,0,2,15,12285,A
6-NA,1158,2,12465,0,3,12470,T
6-NA,1159,12485,1,3,0,12489,A
6-NA,1160,12510,1,5,0,12516,A
6-NA,1161,0,1,12680,0,12681,G
6-NA,1162,3,12482,0,11,12496,T
6-NA,1163,47,2,0,12435,12484,C
6-NA,1164,42,76,0,12249,12367,C
6-NA,1165,12356,1,1,0,12358,A
6-NA,1166,12347,1,0,0,12348,A
6-NA,1167,12351,0,2,0,12353,A
6-NA,1168,1,12363,0,2,12366,T
6-NA,1169,1,12277,0,2,12280,T
6-NA,1170,1,2,12251,0,12254,G
6-NA,1171,5,4,0,12187,12196,C
6-NA,1172,12195,3,8,0,12206,A
6-NA,1173,0,26,12268,0,12294,G
6-NA,1174,12275,2,3,0,12280,A
6-NA,1175,1,12573,0,1,12575,T
6-NA,1176,12612,0,0,0,12612,A
6-NA,1177,12580,1,3,0,12584,A
6-NA,1178,12597,1,4,2,12604,A
6-NA,1179,1,12561,1,0,12563,T
6-NA,1180,12529,0,7,0,12536,A
6-NA,1181,3,19,12534,0,12556,G
6-NA,1182,1,5,12464,1,12471,G
6-NA,1183,1,4,1,12430,12436,C
6-NA,1184,12107,1,5,0,12113,A
6-NA,1185,12291,0,19,0,12310,A
6-NA,1186,3,1,12464,0,12468,G
6-NA,1187,0,12429,0,10,12439,T
6-NA,1188,106,2,3,12343,12454,C
6-NA,1189,12528,0,9,2,12539,A
6-NA,1190,1,12555,0,2,12558,T
6-NA,1191,12623,2,7,0,12632,A
6-NA,1192,3,3,12678,0,12684,G
6-NA,1193,2,12681,1,5,12689,T
6-NA,1194,2,12365,1,1,12369,T
6-NA,1195,1,53,12201,0,12255,G
6-NA,1196,12194,1,16,0,12211,A
6-NA,1197,2,3,0,12184,12189,C
6-NA,1198,12089,0,4,1,12094,A
6-NA,1199,1,11,12286,0,12298,G
6-NA,1200,12260,0,8,0,12268,A
6-NA,1201,0,20,12976,1,12997,G
6-NA,1202,13,1,13010,0,13024,G
6-NA,1203,2,13000,0,2,13004,T
6-NA,1204,12981,1,4,0,12986,A
6-NA,1205,12982,1,6,0,12989,A
6-NA,1206,1,12982,0,4,12987,T
6-NA,1207,12945,1,4,0,12950,A
6-NA,1208,0,18,12817,0,12835,G
6-NA,1209,1,1,12701,0,12703,G
6-NA,1210,2,11929,0,8,11939,T
6-NA,1211,43,0,0,11826,11869,C
6-NA,1212,23,9,1,11895,11928,C
6-NA,1213,16,13,11939,0,11968,G
6-NA,1214,1,1,11983,0,11985,G
6-NA,1215,0,11947,2,7,11956,T
6-NA,1216,0,11948,0,0,11948,T
6-NA,1217,11896,1,4,0,11901,A
6-NA,1218,3,11810,0,1,11814,T
6-NA,1219,1,11813,0,3,11817,T
6-NA,1220,31,0,0,11823,11854,C
6-NA,1221,1,11584,1,6,11592,T
6-NA,1222,2,21,11715,1,11739,G
6-NA,1223,1,3,11804,0,11808,G
6-NA,1224,1,11804,0,2,11807,T
6-NA,1225,11807,0,5,0,11812,A
6-NA,1226,0,11665,0,4,11669,T
6-NA,1227,1,11670,0,14,11685,T
6-NA,1228,1,11659,0,4,11664,T
6-NA,1229,1,11764,0,6,11771,T
6-NA,1230,16,2,0,11766,11784,C
6-NA,1231,0,11546,0,19,11565,T
6-NA,1232,31,1,0,11623,11655,C
6-NA,1233,1,11589,1,6,11597,T
6-NA,1234,1,3,11974,0,11978,G
6-NA,1235,0,11958,1,11,11970,T
6-NA,1236,1,11890,0,0,11891,T
6-NA,1237,62,14,11827,0,11903,G
6-NA,1238,11763,1,5,0,11769,A
6-NA,1239,11792,1,19,0,11812,A
6-NA,1240,3,20,11924,0,11947,G
6-NA,1241,7,4,11893,1,11905,G
6-NA,1242,4,4,0,11894,11902,C
6-NA,1243,11545,0,124,1,11670,A
6-NA,1244,11678,2,9,1,11690,A
6-NA,1245,11734,0,5,1,11740,A
6-NA,1246,11753,0,12,0,11765,A
6-NA,1247,1,1,11787,0,11789,G
6-NA,1248,2,1,0,11751,11754,C
6-NA,1249,1,11554,0,8,11563,T
6-NA,1250,3,6,11749,1,11759,G
6-NA,1251,1,1,2,11737,11741,C
6-NA,1252,11772,0,4,0,11776,A
6-NA,1253,1,11686,1,46,11734,T
6-NA,1254,33,2,0,11627,11662,C
6-NA,1255,11684,0,3,0,11687,A
6-NA,1256,11703,2,3,0,11708,A
6-NA,1257,2,11639,0,0,11641,T
6-NA,1258,20,3,0,11665,11688,C
6-NA,1259,36,16,11447,0,11499,G
6-NA,1260,2,0,11754,0,11756,G
6-NA,1261,1,11715,0,4,11720,T
6-NA,1262,7,7,11776,0,11790,G
6-NA,1263,3,5,0,11848,11856,C
6-NA,1264,0,11752,0,27,11779,T
6-NA,1265,0,11968,1,2,11971,T
6-NA,1266,2,11972,0,2,11976,T
6-NA,1267,0,12007,0,0,12007,T
6-NA,1268,12104,2,12,0,12118,A
6-NA,1269,0,11569,0,13,11582,T
6-NA,1270,3,4,11591,0,11598,G
6-NA,1271,8,11432,1,3,11444,T
6-NA,1272,2,19,11286,2,11309,G
6-NA,1273,0,23,11474,0,11497,G
6-NA,1274,11230,1,1,0,11232,A
6-NA,1275,0,3,11334,0,11337,G
6-NA,1276,1,11254,0,8,11263,T
6-NA,1277,0,11173,2,4,11179,T
6-NA,1278,0,40,11369,0,11409,G
6-NA,1279,11388,0,0,0,11388,A
6-NA,1280,0,11351,1,4,11356,T
6-NA,1281,1,10904,0,1,10906,T
6-NA,1282,10918,1,5,1,10925,A
6-NA,1283,0,17,10981,0,10998,G
6-NA,1284,1,34,10992,0,11027,G
6-NA,1285,1,20,10956,0,10977,G
6-NA,1286,2,11,10946,0,10959,G
6-NA,1287,10608,3,18,0,10629,A
6-NA,1288,10614,0,6,0,10620,A
6-NA,1289,1,26,10716,1,10744,G
6-NA,1290,10725,1,1,0,10727,A
6-NA,1291,10729,0,3,0,10732,A
6-NA,1292,10643,0,4,0,10647,A
6-NA,1293,10527,1,22,1,10551,A
6-NA,1294,2,11,10599,0,10612,G
6-NA,1295,10489,1,6,0,10496,A
6-NA,1296,2,10,10481,0,10493,G
6-NA,1297,2,22,10461,0,10485,G
6-NA,1298,10355,1,2,0,10358,A
6-NA,1299,10349,1,6,2,10358,A
6-NA,1300,10364,3,3,0,10370,A
6-NA,1301,0,2,0,10453,10455,C
6-NA,1302,0,10408,3,6,10417,T
6-NA,1303,2,13,10417,0,10432,G
6-NA,1304,10385,0,5,0,10390,A
6-NA,1305,10373,1,21,1,10396,A
6-NA,1306,3,0,10501,0,10504,G
6-NA,1307,1,10361,0,33,10395,T
6-NA,1308,31,1,0,10498,10530,C
6-NA,1309,0,10489,0,14,10503,T
6-NA,1310,0,10413,0,1,10414,T
6-NA,1311,1,2,10419,0,10422,G
6-NA,1312,2,10365,0,9,10376,T
6-NA,1313,4,33,10324,0,10361,G
6-NA,1314,3,30,10318,0,10351,G
6-NA,1315,10257,1,5,0,10263,A
6-NA,1316,2,1,0,10363,10366,C
6-NA,1317,22,4,0,10148,10174,C
6-NA,1318,0,10165,1,22,10188,T
6-NA,1319,16,6,0,10180,10202,C
6-NA,1320,10200,2,1,66,10269,A
6-NA,1321,10255,0,10,0,10265,A
6-NA,1322,10257,1,8,0,10266,A
6-NA,1323,0,6,0,10449,10455,C
6-NA,1324,10115,3,2,0,10120,A
6-NA,1325,0,0,10358,0,10358,G
6-NA,1326,2,10151,0,7,10160,T
6-NA,1327,10185,1,0,0,10186,A
6-NA,1328,1,10153,0,1,10155,T
6-NA,1329,1,10026,1,0,10028,T
6-NA,1330,3,0,10123,0,10126,G
6-NA,1331,1,10078,0,9,10088,T
6-NA,1332,0,9594,0,6,9600,T
6-NA,1333,1,1,9633,0,9635,G
6-NA,1334,0,9013,0,6,9019,T
6-NA,1335,8,0,9077,0,9085,G
6-NA,1336,1,8966,46,10,9023,T
6-NA,1337,0,8881,0,2,8883,T
6-NA,1338,1,8904,0,2,8907,T
6-NA,1339,1,8680,0,1,8682,T
6-NA,1340,1,0,8684,0,8685,G
6-NA,1341,2,8657,0,13,8672,T
6-NA,1342,3,23,8589,0,8615,G
6-NA,1343,3,2,8603,1,8609,G
6-NA,1344,6,2,0,8449,8457,C
6-NA,1345,8462,1,3,0,8466,A
6-NA,1346,0,1,0,8574,8575,C
6-NA,1347,10,0,1,8547,8558,C
6-NA,1348,1,8546,1,7,8555,T
6-NA,1349,25,2,0,8562,8589,C
6-NA,1350,8582,0,9,0,8591,A
6-NA,1351,2,16,8694,0,8712,G
6-NA,1352,2,0,8728,1,8731,G
6-NA,1353,1,8694,0,2,8697,T
6-NA,1354,8654,1,4,0,8659,A
6-NA,1355,3,1,0,8292,8296,C
6-NA,1356,8326,0,4,0,8330,A
6-NA,1357,0,8325,0,1,8326,T
6-NA,1358,8151,1,1,1,8154,A
6-NA,1359,1,8113,0,1,8115,T
6-NA,1360,1,17,7527,0,7545,G
6-NA,1361,1,31,7570,0,7602,G
6-NA,1362,7532,1,1,0,7534,A
6-NA,1363,7472,0,2,0,7474,A
6-NA,1364,0,2,0,7387,7389,C
6-NA,1365,6320,0,2,0,6322,A
6-NA,1366,1,9,6335,0,6345,G
6-NA,1367,1,0,6327,0,6328,G
6-NA,1368,1,3,0,6333,6337,C
6-NA,1369,0,6310,0,7,6317,T
6-NA,1370,19,2,0,6017,6038,C
6-NA,1371,6011,1,1,0,6013,A
6-NA,1372,0,6007,0,5,6012,T
6-NA,1373,3,5,5994,1,6003,G
6-NA,1374,3,1,5991,0,5995,G
6-NA,1375,2,1,0,5770,5773,C
6-NA,1376,8,0,1,5719,5728,C
6-NA,1377,0,5406,0,2,5408,T
6-NA,1378,0,7,5390,0,5397,G
6-NA,1379,5385,0,1,0,5386,A
6-NA,1380,0,5380,0,5,5385,T
6-NA,1381,4,10,5297,0,5311,G
6-NA,1382,0,9,5189,0,5198,G
6-NA,1383,1,6,4958,0,4965,G
6-NA,1384,0,0,4962,0,4962,G
6-NA,1385,1,0,0,4872,4873,C
6-NA,1386,5,6,4857,0,4868,G
6-NA,1387,3,12,4825,0,4840,G
6-NA,1388,4778,0,0,0,4778,A
6-NA,1389,2,1,0,4742,4745,C
6-NA,1390,15,1,0,4594,4610,C
6-NA,1391,1,4608,0,8,4617,T
6-NA,1392,9,2,0,4608,4619,C
6-NA,1393,4621,0,3,0,4624,A
6-NA,1394,4622,0,0,0,4622,A
6-NA,1395,0,4608,0,2,4610,T
6-NA,1396,11,0,0,4441,4452,C
6-NA,1397,0,4254,0,5,4259,T
6-NA,1398,13,0,0,3535,3548,C
6-NA,1399,3527,0,1,0,3528,A
6-NA,1400,0,3510,0,0,3510,T
6-NA,1401,1,0,3492,0,3493,G
6-NA,1402,3,0,0,3471,3474,C
6-NA,1403,16,1,1,3356,3374,C
6-NA,1404,0,2997,0,14,3011,T
6-NA,1405,2962,0,1,0,2963,A
6-NA,1406,0,2960,0,1,2961,T
6-NA,1407,2920,0,2,0,2922,A
6-NA,1408,0,2913,0,0,2913,T
6-NA,1409,2666,0,0,0,2666,A
6-NA,1410,2570,0,0,0,2570,A
7-M,1,101,0,0,0,101,A
7-M,2,0,102,0,0,102,T
7-M,3,0,0,101,0,101,G
7-M,4,103,0,0,0,103,A
7-M,5,0,0,112,0,112,G
7-M,6,0,0,0,120,120,C
7-M,7,0,0,0,126,126,C
7-M,8,0,162,0,0,162,T
7-M,9,0,162,0,0,162,T
7-M,10,0,0,0,164,164,C
7-M,11,0,165,0,0,165,T
7-M,12,172,0,0,0,172,A
7-M,13,171,0,0,0,171,A
7-M,14,0,0,0,171,171,C
7-M,15,0,0,0,172,172,C
7-M,16,0,1,170,0,171,G
7-M,17,172,0,0,0,172,A
7-M,18,0,2,174,0,176,G
7-M,19,0,0,182,0,182,G
7-M,20,0,180,0,0,180,T
7-M,21,0,0,0,183,183,C
7-M,22,0,0,182,0,182,G
7-M,23,184,0,0,1,185,A
7-M,24,186,0,0,0,186,A
7-M,25,187,0,0,0,187,A
7-M,26,0,1,0,219,220,C
7-M,27,0,0,224,0,224,G
7-M,28,0,223,0,0,223,T
7-M,29,225,0,0,0,225,A
7-M,30,0,225,0,0,225,T
7-M,31,0,0,230,0,230,G
7-M,32,0,229,0,0,229,T
7-M,33,0,250,0,0,250,T
7-M,34,0,0,0,255,255,C
7-M,35,0,250,0,0,250,T
7-M,36,3,0,0,261,264,C
7-M,37,0,264,0,0,264,T
7-M,38,0,0,0,279,279,C
7-M,39,0,278,0,0,278,T
7-M,40,284,0,0,0,284,A
7-M,41,0,284,0,0,284,T
7-M,42,0,0,0,284,284,C
7-M,43,0,0,288,0,288,G
7-M,44,0,289,0,1,290,T
7-M,45,0,287,0,1,288,T
7-M,46,1,0,0,293,294,C
7-M,47,0,0,0,303,303,C
7-M,48,306,0,0,0,306,A
7-M,49,0,308,0,0,308,T
7-M,50,2,0,0,305,307,C
7-M,51,305,0,0,0,305,A
7-M,52,0,3,308,0,311,G
7-M,53,0,0,309,0,309,G
7-M,54,0,0,0,311,311,C
7-M,55,1,0,0,310,311,C
7-M,56,0,0,0,312,312,C
7-M,57,0,0,0,323,323,C
7-M,58,0,0,0,325,325,C
7-M,59,0,322,0,1,323,T
7-M,60,0,0,0,323,323,C
7-M,61,324,0,0,0,324,A
7-M,62,326,0,0,0,326,A
7-M,63,331,0,0,0,331,A
7-M,64,0,1,340,0,341,G
7-M,65,0,0,0,341,341,C
7-M,66,0,0,0,341,341,C
7-M,67,0,0,340,0,340,G
7-M,68,338,0,0,0,338,A
7-M,69,0,2,342,0,344,G
7-M,70,342,0,1,0,343,A
7-M,71,0,345,0,0,345,T
7-M,72,0,0,0,341,341,C
7-M,73,0,1,339,0,340,G
7-M,74,0,0,0,342,342,C
7-M,75,0,0,345,0,345,G
7-M,76,0,0,0,343,343,C
7-M,77,341,0,0,0,341,A
7-M,78,0,1,342,0,343,G
7-M,79,343,0,0,0,343,A
7-M,80,0,3,374,0,377,G
7-M,81,375,0,0,0,375,A
7-M,82,0,0,0,386,386,C
7-M,83,0,386,0,1,387,T
7-M,84,0,388,0,0,388,T
7-M,85,0,3,381,0,384,G
7-M,86,389,0,0,0,389,A
7-M,87,387,0,0,0,387,A
7-M,88,0,1,386,0,387,G
7-M,89,373,0,0,0,373,A
7-M,90,0,381,0,0,381,T
7-M,91,0,0,378,0,378,G
7-M,92,0,380,0,0,380,T
7-M,93,1,2,0,378,381,C
7-M,94,0,377,0,0,377,T
7-M,95,0,379,0,0,379,T
7-M,96,0,380,0,0,380,T
7-M,97,1,0,378,0,379,G
7-M,98,0,0,0,378,378,C
7-M,99,0,373,0,0,373,T
7-M,100,0,2,369,0,371,G
7-M,101,0,0,374,0,374,G
7-M,102,0,1,378,0,379,G
7-M,103,376,0,0,0,376,A
7-M,104,376,0,0,0,376,A
7-M,105,381,0,0,0,381,A
7-M,106,383,0,0,0,383,A
7-M,107,384,0,0,0,384,A
7-M,108,0,0,0,391,391,C
7-M,109,388,0,0,0,388,A
7-M,110,0,0,0,391,391,C
7-M,111,382,0,0,0,382,A
7-M,112,0,1,399,0,400,G
7-M,113,400,0,0,0,400,A
7-M,114,0,414,0,0,414,T
7-M,115,1,0,0,414,415,C
7-M,116,0,411,0,1,412,T
7-M,117,0,411,0,0,411,T
7-M,118,0,0,410,0,410,G
7-M,119,409,0,0,0,409,A
7-M,120,0,0,409,0,409,G
7-M,121,0,0,403,0,403,G
7-M,122,0,0,0,409,409,C
7-M,123,0,404,0,0,404,T
7-M,124,0,0,0,447,447,C
7-M,125,0,445,0,0,445,T
7-M,126,1,0,0,449,450,C
7-M,127,449,1,0,0,450,A
7-M,128,0,452,0,0,452,T
7-M,129,0,0,455,0,455,G
7-M,130,0,2,458,0,460,G
7-M,131,453,0,0,0,453,A
7-M,132,452,0,0,0,452,A
7-M,133,0,427,0,0,427,T
7-M,134,0,1,444,0,445,G
7-M,135,0,0,467,0,467,G
7-M,136,0,0,0,471,471,C
7-M,137,0,472,0,0,472,T
7-M,138,470,0,0,0,470,A
7-M,139,468,0,0,0,468,A
7-M,140,484,0,0,0,484,A
7-M,141,0,1,490,0,491,G
7-M,142,489,0,2,0,491,A
7-M,143,0,0,0,484,484,C
7-M,144,473,0,1,0,474,A
7-M,145,475,0,0,0,475,A
7-M,146,0,3,494,0,497,G
7-M,147,496,1,0,0,497,A
7-M,148,0,0,0,497,497,C
7-M,149,1,0,0,489,490,C
7-M,150,490,0,0,0,490,A
7-M,151,497,0,1,0,498,A
7-M,152,0,500,0,0,500,T
7-M,153,0,499,0,0,499,T
7-M,154,2,0,0,503,505,C
7-M,155,0,504,0,0,504,T
7-M,156,0,1,503,0,504,G
7-M,157,0,504,0,0,504,T
7-M,158,3,1,0,498,502,C
7-M,159,506,0,0,0,506,A
7-M,160,0,0,0,518,518,C
7-M,161,1,0,0,519,520,C
7-M,162,0,514,0,1,515,T
7-M,163,3,0,0,513,516,C
7-M,164,0,512,0,0,512,T
7-M,165,0,2,525,0,527,G
7-M,166,523,0,2,0,525,A
7-M,167,0,0,0,526,526,C
7-M,168,0,527,0,0,527,T
7-M,169,517,0,0,1,518,A
7-M,170,516,0,0,0,516,A
7-M,171,0,2,518,0,520,G
7-M,172,0,5,514,0,519,G
7-M,173,0,1,516,0,517,G
7-M,174,0,1,519,0,520,G
7-M,175,529,0,0,0,529,A
7-M,176,0,529,0,0,529,T
7-M,177,0,526,0,0,526,T
7-M,178,0,525,0,0,525,T
7-M,179,0,528,0,0,528,T
7-M,180,0,1,527,0,528,G
7-M,181,0,3,530,0,533,G
7-M,182,0,1,532,0,533,G
7-M,183,0,0,533,0,533,G
7-M,184,0,525,0,0,525,T
7-M,185,0,523,0,0,523,T
7-M,186,0,524,0,0,524,T
7-M,187,1,0,537,0,538,G
7-M,188,0,540,0,0,540,T
7-M,189,1,0,543,0,544,G
7-M,190,0,544,0,0,544,T
7-M,191,0,542,0,0,542,T
7-M,192,1,0,0,544,545,C
7-M,193,543,0,0,0,543,A
7-M,194,0,0,0,563,563,C
7-M,195,0,0,561,0,561,G
7-M,196,1,0,0,561,562,C
7-M,197,0,550,0,1,551,T
7-M,198,4,0,0,569,573,C
7-M,199,574,0,0,0,574,A
7-M,200,0,0,0,582,582,C
7-M,201,2,0,0,576,578,C
7-M,202,0,0,580,0,580,G
7-M,203,0,582,0,0,582,T
7-M,204,0,0,585,0,585,G
7-M,205,0,0,0,585,585,C
7-M,206,1,0,0,585,586,C
7-M,207,0,1,0,584,585,C
7-M,208,578,0,0,0,578,A
7-M,209,0,0,588,0,588,G
7-M,210,0,584,0,0,584,T
7-M,211,0,4,585,0,589,G
7-M,212,587,0,0,0,587,A
7-M,213,0,1,593,0,594,G
7-M,214,0,0,0,589,589,C
7-M,215,0,0,594,0,594,G
7-M,216,592,0,0,0,592,A
7-M,217,0,2,598,0,600,G
7-M,218,0,1,601,0,602,G
7-M,219,601,0,0,0,601,A
7-M,220,0,0,0,614,614,C
7-M,221,0,606,0,0,606,T
7-M,222,1,0,607,0,608,G
7-M,223,0,0,0,607,607,C
7-M,224,600,0,0,0,600,A
7-M,225,1,0,615,0,616,G
7-M,226,0,0,0,612,612,C
7-M,227,1,0,616,0,617,G
7-M,228,0,619,0,0,619,T
7-M,229,611,0,0,0,611,A
7-M,230,0,0,612,0,612,G
7-M,231,602,0,0,0,602,A
7-M,232,0,0,0,611,611,C
7-M,233,1,0,610,0,611,G
7-M,234,0,0,0,608,608,C
7-M,235,0,597,0,0,597,T
7-M,236,0,595,0,0,595,T
7-M,237,0,587,0,0,587,T
7-M,238,0,0,610,0,610,G
7-M,239,0,608,0,0,608,T
7-M,240,0,0,0,609,609,C
7-M,241,0,0,0,611,611,C
7-M,242,605,0,1,0,606,A
7-M,243,605,0,1,1,607,A
7-M,244,607,0,0,0,607,A
7-M,245,606,0,0,0,606,A
7-M,246,0,607,0,0,607,T
7-M,247,0,0,601,0,601,G
7-M,248,0,0,0,601,601,C
7-M,249,3,0,0,600,603,C
7-M,250,2,0,0,607,609,C
7-M,251,0,606,0,0,606,T
7-M,252,0,0,0,631,631,C
7-M,253,635,0,0,0,635,A
7-M,254,634,0,1,0,635,A
7-M,255,0,644,0,0,644,T
7-M,256,0,4,643,0,647,G
7-M,257,0,1,647,0,648,G
7-M,258,0,0,657,0,657,G
7-M,259,652,0,0,0,652,A
7-M,260,651,1,0,0,652,A
7-M,261,0,632,0,0,632,T
7-M,262,1,0,631,0,632,G
7-M,263,1,2,624,0,627,G
7-M,264,622,0,0,0,622,A
7-M,265,0,2,620,0,622,G
7-M,266,618,0,0,0,618,A
7-M,267,0,0,0,613,613,C
7-M,268,0,0,0,652,652,C
7-M,269,1,0,0,651,652,C
7-M,270,661,0,0,0,661,A
7-M,271,659,0,0,0,659,A
7-M,272,661,0,1,0,662,A
7-M,273,0,665,0,0,665,T
7-M,274,674,0,0,0,674,A
7-M,275,676,0,0,0,676,A
7-M,276,0,0,0,660,660,C
7-M,277,654,0,1,0,655,A
7-M,278,0,646,0,1,647,T
7-M,279,0,1,665,0,666,G
7-M,280,0,2,663,0,665,G
7-M,281,663,0,3,0,666,A
7-M,282,1,0,0,663,664,C
7-M,283,653,0,0,0,653,A
7-M,284,657,0,0,0,657,A
7-M,285,654,0,0,0,654,A
7-M,286,0,0,665,0,665,G
7-M,287,0,1,0,678,679,C
7-M,288,665,1,0,0,666,A
7-M,289,0,0,676,0,676,G
7-M,290,0,677,0,0,677,T
7-M,291,0,677,0,0,677,T
7-M,292,681,0,1,0,682,A
7-M,293,677,0,0,0,677,A
7-M,294,675,0,2,1,678,A
7-M,295,0,0,1,685,686,C
7-M,296,0,657,0,0,657,T
7-M,297,0,1,742,0,743,G
7-M,298,0,737,0,0,737,T
7-M,299,745,0,0,0,745,A
7-M,300,0,745,0,1,746,T
7-M,301,742,0,0,0,742,A
7-M,302,0,1,743,0,744,G
7-M,303,0,1,738,0,739,G
7-M,304,734,1,0,0,735,A
7-M,305,734,0,1,0,735,A
7-M,306,678,1,0,0,679,A
7-M,307,0,0,0,699,699,C
7-M,308,0,691,0,0,691,T
7-M,309,0,694,0,2,696,T
7-M,310,696,0,0,0,696,A
7-M,311,694,0,1,0,695,A
7-M,312,0,0,695,0,695,G
7-M,313,691,1,1,0,693,A
7-M,314,0,1,698,0,699,G
7-M,315,1,3,701,0,705,G
7-M,316,1,0,700,0,701,G
7-M,317,689,0,2,0,691,A
7-M,318,1,1,701,0,703,G
7-M,319,704,0,1,0,705,A
7-M,320,0,707,0,0,707,T
7-M,321,703,0,1,0,704,A
7-M,322,705,0,0,0,705,A
7-M,323,0,1,0,713,714,C
7-M,324,0,0,707,0,707,G
7-M,325,0,713,0,0,713,T
7-M,326,0,701,0,0,701,T
7-M,327,5,0,0,709,714,C
7-M,328,2,0,0,706,708,C
7-M,329,706,0,0,0,706,A
7-M,330,1,708,0,0,709,T
7-M,331,0,2,699,0,701,G
7-M,332,0,2,695,0,697,G
7-M,333,0,1,699,0,700,G
7-M,334,0,2,699,0,701,G
7-M,335,0,0,0,701,701,C
7-M,336,1,0,0,698,699,C
7-M,337,704,0,0,0,704,A
7-M,338,708,0,0,0,708,A
7-M,339,710,0,0,0,710,A
7-M,340,1,2,716,0,719,G
7-M,341,715,0,0,0,715,A
7-M,342,714,0,0,0,714,A
7-M,343,713,0,0,0,713,A
7-M,344,0,713,0,1,714,T
7-M,345,714,0,0,0,714,A
7-M,346,1,0,719,0,720,G
7-M,347,0,1,0,714,715,C
7-M,348,0,712,0,0,712,T
7-M,349,2,0,0,712,714,C
7-M,350,0,698,0,2,700,T
7-M,351,2,0,0,733,735,C
7-M,352,732,0,1,0,733,A
7-M,353,0,0,734,0,734,G
7-M,354,0,724,0,0,724,T
7-M,355,0,736,0,2,738,T
7-M,356,738,1,0,0,739,A
7-M,357,0,736,1,0,737,T
7-M,358,0,731,0,1,732,T
7-M,359,11,0,0,727,738,C
7-M,360,0,721,0,2,723,T
7-M,361,0,0,722,0,722,G
7-M,362,0,0,0,724,724,C
7-M,363,0,718,0,0,718,T
7-M,364,0,3,716,0,719,G
7-M,365,1,0,713,0,714,G
7-M,366,0,717,0,0,717,T
7-M,367,1,0,718,0,719,G
7-M,368,1,0,0,717,718,C
7-M,369,719,0,0,0,719,A
7-M,370,0,0,0,720,720,C
7-M,371,0,711,0,0,711,T
7-M,372,0,729,0,0,729,T
7-M,373,0,0,729,0,729,G
7-M,374,0,1,0,723,724,C
7-M,375,2,0,0,724,726,C
7-M,376,725,0,0,0,725,A
7-M,377,1,0,727,0,728,G
7-M,378,0,730,0,0,730,T
7-M,379,0,725,0,0,725,T
7-M,380,1,0,730,0,731,G
7-M,381,0,0,0,723,723,C
7-M,382,722,0,1,0,723,A
7-M,383,0,719,0,0,719,T
7-M,384,0,2,716,0,718,G
7-M,385,0,2,727,0,729,G
7-M,386,0,0,726,0,726,G
7-M,387,0,0,0,735,735,C
7-M,388,0,1,0,752,753,C
7-M,389,0,744,0,0,744,T
7-M,390,1,0,0,749,750,C
7-M,391,794,1,1,0,796,A
7-M,392,0,801,0,0,801,T
7-M,393,834,0,0,0,834,A
7-M,394,0,818,0,0,818,T
7-M,395,807,1,0,0,808,A
7-M,396,0,1,0,863,864,C
7-M,397,826,0,2,0,828,A
7-M,398,831,0,0,0,831,A
7-M,399,0,824,0,0,824,T
7-M,400,791,0,0,0,791,A
7-M,401,0,0,800,0,800,G
7-M,402,0,0,799,0,799,G
7-M,403,795,0,0,0,795,A
7-M,404,0,794,0,0,794,T
7-M,405,1,1,738,0,740,G
7-M,406,0,0,740,0,740,G
7-M,407,0,0,735,0,735,G
7-M,408,0,0,739,0,739,G
7-M,409,0,0,733,0,733,G
7-M,410,0,0,0,726,726,C
7-M,411,0,710,0,2,712,T
7-M,412,0,0,716,0,716,G
7-M,413,0,714,0,0,714,T
7-M,414,719,0,0,0,719,A
7-M,415,717,0,1,0,718,A
7-M,416,0,0,0,723,723,C
7-M,417,1,0,0,713,714,C
7-M,418,715,0,0,0,715,A
7-M,419,0,0,0,721,721,C
7-M,420,0,720,0,0,720,T
7-M,421,0,1,721,0,722,G
7-M,422,719,1,0,0,720,A
7-M,423,716,0,1,0,717,A
7-M,424,0,0,719,0,719,G
7-M,425,0,708,0,0,708,T
7-M,426,1,0,709,0,710,G
7-M,427,1,0,706,0,707,G
7-M,428,1,0,0,704,705,C
7-M,429,705,0,0,0,705,A
7-M,430,0,702,0,1,703,T
7-M,431,0,699,0,0,699,T
7-M,432,0,698,0,0,698,T
7-M,433,0,0,705,0,705,G
7-M,434,0,0,702,0,702,G
7-M,435,0,0,0,704,704,C
7-M,436,2,0,0,706,708,C
7-M,437,0,698,0,0,698,T
7-M,438,0,1,733,0,734,G
7-M,439,0,0,736,0,736,G
7-M,440,0,734,0,0,734,T
7-M,441,744,0,0,0,744,A
7-M,442,0,714,0,0,714,T
7-M,443,0,0,730,0,730,G
7-M,444,0,726,0,1,727,T
7-M,445,0,1,727,0,728,G
7-M,446,0,1,0,726,727,C
7-M,447,692,0,0,0,692,A
7-M,448,681,0,5,0,686,A
7-M,449,0,0,0,686,686,C
7-M,450,690,0,0,0,690,A
7-M,451,0,692,0,1,693,T
7-M,452,0,0,685,0,685,G
7-M,453,0,667,0,0,667,T
7-M,454,0,6,659,0,665,G
7-M,455,663,0,0,0,663,A
7-M,456,1,0,663,0,664,G
7-M,457,2,1,0,661,664,C
7-M,458,637,1,0,0,638,A
7-M,459,0,1,646,0,647,G
7-M,460,645,0,2,0,647,A
7-M,461,0,649,0,0,649,T
7-M,462,0,646,0,1,647,T
7-M,463,0,0,651,0,651,G
7-M,464,0,1,0,651,652,C
7-M,465,0,647,0,0,647,T
7-M,466,0,2,645,0,647,G
7-M,467,647,0,0,0,647,A
7-M,468,0,0,0,687,687,C
7-M,469,0,686,0,1,687,T
7-M,470,1,0,0,687,688,C
7-M,471,0,1,0,683,684,C
7-M,472,3,0,0,682,685,C
7-M,473,677,0,3,0,680,A
7-M,474,1,0,689,0,690,G
7-M,475,0,1,0,686,687,C
7-M,476,690,0,0,0,690,A
7-M,477,0,0,0,690,690,C
7-M,478,643,0,0,0,643,A
7-M,479,0,0,655,0,655,G
7-M,480,0,0,659,0,659,G
7-M,481,0,658,0,0,658,T
7-M,482,1,0,0,682,683,C
7-M,483,0,672,0,2,674,T
7-M,484,5,0,0,671,676,C
7-M,485,674,0,0,0,674,A
7-M,486,0,672,0,0,672,T
7-M,487,675,0,0,0,675,A
7-M,488,0,0,665,0,665,G
7-M,489,0,0,658,0,658,G
7-M,490,0,0,0,657,657,C
7-M,491,631,0,0,0,631,A
7-M,492,0,1,623,0,624,G
7-M,493,631,0,0,0,631,A
7-M,494,0,632,0,0,632,T
7-M,495,0,0,637,0,637,G
7-M,496,1,0,631,0,632,G
7-M,497,0,626,0,0,626,T
7-M,498,0,2,635,0,637,G
7-M,499,1,1,636,0,638,G
7-M,500,0,0,0,639,639,C
7-M,501,632,0,0,0,632,A
7-M,502,631,0,0,0,631,A
7-M,503,0,0,0,639,639,C
7-M,504,638,0,0,0,638,A
7-M,505,632,0,0,6,638,A
7-M,506,0,0,0,636,636,C
7-M,507,0,0,0,634,634,C
7-M,508,630,0,0,0,630,A
7-M,509,628,0,0,0,628,A
7-M,510,0,633,0,0,633,T
7-M,511,1,0,0,633,634,C
7-M,512,2,0,0,618,620,C
7-M,513,617,0,0,0,617,A
7-M,514,0,612,0,0,612,T
7-M,515,0,612,0,1,613,T
7-M,516,617,0,0,0,617,A
7-M,517,620,0,0,0,620,A
7-M,518,0,618,0,0,618,T
7-M,519,612,0,0,0,612,A
7-M,520,609,0,0,0,609,A
7-M,521,599,0,0,0,599,A
7-M,522,604,0,0,0,604,A
7-M,523,0,0,0,624,624,C
7-M,524,623,0,0,0,623,A
7-M,525,0,620,0,0,620,T
7-M,526,0,2,617,0,619,G
7-M,527,619,0,0,0,619,A
7-M,528,1,3,623,0,627,G
7-M,529,621,0,0,0,621,A
7-M,530,626,0,0,0,626,A
7-M,531,0,0,0,628,628,C
7-M,532,596,0,1,0,597,A
7-M,533,0,0,603,0,603,G
7-M,534,599,0,0,0,599,A
7-M,535,598,0,0,0,598,A
7-M,536,0,596,0,0,596,T
7-M,537,0,2,588,0,590,G
7-M,538,0,0,590,0,590,G
7-M,539,0,582,0,0,582,T
7-M,540,0,575,0,1,576,T
7-M,541,0,590,0,0,590,T
7-M,542,0,589,0,0,589,T
7-M,543,0,0,593,0,593,G
7-M,544,0,0,590,0,590,G
7-M,545,0,0,0,590,590,C
7-M,546,576,0,2,1,579,A
7-M,547,581,0,0,0,581,A
7-M,548,1,1,597,0,599,G
7-M,549,0,0,0,609,609,C
7-M,550,618,0,0,0,618,A
7-M,551,1,1,0,629,631,C
7-M,552,0,625,0,0,625,T
7-M,553,625,0,0,0,625,A
7-M,554,0,0,0,634,634,C
7-M,555,655,0,1,0,656,A
7-M,556,1,0,667,0,668,G
7-M,557,0,0,0,650,650,C
7-M,558,0,638,0,1,639,T
7-M,559,642,0,0,0,642,A
7-M,560,625,0,0,0,625,A
7-M,561,0,0,634,0,634,G
7-M,562,0,0,630,0,630,G
7-M,563,1,0,0,633,634,C
7-M,564,0,604,0,0,604,T
7-M,565,605,0,0,0,605,A
7-M,566,0,604,0,0,604,T
7-M,567,0,1,606,0,607,G
7-M,568,0,2,614,0,616,G
7-M,569,598,0,0,0,598,A
7-M,570,0,0,603,0,603,G
7-M,571,0,0,0,594,594,C
7-M,572,592,0,0,0,592,A
7-M,573,592,0,0,0,592,A
7-M,574,586,0,1,1,588,A
7-M,575,0,592,0,0,592,T
7-M,576,0,3,589,0,592,G
7-M,577,0,0,587,0,587,G
7-M,578,0,0,0,587,587,C
7-M,579,0,586,0,0,586,T
7-M,580,0,2,585,0,587,G
7-M,581,0,1,590,0,591,G
7-M,582,595,0,0,0,595,A
7-M,583,0,590,0,1,591,T
7-M,584,1,0,0,581,582,C
7-M,585,584,0,0,0,584,A
7-M,586,591,0,1,0,592,A
7-M,587,0,0,592,0,592,G
7-M,588,0,587,0,0,587,T
7-M,589,0,3,587,1,591,G
7-M,590,574,0,0,0,574,A
7-M,591,0,0,581,0,581,G
7-M,592,0,0,0,579,579,C
7-M,593,570,0,3,0,573,A
7-M,594,0,3,577,0,580,G
7-M,595,0,0,573,0,573,G
7-M,596,0,1,0,577,578,C
7-M,597,578,0,0,0,578,A
7-M,598,0,0,580,0,580,G
7-M,599,0,0,0,582,582,C
7-M,600,0,1,580,0,581,G
7-M,601,0,0,581,0,581,G
7-M,602,578,0,0,0,578,A
7-M,603,0,0,587,0,587,G
7-M,604,0,1,590,0,591,G
7-M,605,1,0,0,586,587,C
7-M,606,0,1,0,597,598,C
7-M,607,592,0,1,0,593,A
7-M,608,0,592,0,0,592,T
7-M,609,0,0,598,0,598,G
7-M,610,0,3,598,0,601,G
7-M,611,591,0,1,0,592,A
7-M,612,0,0,598,0,598,G
7-M,613,581,0,0,0,581,A
7-M,614,0,590,1,0,591,T
7-M,615,0,588,0,0,588,T
7-M,616,0,0,589,0,589,G
7-M,617,0,0,0,584,584,C
7-M,618,0,588,0,0,588,T
7-M,619,587,0,0,0,587,A
7-M,620,0,0,585,0,585,G
7-M,621,1,580,0,0,581,T
7-M,622,3,0,0,583,586,C
7-M,623,572,0,0,0,572,A
7-M,624,0,3,576,0,579,G
7-M,625,0,0,580,1,581,G
7-M,626,0,0,0,576,576,C
7-M,627,2,0,0,573,575,C
7-M,628,574,0,0,0,574,A
7-M,629,0,1,581,0,582,G
7-M,630,0,0,582,0,582,G
7-M,631,0,0,0,581,581,C
7-M,632,582,0,1,0,583,A
7-M,633,0,0,581,0,581,G
7-M,634,577,0,0,0,577,A
7-M,635,0,579,0,0,579,T
7-M,636,0,3,574,0,577,G
7-M,637,0,0,595,0,595,G
7-M,638,0,582,0,0,582,T
7-M,639,0,0,584,0,584,G
7-M,640,0,0,0,582,582,C
7-M,641,584,0,0,0,584,A
7-M,642,0,4,587,0,591,G
7-M,643,2,1,587,0,590,G
7-M,644,0,0,0,592,592,C
7-M,645,592,0,0,0,592,A
7-M,646,579,0,2,0,581,A
7-M,647,0,579,0,0,579,T
7-M,648,0,2,574,0,576,G
7-M,649,575,0,0,0,575,A
7-M,650,0,3,574,0,577,G
7-M,651,558,0,1,0,559,A
7-M,652,1,2,565,0,568,G
7-M,653,0,1,0,570,571,C
7-M,654,3,0,0,572,575,C
7-M,655,575,0,0,0,575,A
7-M,656,0,578,0,0,578,T
7-M,657,0,575,0,1,576,T
7-M,658,0,0,576,0,576,G
7-M,659,0,2,575,0,577,G
7-M,660,0,2,576,0,578,G
7-M,661,577,0,1,0,578,A
7-M,662,0,0,0,573,573,C
7-M,663,0,552,0,0,552,T
7-M,664,1,0,0,554,555,C
7-M,665,557,0,0,0,557,A
7-M,666,0,579,0,0,579,T
7-M,667,0,0,0,582,582,C
7-M,668,0,0,0,582,582,C
7-M,669,0,574,0,0,574,T
7-M,670,577,0,0,0,577,A
7-M,671,0,0,585,0,585,G
7-M,672,0,641,0,0,641,T
7-M,673,0,635,0,0,635,T
7-M,674,3,0,0,622,625,C
7-M,675,1,0,0,610,611,C
7-M,676,609,0,0,0,609,A
7-M,677,0,0,622,0,622,G
7-M,678,0,616,0,0,616,T
7-M,679,614,0,0,0,614,A
7-M,680,0,0,0,611,611,C
7-M,681,0,547,0,0,547,T
7-M,682,0,1,565,0,566,G
7-M,683,0,0,585,0,585,G
7-M,684,0,585,0,0,585,T
7-M,685,3,0,0,586,589,C
7-M,686,0,577,0,0,577,T
7-M,687,577,0,0,0,577,A
7-M,688,576,0,0,0,576,A
7-M,689,0,3,585,0,588,G
7-M,690,581,0,0,0,581,A
7-M,691,0,1,567,0,568,G
7-M,692,544,0,0,0,544,A
7-M,693,0,536,0,1,537,T
7-M,694,0,1,533,0,534,G
7-M,695,533,0,3,0,536,A
7-M,696,0,533,0,0,533,T
7-M,697,0,0,0,533,533,C
7-M,698,0,525,0,2,527,T
7-M,699,0,533,0,0,533,T
7-M,700,1,1,0,529,531,C
7-M,701,0,530,0,0,530,T
7-M,702,0,531,0,0,531,T
7-M,703,0,0,531,0,531,G
7-M,704,529,0,0,0,529,A
7-M,705,529,0,0,0,529,A
7-M,706,528,0,1,0,529,A
7-M,707,532,0,0,0,532,A
7-M,708,0,532,0,0,532,T
7-M,709,0,535,0,0,535,T
7-M,710,0,531,0,0,531,T
7-M,711,0,1,531,0,532,G
7-M,712,1,0,0,533,534,C
7-M,713,534,0,0,0,534,A
7-M,714,0,1,537,0,538,G
7-M,715,533,0,0,0,533,A
7-M,716,0,0,0,547,547,C
7-M,717,0,0,0,544,544,C
7-M,718,0,543,1,0,544,T
7-M,719,554,0,0,0,554,A
7-M,720,0,554,0,0,554,T
7-M,721,1,0,0,552,553,C
7-M,722,555,0,0,0,555,A
7-M,723,0,0,551,0,551,G
7-M,724,550,0,0,0,550,A
7-M,725,534,0,0,0,534,A
7-M,726,538,0,0,0,538,A
7-M,727,0,0,0,533,533,C
7-M,728,1,1,530,0,532,G
7-M,729,526,0,0,0,526,A
7-M,730,529,0,0,0,529,A
7-M,731,0,532,0,0,532,T
7-M,732,10,0,515,0,525,G
7-M,733,0,1,534,0,535,G
7-M,734,0,0,533,0,533,G
7-M,735,0,4,527,0,531,G
7-M,736,2,0,533,0,535,G
7-M,737,0,520,0,0,520,T
7-M,738,0,0,519,0,519,G
7-M,739,2,1,0,518,521,C
7-M,740,520,0,0,0,520,A
7-M,741,0,0,523,0,523,G
7-M,742,516,0,0,0,516,A
7-M,743,0,513,1,0,514,T
7-M,744,1,0,508,0,509,G
7-M,745,0,0,0,504,504,C
7-M,746,504,0,0,0,504,A
7-M,747,505,0,0,0,505,A
7-M,748,0,0,0,503,503,C
7-M,749,0,2,501,0,503,G
7-M,750,511,0,0,0,511,A
7-M,751,0,511,0,0,511,T
7-M,752,0,511,0,0,511,T
7-M,753,1,0,0,513,514,C
7-M,754,514,0,0,0,514,A
7-M,755,514,0,0,0,514,A
7-M,756,0,0,513,0,513,G
7-M,757,0,505,0,0,505,T
7-M,758,0,2,497,0,499,G
7-M,759,497,0,1,0,498,A
7-M,760,0,0,0,500,500,C
7-M,761,2,0,0,497,499,C
7-M,762,3,0,0,497,500,C
7-M,763,2,0,501,0,503,G
7-M,764,0,0,0,503,503,C
7-M,765,0,504,0,0,504,T
7-M,766,0,505,0,0,505,T
7-M,767,0,0,506,0,506,G
7-M,768,0,507,0,0,507,T
7-M,769,0,503,0,0,503,T
7-M,770,2,0,503,0,505,G
7-M,771,0,501,0,0,501,T
7-M,772,0,494,0,0,494,T
7-M,773,1,0,491,0,492,G
7-M,774,0,0,0,485,485,C
7-M,775,2,0,0,487,489,C
7-M,776,1,0,489,0,490,G
7-M,777,0,0,0,488,488,C
7-M,778,0,4,487,0,491,G
7-M,779,489,0,0,0,489,A
7-M,780,495,0,0,0,495,A
7-M,781,0,494,0,0,494,T
7-M,782,496,0,0,0,496,A
7-M,783,0,501,0,0,501,T
7-M,784,1,0,0,513,514,C
7-M,785,515,0,0,0,515,A
7-M,786,1,512,0,0,513,T
7-M,787,0,513,0,0,513,T
7-M,788,0,0,512,0,512,G
7-M,789,0,2,505,0,507,G
7-M,790,0,4,505,0,509,G
7-M,791,511,0,0,0,511,A
7-M,792,0,503,0,0,503,T
7-M,793,2,0,0,488,490,C
7-M,794,0,485,0,1,486,T
7-M,795,0,490,0,0,490,T
7-M,796,0,1,499,0,500,G
7-M,797,0,0,0,499,499,C
7-M,798,498,1,0,0,499,A
7-M,799,0,0,0,502,502,C
7-M,800,0,494,0,0,494,T
7-M,801,0,501,0,0,501,T
7-M,802,0,1,500,0,501,G
7-M,803,514,0,0,0,514,A
7-M,804,0,517,0,0,517,T
7-M,805,502,0,1,0,503,A
7-M,806,0,501,0,0,501,T
7-M,807,0,501,0,0,501,T
7-M,808,0,0,506,0,506,G
7-M,809,0,500,0,1,501,T
7-M,810,0,2,495,0,497,G
7-M,811,0,0,497,0,497,G
7-M,812,482,0,2,0,484,A
7-M,813,0,486,0,0,486,T
7-M,814,0,484,0,0,484,T
7-M,815,1,0,0,480,481,C
7-M,816,0,482,0,1,483,T
7-M,817,0,479,0,0,479,T
7-M,818,0,3,474,0,477,G
7-M,819,474,0,0,0,474,A
7-M,820,0,473,0,1,474,T
7-M,821,4,2,0,469,475,C
7-M,822,0,0,473,0,473,G
7-M,823,0,470,0,0,470,T
7-M,824,0,0,0,470,470,C
7-M,825,0,466,0,1,467,T
7-M,826,0,469,0,0,469,T
7-M,827,0,470,0,0,470,T
7-M,828,0,468,0,0,468,T
7-M,829,0,471,0,0,471,T
7-M,830,0,472,0,0,472,T
7-M,831,0,469,0,1,470,T
7-M,832,3,1,0,464,468,C
7-M,833,469,0,0,1,470,A
7-M,834,472,0,0,0,472,A
7-M,835,469,0,1,1,471,A
7-M,836,0,472,0,0,472,T
7-M,837,0,0,472,0,472,G
7-M,838,0,0,0,467,467,C
7-M,839,1,0,470,0,471,G
7-M,840,0,473,0,1,474,T
7-M,841,1,0,0,473,474,C
7-M,842,0,480,0,0,480,T
7-M,843,479,0,0,1,480,A
7-M,844,0,478,0,1,479,T
7-M,845,2,0,0,476,478,C
7-M,846,0,1,478,0,479,G
7-M,847,473,0,0,0,473,A
7-M,848,0,0,0,472,472,C
7-M,849,0,453,0,0,453,T
7-M,850,1,0,0,476,477,C
7-M,851,0,476,0,0,476,T
7-M,852,0,476,0,0,476,T
7-M,853,1,0,0,475,476,C
7-M,854,478,0,0,0,478,A
7-M,855,481,0,0,0,481,A
7-M,856,476,0,0,1,477,A
7-M,857,0,0,0,478,478,C
7-M,858,471,1,0,1,473,A
7-M,859,0,0,0,458,458,C
7-M,860,0,0,449,0,449,G
7-M,861,0,1,479,0,480,G
7-M,862,0,0,0,478,478,C
7-M,863,3,0,0,474,477,C
7-M,864,1,477,0,0,478,T
7-M,865,0,480,0,0,480,T
7-M,866,481,0,0,0,481,A
7-M,867,481,0,0,0,481,A
7-M,868,483,0,0,0,483,A
7-M,869,482,0,0,0,482,A
7-M,870,0,0,471,0,471,G
7-M,871,411,0,0,0,411,A
7-M,872,0,0,409,0,409,G
7-M,873,0,0,409,0,409,G
7-M,874,1,0,0,405,406,C
7-M,875,1,1,0,404,406,C
7-M,876,1,49,0,357,407,C
7-M,877,0,407,0,1,408,T
7-M,878,0,411,0,0,411,T
7-M,879,0,0,0,410,410,C
7-M,880,0,409,0,0,409,T
7-M,881,412,0,0,0,412,A
7-M,882,1,0,0,409,410,C
7-M,883,0,1,405,0,406,G
7-M,884,0,3,401,0,404,G
7-M,885,398,0,0,0,398,A
7-M,886,398,0,0,0,398,A
7-M,887,0,1,395,0,396,G
7-M,888,0,1,406,0,407,G
7-M,889,398,0,2,0,400,A
7-M,890,0,0,405,0,405,G
7-M,891,0,405,0,0,405,T
7-M,892,407,0,0,0,407,A
7-M,893,0,0,0,400,400,C
7-M,894,2,0,0,398,400,C
7-M,895,0,397,0,1,398,T
7-M,896,0,0,400,0,400,G
7-M,897,384,0,0,0,384,A
7-M,898,0,0,394,0,394,G
7-M,899,0,384,0,1,385,T
7-M,900,0,0,0,386,386,C
7-M,901,0,370,0,0,370,T
7-M,902,370,0,1,0,371,A
7-M,903,0,365,0,6,371,T
7-M,904,0,0,373,0,373,G
7-M,905,360,0,0,0,360,A
7-M,906,0,2,361,0,363,G
7-M,907,0,0,329,0,329,G
7-M,908,0,1,327,0,328,G
7-M,909,326,0,0,0,326,A
7-M,910,326,0,0,0,326,A
7-M,911,0,0,326,0,326,G
7-M,912,318,0,0,0,318,A
7-M,913,319,0,0,0,319,A
7-M,914,0,317,0,0,317,T
7-M,915,316,0,0,0,316,A
7-M,916,0,316,0,0,316,T
7-M,917,1,2,0,306,309,C
7-M,918,1,0,308,0,309,G
7-M,919,309,0,0,0,309,A
7-M,920,304,0,0,0,304,A
7-M,921,302,1,0,0,303,A
7-M,922,1,0,302,0,303,G
7-M,923,0,1,306,0,307,G
7-M,924,307,0,0,0,307,A
7-M,925,305,0,0,0,305,A
7-M,926,0,0,0,305,305,C
7-M,927,305,0,0,0,305,A
7-M,928,0,0,307,0,307,G
7-M,929,0,0,0,309,309,C
7-M,930,309,0,0,0,309,A
7-M,931,0,0,308,0,308,G
7-M,932,291,0,0,0,291,A
7-M,933,291,0,0,0,291,A
7-M,934,0,290,0,0,290,T
7-M,935,0,0,284,0,284,G
7-M,936,1,0,0,282,283,C
7-M,937,0,259,0,0,259,T
7-M,938,0,0,261,0,261,G
7-M,939,0,257,0,1,258,T
7-M,940,0,0,258,0,258,G
7-M,941,0,0,258,0,258,G
7-M,942,248,0,0,0,248,A
7-M,943,0,249,0,0,249,T
7-M,944,1,0,241,0,242,G
7-M,945,0,0,0,236,236,C
7-M,946,0,227,0,0,227,T
7-M,947,0,0,226,0,226,G
7-M,948,224,0,0,0,224,A
7-M,949,0,0,0,221,221,C
7-M,950,0,1,218,0,219,G
7-M,951,219,0,0,0,219,A
7-M,952,0,0,0,220,220,C
7-M,953,216,0,0,0,216,A
7-M,954,0,0,216,0,216,G
7-M,955,0,216,0,0,216,T
7-M,956,0,0,0,215,215,C
7-M,957,214,0,0,0,214,A
7-M,958,0,211,0,0,211,T
7-M,959,0,211,0,1,212,T
7-M,960,0,212,0,0,212,T
7-M,961,1,206,0,0,207,T
7-M,962,0,0,208,0,208,G
7-M,963,0,196,0,0,196,T
7-M,964,3,0,0,193,196,C
7-M,965,186,0,0,0,186,A
7-M,966,0,0,186,0,186,G
7-M,967,0,0,0,184,184,C
7-M,968,185,0,0,0,185,A
7-M,969,0,185,0,0,185,T
7-M,970,172,0,0,0,172,A
7-M,971,0,0,172,0,172,G
7-M,972,167,0,0,0,167,A
7-M,973,0,0,165,0,165,G
7-M,974,0,0,0,103,103,C
7-M,975,0,102,0,0,102,T
7-M,976,0,0,103,0,103,G
7-M,977,0,0,103,0,103,G
7-M,978,103,0,0,0,103,A
7-M,979,0,0,101,0,101,G
7-M,980,0,58,0,0,58,T
7-M,981,56,0,0,0,56,A
7-M,982,56,0,0,0,56,A
8-NS,1,2044,0,0,0,2044,A
8-NS,2,0,2053,0,0,2053,T
8-NS,3,0,0,2190,0,2190,G
8-NS,4,0,7,2358,0,2365,G
8-NS,5,2556,0,0,0,2556,A
8-NS,6,0,5014,1,1,5016,T
8-NS,7,0,5036,0,2,5038,T
8-NS,8,5,0,0,5195,5200,C
8-NS,9,5,1,0,5200,5206,C
8-NS,10,5207,1,8,0,5216,A
8-NS,11,5268,2,2,0,5272,A
8-NS,12,1,3,0,5264,5268,C
8-NS,13,5273,1,1,1,5276,A
8-NS,14,0,1,0,5355,5356,C
8-NS,15,0,5356,0,4,5360,T
8-NS,16,1,0,5902,0,5903,G
8-NS,17,1,5904,0,7,5912,T
8-NS,18,5,1,5961,0,5967,G
8-NS,19,0,5974,1,8,5983,T
8-NS,20,27,0,0,5958,5985,C
8-NS,21,5984,0,2,1,5987,A
8-NS,22,5985,0,1,0,5986,A
8-NS,23,0,0,6067,0,6067,G
8-NS,24,0,6212,1,4,6217,T
8-NS,25,0,6213,0,0,6213,T
8-NS,26,1,6265,0,2,6268,T
8-NS,27,11,0,0,6253,6264,C
8-NS,28,4,3,1,6286,6294,C
8-NS,29,6289,0,5,2,6296,A
8-NS,30,1,7,6358,0,6366,G
8-NS,31,2,0,6421,0,6423,G
8-NS,32,0,6388,0,1,6389,T
8-NS,33,6450,0,2,0,6452,A
8-NS,34,3,13,6481,1,6498,G
8-NS,35,6493,0,6,0,6499,A
8-NS,36,1,6552,0,1,6554,T
8-NS,37,1,6546,0,1,6548,T
8-NS,38,1,2,6616,0,6619,G
8-NS,39,0,0,0,6619,6619,C
8-NS,40,0,6625,1,10,6636,T
8-NS,41,0,6688,0,2,6690,T
8-NS,42,0,6727,0,3,6730,T
8-NS,43,9,0,0,6844,6853,C
8-NS,44,0,6833,0,5,6838,T
8-NS,45,2,6826,0,1,6829,T
8-NS,46,1,6831,0,3,6835,T
8-NS,47,1,16,6894,1,6912,G
8-NS,48,0,2,6872,0,6874,G
8-NS,49,4,3,0,6910,6917,C
8-NS,50,6909,0,2,0,6911,A
8-NS,51,1,6927,0,2,6930,T
8-NS,52,6980,1,1,1,6983,A
8-NS,53,0,7151,0,2,7153,T
8-NS,54,6,1,0,7168,7175,C
8-NS,55,10,10,1,7150,7171,C
8-NS,56,8,13,7141,0,7162,G
8-NS,57,3,8,7197,0,7208,G
8-NS,58,7211,3,2,7,7223,A
8-NS,59,7243,0,2,0,7245,A
8-NS,60,7276,0,4,1,7281,A
8-NS,61,0,1,0,7351,7352,C
8-NS,62,7312,1,5,0,7318,A
8-NS,63,7316,0,5,0,7321,A
8-NS,64,1,3,7649,0,7653,G
8-NS,65,1,7680,0,6,7687,T
8-NS,66,4,7640,2,2,7648,T
8-NS,67,2,1,7676,0,7679,G
8-NS,68,2,7684,0,1,7687,T
8-NS,69,7669,0,11,0,7680,A
8-NS,70,0,36,7651,0,7687,G
8-NS,71,7760,0,4,0,7764,A
8-NS,72,1,5,1,7816,7823,C
8-NS,73,19,0,0,7678,7697,C
8-NS,74,7702,1,2,0,7705,A
8-NS,75,7915,0,3,0,7918,A
8-NS,76,0,10,8124,0,8134,G
8-NS,77,8115,1,0,0,8116,A
8-NS,78,8143,0,1,0,8144,A
8-NS,79,7998,0,2,4,8004,A
8-NS,80,1,8108,0,1,8110,T
8-NS,81,2,29,8132,0,8163,G
8-NS,82,8138,1,12,0,8151,A
8-NS,83,1,0,8373,0,8374,G
8-NS,84,2,8259,0,7,8268,T
8-NS,85,1,17,8161,0,8179,G
8-NS,86,8235,0,4,0,8239,A
8-NS,87,0,8227,0,1,8228,T
8-NS,88,5,4,8397,0,8406,G
8-NS,89,1,4,0,8561,8566,C
8-NS,90,10,5,0,8573,8588,C
8-NS,91,18,3,0,8643,8664,C
8-NS,92,19,7,0,8566,8592,C
8-NS,93,8636,0,0,0,8636,A
8-NS,94,0,8765,0,1,8766,T
8-NS,95,1,8903,0,1,8905,T
8-NS,96,13,2,0,8953,8968,C
8-NS,97,12,0,0,8863,8875,C
8-NS,98,0,8830,1,8,8839,T
8-NS,99,0,8789,0,4,8793,T
8-NS,100,1,33,8753,0,8787,G
8-NS,101,8733,1,0,0,8734,A
8-NS,102,0,8754,1,4,8759,T
8-NS,103,21,5,0,8702,8728,C
8-NS,104,4,14,8658,0,8676,G
8-NS,105,1,2,8722,0,8725,G
8-NS,106,0,1,0,8758,8759,C
8-NS,107,0,8726,0,5,8731,T
8-NS,108,1,8785,0,1,8787,T
8-NS,109,12,3,0,8772,8787,C
8-NS,110,1,2,8821,1,8825,G
8-NS,111,1,5,0,8817,8823,C
8-NS,112,13,0,0,8815,8828,C
8-NS,113,4,19,8839,0,8862,G
8-NS,114,8712,2,2,1,8717,A
8-NS,115,0,26,9163,0,9189,G
8-NS,116,9183,1,2,0,9186,A
8-NS,117,0,9229,0,2,9231,T
8-NS,118,25,4,0,9231,9260,C
8-NS,119,9199,1,7,0,9207,A
8-NS,120,2,8,9241,0,9251,G
8-NS,121,9219,2,7,0,9228,A
8-NS,122,1,16,9304,0,9321,G
8-NS,123,2,6,9456,0,9464,G
8-NS,124,2,9488,1,4,9495,T
8-NS,125,26,1,0,10130,10157,C
8-NS,126,18,1,0,10173,10192,C
8-NS,127,16,0,0,10252,10268,C
8-NS,128,1,10263,1,1,10266,T
8-NS,129,10288,1,2,0,10291,A
8-NS,130,10261,1,5,0,10267,A
8-NS,131,2,36,10422,0,10460,G
8-NS,132,1,26,10429,0,10456,G
8-NS,133,2,7,10366,0,10375,G
8-NS,134,1,12,10148,0,10161,G
8-NS,135,10089,0,3,0,10092,A
8-NS,136,10123,1,6,1,10131,A
8-NS,137,2,14,10183,0,10199,G
8-NS,138,10498,1,11,0,10510,A
8-NS,139,0,9,10646,0,10655,G
8-NS,140,2,3,10611,0,10616,G
8-NS,141,6,7,0,10634,10647,C
8-NS,142,10627,0,5,0,10632,A
8-NS,143,10661,1,1,1,10664,A
8-NS,144,0,10673,1,1,10675,T
8-NS,145,10737,0,2,0,10739,A
8-NS,146,0,0,0,10931,10931,C
8-NS,147,2,10631,1,6,10640,T
8-NS,148,26,0,0,10623,10649,C
8-NS,149,0,10476,0,22,10498,T
8-NS,150,21,12,0,10574,10607,C
8-NS,151,8,29,10689,0,10726,G
8-NS,152,2,1,11266,0,11269,G
8-NS,153,0,11249,0,6,11255,T
8-NS,154,43,1,0,11271,11315,C
8-NS,155,0,11219,0,5,11224,T
8-NS,156,11347,1,5,0,11353,A
8-NS,157,2,26,11328,0,11356,G
8-NS,158,11332,2,9,1,11344,A
8-NS,159,0,6,1,11671,11678,C
8-NS,160,11489,0,4,0,11493,A
8-NS,161,3,11237,1,6,11247,T
8-NS,162,22,1,0,11222,11245,C
8-NS,163,11216,1,2,0,11219,A
8-NS,164,11225,0,2,1,11228,A
8-NS,165,11147,0,5,21,11173,A
8-NS,166,2,0,11189,0,11191,G
8-NS,167,4,2,0,11237,11243,C
8-NS,168,11055,2,9,0,11066,A
8-NS,169,1,2,11127,0,11130,G
8-NS,170,4,2,1,11122,11129,C
8-NS,171,25,2,0,11143,11170,C
8-NS,172,11221,0,5,2,11228,A
8-NS,173,2,1,0,11425,11428,C
8-NS,174,15,2,1,11413,11431,C
8-NS,175,37,1,0,11380,11418,C
8-NS,176,11530,65,2,1,11598,A
8-NS,177,2,11615,0,1,11618,T
8-NS,178,0,3,11643,0,11646,G
8-NS,179,1,11592,2,6,11601,T
8-NS,180,0,11348,0,204,11552,T
8-NS,181,1,15,11488,0,11504,G
8-NS,182,2,18,11408,1,11429,G
8-NS,183,11348,2,11,0,11361,A
8-NS,184,11380,0,4,0,11384,A
8-NS,185,11203,1,4,2,11210,A
8-NS,186,1,5,11281,0,11287,G
8-NS,187,3,3,0,11272,11278,C
8-NS,188,11291,1,2,0,11294,A
8-NS,189,11259,1,6,4,11270,A
8-NS,190,11239,0,3,0,11242,A
8-NS,191,0,11358,0,1,11359,T
8-NS,192,3,11358,0,1,11362,T
8-NS,193,2,3,11589,0,11594,G
8-NS,194,2,11568,0,2,11572,T
8-NS,195,11509,0,10,0,11519,A
8-NS,196,3,20,11505,0,11528,G
8-NS,197,11524,0,0,1,11525,A
8-NS,198,11495,0,0,2,11497,A
8-NS,199,11512,0,0,0,11512,A
8-NS,200,11398,2,7,0,11407,A
8-NS,201,4,15,11446,0,11465,G
8-NS,202,11295,0,3,1,11299,A
8-NS,203,2,11289,0,1,11292,T
8-NS,204,1,11288,0,3,11292,T
8-NS,205,23,1,0,11286,11310,C
8-NS,206,0,11292,1,3,11296,T
8-NS,207,2,12,11307,1,11322,G
8-NS,208,11313,0,4,0,11317,A
8-NS,209,11308,0,1,0,11309,A
8-NS,210,11260,1,8,0,11269,A
8-NS,211,2,10,11304,0,11316,G
8-NS,212,11282,0,1,0,11283,A
8-NS,213,11300,1,9,0,11310,A
8-NS,214,0,27,11365,0,11392,G
8-NS,215,11467,0,5,0,11472,A
8-NS,216,11511,0,4,0,11515,A
8-NS,217,2,11527,1,0,11530,T
8-NS,218,20,3,1,11623,11647,C
8-NS,219,0,11618,0,6,11624,T
8-NS,220,2,26,11658,0,11686,G
8-NS,221,11677,1,9,1,11688,A
8-NS,222,4,11671,0,2,11677,T
8-NS,223,2,23,11570,0,11595,G
8-NS,224,11442,0,16,3,11461,A
8-NS,225,3,19,11441,1,11464,G
8-NS,226,1,3,11426,0,11430,G
8-NS,227,6,5,1,11424,11436,C
8-NS,228,11448,1,8,0,11457,A
8-NS,229,1,2,0,11777,11780,C
8-NS,230,0,11750,0,2,11752,T
8-NS,231,4,11810,1,1,11816,T
8-NS,232,11874,1,3,0,11878,A
8-NS,233,11898,2,1,1,11902,A
8-NS,234,11890,0,1,0,11891,A
8-NS,235,11859,0,1,0,11860,A
8-NS,236,1,11860,1,1,11863,T
8-NS,237,3,56,11825,0,11884,G
8-NS,238,11866,0,8,0,11874,A
8-NS,239,1,3,1,11889,11894,C
8-NS,240,31,0,1,11816,11848,C
8-NS,241,11844,0,0,0,11844,A
8-NS,242,2,11815,0,5,11822,T
8-NS,243,4,21,12037,0,12062,G
8-NS,244,2,3,12207,0,12212,G
8-NS,245,2,12217,0,10,12229,T
8-NS,246,43,6,0,12816,12865,C
8-NS,247,1,12751,0,18,12770,T
8-NS,248,19,1,0,12957,12977,C
8-NS,249,20,1,0,12971,12992,C
8-NS,250,12999,2,9,1,13011,A
8-NS,251,2,2,0,13137,13141,C
8-NS,252,12900,4,3,2,12909,A
8-NS,253,0,2,0,12956,12958,C
8-NS,254,10,2,0,12871,12883,C
8-NS,255,0,12303,0,6,12309,T
8-NS,256,2,3,12355,0,12360,G
8-NS,257,1,1,0,12300,12302,C
8-NS,258,0,12241,0,6,12247,T
8-NS,259,2,12310,2,1,12315,T
8-NS,260,15,8,1,12224,12248,C
8-NS,261,8,4,12249,1,12262,G
8-NS,262,3,3,0,12251,12257,C
8-NS,263,5,28,12230,0,12263,G
8-NS,264,12954,1,13,1,12969,A
8-NS,265,0,12980,0,3,12983,T
8-NS,266,13381,1,5,0,13387,A
8-NS,267,0,2,0,13447,13449,C
8-NS,268,13400,0,3,1,13404,A
8-NS,269,1,13767,0,0,13768,T
8-NS,270,13688,1,4,0,13693,A
8-NS,271,13749,0,1,0,13750,A
8-NS,272,2,1,0,13763,13766,C
8-NS,273,1,13293,0,7,13301,T
8-NS,274,1,51,13407,2,13461,G
8-NS,275,13196,2,9,1,13208,A
8-NS,276,1,5,1,13298,13305,C
8-NS,277,13256,2,11,0,13269,A
8-NS,278,1,13118,2,5,13126,T
8-NS,279,2,52,13102,0,13156,G
8-NS,280,13128,1,7,1,13137,A
8-NS,281,4,1,0,13597,13602,C
8-NS,282,2,13528,2,1,13533,T
8-NS,283,13736,2,0,0,13738,A
8-NS,284,1,13721,1,3,13726,T
8-NS,285,0,13604,0,6,13610,T
8-NS,286,3,28,13578,0,13609,G
8-NS,287,13511,5,21,1,13538,A
8-NS,288,3,27,13493,0,13523,G
8-NS,289,3,48,13458,0,13509,G
8-NS,290,13119,5,0,1,13125,A
8-NS,291,13142,1,6,0,13149,A
8-NS,292,3,12944,1,1,12949,T
8-NS,293,2,12963,0,0,12965,T
8-NS,294,3,2,13181,0,13186,G
8-NS,295,3,13157,0,6,13166,T
8-NS,296,60,0,1,13108,13169,C
8-NS,297,13158,0,7,0,13165,A
8-NS,298,13171,0,6,0,13177,A
8-NS,299,2,25,13159,0,13186,G
8-NS,300,13227,1,2,2,13232,A
8-NS,301,13232,1,1,1,13235,A
8-NS,302,13232,1,4,3,13240,A
8-NS,303,0,0,0,13232,13232,C
8-NS,304,2,13051,1,1,13055,T
8-NS,305,1,23,13303,0,13327,G
8-NS,306,2,2,13473,1,13478,G
8-NS,307,2,13478,0,2,13482,T
8-NS,308,0,13458,1,12,13471,T
8-NS,309,56,6,0,13331,13393,C
8-NS,310,13443,3,7,0,13453,A
8-NS,311,2,13607,1,8,13618,T
8-NS,312,3,6,13701,0,13710,G
8-NS,313,5,3,0,13793,13801,C
8-NS,314,1,13604,0,17,13622,T
8-NS,315,13460,0,8,0,13468,A
8-NS,316,13447,0,1,3,13451,A
8-NS,317,1,13552,1,5,13559,T
8-NS,318,3,7,13568,0,13578,G
8-NS,319,2,1,0,13548,13551,C
8-NS,320,19,2,0,13390,13411,C
8-NS,321,32,2,0,13363,13397,C
8-NS,322,13366,2,1,0,13369,A
8-NS,323,13450,2,7,0,13459,A
8-NS,324,2,1,13501,0,13504,G
8-NS,325,3,4,0,13508,13515,C
8-NS,326,13440,0,12,0,13452,A
8-NS,327,1,14,13503,0,13518,G
8-NS,328,13429,2,8,0,13439,A
8-NS,329,13489,1,2,1,13493,A
8-NS,330,13489,1,3,0,13493,A
8-NS,331,1,2,13716,0,13719,G
8-NS,332,1,13590,1,4,13596,T
8-NS,333,7,15,13574,2,13598,G
8-NS,334,1,24,13580,0,13605,G
8-NS,335,13590,2,9,0,13601,A
8-NS,336,13504,3,8,1,13516,A
8-NS,337,1,23,13458,0,13482,G
8-NS,338,0,33,13517,0,13550,G
8-NS,339,13516,1,10,0,13527,A
8-NS,340,1,2,0,13638,13641,C
8-NS,341,12,3,1,13539,13555,C
8-NS,342,2,13574,0,4,13580,T
8-NS,343,24,1,0,14243,14268,C
8-NS,344,0,14263,0,4,14267,T
8-NS,345,2,14259,0,4,14265,T
8-NS,346,0,14265,1,4,14270,T
8-NS,347,13781,1,8,0,13790,A
8-NS,348,0,0,0,14171,14171,C
8-NS,349,14175,1,2,0,14178,A
8-NS,350,0,14150,1,7,14158,T
8-NS,351,21,5,0,14173,14199,C
8-NS,352,13792,1,1,0,13794,A
8-NS,353,1,28,14179,0,14208,G
8-NS,354,14135,2,1,3,14141,A
8-NS,355,14156,3,2,0,14161,A
8-NS,356,0,14123,0,0,14123,T
8-NS,357,2,34,13880,1,13917,G
8-NS,358,13,43,13986,1,14043,G
8-NS,359,14029,1,11,1,14042,A
8-NS,360,2,4,0,14028,14034,C
8-NS,361,24,2,1,13708,13735,C
8-NS,362,13513,4,11,1,13529,A
8-NS,363,2,25,13689,1,13717,G
8-NS,364,2,2,13678,1,13683,G
8-NS,365,5,4,0,13718,13727,C
8-NS,366,13611,1,2,0,13614,A
8-NS,367,13703,1,0,0,13704,A
8-NS,368,0,13667,0,4,13671,T
8-NS,369,33,1,2,13645,13681,C
8-NS,370,13635,2,7,2,13646,A
8-NS,371,1,13621,0,3,13625,T
8-NS,372,18,19,13465,0,13502,G
8-NS,373,1,34,13561,1,13597,G
8-NS,374,13525,1,3,2,13531,A
8-NS,375,1,24,13634,0,13659,G
8-NS,376,13483,1,1,1,13486,A
8-NS,377,13495,1,1,0,13497,A
8-NS,378,13532,1,3,0,13536,A
8-NS,379,13515,2,3,0,13520,A
8-NS,380,13573,1,7,2,13583,A
8-NS,381,0,2,1,13600,13603,C
8-NS,382,13495,2,7,0,13504,A
8-NS,383,0,13430,2,3,13435,T
8-NS,384,22,3,1,13338,13364,C
8-NS,385,13322,1,9,0,13332,A
8-NS,386,1,3,0,13260,13264,C
8-NS,387,5,1,13377,0,13383,G
8-NS,388,1,13376,1,6,13384,T
8-NS,389,1,13374,0,7,13382,T
8-NS,390,3,35,13344,1,13383,G
8-NS,391,13337,1,5,0,13343,A
8-NS,392,13363,2,5,1,13371,A
8-NS,393,13350,2,12,0,13364,A
8-NS,394,2,3,13425,0,13430,G
8-NS,395,8,6,0,13309,13323,C
8-NS,396,6,53,13295,0,13354,G
8-NS,397,13341,1,5,0,13347,A
8-NS,398,13369,0,14,1,13384,A
8-NS,399,3,13355,1,3,13362,T
8-NS,400,2,13323,1,6,13332,T
8-NS,401,1,13340,0,2,13343,T
8-NS,402,30,2,0,13348,13380,C
8-NS,403,13233,1,9,0,13243,A
8-NS,404,1,0,13301,1,13303,G
8-NS,405,2,13225,0,7,13234,T
8-NS,406,2,0,13266,0,13268,G
8-NS,407,4,13175,1,19,13199,T
8-NS,408,3,39,13222,0,13264,G
8-NS,409,13376,1,0,1,13378,A
8-NS,410,1,13374,0,0,13375,T
8-NS,411,0,13366,1,3,13370,T
8-NS,412,2,13336,1,2,13341,T
8-NS,413,2,13316,1,0,13319,T
8-NS,414,1,13326,1,3,13331,T
8-NS,415,0,75,13238,0,13313,G
8-NS,416,13293,1,17,0,13311,A
8-NS,417,2,5,0,13271,13278,C
8-NS,418,29,8,0,13085,13122,C
8-NS,419,4,61,13139,1,13205,G
8-NS,420,13871,1,1,0,13873,A
8-NS,421,8,1,0,14141,14150,C
8-NS,422,0,14176,0,7,14183,T
8-NS,423,14256,2,5,1,14264,A
8-NS,424,1,18,14247,0,14266,G
8-NS,425,14258,0,22,0,14280,A
8-NS,426,3,45,14368,0,14416,G
8-NS,427,14356,2,10,0,14368,A
8-NS,428,1,2,0,14835,14838,C
8-NS,429,29,3,1,14190,14223,C
8-NS,430,13767,1,3,1,13772,A
8-NS,431,0,14555,0,2,14557,T
8-NS,432,14482,0,4,0,14486,A
8-NS,433,2,3,15712,0,15717,G
8-NS,434,0,15569,0,1,15570,T
8-NS,435,15475,1,2,0,15478,A
8-NS,436,0,15465,0,2,15467,T
8-NS,437,0,14975,0,4,14979,T
8-NS,438,15451,0,3,1,15455,A
8-NS,439,3,3,0,15453,15459,C
8-NS,440,0,14775,1,6,14782,T
8-NS,441,14716,1,0,0,14717,A
8-NS,442,13282,1,3,1,13287,A
8-NS,443,1,41,13338,0,13380,G
8-NS,444,1,14,13356,2,13373,G
8-NS,445,2,5,13397,0,13404,G
8-NS,446,2,2,1,13241,13246,C
8-NS,447,3,12977,0,17,12997,T
8-NS,448,1,12965,1,6,12973,T
8-NS,449,1,13149,0,5,13155,T
8-NS,450,17,2,0,13162,13181,C
8-NS,451,13314,0,13,1,13328,A
8-NS,452,3,1,0,13398,13402,C
8-NS,453,17,9,0,13211,13237,C
8-NS,454,11,17,13234,1,13263,G
8-NS,455,13225,0,4,0,13229,A
8-NS,456,13245,3,4,1,13253,A
8-NS,457,1,17,13283,0,13301,G
8-NS,458,13134,1,9,1,13145,A
8-NS,459,0,23,13207,0,13230,G
8-NS,460,2,17,13016,1,13036,G
8-NS,461,5,42,13107,0,13154,G
8-NS,462,13057,0,39,0,13096,A
8-NS,463,5,2,13131,0,13138,G
8-NS,464,3,2,0,13099,13104,C
8-NS,465,13098,0,3,0,13101,A
8-NS,466,13117,0,5,0,13122,A
8-NS,467,0,13103,1,0,13104,T
8-NS,468,1,13067,1,1,13070,T
8-NS,469,6,2,13076,1,13085,G
8-NS,470,0,12885,0,0,12885,T
8-NS,471,0,12876,1,5,12882,T
8-NS,472,5,14,12860,0,12879,G
8-NS,473,6,5,12872,0,12883,G
8-NS,474,7,7,1,12854,12869,C
8-NS,475,5,29,12860,0,12894,G
8-NS,476,12918,1,4,0,12923,A
8-NS,477,13003,0,1,0,13004,A
8-NS,478,13075,0,2,0,13077,A
8-NS,479,1,12900,0,199,13100,T
8-NS,480,28,2,0,13087,13117,C
8-NS,481,2,13025,0,5,13032,T
8-NS,482,33,2,0,13044,13079,C
8-NS,483,13116,1,15,0,13132,A
8-NS,484,2,2,0,13172,13176,C
8-NS,485,28,1,0,13137,13166,C
8-NS,486,13009,2,5,1,13017,A
8-NS,487,0,12953,0,5,12958,T
8-NS,488,1,12816,0,1,12818,T
8-NS,489,4,3,12863,0,12870,G
8-NS,490,2,2,0,12834,12838,C
8-NS,491,19,2,0,12792,12813,C
8-NS,492,2,12794,1,21,12818,T
8-NS,493,2,12746,2,12,12762,T
8-NS,494,10,2,0,12832,12844,C
8-NS,495,0,12825,0,4,12829,T
8-NS,496,1,12825,0,3,12829,T
8-NS,497,0,12989,0,5,12994,T
8-NS,498,0,12903,0,1,12904,T
8-NS,499,16,0,0,12917,12933,C
8-NS,500,14,3,0,12920,12937,C
8-NS,501,12875,1,11,2,12889,A
8-NS,502,2,18,13074,0,13094,G
8-NS,503,2,23,13014,0,13039,G
8-NS,504,13279,1,4,0,13284,A
8-NS,505,2,5,0,13292,13299,C
8-NS,506,13436,1,6,0,13443,A
8-NS,507,1,13482,0,7,13490,T
8-NS,508,13495,1,6,1,13503,A
8-NS,509,4,3,0,14666,14673,C
8-NS,510,1,14612,1,5,14619,T
8-NS,511,14450,4,4,0,14458,A
8-NS,512,1,14403,1,2,14407,T
8-NS,513,1,13880,1,4,13886,T
8-NS,514,2,18,13862,0,13882,G
8-NS,515,13270,4,12,1,13287,A
8-NS,516,0,22,13304,0,13326,G
8-NS,517,2,13,13238,2,13255,G
8-NS,518,11832,1,3,2,11838,A
8-NS,519,2,11841,0,4,11847,T
8-NS,520,2,0,11807,0,11809,G
8-NS,521,4,11726,0,11,11741,T
8-NS,522,42,0,0,11751,11793,C
8-NS,523,11837,2,4,0,11843,A
8-NS,524,11836,1,2,0,11839,A
8-NS,525,11814,0,3,2,11819,A
8-NS,526,11765,0,2,0,11767,A
8-NS,527,11856,1,1,1,11859,A
8-NS,528,0,11817,2,3,11822,T
8-NS,529,2,6,11821,0,11829,G
8-NS,530,5,1,2,11926,11934,C
8-NS,531,11914,1,5,1,11921,A
8-NS,532,11982,1,2,1,11986,A
8-NS,533,0,12003,1,0,12004,T
8-NS,534,0,12027,0,3,12030,T
8-NS,535,4,30,11983,0,12017,G
8-NS,536,3,26,11915,0,11944,G
8-NS,537,4,20,11911,0,11935,G
8-NS,538,3,4,12021,1,12029,G
8-NS,539,0,11818,2,15,11835,T
8-NS,540,32,1,0,11917,11950,C
8-NS,541,20,1,0,11910,11931,C
8-NS,542,2,11906,1,22,11931,T
8-NS,543,23,2,0,12042,12067,C
8-NS,544,12021,1,5,0,12027,A
8-NS,545,0,12042,1,1,12044,T
8-NS,546,17,5,1,12056,12079,C
8-NS,547,5,11,11924,1,11941,G
8-NS,548,0,18,11935,0,11953,G
8-NS,549,11736,1,7,0,11744,A
8-NS,550,1,23,11761,0,11785,G
8-NS,551,3,35,11834,1,11873,G
8-NS,552,11677,1,5,1,11684,A
8-NS,553,1,2,1,11834,11838,C
8-NS,554,0,11748,0,53,11801,T
8-NS,555,2,11790,0,3,11795,T
8-NS,556,2,31,11845,0,11878,G
8-NS,557,11828,1,6,0,11835,A
8-NS,558,11853,0,3,1,11857,A
8-NS,559,1,11802,0,1,11804,T
8-NS,560,3,17,11516,0,11536,G
8-NS,561,0,23,11689,1,11713,G
8-NS,562,11525,0,7,0,11532,A
8-NS,563,11642,1,3,0,11646,A
8-NS,564,0,12205,0,2,12207,T
8-NS,565,0,22,12271,0,12293,G
8-NS,566,12332,0,6,0,12338,A
8-NS,567,1,12331,1,0,12333,T
8-NS,568,12321,1,10,0,12332,A
8-NS,569,12381,2,7,0,12390,A
8-NS,570,1,3,0,12246,12250,C
8-NS,571,12050,1,4,1,12056,A
8-NS,572,1,3,0,12129,12133,C
8-NS,573,10990,1,3,0,10994,A
8-NS,574,1,0,11224,0,11225,G
8-NS,575,1,11130,0,5,11136,T
8-NS,576,1,11072,0,1,11074,T
8-NS,577,50,3,0,11073,11126,C
8-NS,578,5,29,11031,0,11065,G
8-NS,579,11044,1,4,0,11049,A
8-NS,580,0,1,11063,0,11064,G
8-NS,581,2,10913,0,5,10920,T
8-NS,582,41,0,0,10936,10977,C
8-NS,583,2,10688,2,16,10708,T
8-NS,584,20,0,0,10824,10844,C
8-NS,585,4,10867,0,7,10878,T
8-NS,586,10872,0,1,0,10873,A
8-NS,587,10875,1,3,0,10879,A
8-NS,588,10850,0,0,0,10850,A
8-NS,589,10953,0,0,0,10953,A
8-NS,590,10958,0,1,1,10960,A
8-NS,591,0,10798,1,0,10799,T
8-NS,592,13,0,0,10913,10926,C
8-NS,593,1,10814,1,3,10819,T
8-NS,594,10869,0,6,0,10875,A
8-NS,595,1,3,0,10877,10881,C
8-NS,596,10682,1,173,0,10856,A
8-NS,597,1,19,10862,0,10882,G
8-NS,598,10649,0,8,0,10657,A
8-NS,599,0,24,10688,0,10712,G
8-NS,600,10687,3,0,0,10690,A
8-NS,601,0,10521,2,2,10525,T
8-NS,602,1,10509,0,2,10512,T
8-NS,603,40,3,1,10496,10540,C
8-NS,604,2,3,10535,0,10540,G
8-NS,605,4,1,1,10539,10545,C
8-NS,606,0,10489,0,5,10494,T
8-NS,607,0,10523,2,5,10530,T
8-NS,608,1,14,10475,0,10490,G
8-NS,609,0,24,10557,0,10581,G
8-NS,610,10553,0,5,0,10558,A
8-NS,611,2,7,10567,0,10576,G
8-NS,612,10217,2,275,0,10494,A
8-NS,613,10448,0,4,0,10452,A
8-NS,614,0,1,10657,0,10658,G
8-NS,615,2,1,0,10659,10662,C
8-NS,616,10655,2,15,0,10672,A
8-NS,617,3,1,10827,0,10831,G
8-NS,618,1,10710,0,1,10712,T
8-NS,619,10758,1,3,1,10763,A
8-NS,620,10780,0,1,1,10782,A
8-NS,621,0,10743,0,1,10744,T
8-NS,622,1,43,10763,0,10807,G
8-NS,623,10314,0,5,0,10319,A
8-NS,624,3,27,10511,0,10541,G
8-NS,625,10488,0,4,0,10492,A
8-NS,626,10142,0,5,0,10147,A
8-NS,627,1,10072,0,32,10105,T
8-NS,628,1,26,9917,0,9944,G
8-NS,629,0,16,9955,0,9971,G
8-NS,630,1,14,9896,0,9911,G
8-NS,631,2,13,9903,0,9918,G
8-NS,632,2,27,9921,1,9951,G
8-NS,633,9668,0,6,0,9674,A
8-NS,634,2,4,1,9762,9769,C
8-NS,635,10,2,0,9758,9770,C
8-NS,636,0,9592,1,14,9607,T
8-NS,637,11,0,1,9660,9672,C
8-NS,638,7,3,0,9669,9679,C
8-NS,639,9721,1,1,0,9723,A
8-NS,640,4,1,0,9721,9726,C
8-NS,641,0,9525,3,7,9535,T
8-NS,642,0,9482,0,1,9483,T
8-NS,643,9156,0,3,0,9159,A
8-NS,644,2,3,0,9277,9282,C
8-NS,645,2,9177,0,12,9191,T
8-NS,646,39,6,0,9126,9171,C
8-NS,647,11,1,1,9064,9077,C
8-NS,648,9027,1,2,0,9030,A
8-NS,649,9044,1,1,0,9046,A
8-NS,650,9043,0,3,0,9046,A
8-NS,651,9052,0,4,1,9057,A
8-NS,652,0,4,0,9066,9070,C
8-NS,653,8798,2,3,0,8803,A
8-NS,654,1,12,8809,0,8822,G
8-NS,655,8786,0,3,0,8789,A
8-NS,656,8780,0,2,0,8782,A
8-NS,657,8782,3,3,0,8788,A
8-NS,658,0,7,0,8784,8791,C
8-NS,659,2,15,8778,0,8795,G
8-NS,660,2,15,8803,0,8820,G
8-NS,661,2,14,8793,0,8809,G
8-NS,662,8819,0,2,0,8821,A
8-NS,663,8774,1,0,0,8775,A
8-NS,664,8782,0,7,0,8789,A
8-NS,665,2,8751,0,0,8753,T
8-NS,666,2,15,8827,0,8844,G
8-NS,667,2,4,8810,0,8816,G
8-NS,668,3,10,0,8727,8740,C
8-NS,669,1,30,8713,0,8744,G
8-NS,670,8731,0,0,0,8731,A
8-NS,671,2,33,8745,1,8781,G
8-NS,672,8783,2,1,0,8786,A
8-NS,673,8773,0,8,0,8781,A
8-NS,674,0,3,0,8828,8831,C
8-NS,675,8642,0,5,0,8647,A
8-NS,676,0,1,8644,0,8645,G
8-NS,677,1,2,0,8595,8598,C
8-NS,678,1,8603,1,0,8605,T
8-NS,679,8591,0,2,0,8593,A
8-NS,680,0,16,8506,0,8522,G
8-NS,681,1,0,8555,0,8556,G
8-NS,682,1,8480,1,12,8494,T
8-NS,683,47,1,0,8323,8371,C
8-NS,684,8372,0,2,0,8374,A
8-NS,685,8352,0,3,0,8355,A
8-NS,686,8357,0,3,0,8360,A
8-NS,687,8430,0,1,0,8431,A
8-NS,688,1,0,8445,0,8446,G
8-NS,689,0,8210,0,1,8211,T
8-NS,690,0,8188,0,0,8188,T
8-NS,691,0,8206,0,3,8209,T
8-NS,692,0,19,8199,1,8219,G
8-NS,693,8208,1,3,0,8212,A
8-NS,694,8222,0,5,0,8227,A
8-NS,695,2,14,8290,0,8306,G
8-NS,696,8083,0,3,0,8086,A
8-NS,697,1,11,8141,0,8153,G
8-NS,698,8142,1,1,0,8144,A
8-NS,699,0,8168,1,1,8170,T
8-NS,700,8182,0,4,0,8186,A
8-NS,701,8117,0,7,0,8124,A
8-NS,702,1,7,8102,0,8110,G
8-NS,703,7549,1,1,0,7551,A
8-NS,704,0,7536,0,1,7537,T
8-NS,705,2,11,7581,0,7594,G
8-NS,706,1,2,7601,0,7604,G
8-NS,707,3,0,0,7553,7556,C
8-NS,708,0,7519,0,3,7522,T
8-NS,709,7542,0,1,1,7544,A
8-NS,710,7535,0,2,0,7537,A
8-NS,711,1,7579,0,0,7580,T
8-NS,712,0,7559,0,2,7561,T
8-NS,713,4,10,7559,2,7575,G
8-NS,714,7446,1,0,0,7447,A
8-NS,715,7435,0,5,0,7440,A
8-NS,716,1,12,7430,0,7443,G
8-NS,717,7444,1,2,0,7447,A
8-NS,718,7379,0,1,0,7380,A
8-NS,719,1,1,7515,0,7517,G
8-NS,720,1,7363,0,3,7367,T
8-NS,721,2,30,7354,0,7386,G
8-NS,722,7273,2,7,1,7283,A
8-NS,723,2,19,7286,1,7308,G
8-NS,724,7310,1,10,0,7321,A
8-NS,725,0,2,0,7232,7234,C
8-NS,726,7169,2,4,1,7176,A
8-NS,727,0,2,0,7163,7165,C
8-NS,728,6679,0,0,0,6679,A
8-NS,729,1,8,6887,0,6896,G
8-NS,730,6879,0,3,0,6882,A
8-NS,731,1,6829,0,3,6833,T
8-NS,732,1,6823,0,1,6825,T
8-NS,733,6833,0,0,0,6833,A
8-NS,734,6822,1,1,0,6824,A
8-NS,735,6815,0,1,0,6816,A
8-NS,736,6798,1,1,0,6800,A
8-NS,737,6781,1,2,1,6785,A
8-NS,738,0,3,0,6465,6468,C
8-NS,739,6064,1,1,1,6067,A
8-NS,740,6110,1,1,0,6112,A
8-NS,741,0,0,0,6126,6126,C
8-NS,742,1,6078,1,2,6082,T
8-NS,743,0,9,6095,0,6104,G
8-NS,744,6086,1,1,0,6088,A
8-NS,745,6112,1,1,0,6114,A
8-NS,746,6112,0,1,0,6113,A
8-NS,747,6064,0,2,0,6066,A
8-NS,748,0,6042,0,2,6044,T
8-NS,749,5928,1,6,0,5935,A
8-NS,750,0,1,5916,0,5917,G
8-NS,751,0,5736,1,3,5740,T
8-NS,752,0,5791,1,0,5792,T
8-NS,753,1,5788,1,2,5792,T
8-NS,754,1,5805,0,2,5808,T
8-NS,755,1,22,5801,0,5824,G
8-NS,756,5823,1,1,0,5825,A
8-NS,757,5831,0,2,0,5833,A
8-NS,758,1,3,0,5847,5851,C
8-NS,759,5713,0,1,0,5714,A
8-NS,760,5782,1,1,0,5784,A
8-NS,761,5797,0,0,0,5797,A
8-NS,762,0,5786,0,1,5787,T
8-NS,763,5791,0,2,0,5793,A
8-NS,764,5761,0,5,0,5766,A
8-NS,765,2,0,0,5794,5796,C
8-NS,766,5778,0,0,0,5778,A
8-NS,767,0,5682,0,1,5683,T
8-NS,768,0,5545,0,2,5547,T
8-NS,769,29,0,0,5442,5471,C
8-NS,770,5436,0,1,0,5437,A
8-NS,771,0,5421,0,1,5422,T
8-NS,772,2,3,5419,0,5424,G
8-NS,773,2,1,0,5280,5283,C
8-NS,774,5209,1,2,0,5212,A
8-NS,775,5193,1,3,0,5197,A
8-NS,776,0,1,5188,0,5189,G
8-NS,777,2,1,1,5308,5312,C
8-NS,778,5219,1,0,0,5220,A
8-NS,779,1,5216,1,4,5222,T
8-NS,780,0,5206,0,5,5211,T
8-NS,781,5214,1,2,1,5218,A
8-NS,782,0,1,1,5222,5224,C
8-NS,783,5180,0,1,0,5181,A
8-NS,784,5130,0,0,0,5130,A
8-NS,785,2,1,0,5101,5104,C
8-NS,786,1,4280,0,4,4285,T
8-NS,787,3,0,4284,0,4287,G
8-NS,788,2,0,0,4185,4187,C
8-NS,789,0,4108,0,3,4111,T
8-NS,790,3,1,4137,0,4141,G
8-NS,791,1,4036,0,2,4039,T
8-NS,792,0,4038,0,0,4038,T
8-NS,793,0,4037,0,1,4038,T
8-NS,794,1,7,3983,1,3992,G
8-NS,795,4005,0,0,0,4005,A
8-NS,796,3923,0,5,0,3928,A
8-NS,797,2,0,3928,0,3930,G
8-NS,798,0,3889,0,1,3890,T
8-NS,799,2,6,3708,0,3716,G
8-NS,800,0,12,3738,0,3750,G
8-NS,801,3743,0,1,1,3745,A
8-NS,802,3743,2,2,0,3747,A
8-NS,803,1,1,0,3736,3738,C
8-NS,804,3637,1,1,0,3639,A
8-NS,805,2,1,3657,0,3660,G
8-NS,806,0,3,3586,0,3589,G
8-NS,807,3523,0,2,0,3525,A
8-NS,808,0,1,3568,0,3569,G
8-NS,809,3088,0,1,0,3089,A
8-NS,810,0,3074,1,1,3076,T
8-NS,811,3071,0,0,0,3071,A
8-NS,812,3059,0,1,0,3060,A
8-NS,813,1,8,3052,0,3061,G
8-NS,814,2729,0,1,1,2731,A
8-NS,815,2705,0,0,0,2705,A
8-NS,816,0,11,0,2672,2683,C
8-NS,817,0,2294,0,1,2295,T
8-NS,818,0,2272,0,0,2272,T
8-NS,819,0,2264,0,2,2266,T
8-NS,820,4,0,0,2272,2276,C
8-NS,821,0,2239,0,2,2241,T
8-NS,822,10,1,0,2183,2194,C
8-NS,823,2128,0,1,0,2129,A
8-NS,824,1,2112,0,1,2114,T
8-NS,825,0,2086,0,3,2089,T
8-NS,826,3,2079,0,0,2082,T
8-NS,827,8,0,0,2067,2075,C
8-NS,828,1998,3,1,0,2002,A
8-NS,829,0,0,2003,0,2003,G
8-NS,830,0,0,0,1992,1992,C
8-NS,831,0,1844,0,3,1847,T
8-NS,832,0,1835,0,0,1835,T
8-NS,833,1790,0,0,0,1790,A
8-NS,834,0,1789,0,1,1790,T
8-NS,835,2,1784,0,0,1786,T
8-NS,836,0,1770,0,0,1770,T
8-NS,837,1708,0,0,0,1708,A
8-NS,838,1667,0,0,0,1667,A
8-NS,839,0,1636,0,1,1637,T
8-NS,840,0,1,1626,1,1628,G
8-NS,841,1571,0,1,0,1572,A
8-NS,842,1,1435,0,0,1436,T
8-NS,843,1410,0,0,0,1410,A
8-NS,844,1409,0,1,0,1410,A
8-NS,845,1408,0,0,0,1408,A
8-NS,846,1407,0,0,0,1407,A
8-NS,847,1398,0,0,0,1398,A
8-NS,848,1389,0,0,0,1389,A
8-NS,849,0,0,0,1384,1384,C
8-NS,850,1177,0,0,0,1177,A
8-NS,851,0,0,0,1178,1178,C
8-NS,852,5,0,0,1129,1134,C
8-NS,853,9,0,0,1089,1098,C
8-NS,854,0,1008,0,0,1008,T
8-NS,855,1,971,0,1,973,T
8-NS,856,1,0,974,0,975,G
8-NS,857,0,919,0,0,919,T
8-NS,858,0,904,0,0,904,T
8-NS,859,0,873,0,0,873,T
8-NS,860,0,0,0,313,313,C
8-NS,861,0,213,0,0,213,T
8-NS,862,176,0,0,0,176,A
8-NS,863,0,0,0,170,170,C
