Gene,Position,A,T,G,C,Coverage,Consensus
1-PB2,1,587,0,0,0,587,A
1-PB2,2,0,589,0,0,589,T
1-PB2,3,0,0,604,0,604,G
1-PB2,4,0,0,604,0,604,G
1-PB2,5,601,0,0,1,602,A
1-PB2,6,606,0,0,0,606,A
1-PB2,7,606,0,2,0,608,A
1-PB2,8,0,0,683,0,683,G
1-PB2,9,681,0,0,0,681,A
1-PB2,10,685,0,0,1,686,A
1-PB2,11,0,711,0,0,711,T
1-PB2,12,712,0,0,0,712,A
1-PB2,13,712,0,0,0,712,A
1-PB2,14,710,0,0,1,711,A
1-PB2,15,713,0,0,0,713,A
1-PB2,16,0,1,732,0,733,G
1-PB2,17,732,0,0,0,732,A
1-PB2,18,741,0,0,0,741,A
1-PB2,19,0,0,0,756,756,C
1-PB2,20,0,752,0,1,753,T
1-PB2,21,776,0,0,0,776,A
1-PB2,22,0,0,0,773,773,C
1-PB2,23,0,0,774,0,774,G
1-PB2,24,0,1,780,0,781,G
1-PB2,25,785,0,0,1,786,A
1-PB2,26,812,0,0,1,813,A
1-PB2,27,0,820,0,1,821,T
1-PB2,28,0,1,0,823,824,C
1-PB2,29,0,824,0,1,825,T
1-PB2,30,0,1,826,0,827,G
1-PB2,31,833,0,1,1,835,A
1-PB2,32,0,838,0,0,838,T
1-PB2,33,1,0,839,0,840,G
1-PB2,34,0,855,0,0,855,T
1-PB2,35,3,0,0,846,849,C
1-PB2,36,1,0,846,0,847,G
1-PB2,37,0,0,0,851,851,C
1-PB2,38,853,0,0,1,854,A
1-PB2,39,1,0,894,0,895,G
1-PB2,40,0,897,0,0,897,T
1-PB2,41,1,0,0,903,904,C
1-PB2,42,0,901,0,1,902,T
1-PB2,43,0,0,0,913,913,C
1-PB2,44,0,0,907,0,907,G
1-PB2,45,0,0,0,907,907,C
1-PB2,46,910,0,0,1,911,A
1-PB2,47,0,0,0,922,922,C
1-PB2,48,0,913,0,0,913,T
1-PB2,49,0,0,0,939,939,C
1-PB2,50,0,0,945,0,945,G
1-PB2,51,0,0,0,946,946,C
1-PB2,52,0,4,939,0,943,G
1-PB2,53,944,1,2,0,947,A
1-PB2,54,1,0,955,0,956,G
1-PB2,55,982,0,1,0,983,A
1-PB2,56,0,986,0,0,986,T
1-PB2,57,986,0,0,0,986,A
1-PB2,58,0,1,0,984,985,C
1-PB2,59,0,983,0,0,983,T
1-PB2,60,0,2,1008,0,1010,G
1-PB2,61,1007,0,0,0,1007,A
1-PB2,62,0,0,0,1022,1022,C
1-PB2,63,1019,0,0,0,1019,A
1-PB2,64,1015,0,0,0,1015,A
1-PB2,65,1028,0,0,0,1028,A
1-PB2,66,1044,0,1,0,1045,A
1-PB2,67,1046,0,0,0,1046,A
1-PB2,68,0,0,0,1051,1051,C
1-PB2,69,0,0,0,1048,1048,C
1-PB2,70,1080,0,0,0,1080,A
1-PB2,71,1,1,0,1094,1096,C
1-PB2,72,1092,0,0,0,1092,A
1-PB2,73,0,0,1127,0,1127,G
1-PB2,74,1,1116,0,0,1117,T
1-PB2,75,0,1,1164,0,1165,G
1-PB2,76,1,2,1163,0,1166,G
1-PB2,77,1167,0,1,0,1168,A
1-PB2,78,0,1,0,1220,1221,C
1-PB2,79,2,0,0,1225,1227,C
1-PB2,80,1234,0,0,0,1234,A
1-PB2,81,0,1236,0,1,1237,T
1-PB2,82,1225,0,0,0,1225,A
1-PB2,83,1,1219,0,0,1220,T
1-PB2,84,0,3,1230,0,1233,G
1-PB2,85,1,0,1247,0,1248,G
1-PB2,86,0,0,0,1246,1246,C
1-PB2,87,0,1,0,1226,1227,C
1-PB2,88,1229,0,1,0,1230,A
1-PB2,89,0,1314,0,0,1314,T
1-PB2,90,1317,0,1,0,1318,A
1-PB2,91,1362,0,1,0,1363,A
1-PB2,92,0,1371,0,1,1372,T
1-PB2,93,0,1371,0,0,1371,T
1-PB2,94,1389,0,1,0,1390,A
1-PB2,95,1386,0,0,0,1386,A
1-PB2,96,0,0,1432,0,1432,G
1-PB2,97,1428,0,0,0,1428,A
1-PB2,98,1401,0,0,0,1401,A
1-PB2,99,1,0,1466,0,1467,G
1-PB2,100,0,1450,0,0,1450,T
1-PB2,101,1463,0,1,0,1464,A
1-PB2,102,0,0,0,1458,1458,C
1-PB2,103,1459,0,0,1,1460,A
1-PB2,104,0,0,0,1515,1515,C
1-PB2,105,1497,0,1,0,1498,A
1-PB2,106,0,1505,0,0,1505,T
1-PB2,107,1,0,0,1515,1516,C
1-PB2,108,0,0,1502,0,1502,G
1-PB2,109,0,2,1496,0,1498,G
1-PB2,110,0,0,1496,0,1496,G
1-PB2,111,0,1,1498,0,1499,G
1-PB2,112,1492,0,0,0,1492,A
1-PB2,113,0,0,1500,0,1500,G
1-PB2,114,1494,1,1,0,1496,A
1-PB2,115,0,2,0,1508,1510,C
1-PB2,116,1509,0,5,0,1514,A
1-PB2,117,0,1,1529,0,1530,G
1-PB2,118,0,0,1556,0,1556,G
1-PB2,119,1552,0,1,0,1553,A
1-PB2,120,1559,0,1,0,1560,A
1-PB2,121,1555,1,2,0,1558,A
1-PB2,122,1555,0,2,0,1557,A
1-PB2,123,0,2,1555,0,1557,G
1-PB2,124,1552,0,3,0,1555,A
1-PB2,125,1559,0,1,0,1560,A
1-PB2,126,0,0,0,1563,1563,C
1-PB2,127,0,0,0,1554,1554,C
1-PB2,128,1,1,0,1557,1559,C
1-PB2,129,0,0,1563,0,1563,G
1-PB2,130,0,1564,0,1,1565,T
1-PB2,131,1,0,0,1564,1565,C
1-PB2,132,1574,0,0,0,1574,A
1-PB2,133,0,0,0,1606,1606,C
1-PB2,134,0,1604,0,1,1605,T
1-PB2,135,0,1604,1,1,1606,T
1-PB2,136,1607,0,0,0,1607,A
1-PB2,137,1,0,1629,0,1630,G
1-PB2,138,0,2,1629,0,1631,G
1-PB2,139,1625,0,1,0,1626,A
1-PB2,140,0,1624,0,0,1624,T
1-PB2,141,0,0,1640,0,1640,G
1-PB2,142,1647,0,0,0,1647,A
1-PB2,143,1651,0,0,0,1651,A
1-PB2,144,1654,0,0,0,1654,A
1-PB2,145,0,1657,0,0,1657,T
1-PB2,146,1,0,1648,0,1649,G
1-PB2,147,0,0,1657,0,1657,G
1-PB2,148,1654,0,0,0,1654,A
1-PB2,149,0,1647,0,0,1647,T
1-PB2,150,0,0,1653,0,1653,G
1-PB2,151,1634,0,4,0,1638,A
1-PB2,152,0,1648,0,0,1648,T
1-PB2,153,1,1,1645,0,1647,G
1-PB2,154,1,1,1650,0,1652,G
1-PB2,155,0,0,0,1653,1653,C
1-PB2,156,1643,0,1,0,1644,A
1-PB2,157,1655,0,0,0,1655,A
1-PB2,158,0,1664,0,0,1664,T
1-PB2,159,0,2,1710,0,1712,G
1-PB2,160,1703,0,0,0,1703,A
1-PB2,161,1700,0,1,0,1701,A
1-PB2,162,1711,0,0,0,1711,A
1-PB2,163,0,1705,0,0,1705,T
1-PB2,164,1715,1,1,0,1717,A
1-PB2,165,0,0,0,1744,1744,C
1-PB2,166,5,0,0,1739,1744,C
1-PB2,167,2,1,0,1746,1749,C
1-PB2,168,1731,1,0,0,1732,A
1-PB2,169,1727,0,1,0,1728,A
1-PB2,170,0,1727,0,2,1729,T
1-PB2,171,1,0,0,1728,1729,C
1-PB2,172,1719,0,0,0,1719,A
1-PB2,173,0,0,0,1766,1766,C
1-PB2,174,0,1745,0,0,1745,T
1-PB2,175,0,1,1744,0,1745,G
1-PB2,176,1,1,0,1743,1745,C
1-PB2,177,0,1740,1,2,1743,T
1-PB2,178,0,2,1752,0,1754,G
1-PB2,179,1753,1,0,0,1754,A
1-PB2,180,0,0,0,1774,1774,C
1-PB2,181,1767,1,0,0,1768,A
1-PB2,182,1747,0,0,0,1747,A
1-PB2,183,1752,0,0,0,1752,A
1-PB2,184,1742,0,0,0,1742,A
1-PB2,185,2,0,1777,0,1779,G
1-PB2,186,0,0,1773,0,1773,G
1-PB2,187,1765,0,1,0,1766,A
1-PB2,188,0,1768,0,0,1768,T
1-PB2,189,1761,0,1,1,1763,A
1-PB2,190,1793,0,2,0,1795,A
1-PB2,191,0,0,0,1800,1800,C
1-PB2,192,1793,0,1,0,1794,A
1-PB2,193,0,0,1802,0,1802,G
1-PB2,194,1774,0,0,0,1774,A
1-PB2,195,1783,0,0,0,1783,A
1-PB2,196,1777,0,0,0,1777,A
1-PB2,197,0,1783,0,0,1783,T
1-PB2,198,0,1,1775,0,1776,G
1-PB2,199,1756,0,2,0,1758,A
1-PB2,200,0,1776,0,0,1776,T
1-PB2,201,0,1775,0,0,1775,T
1-PB2,202,2,0,0,1772,1774,C
1-PB2,203,2,1,0,1772,1775,C
1-PB2,204,1764,0,3,0,1767,A
1-PB2,205,0,0,1779,0,1779,G
1-PB2,206,1785,0,0,0,1785,A
1-PB2,207,2,0,1786,0,1788,G
1-PB2,208,1764,0,1,0,1765,A
1-PB2,209,0,0,1793,0,1793,G
1-PB2,210,1789,0,2,0,1791,A
1-PB2,211,1797,0,0,0,1797,A
1-PB2,212,1799,0,1,0,1800,A
1-PB2,213,0,1792,0,1,1793,T
1-PB2,214,0,3,1804,0,1807,G
1-PB2,215,1812,0,2,0,1814,A
1-PB2,216,1813,0,1,0,1814,A
1-PB2,217,0,0,0,1809,1809,C
1-PB2,218,1798,0,0,0,1798,A
1-PB2,219,1792,0,1,0,1793,A
1-PB2,220,0,2,1822,0,1824,G
1-PB2,221,0,2,1844,0,1846,G
1-PB2,222,1842,0,0,0,1842,A
1-PB2,223,0,0,0,1831,1831,C
1-PB2,224,1844,0,0,0,1844,A
1-PB2,225,1843,0,1,1,1845,A
1-PB2,226,1915,0,0,0,1915,A
1-PB2,227,0,3,0,1924,1927,C
1-PB2,228,0,1900,0,0,1900,T
1-PB2,229,1,0,0,1912,1913,C
1-PB2,230,0,1879,1,2,1882,T
1-PB2,231,1893,0,2,0,1895,A
1-PB2,232,0,1897,1,0,1898,T
1-PB2,233,0,3,1897,0,1900,G
1-PB2,234,0,2,1950,0,1952,G
1-PB2,235,1862,0,2,0,1864,A
1-PB2,236,1,0,1882,0,1883,G
1-PB2,237,0,1880,1,1,1882,T
1-PB2,238,1866,0,0,0,1866,A
1-PB2,239,1874,0,0,0,1874,A
1-PB2,240,1866,0,2,0,1868,A
1-PB2,241,1867,0,1,0,1868,A
1-PB2,242,0,1858,1,0,1859,T
1-PB2,243,0,1,1859,0,1860,G
1-PB2,244,1829,0,0,0,1829,A
1-PB2,245,0,0,1836,0,1836,G
1-PB2,246,0,1828,0,1,1829,T
1-PB2,247,0,2,1819,0,1821,G
1-PB2,248,1864,0,3,0,1867,A
1-PB2,249,0,1878,1,0,1879,T
1-PB2,250,0,0,1881,0,1881,G
1-PB2,251,0,0,0,1878,1878,C
1-PB2,252,0,1872,0,0,1872,T
1-PB2,253,0,1,1931,0,1932,G
1-PB2,254,0,1,1920,0,1921,G
1-PB2,255,1944,1,1,0,1946,A
1-PB2,256,0,1948,0,0,1948,T
1-PB2,257,2,0,1,1937,1940,C
1-PB2,258,1944,0,0,0,1944,A
1-PB2,259,0,0,1994,0,1994,G
1-PB2,260,1988,0,3,0,1991,A
1-PB2,261,0,1993,0,0,1993,T
1-PB2,262,1942,0,1,0,1943,A
1-PB2,263,1,1,1998,0,2000,G
1-PB2,264,1976,0,3,0,1979,A
1-PB2,265,0,0,1999,0,1999,G
1-PB2,266,0,1968,0,1,1969,T
1-PB2,267,0,0,1959,0,1959,G
1-PB2,268,1923,0,3,0,1926,A
1-PB2,269,0,1931,0,1,1932,T
1-PB2,270,0,3,1974,0,1977,G
1-PB2,271,1,0,1986,0,1987,G
1-PB2,272,0,1970,0,0,1970,T
1-PB2,273,1977,0,0,0,1977,A
1-PB2,274,0,1948,0,1,1949,T
1-PB2,275,1,0,0,1956,1957,C
1-PB2,276,1965,0,1,0,1966,A
1-PB2,277,0,0,0,2028,2028,C
1-PB2,278,0,0,0,2027,2027,C
1-PB2,279,0,1986,0,3,1989,T
1-PB2,280,0,1972,0,0,1972,T
1-PB2,281,1,1972,0,2,1975,T
1-PB2,282,0,2,2004,0,2006,G
1-PB2,283,0,0,2013,0,2013,G
1-PB2,284,0,1,0,2028,2029,C
1-PB2,285,1,2002,1,2,2006,T
1-PB2,286,2,0,2010,0,2012,G
1-PB2,287,0,2021,0,1,2022,T
1-PB2,288,2019,0,2,0,2021,A
1-PB2,289,2033,0,2,0,2035,A
1-PB2,290,1,1,0,2031,2033,C
1-PB2,291,2004,0,1,0,2005,A
1-PB2,292,0,1995,0,0,1995,T
1-PB2,293,0,4,1975,0,1979,G
1-PB2,294,3,0,2015,0,2018,G
1-PB2,295,0,1998,0,0,1998,T
1-PB2,296,1,1,1997,0,1999,G
1-PB2,297,0,1,2021,0,2022,G
1-PB2,298,2026,0,1,0,2027,A
1-PB2,299,2039,0,3,0,2042,A
1-PB2,300,0,2038,0,1,2039,T
1-PB2,301,2045,0,1,0,2046,A
1-PB2,302,1,3,2067,0,2071,G
1-PB2,303,2069,0,0,0,2069,A
1-PB2,304,2067,0,0,0,2067,A
1-PB2,305,2063,0,0,0,2063,A
1-PB2,306,0,2030,0,0,2030,T
1-PB2,307,0,2,2030,0,2032,G
1-PB2,308,0,1,2017,0,2018,G
1-PB2,309,2021,0,2,0,2023,A
1-PB2,310,0,1,0,2029,2030,C
1-PB2,311,3,1,0,2014,2018,C
1-PB2,312,1,2,0,2014,2017,C
1-PB2,313,0,0,2029,0,2029,G
1-PB2,314,0,2029,0,0,2029,T
1-PB2,315,1,3,2066,1,2071,G
1-PB2,316,2076,0,1,0,2077,A
1-PB2,317,1,0,0,2094,2095,C
1-PB2,318,2091,0,1,0,2092,A
1-PB2,319,2088,0,1,0,2089,A
1-PB2,320,1,1,2141,0,2143,G
1-PB2,321,0,2145,0,0,2145,T
1-PB2,322,2133,0,0,0,2133,A
1-PB2,323,0,1,0,2127,2128,C
1-PB2,324,0,0,2088,0,2088,G
1-PB2,325,2,0,2118,0,2120,G
1-PB2,326,0,2119,0,5,2124,T
1-PB2,327,2,1,0,2130,2133,C
1-PB2,328,0,1,0,2134,2135,C
1-PB2,329,2117,0,0,0,2117,A
1-PB2,330,0,2130,3,0,2133,T
1-PB2,331,0,2131,0,1,2132,T
1-PB2,332,2227,0,0,0,2227,A
1-PB2,333,0,1,0,2226,2227,C
1-PB2,334,0,0,0,2183,2183,C
1-PB2,335,0,2,0,2184,2186,C
1-PB2,336,2169,0,0,0,2169,A
1-PB2,337,2184,0,0,0,2184,A
1-PB2,338,2186,0,0,0,2186,A
1-PB2,339,2175,0,2,0,2177,A
1-PB2,340,0,0,2200,0,2200,G
1-PB2,341,0,2113,0,1,2114,T
1-PB2,342,0,1,2182,0,2183,G
1-PB2,343,0,2176,0,3,2179,T
1-PB2,344,2184,0,1,0,2185,A
1-PB2,345,0,1,0,2182,2183,C
1-PB2,346,2166,0,0,0,2166,A
1-PB2,347,2173,0,0,0,2173,A
1-PB2,348,0,2,2185,0,2187,G
1-PB2,349,2158,0,1,0,2159,A
1-PB2,350,1,0,0,2191,2192,C
1-PB2,351,0,2148,0,0,2148,T
1-PB2,352,0,2170,0,1,2171,T
1-PB2,353,2163,1,0,0,2164,A
1-PB2,354,0,2169,0,0,2169,T
1-PB2,355,0,2167,0,1,2168,T
1-PB2,356,0,2152,0,0,2152,T
1-PB2,357,0,0,0,2161,2161,C
1-PB2,358,2,1,2141,0,2144,G
1-PB2,359,2129,1,0,0,2130,A
1-PB2,360,0,1,0,2147,2148,C
1-PB2,361,2141,0,0,0,2141,A
1-PB2,362,2138,1,0,0,2139,A
1-PB2,363,2135,0,0,0,2135,A
1-PB2,364,0,0,2167,0,2167,G
1-PB2,365,1,2152,0,1,2154,T
1-PB2,366,3,0,0,2166,2169,C
1-PB2,367,0,2,2171,0,2173,G
1-PB2,368,2158,0,2,0,2160,A
1-PB2,369,2165,0,0,0,2165,A
1-PB2,370,2159,0,4,1,2164,A
1-PB2,371,0,0,2240,1,2241,G
1-PB2,372,2,0,2239,0,2241,G
1-PB2,373,0,2224,0,0,2224,T
1-PB2,374,1,2232,0,2,2235,T
1-PB2,375,2228,0,0,0,2228,A
1-PB2,376,2224,0,1,0,2225,A
1-PB2,377,2229,0,0,0,2229,A
1-PB2,378,2243,0,2,1,2246,A
1-PB2,379,1,2,0,2258,2261,C
1-PB2,380,2191,0,0,0,2191,A
1-PB2,381,0,2192,0,0,2192,T
1-PB2,382,0,1,2190,0,2191,G
1-PB2,383,1,1,2189,0,2191,G
1-PB2,384,2192,0,1,0,2193,A
1-PB2,385,2206,0,0,1,2207,A
1-PB2,386,3,1,0,2253,2257,C
1-PB2,387,2,1,0,2276,2279,C
1-PB2,388,0,2255,0,1,2256,T
1-PB2,389,0,2253,0,0,2253,T
1-PB2,390,0,2255,0,2,2257,T
1-PB2,391,1,0,2253,0,2254,G
1-PB2,392,0,7,2245,0,2252,G
1-PB2,393,0,1,1,2243,2245,C
1-PB2,394,2,0,0,2242,2244,C
1-PB2,395,1,7,0,2228,2236,C
1-PB2,396,0,2190,0,3,2193,T
1-PB2,397,0,1,2224,0,2225,G
1-PB2,398,0,2216,0,3,2219,T
1-PB2,399,0,2207,0,1,2208,T
1-PB2,400,2,0,0,2220,2222,C
1-PB2,401,2202,0,1,0,2203,A
1-PB2,402,0,2206,0,1,2207,T
1-PB2,403,0,2210,0,0,2210,T
1-PB2,404,0,2216,0,0,2216,T
1-PB2,405,0,2217,0,0,2217,T
1-PB2,406,2191,0,0,0,2191,A
1-PB2,407,0,1,2191,0,2192,G
1-PB2,408,2181,0,2,0,2183,A
1-PB2,409,2200,1,1,0,2202,A
1-PB2,410,2201,0,1,0,2202,A
1-PB2,411,0,2175,0,1,2176,T
1-PB2,412,1,0,0,2195,2196,C
1-PB2,413,2194,0,0,0,2194,A
1-PB2,414,2208,0,1,1,2210,A
1-PB2,415,0,0,2224,0,2224,G
1-PB2,416,0,2214,0,3,2217,T
1-PB2,417,4,0,0,2218,2222,C
1-PB2,418,2238,0,2,0,2240,A
1-PB2,419,2230,0,1,0,2231,A
1-PB2,420,0,0,2236,0,2236,G
1-PB2,421,2233,0,0,0,2233,A
1-PB2,422,0,2236,0,0,2236,T
1-PB2,423,2254,0,0,0,2254,A
1-PB2,424,0,0,0,2257,2257,C
1-PB2,425,0,0,2264,0,2264,G
1-PB2,426,0,0,0,2266,2266,C
1-PB2,427,2254,0,1,0,2255,A
1-PB2,428,0,2,2271,0,2273,G
1-PB2,429,2259,0,0,0,2259,A
1-PB2,430,2269,0,2,0,2271,A
1-PB2,431,0,3,2312,0,2315,G
1-PB2,432,2271,0,2,0,2273,A
1-PB2,433,0,0,2293,0,2293,G
1-PB2,434,0,2283,0,0,2283,T
1-PB2,435,2270,0,1,0,2271,A
1-PB2,436,0,1,2298,0,2299,G
1-PB2,437,2315,0,2,0,2317,A
1-PB2,438,0,1,0,2408,2409,C
1-PB2,439,2374,1,1,0,2376,A
1-PB2,440,0,2347,0,1,2348,T
1-PB2,441,2339,0,0,0,2339,A
1-PB2,442,2329,0,0,0,2329,A
1-PB2,443,2324,0,0,0,2324,A
1-PB2,444,0,0,0,2341,2341,C
1-PB2,445,0,1,0,2316,2317,C
1-PB2,446,4,0,0,2305,2309,C
1-PB2,447,0,2205,0,1,2206,T
1-PB2,448,2,1,2215,0,2218,G
1-PB2,449,0,0,2248,0,2248,G
1-PB2,450,0,2247,0,2,2249,T
1-PB2,451,4,0,0,2230,2234,C
1-PB2,452,2252,0,0,0,2252,A
1-PB2,453,0,2239,0,2,2241,T
1-PB2,454,0,0,2254,0,2254,G
1-PB2,455,0,1,0,2251,2252,C
1-PB2,456,2240,0,1,0,2241,A
1-PB2,457,0,2,2257,0,2259,G
1-PB2,458,2196,0,2,0,2198,A
1-PB2,459,0,0,0,2234,2234,C
1-PB2,460,1,0,0,2228,2229,C
1-PB2,461,0,2194,0,1,2195,T
1-PB2,462,0,0,0,2206,2206,C
1-PB2,463,2179,0,0,0,2179,A
1-PB2,464,2,0,2212,0,2214,G
1-PB2,465,0,2215,0,0,2215,T
1-PB2,466,2,0,2224,0,2226,G
1-PB2,467,1,1,0,2210,2212,C
1-PB2,468,6,0,0,2196,2202,C
1-PB2,469,2197,0,2,0,2199,A
1-PB2,470,2197,0,0,0,2197,A
1-PB2,471,2192,0,0,0,2192,A
1-PB2,472,1,0,2196,0,2197,G
1-PB2,473,2141,0,0,0,2141,A
1-PB2,474,0,1,2151,0,2152,G
1-PB2,475,1,0,2129,0,2130,G
1-PB2,476,1,1,0,2127,2129,C
1-PB2,477,2124,1,4,0,2129,A
1-PB2,478,1,0,0,2138,2139,C
1-PB2,479,2139,0,0,0,2139,A
1-PB2,480,2171,1,3,0,2175,A
1-PB2,481,0,2,2193,0,2195,G
1-PB2,482,2212,0,1,0,2213,A
1-PB2,483,0,2212,0,0,2212,T
1-PB2,484,1,0,2206,0,2207,G
1-PB2,485,1,2196,0,0,2197,T
1-PB2,486,2198,0,0,0,2198,A
1-PB2,487,2198,0,0,0,2198,A
1-PB2,488,0,2194,0,2,2196,T
1-PB2,489,0,2119,0,0,2119,T
1-PB2,490,2099,0,0,0,2099,A
1-PB2,491,0,2038,0,0,2038,T
1-PB2,492,0,3,2030,0,2033,G
1-PB2,493,0,0,2044,0,2044,G
1-PB2,494,2031,0,1,0,2032,A
1-PB2,495,2021,0,0,0,2021,A
1-PB2,496,0,0,2021,0,2021,G
1-PB2,497,0,2005,0,0,2005,T
1-PB2,498,0,2012,0,0,2012,T
1-PB2,499,0,0,2026,0,2026,G
1-PB2,500,1,2023,0,1,2025,T
1-PB2,501,0,1999,0,2,2001,T
1-PB2,502,0,2018,0,0,2018,T
1-PB2,503,0,2017,0,0,2017,T
1-PB2,504,0,2005,0,4,2009,T
1-PB2,505,1,0,0,2017,2018,C
1-PB2,506,1,0,0,2013,2014,C
1-PB2,507,3,0,0,2031,2034,C
1-PB2,508,2018,0,0,0,2018,A
1-PB2,509,2013,0,0,0,2013,A
1-PB2,510,0,2022,0,2,2024,T
1-PB2,511,1,2,2034,0,2037,G
1-PB2,512,2036,0,0,0,2036,A
1-PB2,513,2009,0,1,0,2010,A
1-PB2,514,1,1,2048,0,2050,G
1-PB2,515,0,2030,0,0,2030,T
1-PB2,516,0,1,2026,0,2027,G
1-PB2,517,1,0,2017,0,2018,G
1-PB2,518,4,2,2012,1,2019,G
1-PB2,519,2030,0,4,0,2034,A
1-PB2,520,0,0,2029,0,2029,G
1-PB2,521,2,0,0,2008,2010,C
1-PB2,522,0,0,0,2051,2051,C
1-PB2,523,2042,0,3,0,2045,A
1-PB2,524,0,1,2087,0,2088,G
1-PB2,525,0,7,2090,0,2097,G
1-PB2,526,2099,0,1,0,2100,A
1-PB2,527,0,2089,0,0,2089,T
1-PB2,528,2101,0,3,0,2104,A
1-PB2,529,0,0,0,2107,2107,C
1-PB2,530,0,2112,0,0,2112,T
1-PB2,531,2102,0,1,0,2103,A
1-PB2,532,2094,1,1,0,2096,A
1-PB2,533,0,1,0,2094,2095,C
1-PB2,534,2046,1,1,0,2048,A
1-PB2,535,0,2029,0,1,2030,T
1-PB2,536,1,0,0,2032,2033,C
1-PB2,537,2006,0,0,0,2006,A
1-PB2,538,1,0,2030,0,2031,G
1-PB2,539,2029,0,0,0,2029,A
1-PB2,540,2029,0,0,0,2029,A
1-PB2,541,0,2017,0,1,2018,T
1-PB2,542,4,0,0,1990,1994,C
1-PB2,543,1989,0,1,0,1990,A
1-PB2,544,0,0,0,2021,2021,C
1-PB2,545,2024,0,0,0,2024,A
1-PB2,546,2032,0,0,0,2032,A
1-PB2,547,0,1995,0,1,1996,T
1-PB2,548,0,2009,0,0,2009,T
1-PB2,549,2022,0,1,0,2023,A
1-PB2,550,2020,0,1,0,2021,A
1-PB2,551,1,2,0,2038,2041,C
1-PB2,552,2021,0,1,0,2022,A
1-PB2,553,2003,1,0,0,2004,A
1-PB2,554,0,2017,0,1,2018,T
1-PB2,555,2019,0,0,0,2019,A
1-PB2,556,2019,0,0,0,2019,A
1-PB2,557,0,0,0,2022,2022,C
1-PB2,558,0,2026,0,0,2026,T
1-PB2,559,2017,0,0,0,2017,A
1-PB2,560,2004,1,0,0,2005,A
1-PB2,561,2006,0,0,0,2006,A
1-PB2,562,0,0,2019,0,2019,G
1-PB2,563,1981,0,0,0,1981,A
1-PB2,564,0,1,1999,0,2000,G
1-PB2,565,1993,0,0,0,1993,A
1-PB2,566,1990,0,1,0,1991,A
1-PB2,567,1990,1,0,0,1991,A
1-PB2,568,1992,0,0,0,1992,A
1-PB2,569,2005,0,1,0,2006,A
1-PB2,570,1997,0,1,0,1998,A
1-PB2,571,1,2,1995,0,1998,G
1-PB2,572,1992,0,1,0,1993,A
1-PB2,573,1981,0,1,1,1983,A
1-PB2,574,0,1,1984,0,1985,G
1-PB2,575,1979,0,1,0,1980,A
1-PB2,576,1983,0,0,0,1983,A
1-PB2,577,0,0,0,1998,1998,C
1-PB2,578,0,1950,0,1,1951,T
1-PB2,579,3,1,0,1984,1988,C
1-PB2,580,2,2,0,1989,1993,C
1-PB2,581,0,2,1989,0,1991,G
1-PB2,582,1989,0,1,0,1990,A
1-PB2,583,0,0,1994,0,1994,G
1-PB2,584,1990,1,0,0,1991,A
1-PB2,585,0,1976,0,0,1976,T
1-PB2,586,0,1958,1,1,1960,T
1-PB2,587,0,0,1959,0,1959,G
1-PB2,588,0,0,0,1959,1959,C
1-PB2,589,1964,0,1,0,1965,A
1-PB2,590,1966,0,2,0,1968,A
1-PB2,591,1966,1,0,0,1967,A
1-PB2,592,1976,0,0,0,1976,A
1-PB2,593,0,1970,0,0,1970,T
1-PB2,594,0,1949,1,0,1950,T
1-PB2,595,1,1936,0,1,1938,T
1-PB2,596,2,2,0,1952,1956,C
1-PB2,597,0,1924,0,5,1929,T
1-PB2,598,6,0,0,2028,2034,C
1-PB2,599,1,0,0,2048,2049,C
1-PB2,600,4,0,0,2175,2179,C
1-PB2,601,0,2163,0,0,2163,T
1-PB2,602,0,2210,0,0,2210,T
1-PB2,603,3,1,2217,1,2222,G
1-PB2,604,2226,0,0,0,2226,A
1-PB2,605,0,2252,0,0,2252,T
1-PB2,606,0,5,2277,0,2282,G
1-PB2,607,0,0,2434,0,2434,G
1-PB2,608,0,2466,0,5,2471,T
1-PB2,609,1,2458,0,0,2459,T
1-PB2,610,1,1,2606,0,2608,G
1-PB2,611,0,0,0,2615,2615,C
1-PB2,612,2683,0,3,0,2686,A
1-PB2,613,0,2679,0,1,2680,T
1-PB2,614,2686,0,0,3,2689,A
1-PB2,615,0,1,0,2791,2792,C
1-PB2,616,3042,1,1,6,3050,A
1-PB2,617,1,3113,0,0,3114,T
1-PB2,618,1,0,3268,0,3269,G
1-PB2,619,0,3230,0,8,3238,T
1-PB2,620,0,3242,1,2,3245,T
1-PB2,621,3237,0,2,0,3239,A
1-PB2,622,0,5,3238,0,3243,G
1-PB2,623,3266,0,2,0,3268,A
1-PB2,624,0,3,3299,0,3302,G
1-PB2,625,3126,0,4,0,3130,A
1-PB2,626,0,0,3120,0,3120,G
1-PB2,627,3053,0,0,0,3053,A
1-PB2,628,0,3,3071,0,3074,G
1-PB2,629,3086,0,3,0,3089,A
1-PB2,630,3096,1,0,0,3097,A
1-PB2,631,0,0,0,3111,3111,C
1-PB2,632,0,3091,1,1,3093,T
1-PB2,633,0,3093,0,0,3093,T
1-PB2,634,1,0,3101,0,3102,G
1-PB2,635,0,3094,0,0,3094,T
1-PB2,636,3097,0,3,0,3100,A
1-PB2,637,1,1,0,3070,3072,C
1-PB2,638,4,2,3067,1,3074,G
1-PB2,639,3071,0,1,0,3072,A
1-PB2,640,3076,0,0,0,3076,A
1-PB2,641,3110,0,1,0,3111,A
1-PB2,642,3119,0,0,0,3119,A
1-PB2,643,3120,0,2,2,3124,A
1-PB2,644,1,0,0,3128,3129,C
1-PB2,645,3130,0,1,0,3131,A
1-PB2,646,3134,0,1,0,3135,A
1-PB2,647,0,2,3142,0,3144,G
1-PB2,648,3155,0,0,0,3155,A
1-PB2,649,0,3147,0,0,3147,T
1-PB2,650,2,3138,0,1,3141,T
1-PB2,651,0,3137,2,2,3141,T
1-PB2,652,2,0,0,3146,3148,C
1-PB2,653,0,3153,0,4,3157,T
1-PB2,654,5,0,0,3154,3159,C
1-PB2,655,1,1,0,3151,3153,C
1-PB2,656,2,2,1,3158,3163,C
1-PB2,657,3162,0,1,1,3164,A
1-PB2,658,3,0,3192,0,3195,G
1-PB2,659,1,3183,0,4,3188,T
1-PB2,660,0,3178,0,2,3180,T
1-PB2,661,1,2,3173,0,3176,G
1-PB2,662,0,1,0,3171,3172,C
1-PB2,663,0,3173,0,0,3173,T
1-PB2,664,0,1,3193,0,3194,G
1-PB2,665,0,0,3165,0,3165,G
1-PB2,666,0,2,0,3177,3179,C
1-PB2,667,2,0,3190,0,3192,G
1-PB2,668,0,4,3229,0,3233,G
1-PB2,669,3244,0,2,0,3246,A
1-PB2,670,3248,0,1,0,3249,A
1-PB2,671,0,0,0,3250,3250,C
1-PB2,672,3275,0,0,0,3275,A
1-PB2,673,3283,0,1,0,3284,A
1-PB2,674,0,0,3394,0,3394,G
1-PB2,675,2,1,0,3467,3470,C
1-PB2,676,3493,2,0,0,3495,A
1-PB2,677,1,0,4208,0,4209,G
1-PB2,678,0,4182,0,0,4182,T
1-PB2,679,4214,0,0,0,4214,A
1-PB2,680,0,4216,0,2,4218,T
1-PB2,681,4244,0,1,0,4245,A
1-PB2,682,0,4235,0,0,4235,T
1-PB2,683,4155,0,0,0,4155,A
1-PB2,684,0,0,0,4212,4212,C
1-PB2,685,4021,0,1,0,4022,A
1-PB2,686,0,3817,0,0,3817,T
1-PB2,687,0,3708,0,0,3708,T
1-PB2,688,2,2,3708,1,3713,G
1-PB2,689,3699,2,1,0,3702,A
1-PB2,690,3679,0,1,0,3680,A
1-PB2,691,0,0,3745,0,3745,G
1-PB2,692,1,3703,0,2,3706,T
1-PB2,693,0,3692,0,0,3692,T
1-PB2,694,0,3702,2,2,3706,T
1-PB2,695,0,3706,0,1,3707,T
1-PB2,696,3735,2,1,0,3738,A
1-PB2,697,1,0,0,3752,3753,C
1-PB2,698,3755,0,0,1,3756,A
1-PB2,699,0,3747,1,1,3749,T
1-PB2,700,0,3712,0,8,3720,T
1-PB2,701,0,3733,0,1,3734,T
1-PB2,702,1,4,3765,0,3770,G
1-PB2,703,3774,1,1,0,3776,A
1-PB2,704,0,1,0,3790,3791,C
1-PB2,705,0,3747,0,2,3749,T
1-PB2,706,0,0,0,3778,3778,C
1-PB2,707,3758,1,3,0,3762,A
1-PB2,708,0,3,3727,0,3730,G
1-PB2,709,0,2,3801,0,3803,G
1-PB2,710,0,6,3804,0,3810,G
1-PB2,711,3807,0,2,0,3809,A
1-PB2,712,3807,1,2,0,3810,A
1-PB2,713,0,1,0,3816,3817,C
1-PB2,714,0,0,3842,0,3842,G
1-PB2,715,0,3833,0,0,3833,T
1-PB2,716,1,1,3863,0,3865,G
1-PB2,717,0,3815,0,4,3819,T
1-PB2,718,0,3831,0,0,3831,T
1-PB2,719,0,3,3847,1,3851,G
1-PB2,720,1,2,3831,0,3834,G
1-PB2,721,2,4,3867,0,3873,G
1-PB2,722,3841,1,2,0,3844,A
1-PB2,723,3835,1,1,1,3838,A
1-PB2,724,1,0,0,3915,3916,C
1-PB2,725,3911,0,0,0,3911,A
1-PB2,726,4004,0,1,0,4005,A
1-PB2,727,4001,0,1,0,4002,A
1-PB2,728,0,4021,1,1,4023,T
1-PB2,729,0,0,4082,0,4082,G
1-PB2,730,0,4042,0,5,4047,T
1-PB2,731,4052,0,4,0,4056,A
1-PB2,732,1,0,0,4057,4058,C
1-PB2,733,3973,0,4,0,3977,A
1-PB2,734,1,0,1,3983,3985,C
1-PB2,735,0,3851,0,3,3854,T
1-PB2,736,1,0,0,4125,4126,C
1-PB2,737,3,0,0,4141,4144,C
1-PB2,738,4195,1,1,0,4197,A
1-PB2,739,0,2,4227,0,4229,G
1-PB2,740,0,2,4312,0,4314,G
1-PB2,741,1,4267,0,2,4270,T
1-PB2,742,0,3,4300,0,4303,G
1-PB2,743,0,1,4201,0,4202,G
1-PB2,744,4139,1,13,0,4153,A
1-PB2,745,0,3,4180,0,4183,G
1-PB2,746,0,2,4183,0,4185,G
1-PB2,747,4121,0,3,0,4124,A
1-PB2,748,0,0,4180,0,4180,G
1-PB2,749,0,4083,0,1,4084,T
1-PB2,750,2,2,4117,0,4121,G
1-PB2,751,4105,0,3,0,4108,A
1-PB2,752,0,2,4124,0,4126,G
1-PB2,753,1,4,4138,0,4143,G
1-PB2,754,4119,0,2,0,4121,A
1-PB2,755,4130,0,2,0,4132,A
1-PB2,756,0,4123,1,0,4124,T
1-PB2,757,0,5,4100,0,4105,G
1-PB2,758,4103,1,3,0,4107,A
1-PB2,759,1,1,0,4086,4088,C
1-PB2,760,2,1,4096,0,4099,G
1-PB2,761,4119,0,0,0,4119,A
1-PB2,762,0,4091,0,0,4091,T
1-PB2,763,1,0,4108,0,4109,G
1-PB2,764,0,4078,0,6,4084,T
1-PB2,765,0,4058,0,2,4060,T
1-PB2,766,0,0,4095,0,4095,G
1-PB2,767,4083,1,2,0,4086,A
1-PB2,768,1,0,0,4083,4084,C
1-PB2,769,4,0,0,4076,4080,C
1-PB2,770,4038,0,0,0,4038,A
1-PB2,771,4037,0,1,0,4038,A
1-PB2,772,4031,0,2,0,4033,A
1-PB2,773,0,1,4093,0,4094,G
1-PB2,774,0,0,0,4090,4090,C
1-PB2,775,2,0,0,4082,4084,C
1-PB2,776,0,4118,0,1,4119,T
1-PB2,777,4121,0,1,0,4122,A
1-PB2,778,4114,0,1,0,4115,A
1-PB2,779,0,4127,0,2,4129,T
1-PB2,780,0,4126,0,1,4127,T
1-PB2,781,4085,0,1,0,4086,A
1-PB2,782,0,3986,0,1,3987,T
1-PB2,783,0,3971,0,3,3974,T
1-PB2,784,0,0,3963,0,3963,G
1-PB2,785,1,2,0,3946,3949,C
1-PB2,786,4,4,3940,0,3948,G
1-PB2,787,1,0,3988,0,3989,G
1-PB2,788,2,1,0,3967,3970,C
1-PB2,789,3,0,0,3998,4001,C
1-PB2,790,4006,0,2,0,4008,A
1-PB2,791,2,1,4064,1,4068,G
1-PB2,792,0,4,4098,0,4102,G
1-PB2,793,4091,0,0,0,4091,A
1-PB2,794,4120,1,2,0,4123,A
1-PB2,795,0,1,0,4129,4130,C
1-PB2,796,4061,0,3,3,4067,A
1-PB2,797,0,4130,0,2,4132,T
1-PB2,798,4160,2,2,1,4165,A
1-PB2,799,1,0,4195,0,4196,G
1-PB2,800,0,4154,0,0,4154,T
1-PB2,801,4136,0,0,0,4136,A
1-PB2,802,4120,0,0,0,4120,A
1-PB2,803,0,2,4121,0,4123,G
1-PB2,804,4105,0,0,1,4106,A
1-PB2,805,4039,0,0,0,4039,A
1-PB2,806,2,3,4021,0,4026,G
1-PB2,807,3911,1,2,0,3914,A
1-PB2,808,1,1,3913,0,3915,G
1-PB2,809,1,0,0,3905,3906,C
1-PB2,810,0,0,0,3917,3917,C
1-PB2,811,2,0,3918,0,3920,G
1-PB2,812,0,1,0,3940,3941,C
1-PB2,813,3959,0,1,0,3960,A
1-PB2,814,1,0,4149,0,4150,G
1-PB2,815,0,4126,0,0,4126,T
1-PB2,816,4168,0,1,0,4169,A
1-PB2,817,0,4131,0,3,4134,T
1-PB2,818,3,2,0,4148,4153,C
1-PB2,819,4152,0,2,0,4154,A
1-PB2,820,0,1,4143,0,4144,G
1-PB2,821,1,1,0,4134,4136,C
1-PB2,822,3991,0,2,0,3993,A
1-PB2,823,0,0,3935,1,3936,G
1-PB2,824,3941,0,3,0,3944,A
1-PB2,825,2,3928,0,2,3932,T
1-PB2,826,1,0,0,3931,3932,C
1-PB2,827,2,2,0,3933,3937,C
1-PB2,828,3927,0,1,0,3928,A
1-PB2,829,1,0,0,3943,3944,C
1-PB2,830,0,3932,0,6,3938,T
1-PB2,831,3946,0,3,0,3949,A
1-PB2,832,0,0,3933,1,3934,G
1-PB2,833,0,1,0,3893,3894,C
1-PB2,834,3876,1,0,0,3877,A
1-PB2,835,0,3869,0,3,3872,T
1-PB2,836,0,0,0,3865,3865,C
1-PB2,837,1,3849,0,0,3850,T
1-PB2,838,0,3850,0,0,3850,T
1-PB2,839,0,3856,0,1,3857,T
1-PB2,840,5,1,3815,0,3821,G
1-PB2,841,0,3898,0,1,3899,T
1-PB2,842,0,3892,0,1,3893,T
1-PB2,843,0,3,3894,0,3897,G
1-PB2,844,0,2,3887,0,3889,G
1-PB2,845,3866,0,3,0,3869,A
1-PB2,846,0,0,3884,0,3884,G
1-PB2,847,3860,0,0,0,3860,A
1-PB2,848,0,3810,0,0,3810,T
1-PB2,849,1,0,3838,0,3839,G
1-PB2,850,0,3810,0,2,3812,T
1-PB2,851,1,1,3802,0,3804,G
1-PB2,852,0,1,0,3807,3808,C
1-PB2,853,3,0,0,3810,3813,C
1-PB2,854,3786,0,5,0,3791,A
1-PB2,855,1,1,0,3796,3798,C
1-PB2,856,3755,0,2,0,3757,A
1-PB2,857,2,0,3794,0,3796,G
1-PB2,858,2,0,0,3691,3693,C
1-PB2,859,3651,1,5,0,3657,A
1-PB2,860,0,1,0,3665,3666,C
1-PB2,861,3657,1,0,0,3658,A
1-PB2,862,1,0,0,3680,3681,C
1-PB2,863,3672,0,0,0,3672,A
1-PB2,864,3670,0,0,0,3670,A
1-PB2,865,3675,0,1,0,3676,A
1-PB2,866,0,3555,0,0,3555,T
1-PB2,867,0,3553,0,0,3553,T
1-PB2,868,0,1,3551,0,3552,G
1-PB2,869,0,0,3537,0,3537,G
1-PB2,870,1,3,0,3525,3529,C
1-PB2,871,3,5,3517,0,3525,G
1-PB2,872,1,7,3560,0,3568,G
1-PB2,873,3,5,3551,0,3559,G
1-PB2,874,3513,0,2,0,3515,A
1-PB2,875,1,1,0,3533,3535,C
1-PB2,876,3529,0,6,0,3535,A
1-PB2,877,3601,0,2,0,3603,A
1-PB2,878,3,3,3541,0,3547,G
1-PB2,879,0,1,3616,0,3617,G
1-PB2,880,3508,0,2,0,3510,A
1-PB2,881,0,3375,0,0,3375,T
1-PB2,882,0,5,3325,0,3330,G
1-PB2,883,1,0,3363,0,3364,G
1-PB2,884,1,3180,0,0,3181,T
1-PB2,885,0,3,3331,0,3334,G
1-PB2,886,1,1,3323,0,3325,G
1-PB2,887,3167,0,4,1,3172,A
1-PB2,888,1,0,0,3204,3205,C
1-PB2,889,3170,0,1,0,3171,A
1-PB2,890,0,3571,0,0,3571,T
1-PB2,891,0,3583,0,1,3584,T
1-PB2,892,8,1,3,3509,3521,C
1-PB2,893,0,3503,0,1,3504,T
1-PB2,894,0,3522,1,1,3524,T
1-PB2,895,3503,0,1,0,3504,A
1-PB2,896,2,2,3517,0,3521,G
1-PB2,897,3503,0,1,1,3505,A
1-PB2,898,0,0,0,3502,3502,C
1-PB2,899,2795,1,1,0,2797,A
1-PB2,900,1,3,2840,0,2844,G
1-PB2,901,2804,0,0,0,2804,A
1-PB2,902,2829,0,1,0,2830,A
1-PB2,903,0,4,0,2750,2754,C
1-PB2,904,2,1,0,2825,2828,C
1-PB2,905,2,3,0,2827,2832,C
1-PB2,906,1,4,2791,0,2796,G
1-PB2,907,2801,2,2,0,2805,A
1-PB2,908,0,0,0,2863,2863,C
1-PB2,909,0,2820,0,3,2823,T
1-PB2,910,0,3,2840,0,2843,G
1-PB2,911,2828,0,4,0,2832,A
1-PB2,912,2865,0,4,0,2869,A
1-PB2,913,0,2,2875,0,2877,G
1-PB2,914,2841,0,0,0,2841,A
1-PB2,915,2857,0,2,0,2859,A
1-PB2,916,1,0,0,2843,2844,C
1-PB2,917,2833,0,1,0,2834,A
1-PB2,918,2860,0,4,0,2864,A
1-PB2,919,0,0,2853,0,2853,G
1-PB2,920,1,0,1,2867,2869,C
1-PB2,921,0,2876,0,0,2876,T
1-PB2,922,0,0,2935,0,2935,G
1-PB2,923,1,2894,0,0,2895,T
1-PB2,924,1,3,2991,0,2995,G
1-PB2,925,0,2,3123,0,3125,G
1-PB2,926,3080,0,6,0,3086,A
1-PB2,927,0,3084,0,1,3085,T
1-PB2,928,3097,1,2,0,3100,A
1-PB2,929,0,3058,1,0,3059,T
1-PB2,930,3144,1,1,0,3146,A
1-PB2,931,1,3104,0,1,3106,T
1-PB2,932,0,1,3103,0,3104,G
1-PB2,933,0,1,0,3056,3057,C
1-PB2,934,2944,1,0,0,2945,A
1-PB2,935,2959,0,0,0,2959,A
1-PB2,936,1,3,2959,0,2963,G
1-PB2,937,0,0,2962,0,2962,G
1-PB2,938,0,0,0,2930,2930,C
1-PB2,939,1,2921,1,2,2925,T
1-PB2,940,2,1,2924,0,2927,G
1-PB2,941,0,0,0,2932,2932,C
1-PB2,942,2940,0,1,0,2941,A
1-PB2,943,2957,0,3,0,2960,A
1-PB2,944,0,2936,0,1,2937,T
1-PB2,945,1,3,2942,0,2946,G
1-PB2,946,0,2,2934,0,2936,G
1-PB2,947,0,4,2945,0,2949,G
1-PB2,948,2896,0,3,0,2899,A
1-PB2,949,0,2910,0,0,2910,T
1-PB2,950,0,2929,0,0,2929,T
1-PB2,951,5,5,2913,0,2923,G
1-PB2,952,2911,0,3,0,2914,A
1-PB2,953,0,3,2932,0,2935,G
1-PB2,954,2925,0,2,0,2927,A
1-PB2,955,2919,0,2,0,2921,A
1-PB2,956,0,2863,0,1,2864,T
1-PB2,957,1,0,0,2887,2888,C
1-PB2,958,2891,0,0,0,2891,A
1-PB2,959,0,0,2888,0,2888,G
1-PB2,960,1,1,0,2877,2879,C
1-PB2,961,0,2854,0,4,2858,T
1-PB2,962,5,0,0,2868,2873,C
1-PB2,963,2868,0,0,0,2868,A
1-PB2,964,0,2915,0,1,2916,T
1-PB2,965,3,0,0,2928,2931,C
1-PB2,966,3,2,0,2942,2947,C
1-PB2,967,0,2940,0,5,2945,T
1-PB2,968,0,2926,0,4,2930,T
1-PB2,969,2,0,0,2937,2939,C
1-PB2,970,2938,0,2,0,2940,A
1-PB2,971,0,0,2975,0,2975,G
1-PB2,972,1,1,0,2971,2973,C
1-PB2,973,0,2926,0,4,2930,T
1-PB2,974,0,2943,0,0,2943,T
1-PB2,975,0,2947,0,0,2947,T
1-PB2,976,1,3,2922,0,2926,G
1-PB2,977,1,1,2936,0,2938,G
1-PB2,978,0,2904,1,2,2907,T
1-PB2,979,1,3,2960,0,2964,G
1-PB2,980,0,0,2960,0,2960,G
1-PB2,981,0,1,2986,0,2987,G
1-PB2,982,0,2941,0,0,2941,T
1-PB2,983,0,2976,0,1,2977,T
1-PB2,984,0,2976,0,1,2977,T
1-PB2,985,2988,1,1,0,2990,A
1-PB2,986,2,0,0,3007,3009,C
1-PB2,987,3006,0,0,1,3007,A
1-PB2,988,0,3000,0,1,3001,T
1-PB2,989,0,2958,0,1,2959,T
1-PB2,990,0,2962,0,0,2962,T
1-PB2,991,2950,0,1,1,2952,A
1-PB2,992,2960,0,0,1,2961,A
1-PB2,993,2963,0,2,0,2965,A
1-PB2,994,2946,0,2,0,2948,A
1-PB2,995,1,1,2970,0,2972,G
1-PB2,996,2972,0,0,0,2972,A
1-PB2,997,2969,0,2,0,2971,A
1-PB2,998,0,0,0,2975,2975,C
1-PB2,999,2967,1,1,0,2969,A
1-PB2,1000,2972,0,1,1,2974,A
1-PB2,1001,0,1,2952,0,2953,G
1-PB2,1002,0,4,1,2969,2974,C
1-PB2,1003,2,4,2964,0,2970,G
1-PB2,1004,1,2,2967,0,2970,G
1-PB2,1005,1,0,2963,0,2964,G
1-PB2,1006,0,2961,0,3,2964,T
1-PB2,1007,2,0,0,2954,2956,C
1-PB2,1008,2987,0,0,1,2988,A
1-PB2,1009,0,2934,1,1,2936,T
1-PB2,1010,5,1,0,2976,2982,C
1-PB2,1011,2976,0,1,1,2978,A
1-PB2,1012,1,1,3018,0,3020,G
1-PB2,1013,1,2957,1,0,2959,T
1-PB2,1014,2,0,0,2986,2988,C
1-PB2,1015,2993,0,0,1,2994,A
1-PB2,1016,3005,0,0,0,3005,A
1-PB2,1017,3000,1,1,0,3002,A
1-PB2,1018,3003,0,0,0,3003,A
1-PB2,1019,3023,0,0,0,3023,A
1-PB2,1020,3006,0,8,0,3014,A
1-PB2,1021,0,1,3030,0,3031,G
1-PB2,1022,3008,1,2,0,3011,A
1-PB2,1023,3002,0,2,1,3005,A
1-PB2,1024,0,0,3006,0,3006,G
1-PB2,1025,2998,0,1,0,2999,A
1-PB2,1026,2939,0,4,0,2943,A
1-PB2,1027,1,1,2929,0,2931,G
1-PB2,1028,2929,0,4,0,2933,A
1-PB2,1029,2,1,2926,0,2929,G
1-PB2,1030,2,0,2979,0,2981,G
1-PB2,1031,0,2962,0,1,2963,T
1-PB2,1032,3,0,3036,0,3039,G
1-PB2,1033,0,1,0,3054,3055,C
1-PB2,1034,1,3058,0,4,3063,T
1-PB2,1035,0,3079,0,0,3079,T
1-PB2,1036,3075,0,0,0,3075,A
1-PB2,1037,1,2,0,3063,3066,C
1-PB2,1038,3053,0,0,0,3053,A
1-PB2,1039,2,2,3048,0,3052,G
1-PB2,1040,2,1,3025,0,3028,G
1-PB2,1041,1,2,0,2972,2975,C
1-PB2,1042,2945,0,1,0,2946,A
1-PB2,1043,2949,0,2,0,2951,A
1-PB2,1044,1,2996,0,2,2999,T
1-PB2,1045,3,1,0,3025,3029,C
1-PB2,1046,0,2998,0,3,3001,T
1-PB2,1047,4,2,0,3008,3014,C
1-PB2,1048,0,1,0,3006,3007,C
1-PB2,1049,3023,0,1,0,3024,A
1-PB2,1050,3019,0,0,0,3019,A
1-PB2,1051,3018,0,4,1,3023,A
1-PB2,1052,0,2,0,3038,3040,C
1-PB2,1053,2938,0,2,0,2940,A
1-PB2,1054,0,2906,0,1,2907,T
1-PB2,1055,0,2907,0,1,2908,T
1-PB2,1056,0,1,2940,0,2941,G
1-PB2,1057,2942,0,0,0,2942,A
1-PB2,1058,2976,1,4,0,2981,A
1-PB2,1059,2985,0,1,0,2986,A
1-PB2,1060,2977,1,2,0,2980,A
1-PB2,1061,0,2997,1,0,2998,T
1-PB2,1062,2994,0,2,0,2996,A
1-PB2,1063,2981,0,4,1,2986,A
1-PB2,1064,1,4,3049,0,3054,G
1-PB2,1065,3011,0,2,1,3014,A
1-PB2,1066,0,0,3117,0,3117,G
1-PB2,1067,0,3061,0,0,3061,T
1-PB2,1068,3103,0,0,0,3103,A
1-PB2,1069,0,0,0,3182,3182,C
1-PB2,1070,3154,0,3,0,3157,A
1-PB2,1071,1,3152,0,7,3160,T
1-PB2,1072,0,4,3155,0,3159,G
1-PB2,1073,3076,1,6,0,3083,A
1-PB2,1074,1,5,3119,0,3125,G
1-PB2,1075,3,2,3076,0,3081,G
1-PB2,1076,0,1,3191,0,3192,G
1-PB2,1077,0,1,3212,0,3213,G
1-PB2,1078,0,3128,0,2,3130,T
1-PB2,1079,3170,0,3,0,3173,A
1-PB2,1080,1,3162,0,0,3163,T
1-PB2,1081,0,1,3182,0,3183,G
1-PB2,1082,3172,1,2,0,3175,A
1-PB2,1083,1,0,3159,0,3160,G
1-PB2,1084,0,3,3137,0,3140,G
1-PB2,1085,2937,0,1,1,2939,A
1-PB2,1086,0,1,3013,0,3014,G
1-PB2,1087,1,3026,0,1,3028,T
1-PB2,1088,0,3114,1,3,3118,T
1-PB2,1089,6,1,0,3113,3120,C
1-PB2,1090,3109,2,4,1,3116,A
1-PB2,1091,1,0,0,3135,3136,C
1-PB2,1092,3110,0,1,0,3111,A
1-PB2,1093,3121,1,2,0,3124,A
1-PB2,1094,0,3117,0,0,3117,T
1-PB2,1095,2,0,3068,0,3070,G
1-PB2,1096,2,1,3076,0,3079,G
1-PB2,1097,0,2965,1,2,2968,T
1-PB2,1098,1,1,2992,0,2994,G
1-PB2,1099,3,3,2980,0,2986,G
1-PB2,1100,1,1,2992,0,2994,G
1-PB2,1101,0,0,3019,0,3019,G
1-PB2,1102,2984,0,0,0,2984,A
1-PB2,1103,2997,0,3,0,3000,A
1-PB2,1104,2974,0,2,0,2976,A
1-PB2,1105,2922,0,6,0,2928,A
1-PB2,1106,1,2,2953,0,2956,G
1-PB2,1107,2930,0,3,0,2933,A
1-PB2,1108,1,0,2949,0,2950,G
1-PB2,1109,1,1,0,2942,2944,C
1-PB2,1110,2941,0,0,0,2941,A
1-PB2,1111,2933,0,3,0,2936,A
1-PB2,1112,0,0,0,3042,3042,C
1-PB2,1113,3035,0,2,1,3038,A
1-PB2,1114,0,0,3094,0,3094,G
1-PB2,1115,0,0,0,3056,3056,C
1-PB2,1116,0,3055,0,0,3055,T
1-PB2,1117,3138,0,1,1,3140,A
1-PB2,1118,0,3146,0,1,3147,T
1-PB2,1119,3149,0,0,0,3149,A
1-PB2,1120,2,0,0,3162,3164,C
1-PB2,1121,0,3007,0,2,3009,T
1-PB2,1122,3034,0,1,0,3035,A
1-PB2,1123,2978,0,0,1,2979,A
1-PB2,1124,0,0,2988,0,2988,G
1-PB2,1125,2972,0,2,0,2974,A
1-PB2,1126,2878,0,1,0,2879,A
1-PB2,1127,2874,0,0,0,2874,A
1-PB2,1128,2844,0,7,0,2851,A
1-PB2,1129,0,1,2860,0,2861,G
1-PB2,1130,0,1,0,2849,2850,C
1-PB2,1131,2856,0,2,0,2858,A
1-PB2,1132,2852,0,1,0,2853,A
1-PB2,1133,0,1,0,2859,2860,C
1-PB2,1134,3,0,0,2870,2873,C
1-PB2,1135,2872,0,0,0,2872,A
1-PB2,1136,0,0,2884,0,2884,G
1-PB2,1137,2884,0,0,0,2884,A
1-PB2,1138,2868,0,1,0,2869,A
1-PB2,1139,0,3,2896,0,2899,G
1-PB2,1140,2888,2,1,0,2891,A
1-PB2,1141,0,2882,0,0,2882,T
1-PB2,1142,1,2863,0,0,2864,T
1-PB2,1143,0,3,2877,0,2880,G
1-PB2,1144,1,0,2918,0,2919,G
1-PB2,1145,0,2894,1,4,2899,T
1-PB2,1146,1,2881,0,1,2883,T
1-PB2,1147,4,0,0,2904,2908,C
1-PB2,1148,2948,0,0,0,2948,A
1-PB2,1149,1,2,3034,0,3037,G
1-PB2,1150,0,1,0,3068,3069,C
1-PB2,1151,0,3075,0,0,3075,T
1-PB2,1152,3,0,0,3083,3086,C
1-PB2,1153,3053,0,0,0,3053,A
1-PB2,1154,0,3044,0,1,3045,T
1-PB2,1155,3051,0,1,0,3052,A
1-PB2,1156,2,0,3069,0,3071,G
1-PB2,1157,0,2901,0,1,2902,T
1-PB2,1158,0,4,2925,0,2929,G
1-PB2,1159,2818,0,2,0,2820,A
1-PB2,1160,0,0,2871,0,2871,G
1-PB2,1161,0,2836,0,0,2836,T
1-PB2,1162,1,1,2852,0,2854,G
1-PB2,1163,1,0,2866,1,2868,G
1-PB2,1164,2859,0,2,0,2861,A
1-PB2,1165,2866,0,5,0,2871,A
1-PB2,1166,1,3,2869,0,2873,G
1-PB2,1167,2830,0,2,0,2832,A
1-PB2,1168,0,0,2840,0,2840,G
1-PB2,1169,2803,0,2,0,2805,A
1-PB2,1170,0,0,1,2802,2803,C
1-PB2,1171,1,5,2806,0,2812,G
1-PB2,1172,2779,0,2,0,2781,A
1-PB2,1173,2782,0,2,0,2784,A
1-PB2,1174,0,1,0,2794,2795,C
1-PB2,1175,2776,0,1,0,2777,A
1-PB2,1176,1,2,2907,0,2910,G
1-PB2,1177,0,2875,1,2,2878,T
1-PB2,1178,5,1,0,2876,2882,C
1-PB2,1179,2905,0,0,0,2905,A
1-PB2,1180,2893,0,1,0,2894,A
1-PB2,1181,1,2896,0,1,2898,T
1-PB2,1182,2901,0,0,0,2901,A
1-PB2,1183,1,0,2886,0,2887,G
1-PB2,1184,0,2,0,2873,2875,C
1-PB2,1185,1,0,0,2807,2808,C
1-PB2,1186,2,1,2800,0,2803,G
1-PB2,1187,2795,0,0,0,2795,A
1-PB2,1188,2802,0,1,0,2803,A
1-PB2,1189,0,0,2833,1,2834,G
1-PB2,1190,0,1,0,2884,2885,C
1-PB2,1191,2901,0,0,2,2903,A
1-PB2,1192,2907,0,0,0,2907,A
1-PB2,1193,2,2893,0,1,2896,T
1-PB2,1194,2919,0,0,1,2920,A
1-PB2,1195,2955,1,0,1,2957,A
1-PB2,1196,1,2934,0,0,2935,T
1-PB2,1197,4,0,0,2935,2939,C
1-PB2,1198,0,1,2927,0,2928,G
1-PB2,1199,0,2850,1,1,2852,T
1-PB2,1200,1,1,2841,0,2843,G
1-PB2,1201,1,0,2871,0,2872,G
1-PB2,1202,0,0,1,2866,2867,C
1-PB2,1203,2,1,0,2867,2870,C
1-PB2,1204,2842,0,1,0,2843,A
1-PB2,1205,0,2848,1,1,2850,T
1-PB2,1206,1,1,2860,0,2862,G
1-PB2,1207,0,0,2922,0,2922,G
1-PB2,1208,1,2842,0,3,2846,T
1-PB2,1209,0,0,2928,0,2928,G
1-PB2,1210,0,2856,1,1,2858,T
1-PB2,1211,0,2885,1,1,2887,T
1-PB2,1212,0,2894,0,0,2894,T
1-PB2,1213,1,2899,0,0,2900,T
1-PB2,1214,1,1,0,2945,2947,C
1-PB2,1215,2938,0,1,0,2939,A
1-PB2,1216,0,0,0,3141,3141,C
1-PB2,1217,3094,0,0,2,3096,A
1-PB2,1218,3142,0,1,0,3143,A
1-PB2,1219,0,2,3175,0,3177,G
1-PB2,1220,3139,0,1,1,3141,A
1-PB2,1221,216,2,2971,1,3190,G
1-PB2,1222,0,2,3220,0,3222,G
1-PB2,1223,3196,0,1,0,3197,A
1-PB2,1224,1,3203,0,1,3205,T
1-PB2,1225,1,3199,0,0,3200,T
1-PB2,1226,1,0,3200,0,3201,G
1-PB2,1227,0,1,0,3127,3128,C
1-PB2,1228,3151,0,1,1,3153,A
1-PB2,1229,0,3181,0,1,3182,T
1-PB2,1230,0,6,3293,0,3299,G
1-PB2,1231,3310,2,2,0,3314,A
1-PB2,1232,0,3338,0,0,3338,T
1-PB2,1233,3315,0,0,0,3315,A
1-PB2,1234,3319,0,1,0,3320,A
1-PB2,1235,3319,0,0,0,3319,A
1-PB2,1236,3321,0,4,0,3325,A
1-PB2,1237,1,3,3324,0,3328,G
1-PB2,1238,0,1,0,3405,3406,C
1-PB2,1239,3471,0,0,0,3471,A
1-PB2,1240,1,1,3564,0,3566,G
1-PB2,1241,0,3563,1,3,3567,T
1-PB2,1242,0,3579,1,2,3582,T
1-PB2,1243,3568,0,1,0,3569,A
1-PB2,1244,1,1,3586,0,3588,G
1-PB2,1245,3570,0,7,0,3577,A
1-PB2,1246,1,2,3570,0,3573,G
1-PB2,1247,1,1,3567,0,3569,G
1-PB2,1248,0,3425,0,2,3427,T
1-PB2,1249,2,4,3471,0,3477,G
1-PB2,1250,3488,0,2,0,3490,A
1-PB2,1251,0,2,0,3488,3490,C
1-PB2,1252,2,1,1,3509,3513,C
1-PB2,1253,1,3489,0,3,3493,T
1-PB2,1254,2,4,3514,0,3520,G
1-PB2,1255,3509,0,0,0,3509,A
1-PB2,1256,3507,0,1,0,3508,A
1-PB2,1257,0,3514,0,0,3514,T
1-PB2,1258,0,3551,1,1,3553,T
1-PB2,1259,0,3563,0,0,3563,T
1-PB2,1260,2,0,0,3556,3558,C
1-PB2,1261,2,0,3551,0,3553,G
1-PB2,1262,1,3544,0,2,3547,T
1-PB2,1263,1,1,0,3558,3560,C
1-PB2,1264,3561,0,0,0,3561,A
1-PB2,1265,3557,0,0,0,3557,A
1-PB2,1266,0,1,0,3566,3567,C
1-PB2,1267,3519,0,0,0,3519,A
1-PB2,1268,0,2,3578,0,3580,G
1-PB2,1269,3543,1,3,0,3547,A
1-PB2,1270,1,1,3557,0,3559,G
1-PB2,1271,2,1,0,3557,3560,C
1-PB2,1272,3566,0,0,0,3566,A
1-PB2,1273,3612,0,0,0,3612,A
1-PB2,1274,3594,0,2,0,3596,A
1-PB2,1275,0,3592,0,0,3592,T
1-PB2,1276,5,0,0,3603,3608,C
1-PB2,1277,3588,0,4,0,3592,A
1-PB2,1278,1,1,3576,0,3578,G
1-PB2,1279,1,2,0,3577,3580,C
1-PB2,1280,2,2,3597,0,3601,G
1-PB2,1281,1,1,3727,0,3729,G
1-PB2,1282,1,3704,0,3,3708,T
1-PB2,1283,0,3713,0,0,3713,T
1-PB2,1284,1,3,3717,0,3721,G
1-PB2,1285,3729,1,1,0,3731,A
1-PB2,1286,3749,0,1,0,3750,A
1-PB2,1287,2,1,0,3750,3753,C
1-PB2,1288,2,1,0,3731,3734,C
1-PB2,1289,4,1,0,3774,3779,C
1-PB2,1290,2,3,0,3680,3685,C
1-PB2,1291,3705,0,5,0,3710,A
1-PB2,1292,1,3704,0,2,3707,T
1-PB2,1293,1,0,3725,0,3726,G
1-PB2,1294,0,0,0,3728,3728,C
1-PB2,1295,3706,1,0,0,3707,A
1-PB2,1296,0,3682,0,0,3682,T
1-PB2,1297,1,1,0,3685,3687,C
1-PB2,1298,3672,0,2,0,3674,A
1-PB2,1299,0,0,3727,0,3727,G
1-PB2,1300,0,0,0,3746,3746,C
1-PB2,1301,0,3745,1,3,3749,T
1-PB2,1302,0,3742,0,0,3742,T
1-PB2,1303,0,3739,0,2,3741,T
1-PB2,1304,0,3737,0,0,3737,T
1-PB2,1305,3740,0,0,0,3740,A
1-PB2,1306,3730,2,1,0,3733,A
1-PB2,1307,2,3,3723,0,3728,G
1-PB2,1308,2,0,3699,0,3701,G
1-PB2,1309,1,1,0,3680,3682,C
1-PB2,1310,3678,0,1,0,3679,A
1-PB2,1311,1,3687,0,0,3688,T
1-PB2,1312,0,3707,0,0,3707,T
1-PB2,1313,0,3716,0,1,3717,T
1-PB2,1314,1,3714,0,0,3715,T
1-PB2,1315,1,1,0,3722,3724,C
1-PB2,1316,3717,0,4,1,3722,A
1-PB2,1317,1,0,3728,0,3729,G
1-PB2,1318,3721,0,0,0,3721,A
1-PB2,1319,3714,0,1,0,3715,A
1-PB2,1320,3702,0,1,0,3703,A
1-PB2,1321,0,0,3694,0,3694,G
1-PB2,1322,3719,0,0,0,3719,A
1-PB2,1323,1,3702,0,2,3705,T
1-PB2,1324,0,0,3711,0,3711,G
1-PB2,1325,0,0,0,3714,3714,C
1-PB2,1326,2,4,3723,0,3729,G
1-PB2,1327,3702,1,2,0,3705,A
1-PB2,1328,3716,0,0,0,3716,A
1-PB2,1329,3709,0,0,1,3710,A
1-PB2,1330,2,0,3719,0,3721,G
1-PB2,1331,1,3660,0,1,3662,T
1-PB2,1332,3,1,3665,0,3669,G
1-PB2,1333,1,2,0,3640,3643,C
1-PB2,1334,0,3666,0,1,3667,T
1-PB2,1335,0,3673,0,0,3673,T
1-PB2,1336,0,3680,0,0,3680,T
1-PB2,1337,0,3687,0,1,3688,T
1-PB2,1338,0,3661,0,3,3664,T
1-PB2,1339,4,0,0,3677,3681,C
1-PB2,1340,3689,0,5,0,3694,A
1-PB2,1341,3701,0,0,0,3701,A
1-PB2,1342,3688,0,0,0,3688,A
1-PB2,1343,3703,1,0,0,3704,A
1-PB2,1344,0,3685,0,0,3685,T
1-PB2,1345,0,3700,0,2,3702,T
1-PB2,1346,0,3,3703,0,3706,G
1-PB2,1347,0,5,3686,0,3691,G
1-PB2,1348,0,1,3685,1,3687,G
1-PB2,1349,0,3,3720,0,3723,G
1-PB2,1350,3686,0,3,0,3689,A
1-PB2,1351,2,0,3757,0,3759,G
1-PB2,1352,0,3750,0,2,3752,T
1-PB2,1353,0,3741,1,0,3742,T
1-PB2,1354,1,3,3755,0,3759,G
1-PB2,1355,3753,0,4,0,3757,A
1-PB2,1356,3748,0,7,1,3756,A
1-PB2,1357,2,0,0,3799,3801,C
1-PB2,1358,3763,0,0,0,3763,A
1-PB2,1359,0,0,1,3841,3842,C
1-PB2,1360,3751,0,0,0,3751,A
1-PB2,1361,0,3742,0,0,3742,T
1-PB2,1362,1,3728,0,5,3734,T
1-PB2,1363,0,5,3792,0,3797,G
1-PB2,1364,3797,1,3,0,3801,A
1-PB2,1365,0,0,0,3796,3796,C
1-PB2,1366,3720,0,1,0,3721,A
1-PB2,1367,3576,0,2,0,3578,A
1-PB2,1368,1,3622,0,1,3624,T
1-PB2,1369,0,0,3673,0,3673,G
1-PB2,1370,0,3657,1,1,3659,T
1-PB2,1371,2,1,3666,0,3669,G
1-PB2,1372,3639,0,3,0,3642,A
1-PB2,1373,0,3624,1,0,3625,T
1-PB2,1374,1,2,3621,0,3624,G
1-PB2,1375,1,0,3629,0,3630,G
1-PB2,1376,2,5,3625,0,3632,G
1-PB2,1377,3604,0,1,0,3605,A
1-PB2,1378,3586,0,2,1,3589,A
1-PB2,1379,0,3569,0,2,3571,T
1-PB2,1380,0,1,3605,0,3606,G
1-PB2,1381,3605,0,1,0,3606,A
1-PB2,1382,0,3593,0,0,3593,T
1-PB2,1383,0,3584,1,2,3587,T
1-PB2,1384,2,4,3570,0,3576,G
1-PB2,1385,1,1,3637,0,3639,G
1-PB2,1386,3620,0,5,0,3625,A
1-PB2,1387,2,0,3659,0,3661,G
1-PB2,1388,0,3611,0,1,3612,T
1-PB2,1389,3596,0,0,0,3596,A
1-PB2,1390,2,3625,1,0,3628,T
1-PB2,1391,0,3664,1,0,3665,T
1-PB2,1392,3684,0,2,0,3686,A
1-PB2,1393,0,1,0,3702,3703,C
1-PB2,1394,2,2,0,3661,3665,C
1-PB2,1395,3621,1,0,0,3622,A
1-PB2,1396,0,0,3642,0,3642,G
1-PB2,1397,3704,0,3,0,3707,A
1-PB2,1398,0,3674,0,3,3677,T
1-PB2,1399,3652,0,0,0,3652,A
1-PB2,1400,0,3619,1,1,3621,T
1-PB2,1401,0,5,3583,0,3588,G
1-PB2,1402,3594,0,4,0,3598,A
1-PB2,1403,0,0,0,3602,3602,C
1-PB2,1404,0,3596,0,0,3596,T
1-PB2,1405,1,3,0,3586,3590,C
1-PB2,1406,1,2,0,3579,3582,C
1-PB2,1407,3590,1,5,0,3596,A
1-PB2,1408,3607,1,3,0,3611,A
1-PB2,1409,2,0,3686,0,3688,G
1-PB2,1410,0,1,0,3672,3673,C
1-PB2,1411,3665,0,0,0,3665,A
1-PB2,1412,1,1,0,3674,3676,C
1-PB2,1413,3640,0,1,0,3641,A
1-PB2,1414,0,3,3652,0,3655,G
1-PB2,1415,3635,0,1,0,3636,A
1-PB2,1416,1,0,3654,0,3655,G
1-PB2,1417,3664,0,0,0,3664,A
1-PB2,1418,0,3566,0,3,3569,T
1-PB2,1419,0,0,3612,0,3612,G
1-PB2,1420,1,3550,0,1,3552,T
1-PB2,1421,7,1,0,3545,3553,C
1-PB2,1422,3559,0,1,0,3560,A
1-PB2,1423,3545,0,0,0,3545,A
1-PB2,1424,0,3532,0,1,3533,T
1-PB2,1425,0,3,3530,0,3533,G
1-PB2,1426,3503,1,1,0,3505,A
1-PB2,1427,1,3,3520,0,3524,G
1-PB2,1428,3466,0,5,0,3471,A
1-PB2,1429,1,0,3467,0,3468,G
1-PB2,1430,0,3,3581,0,3584,G
1-PB2,1431,3576,1,1,0,3578,A
1-PB2,1432,3588,0,4,0,3592,A
1-PB2,1433,0,3592,0,0,3592,T
1-PB2,1434,3589,0,3,0,3592,A
1-PB2,1435,3582,0,0,0,3582,A
1-PB2,1436,0,3,3584,0,3587,G
1-PB2,1437,3557,0,3,0,3560,A
1-PB2,1438,0,0,3563,1,3564,G
1-PB2,1439,0,3377,0,0,3377,T
1-PB2,1440,1,0,0,3393,3394,C
1-PB2,1441,3391,1,2,0,3394,A
1-PB2,1442,2,0,3396,0,3398,G
1-PB2,1443,0,0,0,3403,3403,C
1-PB2,1444,3421,1,0,0,3422,A
1-PB2,1445,3422,0,0,0,3422,A
1-PB2,1446,3411,0,0,0,3411,A
1-PB2,1447,3415,0,1,0,3416,A
1-PB2,1448,0,3402,0,2,3404,T
1-PB2,1449,1,1,3408,0,3410,G
1-PB2,1450,1,0,3413,0,3414,G
1-PB2,1451,1,0,3433,0,3434,G
1-PB2,1452,0,3380,0,4,3384,T
1-PB2,1453,1,0,3401,0,3402,G
1-PB2,1454,0,3391,1,2,3394,T
1-PB2,1455,0,3,3396,0,3399,G
1-PB2,1456,0,5,3443,0,3448,G
1-PB2,1457,3453,1,0,0,3454,A
1-PB2,1458,0,3421,1,0,3422,T
1-PB2,1459,0,3,3437,1,3441,G
1-PB2,1460,3421,0,2,0,3423,A
1-PB2,1461,3436,0,2,0,3438,A
1-PB2,1462,0,3417,1,0,3418,T
1-PB2,1463,3371,0,0,0,3371,A
1-PB2,1464,0,0,0,3552,3552,C
1-PB2,1465,0,3424,0,1,3425,T
1-PB2,1466,1,0,0,3449,3450,C
1-PB2,1467,1,0,0,3487,3488,C
1-PB2,1468,3477,0,1,0,3478,A
1-PB2,1469,0,0,3581,0,3581,G
1-PB2,1470,0,3548,0,1,3549,T
1-PB2,1471,3553,0,1,0,3554,A
1-PB2,1472,0,1,1,3572,3574,C
1-PB2,1473,3292,0,1,0,3293,A
1-PB2,1474,0,0,3301,0,3301,G
1-PB2,1475,3247,0,2,0,3249,A
1-PB2,1476,0,5,3256,0,3261,G
1-PB2,1477,3143,1,1,0,3145,A
1-PB2,1478,1,2,3069,0,3072,G
1-PB2,1479,2941,0,6,0,2947,A
1-PB2,1480,0,0,2994,0,2994,G
1-PB2,1481,2,2979,0,1,2982,T
1-PB2,1482,0,4,2992,0,2996,G
1-PB2,1483,0,0,3008,0,3008,G
1-PB2,1484,0,2964,0,1,2965,T
1-PB2,1485,1,2,3029,0,3032,G
1-PB2,1486,1,0,3022,0,3023,G
1-PB2,1487,0,2967,0,3,2970,T
1-PB2,1488,0,2977,0,2,2979,T
1-PB2,1489,2932,0,1,0,2933,A
1-PB2,1490,1,0,2934,0,2935,G
1-PB2,1491,1,0,0,2946,2947,C
1-PB2,1492,2937,0,1,0,2938,A
1-PB2,1493,0,2925,0,0,2925,T
1-PB2,1494,0,2798,0,0,2798,T
1-PB2,1495,1,1,2786,0,2788,G
1-PB2,1496,2794,0,0,0,2794,A
1-PB2,1497,0,2787,0,0,2787,T
1-PB2,1498,1,1,0,2804,2806,C
1-PB2,1499,2,2,2772,0,2776,G
1-PB2,1500,1,0,2824,0,2825,G
1-PB2,1501,0,2790,1,2,2793,T
1-PB2,1502,0,2812,0,0,2812,T
1-PB2,1503,0,2810,0,0,2810,T
1-PB2,1504,0,2810,0,0,2810,T
1-PB2,1505,0,2804,0,1,2805,T
1-PB2,1506,5,3,2803,0,2811,G
1-PB2,1507,2804,1,4,0,2809,A
1-PB2,1508,1,3,2810,0,2814,G
1-PB2,1509,2700,0,2,0,2702,A
1-PB2,1510,0,1,2714,0,2715,G
1-PB2,1511,0,2710,0,4,2714,T
1-PB2,1512,0,2704,0,1,2705,T
1-PB2,1513,2,1,1,2713,2717,C
1-PB2,1514,0,1,2729,0,2730,G
1-PB2,1515,2729,0,3,0,2732,A
1-PB2,1516,1,3,2731,0,2735,G
1-PB2,1517,2725,0,0,0,2725,A
1-PB2,1518,0,0,0,2720,2720,C
1-PB2,1519,3,1,0,2707,2711,C
1-PB2,1520,2701,0,0,0,2701,A
1-PB2,1521,2711,0,0,0,2711,A
1-PB2,1522,0,1,0,2719,2720,C
1-PB2,1523,3,0,2718,0,2721,G
1-PB2,1524,0,2700,0,1,2701,T
1-PB2,1525,0,4,2695,1,2700,G
1-PB2,1526,0,1,2701,0,2702,G
1-PB2,1527,0,1,2704,0,2705,G
1-PB2,1528,2657,0,5,0,2662,A
1-PB2,1529,2669,0,0,0,2669,A
1-PB2,1530,0,2573,0,0,2573,T
1-PB2,1531,5,1,2555,0,2561,G
1-PB2,1532,1,3,0,2513,2517,C
1-PB2,1533,2576,0,0,0,2576,A
1-PB2,1534,0,2600,0,1,2601,T
1-PB2,1535,0,2605,0,2,2607,T
1-PB2,1536,2657,0,0,0,2657,A
1-PB2,1537,0,2634,0,0,2634,T
1-PB2,1538,0,2628,0,1,2629,T
1-PB2,1539,2631,0,0,0,2631,A
1-PB2,1540,0,2464,0,4,2468,T
1-PB2,1541,1,0,0,2538,2539,C
1-PB2,1542,0,2500,0,1,2501,T
1-PB2,1543,4,0,0,2501,2505,C
1-PB2,1544,0,0,0,2519,2519,C
1-PB2,1545,0,2423,0,1,2424,T
1-PB2,1546,0,1,2441,1,2443,G
1-PB2,1547,2418,0,1,0,2419,A
1-PB2,1548,0,2,2422,0,2424,G
1-PB2,1549,0,0,2411,0,2411,G
1-PB2,1550,2157,0,2,0,2159,A
1-PB2,1551,0,0,2166,0,2166,G
1-PB2,1552,0,0,2148,0,2148,G
1-PB2,1553,1,2079,0,4,2084,T
1-PB2,1554,1,1,0,2104,2106,C
1-PB2,1555,2075,0,0,0,2075,A
1-PB2,1556,0,0,2100,0,2100,G
1-PB2,1557,0,2093,1,0,2094,T
1-PB2,1558,0,4,2089,0,2093,G
1-PB2,1559,2086,0,2,0,2088,A
1-PB2,1560,1981,0,2,0,1983,A
1-PB2,1561,1979,1,1,1,1982,A
1-PB2,1562,0,1,0,1983,1984,C
1-PB2,1563,1965,0,1,0,1966,A
1-PB2,1564,0,0,0,1970,1970,C
1-PB2,1565,1902,0,2,0,1904,A
1-PB2,1566,1888,0,3,1,1892,A
1-PB2,1567,0,2,1894,0,1896,G
1-PB2,1568,0,6,1914,0,1920,G
1-PB2,1569,1917,0,2,0,1919,A
1-PB2,1570,1897,1,0,0,1898,A
1-PB2,1571,0,0,0,1912,1912,C
1-PB2,1572,0,1875,0,0,1875,T
1-PB2,1573,0,1,1864,0,1865,G
1-PB2,1574,1859,0,1,0,1860,A
1-PB2,1575,3,2,1858,0,1863,G
1-PB2,1576,1838,0,0,0,1838,A
1-PB2,1577,0,1,1752,0,1753,G
1-PB2,1578,1745,0,2,0,1747,A
1-PB2,1579,1,1,0,1733,1735,C
1-PB2,1580,0,1683,0,0,1683,T
1-PB2,1581,4,1,1701,0,1706,G
1-PB2,1582,1692,0,1,0,1693,A
1-PB2,1583,2,1,0,1701,1704,C
1-PB2,1584,1694,0,1,0,1695,A
1-PB2,1585,1697,1,1,0,1699,A
1-PB2,1586,0,1685,0,0,1685,T
1-PB2,1587,1697,0,0,0,1697,A
1-PB2,1588,1696,0,0,0,1696,A
1-PB2,1589,0,1,0,1708,1709,C
1-PB2,1590,0,1596,0,2,1598,T
1-PB2,1591,0,1584,1,0,1585,T
1-PB2,1592,1566,0,0,0,1566,A
1-PB2,1593,0,1559,0,1,1560,T
1-PB2,1594,0,1555,0,0,1555,T
1-PB2,1595,3,1,0,1542,1546,C
1-PB2,1596,1447,0,0,0,1447,A
1-PB2,1597,0,1440,0,0,1440,T
1-PB2,1598,2,0,0,1409,1411,C
1-PB2,1599,0,0,1416,0,1416,G
1-PB2,1600,0,1415,0,1,1416,T
1-PB2,1601,0,1,0,1405,1406,C
1-PB2,1602,0,0,1417,0,1417,G
1-PB2,1603,1411,0,0,0,1411,A
1-PB2,1604,0,1408,0,0,1408,T
1-PB2,1605,0,0,1404,0,1404,G
1-PB2,1606,1413,0,0,0,1413,A
1-PB2,1607,0,1409,0,0,1409,T
1-PB2,1608,0,0,1405,0,1405,G
1-PB2,1609,0,1351,0,0,1351,T
1-PB2,1610,0,0,1353,0,1353,G
1-PB2,1611,0,0,1347,0,1347,G
1-PB2,1612,0,0,1347,0,1347,G
1-PB2,1613,1305,0,0,0,1305,A
1-PB2,1614,0,3,1295,0,1298,G
1-PB2,1615,1200,0,1,0,1201,A
1-PB2,1616,0,1165,1,0,1166,T
1-PB2,1617,0,1141,0,0,1141,T
1-PB2,1618,1139,0,0,0,1139,A
1-PB2,1619,1131,0,2,0,1133,A
1-PB2,1620,0,0,0,1124,1124,C
1-PB2,1621,4,1,1052,0,1057,G
1-PB2,1622,0,0,1061,0,1061,G
1-PB2,1623,1,944,0,0,945,T
1-PB2,1624,0,0,0,935,935,C
1-PB2,1625,0,0,0,943,943,C
1-PB2,1626,1,902,0,0,903,T
1-PB2,1627,0,2,926,0,928,G
1-PB2,1628,928,0,0,0,928,A
1-PB2,1629,0,1,932,0,933,G
1-PB2,1630,0,920,0,0,920,T
1-PB2,1631,0,0,0,895,895,C
1-PB2,1632,1,2,895,0,898,G
1-PB2,1633,0,1,902,0,903,G
1-PB2,1634,0,886,0,1,887,T
1-PB2,1635,0,907,0,1,908,T
1-PB2,1636,0,904,0,0,904,T
1-PB2,1637,0,907,0,0,907,T
1-PB2,1638,0,0,927,0,927,G
1-PB2,1639,0,0,933,0,933,G
1-PB2,1640,0,927,0,0,927,T
1-PB2,1641,1,0,0,936,937,C
1-PB2,1642,914,1,0,0,915,A
1-PB2,1643,947,0,2,0,949,A
1-PB2,1644,0,946,0,0,946,T
1-PB2,1645,947,0,1,0,948,A
1-PB2,1646,0,0,0,966,966,C
1-PB2,1647,3,0,1,948,952,C
1-PB2,1648,0,942,0,0,942,T
1-PB2,1649,960,0,0,0,960,A
1-PB2,1650,0,954,0,0,954,T
1-PB2,1651,0,0,0,962,962,C
1-PB2,1652,925,0,0,0,925,A
1-PB2,1653,929,0,0,0,929,A
1-PB2,1654,0,920,0,0,920,T
1-PB2,1655,2,0,895,0,897,G
1-PB2,1656,0,0,896,0,896,G
1-PB2,1657,880,0,1,0,881,A
1-PB2,1658,0,864,0,0,864,T
1-PB2,1659,1,0,0,860,861,C
1-PB2,1660,857,0,2,0,859,A
1-PB2,1661,0,866,0,0,866,T
1-PB2,1662,0,0,0,871,871,C
1-PB2,1663,864,0,1,0,865,A
1-PB2,1664,0,0,869,0,869,G
1-PB2,1665,865,0,1,0,866,A
1-PB2,1666,864,1,0,0,865,A
1-PB2,1667,867,0,0,0,867,A
1-PB2,1668,0,864,0,0,864,T
1-PB2,1669,0,859,0,1,860,T
1-PB2,1670,0,1,850,0,851,G
1-PB2,1671,1,0,853,0,854,G
1-PB2,1672,0,0,850,0,850,G
1-PB2,1673,849,0,0,0,849,A
1-PB2,1674,848,0,0,0,848,A
1-PB2,1675,0,0,833,0,833,G
1-PB2,1676,0,0,0,839,839,C
1-PB2,1677,0,839,0,1,840,T
1-PB2,1678,0,1,838,0,839,G
1-PB2,1679,0,836,0,1,837,T
1-PB2,1680,2,0,0,838,840,C
1-PB2,1681,841,0,0,0,841,A
1-PB2,1682,846,0,0,0,846,A
1-PB2,1683,847,0,0,0,847,A
1-PB2,1684,854,1,0,0,855,A
1-PB2,1685,0,853,0,0,853,T
1-PB2,1686,0,844,0,1,845,T
1-PB2,1687,1,0,0,843,844,C
1-PB2,1688,841,0,1,0,842,A
1-PB2,1689,843,0,0,0,843,A
1-PB2,1690,0,843,0,1,844,T
1-PB2,1691,1,1,837,0,839,G
1-PB2,1692,0,0,841,0,841,G
1-PB2,1693,0,849,0,0,849,T
1-PB2,1694,0,0,0,858,858,C
1-PB2,1695,0,856,0,0,856,T
1-PB2,1696,0,0,0,863,863,C
1-PB2,1697,860,0,3,0,863,A
1-PB2,1698,0,0,855,1,856,G
1-PB2,1699,860,0,0,0,860,A
1-PB2,1700,866,0,0,0,866,A
1-PB2,1701,0,853,0,0,853,T
1-PB2,1702,0,0,0,822,822,C
1-PB2,1703,0,0,0,819,819,C
1-PB2,1704,0,817,0,1,818,T
1-PB2,1705,0,0,818,0,818,G
1-PB2,1706,0,1,0,823,824,C
1-PB2,1707,825,0,0,0,825,A
1-PB2,1708,828,0,0,0,828,A
1-PB2,1709,0,819,0,0,819,T
1-PB2,1710,0,0,844,0,844,G
1-PB2,1711,0,846,0,0,846,T
1-PB2,1712,0,821,0,0,821,T
1-PB2,1713,1,0,829,0,830,G
1-PB2,1714,0,827,0,1,828,T
1-PB2,1715,828,0,0,0,828,A
1-PB2,1716,0,0,1,823,824,C
1-PB2,1717,815,0,0,0,815,A
1-PB2,1718,820,0,1,0,821,A
1-PB2,1719,0,0,0,804,804,C
1-PB2,1720,798,0,0,0,798,A
1-PB2,1721,795,0,1,0,796,A
1-PB2,1722,785,0,0,0,785,A
1-PB2,1723,786,0,0,0,786,A
1-PB2,1724,0,784,0,1,785,T
1-PB2,1725,0,0,789,0,789,G
1-PB2,1726,0,0,790,0,790,G
1-PB2,1727,780,0,1,0,781,A
1-PB2,1728,791,0,0,0,791,A
1-PB2,1729,0,792,0,1,793,T
1-PB2,1730,0,785,0,1,786,T
1-PB2,1731,0,788,0,0,788,T
1-PB2,1732,0,0,782,0,782,G
1-PB2,1733,790,0,0,0,790,A
1-PB2,1734,787,0,0,0,787,A
1-PB2,1735,0,0,0,787,787,C
1-PB2,1736,1,0,0,763,764,C
1-PB2,1737,737,0,0,34,771,A
1-PB2,1738,0,778,0,1,779,T
1-PB2,1739,0,775,0,0,775,T
1-PB2,1740,0,773,0,0,773,T
1-PB2,1741,1,0,0,776,777,C
1-PB2,1742,775,0,0,0,775,A
1-PB2,1743,780,0,0,0,780,A
1-PB2,1744,0,783,0,0,783,T
1-PB2,1745,1,0,0,787,788,C
1-PB2,1746,0,784,0,0,784,T
1-PB2,1747,0,777,0,0,777,T
1-PB2,1748,0,779,0,0,779,T
1-PB2,1749,786,0,0,0,786,A
1-PB2,1750,0,0,776,0,776,G
1-PB2,1751,0,782,0,0,782,T
1-PB2,1752,1,0,0,794,795,C
1-PB2,1753,0,0,0,797,797,C
1-PB2,1754,0,0,0,796,796,C
1-PB2,1755,0,0,0,793,793,C
1-PB2,1756,795,0,0,0,795,A
1-PB2,1757,799,0,0,0,799,A
1-PB2,1758,0,0,809,0,809,G
1-PB2,1759,1,0,807,0,808,G
1-PB2,1760,0,0,0,807,807,C
1-PB2,1761,1,0,0,795,796,C
1-PB2,1762,798,0,0,0,798,A
1-PB2,1763,0,804,0,1,805,T
1-PB2,1764,1,804,0,0,805,T
1-PB2,1765,804,0,0,0,804,A
1-PB2,1766,0,1,801,0,802,G
1-PB2,1767,790,0,0,0,790,A
1-PB2,1768,805,0,1,0,806,A
1-PB2,1769,0,0,815,0,815,G
1-PB2,1770,1,0,0,817,818,C
1-PB2,1771,0,0,0,826,826,C
1-PB2,1772,818,0,0,0,818,A
1-PB2,1773,825,0,0,0,825,A
1-PB2,1774,0,838,0,0,838,T
1-PB2,1775,841,0,0,0,841,A
1-PB2,1776,0,1,0,852,853,C
1-PB2,1777,808,0,0,0,808,A
1-PB2,1778,0,0,808,0,808,G
1-PB2,1779,0,795,0,0,795,T
1-PB2,1780,0,1,800,0,801,G
1-PB2,1781,0,0,799,0,799,G
1-PB2,1782,0,0,801,0,801,G
1-PB2,1783,1,786,0,0,787,T
1-PB2,1784,0,790,0,0,790,T
1-PB2,1785,1,796,0,0,797,T
1-PB2,1786,0,0,799,0,799,G
1-PB2,1787,0,797,0,0,797,T
1-PB2,1788,1,0,0,799,800,C
1-PB2,1789,783,0,0,0,783,A
1-PB2,1790,0,0,782,0,782,G
1-PB2,1791,779,0,0,0,779,A
1-PB2,1792,778,0,0,0,778,A
1-PB2,1793,0,0,0,783,783,C
1-PB2,1794,0,769,0,1,770,T
1-PB2,1795,0,0,0,791,791,C
1-PB2,1796,0,794,0,0,794,T
1-PB2,1797,797,0,0,0,797,A
1-PB2,1798,0,795,0,0,795,T
1-PB2,1799,0,791,0,1,792,T
1-PB2,1800,0,1,0,797,798,C
1-PB2,1801,0,1,0,786,787,C
1-PB2,1802,785,0,1,0,786,A
1-PB2,1803,790,0,0,0,790,A
1-PB2,1804,0,0,0,790,790,C
1-PB2,1805,786,0,0,0,786,A
1-PB2,1806,792,0,0,0,792,A
1-PB2,1807,793,0,0,0,793,A
1-PB2,1808,0,793,0,0,793,T
1-PB2,1809,0,1,793,0,794,G
1-PB2,1810,789,0,0,0,789,A
1-PB2,1811,0,0,798,0,798,G
1-PB2,1812,789,0,2,0,791,A
1-PB2,1813,0,0,793,0,793,G
1-PB2,1814,788,0,1,0,789,A
1-PB2,1815,0,0,0,790,790,C
1-PB2,1816,1,0,793,0,794,G
1-PB2,1817,0,795,0,0,795,T
1-PB2,1818,800,0,1,0,801,A
1-PB2,1819,0,0,0,803,803,C
1-PB2,1820,0,801,0,0,801,T
1-PB2,1821,0,800,0,1,801,T
1-PB2,1822,0,2,791,0,793,G
1-PB2,1823,0,0,799,0,799,G
1-PB2,1824,0,0,800,0,800,G
1-PB2,1825,788,0,0,0,788,A
1-PB2,1826,1,0,0,801,802,C
1-PB2,1827,804,1,0,0,805,A
1-PB2,1828,0,801,0,0,801,T
1-PB2,1829,0,807,0,0,807,T
1-PB2,1830,0,804,0,0,804,T
1-PB2,1831,2,1,796,0,799,G
1-PB2,1832,798,0,1,0,799,A
1-PB2,1833,0,1,0,803,804,C
1-PB2,1834,796,0,0,0,796,A
1-PB2,1835,0,0,0,809,809,C
1-PB2,1836,0,0,0,802,802,C
1-PB2,1837,800,0,1,0,801,A
1-PB2,1838,0,1,0,810,811,C
1-PB2,1839,1,0,0,807,808,C
1-PB2,1840,0,1,0,817,818,C
1-PB2,1841,818,0,0,0,818,A
1-PB2,1842,0,0,836,0,836,G
1-PB2,1843,830,0,1,0,831,A
1-PB2,1844,0,860,0,0,860,T
1-PB2,1845,859,0,1,0,860,A
1-PB2,1846,848,0,7,0,855,A
1-PB2,1847,0,852,0,0,852,T
1-PB2,1848,853,0,0,0,853,A
1-PB2,1849,852,0,0,0,852,A
1-PB2,1850,841,0,0,0,841,A
1-PB2,1851,0,0,843,0,843,G
1-PB2,1852,0,0,0,840,840,C
1-PB2,1853,0,797,0,0,797,T
1-PB2,1854,0,799,0,0,799,T
1-PB2,1855,0,0,0,803,803,C
1-PB2,1856,0,795,0,2,797,T
1-PB2,1857,1,2,0,805,808,C
1-PB2,1858,1,0,1,809,811,C
1-PB2,1859,0,0,0,821,821,C
1-PB2,1860,0,819,0,0,819,T
1-PB2,1861,0,825,0,0,825,T
1-PB2,1862,0,823,0,0,823,T
1-PB2,1863,0,826,0,1,827,T
1-PB2,1864,0,1,821,0,822,G
1-PB2,1865,0,0,0,827,827,C
1-PB2,1866,824,0,0,0,824,A
1-PB2,1867,1,0,819,0,820,G
1-PB2,1868,0,0,0,818,818,C
1-PB2,1869,0,812,0,1,813,T
1-PB2,1870,0,0,824,0,824,G
1-PB2,1871,0,0,0,818,818,C
1-PB2,1872,0,811,0,0,811,T
1-PB2,1873,1,0,0,826,827,C
1-PB2,1874,0,0,0,839,839,C
1-PB2,1875,840,0,0,0,840,A
1-PB2,1876,0,2,0,843,845,C
1-PB2,1877,4,0,0,843,847,C
1-PB2,1878,848,0,0,0,848,A
1-PB2,1879,846,1,0,0,847,A
1-PB2,1880,845,0,0,0,845,A
1-PB2,1881,1,0,853,0,854,G
1-PB2,1882,0,1,0,848,849,C
1-PB2,1883,846,0,0,0,846,A
1-PB2,1884,845,0,0,0,845,A
1-PB2,1885,843,0,1,0,844,A
1-PB2,1886,0,0,858,0,858,G
1-PB2,1887,0,2,0,859,861,C
1-PB2,1888,854,0,0,0,854,A
1-PB2,1889,1,0,858,0,859,G
1-PB2,1890,846,0,2,0,848,A
1-PB2,1891,861,0,0,0,861,A
1-PB2,1892,0,861,1,0,862,T
1-PB2,1893,0,0,859,0,859,G
1-PB2,1894,0,0,0,865,865,C
1-PB2,1895,846,0,1,0,847,A
1-PB2,1896,0,0,850,0,850,G
1-PB2,1897,2,848,0,0,850,T
1-PB2,1898,0,886,0,0,886,T
1-PB2,1899,0,1,1,890,892,C
1-PB2,1900,0,878,0,0,878,T
1-PB2,1901,0,1,0,894,895,C
1-PB2,1902,0,893,0,0,893,T
1-PB2,1903,0,890,0,0,890,T
1-PB2,1904,0,0,0,892,892,C
1-PB2,1905,879,0,1,0,880,A
1-PB2,1906,0,1,0,884,885,C
1-PB2,1907,0,850,0,1,851,T
1-PB2,1908,0,1,867,0,868,G
1-PB2,1909,858,0,0,0,858,A
1-PB2,1910,0,0,0,881,881,C
1-PB2,1911,0,880,0,0,880,T
1-PB2,1912,0,0,888,0,888,G
1-PB2,1913,0,888,0,0,888,T
1-PB2,1914,0,0,889,0,889,G
1-PB2,1915,894,0,0,0,894,A
1-PB2,1916,895,0,1,0,896,A
1-PB2,1917,1,889,0,0,890,T
1-PB2,1918,0,0,889,0,889,G
1-PB2,1919,0,865,0,0,865,T
1-PB2,1920,0,0,872,0,872,G
1-PB2,1921,860,0,1,0,861,A
1-PB2,1922,0,0,867,0,867,G
1-PB2,1923,0,0,852,0,852,G
1-PB2,1924,0,1,855,0,856,G
1-PB2,1925,0,0,876,0,876,G
1-PB2,1926,869,0,1,0,870,A
1-PB2,1927,0,870,0,0,870,T
1-PB2,1928,2,0,0,877,879,C
1-PB2,1929,870,1,2,0,873,A
1-PB2,1930,0,1,886,0,887,G
1-PB2,1931,0,1,887,0,888,G
1-PB2,1932,1,1,895,0,897,G
1-PB2,1933,898,0,0,1,899,A
1-PB2,1934,0,870,0,1,871,T
1-PB2,1935,0,1,873,0,874,G
1-PB2,1936,869,0,0,0,869,A
1-PB2,1937,2,1,896,0,899,G
1-PB2,1938,895,0,0,0,895,A
1-PB2,1939,873,0,0,0,873,A
1-PB2,1940,0,886,0,0,886,T
1-PB2,1941,884,0,0,0,884,A
1-PB2,1942,0,0,0,911,911,C
1-PB2,1943,0,898,0,1,899,T
1-PB2,1944,0,905,0,1,906,T
1-PB2,1945,0,0,912,0,912,G
1-PB2,1946,0,896,0,0,896,T
1-PB2,1947,895,0,0,0,895,A
1-PB2,1948,893,0,0,0,893,A
1-PB2,1949,0,1,883,0,884,G
1-PB2,1950,0,0,887,0,887,G
1-PB2,1951,2,0,869,0,871,G
1-PB2,1952,0,0,869,0,869,G
1-PB2,1953,0,0,1,878,879,C
1-PB2,1954,883,0,0,0,883,A
1-PB2,1955,894,0,0,0,894,A
1-PB2,1956,0,899,0,0,899,T
1-PB2,1957,1,891,0,0,892,T
1-PB2,1958,0,0,0,915,915,C
1-PB2,1959,0,892,0,0,892,T
1-PB2,1960,1,1,0,907,909,C
1-PB2,1961,0,0,0,912,912,C
1-PB2,1962,0,913,0,0,913,T
1-PB2,1963,0,0,937,0,937,G
1-PB2,1964,0,922,0,0,922,T
1-PB2,1965,923,0,0,1,924,A
1-PB2,1966,0,927,0,0,927,T
1-PB2,1967,0,911,0,0,911,T
1-PB2,1968,0,0,0,914,914,C
1-PB2,1969,913,0,0,0,913,A
1-PB2,1970,927,0,0,0,927,A
1-PB2,1971,0,0,0,930,930,C
1-PB2,1972,0,918,0,2,920,T
1-PB2,1973,925,1,0,0,926,A
1-PB2,1974,1,0,0,958,959,C
1-PB2,1975,961,0,0,0,961,A
1-PB2,1976,957,0,0,0,957,A
1-PB2,1977,0,0,0,962,962,C
1-PB2,1978,956,0,0,0,956,A
1-PB2,1979,942,0,1,0,943,A
1-PB2,1980,1,0,943,0,944,G
1-PB2,1981,947,0,0,0,947,A
1-PB2,1982,0,0,0,946,946,C
1-PB2,1983,0,2,0,917,919,C
1-PB2,1984,926,0,0,0,926,A
1-PB2,1985,0,0,0,953,953,C
1-PB2,1986,0,953,0,0,953,T
1-PB2,1987,949,0,0,0,949,A
1-PB2,1988,945,0,4,0,949,A
1-PB2,1989,949,0,0,0,949,A
1-PB2,1990,948,0,0,0,948,A
1-PB2,1991,0,1,960,0,961,G
1-PB2,1992,954,0,0,0,954,A
1-PB2,1993,0,0,0,951,951,C
1-PB2,1994,0,933,0,0,933,T
1-PB2,1995,933,0,1,0,934,A
1-PB2,1996,928,0,0,0,928,A
1-PB2,1997,0,0,0,930,930,C
1-PB2,1998,927,0,1,0,928,A
1-PB2,1999,925,0,0,0,925,A
1-PB2,2000,0,915,0,1,916,T
1-PB2,2001,0,915,0,0,915,T
1-PB2,2002,0,0,0,919,919,C
1-PB2,2003,0,909,0,0,909,T
1-PB2,2004,0,0,0,923,923,C
1-PB2,2005,0,0,920,0,920,G
1-PB2,2006,0,1,918,0,919,G
1-PB2,2007,918,0,0,0,918,A
1-PB2,2008,923,0,0,0,923,A
1-PB2,2009,924,0,0,0,924,A
1-PB2,2010,924,0,1,0,925,A
1-PB2,2011,0,0,924,0,924,G
1-PB2,2012,919,0,0,0,919,A
1-PB2,2013,0,923,0,0,923,T
1-PB2,2014,0,0,924,0,924,G
1-PB2,2015,0,1,0,918,919,C
1-PB2,2016,2,0,0,918,920,C
1-PB2,2017,1,0,920,0,921,G
1-PB2,2018,0,0,920,0,920,G
1-PB2,2019,1,2,0,925,928,C
1-PB2,2020,928,0,0,0,928,A
1-PB2,2021,0,0,0,976,976,C
1-PB2,2022,0,972,0,0,972,T
1-PB2,2023,0,970,0,3,973,T
1-PB2,2024,0,978,0,0,978,T
1-PB2,2025,976,0,0,0,976,A
1-PB2,2026,971,0,0,0,971,A
1-PB2,2027,0,979,0,0,979,T
1-PB2,2028,907,0,0,0,907,A
1-PB2,2029,0,0,912,0,912,G
1-PB2,2030,914,0,0,0,914,A
1-PB2,2031,913,0,0,0,913,A
1-PB2,2032,0,1,913,0,914,G
1-PB2,2033,930,0,0,0,930,A
1-PB2,2034,0,0,0,937,937,C
1-PB2,2035,1,0,0,931,932,C
1-PB2,2036,2,6,0,926,934,C
1-PB2,2037,926,0,0,0,926,A
1-PB2,2038,0,0,949,0,949,G
1-PB2,2039,944,0,0,0,944,A
1-PB2,2040,0,947,0,1,948,T
1-PB2,2041,0,0,947,0,947,G
1-PB2,2042,927,0,1,0,928,A
1-PB2,2043,927,0,1,0,928,A
1-PB2,2044,928,0,2,0,930,A
1-PB2,2045,0,0,931,0,931,G
1-PB2,2046,0,0,0,940,940,C
1-PB2,2047,924,0,0,0,924,A
1-PB2,2048,0,2,0,938,940,C
1-PB2,2049,943,0,0,0,943,A
1-PB2,2050,0,932,0,0,932,T
1-PB2,2051,1,0,0,947,948,C
1-PB2,2052,1,0,0,950,951,C
1-PB2,2053,2,0,954,0,956,G
1-PB2,2054,0,0,953,0,953,G
1-PB2,2055,944,0,0,0,944,A
1-PB2,2056,0,0,953,0,953,G
1-PB2,2057,0,932,0,1,933,T
1-PB2,2058,0,0,935,0,935,G
1-PB2,2059,0,1,941,0,942,G
1-PB2,2060,929,0,0,0,929,A
1-PB2,2061,0,0,928,0,928,G
1-PB2,2062,0,916,0,1,917,T
1-PB2,2063,0,0,0,904,904,C
1-PB2,2064,1,0,0,906,907,C
1-PB2,2065,0,0,905,0,905,G
1-PB2,2066,0,1,0,901,902,C
1-PB2,2067,0,0,0,906,906,C
1-PB2,2068,0,0,916,0,916,G
1-PB2,2069,0,910,0,0,910,T
1-PB2,2070,0,0,0,916,916,C
1-PB2,2071,0,916,0,1,917,T
1-PB2,2072,0,914,0,0,914,T
1-PB2,2073,0,0,920,0,920,G
1-PB2,2074,915,0,0,0,915,A
1-PB2,2075,0,0,920,0,920,G
1-PB2,2076,914,0,0,0,914,A
1-PB2,2077,0,2,901,0,903,G
1-PB2,2078,0,0,902,0,902,G
1-PB2,2079,0,0,902,0,902,G
1-PB2,2080,0,894,0,1,895,T
1-PB2,2081,0,893,0,0,893,T
1-PB2,2082,0,912,0,0,912,T
1-PB2,2083,0,1,0,909,910,C
1-PB2,2084,0,910,0,1,911,T
1-PB2,2085,1,0,0,934,935,C
1-PB2,2086,935,0,0,0,935,A
1-PB2,2087,0,917,0,0,917,T
1-PB2,2088,0,914,0,0,914,T
1-PB2,2089,919,0,0,0,919,A
1-PB2,2090,0,918,0,0,918,T
1-PB2,2091,903,0,0,0,903,A
1-PB2,2092,0,0,904,0,904,G
1-PB2,2093,0,0,900,0,900,G
1-PB2,2094,0,854,0,0,854,T
1-PB2,2095,859,0,0,0,859,A
1-PB2,2096,852,0,0,0,852,A
1-PB2,2097,0,0,856,0,856,G
1-PB2,2098,0,0,859,0,859,G
1-PB2,2099,854,0,0,0,854,A
1-PB2,2100,840,0,0,0,840,A
1-PB2,2101,0,2,835,0,837,G
1-PB2,2102,829,0,3,0,832,A
1-PB2,2103,0,0,0,835,835,C
1-PB2,2104,829,1,0,0,830,A
1-PB2,2105,1,0,826,0,827,G
1-PB2,2106,820,0,2,0,822,A
1-PB2,2107,819,0,1,0,820,A
1-PB2,2108,0,1,822,0,823,G
1-PB2,2109,817,0,0,0,817,A
1-PB2,2110,0,810,0,0,810,T
1-PB2,2111,810,1,0,0,811,A
1-PB2,2112,0,0,0,813,813,C
1-PB2,2113,0,0,805,0,805,G
1-PB2,2114,0,0,820,0,820,G
1-PB2,2115,811,0,1,0,812,A
1-PB2,2116,0,0,0,803,803,C
1-PB2,2117,0,0,0,805,805,C
1-PB2,2118,796,1,0,0,797,A
1-PB2,2119,0,0,814,0,814,G
1-PB2,2120,0,0,0,815,815,C
1-PB2,2121,815,0,0,0,815,A
1-PB2,2122,0,813,0,0,813,T
1-PB2,2123,0,789,0,0,789,T
1-PB2,2124,790,0,0,0,790,A
1-PB2,2125,789,0,0,0,789,A
1-PB2,2126,0,0,794,0,794,G
1-PB2,2127,0,0,0,794,794,C
1-PB2,2128,749,0,0,0,749,A
1-PB2,2129,0,759,0,0,759,T
1-PB2,2130,1,0,0,759,760,C
1-PB2,2131,759,0,0,0,759,A
1-PB2,2132,758,0,0,0,758,A
1-PB2,2133,0,755,0,0,755,T
1-PB2,2134,0,0,760,0,760,G
1-PB2,2135,750,0,0,0,750,A
1-PB2,2136,751,0,0,0,751,A
1-PB2,2137,0,0,0,755,755,C
1-PB2,2138,0,721,0,0,721,T
1-PB2,2139,0,0,738,0,738,G
1-PB2,2140,737,0,1,0,738,A
1-PB2,2141,0,0,737,0,737,G
1-PB2,2142,0,723,0,12,735,T
1-PB2,2143,729,0,0,0,729,A
1-PB2,2144,723,0,0,0,723,A
1-PB2,2145,0,0,0,726,726,C
1-PB2,2146,1,0,0,715,716,C
1-PB2,2147,0,709,0,1,710,T
1-PB2,2148,0,680,0,2,682,T
1-PB2,2149,1,0,684,0,685,G
1-PB2,2150,0,0,0,683,683,C
1-PB2,2151,677,0,0,0,677,A
1-PB2,2152,681,0,0,0,681,A
1-PB2,2153,669,0,0,0,669,A
1-PB2,2154,652,0,0,0,652,A
1-PB2,2155,0,1,651,0,652,G
1-PB2,2156,0,1,654,0,655,G
1-PB2,2157,0,0,654,0,654,G
1-PB2,2158,0,0,657,0,657,G
1-PB2,2159,652,0,0,0,652,A
1-PB2,2160,660,0,0,1,661,A
1-PB2,2161,656,0,1,0,657,A
1-PB2,2162,656,0,2,0,658,A
1-PB2,2163,1,0,659,0,660,G
1-PB2,2164,0,0,661,0,661,G
1-PB2,2165,0,0,0,650,650,C
1-PB2,2166,0,649,0,0,649,T
1-PB2,2167,645,0,0,0,645,A
1-PB2,2168,649,0,0,0,649,A
1-PB2,2169,0,645,0,0,645,T
1-PB2,2170,0,0,654,0,654,G
1-PB2,2171,0,633,0,0,633,T
1-PB2,2172,0,0,624,0,624,G
1-PB2,2173,0,1,0,615,616,C
1-PB2,2174,0,613,0,0,613,T
1-PB2,2175,618,0,0,0,618,A
1-PB2,2176,616,0,0,0,616,A
1-PB2,2177,0,610,0,0,610,T
1-PB2,2178,0,0,0,615,615,C
1-PB2,2179,1,1,592,0,594,G
1-PB2,2180,0,0,595,1,596,G
1-PB2,2181,0,0,598,0,598,G
1-PB2,2182,0,1,0,593,594,C
1-PB2,2183,597,0,0,0,597,A
1-PB2,2184,588,1,1,1,591,A
1-PB2,2185,0,2,587,0,589,G
1-PB2,2186,0,2,589,0,591,G
1-PB2,2187,590,0,0,0,590,A
1-PB2,2188,0,1,575,0,576,G
1-PB2,2189,557,0,0,0,557,A
1-PB2,2190,0,0,0,563,563,C
1-PB2,2191,0,0,562,0,562,G
1-PB2,2192,0,557,0,0,557,T
1-PB2,2193,0,0,555,0,555,G
1-PB2,2194,1,0,562,0,563,G
1-PB2,2195,0,545,0,0,545,T
1-PB2,2196,1,0,549,0,550,G
1-PB2,2197,0,530,0,1,531,T
1-PB2,2198,0,526,0,1,527,T
1-PB2,2199,0,0,530,0,530,G
1-PB2,2200,0,0,530,0,530,G
1-PB2,2201,0,523,0,0,523,T
1-PB2,2202,511,0,0,0,511,A
1-PB2,2203,501,0,0,0,501,A
1-PB2,2204,0,484,0,0,484,T
1-PB2,2205,0,1,484,0,485,G
1-PB2,2206,482,0,0,0,482,A
1-PB2,2207,469,0,0,0,469,A
1-PB2,2208,471,0,0,0,471,A
1-PB2,2209,0,1,0,462,463,C
1-PB2,2210,1,0,464,0,465,G
1-PB2,2211,465,0,0,0,465,A
1-PB2,2212,470,0,0,0,470,A
1-PB2,2213,465,0,0,0,465,A
1-PB2,2214,463,0,0,0,463,A
1-PB2,2215,0,1,0,464,465,C
1-PB2,2216,0,0,464,0,464,G
1-PB2,2217,0,0,462,0,462,G
1-PB2,2218,0,0,462,0,462,G
1-PB2,2219,455,0,1,0,456,A
1-PB2,2220,0,0,0,462,462,C
1-PB2,2221,0,455,0,0,455,T
1-PB2,2222,1,0,0,461,462,C
1-PB2,2223,0,464,0,0,464,T
1-PB2,2224,463,0,0,0,463,A
1-PB2,2225,0,0,462,0,462,G
1-PB2,2226,1,0,0,451,452,C
1-PB2,2227,450,0,0,0,450,A
1-PB2,2228,0,444,0,0,444,T
1-PB2,2229,426,0,0,0,426,A
1-PB2,2230,0,0,0,430,430,C
1-PB2,2231,0,368,0,0,368,T
1-PB2,2232,0,366,0,1,367,T
1-PB2,2233,356,0,1,0,357,A
1-PB2,2234,1,0,0,351,352,C
1-PB2,2235,0,354,0,0,354,T
1-PB2,2236,0,0,352,0,352,G
1-PB2,2237,342,0,0,0,342,A
1-PB2,2238,0,0,0,342,342,C
1-PB2,2239,310,0,0,0,310,A
1-PB2,2240,0,0,311,0,311,G
1-PB2,2241,0,0,0,310,310,C
1-PB2,2242,0,0,0,309,309,C
1-PB2,2243,311,0,0,0,311,A
1-PB2,2244,0,0,308,0,308,G
1-PB2,2245,305,0,1,0,306,A
1-PB2,2246,0,1,0,305,306,C
1-PB2,2247,278,0,0,0,278,A
1-PB2,2248,0,0,278,0,278,G
1-PB2,2249,0,0,0,271,271,C
1-PB2,2250,1,0,269,0,270,G
1-PB2,2251,266,0,0,0,266,A
1-PB2,2252,0,0,0,266,266,C
1-PB2,2253,0,0,0,266,266,C
1-PB2,2254,271,0,0,0,271,A
1-PB2,2255,267,0,0,0,267,A
1-PB2,2256,270,0,1,0,271,A
1-PB2,2257,268,0,0,0,268,A
1-PB2,2258,0,1,265,0,266,G
1-PB2,2259,260,0,0,0,260,A
1-PB2,2260,260,0,0,0,260,A
1-PB2,2261,0,256,0,0,256,T
1-PB2,2262,0,253,0,0,253,T
1-PB2,2263,1,0,0,255,256,C
1-PB2,2264,0,0,251,0,251,G
1-PB2,2265,0,0,252,0,252,G
1-PB2,2266,253,0,0,0,253,A
1-PB2,2267,0,238,0,0,238,T
1-PB2,2268,1,0,238,0,239,G
1-PB2,2269,0,0,236,0,236,G
1-PB2,2270,0,0,0,236,236,C
1-PB2,2271,0,0,0,239,239,C
1-PB2,2272,235,0,0,0,235,A
1-PB2,2273,1,232,0,0,233,T
1-PB2,2274,0,0,0,239,239,C
1-PB2,2275,238,0,0,0,238,A
1-PB2,2276,236,0,0,0,236,A
1-PB2,2277,0,237,0,0,237,T
1-PB2,2278,0,216,0,0,216,T
1-PB2,2279,209,0,0,0,209,A
1-PB2,2280,206,0,0,0,206,A
2-PB1,1,228,0,0,0,228,A
2-PB1,2,0,227,0,0,227,T
2-PB1,3,0,0,235,0,235,G
2-PB1,4,0,0,249,0,249,G
2-PB1,5,273,0,0,0,273,A
2-PB1,6,0,294,0,0,294,T
2-PB1,7,0,0,296,0,296,G
2-PB1,8,0,297,0,0,297,T
2-PB1,9,0,0,0,326,326,C
2-PB1,10,326,0,0,0,326,A
2-PB1,11,342,0,0,0,342,A
2-PB1,12,0,342,0,0,342,T
2-PB1,13,0,0,0,345,345,C
2-PB1,14,1,0,0,361,362,C
2-PB1,15,0,2,361,0,363,G
2-PB1,16,418,0,1,0,419,A
2-PB1,17,0,0,0,423,423,C
2-PB1,18,0,424,0,2,426,T
2-PB1,19,0,0,0,486,486,C
2-PB1,20,0,489,0,0,489,T
2-PB1,21,495,0,0,0,495,A
2-PB1,22,0,0,0,493,493,C
2-PB1,23,0,495,0,0,495,T
2-PB1,24,0,0,565,0,565,G
2-PB1,25,0,573,0,1,574,T
2-PB1,26,0,572,0,0,572,T
2-PB1,27,1,0,0,563,564,C
2-PB1,28,0,0,0,571,571,C
2-PB1,29,0,686,0,2,688,T
2-PB1,30,694,0,0,0,694,A
2-PB1,31,694,0,0,0,694,A
2-PB1,32,696,0,0,0,696,A
2-PB1,33,0,0,697,0,697,G
2-PB1,34,0,0,706,0,706,G
2-PB1,35,0,713,0,0,713,T
2-PB1,36,0,717,0,0,717,T
2-PB1,37,1,0,0,715,716,C
2-PB1,38,1,0,0,717,718,C
2-PB1,39,717,0,0,0,717,A
2-PB1,40,0,0,724,0,724,G
2-PB1,41,0,0,0,727,727,C
2-PB1,42,0,1,729,0,730,G
2-PB1,43,0,0,0,738,738,C
2-PB1,44,736,0,1,0,737,A
2-PB1,45,734,0,1,0,735,A
2-PB1,46,740,0,1,0,741,A
2-PB1,47,743,0,1,0,744,A
2-PB1,48,0,749,0,1,750,T
2-PB1,49,0,0,777,0,777,G
2-PB1,50,1,0,0,778,779,C
2-PB1,51,0,0,0,794,794,C
2-PB1,52,796,0,0,0,796,A
2-PB1,53,0,795,0,0,795,T
2-PB1,54,851,0,0,0,851,A
2-PB1,55,854,0,1,0,855,A
2-PB1,56,0,1,888,0,889,G
2-PB1,57,0,1,0,899,900,C
2-PB1,58,897,0,1,0,898,A
2-PB1,59,0,0,0,924,924,C
2-PB1,60,927,0,0,1,928,A
2-PB1,61,982,1,0,0,983,A
2-PB1,62,0,0,0,982,982,C
2-PB1,63,981,0,1,0,982,A
2-PB1,64,0,1002,0,1,1003,T
2-PB1,65,0,995,0,3,998,T
2-PB1,66,1,0,0,1205,1206,C
2-PB1,67,0,0,0,1211,1211,C
2-PB1,68,0,0,0,1218,1218,C
2-PB1,69,0,1221,0,4,1225,T
2-PB1,70,0,1229,0,0,1229,T
2-PB1,71,1338,0,0,0,1338,A
2-PB1,72,0,1348,0,1,1349,T
2-PB1,73,1352,0,1,0,1353,A
2-PB1,74,0,0,0,1364,1364,C
2-PB1,75,0,1334,0,0,1334,T
2-PB1,76,0,1,1350,0,1351,G
2-PB1,77,0,1,1333,0,1334,G
2-PB1,78,1342,0,0,0,1342,A
2-PB1,79,0,2,1347,0,1349,G
2-PB1,80,1348,0,2,0,1350,A
2-PB1,81,0,1364,0,0,1364,T
2-PB1,82,3,0,0,1436,1439,C
2-PB1,83,0,0,0,1445,1445,C
2-PB1,84,0,1451,0,0,1451,T
2-PB1,85,0,1,0,1547,1548,C
2-PB1,86,0,1,0,1550,1551,C
2-PB1,87,1561,0,0,0,1561,A
2-PB1,88,0,1565,0,0,1565,T
2-PB1,89,1563,0,0,0,1563,A
2-PB1,90,0,1,0,1575,1576,C
2-PB1,91,1559,0,0,0,1559,A
2-PB1,92,0,0,1613,0,1613,G
2-PB1,93,0,0,0,1631,1631,C
2-PB1,94,1,0,0,1626,1627,C
2-PB1,95,1632,0,0,0,1632,A
2-PB1,96,0,1632,0,2,1634,T
2-PB1,97,0,4,1628,0,1632,G
2-PB1,98,0,2,1718,0,1720,G
2-PB1,99,1719,0,2,0,1721,A
2-PB1,100,1740,0,2,0,1742,A
2-PB1,101,0,0,0,1756,1756,C
2-PB1,102,1752,0,0,0,1752,A
2-PB1,103,0,0,1785,0,1785,G
2-PB1,104,3,1,1808,0,1812,G
2-PB1,105,1807,0,4,0,1811,A
2-PB1,106,1829,1,2,0,1832,A
2-PB1,107,0,0,0,1840,1840,C
2-PB1,108,1840,0,1,0,1841,A
2-PB1,109,0,3,2044,0,2047,G
2-PB1,110,0,4,2035,0,2039,G
2-PB1,111,0,0,2070,0,2070,G
2-PB1,112,0,2054,0,1,2055,T
2-PB1,113,2062,0,3,0,2065,A
2-PB1,114,0,0,0,2085,2085,C
2-PB1,115,2168,0,0,0,2168,A
2-PB1,116,0,0,0,2254,2254,C
2-PB1,117,1,0,0,2253,2254,C
2-PB1,118,2198,0,1,0,2199,A
2-PB1,119,0,2199,0,1,2200,T
2-PB1,120,1,3,2200,0,2204,G
2-PB1,121,0,2,2196,0,2198,G
2-PB1,122,2200,0,2,0,2202,A
2-PB1,123,1,1,0,2211,2213,C
2-PB1,124,2185,0,1,0,2186,A
2-PB1,125,1,0,0,2216,2217,C
2-PB1,126,2216,0,0,0,2216,A
2-PB1,127,0,1,2264,0,2265,G
2-PB1,128,1,2257,0,1,2259,T
2-PB1,129,1,0,1,2303,2305,C
2-PB1,130,2300,0,1,0,2301,A
2-PB1,131,2321,0,1,0,2322,A
2-PB1,132,0,1,0,2329,2330,C
2-PB1,133,2319,0,0,0,2319,A
2-PB1,134,0,2,2336,0,2338,G
2-PB1,135,2318,0,3,0,2321,A
2-PB1,136,2319,1,2,0,2322,A
2-PB1,137,1,0,0,2328,2329,C
2-PB1,138,2294,0,4,0,2298,A
2-PB1,139,0,0,0,2357,2357,C
2-PB1,140,2347,0,0,0,2347,A
2-PB1,141,0,1,0,2451,2452,C
2-PB1,142,3,0,0,2455,2458,C
2-PB1,143,2450,0,1,0,2451,A
2-PB1,144,2478,0,2,0,2480,A
2-PB1,145,0,2554,0,0,2554,T
2-PB1,146,2619,0,1,0,2620,A
2-PB1,147,0,2625,0,0,2625,T
2-PB1,148,0,2599,0,1,2600,T
2-PB1,149,2,0,0,2610,2612,C
2-PB1,150,2558,0,0,0,2558,A
2-PB1,151,0,0,2561,0,2561,G
2-PB1,152,2536,0,0,1,2537,A
2-PB1,153,0,2,2542,0,2544,G
2-PB1,154,2492,0,0,0,2492,A
2-PB1,155,5,2,2452,0,2459,G
2-PB1,156,0,2,2450,0,2452,G
2-PB1,157,0,2,2517,1,2520,G
2-PB1,158,0,3,2537,0,2540,G
2-PB1,159,0,1,2552,0,2553,G
2-PB1,160,2540,0,1,0,2541,A
2-PB1,161,2555,0,3,0,2558,A
2-PB1,162,0,0,2565,0,2565,G
2-PB1,163,0,2531,0,2,2533,T
2-PB1,164,0,4,2539,0,2543,G
2-PB1,165,0,1,2536,0,2537,G
2-PB1,166,2533,1,3,0,2537,A
2-PB1,167,0,0,0,2560,2560,C
2-PB1,168,2,7,2553,0,2562,G
2-PB1,169,2573,0,1,0,2574,A
2-PB1,170,0,0,0,2591,2591,C
2-PB1,171,2583,0,0,0,2583,A
2-PB1,172,2581,0,1,0,2582,A
2-PB1,173,2593,0,3,0,2596,A
2-PB1,174,0,2646,0,0,2646,T
2-PB1,175,2649,0,0,0,2649,A
2-PB1,176,0,4,0,2651,2655,C
2-PB1,177,2636,0,1,0,2637,A
2-PB1,178,0,4,2635,0,2639,G
2-PB1,179,2640,0,1,0,2641,A
2-PB1,180,2656,0,1,0,2657,A
2-PB1,181,2652,0,2,0,2654,A
2-PB1,182,0,0,0,2670,2670,C
2-PB1,183,0,2631,0,1,2632,T
2-PB1,184,0,4,2631,0,2635,G
2-PB1,185,1,4,2606,1,2612,G
2-PB1,186,2,0,2581,0,2583,G
2-PB1,187,1,2,2599,0,2602,G
2-PB1,188,0,1,0,2624,2625,C
2-PB1,189,2624,0,2,0,2626,A
2-PB1,190,1,0,0,2703,2704,C
2-PB1,191,2,3,0,2692,2697,C
2-PB1,192,0,1,0,2683,2684,C
2-PB1,193,1,1,0,2702,2704,C
2-PB1,194,2708,0,1,0,2709,A
2-PB1,195,2732,0,0,0,2732,A
2-PB1,196,0,1,0,2728,2729,C
2-PB1,197,0,2718,0,1,2719,T
2-PB1,198,1,1,0,2737,2739,C
2-PB1,199,2668,0,1,0,2669,A
2-PB1,200,2683,0,0,0,2683,A
2-PB1,201,1,3,0,2685,2689,C
2-PB1,202,1,1,0,2675,2677,C
2-PB1,203,2,1,0,2692,2695,C
2-PB1,204,2684,0,1,0,2685,A
2-PB1,205,2694,0,0,0,2694,A
2-PB1,206,0,2705,0,0,2705,T
2-PB1,207,0,2706,0,0,2706,T
2-PB1,208,1,1,2714,0,2716,G
2-PB1,209,2668,0,3,0,2671,A
2-PB1,210,0,2674,0,1,2675,T
2-PB1,211,1,2,2670,0,2673,G
2-PB1,212,0,2,2698,0,2700,G
2-PB1,213,2719,0,2,0,2721,A
2-PB1,214,2,1,0,2721,2724,C
2-PB1,215,4,4,0,2714,2722,C
2-PB1,216,2718,0,0,0,2718,A
2-PB1,217,0,0,0,2773,2773,C
2-PB1,218,0,2774,0,1,2775,T
2-PB1,219,2802,0,0,2,2804,A
2-PB1,220,0,0,0,2830,2830,C
2-PB1,221,0,0,0,2808,2808,C
2-PB1,222,0,2766,0,1,2767,T
2-PB1,223,1,3,2781,0,2785,G
2-PB1,224,2774,1,2,0,2777,A
2-PB1,225,0,1,2782,0,2783,G
2-PB1,226,1,2,2778,0,2781,G
2-PB1,227,2777,0,1,0,2778,A
2-PB1,228,0,2730,0,1,2731,T
2-PB1,229,2704,1,1,0,2706,A
2-PB1,230,2698,0,3,0,2701,A
2-PB1,231,0,2695,0,1,2696,T
2-PB1,232,1,5,2704,0,2710,G
2-PB1,233,2698,0,2,0,2700,A
2-PB1,234,2674,1,2,0,2677,A
2-PB1,235,0,0,0,2679,2679,C
2-PB1,236,1,0,0,2646,2647,C
2-PB1,237,2662,0,0,0,2662,A
2-PB1,238,2651,0,0,0,2651,A
2-PB1,239,0,0,2666,0,2666,G
2-PB1,240,0,2657,0,1,2658,T
2-PB1,241,0,1,2670,0,2671,G
2-PB1,242,3,2,2687,0,2692,G
2-PB1,243,2696,0,1,0,2697,A
2-PB1,244,0,2686,0,0,2686,T
2-PB1,245,2692,0,0,0,2692,A
2-PB1,246,0,2727,0,0,2727,T
2-PB1,247,0,0,2751,0,2751,G
2-PB1,248,0,0,0,2738,2738,C
2-PB1,249,2738,0,6,0,2744,A
2-PB1,250,0,0,0,2807,2807,C
2-PB1,251,2752,1,1,0,2754,A
2-PB1,252,2801,0,0,0,2801,A
2-PB1,253,2801,0,2,0,2803,A
2-PB1,254,1,1,0,2810,2812,C
2-PB1,255,2742,0,2,0,2744,A
2-PB1,256,0,2,2764,0,2766,G
2-PB1,257,2749,0,4,0,2753,A
2-PB1,258,2,1,0,2764,2767,C
2-PB1,259,0,2695,0,0,2695,T
2-PB1,260,0,0,2752,0,2752,G
2-PB1,261,0,2703,0,3,2706,T
2-PB1,262,0,2,2805,0,2807,G
2-PB1,263,0,2796,0,2,2798,T
2-PB1,264,2,0,0,2794,2796,C
2-PB1,265,1,0,0,2806,2807,C
2-PB1,266,0,2788,0,4,2792,T
2-PB1,267,1,0,2785,0,2786,G
2-PB1,268,2,2,2769,0,2773,G
2-PB1,269,2741,0,1,0,2742,A
2-PB1,270,1,0,2791,0,2792,G
2-PB1,271,0,0,2722,0,2722,G
2-PB1,272,0,1,0,2723,2724,C
2-PB1,273,0,2713,0,3,2716,T
2-PB1,274,2722,0,0,0,2722,A
2-PB1,275,0,2707,2,5,2714,T
2-PB1,276,1,1,2713,0,2715,G
2-PB1,277,0,0,2703,0,2703,G
2-PB1,278,0,0,0,2701,2701,C
2-PB1,279,1,0,0,2677,2678,C
2-PB1,280,0,2645,0,1,2646,T
2-PB1,281,1,2782,0,0,2783,T
2-PB1,282,1,0,0,2781,2782,C
2-PB1,283,3,0,0,2792,2795,C
2-PB1,284,0,2790,0,1,2791,T
2-PB1,285,0,2802,0,0,2802,T
2-PB1,286,1,3,2801,0,2805,G
2-PB1,287,2805,0,1,1,2807,A
2-PB1,288,2799,0,2,0,2801,A
2-PB1,289,2,0,2794,0,2796,G
2-PB1,290,2710,0,0,0,2710,A
2-PB1,291,2735,0,0,0,2735,A
2-PB1,292,1,2723,0,1,2725,T
2-PB1,293,2,0,0,2719,2721,C
2-PB1,294,3,0,0,2718,2721,C
2-PB1,295,2,0,0,2719,2721,C
2-PB1,296,2688,0,6,0,2694,A
2-PB1,297,2,0,0,2731,2733,C
2-PB1,298,2,0,0,2726,2728,C
2-PB1,299,4,1,0,2735,2740,C
2-PB1,300,2719,0,0,0,2719,A
2-PB1,301,0,0,2734,0,2734,G
2-PB1,302,1,0,2740,0,2741,G
2-PB1,303,0,2706,1,0,2707,T
2-PB1,304,2767,0,0,0,2767,A
2-PB1,305,0,2748,0,1,2749,T
2-PB1,306,2,0,0,2758,2760,C
2-PB1,307,0,2754,0,1,2755,T
2-PB1,308,0,2768,0,0,2768,T
2-PB1,309,0,2755,0,0,2755,T
2-PB1,310,1,1,2740,0,2742,G
2-PB1,311,2724,2,1,0,2727,A
2-PB1,312,0,2,2724,0,2726,G
2-PB1,313,2682,1,4,0,2687,A
2-PB1,314,2713,0,2,1,2716,A
2-PB1,315,0,0,0,2726,2726,C
2-PB1,316,1,2678,6,4,2689,T
2-PB1,317,1,0,0,2709,2710,C
2-PB1,318,2707,0,0,0,2707,A
2-PB1,319,0,2706,0,1,2707,T
2-PB1,320,0,1,2716,0,2717,G
2-PB1,321,0,1,0,2753,2754,C
2-PB1,322,3,0,0,2751,2754,C
2-PB1,323,0,2730,0,4,2734,T
2-PB1,324,0,2718,0,0,2718,T
2-PB1,325,0,1,2727,0,2728,G
2-PB1,326,2734,0,1,0,2735,A
2-PB1,327,2733,0,2,0,2735,A
2-PB1,328,2743,0,1,0,2744,A
2-PB1,329,0,1,0,2766,2767,C
2-PB1,330,2732,0,0,0,2732,A
2-PB1,331,2751,0,2,0,2753,A
2-PB1,332,0,2752,0,0,2752,T
2-PB1,333,0,1,2753,0,2754,G
2-PB1,334,1,1,2737,0,2739,G
2-PB1,335,2718,0,2,0,2720,A
2-PB1,336,2722,1,1,0,2724,A
2-PB1,337,0,0,2718,0,2718,G
2-PB1,338,1,0,0,2697,2698,C
2-PB1,339,1,0,0,2697,2698,C
2-PB1,340,2,0,2714,0,2716,G
2-PB1,341,0,2697,0,1,2698,T
2-PB1,342,0,2702,0,1,2703,T
2-PB1,343,4,0,0,2726,2730,C
2-PB1,344,2729,0,0,0,2729,A
2-PB1,345,2756,1,1,0,2758,A
2-PB1,346,3,1,0,2761,2765,C
2-PB1,347,2760,0,2,0,2762,A
2-PB1,348,0,5,2772,0,2777,G
2-PB1,349,2725,0,2,0,2727,A
2-PB1,350,0,1,0,2737,2738,C
2-PB1,351,2733,0,1,0,2734,A
2-PB1,352,2741,0,1,0,2742,A
2-PB1,353,0,3,2771,0,2774,G
2-PB1,354,0,0,2732,0,2732,G
2-PB1,355,0,0,2737,0,2737,G
2-PB1,356,0,2633,0,3,2636,T
2-PB1,357,0,5,2679,0,2684,G
2-PB1,358,0,2,2680,0,2682,G
2-PB1,359,2677,0,6,0,2683,A
2-PB1,360,1,0,0,2706,2707,C
2-PB1,361,2644,0,0,0,2644,A
2-PB1,362,2680,0,2,0,2682,A
2-PB1,363,2670,0,2,0,2672,A
2-PB1,364,0,1,0,2671,2672,C
2-PB1,365,0,2662,0,1,2663,T
2-PB1,366,2664,0,1,0,2665,A
2-PB1,367,2647,0,0,0,2647,A
2-PB1,368,0,1,0,2674,2675,C
2-PB1,369,1,0,0,2667,2668,C
2-PB1,370,0,0,0,2682,2682,C
2-PB1,371,2611,0,1,0,2612,A
2-PB1,372,2589,0,2,0,2591,A
2-PB1,373,1,0,2599,0,2600,G
2-PB1,374,0,0,2601,0,2601,G
2-PB1,375,0,2557,0,2,2559,T
2-PB1,376,1,0,0,2585,2586,C
2-PB1,377,2,0,2577,0,2579,G
2-PB1,378,0,0,0,2566,2566,C
2-PB1,379,1,0,0,2590,2591,C
2-PB1,380,2582,0,0,1,2583,A
2-PB1,381,2,2,2629,0,2633,G
2-PB1,382,2670,0,2,0,2672,A
2-PB1,383,1,0,0,2685,2686,C
2-PB1,384,0,2679,0,1,2680,T
2-PB1,385,0,2670,0,2,2672,T
2-PB1,386,2670,0,1,1,2672,A
2-PB1,387,0,2681,0,0,2681,T
2-PB1,388,1,3,2683,0,2687,G
2-PB1,389,2673,0,0,0,2673,A
2-PB1,390,0,2637,0,0,2637,T
2-PB1,391,0,2579,0,0,2579,T
2-PB1,392,1,3,2566,0,2570,G
2-PB1,393,1,1,2566,1,2569,G
2-PB1,394,2580,0,3,0,2583,A
2-PB1,395,0,0,0,2601,2601,C
2-PB1,396,2562,0,0,0,2562,A
2-PB1,397,0,2557,0,0,2557,T
2-PB1,398,0,2583,0,0,2583,T
2-PB1,399,2583,0,15,0,2598,A
2-PB1,400,2600,0,2,0,2602,A
2-PB1,401,2597,0,4,0,2601,A
2-PB1,402,1,0,0,2594,2595,C
2-PB1,403,2561,0,0,0,2561,A
2-PB1,404,0,1,2565,0,2566,G
2-PB1,405,2552,0,0,0,2552,A
2-PB1,406,2556,0,1,0,2557,A
2-PB1,407,2552,0,0,0,2552,A
2-PB1,408,0,2503,0,1,2504,T
2-PB1,409,3,0,0,2541,2544,C
2-PB1,410,2535,0,0,1,2536,A
2-PB1,411,2525,0,1,0,2526,A
2-PB1,412,0,0,0,2536,2536,C
2-PB1,413,1,1,0,2515,2517,C
2-PB1,414,4,4,2494,0,2502,G
2-PB1,415,1,0,2511,0,2512,G
2-PB1,416,1,0,0,2515,2516,C
2-PB1,417,2520,1,1,0,2522,A
2-PB1,418,0,1,2507,0,2508,G
2-PB1,419,0,0,1,2546,2547,C
2-PB1,420,2541,0,2,0,2543,A
2-PB1,421,2543,0,0,0,2543,A
2-PB1,422,0,1,0,2551,2552,C
2-PB1,423,0,2524,0,1,2525,T
2-PB1,424,1,0,2631,0,2632,G
2-PB1,425,1,0,0,2627,2628,C
2-PB1,426,2634,0,0,0,2634,A
2-PB1,427,1,2621,0,1,2623,T
2-PB1,428,0,2586,0,1,2587,T
2-PB1,429,2715,0,2,0,2717,A
2-PB1,430,2,0,2715,0,2717,G
2-PB1,431,0,0,1,2697,2698,C
2-PB1,432,1,1,0,2711,2713,C
2-PB1,433,2627,0,1,0,2628,A
2-PB1,434,2641,1,1,0,2643,A
2-PB1,435,0,0,0,2657,2657,C
2-PB1,436,2640,1,0,0,2641,A
2-PB1,437,0,2,0,2712,2714,C
2-PB1,438,3,0,0,2566,2569,C
2-PB1,439,2558,0,1,0,2559,A
2-PB1,440,1,2560,0,1,2562,T
2-PB1,441,2573,0,1,0,2574,A
2-PB1,442,0,1,2574,0,2575,G
2-PB1,443,2545,0,0,0,2545,A
2-PB1,444,2524,0,2,0,2526,A
2-PB1,445,0,0,2541,0,2541,G
2-PB1,446,0,2446,1,1,2448,T
2-PB1,447,0,2456,0,3,2459,T
2-PB1,448,0,2461,0,0,2461,T
2-PB1,449,0,2474,0,1,2475,T
2-PB1,450,0,2481,0,0,2481,T
2-PB1,451,2475,0,1,0,2476,A
2-PB1,452,0,0,2466,0,2466,G
2-PB1,453,2466,0,0,0,2466,A
2-PB1,454,1,2437,0,0,2438,T
2-PB1,455,2,0,0,2419,2421,C
2-PB1,456,1,2,2414,0,2417,G
2-PB1,457,2397,0,1,0,2398,A
2-PB1,458,2422,0,0,1,2423,A
2-PB1,459,0,1,0,2435,2436,C
2-PB1,460,0,0,2433,0,2433,G
2-PB1,461,0,3,2525,0,2528,G
2-PB1,462,2525,0,0,1,2526,A
2-PB1,463,0,2516,0,1,2517,T
2-PB1,464,0,2538,0,1,2539,T
2-PB1,465,2525,0,3,0,2528,A
2-PB1,466,2532,0,2,0,2534,A
2-PB1,467,0,1,0,2533,2534,C
2-PB1,468,2520,0,2,0,2522,A
2-PB1,469,5,0,2529,0,2534,G
2-PB1,470,0,0,0,2440,2440,C
2-PB1,471,0,2433,0,2,2435,T
2-PB1,472,2450,0,0,0,2450,A
2-PB1,473,2436,0,0,0,2436,A
2-PB1,474,0,2439,0,0,2439,T
2-PB1,475,0,0,2466,0,2466,G
2-PB1,476,2457,0,0,0,2457,A
2-PB1,477,2451,0,1,0,2452,A
2-PB1,478,0,2408,0,0,2408,T
2-PB1,479,3,1,0,2417,2421,C
2-PB1,480,2417,0,2,0,2419,A
2-PB1,481,0,2,2402,0,2404,G
2-PB1,482,0,3,2391,0,2394,G
2-PB1,483,2397,0,3,0,2400,A
2-PB1,484,2365,0,1,0,2366,A
2-PB1,485,1,2,2437,0,2440,G
2-PB1,486,0,0,2435,0,2435,G
2-PB1,487,0,0,0,2439,2439,C
2-PB1,488,0,2448,0,4,2452,T
2-PB1,489,2456,0,3,0,2459,A
2-PB1,490,2454,0,0,0,2454,A
2-PB1,491,0,2449,0,1,2450,T
2-PB1,492,2465,0,0,0,2465,A
2-PB1,493,0,0,2471,0,2471,G
2-PB1,494,2324,0,0,1,2325,A
2-PB1,495,1,2284,0,1,2286,T
2-PB1,496,0,2292,0,0,2292,T
2-PB1,497,1,2268,0,0,2269,T
2-PB1,498,2,0,0,2329,2331,C
2-PB1,499,1,0,0,2333,2334,C
2-PB1,500,0,2328,0,3,2331,T
2-PB1,501,1,1,0,2354,2356,C
2-PB1,502,2357,0,1,0,2358,A
2-PB1,503,2362,0,0,0,2362,A
2-PB1,504,2,0,2365,0,2367,G
2-PB1,505,1,1,2382,0,2384,G
2-PB1,506,2388,0,1,1,2390,A
2-PB1,507,1,2301,0,0,2302,T
2-PB1,508,0,1,2335,0,2336,G
2-PB1,509,0,2322,0,0,2322,T
2-PB1,510,0,0,2367,0,2367,G
2-PB1,511,2368,0,3,0,2371,A
2-PB1,512,0,2364,0,0,2364,T
2-PB1,513,0,0,2350,0,2350,G
2-PB1,514,1,0,2327,0,2328,G
2-PB1,515,2330,0,4,0,2334,A
2-PB1,516,2331,0,2,0,2333,A
2-PB1,517,0,2298,0,2,2300,T
2-PB1,518,1,0,0,2337,2338,C
2-PB1,519,2318,0,0,0,2318,A
2-PB1,520,2311,0,2,0,2313,A
2-PB1,521,0,2309,0,1,2310,T
2-PB1,522,0,1,2333,0,2334,G
2-PB1,523,0,0,2322,0,2322,G
2-PB1,524,2302,0,8,0,2310,A
2-PB1,525,0,0,0,2285,2285,C
2-PB1,526,2312,0,0,0,2312,A
2-PB1,527,2325,0,0,0,2325,A
2-PB1,528,2315,0,1,0,2316,A
2-PB1,529,0,0,2357,0,2357,G
2-PB1,530,2339,0,4,0,2343,A
2-PB1,531,1,2,2344,1,2348,G
2-PB1,532,0,2,2350,0,2352,G
2-PB1,533,2343,0,1,0,2344,A
2-PB1,534,2349,0,1,1,2351,A
2-PB1,535,2351,0,2,0,2353,A
2-PB1,536,0,2339,0,1,2340,T
2-PB1,537,0,0,2379,0,2379,G
2-PB1,538,1,2,2371,0,2374,G
2-PB1,539,2341,0,2,0,2343,A
2-PB1,540,0,0,2355,0,2355,G
2-PB1,541,2329,0,0,0,2329,A
2-PB1,542,0,2373,0,0,2373,T
2-PB1,543,2372,0,1,0,2373,A
2-PB1,544,2394,0,0,0,2394,A
2-PB1,545,0,0,0,2387,2387,C
2-PB1,546,2372,0,1,0,2373,A
2-PB1,547,2367,0,0,0,2367,A
2-PB1,548,1,1,0,2365,2367,C
2-PB1,549,2342,0,1,0,2343,A
2-PB1,550,0,1,0,2349,2350,C
2-PB1,551,2320,1,0,0,2321,A
2-PB1,552,1,0,0,2349,2350,C
2-PB1,553,1,2324,1,0,2326,T
2-PB1,554,0,2317,1,0,2318,T
2-PB1,555,0,2316,1,0,2317,T
2-PB1,556,5,0,0,2333,2338,C
2-PB1,557,2338,0,0,0,2338,A
2-PB1,558,2340,0,0,0,2340,A
2-PB1,559,2334,0,0,2,2336,A
2-PB1,560,1,0,2356,0,2357,G
2-PB1,561,2338,0,1,0,2339,A
2-PB1,562,2345,0,0,0,2345,A
2-PB1,563,2345,0,1,0,2346,A
2-PB1,564,2352,0,2,0,2354,A
2-PB1,565,2342,0,1,0,2343,A
2-PB1,566,1,0,2349,0,2350,G
2-PB1,567,0,1,2358,0,2359,G
2-PB1,568,2325,0,3,0,2328,A
2-PB1,569,0,0,2359,0,2359,G
2-PB1,570,2342,1,5,0,2348,A
2-PB1,571,0,0,2427,0,2427,G
2-PB1,572,0,2402,1,0,2403,T
2-PB1,573,2425,0,1,0,2426,A
2-PB1,574,2417,0,2,0,2419,A
2-PB1,575,0,2,2398,0,2400,G
2-PB1,576,1,4,2412,0,2417,G
2-PB1,577,0,0,2413,0,2413,G
2-PB1,578,2388,0,2,0,2390,A
2-PB1,579,1,2,0,2411,2414,C
2-PB1,580,2347,0,2,0,2349,A
2-PB1,581,2352,0,3,0,2355,A
2-PB1,582,1,1,0,2343,2345,C
2-PB1,583,2343,1,1,0,2345,A
2-PB1,584,0,2314,1,0,2315,T
2-PB1,585,0,2,2307,0,2309,G
2-PB1,586,2315,0,2,0,2317,A
2-PB1,587,1,2,0,2280,2283,C
2-PB1,588,3,1,0,2281,2285,C
2-PB1,589,2295,0,0,0,2295,A
2-PB1,590,2290,0,3,0,2293,A
2-PB1,591,0,0,2305,0,2305,G
2-PB1,592,2306,0,1,0,2307,A
2-PB1,593,2300,1,1,0,2302,A
2-PB1,594,2290,0,1,0,2291,A
2-PB1,595,2285,0,0,0,2285,A
2-PB1,596,0,2283,1,0,2284,T
2-PB1,597,0,3,2287,0,2290,G
2-PB1,598,0,0,2300,0,2300,G
2-PB1,599,0,2272,1,2,2275,T
2-PB1,600,5,0,0,2261,2266,C
2-PB1,601,2282,0,0,1,2283,A
2-PB1,602,1,1,0,2413,2415,C
2-PB1,603,2451,1,1,0,2453,A
2-PB1,604,1,0,0,2463,2464,C
2-PB1,605,2450,0,1,0,2451,A
2-PB1,606,2519,1,4,1,2525,A
2-PB1,607,2515,0,3,0,2518,A
2-PB1,608,0,2,2666,0,2668,G
2-PB1,609,2657,0,1,0,2658,A
2-PB1,610,2682,0,1,0,2683,A
2-PB1,611,1,1,0,2743,2745,C
2-PB1,612,2690,0,2,0,2692,A
2-PB1,613,2714,0,1,0,2715,A
2-PB1,614,0,2708,0,0,2708,T
2-PB1,615,2681,0,1,1,2683,A
2-PB1,616,0,4,2673,0,2677,G
2-PB1,617,0,2,2596,0,2598,G
2-PB1,618,77,2,2519,0,2598,G
2-PB1,619,2591,0,0,0,2591,A
2-PB1,620,2576,0,2,0,2578,A
2-PB1,621,0,2,2579,0,2581,G
2-PB1,622,2593,0,1,0,2594,A
2-PB1,623,2601,0,1,0,2602,A
2-PB1,624,2603,0,0,0,2603,A
2-PB1,625,2610,0,0,0,2610,A
2-PB1,626,2658,0,3,0,2661,A
2-PB1,627,2664,0,0,3,2667,A
2-PB1,628,2,0,0,2674,2676,C
2-PB1,629,2674,1,0,1,2676,A
2-PB1,630,2670,0,0,0,2670,A
2-PB1,631,2658,0,5,0,2663,A
2-PB1,632,1,4,2693,0,2698,G
2-PB1,633,2695,0,0,0,2695,A
2-PB1,634,0,0,2810,0,2810,G
2-PB1,635,0,2749,1,1,2751,T
2-PB1,636,0,3,3220,0,3223,G
2-PB1,637,3235,0,3,1,3239,A
2-PB1,638,3248,1,1,0,3250,A
2-PB1,639,1,3285,1,0,3287,T
2-PB1,640,3305,0,1,0,3306,A
2-PB1,641,3300,0,5,1,3306,A
2-PB1,642,0,4,3296,0,3300,G
2-PB1,643,3269,0,2,1,3272,A
2-PB1,644,0,1,3270,0,3271,G
2-PB1,645,3136,0,2,0,3138,A
2-PB1,646,0,2,3151,0,3153,G
2-PB1,647,0,0,3128,0,3128,G
2-PB1,648,0,1,0,3136,3137,C
2-PB1,649,0,3130,0,1,3131,T
2-PB1,650,3209,0,2,0,3211,A
2-PB1,651,1,0,0,3333,3334,C
2-PB1,652,1,0,0,3360,3361,C
2-PB1,653,1,3376,0,1,3378,T
2-PB1,654,3498,0,0,0,3498,A
2-PB1,655,3483,1,0,0,3484,A
2-PB1,656,0,3481,0,2,3483,T
2-PB1,657,3490,0,1,0,3491,A
2-PB1,658,3475,0,2,0,3477,A
2-PB1,659,2,6,3467,0,3475,G
2-PB1,660,3362,0,1,1,3364,A
2-PB1,661,0,0,3397,0,3397,G
2-PB1,662,0,0,0,3408,3408,C
2-PB1,663,0,3364,0,3,3367,T
2-PB1,664,0,3371,0,0,3371,T
2-PB1,665,0,3393,0,1,3394,T
2-PB1,666,1,3,3378,1,3383,G
2-PB1,667,3442,0,3,0,3445,A
2-PB1,668,0,2,0,3458,3460,C
2-PB1,669,3459,0,0,1,3460,A
2-PB1,670,0,3433,0,4,3437,T
2-PB1,671,1,3425,0,1,3427,T
2-PB1,672,1,9,3476,0,3486,G
2-PB1,673,3477,0,2,0,3479,A
2-PB1,674,3489,0,1,0,3490,A
2-PB1,675,2,1,0,3486,3489,C
2-PB1,676,3477,0,2,1,3480,A
2-PB1,677,0,0,0,3491,3491,C
2-PB1,678,0,2,3487,0,3489,G
2-PB1,679,3481,0,5,1,3487,A
2-PB1,680,0,3508,0,1,3509,T
2-PB1,681,2,8,3548,0,3558,G
2-PB1,682,3537,1,3,0,3541,A
2-PB1,683,0,0,0,3569,3569,C
2-PB1,684,1,0,0,3563,3564,C
2-PB1,685,3581,0,0,0,3581,A
2-PB1,686,3603,0,1,1,3605,A
2-PB1,687,3590,0,6,0,3596,A
2-PB1,688,0,1,3683,0,3684,G
2-PB1,689,3700,0,3,0,3703,A
2-PB1,690,0,3672,0,1,3673,T
2-PB1,691,1,1,3694,0,3696,G
2-PB1,692,0,2,0,3682,3684,C
2-PB1,693,3687,0,5,0,3692,A
2-PB1,694,1,1,3721,0,3723,G
2-PB1,695,3667,0,1,0,3668,A
2-PB1,696,0,3,3680,0,3683,G
2-PB1,697,3601,0,3,1,3605,A
2-PB1,698,1,2,3590,0,3593,G
2-PB1,699,3564,0,2,0,3566,A
2-PB1,700,1,3,3558,0,3562,G
2-PB1,701,0,1,3557,0,3558,G
2-PB1,702,1,1,0,3559,3561,C
2-PB1,703,3553,1,2,1,3557,A
2-PB1,704,3553,1,1,0,3555,A
2-PB1,705,3574,1,0,1,3576,A
2-PB1,706,0,3573,0,1,3574,T
2-PB1,707,0,3586,0,0,3586,T
2-PB1,708,3595,1,0,0,3596,A
2-PB1,709,3586,0,0,0,3586,A
2-PB1,710,3590,0,0,0,3590,A
2-PB1,711,3601,0,0,0,3601,A
2-PB1,712,3594,0,0,0,3594,A
2-PB1,713,0,0,3610,0,3610,G
2-PB1,714,3569,1,0,0,3570,A
2-PB1,715,3558,0,1,1,3560,A
2-PB1,716,0,3,3596,0,3599,G
2-PB1,717,1,4,3639,0,3644,G
2-PB1,718,0,1,3637,0,3638,G
2-PB1,719,2,0,0,3666,3668,C
2-PB1,720,0,3683,0,1,3684,T
2-PB1,721,3702,0,1,1,3704,A
2-PB1,722,0,3723,0,2,3725,T
2-PB1,723,0,3717,0,0,3717,T
2-PB1,724,0,0,3735,0,3735,G
2-PB1,725,1,4,1,3688,3694,C
2-PB1,726,3620,1,6,0,3627,A
2-PB1,727,3621,0,3,0,3624,A
2-PB1,728,0,0,0,3631,3631,C
2-PB1,729,3620,0,0,1,3621,A
2-PB1,730,1,0,0,3634,3635,C
2-PB1,731,0,1,0,3568,3569,C
2-PB1,732,4,2,0,3574,3580,C
2-PB1,733,1,4,3566,0,3571,G
2-PB1,734,0,4,3563,0,3567,G
2-PB1,735,2,2,3566,0,3570,G
2-PB1,736,3567,0,0,0,3567,A
2-PB1,737,0,3557,0,3,3560,T
2-PB1,738,1,1,3565,0,3567,G
2-PB1,739,0,0,0,3545,3545,C
2-PB1,740,3590,0,3,0,3593,A
2-PB1,741,3650,1,4,0,3655,A
2-PB1,742,3686,0,1,1,3688,A
2-PB1,743,0,3685,0,0,3685,T
2-PB1,744,0,3678,0,0,3678,T
2-PB1,745,3649,0,1,0,3650,A
2-PB1,746,0,2,3648,0,3650,G
2-PB1,747,3625,0,5,1,3631,A
2-PB1,748,0,8,3630,0,3638,G
2-PB1,749,1,1,3569,0,3571,G
2-PB1,750,0,2,3636,0,3638,G
2-PB1,751,0,3601,0,5,3606,T
2-PB1,752,1,3624,0,3,3628,T
2-PB1,753,3,2,0,3642,3647,C
2-PB1,754,3,0,3692,0,3695,G
2-PB1,755,0,3681,0,3,3684,T
2-PB1,756,0,0,3699,0,3699,G
2-PB1,757,0,3682,0,2,3684,T
2-PB1,758,3640,1,1,0,3642,A
2-PB1,759,0,0,0,3636,3636,C
2-PB1,760,0,3449,0,4,3453,T
2-PB1,761,0,3459,0,1,3460,T
2-PB1,762,4,1,0,3447,3452,C
2-PB1,763,0,0,3425,0,3425,G
2-PB1,764,0,3419,0,1,3420,T
2-PB1,765,0,3411,0,3,3414,T
2-PB1,766,1,1,3418,0,3420,G
2-PB1,767,3392,0,0,0,3392,A
2-PB1,768,3390,0,3,1,3394,A
2-PB1,769,3413,0,1,0,3414,A
2-PB1,770,0,0,0,3420,3420,C
2-PB1,771,0,3397,0,0,3397,T
2-PB1,772,0,3374,0,1,3375,T
2-PB1,773,0,3389,0,0,3389,T
2-PB1,774,3445,0,0,0,3445,A
2-PB1,775,1,0,3442,0,3443,G
2-PB1,776,1,0,0,3454,3455,C
2-PB1,777,0,3457,0,2,3459,T
2-PB1,778,3426,0,0,0,3426,A
2-PB1,779,0,2,3413,0,3415,G
2-PB1,780,3413,0,2,0,3415,A
2-PB1,781,3410,0,4,0,3414,A
2-PB1,782,0,0,3418,0,3418,G
2-PB1,783,0,0,0,3358,3358,C
2-PB1,784,3354,0,0,1,3355,A
2-PB1,785,0,3338,0,0,3338,T
2-PB1,786,0,3342,0,2,3344,T
2-PB1,787,2,3343,0,1,3346,T
2-PB1,788,0,0,3341,0,3341,G
2-PB1,789,0,3,0,3339,3342,C
2-PB1,790,0,1,3350,0,3351,G
2-PB1,791,3347,0,2,0,3349,A
2-PB1,792,3331,0,0,0,3331,A
2-PB1,793,3335,0,0,0,3335,A
2-PB1,794,3398,0,2,0,3400,A
2-PB1,795,1,0,3418,0,3419,G
2-PB1,796,0,0,0,3413,3413,C
2-PB1,797,0,3424,0,2,3426,T
2-PB1,798,0,3424,0,1,3425,T
2-PB1,799,0,1,3417,0,3418,G
2-PB1,800,3415,0,1,0,3416,A
2-PB1,801,3425,0,2,1,3428,A
2-PB1,802,0,1,0,3444,3445,C
2-PB1,803,3381,0,1,0,3382,A
2-PB1,804,1,1,3654,0,3656,G
2-PB1,805,0,3613,0,1,3614,T
2-PB1,806,6,2,0,3614,3622,C
2-PB1,807,0,3639,0,2,3641,T
2-PB1,808,0,1,3643,0,3644,G
2-PB1,809,2,6,3626,0,3634,G
2-PB1,810,3632,0,0,0,3632,A
2-PB1,811,0,0,0,3666,3666,C
2-PB1,812,0,3519,0,2,3521,T
2-PB1,813,0,3294,0,1,3295,T
2-PB1,814,1,0,0,3286,3287,C
2-PB1,815,2,1,0,3282,3285,C
2-PB1,816,2,2,3299,0,3303,G
2-PB1,817,1,0,3312,0,3313,G
2-PB1,818,0,3285,0,0,3285,T
2-PB1,819,0,3297,1,0,3298,T
2-PB1,820,1,4,3275,0,3280,G
2-PB1,821,0,3,3292,0,3295,G
2-PB1,822,2,3,3317,0,3322,G
2-PB1,823,0,1,3319,0,3320,G
2-PB1,824,0,0,3325,0,3325,G
2-PB1,825,0,3299,0,3,3302,T
2-PB1,826,3304,0,3,0,3307,A
2-PB1,827,3318,0,0,1,3319,A
2-PB1,828,0,3333,0,0,3333,T
2-PB1,829,0,0,3339,0,3339,G
2-PB1,830,3311,1,0,0,3312,A
2-PB1,831,3268,0,2,0,3270,A
2-PB1,832,3280,0,0,0,3280,A
2-PB1,833,3263,0,1,0,3264,A
2-PB1,834,0,3,3257,0,3260,G
2-PB1,835,3226,0,4,0,3230,A
2-PB1,836,3195,0,3,0,3198,A
2-PB1,837,0,1,3204,0,3205,G
2-PB1,838,1,1,3190,0,3192,G
2-PB1,839,1,0,0,3180,3181,C
2-PB1,840,4,1,0,3196,3201,C
2-PB1,841,3221,0,0,0,3221,A
2-PB1,842,3225,0,1,0,3226,A
2-PB1,843,3209,0,0,0,3209,A
2-PB1,844,1,2,0,3214,3217,C
2-PB1,845,0,3216,0,1,3217,T
2-PB1,846,4,1,3243,0,3248,G
2-PB1,847,3,0,3238,0,3241,G
2-PB1,848,0,1,0,3248,3249,C
2-PB1,849,3260,0,2,0,3262,A
2-PB1,850,3248,0,2,0,3250,A
2-PB1,851,3249,0,1,0,3250,A
2-PB1,852,0,3259,0,0,3259,T
2-PB1,853,0,0,3261,0,3261,G
2-PB1,854,1,3241,0,1,3243,T
2-PB1,855,0,3159,1,0,3160,T
2-PB1,856,1,1,3163,0,3165,G
2-PB1,857,0,3141,0,1,3142,T
2-PB1,858,1,4,3158,0,3163,G
2-PB1,859,3158,0,0,0,3158,A
2-PB1,860,0,3,3157,0,3160,G
2-PB1,861,3154,0,2,2,3158,A
2-PB1,862,3132,0,1,1,3134,A
2-PB1,863,3127,0,1,0,3128,A
2-PB1,864,3138,0,0,0,3138,A
2-PB1,865,3161,0,1,0,3162,A
2-PB1,866,0,3133,0,1,3134,T
2-PB1,867,1,4,3143,0,3148,G
2-PB1,868,3141,0,3,0,3144,A
2-PB1,869,1,3103,1,2,3107,T
2-PB1,870,0,4,3123,0,3127,G
2-PB1,871,3109,1,3,0,3113,A
2-PB1,872,1,0,0,3143,3144,C
2-PB1,873,2,3138,1,2,3143,T
2-PB1,874,3149,0,0,0,3149,A
2-PB1,875,3171,0,0,1,3172,A
2-PB1,876,0,3169,1,1,3171,T
2-PB1,877,0,3186,0,2,3188,T
2-PB1,878,3,1,0,3223,3227,C
2-PB1,879,3220,0,0,0,3220,A
2-PB1,880,0,1,0,3241,3242,C
2-PB1,881,3203,0,2,0,3205,A
2-PB1,882,3153,0,48,0,3201,A
2-PB1,883,0,2,3201,0,3203,G
2-PB1,884,3229,0,2,1,3232,A
2-PB1,885,0,2,0,3226,3228,C
2-PB1,886,3179,0,1,0,3180,A
2-PB1,887,1,2,0,3170,3173,C
2-PB1,888,3117,0,0,0,3117,A
2-PB1,889,0,4,3129,0,3133,G
2-PB1,890,3115,0,3,0,3118,A
2-PB1,891,0,0,3128,0,3128,G
2-PB1,892,1,1,0,3101,3103,C
2-PB1,893,0,3038,2,4,3044,T
2-PB1,894,0,3089,2,0,3091,T
2-PB1,895,0,3068,2,0,3070,T
2-PB1,896,1,0,0,3100,3101,C
2-PB1,897,0,3109,1,2,3112,T
2-PB1,898,1,3073,0,0,3074,T
2-PB1,899,0,3088,0,2,3090,T
2-PB1,900,2,0,0,3103,3105,C
2-PB1,901,3076,0,4,0,3080,A
2-PB1,902,1,0,0,3107,3108,C
2-PB1,903,3073,0,0,0,3073,A
2-PB1,904,3089,0,1,0,3090,A
2-PB1,905,1,3101,3,1,3106,T
2-PB1,906,4,1,1,3148,3154,C
2-PB1,907,3163,0,0,0,3163,A
2-PB1,908,1,1,0,3181,3183,C
2-PB1,909,0,3153,2,1,3156,T
2-PB1,910,0,2,3184,0,3186,G
2-PB1,911,2,5,3153,1,3161,G
2-PB1,912,2,3,3252,0,3257,G
2-PB1,913,0,1,3256,0,3257,G
2-PB1,914,3192,0,5,0,3197,A
2-PB1,915,0,0,0,3060,3060,C
2-PB1,916,3101,0,1,0,3102,A
2-PB1,917,3253,1,3,0,3257,A
2-PB1,918,1,1,0,3277,3279,C
2-PB1,919,3254,1,3,0,3258,A
2-PB1,920,0,1,0,3268,3269,C
2-PB1,921,0,3154,1,0,3155,T
2-PB1,922,3172,0,0,0,3172,A
2-PB1,923,3157,0,2,0,3159,A
2-PB1,924,0,0,3184,0,3184,G
2-PB1,925,1,3148,0,1,3150,T
2-PB1,926,3,1,2945,0,2949,G
2-PB1,927,0,2,2930,0,2932,G
2-PB1,928,2920,0,0,0,2920,A
2-PB1,929,2918,0,3,0,2921,A
2-PB1,930,0,2925,1,0,2926,T
2-PB1,931,0,2,2915,0,2917,G
2-PB1,932,2905,0,1,0,2906,A
2-PB1,933,2871,0,0,0,2871,A
2-PB1,934,2888,0,3,0,2891,A
2-PB1,935,2898,0,0,0,2898,A
2-PB1,936,1,2861,0,1,2863,T
2-PB1,937,2,1,0,2889,2892,C
2-PB1,938,2893,0,1,0,2894,A
2-PB1,939,2887,0,1,0,2888,A
2-PB1,940,2880,0,3,0,2883,A
2-PB1,941,2855,0,3,0,2858,A
2-PB1,942,1,0,0,2888,2889,C
2-PB1,943,6,1,0,2846,2853,C
2-PB1,944,3,1,0,2848,2852,C
2-PB1,945,0,2828,0,0,2828,T
2-PB1,946,9,1,0,2839,2849,C
2-PB1,947,0,4,2852,0,2856,G
2-PB1,948,2843,1,0,0,2844,A
2-PB1,949,2858,0,0,1,2859,A
2-PB1,950,0,2847,1,0,2848,T
2-PB1,951,3,0,2867,0,2870,G
2-PB1,952,1,2828,0,1,2830,T
2-PB1,953,0,2815,0,2,2817,T
2-PB1,954,0,2838,1,0,2839,T
2-PB1,955,0,2825,0,0,2825,T
2-PB1,956,0,2847,0,0,2847,T
2-PB1,957,0,2,2829,0,2831,G
2-PB1,958,1,0,2811,0,2812,G
2-PB1,959,1,1,0,2810,2812,C
2-PB1,960,1,0,2801,0,2802,G
2-PB1,961,2795,0,1,0,2796,A
2-PB1,962,1,2854,0,0,2855,T
2-PB1,963,0,2,2927,1,2930,G
2-PB1,964,3055,0,0,0,3055,A
2-PB1,965,0,3060,0,2,3062,T
2-PB1,966,0,3060,1,0,3061,T
2-PB1,967,3069,0,2,0,3071,A
2-PB1,968,0,2,0,3076,3078,C
2-PB1,969,3099,0,1,0,3100,A
2-PB1,970,0,3078,0,1,3079,T
2-PB1,971,2909,1,2,0,2912,A
2-PB1,972,1,0,0,2936,2937,C
2-PB1,973,2638,0,2,0,2640,A
2-PB1,974,0,2630,0,1,2631,T
2-PB1,975,3,1,0,2626,2630,C
2-PB1,976,2610,0,2,0,2612,A
2-PB1,977,1,0,0,2627,2628,C
2-PB1,978,2615,0,1,0,2616,A
2-PB1,979,2612,0,0,0,2612,A
2-PB1,980,2604,0,0,0,2604,A
2-PB1,981,0,2,2508,0,2510,G
2-PB1,982,2603,0,0,0,2603,A
2-PB1,983,2602,0,0,0,2602,A
2-PB1,984,0,2581,0,1,2582,T
2-PB1,985,6,4,0,2584,2594,C
2-PB1,986,2611,0,3,0,2614,A
2-PB1,987,2613,0,3,0,2616,A
2-PB1,988,3,1,0,2619,2623,C
2-PB1,989,2,1,0,2622,2625,C
2-PB1,990,0,2483,1,1,2485,T
2-PB1,991,0,3,2499,0,2502,G
2-PB1,992,2494,0,1,0,2495,A
2-PB1,993,0,0,2500,0,2500,G
2-PB1,994,0,2479,0,0,2479,T
2-PB1,995,0,3,2411,0,2414,G
2-PB1,996,3,0,2524,0,2527,G
2-PB1,997,0,2507,1,2,2510,T
2-PB1,998,1,2508,0,3,2512,T
2-PB1,999,3,0,1,2508,2512,C
2-PB1,1000,2485,0,2,0,2487,A
2-PB1,1001,0,1,2520,0,2521,G
2-PB1,1002,2504,0,0,0,2504,A
2-PB1,1003,2519,0,0,0,2519,A
2-PB1,1004,2497,0,1,0,2498,A
2-PB1,1005,1,0,0,2243,2244,C
2-PB1,1006,2242,0,0,0,2242,A
2-PB1,1007,0,2223,0,1,2224,T
2-PB1,1008,0,0,0,2258,2258,C
2-PB1,1009,0,1,0,2254,2255,C
2-PB1,1010,0,2163,0,2,2165,T
2-PB1,1011,0,4,2161,0,2165,G
2-PB1,1012,2144,2,1,0,2147,A
2-PB1,1013,0,1,2156,0,2157,G
2-PB1,1014,1,0,0,2137,2138,C
2-PB1,1015,2081,0,0,0,2081,A
2-PB1,1016,0,2068,0,2,2070,T
2-PB1,1017,1,0,0,2067,2068,C
2-PB1,1018,1,0,2075,0,2076,G
2-PB1,1019,0,1,0,2118,2119,C
2-PB1,1020,2131,0,0,0,2131,A
2-PB1,1021,0,1,0,2188,2189,C
2-PB1,1022,4,0,1,2194,2199,C
2-PB1,1023,2203,0,2,0,2205,A
2-PB1,1024,2227,0,0,0,2227,A
2-PB1,1025,0,2237,0,0,2237,T
2-PB1,1026,2233,0,2,0,2235,A
2-PB1,1027,2225,1,0,0,2226,A
2-PB1,1028,0,2149,0,0,2149,T
2-PB1,1029,1,1,2159,0,2161,G
2-PB1,1030,0,2096,0,1,2097,T
2-PB1,1031,1,2076,0,0,2077,T
2-PB1,1032,4,0,0,2091,2095,C
2-PB1,1033,0,2082,0,0,2082,T
2-PB1,1034,2,0,0,2087,2089,C
2-PB1,1035,2084,0,4,0,2088,A
2-PB1,1036,2084,0,1,0,2085,A
2-PB1,1037,2083,0,0,0,2083,A
2-PB1,1038,1,0,0,2096,2097,C
2-PB1,1039,2095,0,0,0,2095,A
2-PB1,1040,2090,0,0,0,2090,A
2-PB1,1041,2076,2,0,0,2078,A
2-PB1,1042,2091,0,1,0,2092,A
2-PB1,1043,0,2105,0,0,2105,T
2-PB1,1044,0,0,2119,0,2119,G
2-PB1,1045,1,0,2099,0,2100,G
2-PB1,1046,0,0,0,2105,2105,C
2-PB1,1047,2101,0,1,0,2102,A
2-PB1,1048,2106,0,3,1,2110,A
2-PB1,1049,0,2,2109,0,2111,G
2-PB1,1050,2113,0,3,0,2116,A
2-PB1,1051,0,3,0,2124,2127,C
2-PB1,1052,0,2094,0,0,2094,T
2-PB1,1053,2,3,2114,0,2119,G
2-PB1,1054,1,1,2111,0,2113,G
2-PB1,1055,0,2,2138,0,2140,G
2-PB1,1056,2121,0,20,0,2141,A
2-PB1,1057,2134,0,0,0,2134,A
2-PB1,1058,2113,0,2,0,2115,A
2-PB1,1059,2105,0,2,0,2107,A
2-PB1,1060,0,1,2155,0,2156,G
2-PB1,1061,0,1,2153,0,2154,G
2-PB1,1062,2144,0,2,0,2146,A
2-PB1,1063,1,2135,0,1,2137,T
2-PB1,1064,2121,2,1,0,2124,A
2-PB1,1065,0,1,0,2125,2126,C
2-PB1,1066,2141,0,0,0,2141,A
2-PB1,1067,0,2135,1,0,2136,T
2-PB1,1068,0,0,2158,0,2158,G
2-PB1,1069,0,2099,0,0,2099,T
2-PB1,1070,0,2097,0,0,2097,T
2-PB1,1071,1,2,0,2109,2112,C
2-PB1,1072,0,2,2107,0,2109,G
2-PB1,1073,2103,0,0,0,2103,A
2-PB1,1074,0,0,2162,0,2162,G
2-PB1,1075,2132,0,1,0,2133,A
2-PB1,1076,0,0,2152,0,2152,G
2-PB1,1077,0,2128,0,0,2128,T
2-PB1,1078,2138,0,0,0,2138,A
2-PB1,1079,2138,1,3,1,2143,A
2-PB1,1080,0,2,2148,0,2150,G
2-PB1,1081,2150,0,1,0,2151,A
2-PB1,1082,0,1,2173,0,2174,G
2-PB1,1083,2110,0,1,0,2111,A
2-PB1,1084,2124,0,1,0,2125,A
2-PB1,1085,0,2115,0,0,2115,T
2-PB1,1086,0,1,2110,0,2111,G
2-PB1,1087,2105,0,1,0,2106,A
2-PB1,1088,2093,0,3,0,2096,A
2-PB1,1089,0,0,2095,0,2095,G
2-PB1,1090,1,2,0,2091,2094,C
2-PB1,1091,0,2047,0,3,2050,T
2-PB1,1092,2,1,0,2066,2069,C
2-PB1,1093,1,1,0,2073,2075,C
2-PB1,1094,0,2,2079,0,2081,G
2-PB1,1095,0,0,2076,0,2076,G
2-PB1,1096,2084,0,1,0,2085,A
2-PB1,1097,0,0,0,2119,2119,C
2-PB1,1098,2111,0,1,0,2112,A
2-PB1,1099,0,0,0,2142,2142,C
2-PB1,1100,2133,0,1,0,2134,A
2-PB1,1101,2142,0,2,0,2144,A
2-PB1,1102,2135,0,0,0,2135,A
2-PB1,1103,0,2142,0,1,2143,T
2-PB1,1104,2123,0,1,0,2124,A
2-PB1,1105,0,0,0,2139,2139,C
2-PB1,1106,0,1,0,2117,2118,C
2-PB1,1107,0,2094,0,3,2097,T
2-PB1,1108,0,0,2113,0,2113,G
2-PB1,1109,0,0,0,2110,2110,C
2-PB1,1110,2121,0,0,0,2121,A
2-PB1,1111,0,0,2113,0,2113,G
2-PB1,1112,2102,0,0,0,2102,A
2-PB1,1113,2094,0,0,0,2094,A
2-PB1,1114,2106,0,1,0,2107,A
2-PB1,1115,0,2084,0,0,2084,T
2-PB1,1116,1,3,2096,0,2100,G
2-PB1,1117,0,0,0,2094,2094,C
2-PB1,1118,0,2091,0,3,2094,T
2-PB1,1119,2122,0,0,0,2122,A
2-PB1,1120,1,0,2117,0,2118,G
2-PB1,1121,0,0,0,2111,2111,C
2-PB1,1122,2120,0,0,0,2120,A
2-PB1,1123,2111,0,0,0,2111,A
2-PB1,1124,0,0,2098,0,2098,G
2-PB1,1125,0,0,0,2099,2099,C
2-PB1,1126,2072,0,1,0,2073,A
2-PB1,1127,0,2105,0,0,2105,T
2-PB1,1128,0,2118,0,0,2118,T
2-PB1,1129,1,6,2163,0,2170,G
2-PB1,1130,2178,0,2,0,2180,A
2-PB1,1131,0,0,0,2180,2180,C
2-PB1,1132,1,0,0,2181,2182,C
2-PB1,1133,0,2157,0,4,2161,T
2-PB1,1134,0,1,2191,0,2192,G
2-PB1,1135,2189,0,2,0,2191,A
2-PB1,1136,2195,0,2,0,2197,A
2-PB1,1137,1,0,2229,0,2230,G
2-PB1,1138,0,2159,0,3,2162,T
2-PB1,1139,2171,0,0,0,2171,A
2-PB1,1140,0,2157,0,0,2157,T
2-PB1,1141,0,2150,0,3,2153,T
2-PB1,1142,0,2147,0,1,2148,T
2-PB1,1143,3,0,0,2127,2130,C
2-PB1,1144,2120,0,1,0,2121,A
2-PB1,1145,2120,0,0,0,2120,A
2-PB1,1146,0,2092,2,0,2094,T
2-PB1,1147,0,5,2099,0,2104,G
2-PB1,1148,2087,0,1,0,2088,A
2-PB1,1149,2099,0,1,0,2100,A
2-PB1,1150,0,2084,0,1,2085,T
2-PB1,1151,2,0,0,2106,2108,C
2-PB1,1152,2111,0,1,0,2112,A
2-PB1,1153,2112,0,3,0,2115,A
2-PB1,1154,0,0,0,2110,2110,C
2-PB1,1155,2105,0,1,0,2106,A
2-PB1,1156,2098,0,1,0,2099,A
2-PB1,1157,0,0,2105,0,2105,G
2-PB1,1158,0,2,2119,0,2121,G
2-PB1,1159,2108,1,3,0,2112,A
2-PB1,1160,2103,0,3,0,2106,A
2-PB1,1161,0,2,2110,0,2112,G
2-PB1,1162,2102,0,0,0,2102,A
2-PB1,1163,2108,0,2,0,2110,A
2-PB1,1164,2112,0,0,0,2112,A
2-PB1,1165,2107,1,0,0,2108,A
2-PB1,1166,0,2098,0,0,2098,T
2-PB1,1167,0,2089,0,0,2089,T
2-PB1,1168,1,3,2091,0,2095,G
2-PB1,1169,2087,0,1,0,2088,A
2-PB1,1170,3,3,2087,0,2093,G
2-PB1,1171,2096,0,0,0,2096,A
2-PB1,1172,2114,0,0,0,2114,A
2-PB1,1173,2147,0,0,0,2147,A
2-PB1,1174,2154,0,0,0,2154,A
2-PB1,1175,0,2144,0,0,2144,T
2-PB1,1176,2147,0,1,0,2148,A
2-PB1,1177,2147,0,7,0,2154,A
2-PB1,1178,0,1,2160,0,2161,G
2-PB1,1179,0,0,2149,0,2149,G
2-PB1,1180,0,1,0,2137,2138,C
2-PB1,1181,1,0,0,2147,2148,C
2-PB1,1182,0,2118,0,3,2121,T
2-PB1,1183,0,0,0,2373,2373,C
2-PB1,1184,0,2407,0,0,2407,T
2-PB1,1185,1,2412,0,3,2416,T
2-PB1,1186,2,0,0,2475,2477,C
2-PB1,1187,0,2478,0,1,2479,T
2-PB1,1188,2486,0,1,0,2487,A
2-PB1,1189,2491,2,0,0,2493,A
2-PB1,1190,0,2487,0,1,2488,T
2-PB1,1191,2514,0,0,0,2514,A
2-PB1,1192,0,0,2464,0,2464,G
2-PB1,1193,2267,1,2,0,2270,A
2-PB1,1194,1,2260,0,3,2264,T
2-PB1,1195,0,3,2207,0,2210,G
2-PB1,1196,0,0,2231,0,2231,G
2-PB1,1197,0,1,0,2242,2243,C
2-PB1,1198,2241,0,1,0,2242,A
2-PB1,1199,0,2,0,2240,2242,C
2-PB1,1200,2213,0,1,0,2214,A
2-PB1,1201,0,1,2293,0,2294,G
2-PB1,1202,0,1,0,2289,2290,C
2-PB1,1203,2299,0,0,0,2299,A
2-PB1,1204,0,2352,1,3,2356,T
2-PB1,1205,1,1,0,2331,2333,C
2-PB1,1206,2366,0,0,0,2366,A
2-PB1,1207,0,2352,0,0,2352,T
2-PB1,1208,0,2332,0,0,2332,T
2-PB1,1209,0,2,2325,0,2327,G
2-PB1,1210,2248,0,2,0,2250,A
2-PB1,1211,0,0,2304,0,2304,G
2-PB1,1212,0,1,0,2293,2294,C
2-PB1,1213,2,1,0,2255,2258,C
2-PB1,1214,1,0,0,2302,2303,C
2-PB1,1215,1,2298,0,1,2300,T
2-PB1,1216,0,1,2573,0,2574,G
2-PB1,1217,0,0,2636,0,2636,G
2-PB1,1218,2628,2,8,0,2638,A
2-PB1,1219,2784,0,0,0,2784,A
2-PB1,1220,0,2723,0,0,2723,T
2-PB1,1221,0,1,2831,0,2832,G
2-PB1,1222,2866,1,0,1,2868,A
2-PB1,1223,0,2914,0,2,2916,T
2-PB1,1224,0,2,2938,1,2941,G
2-PB1,1225,2909,0,3,1,2913,A
2-PB1,1226,0,2901,0,0,2901,T
2-PB1,1227,1,1,2903,0,2905,G
2-PB1,1228,0,1,2949,0,2950,G
2-PB1,1229,0,0,2949,0,2949,G
2-PB1,1230,0,0,0,2938,2938,C
2-PB1,1231,2963,0,0,0,2963,A
2-PB1,1232,0,2974,0,0,2974,T
2-PB1,1233,1,0,3109,0,3110,G
2-PB1,1234,0,3109,0,5,3114,T
2-PB1,1235,0,3118,0,1,3119,T
2-PB1,1236,2,0,1,3150,3153,C
2-PB1,1237,3146,0,1,0,3147,A
2-PB1,1238,3155,0,2,0,3157,A
2-PB1,1239,0,0,0,3155,3155,C
2-PB1,1240,3178,1,0,0,3179,A
2-PB1,1241,0,3178,0,1,3179,T
2-PB1,1242,1,1,3216,0,3218,G
2-PB1,1243,0,1,0,3209,3210,C
2-PB1,1244,1,3224,0,1,3226,T
2-PB1,1245,3265,0,0,0,3265,A
2-PB1,1246,3262,1,0,0,3263,A
2-PB1,1247,2,0,3354,0,3356,G
2-PB1,1248,0,3328,0,0,3328,T
2-PB1,1249,3308,0,1,0,3309,A
2-PB1,1250,0,2,0,3344,3346,C
2-PB1,1251,16,0,3354,0,3370,G
2-PB1,1252,0,0,3610,0,3610,G
2-PB1,1253,0,3583,0,0,3583,T
2-PB1,1254,0,3583,0,2,3585,T
2-PB1,1255,0,3589,0,1,3590,T
2-PB1,1256,0,3599,0,0,3599,T
2-PB1,1257,3598,1,1,0,3600,A
2-PB1,1258,2,1,3593,0,3596,G
2-PB1,1259,0,8,3572,0,3580,G
2-PB1,1260,3535,1,2,0,3538,A
2-PB1,1261,0,0,3524,0,3524,G
2-PB1,1262,0,3570,0,2,3572,T
2-PB1,1263,3,0,0,3575,3578,C
2-PB1,1264,1,3578,0,0,3579,T
2-PB1,1265,3,0,0,3598,3601,C
2-PB1,1266,4,1,3604,0,3609,G
2-PB1,1267,3722,0,0,0,3722,A
2-PB1,1268,0,3744,0,0,3744,T
2-PB1,1269,3763,0,2,0,3765,A
2-PB1,1270,0,1,0,3767,3768,C
2-PB1,1271,0,3717,0,7,3724,T
2-PB1,1272,1,3,3725,0,3729,G
2-PB1,1273,3716,0,0,0,3716,A
2-PB1,1274,3768,0,0,0,3768,A
2-PB1,1275,0,3774,0,1,3775,T
2-PB1,1276,0,0,0,3737,3737,C
2-PB1,1277,0,3734,0,3,3737,T
2-PB1,1278,0,3721,0,1,3722,T
2-PB1,1279,0,3,3736,0,3739,G
2-PB1,1280,1,3,3719,0,3723,G
2-PB1,1281,3696,1,4,0,3701,A
2-PB1,1282,0,0,0,3728,3728,C
2-PB1,1283,3698,0,1,0,3699,A
2-PB1,1284,3712,0,2,0,3714,A
2-PB1,1285,3730,0,1,0,3731,A
2-PB1,1286,3737,0,3,0,3740,A
2-PB1,1287,0,0,3805,0,3805,G
2-PB1,1288,3803,1,4,0,3808,A
2-PB1,1289,3808,0,1,0,3809,A
2-PB1,1290,3806,0,3,0,3809,A
2-PB1,1291,0,3799,0,0,3799,T
2-PB1,1292,3807,0,0,1,3808,A
2-PB1,1293,1,3,0,3961,3965,C
2-PB1,1294,3905,0,4,0,3909,A
2-PB1,1295,0,2,0,3958,3960,C
2-PB1,1296,2,1,0,3913,3916,C
2-PB1,1297,3914,0,2,0,3916,A
2-PB1,1298,3959,0,1,1,3961,A
2-PB1,1299,0,4,4076,0,4080,G
2-PB1,1300,4125,0,0,0,4125,A
2-PB1,1301,1,0,0,4178,4179,C
2-PB1,1302,4105,0,2,0,4107,A
2-PB1,1303,4214,0,7,0,4221,A
2-PB1,1304,1,0,0,4249,4250,C
2-PB1,1305,4319,0,0,0,4319,A
2-PB1,1306,0,4332,0,0,4332,T
2-PB1,1307,4319,0,1,0,4320,A
2-PB1,1308,0,0,0,4402,4402,C
2-PB1,1309,0,4284,0,3,4287,T
2-PB1,1310,1,5,4364,0,4370,G
2-PB1,1311,1,1,4347,0,4349,G
2-PB1,1312,1,4268,0,2,4271,T
2-PB1,1313,0,8,4267,0,4275,G
2-PB1,1314,4,1,4214,0,4219,G
2-PB1,1315,1,2,4252,0,4255,G
2-PB1,1316,4222,0,1,2,4225,A
2-PB1,1317,0,4191,0,1,4192,T
2-PB1,1318,0,2,4201,0,4203,G
2-PB1,1319,0,3,4194,0,4197,G
2-PB1,1320,2,1,4220,0,4223,G
2-PB1,1321,1,3,0,4268,4272,C
2-PB1,1322,0,4265,0,2,4267,T
2-PB1,1323,2,1,0,4291,4294,C
2-PB1,1324,2,2,0,4289,4293,C
2-PB1,1325,4300,0,2,0,4302,A
2-PB1,1326,4299,0,1,0,4300,A
2-PB1,1327,1,4270,0,0,4271,T
2-PB1,1328,2,0,0,4246,4248,C
2-PB1,1329,5,1,0,4232,4238,C
2-PB1,1330,0,4200,1,5,4206,T
2-PB1,1331,7,0,0,4189,4196,C
2-PB1,1332,2,3,1,4181,4187,C
2-PB1,1333,1,5,4190,0,4196,G
2-PB1,1334,4183,0,0,1,4184,A
2-PB1,1335,0,1,0,4196,4197,C
2-PB1,1336,4,3,4192,0,4199,G
2-PB1,1337,4215,1,0,1,4217,A
2-PB1,1338,0,4205,0,1,4206,T
2-PB1,1339,0,4209,0,0,4209,T
2-PB1,1340,0,4212,0,0,4212,T
2-PB1,1341,0,4218,0,0,4218,T
2-PB1,1342,1,1,4224,0,4226,G
2-PB1,1343,2,2,0,4229,4233,C
2-PB1,1344,3,0,0,4222,4225,C
2-PB1,1345,5,0,0,4369,4374,C
2-PB1,1346,0,4314,0,5,4319,T
2-PB1,1347,2,2,0,4488,4492,C
2-PB1,1348,4526,0,1,0,4527,A
2-PB1,1349,0,4552,0,1,4553,T
2-PB1,1350,4551,0,0,0,4551,A
2-PB1,1351,0,0,4583,0,4583,G
2-PB1,1352,0,4511,1,1,4513,T
2-PB1,1353,0,5,4547,0,4552,G
2-PB1,1354,4415,0,0,0,4415,A
2-PB1,1355,4422,0,3,0,4425,A
2-PB1,1356,0,4270,1,0,4271,T
2-PB1,1357,1,0,4255,0,4256,G
2-PB1,1358,1,1,0,4287,4289,C
2-PB1,1359,4282,0,2,1,4285,A
2-PB1,1360,1,1,0,4310,4312,C
2-PB1,1361,7,0,1,4270,4278,C
2-PB1,1362,4263,0,0,0,4263,A
2-PB1,1363,4247,0,0,0,4247,A
2-PB1,1364,4237,0,0,0,4237,A
2-PB1,1365,0,4151,1,1,4153,T
2-PB1,1366,3,1,0,4273,4277,C
2-PB1,1367,4262,0,0,1,4263,A
2-PB1,1368,0,4278,1,1,4280,T
2-PB1,1369,2,5,4279,0,4286,G
2-PB1,1370,4295,1,2,1,4299,A
2-PB1,1371,0,4,4327,0,4331,G
2-PB1,1372,1,3,4298,0,4302,G
2-PB1,1373,1,2,4331,0,4334,G
2-PB1,1374,4287,0,5,0,4292,A
2-PB1,1375,4369,0,3,1,4373,A
2-PB1,1376,0,4378,2,1,4381,T
2-PB1,1377,4394,0,1,1,4396,A
2-PB1,1378,0,0,0,4406,4406,C
2-PB1,1379,4426,0,1,0,4427,A
2-PB1,1380,4412,0,11,0,4423,A
2-PB1,1381,0,0,4398,0,4398,G
2-PB1,1382,2,1,0,4371,4374,C
2-PB1,1383,4342,0,5,0,4347,A
2-PB1,1384,0,0,4386,0,4386,G
2-PB1,1385,0,7,4386,0,4393,G
2-PB1,1386,4361,0,1,0,4362,A
2-PB1,1387,2,1,4399,0,4402,G
2-PB1,1388,0,4338,1,2,4341,T
2-PB1,1389,2,2,4381,0,4385,G
2-PB1,1390,0,4,4403,0,4407,G
2-PB1,1391,4396,1,3,0,4400,A
2-PB1,1392,1,4401,0,0,4402,T
2-PB1,1393,4333,0,1,0,4334,A
2-PB1,1394,0,2,4356,0,4358,G
2-PB1,1395,4390,0,1,0,4391,A
2-PB1,1396,0,4407,1,1,4409,T
2-PB1,1397,0,4403,1,1,4405,T
2-PB1,1398,3,0,0,4533,4536,C
2-PB1,1399,0,4520,1,1,4522,T
2-PB1,1400,4520,0,0,0,4520,A
2-PB1,1401,1,0,0,4520,4521,C
2-PB1,1402,4425,1,3,0,4429,A
2-PB1,1403,0,4,4409,0,4413,G
2-PB1,1404,0,3,4334,0,4337,G
2-PB1,1405,4383,0,3,0,4386,A
2-PB1,1406,1,1,0,4373,4375,C
2-PB1,1407,2,1,0,4283,4286,C
2-PB1,1408,1,4240,0,4,4245,T
2-PB1,1409,1,1,4258,1,4261,G
2-PB1,1410,0,0,0,4261,4261,C
2-PB1,1411,4278,0,0,0,4278,A
2-PB1,1412,4290,0,5,0,4295,A
2-PB1,1413,2,0,4321,0,4323,G
2-PB1,1414,0,4221,1,1,4223,T
2-PB1,1415,0,4234,1,0,4235,T
2-PB1,1416,4185,0,1,0,4186,A
2-PB1,1417,0,0,4182,0,4182,G
2-PB1,1418,0,4138,1,0,4139,T
2-PB1,1419,2,5,4149,0,4156,G
2-PB1,1420,0,1,4131,0,4132,G
2-PB1,1421,2,3,4159,0,4164,G
2-PB1,1422,4139,2,1,0,4142,A
2-PB1,1423,4156,0,1,0,4157,A
2-PB1,1424,0,4140,1,3,4144,T
2-PB1,1425,5,3,0,4166,4174,C
2-PB1,1426,4179,0,2,0,4181,A
2-PB1,1427,4192,0,1,0,4193,A
2-PB1,1428,0,0,0,4173,4173,C
2-PB1,1429,4183,0,0,0,4183,A
2-PB1,1430,0,4081,1,1,4083,T
2-PB1,1431,1,7,4085,0,4093,G
2-PB1,1432,4085,0,5,0,4090,A
2-PB1,1433,0,0,4113,0,4113,G
2-PB1,1434,0,1,0,4104,4105,C
2-PB1,1435,4090,0,1,1,4092,A
2-PB1,1436,4103,0,1,0,4104,A
2-PB1,1437,4105,0,2,1,4108,A
2-PB1,1438,4143,1,0,0,4144,A
2-PB1,1439,4144,0,3,0,4147,A
2-PB1,1440,0,2,4139,0,4141,G
2-PB1,1441,4110,0,3,0,4113,A
2-PB1,1442,4061,0,3,0,4064,A
2-PB1,1443,0,0,4218,0,4218,G
2-PB1,1444,0,4184,0,3,4187,T
2-PB1,1445,0,3,0,4201,4204,C
2-PB1,1446,5,0,0,4210,4215,C
2-PB1,1447,0,4211,0,0,4211,T
2-PB1,1448,4284,0,1,0,4285,A
2-PB1,1449,1,4274,1,1,4277,T
2-PB1,1450,4288,0,0,0,4288,A
2-PB1,1451,0,4285,0,1,4286,T
2-PB1,1452,4159,0,1,0,4160,A
2-PB1,1453,4164,0,0,0,4164,A
2-PB1,1454,4143,0,0,1,4144,A
2-PB1,1455,0,4130,0,0,4130,T
2-PB1,1456,4091,0,0,0,4091,A
2-PB1,1457,4060,0,0,0,4060,A
2-PB1,1458,4080,1,0,0,4081,A
2-PB1,1459,4066,0,1,0,4067,A
2-PB1,1460,1,0,0,4067,4068,C
2-PB1,1461,3861,0,0,0,3861,A
2-PB1,1462,1,3,3867,0,3871,G
2-PB1,1463,2,0,3870,0,3872,G
2-PB1,1464,0,1,3878,0,3879,G
2-PB1,1465,3861,0,3,0,3864,A
2-PB1,1466,0,0,0,3909,3909,C
2-PB1,1467,3873,0,1,0,3874,A
2-PB1,1468,0,3898,0,0,3898,T
2-PB1,1469,0,3899,0,1,3900,T
2-PB1,1470,0,3905,0,2,3907,T
2-PB1,1471,2,1,3910,0,3913,G
2-PB1,1472,3850,0,1,0,3851,A
2-PB1,1473,3877,0,2,0,3879,A
2-PB1,1474,0,3880,0,0,3880,T
2-PB1,1475,0,3806,0,0,3806,T
2-PB1,1476,4,1,0,3818,3823,C
2-PB1,1477,3768,0,1,0,3769,A
2-PB1,1478,0,0,0,3790,3790,C
2-PB1,1479,0,3786,0,0,3786,T
2-PB1,1480,3792,0,2,0,3794,A
2-PB1,1481,0,0,3776,0,3776,G
2-PB1,1482,0,0,0,3782,3782,C
2-PB1,1483,0,3750,0,7,3757,T
2-PB1,1484,0,3803,0,0,3803,T
2-PB1,1485,0,3789,0,2,3791,T
2-PB1,1486,1,3797,1,0,3799,T
2-PB1,1487,0,3793,0,3,3796,T
2-PB1,1488,0,3788,0,3,3791,T
2-PB1,1489,0,3784,0,2,3786,T
2-PB1,1490,3768,1,2,0,3771,A
2-PB1,1491,1,3738,1,1,3741,T
2-PB1,1492,1,0,0,3763,3764,C
2-PB1,1493,0,1,3793,0,3794,G
2-PB1,1494,3940,0,1,0,3941,A
2-PB1,1495,0,3942,0,1,3943,T
2-PB1,1496,3947,1,0,0,3948,A
2-PB1,1497,0,3975,0,1,3976,T
2-PB1,1498,0,4,3954,0,3958,G
2-PB1,1499,1,1,3982,0,3984,G
2-PB1,1500,3980,0,1,1,3982,A
2-PB1,1501,0,3952,0,1,3953,T
2-PB1,1502,0,3917,0,0,3917,T
2-PB1,1503,0,3821,0,1,3822,T
2-PB1,1504,1,2,3828,0,3831,G
2-PB1,1505,3,3793,0,1,3797,T
2-PB1,1506,0,4,3807,0,3811,G
2-PB1,1507,2,0,3803,0,3805,G
2-PB1,1508,1,1,0,3760,3762,C
2-PB1,1509,1,3792,0,0,3793,T
2-PB1,1510,3804,1,0,0,3805,A
2-PB1,1511,3831,0,0,0,3831,A
2-PB1,1512,0,3853,1,2,3856,T
2-PB1,1513,0,3867,0,0,3867,T
2-PB1,1514,0,3864,0,0,3864,T
2-PB1,1515,0,3860,0,1,3861,T
2-PB1,1516,3860,0,2,0,3862,A
2-PB1,1517,1,0,3885,0,3886,G
2-PB1,1518,2,0,0,3904,3906,C
2-PB1,1519,3902,0,0,1,3903,A
2-PB1,1520,0,3863,0,5,3868,T
2-PB1,1521,2,2,3818,0,3822,G
2-PB1,1522,0,2,3878,0,3880,G
2-PB1,1523,3859,0,2,0,3861,A
2-PB1,1524,2,0,3868,0,3870,G
2-PB1,1525,2,0,0,3853,3855,C
2-PB1,1526,0,3831,0,1,3832,T
2-PB1,1527,1,1,3850,0,3852,G
2-PB1,1528,0,1,0,3817,3818,C
2-PB1,1529,4,0,0,3811,3815,C
2-PB1,1530,2,2,0,3863,3867,C
2-PB1,1531,3772,0,1,0,3773,A
2-PB1,1532,3,0,3957,0,3960,G
2-PB1,1533,0,3960,1,0,3961,T
2-PB1,1534,0,3971,0,0,3971,T
2-PB1,1535,0,3954,0,1,3955,T
2-PB1,1536,0,3909,0,1,3910,T
2-PB1,1537,0,1,3909,0,3910,G
2-PB1,1538,1,3,3914,0,3918,G
2-PB1,1539,3906,1,4,0,3911,A
2-PB1,1540,1,0,3920,0,3921,G
2-PB1,1541,0,3712,0,0,3712,T
2-PB1,1542,3713,0,3,0,3716,A
2-PB1,1543,0,3841,0,0,3841,T
2-PB1,1544,0,0,0,3859,3859,C
2-PB1,1545,0,3854,0,1,3855,T
2-PB1,1546,2,3,3863,0,3868,G
2-PB1,1547,0,7,3888,1,3896,G
2-PB1,1548,3901,0,1,0,3902,A
2-PB1,1549,3916,0,2,0,3918,A
2-PB1,1550,0,3908,0,0,3908,T
2-PB1,1551,3810,0,1,0,3811,A
2-PB1,1552,3808,0,1,0,3809,A
2-PB1,1553,3803,0,1,0,3804,A
2-PB1,1554,0,1,0,3814,3815,C
2-PB1,1555,0,2,3742,0,3744,G
2-PB1,1556,3707,1,2,0,3710,A
2-PB1,1557,0,0,3700,0,3700,G
2-PB1,1558,0,3670,0,1,3671,T
2-PB1,1559,7,0,0,3712,3719,C
2-PB1,1560,3710,0,3,0,3713,A
2-PB1,1561,0,0,3767,0,3767,G
2-PB1,1562,0,0,0,3781,3781,C
2-PB1,1563,0,3766,1,1,3768,T
2-PB1,1564,1,3,3922,0,3926,G
2-PB1,1565,3895,0,2,0,3897,A
2-PB1,1566,1,3896,0,1,3898,T
2-PB1,1567,3894,0,3,0,3897,A
2-PB1,1568,1,3864,0,0,3865,T
2-PB1,1569,1,4,3884,0,3889,G
2-PB1,1570,3768,0,3,0,3771,A
2-PB1,1571,0,0,3840,0,3840,G
2-PB1,1572,1,0,1,3844,3846,C
2-PB1,1573,3688,0,0,1,3689,A
2-PB1,1574,0,3677,0,1,3678,T
2-PB1,1575,0,3686,0,1,3687,T
2-PB1,1576,1,2,3730,0,3733,G
2-PB1,1577,2,3,3892,0,3897,G
2-PB1,1578,3837,0,4,0,3841,A
2-PB1,1579,0,0,3852,0,3852,G
2-PB1,1580,0,3738,1,3,3742,T
2-PB1,1581,3742,0,1,0,3743,A
2-PB1,1582,3738,0,4,0,3742,A
2-PB1,1583,1,2,0,3764,3767,C
2-PB1,1584,3753,0,1,0,3754,A
2-PB1,1585,2,1,3820,0,3823,G
2-PB1,1586,1,3491,0,1,3493,T
2-PB1,1587,0,6,3535,1,3542,G
2-PB1,1588,3606,0,1,0,3607,A
2-PB1,1589,0,3607,0,1,3608,T
2-PB1,1590,3605,0,0,0,3605,A
2-PB1,1591,3609,0,2,0,3611,A
2-PB1,1592,3515,1,4,0,3520,A
2-PB1,1593,0,0,3556,0,3556,G
2-PB1,1594,3440,0,2,1,3443,A
2-PB1,1595,3439,1,1,0,3441,A
2-PB1,1596,0,0,0,3461,3461,C
2-PB1,1597,3360,0,1,0,3361,A
2-PB1,1598,3391,0,4,0,3395,A
2-PB1,1599,0,0,0,3419,3419,C
2-PB1,1600,3465,1,3,0,3469,A
2-PB1,1601,0,3461,3,0,3464,T
2-PB1,1602,0,3,3440,0,3443,G
2-PB1,1603,3446,1,4,0,3451,A
2-PB1,1604,0,3448,0,1,3449,T
2-PB1,1605,3424,0,2,0,3426,A
2-PB1,1606,3452,0,2,0,3454,A
2-PB1,1607,3447,0,3,1,3451,A
2-PB1,1608,0,2,0,3466,3468,C
2-PB1,1609,3358,0,1,1,3360,A
2-PB1,1610,3342,0,3,0,3345,A
2-PB1,1611,1,3285,0,0,3286,T
2-PB1,1612,0,7,3287,0,3294,G
2-PB1,1613,3369,0,3,0,3372,A
2-PB1,1614,2,0,0,3425,3427,C
2-PB1,1615,2,1,0,3394,3397,C
2-PB1,1616,1,3319,0,3,3323,T
2-PB1,1617,0,3275,0,0,3275,T
2-PB1,1618,0,1,3292,0,3293,G
2-PB1,1619,0,2,3311,0,3313,G
2-PB1,1620,3341,2,3,0,3346,A
2-PB1,1621,0,1,0,3341,3342,C
2-PB1,1622,5,1,0,3313,3319,C
2-PB1,1623,3302,0,0,0,3302,A
2-PB1,1624,0,2,3322,0,3324,G
2-PB1,1625,0,1,0,3336,3337,C
2-PB1,1626,3350,0,0,0,3350,A
2-PB1,1627,3329,0,2,0,3331,A
2-PB1,1628,0,0,0,3329,3329,C
2-PB1,1629,3308,0,1,0,3309,A
2-PB1,1630,0,0,3367,0,3367,G
2-PB1,1631,0,1,0,3355,3356,C
2-PB1,1632,1,0,0,3369,3370,C
2-PB1,1633,4,1,0,3366,3371,C
2-PB1,1634,3385,0,0,0,3385,A
2-PB1,1635,3374,0,1,0,3375,A
2-PB1,1636,3375,0,1,0,3376,A
2-PB1,1637,0,3380,0,0,3380,T
2-PB1,1638,1,1,3367,1,3370,G
2-PB1,1639,1,0,3328,0,3329,G
2-PB1,1640,1,1,0,3361,3363,C
2-PB1,1641,0,3326,0,4,3330,T
2-PB1,1642,2,0,0,3446,3448,C
2-PB1,1643,0,3448,0,6,3454,T
2-PB1,1644,2,1,0,3486,3489,C
2-PB1,1645,1,0,0,3485,3486,C
2-PB1,1646,3499,0,1,0,3500,A
2-PB1,1647,3494,0,0,0,3494,A
2-PB1,1648,0,3476,0,0,3476,T
2-PB1,1649,0,3460,0,0,3460,T
2-PB1,1650,1,0,3472,0,3473,G
2-PB1,1651,0,3416,0,2,3418,T
2-PB1,1652,1,3415,0,0,3416,T
2-PB1,1653,8,3,0,3427,3438,C
2-PB1,1654,3425,0,1,1,3427,A
2-PB1,1655,1,3414,0,1,3416,T
2-PB1,1656,0,0,0,3435,3435,C
2-PB1,1657,3447,1,1,0,3449,A
2-PB1,1658,3448,0,0,0,3448,A
2-PB1,1659,3432,0,3,0,3435,A
2-PB1,1660,1,1,3515,0,3517,G
2-PB1,1661,3512,0,0,0,3512,A
2-PB1,1662,0,3509,0,1,3510,T
2-PB1,1663,0,3525,0,0,3525,T
2-PB1,1664,3534,0,1,0,3535,A
2-PB1,1665,1,1,0,3593,3595,C
2-PB1,1666,3587,1,2,1,3591,A
2-PB1,1667,2,1,3638,0,3641,G
2-PB1,1668,3617,0,3,0,3620,A
2-PB1,1669,0,3743,0,2,3745,T
2-PB1,1670,3754,0,1,0,3755,A
2-PB1,1671,2,1,0,4004,4007,C
2-PB1,1672,4067,0,1,0,4068,A
2-PB1,1673,0,1,0,4350,4351,C
2-PB1,1674,4322,2,2,0,4326,A
2-PB1,1675,0,4361,0,0,4361,T
2-PB1,1676,4333,0,0,1,4334,A
2-PB1,1677,0,4320,0,3,4323,T
2-PB1,1678,4238,0,4,0,4242,A
2-PB1,1679,0,6,4228,0,4234,G
2-PB1,1680,2,2,4193,0,4197,G
2-PB1,1681,1,4037,0,0,4038,T
2-PB1,1682,1,0,4009,0,4010,G
2-PB1,1683,1,2,0,4122,4125,C
2-PB1,1684,4,1,0,4154,4159,C
2-PB1,1685,4205,0,1,0,4206,A
2-PB1,1686,0,4207,0,6,4213,T
2-PB1,1687,4204,1,1,0,4206,A
2-PB1,1688,0,1,4214,0,4215,G
2-PB1,1689,4145,0,3,0,4148,A
2-PB1,1690,0,0,4165,0,4165,G
2-PB1,1691,0,6,4143,0,4149,G
2-PB1,1692,4034,0,5,1,4040,A
2-PB1,1693,1,4,4050,0,4055,G
2-PB1,1694,4036,2,5,0,4043,A
2-PB1,1695,1,0,0,4056,4057,C
2-PB1,1696,4038,0,7,0,4045,A
2-PB1,1697,1,0,0,4094,4095,C
2-PB1,1698,4080,0,4,0,4084,A
2-PB1,1699,1,0,0,4109,4110,C
2-PB1,1700,4077,0,2,0,4079,A
2-PB1,1701,4088,0,1,0,4089,A
2-PB1,1702,4105,0,1,0,4106,A
2-PB1,1703,1,4101,0,3,4105,T
2-PB1,1704,4,3,0,4091,4098,C
2-PB1,1705,5,0,0,4088,4093,C
2-PB1,1706,4075,0,5,1,4081,A
2-PB1,1707,2,2,4082,0,4086,G
2-PB1,1708,4079,0,0,0,4079,A
2-PB1,1709,0,1,0,4118,4119,C
2-PB1,1710,0,4,4116,0,4120,G
2-PB1,1711,4065,1,4,0,4070,A
2-PB1,1712,1,1,4090,0,4092,G
2-PB1,1713,4092,0,2,0,4094,A
2-PB1,1714,4092,0,4,0,4096,A
2-PB1,1715,0,3,4110,0,4113,G
2-PB1,1716,4092,1,2,1,4096,A
2-PB1,1717,0,4092,0,2,4094,T
2-PB1,1718,3,1,0,4064,4068,C
2-PB1,1719,4080,0,1,0,4081,A
2-PB1,1720,0,4047,0,7,4054,T
2-PB1,1721,0,4061,0,0,4061,T
2-PB1,1722,4,0,1,4069,4074,C
2-PB1,1723,0,3,4079,0,4082,G
2-PB1,1724,4041,1,1,0,4043,A
2-PB1,1725,1,2,4058,0,4061,G
2-PB1,1726,4028,0,1,0,4029,A
2-PB1,1727,0,4123,0,1,4124,T
2-PB1,1728,4130,0,0,0,4130,A
2-PB1,1729,4153,1,1,0,4155,A
2-PB1,1730,4152,0,3,0,4155,A
2-PB1,1731,1,2,4158,0,4161,G
2-PB1,1732,4146,2,0,1,4149,A
2-PB1,1733,4111,1,2,0,4114,A
2-PB1,1734,4060,0,2,0,4062,A
2-PB1,1735,0,0,0,4092,4092,C
2-PB1,1736,0,4097,0,1,4098,T
2-PB1,1737,0,0,4103,0,4103,G
2-PB1,1738,0,4065,0,2,4067,T
2-PB1,1739,1,4,4073,0,4078,G
2-PB1,1740,1,3,4065,0,4069,G
2-PB1,1741,1,5,4088,0,4094,G
2-PB1,1742,4104,0,0,0,4104,A
2-PB1,1743,1,4112,0,0,4113,T
2-PB1,1744,2,0,0,4077,4079,C
2-PB1,1745,4079,0,3,0,4082,A
2-PB1,1746,4098,0,1,0,4099,A
2-PB1,1747,4118,1,2,0,4121,A
2-PB1,1748,1,0,0,4130,4131,C
2-PB1,1749,0,4,0,4112,4116,C
2-PB1,1750,2,2,1,4112,4117,C
2-PB1,1751,4106,0,1,0,4107,A
2-PB1,1752,4165,0,2,0,4167,A
2-PB1,1753,1,4137,0,0,4138,T
2-PB1,1754,6,0,0,4159,4165,C
2-PB1,1755,4129,1,1,0,4131,A
2-PB1,1756,4106,0,5,0,4111,A
2-PB1,1757,3,5,4153,0,4161,G
2-PB1,1758,0,5,4120,0,4125,G
2-PB1,1759,0,1,4108,0,4109,G
2-PB1,1760,0,0,0,4124,4124,C
2-PB1,1761,4058,1,5,0,4064,A
2-PB1,1762,0,2,4149,0,4151,G
2-PB1,1763,2,3,4180,1,4186,G
2-PB1,1764,4207,0,5,0,4212,A
2-PB1,1765,0,1,0,4264,4265,C
2-PB1,1766,1,4203,0,0,4204,T
2-PB1,1767,4331,0,1,0,4332,A
2-PB1,1768,0,4316,0,1,4317,T
2-PB1,1769,0,4328,0,0,4328,T
2-PB1,1770,0,4,4333,0,4337,G
2-PB1,1771,0,0,4338,0,4338,G
2-PB1,1772,1,4259,0,0,4260,T
2-PB1,1773,4288,0,0,0,4288,A
2-PB1,1774,0,4240,0,1,4241,T
2-PB1,1775,2,0,0,4267,4269,C
2-PB1,1776,4182,0,0,0,4182,A
2-PB1,1777,0,2,4230,0,4232,G
2-PB1,1778,4186,0,3,0,4189,A
2-PB1,1779,0,4180,0,2,4182,T
2-PB1,1780,1,3,4035,0,4039,G
2-PB1,1781,0,2,4026,0,4028,G
2-PB1,1782,1,2,4021,0,4024,G
2-PB1,1783,1,0,4021,0,4022,G
2-PB1,1784,0,3,4025,0,4028,G
2-PB1,1785,4009,0,6,0,4015,A
2-PB1,1786,0,0,0,4015,4015,C
2-PB1,1787,2,2,0,3975,3979,C
2-PB1,1788,3997,0,0,0,3997,A
2-PB1,1789,4217,0,1,0,4218,A
2-PB1,1790,4231,1,0,0,4232,A
2-PB1,1791,0,0,0,4329,4329,C
2-PB1,1792,1,4297,0,3,4301,T
2-PB1,1793,1,4285,0,0,4286,T
2-PB1,1794,4298,0,1,1,4300,A
2-PB1,1795,0,4299,0,2,4301,T
2-PB1,1796,4306,0,3,0,4309,A
2-PB1,1797,1,2,0,4304,4307,C
2-PB1,1798,3993,0,3,0,3996,A
2-PB1,1799,4005,0,4,0,4009,A
2-PB1,1800,0,3916,0,0,3916,T
2-PB1,1801,3979,0,0,0,3979,A
2-PB1,1802,0,3972,0,1,3973,T
2-PB1,1803,1,0,0,3973,3974,C
2-PB1,1804,3,1,0,3953,3957,C
2-PB1,1805,0,1,3961,0,3962,G
2-PB1,1806,0,2,3977,0,3979,G
2-PB1,1807,3974,0,0,0,3974,A
2-PB1,1808,3971,0,1,0,3972,A
2-PB1,1809,0,3973,0,0,3973,T
2-PB1,1810,2,0,0,3984,3986,C
2-PB1,1811,0,3965,2,5,3972,T
2-PB1,1812,0,3982,0,0,3982,T
2-PB1,1813,1,0,0,3983,3984,C
2-PB1,1814,3973,1,4,1,3979,A
2-PB1,1815,0,2,0,3978,3980,C
2-PB1,1816,3973,0,2,0,3975,A
2-PB1,1817,0,4201,0,1,4202,T
2-PB1,1818,0,0,0,4227,4227,C
2-PB1,1819,3,3,0,4217,4223,C
2-PB1,1820,5,3,0,4241,4249,C
2-PB1,1821,0,4229,1,7,4237,T
2-PB1,1822,0,2,4251,0,4253,G
2-PB1,1823,4242,1,2,0,4245,A
2-PB1,1824,4213,0,2,0,4215,A
2-PB1,1825,1,0,4238,0,4239,G
2-PB1,1826,0,4047,0,0,4047,T
2-PB1,1827,0,0,0,4074,4074,C
2-PB1,1828,0,4019,0,2,4021,T
2-PB1,1829,2,0,4080,0,4082,G
2-PB1,1830,0,4,0,4087,4091,C
2-PB1,1831,0,4087,0,7,4094,T
2-PB1,1832,0,4108,0,0,4108,T
2-PB1,1833,4082,0,1,0,4083,A
2-PB1,1834,4089,1,0,0,4090,A
2-PB1,1835,4087,0,0,0,4087,A
2-PB1,1836,1,1,4137,0,4139,G
2-PB1,1837,0,4069,0,2,4071,T
2-PB1,1838,1,2,4017,0,4020,G
2-PB1,1839,2,3,3994,0,3999,G
2-PB1,1840,2,5,3993,0,4000,G
2-PB1,1841,4004,1,3,0,4008,A
2-PB1,1842,1,0,4044,0,4045,G
2-PB1,1843,6,1,0,4018,4025,C
2-PB1,1844,0,4028,0,3,4031,T
2-PB1,1845,4,1,4015,0,4020,G
2-PB1,1846,4009,0,1,0,4010,A
2-PB1,1847,2,4010,0,1,4013,T
2-PB1,1848,0,1,4050,0,4051,G
2-PB1,1849,0,2,4031,0,4033,G
2-PB1,1850,4001,0,4,0,4005,A
2-PB1,1851,0,4010,0,3,4013,T
2-PB1,1852,0,3,4015,0,4018,G
2-PB1,1853,4008,2,2,0,4012,A
2-PB1,1854,2,9,4044,0,4055,G
2-PB1,1855,4066,0,0,0,4066,A
2-PB1,1856,4062,0,1,0,4063,A
2-PB1,1857,0,4046,0,2,4048,T
2-PB1,1858,0,4014,1,1,4016,T
2-PB1,1859,4024,0,0,0,4024,A
2-PB1,1860,0,4012,0,0,4012,T
2-PB1,1861,1,2,0,4015,4018,C
2-PB1,1862,2,3,4029,0,4034,G
2-PB1,1863,0,5,3980,0,3985,G
2-PB1,1864,2,2,3972,0,3976,G
2-PB1,1865,1,3,3981,0,3985,G
2-PB1,1866,3981,0,3,0,3984,A
2-PB1,1867,3981,0,3,1,3985,A
2-PB1,1868,0,6,4005,1,4012,G
2-PB1,1869,4009,1,2,0,4012,A
2-PB1,1870,0,1,0,4049,4050,C
2-PB1,1871,0,4014,0,1,4015,T
2-PB1,1872,1,4078,0,1,4080,T
2-PB1,1873,0,4095,0,0,4095,T
2-PB1,1874,0,3,4107,0,4110,G
2-PB1,1875,1,4119,0,2,4122,T
2-PB1,1876,4110,0,1,0,4111,A
2-PB1,1877,4092,0,0,0,4092,A
2-PB1,1878,2,4022,0,3,4027,T
2-PB1,1879,1,0,0,4051,4052,C
2-PB1,1880,4,0,0,4030,4034,C
2-PB1,1881,7,0,0,4005,4012,C
2-PB1,1882,7,1,0,4029,4037,C
2-PB1,1883,0,4023,1,3,4027,T
2-PB1,1884,1,3,4030,0,4034,G
2-PB1,1885,4005,1,0,0,4006,A
2-PB1,1886,4022,0,0,0,4022,A
2-PB1,1887,0,4021,1,3,4025,T
2-PB1,1888,0,1,0,4011,4012,C
2-PB1,1889,3,0,0,3982,3985,C
2-PB1,1890,3,0,0,3956,3959,C
2-PB1,1891,0,3955,0,6,3961,T
2-PB1,1892,0,3983,0,1,3984,T
2-PB1,1893,1,3963,0,0,3964,T
2-PB1,1894,1,0,3965,0,3966,G
2-PB1,1895,1,3930,0,7,3938,T
2-PB1,1896,5,1,0,3945,3951,C
2-PB1,1897,3917,0,2,0,3919,A
2-PB1,1898,1,0,3977,0,3978,G
2-PB1,1899,0,3,0,3943,3946,C
2-PB1,1900,1,1,1,3966,3969,C
2-PB1,1901,3973,1,1,0,3975,A
2-PB1,1902,0,3983,0,2,3985,T
2-PB1,1903,3973,0,1,1,3975,A
2-PB1,1904,3980,1,0,0,3981,A
2-PB1,1905,3980,0,1,0,3981,A
2-PB1,1906,0,2,3997,0,3999,G
2-PB1,1907,3908,0,0,0,3908,A
2-PB1,1908,3924,0,1,0,3925,A
2-PB1,1909,3913,1,2,0,3916,A
2-PB1,1910,0,3905,0,1,3906,T
2-PB1,1911,0,3910,0,1,3911,T
2-PB1,1912,0,3,3911,0,3914,G
2-PB1,1913,3894,0,2,0,3896,A
2-PB1,1914,3855,1,2,0,3858,A
2-PB1,1915,1,3952,1,1,3955,T
2-PB1,1916,2,1,0,3978,3981,C
2-PB1,1917,0,3992,0,1,3993,T
2-PB1,1918,2,0,4038,0,4040,G
2-PB1,1919,1,4043,0,2,4046,T
2-PB1,1920,4082,0,2,0,4084,A
2-PB1,1921,4075,0,0,0,4075,A
2-PB1,1922,4059,0,0,1,4060,A
2-PB1,1923,0,4,0,4087,4091,C
2-PB1,1924,3982,0,1,0,3983,A
2-PB1,1925,4057,0,0,0,4057,A
2-PB1,1926,0,4054,0,1,4055,T
2-PB1,1927,1,0,4033,0,4034,G
2-PB1,1928,0,1,0,4069,4070,C
2-PB1,1929,0,4058,0,3,4061,T
2-PB1,1930,2,0,4173,0,4175,G
2-PB1,1931,0,4157,0,3,4160,T
2-PB1,1932,4227,0,1,0,4228,A
2-PB1,1933,0,0,4204,0,4204,G
2-PB1,1934,0,4113,0,1,4114,T
2-PB1,1935,4087,0,1,0,4088,A
2-PB1,1936,4074,0,1,1,4076,A
2-PB1,1937,0,4030,0,0,4030,T
2-PB1,1938,2,1,4024,0,4027,G
2-PB1,1939,0,1,0,3959,3960,C
2-PB1,1940,2,1,0,3940,3943,C
2-PB1,1941,3863,0,5,0,3868,A
2-PB1,1942,2,0,3888,0,3890,G
2-PB1,1943,0,0,0,3965,3965,C
2-PB1,1944,3,0,0,3971,3974,C
2-PB1,1945,2,0,0,3982,3984,C
2-PB1,1946,3975,0,2,0,3977,A
2-PB1,1947,0,3959,0,4,3963,T
2-PB1,1948,1,3,3959,1,3964,G
2-PB1,1949,2,0,3959,0,3961,G
2-PB1,1950,0,3925,0,1,3926,T
2-PB1,1951,3,0,0,3917,3920,C
2-PB1,1952,1,1,0,3821,3823,C
2-PB1,1953,1,2,3869,0,3872,G
2-PB1,1954,4,0,3859,0,3863,G
2-PB1,1955,1,0,0,3827,3828,C
2-PB1,1956,1,1,0,3865,3867,C
2-PB1,1957,3881,0,0,0,3881,A
2-PB1,1958,3880,0,0,0,3880,A
2-PB1,1959,3877,0,0,2,3879,A
2-PB1,1960,3879,0,0,0,3879,A
2-PB1,1961,0,0,3931,0,3931,G
2-PB1,1962,0,3828,0,0,3828,T
2-PB1,1963,3883,0,0,1,3884,A
2-PB1,1964,4,3862,0,0,3866,T
2-PB1,1965,0,3,3882,0,3885,G
2-PB1,1966,1,3,3944,0,3948,G
2-PB1,1967,3924,0,2,0,3926,A
2-PB1,1968,3957,0,4,0,3961,A
2-PB1,1969,0,3945,1,0,3946,T
2-PB1,1970,3893,0,3,0,3896,A
2-PB1,1971,0,3873,0,1,3874,T
2-PB1,1972,0,1,3862,0,3863,G
2-PB1,1973,3842,0,5,0,3847,A
2-PB1,1974,1,3837,0,2,3840,T
2-PB1,1975,0,3,3742,0,3745,G
2-PB1,1976,1,0,2,3709,3712,C
2-PB1,1977,3,0,0,3686,3689,C
2-PB1,1978,0,0,3718,0,3718,G
2-PB1,1979,0,3711,0,1,3712,T
2-PB1,1980,2,3710,0,1,3713,T
2-PB1,1981,2,0,3710,0,3712,G
2-PB1,1982,1,1,0,3715,3717,C
2-PB1,1983,3719,0,3,0,3722,A
2-PB1,1984,3726,0,0,0,3726,A
2-PB1,1985,0,1,0,3715,3716,C
2-PB1,1986,0,3,0,3641,3644,C
2-PB1,1987,3695,1,0,0,3696,A
2-PB1,1988,0,0,0,3710,3710,C
2-PB1,1989,3714,1,0,0,3715,A
2-PB1,1990,1,2,0,3715,3718,C
2-PB1,1991,3635,0,1,0,3636,A
2-PB1,1992,0,0,0,3902,3902,C
2-PB1,1993,0,3761,0,1,3762,T
2-PB1,1994,2,1,0,3820,3823,C
2-PB1,1995,3,0,0,3831,3834,C
2-PB1,1996,0,3785,0,5,3790,T
2-PB1,1997,0,2,3806,0,3808,G
2-PB1,1998,0,0,3812,0,3812,G
2-PB1,1999,3797,0,1,0,3798,A
2-PB1,2000,0,3786,0,0,3786,T
2-PB1,2001,0,3371,0,0,3371,T
2-PB1,2002,1,0,0,3423,3424,C
2-PB1,2003,3,3,0,3393,3399,C
2-PB1,2004,1,0,0,3433,3434,C
2-PB1,2005,3440,0,2,0,3442,A
2-PB1,2006,3432,0,5,0,3437,A
2-PB1,2007,0,1,3448,0,3449,G
2-PB1,2008,3430,0,1,0,3431,A
2-PB1,2009,1,2,3421,0,3424,G
2-PB1,2010,1,5,3418,0,3424,G
2-PB1,2011,3391,1,1,0,3393,A
2-PB1,2012,3392,0,1,0,3393,A
2-PB1,2013,0,6,1,3383,3390,C
2-PB1,2014,2,3,0,3361,3366,C
2-PB1,2015,1,0,3394,0,3395,G
2-PB1,2016,1,0,0,3390,3391,C
2-PB1,2017,0,3392,0,0,3392,T
2-PB1,2018,4,0,0,3402,3406,C
2-PB1,2019,0,3378,0,2,3380,T
2-PB1,2020,3588,0,1,0,3589,A
2-PB1,2021,0,3594,1,2,3597,T
2-PB1,2022,0,3594,0,2,3596,T
2-PB1,2023,1,0,0,3602,3603,C
2-PB1,2024,0,3474,0,2,3476,T
2-PB1,2025,3485,0,0,0,3485,A
2-PB1,2026,3474,0,0,0,3474,A
2-PB1,2027,3469,0,3,0,3472,A
2-PB1,2028,0,1,0,3485,3486,C
2-PB1,2029,3241,0,0,0,3241,A
2-PB1,2030,0,0,0,3241,3241,C
2-PB1,2031,3189,0,1,0,3190,A
2-PB1,2032,3217,1,6,0,3224,A
2-PB1,2033,1,1,3226,0,3228,G
2-PB1,2034,0,0,0,3204,3204,C
2-PB1,2035,1,0,0,3231,3232,C
2-PB1,2036,3185,0,1,0,3186,A
2-PB1,2037,3185,0,0,0,3185,A
2-PB1,2038,3177,0,8,0,3185,A
2-PB1,2039,0,1,3198,0,3199,G
2-PB1,2040,1,2,3190,0,3193,G
2-PB1,2041,0,1,3141,0,3142,G
2-PB1,2042,0,3,3133,0,3136,G
2-PB1,2043,3116,0,2,0,3118,A
2-PB1,2044,3135,0,2,1,3138,A
2-PB1,2045,0,3122,1,1,3124,T
2-PB1,2046,0,3136,0,0,3136,T
2-PB1,2047,2,0,0,3136,3138,C
2-PB1,2048,0,3111,0,4,3115,T
2-PB1,2049,0,3116,1,0,3117,T
2-PB1,2050,0,0,3118,0,3118,G
2-PB1,2051,3112,0,1,0,3113,A
2-PB1,2052,1,0,3117,0,3118,G
2-PB1,2053,0,0,3119,0,3119,G
2-PB1,2054,3111,0,0,0,3111,A
2-PB1,2055,1,3090,1,1,3093,T
2-PB1,2056,1,6,3090,1,3098,G
2-PB1,2057,3083,1,7,0,3091,A
2-PB1,2058,3096,0,1,0,3097,A
2-PB1,2059,1,0,0,3102,3103,C
2-PB1,2060,3058,0,1,0,3059,A
2-PB1,2061,1,1,3110,0,3112,G
2-PB1,2062,3086,0,3,0,3089,A
2-PB1,2063,1,3079,0,2,3082,T
2-PB1,2064,1,1,3086,0,3088,G
2-PB1,2065,0,3126,0,0,3126,T
2-PB1,2066,3112,0,3,0,3115,A
2-PB1,2067,0,0,0,3105,3105,C
2-PB1,2068,3,4,0,3097,3104,C
2-PB1,2069,3078,0,2,0,3080,A
2-PB1,2070,1,1,3029,0,3031,G
2-PB1,2071,2988,1,0,0,2989,A
2-PB1,2072,2977,0,1,0,2978,A
2-PB1,2073,0,0,2987,0,2987,G
2-PB1,2074,1,2764,0,1,2766,T
2-PB1,2075,0,0,2781,0,2781,G
2-PB1,2076,0,0,0,2771,2771,C
2-PB1,2077,0,2766,0,5,2771,T
2-PB1,2078,1,1,2769,0,2771,G
2-PB1,2079,2,0,0,2762,2764,C
2-PB1,2080,2767,0,0,0,2767,A
2-PB1,2081,2747,0,0,0,2747,A
2-PB1,2082,0,0,0,2717,2717,C
2-PB1,2083,0,2718,1,2,2721,T
2-PB1,2084,0,2680,0,0,2680,T
2-PB1,2085,0,0,2679,0,2679,G
2-PB1,2086,0,2673,1,0,2674,T
2-PB1,2087,0,2659,1,0,2660,T
2-PB1,2088,3,1,1,2653,2658,C
2-PB1,2089,1,0,2672,0,2673,G
2-PB1,2090,2669,0,1,0,2670,A
2-PB1,2091,0,0,2672,0,2672,G
2-PB1,2092,2664,0,0,0,2664,A
2-PB1,2093,2668,0,1,0,2669,A
2-PB1,2094,2668,2,0,0,2670,A
2-PB1,2095,1,2646,0,0,2647,T
2-PB1,2096,0,2647,1,1,2649,T
2-PB1,2097,0,2661,0,3,2664,T
2-PB1,2098,0,2653,1,2,2656,T
2-PB1,2099,0,2651,0,0,2651,T
2-PB1,2100,1,1,0,2665,2667,C
2-PB1,2101,1,2,1,2662,2666,C
2-PB1,2102,6,0,0,2658,2664,C
2-PB1,2103,0,2663,0,3,2666,T
2-PB1,2104,2666,0,0,0,2666,A
2-PB1,2105,0,0,2678,0,2678,G
2-PB1,2106,0,2662,0,0,2662,T
2-PB1,2107,2670,0,3,0,2673,A
2-PB1,2108,1,0,2695,0,2696,G
2-PB1,2109,0,2662,0,1,2663,T
2-PB1,2110,0,2727,0,1,2728,T
2-PB1,2111,5,0,0,2739,2744,C
2-PB1,2112,2780,0,2,0,2782,A
2-PB1,2113,0,2791,0,0,2791,T
2-PB1,2114,2802,0,0,0,2802,A
2-PB1,2115,0,2791,0,0,2791,T
2-PB1,2116,2717,0,2,0,2719,A
2-PB1,2117,0,3,2687,0,2690,G
2-PB1,2118,1,2,2671,0,2674,G
2-PB1,2119,2405,0,4,0,2409,A
2-PB1,2120,0,1,2409,0,2410,G
2-PB1,2121,2280,0,0,0,2280,A
2-PB1,2122,0,0,0,2273,2273,C
2-PB1,2123,2,2,0,2172,2176,C
2-PB1,2124,2,1,2174,0,2177,G
2-PB1,2125,2174,0,0,0,2174,A
2-PB1,2126,0,2159,0,0,2159,T
2-PB1,2127,0,2159,1,3,2163,T
2-PB1,2128,0,1,2162,0,2163,G
2-PB1,2129,0,0,2157,0,2157,G
2-PB1,2130,2159,0,0,0,2159,A
2-PB1,2131,2160,0,1,2,2163,A
2-PB1,2132,0,2133,0,1,2134,T
2-PB1,2133,0,2142,0,2,2144,T
2-PB1,2134,0,2141,0,0,2141,T
2-PB1,2135,3,0,0,2138,2141,C
2-PB1,2136,0,2144,1,0,2145,T
2-PB1,2137,2149,0,1,0,2150,A
2-PB1,2138,0,1,2151,0,2152,G
2-PB1,2139,0,1,0,2140,2141,C
2-PB1,2140,2134,0,1,0,2135,A
2-PB1,2141,0,2125,0,0,2125,T
2-PB1,2142,0,1,2096,0,2097,G
2-PB1,2143,1,0,2130,0,2131,G
2-PB1,2144,1,2125,0,1,2127,T
2-PB1,2145,1,1,2116,0,2118,G
2-PB1,2146,0,1,2118,0,2119,G
2-PB1,2147,2084,0,3,0,2087,A
2-PB1,2148,0,0,2097,0,2097,G
2-PB1,2149,0,0,2088,0,2088,G
2-PB1,2150,2,0,0,2048,2050,C
2-PB1,2151,3,0,0,2053,2056,C
2-PB1,2152,1919,0,1,0,1920,A
2-PB1,2153,0,1916,0,2,1918,T
2-PB1,2154,0,0,1929,0,1929,G
2-PB1,2155,0,0,1929,0,1929,G
2-PB1,2156,0,1880,1,1,1882,T
2-PB1,2157,0,0,1904,0,1904,G
2-PB1,2158,0,1862,0,1,1863,T
2-PB1,2159,0,0,0,1839,1839,C
2-PB1,2160,0,1846,1,1,1848,T
2-PB1,2161,1825,0,0,0,1825,A
2-PB1,2162,0,0,1819,1,1820,G
2-PB1,2163,1,0,1770,0,1771,G
2-PB1,2164,0,0,1759,0,1759,G
2-PB1,2165,2,1,1,1681,1685,C
2-PB1,2166,2,0,0,1635,1637,C
2-PB1,2167,1,0,0,1621,1622,C
2-PB1,2168,1,0,1621,0,1622,G
2-PB1,2169,0,1,1629,0,1630,G
2-PB1,2170,1632,0,0,0,1632,A
2-PB1,2171,2,1614,0,0,1616,T
2-PB1,2172,0,1557,0,0,1557,T
2-PB1,2173,0,0,1545,0,1545,G
2-PB1,2174,1536,0,1,0,1537,A
2-PB1,2175,1,1542,0,0,1543,T
2-PB1,2176,0,0,1534,0,1534,G
2-PB1,2177,0,1,0,1523,1524,C
2-PB1,2178,0,0,0,1532,1532,C
2-PB1,2179,1523,0,0,0,1523,A
2-PB1,2180,0,2,1518,0,1520,G
2-PB1,2181,1519,0,0,0,1519,A
2-PB1,2182,1523,1,2,0,1526,A
2-PB1,2183,0,1512,0,2,1514,T
2-PB1,2184,0,1480,0,0,1480,T
2-PB1,2185,0,0,1481,0,1481,G
2-PB1,2186,1471,0,0,0,1471,A
2-PB1,2187,0,0,0,1468,1468,C
2-PB1,2188,0,1453,1,0,1454,T
2-PB1,2189,0,1442,0,1,1443,T
2-PB1,2190,0,1,0,1450,1451,C
2-PB1,2191,0,1,1450,0,1451,G
2-PB1,2192,1447,0,0,0,1447,A
2-PB1,2193,0,0,1422,0,1422,G
2-PB1,2194,0,1433,0,0,1433,T
2-PB1,2195,1,0,0,1441,1442,C
2-PB1,2196,0,1439,1,1,1441,T
2-PB1,2197,0,1,1437,0,1438,G
2-PB1,2198,0,1,1444,0,1445,G
2-PB1,2199,1445,0,0,0,1445,A
2-PB1,2200,1348,0,1,0,1349,A
2-PB1,2201,0,0,1359,0,1359,G
2-PB1,2202,0,0,1364,0,1364,G
2-PB1,2203,1360,0,1,0,1361,A
2-PB1,2204,0,1355,0,0,1355,T
2-PB1,2205,0,1360,0,0,1360,T
2-PB1,2206,1351,0,0,0,1351,A
2-PB1,2207,1340,0,0,0,1340,A
2-PB1,2208,0,0,1353,0,1353,G
2-PB1,2209,1346,0,3,0,1349,A
2-PB1,2210,1286,1,1,0,1288,A
2-PB1,2211,0,0,1208,0,1208,G
2-PB1,2212,0,0,1203,0,1203,G
2-PB1,2213,1199,0,0,0,1199,A
2-PB1,2214,1196,0,0,0,1196,A
2-PB1,2215,0,0,1202,0,1202,G
2-PB1,2216,1120,0,0,0,1120,A
2-PB1,2217,0,0,1112,0,1112,G
2-PB1,2218,0,1063,0,0,1063,T
2-PB1,2219,0,1054,0,1,1055,T
2-PB1,2220,1,0,0,1055,1056,C
2-PB1,2221,0,1025,0,0,1025,T
2-PB1,2222,0,0,1,1030,1031,C
2-PB1,2223,1,1026,0,0,1027,T
2-PB1,2224,0,0,1017,0,1017,G
2-PB1,2225,987,0,0,0,987,A
2-PB1,2226,0,0,968,0,968,G
2-PB1,2227,957,0,1,0,958,A
2-PB1,2228,0,933,0,0,933,T
2-PB1,2229,1,0,0,887,888,C
2-PB1,2230,890,0,0,0,890,A
2-PB1,2231,0,884,0,0,884,T
2-PB1,2232,1,0,883,0,884,G
2-PB1,2233,881,0,0,0,881,A
2-PB1,2234,875,0,0,0,875,A
2-PB1,2235,1,3,854,0,858,G
2-PB1,2236,835,0,0,0,835,A
2-PB1,2237,0,830,0,1,831,T
2-PB1,2238,1,0,0,813,814,C
2-PB1,2239,0,770,0,2,772,T
2-PB1,2240,0,0,777,0,777,G
2-PB1,2241,0,781,0,0,781,T
2-PB1,2242,0,773,0,0,773,T
2-PB1,2243,1,0,0,766,767,C
2-PB1,2244,1,1,0,734,736,C
2-PB1,2245,726,0,1,0,727,A
2-PB1,2246,1,0,0,729,730,C
2-PB1,2247,1,0,0,697,698,C
2-PB1,2248,679,0,0,0,679,A
2-PB1,2249,0,642,0,0,642,T
2-PB1,2250,0,620,0,0,620,T
2-PB1,2251,0,0,621,0,621,G
2-PB1,2252,617,0,0,0,617,A
2-PB1,2253,612,0,1,0,613,A
2-PB1,2254,0,0,611,0,611,G
2-PB1,2255,533,0,0,0,533,A
2-PB1,2256,530,0,1,0,531,A
2-PB1,2257,0,0,0,533,533,C
2-PB1,2258,0,515,0,0,515,T
2-PB1,2259,1,1,0,510,512,C
2-PB1,2260,488,0,0,0,488,A
2-PB1,2261,0,1,486,0,487,G
2-PB1,2262,486,0,1,0,487,A
2-PB1,2263,0,1,0,467,468,C
2-PB1,2264,0,0,463,0,463,G
2-PB1,2265,0,0,456,0,456,G
2-PB1,2266,0,0,0,454,454,C
2-PB1,2267,453,0,0,0,453,A
2-PB1,2268,454,0,0,0,454,A
2-PB1,2269,451,0,0,0,451,A
2-PB1,2270,448,0,1,0,449,A
2-PB1,2271,450,0,0,0,450,A
2-PB1,2272,0,433,0,0,433,T
2-PB1,2273,420,0,0,0,420,A
2-PB1,2274,419,0,0,0,419,A
3-PA,1,65,0,0,0,65,A
3-PA,2,0,65,0,0,65,T
3-PA,3,0,0,73,0,73,G
3-PA,4,0,0,75,0,75,G
3-PA,5,74,0,0,0,74,A
3-PA,6,75,0,0,0,75,A
3-PA,7,0,0,76,0,76,G
3-PA,8,82,0,0,0,82,A
3-PA,9,0,83,0,0,83,T
3-PA,10,0,83,0,0,83,T
3-PA,11,0,83,0,0,83,T
3-PA,12,0,84,0,0,84,T
3-PA,13,0,0,84,0,84,G
3-PA,14,0,83,0,0,83,T
3-PA,15,0,0,84,0,84,G
3-PA,16,0,0,0,87,87,C
3-PA,17,0,1,86,0,87,G
3-PA,18,96,0,0,0,96,A
3-PA,19,0,0,0,99,99,C
3-PA,20,99,0,0,0,99,A
3-PA,21,102,0,0,0,102,A
3-PA,22,0,108,0,0,108,T
3-PA,23,0,0,131,0,131,G
3-PA,24,0,0,0,134,134,C
3-PA,25,0,134,0,0,134,T
3-PA,26,0,134,0,0,134,T
3-PA,27,0,0,0,134,134,C
3-PA,28,135,0,0,0,135,A
3-PA,29,139,0,1,0,140,A
3-PA,30,0,0,0,148,148,C
3-PA,31,0,0,0,146,146,C
3-PA,32,0,0,0,147,147,C
3-PA,33,0,0,150,0,150,G
3-PA,34,146,0,0,0,146,A
3-PA,35,0,150,0,0,150,T
3-PA,36,0,0,151,0,151,G
3-PA,37,152,0,1,0,153,A
3-PA,38,0,157,0,0,157,T
3-PA,39,0,161,0,0,161,T
3-PA,40,0,0,161,0,161,G
3-PA,41,0,162,0,1,163,T
3-PA,42,0,0,0,162,162,C
3-PA,43,0,0,163,0,163,G
3-PA,44,165,0,0,0,165,A
3-PA,45,167,0,0,0,167,A
3-PA,46,0,0,0,169,169,C
3-PA,47,0,170,0,0,170,T
3-PA,48,0,173,0,0,173,T
3-PA,49,0,0,173,0,173,G
3-PA,50,0,0,1,173,174,C
3-PA,51,172,0,0,0,172,A
3-PA,52,0,0,175,0,175,G
3-PA,53,177,0,0,0,177,A
3-PA,54,176,0,0,0,176,A
3-PA,55,176,0,0,0,176,A
3-PA,56,177,0,0,0,177,A
3-PA,57,178,0,0,0,178,A
3-PA,58,0,0,177,0,177,G
3-PA,59,0,0,0,190,190,C
3-PA,60,188,0,1,0,189,A
3-PA,61,199,0,0,0,199,A
3-PA,62,0,200,0,0,200,T
3-PA,63,0,0,206,0,206,G
3-PA,64,207,0,0,0,207,A
3-PA,65,207,0,0,0,207,A
3-PA,66,209,0,0,0,209,A
3-PA,67,0,1,217,0,218,G
3-PA,68,233,0,0,0,233,A
3-PA,69,0,0,274,0,274,G
3-PA,70,1,274,0,0,275,T
3-PA,71,276,0,1,0,277,A
3-PA,72,0,271,0,1,272,T
3-PA,73,0,0,277,0,277,G
3-PA,74,0,0,277,0,277,G
3-PA,75,0,0,281,0,281,G
3-PA,76,0,0,278,0,278,G
3-PA,77,275,0,0,0,275,A
3-PA,78,0,0,277,0,277,G
3-PA,79,0,1,279,0,280,G
3-PA,80,278,0,0,0,278,A
3-PA,81,0,280,0,0,280,T
3-PA,82,0,0,0,284,284,C
3-PA,83,0,281,0,0,281,T
3-PA,84,0,0,283,0,283,G
3-PA,85,281,1,0,0,282,A
3-PA,86,282,0,0,0,282,A
3-PA,87,284,0,0,0,284,A
3-PA,88,280,0,0,0,280,A
3-PA,89,0,281,0,0,281,T
3-PA,90,0,279,0,0,279,T
3-PA,91,1,0,284,0,285,G
3-PA,92,283,0,0,0,283,A
3-PA,93,283,0,1,0,284,A
3-PA,94,284,0,0,0,284,A
3-PA,95,0,0,0,285,285,C
3-PA,96,287,0,0,0,287,A
3-PA,97,285,0,0,0,285,A
3-PA,98,286,0,0,0,286,A
3-PA,99,0,0,0,291,291,C
3-PA,100,289,0,0,0,289,A
3-PA,101,290,0,0,0,290,A
3-PA,102,292,0,0,0,292,A
3-PA,103,0,291,0,0,291,T
3-PA,104,0,291,0,0,291,T
3-PA,105,0,291,0,0,291,T
3-PA,106,0,0,292,0,292,G
3-PA,107,0,0,0,291,291,C
3-PA,108,288,0,0,0,288,A
3-PA,109,0,0,305,0,305,G
3-PA,110,0,0,0,302,302,C
3-PA,111,319,0,0,0,319,A
3-PA,112,325,0,0,0,325,A
3-PA,113,0,329,0,0,329,T
3-PA,114,332,0,0,0,332,A
3-PA,115,0,333,0,0,333,T
3-PA,116,0,1,335,0,336,G
3-PA,117,0,0,0,336,336,C
3-PA,118,337,0,0,0,337,A
3-PA,119,0,0,0,334,334,C
3-PA,120,0,336,0,0,336,T
3-PA,121,0,0,0,396,396,C
3-PA,122,404,0,0,0,404,A
3-PA,123,0,0,0,414,414,C
3-PA,124,0,413,0,0,413,T
3-PA,125,0,410,0,0,410,T
3-PA,126,0,0,412,0,412,G
3-PA,127,1,0,412,0,413,G
3-PA,128,409,0,0,0,409,A
3-PA,129,0,0,413,0,413,G
3-PA,130,0,0,416,0,416,G
3-PA,131,0,412,0,0,412,T
3-PA,132,0,0,433,0,433,G
3-PA,133,0,430,0,0,430,T
3-PA,134,0,0,442,0,442,G
3-PA,135,0,440,0,0,440,T
3-PA,136,0,443,0,0,443,T
3-PA,137,0,442,0,0,442,T
3-PA,138,1,1,0,446,448,C
3-PA,139,450,0,0,0,450,A
3-PA,140,0,450,0,0,450,T
3-PA,141,0,0,456,0,456,G
3-PA,142,0,444,0,0,444,T
3-PA,143,450,0,0,0,450,A
3-PA,144,0,449,0,0,449,T
3-PA,145,0,450,0,0,450,T
3-PA,146,0,0,0,451,451,C
3-PA,147,451,0,0,0,451,A
3-PA,148,0,0,459,0,459,G
3-PA,149,458,0,0,0,458,A
3-PA,150,0,455,0,0,455,T
3-PA,151,0,455,0,0,455,T
3-PA,152,0,454,0,1,455,T
3-PA,153,0,0,0,450,450,C
3-PA,154,0,0,0,455,455,C
3-PA,155,459,0,0,0,459,A
3-PA,156,0,459,0,0,459,T
3-PA,157,0,459,0,0,459,T
3-PA,158,0,459,0,0,459,T
3-PA,159,1,0,0,457,458,C
3-PA,160,461,0,0,0,461,A
3-PA,161,0,471,0,0,471,T
3-PA,162,0,1,0,471,472,C
3-PA,163,471,0,1,0,472,A
3-PA,164,471,0,0,0,471,A
3-PA,165,0,469,1,0,470,T
3-PA,166,0,0,478,0,478,G
3-PA,167,477,0,0,0,477,A
3-PA,168,476,0,0,0,476,A
3-PA,169,0,0,0,476,476,C
3-PA,170,473,0,0,0,473,A
3-PA,171,477,0,0,0,477,A
3-PA,172,0,2,475,0,477,G
3-PA,173,0,0,479,0,479,G
3-PA,174,0,0,0,480,480,C
3-PA,175,1,1,479,0,481,G
3-PA,176,514,0,0,0,514,A
3-PA,177,515,0,0,0,515,A
3-PA,178,0,519,0,0,519,T
3-PA,179,0,0,0,526,526,C
3-PA,180,525,0,0,0,525,A
3-PA,181,527,0,0,0,527,A
3-PA,182,0,533,0,0,533,T
3-PA,183,531,0,0,0,531,A
3-PA,184,0,0,551,0,551,G
3-PA,185,0,540,0,1,541,T
3-PA,186,0,0,547,0,547,G
3-PA,187,0,1,547,0,548,G
3-PA,188,0,548,0,0,548,T
3-PA,189,551,0,0,0,551,A
3-PA,190,0,1,552,0,553,G
3-PA,191,553,0,0,0,553,A
3-PA,192,553,0,0,1,554,A
3-PA,193,0,0,0,553,553,C
3-PA,194,0,547,0,0,547,T
3-PA,195,0,547,0,0,547,T
3-PA,196,0,0,545,0,545,G
3-PA,197,545,0,0,0,545,A
3-PA,198,0,0,0,546,546,C
3-PA,199,0,0,538,0,538,G
3-PA,200,546,0,0,0,546,A
3-PA,201,0,545,0,0,545,T
3-PA,202,1,0,0,552,553,C
3-PA,203,0,0,0,558,558,C
3-PA,204,556,0,0,0,556,A
3-PA,205,556,0,1,0,557,A
3-PA,206,555,0,0,0,555,A
3-PA,207,0,556,0,1,557,T
3-PA,208,0,0,558,0,558,G
3-PA,209,0,0,0,552,552,C
3-PA,210,553,0,0,0,553,A
3-PA,211,0,0,0,568,568,C
3-PA,212,0,562,0,0,562,T
3-PA,213,0,0,649,0,649,G
3-PA,214,0,644,0,1,645,T
3-PA,215,0,649,0,0,649,T
3-PA,216,647,0,1,0,648,A
3-PA,217,641,0,0,0,641,A
3-PA,218,640,0,0,0,640,A
3-PA,219,0,1,644,0,645,G
3-PA,220,0,0,0,635,635,C
3-PA,221,632,0,0,0,632,A
3-PA,222,0,0,0,626,626,C
3-PA,223,596,0,0,0,596,A
3-PA,224,0,0,632,0,632,G
3-PA,225,623,0,0,0,623,A
3-PA,226,0,629,0,0,629,T
3-PA,227,0,632,0,0,632,T
3-PA,228,0,633,0,0,633,T
3-PA,229,0,0,639,0,639,G
3-PA,230,640,0,0,0,640,A
3-PA,231,642,0,1,0,643,A
3-PA,232,640,1,0,0,641,A
3-PA,233,0,626,0,0,626,T
3-PA,234,629,0,0,0,629,A
3-PA,235,629,0,0,0,629,A
3-PA,236,0,630,0,0,630,T
3-PA,237,0,0,0,633,633,C
3-PA,238,0,0,632,0,632,G
3-PA,239,623,0,0,0,623,A
3-PA,240,0,1,633,0,634,G
3-PA,241,0,0,640,0,640,G
3-PA,242,0,2,634,0,636,G
3-PA,243,0,1,636,0,637,G
3-PA,244,630,0,1,0,631,A
3-PA,245,0,0,641,0,641,G
3-PA,246,649,0,1,0,650,A
3-PA,247,0,2,655,0,657,G
3-PA,248,654,0,0,0,654,A
3-PA,249,0,0,0,654,654,C
3-PA,250,646,0,0,0,646,A
3-PA,251,0,0,655,0,655,G
3-PA,252,652,0,1,0,653,A
3-PA,253,665,0,0,0,665,A
3-PA,254,0,0,0,663,663,C
3-PA,255,645,0,0,0,645,A
3-PA,256,646,0,0,0,646,A
3-PA,257,0,649,0,0,649,T
3-PA,258,0,0,671,0,671,G
3-PA,259,0,0,670,0,670,G
3-PA,260,0,0,0,663,663,C
3-PA,261,1,0,0,665,666,C
3-PA,262,0,666,0,0,666,T
3-PA,263,0,1,673,0,674,G
3-PA,264,0,0,674,0,674,G
3-PA,265,667,0,0,0,667,A
3-PA,266,0,0,0,683,683,C
3-PA,267,660,0,0,0,660,A
3-PA,268,0,0,756,0,756,G
3-PA,269,0,744,0,0,744,T
3-PA,270,759,0,0,0,759,A
3-PA,271,0,0,754,0,754,G
3-PA,272,0,737,0,0,737,T
3-PA,273,745,0,0,0,745,A
3-PA,274,747,0,0,0,747,A
3-PA,275,742,0,1,0,743,A
3-PA,276,0,0,0,752,752,C
3-PA,277,711,0,0,0,711,A
3-PA,278,0,0,732,0,732,G
3-PA,279,0,722,0,0,722,T
3-PA,280,736,0,0,0,736,A
3-PA,281,0,735,0,0,735,T
3-PA,282,0,0,0,755,755,C
3-PA,283,0,752,0,0,752,T
3-PA,284,0,0,746,0,746,G
3-PA,285,0,0,0,748,748,C
3-PA,286,743,0,0,0,743,A
3-PA,287,747,0,1,0,748,A
3-PA,288,0,0,0,751,751,C
3-PA,289,744,0,0,0,744,A
3-PA,290,0,0,0,770,770,C
3-PA,291,0,762,0,0,762,T
3-PA,292,759,0,0,0,759,A
3-PA,293,1,0,0,760,761,C
3-PA,294,0,765,0,0,765,T
3-PA,295,0,1,758,0,759,G
3-PA,296,0,0,758,0,758,G
3-PA,297,747,0,1,0,748,A
3-PA,298,0,0,750,0,750,G
3-PA,299,0,0,0,729,729,C
3-PA,300,0,739,0,3,742,T
3-PA,301,0,0,737,0,737,G
3-PA,302,0,1,740,0,741,G
3-PA,303,741,0,0,0,741,A
3-PA,304,742,0,1,0,743,A
3-PA,305,734,0,1,0,735,A
3-PA,306,738,0,0,0,738,A
3-PA,307,0,0,0,741,741,C
3-PA,308,1,0,0,741,742,C
3-PA,309,1,0,740,0,741,G
3-PA,310,738,0,0,0,738,A
3-PA,311,741,0,0,0,741,A
3-PA,312,0,0,748,0,748,G
3-PA,313,0,740,0,0,740,T
3-PA,314,0,745,0,0,745,T
3-PA,315,0,750,0,0,750,T
3-PA,316,0,0,0,756,756,C
3-PA,317,0,755,0,1,756,T
3-PA,318,759,0,0,0,759,A
3-PA,319,0,0,0,753,753,C
3-PA,320,0,0,0,756,756,C
3-PA,321,758,0,0,0,758,A
3-PA,322,0,0,755,0,755,G
3-PA,323,746,0,0,1,747,A
3-PA,324,0,0,0,730,730,C
3-PA,325,0,749,0,1,750,T
3-PA,326,0,756,0,0,756,T
3-PA,327,0,0,771,0,771,G
3-PA,328,0,768,0,0,768,T
3-PA,329,771,0,0,0,771,A
3-PA,330,0,768,0,0,768,T
3-PA,331,0,1,758,0,759,G
3-PA,332,781,0,0,0,781,A
3-PA,333,0,774,0,0,774,T
3-PA,334,0,775,0,1,776,T
3-PA,335,776,0,0,0,776,A
3-PA,336,0,0,1,776,777,C
3-PA,337,777,0,0,0,777,A
3-PA,338,776,0,0,1,777,A
3-PA,339,1,0,778,0,779,G
3-PA,340,0,0,790,0,790,G
3-PA,341,759,0,0,0,759,A
3-PA,342,0,0,772,0,772,G
3-PA,343,770,0,1,0,771,A
3-PA,344,774,0,2,0,776,A
3-PA,345,0,0,0,776,776,C
3-PA,346,772,0,0,0,772,A
3-PA,347,0,0,769,0,769,G
3-PA,348,763,1,0,0,764,A
3-PA,349,0,757,0,0,757,T
3-PA,350,0,757,0,0,757,T
3-PA,351,1,0,0,747,748,C
3-PA,352,1,0,740,0,741,G
3-PA,353,1,738,0,0,739,T
3-PA,354,0,0,0,748,748,C
3-PA,355,0,0,740,0,740,G
3-PA,356,751,0,0,0,751,A
3-PA,357,747,0,0,0,747,A
3-PA,358,745,0,0,0,745,A
3-PA,359,0,748,0,0,748,T
3-PA,360,0,752,0,1,753,T
3-PA,361,0,0,748,0,748,G
3-PA,362,0,1,743,0,744,G
3-PA,363,0,0,745,0,745,G
3-PA,364,0,0,750,0,750,G
3-PA,365,0,738,0,0,738,T
3-PA,366,0,2,755,0,757,G
3-PA,367,760,0,0,0,760,A
3-PA,368,0,1,0,770,771,C
3-PA,369,772,0,0,0,772,A
3-PA,370,768,0,1,0,769,A
3-PA,371,0,0,783,0,783,G
3-PA,372,0,1,783,0,784,G
3-PA,373,772,1,1,0,774,A
3-PA,374,0,1,768,0,769,G
3-PA,375,766,0,0,0,766,A
3-PA,376,0,0,763,0,763,G
3-PA,377,753,0,1,0,754,A
3-PA,378,755,0,1,0,756,A
3-PA,379,0,0,778,0,778,G
3-PA,380,0,759,0,0,759,T
3-PA,381,1,0,0,765,766,C
3-PA,382,0,0,0,775,775,C
3-PA,383,778,0,1,0,779,A
3-PA,384,1,1,0,790,792,C
3-PA,385,811,0,0,0,811,A
3-PA,386,0,822,0,0,822,T
3-PA,387,827,0,1,0,828,A
3-PA,388,0,801,0,0,801,T
3-PA,389,796,0,1,0,797,A
3-PA,390,0,783,0,2,785,T
3-PA,391,0,780,0,1,781,T
3-PA,392,800,0,1,0,801,A
3-PA,393,1,0,0,797,798,C
3-PA,394,0,0,0,776,776,C
3-PA,395,0,765,0,0,765,T
3-PA,396,0,759,0,0,759,T
3-PA,397,0,0,761,0,761,G
3-PA,398,758,0,0,0,758,A
3-PA,399,762,0,1,0,763,A
3-PA,400,763,0,0,0,763,A
3-PA,401,727,0,1,0,728,A
3-PA,402,0,0,728,0,728,G
3-PA,403,0,1,729,0,730,G
3-PA,404,0,0,0,726,726,C
3-PA,405,0,0,0,732,732,C
3-PA,406,735,0,0,0,735,A
3-PA,407,734,0,0,0,734,A
3-PA,408,0,735,0,0,735,T
3-PA,409,734,0,0,0,734,A
3-PA,410,732,0,0,0,732,A
3-PA,411,0,2,744,0,746,G
3-PA,412,741,0,1,0,742,A
3-PA,413,0,739,0,0,739,T
3-PA,414,1,739,0,0,740,T
3-PA,415,739,0,0,0,739,A
3-PA,416,736,0,0,0,736,A
3-PA,417,741,0,0,0,741,A
3-PA,418,0,743,0,0,743,T
3-PA,419,1,0,0,746,747,C
3-PA,420,0,735,0,0,735,T
3-PA,421,0,0,744,0,744,G
3-PA,422,742,0,2,0,744,A
3-PA,423,0,0,752,0,752,G
3-PA,424,754,0,0,0,754,A
3-PA,425,757,0,0,0,757,A
3-PA,426,0,0,0,756,756,C
3-PA,427,754,0,1,0,755,A
3-PA,428,0,0,0,755,755,C
3-PA,429,755,1,0,0,756,A
3-PA,430,0,1,0,762,763,C
3-PA,431,758,0,0,0,758,A
3-PA,432,0,0,0,780,780,C
3-PA,433,780,0,1,0,781,A
3-PA,434,0,776,1,0,777,T
3-PA,435,0,776,0,0,776,T
3-PA,436,3,0,0,773,776,C
3-PA,437,769,0,1,0,770,A
3-PA,438,0,0,0,776,776,C
3-PA,439,774,0,0,0,774,A
3-PA,440,0,776,0,0,776,T
3-PA,441,0,756,0,1,757,T
3-PA,442,0,756,0,0,756,T
3-PA,443,0,760,0,0,760,T
3-PA,444,0,0,0,768,768,C
3-PA,445,0,764,0,0,764,T
3-PA,446,0,0,0,766,766,C
3-PA,447,761,0,2,0,763,A
3-PA,448,0,758,0,0,758,T
3-PA,449,0,761,0,0,761,T
3-PA,450,0,0,0,768,768,C
3-PA,451,757,0,1,0,758,A
3-PA,452,0,0,0,766,766,C
3-PA,453,0,756,0,1,757,T
3-PA,454,0,1,767,0,768,G
3-PA,455,0,1,766,0,767,G
3-PA,456,0,1,767,0,768,G
3-PA,457,0,0,774,0,774,G
3-PA,458,761,0,1,0,762,A
3-PA,459,1,0,768,0,769,G
3-PA,460,0,0,777,0,777,G
3-PA,461,772,0,0,0,772,A
3-PA,462,773,0,0,0,773,A
3-PA,463,766,0,0,0,766,A
3-PA,464,0,760,0,0,760,T
3-PA,465,4,1,757,0,762,G
3-PA,466,0,0,763,0,763,G
3-PA,467,0,0,0,758,758,C
3-PA,468,0,0,0,755,755,C
3-PA,469,762,0,0,0,762,A
3-PA,470,0,0,0,764,764,C
3-PA,471,763,0,0,0,763,A
3-PA,472,763,0,0,0,763,A
3-PA,473,762,0,0,0,762,A
3-PA,474,0,0,763,0,763,G
3-PA,475,0,0,764,0,764,G
3-PA,476,0,0,0,758,758,C
3-PA,477,769,0,0,0,769,A
3-PA,478,0,0,772,0,772,G
3-PA,479,773,0,0,0,773,A
3-PA,480,0,0,0,781,781,C
3-PA,481,0,780,0,0,780,T
3-PA,482,776,1,1,0,778,A
3-PA,483,0,0,0,769,769,C
3-PA,484,758,0,0,0,758,A
3-PA,485,0,0,0,772,772,C
3-PA,486,0,741,0,0,741,T
3-PA,487,0,0,0,750,750,C
3-PA,488,0,744,0,0,744,T
3-PA,489,1,0,0,739,740,C
3-PA,490,1,0,740,0,741,G
3-PA,491,739,0,0,0,739,A
3-PA,492,0,0,0,735,735,C
3-PA,493,0,1,742,0,743,G
3-PA,494,732,0,1,0,733,A
3-PA,495,0,0,742,0,742,G
3-PA,496,0,0,741,0,741,G
3-PA,497,741,0,1,0,742,A
3-PA,498,742,0,0,0,742,A
3-PA,499,742,0,0,0,742,A
3-PA,500,0,0,743,0,743,G
3-PA,501,0,0,0,738,738,C
3-PA,502,734,0,1,0,735,A
3-PA,503,0,2,743,0,745,G
3-PA,504,0,0,747,0,747,G
3-PA,505,0,0,740,1,741,G
3-PA,506,0,0,0,743,743,C
3-PA,507,0,739,0,1,740,T
3-PA,508,743,0,0,0,743,A
3-PA,509,0,0,764,0,764,G
3-PA,510,0,0,789,0,789,G
3-PA,511,790,0,0,0,790,A
3-PA,512,0,767,0,0,767,T
3-PA,513,0,768,0,0,768,T
3-PA,514,768,0,0,0,768,A
3-PA,515,770,0,0,0,770,A
3-PA,516,0,2,771,0,773,G
3-PA,517,760,0,2,0,762,A
3-PA,518,0,0,0,753,753,C
3-PA,519,1,0,0,717,718,C
3-PA,520,706,0,0,0,706,A
3-PA,521,0,0,715,0,715,G
3-PA,522,0,0,710,0,710,G
3-PA,523,0,0,0,716,716,C
3-PA,524,0,709,0,0,709,T
3-PA,525,0,0,730,0,730,G
3-PA,526,0,723,0,2,725,T
3-PA,527,0,726,0,0,726,T
3-PA,528,0,728,0,0,728,T
3-PA,529,721,0,0,0,721,A
3-PA,530,1,0,0,729,730,C
3-PA,531,3,0,0,717,720,C
3-PA,532,710,0,0,0,710,A
3-PA,533,0,712,0,0,712,T
3-PA,534,685,0,0,0,685,A
3-PA,535,694,0,0,0,694,A
3-PA,536,1,0,704,0,705,G
3-PA,537,696,0,0,0,696,A
3-PA,538,0,0,0,694,694,C
3-PA,539,674,0,1,0,675,A
3-PA,540,674,0,1,0,675,A
3-PA,541,1,0,684,0,685,G
3-PA,542,677,0,1,0,678,A
3-PA,543,680,0,1,0,681,A
3-PA,544,678,0,0,0,678,A
3-PA,545,0,646,0,0,646,T
3-PA,546,0,0,675,0,675,G
3-PA,547,1,0,674,0,675,G
3-PA,548,1,1,0,672,674,C
3-PA,549,1,0,0,674,675,C
3-PA,550,679,0,0,0,679,A
3-PA,551,676,0,0,0,676,A
3-PA,552,0,635,0,0,635,T
3-PA,553,659,0,0,0,659,A
3-PA,554,0,0,656,0,656,G
3-PA,555,656,0,0,0,656,A
3-PA,556,0,0,660,0,660,G
3-PA,557,0,0,651,0,651,G
3-PA,558,0,0,0,655,655,C
3-PA,559,0,0,0,658,658,C
3-PA,560,0,647,0,1,648,T
3-PA,561,0,0,0,646,646,C
3-PA,562,0,646,0,1,647,T
3-PA,563,1,0,649,0,650,G
3-PA,564,0,0,651,0,651,G
3-PA,565,1,0,647,0,648,G
3-PA,566,638,0,0,0,638,A
3-PA,567,0,620,0,0,620,T
3-PA,568,0,600,0,1,601,T
3-PA,569,1,0,0,711,712,C
3-PA,570,0,0,0,713,713,C
3-PA,571,0,716,0,0,716,T
3-PA,572,0,716,0,0,716,T
3-PA,573,0,714,0,0,714,T
3-PA,574,2,1,0,721,724,C
3-PA,575,0,0,725,0,725,G
3-PA,576,0,719,0,1,720,T
3-PA,577,0,0,0,725,725,C
3-PA,578,707,0,0,0,707,A
3-PA,579,0,0,869,0,869,G
3-PA,580,0,867,0,0,867,T
3-PA,581,1,0,1,870,872,C
3-PA,582,1,0,0,867,868,C
3-PA,583,4,2,875,4,885,G
3-PA,584,883,0,1,2,886,A
3-PA,585,888,0,1,0,889,A
3-PA,586,886,0,3,0,889,A
3-PA,587,0,0,914,0,914,G
3-PA,588,888,1,0,0,889,A
3-PA,589,1,0,916,0,917,G
3-PA,590,0,0,912,0,912,G
3-PA,591,1,0,0,918,919,C
3-PA,592,1,0,919,0,920,G
3-PA,593,913,0,1,0,914,A
3-PA,594,925,0,0,0,925,A
3-PA,595,0,2,931,0,933,G
3-PA,596,939,0,0,0,939,A
3-PA,597,937,0,1,0,938,A
3-PA,598,930,0,1,0,931,A
3-PA,599,0,0,0,942,942,C
3-PA,600,938,1,0,0,939,A
3-PA,601,940,0,0,0,940,A
3-PA,602,0,938,0,1,939,T
3-PA,603,0,938,0,0,938,T
3-PA,604,0,0,941,0,941,G
3-PA,605,941,0,0,0,941,A
3-PA,606,941,0,0,0,941,A
3-PA,607,0,0,941,0,941,G
3-PA,608,938,0,0,0,938,A
3-PA,609,937,0,0,0,937,A
3-PA,610,936,1,0,0,937,A
3-PA,611,941,0,0,0,941,A
3-PA,612,941,0,0,0,941,A
3-PA,613,0,944,0,0,944,T
3-PA,614,0,946,0,0,946,T
3-PA,615,0,945,0,0,945,T
3-PA,616,0,0,948,0,948,G
3-PA,617,946,0,2,0,948,A
3-PA,618,948,1,2,0,951,A
3-PA,619,951,0,0,0,951,A
3-PA,620,0,966,0,1,967,T
3-PA,621,1,0,0,1112,1113,C
3-PA,622,1112,0,0,0,1112,A
3-PA,623,0,1,0,1135,1136,C
3-PA,624,1129,0,2,1,1132,A
3-PA,625,0,0,1153,0,1153,G
3-PA,626,0,1,1203,0,1204,G
3-PA,627,1223,0,0,0,1223,A
3-PA,628,1238,0,1,0,1239,A
3-PA,629,0,1,0,1261,1262,C
3-PA,630,0,1235,0,1,1236,T
3-PA,631,1348,1,0,0,1349,A
3-PA,632,0,1366,0,0,1366,T
3-PA,633,0,1,1420,0,1421,G
3-PA,634,0,1,0,1414,1415,C
3-PA,635,1,0,1402,0,1403,G
3-PA,636,0,1397,0,1,1398,T
3-PA,637,1397,0,1,0,1398,A
3-PA,638,0,1,1405,0,1406,G
3-PA,639,0,1,1395,0,1396,G
3-PA,640,0,0,0,1391,1391,C
3-PA,641,0,1375,0,0,1375,T
3-PA,642,0,1369,0,0,1369,T
3-PA,643,0,1,1359,1,1361,G
3-PA,644,0,0,0,1367,1367,C
3-PA,645,1,2,0,1359,1362,C
3-PA,646,0,2,1385,0,1387,G
3-PA,647,1382,0,1,0,1383,A
3-PA,648,1,1,0,1399,1401,C
3-PA,649,1,0,0,1406,1407,C
3-PA,650,1415,0,1,0,1416,A
3-PA,651,1415,0,3,0,1418,A
3-PA,652,1416,0,0,0,1416,A
3-PA,653,1,0,1449,0,1450,G
3-PA,654,0,1434,0,2,1436,T
3-PA,655,2,0,0,1446,1448,C
3-PA,656,0,1438,0,3,1441,T
3-PA,657,0,0,0,1462,1462,C
3-PA,658,2,0,0,1465,1467,C
3-PA,659,0,0,0,1473,1473,C
3-PA,660,1465,0,3,0,1468,A
3-PA,661,0,1,0,1481,1482,C
3-PA,662,0,2,0,1483,1485,C
3-PA,663,0,1,1493,0,1494,G
3-PA,664,1521,0,0,0,1521,A
3-PA,665,1526,0,0,0,1526,A
3-PA,666,0,0,0,1546,1546,C
3-PA,667,0,1530,0,2,1532,T
3-PA,668,0,1550,0,1,1551,T
3-PA,669,0,1,0,1589,1590,C
3-PA,670,1,1582,0,1,1584,T
3-PA,671,1,1,0,1593,1595,C
3-PA,672,1,0,0,1594,1595,C
3-PA,673,0,1581,0,2,1583,T
3-PA,674,2,0,1604,0,1606,G
3-PA,675,0,0,0,1602,1602,C
3-PA,676,0,0,0,1614,1614,C
3-PA,677,0,1609,0,1,1610,T
3-PA,678,0,1605,0,0,1605,T
3-PA,679,0,1,1613,0,1614,G
3-PA,680,1605,0,0,0,1605,A
3-PA,681,0,0,1625,0,1625,G
3-PA,682,1617,0,1,0,1618,A
3-PA,683,1639,0,0,0,1639,A
3-PA,684,0,1684,0,0,1684,T
3-PA,685,0,1692,0,1,1693,T
3-PA,686,0,1690,0,0,1690,T
3-PA,687,0,1694,0,0,1694,T
3-PA,688,1696,0,0,0,1696,A
3-PA,689,0,1,1685,0,1686,G
3-PA,690,1675,0,3,0,1678,A
3-PA,691,1,1,1723,0,1725,G
3-PA,692,0,0,0,1731,1731,C
3-PA,693,3,0,0,1723,1726,C
3-PA,694,0,1768,0,0,1768,T
3-PA,695,1838,0,0,0,1838,A
3-PA,696,0,1841,0,0,1841,T
3-PA,697,0,0,1852,0,1852,G
3-PA,698,0,1845,0,0,1845,T
3-PA,699,0,6,1858,0,1864,G
3-PA,700,0,2,1841,0,1843,G
3-PA,701,1831,0,0,0,1831,A
3-PA,702,0,1822,0,0,1822,T
3-PA,703,1,4,1787,0,1792,G
3-PA,704,1,1,1842,0,1844,G
3-PA,705,1855,0,0,0,1855,A
3-PA,706,0,1851,0,1,1852,T
3-PA,707,0,1856,0,0,1856,T
3-PA,708,1,1,0,1841,1843,C
3-PA,709,0,2,1852,1,1855,G
3-PA,710,1863,0,0,0,1863,A
3-PA,711,1863,0,0,0,1863,A
3-PA,712,0,0,0,1866,1866,C
3-PA,713,0,1,0,1834,1835,C
3-PA,714,0,3,1841,0,1844,G
3-PA,715,1844,0,0,0,1844,A
3-PA,716,1834,0,1,0,1835,A
3-PA,717,0,14,0,1840,1854,C
3-PA,718,0,0,1842,0,1842,G
3-PA,719,0,0,1889,0,1889,G
3-PA,720,0,0,0,1899,1899,C
3-PA,721,0,1897,0,0,1897,T
3-PA,722,0,0,1958,0,1958,G
3-PA,723,0,1,0,1961,1962,C
3-PA,724,1983,0,0,0,1983,A
3-PA,725,0,1982,0,0,1982,T
3-PA,726,0,1979,0,0,1979,T
3-PA,727,1,1,1974,0,1976,G
3-PA,728,1918,0,3,0,1921,A
3-PA,729,0,1,1961,0,1962,G
3-PA,730,0,1,1957,0,1958,G
3-PA,731,1,0,1939,0,1940,G
3-PA,732,0,0,0,1949,1949,C
3-PA,733,1943,0,0,0,1943,A
3-PA,734,1949,0,1,0,1950,A
3-PA,735,0,1,1958,0,1959,G
3-PA,736,0,0,0,1961,1961,C
3-PA,737,0,1962,0,2,1964,T
3-PA,738,0,1973,0,1,1974,T
3-PA,739,0,1970,0,0,1970,T
3-PA,740,1,0,1,1975,1977,C
3-PA,741,0,1973,0,2,1975,T
3-PA,742,0,2,0,1986,1988,C
3-PA,743,1984,1,1,0,1986,A
3-PA,744,1962,0,1,0,1963,A
3-PA,745,1961,0,0,0,1961,A
3-PA,746,0,1964,0,0,1964,T
3-PA,747,2,0,2014,0,2016,G
3-PA,748,0,2003,0,1,2004,T
3-PA,749,2,0,0,2032,2034,C
3-PA,750,2,0,0,2036,2038,C
3-PA,751,2049,0,0,0,2049,A
3-PA,752,2043,0,0,0,2043,A
3-PA,753,2051,0,0,0,2051,A
3-PA,754,1,0,2070,0,2071,G
3-PA,755,2058,0,1,0,2059,A
3-PA,756,2021,0,0,0,2021,A
3-PA,757,0,0,2036,0,2036,G
3-PA,758,0,2012,0,0,2012,T
3-PA,759,0,1,2015,0,2016,G
3-PA,760,2012,0,2,0,2014,A
3-PA,761,2014,0,0,0,2014,A
3-PA,762,0,2027,0,0,2027,T
3-PA,763,0,1,2019,0,2020,G
3-PA,764,0,1,0,2040,2041,C
3-PA,765,4,0,0,2035,2039,C
3-PA,766,0,1,0,2041,2042,C
3-PA,767,2051,0,1,1,2053,A
3-PA,768,2073,0,0,0,2073,A
3-PA,769,2083,0,0,0,2083,A
3-PA,770,0,2091,0,0,2091,T
3-PA,771,0,2088,0,1,2089,T
3-PA,772,0,4,2078,0,2082,G
3-PA,773,2068,0,0,0,2068,A
3-PA,774,2059,0,1,0,2060,A
3-PA,775,1,0,0,2078,2079,C
3-PA,776,1,0,0,2064,2065,C
3-PA,777,0,2053,0,1,2054,T
3-PA,778,0,2106,0,2,2108,T
3-PA,779,0,2117,0,0,2117,T
3-PA,780,1,2178,0,0,2179,T
3-PA,781,1,1,0,2183,2185,C
3-PA,782,0,2177,0,3,2180,T
3-PA,783,1,0,2183,0,2184,G
3-PA,784,2175,1,2,0,2178,A
3-PA,785,2206,0,3,0,2209,A
3-PA,786,0,1,2214,0,2215,G
3-PA,787,2196,0,2,0,2198,A
3-PA,788,1,0,0,2204,2205,C
3-PA,789,2183,1,3,0,2187,A
3-PA,790,2213,0,2,0,2215,A
3-PA,791,0,0,0,2432,2432,C
3-PA,792,2424,0,2,0,2426,A
3-PA,793,0,0,0,2439,2439,C
3-PA,794,3,0,0,2432,2435,C
3-PA,795,2424,0,2,0,2426,A
3-PA,796,2423,0,4,0,2427,A
3-PA,797,0,1,2427,0,2428,G
3-PA,798,2418,0,0,0,2418,A
3-PA,799,1,0,0,2420,2421,C
3-PA,800,2,1,0,2260,2263,C
3-PA,801,2267,0,1,0,2268,A
3-PA,802,2258,0,0,0,2258,A
3-PA,803,0,2266,0,2,2268,T
3-PA,804,2,0,0,2274,2276,C
3-PA,805,2271,0,0,0,2271,A
3-PA,806,2256,0,1,0,2257,A
3-PA,807,2259,0,1,0,2260,A
3-PA,808,1,1,0,2274,2276,C
3-PA,809,0,2241,0,0,2241,T
3-PA,810,0,2259,0,1,2260,T
3-PA,811,0,1,0,2267,2268,C
3-PA,812,1,2,0,2265,2268,C
3-PA,813,0,2,2277,0,2279,G
3-PA,814,2271,0,0,0,2271,A
3-PA,815,2275,0,0,0,2275,A
3-PA,816,0,2269,0,1,2270,T
3-PA,817,1,2,2258,0,2261,G
3-PA,818,1,0,2251,0,2252,G
3-PA,819,2264,0,3,0,2267,A
3-PA,820,0,0,0,2280,2280,C
3-PA,821,1,0,0,2272,2273,C
3-PA,822,0,2355,0,1,2356,T
3-PA,823,5,0,0,2421,2426,C
3-PA,824,3,0,0,2428,2431,C
3-PA,825,0,2438,0,2,2440,T
3-PA,826,0,2446,0,1,2447,T
3-PA,827,1,0,2570,0,2571,G
3-PA,828,0,2549,1,2,2552,T
3-PA,829,0,2546,0,1,2547,T
3-PA,830,2539,1,2,0,2542,A
3-PA,831,0,2449,0,0,2449,T
3-PA,832,0,0,0,2438,2438,C
3-PA,833,2396,1,0,1,2398,A
3-PA,834,0,0,2397,0,2397,G
3-PA,835,2,0,0,2389,2391,C
3-PA,836,1,1,2339,0,2341,G
3-PA,837,0,0,2411,0,2411,G
3-PA,838,1,2393,0,1,2395,T
3-PA,839,4,1,0,2410,2415,C
3-PA,840,3,0,0,2415,2418,C
3-PA,841,2437,0,3,0,2440,A
3-PA,842,2448,0,0,0,2448,A
3-PA,843,2446,0,0,0,2446,A
3-PA,844,0,2445,0,0,2445,T
3-PA,845,0,2440,0,0,2440,T
3-PA,846,5,0,0,2408,2413,C
3-PA,847,0,2,0,2396,2398,C
3-PA,848,0,2382,0,0,2382,T
3-PA,849,2,0,0,2411,2413,C
3-PA,850,0,0,0,2420,2420,C
3-PA,851,0,2411,0,0,2411,T
3-PA,852,2,3,2422,0,2427,G
3-PA,853,2418,0,0,0,2418,A
3-PA,854,0,2420,0,0,2420,T
3-PA,855,1,1,2411,1,2414,G
3-PA,856,0,1,2379,0,2380,G
3-PA,857,2372,0,2,0,2374,A
3-PA,858,0,2363,0,0,2363,T
3-PA,859,0,1,2367,0,2368,G
3-PA,860,0,0,1,2441,2442,C
3-PA,861,0,2434,0,0,2434,T
3-PA,862,0,2452,1,1,2454,T
3-PA,863,0,2458,0,3,2461,T
3-PA,864,2452,1,0,0,2453,A
3-PA,865,2462,0,0,0,2462,A
3-PA,866,2453,0,0,0,2453,A
3-PA,867,2476,0,0,0,2476,A
3-PA,868,0,2466,0,0,2466,T
3-PA,869,0,2343,0,0,2343,T
3-PA,870,0,8,2333,0,2341,G
3-PA,871,2314,0,3,0,2317,A
3-PA,872,1,0,2353,0,2354,G
3-PA,873,0,0,0,2353,2353,C
3-PA,874,2350,0,0,0,2350,A
3-PA,875,1,2337,0,1,2339,T
3-PA,876,1,199,0,2137,2337,C
3-PA,877,1,2,2374,1,2378,G
3-PA,878,2374,0,0,0,2374,A
3-PA,879,2377,0,1,0,2378,A
3-PA,880,0,1,2382,0,2383,G
3-PA,881,2223,1,3,0,2227,A
3-PA,882,0,0,0,2245,2245,C
3-PA,883,2,1,0,2234,2237,C
3-PA,884,1,0,0,2211,2212,C
3-PA,885,2215,0,1,0,2216,A
3-PA,886,2223,0,2,0,2225,A
3-PA,887,0,0,2241,0,2241,G
3-PA,888,0,2239,0,1,2240,T
3-PA,889,3,2,0,2239,2244,C
3-PA,890,2245,1,1,0,2247,A
3-PA,891,0,4,0,2242,2246,C
3-PA,892,1,2,2243,0,2246,G
3-PA,893,2269,0,0,0,2269,A
3-PA,894,2277,0,0,0,2277,A
3-PA,895,0,3,2339,0,2342,G
3-PA,896,0,2,2322,1,2325,G
3-PA,897,2310,0,6,0,2316,A
3-PA,898,1,0,2345,0,2346,G
3-PA,899,2332,1,3,0,2336,A
3-PA,900,2341,0,5,0,2346,A
3-PA,901,1,0,2334,0,2335,G
3-PA,902,2,0,2319,0,2321,G
3-PA,903,0,1,2334,0,2335,G
3-PA,904,2271,0,1,0,2272,A
3-PA,905,0,2279,0,1,2280,T
3-PA,906,2,1,1,2288,2292,C
3-PA,907,1,0,0,2468,2469,C
3-PA,908,2,0,0,2501,2503,C
3-PA,909,2544,0,1,0,2545,A
3-PA,910,1,2538,0,4,2543,T
3-PA,911,0,2572,1,1,2574,T
3-PA,912,2648,0,0,0,2648,A
3-PA,913,1,2640,0,1,2642,T
3-PA,914,2638,0,5,0,2643,A
3-PA,915,0,2629,0,0,2629,T
3-PA,916,0,4,2374,0,2378,G
3-PA,917,2363,0,2,0,2365,A
3-PA,918,0,2342,0,2,2344,T
3-PA,919,0,0,2353,1,2354,G
3-PA,920,0,0,0,2335,2335,C
3-PA,921,1,2,2328,0,2331,G
3-PA,922,2340,0,1,0,2341,A
3-PA,923,0,2347,0,0,2347,T
3-PA,924,2,0,0,2358,2360,C
3-PA,925,2355,0,0,0,2355,A
3-PA,926,2329,0,1,0,2330,A
3-PA,927,0,0,2347,0,2347,G
3-PA,928,0,2320,0,1,2321,T
3-PA,929,2,0,2344,0,2346,G
3-PA,930,0,1,0,2350,2351,C
3-PA,931,2345,0,1,0,2346,A
3-PA,932,0,2373,0,0,2373,T
3-PA,933,2373,0,0,0,2373,A
3-PA,934,2401,0,0,0,2401,A
3-PA,935,2393,0,1,0,2394,A
3-PA,936,2381,0,2,0,2383,A
3-PA,937,2385,0,0,1,2386,A
3-PA,938,0,0,0,2394,2394,C
3-PA,939,2366,0,0,0,2366,A
3-PA,940,0,2362,0,1,2363,T
3-PA,941,0,2364,0,0,2364,T
3-PA,942,1,0,0,2378,2379,C
3-PA,943,0,2348,0,1,2349,T
3-PA,944,1,2347,0,1,2349,T
3-PA,945,1,2356,0,0,2357,T
3-PA,946,1,0,2367,0,2368,G
3-PA,947,0,0,2361,0,2361,G
3-PA,948,2348,0,4,0,2352,A
3-PA,949,0,2359,0,1,2360,T
3-PA,950,0,4,2367,0,2371,G
3-PA,951,0,1,2411,0,2412,G
3-PA,952,2417,0,0,0,2417,A
3-PA,953,2420,0,4,0,2424,A
3-PA,954,2418,0,11,0,2429,A
3-PA,955,2,3,2439,0,2444,G
3-PA,956,2437,0,4,0,2441,A
3-PA,957,2655,0,2,1,2658,A
3-PA,958,0,2,0,2707,2709,C
3-PA,959,5,1,0,2700,2706,C
3-PA,960,0,2687,0,1,2688,T
3-PA,961,0,2748,0,0,2748,T
3-PA,962,2766,0,1,0,2767,A
3-PA,963,1,2768,0,0,2769,T
3-PA,964,2751,0,0,0,2751,A
3-PA,965,0,2784,0,0,2784,T
3-PA,966,2597,0,1,0,2598,A
3-PA,967,1,0,2615,0,2616,G
3-PA,968,0,2589,0,3,2592,T
3-PA,969,2,1,0,2594,2597,C
3-PA,970,2569,0,0,1,2570,A
3-PA,971,2571,0,2,0,2573,A
3-PA,972,2568,0,3,0,2571,A
3-PA,973,0,0,0,2582,2582,C
3-PA,974,0,0,0,2555,2555,C
3-PA,975,2522,0,1,0,2523,A
3-PA,976,1,1,0,2545,2547,C
3-PA,977,2537,0,3,1,2541,A
3-PA,978,0,1,0,2553,2554,C
3-PA,979,0,2,2563,0,2565,G
3-PA,980,2529,0,1,0,2530,A
3-PA,981,2543,0,1,0,2544,A
3-PA,982,2540,0,2,0,2542,A
3-PA,983,2537,0,2,1,2540,A
3-PA,984,0,1,2564,0,2565,G
3-PA,985,0,2,2539,1,2542,G
3-PA,986,0,3,2559,0,2562,G
3-PA,987,2572,0,2,0,2574,A
3-PA,988,2577,0,0,0,2577,A
3-PA,989,0,2579,0,2,2581,T
3-PA,990,2580,0,0,0,2580,A
3-PA,991,2588,0,0,1,2589,A
3-PA,992,2599,0,3,0,2602,A
3-PA,993,0,2588,0,1,2589,T
3-PA,994,0,2574,0,2,2576,T
3-PA,995,2,0,0,2602,2604,C
3-PA,996,2604,0,1,0,2605,A
3-PA,997,2601,0,2,0,2603,A
3-PA,998,2606,1,1,0,2608,A
3-PA,999,0,2610,0,0,2610,T
3-PA,1000,0,2622,0,0,2622,T
3-PA,1001,2632,0,0,0,2632,A
3-PA,1002,0,0,0,2632,2632,C
3-PA,1003,2,0,0,2642,2644,C
3-PA,1004,1,2625,0,2,2628,T
3-PA,1005,0,1,2651,0,2652,G
3-PA,1006,0,0,0,2652,2652,C
3-PA,1007,0,2663,0,3,2666,T
3-PA,1008,0,0,2701,0,2701,G
3-PA,1009,0,2700,0,0,2700,T
3-PA,1010,1,0,0,2704,2705,C
3-PA,1011,2701,2,2,0,2705,A
3-PA,1012,0,2701,0,1,2702,T
3-PA,1013,0,2,2700,0,2702,G
3-PA,1014,0,2,2688,0,2690,G
3-PA,1015,2701,1,2,0,2704,A
3-PA,1016,2760,0,3,0,2763,A
3-PA,1017,0,0,2730,0,2730,G
3-PA,1018,1,1,0,2740,2742,C
3-PA,1019,2741,0,1,0,2742,A
3-PA,1020,2753,0,0,1,2754,A
3-PA,1021,29,0,2739,1,2769,G
3-PA,1022,0,2750,0,2,2752,T
3-PA,1023,2765,0,0,1,2766,A
3-PA,1024,0,3,0,2773,2776,C
3-PA,1025,0,2724,0,2,2726,T
3-PA,1026,0,0,2763,0,2763,G
3-PA,1027,0,2732,0,3,2735,T
3-PA,1028,1,1,0,2736,2738,C
3-PA,1029,2732,0,3,3,2738,A
3-PA,1030,0,1,2772,0,2773,G
3-PA,1031,2763,0,0,0,2763,A
3-PA,1032,2771,0,0,1,2772,A
3-PA,1033,1,2811,0,0,2812,T
3-PA,1034,0,2805,0,1,2806,T
3-PA,1035,0,0,2799,0,2799,G
3-PA,1036,0,0,0,2808,2808,C
3-PA,1037,2799,1,2,0,2802,A
3-PA,1038,2,3,2812,0,2817,G
3-PA,1039,0,3,2793,0,2796,G
3-PA,1040,2805,0,1,0,2806,A
3-PA,1041,0,0,0,2838,2838,C
3-PA,1042,2797,0,3,0,2800,A
3-PA,1043,0,2816,0,0,2816,T
3-PA,1044,0,2830,0,1,2831,T
3-PA,1045,0,0,2846,0,2846,G
3-PA,1046,2835,1,3,0,2839,A
3-PA,1047,2827,0,0,0,2827,A
3-PA,1048,2828,0,3,0,2831,A
3-PA,1049,2822,0,0,3,2825,A
3-PA,1050,0,2818,0,0,2818,T
3-PA,1051,0,2,2837,0,2839,G
3-PA,1052,2817,1,1,0,2819,A
3-PA,1053,0,2,2839,0,2841,G
3-PA,1054,0,5,2830,0,2835,G
3-PA,1055,2813,0,1,0,2814,A
3-PA,1056,0,2,2840,0,2842,G
3-PA,1057,2833,0,1,0,2834,A
3-PA,1058,2826,0,1,0,2827,A
3-PA,1059,0,1,2832,0,2833,G
3-PA,1060,1,0,2792,0,2793,G
3-PA,1061,0,2859,0,4,2863,T
3-PA,1062,0,2901,0,0,2901,T
3-PA,1063,5,0,0,2884,2889,C
3-PA,1064,3,0,0,2901,2904,C
3-PA,1065,2900,1,1,0,2902,A
3-PA,1066,2883,0,1,0,2884,A
3-PA,1067,0,1,2917,0,2918,G
3-PA,1068,0,1,2943,0,2944,G
3-PA,1069,2895,0,0,0,2895,A
3-PA,1070,0,0,0,2917,2917,C
3-PA,1071,0,2924,0,2,2926,T
3-PA,1072,2931,1,1,0,2933,A
3-PA,1073,2932,1,2,0,2935,A
3-PA,1074,2934,0,2,0,2936,A
3-PA,1075,2929,0,1,0,2930,A
3-PA,1076,2902,0,1,2,2905,A
3-PA,1077,1,0,0,2883,2884,C
3-PA,1078,2867,0,0,0,2867,A
3-PA,1079,1,2859,0,2,2862,T
3-PA,1080,1,1,2875,1,2878,G
3-PA,1081,2877,0,0,0,2877,A
3-PA,1082,2869,0,0,0,2869,A
3-PA,1083,0,2,2885,0,2887,G
3-PA,1084,2883,0,0,0,2883,A
3-PA,1085,2892,0,0,0,2892,A
3-PA,1086,2874,0,0,0,2874,A
3-PA,1087,2858,0,4,1,2863,A
3-PA,1088,0,0,0,2876,2876,C
3-PA,1089,1,6,2864,0,2871,G
3-PA,1090,2877,0,2,0,2879,A
3-PA,1091,0,0,2880,0,2880,G
3-PA,1092,1,2846,0,2,2849,T
3-PA,1093,4,0,0,2921,2925,C
3-PA,1094,2935,0,0,0,2935,A
3-PA,1095,2963,0,1,0,2964,A
3-PA,1096,0,1,0,2955,2956,C
3-PA,1097,0,2962,0,0,2962,T
3-PA,1098,3,1,3009,0,3013,G
3-PA,1099,2998,0,1,0,2999,A
3-PA,1100,3006,0,5,0,3011,A
3-PA,1101,1,0,3017,0,3018,G
3-PA,1102,0,2941,0,1,2942,T
3-PA,1103,0,5,2953,0,2958,G
3-PA,1104,1,1,2934,0,2936,G
3-PA,1105,1,0,2935,0,2936,G
3-PA,1106,0,0,0,2946,2946,C
3-PA,1107,0,2909,0,1,2910,T
3-PA,1108,2,0,0,2952,2954,C
3-PA,1109,0,2947,0,2,2949,T
3-PA,1110,0,2965,0,1,2966,T
3-PA,1111,1,3,3018,1,3023,G
3-PA,1112,0,2,3028,0,3030,G
3-PA,1113,1,2988,0,3,2992,T
3-PA,1114,1,2,3006,0,3009,G
3-PA,1115,2994,0,0,0,2994,A
3-PA,1116,3029,0,0,0,3029,A
3-PA,1117,3009,0,1,0,3010,A
3-PA,1118,3017,0,1,1,3019,A
3-PA,1119,0,1,0,3039,3040,C
3-PA,1120,3014,0,1,0,3015,A
3-PA,1121,0,3002,0,0,3002,T
3-PA,1122,1,2,3000,0,3003,G
3-PA,1123,0,1,3038,0,3039,G
3-PA,1124,0,1,0,3061,3062,C
3-PA,1125,3073,2,0,2,3077,A
3-PA,1126,0,0,0,3086,3086,C
3-PA,1127,3,1,0,3095,3099,C
3-PA,1128,3149,0,1,0,3150,A
3-PA,1129,1,1,3182,0,3184,G
3-PA,1130,3161,0,0,0,3161,A
3-PA,1131,1,0,3186,0,3187,G
3-PA,1132,3181,0,1,0,3182,A
3-PA,1133,3175,0,1,0,3176,A
3-PA,1134,2,2,3197,0,3201,G
3-PA,1135,0,1,3174,0,3175,G
3-PA,1136,1,3092,0,2,3095,T
3-PA,1137,3148,0,1,0,3149,A
3-PA,1138,1,3,3133,0,3137,G
3-PA,1139,3143,0,0,0,3143,A
3-PA,1140,0,0,0,3165,3165,C
3-PA,1141,0,3144,0,2,3146,T
3-PA,1142,0,3136,0,1,3137,T
3-PA,1143,0,3137,0,0,3137,T
3-PA,1144,0,2,3143,0,3145,G
3-PA,1145,3138,1,4,0,3143,A
3-PA,1146,3151,0,0,0,3151,A
3-PA,1147,3154,0,1,0,3155,A
3-PA,1148,3140,0,0,0,3140,A
3-PA,1149,1,0,0,3202,3203,C
3-PA,1150,0,3192,0,0,3192,T
3-PA,1151,0,0,3219,0,3219,G
3-PA,1152,0,0,0,3228,3228,C
3-PA,1153,3228,1,1,0,3230,A
3-PA,1154,1,1,3218,0,3220,G
3-PA,1155,3214,0,3,0,3217,A
3-PA,1156,2,1,3363,0,3366,G
3-PA,1157,3381,0,1,0,3382,A
3-PA,1158,2,0,0,3356,3358,C
3-PA,1159,3369,0,2,0,3371,A
3-PA,1160,0,3339,0,0,3339,T
3-PA,1161,3348,0,1,0,3349,A
3-PA,1162,3339,0,4,1,3344,A
3-PA,1163,0,2,3339,0,3341,G
3-PA,1164,0,2,0,3317,3319,C
3-PA,1165,0,2,3283,0,3285,G
3-PA,1166,3323,0,0,0,3323,A
3-PA,1167,0,3298,0,0,3298,T
3-PA,1168,0,3306,0,0,3306,T
3-PA,1169,1,3312,0,0,3313,T
3-PA,1170,1,1,3327,0,3329,G
3-PA,1171,3332,0,3,0,3335,A
3-PA,1172,3334,1,3,1,3339,A
3-PA,1173,1,0,3342,0,3343,G
3-PA,1174,0,0,1,3412,3413,C
3-PA,1175,3391,0,0,0,3391,A
3-PA,1176,3631,0,0,0,3631,A
3-PA,1177,0,3634,0,0,3634,T
3-PA,1178,3657,0,1,0,3658,A
3-PA,1179,0,3662,0,1,3663,T
3-PA,1180,2,2,3676,0,3680,G
3-PA,1181,3703,0,4,0,3707,A
3-PA,1182,0,3700,0,1,3701,T
3-PA,1183,3609,0,2,1,3612,A
3-PA,1184,2,0,3618,0,3620,G
3-PA,1185,0,3492,0,1,3493,T
3-PA,1186,2,4,3522,0,3528,G
3-PA,1187,3506,0,2,0,3508,A
3-PA,1188,0,0,0,3492,3492,C
3-PA,1189,0,5,3467,0,3472,G
3-PA,1190,3500,1,0,0,3501,A
3-PA,1191,3486,0,4,0,3490,A
3-PA,1192,0,0,0,3518,3518,C
3-PA,1193,2,1,0,3540,3543,C
3-PA,1194,1,3529,0,2,3532,T
3-PA,1195,1,2,3635,0,3638,G
3-PA,1196,3626,1,0,1,3628,A
3-PA,1197,3636,0,0,0,3636,A
3-PA,1198,2,3636,0,0,3638,T
3-PA,1199,0,3619,0,1,3620,T
3-PA,1200,3616,0,0,0,3616,A
3-PA,1201,3573,0,3,0,3576,A
3-PA,1202,1,0,3595,0,3596,G
3-PA,1203,1,1,3582,0,3584,G
3-PA,1204,0,3519,0,0,3519,T
3-PA,1205,6,1,0,3529,3536,C
3-PA,1206,3518,0,3,0,3521,A
3-PA,1207,0,1,0,3638,3639,C
3-PA,1208,0,3642,1,1,3644,T
3-PA,1209,0,3643,0,1,3644,T
3-PA,1210,0,3639,0,2,3641,T
3-PA,1211,4,0,1,3643,3648,C
3-PA,1212,3642,0,1,0,3643,A
3-PA,1213,3643,0,1,0,3644,A
3-PA,1214,2,0,3688,0,3690,G
3-PA,1215,1,0,0,3666,3667,C
3-PA,1216,0,3632,1,0,3633,T
3-PA,1217,1,2,3747,0,3750,G
3-PA,1218,0,3,3763,0,3766,G
3-PA,1219,3825,1,5,0,3831,A
3-PA,1220,1,3850,0,0,3851,T
3-PA,1221,3841,0,3,0,3844,A
3-PA,1222,1,0,0,3865,3866,C
3-PA,1223,3794,0,4,0,3798,A
3-PA,1224,1,2,3846,0,3849,G
3-PA,1225,3836,0,5,0,3841,A
3-PA,1226,3779,0,2,0,3781,A
3-PA,1227,0,3724,0,0,3724,T
3-PA,1228,2,6,3767,0,3775,G
3-PA,1229,3749,0,7,0,3756,A
3-PA,1230,0,1,3794,0,3795,G
3-PA,1231,1,3760,1,3,3765,T
3-PA,1232,0,3759,1,2,3762,T
3-PA,1233,7,2,0,3800,3809,C
3-PA,1234,3831,0,1,0,3832,A
3-PA,1235,3827,0,2,1,3830,A
3-PA,1236,1,0,0,3828,3829,C
3-PA,1237,3793,1,0,0,3794,A
3-PA,1238,3786,0,1,0,3787,A
3-PA,1239,1,2,3767,0,3770,G
3-PA,1240,1,2,3747,1,3751,G
3-PA,1241,0,0,0,3795,3795,C
3-PA,1242,2,0,0,3792,3794,C
3-PA,1243,0,3774,1,1,3776,T
3-PA,1244,1,0,3822,0,3823,G
3-PA,1245,1,3807,0,1,3809,T
3-PA,1246,3,5,3857,0,3865,G
3-PA,1247,3859,0,1,0,3860,A
3-PA,1248,8,0,3845,0,3853,G
3-PA,1249,0,1,0,3834,3835,C
3-PA,1250,0,3826,0,2,3828,T
3-PA,1251,3915,0,0,0,3915,A
3-PA,1252,3903,0,2,0,3905,A
3-PA,1253,0,0,0,3913,3913,C
3-PA,1254,0,3886,0,1,3887,T
3-PA,1255,0,6,3894,0,3900,G
3-PA,1256,3880,2,1,0,3883,A
3-PA,1257,1,3855,0,4,3860,T
3-PA,1258,0,3869,0,1,3870,T
3-PA,1259,3,2,0,3884,3889,C
3-PA,1260,3964,0,0,1,3965,A
3-PA,1261,0,0,4047,0,4047,G
3-PA,1262,0,4019,1,1,4021,T
3-PA,1263,2,0,0,4030,4032,C
3-PA,1264,1,4014,1,2,4018,T
3-PA,1265,0,0,4213,0,4213,G
3-PA,1266,0,1,4204,0,4205,G
3-PA,1267,4211,0,3,0,4214,A
3-PA,1268,0,4222,0,0,4222,T
3-PA,1269,4050,0,0,0,4050,A
3-PA,1270,0,3,4050,1,4054,G
3-PA,1271,4027,0,2,1,4030,A
3-PA,1272,0,0,4045,0,4045,G
3-PA,1273,0,0,0,4029,4029,C
3-PA,1274,0,3935,0,2,3937,T
3-PA,1275,0,3932,0,1,3933,T
3-PA,1276,1,2,3941,0,3944,G
3-PA,1277,3942,0,0,0,3942,A
3-PA,1278,0,3953,0,1,3954,T
3-PA,1279,0,2,3947,0,3949,G
3-PA,1280,3972,2,3,0,3977,A
3-PA,1281,3974,0,1,0,3975,A
3-PA,1282,3991,0,1,0,3992,A
3-PA,1283,0,3966,0,0,3966,T
3-PA,1284,0,3981,2,3,3986,T
3-PA,1285,1,2,4025,0,4028,G
3-PA,1286,1,4,4015,0,4020,G
3-PA,1287,4020,0,6,0,4026,A
3-PA,1288,0,2,4022,0,4024,G
3-PA,1289,3972,0,3,0,3975,A
3-PA,1290,1,2,3999,0,4002,G
3-PA,1291,1,4,4019,0,4024,G
3-PA,1292,4061,0,2,0,4063,A
3-PA,1293,0,0,1,4063,4064,C
3-PA,1294,4,0,4037,0,4041,G
3-PA,1295,0,4034,0,0,4034,T
3-PA,1296,4045,0,1,0,4046,A
3-PA,1297,0,2,4075,0,4077,G
3-PA,1298,0,2,0,4093,4095,C
3-PA,1299,1,2,1,4036,4040,C
3-PA,1300,1,2,0,4051,4054,C
3-PA,1301,3,2,0,4071,4076,C
3-PA,1302,4100,0,0,0,4100,A
3-PA,1303,4211,0,0,0,4211,A
3-PA,1304,0,4197,0,0,4197,T
3-PA,1305,0,4184,0,1,4185,T
3-PA,1306,0,7,4166,0,4173,G
3-PA,1307,4122,0,3,1,4126,A
3-PA,1308,1,1,4130,0,4132,G
3-PA,1309,0,0,0,4125,4125,C
3-PA,1310,4118,0,0,0,4118,A
3-PA,1311,0,0,0,4204,4204,C
3-PA,1312,4103,0,1,1,4105,A
3-PA,1313,1,4200,0,2,4203,T
3-PA,1314,0,4209,0,1,4210,T
3-PA,1315,2,0,4205,0,4207,G
3-PA,1316,2,0,0,4178,4180,C
3-PA,1317,4187,0,1,0,4188,A
3-PA,1318,4179,0,2,0,4181,A
3-PA,1319,0,0,4198,0,4198,G
3-PA,1320,0,1,1,4133,4135,C
3-PA,1321,4132,0,0,0,4132,A
3-PA,1322,0,4059,0,0,4059,T
3-PA,1323,2,3,4066,0,4071,G
3-PA,1324,4045,1,1,0,4047,A
3-PA,1325,0,3,4082,0,4085,G
3-PA,1326,4066,0,4,0,4070,A
3-PA,1327,4063,1,0,0,4064,A
3-PA,1328,5,5,4048,0,4058,G
3-PA,1329,1,2,4040,0,4043,G
3-PA,1330,4053,0,1,0,4054,A
3-PA,1331,4039,0,1,0,4040,A
3-PA,1332,0,4051,0,0,4051,T
3-PA,1333,0,4046,0,0,4046,T
3-PA,1334,4062,0,0,0,4062,A
3-PA,1335,0,4059,0,1,4060,T
3-PA,1336,0,4060,0,0,4060,T
3-PA,1337,0,4057,0,2,4059,T
3-PA,1338,3,0,0,4039,4042,C
3-PA,1339,4016,0,1,0,4017,A
3-PA,1340,0,2,0,4108,4110,C
3-PA,1341,4091,0,2,0,4093,A
3-PA,1342,2,0,4117,0,4119,G
3-PA,1343,0,0,0,4107,4107,C
3-PA,1344,4093,0,0,0,4093,A
3-PA,1345,0,1,4116,0,4117,G
3-PA,1346,4091,0,3,0,4094,A
3-PA,1347,0,2,4122,0,4124,G
3-PA,1348,1,0,4121,0,4122,G
3-PA,1349,1,4010,0,3,4014,T
3-PA,1350,1,1,4079,0,4081,G
3-PA,1351,1,4019,0,9,4029,T
3-PA,1352,3,0,1,4036,4040,C
3-PA,1353,4,0,0,4081,4085,C
3-PA,1354,2,1,0,4064,4067,C
3-PA,1355,4107,0,3,0,4110,A
3-PA,1356,0,4134,0,2,4136,T
3-PA,1357,0,4118,0,1,4119,T
3-PA,1358,1,0,4134,0,4135,G
3-PA,1359,0,4075,0,1,4076,T
3-PA,1360,4033,0,2,0,4035,A
3-PA,1361,0,3,4021,0,4024,G
3-PA,1362,3929,0,1,0,3930,A
3-PA,1363,0,0,3925,0,3925,G
3-PA,1364,0,0,1,3876,3877,C
3-PA,1365,2,0,0,3832,3834,C
3-PA,1366,3881,0,1,0,3882,A
3-PA,1367,1,2,1,3909,3913,C
3-PA,1368,0,3887,0,0,3887,T
3-PA,1369,0,0,3883,0,3883,G
3-PA,1370,3881,0,0,1,3882,A
3-PA,1371,3831,0,2,0,3833,A
3-PA,1372,0,3936,0,0,3936,T
3-PA,1373,3964,1,4,0,3969,A
3-PA,1374,1,0,0,3993,3994,C
3-PA,1375,3903,0,1,0,3904,A
3-PA,1376,0,3921,0,1,3922,T
3-PA,1377,3886,0,1,0,3887,A
3-PA,1378,3879,0,1,0,3880,A
3-PA,1379,0,3868,0,1,3869,T
3-PA,1380,0,3,3814,0,3817,G
3-PA,1381,3799,0,0,1,3800,A
3-PA,1382,3729,0,0,0,3729,A
3-PA,1383,0,2,3728,0,3730,G
3-PA,1384,0,3,3693,0,3696,G
3-PA,1385,0,2,3743,0,3745,G
3-PA,1386,0,3,3750,0,3753,G
3-PA,1387,1,0,3796,0,3797,G
3-PA,1388,0,3715,0,0,3715,T
3-PA,1389,3741,0,3,1,3745,A
3-PA,1390,0,3771,0,0,3771,T
3-PA,1391,3812,0,2,0,3814,A
3-PA,1392,0,1,0,4114,4115,C
3-PA,1393,4007,0,0,0,4007,A
3-PA,1394,0,3887,0,35,3922,T
3-PA,1395,0,3888,0,2,3890,T
3-PA,1396,3851,0,1,0,3852,A
3-PA,1397,3932,0,2,0,3934,A
3-PA,1398,1,0,0,3915,3916,C
3-PA,1399,3848,0,0,0,3848,A
3-PA,1400,1,0,0,3857,3858,C
3-PA,1401,0,3414,0,3,3417,T
3-PA,1402,2,0,3559,0,3561,G
3-PA,1403,1,0,0,3542,3543,C
3-PA,1404,0,1,0,3521,3522,C
3-PA,1405,2,2,0,3556,3560,C
3-PA,1406,0,3482,0,4,3486,T
3-PA,1407,2,0,3597,0,3599,G
3-PA,1408,0,1,0,3594,3595,C
3-PA,1409,0,3567,0,8,3575,T
3-PA,1410,1,1,0,3698,3700,C
3-PA,1411,3575,0,0,0,3575,A
3-PA,1412,3579,0,3,0,3582,A
3-PA,1413,0,3587,0,2,3589,T
3-PA,1414,1,1,3578,0,3580,G
3-PA,1415,0,0,1,3583,3584,C
3-PA,1416,3500,0,0,0,3500,A
3-PA,1417,1,3480,0,1,3482,T
3-PA,1418,1,0,0,3485,3486,C
3-PA,1419,1,1,0,3511,3513,C
3-PA,1420,0,3403,0,2,3405,T
3-PA,1421,1,0,3470,0,3471,G
3-PA,1422,0,3451,0,1,3452,T
3-PA,1423,1,0,3452,0,3453,G
3-PA,1424,1,3,0,3446,3450,C
3-PA,1425,3408,0,2,0,3410,A
3-PA,1426,0,0,3445,0,3445,G
3-PA,1427,1,1,0,3435,3437,C
3-PA,1428,3402,0,0,0,3402,A
3-PA,1429,3411,0,0,0,3411,A
3-PA,1430,0,3299,0,1,3300,T
3-PA,1431,2,6,3298,0,3306,G
3-PA,1432,0,2,3297,0,3299,G
3-PA,1433,3298,0,4,0,3302,A
3-PA,1434,0,0,0,3298,3298,C
3-PA,1435,0,5,3268,0,3273,G
3-PA,1436,3302,0,1,0,3303,A
3-PA,1437,0,3303,0,1,3304,T
3-PA,1438,0,3296,0,0,3296,T
3-PA,1439,0,3285,0,0,3285,T
3-PA,1440,0,3279,0,2,3281,T
3-PA,1441,3,0,0,3295,3298,C
3-PA,1442,3304,0,0,0,3304,A
3-PA,1443,3302,0,0,0,3302,A
3-PA,1444,0,0,0,3304,3304,C
3-PA,1445,0,3262,0,1,3263,T
3-PA,1446,3261,1,0,0,3262,A
3-PA,1447,3247,0,1,1,3249,A
3-PA,1448,0,3237,0,0,3237,T
3-PA,1449,0,3232,0,0,3232,T
3-PA,1450,5,0,0,3246,3251,C
3-PA,1451,1,0,0,3232,3233,C
3-PA,1452,1,2,0,3253,3256,C
3-PA,1453,3250,0,1,0,3251,A
3-PA,1454,0,3295,1,0,3296,T
3-PA,1455,0,7,3297,0,3304,G
3-PA,1456,3303,0,1,0,3304,A
3-PA,1457,1,3294,0,1,3296,T
3-PA,1458,3284,1,0,0,3285,A
3-PA,1459,3280,0,2,0,3282,A
3-PA,1460,0,0,3277,0,3277,G
3-PA,1461,1,0,0,3271,3272,C
3-PA,1462,3270,0,1,1,3272,A
3-PA,1463,3186,0,3,0,3189,A
3-PA,1464,0,1,3221,0,3222,G
3-PA,1465,1,3204,0,2,3207,T
3-PA,1466,0,0,3205,0,3205,G
3-PA,1467,1,3,0,3194,3198,C
3-PA,1468,3175,0,2,0,3177,A
3-PA,1469,2,5,3212,0,3219,G
3-PA,1470,3215,0,1,0,3216,A
3-PA,1471,3260,0,0,0,3260,A
3-PA,1472,0,1,0,3268,3269,C
3-PA,1473,0,3188,0,0,3188,T
3-PA,1474,3209,0,1,0,3210,A
3-PA,1475,3203,0,0,0,3203,A
3-PA,1476,3193,0,4,0,3197,A
3-PA,1477,0,2,3202,0,3204,G
3-PA,1478,3082,0,3,0,3085,A
3-PA,1479,0,0,3061,0,3061,G
3-PA,1480,0,3,2975,0,2978,G
3-PA,1481,0,1,2985,0,2986,G
3-PA,1482,2964,0,1,0,2965,A
3-PA,1483,2921,0,2,1,2924,A
3-PA,1484,1,0,2928,0,2929,G
3-PA,1485,0,0,2910,0,2910,G
3-PA,1486,1,0,0,2918,2919,C
3-PA,1487,0,3,2924,0,2927,G
3-PA,1488,2917,0,0,0,2917,A
3-PA,1489,2922,0,0,0,2922,A
3-PA,1490,2917,0,0,0,2917,A
3-PA,1491,2920,0,3,0,2923,A
3-PA,1492,2921,0,2,0,2923,A
3-PA,1493,1,1,0,2922,2924,C
3-PA,1494,2,1,0,2908,2911,C
3-PA,1495,2913,0,0,0,2913,A
3-PA,1496,2938,0,0,0,2938,A
3-PA,1497,0,2929,0,0,2929,T
3-PA,1498,1,2923,1,2,2927,T
3-PA,1499,0,2937,0,0,2937,T
3-PA,1500,2953,0,0,0,2953,A
3-PA,1501,1,2946,0,0,2947,T
3-PA,1502,2942,0,2,0,2944,A
3-PA,1503,0,2928,0,1,2929,T
3-PA,1504,0,4,2901,0,2905,G
3-PA,1505,1,1,2873,0,2875,G
3-PA,1506,2861,0,1,0,2862,A
3-PA,1507,0,2846,0,0,2846,T
3-PA,1508,0,2825,0,0,2825,T
3-PA,1509,2,0,0,2820,2822,C
3-PA,1510,2829,0,2,0,2831,A
3-PA,1511,0,2834,0,2,2836,T
3-PA,1512,1,0,0,2850,2851,C
3-PA,1513,2845,0,1,0,2846,A
3-PA,1514,0,2830,0,0,2830,T
3-PA,1515,2821,0,2,1,2824,A
3-PA,1516,2816,0,1,1,2818,A
3-PA,1517,2818,0,2,0,2820,A
3-PA,1518,0,0,2811,0,2811,G
3-PA,1519,1,2,2769,0,2772,G
3-PA,1520,1,0,2741,0,2742,G
3-PA,1521,2723,0,0,0,2723,A
3-PA,1522,2703,0,3,0,2706,A
3-PA,1523,0,0,2713,0,2713,G
3-PA,1524,2701,0,0,0,2701,A
3-PA,1525,0,2692,0,2,2694,T
3-PA,1526,3,0,0,2689,2692,C
3-PA,1527,0,2626,0,6,2632,T
3-PA,1528,1,0,0,2684,2685,C
3-PA,1529,2678,0,1,0,2679,A
3-PA,1530,0,2670,0,2,2672,T
3-PA,1531,0,2671,0,2,2673,T
3-PA,1532,0,2646,0,0,2646,T
3-PA,1533,2618,0,7,0,2625,A
3-PA,1534,2622,0,2,1,2625,A
3-PA,1535,0,0,2623,0,2623,G
3-PA,1536,0,1,2639,0,2640,G
3-PA,1537,2505,0,1,0,2506,A
3-PA,1538,2506,0,0,0,2506,A
3-PA,1539,0,2494,1,0,2495,T
3-PA,1540,0,2,2506,0,2508,G
3-PA,1541,2552,0,2,0,2554,A
3-PA,1542,0,0,0,2554,2554,C
3-PA,1543,2538,0,2,0,2540,A
3-PA,1544,2,1,0,2544,2547,C
3-PA,1545,2471,0,2,0,2473,A
3-PA,1546,0,1,2491,0,2492,G
3-PA,1547,2473,0,2,0,2475,A
3-PA,1548,0,1,0,2432,2433,C
3-PA,1549,1,0,2398,0,2399,G
3-PA,1550,0,2221,0,1,2222,T
3-PA,1551,2,0,2213,0,2215,G
3-PA,1552,0,0,2229,0,2229,G
3-PA,1553,0,2228,0,0,2228,T
3-PA,1554,2235,0,0,1,2236,A
3-PA,1555,2192,0,1,0,2193,A
3-PA,1556,2193,0,0,0,2193,A
3-PA,1557,0,2179,0,0,2179,T
3-PA,1558,0,2163,0,0,2163,T
3-PA,1559,0,2155,0,1,2156,T
3-PA,1560,0,2129,0,2,2131,T
3-PA,1561,2,0,2139,0,2141,G
3-PA,1562,0,2114,0,1,2115,T
3-PA,1563,0,4,2114,0,2118,G
3-PA,1564,2106,0,4,0,2110,A
3-PA,1565,0,1,2096,0,2097,G
3-PA,1566,0,1,0,2091,2092,C
3-PA,1567,2099,0,1,0,2100,A
3-PA,1568,0,2097,0,0,2097,T
3-PA,1569,1,1,2101,0,2103,G
3-PA,1570,0,2,2100,0,2102,G
3-PA,1571,2103,0,1,0,2104,A
3-PA,1572,1,2,2103,0,2106,G
3-PA,1573,0,2064,2,2,2068,T
3-PA,1574,0,2037,0,3,2040,T
3-PA,1575,0,2048,0,0,2048,T
3-PA,1576,0,2040,0,0,2040,T
3-PA,1577,0,0,0,2045,2045,C
3-PA,1578,0,2037,0,0,2037,T
3-PA,1579,0,0,0,2022,2022,C
3-PA,1580,0,1966,0,1,1967,T
3-PA,1581,1,1,0,1965,1967,C
3-PA,1582,1959,0,2,0,1961,A
3-PA,1583,0,0,0,1960,1960,C
3-PA,1584,0,1919,0,2,1921,T
3-PA,1585,0,4,1918,0,1922,G
3-PA,1586,1907,1,0,0,1908,A
3-PA,1587,0,0,0,1908,1908,C
3-PA,1588,1,1,0,1895,1897,C
3-PA,1589,0,0,0,1879,1879,C
3-PA,1590,1,2,1880,0,1883,G
3-PA,1591,1863,0,1,0,1864,A
3-PA,1592,0,2,1873,0,1875,G
3-PA,1593,1871,0,0,0,1871,A
3-PA,1594,0,0,0,1828,1828,C
3-PA,1595,0,1799,0,1,1800,T
3-PA,1596,0,1723,0,0,1723,T
3-PA,1597,0,0,1725,0,1725,G
3-PA,1598,1700,0,2,1,1703,A
3-PA,1599,0,0,1711,0,1711,G
3-PA,1600,0,0,0,1703,1703,C
3-PA,1601,3,0,0,1650,1653,C
3-PA,1602,1652,1,0,0,1653,A
3-PA,1603,0,1,0,1655,1656,C
3-PA,1604,1656,0,0,0,1656,A
3-PA,1605,0,1660,0,0,1660,T
3-PA,1606,1642,0,0,0,1642,A
3-PA,1607,1630,0,1,0,1631,A
3-PA,1608,1622,0,1,0,1623,A
3-PA,1609,0,1597,0,0,1597,T
3-PA,1610,0,1,1603,0,1604,G
3-PA,1611,0,0,1476,0,1476,G
3-PA,1612,1,0,1464,0,1465,G
3-PA,1613,1431,0,0,0,1431,A
3-PA,1614,0,0,1438,0,1438,G
3-PA,1615,1416,0,0,0,1416,A
3-PA,1616,1380,0,0,0,1380,A
3-PA,1617,1396,0,0,0,1396,A
3-PA,1618,0,1394,0,0,1394,T
3-PA,1619,1376,0,0,0,1376,A
3-PA,1620,4,0,0,1360,1364,C
3-PA,1621,0,958,0,0,958,T
3-PA,1622,1,0,953,0,954,G
3-PA,1623,0,764,1,2,767,T
3-PA,1624,2,0,799,0,801,G
3-PA,1625,0,767,0,0,767,T
3-PA,1626,0,0,0,681,681,C
3-PA,1627,1,0,0,665,666,C
3-PA,1628,0,659,0,2,661,T
3-PA,1629,0,664,0,0,664,T
3-PA,1630,0,0,665,0,665,G
3-PA,1631,668,0,0,0,668,A
3-PA,1632,0,0,686,0,686,G
3-PA,1633,652,0,0,0,652,A
3-PA,1634,0,656,0,0,656,T
3-PA,1635,644,1,2,0,647,A
3-PA,1636,0,1,660,0,661,G
3-PA,1637,0,0,664,0,664,G
3-PA,1638,654,0,3,0,657,A
3-PA,1639,0,0,654,0,654,G
3-PA,1640,648,0,0,0,648,A
3-PA,1641,0,650,0,1,651,T
3-PA,1642,656,0,0,0,656,A
3-PA,1643,0,654,0,0,654,T
3-PA,1644,0,0,658,0,658,G
3-PA,1645,0,658,0,0,658,T
3-PA,1646,0,652,0,0,652,T
3-PA,1647,669,0,0,0,669,A
3-PA,1648,0,0,0,662,662,C
3-PA,1649,0,665,0,1,666,T
3-PA,1650,667,0,0,0,667,A
3-PA,1651,659,0,0,0,659,A
3-PA,1652,0,0,667,0,667,G
3-PA,1653,659,0,0,0,659,A
3-PA,1654,646,0,0,0,646,A
3-PA,1655,0,0,634,0,634,G
3-PA,1656,0,629,0,0,629,T
3-PA,1657,0,0,638,0,638,G
3-PA,1658,0,1,0,639,640,C
3-PA,1659,0,0,0,643,643,C
3-PA,1660,645,0,0,2,647,A
3-PA,1661,0,639,0,0,639,T
3-PA,1662,644,0,0,0,644,A
3-PA,1663,0,0,642,0,642,G
3-PA,1664,0,0,642,0,642,G
3-PA,1665,0,0,0,635,635,C
3-PA,1666,0,0,0,635,635,C
3-PA,1667,639,0,0,0,639,A
3-PA,1668,639,0,0,0,639,A
3-PA,1669,635,0,0,0,635,A
3-PA,1670,1,657,0,0,658,T
3-PA,1671,0,643,0,0,643,T
3-PA,1672,0,641,0,1,642,T
3-PA,1673,1,0,0,652,653,C
3-PA,1674,648,0,2,0,650,A
3-PA,1675,650,0,1,0,651,A
3-PA,1676,0,0,651,1,652,G
3-PA,1677,0,0,647,0,647,G
3-PA,1678,0,0,0,645,645,C
3-PA,1679,0,0,0,640,640,C
3-PA,1680,0,1,643,0,644,G
3-PA,1681,660,0,0,0,660,A
3-PA,1682,0,659,0,0,659,T
3-PA,1683,0,0,680,0,680,G
3-PA,1684,0,673,0,0,673,T
3-PA,1685,0,695,0,0,695,T
3-PA,1686,1,0,0,702,703,C
3-PA,1687,0,701,0,0,701,T
3-PA,1688,0,709,0,0,709,T
3-PA,1689,0,0,717,0,717,G
3-PA,1690,0,702,0,0,702,T
3-PA,1691,707,0,1,0,708,A
3-PA,1692,0,685,0,0,685,T
3-PA,1693,0,0,688,0,688,G
3-PA,1694,0,668,0,0,668,T
3-PA,1695,1,0,661,0,662,G
3-PA,1696,658,0,2,0,660,A
3-PA,1697,0,0,661,0,661,G
3-PA,1698,0,0,663,0,663,G
3-PA,1699,660,1,0,0,661,A
3-PA,1700,0,1,0,662,663,C
3-PA,1701,666,0,0,0,666,A
3-PA,1702,672,0,0,0,672,A
3-PA,1703,666,0,0,0,666,A
3-PA,1704,0,0,0,669,669,C
3-PA,1705,0,0,669,0,669,G
3-PA,1706,1,1,668,0,670,G
3-PA,1707,663,0,1,0,664,A
3-PA,1708,667,0,0,0,667,A
3-PA,1709,0,0,0,677,677,C
3-PA,1710,676,0,0,0,676,A
3-PA,1711,0,674,0,0,674,T
3-PA,1712,0,0,0,677,677,C
3-PA,1713,670,0,0,0,670,A
3-PA,1714,667,0,0,0,667,A
3-PA,1715,655,0,0,0,655,A
3-PA,1716,0,1,657,0,658,G
3-PA,1717,0,1,655,0,656,G
3-PA,1718,0,643,0,0,643,T
3-PA,1719,1,0,0,652,653,C
3-PA,1720,653,0,0,0,653,A
3-PA,1721,651,0,0,0,651,A
3-PA,1722,658,0,0,0,658,A
3-PA,1723,652,0,0,0,652,A
3-PA,1724,0,654,0,0,654,T
3-PA,1725,0,0,660,0,660,G
3-PA,1726,656,0,0,0,656,A
3-PA,1727,654,0,0,0,654,A
3-PA,1728,655,0,1,0,656,A
3-PA,1729,0,655,0,0,655,T
3-PA,1730,0,0,663,0,663,G
3-PA,1731,0,0,660,0,660,G
3-PA,1732,0,0,663,0,663,G
3-PA,1733,0,0,667,0,667,G
3-PA,1734,655,0,0,0,655,A
3-PA,1735,659,0,0,0,659,A
3-PA,1736,0,664,0,0,664,T
3-PA,1737,0,2,665,0,667,G
3-PA,1738,0,0,670,0,670,G
3-PA,1739,648,0,1,0,649,A
3-PA,1740,0,1,664,0,665,G
3-PA,1741,654,0,1,0,655,A
3-PA,1742,0,642,0,0,642,T
3-PA,1743,0,0,651,0,651,G
3-PA,1744,638,0,4,0,642,A
3-PA,1745,0,0,642,0,642,G
3-PA,1746,644,0,0,0,644,A
3-PA,1747,0,0,0,640,640,C
3-PA,1748,0,0,642,0,642,G
3-PA,1749,0,639,0,0,639,T
3-PA,1750,0,638,0,0,638,T
3-PA,1751,1,0,639,0,640,G
3-PA,1752,1,0,0,643,644,C
3-PA,1753,0,0,0,639,639,C
3-PA,1754,0,642,0,2,644,T
3-PA,1755,2,0,0,656,658,C
3-PA,1756,0,1,0,656,657,C
3-PA,1757,0,658,0,0,658,T
3-PA,1758,0,666,0,0,666,T
3-PA,1759,0,0,0,664,664,C
3-PA,1760,664,0,1,0,665,A
3-PA,1761,0,0,664,0,664,G
3-PA,1762,0,662,0,0,662,T
3-PA,1763,0,0,0,666,666,C
3-PA,1764,651,0,0,0,651,A
3-PA,1765,0,0,0,673,673,C
3-PA,1766,0,666,0,0,666,T
3-PA,1767,2,0,0,674,676,C
3-PA,1768,0,0,0,680,680,C
3-PA,1769,684,0,0,0,684,A
3-PA,1770,0,0,680,0,680,G
3-PA,1771,0,0,0,683,683,C
3-PA,1772,678,0,0,0,678,A
3-PA,1773,0,0,683,0,683,G
3-PA,1774,655,0,0,0,655,A
3-PA,1775,0,652,0,1,653,T
3-PA,1776,0,0,0,658,658,C
3-PA,1777,0,0,653,0,653,G
3-PA,1778,653,0,0,0,653,A
3-PA,1779,1,0,655,1,657,G
3-PA,1780,654,0,0,0,654,A
3-PA,1781,0,0,664,0,664,G
3-PA,1782,0,0,0,653,653,C
3-PA,1783,655,0,0,0,655,A
3-PA,1784,0,658,0,0,658,T
3-PA,1785,1,0,674,1,676,G
3-PA,1786,688,0,0,0,688,A
3-PA,1787,0,684,0,0,684,T
3-PA,1788,0,683,0,0,683,T
3-PA,1789,0,1,684,0,685,G
3-PA,1790,675,0,2,0,677,A
3-PA,1791,673,0,1,0,674,A
3-PA,1792,0,0,677,0,677,G
3-PA,1793,1,0,0,674,675,C
3-PA,1794,0,0,0,675,675,C
3-PA,1795,1,0,671,0,672,G
3-PA,1796,664,0,1,0,665,A
3-PA,1797,0,0,676,0,676,G
3-PA,1798,1,673,0,0,674,T
3-PA,1799,1,0,0,674,675,C
3-PA,1800,0,0,0,676,676,C
3-PA,1801,0,672,0,0,672,T
3-PA,1802,1,0,0,679,680,C
3-PA,1803,0,0,679,0,679,G
3-PA,1804,0,0,681,0,681,G
3-PA,1805,1,676,0,1,678,T
3-PA,1806,1,0,0,668,669,C
3-PA,1807,688,0,0,0,688,A
3-PA,1808,691,0,1,0,692,A
3-PA,1809,693,0,0,0,693,A
3-PA,1810,0,0,702,0,702,G
3-PA,1811,696,0,1,0,697,A
3-PA,1812,0,1,696,0,697,G
3-PA,1813,670,0,0,0,670,A
3-PA,1814,671,0,0,0,671,A
3-PA,1815,667,0,2,0,669,A
3-PA,1816,0,0,680,0,680,G
3-PA,1817,676,0,2,0,678,A
3-PA,1818,0,0,0,681,681,C
3-PA,1819,666,0,0,0,666,A
3-PA,1820,0,668,0,0,668,T
3-PA,1821,0,1,668,0,669,G
3-PA,1822,670,0,0,0,670,A
3-PA,1823,0,0,0,679,679,C
3-PA,1824,0,0,0,674,674,C
3-PA,1825,670,0,0,0,670,A
3-PA,1826,666,0,0,0,666,A
3-PA,1827,669,0,0,0,669,A
3-PA,1828,0,0,671,1,672,G
3-PA,1829,667,0,0,0,667,A
3-PA,1830,0,0,670,0,670,G
3-PA,1831,0,658,0,0,658,T
3-PA,1832,0,658,0,0,658,T
3-PA,1833,0,657,0,0,657,T
3-PA,1834,0,660,0,0,660,T
3-PA,1835,0,662,0,0,662,T
3-PA,1836,0,664,0,0,664,T
3-PA,1837,0,1,661,0,662,G
3-PA,1838,656,0,0,0,656,A
3-PA,1839,0,0,661,0,661,G
3-PA,1840,657,1,0,0,658,A
3-PA,1841,658,0,0,0,658,A
3-PA,1842,0,660,0,0,660,T
3-PA,1843,659,0,0,0,659,A
3-PA,1844,660,0,0,0,660,A
3-PA,1845,0,0,654,0,654,G
3-PA,1846,0,663,0,1,664,T
3-PA,1847,0,0,0,668,668,C
3-PA,1848,674,0,0,0,674,A
3-PA,1849,0,0,673,0,673,G
3-PA,1850,672,0,0,0,672,A
3-PA,1851,672,0,0,0,672,A
3-PA,1852,0,0,680,0,680,G
3-PA,1853,0,0,1,648,649,C
3-PA,1854,644,0,0,0,644,A
3-PA,1855,0,645,0,0,645,T
3-PA,1856,0,0,643,0,643,G
3-PA,1857,0,0,651,0,651,G
3-PA,1858,0,0,0,648,648,C
3-PA,1859,1,0,0,652,653,C
3-PA,1860,0,0,0,653,653,C
3-PA,1861,660,0,1,0,661,A
3-PA,1862,0,664,0,0,664,T
3-PA,1863,0,662,0,0,662,T
3-PA,1864,0,2,663,0,665,G
3-PA,1865,0,1,663,0,664,G
3-PA,1866,0,1,663,0,664,G
3-PA,1867,0,0,661,0,661,G
3-PA,1868,631,0,0,0,631,A
3-PA,1869,0,0,646,0,646,G
3-PA,1870,0,631,0,0,631,T
3-PA,1871,1,0,0,633,634,C
3-PA,1872,0,1,0,654,655,C
3-PA,1873,0,0,0,662,662,C
3-PA,1874,0,0,0,660,660,C
3-PA,1875,0,0,0,663,663,C
3-PA,1876,661,0,0,0,661,A
3-PA,1877,666,0,0,0,666,A
3-PA,1878,0,0,664,0,664,G
3-PA,1879,0,0,654,0,654,G
3-PA,1880,1,3,650,0,654,G
3-PA,1881,606,0,0,0,606,A
3-PA,1882,0,0,610,0,610,G
3-PA,1883,0,602,0,0,602,T
3-PA,1884,0,0,611,0,611,G
3-PA,1885,0,0,613,0,613,G
3-PA,1886,609,1,1,0,611,A
3-PA,1887,612,0,1,0,613,A
3-PA,1888,0,1,606,0,607,G
3-PA,1889,600,0,0,0,600,A
3-PA,1890,603,0,1,0,604,A
3-PA,1891,0,0,595,0,595,G
3-PA,1892,0,0,598,0,598,G
3-PA,1893,0,588,0,0,588,T
3-PA,1894,0,584,0,1,585,T
3-PA,1895,0,0,0,586,586,C
3-PA,1896,1,0,0,590,591,C
3-PA,1897,592,0,0,0,592,A
3-PA,1898,0,592,0,0,592,T
3-PA,1899,0,593,0,0,593,T
3-PA,1900,1,1,589,0,591,G
3-PA,1901,0,0,590,0,590,G
3-PA,1902,0,2,583,0,585,G
3-PA,1903,586,0,0,0,586,A
3-PA,1904,583,0,0,0,583,A
3-PA,1905,582,0,1,0,583,A
3-PA,1906,0,0,598,0,598,G
3-PA,1907,0,586,0,0,586,T
3-PA,1908,0,0,0,602,602,C
3-PA,1909,0,598,0,0,598,T
3-PA,1910,0,0,598,0,598,G
3-PA,1911,0,602,0,0,602,T
3-PA,1912,598,0,0,0,598,A
3-PA,1913,0,0,598,0,598,G
3-PA,1914,0,2,592,0,594,G
3-PA,1915,573,0,0,0,573,A
3-PA,1916,0,0,0,581,581,C
3-PA,1917,1,569,0,0,570,T
3-PA,1918,0,0,0,608,608,C
3-PA,1919,0,604,0,0,604,T
3-PA,1920,599,0,0,0,599,A
3-PA,1921,0,601,0,0,601,T
3-PA,1922,0,601,0,0,601,T
3-PA,1923,0,0,611,0,611,G
3-PA,1924,0,0,604,0,604,G
3-PA,1925,0,0,0,600,600,C
3-PA,1926,0,604,0,0,604,T
3-PA,1927,563,0,0,0,563,A
3-PA,1928,565,0,0,0,565,A
3-PA,1929,0,0,577,0,577,G
3-PA,1930,0,570,0,0,570,T
3-PA,1931,1,0,0,571,572,C
3-PA,1932,565,0,0,0,565,A
3-PA,1933,0,1,583,0,584,G
3-PA,1934,0,582,0,0,582,T
3-PA,1935,590,0,1,0,591,A
3-PA,1936,0,593,0,0,593,T
3-PA,1937,0,598,0,0,598,T
3-PA,1938,0,0,0,606,606,C
3-PA,1939,595,0,0,1,596,A
3-PA,1940,598,0,0,0,598,A
3-PA,1941,0,598,0,0,598,T
3-PA,1942,577,0,0,0,577,A
3-PA,1943,0,0,581,0,581,G
3-PA,1944,1,0,0,572,573,C
3-PA,1945,1,0,0,574,575,C
3-PA,1946,0,564,0,0,564,T
3-PA,1947,0,0,584,0,584,G
3-PA,1948,0,586,0,0,586,T
3-PA,1949,585,0,0,0,585,A
3-PA,1950,0,578,0,1,579,T
3-PA,1951,0,0,571,0,571,G
3-PA,1952,0,0,0,569,569,C
3-PA,1953,554,0,0,0,554,A
3-PA,1954,0,555,0,1,556,T
3-PA,1955,0,0,0,556,556,C
3-PA,1956,537,0,0,0,537,A
3-PA,1957,0,0,0,552,552,C
3-PA,1958,0,0,0,547,547,C
3-PA,1959,543,0,2,0,545,A
3-PA,1960,0,0,0,553,553,C
3-PA,1961,547,0,1,0,548,A
3-PA,1962,547,0,0,0,547,A
3-PA,1963,0,550,0,0,550,T
3-PA,1964,0,550,0,0,550,T
3-PA,1965,0,0,549,0,549,G
3-PA,1966,0,0,545,0,545,G
3-PA,1967,543,0,0,0,543,A
3-PA,1968,544,0,1,0,545,A
3-PA,1969,0,1,543,0,544,G
3-PA,1970,0,4,546,0,550,G
3-PA,1971,547,0,0,0,547,A
3-PA,1972,0,541,0,0,541,T
3-PA,1973,0,546,0,0,546,T
3-PA,1974,0,544,0,0,544,T
3-PA,1975,0,539,0,0,539,T
3-PA,1976,0,0,0,544,544,C
3-PA,1977,541,0,0,1,542,A
3-PA,1978,0,0,541,0,541,G
3-PA,1979,0,0,0,536,536,C
3-PA,1980,1,0,535,0,536,G
3-PA,1981,0,0,537,0,537,G
3-PA,1982,529,0,0,0,529,A
3-PA,1983,0,0,534,0,534,G
3-PA,1984,0,535,0,0,535,T
3-PA,1985,1,0,0,536,537,C
3-PA,1986,542,0,0,0,542,A
3-PA,1987,541,0,0,0,541,A
3-PA,1988,0,0,544,0,544,G
3-PA,1989,543,0,0,0,543,A
3-PA,1990,536,0,0,0,536,A
3-PA,1991,538,1,0,0,539,A
3-PA,1992,529,0,0,0,529,A
3-PA,1993,1,0,0,528,529,C
3-PA,1994,0,524,0,0,524,T
3-PA,1995,0,0,530,0,530,G
3-PA,1996,0,0,0,527,527,C
3-PA,1997,0,525,0,0,525,T
3-PA,1998,1,0,0,532,533,C
3-PA,1999,1,0,0,529,530,C
3-PA,2000,0,539,0,0,539,T
3-PA,2001,0,540,0,0,540,T
3-PA,2002,0,1,538,0,539,G
3-PA,2003,0,537,0,1,538,T
3-PA,2004,0,533,0,0,533,T
3-PA,2005,0,0,539,0,539,G
3-PA,2006,0,535,0,0,535,T
3-PA,2007,0,529,0,0,529,T
3-PA,2008,0,0,0,536,536,C
3-PA,2009,524,0,1,0,525,A
3-PA,2010,0,0,527,0,527,G
3-PA,2011,0,0,525,0,525,G
3-PA,2012,0,0,0,528,528,C
3-PA,2013,0,527,0,0,527,T
3-PA,2014,0,0,0,536,536,C
3-PA,2015,0,536,0,0,536,T
3-PA,2016,0,534,0,0,534,T
3-PA,2017,537,0,0,0,537,A
3-PA,2018,0,0,537,0,537,G
3-PA,2019,0,0,531,0,531,G
3-PA,2020,0,0,524,0,524,G
3-PA,2021,510,0,0,0,510,A
3-PA,2022,0,0,0,510,510,C
3-PA,2023,481,0,0,0,481,A
3-PA,2024,489,0,0,0,489,A
3-PA,2025,0,0,0,490,490,C
3-PA,2026,1,0,0,489,490,C
3-PA,2027,0,488,0,0,488,T
3-PA,2028,2,0,0,489,491,C
3-PA,2029,0,0,489,0,489,G
3-PA,2030,489,0,1,0,490,A
3-PA,2031,491,0,0,0,491,A
3-PA,2032,0,0,0,490,490,C
3-PA,2033,0,1,0,482,483,C
3-PA,2034,0,480,0,0,480,T
3-PA,2035,0,1,479,0,480,G
3-PA,2036,0,0,480,0,480,G
3-PA,2037,0,0,479,0,479,G
3-PA,2038,472,0,0,0,472,A
3-PA,2039,0,0,0,471,471,C
3-PA,2040,0,0,0,474,474,C
3-PA,2041,0,471,0,0,471,T
3-PA,2042,0,475,0,0,475,T
3-PA,2043,0,474,0,0,474,T
3-PA,2044,0,1,474,0,475,G
3-PA,2045,479,0,0,0,479,A
3-PA,2046,0,476,0,0,476,T
3-PA,2047,0,0,0,471,471,C
3-PA,2048,0,466,0,0,466,T
3-PA,2049,0,460,0,1,461,T
3-PA,2050,0,1,459,0,460,G
3-PA,2051,0,2,456,0,458,G
3-PA,2052,0,1,457,0,458,G
3-PA,2053,0,1,456,0,457,G
3-PA,2054,0,0,455,0,455,G
3-PA,2055,0,1,449,0,450,G
3-PA,2056,0,0,0,449,449,C
3-PA,2057,0,447,0,0,447,T
3-PA,2058,455,0,0,0,455,A
3-PA,2059,0,456,0,0,456,T
3-PA,2060,456,0,0,0,456,A
3-PA,2061,0,455,0,0,455,T
3-PA,2062,0,0,434,0,434,G
3-PA,2063,430,0,0,0,430,A
3-PA,2064,423,0,0,0,423,A
3-PA,2065,0,0,422,0,422,G
3-PA,2066,0,0,0,426,426,C
3-PA,2067,412,0,0,0,412,A
3-PA,2068,428,0,0,0,428,A
3-PA,2069,0,426,0,0,426,T
3-PA,2070,0,426,0,0,426,T
3-PA,2071,0,0,425,0,425,G
3-PA,2072,422,0,1,0,423,A
3-PA,2073,0,0,425,0,425,G
3-PA,2074,0,1,423,0,424,G
3-PA,2075,399,0,0,0,399,A
3-PA,2076,0,0,402,0,402,G
3-PA,2077,0,374,0,0,374,T
3-PA,2078,0,0,376,0,376,G
3-PA,2079,0,0,0,375,375,C
3-PA,2080,0,0,0,375,375,C
3-PA,2081,0,373,0,0,373,T
3-PA,2082,0,0,379,0,379,G
3-PA,2083,381,0,0,0,381,A
3-PA,2084,0,380,0,0,380,T
3-PA,2085,0,369,0,0,369,T
3-PA,2086,365,0,0,0,365,A
3-PA,2087,365,0,0,0,365,A
3-PA,2088,0,364,0,0,364,T
3-PA,2089,0,0,365,0,365,G
3-PA,2090,361,0,0,0,361,A
3-PA,2091,0,354,0,0,354,T
3-PA,2092,0,0,0,352,352,C
3-PA,2093,0,0,0,354,354,C
3-PA,2094,0,0,0,347,347,C
3-PA,2095,1,345,0,0,346,T
3-PA,2096,0,0,351,0,351,G
3-PA,2097,0,0,349,0,349,G
3-PA,2098,0,0,349,0,349,G
3-PA,2099,0,344,0,1,345,T
3-PA,2100,0,328,0,0,328,T
3-PA,2101,0,326,0,0,326,T
3-PA,2102,0,325,0,0,325,T
3-PA,2103,0,0,326,0,326,G
3-PA,2104,0,0,0,327,327,C
3-PA,2105,0,321,0,1,322,T
3-PA,2106,0,0,0,321,321,C
3-PA,2107,306,0,0,0,306,A
3-PA,2108,306,0,0,0,306,A
3-PA,2109,0,306,0,0,306,T
3-PA,2110,1,0,306,0,307,G
3-PA,2111,0,0,0,304,304,C
3-PA,2112,0,0,301,0,301,G
3-PA,2113,0,301,0,1,302,T
3-PA,2114,0,0,0,302,302,C
3-PA,2115,0,298,0,0,298,T
3-PA,2116,0,300,0,0,300,T
3-PA,2117,0,0,301,0,301,G
3-PA,2118,0,0,301,0,301,G
3-PA,2119,0,298,0,0,298,T
3-PA,2120,0,294,0,0,294,T
3-PA,2121,0,0,0,284,284,C
3-PA,2122,281,0,0,0,281,A
3-PA,2123,279,0,0,0,279,A
3-PA,2124,0,0,0,279,279,C
3-PA,2125,0,279,0,0,279,T
3-PA,2126,0,0,0,281,281,C
3-PA,2127,0,0,0,268,268,C
3-PA,2128,0,267,0,0,267,T
3-PA,2129,0,265,0,0,265,T
3-PA,2130,0,0,0,264,264,C
3-PA,2131,0,0,0,265,265,C
3-PA,2132,0,259,0,0,259,T
3-PA,2133,0,0,259,0,259,G
3-PA,2134,256,0,1,0,257,A
3-PA,2135,0,0,0,255,255,C
3-PA,2136,244,0,0,0,244,A
3-PA,2137,0,0,0,235,235,C
3-PA,2138,226,0,0,0,226,A
3-PA,2139,0,223,0,0,223,T
3-PA,2140,0,0,222,0,222,G
3-PA,2141,0,0,0,222,222,C
3-PA,2142,215,0,0,0,215,A
3-PA,2143,0,213,0,1,214,T
3-PA,2144,0,212,0,0,212,T
3-PA,2145,214,0,0,0,214,A
3-PA,2146,212,0,0,0,212,A
3-PA,2147,211,0,0,0,211,A
3-PA,2148,212,0,0,0,212,A
3-PA,2149,0,206,0,0,206,T
3-PA,2150,168,0,0,0,168,A
3-PA,2151,0,0,168,0,168,G
4-HA,1,264,0,0,0,264,A
4-HA,2,0,267,0,0,267,T
4-HA,3,0,0,269,0,269,G
4-HA,4,271,0,0,0,271,A
4-HA,5,272,0,0,1,273,A
4-HA,6,0,0,299,0,299,G
4-HA,7,296,0,0,0,296,A
4-HA,8,0,0,0,325,325,C
4-HA,9,0,330,0,1,331,T
4-HA,10,344,0,1,0,345,A
4-HA,11,0,360,0,1,361,T
4-HA,12,0,0,0,362,362,C
4-HA,13,362,0,0,0,362,A
4-HA,14,0,362,0,0,362,T
4-HA,15,0,363,0,0,363,T
4-HA,16,0,0,394,0,394,G
4-HA,17,0,0,0,396,396,C
4-HA,18,0,397,0,0,397,T
4-HA,19,0,397,0,0,397,T
4-HA,20,0,397,0,0,397,T
4-HA,21,0,1,425,0,426,G
4-HA,22,422,0,1,0,423,A
4-HA,23,0,0,440,0,440,G
4-HA,24,0,0,0,441,441,C
4-HA,25,0,442,0,0,442,T
4-HA,26,472,0,0,0,472,A
4-HA,27,0,0,0,476,476,C
4-HA,28,482,0,0,0,482,A
4-HA,29,0,518,0,0,518,T
4-HA,30,0,519,0,0,519,T
4-HA,31,0,0,0,520,520,C
4-HA,32,0,520,0,0,520,T
4-HA,33,529,0,0,0,529,A
4-HA,34,0,530,0,0,530,T
4-HA,35,0,0,535,1,536,G
4-HA,36,0,537,0,0,537,T
4-HA,37,1,0,0,534,535,C
4-HA,38,0,533,0,1,534,T
4-HA,39,0,0,534,0,534,G
4-HA,40,0,0,534,0,534,G
4-HA,41,0,536,0,0,536,T
4-HA,42,0,535,0,0,535,T
4-HA,43,0,539,0,0,539,T
4-HA,44,0,536,0,0,536,T
4-HA,45,0,9,0,524,533,C
4-HA,46,0,1,532,0,533,G
4-HA,47,0,0,0,542,542,C
4-HA,48,0,540,0,2,542,T
4-HA,49,0,0,0,547,547,C
4-HA,50,544,0,0,0,544,A
4-HA,51,543,0,0,0,543,A
4-HA,52,546,0,0,0,546,A
4-HA,53,543,0,0,0,543,A
4-HA,54,546,0,0,0,546,A
4-HA,55,0,0,0,553,553,C
4-HA,56,0,552,0,0,552,T
4-HA,57,0,554,0,0,554,T
4-HA,58,0,0,0,554,554,C
4-HA,59,0,0,0,550,550,C
4-HA,60,0,553,0,1,554,T
4-HA,61,0,0,556,0,556,G
4-HA,62,0,0,557,0,557,G
4-HA,63,556,0,0,0,556,A
4-HA,64,563,0,0,0,563,A
4-HA,65,566,0,0,0,566,A
4-HA,66,0,573,0,0,573,T
4-HA,67,0,0,580,0,580,G
4-HA,68,581,0,0,0,581,A
4-HA,69,0,1,0,586,587,C
4-HA,70,586,0,0,0,586,A
4-HA,71,586,0,1,0,587,A
4-HA,72,0,0,0,593,593,C
4-HA,73,591,0,1,0,592,A
4-HA,74,0,0,599,0,599,G
4-HA,75,0,0,0,599,599,C
4-HA,76,602,0,0,0,602,A
4-HA,77,0,1,0,614,615,C
4-HA,78,0,1,612,0,613,G
4-HA,79,0,0,617,0,617,G
4-HA,80,0,0,0,620,620,C
4-HA,81,620,0,0,0,620,A
4-HA,82,623,0,0,0,623,A
4-HA,83,0,1,0,631,632,C
4-HA,84,0,0,634,0,634,G
4-HA,85,1,0,0,635,636,C
4-HA,86,0,635,0,1,636,T
4-HA,87,0,0,644,0,644,G
4-HA,88,0,641,0,0,641,T
4-HA,89,0,0,666,0,666,G
4-HA,90,0,1,0,677,678,C
4-HA,91,0,0,0,689,689,C
4-HA,92,0,684,0,0,684,T
4-HA,93,0,675,0,0,675,T
4-HA,94,0,1,680,0,681,G
4-HA,95,0,0,676,0,676,G
4-HA,96,0,0,687,0,687,G
4-HA,97,0,0,0,691,691,C
4-HA,98,682,1,1,0,684,A
4-HA,99,0,0,0,686,686,C
4-HA,100,0,0,0,679,679,C
4-HA,101,727,0,0,0,727,A
4-HA,102,0,733,0,0,733,T
4-HA,103,0,0,741,0,741,G
4-HA,104,0,1,0,740,741,C
4-HA,105,734,0,1,0,735,A
4-HA,106,0,0,782,0,782,G
4-HA,107,0,785,0,0,785,T
4-HA,108,789,0,0,0,789,A
4-HA,109,1,0,0,789,790,C
4-HA,110,0,1,0,761,762,C
4-HA,111,773,0,0,0,773,A
4-HA,112,774,0,0,0,774,A
4-HA,113,773,0,0,0,773,A
4-HA,114,0,0,0,784,784,C
4-HA,115,0,1,756,0,757,G
4-HA,116,0,0,777,0,777,G
4-HA,117,768,0,1,0,769,A
4-HA,118,777,0,0,0,777,A
4-HA,119,0,0,0,780,780,C
4-HA,120,776,0,0,0,776,A
4-HA,121,801,0,0,0,801,A
4-HA,122,0,801,0,0,801,T
4-HA,123,808,0,0,0,808,A
4-HA,124,0,0,811,0,811,G
4-HA,125,0,793,0,0,793,T
4-HA,126,0,0,797,0,797,G
4-HA,127,795,0,0,0,795,A
4-HA,128,799,0,0,0,799,A
4-HA,129,798,0,0,0,798,A
4-HA,130,797,0,0,0,797,A
4-HA,131,0,0,0,805,805,C
4-HA,132,808,0,0,0,808,A
4-HA,133,808,0,0,0,808,A
4-HA,134,0,811,0,0,811,T
4-HA,135,0,0,0,809,809,C
4-HA,136,809,0,0,0,809,A
4-HA,137,0,0,0,814,814,C
4-HA,138,0,1,814,0,815,G
4-HA,139,810,0,0,0,810,A
4-HA,140,809,0,0,0,809,A
4-HA,141,0,811,0,0,811,T
4-HA,142,0,1,811,0,812,G
4-HA,143,811,0,1,0,812,A
4-HA,144,0,1,0,811,812,C
4-HA,145,1,0,0,811,812,C
4-HA,146,820,0,1,0,821,A
4-HA,147,821,0,0,0,821,A
4-HA,148,825,0,0,0,825,A
4-HA,149,0,826,0,0,826,T
4-HA,150,0,823,0,0,823,T
4-HA,151,0,1,830,0,831,G
4-HA,152,828,0,0,0,828,A
4-HA,153,826,0,2,0,828,A
4-HA,154,0,0,829,0,829,G
4-HA,155,0,827,0,1,828,T
4-HA,156,0,854,0,0,854,T
4-HA,157,861,0,0,0,861,A
4-HA,158,0,0,0,869,869,C
4-HA,159,0,869,0,0,869,T
4-HA,160,863,0,0,0,863,A
4-HA,161,880,0,0,1,881,A
4-HA,162,0,880,0,0,880,T
4-HA,163,1,0,879,0,880,G
4-HA,164,0,0,0,922,922,C
4-HA,165,0,905,0,0,905,T
4-HA,166,906,0,1,0,907,A
4-HA,167,0,1,0,910,911,C
4-HA,168,0,902,0,0,902,T
4-HA,169,0,0,908,0,908,G
4-HA,170,903,0,0,0,903,A
4-HA,171,0,0,906,0,906,G
4-HA,172,0,0,0,908,908,C
4-HA,173,0,889,0,0,889,T
4-HA,174,0,2,911,0,913,G
4-HA,175,0,0,926,0,926,G
4-HA,176,0,925,0,0,925,T
4-HA,177,0,930,0,0,930,T
4-HA,178,1,1,0,923,925,C
4-HA,179,923,0,0,0,923,A
4-HA,180,0,0,932,0,932,G
4-HA,181,931,0,0,0,931,A
4-HA,182,0,1,952,0,953,G
4-HA,183,0,950,0,0,950,T
4-HA,184,0,940,0,0,940,T
4-HA,185,2,1,0,939,942,C
4-HA,186,0,0,0,941,941,C
4-HA,187,0,941,0,1,942,T
4-HA,188,1,1,0,944,946,C
4-HA,189,939,0,1,0,940,A
4-HA,190,942,0,1,0,943,A
4-HA,191,0,0,0,941,941,C
4-HA,192,924,0,2,0,926,A
4-HA,193,0,0,943,0,943,G
4-HA,194,0,0,941,0,941,G
4-HA,195,0,929,0,0,929,T
4-HA,196,0,1,942,0,943,G
4-HA,197,941,0,1,0,942,A
4-HA,198,942,0,0,0,942,A
4-HA,199,969,0,1,0,970,A
4-HA,200,0,967,0,0,967,T
4-HA,201,979,0,0,0,979,A
4-HA,202,0,967,0,1,968,T
4-HA,203,0,0,966,0,966,G
4-HA,204,0,1,0,967,968,C
4-HA,205,0,1,968,0,969,G
4-HA,206,964,0,1,0,965,A
4-HA,207,0,0,0,972,972,C
4-HA,208,946,0,0,0,946,A
4-HA,209,0,0,1006,0,1006,G
4-HA,210,0,995,0,0,995,T
4-HA,211,0,0,0,1009,1009,C
4-HA,212,0,0,0,1008,1008,C
4-HA,213,0,999,0,2,1001,T
4-HA,214,1,0,0,1024,1025,C
4-HA,215,1026,0,0,0,1026,A
4-HA,216,1,1023,0,0,1024,T
4-HA,217,0,0,0,1024,1024,C
4-HA,218,975,0,0,0,975,A
4-HA,219,0,2,976,0,978,G
4-HA,220,968,0,1,0,969,A
4-HA,221,0,971,0,0,971,T
4-HA,222,0,0,0,988,988,C
4-HA,223,1,0,0,984,985,C
4-HA,224,0,989,0,0,989,T
4-HA,225,0,989,0,0,989,T
4-HA,226,1,1,991,0,993,G
4-HA,227,993,0,0,0,993,A
4-HA,228,0,991,0,1,992,T
4-HA,229,0,1,1000,0,1001,G
4-HA,230,0,0,998,0,998,G
4-HA,231,980,1,1,1,983,A
4-HA,232,0,0,993,0,993,G
4-HA,233,981,0,3,0,984,A
4-HA,234,0,2,980,0,982,G
4-HA,235,1003,0,2,0,1005,A
4-HA,236,1011,0,2,0,1013,A
4-HA,237,0,0,0,1017,1017,C
4-HA,238,0,1009,0,0,1009,T
4-HA,239,0,0,1019,0,1019,G
4-HA,240,0,0,0,1019,1019,C
4-HA,241,1020,0,2,0,1022,A
4-HA,242,1,0,0,1058,1059,C
4-HA,243,1056,0,1,0,1057,A
4-HA,244,0,0,0,1167,1167,C
4-HA,245,0,1168,0,0,1168,T
4-HA,246,1163,0,0,0,1163,A
4-HA,247,1164,0,0,0,1164,A
4-HA,248,0,1152,0,0,1152,T
4-HA,249,1153,0,1,0,1154,A
4-HA,250,0,0,1154,0,1154,G
4-HA,251,1123,0,0,0,1123,A
4-HA,252,0,1092,0,0,1092,T
4-HA,253,1,0,1058,0,1059,G
4-HA,254,0,1,0,1049,1050,C
4-HA,255,0,0,1045,0,1045,G
4-HA,256,1,0,0,1103,1104,C
4-HA,257,0,1102,0,0,1102,T
4-HA,258,1152,0,0,0,1152,A
4-HA,259,0,1149,0,2,1151,T
4-HA,260,0,1152,0,0,1152,T
4-HA,261,0,1,1171,0,1172,G
4-HA,262,0,1,1179,0,1180,G
4-HA,263,0,2,1193,0,1195,G
4-HA,264,1184,0,1,0,1185,A
4-HA,265,0,2,1182,0,1184,G
4-HA,266,1185,0,0,0,1185,A
4-HA,267,0,0,2,1392,1394,C
4-HA,268,0,0,0,1448,1448,C
4-HA,269,1,0,0,1479,1480,C
4-HA,270,0,1486,0,0,1486,T
4-HA,271,1,0,0,1508,1509,C
4-HA,272,1506,0,1,0,1507,A
4-HA,273,1111,0,424,1,1536,A
4-HA,274,0,1577,0,0,1577,T
4-HA,275,0,2,1604,0,1606,G
4-HA,276,1,1599,0,0,1600,T
4-HA,277,0,0,1593,0,1593,G
4-HA,278,1586,3,0,0,1589,A
4-HA,279,0,1582,0,0,1582,T
4-HA,280,1,1,1572,0,1574,G
4-HA,281,0,0,1573,0,1573,G
4-HA,282,0,1,0,1575,1576,C
4-HA,283,0,1579,0,0,1579,T
4-HA,284,0,1572,1,2,1575,T
4-HA,285,1,0,0,1577,1578,C
4-HA,286,0,0,0,1582,1582,C
4-HA,287,1582,0,0,0,1582,A
4-HA,288,1594,0,0,0,1594,A
4-HA,289,1591,0,0,0,1591,A
4-HA,290,1589,0,1,0,1590,A
4-HA,291,0,1603,0,0,1603,T
4-HA,292,1605,0,0,0,1605,A
4-HA,293,1606,0,2,0,1608,A
4-HA,294,0,1,1609,0,1610,G
4-HA,295,1620,0,0,0,1620,A
4-HA,296,1623,0,0,0,1623,A
4-HA,297,1623,0,1,0,1624,A
4-HA,298,0,1621,0,0,1621,T
4-HA,299,0,3,1613,0,1616,G
4-HA,300,0,1,1612,0,1613,G
4-HA,301,0,0,1614,0,1614,G
4-HA,302,1602,0,0,0,1602,A
4-HA,303,1,0,1,1618,1620,C
4-HA,304,1,0,0,1633,1634,C
4-HA,305,0,1662,0,3,1665,T
4-HA,306,0,1666,0,0,1666,T
4-HA,307,0,1659,0,0,1659,T
4-HA,308,0,1682,0,1,1683,T
4-HA,309,0,1678,0,1,1679,T
4-HA,310,5,1,1679,0,1685,G
4-HA,311,0,1688,0,1,1689,T
4-HA,312,0,1682,0,0,1682,T
4-HA,313,0,0,1679,0,1679,G
4-HA,314,1677,0,0,0,1677,A
4-HA,315,1682,0,2,0,1684,A
4-HA,316,0,0,0,1688,1688,C
4-HA,317,0,0,1687,0,1687,G
4-HA,318,0,0,0,1716,1716,C
4-HA,319,1713,0,1,0,1714,A
4-HA,320,6,0,1721,0,1727,G
4-HA,321,0,0,0,1727,1727,C
4-HA,322,1720,0,0,0,1720,A
4-HA,323,1727,0,1,0,1728,A
4-HA,324,1725,0,3,1,1729,A
4-HA,325,0,0,1829,0,1829,G
4-HA,326,1,0,0,1815,1816,C
4-HA,327,0,0,0,1821,1821,C
4-HA,328,0,1826,0,0,1826,T
4-HA,329,1823,0,1,0,1824,A
4-HA,330,0,1,0,1852,1853,C
4-HA,331,1859,0,1,0,1860,A
4-HA,332,0,0,1847,0,1847,G
4-HA,333,0,0,0,1840,1840,C
4-HA,334,1812,0,2,0,1814,A
4-HA,335,1824,0,0,0,1824,A
4-HA,336,0,0,0,1916,1916,C
4-HA,337,0,1905,0,0,1905,T
4-HA,338,0,0,1922,0,1922,G
4-HA,339,0,1901,0,0,1901,T
4-HA,340,0,1907,0,0,1907,T
4-HA,341,1903,0,1,0,1904,A
4-HA,342,0,0,0,2082,2082,C
4-HA,343,1,0,0,2085,2086,C
4-HA,344,1,1,0,2137,2139,C
4-HA,345,0,2089,0,1,2090,T
4-HA,346,0,2083,0,0,2083,T
4-HA,347,2093,0,0,0,2093,A
4-HA,348,1,2083,0,1,2085,T
4-HA,349,0,0,2084,0,2084,G
4-HA,350,2079,0,1,0,2080,A
4-HA,351,0,1989,0,0,1989,T
4-HA,352,0,0,2028,0,2028,G
4-HA,353,0,1976,0,1,1977,T
4-HA,354,0,0,1986,0,1986,G
4-HA,355,0,1,0,1986,1987,C
4-HA,356,1,3,1,1983,1988,C
4-HA,357,3,1,2011,0,2015,G
4-HA,358,2,0,2044,0,2046,G
4-HA,359,2036,0,0,0,2036,A
4-HA,360,0,2066,0,0,2066,T
4-HA,361,0,2030,0,1,2031,T
4-HA,362,2040,0,1,0,2041,A
4-HA,363,0,2039,0,0,2039,T
4-HA,364,1,0,2034,0,2035,G
4-HA,365,0,2,0,2023,2025,C
4-HA,366,1,0,0,2024,2025,C
4-HA,367,0,2043,0,3,2046,T
4-HA,368,1,0,1,2165,2167,C
4-HA,369,1,1,0,2177,2179,C
4-HA,370,5,0,0,2189,2194,C
4-HA,371,0,2177,0,3,2180,T
4-HA,372,0,2189,0,0,2189,T
4-HA,373,2178,0,0,0,2178,A
4-HA,374,0,2,2208,0,2210,G
4-HA,375,0,0,2218,0,2218,G
4-HA,376,2,2195,0,2,2199,T
4-HA,377,6,0,0,2185,2191,C
4-HA,378,2157,0,1,0,2158,A
4-HA,379,0,0,0,2227,2227,C
4-HA,380,0,2236,0,0,2236,T
4-HA,381,2236,1,0,0,2237,A
4-HA,382,0,0,2226,0,2226,G
4-HA,383,3,2199,0,1,2203,T
4-HA,384,0,2203,0,1,2204,T
4-HA,385,1,0,2225,0,2226,G
4-HA,386,0,3,0,2209,2212,C
4-HA,387,3,1,0,2214,2218,C
4-HA,388,1,2200,0,3,2204,T
4-HA,389,0,0,0,2226,2226,C
4-HA,390,2281,0,0,0,2281,A
4-HA,391,0,2287,0,3,2290,T
4-HA,392,2,0,0,2284,2286,C
4-HA,393,0,2,0,2291,2293,C
4-HA,394,1,2,2272,0,2275,G
4-HA,395,3,0,2266,0,2269,G
4-HA,396,1,1,0,2282,2284,C
4-HA,397,2305,0,0,0,2305,A
4-HA,398,0,0,0,2337,2337,C
4-HA,399,2286,0,1,0,2287,A
4-HA,400,0,0,0,2308,2308,C
4-HA,401,0,2309,0,0,2309,T
4-HA,402,2,0,2323,0,2325,G
4-HA,403,1,0,2336,0,2337,G
4-HA,404,2324,0,0,0,2324,A
4-HA,405,0,0,2337,0,2337,G
4-HA,406,0,2324,0,0,2324,T
4-HA,407,0,2328,0,0,2328,T
4-HA,408,0,2327,0,1,2328,T
4-HA,409,2328,0,1,0,2329,A
4-HA,410,2325,0,1,0,2326,A
4-HA,411,2,1,0,2336,2339,C
4-HA,412,2303,0,1,0,2304,A
4-HA,413,2307,0,0,0,2307,A
4-HA,414,0,2302,0,3,2305,T
4-HA,415,0,0,2295,0,2295,G
4-HA,416,2294,0,1,0,2295,A
4-HA,417,2297,0,1,0,2298,A
4-HA,418,2302,1,2,0,2305,A
4-HA,419,0,0,2305,0,2305,G
4-HA,420,1,0,0,2325,2326,C
4-HA,421,1,2314,0,5,2320,T
4-HA,422,0,2314,0,1,2315,T
4-HA,423,2,0,0,2340,2342,C
4-HA,424,2343,0,0,0,2343,A
4-HA,425,2335,1,0,0,2336,A
4-HA,426,0,2347,0,0,2347,T
4-HA,427,0,2335,0,0,2335,T
4-HA,428,0,1,2391,0,2392,G
4-HA,429,0,2,2400,0,2402,G
4-HA,430,2414,0,1,0,2415,A
4-HA,431,0,0,0,2424,2424,C
4-HA,432,1,2396,0,2,2399,T
4-HA,433,1,3,2395,0,2399,G
4-HA,434,0,0,2406,0,2406,G
4-HA,435,2403,0,2,0,2405,A
4-HA,436,1,0,2408,0,2409,G
4-HA,437,2,2378,0,2,2382,T
4-HA,438,5,0,0,2347,2352,C
4-HA,439,2373,0,1,0,2374,A
4-HA,440,0,0,0,2388,2388,C
4-HA,441,0,2379,0,1,2380,T
4-HA,442,5,1,0,2380,2386,C
4-HA,443,2358,0,1,0,2359,A
4-HA,444,2380,0,0,0,2380,A
4-HA,445,2360,0,0,0,2360,A
4-HA,446,2364,0,1,0,2365,A
4-HA,447,0,3,0,2387,2390,C
4-HA,448,2,3,2365,0,2370,G
4-HA,449,0,2,2388,0,2390,G
4-HA,450,2374,1,2,0,2377,A
4-HA,451,2382,0,3,0,2385,A
4-HA,452,0,0,0,2396,2396,C
4-HA,453,2389,0,0,0,2389,A
4-HA,454,2404,0,0,1,2405,A
4-HA,455,0,0,2409,0,2409,G
4-HA,456,0,0,0,2407,2407,C
4-HA,457,0,2385,0,3,2388,T
4-HA,458,1,0,0,2400,2401,C
4-HA,459,0,2384,0,0,2384,T
4-HA,460,1,1,2384,0,2386,G
4-HA,461,0,2,0,2381,2383,C
4-HA,462,0,2392,1,1,2394,T
4-HA,463,0,2438,0,2,2440,T
4-HA,464,0,1,2485,0,2486,G
4-HA,465,0,1,0,2503,2504,C
4-HA,466,2509,1,0,0,2510,A
4-HA,467,0,2507,0,0,2507,T
4-HA,468,2493,0,2,0,2495,A
4-HA,469,2477,0,0,1,2478,A
4-HA,470,0,2,2485,0,2487,G
4-HA,471,2,4,2477,0,2483,G
4-HA,472,2407,0,2,0,2409,A
4-HA,473,1,2,2425,0,2428,G
4-HA,474,2391,1,3,0,2395,A
4-HA,475,0,2507,0,0,2507,T
4-HA,476,0,0,0,2521,2521,C
4-HA,477,0,2548,0,0,2548,T
4-HA,478,2539,0,0,0,2539,A
4-HA,479,2536,0,0,0,2536,A
4-HA,480,1,2513,0,21,2535,T
4-HA,481,2534,0,0,0,2534,A
4-HA,482,2507,0,3,0,2510,A
4-HA,483,0,1,0,2525,2526,C
4-HA,484,2448,0,1,0,2449,A
4-HA,485,0,0,2470,0,2470,G
4-HA,486,1,2419,0,1,2421,T
4-HA,487,0,2488,0,0,2488,T
4-HA,488,0,2488,1,0,2489,T
4-HA,489,1,0,0,2532,2533,C
4-HA,490,0,2530,0,1,2531,T
4-HA,491,0,2544,1,0,2545,T
4-HA,492,1,2538,0,2,2541,T
4-HA,493,2538,1,1,0,2540,A
4-HA,494,0,2,2536,0,2538,G
4-HA,495,0,2521,0,0,2521,T
4-HA,496,2521,0,1,0,2522,A
4-HA,497,0,1,2523,0,2524,G
4-HA,498,2491,0,1,0,2492,A
4-HA,499,0,2489,0,2,2491,T
4-HA,500,0,2487,0,0,2487,T
4-HA,501,1,1,2529,0,2531,G
4-HA,502,2525,0,1,0,2526,A
4-HA,503,2525,0,0,0,2525,A
4-HA,504,0,2515,0,0,2515,T
4-HA,505,0,2528,0,0,2528,T
4-HA,506,0,2,2584,0,2586,G
4-HA,507,0,0,2582,0,2582,G
4-HA,508,0,2576,0,2,2578,T
4-HA,509,1,2577,1,2,2581,T
4-HA,510,2,4,2530,0,2536,G
4-HA,511,2547,1,0,0,2548,A
4-HA,512,0,0,0,2555,2555,C
4-HA,513,5,0,0,2533,2538,C
4-HA,514,3,1,0,2528,2532,C
4-HA,515,2530,0,1,0,2531,A
4-HA,516,0,0,0,2527,2527,C
4-HA,517,0,2501,0,2,2503,T
4-HA,518,2,1,0,2514,2517,C
4-HA,519,2542,0,0,0,2542,A
4-HA,520,2544,1,0,0,2545,A
4-HA,521,2546,1,1,0,2548,A
4-HA,522,2574,0,0,2,2576,A
4-HA,523,0,2610,0,0,2610,T
4-HA,524,0,2604,0,0,2604,T
4-HA,525,4,0,0,2618,2622,C
4-HA,526,2622,0,0,0,2622,A
4-HA,527,2618,0,2,0,2620,A
4-HA,528,2624,0,0,0,2624,A
4-HA,529,0,2616,0,0,2616,T
4-HA,530,2665,0,0,0,2665,A
4-HA,531,0,1,0,2672,2673,C
4-HA,532,1,0,0,2623,2624,C
4-HA,533,3,1,0,2622,2626,C
4-HA,534,2624,0,1,0,2625,A
4-HA,535,0,0,2729,0,2729,G
4-HA,536,0,1,0,2744,2745,C
4-HA,537,2743,0,0,0,2743,A
4-HA,538,0,2741,0,0,2741,T
4-HA,539,0,2664,0,0,2664,T
4-HA,540,3,2,2751,0,2756,G
4-HA,541,2759,0,2,0,2761,A
4-HA,542,2768,0,2,0,2770,A
4-HA,543,0,2,0,2769,2771,C
4-HA,544,0,1,2706,0,2707,G
4-HA,545,0,2706,0,0,2706,T
4-HA,546,0,1,2723,0,2724,G
4-HA,547,2724,0,0,0,2724,A
4-HA,548,0,1,0,2736,2737,C
4-HA,549,0,2666,0,1,2667,T
4-HA,550,2730,0,0,1,2731,A
4-HA,551,0,2720,0,3,2723,T
4-HA,552,2,0,2735,0,2737,G
4-HA,553,0,2,0,2730,2732,C
4-HA,554,2,1,0,2703,2706,C
4-HA,555,2705,0,1,0,2706,A
4-HA,556,2701,0,1,0,2702,A
4-HA,557,2741,1,2,0,2744,A
4-HA,558,0,0,0,2770,2770,C
4-HA,559,2710,0,0,0,2710,A
4-HA,560,2722,0,2,0,2724,A
4-HA,561,1,2712,0,0,2713,T
4-HA,562,0,5,2706,0,2711,G
4-HA,563,2703,0,2,0,2705,A
4-HA,564,2701,0,0,0,2701,A
4-HA,565,0,1,0,2677,2678,C
4-HA,566,2699,0,1,0,2700,A
4-HA,567,2714,0,0,0,2714,A
4-HA,568,0,2703,0,0,2703,T
4-HA,569,0,2711,0,0,2711,T
4-HA,570,0,2714,0,0,2714,T
4-HA,571,0,3,2696,0,2699,G
4-HA,572,2710,0,4,0,2714,A
4-HA,573,1,0,1,2719,2721,C
4-HA,574,2708,0,0,1,2709,A
4-HA,575,2710,0,1,1,2712,A
4-HA,576,2756,0,0,0,2756,A
4-HA,577,0,2773,0,0,2773,T
4-HA,578,0,2764,0,0,2764,T
4-HA,579,0,0,2794,0,2794,G
4-HA,580,0,2778,0,0,2778,T
4-HA,581,2786,0,2,0,2788,A
4-HA,582,1,1,0,2844,2846,C
4-HA,583,2853,0,0,0,2853,A
4-HA,584,0,2883,0,0,2883,T
4-HA,585,0,2844,1,1,2846,T
4-HA,586,0,2841,0,0,2841,T
4-HA,587,0,0,2824,0,2824,G
4-HA,588,1,6,2797,0,2804,G
4-HA,589,0,1,2800,0,2801,G
4-HA,590,1,3,2817,0,2821,G
4-HA,591,1,3,2764,0,2768,G
4-HA,592,4,0,2838,0,2842,G
4-HA,593,0,2791,0,4,2795,T
4-HA,594,1,2810,0,0,2811,T
4-HA,595,1,0,0,2803,2804,C
4-HA,596,2795,0,2,0,2797,A
4-HA,597,1,1,0,2815,2817,C
4-HA,598,3,0,0,2812,2815,C
4-HA,599,2824,0,0,0,2824,A
4-HA,600,0,1,0,2845,2846,C
4-HA,601,1,1,0,2814,2816,C
4-HA,602,5,2,0,2799,2806,C
4-HA,603,0,4,2804,0,2808,G
4-HA,604,0,1,2902,0,2903,G
4-HA,605,2,0,2918,0,2920,G
4-HA,606,0,2894,0,0,2894,T
4-HA,607,2916,0,0,0,2916,A
4-HA,608,1,1,1,2895,2898,C
4-HA,609,3,4,2863,1,2871,G
4-HA,610,2,4,2888,0,2894,G
4-HA,611,2894,1,0,0,2895,A
4-HA,612,2,0,0,2900,2902,C
4-HA,613,2770,0,1,0,2771,A
4-HA,614,2772,0,0,0,2772,A
4-HA,615,0,2758,0,1,2759,T
4-HA,616,0,0,2795,0,2795,G
4-HA,617,2793,0,3,0,2796,A
4-HA,618,0,0,0,2790,2790,C
4-HA,619,4,0,0,2772,2776,C
4-HA,620,2775,0,0,0,2775,A
4-HA,621,2763,0,0,0,2763,A
4-HA,622,2796,0,0,0,2796,A
4-HA,623,0,2774,0,0,2774,T
4-HA,624,2,0,0,2828,2830,C
4-HA,625,0,2737,0,1,2738,T
4-HA,626,1,2731,0,0,2732,T
4-HA,627,2,3,0,2765,2770,C
4-HA,628,4,2,0,2781,2787,C
4-HA,629,1,2773,0,2,2776,T
4-HA,630,3,1,2781,0,2785,G
4-HA,631,0,2736,0,0,2736,T
4-HA,632,2761,6,0,0,2767,A
4-HA,633,0,2742,0,3,2745,T
4-HA,634,0,1,2763,0,2764,G
4-HA,635,0,1,1,2758,2760,C
4-HA,636,0,2742,0,5,2747,T
4-HA,637,2,3,0,2750,2755,C
4-HA,638,2756,0,3,1,2760,A
4-HA,639,2752,0,0,0,2752,A
4-HA,640,0,0,2759,0,2759,G
4-HA,641,0,1,0,2774,2775,C
4-HA,642,2761,0,2,0,2763,A
4-HA,643,0,2734,0,0,2734,T
4-HA,644,1,1,0,2752,2754,C
4-HA,645,2740,1,2,0,2743,A
4-HA,646,2,1,2765,0,2768,G
4-HA,647,1,1,2768,0,2770,G
4-HA,648,2766,0,0,0,2766,A
4-HA,649,2743,0,1,0,2744,A
4-HA,650,1,3,2785,0,2789,G
4-HA,651,2786,0,1,0,2787,A
4-HA,652,2820,0,0,1,2821,A
4-HA,653,0,2827,0,3,2830,T
4-HA,654,5,0,0,2841,2846,C
4-HA,655,2828,0,2,0,2830,A
4-HA,656,0,1,0,2827,2828,C
4-HA,657,2834,0,0,0,2834,A
4-HA,658,0,0,2864,0,2864,G
4-HA,659,0,2794,0,0,2794,T
4-HA,660,1,0,0,2826,2827,C
4-HA,661,1,2796,0,0,2797,T
4-HA,662,1,1,0,2836,2838,C
4-HA,663,0,2836,0,1,2837,T
4-HA,664,2866,0,0,0,2866,A
4-HA,665,0,1,0,2867,2868,C
4-HA,666,3,1,0,2861,2865,C
4-HA,667,2819,0,2,0,2821,A
4-HA,668,2816,0,0,0,2816,A
4-HA,669,2796,0,1,0,2797,A
4-HA,670,2798,0,4,1,2803,A
4-HA,671,0,2,2793,1,2796,G
4-HA,672,2744,0,0,0,2744,A
4-HA,673,2729,0,2,0,2731,A
4-HA,674,0,0,2721,0,2721,G
4-HA,675,0,1,0,2728,2729,C
4-HA,676,1,0,0,2752,2753,C
4-HA,677,2756,0,0,0,2756,A
4-HA,678,2745,0,8,0,2753,A
4-HA,679,1,0,0,2756,2757,C
4-HA,680,2769,0,0,0,2769,A
4-HA,681,2767,0,1,0,2768,A
4-HA,682,2756,0,0,1,2757,A
4-HA,683,0,0,0,2818,2818,C
4-HA,684,2,2798,0,0,2800,T
4-HA,685,1,0,2805,0,2806,G
4-HA,686,0,2789,0,0,2789,T
4-HA,687,2813,1,0,0,2814,A
4-HA,688,2822,0,1,1,2824,A
4-HA,689,0,2783,0,1,2784,T
4-HA,690,4,0,0,2809,2813,C
4-HA,691,2,0,0,2815,2817,C
4-HA,692,1,2,0,2779,2782,C
4-HA,693,1,3,2789,0,2793,G
4-HA,694,2779,0,1,0,2780,A
4-HA,695,2784,0,0,0,2784,A
4-HA,696,0,2793,0,1,2794,T
4-HA,697,2783,0,1,0,2784,A
4-HA,698,1,2764,1,0,2766,T
4-HA,699,1,1,0,2749,2751,C
4-HA,700,3,1,2754,0,2758,G
4-HA,701,0,0,2814,1,2815,G
4-HA,702,2806,0,0,0,2806,A
4-HA,703,0,2823,0,3,2826,T
4-HA,704,3,0,1,2826,2830,C
4-HA,705,0,2821,0,2,2823,T
4-HA,706,2818,0,1,0,2819,A
4-HA,707,2,0,2819,0,2821,G
4-HA,708,2836,0,3,0,2839,A
4-HA,709,1,1,1,2813,2816,C
4-HA,710,2,1,1,2751,2755,C
4-HA,711,1,0,0,2759,2760,C
4-HA,712,2746,0,1,0,2747,A
4-HA,713,0,1,2885,0,2886,G
4-HA,714,2881,0,3,0,2884,A
4-HA,715,0,0,2926,0,2926,G
4-HA,716,0,2880,0,1,2881,T
4-HA,717,2885,0,1,0,2886,A
4-HA,718,2881,0,2,1,2884,A
4-HA,719,1,3,2930,0,2934,G
4-HA,720,0,2,2950,0,2952,G
4-HA,721,2908,0,1,1,2910,A
4-HA,722,2719,0,0,0,2719,A
4-HA,723,1,2705,0,0,2706,T
4-HA,724,2704,0,1,0,2705,A
4-HA,725,0,2690,0,1,2691,T
4-HA,726,2,0,0,2729,2731,C
4-HA,727,5,1,0,2733,2739,C
4-HA,728,2,0,0,2684,2686,C
4-HA,729,2,2668,0,1,2671,T
4-HA,730,2679,0,0,0,2679,A
4-HA,731,1,0,2683,0,2684,G
4-HA,732,0,2,0,2681,2683,C
4-HA,733,2637,0,1,0,2638,A
4-HA,734,1,3,2702,0,2706,G
4-HA,735,2661,0,0,0,2661,A
4-HA,736,2670,0,0,0,2670,A
4-HA,737,0,2675,0,0,2675,T
4-HA,738,2670,0,0,0,2670,A
4-HA,739,2661,0,4,0,2665,A
4-HA,740,0,1,2650,0,2651,G
4-HA,741,1,0,0,2650,2651,C
4-HA,742,2662,0,0,0,2662,A
4-HA,743,0,2575,0,1,2576,T
4-HA,744,1,0,0,2699,2700,C
4-HA,745,0,2688,0,1,2689,T
4-HA,746,2706,2,0,0,2708,A
4-HA,747,1,2710,0,0,2711,T
4-HA,748,0,2686,0,1,2687,T
4-HA,749,0,1,2700,0,2701,G
4-HA,750,2,1,2679,0,2682,G
4-HA,751,2681,1,1,0,2683,A
4-HA,752,1,1,0,2687,2689,C
4-HA,753,2558,0,2,0,2560,A
4-HA,754,2601,0,0,0,2601,A
4-HA,755,0,2726,0,0,2726,T
4-HA,756,2739,0,0,0,2739,A
4-HA,757,0,2,2762,0,2764,G
4-HA,758,0,2734,0,1,2735,T
4-HA,759,2737,0,0,0,2737,A
4-HA,760,2741,0,0,0,2741,A
4-HA,761,2773,0,2,0,2775,A
4-HA,762,2773,0,6,0,2779,A
4-HA,763,1,0,0,2821,2822,C
4-HA,764,1,1,0,2711,2713,C
4-HA,765,1,4,2693,0,2698,G
4-HA,766,0,1,2711,0,2712,G
4-HA,767,0,3,2730,0,2733,G
4-HA,768,2746,0,0,0,2746,A
4-HA,769,2,3,2759,0,2764,G
4-HA,770,2795,0,6,0,2801,A
4-HA,771,0,2,0,2803,2805,C
4-HA,772,2795,1,1,1,2798,A
4-HA,773,0,2804,0,1,2805,T
4-HA,774,2802,0,2,0,2804,A
4-HA,775,0,0,0,2851,2851,C
4-HA,776,0,2835,0,2,2837,T
4-HA,777,0,2854,0,2,2856,T
4-HA,778,0,2869,0,0,2869,T
4-HA,779,0,2861,0,1,2862,T
4-HA,780,0,2,2884,0,2886,G
4-HA,781,2888,0,0,0,2888,A
4-HA,782,0,2896,1,0,2897,T
4-HA,783,0,2976,0,0,2976,T
4-HA,784,2953,0,0,0,2953,A
4-HA,785,2963,0,2,0,2965,A
4-HA,786,0,0,0,2998,2998,C
4-HA,787,2982,0,1,0,2983,A
4-HA,788,3,0,3094,0,3097,G
4-HA,789,1,2,0,3078,3081,C
4-HA,790,3075,0,2,0,3077,A
4-HA,791,0,0,0,3111,3111,C
4-HA,792,3085,0,5,0,3090,A
4-HA,793,0,4,3138,0,3142,G
4-HA,794,2,1,3130,0,3133,G
4-HA,795,1,6,3219,0,3226,G
4-HA,796,3204,0,3,0,3207,A
4-HA,797,3229,0,6,0,3235,A
4-HA,798,0,3244,0,1,3245,T
4-HA,799,2,0,0,3252,3254,C
4-HA,800,1,3285,0,1,3287,T
4-HA,801,3291,0,1,0,3292,A
4-HA,802,3270,1,0,0,3271,A
4-HA,803,0,3262,0,0,3262,T
4-HA,804,0,3197,0,0,3197,T
4-HA,805,0,1,3224,0,3225,G
4-HA,806,0,1,0,3310,3311,C
4-HA,807,0,3413,0,7,3420,T
4-HA,808,4,0,0,3491,3495,C
4-HA,809,0,0,0,3495,3495,C
4-HA,810,0,3500,0,3,3503,T
4-HA,811,3503,0,1,0,3504,A
4-HA,812,0,3,3509,0,3512,G
4-HA,813,1,4,3538,0,3543,G
4-HA,814,2,4,3528,0,3534,G
4-HA,815,1,0,3501,0,3502,G
4-HA,816,1,3425,0,0,3426,T
4-HA,817,0,3402,0,0,3402,T
4-HA,818,3403,0,0,0,3403,A
4-HA,819,0,0,1,3458,3459,C
4-HA,820,1,3442,0,1,3444,T
4-HA,821,0,3469,0,2,3471,T
4-HA,822,1,2,0,3465,3468,C
4-HA,823,3453,0,2,0,3455,A
4-HA,824,3460,0,0,0,3460,A
4-HA,825,3457,0,0,0,3457,A
4-HA,826,3483,1,2,0,3486,A
4-HA,827,0,3477,0,0,3477,T
4-HA,828,3438,0,1,1,3440,A
4-HA,829,0,4,0,3448,3452,C
4-HA,830,1,3,3455,0,3459,G
4-HA,831,3453,1,1,0,3455,A
4-HA,832,3456,0,1,0,3457,A
4-HA,833,14,0,3494,0,3508,G
4-HA,834,0,3478,0,1,3479,T
4-HA,835,1,4,3514,0,3519,G
4-HA,836,2,1,3528,0,3531,G
4-HA,837,2,1,3531,0,3534,G
4-HA,838,3542,0,2,0,3544,A
4-HA,839,3549,0,0,0,3549,A
4-HA,840,3547,0,2,0,3549,A
4-HA,841,3534,0,3,0,3537,A
4-HA,842,0,0,3591,0,3591,G
4-HA,843,0,0,0,3581,3581,C
4-HA,844,1,3561,0,2,3564,T
4-HA,845,3,0,0,3623,3626,C
4-HA,846,3629,0,1,0,3630,A
4-HA,847,3657,0,1,0,3658,A
4-HA,848,0,3673,0,0,3673,T
4-HA,849,3711,0,0,0,3711,A
4-HA,850,3707,0,2,0,3709,A
4-HA,851,0,3655,0,0,3655,T
4-HA,852,1,5,3671,0,3677,G
4-HA,853,3660,0,1,0,3661,A
4-HA,854,1,1,3752,0,3754,G
4-HA,855,3754,0,0,0,3754,A
4-HA,856,0,3728,0,1,3729,T
4-HA,857,3,0,0,3776,3779,C
4-HA,858,3768,0,1,0,3769,A
4-HA,859,0,4,3838,0,3842,G
4-HA,860,3844,1,0,0,3845,A
4-HA,861,0,3825,0,2,3827,T
4-HA,862,2,1,3819,1,3823,G
4-HA,863,1,0,0,3751,3752,C
4-HA,864,3752,1,4,0,3757,A
4-HA,865,0,2,0,3836,3838,C
4-HA,866,2,0,0,3820,3822,C
4-HA,867,2,0,0,3831,3833,C
4-HA,868,3792,0,1,0,3793,A
4-HA,869,0,3763,0,0,3763,T
4-HA,870,0,3776,0,1,3777,T
4-HA,871,2,6,3814,0,3822,G
4-HA,872,1,0,3808,0,3809,G
4-HA,873,2,0,0,3821,3823,C
4-HA,874,3775,1,0,0,3776,A
4-HA,875,3759,1,0,0,3760,A
4-HA,876,3807,0,0,0,3807,A
4-HA,877,0,3816,0,1,3817,T
4-HA,878,0,2,3820,0,3822,G
4-HA,879,0,0,0,3823,3823,C
4-HA,880,3791,1,1,0,3793,A
4-HA,881,3873,0,2,0,3875,A
4-HA,882,1,3879,0,0,3880,T
4-HA,883,1,3895,0,0,3896,T
4-HA,884,2,0,0,3917,3919,C
4-HA,885,0,3858,0,1,3859,T
4-HA,886,1,2,3909,0,3912,G
4-HA,887,3896,0,1,0,3897,A
4-HA,888,3919,1,1,0,3921,A
4-HA,889,0,3922,0,1,3923,T
4-HA,890,0,0,3867,0,3867,G
4-HA,891,1,1,0,3887,3889,C
4-HA,892,3879,0,0,0,3879,A
4-HA,893,0,3870,0,1,3871,T
4-HA,894,5,0,0,3871,3876,C
4-HA,895,3860,1,1,0,3862,A
4-HA,896,2,0,0,4015,4017,C
4-HA,897,0,3995,0,4,3999,T
4-HA,898,2,0,0,4013,4015,C
4-HA,899,3,0,0,4012,4015,C
4-HA,900,4043,0,0,0,4043,A
4-HA,901,4018,0,0,0,4018,A
4-HA,902,4023,1,0,0,4024,A
4-HA,903,0,3908,0,0,3908,T
4-HA,904,0,4,3930,0,3934,G
4-HA,905,0,3,3935,0,3938,G
4-HA,906,3941,1,2,0,3944,A
4-HA,907,3927,0,3,1,3931,A
4-HA,908,2,2,3924,0,3928,G
4-HA,909,1,1,0,3905,3907,C
4-HA,910,3872,0,2,0,3874,A
4-HA,911,0,3891,0,0,3891,T
4-HA,912,0,3869,0,1,3870,T
4-HA,913,2,1,0,4065,4068,C
4-HA,914,1,0,0,4058,4059,C
4-HA,915,4,1,1,4065,4071,C
4-HA,916,4075,0,1,1,4077,A
4-HA,917,3885,0,0,229,4114,A
4-HA,918,2,4154,0,1,4157,T
4-HA,919,2,7,4161,0,4170,G
4-HA,920,4163,0,1,0,4164,A
4-HA,921,1,1,0,4164,4166,C
4-HA,922,3958,0,0,0,3958,A
4-HA,923,3964,0,1,0,3965,A
4-HA,924,3939,0,1,2,3942,A
4-HA,925,0,1,0,3975,3976,C
4-HA,926,4,0,0,3924,3928,C
4-HA,927,3862,0,2,0,3864,A
4-HA,928,0,3873,0,0,3873,T
4-HA,929,0,3849,0,2,3851,T
4-HA,930,3,1,0,3886,3890,C
4-HA,931,1,1,0,3881,3883,C
4-HA,932,3888,0,1,0,3889,A
4-HA,933,3880,0,1,1,3882,A
4-HA,934,3872,0,1,0,3873,A
4-HA,935,3913,0,0,0,3913,A
4-HA,936,0,3900,0,0,3900,T
4-HA,937,0,0,3887,0,3887,G
4-HA,938,0,3870,0,1,3871,T
4-HA,939,3,3861,0,1,3865,T
4-HA,940,3926,0,1,0,3927,A
4-HA,941,3921,1,0,0,3922,A
4-HA,942,0,1,0,3932,3933,C
4-HA,943,3914,0,2,0,3916,A
4-HA,944,0,0,3915,0,3915,G
4-HA,945,0,5,3922,0,3927,G
4-HA,946,4014,1,2,0,4017,A
4-HA,947,0,4004,0,2,4006,T
4-HA,948,7,1,0,4048,4056,C
4-HA,949,4077,1,2,2,4082,A
4-HA,950,0,0,0,4230,4230,C
4-HA,951,4230,2,0,0,4232,A
4-HA,952,0,4317,0,2,4319,T
4-HA,953,4239,0,1,0,4240,A
4-HA,954,0,3,0,4205,4208,C
4-HA,955,1,6,4072,0,4079,G
4-HA,956,2,3,4042,0,4047,G
4-HA,957,2,3,4003,0,4008,G
4-HA,958,0,2,4028,0,4030,G
4-HA,959,1,0,0,3962,3963,C
4-HA,960,1,0,0,3983,3984,C
4-HA,961,3,3903,0,2,3908,T
4-HA,962,0,1,4235,0,4236,G
4-HA,963,0,4221,0,5,4226,T
4-HA,964,0,1,0,4248,4249,C
4-HA,965,5,4,1,4256,4266,C
4-HA,966,3,1,0,4268,4272,C
4-HA,967,4244,0,0,1,4245,A
4-HA,968,0,1,4279,0,4280,G
4-HA,969,4271,0,1,0,4272,A
4-HA,970,0,4259,0,0,4259,T
4-HA,971,3955,1,2,0,3958,A
4-HA,972,0,3892,0,3,3895,T
4-HA,973,0,1,3921,0,3922,G
4-HA,974,1,3908,0,1,3910,T
4-HA,975,0,3871,0,0,3871,T
4-HA,976,3900,1,0,0,3901,A
4-HA,977,3854,0,1,0,3855,A
4-HA,978,0,1,3880,0,3881,G
4-HA,979,0,0,0,3875,3875,C
4-HA,980,3824,0,0,0,3824,A
4-HA,981,3816,1,1,0,3818,A
4-HA,982,3792,0,0,0,3792,A
4-HA,983,3784,0,0,0,3784,A
4-HA,984,0,0,0,3798,3798,C
4-HA,985,3761,1,0,0,3762,A
4-HA,986,1,0,0,3805,3806,C
4-HA,987,0,3730,0,2,3732,T
4-HA,988,3,0,0,3774,3777,C
4-HA,989,0,3789,0,0,3789,T
4-HA,990,1,1,3804,0,3806,G
4-HA,991,3785,1,0,0,3786,A
4-HA,992,3779,0,0,0,3779,A
4-HA,993,3785,1,1,2,3789,A
4-HA,994,0,3762,0,0,3762,T
4-HA,995,0,3748,0,0,3748,T
4-HA,996,3,2,3770,0,3775,G
4-HA,997,3,0,3745,1,3749,G
4-HA,998,2,0,0,3777,3779,C
4-HA,999,3753,0,1,0,3754,A
4-HA,1000,3747,0,0,0,3747,A
4-HA,1001,1,0,0,3753,3754,C
4-HA,1002,3741,0,3,0,3744,A
4-HA,1003,1,1,3771,0,3773,G
4-HA,1004,0,5,3746,0,3751,G
4-HA,1005,0,6,3726,0,3732,G
4-HA,1006,3704,0,5,0,3709,A
4-HA,1007,0,3703,0,0,3703,T
4-HA,1008,2,0,3720,0,3722,G
4-HA,1009,1,2,0,3708,3711,C
4-HA,1010,1,3,3739,0,3743,G
4-HA,1011,3757,2,0,0,3759,A
4-HA,1012,3715,0,0,0,3715,A
4-HA,1013,3729,0,0,0,3729,A
4-HA,1014,2,3683,1,0,3686,T
4-HA,1015,1,1,3738,0,3740,G
4-HA,1016,0,3709,1,1,3711,T
4-HA,1017,3693,0,7,0,3700,A
4-HA,1018,1,0,0,3691,3692,C
4-HA,1019,3,1,1,3677,3682,C
4-HA,1020,3642,0,0,0,3642,A
4-HA,1021,1,2,3627,0,3630,G
4-HA,1022,3603,1,0,0,3604,A
4-HA,1023,0,4,3637,0,3641,G
4-HA,1024,3589,0,0,0,3589,A
4-HA,1025,3580,0,1,0,3581,A
4-HA,1026,3590,0,4,1,3595,A
4-HA,1027,0,0,0,3596,3596,C
4-HA,1028,3590,0,0,0,3590,A
4-HA,1029,3631,0,0,0,3631,A
4-HA,1030,3605,0,1,0,3606,A
4-HA,1031,1,1,0,3653,3655,C
4-HA,1032,0,3616,0,3,3619,T
4-HA,1033,3607,0,0,0,3607,A
4-HA,1034,1,1,3600,0,3602,G
4-HA,1035,3589,1,3,1,3594,A
4-HA,1036,2,1,3654,0,3657,G
4-HA,1037,0,1,3644,0,3645,G
4-HA,1038,1,3,0,3584,3588,C
4-HA,1039,3596,0,1,0,3597,A
4-HA,1040,0,3599,0,0,3599,T
4-HA,1041,3618,0,0,0,3618,A
4-HA,1042,1,3612,0,1,3614,T
4-HA,1043,0,3607,0,0,3607,T
4-HA,1044,0,3599,0,2,3601,T
4-HA,1045,3,2,3494,0,3499,G
4-HA,1046,1,2,3503,0,3506,G
4-HA,1047,1,2,0,3478,3481,C
4-HA,1048,1,2,3489,0,3492,G
4-HA,1049,0,0,0,3516,3516,C
4-HA,1050,3489,0,1,0,3490,A
4-HA,1051,3483,1,0,0,3484,A
4-HA,1052,0,3487,1,0,3488,T
4-HA,1053,3449,0,2,1,3452,A
4-HA,1054,1,1,3490,1,3493,G
4-HA,1055,1,1,0,3477,3479,C
4-HA,1056,0,1,3508,0,3509,G
4-HA,1057,0,3,3515,0,3518,G
4-HA,1058,2,0,3500,0,3502,G
4-HA,1059,3,3465,0,3,3471,T
4-HA,1060,0,3467,0,0,3467,T
4-HA,1061,1,3455,0,2,3458,T
4-HA,1062,5,0,0,3455,3460,C
4-HA,1063,3458,0,2,0,3460,A
4-HA,1064,0,3470,0,0,3470,T
4-HA,1065,3459,0,1,0,3460,A
4-HA,1066,2,0,3487,0,3489,G
4-HA,1067,3390,2,2,0,3394,A
4-HA,1068,3425,1,0,0,3426,A
4-HA,1069,3412,0,2,0,3414,A
4-HA,1070,3418,0,2,0,3420,A
4-HA,1071,0,3412,0,1,3413,T
4-HA,1072,2,5,3447,0,3454,G
4-HA,1073,0,0,3451,0,3451,G
4-HA,1074,1,3412,0,3,3416,T
4-HA,1075,0,3363,0,0,3363,T
4-HA,1076,1,4,3368,0,3373,G
4-HA,1077,0,3,3390,0,3393,G
4-HA,1078,0,0,3396,0,3396,G
4-HA,1079,3351,0,7,0,3358,A
4-HA,1080,2,1,3386,1,3390,G
4-HA,1081,0,2,3356,1,3359,G
4-HA,1082,0,1,3381,0,3382,G
4-HA,1083,3355,0,2,0,3357,A
4-HA,1084,3381,0,1,0,3382,A
4-HA,1085,0,3392,1,1,3394,T
4-HA,1086,0,2,3389,0,3391,G
4-HA,1087,3,0,3443,0,3446,G
4-HA,1088,1,3376,2,0,3379,T
4-HA,1089,0,1,3408,0,3409,G
4-HA,1090,1,2,3402,0,3405,G
4-HA,1091,3313,0,3,0,3316,A
4-HA,1092,0,3334,1,1,3336,T
4-HA,1093,0,2,3353,0,3355,G
4-HA,1094,0,0,3399,0,3399,G
4-HA,1095,1,3316,1,0,3318,T
4-HA,1096,0,3268,0,1,3269,T
4-HA,1097,0,4,3267,0,3271,G
4-HA,1098,1,2,3303,1,3307,G
4-HA,1099,0,3289,0,0,3289,T
4-HA,1100,3311,0,0,0,3311,A
4-HA,1101,0,2,0,3146,3148,C
4-HA,1102,1,1,3171,0,3173,G
4-HA,1103,1,1,3278,0,3280,G
4-HA,1104,0,3270,0,1,3271,T
4-HA,1105,0,3267,1,2,3270,T
4-HA,1106,1,3247,0,0,3248,T
4-HA,1107,2,2,0,3203,3207,C
4-HA,1108,3205,1,5,0,3211,A
4-HA,1109,1,4,3203,0,3208,G
4-HA,1110,2,0,3195,0,3197,G
4-HA,1111,0,0,0,3193,3193,C
4-HA,1112,3076,1,2,0,3079,A
4-HA,1113,0,3091,0,0,3091,T
4-HA,1114,3,1,0,3093,3097,C
4-HA,1115,3109,0,1,0,3110,A
4-HA,1116,3103,0,2,0,3105,A
4-HA,1117,3106,0,0,0,3106,A
4-HA,1118,3115,0,0,0,3115,A
4-HA,1119,0,3096,0,1,3097,T
4-HA,1120,0,3112,0,0,3112,T
4-HA,1121,1,0,0,3114,3115,C
4-HA,1122,0,3094,0,0,3094,T
4-HA,1123,0,1,3091,0,3092,G
4-HA,1124,3080,1,0,0,3081,A
4-HA,1125,3054,1,3,0,3058,A
4-HA,1126,0,0,3081,0,3081,G
4-HA,1127,1,1,3108,0,3110,G
4-HA,1128,3107,0,1,0,3108,A
4-HA,1129,3107,0,0,0,3107,A
4-HA,1130,2,0,3084,0,3086,G
4-HA,1131,3119,0,1,0,3120,A
4-HA,1132,1,4,3123,0,3128,G
4-HA,1133,0,3,3122,0,3125,G
4-HA,1134,3131,2,4,0,3137,A
4-HA,1135,0,0,0,3122,3122,C
4-HA,1136,3111,0,2,0,3113,A
4-HA,1137,3110,0,6,0,3116,A
4-HA,1138,0,0,3099,0,3099,G
4-HA,1139,4,0,0,3102,3106,C
4-HA,1140,3073,0,2,0,3075,A
4-HA,1141,2,0,3064,0,3066,G
4-HA,1142,1,1,0,3057,3059,C
4-HA,1143,3052,0,2,0,3054,A
4-HA,1144,2,1,3079,0,3082,G
4-HA,1145,3047,0,0,0,3047,A
4-HA,1146,0,3098,1,0,3099,T
4-HA,1147,1,1,0,3121,3123,C
4-HA,1148,1,3099,0,5,3105,T
4-HA,1149,3,0,0,3141,3144,C
4-HA,1150,3137,0,0,0,3137,A
4-HA,1151,3142,0,0,1,3143,A
4-HA,1152,3140,0,0,0,3140,A
4-HA,1153,3078,0,3,1,3082,A
4-HA,1154,0,0,3080,0,3080,G
4-HA,1155,0,0,0,3032,3032,C
4-HA,1156,3003,1,2,1,3007,A
4-HA,1157,1,3,0,3042,3046,C
4-HA,1158,0,3003,1,0,3004,T
4-HA,1159,1,1,0,3032,3034,C
4-HA,1160,3046,0,0,0,3046,A
4-HA,1161,3094,0,3,0,3097,A
4-HA,1162,0,0,3095,0,3095,G
4-HA,1163,0,1,0,3084,3085,C
4-HA,1164,3066,0,4,0,3070,A
4-HA,1165,1,0,3077,0,3078,G
4-HA,1166,1,1,0,3029,3031,C
4-HA,1167,3031,0,0,0,3031,A
4-HA,1168,3020,0,1,0,3021,A
4-HA,1169,0,2979,1,2,2982,T
4-HA,1170,0,2,0,2940,2942,C
4-HA,1171,2,5,2947,0,2954,G
4-HA,1172,2935,0,0,0,2935,A
4-HA,1173,0,2921,0,1,2922,T
4-HA,1174,4,0,0,2909,2913,C
4-HA,1175,2920,0,1,0,2921,A
4-HA,1176,2970,0,0,0,2970,A
4-HA,1177,2977,0,0,0,2977,A
4-HA,1178,0,2951,1,0,2952,T
4-HA,1179,4,0,0,2979,2983,C
4-HA,1180,2926,0,2,0,2928,A
4-HA,1181,2930,0,1,0,2931,A
4-HA,1182,1,2938,1,1,2941,T
4-HA,1183,0,5,2949,0,2954,G
4-HA,1184,1,2,2926,0,2929,G
4-HA,1185,1,0,2894,0,2895,G
4-HA,1186,2898,0,2,1,2901,A
4-HA,1187,2897,0,2,0,2899,A
4-HA,1188,0,0,2925,0,2925,G
4-HA,1189,0,0,0,2935,2935,C
4-HA,1190,0,2903,1,1,2905,T
4-HA,1191,1,2,2988,1,2992,G
4-HA,1192,2985,0,1,0,2986,A
4-HA,1193,2989,0,1,0,2990,A
4-HA,1194,0,2996,0,0,2996,T
4-HA,1195,2939,0,0,0,2939,A
4-HA,1196,0,0,2933,0,2933,G
4-HA,1197,2709,0,0,0,2709,A
4-HA,1198,0,2716,0,2,2718,T
4-HA,1199,0,2734,0,0,2734,T
4-HA,1200,15,1,2728,0,2744,G
4-HA,1201,2729,0,0,0,2729,A
4-HA,1202,2,2717,0,0,2719,T
4-HA,1203,1,1,0,2741,2743,C
4-HA,1204,1,1,2728,0,2730,G
4-HA,1205,1,1,2709,1,2712,G
4-HA,1206,0,5,2719,1,2725,G
4-HA,1207,2715,0,1,0,2716,A
4-HA,1208,2724,0,0,0,2724,A
4-HA,1209,2711,0,1,0,2712,A
4-HA,1210,2686,0,3,2,2691,A
4-HA,1211,1,0,0,2705,2706,C
4-HA,1212,3,2,0,2716,2721,C
4-HA,1213,2708,0,1,0,2709,A
4-HA,1214,2703,0,3,0,2706,A
4-HA,1215,0,2,0,2705,2707,C
4-HA,1216,0,3,2712,0,2715,G
4-HA,1217,2716,0,0,0,2716,A
4-HA,1218,0,2,2709,0,2711,G
4-HA,1219,2704,0,0,0,2704,A
4-HA,1220,2694,0,3,0,2697,A
4-HA,1221,2705,0,0,0,2705,A
4-HA,1222,0,2681,0,1,2682,T
4-HA,1223,0,2675,0,2,2677,T
4-HA,1224,1,1,0,2696,2698,C
4-HA,1225,4,0,0,2708,2712,C
4-HA,1226,2707,0,1,2,2710,A
4-HA,1227,0,2697,0,1,2698,T
4-HA,1228,1,0,0,2705,2706,C
4-HA,1229,2692,1,0,0,2693,A
4-HA,1230,0,0,2702,0,2702,G
4-HA,1231,2687,0,1,0,2688,A
4-HA,1232,0,2678,0,1,2679,T
4-HA,1233,1,2682,0,0,2683,T
4-HA,1234,0,0,2681,0,2681,G
4-HA,1235,2678,1,2,0,2681,A
4-HA,1236,2683,0,1,0,2684,A
4-HA,1237,2683,0,2,0,2685,A
4-HA,1238,2689,0,1,0,2690,A
4-HA,1239,2651,1,1,0,2653,A
4-HA,1240,2,3,2648,0,2653,G
4-HA,1241,2639,0,2,0,2641,A
4-HA,1242,2639,0,0,0,2639,A
4-HA,1243,0,2593,0,2,2595,T
4-HA,1244,0,2599,0,0,2599,T
4-HA,1245,3,2,0,2610,2615,C
4-HA,1246,0,2612,0,3,2615,T
4-HA,1247,0,0,0,2602,2602,C
4-HA,1248,2604,0,1,0,2605,A
4-HA,1249,0,0,2606,0,2606,G
4-HA,1250,2582,0,1,0,2583,A
4-HA,1251,2573,0,0,1,2574,A
4-HA,1252,0,0,2599,0,2599,G
4-HA,1253,0,2537,0,0,2537,T
4-HA,1254,2,2,0,2579,2583,C
4-HA,1255,1,0,2598,0,2599,G
4-HA,1256,2585,0,0,0,2585,A
4-HA,1257,2573,1,6,0,2580,A
4-HA,1258,0,4,2577,0,2581,G
4-HA,1259,0,4,2591,0,2595,G
4-HA,1260,1,5,2594,0,2600,G
4-HA,1261,2523,0,6,0,2529,A
4-HA,1262,0,2,2533,0,2535,G
4-HA,1263,2532,0,0,0,2532,A
4-HA,1264,2645,0,1,0,2646,A
4-HA,1265,0,2631,0,1,2632,T
4-HA,1266,0,2633,0,0,2633,T
4-HA,1267,3,0,0,2640,2643,C
4-HA,1268,2565,0,3,1,2569,A
4-HA,1269,1,0,2587,0,2588,G
4-HA,1270,0,3,2572,0,2575,G
4-HA,1271,2551,0,0,0,2551,A
4-HA,1272,3,0,0,2549,2552,C
4-HA,1273,1,0,0,2344,2345,C
4-HA,1274,0,2319,0,2,2321,T
4-HA,1275,0,2239,0,104,2343,T
4-HA,1276,0,2,2354,0,2356,G
4-HA,1277,2349,0,1,0,2350,A
4-HA,1278,0,1,2382,0,2383,G
4-HA,1279,2350,0,0,0,2350,A
4-HA,1280,2031,0,2,0,2033,A
4-HA,1281,1999,0,2,0,2001,A
4-HA,1282,0,1970,0,0,1970,T
4-HA,1283,2023,0,1,0,2024,A
4-HA,1284,1,2014,0,0,2015,T
4-HA,1285,1,0,2015,0,2016,G
4-HA,1286,0,1995,0,3,1998,T
4-HA,1287,0,1919,1,0,1920,T
4-HA,1288,0,2,1930,0,1932,G
4-HA,1289,1907,0,0,0,1907,A
4-HA,1290,0,2,1916,0,1918,G
4-HA,1291,0,2,1914,0,1916,G
4-HA,1292,1873,0,3,0,1876,A
4-HA,1293,1,2,0,1920,1923,C
4-HA,1294,1887,0,0,0,1887,A
4-HA,1295,0,2,0,1949,1951,C
4-HA,1296,1,1,0,1950,1952,C
4-HA,1297,1964,0,0,0,1964,A
4-HA,1298,2017,0,0,0,2017,A
4-HA,1299,2010,0,0,1,2011,A
4-HA,1300,2029,1,0,0,2030,A
4-HA,1301,0,2023,0,0,2023,T
4-HA,1302,1972,0,2,0,1974,A
4-HA,1303,0,0,1980,0,1980,G
4-HA,1304,1948,0,0,0,1948,A
4-HA,1305,0,1946,0,1,1947,T
4-HA,1306,0,0,0,1961,1961,C
4-HA,1307,1,1927,0,2,1930,T
4-HA,1308,1,0,1,1976,1978,C
4-HA,1309,1,1981,1,0,1983,T
4-HA,1310,0,4,2019,0,2023,G
4-HA,1311,0,1,2070,0,2071,G
4-HA,1312,0,2040,0,3,2043,T
4-HA,1313,4,0,0,2049,2053,C
4-HA,1314,2062,0,0,0,2062,A
4-HA,1315,0,2068,0,0,2068,T
4-HA,1316,2060,0,2,0,2062,A
4-HA,1317,0,0,0,2065,2065,C
4-HA,1318,2005,0,0,0,2005,A
4-HA,1319,2021,0,1,0,2022,A
4-HA,1320,0,0,0,1979,1979,C
4-HA,1321,0,0,1965,0,1965,G
4-HA,1322,0,0,0,1968,1968,C
4-HA,1323,4,2,1962,0,1968,G
4-HA,1324,1,1,1963,0,1965,G
4-HA,1325,1953,0,1,0,1954,A
4-HA,1326,1,0,1978,0,1979,G
4-HA,1327,1,0,0,1980,1981,C
4-HA,1328,0,1974,0,0,1974,T
4-HA,1329,1,1978,0,5,1984,T
4-HA,1330,1,1,0,1990,1992,C
4-HA,1331,0,2010,0,1,2011,T
4-HA,1332,0,2009,0,0,2009,T
4-HA,1333,0,1,2005,0,2006,G
4-HA,1334,0,2001,0,2,2003,T
4-HA,1335,0,1975,0,1,1976,T
4-HA,1336,0,2,1996,0,1998,G
4-HA,1337,0,2,0,1996,1998,C
4-HA,1338,3,2,0,1976,1981,C
4-HA,1339,1,0,0,1996,1997,C
4-HA,1340,0,1996,0,3,1999,T
4-HA,1341,0,1,2015,0,2016,G
4-HA,1342,1,2,2015,0,2018,G
4-HA,1343,2008,0,1,0,2009,A
4-HA,1344,0,4,2022,0,2026,G
4-HA,1345,2004,0,1,0,2005,A
4-HA,1346,2012,0,0,0,2012,A
4-HA,1347,2,0,0,2039,2041,C
4-HA,1348,1,2,0,2031,2034,C
4-HA,1349,2032,0,3,0,2035,A
4-HA,1350,2104,0,1,0,2105,A
4-HA,1351,0,0,0,2114,2114,C
4-HA,1352,2134,0,0,0,2134,A
4-HA,1353,0,2128,0,1,2129,T
4-HA,1354,2126,0,0,0,2126,A
4-HA,1355,0,2,1,2161,2164,C
4-HA,1356,2126,0,0,0,2126,A
4-HA,1357,2124,0,1,0,2125,A
4-HA,1358,0,2119,0,0,2119,T
4-HA,1359,0,2039,0,0,2039,T
4-HA,1360,1,0,2062,0,2063,G
4-HA,1361,2068,0,0,0,2068,A
4-HA,1362,0,2058,0,3,2061,T
4-HA,1363,0,0,0,2075,2075,C
4-HA,1364,0,2027,0,1,2028,T
4-HA,1365,2044,0,0,0,2044,A
4-HA,1366,2041,0,0,0,2041,A
4-HA,1367,0,0,0,2039,2039,C
4-HA,1368,0,2018,0,1,2019,T
4-HA,1369,0,1,2018,0,2019,G
4-HA,1370,2012,0,0,0,2012,A
4-HA,1371,0,2,0,2009,2011,C
4-HA,1372,1,2001,0,1,2003,T
4-HA,1373,2,0,0,2020,2022,C
4-HA,1374,2010,0,1,0,2011,A
4-HA,1375,0,0,2037,0,2037,G
4-HA,1376,2028,0,0,0,2028,A
4-HA,1377,2037,0,3,0,2040,A
4-HA,1378,2032,1,1,0,2034,A
4-HA,1379,0,2016,0,2,2018,T
4-HA,1380,0,5,2032,1,2038,G
4-HA,1381,2034,0,2,0,2036,A
4-HA,1382,2033,0,3,0,2036,A
4-HA,1383,0,2,0,2040,2042,C
4-HA,1384,2013,0,0,0,2013,A
4-HA,1385,2012,0,0,0,2012,A
4-HA,1386,2009,0,0,0,2009,A
4-HA,1387,0,0,0,2021,2021,C
4-HA,1388,0,1992,0,0,1992,T
4-HA,1389,0,0,2005,0,2005,G
4-HA,1390,0,1977,0,3,1980,T
4-HA,1391,0,1980,0,0,1980,T
4-HA,1392,0,1985,0,1,1986,T
4-HA,1393,1,1,1988,0,1990,G
4-HA,1394,1986,0,1,0,1987,A
4-HA,1395,1985,0,0,0,1985,A
4-HA,1396,1979,0,0,0,1979,A
4-HA,1397,1982,0,0,2,1984,A
4-HA,1398,1967,0,0,0,1967,A
4-HA,1399,1984,0,0,0,1984,A
4-HA,1400,0,0,0,1995,1995,C
4-HA,1401,1996,0,0,0,1996,A
4-HA,1402,1997,0,0,0,1997,A
4-HA,1403,1994,0,0,0,1994,A
4-HA,1404,0,2,1989,0,1991,G
4-HA,1405,1997,0,0,0,1997,A
4-HA,1406,2002,0,1,0,2003,A
4-HA,1407,2,0,1988,0,1990,G
4-HA,1408,1,0,0,1990,1991,C
4-HA,1409,1998,0,0,0,1998,A
4-HA,1410,2002,0,0,0,2002,A
4-HA,1411,0,0,0,1995,1995,C
4-HA,1412,0,1982,0,0,1982,T
4-HA,1413,2,1,2005,0,2008,G
4-HA,1414,1989,1,2,0,1992,A
4-HA,1415,1,1,2004,1,2007,G
4-HA,1416,0,0,2007,0,2007,G
4-HA,1417,1,1,2002,0,2004,G
4-HA,1418,2011,0,0,0,2011,A
4-HA,1419,1994,1,0,0,1995,A
4-HA,1420,1987,0,0,0,1987,A
4-HA,1421,2011,0,1,0,2012,A
4-HA,1422,1,1996,0,0,1997,T
4-HA,1423,0,0,2005,0,2005,G
4-HA,1424,0,1,0,2002,2003,C
4-HA,1425,0,1985,0,0,1985,T
4-HA,1426,0,1,1989,0,1990,G
4-HA,1427,1984,0,1,0,1985,A
4-HA,1428,0,2,2079,0,2081,G
4-HA,1429,0,2,2106,0,2108,G
4-HA,1430,2077,0,1,0,2078,A
4-HA,1431,0,2076,0,1,2077,T
4-HA,1432,2052,0,1,0,2053,A
4-HA,1433,0,2048,0,1,2049,T
4-HA,1434,0,3,2084,0,2087,G
4-HA,1435,0,0,2104,0,2104,G
4-HA,1436,2,0,2094,1,2097,G
4-HA,1437,0,0,0,1996,1996,C
4-HA,1438,1943,0,0,0,1943,A
4-HA,1439,1944,0,0,0,1944,A
4-HA,1440,0,1932,0,0,1932,T
4-HA,1441,0,1,1951,0,1952,G
4-HA,1442,1,0,1954,0,1955,G
4-HA,1443,0,1922,0,1,1923,T
4-HA,1444,0,1891,0,0,1891,T
4-HA,1445,0,1,1899,0,1900,G
4-HA,1446,0,1917,1,1,1919,T
4-HA,1447,0,1923,0,1,1924,T
4-HA,1448,0,1920,0,1,1921,T
4-HA,1449,2,0,0,1935,1937,C
4-HA,1450,1930,0,1,0,1931,A
4-HA,1451,1931,0,0,0,1931,A
4-HA,1452,1927,0,2,0,1929,A
4-HA,1453,1955,0,0,0,1955,A
4-HA,1454,0,1952,0,0,1952,T
4-HA,1455,1943,0,0,0,1943,A
4-HA,1456,0,1941,0,2,1943,T
4-HA,1457,1921,0,1,0,1922,A
4-HA,1458,1,0,0,1963,1964,C
4-HA,1459,0,0,0,1943,1943,C
4-HA,1460,1933,0,1,0,1934,A
4-HA,1461,0,0,0,1947,1947,C
4-HA,1462,1945,0,1,0,1946,A
4-HA,1463,1953,0,1,0,1954,A
4-HA,1464,1949,2,0,0,1951,A
4-HA,1465,0,1945,0,1,1946,T
4-HA,1466,1,0,1957,0,1958,G
4-HA,1467,0,1925,0,3,1928,T
4-HA,1468,1,4,1936,0,1941,G
4-HA,1469,1935,0,1,0,1936,A
4-HA,1470,0,1,0,1935,1936,C
4-HA,1471,1906,0,2,0,1908,A
4-HA,1472,1906,0,0,0,1906,A
4-HA,1473,0,1934,0,0,1934,T
4-HA,1474,1,0,1937,0,1938,G
4-HA,1475,1,0,0,1914,1915,C
4-HA,1476,1,1,0,1932,1934,C
4-HA,1477,1,1916,0,5,1922,T
4-HA,1478,0,0,1990,0,1990,G
4-HA,1479,2,0,0,1983,1985,C
4-HA,1480,1984,0,0,0,1984,A
4-HA,1481,0,1984,0,1,1985,T
4-HA,1482,1911,0,1,0,1912,A
4-HA,1483,0,0,1921,0,1921,G
4-HA,1484,0,1,1909,0,1910,G
4-HA,1485,1907,0,0,0,1907,A
4-HA,1486,2,1896,0,0,1898,T
4-HA,1487,0,0,0,1802,1802,C
4-HA,1488,1805,0,0,0,1805,A
4-HA,1489,1802,1,2,0,1805,A
4-HA,1490,0,1807,0,0,1807,T
4-HA,1491,1,0,0,1816,1817,C
4-HA,1492,1792,0,2,0,1794,A
4-HA,1493,0,0,1799,0,1799,G
4-HA,1494,1799,0,0,0,1799,A
4-HA,1495,1805,0,0,0,1805,A
4-HA,1496,1803,0,0,0,1803,A
4-HA,1497,0,1787,0,0,1787,T
4-HA,1498,1,0,1783,0,1784,G
4-HA,1499,0,1,1784,0,1785,G
4-HA,1500,1771,0,3,0,1774,A
4-HA,1501,1790,0,0,0,1790,A
4-HA,1502,0,0,0,1797,1797,C
4-HA,1503,0,1769,0,1,1770,T
4-HA,1504,0,1779,0,0,1779,T
4-HA,1505,1780,0,0,0,1780,A
4-HA,1506,1,1770,0,0,1771,T
4-HA,1507,1,3,1770,0,1774,G
4-HA,1508,1772,0,1,0,1773,A
4-HA,1509,0,1,0,1772,1773,C
4-HA,1510,3,0,0,1757,1760,C
4-HA,1511,1763,0,1,0,1764,A
4-HA,1512,0,0,0,1797,1797,C
4-HA,1513,0,6,1833,0,1839,G
4-HA,1514,1867,0,0,0,1867,A
4-HA,1515,0,1895,0,0,1895,T
4-HA,1516,0,0,1976,0,1976,G
4-HA,1517,0,1963,0,0,1963,T
4-HA,1518,2041,0,2,0,2043,A
4-HA,1519,0,2028,0,4,2032,T
4-HA,1520,2022,0,0,0,2022,A
4-HA,1521,0,0,0,2022,2022,C
4-HA,1522,1794,0,1,0,1795,A
4-HA,1523,0,1,1797,0,1798,G
4-HA,1524,1664,0,1,0,1665,A
4-HA,1525,1,2,1611,0,1614,G
4-HA,1526,1605,0,2,0,1607,A
4-HA,1527,0,1482,0,3,1485,T
4-HA,1528,0,0,1484,0,1484,G
4-HA,1529,1479,1,1,0,1481,A
4-HA,1530,1473,0,4,0,1477,A
4-HA,1531,0,0,1505,0,1505,G
4-HA,1532,0,0,0,1476,1476,C
4-HA,1533,1471,0,1,0,1472,A
4-HA,1534,0,1465,0,1,1466,T
4-HA,1535,0,1462,0,0,1462,T
4-HA,1536,1471,0,0,0,1471,A
4-HA,1537,1464,0,2,1,1467,A
4-HA,1538,1463,0,0,0,1463,A
4-HA,1539,0,1,0,1464,1465,C
4-HA,1540,1417,1,1,0,1419,A
4-HA,1541,1424,1,0,0,1425,A
4-HA,1542,0,0,0,1424,1424,C
4-HA,1543,0,2,0,1410,1412,C
4-HA,1544,1,1,1413,0,1415,G
4-HA,1545,0,1,1426,0,1427,G
4-HA,1546,0,1423,0,2,1425,T
4-HA,1547,0,1417,0,2,1419,T
4-HA,1548,3,0,0,1413,1416,C
4-HA,1549,1,2,0,1420,1423,C
4-HA,1550,1420,0,0,1,1421,A
4-HA,1551,0,0,1431,0,1431,G
4-HA,1552,1428,0,0,0,1428,A
4-HA,1553,0,1437,0,0,1437,T
4-HA,1554,1,0,0,1392,1393,C
4-HA,1555,1379,0,0,0,1379,A
4-HA,1556,1376,0,0,0,1376,A
4-HA,1557,1334,0,2,0,1336,A
4-HA,1558,1,1,1338,0,1340,G
4-HA,1559,0,0,1327,1,1328,G
4-HA,1560,1336,0,0,0,1336,A
4-HA,1561,0,0,1362,0,1362,G
4-HA,1562,0,1362,0,0,1362,T
4-HA,1563,0,1364,0,1,1365,T
4-HA,1564,0,2,1367,0,1369,G
4-HA,1565,1362,0,1,0,1363,A
4-HA,1566,1,0,1367,0,1368,G
4-HA,1567,0,2,0,1359,1361,C
4-HA,1568,0,1355,0,2,1357,T
4-HA,1569,0,2,1361,0,1363,G
4-HA,1570,1352,0,0,0,1352,A
4-HA,1571,1353,0,3,0,1356,A
4-HA,1572,0,1,1355,0,1356,G
4-HA,1573,0,1335,0,0,1335,T
4-HA,1574,2,0,0,1338,1340,C
4-HA,1575,1324,0,1,0,1325,A
4-HA,1576,0,0,1320,0,1320,G
4-HA,1577,0,0,1318,0,1318,G
4-HA,1578,0,0,1283,0,1283,G
4-HA,1579,0,1312,0,0,1312,T
4-HA,1580,1302,0,2,0,1304,A
4-HA,1581,0,0,0,1316,1316,C
4-HA,1582,1312,0,0,0,1312,A
4-HA,1583,1308,0,1,1,1310,A
4-HA,1584,1303,0,1,0,1304,A
4-HA,1585,0,1,1309,0,1310,G
4-HA,1586,1263,1,1,0,1265,A
4-HA,1587,0,1227,1,2,1230,T
4-HA,1588,0,1214,0,0,1214,T
4-HA,1589,2,2,1209,0,1213,G
4-HA,1590,0,0,1214,0,1214,G
4-HA,1591,1215,0,0,0,1215,A
4-HA,1592,0,1203,0,1,1204,T
4-HA,1593,1,0,0,1206,1207,C
4-HA,1594,0,0,0,1188,1188,C
4-HA,1595,0,1178,0,0,1178,T
4-HA,1596,1186,0,2,0,1188,A
4-HA,1597,0,1190,0,0,1190,T
4-HA,1598,0,0,1183,0,1183,G
4-HA,1599,0,0,1179,0,1179,G
4-HA,1600,1149,0,0,0,1149,A
4-HA,1601,0,1147,0,0,1147,T
4-HA,1602,0,1126,0,1,1127,T
4-HA,1603,0,1121,0,1,1122,T
4-HA,1604,1,1,0,1120,1122,C
4-HA,1605,0,1,0,1117,1118,C
4-HA,1606,0,1101,0,1,1102,T
4-HA,1607,0,1106,0,0,1106,T
4-HA,1608,0,1097,0,1,1098,T
4-HA,1609,0,0,1104,0,1104,G
4-HA,1610,0,0,0,1096,1096,C
4-HA,1611,1,1,0,1096,1098,C
4-HA,1612,1077,0,1,1,1079,A
4-HA,1613,1,1073,0,1,1075,T
4-HA,1614,1079,0,1,0,1080,A
4-HA,1615,0,1071,0,0,1071,T
4-HA,1616,0,1,0,1066,1067,C
4-HA,1617,1069,0,0,0,1069,A
4-HA,1618,0,1048,0,0,1048,T
4-HA,1619,0,0,1059,0,1059,G
4-HA,1620,0,1055,0,1,1056,T
4-HA,1621,0,1033,0,0,1033,T
4-HA,1622,0,1035,0,0,1035,T
4-HA,1623,0,1006,0,1,1007,T
4-HA,1624,0,1008,0,0,1008,T
4-HA,1625,0,1007,0,0,1007,T
4-HA,1626,0,0,1008,0,1008,G
4-HA,1627,1,1,0,998,1000,C
4-HA,1628,0,988,0,1,989,T
4-HA,1629,0,990,0,0,990,T
4-HA,1630,0,977,0,0,977,T
4-HA,1631,0,0,998,0,998,G
4-HA,1632,1,994,0,1,996,T
4-HA,1633,0,0,998,0,998,G
4-HA,1634,0,1002,0,0,1002,T
4-HA,1635,0,975,0,0,975,T
4-HA,1636,0,0,983,0,983,G
4-HA,1637,0,0,0,978,978,C
4-HA,1638,0,974,0,1,975,T
4-HA,1639,0,977,0,0,977,T
4-HA,1640,0,924,0,0,924,T
4-HA,1641,0,0,930,0,930,G
4-HA,1642,0,924,0,0,924,T
4-HA,1643,0,924,0,0,924,T
4-HA,1644,1,0,929,0,930,G
4-HA,1645,0,1,906,0,907,G
4-HA,1646,0,1,905,0,906,G
4-HA,1647,0,0,913,0,913,G
4-HA,1648,0,885,0,0,885,T
4-HA,1649,0,872,0,0,872,T
4-HA,1650,1,0,0,856,857,C
4-HA,1651,857,0,0,0,857,A
4-HA,1652,0,856,0,0,856,T
4-HA,1653,2,0,0,853,855,C
4-HA,1654,848,0,1,0,849,A
4-HA,1655,0,827,0,0,827,T
4-HA,1656,0,0,817,0,817,G
4-HA,1657,0,796,0,1,797,T
4-HA,1658,2,0,791,0,793,G
4-HA,1659,0,0,769,0,769,G
4-HA,1660,1,0,766,0,767,G
4-HA,1661,0,0,0,737,737,C
4-HA,1662,1,0,0,719,720,C
4-HA,1663,0,674,0,0,674,T
4-HA,1664,0,0,670,0,670,G
4-HA,1665,0,0,0,665,665,C
4-HA,1666,1,0,0,669,670,C
4-HA,1667,671,0,0,0,671,A
4-HA,1668,661,0,1,0,662,A
4-HA,1669,662,0,0,0,662,A
4-HA,1670,659,0,0,0,659,A
4-HA,1671,661,0,0,0,661,A
4-HA,1672,0,0,661,0,661,G
4-HA,1673,0,0,640,0,640,G
4-HA,1674,0,0,0,627,627,C
4-HA,1675,625,0,0,0,625,A
4-HA,1676,626,0,0,0,626,A
4-HA,1677,0,0,0,628,628,C
4-HA,1678,629,0,0,0,629,A
4-HA,1679,0,623,0,0,623,T
4-HA,1680,0,617,0,1,618,T
4-HA,1681,600,0,1,0,601,A
4-HA,1682,0,0,597,0,597,G
4-HA,1683,1,1,596,0,598,G
4-HA,1684,0,573,0,0,573,T
4-HA,1685,0,0,534,0,534,G
4-HA,1686,0,1,0,511,512,C
4-HA,1687,505,0,0,0,505,A
4-HA,1688,504,0,0,0,504,A
4-HA,1689,0,0,0,504,504,C
4-HA,1690,496,0,0,0,496,A
4-HA,1691,0,484,0,0,484,T
4-HA,1692,0,458,0,0,458,T
4-HA,1693,0,460,0,0,460,T
4-HA,1694,0,0,458,0,458,G
4-HA,1695,0,0,0,449,449,C
4-HA,1696,446,0,0,0,446,A
4-HA,1697,0,422,0,0,422,T
4-HA,1698,0,409,1,0,410,T
4-HA,1699,0,400,0,0,400,T
4-HA,1700,0,0,397,0,397,G
4-HA,1701,390,0,0,0,390,A
5-NP,1,442,0,0,0,442,A
5-NP,2,0,441,0,0,441,T
5-NP,3,0,0,441,0,441,G
5-NP,4,0,0,443,0,443,G
5-NP,5,0,1,0,440,441,C
5-NP,6,0,0,444,0,444,G
5-NP,7,0,477,0,0,477,T
5-NP,8,0,0,0,487,487,C
5-NP,9,0,0,0,493,493,C
5-NP,10,1,0,0,494,495,C
5-NP,11,493,0,0,0,493,A
5-NP,12,493,0,0,0,493,A
5-NP,13,0,0,496,0,496,G
5-NP,14,0,0,502,0,502,G
5-NP,15,0,0,0,508,508,C
5-NP,16,511,0,0,0,511,A
5-NP,17,0,0,0,517,517,C
5-NP,18,1,0,0,514,515,C
5-NP,19,516,0,0,0,516,A
5-NP,20,517,0,0,0,517,A
5-NP,21,514,0,1,0,515,A
5-NP,22,0,0,0,526,526,C
5-NP,23,0,0,539,0,539,G
5-NP,24,0,0,583,0,583,G
5-NP,25,0,582,0,2,584,T
5-NP,26,1,0,0,618,619,C
5-NP,27,0,615,0,0,615,T
5-NP,28,0,626,0,0,626,T
5-NP,29,628,0,0,0,628,A
5-NP,30,0,627,0,0,627,T
5-NP,31,0,0,630,0,630,G
5-NP,32,620,0,2,0,622,A
5-NP,33,1,0,611,0,612,G
5-NP,34,0,0,0,617,617,C
5-NP,35,618,0,0,0,618,A
5-NP,36,0,0,670,0,670,G
5-NP,37,664,0,0,0,664,A
5-NP,38,0,668,0,0,668,T
5-NP,39,0,1,670,0,671,G
5-NP,40,0,0,672,0,672,G
5-NP,41,673,0,0,0,673,A
5-NP,42,679,0,0,0,679,A
5-NP,43,682,0,0,0,682,A
5-NP,44,0,0,0,692,692,C
5-NP,45,0,685,0,0,685,T
5-NP,46,0,0,695,0,695,G
5-NP,47,684,0,1,0,685,A
5-NP,48,0,693,0,0,693,T
5-NP,49,0,0,693,0,693,G
5-NP,50,0,0,688,0,688,G
5-NP,51,0,1,689,0,690,G
5-NP,52,0,0,693,0,693,G
5-NP,53,687,0,0,0,687,A
5-NP,54,0,697,0,0,697,T
5-NP,55,2,0,0,703,705,C
5-NP,56,0,0,706,0,706,G
5-NP,57,0,1,0,713,714,C
5-NP,58,0,0,0,721,721,C
5-NP,59,719,0,0,0,719,A
5-NP,60,0,0,728,0,728,G
5-NP,61,722,0,0,0,722,A
5-NP,62,732,0,0,0,732,A
5-NP,63,0,737,0,0,737,T
5-NP,64,0,0,734,0,734,G
5-NP,65,0,3,0,733,736,C
5-NP,66,737,0,1,0,738,A
5-NP,67,742,1,1,0,744,A
5-NP,68,0,0,0,749,749,C
5-NP,69,0,745,0,0,745,T
5-NP,70,0,0,749,0,749,G
5-NP,71,760,0,0,0,760,A
5-NP,72,0,0,808,0,808,G
5-NP,73,807,0,0,0,807,A
5-NP,74,0,805,0,0,805,T
5-NP,75,0,810,0,0,810,T
5-NP,76,810,0,0,0,810,A
5-NP,77,0,1,812,0,813,G
5-NP,78,0,0,808,0,808,G
5-NP,79,0,2,810,0,812,G
5-NP,80,0,0,0,802,802,C
5-NP,81,793,0,1,0,794,A
5-NP,82,0,800,0,0,800,T
5-NP,83,1,0,0,804,805,C
5-NP,84,0,0,0,805,805,C
5-NP,85,1,0,816,0,817,G
5-NP,86,0,816,0,0,816,T
5-NP,87,1,0,0,812,813,C
5-NP,88,0,1,817,0,818,G
5-NP,89,0,0,816,0,816,G
5-NP,90,0,1,822,0,823,G
5-NP,91,814,0,0,0,814,A
5-NP,92,820,0,0,0,820,A
5-NP,93,0,1,827,0,828,G
5-NP,94,812,0,0,0,812,A
5-NP,95,0,830,0,0,830,T
5-NP,96,0,1,833,0,834,G
5-NP,97,834,0,0,0,834,A
5-NP,98,0,839,0,0,839,T
5-NP,99,0,834,0,0,834,T
5-NP,100,0,0,837,0,837,G
5-NP,101,828,1,0,0,829,A
5-NP,102,0,837,0,1,838,T
5-NP,103,0,3,837,0,840,G
5-NP,104,0,0,828,0,828,G
5-NP,105,0,0,822,0,822,G
5-NP,106,875,0,1,0,876,A
5-NP,107,0,875,0,0,875,T
5-NP,108,0,880,0,0,880,T
5-NP,109,0,0,883,0,883,G
5-NP,110,0,1,880,0,881,G
5-NP,111,1,0,877,0,878,G
5-NP,112,877,0,0,0,877,A
5-NP,113,0,0,882,0,882,G
5-NP,114,873,0,1,0,874,A
5-NP,115,0,888,0,0,888,T
5-NP,116,0,894,0,0,894,T
5-NP,117,2,0,0,891,893,C
5-NP,118,1,886,0,0,887,T
5-NP,119,902,0,0,0,902,A
5-NP,120,0,0,0,910,910,C
5-NP,121,930,0,0,0,930,A
5-NP,122,0,931,0,1,932,T
5-NP,123,1,0,0,932,933,C
5-NP,124,2,1,0,934,937,C
5-NP,125,936,0,1,0,937,A
5-NP,126,950,0,0,0,950,A
5-NP,127,954,0,0,0,954,A
5-NP,128,0,948,0,0,948,T
5-NP,129,0,0,948,1,949,G
5-NP,130,0,940,0,0,940,T
5-NP,131,1,1,944,0,946,G
5-NP,132,0,0,0,941,941,C
5-NP,133,939,0,0,0,939,A
5-NP,134,0,0,0,938,938,C
5-NP,135,0,927,0,0,927,T
5-NP,136,0,2,964,0,966,G
5-NP,137,973,0,0,0,973,A
5-NP,138,998,0,0,0,998,A
5-NP,139,0,0,0,1007,1007,C
5-NP,140,0,1011,0,1,1012,T
5-NP,141,0,1014,0,0,1014,T
5-NP,142,1018,0,0,0,1018,A
5-NP,143,1017,0,0,0,1017,A
5-NP,144,1014,1,2,0,1017,A
5-NP,145,0,0,0,1020,1020,C
5-NP,146,0,1003,0,0,1003,T
5-NP,147,1,0,0,1009,1010,C
5-NP,148,995,0,0,0,995,A
5-NP,149,0,0,1017,0,1017,G
5-NP,150,0,1010,0,0,1010,T
5-NP,151,0,0,1021,0,1021,G
5-NP,152,1041,0,0,0,1041,A
5-NP,153,0,1039,0,3,1042,T
5-NP,154,1,0,0,1052,1053,C
5-NP,155,1056,0,1,0,1057,A
5-NP,156,0,1053,0,0,1053,T
5-NP,157,1,0,1050,0,1051,G
5-NP,158,1041,0,2,0,1043,A
5-NP,159,1040,0,3,0,1043,A
5-NP,160,0,1,1047,0,1048,G
5-NP,161,1,0,1031,0,1032,G
5-NP,162,0,0,1036,0,1036,G
5-NP,163,0,0,0,1032,1032,C
5-NP,164,0,0,1039,0,1039,G
5-NP,165,0,0,1043,0,1043,G
5-NP,166,0,1029,0,0,1029,T
5-NP,167,0,1038,0,0,1038,T
5-NP,168,2,1,1037,0,1040,G
5-NP,169,1138,0,0,0,1138,A
5-NP,170,0,1140,0,0,1140,T
5-NP,171,0,0,0,1134,1134,C
5-NP,172,0,0,0,1140,1140,C
5-NP,173,1137,0,1,0,1138,A
5-NP,174,1,3,1143,0,1147,G
5-NP,175,1144,0,0,0,1144,A
5-NP,176,1143,0,0,0,1143,A
5-NP,177,0,0,0,1154,1154,C
5-NP,178,1098,0,0,0,1098,A
5-NP,179,0,1,1109,0,1110,G
5-NP,180,0,0,0,1117,1117,C
5-NP,181,0,1120,0,1,1121,T
5-NP,182,0,1121,0,0,1121,T
5-NP,183,0,2,1116,0,1118,G
5-NP,184,1116,0,1,0,1117,A
5-NP,185,0,0,0,1132,1132,C
5-NP,186,1127,0,0,0,1127,A
5-NP,187,1131,0,0,0,1131,A
5-NP,188,0,1113,0,0,1113,T
5-NP,189,1107,0,0,0,1107,A
5-NP,190,1,2,1108,0,1111,G
5-NP,191,1104,0,0,0,1104,A
5-NP,192,0,0,1115,0,1115,G
5-NP,193,1109,0,0,0,1109,A
5-NP,194,1112,0,0,0,1112,A
5-NP,195,1112,0,0,0,1112,A
5-NP,196,1139,0,0,0,1139,A
5-NP,197,0,1141,0,0,1141,T
5-NP,198,0,0,1143,0,1143,G
5-NP,199,0,0,1142,0,1142,G
5-NP,200,0,1127,0,0,1127,T
5-NP,201,1118,0,0,0,1118,A
5-NP,202,0,0,0,1132,1132,C
5-NP,203,0,1128,0,0,1128,T
5-NP,204,1,0,0,1150,1151,C
5-NP,205,0,1122,0,1,1123,T
5-NP,206,3,1,0,1132,1136,C
5-NP,207,0,1128,0,1,1129,T
5-NP,208,0,0,1148,0,1148,G
5-NP,209,0,0,0,1148,1148,C
5-NP,210,0,1139,0,3,1142,T
5-NP,211,0,1147,0,1,1148,T
5-NP,212,0,1142,0,0,1142,T
5-NP,213,0,1136,0,0,1136,T
5-NP,214,0,0,1140,0,1140,G
5-NP,215,1122,0,1,0,1123,A
5-NP,216,0,1136,0,0,1136,T
5-NP,217,0,0,1134,0,1134,G
5-NP,218,1132,0,0,0,1132,A
5-NP,219,1134,0,0,0,1134,A
5-NP,220,1136,0,0,0,1136,A
5-NP,221,0,0,1137,0,1137,G
5-NP,222,1129,0,0,0,1129,A
5-NP,223,1127,0,0,0,1127,A
5-NP,224,0,0,1146,0,1146,G
5-NP,225,1,2,1157,0,1160,G
5-NP,226,1162,0,0,0,1162,A
5-NP,227,1172,0,0,0,1172,A
5-NP,228,0,1168,0,0,1168,T
5-NP,229,1175,0,1,0,1176,A
5-NP,230,1169,0,1,0,1170,A
5-NP,231,1184,0,0,0,1184,A
5-NP,232,0,1175,0,0,1175,T
5-NP,233,1173,0,0,0,1173,A
5-NP,234,0,0,0,1187,1187,C
5-NP,235,0,0,0,1167,1167,C
5-NP,236,0,1167,0,0,1167,T
5-NP,237,0,0,1175,0,1175,G
5-NP,238,0,0,1179,0,1179,G
5-NP,239,1181,1,0,0,1182,A
5-NP,240,1173,0,0,0,1173,A
5-NP,241,0,1,1181,0,1182,G
5-NP,242,1173,0,0,0,1173,A
5-NP,243,1175,0,1,0,1176,A
5-NP,244,0,2,0,1164,1166,C
5-NP,245,1153,0,2,0,1155,A
5-NP,246,0,0,0,1188,1188,C
5-NP,247,0,0,0,1174,1174,C
5-NP,248,0,0,0,1177,1177,C
5-NP,249,2,0,0,1182,1184,C
5-NP,250,1165,0,1,0,1166,A
5-NP,251,0,1,1166,0,1167,G
5-NP,252,0,2,0,1164,1166,C
5-NP,253,1,0,1167,0,1168,G
5-NP,254,0,0,0,1160,1160,C
5-NP,255,1,0,1158,0,1159,G
5-NP,256,1,2,1163,0,1166,G
5-NP,257,0,1,1155,0,1156,G
5-NP,258,0,0,1178,0,1178,G
5-NP,259,1170,1,0,0,1171,A
5-NP,260,1174,0,0,0,1174,A
5-NP,261,1175,0,3,0,1178,A
5-NP,262,0,0,1177,0,1177,G
5-NP,263,1177,0,0,0,1177,A
5-NP,264,0,1164,0,0,1164,T
5-NP,265,0,0,0,1159,1159,C
5-NP,266,2,0,0,1157,1159,C
5-NP,267,1,0,0,1166,1167,C
5-NP,268,1177,0,0,0,1177,A
5-NP,269,1173,0,0,0,1173,A
5-NP,270,0,0,1182,0,1182,G
5-NP,271,1176,0,1,0,1177,A
5-NP,272,1179,0,1,0,1180,A
5-NP,273,1183,0,0,0,1183,A
5-NP,274,1176,0,0,0,1176,A
5-NP,275,0,0,0,1179,1179,C
5-NP,276,0,1172,0,0,1172,T
5-NP,277,0,1,1180,0,1181,G
5-NP,278,0,0,1184,0,1184,G
5-NP,279,0,0,1171,0,1171,G
5-NP,280,0,1,1168,0,1169,G
5-NP,281,0,0,1170,0,1170,G
5-NP,282,0,0,1189,0,1189,G
5-NP,283,0,0,1,1250,1251,C
5-NP,284,0,0,0,1260,1260,C
5-NP,285,1,0,0,1267,1268,C
5-NP,286,1430,0,0,0,1430,A
5-NP,287,0,1433,0,1,1434,T
5-NP,288,1500,0,0,0,1500,A
5-NP,289,0,1493,0,0,1493,T
5-NP,290,1480,0,1,0,1481,A
5-NP,291,0,0,0,1494,1494,C
5-NP,292,1372,0,1,0,1373,A
5-NP,293,0,1,1400,0,1401,G
5-NP,294,0,1,1398,0,1399,G
5-NP,295,1263,0,0,0,1263,A
5-NP,296,0,2,1285,0,1287,G
5-NP,297,1222,0,1,0,1223,A
5-NP,298,0,0,1257,0,1257,G
5-NP,299,0,1232,0,1,1233,T
5-NP,300,1238,0,1,0,1239,A
5-NP,301,0,0,1243,0,1243,G
5-NP,302,1215,0,1,0,1216,A
5-NP,303,0,1212,1,2,1215,T
5-NP,304,0,1,1221,0,1222,G
5-NP,305,1,1,1222,0,1224,G
5-NP,306,1223,0,0,0,1223,A
5-NP,307,1212,0,1,0,1213,A
5-NP,308,1207,1,0,0,1208,A
5-NP,309,1210,0,0,0,1210,A
5-NP,310,0,1212,0,0,1212,T
5-NP,311,0,0,1223,1,1224,G
5-NP,312,0,0,1223,0,1223,G
5-NP,313,1229,0,1,0,1230,A
5-NP,314,0,1219,0,0,1219,T
5-NP,315,0,0,1230,0,1230,G
5-NP,316,1225,0,1,0,1226,A
5-NP,317,0,0,1233,0,1233,G
5-NP,318,1,3,1225,0,1229,G
5-NP,319,0,0,1227,0,1227,G
5-NP,320,1247,0,0,0,1247,A
5-NP,321,1240,0,0,0,1240,A
5-NP,322,1,0,0,1255,1256,C
5-NP,323,0,1239,0,0,1239,T
5-NP,324,2,1,0,1262,1265,C
5-NP,325,1,0,1275,0,1276,G
5-NP,326,0,1280,0,1,1281,T
5-NP,327,2,0,1,1278,1281,C
5-NP,328,1,1,0,1389,1391,C
5-NP,329,0,1399,0,0,1399,T
5-NP,330,0,1408,0,0,1408,T
5-NP,331,0,1410,0,0,1410,T
5-NP,332,1413,0,2,0,1415,A
5-NP,333,0,1410,0,2,1412,T
5-NP,334,1,2,1411,1,1415,G
5-NP,335,1415,1,2,0,1418,A
5-NP,336,0,0,0,1419,1419,C
5-NP,337,1391,0,0,0,1391,A
5-NP,338,1394,1,0,0,1395,A
5-NP,339,1394,0,1,0,1395,A
5-NP,340,0,0,1467,0,1467,G
5-NP,341,1462,0,1,0,1463,A
5-NP,342,1457,0,4,0,1461,A
5-NP,343,1,1,1542,0,1544,G
5-NP,344,1544,0,2,0,1546,A
5-NP,345,1558,0,0,0,1558,A
5-NP,346,1554,0,1,0,1555,A
5-NP,347,0,1555,0,0,1555,T
5-NP,348,1556,0,1,0,1557,A
5-NP,349,1546,0,2,0,1548,A
5-NP,350,0,0,1570,0,1570,G
5-NP,351,1,2,1558,0,1561,G
5-NP,352,0,0,0,1562,1562,C
5-NP,353,0,1,1563,0,1564,G
5-NP,354,1580,0,0,0,1580,A
5-NP,355,1594,0,0,0,1594,A
5-NP,356,0,1596,0,1,1597,T
5-NP,357,1,1,0,1598,1600,C
5-NP,358,0,1604,0,1,1605,T
5-NP,359,0,1,1597,0,1598,G
5-NP,360,0,1,1590,0,1591,G
5-NP,361,0,0,0,1596,1596,C
5-NP,362,0,0,1591,1,1592,G
5-NP,363,0,0,0,1599,1599,C
5-NP,364,2,0,0,1590,1592,C
5-NP,365,1595,0,1,0,1596,A
5-NP,366,1618,0,0,0,1618,A
5-NP,367,0,1,1671,0,1672,G
5-NP,368,0,1,0,1660,1661,C
5-NP,369,1,1,0,1681,1683,C
5-NP,370,1693,0,0,0,1693,A
5-NP,371,1713,1,1,0,1715,A
5-NP,372,0,0,0,1737,1737,C
5-NP,373,1740,0,0,0,1740,A
5-NP,374,1773,0,3,0,1776,A
5-NP,375,0,1787,1,0,1788,T
5-NP,376,0,2,1832,0,1834,G
5-NP,377,0,0,1837,0,1837,G
5-NP,378,0,1806,0,0,1806,T
5-NP,379,0,1,1823,0,1824,G
5-NP,380,1812,0,0,0,1812,A
5-NP,381,0,1,1853,0,1854,G
5-NP,382,0,1,1848,0,1849,G
5-NP,383,1870,0,0,0,1870,A
5-NP,384,0,2019,0,0,2019,T
5-NP,385,1,0,2046,0,2047,G
5-NP,386,1,0,0,2054,2055,C
5-NP,387,0,2059,0,1,2060,T
5-NP,388,2073,0,1,0,2074,A
5-NP,389,0,1,0,2114,2115,C
5-NP,390,2109,0,0,0,2109,A
5-NP,391,0,2098,0,0,2098,T
5-NP,392,0,1,0,2090,2091,C
5-NP,393,0,2033,0,1,2034,T
5-NP,394,1,2,2122,0,2125,G
5-NP,395,1,0,2178,0,2179,G
5-NP,396,0,2175,0,1,2176,T
5-NP,397,0,0,0,2178,2178,C
5-NP,398,0,2167,0,0,2167,T
5-NP,399,2209,0,1,0,2210,A
5-NP,400,2208,0,2,0,2210,A
5-NP,401,0,1,0,2244,2245,C
5-NP,402,1,2241,1,0,2243,T
5-NP,403,1,0,0,2282,2283,C
5-NP,404,2244,0,1,0,2245,A
5-NP,405,0,0,0,2364,2364,C
5-NP,406,2359,0,0,0,2359,A
5-NP,407,0,2371,1,1,2373,T
5-NP,408,2354,0,0,0,2354,A
5-NP,409,2364,0,0,0,2364,A
5-NP,410,0,2368,0,2,2370,T
5-NP,411,0,4,2398,0,2402,G
5-NP,412,2389,0,0,0,2389,A
5-NP,413,0,2367,0,0,2367,T
5-NP,414,0,2346,0,1,2347,T
5-NP,415,1,2348,0,1,2350,T
5-NP,416,1,2,2347,0,2350,G
5-NP,417,1,0,2342,1,2344,G
5-NP,418,0,0,0,2346,2346,C
5-NP,419,2341,0,0,0,2341,A
5-NP,420,0,2334,0,1,2335,T
5-NP,421,0,2335,0,0,2335,T
5-NP,422,1,0,0,2343,2344,C
5-NP,423,1,2,0,2354,2357,C
5-NP,424,2393,0,0,0,2393,A
5-NP,425,2395,0,0,0,2395,A
5-NP,426,0,2394,0,0,2394,T
5-NP,427,0,2398,0,0,2398,T
5-NP,428,0,2393,0,2,2395,T
5-NP,429,0,2,2410,0,2412,G
5-NP,430,2399,0,1,0,2400,A
5-NP,431,2412,0,1,1,2414,A
5-NP,432,0,2441,0,0,2441,T
5-NP,433,0,2,2409,0,2411,G
5-NP,434,2506,0,0,0,2506,A
5-NP,435,1,2513,0,1,2515,T
5-NP,436,3,0,2531,0,2534,G
5-NP,437,0,1,0,2614,2615,C
5-NP,438,2604,2,1,0,2607,A
5-NP,439,2710,0,4,0,2714,A
5-NP,440,0,1,0,2723,2724,C
5-NP,441,2761,0,0,0,2761,A
5-NP,442,0,2834,0,0,2834,T
5-NP,443,2787,0,2,0,2789,A
5-NP,444,1,2,0,2823,2826,C
5-NP,445,3,0,0,2843,2846,C
5-NP,446,2785,0,1,0,2786,A
5-NP,447,0,4,2802,0,2806,G
5-NP,448,2760,0,0,0,2760,A
5-NP,449,0,1,2820,0,2821,G
5-NP,450,0,3,2797,0,2800,G
5-NP,451,2787,0,2,0,2789,A
5-NP,452,0,0,0,2812,2812,C
5-NP,453,2791,1,0,0,2792,A
5-NP,454,2782,0,0,0,2782,A
5-NP,455,0,3,2792,0,2795,G
5-NP,456,2757,0,4,0,2761,A
5-NP,457,1,0,2791,0,2792,G
5-NP,458,0,0,0,2781,2781,C
5-NP,459,0,2774,0,0,2774,T
5-NP,460,2,0,0,2783,2785,C
5-NP,461,0,2777,0,1,2778,T
5-NP,462,1,2790,0,1,2792,T
5-NP,463,1,0,2810,0,2811,G
5-NP,464,0,2781,0,3,2784,T
5-NP,465,0,2788,0,1,2789,T
5-NP,466,1,0,0,2789,2790,C
5-NP,467,1,6,2787,0,2794,G
5-NP,468,2825,1,1,0,2827,A
5-NP,469,2825,0,0,0,2825,A
5-NP,470,0,1,0,2855,2856,C
5-NP,471,0,2855,0,2,2857,T
5-NP,472,0,0,2892,1,2893,G
5-NP,473,1,5,2906,0,2912,G
5-NP,474,2902,0,1,5,2908,A
5-NP,475,2912,0,1,0,2913,A
5-NP,476,0,2911,0,0,2911,T
5-NP,477,0,4,2914,0,2918,G
5-NP,478,0,2,2930,0,2932,G
5-NP,479,2937,0,3,0,2940,A
5-NP,480,0,2985,0,1,2986,T
5-NP,481,6,1,0,2983,2990,C
5-NP,482,5,0,0,2998,3003,C
5-NP,483,4,0,0,3029,3033,C
5-NP,484,3068,0,3,0,3071,A
5-NP,485,0,1,3119,0,3120,G
5-NP,486,3131,0,0,0,3131,A
5-NP,487,3117,0,1,0,3118,A
5-NP,488,0,3098,0,2,3100,T
5-NP,489,0,0,3154,0,3154,G
5-NP,490,1,3117,0,1,3119,T
5-NP,491,1,1,3151,0,3153,G
5-NP,492,0,0,0,3141,3141,C
5-NP,493,1,3136,0,2,3139,T
5-NP,494,2,0,0,3406,3408,C
5-NP,495,0,3397,0,1,3398,T
5-NP,496,1,2,0,3569,3572,C
5-NP,497,0,3564,0,6,3570,T
5-NP,498,0,1,3584,0,3585,G
5-NP,499,3605,0,0,0,3605,A
5-NP,500,0,3602,0,0,3602,T
5-NP,501,0,1,3606,0,3607,G
5-NP,502,0,3,2,3596,3601,C
5-NP,503,3503,1,4,0,3508,A
5-NP,504,2,3,3610,0,3615,G
5-NP,505,0,8,3548,0,3556,G
5-NP,506,3,0,3579,0,3582,G
5-NP,507,0,1,0,3576,3577,C
5-NP,508,0,3566,1,3,3570,T
5-NP,509,1,3,0,3609,3613,C
5-NP,510,1,1,3600,0,3602,G
5-NP,511,3645,0,0,0,3645,A
5-NP,512,0,0,0,3668,3668,C
5-NP,513,0,3618,0,2,3620,T
5-NP,514,0,1,0,3843,3844,C
5-NP,515,0,3829,0,1,3830,T
5-NP,516,2,0,0,4393,4395,C
5-NP,517,4,0,0,4381,4385,C
5-NP,518,3,1,0,4411,4415,C
5-NP,519,0,4416,0,4,4420,T
5-NP,520,4404,0,3,0,4407,A
5-NP,521,0,1,4382,0,4383,G
5-NP,522,4386,1,0,0,4387,A
5-NP,523,4316,0,0,0,4316,A
5-NP,524,1,2,4314,0,4317,G
5-NP,525,2,0,4266,0,4268,G
5-NP,526,0,4195,0,4,4199,T
5-NP,527,4,2,0,4229,4235,C
5-NP,528,3,4,0,4222,4229,C
5-NP,529,0,4,4236,0,4240,G
5-NP,530,0,2,4276,1,4279,G
5-NP,531,4251,0,2,0,4253,A
5-NP,532,0,0,4317,0,4317,G
5-NP,533,2,2,0,4327,4331,C
5-NP,534,0,4298,1,3,4302,T
5-NP,535,1,0,4340,0,4341,G
5-NP,536,1,1,0,4351,4353,C
5-NP,537,4342,0,3,0,4345,A
5-NP,538,1,0,4353,0,4354,G
5-NP,539,1,5,4366,0,4372,G
5-NP,540,1,4293,1,2,4297,T
5-NP,541,2,0,4335,0,4337,G
5-NP,542,1,1,0,4357,4359,C
5-NP,543,0,4357,1,6,4364,T
5-NP,544,1,0,4375,0,4376,G
5-NP,545,1,1,0,4360,4362,C
5-NP,546,4401,0,2,0,4403,A
5-NP,547,1,0,4497,0,4498,G
5-NP,548,1,4465,0,2,4468,T
5-NP,549,7,1,0,4476,4484,C
5-NP,550,4486,1,0,0,4487,A
5-NP,551,4473,0,4,0,4477,A
5-NP,552,4466,2,8,0,4476,A
5-NP,553,3,3,4495,0,4501,G
5-NP,554,0,5,4510,0,4515,G
5-NP,555,4499,0,2,0,4501,A
5-NP,556,4481,0,4,1,4486,A
5-NP,557,0,4494,1,1,4496,T
5-NP,558,1,2,0,4510,4513,C
5-NP,559,1,5,4510,0,4516,G
5-NP,560,1,1,4631,0,4633,G
5-NP,561,3,7,4617,0,4627,G
5-NP,562,4613,0,1,0,4614,A
5-NP,563,0,0,0,4632,4632,C
5-NP,564,4602,0,0,0,4602,A
5-NP,565,4698,0,2,0,4700,A
5-NP,566,0,4747,1,1,4749,T
5-NP,567,0,2,4778,1,4781,G
5-NP,568,0,1,4872,0,4873,G
5-NP,569,1,4836,0,2,4839,T
5-NP,570,0,2,4932,0,4934,G
5-NP,571,4908,0,5,0,4913,A
5-NP,572,0,4909,0,3,4912,T
5-NP,573,0,3,4924,0,4927,G
5-NP,574,0,6,4965,0,4971,G
5-NP,575,4914,0,6,0,4920,A
5-NP,576,4944,0,1,0,4945,A
5-NP,577,2,1,0,4934,4937,C
5-NP,578,1,4836,0,2,4839,T
5-NP,579,3,2,5087,0,5092,G
5-NP,580,5020,0,1,0,5021,A
5-NP,581,0,5066,0,0,5066,T
5-NP,582,2,1,0,5096,5099,C
5-NP,583,5021,0,3,0,5024,A
5-NP,584,0,6,5160,0,5166,G
5-NP,585,5107,0,1,0,5108,A
5-NP,586,5118,0,3,0,5121,A
5-NP,587,1,5156,0,0,5157,T
5-NP,588,1,3,5082,0,5086,G
5-NP,589,3,2,5124,0,5129,G
5-NP,590,1,5106,0,3,5110,T
5-NP,591,5,1,0,5142,5148,C
5-NP,592,5131,0,2,0,5133,A
5-NP,593,5103,0,1,0,5104,A
5-NP,594,5130,0,1,0,5131,A
5-NP,595,0,5,0,5127,5132,C
5-NP,596,1,4,5128,1,5134,G
5-NP,597,0,2,5124,0,5126,G
5-NP,598,0,2,5091,0,5093,G
5-NP,599,0,6,5107,0,5113,G
5-NP,600,5075,0,4,0,5079,A
5-NP,601,5124,0,0,1,5125,A
5-NP,602,0,5093,0,1,5094,T
5-NP,603,4,1,0,5119,5124,C
5-NP,604,5131,0,3,0,5134,A
5-NP,605,5116,0,2,0,5118,A
5-NP,606,0,0,0,5111,5111,C
5-NP,607,1,4,5093,0,5098,G
5-NP,608,5071,1,1,0,5073,A
5-NP,609,0,5060,0,0,5060,T
5-NP,610,4,0,0,5071,5075,C
5-NP,611,1,3,5078,0,5082,G
5-NP,612,5020,1,2,0,5023,A
5-NP,613,5060,0,0,0,5060,A
5-NP,614,5075,0,0,0,5075,A
5-NP,615,0,5131,0,2,5133,T
5-NP,616,0,5140,0,0,5140,T
5-NP,617,0,5141,0,0,5141,T
5-NP,618,0,5143,0,1,5144,T
5-NP,619,1,5151,0,3,5155,T
5-NP,620,0,5,5162,0,5167,G
5-NP,621,0,3,5160,1,5164,G
5-NP,622,5106,1,3,0,5110,A
5-NP,623,1,1,5174,0,5176,G
5-NP,624,5093,0,2,0,5095,A
5-NP,625,1,5,5323,0,5329,G
5-NP,626,1,6,5335,0,5342,G
5-NP,627,1,5256,1,6,5264,T
5-NP,628,0,2,5355,0,5357,G
5-NP,629,5338,0,3,1,5342,A
5-NP,630,0,6,5381,0,5387,G
5-NP,631,5366,0,5,0,5371,A
5-NP,632,5362,0,0,0,5362,A
5-NP,633,0,5351,0,1,5352,T
5-NP,634,1,3,5232,0,5236,G
5-NP,635,1,1,5188,0,5190,G
5-NP,636,2,1,5175,0,5178,G
5-NP,637,0,1,1,5156,5158,C
5-NP,638,2,3,5178,0,5183,G
5-NP,639,3,2,5194,0,5199,G
5-NP,640,5181,0,0,0,5181,A
5-NP,641,5194,0,1,1,5196,A
5-NP,642,5279,0,3,0,5282,A
5-NP,643,5274,0,4,1,5279,A
5-NP,644,0,2,0,5332,5334,C
5-NP,645,5315,0,1,0,5316,A
5-NP,646,5299,0,0,0,5299,A
5-NP,647,1,2,5306,0,5309,G
5-NP,648,5189,0,1,0,5190,A
5-NP,649,5206,0,0,0,5206,A
5-NP,650,0,1,5316,0,5317,G
5-NP,651,1,5252,0,1,5254,T
5-NP,652,1,0,5515,0,5516,G
5-NP,653,2,0,0,5484,5486,C
5-NP,654,0,5500,0,2,5502,T
5-NP,655,0,5527,0,2,5529,T
5-NP,656,5580,1,0,0,5581,A
5-NP,657,0,5581,0,0,5581,T
5-NP,658,2,7,5591,0,5600,G
5-NP,659,5497,2,9,2,5510,A
5-NP,660,3,6,5526,0,5535,G
5-NP,661,5283,1,3,1,5288,A
5-NP,662,1,2,5321,0,5324,G
5-NP,663,5285,0,3,1,5289,A
5-NP,664,5325,0,0,0,5325,A
5-NP,665,0,5262,0,1,5263,T
5-NP,666,3,1,5331,0,5335,G
5-NP,667,0,5293,0,5,5298,T
5-NP,668,1,0,5324,0,5325,G
5-NP,669,0,1,0,5318,5319,C
5-NP,670,5304,2,1,0,5307,A
5-NP,671,5300,0,6,0,5306,A
5-NP,672,0,0,0,5306,5306,C
5-NP,673,5254,0,1,0,5255,A
5-NP,674,0,5268,0,2,5270,T
5-NP,675,2,5210,1,3,5216,T
5-NP,676,7,0,0,5224,5231,C
5-NP,677,0,5221,0,2,5223,T
5-NP,678,0,5227,0,2,5229,T
5-NP,679,5237,0,1,0,5238,A
5-NP,680,5205,0,0,0,5205,A
5-NP,681,5207,0,0,0,5207,A
5-NP,682,2,1,5190,0,5193,G
5-NP,683,1,2,5194,0,5197,G
5-NP,684,5169,0,0,1,5170,A
5-NP,685,5160,0,0,0,5160,A
5-NP,686,5165,0,0,0,5165,A
5-NP,687,5237,0,0,1,5238,A
5-NP,688,0,5227,0,2,5229,T
5-NP,689,0,5229,0,0,5229,T
5-NP,690,0,5227,0,1,5228,T
5-NP,691,6,1,0,5259,5266,C
5-NP,692,5263,0,4,1,5268,A
5-NP,693,5257,0,3,0,5260,A
5-NP,694,5250,0,5,1,5256,A
5-NP,695,0,0,0,5320,5320,C
5-NP,696,5247,1,0,1,5249,A
5-NP,697,2,0,5342,0,5344,G
5-NP,698,2,2,0,5337,5341,C
5-NP,699,0,5324,0,2,5326,T
5-NP,700,1,1,5425,0,5427,G
5-NP,701,0,10,0,5405,5415,C
5-NP,702,5463,0,2,0,5465,A
5-NP,703,0,0,0,5464,5464,C
5-NP,704,5415,0,0,0,5415,A
5-NP,705,5417,0,5,0,5422,A
5-NP,706,5298,0,5,2,5305,A
5-NP,707,1,4,5480,0,5485,G
5-NP,708,5447,0,6,0,5453,A
5-NP,709,0,1,5495,0,5496,G
5-NP,710,1,0,0,5501,5502,C
5-NP,711,5493,2,1,1,5497,A
5-NP,712,5641,1,2,0,5644,A
5-NP,713,0,5654,0,1,5655,T
5-NP,714,3,5,5665,0,5673,G
5-NP,715,1,2,5674,0,5677,G
5-NP,716,2,5526,0,3,5531,T
5-NP,717,16,6,5528,0,5550,G
5-NP,718,1,5,5558,0,5564,G
5-NP,719,5558,0,3,0,5561,A
5-NP,720,0,5536,0,2,5538,T
5-NP,721,2,0,0,5424,5426,C
5-NP,722,5451,0,6,0,5457,A
5-NP,723,5478,1,2,0,5481,A
5-NP,724,3,0,5517,0,5520,G
5-NP,725,0,5454,0,0,5454,T
5-NP,726,1,1,5469,1,5472,G
5-NP,727,5429,0,4,1,5434,A
5-NP,728,3,3,5433,0,5439,G
5-NP,729,5440,0,4,0,5444,A
5-NP,730,0,3,5428,0,5431,G
5-NP,731,5405,1,0,0,5406,A
5-NP,732,5309,0,6,0,5315,A
5-NP,733,5331,1,3,0,5335,A
5-NP,734,0,1,5340,0,5341,G
5-NP,735,1,5285,0,1,5287,T
5-NP,736,6,1,0,5305,5312,C
5-NP,737,2,3,5310,1,5316,G
5-NP,738,3,4,5298,0,5305,G
5-NP,739,5337,0,0,0,5337,A
5-NP,740,5329,0,2,0,5331,A
5-NP,741,1,2,0,5356,5359,C
5-NP,742,3,0,0,5320,5323,C
5-NP,743,1,0,0,5349,5350,C
5-NP,744,5351,0,2,0,5353,A
5-NP,745,1,1,5360,0,5362,G
5-NP,746,0,4,5338,0,5342,G
5-NP,747,5349,0,0,0,5349,A
5-NP,748,5340,0,1,0,5341,A
5-NP,749,5309,0,2,1,5312,A
5-NP,750,2,2,0,5318,5322,C
5-NP,751,1,1,5298,0,5300,G
5-NP,752,1,0,0,5301,5302,C
5-NP,753,0,5287,1,1,5289,T
5-NP,754,0,2,5306,0,5308,G
5-NP,755,5282,0,1,0,5283,A
5-NP,756,0,2,5349,1,5352,G
5-NP,757,5366,0,2,0,5368,A
5-NP,758,0,5330,0,0,5330,T
5-NP,759,2,2,0,5302,5306,C
5-NP,760,3,4,5306,0,5313,G
5-NP,761,5294,0,0,0,5294,A
5-NP,762,5289,0,2,0,5291,A
5-NP,763,0,1,5327,0,5328,G
5-NP,764,5312,0,0,0,5312,A
5-NP,765,3,5310,0,0,5313,T
5-NP,766,5,1,0,5329,5335,C
5-NP,767,0,5331,0,3,5334,T
5-NP,768,4,0,0,5396,5400,C
5-NP,769,5411,0,2,0,5413,A
5-NP,770,0,5423,0,0,5423,T
5-NP,771,5434,0,2,1,5437,A
5-NP,772,0,5417,1,1,5419,T
5-NP,773,0,5393,0,0,5393,T
5-NP,774,0,5398,0,1,5399,T
5-NP,775,0,5336,0,1,5337,T
5-NP,776,1,5341,0,1,5343,T
5-NP,777,5369,0,1,0,5370,A
5-NP,778,0,0,5358,0,5358,G
5-NP,779,2,1,0,5344,5347,C
5-NP,780,5352,0,0,0,5352,A
5-NP,781,5320,0,0,0,5320,A
5-NP,782,0,3,5473,0,5476,G
5-NP,783,5451,1,1,0,5453,A
5-NP,784,0,5452,0,0,5452,T
5-NP,785,0,0,0,5500,5500,C
5-NP,786,0,5471,0,3,5474,T
5-NP,787,1,2,5612,0,5615,G
5-NP,788,1,1,0,5619,5621,C
5-NP,789,5629,0,2,0,5631,A
5-NP,790,0,5693,0,1,5694,T
5-NP,791,0,5497,0,3,5500,T
5-NP,792,0,5,5831,0,5836,G
5-NP,793,5940,0,0,0,5940,A
5-NP,794,0,5944,1,2,5947,T
5-NP,795,5960,0,1,0,5961,A
5-NP,796,0,5868,0,1,5869,T
5-NP,797,0,5832,0,0,5832,T
5-NP,798,0,12,5864,0,5876,G
5-NP,799,5819,1,8,0,5828,A
5-NP,800,0,3,5847,0,5850,G
5-NP,801,5547,0,3,0,5550,A
5-NP,802,1,5,5470,1,5477,G
5-NP,803,2,4,5515,0,5521,G
5-NP,804,5496,0,4,0,5500,A
5-NP,805,2,5468,0,1,5471,T
5-NP,806,1,0,0,5510,5511,C
5-NP,807,5476,0,3,0,5479,A
5-NP,808,0,0,5508,0,5508,G
5-NP,809,1,5480,0,0,5481,T
5-NP,810,0,5427,0,0,5427,T
5-NP,811,0,1,5421,0,5422,G
5-NP,812,2,1,0,5366,5369,C
5-NP,813,0,5380,0,2,5382,T
5-NP,814,7,1,0,5400,5408,C
5-NP,815,5419,0,1,1,5421,A
5-NP,816,0,0,0,5438,5438,C
5-NP,817,5434,1,1,0,5436,A
5-NP,818,5455,0,1,0,5456,A
5-NP,819,5428,0,1,0,5429,A
5-NP,820,0,5385,0,1,5386,T
5-NP,821,4,1,0,5440,5445,C
5-NP,822,0,5411,1,2,5414,T
5-NP,823,0,5414,0,2,5416,T
5-NP,824,2,0,5428,0,5430,G
5-NP,825,2,1,0,5439,5442,C
5-NP,826,8,1,0,5471,5480,C
5-NP,827,2,5496,1,2,5501,T
5-NP,828,5442,1,2,0,5445,A
5-NP,829,0,0,0,5519,5519,C
5-NP,830,3,1,0,5535,5539,C
5-NP,831,2,5497,1,1,5501,T
5-NP,832,2,3,5578,0,5583,G
5-NP,833,1,0,0,5534,5535,C
5-NP,834,3,0,0,5565,5568,C
5-NP,835,0,5511,0,3,5514,T
5-NP,836,1,1,5562,0,5564,G
5-NP,837,2,5497,0,1,5500,T
5-NP,838,2,0,5599,0,5601,G
5-NP,839,8,1,0,5616,5625,C
5-NP,840,1,1,5702,0,5704,G
5-NP,841,0,5612,0,3,5615,T
5-NP,842,5607,0,2,0,5609,A
5-NP,843,0,5606,0,2,5608,T
5-NP,844,0,7,5595,1,5603,G
5-NP,845,0,6,5750,2,5758,G
5-NP,846,5704,0,11,0,5715,A
5-NP,847,2,1,0,5629,5632,C
5-NP,848,8,2,0,5646,5656,C
5-NP,849,1,5541,1,4,5547,T
5-NP,850,0,0,5796,0,5796,G
5-NP,851,1,1,0,5792,5794,C
5-NP,852,5809,1,3,1,5814,A
5-NP,853,2,0,5913,0,5915,G
5-NP,854,0,5678,0,3,5681,T
5-NP,855,5892,0,0,0,5892,A
5-NP,856,1,5860,0,2,5863,T
5-NP,857,0,1,0,5846,5847,C
5-NP,858,4,2,0,5872,5878,C
5-NP,859,5604,0,0,1,5605,A
5-NP,860,0,0,5638,0,5638,G
5-NP,861,1,5598,0,0,5599,T
5-NP,862,1,3,5654,1,5659,G
5-NP,863,0,1,5624,0,5625,G
5-NP,864,1,0,5554,0,5555,G
5-NP,865,0,5530,1,5,5536,T
5-NP,866,5531,1,4,1,5537,A
5-NP,867,0,1,0,5524,5525,C
5-NP,868,0,7,5490,1,5498,G
5-NP,869,5463,0,2,1,5466,A
5-NP,870,0,1,0,5471,5472,C
5-NP,871,0,5343,0,1,5344,T
5-NP,872,3,5345,0,2,5350,T
5-NP,873,2,0,0,5351,5353,C
5-NP,874,1,4,5355,0,5360,G
5-NP,875,5320,0,1,0,5321,A
5-NP,876,5345,0,4,0,5349,A
5-NP,877,5360,0,2,0,5362,A
5-NP,878,5369,0,1,0,5370,A
5-NP,879,5341,0,5,0,5346,A
5-NP,880,0,2,5368,0,5370,G
5-NP,881,5340,0,7,0,5347,A
5-NP,882,0,3,5379,0,5382,G
5-NP,883,0,3,5430,0,5433,G
5-NP,884,1,1,5431,2,5435,G
5-NP,885,5446,2,1,0,5449,A
5-NP,886,1,5429,1,3,5434,T
5-NP,887,5478,0,1,0,5479,A
5-NP,888,0,5470,0,2,5472,T
5-NP,889,0,5464,0,0,5464,T
5-NP,890,5,2,0,5529,5536,C
5-NP,891,4,1,0,5509,5514,C
5-NP,892,0,5463,0,2,5465,T
5-NP,893,0,5458,0,1,5459,T
5-NP,894,1,2,5514,1,5518,G
5-NP,895,2,1,5530,0,5533,G
5-NP,896,0,5481,0,0,5481,T
5-NP,897,1,6,5478,0,5485,G
5-NP,898,0,0,5473,1,5474,G
5-NP,899,1,2,5642,0,5645,G
5-NP,900,5625,0,1,0,5626,A
5-NP,901,5658,0,1,0,5659,A
5-NP,902,0,5657,0,0,5657,T
5-NP,903,5543,0,2,0,5545,A
5-NP,904,2,3,5557,0,5562,G
5-NP,905,5453,0,7,0,5460,A
5-NP,906,3,1,0,5454,5458,C
5-NP,907,5,0,0,5406,5411,C
5-NP,908,1,1,0,5271,5273,C
5-NP,909,0,5314,0,7,5321,T
5-NP,910,1,5317,0,1,5319,T
5-NP,911,1,5320,1,2,5324,T
5-NP,912,1,0,0,5336,5337,C
5-NP,913,5328,0,1,0,5329,A
5-NP,914,5333,1,1,0,5335,A
5-NP,915,5313,1,3,0,5317,A
5-NP,916,1,0,0,5333,5334,C
5-NP,917,0,5216,0,2,5218,T
5-NP,918,5172,0,0,0,5172,A
5-NP,919,0,1,0,5229,5230,C
5-NP,920,0,5208,0,2,5210,T
5-NP,921,0,5185,0,3,5188,T
5-NP,922,1,0,0,5238,5239,C
5-NP,923,5224,0,2,0,5226,A
5-NP,924,5226,0,1,0,5227,A
5-NP,925,5202,0,0,0,5202,A
5-NP,926,5191,0,2,0,5193,A
5-NP,927,0,5159,0,1,5160,T
5-NP,928,5089,0,3,0,5092,A
5-NP,929,0,2,5143,0,5145,G
5-NP,930,1,2,0,5162,5165,C
5-NP,931,0,1,0,5221,5222,C
5-NP,932,5224,0,2,1,5227,A
5-NP,933,5232,0,0,0,5232,A
5-NP,934,5411,0,2,1,5414,A
5-NP,935,0,5413,0,1,5414,T
5-NP,936,5452,0,0,0,5452,A
5-NP,937,0,5438,0,1,5439,T
5-NP,938,5346,0,0,0,5346,A
5-NP,939,0,0,0,5369,5369,C
5-NP,940,5255,1,5,0,5261,A
5-NP,941,1,1,5354,0,5356,G
5-NP,942,0,0,0,5342,5342,C
5-NP,943,0,5198,0,4,5202,T
5-NP,944,0,5248,0,1,5249,T
5-NP,945,5260,1,3,0,5264,A
5-NP,946,5264,0,0,0,5264,A
5-NP,947,1,5248,0,1,5250,T
5-NP,948,6,0,0,5253,5259,C
5-NP,949,5081,0,0,0,5081,A
5-NP,950,0,2,5117,0,5119,G
5-NP,951,5105,0,1,0,5106,A
5-NP,952,0,0,0,5137,5137,C
5-NP,953,1,0,0,5097,5098,C
5-NP,954,0,5046,0,2,5048,T
5-NP,955,5107,0,1,0,5108,A
5-NP,956,5087,0,1,0,5088,A
5-NP,957,4,1,0,5115,5120,C
5-NP,958,1,5,5107,1,5114,G
5-NP,959,5019,2,1,0,5022,A
5-NP,960,0,3,5020,0,5023,G
5-NP,961,4993,0,0,0,4993,A
5-NP,962,5029,0,0,0,5029,A
5-NP,963,0,5009,0,0,5009,T
5-NP,964,4,0,0,4959,4963,C
5-NP,965,2,0,0,4987,4989,C
5-NP,966,4873,0,9,0,4882,A
5-NP,967,0,1,4884,0,4885,G
5-NP,968,1,1,0,4879,4881,C
5-NP,969,4910,0,1,0,4911,A
5-NP,970,1,1,0,4946,4948,C
5-NP,971,4872,0,0,0,4872,A
5-NP,972,0,3,0,4875,4878,C
5-NP,973,4891,0,0,0,4891,A
5-NP,974,4884,0,3,0,4887,A
5-NP,975,2,3,4892,0,4897,G
5-NP,976,4848,0,3,0,4851,A
5-NP,977,0,1,4849,0,4850,G
5-NP,978,1,4727,0,2,4730,T
5-NP,979,9,1,0,4729,4739,C
5-NP,980,4722,1,4,0,4727,A
5-NP,981,2,0,4728,0,4730,G
5-NP,982,2,1,0,4708,4711,C
5-NP,983,0,4677,0,1,4678,T
5-NP,984,2,4,4703,0,4709,G
5-NP,985,0,1,4739,0,4740,G
5-NP,986,1,4690,0,1,4692,T
5-NP,987,1,1,4740,0,4742,G
5-NP,988,0,4673,0,2,4675,T
5-NP,989,2,5,4673,0,4680,G
5-NP,990,1,3,4660,0,4664,G
5-NP,991,4645,0,3,0,4648,A
5-NP,992,2,4637,0,3,4642,T
5-NP,993,3,6,4426,1,4436,G
5-NP,994,1,0,4408,1,4410,G
5-NP,995,0,2,0,4401,4403,C
5-NP,996,4379,0,3,0,4382,A
5-NP,997,0,4369,1,1,4371,T
5-NP,998,1,1,4319,0,4321,G
5-NP,999,0,0,0,4352,4352,C
5-NP,1000,6,0,0,4361,4367,C
5-NP,1001,4391,0,0,0,4391,A
5-NP,1002,0,4375,1,2,4378,T
5-NP,1003,0,4308,0,0,4308,T
5-NP,1004,1,0,0,4340,4341,C
5-NP,1005,1,4284,1,1,4287,T
5-NP,1006,0,0,4282,0,4282,G
5-NP,1007,0,0,0,4274,4274,C
5-NP,1008,0,4145,1,1,4147,T
5-NP,1009,2,1,4168,0,4171,G
5-NP,1010,0,0,0,4098,4098,C
5-NP,1011,4102,0,2,0,4104,A
5-NP,1012,0,4103,0,0,4103,T
5-NP,1013,0,4062,1,1,4064,T
5-NP,1014,2,4061,0,1,4064,T
5-NP,1015,0,2,4063,0,4065,G
5-NP,1016,4053,1,1,0,4055,A
5-NP,1017,4062,0,1,0,4063,A
5-NP,1018,0,2,4096,0,4098,G
5-NP,1019,4094,0,0,0,4094,A
5-NP,1020,0,4073,0,0,4073,T
5-NP,1021,0,4079,0,3,4082,T
5-NP,1022,0,4080,0,0,4080,T
5-NP,1023,4085,0,1,0,4086,A
5-NP,1024,4087,0,2,0,4089,A
5-NP,1025,0,2,4085,0,4087,G
5-NP,1026,4071,1,0,0,4072,A
5-NP,1027,0,4053,0,0,4053,T
5-NP,1028,0,3980,0,0,3980,T
5-NP,1029,0,0,3992,0,3992,G
5-NP,1030,0,3990,0,4,3994,T
5-NP,1031,0,3998,0,1,3999,T
5-NP,1032,3998,0,1,0,3999,A
5-NP,1033,3999,0,3,0,4002,A
5-NP,1034,1,1,4006,0,4008,G
5-NP,1035,0,0,0,4019,4019,C
5-NP,1036,0,3947,0,5,3952,T
5-NP,1037,0,3980,0,1,3981,T
5-NP,1038,4,0,0,4000,4004,C
5-NP,1039,3997,1,1,0,3999,A
5-NP,1040,0,3980,0,2,3982,T
5-NP,1041,0,1,0,3997,3998,C
5-NP,1042,3938,0,2,0,3940,A
5-NP,1043,0,1,3934,0,3935,G
5-NP,1044,3875,0,5,0,3880,A
5-NP,1045,0,6,3886,0,3892,G
5-NP,1046,1,2,3893,1,3897,G
5-NP,1047,0,4,3873,0,3877,G
5-NP,1048,3859,0,9,0,3868,A
5-NP,1049,0,1,0,3887,3888,C
5-NP,1050,3877,0,1,0,3878,A
5-NP,1051,3887,2,2,0,3891,A
5-NP,1052,3900,0,1,0,3901,A
5-NP,1053,3911,0,5,0,3916,A
5-NP,1054,0,0,3931,0,3931,G
5-NP,1055,0,3832,1,0,3833,T
5-NP,1056,3827,0,1,0,3828,A
5-NP,1057,1,3781,0,5,3787,T
5-NP,1058,2,1,0,3785,3788,C
5-NP,1059,1,3752,0,3,3756,T
5-NP,1060,5,0,0,3782,3787,C
5-NP,1061,0,0,0,3777,3777,C
5-NP,1062,0,3730,0,1,3731,T
5-NP,1063,4,0,1,3752,3757,C
5-NP,1064,0,0,3759,0,3759,G
5-NP,1065,0,3,3768,0,3771,G
5-NP,1066,0,4,3759,0,3763,G
5-NP,1067,1,2,3736,0,3739,G
5-NP,1068,2,2,3747,0,3751,G
5-NP,1069,3688,0,1,1,3690,A
5-NP,1070,3688,2,2,0,3692,A
5-NP,1071,3678,0,0,0,3678,A
5-NP,1072,1,0,0,3709,3710,C
5-NP,1073,0,3698,0,0,3698,T
5-NP,1074,0,0,3706,0,3706,G
5-NP,1075,0,3681,0,3,3684,T
5-NP,1076,6,0,0,3683,3689,C
5-NP,1077,3736,0,4,0,3740,A
5-NP,1078,3748,0,1,1,3750,A
5-NP,1079,0,0,0,3758,3758,C
5-NP,1080,0,3754,0,0,3754,T
5-NP,1081,3695,0,0,0,3695,A
5-NP,1082,0,0,3713,0,3713,G
5-NP,1083,3661,0,1,0,3662,A
5-NP,1084,1,5,3654,0,3660,G
5-NP,1085,0,2,3664,0,3666,G
5-NP,1086,3512,0,3,0,3515,A
5-NP,1087,0,0,3585,0,3585,G
5-NP,1088,2,3540,0,2,3544,T
5-NP,1089,3560,0,0,0,3560,A
5-NP,1090,0,2,0,3554,3556,C
5-NP,1091,3518,0,0,0,3518,A
5-NP,1092,3509,1,4,0,3514,A
5-NP,1093,3486,0,0,0,3486,A
5-NP,1094,1,3448,1,0,3450,T
5-NP,1095,0,3435,0,0,3435,T
5-NP,1096,0,2,3341,0,3343,G
5-NP,1097,0,1,0,3316,3317,C
5-NP,1098,0,3202,1,114,3317,T
5-NP,1099,0,3317,1,1,3319,T
5-NP,1100,3,0,0,3316,3319,C
5-NP,1101,3323,0,1,0,3324,A
5-NP,1102,3344,0,0,0,3344,A
5-NP,1103,3336,1,0,0,3337,A
5-NP,1104,0,3328,1,1,3330,T
5-NP,1105,1,4,3330,0,3335,G
5-NP,1106,3264,0,1,0,3265,A
5-NP,1107,3,3,3284,0,3290,G
5-NP,1108,3290,0,5,0,3295,A
5-NP,1109,3279,0,0,0,3279,A
5-NP,1110,0,2,0,3288,3290,C
5-NP,1111,3254,0,0,0,3254,A
5-NP,1112,1,3252,1,1,3255,T
5-NP,1113,0,1,3299,0,3300,G
5-NP,1114,1,1,3327,0,3329,G
5-NP,1115,3319,0,3,0,3322,A
5-NP,1116,0,3263,0,0,3263,T
5-NP,1117,3235,0,0,0,3235,A
5-NP,1118,3438,0,4,0,3442,A
5-NP,1119,1,3375,0,0,3376,T
5-NP,1120,3367,0,0,0,3367,A
5-NP,1121,1,3330,0,0,3331,T
5-NP,1122,8,2,3155,0,3165,G
5-NP,1123,1,1,3115,0,3117,G
5-NP,1124,1,0,3091,1,3093,G
5-NP,1125,3077,1,2,0,3080,A
5-NP,1126,0,3072,0,0,3072,T
5-NP,1127,0,0,0,2573,2573,C
5-NP,1128,1,5,2580,0,2586,G
5-NP,1129,2578,0,2,0,2580,A
5-NP,1130,0,2,2575,0,2577,G
5-NP,1131,0,2,0,2559,2561,C
5-NP,1132,2552,0,2,0,2554,A
5-NP,1133,0,1,0,2683,2684,C
5-NP,1134,0,2643,0,0,2643,T
5-NP,1135,0,1,0,2676,2677,C
5-NP,1136,0,2674,0,1,2675,T
5-NP,1137,0,2641,0,1,2642,T
5-NP,1138,1,4,2647,0,2652,G
5-NP,1139,2631,0,0,0,2631,A
5-NP,1140,2651,0,1,0,2652,A
5-NP,1141,0,0,2,2645,2647,C
5-NP,1142,0,2295,0,1,2296,T
5-NP,1143,15,4,2288,0,2307,G
5-NP,1144,2252,0,0,0,2252,A
5-NP,1145,0,0,2260,0,2260,G
5-NP,1146,2262,0,1,0,2263,A
5-NP,1147,2257,0,0,0,2257,A
5-NP,1148,2,0,2265,0,2267,G
5-NP,1149,0,2,0,2225,2227,C
5-NP,1150,1,4,2226,0,2231,G
5-NP,1151,1,4,2229,0,2234,G
5-NP,1152,3,1,2227,0,2231,G
5-NP,1153,0,2210,0,0,2210,T
5-NP,1154,2189,0,0,0,2189,A
5-NP,1155,1,1,0,2183,2185,C
5-NP,1156,0,1978,0,1,1979,T
5-NP,1157,0,0,1998,0,1998,G
5-NP,1158,0,2,1977,0,1979,G
5-NP,1159,0,0,1980,0,1980,G
5-NP,1160,0,0,0,1954,1954,C
5-NP,1161,0,2,0,1914,1916,C
5-NP,1162,1934,0,0,0,1934,A
5-NP,1163,0,1931,0,2,1933,T
5-NP,1164,1934,1,2,1,1938,A
5-NP,1165,1938,0,1,0,1939,A
5-NP,1166,0,4,1902,0,1906,G
5-NP,1167,0,2,1932,0,1934,G
5-NP,1168,1885,0,1,0,1886,A
5-NP,1169,0,0,0,1905,1905,C
5-NP,1170,0,1,0,1904,1905,C
5-NP,1171,1890,0,2,0,1892,A
5-NP,1172,0,0,1919,0,1919,G
5-NP,1173,0,1,1927,0,1928,G
5-NP,1174,1915,0,0,0,1915,A
5-NP,1175,0,0,1939,0,1939,G
5-NP,1176,0,1857,0,0,1857,T
5-NP,1177,0,1,1878,0,1879,G
5-NP,1178,0,0,1906,0,1906,G
5-NP,1179,1881,0,2,0,1883,A
5-NP,1180,0,1,1893,0,1894,G
5-NP,1181,0,3,1867,0,1870,G
5-NP,1182,1852,0,0,0,1852,A
5-NP,1183,1854,0,1,0,1855,A
5-NP,1184,1848,0,4,1,1853,A
5-NP,1185,0,0,0,1865,1865,C
5-NP,1186,1861,1,1,0,1863,A
5-NP,1187,0,0,0,1895,1895,C
5-NP,1188,0,1869,0,0,1869,T
5-NP,1189,1909,0,0,0,1909,A
5-NP,1190,1903,0,0,0,1903,A
5-NP,1191,0,1893,0,1,1894,T
5-NP,1192,0,0,0,1928,1928,C
5-NP,1193,1900,0,1,0,1901,A
5-NP,1194,1916,0,0,0,1916,A
5-NP,1195,0,0,0,1927,1927,C
5-NP,1196,1860,0,0,0,1860,A
5-NP,1197,0,2,1865,0,1867,G
5-NP,1198,1805,0,0,0,1805,A
5-NP,1199,0,0,1821,1,1822,G
5-NP,1200,0,1,1827,0,1828,G
5-NP,1201,0,0,1808,0,1808,G
5-NP,1202,2,0,0,1808,1810,C
5-NP,1203,1,0,0,1800,1801,C
5-NP,1204,0,1779,0,1,1780,T
5-NP,1205,0,1,0,1803,1804,C
5-NP,1206,2,1,0,1814,1817,C
5-NP,1207,2,0,1806,0,1808,G
5-NP,1208,1,1,0,1813,1815,C
5-NP,1209,1802,0,2,0,1804,A
5-NP,1210,0,0,1858,0,1858,G
5-NP,1211,0,0,1837,0,1837,G
5-NP,1212,1,1,0,1863,1865,C
5-NP,1213,1,0,0,1866,1867,C
5-NP,1214,1851,0,0,0,1851,A
5-NP,1215,1869,0,0,0,1869,A
5-NP,1216,1862,0,0,0,1862,A
5-NP,1217,0,0,0,1867,1867,C
5-NP,1218,1,0,0,1883,1884,C
5-NP,1219,1747,0,2,0,1749,A
5-NP,1220,0,0,1776,0,1776,G
5-NP,1221,0,1760,0,0,1760,T
5-NP,1222,0,0,1774,0,1774,G
5-NP,1223,0,1747,0,1,1748,T
5-NP,1224,1,0,1763,0,1764,G
5-NP,1225,2,0,0,1768,1770,C
5-NP,1226,1749,0,0,0,1749,A
5-NP,1227,1776,0,0,0,1776,A
5-NP,1228,1,0,0,1771,1772,C
5-NP,1229,2,0,0,1777,1779,C
5-NP,1230,0,1751,0,0,1751,T
5-NP,1231,1750,0,0,0,1750,A
5-NP,1232,0,0,0,1742,1742,C
5-NP,1233,2,0,1745,0,1747,G
5-NP,1234,0,1733,1,1,1735,T
5-NP,1235,0,1740,0,0,1740,T
5-NP,1236,0,1728,0,0,1728,T
5-NP,1237,0,1712,0,0,1712,T
5-NP,1238,0,0,0,1723,1723,C
5-NP,1239,0,1708,0,0,1708,T
5-NP,1240,3,0,1736,0,1739,G
5-NP,1241,0,1735,0,2,1737,T
5-NP,1242,1738,0,0,0,1738,A
5-NP,1243,0,0,1,1750,1751,C
5-NP,1244,1739,0,0,0,1739,A
5-NP,1245,1740,0,1,0,1741,A
5-NP,1246,1743,0,0,0,1743,A
5-NP,1247,0,1,1735,0,1736,G
5-NP,1248,1732,0,0,0,1732,A
5-NP,1249,1696,0,0,0,1696,A
5-NP,1250,1686,0,2,1,1689,A
5-NP,1251,0,0,0,1695,1695,C
5-NP,1252,1,0,0,1674,1675,C
5-NP,1253,0,1662,2,1,1665,T
5-NP,1254,2,0,0,1663,1665,C
5-NP,1255,0,0,1,1672,1673,C
5-NP,1256,4,0,0,1671,1675,C
5-NP,1257,1679,0,0,0,1679,A
5-NP,1258,0,1675,0,0,1675,T
5-NP,1259,0,1680,0,0,1680,T
5-NP,1260,0,1680,1,0,1681,T
5-NP,1261,0,0,1679,0,1679,G
5-NP,1262,1679,0,0,0,1679,A
5-NP,1263,1676,0,1,0,1677,A
5-NP,1264,1678,0,0,0,1678,A
5-NP,1265,1673,0,1,0,1674,A
5-NP,1266,0,0,1693,0,1693,G
5-NP,1267,0,1668,0,1,1669,T
5-NP,1268,2,0,0,1674,1676,C
5-NP,1269,1681,0,1,0,1682,A
5-NP,1270,1680,0,1,0,1681,A
5-NP,1271,0,0,0,1684,1684,C
5-NP,1272,1,0,0,1700,1701,C
5-NP,1273,1707,0,0,0,1707,A
5-NP,1274,0,1692,0,0,1692,T
5-NP,1275,2,0,0,1704,1706,C
5-NP,1276,1703,0,0,0,1703,A
5-NP,1277,0,1712,0,0,1712,T
5-NP,1278,0,2,1710,0,1712,G
5-NP,1279,1,0,1711,0,1712,G
5-NP,1280,0,0,0,1706,1706,C
5-NP,1281,1674,0,2,0,1676,A
5-NP,1282,0,0,1675,0,1675,G
5-NP,1283,0,0,0,1661,1661,C
5-NP,1284,1675,0,1,0,1676,A
5-NP,1285,0,1660,0,0,1660,T
5-NP,1286,0,1646,0,0,1646,T
5-NP,1287,1,0,0,1658,1659,C
5-NP,1288,1658,0,0,0,1658,A
5-NP,1289,1,0,0,1666,1667,C
5-NP,1290,0,1660,0,2,1662,T
5-NP,1291,0,2,1671,0,1673,G
5-NP,1292,0,3,1683,0,1686,G
5-NP,1293,1674,0,0,0,1674,A
5-NP,1294,1679,0,0,0,1679,A
5-NP,1295,1682,0,0,0,1682,A
5-NP,1296,0,1676,0,0,1676,T
5-NP,1297,1676,0,0,0,1676,A
5-NP,1298,0,0,0,1675,1675,C
5-NP,1299,1,0,1645,0,1646,G
5-NP,1300,1,1,1642,0,1644,G
5-NP,1301,1591,0,1,0,1592,A
5-NP,1302,0,3,1608,0,1611,G
5-NP,1303,1,1,1603,0,1605,G
5-NP,1304,0,1,1608,0,1609,G
5-NP,1305,1609,0,0,0,1609,A
5-NP,1306,1610,0,2,0,1612,A
5-NP,1307,0,0,1612,0,1612,G
5-NP,1308,1615,0,0,0,1615,A
5-NP,1309,1610,1,0,0,1611,A
5-NP,1310,0,2,0,1624,1626,C
5-NP,1311,0,1601,0,1,1602,T
5-NP,1312,0,1608,0,0,1608,T
5-NP,1313,0,0,0,1626,1626,C
5-NP,1314,1623,2,1,0,1626,A
5-NP,1315,1,3,1624,0,1628,G
5-NP,1316,1618,0,0,0,1618,A
5-NP,1317,0,0,0,1626,1626,C
5-NP,1318,1609,0,0,0,1609,A
5-NP,1319,0,1575,0,0,1575,T
5-NP,1320,0,3,1580,0,1583,G
5-NP,1321,1552,1,1,0,1554,A
5-NP,1322,1,1,1556,0,1558,G
5-NP,1323,0,1,1555,0,1556,G
5-NP,1324,0,0,1556,0,1556,G
5-NP,1325,1,0,0,1558,1559,C
5-NP,1326,1551,0,4,0,1555,A
5-NP,1327,0,1,1563,0,1564,G
5-NP,1328,1558,0,0,0,1558,A
5-NP,1329,1571,0,0,0,1571,A
5-NP,1330,1563,0,0,1,1564,A
5-NP,1331,0,1539,1,1,1541,T
5-NP,1332,1,0,0,1547,1548,C
5-NP,1333,1550,1,0,0,1551,A
5-NP,1334,0,1540,0,0,1540,T
5-NP,1335,1553,0,0,0,1553,A
5-NP,1336,1545,0,0,1,1546,A
5-NP,1337,0,1,1559,0,1560,G
5-NP,1338,1521,0,1,0,1522,A
5-NP,1339,1537,0,0,0,1537,A
5-NP,1340,0,1501,0,0,1501,T
5-NP,1341,1,1,1518,0,1520,G
5-NP,1342,1517,0,0,0,1517,A
5-NP,1343,0,1507,0,0,1507,T
5-NP,1344,0,1,1508,0,1509,G
5-NP,1345,0,2,1513,0,1515,G
5-NP,1346,1476,0,1,0,1477,A
5-NP,1347,1471,0,1,0,1472,A
5-NP,1348,2,2,1438,0,1442,G
5-NP,1349,0,0,1466,0,1466,G
5-NP,1350,0,1438,1,3,1442,T
5-NP,1351,0,0,1441,0,1441,G
5-NP,1352,0,0,0,1443,1443,C
5-NP,1353,1448,1,0,0,1449,A
5-NP,1354,1438,0,0,0,1438,A
5-NP,1355,1449,0,0,0,1449,A
5-NP,1356,1444,0,0,0,1444,A
5-NP,1357,0,0,0,1450,1450,C
5-NP,1358,0,1,0,1432,1433,C
5-NP,1359,1422,0,0,0,1422,A
5-NP,1360,0,0,1429,0,1429,G
5-NP,1361,1434,0,0,0,1434,A
5-NP,1362,1425,0,0,0,1425,A
5-NP,1363,0,1,1430,0,1431,G
5-NP,1364,1427,0,0,0,1427,A
5-NP,1365,1387,0,1,0,1388,A
5-NP,1366,0,0,1402,0,1402,G
5-NP,1367,0,1382,0,1,1383,T
5-NP,1368,1,0,1389,0,1390,G
5-NP,1369,1,1374,0,0,1375,T
5-NP,1370,0,1,0,1371,1372,C
5-NP,1371,1381,0,2,0,1383,A
5-NP,1372,0,1377,1,0,1378,T
5-NP,1373,1,1372,1,0,1374,T
5-NP,1374,2,0,0,1385,1387,C
5-NP,1375,1,1,0,1372,1374,C
5-NP,1376,0,1,1370,0,1371,G
5-NP,1377,0,1,1371,0,1372,G
5-NP,1378,0,1,1364,0,1365,G
5-NP,1379,1,1,1362,0,1364,G
5-NP,1380,0,0,1364,0,1364,G
5-NP,1381,1328,0,0,0,1328,A
5-NP,1382,0,0,1331,0,1331,G
5-NP,1383,0,0,1329,0,1329,G
5-NP,1384,1,1,1322,1,1325,G
5-NP,1385,0,0,1332,0,1332,G
5-NP,1386,1316,0,2,0,1318,A
5-NP,1387,1,0,1325,0,1326,G
5-NP,1388,0,1303,1,0,1304,T
5-NP,1389,0,1304,0,1,1305,T
5-NP,1390,0,1306,0,0,1306,T
5-NP,1391,0,1303,0,0,1303,T
5-NP,1392,2,1,0,1304,1307,C
5-NP,1393,1,0,1302,0,1303,G
5-NP,1394,1300,0,0,0,1300,A
5-NP,1395,0,0,1321,0,1321,G
5-NP,1396,0,0,0,1298,1298,C
5-NP,1397,0,1301,0,1,1302,T
5-NP,1398,0,0,0,1305,1305,C
5-NP,1399,0,1307,0,1,1308,T
5-NP,1400,1,0,0,1300,1301,C
5-NP,1401,1308,0,1,0,1309,A
5-NP,1402,0,2,1316,0,1318,G
5-NP,1403,1322,0,1,0,1323,A
5-NP,1404,0,1,1,1307,1309,C
5-NP,1405,0,3,1303,0,1306,G
5-NP,1406,1273,0,2,0,1275,A
5-NP,1407,0,1,1274,0,1275,G
5-NP,1408,1267,0,0,0,1267,A
5-NP,1409,1266,0,1,0,1267,A
5-NP,1410,0,0,1262,0,1262,G
5-NP,1411,0,0,1246,0,1246,G
5-NP,1412,0,0,0,1241,1241,C
5-NP,1413,1244,0,1,0,1245,A
5-NP,1414,1240,0,1,0,1241,A
5-NP,1415,1,0,0,1238,1239,C
5-NP,1416,0,1,1243,0,1244,G
5-NP,1417,1239,0,0,0,1239,A
5-NP,1418,1227,0,2,0,1229,A
5-NP,1419,0,0,0,1220,1220,C
5-NP,1420,1,0,0,1204,1205,C
5-NP,1421,3,2,0,1198,1203,C
5-NP,1422,0,0,1212,0,1212,G
5-NP,1423,1202,0,0,0,1202,A
5-NP,1424,0,1200,0,1,1201,T
5-NP,1425,1,0,0,1184,1185,C
5-NP,1426,2,0,1190,0,1192,G
5-NP,1427,0,1177,0,0,1177,T
5-NP,1428,0,0,1174,0,1174,G
5-NP,1429,0,1,0,1158,1159,C
5-NP,1430,0,0,0,1155,1155,C
5-NP,1431,0,0,0,1171,1171,C
5-NP,1432,0,1145,0,0,1145,T
5-NP,1433,0,0,0,1186,1186,C
5-NP,1434,0,1187,0,2,1189,T
5-NP,1435,0,1181,2,0,1183,T
5-NP,1436,0,1188,0,0,1188,T
5-NP,1437,0,1178,0,0,1178,T
5-NP,1438,1,1,1188,0,1190,G
5-NP,1439,1187,0,0,0,1187,A
5-NP,1440,1,1162,0,0,1163,T
5-NP,1441,1150,0,0,0,1150,A
5-NP,1442,0,990,0,0,990,T
5-NP,1443,0,1,1007,0,1008,G
5-NP,1444,994,0,1,0,995,A
5-NP,1445,0,0,1005,0,1005,G
5-NP,1446,0,1000,0,0,1000,T
5-NP,1447,975,0,0,0,975,A
5-NP,1448,974,0,1,0,975,A
5-NP,1449,0,970,0,0,970,T
5-NP,1450,0,0,969,0,969,G
5-NP,1451,967,0,0,0,967,A
5-NP,1452,849,0,0,0,849,A
5-NP,1453,0,1,840,0,841,G
5-NP,1454,0,0,790,0,790,G
5-NP,1455,781,0,0,0,781,A
5-NP,1456,0,776,1,0,777,T
5-NP,1457,1,0,0,776,777,C
5-NP,1458,0,774,0,0,774,T
5-NP,1459,0,774,0,1,775,T
5-NP,1460,776,0,0,0,776,A
5-NP,1461,0,770,0,0,770,T
5-NP,1462,0,768,0,0,768,T
5-NP,1463,0,758,0,0,758,T
5-NP,1464,0,0,0,735,735,C
5-NP,1465,0,713,0,0,713,T
5-NP,1466,0,705,0,1,706,T
5-NP,1467,0,0,0,713,713,C
5-NP,1468,0,0,712,0,712,G
5-NP,1469,2,1,710,0,713,G
5-NP,1470,709,0,0,0,709,A
5-NP,1471,0,1,709,0,710,G
5-NP,1472,707,0,0,0,707,A
5-NP,1473,0,0,0,691,691,C
5-NP,1474,658,0,0,0,658,A
5-NP,1475,658,0,1,0,659,A
5-NP,1476,0,658,0,0,658,T
5-NP,1477,2,0,657,0,659,G
5-NP,1478,0,0,0,655,655,C
5-NP,1479,631,0,2,0,633,A
5-NP,1480,0,0,637,0,637,G
5-NP,1481,632,0,0,0,632,A
5-NP,1482,603,0,0,0,603,A
5-NP,1483,0,0,600,0,600,G
5-NP,1484,427,0,1,0,428,A
5-NP,1485,0,0,423,0,423,G
5-NP,1486,0,397,0,0,397,T
5-NP,1487,395,0,0,0,395,A
5-NP,1488,0,0,0,396,396,C
5-NP,1489,0,0,365,0,365,G
5-NP,1490,367,0,0,0,367,A
5-NP,1491,0,0,0,361,361,C
5-NP,1492,241,0,1,0,242,A
5-NP,1493,240,0,0,0,240,A
5-NP,1494,0,192,0,0,192,T
5-NP,1495,0,187,0,0,187,T
5-NP,1496,185,0,0,0,185,A
5-NP,1497,181,0,0,0,181,A
6-NA,1,46,0,0,0,46,A
6-NA,2,0,46,0,0,46,T
6-NA,3,0,0,46,0,46,G
6-NA,4,45,0,1,0,46,A
6-NA,5,49,0,0,0,49,A
6-NA,6,0,48,0,0,48,T
6-NA,7,0,0,0,49,49,C
6-NA,8,0,0,0,49,49,C
6-NA,9,48,0,0,0,48,A
6-NA,10,50,0,0,0,50,A
6-NA,11,51,0,0,0,51,A
6-NA,12,0,51,0,0,51,T
6-NA,13,0,0,0,51,51,C
6-NA,14,51,0,0,0,51,A
6-NA,15,51,0,0,0,51,A
6-NA,16,51,0,0,0,51,A
6-NA,17,53,0,0,0,53,A
6-NA,18,0,0,61,0,61,G
6-NA,19,68,0,0,0,68,A
6-NA,20,0,68,0,0,68,T
6-NA,21,69,0,0,0,69,A
6-NA,22,69,0,0,0,69,A
6-NA,23,0,70,0,0,70,T
6-NA,24,70,0,0,0,70,A
6-NA,25,73,0,0,0,73,A
6-NA,26,0,0,0,75,75,C
6-NA,27,0,1,77,0,78,G
6-NA,28,80,0,0,0,80,A
6-NA,29,0,80,0,0,80,T
6-NA,30,0,79,0,0,79,T
6-NA,31,0,0,81,0,81,G
6-NA,32,0,0,89,0,89,G
6-NA,33,0,0,0,91,91,C
6-NA,34,0,89,0,0,89,T
6-NA,35,0,0,0,94,94,C
6-NA,36,0,93,0,1,94,T
6-NA,37,0,0,101,0,101,G
6-NA,38,0,101,0,0,101,T
6-NA,39,0,101,0,0,101,T
6-NA,40,0,103,0,0,103,T
6-NA,41,0,0,0,104,104,C
6-NA,42,0,104,0,0,104,T
6-NA,43,0,0,0,103,103,C
6-NA,44,0,104,0,0,104,T
6-NA,45,0,0,0,107,107,C
6-NA,46,107,0,0,0,107,A
6-NA,47,0,0,0,111,111,C
6-NA,48,0,0,0,110,110,C
6-NA,49,111,0,0,0,111,A
6-NA,50,0,112,0,0,112,T
6-NA,51,0,115,0,0,115,T
6-NA,52,0,117,0,0,117,T
6-NA,53,0,0,0,120,120,C
6-NA,54,0,0,1,121,122,C
6-NA,55,123,0,0,0,123,A
6-NA,56,0,0,0,130,130,C
6-NA,57,130,0,0,0,130,A
6-NA,58,137,0,0,0,137,A
6-NA,59,0,137,0,0,137,T
6-NA,60,145,0,0,0,145,A
6-NA,61,0,145,0,0,145,T
6-NA,62,0,0,146,0,146,G
6-NA,63,0,0,0,146,146,C
6-NA,64,0,145,0,0,145,T
6-NA,65,0,147,0,0,147,T
6-NA,66,0,0,0,148,148,C
6-NA,67,0,146,1,0,147,T
6-NA,68,0,147,0,0,147,T
6-NA,69,0,0,0,148,148,C
6-NA,70,147,0,0,0,147,A
6-NA,71,0,147,0,0,147,T
6-NA,72,0,0,148,0,148,G
6-NA,73,0,0,0,149,149,C
6-NA,74,149,0,0,0,149,A
6-NA,75,149,0,0,0,149,A
6-NA,76,149,0,0,0,149,A
6-NA,77,0,150,0,0,150,T
6-NA,78,0,150,0,0,150,T
6-NA,79,0,0,149,0,149,G
6-NA,80,0,0,0,150,150,C
6-NA,81,0,0,0,151,151,C
6-NA,82,154,0,0,0,154,A
6-NA,83,0,153,0,0,153,T
6-NA,84,1,0,0,172,173,C
6-NA,85,0,175,0,0,175,T
6-NA,86,0,179,0,0,179,T
6-NA,87,0,0,185,0,185,G
6-NA,88,185,0,0,0,185,A
6-NA,89,0,187,0,0,187,T
6-NA,90,187,0,1,0,188,A
6-NA,91,188,0,0,0,188,A
6-NA,92,0,0,0,212,212,C
6-NA,93,0,213,0,0,213,T
6-NA,94,221,0,0,0,221,A
6-NA,95,0,0,0,227,227,C
6-NA,96,0,227,0,0,227,T
6-NA,97,0,0,228,0,228,G
6-NA,98,0,229,0,0,229,T
6-NA,99,229,0,0,0,229,A
6-NA,100,232,0,0,0,232,A
6-NA,101,0,0,0,223,223,C
6-NA,102,220,0,0,0,220,A
6-NA,103,0,224,0,0,224,T
6-NA,104,0,220,0,0,220,T
6-NA,105,0,0,221,0,221,G
6-NA,106,0,0,0,221,221,C
6-NA,107,224,0,0,0,224,A
6-NA,108,0,222,0,0,222,T
6-NA,109,0,223,0,0,223,T
6-NA,110,0,224,0,0,224,T
6-NA,111,0,0,0,224,224,C
6-NA,112,223,0,0,0,223,A
6-NA,113,224,0,0,0,224,A
6-NA,114,0,0,225,0,225,G
6-NA,115,0,0,0,229,229,C
6-NA,116,227,0,0,0,227,A
6-NA,117,233,0,0,0,233,A
6-NA,118,0,236,0,0,236,T
6-NA,119,236,0,0,0,236,A
6-NA,120,0,234,0,0,234,T
6-NA,121,1,0,242,0,243,G
6-NA,122,249,0,0,0,249,A
6-NA,123,249,0,0,0,249,A
6-NA,124,0,248,0,0,248,T
6-NA,125,0,245,0,0,245,T
6-NA,126,0,0,0,247,247,C
6-NA,127,248,0,0,0,248,A
6-NA,128,247,0,0,0,247,A
6-NA,129,0,0,0,246,246,C
6-NA,130,0,245,0,0,245,T
6-NA,131,0,244,0,0,244,T
6-NA,132,0,0,0,244,244,C
6-NA,133,0,0,0,246,246,C
6-NA,134,0,0,0,247,247,C
6-NA,135,2,0,0,245,247,C
6-NA,136,0,0,0,251,251,C
6-NA,137,0,0,0,248,248,C
6-NA,138,249,0,0,0,249,A
6-NA,139,249,0,0,0,249,A
6-NA,140,251,0,0,0,251,A
6-NA,141,0,0,0,254,254,C
6-NA,142,257,0,0,0,257,A
6-NA,143,258,0,2,0,260,A
6-NA,144,0,0,0,258,258,C
6-NA,145,0,0,0,259,259,C
6-NA,146,269,0,0,0,269,A
6-NA,147,272,0,0,0,272,A
6-NA,148,0,0,273,0,273,G
6-NA,149,0,272,0,0,272,T
6-NA,150,0,0,275,0,275,G
6-NA,151,281,0,0,0,281,A
6-NA,152,0,280,0,0,280,T
6-NA,153,0,0,277,0,277,G
6-NA,154,0,1,0,277,278,C
6-NA,155,0,277,0,0,277,T
6-NA,156,0,0,290,0,290,G
6-NA,157,0,290,0,0,290,T
6-NA,158,0,0,291,0,291,G
6-NA,159,0,292,0,0,292,T
6-NA,160,0,0,292,0,292,G
6-NA,161,294,0,0,0,294,A
6-NA,162,292,0,0,0,292,A
6-NA,163,1,0,0,294,295,C
6-NA,164,0,0,0,298,298,C
6-NA,165,286,0,0,0,286,A
6-NA,166,287,0,0,0,287,A
6-NA,167,0,0,0,297,297,C
6-NA,168,294,0,0,0,294,A
6-NA,169,298,0,0,0,298,A
6-NA,170,0,300,0,0,300,T
6-NA,171,302,0,0,0,302,A
6-NA,172,296,0,1,0,297,A
6-NA,173,0,301,0,0,301,T
6-NA,174,299,0,0,0,299,A
6-NA,175,0,0,299,0,299,G
6-NA,176,297,0,0,0,297,A
6-NA,177,295,0,0,0,295,A
6-NA,178,294,0,1,0,295,A
6-NA,179,0,0,293,0,293,G
6-NA,180,298,0,0,0,298,A
6-NA,181,298,0,0,0,298,A
6-NA,182,313,0,0,0,313,A
6-NA,183,0,0,0,315,315,C
6-NA,184,318,0,0,0,318,A
6-NA,185,0,324,0,0,324,T
6-NA,186,329,0,0,0,329,A
6-NA,187,329,0,1,0,330,A
6-NA,188,0,0,0,334,334,C
6-NA,189,328,0,0,0,328,A
6-NA,190,0,1,337,0,338,G
6-NA,191,335,0,0,0,335,A
6-NA,192,0,0,338,0,338,G
6-NA,193,332,0,0,0,332,A
6-NA,194,0,348,0,0,348,T
6-NA,195,345,0,0,0,345,A
6-NA,196,0,0,355,0,355,G
6-NA,197,0,353,0,1,354,T
6-NA,198,0,0,362,0,362,G
6-NA,199,0,364,0,0,364,T
6-NA,200,364,0,0,0,364,A
6-NA,201,1,363,0,0,364,T
6-NA,202,0,0,0,362,362,C
6-NA,203,0,359,0,0,359,T
6-NA,204,0,0,371,0,371,G
6-NA,205,369,0,0,0,369,A
6-NA,206,0,0,0,369,369,C
6-NA,207,0,0,0,365,365,C
6-NA,208,368,0,0,0,368,A
6-NA,209,370,0,0,0,370,A
6-NA,210,0,0,0,379,379,C
6-NA,211,378,0,0,0,378,A
6-NA,212,0,0,0,393,393,C
6-NA,213,0,1,0,390,391,C
6-NA,214,406,0,0,0,406,A
6-NA,215,0,0,0,418,418,C
6-NA,216,0,0,0,420,420,C
6-NA,217,417,0,0,0,417,A
6-NA,218,0,414,0,0,414,T
6-NA,219,412,0,0,0,412,A
6-NA,220,0,0,407,0,407,G
6-NA,221,404,0,0,0,404,A
6-NA,222,0,0,409,0,409,G
6-NA,223,401,0,0,0,401,A
6-NA,224,397,0,0,0,397,A
6-NA,225,0,0,402,0,402,G
6-NA,226,0,0,404,0,404,G
6-NA,227,404,0,0,0,404,A
6-NA,228,409,0,0,0,409,A
6-NA,229,412,0,0,0,412,A
6-NA,230,0,408,0,0,408,T
6-NA,231,406,0,0,0,406,A
6-NA,232,0,402,0,0,402,T
6-NA,233,0,0,401,0,401,G
6-NA,234,0,0,0,402,402,C
6-NA,235,0,0,0,403,403,C
6-NA,236,0,1,0,402,403,C
6-NA,237,1,0,0,405,406,C
6-NA,238,407,0,0,0,407,A
6-NA,239,0,0,401,0,401,G
6-NA,240,401,0,0,0,401,A
6-NA,241,0,400,0,0,400,T
6-NA,242,0,419,0,0,419,T
6-NA,243,419,0,1,0,420,A
6-NA,244,0,0,421,0,421,G
6-NA,245,0,1,0,419,420,C
6-NA,246,422,0,0,0,422,A
6-NA,247,0,0,430,0,430,G
6-NA,248,426,0,1,0,427,A
6-NA,249,435,0,0,0,435,A
6-NA,250,0,441,0,0,441,T
6-NA,251,440,0,0,0,440,A
6-NA,252,0,0,0,441,441,C
6-NA,253,438,0,0,0,438,A
6-NA,254,0,0,438,0,438,G
6-NA,255,432,0,0,0,432,A
6-NA,256,430,0,0,0,430,A
6-NA,257,431,0,0,0,431,A
6-NA,258,0,417,0,0,417,T
6-NA,259,0,416,0,0,416,T
6-NA,260,0,1,415,0,416,G
6-NA,261,0,2,413,0,415,G
6-NA,262,0,415,0,1,416,T
6-NA,263,0,0,0,418,418,C
6-NA,264,420,0,0,0,420,A
6-NA,265,420,0,0,0,420,A
6-NA,266,419,0,0,0,419,A
6-NA,267,415,0,0,1,416,A
6-NA,268,0,0,0,421,421,C
6-NA,269,0,0,0,420,420,C
6-NA,270,0,0,420,0,420,G
6-NA,271,0,0,0,417,417,C
6-NA,272,420,0,1,0,421,A
6-NA,273,420,0,0,0,420,A
6-NA,274,0,422,0,0,422,T
6-NA,275,0,0,419,0,419,G
6-NA,276,0,0,0,417,417,C
6-NA,277,0,1,423,0,424,G
6-NA,278,428,0,0,0,428,A
6-NA,279,0,1,0,431,432,C
6-NA,280,443,0,0,0,443,A
6-NA,281,0,450,0,0,450,T
6-NA,282,0,449,0,0,449,T
6-NA,283,454,0,0,0,454,A
6-NA,284,0,0,0,453,453,C
6-NA,285,448,0,0,0,448,A
6-NA,286,0,0,449,0,449,G
6-NA,287,0,0,448,0,448,G
6-NA,288,450,0,0,0,450,A
6-NA,289,0,440,0,0,440,T
6-NA,290,0,438,0,0,438,T
6-NA,291,0,439,0,0,439,T
6-NA,292,0,0,439,0,439,G
6-NA,293,1,0,0,439,440,C
6-NA,294,436,0,0,0,436,A
6-NA,295,0,0,0,437,437,C
6-NA,296,0,0,0,431,431,C
6-NA,297,0,432,0,0,432,T
6-NA,298,0,435,0,0,435,T
6-NA,299,1,433,0,1,435,T
6-NA,300,0,435,0,0,435,T
6-NA,301,0,437,0,0,437,T
6-NA,302,0,1,0,439,440,C
6-NA,303,0,440,0,0,440,T
6-NA,304,439,0,0,0,439,A
6-NA,305,441,0,0,0,441,A
6-NA,306,0,0,440,0,440,G
6-NA,307,0,1,427,0,428,G
6-NA,308,435,0,0,0,435,A
6-NA,309,0,0,0,436,436,C
6-NA,310,430,0,0,0,430,A
6-NA,311,433,0,0,0,433,A
6-NA,312,0,429,0,0,429,T
6-NA,313,0,426,0,0,426,T
6-NA,314,0,0,0,439,439,C
6-NA,315,0,0,437,0,437,G
6-NA,316,435,0,0,0,435,A
6-NA,317,0,437,0,0,437,T
6-NA,318,0,431,0,0,431,T
6-NA,319,433,0,0,0,433,A
6-NA,320,0,1,433,0,434,G
6-NA,321,0,0,435,0,435,G
6-NA,322,0,0,0,436,436,C
6-NA,323,0,431,0,0,431,T
6-NA,324,0,434,1,0,435,T
6-NA,325,0,432,0,0,432,T
6-NA,326,0,0,0,438,438,C
6-NA,327,0,0,0,434,434,C
6-NA,328,1,0,436,0,437,G
6-NA,329,0,0,0,435,435,C
6-NA,330,0,437,0,0,437,T
6-NA,331,0,0,442,0,442,G
6-NA,332,0,0,443,0,443,G
6-NA,333,0,438,0,0,438,T
6-NA,334,0,0,438,0,438,G
6-NA,335,0,0,432,0,432,G
6-NA,336,0,0,438,0,438,G
6-NA,337,0,2,434,0,436,G
6-NA,338,437,0,0,0,437,A
6-NA,339,0,0,0,434,434,C
6-NA,340,432,0,0,0,432,A
6-NA,341,0,429,0,0,429,T
6-NA,342,0,0,0,433,433,C
6-NA,343,0,427,0,0,427,T
6-NA,344,0,1,435,0,436,G
6-NA,345,1,2,434,0,437,G
6-NA,346,0,0,434,0,434,G
6-NA,347,0,437,0,0,437,T
6-NA,348,0,0,434,0,434,G
6-NA,349,428,0,0,0,428,A
6-NA,350,0,0,0,443,443,C
6-NA,351,444,0,2,0,446,A
6-NA,352,485,0,0,0,485,A
6-NA,353,0,1,500,0,501,G
6-NA,354,502,0,0,0,502,A
6-NA,355,0,0,553,0,553,G
6-NA,356,577,1,0,0,578,A
6-NA,357,656,0,0,0,656,A
6-NA,358,0,0,0,946,946,C
6-NA,359,0,1,0,1038,1039,C
6-NA,360,0,1043,0,0,1043,T
6-NA,361,1,1063,0,0,1064,T
6-NA,362,1071,0,1,0,1072,A
6-NA,363,0,1078,0,0,1078,T
6-NA,364,0,0,1186,0,1186,G
6-NA,365,0,1187,0,0,1187,T
6-NA,366,0,0,1254,0,1254,G
6-NA,367,0,1244,0,0,1244,T
6-NA,368,0,0,0,1244,1244,C
6-NA,369,1266,4,0,5,1275,A
6-NA,370,0,1270,0,2,1272,T
6-NA,371,0,0,1270,0,1270,G
6-NA,372,1,0,0,1269,1270,C
6-NA,373,0,3,1270,0,1273,G
6-NA,374,1536,0,1,0,1537,A
6-NA,375,0,1550,0,1,1551,T
6-NA,376,3,0,0,1593,1596,C
6-NA,377,0,1,0,1600,1601,C
6-NA,378,0,1646,0,3,1649,T
6-NA,379,0,3,1672,0,1675,G
6-NA,380,1684,0,1,0,1685,A
6-NA,381,0,0,0,1685,1685,C
6-NA,382,1690,0,0,0,1690,A
6-NA,383,1678,1,0,0,1679,A
6-NA,384,1,1,1770,0,1772,G
6-NA,385,0,1763,0,0,1763,T
6-NA,386,0,1,1802,0,1803,G
6-NA,387,0,1802,0,1,1803,T
6-NA,388,0,1802,0,2,1804,T
6-NA,389,1808,0,1,0,1809,A
6-NA,390,1,1802,0,2,1805,T
6-NA,391,3,0,0,1846,1849,C
6-NA,392,1853,0,0,0,1853,A
6-NA,393,1851,1,0,0,1852,A
6-NA,394,0,1845,0,0,1845,T
6-NA,395,0,1841,0,0,1841,T
6-NA,396,0,1844,0,0,1844,T
6-NA,397,1,0,1845,0,1846,G
6-NA,398,0,1,0,1968,1969,C
6-NA,399,1,0,0,1966,1967,C
6-NA,400,3,0,0,1991,1994,C
6-NA,401,0,1987,0,3,1990,T
6-NA,402,0,1991,0,1,1992,T
6-NA,403,0,2,2042,0,2044,G
6-NA,404,0,2,2035,0,2037,G
6-NA,405,2057,2,0,0,2059,A
6-NA,406,0,0,0,2062,2062,C
6-NA,407,2048,0,1,0,2049,A
6-NA,408,0,2,2106,0,2108,G
6-NA,409,1,1,2095,0,2097,G
6-NA,410,0,2,2192,0,2194,G
6-NA,411,2189,0,2,0,2191,A
6-NA,412,2191,1,7,0,2199,A
6-NA,413,0,2,0,2223,2225,C
6-NA,414,2204,0,1,0,2205,A
6-NA,415,2432,1,1,0,2434,A
6-NA,416,0,0,0,2491,2491,C
6-NA,417,2476,0,3,0,2479,A
6-NA,418,1,0,0,2512,2513,C
6-NA,419,0,2495,0,0,2495,T
6-NA,420,2531,0,0,0,2531,A
6-NA,421,2531,0,0,0,2531,A
6-NA,422,2525,0,3,0,2528,A
6-NA,423,0,0,0,2547,2547,C
6-NA,424,2495,0,0,0,2495,A
6-NA,425,2493,0,3,0,2496,A
6-NA,426,1,1,0,2499,2501,C
6-NA,427,2,0,2496,0,2498,G
6-NA,428,0,2480,0,3,2483,T
6-NA,429,3,1,2492,0,2496,G
6-NA,430,1,0,0,2502,2503,C
6-NA,431,2513,0,0,0,2513,A
6-NA,432,0,2529,0,0,2529,T
6-NA,433,0,2537,0,0,2537,T
6-NA,434,1,0,0,2577,2578,C
6-NA,435,2622,0,2,0,2624,A
6-NA,436,2644,1,1,0,2646,A
6-NA,437,2650,0,9,2,2661,A
6-NA,438,0,2658,0,1,2659,T
6-NA,439,2,5,2661,0,2668,G
6-NA,440,2716,0,2,0,2718,A
6-NA,441,1,3,0,2726,2730,C
6-NA,442,2716,0,5,0,2721,A
6-NA,443,1,1,0,2770,2772,C
6-NA,444,2751,0,2,0,2753,A
6-NA,445,1,1,3488,0,3490,G
6-NA,446,0,3486,0,0,3486,T
6-NA,447,3551,1,2,0,3554,A
6-NA,448,0,0,1,3563,3564,C
6-NA,449,0,2,3553,0,3555,G
6-NA,450,0,3644,0,3,3647,T
6-NA,451,0,4,3698,0,3702,G
6-NA,452,3681,0,1,0,3682,A
6-NA,453,0,3718,0,0,3718,T
6-NA,454,3504,1,2,0,3507,A
6-NA,455,2,3,3489,0,3494,G
6-NA,456,1,2,3465,0,3468,G
6-NA,457,3494,0,2,1,3497,A
6-NA,458,1,0,0,3551,3552,C
6-NA,459,0,0,0,3513,3513,C
6-NA,460,1,1,0,3559,3561,C
6-NA,461,3,0,0,3566,3569,C
6-NA,462,0,3617,0,1,3618,T
6-NA,463,0,3665,0,3,3668,T
6-NA,464,3674,0,1,0,3675,A
6-NA,465,0,3682,0,0,3682,T
6-NA,466,2,2,0,3688,3692,C
6-NA,467,3,1,3643,0,3647,G
6-NA,468,0,2,3624,0,3626,G
6-NA,469,3667,1,2,1,3671,A
6-NA,470,1,0,0,3724,3725,C
6-NA,471,1,2,0,3684,3687,C
6-NA,472,4,0,0,3892,3896,C
6-NA,473,0,3902,0,0,3902,T
6-NA,474,3941,0,1,1,3943,A
6-NA,475,0,3950,0,0,3950,T
6-NA,476,0,3973,0,0,3973,T
6-NA,477,0,1,3979,0,3980,G
6-NA,478,3964,0,0,1,3965,A
6-NA,479,2,3966,0,1,3969,T
6-NA,480,2,7,3975,1,3985,G
6-NA,481,3863,0,0,1,3864,A
6-NA,482,3894,1,1,1,3897,A
6-NA,483,2,3890,0,1,3893,T
6-NA,484,2,8,3952,0,3962,G
6-NA,485,3967,0,4,0,3971,A
6-NA,486,1,2,4053,0,4056,G
6-NA,487,0,4041,0,0,4041,T
6-NA,488,0,4063,0,3,4066,T
6-NA,489,4062,0,1,0,4063,A
6-NA,490,1,1,4059,0,4061,G
6-NA,491,2,1,4062,0,4065,G
6-NA,492,0,4050,1,2,4053,T
6-NA,493,1,0,4045,0,4046,G
6-NA,494,0,4008,5,6,4019,T
6-NA,495,0,4019,0,1,4020,T
6-NA,496,5,0,0,4070,4075,C
6-NA,497,5,0,0,4098,4103,C
6-NA,498,1,4103,0,7,4111,T
6-NA,499,0,4110,0,0,4110,T
6-NA,500,0,4102,0,1,4103,T
6-NA,501,0,4104,0,0,4104,T
6-NA,502,6,0,0,4120,4126,C
6-NA,503,4122,0,0,0,4122,A
6-NA,504,0,4219,0,1,4220,T
6-NA,505,1,0,0,4221,4222,C
6-NA,506,1,4194,0,2,4197,T
6-NA,507,2,4,4167,0,4173,G
6-NA,508,2,4,4131,0,4137,G
6-NA,509,1,2,4117,0,4120,G
6-NA,510,0,7,4170,0,4177,G
6-NA,511,4174,1,3,1,4179,A
6-NA,512,0,3,0,4236,4239,C
6-NA,513,2,0,0,4207,4209,C
6-NA,514,4255,0,3,0,4258,A
6-NA,515,4260,0,2,0,4262,A
6-NA,516,0,0,4263,0,4263,G
6-NA,517,0,1,0,4277,4278,C
6-NA,518,4274,0,3,1,4278,A
6-NA,519,4334,0,3,0,4337,A
6-NA,520,0,0,4368,0,4368,G
6-NA,521,0,4340,0,0,4340,T
6-NA,522,0,1,4479,0,4480,G
6-NA,523,0,4439,0,1,4440,T
6-NA,524,1,2,4567,0,4570,G
6-NA,525,0,1,0,4572,4573,C
6-NA,526,4561,0,1,0,4562,A
6-NA,527,0,4607,0,1,4608,T
6-NA,528,4551,0,2,0,4553,A
6-NA,529,0,0,4655,0,4655,G
6-NA,530,2,0,0,4651,4653,C
6-NA,531,4581,0,3,1,4585,A
6-NA,532,0,4577,0,0,4577,T
6-NA,533,0,4,4500,0,4504,G
6-NA,534,1,0,4757,0,4758,G
6-NA,535,0,4764,1,6,4771,T
6-NA,536,6,0,0,4732,4738,C
6-NA,537,5,0,0,4763,4768,C
6-NA,538,4773,0,2,0,4775,A
6-NA,539,1,0,4915,1,4917,G
6-NA,540,1,0,0,4921,4922,C
6-NA,541,2,4930,0,2,4934,T
6-NA,542,5,1,0,4950,4956,C
6-NA,543,4861,0,0,1,4862,A
6-NA,544,4910,0,2,0,4912,A
6-NA,545,1,1,4926,0,4928,G
6-NA,546,1,4921,0,0,4922,T
6-NA,547,0,4926,0,0,4926,T
6-NA,548,1,1,4926,0,4928,G
6-NA,549,1,4909,0,1,4911,T
6-NA,550,7,0,0,4914,4921,C
6-NA,551,4931,0,1,1,4933,A
6-NA,552,1,1,0,4950,4952,C
6-NA,553,1,2,4958,0,4961,G
6-NA,554,4986,0,2,0,4988,A
6-NA,555,1,5044,0,2,5047,T
6-NA,556,2,2,5148,1,5153,G
6-NA,557,2,4,5158,0,5164,G
6-NA,558,5149,1,3,0,5153,A
6-NA,559,5178,1,1,1,5181,A
6-NA,560,5238,0,1,1,5240,A
6-NA,561,5227,0,11,1,5239,A
6-NA,562,1,1,5286,0,5288,G
6-NA,563,0,1,0,5264,5265,C
6-NA,564,5269,0,4,0,5273,A
6-NA,565,1,5265,0,2,5268,T
6-NA,566,0,4,5293,0,5297,G
6-NA,567,1,1,5286,0,5288,G
6-NA,568,3,0,0,5358,5361,C
6-NA,569,0,5349,0,5,5354,T
6-NA,570,2,1,5387,0,5390,G
6-NA,571,1,2,0,5361,5364,C
6-NA,572,5379,1,2,0,5382,A
6-NA,573,0,5569,0,1,5570,T
6-NA,574,2,0,5578,0,5580,G
6-NA,575,0,5632,0,0,5632,T
6-NA,576,0,5760,0,3,5763,T
6-NA,577,1,5757,0,1,5759,T
6-NA,578,2,0,6100,0,6102,G
6-NA,579,0,6063,0,5,6068,T
6-NA,580,6109,1,0,0,6110,A
6-NA,581,0,6120,0,1,6121,T
6-NA,582,5996,68,0,0,6064,A
6-NA,583,6086,0,1,0,6087,A
6-NA,584,0,3,0,6018,6021,C
6-NA,585,3,11,5974,0,5988,G
6-NA,586,1,4,6007,0,6012,G
6-NA,587,0,4,5911,0,5915,G
6-NA,588,2,4,5913,1,5920,G
6-NA,589,0,2,5938,0,5940,G
6-NA,590,5886,0,3,1,5890,A
6-NA,591,0,5942,0,1,5943,T
6-NA,592,1,7,5953,0,5961,G
6-NA,593,5978,1,4,0,5983,A
6-NA,594,1,6032,0,0,6033,T
6-NA,595,6013,0,2,0,6015,A
6-NA,596,6109,0,1,0,6110,A
6-NA,597,6092,0,2,0,6094,A
6-NA,598,6096,1,2,0,6099,A
6-NA,599,6106,0,1,0,6107,A
6-NA,600,0,6101,0,1,6102,T
6-NA,601,1,0,6092,0,6093,G
6-NA,602,2,1,0,6097,6100,C
6-NA,603,6096,0,2,0,6098,A
6-NA,604,6109,1,3,0,6113,A
6-NA,605,1,1,0,6163,6165,C
6-NA,606,0,6146,0,0,6146,T
6-NA,607,0,0,6178,1,6179,G
6-NA,608,1,0,0,6174,6175,C
6-NA,609,1,6187,0,2,6190,T
6-NA,610,6200,1,0,0,6201,A
6-NA,611,1,0,6205,0,6206,G
6-NA,612,0,0,0,6247,6247,C
6-NA,613,0,6237,0,7,6244,T
6-NA,614,1,6229,1,3,6234,T
6-NA,615,4,2,1,6310,6317,C
6-NA,616,6361,1,0,0,6362,A
6-NA,617,0,6365,0,2,6367,T
6-NA,618,0,6381,0,0,6381,T
6-NA,619,0,6428,1,3,6432,T
6-NA,620,6442,1,1,1,6445,A
6-NA,621,0,1,0,6508,6509,C
6-NA,622,6475,2,2,0,6479,A
6-NA,623,6524,0,4,0,6528,A
6-NA,624,1,6507,0,0,6508,T
6-NA,625,0,7,6473,0,6480,G
6-NA,626,2,0,6461,1,6464,G
6-NA,627,4,4,6465,0,6473,G
6-NA,628,6408,0,5,0,6413,A
6-NA,629,5,5,6601,0,6611,G
6-NA,630,0,0,6679,0,6679,G
6-NA,631,0,1,0,7015,7016,C
6-NA,632,0,7052,0,5,7057,T
6-NA,633,0,7144,2,1,7147,T
6-NA,634,4,2,7228,0,7234,G
6-NA,635,0,7177,0,3,7180,T
6-NA,636,7347,0,6,0,7353,A
6-NA,637,2,0,7371,1,7374,G
6-NA,638,7243,1,4,0,7248,A
6-NA,639,1,7255,0,0,7256,T
6-NA,640,6765,2,4,1,6772,A
6-NA,641,0,1,6781,0,6782,G
6-NA,642,0,6677,0,8,6685,T
6-NA,643,2,1,6646,0,6649,G
6-NA,644,0,6928,0,1,6929,T
6-NA,645,0,6954,0,0,6954,T
6-NA,646,2,1,7079,0,7082,G
6-NA,647,0,7038,0,6,7044,T
6-NA,648,1,7060,1,3,7065,T
6-NA,649,2,7062,0,6,7070,T
6-NA,650,9,1,0,6969,6979,C
6-NA,651,6969,0,2,0,6971,A
6-NA,652,2,6942,0,0,6944,T
6-NA,653,0,4,6944,0,6948,G
6-NA,654,3,1,7310,0,7314,G
6-NA,655,0,7271,0,6,7277,T
6-NA,656,5,3,0,7249,7257,C
6-NA,657,7,3,0,7275,7285,C
6-NA,658,7304,0,4,0,7308,A
6-NA,659,7360,0,3,1,7364,A
6-NA,660,7342,0,2,0,7344,A
6-NA,661,2,3,7360,0,7365,G
6-NA,662,7364,1,4,1,7370,A
6-NA,663,7173,0,1,2,7176,A
6-NA,664,7155,0,6,0,7161,A
6-NA,665,0,7157,0,2,7159,T
6-NA,666,4,2,0,7345,7351,C
6-NA,667,3,0,0,7362,7365,C
6-NA,668,1,7331,0,4,7336,T
6-NA,669,5,2,0,7344,7351,C
6-NA,670,7326,0,11,3,7340,A
6-NA,671,2,5,7347,0,7354,G
6-NA,672,1,6,7332,0,7339,G
6-NA,673,7486,0,6,0,7492,A
6-NA,674,0,1,1,7499,7501,C
6-NA,675,4,1,0,7380,7385,C
6-NA,676,4,2,0,7396,7402,C
6-NA,677,7409,0,4,0,7413,A
6-NA,678,0,3,7457,0,7460,G
6-NA,679,0,7,7475,0,7482,G
6-NA,680,7434,1,2,0,7437,A
6-NA,681,2,1,7566,0,7569,G
6-NA,682,1,7411,0,2,7414,T
6-NA,683,13,3,0,7424,7440,C
6-NA,684,7451,1,10,1,7463,A
6-NA,685,1,3,7521,0,7525,G
6-NA,686,7488,0,4,0,7492,A
6-NA,687,7485,2,3,0,7490,A
6-NA,688,0,7475,0,2,7477,T
6-NA,689,1,3,7523,0,7527,G
6-NA,690,1,2,0,7509,7512,C
6-NA,691,1,3,7565,0,7569,G
6-NA,692,1,7526,2,1,7530,T
6-NA,693,1,7550,1,5,7557,T
6-NA,694,0,7531,1,1,7533,T
6-NA,695,1,0,7583,0,7584,G
6-NA,696,0,7595,1,1,7597,T
6-NA,697,7610,0,3,0,7613,A
6-NA,698,1,7530,2,26,7559,T
6-NA,699,11,0,1,7585,7597,C
6-NA,700,7584,1,3,1,7589,A
6-NA,701,7576,1,1,0,7578,A
6-NA,702,0,7580,1,1,7582,T
6-NA,703,1,4,7567,0,7572,G
6-NA,704,1,9,7591,0,7601,G
6-NA,705,7712,2,4,0,7718,A
6-NA,706,7729,0,6,0,7735,A
6-NA,707,2,0,0,7812,7814,C
6-NA,708,1,7853,3,4,7861,T
6-NA,709,0,7842,0,1,7843,T
6-NA,710,2,3,8082,0,8087,G
6-NA,711,0,8072,0,1,8073,T
6-NA,712,8064,0,3,0,8067,A
6-NA,713,0,1,1,8189,8191,C
6-NA,714,8032,1,4,0,8037,A
6-NA,715,2,0,8563,1,8566,G
6-NA,716,0,8486,2,3,8491,T
6-NA,717,8808,0,3,0,8811,A
6-NA,718,1,0,8873,0,8874,G
6-NA,719,1,8690,1,2,8694,T
6-NA,720,8707,0,4,1,8712,A
6-NA,721,8688,1,4,2,8695,A
6-NA,722,0,8660,1,0,8661,T
6-NA,723,1,10,8697,0,8708,G
6-NA,724,8451,0,5,0,8456,A
6-NA,725,0,0,1,8545,8546,C
6-NA,726,0,8333,1,4,8338,T
6-NA,727,0,10,8384,0,8394,G
6-NA,728,8325,0,6,0,8331,A
6-NA,729,0,8423,1,9,8433,T
6-NA,730,1,10,8426,1,8438,G
6-NA,731,1,6,8369,0,8376,G
6-NA,732,2,5,8382,0,8389,G
6-NA,733,8245,0,6,1,8252,A
6-NA,734,6,1,8276,0,8283,G
6-NA,735,5,8214,1,4,8224,T
6-NA,736,2,1,8245,0,8248,G
6-NA,737,0,2,0,8236,8238,C
6-NA,738,1,8192,1,1,8195,T
6-NA,739,1,8199,0,5,8205,T
6-NA,740,2,3,1,8219,8225,C
6-NA,741,6,5,8181,1,8193,G
6-NA,742,3,4,8241,0,8248,G
6-NA,743,4,4,8268,0,8276,G
6-NA,744,8253,3,7,1,8264,A
6-NA,745,8206,1,8,1,8216,A
6-NA,746,8190,0,0,2,8192,A
6-NA,747,8203,1,7,1,8212,A
6-NA,748,3,1,8222,0,8226,G
6-NA,749,1,0,0,8222,8223,C
6-NA,750,0,8186,1,2,8189,T
6-NA,751,1,6,8197,0,8204,G
6-NA,752,8161,1,7,1,8170,A
6-NA,753,0,8287,1,2,8290,T
6-NA,754,8327,0,3,1,8331,A
6-NA,755,1,1,0,8692,8694,C
6-NA,756,1,8657,0,4,8662,T
6-NA,757,8657,0,1,0,8658,A
6-NA,758,8666,0,2,0,8668,A
6-NA,759,8662,0,4,0,8666,A
6-NA,760,8796,3,2,0,8801,A
6-NA,761,0,8777,1,11,8789,T
6-NA,762,8733,0,4,0,8737,A
6-NA,763,2,1,0,8805,8808,C
6-NA,764,0,8520,1,5,8526,T
6-NA,765,8607,0,3,0,8610,A
6-NA,766,0,8555,1,3,8559,T
6-NA,767,1,9184,0,3,9188,T
6-NA,768,10,5,0,9296,9311,C
6-NA,769,9208,1,2,0,9211,A
6-NA,770,0,9187,0,0,9187,T
6-NA,771,0,9203,2,0,9205,T
6-NA,772,9048,0,6,1,9055,A
6-NA,773,9080,1,2,0,9083,A
6-NA,774,0,4,9132,0,9136,G
6-NA,775,1,2,9133,0,9136,G
6-NA,776,8591,0,5,0,8596,A
6-NA,777,0,6,8684,0,8690,G
6-NA,778,0,5,8682,0,8687,G
6-NA,779,2,7,8687,0,8696,G
6-NA,780,3,4,8699,2,8708,G
6-NA,781,8671,0,5,0,8676,A
6-NA,782,8741,1,1,0,8743,A
6-NA,783,8700,0,2,0,8702,A
6-NA,784,8661,0,1,0,8662,A
6-NA,785,0,8625,1,2,8628,T
6-NA,786,4,4,0,8645,8653,C
6-NA,787,5,0,8740,0,8745,G
6-NA,788,1,8705,0,1,8707,T
6-NA,789,2,8674,3,8,8687,T
6-NA,790,9,2,0,8712,8723,C
6-NA,791,8729,1,1,0,8731,A
6-NA,792,0,9274,0,3,9277,T
6-NA,793,9252,1,1,0,9254,A
6-NA,794,0,4,0,9337,9341,C
6-NA,795,2,9320,1,3,9326,T
6-NA,796,9304,1,4,0,9309,A
6-NA,797,3,2,9292,0,9297,G
6-NA,798,0,1,0,9312,9313,C
6-NA,799,9288,0,3,1,9292,A
6-NA,800,0,2,0,9309,9311,C
6-NA,801,9009,0,0,0,9009,A
6-NA,802,0,9117,0,1,9118,T
6-NA,803,0,9083,0,0,9083,T
6-NA,804,0,0,9622,0,9622,G
6-NA,805,0,9579,0,9,9588,T
6-NA,806,10,1,0,9575,9586,C
6-NA,807,9582,0,12,0,9594,A
6-NA,808,1,5,9568,0,9574,G
6-NA,809,1,6,9566,0,9573,G
6-NA,810,9529,0,0,2,9531,A
6-NA,811,9430,0,8,0,9438,A
6-NA,812,0,0,9528,0,9528,G
6-NA,813,0,9141,0,1,9142,T
6-NA,814,3,2,9180,0,9185,G
6-NA,815,1,4,0,9168,9173,C
6-NA,816,2,9187,0,4,9193,T
6-NA,817,15,1,0,9226,9242,C
6-NA,818,9190,1,4,0,9195,A
6-NA,819,15,0,9207,0,9222,G
6-NA,820,1,1,0,9234,9236,C
6-NA,821,9221,2,4,1,9228,A
6-NA,822,0,9219,0,2,9221,T
6-NA,823,1,1,9409,0,9411,G
6-NA,824,1,9384,0,0,9385,T
6-NA,825,10,3,1,9387,9401,C
6-NA,826,2,11,9393,0,9406,G
6-NA,827,9349,0,4,0,9353,A
6-NA,828,4,5,9336,0,9345,G
6-NA,829,2,3,9347,0,9352,G
6-NA,830,9263,2,4,0,9269,A
6-NA,831,2,1,9354,0,9357,G
6-NA,832,0,9127,0,4,9131,T
6-NA,833,2,1,9133,0,9136,G
6-NA,834,0,3,0,9238,9241,C
6-NA,835,2,9227,0,5,9234,T
6-NA,836,8,0,0,9266,9274,C
6-NA,837,7,2,0,9296,9305,C
6-NA,838,0,9333,0,3,9336,T
6-NA,839,2,0,9347,0,9349,G
6-NA,840,0,3,0,9296,9299,C
6-NA,841,0,9234,0,9,9243,T
6-NA,842,9303,0,4,0,9307,A
6-NA,843,1,9141,0,0,9142,T
6-NA,844,5,0,0,9214,9219,C
6-NA,845,1,2,1,9197,9201,C
6-NA,846,0,9164,0,5,9169,T
6-NA,847,4,6,0,9252,9262,C
6-NA,848,3,1,9235,0,9239,G
6-NA,849,9270,2,0,0,9272,A
6-NA,850,0,9316,0,8,9324,T
6-NA,851,9279,0,3,0,9282,A
6-NA,852,0,9268,0,1,9269,T
6-NA,853,4,1,4,9264,9273,C
6-NA,854,6,0,2,9250,9258,C
6-NA,855,2,9223,0,4,9229,T
6-NA,856,1,7,9263,0,9271,G
6-NA,857,21,0,9243,0,9264,G
6-NA,858,0,9368,0,4,9372,T
6-NA,859,11,0,9391,0,9402,G
6-NA,860,0,9344,0,6,9350,T
6-NA,861,10,3,0,9359,9372,C
6-NA,862,9343,1,4,0,9348,A
6-NA,863,1,2,9363,0,9366,G
6-NA,864,9348,1,4,0,9353,A
6-NA,865,0,9289,0,2,9291,T
6-NA,866,2,0,9321,0,9323,G
6-NA,867,1,9155,0,1,9157,T
6-NA,868,1,1,9187,1,9190,G
6-NA,869,1,9163,0,5,9169,T
6-NA,870,6,1,0,9172,9179,C
6-NA,871,0,9173,0,8,9181,T
6-NA,872,1,0,9195,0,9196,G
6-NA,873,1,6,0,9176,9183,C
6-NA,874,9173,1,4,1,9179,A
6-NA,875,2,4,9173,0,9179,G
6-NA,876,8958,1,10,1,8970,A
6-NA,877,0,3,8988,2,8993,G
6-NA,878,8933,1,8,0,8942,A
6-NA,879,1,0,1,8990,8992,C
6-NA,880,8978,1,3,0,8982,A
6-NA,881,8977,2,4,0,8983,A
6-NA,882,2,1,0,9033,9036,C
6-NA,883,2,9017,2,4,9025,T
6-NA,884,3,6,9011,0,9020,G
6-NA,885,1,2,8980,0,8983,G
6-NA,886,8983,1,6,0,8990,A
6-NA,887,8958,0,4,1,8963,A
6-NA,888,8752,1,10,0,8763,A
6-NA,889,2,5,8845,0,8852,G
6-NA,890,1,1,8793,0,8795,G
6-NA,891,4,5,0,8787,8796,C
6-NA,892,0,8708,0,8,8716,T
6-NA,893,4,6,1,8862,8873,C
6-NA,894,4,1,0,8994,8999,C
6-NA,895,9037,1,3,0,9041,A
6-NA,896,9017,0,4,0,9021,A
6-NA,897,0,9025,0,4,9029,T
6-NA,898,8705,0,2,0,8707,A
6-NA,899,0,3,8649,0,8652,G
6-NA,900,1,4,8631,0,8636,G
6-NA,901,1,1,0,8613,8615,C
6-NA,902,2,0,0,8498,8500,C
6-NA,903,8,2,0,8385,8395,C
6-NA,904,8425,0,3,0,8428,A
6-NA,905,0,8504,2,5,8511,T
6-NA,906,6,1,1,8547,8555,C
6-NA,907,11,1,8579,0,8591,G
6-NA,908,0,8492,0,1,8493,T
6-NA,909,8327,1,1,0,8329,A
6-NA,910,1,4,8521,0,8526,G
6-NA,911,8525,0,8,0,8533,A
6-NA,912,2,8575,0,3,8580,T
6-NA,913,8390,0,2,0,8392,A
6-NA,914,1,8294,0,1,8296,T
6-NA,915,8264,0,9,0,8273,A
6-NA,916,8249,0,1,1,8251,A
6-NA,917,8372,2,8,1,8383,A
6-NA,918,0,0,0,8583,8583,C
6-NA,919,8345,0,1,0,8346,A
6-NA,920,0,8322,0,0,8322,T
6-NA,921,8256,0,2,0,8258,A
6-NA,922,8258,1,2,3,8264,A
6-NA,923,8231,0,6,0,8237,A
6-NA,924,6,9,8308,0,8323,G
6-NA,925,2,3,8373,0,8378,G
6-NA,926,8082,0,1,0,8083,A
6-NA,927,0,8034,0,4,8038,T
6-NA,928,4,3,0,8055,8062,C
6-NA,929,8123,1,5,2,8131,A
6-NA,930,0,8131,0,2,8133,T
6-NA,931,8131,0,3,0,8134,A
6-NA,932,2,0,8157,0,8159,G
6-NA,933,2,1,0,8041,8044,C
6-NA,934,7913,0,1,0,7914,A
6-NA,935,1,7716,1,3,7721,T
6-NA,936,0,7733,0,0,7733,T
6-NA,937,1,0,7970,0,7971,G
6-NA,938,1,7942,0,2,7945,T
6-NA,939,0,8094,1,4,8099,T
6-NA,940,2,8064,0,3,8069,T
6-NA,941,4,1,0,8044,8049,C
6-NA,942,2,1,0,8116,8119,C
6-NA,943,8192,0,5,0,8197,A
6-NA,944,2,1,8313,0,8316,G
6-NA,945,1,8278,0,2,8281,T
6-NA,946,0,8036,0,1,8037,T
6-NA,947,8037,1,1,0,8039,A
6-NA,948,0,7937,1,3,7941,T
6-NA,949,1,1,7950,0,7952,G
6-NA,950,2,7855,0,8,7865,T
6-NA,951,1,0,7923,0,7924,G
6-NA,952,0,7671,1,5,7677,T
6-NA,953,0,2,7847,2,7851,G
6-NA,954,1,7830,0,3,7834,T
6-NA,955,2,7799,1,4,7806,T
6-NA,956,10,1,0,7800,7811,C
6-NA,957,7735,2,18,0,7755,A
6-NA,958,2,3,7780,0,7785,G
6-NA,959,0,11,7741,0,7752,G
6-NA,960,7681,1,4,1,7687,A
6-NA,961,1,1,0,7717,7719,C
6-NA,962,0,7494,3,5,7502,T
6-NA,963,1,7538,2,1,7542,T
6-NA,964,2,2,7762,0,7766,G
6-NA,965,1,7736,1,3,7741,T
6-NA,966,0,7759,0,5,7764,T
6-NA,967,7,3,7694,1,7705,G
6-NA,968,0,8,7694,0,7702,G
6-NA,969,7657,1,16,0,7674,A
6-NA,970,4,8,7684,0,7696,G
6-NA,971,7656,0,7,0,7663,A
6-NA,972,0,2,1,7628,7631,C
6-NA,973,7361,1,3,0,7365,A
6-NA,974,0,3,0,7383,7386,C
6-NA,975,7350,1,11,1,7363,A
6-NA,976,1,2,0,7423,7426,C
6-NA,977,3,2,0,7330,7335,C
6-NA,978,11,1,0,7380,7392,C
6-NA,979,7405,0,2,0,7407,A
6-NA,980,2,6,7429,0,7437,G
6-NA,981,7435,1,3,0,7439,A
6-NA,982,7476,0,2,0,7478,A
6-NA,983,7425,0,0,0,7425,A
6-NA,984,7398,0,3,0,7401,A
6-NA,985,7335,0,2,1,7338,A
6-NA,986,7337,0,2,2,7341,A
6-NA,987,0,3,0,7389,7392,C
6-NA,988,3,15,7329,0,7347,G
6-NA,989,7315,0,3,0,7318,A
6-NA,990,2,1,0,7299,7302,C
6-NA,991,7292,0,1,0,7293,A
6-NA,992,0,0,7329,0,7329,G
6-NA,993,2,2,1,7493,7498,C
6-NA,994,1,7402,2,9,7414,T
6-NA,995,8,1,0,7496,7505,C
6-NA,996,2,0,0,7532,7534,C
6-NA,997,7549,1,7,0,7557,A
6-NA,998,2,1,7621,0,7624,G
6-NA,999,1,2,0,7628,7631,C
6-NA,1000,7604,0,1,0,7605,A
6-NA,1001,1,0,7638,0,7639,G
6-NA,1002,1,7349,0,5,7355,T
6-NA,1003,7347,2,3,0,7352,A
6-NA,1004,2,0,7351,1,7354,G
6-NA,1005,0,1,0,7319,7320,C
6-NA,1006,5,3,0,7363,7371,C
6-NA,1007,7287,0,0,1,7288,A
6-NA,1008,1,7279,0,4,7284,T
6-NA,1009,0,7312,0,1,7313,T
6-NA,1010,0,1,7490,0,7491,G
6-NA,1011,2,7431,0,4,7437,T
6-NA,1012,0,7401,0,4,7405,T
6-NA,1013,4,7395,0,2,7401,T
6-NA,1014,3,10,7321,0,7334,G
6-NA,1015,0,4,7367,0,7371,G
6-NA,1016,7325,0,2,0,7327,A
6-NA,1017,2,7365,0,0,7367,T
6-NA,1018,7,0,0,7340,7347,C
6-NA,1019,7,0,0,7232,7239,C
6-NA,1020,2,7264,1,3,7270,T
6-NA,1021,7272,0,11,0,7283,A
6-NA,1022,7294,0,3,0,7297,A
6-NA,1023,2,2,0,7387,7391,C
6-NA,1024,7246,0,2,0,7248,A
6-NA,1025,7327,0,2,0,7329,A
6-NA,1026,0,7314,0,0,7314,T
6-NA,1027,1,4,7407,0,7412,G
6-NA,1028,7372,1,3,0,7376,A
6-NA,1029,7348,1,2,0,7351,A
6-NA,1030,1,1,7394,0,7396,G
6-NA,1031,7347,0,3,0,7350,A
6-NA,1032,7152,1,3,0,7156,A
6-NA,1033,0,0,7197,0,7197,G
6-NA,1034,5,0,7179,0,7184,G
6-NA,1035,1,7045,0,4,7050,T
6-NA,1036,1,8,7045,0,7054,G
6-NA,1037,3,1,7234,0,7238,G
6-NA,1038,0,7192,1,7,7200,T
6-NA,1039,11,2,1,7180,7194,C
6-NA,1040,7190,1,4,1,7196,A
6-NA,1041,0,7188,0,3,7191,T
6-NA,1042,3,5,7185,0,7193,G
6-NA,1043,0,8,7217,0,7225,G
6-NA,1044,7153,0,5,0,7158,A
6-NA,1045,1,0,7368,1,7370,G
6-NA,1046,2,7076,1,1,7080,T
6-NA,1047,0,5,7078,0,7083,G
6-NA,1048,7063,0,2,0,7065,A
6-NA,1049,7051,0,2,0,7053,A
6-NA,1050,7062,1,16,0,7079,A
6-NA,1051,0,8,7083,0,7091,G
6-NA,1052,0,0,7006,0,7006,G
6-NA,1053,0,1,0,6994,6995,C
6-NA,1054,0,6815,1,5,6821,T
6-NA,1055,2,4,6829,0,6835,G
6-NA,1056,3,4,6826,0,6833,G
6-NA,1057,3,0,6853,1,6857,G
6-NA,1058,2,0,0,6876,6878,C
6-NA,1059,8,2,0,6891,6901,C
6-NA,1060,0,6811,0,9,6820,T
6-NA,1061,1,6829,1,3,6834,T
6-NA,1062,0,6881,0,1,6882,T
6-NA,1063,0,1,6895,0,6896,G
6-NA,1064,6862,1,4,0,6867,A
6-NA,1065,2,6810,0,2,6814,T
6-NA,1066,0,1,6727,1,6729,G
6-NA,1067,6610,1,6,1,6618,A
6-NA,1068,0,6642,0,2,6644,T
6-NA,1069,2,4,6657,1,6664,G
6-NA,1070,1,3,6708,0,6712,G
6-NA,1071,6698,0,7,0,6705,A
6-NA,1072,6681,0,1,0,6682,A
6-NA,1073,6694,1,3,1,6699,A
6-NA,1074,0,6665,0,1,6666,T
6-NA,1075,1,3,6724,0,6728,G
6-NA,1076,6717,0,4,0,6721,A
6-NA,1077,1,2,0,6739,6742,C
6-NA,1078,1,1,6745,0,6747,G
6-NA,1079,0,6651,0,2,6653,T
6-NA,1080,6635,0,2,0,6637,A
6-NA,1081,0,6691,0,0,6691,T
6-NA,1082,2,5,6705,0,6712,G
6-NA,1083,2,3,6759,1,6765,G
6-NA,1084,6639,1,4,1,6645,A
6-NA,1085,3,6564,0,0,6567,T
6-NA,1086,0,5,6518,1,6524,G
6-NA,1087,0,1,6464,0,6465,G
6-NA,1088,2,2,6506,0,6510,G
6-NA,1089,6479,0,1,1,6481,A
6-NA,1090,6456,1,2,0,6459,A
6-NA,1091,1,2,6460,0,6463,G
6-NA,1092,6341,0,2,0,6343,A
6-NA,1093,6331,0,1,0,6332,A
6-NA,1094,0,2,0,6330,6332,C
6-NA,1095,4,11,6299,0,6314,G
6-NA,1096,6276,0,2,0,6278,A
6-NA,1097,0,6150,0,1,6151,T
6-NA,1098,6,0,1,6192,6199,C
6-NA,1099,6188,0,4,0,6192,A
6-NA,1100,0,1,6200,0,6201,G
6-NA,1101,1,1,0,6176,6178,C
6-NA,1102,3,8,6184,1,6196,G
6-NA,1103,6148,0,3,0,6151,A
6-NA,1104,2,4,6173,0,6179,G
6-NA,1105,6177,0,3,0,6180,A
6-NA,1106,6183,1,4,0,6188,A
6-NA,1107,3,2,6209,0,6214,G
6-NA,1108,0,6162,0,4,6166,T
6-NA,1109,11,2,1,6133,6147,C
6-NA,1110,6097,0,3,0,6100,A
6-NA,1111,1,1,1,6233,6236,C
6-NA,1112,1,1,6254,0,6256,G
6-NA,1113,3,1,0,6261,6265,C
6-NA,1114,1,6217,0,3,6221,T
6-NA,1115,0,6238,0,3,6241,T
6-NA,1116,6168,0,2,0,6170,A
6-NA,1117,1,5,6283,0,6289,G
6-NA,1118,2,4,6255,1,6262,G
6-NA,1119,1,4,6377,0,6382,G
6-NA,1120,0,5972,0,1,5973,T
6-NA,1121,5997,1,2,1,6001,A
6-NA,1122,0,5967,0,0,5967,T
6-NA,1123,0,1,5965,0,5966,G
6-NA,1124,5959,2,6,0,5967,A
6-NA,1125,5943,0,2,0,5945,A
6-NA,1126,5588,1,5,0,5594,A
6-NA,1127,1,1,0,5644,5646,C
6-NA,1128,4,2,0,5511,5517,C
6-NA,1129,1,5426,0,2,5429,T
6-NA,1130,1,5413,0,3,5417,T
6-NA,1131,1,1,0,5436,5438,C
6-NA,1132,5448,0,0,0,5448,A
6-NA,1133,5434,0,3,1,5438,A
6-NA,1134,5432,1,4,0,5437,A
6-NA,1135,2,1,5435,0,5438,G
6-NA,1136,1,5341,0,1,5343,T
6-NA,1137,9,1,0,5352,5362,C
6-NA,1138,5471,2,2,0,5475,A
6-NA,1139,0,5475,0,2,5477,T
6-NA,1140,0,5474,0,2,5476,T
6-NA,1141,0,5,5476,0,5481,G
6-NA,1142,5443,1,1,0,5445,A
6-NA,1143,5457,0,3,0,5460,A
6-NA,1144,1,3,5407,0,5411,G
6-NA,1145,2,3,5357,0,5362,G
6-NA,1146,1,0,0,5357,5358,C
6-NA,1147,0,5156,0,4,5160,T
6-NA,1148,0,1,5187,0,5188,G
6-NA,1149,1,0,5277,0,5278,G
6-NA,1150,1,5234,0,5,5240,T
6-NA,1151,5,0,0,5229,5234,C
6-NA,1152,3,0,0,5222,5225,C
6-NA,1153,5204,0,3,0,5207,A
6-NA,1154,5188,0,1,0,5189,A
6-NA,1155,1,0,0,5195,5196,C
6-NA,1156,2,0,0,5168,5170,C
6-NA,1157,8,0,0,5156,5164,C
6-NA,1158,4,5,0,4961,4970,C
6-NA,1159,4976,0,2,0,4978,A
6-NA,1160,4996,0,2,0,4998,A
6-NA,1161,0,1,5019,2,5022,G
6-NA,1162,0,4957,0,4,4961,T
6-NA,1163,3,1,0,4991,4995,C
6-NA,1164,6,2,0,4968,4976,C
6-NA,1165,4963,0,2,0,4965,A
6-NA,1166,4963,0,1,0,4964,A
6-NA,1167,4971,0,0,0,4971,A
6-NA,1168,0,4951,0,1,4952,T
6-NA,1169,0,4935,1,2,4938,T
6-NA,1170,1,0,4915,0,4916,G
6-NA,1171,3,1,0,4869,4873,C
6-NA,1172,4877,0,4,0,4881,A
6-NA,1173,0,5,4856,0,4861,G
6-NA,1174,4851,0,3,0,4854,A
6-NA,1175,1,3,0,4819,4823,C
6-NA,1176,4950,1,1,0,4952,A
6-NA,1177,4953,0,0,0,4953,A
6-NA,1178,4955,0,0,0,4955,A
6-NA,1179,0,4938,0,1,4939,T
6-NA,1180,4928,0,4,0,4932,A
6-NA,1181,0,1,4934,0,4935,G
6-NA,1182,0,2,4909,0,4911,G
6-NA,1183,2,1,0,4912,4915,C
6-NA,1184,4628,0,0,1,4629,A
6-NA,1185,4672,0,1,0,4673,A
6-NA,1186,1,1,4695,1,4698,G
6-NA,1187,1,4681,1,2,4685,T
6-NA,1188,7,0,0,4683,4690,C
6-NA,1189,4691,0,3,0,4694,A
6-NA,1190,0,4688,0,2,4690,T
6-NA,1191,4694,0,0,0,4694,A
6-NA,1192,1,0,4699,0,4700,G
6-NA,1193,1,4698,1,3,4703,T
6-NA,1194,0,4495,0,4,4499,T
6-NA,1195,0,3,4427,0,4430,G
6-NA,1196,4387,1,9,0,4397,A
6-NA,1197,0,1,0,4396,4397,C
6-NA,1198,4322,0,1,0,4323,A
6-NA,1199,0,1,4350,0,4351,G
6-NA,1200,4215,0,7,0,4222,A
6-NA,1201,2,0,4237,0,4239,G
6-NA,1202,4178,1,6,0,4185,A
6-NA,1203,0,4378,0,1,4379,T
6-NA,1204,4389,0,1,0,4390,A
6-NA,1205,4380,2,3,0,4385,A
6-NA,1206,0,4363,0,1,4364,T
6-NA,1207,4312,0,6,0,4318,A
6-NA,1208,1,2,4198,0,4201,G
6-NA,1209,0,3,4036,0,4039,G
6-NA,1210,1,3670,0,0,3671,T
6-NA,1211,8,0,0,3682,3690,C
6-NA,1212,5,0,0,3558,3563,C
6-NA,1213,4,3,3573,0,3580,G
6-NA,1214,1,1,3577,0,3579,G
6-NA,1215,0,3581,0,5,3586,T
6-NA,1216,0,3570,0,0,3570,T
6-NA,1217,3542,0,0,0,3542,A
6-NA,1218,0,3468,0,0,3468,T
6-NA,1219,0,3467,0,2,3469,T
6-NA,1220,4,0,1,3461,3466,C
6-NA,1221,0,3285,0,2,3287,T
6-NA,1222,1,1,3265,0,3267,G
6-NA,1223,0,1,3270,0,3271,G
6-NA,1224,0,3259,0,1,3260,T
6-NA,1225,3257,0,0,0,3257,A
6-NA,1226,0,3209,0,0,3209,T
6-NA,1227,0,3213,1,4,3218,T
6-NA,1228,3,3193,0,0,3196,T
6-NA,1229,0,3211,0,3,3214,T
6-NA,1230,2,0,0,3226,3228,C
6-NA,1231,0,3171,0,3,3174,T
6-NA,1232,4,0,0,3242,3246,C
6-NA,1233,0,3236,0,0,3236,T
6-NA,1234,0,1,3296,0,3297,G
6-NA,1235,2,3295,0,2,3299,T
6-NA,1236,0,3276,0,2,3278,T
6-NA,1237,0,2,3281,1,3284,G
6-NA,1238,3257,0,1,0,3258,A
6-NA,1239,3246,0,8,0,3254,A
6-NA,1240,0,3,3255,0,3258,G
6-NA,1241,0,0,3255,0,3255,G
6-NA,1242,0,2,0,3244,3246,C
6-NA,1243,3190,1,2,0,3193,A
6-NA,1244,3198,0,0,0,3198,A
6-NA,1245,3205,0,1,1,3207,A
6-NA,1246,3206,0,7,0,3213,A
6-NA,1247,0,2,3209,0,3211,G
6-NA,1248,0,0,0,3197,3197,C
6-NA,1249,0,3172,0,2,3174,T
6-NA,1250,1,0,3191,0,3192,G
6-NA,1251,1,1,1,3192,3195,C
6-NA,1252,3194,0,2,0,3196,A
6-NA,1253,0,3168,1,3,3172,T
6-NA,1254,0,1,0,3168,3169,C
6-NA,1255,3170,0,0,0,3170,A
6-NA,1256,3167,0,0,0,3167,A
6-NA,1257,0,3149,0,1,3150,T
6-NA,1258,2,1,0,3179,3182,C
6-NA,1259,1,0,3119,0,3120,G
6-NA,1260,0,0,3166,1,3167,G
6-NA,1261,0,3159,0,4,3163,T
6-NA,1262,0,0,3166,0,3166,G
6-NA,1263,0,1,0,3161,3162,C
6-NA,1264,0,3164,0,7,3171,T
6-NA,1265,0,3203,0,0,3203,T
6-NA,1266,0,3202,0,1,3203,T
6-NA,1267,0,3217,0,0,3217,T
6-NA,1268,3227,0,0,0,3227,A
6-NA,1269,1,3097,0,2,3100,T
6-NA,1270,2,1,3104,0,3107,G
6-NA,1271,0,3060,0,4,3064,T
6-NA,1272,0,1,3025,0,3026,G
6-NA,1273,0,0,3060,0,3060,G
6-NA,1274,2990,0,1,0,2991,A
6-NA,1275,1,0,3030,0,3031,G
6-NA,1276,0,3005,0,0,3005,T
6-NA,1277,0,2998,0,1,2999,T
6-NA,1278,2,2,3027,1,3032,G
6-NA,1279,3018,0,2,0,3020,A
6-NA,1280,0,3021,0,2,3023,T
6-NA,1281,3006,0,1,0,3007,A
6-NA,1282,2890,0,2,0,2892,A
6-NA,1283,0,1,2913,1,2915,G
6-NA,1284,2,7,2882,0,2891,G
6-NA,1285,2,2,2867,0,2871,G
6-NA,1286,3,0,2859,0,2862,G
6-NA,1287,2823,0,3,0,2826,A
6-NA,1288,2818,0,3,0,2821,A
6-NA,1289,0,1,2834,0,2835,G
6-NA,1290,2826,0,1,1,2828,A
6-NA,1291,2836,0,0,0,2836,A
6-NA,1292,2803,0,0,0,2803,A
6-NA,1293,2746,0,6,0,2752,A
6-NA,1294,0,2,2758,0,2760,G
6-NA,1295,2722,0,2,0,2724,A
6-NA,1296,1,5,2720,0,2726,G
6-NA,1297,1,2,2715,0,2718,G
6-NA,1298,2687,0,0,0,2687,A
6-NA,1299,2688,2,2,1,2693,A
6-NA,1300,2685,1,0,0,2686,A
6-NA,1301,0,1,0,2698,2699,C
6-NA,1302,0,2675,0,1,2676,T
6-NA,1303,0,1,2690,0,2691,G
6-NA,1304,2688,0,1,0,2689,A
6-NA,1305,2673,0,2,0,2675,A
6-NA,1306,0,0,2685,0,2685,G
6-NA,1307,0,2634,0,5,2639,T
6-NA,1308,2,0,0,2659,2661,C
6-NA,1309,0,2654,0,4,2658,T
6-NA,1310,0,2644,0,1,2645,T
6-NA,1311,0,0,2651,0,2651,G
6-NA,1312,1,2642,0,3,2646,T
6-NA,1313,1,0,2633,0,2634,G
6-NA,1314,0,2,2622,1,2625,G
6-NA,1315,2594,1,0,0,2595,A
6-NA,1316,0,0,0,2591,2591,C
6-NA,1317,2497,0,0,2,2499,A
6-NA,1318,0,2480,0,1,2481,T
6-NA,1319,1,0,0,2490,2491,C
6-NA,1320,1,4,2500,0,2505,G
6-NA,1321,2530,0,1,0,2531,A
6-NA,1322,2531,0,2,0,2533,A
6-NA,1323,1,1,0,2544,2546,C
6-NA,1324,2503,0,4,1,2508,A
6-NA,1325,0,1,2567,0,2568,G
6-NA,1326,0,2552,0,0,2552,T
6-NA,1327,2543,0,0,0,2543,A
6-NA,1328,0,2545,0,0,2545,T
6-NA,1329,1,2450,0,0,2451,T
6-NA,1330,1,0,2470,0,2471,G
6-NA,1331,0,2454,0,3,2457,T
6-NA,1332,0,2390,0,1,2391,T
6-NA,1333,0,1,2403,0,2404,G
6-NA,1334,0,2170,0,0,2170,T
6-NA,1335,0,0,2186,0,2186,G
6-NA,1336,0,2162,0,1,2163,T
6-NA,1337,0,2133,0,1,2134,T
6-NA,1338,0,2137,0,0,2137,T
6-NA,1339,0,2082,0,0,2082,T
6-NA,1340,0,0,2090,0,2090,G
6-NA,1341,0,2076,2,2,2080,T
6-NA,1342,1,1,2066,0,2068,G
6-NA,1343,0,0,2057,0,2057,G
6-NA,1344,0,0,0,2031,2031,C
6-NA,1345,2013,0,1,0,2014,A
6-NA,1346,1,0,0,2045,2046,C
6-NA,1347,1,0,0,2037,2038,C
6-NA,1348,0,2017,1,3,2021,T
6-NA,1349,1,2,0,2023,2026,C
6-NA,1350,2046,0,2,0,2048,A
6-NA,1351,0,1,2061,0,2062,G
6-NA,1352,0,0,2054,0,2054,G
6-NA,1353,0,2047,0,1,2048,T
6-NA,1354,2026,1,0,0,2027,A
6-NA,1355,2,0,0,1915,1917,C
6-NA,1356,1899,0,1,0,1900,A
6-NA,1357,0,1893,0,0,1893,T
6-NA,1358,1832,0,5,0,1837,A
6-NA,1359,0,1829,0,0,1829,T
6-NA,1360,0,1,1718,0,1719,G
6-NA,1361,0,2,1709,0,1711,G
6-NA,1362,1697,0,0,0,1697,A
6-NA,1363,1680,0,1,0,1681,A
6-NA,1364,0,1,0,1647,1648,C
6-NA,1365,1380,0,1,0,1381,A
6-NA,1366,0,0,1382,0,1382,G
6-NA,1367,0,0,1370,0,1370,G
6-NA,1368,0,0,0,1376,1376,C
6-NA,1369,0,1370,0,1,1371,T
6-NA,1370,2,0,0,1302,1304,C
6-NA,1371,1301,0,1,0,1302,A
6-NA,1372,0,1298,0,1,1299,T
6-NA,1373,1,1,1303,0,1305,G
6-NA,1374,0,0,1290,0,1290,G
6-NA,1375,0,0,0,1251,1251,C
6-NA,1376,0,4,0,1241,1245,C
6-NA,1377,0,1166,0,0,1166,T
6-NA,1378,0,0,1168,0,1168,G
6-NA,1379,1170,0,0,0,1170,A
6-NA,1380,0,1170,0,0,1170,T
6-NA,1381,0,0,1147,0,1147,G
6-NA,1382,0,1,1128,0,1129,G
6-NA,1383,0,1,1069,0,1070,G
6-NA,1384,0,0,1065,0,1065,G
6-NA,1385,1,0,0,1036,1037,C
6-NA,1386,0,0,1043,0,1043,G
6-NA,1387,0,1,1038,0,1039,G
6-NA,1388,1027,0,0,0,1027,A
6-NA,1389,0,0,0,1024,1024,C
6-NA,1390,1021,0,0,0,1021,A
6-NA,1391,0,996,0,0,996,T
6-NA,1392,2,0,0,988,990,C
6-NA,1393,988,0,0,0,988,A
6-NA,1394,985,0,2,0,987,A
6-NA,1395,0,978,0,0,978,T
6-NA,1396,0,1,0,952,953,C
6-NA,1397,0,915,0,0,915,T
6-NA,1398,0,1,0,789,790,C
6-NA,1399,781,0,0,0,781,A
6-NA,1400,0,773,0,0,773,T
6-NA,1401,0,0,775,0,775,G
6-NA,1402,0,0,0,766,766,C
6-NA,1403,0,0,0,734,734,C
6-NA,1404,0,641,0,1,642,T
6-NA,1405,635,0,1,0,636,A
6-NA,1406,0,637,0,0,637,T
6-NA,1407,627,0,0,0,627,A
6-NA,1408,0,630,0,0,630,T
6-NA,1409,562,0,0,0,562,A
6-NA,1410,531,0,0,0,531,A
7-M,1,172,0,0,0,172,A
7-M,2,0,176,0,0,176,T
7-M,3,0,0,176,0,176,G
7-M,4,182,0,0,0,182,A
7-M,5,0,0,197,0,197,G
7-M,6,0,0,0,212,212,C
7-M,7,0,0,0,226,226,C
7-M,8,0,300,0,0,300,T
7-M,9,0,308,0,0,308,T
7-M,10,0,0,0,308,308,C
7-M,11,0,306,0,1,307,T
7-M,12,315,0,0,0,315,A
7-M,13,315,0,0,0,315,A
7-M,14,0,0,0,315,315,C
7-M,15,0,0,0,317,317,C
7-M,16,0,0,315,0,315,G
7-M,17,315,0,0,0,315,A
7-M,18,0,0,320,0,320,G
7-M,19,0,0,336,0,336,G
7-M,20,0,331,0,0,331,T
7-M,21,0,0,0,336,336,C
7-M,22,0,0,337,0,337,G
7-M,23,353,0,0,0,353,A
7-M,24,354,0,0,0,354,A
7-M,25,358,0,0,0,358,A
7-M,26,0,0,0,390,390,C
7-M,27,0,0,401,0,401,G
7-M,28,0,403,0,0,403,T
7-M,29,403,0,0,0,403,A
7-M,30,0,407,0,0,407,T
7-M,31,0,0,415,0,415,G
7-M,32,0,417,0,0,417,T
7-M,33,0,455,0,0,455,T
7-M,34,1,0,0,470,471,C
7-M,35,0,472,0,0,472,T
7-M,36,0,0,0,496,496,C
7-M,37,0,496,0,1,497,T
7-M,38,0,0,0,524,524,C
7-M,39,0,522,0,1,523,T
7-M,40,528,0,0,0,528,A
7-M,41,0,530,0,0,530,T
7-M,42,0,0,0,535,535,C
7-M,43,0,0,539,0,539,G
7-M,44,0,541,0,0,541,T
7-M,45,0,541,0,1,542,T
7-M,46,1,0,0,556,557,C
7-M,47,0,0,0,576,576,C
7-M,48,579,0,0,0,579,A
7-M,49,0,580,0,0,580,T
7-M,50,0,0,0,582,582,C
7-M,51,580,0,0,0,580,A
7-M,52,0,0,586,0,586,G
7-M,53,0,0,588,0,588,G
7-M,54,0,0,0,588,588,C
7-M,55,0,0,0,591,591,C
7-M,56,0,0,0,599,599,C
7-M,57,1,0,0,614,615,C
7-M,58,2,1,0,607,610,C
7-M,59,0,612,0,0,612,T
7-M,60,1,0,0,614,615,C
7-M,61,614,0,0,0,614,A
7-M,62,616,0,0,0,616,A
7-M,63,628,1,0,0,629,A
7-M,64,0,1,639,0,640,G
7-M,65,0,0,0,636,636,C
7-M,66,0,0,0,639,639,C
7-M,67,1,0,636,0,637,G
7-M,68,635,0,0,0,635,A
7-M,69,0,0,635,0,635,G
7-M,70,637,0,0,0,637,A
7-M,71,0,640,0,0,640,T
7-M,72,1,0,0,641,642,C
7-M,73,0,0,642,0,642,G
7-M,74,0,0,0,649,649,C
7-M,75,1,0,645,0,646,G
7-M,76,0,0,0,647,647,C
7-M,77,647,0,0,0,647,A
7-M,78,0,0,649,0,649,G
7-M,79,642,0,0,0,642,A
7-M,80,0,1,689,0,690,G
7-M,81,688,1,1,0,690,A
7-M,82,0,0,0,696,696,C
7-M,83,0,698,0,0,698,T
7-M,84,0,695,0,1,696,T
7-M,85,0,1,698,0,699,G
7-M,86,701,0,0,0,701,A
7-M,87,702,1,1,0,704,A
7-M,88,0,0,701,0,701,G
7-M,89,694,0,0,0,694,A
7-M,90,0,708,0,0,708,T
7-M,91,0,0,702,0,702,G
7-M,92,0,702,0,0,702,T
7-M,93,0,0,0,707,707,C
7-M,94,0,701,0,0,701,T
7-M,95,0,701,0,0,701,T
7-M,96,0,702,0,0,702,T
7-M,97,0,2,700,0,702,G
7-M,98,0,0,0,704,704,C
7-M,99,0,702,0,1,703,T
7-M,100,0,2,702,0,704,G
7-M,101,0,0,701,0,701,G
7-M,102,0,0,710,0,710,G
7-M,103,705,0,0,0,705,A
7-M,104,709,0,1,0,710,A
7-M,105,712,0,0,0,712,A
7-M,106,714,0,0,0,714,A
7-M,107,718,0,0,0,718,A
7-M,108,0,0,0,727,727,C
7-M,109,725,0,0,0,725,A
7-M,110,1,1,0,728,730,C
7-M,111,722,0,1,0,723,A
7-M,112,0,0,741,0,741,G
7-M,113,741,0,0,0,741,A
7-M,114,0,765,0,0,765,T
7-M,115,1,0,0,765,766,C
7-M,116,0,761,0,0,761,T
7-M,117,0,758,0,0,758,T
7-M,118,0,1,760,0,761,G
7-M,119,755,0,2,0,757,A
7-M,120,0,2,755,0,757,G
7-M,121,0,0,755,0,755,G
7-M,122,0,0,0,764,764,C
7-M,123,0,755,0,1,756,T
7-M,124,1,0,0,831,832,C
7-M,125,0,832,0,0,832,T
7-M,126,1,0,0,837,838,C
7-M,127,836,0,0,0,836,A
7-M,128,0,839,0,0,839,T
7-M,129,0,1,843,0,844,G
7-M,130,0,0,840,0,840,G
7-M,131,837,0,0,0,837,A
7-M,132,833,0,1,0,834,A
7-M,133,0,797,0,0,797,T
7-M,134,0,0,840,0,840,G
7-M,135,0,0,878,0,878,G
7-M,136,0,0,0,876,876,C
7-M,137,1,877,0,0,878,T
7-M,138,881,0,0,0,881,A
7-M,139,879,0,0,0,879,A
7-M,140,881,0,1,0,882,A
7-M,141,0,0,890,0,890,G
7-M,142,891,0,1,0,892,A
7-M,143,0,1,0,894,895,C
7-M,144,871,0,0,0,871,A
7-M,145,862,0,3,0,865,A
7-M,146,0,1,880,0,881,G
7-M,147,889,0,2,0,891,A
7-M,148,0,0,0,892,892,C
7-M,149,2,1,0,890,893,C
7-M,150,889,0,0,0,889,A
7-M,151,898,0,0,0,898,A
7-M,152,0,904,0,0,904,T
7-M,153,0,899,0,0,899,T
7-M,154,1,0,0,915,916,C
7-M,155,0,912,0,0,912,T
7-M,156,1,0,910,0,911,G
7-M,157,0,911,0,0,911,T
7-M,158,1,0,0,914,915,C
7-M,159,905,0,1,0,906,A
7-M,160,0,0,0,937,937,C
7-M,161,0,0,0,929,929,C
7-M,162,0,927,0,1,928,T
7-M,163,0,0,0,937,937,C
7-M,164,0,928,0,0,928,T
7-M,165,0,0,952,0,952,G
7-M,166,951,1,0,0,952,A
7-M,167,0,0,0,963,963,C
7-M,168,0,963,0,0,963,T
7-M,169,942,0,0,0,942,A
7-M,170,937,0,1,0,938,A
7-M,171,1,0,939,0,940,G
7-M,172,1,1,938,0,940,G
7-M,173,1,1,941,0,943,G
7-M,174,0,0,956,0,956,G
7-M,175,954,0,1,0,955,A
7-M,176,0,967,0,0,967,T
7-M,177,0,969,0,0,969,T
7-M,178,0,971,0,0,971,T
7-M,179,0,971,0,0,971,T
7-M,180,1,0,968,0,969,G
7-M,181,1,0,973,0,974,G
7-M,182,0,2,974,0,976,G
7-M,183,1,1,969,0,971,G
7-M,184,0,957,0,0,957,T
7-M,185,0,968,0,0,968,T
7-M,186,0,969,0,0,969,T
7-M,187,0,0,987,0,987,G
7-M,188,0,979,0,0,979,T
7-M,189,0,0,992,0,992,G
7-M,190,1,986,0,0,987,T
7-M,191,0,993,0,0,993,T
7-M,192,2,2,0,1001,1005,C
7-M,193,1005,0,0,1,1006,A
7-M,194,0,1,0,1031,1032,C
7-M,195,1,0,1020,0,1021,G
7-M,196,0,0,0,1022,1022,C
7-M,197,0,1005,0,2,1007,T
7-M,198,0,0,0,1038,1038,C
7-M,199,1042,0,0,0,1042,A
7-M,200,0,0,0,1051,1051,C
7-M,201,3,0,0,1048,1051,C
7-M,202,0,0,1052,0,1052,G
7-M,203,0,1069,0,1,1070,T
7-M,204,0,0,1076,0,1076,G
7-M,205,0,1,0,1077,1078,C
7-M,206,0,1,0,1069,1070,C
7-M,207,0,1,0,1076,1077,C
7-M,208,1070,0,1,0,1071,A
7-M,209,0,0,1083,0,1083,G
7-M,210,0,1085,0,1,1086,T
7-M,211,0,0,1090,0,1090,G
7-M,212,1105,0,0,0,1105,A
7-M,213,1,0,1106,0,1107,G
7-M,214,0,0,0,1106,1106,C
7-M,215,0,0,1111,0,1111,G
7-M,216,1102,0,0,0,1102,A
7-M,217,1,2,1114,0,1117,G
7-M,218,0,1,1115,0,1116,G
7-M,219,1116,0,0,0,1116,A
7-M,220,1,0,0,1139,1140,C
7-M,221,0,1132,0,0,1132,T
7-M,222,0,2,1130,0,1132,G
7-M,223,0,1,0,1125,1126,C
7-M,224,1133,0,1,0,1134,A
7-M,225,0,0,1159,0,1159,G
7-M,226,0,1,0,1146,1147,C
7-M,227,1,0,1153,0,1154,G
7-M,228,0,1148,0,1,1149,T
7-M,229,1141,0,0,0,1141,A
7-M,230,0,0,1135,0,1135,G
7-M,231,1125,0,0,0,1125,A
7-M,232,0,0,0,1141,1141,C
7-M,233,0,0,1138,0,1138,G
7-M,234,0,1,0,1128,1129,C
7-M,235,0,1111,0,0,1111,T
7-M,236,0,1104,0,0,1104,T
7-M,237,0,1104,0,0,1104,T
7-M,238,1,0,1121,0,1122,G
7-M,239,0,1124,0,0,1124,T
7-M,240,2,0,0,1126,1128,C
7-M,241,0,0,1,1124,1125,C
7-M,242,1127,0,0,0,1127,A
7-M,243,1125,0,1,0,1126,A
7-M,244,1127,0,0,0,1127,A
7-M,245,1126,0,0,0,1126,A
7-M,246,0,1128,0,0,1128,T
7-M,247,1,0,1112,1,1114,G
7-M,248,0,0,0,1105,1105,C
7-M,249,2,0,0,1106,1108,C
7-M,250,0,1,0,1118,1119,C
7-M,251,0,1116,0,0,1116,T
7-M,252,0,0,1,1160,1161,C
7-M,253,1161,0,1,0,1162,A
7-M,254,1163,0,0,1,1164,A
7-M,255,0,1171,0,0,1171,T
7-M,256,0,1,1165,0,1166,G
7-M,257,0,0,1183,0,1183,G
7-M,258,0,2,1193,0,1195,G
7-M,259,1192,0,0,0,1192,A
7-M,260,1195,0,0,0,1195,A
7-M,261,0,1168,0,0,1168,T
7-M,262,1,0,1172,0,1173,G
7-M,263,0,1,1165,0,1166,G
7-M,264,1154,0,3,0,1157,A
7-M,265,0,3,1149,0,1152,G
7-M,266,1138,0,0,0,1138,A
7-M,267,0,1,0,1129,1130,C
7-M,268,0,0,0,1171,1171,C
7-M,269,1,0,0,1178,1179,C
7-M,270,1196,0,0,0,1196,A
7-M,271,1195,0,0,0,1195,A
7-M,272,1197,0,0,0,1197,A
7-M,273,0,1207,0,0,1207,T
7-M,274,1229,0,0,0,1229,A
7-M,275,1231,0,0,0,1231,A
7-M,276,1,0,0,1211,1212,C
7-M,277,1203,0,1,0,1204,A
7-M,278,0,1192,0,0,1192,T
7-M,279,1,2,1200,0,1203,G
7-M,280,0,2,1198,0,1200,G
7-M,281,1200,0,0,0,1200,A
7-M,282,0,0,0,1202,1202,C
7-M,283,1177,0,0,1,1178,A
7-M,284,1182,0,1,0,1183,A
7-M,285,1178,0,0,0,1178,A
7-M,286,0,0,1195,0,1195,G
7-M,287,1,0,0,1219,1220,C
7-M,288,1206,0,0,0,1206,A
7-M,289,0,0,1224,0,1224,G
7-M,290,0,1222,0,0,1222,T
7-M,291,0,1220,0,0,1220,T
7-M,292,1230,0,1,0,1231,A
7-M,293,1228,0,1,0,1229,A
7-M,294,1231,0,0,0,1231,A
7-M,295,0,0,0,1231,1231,C
7-M,296,0,1202,0,0,1202,T
7-M,297,0,0,1288,0,1288,G
7-M,298,0,1271,0,1,1272,T
7-M,299,1285,0,0,0,1285,A
7-M,300,0,1283,0,0,1283,T
7-M,301,1277,0,0,0,1277,A
7-M,302,0,0,1270,0,1270,G
7-M,303,1195,1,0,0,1196,A
7-M,304,1210,0,0,1,1211,A
7-M,305,1205,0,1,0,1206,A
7-M,306,1215,0,0,0,1215,A
7-M,307,0,0,0,1244,1244,C
7-M,308,0,1236,0,0,1236,T
7-M,309,0,1238,0,1,1239,T
7-M,310,1240,0,0,0,1240,A
7-M,311,1234,0,2,0,1236,A
7-M,312,0,0,1241,0,1241,G
7-M,313,1228,0,0,0,1228,A
7-M,314,0,4,1234,0,1238,G
7-M,315,0,0,1241,0,1241,G
7-M,316,0,1,1241,0,1242,G
7-M,317,1238,0,1,0,1239,A
7-M,318,0,1,1256,0,1257,G
7-M,319,1254,0,3,1,1258,A
7-M,320,0,1255,0,0,1255,T
7-M,321,1259,0,0,0,1259,A
7-M,322,1273,0,0,0,1273,A
7-M,323,0,0,0,1280,1280,C
7-M,324,0,1,1274,0,1275,G
7-M,325,0,1265,0,0,1265,T
7-M,326,0,1258,0,0,1258,T
7-M,327,0,0,0,1271,1271,C
7-M,328,0,0,0,1271,1271,C
7-M,329,1274,0,0,0,1274,A
7-M,330,0,1274,0,0,1274,T
7-M,331,0,1,1266,0,1267,G
7-M,332,0,0,1261,0,1261,G
7-M,333,0,0,1257,0,1257,G
7-M,334,0,0,1270,0,1270,G
7-M,335,0,0,0,1261,1261,C
7-M,336,1,0,0,1267,1268,C
7-M,337,1278,0,1,0,1279,A
7-M,338,1280,0,0,0,1280,A
7-M,339,1277,0,1,0,1278,A
7-M,340,0,0,1296,0,1296,G
7-M,341,1292,0,0,0,1292,A
7-M,342,1285,0,0,0,1285,A
7-M,343,1283,0,2,0,1285,A
7-M,344,0,1280,0,0,1280,T
7-M,345,1286,0,0,0,1286,A
7-M,346,0,0,1286,0,1286,G
7-M,347,0,0,0,1285,1285,C
7-M,348,0,1272,0,1,1273,T
7-M,349,0,0,0,1281,1281,C
7-M,350,0,1263,0,1,1264,T
7-M,351,1,0,0,1302,1303,C
7-M,352,1303,1,1,0,1305,A
7-M,353,1,0,1301,0,1302,G
7-M,354,0,1291,0,0,1291,T
7-M,355,0,1309,0,0,1309,T
7-M,356,1312,0,1,0,1313,A
7-M,357,0,1308,0,0,1308,T
7-M,358,0,1310,0,1,1311,T
7-M,359,1,2,0,1311,1314,C
7-M,360,0,1276,0,1,1277,T
7-M,361,1,0,1289,0,1290,G
7-M,362,0,0,0,1284,1284,C
7-M,363,0,1274,1,1,1276,T
7-M,364,0,0,1278,0,1278,G
7-M,365,1,0,1272,0,1273,G
7-M,366,0,1277,0,1,1278,T
7-M,367,1,0,1276,0,1277,G
7-M,368,0,0,0,1273,1273,C
7-M,369,1271,0,0,1,1272,A
7-M,370,0,0,0,1279,1279,C
7-M,371,0,1260,0,1,1261,T
7-M,372,0,1278,0,0,1278,T
7-M,373,0,0,1271,0,1271,G
7-M,374,0,0,0,1268,1268,C
7-M,375,1,0,0,1273,1274,C
7-M,376,1275,1,0,0,1276,A
7-M,377,0,0,1280,0,1280,G
7-M,378,1,1285,0,3,1289,T
7-M,379,0,1282,0,2,1284,T
7-M,380,0,0,1290,0,1290,G
7-M,381,1,1,0,1275,1277,C
7-M,382,1278,0,0,0,1278,A
7-M,383,0,1274,0,1,1275,T
7-M,384,0,2,1273,0,1275,G
7-M,385,0,0,1290,0,1290,G
7-M,386,1,0,1310,0,1311,G
7-M,387,0,1,0,1303,1304,C
7-M,388,2,1,0,1325,1328,C
7-M,389,0,1329,0,1,1330,T
7-M,390,2,1,0,1354,1357,C
7-M,391,1418,1,0,0,1419,A
7-M,392,0,1417,0,0,1417,T
7-M,393,1451,0,0,0,1451,A
7-M,394,0,1437,0,0,1437,T
7-M,395,1419,1,0,0,1420,A
7-M,396,0,1,0,1489,1490,C
7-M,397,1438,1,0,0,1439,A
7-M,398,1440,0,1,0,1441,A
7-M,399,0,1426,0,0,1426,T
7-M,400,1373,0,0,0,1373,A
7-M,401,0,2,1388,0,1390,G
7-M,402,0,0,1363,0,1363,G
7-M,403,1349,0,0,0,1349,A
7-M,404,1,1348,0,0,1349,T
7-M,405,0,2,1278,1,1281,G
7-M,406,0,1,1275,0,1276,G
7-M,407,0,0,1263,0,1263,G
7-M,408,0,1,1276,0,1277,G
7-M,409,1,0,1279,0,1280,G
7-M,410,0,0,0,1276,1276,C
7-M,411,0,1246,0,2,1248,T
7-M,412,1,0,1243,0,1244,G
7-M,413,0,1246,0,0,1246,T
7-M,414,1250,0,0,0,1250,A
7-M,415,1244,0,1,0,1245,A
7-M,416,1,0,0,1251,1252,C
7-M,417,1,0,0,1244,1245,C
7-M,418,1239,0,0,0,1239,A
7-M,419,0,0,0,1246,1246,C
7-M,420,0,1245,0,0,1245,T
7-M,421,0,0,1262,0,1262,G
7-M,422,1252,0,0,0,1252,A
7-M,423,1245,0,0,0,1245,A
7-M,424,0,0,1257,0,1257,G
7-M,425,0,1254,0,0,1254,T
7-M,426,1249,0,1,0,1250,A
7-M,427,0,0,1253,0,1253,G
7-M,428,0,0,1,1255,1256,C
7-M,429,1260,0,1,0,1261,A
7-M,430,0,1240,0,1,1241,T
7-M,431,0,1243,0,0,1243,T
7-M,432,0,1243,0,0,1243,T
7-M,433,0,2,1267,0,1269,G
7-M,434,0,0,1260,0,1260,G
7-M,435,0,2,0,1269,1271,C
7-M,436,1,1,0,1260,1262,C
7-M,437,0,1247,0,1,1248,T
7-M,438,1,1,1298,0,1300,G
7-M,439,0,0,1302,0,1302,G
7-M,440,0,1301,0,1,1302,T
7-M,441,1321,0,0,0,1321,A
7-M,442,0,1276,0,0,1276,T
7-M,443,0,0,1305,1,1306,G
7-M,444,0,1311,0,0,1311,T
7-M,445,1,0,1310,0,1311,G
7-M,446,1,0,0,1309,1310,C
7-M,447,1272,0,0,0,1272,A
7-M,448,1266,0,0,0,1266,A
7-M,449,0,0,0,1279,1279,C
7-M,450,1275,0,0,0,1275,A
7-M,451,0,1283,0,0,1283,T
7-M,452,0,0,1271,0,1271,G
7-M,453,0,1243,0,2,1245,T
7-M,454,1,2,1240,0,1243,G
7-M,455,1231,0,1,0,1232,A
7-M,456,0,0,1231,0,1231,G
7-M,457,0,0,0,1229,1229,C
7-M,458,1206,0,1,1,1208,A
7-M,459,0,0,1221,0,1221,G
7-M,460,1208,0,0,0,1208,A
7-M,461,0,1217,0,0,1217,T
7-M,462,1,1218,0,0,1219,T
7-M,463,0,0,1220,0,1220,G
7-M,464,0,3,0,1218,1221,C
7-M,465,0,1222,0,0,1222,T
7-M,466,0,1,1219,0,1220,G
7-M,467,1218,0,1,0,1219,A
7-M,468,0,0,0,1279,1279,C
7-M,469,0,1287,0,1,1288,T
7-M,470,1,0,0,1288,1289,C
7-M,471,0,0,0,1280,1280,C
7-M,472,3,0,0,1282,1285,C
7-M,473,1281,0,0,1,1282,A
7-M,474,0,0,1284,0,1284,G
7-M,475,0,0,0,1284,1284,C
7-M,476,1292,0,0,0,1292,A
7-M,477,0,0,0,1286,1286,C
7-M,478,1220,0,0,0,1220,A
7-M,479,1,0,1240,0,1241,G
7-M,480,1,0,1240,0,1241,G
7-M,481,0,1235,0,1,1236,T
7-M,482,0,0,0,1271,1271,C
7-M,483,0,1255,0,2,1257,T
7-M,484,0,1,0,1269,1270,C
7-M,485,1257,0,1,0,1258,A
7-M,486,0,1264,0,0,1264,T
7-M,487,1255,0,2,0,1257,A
7-M,488,0,1,1246,0,1247,G
7-M,489,0,0,1242,0,1242,G
7-M,490,1,0,0,1241,1242,C
7-M,491,1211,0,0,0,1211,A
7-M,492,0,2,1200,0,1202,G
7-M,493,1206,0,0,0,1206,A
7-M,494,0,1211,0,0,1211,T
7-M,495,0,1,1214,0,1215,G
7-M,496,0,0,1210,0,1210,G
7-M,497,0,1189,0,1,1190,T
7-M,498,0,1,1209,0,1210,G
7-M,499,1,0,1206,0,1207,G
7-M,500,0,0,0,1208,1208,C
7-M,501,1199,0,1,0,1200,A
7-M,502,1202,0,0,0,1202,A
7-M,503,0,2,0,1211,1213,C
7-M,504,1209,0,0,0,1209,A
7-M,505,1210,0,0,0,1210,A
7-M,506,0,0,0,1210,1210,C
7-M,507,0,0,0,1195,1195,C
7-M,508,1191,0,1,0,1192,A
7-M,509,1187,0,1,0,1188,A
7-M,510,0,1191,0,0,1191,T
7-M,511,3,0,0,1189,1192,C
7-M,512,1,1,0,1181,1183,C
7-M,513,1174,0,0,0,1174,A
7-M,514,0,1171,0,1,1172,T
7-M,515,0,1176,0,0,1176,T
7-M,516,1173,0,6,0,1179,A
7-M,517,1178,0,0,0,1178,A
7-M,518,0,1186,0,0,1186,T
7-M,519,1172,1,0,0,1173,A
7-M,520,1167,0,1,1,1169,A
7-M,521,1153,0,0,0,1153,A
7-M,522,1165,0,0,0,1165,A
7-M,523,0,0,0,1191,1191,C
7-M,524,1191,0,0,0,1191,A
7-M,525,0,1178,0,1,1179,T
7-M,526,0,2,1176,0,1178,G
7-M,527,1167,0,1,0,1168,A
7-M,528,0,0,1182,0,1182,G
7-M,529,1179,0,1,0,1180,A
7-M,530,1180,0,0,0,1180,A
7-M,531,0,3,0,1181,1184,C
7-M,532,1151,0,1,0,1152,A
7-M,533,0,0,1171,0,1171,G
7-M,534,1166,0,0,0,1166,A
7-M,535,1168,0,1,0,1169,A
7-M,536,0,1158,2,0,1160,T
7-M,537,0,0,1163,0,1163,G
7-M,538,0,0,1156,0,1156,G
7-M,539,0,1139,0,0,1139,T
7-M,540,0,1124,0,0,1124,T
7-M,541,0,1145,0,0,1145,T
7-M,542,0,1145,0,0,1145,T
7-M,543,0,0,1155,0,1155,G
7-M,544,1,1,1151,0,1153,G
7-M,545,0,2,0,1141,1143,C
7-M,546,0,0,1,1156,1157,C
7-M,547,1131,0,0,0,1131,A
7-M,548,0,0,1173,0,1173,G
7-M,549,0,0,0,1171,1171,C
7-M,550,1174,0,0,0,1174,A
7-M,551,0,0,0,1205,1205,C
7-M,552,0,1191,0,0,1191,T
7-M,553,1189,0,0,0,1189,A
7-M,554,0,0,0,1202,1202,C
7-M,555,1206,0,0,0,1206,A
7-M,556,0,0,1220,0,1220,G
7-M,557,0,0,0,1177,1177,C
7-M,558,0,1177,0,0,1177,T
7-M,559,1171,0,0,0,1171,A
7-M,560,1133,0,1,0,1134,A
7-M,561,0,0,1148,0,1148,G
7-M,562,0,0,1153,0,1153,G
7-M,563,0,0,0,1153,1153,C
7-M,564,0,1104,0,0,1104,T
7-M,565,1099,0,1,0,1100,A
7-M,566,0,1101,0,1,1102,T
7-M,567,0,1,1101,0,1102,G
7-M,568,0,0,1105,0,1105,G
7-M,569,1080,0,1,0,1081,A
7-M,570,0,0,1086,0,1086,G
7-M,571,0,0,0,1063,1063,C
7-M,572,1061,1,0,0,1062,A
7-M,573,1058,0,0,0,1058,A
7-M,574,1053,0,0,1,1054,A
7-M,575,0,1058,0,0,1058,T
7-M,576,0,1,1071,0,1072,G
7-M,577,0,0,1049,0,1049,G
7-M,578,0,0,0,1053,1053,C
7-M,579,0,1047,0,0,1047,T
7-M,580,0,0,1054,0,1054,G
7-M,581,0,0,1060,0,1060,G
7-M,582,1050,0,2,2,1054,A
7-M,583,0,1058,0,2,1060,T
7-M,584,0,0,0,1056,1056,C
7-M,585,1058,0,0,0,1058,A
7-M,586,1059,0,0,0,1059,A
7-M,587,0,0,1070,0,1070,G
7-M,588,0,1069,0,0,1069,T
7-M,589,0,2,1067,0,1069,G
7-M,590,1048,0,0,0,1048,A
7-M,591,1,0,1052,0,1053,G
7-M,592,0,1,0,1046,1047,C
7-M,593,1050,0,2,0,1052,A
7-M,594,0,1,1057,0,1058,G
7-M,595,0,0,1045,0,1045,G
7-M,596,0,0,0,1044,1044,C
7-M,597,1047,0,0,0,1047,A
7-M,598,0,0,1058,0,1058,G
7-M,599,1,2,0,1055,1058,C
7-M,600,2,0,1059,0,1061,G
7-M,601,0,1,1055,0,1056,G
7-M,602,1053,0,0,0,1053,A
7-M,603,0,1,1060,0,1061,G
7-M,604,0,1,1071,0,1072,G
7-M,605,0,0,0,1071,1071,C
7-M,606,1,0,0,1075,1076,C
7-M,607,1075,0,0,0,1075,A
7-M,608,0,1076,0,0,1076,T
7-M,609,1,1,1080,0,1082,G
7-M,610,0,1,1082,0,1083,G
7-M,611,1078,0,0,0,1078,A
7-M,612,0,1,1078,0,1079,G
7-M,613,1046,0,0,0,1046,A
7-M,614,0,1060,0,0,1060,T
7-M,615,0,1053,0,0,1053,T
7-M,616,0,0,1056,0,1056,G
7-M,617,0,0,0,1056,1056,C
7-M,618,1,1056,0,0,1057,T
7-M,619,1066,0,0,0,1066,A
7-M,620,1,0,1060,0,1061,G
7-M,621,0,1059,0,0,1059,T
7-M,622,1,0,0,1062,1063,C
7-M,623,1035,0,0,0,1035,A
7-M,624,0,0,1046,0,1046,G
7-M,625,0,0,1034,0,1034,G
7-M,626,0,0,0,1032,1032,C
7-M,627,1,0,0,1028,1029,C
7-M,628,1034,0,0,0,1034,A
7-M,629,0,0,1046,0,1046,G
7-M,630,1,0,1043,0,1044,G
7-M,631,0,0,0,1040,1040,C
7-M,632,1039,0,0,0,1039,A
7-M,633,0,0,1039,0,1039,G
7-M,634,1020,0,1,0,1021,A
7-M,635,0,1036,0,0,1036,T
7-M,636,0,1,1050,0,1051,G
7-M,637,0,0,1040,0,1040,G
7-M,638,0,1022,0,0,1022,T
7-M,639,0,1021,0,0,1021,T
7-M,640,2,0,0,1031,1033,C
7-M,641,1049,0,0,0,1049,A
7-M,642,0,0,1058,0,1058,G
7-M,643,0,0,1051,0,1051,G
7-M,644,1,0,0,1047,1048,C
7-M,645,1038,2,0,0,1040,A
7-M,646,1034,0,0,0,1034,A
7-M,647,0,1028,0,0,1028,T
7-M,648,0,0,1031,0,1031,G
7-M,649,1020,0,1,0,1021,A
7-M,650,1,1,1032,0,1034,G
7-M,651,995,0,2,0,997,A
7-M,652,0,0,1008,0,1008,G
7-M,653,2,1,0,1020,1023,C
7-M,654,0,0,0,1032,1032,C
7-M,655,1040,0,0,0,1040,A
7-M,656,0,1037,0,1,1038,T
7-M,657,0,1043,0,1,1044,T
7-M,658,0,1,1042,0,1043,G
7-M,659,0,2,1026,0,1028,G
7-M,660,1,0,1033,0,1034,G
7-M,661,1029,0,0,0,1029,A
7-M,662,0,0,0,1022,1022,C
7-M,663,0,987,0,1,988,T
7-M,664,0,0,0,987,987,C
7-M,665,988,0,0,0,988,A
7-M,666,0,1023,0,0,1023,T
7-M,667,1,0,0,1027,1028,C
7-M,668,0,0,0,1031,1031,C
7-M,669,0,1029,0,1,1030,T
7-M,670,1029,0,1,0,1030,A
7-M,671,0,1,1048,0,1049,G
7-M,672,0,1129,0,0,1129,T
7-M,673,0,1123,0,2,1125,T
7-M,674,1,0,0,1116,1117,C
7-M,675,0,1,0,1104,1105,C
7-M,676,1093,0,0,0,1093,A
7-M,677,0,0,1111,0,1111,G
7-M,678,0,1105,0,1,1106,T
7-M,679,1107,0,0,0,1107,A
7-M,680,0,0,0,1104,1104,C
7-M,681,0,986,0,1,987,T
7-M,682,0,0,1029,0,1029,G
7-M,683,2,0,1039,0,1041,G
7-M,684,0,1046,0,0,1046,T
7-M,685,1,0,0,1049,1050,C
7-M,686,0,1033,0,0,1033,T
7-M,687,1031,0,0,0,1031,A
7-M,688,1032,0,1,0,1033,A
7-M,689,1,0,1043,0,1044,G
7-M,690,1031,0,1,0,1032,A
7-M,691,0,0,1009,0,1009,G
7-M,692,970,0,0,0,970,A
7-M,693,0,965,0,0,965,T
7-M,694,0,2,968,0,970,G
7-M,695,974,0,1,0,975,A
7-M,696,1,966,0,0,967,T
7-M,697,0,0,0,965,965,C
7-M,698,0,961,0,0,961,T
7-M,699,0,965,0,1,966,T
7-M,700,0,0,0,969,969,C
7-M,701,0,970,0,1,971,T
7-M,702,0,968,0,1,969,T
7-M,703,0,0,973,0,973,G
7-M,704,968,0,0,0,968,A
7-M,705,970,0,1,0,971,A
7-M,706,967,0,0,0,967,A
7-M,707,968,0,0,0,968,A
7-M,708,0,974,0,1,975,T
7-M,709,0,978,0,0,978,T
7-M,710,0,977,0,0,977,T
7-M,711,0,0,977,0,977,G
7-M,712,0,0,0,979,979,C
7-M,713,976,0,2,0,978,A
7-M,714,0,0,977,0,977,G
7-M,715,970,0,1,0,971,A
7-M,716,0,0,0,994,994,C
7-M,717,1,0,0,995,996,C
7-M,718,0,989,0,3,992,T
7-M,719,1005,0,0,0,1005,A
7-M,720,0,1002,0,1,1003,T
7-M,721,0,0,0,1005,1005,C
7-M,722,1007,0,1,0,1008,A
7-M,723,0,0,1002,0,1002,G
7-M,724,994,0,0,0,994,A
7-M,725,979,0,0,0,979,A
7-M,726,978,0,2,0,980,A
7-M,727,0,0,0,973,973,C
7-M,728,0,0,980,0,980,G
7-M,729,966,0,0,0,966,A
7-M,730,973,0,0,0,973,A
7-M,731,0,977,0,0,977,T
7-M,732,0,0,973,0,973,G
7-M,733,0,0,984,0,984,G
7-M,734,0,0,980,0,980,G
7-M,735,0,0,979,0,979,G
7-M,736,1,0,986,0,987,G
7-M,737,0,978,0,0,978,T
7-M,738,1,0,976,0,977,G
7-M,739,1,0,0,977,978,C
7-M,740,974,0,1,0,975,A
7-M,741,0,0,987,0,987,G
7-M,742,978,0,0,0,978,A
7-M,743,0,971,0,0,971,T
7-M,744,0,1,967,0,968,G
7-M,745,1,0,0,956,957,C
7-M,746,951,0,0,0,951,A
7-M,747,954,0,0,0,954,A
7-M,748,0,0,0,954,954,C
7-M,749,0,0,955,0,955,G
7-M,750,954,0,1,1,956,A
7-M,751,0,953,0,0,953,T
7-M,752,0,953,0,1,954,T
7-M,753,2,0,0,956,958,C
7-M,754,956,0,0,0,956,A
7-M,755,956,0,0,0,956,A
7-M,756,941,0,0,0,941,A
7-M,757,0,935,0,0,935,T
7-M,758,0,2,939,0,941,G
7-M,759,940,1,1,0,942,A
7-M,760,0,0,0,948,948,C
7-M,761,0,0,0,949,949,C
7-M,762,0,0,0,944,944,C
7-M,763,927,0,0,0,927,A
7-M,764,0,0,0,957,957,C
7-M,765,0,957,0,0,957,T
7-M,766,0,964,0,0,964,T
7-M,767,0,0,962,0,962,G
7-M,768,0,954,0,0,954,T
7-M,769,0,958,0,0,958,T
7-M,770,0,0,955,0,955,G
7-M,771,0,939,0,1,940,T
7-M,772,0,928,0,0,928,T
7-M,773,0,0,929,0,929,G
7-M,774,1,1,0,923,925,C
7-M,775,0,0,0,919,919,C
7-M,776,1,0,924,0,925,G
7-M,777,0,0,0,917,917,C
7-M,778,0,0,934,0,934,G
7-M,779,927,0,0,0,927,A
7-M,780,938,0,0,0,938,A
7-M,781,0,941,1,1,943,T
7-M,782,942,0,0,0,942,A
7-M,783,0,959,0,0,959,T
7-M,784,0,0,0,972,972,C
7-M,785,968,0,0,0,968,A
7-M,786,0,970,0,0,970,T
7-M,787,0,960,0,1,961,T
7-M,788,0,1,957,0,958,G
7-M,789,0,2,947,0,949,G
7-M,790,0,0,954,0,954,G
7-M,791,958,0,0,0,958,A
7-M,792,0,940,0,2,942,T
7-M,793,0,0,0,923,923,C
7-M,794,0,922,0,2,924,T
7-M,795,0,923,0,0,923,T
7-M,796,0,0,926,0,926,G
7-M,797,0,0,0,924,924,C
7-M,798,922,0,0,0,922,A
7-M,799,0,0,0,925,925,C
7-M,800,0,914,0,0,914,T
7-M,801,0,915,0,0,915,T
7-M,802,0,0,917,0,917,G
7-M,803,931,0,0,0,931,A
7-M,804,0,934,0,0,934,T
7-M,805,920,0,0,0,920,A
7-M,806,0,921,0,0,921,T
7-M,807,0,908,0,0,908,T
7-M,808,0,0,915,0,915,G
7-M,809,0,904,0,0,904,T
7-M,810,0,0,902,0,902,G
7-M,811,0,0,901,0,901,G
7-M,812,880,0,0,0,880,A
7-M,813,0,883,0,0,883,T
7-M,814,0,876,0,0,876,T
7-M,815,1,1,0,875,877,C
7-M,816,0,877,0,1,878,T
7-M,817,0,870,0,0,870,T
7-M,818,0,2,868,0,870,G
7-M,819,866,0,0,0,866,A
7-M,820,0,864,0,0,864,T
7-M,821,0,0,0,858,858,C
7-M,822,0,0,852,0,852,G
7-M,823,0,850,0,2,852,T
7-M,824,0,0,0,849,849,C
7-M,825,0,841,0,0,841,T
7-M,826,1,848,0,0,849,T
7-M,827,0,848,1,0,849,T
7-M,828,0,849,0,0,849,T
7-M,829,1,845,0,0,846,T
7-M,830,0,847,0,0,847,T
7-M,831,0,844,0,1,845,T
7-M,832,0,0,0,846,846,C
7-M,833,844,0,0,0,844,A
7-M,834,847,0,0,0,847,A
7-M,835,845,0,0,0,845,A
7-M,836,0,843,0,1,844,T
7-M,837,0,0,844,0,844,G
7-M,838,1,0,0,842,843,C
7-M,839,0,0,844,0,844,G
7-M,840,0,860,0,1,861,T
7-M,841,3,0,0,852,855,C
7-M,842,0,863,0,0,863,T
7-M,843,860,0,0,0,860,A
7-M,844,0,854,0,0,854,T
7-M,845,1,0,0,852,853,C
7-M,846,0,1,853,0,854,G
7-M,847,843,0,0,0,843,A
7-M,848,0,0,0,844,844,C
7-M,849,0,816,1,0,817,T
7-M,850,0,0,0,831,831,C
7-M,851,0,828,0,1,829,T
7-M,852,0,828,0,1,829,T
7-M,853,0,1,0,832,833,C
7-M,854,829,0,0,0,829,A
7-M,855,833,0,0,0,833,A
7-M,856,828,0,0,0,828,A
7-M,857,0,0,0,824,824,C
7-M,858,810,0,0,0,810,A
7-M,859,0,0,0,775,775,C
7-M,860,0,0,749,0,749,G
7-M,861,0,0,773,0,773,G
7-M,862,0,0,0,772,772,C
7-M,863,2,0,0,778,780,C
7-M,864,0,772,0,3,775,T
7-M,865,0,779,0,0,779,T
7-M,866,779,0,0,0,779,A
7-M,867,781,0,0,1,782,A
7-M,868,783,0,0,0,783,A
7-M,869,779,0,1,0,780,A
7-M,870,0,0,769,0,769,G
7-M,871,660,0,0,0,660,A
7-M,872,0,1,659,0,660,G
7-M,873,0,0,654,0,654,G
7-M,874,0,0,0,650,650,C
7-M,875,0,0,0,648,648,C
7-M,876,1,0,0,656,657,C
7-M,877,0,657,1,0,658,T
7-M,878,0,656,0,0,656,T
7-M,879,0,0,0,653,653,C
7-M,880,0,658,0,0,658,T
7-M,881,648,0,1,0,649,A
7-M,882,0,0,0,655,655,C
7-M,883,0,0,643,0,643,G
7-M,884,0,0,644,0,644,G
7-M,885,642,0,0,0,642,A
7-M,886,640,0,0,0,640,A
7-M,887,0,1,624,0,625,G
7-M,888,0,1,624,0,625,G
7-M,889,613,0,2,0,615,A
7-M,890,0,0,612,0,612,G
7-M,891,0,607,0,0,607,T
7-M,892,605,0,0,0,605,A
7-M,893,0,0,0,604,604,C
7-M,894,0,0,0,607,607,C
7-M,895,0,603,0,0,603,T
7-M,896,0,0,603,0,603,G
7-M,897,577,0,0,0,577,A
7-M,898,0,0,586,0,586,G
7-M,899,0,563,0,0,563,T
7-M,900,0,0,0,563,563,C
7-M,901,0,556,0,1,557,T
7-M,902,555,0,0,0,555,A
7-M,903,0,552,0,0,552,T
7-M,904,0,0,555,0,555,G
7-M,905,549,0,0,0,549,A
7-M,906,0,0,546,0,546,G
7-M,907,0,0,512,0,512,G
7-M,908,0,0,507,0,507,G
7-M,909,507,0,0,0,507,A
7-M,910,501,1,0,0,502,A
7-M,911,1,0,503,0,504,G
7-M,912,496,0,0,0,496,A
7-M,913,504,0,0,0,504,A
7-M,914,0,504,0,0,504,T
7-M,915,490,0,0,0,490,A
7-M,916,0,488,0,0,488,T
7-M,917,0,8,0,473,481,C
7-M,918,0,0,488,0,488,G
7-M,919,483,0,0,0,483,A
7-M,920,480,0,1,0,481,A
7-M,921,477,0,0,0,477,A
7-M,922,0,0,475,0,475,G
7-M,923,1,0,478,0,479,G
7-M,924,472,0,0,0,472,A
7-M,925,473,0,0,0,473,A
7-M,926,0,0,0,472,472,C
7-M,927,464,0,1,0,465,A
7-M,928,0,0,466,0,466,G
7-M,929,0,0,0,460,460,C
7-M,930,462,0,0,0,462,A
7-M,931,0,0,461,0,461,G
7-M,932,431,0,1,0,432,A
7-M,933,434,0,0,0,434,A
7-M,934,0,432,0,0,432,T
7-M,935,0,0,426,0,426,G
7-M,936,0,0,0,423,423,C
7-M,937,0,400,0,0,400,T
7-M,938,0,0,404,0,404,G
7-M,939,0,403,0,0,403,T
7-M,940,0,0,400,0,400,G
7-M,941,0,0,400,0,400,G
7-M,942,384,0,0,0,384,A
7-M,943,0,383,0,0,383,T
7-M,944,0,0,363,0,363,G
7-M,945,0,1,0,358,359,C
7-M,946,0,353,0,0,353,T
7-M,947,0,0,353,0,353,G
7-M,948,351,0,0,0,351,A
7-M,949,0,0,0,348,348,C
7-M,950,0,0,346,0,346,G
7-M,951,331,0,0,1,332,A
7-M,952,0,0,0,335,335,C
7-M,953,320,0,0,0,320,A
7-M,954,0,0,323,0,323,G
7-M,955,0,320,0,0,320,T
7-M,956,0,0,0,317,317,C
7-M,957,317,0,0,0,317,A
7-M,958,0,312,0,1,313,T
7-M,959,0,316,0,0,316,T
7-M,960,0,315,0,0,315,T
7-M,961,0,314,0,0,314,T
7-M,962,0,0,313,0,313,G
7-M,963,0,298,0,0,298,T
7-M,964,0,0,0,299,299,C
7-M,965,287,0,0,0,287,A
7-M,966,0,0,287,0,287,G
7-M,967,0,0,0,282,282,C
7-M,968,281,0,0,0,281,A
7-M,969,0,283,0,0,283,T
7-M,970,274,0,0,0,274,A
7-M,971,0,0,276,0,276,G
7-M,972,270,0,0,0,270,A
7-M,973,0,0,267,0,267,G
7-M,974,0,263,0,0,263,T
7-M,975,0,169,0,0,169,T
7-M,976,0,0,168,0,168,G
7-M,977,0,0,168,0,168,G
7-M,978,165,0,0,0,165,A
7-M,979,0,0,164,0,164,G
7-M,980,0,106,0,0,106,T
7-M,981,104,0,0,0,104,A
7-M,982,103,0,0,0,103,A
8-NS,1,390,0,0,0,390,A
8-NS,2,0,391,0,0,391,T
8-NS,3,0,0,428,0,428,G
8-NS,4,1,1,468,0,470,G
8-NS,5,508,0,0,0,508,A
8-NS,6,0,990,0,0,990,T
8-NS,7,0,1002,0,0,1002,T
8-NS,8,2,0,0,1032,1034,C
8-NS,9,0,0,0,1030,1030,C
8-NS,10,1029,1,1,0,1031,A
8-NS,11,1047,0,1,0,1048,A
8-NS,12,0,1,0,1051,1052,C
8-NS,13,1055,0,0,0,1055,A
8-NS,14,0,0,0,1064,1064,C
8-NS,15,0,1058,0,0,1058,T
8-NS,16,0,0,1167,0,1167,G
8-NS,17,0,1169,0,0,1169,T
8-NS,18,1,0,1174,0,1175,G
8-NS,19,0,1183,0,1,1184,T
8-NS,20,1,2,0,1182,1185,C
8-NS,21,1184,0,0,0,1184,A
8-NS,22,1182,0,0,0,1182,A
8-NS,23,0,0,1201,0,1201,G
8-NS,24,0,1225,0,0,1225,T
8-NS,25,0,1232,0,1,1233,T
8-NS,26,0,1240,0,0,1240,T
8-NS,27,1,0,0,1238,1239,C
8-NS,28,0,0,0,1240,1240,C
8-NS,29,1241,0,0,0,1241,A
8-NS,30,0,1,1255,0,1256,G
8-NS,31,1,0,1249,0,1250,G
8-NS,32,0,1232,0,0,1232,T
8-NS,33,1265,0,1,0,1266,A
8-NS,34,2,1,1272,0,1275,G
8-NS,35,1272,0,0,0,1272,A
8-NS,36,0,1284,0,0,1284,T
8-NS,37,0,1284,0,0,1284,T
8-NS,38,1,0,1293,0,1294,G
8-NS,39,1,0,0,1291,1292,C
8-NS,40,0,1290,0,3,1293,T
8-NS,41,0,1306,0,0,1306,T
8-NS,42,0,1311,0,1,1312,T
8-NS,43,2,0,0,1339,1341,C
8-NS,44,0,1339,0,0,1339,T
8-NS,45,0,1337,0,1,1338,T
8-NS,46,0,1337,0,1,1338,T
8-NS,47,0,3,1351,0,1354,G
8-NS,48,1,0,1341,0,1342,G
8-NS,49,0,2,0,1346,1348,C
8-NS,50,1347,0,0,0,1347,A
8-NS,51,0,1362,0,0,1362,T
8-NS,52,1386,1,1,0,1388,A
8-NS,53,0,1427,0,0,1427,T
8-NS,54,1,1,0,1425,1427,C
8-NS,55,1,1,0,1423,1425,C
8-NS,56,2,0,1421,0,1423,G
8-NS,57,0,1,1423,0,1424,G
8-NS,58,1430,1,0,0,1431,A
8-NS,59,1441,0,0,0,1441,A
8-NS,60,1443,0,0,0,1443,A
8-NS,61,0,0,0,1454,1454,C
8-NS,62,1456,0,1,0,1457,A
8-NS,63,1454,0,3,0,1457,A
8-NS,64,1,0,1517,0,1518,G
8-NS,65,0,1519,0,0,1519,T
8-NS,66,0,1518,0,0,1518,T
8-NS,67,0,0,1524,0,1524,G
8-NS,68,0,1521,0,1,1522,T
8-NS,69,1527,0,0,0,1527,A
8-NS,70,0,4,1533,0,1537,G
8-NS,71,1605,0,1,0,1606,A
8-NS,72,1,0,0,1623,1624,C
8-NS,73,1,0,0,1603,1604,C
8-NS,74,1603,0,0,0,1603,A
8-NS,75,1609,0,0,0,1609,A
8-NS,76,0,2,1689,0,1691,G
8-NS,77,1691,0,0,0,1691,A
8-NS,78,1720,0,0,0,1720,A
8-NS,79,0,0,0,1719,1719,C
8-NS,80,0,1681,0,0,1681,T
8-NS,81,11,2,1688,1,1702,G
8-NS,82,1681,0,1,0,1682,A
8-NS,83,0,1,1733,0,1734,G
8-NS,84,0,1730,0,0,1730,T
8-NS,85,0,0,1715,0,1715,G
8-NS,86,1725,2,0,1,1728,A
8-NS,87,0,1717,0,1,1718,T
8-NS,88,0,0,1735,0,1735,G
8-NS,89,0,0,0,1753,1753,C
8-NS,90,2,2,0,1754,1758,C
8-NS,91,1,0,0,1761,1762,C
8-NS,92,2,0,0,1759,1761,C
8-NS,93,1760,0,0,0,1760,A
8-NS,94,0,1795,0,0,1795,T
8-NS,95,0,1820,0,2,1822,T
8-NS,96,0,1,0,1830,1831,C
8-NS,97,1,0,0,1825,1826,C
8-NS,98,0,1829,0,2,1831,T
8-NS,99,0,1826,0,2,1828,T
8-NS,100,1,1,1824,0,1826,G
8-NS,101,1812,0,0,0,1812,A
8-NS,102,0,1816,0,2,1818,T
8-NS,103,3,1,0,1817,1821,C
8-NS,104,0,2,1792,0,1794,G
8-NS,105,2,0,1798,0,1800,G
8-NS,106,0,0,0,1816,1816,C
8-NS,107,0,1813,0,0,1813,T
8-NS,108,0,1822,0,0,1822,T
8-NS,109,0,1,0,1828,1829,C
8-NS,110,0,1,1829,0,1830,G
8-NS,111,0,0,0,1835,1835,C
8-NS,112,3,2,0,1831,1836,C
8-NS,113,2,1,1838,0,1841,G
8-NS,114,1817,0,0,0,1817,A
8-NS,115,0,0,1864,0,1864,G
8-NS,116,1865,0,0,0,1865,A
8-NS,117,0,1866,0,1,1867,T
8-NS,118,3,0,0,1872,1875,C
8-NS,119,1870,0,1,0,1871,A
8-NS,120,1857,0,1,0,1858,A
8-NS,121,1863,0,1,0,1864,A
8-NS,122,2,1,1873,0,1876,G
8-NS,123,1,0,1907,0,1908,G
8-NS,124,0,1914,0,0,1914,T
8-NS,125,4,1,0,1973,1978,C
8-NS,126,1,0,0,1991,1992,C
8-NS,127,2,0,0,2006,2008,C
8-NS,128,0,2009,0,2,2011,T
8-NS,129,2019,0,0,0,2019,A
8-NS,130,2020,0,3,0,2023,A
8-NS,131,0,2,2059,1,2062,G
8-NS,132,0,2,2043,0,2045,G
8-NS,133,0,0,2044,0,2044,G
8-NS,134,1,1,2024,0,2026,G
8-NS,135,2022,0,0,0,2022,A
8-NS,136,2016,0,2,0,2018,A
8-NS,137,1,2,2039,0,2042,G
8-NS,138,2071,0,1,1,2073,A
8-NS,139,3,3,2092,0,2098,G
8-NS,140,1,1,2081,0,2083,G
8-NS,141,0,0,0,2109,2109,C
8-NS,142,2096,0,0,0,2096,A
8-NS,143,2094,0,2,0,2096,A
8-NS,144,0,2102,0,0,2102,T
8-NS,145,2107,0,1,0,2108,A
8-NS,146,0,0,0,2147,2147,C
8-NS,147,0,2095,0,2,2097,T
8-NS,148,1,0,0,2108,2109,C
8-NS,149,0,2081,0,1,2082,T
8-NS,150,1,2,0,2100,2103,C
8-NS,151,0,0,2117,0,2117,G
8-NS,152,0,0,2235,0,2235,G
8-NS,153,0,2225,0,1,2226,T
8-NS,154,3,0,0,2238,2241,C
8-NS,155,0,2225,0,0,2225,T
8-NS,156,2252,0,1,1,2254,A
8-NS,157,1,1,2242,0,2244,G
8-NS,158,2249,1,1,0,2251,A
8-NS,159,0,0,0,2308,2308,C
8-NS,160,2256,0,2,0,2258,A
8-NS,161,1,2219,0,1,2221,T
8-NS,162,0,0,0,2220,2220,C
8-NS,163,2214,0,0,0,2214,A
8-NS,164,2224,0,1,0,2225,A
8-NS,165,2199,0,3,0,2202,A
8-NS,166,0,1,2204,0,2205,G
8-NS,167,0,0,0,2215,2215,C
8-NS,168,2198,0,3,0,2201,A
8-NS,169,1,1,2208,0,2210,G
8-NS,170,0,2,0,2201,2203,C
8-NS,171,3,0,0,2211,2214,C
8-NS,172,2223,0,1,0,2224,A
8-NS,173,2,0,0,2274,2276,C
8-NS,174,1,0,0,2266,2267,C
8-NS,175,5,0,0,2273,2278,C
8-NS,176,2300,4,0,0,2304,A
8-NS,177,0,2318,0,0,2318,T
8-NS,178,1,0,2321,0,2322,G
8-NS,179,1,2313,0,0,2314,T
8-NS,180,0,2316,0,0,2316,T
8-NS,181,1,2,2305,0,2308,G
8-NS,182,0,0,2287,0,2287,G
8-NS,183,2271,0,0,0,2271,A
8-NS,184,2282,0,1,0,2283,A
8-NS,185,2247,0,2,0,2249,A
8-NS,186,0,1,2270,0,2271,G
8-NS,187,0,0,0,2269,2269,C
8-NS,188,2265,0,0,0,2265,A
8-NS,189,2266,0,1,0,2267,A
8-NS,190,2264,0,0,0,2264,A
8-NS,191,0,2289,0,0,2289,T
8-NS,192,0,2289,0,1,2290,T
8-NS,193,0,0,2332,0,2332,G
8-NS,194,0,2327,0,0,2327,T
8-NS,195,2306,0,2,0,2308,A
8-NS,196,0,0,2312,0,2312,G
8-NS,197,2310,0,0,0,2310,A
8-NS,198,2311,0,0,0,2311,A
8-NS,199,2309,0,1,0,2310,A
8-NS,200,2291,0,3,0,2294,A
8-NS,201,1,2,2305,0,2308,G
8-NS,202,2277,0,0,0,2277,A
8-NS,203,0,2273,0,0,2273,T
8-NS,204,0,2279,0,0,2279,T
8-NS,205,1,0,0,2287,2288,C
8-NS,206,0,2297,0,0,2297,T
8-NS,207,1,0,2298,0,2299,G
8-NS,208,2294,1,0,0,2295,A
8-NS,209,2294,0,1,0,2295,A
8-NS,210,2295,0,0,0,2295,A
8-NS,211,1,0,2303,0,2304,G
8-NS,212,2305,0,1,0,2306,A
8-NS,213,2301,0,1,3,2305,A
8-NS,214,0,1,2321,0,2322,G
8-NS,215,2332,0,2,0,2334,A
8-NS,216,2344,0,0,0,2344,A
8-NS,217,0,2356,0,0,2356,T
8-NS,218,2,0,0,2370,2372,C
8-NS,219,1,2365,0,3,2369,T
8-NS,220,0,0,2383,0,2383,G
8-NS,221,2375,0,1,0,2376,A
8-NS,222,0,2380,0,0,2380,T
8-NS,223,0,2,2360,0,2362,G
8-NS,224,2344,0,2,0,2346,A
8-NS,225,2,4,2317,25,2348,G
8-NS,226,1,0,2335,0,2336,G
8-NS,227,0,0,0,2340,2340,C
8-NS,228,2350,0,1,0,2351,A
8-NS,229,0,0,0,2401,2401,C
8-NS,230,0,2395,0,0,2395,T
8-NS,231,0,2419,0,0,2419,T
8-NS,232,2429,0,0,0,2429,A
8-NS,233,2444,0,0,0,2444,A
8-NS,234,2439,0,1,0,2440,A
8-NS,235,2436,0,1,0,2437,A
8-NS,236,0,2421,0,1,2422,T
8-NS,237,0,8,2429,0,2437,G
8-NS,238,2423,0,3,2,2428,A
8-NS,239,0,0,0,2444,2444,C
8-NS,240,3,1,0,2431,2435,C
8-NS,241,2437,0,0,0,2437,A
8-NS,242,0,2419,0,0,2419,T
8-NS,243,0,1,2503,0,2504,G
8-NS,244,1,0,2528,0,2529,G
8-NS,245,0,2522,0,2,2524,T
8-NS,246,0,1,0,2640,2641,C
8-NS,247,0,2613,0,2,2615,T
8-NS,248,1,0,0,2648,2649,C
8-NS,249,1,1,0,2658,2660,C
8-NS,250,2653,0,3,0,2656,A
8-NS,251,0,0,0,2685,2685,C
8-NS,252,2621,1,2,0,2624,A
8-NS,253,0,1,0,2655,2656,C
8-NS,254,1,0,0,2618,2619,C
8-NS,255,0,2506,0,2,2508,T
8-NS,256,1,0,2523,0,2524,G
8-NS,257,2,0,0,2499,2501,C
8-NS,258,0,2482,0,0,2482,T
8-NS,259,0,2502,0,0,2502,T
8-NS,260,0,1,0,2504,2505,C
8-NS,261,0,1,2504,0,2505,G
8-NS,262,0,1,0,2507,2508,C
8-NS,263,1,5,2495,0,2501,G
8-NS,264,2615,1,0,0,2616,A
8-NS,265,0,2612,0,1,2613,T
8-NS,266,2685,1,1,0,2687,A
8-NS,267,0,1,0,2702,2703,C
8-NS,268,2682,0,1,0,2683,A
8-NS,269,0,2753,0,0,2753,T
8-NS,270,2739,0,1,0,2740,A
8-NS,271,2744,0,3,0,2747,A
8-NS,272,0,0,0,2752,2752,C
8-NS,273,0,2679,0,1,2680,T
8-NS,274,1,2,2727,0,2730,G
8-NS,275,2682,0,2,0,2684,A
8-NS,276,0,0,0,2706,2706,C
8-NS,277,2700,0,4,0,2704,A
8-NS,278,0,2684,0,0,2684,T
8-NS,279,0,5,2687,0,2692,G
8-NS,280,2666,2,5,0,2673,A
8-NS,281,0,0,0,2766,2766,C
8-NS,282,0,2759,0,1,2760,T
8-NS,283,2781,1,0,0,2782,A
8-NS,284,0,2763,0,2,2765,T
8-NS,285,0,2755,0,1,2756,T
8-NS,286,0,2,2767,0,2769,G
8-NS,287,2759,0,1,1,2761,A
8-NS,288,0,1,2753,0,2754,G
8-NS,289,1,0,2736,0,2737,G
8-NS,290,2683,0,0,0,2683,A
8-NS,291,2701,0,0,0,2701,A
8-NS,292,0,2668,0,2,2670,T
8-NS,293,0,2675,0,0,2675,T
8-NS,294,0,0,2710,0,2710,G
8-NS,295,0,2695,0,3,2698,T
8-NS,296,3,0,0,2712,2715,C
8-NS,297,2706,0,2,0,2708,A
8-NS,298,2705,0,2,0,2707,A
8-NS,299,0,3,2706,0,2709,G
8-NS,300,2716,0,1,0,2717,A
8-NS,301,2709,0,0,0,2709,A
8-NS,302,2710,0,1,0,2711,A
8-NS,303,1,0,0,2708,2709,C
8-NS,304,0,2674,0,3,2677,T
8-NS,305,0,4,2719,0,2723,G
8-NS,306,0,0,2749,1,2750,G
8-NS,307,0,2744,0,0,2744,T
8-NS,308,1,2743,0,2,2746,T
8-NS,309,3,1,0,2721,2725,C
8-NS,310,2743,0,2,0,2745,A
8-NS,311,1,2772,0,0,2773,T
8-NS,312,1,0,2792,0,2793,G
8-NS,313,0,0,0,2789,2789,C
8-NS,314,0,2782,0,3,2785,T
8-NS,315,2753,0,1,0,2754,A
8-NS,316,2765,0,0,0,2765,A
8-NS,317,1,2786,0,1,2788,T
8-NS,318,0,0,2788,0,2788,G
8-NS,319,0,3,0,2778,2781,C
8-NS,320,2,0,0,2745,2747,C
8-NS,321,1,0,0,2753,2754,C
8-NS,322,2748,0,0,0,2748,A
8-NS,323,2769,0,2,0,2771,A
8-NS,324,0,0,2780,0,2780,G
8-NS,325,0,1,0,2775,2776,C
8-NS,326,2768,0,0,0,2768,A
8-NS,327,1,1,2778,0,2780,G
8-NS,328,2773,0,1,0,2774,A
8-NS,329,2779,0,2,0,2781,A
8-NS,330,2783,0,0,0,2783,A
8-NS,331,0,0,2817,0,2817,G
8-NS,332,0,2785,0,0,2785,T
8-NS,333,3,1,2790,0,2794,G
8-NS,334,0,2,2794,0,2796,G
8-NS,335,2790,0,7,0,2797,A
8-NS,336,2780,0,3,0,2783,A
8-NS,337,0,5,2773,0,2778,G
8-NS,338,0,4,2788,0,2792,G
8-NS,339,2779,0,1,0,2780,A
8-NS,340,0,2,0,2780,2782,C
8-NS,341,0,0,0,2769,2769,C
8-NS,342,0,2775,0,1,2776,T
8-NS,343,3,0,0,2807,2810,C
8-NS,344,0,2820,0,1,2821,T
8-NS,345,0,2831,0,0,2831,T
8-NS,346,0,2834,0,1,2835,T
8-NS,347,0,0,2823,0,2823,G
8-NS,348,0,1,0,2865,2866,C
8-NS,349,2855,0,2,0,2857,A
8-NS,350,1,2840,0,0,2841,T
8-NS,351,4,0,0,2851,2855,C
8-NS,352,2888,0,0,0,2888,A
8-NS,353,0,1,2976,0,2977,G
8-NS,354,2967,0,2,0,2969,A
8-NS,355,2976,0,0,0,2976,A
8-NS,356,0,2969,0,0,2969,T
8-NS,357,0,4,2956,0,2960,G
8-NS,358,12,2,2962,0,2976,G
8-NS,359,2964,1,1,0,2966,A
8-NS,360,1,1,0,2955,2957,C
8-NS,361,2,0,0,2900,2902,C
8-NS,362,2872,0,2,1,2875,A
8-NS,363,1,2,2884,0,2887,G
8-NS,364,1,0,2888,0,2889,G
8-NS,365,2,1,0,2897,2900,C
8-NS,366,2880,0,0,0,2880,A
8-NS,367,2884,0,2,0,2886,A
8-NS,368,0,2878,0,0,2878,T
8-NS,369,1,1,0,2875,2877,C
8-NS,370,2880,0,3,0,2883,A
8-NS,371,0,2867,0,1,2868,T
8-NS,372,3,1,2830,0,2834,G
8-NS,373,0,2,2844,0,2846,G
8-NS,374,2828,0,2,0,2830,A
8-NS,375,0,4,2847,0,2851,G
8-NS,376,2813,0,0,0,2813,A
8-NS,377,2807,0,1,0,2808,A
8-NS,378,2816,0,2,1,2819,A
8-NS,379,2811,0,1,0,2812,A
8-NS,380,2820,1,3,2,2826,A
8-NS,381,1,1,0,2841,2843,C
8-NS,382,2822,0,0,0,2822,A
8-NS,383,0,2811,0,0,2811,T
8-NS,384,3,0,0,2810,2813,C
8-NS,385,2803,0,5,0,2808,A
8-NS,386,0,2819,0,0,2819,T
8-NS,387,1,0,2828,0,2829,G
8-NS,388,0,2819,0,0,2819,T
8-NS,389,0,2798,0,0,2798,T
8-NS,390,0,1,2793,0,2794,G
8-NS,391,2780,0,2,0,2782,A
8-NS,392,2782,0,1,0,2783,A
8-NS,393,2779,0,3,0,2782,A
8-NS,394,0,0,2793,0,2793,G
8-NS,395,1,1,0,2776,2778,C
8-NS,396,0,2,2779,0,2781,G
8-NS,397,2789,0,1,0,2790,A
8-NS,398,2786,0,1,0,2787,A
8-NS,399,0,2766,1,0,2767,T
8-NS,400,0,2780,0,1,2781,T
8-NS,401,0,2784,0,1,2785,T
8-NS,402,1,1,0,2793,2795,C
8-NS,403,2767,0,0,0,2767,A
8-NS,404,0,0,2782,0,2782,G
8-NS,405,0,2766,0,2,2768,T
8-NS,406,0,1,2763,0,2764,G
8-NS,407,0,2755,0,0,2755,T
8-NS,408,1,1,2767,0,2769,G
8-NS,409,2777,0,0,0,2777,A
8-NS,410,0,2759,0,0,2759,T
8-NS,411,0,2773,0,0,2773,T
8-NS,412,0,2766,2,2,2770,T
8-NS,413,0,2763,0,1,2764,T
8-NS,414,0,2765,1,1,2767,T
8-NS,415,0,3,2764,0,2767,G
8-NS,416,2748,0,2,0,2750,A
8-NS,417,0,2705,0,1,2706,T
8-NS,418,7,1,0,2731,2739,C
8-NS,419,4,1,2748,0,2753,G
8-NS,420,2941,0,0,0,2941,A
8-NS,421,0,0,0,2989,2989,C
8-NS,422,0,2990,0,2,2992,T
8-NS,423,3009,0,1,0,3010,A
8-NS,424,0,1,3004,0,3005,G
8-NS,425,3008,0,5,0,3013,A
8-NS,426,0,1,3035,0,3036,G
8-NS,427,3019,0,0,0,3019,A
8-NS,428,0,0,0,3094,3094,C
8-NS,429,2,0,0,2933,2935,C
8-NS,430,2876,0,2,0,2878,A
8-NS,431,0,3047,0,0,3047,T
8-NS,432,3031,0,1,0,3032,A
8-NS,433,1,0,3207,0,3208,G
8-NS,434,0,3180,0,1,3181,T
8-NS,435,3168,0,1,0,3169,A
8-NS,436,0,3163,0,1,3164,T
8-NS,437,0,3078,0,0,3078,T
8-NS,438,3159,0,1,0,3160,A
8-NS,439,0,0,0,3164,3164,C
8-NS,440,0,3017,0,1,3018,T
8-NS,441,3010,0,0,0,3010,A
8-NS,442,2730,0,1,0,2731,A
8-NS,443,0,1,2740,0,2741,G
8-NS,444,0,4,2730,0,2734,G
8-NS,445,1,1,2709,0,2711,G
8-NS,446,0,0,0,2674,2674,C
8-NS,447,1,2644,0,2,2647,T
8-NS,448,0,2635,0,2,2637,T
8-NS,449,0,2662,0,1,2663,T
8-NS,450,1,1,0,2656,2658,C
8-NS,451,2684,0,5,0,2689,A
8-NS,452,0,2,0,2699,2701,C
8-NS,453,2,2,0,2659,2663,C
8-NS,454,1,3,2669,0,2673,G
8-NS,455,2662,0,0,0,2662,A
8-NS,456,2668,0,1,0,2669,A
8-NS,457,0,0,2665,0,2665,G
8-NS,458,2636,1,2,0,2639,A
8-NS,459,1,0,2641,0,2642,G
8-NS,460,0,1,2596,0,2597,G
8-NS,461,0,3,2598,0,2601,G
8-NS,462,2585,1,4,0,2590,A
8-NS,463,0,1,2600,0,2601,G
8-NS,464,0,1,0,2597,2598,C
8-NS,465,2607,0,1,0,2608,A
8-NS,466,2605,2,0,0,2607,A
8-NS,467,0,2600,0,2,2602,T
8-NS,468,0,2601,0,0,2601,T
8-NS,469,0,1,2596,0,2597,G
8-NS,470,0,2561,1,1,2563,T
8-NS,471,0,2570,1,0,2571,T
8-NS,472,0,4,2557,0,2561,G
8-NS,473,2,0,2548,0,2550,G
8-NS,474,0,0,0,2535,2535,C
8-NS,475,0,1,2564,0,2565,G
8-NS,476,2565,0,0,0,2565,A
8-NS,477,2582,0,0,0,2582,A
8-NS,478,2575,0,0,0,2575,A
8-NS,479,0,2577,0,1,2578,T
8-NS,480,0,2569,0,0,2569,T
8-NS,481,0,2579,0,1,2580,T
8-NS,482,1,0,0,2577,2578,C
8-NS,483,2571,0,3,0,2574,A
8-NS,484,0,0,0,2587,2587,C
8-NS,485,2,2,0,2585,2589,C
8-NS,486,2579,0,0,0,2579,A
8-NS,487,0,2565,0,1,2566,T
8-NS,488,0,2549,0,1,2550,T
8-NS,489,1,1,2548,0,2550,G
8-NS,490,0,0,0,2541,2541,C
8-NS,491,1,0,0,2550,2551,C
8-NS,492,0,2560,0,2,2562,T
8-NS,493,0,2553,0,0,2553,T
8-NS,494,1,0,0,2564,2565,C
8-NS,495,0,2562,0,1,2563,T
8-NS,496,0,2573,0,1,2574,T
8-NS,497,0,2622,2,2,2626,T
8-NS,498,0,2603,0,2,2605,T
8-NS,499,1,1,0,2614,2616,C
8-NS,500,0,0,0,2614,2614,C
8-NS,501,2599,0,0,0,2599,A
8-NS,502,0,3,2630,0,2633,G
8-NS,503,0,0,2628,0,2628,G
8-NS,504,2674,0,0,0,2674,A
8-NS,505,0,0,0,2670,2670,C
8-NS,506,2695,0,1,2,2698,A
8-NS,507,0,2701,0,2,2703,T
8-NS,508,2715,2,3,0,2720,A
8-NS,509,3,1,0,2881,2885,C
8-NS,510,1,2883,0,2,2886,T
8-NS,511,2857,0,0,0,2857,A
8-NS,512,0,2830,0,3,2833,T
8-NS,513,0,2729,0,0,2729,T
8-NS,514,0,1,2723,0,2724,G
8-NS,515,2641,0,5,1,2647,A
8-NS,516,0,0,2646,0,2646,G
8-NS,517,0,2,2627,0,2629,G
8-NS,518,2413,0,0,0,2413,A
8-NS,519,0,2420,0,0,2420,T
8-NS,520,0,0,2405,0,2405,G
8-NS,521,0,2376,0,2,2378,T
8-NS,522,2,2,0,2382,2386,C
8-NS,523,2399,0,1,1,2401,A
8-NS,524,2405,1,0,1,2407,A
8-NS,525,2401,0,0,1,2402,A
8-NS,526,2384,0,0,0,2384,A
8-NS,527,2410,0,0,0,2410,A
8-NS,528,0,2397,0,0,2397,T
8-NS,529,1,0,2388,0,2389,G
8-NS,530,0,1,0,2401,2402,C
8-NS,531,2405,0,0,0,2405,A
8-NS,532,2406,0,0,1,2407,A
8-NS,533,0,2410,0,0,2410,T
8-NS,534,0,2410,0,0,2410,T
8-NS,535,0,3,2393,0,2396,G
8-NS,536,0,3,2384,0,2387,G
8-NS,537,0,1,2379,0,2380,G
8-NS,538,1,1,2412,0,2414,G
8-NS,539,0,2372,0,3,2375,T
8-NS,540,2,1,0,2390,2393,C
8-NS,541,3,2,0,2385,2390,C
8-NS,542,1,2383,0,3,2387,T
8-NS,543,2,0,0,2409,2411,C
8-NS,544,2402,2,1,0,2405,A
8-NS,545,0,2395,1,0,2396,T
8-NS,546,1,2,0,2410,2413,C
8-NS,547,0,0,2395,0,2395,G
8-NS,548,1,2,2388,0,2391,G
8-NS,549,2354,0,1,0,2355,A
8-NS,550,0,1,2365,0,2366,G
8-NS,551,0,1,2358,0,2359,G
8-NS,552,2327,0,2,0,2329,A
8-NS,553,0,0,0,2355,2355,C
8-NS,554,0,2351,0,3,2354,T
8-NS,555,0,2359,1,1,2361,T
8-NS,556,0,1,2375,0,2376,G
8-NS,557,2361,0,1,0,2362,A
8-NS,558,2359,1,1,0,2361,A
8-NS,559,0,2366,0,1,2367,T
8-NS,560,0,2,2328,0,2330,G
8-NS,561,2,2,2345,0,2349,G
8-NS,562,2310,0,0,0,2310,A
8-NS,563,2340,0,2,0,2342,A
8-NS,564,0,2445,0,0,2445,T
8-NS,565,1,2,2452,0,2455,G
8-NS,566,2457,0,1,0,2458,A
8-NS,567,0,2463,0,0,2463,T
8-NS,568,2464,0,4,0,2468,A
8-NS,569,2475,1,1,0,2477,A
8-NS,570,0,1,0,2424,2425,C
8-NS,571,2397,0,1,0,2398,A
8-NS,572,0,0,0,2412,2412,C
8-NS,573,2207,0,1,0,2208,A
8-NS,574,0,0,2260,0,2260,G
8-NS,575,0,2246,0,1,2247,T
8-NS,576,0,2229,0,1,2230,T
8-NS,577,4,0,0,2239,2243,C
8-NS,578,0,1,2225,0,2226,G
8-NS,579,2132,0,85,0,2217,A
8-NS,580,0,0,2223,0,2223,G
8-NS,581,0,2200,0,1,2201,T
8-NS,582,2,0,0,2211,2213,C
8-NS,583,0,2140,0,4,2144,T
8-NS,584,0,1,0,2160,2161,C
8-NS,585,0,2165,0,2,2167,T
8-NS,586,2170,0,0,0,2170,A
8-NS,587,2167,0,0,0,2167,A
8-NS,588,2164,0,0,0,2164,A
8-NS,589,2183,0,0,0,2183,A
8-NS,590,2173,0,0,0,2173,A
8-NS,591,0,2154,0,0,2154,T
8-NS,592,0,0,0,2188,2188,C
8-NS,593,0,2165,0,0,2165,T
8-NS,594,2172,0,0,0,2172,A
8-NS,595,1,0,0,2167,2168,C
8-NS,596,2165,0,1,0,2166,A
8-NS,597,0,1,2169,0,2170,G
8-NS,598,2120,0,2,0,2122,A
8-NS,599,1,0,2128,0,2129,G
8-NS,600,2120,0,0,0,2120,A
8-NS,601,1,2091,0,1,2093,T
8-NS,602,0,2090,0,2,2092,T
8-NS,603,0,0,0,2112,2112,C
8-NS,604,2,1,2113,0,2116,G
8-NS,605,1,0,0,2111,2112,C
8-NS,606,0,2093,0,1,2094,T
8-NS,607,0,2111,0,1,2112,T
8-NS,608,0,0,2104,1,2105,G
8-NS,609,0,6,2108,0,2114,G
8-NS,610,2117,0,2,0,2119,A
8-NS,611,0,1,2118,0,2119,G
8-NS,612,2115,0,0,0,2115,A
8-NS,613,2089,0,3,0,2092,A
8-NS,614,1,1,2121,0,2123,G
8-NS,615,1,2,0,2122,2125,C
8-NS,616,2133,0,1,0,2134,A
8-NS,617,0,0,2156,0,2156,G
8-NS,618,0,2145,0,0,2145,T
8-NS,619,2153,0,0,0,2153,A
8-NS,620,2149,0,0,0,2149,A
8-NS,621,0,2146,0,1,2147,T
8-NS,622,0,3,2157,0,2160,G
8-NS,623,2087,0,2,0,2089,A
8-NS,624,1,1,2120,0,2122,G
8-NS,625,2112,0,0,0,2112,A
8-NS,626,2029,0,0,0,2029,A
8-NS,627,0,2006,2,1,2009,T
8-NS,628,1,3,1975,0,1979,G
8-NS,629,0,0,1989,0,1989,G
8-NS,630,0,1,1978,0,1979,G
8-NS,631,1,2,1964,0,1967,G
8-NS,632,0,1,1968,0,1969,G
8-NS,633,1906,0,4,0,1910,A
8-NS,634,1,0,0,1937,1938,C
8-NS,635,2,0,0,1931,1933,C
8-NS,636,1,1897,0,3,1901,T
8-NS,637,0,1,0,1914,1915,C
8-NS,638,0,1,0,1913,1914,C
8-NS,639,1930,0,1,0,1931,A
8-NS,640,0,0,0,1934,1934,C
8-NS,641,0,1882,2,0,1884,T
8-NS,642,0,1884,0,1,1885,T
8-NS,643,1832,0,0,0,1832,A
8-NS,644,0,0,0,1846,1846,C
8-NS,645,0,1825,0,3,1828,T
8-NS,646,4,0,0,1824,1828,C
8-NS,647,0,1,0,1812,1813,C
8-NS,648,1807,1,0,0,1808,A
8-NS,649,1812,0,0,0,1812,A
8-NS,650,1810,0,2,1,1813,A
8-NS,651,1810,0,0,0,1810,A
8-NS,652,0,0,0,1818,1818,C
8-NS,653,1781,0,0,0,1781,A
8-NS,654,0,0,1779,0,1779,G
8-NS,655,1782,0,0,0,1782,A
8-NS,656,1782,0,0,0,1782,A
8-NS,657,1776,0,0,0,1776,A
8-NS,658,0,0,0,1774,1774,C
8-NS,659,59,0,1720,0,1779,G
8-NS,660,1,1,1778,0,1780,G
8-NS,661,0,3,1785,0,1788,G
8-NS,662,1795,0,0,0,1795,A
8-NS,663,1779,0,0,0,1779,A
8-NS,664,1767,0,2,0,1769,A
8-NS,665,0,1754,0,0,1754,T
8-NS,666,0,1,1766,0,1767,G
8-NS,667,1,0,1758,0,1759,G
8-NS,668,1,1,0,1754,1756,C
8-NS,669,0,1,1765,0,1766,G
8-NS,670,1765,0,0,0,1765,A
8-NS,671,0,0,1774,0,1774,G
8-NS,672,1770,0,0,0,1770,A
8-NS,673,1770,0,0,0,1770,A
8-NS,674,0,1,0,1772,1773,C
8-NS,675,1744,0,2,0,1746,A
8-NS,676,0,0,1732,0,1732,G
8-NS,677,0,0,0,1721,1721,C
8-NS,678,0,1738,0,2,1740,T
8-NS,679,1741,0,0,0,1741,A
8-NS,680,0,2,1722,0,1724,G
8-NS,681,1,0,1726,0,1727,G
8-NS,682,0,1702,1,2,1705,T
8-NS,683,5,0,0,1686,1691,C
8-NS,684,1699,0,2,0,1701,A
8-NS,685,1698,0,0,0,1698,A
8-NS,686,1694,1,0,0,1695,A
8-NS,687,1694,0,0,0,1694,A
8-NS,688,0,0,1690,0,1690,G
8-NS,689,0,1649,0,2,1651,T
8-NS,690,0,1643,1,0,1644,T
8-NS,691,0,1650,0,0,1650,T
8-NS,692,0,1,1653,0,1654,G
8-NS,693,1654,0,3,0,1657,A
8-NS,694,1658,0,2,0,1660,A
8-NS,695,0,1,1651,0,1652,G
8-NS,696,1642,1,1,0,1644,A
8-NS,697,1630,0,1,0,1631,A
8-NS,698,1646,0,1,0,1647,A
8-NS,699,1,1644,0,0,1645,T
8-NS,700,1649,0,0,0,1649,A
8-NS,701,1642,0,0,0,1642,A
8-NS,702,1,2,1634,0,1637,G
8-NS,703,1564,0,1,0,1565,A
8-NS,704,0,1547,0,0,1547,T
8-NS,705,0,3,1558,0,1561,G
8-NS,706,0,0,1561,0,1561,G
8-NS,707,0,0,1,1549,1550,C
8-NS,708,1,1558,0,0,1559,T
8-NS,709,1563,0,0,0,1563,A
8-NS,710,1565,0,0,0,1565,A
8-NS,711,0,1569,0,0,1569,T
8-NS,712,0,1564,0,0,1564,T
8-NS,713,1,0,1567,0,1568,G
8-NS,714,1540,0,0,0,1540,A
8-NS,715,1539,0,0,1,1540,A
8-NS,716,0,0,1538,0,1538,G
8-NS,717,1541,0,1,0,1542,A
8-NS,718,1515,0,1,0,1516,A
8-NS,719,0,0,1531,0,1531,G
8-NS,720,0,1493,0,0,1493,T
8-NS,721,0,2,1498,0,1500,G
8-NS,722,1483,0,1,0,1484,A
8-NS,723,0,3,1473,0,1476,G
8-NS,724,1483,1,2,0,1486,A
8-NS,725,0,0,0,1473,1473,C
8-NS,726,1462,0,2,0,1464,A
8-NS,727,0,1,0,1463,1464,C
8-NS,728,1359,0,0,0,1359,A
8-NS,729,1,0,1387,0,1388,G
8-NS,730,1378,0,1,0,1379,A
8-NS,731,0,1354,0,2,1356,T
8-NS,732,0,1353,0,6,1359,T
8-NS,733,1362,0,0,0,1362,A
8-NS,734,1358,0,0,0,1358,A
8-NS,735,1356,0,0,0,1356,A
8-NS,736,1349,0,0,0,1349,A
8-NS,737,1349,0,0,0,1349,A
8-NS,738,0,7,0,1293,1300,C
8-NS,739,1214,0,0,0,1214,A
8-NS,740,1220,0,0,0,1220,A
8-NS,741,0,0,0,1222,1222,C
8-NS,742,0,1213,0,0,1213,T
8-NS,743,0,1,1226,0,1227,G
8-NS,744,1221,0,1,0,1222,A
8-NS,745,1235,0,0,0,1235,A
8-NS,746,1227,0,0,0,1227,A
8-NS,747,1214,0,0,0,1214,A
8-NS,748,0,1207,0,0,1207,T
8-NS,749,1178,0,0,1,1179,A
8-NS,750,1,0,1180,0,1181,G
8-NS,751,1,0,0,1180,1181,C
8-NS,752,0,1158,0,0,1158,T
8-NS,753,0,1168,0,0,1168,T
8-NS,754,1,1152,0,0,1153,T
8-NS,755,0,2,1154,2,1158,G
8-NS,756,1155,0,1,0,1156,A
8-NS,757,1156,0,2,0,1158,A
8-NS,758,1,0,0,1158,1159,C
8-NS,759,1128,0,0,0,1128,A
8-NS,760,1136,0,0,0,1136,A
8-NS,761,1136,0,0,0,1136,A
8-NS,762,0,1134,0,0,1134,T
8-NS,763,1133,0,0,0,1133,A
8-NS,764,1104,0,0,0,1104,A
8-NS,765,0,1,0,1108,1109,C
8-NS,766,1109,0,2,0,1111,A
8-NS,767,0,1085,0,1,1086,T
8-NS,768,0,1060,0,0,1060,T
8-NS,769,2,1,0,1052,1055,C
8-NS,770,1040,0,0,0,1040,A
8-NS,771,0,1026,0,2,1028,T
8-NS,772,0,0,1025,0,1025,G
8-NS,773,0,0,0,1011,1011,C
8-NS,774,1006,0,0,0,1006,A
8-NS,775,999,0,1,0,1000,A
8-NS,776,0,0,1001,0,1001,G
8-NS,777,0,0,0,1005,1005,C
8-NS,778,992,0,0,0,992,A
8-NS,779,1,978,0,0,979,T
8-NS,780,0,981,0,0,981,T
8-NS,781,983,0,0,0,983,A
8-NS,782,0,0,0,989,989,C
8-NS,783,958,0,0,0,958,A
8-NS,784,1,0,848,0,849,G
8-NS,785,0,0,0,848,848,C
8-NS,786,0,849,0,0,849,T
8-NS,787,0,0,848,0,848,G
8-NS,788,0,0,0,832,832,C
8-NS,789,0,822,0,0,822,T
8-NS,790,0,0,826,0,826,G
8-NS,791,0,811,0,1,812,T
8-NS,792,0,809,0,2,811,T
8-NS,793,0,809,0,0,809,T
8-NS,794,0,0,802,0,802,G
8-NS,795,803,0,2,0,805,A
8-NS,796,790,0,0,0,790,A
8-NS,797,0,0,786,0,786,G
8-NS,798,0,774,0,2,776,T
8-NS,799,1,0,730,0,731,G
8-NS,800,0,0,735,0,735,G
8-NS,801,735,0,0,0,735,A
8-NS,802,736,0,2,0,738,A
8-NS,803,0,0,0,732,732,C
8-NS,804,705,0,3,0,708,A
8-NS,805,0,0,707,0,707,G
8-NS,806,0,0,693,0,693,G
8-NS,807,675,0,1,0,676,A
8-NS,808,0,1,671,0,672,G
8-NS,809,553,0,0,0,553,A
8-NS,810,0,544,0,0,544,T
8-NS,811,545,0,0,0,545,A
8-NS,812,538,0,0,0,538,A
8-NS,813,0,1,541,0,542,G
8-NS,814,470,0,0,0,470,A
8-NS,815,466,0,1,0,467,A
8-NS,816,0,0,0,465,465,C
8-NS,817,0,404,0,0,404,T
8-NS,818,0,407,0,0,407,T
8-NS,819,0,404,0,0,404,T
8-NS,820,1,1,0,402,404,C
8-NS,821,0,401,0,0,401,T
8-NS,822,2,0,0,393,395,C
8-NS,823,384,0,0,0,384,A
8-NS,824,0,382,0,0,382,T
8-NS,825,0,373,0,0,373,T
8-NS,826,1,366,0,0,367,T
8-NS,827,0,0,0,367,367,C
8-NS,828,356,1,1,0,358,A
8-NS,829,1,1,353,0,355,G
8-NS,830,0,0,0,356,356,C
8-NS,831,0,332,0,1,333,T
8-NS,832,0,334,0,0,334,T
8-NS,833,322,0,0,0,322,A
8-NS,834,0,317,0,0,317,T
8-NS,835,0,319,0,0,319,T
8-NS,836,0,313,0,0,313,T
8-NS,837,299,0,0,0,299,A
8-NS,838,291,1,0,0,292,A
8-NS,839,0,282,0,0,282,T
8-NS,840,0,0,275,0,275,G
8-NS,841,258,0,0,0,258,A
8-NS,842,0,238,1,0,239,T
8-NS,843,235,0,0,0,235,A
8-NS,844,235,0,1,0,236,A
8-NS,845,236,0,0,0,236,A
8-NS,846,232,0,0,0,232,A
8-NS,847,232,0,0,0,232,A
8-NS,848,229,0,0,0,229,A
8-NS,849,0,0,0,223,223,C
8-NS,850,169,0,0,0,169,A
8-NS,851,0,0,0,176,176,C
8-NS,852,0,0,0,168,168,C
8-NS,853,0,0,0,162,162,C
8-NS,854,0,148,0,0,148,T
8-NS,855,0,138,0,0,138,T
8-NS,856,0,0,140,0,140,G
8-NS,857,0,138,0,0,138,T
8-NS,858,0,134,0,0,134,T
8-NS,859,0,134,0,0,134,T
8-NS,860,0,0,0,51,51,C
8-NS,861,0,32,0,0,32,T
8-NS,862,27,0,0,0,27,A
8-NS,863,0,0,0,27,27,C
