Gene,Position,A,T,G,C,Coverage,Consensus
1-PB2,1,227,0,0,0,227,A
1-PB2,2,0,230,0,0,230,T
1-PB2,3,0,0,238,0,238,G
1-PB2,4,0,0,240,0,240,G
1-PB2,5,239,0,0,0,239,A
1-PB2,6,235,0,0,0,235,A
1-PB2,7,241,0,0,0,241,A
1-PB2,8,0,0,288,0,288,G
1-PB2,9,286,0,0,0,286,A
1-PB2,10,287,0,1,0,288,A
1-PB2,11,0,300,0,0,300,T
1-PB2,12,301,0,0,0,301,A
1-PB2,13,299,0,0,0,299,A
1-PB2,14,302,0,0,0,302,A
1-PB2,15,300,0,0,0,300,A
1-PB2,16,0,1,313,0,314,G
1-PB2,17,312,0,0,0,312,A
1-PB2,18,317,0,0,0,317,A
1-PB2,19,0,0,0,327,327,C
1-PB2,20,0,327,0,0,327,T
1-PB2,21,338,0,1,0,339,A
1-PB2,22,0,0,0,340,340,C
1-PB2,23,0,0,340,0,340,G
1-PB2,24,0,1,342,0,343,G
1-PB2,25,350,0,0,0,350,A
1-PB2,26,369,0,0,0,369,A
1-PB2,27,0,363,0,0,363,T
1-PB2,28,0,0,0,370,370,C
1-PB2,29,0,372,0,1,373,T
1-PB2,30,1,1,372,0,374,G
1-PB2,31,378,0,0,0,378,A
1-PB2,32,0,377,0,0,377,T
1-PB2,33,1,0,374,0,375,G
1-PB2,34,0,378,0,0,378,T
1-PB2,35,0,0,0,378,378,C
1-PB2,36,0,1,375,0,376,G
1-PB2,37,0,0,0,376,376,C
1-PB2,38,377,0,0,0,377,A
1-PB2,39,0,0,401,0,401,G
1-PB2,40,0,399,0,0,399,T
1-PB2,41,0,0,0,406,406,C
1-PB2,42,0,401,0,1,402,T
1-PB2,43,1,0,0,402,403,C
1-PB2,44,0,0,403,0,403,G
1-PB2,45,0,0,1,407,408,C
1-PB2,46,405,0,0,0,405,A
1-PB2,47,0,0,0,414,414,C
1-PB2,48,0,410,0,1,411,T
1-PB2,49,0,0,0,422,422,C
1-PB2,50,0,0,425,0,425,G
1-PB2,51,0,0,0,424,424,C
1-PB2,52,0,0,426,0,426,G
1-PB2,53,418,0,2,0,420,A
1-PB2,54,0,0,429,0,429,G
1-PB2,55,434,0,1,0,435,A
1-PB2,56,0,432,0,0,432,T
1-PB2,57,436,0,0,0,436,A
1-PB2,58,0,0,0,435,435,C
1-PB2,59,0,434,0,0,434,T
1-PB2,60,0,0,442,0,442,G
1-PB2,61,440,0,0,0,440,A
1-PB2,62,1,0,0,443,444,C
1-PB2,63,443,1,0,0,444,A
1-PB2,64,441,0,0,0,441,A
1-PB2,65,441,0,0,0,441,A
1-PB2,66,449,0,0,0,449,A
1-PB2,67,444,0,1,0,445,A
1-PB2,68,1,0,0,453,454,C
1-PB2,69,0,0,0,452,452,C
1-PB2,70,461,0,0,0,461,A
1-PB2,71,0,0,0,470,470,C
1-PB2,72,468,0,0,0,468,A
1-PB2,73,0,0,479,0,479,G
1-PB2,74,1,469,0,1,471,T
1-PB2,75,0,0,493,0,493,G
1-PB2,76,0,0,493,0,493,G
1-PB2,77,494,0,1,0,495,A
1-PB2,78,0,0,0,513,513,C
1-PB2,79,0,0,0,516,516,C
1-PB2,80,524,0,0,0,524,A
1-PB2,81,0,523,0,0,523,T
1-PB2,82,523,0,1,0,524,A
1-PB2,83,0,523,0,0,523,T
1-PB2,84,0,0,521,0,521,G
1-PB2,85,0,1,522,0,523,G
1-PB2,86,0,0,0,526,526,C
1-PB2,87,0,0,0,521,521,C
1-PB2,88,527,1,0,0,528,A
1-PB2,89,0,552,0,0,552,T
1-PB2,90,558,0,0,0,558,A
1-PB2,91,572,0,0,0,572,A
1-PB2,92,0,574,0,0,574,T
1-PB2,93,0,569,0,1,570,T
1-PB2,94,576,0,0,0,576,A
1-PB2,95,574,0,0,0,574,A
1-PB2,96,0,0,597,0,597,G
1-PB2,97,591,0,1,0,592,A
1-PB2,98,571,0,0,0,571,A
1-PB2,99,0,0,591,0,591,G
1-PB2,100,0,578,0,0,578,T
1-PB2,101,590,0,0,0,590,A
1-PB2,102,1,0,0,588,589,C
1-PB2,103,586,0,1,0,587,A
1-PB2,104,0,0,0,602,602,C
1-PB2,105,596,0,0,1,597,A
1-PB2,106,0,596,0,0,596,T
1-PB2,107,0,0,0,598,598,C
1-PB2,108,0,0,588,0,588,G
1-PB2,109,0,0,583,0,583,G
1-PB2,110,0,0,585,0,585,G
1-PB2,111,0,0,588,0,588,G
1-PB2,112,584,0,0,0,584,A
1-PB2,113,0,0,594,0,594,G
1-PB2,114,593,0,1,0,594,A
1-PB2,115,1,0,0,593,594,C
1-PB2,116,591,0,0,0,591,A
1-PB2,117,0,0,603,0,603,G
1-PB2,118,0,0,611,0,611,G
1-PB2,119,612,0,0,0,612,A
1-PB2,120,614,0,0,0,614,A
1-PB2,121,613,0,0,0,613,A
1-PB2,122,607,0,0,0,607,A
1-PB2,123,0,2,609,0,611,G
1-PB2,124,609,0,0,0,609,A
1-PB2,125,615,0,1,0,616,A
1-PB2,126,1,0,0,610,611,C
1-PB2,127,1,0,0,600,601,C
1-PB2,128,0,0,0,608,608,C
1-PB2,129,0,0,605,0,605,G
1-PB2,130,0,603,0,0,603,T
1-PB2,131,2,0,0,611,613,C
1-PB2,132,615,0,0,0,615,A
1-PB2,133,0,0,0,623,623,C
1-PB2,134,2,620,0,0,622,T
1-PB2,135,0,620,0,0,620,T
1-PB2,136,620,0,0,0,620,A
1-PB2,137,0,2,621,0,623,G
1-PB2,138,2,1,625,0,628,G
1-PB2,139,622,0,1,0,623,A
1-PB2,140,0,621,0,0,621,T
1-PB2,141,0,0,623,0,623,G
1-PB2,142,627,0,0,0,627,A
1-PB2,143,629,0,0,0,629,A
1-PB2,144,632,0,2,0,634,A
1-PB2,145,0,629,0,0,629,T
1-PB2,146,0,0,631,0,631,G
1-PB2,147,0,0,630,0,630,G
1-PB2,148,625,0,2,0,627,A
1-PB2,149,0,635,0,1,636,T
1-PB2,150,0,0,625,0,625,G
1-PB2,151,614,0,0,0,614,A
1-PB2,152,0,620,0,0,620,T
1-PB2,153,1,0,623,0,624,G
1-PB2,154,0,0,624,0,624,G
1-PB2,155,0,0,0,622,622,C
1-PB2,156,622,0,0,0,622,A
1-PB2,157,625,0,0,0,625,A
1-PB2,158,0,628,0,0,628,T
1-PB2,159,0,0,654,0,654,G
1-PB2,160,653,0,0,0,653,A
1-PB2,161,653,0,0,0,653,A
1-PB2,162,650,0,1,0,651,A
1-PB2,163,0,654,0,0,654,T
1-PB2,164,656,0,0,0,656,A
1-PB2,165,0,1,0,664,665,C
1-PB2,166,1,0,0,663,664,C
1-PB2,167,0,0,0,665,665,C
1-PB2,168,662,0,0,0,662,A
1-PB2,169,662,0,0,0,662,A
1-PB2,170,0,661,0,0,661,T
1-PB2,171,0,0,0,662,662,C
1-PB2,172,658,0,0,0,658,A
1-PB2,173,1,0,0,674,675,C
1-PB2,174,0,663,0,1,664,T
1-PB2,175,0,0,662,0,662,G
1-PB2,176,0,0,0,665,665,C
1-PB2,177,0,662,0,1,663,T
1-PB2,178,0,0,672,0,672,G
1-PB2,179,660,0,1,0,661,A
1-PB2,180,0,0,0,669,669,C
1-PB2,181,676,0,0,0,676,A
1-PB2,182,656,0,1,0,657,A
1-PB2,183,658,0,1,0,659,A
1-PB2,184,663,0,0,0,663,A
1-PB2,185,0,1,669,0,670,G
1-PB2,186,0,0,670,0,670,G
1-PB2,187,665,0,0,0,665,A
1-PB2,188,0,672,0,0,672,T
1-PB2,189,660,0,1,0,661,A
1-PB2,190,667,0,0,0,667,A
1-PB2,191,1,0,0,671,672,C
1-PB2,192,670,0,0,0,670,A
1-PB2,193,0,0,673,0,673,G
1-PB2,194,658,0,1,0,659,A
1-PB2,195,663,0,0,0,663,A
1-PB2,196,663,0,0,0,663,A
1-PB2,197,0,661,0,0,661,T
1-PB2,198,0,1,658,0,659,G
1-PB2,199,645,0,0,0,645,A
1-PB2,200,0,658,0,1,659,T
1-PB2,201,0,654,0,0,654,T
1-PB2,202,1,0,0,653,654,C
1-PB2,203,1,0,0,656,657,C
1-PB2,204,656,0,0,0,656,A
1-PB2,205,0,0,661,0,661,G
1-PB2,206,661,0,0,0,661,A
1-PB2,207,0,0,662,0,662,G
1-PB2,208,659,0,0,0,659,A
1-PB2,209,0,0,671,0,671,G
1-PB2,210,674,0,3,0,677,A
1-PB2,211,679,0,0,0,679,A
1-PB2,212,677,1,0,0,678,A
1-PB2,213,0,676,0,0,676,T
1-PB2,214,1,1,680,0,682,G
1-PB2,215,685,0,0,0,685,A
1-PB2,216,682,0,1,0,683,A
1-PB2,217,0,1,0,681,682,C
1-PB2,218,672,0,0,0,672,A
1-PB2,219,667,1,2,0,670,A
1-PB2,220,0,0,678,0,678,G
1-PB2,221,0,1,679,0,680,G
1-PB2,222,682,0,0,1,683,A
1-PB2,223,0,0,0,683,683,C
1-PB2,224,672,0,0,1,673,A
1-PB2,225,680,0,0,0,680,A
1-PB2,226,703,0,1,0,704,A
1-PB2,227,1,0,0,716,717,C
1-PB2,228,0,705,0,2,707,T
1-PB2,229,0,0,0,709,709,C
1-PB2,230,0,702,0,0,702,T
1-PB2,231,703,0,0,1,704,A
1-PB2,232,0,703,0,0,703,T
1-PB2,233,0,0,706,0,706,G
1-PB2,234,0,2,717,0,719,G
1-PB2,235,679,0,0,0,679,A
1-PB2,236,0,1,689,0,690,G
1-PB2,237,0,686,0,0,686,T
1-PB2,238,687,0,0,0,687,A
1-PB2,239,682,0,0,0,682,A
1-PB2,240,680,0,0,0,680,A
1-PB2,241,681,0,0,1,682,A
1-PB2,242,0,674,0,1,675,T
1-PB2,243,1,1,673,0,675,G
1-PB2,244,667,0,0,0,667,A
1-PB2,245,1,0,671,0,672,G
1-PB2,246,0,660,0,1,661,T
1-PB2,247,0,1,663,0,664,G
1-PB2,248,686,0,0,0,686,A
1-PB2,249,0,694,0,0,694,T
1-PB2,250,0,0,693,0,693,G
1-PB2,251,0,0,0,684,684,C
1-PB2,252,0,691,0,0,691,T
1-PB2,253,0,0,722,0,722,G
1-PB2,254,0,0,718,0,718,G
1-PB2,255,727,0,1,0,728,A
1-PB2,256,0,724,0,0,724,T
1-PB2,257,1,0,0,729,730,C
1-PB2,258,727,0,0,0,727,A
1-PB2,259,0,0,746,0,746,G
1-PB2,260,753,0,0,0,753,A
1-PB2,261,0,751,0,0,751,T
1-PB2,262,734,0,1,0,735,A
1-PB2,263,0,0,747,0,747,G
1-PB2,264,741,0,1,0,742,A
1-PB2,265,0,0,751,0,751,G
1-PB2,266,0,730,0,0,730,T
1-PB2,267,0,0,735,0,735,G
1-PB2,268,712,0,1,0,713,A
1-PB2,269,0,713,0,0,713,T
1-PB2,270,0,0,731,0,731,G
1-PB2,271,0,0,741,0,741,G
1-PB2,272,0,731,0,0,731,T
1-PB2,273,737,0,0,0,737,A
1-PB2,274,0,721,0,4,725,T
1-PB2,275,0,1,0,724,725,C
1-PB2,276,725,0,0,0,725,A
1-PB2,277,1,2,0,754,757,C
1-PB2,278,0,0,0,757,757,C
1-PB2,279,0,737,0,0,737,T
1-PB2,280,0,730,0,0,730,T
1-PB2,281,0,731,0,0,731,T
1-PB2,282,0,0,740,0,740,G
1-PB2,283,0,0,741,0,741,G
1-PB2,284,1,0,0,745,746,C
1-PB2,285,0,737,0,0,737,T
1-PB2,286,0,0,742,0,742,G
1-PB2,287,0,745,0,0,745,T
1-PB2,288,750,0,0,0,750,A
1-PB2,289,749,0,0,0,749,A
1-PB2,290,0,0,0,754,754,C
1-PB2,291,737,0,0,0,737,A
1-PB2,292,0,734,0,0,734,T
1-PB2,293,0,0,727,0,727,G
1-PB2,294,0,0,742,0,742,G
1-PB2,295,0,731,0,0,731,T
1-PB2,296,1,0,737,0,738,G
1-PB2,297,0,1,744,0,745,G
1-PB2,298,747,0,0,0,747,A
1-PB2,299,747,0,0,0,747,A
1-PB2,300,0,750,0,0,750,T
1-PB2,301,758,0,0,0,758,A
1-PB2,302,0,0,775,0,775,G
1-PB2,303,773,0,0,0,773,A
1-PB2,304,773,0,0,0,773,A
1-PB2,305,771,0,0,0,771,A
1-PB2,306,0,747,1,0,748,T
1-PB2,307,1,1,742,0,744,G
1-PB2,308,0,0,741,0,741,G
1-PB2,309,738,0,1,0,739,A
1-PB2,310,0,0,0,750,750,C
1-PB2,311,1,0,0,740,741,C
1-PB2,312,2,0,0,733,735,C
1-PB2,313,1,0,741,0,742,G
1-PB2,314,0,743,0,0,743,T
1-PB2,315,0,1,757,0,758,G
1-PB2,316,759,0,0,0,759,A
1-PB2,317,1,0,0,763,764,C
1-PB2,318,764,0,0,0,764,A
1-PB2,319,761,0,1,0,762,A
1-PB2,320,1,0,789,0,790,G
1-PB2,321,1,778,0,0,779,T
1-PB2,322,786,0,1,0,787,A
1-PB2,323,0,1,0,784,785,C
1-PB2,324,1,0,764,0,765,G
1-PB2,325,1,0,790,0,791,G
1-PB2,326,0,778,0,1,779,T
1-PB2,327,0,0,0,790,790,C
1-PB2,328,1,1,0,789,791,C
1-PB2,329,780,0,0,0,780,A
1-PB2,330,0,785,0,0,785,T
1-PB2,331,0,785,0,0,785,T
1-PB2,332,824,0,0,0,824,A
1-PB2,333,0,0,0,826,826,C
1-PB2,334,0,0,0,808,808,C
1-PB2,335,2,0,0,808,810,C
1-PB2,336,805,0,1,0,806,A
1-PB2,337,804,0,0,0,804,A
1-PB2,338,809,1,0,0,810,A
1-PB2,339,797,0,2,0,799,A
1-PB2,340,1,0,811,0,812,G
1-PB2,341,0,765,0,0,765,T
1-PB2,342,0,0,781,0,781,G
1-PB2,343,0,781,0,0,781,T
1-PB2,344,781,0,0,0,781,A
1-PB2,345,0,0,0,784,784,C
1-PB2,346,779,0,0,0,779,A
1-PB2,347,779,0,0,0,779,A
1-PB2,348,0,0,788,0,788,G
1-PB2,349,777,1,1,0,779,A
1-PB2,350,1,0,0,783,784,C
1-PB2,351,0,778,0,1,779,T
1-PB2,352,0,791,0,0,791,T
1-PB2,353,791,0,0,0,791,A
1-PB2,354,0,789,0,0,789,T
1-PB2,355,0,794,0,0,794,T
1-PB2,356,0,785,0,0,785,T
1-PB2,357,0,1,0,782,783,C
1-PB2,358,0,1,782,0,783,G
1-PB2,359,777,0,3,0,780,A
1-PB2,360,1,0,0,780,781,C
1-PB2,361,778,0,0,0,778,A
1-PB2,362,774,0,1,0,775,A
1-PB2,363,774,0,1,0,775,A
1-PB2,364,1,0,781,0,782,G
1-PB2,365,0,779,0,0,779,T
1-PB2,366,1,0,0,782,783,C
1-PB2,367,0,0,789,0,789,G
1-PB2,368,782,0,0,0,782,A
1-PB2,369,789,0,0,0,789,A
1-PB2,370,782,0,1,0,783,A
1-PB2,371,1,1,812,0,814,G
1-PB2,372,0,0,824,0,824,G
1-PB2,373,0,813,0,0,813,T
1-PB2,374,0,812,0,0,812,T
1-PB2,375,816,0,0,0,816,A
1-PB2,376,816,0,1,0,817,A
1-PB2,377,816,0,1,0,817,A
1-PB2,378,831,0,1,0,832,A
1-PB2,379,2,0,0,837,839,C
1-PB2,380,826,0,1,0,827,A
1-PB2,381,0,813,0,0,813,T
1-PB2,382,0,0,820,0,820,G
1-PB2,383,0,0,811,0,811,G
1-PB2,384,817,0,1,0,818,A
1-PB2,385,817,0,0,0,817,A
1-PB2,386,0,0,0,837,837,C
1-PB2,387,1,1,0,844,846,C
1-PB2,388,0,842,0,0,842,T
1-PB2,389,1,838,0,1,840,T
1-PB2,390,0,845,0,0,845,T
1-PB2,391,0,0,845,0,845,G
1-PB2,392,0,1,845,0,846,G
1-PB2,393,0,1,0,846,847,C
1-PB2,394,0,1,0,838,839,C
1-PB2,395,0,1,0,828,829,C
1-PB2,396,0,806,1,2,809,T
1-PB2,397,1,1,817,0,819,G
1-PB2,398,0,816,0,1,817,T
1-PB2,399,0,819,1,2,822,T
1-PB2,400,3,0,0,821,824,C
1-PB2,401,814,0,0,0,814,A
1-PB2,402,0,814,0,0,814,T
1-PB2,403,0,817,0,0,817,T
1-PB2,404,0,818,0,0,818,T
1-PB2,405,0,817,0,1,818,T
1-PB2,406,806,0,0,0,806,A
1-PB2,407,1,0,805,0,806,G
1-PB2,408,803,0,0,0,803,A
1-PB2,409,807,0,0,0,807,A
1-PB2,410,806,0,0,0,806,A
1-PB2,411,0,793,0,0,793,T
1-PB2,412,2,0,0,801,803,C
1-PB2,413,802,0,0,0,802,A
1-PB2,414,806,0,0,0,806,A
1-PB2,415,0,0,809,0,809,G
1-PB2,416,0,805,0,0,805,T
1-PB2,417,3,0,0,805,808,C
1-PB2,418,817,0,0,0,817,A
1-PB2,419,821,0,3,0,824,A
1-PB2,420,0,1,825,0,826,G
1-PB2,421,829,0,0,0,829,A
1-PB2,422,0,817,0,1,818,T
1-PB2,423,827,0,0,0,827,A
1-PB2,424,0,1,0,827,828,C
1-PB2,425,1,0,823,0,824,G
1-PB2,426,1,0,0,831,832,C
1-PB2,427,822,0,0,0,822,A
1-PB2,428,0,0,831,0,831,G
1-PB2,429,829,0,0,0,829,A
1-PB2,430,827,0,0,0,827,A
1-PB2,431,0,0,844,0,844,G
1-PB2,432,820,0,0,0,820,A
1-PB2,433,2,0,831,0,833,G
1-PB2,434,0,819,0,1,820,T
1-PB2,435,824,0,1,0,825,A
1-PB2,436,0,1,829,0,830,G
1-PB2,437,830,0,2,0,832,A
1-PB2,438,0,0,0,860,860,C
1-PB2,439,855,0,0,0,855,A
1-PB2,440,0,836,0,0,836,T
1-PB2,441,836,0,0,0,836,A
1-PB2,442,833,0,2,0,835,A
1-PB2,443,842,0,0,0,842,A
1-PB2,444,0,2,0,844,846,C
1-PB2,445,2,0,0,830,832,C
1-PB2,446,0,0,0,823,823,C
1-PB2,447,1,791,0,0,792,T
1-PB2,448,0,2,795,0,797,G
1-PB2,449,0,0,803,0,803,G
1-PB2,450,0,801,0,1,802,T
1-PB2,451,0,0,0,809,809,C
1-PB2,452,820,0,0,0,820,A
1-PB2,453,0,814,0,2,816,T
1-PB2,454,0,1,825,0,826,G
1-PB2,455,0,0,0,824,824,C
1-PB2,456,820,0,0,0,820,A
1-PB2,457,0,1,826,0,827,G
1-PB2,458,804,0,1,0,805,A
1-PB2,459,0,0,0,826,826,C
1-PB2,460,1,0,0,822,823,C
1-PB2,461,0,803,0,0,803,T
1-PB2,462,1,0,0,814,815,C
1-PB2,463,813,0,0,0,813,A
1-PB2,464,1,0,818,0,819,G
1-PB2,465,0,816,0,1,817,T
1-PB2,466,1,1,806,0,808,G
1-PB2,467,1,0,0,806,807,C
1-PB2,468,0,0,0,805,805,C
1-PB2,469,802,0,0,1,803,A
1-PB2,470,802,0,0,0,802,A
1-PB2,471,798,0,0,0,798,A
1-PB2,472,0,0,798,0,798,G
1-PB2,473,771,0,2,0,773,A
1-PB2,474,0,0,781,0,781,G
1-PB2,475,0,0,773,0,773,G
1-PB2,476,0,0,0,772,772,C
1-PB2,477,769,0,2,0,771,A
1-PB2,478,0,1,0,777,778,C
1-PB2,479,781,0,1,0,782,A
1-PB2,480,787,0,1,0,788,A
1-PB2,481,0,0,798,0,798,G
1-PB2,482,815,0,1,0,816,A
1-PB2,483,0,808,0,0,808,T
1-PB2,484,0,0,811,0,811,G
1-PB2,485,0,811,0,0,811,T
1-PB2,486,814,0,1,0,815,A
1-PB2,487,820,0,0,0,820,A
1-PB2,488,0,820,0,0,820,T
1-PB2,489,0,777,0,0,777,T
1-PB2,490,769,1,0,0,770,A
1-PB2,491,0,745,0,0,745,T
1-PB2,492,0,1,741,0,742,G
1-PB2,493,0,2,741,0,743,G
1-PB2,494,733,0,0,0,733,A
1-PB2,495,726,0,1,0,727,A
1-PB2,496,0,0,728,0,728,G
1-PB2,497,0,718,0,0,718,T
1-PB2,498,0,714,0,0,714,T
1-PB2,499,0,1,721,0,722,G
1-PB2,500,0,720,0,0,720,T
1-PB2,501,1,721,0,0,722,T
1-PB2,502,0,722,0,0,722,T
1-PB2,503,0,721,0,0,721,T
1-PB2,504,0,723,0,2,725,T
1-PB2,505,0,0,0,724,724,C
1-PB2,506,0,0,0,726,726,C
1-PB2,507,0,0,0,738,738,C
1-PB2,508,725,0,0,0,725,A
1-PB2,509,729,0,0,0,729,A
1-PB2,510,0,730,0,0,730,T
1-PB2,511,0,0,732,0,732,G
1-PB2,512,733,0,0,0,733,A
1-PB2,513,725,0,0,0,725,A
1-PB2,514,0,1,735,0,736,G
1-PB2,515,0,729,0,0,729,T
1-PB2,516,0,0,724,0,724,G
1-PB2,517,0,0,716,1,717,G
1-PB2,518,0,1,708,0,709,G
1-PB2,519,716,0,3,0,719,A
1-PB2,520,0,0,722,0,722,G
1-PB2,521,0,0,0,722,722,C
1-PB2,522,0,0,0,722,722,C
1-PB2,523,719,0,1,0,720,A
1-PB2,524,0,0,742,0,742,G
1-PB2,525,0,0,744,0,744,G
1-PB2,526,748,0,0,0,748,A
1-PB2,527,0,749,0,0,749,T
1-PB2,528,750,0,0,0,750,A
1-PB2,529,1,1,0,748,750,C
1-PB2,530,0,747,0,1,748,T
1-PB2,531,748,0,0,0,748,A
1-PB2,532,739,1,0,0,740,A
1-PB2,533,0,1,0,751,752,C
1-PB2,534,734,0,0,0,734,A
1-PB2,535,0,717,0,1,718,T
1-PB2,536,1,1,0,714,716,C
1-PB2,537,702,0,1,0,703,A
1-PB2,538,0,0,721,0,721,G
1-PB2,539,716,0,0,0,716,A
1-PB2,540,713,0,0,0,713,A
1-PB2,541,0,710,0,0,710,T
1-PB2,542,0,0,0,706,706,C
1-PB2,543,700,0,1,0,701,A
1-PB2,544,0,0,0,728,728,C
1-PB2,545,725,0,0,0,725,A
1-PB2,546,729,0,0,0,729,A
1-PB2,547,0,717,0,0,717,T
1-PB2,548,0,718,0,0,718,T
1-PB2,549,718,0,0,0,718,A
1-PB2,550,727,0,0,1,728,A
1-PB2,551,0,0,0,735,735,C
1-PB2,552,729,0,0,0,729,A
1-PB2,553,716,0,0,0,716,A
1-PB2,554,0,727,0,0,727,T
1-PB2,555,722,0,0,0,722,A
1-PB2,556,723,0,1,0,724,A
1-PB2,557,0,0,0,731,731,C
1-PB2,558,0,730,0,0,730,T
1-PB2,559,717,0,0,0,717,A
1-PB2,560,704,1,1,0,706,A
1-PB2,561,705,0,4,0,709,A
1-PB2,562,0,0,712,0,712,G
1-PB2,563,703,0,1,0,704,A
1-PB2,564,0,1,707,0,708,G
1-PB2,565,704,0,1,0,705,A
1-PB2,566,707,0,0,0,707,A
1-PB2,567,709,0,0,0,709,A
1-PB2,568,713,0,0,0,713,A
1-PB2,569,714,0,1,0,715,A
1-PB2,570,711,0,1,0,712,A
1-PB2,571,0,0,706,0,706,G
1-PB2,572,709,0,0,0,709,A
1-PB2,573,703,0,1,0,704,A
1-PB2,574,0,0,703,0,703,G
1-PB2,575,700,0,0,0,700,A
1-PB2,576,700,0,1,0,701,A
1-PB2,577,0,0,0,706,706,C
1-PB2,578,0,691,0,1,692,T
1-PB2,579,0,0,0,703,703,C
1-PB2,580,1,0,0,697,698,C
1-PB2,581,1,1,707,0,709,G
1-PB2,582,703,0,0,0,703,A
1-PB2,583,0,1,700,0,701,G
1-PB2,584,695,0,0,0,695,A
1-PB2,585,0,698,0,0,698,T
1-PB2,586,0,688,0,0,688,T
1-PB2,587,0,0,694,0,694,G
1-PB2,588,0,0,0,696,696,C
1-PB2,589,699,0,0,0,699,A
1-PB2,590,697,0,0,0,697,A
1-PB2,591,699,0,0,0,699,A
1-PB2,592,703,0,1,0,704,A
1-PB2,593,0,704,0,0,704,T
1-PB2,594,0,700,0,0,700,T
1-PB2,595,0,699,0,1,700,T
1-PB2,596,0,0,0,700,700,C
1-PB2,597,0,698,0,2,700,T
1-PB2,598,2,2,0,752,756,C
1-PB2,599,0,0,0,754,754,C
1-PB2,600,1,0,0,810,811,C
1-PB2,601,0,808,0,0,808,T
1-PB2,602,0,823,0,0,823,T
1-PB2,603,1,0,824,0,825,G
1-PB2,604,818,0,0,0,818,A
1-PB2,605,0,840,0,0,840,T
1-PB2,606,0,0,859,0,859,G
1-PB2,607,0,0,934,0,934,G
1-PB2,608,0,948,1,1,950,T
1-PB2,609,1,950,0,0,951,T
1-PB2,610,0,1,1015,0,1016,G
1-PB2,611,0,0,0,1024,1024,C
1-PB2,612,1045,0,0,0,1045,A
1-PB2,613,0,1052,0,1,1053,T
1-PB2,614,1058,0,1,1,1060,A
1-PB2,615,0,0,0,1111,1111,C
1-PB2,616,1220,2,0,5,1227,A
1-PB2,617,0,1253,0,0,1253,T
1-PB2,618,0,2,1312,0,1314,G
1-PB2,619,0,1302,0,2,1304,T
1-PB2,620,0,1310,0,0,1310,T
1-PB2,621,1313,0,0,0,1313,A
1-PB2,622,0,1,1321,0,1322,G
1-PB2,623,1337,0,1,0,1338,A
1-PB2,624,0,0,1346,0,1346,G
1-PB2,625,1288,0,0,0,1288,A
1-PB2,626,1,2,1293,0,1296,G
1-PB2,627,1275,0,2,0,1277,A
1-PB2,628,0,0,1291,0,1291,G
1-PB2,629,1297,0,1,0,1298,A
1-PB2,630,1296,0,3,0,1299,A
1-PB2,631,1,1,0,1307,1309,C
1-PB2,632,0,1301,0,0,1301,T
1-PB2,633,0,1298,0,2,1300,T
1-PB2,634,0,1,1306,0,1307,G
1-PB2,635,0,1303,0,0,1303,T
1-PB2,636,1311,0,0,0,1311,A
1-PB2,637,0,1,0,1302,1303,C
1-PB2,638,0,2,1296,0,1298,G
1-PB2,639,1285,0,0,0,1285,A
1-PB2,640,1294,0,1,0,1295,A
1-PB2,641,1323,0,1,0,1324,A
1-PB2,642,1320,0,0,0,1320,A
1-PB2,643,1321,0,2,0,1323,A
1-PB2,644,0,0,0,1330,1330,C
1-PB2,645,1330,0,0,0,1330,A
1-PB2,646,1327,0,1,0,1328,A
1-PB2,647,0,1,1337,0,1338,G
1-PB2,648,1341,0,0,0,1341,A
1-PB2,649,0,1342,0,1,1343,T
1-PB2,650,0,1346,0,0,1346,T
1-PB2,651,0,1345,0,0,1345,T
1-PB2,652,2,0,0,1346,1348,C
1-PB2,653,0,1354,0,1,1355,T
1-PB2,654,0,0,0,1364,1364,C
1-PB2,655,1,2,0,1359,1362,C
1-PB2,656,1,0,0,1364,1365,C
1-PB2,657,1371,0,0,0,1371,A
1-PB2,658,0,0,1378,0,1378,G
1-PB2,659,0,1376,0,1,1377,T
1-PB2,660,0,1376,0,0,1376,T
1-PB2,661,0,1,1374,0,1375,G
1-PB2,662,1,2,0,1371,1374,C
1-PB2,663,1,1373,0,0,1374,T
1-PB2,664,0,1,1379,0,1380,G
1-PB2,665,0,0,1381,0,1381,G
1-PB2,666,0,1,2,1377,1380,C
1-PB2,667,0,0,1381,0,1381,G
1-PB2,668,0,0,1403,0,1403,G
1-PB2,669,1401,0,0,0,1401,A
1-PB2,670,1403,0,0,1,1404,A
1-PB2,671,0,0,0,1399,1399,C
1-PB2,672,1409,0,0,0,1409,A
1-PB2,673,1406,0,1,0,1407,A
1-PB2,674,0,0,1453,0,1453,G
1-PB2,675,0,0,0,1478,1478,C
1-PB2,676,1486,0,0,0,1486,A
1-PB2,677,0,0,1807,0,1807,G
1-PB2,678,0,1790,0,0,1790,T
1-PB2,679,1807,0,1,0,1808,A
1-PB2,680,0,1809,0,0,1809,T
1-PB2,681,1805,0,1,0,1806,A
1-PB2,682,0,1808,0,1,1809,T
1-PB2,683,1761,0,1,0,1762,A
1-PB2,684,0,0,0,1777,1777,C
1-PB2,685,1666,0,0,0,1666,A
1-PB2,686,0,1582,0,0,1582,T
1-PB2,687,0,1512,0,2,1514,T
1-PB2,688,0,1,1515,0,1516,G
1-PB2,689,1509,0,1,0,1510,A
1-PB2,690,1506,0,1,0,1507,A
1-PB2,691,1,0,1520,0,1521,G
1-PB2,692,0,1519,0,1,1520,T
1-PB2,693,0,1508,0,1,1509,T
1-PB2,694,0,1505,0,0,1505,T
1-PB2,695,0,1509,0,0,1509,T
1-PB2,696,1520,0,1,0,1521,A
1-PB2,697,0,0,0,1532,1532,C
1-PB2,698,1543,0,1,0,1544,A
1-PB2,699,1,1529,0,1,1531,T
1-PB2,700,0,1529,0,0,1529,T
1-PB2,701,0,1524,0,2,1526,T
1-PB2,702,0,4,1539,0,1543,G
1-PB2,703,1534,0,0,0,1534,A
1-PB2,704,0,0,0,1552,1552,C
1-PB2,705,1,1549,0,1,1551,T
1-PB2,706,0,0,0,1549,1549,C
1-PB2,707,1532,0,2,0,1534,A
1-PB2,708,1,2,1523,0,1526,G
1-PB2,709,0,0,1564,0,1564,G
1-PB2,710,0,2,1564,0,1566,G
1-PB2,711,1560,0,1,0,1561,A
1-PB2,712,1566,0,1,0,1567,A
1-PB2,713,1,1,0,1574,1576,C
1-PB2,714,1,0,1599,0,1600,G
1-PB2,715,0,1579,1,0,1580,T
1-PB2,716,0,1,1601,0,1602,G
1-PB2,717,0,1582,0,0,1582,T
1-PB2,718,0,1585,0,1,1586,T
1-PB2,719,0,1,1586,0,1587,G
1-PB2,720,1,1,1582,0,1584,G
1-PB2,721,0,2,1597,0,1599,G
1-PB2,722,1586,0,1,0,1587,A
1-PB2,723,1588,0,0,0,1588,A
1-PB2,724,0,0,0,1626,1626,C
1-PB2,725,1612,0,0,0,1612,A
1-PB2,726,1656,0,0,0,1656,A
1-PB2,727,1667,0,0,0,1667,A
1-PB2,728,1,1677,1,0,1679,T
1-PB2,729,0,0,1712,0,1712,G
1-PB2,730,0,1689,0,0,1689,T
1-PB2,731,1699,0,1,0,1700,A
1-PB2,732,0,0,2,1701,1703,C
1-PB2,733,1659,0,2,1,1662,A
1-PB2,734,0,0,0,1666,1666,C
1-PB2,735,0,1604,0,6,1610,T
1-PB2,736,0,0,0,1719,1719,C
1-PB2,737,1,1,0,1739,1741,C
1-PB2,738,1764,0,0,0,1764,A
1-PB2,739,0,0,1784,1,1785,G
1-PB2,740,1,1,1810,0,1812,G
1-PB2,741,0,1795,0,2,1797,T
1-PB2,742,0,0,1812,0,1812,G
1-PB2,743,0,1,1766,0,1767,G
1-PB2,744,1742,0,4,0,1746,A
1-PB2,745,0,0,1766,0,1766,G
1-PB2,746,1,1,1762,0,1764,G
1-PB2,747,1708,0,2,0,1710,A
1-PB2,748,0,0,1733,0,1733,G
1-PB2,749,0,1688,0,0,1688,T
1-PB2,750,0,0,1712,0,1712,G
1-PB2,751,1713,0,0,0,1713,A
1-PB2,752,0,0,1725,0,1725,G
1-PB2,753,0,1,1731,0,1732,G
1-PB2,754,1714,0,0,0,1714,A
1-PB2,755,1720,0,1,0,1721,A
1-PB2,756,0,1728,0,0,1728,T
1-PB2,757,0,0,1711,0,1711,G
1-PB2,758,1707,0,1,0,1708,A
1-PB2,759,0,0,0,1705,1705,C
1-PB2,760,1,2,1714,0,1717,G
1-PB2,761,1733,0,1,0,1734,A
1-PB2,762,0,1721,0,0,1721,T
1-PB2,763,0,0,1742,0,1742,G
1-PB2,764,1,1725,0,3,1729,T
1-PB2,765,0,1731,0,1,1732,T
1-PB2,766,0,1,1742,0,1743,G
1-PB2,767,1746,0,2,0,1748,A
1-PB2,768,0,0,0,1750,1750,C
1-PB2,769,0,0,1,1745,1746,C
1-PB2,770,1746,0,0,0,1746,A
1-PB2,771,1749,0,0,0,1749,A
1-PB2,772,1744,0,1,0,1745,A
1-PB2,773,0,1,1816,0,1817,G
1-PB2,774,2,0,0,1817,1819,C
1-PB2,775,0,0,0,1823,1823,C
1-PB2,776,0,1837,0,1,1838,T
1-PB2,777,1843,0,0,0,1843,A
1-PB2,778,1849,0,0,0,1849,A
1-PB2,779,0,1853,1,0,1854,T
1-PB2,780,0,1854,0,0,1854,T
1-PB2,781,1823,0,1,0,1824,A
1-PB2,782,0,1777,0,0,1777,T
1-PB2,783,0,1764,0,1,1765,T
1-PB2,784,0,0,1757,0,1757,G
1-PB2,785,2,3,0,1737,1742,C
1-PB2,786,2,0,1740,0,1742,G
1-PB2,787,0,2,1751,0,1753,G
1-PB2,788,0,1,0,1740,1741,C
1-PB2,789,0,0,0,1762,1762,C
1-PB2,790,1767,0,0,0,1767,A
1-PB2,791,0,2,1789,0,1791,G
1-PB2,792,0,1,1793,0,1794,G
1-PB2,793,1789,1,3,0,1793,A
1-PB2,794,1795,1,2,1,1799,A
1-PB2,795,1,0,0,1817,1818,C
1-PB2,796,1800,0,1,0,1801,A
1-PB2,797,0,1831,0,1,1832,T
1-PB2,798,1838,0,1,0,1839,A
1-PB2,799,1,0,1853,0,1854,G
1-PB2,800,0,1836,0,0,1836,T
1-PB2,801,1833,0,1,0,1834,A
1-PB2,802,1828,0,0,0,1828,A
1-PB2,803,0,2,1831,0,1833,G
1-PB2,804,1812,0,1,0,1813,A
1-PB2,805,1774,1,1,0,1776,A
1-PB2,806,0,0,1772,0,1772,G
1-PB2,807,1706,0,4,0,1710,A
1-PB2,808,1,2,1708,0,1711,G
1-PB2,809,0,0,0,1692,1692,C
1-PB2,810,0,0,0,1699,1699,C
1-PB2,811,0,0,1706,0,1706,G
1-PB2,812,0,0,0,1723,1723,C
1-PB2,813,1716,0,0,0,1716,A
1-PB2,814,0,1,1954,0,1955,G
1-PB2,815,0,1931,0,1,1932,T
1-PB2,816,1941,0,0,0,1941,A
1-PB2,817,0,1935,0,0,1935,T
1-PB2,818,1,0,0,1956,1957,C
1-PB2,819,1957,0,2,0,1959,A
1-PB2,820,0,0,1956,0,1956,G
1-PB2,821,0,0,0,1944,1944,C
1-PB2,822,1884,1,1,0,1886,A
1-PB2,823,0,1,1855,0,1856,G
1-PB2,824,1853,0,1,0,1854,A
1-PB2,825,0,1844,0,1,1845,T
1-PB2,826,0,0,0,1863,1863,C
1-PB2,827,0,0,0,1876,1876,C
1-PB2,828,1867,0,1,0,1868,A
1-PB2,829,0,0,0,1889,1889,C
1-PB2,830,0,1878,0,1,1879,T
1-PB2,831,1879,0,3,0,1882,A
1-PB2,832,1,0,1879,0,1880,G
1-PB2,833,0,1,0,1869,1870,C
1-PB2,834,1863,1,0,0,1864,A
1-PB2,835,0,1865,0,2,1867,T
1-PB2,836,1,1,0,1888,1890,C
1-PB2,837,0,1888,0,1,1889,T
1-PB2,838,0,1906,0,2,1908,T
1-PB2,839,0,1919,0,0,1919,T
1-PB2,840,1922,0,1,0,1923,A
1-PB2,841,1,1938,0,1,1940,T
1-PB2,842,0,1931,0,2,1933,T
1-PB2,843,0,2,1924,0,1926,G
1-PB2,844,0,1,1930,0,1931,G
1-PB2,845,1891,0,3,0,1894,A
1-PB2,846,1,0,1899,0,1900,G
1-PB2,847,1875,0,3,0,1878,A
1-PB2,848,0,1854,0,0,1854,T
1-PB2,849,1,0,1876,0,1877,G
1-PB2,850,0,1866,0,2,1868,T
1-PB2,851,0,0,1875,0,1875,G
1-PB2,852,1,0,0,1871,1872,C
1-PB2,853,2,4,0,1873,1879,C
1-PB2,854,1867,1,0,0,1868,A
1-PB2,855,0,0,0,1873,1873,C
1-PB2,856,1846,0,1,0,1847,A
1-PB2,857,0,0,1877,0,1877,G
1-PB2,858,0,0,0,1816,1816,C
1-PB2,859,1809,0,3,0,1812,A
1-PB2,860,1,0,0,1825,1826,C
1-PB2,861,1814,0,2,0,1816,A
1-PB2,862,1,1,0,1840,1842,C
1-PB2,863,1842,0,0,0,1842,A
1-PB2,864,1840,1,0,0,1841,A
1-PB2,865,1836,1,0,0,1837,A
1-PB2,866,0,1769,0,1,1770,T
1-PB2,867,0,1780,0,0,1780,T
1-PB2,868,1,0,1773,0,1774,G
1-PB2,869,0,0,1757,0,1757,G
1-PB2,870,2,1,0,1754,1757,C
1-PB2,871,1,3,1750,0,1754,G
1-PB2,872,1,0,1765,0,1766,G
1-PB2,873,2,1,1736,15,1754,G
1-PB2,874,1736,0,2,0,1738,A
1-PB2,875,2,1,0,1745,1748,C
1-PB2,876,1759,0,0,0,1759,A
1-PB2,877,1775,0,2,0,1777,A
1-PB2,878,0,0,1749,0,1749,G
1-PB2,879,0,0,1780,0,1780,G
1-PB2,880,1721,0,1,0,1722,A
1-PB2,881,0,1684,0,0,1684,T
1-PB2,882,1,2,1651,0,1654,G
1-PB2,883,3,0,1676,0,1679,G
1-PB2,884,1,1590,1,2,1594,T
1-PB2,885,0,3,1661,0,1664,G
1-PB2,886,0,0,1645,0,1645,G
1-PB2,887,1583,1,4,0,1588,A
1-PB2,888,0,3,0,1605,1608,C
1-PB2,889,1600,0,0,0,1600,A
1-PB2,890,0,1744,0,0,1744,T
1-PB2,891,1,1738,0,0,1739,T
1-PB2,892,0,0,0,1706,1706,C
1-PB2,893,0,1699,0,0,1699,T
1-PB2,894,0,1716,0,0,1716,T
1-PB2,895,1696,1,1,0,1698,A
1-PB2,896,0,0,1715,1,1716,G
1-PB2,897,1691,0,2,0,1693,A
1-PB2,898,0,0,0,1702,1702,C
1-PB2,899,1390,0,0,1,1391,A
1-PB2,900,0,1,1413,0,1414,G
1-PB2,901,1410,0,0,0,1410,A
1-PB2,902,1409,0,1,0,1410,A
1-PB2,903,0,0,1,1359,1360,C
1-PB2,904,0,0,0,1414,1414,C
1-PB2,905,1,2,0,1428,1431,C
1-PB2,906,0,0,1394,0,1394,G
1-PB2,907,1393,0,2,0,1395,A
1-PB2,908,0,1,0,1409,1410,C
1-PB2,909,0,1381,1,1,1383,T
1-PB2,910,0,1,1399,0,1400,G
1-PB2,911,1368,0,3,0,1371,A
1-PB2,912,1397,0,2,0,1399,A
1-PB2,913,0,0,1387,1,1388,G
1-PB2,914,1384,0,2,0,1386,A
1-PB2,915,1396,0,0,0,1396,A
1-PB2,916,0,0,0,1378,1378,C
1-PB2,917,1374,0,0,0,1374,A
1-PB2,918,1400,0,1,0,1401,A
1-PB2,919,0,0,1386,0,1386,G
1-PB2,920,0,0,0,1397,1397,C
1-PB2,921,0,1406,0,0,1406,T
1-PB2,922,0,1,1435,0,1436,G
1-PB2,923,0,1407,0,0,1407,T
1-PB2,924,0,1,1470,0,1471,G
1-PB2,925,0,1,1518,0,1519,G
1-PB2,926,1463,0,1,0,1464,A
1-PB2,927,0,1496,0,0,1496,T
1-PB2,928,1489,0,1,0,1490,A
1-PB2,929,0,1477,0,0,1477,T
1-PB2,930,1517,1,1,0,1519,A
1-PB2,931,0,1485,0,0,1485,T
1-PB2,932,1,2,1473,0,1476,G
1-PB2,933,1,1,0,1467,1469,C
1-PB2,934,1411,0,0,0,1411,A
1-PB2,935,1403,0,2,0,1405,A
1-PB2,936,1,0,1398,0,1399,G
1-PB2,937,0,0,1406,0,1406,G
1-PB2,938,0,0,0,1380,1380,C
1-PB2,939,0,1368,0,1,1369,T
1-PB2,940,0,1,1388,0,1389,G
1-PB2,941,1,0,0,1377,1378,C
1-PB2,942,1388,0,1,0,1389,A
1-PB2,943,1398,0,0,0,1398,A
1-PB2,944,0,1373,0,0,1373,T
1-PB2,945,0,2,1399,0,1401,G
1-PB2,946,0,1,1387,0,1388,G
1-PB2,947,0,0,1396,0,1396,G
1-PB2,948,1364,0,1,0,1365,A
1-PB2,949,1,1365,0,1,1367,T
1-PB2,950,0,1389,0,0,1389,T
1-PB2,951,0,1,1377,0,1378,G
1-PB2,952,1374,0,3,0,1377,A
1-PB2,953,0,1,1390,0,1391,G
1-PB2,954,1378,0,2,0,1380,A
1-PB2,955,1372,0,1,1,1374,A
1-PB2,956,0,1346,0,0,1346,T
1-PB2,957,0,1,0,1363,1364,C
1-PB2,958,1342,0,0,0,1342,A
1-PB2,959,0,0,1336,0,1336,G
1-PB2,960,1,0,0,1333,1334,C
1-PB2,961,0,1312,0,3,1315,T
1-PB2,962,0,0,0,1336,1336,C
1-PB2,963,1327,0,0,0,1327,A
1-PB2,964,0,1347,0,0,1347,T
1-PB2,965,1,0,0,1347,1348,C
1-PB2,966,0,0,0,1378,1378,C
1-PB2,967,0,1369,0,2,1371,T
1-PB2,968,0,1355,0,3,1358,T
1-PB2,969,1,0,0,1356,1357,C
1-PB2,970,1361,0,0,0,1361,A
1-PB2,971,0,0,1386,0,1386,G
1-PB2,972,0,1,0,1377,1378,C
1-PB2,973,0,1350,0,2,1352,T
1-PB2,974,1,1363,0,0,1364,T
1-PB2,975,0,1357,0,1,1358,T
1-PB2,976,0,0,1349,1,1350,G
1-PB2,977,1,0,1361,0,1362,G
1-PB2,978,0,1314,0,1,1315,T
1-PB2,979,0,2,1366,0,1368,G
1-PB2,980,1,1,1355,0,1357,G
1-PB2,981,0,0,1378,0,1378,G
1-PB2,982,0,1315,0,0,1315,T
1-PB2,983,0,1371,1,1,1373,T
1-PB2,984,0,1381,0,0,1381,T
1-PB2,985,1362,0,1,0,1363,A
1-PB2,986,0,0,0,1372,1372,C
1-PB2,987,1385,1,0,0,1386,A
1-PB2,988,2,1359,0,0,1361,T
1-PB2,989,0,1347,0,0,1347,T
1-PB2,990,0,1340,0,2,1342,T
1-PB2,991,1340,1,1,0,1342,A
1-PB2,992,1342,0,2,0,1344,A
1-PB2,993,1345,0,0,0,1345,A
1-PB2,994,1342,0,2,0,1344,A
1-PB2,995,1,3,1346,0,1350,G
1-PB2,996,1340,0,1,0,1341,A
1-PB2,997,1326,0,1,0,1327,A
1-PB2,998,0,1,0,1340,1341,C
1-PB2,999,1336,0,1,0,1337,A
1-PB2,1000,1335,0,1,0,1336,A
1-PB2,1001,0,0,1324,0,1324,G
1-PB2,1002,0,0,1,1325,1326,C
1-PB2,1003,2,1,1323,0,1326,G
1-PB2,1004,1,1,1328,0,1330,G
1-PB2,1005,0,0,1319,0,1319,G
1-PB2,1006,0,1311,0,1,1312,T
1-PB2,1007,2,0,1,1319,1322,C
1-PB2,1008,1331,0,1,0,1332,A
1-PB2,1009,0,1310,0,0,1310,T
1-PB2,1010,2,1,0,1329,1332,C
1-PB2,1011,1324,0,4,0,1328,A
1-PB2,1012,1,0,1373,0,1374,G
1-PB2,1013,0,1346,0,1,1347,T
1-PB2,1014,0,0,0,1366,1366,C
1-PB2,1015,1371,0,1,0,1372,A
1-PB2,1016,1359,0,2,0,1361,A
1-PB2,1017,1375,0,0,0,1375,A
1-PB2,1018,1367,0,1,0,1368,A
1-PB2,1019,1372,0,1,0,1373,A
1-PB2,1020,4,0,1344,0,1348,G
1-PB2,1021,1,1,1370,0,1372,G
1-PB2,1022,1377,0,1,0,1378,A
1-PB2,1023,1377,0,1,0,1378,A
1-PB2,1024,0,2,1387,0,1389,G
1-PB2,1025,1374,0,0,0,1374,A
1-PB2,1026,1255,0,3,0,1258,A
1-PB2,1027,0,0,1263,0,1263,G
1-PB2,1028,1245,0,3,0,1248,A
1-PB2,1029,0,1,1253,0,1254,G
1-PB2,1030,0,0,1280,1,1281,G
1-PB2,1031,0,1259,0,1,1260,T
1-PB2,1032,4,0,1305,0,1309,G
1-PB2,1033,2,0,1,1313,1316,C
1-PB2,1034,1,1322,0,2,1325,T
1-PB2,1035,0,1326,0,1,1327,T
1-PB2,1036,1331,0,0,0,1331,A
1-PB2,1037,1,0,0,1324,1325,C
1-PB2,1038,1314,0,2,0,1316,A
1-PB2,1039,0,0,1323,0,1323,G
1-PB2,1040,0,0,1323,0,1323,G
1-PB2,1041,0,0,0,1288,1288,C
1-PB2,1042,1277,0,0,0,1277,A
1-PB2,1043,1297,0,0,0,1297,A
1-PB2,1044,0,1319,0,1,1320,T
1-PB2,1045,1,2,0,1350,1353,C
1-PB2,1046,1,1335,0,2,1338,T
1-PB2,1047,1,0,0,1340,1341,C
1-PB2,1048,0,2,0,1339,1341,C
1-PB2,1049,1346,0,1,0,1347,A
1-PB2,1050,1347,0,1,0,1348,A
1-PB2,1051,1343,1,0,0,1344,A
1-PB2,1052,1,0,0,1354,1355,C
1-PB2,1053,1304,0,0,0,1304,A
1-PB2,1054,0,1312,0,0,1312,T
1-PB2,1055,0,1309,0,0,1309,T
1-PB2,1056,0,1,1319,0,1320,G
1-PB2,1057,1319,0,0,1,1320,A
1-PB2,1058,1333,0,2,0,1335,A
1-PB2,1059,1338,0,0,0,1338,A
1-PB2,1060,1341,0,1,0,1342,A
1-PB2,1061,0,1336,0,0,1336,T
1-PB2,1062,1336,0,3,0,1339,A
1-PB2,1063,1331,0,1,0,1332,A
1-PB2,1064,0,0,1365,0,1365,G
1-PB2,1065,1338,0,0,0,1338,A
1-PB2,1066,0,2,1371,0,1373,G
1-PB2,1067,0,1353,0,0,1353,T
1-PB2,1068,1363,0,0,0,1363,A
1-PB2,1069,0,0,0,1395,1395,C
1-PB2,1070,1389,0,0,0,1389,A
1-PB2,1071,0,1381,0,0,1381,T
1-PB2,1072,2,1,1381,0,1384,G
1-PB2,1073,1345,0,2,0,1347,A
1-PB2,1074,0,0,1362,0,1362,G
1-PB2,1075,0,1,1368,0,1369,G
1-PB2,1076,1,2,1418,0,1421,G
1-PB2,1077,1,0,1430,0,1431,G
1-PB2,1078,0,1386,0,0,1386,T
1-PB2,1079,1412,0,2,0,1414,A
1-PB2,1080,0,1406,0,2,1408,T
1-PB2,1081,0,0,1415,0,1415,G
1-PB2,1082,1410,0,1,0,1411,A
1-PB2,1083,0,2,1406,0,1408,G
1-PB2,1084,0,2,1371,0,1373,G
1-PB2,1085,1323,0,0,0,1323,A
1-PB2,1086,0,0,1337,0,1337,G
1-PB2,1087,0,1343,0,2,1345,T
1-PB2,1088,0,1389,0,0,1389,T
1-PB2,1089,1,0,0,1403,1404,C
1-PB2,1090,1399,1,3,0,1403,A
1-PB2,1091,1,0,0,1415,1416,C
1-PB2,1092,1413,0,1,0,1414,A
1-PB2,1093,1440,0,0,1,1441,A
1-PB2,1094,0,1440,0,0,1440,T
1-PB2,1095,0,0,1417,0,1417,G
1-PB2,1096,0,1,1420,0,1421,G
1-PB2,1097,0,1375,0,1,1376,T
1-PB2,1098,0,1,1391,0,1392,G
1-PB2,1099,0,0,1390,0,1390,G
1-PB2,1100,0,0,1386,1,1387,G
1-PB2,1101,0,0,1402,0,1402,G
1-PB2,1102,1385,0,0,0,1385,A
1-PB2,1103,1392,0,2,0,1394,A
1-PB2,1104,1390,1,1,0,1392,A
1-PB2,1105,1371,0,2,0,1373,A
1-PB2,1106,0,0,1388,0,1388,G
1-PB2,1107,1377,0,3,0,1380,A
1-PB2,1108,0,0,1383,1,1384,G
1-PB2,1109,0,0,0,1383,1383,C
1-PB2,1110,1381,0,1,0,1382,A
1-PB2,1111,1383,0,2,0,1385,A
1-PB2,1112,2,1,0,1420,1423,C
1-PB2,1113,1411,2,2,0,1415,A
1-PB2,1114,1,0,1432,0,1433,G
1-PB2,1115,0,0,0,1412,1412,C
1-PB2,1116,0,1411,0,0,1411,T
1-PB2,1117,1451,0,1,0,1452,A
1-PB2,1118,0,1448,0,1,1449,T
1-PB2,1119,1456,0,0,0,1456,A
1-PB2,1120,0,1,0,1449,1450,C
1-PB2,1121,1,1371,0,1,1373,T
1-PB2,1122,1381,1,0,0,1382,A
1-PB2,1123,1356,0,0,1,1357,A
1-PB2,1124,0,1,1360,0,1361,G
1-PB2,1125,1362,0,0,0,1362,A
1-PB2,1126,1325,0,1,0,1326,A
1-PB2,1127,1318,0,3,1,1322,A
1-PB2,1128,1292,2,7,0,1301,A
1-PB2,1129,0,2,1313,0,1315,G
1-PB2,1130,0,0,0,1316,1316,C
1-PB2,1131,1308,0,1,0,1309,A
1-PB2,1132,1306,0,1,0,1307,A
1-PB2,1133,1,0,0,1313,1314,C
1-PB2,1134,2,0,0,1311,1313,C
1-PB2,1135,1312,0,1,0,1313,A
1-PB2,1136,0,0,1326,0,1326,G
1-PB2,1137,1311,0,0,0,1311,A
1-PB2,1138,1313,0,0,0,1313,A
1-PB2,1139,0,0,1336,0,1336,G
1-PB2,1140,1324,0,0,0,1324,A
1-PB2,1141,0,1312,0,0,1312,T
1-PB2,1142,0,1315,0,1,1316,T
1-PB2,1143,0,0,1325,0,1325,G
1-PB2,1144,1,0,1345,0,1346,G
1-PB2,1145,0,1341,0,2,1343,T
1-PB2,1146,0,1328,0,2,1330,T
1-PB2,1147,0,0,0,1346,1346,C
1-PB2,1148,1363,0,0,0,1363,A
1-PB2,1149,3,1,1400,0,1404,G
1-PB2,1150,1,0,3,1409,1413,C
1-PB2,1151,0,1398,0,7,1405,T
1-PB2,1152,1,0,0,1418,1419,C
1-PB2,1153,1404,0,1,0,1405,A
1-PB2,1154,0,1409,0,0,1409,T
1-PB2,1155,1409,0,0,0,1409,A
1-PB2,1156,0,0,1425,0,1425,G
1-PB2,1157,0,1363,0,0,1363,T
1-PB2,1158,1,0,1378,0,1379,G
1-PB2,1159,1339,0,0,0,1339,A
1-PB2,1160,1,3,1353,0,1357,G
1-PB2,1161,0,1336,1,0,1337,T
1-PB2,1162,0,0,1352,0,1352,G
1-PB2,1163,1,0,1361,0,1362,G
1-PB2,1164,1356,0,0,0,1356,A
1-PB2,1165,1349,0,3,0,1352,A
1-PB2,1166,0,1,1352,0,1353,G
1-PB2,1167,1334,0,5,0,1339,A
1-PB2,1168,0,0,1349,0,1349,G
1-PB2,1169,1336,0,2,0,1338,A
1-PB2,1170,0,0,0,1332,1332,C
1-PB2,1171,1,2,1338,0,1341,G
1-PB2,1172,1328,0,1,0,1329,A
1-PB2,1173,1336,0,3,0,1339,A
1-PB2,1174,0,0,0,1344,1344,C
1-PB2,1175,1340,0,1,0,1341,A
1-PB2,1176,0,0,1382,0,1382,G
1-PB2,1177,0,1352,0,4,1356,T
1-PB2,1178,2,0,0,1359,1361,C
1-PB2,1179,1371,0,0,0,1371,A
1-PB2,1180,1357,0,1,0,1358,A
1-PB2,1181,1,1363,0,1,1365,T
1-PB2,1182,1368,0,2,0,1370,A
1-PB2,1183,0,0,1366,0,1366,G
1-PB2,1184,2,0,0,1344,1346,C
1-PB2,1185,0,1,0,1324,1325,C
1-PB2,1186,2,1,1313,0,1316,G
1-PB2,1187,1310,1,0,0,1311,A
1-PB2,1188,1315,1,2,0,1318,A
1-PB2,1189,0,1,1324,0,1325,G
1-PB2,1190,0,0,0,1352,1352,C
1-PB2,1191,1358,0,0,0,1358,A
1-PB2,1192,1387,0,1,0,1388,A
1-PB2,1193,0,1383,0,0,1383,T
1-PB2,1194,1389,0,0,0,1389,A
1-PB2,1195,1391,0,0,0,1391,A
1-PB2,1196,0,1387,0,0,1387,T
1-PB2,1197,1,0,0,1387,1388,C
1-PB2,1198,0,0,1376,0,1376,G
1-PB2,1199,0,1342,0,0,1342,T
1-PB2,1200,0,1,1335,0,1336,G
1-PB2,1201,0,1,1345,0,1346,G
1-PB2,1202,0,2,0,1344,1346,C
1-PB2,1203,1,1,0,1352,1354,C
1-PB2,1204,1327,0,0,0,1327,A
1-PB2,1205,0,1338,0,1,1339,T
1-PB2,1206,0,0,1337,0,1337,G
1-PB2,1207,1,0,1369,0,1370,G
1-PB2,1208,0,1325,0,2,1327,T
1-PB2,1209,0,2,1367,0,1369,G
1-PB2,1210,0,1333,0,1,1334,T
1-PB2,1211,0,1352,0,3,1355,T
1-PB2,1212,0,1350,0,0,1350,T
1-PB2,1213,0,1361,0,1,1362,T
1-PB2,1214,0,0,0,1384,1384,C
1-PB2,1215,1376,1,0,0,1377,A
1-PB2,1216,0,0,0,1452,1452,C
1-PB2,1217,1441,0,1,0,1442,A
1-PB2,1218,1457,0,0,0,1457,A
1-PB2,1219,0,1,1481,0,1482,G
1-PB2,1220,1463,0,0,0,1463,A
1-PB2,1221,96,1,1393,0,1490,G
1-PB2,1222,0,2,1486,0,1488,G
1-PB2,1223,1485,0,0,0,1485,A
1-PB2,1224,0,1484,0,0,1484,T
1-PB2,1225,0,1485,0,0,1485,T
1-PB2,1226,1,0,1480,0,1481,G
1-PB2,1227,0,0,0,1447,1447,C
1-PB2,1228,1477,0,2,0,1479,A
1-PB2,1229,0,1490,0,0,1490,T
1-PB2,1230,0,2,1554,0,1556,G
1-PB2,1231,1556,0,3,1,1560,A
1-PB2,1232,0,1567,0,0,1567,T
1-PB2,1233,1567,0,0,0,1567,A
1-PB2,1234,1563,0,0,0,1563,A
1-PB2,1235,1561,0,1,0,1562,A
1-PB2,1236,1564,0,1,0,1565,A
1-PB2,1237,1,0,1575,0,1576,G
1-PB2,1238,1,1,0,1595,1597,C
1-PB2,1239,1654,0,2,0,1656,A
1-PB2,1240,0,0,1713,0,1713,G
1-PB2,1241,0,1709,0,1,1710,T
1-PB2,1242,0,1708,0,1,1709,T
1-PB2,1243,1714,0,0,0,1714,A
1-PB2,1244,0,0,1754,0,1754,G
1-PB2,1245,1726,0,1,0,1727,A
1-PB2,1246,0,0,1728,0,1728,G
1-PB2,1247,0,1,1702,0,1703,G
1-PB2,1248,0,1631,0,2,1633,T
1-PB2,1249,0,1,1657,0,1658,G
1-PB2,1250,1663,1,1,0,1665,A
1-PB2,1251,1,0,0,1679,1680,C
1-PB2,1252,0,0,0,1697,1697,C
1-PB2,1253,1,1590,0,1,1592,T
1-PB2,1254,2,2,1585,0,1589,G
1-PB2,1255,1586,0,1,0,1587,A
1-PB2,1256,1588,0,1,0,1589,A
1-PB2,1257,0,1598,0,1,1599,T
1-PB2,1258,0,1624,0,1,1625,T
1-PB2,1259,0,1623,0,0,1623,T
1-PB2,1260,2,2,0,1613,1617,C
1-PB2,1261,2,0,1616,0,1618,G
1-PB2,1262,0,1612,0,0,1612,T
1-PB2,1263,2,0,1,1617,1620,C
1-PB2,1264,1623,1,0,0,1624,A
1-PB2,1265,1617,0,1,0,1618,A
1-PB2,1266,0,0,0,1619,1619,C
1-PB2,1267,1608,0,0,0,1608,A
1-PB2,1268,0,3,1630,0,1633,G
1-PB2,1269,1612,0,4,0,1616,A
1-PB2,1270,0,0,1617,0,1617,G
1-PB2,1271,0,0,0,1614,1614,C
1-PB2,1272,1612,1,1,0,1614,A
1-PB2,1273,1636,0,0,0,1636,A
1-PB2,1274,1621,0,1,1,1623,A
1-PB2,1275,0,1624,0,1,1625,T
1-PB2,1276,2,0,0,1636,1638,C
1-PB2,1277,1616,0,1,0,1617,A
1-PB2,1278,0,0,1609,0,1609,G
1-PB2,1279,0,1,0,1619,1620,C
1-PB2,1280,1,0,1620,0,1621,G
1-PB2,1281,0,0,1701,0,1701,G
1-PB2,1282,0,1691,0,0,1691,T
1-PB2,1283,0,1691,0,2,1693,T
1-PB2,1284,0,2,1683,0,1685,G
1-PB2,1285,1684,0,0,0,1684,A
1-PB2,1286,1684,0,2,0,1686,A
1-PB2,1287,0,0,0,1706,1706,C
1-PB2,1288,1,2,0,1686,1689,C
1-PB2,1289,0,0,0,1707,1707,C
1-PB2,1290,0,0,0,1672,1672,C
1-PB2,1291,1682,0,0,0,1682,A
1-PB2,1292,2,1694,0,0,1696,T
1-PB2,1293,0,0,1697,0,1697,G
1-PB2,1294,0,0,0,1707,1707,C
1-PB2,1295,1694,0,0,0,1694,A
1-PB2,1296,0,1680,0,1,1681,T
1-PB2,1297,2,0,0,1681,1683,C
1-PB2,1298,1665,0,0,0,1665,A
1-PB2,1299,0,0,1701,0,1701,G
1-PB2,1300,1,0,0,1717,1718,C
1-PB2,1301,0,1661,0,2,1663,T
1-PB2,1302,0,1674,0,1,1675,T
1-PB2,1303,0,1663,0,1,1664,T
1-PB2,1304,0,1659,0,1,1660,T
1-PB2,1305,1666,0,0,0,1666,A
1-PB2,1306,1657,0,0,0,1657,A
1-PB2,1307,0,1,1655,0,1656,G
1-PB2,1308,1,1,1648,0,1650,G
1-PB2,1309,0,1,0,1627,1628,C
1-PB2,1310,1613,0,0,0,1613,A
1-PB2,1311,0,1621,0,1,1622,T
1-PB2,1312,0,1623,0,0,1623,T
1-PB2,1313,0,1626,0,2,1628,T
1-PB2,1314,0,1632,0,0,1632,T
1-PB2,1315,1,0,0,1627,1628,C
1-PB2,1316,1624,1,1,0,1626,A
1-PB2,1317,0,2,1631,0,1633,G
1-PB2,1318,1622,0,2,0,1624,A
1-PB2,1319,1623,0,0,0,1623,A
1-PB2,1320,1616,0,0,0,1616,A
1-PB2,1321,0,0,1623,0,1623,G
1-PB2,1322,1615,0,0,0,1615,A
1-PB2,1323,0,1612,0,1,1613,T
1-PB2,1324,1,0,1622,0,1623,G
1-PB2,1325,1,1,0,1616,1618,C
1-PB2,1326,0,0,1624,0,1624,G
1-PB2,1327,1604,0,1,0,1605,A
1-PB2,1328,1617,0,0,0,1617,A
1-PB2,1329,1618,0,1,0,1619,A
1-PB2,1330,1,0,1624,0,1625,G
1-PB2,1331,0,1584,0,1,1585,T
1-PB2,1332,0,0,1599,0,1599,G
1-PB2,1333,0,0,0,1574,1574,C
1-PB2,1334,0,1594,0,3,1597,T
1-PB2,1335,0,1602,0,0,1602,T
1-PB2,1336,0,1608,0,0,1608,T
1-PB2,1337,1,1611,0,0,1612,T
1-PB2,1338,0,1602,0,0,1602,T
1-PB2,1339,3,0,0,1604,1607,C
1-PB2,1340,1587,0,2,0,1589,A
1-PB2,1341,1596,0,0,1,1597,A
1-PB2,1342,1603,0,0,0,1603,A
1-PB2,1343,1590,2,2,0,1594,A
1-PB2,1344,0,1605,0,0,1605,T
1-PB2,1345,0,1621,1,2,1624,T
1-PB2,1346,1,2,1617,0,1620,G
1-PB2,1347,0,2,1610,0,1612,G
1-PB2,1348,0,3,1602,0,1605,G
1-PB2,1349,0,1,1626,0,1627,G
1-PB2,1350,1613,0,2,0,1615,A
1-PB2,1351,0,0,1654,0,1654,G
1-PB2,1352,0,1649,1,3,1653,T
1-PB2,1353,0,1659,0,0,1659,T
1-PB2,1354,0,3,1658,0,1661,G
1-PB2,1355,1658,0,1,0,1659,A
1-PB2,1356,1674,0,3,0,1677,A
1-PB2,1357,1,2,0,1719,1722,C
1-PB2,1358,1693,1,0,0,1694,A
1-PB2,1359,0,1,0,1762,1763,C
1-PB2,1360,1723,0,0,0,1723,A
1-PB2,1361,0,1710,0,1,1711,T
1-PB2,1362,0,1704,0,1,1705,T
1-PB2,1363,1,1,1732,0,1734,G
1-PB2,1364,1733,1,0,0,1734,A
1-PB2,1365,0,1,0,1732,1733,C
1-PB2,1366,1663,0,0,0,1663,A
1-PB2,1367,0,0,1697,0,1697,G
1-PB2,1368,0,1640,0,1,1641,T
1-PB2,1369,0,0,1675,0,1675,G
1-PB2,1370,0,1654,0,1,1655,T
1-PB2,1371,0,2,1671,0,1673,G
1-PB2,1372,1660,0,3,0,1663,A
1-PB2,1373,0,1658,1,2,1661,T
1-PB2,1374,0,0,1665,0,1665,G
1-PB2,1375,0,1,1660,0,1661,G
1-PB2,1376,0,4,1640,0,1644,G
1-PB2,1377,1628,0,3,0,1631,A
1-PB2,1378,1613,0,1,0,1614,A
1-PB2,1379,0,1597,0,0,1597,T
1-PB2,1380,0,0,1606,0,1606,G
1-PB2,1381,1598,0,0,0,1598,A
1-PB2,1382,0,1587,0,2,1589,T
1-PB2,1383,0,1581,0,0,1581,T
1-PB2,1384,2,1,1568,0,1571,G
1-PB2,1385,0,5,1602,0,1607,G
1-PB2,1386,1598,1,2,0,1601,A
1-PB2,1387,0,0,1661,0,1661,G
1-PB2,1388,0,1645,2,0,1647,T
1-PB2,1389,1639,0,0,0,1639,A
1-PB2,1390,0,1643,2,2,1647,T
1-PB2,1391,0,1664,0,0,1664,T
1-PB2,1392,1680,0,0,0,1680,A
1-PB2,1393,0,0,0,1687,1687,C
1-PB2,1394,0,0,1,1661,1662,C
1-PB2,1395,1629,1,2,0,1632,A
1-PB2,1396,1,1,1648,0,1650,G
1-PB2,1397,1691,0,0,0,1691,A
1-PB2,1398,0,1686,0,0,1686,T
1-PB2,1399,1673,0,0,0,1673,A
1-PB2,1400,0,1658,0,0,1658,T
1-PB2,1401,0,1,1663,0,1664,G
1-PB2,1402,1658,0,2,0,1660,A
1-PB2,1403,1,0,0,1667,1668,C
1-PB2,1404,0,1650,0,2,1652,T
1-PB2,1405,0,0,0,1647,1647,C
1-PB2,1406,1,1,0,1632,1634,C
1-PB2,1407,1638,1,2,0,1641,A
1-PB2,1408,1652,0,1,0,1653,A
1-PB2,1409,1,0,1700,0,1701,G
1-PB2,1410,2,0,0,1689,1691,C
1-PB2,1411,1691,0,1,0,1692,A
1-PB2,1412,1,1,0,1697,1699,C
1-PB2,1413,1676,0,1,0,1677,A
1-PB2,1414,0,2,1685,0,1687,G
1-PB2,1415,1671,0,0,0,1671,A
1-PB2,1416,0,0,1685,0,1685,G
1-PB2,1417,1693,0,0,0,1693,A
1-PB2,1418,0,1662,0,1,1663,T
1-PB2,1419,0,0,1689,1,1690,G
1-PB2,1420,0,1616,0,0,1616,T
1-PB2,1421,5,0,0,1610,1615,C
1-PB2,1422,1618,0,1,0,1619,A
1-PB2,1423,1620,0,0,0,1620,A
1-PB2,1424,0,1622,0,0,1622,T
1-PB2,1425,1,0,1622,0,1623,G
1-PB2,1426,1606,0,1,0,1607,A
1-PB2,1427,0,1,1619,0,1620,G
1-PB2,1428,1595,0,5,0,1600,A
1-PB2,1429,0,0,1613,0,1613,G
1-PB2,1430,0,1,1695,0,1696,G
1-PB2,1431,1692,0,0,0,1692,A
1-PB2,1432,1692,1,2,0,1695,A
1-PB2,1433,0,1696,0,0,1696,T
1-PB2,1434,1690,0,0,0,1690,A
1-PB2,1435,1691,0,3,0,1694,A
1-PB2,1436,0,0,1694,0,1694,G
1-PB2,1437,1679,0,1,0,1680,A
1-PB2,1438,0,2,1684,0,1686,G
1-PB2,1439,1,1597,0,1,1599,T
1-PB2,1440,0,1,0,1607,1608,C
1-PB2,1441,1607,0,2,1,1610,A
1-PB2,1442,0,0,1632,0,1632,G
1-PB2,1443,2,1,0,1660,1663,C
1-PB2,1444,1671,0,0,0,1671,A
1-PB2,1445,1686,0,1,0,1687,A
1-PB2,1446,1680,0,1,0,1681,A
1-PB2,1447,1680,0,0,0,1680,A
1-PB2,1448,0,1687,0,1,1688,T
1-PB2,1449,60,1,1622,0,1683,G
1-PB2,1450,0,1,1686,0,1687,G
1-PB2,1451,1,0,1684,1,1686,G
1-PB2,1452,0,1654,0,2,1656,T
1-PB2,1453,0,0,1672,0,1672,G
1-PB2,1454,0,1645,0,0,1645,T
1-PB2,1455,0,1,1653,0,1654,G
1-PB2,1456,0,3,1680,0,1683,G
1-PB2,1457,1668,0,0,0,1668,A
1-PB2,1458,0,1681,0,1,1682,T
1-PB2,1459,0,1,1697,0,1698,G
1-PB2,1460,1694,0,2,0,1696,A
1-PB2,1461,1720,0,1,0,1721,A
1-PB2,1462,0,1721,0,0,1721,T
1-PB2,1463,1695,0,0,0,1695,A
1-PB2,1464,0,0,0,1794,1794,C
1-PB2,1465,0,1743,0,2,1745,T
1-PB2,1466,0,0,0,1756,1756,C
1-PB2,1467,1,0,0,1782,1783,C
1-PB2,1468,1773,0,0,0,1773,A
1-PB2,1469,1,0,1838,0,1839,G
1-PB2,1470,0,1832,0,1,1833,T
1-PB2,1471,1848,0,0,0,1848,A
1-PB2,1472,1,1,0,1850,1852,C
1-PB2,1473,1759,0,1,0,1760,A
1-PB2,1474,0,1,1777,0,1778,G
1-PB2,1475,1728,0,0,0,1728,A
1-PB2,1476,0,2,1739,0,1741,G
1-PB2,1477,1692,0,1,0,1693,A
1-PB2,1478,0,1,1657,0,1658,G
1-PB2,1479,0,3,1645,0,1648,G
1-PB2,1480,1,0,1654,1,1656,G
1-PB2,1481,0,1609,0,0,1609,T
1-PB2,1482,0,1,1627,0,1628,G
1-PB2,1483,1,0,1638,0,1639,G
1-PB2,1484,1,1604,0,0,1605,T
1-PB2,1485,0,1,1667,0,1668,G
1-PB2,1486,0,1,1662,0,1663,G
1-PB2,1487,0,1645,1,2,1648,T
1-PB2,1488,0,1646,1,1,1648,T
1-PB2,1489,1636,0,1,0,1637,A
1-PB2,1490,2,0,1635,0,1637,G
1-PB2,1491,2,1,0,1631,1634,C
1-PB2,1492,1625,0,0,0,1625,A
1-PB2,1493,0,1626,1,0,1627,T
1-PB2,1494,0,1569,1,0,1570,T
1-PB2,1495,0,1,1561,0,1562,G
1-PB2,1496,1556,0,1,0,1557,A
1-PB2,1497,1,2,0,1542,1545,C
1-PB2,1498,3,1,0,1548,1552,C
1-PB2,1499,0,0,1566,0,1566,G
1-PB2,1500,0,0,1587,0,1587,G
1-PB2,1501,0,1579,1,0,1580,T
1-PB2,1502,0,1575,1,0,1576,T
1-PB2,1503,0,1578,1,0,1579,T
1-PB2,1504,0,1575,1,1,1577,T
1-PB2,1505,0,1580,1,0,1581,T
1-PB2,1506,0,2,1579,0,1581,G
1-PB2,1507,1582,0,1,0,1583,A
1-PB2,1508,0,1,1574,0,1575,G
1-PB2,1509,1526,0,2,0,1528,A
1-PB2,1510,1,0,1550,0,1551,G
1-PB2,1511,0,1546,1,0,1547,T
1-PB2,1512,0,1543,1,0,1544,T
1-PB2,1513,1,0,0,1549,1550,C
1-PB2,1514,1,1,1550,0,1552,G
1-PB2,1515,1550,0,1,0,1551,A
1-PB2,1516,0,1,1548,0,1549,G
1-PB2,1517,1538,0,2,0,1540,A
1-PB2,1518,1,2,0,1543,1546,C
1-PB2,1519,1,0,0,1541,1542,C
1-PB2,1520,1532,0,0,0,1532,A
1-PB2,1521,1557,0,2,0,1559,A
1-PB2,1522,1,2,0,1569,1572,C
1-PB2,1523,0,0,1577,0,1577,G
1-PB2,1524,0,1561,1,1,1563,T
1-PB2,1525,1,0,1567,0,1568,G
1-PB2,1526,0,0,1570,0,1570,G
1-PB2,1527,0,0,1569,0,1569,G
1-PB2,1528,1558,1,3,0,1562,A
1-PB2,1529,1571,0,0,0,1571,A
1-PB2,1530,0,1527,1,1,1529,T
1-PB2,1531,0,1,1596,0,1597,G
1-PB2,1532,1,1565,0,0,1566,T
1-PB2,1533,1589,0,0,0,1589,A
1-PB2,1534,0,1588,0,2,1590,T
1-PB2,1535,0,1572,1,0,1573,T
1-PB2,1536,1604,0,0,0,1604,A
1-PB2,1537,0,1582,0,0,1582,T
1-PB2,1538,1,1571,0,1,1573,T
1-PB2,1539,1571,0,1,0,1572,A
1-PB2,1540,0,1423,0,2,1425,T
1-PB2,1541,1,1,0,1487,1489,C
1-PB2,1542,0,1460,0,2,1462,T
1-PB2,1543,0,2,0,1478,1480,C
1-PB2,1544,0,0,0,1484,1484,C
1-PB2,1545,0,1457,0,4,1461,T
1-PB2,1546,1,0,1467,0,1468,G
1-PB2,1547,1462,0,0,0,1462,A
1-PB2,1548,0,0,1453,0,1453,G
1-PB2,1549,0,1,1453,0,1454,G
1-PB2,1550,1340,0,0,0,1340,A
1-PB2,1551,0,0,1356,0,1356,G
1-PB2,1552,0,1,1343,0,1344,G
1-PB2,1553,0,1229,0,2,1231,T
1-PB2,1554,1,0,0,1237,1238,C
1-PB2,1555,1233,0,0,0,1233,A
1-PB2,1556,0,1,1241,0,1242,G
1-PB2,1557,0,1236,0,0,1236,T
1-PB2,1558,0,0,1239,0,1239,G
1-PB2,1559,1239,0,1,0,1240,A
1-PB2,1560,1204,0,0,0,1204,A
1-PB2,1561,1206,0,3,0,1209,A
1-PB2,1562,0,0,0,1212,1212,C
1-PB2,1563,1199,0,0,0,1199,A
1-PB2,1564,0,0,0,1206,1206,C
1-PB2,1565,1161,0,2,0,1163,A
1-PB2,1566,0,0,1173,0,1173,G
1-PB2,1567,0,0,1172,0,1172,G
1-PB2,1568,1,1,1176,1,1179,G
1-PB2,1569,1176,0,1,0,1177,A
1-PB2,1570,1168,0,4,0,1172,A
1-PB2,1571,0,0,0,1178,1178,C
1-PB2,1572,0,1163,0,0,1163,T
1-PB2,1573,1,0,1167,0,1168,G
1-PB2,1574,1141,0,3,0,1144,A
1-PB2,1575,0,0,1154,0,1154,G
1-PB2,1576,1119,0,2,0,1121,A
1-PB2,1577,1,0,1074,0,1075,G
1-PB2,1578,1072,0,1,0,1073,A
1-PB2,1579,0,0,0,1077,1077,C
1-PB2,1580,0,1039,0,1,1040,T
1-PB2,1581,0,1,1065,0,1066,G
1-PB2,1582,1055,1,4,0,1060,A
1-PB2,1583,1,0,0,1080,1081,C
1-PB2,1584,1075,0,0,0,1075,A
1-PB2,1585,1075,0,0,0,1075,A
1-PB2,1586,0,1077,0,0,1077,T
1-PB2,1587,1080,0,0,0,1080,A
1-PB2,1588,1075,0,0,0,1075,A
1-PB2,1589,1,0,0,1095,1096,C
1-PB2,1590,0,1017,0,1,1018,T
1-PB2,1591,0,1011,0,0,1011,T
1-PB2,1592,993,0,0,1,994,A
1-PB2,1593,0,995,0,0,995,T
1-PB2,1594,0,995,0,0,995,T
1-PB2,1595,1,0,0,993,994,C
1-PB2,1596,934,0,0,2,936,A
1-PB2,1597,0,927,0,1,928,T
1-PB2,1598,0,0,0,916,916,C
1-PB2,1599,0,1,917,0,918,G
1-PB2,1600,0,925,0,2,927,T
1-PB2,1601,1,0,0,913,914,C
1-PB2,1602,0,0,913,0,913,G
1-PB2,1603,915,0,0,0,915,A
1-PB2,1604,0,908,0,0,908,T
1-PB2,1605,0,0,908,0,908,G
1-PB2,1606,903,0,1,0,904,A
1-PB2,1607,0,905,0,0,905,T
1-PB2,1608,0,1,904,0,905,G
1-PB2,1609,0,863,1,1,865,T
1-PB2,1610,0,0,865,0,865,G
1-PB2,1611,0,1,862,0,863,G
1-PB2,1612,1,0,853,0,854,G
1-PB2,1613,832,0,0,0,832,A
1-PB2,1614,0,0,837,0,837,G
1-PB2,1615,786,0,0,0,786,A
1-PB2,1616,0,770,0,0,770,T
1-PB2,1617,0,766,0,0,766,T
1-PB2,1618,760,1,1,0,762,A
1-PB2,1619,762,0,0,0,762,A
1-PB2,1620,0,1,0,760,761,C
1-PB2,1621,0,0,719,0,719,G
1-PB2,1622,0,0,725,0,725,G
1-PB2,1623,0,667,0,0,667,T
1-PB2,1624,1,0,0,666,667,C
1-PB2,1625,0,0,0,670,670,C
1-PB2,1626,0,616,0,1,617,T
1-PB2,1627,0,0,621,0,621,G
1-PB2,1628,617,0,0,0,617,A
1-PB2,1629,0,1,620,0,621,G
1-PB2,1630,0,616,0,1,617,T
1-PB2,1631,0,1,0,598,599,C
1-PB2,1632,0,1,600,0,601,G
1-PB2,1633,0,10,594,0,604,G
1-PB2,1634,0,603,0,1,604,T
1-PB2,1635,0,607,0,0,607,T
1-PB2,1636,0,609,0,0,609,T
1-PB2,1637,0,601,0,0,601,T
1-PB2,1638,0,2,603,0,605,G
1-PB2,1639,0,0,616,0,616,G
1-PB2,1640,0,603,0,0,603,T
1-PB2,1641,0,0,0,615,615,C
1-PB2,1642,609,0,1,0,610,A
1-PB2,1643,621,1,0,0,622,A
1-PB2,1644,0,630,0,0,630,T
1-PB2,1645,632,0,0,0,632,A
1-PB2,1646,1,0,0,644,645,C
1-PB2,1647,0,0,0,623,623,C
1-PB2,1648,0,626,0,0,626,T
1-PB2,1649,630,0,0,0,630,A
1-PB2,1650,0,634,0,0,634,T
1-PB2,1651,1,0,0,636,637,C
1-PB2,1652,621,1,0,0,622,A
1-PB2,1653,627,0,0,0,627,A
1-PB2,1654,0,624,0,0,624,T
1-PB2,1655,0,0,605,0,605,G
1-PB2,1656,0,0,605,0,605,G
1-PB2,1657,589,0,1,0,590,A
1-PB2,1658,0,579,0,0,579,T
1-PB2,1659,1,0,0,578,579,C
1-PB2,1660,583,0,1,0,584,A
1-PB2,1661,0,584,0,0,584,T
1-PB2,1662,0,1,0,588,589,C
1-PB2,1663,586,0,0,0,586,A
1-PB2,1664,0,0,587,0,587,G
1-PB2,1665,582,0,0,0,582,A
1-PB2,1666,588,0,0,0,588,A
1-PB2,1667,584,0,1,0,585,A
1-PB2,1668,0,577,0,0,577,T
1-PB2,1669,0,563,0,0,563,T
1-PB2,1670,0,0,559,0,559,G
1-PB2,1671,0,0,555,0,555,G
1-PB2,1672,0,1,554,0,555,G
1-PB2,1673,555,0,0,0,555,A
1-PB2,1674,558,0,0,0,558,A
1-PB2,1675,22,0,531,0,553,G
1-PB2,1676,0,0,0,551,551,C
1-PB2,1677,0,553,0,0,553,T
1-PB2,1678,0,0,554,0,554,G
1-PB2,1679,0,551,0,0,551,T
1-PB2,1680,0,1,1,550,552,C
1-PB2,1681,558,0,0,0,558,A
1-PB2,1682,560,0,0,0,560,A
1-PB2,1683,557,0,0,0,557,A
1-PB2,1684,561,0,0,0,561,A
1-PB2,1685,0,563,0,0,563,T
1-PB2,1686,0,549,0,0,549,T
1-PB2,1687,2,0,0,548,550,C
1-PB2,1688,544,0,0,0,544,A
1-PB2,1689,540,0,0,0,540,A
1-PB2,1690,0,537,0,0,537,T
1-PB2,1691,0,2,532,0,534,G
1-PB2,1692,0,1,547,0,548,G
1-PB2,1693,0,536,0,0,536,T
1-PB2,1694,0,0,0,539,539,C
1-PB2,1695,0,0,0,527,527,C
1-PB2,1696,0,0,0,564,564,C
1-PB2,1697,562,0,0,0,562,A
1-PB2,1698,0,0,568,0,568,G
1-PB2,1699,566,0,0,0,566,A
1-PB2,1700,570,0,0,0,570,A
1-PB2,1701,0,556,0,0,556,T
1-PB2,1702,0,0,0,548,548,C
1-PB2,1703,0,0,0,525,525,C
1-PB2,1704,0,522,0,2,524,T
1-PB2,1705,0,0,521,0,521,G
1-PB2,1706,0,1,0,524,525,C
1-PB2,1707,528,0,0,0,528,A
1-PB2,1708,530,0,0,0,530,A
1-PB2,1709,0,521,0,0,521,T
1-PB2,1710,0,0,536,0,536,G
1-PB2,1711,0,550,0,0,550,T
1-PB2,1712,0,529,0,0,529,T
1-PB2,1713,0,0,544,0,544,G
1-PB2,1714,0,539,0,0,539,T
1-PB2,1715,538,0,1,0,539,A
1-PB2,1716,0,0,0,541,541,C
1-PB2,1717,534,0,0,0,534,A
1-PB2,1718,540,0,0,0,540,A
1-PB2,1719,0,0,0,533,533,C
1-PB2,1720,526,0,0,0,526,A
1-PB2,1721,525,0,0,0,525,A
1-PB2,1722,516,0,0,0,516,A
1-PB2,1723,515,0,0,0,515,A
1-PB2,1724,0,512,0,0,512,T
1-PB2,1725,0,0,517,0,517,G
1-PB2,1726,0,0,518,0,518,G
1-PB2,1727,514,0,0,0,514,A
1-PB2,1728,517,0,0,0,517,A
1-PB2,1729,0,517,0,0,517,T
1-PB2,1730,0,515,0,0,515,T
1-PB2,1731,0,511,0,0,511,T
1-PB2,1732,0,1,505,0,506,G
1-PB2,1733,509,0,0,0,509,A
1-PB2,1734,509,0,0,0,509,A
1-PB2,1735,0,0,0,504,504,C
1-PB2,1736,0,0,0,474,474,C
1-PB2,1737,483,0,1,0,484,A
1-PB2,1738,0,498,0,0,498,T
1-PB2,1739,0,497,0,1,498,T
1-PB2,1740,0,494,0,0,494,T
1-PB2,1741,1,0,0,495,496,C
1-PB2,1742,499,0,0,0,499,A
1-PB2,1743,502,0,0,0,502,A
1-PB2,1744,0,501,0,0,501,T
1-PB2,1745,0,0,0,513,513,C
1-PB2,1746,0,502,0,0,502,T
1-PB2,1747,0,505,0,0,505,T
1-PB2,1748,0,505,0,1,506,T
1-PB2,1749,508,0,1,0,509,A
1-PB2,1750,0,0,506,0,506,G
1-PB2,1751,0,504,0,0,504,T
1-PB2,1752,0,0,0,513,513,C
1-PB2,1753,1,0,0,517,518,C
1-PB2,1754,0,0,0,508,508,C
1-PB2,1755,0,0,0,514,514,C
1-PB2,1756,513,0,1,0,514,A
1-PB2,1757,511,0,0,0,511,A
1-PB2,1758,0,0,524,0,524,G
1-PB2,1759,2,0,517,0,519,G
1-PB2,1760,1,0,0,517,518,C
1-PB2,1761,1,0,0,513,514,C
1-PB2,1762,514,0,0,0,514,A
1-PB2,1763,0,524,0,0,524,T
1-PB2,1764,0,522,0,0,522,T
1-PB2,1765,526,0,0,0,526,A
1-PB2,1766,0,0,526,0,526,G
1-PB2,1767,514,0,0,0,514,A
1-PB2,1768,532,0,0,0,532,A
1-PB2,1769,0,0,534,0,534,G
1-PB2,1770,0,0,0,539,539,C
1-PB2,1771,0,0,0,538,538,C
1-PB2,1772,544,0,0,0,544,A
1-PB2,1773,550,0,0,0,550,A
1-PB2,1774,0,550,0,0,550,T
1-PB2,1775,554,0,0,0,554,A
1-PB2,1776,0,0,0,558,558,C
1-PB2,1777,530,0,0,0,530,A
1-PB2,1778,0,0,526,0,526,G
1-PB2,1779,0,518,0,1,519,T
1-PB2,1780,0,0,519,0,519,G
1-PB2,1781,1,0,520,0,521,G
1-PB2,1782,0,0,517,0,517,G
1-PB2,1783,0,501,0,0,501,T
1-PB2,1784,0,505,0,0,505,T
1-PB2,1785,0,504,0,0,504,T
1-PB2,1786,0,1,507,0,508,G
1-PB2,1787,0,506,0,0,506,T
1-PB2,1788,0,0,0,513,513,C
1-PB2,1789,502,0,0,0,502,A
1-PB2,1790,0,0,508,0,508,G
1-PB2,1791,502,0,0,0,502,A
1-PB2,1792,498,1,0,0,499,A
1-PB2,1793,0,0,0,500,500,C
1-PB2,1794,0,493,0,0,493,T
1-PB2,1795,1,0,0,512,513,C
1-PB2,1796,0,518,0,0,518,T
1-PB2,1797,519,0,0,0,519,A
1-PB2,1798,0,521,0,1,522,T
1-PB2,1799,0,514,0,0,514,T
1-PB2,1800,1,0,0,514,515,C
1-PB2,1801,0,0,0,515,515,C
1-PB2,1802,513,0,0,0,513,A
1-PB2,1803,516,0,2,0,518,A
1-PB2,1804,0,0,0,517,517,C
1-PB2,1805,522,0,0,0,522,A
1-PB2,1806,525,0,0,0,525,A
1-PB2,1807,515,0,1,0,516,A
1-PB2,1808,0,519,0,0,519,T
1-PB2,1809,1,0,527,0,528,G
1-PB2,1810,519,0,1,0,520,A
1-PB2,1811,0,0,524,0,524,G
1-PB2,1812,519,0,0,0,519,A
1-PB2,1813,1,0,520,0,521,G
1-PB2,1814,517,0,1,0,518,A
1-PB2,1815,0,0,0,520,520,C
1-PB2,1816,0,0,527,0,527,G
1-PB2,1817,0,526,0,0,526,T
1-PB2,1818,526,0,0,0,526,A
1-PB2,1819,0,0,0,533,533,C
1-PB2,1820,0,526,0,0,526,T
1-PB2,1821,0,520,0,0,520,T
1-PB2,1822,0,1,526,0,527,G
1-PB2,1823,0,1,525,0,526,G
1-PB2,1824,0,2,525,0,527,G
1-PB2,1825,521,0,0,0,521,A
1-PB2,1826,0,0,0,524,524,C
1-PB2,1827,525,0,0,0,525,A
1-PB2,1828,1,527,0,0,528,T
1-PB2,1829,0,532,0,0,532,T
1-PB2,1830,0,531,0,0,531,T
1-PB2,1831,0,1,531,0,532,G
1-PB2,1832,531,1,1,0,533,A
1-PB2,1833,1,0,0,527,528,C
1-PB2,1834,527,0,0,0,527,A
1-PB2,1835,0,0,2,525,527,C
1-PB2,1836,1,0,0,517,518,C
1-PB2,1837,514,1,0,0,515,A
1-PB2,1838,0,0,0,527,527,C
1-PB2,1839,1,0,0,527,528,C
1-PB2,1840,0,0,0,535,535,C
1-PB2,1841,530,0,0,0,530,A
1-PB2,1842,523,0,0,0,523,A
1-PB2,1843,531,0,0,0,531,A
1-PB2,1844,0,550,0,0,550,T
1-PB2,1845,548,0,0,0,548,A
1-PB2,1846,550,0,0,0,550,A
1-PB2,1847,0,542,0,1,543,T
1-PB2,1848,545,0,0,0,545,A
1-PB2,1849,547,0,1,0,548,A
1-PB2,1850,538,0,0,0,538,A
1-PB2,1851,0,0,545,0,545,G
1-PB2,1852,0,1,0,543,544,C
1-PB2,1853,0,517,0,0,517,T
1-PB2,1854,0,515,0,0,515,T
1-PB2,1855,0,1,0,526,527,C
1-PB2,1856,0,514,0,1,515,T
1-PB2,1857,0,0,0,534,534,C
1-PB2,1858,0,0,0,533,533,C
1-PB2,1859,0,0,0,537,537,C
1-PB2,1860,0,535,0,1,536,T
1-PB2,1861,0,537,0,0,537,T
1-PB2,1862,0,533,0,0,533,T
1-PB2,1863,0,538,0,0,538,T
1-PB2,1864,0,0,540,0,540,G
1-PB2,1865,0,1,0,537,538,C
1-PB2,1866,523,0,0,0,523,A
1-PB2,1867,0,0,527,0,527,G
1-PB2,1868,0,0,0,523,523,C
1-PB2,1869,0,520,0,1,521,T
1-PB2,1870,0,0,517,0,517,G
1-PB2,1871,0,0,2,516,518,C
1-PB2,1872,0,509,0,0,509,T
1-PB2,1873,0,0,0,518,518,C
1-PB2,1874,0,0,0,525,525,C
1-PB2,1875,526,0,0,0,526,A
1-PB2,1876,0,1,0,530,531,C
1-PB2,1877,1,0,0,532,533,C
1-PB2,1878,526,0,0,0,526,A
1-PB2,1879,526,0,0,0,526,A
1-PB2,1880,522,0,0,0,522,A
1-PB2,1881,0,0,533,0,533,G
1-PB2,1882,0,0,0,526,526,C
1-PB2,1883,517,0,0,0,517,A
1-PB2,1884,518,0,0,0,518,A
1-PB2,1885,514,0,2,0,516,A
1-PB2,1886,0,0,520,0,520,G
1-PB2,1887,1,0,0,517,518,C
1-PB2,1888,513,0,0,0,513,A
1-PB2,1889,0,0,516,0,516,G
1-PB2,1890,508,0,0,0,508,A
1-PB2,1891,518,0,1,0,519,A
1-PB2,1892,0,518,0,0,518,T
1-PB2,1893,0,1,511,0,512,G
1-PB2,1894,0,0,0,516,516,C
1-PB2,1895,505,0,1,0,506,A
1-PB2,1896,0,0,510,0,510,G
1-PB2,1897,0,511,0,0,511,T
1-PB2,1898,0,526,0,0,526,T
1-PB2,1899,3,0,0,530,533,C
1-PB2,1900,0,519,0,0,519,T
1-PB2,1901,1,0,0,524,525,C
1-PB2,1902,0,526,0,0,526,T
1-PB2,1903,0,520,0,0,520,T
1-PB2,1904,0,0,0,526,526,C
1-PB2,1905,521,0,0,0,521,A
1-PB2,1906,0,0,0,522,522,C
1-PB2,1907,0,509,0,0,509,T
1-PB2,1908,1,0,512,0,513,G
1-PB2,1909,508,0,1,0,509,A
1-PB2,1910,0,0,0,526,526,C
1-PB2,1911,0,521,0,0,521,T
1-PB2,1912,0,0,524,1,525,G
1-PB2,1913,0,519,0,0,519,T
1-PB2,1914,0,1,531,0,532,G
1-PB2,1915,524,0,0,0,524,A
1-PB2,1916,528,0,0,0,528,A
1-PB2,1917,0,519,0,0,519,T
1-PB2,1918,0,1,520,0,521,G
1-PB2,1919,0,509,0,0,509,T
1-PB2,1920,0,1,513,0,514,G
1-PB2,1921,500,0,2,0,502,A
1-PB2,1922,0,1,504,0,505,G
1-PB2,1923,0,0,499,0,499,G
1-PB2,1924,0,1,496,0,497,G
1-PB2,1925,0,1,513,0,514,G
1-PB2,1926,503,0,0,0,503,A
1-PB2,1927,0,505,0,0,505,T
1-PB2,1928,0,0,0,508,508,C
1-PB2,1929,500,0,0,0,500,A
1-PB2,1930,0,1,506,0,507,G
1-PB2,1931,0,0,504,0,504,G
1-PB2,1932,0,0,509,0,509,G
1-PB2,1933,507,0,0,0,507,A
1-PB2,1934,0,484,0,0,484,T
1-PB2,1935,0,0,485,0,485,G
1-PB2,1936,478,1,0,0,479,A
1-PB2,1937,0,1,500,0,501,G
1-PB2,1938,492,0,0,0,492,A
1-PB2,1939,493,0,0,0,493,A
1-PB2,1940,0,500,0,1,501,T
1-PB2,1941,495,0,0,0,495,A
1-PB2,1942,1,0,0,498,499,C
1-PB2,1943,0,497,0,0,497,T
1-PB2,1944,0,494,0,0,494,T
1-PB2,1945,0,0,493,0,493,G
1-PB2,1946,0,478,0,1,479,T
1-PB2,1947,479,0,0,0,479,A
1-PB2,1948,477,0,0,0,477,A
1-PB2,1949,0,0,469,0,469,G
1-PB2,1950,0,0,470,0,470,G
1-PB2,1951,0,1,467,0,468,G
1-PB2,1952,0,0,465,0,465,G
1-PB2,1953,1,2,0,468,471,C
1-PB2,1954,467,0,1,0,468,A
1-PB2,1955,470,0,0,0,470,A
1-PB2,1956,0,473,0,0,473,T
1-PB2,1957,0,480,0,0,480,T
1-PB2,1958,0,0,0,483,483,C
1-PB2,1959,0,478,0,1,479,T
1-PB2,1960,1,4,0,489,494,C
1-PB2,1961,0,1,0,490,491,C
1-PB2,1962,0,488,0,0,488,T
1-PB2,1963,0,0,504,0,504,G
1-PB2,1964,0,497,0,0,497,T
1-PB2,1965,496,0,0,4,500,A
1-PB2,1966,0,504,0,0,504,T
1-PB2,1967,0,495,0,0,495,T
1-PB2,1968,1,0,0,499,500,C
1-PB2,1969,492,0,0,0,492,A
1-PB2,1970,503,0,0,0,503,A
1-PB2,1971,0,0,0,498,498,C
1-PB2,1972,0,497,0,1,498,T
1-PB2,1973,495,0,0,0,495,A
1-PB2,1974,0,0,0,516,516,C
1-PB2,1975,514,0,0,0,514,A
1-PB2,1976,516,0,0,0,516,A
1-PB2,1977,0,0,0,512,512,C
1-PB2,1978,508,0,0,0,508,A
1-PB2,1979,506,0,0,0,506,A
1-PB2,1980,0,1,503,0,504,G
1-PB2,1981,508,0,0,0,508,A
1-PB2,1982,0,0,0,508,508,C
1-PB2,1983,2,1,0,488,491,C
1-PB2,1984,493,0,0,0,493,A
1-PB2,1985,0,0,0,519,519,C
1-PB2,1986,0,517,0,0,517,T
1-PB2,1987,513,0,0,0,513,A
1-PB2,1988,514,0,0,0,514,A
1-PB2,1989,512,0,0,0,512,A
1-PB2,1990,508,0,1,0,509,A
1-PB2,1991,0,1,514,0,515,G
1-PB2,1992,508,0,0,0,508,A
1-PB2,1993,0,1,0,510,511,C
1-PB2,1994,0,496,0,1,497,T
1-PB2,1995,499,0,0,0,499,A
1-PB2,1996,499,0,0,0,499,A
1-PB2,1997,0,0,0,501,501,C
1-PB2,1998,498,0,0,0,498,A
1-PB2,1999,493,0,0,0,493,A
1-PB2,2000,0,485,0,0,485,T
1-PB2,2001,0,485,0,0,485,T
1-PB2,2002,0,0,0,491,491,C
1-PB2,2003,0,485,0,0,485,T
1-PB2,2004,1,0,0,486,487,C
1-PB2,2005,0,0,490,0,490,G
1-PB2,2006,0,0,489,0,489,G
1-PB2,2007,490,0,0,0,490,A
1-PB2,2008,491,0,0,0,491,A
1-PB2,2009,491,0,0,0,491,A
1-PB2,2010,490,0,0,0,490,A
1-PB2,2011,0,0,489,0,489,G
1-PB2,2012,486,0,0,0,486,A
1-PB2,2013,0,487,0,0,487,T
1-PB2,2014,0,1,484,0,485,G
1-PB2,2015,0,1,0,477,478,C
1-PB2,2016,1,0,0,484,485,C
1-PB2,2017,0,1,488,0,489,G
1-PB2,2018,0,1,480,0,481,G
1-PB2,2019,0,0,0,487,487,C
1-PB2,2020,487,0,0,0,487,A
1-PB2,2021,0,0,0,513,513,C
1-PB2,2022,0,514,0,0,514,T
1-PB2,2023,1,509,0,0,510,T
1-PB2,2024,0,513,0,0,513,T
1-PB2,2025,514,0,0,0,514,A
1-PB2,2026,513,0,1,0,514,A
1-PB2,2027,0,515,0,0,515,T
1-PB2,2028,490,0,0,0,490,A
1-PB2,2029,0,1,494,0,495,G
1-PB2,2030,494,0,0,0,494,A
1-PB2,2031,496,0,0,0,496,A
1-PB2,2032,1,0,494,0,495,G
1-PB2,2033,496,0,0,0,496,A
1-PB2,2034,0,0,0,498,498,C
1-PB2,2035,0,0,0,498,498,C
1-PB2,2036,0,0,0,495,495,C
1-PB2,2037,493,0,0,0,493,A
1-PB2,2038,0,0,499,0,499,G
1-PB2,2039,501,0,1,0,502,A
1-PB2,2040,0,499,0,0,499,T
1-PB2,2041,1,1,498,0,500,G
1-PB2,2042,484,0,0,0,484,A
1-PB2,2043,485,0,1,0,486,A
1-PB2,2044,489,0,0,0,489,A
1-PB2,2045,0,1,486,0,487,G
1-PB2,2046,0,0,0,486,486,C
1-PB2,2047,483,0,0,0,483,A
1-PB2,2048,0,0,0,490,490,C
1-PB2,2049,492,0,0,0,492,A
1-PB2,2050,0,487,0,0,487,T
1-PB2,2051,0,0,0,490,490,C
1-PB2,2052,0,0,0,496,496,C
1-PB2,2053,0,0,498,0,498,G
1-PB2,2054,1,0,498,0,499,G
1-PB2,2055,499,0,0,0,499,A
1-PB2,2056,0,0,508,0,508,G
1-PB2,2057,0,486,0,0,486,T
1-PB2,2058,1,0,482,0,483,G
1-PB2,2059,0,0,483,0,483,G
1-PB2,2060,486,0,1,0,487,A
1-PB2,2061,0,0,485,0,485,G
1-PB2,2062,0,478,0,0,478,T
1-PB2,2063,0,0,0,471,471,C
1-PB2,2064,0,0,0,473,473,C
1-PB2,2065,0,1,478,0,479,G
1-PB2,2066,0,0,0,472,472,C
1-PB2,2067,0,0,0,472,472,C
1-PB2,2068,0,0,490,0,490,G
1-PB2,2069,0,483,0,0,483,T
1-PB2,2070,1,0,0,492,493,C
1-PB2,2071,0,491,0,0,491,T
1-PB2,2072,0,494,0,0,494,T
1-PB2,2073,1,1,486,0,488,G
1-PB2,2074,483,0,0,0,483,A
1-PB2,2075,0,0,489,0,489,G
1-PB2,2076,483,0,0,0,483,A
1-PB2,2077,0,0,467,0,467,G
1-PB2,2078,0,0,470,0,470,G
1-PB2,2079,0,0,466,0,466,G
1-PB2,2080,0,463,0,0,463,T
1-PB2,2081,0,464,0,0,464,T
1-PB2,2082,0,465,0,1,466,T
1-PB2,2083,0,0,0,467,467,C
1-PB2,2084,0,467,0,1,468,T
1-PB2,2085,1,0,0,488,489,C
1-PB2,2086,483,0,0,0,483,A
1-PB2,2087,0,470,0,0,470,T
1-PB2,2088,0,473,0,0,473,T
1-PB2,2089,471,0,0,0,471,A
1-PB2,2090,0,474,0,0,474,T
1-PB2,2091,457,0,0,0,457,A
1-PB2,2092,0,1,458,0,459,G
1-PB2,2093,0,0,467,0,467,G
1-PB2,2094,0,439,0,0,439,T
1-PB2,2095,440,0,0,0,440,A
1-PB2,2096,439,0,0,0,439,A
1-PB2,2097,0,0,439,0,439,G
1-PB2,2098,0,0,444,0,444,G
1-PB2,2099,439,0,0,0,439,A
1-PB2,2100,431,0,0,0,431,A
1-PB2,2101,1,1,424,0,426,G
1-PB2,2102,426,0,0,0,426,A
1-PB2,2103,1,0,0,428,429,C
1-PB2,2104,426,0,0,0,426,A
1-PB2,2105,0,0,431,0,431,G
1-PB2,2106,423,0,2,0,425,A
1-PB2,2107,423,0,0,0,423,A
1-PB2,2108,0,0,425,0,425,G
1-PB2,2109,423,0,1,0,424,A
1-PB2,2110,0,418,0,0,418,T
1-PB2,2111,419,0,0,0,419,A
1-PB2,2112,0,0,0,420,420,C
1-PB2,2113,0,0,417,0,417,G
1-PB2,2114,0,1,431,0,432,G
1-PB2,2115,422,0,0,0,422,A
1-PB2,2116,0,0,0,426,426,C
1-PB2,2117,0,0,0,425,425,C
1-PB2,2118,420,0,1,0,421,A
1-PB2,2119,0,0,442,0,442,G
1-PB2,2120,0,0,0,437,437,C
1-PB2,2121,441,0,0,0,441,A
1-PB2,2122,0,444,0,0,444,T
1-PB2,2123,0,431,0,0,431,T
1-PB2,2124,430,0,0,0,430,A
1-PB2,2125,429,0,0,0,429,A
1-PB2,2126,0,0,426,0,426,G
1-PB2,2127,0,0,0,423,423,C
1-PB2,2128,401,0,0,0,401,A
1-PB2,2129,0,409,0,0,409,T
1-PB2,2130,0,0,0,409,409,C
1-PB2,2131,406,0,0,0,406,A
1-PB2,2132,403,0,0,0,403,A
1-PB2,2133,0,403,0,0,403,T
1-PB2,2134,0,0,403,0,403,G
1-PB2,2135,402,0,0,0,402,A
1-PB2,2136,397,0,0,0,397,A
1-PB2,2137,0,0,0,400,400,C
1-PB2,2138,0,378,0,0,378,T
1-PB2,2139,0,0,399,0,399,G
1-PB2,2140,396,0,0,0,396,A
1-PB2,2141,0,0,395,0,395,G
1-PB2,2142,0,394,0,0,394,T
1-PB2,2143,392,0,0,0,392,A
1-PB2,2144,388,0,0,0,388,A
1-PB2,2145,0,0,0,399,399,C
1-PB2,2146,1,0,0,380,381,C
1-PB2,2147,0,381,0,4,385,T
1-PB2,2148,0,378,0,0,378,T
1-PB2,2149,0,0,378,0,378,G
1-PB2,2150,0,0,0,377,377,C
1-PB2,2151,373,0,0,0,373,A
1-PB2,2152,372,0,0,0,372,A
1-PB2,2153,370,0,0,0,370,A
1-PB2,2154,367,0,1,0,368,A
1-PB2,2155,0,0,369,0,369,G
1-PB2,2156,1,1,361,0,363,G
1-PB2,2157,0,0,366,0,366,G
1-PB2,2158,0,0,360,0,360,G
1-PB2,2159,358,0,0,0,358,A
1-PB2,2160,361,0,0,0,361,A
1-PB2,2161,362,0,0,0,362,A
1-PB2,2162,364,0,0,0,364,A
1-PB2,2163,0,0,367,0,367,G
1-PB2,2164,1,0,359,0,360,G
1-PB2,2165,0,0,0,359,359,C
1-PB2,2166,0,357,0,0,357,T
1-PB2,2167,354,0,1,0,355,A
1-PB2,2168,357,0,0,0,357,A
1-PB2,2169,0,355,0,0,355,T
1-PB2,2170,0,0,363,0,363,G
1-PB2,2171,0,348,0,0,348,T
1-PB2,2172,0,0,345,0,345,G
1-PB2,2173,0,0,0,345,345,C
1-PB2,2174,0,345,0,0,345,T
1-PB2,2175,344,0,1,0,345,A
1-PB2,2176,340,0,0,0,340,A
1-PB2,2177,1,332,0,0,333,T
1-PB2,2178,1,0,0,335,336,C
1-PB2,2179,0,0,324,0,324,G
1-PB2,2180,0,0,330,0,330,G
1-PB2,2181,0,0,325,0,325,G
1-PB2,2182,0,0,0,331,331,C
1-PB2,2183,331,0,0,0,331,A
1-PB2,2184,327,0,1,0,328,A
1-PB2,2185,0,0,330,0,330,G
1-PB2,2186,0,0,332,0,332,G
1-PB2,2187,330,0,0,0,330,A
1-PB2,2188,0,0,329,0,329,G
1-PB2,2189,319,0,0,0,319,A
1-PB2,2190,0,0,0,320,320,C
1-PB2,2191,0,0,319,0,319,G
1-PB2,2192,0,315,0,0,315,T
1-PB2,2193,0,0,322,0,322,G
1-PB2,2194,0,0,330,0,330,G
1-PB2,2195,0,321,0,0,321,T
1-PB2,2196,0,0,323,0,323,G
1-PB2,2197,0,312,0,0,312,T
1-PB2,2198,0,307,0,1,308,T
1-PB2,2199,0,0,311,0,311,G
1-PB2,2200,0,0,310,0,310,G
1-PB2,2201,0,309,0,0,309,T
1-PB2,2202,302,0,0,0,302,A
1-PB2,2203,290,0,0,0,290,A
1-PB2,2204,0,282,0,0,282,T
1-PB2,2205,0,0,279,0,279,G
1-PB2,2206,279,0,0,0,279,A
1-PB2,2207,276,0,0,0,276,A
1-PB2,2208,277,0,0,0,277,A
1-PB2,2209,0,0,0,273,273,C
1-PB2,2210,0,0,270,0,270,G
1-PB2,2211,271,0,0,0,271,A
1-PB2,2212,271,0,0,0,271,A
1-PB2,2213,270,0,0,0,270,A
1-PB2,2214,271,0,0,0,271,A
1-PB2,2215,0,0,0,273,273,C
1-PB2,2216,0,0,270,0,270,G
1-PB2,2217,0,0,269,0,269,G
1-PB2,2218,0,0,270,0,270,G
1-PB2,2219,267,0,0,0,267,A
1-PB2,2220,0,0,0,271,271,C
1-PB2,2221,0,269,0,1,270,T
1-PB2,2222,0,0,0,278,278,C
1-PB2,2223,0,277,0,0,277,T
1-PB2,2224,279,0,0,0,279,A
1-PB2,2225,0,0,279,0,279,G
1-PB2,2226,1,0,0,275,276,C
1-PB2,2227,274,0,0,0,274,A
1-PB2,2228,0,272,0,0,272,T
1-PB2,2229,260,0,0,0,260,A
1-PB2,2230,0,0,0,263,263,C
1-PB2,2231,0,230,0,0,230,T
1-PB2,2232,0,228,0,0,228,T
1-PB2,2233,221,0,0,0,221,A
1-PB2,2234,0,0,0,220,220,C
1-PB2,2235,0,217,0,0,217,T
1-PB2,2236,0,0,214,0,214,G
1-PB2,2237,208,0,0,0,208,A
1-PB2,2238,0,0,0,210,210,C
1-PB2,2239,191,0,0,0,191,A
1-PB2,2240,0,0,191,0,191,G
1-PB2,2241,0,1,0,189,190,C
1-PB2,2242,0,0,0,189,189,C
1-PB2,2243,189,0,0,0,189,A
1-PB2,2244,0,0,189,0,189,G
1-PB2,2245,185,0,0,0,185,A
1-PB2,2246,0,0,0,186,186,C
1-PB2,2247,175,0,1,0,176,A
1-PB2,2248,0,0,177,0,177,G
1-PB2,2249,0,1,0,167,168,C
1-PB2,2250,0,1,167,0,168,G
1-PB2,2251,162,0,0,0,162,A
1-PB2,2252,0,0,0,167,167,C
1-PB2,2253,0,0,0,166,166,C
1-PB2,2254,168,0,0,0,168,A
1-PB2,2255,169,0,0,0,169,A
1-PB2,2256,168,0,0,0,168,A
1-PB2,2257,168,0,1,0,169,A
1-PB2,2258,0,0,167,0,167,G
1-PB2,2259,165,0,0,0,165,A
1-PB2,2260,165,0,0,0,165,A
1-PB2,2261,0,163,0,0,163,T
1-PB2,2262,0,163,0,0,163,T
1-PB2,2263,1,1,0,160,162,C
1-PB2,2264,0,0,161,0,161,G
1-PB2,2265,0,0,157,0,157,G
1-PB2,2266,157,0,0,0,157,A
1-PB2,2267,0,153,0,0,153,T
1-PB2,2268,0,0,153,0,153,G
1-PB2,2269,0,0,151,0,151,G
1-PB2,2270,0,0,0,145,145,C
1-PB2,2271,0,0,0,150,150,C
1-PB2,2272,149,0,0,0,149,A
1-PB2,2273,0,148,0,0,148,T
1-PB2,2274,0,0,0,144,144,C
1-PB2,2275,146,0,0,0,146,A
1-PB2,2276,144,0,0,0,144,A
1-PB2,2277,0,140,0,0,140,T
1-PB2,2278,0,126,0,0,126,T
1-PB2,2279,118,0,0,0,118,A
1-PB2,2280,118,0,0,0,118,A
2-PB1,1,284,0,0,0,284,A
2-PB1,2,0,285,0,0,285,T
2-PB1,3,0,0,290,0,290,G
2-PB1,4,0,0,309,0,309,G
2-PB1,5,339,0,0,0,339,A
2-PB1,6,0,367,0,0,367,T
2-PB1,7,0,0,367,0,367,G
2-PB1,8,0,365,0,0,365,T
2-PB1,9,0,0,0,395,395,C
2-PB1,10,401,0,0,0,401,A
2-PB1,11,413,0,0,0,413,A
2-PB1,12,0,416,0,1,417,T
2-PB1,13,0,0,0,419,419,C
2-PB1,14,0,0,0,442,442,C
2-PB1,15,0,0,449,0,449,G
2-PB1,16,499,0,0,0,499,A
2-PB1,17,0,0,0,513,513,C
2-PB1,18,0,514,0,0,514,T
2-PB1,19,0,0,0,571,571,C
2-PB1,20,0,571,0,2,573,T
2-PB1,21,578,0,2,0,580,A
2-PB1,22,0,0,0,581,581,C
2-PB1,23,0,579,0,0,579,T
2-PB1,24,0,0,652,0,652,G
2-PB1,25,0,659,0,3,662,T
2-PB1,26,0,658,0,1,659,T
2-PB1,27,0,1,0,656,657,C
2-PB1,28,1,0,0,657,658,C
2-PB1,29,0,764,0,0,764,T
2-PB1,30,770,0,0,1,771,A
2-PB1,31,767,0,0,0,767,A
2-PB1,32,773,0,0,0,773,A
2-PB1,33,0,0,779,0,779,G
2-PB1,34,0,1,779,0,780,G
2-PB1,35,0,770,0,1,771,T
2-PB1,36,0,778,0,0,778,T
2-PB1,37,0,0,0,779,779,C
2-PB1,38,0,0,0,784,784,C
2-PB1,39,787,0,1,0,788,A
2-PB1,40,0,0,789,0,789,G
2-PB1,41,0,1,0,793,794,C
2-PB1,42,0,1,792,0,793,G
2-PB1,43,0,0,0,794,794,C
2-PB1,44,801,0,0,0,801,A
2-PB1,45,798,0,0,0,798,A
2-PB1,46,800,0,0,0,800,A
2-PB1,47,805,0,0,0,805,A
2-PB1,48,0,809,0,0,809,T
2-PB1,49,0,1,832,0,833,G
2-PB1,50,0,2,0,835,837,C
2-PB1,51,0,3,0,841,844,C
2-PB1,52,843,0,0,0,843,A
2-PB1,53,0,846,0,0,846,T
2-PB1,54,895,0,0,0,895,A
2-PB1,55,897,0,2,0,899,A
2-PB1,56,0,1,930,0,931,G
2-PB1,57,0,0,0,926,926,C
2-PB1,58,925,0,0,0,925,A
2-PB1,59,0,0,0,958,958,C
2-PB1,60,955,1,0,0,956,A
2-PB1,61,1002,0,1,0,1003,A
2-PB1,62,3,0,0,1003,1006,C
2-PB1,63,1003,0,0,0,1003,A
2-PB1,64,0,1012,0,0,1012,T
2-PB1,65,0,1001,0,1,1002,T
2-PB1,66,0,0,0,1166,1166,C
2-PB1,67,0,1,0,1174,1175,C
2-PB1,68,1,0,0,1174,1175,C
2-PB1,69,1,1185,0,1,1187,T
2-PB1,70,0,1184,0,0,1184,T
2-PB1,71,1269,0,1,0,1270,A
2-PB1,72,0,1285,0,1,1286,T
2-PB1,73,1290,0,0,0,1290,A
2-PB1,74,1,0,0,1298,1299,C
2-PB1,75,1,1266,0,4,1271,T
2-PB1,76,0,1,1281,0,1282,G
2-PB1,77,0,2,1268,0,1270,G
2-PB1,78,1273,0,0,0,1273,A
2-PB1,79,1,3,1268,0,1272,G
2-PB1,80,1260,0,1,0,1261,A
2-PB1,81,0,1266,0,0,1266,T
2-PB1,82,0,0,0,1334,1334,C
2-PB1,83,0,0,0,1331,1331,C
2-PB1,84,0,1327,0,0,1327,T
2-PB1,85,1,0,0,1429,1430,C
2-PB1,86,0,1,0,1430,1431,C
2-PB1,87,1444,0,0,0,1444,A
2-PB1,88,1,1444,0,2,1447,T
2-PB1,89,1442,0,1,0,1443,A
2-PB1,90,0,0,0,1444,1444,C
2-PB1,91,1422,0,1,0,1423,A
2-PB1,92,0,0,1475,0,1475,G
2-PB1,93,2,0,0,1492,1494,C
2-PB1,94,0,0,0,1483,1483,C
2-PB1,95,1487,0,0,0,1487,A
2-PB1,96,0,1489,0,2,1491,T
2-PB1,97,0,2,1483,0,1485,G
2-PB1,98,0,3,1546,0,1549,G
2-PB1,99,1564,0,0,0,1564,A
2-PB1,100,1576,0,0,0,1576,A
2-PB1,101,0,0,0,1583,1583,C
2-PB1,102,1562,0,2,0,1564,A
2-PB1,103,0,0,1596,0,1596,G
2-PB1,104,0,3,1613,0,1616,G
2-PB1,105,1614,0,2,0,1616,A
2-PB1,106,1626,0,2,0,1628,A
2-PB1,107,0,0,0,1631,1631,C
2-PB1,108,1622,0,0,0,1622,A
2-PB1,109,0,1,1805,0,1806,G
2-PB1,110,1,1,1788,0,1790,G
2-PB1,111,0,0,1807,0,1807,G
2-PB1,112,0,1799,0,2,1801,T
2-PB1,113,1816,0,2,0,1818,A
2-PB1,114,0,1,0,1838,1839,C
2-PB1,115,1864,1,5,0,1870,A
2-PB1,116,0,0,0,1940,1940,C
2-PB1,117,0,0,0,1934,1934,C
2-PB1,118,1888,0,0,0,1888,A
2-PB1,119,0,1874,0,0,1874,T
2-PB1,120,1,0,1876,0,1877,G
2-PB1,121,0,1,1874,0,1875,G
2-PB1,122,1881,0,1,0,1882,A
2-PB1,123,0,0,0,1891,1891,C
2-PB1,124,1858,0,1,0,1859,A
2-PB1,125,1,0,0,1908,1909,C
2-PB1,126,1907,0,0,0,1907,A
2-PB1,127,0,0,1952,0,1952,G
2-PB1,128,0,1942,0,0,1942,T
2-PB1,129,2,0,0,1996,1998,C
2-PB1,130,2003,0,0,0,2003,A
2-PB1,131,2008,0,2,0,2010,A
2-PB1,132,0,0,0,2018,2018,C
2-PB1,133,2015,0,0,0,2015,A
2-PB1,134,0,4,2041,1,2046,G
2-PB1,135,2011,0,1,0,2012,A
2-PB1,136,2009,0,3,0,2012,A
2-PB1,137,0,0,0,2011,2011,C
2-PB1,138,1975,0,0,0,1975,A
2-PB1,139,0,0,0,2024,2024,C
2-PB1,140,2002,0,2,0,2004,A
2-PB1,141,0,3,0,2093,2096,C
2-PB1,142,1,0,0,2093,2094,C
2-PB1,143,2100,0,0,0,2100,A
2-PB1,144,2103,0,2,0,2105,A
2-PB1,145,0,2151,0,1,2152,T
2-PB1,146,2213,0,0,0,2213,A
2-PB1,147,0,2209,0,1,2210,T
2-PB1,148,1,2186,0,0,2187,T
2-PB1,149,2,1,1,2200,2204,C
2-PB1,150,2138,0,1,0,2139,A
2-PB1,151,0,1,2135,0,2136,G
2-PB1,152,2127,0,2,0,2129,A
2-PB1,153,0,0,2136,0,2136,G
2-PB1,154,2071,0,3,0,2074,A
2-PB1,155,3,2,2045,0,2050,G
2-PB1,156,0,2,2042,0,2044,G
2-PB1,157,0,3,2110,0,2113,G
2-PB1,158,0,1,2111,0,2112,G
2-PB1,159,0,2,2132,0,2134,G
2-PB1,160,2136,0,0,0,2136,A
2-PB1,161,2132,1,1,0,2134,A
2-PB1,162,0,1,2150,0,2151,G
2-PB1,163,0,2105,0,1,2106,T
2-PB1,164,2,2,2117,0,2121,G
2-PB1,165,0,2,2110,0,2112,G
2-PB1,166,2119,0,7,0,2126,A
2-PB1,167,0,1,0,2126,2127,C
2-PB1,168,0,1,2129,0,2130,G
2-PB1,169,2164,0,2,0,2166,A
2-PB1,170,0,0,0,2184,2184,C
2-PB1,171,2180,0,1,0,2181,A
2-PB1,172,2185,0,1,0,2186,A
2-PB1,173,2195,0,0,0,2195,A
2-PB1,174,0,2237,0,0,2237,T
2-PB1,175,2254,0,3,0,2257,A
2-PB1,176,2,4,0,2254,2260,C
2-PB1,177,2233,0,1,1,2235,A
2-PB1,178,0,2,2238,0,2240,G
2-PB1,179,2222,0,1,0,2223,A
2-PB1,180,2245,0,0,0,2245,A
2-PB1,181,2245,0,0,0,2245,A
2-PB1,182,0,2,0,2242,2244,C
2-PB1,183,0,2194,0,0,2194,T
2-PB1,184,0,0,2188,0,2188,G
2-PB1,185,0,1,2172,0,2173,G
2-PB1,186,0,1,2145,0,2146,G
2-PB1,187,1,0,2157,0,2158,G
2-PB1,188,0,0,0,2180,2180,C
2-PB1,189,2177,0,0,0,2177,A
2-PB1,190,1,1,0,2256,2258,C
2-PB1,191,0,1,0,2254,2255,C
2-PB1,192,0,1,0,2260,2261,C
2-PB1,193,1,0,0,2271,2272,C
2-PB1,194,2279,0,0,0,2279,A
2-PB1,195,2296,0,0,0,2296,A
2-PB1,196,0,0,0,2299,2299,C
2-PB1,197,0,2279,0,2,2281,T
2-PB1,198,3,0,0,2293,2296,C
2-PB1,199,2232,0,1,0,2233,A
2-PB1,200,2253,0,0,0,2253,A
2-PB1,201,0,0,0,2262,2262,C
2-PB1,202,0,0,0,2251,2251,C
2-PB1,203,1,0,0,2256,2257,C
2-PB1,204,2258,1,0,0,2259,A
2-PB1,205,2263,0,0,0,2263,A
2-PB1,206,0,2275,0,1,2276,T
2-PB1,207,0,2272,0,0,2272,T
2-PB1,208,0,1,2285,0,2286,G
2-PB1,209,2257,0,1,0,2258,A
2-PB1,210,0,2253,0,0,2253,T
2-PB1,211,0,0,2240,0,2240,G
2-PB1,212,0,2,2264,0,2266,G
2-PB1,213,2294,0,3,0,2297,A
2-PB1,214,0,2,0,2312,2314,C
2-PB1,215,2,0,0,2292,2294,C
2-PB1,216,2277,0,3,0,2280,A
2-PB1,217,0,0,0,2324,2324,C
2-PB1,218,0,2319,0,0,2319,T
2-PB1,219,2361,1,1,0,2363,A
2-PB1,220,1,0,0,2378,2379,C
2-PB1,221,0,0,0,2358,2358,C
2-PB1,222,0,2313,0,2,2315,T
2-PB1,223,3,1,2332,0,2336,G
2-PB1,224,2328,1,3,0,2332,A
2-PB1,225,0,1,2330,1,2332,G
2-PB1,226,0,1,2335,0,2336,G
2-PB1,227,2315,0,2,0,2317,A
2-PB1,228,0,2301,0,2,2303,T
2-PB1,229,2273,0,0,0,2273,A
2-PB1,230,2272,0,3,0,2275,A
2-PB1,231,0,2274,0,0,2274,T
2-PB1,232,0,2,2268,0,2270,G
2-PB1,233,2249,1,2,0,2252,A
2-PB1,234,2230,0,2,0,2232,A
2-PB1,235,0,1,0,2259,2260,C
2-PB1,236,2,0,0,2225,2227,C
2-PB1,237,2231,0,0,0,2231,A
2-PB1,238,2222,0,1,0,2223,A
2-PB1,239,1,1,2236,0,2238,G
2-PB1,240,1,2207,0,2,2210,T
2-PB1,241,0,1,2228,1,2230,G
2-PB1,242,0,1,2254,0,2255,G
2-PB1,243,2253,0,2,0,2255,A
2-PB1,244,0,2256,0,0,2256,T
2-PB1,245,2266,0,1,0,2267,A
2-PB1,246,0,2291,0,1,2292,T
2-PB1,247,0,2,2294,0,2296,G
2-PB1,248,1,3,0,2293,2297,C
2-PB1,249,2288,1,0,0,2289,A
2-PB1,250,1,0,0,2372,2373,C
2-PB1,251,2331,0,1,0,2332,A
2-PB1,252,2379,0,0,0,2379,A
2-PB1,253,2367,0,0,0,2367,A
2-PB1,254,0,0,0,2380,2380,C
2-PB1,255,2332,0,2,0,2334,A
2-PB1,256,0,0,2356,0,2356,G
2-PB1,257,2351,0,3,0,2354,A
2-PB1,258,0,1,1,2369,2371,C
2-PB1,259,0,2285,0,0,2285,T
2-PB1,260,0,0,2336,0,2336,G
2-PB1,261,0,2279,0,0,2279,T
2-PB1,262,0,0,2405,0,2405,G
2-PB1,263,0,2388,0,2,2390,T
2-PB1,264,3,0,0,2403,2406,C
2-PB1,265,4,0,0,2401,2405,C
2-PB1,266,1,2401,0,2,2404,T
2-PB1,267,0,0,2397,0,2397,G
2-PB1,268,0,0,2395,0,2395,G
2-PB1,269,2347,0,4,0,2351,A
2-PB1,270,1,0,2392,0,2393,G
2-PB1,271,0,2,2332,0,2334,G
2-PB1,272,0,0,0,2349,2349,C
2-PB1,273,0,2338,0,1,2339,T
2-PB1,274,2333,0,0,1,2334,A
2-PB1,275,0,2330,1,0,2331,T
2-PB1,276,1,0,2331,0,2332,G
2-PB1,277,0,1,2312,1,2314,G
2-PB1,278,0,1,0,2315,2316,C
2-PB1,279,4,0,0,2298,2302,C
2-PB1,280,2,2284,0,0,2286,T
2-PB1,281,0,2399,0,0,2399,T
2-PB1,282,2,0,0,2395,2397,C
2-PB1,283,3,0,0,2413,2416,C
2-PB1,284,0,2421,0,2,2423,T
2-PB1,285,0,2417,0,0,2417,T
2-PB1,286,0,3,2425,0,2428,G
2-PB1,287,2415,0,1,0,2416,A
2-PB1,288,2431,2,0,0,2433,A
2-PB1,289,0,1,2414,1,2416,G
2-PB1,290,2344,0,3,0,2347,A
2-PB1,291,2364,0,0,0,2364,A
2-PB1,292,0,2346,0,1,2347,T
2-PB1,293,0,0,0,2359,2359,C
2-PB1,294,1,0,0,2349,2350,C
2-PB1,295,1,1,0,2343,2345,C
2-PB1,296,2329,0,3,0,2332,A
2-PB1,297,0,0,1,2371,2372,C
2-PB1,298,1,1,0,2368,2370,C
2-PB1,299,1,0,0,2371,2372,C
2-PB1,300,2338,0,1,0,2339,A
2-PB1,301,0,0,2344,0,2344,G
2-PB1,302,1,0,2351,0,2352,G
2-PB1,303,0,2312,0,1,2313,T
2-PB1,304,2374,0,0,0,2374,A
2-PB1,305,0,2362,0,1,2363,T
2-PB1,306,0,0,0,2379,2379,C
2-PB1,307,0,2374,0,2,2376,T
2-PB1,308,0,2380,0,0,2380,T
2-PB1,309,1,2372,0,0,2373,T
2-PB1,310,0,1,2365,0,2366,G
2-PB1,311,2332,0,1,0,2333,A
2-PB1,312,0,4,2334,0,2338,G
2-PB1,313,2314,0,0,0,2314,A
2-PB1,314,2317,0,2,0,2319,A
2-PB1,315,0,0,0,2346,2346,C
2-PB1,316,1,2309,0,1,2311,T
2-PB1,317,3,1,0,2325,2329,C
2-PB1,318,2321,0,1,0,2322,A
2-PB1,319,0,2317,0,3,2320,T
2-PB1,320,1,2,2325,0,2328,G
2-PB1,321,0,2,0,2349,2351,C
2-PB1,322,3,0,0,2368,2371,C
2-PB1,323,0,2349,0,0,2349,T
2-PB1,324,0,2324,0,1,2325,T
2-PB1,325,0,3,2340,0,2343,G
2-PB1,326,2346,1,1,0,2348,A
2-PB1,327,2351,0,1,0,2352,A
2-PB1,328,2358,0,0,2,2360,A
2-PB1,329,1,1,0,2380,2382,C
2-PB1,330,2338,0,1,0,2339,A
2-PB1,331,2344,0,0,0,2344,A
2-PB1,332,0,2354,0,1,2355,T
2-PB1,333,3,3,2330,0,2336,G
2-PB1,334,0,0,2349,1,2350,G
2-PB1,335,2298,0,3,0,2301,A
2-PB1,336,2302,0,3,0,2305,A
2-PB1,337,0,0,2289,0,2289,G
2-PB1,338,1,0,1,2291,2293,C
2-PB1,339,1,0,0,2291,2292,C
2-PB1,340,0,0,2321,0,2321,G
2-PB1,341,0,2290,0,2,2292,T
2-PB1,342,0,2298,1,1,2300,T
2-PB1,343,6,0,0,2328,2334,C
2-PB1,344,2328,0,1,0,2329,A
2-PB1,345,2355,0,2,0,2357,A
2-PB1,346,0,0,0,2365,2365,C
2-PB1,347,2362,0,4,0,2366,A
2-PB1,348,0,1,2388,0,2389,G
2-PB1,349,2357,0,0,1,2358,A
2-PB1,350,0,0,0,2352,2352,C
2-PB1,351,2361,0,0,0,2361,A
2-PB1,352,2354,2,2,0,2358,A
2-PB1,353,1,2,2387,0,2390,G
2-PB1,354,0,1,2358,0,2359,G
2-PB1,355,1,1,2353,0,2355,G
2-PB1,356,0,2263,0,0,2263,T
2-PB1,357,0,3,2309,0,2312,G
2-PB1,358,0,2,2320,0,2322,G
2-PB1,359,2324,0,3,0,2327,A
2-PB1,360,1,0,0,2327,2328,C
2-PB1,361,2309,0,0,0,2309,A
2-PB1,362,2332,0,1,0,2333,A
2-PB1,363,2330,0,1,0,2331,A
2-PB1,364,3,0,0,2334,2337,C
2-PB1,365,0,2312,0,2,2314,T
2-PB1,366,2325,0,2,0,2327,A
2-PB1,367,2315,1,1,0,2317,A
2-PB1,368,1,0,0,2335,2336,C
2-PB1,369,1,0,0,2333,2334,C
2-PB1,370,3,1,0,2329,2333,C
2-PB1,371,2247,0,1,0,2248,A
2-PB1,372,2244,0,3,0,2247,A
2-PB1,373,2,1,2253,0,2256,G
2-PB1,374,0,0,2249,0,2249,G
2-PB1,375,0,2202,0,3,2205,T
2-PB1,376,2,0,0,2226,2228,C
2-PB1,377,0,1,2215,0,2216,G
2-PB1,378,0,1,0,2222,2223,C
2-PB1,379,3,0,0,2235,2238,C
2-PB1,380,2233,0,1,0,2234,A
2-PB1,381,0,1,2296,0,2297,G
2-PB1,382,2320,0,0,0,2320,A
2-PB1,383,1,0,0,2347,2348,C
2-PB1,384,0,2329,0,0,2329,T
2-PB1,385,0,2316,0,1,2317,T
2-PB1,386,2310,0,2,0,2312,A
2-PB1,387,1,2328,0,0,2329,T
2-PB1,388,0,2,2335,0,2337,G
2-PB1,389,2318,0,0,0,2318,A
2-PB1,390,0,2257,0,1,2258,T
2-PB1,391,0,2173,0,0,2173,T
2-PB1,392,0,1,2160,0,2161,G
2-PB1,393,0,5,2132,0,2137,G
2-PB1,394,2173,0,2,0,2175,A
2-PB1,395,1,0,0,2182,2183,C
2-PB1,396,2161,0,0,0,2161,A
2-PB1,397,0,2141,0,0,2141,T
2-PB1,398,0,2169,0,0,2169,T
2-PB1,399,2183,0,1,0,2184,A
2-PB1,400,2177,1,1,0,2179,A
2-PB1,401,2176,0,0,0,2176,A
2-PB1,402,0,0,0,2182,2182,C
2-PB1,403,2150,0,3,1,2154,A
2-PB1,404,0,4,2156,0,2160,G
2-PB1,405,2154,0,0,0,2154,A
2-PB1,406,2157,0,0,0,2157,A
2-PB1,407,2150,0,2,0,2152,A
2-PB1,408,0,2118,0,1,2119,T
2-PB1,409,5,0,0,2135,2140,C
2-PB1,410,2139,0,1,0,2140,A
2-PB1,411,2135,0,1,0,2136,A
2-PB1,412,2,1,1,2132,2136,C
2-PB1,413,1,3,0,2120,2124,C
2-PB1,414,0,0,2112,0,2112,G
2-PB1,415,1,0,2099,0,2100,G
2-PB1,416,2,2,0,2111,2115,C
2-PB1,417,2106,0,3,0,2109,A
2-PB1,418,1,0,2110,0,2111,G
2-PB1,419,0,0,0,2133,2133,C
2-PB1,420,2138,0,0,0,2138,A
2-PB1,421,2134,0,2,0,2136,A
2-PB1,422,0,0,0,2149,2149,C
2-PB1,423,0,2129,0,1,2130,T
2-PB1,424,1,0,2227,0,2228,G
2-PB1,425,0,0,0,2220,2220,C
2-PB1,426,2222,8,3,0,2233,A
2-PB1,427,1,2224,0,2,2227,T
2-PB1,428,0,2204,0,1,2205,T
2-PB1,429,2312,9,1,1,2323,A
2-PB1,430,0,2,2299,0,2301,G
2-PB1,431,0,0,0,2273,2273,C
2-PB1,432,2,1,0,2302,2305,C
2-PB1,433,2222,0,2,0,2224,A
2-PB1,434,2236,1,1,0,2238,A
2-PB1,435,0,1,0,2248,2249,C
2-PB1,436,2251,0,1,0,2252,A
2-PB1,437,0,0,0,2315,2315,C
2-PB1,438,1,1,0,2170,2172,C
2-PB1,439,2163,0,2,0,2165,A
2-PB1,440,0,2157,0,0,2157,T
2-PB1,441,2173,0,0,0,2173,A
2-PB1,442,0,2,2164,0,2166,G
2-PB1,443,2156,0,0,1,2157,A
2-PB1,444,2122,0,0,0,2122,A
2-PB1,445,0,0,2133,0,2133,G
2-PB1,446,0,2052,4,0,2056,T
2-PB1,447,0,2056,0,0,2056,T
2-PB1,448,0,2081,0,0,2081,T
2-PB1,449,0,2078,0,0,2078,T
2-PB1,450,0,2083,0,0,2083,T
2-PB1,451,2083,0,0,0,2083,A
2-PB1,452,0,1,2074,0,2075,G
2-PB1,453,2079,0,0,0,2079,A
2-PB1,454,0,2059,0,1,2060,T
2-PB1,455,0,1,0,2035,2036,C
2-PB1,456,2,0,2047,0,2049,G
2-PB1,457,2032,1,1,0,2034,A
2-PB1,458,2039,0,0,0,2039,A
2-PB1,459,0,0,0,2068,2068,C
2-PB1,460,0,3,2057,0,2060,G
2-PB1,461,2,0,2143,0,2145,G
2-PB1,462,2131,0,1,0,2132,A
2-PB1,463,0,2140,0,0,2140,T
2-PB1,464,0,2147,0,0,2147,T
2-PB1,465,2119,0,12,0,2131,A
2-PB1,466,2134,0,1,0,2135,A
2-PB1,467,0,0,0,2147,2147,C
2-PB1,468,2128,0,3,0,2131,A
2-PB1,469,0,0,2151,0,2151,G
2-PB1,470,1,0,0,2059,2060,C
2-PB1,471,0,2060,0,0,2060,T
2-PB1,472,2076,0,1,0,2077,A
2-PB1,473,2066,0,1,0,2067,A
2-PB1,474,0,2065,0,0,2065,T
2-PB1,475,1,3,2095,0,2099,G
2-PB1,476,2085,0,0,0,2085,A
2-PB1,477,2092,1,0,0,2093,A
2-PB1,478,0,2036,0,0,2036,T
2-PB1,479,2,0,1,2049,2052,C
2-PB1,480,2051,0,4,0,2055,A
2-PB1,481,0,0,2046,0,2046,G
2-PB1,482,0,1,2032,0,2033,G
2-PB1,483,2028,0,1,0,2029,A
2-PB1,484,2004,0,2,0,2006,A
2-PB1,485,1,3,2071,0,2075,G
2-PB1,486,0,0,2070,0,2070,G
2-PB1,487,1,0,0,2073,2074,C
2-PB1,488,0,2096,0,0,2096,T
2-PB1,489,2101,0,0,0,2101,A
2-PB1,490,2102,0,2,0,2104,A
2-PB1,491,0,2098,0,0,2098,T
2-PB1,492,2102,0,0,0,2102,A
2-PB1,493,2,2,2101,0,2105,G
2-PB1,494,1965,0,0,0,1965,A
2-PB1,495,0,1932,0,1,1933,T
2-PB1,496,0,1930,0,2,1932,T
2-PB1,497,0,1917,0,0,1917,T
2-PB1,498,1,0,0,1990,1991,C
2-PB1,499,0,0,0,1996,1996,C
2-PB1,500,0,1994,0,0,1994,T
2-PB1,501,1,1,0,2024,2026,C
2-PB1,502,2025,0,1,2,2028,A
2-PB1,503,2023,0,0,0,2023,A
2-PB1,504,0,4,2027,0,2031,G
2-PB1,505,0,0,2060,0,2060,G
2-PB1,506,2044,0,0,0,2044,A
2-PB1,507,0,1971,0,0,1971,T
2-PB1,508,0,2,2007,0,2009,G
2-PB1,509,0,1983,0,6,1989,T
2-PB1,510,2,4,2026,0,2032,G
2-PB1,511,2023,0,1,0,2024,A
2-PB1,512,0,2029,0,0,2029,T
2-PB1,513,3,1,2023,0,2027,G
2-PB1,514,2,1,2002,1,2006,G
2-PB1,515,2002,0,2,0,2004,A
2-PB1,516,2005,0,2,0,2007,A
2-PB1,517,0,1949,0,0,1949,T
2-PB1,518,0,0,0,1978,1978,C
2-PB1,519,1965,0,0,0,1965,A
2-PB1,520,1964,0,0,0,1964,A
2-PB1,521,1,1970,0,0,1971,T
2-PB1,522,0,1,1987,0,1988,G
2-PB1,523,0,5,1989,0,1994,G
2-PB1,524,1973,0,1,0,1974,A
2-PB1,525,0,1976,0,0,1976,T
2-PB1,526,1977,0,0,0,1977,A
2-PB1,527,1967,0,0,0,1967,A
2-PB1,528,1968,0,1,0,1969,A
2-PB1,529,0,1,1999,0,2000,G
2-PB1,530,1970,0,2,0,1972,A
2-PB1,531,0,1,1959,0,1960,G
2-PB1,532,1,5,1951,0,1957,G
2-PB1,533,1943,0,2,0,1945,A
2-PB1,534,1943,0,0,0,1943,A
2-PB1,535,1956,0,2,0,1958,A
2-PB1,536,0,1953,0,0,1953,T
2-PB1,537,0,2,1995,0,1997,G
2-PB1,538,0,3,1979,0,1982,G
2-PB1,539,1977,0,2,0,1979,A
2-PB1,540,0,1,1982,0,1983,G
2-PB1,541,1962,0,0,0,1962,A
2-PB1,542,0,2015,0,0,2015,T
2-PB1,543,2015,0,1,0,2016,A
2-PB1,544,2047,0,3,0,2050,A
2-PB1,545,1,2,0,2056,2059,C
2-PB1,546,2009,0,0,0,2009,A
2-PB1,547,2007,0,2,0,2009,A
2-PB1,548,0,0,0,2008,2008,C
2-PB1,549,1985,0,4,1,1990,A
2-PB1,550,0,0,1,1991,1992,C
2-PB1,551,1950,0,0,2,1952,A
2-PB1,552,1,0,0,1973,1974,C
2-PB1,553,1,1949,0,2,1952,T
2-PB1,554,0,1965,0,1,1966,T
2-PB1,555,1,1956,0,0,1957,T
2-PB1,556,1,0,0,1970,1971,C
2-PB1,557,1980,0,0,0,1980,A
2-PB1,558,1974,0,0,0,1974,A
2-PB1,559,1979,0,0,0,1979,A
2-PB1,560,0,2,2010,0,2012,G
2-PB1,561,1983,0,1,0,1984,A
2-PB1,562,1990,0,1,0,1991,A
2-PB1,563,1991,0,0,0,1991,A
2-PB1,564,1994,0,1,0,1995,A
2-PB1,565,1983,0,3,0,1986,A
2-PB1,566,0,2,1999,0,2001,G
2-PB1,567,1,2,2003,0,2006,G
2-PB1,568,1980,0,1,0,1981,A
2-PB1,569,0,1,2025,0,2026,G
2-PB1,570,2010,0,2,0,2012,A
2-PB1,571,0,0,2094,0,2094,G
2-PB1,572,0,2068,0,0,2068,T
2-PB1,573,2091,0,0,0,2091,A
2-PB1,574,2079,1,5,0,2085,A
2-PB1,575,0,4,2080,0,2084,G
2-PB1,576,1,2,2099,0,2102,G
2-PB1,577,0,0,2090,0,2090,G
2-PB1,578,2069,0,4,0,2073,A
2-PB1,579,1,1,0,2094,2096,C
2-PB1,580,2044,0,4,0,2048,A
2-PB1,581,2054,0,3,0,2057,A
2-PB1,582,0,0,0,2053,2053,C
2-PB1,583,2046,0,3,0,2049,A
2-PB1,584,0,2015,0,0,2015,T
2-PB1,585,0,6,2007,0,2013,G
2-PB1,586,2011,0,4,0,2015,A
2-PB1,587,0,1,0,2010,2011,C
2-PB1,588,0,0,0,2003,2003,C
2-PB1,589,2009,1,1,1,2012,A
2-PB1,590,2016,0,0,0,2016,A
2-PB1,591,0,4,2039,0,2043,G
2-PB1,592,2034,0,0,0,2034,A
2-PB1,593,2023,0,0,0,2023,A
2-PB1,594,2019,0,1,0,2020,A
2-PB1,595,2020,0,0,0,2020,A
2-PB1,596,0,2011,0,1,2012,T
2-PB1,597,0,6,2007,0,2013,G
2-PB1,598,1,1,2022,0,2024,G
2-PB1,599,0,1987,0,4,1991,T
2-PB1,600,6,0,0,1989,1995,C
2-PB1,601,2001,0,3,0,2004,A
2-PB1,602,0,1,0,2052,2053,C
2-PB1,603,2071,0,0,0,2071,A
2-PB1,604,0,0,1,2073,2074,C
2-PB1,605,2065,0,2,0,2067,A
2-PB1,606,2103,1,2,0,2106,A
2-PB1,607,2078,0,1,2,2081,A
2-PB1,608,1,6,2153,0,2160,G
2-PB1,609,2143,0,0,0,2143,A
2-PB1,610,2154,0,1,0,2155,A
2-PB1,611,1,0,0,2164,2165,C
2-PB1,612,2117,0,0,0,2117,A
2-PB1,613,2120,0,0,0,2120,A
2-PB1,614,0,2108,0,0,2108,T
2-PB1,615,2081,0,1,0,2082,A
2-PB1,616,0,1,2070,0,2071,G
2-PB1,617,0,1,2004,0,2005,G
2-PB1,618,0,0,2017,0,2017,G
2-PB1,619,1990,0,1,0,1991,A
2-PB1,620,1971,0,1,0,1972,A
2-PB1,621,0,1,1972,1,1974,G
2-PB1,622,1970,0,1,0,1971,A
2-PB1,623,1970,0,1,0,1971,A
2-PB1,624,1981,0,2,0,1983,A
2-PB1,625,1987,0,1,0,1988,A
2-PB1,626,1996,0,0,0,1996,A
2-PB1,627,1999,0,0,2,2001,A
2-PB1,628,0,0,0,2016,2016,C
2-PB1,629,2005,0,0,0,2005,A
2-PB1,630,1997,0,0,0,1997,A
2-PB1,631,1996,0,1,0,1997,A
2-PB1,632,0,4,1998,0,2002,G
2-PB1,633,2002,0,2,0,2004,A
2-PB1,634,0,1,2043,0,2044,G
2-PB1,635,0,1986,0,0,1986,T
2-PB1,636,0,2,2155,0,2157,G
2-PB1,637,2174,0,1,0,2175,A
2-PB1,638,2178,0,2,0,2180,A
2-PB1,639,0,2190,0,0,2190,T
2-PB1,640,2210,0,0,0,2210,A
2-PB1,641,2202,0,0,0,2202,A
2-PB1,642,0,5,2195,0,2200,G
2-PB1,643,2153,0,1,0,2154,A
2-PB1,644,0,0,2157,0,2157,G
2-PB1,645,2017,0,4,0,2021,A
2-PB1,646,1,2,2024,0,2027,G
2-PB1,647,0,0,2000,0,2000,G
2-PB1,648,0,0,0,1992,1992,C
2-PB1,649,1,1992,0,2,1995,T
2-PB1,650,2024,0,0,0,2024,A
2-PB1,651,0,1,0,2099,2100,C
2-PB1,652,2,1,0,2099,2102,C
2-PB1,653,0,2111,0,0,2111,T
2-PB1,654,2185,0,0,0,2185,A
2-PB1,655,2174,0,0,0,2174,A
2-PB1,656,0,2171,0,0,2171,T
2-PB1,657,2174,0,0,0,2174,A
2-PB1,658,2165,0,0,0,2165,A
2-PB1,659,0,4,2158,1,2163,G
2-PB1,660,2043,0,1,1,2045,A
2-PB1,661,0,1,2042,0,2043,G
2-PB1,662,1,0,0,2052,2053,C
2-PB1,663,0,2003,0,1,2004,T
2-PB1,664,0,2023,0,2,2025,T
2-PB1,665,0,2024,0,1,2025,T
2-PB1,666,1,4,2016,0,2021,G
2-PB1,667,2053,0,2,0,2055,A
2-PB1,668,0,0,0,2068,2068,C
2-PB1,669,2040,0,1,0,2041,A
2-PB1,670,0,2014,0,0,2014,T
2-PB1,671,0,2012,0,0,2012,T
2-PB1,672,0,4,2045,0,2049,G
2-PB1,673,2050,0,2,0,2052,A
2-PB1,674,2047,0,5,1,2053,A
2-PB1,675,2,2,0,2054,2058,C
2-PB1,676,2034,0,2,0,2036,A
2-PB1,677,0,0,0,2035,2035,C
2-PB1,678,0,1,2036,2,2039,G
2-PB1,679,2035,0,2,0,2037,A
2-PB1,680,1,2034,0,2,2037,T
2-PB1,681,0,2,2042,0,2044,G
2-PB1,682,2040,1,1,0,2042,A
2-PB1,683,1,1,1,2049,2052,C
2-PB1,684,2,0,0,2040,2042,C
2-PB1,685,2054,0,0,0,2054,A
2-PB1,686,2064,0,0,0,2064,A
2-PB1,687,2070,0,0,0,2070,A
2-PB1,688,1,0,2105,0,2106,G
2-PB1,689,2122,0,1,0,2123,A
2-PB1,690,0,2075,0,0,2075,T
2-PB1,691,1,0,2080,0,2081,G
2-PB1,692,0,1,0,2064,2065,C
2-PB1,693,2080,0,0,0,2080,A
2-PB1,694,0,0,2098,0,2098,G
2-PB1,695,2068,0,1,0,2069,A
2-PB1,696,0,4,2084,0,2088,G
2-PB1,697,1995,1,0,0,1996,A
2-PB1,698,1,5,1974,0,1980,G
2-PB1,699,1967,0,6,0,1973,A
2-PB1,700,0,3,1958,0,1961,G
2-PB1,701,1,0,1943,0,1944,G
2-PB1,702,0,0,0,1945,1945,C
2-PB1,703,1949,1,0,0,1950,A
2-PB1,704,1960,0,1,0,1961,A
2-PB1,705,1960,1,1,0,1962,A
2-PB1,706,1,1976,0,0,1977,T
2-PB1,707,0,1978,0,0,1978,T
2-PB1,708,1988,1,1,0,1990,A
2-PB1,709,1977,0,1,0,1978,A
2-PB1,710,1981,0,0,0,1981,A
2-PB1,711,1986,0,1,0,1987,A
2-PB1,712,1991,0,0,0,1991,A
2-PB1,713,0,0,1987,0,1987,G
2-PB1,714,1970,0,1,0,1971,A
2-PB1,715,1963,1,0,0,1964,A
2-PB1,716,1,2,1995,0,1998,G
2-PB1,717,0,2,2005,0,2007,G
2-PB1,718,2,0,2008,0,2010,G
2-PB1,719,1,0,0,2017,2018,C
2-PB1,720,0,2019,0,2,2021,T
2-PB1,721,2042,0,0,0,2042,A
2-PB1,722,0,2063,0,1,2064,T
2-PB1,723,0,2057,1,1,2059,T
2-PB1,724,0,2,2069,0,2071,G
2-PB1,725,0,1,0,2051,2052,C
2-PB1,726,1984,1,6,0,1991,A
2-PB1,727,1988,0,1,1,1990,A
2-PB1,728,0,0,0,1970,1970,C
2-PB1,729,1948,0,1,0,1949,A
2-PB1,730,1,1,0,1952,1954,C
2-PB1,731,0,0,0,1917,1917,C
2-PB1,732,0,1,0,1926,1927,C
2-PB1,733,1,0,1921,0,1922,G
2-PB1,734,0,2,1915,2,1919,G
2-PB1,735,0,0,1924,0,1924,G
2-PB1,736,1921,0,0,0,1921,A
2-PB1,737,0,1905,0,1,1906,T
2-PB1,738,0,1,1919,0,1920,G
2-PB1,739,0,1,0,1905,1906,C
2-PB1,740,1937,0,2,0,1939,A
2-PB1,741,1963,0,1,0,1964,A
2-PB1,742,1970,0,0,0,1970,A
2-PB1,743,0,1963,0,1,1964,T
2-PB1,744,0,1958,0,0,1958,T
2-PB1,745,1950,0,1,0,1951,A
2-PB1,746,0,3,1944,0,1947,G
2-PB1,747,1928,0,2,0,1930,A
2-PB1,748,0,2,1925,0,1927,G
2-PB1,749,0,1,1911,0,1912,G
2-PB1,750,2,1,1925,0,1928,G
2-PB1,751,0,1905,0,4,1909,T
2-PB1,752,0,1923,0,2,1925,T
2-PB1,753,0,1,0,1930,1931,C
2-PB1,754,0,0,1948,0,1948,G
2-PB1,755,0,1943,0,1,1944,T
2-PB1,756,0,0,1950,0,1950,G
2-PB1,757,0,1948,0,0,1948,T
2-PB1,758,1926,0,0,0,1926,A
2-PB1,759,0,0,0,1928,1928,C
2-PB1,760,0,1822,0,2,1824,T
2-PB1,761,0,1824,0,0,1824,T
2-PB1,762,1,0,0,1809,1810,C
2-PB1,763,0,1,1805,0,1806,G
2-PB1,764,0,1802,0,1,1803,T
2-PB1,765,0,1796,0,5,1801,T
2-PB1,766,0,2,1798,0,1800,G
2-PB1,767,1784,0,0,0,1784,A
2-PB1,768,1790,0,0,0,1790,A
2-PB1,769,1796,0,1,0,1797,A
2-PB1,770,1,1,0,1810,1812,C
2-PB1,771,0,1780,0,0,1780,T
2-PB1,772,1,1763,1,0,1765,T
2-PB1,773,0,1772,0,0,1772,T
2-PB1,774,1801,0,1,0,1802,A
2-PB1,775,0,0,1807,0,1807,G
2-PB1,776,0,0,0,1802,1802,C
2-PB1,777,0,1797,0,1,1798,T
2-PB1,778,1777,0,0,1,1778,A
2-PB1,779,1,2,1773,0,1776,G
2-PB1,780,1760,1,2,0,1763,A
2-PB1,781,1764,0,1,0,1765,A
2-PB1,782,0,0,1773,0,1773,G
2-PB1,783,1,0,0,1732,1733,C
2-PB1,784,1729,0,0,0,1729,A
2-PB1,785,0,1704,0,1,1705,T
2-PB1,786,1,1708,0,0,1709,T
2-PB1,787,0,1712,0,0,1712,T
2-PB1,788,0,0,1720,0,1720,G
2-PB1,789,1,0,0,1710,1711,C
2-PB1,790,0,3,1717,0,1720,G
2-PB1,791,1714,0,1,0,1715,A
2-PB1,792,1709,0,1,1,1711,A
2-PB1,793,1715,0,0,0,1715,A
2-PB1,794,1732,0,0,0,1732,A
2-PB1,795,0,0,1744,0,1744,G
2-PB1,796,2,0,0,1738,1740,C
2-PB1,797,0,1745,0,4,1749,T
2-PB1,798,0,1750,0,0,1750,T
2-PB1,799,0,6,1745,0,1751,G
2-PB1,800,1744,0,2,0,1746,A
2-PB1,801,1748,0,1,0,1749,A
2-PB1,802,0,1,0,1762,1763,C
2-PB1,803,1687,0,0,1,1688,A
2-PB1,804,0,0,1778,0,1778,G
2-PB1,805,0,1755,0,1,1756,T
2-PB1,806,3,1,0,1745,1749,C
2-PB1,807,0,1753,0,0,1753,T
2-PB1,808,0,4,1749,0,1753,G
2-PB1,809,0,1,1753,0,1754,G
2-PB1,810,1757,0,0,0,1757,A
2-PB1,811,0,1,0,1751,1752,C
2-PB1,812,0,1680,0,0,1680,T
2-PB1,813,0,1565,0,2,1567,T
2-PB1,814,1,0,0,1568,1569,C
2-PB1,815,1,0,0,1576,1577,C
2-PB1,816,1,1,1585,0,1587,G
2-PB1,817,4,0,1582,0,1586,G
2-PB1,818,0,1559,0,1,1560,T
2-PB1,819,0,1565,0,2,1567,T
2-PB1,820,0,0,1555,0,1555,G
2-PB1,821,0,1,1553,0,1554,G
2-PB1,822,0,3,1559,0,1562,G
2-PB1,823,0,2,1562,0,1564,G
2-PB1,824,0,1,1581,0,1582,G
2-PB1,825,0,1565,0,3,1568,T
2-PB1,826,1561,0,0,0,1561,A
2-PB1,827,1580,0,0,0,1580,A
2-PB1,828,0,1571,0,1,1572,T
2-PB1,829,0,4,1570,0,1574,G
2-PB1,830,1563,0,0,0,1563,A
2-PB1,831,1540,0,1,0,1541,A
2-PB1,832,1539,0,1,0,1540,A
2-PB1,833,1536,0,1,0,1537,A
2-PB1,834,0,0,1525,0,1525,G
2-PB1,835,1513,0,1,0,1514,A
2-PB1,836,1506,0,0,0,1506,A
2-PB1,837,0,1,1506,1,1508,G
2-PB1,838,0,0,1490,0,1490,G
2-PB1,839,0,0,0,1486,1486,C
2-PB1,840,2,0,0,1483,1485,C
2-PB1,841,1502,0,0,0,1502,A
2-PB1,842,1499,0,3,0,1502,A
2-PB1,843,1497,1,0,0,1498,A
2-PB1,844,0,0,0,1502,1502,C
2-PB1,845,0,1499,0,1,1500,T
2-PB1,846,1,1,1502,0,1504,G
2-PB1,847,1,0,1491,0,1492,G
2-PB1,848,2,0,0,1501,1503,C
2-PB1,849,1513,0,1,0,1514,A
2-PB1,850,1509,0,0,0,1509,A
2-PB1,851,1509,0,1,0,1510,A
2-PB1,852,0,1513,1,0,1514,T
2-PB1,853,0,1,1513,0,1514,G
2-PB1,854,0,1496,0,0,1496,T
2-PB1,855,0,1458,0,0,1458,T
2-PB1,856,0,0,1455,0,1455,G
2-PB1,857,0,1442,0,1,1443,T
2-PB1,858,0,3,1446,0,1449,G
2-PB1,859,1443,0,0,0,1443,A
2-PB1,860,1,2,1437,0,1440,G
2-PB1,861,1438,0,0,0,1438,A
2-PB1,862,1435,0,0,0,1435,A
2-PB1,863,1434,0,0,0,1434,A
2-PB1,864,1430,0,0,0,1430,A
2-PB1,865,1433,0,1,0,1434,A
2-PB1,866,0,1424,0,0,1424,T
2-PB1,867,0,3,1415,0,1418,G
2-PB1,868,1414,0,1,1,1416,A
2-PB1,869,0,1398,0,2,1400,T
2-PB1,870,0,2,1406,0,1408,G
2-PB1,871,1399,0,2,0,1401,A
2-PB1,872,1,0,0,1420,1421,C
2-PB1,873,1,1402,0,0,1403,T
2-PB1,874,1413,0,0,0,1413,A
2-PB1,875,1415,0,0,0,1415,A
2-PB1,876,0,1398,0,0,1398,T
2-PB1,877,0,1400,0,0,1400,T
2-PB1,878,4,0,0,1419,1423,C
2-PB1,879,1412,1,0,0,1413,A
2-PB1,880,1,1,0,1421,1423,C
2-PB1,881,1404,0,0,0,1404,A
2-PB1,882,1400,0,1,0,1401,A
2-PB1,883,1,3,1392,0,1396,G
2-PB1,884,1388,2,2,0,1392,A
2-PB1,885,3,0,0,1393,1396,C
2-PB1,886,1376,0,1,0,1377,A
2-PB1,887,1,1,0,1368,1370,C
2-PB1,888,1345,0,0,0,1345,A
2-PB1,889,0,1,1348,0,1349,G
2-PB1,890,1337,0,0,0,1337,A
2-PB1,891,0,0,1324,0,1324,G
2-PB1,892,0,0,0,1317,1317,C
2-PB1,893,0,1277,5,1,1283,T
2-PB1,894,0,1293,0,1,1294,T
2-PB1,895,0,1279,0,3,1282,T
2-PB1,896,3,0,0,1295,1298,C
2-PB1,897,1,1292,0,2,1295,T
2-PB1,898,0,1286,1,0,1287,T
2-PB1,899,1,1274,1,4,1280,T
2-PB1,900,2,0,0,1279,1281,C
2-PB1,901,1255,0,1,0,1256,A
2-PB1,902,0,0,0,1272,1272,C
2-PB1,903,1239,0,0,0,1239,A
2-PB1,904,1252,0,0,0,1252,A
2-PB1,905,0,1233,0,2,1235,T
2-PB1,906,1,0,1,1253,1255,C
2-PB1,907,1242,0,0,0,1242,A
2-PB1,908,0,0,0,1263,1263,C
2-PB1,909,0,1238,0,0,1238,T
2-PB1,910,0,0,1252,0,1252,G
2-PB1,911,0,1,1238,0,1239,G
2-PB1,912,0,1,1274,0,1275,G
2-PB1,913,0,2,1260,0,1262,G
2-PB1,914,1231,0,3,0,1234,A
2-PB1,915,0,1,0,1152,1153,C
2-PB1,916,1181,0,0,0,1181,A
2-PB1,917,1210,0,0,0,1210,A
2-PB1,918,1,0,0,1200,1201,C
2-PB1,919,1197,0,1,0,1198,A
2-PB1,920,0,0,0,1201,1201,C
2-PB1,921,0,1126,0,0,1126,T
2-PB1,922,1131,0,1,0,1132,A
2-PB1,923,1135,0,1,0,1136,A
2-PB1,924,0,1,1131,0,1132,G
2-PB1,925,1,1116,0,0,1117,T
2-PB1,926,0,0,997,0,997,G
2-PB1,927,0,0,977,0,977,G
2-PB1,928,983,0,0,0,983,A
2-PB1,929,981,0,1,0,982,A
2-PB1,930,0,977,0,0,977,T
2-PB1,931,0,3,968,0,971,G
2-PB1,932,971,0,1,0,972,A
2-PB1,933,946,0,1,0,947,A
2-PB1,934,951,0,1,0,952,A
2-PB1,935,955,1,0,0,956,A
2-PB1,936,0,925,0,1,926,T
2-PB1,937,2,0,0,935,937,C
2-PB1,938,942,0,0,0,942,A
2-PB1,939,940,0,1,0,941,A
2-PB1,940,929,0,0,0,929,A
2-PB1,941,909,0,0,0,909,A
2-PB1,942,0,0,0,935,935,C
2-PB1,943,0,0,0,927,927,C
2-PB1,944,0,0,0,915,915,C
2-PB1,945,0,906,0,0,906,T
2-PB1,946,2,0,0,918,920,C
2-PB1,947,0,3,916,0,919,G
2-PB1,948,920,0,0,0,920,A
2-PB1,949,915,0,0,0,915,A
2-PB1,950,0,916,0,0,916,T
2-PB1,951,0,0,919,0,919,G
2-PB1,952,0,893,0,0,893,T
2-PB1,953,0,881,0,1,882,T
2-PB1,954,0,893,0,1,894,T
2-PB1,955,0,889,0,0,889,T
2-PB1,956,0,890,0,0,890,T
2-PB1,957,0,0,885,0,885,G
2-PB1,958,0,0,879,0,879,G
2-PB1,959,0,0,0,875,875,C
2-PB1,960,0,10,854,0,864,G
2-PB1,961,857,0,1,0,858,A
2-PB1,962,0,864,0,0,864,T
2-PB1,963,0,1,877,0,878,G
2-PB1,964,885,0,0,0,885,A
2-PB1,965,0,880,0,0,880,T
2-PB1,966,0,880,0,2,882,T
2-PB1,967,875,0,2,0,877,A
2-PB1,968,2,0,0,872,874,C
2-PB1,969,881,0,0,0,881,A
2-PB1,970,0,878,0,1,879,T
2-PB1,971,764,0,0,0,764,A
2-PB1,972,0,0,0,753,753,C
2-PB1,973,625,0,0,0,625,A
2-PB1,974,0,616,0,1,617,T
2-PB1,975,0,0,0,622,622,C
2-PB1,976,603,0,1,0,604,A
2-PB1,977,0,0,0,598,598,C
2-PB1,978,593,0,0,0,593,A
2-PB1,979,587,0,0,0,587,A
2-PB1,980,587,0,0,0,587,A
2-PB1,981,0,1,524,0,525,G
2-PB1,982,532,0,0,0,532,A
2-PB1,983,531,0,0,0,531,A
2-PB1,984,0,520,0,1,521,T
2-PB1,985,1,0,0,521,522,C
2-PB1,986,518,0,0,0,518,A
2-PB1,987,509,0,0,0,509,A
2-PB1,988,0,0,0,517,517,C
2-PB1,989,0,0,0,515,515,C
2-PB1,990,0,437,0,0,437,T
2-PB1,991,0,1,438,0,439,G
2-PB1,992,432,0,0,0,432,A
2-PB1,993,0,0,430,0,430,G
2-PB1,994,0,432,0,0,432,T
2-PB1,995,0,0,392,0,392,G
2-PB1,996,0,0,385,0,385,G
2-PB1,997,0,376,0,0,376,T
2-PB1,998,0,369,0,0,369,T
2-PB1,999,0,0,0,370,370,C
2-PB1,1000,350,0,0,0,350,A
2-PB1,1001,0,0,347,0,347,G
2-PB1,1002,340,0,0,0,340,A
2-PB1,1003,345,0,0,0,345,A
2-PB1,1004,329,0,0,0,329,A
2-PB1,1005,0,0,0,144,144,C
2-PB1,1006,111,0,0,0,111,A
2-PB1,1007,0,111,0,0,111,T
2-PB1,1008,0,0,0,104,104,C
2-PB1,1009,0,0,0,107,107,C
2-PB1,1010,0,49,0,0,49,T
2-PB1,1011,0,0,50,0,50,G
2-PB1,1012,41,0,0,0,41,A
2-PB1,1013,0,0,39,0,39,G
2-PB1,1014,0,0,0,33,33,C
2-PB1,1015,4,0,0,0,4,A
2-PB1,1016,0,3,0,0,3,T
2-PB1,1017,0,0,0,4,4,C
2-PB1,1018,0,0,4,0,4,G
2-PB1,1019,0,0,0,4,4,C
2-PB1,1020,4,0,0,0,4,A
2-PB1,1021,0,0,0,4,4,C
2-PB1,1022,0,0,0,5,5,C
2-PB1,1023,5,0,0,0,5,A
2-PB1,1024,5,0,0,0,5,A
2-PB1,1025,0,4,0,0,4,T
2-PB1,1026,5,0,0,0,5,A
2-PB1,1027,5,0,0,0,5,A
2-PB1,1028,0,5,0,0,5,T
2-PB1,1029,0,0,5,0,5,G
2-PB1,1030,0,5,0,0,5,T
2-PB1,1031,0,5,0,0,5,T
2-PB1,1032,0,0,0,5,5,C
2-PB1,1033,0,5,0,0,5,T
2-PB1,1034,0,0,0,5,5,C
2-PB1,1035,5,0,0,0,5,A
2-PB1,1036,5,0,0,0,5,A
2-PB1,1037,5,0,0,0,5,A
2-PB1,1038,0,0,0,5,5,C
2-PB1,1039,5,0,0,0,5,A
2-PB1,1040,5,0,0,0,5,A
2-PB1,1041,5,0,0,0,5,A
2-PB1,1042,5,0,0,0,5,A
2-PB1,1043,0,4,0,0,4,T
2-PB1,1044,0,1,3,0,4,G
2-PB1,1045,0,0,4,0,4,G
2-PB1,1046,0,0,0,5,5,C
2-PB1,1047,5,0,0,0,5,A
2-PB1,1048,5,0,0,0,5,A
2-PB1,1049,0,0,5,0,5,G
2-PB1,1050,5,0,0,0,5,A
2-PB1,1051,0,2,0,3,5,C
2-PB1,1052,0,5,0,0,5,T
2-PB1,1053,0,0,5,0,5,G
2-PB1,1054,0,0,4,0,4,G
2-PB1,1055,0,0,5,0,5,G
2-PB1,1056,4,0,0,0,4,A
2-PB1,1057,5,0,0,0,5,A
2-PB1,1058,5,0,0,0,5,A
2-PB1,1059,5,0,0,0,5,A
2-PB1,1060,0,0,5,0,5,G
2-PB1,1061,0,0,4,0,4,G
2-PB1,1062,5,0,0,0,5,A
2-PB1,1063,0,5,0,0,5,T
2-PB1,1064,4,0,0,0,4,A
2-PB1,1065,0,0,0,5,5,C
2-PB1,1066,4,0,0,0,4,A
2-PB1,1067,0,4,0,0,4,T
2-PB1,1068,0,0,5,0,5,G
2-PB1,1069,0,3,0,0,3,T
2-PB1,1070,0,3,0,0,3,T
2-PB1,1071,0,0,0,4,4,C
2-PB1,1072,0,0,4,0,4,G
2-PB1,1073,5,0,0,0,5,A
2-PB1,1074,0,0,5,0,5,G
2-PB1,1075,6,0,0,0,6,A
2-PB1,1076,0,0,6,0,6,G
2-PB1,1077,0,5,0,0,5,T
2-PB1,1078,6,0,0,0,6,A
2-PB1,1079,6,0,0,0,6,A
2-PB1,1080,0,0,6,0,6,G
2-PB1,1081,6,0,0,0,6,A
2-PB1,1082,0,0,6,0,6,G
2-PB1,1083,5,0,0,0,5,A
2-PB1,1084,6,0,0,0,6,A
2-PB1,1085,0,6,0,0,6,T
2-PB1,1086,0,0,6,0,6,G
2-PB1,1087,6,0,0,0,6,A
2-PB1,1088,6,0,0,0,6,A
2-PB1,1089,0,0,6,0,6,G
2-PB1,1090,0,0,0,6,6,C
2-PB1,1091,0,6,0,0,6,T
2-PB1,1092,0,0,0,6,6,C
2-PB1,1093,0,0,0,6,6,C
2-PB1,1094,0,0,6,0,6,G
2-PB1,1095,0,0,6,0,6,G
2-PB1,1096,5,0,0,0,5,A
2-PB1,1097,0,0,0,5,5,C
2-PB1,1098,5,0,0,0,5,A
2-PB1,1099,0,0,0,6,6,C
2-PB1,1100,5,0,0,0,5,A
2-PB1,1101,5,0,0,0,5,A
2-PB1,1102,5,0,0,0,5,A
2-PB1,1103,0,6,0,0,6,T
2-PB1,1104,4,0,0,0,4,A
2-PB1,1105,0,0,0,5,5,C
2-PB1,1106,0,0,0,6,6,C
2-PB1,1107,0,6,0,0,6,T
2-PB1,1108,0,0,6,0,6,G
2-PB1,1109,0,0,0,6,6,C
2-PB1,1110,5,0,0,0,5,A
2-PB1,1111,0,0,7,0,7,G
2-PB1,1112,6,0,0,0,6,A
2-PB1,1113,7,0,0,0,7,A
2-PB1,1114,7,0,0,0,7,A
2-PB1,1115,0,7,0,0,7,T
2-PB1,1116,0,0,7,0,7,G
2-PB1,1117,0,0,0,7,7,C
2-PB1,1118,0,7,0,0,7,T
2-PB1,1119,6,0,0,0,6,A
2-PB1,1120,0,0,7,0,7,G
2-PB1,1121,0,0,0,7,7,C
2-PB1,1122,7,0,0,0,7,A
2-PB1,1123,7,0,0,0,7,A
2-PB1,1124,0,0,7,0,7,G
2-PB1,1125,0,0,0,7,7,C
2-PB1,1126,7,0,0,0,7,A
2-PB1,1127,0,7,0,0,7,T
2-PB1,1128,0,7,0,0,7,T
2-PB1,1129,0,0,6,0,6,G
2-PB1,1130,6,0,0,0,6,A
2-PB1,1131,0,0,0,7,7,C
2-PB1,1132,0,0,0,6,6,C
2-PB1,1133,0,6,0,0,6,T
2-PB1,1134,0,0,7,0,7,G
2-PB1,1135,6,0,0,0,6,A
2-PB1,1136,7,0,0,0,7,A
2-PB1,1137,0,0,7,0,7,G
2-PB1,1138,0,7,0,0,7,T
2-PB1,1139,7,0,0,0,7,A
2-PB1,1140,0,7,0,0,7,T
2-PB1,1141,0,7,0,0,7,T
2-PB1,1142,0,7,0,0,7,T
2-PB1,1143,0,0,0,7,7,C
2-PB1,1144,6,0,0,0,6,A
2-PB1,1145,6,0,0,0,6,A
2-PB1,1146,0,5,0,0,5,T
2-PB1,1147,0,0,5,0,5,G
2-PB1,1148,5,0,0,0,5,A
2-PB1,1149,5,0,0,0,5,A
2-PB1,1150,0,5,0,0,5,T
2-PB1,1151,0,0,0,5,5,C
2-PB1,1152,5,0,0,0,5,A
2-PB1,1153,5,0,0,0,5,A
2-PB1,1154,0,0,0,5,5,C
2-PB1,1155,5,0,0,0,5,A
2-PB1,1156,5,0,0,0,5,A
2-PB1,1157,0,0,5,0,5,G
2-PB1,1158,0,0,5,0,5,G
2-PB1,1159,5,0,0,0,5,A
2-PB1,1160,5,0,0,0,5,A
2-PB1,1161,0,0,5,0,5,G
2-PB1,1162,5,0,0,0,5,A
2-PB1,1163,5,0,0,0,5,A
2-PB1,1164,6,0,0,0,6,A
2-PB1,1165,6,0,0,0,6,A
2-PB1,1166,0,6,0,0,6,T
2-PB1,1167,0,6,0,0,6,T
2-PB1,1168,0,0,6,0,6,G
2-PB1,1169,6,0,0,0,6,A
2-PB1,1170,0,0,6,0,6,G
2-PB1,1171,6,0,0,0,6,A
2-PB1,1172,6,0,0,0,6,A
2-PB1,1173,6,0,0,0,6,A
2-PB1,1174,6,0,0,0,6,A
2-PB1,1175,0,6,0,0,6,T
2-PB1,1176,6,0,0,0,6,A
2-PB1,1177,6,0,0,0,6,A
2-PB1,1178,0,0,6,0,6,G
2-PB1,1179,0,0,6,0,6,G
2-PB1,1180,0,0,0,6,6,C
2-PB1,1181,0,0,0,6,6,C
2-PB1,1182,0,5,0,0,5,T
2-PB1,1183,0,0,0,6,6,C
2-PB1,1184,0,5,0,0,5,T
2-PB1,1185,0,6,0,0,6,T
2-PB1,1186,0,1,0,5,6,C
2-PB1,1187,0,6,0,0,6,T
2-PB1,1188,5,0,0,0,5,A
2-PB1,1189,6,0,0,0,6,A
2-PB1,1190,0,6,0,0,6,T
2-PB1,1191,5,0,0,0,5,A
2-PB1,1192,0,0,5,0,5,G
2-PB1,1193,5,0,0,0,5,A
2-PB1,1194,0,5,0,0,5,T
2-PB1,1195,0,0,5,0,5,G
2-PB1,1196,0,0,5,0,5,G
2-PB1,1197,0,0,0,5,5,C
2-PB1,1198,5,0,0,0,5,A
2-PB1,1199,0,0,0,5,5,C
2-PB1,1200,5,0,0,0,5,A
2-PB1,1201,0,0,5,0,5,G
2-PB1,1202,0,0,0,5,5,C
2-PB1,1203,5,0,0,0,5,A
2-PB1,1204,0,5,0,0,5,T
2-PB1,1205,0,0,0,5,5,C
2-PB1,1206,5,0,0,0,5,A
2-PB1,1207,0,5,0,0,5,T
2-PB1,1208,0,5,0,0,5,T
2-PB1,1209,0,0,5,0,5,G
2-PB1,1210,5,0,0,0,5,A
2-PB1,1211,0,0,5,0,5,G
2-PB1,1212,0,0,0,5,5,C
2-PB1,1213,0,0,0,5,5,C
2-PB1,1214,0,0,0,22,22,C
2-PB1,1215,0,23,0,0,23,T
2-PB1,1216,0,0,165,0,165,G
2-PB1,1217,0,0,183,0,183,G
2-PB1,1218,178,0,4,0,182,A
2-PB1,1219,242,1,0,0,243,A
2-PB1,1220,0,244,0,0,244,T
2-PB1,1221,0,0,282,0,282,G
2-PB1,1222,314,0,0,0,314,A
2-PB1,1223,0,334,0,1,335,T
2-PB1,1224,0,1,343,0,344,G
2-PB1,1225,341,0,0,0,341,A
2-PB1,1226,0,347,0,0,347,T
2-PB1,1227,0,0,349,0,349,G
2-PB1,1228,0,0,373,0,373,G
2-PB1,1229,0,0,382,0,382,G
2-PB1,1230,0,1,0,381,382,C
2-PB1,1231,389,0,0,0,389,A
2-PB1,1232,0,408,0,1,409,T
2-PB1,1233,0,0,442,0,442,G
2-PB1,1234,0,445,0,0,445,T
2-PB1,1235,0,454,0,0,454,T
2-PB1,1236,0,0,0,459,459,C
2-PB1,1237,459,0,0,0,459,A
2-PB1,1238,463,0,0,0,463,A
2-PB1,1239,0,0,0,465,465,C
2-PB1,1240,474,0,0,0,474,A
2-PB1,1241,0,484,0,0,484,T
2-PB1,1242,0,0,515,0,515,G
2-PB1,1243,0,0,0,517,517,C
2-PB1,1244,0,521,0,0,521,T
2-PB1,1245,533,0,0,1,534,A
2-PB1,1246,533,0,0,0,533,A
2-PB1,1247,0,0,555,0,555,G
2-PB1,1248,0,551,0,1,552,T
2-PB1,1249,553,0,1,1,555,A
2-PB1,1250,0,0,0,568,568,C
2-PB1,1251,0,0,588,0,588,G
2-PB1,1252,0,0,652,0,652,G
2-PB1,1253,0,655,0,0,655,T
2-PB1,1254,0,661,0,1,662,T
2-PB1,1255,0,660,0,0,660,T
2-PB1,1256,1,660,0,0,661,T
2-PB1,1257,664,0,1,0,665,A
2-PB1,1258,0,0,662,0,662,G
2-PB1,1259,0,0,659,0,659,G
2-PB1,1260,658,1,2,1,662,A
2-PB1,1261,1,1,657,0,659,G
2-PB1,1262,0,698,0,0,698,T
2-PB1,1263,0,0,0,702,702,C
2-PB1,1264,0,707,0,0,707,T
2-PB1,1265,0,1,0,716,717,C
2-PB1,1266,1,1,710,0,712,G
2-PB1,1267,748,0,0,0,748,A
2-PB1,1268,0,758,0,0,758,T
2-PB1,1269,757,0,0,0,757,A
2-PB1,1270,0,1,0,762,763,C
2-PB1,1271,0,760,0,0,760,T
2-PB1,1272,0,0,759,0,759,G
2-PB1,1273,759,0,0,0,759,A
2-PB1,1274,772,0,0,0,772,A
2-PB1,1275,0,778,0,0,778,T
2-PB1,1276,0,0,0,768,768,C
2-PB1,1277,1,764,0,0,765,T
2-PB1,1278,0,770,0,0,770,T
2-PB1,1279,0,0,775,0,775,G
2-PB1,1280,0,1,772,0,773,G
2-PB1,1281,770,0,0,0,770,A
2-PB1,1282,0,0,0,779,779,C
2-PB1,1283,770,0,0,0,770,A
2-PB1,1284,779,0,0,0,779,A
2-PB1,1285,775,0,1,0,776,A
2-PB1,1286,782,0,0,0,782,A
2-PB1,1287,0,1,800,0,801,G
2-PB1,1288,797,0,1,0,798,A
2-PB1,1289,797,0,1,0,798,A
2-PB1,1290,808,0,0,0,808,A
2-PB1,1291,0,807,0,0,807,T
2-PB1,1292,811,0,0,0,811,A
2-PB1,1293,0,0,0,852,852,C
2-PB1,1294,848,0,2,0,850,A
2-PB1,1295,0,0,0,856,856,C
2-PB1,1296,1,0,0,852,853,C
2-PB1,1297,851,0,0,0,851,A
2-PB1,1298,858,0,0,0,858,A
2-PB1,1299,0,0,900,0,900,G
2-PB1,1300,904,0,2,0,906,A
2-PB1,1301,0,0,0,927,927,C
2-PB1,1302,923,0,1,0,924,A
2-PB1,1303,956,0,0,0,956,A
2-PB1,1304,0,0,0,962,962,C
2-PB1,1305,976,0,0,0,976,A
2-PB1,1306,0,993,0,0,993,T
2-PB1,1307,982,0,1,0,983,A
2-PB1,1308,0,0,0,1003,1003,C
2-PB1,1309,0,977,0,1,978,T
2-PB1,1310,0,1,1002,0,1003,G
2-PB1,1311,0,0,1003,0,1003,G
2-PB1,1312,0,969,0,0,969,T
2-PB1,1313,0,1,981,0,982,G
2-PB1,1314,0,0,976,0,976,G
2-PB1,1315,0,0,994,0,994,G
2-PB1,1316,993,0,0,0,993,A
2-PB1,1317,1,975,0,1,977,T
2-PB1,1318,0,0,989,0,989,G
2-PB1,1319,0,0,990,0,990,G
2-PB1,1320,1,0,988,1,990,G
2-PB1,1321,1,0,0,1009,1010,C
2-PB1,1322,0,1001,0,1,1002,T
2-PB1,1323,0,2,0,1004,1006,C
2-PB1,1324,0,0,0,1019,1019,C
2-PB1,1325,1015,0,0,0,1015,A
2-PB1,1326,1012,0,0,0,1012,A
2-PB1,1327,0,1014,0,0,1014,T
2-PB1,1328,1,0,2,1002,1005,C
2-PB1,1329,0,1,0,1003,1004,C
2-PB1,1330,0,1004,0,0,1004,T
2-PB1,1331,3,0,0,997,1000,C
2-PB1,1332,0,1,0,1000,1001,C
2-PB1,1333,0,0,1001,0,1001,G
2-PB1,1334,1000,0,0,0,1000,A
2-PB1,1335,0,0,0,1007,1007,C
2-PB1,1336,0,3,1014,0,1017,G
2-PB1,1337,1012,0,0,0,1012,A
2-PB1,1338,0,1015,0,1,1016,T
2-PB1,1339,0,1016,0,1,1017,T
2-PB1,1340,0,1023,0,0,1023,T
2-PB1,1341,0,1023,0,0,1023,T
2-PB1,1342,0,1,1027,0,1028,G
2-PB1,1343,0,1,0,1034,1035,C
2-PB1,1344,1,0,0,1030,1031,C
2-PB1,1345,0,0,0,1062,1062,C
2-PB1,1346,0,1054,0,0,1054,T
2-PB1,1347,2,0,0,1110,1112,C
2-PB1,1348,1127,0,0,0,1127,A
2-PB1,1349,1,1132,0,0,1133,T
2-PB1,1350,1131,0,1,0,1132,A
2-PB1,1351,0,0,1152,0,1152,G
2-PB1,1352,0,1119,0,0,1119,T
2-PB1,1353,0,2,1127,0,1129,G
2-PB1,1354,1106,0,1,0,1107,A
2-PB1,1355,1108,0,1,0,1109,A
2-PB1,1356,0,3,0,1046,1049,C
2-PB1,1357,0,0,1053,0,1053,G
2-PB1,1358,0,0,0,1073,1073,C
2-PB1,1359,1077,0,0,0,1077,A
2-PB1,1360,0,0,0,1079,1079,C
2-PB1,1361,2,0,0,1066,1068,C
2-PB1,1362,1078,0,0,1,1079,A
2-PB1,1363,1072,0,0,0,1072,A
2-PB1,1364,1079,0,0,0,1079,A
2-PB1,1365,0,1043,0,0,1043,T
2-PB1,1366,1,0,0,1086,1087,C
2-PB1,1367,1079,0,1,0,1080,A
2-PB1,1368,0,1089,0,0,1089,T
2-PB1,1369,0,1,1083,0,1084,G
2-PB1,1370,1087,0,1,0,1088,A
2-PB1,1371,1,1,1093,0,1095,G
2-PB1,1372,2,1,1092,0,1095,G
2-PB1,1373,0,1,1097,0,1098,G
2-PB1,1374,1086,0,2,0,1088,A
2-PB1,1375,1103,0,2,0,1105,A
2-PB1,1376,0,1111,0,0,1111,T
2-PB1,1377,1115,0,0,0,1115,A
2-PB1,1378,0,0,0,1112,1112,C
2-PB1,1379,1119,0,0,0,1119,A
2-PB1,1380,1115,0,2,0,1117,A
2-PB1,1381,0,0,1110,0,1110,G
2-PB1,1382,0,0,0,1097,1097,C
2-PB1,1383,1092,0,1,0,1093,A
2-PB1,1384,0,0,1126,0,1126,G
2-PB1,1385,0,2,1121,0,1123,G
2-PB1,1386,1110,0,2,0,1112,A
2-PB1,1387,1,4,1120,0,1125,G
2-PB1,1388,0,1092,0,0,1092,T
2-PB1,1389,0,0,1121,0,1121,G
2-PB1,1390,1,0,1123,0,1124,G
2-PB1,1391,1122,0,1,0,1123,A
2-PB1,1392,0,1120,0,0,1120,T
2-PB1,1393,1124,1,0,0,1125,A
2-PB1,1394,0,0,1142,0,1142,G
2-PB1,1395,1159,0,0,0,1159,A
2-PB1,1396,0,1168,0,0,1168,T
2-PB1,1397,0,1164,0,0,1164,T
2-PB1,1398,0,0,0,1194,1194,C
2-PB1,1399,0,1191,0,1,1192,T
2-PB1,1400,1194,0,0,0,1194,A
2-PB1,1401,0,1,1,1189,1191,C
2-PB1,1402,1169,0,0,0,1169,A
2-PB1,1403,1,0,1168,0,1169,G
2-PB1,1404,0,2,1156,0,1158,G
2-PB1,1405,1166,0,1,0,1167,A
2-PB1,1406,0,0,0,1172,1172,C
2-PB1,1407,0,0,0,1159,1159,C
2-PB1,1408,0,1153,0,0,1153,T
2-PB1,1409,0,0,1157,0,1157,G
2-PB1,1410,0,1,0,1155,1156,C
2-PB1,1411,1160,0,1,0,1161,A
2-PB1,1412,1163,0,4,0,1167,A
2-PB1,1413,0,0,1175,0,1175,G
2-PB1,1414,0,1157,0,0,1157,T
2-PB1,1415,0,1161,0,0,1161,T
2-PB1,1416,1163,0,0,0,1163,A
2-PB1,1417,0,0,1165,0,1165,G
2-PB1,1418,0,1150,0,1,1151,T
2-PB1,1419,0,2,1156,0,1158,G
2-PB1,1420,1,0,1153,0,1154,G
2-PB1,1421,1,2,1158,0,1161,G
2-PB1,1422,1153,0,1,0,1154,A
2-PB1,1423,1167,0,1,0,1168,A
2-PB1,1424,0,1165,0,1,1166,T
2-PB1,1425,0,0,0,1180,1180,C
2-PB1,1426,1176,0,1,1,1178,A
2-PB1,1427,1183,0,1,0,1184,A
2-PB1,1428,0,0,0,1181,1181,C
2-PB1,1429,1182,0,0,0,1182,A
2-PB1,1430,0,1158,0,1,1159,T
2-PB1,1431,0,0,1164,0,1164,G
2-PB1,1432,1161,0,1,0,1162,A
2-PB1,1433,0,0,1179,0,1179,G
2-PB1,1434,1,0,0,1167,1168,C
2-PB1,1435,1167,0,0,0,1167,A
2-PB1,1436,1170,0,1,0,1171,A
2-PB1,1437,1164,0,3,0,1167,A
2-PB1,1438,1182,0,1,0,1183,A
2-PB1,1439,1180,0,0,0,1180,A
2-PB1,1440,1,1,1176,0,1178,G
2-PB1,1441,1172,0,1,0,1173,A
2-PB1,1442,1151,0,0,0,1151,A
2-PB1,1443,0,1,1202,0,1203,G
2-PB1,1444,0,1199,0,0,1199,T
2-PB1,1445,1,0,0,1212,1213,C
2-PB1,1446,1,0,0,1219,1220,C
2-PB1,1447,0,1217,1,0,1218,T
2-PB1,1448,1252,0,0,0,1252,A
2-PB1,1449,0,1248,0,0,1248,T
2-PB1,1450,1252,0,0,0,1252,A
2-PB1,1451,0,1254,0,0,1254,T
2-PB1,1452,1240,0,0,0,1240,A
2-PB1,1453,1248,0,0,0,1248,A
2-PB1,1454,1245,0,0,0,1245,A
2-PB1,1455,0,1246,0,0,1246,T
2-PB1,1456,1239,0,0,0,1239,A
2-PB1,1457,1220,0,0,0,1220,A
2-PB1,1458,1229,0,0,0,1229,A
2-PB1,1459,1225,0,1,0,1226,A
2-PB1,1460,0,0,0,1228,1228,C
2-PB1,1461,1168,0,0,0,1168,A
2-PB1,1462,1,0,1168,0,1169,G
2-PB1,1463,0,0,1164,0,1164,G
2-PB1,1464,1,3,1163,0,1167,G
2-PB1,1465,1157,0,0,0,1157,A
2-PB1,1466,1,1,0,1180,1182,C
2-PB1,1467,1186,0,0,0,1186,A
2-PB1,1468,0,1193,0,0,1193,T
2-PB1,1469,0,1197,0,1,1198,T
2-PB1,1470,0,1200,0,2,1202,T
2-PB1,1471,1,0,1203,0,1204,G
2-PB1,1472,1197,0,0,0,1197,A
2-PB1,1473,1202,0,1,0,1203,A
2-PB1,1474,0,1193,0,1,1194,T
2-PB1,1475,0,1179,0,0,1179,T
2-PB1,1476,1,0,0,1179,1180,C
2-PB1,1477,1170,0,0,0,1170,A
2-PB1,1478,0,1,0,1173,1174,C
2-PB1,1479,0,1176,0,1,1177,T
2-PB1,1480,1182,0,0,1,1183,A
2-PB1,1481,0,0,1173,0,1173,G
2-PB1,1482,0,1,0,1169,1170,C
2-PB1,1483,1,1159,0,2,1162,T
2-PB1,1484,0,1178,0,0,1178,T
2-PB1,1485,0,1173,0,0,1173,T
2-PB1,1486,0,1180,0,0,1180,T
2-PB1,1487,0,1178,0,0,1178,T
2-PB1,1488,0,1185,0,0,1185,T
2-PB1,1489,0,1182,0,0,1182,T
2-PB1,1490,1177,0,1,0,1178,A
2-PB1,1491,0,1162,0,0,1162,T
2-PB1,1492,0,0,0,1176,1176,C
2-PB1,1493,0,1,1195,0,1196,G
2-PB1,1494,1260,0,0,0,1260,A
2-PB1,1495,0,1261,0,0,1261,T
2-PB1,1496,1261,0,0,0,1261,A
2-PB1,1497,0,1276,0,1,1277,T
2-PB1,1498,0,1,1266,1,1268,G
2-PB1,1499,1,0,1272,0,1273,G
2-PB1,1500,1279,0,1,0,1280,A
2-PB1,1501,0,1269,0,0,1269,T
2-PB1,1502,0,1266,0,0,1266,T
2-PB1,1503,0,1230,0,0,1230,T
2-PB1,1504,1,0,1236,0,1237,G
2-PB1,1505,0,1234,0,0,1234,T
2-PB1,1506,0,1,1229,0,1230,G
2-PB1,1507,1,1,1219,0,1221,G
2-PB1,1508,0,0,0,1205,1205,C
2-PB1,1509,0,1224,0,0,1224,T
2-PB1,1510,1232,0,0,0,1232,A
2-PB1,1511,1235,0,1,0,1236,A
2-PB1,1512,0,1258,0,1,1259,T
2-PB1,1513,0,1264,0,0,1264,T
2-PB1,1514,0,1268,0,1,1269,T
2-PB1,1515,0,1263,0,0,1263,T
2-PB1,1516,1266,0,1,0,1267,A
2-PB1,1517,0,1,1284,0,1285,G
2-PB1,1518,2,0,0,1282,1284,C
2-PB1,1519,1289,0,0,0,1289,A
2-PB1,1520,0,1279,0,1,1280,T
2-PB1,1521,0,1,1257,0,1258,G
2-PB1,1522,0,0,1285,0,1285,G
2-PB1,1523,1283,0,0,0,1283,A
2-PB1,1524,1,0,1279,0,1280,G
2-PB1,1525,0,0,0,1273,1273,C
2-PB1,1526,0,1274,0,0,1274,T
2-PB1,1527,0,1,1283,0,1284,G
2-PB1,1528,1,1,0,1270,1272,C
2-PB1,1529,0,0,0,1272,1272,C
2-PB1,1530,0,0,0,1279,1279,C
2-PB1,1531,1257,0,0,0,1257,A
2-PB1,1532,0,0,1318,0,1318,G
2-PB1,1533,1,1314,0,0,1315,T
2-PB1,1534,0,1317,1,0,1318,T
2-PB1,1535,0,1319,0,0,1319,T
2-PB1,1536,0,1303,0,0,1303,T
2-PB1,1537,0,0,1303,0,1303,G
2-PB1,1538,0,1,1297,0,1298,G
2-PB1,1539,1296,0,1,0,1297,A
2-PB1,1540,0,0,1297,0,1297,G
2-PB1,1541,0,1248,0,0,1248,T
2-PB1,1542,1251,0,0,0,1251,A
2-PB1,1543,0,1308,0,0,1308,T
2-PB1,1544,0,0,0,1315,1315,C
2-PB1,1545,0,1318,0,0,1318,T
2-PB1,1546,1,3,1324,0,1328,G
2-PB1,1547,0,7,1342,0,1349,G
2-PB1,1548,1352,0,1,0,1353,A
2-PB1,1549,1353,0,0,0,1353,A
2-PB1,1550,0,1351,0,0,1351,T
2-PB1,1551,1320,0,1,0,1321,A
2-PB1,1552,1318,0,1,0,1319,A
2-PB1,1553,1320,0,1,0,1321,A
2-PB1,1554,0,0,0,1319,1319,C
2-PB1,1555,0,2,1292,0,1294,G
2-PB1,1556,1295,0,0,0,1295,A
2-PB1,1557,0,0,1285,0,1285,G
2-PB1,1558,1,1284,0,0,1285,T
2-PB1,1559,1,0,0,1299,1300,C
2-PB1,1560,1306,0,2,0,1308,A
2-PB1,1561,0,1,1321,0,1322,G
2-PB1,1562,0,0,0,1331,1331,C
2-PB1,1563,0,1326,0,0,1326,T
2-PB1,1564,1,1,1384,0,1386,G
2-PB1,1565,1372,0,2,0,1374,A
2-PB1,1566,0,1374,0,0,1374,T
2-PB1,1567,1376,0,2,0,1378,A
2-PB1,1568,0,1358,0,1,1359,T
2-PB1,1569,0,1,1377,0,1378,G
2-PB1,1570,1343,0,2,0,1345,A
2-PB1,1571,0,0,1386,0,1386,G
2-PB1,1572,2,1,3,1378,1384,C
2-PB1,1573,1338,0,0,0,1338,A
2-PB1,1574,0,1344,0,0,1344,T
2-PB1,1575,0,1344,0,0,1344,T
2-PB1,1576,0,0,1369,0,1369,G
2-PB1,1577,1,1,1441,0,1443,G
2-PB1,1578,1423,0,2,0,1425,A
2-PB1,1579,1,0,1437,1,1439,G
2-PB1,1580,0,1410,0,0,1410,T
2-PB1,1581,1410,0,1,0,1411,A
2-PB1,1582,1416,0,0,0,1416,A
2-PB1,1583,0,0,0,1427,1427,C
2-PB1,1584,1427,1,0,0,1428,A
2-PB1,1585,0,0,1458,0,1458,G
2-PB1,1586,0,1376,0,0,1376,T
2-PB1,1587,1,1,1396,0,1398,G
2-PB1,1588,1425,0,0,0,1425,A
2-PB1,1589,0,1434,0,1,1435,T
2-PB1,1590,1430,0,0,0,1430,A
2-PB1,1591,1432,0,1,0,1433,A
2-PB1,1592,1418,0,0,0,1418,A
2-PB1,1593,1,1,1431,0,1433,G
2-PB1,1594,1403,0,2,1,1406,A
2-PB1,1595,1406,0,0,0,1406,A
2-PB1,1596,0,0,0,1420,1420,C
2-PB1,1597,1400,0,0,0,1400,A
2-PB1,1598,1407,2,0,0,1409,A
2-PB1,1599,1,0,0,1429,1430,C
2-PB1,1600,1459,0,0,0,1459,A
2-PB1,1601,0,1462,0,0,1462,T
2-PB1,1602,0,1,1469,0,1470,G
2-PB1,1603,1472,0,0,0,1472,A
2-PB1,1604,0,1472,0,0,1472,T
2-PB1,1605,1472,0,1,0,1473,A
2-PB1,1606,1486,0,0,0,1486,A
2-PB1,1607,1517,0,3,0,1520,A
2-PB1,1608,0,0,0,1523,1523,C
2-PB1,1609,1513,0,0,0,1513,A
2-PB1,1610,1508,0,0,0,1508,A
2-PB1,1611,0,1494,0,0,1494,T
2-PB1,1612,0,2,1499,0,1501,G
2-PB1,1613,1533,0,1,0,1534,A
2-PB1,1614,0,1,0,1545,1546,C
2-PB1,1615,0,1,0,1535,1536,C
2-PB1,1616,0,1531,0,0,1531,T
2-PB1,1617,0,1508,0,0,1508,T
2-PB1,1618,0,1,1510,0,1511,G
2-PB1,1619,1,0,1527,0,1528,G
2-PB1,1620,1531,0,1,0,1532,A
2-PB1,1621,0,0,0,1533,1533,C
2-PB1,1622,2,1,0,1507,1510,C
2-PB1,1623,1490,0,1,0,1491,A
2-PB1,1624,0,0,1515,1,1516,G
2-PB1,1625,3,1,0,1515,1519,C
2-PB1,1626,1515,0,0,1,1516,A
2-PB1,1627,1521,0,0,0,1521,A
2-PB1,1628,0,1,0,1513,1514,C
2-PB1,1629,1492,0,3,0,1495,A
2-PB1,1630,0,0,1525,0,1525,G
2-PB1,1631,0,0,0,1517,1517,C
2-PB1,1632,2,0,0,1517,1519,C
2-PB1,1633,0,1,0,1526,1527,C
2-PB1,1634,1533,0,0,0,1533,A
2-PB1,1635,1534,0,0,0,1534,A
2-PB1,1636,1528,0,1,0,1529,A
2-PB1,1637,0,1517,0,0,1517,T
2-PB1,1638,0,0,1512,0,1512,G
2-PB1,1639,0,1,1484,0,1485,G
2-PB1,1640,0,0,0,1496,1496,C
2-PB1,1641,0,1489,0,5,1494,T
2-PB1,1642,0,1,0,1533,1534,C
2-PB1,1643,0,1533,0,0,1533,T
2-PB1,1644,0,0,0,1552,1552,C
2-PB1,1645,0,1,0,1563,1564,C
2-PB1,1646,1563,0,2,0,1565,A
2-PB1,1647,1568,0,1,0,1569,A
2-PB1,1648,0,1560,0,0,1560,T
2-PB1,1649,0,1543,1,1,1545,T
2-PB1,1650,0,1,1547,0,1548,G
2-PB1,1651,0,1510,0,0,1510,T
2-PB1,1652,0,1508,0,0,1508,T
2-PB1,1653,3,6,0,1512,1521,C
2-PB1,1654,1517,1,1,0,1519,A
2-PB1,1655,0,1502,0,1,1503,T
2-PB1,1656,0,1,0,1518,1519,C
2-PB1,1657,1522,0,0,0,1522,A
2-PB1,1658,1521,0,0,0,1521,A
2-PB1,1659,1517,0,1,0,1518,A
2-PB1,1660,0,1,1547,0,1548,G
2-PB1,1661,1545,0,1,0,1546,A
2-PB1,1662,0,1527,0,0,1527,T
2-PB1,1663,0,1546,0,1,1547,T
2-PB1,1664,1534,1,1,3,1539,A
2-PB1,1665,0,0,0,1577,1577,C
2-PB1,1666,1572,0,0,1,1573,A
2-PB1,1667,0,1,1580,0,1581,G
2-PB1,1668,1573,0,2,0,1575,A
2-PB1,1669,0,1606,0,0,1606,T
2-PB1,1670,1620,0,1,0,1621,A
2-PB1,1671,1,0,0,1720,1721,C
2-PB1,1672,1748,0,2,0,1750,A
2-PB1,1673,0,2,1,1860,1863,C
2-PB1,1674,1851,0,0,0,1851,A
2-PB1,1675,0,1856,0,0,1856,T
2-PB1,1676,1847,0,0,0,1847,A
2-PB1,1677,0,1834,0,1,1835,T
2-PB1,1678,1795,0,2,0,1797,A
2-PB1,1679,0,0,1787,0,1787,G
2-PB1,1680,0,0,1776,0,1776,G
2-PB1,1681,0,1667,0,1,1668,T
2-PB1,1682,0,0,1647,0,1647,G
2-PB1,1683,0,0,0,1722,1722,C
2-PB1,1684,0,1,0,1731,1732,C
2-PB1,1685,1759,0,0,0,1759,A
2-PB1,1686,0,1761,0,0,1761,T
2-PB1,1687,1763,0,0,0,1763,A
2-PB1,1688,1,0,1771,0,1772,G
2-PB1,1689,1721,0,2,0,1723,A
2-PB1,1690,0,0,1747,0,1747,G
2-PB1,1691,0,1,1740,0,1741,G
2-PB1,1692,1673,0,3,0,1676,A
2-PB1,1693,1,1,1686,0,1688,G
2-PB1,1694,1661,0,2,0,1663,A
2-PB1,1695,0,0,0,1680,1680,C
2-PB1,1696,1677,0,1,0,1678,A
2-PB1,1697,1,2,0,1704,1707,C
2-PB1,1698,1709,0,2,0,1711,A
2-PB1,1699,0,0,0,1715,1715,C
2-PB1,1700,1703,0,1,0,1704,A
2-PB1,1701,1698,0,0,0,1698,A
2-PB1,1702,1706,0,1,0,1707,A
2-PB1,1703,0,1705,0,1,1706,T
2-PB1,1704,1,0,0,1697,1698,C
2-PB1,1705,2,0,0,1707,1709,C
2-PB1,1706,1692,0,2,0,1694,A
2-PB1,1707,0,0,1701,0,1701,G
2-PB1,1708,1706,0,0,0,1706,A
2-PB1,1709,1,0,0,1715,1716,C
2-PB1,1710,0,0,1717,0,1717,G
2-PB1,1711,1695,0,2,0,1697,A
2-PB1,1712,0,0,1698,0,1698,G
2-PB1,1713,1701,0,3,0,1704,A
2-PB1,1714,1692,0,1,0,1693,A
2-PB1,1715,0,1,1702,1,1704,G
2-PB1,1716,1699,0,2,0,1701,A
2-PB1,1717,0,1699,0,0,1699,T
2-PB1,1718,2,0,1,1692,1695,C
2-PB1,1719,1698,0,3,0,1701,A
2-PB1,1720,0,1687,0,1,1688,T
2-PB1,1721,1,1684,0,0,1685,T
2-PB1,1722,0,0,1,1697,1698,C
2-PB1,1723,1,0,1704,0,1705,G
2-PB1,1724,1675,0,1,0,1676,A
2-PB1,1725,0,1,1678,0,1679,G
2-PB1,1726,1674,0,0,0,1674,A
2-PB1,1727,0,1744,0,0,1744,T
2-PB1,1728,1750,0,0,0,1750,A
2-PB1,1729,1752,0,1,0,1753,A
2-PB1,1730,1753,0,1,0,1754,A
2-PB1,1731,1,1,1748,0,1750,G
2-PB1,1732,1751,0,2,0,1753,A
2-PB1,1733,1695,0,0,0,1695,A
2-PB1,1734,1,0,1705,0,1706,G
2-PB1,1735,0,0,0,1699,1699,C
2-PB1,1736,0,1691,0,0,1691,T
2-PB1,1737,0,0,1702,0,1702,G
2-PB1,1738,1,1688,0,0,1689,T
2-PB1,1739,0,4,1696,0,1700,G
2-PB1,1740,0,0,1691,0,1691,G
2-PB1,1741,0,3,1702,0,1705,G
2-PB1,1742,1705,0,1,0,1706,A
2-PB1,1743,0,1698,1,0,1699,T
2-PB1,1744,4,0,0,1685,1689,C
2-PB1,1745,1695,0,1,0,1696,A
2-PB1,1746,1701,0,1,0,1702,A
2-PB1,1747,1695,0,1,1,1697,A
2-PB1,1748,1,1,0,1701,1703,C
2-PB1,1749,0,0,0,1695,1695,C
2-PB1,1750,0,0,0,1692,1692,C
2-PB1,1751,1687,0,0,1,1688,A
2-PB1,1752,1700,0,0,0,1700,A
2-PB1,1753,0,1697,0,1,1698,T
2-PB1,1754,2,0,0,1710,1712,C
2-PB1,1755,1693,0,0,0,1693,A
2-PB1,1756,1671,0,1,0,1672,A
2-PB1,1757,1,0,1691,0,1692,G
2-PB1,1758,0,0,1679,0,1679,G
2-PB1,1759,1,0,1672,0,1673,G
2-PB1,1760,0,1,0,1693,1694,C
2-PB1,1761,1672,0,2,0,1674,A
2-PB1,1762,1,2,1706,0,1709,G
2-PB1,1763,0,0,1724,0,1724,G
2-PB1,1764,1719,0,1,0,1720,A
2-PB1,1765,1,1,0,1739,1741,C
2-PB1,1766,0,1716,0,0,1716,T
2-PB1,1767,1760,0,0,0,1760,A
2-PB1,1768,0,1756,0,1,1757,T
2-PB1,1769,0,1761,0,0,1761,T
2-PB1,1770,2,1,1764,0,1767,G
2-PB1,1771,3,0,1761,0,1764,G
2-PB1,1772,0,1727,0,0,1727,T
2-PB1,1773,1738,0,1,0,1739,A
2-PB1,1774,0,1697,0,1,1698,T
2-PB1,1775,2,0,0,1713,1715,C
2-PB1,1776,1678,0,0,0,1678,A
2-PB1,1777,0,0,1701,0,1701,G
2-PB1,1778,1697,0,2,0,1699,A
2-PB1,1779,0,1682,0,0,1682,T
2-PB1,1780,1,0,1610,0,1611,G
2-PB1,1781,1,1,1595,0,1597,G
2-PB1,1782,0,0,1582,0,1582,G
2-PB1,1783,1,1,1591,0,1593,G
2-PB1,1784,0,0,1597,0,1597,G
2-PB1,1785,1581,0,2,0,1583,A
2-PB1,1786,0,0,0,1588,1588,C
2-PB1,1787,1,1,0,1571,1573,C
2-PB1,1788,1583,0,0,0,1583,A
2-PB1,1789,1722,0,0,0,1722,A
2-PB1,1790,1712,0,0,0,1712,A
2-PB1,1791,1,0,0,1774,1775,C
2-PB1,1792,0,1758,0,0,1758,T
2-PB1,1793,0,1749,0,0,1749,T
2-PB1,1794,1774,0,1,0,1775,A
2-PB1,1795,0,1768,0,0,1768,T
2-PB1,1796,1773,0,0,0,1773,A
2-PB1,1797,0,0,0,1772,1772,C
2-PB1,1798,1625,0,1,0,1626,A
2-PB1,1799,1617,0,0,0,1617,A
2-PB1,1800,0,1600,0,0,1600,T
2-PB1,1801,1622,0,0,0,1622,A
2-PB1,1802,0,1616,0,1,1617,T
2-PB1,1803,1,0,0,1607,1608,C
2-PB1,1804,2,1,0,1608,1611,C
2-PB1,1805,2,0,1612,0,1614,G
2-PB1,1806,1,3,1609,0,1613,G
2-PB1,1807,1612,0,0,0,1612,A
2-PB1,1808,1617,0,0,0,1617,A
2-PB1,1809,1,1607,0,3,1611,T
2-PB1,1810,0,0,0,1628,1628,C
2-PB1,1811,1,1617,0,3,1621,T
2-PB1,1812,0,1624,0,2,1626,T
2-PB1,1813,1,0,0,1624,1625,C
2-PB1,1814,1621,2,1,0,1624,A
2-PB1,1815,0,0,0,1631,1631,C
2-PB1,1816,1616,0,1,0,1617,A
2-PB1,1817,0,1742,0,0,1742,T
2-PB1,1818,1,1,0,1742,1744,C
2-PB1,1819,1,1,0,1745,1747,C
2-PB1,1820,1,3,0,1766,1770,C
2-PB1,1821,0,1773,1,0,1774,T
2-PB1,1822,0,1,1783,0,1784,G
2-PB1,1823,1766,0,0,0,1766,A
2-PB1,1824,1763,0,1,0,1764,A
2-PB1,1825,0,1,1778,0,1779,G
2-PB1,1826,0,1668,0,0,1668,T
2-PB1,1827,3,0,0,1681,1684,C
2-PB1,1828,0,1659,0,0,1659,T
2-PB1,1829,0,0,1703,0,1703,G
2-PB1,1830,0,1,0,1698,1699,C
2-PB1,1831,1,1704,0,2,1707,T
2-PB1,1832,0,1717,0,0,1717,T
2-PB1,1833,1714,0,0,0,1714,A
2-PB1,1834,1707,0,0,0,1707,A
2-PB1,1835,1705,0,2,0,1707,A
2-PB1,1836,3,0,1735,0,1738,G
2-PB1,1837,0,1699,0,1,1700,T
2-PB1,1838,0,0,1679,0,1679,G
2-PB1,1839,1,1,1670,0,1672,G
2-PB1,1840,0,3,1675,0,1678,G
2-PB1,1841,1667,0,3,0,1670,A
2-PB1,1842,0,0,1684,0,1684,G
2-PB1,1843,0,0,0,1679,1679,C
2-PB1,1844,0,1675,0,0,1675,T
2-PB1,1845,0,1,1678,0,1679,G
2-PB1,1846,1669,1,1,0,1671,A
2-PB1,1847,0,1669,0,0,1669,T
2-PB1,1848,0,2,1688,1,1691,G
2-PB1,1849,1,0,1680,0,1681,G
2-PB1,1850,1684,0,1,0,1685,A
2-PB1,1851,0,1671,0,1,1672,T
2-PB1,1852,0,0,1674,0,1674,G
2-PB1,1853,1665,0,0,0,1665,A
2-PB1,1854,0,3,1694,0,1697,G
2-PB1,1855,1690,0,1,0,1691,A
2-PB1,1856,1695,1,0,0,1696,A
2-PB1,1857,0,1691,0,0,1691,T
2-PB1,1858,0,1678,0,0,1678,T
2-PB1,1859,1674,0,0,0,1674,A
2-PB1,1860,0,1667,0,0,1667,T
2-PB1,1861,2,1,0,1665,1668,C
2-PB1,1862,1,1,1659,0,1661,G
2-PB1,1863,0,0,1623,0,1623,G
2-PB1,1864,0,1,1614,0,1615,G
2-PB1,1865,1,2,1613,0,1616,G
2-PB1,1866,1613,0,0,0,1613,A
2-PB1,1867,1616,0,3,0,1619,A
2-PB1,1868,0,0,1629,0,1629,G
2-PB1,1869,1632,0,0,0,1632,A
2-PB1,1870,1,0,0,1647,1648,C
2-PB1,1871,0,1629,0,0,1629,T
2-PB1,1872,0,1665,0,0,1665,T
2-PB1,1873,0,1672,0,0,1672,T
2-PB1,1874,0,0,1679,0,1679,G
2-PB1,1875,0,1685,0,0,1685,T
2-PB1,1876,1671,0,0,0,1671,A
2-PB1,1877,1672,0,1,1,1674,A
2-PB1,1878,0,1617,0,1,1618,T
2-PB1,1879,0,0,0,1638,1638,C
2-PB1,1880,0,0,0,1632,1632,C
2-PB1,1881,1,0,0,1604,1605,C
2-PB1,1882,0,1,0,1631,1632,C
2-PB1,1883,0,1620,0,1,1621,T
2-PB1,1884,0,0,1618,0,1618,G
2-PB1,1885,1617,0,0,0,1617,A
2-PB1,1886,1618,0,0,0,1618,A
2-PB1,1887,0,1632,0,2,1634,T
2-PB1,1888,1,0,0,1608,1609,C
2-PB1,1889,1,0,0,1594,1595,C
2-PB1,1890,1,0,0,1583,1584,C
2-PB1,1891,0,1581,0,3,1584,T
2-PB1,1892,0,1598,0,0,1598,T
2-PB1,1893,0,1585,0,1,1586,T
2-PB1,1894,0,1,1587,0,1588,G
2-PB1,1895,0,1571,2,0,1573,T
2-PB1,1896,0,1,0,1572,1573,C
2-PB1,1897,1560,1,3,1,1565,A
2-PB1,1898,0,1,1581,0,1582,G
2-PB1,1899,1,1,0,1568,1570,C
2-PB1,1900,0,1,0,1579,1580,C
2-PB1,1901,1582,1,0,0,1583,A
2-PB1,1902,0,1586,0,2,1588,T
2-PB1,1903,1584,0,0,0,1584,A
2-PB1,1904,1587,0,0,0,1587,A
2-PB1,1905,1580,0,2,1,1583,A
2-PB1,1906,0,1,1595,0,1596,G
2-PB1,1907,1530,0,0,0,1530,A
2-PB1,1908,1535,0,0,0,1535,A
2-PB1,1909,1534,0,1,0,1535,A
2-PB1,1910,0,1536,0,1,1537,T
2-PB1,1911,1,1537,1,0,1539,T
2-PB1,1912,0,3,1526,0,1529,G
2-PB1,1913,1537,0,0,0,1537,A
2-PB1,1914,1499,0,1,0,1500,A
2-PB1,1915,0,1567,0,0,1567,T
2-PB1,1916,1,0,0,1563,1564,C
2-PB1,1917,0,1574,0,0,1574,T
2-PB1,1918,1,0,1601,0,1602,G
2-PB1,1919,0,1603,0,0,1603,T
2-PB1,1920,1625,0,0,0,1625,A
2-PB1,1921,1623,0,0,0,1623,A
2-PB1,1922,1605,1,0,0,1606,A
2-PB1,1923,0,0,0,1621,1621,C
2-PB1,1924,1563,0,0,0,1563,A
2-PB1,1925,1599,0,0,0,1599,A
2-PB1,1926,0,1581,0,0,1581,T
2-PB1,1927,0,1,1560,0,1561,G
2-PB1,1928,1,0,0,1576,1577,C
2-PB1,1929,0,1573,0,0,1573,T
2-PB1,1930,1,0,1637,0,1638,G
2-PB1,1931,0,1638,0,1,1639,T
2-PB1,1932,1678,0,1,0,1679,A
2-PB1,1933,0,1,1680,0,1681,G
2-PB1,1934,0,1657,0,0,1657,T
2-PB1,1935,1650,0,0,0,1650,A
2-PB1,1936,1622,0,1,0,1623,A
2-PB1,1937,0,1620,0,1,1621,T
2-PB1,1938,0,0,1613,0,1613,G
2-PB1,1939,0,1,0,1586,1587,C
2-PB1,1940,1,1,0,1573,1575,C
2-PB1,1941,1529,0,0,0,1529,A
2-PB1,1942,2,0,1540,0,1542,G
2-PB1,1943,0,0,0,1561,1561,C
2-PB1,1944,1,0,0,1539,1540,C
2-PB1,1945,1,1,0,1570,1572,C
2-PB1,1946,1557,0,1,0,1558,A
2-PB1,1947,0,1550,0,0,1550,T
2-PB1,1948,0,3,1562,0,1565,G
2-PB1,1949,0,1,1572,0,1573,G
2-PB1,1950,0,1575,0,0,1575,T
2-PB1,1951,2,0,0,1534,1536,C
2-PB1,1952,0,0,0,1528,1528,C
2-PB1,1953,1522,1,1,0,1524,A
2-PB1,1954,0,0,1559,0,1559,G
2-PB1,1955,2,0,0,1538,1540,C
2-PB1,1956,0,0,0,1558,1558,C
2-PB1,1957,1559,1,1,0,1561,A
2-PB1,1958,1542,0,0,0,1542,A
2-PB1,1959,1548,0,0,0,1548,A
2-PB1,1960,1555,0,0,0,1555,A
2-PB1,1961,2,1,1578,0,1581,G
2-PB1,1962,0,1535,0,0,1535,T
2-PB1,1963,1562,0,0,0,1562,A
2-PB1,1964,1,1548,0,0,1549,T
2-PB1,1965,0,1,1553,0,1554,G
2-PB1,1966,0,1,1572,0,1573,G
2-PB1,1967,1565,0,0,0,1565,A
2-PB1,1968,1589,0,0,0,1589,A
2-PB1,1969,0,1575,0,0,1575,T
2-PB1,1970,1569,0,1,0,1570,A
2-PB1,1971,0,1557,0,1,1558,T
2-PB1,1972,0,0,1544,0,1544,G
2-PB1,1973,1551,0,0,0,1551,A
2-PB1,1974,2,1534,0,0,1536,T
2-PB1,1975,2,1,1478,0,1481,G
2-PB1,1976,0,0,0,1483,1483,C
2-PB1,1977,0,0,0,1472,1472,C
2-PB1,1978,1,0,1481,0,1482,G
2-PB1,1979,0,1479,0,0,1479,T
2-PB1,1980,0,1480,0,1,1481,T
2-PB1,1981,2,1,1470,0,1473,G
2-PB1,1982,1,0,0,1499,1500,C
2-PB1,1983,1501,0,0,0,1501,A
2-PB1,1984,1515,0,0,0,1515,A
2-PB1,1985,0,0,0,1516,1516,C
2-PB1,1986,0,1497,0,0,1497,T
2-PB1,1987,1500,0,0,1,1501,A
2-PB1,1988,0,0,0,1500,1500,C
2-PB1,1989,1492,2,3,0,1497,A
2-PB1,1990,0,0,0,1502,1502,C
2-PB1,1991,1448,0,2,0,1450,A
2-PB1,1992,1,0,0,1567,1568,C
2-PB1,1993,0,1513,0,1,1514,T
2-PB1,1994,1,1,0,1541,1543,C
2-PB1,1995,0,2,0,1548,1550,C
2-PB1,1996,0,1536,0,1,1537,T
2-PB1,1997,0,3,1533,0,1536,G
2-PB1,1998,0,3,1531,0,1534,G
2-PB1,1999,1518,0,0,0,1518,A
2-PB1,2000,0,1529,0,0,1529,T
2-PB1,2001,0,1392,0,0,1392,T
2-PB1,2002,1,0,0,1411,1412,C
2-PB1,2003,1,0,0,1398,1399,C
2-PB1,2004,1,0,0,1415,1416,C
2-PB1,2005,1426,1,0,0,1427,A
2-PB1,2006,1410,0,0,0,1410,A
2-PB1,2007,0,1,1423,0,1424,G
2-PB1,2008,1414,0,1,0,1415,A
2-PB1,2009,0,0,1415,0,1415,G
2-PB1,2010,0,1,1408,0,1409,G
2-PB1,2011,1397,0,0,0,1397,A
2-PB1,2012,1389,1,1,0,1391,A
2-PB1,2013,0,0,0,1391,1391,C
2-PB1,2014,1,0,0,1383,1384,C
2-PB1,2015,1,0,1406,0,1407,G
2-PB1,2016,0,1,0,1407,1408,C
2-PB1,2017,0,1396,0,2,1398,T
2-PB1,2018,1,0,0,1403,1404,C
2-PB1,2019,0,1401,0,0,1401,T
2-PB1,2020,1504,0,0,0,1504,A
2-PB1,2021,0,1507,0,1,1508,T
2-PB1,2022,0,1504,0,0,1504,T
2-PB1,2023,3,2,0,1509,1514,C
2-PB1,2024,0,1474,0,0,1474,T
2-PB1,2025,1473,0,0,0,1473,A
2-PB1,2026,1477,0,1,0,1478,A
2-PB1,2027,1466,0,1,0,1467,A
2-PB1,2028,0,0,0,1468,1468,C
2-PB1,2029,1370,0,0,0,1370,A
2-PB1,2030,0,0,0,1372,1372,C
2-PB1,2031,1358,0,1,0,1359,A
2-PB1,2032,1358,0,2,0,1360,A
2-PB1,2033,0,0,1370,0,1370,G
2-PB1,2034,0,0,0,1352,1352,C
2-PB1,2035,0,0,0,1374,1374,C
2-PB1,2036,1356,0,1,0,1357,A
2-PB1,2037,1360,0,1,0,1361,A
2-PB1,2038,1355,0,1,0,1356,A
2-PB1,2039,0,1,1378,0,1379,G
2-PB1,2040,0,2,1378,0,1380,G
2-PB1,2041,0,0,1355,1,1356,G
2-PB1,2042,1,0,1365,0,1366,G
2-PB1,2043,1347,0,0,0,1347,A
2-PB1,2044,1353,0,1,0,1354,A
2-PB1,2045,0,1359,0,2,1361,T
2-PB1,2046,0,1350,0,0,1350,T
2-PB1,2047,1,0,0,1359,1360,C
2-PB1,2048,0,1347,0,2,1349,T
2-PB1,2049,1,1355,0,0,1356,T
2-PB1,2050,0,1,1349,0,1350,G
2-PB1,2051,1351,0,2,0,1353,A
2-PB1,2052,0,0,1356,0,1356,G
2-PB1,2053,0,1,1358,0,1359,G
2-PB1,2054,1360,0,1,0,1361,A
2-PB1,2055,1,1351,0,0,1352,T
2-PB1,2056,0,5,1350,0,1355,G
2-PB1,2057,1352,0,0,0,1352,A
2-PB1,2058,1347,0,1,0,1348,A
2-PB1,2059,0,0,0,1364,1364,C
2-PB1,2060,1359,0,0,0,1359,A
2-PB1,2061,0,0,1376,0,1376,G
2-PB1,2062,1372,0,0,0,1372,A
2-PB1,2063,0,1372,0,0,1372,T
2-PB1,2064,0,0,1373,0,1373,G
2-PB1,2065,0,1406,0,0,1406,T
2-PB1,2066,1401,0,0,0,1401,A
2-PB1,2067,1,2,0,1394,1397,C
2-PB1,2068,2,0,0,1398,1400,C
2-PB1,2069,1383,0,1,0,1384,A
2-PB1,2070,0,0,1369,0,1369,G
2-PB1,2071,1351,0,0,0,1351,A
2-PB1,2072,1350,0,0,0,1350,A
2-PB1,2073,1,0,1363,0,1364,G
2-PB1,2074,0,1275,0,0,1275,T
2-PB1,2075,0,1,1290,0,1291,G
2-PB1,2076,0,0,0,1284,1284,C
2-PB1,2077,0,1287,0,1,1288,T
2-PB1,2078,0,0,1291,0,1291,G
2-PB1,2079,2,1,0,1286,1289,C
2-PB1,2080,1283,0,0,0,1283,A
2-PB1,2081,1280,0,0,0,1280,A
2-PB1,2082,1,0,0,1265,1266,C
2-PB1,2083,0,1260,0,0,1260,T
2-PB1,2084,0,1258,0,0,1258,T
2-PB1,2085,0,1,1255,0,1256,G
2-PB1,2086,0,1252,0,0,1252,T
2-PB1,2087,0,1245,0,0,1245,T
2-PB1,2088,0,0,1,1250,1251,C
2-PB1,2089,1,1,1249,0,1251,G
2-PB1,2090,1245,0,0,0,1245,A
2-PB1,2091,0,3,1245,0,1248,G
2-PB1,2092,1250,0,0,0,1250,A
2-PB1,2093,1238,1,0,0,1239,A
2-PB1,2094,1247,0,0,0,1247,A
2-PB1,2095,0,1242,0,0,1242,T
2-PB1,2096,0,1241,0,0,1241,T
2-PB1,2097,0,1238,0,0,1238,T
2-PB1,2098,0,1248,0,2,1250,T
2-PB1,2099,0,1248,0,1,1249,T
2-PB1,2100,1,0,0,1246,1247,C
2-PB1,2101,1,0,0,1248,1249,C
2-PB1,2102,0,0,0,1267,1267,C
2-PB1,2103,0,1269,0,0,1269,T
2-PB1,2104,1268,0,0,0,1268,A
2-PB1,2105,0,0,1271,0,1271,G
2-PB1,2106,0,1267,0,0,1267,T
2-PB1,2107,1290,0,1,0,1291,A
2-PB1,2108,0,0,1297,0,1297,G
2-PB1,2109,1,1277,0,3,1281,T
2-PB1,2110,0,1336,0,0,1336,T
2-PB1,2111,2,0,0,1353,1355,C
2-PB1,2112,1381,0,0,0,1381,A
2-PB1,2113,1,1384,0,0,1385,T
2-PB1,2114,1395,0,1,0,1396,A
2-PB1,2115,0,1395,0,0,1395,T
2-PB1,2116,1364,0,0,0,1364,A
2-PB1,2117,0,0,1347,0,1347,G
2-PB1,2118,0,0,1343,0,1343,G
2-PB1,2119,1199,0,0,0,1199,A
2-PB1,2120,0,1,1205,0,1206,G
2-PB1,2121,1115,0,2,0,1117,A
2-PB1,2122,0,0,0,1126,1126,C
2-PB1,2123,1,0,0,1088,1089,C
2-PB1,2124,1,0,1089,0,1090,G
2-PB1,2125,1079,0,1,0,1080,A
2-PB1,2126,0,1073,0,0,1073,T
2-PB1,2127,0,1083,0,0,1083,T
2-PB1,2128,0,1,1077,0,1078,G
2-PB1,2129,0,0,1075,0,1075,G
2-PB1,2130,1080,0,0,0,1080,A
2-PB1,2131,1073,0,1,0,1074,A
2-PB1,2132,0,1078,0,0,1078,T
2-PB1,2133,0,1086,0,0,1086,T
2-PB1,2134,0,1084,0,0,1084,T
2-PB1,2135,1,0,0,1084,1085,C
2-PB1,2136,0,1083,0,0,1083,T
2-PB1,2137,1081,1,1,0,1083,A
2-PB1,2138,0,0,1081,0,1081,G
2-PB1,2139,2,0,0,1075,1077,C
2-PB1,2140,1077,0,0,0,1077,A
2-PB1,2141,0,1071,0,0,1071,T
2-PB1,2142,0,2,1060,0,1062,G
2-PB1,2143,0,0,1085,0,1085,G
2-PB1,2144,0,1071,0,2,1073,T
2-PB1,2145,0,0,1069,0,1069,G
2-PB1,2146,0,0,1076,0,1076,G
2-PB1,2147,1059,0,0,0,1059,A
2-PB1,2148,1,0,1069,0,1070,G
2-PB1,2149,0,0,1069,0,1069,G
2-PB1,2150,0,0,0,1037,1037,C
2-PB1,2151,1,0,0,1049,1050,C
2-PB1,2152,1004,0,0,0,1004,A
2-PB1,2153,0,1005,0,0,1005,T
2-PB1,2154,0,0,1015,0,1015,G
2-PB1,2155,0,0,1021,0,1021,G
2-PB1,2156,0,995,0,1,996,T
2-PB1,2157,1,0,1008,0,1009,G
2-PB1,2158,0,993,0,2,995,T
2-PB1,2159,2,0,0,992,994,C
2-PB1,2160,0,997,0,0,997,T
2-PB1,2161,986,0,1,0,987,A
2-PB1,2162,1,0,986,0,987,G
2-PB1,2163,0,0,971,0,971,G
2-PB1,2164,0,0,960,0,960,G
2-PB1,2165,0,0,0,931,931,C
2-PB1,2166,0,0,0,905,905,C
2-PB1,2167,0,1,0,886,887,C
2-PB1,2168,0,0,890,0,890,G
2-PB1,2169,0,0,896,0,896,G
2-PB1,2170,893,0,0,0,893,A
2-PB1,2171,0,891,0,0,891,T
2-PB1,2172,0,857,0,0,857,T
2-PB1,2173,0,0,858,0,858,G
2-PB1,2174,856,0,1,0,857,A
2-PB1,2175,0,855,0,0,855,T
2-PB1,2176,0,0,855,0,855,G
2-PB1,2177,0,0,0,848,848,C
2-PB1,2178,0,0,0,846,846,C
2-PB1,2179,847,0,0,0,847,A
2-PB1,2180,0,1,853,0,854,G
2-PB1,2181,848,0,0,0,848,A
2-PB1,2182,852,0,0,0,852,A
2-PB1,2183,0,844,0,0,844,T
2-PB1,2184,0,819,0,1,820,T
2-PB1,2185,0,0,825,0,825,G
2-PB1,2186,819,0,0,0,819,A
2-PB1,2187,0,0,0,825,825,C
2-PB1,2188,0,818,0,2,820,T
2-PB1,2189,0,813,0,0,813,T
2-PB1,2190,2,0,0,810,812,C
2-PB1,2191,0,0,816,0,816,G
2-PB1,2192,817,0,0,0,817,A
2-PB1,2193,0,0,800,0,800,G
2-PB1,2194,0,806,0,1,807,T
2-PB1,2195,1,0,0,805,806,C
2-PB1,2196,0,811,0,2,813,T
2-PB1,2197,0,0,812,0,812,G
2-PB1,2198,0,0,810,0,810,G
2-PB1,2199,812,0,0,0,812,A
2-PB1,2200,763,0,0,1,764,A
2-PB1,2201,0,1,765,0,766,G
2-PB1,2202,0,1,771,0,772,G
2-PB1,2203,775,0,0,0,775,A
2-PB1,2204,0,767,0,0,767,T
2-PB1,2205,0,772,0,0,772,T
2-PB1,2206,773,0,0,0,773,A
2-PB1,2207,771,0,0,0,771,A
2-PB1,2208,0,1,774,0,775,G
2-PB1,2209,769,0,0,0,769,A
2-PB1,2210,731,0,1,0,732,A
2-PB1,2211,0,0,685,0,685,G
2-PB1,2212,1,0,678,0,679,G
2-PB1,2213,678,0,0,0,678,A
2-PB1,2214,671,0,2,0,673,A
2-PB1,2215,0,0,675,0,675,G
2-PB1,2216,630,0,0,0,630,A
2-PB1,2217,0,0,625,0,625,G
2-PB1,2218,0,597,0,0,597,T
2-PB1,2219,0,589,0,0,589,T
2-PB1,2220,0,0,0,602,602,C
2-PB1,2221,0,584,0,2,586,T
2-PB1,2222,0,0,0,600,600,C
2-PB1,2223,0,593,1,0,594,T
2-PB1,2224,0,0,591,0,591,G
2-PB1,2225,579,0,0,0,579,A
2-PB1,2226,0,0,573,0,573,G
2-PB1,2227,576,0,0,0,576,A
2-PB1,2228,0,563,0,0,563,T
2-PB1,2229,2,1,0,541,544,C
2-PB1,2230,544,0,1,0,545,A
2-PB1,2231,0,540,0,0,540,T
2-PB1,2232,0,0,539,0,539,G
2-PB1,2233,537,0,0,0,537,A
2-PB1,2234,537,0,0,0,537,A
2-PB1,2235,0,1,522,0,523,G
2-PB1,2236,515,0,0,0,515,A
2-PB1,2237,0,508,0,1,509,T
2-PB1,2238,1,0,0,507,508,C
2-PB1,2239,0,474,0,0,474,T
2-PB1,2240,0,0,485,0,485,G
2-PB1,2241,0,481,0,0,481,T
2-PB1,2242,0,473,0,0,473,T
2-PB1,2243,0,0,0,472,472,C
2-PB1,2244,0,1,0,459,460,C
2-PB1,2245,457,0,0,0,457,A
2-PB1,2246,0,0,0,461,461,C
2-PB1,2247,0,0,0,447,447,C
2-PB1,2248,438,0,0,0,438,A
2-PB1,2249,0,417,0,0,417,T
2-PB1,2250,0,410,0,0,410,T
2-PB1,2251,0,1,408,0,409,G
2-PB1,2252,406,0,0,0,406,A
2-PB1,2253,401,1,0,0,402,A
2-PB1,2254,0,0,403,0,403,G
2-PB1,2255,352,0,0,0,352,A
2-PB1,2256,352,0,1,0,353,A
2-PB1,2257,0,0,0,349,349,C
2-PB1,2258,0,335,0,0,335,T
2-PB1,2259,1,0,0,335,336,C
2-PB1,2260,326,0,1,0,327,A
2-PB1,2261,0,0,325,0,325,G
2-PB1,2262,325,0,0,0,325,A
2-PB1,2263,0,0,0,320,320,C
2-PB1,2264,0,1,307,0,308,G
2-PB1,2265,0,0,305,0,305,G
2-PB1,2266,0,0,0,301,301,C
2-PB1,2267,300,0,0,0,300,A
2-PB1,2268,302,0,0,0,302,A
2-PB1,2269,297,0,0,0,297,A
2-PB1,2270,295,0,0,0,295,A
2-PB1,2271,295,0,0,0,295,A
2-PB1,2272,0,288,0,0,288,T
2-PB1,2273,283,0,0,0,283,A
2-PB1,2274,283,0,0,0,283,A
3-PA,1,140,0,0,0,140,A
3-PA,2,0,145,0,0,145,T
3-PA,3,0,0,158,0,158,G
3-PA,4,0,0,157,0,157,G
3-PA,5,155,0,0,0,155,A
3-PA,6,157,0,0,0,157,A
3-PA,7,1,0,163,0,164,G
3-PA,8,171,0,0,0,171,A
3-PA,9,0,174,0,0,174,T
3-PA,10,0,172,0,0,172,T
3-PA,11,0,179,0,0,179,T
3-PA,12,0,182,0,0,182,T
3-PA,13,0,0,184,0,184,G
3-PA,14,0,183,0,0,183,T
3-PA,15,0,0,186,0,186,G
3-PA,16,0,0,0,192,192,C
3-PA,17,0,0,190,0,190,G
3-PA,18,211,0,0,0,211,A
3-PA,19,0,1,0,213,214,C
3-PA,20,211,0,0,0,211,A
3-PA,21,216,0,0,0,216,A
3-PA,22,0,226,0,0,226,T
3-PA,23,0,0,256,0,256,G
3-PA,24,0,0,0,260,260,C
3-PA,25,0,261,0,0,261,T
3-PA,26,0,263,0,0,263,T
3-PA,27,0,1,0,261,262,C
3-PA,28,265,0,0,0,265,A
3-PA,29,272,0,0,0,272,A
3-PA,30,0,0,0,275,275,C
3-PA,31,0,0,0,279,279,C
3-PA,32,0,0,0,278,278,C
3-PA,33,1,0,281,0,282,G
3-PA,34,278,0,0,0,278,A
3-PA,35,0,286,0,0,286,T
3-PA,36,0,1,284,0,285,G
3-PA,37,282,0,0,0,282,A
3-PA,38,0,294,0,0,294,T
3-PA,39,0,295,0,0,295,T
3-PA,40,0,0,297,0,297,G
3-PA,41,0,291,0,1,292,T
3-PA,42,1,0,0,298,299,C
3-PA,43,0,0,299,0,299,G
3-PA,44,298,0,0,0,298,A
3-PA,45,298,0,0,0,298,A
3-PA,46,0,0,0,297,297,C
3-PA,47,0,300,0,0,300,T
3-PA,48,0,305,0,0,305,T
3-PA,49,0,0,305,0,305,G
3-PA,50,0,1,0,310,311,C
3-PA,51,312,0,0,0,312,A
3-PA,52,0,0,311,0,311,G
3-PA,53,311,0,0,0,311,A
3-PA,54,311,0,0,0,311,A
3-PA,55,312,0,0,0,312,A
3-PA,56,314,0,0,0,314,A
3-PA,57,314,0,0,0,314,A
3-PA,58,0,1,315,0,316,G
3-PA,59,0,0,0,327,327,C
3-PA,60,327,0,0,0,327,A
3-PA,61,352,0,0,0,352,A
3-PA,62,0,351,0,0,351,T
3-PA,63,0,0,357,0,357,G
3-PA,64,359,0,0,0,359,A
3-PA,65,359,0,1,0,360,A
3-PA,66,359,0,1,0,360,A
3-PA,67,0,0,382,0,382,G
3-PA,68,406,0,0,0,406,A
3-PA,69,0,0,481,0,481,G
3-PA,70,0,471,0,0,471,T
3-PA,71,481,0,1,0,482,A
3-PA,72,0,482,0,0,482,T
3-PA,73,0,0,489,0,489,G
3-PA,74,0,0,489,0,489,G
3-PA,75,0,1,482,0,483,G
3-PA,76,0,2,487,0,489,G
3-PA,77,473,0,0,0,473,A
3-PA,78,0,1,487,0,488,G
3-PA,79,0,0,495,0,495,G
3-PA,80,486,0,0,1,487,A
3-PA,81,0,492,0,0,492,T
3-PA,82,0,1,0,497,498,C
3-PA,83,0,493,0,1,494,T
3-PA,84,0,0,498,0,498,G
3-PA,85,495,0,1,0,496,A
3-PA,86,498,0,1,0,499,A
3-PA,87,499,0,0,0,499,A
3-PA,88,497,0,1,0,498,A
3-PA,89,1,500,0,0,501,T
3-PA,90,0,500,0,0,500,T
3-PA,91,0,2,499,0,501,G
3-PA,92,504,0,0,0,504,A
3-PA,93,505,0,0,0,505,A
3-PA,94,504,1,0,0,505,A
3-PA,95,1,0,0,504,505,C
3-PA,96,506,0,0,0,506,A
3-PA,97,510,0,0,0,510,A
3-PA,98,510,0,0,0,510,A
3-PA,99,0,0,0,513,513,C
3-PA,100,512,0,0,0,512,A
3-PA,101,521,0,0,0,521,A
3-PA,102,518,0,0,0,518,A
3-PA,103,0,517,0,0,517,T
3-PA,104,0,517,0,0,517,T
3-PA,105,0,520,0,0,520,T
3-PA,106,1,0,518,0,519,G
3-PA,107,0,0,0,519,519,C
3-PA,108,519,0,1,0,520,A
3-PA,109,1,0,542,0,543,G
3-PA,110,0,0,0,550,550,C
3-PA,111,587,0,0,0,587,A
3-PA,112,592,0,0,0,592,A
3-PA,113,0,589,0,2,591,T
3-PA,114,608,0,0,0,608,A
3-PA,115,0,611,0,0,611,T
3-PA,116,0,0,621,0,621,G
3-PA,117,0,0,0,618,618,C
3-PA,118,616,0,0,0,616,A
3-PA,119,0,0,0,624,624,C
3-PA,120,1,614,0,0,615,T
3-PA,121,0,0,0,694,694,C
3-PA,122,714,0,0,0,714,A
3-PA,123,1,0,0,718,719,C
3-PA,124,0,716,0,1,717,T
3-PA,125,0,718,0,0,718,T
3-PA,126,0,0,714,0,714,G
3-PA,127,0,0,713,0,713,G
3-PA,128,711,0,0,0,711,A
3-PA,129,1,0,732,0,733,G
3-PA,130,0,1,722,0,723,G
3-PA,131,0,701,0,0,701,T
3-PA,132,0,1,719,0,720,G
3-PA,133,0,721,0,1,722,T
3-PA,134,0,1,738,0,739,G
3-PA,135,0,738,0,2,740,T
3-PA,136,0,737,0,0,737,T
3-PA,137,0,741,0,1,742,T
3-PA,138,0,0,0,751,751,C
3-PA,139,750,0,1,0,751,A
3-PA,140,0,746,0,2,748,T
3-PA,141,0,0,764,0,764,G
3-PA,142,0,750,0,0,750,T
3-PA,143,758,0,0,0,758,A
3-PA,144,1,760,0,0,761,T
3-PA,145,0,757,0,0,757,T
3-PA,146,0,0,0,756,756,C
3-PA,147,756,0,0,0,756,A
3-PA,148,1,1,776,0,778,G
3-PA,149,770,0,0,0,770,A
3-PA,150,0,766,0,1,767,T
3-PA,151,0,770,0,0,770,T
3-PA,152,0,764,0,0,764,T
3-PA,153,0,0,0,759,759,C
3-PA,154,0,0,0,804,804,C
3-PA,155,807,0,0,0,807,A
3-PA,156,0,809,0,1,810,T
3-PA,157,0,805,0,1,806,T
3-PA,158,0,801,0,0,801,T
3-PA,159,2,0,0,803,805,C
3-PA,160,786,0,20,0,806,A
3-PA,161,0,835,0,1,836,T
3-PA,162,0,0,0,834,834,C
3-PA,163,840,0,0,0,840,A
3-PA,164,838,0,1,0,839,A
3-PA,165,0,845,0,0,845,T
3-PA,166,0,0,869,0,869,G
3-PA,167,872,0,1,0,873,A
3-PA,168,870,0,2,0,872,A
3-PA,169,0,0,0,868,868,C
3-PA,170,864,0,1,0,865,A
3-PA,171,863,0,3,0,866,A
3-PA,172,0,0,872,0,872,G
3-PA,173,0,0,869,0,869,G
3-PA,174,1,0,0,870,871,C
3-PA,175,0,1,866,0,867,G
3-PA,176,917,0,0,0,917,A
3-PA,177,919,0,0,0,919,A
3-PA,178,0,918,0,1,919,T
3-PA,179,0,1,0,931,932,C
3-PA,180,932,0,0,0,932,A
3-PA,181,935,0,0,0,935,A
3-PA,182,0,948,0,0,948,T
3-PA,183,948,0,0,0,948,A
3-PA,184,0,0,964,0,964,G
3-PA,185,0,943,0,0,943,T
3-PA,186,0,1,964,0,965,G
3-PA,187,0,1,960,0,961,G
3-PA,188,0,950,0,0,950,T
3-PA,189,949,0,2,0,951,A
3-PA,190,0,3,953,0,956,G
3-PA,191,954,0,0,1,955,A
3-PA,192,956,0,0,0,956,A
3-PA,193,0,0,0,948,948,C
3-PA,194,0,946,1,0,947,T
3-PA,195,0,949,0,0,949,T
3-PA,196,0,1,945,0,946,G
3-PA,197,946,0,0,0,946,A
3-PA,198,0,1,0,940,941,C
3-PA,199,0,2,937,0,939,G
3-PA,200,962,0,0,0,962,A
3-PA,201,0,965,0,0,965,T
3-PA,202,0,1,0,980,981,C
3-PA,203,0,0,0,991,991,C
3-PA,204,994,0,0,0,994,A
3-PA,205,992,0,0,0,992,A
3-PA,206,996,0,0,0,996,A
3-PA,207,1,992,0,0,993,T
3-PA,208,1,1,991,0,993,G
3-PA,209,0,2,0,976,978,C
3-PA,210,971,0,0,0,971,A
3-PA,211,0,0,0,993,993,C
3-PA,212,0,977,0,2,979,T
3-PA,213,0,1,1114,0,1115,G
3-PA,214,0,1111,0,0,1111,T
3-PA,215,0,1115,0,0,1115,T
3-PA,216,1117,0,1,0,1118,A
3-PA,217,1110,0,0,0,1110,A
3-PA,218,1107,0,1,0,1108,A
3-PA,219,0,0,1115,0,1115,G
3-PA,220,0,0,0,1097,1097,C
3-PA,221,1087,0,0,0,1087,A
3-PA,222,0,1,0,1088,1089,C
3-PA,223,1014,0,0,0,1014,A
3-PA,224,0,2,1056,0,1058,G
3-PA,225,1045,0,0,0,1045,A
3-PA,226,0,1057,0,0,1057,T
3-PA,227,0,1060,0,0,1060,T
3-PA,228,0,1057,0,0,1057,T
3-PA,229,0,3,1053,0,1056,G
3-PA,230,1059,0,0,0,1059,A
3-PA,231,1065,0,0,0,1065,A
3-PA,232,1064,0,0,0,1064,A
3-PA,233,0,1039,0,0,1039,T
3-PA,234,1036,0,0,0,1036,A
3-PA,235,1040,0,0,0,1040,A
3-PA,236,0,1043,0,0,1043,T
3-PA,237,1,0,0,1044,1045,C
3-PA,238,0,1,1039,0,1040,G
3-PA,239,1024,0,1,0,1025,A
3-PA,240,1,1,1042,0,1044,G
3-PA,241,0,1,1051,0,1052,G
3-PA,242,0,0,1054,0,1054,G
3-PA,243,0,0,1053,0,1053,G
3-PA,244,1049,0,1,0,1050,A
3-PA,245,0,1,1061,0,1062,G
3-PA,246,1072,0,5,1,1078,A
3-PA,247,1,0,1078,0,1079,G
3-PA,248,1080,0,0,0,1080,A
3-PA,249,0,0,0,1089,1089,C
3-PA,250,1070,0,1,1,1072,A
3-PA,251,0,2,1093,0,1095,G
3-PA,252,1097,0,0,0,1097,A
3-PA,253,1111,0,2,0,1113,A
3-PA,254,0,0,0,1114,1114,C
3-PA,255,1086,0,0,0,1086,A
3-PA,256,1079,0,0,0,1079,A
3-PA,257,0,1077,0,1,1078,T
3-PA,258,2,1,1107,0,1110,G
3-PA,259,0,0,1100,0,1100,G
3-PA,260,0,0,0,1087,1087,C
3-PA,261,1,0,0,1109,1110,C
3-PA,262,0,1101,0,2,1103,T
3-PA,263,1,1,1107,0,1109,G
3-PA,264,0,1,1114,0,1115,G
3-PA,265,1120,0,1,0,1121,A
3-PA,266,0,1,0,1123,1124,C
3-PA,267,1080,0,0,0,1080,A
3-PA,268,0,0,1213,0,1213,G
3-PA,269,0,1195,0,0,1195,T
3-PA,270,1204,0,0,0,1204,A
3-PA,271,0,0,1215,0,1215,G
3-PA,272,0,1180,0,0,1180,T
3-PA,273,1198,0,0,0,1198,A
3-PA,274,1195,0,1,0,1196,A
3-PA,275,1188,1,1,0,1190,A
3-PA,276,0,0,0,1210,1210,C
3-PA,277,1128,0,2,0,1130,A
3-PA,278,0,0,1150,0,1150,G
3-PA,279,0,1139,0,0,1139,T
3-PA,280,1168,0,0,0,1168,A
3-PA,281,0,1163,0,0,1163,T
3-PA,282,1,0,0,1180,1181,C
3-PA,283,0,1179,0,0,1179,T
3-PA,284,0,1,1175,0,1176,G
3-PA,285,0,0,0,1184,1184,C
3-PA,286,1170,0,2,0,1172,A
3-PA,287,1169,0,0,0,1169,A
3-PA,288,1,0,0,1176,1177,C
3-PA,289,1163,0,0,0,1163,A
3-PA,290,0,0,0,1197,1197,C
3-PA,291,0,1182,0,0,1182,T
3-PA,292,1188,0,0,0,1188,A
3-PA,293,0,1,0,1181,1182,C
3-PA,294,1,1178,0,1,1180,T
3-PA,295,0,1,1175,0,1176,G
3-PA,296,0,0,1175,0,1175,G
3-PA,297,1161,0,2,0,1163,A
3-PA,298,0,0,1154,0,1154,G
3-PA,299,0,0,0,1137,1137,C
3-PA,300,0,1146,0,1,1147,T
3-PA,301,1,0,1142,0,1143,G
3-PA,302,0,1,1143,0,1144,G
3-PA,303,1141,0,0,0,1141,A
3-PA,304,1147,0,0,0,1147,A
3-PA,305,1147,0,0,0,1147,A
3-PA,306,1143,0,0,0,1143,A
3-PA,307,0,0,0,1145,1145,C
3-PA,308,0,0,0,1148,1148,C
3-PA,309,2,1,1147,0,1150,G
3-PA,310,1144,0,0,0,1144,A
3-PA,311,1143,0,1,0,1144,A
3-PA,312,0,0,1160,0,1160,G
3-PA,313,0,1150,0,1,1151,T
3-PA,314,0,1156,0,1,1157,T
3-PA,315,0,1159,0,0,1159,T
3-PA,316,1,0,0,1173,1174,C
3-PA,317,0,1172,0,0,1172,T
3-PA,318,1177,0,1,0,1178,A
3-PA,319,0,1,0,1172,1173,C
3-PA,320,0,0,0,1182,1182,C
3-PA,321,1170,0,0,0,1170,A
3-PA,322,0,0,1168,0,1168,G
3-PA,323,1161,0,0,0,1161,A
3-PA,324,0,0,0,1142,1142,C
3-PA,325,0,1181,0,0,1181,T
3-PA,326,0,1194,0,0,1194,T
3-PA,327,0,0,1213,0,1213,G
3-PA,328,0,1205,0,1,1206,T
3-PA,329,1214,0,0,0,1214,A
3-PA,330,1,1219,0,0,1220,T
3-PA,331,0,0,1209,0,1209,G
3-PA,332,1262,0,0,0,1262,A
3-PA,333,0,1232,0,0,1232,T
3-PA,334,7,1228,0,0,1235,T
3-PA,335,1236,0,1,0,1237,A
3-PA,336,0,0,0,1227,1227,C
3-PA,337,1227,0,2,0,1229,A
3-PA,338,1230,0,1,0,1231,A
3-PA,339,1,0,1233,0,1234,G
3-PA,340,0,1,1244,0,1245,G
3-PA,341,1182,0,0,0,1182,A
3-PA,342,0,0,1201,0,1201,G
3-PA,343,1192,0,3,0,1195,A
3-PA,344,1190,0,2,0,1192,A
3-PA,345,0,0,0,1195,1195,C
3-PA,346,1185,0,0,0,1185,A
3-PA,347,1,3,1180,0,1184,G
3-PA,348,1172,0,0,0,1172,A
3-PA,349,0,1160,0,0,1160,T
3-PA,350,0,1162,0,0,1162,T
3-PA,351,0,0,0,1148,1148,C
3-PA,352,1151,0,0,0,1151,A
3-PA,353,0,1137,0,0,1137,T
3-PA,354,0,1,0,1147,1148,C
3-PA,355,0,2,1144,0,1146,G
3-PA,356,1146,0,1,0,1147,A
3-PA,357,1154,0,0,0,1154,A
3-PA,358,1155,0,0,0,1155,A
3-PA,359,0,1152,0,0,1152,T
3-PA,360,0,1156,0,1,1157,T
3-PA,361,0,2,1157,0,1159,G
3-PA,362,0,3,1150,0,1153,G
3-PA,363,1,0,1149,1,1151,G
3-PA,364,1,0,1169,0,1170,G
3-PA,365,0,1128,1,0,1129,T
3-PA,366,2,2,1160,0,1164,G
3-PA,367,1154,0,1,0,1155,A
3-PA,368,1,0,1,1165,1167,C
3-PA,369,1178,0,1,0,1179,A
3-PA,370,1172,0,0,0,1172,A
3-PA,371,0,0,1195,0,1195,G
3-PA,372,0,0,1194,0,1194,G
3-PA,373,1188,0,2,0,1190,A
3-PA,374,0,0,1189,0,1189,G
3-PA,375,1163,0,2,0,1165,A
3-PA,376,1,0,1164,0,1165,G
3-PA,377,1144,0,2,0,1146,A
3-PA,378,1139,0,0,0,1139,A
3-PA,379,3,0,1164,0,1167,G
3-PA,380,0,1123,0,1,1124,T
3-PA,381,2,1,0,1135,1138,C
3-PA,382,3,0,0,1153,1156,C
3-PA,383,1156,0,2,0,1158,A
3-PA,384,2,0,0,1177,1179,C
3-PA,385,1185,0,1,0,1186,A
3-PA,386,0,1185,0,1,1186,T
3-PA,387,1217,0,0,0,1217,A
3-PA,388,0,1177,0,0,1177,T
3-PA,389,1172,0,0,0,1172,A
3-PA,390,0,1153,0,0,1153,T
3-PA,391,0,1140,0,0,1140,T
3-PA,392,1126,0,0,0,1126,A
3-PA,393,0,1047,0,0,1047,T
3-PA,394,0,0,0,1100,1100,C
3-PA,395,0,1100,0,1,1101,T
3-PA,396,0,1103,1,1,1105,T
3-PA,397,0,1,1102,0,1103,G
3-PA,398,1095,0,0,0,1095,A
3-PA,399,1102,0,1,0,1103,A
3-PA,400,1101,0,0,0,1101,A
3-PA,401,1042,0,1,0,1043,A
3-PA,402,0,0,1044,0,1044,G
3-PA,403,0,0,1041,0,1041,G
3-PA,404,0,0,0,1047,1047,C
3-PA,405,1,1,0,1054,1056,C
3-PA,406,1050,0,0,0,1050,A
3-PA,407,1040,0,1,0,1041,A
3-PA,408,0,1049,0,0,1049,T
3-PA,409,1051,0,0,0,1051,A
3-PA,410,1041,0,1,0,1042,A
3-PA,411,0,0,1066,0,1066,G
3-PA,412,1058,1,0,0,1059,A
3-PA,413,0,1047,0,0,1047,T
3-PA,414,0,1053,0,0,1053,T
3-PA,415,1058,0,0,0,1058,A
3-PA,416,1056,0,0,0,1056,A
3-PA,417,1060,0,0,0,1060,A
3-PA,418,0,1053,0,0,1053,T
3-PA,419,1,0,0,1065,1066,C
3-PA,420,0,1015,0,2,1017,T
3-PA,421,0,0,1032,0,1032,G
3-PA,422,1031,0,1,0,1032,A
3-PA,423,0,2,1047,0,1049,G
3-PA,424,1041,0,3,0,1044,A
3-PA,425,1043,0,0,0,1043,A
3-PA,426,0,0,0,1053,1053,C
3-PA,427,1049,0,0,0,1049,A
3-PA,428,0,1,0,1053,1054,C
3-PA,429,1059,0,1,0,1060,A
3-PA,430,0,0,0,1074,1074,C
3-PA,431,1063,0,2,0,1065,A
3-PA,432,0,0,0,1105,1105,C
3-PA,433,1102,0,1,0,1103,A
3-PA,434,0,1104,0,1,1105,T
3-PA,435,0,1100,0,2,1102,T
3-PA,436,1,0,0,1114,1115,C
3-PA,437,1107,0,0,0,1107,A
3-PA,438,0,0,0,1119,1119,C
3-PA,439,1107,0,0,0,1107,A
3-PA,440,0,1100,0,1,1101,T
3-PA,441,0,1075,0,0,1075,T
3-PA,442,0,1101,0,0,1101,T
3-PA,443,0,1092,0,2,1094,T
3-PA,444,2,0,0,1117,1119,C
3-PA,445,0,1109,0,1,1110,T
3-PA,446,2,0,0,1125,1127,C
3-PA,447,1123,0,0,0,1123,A
3-PA,448,0,1121,0,2,1123,T
3-PA,449,0,1129,0,0,1129,T
3-PA,450,1,0,1,1138,1140,C
3-PA,451,1122,0,0,0,1122,A
3-PA,452,0,0,0,1140,1140,C
3-PA,453,0,1125,0,0,1125,T
3-PA,454,0,1,1160,0,1161,G
3-PA,455,0,0,1151,0,1151,G
3-PA,456,0,1,1154,0,1155,G
3-PA,457,0,1,1150,0,1151,G
3-PA,458,1142,0,1,0,1143,A
3-PA,459,0,0,1160,0,1160,G
3-PA,460,0,2,1164,0,1166,G
3-PA,461,1168,0,1,0,1169,A
3-PA,462,1169,1,0,0,1170,A
3-PA,463,1150,1,1,1,1153,A
3-PA,464,1,1144,0,0,1145,T
3-PA,465,1,0,1135,0,1136,G
3-PA,466,0,0,1131,0,1131,G
3-PA,467,1,0,0,1120,1121,C
3-PA,468,0,0,0,1134,1134,C
3-PA,469,1139,0,1,0,1140,A
3-PA,470,0,1,0,1139,1140,C
3-PA,471,1145,0,0,0,1145,A
3-PA,472,1141,2,0,0,1143,A
3-PA,473,1142,0,1,0,1143,A
3-PA,474,0,0,1133,0,1133,G
3-PA,475,1,0,1135,0,1136,G
3-PA,476,0,0,0,1144,1144,C
3-PA,477,1141,0,2,0,1143,A
3-PA,478,0,0,1157,0,1157,G
3-PA,479,1163,0,1,0,1164,A
3-PA,480,0,1,0,1173,1174,C
3-PA,481,0,1174,0,0,1174,T
3-PA,482,1166,0,0,0,1166,A
3-PA,483,0,0,0,1162,1162,C
3-PA,484,1151,0,0,0,1151,A
3-PA,485,0,0,0,1168,1168,C
3-PA,486,0,1130,0,0,1130,T
3-PA,487,0,0,0,1131,1131,C
3-PA,488,0,1109,0,0,1109,T
3-PA,489,1,0,0,1110,1111,C
3-PA,490,0,0,1100,0,1100,G
3-PA,491,1095,0,2,0,1097,A
3-PA,492,0,2,0,1095,1097,C
3-PA,493,0,0,1110,0,1110,G
3-PA,494,1091,0,0,0,1091,A
3-PA,495,0,1,1101,0,1102,G
3-PA,496,0,0,1105,0,1105,G
3-PA,497,1100,0,1,0,1101,A
3-PA,498,1102,0,0,0,1102,A
3-PA,499,1099,0,0,0,1099,A
3-PA,500,1,0,1097,0,1098,G
3-PA,501,1,0,0,1099,1100,C
3-PA,502,1077,0,1,0,1078,A
3-PA,503,0,1,1104,0,1105,G
3-PA,504,0,0,1099,0,1099,G
3-PA,505,0,0,1102,0,1102,G
3-PA,506,1,0,0,1101,1102,C
3-PA,507,0,1091,0,2,1093,T
3-PA,508,1102,0,0,0,1102,A
3-PA,509,0,0,1128,0,1128,G
3-PA,510,0,3,1181,0,1184,G
3-PA,511,1183,0,1,0,1184,A
3-PA,512,0,1156,0,0,1156,T
3-PA,513,0,1139,0,1,1140,T
3-PA,514,1129,0,0,0,1129,A
3-PA,515,1140,0,1,0,1141,A
3-PA,516,0,0,1142,0,1142,G
3-PA,517,1121,0,0,0,1121,A
3-PA,518,2,1,0,1132,1135,C
3-PA,519,0,0,0,1068,1068,C
3-PA,520,1063,0,0,0,1063,A
3-PA,521,0,0,1073,0,1073,G
3-PA,522,0,1,1077,0,1078,G
3-PA,523,0,2,0,1072,1074,C
3-PA,524,0,1061,0,1,1062,T
3-PA,525,0,1,1086,0,1087,G
3-PA,526,1,1068,1,0,1070,T
3-PA,527,0,1077,0,0,1077,T
3-PA,528,0,1081,0,0,1081,T
3-PA,529,1069,1,0,0,1070,A
3-PA,530,0,1,0,1083,1084,C
3-PA,531,0,0,0,1062,1062,C
3-PA,532,1061,0,0,0,1061,A
3-PA,533,0,1051,0,0,1051,T
3-PA,534,1004,0,0,0,1004,A
3-PA,535,999,0,0,1,1000,A
3-PA,536,0,1,1013,0,1014,G
3-PA,537,1006,1,1,0,1008,A
3-PA,538,0,0,0,1023,1023,C
3-PA,539,992,0,0,0,992,A
3-PA,540,990,0,0,1,991,A
3-PA,541,0,3,1006,0,1009,G
3-PA,542,999,0,0,0,999,A
3-PA,543,1009,0,1,0,1010,A
3-PA,544,997,0,0,0,997,A
3-PA,545,0,961,0,0,961,T
3-PA,546,0,0,1008,0,1008,G
3-PA,547,0,0,1011,0,1011,G
3-PA,548,0,0,0,1008,1008,C
3-PA,549,1,0,0,1019,1020,C
3-PA,550,1004,0,0,0,1004,A
3-PA,551,1001,0,0,0,1001,A
3-PA,552,0,954,0,0,954,T
3-PA,553,987,0,0,0,987,A
3-PA,554,0,1,984,0,985,G
3-PA,555,985,0,0,0,985,A
3-PA,556,0,1,983,0,984,G
3-PA,557,0,1,971,0,972,G
3-PA,558,0,0,0,957,957,C
3-PA,559,0,0,0,983,983,C
3-PA,560,0,973,0,0,973,T
3-PA,561,3,0,0,988,991,C
3-PA,562,0,993,0,2,995,T
3-PA,563,0,1,993,0,994,G
3-PA,564,0,0,995,1,996,G
3-PA,565,0,0,998,0,998,G
3-PA,566,985,0,1,0,986,A
3-PA,567,0,971,0,0,971,T
3-PA,568,0,956,0,0,956,T
3-PA,569,1,0,0,1036,1037,C
3-PA,570,0,0,0,1037,1037,C
3-PA,571,0,1010,0,2,1012,T
3-PA,572,0,1007,0,0,1007,T
3-PA,573,0,1004,0,0,1004,T
3-PA,574,1,0,1,1020,1022,C
3-PA,575,0,1,1021,0,1022,G
3-PA,576,0,1003,0,0,1003,T
3-PA,577,1,0,0,1020,1021,C
3-PA,578,999,0,0,0,999,A
3-PA,579,0,0,1101,0,1101,G
3-PA,580,0,1097,0,1,1098,T
3-PA,581,1,0,0,1095,1096,C
3-PA,582,1,0,0,1108,1109,C
3-PA,583,1,1,1102,1,1105,G
3-PA,584,1106,0,0,0,1106,A
3-PA,585,1117,0,0,1,1118,A
3-PA,586,1115,0,3,0,1118,A
3-PA,587,0,0,1126,0,1126,G
3-PA,588,1087,0,3,0,1090,A
3-PA,589,0,0,1106,0,1106,G
3-PA,590,0,1,1109,0,1110,G
3-PA,591,0,0,0,1106,1106,C
3-PA,592,0,3,1107,0,1110,G
3-PA,593,1111,0,0,0,1111,A
3-PA,594,1119,0,1,0,1120,A
3-PA,595,0,1,1126,0,1127,G
3-PA,596,1131,0,0,0,1131,A
3-PA,597,1125,0,3,0,1128,A
3-PA,598,1112,0,3,0,1115,A
3-PA,599,1,0,0,1123,1124,C
3-PA,600,1123,0,0,0,1123,A
3-PA,601,1119,0,1,0,1120,A
3-PA,602,0,1115,0,0,1115,T
3-PA,603,0,1120,1,0,1121,T
3-PA,604,1,1,1115,0,1117,G
3-PA,605,1113,0,0,0,1113,A
3-PA,606,1113,0,1,0,1114,A
3-PA,607,0,3,1110,0,1113,G
3-PA,608,1109,0,1,0,1110,A
3-PA,609,1113,0,1,0,1114,A
3-PA,610,1109,0,0,0,1109,A
3-PA,611,1111,0,0,0,1111,A
3-PA,612,1108,0,0,0,1108,A
3-PA,613,0,1108,0,0,1108,T
3-PA,614,0,1114,0,0,1114,T
3-PA,615,0,1108,0,0,1108,T
3-PA,616,0,1,1110,0,1111,G
3-PA,617,1109,0,1,0,1110,A
3-PA,618,1112,0,0,0,1112,A
3-PA,619,1109,0,0,0,1109,A
3-PA,620,0,1125,0,0,1125,T
3-PA,621,4,0,0,1231,1235,C
3-PA,622,1235,0,0,0,1235,A
3-PA,623,1,0,0,1256,1257,C
3-PA,624,1237,1,3,0,1241,A
3-PA,625,1,2,1263,0,1266,G
3-PA,626,1,4,1291,0,1296,G
3-PA,627,1312,0,0,0,1312,A
3-PA,628,1320,0,0,0,1320,A
3-PA,629,1,1,0,1332,1334,C
3-PA,630,0,1274,0,0,1274,T
3-PA,631,1376,0,0,0,1376,A
3-PA,632,0,1377,0,0,1377,T
3-PA,633,1,0,1435,0,1436,G
3-PA,634,0,0,0,1430,1430,C
3-PA,635,1,0,1415,0,1416,G
3-PA,636,0,1393,0,1,1394,T
3-PA,637,1394,0,1,0,1395,A
3-PA,638,0,1,1398,0,1399,G
3-PA,639,2,0,1393,0,1395,G
3-PA,640,0,1,0,1377,1378,C
3-PA,641,0,1367,0,0,1367,T
3-PA,642,0,1353,0,0,1353,T
3-PA,643,0,0,1357,0,1357,G
3-PA,644,0,0,0,1353,1353,C
3-PA,645,1,2,0,1354,1357,C
3-PA,646,2,1,1367,0,1370,G
3-PA,647,1363,0,0,0,1363,A
3-PA,648,0,0,0,1379,1379,C
3-PA,649,3,0,0,1378,1381,C
3-PA,650,1384,0,0,0,1384,A
3-PA,651,1391,0,1,0,1392,A
3-PA,652,1386,0,0,0,1386,A
3-PA,653,0,2,1406,0,1408,G
3-PA,654,0,1392,0,1,1393,T
3-PA,655,2,1,1,1401,1405,C
3-PA,656,0,1405,0,0,1405,T
3-PA,657,2,0,0,1404,1406,C
3-PA,658,1,2,0,1399,1402,C
3-PA,659,2,0,0,1421,1423,C
3-PA,660,1416,0,1,1,1418,A
3-PA,661,0,1,0,1426,1427,C
3-PA,662,0,0,0,1422,1422,C
3-PA,663,1,1,1422,0,1424,G
3-PA,664,1443,0,0,0,1443,A
3-PA,665,1437,0,0,0,1437,A
3-PA,666,0,0,0,1459,1459,C
3-PA,667,0,1434,0,1,1435,T
3-PA,668,0,1451,0,0,1451,T
3-PA,669,2,0,0,1476,1478,C
3-PA,670,1,1460,0,2,1463,T
3-PA,671,3,0,0,1471,1474,C
3-PA,672,0,1,0,1481,1482,C
3-PA,673,0,1463,0,0,1463,T
3-PA,674,1,0,1481,0,1482,G
3-PA,675,0,0,0,1478,1478,C
3-PA,676,3,0,0,1486,1489,C
3-PA,677,0,1464,1,1,1466,T
3-PA,678,0,1462,0,1,1463,T
3-PA,679,0,7,1461,0,1468,G
3-PA,680,1458,0,1,0,1459,A
3-PA,681,0,0,1483,0,1483,G
3-PA,682,1477,0,0,0,1477,A
3-PA,683,1486,0,0,0,1486,A
3-PA,684,0,1504,0,0,1504,T
3-PA,685,0,1510,0,0,1510,T
3-PA,686,0,1514,1,0,1515,T
3-PA,687,0,1518,0,0,1518,T
3-PA,688,1508,0,0,0,1508,A
3-PA,689,2,0,1503,0,1505,G
3-PA,690,1480,0,1,0,1481,A
3-PA,691,0,0,1535,0,1535,G
3-PA,692,0,2,0,1529,1531,C
3-PA,693,1,0,0,1552,1553,C
3-PA,694,0,1568,0,0,1568,T
3-PA,695,1602,4,0,0,1606,A
3-PA,696,0,1614,0,0,1614,T
3-PA,697,1,0,1617,0,1618,G
3-PA,698,0,1612,0,1,1613,T
3-PA,699,1,1,1626,0,1628,G
3-PA,700,1,0,1599,0,1600,G
3-PA,701,1590,0,1,0,1591,A
3-PA,702,1,1567,0,0,1568,T
3-PA,703,0,3,1557,1,1561,G
3-PA,704,0,3,1585,0,1588,G
3-PA,705,1582,0,0,0,1582,A
3-PA,706,0,1582,0,0,1582,T
3-PA,707,0,1580,0,1,1581,T
3-PA,708,5,0,0,1576,1581,C
3-PA,709,0,3,1577,0,1580,G
3-PA,710,1577,0,1,0,1578,A
3-PA,711,1578,0,3,0,1581,A
3-PA,712,0,1,0,1582,1583,C
3-PA,713,7,1,0,1543,1551,C
3-PA,714,0,3,1546,0,1549,G
3-PA,715,1545,0,1,0,1546,A
3-PA,716,1555,0,0,0,1555,A
3-PA,717,1,2,0,1564,1567,C
3-PA,718,0,0,1553,0,1553,G
3-PA,719,0,0,1564,0,1564,G
3-PA,720,1,1,0,1578,1580,C
3-PA,721,0,1576,0,0,1576,T
3-PA,722,0,0,1611,0,1611,G
3-PA,723,0,0,0,1623,1623,C
3-PA,724,1633,0,1,0,1634,A
3-PA,725,0,1632,0,0,1632,T
3-PA,726,0,1603,1,0,1604,T
3-PA,727,0,0,1605,0,1605,G
3-PA,728,1549,0,2,0,1551,A
3-PA,729,0,0,1570,0,1570,G
3-PA,730,0,1,1564,0,1565,G
3-PA,731,0,0,1544,0,1544,G
3-PA,732,2,0,0,1532,1534,C
3-PA,733,1533,0,0,0,1533,A
3-PA,734,1533,0,1,0,1534,A
3-PA,735,2,0,1540,0,1542,G
3-PA,736,0,1,0,1536,1537,C
3-PA,737,0,1553,0,2,1555,T
3-PA,738,0,1554,0,0,1554,T
3-PA,739,0,1553,0,1,1554,T
3-PA,740,3,0,0,1553,1556,C
3-PA,741,0,1551,0,9,1560,T
3-PA,742,4,0,0,1561,1565,C
3-PA,743,1565,0,0,0,1565,A
3-PA,744,1547,0,0,0,1547,A
3-PA,745,1542,0,0,0,1542,A
3-PA,746,0,1537,0,0,1537,T
3-PA,747,0,0,1587,0,1587,G
3-PA,748,0,1579,0,0,1579,T
3-PA,749,1,0,0,1586,1587,C
3-PA,750,5,0,1,1594,1600,C
3-PA,751,1599,0,1,0,1600,A
3-PA,752,1604,0,0,0,1604,A
3-PA,753,1601,0,0,0,1601,A
3-PA,754,0,1,1634,0,1635,G
3-PA,755,1626,0,0,0,1626,A
3-PA,756,1578,0,3,1,1582,A
3-PA,757,0,1,1602,0,1603,G
3-PA,758,0,1577,0,0,1577,T
3-PA,759,0,2,1579,0,1581,G
3-PA,760,1582,0,1,0,1583,A
3-PA,761,1578,0,0,0,1578,A
3-PA,762,1,1571,0,0,1572,T
3-PA,763,1,4,1561,0,1566,G
3-PA,764,0,0,0,1557,1557,C
3-PA,765,2,0,0,1554,1556,C
3-PA,766,1,0,0,1556,1557,C
3-PA,767,1556,0,0,0,1556,A
3-PA,768,1581,0,0,0,1581,A
3-PA,769,1583,0,0,0,1583,A
3-PA,770,0,1588,0,0,1588,T
3-PA,771,0,1588,0,0,1588,T
3-PA,772,0,2,1578,1,1581,G
3-PA,773,1565,0,0,0,1565,A
3-PA,774,1566,0,0,0,1566,A
3-PA,775,0,0,0,1585,1585,C
3-PA,776,2,1,0,1576,1579,C
3-PA,777,0,1539,0,2,1541,T
3-PA,778,0,1568,0,1,1569,T
3-PA,779,0,1582,0,0,1582,T
3-PA,780,0,1609,0,1,1610,T
3-PA,781,1,1,0,1610,1612,C
3-PA,782,1,1606,0,3,1610,T
3-PA,783,0,1,1612,0,1613,G
3-PA,784,1606,0,0,0,1606,A
3-PA,785,1622,0,0,0,1622,A
3-PA,786,3,1,1624,0,1628,G
3-PA,787,1601,0,0,0,1601,A
3-PA,788,0,0,0,1606,1606,C
3-PA,789,1575,0,0,0,1575,A
3-PA,790,1574,0,0,0,1574,A
3-PA,791,0,0,0,1702,1702,C
3-PA,792,1690,0,0,0,1690,A
3-PA,793,0,0,0,1700,1700,C
3-PA,794,0,0,0,1682,1682,C
3-PA,795,1675,0,0,0,1675,A
3-PA,796,1669,0,1,0,1670,A
3-PA,797,0,2,1666,0,1668,G
3-PA,798,1661,0,0,0,1661,A
3-PA,799,0,0,0,1669,1669,C
3-PA,800,2,0,0,1535,1537,C
3-PA,801,1527,0,1,0,1528,A
3-PA,802,1531,0,1,0,1532,A
3-PA,803,0,1532,0,0,1532,T
3-PA,804,2,1,0,1536,1539,C
3-PA,805,1535,0,0,0,1535,A
3-PA,806,1526,0,1,0,1527,A
3-PA,807,1523,0,0,0,1523,A
3-PA,808,0,0,0,1539,1539,C
3-PA,809,0,1513,0,3,1516,T
3-PA,810,0,1520,0,0,1520,T
3-PA,811,3,1,0,1534,1538,C
3-PA,812,4,1,0,1528,1533,C
3-PA,813,1,1,1538,0,1540,G
3-PA,814,1534,0,0,0,1534,A
3-PA,815,1539,0,0,0,1539,A
3-PA,816,0,1525,0,0,1525,T
3-PA,817,0,0,1517,0,1517,G
3-PA,818,0,1,1504,0,1505,G
3-PA,819,1516,0,0,0,1516,A
3-PA,820,0,0,0,1540,1540,C
3-PA,821,0,0,0,1530,1530,C
3-PA,822,0,1537,0,0,1537,T
3-PA,823,2,0,0,1592,1594,C
3-PA,824,1,1,0,1599,1601,C
3-PA,825,1,1586,0,0,1587,T
3-PA,826,0,1597,0,1,1598,T
3-PA,827,0,0,1662,0,1662,G
3-PA,828,0,1633,0,1,1634,T
3-PA,829,0,1635,0,1,1636,T
3-PA,830,1623,0,1,0,1624,A
3-PA,831,0,1549,0,0,1549,T
3-PA,832,1,0,0,1544,1545,C
3-PA,833,1497,0,0,0,1497,A
3-PA,834,0,0,1493,0,1493,G
3-PA,835,1,0,0,1489,1490,C
3-PA,836,0,0,1427,1,1428,G
3-PA,837,0,0,1459,0,1459,G
3-PA,838,0,1448,0,0,1448,T
3-PA,839,1,0,0,1459,1460,C
3-PA,840,4,0,0,1457,1461,C
3-PA,841,1460,1,1,0,1462,A
3-PA,842,1473,1,0,0,1474,A
3-PA,843,1474,0,1,0,1475,A
3-PA,844,0,1468,0,0,1468,T
3-PA,845,0,1462,0,0,1462,T
3-PA,846,3,0,0,1437,1440,C
3-PA,847,2,0,0,1403,1405,C
3-PA,848,0,1405,0,1,1406,T
3-PA,849,1,0,0,1415,1416,C
3-PA,850,0,0,0,1419,1419,C
3-PA,851,0,1408,0,1,1409,T
3-PA,852,0,0,1420,0,1420,G
3-PA,853,1405,0,0,0,1405,A
3-PA,854,0,1409,0,0,1409,T
3-PA,855,0,0,1399,1,1400,G
3-PA,856,0,1,1375,0,1376,G
3-PA,857,1373,1,1,0,1375,A
3-PA,858,0,1343,0,0,1343,T
3-PA,859,0,0,1352,0,1352,G
3-PA,860,0,0,0,1400,1400,C
3-PA,861,1,1385,0,1,1387,T
3-PA,862,0,1394,0,1,1395,T
3-PA,863,0,1392,0,0,1392,T
3-PA,864,1399,0,0,0,1399,A
3-PA,865,1389,0,1,0,1390,A
3-PA,866,1394,0,1,0,1395,A
3-PA,867,1398,0,1,0,1399,A
3-PA,868,0,1398,0,0,1398,T
3-PA,869,0,1234,0,0,1234,T
3-PA,870,0,5,1223,0,1228,G
3-PA,871,1214,0,1,0,1215,A
3-PA,872,0,0,1222,0,1222,G
3-PA,873,1,0,0,1228,1229,C
3-PA,874,1215,0,1,0,1216,A
3-PA,875,0,1237,0,1,1238,T
3-PA,876,1,1227,0,2,1230,T
3-PA,877,0,2,1218,0,1220,G
3-PA,878,1229,0,0,0,1229,A
3-PA,879,1214,0,1,0,1215,A
3-PA,880,0,0,1215,0,1215,G
3-PA,881,1162,0,0,1,1163,A
3-PA,882,0,0,0,1177,1177,C
3-PA,883,0,0,0,1160,1160,C
3-PA,884,0,0,0,1133,1133,C
3-PA,885,1119,0,0,0,1119,A
3-PA,886,1118,0,1,0,1119,A
3-PA,887,0,0,1127,0,1127,G
3-PA,888,0,1118,0,0,1118,T
3-PA,889,2,0,0,1129,1131,C
3-PA,890,1129,0,1,0,1130,A
3-PA,891,0,0,0,1131,1131,C
3-PA,892,0,0,1129,0,1129,G
3-PA,893,1121,0,0,0,1121,A
3-PA,894,1120,0,3,0,1123,A
3-PA,895,0,0,1161,0,1161,G
3-PA,896,0,0,1166,0,1166,G
3-PA,897,1144,1,0,0,1145,A
3-PA,898,0,0,1167,0,1167,G
3-PA,899,1173,0,0,0,1173,A
3-PA,900,1170,0,3,0,1173,A
3-PA,901,0,1,1180,0,1181,G
3-PA,902,0,0,1150,0,1150,G
3-PA,903,1,2,1164,0,1167,G
3-PA,904,1116,0,1,0,1117,A
3-PA,905,1,1123,0,1,1125,T
3-PA,906,1,0,0,1131,1132,C
3-PA,907,0,0,0,1213,1213,C
3-PA,908,0,1,0,1237,1238,C
3-PA,909,1254,0,0,0,1254,A
3-PA,910,0,1264,0,2,1266,T
3-PA,911,0,1274,0,0,1274,T
3-PA,912,1302,0,0,0,1302,A
3-PA,913,0,1299,0,0,1299,T
3-PA,914,1299,0,0,0,1299,A
3-PA,915,0,1288,0,0,1288,T
3-PA,916,0,0,1172,0,1172,G
3-PA,917,1176,0,1,0,1177,A
3-PA,918,1,1167,0,1,1169,T
3-PA,919,0,0,1171,0,1171,G
3-PA,920,0,2,0,1160,1162,C
3-PA,921,2,2,1155,0,1159,G
3-PA,922,1172,0,0,0,1172,A
3-PA,923,0,1164,0,0,1164,T
3-PA,924,0,0,0,1169,1169,C
3-PA,925,1170,0,0,0,1170,A
3-PA,926,1157,1,0,0,1158,A
3-PA,927,0,0,1172,0,1172,G
3-PA,928,0,1146,0,0,1146,T
3-PA,929,0,0,1168,0,1168,G
3-PA,930,1,1,0,1163,1165,C
3-PA,931,1165,0,0,0,1165,A
3-PA,932,0,1160,0,0,1160,T
3-PA,933,1162,0,0,0,1162,A
3-PA,934,1177,0,0,0,1177,A
3-PA,935,1173,0,0,0,1173,A
3-PA,936,1165,0,0,0,1165,A
3-PA,937,1164,0,0,0,1164,A
3-PA,938,1,1,0,1174,1176,C
3-PA,939,1165,0,0,0,1165,A
3-PA,940,0,1167,0,0,1167,T
3-PA,941,0,1157,0,0,1157,T
3-PA,942,2,1,0,1165,1168,C
3-PA,943,0,1138,0,1,1139,T
3-PA,944,0,1135,0,1,1136,T
3-PA,945,0,1139,1,1,1141,T
3-PA,946,0,0,1137,0,1137,G
3-PA,947,1,0,1133,0,1134,G
3-PA,948,1135,0,1,0,1136,A
3-PA,949,0,1118,0,0,1118,T
3-PA,950,0,3,1126,0,1129,G
3-PA,951,0,2,1148,0,1150,G
3-PA,952,1150,0,0,0,1150,A
3-PA,953,1155,0,0,0,1155,A
3-PA,954,1154,0,1,0,1155,A
3-PA,955,0,2,1154,0,1156,G
3-PA,956,1152,0,1,0,1153,A
3-PA,957,1282,0,1,0,1283,A
3-PA,958,1,0,0,1306,1307,C
3-PA,959,0,1,0,1319,1320,C
3-PA,960,1,1296,0,0,1297,T
3-PA,961,0,1329,0,0,1329,T
3-PA,962,1340,0,1,0,1341,A
3-PA,963,0,1333,0,1,1334,T
3-PA,964,1331,0,0,0,1331,A
3-PA,965,0,1349,0,1,1350,T
3-PA,966,1250,0,0,0,1250,A
3-PA,967,0,1,1260,0,1261,G
3-PA,968,1,1229,2,0,1232,T
3-PA,969,2,0,0,1236,1238,C
3-PA,970,1227,0,1,1,1229,A
3-PA,971,1235,0,0,0,1235,A
3-PA,972,1225,1,2,0,1228,A
3-PA,973,0,0,0,1241,1241,C
3-PA,974,1,0,0,1226,1227,C
3-PA,975,1214,0,0,0,1214,A
3-PA,976,0,1,0,1222,1223,C
3-PA,977,1215,1,0,0,1216,A
3-PA,978,0,3,0,1228,1231,C
3-PA,979,0,1,1234,0,1235,G
3-PA,980,1218,0,0,0,1218,A
3-PA,981,1235,0,2,0,1237,A
3-PA,982,1226,0,1,0,1227,A
3-PA,983,1231,0,2,0,1233,A
3-PA,984,0,2,1238,0,1240,G
3-PA,985,1,2,1232,0,1235,G
3-PA,986,1,2,1233,0,1236,G
3-PA,987,1231,0,1,0,1232,A
3-PA,988,1238,0,1,0,1239,A
3-PA,989,0,1236,0,0,1236,T
3-PA,990,1238,0,0,0,1238,A
3-PA,991,1236,0,1,0,1237,A
3-PA,992,1242,0,1,0,1243,A
3-PA,993,0,1244,0,0,1244,T
3-PA,994,0,1239,0,0,1239,T
3-PA,995,2,0,0,1249,1251,C
3-PA,996,1259,0,0,0,1259,A
3-PA,997,1253,0,0,0,1253,A
3-PA,998,1262,0,0,0,1262,A
3-PA,999,0,1253,0,1,1254,T
3-PA,1000,0,1268,0,0,1268,T
3-PA,1001,1251,0,1,0,1252,A
3-PA,1002,1,0,0,1272,1273,C
3-PA,1003,1,0,0,1277,1278,C
3-PA,1004,0,1225,0,2,1227,T
3-PA,1005,0,1,1239,0,1240,G
3-PA,1006,0,1,0,1240,1241,C
3-PA,1007,0,1249,0,0,1249,T
3-PA,1008,2,1,1271,0,1274,G
3-PA,1009,1,1264,0,1,1266,T
3-PA,1010,1,0,0,1277,1278,C
3-PA,1011,1278,1,0,0,1279,A
3-PA,1012,0,1284,0,0,1284,T
3-PA,1013,1,0,1277,0,1278,G
3-PA,1014,0,1,1266,0,1267,G
3-PA,1015,1265,0,1,0,1266,A
3-PA,1016,1293,0,4,0,1297,A
3-PA,1017,0,0,1283,0,1283,G
3-PA,1018,0,0,0,1301,1301,C
3-PA,1019,1296,0,0,0,1296,A
3-PA,1020,1285,0,2,0,1287,A
3-PA,1021,0,1,1302,0,1303,G
3-PA,1022,0,1287,0,0,1287,T
3-PA,1023,1296,0,0,0,1296,A
3-PA,1024,0,0,0,1300,1300,C
3-PA,1025,0,1266,0,1,1267,T
3-PA,1026,0,0,1284,0,1284,G
3-PA,1027,0,1271,0,0,1271,T
3-PA,1028,0,0,0,1281,1281,C
3-PA,1029,1288,0,1,0,1289,A
3-PA,1030,0,3,1288,0,1291,G
3-PA,1031,1283,0,0,0,1283,A
3-PA,1032,1295,0,0,0,1295,A
3-PA,1033,0,1302,0,2,1304,T
3-PA,1034,0,1297,0,0,1297,T
3-PA,1035,1,0,1286,0,1287,G
3-PA,1036,0,1,0,1285,1286,C
3-PA,1037,1285,1,2,0,1288,A
3-PA,1038,0,1,1297,0,1298,G
3-PA,1039,1,3,1271,0,1275,G
3-PA,1040,1295,0,1,0,1296,A
3-PA,1041,0,0,0,1303,1303,C
3-PA,1042,1277,0,2,1,1280,A
3-PA,1043,0,1281,0,3,1284,T
3-PA,1044,0,1287,0,1,1288,T
3-PA,1045,1,0,1297,0,1298,G
3-PA,1046,1287,0,1,0,1288,A
3-PA,1047,1287,0,0,0,1287,A
3-PA,1048,1277,0,0,0,1277,A
3-PA,1049,1279,0,0,0,1279,A
3-PA,1050,0,1266,0,0,1266,T
3-PA,1051,0,1,1277,0,1278,G
3-PA,1052,1270,0,0,0,1270,A
3-PA,1053,0,1,1293,0,1294,G
3-PA,1054,1,1,1283,0,1285,G
3-PA,1055,1266,0,0,0,1266,A
3-PA,1056,1,0,1286,0,1287,G
3-PA,1057,1278,0,1,0,1279,A
3-PA,1058,1283,0,1,0,1284,A
3-PA,1059,0,0,1285,0,1285,G
3-PA,1060,0,0,1274,0,1274,G
3-PA,1061,0,1296,0,3,1299,T
3-PA,1062,0,1306,0,0,1306,T
3-PA,1063,2,1,0,1303,1306,C
3-PA,1064,1,1,1,1315,1318,C
3-PA,1065,1313,0,1,1,1315,A
3-PA,1066,1317,0,0,0,1317,A
3-PA,1067,0,3,1332,0,1335,G
3-PA,1068,0,3,1340,0,1343,G
3-PA,1069,1318,0,0,0,1318,A
3-PA,1070,0,0,0,1327,1327,C
3-PA,1071,0,1331,0,0,1331,T
3-PA,1072,1339,0,1,0,1340,A
3-PA,1073,1335,0,0,0,1335,A
3-PA,1074,1330,1,0,0,1331,A
3-PA,1075,1332,0,1,0,1333,A
3-PA,1076,1331,0,0,0,1331,A
3-PA,1077,0,1,0,1324,1325,C
3-PA,1078,1322,0,0,0,1322,A
3-PA,1079,0,1314,0,1,1315,T
3-PA,1080,0,1,1328,0,1329,G
3-PA,1081,1307,0,1,0,1308,A
3-PA,1082,1316,0,2,0,1318,A
3-PA,1083,0,0,1334,0,1334,G
3-PA,1084,1333,0,0,0,1333,A
3-PA,1085,1334,0,0,0,1334,A
3-PA,1086,1322,0,1,0,1323,A
3-PA,1087,1321,0,2,0,1323,A
3-PA,1088,0,0,0,1335,1335,C
3-PA,1089,0,1,1334,0,1335,G
3-PA,1090,1332,0,3,0,1335,A
3-PA,1091,0,0,1334,0,1334,G
3-PA,1092,0,1322,0,0,1322,T
3-PA,1093,4,0,1,1350,1355,C
3-PA,1094,1360,0,1,0,1361,A
3-PA,1095,1380,0,0,0,1380,A
3-PA,1096,0,1,0,1374,1375,C
3-PA,1097,0,1377,0,0,1377,T
3-PA,1098,0,1,1405,0,1406,G
3-PA,1099,1401,0,0,0,1401,A
3-PA,1100,1404,0,2,0,1406,A
3-PA,1101,1,2,1418,0,1421,G
3-PA,1102,1,1373,0,1,1375,T
3-PA,1103,1,1,1379,0,1381,G
3-PA,1104,0,0,1384,0,1384,G
3-PA,1105,0,0,1390,0,1390,G
3-PA,1106,0,0,0,1385,1385,C
3-PA,1107,0,1378,0,0,1378,T
3-PA,1108,1,0,0,1392,1393,C
3-PA,1109,0,1391,0,0,1391,T
3-PA,1110,0,1396,0,0,1396,T
3-PA,1111,0,1,1425,0,1426,G
3-PA,1112,0,3,1442,0,1445,G
3-PA,1113,1,1429,0,2,1432,T
3-PA,1114,0,1,1445,0,1446,G
3-PA,1115,1425,0,1,0,1426,A
3-PA,1116,1443,0,3,0,1446,A
3-PA,1117,1445,1,0,2,1448,A
3-PA,1118,1446,2,0,0,1448,A
3-PA,1119,0,0,0,1459,1459,C
3-PA,1120,1438,0,2,0,1440,A
3-PA,1121,0,1431,0,0,1431,T
3-PA,1122,0,2,1437,0,1439,G
3-PA,1123,0,1,1449,0,1450,G
3-PA,1124,0,1,0,1447,1448,C
3-PA,1125,1442,1,0,0,1443,A
3-PA,1126,1,1,0,1464,1466,C
3-PA,1127,1,0,0,1469,1470,C
3-PA,1128,1504,0,0,0,1504,A
3-PA,1129,1,1,1517,0,1519,G
3-PA,1130,1509,1,3,0,1513,A
3-PA,1131,2,0,1539,0,1541,G
3-PA,1132,1530,0,0,0,1530,A
3-PA,1133,1521,0,3,0,1524,A
3-PA,1134,0,1,1535,0,1536,G
3-PA,1135,0,1,1525,0,1526,G
3-PA,1136,0,1484,0,0,1484,T
3-PA,1137,1512,0,0,0,1512,A
3-PA,1138,0,3,1514,0,1517,G
3-PA,1139,1515,0,1,0,1516,A
3-PA,1140,0,0,0,1526,1526,C
3-PA,1141,0,1511,0,0,1511,T
3-PA,1142,0,1514,0,2,1516,T
3-PA,1143,0,1514,0,0,1514,T
3-PA,1144,0,1,1521,0,1522,G
3-PA,1145,1510,0,8,0,1518,A
3-PA,1146,1518,0,0,0,1518,A
3-PA,1147,1516,0,2,0,1518,A
3-PA,1148,1502,0,1,0,1503,A
3-PA,1149,0,1,0,1541,1542,C
3-PA,1150,0,1538,0,0,1538,T
3-PA,1151,1,0,1555,0,1556,G
3-PA,1152,1,1,0,1551,1553,C
3-PA,1153,1551,0,2,0,1553,A
3-PA,1154,0,0,1554,0,1554,G
3-PA,1155,1552,0,0,0,1552,A
3-PA,1156,0,3,1613,0,1616,G
3-PA,1157,1613,0,1,0,1614,A
3-PA,1158,2,0,0,1606,1608,C
3-PA,1159,1602,0,0,0,1602,A
3-PA,1160,0,1593,0,0,1593,T
3-PA,1161,1599,0,3,0,1602,A
3-PA,1162,1588,0,1,0,1589,A
3-PA,1163,0,0,1593,0,1593,G
3-PA,1164,1,0,0,1592,1593,C
3-PA,1165,1,2,1559,0,1562,G
3-PA,1166,1597,0,1,0,1598,A
3-PA,1167,0,1577,0,0,1577,T
3-PA,1168,0,1591,0,1,1592,T
3-PA,1169,0,1594,0,0,1594,T
3-PA,1170,0,0,1593,0,1593,G
3-PA,1171,1600,0,0,0,1600,A
3-PA,1172,1593,0,1,0,1594,A
3-PA,1173,0,1,1604,0,1605,G
3-PA,1174,1,0,0,1635,1636,C
3-PA,1175,1618,0,0,1,1619,A
3-PA,1176,1735,0,1,0,1736,A
3-PA,1177,0,1738,0,0,1738,T
3-PA,1178,1739,0,2,0,1741,A
3-PA,1179,0,1753,0,0,1753,T
3-PA,1180,0,1,1748,0,1749,G
3-PA,1181,1761,0,1,0,1762,A
3-PA,1182,1,1756,0,0,1757,T
3-PA,1183,1711,0,0,0,1711,A
3-PA,1184,0,0,1707,0,1707,G
3-PA,1185,0,1643,0,0,1643,T
3-PA,1186,0,1,1654,0,1655,G
3-PA,1187,1639,0,4,0,1643,A
3-PA,1188,0,1,0,1642,1643,C
3-PA,1189,0,2,1634,0,1636,G
3-PA,1190,1643,0,0,0,1643,A
3-PA,1191,1637,0,3,0,1640,A
3-PA,1192,0,1,0,1655,1656,C
3-PA,1193,0,1,0,1664,1665,C
3-PA,1194,1,1656,1,0,1658,T
3-PA,1195,0,1,1731,0,1732,G
3-PA,1196,1722,0,1,1,1724,A
3-PA,1197,1722,0,0,0,1722,A
3-PA,1198,1,1732,0,0,1733,T
3-PA,1199,0,1722,0,0,1722,T
3-PA,1200,1712,0,0,0,1712,A
3-PA,1201,1692,0,0,0,1692,A
3-PA,1202,0,1,1702,0,1703,G
3-PA,1203,0,1,1703,0,1704,G
3-PA,1204,2,1629,0,4,1635,T
3-PA,1205,0,0,1,1654,1655,C
3-PA,1206,1639,0,1,0,1640,A
3-PA,1207,1,0,0,1703,1704,C
3-PA,1208,0,1713,0,2,1715,T
3-PA,1209,1,1710,0,0,1711,T
3-PA,1210,0,1710,0,0,1710,T
3-PA,1211,0,0,0,1711,1711,C
3-PA,1212,1700,0,0,0,1700,A
3-PA,1213,1702,0,0,1,1703,A
3-PA,1214,0,0,1719,0,1719,G
3-PA,1215,0,1,0,1706,1707,C
3-PA,1216,0,1681,0,0,1681,T
3-PA,1217,0,0,1732,0,1732,G
3-PA,1218,2,3,1729,0,1734,G
3-PA,1219,1756,0,4,0,1760,A
3-PA,1220,0,1771,0,0,1771,T
3-PA,1221,1764,0,0,0,1764,A
3-PA,1222,1,1,0,1788,1790,C
3-PA,1223,1732,0,1,0,1733,A
3-PA,1224,0,2,1747,0,1749,G
3-PA,1225,1760,0,1,0,1761,A
3-PA,1226,1717,0,0,2,1719,A
3-PA,1227,0,1690,0,0,1690,T
3-PA,1228,0,2,1707,0,1709,G
3-PA,1229,1682,0,0,0,1682,A
3-PA,1230,0,0,1703,0,1703,G
3-PA,1231,1,1690,1,2,1694,T
3-PA,1232,0,1693,0,1,1694,T
3-PA,1233,1,0,0,1710,1711,C
3-PA,1234,1731,0,0,0,1731,A
3-PA,1235,1727,1,0,0,1728,A
3-PA,1236,0,0,0,1731,1731,C
3-PA,1237,1703,0,1,0,1704,A
3-PA,1238,1698,0,2,0,1700,A
3-PA,1239,0,0,1693,0,1693,G
3-PA,1240,0,0,1693,0,1693,G
3-PA,1241,1,0,0,1693,1694,C
3-PA,1242,2,0,0,1683,1685,C
3-PA,1243,0,1682,0,3,1685,T
3-PA,1244,1,0,1705,0,1706,G
3-PA,1245,0,1692,0,0,1692,T
3-PA,1246,0,5,1722,0,1727,G
3-PA,1247,1719,0,2,0,1721,A
3-PA,1248,0,0,1717,0,1717,G
3-PA,1249,0,1,0,1702,1703,C
3-PA,1250,0,1692,0,1,1693,T
3-PA,1251,1715,0,2,0,1717,A
3-PA,1252,1719,1,0,0,1720,A
3-PA,1253,0,0,0,1728,1728,C
3-PA,1254,0,1719,0,0,1719,T
3-PA,1255,1,0,1727,0,1728,G
3-PA,1256,1712,2,1,0,1715,A
3-PA,1257,0,1711,0,1,1712,T
3-PA,1258,0,1717,0,0,1717,T
3-PA,1259,3,1,0,1718,1722,C
3-PA,1260,1740,0,1,0,1741,A
3-PA,1261,0,0,1775,0,1775,G
3-PA,1262,0,1767,0,1,1768,T
3-PA,1263,4,0,0,1774,1778,C
3-PA,1264,0,1754,0,3,1757,T
3-PA,1265,0,1,1840,0,1841,G
3-PA,1266,1,1,1844,0,1846,G
3-PA,1267,1840,0,2,0,1842,A
3-PA,1268,0,1846,0,1,1847,T
3-PA,1269,1762,0,0,0,1762,A
3-PA,1270,0,2,1760,0,1762,G
3-PA,1271,1742,0,2,0,1744,A
3-PA,1272,0,1,1742,0,1743,G
3-PA,1273,0,0,0,1727,1727,C
3-PA,1274,0,1690,0,0,1690,T
3-PA,1275,0,1687,0,1,1688,T
3-PA,1276,0,1,1697,0,1698,G
3-PA,1277,1704,0,2,0,1706,A
3-PA,1278,0,1702,0,0,1702,T
3-PA,1279,0,2,1693,0,1695,G
3-PA,1280,1714,0,0,0,1714,A
3-PA,1281,1702,0,0,0,1702,A
3-PA,1282,1715,0,0,0,1715,A
3-PA,1283,0,1695,0,0,1695,T
3-PA,1284,0,1701,0,0,1701,T
3-PA,1285,1,1,1718,0,1720,G
3-PA,1286,0,0,1724,0,1724,G
3-PA,1287,1723,0,2,0,1725,A
3-PA,1288,1,0,1722,0,1723,G
3-PA,1289,1700,0,4,0,1704,A
3-PA,1290,0,0,1707,0,1707,G
3-PA,1291,1,2,1711,0,1714,G
3-PA,1292,1734,0,1,0,1735,A
3-PA,1293,0,0,0,1748,1748,C
3-PA,1294,2,0,1732,0,1734,G
3-PA,1295,0,1729,0,0,1729,T
3-PA,1296,1734,0,0,0,1734,A
3-PA,1297,0,0,1743,0,1743,G
3-PA,1298,1,1,0,1740,1742,C
3-PA,1299,0,1,0,1733,1734,C
3-PA,1300,1,1,0,1729,1731,C
3-PA,1301,0,1,0,1724,1725,C
3-PA,1302,1728,0,0,0,1728,A
3-PA,1303,1779,0,0,0,1779,A
3-PA,1304,0,1771,0,0,1771,T
3-PA,1305,0,1751,0,0,1751,T
3-PA,1306,0,1,1744,0,1745,G
3-PA,1307,1720,0,3,0,1723,A
3-PA,1308,0,2,1715,0,1717,G
3-PA,1309,2,1,0,1711,1714,C
3-PA,1310,1705,0,2,0,1707,A
3-PA,1311,0,0,0,1746,1746,C
3-PA,1312,1702,0,1,0,1703,A
3-PA,1313,0,1746,0,1,1747,T
3-PA,1314,0,1755,0,0,1755,T
3-PA,1315,0,0,1756,0,1756,G
3-PA,1316,2,1,0,1739,1742,C
3-PA,1317,1744,0,1,0,1745,A
3-PA,1318,1741,0,2,0,1743,A
3-PA,1319,0,0,1747,0,1747,G
3-PA,1320,1,0,0,1708,1709,C
3-PA,1321,1704,0,0,0,1704,A
3-PA,1322,1,1658,0,0,1659,T
3-PA,1323,0,1,1658,0,1659,G
3-PA,1324,1645,0,2,0,1647,A
3-PA,1325,1,0,1658,0,1659,G
3-PA,1326,1659,0,4,0,1663,A
3-PA,1327,1662,0,0,0,1662,A
3-PA,1328,0,2,1654,0,1656,G
3-PA,1329,2,1,1656,0,1659,G
3-PA,1330,1653,0,0,0,1653,A
3-PA,1331,1657,0,0,0,1657,A
3-PA,1332,0,1651,0,0,1651,T
3-PA,1333,0,1649,0,0,1649,T
3-PA,1334,1700,0,2,0,1702,A
3-PA,1335,0,1699,0,1,1700,T
3-PA,1336,0,1698,0,0,1698,T
3-PA,1337,0,1699,0,1,1700,T
3-PA,1338,1,0,0,1674,1675,C
3-PA,1339,1667,0,0,0,1667,A
3-PA,1340,1,0,0,1701,1702,C
3-PA,1341,1695,0,0,0,1695,A
3-PA,1342,0,0,1712,0,1712,G
3-PA,1343,0,0,0,1708,1708,C
3-PA,1344,1697,0,2,0,1699,A
3-PA,1345,0,0,1706,0,1706,G
3-PA,1346,1698,0,3,0,1701,A
3-PA,1347,0,1,1700,0,1701,G
3-PA,1348,0,1,1703,0,1704,G
3-PA,1349,0,1625,0,1,1626,T
3-PA,1350,0,0,1658,0,1658,G
3-PA,1351,0,1634,0,3,1637,T
3-PA,1352,3,1,0,1623,1627,C
3-PA,1353,1,0,0,1643,1644,C
3-PA,1354,3,0,0,1650,1653,C
3-PA,1355,1657,0,1,0,1658,A
3-PA,1356,0,1660,0,6,1666,T
3-PA,1357,0,1665,0,1,1666,T
3-PA,1358,0,0,1675,0,1675,G
3-PA,1359,1,1636,0,0,1637,T
3-PA,1360,1608,0,0,0,1608,A
3-PA,1361,0,0,1599,0,1599,G
3-PA,1362,1559,0,2,0,1561,A
3-PA,1363,0,1,1570,0,1571,G
3-PA,1364,1,0,0,1542,1543,C
3-PA,1365,0,0,0,1527,1527,C
3-PA,1366,1544,0,1,0,1545,A
3-PA,1367,0,0,0,1542,1542,C
3-PA,1368,0,1542,0,0,1542,T
3-PA,1369,0,1,1540,0,1541,G
3-PA,1370,1531,0,1,0,1532,A
3-PA,1371,1511,0,0,0,1511,A
3-PA,1372,0,1548,0,0,1548,T
3-PA,1373,1568,0,1,0,1569,A
3-PA,1374,2,1,0,1591,1594,C
3-PA,1375,1537,0,0,0,1537,A
3-PA,1376,0,1548,0,1,1549,T
3-PA,1377,1542,0,0,0,1542,A
3-PA,1378,1552,0,1,0,1553,A
3-PA,1379,0,1540,0,0,1540,T
3-PA,1380,1,1,1518,0,1520,G
3-PA,1381,1499,1,0,0,1500,A
3-PA,1382,1471,0,0,0,1471,A
3-PA,1383,0,0,1468,0,1468,G
3-PA,1384,1,0,1467,0,1468,G
3-PA,1385,0,1,1465,0,1466,G
3-PA,1386,0,1,1462,0,1463,G
3-PA,1387,0,0,1480,0,1480,G
3-PA,1388,0,1457,0,1,1458,T
3-PA,1389,1471,0,1,0,1472,A
3-PA,1390,0,1484,0,0,1484,T
3-PA,1391,1536,0,1,0,1537,A
3-PA,1392,0,0,0,1671,1671,C
3-PA,1393,1623,0,0,0,1623,A
3-PA,1394,1,1587,0,0,1588,T
3-PA,1395,0,1569,0,1,1570,T
3-PA,1396,1557,0,0,0,1557,A
3-PA,1397,1581,0,0,0,1581,A
3-PA,1398,0,0,0,1583,1583,C
3-PA,1399,1545,0,0,0,1545,A
3-PA,1400,0,0,0,1546,1546,C
3-PA,1401,0,1412,0,1,1413,T
3-PA,1402,2,2,1475,0,1479,G
3-PA,1403,0,0,0,1466,1466,C
3-PA,1404,2,1,0,1457,1460,C
3-PA,1405,0,1,0,1475,1476,C
3-PA,1406,0,1448,0,1,1449,T
3-PA,1407,0,1,1505,0,1506,G
3-PA,1408,0,0,0,1505,1505,C
3-PA,1409,0,1506,0,1,1507,T
3-PA,1410,0,0,1,1561,1562,C
3-PA,1411,1504,0,1,0,1505,A
3-PA,1412,1511,0,0,0,1511,A
3-PA,1413,0,1513,0,1,1514,T
3-PA,1414,1,1,1509,0,1511,G
3-PA,1415,0,0,0,1496,1496,C
3-PA,1416,1484,1,0,0,1485,A
3-PA,1417,0,1473,1,2,1476,T
3-PA,1418,0,0,0,1475,1475,C
3-PA,1419,1,0,0,1487,1488,C
3-PA,1420,0,1445,0,1,1446,T
3-PA,1421,0,0,1478,0,1478,G
3-PA,1422,0,1466,0,2,1468,T
3-PA,1423,0,0,1467,0,1467,G
3-PA,1424,0,1,0,1475,1476,C
3-PA,1425,1460,1,1,0,1462,A
3-PA,1426,0,0,1488,0,1488,G
3-PA,1427,1,0,0,1476,1477,C
3-PA,1428,1461,0,1,0,1462,A
3-PA,1429,1468,0,0,0,1468,A
3-PA,1430,0,1410,0,0,1410,T
3-PA,1431,0,0,1419,0,1419,G
3-PA,1432,0,1,1418,0,1419,G
3-PA,1433,1419,0,1,0,1420,A
3-PA,1434,0,1,0,1410,1411,C
3-PA,1435,1,4,1397,0,1402,G
3-PA,1436,1432,0,1,0,1433,A
3-PA,1437,0,1437,0,0,1437,T
3-PA,1438,0,1441,0,0,1441,T
3-PA,1439,1,1439,0,1,1441,T
3-PA,1440,1,1430,0,1,1432,T
3-PA,1441,3,0,0,1432,1435,C
3-PA,1442,1439,1,1,0,1441,A
3-PA,1443,1447,0,0,0,1447,A
3-PA,1444,1,0,0,1447,1448,C
3-PA,1445,0,1420,0,1,1421,T
3-PA,1446,1426,1,0,0,1427,A
3-PA,1447,1425,0,0,0,1425,A
3-PA,1448,0,1426,0,0,1426,T
3-PA,1449,0,1416,0,1,1417,T
3-PA,1450,1,1,0,1424,1426,C
3-PA,1451,2,1,0,1411,1414,C
3-PA,1452,3,1,0,1417,1421,C
3-PA,1453,1422,0,0,1,1423,A
3-PA,1454,0,1445,0,1,1446,T
3-PA,1455,0,4,1444,0,1448,G
3-PA,1456,1442,1,0,0,1443,A
3-PA,1457,0,1437,0,2,1439,T
3-PA,1458,1436,0,1,0,1437,A
3-PA,1459,1438,0,1,0,1439,A
3-PA,1460,0,0,1440,0,1440,G
3-PA,1461,3,0,0,1435,1438,C
3-PA,1462,1438,0,0,0,1438,A
3-PA,1463,1386,0,1,0,1387,A
3-PA,1464,0,0,1422,1,1423,G
3-PA,1465,0,1405,0,2,1407,T
3-PA,1466,1,0,1405,0,1406,G
3-PA,1467,1,2,0,1403,1406,C
3-PA,1468,1389,0,0,0,1389,A
3-PA,1469,0,2,1402,0,1404,G
3-PA,1470,1412,0,0,0,1412,A
3-PA,1471,1430,0,1,0,1431,A
3-PA,1472,0,0,0,1425,1425,C
3-PA,1473,0,1392,0,0,1392,T
3-PA,1474,1411,0,1,0,1412,A
3-PA,1475,1412,0,0,0,1412,A
3-PA,1476,1409,0,1,0,1410,A
3-PA,1477,0,1,1418,0,1419,G
3-PA,1478,1353,0,1,0,1354,A
3-PA,1479,1,3,1350,0,1354,G
3-PA,1480,0,1,1323,0,1324,G
3-PA,1481,0,1,1322,0,1323,G
3-PA,1482,1314,0,2,0,1316,A
3-PA,1483,1301,0,1,0,1302,A
3-PA,1484,0,0,1304,0,1304,G
3-PA,1485,0,1,1287,0,1288,G
3-PA,1486,0,0,0,1304,1304,C
3-PA,1487,2,1,1294,0,1297,G
3-PA,1488,1290,0,1,0,1291,A
3-PA,1489,1300,0,0,0,1300,A
3-PA,1490,1304,0,1,0,1305,A
3-PA,1491,1310,0,0,0,1310,A
3-PA,1492,1298,0,2,1,1301,A
3-PA,1493,0,0,0,1312,1312,C
3-PA,1494,1,0,0,1300,1301,C
3-PA,1495,1309,0,0,0,1309,A
3-PA,1496,1324,0,0,0,1324,A
3-PA,1497,0,1324,0,1,1325,T
3-PA,1498,0,1327,0,0,1327,T
3-PA,1499,0,1335,0,0,1335,T
3-PA,1500,1347,0,0,0,1347,A
3-PA,1501,0,1342,0,0,1342,T
3-PA,1502,1337,0,4,0,1341,A
3-PA,1503,1,1337,0,1,1339,T
3-PA,1504,0,2,1318,0,1320,G
3-PA,1505,0,1,1309,0,1310,G
3-PA,1506,1310,0,0,0,1310,A
3-PA,1507,0,1292,0,1,1293,T
3-PA,1508,0,1279,0,0,1279,T
3-PA,1509,3,0,1,1278,1282,C
3-PA,1510,1292,0,0,0,1292,A
3-PA,1511,0,1308,0,1,1309,T
3-PA,1512,0,0,0,1317,1317,C
3-PA,1513,1310,1,0,0,1311,A
3-PA,1514,0,1310,0,0,1310,T
3-PA,1515,1300,0,0,0,1300,A
3-PA,1516,1299,0,0,0,1299,A
3-PA,1517,1295,0,2,0,1297,A
3-PA,1518,1,2,1288,0,1291,G
3-PA,1519,0,0,1279,0,1279,G
3-PA,1520,0,0,1261,1,1262,G
3-PA,1521,1252,0,0,0,1252,A
3-PA,1522,1240,0,1,0,1241,A
3-PA,1523,0,2,1244,0,1246,G
3-PA,1524,1239,0,2,0,1241,A
3-PA,1525,0,1229,0,0,1229,T
3-PA,1526,0,0,0,1230,1230,C
3-PA,1527,0,1213,0,1,1214,T
3-PA,1528,1,0,0,1258,1259,C
3-PA,1529,1250,0,0,0,1250,A
3-PA,1530,0,1256,0,0,1256,T
3-PA,1531,0,1250,0,0,1250,T
3-PA,1532,0,1236,0,0,1236,T
3-PA,1533,1228,0,0,0,1228,A
3-PA,1534,1225,0,0,0,1225,A
3-PA,1535,0,0,1220,0,1220,G
3-PA,1536,0,1,1236,0,1237,G
3-PA,1537,1176,0,0,0,1176,A
3-PA,1538,1176,0,1,0,1177,A
3-PA,1539,0,1180,0,0,1180,T
3-PA,1540,0,0,1191,0,1191,G
3-PA,1541,1220,0,0,0,1220,A
3-PA,1542,0,2,0,1219,1221,C
3-PA,1543,1207,0,1,0,1208,A
3-PA,1544,0,0,0,1220,1220,C
3-PA,1545,1180,0,1,0,1181,A
3-PA,1546,0,0,1207,0,1207,G
3-PA,1547,1188,0,0,0,1188,A
3-PA,1548,0,1,0,1172,1173,C
3-PA,1549,0,0,1155,0,1155,G
3-PA,1550,0,1078,0,0,1078,T
3-PA,1551,0,0,1084,0,1084,G
3-PA,1552,2,0,1084,0,1086,G
3-PA,1553,0,1091,0,0,1091,T
3-PA,1554,1088,0,0,0,1088,A
3-PA,1555,1070,0,0,0,1070,A
3-PA,1556,1065,0,0,0,1065,A
3-PA,1557,0,1063,0,0,1063,T
3-PA,1558,0,1055,0,1,1056,T
3-PA,1559,0,1056,0,0,1056,T
3-PA,1560,0,1044,0,0,1044,T
3-PA,1561,1,0,1040,0,1041,G
3-PA,1562,0,1021,0,0,1021,T
3-PA,1563,0,1,1025,0,1026,G
3-PA,1564,1021,0,0,0,1021,A
3-PA,1565,0,0,1015,0,1015,G
3-PA,1566,0,0,1,1008,1009,C
3-PA,1567,1011,0,1,0,1012,A
3-PA,1568,0,1016,0,1,1017,T
3-PA,1569,0,1,1016,0,1017,G
3-PA,1570,0,1,1022,0,1023,G
3-PA,1571,1015,0,0,0,1015,A
3-PA,1572,1,1,1019,0,1021,G
3-PA,1573,0,1013,0,0,1013,T
3-PA,1574,0,994,0,2,996,T
3-PA,1575,1,1000,0,0,1001,T
3-PA,1576,0,996,0,0,996,T
3-PA,1577,0,1,0,1000,1001,C
3-PA,1578,0,999,0,1,1000,T
3-PA,1579,2,0,0,995,997,C
3-PA,1580,0,974,1,2,977,T
3-PA,1581,2,0,0,970,972,C
3-PA,1582,968,0,0,0,968,A
3-PA,1583,0,2,0,971,973,C
3-PA,1584,0,944,0,2,946,T
3-PA,1585,0,0,947,0,947,G
3-PA,1586,937,0,1,0,938,A
3-PA,1587,0,0,0,954,954,C
3-PA,1588,0,0,0,944,944,C
3-PA,1589,1,2,0,929,932,C
3-PA,1590,0,0,928,0,928,G
3-PA,1591,921,0,2,0,923,A
3-PA,1592,0,2,925,0,927,G
3-PA,1593,922,0,1,0,923,A
3-PA,1594,0,0,0,908,908,C
3-PA,1595,0,883,0,1,884,T
3-PA,1596,0,844,0,0,844,T
3-PA,1597,1,1,843,0,845,G
3-PA,1598,836,0,0,0,836,A
3-PA,1599,0,1,835,0,836,G
3-PA,1600,0,0,0,829,829,C
3-PA,1601,0,0,0,801,801,C
3-PA,1602,810,2,0,0,812,A
3-PA,1603,0,0,0,809,809,C
3-PA,1604,814,0,1,0,815,A
3-PA,1605,0,814,0,1,815,T
3-PA,1606,815,0,0,0,815,A
3-PA,1607,809,0,0,0,809,A
3-PA,1608,808,0,0,0,808,A
3-PA,1609,0,793,1,0,794,T
3-PA,1610,0,1,790,0,791,G
3-PA,1611,0,0,723,0,723,G
3-PA,1612,1,0,724,0,725,G
3-PA,1613,702,0,0,0,702,A
3-PA,1614,1,0,694,1,696,G
3-PA,1615,697,1,1,0,699,A
3-PA,1616,686,0,0,1,687,A
3-PA,1617,687,0,0,0,687,A
3-PA,1618,0,687,0,0,687,T
3-PA,1619,667,0,1,0,668,A
3-PA,1620,0,0,0,670,670,C
3-PA,1621,0,392,0,1,393,T
3-PA,1622,0,0,386,0,386,G
3-PA,1623,0,303,0,0,303,T
3-PA,1624,0,0,317,0,317,G
3-PA,1625,0,302,0,0,302,T
3-PA,1626,0,0,0,268,268,C
3-PA,1627,0,0,0,263,263,C
3-PA,1628,0,260,0,1,261,T
3-PA,1629,0,262,2,0,264,T
3-PA,1630,0,0,263,0,263,G
3-PA,1631,253,0,0,0,253,A
3-PA,1632,0,0,256,0,256,G
3-PA,1633,239,0,0,0,239,A
3-PA,1634,0,237,0,0,237,T
3-PA,1635,239,0,0,0,239,A
3-PA,1636,0,0,244,0,244,G
3-PA,1637,0,0,241,0,241,G
3-PA,1638,241,0,0,0,241,A
3-PA,1639,0,1,245,0,246,G
3-PA,1640,237,0,0,0,237,A
3-PA,1641,0,241,0,0,241,T
3-PA,1642,245,0,0,0,245,A
3-PA,1643,0,246,0,0,246,T
3-PA,1644,0,0,245,0,245,G
3-PA,1645,0,249,0,0,249,T
3-PA,1646,0,249,0,1,250,T
3-PA,1647,258,0,0,0,258,A
3-PA,1648,0,0,0,259,259,C
3-PA,1649,0,252,0,0,252,T
3-PA,1650,254,0,0,0,254,A
3-PA,1651,244,0,2,0,246,A
3-PA,1652,0,0,249,0,249,G
3-PA,1653,248,0,0,0,248,A
3-PA,1654,244,0,0,0,244,A
3-PA,1655,0,1,234,0,235,G
3-PA,1656,0,233,0,0,233,T
3-PA,1657,0,0,244,0,244,G
3-PA,1658,0,0,0,244,244,C
3-PA,1659,0,0,0,245,245,C
3-PA,1660,246,0,0,0,246,A
3-PA,1661,0,242,0,0,242,T
3-PA,1662,244,0,0,0,244,A
3-PA,1663,0,1,247,0,248,G
3-PA,1664,0,0,244,0,244,G
3-PA,1665,0,0,0,244,244,C
3-PA,1666,0,0,0,242,242,C
3-PA,1667,245,0,1,0,246,A
3-PA,1668,243,0,0,0,243,A
3-PA,1669,242,0,0,0,242,A
3-PA,1670,0,250,0,0,250,T
3-PA,1671,0,245,0,0,245,T
3-PA,1672,0,245,0,0,245,T
3-PA,1673,2,0,0,242,244,C
3-PA,1674,240,0,1,0,241,A
3-PA,1675,239,0,1,0,240,A
3-PA,1676,0,0,237,0,237,G
3-PA,1677,0,0,238,0,238,G
3-PA,1678,0,0,0,240,240,C
3-PA,1679,0,0,0,237,237,C
3-PA,1680,0,0,231,0,231,G
3-PA,1681,233,0,1,0,234,A
3-PA,1682,0,237,0,0,237,T
3-PA,1683,0,0,241,0,241,G
3-PA,1684,0,243,0,0,243,T
3-PA,1685,0,249,0,0,249,T
3-PA,1686,1,0,0,259,260,C
3-PA,1687,0,259,0,0,259,T
3-PA,1688,0,257,0,0,257,T
3-PA,1689,0,0,263,0,263,G
3-PA,1690,0,258,0,0,258,T
3-PA,1691,259,0,0,0,259,A
3-PA,1692,0,255,0,0,255,T
3-PA,1693,0,0,257,0,257,G
3-PA,1694,0,247,0,1,248,T
3-PA,1695,0,0,248,0,248,G
3-PA,1696,247,0,0,0,247,A
3-PA,1697,0,0,252,0,252,G
3-PA,1698,0,0,247,0,247,G
3-PA,1699,248,0,0,0,248,A
3-PA,1700,0,0,0,244,244,C
3-PA,1701,247,0,0,0,247,A
3-PA,1702,243,0,2,0,245,A
3-PA,1703,248,0,0,0,248,A
3-PA,1704,0,0,0,245,245,C
3-PA,1705,0,0,247,0,247,G
3-PA,1706,0,0,249,0,249,G
3-PA,1707,246,0,0,0,246,A
3-PA,1708,249,0,0,0,249,A
3-PA,1709,0,0,0,254,254,C
3-PA,1710,252,0,0,0,252,A
3-PA,1711,0,251,0,0,251,T
3-PA,1712,0,0,0,252,252,C
3-PA,1713,251,0,0,0,251,A
3-PA,1714,248,0,0,0,248,A
3-PA,1715,246,0,2,0,248,A
3-PA,1716,0,0,251,0,251,G
3-PA,1717,0,0,250,0,250,G
3-PA,1718,0,244,0,0,244,T
3-PA,1719,1,0,0,246,247,C
3-PA,1720,244,1,0,0,245,A
3-PA,1721,249,0,0,0,249,A
3-PA,1722,245,0,0,0,245,A
3-PA,1723,248,0,0,0,248,A
3-PA,1724,0,249,0,0,249,T
3-PA,1725,0,1,251,0,252,G
3-PA,1726,252,0,0,0,252,A
3-PA,1727,250,0,0,0,250,A
3-PA,1728,251,0,1,0,252,A
3-PA,1729,0,252,0,0,252,T
3-PA,1730,0,0,256,0,256,G
3-PA,1731,0,0,254,0,254,G
3-PA,1732,0,0,257,0,257,G
3-PA,1733,0,0,258,0,258,G
3-PA,1734,254,0,0,0,254,A
3-PA,1735,258,0,0,0,258,A
3-PA,1736,0,259,0,0,259,T
3-PA,1737,0,0,261,0,261,G
3-PA,1738,0,0,259,0,259,G
3-PA,1739,258,0,0,0,258,A
3-PA,1740,0,0,261,0,261,G
3-PA,1741,256,0,0,0,256,A
3-PA,1742,0,252,0,0,252,T
3-PA,1743,0,1,253,0,254,G
3-PA,1744,247,0,0,0,247,A
3-PA,1745,0,0,252,0,252,G
3-PA,1746,252,0,1,0,253,A
3-PA,1747,0,0,0,244,244,C
3-PA,1748,0,0,247,0,247,G
3-PA,1749,0,246,0,0,246,T
3-PA,1750,0,245,0,0,245,T
3-PA,1751,0,0,248,0,248,G
3-PA,1752,0,0,1,245,246,C
3-PA,1753,1,0,0,247,248,C
3-PA,1754,0,247,0,1,248,T
3-PA,1755,1,0,0,245,246,C
3-PA,1756,0,0,0,250,250,C
3-PA,1757,0,253,0,0,253,T
3-PA,1758,0,255,0,0,255,T
3-PA,1759,0,0,0,251,251,C
3-PA,1760,252,0,0,0,252,A
3-PA,1761,0,0,255,0,255,G
3-PA,1762,0,251,0,0,251,T
3-PA,1763,0,0,0,252,252,C
3-PA,1764,250,0,0,0,250,A
3-PA,1765,0,0,0,248,248,C
3-PA,1766,0,245,0,1,246,T
3-PA,1767,0,245,0,0,245,T
3-PA,1768,0,1,0,257,258,C
3-PA,1769,256,0,0,0,256,A
3-PA,1770,1,0,260,0,261,G
3-PA,1771,0,1,0,259,260,C
3-PA,1772,257,0,0,0,257,A
3-PA,1773,0,0,259,0,259,G
3-PA,1774,254,0,0,0,254,A
3-PA,1775,0,253,0,0,253,T
3-PA,1776,0,1,0,254,255,C
3-PA,1777,0,0,257,0,257,G
3-PA,1778,255,0,0,0,255,A
3-PA,1779,0,0,256,0,256,G
3-PA,1780,252,0,0,0,252,A
3-PA,1781,0,0,254,0,254,G
3-PA,1782,0,0,0,247,247,C
3-PA,1783,252,0,0,0,252,A
3-PA,1784,0,252,0,0,252,T
3-PA,1785,0,1,257,0,258,G
3-PA,1786,263,0,0,0,263,A
3-PA,1787,0,263,0,0,263,T
3-PA,1788,0,262,0,0,262,T
3-PA,1789,0,0,262,0,262,G
3-PA,1790,258,0,0,0,258,A
3-PA,1791,257,0,0,0,257,A
3-PA,1792,0,0,261,0,261,G
3-PA,1793,0,1,0,253,254,C
3-PA,1794,0,0,0,255,255,C
3-PA,1795,0,0,252,0,252,G
3-PA,1796,249,0,1,0,250,A
3-PA,1797,0,1,256,0,257,G
3-PA,1798,0,252,0,1,253,T
3-PA,1799,0,0,0,249,249,C
3-PA,1800,0,0,0,254,254,C
3-PA,1801,0,249,0,0,249,T
3-PA,1802,0,0,0,256,256,C
3-PA,1803,0,0,260,0,260,G
3-PA,1804,0,0,267,0,267,G
3-PA,1805,0,263,0,2,265,T
3-PA,1806,0,266,0,0,266,T
3-PA,1807,264,0,0,0,264,A
3-PA,1808,263,0,0,0,263,A
3-PA,1809,263,0,1,0,264,A
3-PA,1810,0,0,267,0,267,G
3-PA,1811,259,0,0,0,259,A
3-PA,1812,0,0,265,0,265,G
3-PA,1813,254,0,0,0,254,A
3-PA,1814,254,0,0,0,254,A
3-PA,1815,252,0,1,0,253,A
3-PA,1816,0,0,257,0,257,G
3-PA,1817,256,0,0,0,256,A
3-PA,1818,1,0,0,253,254,C
3-PA,1819,254,0,0,0,254,A
3-PA,1820,0,251,0,0,251,T
3-PA,1821,0,0,249,0,249,G
3-PA,1822,250,0,1,0,251,A
3-PA,1823,0,0,0,250,250,C
3-PA,1824,0,0,0,251,251,C
3-PA,1825,252,0,0,0,252,A
3-PA,1826,253,0,0,0,253,A
3-PA,1827,252,0,0,0,252,A
3-PA,1828,0,1,252,0,253,G
3-PA,1829,251,0,0,0,251,A
3-PA,1830,0,0,255,0,255,G
3-PA,1831,0,244,0,0,244,T
3-PA,1832,0,248,0,0,248,T
3-PA,1833,0,244,0,0,244,T
3-PA,1834,0,243,0,0,243,T
3-PA,1835,0,243,0,0,243,T
3-PA,1836,0,245,0,0,245,T
3-PA,1837,0,0,250,0,250,G
3-PA,1838,243,0,2,0,245,A
3-PA,1839,0,0,248,0,248,G
3-PA,1840,245,0,0,0,245,A
3-PA,1841,245,0,0,0,245,A
3-PA,1842,0,243,0,0,243,T
3-PA,1843,240,0,0,0,240,A
3-PA,1844,243,0,0,0,243,A
3-PA,1845,0,0,241,0,241,G
3-PA,1846,0,249,0,0,249,T
3-PA,1847,0,1,0,253,254,C
3-PA,1848,251,0,0,0,251,A
3-PA,1849,0,0,254,0,254,G
3-PA,1850,250,1,1,0,252,A
3-PA,1851,255,0,0,0,255,A
3-PA,1852,0,0,255,0,255,G
3-PA,1853,0,0,0,243,243,C
3-PA,1854,240,0,0,0,240,A
3-PA,1855,0,230,1,0,231,T
3-PA,1856,1,0,230,0,231,G
3-PA,1857,0,0,233,0,233,G
3-PA,1858,0,0,0,229,229,C
3-PA,1859,1,0,0,235,236,C
3-PA,1860,0,0,0,237,237,C
3-PA,1861,238,0,0,0,238,A
3-PA,1862,0,234,0,0,234,T
3-PA,1863,0,239,0,0,239,T
3-PA,1864,0,0,241,0,241,G
3-PA,1865,0,0,242,0,242,G
3-PA,1866,0,0,238,0,238,G
3-PA,1867,0,0,239,0,239,G
3-PA,1868,233,0,0,0,233,A
3-PA,1869,0,0,235,0,235,G
3-PA,1870,0,234,0,0,234,T
3-PA,1871,0,0,0,239,239,C
3-PA,1872,0,0,0,245,245,C
3-PA,1873,0,0,0,241,241,C
3-PA,1874,0,0,0,245,245,C
3-PA,1875,1,0,0,243,244,C
3-PA,1876,247,0,0,0,247,A
3-PA,1877,244,0,0,0,244,A
3-PA,1878,0,0,246,0,246,G
3-PA,1879,0,0,237,0,237,G
3-PA,1880,0,0,241,0,241,G
3-PA,1881,216,0,0,0,216,A
3-PA,1882,0,0,225,0,225,G
3-PA,1883,0,221,0,0,221,T
3-PA,1884,0,0,222,0,222,G
3-PA,1885,0,0,227,0,227,G
3-PA,1886,226,0,0,0,226,A
3-PA,1887,224,0,0,0,224,A
3-PA,1888,0,0,226,0,226,G
3-PA,1889,221,0,0,0,221,A
3-PA,1890,225,0,0,0,225,A
3-PA,1891,0,0,219,0,219,G
3-PA,1892,0,0,217,0,217,G
3-PA,1893,0,217,0,0,217,T
3-PA,1894,0,214,0,0,214,T
3-PA,1895,0,0,0,214,214,C
3-PA,1896,0,0,0,221,221,C
3-PA,1897,222,0,0,0,222,A
3-PA,1898,0,222,0,0,222,T
3-PA,1899,0,221,0,0,221,T
3-PA,1900,0,0,221,0,221,G
3-PA,1901,0,0,221,0,221,G
3-PA,1902,0,0,221,0,221,G
3-PA,1903,219,0,0,0,219,A
3-PA,1904,219,0,0,0,219,A
3-PA,1905,217,0,0,0,217,A
3-PA,1906,0,0,218,0,218,G
3-PA,1907,0,215,0,0,215,T
3-PA,1908,0,0,0,219,219,C
3-PA,1909,0,218,0,0,218,T
3-PA,1910,0,0,218,0,218,G
3-PA,1911,0,217,0,1,218,T
3-PA,1912,219,0,0,0,219,A
3-PA,1913,0,0,218,0,218,G
3-PA,1914,0,0,217,0,217,G
3-PA,1915,205,0,0,0,205,A
3-PA,1916,0,0,0,209,209,C
3-PA,1917,0,205,0,0,205,T
3-PA,1918,0,0,0,214,214,C
3-PA,1919,0,211,0,0,211,T
3-PA,1920,213,0,0,0,213,A
3-PA,1921,0,213,0,0,213,T
3-PA,1922,0,211,0,0,211,T
3-PA,1923,0,0,215,0,215,G
3-PA,1924,0,0,216,0,216,G
3-PA,1925,0,0,0,212,212,C
3-PA,1926,0,214,0,0,214,T
3-PA,1927,198,0,0,0,198,A
3-PA,1928,202,0,0,0,202,A
3-PA,1929,0,0,205,0,205,G
3-PA,1930,0,204,0,0,204,T
3-PA,1931,0,0,0,205,205,C
3-PA,1932,201,0,0,0,201,A
3-PA,1933,0,0,211,0,211,G
3-PA,1934,0,208,0,0,208,T
3-PA,1935,217,0,0,0,217,A
3-PA,1936,0,217,0,1,218,T
3-PA,1937,0,218,0,0,218,T
3-PA,1938,0,0,0,218,218,C
3-PA,1939,217,0,0,0,217,A
3-PA,1940,218,0,0,0,218,A
3-PA,1941,0,218,0,0,218,T
3-PA,1942,211,0,0,0,211,A
3-PA,1943,0,0,213,0,213,G
3-PA,1944,0,0,0,217,217,C
3-PA,1945,1,0,0,217,218,C
3-PA,1946,0,217,0,0,217,T
3-PA,1947,0,0,219,0,219,G
3-PA,1948,0,219,0,0,219,T
3-PA,1949,221,0,0,0,221,A
3-PA,1950,0,221,0,0,221,T
3-PA,1951,0,0,216,0,216,G
3-PA,1952,0,0,0,214,214,C
3-PA,1953,207,0,0,0,207,A
3-PA,1954,0,207,0,0,207,T
3-PA,1955,1,0,0,208,209,C
3-PA,1956,204,0,0,0,204,A
3-PA,1957,0,0,0,206,206,C
3-PA,1958,0,0,0,204,204,C
3-PA,1959,199,0,0,0,199,A
3-PA,1960,0,0,0,202,202,C
3-PA,1961,197,0,0,0,197,A
3-PA,1962,201,0,0,0,201,A
3-PA,1963,0,203,0,0,203,T
3-PA,1964,0,202,0,0,202,T
3-PA,1965,0,0,198,0,198,G
3-PA,1966,0,0,196,0,196,G
3-PA,1967,198,0,0,0,198,A
3-PA,1968,198,0,0,0,198,A
3-PA,1969,0,0,195,0,195,G
3-PA,1970,0,0,193,0,193,G
3-PA,1971,194,0,0,0,194,A
3-PA,1972,0,192,0,0,192,T
3-PA,1973,0,191,0,0,191,T
3-PA,1974,0,192,0,1,193,T
3-PA,1975,0,187,0,0,187,T
3-PA,1976,1,0,0,194,195,C
3-PA,1977,191,0,1,0,192,A
3-PA,1978,0,0,193,0,193,G
3-PA,1979,0,0,0,192,192,C
3-PA,1980,0,0,191,0,191,G
3-PA,1981,0,1,193,0,194,G
3-PA,1982,191,0,0,0,191,A
3-PA,1983,0,1,196,0,197,G
3-PA,1984,0,194,0,0,194,T
3-PA,1985,1,0,0,196,197,C
3-PA,1986,197,0,0,0,197,A
3-PA,1987,198,0,0,0,198,A
3-PA,1988,1,0,198,0,199,G
3-PA,1989,196,0,0,0,196,A
3-PA,1990,197,0,0,0,197,A
3-PA,1991,194,0,1,0,195,A
3-PA,1992,188,0,0,0,188,A
3-PA,1993,0,0,0,189,189,C
3-PA,1994,0,186,0,0,186,T
3-PA,1995,0,0,186,0,186,G
3-PA,1996,0,0,0,183,183,C
3-PA,1997,0,183,0,0,183,T
3-PA,1998,0,0,0,185,185,C
3-PA,1999,1,0,0,181,182,C
3-PA,2000,0,190,0,0,190,T
3-PA,2001,0,189,0,0,189,T
3-PA,2002,0,0,192,0,192,G
3-PA,2003,0,190,0,0,190,T
3-PA,2004,0,191,0,0,191,T
3-PA,2005,0,0,194,0,194,G
3-PA,2006,0,192,0,0,192,T
3-PA,2007,0,191,0,0,191,T
3-PA,2008,0,0,0,190,190,C
3-PA,2009,188,0,0,0,188,A
3-PA,2010,0,1,189,0,190,G
3-PA,2011,1,0,187,0,188,G
3-PA,2012,0,0,0,189,189,C
3-PA,2013,0,190,0,0,190,T
3-PA,2014,1,0,0,200,201,C
3-PA,2015,0,201,0,0,201,T
3-PA,2016,0,201,0,0,201,T
3-PA,2017,202,0,0,0,202,A
3-PA,2018,0,0,198,0,198,G
3-PA,2019,0,0,202,0,202,G
3-PA,2020,0,0,202,0,202,G
3-PA,2021,192,0,0,0,192,A
3-PA,2022,0,0,0,196,196,C
3-PA,2023,189,0,1,0,190,A
3-PA,2024,189,0,0,0,189,A
3-PA,2025,0,0,0,193,193,C
3-PA,2026,0,0,0,193,193,C
3-PA,2027,0,191,0,0,191,T
3-PA,2028,0,1,0,191,192,C
3-PA,2029,0,0,192,0,192,G
3-PA,2030,192,0,0,0,192,A
3-PA,2031,187,0,0,0,187,A
3-PA,2032,0,0,0,188,188,C
3-PA,2033,0,0,0,184,184,C
3-PA,2034,0,181,0,1,182,T
3-PA,2035,0,0,185,0,185,G
3-PA,2036,0,0,185,0,185,G
3-PA,2037,0,0,186,0,186,G
3-PA,2038,182,0,0,0,182,A
3-PA,2039,0,0,0,185,185,C
3-PA,2040,0,0,0,186,186,C
3-PA,2041,0,181,0,0,181,T
3-PA,2042,0,181,0,0,181,T
3-PA,2043,0,182,0,0,182,T
3-PA,2044,0,0,182,0,182,G
3-PA,2045,182,0,0,0,182,A
3-PA,2046,0,184,0,0,184,T
3-PA,2047,0,0,0,185,185,C
3-PA,2048,0,181,0,0,181,T
3-PA,2049,0,181,0,0,181,T
3-PA,2050,0,1,177,0,178,G
3-PA,2051,0,0,179,0,179,G
3-PA,2052,0,0,180,0,180,G
3-PA,2053,0,0,179,0,179,G
3-PA,2054,0,0,178,0,178,G
3-PA,2055,0,0,179,0,179,G
3-PA,2056,0,0,0,175,175,C
3-PA,2057,0,181,0,0,181,T
3-PA,2058,187,0,0,0,187,A
3-PA,2059,0,188,0,0,188,T
3-PA,2060,187,0,0,0,187,A
3-PA,2061,1,186,0,0,187,T
3-PA,2062,0,0,181,0,181,G
3-PA,2063,177,0,1,0,178,A
3-PA,2064,174,0,0,0,174,A
3-PA,2065,0,0,175,0,175,G
3-PA,2066,0,0,0,181,181,C
3-PA,2067,176,0,0,0,176,A
3-PA,2068,177,0,0,0,177,A
3-PA,2069,0,175,0,0,175,T
3-PA,2070,0,175,0,0,175,T
3-PA,2071,0,0,177,0,177,G
3-PA,2072,177,0,0,0,177,A
3-PA,2073,0,0,180,0,180,G
3-PA,2074,0,0,174,0,174,G
3-PA,2075,165,0,0,0,165,A
3-PA,2076,0,0,170,0,170,G
3-PA,2077,0,158,0,0,158,T
3-PA,2078,0,0,156,0,156,G
3-PA,2079,0,0,0,155,155,C
3-PA,2080,0,0,0,158,158,C
3-PA,2081,0,156,0,0,156,T
3-PA,2082,0,0,160,0,160,G
3-PA,2083,159,0,0,0,159,A
3-PA,2084,0,159,0,0,159,T
3-PA,2085,0,153,0,0,153,T
3-PA,2086,155,0,0,0,155,A
3-PA,2087,152,0,0,0,152,A
3-PA,2088,0,153,0,0,153,T
3-PA,2089,0,0,155,0,155,G
3-PA,2090,150,0,0,0,150,A
3-PA,2091,0,146,0,1,147,T
3-PA,2092,0,0,0,144,144,C
3-PA,2093,0,0,0,145,145,C
3-PA,2094,0,0,0,147,147,C
3-PA,2095,0,144,0,1,145,T
3-PA,2096,0,0,147,0,147,G
3-PA,2097,0,0,146,0,146,G
3-PA,2098,0,0,147,0,147,G
3-PA,2099,0,144,0,0,144,T
3-PA,2100,0,141,0,0,141,T
3-PA,2101,0,141,0,0,141,T
3-PA,2102,0,138,0,0,138,T
3-PA,2103,0,0,139,0,139,G
3-PA,2104,0,0,0,138,138,C
3-PA,2105,0,136,0,0,136,T
3-PA,2106,0,0,0,135,135,C
3-PA,2107,130,0,0,0,130,A
3-PA,2108,129,0,0,0,129,A
3-PA,2109,0,129,0,0,129,T
3-PA,2110,0,0,129,0,129,G
3-PA,2111,0,0,0,128,128,C
3-PA,2112,0,0,128,0,128,G
3-PA,2113,0,131,0,0,131,T
3-PA,2114,1,0,0,130,131,C
3-PA,2115,0,129,0,0,129,T
3-PA,2116,0,130,0,0,130,T
3-PA,2117,0,0,129,0,129,G
3-PA,2118,0,0,129,0,129,G
3-PA,2119,0,129,0,0,129,T
3-PA,2120,0,127,0,0,127,T
3-PA,2121,0,0,0,125,125,C
3-PA,2122,120,0,0,0,120,A
3-PA,2123,123,0,0,0,123,A
3-PA,2124,0,0,0,123,123,C
3-PA,2125,0,120,0,0,120,T
3-PA,2126,0,0,0,118,118,C
3-PA,2127,0,0,0,115,115,C
3-PA,2128,0,116,0,0,116,T
3-PA,2129,0,114,0,0,114,T
3-PA,2130,0,0,0,115,115,C
3-PA,2131,0,0,0,116,116,C
3-PA,2132,0,111,0,1,112,T
3-PA,2133,0,0,112,0,112,G
3-PA,2134,111,0,0,0,111,A
3-PA,2135,0,0,0,108,108,C
3-PA,2136,99,0,0,0,99,A
3-PA,2137,0,0,0,95,95,C
3-PA,2138,95,0,0,0,95,A
3-PA,2139,0,93,0,0,93,T
3-PA,2140,0,0,93,0,93,G
3-PA,2141,0,0,0,94,94,C
3-PA,2142,90,0,0,0,90,A
3-PA,2143,0,89,0,0,89,T
3-PA,2144,0,87,0,0,87,T
3-PA,2145,88,0,0,0,88,A
3-PA,2146,88,0,0,0,88,A
3-PA,2147,87,0,0,0,87,A
3-PA,2148,88,0,0,0,88,A
3-PA,2149,0,86,0,0,86,T
3-PA,2150,67,0,0,0,67,A
3-PA,2151,0,0,65,0,65,G
4-HA,1,113,0,0,0,113,A
4-HA,2,0,114,0,0,114,T
4-HA,3,0,0,116,0,116,G
4-HA,4,119,0,0,0,119,A
4-HA,5,119,0,0,0,119,A
4-HA,6,0,0,133,0,133,G
4-HA,7,134,0,0,0,134,A
4-HA,8,0,0,0,141,141,C
4-HA,9,0,143,0,0,143,T
4-HA,10,149,0,1,0,150,A
4-HA,11,0,163,0,0,163,T
4-HA,12,0,0,0,162,162,C
4-HA,13,162,0,0,0,162,A
4-HA,14,0,163,0,0,163,T
4-HA,15,0,162,0,1,163,T
4-HA,16,0,0,179,0,179,G
4-HA,17,0,0,0,179,179,C
4-HA,18,0,178,0,0,178,T
4-HA,19,0,179,0,0,179,T
4-HA,20,0,179,0,0,179,T
4-HA,21,0,0,196,0,196,G
4-HA,22,197,0,0,0,197,A
4-HA,23,0,0,210,0,210,G
4-HA,24,0,0,0,214,214,C
4-HA,25,0,213,0,1,214,T
4-HA,26,231,0,0,0,231,A
4-HA,27,0,0,0,238,238,C
4-HA,28,245,0,0,0,245,A
4-HA,29,0,267,0,0,267,T
4-HA,30,0,264,0,0,264,T
4-HA,31,0,0,0,272,272,C
4-HA,32,0,269,0,0,269,T
4-HA,33,276,0,0,0,276,A
4-HA,34,0,276,0,1,277,T
4-HA,35,0,1,279,0,280,G
4-HA,36,0,279,0,0,279,T
4-HA,37,0,0,0,281,281,C
4-HA,38,0,281,0,0,281,T
4-HA,39,0,0,284,0,284,G
4-HA,40,0,0,286,0,286,G
4-HA,41,0,279,0,0,279,T
4-HA,42,0,280,0,0,280,T
4-HA,43,0,280,0,0,280,T
4-HA,44,0,281,0,0,281,T
4-HA,45,0,0,0,280,280,C
4-HA,46,0,1,277,0,278,G
4-HA,47,0,0,0,287,287,C
4-HA,48,0,284,0,2,286,T
4-HA,49,0,0,0,289,289,C
4-HA,50,287,0,0,0,287,A
4-HA,51,288,0,0,0,288,A
4-HA,52,289,0,0,0,289,A
4-HA,53,288,0,0,0,288,A
4-HA,54,286,0,0,0,286,A
4-HA,55,0,0,0,291,291,C
4-HA,56,0,291,0,1,292,T
4-HA,57,0,292,0,0,292,T
4-HA,58,0,0,0,291,291,C
4-HA,59,0,0,0,291,291,C
4-HA,60,0,292,0,0,292,T
4-HA,61,0,0,296,0,296,G
4-HA,62,0,0,295,0,295,G
4-HA,63,292,0,0,0,292,A
4-HA,64,298,0,0,0,298,A
4-HA,65,298,0,0,0,298,A
4-HA,66,0,306,0,0,306,T
4-HA,67,1,2,303,0,306,G
4-HA,68,305,0,0,0,305,A
4-HA,69,0,1,0,311,312,C
4-HA,70,315,0,0,0,315,A
4-HA,71,314,0,0,0,314,A
4-HA,72,0,0,0,315,315,C
4-HA,73,313,0,0,0,313,A
4-HA,74,0,0,317,0,317,G
4-HA,75,0,0,0,317,317,C
4-HA,76,317,0,0,0,317,A
4-HA,77,0,0,0,325,325,C
4-HA,78,0,0,324,0,324,G
4-HA,79,0,0,327,0,327,G
4-HA,80,0,0,1,328,329,C
4-HA,81,327,0,0,0,327,A
4-HA,82,330,0,0,0,330,A
4-HA,83,0,0,0,335,335,C
4-HA,84,1,0,336,0,337,G
4-HA,85,0,0,0,337,337,C
4-HA,86,0,331,0,0,331,T
4-HA,87,0,0,339,0,339,G
4-HA,88,0,339,0,0,339,T
4-HA,89,0,1,353,0,354,G
4-HA,90,0,0,0,360,360,C
4-HA,91,0,0,0,367,367,C
4-HA,92,0,362,0,0,362,T
4-HA,93,0,359,0,0,359,T
4-HA,94,0,0,356,0,356,G
4-HA,95,0,0,356,0,356,G
4-HA,96,0,0,360,0,360,G
4-HA,97,0,0,0,356,356,C
4-HA,98,356,0,0,0,356,A
4-HA,99,0,0,0,364,364,C
4-HA,100,0,0,0,362,362,C
4-HA,101,386,0,0,0,386,A
4-HA,102,0,389,0,0,389,T
4-HA,103,0,0,391,0,391,G
4-HA,104,0,1,0,387,388,C
4-HA,105,387,0,0,0,387,A
4-HA,106,0,0,409,0,409,G
4-HA,107,0,407,0,0,407,T
4-HA,108,409,0,1,0,410,A
4-HA,109,0,1,0,412,413,C
4-HA,110,0,0,0,403,403,C
4-HA,111,404,0,0,0,404,A
4-HA,112,402,0,0,0,402,A
4-HA,113,401,0,0,0,401,A
4-HA,114,0,1,0,404,405,C
4-HA,115,0,0,392,0,392,G
4-HA,116,0,1,405,1,407,G
4-HA,117,399,0,0,0,399,A
4-HA,118,403,0,1,0,404,A
4-HA,119,1,0,0,406,407,C
4-HA,120,406,0,0,0,406,A
4-HA,121,414,0,0,0,414,A
4-HA,122,0,415,0,0,415,T
4-HA,123,416,0,0,0,416,A
4-HA,124,0,0,418,0,418,G
4-HA,125,0,403,0,0,403,T
4-HA,126,0,0,410,0,410,G
4-HA,127,408,0,0,1,409,A
4-HA,128,405,0,2,0,407,A
4-HA,129,407,0,1,1,409,A
4-HA,130,412,0,0,0,412,A
4-HA,131,0,0,0,418,418,C
4-HA,132,419,0,0,0,419,A
4-HA,133,421,0,0,0,421,A
4-HA,134,0,422,0,2,424,T
4-HA,135,0,0,0,423,423,C
4-HA,136,421,0,0,0,421,A
4-HA,137,0,0,0,422,422,C
4-HA,138,1,1,422,0,424,G
4-HA,139,418,0,0,0,418,A
4-HA,140,0,1,411,0,412,G
4-HA,141,0,406,0,0,406,T
4-HA,142,0,0,415,0,415,G
4-HA,143,413,0,0,0,413,A
4-HA,144,0,0,0,415,415,C
4-HA,145,0,0,0,416,416,C
4-HA,146,425,0,0,0,425,A
4-HA,147,427,0,0,0,427,A
4-HA,148,423,0,0,0,423,A
4-HA,149,0,425,0,0,425,T
4-HA,150,0,427,0,1,428,T
4-HA,151,0,1,430,0,431,G
4-HA,152,423,0,0,0,423,A
4-HA,153,424,0,1,0,425,A
4-HA,154,0,0,428,0,428,G
4-HA,155,0,427,0,1,428,T
4-HA,156,0,438,0,0,438,T
4-HA,157,440,0,0,0,440,A
4-HA,158,0,0,0,442,442,C
4-HA,159,0,447,0,0,447,T
4-HA,160,447,0,0,0,447,A
4-HA,161,454,0,0,0,454,A
4-HA,162,0,452,0,0,452,T
4-HA,163,0,0,450,0,450,G
4-HA,164,0,0,0,479,479,C
4-HA,165,0,474,0,1,475,T
4-HA,166,480,0,0,0,480,A
4-HA,167,0,1,0,476,477,C
4-HA,168,0,475,0,0,475,T
4-HA,169,0,1,479,0,480,G
4-HA,170,477,0,1,0,478,A
4-HA,171,0,0,479,0,479,G
4-HA,172,0,0,0,482,482,C
4-HA,173,0,469,0,0,469,T
4-HA,174,0,0,490,0,490,G
4-HA,175,0,0,498,0,498,G
4-HA,176,0,498,0,0,498,T
4-HA,177,0,497,0,1,498,T
4-HA,178,1,0,0,494,495,C
4-HA,179,491,0,1,0,492,A
4-HA,180,0,1,493,0,494,G
4-HA,181,491,1,0,0,492,A
4-HA,182,0,0,501,0,501,G
4-HA,183,0,495,0,0,495,T
4-HA,184,0,491,0,1,492,T
4-HA,185,1,0,0,498,499,C
4-HA,186,1,0,0,496,497,C
4-HA,187,0,500,0,0,500,T
4-HA,188,0,0,0,500,500,C
4-HA,189,500,0,0,0,500,A
4-HA,190,501,0,0,0,501,A
4-HA,191,0,0,0,509,509,C
4-HA,192,496,0,0,0,496,A
4-HA,193,0,0,504,0,504,G
4-HA,194,0,1,503,0,504,G
4-HA,195,0,491,0,0,491,T
4-HA,196,0,0,507,0,507,G
4-HA,197,508,0,0,0,508,A
4-HA,198,511,0,0,0,511,A
4-HA,199,525,0,0,0,525,A
4-HA,200,0,520,0,0,520,T
4-HA,201,519,0,1,0,520,A
4-HA,202,0,519,0,0,519,T
4-HA,203,0,0,517,0,517,G
4-HA,204,0,0,0,520,520,C
4-HA,205,0,1,521,0,522,G
4-HA,206,511,0,4,0,515,A
4-HA,207,0,0,0,521,521,C
4-HA,208,509,0,0,0,509,A
4-HA,209,2,0,523,0,525,G
4-HA,210,0,519,0,1,520,T
4-HA,211,1,1,0,526,528,C
4-HA,212,0,1,0,529,530,C
4-HA,213,0,523,0,0,523,T
4-HA,214,1,0,0,536,537,C
4-HA,215,533,0,0,0,533,A
4-HA,216,0,536,0,0,536,T
4-HA,217,0,0,0,536,536,C
4-HA,218,512,0,0,0,512,A
4-HA,219,0,0,514,0,514,G
4-HA,220,505,0,0,0,505,A
4-HA,221,0,508,0,0,508,T
4-HA,222,0,0,0,512,512,C
4-HA,223,0,0,0,502,502,C
4-HA,224,0,507,0,0,507,T
4-HA,225,0,509,0,1,510,T
4-HA,226,0,0,511,0,511,G
4-HA,227,507,1,0,0,508,A
4-HA,228,0,510,0,0,510,T
4-HA,229,1,1,521,0,523,G
4-HA,230,0,0,521,0,521,G
4-HA,231,515,0,1,0,516,A
4-HA,232,0,0,515,0,515,G
4-HA,233,513,0,1,1,515,A
4-HA,234,0,0,510,0,510,G
4-HA,235,521,0,0,0,521,A
4-HA,236,520,0,1,0,521,A
4-HA,237,0,0,0,526,526,C
4-HA,238,0,513,0,0,513,T
4-HA,239,1,0,526,0,527,G
4-HA,240,0,0,0,528,528,C
4-HA,241,532,0,0,0,532,A
4-HA,242,0,0,0,546,546,C
4-HA,243,544,0,0,0,544,A
4-HA,244,0,0,0,600,600,C
4-HA,245,0,599,0,1,600,T
4-HA,246,614,0,0,0,614,A
4-HA,247,609,0,0,0,609,A
4-HA,248,0,611,0,0,611,T
4-HA,249,607,0,1,0,608,A
4-HA,250,0,0,603,0,603,G
4-HA,251,595,0,0,0,595,A
4-HA,252,0,590,0,0,590,T
4-HA,253,0,0,581,0,581,G
4-HA,254,0,0,0,577,577,C
4-HA,255,0,575,0,2,577,T
4-HA,256,0,0,0,618,618,C
4-HA,257,0,616,0,0,616,T
4-HA,258,639,0,0,0,639,A
4-HA,259,0,636,0,1,637,T
4-HA,260,0,638,0,0,638,T
4-HA,261,0,0,653,0,653,G
4-HA,262,0,1,652,0,653,G
4-HA,263,1,1,665,0,667,G
4-HA,264,644,0,2,0,646,A
4-HA,265,0,0,651,0,651,G
4-HA,266,641,0,1,0,642,A
4-HA,267,0,0,2,803,805,C
4-HA,268,0,0,0,849,849,C
4-HA,269,0,0,0,879,879,C
4-HA,270,0,883,0,0,883,T
4-HA,271,1,0,0,921,922,C
4-HA,272,921,0,0,0,921,A
4-HA,273,594,0,367,0,961,A
4-HA,274,1,978,0,0,979,T
4-HA,275,0,5,991,0,996,G
4-HA,276,0,991,0,0,991,T
4-HA,277,0,2,989,0,991,G
4-HA,278,975,5,2,0,982,A
4-HA,279,0,984,0,0,984,T
4-HA,280,1,1,975,0,977,G
4-HA,281,0,1,976,0,977,G
4-HA,282,0,0,0,981,981,C
4-HA,283,1,976,0,0,977,T
4-HA,284,0,977,0,0,977,T
4-HA,285,0,0,0,985,985,C
4-HA,286,0,0,0,981,981,C
4-HA,287,989,0,0,0,989,A
4-HA,288,993,0,0,0,993,A
4-HA,289,996,0,0,0,996,A
4-HA,290,998,0,0,0,998,A
4-HA,291,0,1010,0,0,1010,T
4-HA,292,1009,0,0,0,1009,A
4-HA,293,1006,0,2,0,1008,A
4-HA,294,1,2,1018,0,1021,G
4-HA,295,1020,0,1,0,1021,A
4-HA,296,1031,0,0,0,1031,A
4-HA,297,1028,0,1,0,1029,A
4-HA,298,0,1038,0,0,1038,T
4-HA,299,0,0,1029,0,1029,G
4-HA,300,0,0,1030,0,1030,G
4-HA,301,0,0,1031,0,1031,G
4-HA,302,1009,0,0,0,1009,A
4-HA,303,0,1,0,1038,1039,C
4-HA,304,3,0,0,1035,1038,C
4-HA,305,0,1066,1,2,1069,T
4-HA,306,1,1073,0,0,1074,T
4-HA,307,0,1071,0,0,1071,T
4-HA,308,0,1084,0,0,1084,T
4-HA,309,0,1084,0,0,1084,T
4-HA,310,1,2,1089,0,1092,G
4-HA,311,0,1084,0,1,1085,T
4-HA,312,0,1088,0,0,1088,T
4-HA,313,2,1,1075,0,1078,G
4-HA,314,1080,0,0,0,1080,A
4-HA,315,1081,0,0,0,1081,A
4-HA,316,0,1,0,1083,1084,C
4-HA,317,0,2,1075,0,1077,G
4-HA,318,0,0,0,1095,1095,C
4-HA,319,1088,0,1,1,1090,A
4-HA,320,0,0,1099,0,1099,G
4-HA,321,1,0,1,1097,1099,C
4-HA,322,1100,0,0,0,1100,A
4-HA,323,1100,0,0,0,1100,A
4-HA,324,1096,1,2,0,1099,A
4-HA,325,0,0,1155,0,1155,G
4-HA,326,1,0,0,1150,1151,C
4-HA,327,2,0,0,1151,1153,C
4-HA,328,0,1166,0,1,1167,T
4-HA,329,1161,0,1,0,1162,A
4-HA,330,0,0,0,1176,1176,C
4-HA,331,1174,0,1,0,1175,A
4-HA,332,0,3,1172,0,1175,G
4-HA,333,0,0,0,1166,1166,C
4-HA,334,1138,0,0,0,1138,A
4-HA,335,1142,0,0,0,1142,A
4-HA,336,0,0,0,1181,1181,C
4-HA,337,0,1175,0,0,1175,T
4-HA,338,0,0,1181,0,1181,G
4-HA,339,0,1159,0,1,1160,T
4-HA,340,0,1167,0,1,1168,T
4-HA,341,1164,0,0,0,1164,A
4-HA,342,1,0,0,1267,1268,C
4-HA,343,0,0,0,1274,1274,C
4-HA,344,1,0,0,1306,1307,C
4-HA,345,1,1260,0,1,1262,T
4-HA,346,0,1267,0,2,1269,T
4-HA,347,1270,0,0,0,1270,A
4-HA,348,0,1276,0,0,1276,T
4-HA,349,0,0,1275,0,1275,G
4-HA,350,1266,0,0,0,1266,A
4-HA,351,0,1186,0,0,1186,T
4-HA,352,0,0,1198,0,1198,G
4-HA,353,0,1177,0,0,1177,T
4-HA,354,0,0,1172,0,1172,G
4-HA,355,0,0,0,1177,1177,C
4-HA,356,1,0,0,1170,1171,C
4-HA,357,0,0,1214,0,1214,G
4-HA,358,0,2,1240,0,1242,G
4-HA,359,1243,0,0,0,1243,A
4-HA,360,0,1244,0,0,1244,T
4-HA,361,0,1242,0,2,1244,T
4-HA,362,1245,0,0,0,1245,A
4-HA,363,0,1244,0,0,1244,T
4-HA,364,1,1,1233,0,1235,G
4-HA,365,0,0,0,1225,1225,C
4-HA,366,1,0,0,1230,1231,C
4-HA,367,0,1233,0,2,1235,T
4-HA,368,0,1,1,1316,1318,C
4-HA,369,1,0,0,1332,1333,C
4-HA,370,0,0,0,1336,1336,C
4-HA,371,0,1327,1,1,1329,T
4-HA,372,0,1330,0,0,1330,T
4-HA,373,1329,0,0,0,1329,A
4-HA,374,0,0,1341,0,1341,G
4-HA,375,0,0,1344,0,1344,G
4-HA,376,0,1324,0,1,1325,T
4-HA,377,1,0,0,1311,1312,C
4-HA,378,1289,0,1,0,1290,A
4-HA,379,1,0,0,1348,1349,C
4-HA,380,0,1345,0,2,1347,T
4-HA,381,1349,0,0,0,1349,A
4-HA,382,0,0,1350,0,1350,G
4-HA,383,0,1335,0,0,1335,T
4-HA,384,0,1334,0,0,1334,T
4-HA,385,0,2,1345,0,1347,G
4-HA,386,0,1,0,1344,1345,C
4-HA,387,2,0,0,1350,1352,C
4-HA,388,0,1341,0,1,1342,T
4-HA,389,0,0,0,1344,1344,C
4-HA,390,1385,0,0,0,1385,A
4-HA,391,0,1381,0,1,1382,T
4-HA,392,1,1,0,1398,1400,C
4-HA,393,0,2,0,1398,1400,C
4-HA,394,0,1,1383,0,1384,G
4-HA,395,0,0,1385,0,1385,G
4-HA,396,0,0,0,1402,1402,C
4-HA,397,1409,0,1,0,1410,A
4-HA,398,1,0,0,1456,1457,C
4-HA,399,1431,0,1,0,1432,A
4-HA,400,0,0,0,1445,1445,C
4-HA,401,0,1444,0,1,1445,T
4-HA,402,0,1,1450,1,1452,G
4-HA,403,0,1,1451,0,1452,G
4-HA,404,1451,0,1,0,1452,A
4-HA,405,0,0,1467,0,1467,G
4-HA,406,0,1458,0,0,1458,T
4-HA,407,0,1454,0,0,1454,T
4-HA,408,0,1450,0,10,1460,T
4-HA,409,1452,0,0,0,1452,A
4-HA,410,1450,0,0,0,1450,A
4-HA,411,1,0,0,1460,1461,C
4-HA,412,1444,0,1,0,1445,A
4-HA,413,1435,0,0,0,1435,A
4-HA,414,1413,0,0,2,1415,A
4-HA,415,0,1,1422,0,1423,G
4-HA,416,1424,0,2,0,1426,A
4-HA,417,1433,0,0,0,1433,A
4-HA,418,1423,0,0,0,1423,A
4-HA,419,0,0,1441,0,1441,G
4-HA,420,0,1,0,1449,1450,C
4-HA,421,0,1445,0,1,1446,T
4-HA,422,0,1445,0,0,1445,T
4-HA,423,3,0,0,1466,1469,C
4-HA,424,1473,0,1,0,1474,A
4-HA,425,1471,0,0,0,1471,A
4-HA,426,0,1472,0,0,1472,T
4-HA,427,0,1469,0,0,1469,T
4-HA,428,0,1,1501,0,1502,G
4-HA,429,0,2,1508,0,1510,G
4-HA,430,1510,1,4,0,1515,A
4-HA,431,1,0,0,1519,1520,C
4-HA,432,0,1511,0,0,1511,T
4-HA,433,2,0,1519,0,1521,G
4-HA,434,0,0,1531,0,1531,G
4-HA,435,1526,0,2,0,1528,A
4-HA,436,0,0,1537,0,1537,G
4-HA,437,0,1510,0,2,1512,T
4-HA,438,0,0,1,1508,1509,C
4-HA,439,1511,0,3,0,1514,A
4-HA,440,0,1,0,1521,1522,C
4-HA,441,0,1521,0,1,1522,T
4-HA,442,2,1,0,1523,1526,C
4-HA,443,1513,0,0,0,1513,A
4-HA,444,1516,0,0,0,1516,A
4-HA,445,1508,0,2,0,1510,A
4-HA,446,1513,0,2,0,1515,A
4-HA,447,1,1,0,1522,1524,C
4-HA,448,1,2,1495,1,1499,G
4-HA,449,0,2,1503,1,1506,G
4-HA,450,1508,0,2,0,1510,A
4-HA,451,1513,0,1,0,1514,A
4-HA,452,0,0,0,1521,1521,C
4-HA,453,1513,0,0,0,1513,A
4-HA,454,1532,0,3,0,1535,A
4-HA,455,0,1,1537,0,1538,G
4-HA,456,0,0,0,1538,1538,C
4-HA,457,0,1531,0,1,1532,T
4-HA,458,1,0,0,1544,1545,C
4-HA,459,0,1537,0,0,1537,T
4-HA,460,1,1,1545,0,1547,G
4-HA,461,0,0,0,1547,1547,C
4-HA,462,0,1548,0,0,1548,T
4-HA,463,0,1580,1,2,1583,T
4-HA,464,0,0,1597,0,1597,G
4-HA,465,4,0,0,1607,1611,C
4-HA,466,1606,0,1,0,1607,A
4-HA,467,0,1590,0,0,1590,T
4-HA,468,1586,0,1,0,1587,A
4-HA,469,1575,1,2,0,1578,A
4-HA,470,0,0,1583,0,1583,G
4-HA,471,0,1,1577,0,1578,G
4-HA,472,1523,0,1,0,1524,A
4-HA,473,1,0,1501,0,1502,G
4-HA,474,1484,0,4,0,1488,A
4-HA,475,1,1536,0,0,1537,T
4-HA,476,0,0,0,1542,1542,C
4-HA,477,0,1556,0,0,1556,T
4-HA,478,1562,0,0,0,1562,A
4-HA,479,1552,0,0,0,1552,A
4-HA,480,0,1555,0,0,1555,T
4-HA,481,1550,0,2,0,1552,A
4-HA,482,1539,0,0,0,1539,A
4-HA,483,0,0,0,1543,1543,C
4-HA,484,1483,0,0,0,1483,A
4-HA,485,0,0,1509,0,1509,G
4-HA,486,0,1493,0,1,1494,T
4-HA,487,0,1542,0,0,1542,T
4-HA,488,0,1548,0,0,1548,T
4-HA,489,3,1,0,1580,1584,C
4-HA,490,0,1583,0,0,1583,T
4-HA,491,0,1579,0,0,1579,T
4-HA,492,0,1583,0,0,1583,T
4-HA,493,1581,0,1,0,1582,A
4-HA,494,0,1,1579,0,1580,G
4-HA,495,0,1572,0,0,1572,T
4-HA,496,1559,0,0,0,1559,A
4-HA,497,0,1,1562,0,1563,G
4-HA,498,1534,1,0,0,1535,A
4-HA,499,0,1537,1,0,1538,T
4-HA,500,1,1524,1,1,1527,T
4-HA,501,1,4,1558,0,1563,G
4-HA,502,1556,1,1,0,1558,A
4-HA,503,1561,0,0,0,1561,A
4-HA,504,0,1561,0,1,1562,T
4-HA,505,0,1558,0,1,1559,T
4-HA,506,0,0,1586,0,1586,G
4-HA,507,0,0,1580,0,1580,G
4-HA,508,0,1575,0,1,1576,T
4-HA,509,0,1568,0,1,1569,T
4-HA,510,0,5,1563,0,1568,G
4-HA,511,1570,0,0,0,1570,A
4-HA,512,0,0,0,1572,1572,C
4-HA,513,0,1,0,1553,1554,C
4-HA,514,1,3,0,1562,1566,C
4-HA,515,1548,0,1,0,1549,A
4-HA,516,0,1,0,1547,1548,C
4-HA,517,0,1536,0,1,1537,T
4-HA,518,0,0,0,1539,1539,C
4-HA,519,1561,0,0,0,1561,A
4-HA,520,1563,0,1,0,1564,A
4-HA,521,1565,0,0,0,1565,A
4-HA,522,1582,0,0,0,1582,A
4-HA,523,0,1618,0,0,1618,T
4-HA,524,0,1605,0,0,1605,T
4-HA,525,3,0,0,1623,1626,C
4-HA,526,1617,0,0,0,1617,A
4-HA,527,1619,0,0,0,1619,A
4-HA,528,1626,0,0,1,1627,A
4-HA,529,0,1617,0,0,1617,T
4-HA,530,1634,0,0,0,1634,A
4-HA,531,1,0,0,1652,1653,C
4-HA,532,0,0,1,1611,1612,C
4-HA,533,1,0,0,1625,1626,C
4-HA,534,1630,0,1,1,1632,A
4-HA,535,0,0,1685,0,1685,G
4-HA,536,0,0,0,1683,1683,C
4-HA,537,1690,0,0,0,1690,A
4-HA,538,0,1683,0,0,1683,T
4-HA,539,0,1638,0,1,1639,T
4-HA,540,0,1,1681,0,1682,G
4-HA,541,1682,0,1,0,1683,A
4-HA,542,1680,0,1,0,1681,A
4-HA,543,0,1,0,1688,1689,C
4-HA,544,1,2,1651,1,1655,G
4-HA,545,1,1653,0,1,1655,T
4-HA,546,0,2,1668,0,1670,G
4-HA,547,1669,0,2,0,1671,A
4-HA,548,0,1,0,1669,1670,C
4-HA,549,0,1610,0,0,1610,T
4-HA,550,1649,0,0,0,1649,A
4-HA,551,0,1642,0,3,1645,T
4-HA,552,0,1,1669,0,1670,G
4-HA,553,0,1,0,1657,1658,C
4-HA,554,3,0,0,1638,1641,C
4-HA,555,1638,0,0,0,1638,A
4-HA,556,1631,1,0,0,1632,A
4-HA,557,1652,0,3,0,1655,A
4-HA,558,1,1,0,1667,1669,C
4-HA,559,1643,0,0,0,1643,A
4-HA,560,1645,0,0,0,1645,A
4-HA,561,0,1625,0,0,1625,T
4-HA,562,0,4,1626,0,1630,G
4-HA,563,1632,0,2,0,1634,A
4-HA,564,1631,0,3,0,1634,A
4-HA,565,2,0,0,1597,1599,C
4-HA,566,1615,0,0,0,1615,A
4-HA,567,1618,0,0,0,1618,A
4-HA,568,0,1621,0,0,1621,T
4-HA,569,0,1620,0,0,1620,T
4-HA,570,0,1620,1,1,1622,T
4-HA,571,1,3,1621,0,1625,G
4-HA,572,1618,0,2,0,1620,A
4-HA,573,1,0,0,1624,1625,C
4-HA,574,1624,0,0,0,1624,A
4-HA,575,1625,0,1,0,1626,A
4-HA,576,1647,0,0,1,1648,A
4-HA,577,2,1651,0,0,1653,T
4-HA,578,0,1645,0,0,1645,T
4-HA,579,2,0,1660,0,1662,G
4-HA,580,0,1651,0,3,1654,T
4-HA,581,1658,3,0,0,1661,A
4-HA,582,0,0,0,1703,1703,C
4-HA,583,1723,0,2,0,1725,A
4-HA,584,0,1754,0,0,1754,T
4-HA,585,0,1726,0,2,1728,T
4-HA,586,0,1724,0,0,1724,T
4-HA,587,1,0,1712,0,1713,G
4-HA,588,0,0,1716,0,1716,G
4-HA,589,0,0,1704,0,1704,G
4-HA,590,0,0,1717,0,1717,G
4-HA,591,0,0,1693,0,1693,G
4-HA,592,2,2,1716,0,1720,G
4-HA,593,0,1683,0,3,1686,T
4-HA,594,0,1704,0,3,1707,T
4-HA,595,1,1,0,1698,1700,C
4-HA,596,1702,0,3,0,1705,A
4-HA,597,1,0,0,1699,1700,C
4-HA,598,2,0,0,1700,1702,C
4-HA,599,1700,0,2,0,1702,A
4-HA,600,1,0,0,1722,1723,C
4-HA,601,0,0,0,1702,1702,C
4-HA,602,0,0,0,1693,1693,C
4-HA,603,1,1,1698,0,1700,G
4-HA,604,1,2,1754,0,1757,G
4-HA,605,1,2,1766,0,1769,G
4-HA,606,0,1742,0,1,1743,T
4-HA,607,1769,0,0,0,1769,A
4-HA,608,0,0,0,1751,1751,C
4-HA,609,0,1,1729,0,1730,G
4-HA,610,2,1,1746,0,1749,G
4-HA,611,1755,1,0,0,1756,A
4-HA,612,1,1,0,1765,1767,C
4-HA,613,1693,1,0,0,1694,A
4-HA,614,1679,0,1,1,1681,A
4-HA,615,0,1679,0,0,1679,T
4-HA,616,1,2,1692,0,1695,G
4-HA,617,1694,0,1,1,1696,A
4-HA,618,0,0,0,1701,1701,C
4-HA,619,3,1,0,1686,1690,C
4-HA,620,1687,0,0,0,1687,A
4-HA,621,1679,0,0,0,1679,A
4-HA,622,1700,0,1,1,1702,A
4-HA,623,0,1699,1,0,1700,T
4-HA,624,3,0,0,1724,1727,C
4-HA,625,0,1639,0,2,1641,T
4-HA,626,0,1619,0,0,1619,T
4-HA,627,3,0,0,1658,1661,C
4-HA,628,1,2,0,1682,1685,C
4-HA,629,0,1679,0,1,1680,T
4-HA,630,0,1,1690,0,1691,G
4-HA,631,0,1651,0,0,1651,T
4-HA,632,1677,0,0,1,1678,A
4-HA,633,0,1665,1,3,1669,T
4-HA,634,0,1,1677,0,1678,G
4-HA,635,0,1,0,1673,1674,C
4-HA,636,0,1670,0,0,1670,T
4-HA,637,3,6,0,1683,1692,C
4-HA,638,1691,0,6,1,1698,A
4-HA,639,1683,0,1,1,1685,A
4-HA,640,0,1,1688,0,1689,G
4-HA,641,0,1,0,1702,1703,C
4-HA,642,1697,0,0,0,1697,A
4-HA,643,0,1672,0,0,1672,T
4-HA,644,2,0,0,1680,1682,C
4-HA,645,1677,1,1,1,1680,A
4-HA,646,0,0,1681,0,1681,G
4-HA,647,1,1,1679,0,1681,G
4-HA,648,1678,0,0,1,1679,A
4-HA,649,1660,0,4,1,1665,A
4-HA,650,0,2,1779,0,1781,G
4-HA,651,1776,0,0,0,1776,A
4-HA,652,1798,0,0,0,1798,A
4-HA,653,0,1806,0,2,1808,T
4-HA,654,5,1,0,1810,1816,C
4-HA,655,1793,1,2,0,1796,A
4-HA,656,0,0,0,1797,1797,C
4-HA,657,1799,0,1,2,1802,A
4-HA,658,0,0,1822,0,1822,G
4-HA,659,1,1774,1,0,1776,T
4-HA,660,2,0,0,1801,1803,C
4-HA,661,0,1781,0,1,1782,T
4-HA,662,1,0,0,1822,1823,C
4-HA,663,0,1818,0,2,1820,T
4-HA,664,1836,0,0,1,1837,A
4-HA,665,0,2,0,1835,1837,C
4-HA,666,2,0,0,1840,1842,C
4-HA,667,1810,0,0,0,1810,A
4-HA,668,1809,0,0,0,1809,A
4-HA,669,1801,0,0,0,1801,A
4-HA,670,1805,0,2,0,1807,A
4-HA,671,0,1,1814,0,1815,G
4-HA,672,1776,0,0,0,1776,A
4-HA,673,1775,0,1,0,1776,A
4-HA,674,2,0,1781,0,1783,G
4-HA,675,1,0,0,1781,1782,C
4-HA,676,0,0,1,1793,1794,C
4-HA,677,1811,0,1,2,1814,A
4-HA,678,1798,13,2,0,1813,A
4-HA,679,1,0,0,1820,1821,C
4-HA,680,1820,0,0,0,1820,A
4-HA,681,1803,0,0,14,1817,A
4-HA,682,1818,0,1,0,1819,A
4-HA,683,0,0,0,1871,1871,C
4-HA,684,0,1846,0,0,1846,T
4-HA,685,0,1,1862,0,1863,G
4-HA,686,1,1854,0,1,1856,T
4-HA,687,1860,0,1,0,1861,A
4-HA,688,1856,0,0,0,1856,A
4-HA,689,0,1838,0,0,1838,T
4-HA,690,2,0,0,1851,1853,C
4-HA,691,2,0,0,1854,1856,C
4-HA,692,0,0,0,1825,1825,C
4-HA,693,1,0,1831,0,1832,G
4-HA,694,1824,0,0,0,1824,A
4-HA,695,1836,0,0,0,1836,A
4-HA,696,0,1829,0,0,1829,T
4-HA,697,1835,0,0,0,1835,A
4-HA,698,0,1805,0,0,1805,T
4-HA,699,1,0,0,1813,1814,C
4-HA,700,3,1,1813,0,1817,G
4-HA,701,0,0,1848,0,1848,G
4-HA,702,1845,0,1,0,1846,A
4-HA,703,1,1865,1,2,1869,T
4-HA,704,1,1,0,1874,1876,C
4-HA,705,0,1877,0,0,1877,T
4-HA,706,1872,0,2,0,1874,A
4-HA,707,0,1,1876,0,1877,G
4-HA,708,1876,0,1,0,1877,A
4-HA,709,1,0,0,1861,1862,C
4-HA,710,2,2,0,1797,1801,C
4-HA,711,0,0,0,1823,1823,C
4-HA,712,1814,0,1,0,1815,A
4-HA,713,0,2,1912,0,1914,G
4-HA,714,1894,0,0,0,1894,A
4-HA,715,0,0,1922,0,1922,G
4-HA,716,0,1897,0,0,1897,T
4-HA,717,1881,0,2,0,1883,A
4-HA,718,1888,0,3,0,1891,A
4-HA,719,2,1,1912,0,1915,G
4-HA,720,0,0,1924,0,1924,G
4-HA,721,1897,0,0,0,1897,A
4-HA,722,1776,0,1,0,1777,A
4-HA,723,0,1754,0,0,1754,T
4-HA,724,1747,0,0,1,1748,A
4-HA,725,0,1737,0,0,1737,T
4-HA,726,0,0,0,1750,1750,C
4-HA,727,1,1,0,1752,1754,C
4-HA,728,1,0,0,1712,1713,C
4-HA,729,0,1701,0,1,1702,T
4-HA,730,1716,0,0,0,1716,A
4-HA,731,0,1,1707,0,1708,G
4-HA,732,0,0,0,1718,1718,C
4-HA,733,1663,0,0,0,1663,A
4-HA,734,0,0,1703,0,1703,G
4-HA,735,1676,0,0,0,1676,A
4-HA,736,1695,0,0,0,1695,A
4-HA,737,0,1690,0,0,1690,T
4-HA,738,1688,0,2,0,1690,A
4-HA,739,1688,0,2,0,1690,A
4-HA,740,0,0,1684,0,1684,G
4-HA,741,2,0,0,1683,1685,C
4-HA,742,1692,0,0,0,1692,A
4-HA,743,0,1638,0,2,1640,T
4-HA,744,2,0,0,1699,1701,C
4-HA,745,0,1702,0,1,1703,T
4-HA,746,1726,2,0,0,1728,A
4-HA,747,0,1725,0,0,1725,T
4-HA,748,0,1717,0,0,1717,T
4-HA,749,0,1,1730,0,1731,G
4-HA,750,0,1,1729,0,1730,G
4-HA,751,1728,0,3,0,1731,A
4-HA,752,0,0,0,1730,1730,C
4-HA,753,1643,0,1,0,1644,A
4-HA,754,1684,0,1,0,1685,A
4-HA,755,1,1766,0,0,1767,T
4-HA,756,1776,0,1,0,1777,A
4-HA,757,1,1,1787,0,1789,G
4-HA,758,1,1760,0,0,1761,T
4-HA,759,1775,0,2,0,1777,A
4-HA,760,1796,0,0,0,1796,A
4-HA,761,1805,0,1,0,1806,A
4-HA,762,1804,0,0,0,1804,A
4-HA,763,3,0,0,1831,1834,C
4-HA,764,1,2,0,1755,1758,C
4-HA,765,1,0,1755,0,1756,G
4-HA,766,0,0,1765,0,1765,G
4-HA,767,0,2,1784,0,1786,G
4-HA,768,1779,0,2,0,1781,A
4-HA,769,0,0,1806,1,1807,G
4-HA,770,1822,0,1,0,1823,A
4-HA,771,0,0,0,1827,1827,C
4-HA,772,1840,0,1,1,1842,A
4-HA,773,0,1850,0,0,1850,T
4-HA,774,1852,0,0,0,1852,A
4-HA,775,1,0,0,1901,1902,C
4-HA,776,0,1889,0,1,1890,T
4-HA,777,0,1897,0,2,1899,T
4-HA,778,0,1912,0,0,1912,T
4-HA,779,0,1904,0,2,1906,T
4-HA,780,0,1,1932,0,1933,G
4-HA,781,1935,0,0,4,1939,A
4-HA,782,1,1933,0,2,1936,T
4-HA,783,0,1970,0,1,1971,T
4-HA,784,1966,1,0,0,1967,A
4-HA,785,1974,0,0,0,1974,A
4-HA,786,1,0,0,2005,2006,C
4-HA,787,1988,0,2,0,1990,A
4-HA,788,1,0,2062,0,2063,G
4-HA,789,0,0,0,2060,2060,C
4-HA,790,2055,1,1,1,2058,A
4-HA,791,1,0,0,2078,2079,C
4-HA,792,2066,0,2,0,2068,A
4-HA,793,0,0,2088,0,2088,G
4-HA,794,0,2,2079,0,2081,G
4-HA,795,0,4,2127,0,2131,G
4-HA,796,2120,0,3,0,2123,A
4-HA,797,2134,0,2,1,2137,A
4-HA,798,0,2149,1,0,2150,T
4-HA,799,0,1,0,2145,2146,C
4-HA,800,0,2165,0,1,2166,T
4-HA,801,2170,0,0,0,2170,A
4-HA,802,2152,0,4,0,2156,A
4-HA,803,0,2160,0,0,2160,T
4-HA,804,0,2106,0,1,2107,T
4-HA,805,0,1,2126,0,2127,G
4-HA,806,1,0,0,2183,2184,C
4-HA,807,0,2236,0,5,2241,T
4-HA,808,1,0,0,2306,2307,C
4-HA,809,0,0,0,2318,2318,C
4-HA,810,0,2324,0,0,2324,T
4-HA,811,2314,1,1,0,2316,A
4-HA,812,1,0,2322,0,2323,G
4-HA,813,1,2,2334,0,2337,G
4-HA,814,0,1,2335,0,2336,G
4-HA,815,0,0,2318,0,2318,G
4-HA,816,0,2248,0,0,2248,T
4-HA,817,0,2249,0,0,2249,T
4-HA,818,2248,0,1,0,2249,A
4-HA,819,0,0,0,2291,2291,C
4-HA,820,0,2279,0,4,2283,T
4-HA,821,0,2306,0,2,2308,T
4-HA,822,2,0,0,2312,2314,C
4-HA,823,2295,0,3,0,2298,A
4-HA,824,2293,0,0,0,2293,A
4-HA,825,2302,1,0,0,2303,A
4-HA,826,2351,0,0,0,2351,A
4-HA,827,0,2341,0,1,2342,T
4-HA,828,2318,0,2,0,2320,A
4-HA,829,1,0,0,2319,2320,C
4-HA,830,2299,0,1,0,2300,A
4-HA,831,2320,0,0,0,2320,A
4-HA,832,2313,0,2,0,2315,A
4-HA,833,0,0,2345,0,2345,G
4-HA,834,0,2333,0,0,2333,T
4-HA,835,0,1,2337,0,2338,G
4-HA,836,1,2,2330,0,2333,G
4-HA,837,0,3,2334,1,2338,G
4-HA,838,2341,0,2,0,2343,A
4-HA,839,2345,0,1,1,2347,A
4-HA,840,2347,0,1,0,2348,A
4-HA,841,2332,0,3,0,2335,A
4-HA,842,0,1,2377,1,2379,G
4-HA,843,0,1,0,2370,2371,C
4-HA,844,0,2345,0,1,2346,T
4-HA,845,1,0,0,2410,2411,C
4-HA,846,2399,0,0,0,2399,A
4-HA,847,2417,0,0,0,2417,A
4-HA,848,0,2419,0,1,2420,T
4-HA,849,2439,0,0,0,2439,A
4-HA,850,2436,1,1,0,2438,A
4-HA,851,0,2380,1,0,2381,T
4-HA,852,0,1,2390,0,2391,G
4-HA,853,2385,0,0,0,2385,A
4-HA,854,0,2,2450,0,2452,G
4-HA,855,2444,0,0,0,2444,A
4-HA,856,0,2413,0,1,2414,T
4-HA,857,4,1,1,2475,2481,C
4-HA,858,2465,0,0,0,2465,A
4-HA,859,0,1,2514,0,2515,G
4-HA,860,2502,1,0,1,2504,A
4-HA,861,2,2499,0,1,2502,T
4-HA,862,2,2,2489,0,2493,G
4-HA,863,0,2,0,2452,2454,C
4-HA,864,2447,1,0,0,2448,A
4-HA,865,1,1,0,2515,2517,C
4-HA,866,2,1,0,2489,2492,C
4-HA,867,3,0,0,2503,2506,C
4-HA,868,2458,1,1,0,2460,A
4-HA,869,0,2445,0,1,2446,T
4-HA,870,0,2449,0,2,2451,T
4-HA,871,0,3,2469,0,2472,G
4-HA,872,2,1,2459,0,2462,G
4-HA,873,1,1,0,2463,2465,C
4-HA,874,2432,0,1,0,2433,A
4-HA,875,2432,0,3,1,2436,A
4-HA,876,2445,0,3,0,2448,A
4-HA,877,0,2452,0,3,2455,T
4-HA,878,0,0,2456,0,2456,G
4-HA,879,0,1,0,2459,2460,C
4-HA,880,2437,0,0,1,2438,A
4-HA,881,2497,0,0,1,2498,A
4-HA,882,0,2485,0,2,2487,T
4-HA,883,0,2485,0,0,2485,T
4-HA,884,2,0,0,2507,2509,C
4-HA,885,0,2466,0,1,2467,T
4-HA,886,0,1,2503,0,2504,G
4-HA,887,2502,1,0,0,2503,A
4-HA,888,2509,0,1,0,2510,A
4-HA,889,1,2515,0,0,2516,T
4-HA,890,2,1,2477,0,2480,G
4-HA,891,1,0,0,2487,2488,C
4-HA,892,2483,0,1,0,2484,A
4-HA,893,2,2469,0,1,2472,T
4-HA,894,1,1,0,2470,2472,C
4-HA,895,2462,0,1,1,2464,A
4-HA,896,0,2,0,2554,2556,C
4-HA,897,0,2528,0,2,2530,T
4-HA,898,4,0,0,2554,2558,C
4-HA,899,0,1,0,2537,2538,C
4-HA,900,2562,0,0,0,2562,A
4-HA,901,2548,0,0,0,2548,A
4-HA,902,2557,0,1,0,2558,A
4-HA,903,0,2468,0,2,2470,T
4-HA,904,0,1,2482,0,2483,G
4-HA,905,0,1,2496,0,2497,G
4-HA,906,2491,0,2,1,2494,A
4-HA,907,2461,0,6,1,2468,A
4-HA,908,0,2,2482,0,2484,G
4-HA,909,1,0,0,2464,2465,C
4-HA,910,2426,3,0,0,2429,A
4-HA,911,0,2422,0,1,2423,T
4-HA,912,0,2413,0,1,2414,T
4-HA,913,2,0,0,2492,2494,C
4-HA,914,3,0,0,2487,2490,C
4-HA,915,1,0,0,2500,2501,C
4-HA,916,2496,0,0,0,2496,A
4-HA,917,2523,0,0,2,2525,A
4-HA,918,0,2564,0,3,2567,T
4-HA,919,0,5,2556,0,2561,G
4-HA,920,2539,0,1,0,2540,A
4-HA,921,0,0,0,2552,2552,C
4-HA,922,2499,0,0,0,2499,A
4-HA,923,2492,0,0,0,2492,A
4-HA,924,2479,0,2,0,2481,A
4-HA,925,1,0,0,2498,2499,C
4-HA,926,3,1,2,2454,2460,C
4-HA,927,2399,0,1,0,2400,A
4-HA,928,0,2417,0,2,2419,T
4-HA,929,0,2392,0,2,2394,T
4-HA,930,3,0,0,2411,2414,C
4-HA,931,1,0,0,2417,2418,C
4-HA,932,2422,0,0,0,2422,A
4-HA,933,2421,0,1,0,2422,A
4-HA,934,2399,0,0,0,2399,A
4-HA,935,2430,0,0,0,2430,A
4-HA,936,0,2414,1,1,2416,T
4-HA,937,1,0,2410,0,2411,G
4-HA,938,0,2397,0,2,2399,T
4-HA,939,1,2399,0,0,2400,T
4-HA,940,2434,0,4,0,2438,A
4-HA,941,2439,1,3,0,2443,A
4-HA,942,3,0,0,2438,2441,C
4-HA,943,2425,0,0,0,2425,A
4-HA,944,1,1,2425,0,2427,G
4-HA,945,1,0,2423,1,2425,G
4-HA,946,2486,1,1,0,2488,A
4-HA,947,0,2465,0,2,2467,T
4-HA,948,6,2,0,2516,2524,C
4-HA,949,2531,0,2,0,2533,A
4-HA,950,2,0,0,2611,2613,C
4-HA,951,2613,2,1,0,2616,A
4-HA,952,0,2690,0,0,2690,T
4-HA,953,2647,0,1,0,2648,A
4-HA,954,0,1,0,2629,2630,C
4-HA,955,2,0,2542,0,2544,G
4-HA,956,1,3,2527,0,2531,G
4-HA,957,0,1,2503,0,2504,G
4-HA,958,1,0,2497,0,2498,G
4-HA,959,1,0,0,2457,2458,C
4-HA,960,2,2,0,2467,2471,C
4-HA,961,0,2429,0,1,2430,T
4-HA,962,1,0,2629,0,2630,G
4-HA,963,0,2622,0,2,2624,T
4-HA,964,2,0,0,2640,2642,C
4-HA,965,0,2,0,2631,2633,C
4-HA,966,5,1,1,2642,2649,C
4-HA,967,2635,0,3,0,2638,A
4-HA,968,1,2,2653,0,2656,G
4-HA,969,2644,0,0,0,2644,A
4-HA,970,0,2639,0,1,2640,T
4-HA,971,2451,1,0,0,2452,A
4-HA,972,0,2404,0,1,2405,T
4-HA,973,1,0,2427,0,2428,G
4-HA,974,0,2412,0,0,2412,T
4-HA,975,0,2365,0,0,2365,T
4-HA,976,2401,2,0,0,2403,A
4-HA,977,2363,0,1,0,2364,A
4-HA,978,1,6,2393,0,2400,G
4-HA,979,2,0,0,2382,2384,C
4-HA,980,2357,0,0,0,2357,A
4-HA,981,2351,0,0,0,2351,A
4-HA,982,2333,0,0,1,2334,A
4-HA,983,2329,0,3,1,2333,A
4-HA,984,0,0,0,2342,2342,C
4-HA,985,2331,0,0,1,2332,A
4-HA,986,0,0,0,2359,2359,C
4-HA,987,1,2303,0,3,2307,T
4-HA,988,3,0,0,2322,2325,C
4-HA,989,0,2326,0,1,2327,T
4-HA,990,1,3,2339,0,2343,G
4-HA,991,2340,0,1,0,2341,A
4-HA,992,2339,0,0,0,2339,A
4-HA,993,2339,0,0,0,2339,A
4-HA,994,0,2327,0,0,2327,T
4-HA,995,0,2312,0,1,2313,T
4-HA,996,0,0,2320,0,2320,G
4-HA,997,3,1,2300,0,2304,G
4-HA,998,1,0,0,2320,2321,C
4-HA,999,2308,0,1,0,2309,A
4-HA,1000,2314,0,0,0,2314,A
4-HA,1001,0,0,0,2302,2302,C
4-HA,1002,2303,0,0,0,2303,A
4-HA,1003,1,0,2351,0,2352,G
4-HA,1004,0,1,2332,1,2334,G
4-HA,1005,0,1,2327,0,2328,G
4-HA,1006,2321,0,2,0,2323,A
4-HA,1007,0,2306,0,0,2306,T
4-HA,1008,0,1,2334,0,2335,G
4-HA,1009,0,2,0,2328,2330,C
4-HA,1010,1,1,2356,0,2358,G
4-HA,1011,2372,0,0,0,2372,A
4-HA,1012,2331,0,0,0,2331,A
4-HA,1013,2353,0,1,0,2354,A
4-HA,1014,0,2328,0,1,2329,T
4-HA,1015,3,0,2364,0,2367,G
4-HA,1016,0,2346,0,3,2349,T
4-HA,1017,2348,0,1,0,2349,A
4-HA,1018,0,2,0,2338,2340,C
4-HA,1019,2,3,1,2318,2324,C
4-HA,1020,2303,0,1,0,2304,A
4-HA,1021,0,1,2305,0,2306,G
4-HA,1022,2283,0,0,1,2284,A
4-HA,1023,2,2,2300,0,2304,G
4-HA,1024,2291,0,0,0,2291,A
4-HA,1025,2279,0,3,0,2282,A
4-HA,1026,2283,0,2,0,2285,A
4-HA,1027,1,1,0,2280,2282,C
4-HA,1028,2278,0,0,0,2278,A
4-HA,1029,2319,0,2,1,2322,A
4-HA,1030,2319,0,0,2,2321,A
4-HA,1031,5,0,0,2338,2343,C
4-HA,1032,0,2304,0,0,2304,T
4-HA,1033,2284,0,3,0,2287,A
4-HA,1034,0,2,2294,0,2296,G
4-HA,1035,2268,0,2,0,2270,A
4-HA,1036,0,2,2317,0,2319,G
4-HA,1037,2,0,2302,0,2304,G
4-HA,1038,3,0,0,2266,2269,C
4-HA,1039,2273,0,1,0,2274,A
4-HA,1040,1,2299,0,1,2301,T
4-HA,1041,2305,0,2,0,2307,A
4-HA,1042,0,2301,1,0,2302,T
4-HA,1043,0,2287,0,0,2287,T
4-HA,1044,0,2277,1,0,2278,T
4-HA,1045,1,5,2225,0,2231,G
4-HA,1046,1,2,2239,0,2242,G
4-HA,1047,0,2,0,2218,2220,C
4-HA,1048,0,1,2229,0,2230,G
4-HA,1049,0,0,0,2218,2218,C
4-HA,1050,2216,0,0,0,2216,A
4-HA,1051,2217,0,1,0,2218,A
4-HA,1052,0,2190,0,0,2190,T
4-HA,1053,1,0,0,2220,2221,C
4-HA,1054,0,1,2235,1,2237,G
4-HA,1055,0,2,0,2218,2220,C
4-HA,1056,0,0,2227,0,2227,G
4-HA,1057,1,2,2228,0,2231,G
4-HA,1058,1,2,2250,0,2253,G
4-HA,1059,0,2221,0,2,2223,T
4-HA,1060,0,2209,0,1,2210,T
4-HA,1061,0,2206,0,0,2206,T
4-HA,1062,1,0,0,2224,2225,C
4-HA,1063,2218,0,0,0,2218,A
4-HA,1064,1,2225,0,1,2227,T
4-HA,1065,2214,0,1,0,2215,A
4-HA,1066,0,2,2232,0,2234,G
4-HA,1067,2174,1,0,0,2175,A
4-HA,1068,2188,0,1,0,2189,A
4-HA,1069,2194,0,0,0,2194,A
4-HA,1070,2192,0,1,0,2193,A
4-HA,1071,0,2169,0,0,2169,T
4-HA,1072,1,0,2188,0,2189,G
4-HA,1073,0,1,2190,1,2192,G
4-HA,1074,0,2165,0,1,2166,T
4-HA,1075,0,2139,1,0,2140,T
4-HA,1076,1,1,2139,0,2141,G
4-HA,1077,0,1,2140,0,2141,G
4-HA,1078,1,2,2154,0,2157,G
4-HA,1079,2126,0,4,0,2130,A
4-HA,1080,1,1,2144,0,2146,G
4-HA,1081,0,2,2099,0,2101,G
4-HA,1082,0,0,2118,0,2118,G
4-HA,1083,2097,0,3,0,2100,A
4-HA,1084,2128,0,0,0,2128,A
4-HA,1085,0,2135,1,1,2137,T
4-HA,1086,1,3,2117,0,2121,G
4-HA,1087,2,0,2158,0,2160,G
4-HA,1088,0,2102,0,1,2103,T
4-HA,1089,1,1,2118,0,2120,G
4-HA,1090,1,2,2112,0,2115,G
4-HA,1091,2052,1,3,0,2056,A
4-HA,1092,0,2086,0,0,2086,T
4-HA,1093,0,4,2097,0,2101,G
4-HA,1094,1,2,2122,0,2125,G
4-HA,1095,1,2051,0,1,2053,T
4-HA,1096,0,2047,0,0,2047,T
4-HA,1097,0,0,2051,0,2051,G
4-HA,1098,1,0,2080,0,2081,G
4-HA,1099,0,2045,0,1,2046,T
4-HA,1100,2065,0,0,0,2065,A
4-HA,1101,2,2,0,1977,1981,C
4-HA,1102,1,3,2003,0,2007,G
4-HA,1103,0,0,2066,0,2066,G
4-HA,1104,0,2067,0,1,2068,T
4-HA,1105,0,2045,0,2,2047,T
4-HA,1106,0,2047,0,3,2050,T
4-HA,1107,1,4,0,2013,2018,C
4-HA,1108,2020,0,2,0,2022,A
4-HA,1109,0,2,2028,0,2030,G
4-HA,1110,0,0,2018,0,2018,G
4-HA,1111,0,0,0,2011,2011,C
4-HA,1112,1939,1,0,0,1940,A
4-HA,1113,1,1935,0,1,1937,T
4-HA,1114,3,0,0,1946,1949,C
4-HA,1115,1961,0,0,0,1961,A
4-HA,1116,1958,0,1,0,1959,A
4-HA,1117,1961,0,0,0,1961,A
4-HA,1118,1963,0,0,0,1963,A
4-HA,1119,0,1952,0,1,1953,T
4-HA,1120,0,1949,0,0,1949,T
4-HA,1121,6,6,0,1955,1967,C
4-HA,1122,0,1948,0,0,1948,T
4-HA,1123,1,1,1946,0,1948,G
4-HA,1124,1926,0,0,1,1927,A
4-HA,1125,1918,0,1,0,1919,A
4-HA,1126,1,1,1923,0,1925,G
4-HA,1127,0,1,1954,0,1955,G
4-HA,1128,1940,1,1,0,1942,A
4-HA,1129,1948,0,0,0,1948,A
4-HA,1130,0,0,1933,0,1933,G
4-HA,1131,1960,2,3,0,1965,A
4-HA,1132,0,3,1980,0,1983,G
4-HA,1133,0,2,1975,0,1977,G
4-HA,1134,1980,0,3,0,1983,A
4-HA,1135,2,0,0,1978,1980,C
4-HA,1136,1966,0,0,0,1966,A
4-HA,1137,1956,0,1,0,1957,A
4-HA,1138,0,0,1955,0,1955,G
4-HA,1139,0,1,0,1953,1954,C
4-HA,1140,1945,1,3,0,1949,A
4-HA,1141,0,1,1955,0,1956,G
4-HA,1142,0,0,0,1931,1931,C
4-HA,1143,1942,0,1,0,1943,A
4-HA,1144,0,1,1959,0,1960,G
4-HA,1145,1931,0,2,0,1933,A
4-HA,1146,1,1988,0,1,1990,T
4-HA,1147,2,0,0,1999,2001,C
4-HA,1148,0,1984,0,3,1987,T
4-HA,1149,5,0,0,2028,2033,C
4-HA,1150,2036,0,1,0,2037,A
4-HA,1151,2043,0,2,0,2045,A
4-HA,1152,2031,0,0,0,2031,A
4-HA,1153,1993,0,3,0,1996,A
4-HA,1154,0,0,2004,0,2004,G
4-HA,1155,2,0,0,1968,1970,C
4-HA,1156,1962,0,2,0,1964,A
4-HA,1157,1,2,0,1984,1987,C
4-HA,1158,0,1965,0,0,1965,T
4-HA,1159,1,1,0,1991,1993,C
4-HA,1160,1992,0,1,0,1993,A
4-HA,1161,2041,0,1,0,2042,A
4-HA,1162,0,0,2032,0,2032,G
4-HA,1163,0,1,0,2042,2043,C
4-HA,1164,2031,0,2,0,2033,A
4-HA,1165,2,0,2029,0,2031,G
4-HA,1166,0,0,0,2008,2008,C
4-HA,1167,2006,0,1,0,2007,A
4-HA,1168,2002,0,0,0,2002,A
4-HA,1169,0,1969,0,2,1971,T
4-HA,1170,3,0,0,1948,1951,C
4-HA,1171,0,2,1956,0,1958,G
4-HA,1172,1950,0,0,0,1950,A
4-HA,1173,0,1922,0,1,1923,T
4-HA,1174,5,0,1,1925,1931,C
4-HA,1175,1930,0,0,0,1930,A
4-HA,1176,1982,0,0,0,1982,A
4-HA,1177,1970,0,0,0,1970,A
4-HA,1178,0,1956,0,0,1956,T
4-HA,1179,3,2,0,1976,1981,C
4-HA,1180,1958,0,1,0,1959,A
4-HA,1181,1963,0,2,0,1965,A
4-HA,1182,0,1960,0,0,1960,T
4-HA,1183,2,0,1966,0,1968,G
4-HA,1184,2,3,1953,0,1958,G
4-HA,1185,3,1,1929,0,1933,G
4-HA,1186,1937,0,1,0,1938,A
4-HA,1187,1936,0,4,0,1940,A
4-HA,1188,0,0,1970,0,1970,G
4-HA,1189,13,0,0,1946,1959,C
4-HA,1190,0,1958,0,1,1959,T
4-HA,1191,0,3,2002,0,2005,G
4-HA,1192,2006,1,3,0,2010,A
4-HA,1193,2010,0,2,0,2012,A
4-HA,1194,0,2004,0,0,2004,T
4-HA,1195,1987,0,0,0,1987,A
4-HA,1196,0,2,1976,0,1978,G
4-HA,1197,1815,0,2,0,1817,A
4-HA,1198,0,1818,0,1,1819,T
4-HA,1199,0,1831,0,0,1831,T
4-HA,1200,0,3,1825,0,1828,G
4-HA,1201,1816,1,0,0,1817,A
4-HA,1202,1,1814,0,0,1815,T
4-HA,1203,1,0,0,1830,1831,C
4-HA,1204,2,0,1832,0,1834,G
4-HA,1205,0,0,1821,0,1821,G
4-HA,1206,0,0,1827,0,1827,G
4-HA,1207,1833,0,0,0,1833,A
4-HA,1208,1819,0,1,0,1820,A
4-HA,1209,1814,0,0,0,1814,A
4-HA,1210,1801,0,1,0,1802,A
4-HA,1211,0,1,0,1801,1802,C
4-HA,1212,6,0,0,1812,1818,C
4-HA,1213,1808,0,0,0,1808,A
4-HA,1214,1805,0,1,0,1806,A
4-HA,1215,1,1,0,1812,1814,C
4-HA,1216,0,3,1820,0,1823,G
4-HA,1217,1816,0,0,0,1816,A
4-HA,1218,1,0,1818,0,1819,G
4-HA,1219,1811,0,0,0,1811,A
4-HA,1220,1792,0,1,0,1793,A
4-HA,1221,1811,0,1,0,1812,A
4-HA,1222,0,1800,0,1,1801,T
4-HA,1223,0,1780,0,4,1784,T
4-HA,1224,4,1,0,1784,1789,C
4-HA,1225,1,0,0,1792,1793,C
4-HA,1226,1797,0,0,1,1798,A
4-HA,1227,1,1776,1,0,1778,T
4-HA,1228,3,0,0,1791,1794,C
4-HA,1229,1780,1,0,0,1781,A
4-HA,1230,0,1,1790,0,1791,G
4-HA,1231,1770,0,0,0,1770,A
4-HA,1232,0,1768,0,0,1768,T
4-HA,1233,0,1760,0,0,1760,T
4-HA,1234,0,2,1769,0,1771,G
4-HA,1235,1781,0,0,0,1781,A
4-HA,1236,1779,0,0,0,1779,A
4-HA,1237,1783,0,0,0,1783,A
4-HA,1238,1778,0,0,0,1778,A
4-HA,1239,1755,0,4,0,1759,A
4-HA,1240,1,3,1747,1,1752,G
4-HA,1241,1733,0,2,0,1735,A
4-HA,1242,1729,0,1,0,1730,A
4-HA,1243,0,1676,0,0,1676,T
4-HA,1244,1,1679,0,1,1681,T
4-HA,1245,3,2,0,1689,1694,C
4-HA,1246,0,1691,0,2,1693,T
4-HA,1247,1,0,0,1692,1693,C
4-HA,1248,1681,0,0,1,1682,A
4-HA,1249,0,1,1694,0,1695,G
4-HA,1250,1680,0,1,0,1681,A
4-HA,1251,1661,1,0,0,1662,A
4-HA,1252,1,0,1684,0,1685,G
4-HA,1253,0,1644,0,3,1647,T
4-HA,1254,0,0,0,1673,1673,C
4-HA,1255,0,0,1677,0,1677,G
4-HA,1256,1677,0,1,0,1678,A
4-HA,1257,1667,0,2,0,1669,A
4-HA,1258,0,2,1672,0,1674,G
4-HA,1259,2,1,1684,0,1687,G
4-HA,1260,1,0,1675,0,1676,G
4-HA,1261,1630,0,2,0,1632,A
4-HA,1262,0,2,1628,0,1630,G
4-HA,1263,1629,0,1,0,1630,A
4-HA,1264,1693,0,0,0,1693,A
4-HA,1265,0,1679,0,1,1680,T
4-HA,1266,0,1676,0,0,1676,T
4-HA,1267,1,0,0,1684,1685,C
4-HA,1268,1640,0,2,0,1642,A
4-HA,1269,0,3,1635,0,1638,G
4-HA,1270,0,3,1634,1,1638,G
4-HA,1271,1595,1,2,0,1598,A
4-HA,1272,2,0,0,1617,1619,C
4-HA,1273,2,1,0,1506,1509,C
4-HA,1274,1,1493,0,0,1494,T
4-HA,1275,0,1421,0,71,1492,T
4-HA,1276,1,0,1499,0,1500,G
4-HA,1277,1490,0,2,0,1492,A
4-HA,1278,0,0,1517,0,1517,G
4-HA,1279,1505,0,0,0,1505,A
4-HA,1280,1348,0,0,0,1348,A
4-HA,1281,1334,0,0,0,1334,A
4-HA,1282,0,1304,0,0,1304,T
4-HA,1283,1332,0,2,0,1334,A
4-HA,1284,0,1332,0,0,1332,T
4-HA,1285,0,0,1336,0,1336,G
4-HA,1286,0,1323,0,0,1323,T
4-HA,1287,0,1281,1,0,1282,T
4-HA,1288,0,0,1281,0,1281,G
4-HA,1289,1267,0,1,0,1268,A
4-HA,1290,0,2,1272,0,1274,G
4-HA,1291,0,4,1265,2,1271,G
4-HA,1292,1242,0,2,0,1244,A
4-HA,1293,0,0,0,1280,1280,C
4-HA,1294,1237,0,0,0,1237,A
4-HA,1295,0,0,0,1282,1282,C
4-HA,1296,1,0,0,1292,1293,C
4-HA,1297,1302,0,0,0,1302,A
4-HA,1298,1322,0,1,0,1323,A
4-HA,1299,1320,0,0,0,1320,A
4-HA,1300,1333,0,0,0,1333,A
4-HA,1301,0,1328,0,0,1328,T
4-HA,1302,1290,0,0,0,1290,A
4-HA,1303,0,1,1304,0,1305,G
4-HA,1304,1267,0,0,0,1267,A
4-HA,1305,0,1289,0,1,1290,T
4-HA,1306,1,1,1,1302,1305,C
4-HA,1307,0,1267,0,0,1267,T
4-HA,1308,0,0,0,1296,1296,C
4-HA,1309,0,1293,0,0,1293,T
4-HA,1310,0,1,1325,0,1326,G
4-HA,1311,0,2,1344,0,1346,G
4-HA,1312,0,1335,0,2,1337,T
4-HA,1313,3,1,0,1343,1347,C
4-HA,1314,1357,1,0,0,1358,A
4-HA,1315,0,1359,0,1,1360,T
4-HA,1316,1353,0,1,0,1354,A
4-HA,1317,0,0,0,1358,1358,C
4-HA,1318,1296,0,1,1,1298,A
4-HA,1319,1304,0,1,0,1305,A
4-HA,1320,2,0,0,1266,1268,C
4-HA,1321,0,0,1251,0,1251,G
4-HA,1322,0,0,0,1263,1263,C
4-HA,1323,0,1,1249,0,1250,G
4-HA,1324,0,0,1256,0,1256,G
4-HA,1325,1252,0,0,0,1252,A
4-HA,1326,0,1,1276,0,1277,G
4-HA,1327,0,0,0,1265,1265,C
4-HA,1328,0,1260,0,1,1261,T
4-HA,1329,0,1257,1,3,1261,T
4-HA,1330,1,0,0,1269,1270,C
4-HA,1331,1,1273,0,0,1274,T
4-HA,1332,0,1277,0,2,1279,T
4-HA,1333,0,0,1277,0,1277,G
4-HA,1334,0,1263,0,4,1267,T
4-HA,1335,0,1237,0,0,1237,T
4-HA,1336,0,2,1260,0,1262,G
4-HA,1337,1,2,0,1261,1264,C
4-HA,1338,1,1,0,1262,1264,C
4-HA,1339,0,0,0,1274,1274,C
4-HA,1340,0,1267,0,1,1268,T
4-HA,1341,0,0,1283,0,1283,G
4-HA,1342,1,0,1294,0,1295,G
4-HA,1343,1275,0,3,0,1278,A
4-HA,1344,14,2,1277,0,1293,G
4-HA,1345,1267,0,0,0,1267,A
4-HA,1346,1273,0,2,0,1275,A
4-HA,1347,0,0,0,1287,1287,C
4-HA,1348,0,3,0,1287,1290,C
4-HA,1349,1284,0,2,0,1286,A
4-HA,1350,1332,0,0,0,1332,A
4-HA,1351,0,1,0,1353,1354,C
4-HA,1352,1351,0,1,0,1352,A
4-HA,1353,0,1357,0,0,1357,T
4-HA,1354,1351,1,0,0,1352,A
4-HA,1355,0,1,0,1384,1385,C
4-HA,1356,1348,0,1,0,1349,A
4-HA,1357,1347,0,0,0,1347,A
4-HA,1358,0,1353,0,1,1354,T
4-HA,1359,0,1302,0,0,1302,T
4-HA,1360,1,2,1320,0,1323,G
4-HA,1361,1329,0,0,0,1329,A
4-HA,1362,0,1330,0,0,1330,T
4-HA,1363,1,0,0,1334,1335,C
4-HA,1364,0,1308,0,0,1308,T
4-HA,1365,1320,0,0,0,1320,A
4-HA,1366,1317,0,0,0,1317,A
4-HA,1367,0,0,0,1318,1318,C
4-HA,1368,0,1319,0,0,1319,T
4-HA,1369,0,2,1304,0,1306,G
4-HA,1370,1304,0,1,0,1305,A
4-HA,1371,0,0,0,1304,1304,C
4-HA,1372,0,1298,0,2,1300,T
4-HA,1373,2,0,0,1303,1305,C
4-HA,1374,1304,0,1,0,1305,A
4-HA,1375,0,0,1330,0,1330,G
4-HA,1376,1320,0,0,0,1320,A
4-HA,1377,1333,0,0,0,1333,A
4-HA,1378,1323,0,0,0,1323,A
4-HA,1379,0,1306,0,0,1306,T
4-HA,1380,0,3,1322,0,1325,G
4-HA,1381,1321,0,1,0,1322,A
4-HA,1382,1315,0,2,0,1317,A
4-HA,1383,2,0,0,1320,1322,C
4-HA,1384,1305,0,0,0,1305,A
4-HA,1385,1307,0,0,0,1307,A
4-HA,1386,1294,0,2,0,1296,A
4-HA,1387,0,1,0,1303,1304,C
4-HA,1388,0,1288,0,0,1288,T
4-HA,1389,1,1,1296,0,1298,G
4-HA,1390,0,1289,1,0,1290,T
4-HA,1391,0,1292,0,1,1293,T
4-HA,1392,1,1299,0,0,1300,T
4-HA,1393,0,2,1299,0,1301,G
4-HA,1394,1293,0,0,0,1293,A
4-HA,1395,1304,0,0,0,1304,A
4-HA,1396,1299,0,0,0,1299,A
4-HA,1397,1291,0,1,0,1292,A
4-HA,1398,1287,0,0,0,1287,A
4-HA,1399,1289,0,1,1,1291,A
4-HA,1400,0,0,0,1299,1299,C
4-HA,1401,1299,0,0,0,1299,A
4-HA,1402,1299,0,0,0,1299,A
4-HA,1403,1294,0,1,0,1295,A
4-HA,1404,0,1,1298,0,1299,G
4-HA,1405,1309,0,0,0,1309,A
4-HA,1406,1298,0,1,0,1299,A
4-HA,1407,0,2,1304,0,1306,G
4-HA,1408,0,0,0,1297,1297,C
4-HA,1409,1290,0,0,0,1290,A
4-HA,1410,1314,1,0,0,1315,A
4-HA,1411,0,0,0,1315,1315,C
4-HA,1412,0,1301,2,0,1303,T
4-HA,1413,1,1,1309,0,1311,G
4-HA,1414,1301,0,0,0,1301,A
4-HA,1415,0,3,1309,1,1313,G
4-HA,1416,0,1,1304,0,1305,G
4-HA,1417,2,1,1315,0,1318,G
4-HA,1418,1316,0,0,0,1316,A
4-HA,1419,1307,0,0,0,1307,A
4-HA,1420,1304,0,0,0,1304,A
4-HA,1421,1310,0,0,0,1310,A
4-HA,1422,0,1305,0,0,1305,T
4-HA,1423,0,0,1311,0,1311,G
4-HA,1424,1,0,0,1311,1312,C
4-HA,1425,0,1293,0,1,1294,T
4-HA,1426,0,0,1297,0,1297,G
4-HA,1427,1292,0,1,0,1293,A
4-HA,1428,0,0,1364,0,1364,G
4-HA,1429,0,0,1384,0,1384,G
4-HA,1430,1374,0,0,0,1374,A
4-HA,1431,1,1363,1,0,1365,T
4-HA,1432,1347,0,0,0,1347,A
4-HA,1433,0,1339,0,0,1339,T
4-HA,1434,0,4,1355,0,1359,G
4-HA,1435,0,0,1362,0,1362,G
4-HA,1436,0,1,1355,0,1356,G
4-HA,1437,3,0,0,1305,1308,C
4-HA,1438,1269,0,0,0,1269,A
4-HA,1439,1267,0,0,0,1267,A
4-HA,1440,0,1260,0,0,1260,T
4-HA,1441,1,0,1275,0,1276,G
4-HA,1442,1,1,1278,0,1280,G
4-HA,1443,0,1237,0,0,1237,T
4-HA,1444,0,1177,0,0,1177,T
4-HA,1445,0,2,1187,0,1189,G
4-HA,1446,0,1190,0,2,1192,T
4-HA,1447,0,1196,0,0,1196,T
4-HA,1448,0,1200,0,1,1201,T
4-HA,1449,3,0,0,1203,1206,C
4-HA,1450,1204,0,0,0,1204,A
4-HA,1451,1209,0,0,1,1210,A
4-HA,1452,1211,0,1,0,1212,A
4-HA,1453,1215,0,1,0,1216,A
4-HA,1454,0,1211,0,0,1211,T
4-HA,1455,1207,0,0,0,1207,A
4-HA,1456,0,1206,0,0,1206,T
4-HA,1457,1189,0,2,0,1191,A
4-HA,1458,2,0,0,1223,1225,C
4-HA,1459,1,2,0,1208,1211,C
4-HA,1460,1204,0,4,0,1208,A
4-HA,1461,0,0,0,1220,1220,C
4-HA,1462,1219,0,0,0,1219,A
4-HA,1463,1216,0,1,0,1217,A
4-HA,1464,1218,0,0,0,1218,A
4-HA,1465,0,1220,0,0,1220,T
4-HA,1466,0,2,1224,0,1226,G
4-HA,1467,0,1211,0,1,1212,T
4-HA,1468,0,1,1234,0,1235,G
4-HA,1469,1234,0,1,0,1235,A
4-HA,1470,1,1,1,1227,1230,C
4-HA,1471,1220,0,0,0,1220,A
4-HA,1472,1221,0,0,0,1221,A
4-HA,1473,0,1226,0,0,1226,T
4-HA,1474,0,0,1234,0,1234,G
4-HA,1475,0,1,0,1215,1216,C
4-HA,1476,0,0,0,1234,1234,C
4-HA,1477,1,1212,0,1,1214,T
4-HA,1478,0,1,1271,0,1272,G
4-HA,1479,0,1,0,1271,1272,C
4-HA,1480,1274,0,0,0,1274,A
4-HA,1481,0,1278,0,0,1278,T
4-HA,1482,1211,1,3,0,1215,A
4-HA,1483,0,0,1222,0,1222,G
4-HA,1484,0,0,1225,0,1225,G
4-HA,1485,1209,0,0,0,1209,A
4-HA,1486,0,1195,2,0,1197,T
4-HA,1487,0,0,1,1148,1149,C
4-HA,1488,1138,0,1,1,1140,A
4-HA,1489,1146,0,0,0,1146,A
4-HA,1490,0,1143,0,0,1143,T
4-HA,1491,2,2,0,1142,1146,C
4-HA,1492,1130,0,0,0,1130,A
4-HA,1493,0,1,1139,0,1140,G
4-HA,1494,1146,0,0,0,1146,A
4-HA,1495,1148,0,0,0,1148,A
4-HA,1496,1146,0,1,0,1147,A
4-HA,1497,0,1137,0,0,1137,T
4-HA,1498,0,0,1132,0,1132,G
4-HA,1499,0,0,1132,0,1132,G
4-HA,1500,1133,1,0,0,1134,A
4-HA,1501,1142,0,1,0,1143,A
4-HA,1502,0,1,0,1142,1143,C
4-HA,1503,0,1134,0,0,1134,T
4-HA,1504,0,1141,0,0,1141,T
4-HA,1505,1139,0,1,0,1140,A
4-HA,1506,0,1136,0,0,1136,T
4-HA,1507,1,0,1131,0,1132,G
4-HA,1508,1131,0,0,0,1131,A
4-HA,1509,0,0,0,1140,1140,C
4-HA,1510,0,0,0,1125,1125,C
4-HA,1511,1121,0,0,0,1121,A
4-HA,1512,0,0,0,1145,1145,C
4-HA,1513,0,0,1179,0,1179,G
4-HA,1514,1209,0,0,0,1209,A
4-HA,1515,1,1224,0,0,1225,T
4-HA,1516,0,0,1276,0,1276,G
4-HA,1517,0,1267,0,2,1269,T
4-HA,1518,1313,0,1,0,1314,A
4-HA,1519,0,1320,1,0,1321,T
4-HA,1520,1310,0,0,0,1310,A
4-HA,1521,0,1,0,1308,1309,C
4-HA,1522,1195,0,0,0,1195,A
4-HA,1523,0,1,1193,0,1194,G
4-HA,1524,1119,0,1,0,1120,A
4-HA,1525,0,0,1078,0,1078,G
4-HA,1526,1078,0,0,0,1078,A
4-HA,1527,0,1016,0,0,1016,T
4-HA,1528,0,2,1017,0,1019,G
4-HA,1529,1013,1,0,0,1014,A
4-HA,1530,1006,2,2,0,1010,A
4-HA,1531,0,0,1051,0,1051,G
4-HA,1532,1,0,0,1030,1031,C
4-HA,1533,1027,0,1,0,1028,A
4-HA,1534,0,1040,0,1,1041,T
4-HA,1535,0,1031,0,2,1033,T
4-HA,1536,1043,0,0,0,1043,A
4-HA,1537,1040,0,0,0,1040,A
4-HA,1538,1035,0,1,0,1036,A
4-HA,1539,1,0,0,1038,1039,C
4-HA,1540,1011,0,1,0,1012,A
4-HA,1541,1012,0,0,0,1012,A
4-HA,1542,0,0,0,1014,1014,C
4-HA,1543,1,0,0,1019,1020,C
4-HA,1544,1,0,1014,0,1015,G
4-HA,1545,0,0,1041,0,1041,G
4-HA,1546,0,1036,0,0,1036,T
4-HA,1547,0,1032,0,0,1032,T
4-HA,1548,2,0,0,1034,1036,C
4-HA,1549,2,0,0,1028,1030,C
4-HA,1550,1024,0,1,0,1025,A
4-HA,1551,0,1,1037,0,1038,G
4-HA,1552,1038,0,0,0,1038,A
4-HA,1553,0,1032,0,0,1032,T
4-HA,1554,1,0,0,1009,1010,C
4-HA,1555,997,0,0,0,997,A
4-HA,1556,996,0,0,0,996,A
4-HA,1557,0,1,995,0,996,G
4-HA,1558,1,0,991,0,992,G
4-HA,1559,0,0,995,0,995,G
4-HA,1560,969,0,0,0,969,A
4-HA,1561,1,1,973,0,975,G
4-HA,1562,0,977,0,1,978,T
4-HA,1563,0,971,0,0,971,T
4-HA,1564,0,2,975,0,977,G
4-HA,1565,981,0,2,0,983,A
4-HA,1566,1,1,978,0,980,G
4-HA,1567,0,0,0,983,983,C
4-HA,1568,0,972,0,2,974,T
4-HA,1569,0,0,970,0,970,G
4-HA,1570,968,0,0,0,968,A
4-HA,1571,966,0,1,0,967,A
4-HA,1572,1,0,960,0,961,G
4-HA,1573,0,2,0,916,918,C
4-HA,1574,1,0,0,926,927,C
4-HA,1575,935,0,0,0,935,A
4-HA,1576,0,0,930,0,930,G
4-HA,1577,0,0,934,0,934,G
4-HA,1578,0,0,915,0,915,G
4-HA,1579,1,954,0,1,956,T
4-HA,1580,978,0,0,0,978,A
4-HA,1581,0,0,0,976,976,C
4-HA,1582,976,0,0,0,976,A
4-HA,1583,976,0,0,0,976,A
4-HA,1584,976,0,0,0,976,A
4-HA,1585,0,2,968,0,970,G
4-HA,1586,941,0,0,0,941,A
4-HA,1587,0,2,0,857,859,C
4-HA,1588,0,879,0,0,879,T
4-HA,1589,0,0,885,0,885,G
4-HA,1590,0,1,879,0,880,G
4-HA,1591,885,0,0,0,885,A
4-HA,1592,0,889,0,0,889,T
4-HA,1593,1,0,0,882,883,C
4-HA,1594,0,0,0,882,882,C
4-HA,1595,0,872,0,0,872,T
4-HA,1596,875,0,0,0,875,A
4-HA,1597,0,883,0,0,883,T
4-HA,1598,0,1,875,0,876,G
4-HA,1599,0,3,879,0,882,G
4-HA,1600,853,0,0,0,853,A
4-HA,1601,0,850,0,0,850,T
4-HA,1602,0,839,0,1,840,T
4-HA,1603,0,837,0,0,837,T
4-HA,1604,1,0,0,842,843,C
4-HA,1605,0,0,0,839,839,C
4-HA,1606,0,818,0,0,818,T
4-HA,1607,0,823,0,0,823,T
4-HA,1608,0,820,0,0,820,T
4-HA,1609,0,0,827,0,827,G
4-HA,1610,1,0,0,828,829,C
4-HA,1611,0,1,0,820,821,C
4-HA,1612,819,0,0,0,819,A
4-HA,1613,0,809,0,1,810,T
4-HA,1614,811,0,1,0,812,A
4-HA,1615,0,805,0,0,805,T
4-HA,1616,0,0,0,799,799,C
4-HA,1617,799,0,3,0,802,A
4-HA,1618,0,796,0,0,796,T
4-HA,1619,1,1,802,0,804,G
4-HA,1620,0,795,0,0,795,T
4-HA,1621,1,793,0,0,794,T
4-HA,1622,0,796,0,0,796,T
4-HA,1623,1,768,0,0,769,T
4-HA,1624,0,775,0,0,775,T
4-HA,1625,0,772,0,0,772,T
4-HA,1626,1,0,776,0,777,G
4-HA,1627,0,0,0,769,769,C
4-HA,1628,0,742,0,2,744,T
4-HA,1629,0,750,1,1,752,T
4-HA,1630,0,750,0,0,750,T
4-HA,1631,0,0,769,0,769,G
4-HA,1632,0,773,0,2,775,T
4-HA,1633,0,0,773,0,773,G
4-HA,1634,0,772,0,1,773,T
4-HA,1635,0,756,0,0,756,T
4-HA,1636,0,1,763,0,764,G
4-HA,1637,0,0,0,748,748,C
4-HA,1638,0,759,0,1,760,T
4-HA,1639,0,770,0,0,770,T
4-HA,1640,0,742,0,0,742,T
4-HA,1641,0,0,751,0,751,G
4-HA,1642,0,749,0,0,749,T
4-HA,1643,0,750,0,0,750,T
4-HA,1644,0,1,753,0,754,G
4-HA,1645,0,0,747,0,747,G
4-HA,1646,0,1,742,0,743,G
4-HA,1647,1,0,741,0,742,G
4-HA,1648,0,728,0,0,728,T
4-HA,1649,0,719,0,2,721,T
4-HA,1650,1,0,0,710,711,C
4-HA,1651,702,0,0,0,702,A
4-HA,1652,0,704,0,0,704,T
4-HA,1653,0,0,0,707,707,C
4-HA,1654,699,0,0,0,699,A
4-HA,1655,0,686,1,0,687,T
4-HA,1656,1,0,678,0,679,G
4-HA,1657,0,673,0,1,674,T
4-HA,1658,0,0,668,0,668,G
4-HA,1659,0,0,654,0,654,G
4-HA,1660,0,0,657,0,657,G
4-HA,1661,0,1,0,630,631,C
4-HA,1662,0,1,0,618,619,C
4-HA,1663,0,606,0,2,608,T
4-HA,1664,0,0,605,0,605,G
4-HA,1665,0,1,0,604,605,C
4-HA,1666,0,0,0,612,612,C
4-HA,1667,611,0,0,0,611,A
4-HA,1668,608,0,0,0,608,A
4-HA,1669,604,0,1,0,605,A
4-HA,1670,606,0,0,0,606,A
4-HA,1671,605,0,0,0,605,A
4-HA,1672,0,0,608,0,608,G
4-HA,1673,0,0,579,0,579,G
4-HA,1674,0,0,0,575,575,C
4-HA,1675,571,0,0,0,571,A
4-HA,1676,573,0,0,0,573,A
4-HA,1677,1,1,0,578,580,C
4-HA,1678,576,0,0,0,576,A
4-HA,1679,0,576,0,0,576,T
4-HA,1680,0,572,0,0,572,T
4-HA,1681,550,0,1,0,551,A
4-HA,1682,0,1,542,0,543,G
4-HA,1683,0,1,540,0,541,G
4-HA,1684,0,519,0,0,519,T
4-HA,1685,0,0,489,0,489,G
4-HA,1686,0,0,0,469,469,C
4-HA,1687,472,0,0,1,473,A
4-HA,1688,472,0,1,0,473,A
4-HA,1689,0,0,0,471,471,C
4-HA,1690,464,0,0,0,464,A
4-HA,1691,0,455,0,0,455,T
4-HA,1692,0,420,0,1,421,T
4-HA,1693,0,419,0,0,419,T
4-HA,1694,0,0,418,0,418,G
4-HA,1695,0,0,0,411,411,C
4-HA,1696,412,0,0,0,412,A
4-HA,1697,0,382,0,0,382,T
4-HA,1698,0,370,0,0,370,T
4-HA,1699,0,356,0,0,356,T
4-HA,1700,0,0,348,0,348,G
4-HA,1701,337,0,0,0,337,A
5-NP,1,449,0,0,0,449,A
5-NP,2,0,448,0,0,448,T
5-NP,3,0,0,446,0,446,G
5-NP,4,0,0,448,0,448,G
5-NP,5,0,0,0,453,453,C
5-NP,6,0,0,466,0,466,G
5-NP,7,0,478,0,0,478,T
5-NP,8,1,0,0,490,491,C
5-NP,9,0,0,0,490,490,C
5-NP,10,0,0,0,494,494,C
5-NP,11,490,0,0,0,490,A
5-NP,12,492,0,0,0,492,A
5-NP,13,0,0,495,0,495,G
5-NP,14,0,0,512,0,512,G
5-NP,15,0,0,0,514,514,C
5-NP,16,518,0,0,0,518,A
5-NP,17,0,0,0,521,521,C
5-NP,18,0,0,0,526,526,C
5-NP,19,530,0,0,0,530,A
5-NP,20,524,0,0,0,524,A
5-NP,21,524,0,0,0,524,A
5-NP,22,1,0,0,529,530,C
5-NP,23,0,2,528,0,530,G
5-NP,24,0,0,589,0,589,G
5-NP,25,0,571,0,1,572,T
5-NP,26,2,0,0,619,621,C
5-NP,27,0,618,0,0,618,T
5-NP,28,0,632,0,0,632,T
5-NP,29,627,0,0,0,627,A
5-NP,30,0,634,0,0,634,T
5-NP,31,0,0,638,0,638,G
5-NP,32,631,0,0,0,631,A
5-NP,33,623,0,0,0,623,A
5-NP,34,0,0,0,623,623,C
5-NP,35,613,0,0,0,613,A
5-NP,36,0,0,656,0,656,G
5-NP,37,645,0,1,0,646,A
5-NP,38,0,657,0,0,657,T
5-NP,39,0,0,656,0,656,G
5-NP,40,0,1,650,0,651,G
5-NP,41,648,0,0,0,648,A
5-NP,42,659,0,0,0,659,A
5-NP,43,656,0,0,0,656,A
5-NP,44,0,0,0,686,686,C
5-NP,45,0,680,0,0,680,T
5-NP,46,0,0,699,0,699,G
5-NP,47,674,0,1,0,675,A
5-NP,48,0,694,0,1,695,T
5-NP,49,0,0,695,0,695,G
5-NP,50,0,1,690,0,691,G
5-NP,51,0,2,681,0,683,G
5-NP,52,0,0,693,0,693,G
5-NP,53,692,0,0,0,692,A
5-NP,54,0,685,0,0,685,T
5-NP,55,1,0,0,689,690,C
5-NP,56,0,0,692,0,692,G
5-NP,57,0,683,0,0,683,T
5-NP,58,0,0,0,703,703,C
5-NP,59,704,0,0,1,705,A
5-NP,60,0,0,722,0,722,G
5-NP,61,709,0,0,1,710,A
5-NP,62,728,0,0,0,728,A
5-NP,63,0,730,0,0,730,T
5-NP,64,0,0,728,0,728,G
5-NP,65,0,0,0,728,728,C
5-NP,66,727,0,0,1,728,A
5-NP,67,733,0,0,0,733,A
5-NP,68,0,0,0,738,738,C
5-NP,69,0,733,0,0,733,T
5-NP,70,0,1,740,0,741,G
5-NP,71,742,0,1,0,743,A
5-NP,72,0,0,785,0,785,G
5-NP,73,778,0,0,0,778,A
5-NP,74,0,781,0,0,781,T
5-NP,75,0,779,0,0,779,T
5-NP,76,773,0,1,1,775,A
5-NP,77,0,0,764,1,765,G
5-NP,78,0,0,768,0,768,G
5-NP,79,0,0,770,0,770,G
5-NP,80,0,0,0,769,769,C
5-NP,81,761,0,0,0,761,A
5-NP,82,0,762,0,0,762,T
5-NP,83,0,0,0,764,764,C
5-NP,84,0,0,0,765,765,C
5-NP,85,0,0,772,0,772,G
5-NP,86,0,765,0,0,765,T
5-NP,87,1,2,0,767,770,C
5-NP,88,0,0,772,0,772,G
5-NP,89,0,1,776,0,777,G
5-NP,90,0,1,777,0,778,G
5-NP,91,770,0,0,0,770,A
5-NP,92,774,0,0,0,774,A
5-NP,93,0,1,782,0,783,G
5-NP,94,762,0,0,0,762,A
5-NP,95,0,779,0,0,779,T
5-NP,96,0,2,780,0,782,G
5-NP,97,773,0,1,1,775,A
5-NP,98,0,788,0,0,788,T
5-NP,99,0,785,0,0,785,T
5-NP,100,0,0,786,0,786,G
5-NP,101,776,0,1,0,777,A
5-NP,102,0,775,0,0,775,T
5-NP,103,0,1,777,0,778,G
5-NP,104,0,0,771,0,771,G
5-NP,105,0,1,766,0,767,G
5-NP,106,800,0,0,0,800,A
5-NP,107,0,802,0,0,802,T
5-NP,108,0,807,0,1,808,T
5-NP,109,0,1,813,0,814,G
5-NP,110,0,0,815,0,815,G
5-NP,111,1,0,812,0,813,G
5-NP,112,812,0,1,0,813,A
5-NP,113,0,1,801,0,802,G
5-NP,114,789,0,0,0,789,A
5-NP,115,0,799,0,0,799,T
5-NP,116,0,804,0,0,804,T
5-NP,117,1,0,0,801,802,C
5-NP,118,0,801,0,1,802,T
5-NP,119,816,0,0,0,816,A
5-NP,120,0,0,0,821,821,C
5-NP,121,836,0,0,0,836,A
5-NP,122,0,846,0,0,846,T
5-NP,123,0,0,0,833,833,C
5-NP,124,1,0,0,836,837,C
5-NP,125,834,0,0,0,834,A
5-NP,126,853,0,0,0,853,A
5-NP,127,857,0,0,0,857,A
5-NP,128,0,848,0,0,848,T
5-NP,129,0,1,855,0,856,G
5-NP,130,0,831,0,0,831,T
5-NP,131,1,0,848,0,849,G
5-NP,132,0,1,0,844,845,C
5-NP,133,840,0,0,0,840,A
5-NP,134,0,0,0,841,841,C
5-NP,135,0,834,0,0,834,T
5-NP,136,1,1,865,0,867,G
5-NP,137,870,0,1,0,871,A
5-NP,138,889,0,1,0,890,A
5-NP,139,0,0,0,902,902,C
5-NP,140,0,906,0,0,906,T
5-NP,141,0,908,0,1,909,T
5-NP,142,911,0,0,0,911,A
5-NP,143,916,0,0,0,916,A
5-NP,144,913,0,0,0,913,A
5-NP,145,0,0,0,919,919,C
5-NP,146,0,879,0,1,880,T
5-NP,147,1,0,0,897,898,C
5-NP,148,875,0,0,0,875,A
5-NP,149,1,0,889,0,890,G
5-NP,150,0,889,0,0,889,T
5-NP,151,0,0,904,0,904,G
5-NP,152,904,0,0,0,904,A
5-NP,153,1,906,0,0,907,T
5-NP,154,1,0,0,918,919,C
5-NP,155,919,0,0,0,919,A
5-NP,156,0,915,0,0,915,T
5-NP,157,1,1,918,0,920,G
5-NP,158,918,0,0,0,918,A
5-NP,159,904,0,1,0,905,A
5-NP,160,0,0,915,0,915,G
5-NP,161,0,0,898,0,898,G
5-NP,162,0,0,892,0,892,G
5-NP,163,0,0,0,891,891,C
5-NP,164,0,0,892,0,892,G
5-NP,165,0,0,903,0,903,G
5-NP,166,0,899,0,1,900,T
5-NP,167,0,904,0,0,904,T
5-NP,168,0,0,911,0,911,G
5-NP,169,982,0,0,0,982,A
5-NP,170,0,986,0,1,987,T
5-NP,171,1,0,0,984,985,C
5-NP,172,0,0,0,989,989,C
5-NP,173,988,0,0,0,988,A
5-NP,174,0,1,986,0,987,G
5-NP,175,978,0,1,0,979,A
5-NP,176,985,0,0,0,985,A
5-NP,177,0,0,0,990,990,C
5-NP,178,917,0,0,0,917,A
5-NP,179,0,1,932,0,933,G
5-NP,180,0,0,0,923,923,C
5-NP,181,0,932,0,0,932,T
5-NP,182,0,945,0,0,945,T
5-NP,183,0,3,941,0,944,G
5-NP,184,929,2,0,0,931,A
5-NP,185,0,0,0,949,949,C
5-NP,186,940,0,0,0,940,A
5-NP,187,950,0,0,0,950,A
5-NP,188,0,945,0,1,946,T
5-NP,189,932,0,2,0,934,A
5-NP,190,0,1,936,0,937,G
5-NP,191,931,0,0,0,931,A
5-NP,192,0,0,931,0,931,G
5-NP,193,924,0,0,0,924,A
5-NP,194,948,0,0,0,948,A
5-NP,195,951,0,0,0,951,A
5-NP,196,969,0,2,0,971,A
5-NP,197,0,971,0,1,972,T
5-NP,198,0,2,979,0,981,G
5-NP,199,0,0,977,0,977,G
5-NP,200,0,957,1,1,959,T
5-NP,201,936,0,1,0,937,A
5-NP,202,1,0,0,956,957,C
5-NP,203,0,956,0,0,956,T
5-NP,204,1,2,0,981,984,C
5-NP,205,0,959,0,1,960,T
5-NP,206,0,0,0,991,991,C
5-NP,207,0,985,0,1,986,T
5-NP,208,0,0,1003,0,1003,G
5-NP,209,0,0,0,1000,1000,C
5-NP,210,0,994,0,2,996,T
5-NP,211,0,999,0,0,999,T
5-NP,212,0,986,0,0,986,T
5-NP,213,0,989,0,0,989,T
5-NP,214,0,1,990,0,991,G
5-NP,215,955,0,2,13,970,A
5-NP,216,0,980,0,0,980,T
5-NP,217,0,1,973,0,974,G
5-NP,218,968,0,0,0,968,A
5-NP,219,978,0,0,0,978,A
5-NP,220,980,0,1,0,981,A
5-NP,221,0,0,979,0,979,G
5-NP,222,976,0,0,0,976,A
5-NP,223,974,0,0,0,974,A
5-NP,224,0,1,979,0,980,G
5-NP,225,0,0,1007,1,1008,G
5-NP,226,1011,0,1,0,1012,A
5-NP,227,1014,0,1,0,1015,A
5-NP,228,0,1015,1,0,1016,T
5-NP,229,1021,0,0,0,1021,A
5-NP,230,1009,0,1,0,1010,A
5-NP,231,1029,0,0,0,1029,A
5-NP,232,1,1029,0,0,1030,T
5-NP,233,1007,0,1,0,1008,A
5-NP,234,1,0,0,1026,1027,C
5-NP,235,0,0,0,1007,1007,C
5-NP,236,0,1004,0,0,1004,T
5-NP,237,0,0,1010,0,1010,G
5-NP,238,1,0,1018,0,1019,G
5-NP,239,1021,0,0,0,1021,A
5-NP,240,1011,0,0,0,1011,A
5-NP,241,0,1,1032,0,1033,G
5-NP,242,1021,0,0,0,1021,A
5-NP,243,1021,0,1,0,1022,A
5-NP,244,0,0,0,1021,1021,C
5-NP,245,1003,0,1,0,1004,A
5-NP,246,0,0,0,1035,1035,C
5-NP,247,0,0,0,1031,1031,C
5-NP,248,0,0,0,1021,1021,C
5-NP,249,0,1,0,1027,1028,C
5-NP,250,1014,0,0,0,1014,A
5-NP,251,0,0,1016,0,1016,G
5-NP,252,0,0,0,1012,1012,C
5-NP,253,0,2,1012,0,1014,G
5-NP,254,0,0,0,1012,1012,C
5-NP,255,0,0,1011,0,1011,G
5-NP,256,0,0,1025,0,1025,G
5-NP,257,0,0,1020,0,1020,G
5-NP,258,0,1,1030,0,1031,G
5-NP,259,1023,0,1,0,1024,A
5-NP,260,1026,0,0,0,1026,A
5-NP,261,1031,1,1,0,1033,A
5-NP,262,0,0,1030,0,1030,G
5-NP,263,1021,0,2,0,1023,A
5-NP,264,0,1022,0,1,1023,T
5-NP,265,0,0,0,1021,1021,C
5-NP,266,1,0,0,1018,1019,C
5-NP,267,0,1,0,1027,1028,C
5-NP,268,1035,0,0,0,1035,A
5-NP,269,1033,0,0,0,1033,A
5-NP,270,0,0,1031,0,1031,G
5-NP,271,1035,0,0,0,1035,A
5-NP,272,1037,0,0,0,1037,A
5-NP,273,1037,0,0,0,1037,A
5-NP,274,1028,0,0,0,1028,A
5-NP,275,0,0,0,1038,1038,C
5-NP,276,0,1029,0,0,1029,T
5-NP,277,0,0,1030,0,1030,G
5-NP,278,0,0,1025,0,1025,G
5-NP,279,0,0,1029,0,1029,G
5-NP,280,1,0,1014,0,1015,G
5-NP,281,0,2,1028,0,1030,G
5-NP,282,1,0,1042,0,1043,G
5-NP,283,1,0,0,1092,1093,C
5-NP,284,1,0,0,1094,1095,C
5-NP,285,0,0,0,1106,1106,C
5-NP,286,1200,0,0,0,1200,A
5-NP,287,0,1213,1,0,1214,T
5-NP,288,1274,0,0,0,1274,A
5-NP,289,0,1277,0,0,1277,T
5-NP,290,1257,0,0,0,1257,A
5-NP,291,1,0,0,1268,1269,C
5-NP,292,1174,0,0,0,1174,A
5-NP,293,0,1,1194,1,1196,G
5-NP,294,0,0,1188,0,1188,G
5-NP,295,1075,0,0,0,1075,A
5-NP,296,0,1,1092,0,1093,G
5-NP,297,1034,0,1,1,1036,A
5-NP,298,0,0,1057,0,1057,G
5-NP,299,1,1035,0,0,1036,T
5-NP,300,1041,1,1,0,1043,A
5-NP,301,0,1,1047,0,1048,G
5-NP,302,1021,0,0,0,1021,A
5-NP,303,0,1029,0,0,1029,T
5-NP,304,0,1,1032,0,1033,G
5-NP,305,0,2,1026,0,1028,G
5-NP,306,1027,0,2,0,1029,A
5-NP,307,1029,0,0,0,1029,A
5-NP,308,1021,0,0,0,1021,A
5-NP,309,1017,0,1,0,1018,A
5-NP,310,0,1023,0,0,1023,T
5-NP,311,0,0,1039,0,1039,G
5-NP,312,0,0,1032,0,1032,G
5-NP,313,1028,0,0,0,1028,A
5-NP,314,0,1012,0,1,1013,T
5-NP,315,0,0,1023,0,1023,G
5-NP,316,1025,0,0,0,1025,A
5-NP,317,0,0,1028,0,1028,G
5-NP,318,0,0,1016,0,1016,G
5-NP,319,0,1,1024,0,1025,G
5-NP,320,1043,0,0,0,1043,A
5-NP,321,1037,0,0,0,1037,A
5-NP,322,0,0,0,1062,1062,C
5-NP,323,0,1044,0,0,1044,T
5-NP,324,0,0,0,1063,1063,C
5-NP,325,1,0,1075,0,1076,G
5-NP,326,0,1074,0,0,1074,T
5-NP,327,0,0,0,1079,1079,C
5-NP,328,1,0,0,1183,1184,C
5-NP,329,0,1182,0,2,1184,T
5-NP,330,0,1194,0,0,1194,T
5-NP,331,0,1192,0,3,1195,T
5-NP,332,1202,0,1,0,1203,A
5-NP,333,0,1201,0,0,1201,T
5-NP,334,0,1,1197,1,1199,G
5-NP,335,1195,0,4,0,1199,A
5-NP,336,0,0,0,1197,1197,C
5-NP,337,1183,0,0,0,1183,A
5-NP,338,1179,0,0,0,1179,A
5-NP,339,1181,0,0,0,1181,A
5-NP,340,0,3,1228,0,1231,G
5-NP,341,1224,0,1,0,1225,A
5-NP,342,1227,0,2,0,1229,A
5-NP,343,0,1,1287,0,1288,G
5-NP,344,1296,0,0,0,1296,A
5-NP,345,1302,1,2,1,1306,A
5-NP,346,1302,0,0,0,1302,A
5-NP,347,0,1301,0,0,1301,T
5-NP,348,1305,0,1,0,1306,A
5-NP,349,1288,0,0,0,1288,A
5-NP,350,0,0,1303,0,1303,G
5-NP,351,0,1,1295,0,1296,G
5-NP,352,0,0,0,1285,1285,C
5-NP,353,0,3,1296,0,1299,G
5-NP,354,1305,0,0,0,1305,A
5-NP,355,1323,0,0,0,1323,A
5-NP,356,0,1323,0,0,1323,T
5-NP,357,1,0,0,1325,1326,C
5-NP,358,0,1329,0,0,1329,T
5-NP,359,0,0,1322,0,1322,G
5-NP,360,0,0,1314,0,1314,G
5-NP,361,0,1,0,1321,1322,C
5-NP,362,0,0,1324,0,1324,G
5-NP,363,0,1,0,1304,1305,C
5-NP,364,0,0,0,1326,1326,C
5-NP,365,1341,0,0,0,1341,A
5-NP,366,1348,0,0,0,1348,A
5-NP,367,0,0,1378,0,1378,G
5-NP,368,0,1,0,1370,1371,C
5-NP,369,1,0,0,1392,1393,C
5-NP,370,1398,0,0,0,1398,A
5-NP,371,1428,0,1,0,1429,A
5-NP,372,0,0,1,1435,1436,C
5-NP,373,1439,0,0,0,1439,A
5-NP,374,1456,0,0,1,1457,A
5-NP,375,0,1443,0,0,1443,T
5-NP,376,0,1,1471,0,1472,G
5-NP,377,0,1,1468,0,1469,G
5-NP,378,0,1437,1,0,1438,T
5-NP,379,0,3,1456,0,1459,G
5-NP,380,1451,0,2,0,1453,A
5-NP,381,0,3,1473,0,1476,G
5-NP,382,0,1,1483,0,1484,G
5-NP,383,1493,0,0,0,1493,A
5-NP,384,0,1609,0,1,1610,T
5-NP,385,0,0,1623,0,1623,G
5-NP,386,2,0,0,1617,1619,C
5-NP,387,0,1626,0,1,1627,T
5-NP,388,1639,0,0,0,1639,A
5-NP,389,1,0,0,1671,1672,C
5-NP,390,1650,0,0,0,1650,A
5-NP,391,0,1636,0,0,1636,T
5-NP,392,1,0,0,1637,1638,C
5-NP,393,0,1567,0,1,1568,T
5-NP,394,1,0,1625,0,1626,G
5-NP,395,1,0,1644,0,1645,G
5-NP,396,0,1641,0,1,1642,T
5-NP,397,3,0,0,1643,1646,C
5-NP,398,0,1623,0,1,1624,T
5-NP,399,1641,0,0,0,1641,A
5-NP,400,1648,0,0,0,1648,A
5-NP,401,1,0,0,1645,1646,C
5-NP,402,0,1642,0,2,1644,T
5-NP,403,1,0,0,1658,1659,C
5-NP,404,1630,1,1,0,1632,A
5-NP,405,1,0,0,1715,1716,C
5-NP,406,1713,0,1,0,1714,A
5-NP,407,0,1721,0,1,1722,T
5-NP,408,1693,0,0,0,1693,A
5-NP,409,1700,0,2,0,1702,A
5-NP,410,0,1697,0,0,1697,T
5-NP,411,0,0,1724,0,1724,G
5-NP,412,1701,0,0,0,1701,A
5-NP,413,0,1692,0,0,1692,T
5-NP,414,0,1652,0,0,1652,T
5-NP,415,0,1653,0,0,1653,T
5-NP,416,0,1,1651,0,1652,G
5-NP,417,0,1,1652,0,1653,G
5-NP,418,0,0,0,1649,1649,C
5-NP,419,1652,2,0,0,1654,A
5-NP,420,0,1667,0,0,1667,T
5-NP,421,0,1664,0,1,1665,T
5-NP,422,1,0,0,1659,1660,C
5-NP,423,0,1661,0,0,1661,T
5-NP,424,1731,0,0,0,1731,A
5-NP,425,1731,0,0,0,1731,A
5-NP,426,0,1730,0,0,1730,T
5-NP,427,0,1728,0,3,1731,T
5-NP,428,0,1725,0,0,1725,T
5-NP,429,0,2,1750,0,1752,G
5-NP,430,1746,0,1,0,1747,A
5-NP,431,1747,0,0,1,1748,A
5-NP,432,0,1754,0,1,1755,T
5-NP,433,0,0,1733,0,1733,G
5-NP,434,1817,0,2,0,1819,A
5-NP,435,0,1822,1,1,1824,T
5-NP,436,3,2,1831,0,1836,G
5-NP,437,2,0,0,1892,1894,C
5-NP,438,1892,0,1,0,1893,A
5-NP,439,1981,0,0,0,1981,A
5-NP,440,0,0,0,1978,1978,C
5-NP,441,2010,0,1,0,2011,A
5-NP,442,0,2046,0,1,2047,T
5-NP,443,2018,0,0,0,2018,A
5-NP,444,0,0,0,2044,2044,C
5-NP,445,1,0,0,2034,2035,C
5-NP,446,1994,0,1,0,1995,A
5-NP,447,1,1,2014,0,2016,G
5-NP,448,1953,0,0,0,1953,A
5-NP,449,0,0,2019,0,2019,G
5-NP,450,1,3,1996,0,2000,G
5-NP,451,1981,0,3,0,1984,A
5-NP,452,0,0,0,2017,2017,C
5-NP,453,1990,0,2,0,1992,A
5-NP,454,1992,0,0,0,1992,A
5-NP,455,0,1,1996,0,1997,G
5-NP,456,1963,0,0,0,1963,A
5-NP,457,0,1,1975,0,1976,G
5-NP,458,0,0,0,1986,1986,C
5-NP,459,0,1969,0,7,1976,T
5-NP,460,3,1,0,1995,1999,C
5-NP,461,0,1987,0,0,1987,T
5-NP,462,0,2004,0,0,2004,T
5-NP,463,0,5,1998,0,2003,G
5-NP,464,0,2000,0,0,2000,T
5-NP,465,0,1992,0,1,1993,T
5-NP,466,1,1,0,1987,1989,C
5-NP,467,0,3,1989,1,1993,G
5-NP,468,2011,0,0,0,2011,A
5-NP,469,2001,0,0,0,2001,A
5-NP,470,0,0,0,2035,2035,C
5-NP,471,0,2015,0,1,2016,T
5-NP,472,1,0,2047,0,2048,G
5-NP,473,0,1,2052,0,2053,G
5-NP,474,2053,0,0,0,2053,A
5-NP,475,2056,0,3,0,2059,A
5-NP,476,0,2050,0,0,2050,T
5-NP,477,0,3,2039,0,2042,G
5-NP,478,0,1,2040,0,2041,G
5-NP,479,2057,0,0,0,2057,A
5-NP,480,0,2078,0,0,2078,T
5-NP,481,4,1,0,2074,2079,C
5-NP,482,1,0,0,2115,2116,C
5-NP,483,4,0,0,2127,2131,C
5-NP,484,2162,0,2,0,2164,A
5-NP,485,0,2,2203,0,2205,G
5-NP,486,2210,0,0,0,2210,A
5-NP,487,2204,0,1,0,2205,A
5-NP,488,0,2187,0,1,2188,T
5-NP,489,0,1,2229,0,2230,G
5-NP,490,0,2202,0,2,2204,T
5-NP,491,0,0,2232,0,2232,G
5-NP,492,1,0,0,2229,2230,C
5-NP,493,0,2221,0,3,2224,T
5-NP,494,1,1,0,2353,2355,C
5-NP,495,0,2337,0,1,2338,T
5-NP,496,2,2,0,2449,2453,C
5-NP,497,0,2446,0,3,2449,T
5-NP,498,1,1,2448,0,2450,G
5-NP,499,2474,1,1,0,2476,A
5-NP,500,0,2461,0,0,2461,T
5-NP,501,0,0,2450,1,2451,G
5-NP,502,3,0,0,2444,2447,C
5-NP,503,2369,0,5,0,2374,A
5-NP,504,0,0,2428,0,2428,G
5-NP,505,0,1,2377,0,2378,G
5-NP,506,0,1,2397,0,2398,G
5-NP,507,1,0,0,2408,2409,C
5-NP,508,0,2361,1,5,2367,T
5-NP,509,2,0,0,2410,2412,C
5-NP,510,0,3,2413,0,2416,G
5-NP,511,2437,0,2,0,2439,A
5-NP,512,2,0,0,2446,2448,C
5-NP,513,0,2418,0,4,2422,T
5-NP,514,4,0,0,2523,2527,C
5-NP,515,1,2505,0,2,2508,T
5-NP,516,1,0,0,2842,2843,C
5-NP,517,4,0,0,2852,2856,C
5-NP,518,1,0,0,2860,2861,C
5-NP,519,0,2870,1,3,2874,T
5-NP,520,2858,0,1,0,2859,A
5-NP,521,1,1,2854,0,2856,G
5-NP,522,2840,0,0,0,2840,A
5-NP,523,2762,0,1,0,2763,A
5-NP,524,2,3,2751,0,2756,G
5-NP,525,0,1,2711,0,2712,G
5-NP,526,0,2633,0,1,2634,T
5-NP,527,0,0,0,2655,2655,C
5-NP,528,2,0,0,2673,2675,C
5-NP,529,5,1,2664,1,2671,G
5-NP,530,0,0,2681,0,2681,G
5-NP,531,2670,0,1,0,2671,A
5-NP,532,0,1,2705,0,2706,G
5-NP,533,1,0,0,2708,2709,C
5-NP,534,0,2695,0,3,2698,T
5-NP,535,1,1,2713,0,2715,G
5-NP,536,0,0,0,2715,2715,C
5-NP,537,2691,1,6,0,2698,A
5-NP,538,2,1,2725,0,2728,G
5-NP,539,0,1,2707,0,2708,G
5-NP,540,0,2665,0,1,2666,T
5-NP,541,1,0,2702,0,2703,G
5-NP,542,1,2,0,2700,2703,C
5-NP,543,1,2702,0,1,2704,T
5-NP,544,0,0,2719,0,2719,G
5-NP,545,2,0,0,2716,2718,C
5-NP,546,2745,0,2,0,2747,A
5-NP,547,0,0,2807,0,2807,G
5-NP,548,1,2769,0,0,2770,T
5-NP,549,1,1,0,2792,2794,C
5-NP,550,2772,0,2,0,2774,A
5-NP,551,2778,0,1,0,2779,A
5-NP,552,2771,1,5,0,2777,A
5-NP,553,0,1,2796,0,2797,G
5-NP,554,0,2,2795,0,2797,G
5-NP,555,2775,0,0,0,2775,A
5-NP,556,2754,0,1,0,2755,A
5-NP,557,0,2749,0,0,2749,T
5-NP,558,1,0,0,2752,2753,C
5-NP,559,1,2,2746,0,2749,G
5-NP,560,1,4,2815,0,2820,G
5-NP,561,0,2,2833,0,2835,G
5-NP,562,2825,0,1,0,2826,A
5-NP,563,0,0,0,2848,2848,C
5-NP,564,2810,0,0,0,2810,A
5-NP,565,2870,0,0,0,2870,A
5-NP,566,0,2894,1,1,2896,T
5-NP,567,0,1,2921,0,2922,G
5-NP,568,2,1,2979,0,2982,G
5-NP,569,0,2952,0,3,2955,T
5-NP,570,1,1,3018,0,3020,G
5-NP,571,2985,1,4,0,2990,A
5-NP,572,0,3011,1,2,3014,T
5-NP,573,1,1,3014,0,3016,G
5-NP,574,1,5,3036,0,3042,G
5-NP,575,3007,0,2,0,3009,A
5-NP,576,3015,0,6,0,3021,A
5-NP,577,3,0,0,3017,3020,C
5-NP,578,1,2938,1,0,2940,T
5-NP,579,0,1,3094,0,3095,G
5-NP,580,3052,1,1,0,3054,A
5-NP,581,1,3064,0,0,3065,T
5-NP,582,1,0,0,3095,3096,C
5-NP,583,3041,0,0,0,3041,A
5-NP,584,0,0,3130,0,3130,G
5-NP,585,3077,0,1,0,3078,A
5-NP,586,3102,1,1,0,3104,A
5-NP,587,0,3117,0,0,3117,T
5-NP,588,0,3,3022,1,3026,G
5-NP,589,1,1,3064,2,3068,G
5-NP,590,1,3011,0,1,3013,T
5-NP,591,2,1,0,3041,3044,C
5-NP,592,3048,0,1,0,3049,A
5-NP,593,3031,0,0,0,3031,A
5-NP,594,3023,0,1,0,3024,A
5-NP,595,2,1,0,3023,3026,C
5-NP,596,1,1,3042,0,3044,G
5-NP,597,0,2,3024,0,3026,G
5-NP,598,1,1,3001,0,3003,G
5-NP,599,1,3,3010,1,3015,G
5-NP,600,2987,0,3,0,2990,A
5-NP,601,3012,0,0,1,3013,A
5-NP,602,1,2994,1,1,2997,T
5-NP,603,8,1,0,3009,3018,C
5-NP,604,3025,0,0,0,3025,A
5-NP,605,3014,0,0,0,3014,A
5-NP,606,1,1,0,3005,3007,C
5-NP,607,0,3,2988,0,2991,G
5-NP,608,2971,0,1,0,2972,A
5-NP,609,1,2969,0,1,2971,T
5-NP,610,5,1,0,2971,2977,C
5-NP,611,2,4,2969,0,2975,G
5-NP,612,2956,0,1,0,2957,A
5-NP,613,2964,1,0,0,2965,A
5-NP,614,2967,0,0,1,2968,A
5-NP,615,0,3008,0,0,3008,T
5-NP,616,0,3018,0,0,3018,T
5-NP,617,0,3003,1,0,3004,T
5-NP,618,0,3025,0,3,3028,T
5-NP,619,0,3031,0,2,3033,T
5-NP,620,0,2,3024,0,3026,G
5-NP,621,1,2,3031,0,3034,G
5-NP,622,2986,1,2,0,2989,A
5-NP,623,1,2,3029,1,3033,G
5-NP,624,2965,1,0,0,2966,A
5-NP,625,0,2,3116,0,3118,G
5-NP,626,0,0,3142,0,3142,G
5-NP,627,0,3076,0,1,3077,T
5-NP,628,4,4,3125,0,3133,G
5-NP,629,3121,0,6,0,3127,A
5-NP,630,0,3,3143,1,3147,G
5-NP,631,3134,0,4,0,3138,A
5-NP,632,3130,0,1,0,3131,A
5-NP,633,0,3113,0,1,3114,T
5-NP,634,1,1,3015,0,3017,G
5-NP,635,0,1,2961,0,2962,G
5-NP,636,1,1,2969,0,2971,G
5-NP,637,1,1,0,2936,2938,C
5-NP,638,0,1,2985,0,2986,G
5-NP,639,2,1,2997,0,3000,G
5-NP,640,2983,0,1,0,2984,A
5-NP,641,3000,0,3,0,3003,A
5-NP,642,3062,0,0,0,3062,A
5-NP,643,3057,0,3,0,3060,A
5-NP,644,0,0,0,3085,3085,C
5-NP,645,3073,0,1,0,3074,A
5-NP,646,3065,0,2,0,3067,A
5-NP,647,0,4,3065,1,3070,G
5-NP,648,2963,0,1,0,2964,A
5-NP,649,2987,0,0,0,2987,A
5-NP,650,1,1,3032,0,3034,G
5-NP,651,0,2993,0,0,2993,T
5-NP,652,2,0,3173,0,3175,G
5-NP,653,1,0,0,3157,3158,C
5-NP,654,0,3169,0,3,3172,T
5-NP,655,0,3212,0,0,3212,T
5-NP,656,3240,0,0,1,3241,A
5-NP,657,0,3247,0,1,3248,T
5-NP,658,1,3,3272,0,3276,G
5-NP,659,3186,0,3,0,3189,A
5-NP,660,0,1,3196,0,3197,G
5-NP,661,3024,0,2,0,3026,A
5-NP,662,0,8,3047,0,3055,G
5-NP,663,3036,1,0,0,3037,A
5-NP,664,3058,0,0,0,3058,A
5-NP,665,0,3025,0,2,3027,T
5-NP,666,0,0,3080,0,3080,G
5-NP,667,0,3033,0,1,3034,T
5-NP,668,2,1,3064,1,3068,G
5-NP,669,1,1,0,3054,3056,C
5-NP,670,3068,0,1,0,3069,A
5-NP,671,3060,0,1,0,3061,A
5-NP,672,0,0,0,3048,3048,C
5-NP,673,3015,0,0,0,3015,A
5-NP,674,0,3041,0,0,3041,T
5-NP,675,0,2984,0,3,2987,T
5-NP,676,2,0,0,2999,3001,C
5-NP,677,0,3013,0,0,3013,T
5-NP,678,0,3017,0,0,3017,T
5-NP,679,3020,0,0,0,3020,A
5-NP,680,3003,0,0,0,3003,A
5-NP,681,3003,0,0,0,3003,A
5-NP,682,0,2,2985,0,2987,G
5-NP,683,0,5,2983,0,2988,G
5-NP,684,2968,1,0,0,2969,A
5-NP,685,2964,0,0,0,2964,A
5-NP,686,2959,0,0,0,2959,A
5-NP,687,3000,0,1,0,3001,A
5-NP,688,0,2979,0,0,2979,T
5-NP,689,0,2980,0,0,2980,T
5-NP,690,0,2972,0,2,2974,T
5-NP,691,4,0,0,2978,2982,C
5-NP,692,2992,1,1,0,2994,A
5-NP,693,2978,0,1,2,2981,A
5-NP,694,2981,0,1,0,2982,A
5-NP,695,0,0,0,3024,3024,C
5-NP,696,3003,0,8,0,3011,A
5-NP,697,0,3,3047,0,3050,G
5-NP,698,0,1,0,3061,3062,C
5-NP,699,0,3035,0,1,3036,T
5-NP,700,0,1,3130,0,3131,G
5-NP,701,4,2,1,3110,3117,C
5-NP,702,3129,0,3,0,3132,A
5-NP,703,1,0,0,3141,3142,C
5-NP,704,3132,0,3,0,3135,A
5-NP,705,3110,0,7,0,3117,A
5-NP,706,3061,0,1,0,3062,A
5-NP,707,0,6,3165,0,3171,G
5-NP,708,3153,1,7,0,3161,A
5-NP,709,0,3,3217,1,3221,G
5-NP,710,1,1,0,3240,3242,C
5-NP,711,3222,1,1,0,3224,A
5-NP,712,3336,0,1,0,3337,A
5-NP,713,0,3350,0,0,3350,T
5-NP,714,1,8,3339,0,3348,G
5-NP,715,2,0,3352,0,3354,G
5-NP,716,0,3253,0,2,3255,T
5-NP,717,0,1,3298,0,3299,G
5-NP,718,0,4,3297,0,3301,G
5-NP,719,3299,0,1,0,3300,A
5-NP,720,1,3287,0,1,3289,T
5-NP,721,5,0,0,3236,3241,C
5-NP,722,3264,0,1,0,3265,A
5-NP,723,3293,0,0,0,3293,A
5-NP,724,0,0,3304,0,3304,G
5-NP,725,0,3269,0,0,3269,T
5-NP,726,0,2,3287,0,3289,G
5-NP,727,3239,1,5,1,3246,A
5-NP,728,1,2,3252,0,3255,G
5-NP,729,3246,0,3,0,3249,A
5-NP,730,0,1,3254,0,3255,G
5-NP,731,3211,0,1,1,3213,A
5-NP,732,3153,0,0,0,3153,A
5-NP,733,3145,0,5,0,3150,A
5-NP,734,1,0,3151,0,3152,G
5-NP,735,1,3117,0,1,3119,T
5-NP,736,1,4,0,3137,3142,C
5-NP,737,1,4,3108,0,3113,G
5-NP,738,2,0,3119,0,3121,G
5-NP,739,3129,0,3,0,3132,A
5-NP,740,3124,0,2,0,3126,A
5-NP,741,0,1,0,3143,3144,C
5-NP,742,1,1,0,3134,3136,C
5-NP,743,2,1,0,3149,3152,C
5-NP,744,3133,0,0,0,3133,A
5-NP,745,0,1,3141,0,3142,G
5-NP,746,0,1,3127,0,3128,G
5-NP,747,3123,0,1,0,3124,A
5-NP,748,3134,0,1,0,3135,A
5-NP,749,3106,0,1,0,3107,A
5-NP,750,2,1,0,3117,3120,C
5-NP,751,1,4,3116,0,3121,G
5-NP,752,0,0,0,3124,3124,C
5-NP,753,0,3090,0,4,3094,T
5-NP,754,0,3,3119,2,3124,G
5-NP,755,3107,0,1,0,3108,A
5-NP,756,0,2,3131,0,3133,G
5-NP,757,3148,0,0,0,3148,A
5-NP,758,0,3119,0,0,3119,T
5-NP,759,3,2,0,3081,3086,C
5-NP,760,2,3,3114,0,3119,G
5-NP,761,3096,0,0,0,3096,A
5-NP,762,3098,1,4,0,3103,A
5-NP,763,1,0,3114,0,3115,G
5-NP,764,3117,0,0,0,3117,A
5-NP,765,0,3088,0,2,3090,T
5-NP,766,3,0,0,3115,3118,C
5-NP,767,0,3119,1,1,3121,T
5-NP,768,4,0,0,3183,3187,C
5-NP,769,3216,1,0,0,3217,A
5-NP,770,0,3213,0,0,3213,T
5-NP,771,3223,0,2,0,3225,A
5-NP,772,0,3215,0,1,3216,T
5-NP,773,0,3175,0,0,3175,T
5-NP,774,0,3177,0,1,3178,T
5-NP,775,0,3128,1,0,3129,T
5-NP,776,0,3135,0,0,3135,T
5-NP,777,3137,0,0,1,3138,A
5-NP,778,0,0,3128,1,3129,G
5-NP,779,1,2,0,3129,3132,C
5-NP,780,3127,0,2,0,3129,A
5-NP,781,3116,0,0,0,3116,A
5-NP,782,0,2,3225,0,3227,G
5-NP,783,3212,0,1,1,3214,A
5-NP,784,1,3221,0,0,3222,T
5-NP,785,1,1,0,3246,3248,C
5-NP,786,0,3232,1,5,3238,T
5-NP,787,0,1,3322,0,3323,G
5-NP,788,1,1,0,3335,3337,C
5-NP,789,3332,0,2,0,3334,A
5-NP,790,0,3381,0,0,3381,T
5-NP,791,0,3275,0,0,3275,T
5-NP,792,0,2,3490,1,3493,G
5-NP,793,3553,0,4,0,3557,A
5-NP,794,0,3552,0,1,3553,T
5-NP,795,3566,0,0,0,3566,A
5-NP,796,0,3484,0,2,3486,T
5-NP,797,0,3446,0,0,3446,T
5-NP,798,1,0,3481,0,3482,G
5-NP,799,3427,0,1,0,3428,A
5-NP,800,1,1,3455,0,3457,G
5-NP,801,3256,0,1,0,3257,A
5-NP,802,0,4,3218,0,3222,G
5-NP,803,1,0,3255,0,3256,G
5-NP,804,3231,0,2,0,3233,A
5-NP,805,0,3219,0,3,3222,T
5-NP,806,3,2,0,3258,3263,C
5-NP,807,3244,0,2,0,3246,A
5-NP,808,1,1,3256,0,3258,G
5-NP,809,0,3235,0,0,3235,T
5-NP,810,0,3214,0,1,3215,T
5-NP,811,2,1,3201,0,3204,G
5-NP,812,1,2,0,3171,3174,C
5-NP,813,0,3168,0,6,3174,T
5-NP,814,9,1,0,3182,3192,C
5-NP,815,3198,0,0,0,3198,A
5-NP,816,1,1,0,3220,3222,C
5-NP,817,3221,1,0,0,3222,A
5-NP,818,3230,1,1,0,3232,A
5-NP,819,3225,0,0,0,3225,A
5-NP,820,0,3206,0,0,3206,T
5-NP,821,1,0,0,3236,3237,C
5-NP,822,0,3230,0,3,3233,T
5-NP,823,0,3216,0,0,3216,T
5-NP,824,0,1,3245,0,3246,G
5-NP,825,0,2,0,3207,3209,C
5-NP,826,2,0,0,3232,3234,C
5-NP,827,0,3257,0,0,3257,T
5-NP,828,3216,0,2,0,3218,A
5-NP,829,1,0,0,3262,3263,C
5-NP,830,1,0,1,3286,3288,C
5-NP,831,0,3256,0,2,3258,T
5-NP,832,1,0,3299,1,3301,G
5-NP,833,2,2,0,3255,3259,C
5-NP,834,3,2,0,3297,3302,C
5-NP,835,1,3247,0,3,3251,T
5-NP,836,0,1,3276,0,3277,G
5-NP,837,0,3245,0,3,3248,T
5-NP,838,0,0,3307,0,3307,G
5-NP,839,1,2,0,3315,3318,C
5-NP,840,0,1,3351,0,3352,G
5-NP,841,0,3293,0,3,3296,T
5-NP,842,3287,0,1,0,3288,A
5-NP,843,0,3284,0,3,3287,T
5-NP,844,1,2,3282,0,3285,G
5-NP,845,0,3,3368,1,3372,G
5-NP,846,3336,1,3,0,3340,A
5-NP,847,0,0,0,3311,3311,C
5-NP,848,1,0,0,3313,3314,C
5-NP,849,0,3252,0,1,3253,T
5-NP,850,1,1,3371,0,3373,G
5-NP,851,0,1,0,3372,3373,C
5-NP,852,3389,1,4,0,3394,A
5-NP,853,0,0,3455,1,3456,G
5-NP,854,0,3317,0,2,3319,T
5-NP,855,3429,0,1,0,3430,A
5-NP,856,0,3402,0,2,3404,T
5-NP,857,4,0,0,3404,3408,C
5-NP,858,0,1,0,3411,3412,C
5-NP,859,3257,0,2,0,3259,A
5-NP,860,0,0,3284,0,3284,G
5-NP,861,0,3250,0,3,3253,T
5-NP,862,0,0,3268,0,3268,G
5-NP,863,1,0,3241,0,3242,G
5-NP,864,2,0,3205,0,3207,G
5-NP,865,0,3202,0,6,3208,T
5-NP,866,3200,0,0,0,3200,A
5-NP,867,3,4,0,3186,3193,C
5-NP,868,2,4,3188,0,3194,G
5-NP,869,3172,0,0,0,3172,A
5-NP,870,0,0,0,3176,3176,C
5-NP,871,0,3096,0,1,3097,T
5-NP,872,0,3104,0,0,3104,T
5-NP,873,5,2,0,3112,3119,C
5-NP,874,2,4,3109,0,3115,G
5-NP,875,3112,1,0,0,3113,A
5-NP,876,3107,1,0,0,3108,A
5-NP,877,3115,0,0,0,3115,A
5-NP,878,3116,0,0,0,3116,A
5-NP,879,3105,0,4,0,3109,A
5-NP,880,2,1,3107,0,3110,G
5-NP,881,3102,0,1,0,3103,A
5-NP,882,11,2,3096,0,3109,G
5-NP,883,1,1,3139,0,3141,G
5-NP,884,0,1,3150,0,3151,G
5-NP,885,3161,0,4,0,3165,A
5-NP,886,1,3148,0,2,3151,T
5-NP,887,3169,1,1,0,3171,A
5-NP,888,0,3163,0,0,3163,T
5-NP,889,0,3159,0,0,3159,T
5-NP,890,1,0,0,3211,3212,C
5-NP,891,1,0,0,3187,3188,C
5-NP,892,1,3149,0,0,3150,T
5-NP,893,0,3147,1,1,3149,T
5-NP,894,0,1,3169,0,3170,G
5-NP,895,2,1,3172,0,3175,G
5-NP,896,1,3142,0,1,3144,T
5-NP,897,3,2,3149,0,3154,G
5-NP,898,1,2,3143,0,3146,G
5-NP,899,0,6,3280,0,3286,G
5-NP,900,3280,0,0,0,3280,A
5-NP,901,3290,0,0,0,3290,A
5-NP,902,0,3297,1,0,3298,T
5-NP,903,3233,0,1,0,3234,A
5-NP,904,2,2,3227,0,3231,G
5-NP,905,3155,0,6,0,3161,A
5-NP,906,0,1,0,3163,3164,C
5-NP,907,2,0,0,3124,3126,C
5-NP,908,2,0,0,3068,3070,C
5-NP,909,0,3097,0,4,3101,T
5-NP,910,0,3088,0,1,3089,T
5-NP,911,1,3099,0,0,3100,T
5-NP,912,0,0,1,3095,3096,C
5-NP,913,3094,0,0,0,3094,A
5-NP,914,3081,0,0,0,3081,A
5-NP,915,3080,0,1,0,3081,A
5-NP,916,2,0,0,3076,3078,C
5-NP,917,0,2989,1,1,2991,T
5-NP,918,2986,1,0,0,2987,A
5-NP,919,0,0,0,3030,3030,C
5-NP,920,0,3010,0,2,3012,T
5-NP,921,1,2992,0,0,2993,T
5-NP,922,0,0,0,3029,3029,C
5-NP,923,3023,0,0,1,3024,A
5-NP,924,3028,0,0,0,3028,A
5-NP,925,3014,1,1,0,3016,A
5-NP,926,3006,0,1,1,3008,A
5-NP,927,0,2970,0,0,2970,T
5-NP,928,2926,0,0,0,2926,A
5-NP,929,0,0,2950,2,2952,G
5-NP,930,0,0,1,2961,2962,C
5-NP,931,1,2,0,3000,3003,C
5-NP,932,3011,0,1,0,3012,A
5-NP,933,3024,0,1,0,3025,A
5-NP,934,3119,0,1,0,3120,A
5-NP,935,0,3120,0,0,3120,T
5-NP,936,3152,0,1,0,3153,A
5-NP,937,0,3147,0,0,3147,T
5-NP,938,3091,0,1,0,3092,A
5-NP,939,0,0,0,3100,3100,C
5-NP,940,3010,1,3,0,3014,A
5-NP,941,0,1,3074,0,3075,G
5-NP,942,0,1,0,3065,3066,C
5-NP,943,0,2961,0,3,2964,T
5-NP,944,0,3012,0,1,3013,T
5-NP,945,3030,0,0,0,3030,A
5-NP,946,3028,0,0,0,3028,A
5-NP,947,0,3017,0,1,3018,T
5-NP,948,1,1,0,3020,3022,C
5-NP,949,2895,0,0,0,2895,A
5-NP,950,1,3,2897,0,2901,G
5-NP,951,2873,0,4,0,2877,A
5-NP,952,0,1,0,2925,2926,C
5-NP,953,6,0,1,2898,2905,C
5-NP,954,1,2862,0,0,2863,T
5-NP,955,2905,0,1,0,2906,A
5-NP,956,2887,0,1,0,2888,A
5-NP,957,2,2,0,2899,2903,C
5-NP,958,0,1,2914,0,2915,G
5-NP,959,2825,0,2,0,2827,A
5-NP,960,0,4,2838,0,2842,G
5-NP,961,2828,0,0,0,2828,A
5-NP,962,2859,0,0,0,2859,A
5-NP,963,0,2830,0,1,2831,T
5-NP,964,1,0,1,2809,2811,C
5-NP,965,1,0,0,2821,2822,C
5-NP,966,2717,1,3,0,2721,A
5-NP,967,2,1,2739,0,2742,G
5-NP,968,0,0,0,2728,2728,C
5-NP,969,2751,0,1,0,2752,A
5-NP,970,0,1,0,2765,2766,C
5-NP,971,2729,0,3,1,2733,A
5-NP,972,1,0,0,2742,2743,C
5-NP,973,2743,0,1,0,2744,A
5-NP,974,2756,0,1,0,2757,A
5-NP,975,0,0,2747,0,2747,G
5-NP,976,2732,0,3,0,2735,A
5-NP,977,0,3,2736,0,2739,G
5-NP,978,0,2664,0,2,2666,T
5-NP,979,5,0,0,2658,2663,C
5-NP,980,2659,0,2,0,2661,A
5-NP,981,0,0,2661,0,2661,G
5-NP,982,1,0,1,2641,2643,C
5-NP,983,0,2630,0,1,2631,T
5-NP,984,2,0,2654,0,2656,G
5-NP,985,0,1,2658,0,2659,G
5-NP,986,0,2652,0,1,2653,T
5-NP,987,0,0,2680,0,2680,G
5-NP,988,0,2645,0,0,2645,T
5-NP,989,2,1,2643,0,2646,G
5-NP,990,0,1,2623,1,2625,G
5-NP,991,2623,0,0,0,2623,A
5-NP,992,0,2621,0,1,2622,T
5-NP,993,1,1,2507,0,2509,G
5-NP,994,3,2,2495,0,2500,G
5-NP,995,0,1,0,2494,2495,C
5-NP,996,2474,0,2,0,2476,A
5-NP,997,1,2462,1,2,2466,T
5-NP,998,2,0,2435,0,2437,G
5-NP,999,0,0,0,2426,2426,C
5-NP,1000,1,4,0,2453,2458,C
5-NP,1001,2450,0,1,0,2451,A
5-NP,1002,0,2441,0,1,2442,T
5-NP,1003,0,2393,0,1,2394,T
5-NP,1004,3,0,0,2406,2409,C
5-NP,1005,0,2359,0,2,2361,T
5-NP,1006,1,1,2348,0,2350,G
5-NP,1007,0,2,0,2342,2344,C
5-NP,1008,1,2241,0,2,2244,T
5-NP,1009,0,0,2269,0,2269,G
5-NP,1010,0,0,0,2201,2201,C
5-NP,1011,2205,1,1,0,2207,A
5-NP,1012,0,2204,0,1,2205,T
5-NP,1013,0,2182,0,0,2182,T
5-NP,1014,0,2181,0,0,2181,T
5-NP,1015,1,0,2172,1,2174,G
5-NP,1016,2176,0,0,0,2176,A
5-NP,1017,2185,0,1,0,2186,A
5-NP,1018,0,0,2206,0,2206,G
5-NP,1019,2195,0,0,0,2195,A
5-NP,1020,0,2181,0,0,2181,T
5-NP,1021,0,2186,0,1,2187,T
5-NP,1022,0,2191,0,0,2191,T
5-NP,1023,2185,0,1,0,2186,A
5-NP,1024,2191,1,0,0,2192,A
5-NP,1025,0,1,2192,0,2193,G
5-NP,1026,2177,1,0,0,2178,A
5-NP,1027,1,2173,0,1,2175,T
5-NP,1028,0,2135,0,0,2135,T
5-NP,1029,1,1,2148,0,2150,G
5-NP,1030,1,2153,0,1,2155,T
5-NP,1031,0,2145,0,2,2147,T
5-NP,1032,2155,0,2,0,2157,A
5-NP,1033,2154,0,0,0,2154,A
5-NP,1034,1,2,2151,0,2154,G
5-NP,1035,1,0,0,2164,2165,C
5-NP,1036,0,2100,0,3,2103,T
5-NP,1037,0,2114,0,1,2115,T
5-NP,1038,0,1,0,2118,2119,C
5-NP,1039,2125,0,1,0,2126,A
5-NP,1040,0,2102,0,1,2103,T
5-NP,1041,0,2,0,2119,2121,C
5-NP,1042,2090,0,0,0,2090,A
5-NP,1043,0,0,2099,0,2099,G
5-NP,1044,2060,0,2,0,2062,A
5-NP,1045,1,0,2058,0,2059,G
5-NP,1046,1,1,2053,1,2056,G
5-NP,1047,2,1,2044,0,2047,G
5-NP,1048,2043,0,2,0,2045,A
5-NP,1049,0,0,0,2047,2047,C
5-NP,1050,2061,0,0,0,2061,A
5-NP,1051,2063,0,0,0,2063,A
5-NP,1052,2071,0,0,0,2071,A
5-NP,1053,2081,0,4,0,2085,A
5-NP,1054,0,0,2088,0,2088,G
5-NP,1055,0,2025,0,0,2025,T
5-NP,1056,2013,0,0,0,2013,A
5-NP,1057,0,1995,0,0,1995,T
5-NP,1058,0,0,0,2000,2000,C
5-NP,1059,0,1957,0,0,1957,T
5-NP,1060,2,0,0,1977,1979,C
5-NP,1061,2,0,0,1954,1956,C
5-NP,1062,0,1937,0,0,1937,T
5-NP,1063,1,0,0,1943,1944,C
5-NP,1064,0,0,1951,0,1951,G
5-NP,1065,0,0,1963,0,1963,G
5-NP,1066,0,2,1953,0,1955,G
5-NP,1067,0,0,1944,0,1944,G
5-NP,1068,0,0,1957,0,1957,G
5-NP,1069,1911,0,0,0,1911,A
5-NP,1070,1917,0,1,0,1918,A
5-NP,1071,1911,0,5,1,1917,A
5-NP,1072,2,1,0,1929,1932,C
5-NP,1073,1,1917,0,0,1918,T
5-NP,1074,1,1,1936,0,1938,G
5-NP,1075,0,1922,0,1,1923,T
5-NP,1076,3,0,0,1925,1928,C
5-NP,1077,1934,0,3,0,1937,A
5-NP,1078,1953,0,1,0,1954,A
5-NP,1079,1,0,0,1964,1965,C
5-NP,1080,0,1967,0,1,1968,T
5-NP,1081,1918,0,0,0,1918,A
5-NP,1082,0,2,1922,0,1924,G
5-NP,1083,1883,0,1,0,1884,A
5-NP,1084,1,0,1891,0,1892,G
5-NP,1085,0,0,1889,0,1889,G
5-NP,1086,1802,1,0,0,1803,A
5-NP,1087,0,1,1892,0,1893,G
5-NP,1088,0,1866,0,0,1866,T
5-NP,1089,1863,0,1,0,1864,A
5-NP,1090,3,2,0,1857,1862,C
5-NP,1091,1843,0,0,0,1843,A
5-NP,1092,1840,0,1,0,1841,A
5-NP,1093,1825,0,1,0,1826,A
5-NP,1094,0,1800,0,0,1800,T
5-NP,1095,0,1788,0,0,1788,T
5-NP,1096,0,1,1741,0,1742,G
5-NP,1097,0,0,0,1726,1726,C
5-NP,1098,0,1715,0,0,1715,T
5-NP,1099,0,1717,0,0,1717,T
5-NP,1100,3,0,0,1710,1713,C
5-NP,1101,1710,0,0,0,1710,A
5-NP,1102,1722,0,0,0,1722,A
5-NP,1103,1715,0,0,0,1715,A
5-NP,1104,0,1720,0,0,1720,T
5-NP,1105,0,1,1714,0,1715,G
5-NP,1106,1680,0,0,0,1680,A
5-NP,1107,0,3,1695,0,1698,G
5-NP,1108,1696,1,2,0,1699,A
5-NP,1109,1691,1,1,0,1693,A
5-NP,1110,3,1,0,1694,1698,C
5-NP,1111,1676,1,0,0,1677,A
5-NP,1112,1,1681,0,0,1682,T
5-NP,1113,0,1,1700,0,1701,G
5-NP,1114,2,0,1712,0,1714,G
5-NP,1115,1711,0,0,0,1711,A
5-NP,1116,0,1682,0,1,1683,T
5-NP,1117,1665,0,0,0,1665,A
5-NP,1118,1760,0,0,1,1761,A
5-NP,1119,0,1748,0,0,1748,T
5-NP,1120,1737,0,1,0,1738,A
5-NP,1121,0,1718,0,0,1718,T
5-NP,1122,0,0,1618,0,1618,G
5-NP,1123,2,3,1586,0,1591,G
5-NP,1124,0,2,1573,0,1575,G
5-NP,1125,1579,0,0,0,1579,A
5-NP,1126,0,1573,0,0,1573,T
5-NP,1127,2,0,0,1331,1333,C
5-NP,1128,0,2,1332,0,1334,G
5-NP,1129,1327,0,0,0,1327,A
5-NP,1130,1,0,1326,0,1327,G
5-NP,1131,1,0,0,1316,1317,C
5-NP,1132,1306,0,0,0,1306,A
5-NP,1133,0,0,0,1376,1376,C
5-NP,1134,0,1368,0,1,1369,T
5-NP,1135,3,0,0,1370,1373,C
5-NP,1136,0,1367,0,3,1370,T
5-NP,1137,0,1354,0,0,1354,T
5-NP,1138,1,1,1359,0,1361,G
5-NP,1139,1353,1,1,0,1355,A
5-NP,1140,1364,0,0,0,1364,A
5-NP,1141,1,1,0,1361,1363,C
5-NP,1142,0,1168,1,0,1169,T
5-NP,1143,0,1,1171,0,1172,G
5-NP,1144,1146,0,1,0,1147,A
5-NP,1145,0,0,1159,0,1159,G
5-NP,1146,1154,0,1,0,1155,A
5-NP,1147,1144,0,1,0,1145,A
5-NP,1148,0,2,1150,0,1152,G
5-NP,1149,1,1,0,1124,1126,C
5-NP,1150,0,1,1127,0,1128,G
5-NP,1151,1,0,1130,0,1131,G
5-NP,1152,1,0,1128,0,1129,G
5-NP,1153,0,1115,0,1,1116,T
5-NP,1154,1101,0,0,0,1101,A
5-NP,1155,1,0,0,1111,1112,C
5-NP,1156,0,948,0,0,948,T
5-NP,1157,0,0,939,0,939,G
5-NP,1158,0,0,930,0,930,G
5-NP,1159,0,0,933,0,933,G
5-NP,1160,0,0,0,916,916,C
5-NP,1161,2,0,0,895,897,C
5-NP,1162,900,0,1,0,901,A
5-NP,1163,0,904,0,0,904,T
5-NP,1164,896,0,0,0,896,A
5-NP,1165,897,0,0,0,897,A
5-NP,1166,0,0,892,0,892,G
5-NP,1167,0,1,904,0,905,G
5-NP,1168,881,0,0,0,881,A
5-NP,1169,0,0,0,888,888,C
5-NP,1170,1,0,0,890,891,C
5-NP,1171,878,0,1,0,879,A
5-NP,1172,0,0,899,0,899,G
5-NP,1173,0,1,898,0,899,G
5-NP,1174,893,0,0,0,893,A
5-NP,1175,0,1,893,0,894,G
5-NP,1176,0,852,0,0,852,T
5-NP,1177,0,0,857,1,858,G
5-NP,1178,1,0,873,0,874,G
5-NP,1179,853,0,1,0,854,A
5-NP,1180,0,0,874,0,874,G
5-NP,1181,0,0,860,0,860,G
5-NP,1182,845,0,0,0,845,A
5-NP,1183,850,0,0,0,850,A
5-NP,1184,849,0,1,0,850,A
5-NP,1185,1,0,0,851,852,C
5-NP,1186,847,0,1,0,848,A
5-NP,1187,0,1,0,861,862,C
5-NP,1188,0,861,0,0,861,T
5-NP,1189,883,0,1,0,884,A
5-NP,1190,875,0,0,0,875,A
5-NP,1191,0,876,0,0,876,T
5-NP,1192,0,0,0,888,888,C
5-NP,1193,881,0,0,0,881,A
5-NP,1194,887,0,1,0,888,A
5-NP,1195,0,0,0,887,887,C
5-NP,1196,867,0,0,0,867,A
5-NP,1197,0,0,874,0,874,G
5-NP,1198,847,0,2,0,849,A
5-NP,1199,1,1,861,0,863,G
5-NP,1200,1,1,856,0,858,G
5-NP,1201,0,0,867,0,867,G
5-NP,1202,0,2,0,852,854,C
5-NP,1203,0,0,0,855,855,C
5-NP,1204,0,829,0,1,830,T
5-NP,1205,0,0,0,845,845,C
5-NP,1206,1,0,0,843,844,C
5-NP,1207,0,0,847,0,847,G
5-NP,1208,1,0,0,846,847,C
5-NP,1209,845,0,0,0,845,A
5-NP,1210,1,0,861,0,862,G
5-NP,1211,1,0,846,0,847,G
5-NP,1212,0,0,0,852,852,C
5-NP,1213,1,0,0,860,861,C
5-NP,1214,864,0,0,0,864,A
5-NP,1215,866,0,1,0,867,A
5-NP,1216,868,0,0,0,868,A
5-NP,1217,0,0,0,866,866,C
5-NP,1218,1,1,0,873,875,C
5-NP,1219,774,0,0,0,774,A
5-NP,1220,0,1,779,0,780,G
5-NP,1221,0,769,0,0,769,T
5-NP,1222,0,0,790,0,790,G
5-NP,1223,0,764,0,1,765,T
5-NP,1224,0,0,774,0,774,G
5-NP,1225,0,0,0,779,779,C
5-NP,1226,777,0,0,0,777,A
5-NP,1227,787,0,0,0,787,A
5-NP,1228,0,0,0,787,787,C
5-NP,1229,1,0,0,782,783,C
5-NP,1230,0,780,0,0,780,T
5-NP,1231,773,0,0,0,773,A
5-NP,1232,0,0,0,768,768,C
5-NP,1233,0,0,772,0,772,G
5-NP,1234,0,767,0,1,768,T
5-NP,1235,0,769,0,0,769,T
5-NP,1236,0,760,0,0,760,T
5-NP,1237,0,749,0,0,749,T
5-NP,1238,0,0,0,756,756,C
5-NP,1239,0,747,0,0,747,T
5-NP,1240,0,0,774,0,774,G
5-NP,1241,0,773,0,0,773,T
5-NP,1242,767,0,0,0,767,A
5-NP,1243,0,0,0,774,774,C
5-NP,1244,760,0,0,0,760,A
5-NP,1245,758,0,4,0,762,A
5-NP,1246,761,0,0,0,761,A
5-NP,1247,0,1,759,0,760,G
5-NP,1248,758,0,0,0,758,A
5-NP,1249,740,0,0,0,740,A
5-NP,1250,730,0,0,0,730,A
5-NP,1251,0,1,1,735,737,C
5-NP,1252,1,0,0,719,720,C
5-NP,1253,1,695,0,3,699,T
5-NP,1254,0,0,0,716,716,C
5-NP,1255,0,0,0,713,713,C
5-NP,1256,0,0,0,717,717,C
5-NP,1257,712,0,0,0,712,A
5-NP,1258,0,718,0,0,718,T
5-NP,1259,0,719,0,0,719,T
5-NP,1260,0,715,0,0,715,T
5-NP,1261,0,0,713,0,713,G
5-NP,1262,712,1,1,0,714,A
5-NP,1263,713,0,0,0,713,A
5-NP,1264,711,0,0,0,711,A
5-NP,1265,718,0,1,0,719,A
5-NP,1266,0,0,724,0,724,G
5-NP,1267,0,711,0,0,711,T
5-NP,1268,1,0,0,713,714,C
5-NP,1269,719,0,0,0,719,A
5-NP,1270,714,0,0,0,714,A
5-NP,1271,2,0,0,735,737,C
5-NP,1272,1,1,0,741,743,C
5-NP,1273,738,1,0,0,739,A
5-NP,1274,0,737,0,1,738,T
5-NP,1275,0,0,0,743,743,C
5-NP,1276,735,0,0,0,735,A
5-NP,1277,0,731,0,0,731,T
5-NP,1278,0,0,736,0,736,G
5-NP,1279,0,0,734,0,734,G
5-NP,1280,0,0,0,741,741,C
5-NP,1281,717,0,0,0,717,A
5-NP,1282,1,1,716,0,718,G
5-NP,1283,0,0,0,713,713,C
5-NP,1284,714,0,0,0,714,A
5-NP,1285,1,711,0,0,712,T
5-NP,1286,0,706,1,0,707,T
5-NP,1287,2,0,0,711,713,C
5-NP,1288,700,0,1,0,701,A
5-NP,1289,0,0,0,716,716,C
5-NP,1290,1,709,0,1,711,T
5-NP,1291,0,1,718,0,719,G
5-NP,1292,0,1,729,0,730,G
5-NP,1293,725,0,1,0,726,A
5-NP,1294,728,0,0,0,728,A
5-NP,1295,726,0,0,0,726,A
5-NP,1296,0,709,0,0,709,T
5-NP,1297,717,0,0,0,717,A
5-NP,1298,0,0,0,713,713,C
5-NP,1299,0,1,690,0,691,G
5-NP,1300,0,0,689,0,689,G
5-NP,1301,662,0,1,0,663,A
5-NP,1302,1,0,667,0,668,G
5-NP,1303,1,0,661,0,662,G
5-NP,1304,0,0,667,0,667,G
5-NP,1305,668,0,0,0,668,A
5-NP,1306,666,0,1,0,667,A
5-NP,1307,0,1,672,0,673,G
5-NP,1308,666,0,1,0,667,A
5-NP,1309,675,1,0,0,676,A
5-NP,1310,0,0,0,687,687,C
5-NP,1311,0,671,0,0,671,T
5-NP,1312,0,675,0,1,676,T
5-NP,1313,1,0,0,679,680,C
5-NP,1314,682,0,3,0,685,A
5-NP,1315,0,1,685,0,686,G
5-NP,1316,680,0,0,0,680,A
5-NP,1317,0,0,0,688,688,C
5-NP,1318,684,0,0,0,684,A
5-NP,1319,0,660,0,0,660,T
5-NP,1320,1,0,664,0,665,G
5-NP,1321,650,0,1,0,651,A
5-NP,1322,0,0,657,0,657,G
5-NP,1323,0,0,651,0,651,G
5-NP,1324,0,0,655,0,655,G
5-NP,1325,0,0,1,655,656,C
5-NP,1326,650,0,0,0,650,A
5-NP,1327,0,0,652,0,652,G
5-NP,1328,652,0,0,0,652,A
5-NP,1329,656,0,0,0,656,A
5-NP,1330,653,0,0,0,653,A
5-NP,1331,0,637,0,0,637,T
5-NP,1332,1,0,0,644,645,C
5-NP,1333,645,0,0,0,645,A
5-NP,1334,0,646,1,0,647,T
5-NP,1335,646,0,1,0,647,A
5-NP,1336,647,0,0,0,647,A
5-NP,1337,0,0,656,1,657,G
5-NP,1338,642,0,0,0,642,A
5-NP,1339,652,0,0,0,652,A
5-NP,1340,0,635,0,0,635,T
5-NP,1341,0,0,644,0,644,G
5-NP,1342,641,0,1,0,642,A
5-NP,1343,0,640,0,0,640,T
5-NP,1344,1,0,644,0,645,G
5-NP,1345,1,1,645,0,647,G
5-NP,1346,635,0,0,0,635,A
5-NP,1347,630,0,0,0,630,A
5-NP,1348,0,0,608,0,608,G
5-NP,1349,0,0,618,0,618,G
5-NP,1350,0,612,0,2,614,T
5-NP,1351,0,0,616,0,616,G
5-NP,1352,0,0,0,611,611,C
5-NP,1353,614,0,1,0,615,A
5-NP,1354,612,0,1,0,613,A
5-NP,1355,615,0,0,0,615,A
5-NP,1356,621,0,0,0,621,A
5-NP,1357,0,0,0,618,618,C
5-NP,1358,0,0,0,617,617,C
5-NP,1359,610,0,1,0,611,A
5-NP,1360,0,0,623,0,623,G
5-NP,1361,616,0,2,0,618,A
5-NP,1362,617,0,0,0,617,A
5-NP,1363,0,0,622,0,622,G
5-NP,1364,612,1,0,0,613,A
5-NP,1365,590,0,0,0,590,A
5-NP,1366,0,0,603,0,603,G
5-NP,1367,0,592,0,0,592,T
5-NP,1368,0,0,593,0,593,G
5-NP,1369,0,576,0,1,577,T
5-NP,1370,0,0,0,581,581,C
5-NP,1371,579,0,0,0,579,A
5-NP,1372,0,581,0,0,581,T
5-NP,1373,0,581,0,0,581,T
5-NP,1374,1,0,0,586,587,C
5-NP,1375,1,0,0,576,577,C
5-NP,1376,0,0,572,0,572,G
5-NP,1377,0,1,569,0,570,G
5-NP,1378,0,1,571,0,572,G
5-NP,1379,0,0,565,0,565,G
5-NP,1380,0,0,568,0,568,G
5-NP,1381,544,0,0,0,544,A
5-NP,1382,1,0,542,0,543,G
5-NP,1383,0,0,544,0,544,G
5-NP,1384,0,0,545,0,545,G
5-NP,1385,0,0,544,0,544,G
5-NP,1386,537,0,0,0,537,A
5-NP,1387,0,0,540,0,540,G
5-NP,1388,0,537,0,0,537,T
5-NP,1389,0,530,0,0,530,T
5-NP,1390,0,537,0,0,537,T
5-NP,1391,0,529,0,0,529,T
5-NP,1392,1,0,0,529,530,C
5-NP,1393,0,0,532,0,532,G
5-NP,1394,525,0,0,0,525,A
5-NP,1395,0,0,538,0,538,G
5-NP,1396,0,0,0,528,528,C
5-NP,1397,0,526,0,2,528,T
5-NP,1398,0,0,0,537,537,C
5-NP,1399,0,532,0,0,532,T
5-NP,1400,0,0,0,533,533,C
5-NP,1401,532,0,0,0,532,A
5-NP,1402,0,0,543,0,543,G
5-NP,1403,544,0,0,0,544,A
5-NP,1404,0,0,0,542,542,C
5-NP,1405,0,2,536,0,538,G
5-NP,1406,535,0,0,0,535,A
5-NP,1407,0,1,528,0,529,G
5-NP,1408,524,0,0,0,524,A
5-NP,1409,525,0,0,0,525,A
5-NP,1410,0,1,523,0,524,G
5-NP,1411,0,0,517,0,517,G
5-NP,1412,1,0,0,517,518,C
5-NP,1413,522,0,1,0,523,A
5-NP,1414,522,1,0,1,524,A
5-NP,1415,0,0,0,528,528,C
5-NP,1416,0,0,523,0,523,G
5-NP,1417,525,0,0,0,525,A
5-NP,1418,513,0,0,0,513,A
5-NP,1419,0,0,0,521,521,C
5-NP,1420,0,0,0,517,517,C
5-NP,1421,0,0,0,513,513,C
5-NP,1422,0,0,512,0,512,G
5-NP,1423,509,0,1,0,510,A
5-NP,1424,0,513,0,0,513,T
5-NP,1425,0,0,0,501,501,C
5-NP,1426,0,0,502,0,502,G
5-NP,1427,0,502,0,0,502,T
5-NP,1428,0,0,493,0,493,G
5-NP,1429,0,0,0,484,484,C
5-NP,1430,0,0,0,488,488,C
5-NP,1431,0,0,0,486,486,C
5-NP,1432,0,483,0,0,483,T
5-NP,1433,0,0,0,497,497,C
5-NP,1434,1,494,0,0,495,T
5-NP,1435,0,486,1,0,487,T
5-NP,1436,0,498,0,0,498,T
5-NP,1437,0,489,0,0,489,T
5-NP,1438,0,1,494,0,495,G
5-NP,1439,493,0,0,0,493,A
5-NP,1440,0,484,0,0,484,T
5-NP,1441,486,0,0,0,486,A
5-NP,1442,0,406,0,0,406,T
5-NP,1443,0,0,412,0,412,G
5-NP,1444,408,0,0,0,408,A
5-NP,1445,0,0,408,0,408,G
5-NP,1446,0,405,0,0,405,T
5-NP,1447,390,0,2,0,392,A
5-NP,1448,392,0,0,0,392,A
5-NP,1449,0,391,0,0,391,T
5-NP,1450,0,1,387,0,388,G
5-NP,1451,388,0,0,0,388,A
5-NP,1452,343,0,0,0,343,A
5-NP,1453,0,1,345,0,346,G
5-NP,1454,0,0,326,0,326,G
5-NP,1455,326,0,0,0,326,A
5-NP,1456,0,327,1,1,329,T
5-NP,1457,1,0,0,326,327,C
5-NP,1458,0,326,0,0,326,T
5-NP,1459,0,326,0,0,326,T
5-NP,1460,325,0,0,0,325,A
5-NP,1461,0,326,0,0,326,T
5-NP,1462,0,316,0,1,317,T
5-NP,1463,0,312,0,0,312,T
5-NP,1464,0,0,0,299,299,C
5-NP,1465,0,293,0,0,293,T
5-NP,1466,0,293,0,0,293,T
5-NP,1467,2,0,0,290,292,C
5-NP,1468,1,0,292,0,293,G
5-NP,1469,0,0,291,0,291,G
5-NP,1470,289,0,1,0,290,A
5-NP,1471,0,0,290,0,290,G
5-NP,1472,290,1,0,0,291,A
5-NP,1473,0,0,0,285,285,C
5-NP,1474,277,0,0,0,277,A
5-NP,1475,273,0,0,0,273,A
5-NP,1476,0,274,0,0,274,T
5-NP,1477,0,0,272,0,272,G
5-NP,1478,0,1,0,273,274,C
5-NP,1479,258,0,0,0,258,A
5-NP,1480,0,1,261,0,262,G
5-NP,1481,255,0,0,5,260,A
5-NP,1482,238,0,1,0,239,A
5-NP,1483,0,0,241,0,241,G
5-NP,1484,166,0,0,0,166,A
5-NP,1485,0,0,162,0,162,G
5-NP,1486,0,150,0,0,150,T
5-NP,1487,149,0,0,0,149,A
5-NP,1488,0,1,0,147,148,C
5-NP,1489,0,0,137,0,137,G
5-NP,1490,138,0,0,0,138,A
5-NP,1491,0,0,0,135,135,C
5-NP,1492,103,0,0,0,103,A
5-NP,1493,101,0,0,0,101,A
5-NP,1494,0,81,0,0,81,T
5-NP,1495,0,78,0,0,78,T
5-NP,1496,75,0,0,0,75,A
5-NP,1497,72,0,0,0,72,A
6-NA,1,103,0,0,0,103,A
6-NA,2,0,105,0,0,105,T
6-NA,3,0,0,105,0,105,G
6-NA,4,106,0,0,0,106,A
6-NA,5,112,0,0,0,112,A
6-NA,6,0,112,0,0,112,T
6-NA,7,0,0,0,112,112,C
6-NA,8,0,0,0,110,110,C
6-NA,9,111,1,0,0,112,A
6-NA,10,121,0,0,0,121,A
6-NA,11,122,0,0,0,122,A
6-NA,12,0,126,0,0,126,T
6-NA,13,0,0,0,127,127,C
6-NA,14,126,0,0,0,126,A
6-NA,15,128,0,0,0,128,A
6-NA,16,129,0,0,0,129,A
6-NA,17,139,0,0,0,139,A
6-NA,18,0,0,153,0,153,G
6-NA,19,161,0,0,0,161,A
6-NA,20,0,162,0,0,162,T
6-NA,21,166,0,0,0,166,A
6-NA,22,165,0,1,0,166,A
6-NA,23,0,167,0,0,167,T
6-NA,24,169,0,0,0,169,A
6-NA,25,172,0,0,0,172,A
6-NA,26,0,0,0,176,176,C
6-NA,27,1,0,177,0,178,G
6-NA,28,177,0,0,0,177,A
6-NA,29,0,175,0,0,175,T
6-NA,30,0,177,0,0,177,T
6-NA,31,0,0,178,0,178,G
6-NA,32,0,0,191,0,191,G
6-NA,33,0,0,0,195,195,C
6-NA,34,0,194,0,0,194,T
6-NA,35,0,0,0,205,205,C
6-NA,36,0,204,0,0,204,T
6-NA,37,0,0,214,0,214,G
6-NA,38,0,213,0,0,213,T
6-NA,39,0,218,0,0,218,T
6-NA,40,0,222,0,0,222,T
6-NA,41,0,0,0,230,230,C
6-NA,42,0,228,0,0,228,T
6-NA,43,0,0,0,233,233,C
6-NA,44,0,232,0,0,232,T
6-NA,45,0,0,0,236,236,C
6-NA,46,234,0,1,0,235,A
6-NA,47,0,0,0,248,248,C
6-NA,48,0,0,0,248,248,C
6-NA,49,248,0,0,0,248,A
6-NA,50,0,252,0,0,252,T
6-NA,51,0,258,0,1,259,T
6-NA,52,0,259,0,0,259,T
6-NA,53,0,0,0,265,265,C
6-NA,54,0,0,0,265,265,C
6-NA,55,266,0,0,0,266,A
6-NA,56,0,0,0,280,280,C
6-NA,57,283,0,0,0,283,A
6-NA,58,289,0,0,0,289,A
6-NA,59,0,289,0,0,289,T
6-NA,60,296,0,0,0,296,A
6-NA,61,0,297,0,0,297,T
6-NA,62,0,0,299,0,299,G
6-NA,63,0,0,0,303,303,C
6-NA,64,0,300,0,1,301,T
6-NA,65,0,304,0,0,304,T
6-NA,66,0,0,0,307,307,C
6-NA,67,0,308,0,0,308,T
6-NA,68,0,311,0,0,311,T
6-NA,69,0,0,0,307,307,C
6-NA,70,307,1,0,0,308,A
6-NA,71,0,305,0,0,305,T
6-NA,72,0,1,303,0,304,G
6-NA,73,0,1,0,302,303,C
6-NA,74,301,0,0,0,301,A
6-NA,75,305,0,0,0,305,A
6-NA,76,306,0,0,0,306,A
6-NA,77,0,311,0,0,311,T
6-NA,78,0,310,0,0,310,T
6-NA,79,0,0,312,0,312,G
6-NA,80,1,0,0,315,316,C
6-NA,81,0,0,0,317,317,C
6-NA,82,316,0,0,0,316,A
6-NA,83,0,318,0,0,318,T
6-NA,84,0,0,0,338,338,C
6-NA,85,0,340,0,0,340,T
6-NA,86,0,337,0,0,337,T
6-NA,87,0,0,348,0,348,G
6-NA,88,345,0,0,0,345,A
6-NA,89,0,350,0,0,350,T
6-NA,90,350,0,0,0,350,A
6-NA,91,352,0,0,0,352,A
6-NA,92,0,0,0,377,377,C
6-NA,93,0,372,0,0,372,T
6-NA,94,371,0,0,0,371,A
6-NA,95,0,0,0,391,391,C
6-NA,96,0,384,0,0,384,T
6-NA,97,0,1,390,0,391,G
6-NA,98,0,390,0,0,390,T
6-NA,99,393,0,0,0,393,A
6-NA,100,395,0,0,0,395,A
6-NA,101,0,0,0,380,380,C
6-NA,102,372,0,0,0,372,A
6-NA,103,0,380,0,0,380,T
6-NA,104,0,369,0,0,369,T
6-NA,105,0,0,370,0,370,G
6-NA,106,0,1,0,366,367,C
6-NA,107,369,0,0,0,369,A
6-NA,108,0,373,0,0,373,T
6-NA,109,0,372,0,0,372,T
6-NA,110,0,371,0,0,371,T
6-NA,111,0,0,0,372,372,C
6-NA,112,373,0,0,0,373,A
6-NA,113,372,0,0,0,372,A
6-NA,114,0,0,371,0,371,G
6-NA,115,0,1,0,372,373,C
6-NA,116,374,0,0,0,374,A
6-NA,117,394,0,0,0,394,A
6-NA,118,0,395,0,0,395,T
6-NA,119,402,0,1,0,403,A
6-NA,120,0,405,0,0,405,T
6-NA,121,0,0,413,0,413,G
6-NA,122,408,0,0,0,408,A
6-NA,123,419,1,0,0,420,A
6-NA,124,0,418,0,0,418,T
6-NA,125,1,420,0,0,421,T
6-NA,126,0,0,0,417,417,C
6-NA,127,412,0,0,0,412,A
6-NA,128,412,2,0,0,414,A
6-NA,129,0,0,0,416,416,C
6-NA,130,0,415,0,0,415,T
6-NA,131,1,0,0,418,419,C
6-NA,132,1,0,0,415,416,C
6-NA,133,0,0,0,426,426,C
6-NA,134,0,0,0,429,429,C
6-NA,135,2,1,0,428,431,C
6-NA,136,0,0,0,437,437,C
6-NA,137,0,0,0,433,433,C
6-NA,138,438,0,0,0,438,A
6-NA,139,435,0,0,0,435,A
6-NA,140,437,0,0,0,437,A
6-NA,141,0,0,0,454,454,C
6-NA,142,450,0,0,0,450,A
6-NA,143,454,0,1,0,455,A
6-NA,144,0,0,0,455,455,C
6-NA,145,0,0,0,456,456,C
6-NA,146,464,0,1,0,465,A
6-NA,147,468,0,0,0,468,A
6-NA,148,0,0,477,0,477,G
6-NA,149,0,475,0,0,475,T
6-NA,150,0,0,476,0,476,G
6-NA,151,482,0,0,0,482,A
6-NA,152,0,482,0,0,482,T
6-NA,153,0,1,481,0,482,G
6-NA,154,0,1,0,488,489,C
6-NA,155,0,489,0,1,490,T
6-NA,156,0,0,521,0,521,G
6-NA,157,0,520,0,1,521,T
6-NA,158,0,0,529,0,529,G
6-NA,159,1,525,0,1,527,T
6-NA,160,0,1,524,0,525,G
6-NA,161,526,0,3,0,529,A
6-NA,162,527,0,1,0,528,A
6-NA,163,2,0,0,528,530,C
6-NA,164,1,0,0,527,528,C
6-NA,165,520,0,1,0,521,A
6-NA,166,528,0,0,0,528,A
6-NA,167,0,2,0,540,542,C
6-NA,168,541,0,0,0,541,A
6-NA,169,550,0,1,0,551,A
6-NA,170,0,551,0,1,552,T
6-NA,171,551,0,0,0,551,A
6-NA,172,551,0,1,0,552,A
6-NA,173,0,552,0,0,552,T
6-NA,174,552,0,0,0,552,A
6-NA,175,0,0,554,0,554,G
6-NA,176,533,0,0,0,533,A
6-NA,177,542,0,0,0,542,A
6-NA,178,539,0,2,0,541,A
6-NA,179,0,1,545,0,546,G
6-NA,180,557,0,0,0,557,A
6-NA,181,558,0,0,0,558,A
6-NA,182,580,0,6,0,586,A
6-NA,183,0,0,0,590,590,C
6-NA,184,594,0,0,0,594,A
6-NA,185,0,597,0,0,597,T
6-NA,186,609,0,0,0,609,A
6-NA,187,608,0,3,0,611,A
6-NA,188,0,0,0,631,631,C
6-NA,189,622,0,1,0,623,A
6-NA,190,1,0,653,0,654,G
6-NA,191,639,0,2,0,641,A
6-NA,192,0,1,643,0,644,G
6-NA,193,640,0,0,0,640,A
6-NA,194,0,659,0,0,659,T
6-NA,195,659,1,1,0,661,A
6-NA,196,0,0,671,0,671,G
6-NA,197,0,660,0,0,660,T
6-NA,198,1,0,682,0,683,G
6-NA,199,0,683,0,1,684,T
6-NA,200,693,0,0,0,693,A
6-NA,201,0,687,0,0,687,T
6-NA,202,1,0,0,692,693,C
6-NA,203,0,684,0,1,685,T
6-NA,204,0,1,715,0,716,G
6-NA,205,715,0,1,0,716,A
6-NA,206,0,1,0,714,715,C
6-NA,207,1,0,0,712,713,C
6-NA,208,712,0,1,0,713,A
6-NA,209,722,1,0,0,723,A
6-NA,210,0,0,0,724,724,C
6-NA,211,725,0,0,0,725,A
6-NA,212,0,0,0,744,744,C
6-NA,213,0,0,0,738,738,C
6-NA,214,760,0,0,0,760,A
6-NA,215,0,0,0,785,785,C
6-NA,216,0,0,0,793,793,C
6-NA,217,793,0,1,0,794,A
6-NA,218,0,793,0,0,793,T
6-NA,219,793,0,0,0,793,A
6-NA,220,0,0,794,0,794,G
6-NA,221,775,0,0,0,775,A
6-NA,222,0,0,795,0,795,G
6-NA,223,783,0,0,0,783,A
6-NA,224,775,0,0,0,775,A
6-NA,225,0,0,786,0,786,G
6-NA,226,0,1,787,0,788,G
6-NA,227,789,0,1,0,790,A
6-NA,228,791,0,0,0,791,A
6-NA,229,794,0,0,0,794,A
6-NA,230,0,791,0,0,791,T
6-NA,231,791,0,1,0,792,A
6-NA,232,0,787,0,1,788,T
6-NA,233,1,0,779,0,780,G
6-NA,234,0,0,0,795,795,C
6-NA,235,0,0,1,791,792,C
6-NA,236,0,0,0,788,788,C
6-NA,237,2,0,0,791,793,C
6-NA,238,801,0,0,1,802,A
6-NA,239,802,0,0,0,802,A
6-NA,240,801,0,0,0,801,A
6-NA,241,0,799,0,0,799,T
6-NA,242,0,816,0,0,816,T
6-NA,243,809,0,0,0,809,A
6-NA,244,0,0,808,0,808,G
6-NA,245,1,0,0,812,813,C
6-NA,246,811,0,1,0,812,A
6-NA,247,0,1,822,0,823,G
6-NA,248,820,0,0,0,820,A
6-NA,249,840,0,1,0,841,A
6-NA,250,0,845,0,0,845,T
6-NA,251,844,0,0,0,844,A
6-NA,252,0,1,0,848,849,C
6-NA,253,842,0,0,0,842,A
6-NA,254,0,2,841,0,843,G
6-NA,255,841,0,0,0,841,A
6-NA,256,830,0,1,0,831,A
6-NA,257,834,0,0,0,834,A
6-NA,258,0,815,0,1,816,T
6-NA,259,0,818,0,0,818,T
6-NA,260,0,1,812,1,814,G
6-NA,261,0,1,813,0,814,G
6-NA,262,0,822,0,0,822,T
6-NA,263,1,0,0,819,820,C
6-NA,264,807,0,1,0,808,A
6-NA,265,804,0,0,0,804,A
6-NA,266,806,0,0,0,806,A
6-NA,267,795,0,2,0,797,A
6-NA,268,0,0,0,803,803,C
6-NA,269,0,33,0,773,806,C
6-NA,270,0,0,802,0,802,G
6-NA,271,0,0,0,812,812,C
6-NA,272,815,0,0,0,815,A
6-NA,273,817,0,2,0,819,A
6-NA,274,0,810,0,1,811,T
6-NA,275,0,0,813,0,813,G
6-NA,276,0,0,0,807,807,C
6-NA,277,0,0,813,0,813,G
6-NA,278,830,0,1,0,831,A
6-NA,279,0,0,0,842,842,C
6-NA,280,852,0,0,0,852,A
6-NA,281,0,861,0,0,861,T
6-NA,282,0,867,0,1,868,T
6-NA,283,869,0,0,0,869,A
6-NA,284,0,0,0,871,871,C
6-NA,285,865,0,0,0,865,A
6-NA,286,0,1,866,0,867,G
6-NA,287,1,1,853,0,855,G
6-NA,288,860,0,0,0,860,A
6-NA,289,0,840,0,1,841,T
6-NA,290,0,840,0,0,840,T
6-NA,291,0,842,0,0,842,T
6-NA,292,0,0,842,0,842,G
6-NA,293,1,1,0,834,836,C
6-NA,294,836,0,0,0,836,A
6-NA,295,1,0,0,840,841,C
6-NA,296,0,0,0,843,843,C
6-NA,297,0,844,0,1,845,T
6-NA,298,0,843,0,1,844,T
6-NA,299,0,848,0,0,848,T
6-NA,300,0,847,0,0,847,T
6-NA,301,0,866,0,0,866,T
6-NA,302,0,0,0,873,873,C
6-NA,303,0,868,0,0,868,T
6-NA,304,870,0,0,0,870,A
6-NA,305,872,0,0,0,872,A
6-NA,306,0,2,874,0,876,G
6-NA,307,0,0,872,0,872,G
6-NA,308,863,0,0,0,863,A
6-NA,309,1,0,0,869,870,C
6-NA,310,870,0,0,0,870,A
6-NA,311,865,0,1,0,866,A
6-NA,312,0,864,0,1,865,T
6-NA,313,0,861,0,0,861,T
6-NA,314,2,0,0,883,885,C
6-NA,315,0,2,875,0,877,G
6-NA,316,880,0,0,0,880,A
6-NA,317,0,881,0,0,881,T
6-NA,318,0,880,0,0,880,T
6-NA,319,878,0,0,0,878,A
6-NA,320,0,0,878,0,878,G
6-NA,321,0,0,878,0,878,G
6-NA,322,1,0,0,877,878,C
6-NA,323,0,874,0,0,874,T
6-NA,324,0,877,0,1,878,T
6-NA,325,0,876,1,0,877,T
6-NA,326,1,0,0,884,885,C
6-NA,327,0,1,0,883,884,C
6-NA,328,0,0,886,0,886,G
6-NA,329,1,1,0,886,888,C
6-NA,330,0,889,0,0,889,T
6-NA,331,0,0,917,0,917,G
6-NA,332,0,0,912,0,912,G
6-NA,333,0,909,0,0,909,T
6-NA,334,1,0,923,0,924,G
6-NA,335,0,1,908,0,909,G
6-NA,336,0,1,919,0,920,G
6-NA,337,0,2,925,0,927,G
6-NA,338,923,0,2,0,925,A
6-NA,339,1,0,0,940,941,C
6-NA,340,920,0,1,0,921,A
6-NA,341,0,919,0,0,919,T
6-NA,342,0,0,0,926,926,C
6-NA,343,0,919,0,1,920,T
6-NA,344,0,0,923,0,923,G
6-NA,345,1,3,913,0,917,G
6-NA,346,1,1,923,0,925,G
6-NA,347,0,919,0,1,920,T
6-NA,348,0,3,909,0,912,G
6-NA,349,912,0,0,0,912,A
6-NA,350,1,0,0,929,930,C
6-NA,351,933,0,0,0,933,A
6-NA,352,968,0,0,0,968,A
6-NA,353,0,1,974,0,975,G
6-NA,354,968,0,0,0,968,A
6-NA,355,0,1,995,0,996,G
6-NA,356,1001,0,0,0,1001,A
6-NA,357,1049,0,0,0,1049,A
6-NA,358,0,0,0,1237,1237,C
6-NA,359,1,0,0,1278,1279,C
6-NA,360,0,1272,0,1,1273,T
6-NA,361,0,1274,0,1,1275,T
6-NA,362,1285,0,0,0,1285,A
6-NA,363,0,1284,0,0,1284,T
6-NA,364,0,0,1341,0,1341,G
6-NA,365,0,1320,0,3,1323,T
6-NA,366,0,1,1362,0,1363,G
6-NA,367,0,1323,0,1,1324,T
6-NA,368,3,0,0,1327,1330,C
6-NA,369,1351,0,1,1,1353,A
6-NA,370,1,1366,0,1,1368,T
6-NA,371,0,2,1363,0,1365,G
6-NA,372,0,0,0,1359,1359,C
6-NA,373,1,1,1361,0,1363,G
6-NA,374,1520,0,0,0,1520,A
6-NA,375,0,1530,0,0,1530,T
6-NA,376,1,0,0,1573,1574,C
6-NA,377,2,1,0,1581,1584,C
6-NA,378,1,1598,0,2,1601,T
6-NA,379,3,2,1605,1,1611,G
6-NA,380,1612,0,2,0,1614,A
6-NA,381,0,0,0,1614,1614,C
6-NA,382,1621,0,0,0,1621,A
6-NA,383,1588,0,0,0,1588,A
6-NA,384,0,0,1641,0,1641,G
6-NA,385,0,1638,0,1,1639,T
6-NA,386,0,0,1672,0,1672,G
6-NA,387,0,1653,0,0,1653,T
6-NA,388,0,1652,0,1,1653,T
6-NA,389,1651,0,0,0,1651,A
6-NA,390,0,1646,0,1,1647,T
6-NA,391,1,0,0,1683,1684,C
6-NA,392,1688,0,0,0,1688,A
6-NA,393,1667,0,1,0,1668,A
6-NA,394,0,1658,0,0,1658,T
6-NA,395,0,1638,0,0,1638,T
6-NA,396,0,1645,1,0,1646,T
6-NA,397,0,5,1649,0,1654,G
6-NA,398,0,1,2,1737,1740,C
6-NA,399,3,1,0,1740,1744,C
6-NA,400,1,1,0,1758,1760,C
6-NA,401,1,1744,0,5,1750,T
6-NA,402,0,1760,0,0,1760,T
6-NA,403,1,1,1780,0,1782,G
6-NA,404,0,0,1783,0,1783,G
6-NA,405,1804,0,2,0,1806,A
6-NA,406,1,0,0,1817,1818,C
6-NA,407,1772,1,2,0,1775,A
6-NA,408,1,2,1813,0,1816,G
6-NA,409,1,0,1806,0,1807,G
6-NA,410,0,4,1903,0,1907,G
6-NA,411,1900,0,4,0,1904,A
6-NA,412,1902,0,2,0,1904,A
6-NA,413,0,1,0,1910,1911,C
6-NA,414,1824,0,2,0,1826,A
6-NA,415,2014,0,2,0,2016,A
6-NA,416,0,0,0,2052,2052,C
6-NA,417,2025,0,1,0,2026,A
6-NA,418,0,1,0,2083,2084,C
6-NA,419,0,2051,0,0,2051,T
6-NA,420,2069,0,1,0,2070,A
6-NA,421,2057,0,0,0,2057,A
6-NA,422,2070,0,1,0,2071,A
6-NA,423,1,0,0,2071,2072,C
6-NA,424,1984,0,0,0,1984,A
6-NA,425,1970,1,1,0,1972,A
6-NA,426,0,3,0,1976,1979,C
6-NA,427,2,0,1983,0,1985,G
6-NA,428,0,1954,0,0,1954,T
6-NA,429,2,0,1965,0,1967,G
6-NA,430,0,0,0,1975,1975,C
6-NA,431,1990,0,2,0,1992,A
6-NA,432,0,1998,0,0,1998,T
6-NA,433,0,2005,0,0,2005,T
6-NA,434,3,2,0,2018,2023,C
6-NA,435,2064,0,0,0,2064,A
6-NA,436,2066,0,0,1,2067,A
6-NA,437,2091,0,0,0,2091,A
6-NA,438,0,2095,0,1,2096,T
6-NA,439,1,2,2093,0,2096,G
6-NA,440,2115,0,2,0,2117,A
6-NA,441,1,1,0,2117,2119,C
6-NA,442,2104,0,3,1,2108,A
6-NA,443,0,1,0,2148,2149,C
6-NA,444,2132,1,1,0,2134,A
6-NA,445,0,0,2542,0,2542,G
6-NA,446,0,2533,0,1,2534,T
6-NA,447,2575,0,0,0,2575,A
6-NA,448,2,0,0,2595,2597,C
6-NA,449,3,0,2584,0,2587,G
6-NA,450,1,2634,0,1,2636,T
6-NA,451,0,5,2669,0,2674,G
6-NA,452,2662,0,1,0,2663,A
6-NA,453,0,2676,0,1,2677,T
6-NA,454,2478,0,0,1,2479,A
6-NA,455,0,2,2475,0,2477,G
6-NA,456,1,2,2420,0,2423,G
6-NA,457,2448,0,0,0,2448,A
6-NA,458,1,0,0,2479,2480,C
6-NA,459,0,0,0,2448,2448,C
6-NA,460,0,0,0,2480,2480,C
6-NA,461,0,0,0,2500,2500,C
6-NA,462,0,2520,0,0,2520,T
6-NA,463,0,2566,0,0,2566,T
6-NA,464,2583,0,1,0,2584,A
6-NA,465,0,2571,0,1,2572,T
6-NA,466,0,3,1,2580,2584,C
6-NA,467,3,1,2543,1,2548,G
6-NA,468,0,4,2539,0,2543,G
6-NA,469,2529,0,2,0,2531,A
6-NA,470,0,0,0,2568,2568,C
6-NA,471,1,0,0,2551,2552,C
6-NA,472,1,1,0,2689,2691,C
6-NA,473,0,2683,0,1,2684,T
6-NA,474,2732,0,0,0,2732,A
6-NA,475,0,2741,0,0,2741,T
6-NA,476,0,2748,0,4,2752,T
6-NA,477,1,4,2759,0,2764,G
6-NA,478,2747,0,0,1,2748,A
6-NA,479,0,2750,0,2,2752,T
6-NA,480,1,2,2761,0,2764,G
6-NA,481,2681,0,6,0,2687,A
6-NA,482,2702,0,0,0,2702,A
6-NA,483,0,2680,0,0,2680,T
6-NA,484,1,2,2721,0,2724,G
6-NA,485,2675,0,2,0,2677,A
6-NA,486,0,0,2746,0,2746,G
6-NA,487,0,2736,0,1,2737,T
6-NA,488,0,2743,0,0,2743,T
6-NA,489,1,2,2697,3,2703,G
6-NA,490,1,0,2736,0,2737,G
6-NA,491,2,1,2752,0,2755,G
6-NA,492,0,2726,1,2,2729,T
6-NA,493,1,0,2772,0,2773,G
6-NA,494,0,2758,0,1,2759,T
6-NA,495,0,2743,0,1,2744,T
6-NA,496,2,0,0,2777,2779,C
6-NA,497,1,0,0,2801,2802,C
6-NA,498,1,2776,0,2,2779,T
6-NA,499,0,2784,1,2,2787,T
6-NA,500,1,2784,0,1,2786,T
6-NA,501,0,2776,1,0,2777,T
6-NA,502,2,0,0,2799,2801,C
6-NA,503,2794,0,0,0,2794,A
6-NA,504,0,2871,0,1,2872,T
6-NA,505,1,0,0,2891,2892,C
6-NA,506,0,2853,0,1,2854,T
6-NA,507,1,1,2847,0,2849,G
6-NA,508,1,1,2820,0,2822,G
6-NA,509,0,1,2803,0,2804,G
6-NA,510,0,2,2858,0,2860,G
6-NA,511,2842,1,5,0,2848,A
6-NA,512,1,0,0,2891,2892,C
6-NA,513,1,1,0,2822,2824,C
6-NA,514,2857,0,1,0,2858,A
6-NA,515,2858,0,5,0,2863,A
6-NA,516,0,1,2865,1,2867,G
6-NA,517,0,2,0,2871,2873,C
6-NA,518,2878,1,4,0,2883,A
6-NA,519,2906,0,1,0,2907,A
6-NA,520,0,1,2910,0,2911,G
6-NA,521,1,2897,0,1,2899,T
6-NA,522,0,2,2983,0,2985,G
6-NA,523,0,2950,0,1,2951,T
6-NA,524,1,0,3036,0,3037,G
6-NA,525,0,0,0,3038,3038,C
6-NA,526,3038,0,1,0,3039,A
6-NA,527,0,3064,0,1,3065,T
6-NA,528,3009,0,1,0,3010,A
6-NA,529,0,2,3105,0,3107,G
6-NA,530,0,0,0,3104,3104,C
6-NA,531,3038,1,3,1,3043,A
6-NA,532,0,3047,0,1,3048,T
6-NA,533,0,3,2975,1,2979,G
6-NA,534,0,1,3169,0,3170,G
6-NA,535,0,3168,0,2,3170,T
6-NA,536,1,1,0,3141,3143,C
6-NA,537,0,0,0,3168,3168,C
6-NA,538,3178,0,1,1,3180,A
6-NA,539,1,1,3245,0,3247,G
6-NA,540,0,1,0,3241,3242,C
6-NA,541,0,3276,1,1,3278,T
6-NA,542,2,0,0,3265,3267,C
6-NA,543,3238,0,0,1,3239,A
6-NA,544,3268,1,2,0,3271,A
6-NA,545,0,1,3278,0,3279,G
6-NA,546,0,3388,0,2,3390,T
6-NA,547,0,3393,0,1,3394,T
6-NA,548,1,1,3384,0,3386,G
6-NA,549,1,3361,0,1,3363,T
6-NA,550,6,0,0,3353,3359,C
6-NA,551,3372,0,2,1,3375,A
6-NA,552,0,2,1,3390,3393,C
6-NA,553,0,1,3400,0,3401,G
6-NA,554,3395,1,1,3,3400,A
6-NA,555,0,3441,0,0,3441,T
6-NA,556,1,5,3481,0,3487,G
6-NA,557,0,2,3490,0,3492,G
6-NA,558,3508,1,0,1,3510,A
6-NA,559,3527,0,1,0,3528,A
6-NA,560,3548,0,1,0,3549,A
6-NA,561,3553,0,3,0,3556,A
6-NA,562,0,1,3593,0,3594,G
6-NA,563,2,1,0,3590,3593,C
6-NA,564,3566,1,2,1,3570,A
6-NA,565,0,3566,0,0,3566,T
6-NA,566,0,2,3590,0,3592,G
6-NA,567,2,2,3579,0,3583,G
6-NA,568,1,4,0,3622,3627,C
6-NA,569,1,3587,0,5,3593,T
6-NA,570,0,0,3632,0,3632,G
6-NA,571,2,0,0,3616,3618,C
6-NA,572,3629,0,2,0,3631,A
6-NA,573,0,3753,1,1,3755,T
6-NA,574,1,1,3759,0,3761,G
6-NA,575,0,3772,0,0,3772,T
6-NA,576,0,3840,0,1,3841,T
6-NA,577,1,3833,0,3,3837,T
6-NA,578,2,1,4049,0,4052,G
6-NA,579,0,4006,0,4,4010,T
6-NA,580,4048,0,0,0,4048,A
6-NA,581,0,4065,0,0,4065,T
6-NA,582,3984,0,0,0,3984,A
6-NA,583,3983,0,2,0,3985,A
6-NA,584,2,0,0,3941,3943,C
6-NA,585,0,0,3921,0,3921,G
6-NA,586,0,2,3924,0,3926,G
6-NA,587,0,1,3835,0,3836,G
6-NA,588,0,3,3845,1,3849,G
6-NA,589,1,1,3857,0,3859,G
6-NA,590,3813,0,9,0,3822,A
6-NA,591,0,3858,1,0,3859,T
6-NA,592,0,5,3883,0,3888,G
6-NA,593,3895,1,4,0,3900,A
6-NA,594,0,3906,0,1,3907,T
6-NA,595,3903,0,0,0,3903,A
6-NA,596,3972,0,0,1,3973,A
6-NA,597,3988,0,1,0,3989,A
6-NA,598,3989,0,1,0,3990,A
6-NA,599,3983,0,0,0,3983,A
6-NA,600,0,3974,0,1,3975,T
6-NA,601,0,1,3976,0,3977,G
6-NA,602,2,2,0,3957,3961,C
6-NA,603,3960,0,3,0,3963,A
6-NA,604,3970,0,0,0,3970,A
6-NA,605,2,0,0,3992,3994,C
6-NA,606,0,3979,5,0,3984,T
6-NA,607,1,2,3981,0,3984,G
6-NA,608,2,0,1,3981,3984,C
6-NA,609,0,4000,0,0,4000,T
6-NA,610,4002,0,0,0,4002,A
6-NA,611,1,1,4018,0,4020,G
6-NA,612,0,2,0,4037,4039,C
6-NA,613,1,4024,0,4,4029,T
6-NA,614,0,4001,1,1,4003,T
6-NA,615,7,0,0,4056,4063,C
6-NA,616,4074,0,0,0,4074,A
6-NA,617,0,4074,1,0,4075,T
6-NA,618,0,4083,0,2,4085,T
6-NA,619,0,4110,0,0,4110,T
6-NA,620,4115,0,1,0,4116,A
6-NA,621,0,0,0,4140,4140,C
6-NA,622,4110,0,2,0,4112,A
6-NA,623,4135,0,4,0,4139,A
6-NA,624,0,4116,0,1,4117,T
6-NA,625,0,1,4097,0,4098,G
6-NA,626,0,3,4088,0,4091,G
6-NA,627,0,2,4091,1,4094,G
6-NA,628,4052,2,1,1,4056,A
6-NA,629,0,3,4153,0,4156,G
6-NA,630,0,2,4160,0,4162,G
6-NA,631,2,1,0,4328,4331,C
6-NA,632,0,4372,0,4,4376,T
6-NA,633,0,4453,0,1,4454,T
6-NA,634,1,0,4469,0,4470,G
6-NA,635,1,4454,0,1,4456,T
6-NA,636,4529,0,2,0,4531,A
6-NA,637,0,1,4542,0,4543,G
6-NA,638,4465,1,2,0,4468,A
6-NA,639,0,4489,0,0,4489,T
6-NA,640,4170,1,2,0,4173,A
6-NA,641,0,1,4179,0,4180,G
6-NA,642,1,4077,0,5,4083,T
6-NA,643,3,1,4063,0,4067,G
6-NA,644,0,4173,0,5,4178,T
6-NA,645,0,4194,0,3,4197,T
6-NA,646,0,3,4286,0,4289,G
6-NA,647,0,4269,0,3,4272,T
6-NA,648,0,4283,0,1,4284,T
6-NA,649,0,4276,1,3,4280,T
6-NA,650,3,0,0,4244,4247,C
6-NA,651,4197,0,8,0,4205,A
6-NA,652,0,4183,0,4,4187,T
6-NA,653,0,2,4185,0,4187,G
6-NA,654,0,0,4353,0,4353,G
6-NA,655,1,4178,0,3,4182,T
6-NA,656,2,0,0,4104,4106,C
6-NA,657,2,0,0,4096,4098,C
6-NA,658,4114,0,0,0,4114,A
6-NA,659,4150,0,1,0,4151,A
6-NA,660,4160,0,0,0,4160,A
6-NA,661,0,3,4162,0,4165,G
6-NA,662,4167,0,2,0,4169,A
6-NA,663,4037,0,1,0,4038,A
6-NA,664,4040,0,1,0,4041,A
6-NA,665,2,3998,0,4,4004,T
6-NA,666,3,1,0,4136,4140,C
6-NA,667,1,2,0,4107,4110,C
6-NA,668,1,4117,0,5,4123,T
6-NA,669,0,0,1,4120,4121,C
6-NA,670,4126,2,1,1,4130,A
6-NA,671,0,4,4146,0,4150,G
6-NA,672,0,1,4144,0,4145,G
6-NA,673,4213,0,2,0,4215,A
6-NA,674,0,4,0,4211,4215,C
6-NA,675,3,1,0,4152,4156,C
6-NA,676,2,0,0,4157,4159,C
6-NA,677,4141,2,7,0,4150,A
6-NA,678,2,1,4175,0,4178,G
6-NA,679,2,4,4184,0,4190,G
6-NA,680,4164,1,1,0,4166,A
6-NA,681,0,0,4217,0,4217,G
6-NA,682,2,4098,0,2,4102,T
6-NA,683,4,0,0,4127,4131,C
6-NA,684,4141,0,1,0,4142,A
6-NA,685,1,2,4174,0,4177,G
6-NA,686,4138,0,4,0,4142,A
6-NA,687,4149,1,0,0,4150,A
6-NA,688,1,4130,0,1,4132,T
6-NA,689,2,1,4139,0,4142,G
6-NA,690,0,1,0,4131,4132,C
6-NA,691,3,1,4163,0,4167,G
6-NA,692,0,4115,0,0,4115,T
6-NA,693,0,4146,0,1,4147,T
6-NA,694,0,4122,0,1,4123,T
6-NA,695,3,0,4153,0,4156,G
6-NA,696,0,4147,0,3,4150,T
6-NA,697,4157,1,1,0,4159,A
6-NA,698,0,4115,0,5,4120,T
6-NA,699,2,0,0,4118,4120,C
6-NA,700,4101,0,1,0,4102,A
6-NA,701,4094,0,0,1,4095,A
6-NA,702,1,4105,0,0,4106,T
6-NA,703,1,4,4100,0,4105,G
6-NA,704,2,1,4101,0,4104,G
6-NA,705,4157,0,3,1,4161,A
6-NA,706,4170,0,7,0,4177,A
6-NA,707,0,2,0,4218,4220,C
6-NA,708,0,4215,0,4,4219,T
6-NA,709,0,4229,0,0,4229,T
6-NA,710,4,1,4334,0,4339,G
6-NA,711,0,4316,0,2,4318,T
6-NA,712,4319,0,1,0,4320,A
6-NA,713,3,0,0,4381,4384,C
6-NA,714,4306,0,2,0,4308,A
6-NA,715,1,1,4563,0,4565,G
6-NA,716,0,4511,1,3,4515,T
6-NA,717,4727,1,1,0,4729,A
6-NA,718,1,1,4751,0,4753,G
6-NA,719,0,4606,0,2,4608,T
6-NA,720,4605,2,0,1,4608,A
6-NA,721,4605,0,0,0,4605,A
6-NA,722,0,4579,0,2,4581,T
6-NA,723,0,5,4604,0,4609,G
6-NA,724,4487,1,3,0,4491,A
6-NA,725,1,0,0,4569,4570,C
6-NA,726,1,4442,0,3,4446,T
6-NA,727,1,1,4453,0,4455,G
6-NA,728,4402,0,3,0,4405,A
6-NA,729,0,4445,0,1,4446,T
6-NA,730,2,3,4451,0,4456,G
6-NA,731,0,5,4410,0,4415,G
6-NA,732,0,5,4410,0,4415,G
6-NA,733,4314,0,3,0,4317,A
6-NA,734,2,1,4341,0,4344,G
6-NA,735,0,4313,0,1,4314,T
6-NA,736,2,1,4344,0,4347,G
6-NA,737,1,0,0,4323,4324,C
6-NA,738,1,4313,0,4,4318,T
6-NA,739,0,4302,0,0,4302,T
6-NA,740,2,0,1,4312,4315,C
6-NA,741,1,3,4296,1,4301,G
6-NA,742,0,2,4329,0,4331,G
6-NA,743,3,1,4340,2,4346,G
6-NA,744,4346,0,1,0,4347,A
6-NA,745,4313,0,3,0,4316,A
6-NA,746,4288,0,2,0,4290,A
6-NA,747,4326,3,8,0,4337,A
6-NA,748,1,1,4347,0,4349,G
6-NA,749,1,6,3,4322,4332,C
6-NA,750,0,4315,0,2,4317,T
6-NA,751,1,2,4318,0,4321,G
6-NA,752,4292,0,2,0,4294,A
6-NA,753,0,4345,0,2,4347,T
6-NA,754,4369,0,1,0,4370,A
6-NA,755,1,0,0,4591,4592,C
6-NA,756,0,4558,1,1,4560,T
6-NA,757,4554,0,1,0,4555,A
6-NA,758,4544,1,0,0,4545,A
6-NA,759,4547,0,3,0,4550,A
6-NA,760,4624,0,0,0,4624,A
6-NA,761,0,4639,0,0,4639,T
6-NA,762,4573,0,1,0,4574,A
6-NA,763,0,1,0,4620,4621,C
6-NA,764,0,4429,0,2,4431,T
6-NA,765,4491,0,1,0,4492,A
6-NA,766,0,4474,0,2,4476,T
6-NA,767,0,4883,0,3,4886,T
6-NA,768,3,3,0,4943,4949,C
6-NA,769,4881,1,3,1,4886,A
6-NA,770,0,4880,0,1,4881,T
6-NA,771,0,4876,1,0,4877,T
6-NA,772,4821,0,1,0,4822,A
6-NA,773,4836,0,0,0,4836,A
6-NA,774,0,4,4850,0,4854,G
6-NA,775,0,2,4847,0,4849,G
6-NA,776,4495,0,1,0,4496,A
6-NA,777,1,5,4540,0,4546,G
6-NA,778,0,1,4530,0,4531,G
6-NA,779,1,2,4546,0,4549,G
6-NA,780,0,4,4555,1,4560,G
6-NA,781,4537,0,3,0,4540,A
6-NA,782,4586,0,2,0,4588,A
6-NA,783,4580,0,1,0,4581,A
6-NA,784,4558,0,0,0,4558,A
6-NA,785,0,4536,0,1,4537,T
6-NA,786,4,1,0,4532,4537,C
6-NA,787,0,5,4592,0,4597,G
6-NA,788,0,4559,0,0,4559,T
6-NA,789,0,4541,0,4,4545,T
6-NA,790,4,0,1,4567,4572,C
6-NA,791,4578,0,1,0,4579,A
6-NA,792,0,4939,0,1,4940,T
6-NA,793,4926,0,1,0,4927,A
6-NA,794,0,0,0,4979,4979,C
6-NA,795,1,4953,0,3,4957,T
6-NA,796,4955,0,4,0,4959,A
6-NA,797,2,1,4941,1,4945,G
6-NA,798,1,2,0,4914,4917,C
6-NA,799,4900,0,4,0,4904,A
6-NA,800,1,2,0,4945,4948,C
6-NA,801,4730,0,2,0,4732,A
6-NA,802,1,5029,0,2,5032,T
6-NA,803,0,5030,1,0,5031,T
6-NA,804,1,3,5351,0,5355,G
6-NA,805,1,5321,0,3,5325,T
6-NA,806,7,4,1,5313,5325,C
6-NA,807,5323,0,3,1,5327,A
6-NA,808,1,2,5336,0,5339,G
6-NA,809,2,2,5345,0,5349,G
6-NA,810,5308,1,1,1,5311,A
6-NA,811,5255,1,1,0,5257,A
6-NA,812,0,0,5321,0,5321,G
6-NA,813,0,5074,0,3,5077,T
6-NA,814,0,1,5093,1,5095,G
6-NA,815,0,2,1,5079,5082,C
6-NA,816,0,5082,0,3,5085,T
6-NA,817,3,3,0,5133,5139,C
6-NA,818,5083,0,1,0,5084,A
6-NA,819,2,1,5101,0,5104,G
6-NA,820,1,1,1,5106,5109,C
6-NA,821,5120,0,2,0,5122,A
6-NA,822,1,5113,0,1,5115,T
6-NA,823,1,2,5230,0,5233,G
6-NA,824,1,5201,0,3,5205,T
6-NA,825,4,0,0,5217,5221,C
6-NA,826,2,3,5222,0,5227,G
6-NA,827,5167,0,1,0,5168,A
6-NA,828,1,3,5163,0,5167,G
6-NA,829,0,5,5171,0,5176,G
6-NA,830,5097,0,6,0,5103,A
6-NA,831,4,2,5179,0,5185,G
6-NA,832,1,5091,0,0,5092,T
6-NA,833,4,5,5096,0,5105,G
6-NA,834,3,1,0,5158,5162,C
6-NA,835,1,5143,0,5,5149,T
6-NA,836,5,1,0,5179,5185,C
6-NA,837,4,1,0,5201,5206,C
6-NA,838,0,5210,0,6,5216,T
6-NA,839,1,4,5216,0,5221,G
6-NA,840,1,2,0,5188,5191,C
6-NA,841,0,5169,0,3,5172,T
6-NA,842,5193,0,0,1,5194,A
6-NA,843,0,5098,0,1,5099,T
6-NA,844,2,0,1,5140,5143,C
6-NA,845,2,2,0,5098,5102,C
6-NA,846,0,5096,0,2,5098,T
6-NA,847,6,2,0,5148,5156,C
6-NA,848,0,4,5149,0,5153,G
6-NA,849,5185,1,0,0,5186,A
6-NA,850,0,5209,0,3,5212,T
6-NA,851,5209,0,1,0,5210,A
6-NA,852,0,5212,0,1,5213,T
6-NA,853,2,0,1,5201,5204,C
6-NA,854,2,0,0,5192,5194,C
6-NA,855,1,5156,0,3,5160,T
6-NA,856,2,2,5166,0,5170,G
6-NA,857,0,2,5161,0,5163,G
6-NA,858,1,5211,1,3,5216,T
6-NA,859,2,2,5211,0,5215,G
6-NA,860,1,5208,0,4,5213,T
6-NA,861,7,3,0,5212,5222,C
6-NA,862,5209,1,4,0,5214,A
6-NA,863,1,0,5227,0,5228,G
6-NA,864,5212,0,0,0,5212,A
6-NA,865,1,5180,0,1,5182,T
6-NA,866,0,1,5196,0,5197,G
6-NA,867,0,5063,0,3,5066,T
6-NA,868,3,2,5089,0,5094,G
6-NA,869,2,5071,0,7,5080,T
6-NA,870,5,2,0,5085,5092,C
6-NA,871,2,5089,0,5,5096,T
6-NA,872,1,1,5092,0,5094,G
6-NA,873,2,2,0,5109,5113,C
6-NA,874,5100,0,2,1,5103,A
6-NA,875,0,1,5095,0,5096,G
6-NA,876,4975,1,4,1,4981,A
6-NA,877,2,6,4995,0,5003,G
6-NA,878,4980,1,2,0,4983,A
6-NA,879,0,0,0,5046,5046,C
6-NA,880,5010,0,1,1,5012,A
6-NA,881,4996,0,3,0,4999,A
6-NA,882,1,3,0,5118,5122,C
6-NA,883,0,5110,0,1,5111,T
6-NA,884,1,3,5091,0,5095,G
6-NA,885,1,1,5068,0,5070,G
6-NA,886,5063,0,3,0,5066,A
6-NA,887,5050,0,2,0,5052,A
6-NA,888,4936,0,6,0,4942,A
6-NA,889,0,2,4970,1,4973,G
6-NA,890,2,2,4928,0,4932,G
6-NA,891,2,4,1,4921,4928,C
6-NA,892,0,4874,0,6,4880,T
6-NA,893,4,4,0,4955,4963,C
6-NA,894,1,2,0,5036,5039,C
6-NA,895,5047,0,1,0,5048,A
6-NA,896,5027,0,0,0,5027,A
6-NA,897,0,5029,0,0,5029,T
6-NA,898,4833,0,5,0,4838,A
6-NA,899,1,1,4833,0,4835,G
6-NA,900,1,1,4772,0,4774,G
6-NA,901,1,4,1,4774,4780,C
6-NA,902,4,1,0,4669,4674,C
6-NA,903,6,2,0,4598,4606,C
6-NA,904,4631,0,0,0,4631,A
6-NA,905,0,4659,1,4,4664,T
6-NA,906,3,0,0,4700,4703,C
6-NA,907,2,3,4721,0,4726,G
6-NA,908,0,4687,0,0,4687,T
6-NA,909,4561,2,2,0,4565,A
6-NA,910,1,2,4646,0,4649,G
6-NA,911,4656,0,0,0,4656,A
6-NA,912,0,4668,0,0,4668,T
6-NA,913,4554,0,1,0,4555,A
6-NA,914,0,4489,0,0,4489,T
6-NA,915,4482,0,1,0,4483,A
6-NA,916,4475,0,3,0,4478,A
6-NA,917,4547,0,1,1,4549,A
6-NA,918,2,0,0,4650,4652,C
6-NA,919,4506,0,0,0,4506,A
6-NA,920,0,4488,0,3,4491,T
6-NA,921,4443,0,1,0,4444,A
6-NA,922,4449,1,3,0,4453,A
6-NA,923,4433,0,4,0,4437,A
6-NA,924,1,1,4466,0,4468,G
6-NA,925,3,2,4493,0,4498,G
6-NA,926,4309,0,1,0,4310,A
6-NA,927,0,4295,1,3,4299,T
6-NA,928,1,1,0,4314,4316,C
6-NA,929,4355,0,4,1,4360,A
6-NA,930,0,4350,0,4,4354,T
6-NA,931,4345,0,7,0,4352,A
6-NA,932,0,0,4369,0,4369,G
6-NA,933,2,1,0,4293,4296,C
6-NA,934,4225,0,0,0,4225,A
6-NA,935,0,4082,0,4,4086,T
6-NA,936,0,4108,0,2,4110,T
6-NA,937,1,1,4236,0,4238,G
6-NA,938,1,4215,0,2,4218,T
6-NA,939,0,4292,0,5,4297,T
6-NA,940,1,4273,0,4,4278,T
6-NA,941,2,1,0,4283,4286,C
6-NA,942,2,2,0,4293,4297,C
6-NA,943,4337,0,3,0,4340,A
6-NA,944,0,1,4416,0,4417,G
6-NA,945,0,4398,0,3,4401,T
6-NA,946,1,4282,0,2,4285,T
6-NA,947,4284,0,0,0,4284,A
6-NA,948,0,4223,0,2,4225,T
6-NA,949,1,0,4233,0,4234,G
6-NA,950,1,4119,0,4,4124,T
6-NA,951,1,3,4149,0,4153,G
6-NA,952,1,4004,0,5,4010,T
6-NA,953,3,0,4092,0,4095,G
6-NA,954,1,4096,0,9,4106,T
6-NA,955,0,4071,5,1,4077,T
6-NA,956,8,1,0,4088,4097,C
6-NA,957,4058,0,0,0,4058,A
6-NA,958,0,0,4079,0,4079,G
6-NA,959,0,3,4048,0,4051,G
6-NA,960,4001,1,2,0,4004,A
6-NA,961,1,0,0,4033,4034,C
6-NA,962,0,3942,0,0,3942,T
6-NA,963,0,3965,0,1,3966,T
6-NA,964,1,1,4077,0,4079,G
6-NA,965,0,4082,0,5,4087,T
6-NA,966,0,4083,0,1,4084,T
6-NA,967,2,1,4036,0,4039,G
6-NA,968,1,1,4043,0,4045,G
6-NA,969,4017,0,4,0,4021,A
6-NA,970,1,2,4025,0,4028,G
6-NA,971,4006,0,4,0,4010,A
6-NA,972,5,0,0,4006,4011,C
6-NA,973,3859,0,4,1,3864,A
6-NA,974,0,2,0,3856,3858,C
6-NA,975,3869,1,8,0,3878,A
6-NA,976,2,6,1,3873,3882,C
6-NA,977,2,1,0,3850,3853,C
6-NA,978,1,0,0,3866,3867,C
6-NA,979,3866,0,5,0,3871,A
6-NA,980,1,4,3885,0,3890,G
6-NA,981,3878,1,2,0,3881,A
6-NA,982,3910,0,2,0,3912,A
6-NA,983,3886,0,1,0,3887,A
6-NA,984,3877,0,0,1,3878,A
6-NA,985,3854,0,2,0,3856,A
6-NA,986,3836,0,2,19,3857,A
6-NA,987,1,2,0,3869,3872,C
6-NA,988,1,7,3854,0,3862,G
6-NA,989,3837,0,4,0,3841,A
6-NA,990,2,0,0,3845,3847,C
6-NA,991,3839,0,1,0,3840,A
6-NA,992,1,2,3858,0,3861,G
6-NA,993,2,1,0,3931,3934,C
6-NA,994,0,3887,0,2,3889,T
6-NA,995,3,0,0,3895,3898,C
6-NA,996,3,0,0,3934,3937,C
6-NA,997,3950,0,3,0,3953,A
6-NA,998,0,0,3977,0,3977,G
6-NA,999,2,1,1,3971,3975,C
6-NA,1000,3957,0,0,0,3957,A
6-NA,1001,0,0,3971,1,3972,G
6-NA,1002,0,3854,0,2,3856,T
6-NA,1003,3852,0,2,0,3854,A
6-NA,1004,1,3,3865,0,3869,G
6-NA,1005,1,1,0,3846,3848,C
6-NA,1006,2,1,0,3858,3861,C
6-NA,1007,3754,0,0,1,3755,A
6-NA,1008,0,3755,0,1,3756,T
6-NA,1009,0,3720,0,0,3720,T
6-NA,1010,1,2,3790,0,3793,G
6-NA,1011,0,3752,1,1,3754,T
6-NA,1012,0,3743,0,2,3745,T
6-NA,1013,7,3733,0,0,3740,T
6-NA,1014,1,4,3712,0,3717,G
6-NA,1015,1,2,3728,0,3731,G
6-NA,1016,3709,1,2,0,3712,A
6-NA,1017,1,3742,0,2,3745,T
6-NA,1018,3,2,0,3749,3754,C
6-NA,1019,3,1,1,3685,3690,C
6-NA,1020,4,3704,0,3,3711,T
6-NA,1021,3701,0,27,0,3728,A
6-NA,1022,3735,0,2,0,3737,A
6-NA,1023,1,0,0,3800,3801,C
6-NA,1024,3727,1,0,0,3728,A
6-NA,1025,3833,0,1,0,3834,A
6-NA,1026,0,3829,0,2,3831,T
6-NA,1027,2,1,3882,0,3885,G
6-NA,1028,3876,0,0,0,3876,A
6-NA,1029,3846,0,3,0,3849,A
6-NA,1030,1,2,3858,1,3862,G
6-NA,1031,3841,1,1,0,3843,A
6-NA,1032,3755,0,3,0,3758,A
6-NA,1033,0,2,3788,0,3790,G
6-NA,1034,0,1,3775,1,3777,G
6-NA,1035,0,3664,0,3,3667,T
6-NA,1036,1,3,3701,1,3706,G
6-NA,1037,2,3,3812,0,3817,G
6-NA,1038,0,3748,0,3,3751,T
6-NA,1039,3,1,0,3761,3765,C
6-NA,1040,3785,0,1,0,3786,A
6-NA,1041,0,3777,0,0,3777,T
6-NA,1042,0,1,3790,0,3791,G
6-NA,1043,0,1,3810,0,3811,G
6-NA,1044,3773,0,7,1,3781,A
6-NA,1045,0,0,3888,0,3888,G
6-NA,1046,1,3766,0,0,3767,T
6-NA,1047,1,1,3775,0,3777,G
6-NA,1048,3759,0,0,0,3759,A
6-NA,1049,3759,0,0,0,3759,A
6-NA,1050,3778,0,4,0,3782,A
6-NA,1051,0,2,3789,0,3791,G
6-NA,1052,1,1,3767,0,3769,G
6-NA,1053,1,0,0,3750,3751,C
6-NA,1054,0,3681,0,1,3682,T
6-NA,1055,1,2,3698,1,3702,G
6-NA,1056,0,1,3685,0,3686,G
6-NA,1057,0,0,3699,0,3699,G
6-NA,1058,0,2,0,3674,3676,C
6-NA,1059,4,0,0,3709,3713,C
6-NA,1060,1,3680,0,8,3689,T
6-NA,1061,0,3695,0,1,3696,T
6-NA,1062,0,3712,0,1,3713,T
6-NA,1063,0,2,3725,0,3727,G
6-NA,1064,3705,0,1,0,3706,A
6-NA,1065,0,3688,1,2,3691,T
6-NA,1066,2,4,3630,1,3637,G
6-NA,1067,3603,0,4,0,3607,A
6-NA,1068,1,3620,0,2,3623,T
6-NA,1069,2,1,3617,0,3620,G
6-NA,1070,0,3,3666,0,3669,G
6-NA,1071,3661,0,1,0,3662,A
6-NA,1072,3651,0,3,0,3654,A
6-NA,1073,3652,0,2,0,3654,A
6-NA,1074,0,3634,0,0,3634,T
6-NA,1075,0,0,3669,0,3669,G
6-NA,1076,3644,0,4,0,3648,A
6-NA,1077,1,2,0,3630,3633,C
6-NA,1078,2,0,3653,0,3655,G
6-NA,1079,0,3556,0,4,3560,T
6-NA,1080,1,3,3604,0,3608,G
6-NA,1081,0,3592,0,2,3594,T
6-NA,1082,1,1,3587,0,3589,G
6-NA,1083,2,0,3613,0,3615,G
6-NA,1084,3592,0,0,0,3592,A
6-NA,1085,0,3580,0,1,3581,T
6-NA,1086,3,2,3585,0,3590,G
6-NA,1087,2,0,3585,0,3587,G
6-NA,1088,0,2,3613,0,3615,G
6-NA,1089,3581,0,2,0,3583,A
6-NA,1090,3583,0,3,0,3586,A
6-NA,1091,0,7,3585,0,3592,G
6-NA,1092,3543,0,2,0,3545,A
6-NA,1093,3537,0,3,0,3540,A
6-NA,1094,2,1,0,3534,3537,C
6-NA,1095,1,3,3506,0,3510,G
6-NA,1096,3490,0,2,0,3492,A
6-NA,1097,0,3415,0,0,3415,T
6-NA,1098,4,2,0,3445,3451,C
6-NA,1099,3421,0,3,0,3424,A
6-NA,1100,2,1,3431,0,3434,G
6-NA,1101,3,3,0,3417,3423,C
6-NA,1102,1,1,3430,0,3432,G
6-NA,1103,3411,0,1,0,3412,A
6-NA,1104,0,2,3424,0,3426,G
6-NA,1105,3418,1,0,0,3419,A
6-NA,1106,3413,0,2,0,3415,A
6-NA,1107,1,1,3430,0,3432,G
6-NA,1108,1,3359,0,5,3365,T
6-NA,1109,3,0,0,3380,3383,C
6-NA,1110,3343,0,1,0,3344,A
6-NA,1111,1,0,0,3473,3474,C
6-NA,1112,1,1,3458,0,3460,G
6-NA,1113,0,0,0,3468,3468,C
6-NA,1114,0,3457,0,3,3460,T
6-NA,1115,0,3461,0,1,3462,T
6-NA,1116,3435,0,1,0,3436,A
6-NA,1117,1,0,3505,0,3506,G
6-NA,1118,2,2,3487,0,3491,G
6-NA,1119,1,3,3550,0,3554,G
6-NA,1120,0,3369,0,0,3369,T
6-NA,1121,3379,0,3,0,3382,A
6-NA,1122,0,3365,0,0,3365,T
6-NA,1123,1,1,3376,0,3378,G
6-NA,1124,3379,0,1,0,3380,A
6-NA,1125,3353,0,0,0,3353,A
6-NA,1126,3161,0,5,0,3166,A
6-NA,1127,0,2,0,3186,3188,C
6-NA,1128,3,0,0,3079,3082,C
6-NA,1129,0,2725,0,1,2726,T
6-NA,1130,1,2682,0,3,2686,T
6-NA,1131,3,1,0,2699,2703,C
6-NA,1132,2702,0,2,0,2704,A
6-NA,1133,2706,2,0,0,2708,A
6-NA,1134,2700,4,0,0,2704,A
6-NA,1135,0,0,2723,0,2723,G
6-NA,1136,4,2645,0,2,2651,T
6-NA,1137,5,0,0,2673,2678,C
6-NA,1138,2726,4,1,0,2731,A
6-NA,1139,0,2737,0,0,2737,T
6-NA,1140,0,2742,0,1,2743,T
6-NA,1141,0,0,2731,0,2731,G
6-NA,1142,2719,0,4,1,2724,A
6-NA,1143,2721,0,1,0,2722,A
6-NA,1144,0,3,2728,0,2731,G
6-NA,1145,3,0,2718,0,2721,G
6-NA,1146,0,0,0,2718,2718,C
6-NA,1147,0,2621,0,2,2623,T
6-NA,1148,0,1,2641,0,2642,G
6-NA,1149,1,1,2670,0,2672,G
6-NA,1150,0,2644,0,3,2647,T
6-NA,1151,1,0,0,2653,2654,C
6-NA,1152,2,0,0,2652,2654,C
6-NA,1153,2655,0,1,0,2656,A
6-NA,1154,2630,0,1,0,2631,A
6-NA,1155,1,0,0,2650,2651,C
6-NA,1156,1,0,0,2528,2529,C
6-NA,1157,1,3,0,2509,2513,C
6-NA,1158,3,2,0,2422,2427,C
6-NA,1159,2445,0,1,0,2446,A
6-NA,1160,2448,0,0,0,2448,A
6-NA,1161,0,0,2469,0,2469,G
6-NA,1162,1,2434,0,4,2439,T
6-NA,1163,3,0,0,2461,2464,C
6-NA,1164,3,2,0,2421,2426,C
6-NA,1165,2424,0,0,0,2424,A
6-NA,1166,2421,0,0,1,2422,A
6-NA,1167,2422,0,0,0,2422,A
6-NA,1168,1,2415,0,0,2416,T
6-NA,1169,0,2411,0,0,2411,T
6-NA,1170,0,1,2403,0,2404,G
6-NA,1171,0,1,0,2392,2393,C
6-NA,1172,2394,0,5,0,2399,A
6-NA,1173,0,0,2409,0,2409,G
6-NA,1174,2403,0,2,0,2405,A
6-NA,1175,0,2462,0,0,2462,T
6-NA,1176,2471,0,0,0,2471,A
6-NA,1177,2461,0,0,0,2461,A
6-NA,1178,2463,0,0,0,2463,A
6-NA,1179,0,2445,0,0,2445,T
6-NA,1180,2437,0,1,0,2438,A
6-NA,1181,0,0,2433,0,2433,G
6-NA,1182,0,1,2406,0,2407,G
6-NA,1183,0,0,0,2399,2399,C
6-NA,1184,2317,0,0,0,2317,A
6-NA,1185,2322,0,2,1,2325,A
6-NA,1186,1,0,2367,0,2368,G
6-NA,1187,0,2357,0,1,2358,T
6-NA,1188,4,0,0,2361,2365,C
6-NA,1189,2364,0,0,0,2364,A
6-NA,1190,0,2363,0,0,2363,T
6-NA,1191,2369,0,0,0,2369,A
6-NA,1192,1,0,2373,0,2374,G
6-NA,1193,0,2347,0,0,2347,T
6-NA,1194,0,2256,0,0,2256,T
6-NA,1195,1,2,2144,0,2147,G
6-NA,1196,5,0,2106,0,2111,G
6-NA,1197,1,0,0,2129,2130,C
6-NA,1198,2142,0,1,0,2143,A
6-NA,1199,1,0,2156,0,2157,G
6-NA,1200,2135,0,0,0,2135,A
6-NA,1201,0,1,2228,0,2229,G
6-NA,1202,0,1,2220,0,2221,G
6-NA,1203,0,2193,1,2,2196,T
6-NA,1204,2201,0,0,0,2201,A
6-NA,1205,2198,0,2,0,2200,A
6-NA,1206,0,2178,0,1,2179,T
6-NA,1207,2179,0,0,0,2179,A
6-NA,1208,0,1,2133,0,2134,G
6-NA,1209,2,1,2072,0,2075,G
6-NA,1210,0,1771,0,0,1771,T
6-NA,1211,2,0,0,1757,1759,C
6-NA,1212,1,2,0,1762,1765,C
6-NA,1213,1,0,1772,0,1773,G
6-NA,1214,0,0,1767,0,1767,G
6-NA,1215,0,1771,0,1,1772,T
6-NA,1216,0,1762,0,2,1764,T
6-NA,1217,1719,0,0,0,1719,A
6-NA,1218,0,1674,0,0,1674,T
6-NA,1219,0,1677,0,0,1677,T
6-NA,1220,0,0,0,1679,1679,C
6-NA,1221,0,1569,0,1,1570,T
6-NA,1222,0,2,1559,0,1561,G
6-NA,1223,0,0,1559,0,1559,G
6-NA,1224,0,1542,0,0,1542,T
6-NA,1225,1544,0,0,0,1544,A
6-NA,1226,0,1523,0,1,1524,T
6-NA,1227,0,1535,0,2,1537,T
6-NA,1228,0,1521,0,2,1523,T
6-NA,1229,1,1530,0,2,1533,T
6-NA,1230,2,0,0,1540,1542,C
6-NA,1231,0,1509,0,2,1511,T
6-NA,1232,1,0,0,1527,1528,C
6-NA,1233,0,1521,0,0,1521,T
6-NA,1234,0,1,1561,0,1562,G
6-NA,1235,0,1558,0,1,1559,T
6-NA,1236,0,1542,0,1,1543,T
6-NA,1237,0,1,1530,0,1531,G
6-NA,1238,1501,0,0,1,1502,A
6-NA,1239,1506,0,3,0,1509,A
6-NA,1240,0,3,1514,0,1517,G
6-NA,1241,0,1,1506,1,1508,G
6-NA,1242,0,0,0,1505,1505,C
6-NA,1243,1486,0,1,0,1487,A
6-NA,1244,1477,0,1,1,1479,A
6-NA,1245,1489,0,2,0,1491,A
6-NA,1246,1493,0,1,0,1494,A
6-NA,1247,2,2,1486,0,1490,G
6-NA,1248,0,1,0,1487,1488,C
6-NA,1249,0,1454,0,1,1455,T
6-NA,1250,0,1,1485,0,1486,G
6-NA,1251,1,0,0,1485,1486,C
6-NA,1252,1489,0,0,0,1489,A
6-NA,1253,1,1470,0,3,1474,T
6-NA,1254,2,0,0,1473,1475,C
6-NA,1255,1467,0,0,0,1467,A
6-NA,1256,1464,0,0,0,1464,A
6-NA,1257,0,1444,0,0,1444,T
6-NA,1258,0,1,0,1463,1464,C
6-NA,1259,0,1,1427,0,1428,G
6-NA,1260,0,0,1463,0,1463,G
6-NA,1261,0,1462,0,0,1462,T
6-NA,1262,0,0,1468,0,1468,G
6-NA,1263,0,0,0,1474,1474,C
6-NA,1264,0,1473,0,1,1474,T
6-NA,1265,0,1493,0,0,1493,T
6-NA,1266,0,1499,0,0,1499,T
6-NA,1267,0,1506,0,1,1507,T
6-NA,1268,1515,0,0,0,1515,A
6-NA,1269,0,1442,0,0,1442,T
6-NA,1270,0,1,1451,0,1452,G
6-NA,1271,0,1426,0,0,1426,T
6-NA,1272,0,0,1417,0,1417,G
6-NA,1273,0,1,1426,0,1427,G
6-NA,1274,1387,0,1,0,1388,A
6-NA,1275,0,0,1401,0,1401,G
6-NA,1276,0,1395,0,1,1396,T
6-NA,1277,0,1387,0,2,1389,T
6-NA,1278,0,1,1405,0,1406,G
6-NA,1279,1398,0,5,0,1403,A
6-NA,1280,0,1402,0,1,1403,T
6-NA,1281,1387,0,3,0,1390,A
6-NA,1282,1345,0,1,0,1346,A
6-NA,1283,0,0,1367,0,1367,G
6-NA,1284,1,0,1340,0,1341,G
6-NA,1285,1,0,1329,0,1330,G
6-NA,1286,1,1,1327,0,1329,G
6-NA,1287,1299,0,1,0,1300,A
6-NA,1288,1300,0,0,0,1300,A
6-NA,1289,0,0,1317,0,1317,G
6-NA,1290,1312,0,0,0,1312,A
6-NA,1291,1312,0,1,0,1313,A
6-NA,1292,1294,0,0,0,1294,A
6-NA,1293,1272,0,1,0,1273,A
6-NA,1294,0,0,1271,0,1271,G
6-NA,1295,1258,0,2,0,1260,A
6-NA,1296,0,0,1253,0,1253,G
6-NA,1297,0,2,1251,0,1253,G
6-NA,1298,1234,0,1,0,1235,A
6-NA,1299,1239,0,1,0,1240,A
6-NA,1300,1241,0,1,0,1242,A
6-NA,1301,0,0,0,1248,1248,C
6-NA,1302,1,1230,0,0,1231,T
6-NA,1303,0,0,1236,0,1236,G
6-NA,1304,1235,0,0,0,1235,A
6-NA,1305,1234,0,1,0,1235,A
6-NA,1306,0,0,1243,0,1243,G
6-NA,1307,0,1210,1,1,1212,T
6-NA,1308,0,0,0,1236,1236,C
6-NA,1309,0,1225,0,3,1228,T
6-NA,1310,0,1220,0,1,1221,T
6-NA,1311,0,0,1223,0,1223,G
6-NA,1312,0,1221,0,1,1222,T
6-NA,1313,0,1,1225,0,1226,G
6-NA,1314,0,0,1222,0,1222,G
6-NA,1315,1190,0,1,0,1191,A
6-NA,1316,1,0,0,1192,1193,C
6-NA,1317,1153,0,0,0,1153,A
6-NA,1318,0,1142,0,0,1142,T
6-NA,1319,1,2,0,1145,1148,C
6-NA,1320,0,0,1153,0,1153,G
6-NA,1321,1179,1,1,0,1181,A
6-NA,1322,1175,0,0,0,1175,A
6-NA,1323,0,0,0,1187,1187,C
6-NA,1324,1171,0,0,0,1171,A
6-NA,1325,0,0,1199,0,1199,G
6-NA,1326,0,1188,1,1,1190,T
6-NA,1327,1189,0,1,0,1190,A
6-NA,1328,0,1187,0,0,1187,T
6-NA,1329,0,1128,0,0,1128,T
6-NA,1330,0,1,1136,0,1137,G
6-NA,1331,0,1116,0,4,1120,T
6-NA,1332,3,2,0,1029,1034,C
6-NA,1333,0,0,1051,0,1051,G
6-NA,1334,0,1044,0,0,1044,T
6-NA,1335,0,0,1056,0,1056,G
6-NA,1336,0,1043,0,2,1045,T
6-NA,1337,0,1043,0,0,1043,T
6-NA,1338,0,1045,1,0,1046,T
6-NA,1339,0,1024,0,0,1024,T
6-NA,1340,0,0,1027,0,1027,G
6-NA,1341,0,1022,1,0,1023,T
6-NA,1342,1,1,1021,0,1023,G
6-NA,1343,0,0,1011,0,1011,G
6-NA,1344,2,0,0,1007,1009,C
6-NA,1345,978,0,2,0,980,A
6-NA,1346,1,1,0,1009,1011,C
6-NA,1347,1,0,0,1016,1017,C
6-NA,1348,0,1005,0,1,1006,T
6-NA,1349,0,0,0,1032,1032,C
6-NA,1350,1031,0,2,0,1033,A
6-NA,1351,0,0,1036,0,1036,G
6-NA,1352,1,0,1039,0,1040,G
6-NA,1353,0,1032,0,0,1032,T
6-NA,1354,1029,0,1,0,1030,A
6-NA,1355,1,1,0,966,968,C
6-NA,1356,961,1,0,0,962,A
6-NA,1357,0,964,1,0,965,T
6-NA,1358,931,0,1,0,932,A
6-NA,1359,0,933,0,0,933,T
6-NA,1360,0,2,879,0,881,G
6-NA,1361,0,0,887,0,887,G
6-NA,1362,874,0,0,0,874,A
6-NA,1363,863,0,1,0,864,A
6-NA,1364,0,0,0,862,862,C
6-NA,1365,733,0,1,0,734,A
6-NA,1366,0,0,739,0,739,G
6-NA,1367,0,0,737,0,737,G
6-NA,1368,1,1,0,730,732,C
6-NA,1369,0,736,0,2,738,T
6-NA,1370,0,0,0,715,715,C
6-NA,1371,703,0,1,0,704,A
6-NA,1372,0,709,0,0,709,T
6-NA,1373,1,0,708,0,709,G
6-NA,1374,0,0,701,0,701,G
6-NA,1375,0,0,0,679,679,C
6-NA,1376,1,0,0,673,674,C
6-NA,1377,0,653,0,0,653,T
6-NA,1378,0,0,654,0,654,G
6-NA,1379,644,0,0,0,644,A
6-NA,1380,0,650,0,0,650,T
6-NA,1381,0,0,644,0,644,G
6-NA,1382,0,1,632,0,633,G
6-NA,1383,0,0,595,0,595,G
6-NA,1384,0,0,597,0,597,G
6-NA,1385,0,0,0,577,577,C
6-NA,1386,0,1,586,0,587,G
6-NA,1387,0,1,581,0,582,G
6-NA,1388,576,0,0,0,576,A
6-NA,1389,1,0,0,572,573,C
6-NA,1390,573,0,0,0,573,A
6-NA,1391,0,560,0,1,561,T
6-NA,1392,1,0,0,563,564,C
6-NA,1393,560,0,0,0,560,A
6-NA,1394,550,0,0,0,550,A
6-NA,1395,0,546,0,1,547,T
6-NA,1396,1,0,0,526,527,C
6-NA,1397,0,508,0,0,508,T
6-NA,1398,1,0,0,429,430,C
6-NA,1399,428,0,1,0,429,A
6-NA,1400,0,425,0,0,425,T
6-NA,1401,0,0,422,0,422,G
6-NA,1402,0,1,0,413,414,C
6-NA,1403,0,0,0,401,401,C
6-NA,1404,0,349,0,0,349,T
6-NA,1405,343,0,0,0,343,A
6-NA,1406,0,345,0,0,345,T
6-NA,1407,336,0,1,0,337,A
6-NA,1408,0,335,0,0,335,T
6-NA,1409,309,0,0,0,309,A
6-NA,1410,295,0,0,0,295,A
7-M,1,87,0,0,0,87,A
7-M,2,0,87,0,0,87,T
7-M,3,0,0,86,0,86,G
7-M,4,87,0,0,0,87,A
7-M,5,0,0,93,0,93,G
7-M,6,0,0,0,99,99,C
7-M,7,0,0,0,100,100,C
7-M,8,0,126,0,0,126,T
7-M,9,0,127,0,0,127,T
7-M,10,0,0,0,127,127,C
7-M,11,0,125,0,0,125,T
7-M,12,131,0,0,0,131,A
7-M,13,131,0,0,1,132,A
7-M,14,0,0,0,131,131,C
7-M,15,0,0,0,131,131,C
7-M,16,0,0,132,0,132,G
7-M,17,129,0,0,0,129,A
7-M,18,0,0,132,0,132,G
7-M,19,0,0,134,0,134,G
7-M,20,0,134,0,0,134,T
7-M,21,0,0,0,133,133,C
7-M,22,0,0,133,0,133,G
7-M,23,137,0,0,0,137,A
7-M,24,138,0,0,0,138,A
7-M,25,138,0,0,0,138,A
7-M,26,0,0,0,154,154,C
7-M,27,0,0,158,0,158,G
7-M,28,0,160,0,0,160,T
7-M,29,160,0,0,0,160,A
7-M,30,0,162,0,1,163,T
7-M,31,0,0,163,0,163,G
7-M,32,0,164,0,0,164,T
7-M,33,0,178,0,1,179,T
7-M,34,0,0,0,185,185,C
7-M,35,0,185,0,0,185,T
7-M,36,1,0,0,192,193,C
7-M,37,0,193,0,0,193,T
7-M,38,0,0,0,199,199,C
7-M,39,0,202,0,0,202,T
7-M,40,202,0,0,0,202,A
7-M,41,0,206,0,0,206,T
7-M,42,0,0,0,209,209,C
7-M,43,0,0,210,0,210,G
7-M,44,0,213,0,1,214,T
7-M,45,0,209,0,1,210,T
7-M,46,0,0,0,214,214,C
7-M,47,0,0,0,219,219,C
7-M,48,222,0,0,0,222,A
7-M,49,0,223,0,0,223,T
7-M,50,0,0,0,223,223,C
7-M,51,219,0,0,0,219,A
7-M,52,0,0,224,0,224,G
7-M,53,0,0,222,0,222,G
7-M,54,0,0,0,224,224,C
7-M,55,0,0,0,225,225,C
7-M,56,0,0,0,225,225,C
7-M,57,0,0,0,234,234,C
7-M,58,0,0,0,239,239,C
7-M,59,0,241,0,0,241,T
7-M,60,0,0,0,241,241,C
7-M,61,239,0,1,0,240,A
7-M,62,238,0,0,0,238,A
7-M,63,240,0,0,0,240,A
7-M,64,0,0,242,1,243,G
7-M,65,0,0,0,243,243,C
7-M,66,0,0,0,242,242,C
7-M,67,0,0,241,0,241,G
7-M,68,241,0,0,1,242,A
7-M,69,0,0,242,0,242,G
7-M,70,242,0,0,0,242,A
7-M,71,0,244,0,0,244,T
7-M,72,0,0,0,241,241,C
7-M,73,0,0,243,0,243,G
7-M,74,0,0,0,241,241,C
7-M,75,0,0,245,1,246,G
7-M,76,0,0,0,244,244,C
7-M,77,245,0,0,1,246,A
7-M,78,0,0,244,1,245,G
7-M,79,238,0,0,1,239,A
7-M,80,0,0,265,1,266,G
7-M,81,264,0,0,1,265,A
7-M,82,1,0,0,268,269,C
7-M,83,0,268,0,1,269,T
7-M,84,0,268,0,0,268,T
7-M,85,0,0,270,0,270,G
7-M,86,266,0,0,1,267,A
7-M,87,270,0,0,0,270,A
7-M,88,0,0,270,0,270,G
7-M,89,262,0,0,0,262,A
7-M,90,0,261,0,0,261,T
7-M,91,0,0,269,0,269,G
7-M,92,0,271,0,0,271,T
7-M,93,0,0,0,273,273,C
7-M,94,0,271,0,0,271,T
7-M,95,0,270,0,1,271,T
7-M,96,0,272,0,0,272,T
7-M,97,0,0,272,0,272,G
7-M,98,0,0,0,270,270,C
7-M,99,0,273,0,0,273,T
7-M,100,2,0,263,0,265,G
7-M,101,0,0,276,0,276,G
7-M,102,0,2,278,0,280,G
7-M,103,280,0,0,0,280,A
7-M,104,283,0,0,0,283,A
7-M,105,285,0,0,0,285,A
7-M,106,283,0,1,0,284,A
7-M,107,289,0,0,1,290,A
7-M,108,1,1,0,291,293,C
7-M,109,291,0,0,0,291,A
7-M,110,0,0,0,289,289,C
7-M,111,287,0,0,0,287,A
7-M,112,0,0,293,0,293,G
7-M,113,292,0,0,0,292,A
7-M,114,0,304,0,0,304,T
7-M,115,0,0,0,305,305,C
7-M,116,0,304,0,0,304,T
7-M,117,0,300,0,0,300,T
7-M,118,0,0,298,0,298,G
7-M,119,304,0,0,0,304,A
7-M,120,0,0,302,0,302,G
7-M,121,0,0,303,0,303,G
7-M,122,0,0,0,310,310,C
7-M,123,0,305,0,0,305,T
7-M,124,0,0,0,353,353,C
7-M,125,0,353,0,0,353,T
7-M,126,1,0,0,351,352,C
7-M,127,352,0,0,0,352,A
7-M,128,0,354,0,0,354,T
7-M,129,0,0,353,0,353,G
7-M,130,0,1,349,0,350,G
7-M,131,350,0,0,0,350,A
7-M,132,0,0,330,0,330,G
7-M,133,0,333,0,1,334,T
7-M,134,0,0,349,0,349,G
7-M,135,0,0,362,0,362,G
7-M,136,0,0,0,365,365,C
7-M,137,0,369,0,0,369,T
7-M,138,366,0,0,0,366,A
7-M,139,371,0,0,0,371,A
7-M,140,371,0,1,0,372,A
7-M,141,0,0,374,0,374,G
7-M,142,373,0,0,0,373,A
7-M,143,0,0,0,369,369,C
7-M,144,354,0,1,0,355,A
7-M,145,351,0,1,0,352,A
7-M,146,0,0,365,0,365,G
7-M,147,362,0,1,0,363,A
7-M,148,0,0,0,364,364,C
7-M,149,0,0,0,367,367,C
7-M,150,367,0,0,0,367,A
7-M,151,369,0,0,0,369,A
7-M,152,0,366,0,0,366,T
7-M,153,0,375,0,0,375,T
7-M,154,0,0,0,378,378,C
7-M,155,0,371,0,0,371,T
7-M,156,0,1,376,0,377,G
7-M,157,0,375,0,0,375,T
7-M,158,0,0,0,377,377,C
7-M,159,375,0,0,0,375,A
7-M,160,0,0,0,391,391,C
7-M,161,0,0,0,393,393,C
7-M,162,0,387,0,0,387,T
7-M,163,0,0,0,389,389,C
7-M,164,0,387,0,0,387,T
7-M,165,0,1,402,0,403,G
7-M,166,399,0,0,0,399,A
7-M,167,0,0,0,402,402,C
7-M,168,0,399,0,0,399,T
7-M,169,397,0,0,0,397,A
7-M,170,393,0,0,1,394,A
7-M,171,0,0,390,0,390,G
7-M,172,0,0,393,0,393,G
7-M,173,0,0,398,0,398,G
7-M,174,0,0,392,2,394,G
7-M,175,405,0,0,0,405,A
7-M,176,0,406,0,0,406,T
7-M,177,0,406,0,0,406,T
7-M,178,0,408,0,0,408,T
7-M,179,0,409,0,0,409,T
7-M,180,0,0,407,0,407,G
7-M,181,0,0,409,0,409,G
7-M,182,0,0,409,0,409,G
7-M,183,0,0,405,0,405,G
7-M,184,0,396,0,0,396,T
7-M,185,0,403,0,0,403,T
7-M,186,0,401,0,0,401,T
7-M,187,0,0,407,0,407,G
7-M,188,0,403,0,0,403,T
7-M,189,0,0,407,0,407,G
7-M,190,0,401,1,1,403,T
7-M,191,0,403,0,0,403,T
7-M,192,2,0,0,410,412,C
7-M,193,406,0,0,0,406,A
7-M,194,0,1,0,420,421,C
7-M,195,0,0,419,0,419,G
7-M,196,0,0,0,418,418,C
7-M,197,0,412,0,0,412,T
7-M,198,0,0,0,421,421,C
7-M,199,420,0,0,0,420,A
7-M,200,0,0,0,431,431,C
7-M,201,2,0,0,430,432,C
7-M,202,0,0,430,0,430,G
7-M,203,0,430,0,1,431,T
7-M,204,0,0,431,0,431,G
7-M,205,0,0,0,434,434,C
7-M,206,1,0,0,433,434,C
7-M,207,0,0,0,437,437,C
7-M,208,427,0,1,0,428,A
7-M,209,0,0,432,0,432,G
7-M,210,0,424,0,1,425,T
7-M,211,0,0,426,0,426,G
7-M,212,427,1,2,0,430,A
7-M,213,0,0,430,0,430,G
7-M,214,0,0,0,426,426,C
7-M,215,0,1,426,1,428,G
7-M,216,423,0,0,0,423,A
7-M,217,0,0,423,0,423,G
7-M,218,0,2,421,0,423,G
7-M,219,419,0,0,0,419,A
7-M,220,0,0,0,427,427,C
7-M,221,0,421,0,0,421,T
7-M,222,0,0,421,0,421,G
7-M,223,1,0,0,420,421,C
7-M,224,422,0,1,0,423,A
7-M,225,0,0,429,0,429,G
7-M,226,0,0,0,426,426,C
7-M,227,1,1,432,0,434,G
7-M,228,0,434,0,0,434,T
7-M,229,425,0,0,0,425,A
7-M,230,0,0,424,0,424,G
7-M,231,422,0,1,0,423,A
7-M,232,0,0,0,427,427,C
7-M,233,0,0,424,0,424,G
7-M,234,0,0,0,423,423,C
7-M,235,0,414,0,0,414,T
7-M,236,0,412,0,0,412,T
7-M,237,0,410,0,1,411,T
7-M,238,0,0,421,0,421,G
7-M,239,0,420,0,0,420,T
7-M,240,0,0,0,422,422,C
7-M,241,0,0,0,424,424,C
7-M,242,423,0,0,0,423,A
7-M,243,418,0,0,0,418,A
7-M,244,420,0,0,0,420,A
7-M,245,421,0,0,0,421,A
7-M,246,0,417,0,0,417,T
7-M,247,0,0,410,0,410,G
7-M,248,0,0,0,410,410,C
7-M,249,1,0,0,407,408,C
7-M,250,1,0,0,419,420,C
7-M,251,0,418,0,0,418,T
7-M,252,0,0,0,443,443,C
7-M,253,442,1,0,0,443,A
7-M,254,444,1,0,0,445,A
7-M,255,0,447,0,0,447,T
7-M,256,0,1,446,0,447,G
7-M,257,0,0,452,0,452,G
7-M,258,0,1,459,0,460,G
7-M,259,459,0,1,0,460,A
7-M,260,460,0,0,0,460,A
7-M,261,0,445,0,0,445,T
7-M,262,1,0,442,0,443,G
7-M,263,0,0,442,0,442,G
7-M,264,438,0,1,0,439,A
7-M,265,0,1,433,0,434,G
7-M,266,432,0,1,0,433,A
7-M,267,0,0,0,422,422,C
7-M,268,1,0,0,445,446,C
7-M,269,0,0,0,446,446,C
7-M,270,451,0,0,0,451,A
7-M,271,451,0,0,0,451,A
7-M,272,453,0,0,0,453,A
7-M,273,0,461,0,0,461,T
7-M,274,475,0,0,0,475,A
7-M,275,476,0,0,0,476,A
7-M,276,2,0,0,463,465,C
7-M,277,458,0,0,1,459,A
7-M,278,0,459,0,0,459,T
7-M,279,0,0,469,0,469,G
7-M,280,0,1,469,0,470,G
7-M,281,470,0,0,0,470,A
7-M,282,0,0,0,469,469,C
7-M,283,458,0,0,0,458,A
7-M,284,457,0,1,1,459,A
7-M,285,457,0,0,0,457,A
7-M,286,0,0,468,0,468,G
7-M,287,0,0,0,479,479,C
7-M,288,467,0,0,0,467,A
7-M,289,0,0,473,0,473,G
7-M,290,0,470,0,0,470,T
7-M,291,0,470,0,0,470,T
7-M,292,473,0,0,0,473,A
7-M,293,466,0,0,0,466,A
7-M,294,474,0,1,0,475,A
7-M,295,0,0,0,479,479,C
7-M,296,0,460,0,0,460,T
7-M,297,0,0,492,0,492,G
7-M,298,0,478,0,1,479,T
7-M,299,483,0,0,0,483,A
7-M,300,0,484,0,1,485,T
7-M,301,483,0,0,0,483,A
7-M,302,0,0,482,0,482,G
7-M,303,453,0,1,0,454,A
7-M,304,457,0,0,0,457,A
7-M,305,461,0,0,0,461,A
7-M,306,470,0,0,0,470,A
7-M,307,0,0,0,478,478,C
7-M,308,0,475,0,0,475,T
7-M,309,0,476,0,0,476,T
7-M,310,477,0,0,0,477,A
7-M,311,477,0,0,0,477,A
7-M,312,0,0,477,0,477,G
7-M,313,468,0,1,0,469,A
7-M,314,0,1,475,0,476,G
7-M,315,1,0,475,0,476,G
7-M,316,0,0,476,0,476,G
7-M,317,475,0,0,0,475,A
7-M,318,0,0,474,0,474,G
7-M,319,469,0,1,0,470,A
7-M,320,0,478,0,0,478,T
7-M,321,477,0,1,0,478,A
7-M,322,477,0,0,0,477,A
7-M,323,0,1,0,479,480,C
7-M,324,0,0,477,0,477,G
7-M,325,0,478,2,1,481,T
7-M,326,0,474,0,0,474,T
7-M,327,0,0,0,481,481,C
7-M,328,0,0,0,473,473,C
7-M,329,475,0,0,0,475,A
7-M,330,0,475,0,0,475,T
7-M,331,0,0,468,0,468,G
7-M,332,0,0,467,0,467,G
7-M,333,0,0,466,0,466,G
7-M,334,0,0,472,0,472,G
7-M,335,0,0,0,465,465,C
7-M,336,0,0,0,463,463,C
7-M,337,469,0,0,0,469,A
7-M,338,471,1,1,0,473,A
7-M,339,470,0,2,0,472,A
7-M,340,0,0,476,0,476,G
7-M,341,478,0,0,0,478,A
7-M,342,475,0,1,0,476,A
7-M,343,475,0,1,0,476,A
7-M,344,0,477,0,0,477,T
7-M,345,475,0,1,0,476,A
7-M,346,0,0,473,0,473,G
7-M,347,0,1,0,472,473,C
7-M,348,0,466,0,0,466,T
7-M,349,1,0,0,464,465,C
7-M,350,0,461,0,0,461,T
7-M,351,0,0,0,481,481,C
7-M,352,480,0,1,0,481,A
7-M,353,0,0,477,0,477,G
7-M,354,0,473,0,0,473,T
7-M,355,1,490,0,0,491,T
7-M,356,493,0,0,0,493,A
7-M,357,0,493,0,0,493,T
7-M,358,0,489,0,0,489,T
7-M,359,0,0,0,496,496,C
7-M,360,0,474,0,1,475,T
7-M,361,0,0,480,0,480,G
7-M,362,0,0,0,475,475,C
7-M,363,0,476,0,0,476,T
7-M,364,0,0,477,0,477,G
7-M,365,0,0,474,0,474,G
7-M,366,0,468,0,1,469,T
7-M,367,0,0,474,0,474,G
7-M,368,1,0,0,470,471,C
7-M,369,475,0,0,0,475,A
7-M,370,0,0,0,483,483,C
7-M,371,0,476,1,0,477,T
7-M,372,0,480,0,0,480,T
7-M,373,0,0,482,0,482,G
7-M,374,0,0,0,478,478,C
7-M,375,0,0,0,477,477,C
7-M,376,474,1,0,0,475,A
7-M,377,0,0,478,0,478,G
7-M,378,0,477,0,0,477,T
7-M,379,0,472,0,1,473,T
7-M,380,0,0,477,0,477,G
7-M,381,0,1,0,462,463,C
7-M,382,467,0,0,0,467,A
7-M,383,0,465,0,0,465,T
7-M,384,0,0,465,0,465,G
7-M,385,0,0,465,0,465,G
7-M,386,0,0,469,0,469,G
7-M,387,0,0,1,464,465,C
7-M,388,0,0,0,480,480,C
7-M,389,0,479,0,2,481,T
7-M,390,1,0,0,490,491,C
7-M,391,511,0,1,0,512,A
7-M,392,0,514,0,0,514,T
7-M,393,528,0,0,0,528,A
7-M,394,0,525,0,0,525,T
7-M,395,519,0,0,0,519,A
7-M,396,0,0,0,548,548,C
7-M,397,528,0,0,0,528,A
7-M,398,531,0,0,0,531,A
7-M,399,0,528,0,0,528,T
7-M,400,517,0,0,0,517,A
7-M,401,0,0,523,0,523,G
7-M,402,0,0,526,0,526,G
7-M,403,515,1,0,0,516,A
7-M,404,0,515,0,0,515,T
7-M,405,0,0,496,0,496,G
7-M,406,0,0,493,0,493,G
7-M,407,0,1,486,0,487,G
7-M,408,0,0,491,0,491,G
7-M,409,0,0,491,0,491,G
7-M,410,1,0,0,489,490,C
7-M,411,0,481,0,0,481,T
7-M,412,0,0,484,0,484,G
7-M,413,0,481,0,0,481,T
7-M,414,480,0,1,0,481,A
7-M,415,476,0,1,0,477,A
7-M,416,0,0,0,484,484,C
7-M,417,0,0,0,475,475,C
7-M,418,468,0,0,0,468,A
7-M,419,0,0,0,470,470,C
7-M,420,0,471,0,0,471,T
7-M,421,0,0,470,0,470,G
7-M,422,463,0,0,0,463,A
7-M,423,462,0,0,0,462,A
7-M,424,0,0,468,0,468,G
7-M,425,0,453,0,0,453,T
7-M,426,0,0,459,0,459,G
7-M,427,0,0,454,0,454,G
7-M,428,0,0,0,462,462,C
7-M,429,465,0,0,0,465,A
7-M,430,0,460,0,0,460,T
7-M,431,0,464,0,0,464,T
7-M,432,0,465,0,0,465,T
7-M,433,0,0,468,0,468,G
7-M,434,0,0,459,0,459,G
7-M,435,0,0,0,459,459,C
7-M,436,0,0,0,459,459,C
7-M,437,0,460,0,0,460,T
7-M,438,0,1,479,0,480,G
7-M,439,0,0,480,0,480,G
7-M,440,0,478,0,0,478,T
7-M,441,478,0,1,0,479,A
7-M,442,0,462,0,1,463,T
7-M,443,0,0,469,0,469,G
7-M,444,0,460,0,2,462,T
7-M,445,0,0,463,0,463,G
7-M,446,0,0,0,464,464,C
7-M,447,448,0,0,0,448,A
7-M,448,447,0,1,0,448,A
7-M,449,0,0,0,447,447,C
7-M,450,450,0,0,0,450,A
7-M,451,0,447,0,0,447,T
7-M,452,0,0,442,0,442,G
7-M,453,0,439,0,0,439,T
7-M,454,0,0,440,0,440,G
7-M,455,440,0,0,1,441,A
7-M,456,0,1,440,0,441,G
7-M,457,0,0,0,443,443,C
7-M,458,427,0,0,0,427,A
7-M,459,0,0,428,0,428,G
7-M,460,427,0,0,0,427,A
7-M,461,0,429,0,0,429,T
7-M,462,0,429,0,0,429,T
7-M,463,0,0,427,0,427,G
7-M,464,0,0,0,424,424,C
7-M,465,0,428,0,0,428,T
7-M,466,0,3,427,0,430,G
7-M,467,429,0,0,0,429,A
7-M,468,0,0,0,439,439,C
7-M,469,0,431,0,0,431,T
7-M,470,0,0,0,436,436,C
7-M,471,0,0,0,430,430,C
7-M,472,0,1,0,439,440,C
7-M,473,439,0,1,0,440,A
7-M,474,0,0,443,0,443,G
7-M,475,0,0,0,435,435,C
7-M,476,439,0,0,0,439,A
7-M,477,0,0,0,435,435,C
7-M,478,408,0,0,0,408,A
7-M,479,0,0,415,0,415,G
7-M,480,0,0,420,0,420,G
7-M,481,0,415,0,0,415,T
7-M,482,0,0,0,428,428,C
7-M,483,1,427,0,0,428,T
7-M,484,0,0,0,423,423,C
7-M,485,421,0,0,0,421,A
7-M,486,0,424,0,0,424,T
7-M,487,423,1,0,0,424,A
7-M,488,0,0,412,0,412,G
7-M,489,0,0,410,0,410,G
7-M,490,0,0,0,408,408,C
7-M,491,385,0,0,0,385,A
7-M,492,0,0,384,0,384,G
7-M,493,389,0,0,0,389,A
7-M,494,0,386,0,0,386,T
7-M,495,1,0,389,0,390,G
7-M,496,0,0,385,0,385,G
7-M,497,0,372,0,1,373,T
7-M,498,0,1,388,0,389,G
7-M,499,0,0,386,0,386,G
7-M,500,0,0,0,391,391,C
7-M,501,392,0,0,0,392,A
7-M,502,389,0,0,0,389,A
7-M,503,0,0,0,393,393,C
7-M,504,390,0,0,0,390,A
7-M,505,396,0,0,0,396,A
7-M,506,0,0,0,400,400,C
7-M,507,0,0,0,392,392,C
7-M,508,389,0,0,0,389,A
7-M,509,386,0,0,0,386,A
7-M,510,1,387,0,0,388,T
7-M,511,0,0,0,388,388,C
7-M,512,0,0,0,385,385,C
7-M,513,376,0,0,0,376,A
7-M,514,0,372,0,1,373,T
7-M,515,0,378,0,0,378,T
7-M,516,383,0,0,0,383,A
7-M,517,383,0,0,0,383,A
7-M,518,0,379,0,0,379,T
7-M,519,379,0,0,0,379,A
7-M,520,379,1,0,0,380,A
7-M,521,377,0,0,0,377,A
7-M,522,378,0,0,0,378,A
7-M,523,1,0,0,396,397,C
7-M,524,396,0,0,0,396,A
7-M,525,0,392,0,0,392,T
7-M,526,0,0,394,0,394,G
7-M,527,389,0,0,0,389,A
7-M,528,0,0,394,0,394,G
7-M,529,392,0,1,0,393,A
7-M,530,389,0,2,0,391,A
7-M,531,0,0,0,393,393,C
7-M,532,385,0,0,0,385,A
7-M,533,0,0,389,0,389,G
7-M,534,386,0,0,0,386,A
7-M,535,387,0,0,0,387,A
7-M,536,0,383,0,0,383,T
7-M,537,0,0,378,0,378,G
7-M,538,0,0,379,0,379,G
7-M,539,0,377,0,1,378,T
7-M,540,0,368,0,0,368,T
7-M,541,0,379,0,0,379,T
7-M,542,0,378,0,0,378,T
7-M,543,0,0,386,0,386,G
7-M,544,0,0,394,0,394,G
7-M,545,0,0,0,378,378,C
7-M,546,0,0,0,387,387,C
7-M,547,380,0,0,0,380,A
7-M,548,0,0,396,0,396,G
7-M,549,0,1,0,402,403,C
7-M,550,401,0,0,0,401,A
7-M,551,0,0,0,415,415,C
7-M,552,0,403,0,0,403,T
7-M,553,405,0,0,0,405,A
7-M,554,0,0,0,405,405,C
7-M,555,420,0,0,0,420,A
7-M,556,0,0,427,0,427,G
7-M,557,0,0,0,417,417,C
7-M,558,0,411,0,1,412,T
7-M,559,414,0,0,0,414,A
7-M,560,403,0,1,0,404,A
7-M,561,0,0,406,0,406,G
7-M,562,0,0,408,0,408,G
7-M,563,0,0,0,415,415,C
7-M,564,0,388,0,0,388,T
7-M,565,392,0,0,0,392,A
7-M,566,0,393,0,0,393,T
7-M,567,0,1,393,0,394,G
7-M,568,0,0,395,0,395,G
7-M,569,386,0,2,0,388,A
7-M,570,0,0,388,0,388,G
7-M,571,0,0,0,375,375,C
7-M,572,377,0,0,0,377,A
7-M,573,373,0,0,0,373,A
7-M,574,372,0,0,0,372,A
7-M,575,0,379,0,0,379,T
7-M,576,0,0,379,0,379,G
7-M,577,0,0,375,0,375,G
7-M,578,0,0,0,368,368,C
7-M,579,0,371,1,1,373,T
7-M,580,1,2,380,0,383,G
7-M,581,0,1,384,0,385,G
7-M,582,382,0,0,0,382,A
7-M,583,0,381,0,0,381,T
7-M,584,0,0,0,379,379,C
7-M,585,381,0,0,0,381,A
7-M,586,386,0,0,0,386,A
7-M,587,0,0,389,0,389,G
7-M,588,0,386,0,0,386,T
7-M,589,0,1,388,0,389,G
7-M,590,380,0,0,0,380,A
7-M,591,0,0,382,0,382,G
7-M,592,0,0,0,380,380,C
7-M,593,384,0,1,0,385,A
7-M,594,0,1,382,0,383,G
7-M,595,2,0,380,0,382,G
7-M,596,2,0,0,375,377,C
7-M,597,375,0,0,0,375,A
7-M,598,0,0,387,0,387,G
7-M,599,0,0,0,385,385,C
7-M,600,0,0,387,0,387,G
7-M,601,0,0,384,0,384,G
7-M,602,386,0,0,0,386,A
7-M,603,1,0,384,0,385,G
7-M,604,0,0,387,0,387,G
7-M,605,1,0,0,387,388,C
7-M,606,0,0,0,388,388,C
7-M,607,392,0,0,0,392,A
7-M,608,0,393,0,0,393,T
7-M,609,0,0,394,0,394,G
7-M,610,0,0,393,0,393,G
7-M,611,387,1,0,0,388,A
7-M,612,1,0,385,0,386,G
7-M,613,378,0,0,0,378,A
7-M,614,0,390,0,0,390,T
7-M,615,0,384,0,0,384,T
7-M,616,0,0,384,0,384,G
7-M,617,0,0,0,385,385,C
7-M,618,0,386,0,0,386,T
7-M,619,389,0,0,0,389,A
7-M,620,0,0,390,0,390,G
7-M,621,0,388,0,0,388,T
7-M,622,0,0,0,391,391,C
7-M,623,380,0,0,0,380,A
7-M,624,0,1,386,0,387,G
7-M,625,0,0,381,0,381,G
7-M,626,0,0,0,382,382,C
7-M,627,0,0,0,385,385,C
7-M,628,383,0,0,0,383,A
7-M,629,0,0,390,0,390,G
7-M,630,0,1,388,0,389,G
7-M,631,0,0,0,391,391,C
7-M,632,389,0,1,0,390,A
7-M,633,0,0,393,0,393,G
7-M,634,386,0,0,0,386,A
7-M,635,0,385,0,0,385,T
7-M,636,0,0,390,0,390,G
7-M,637,0,0,400,0,400,G
7-M,638,0,398,0,0,398,T
7-M,639,0,1,404,0,405,G
7-M,640,0,0,0,400,400,C
7-M,641,405,0,0,0,405,A
7-M,642,0,0,407,1,408,G
7-M,643,1,1,406,0,408,G
7-M,644,0,0,0,404,404,C
7-M,645,404,0,0,1,405,A
7-M,646,396,0,0,0,396,A
7-M,647,0,386,0,0,386,T
7-M,648,0,0,385,0,385,G
7-M,649,387,0,0,0,387,A
7-M,650,0,0,388,0,388,G
7-M,651,378,0,2,0,380,A
7-M,652,0,0,390,0,390,G
7-M,653,0,0,0,378,378,C
7-M,654,0,0,0,386,386,C
7-M,655,392,0,0,0,392,A
7-M,656,0,397,0,0,397,T
7-M,657,0,395,0,0,395,T
7-M,658,0,0,399,0,399,G
7-M,659,0,0,393,0,393,G
7-M,660,0,1,393,0,394,G
7-M,661,397,0,0,0,397,A
7-M,662,0,1,0,390,391,C
7-M,663,0,378,0,0,378,T
7-M,664,0,0,0,387,387,C
7-M,665,386,0,0,0,386,A
7-M,666,0,391,0,0,391,T
7-M,667,0,0,0,392,392,C
7-M,668,0,0,0,392,392,C
7-M,669,0,391,1,1,393,T
7-M,670,391,0,1,0,392,A
7-M,671,0,0,405,0,405,G
7-M,672,0,440,0,0,440,T
7-M,673,0,434,0,0,434,T
7-M,674,0,0,0,436,436,C
7-M,675,0,0,0,427,427,C
7-M,676,429,0,0,0,429,A
7-M,677,0,0,436,0,436,G
7-M,678,0,438,0,0,438,T
7-M,679,434,0,0,0,434,A
7-M,680,0,0,0,434,434,C
7-M,681,0,403,0,0,403,T
7-M,682,0,0,413,0,413,G
7-M,683,0,0,417,0,417,G
7-M,684,0,419,0,0,419,T
7-M,685,0,0,0,419,419,C
7-M,686,0,414,0,0,414,T
7-M,687,415,0,0,0,415,A
7-M,688,413,0,0,0,413,A
7-M,689,0,2,417,0,419,G
7-M,690,418,0,0,0,418,A
7-M,691,0,0,407,0,407,G
7-M,692,392,0,0,0,392,A
7-M,693,0,388,0,2,390,T
7-M,694,0,1,387,0,388,G
7-M,695,389,0,0,0,389,A
7-M,696,0,385,0,0,385,T
7-M,697,1,0,0,389,390,C
7-M,698,0,385,0,0,385,T
7-M,699,0,381,0,1,382,T
7-M,700,0,0,0,388,388,C
7-M,701,0,388,0,0,388,T
7-M,702,0,389,0,0,389,T
7-M,703,0,0,390,0,390,G
7-M,704,387,0,0,0,387,A
7-M,705,385,0,1,0,386,A
7-M,706,390,0,0,0,390,A
7-M,707,391,0,0,0,391,A
7-M,708,0,393,0,0,393,T
7-M,709,0,391,0,1,392,T
7-M,710,1,395,0,0,396,T
7-M,711,0,0,394,0,394,G
7-M,712,0,0,0,391,391,C
7-M,713,395,0,0,0,395,A
7-M,714,0,2,391,0,393,G
7-M,715,392,0,0,0,392,A
7-M,716,0,1,0,403,404,C
7-M,717,0,0,0,407,407,C
7-M,718,0,410,0,0,410,T
7-M,719,417,0,0,0,417,A
7-M,720,0,419,0,0,419,T
7-M,721,0,0,0,420,420,C
7-M,722,421,0,0,0,421,A
7-M,723,0,0,421,0,421,G
7-M,724,415,0,0,0,415,A
7-M,725,407,0,1,0,408,A
7-M,726,404,0,0,0,404,A
7-M,727,0,0,0,407,407,C
7-M,728,0,1,412,0,413,G
7-M,729,408,0,1,0,409,A
7-M,730,404,0,1,0,405,A
7-M,731,0,410,0,1,411,T
7-M,732,0,0,415,0,415,G
7-M,733,0,0,408,0,408,G
7-M,734,0,0,411,0,411,G
7-M,735,1,0,407,0,408,G
7-M,736,0,0,412,0,412,G
7-M,737,0,396,0,0,396,T
7-M,738,0,0,398,0,398,G
7-M,739,0,0,0,398,398,C
7-M,740,399,0,0,0,399,A
7-M,741,0,1,401,0,402,G
7-M,742,399,0,0,0,399,A
7-M,743,0,397,0,1,398,T
7-M,744,0,0,392,0,392,G
7-M,745,0,0,0,392,392,C
7-M,746,391,0,0,0,391,A
7-M,747,394,0,0,0,394,A
7-M,748,1,0,0,392,393,C
7-M,749,0,0,399,0,399,G
7-M,750,400,0,0,0,400,A
7-M,751,0,400,0,0,400,T
7-M,752,0,398,0,0,398,T
7-M,753,0,0,0,397,397,C
7-M,754,383,0,0,0,383,A
7-M,755,382,0,0,0,382,A
7-M,756,0,0,384,0,384,G
7-M,757,0,374,0,0,374,T
7-M,758,0,1,372,0,373,G
7-M,759,370,0,0,0,370,A
7-M,760,0,0,0,371,371,C
7-M,761,0,0,0,370,370,C
7-M,762,0,0,0,366,366,C
7-M,763,0,0,363,0,363,G
7-M,764,1,0,0,369,370,C
7-M,765,0,374,0,0,374,T
7-M,766,0,375,0,0,375,T
7-M,767,0,0,376,0,376,G
7-M,768,0,378,0,0,378,T
7-M,769,0,381,0,0,381,T
7-M,770,0,0,381,0,381,G
7-M,771,0,377,0,0,377,T
7-M,772,0,374,0,0,374,T
7-M,773,2,0,370,0,372,G
7-M,774,0,0,0,366,366,C
7-M,775,0,0,0,366,366,C
7-M,776,0,2,368,0,370,G
7-M,777,0,0,0,365,365,C
7-M,778,0,0,372,0,372,G
7-M,779,371,0,0,0,371,A
7-M,780,374,0,0,0,374,A
7-M,781,0,379,0,0,379,T
7-M,782,374,0,0,0,374,A
7-M,783,0,384,0,0,384,T
7-M,784,1,0,0,391,392,C
7-M,785,393,0,0,0,393,A
7-M,786,0,393,0,0,393,T
7-M,787,0,391,0,0,391,T
7-M,788,0,1,392,0,393,G
7-M,789,0,1,390,0,391,G
7-M,790,1,0,393,0,394,G
7-M,791,386,0,0,0,386,A
7-M,792,0,389,0,0,389,T
7-M,793,0,1,0,376,377,C
7-M,794,0,376,0,2,378,T
7-M,795,0,374,0,1,375,T
7-M,796,0,0,378,0,378,G
7-M,797,0,0,0,373,373,C
7-M,798,373,0,0,0,373,A
7-M,799,0,0,0,379,379,C
7-M,800,0,374,0,0,374,T
7-M,801,0,375,0,0,375,T
7-M,802,0,0,376,0,376,G
7-M,803,382,0,1,0,383,A
7-M,804,0,385,0,0,385,T
7-M,805,377,0,0,0,377,A
7-M,806,0,378,0,0,378,T
7-M,807,0,377,0,0,377,T
7-M,808,0,0,379,0,379,G
7-M,809,0,375,0,1,376,T
7-M,810,0,0,373,0,373,G
7-M,811,0,0,372,0,372,G
7-M,812,366,0,0,0,366,A
7-M,813,0,365,0,0,365,T
7-M,814,0,361,0,2,363,T
7-M,815,1,0,0,360,361,C
7-M,816,0,360,0,0,360,T
7-M,817,0,354,0,0,354,T
7-M,818,0,0,356,0,356,G
7-M,819,348,1,0,0,349,A
7-M,820,0,350,0,0,350,T
7-M,821,1,0,0,349,350,C
7-M,822,0,0,348,0,348,G
7-M,823,0,350,0,1,351,T
7-M,824,0,0,0,353,353,C
7-M,825,0,349,0,1,350,T
7-M,826,0,351,0,0,351,T
7-M,827,0,353,0,1,354,T
7-M,828,0,357,0,0,357,T
7-M,829,0,364,0,0,364,T
7-M,830,0,361,0,0,361,T
7-M,831,0,363,0,0,363,T
7-M,832,0,0,0,362,362,C
7-M,833,359,0,0,0,359,A
7-M,834,356,0,0,0,356,A
7-M,835,357,0,0,0,357,A
7-M,836,0,359,0,0,359,T
7-M,837,0,0,353,0,353,G
7-M,838,0,0,0,360,360,C
7-M,839,0,0,357,0,357,G
7-M,840,0,365,0,0,365,T
7-M,841,0,0,0,368,368,C
7-M,842,0,367,1,0,368,T
7-M,843,368,0,0,0,368,A
7-M,844,0,366,0,0,366,T
7-M,845,0,0,0,364,364,C
7-M,846,0,0,367,0,367,G
7-M,847,365,0,0,0,365,A
7-M,848,0,0,0,365,365,C
7-M,849,0,352,0,0,352,T
7-M,850,0,0,0,366,366,C
7-M,851,0,363,0,1,364,T
7-M,852,0,357,0,0,357,T
7-M,853,0,0,0,360,360,C
7-M,854,363,0,0,0,363,A
7-M,855,364,0,0,0,364,A
7-M,856,358,0,0,0,358,A
7-M,857,0,0,0,360,360,C
7-M,858,356,0,0,0,356,A
7-M,859,0,1,0,351,352,C
7-M,860,0,0,344,0,344,G
7-M,861,0,0,358,0,358,G
7-M,862,0,0,0,352,352,C
7-M,863,1,0,0,357,358,C
7-M,864,0,353,0,1,354,T
7-M,865,0,359,0,0,359,T
7-M,866,360,0,0,0,360,A
7-M,867,359,0,0,0,359,A
7-M,868,361,0,0,0,361,A
7-M,869,356,0,0,0,356,A
7-M,870,0,0,354,0,354,G
7-M,871,301,0,0,0,301,A
7-M,872,0,0,301,0,301,G
7-M,873,1,0,297,0,298,G
7-M,874,0,0,0,295,295,C
7-M,875,0,0,0,285,285,C
7-M,876,0,0,0,297,297,C
7-M,877,0,299,0,0,299,T
7-M,878,0,297,0,0,297,T
7-M,879,0,0,0,307,307,C
7-M,880,0,305,0,0,305,T
7-M,881,307,0,1,0,308,A
7-M,882,0,1,0,308,309,C
7-M,883,0,0,301,0,301,G
7-M,884,0,0,300,0,300,G
7-M,885,286,0,0,0,286,A
7-M,886,285,0,0,0,285,A
7-M,887,0,0,281,0,281,G
7-M,888,0,1,280,0,281,G
7-M,889,274,0,0,0,274,A
7-M,890,0,0,282,0,282,G
7-M,891,0,281,0,0,281,T
7-M,892,278,0,1,0,279,A
7-M,893,0,0,0,280,280,C
7-M,894,0,0,0,276,276,C
7-M,895,0,276,0,0,276,T
7-M,896,0,1,272,0,273,G
7-M,897,260,0,1,0,261,A
7-M,898,0,0,270,0,270,G
7-M,899,0,262,0,0,262,T
7-M,900,0,0,0,262,262,C
7-M,901,0,252,0,0,252,T
7-M,902,254,0,0,0,254,A
7-M,903,0,252,0,0,252,T
7-M,904,0,0,256,0,256,G
7-M,905,246,0,0,0,246,A
7-M,906,0,0,247,0,247,G
7-M,907,0,1,229,0,230,G
7-M,908,0,0,231,0,231,G
7-M,909,230,0,0,0,230,A
7-M,910,226,0,0,0,226,A
7-M,911,0,0,227,0,227,G
7-M,912,226,0,0,0,226,A
7-M,913,224,0,0,0,224,A
7-M,914,0,219,1,0,220,T
7-M,915,219,0,0,0,219,A
7-M,916,0,219,0,0,219,T
7-M,917,1,1,0,212,214,C
7-M,918,0,0,212,0,212,G
7-M,919,212,0,0,0,212,A
7-M,920,205,0,0,0,205,A
7-M,921,209,0,0,0,209,A
7-M,922,0,1,205,0,206,G
7-M,923,0,0,210,0,210,G
7-M,924,203,0,0,0,203,A
7-M,925,205,0,1,0,206,A
7-M,926,0,0,0,207,207,C
7-M,927,196,0,0,0,196,A
7-M,928,0,0,200,0,200,G
7-M,929,0,0,0,202,202,C
7-M,930,201,0,0,0,201,A
7-M,931,0,1,201,0,202,G
7-M,932,192,0,0,0,192,A
7-M,933,193,0,0,0,193,A
7-M,934,0,192,0,0,192,T
7-M,935,0,0,189,0,189,G
7-M,936,0,0,0,188,188,C
7-M,937,0,182,0,1,183,T
7-M,938,0,0,184,0,184,G
7-M,939,0,182,0,0,182,T
7-M,940,0,0,178,0,178,G
7-M,941,0,0,181,0,181,G
7-M,942,174,0,0,0,174,A
7-M,943,0,172,0,0,172,T
7-M,944,0,0,169,0,169,G
7-M,945,0,0,0,169,169,C
7-M,946,0,150,0,0,150,T
7-M,947,0,0,149,0,149,G
7-M,948,145,0,0,0,145,A
7-M,949,0,0,0,144,144,C
7-M,950,0,0,148,0,148,G
7-M,951,145,0,0,0,145,A
7-M,952,0,0,0,147,147,C
7-M,953,142,0,0,0,142,A
7-M,954,0,0,145,0,145,G
7-M,955,0,138,0,0,138,T
7-M,956,1,0,0,137,138,C
7-M,957,141,0,0,0,141,A
7-M,958,0,139,0,0,139,T
7-M,959,0,138,0,0,138,T
7-M,960,0,139,0,0,139,T
7-M,961,0,139,0,0,139,T
7-M,962,0,0,139,0,139,G
7-M,963,0,132,0,0,132,T
7-M,964,0,0,0,133,133,C
7-M,965,130,0,0,0,130,A
7-M,966,0,0,130,0,130,G
7-M,967,0,0,0,127,127,C
7-M,968,129,0,0,0,129,A
7-M,969,0,132,0,0,132,T
7-M,970,125,0,0,0,125,A
7-M,971,0,0,126,0,126,G
7-M,972,121,0,0,0,121,A
7-M,973,0,0,124,0,124,G
7-M,974,0,120,0,0,120,T
7-M,975,0,79,0,0,79,T
7-M,976,0,0,81,0,81,G
7-M,977,0,0,81,0,81,G
7-M,978,79,0,0,0,79,A
7-M,979,0,0,80,0,80,G
7-M,980,0,54,0,0,54,T
7-M,981,51,0,0,0,51,A
7-M,982,50,0,0,0,50,A
8-NS,1,318,0,0,0,318,A
8-NS,2,0,320,0,0,320,T
8-NS,3,0,0,336,0,336,G
8-NS,4,0,0,358,0,358,G
8-NS,5,382,0,0,0,382,A
8-NS,6,0,701,0,0,701,T
8-NS,7,0,705,0,0,705,T
8-NS,8,0,0,0,724,724,C
8-NS,9,0,0,0,725,725,C
8-NS,10,727,0,3,0,730,A
8-NS,11,736,0,0,0,736,A
8-NS,12,0,0,0,735,735,C
8-NS,13,741,0,0,0,741,A
8-NS,14,0,0,0,745,745,C
8-NS,15,0,742,0,0,742,T
8-NS,16,0,0,811,0,811,G
8-NS,17,0,808,0,0,808,T
8-NS,18,0,0,814,0,814,G
8-NS,19,0,818,0,0,818,T
8-NS,20,1,0,0,817,818,C
8-NS,21,818,0,0,0,818,A
8-NS,22,818,0,0,0,818,A
8-NS,23,0,0,830,0,830,G
8-NS,24,0,860,0,0,860,T
8-NS,25,0,862,0,0,862,T
8-NS,26,0,867,0,0,867,T
8-NS,27,0,0,0,864,864,C
8-NS,28,0,1,0,872,873,C
8-NS,29,868,0,1,0,869,A
8-NS,30,0,1,880,0,881,G
8-NS,31,0,0,879,0,879,G
8-NS,32,0,856,0,2,858,T
8-NS,33,875,0,0,0,875,A
8-NS,34,0,0,892,0,892,G
8-NS,35,890,0,0,0,890,A
8-NS,36,0,895,0,1,896,T
8-NS,37,0,900,0,0,900,T
8-NS,38,0,0,911,0,911,G
8-NS,39,0,0,0,900,900,C
8-NS,40,0,911,0,2,913,T
8-NS,41,0,923,0,0,923,T
8-NS,42,0,922,0,1,923,T
8-NS,43,1,1,0,935,937,C
8-NS,44,0,928,0,0,928,T
8-NS,45,0,929,0,0,929,T
8-NS,46,0,925,0,0,925,T
8-NS,47,1,0,935,0,936,G
8-NS,48,1,2,922,0,925,G
8-NS,49,1,0,0,934,935,C
8-NS,50,930,0,0,0,930,A
8-NS,51,0,935,0,0,935,T
8-NS,52,941,0,0,0,941,A
8-NS,53,0,960,0,0,960,T
8-NS,54,0,0,0,967,967,C
8-NS,55,0,0,0,966,966,C
8-NS,56,1,0,956,0,957,G
8-NS,57,0,1,955,0,956,G
8-NS,58,964,0,1,0,965,A
8-NS,59,972,0,1,0,973,A
8-NS,60,973,0,0,0,973,A
8-NS,61,1,0,0,997,998,C
8-NS,62,988,0,0,0,988,A
8-NS,63,992,0,0,0,992,A
8-NS,64,0,0,1032,0,1032,G
8-NS,65,0,1041,0,0,1041,T
8-NS,66,0,1038,0,0,1038,T
8-NS,67,0,1,1039,0,1040,G
8-NS,68,0,1037,0,0,1037,T
8-NS,69,1033,0,1,0,1034,A
8-NS,70,1,2,1041,2,1046,G
8-NS,71,1087,0,0,0,1087,A
8-NS,72,1,0,0,1099,1100,C
8-NS,73,2,0,0,1093,1095,C
8-NS,74,1092,0,0,0,1092,A
8-NS,75,1099,0,1,0,1100,A
8-NS,76,0,3,1161,0,1164,G
8-NS,77,1158,0,0,0,1158,A
8-NS,78,1174,0,0,0,1174,A
8-NS,79,1,0,0,1172,1173,C
8-NS,80,0,1148,0,0,1148,T
8-NS,81,0,1,1165,0,1166,G
8-NS,82,1151,1,2,0,1154,A
8-NS,83,1,0,1193,0,1194,G
8-NS,84,0,1190,0,0,1190,T
8-NS,85,1,1,1161,0,1163,G
8-NS,86,1168,0,1,0,1169,A
8-NS,87,0,1170,0,0,1170,T
8-NS,88,1,1,1183,0,1185,G
8-NS,89,0,3,0,1201,1204,C
8-NS,90,1,0,0,1197,1198,C
8-NS,91,0,0,0,1208,1208,C
8-NS,92,1,0,0,1197,1198,C
8-NS,93,1209,0,0,0,1209,A
8-NS,94,0,1225,0,0,1225,T
8-NS,95,0,1252,0,0,1252,T
8-NS,96,0,0,0,1271,1271,C
8-NS,97,0,0,0,1258,1258,C
8-NS,98,0,1255,0,4,1259,T
8-NS,99,1,1251,0,2,1254,T
8-NS,100,1,1,1255,0,1257,G
8-NS,101,1233,0,0,0,1233,A
8-NS,102,0,1250,0,1,1251,T
8-NS,103,1,1,0,1252,1254,C
8-NS,104,1,2,1235,0,1238,G
8-NS,105,0,0,1233,0,1233,G
8-NS,106,0,0,0,1248,1248,C
8-NS,107,0,1245,0,0,1245,T
8-NS,108,0,1251,0,0,1251,T
8-NS,109,0,0,0,1257,1257,C
8-NS,110,0,0,1258,0,1258,G
8-NS,111,1,1,0,1252,1254,C
8-NS,112,0,1,0,1258,1259,C
8-NS,113,0,1,1258,0,1259,G
8-NS,114,1251,0,0,0,1251,A
8-NS,115,0,0,1288,0,1288,G
8-NS,116,1287,0,0,0,1287,A
8-NS,117,0,1288,0,0,1288,T
8-NS,118,4,1,0,1294,1299,C
8-NS,119,1289,0,0,0,1289,A
8-NS,120,0,2,1301,0,1303,G
8-NS,121,1293,0,3,0,1296,A
8-NS,122,0,0,1300,0,1300,G
8-NS,123,0,1,1303,0,1304,G
8-NS,124,0,1317,0,1,1318,T
8-NS,125,2,1,0,1359,1362,C
8-NS,126,0,0,0,1374,1374,C
8-NS,127,0,0,0,1375,1375,C
8-NS,128,0,1384,0,0,1384,T
8-NS,129,1379,0,1,0,1380,A
8-NS,130,1388,0,1,0,1389,A
8-NS,131,0,0,1398,0,1398,G
8-NS,132,0,1,1387,1,1389,G
8-NS,133,0,1,1369,0,1370,G
8-NS,134,0,0,1340,0,1340,G
8-NS,135,1336,0,1,0,1337,A
8-NS,136,1343,0,1,0,1344,A
8-NS,137,0,0,1347,0,1347,G
8-NS,138,1363,0,4,0,1367,A
8-NS,139,0,1,1383,0,1384,G
8-NS,140,0,0,1378,1,1379,G
8-NS,141,1,0,0,1377,1378,C
8-NS,142,1375,0,1,0,1376,A
8-NS,143,1386,0,0,0,1386,A
8-NS,144,0,1389,0,0,1389,T
8-NS,145,1399,0,0,0,1399,A
8-NS,146,0,0,0,1419,1419,C
8-NS,147,0,1381,0,1,1382,T
8-NS,148,0,0,0,1386,1386,C
8-NS,149,0,1353,0,0,1353,T
8-NS,150,2,0,0,1370,1372,C
8-NS,151,0,0,1389,0,1389,G
8-NS,152,0,0,1463,0,1463,G
8-NS,153,0,1450,0,0,1450,T
8-NS,154,4,0,0,1461,1465,C
8-NS,155,0,1449,0,0,1449,T
8-NS,156,1470,0,0,0,1470,A
8-NS,157,0,0,1475,0,1475,G
8-NS,158,1472,0,0,0,1472,A
8-NS,159,0,0,0,1504,1504,C
8-NS,160,1476,1,0,0,1477,A
8-NS,161,0,1462,0,1,1463,T
8-NS,162,1,0,0,1458,1459,C
8-NS,163,1456,0,0,0,1456,A
8-NS,164,1459,0,0,0,1459,A
8-NS,165,1448,0,0,0,1448,A
8-NS,166,0,0,1444,0,1444,G
8-NS,167,0,1,0,1446,1447,C
8-NS,168,1434,0,1,0,1435,A
8-NS,169,0,0,1442,0,1442,G
8-NS,170,0,0,0,1435,1435,C
8-NS,171,0,0,0,1463,1463,C
8-NS,172,1454,0,1,0,1455,A
8-NS,173,0,1,0,1486,1487,C
8-NS,174,0,0,0,1489,1489,C
8-NS,175,1,0,0,1492,1493,C
8-NS,176,1496,2,0,0,1498,A
8-NS,177,0,1499,0,0,1499,T
8-NS,178,0,0,1492,0,1492,G
8-NS,179,0,1498,0,0,1498,T
8-NS,180,0,1488,0,0,1488,T
8-NS,181,0,3,1482,0,1485,G
8-NS,182,0,0,1461,0,1461,G
8-NS,183,1445,0,0,0,1445,A
8-NS,184,1456,0,0,0,1456,A
8-NS,185,1432,0,5,0,1437,A
8-NS,186,0,0,1446,0,1446,G
8-NS,187,3,1,0,1436,1440,C
8-NS,188,1441,0,1,0,1442,A
8-NS,189,1440,0,1,0,1441,A
8-NS,190,1439,0,0,0,1439,A
8-NS,191,0,1440,0,0,1440,T
8-NS,192,0,1448,0,0,1448,T
8-NS,193,0,0,1467,0,1467,G
8-NS,194,0,1463,0,0,1463,T
8-NS,195,1453,0,2,0,1455,A
8-NS,196,0,1,1456,0,1457,G
8-NS,197,1458,0,1,0,1459,A
8-NS,198,1452,0,1,0,1453,A
8-NS,199,1455,0,0,0,1455,A
8-NS,200,1448,0,2,0,1450,A
8-NS,201,0,1,1455,0,1456,G
8-NS,202,1380,0,0,0,1380,A
8-NS,203,0,1381,0,0,1381,T
8-NS,204,0,1390,0,0,1390,T
8-NS,205,1,0,1,1387,1389,C
8-NS,206,0,1390,0,0,1390,T
8-NS,207,0,0,1386,0,1386,G
8-NS,208,1392,0,0,0,1392,A
8-NS,209,1394,0,0,0,1394,A
8-NS,210,1383,1,2,0,1386,A
8-NS,211,0,0,1403,0,1403,G
8-NS,212,1391,0,0,0,1391,A
8-NS,213,1392,0,3,0,1395,A
8-NS,214,0,2,1406,0,1408,G
8-NS,215,1410,1,0,0,1411,A
8-NS,216,1416,0,1,0,1417,A
8-NS,217,0,1420,0,0,1420,T
8-NS,218,1,0,0,1435,1436,C
8-NS,219,0,1431,0,1,1432,T
8-NS,220,1,2,1428,0,1431,G
8-NS,221,1429,0,0,0,1429,A
8-NS,222,0,1429,0,0,1429,T
8-NS,223,0,2,1416,0,1418,G
8-NS,224,1408,0,2,0,1410,A
8-NS,225,0,0,1405,0,1405,G
8-NS,226,0,1,1403,0,1404,G
8-NS,227,0,0,0,1394,1394,C
8-NS,228,1391,0,3,0,1394,A
8-NS,229,0,0,0,1447,1447,C
8-NS,230,0,1442,0,0,1442,T
8-NS,231,0,1458,0,0,1458,T
8-NS,232,1462,1,0,0,1463,A
8-NS,233,1465,0,0,0,1465,A
8-NS,234,1461,0,0,0,1461,A
8-NS,235,1454,0,0,0,1454,A
8-NS,236,0,1451,0,1,1452,T
8-NS,237,0,2,1447,0,1449,G
8-NS,238,1449,1,0,0,1450,A
8-NS,239,1,0,0,1446,1447,C
8-NS,240,0,1,0,1445,1446,C
8-NS,241,1447,0,1,0,1448,A
8-NS,242,0,1446,0,0,1446,T
8-NS,243,0,1,1488,0,1489,G
8-NS,244,0,1,1496,0,1497,G
8-NS,245,0,1495,0,0,1495,T
8-NS,246,1,0,0,1562,1563,C
8-NS,247,0,1551,0,0,1551,T
8-NS,248,1,0,0,1581,1582,C
8-NS,249,0,0,0,1584,1584,C
8-NS,250,1581,0,1,1,1583,A
8-NS,251,0,0,0,1608,1608,C
8-NS,252,1569,0,1,0,1570,A
8-NS,253,2,0,1,1633,1636,C
8-NS,254,0,2,0,1637,1639,C
8-NS,255,0,1576,0,3,1579,T
8-NS,256,0,0,1585,0,1585,G
8-NS,257,1,2,0,1578,1581,C
8-NS,258,0,1557,0,0,1557,T
8-NS,259,0,1575,0,1,1576,T
8-NS,260,2,8,0,1560,1570,C
8-NS,261,0,0,1569,0,1569,G
8-NS,262,1,1,0,1568,1570,C
8-NS,263,0,3,1573,0,1576,G
8-NS,264,1632,0,0,0,1632,A
8-NS,265,0,1630,0,0,1630,T
8-NS,266,1682,1,1,0,1684,A
8-NS,267,0,0,0,1703,1703,C
8-NS,268,1683,0,1,0,1684,A
8-NS,269,0,1729,0,0,1729,T
8-NS,270,1714,0,1,0,1715,A
8-NS,271,1714,0,0,0,1714,A
8-NS,272,1,0,0,1721,1722,C
8-NS,273,0,1670,0,1,1671,T
8-NS,274,1,3,1693,0,1697,G
8-NS,275,1659,0,0,0,1659,A
8-NS,276,1,0,0,1670,1671,C
8-NS,277,1667,1,2,0,1670,A
8-NS,278,0,1655,0,0,1655,T
8-NS,279,0,2,1658,0,1660,G
8-NS,280,1647,0,0,0,1647,A
8-NS,281,1,0,0,1709,1710,C
8-NS,282,0,1702,0,0,1702,T
8-NS,283,1733,0,0,0,1733,A
8-NS,284,0,1722,0,1,1723,T
8-NS,285,0,1712,0,0,1712,T
8-NS,286,0,1,1725,0,1726,G
8-NS,287,1694,0,7,0,1701,A
8-NS,288,1,2,1702,0,1705,G
8-NS,289,0,2,1695,0,1697,G
8-NS,290,1640,0,0,0,1640,A
8-NS,291,1641,0,0,0,1641,A
8-NS,292,0,1609,0,0,1609,T
8-NS,293,0,1621,0,0,1621,T
8-NS,294,0,0,1649,0,1649,G
8-NS,295,0,1652,0,0,1652,T
8-NS,296,1,1,0,1649,1651,C
8-NS,297,1653,0,1,0,1654,A
8-NS,298,1656,0,1,0,1657,A
8-NS,299,0,0,1640,0,1640,G
8-NS,300,1649,0,0,0,1649,A
8-NS,301,1652,0,0,0,1652,A
8-NS,302,1649,0,0,0,1649,A
8-NS,303,2,1,1,1650,1654,C
8-NS,304,0,1627,0,1,1628,T
8-NS,305,2,0,1644,0,1646,G
8-NS,306,2,0,1661,0,1663,G
8-NS,307,0,1660,0,1,1661,T
8-NS,308,0,1654,0,1,1655,T
8-NS,309,0,0,0,1656,1656,C
8-NS,310,1663,0,0,0,1663,A
8-NS,311,1,1697,0,0,1698,T
8-NS,312,1,1,1711,0,1713,G
8-NS,313,0,0,0,1723,1723,C
8-NS,314,0,1721,0,3,1724,T
8-NS,315,1692,0,1,0,1693,A
8-NS,316,1717,0,1,1,1719,A
8-NS,317,0,1733,0,0,1733,T
8-NS,318,2,3,1721,0,1726,G
8-NS,319,1,0,0,1724,1725,C
8-NS,320,0,1,0,1704,1705,C
8-NS,321,1,0,0,1699,1700,C
8-NS,322,1710,0,1,0,1711,A
8-NS,323,1711,0,0,1,1712,A
8-NS,324,0,0,1705,0,1705,G
8-NS,325,1,0,0,1717,1718,C
8-NS,326,1709,0,0,0,1709,A
8-NS,327,1,2,1720,0,1723,G
8-NS,328,1703,0,0,0,1703,A
8-NS,329,1714,0,0,0,1714,A
8-NS,330,1715,0,1,0,1716,A
8-NS,331,2,1,1732,0,1735,G
8-NS,332,0,1706,1,0,1707,T
8-NS,333,0,1,1712,0,1713,G
8-NS,334,0,0,1709,0,1709,G
8-NS,335,1699,0,0,0,1699,A
8-NS,336,1704,0,0,0,1704,A
8-NS,337,0,0,1699,0,1699,G
8-NS,338,1,0,1706,0,1707,G
8-NS,339,1689,0,3,0,1692,A
8-NS,340,0,0,0,1688,1688,C
8-NS,341,0,0,0,1690,1690,C
8-NS,342,0,1697,0,0,1697,T
8-NS,343,1,0,0,1726,1727,C
8-NS,344,0,1727,0,1,1728,T
8-NS,345,0,1730,0,0,1730,T
8-NS,346,0,1738,0,0,1738,T
8-NS,347,0,0,1734,0,1734,G
8-NS,348,1,0,0,1743,1744,C
8-NS,349,1739,0,1,0,1740,A
8-NS,350,0,1735,0,0,1735,T
8-NS,351,0,3,0,1743,1746,C
8-NS,352,1763,0,1,0,1764,A
8-NS,353,0,1,1802,0,1803,G
8-NS,354,1807,1,0,2,1810,A
8-NS,355,1803,0,2,0,1805,A
8-NS,356,0,1807,0,1,1808,T
8-NS,357,0,1,1774,0,1775,G
8-NS,358,6,0,1786,0,1792,G
8-NS,359,1781,0,1,0,1782,A
8-NS,360,2,0,0,1784,1786,C
8-NS,361,1,0,0,1746,1747,C
8-NS,362,1731,0,1,0,1732,A
8-NS,363,1,0,1744,0,1745,G
8-NS,364,2,1,1731,0,1734,G
8-NS,365,0,0,0,1758,1758,C
8-NS,366,1736,0,1,0,1737,A
8-NS,367,1749,1,1,1,1752,A
8-NS,368,0,1752,0,0,1752,T
8-NS,369,3,1,0,1757,1761,C
8-NS,370,1763,0,0,0,1763,A
8-NS,371,0,1748,0,0,1748,T
8-NS,372,0,1,1735,0,1736,G
8-NS,373,0,4,1739,0,1743,G
8-NS,374,1729,0,3,0,1732,A
8-NS,375,0,1,1748,0,1749,G
8-NS,376,1735,0,0,0,1735,A
8-NS,377,1733,0,0,0,1733,A
8-NS,378,1740,0,0,0,1740,A
8-NS,379,1735,0,0,0,1735,A
8-NS,380,1735,0,3,0,1738,A
8-NS,381,3,0,0,1748,1751,C
8-NS,382,1741,0,0,1,1742,A
8-NS,383,0,1739,0,1,1740,T
8-NS,384,0,0,0,1733,1733,C
8-NS,385,1736,0,0,1,1737,A
8-NS,386,0,1744,0,1,1745,T
8-NS,387,1,0,1746,0,1747,G
8-NS,388,0,1742,0,2,1744,T
8-NS,389,0,1733,0,0,1733,T
8-NS,390,0,3,1724,0,1727,G
8-NS,391,1733,0,0,0,1733,A
8-NS,392,1730,0,1,0,1731,A
8-NS,393,1718,0,3,0,1721,A
8-NS,394,1,2,1716,0,1719,G
8-NS,395,2,0,0,1679,1681,C
8-NS,396,0,5,1677,0,1682,G
8-NS,397,1672,0,1,0,1673,A
8-NS,398,1675,0,0,0,1675,A
8-NS,399,0,1674,0,0,1674,T
8-NS,400,1,1670,0,9,1680,T
8-NS,401,0,1682,0,1,1683,T
8-NS,402,2,0,0,1681,1683,C
8-NS,403,1662,0,1,0,1663,A
8-NS,404,1646,0,3,0,1649,A
8-NS,405,1,1662,0,0,1663,T
8-NS,406,0,0,1673,0,1673,G
8-NS,407,0,1661,0,2,1663,T
8-NS,408,0,4,1666,0,1670,G
8-NS,409,1674,0,0,0,1674,A
8-NS,410,0,1671,0,1,1672,T
8-NS,411,0,1670,0,1,1671,T
8-NS,412,0,1660,0,2,1662,T
8-NS,413,1,1659,0,1,1661,T
8-NS,414,0,1669,0,1,1670,T
8-NS,415,0,1,1670,0,1671,G
8-NS,416,1661,0,1,0,1662,A
8-NS,417,0,1630,0,2,1632,T
8-NS,418,1,0,0,1651,1652,C
8-NS,419,0,1,1661,0,1662,G
8-NS,420,1794,0,0,0,1794,A
8-NS,421,0,0,0,1808,1808,C
8-NS,422,0,1810,0,1,1811,T
8-NS,423,1831,0,0,0,1831,A
8-NS,424,0,0,1839,0,1839,G
8-NS,425,1844,0,2,0,1846,A
8-NS,426,0,1,1850,0,1851,G
8-NS,427,1849,0,2,1,1852,A
8-NS,428,0,0,0,1887,1887,C
8-NS,429,0,0,0,1794,1794,C
8-NS,430,1758,2,1,0,1761,A
8-NS,431,0,1855,0,1,1856,T
8-NS,432,1845,0,5,0,1850,A
8-NS,433,0,0,1963,0,1963,G
8-NS,434,1,1937,0,3,1941,T
8-NS,435,1952,0,1,0,1953,A
8-NS,436,0,1951,0,0,1951,T
8-NS,437,0,1910,0,0,1910,T
8-NS,438,1945,0,2,1,1948,A
8-NS,439,1,1,0,1950,1952,C
8-NS,440,0,1874,0,0,1874,T
8-NS,441,1870,0,0,0,1870,A
8-NS,442,1720,0,0,0,1720,A
8-NS,443,0,2,1729,0,1731,G
8-NS,444,0,2,1729,0,1731,G
8-NS,445,1,1,1720,0,1722,G
8-NS,446,1,0,1,1721,1723,C
8-NS,447,0,1694,0,3,1697,T
8-NS,448,0,1699,0,0,1699,T
8-NS,449,0,1716,0,2,1718,T
8-NS,450,0,0,0,1726,1726,C
8-NS,451,1740,0,2,0,1742,A
8-NS,452,0,1,1,1763,1765,C
8-NS,453,0,2,0,1743,1745,C
8-NS,454,0,3,1753,0,1756,G
8-NS,455,1735,0,1,0,1736,A
8-NS,456,1736,1,2,0,1739,A
8-NS,457,0,0,1765,0,1765,G
8-NS,458,1724,0,3,2,1729,A
8-NS,459,0,1,1740,0,1741,G
8-NS,460,0,0,1715,0,1715,G
8-NS,461,2,0,1722,0,1724,G
8-NS,462,1726,0,2,0,1728,A
8-NS,463,0,2,1725,0,1727,G
8-NS,464,1,0,0,1715,1716,C
8-NS,465,1718,0,0,0,1718,A
8-NS,466,1726,0,2,0,1728,A
8-NS,467,0,1730,0,0,1730,T
8-NS,468,0,1729,0,0,1729,T
8-NS,469,0,1,1725,0,1726,G
8-NS,470,0,1696,0,0,1696,T
8-NS,471,0,1701,0,0,1701,T
8-NS,472,1,2,1700,0,1703,G
8-NS,473,0,0,1690,0,1690,G
8-NS,474,0,1,0,1687,1688,C
8-NS,475,0,2,1706,0,1708,G
8-NS,476,1701,0,0,0,1701,A
8-NS,477,1710,0,0,1,1711,A
8-NS,478,1711,0,1,0,1712,A
8-NS,479,0,1723,0,0,1723,T
8-NS,480,6,0,0,1706,1712,C
8-NS,481,0,1714,0,1,1715,T
8-NS,482,3,1,0,1719,1723,C
8-NS,483,1716,1,2,0,1719,A
8-NS,484,1,0,1,1721,1723,C
8-NS,485,2,0,0,1735,1737,C
8-NS,486,1715,0,0,0,1715,A
8-NS,487,0,1703,0,1,1704,T
8-NS,488,0,1658,0,1,1659,T
8-NS,489,0,2,1649,0,1651,G
8-NS,490,0,0,0,1638,1638,C
8-NS,491,2,0,0,1634,1636,C
8-NS,492,0,1649,0,5,1654,T
8-NS,493,0,1628,0,2,1630,T
8-NS,494,1,0,0,1644,1645,C
8-NS,495,1,1646,0,1,1648,T
8-NS,496,0,1640,0,0,1640,T
8-NS,497,0,1680,0,1,1681,T
8-NS,498,1,1649,0,0,1650,T
8-NS,499,1,0,0,1667,1668,C
8-NS,500,3,0,0,1660,1663,C
8-NS,501,1653,0,2,0,1655,A
8-NS,502,1,3,1665,0,1669,G
8-NS,503,0,1,1663,0,1664,G
8-NS,504,1706,0,1,0,1707,A
8-NS,505,0,1,0,1709,1710,C
8-NS,506,1726,0,0,0,1726,A
8-NS,507,0,1733,0,0,1733,T
8-NS,508,1725,0,1,0,1726,A
8-NS,509,0,1,0,1872,1873,C
8-NS,510,0,1866,0,0,1866,T
8-NS,511,1873,0,1,0,1874,A
8-NS,512,0,1856,0,1,1857,T
8-NS,513,0,1805,0,0,1805,T
8-NS,514,0,1,1803,0,1804,G
8-NS,515,1719,0,4,0,1723,A
8-NS,516,1,3,1717,0,1721,G
8-NS,517,2,1,1709,0,1712,G
8-NS,518,1568,0,0,0,1568,A
8-NS,519,0,1570,0,0,1570,T
8-NS,520,0,1,1585,0,1586,G
8-NS,521,1,1560,0,2,1563,T
8-NS,522,4,0,0,1572,1576,C
8-NS,523,1583,1,1,1,1586,A
8-NS,524,1587,0,0,0,1587,A
8-NS,525,1585,0,0,0,1585,A
8-NS,526,1573,0,1,0,1574,A
8-NS,527,1577,0,0,0,1577,A
8-NS,528,2,1572,0,0,1574,T
8-NS,529,1,0,1575,0,1576,G
8-NS,530,0,1,0,1590,1591,C
8-NS,531,1588,0,0,0,1588,A
8-NS,532,1583,0,0,0,1583,A
8-NS,533,0,1593,0,1,1594,T
8-NS,534,1,1600,0,2,1603,T
8-NS,535,0,0,1603,0,1603,G
8-NS,536,1,1,1571,0,1573,G
8-NS,537,0,1,1572,0,1573,G
8-NS,538,1,0,1588,0,1589,G
8-NS,539,1,1550,0,1,1552,T
8-NS,540,2,0,0,1575,1577,C
8-NS,541,0,0,0,1575,1575,C
8-NS,542,0,1559,0,1,1560,T
8-NS,543,1,0,0,1567,1568,C
8-NS,544,1573,0,0,0,1573,A
8-NS,545,0,1566,0,0,1566,T
8-NS,546,0,0,0,1578,1578,C
8-NS,547,1,0,1558,0,1559,G
8-NS,548,0,0,1568,0,1568,G
8-NS,549,1540,0,2,0,1542,A
8-NS,550,0,0,1536,0,1536,G
8-NS,551,0,2,1547,0,1549,G
8-NS,552,1522,0,1,0,1523,A
8-NS,553,0,0,0,1542,1542,C
8-NS,554,0,1544,0,1,1545,T
8-NS,555,0,1541,1,1,1543,T
8-NS,556,0,0,1551,0,1551,G
8-NS,557,1546,0,0,0,1546,A
8-NS,558,1540,0,1,0,1541,A
8-NS,559,0,1546,0,0,1546,T
8-NS,560,1,1,1527,0,1529,G
8-NS,561,0,1,1555,0,1556,G
8-NS,562,1530,0,0,0,1530,A
8-NS,563,1556,0,0,0,1556,A
8-NS,564,0,1614,0,0,1614,T
8-NS,565,1,2,1636,0,1639,G
8-NS,566,1637,0,1,0,1638,A
8-NS,567,0,1644,0,0,1644,T
8-NS,568,1642,1,1,0,1644,A
8-NS,569,1649,0,1,0,1650,A
8-NS,570,1,1,0,1629,1631,C
8-NS,571,1596,0,2,0,1598,A
8-NS,572,0,0,0,1619,1619,C
8-NS,573,1471,0,0,0,1471,A
8-NS,574,0,1,1495,0,1496,G
8-NS,575,0,1477,0,2,1479,T
8-NS,576,0,1462,0,1,1463,T
8-NS,577,2,0,0,1478,1480,C
8-NS,578,2,0,1467,0,1469,G
8-NS,579,1459,0,2,0,1461,A
8-NS,580,0,0,1467,0,1467,G
8-NS,581,0,1447,0,0,1447,T
8-NS,582,3,0,0,1459,1462,C
8-NS,583,0,1417,0,2,1419,T
8-NS,584,1,0,0,1441,1442,C
8-NS,585,0,1453,0,1,1454,T
8-NS,586,1455,0,1,0,1456,A
8-NS,587,1453,0,0,1,1454,A
8-NS,588,1447,0,1,0,1448,A
8-NS,589,1460,0,0,0,1460,A
8-NS,590,1462,0,0,0,1462,A
8-NS,591,0,1450,0,0,1450,T
8-NS,592,1,0,0,1468,1469,C
8-NS,593,0,1454,0,0,1454,T
8-NS,594,1462,0,0,0,1462,A
8-NS,595,0,1,0,1468,1469,C
8-NS,596,1469,0,0,0,1469,A
8-NS,597,0,3,1462,0,1465,G
8-NS,598,1446,0,1,0,1447,A
8-NS,599,1,1,1456,0,1458,G
8-NS,600,1455,0,1,0,1456,A
8-NS,601,0,1430,0,0,1430,T
8-NS,602,0,1427,0,0,1427,T
8-NS,603,1,0,0,1436,1437,C
8-NS,604,0,1,1445,0,1446,G
8-NS,605,0,0,0,1429,1429,C
8-NS,606,0,1423,0,2,1425,T
8-NS,607,1,1439,0,1,1441,T
8-NS,608,0,2,1429,0,1431,G
8-NS,609,0,2,1441,0,1443,G
8-NS,610,1439,0,0,0,1439,A
8-NS,611,0,1,1436,0,1437,G
8-NS,612,1436,0,0,0,1436,A
8-NS,613,1426,0,0,0,1426,A
8-NS,614,0,1,1452,0,1453,G
8-NS,615,0,0,0,1459,1459,C
8-NS,616,1455,0,0,0,1455,A
8-NS,617,0,0,1487,0,1487,G
8-NS,618,1,1467,0,0,1468,T
8-NS,619,1474,0,1,0,1475,A
8-NS,620,1475,0,0,0,1475,A
8-NS,621,0,1477,0,1,1478,T
8-NS,622,0,0,1494,0,1494,G
8-NS,623,1447,0,0,0,1447,A
8-NS,624,0,0,1474,0,1474,G
8-NS,625,1470,0,0,0,1470,A
8-NS,626,1413,0,1,0,1414,A
8-NS,627,0,1408,1,0,1409,T
8-NS,628,2,0,1388,0,1390,G
8-NS,629,0,1,1378,0,1379,G
8-NS,630,1,0,1378,0,1379,G
8-NS,631,1,0,1371,0,1372,G
8-NS,632,0,0,1371,1,1372,G
8-NS,633,1345,0,1,0,1346,A
8-NS,634,1,1,0,1337,1339,C
8-NS,635,0,0,1,1346,1347,C
8-NS,636,1,1286,1,2,1290,T
8-NS,637,0,0,0,1299,1299,C
8-NS,638,1,0,1,1301,1303,C
8-NS,639,1307,0,1,0,1308,A
8-NS,640,0,0,0,1308,1308,C
8-NS,641,0,1283,0,0,1283,T
8-NS,642,0,1280,0,0,1280,T
8-NS,643,1259,0,0,0,1259,A
8-NS,644,0,0,0,1265,1265,C
8-NS,645,0,1259,0,0,1259,T
8-NS,646,0,5,0,1250,1255,C
8-NS,647,2,0,0,1246,1248,C
8-NS,648,1238,0,0,0,1238,A
8-NS,649,1252,0,0,0,1252,A
8-NS,650,1255,0,1,0,1256,A
8-NS,651,1253,0,0,0,1253,A
8-NS,652,0,1,0,1259,1260,C
8-NS,653,1237,1,0,1,1239,A
8-NS,654,0,1,1244,0,1245,G
8-NS,655,1239,0,0,0,1239,A
8-NS,656,1242,0,0,0,1242,A
8-NS,657,1230,0,5,1,1236,A
8-NS,658,2,1,0,1235,1238,C
8-NS,659,0,0,1240,0,1240,G
8-NS,660,1,0,1245,0,1246,G
8-NS,661,0,1,1246,0,1247,G
8-NS,662,1239,2,2,0,1243,A
8-NS,663,1238,0,1,0,1239,A
8-NS,664,1239,0,1,2,1242,A
8-NS,665,0,1230,0,0,1230,T
8-NS,666,0,4,1238,0,1242,G
8-NS,667,1,0,1226,0,1227,G
8-NS,668,0,3,0,1218,1221,C
8-NS,669,0,1,1230,0,1231,G
8-NS,670,1225,0,0,0,1225,A
8-NS,671,0,1,1233,0,1234,G
8-NS,672,1237,0,0,0,1237,A
8-NS,673,1225,0,0,0,1225,A
8-NS,674,1,0,0,1240,1241,C
8-NS,675,1209,0,1,0,1210,A
8-NS,676,1,0,1210,0,1211,G
8-NS,677,0,0,0,1200,1200,C
8-NS,678,0,1207,0,0,1207,T
8-NS,679,1203,0,1,0,1204,A
8-NS,680,0,1,1188,1,1190,G
8-NS,681,0,2,1183,0,1185,G
8-NS,682,0,1173,0,3,1176,T
8-NS,683,2,0,0,1174,1176,C
8-NS,684,1178,0,0,0,1178,A
8-NS,685,1180,0,0,0,1180,A
8-NS,686,1179,0,0,0,1179,A
8-NS,687,1189,0,0,0,1189,A
8-NS,688,0,0,1194,0,1194,G
8-NS,689,0,1153,0,2,1155,T
8-NS,690,0,1152,0,0,1152,T
8-NS,691,0,1150,0,0,1150,T
8-NS,692,0,1,1158,0,1159,G
8-NS,693,1155,0,1,0,1156,A
8-NS,694,1164,0,0,0,1164,A
8-NS,695,0,1,1167,0,1168,G
8-NS,696,1153,0,0,0,1153,A
8-NS,697,0,1,1155,0,1156,G
8-NS,698,1151,0,0,1,1152,A
8-NS,699,0,1157,0,0,1157,T
8-NS,700,1157,0,0,0,1157,A
8-NS,701,1143,0,2,0,1145,A
8-NS,702,0,1,1144,0,1145,G
8-NS,703,1065,0,0,0,1065,A
8-NS,704,0,1070,0,0,1070,T
8-NS,705,0,1,1078,0,1079,G
8-NS,706,0,0,1074,0,1074,G
8-NS,707,2,0,0,1073,1075,C
8-NS,708,0,1067,0,0,1067,T
8-NS,709,1072,0,0,1,1073,A
8-NS,710,1075,0,0,0,1075,A
8-NS,711,0,1078,0,1,1079,T
8-NS,712,0,1074,0,0,1074,T
8-NS,713,0,0,1084,0,1084,G
8-NS,714,1065,0,0,0,1065,A
8-NS,715,1057,0,2,0,1059,A
8-NS,716,0,2,1052,0,1054,G
8-NS,717,1057,0,0,0,1057,A
8-NS,718,1038,0,1,0,1039,A
8-NS,719,0,0,1055,0,1055,G
8-NS,720,0,1019,0,0,1019,T
8-NS,721,0,0,1026,0,1026,G
8-NS,722,1010,0,2,0,1012,A
8-NS,723,1,1,1006,0,1008,G
8-NS,724,1012,0,2,0,1014,A
8-NS,725,0,0,0,1013,1013,C
8-NS,726,998,0,2,0,1000,A
8-NS,727,0,0,0,1007,1007,C
8-NS,728,941,0,1,0,942,A
8-NS,729,0,1,959,0,960,G
8-NS,730,957,0,0,0,957,A
8-NS,731,0,944,0,2,946,T
8-NS,732,0,954,0,0,954,T
8-NS,733,949,0,0,0,949,A
8-NS,734,952,0,1,0,953,A
8-NS,735,952,0,0,0,952,A
8-NS,736,937,0,0,0,937,A
8-NS,737,935,0,0,0,935,A
8-NS,738,1,0,0,911,912,C
8-NS,739,879,0,0,0,879,A
8-NS,740,880,0,0,0,880,A
8-NS,741,0,0,0,883,883,C
8-NS,742,0,870,0,1,871,T
8-NS,743,0,0,884,0,884,G
8-NS,744,880,0,0,0,880,A
8-NS,745,884,0,0,0,884,A
8-NS,746,879,0,0,0,879,A
8-NS,747,871,0,0,0,871,A
8-NS,748,0,862,0,1,863,T
8-NS,749,846,0,2,0,848,A
8-NS,750,0,2,844,0,846,G
8-NS,751,0,0,0,852,852,C
8-NS,752,0,834,0,0,834,T
8-NS,753,0,834,0,0,834,T
8-NS,754,0,828,0,0,828,T
8-NS,755,0,1,838,0,839,G
8-NS,756,833,0,0,0,833,A
8-NS,757,835,0,0,0,835,A
8-NS,758,0,0,0,840,840,C
8-NS,759,824,0,0,0,824,A
8-NS,760,832,0,0,0,832,A
8-NS,761,829,0,0,0,829,A
8-NS,762,0,830,0,0,830,T
8-NS,763,830,0,1,0,831,A
8-NS,764,819,0,0,0,819,A
8-NS,765,0,0,0,822,822,C
8-NS,766,820,0,0,0,820,A
8-NS,767,0,813,0,0,813,T
8-NS,768,0,787,0,0,787,T
8-NS,769,2,0,0,780,782,C
8-NS,770,774,0,1,0,775,A
8-NS,771,0,772,0,0,772,T
8-NS,772,1,1,770,0,772,G
8-NS,773,0,2,0,759,761,C
8-NS,774,751,0,0,0,751,A
8-NS,775,742,0,0,0,742,A
8-NS,776,0,0,748,0,748,G
8-NS,777,0,1,0,759,760,C
8-NS,778,751,0,0,0,751,A
8-NS,779,0,752,0,0,752,T
8-NS,780,0,749,0,1,750,T
8-NS,781,745,0,0,0,745,A
8-NS,782,0,0,0,750,750,C
8-NS,783,734,0,0,0,734,A
8-NS,784,0,0,647,0,647,G
8-NS,785,0,0,0,647,647,C
8-NS,786,0,650,0,1,651,T
8-NS,787,1,0,642,0,643,G
8-NS,788,0,0,0,642,642,C
8-NS,789,0,620,0,1,621,T
8-NS,790,0,0,621,0,621,G
8-NS,791,0,608,0,1,609,T
8-NS,792,0,612,0,0,612,T
8-NS,793,0,611,0,0,611,T
8-NS,794,2,0,606,0,608,G
8-NS,795,612,0,2,0,614,A
8-NS,796,591,0,1,0,592,A
8-NS,797,0,0,590,0,590,G
8-NS,798,0,580,0,0,580,T
8-NS,799,0,0,537,0,537,G
8-NS,800,0,1,544,0,545,G
8-NS,801,542,0,0,0,542,A
8-NS,802,543,0,1,0,544,A
8-NS,803,1,0,0,544,545,C
8-NS,804,533,0,0,0,533,A
8-NS,805,0,1,533,0,534,G
8-NS,806,0,1,529,0,530,G
8-NS,807,518,0,1,0,519,A
8-NS,808,0,0,522,0,522,G
8-NS,809,457,0,1,0,458,A
8-NS,810,0,457,0,0,457,T
8-NS,811,454,0,1,0,455,A
8-NS,812,450,0,0,0,450,A
8-NS,813,0,1,450,0,451,G
8-NS,814,406,0,0,0,406,A
8-NS,815,399,0,0,0,399,A
8-NS,816,0,0,0,398,398,C
8-NS,817,0,325,0,0,325,T
8-NS,818,0,294,0,0,294,T
8-NS,819,0,291,0,0,291,T
8-NS,820,1,0,0,293,294,C
8-NS,821,0,283,0,0,283,T
8-NS,822,1,0,0,281,282,C
8-NS,823,273,0,0,0,273,A
8-NS,824,0,269,0,2,271,T
8-NS,825,0,274,0,0,274,T
8-NS,826,0,273,0,0,273,T
8-NS,827,2,1,0,268,271,C
8-NS,828,258,0,0,0,258,A
8-NS,829,0,0,257,0,257,G
8-NS,830,0,0,0,255,255,C
8-NS,831,0,243,0,0,243,T
8-NS,832,0,245,0,0,245,T
8-NS,833,235,0,0,0,235,A
8-NS,834,0,234,0,0,234,T
8-NS,835,0,235,0,0,235,T
8-NS,836,0,234,0,0,234,T
8-NS,837,225,0,0,0,225,A
8-NS,838,217,0,0,0,217,A
8-NS,839,0,212,0,0,212,T
8-NS,840,0,0,208,0,208,G
8-NS,841,200,0,0,0,200,A
8-NS,842,0,179,0,0,179,T
8-NS,843,176,0,0,0,176,A
8-NS,844,176,0,0,0,176,A
8-NS,845,176,0,0,0,176,A
8-NS,846,174,0,0,0,174,A
8-NS,847,170,0,0,0,170,A
8-NS,848,168,0,0,0,168,A
8-NS,849,0,0,0,169,169,C
8-NS,850,138,0,0,0,138,A
8-NS,851,0,0,0,143,143,C
8-NS,852,0,0,0,138,138,C
8-NS,853,0,0,0,129,129,C
8-NS,854,0,123,0,0,123,T
8-NS,855,0,122,0,1,123,T
8-NS,856,0,0,123,0,123,G
8-NS,857,0,118,0,0,118,T
8-NS,858,0,116,0,0,116,T
8-NS,859,0,114,0,0,114,T
8-NS,860,0,0,0,53,53,C
8-NS,861,0,42,0,0,42,T
8-NS,862,35,0,0,0,35,A
8-NS,863,0,0,0,35,35,C
