Gene,Position,A,T,G,C,Coverage,Consensus
1-PB2,1,404,0,0,0,404,A
1-PB2,2,0,406,0,0,406,T
1-PB2,3,0,0,415,0,415,G
1-PB2,4,0,1,413,0,414,G
1-PB2,5,409,0,0,0,409,A
1-PB2,6,410,0,0,0,410,A
1-PB2,7,416,0,0,0,416,A
1-PB2,8,0,1,461,0,462,G
1-PB2,9,460,0,1,0,461,A
1-PB2,10,463,0,1,0,464,A
1-PB2,11,0,481,0,1,482,T
1-PB2,12,475,0,0,1,476,A
1-PB2,13,478,0,0,0,478,A
1-PB2,14,484,0,0,0,484,A
1-PB2,15,483,0,0,0,483,A
1-PB2,16,0,1,502,0,503,G
1-PB2,17,497,0,1,0,498,A
1-PB2,18,508,0,0,0,508,A
1-PB2,19,0,0,0,520,520,C
1-PB2,20,0,520,0,0,520,T
1-PB2,21,529,0,0,0,529,A
1-PB2,22,0,0,0,531,531,C
1-PB2,23,0,1,528,0,529,G
1-PB2,24,0,3,532,0,535,G
1-PB2,25,538,0,0,0,538,A
1-PB2,26,551,0,0,0,551,A
1-PB2,27,0,549,0,0,549,T
1-PB2,28,1,0,0,552,553,C
1-PB2,29,0,552,0,0,552,T
1-PB2,30,0,0,562,0,562,G
1-PB2,31,558,0,0,1,559,A
1-PB2,32,0,564,0,1,565,T
1-PB2,33,0,0,564,0,564,G
1-PB2,34,0,569,0,0,569,T
1-PB2,35,2,1,0,568,571,C
1-PB2,36,0,0,563,0,563,G
1-PB2,37,0,0,0,572,572,C
1-PB2,38,572,0,0,0,572,A
1-PB2,39,0,0,600,0,600,G
1-PB2,40,0,592,0,0,592,T
1-PB2,41,4,0,0,597,601,C
1-PB2,42,0,594,0,3,597,T
1-PB2,43,2,0,0,601,603,C
1-PB2,44,0,1,597,0,598,G
1-PB2,45,0,0,0,604,604,C
1-PB2,46,603,0,0,0,603,A
1-PB2,47,0,0,0,611,611,C
1-PB2,48,0,596,0,0,596,T
1-PB2,49,1,0,0,620,621,C
1-PB2,50,0,1,615,0,616,G
1-PB2,51,0,0,0,617,617,C
1-PB2,52,0,2,618,0,620,G
1-PB2,53,613,0,0,0,613,A
1-PB2,54,0,2,621,0,623,G
1-PB2,55,639,0,1,0,640,A
1-PB2,56,0,641,0,0,641,T
1-PB2,57,644,0,1,0,645,A
1-PB2,58,0,0,0,645,645,C
1-PB2,59,0,639,0,1,640,T
1-PB2,60,1,2,650,0,653,G
1-PB2,61,658,1,1,0,660,A
1-PB2,62,0,0,0,664,664,C
1-PB2,63,669,0,0,0,669,A
1-PB2,64,664,0,0,0,664,A
1-PB2,65,676,0,0,0,676,A
1-PB2,66,685,0,0,0,685,A
1-PB2,67,687,0,0,0,687,A
1-PB2,68,1,0,0,688,689,C
1-PB2,69,1,0,0,691,692,C
1-PB2,70,717,0,1,0,718,A
1-PB2,71,0,1,0,732,733,C
1-PB2,72,729,0,0,0,729,A
1-PB2,73,0,0,753,0,753,G
1-PB2,74,0,745,0,0,745,T
1-PB2,75,0,5,779,0,784,G
1-PB2,76,0,6,777,0,783,G
1-PB2,77,789,0,2,0,791,A
1-PB2,78,0,0,0,831,831,C
1-PB2,79,4,0,0,826,830,C
1-PB2,80,844,0,0,0,844,A
1-PB2,81,0,841,0,1,842,T
1-PB2,82,840,0,0,0,840,A
1-PB2,83,0,834,0,0,834,T
1-PB2,84,0,5,834,0,839,G
1-PB2,85,4,0,840,0,844,G
1-PB2,86,0,1,0,845,846,C
1-PB2,87,1,0,0,846,847,C
1-PB2,88,840,1,0,0,841,A
1-PB2,89,0,894,0,1,895,T
1-PB2,90,889,0,0,0,889,A
1-PB2,91,933,0,1,0,934,A
1-PB2,92,0,942,0,1,943,T
1-PB2,93,0,934,0,1,935,T
1-PB2,94,945,0,0,0,945,A
1-PB2,95,939,0,0,0,939,A
1-PB2,96,0,1,967,0,968,G
1-PB2,97,963,0,0,0,963,A
1-PB2,98,948,0,1,0,949,A
1-PB2,99,0,0,988,0,988,G
1-PB2,100,0,973,0,0,973,T
1-PB2,101,981,0,1,0,982,A
1-PB2,102,0,1,0,991,992,C
1-PB2,103,982,1,1,0,984,A
1-PB2,104,0,0,0,1006,1006,C
1-PB2,105,991,0,0,0,991,A
1-PB2,106,0,992,0,0,992,T
1-PB2,107,1,0,0,999,1000,C
1-PB2,108,0,3,988,0,991,G
1-PB2,109,0,5,978,0,983,G
1-PB2,110,0,2,977,0,979,G
1-PB2,111,1,3,977,1,982,G
1-PB2,112,982,0,0,0,982,A
1-PB2,113,0,4,987,0,991,G
1-PB2,114,991,0,2,0,993,A
1-PB2,115,0,0,0,1009,1009,C
1-PB2,116,1005,0,1,1,1007,A
1-PB2,117,0,2,1024,0,1026,G
1-PB2,118,0,2,1032,0,1034,G
1-PB2,119,1027,0,1,0,1028,A
1-PB2,120,1032,0,1,0,1033,A
1-PB2,121,1033,0,0,0,1033,A
1-PB2,122,1036,0,1,0,1037,A
1-PB2,123,0,2,1034,1,1037,G
1-PB2,124,1029,0,0,0,1029,A
1-PB2,125,1032,0,2,1,1035,A
1-PB2,126,0,0,0,1029,1029,C
1-PB2,127,1,0,0,1026,1027,C
1-PB2,128,3,1,0,1030,1034,C
1-PB2,129,1,0,1037,0,1038,G
1-PB2,130,1,1031,0,1,1033,T
1-PB2,131,4,0,0,1031,1035,C
1-PB2,132,1039,0,0,0,1039,A
1-PB2,133,0,0,0,1057,1057,C
1-PB2,134,0,1054,0,1,1055,T
1-PB2,135,0,1061,0,0,1061,T
1-PB2,136,1057,0,1,0,1058,A
1-PB2,137,1,3,1070,0,1074,G
1-PB2,138,1,3,1059,0,1063,G
1-PB2,139,1061,0,3,0,1064,A
1-PB2,140,0,1068,0,1,1069,T
1-PB2,141,0,6,1067,0,1073,G
1-PB2,142,1075,0,0,0,1075,A
1-PB2,143,1079,0,4,0,1083,A
1-PB2,144,1085,0,0,0,1085,A
1-PB2,145,0,1084,0,0,1084,T
1-PB2,146,0,3,1090,0,1093,G
1-PB2,147,0,1,1095,0,1096,G
1-PB2,148,1089,0,0,0,1089,A
1-PB2,149,0,1091,0,1,1092,T
1-PB2,150,0,3,1087,0,1090,G
1-PB2,151,1071,0,5,0,1076,A
1-PB2,152,0,1083,0,0,1083,T
1-PB2,153,1,0,1085,1,1087,G
1-PB2,154,0,0,1089,0,1089,G
1-PB2,155,2,1,0,1095,1098,C
1-PB2,156,1091,0,2,0,1093,A
1-PB2,157,1107,0,0,0,1107,A
1-PB2,158,0,1111,0,0,1111,T
1-PB2,159,0,5,1137,0,1142,G
1-PB2,160,1144,0,0,0,1144,A
1-PB2,161,1135,0,0,0,1135,A
1-PB2,162,1145,0,2,0,1147,A
1-PB2,163,0,1145,0,0,1145,T
1-PB2,164,1153,0,0,0,1153,A
1-PB2,165,0,1,0,1159,1160,C
1-PB2,166,4,0,0,1144,1148,C
1-PB2,167,2,0,0,1156,1158,C
1-PB2,168,1159,0,0,0,1159,A
1-PB2,169,1147,0,0,0,1147,A
1-PB2,170,0,1153,0,0,1153,T
1-PB2,171,8,1,0,1144,1153,C
1-PB2,172,1156,0,0,0,1156,A
1-PB2,173,0,0,0,1172,1172,C
1-PB2,174,1,1168,0,2,1171,T
1-PB2,175,0,0,1169,0,1169,G
1-PB2,176,0,0,0,1172,1172,C
1-PB2,177,0,1164,0,1,1165,T
1-PB2,178,1,8,1173,0,1182,G
1-PB2,179,1176,0,1,0,1177,A
1-PB2,180,0,0,0,1189,1189,C
1-PB2,181,1190,0,0,0,1190,A
1-PB2,182,1178,0,3,0,1181,A
1-PB2,183,1175,0,0,0,1175,A
1-PB2,184,1180,0,3,0,1183,A
1-PB2,185,0,3,1191,0,1194,G
1-PB2,186,0,4,1195,0,1199,G
1-PB2,187,1196,0,0,0,1196,A
1-PB2,188,0,1205,0,0,1205,T
1-PB2,189,1193,0,2,0,1195,A
1-PB2,190,1197,0,2,0,1199,A
1-PB2,191,0,1,0,1213,1214,C
1-PB2,192,1215,0,0,0,1215,A
1-PB2,193,1,3,1217,0,1221,G
1-PB2,194,1197,0,0,0,1197,A
1-PB2,195,1203,0,0,0,1203,A
1-PB2,196,1207,0,0,0,1207,A
1-PB2,197,0,1198,0,0,1198,T
1-PB2,198,0,6,1205,0,1211,G
1-PB2,199,0,1,1220,0,1221,G
1-PB2,200,0,1212,0,0,1212,T
1-PB2,201,0,1210,0,0,1210,T
1-PB2,202,7,1,0,1205,1213,C
1-PB2,203,4,0,0,1205,1209,C
1-PB2,204,1,3,1214,0,1218,G
1-PB2,205,0,7,1208,0,1215,G
1-PB2,206,1211,0,2,0,1213,A
1-PB2,207,0,3,1213,0,1216,G
1-PB2,208,1206,0,0,0,1206,A
1-PB2,209,1,1,1231,0,1233,G
1-PB2,210,1232,0,2,0,1234,A
1-PB2,211,1236,0,3,0,1239,A
1-PB2,212,1237,0,1,0,1238,A
1-PB2,213,0,1230,0,0,1230,T
1-PB2,214,0,8,1243,1,1252,G
1-PB2,215,1245,0,5,0,1250,A
1-PB2,216,1247,1,1,0,1249,A
1-PB2,217,1,0,0,1252,1253,C
1-PB2,218,1233,0,0,1,1234,A
1-PB2,219,1233,0,5,0,1238,A
1-PB2,220,0,3,1255,0,1258,G
1-PB2,221,0,4,1251,0,1255,G
1-PB2,222,1259,0,2,2,1263,A
1-PB2,223,0,0,0,1262,1262,C
1-PB2,224,1262,0,0,0,1262,A
1-PB2,225,1258,0,3,0,1261,A
1-PB2,226,1249,0,1,0,1250,A
1-PB2,227,0,1,0,1253,1254,C
1-PB2,228,4,0,0,1220,1224,C
1-PB2,229,7,0,0,1308,1315,C
1-PB2,230,0,1323,0,0,1323,T
1-PB2,231,1323,0,1,0,1324,A
1-PB2,232,0,1325,0,0,1325,T
1-PB2,233,1,5,1325,0,1331,G
1-PB2,234,0,6,1361,0,1367,G
1-PB2,235,1318,0,0,0,1318,A
1-PB2,236,0,0,1324,0,1324,G
1-PB2,237,0,1309,0,1,1310,T
1-PB2,238,1318,0,0,0,1318,A
1-PB2,239,1316,0,0,0,1316,A
1-PB2,240,1313,0,0,0,1313,A
1-PB2,241,1311,1,0,0,1312,A
1-PB2,242,0,1301,0,0,1301,T
1-PB2,243,0,1,1302,0,1303,G
1-PB2,244,1286,0,2,0,1288,A
1-PB2,245,0,0,1295,0,1295,G
1-PB2,246,0,1278,1,0,1279,T
1-PB2,247,0,4,1287,0,1291,G
1-PB2,248,1303,0,2,0,1305,A
1-PB2,249,0,1311,0,0,1311,T
1-PB2,250,1,0,1307,0,1308,G
1-PB2,251,0,0,0,1297,1297,C
1-PB2,252,0,1304,0,0,1304,T
1-PB2,253,1,1,1342,0,1344,G
1-PB2,254,0,8,1331,0,1339,G
1-PB2,255,1343,1,0,0,1344,A
1-PB2,256,0,1351,0,0,1351,T
1-PB2,257,3,0,0,1354,1357,C
1-PB2,258,1368,0,2,0,1370,A
1-PB2,259,0,2,1394,0,1396,G
1-PB2,260,1398,0,1,0,1399,A
1-PB2,261,0,1398,0,0,1398,T
1-PB2,262,1360,0,0,0,1360,A
1-PB2,263,0,4,1372,0,1376,G
1-PB2,264,1365,1,0,0,1366,A
1-PB2,265,0,0,1388,0,1388,G
1-PB2,266,1,1344,0,0,1345,T
1-PB2,267,0,1,1347,0,1348,G
1-PB2,268,1333,0,2,0,1335,A
1-PB2,269,0,1342,0,0,1342,T
1-PB2,270,1,4,1356,0,1361,G
1-PB2,271,0,1,1373,0,1374,G
1-PB2,272,0,1366,0,0,1366,T
1-PB2,273,1371,0,2,0,1373,A
1-PB2,274,0,1346,0,2,1348,T
1-PB2,275,5,0,0,1344,1349,C
1-PB2,276,1370,0,1,0,1371,A
1-PB2,277,0,0,0,1381,1381,C
1-PB2,278,3,0,0,1375,1378,C
1-PB2,279,0,1351,0,1,1352,T
1-PB2,280,0,1340,0,1,1341,T
1-PB2,281,0,1344,0,0,1344,T
1-PB2,282,0,3,1367,0,1370,G
1-PB2,283,0,1,1353,0,1354,G
1-PB2,284,0,0,0,1382,1382,C
1-PB2,285,0,1358,0,2,1360,T
1-PB2,286,0,0,1360,0,1360,G
1-PB2,287,0,1360,0,1,1361,T
1-PB2,288,1366,0,1,0,1367,A
1-PB2,289,1370,0,1,0,1371,A
1-PB2,290,0,1,0,1369,1370,C
1-PB2,291,1350,0,1,0,1351,A
1-PB2,292,1,1344,0,0,1345,T
1-PB2,293,0,7,1328,0,1335,G
1-PB2,294,0,0,1350,0,1350,G
1-PB2,295,0,1335,0,0,1335,T
1-PB2,296,0,2,1334,0,1336,G
1-PB2,297,0,3,1344,0,1347,G
1-PB2,298,1354,0,0,0,1354,A
1-PB2,299,1365,0,1,0,1366,A
1-PB2,300,0,1365,0,0,1365,T
1-PB2,301,1373,0,0,0,1373,A
1-PB2,302,1,1,1382,0,1384,G
1-PB2,303,1373,0,0,0,1373,A
1-PB2,304,1370,0,0,0,1370,A
1-PB2,305,1371,0,0,0,1371,A
1-PB2,306,0,1347,0,0,1347,T
1-PB2,307,2,3,1339,0,1344,G
1-PB2,308,0,7,1332,0,1339,G
1-PB2,309,1340,0,1,0,1341,A
1-PB2,310,0,0,0,1331,1331,C
1-PB2,311,4,0,0,1312,1316,C
1-PB2,312,2,0,0,1319,1321,C
1-PB2,313,1,1,1336,0,1338,G
1-PB2,314,0,1338,0,1,1339,T
1-PB2,315,1,6,1352,0,1359,G
1-PB2,316,1357,0,2,0,1359,A
1-PB2,317,1,0,0,1375,1376,C
1-PB2,318,1379,0,1,0,1380,A
1-PB2,319,1378,0,3,0,1381,A
1-PB2,320,1,2,1390,0,1393,G
1-PB2,321,0,1385,0,0,1385,T
1-PB2,322,1383,0,0,0,1383,A
1-PB2,323,0,1,0,1374,1375,C
1-PB2,324,0,3,1362,0,1365,G
1-PB2,325,1,0,1397,0,1398,G
1-PB2,326,0,1386,1,1,1388,T
1-PB2,327,6,0,0,1391,1397,C
1-PB2,328,6,1,0,1398,1405,C
1-PB2,329,1389,0,2,0,1391,A
1-PB2,330,0,1392,0,5,1397,T
1-PB2,331,0,1403,0,0,1403,T
1-PB2,332,1443,0,2,0,1445,A
1-PB2,333,1,0,0,1432,1433,C
1-PB2,334,5,0,0,1397,1402,C
1-PB2,335,7,0,0,1402,1409,C
1-PB2,336,1396,0,0,0,1396,A
1-PB2,337,1408,0,0,0,1408,A
1-PB2,338,1404,0,0,0,1404,A
1-PB2,339,1392,0,2,1,1395,A
1-PB2,340,1,0,1418,0,1419,G
1-PB2,341,2,1352,0,1,1355,T
1-PB2,342,0,1,1397,0,1398,G
1-PB2,343,0,1388,0,1,1389,T
1-PB2,344,1395,0,2,0,1397,A
1-PB2,345,2,1,0,1391,1394,C
1-PB2,346,1393,0,0,0,1393,A
1-PB2,347,1395,0,3,0,1398,A
1-PB2,348,1,6,1390,0,1397,G
1-PB2,349,1360,0,1,0,1361,A
1-PB2,350,0,0,0,1390,1390,C
1-PB2,351,0,1361,0,2,1363,T
1-PB2,352,0,1373,0,1,1374,T
1-PB2,353,1374,0,0,0,1374,A
1-PB2,354,0,1376,0,0,1376,T
1-PB2,355,0,1369,0,0,1369,T
1-PB2,356,0,1359,0,0,1359,T
1-PB2,357,1,0,0,1365,1366,C
1-PB2,358,0,9,1340,0,1349,G
1-PB2,359,1348,0,0,0,1348,A
1-PB2,360,2,0,0,1354,1356,C
1-PB2,361,1361,0,0,0,1361,A
1-PB2,362,1356,0,0,0,1356,A
1-PB2,363,1345,0,1,0,1346,A
1-PB2,364,0,0,1369,0,1369,G
1-PB2,365,0,1351,0,1,1352,T
1-PB2,366,3,0,0,1372,1375,C
1-PB2,367,2,2,1374,0,1378,G
1-PB2,368,1368,1,0,0,1369,A
1-PB2,369,1368,0,2,0,1370,A
1-PB2,370,1366,0,0,1,1367,A
1-PB2,371,0,2,1403,0,1405,G
1-PB2,372,0,1,1404,0,1405,G
1-PB2,373,0,1383,0,0,1383,T
1-PB2,374,0,1394,0,0,1394,T
1-PB2,375,1392,0,0,0,1392,A
1-PB2,376,1391,0,1,0,1392,A
1-PB2,377,1395,0,0,0,1395,A
1-PB2,378,1402,0,0,0,1402,A
1-PB2,379,1,0,0,1419,1420,C
1-PB2,380,1388,0,0,1,1389,A
1-PB2,381,0,1379,0,0,1379,T
1-PB2,382,0,2,1373,0,1375,G
1-PB2,383,0,7,1370,0,1377,G
1-PB2,384,1379,0,1,0,1380,A
1-PB2,385,1384,0,2,0,1386,A
1-PB2,386,0,0,0,1410,1410,C
1-PB2,387,4,1,0,1423,1428,C
1-PB2,388,0,1427,0,0,1427,T
1-PB2,389,0,1416,1,1,1418,T
1-PB2,390,0,1417,0,0,1417,T
1-PB2,391,0,2,1415,0,1417,G
1-PB2,392,1,6,1396,0,1403,G
1-PB2,393,1,0,0,1406,1407,C
1-PB2,394,3,0,0,1404,1407,C
1-PB2,395,2,4,0,1398,1404,C
1-PB2,396,0,1367,0,1,1368,T
1-PB2,397,0,1,1383,0,1384,G
1-PB2,398,0,1382,0,0,1382,T
1-PB2,399,0,1378,0,1,1379,T
1-PB2,400,9,0,0,1382,1391,C
1-PB2,401,1371,0,0,0,1371,A
1-PB2,402,0,1371,0,0,1371,T
1-PB2,403,0,1374,0,0,1374,T
1-PB2,404,0,1376,0,0,1376,T
1-PB2,405,0,1370,0,1,1371,T
1-PB2,406,1340,0,1,0,1341,A
1-PB2,407,0,3,1337,0,1340,G
1-PB2,408,1332,0,0,0,1332,A
1-PB2,409,1341,0,0,0,1341,A
1-PB2,410,1339,0,0,1,1340,A
1-PB2,411,0,1321,0,0,1321,T
1-PB2,412,5,0,0,1325,1330,C
1-PB2,413,1338,0,1,0,1339,A
1-PB2,414,1345,0,1,0,1346,A
1-PB2,415,0,0,1349,0,1349,G
1-PB2,416,0,1343,0,2,1345,T
1-PB2,417,11,0,0,1331,1342,C
1-PB2,418,1360,0,0,0,1360,A
1-PB2,419,1351,0,3,0,1354,A
1-PB2,420,0,3,1361,0,1364,G
1-PB2,421,1371,0,2,0,1373,A
1-PB2,422,0,1364,0,0,1364,T
1-PB2,423,1371,1,1,0,1373,A
1-PB2,424,0,3,0,1372,1375,C
1-PB2,425,1,0,1385,0,1386,G
1-PB2,426,1,0,0,1375,1376,C
1-PB2,427,1377,0,0,0,1377,A
1-PB2,428,1,2,1395,0,1398,G
1-PB2,429,1385,0,1,0,1386,A
1-PB2,430,1401,0,2,0,1403,A
1-PB2,431,0,3,1426,0,1429,G
1-PB2,432,1397,0,2,1,1400,A
1-PB2,433,0,0,1414,0,1414,G
1-PB2,434,0,1384,0,1,1385,T
1-PB2,435,1381,0,2,0,1383,A
1-PB2,436,0,5,1402,0,1407,G
1-PB2,437,1407,0,1,0,1408,A
1-PB2,438,1,0,0,1456,1457,C
1-PB2,439,1437,0,0,0,1437,A
1-PB2,440,1,1409,0,0,1410,T
1-PB2,441,1411,0,1,0,1412,A
1-PB2,442,1417,0,1,0,1418,A
1-PB2,443,1414,0,1,0,1415,A
1-PB2,444,1,4,0,1410,1415,C
1-PB2,445,1,0,0,1398,1399,C
1-PB2,446,2,0,0,1401,1403,C
1-PB2,447,0,1326,1,2,1329,T
1-PB2,448,1,3,1346,0,1350,G
1-PB2,449,0,1,1359,0,1360,G
1-PB2,450,1,1358,0,4,1363,T
1-PB2,451,15,0,0,1346,1361,C
1-PB2,452,1359,0,1,0,1360,A
1-PB2,453,1,1355,0,2,1358,T
1-PB2,454,0,0,1367,1,1368,G
1-PB2,455,0,1,0,1363,1364,C
1-PB2,456,1360,0,1,0,1361,A
1-PB2,457,0,4,1364,0,1368,G
1-PB2,458,1342,0,0,0,1342,A
1-PB2,459,0,1323,0,1,1324,T
1-PB2,460,3,0,0,1343,1346,C
1-PB2,461,0,1342,0,0,1342,T
1-PB2,462,6,1,0,1346,1353,C
1-PB2,463,1346,0,0,0,1346,A
1-PB2,464,0,0,1362,0,1362,G
1-PB2,465,0,1356,0,0,1356,T
1-PB2,466,0,0,1363,0,1363,G
1-PB2,467,1,0,0,1352,1353,C
1-PB2,468,8,1,0,1345,1354,C
1-PB2,469,1361,0,0,0,1361,A
1-PB2,470,1356,0,0,0,1356,A
1-PB2,471,1346,0,1,0,1347,A
1-PB2,472,1,0,1355,0,1356,G
1-PB2,473,1325,0,0,0,1325,A
1-PB2,474,0,3,1326,0,1329,G
1-PB2,475,0,0,1329,0,1329,G
1-PB2,476,0,2,0,1325,1327,C
1-PB2,477,1329,0,2,0,1331,A
1-PB2,478,0,0,0,1339,1339,C
1-PB2,479,1338,0,1,0,1339,A
1-PB2,480,1362,0,1,0,1363,A
1-PB2,481,0,2,1380,0,1382,G
1-PB2,482,1398,0,3,0,1401,A
1-PB2,483,0,1402,0,1,1403,T
1-PB2,484,0,1,1399,0,1400,G
1-PB2,485,0,1388,0,0,1388,T
1-PB2,486,1401,0,0,0,1401,A
1-PB2,487,1391,0,0,0,1391,A
1-PB2,488,0,1387,0,1,1388,T
1-PB2,489,11,1,0,1287,1299,C
1-PB2,490,1308,0,0,0,1308,A
1-PB2,491,0,1319,0,0,1319,T
1-PB2,492,0,4,1316,0,1320,G
1-PB2,493,1,4,1315,0,1320,G
1-PB2,494,1313,0,0,0,1313,A
1-PB2,495,1267,0,40,0,1307,A
1-PB2,496,1,0,1315,0,1316,G
1-PB2,497,0,1308,0,0,1308,T
1-PB2,498,0,1306,0,1,1307,T
1-PB2,499,1,0,1320,0,1321,G
1-PB2,500,1,1307,0,1,1309,T
1-PB2,501,0,1300,0,1,1301,T
1-PB2,502,0,1304,0,1,1305,T
1-PB2,503,0,1303,0,0,1303,T
1-PB2,504,0,1300,0,0,1300,T
1-PB2,505,5,0,0,1304,1309,C
1-PB2,506,3,0,0,1302,1305,C
1-PB2,507,5,0,0,1317,1322,C
1-PB2,508,1318,0,1,0,1319,A
1-PB2,509,1314,0,0,0,1314,A
1-PB2,510,0,1331,0,0,1331,T
1-PB2,511,0,4,1331,1,1336,G
1-PB2,512,1334,0,0,0,1334,A
1-PB2,513,1327,0,0,0,1327,A
1-PB2,514,0,0,1332,0,1332,G
1-PB2,515,0,1318,0,0,1318,T
1-PB2,516,0,3,1316,0,1319,G
1-PB2,517,0,0,1314,0,1314,G
1-PB2,518,1,7,1297,0,1305,G
1-PB2,519,1335,0,0,0,1335,A
1-PB2,520,0,0,1328,0,1328,G
1-PB2,521,0,0,0,1311,1311,C
1-PB2,522,3,0,0,1328,1331,C
1-PB2,523,1325,0,2,0,1327,A
1-PB2,524,0,3,1358,0,1361,G
1-PB2,525,0,6,1359,0,1365,G
1-PB2,526,1371,0,0,0,1371,A
1-PB2,527,0,1364,0,0,1364,T
1-PB2,528,1374,1,1,0,1376,A
1-PB2,529,0,0,0,1369,1369,C
1-PB2,530,0,1363,0,1,1364,T
1-PB2,531,1363,0,1,0,1364,A
1-PB2,532,1355,1,1,0,1357,A
1-PB2,533,0,0,0,1367,1367,C
1-PB2,534,1345,0,0,0,1345,A
1-PB2,535,0,1323,0,1,1324,T
1-PB2,536,3,0,0,1326,1329,C
1-PB2,537,1321,0,1,0,1322,A
1-PB2,538,0,4,1324,0,1328,G
1-PB2,539,1320,0,3,0,1323,A
1-PB2,540,1329,0,1,0,1330,A
1-PB2,541,0,1319,0,0,1319,T
1-PB2,542,4,0,0,1290,1294,C
1-PB2,543,1300,0,2,0,1302,A
1-PB2,544,0,1,0,1335,1336,C
1-PB2,545,1329,0,1,1,1331,A
1-PB2,546,1339,0,0,0,1339,A
1-PB2,547,1,1325,0,1,1327,T
1-PB2,548,0,1331,0,1,1332,T
1-PB2,549,1338,0,0,0,1338,A
1-PB2,550,1343,0,3,0,1346,A
1-PB2,551,0,2,0,1350,1352,C
1-PB2,552,1344,0,0,0,1344,A
1-PB2,553,1325,0,1,0,1326,A
1-PB2,554,0,1333,0,1,1334,T
1-PB2,555,1335,0,1,0,1336,A
1-PB2,556,1331,0,0,0,1331,A
1-PB2,557,0,1,0,1338,1339,C
1-PB2,558,0,1325,0,0,1325,T
1-PB2,559,1326,0,1,0,1327,A
1-PB2,560,1328,0,0,0,1328,A
1-PB2,561,1320,1,1,0,1322,A
1-PB2,562,1,7,1319,0,1327,G
1-PB2,563,1300,0,2,0,1302,A
1-PB2,564,0,1,1306,0,1307,G
1-PB2,565,1303,0,0,0,1303,A
1-PB2,566,1307,0,1,0,1308,A
1-PB2,567,1304,0,1,0,1305,A
1-PB2,568,1307,0,0,0,1307,A
1-PB2,569,1310,0,0,0,1310,A
1-PB2,570,1310,0,0,0,1310,A
1-PB2,571,1,1,1312,0,1314,G
1-PB2,572,1302,0,2,0,1304,A
1-PB2,573,1308,0,2,0,1310,A
1-PB2,574,0,7,1297,0,1304,G
1-PB2,575,1302,0,0,0,1302,A
1-PB2,576,1290,0,3,0,1293,A
1-PB2,577,0,0,0,1313,1313,C
1-PB2,578,0,1284,0,0,1284,T
1-PB2,579,4,0,1,1305,1310,C
1-PB2,580,2,0,1,1306,1309,C
1-PB2,581,2,3,1309,0,1314,G
1-PB2,582,1303,0,1,1,1305,A
1-PB2,583,0,2,1307,0,1309,G
1-PB2,584,1305,0,0,0,1305,A
1-PB2,585,0,1293,0,0,1293,T
1-PB2,586,0,1297,0,0,1297,T
1-PB2,587,0,3,1285,0,1288,G
1-PB2,588,1,0,1,1295,1297,C
1-PB2,589,1298,0,0,0,1298,A
1-PB2,590,1301,1,0,0,1302,A
1-PB2,591,1301,1,1,0,1303,A
1-PB2,592,1321,1,0,0,1322,A
1-PB2,593,0,1308,0,0,1308,T
1-PB2,594,0,1300,0,0,1300,T
1-PB2,595,0,1301,0,1,1302,T
1-PB2,596,3,0,0,1300,1303,C
1-PB2,597,0,1286,0,1,1287,T
1-PB2,598,4,0,1,1312,1317,C
1-PB2,599,4,0,0,1329,1333,C
1-PB2,600,5,0,0,1367,1372,C
1-PB2,601,0,1357,0,0,1357,T
1-PB2,602,0,1380,0,0,1380,T
1-PB2,603,0,3,1372,0,1375,G
1-PB2,604,1369,0,2,0,1371,A
1-PB2,605,0,1401,0,0,1401,T
1-PB2,606,1,7,1400,0,1408,G
1-PB2,607,0,0,1476,0,1476,G
1-PB2,608,0,1474,0,0,1474,T
1-PB2,609,0,1475,0,0,1475,T
1-PB2,610,1,1,1566,0,1568,G
1-PB2,611,0,0,0,1602,1602,C
1-PB2,612,1623,0,3,0,1626,A
1-PB2,613,0,1625,0,2,1627,T
1-PB2,614,1636,0,0,0,1636,A
1-PB2,615,1,1318,0,291,1610,T
1-PB2,616,1797,0,0,2,1799,A
1-PB2,617,0,1817,0,0,1817,T
1-PB2,618,0,0,1873,0,1873,G
1-PB2,619,0,1824,0,1,1825,T
1-PB2,620,0,1805,0,0,1805,T
1-PB2,621,1793,0,0,0,1793,A
1-PB2,622,1,6,1786,0,1793,G
1-PB2,623,1794,0,1,0,1795,A
1-PB2,624,0,4,1799,1,1804,G
1-PB2,625,1719,0,4,0,1723,A
1-PB2,626,1,9,1707,0,1717,G
1-PB2,627,1685,0,2,0,1687,A
1-PB2,628,0,5,1689,0,1694,G
1-PB2,629,1701,0,0,0,1701,A
1-PB2,630,1704,0,0,0,1704,A
1-PB2,631,0,0,0,1710,1710,C
1-PB2,632,0,1696,0,1,1697,T
1-PB2,633,0,1696,0,0,1696,T
1-PB2,634,0,1,1701,0,1702,G
1-PB2,635,0,1689,0,0,1689,T
1-PB2,636,1690,0,3,0,1693,A
1-PB2,637,0,0,0,1681,1681,C
1-PB2,638,0,7,1676,0,1683,G
1-PB2,639,1685,0,0,0,1685,A
1-PB2,640,1692,0,0,0,1692,A
1-PB2,641,1702,0,1,0,1703,A
1-PB2,642,1708,0,0,0,1708,A
1-PB2,643,1709,0,2,1,1712,A
1-PB2,644,0,0,0,1721,1721,C
1-PB2,645,1721,1,1,0,1723,A
1-PB2,646,1721,0,2,0,1723,A
1-PB2,647,0,8,1715,0,1723,G
1-PB2,648,1733,0,0,0,1733,A
1-PB2,649,0,1737,1,0,1738,T
1-PB2,650,0,1721,0,0,1721,T
1-PB2,651,2,1722,0,1,1725,T
1-PB2,652,4,0,0,1720,1724,C
1-PB2,653,0,1721,0,2,1723,T
1-PB2,654,7,1,0,1714,1722,C
1-PB2,655,2,0,0,1715,1717,C
1-PB2,656,1,0,0,1724,1725,C
1-PB2,657,1733,0,0,0,1733,A
1-PB2,658,0,0,1740,0,1740,G
1-PB2,659,0,1752,0,0,1752,T
1-PB2,660,1,1735,0,1,1737,T
1-PB2,661,0,1,1741,0,1742,G
1-PB2,662,1,0,0,1727,1728,C
1-PB2,663,0,1729,0,0,1729,T
1-PB2,664,0,1,1740,0,1741,G
1-PB2,665,0,0,1722,0,1722,G
1-PB2,666,0,1,0,1724,1725,C
1-PB2,667,1,2,1738,0,1741,G
1-PB2,668,1,8,1743,0,1752,G
1-PB2,669,1752,0,6,0,1758,A
1-PB2,670,1759,0,1,0,1760,A
1-PB2,671,0,0,0,1766,1766,C
1-PB2,672,1777,1,0,0,1778,A
1-PB2,673,1777,0,1,0,1778,A
1-PB2,674,1,0,1838,0,1839,G
1-PB2,675,0,1,0,1861,1862,C
1-PB2,676,1873,0,1,1,1875,A
1-PB2,677,2,1,2195,0,2198,G
1-PB2,678,1,2203,0,0,2204,T
1-PB2,679,2199,1,1,1,2202,A
1-PB2,680,0,2205,0,0,2205,T
1-PB2,681,2196,0,1,0,2197,A
1-PB2,682,1,2196,0,0,2197,T
1-PB2,683,2158,0,1,0,2159,A
1-PB2,684,1,0,0,2184,2185,C
1-PB2,685,2066,0,1,0,2067,A
1-PB2,686,1,1972,0,0,1973,T
1-PB2,687,0,1892,0,1,1893,T
1-PB2,688,0,3,1889,0,1892,G
1-PB2,689,1876,0,0,0,1876,A
1-PB2,690,1888,0,0,0,1888,A
1-PB2,691,0,0,1915,0,1915,G
1-PB2,692,0,1895,0,1,1896,T
1-PB2,693,0,1892,0,1,1893,T
1-PB2,694,0,1898,0,1,1899,T
1-PB2,695,0,1899,0,1,1900,T
1-PB2,696,1916,1,0,0,1917,A
1-PB2,697,0,0,0,1928,1928,C
1-PB2,698,1927,0,0,0,1927,A
1-PB2,699,0,1924,0,2,1926,T
1-PB2,700,0,1902,0,0,1902,T
1-PB2,701,0,1908,0,1,1909,T
1-PB2,702,1,22,1889,1,1913,G
1-PB2,703,1905,0,0,0,1905,A
1-PB2,704,0,1,0,1923,1924,C
1-PB2,705,0,1901,0,2,1903,T
1-PB2,706,8,0,0,1901,1909,C
1-PB2,707,1908,0,0,0,1908,A
1-PB2,708,1,4,1898,0,1903,G
1-PB2,709,0,7,1914,0,1921,G
1-PB2,710,0,9,1925,0,1934,G
1-PB2,711,1930,0,1,0,1931,A
1-PB2,712,1927,0,4,0,1931,A
1-PB2,713,0,0,0,1932,1932,C
1-PB2,714,0,3,1934,0,1937,G
1-PB2,715,0,1936,0,1,1937,T
1-PB2,716,0,1,1951,0,1952,G
1-PB2,717,0,1932,0,0,1932,T
1-PB2,718,0,1935,0,0,1935,T
1-PB2,719,0,9,1930,0,1939,G
1-PB2,720,0,3,1920,0,1923,G
1-PB2,721,0,6,1937,0,1943,G
1-PB2,722,1914,0,3,0,1917,A
1-PB2,723,1927,0,0,0,1927,A
1-PB2,724,1,0,0,1950,1951,C
1-PB2,725,1942,0,0,0,1942,A
1-PB2,726,1989,0,0,0,1989,A
1-PB2,727,1993,0,0,0,1993,A
1-PB2,728,0,1998,0,1,1999,T
1-PB2,729,2,0,2024,0,2026,G
1-PB2,730,2,1997,0,0,1999,T
1-PB2,731,2005,0,0,0,2005,A
1-PB2,732,0,0,0,2005,2005,C
1-PB2,733,1964,0,0,0,1964,A
1-PB2,734,1,1,0,1979,1981,C
1-PB2,735,0,1888,0,1,1889,T
1-PB2,736,6,0,0,2001,2007,C
1-PB2,737,4,2,0,2006,2012,C
1-PB2,738,2042,0,0,0,2042,A
1-PB2,739,1,5,2046,0,2052,G
1-PB2,740,0,1,2084,0,2085,G
1-PB2,741,0,2056,0,3,2059,T
1-PB2,742,0,1,2070,0,2071,G
1-PB2,743,0,3,2007,0,2010,G
1-PB2,744,1969,0,1,0,1970,A
1-PB2,745,0,4,1991,0,1995,G
1-PB2,746,0,9,1975,0,1984,G
1-PB2,747,1939,0,0,0,1939,A
1-PB2,748,0,0,1977,0,1977,G
1-PB2,749,0,1912,0,0,1912,T
1-PB2,750,0,3,1946,0,1949,G
1-PB2,751,1940,0,2,1,1943,A
1-PB2,752,0,5,1934,0,1939,G
1-PB2,753,3,5,1940,0,1948,G
1-PB2,754,1941,0,1,0,1942,A
1-PB2,755,1945,0,0,0,1945,A
1-PB2,756,0,1936,0,0,1936,T
1-PB2,757,1,10,1916,0,1927,G
1-PB2,758,1927,0,2,0,1929,A
1-PB2,759,0,2,0,1920,1922,C
1-PB2,760,0,4,1931,0,1935,G
1-PB2,761,1919,1,1,0,1921,A
1-PB2,762,0,1923,0,0,1923,T
1-PB2,763,0,0,1935,0,1935,G
1-PB2,764,0,1923,0,2,1925,T
1-PB2,765,1,1919,0,2,1922,T
1-PB2,766,1,15,1907,0,1923,G
1-PB2,767,1910,0,0,0,1910,A
1-PB2,768,0,0,1,1918,1919,C
1-PB2,769,7,0,1,1905,1913,C
1-PB2,770,1902,0,0,0,1902,A
1-PB2,771,1910,0,0,0,1910,A
1-PB2,772,1904,0,1,0,1905,A
1-PB2,773,0,0,1935,0,1935,G
1-PB2,774,0,0,0,1936,1936,C
1-PB2,775,1,0,1,1935,1937,C
1-PB2,776,0,1966,1,0,1967,T
1-PB2,777,1961,0,0,0,1961,A
1-PB2,778,1964,0,0,0,1964,A
1-PB2,779,0,1960,0,1,1961,T
1-PB2,780,0,1957,0,1,1958,T
1-PB2,781,1950,0,0,0,1950,A
1-PB2,782,0,1894,0,0,1894,T
1-PB2,783,0,1875,0,1,1876,T
1-PB2,784,1,1,1873,0,1875,G
1-PB2,785,0,1,0,1864,1865,C
1-PB2,786,0,3,1858,0,1861,G
1-PB2,787,0,0,1866,0,1866,G
1-PB2,788,1,0,0,1864,1865,C
1-PB2,789,2,4,0,1855,1861,C
1-PB2,790,1874,0,1,0,1875,A
1-PB2,791,0,3,1903,0,1906,G
1-PB2,792,0,7,1911,0,1918,G
1-PB2,793,1913,0,0,1,1914,A
1-PB2,794,1920,0,4,0,1924,A
1-PB2,795,1,0,0,1933,1934,C
1-PB2,796,1909,0,0,0,1909,A
1-PB2,797,1,1929,0,0,1930,T
1-PB2,798,1944,0,0,0,1944,A
1-PB2,799,0,0,1956,0,1956,G
1-PB2,800,0,1915,0,0,1915,T
1-PB2,801,1904,0,1,0,1905,A
1-PB2,802,1900,0,1,0,1901,A
1-PB2,803,1,7,1903,0,1911,G
1-PB2,804,1898,0,0,1,1899,A
1-PB2,805,1865,1,0,0,1866,A
1-PB2,806,0,5,1855,0,1860,G
1-PB2,807,1800,0,1,0,1801,A
1-PB2,808,0,2,1805,0,1807,G
1-PB2,809,1,0,0,1794,1795,C
1-PB2,810,3,0,0,1796,1799,C
1-PB2,811,0,0,1809,0,1809,G
1-PB2,812,0,0,0,1819,1819,C
1-PB2,813,1825,0,2,0,1827,A
1-PB2,814,0,0,1937,0,1937,G
1-PB2,815,0,1929,0,0,1929,T
1-PB2,816,1933,0,2,0,1935,A
1-PB2,817,0,1932,0,0,1932,T
1-PB2,818,8,0,1,1924,1933,C
1-PB2,819,1924,0,2,0,1926,A
1-PB2,820,1,0,1931,0,1932,G
1-PB2,821,0,0,0,1926,1926,C
1-PB2,822,1865,0,0,0,1865,A
1-PB2,823,0,6,1820,0,1826,G
1-PB2,824,1818,0,2,0,1820,A
1-PB2,825,0,1825,0,1,1826,T
1-PB2,826,7,2,0,1823,1832,C
1-PB2,827,4,0,0,1832,1836,C
1-PB2,828,1828,0,3,0,1831,A
1-PB2,829,0,0,0,1847,1847,C
1-PB2,830,0,1839,0,0,1839,T
1-PB2,831,1845,0,0,0,1845,A
1-PB2,832,0,0,1819,0,1819,G
1-PB2,833,3,0,0,1820,1823,C
1-PB2,834,1804,0,0,0,1804,A
1-PB2,835,0,1802,0,1,1803,T
1-PB2,836,1,1,0,1829,1831,C
1-PB2,837,0,1831,0,0,1831,T
1-PB2,838,0,1848,0,0,1848,T
1-PB2,839,0,1861,0,1,1862,T
1-PB2,840,1857,0,2,0,1859,A
1-PB2,841,0,1849,0,0,1849,T
1-PB2,842,0,1842,0,0,1842,T
1-PB2,843,0,2,1841,1,1844,G
1-PB2,844,0,8,1820,0,1828,G
1-PB2,845,1791,0,1,0,1792,A
1-PB2,846,1,2,1788,0,1791,G
1-PB2,847,1764,0,0,0,1764,A
1-PB2,848,0,1751,0,0,1751,T
1-PB2,849,0,0,1770,0,1770,G
1-PB2,850,0,1761,1,5,1767,T
1-PB2,851,1,0,1767,0,1768,G
1-PB2,852,2,0,0,1771,1773,C
1-PB2,853,5,2,0,1760,1767,C
1-PB2,854,1758,1,1,0,1760,A
1-PB2,855,1,0,0,1767,1768,C
1-PB2,856,1746,0,1,0,1747,A
1-PB2,857,0,0,1755,0,1755,G
1-PB2,858,1,1,1,1699,1702,C
1-PB2,859,1698,0,2,0,1700,A
1-PB2,860,0,1,0,1703,1704,C
1-PB2,861,1698,0,0,0,1698,A
1-PB2,862,0,0,0,1718,1718,C
1-PB2,863,1717,1,0,0,1718,A
1-PB2,864,1707,0,0,0,1707,A
1-PB2,865,1705,0,0,0,1705,A
1-PB2,866,0,1651,0,0,1651,T
1-PB2,867,0,1665,0,0,1665,T
1-PB2,868,0,3,1645,0,1648,G
1-PB2,869,0,0,1631,0,1631,G
1-PB2,870,1,2,0,1641,1644,C
1-PB2,871,1,5,1637,0,1643,G
1-PB2,872,0,10,1622,0,1632,G
1-PB2,873,1619,0,0,0,1619,A
1-PB2,874,1656,0,0,0,1656,A
1-PB2,875,0,0,0,1662,1662,C
1-PB2,876,1665,0,0,0,1665,A
1-PB2,877,1662,0,2,0,1664,A
1-PB2,878,0,4,1662,0,1666,G
1-PB2,879,1,2,1666,0,1669,G
1-PB2,880,1667,0,0,0,1667,A
1-PB2,881,0,1582,0,0,1582,T
1-PB2,882,0,4,1581,0,1585,G
1-PB2,883,0,1,1585,0,1586,G
1-PB2,884,0,1552,0,0,1552,T
1-PB2,885,1,3,1578,0,1582,G
1-PB2,886,1,6,1551,0,1558,G
1-PB2,887,1533,0,0,0,1533,A
1-PB2,888,0,1,0,1542,1543,C
1-PB2,889,1512,0,0,0,1512,A
1-PB2,890,0,1674,0,0,1674,T
1-PB2,891,0,1657,1,1,1659,T
1-PB2,892,6,0,0,1638,1644,C
1-PB2,893,0,1629,0,1,1630,T
1-PB2,894,0,1624,0,0,1624,T
1-PB2,895,1618,0,2,0,1620,A
1-PB2,896,0,9,1617,0,1626,G
1-PB2,897,1625,0,2,0,1627,A
1-PB2,898,1,0,0,1620,1621,C
1-PB2,899,1313,0,2,0,1315,A
1-PB2,900,0,5,1319,0,1324,G
1-PB2,901,1305,0,3,0,1308,A
1-PB2,902,1316,0,0,0,1316,A
1-PB2,903,0,1,0,1313,1314,C
1-PB2,904,4,0,0,1311,1315,C
1-PB2,905,4,2,0,1307,1313,C
1-PB2,906,1,12,1307,0,1320,G
1-PB2,907,1309,0,2,0,1311,A
1-PB2,908,1,0,0,1323,1324,C
1-PB2,909,0,1298,0,0,1298,T
1-PB2,910,0,3,1309,0,1312,G
1-PB2,911,1288,0,5,0,1293,A
1-PB2,912,1300,0,4,0,1304,A
1-PB2,913,0,6,1304,0,1310,G
1-PB2,914,1304,0,1,0,1305,A
1-PB2,915,1307,0,0,0,1307,A
1-PB2,916,0,0,0,1310,1310,C
1-PB2,917,1307,0,1,0,1308,A
1-PB2,918,1306,0,2,0,1308,A
1-PB2,919,0,0,1315,0,1315,G
1-PB2,920,1,0,0,1319,1320,C
1-PB2,921,1,1313,0,1,1315,T
1-PB2,922,1,1,1326,0,1328,G
1-PB2,923,0,1317,0,0,1317,T
1-PB2,924,1,2,1341,0,1344,G
1-PB2,925,1,0,1385,0,1386,G
1-PB2,926,1365,0,2,1,1368,A
1-PB2,927,0,1377,0,0,1377,T
1-PB2,928,1374,0,0,0,1374,A
1-PB2,929,1,1369,0,0,1370,T
1-PB2,930,1407,0,3,0,1410,A
1-PB2,931,1,1399,0,0,1400,T
1-PB2,932,0,2,1386,0,1388,G
1-PB2,933,0,0,0,1374,1374,C
1-PB2,934,1317,0,0,0,1317,A
1-PB2,935,1324,1,2,0,1327,A
1-PB2,936,0,1,1325,0,1326,G
1-PB2,937,1,0,1311,0,1312,G
1-PB2,938,3,1,0,1325,1329,C
1-PB2,939,0,1310,0,3,1313,T
1-PB2,940,0,3,1314,0,1317,G
1-PB2,941,0,0,0,1314,1314,C
1-PB2,942,1320,0,0,0,1320,A
1-PB2,943,1324,0,0,0,1324,A
1-PB2,944,0,1315,0,0,1315,T
1-PB2,945,0,1,1313,0,1314,G
1-PB2,946,0,2,1299,0,1301,G
1-PB2,947,0,4,1309,0,1313,G
1-PB2,948,1306,0,3,0,1309,A
1-PB2,949,0,1301,0,0,1301,T
1-PB2,950,0,1309,0,0,1309,T
1-PB2,951,0,2,1315,0,1317,G
1-PB2,952,1302,0,0,0,1302,A
1-PB2,953,0,2,1319,0,1321,G
1-PB2,954,1310,0,2,0,1312,A
1-PB2,955,1313,0,0,0,1313,A
1-PB2,956,0,1296,0,0,1296,T
1-PB2,957,4,0,0,1309,1313,C
1-PB2,958,1302,0,0,0,1302,A
1-PB2,959,0,1,1300,0,1301,G
1-PB2,960,0,1,0,1312,1313,C
1-PB2,961,0,1301,0,2,1303,T
1-PB2,962,10,0,0,1294,1304,C
1-PB2,963,1307,0,0,0,1307,A
1-PB2,964,0,1321,0,0,1321,T
1-PB2,965,3,0,0,1336,1339,C
1-PB2,966,3,0,0,1346,1349,C
1-PB2,967,0,1337,0,2,1339,T
1-PB2,968,0,1333,2,4,1339,T
1-PB2,969,3,0,0,1328,1331,C
1-PB2,970,1334,0,1,0,1335,A
1-PB2,971,0,1,1353,0,1354,G
1-PB2,972,1,0,0,1348,1349,C
1-PB2,973,0,1325,0,3,1328,T
1-PB2,974,1,1345,0,0,1346,T
1-PB2,975,0,1339,0,0,1339,T
1-PB2,976,2,3,1334,0,1339,G
1-PB2,977,0,0,1342,0,1342,G
1-PB2,978,0,1308,0,4,1312,T
1-PB2,979,1,5,1348,0,1354,G
1-PB2,980,0,3,1324,0,1327,G
1-PB2,981,0,0,1345,0,1345,G
1-PB2,982,0,1311,0,2,1313,T
1-PB2,983,0,1328,0,2,1330,T
1-PB2,984,0,1344,0,0,1344,T
1-PB2,985,1346,0,1,0,1347,A
1-PB2,986,0,0,0,1347,1347,C
1-PB2,987,1354,0,0,0,1354,A
1-PB2,988,0,1351,0,0,1351,T
1-PB2,989,1,1336,0,0,1337,T
1-PB2,990,0,1334,0,1,1335,T
1-PB2,991,1332,0,0,0,1332,A
1-PB2,992,1334,0,0,0,1334,A
1-PB2,993,1334,0,0,0,1334,A
1-PB2,994,1323,0,6,0,1329,A
1-PB2,995,0,6,1318,0,1324,G
1-PB2,996,1316,0,2,0,1318,A
1-PB2,997,1313,0,0,0,1313,A
1-PB2,998,1,0,0,1313,1314,C
1-PB2,999,1314,0,0,0,1314,A
1-PB2,1000,1306,0,1,0,1307,A
1-PB2,1001,0,0,1310,0,1310,G
1-PB2,1002,2,2,0,1306,1310,C
1-PB2,1003,0,5,1302,0,1307,G
1-PB2,1004,0,5,1293,0,1298,G
1-PB2,1005,1,1,1293,0,1295,G
1-PB2,1006,0,1293,0,0,1293,T
1-PB2,1007,7,1,0,1293,1301,C
1-PB2,1008,1308,0,0,0,1308,A
1-PB2,1009,0,1284,0,2,1286,T
1-PB2,1010,5,0,0,1297,1302,C
1-PB2,1011,1301,0,4,0,1305,A
1-PB2,1012,0,0,1320,0,1320,G
1-PB2,1013,0,1302,0,1,1303,T
1-PB2,1014,8,1,0,1299,1308,C
1-PB2,1015,1314,1,1,0,1316,A
1-PB2,1016,1319,0,0,0,1319,A
1-PB2,1017,1313,0,1,0,1314,A
1-PB2,1018,1320,0,0,0,1320,A
1-PB2,1019,1321,0,0,0,1321,A
1-PB2,1020,1330,0,1,0,1331,A
1-PB2,1021,0,1,1328,0,1329,G
1-PB2,1022,1309,0,0,0,1309,A
1-PB2,1023,1321,0,1,0,1322,A
1-PB2,1024,1,3,1313,0,1317,G
1-PB2,1025,1303,0,0,0,1303,A
1-PB2,1026,1266,0,2,0,1268,A
1-PB2,1027,0,2,1268,0,1270,G
1-PB2,1028,1256,0,2,0,1258,A
1-PB2,1029,0,0,1259,0,1259,G
1-PB2,1030,19,0,1248,0,1267,G
1-PB2,1031,0,1265,0,2,1267,T
1-PB2,1032,1,0,1274,0,1275,G
1-PB2,1033,1,0,0,1275,1276,C
1-PB2,1034,0,1288,0,0,1288,T
1-PB2,1035,0,1291,0,2,1293,T
1-PB2,1036,1286,0,0,0,1286,A
1-PB2,1037,0,0,0,1279,1279,C
1-PB2,1038,1282,0,0,0,1282,A
1-PB2,1039,0,0,1275,0,1275,G
1-PB2,1040,0,0,1256,0,1256,G
1-PB2,1041,0,0,0,1235,1235,C
1-PB2,1042,1242,0,0,0,1242,A
1-PB2,1043,1252,0,0,0,1252,A
1-PB2,1044,0,1255,0,0,1255,T
1-PB2,1045,6,0,0,1271,1277,C
1-PB2,1046,0,1271,0,1,1272,T
1-PB2,1047,3,0,0,1274,1277,C
1-PB2,1048,4,2,0,1267,1273,C
1-PB2,1049,1293,0,0,0,1293,A
1-PB2,1050,1292,0,0,0,1292,A
1-PB2,1051,1285,0,1,0,1286,A
1-PB2,1052,0,0,0,1302,1302,C
1-PB2,1053,1276,0,0,0,1276,A
1-PB2,1054,0,1249,0,0,1249,T
1-PB2,1055,0,1205,0,2,1207,T
1-PB2,1056,0,4,1212,0,1216,G
1-PB2,1057,1216,0,0,0,1216,A
1-PB2,1058,2,3,1197,0,1202,G
1-PB2,1059,1256,0,1,0,1257,A
1-PB2,1060,1258,0,0,0,1258,A
1-PB2,1061,0,1260,0,0,1260,T
1-PB2,1062,1268,0,1,0,1269,A
1-PB2,1063,1272,0,3,0,1275,A
1-PB2,1064,0,3,1308,0,1311,G
1-PB2,1065,1284,0,1,0,1285,A
1-PB2,1066,0,0,1325,0,1325,G
1-PB2,1067,0,1288,0,0,1288,T
1-PB2,1068,1291,0,2,0,1293,A
1-PB2,1069,1,1,0,1309,1311,C
1-PB2,1070,1296,0,0,0,1296,A
1-PB2,1071,0,1286,0,1,1287,T
1-PB2,1072,0,2,1297,0,1299,G
1-PB2,1073,1241,0,0,0,1241,A
1-PB2,1074,0,5,1256,0,1261,G
1-PB2,1075,0,2,1243,0,1245,G
1-PB2,1076,0,1,1278,0,1279,G
1-PB2,1077,0,1,1313,1,1315,G
1-PB2,1078,0,1257,1,0,1258,T
1-PB2,1079,1298,0,0,0,1298,A
1-PB2,1080,0,1283,0,1,1284,T
1-PB2,1081,0,6,1300,0,1306,G
1-PB2,1082,1299,0,3,0,1302,A
1-PB2,1083,0,3,1299,0,1302,G
1-PB2,1084,1,8,1278,0,1287,G
1-PB2,1085,1205,0,0,0,1205,A
1-PB2,1086,1,1,1258,0,1260,G
1-PB2,1087,0,1244,1,1,1246,T
1-PB2,1088,1,1271,0,0,1272,T
1-PB2,1089,6,3,0,1274,1283,C
1-PB2,1090,1301,1,2,0,1304,A
1-PB2,1091,0,1,0,1299,1300,C
1-PB2,1092,1304,0,0,0,1304,A
1-PB2,1093,1288,0,1,0,1289,A
1-PB2,1094,0,1305,0,1,1306,T
1-PB2,1095,0,4,1288,0,1292,G
1-PB2,1096,0,0,1298,0,1298,G
1-PB2,1097,0,1252,0,1,1253,T
1-PB2,1098,0,1,1273,0,1274,G
1-PB2,1099,0,1,1265,0,1266,G
1-PB2,1100,0,2,1272,0,1274,G
1-PB2,1101,0,2,1283,0,1285,G
1-PB2,1102,1267,0,0,0,1267,A
1-PB2,1103,1284,0,1,0,1285,A
1-PB2,1104,1273,0,0,0,1273,A
1-PB2,1105,1254,0,3,0,1257,A
1-PB2,1106,0,5,1260,0,1265,G
1-PB2,1107,1249,0,1,0,1250,A
1-PB2,1108,1,0,1259,0,1260,G
1-PB2,1109,1,1,0,1245,1247,C
1-PB2,1110,1246,0,1,0,1247,A
1-PB2,1111,1251,0,0,0,1251,A
1-PB2,1112,0,1,1,1277,1279,C
1-PB2,1113,1286,0,1,0,1287,A
1-PB2,1114,0,1,1295,0,1296,G
1-PB2,1115,0,0,0,1288,1288,C
1-PB2,1116,0,1296,0,1,1297,T
1-PB2,1117,1336,0,0,0,1336,A
1-PB2,1118,0,1332,1,0,1333,T
1-PB2,1119,1338,0,2,0,1340,A
1-PB2,1120,1,0,0,1339,1340,C
1-PB2,1121,0,1278,1,0,1279,T
1-PB2,1122,1297,0,0,0,1297,A
1-PB2,1123,1274,0,0,0,1274,A
1-PB2,1124,0,2,1274,0,1276,G
1-PB2,1125,1266,0,0,0,1266,A
1-PB2,1126,1235,0,1,0,1236,A
1-PB2,1127,1246,0,0,0,1246,A
1-PB2,1128,1236,0,2,1,1239,A
1-PB2,1129,0,3,1237,1,1241,G
1-PB2,1130,1,1,0,1237,1239,C
1-PB2,1131,1256,0,1,0,1257,A
1-PB2,1132,1262,0,1,0,1263,A
1-PB2,1133,0,0,0,1256,1256,C
1-PB2,1134,1,0,1,1266,1268,C
1-PB2,1135,1273,0,0,0,1273,A
1-PB2,1136,0,2,1282,0,1284,G
1-PB2,1137,1269,0,0,0,1269,A
1-PB2,1138,1278,0,1,0,1279,A
1-PB2,1139,0,3,1285,0,1288,G
1-PB2,1140,1273,0,0,0,1273,A
1-PB2,1141,0,1254,0,1,1255,T
1-PB2,1142,0,1249,1,2,1252,T
1-PB2,1143,0,3,1264,0,1267,G
1-PB2,1144,0,0,1302,0,1302,G
1-PB2,1145,0,1297,0,1,1298,T
1-PB2,1146,0,1272,0,0,1272,T
1-PB2,1147,4,2,0,1284,1290,C
1-PB2,1148,1279,0,0,0,1279,A
1-PB2,1149,1273,0,2,0,1275,A
1-PB2,1150,0,0,0,1353,1353,C
1-PB2,1151,0,1343,0,0,1343,T
1-PB2,1152,5,0,0,1354,1359,C
1-PB2,1153,1360,1,0,0,1361,A
1-PB2,1154,0,1356,0,0,1356,T
1-PB2,1155,1359,0,0,0,1359,A
1-PB2,1156,0,0,1362,0,1362,G
1-PB2,1157,1,1308,0,2,1311,T
1-PB2,1158,0,5,1326,0,1331,G
1-PB2,1159,1265,0,2,0,1267,A
1-PB2,1160,1,0,1298,0,1299,G
1-PB2,1161,0,1271,1,1,1273,T
1-PB2,1162,0,2,1281,0,1283,G
1-PB2,1163,0,1,1289,0,1290,G
1-PB2,1164,1281,0,0,0,1281,A
1-PB2,1165,1282,0,2,0,1284,A
1-PB2,1166,0,4,1287,0,1291,G
1-PB2,1167,1277,0,0,0,1277,A
1-PB2,1168,0,5,1287,0,1292,G
1-PB2,1169,1259,0,1,0,1260,A
1-PB2,1170,0,1,1,1272,1274,C
1-PB2,1171,1,10,1266,0,1277,G
1-PB2,1172,1263,0,1,0,1264,A
1-PB2,1173,1272,0,0,1,1273,A
1-PB2,1174,0,1,0,1275,1276,C
1-PB2,1175,1275,0,1,0,1276,A
1-PB2,1176,1,0,1328,0,1329,G
1-PB2,1177,0,1305,0,1,1306,T
1-PB2,1178,5,0,0,1319,1324,C
1-PB2,1179,1338,0,0,0,1338,A
1-PB2,1180,1316,0,1,1,1318,A
1-PB2,1181,0,1322,0,0,1322,T
1-PB2,1182,1329,0,0,0,1329,A
1-PB2,1183,0,1,1309,0,1310,G
1-PB2,1184,0,0,0,1302,1302,C
1-PB2,1185,0,0,0,1287,1287,C
1-PB2,1186,1,2,1282,0,1285,G
1-PB2,1187,1280,0,0,0,1280,A
1-PB2,1188,1282,0,3,1,1286,A
1-PB2,1189,1,1,1292,1,1295,G
1-PB2,1190,1,0,0,1318,1319,C
1-PB2,1191,1327,0,0,0,1327,A
1-PB2,1192,1323,0,2,0,1325,A
1-PB2,1193,0,1321,0,1,1322,T
1-PB2,1194,1332,0,0,0,1332,A
1-PB2,1195,1346,0,0,0,1346,A
1-PB2,1196,0,1340,0,0,1340,T
1-PB2,1197,6,0,0,1336,1342,C
1-PB2,1198,0,1,1330,0,1331,G
1-PB2,1199,0,1277,0,1,1278,T
1-PB2,1200,2,2,1290,0,1294,G
1-PB2,1201,1,0,1279,0,1280,G
1-PB2,1202,2,0,0,1285,1287,C
1-PB2,1203,4,1,0,1289,1294,C
1-PB2,1204,1292,0,0,0,1292,A
1-PB2,1205,0,1296,0,0,1296,T
1-PB2,1206,2,2,1307,0,1311,G
1-PB2,1207,0,0,1324,0,1324,G
1-PB2,1208,0,1273,0,1,1274,T
1-PB2,1209,0,0,1325,0,1325,G
1-PB2,1210,0,1290,0,1,1291,T
1-PB2,1211,0,1297,0,1,1298,T
1-PB2,1212,0,1304,0,0,1304,T
1-PB2,1213,0,1298,0,0,1298,T
1-PB2,1214,6,0,0,1324,1330,C
1-PB2,1215,1319,0,1,0,1320,A
1-PB2,1216,1,1,0,1407,1409,C
1-PB2,1217,1396,0,1,1,1398,A
1-PB2,1218,1399,0,0,0,1399,A
1-PB2,1219,1,1,1412,0,1414,G
1-PB2,1220,1394,0,0,0,1394,A
1-PB2,1221,1348,0,67,0,1415,A
1-PB2,1222,0,4,1440,0,1444,G
1-PB2,1223,1432,0,2,0,1434,A
1-PB2,1224,0,1434,0,0,1434,T
1-PB2,1225,0,1432,0,0,1432,T
1-PB2,1226,0,1,1428,0,1429,G
1-PB2,1227,1,1,0,1426,1428,C
1-PB2,1228,1434,1,1,0,1436,A
1-PB2,1229,0,1444,0,0,1444,T
1-PB2,1230,1,5,1506,0,1512,G
1-PB2,1231,1517,0,1,0,1518,A
1-PB2,1232,0,1530,0,0,1530,T
1-PB2,1233,1536,0,0,1,1537,A
1-PB2,1234,1531,0,1,0,1532,A
1-PB2,1235,1531,0,0,0,1531,A
1-PB2,1236,1536,0,2,0,1538,A
1-PB2,1237,0,0,1531,0,1531,G
1-PB2,1238,0,0,0,1547,1547,C
1-PB2,1239,1565,1,1,0,1567,A
1-PB2,1240,0,0,1614,0,1614,G
1-PB2,1241,0,1612,0,1,1613,T
1-PB2,1242,0,1620,0,1,1621,T
1-PB2,1243,1617,0,0,0,1617,A
1-PB2,1244,0,5,1613,0,1618,G
1-PB2,1245,1615,1,1,0,1617,A
1-PB2,1246,0,3,1611,0,1614,G
1-PB2,1247,0,0,1608,0,1608,G
1-PB2,1248,0,1526,0,2,1528,T
1-PB2,1249,0,13,1542,0,1555,G
1-PB2,1250,1563,1,1,0,1565,A
1-PB2,1251,2,0,0,1575,1577,C
1-PB2,1252,4,1,0,1578,1583,C
1-PB2,1253,0,1559,0,2,1561,T
1-PB2,1254,0,10,1569,0,1579,G
1-PB2,1255,1568,0,0,0,1568,A
1-PB2,1256,1575,0,0,0,1575,A
1-PB2,1257,0,1585,0,1,1586,T
1-PB2,1258,0,1603,0,0,1603,T
1-PB2,1259,0,1613,0,0,1613,T
1-PB2,1260,3,2,1,1602,1608,C
1-PB2,1261,0,0,1606,0,1606,G
1-PB2,1262,0,1602,0,5,1607,T
1-PB2,1263,8,0,0,1598,1606,C
1-PB2,1264,1604,0,1,0,1605,A
1-PB2,1265,1605,1,0,0,1606,A
1-PB2,1266,0,0,0,1612,1612,C
1-PB2,1267,1595,0,0,0,1595,A
1-PB2,1268,0,4,1621,0,1625,G
1-PB2,1269,1607,0,0,0,1607,A
1-PB2,1270,0,0,1621,0,1621,G
1-PB2,1271,2,1,0,1618,1621,C
1-PB2,1272,1622,0,0,0,1622,A
1-PB2,1273,1639,0,0,0,1639,A
1-PB2,1274,1639,0,1,0,1640,A
1-PB2,1275,0,1619,0,1,1620,T
1-PB2,1276,4,0,0,1632,1636,C
1-PB2,1277,1634,0,0,0,1634,A
1-PB2,1278,0,0,1626,0,1626,G
1-PB2,1279,0,2,0,1620,1622,C
1-PB2,1280,0,3,1631,0,1634,G
1-PB2,1281,0,0,1699,0,1699,G
1-PB2,1282,0,1681,1,2,1684,T
1-PB2,1283,0,1698,0,2,1700,T
1-PB2,1284,1,5,1685,0,1691,G
1-PB2,1285,1685,0,0,0,1685,A
1-PB2,1286,1698,0,3,0,1701,A
1-PB2,1287,1,0,0,1700,1701,C
1-PB2,1288,5,1,0,1693,1699,C
1-PB2,1289,4,0,0,1712,1716,C
1-PB2,1290,2,0,0,1680,1682,C
1-PB2,1291,1700,1,2,0,1703,A
1-PB2,1292,0,1701,0,0,1701,T
1-PB2,1293,1,0,1711,0,1712,G
1-PB2,1294,1,0,0,1728,1729,C
1-PB2,1295,1711,1,0,0,1712,A
1-PB2,1296,0,1686,0,9,1695,T
1-PB2,1297,3,1,0,1691,1695,C
1-PB2,1298,1694,0,1,0,1695,A
1-PB2,1299,1,1,1717,0,1719,G
1-PB2,1300,1,0,0,1717,1718,C
1-PB2,1301,0,1724,0,2,1726,T
1-PB2,1302,0,1724,0,0,1724,T
1-PB2,1303,0,1714,0,0,1714,T
1-PB2,1304,0,1714,0,0,1714,T
1-PB2,1305,1712,0,2,0,1714,A
1-PB2,1306,1717,0,0,0,1717,A
1-PB2,1307,0,3,1695,0,1698,G
1-PB2,1308,0,1,1701,0,1702,G
1-PB2,1309,0,0,0,1686,1686,C
1-PB2,1310,1690,0,0,0,1690,A
1-PB2,1311,1,1691,0,0,1692,T
1-PB2,1312,0,1689,0,0,1689,T
1-PB2,1313,0,1689,1,1,1691,T
1-PB2,1314,0,1695,0,0,1695,T
1-PB2,1315,4,1,0,1694,1699,C
1-PB2,1316,1702,0,0,0,1702,A
1-PB2,1317,0,4,1700,0,1704,G
1-PB2,1318,1691,0,0,1,1692,A
1-PB2,1319,1697,0,2,0,1699,A
1-PB2,1320,1696,0,0,0,1696,A
1-PB2,1321,0,3,1701,0,1704,G
1-PB2,1322,1700,0,0,0,1700,A
1-PB2,1323,0,1700,0,2,1702,T
1-PB2,1324,0,0,1712,0,1712,G
1-PB2,1325,1,1,0,1705,1707,C
1-PB2,1326,2,2,1718,0,1722,G
1-PB2,1327,1714,0,0,0,1714,A
1-PB2,1328,1712,0,1,0,1713,A
1-PB2,1329,1717,0,2,0,1719,A
1-PB2,1330,0,0,1726,0,1726,G
1-PB2,1331,0,1682,0,1,1683,T
1-PB2,1332,0,0,1690,0,1690,G
1-PB2,1333,2,0,0,1691,1693,C
1-PB2,1334,0,1701,0,1,1702,T
1-PB2,1335,0,1709,0,0,1709,T
1-PB2,1336,0,1714,1,1,1716,T
1-PB2,1337,0,1714,0,0,1714,T
1-PB2,1338,0,1708,0,1,1709,T
1-PB2,1339,9,0,0,1703,1712,C
1-PB2,1340,1709,1,1,0,1711,A
1-PB2,1341,1700,0,1,0,1701,A
1-PB2,1342,1701,0,0,0,1701,A
1-PB2,1343,1714,0,0,0,1714,A
1-PB2,1344,1,1705,0,0,1706,T
1-PB2,1345,0,1727,0,0,1727,T
1-PB2,1346,0,1,1732,0,1733,G
1-PB2,1347,0,9,1713,0,1722,G
1-PB2,1348,1,2,1718,0,1721,G
1-PB2,1349,0,6,1736,1,1743,G
1-PB2,1350,1733,0,2,0,1735,A
1-PB2,1351,0,1,1774,0,1775,G
1-PB2,1352,1,1760,1,0,1762,T
1-PB2,1353,0,1763,0,0,1763,T
1-PB2,1354,0,19,1759,0,1778,G
1-PB2,1355,1773,0,0,0,1773,A
1-PB2,1356,1766,1,2,0,1769,A
1-PB2,1357,1,5,0,1814,1820,C
1-PB2,1358,1763,1,3,0,1767,A
1-PB2,1359,0,0,0,1811,1811,C
1-PB2,1360,1781,0,0,0,1781,A
1-PB2,1361,0,1773,0,0,1773,T
1-PB2,1362,6,3,0,1799,1808,C
1-PB2,1363,2,12,1789,0,1803,G
1-PB2,1364,1809,1,2,0,1812,A
1-PB2,1365,0,0,0,1785,1785,C
1-PB2,1366,1753,0,1,0,1754,A
1-PB2,1367,1,0,1812,0,1813,G
1-PB2,1368,0,1769,0,2,1771,T
1-PB2,1369,0,0,1802,0,1802,G
1-PB2,1370,0,1778,0,3,1781,T
1-PB2,1371,0,4,1793,0,1797,G
1-PB2,1372,1790,1,4,0,1795,A
1-PB2,1373,1,1778,0,0,1779,T
1-PB2,1374,1,4,1792,0,1797,G
1-PB2,1375,2,1,1791,0,1794,G
1-PB2,1376,0,5,1749,1,1755,G
1-PB2,1377,1767,0,1,0,1768,A
1-PB2,1378,1745,0,1,0,1746,A
1-PB2,1379,0,1757,0,0,1757,T
1-PB2,1380,0,10,1763,0,1773,G
1-PB2,1381,1780,1,0,0,1781,A
1-PB2,1382,0,1767,0,0,1767,T
1-PB2,1383,0,1768,0,2,1770,T
1-PB2,1384,1,3,1763,0,1767,G
1-PB2,1385,0,4,1791,0,1795,G
1-PB2,1386,1797,1,0,0,1798,A
1-PB2,1387,0,3,1805,0,1808,G
1-PB2,1388,0,1788,0,0,1788,T
1-PB2,1389,1797,0,0,0,1797,A
1-PB2,1390,0,1787,1,2,1790,T
1-PB2,1391,0,1805,0,0,1805,T
1-PB2,1392,1812,0,1,0,1813,A
1-PB2,1393,1,1,0,1816,1818,C
1-PB2,1394,2,1,0,1797,1800,C
1-PB2,1395,1789,0,0,0,1789,A
1-PB2,1396,0,5,1782,0,1787,G
1-PB2,1397,1815,0,1,0,1816,A
1-PB2,1398,0,1798,0,1,1799,T
1-PB2,1399,1802,0,0,0,1802,A
1-PB2,1400,1,1777,0,0,1778,T
1-PB2,1401,0,14,1764,0,1778,G
1-PB2,1402,1766,0,3,0,1769,A
1-PB2,1403,0,0,0,1766,1766,C
1-PB2,1404,0,1750,0,1,1751,T
1-PB2,1405,11,1,0,1721,1733,C
1-PB2,1406,3,0,0,1731,1734,C
1-PB2,1407,1761,1,3,0,1765,A
1-PB2,1408,1765,0,2,0,1767,A
1-PB2,1409,0,3,1784,0,1787,G
1-PB2,1410,0,2,0,1779,1781,C
1-PB2,1411,1778,0,0,0,1778,A
1-PB2,1412,1,2,0,1772,1775,C
1-PB2,1413,1769,1,3,0,1773,A
1-PB2,1414,0,3,1778,0,1781,G
1-PB2,1415,1768,0,1,0,1769,A
1-PB2,1416,0,2,1789,0,1791,G
1-PB2,1417,1796,0,1,0,1797,A
1-PB2,1418,0,1751,0,4,1755,T
1-PB2,1419,0,1,1788,0,1789,G
1-PB2,1420,0,1762,1,1,1764,T
1-PB2,1421,12,1,0,1764,1777,C
1-PB2,1422,1776,1,1,0,1778,A
1-PB2,1423,1772,1,0,0,1773,A
1-PB2,1424,0,1759,0,0,1759,T
1-PB2,1425,0,8,1759,0,1767,G
1-PB2,1426,1745,0,2,0,1747,A
1-PB2,1427,1,2,1761,0,1764,G
1-PB2,1428,1732,0,2,0,1734,A
1-PB2,1429,0,0,1746,0,1746,G
1-PB2,1430,4,10,1801,0,1815,G
1-PB2,1431,1816,0,0,0,1816,A
1-PB2,1432,1825,0,1,0,1826,A
1-PB2,1433,1,1832,0,0,1833,T
1-PB2,1434,1813,0,1,0,1814,A
1-PB2,1435,1813,0,1,0,1814,A
1-PB2,1436,0,4,1817,0,1821,G
1-PB2,1437,1801,0,1,0,1802,A
1-PB2,1438,60,0,1750,0,1810,G
1-PB2,1439,1,1700,0,0,1701,T
1-PB2,1440,12,2,0,1708,1722,C
1-PB2,1441,1737,0,0,2,1739,A
1-PB2,1442,1,1,1741,0,1743,G
1-PB2,1443,0,0,0,1775,1775,C
1-PB2,1444,1779,0,0,0,1779,A
1-PB2,1445,1778,0,0,0,1778,A
1-PB2,1446,1771,0,0,0,1771,A
1-PB2,1447,1763,0,5,0,1768,A
1-PB2,1448,0,1770,0,0,1770,T
1-PB2,1449,1,5,1773,0,1779,G
1-PB2,1450,0,8,1763,0,1771,G
1-PB2,1451,1,0,1770,0,1771,G
1-PB2,1452,0,1749,0,0,1749,T
1-PB2,1453,0,0,1774,0,1774,G
1-PB2,1454,0,1756,0,2,1758,T
1-PB2,1455,0,5,1765,0,1770,G
1-PB2,1456,0,4,1787,0,1791,G
1-PB2,1457,1778,0,1,0,1779,A
1-PB2,1458,0,1793,0,0,1793,T
1-PB2,1459,0,4,1799,1,1804,G
1-PB2,1460,1778,0,3,0,1781,A
1-PB2,1461,1799,0,1,0,1800,A
1-PB2,1462,0,1795,0,0,1795,T
1-PB2,1463,1768,0,1,0,1769,A
1-PB2,1464,0,2,0,1873,1875,C
1-PB2,1465,0,1832,0,1,1833,T
1-PB2,1466,5,0,0,1839,1844,C
1-PB2,1467,2,4,0,1858,1864,C
1-PB2,1468,1853,0,0,0,1853,A
1-PB2,1469,1,1,1914,0,1916,G
1-PB2,1470,0,1913,0,0,1913,T
1-PB2,1471,1915,0,0,0,1915,A
1-PB2,1472,1,1,0,1920,1922,C
1-PB2,1473,1808,0,0,0,1808,A
1-PB2,1474,0,4,1818,0,1822,G
1-PB2,1475,1774,0,0,1,1775,A
1-PB2,1476,1,1,1786,0,1788,G
1-PB2,1477,1728,0,1,0,1729,A
1-PB2,1478,0,5,1686,0,1691,G
1-PB2,1479,0,2,1686,0,1688,G
1-PB2,1480,0,0,1689,0,1689,G
1-PB2,1481,0,1650,0,0,1650,T
1-PB2,1482,0,3,1664,0,1667,G
1-PB2,1483,1,0,1676,0,1677,G
1-PB2,1484,0,1634,0,1,1635,T
1-PB2,1485,0,3,1691,0,1694,G
1-PB2,1486,0,0,1689,0,1689,G
1-PB2,1487,0,1650,0,1,1651,T
1-PB2,1488,0,1670,0,0,1670,T
1-PB2,1489,1653,0,0,0,1653,A
1-PB2,1490,0,1,1650,0,1651,G
1-PB2,1491,0,2,0,1649,1651,C
1-PB2,1492,1651,0,0,0,1651,A
1-PB2,1493,0,1646,0,1,1647,T
1-PB2,1494,0,1597,0,0,1597,T
1-PB2,1495,0,13,1582,0,1595,G
1-PB2,1496,1579,0,0,0,1579,A
1-PB2,1497,0,1579,0,1,1580,T
1-PB2,1498,6,1,0,1586,1593,C
1-PB2,1499,1,2,1583,0,1586,G
1-PB2,1500,0,1,1602,0,1603,G
1-PB2,1501,0,1585,0,0,1585,T
1-PB2,1502,0,1594,0,0,1594,T
1-PB2,1503,0,1588,0,0,1588,T
1-PB2,1504,0,1595,0,0,1595,T
1-PB2,1505,0,1599,0,0,1599,T
1-PB2,1506,0,7,1595,0,1602,G
1-PB2,1507,1593,1,2,0,1596,A
1-PB2,1508,0,8,1590,0,1598,G
1-PB2,1509,1540,0,2,0,1542,A
1-PB2,1510,0,0,1569,0,1569,G
1-PB2,1511,0,1560,1,1,1562,T
1-PB2,1512,1,1544,0,0,1545,T
1-PB2,1513,5,2,0,1548,1555,C
1-PB2,1514,0,6,1562,0,1568,G
1-PB2,1515,1560,1,3,0,1564,A
1-PB2,1516,0,5,1568,0,1573,G
1-PB2,1517,1563,0,2,0,1565,A
1-PB2,1518,0,0,0,1560,1560,C
1-PB2,1519,7,1,0,1533,1541,C
1-PB2,1520,1545,0,0,0,1545,A
1-PB2,1521,1550,0,0,0,1550,A
1-PB2,1522,0,3,0,1562,1565,C
1-PB2,1523,1,0,1576,0,1577,G
1-PB2,1524,0,1556,0,2,1558,T
1-PB2,1525,2,4,1554,0,1560,G
1-PB2,1526,0,3,1547,0,1550,G
1-PB2,1527,1,4,1558,0,1563,G
1-PB2,1528,1538,0,1,0,1539,A
1-PB2,1529,1552,0,0,0,1552,A
1-PB2,1530,0,1522,0,0,1522,T
1-PB2,1531,0,1,1593,0,1594,G
1-PB2,1532,0,1584,1,0,1585,T
1-PB2,1533,1603,0,2,1,1606,A
1-PB2,1534,0,1614,0,1,1615,T
1-PB2,1535,0,1594,0,1,1595,T
1-PB2,1536,1618,0,0,1,1619,A
1-PB2,1537,0,1601,0,1,1602,T
1-PB2,1538,0,1595,0,0,1595,T
1-PB2,1539,1597,1,0,0,1598,A
1-PB2,1540,1,1442,0,1,1444,T
1-PB2,1541,5,1,0,1482,1488,C
1-PB2,1542,0,1455,0,0,1455,T
1-PB2,1543,6,1,0,1478,1485,C
1-PB2,1544,4,1,0,1471,1476,C
1-PB2,1545,0,1443,0,0,1443,T
1-PB2,1546,0,3,1447,0,1450,G
1-PB2,1547,1424,0,0,0,1424,A
1-PB2,1548,0,1,1436,0,1437,G
1-PB2,1549,0,2,1426,0,1428,G
1-PB2,1550,1321,0,0,0,1321,A
1-PB2,1551,0,1,1334,0,1335,G
1-PB2,1552,0,0,1326,0,1326,G
1-PB2,1553,0,1295,0,1,1296,T
1-PB2,1554,10,0,0,1292,1302,C
1-PB2,1555,1298,0,1,0,1299,A
1-PB2,1556,1,0,1318,0,1319,G
1-PB2,1557,0,1314,0,0,1314,T
1-PB2,1558,0,3,1309,0,1312,G
1-PB2,1559,1304,0,1,0,1305,A
1-PB2,1560,1277,0,0,0,1277,A
1-PB2,1561,1274,0,3,0,1277,A
1-PB2,1562,0,0,0,1283,1283,C
1-PB2,1563,1265,0,1,0,1266,A
1-PB2,1564,1,0,0,1268,1269,C
1-PB2,1565,1244,0,1,0,1245,A
1-PB2,1566,0,3,1255,0,1258,G
1-PB2,1567,0,1,1254,0,1255,G
1-PB2,1568,0,4,1256,0,1260,G
1-PB2,1569,1245,0,1,0,1246,A
1-PB2,1570,1233,0,2,0,1235,A
1-PB2,1571,1,1,0,1243,1245,C
1-PB2,1572,0,1232,1,0,1233,T
1-PB2,1573,0,6,1228,0,1234,G
1-PB2,1574,1205,1,3,0,1209,A
1-PB2,1575,1,1,1214,0,1216,G
1-PB2,1576,1208,0,2,0,1210,A
1-PB2,1577,0,2,1170,0,1172,G
1-PB2,1578,1172,0,0,0,1172,A
1-PB2,1579,3,1,0,1173,1177,C
1-PB2,1580,0,1144,0,0,1144,T
1-PB2,1581,1,5,1156,0,1162,G
1-PB2,1582,1160,0,0,0,1160,A
1-PB2,1583,2,0,0,1170,1172,C
1-PB2,1584,1162,0,0,0,1162,A
1-PB2,1585,1156,0,0,0,1156,A
1-PB2,1586,0,1160,0,0,1160,T
1-PB2,1587,1181,0,0,0,1181,A
1-PB2,1588,1176,0,0,0,1176,A
1-PB2,1589,1,0,0,1184,1185,C
1-PB2,1590,0,1131,0,1,1132,T
1-PB2,1591,0,1123,1,1,1125,T
1-PB2,1592,1108,0,0,1,1109,A
1-PB2,1593,0,1108,0,0,1108,T
1-PB2,1594,0,1109,0,0,1109,T
1-PB2,1595,10,1,0,1098,1109,C
1-PB2,1596,1046,0,1,0,1047,A
1-PB2,1597,0,1050,0,0,1050,T
1-PB2,1598,0,0,0,1036,1036,C
1-PB2,1599,1,1,1031,0,1033,G
1-PB2,1600,0,1032,0,2,1034,T
1-PB2,1601,3,1,0,1011,1015,C
1-PB2,1602,0,1,1018,0,1019,G
1-PB2,1603,1028,0,0,0,1028,A
1-PB2,1604,0,1033,0,0,1033,T
1-PB2,1605,0,3,1032,0,1035,G
1-PB2,1606,1030,1,0,0,1031,A
1-PB2,1607,0,1031,0,0,1031,T
1-PB2,1608,1,0,1032,0,1033,G
1-PB2,1609,0,1000,0,0,1000,T
1-PB2,1610,0,1,996,0,997,G
1-PB2,1611,0,0,990,0,990,G
1-PB2,1612,0,2,993,0,995,G
1-PB2,1613,978,0,2,0,980,A
1-PB2,1614,0,0,996,0,996,G
1-PB2,1615,960,0,0,0,960,A
1-PB2,1616,0,950,0,0,950,T
1-PB2,1617,1,945,0,0,946,T
1-PB2,1618,945,0,0,0,945,A
1-PB2,1619,939,0,0,0,939,A
1-PB2,1620,0,0,0,935,935,C
1-PB2,1621,0,2,899,0,901,G
1-PB2,1622,0,1,903,0,904,G
1-PB2,1623,0,855,0,0,855,T
1-PB2,1624,3,0,0,844,847,C
1-PB2,1625,1,0,0,856,857,C
1-PB2,1626,0,830,0,0,830,T
1-PB2,1627,0,4,836,0,840,G
1-PB2,1628,833,0,0,0,833,A
1-PB2,1629,2,0,833,0,835,G
1-PB2,1630,0,832,0,0,832,T
1-PB2,1631,3,0,0,821,824,C
1-PB2,1632,1,4,814,0,819,G
1-PB2,1633,0,4,827,0,831,G
1-PB2,1634,0,828,0,0,828,T
1-PB2,1635,0,830,0,0,830,T
1-PB2,1636,0,816,0,1,817,T
1-PB2,1637,0,829,0,0,829,T
1-PB2,1638,0,2,828,0,830,G
1-PB2,1639,0,1,836,0,837,G
1-PB2,1640,0,829,0,0,829,T
1-PB2,1641,3,0,0,834,837,C
1-PB2,1642,826,1,0,0,827,A
1-PB2,1643,847,0,1,0,848,A
1-PB2,1644,0,859,0,0,859,T
1-PB2,1645,851,0,0,1,852,A
1-PB2,1646,0,0,0,863,863,C
1-PB2,1647,1,0,0,848,849,C
1-PB2,1648,0,850,1,0,851,T
1-PB2,1649,856,0,0,0,856,A
1-PB2,1650,0,850,0,0,850,T
1-PB2,1651,3,0,0,852,855,C
1-PB2,1652,825,1,0,0,826,A
1-PB2,1653,828,0,0,0,828,A
1-PB2,1654,0,828,0,0,828,T
1-PB2,1655,0,2,793,0,795,G
1-PB2,1656,0,3,806,0,809,G
1-PB2,1657,783,0,2,0,785,A
1-PB2,1658,0,785,0,0,785,T
1-PB2,1659,3,0,0,782,785,C
1-PB2,1660,793,0,0,0,793,A
1-PB2,1661,0,787,0,0,787,T
1-PB2,1662,1,0,0,792,793,C
1-PB2,1663,791,1,2,0,794,A
1-PB2,1664,0,3,792,0,795,G
1-PB2,1665,801,0,0,0,801,A
1-PB2,1666,803,0,0,0,803,A
1-PB2,1667,798,0,0,1,799,A
1-PB2,1668,0,798,0,0,798,T
1-PB2,1669,0,789,0,0,789,T
1-PB2,1670,0,1,783,0,784,G
1-PB2,1671,0,2,779,0,781,G
1-PB2,1672,1,3,781,0,785,G
1-PB2,1673,785,0,1,0,786,A
1-PB2,1674,785,0,1,0,786,A
1-PB2,1675,0,0,781,0,781,G
1-PB2,1676,1,0,0,776,777,C
1-PB2,1677,0,779,0,0,779,T
1-PB2,1678,0,0,789,0,789,G
1-PB2,1679,0,780,0,2,782,T
1-PB2,1680,2,0,0,785,787,C
1-PB2,1681,794,1,0,0,795,A
1-PB2,1682,792,0,1,0,793,A
1-PB2,1683,786,0,1,0,787,A
1-PB2,1684,797,0,0,0,797,A
1-PB2,1685,0,793,0,1,794,T
1-PB2,1686,0,785,0,0,785,T
1-PB2,1687,7,0,0,780,787,C
1-PB2,1688,783,0,1,0,784,A
1-PB2,1689,783,0,1,0,784,A
1-PB2,1690,0,783,0,0,783,T
1-PB2,1691,0,1,778,0,779,G
1-PB2,1692,0,0,781,0,781,G
1-PB2,1693,0,778,1,1,780,T
1-PB2,1694,4,1,0,777,782,C
1-PB2,1695,0,784,0,1,785,T
1-PB2,1696,1,0,0,788,789,C
1-PB2,1697,784,0,2,0,786,A
1-PB2,1698,0,2,790,0,792,G
1-PB2,1699,789,0,0,0,789,A
1-PB2,1700,797,0,0,0,797,A
1-PB2,1701,0,787,0,1,788,T
1-PB2,1702,2,0,0,778,780,C
1-PB2,1703,1,1,0,756,758,C
1-PB2,1704,0,761,0,0,761,T
1-PB2,1705,0,0,762,0,762,G
1-PB2,1706,0,0,0,760,760,C
1-PB2,1707,763,0,0,0,763,A
1-PB2,1708,769,0,0,0,769,A
1-PB2,1709,0,763,0,0,763,T
1-PB2,1710,1,0,767,0,768,G
1-PB2,1711,0,781,0,0,781,T
1-PB2,1712,1,759,0,0,760,T
1-PB2,1713,0,0,769,0,769,G
1-PB2,1714,0,766,0,0,766,T
1-PB2,1715,768,0,2,0,770,A
1-PB2,1716,0,0,0,770,770,C
1-PB2,1717,755,0,1,0,756,A
1-PB2,1718,763,0,2,0,765,A
1-PB2,1719,0,1,0,765,766,C
1-PB2,1720,752,0,0,0,752,A
1-PB2,1721,754,0,2,0,756,A
1-PB2,1722,742,0,0,0,742,A
1-PB2,1723,736,0,0,0,736,A
1-PB2,1724,0,738,0,0,738,T
1-PB2,1725,0,0,737,0,737,G
1-PB2,1726,0,1,735,0,736,G
1-PB2,1727,738,0,0,0,738,A
1-PB2,1728,737,0,0,0,737,A
1-PB2,1729,0,739,0,0,739,T
1-PB2,1730,0,732,0,0,732,T
1-PB2,1731,0,739,0,1,740,T
1-PB2,1732,0,4,728,0,732,G
1-PB2,1733,739,0,1,1,741,A
1-PB2,1734,736,0,0,0,736,A
1-PB2,1735,0,0,0,733,733,C
1-PB2,1736,2,1,0,710,713,C
1-PB2,1737,718,0,1,0,719,A
1-PB2,1738,0,730,0,0,730,T
1-PB2,1739,0,732,0,0,732,T
1-PB2,1740,0,725,0,0,725,T
1-PB2,1741,4,1,0,727,732,C
1-PB2,1742,729,0,0,0,729,A
1-PB2,1743,727,0,0,0,727,A
1-PB2,1744,0,725,0,0,725,T
1-PB2,1745,2,0,0,744,746,C
1-PB2,1746,0,728,0,0,728,T
1-PB2,1747,0,725,0,1,726,T
1-PB2,1748,1,729,0,0,730,T
1-PB2,1749,737,0,0,0,737,A
1-PB2,1750,0,0,728,0,728,G
1-PB2,1751,0,728,0,0,728,T
1-PB2,1752,1,0,0,730,731,C
1-PB2,1753,3,0,0,729,732,C
1-PB2,1754,1,0,0,722,723,C
1-PB2,1755,3,0,0,730,733,C
1-PB2,1756,727,0,0,0,727,A
1-PB2,1757,731,0,0,0,731,A
1-PB2,1758,1,2,730,0,733,G
1-PB2,1759,0,0,725,0,725,G
1-PB2,1760,0,0,0,730,730,C
1-PB2,1761,0,0,0,721,721,C
1-PB2,1762,719,0,0,0,719,A
1-PB2,1763,0,732,0,1,733,T
1-PB2,1764,0,735,0,1,736,T
1-PB2,1765,737,1,0,0,738,A
1-PB2,1766,0,0,728,0,728,G
1-PB2,1767,723,0,0,0,723,A
1-PB2,1768,736,0,1,0,737,A
1-PB2,1769,0,0,734,0,734,G
1-PB2,1770,3,1,0,732,736,C
1-PB2,1771,1,0,0,747,748,C
1-PB2,1772,744,0,0,0,744,A
1-PB2,1773,747,0,0,0,747,A
1-PB2,1774,0,751,0,0,751,T
1-PB2,1775,760,0,0,0,760,A
1-PB2,1776,1,0,0,755,756,C
1-PB2,1777,712,0,0,0,712,A
1-PB2,1778,0,0,713,0,713,G
1-PB2,1779,0,694,0,0,694,T
1-PB2,1780,2,3,700,0,705,G
1-PB2,1781,1,0,702,0,703,G
1-PB2,1782,0,1,698,0,699,G
1-PB2,1783,1,687,0,1,689,T
1-PB2,1784,0,683,0,0,683,T
1-PB2,1785,0,693,0,0,693,T
1-PB2,1786,1,0,695,0,696,G
1-PB2,1787,0,694,0,0,694,T
1-PB2,1788,6,0,0,686,692,C
1-PB2,1789,692,0,0,0,692,A
1-PB2,1790,0,2,690,0,692,G
1-PB2,1791,684,0,0,0,684,A
1-PB2,1792,682,0,0,0,682,A
1-PB2,1793,0,0,0,682,682,C
1-PB2,1794,0,662,0,1,663,T
1-PB2,1795,2,0,0,694,696,C
1-PB2,1796,0,696,0,0,696,T
1-PB2,1797,701,0,0,0,701,A
1-PB2,1798,0,695,0,0,695,T
1-PB2,1799,0,688,0,0,688,T
1-PB2,1800,3,0,0,690,693,C
1-PB2,1801,2,0,0,688,690,C
1-PB2,1802,691,0,0,0,691,A
1-PB2,1803,691,0,1,0,692,A
1-PB2,1804,0,0,0,698,698,C
1-PB2,1805,700,0,0,0,700,A
1-PB2,1806,699,0,0,0,699,A
1-PB2,1807,696,0,0,0,696,A
1-PB2,1808,0,696,0,1,697,T
1-PB2,1809,0,2,699,0,701,G
1-PB2,1810,687,0,1,0,688,A
1-PB2,1811,0,2,693,0,695,G
1-PB2,1812,688,0,1,0,689,A
1-PB2,1813,0,0,691,0,691,G
1-PB2,1814,687,0,0,0,687,A
1-PB2,1815,0,0,0,701,701,C
1-PB2,1816,2,0,706,0,708,G
1-PB2,1817,0,710,0,1,711,T
1-PB2,1818,721,0,0,0,721,A
1-PB2,1819,1,0,0,725,726,C
1-PB2,1820,0,713,0,0,713,T
1-PB2,1821,0,715,0,0,715,T
1-PB2,1822,0,3,708,0,711,G
1-PB2,1823,1,0,710,0,711,G
1-PB2,1824,0,2,705,0,707,G
1-PB2,1825,695,0,1,0,696,A
1-PB2,1826,1,0,0,707,708,C
1-PB2,1827,709,0,0,0,709,A
1-PB2,1828,0,705,0,0,705,T
1-PB2,1829,0,701,0,0,701,T
1-PB2,1830,0,706,0,0,706,T
1-PB2,1831,0,5,697,0,702,G
1-PB2,1832,705,0,0,0,705,A
1-PB2,1833,0,0,0,710,710,C
1-PB2,1834,697,0,1,0,698,A
1-PB2,1835,1,1,1,704,707,C
1-PB2,1836,1,1,0,694,696,C
1-PB2,1837,688,0,0,0,688,A
1-PB2,1838,0,0,0,700,700,C
1-PB2,1839,0,0,0,707,707,C
1-PB2,1840,3,1,0,710,714,C
1-PB2,1841,708,0,0,0,708,A
1-PB2,1842,0,0,725,0,725,G
1-PB2,1843,725,0,0,0,725,A
1-PB2,1844,0,755,0,0,755,T
1-PB2,1845,744,0,0,0,744,A
1-PB2,1846,742,2,0,0,744,A
1-PB2,1847,0,743,0,0,743,T
1-PB2,1848,739,0,0,0,739,A
1-PB2,1849,740,0,0,0,740,A
1-PB2,1850,727,0,0,0,727,A
1-PB2,1851,0,0,730,0,730,G
1-PB2,1852,0,0,0,723,723,C
1-PB2,1853,0,699,0,1,700,T
1-PB2,1854,0,692,0,0,692,T
1-PB2,1855,1,1,0,698,700,C
1-PB2,1856,0,691,0,0,691,T
1-PB2,1857,1,0,0,705,706,C
1-PB2,1858,2,0,0,701,703,C
1-PB2,1859,4,0,0,696,700,C
1-PB2,1860,0,0,0,692,692,C
1-PB2,1861,0,707,0,0,707,T
1-PB2,1862,0,706,0,0,706,T
1-PB2,1863,0,709,0,0,709,T
1-PB2,1864,0,0,707,0,707,G
1-PB2,1865,0,0,0,711,711,C
1-PB2,1866,712,0,0,0,712,A
1-PB2,1867,0,1,713,0,714,G
1-PB2,1868,0,0,0,709,709,C
1-PB2,1869,0,696,0,1,697,T
1-PB2,1870,0,1,702,0,703,G
1-PB2,1871,0,0,3,694,697,C
1-PB2,1872,0,697,0,0,697,T
1-PB2,1873,5,0,0,697,702,C
1-PB2,1874,0,0,0,707,707,C
1-PB2,1875,702,0,3,0,705,A
1-PB2,1876,1,0,0,713,714,C
1-PB2,1877,1,0,0,710,711,C
1-PB2,1878,707,0,0,0,707,A
1-PB2,1879,705,0,0,0,705,A
1-PB2,1880,709,0,1,0,710,A
1-PB2,1881,0,0,709,0,709,G
1-PB2,1882,0,0,0,716,716,C
1-PB2,1883,711,0,0,0,711,A
1-PB2,1884,709,0,0,0,709,A
1-PB2,1885,703,0,1,0,704,A
1-PB2,1886,1,0,706,0,707,G
1-PB2,1887,0,0,0,715,715,C
1-PB2,1888,708,0,2,0,710,A
1-PB2,1889,0,1,713,0,714,G
1-PB2,1890,700,0,1,0,701,A
1-PB2,1891,708,0,0,0,708,A
1-PB2,1892,0,710,0,0,710,T
1-PB2,1893,0,0,707,0,707,G
1-PB2,1894,1,0,0,712,713,C
1-PB2,1895,695,0,1,0,696,A
1-PB2,1896,0,0,711,0,711,G
1-PB2,1897,0,711,0,0,711,T
1-PB2,1898,0,717,0,0,717,T
1-PB2,1899,7,1,0,708,716,C
1-PB2,1900,0,703,0,0,703,T
1-PB2,1901,3,0,0,707,710,C
1-PB2,1902,0,712,0,0,712,T
1-PB2,1903,0,715,0,0,715,T
1-PB2,1904,2,0,0,718,720,C
1-PB2,1905,708,0,0,0,708,A
1-PB2,1906,0,0,0,712,712,C
1-PB2,1907,0,689,0,0,689,T
1-PB2,1908,0,3,698,0,701,G
1-PB2,1909,688,0,1,0,689,A
1-PB2,1910,0,0,0,701,701,C
1-PB2,1911,0,703,0,0,703,T
1-PB2,1912,0,0,707,0,707,G
1-PB2,1913,0,693,0,0,693,T
1-PB2,1914,0,2,710,0,712,G
1-PB2,1915,699,0,1,0,700,A
1-PB2,1916,713,0,0,0,713,A
1-PB2,1917,0,716,0,0,716,T
1-PB2,1918,0,0,717,0,717,G
1-PB2,1919,0,704,0,0,704,T
1-PB2,1920,689,0,0,0,689,A
1-PB2,1921,697,0,0,0,697,A
1-PB2,1922,0,0,699,0,699,G
1-PB2,1923,0,1,694,0,695,G
1-PB2,1924,0,1,687,0,688,G
1-PB2,1925,1,3,697,0,701,G
1-PB2,1926,697,0,0,0,697,A
1-PB2,1927,0,688,0,1,689,T
1-PB2,1928,1,0,0,704,705,C
1-PB2,1929,709,0,0,0,709,A
1-PB2,1930,0,4,711,0,715,G
1-PB2,1931,0,5,705,0,710,G
1-PB2,1932,1,2,711,0,714,G
1-PB2,1933,720,1,0,0,721,A
1-PB2,1934,0,703,0,1,704,T
1-PB2,1935,0,4,708,0,712,G
1-PB2,1936,704,0,0,0,704,A
1-PB2,1937,0,5,720,0,725,G
1-PB2,1938,722,0,0,0,722,A
1-PB2,1939,717,0,0,0,717,A
1-PB2,1940,0,717,0,0,717,T
1-PB2,1941,702,0,0,0,702,A
1-PB2,1942,0,0,0,726,726,C
1-PB2,1943,0,723,0,0,723,T
1-PB2,1944,0,726,0,0,726,T
1-PB2,1945,0,0,719,0,719,G
1-PB2,1946,0,704,0,0,704,T
1-PB2,1947,700,0,0,0,700,A
1-PB2,1948,693,0,0,0,693,A
1-PB2,1949,1,0,696,0,697,G
1-PB2,1950,0,2,694,0,696,G
1-PB2,1951,0,4,683,0,687,G
1-PB2,1952,0,0,682,0,682,G
1-PB2,1953,0,0,0,692,692,C
1-PB2,1954,692,0,0,0,692,A
1-PB2,1955,697,0,1,0,698,A
1-PB2,1956,0,704,0,0,704,T
1-PB2,1957,0,695,0,1,696,T
1-PB2,1958,2,0,0,713,715,C
1-PB2,1959,1,698,0,2,701,T
1-PB2,1960,4,0,0,709,713,C
1-PB2,1961,0,0,0,716,716,C
1-PB2,1962,1,711,1,0,713,T
1-PB2,1963,0,0,744,0,744,G
1-PB2,1964,0,719,0,0,719,T
1-PB2,1965,727,0,0,2,729,A
1-PB2,1966,0,730,0,1,731,T
1-PB2,1967,0,715,0,0,715,T
1-PB2,1968,4,0,0,713,717,C
1-PB2,1969,708,0,0,0,708,A
1-PB2,1970,717,0,0,0,717,A
1-PB2,1971,0,0,0,721,721,C
1-PB2,1972,0,709,1,0,710,T
1-PB2,1973,707,0,0,0,707,A
1-PB2,1974,0,1,0,722,723,C
1-PB2,1975,718,0,1,0,719,A
1-PB2,1976,718,0,0,0,718,A
1-PB2,1977,0,1,0,716,717,C
1-PB2,1978,718,0,0,0,718,A
1-PB2,1979,702,0,1,0,703,A
1-PB2,1980,0,4,705,0,709,G
1-PB2,1981,703,0,0,0,703,A
1-PB2,1982,0,0,0,706,706,C
1-PB2,1983,1,0,0,700,701,C
1-PB2,1984,701,0,0,0,701,A
1-PB2,1985,0,0,0,722,722,C
1-PB2,1986,0,720,0,0,720,T
1-PB2,1987,718,0,0,0,718,A
1-PB2,1988,714,0,0,0,714,A
1-PB2,1989,715,0,1,0,716,A
1-PB2,1990,718,0,0,0,718,A
1-PB2,1991,0,1,722,0,723,G
1-PB2,1992,712,0,0,0,712,A
1-PB2,1993,0,0,0,719,719,C
1-PB2,1994,0,700,0,1,701,T
1-PB2,1995,701,0,0,0,701,A
1-PB2,1996,704,0,0,0,704,A
1-PB2,1997,0,1,0,705,706,C
1-PB2,1998,702,0,0,0,702,A
1-PB2,1999,697,0,0,0,697,A
1-PB2,2000,0,686,0,0,686,T
1-PB2,2001,0,685,0,0,685,T
1-PB2,2002,3,0,0,688,691,C
1-PB2,2003,0,689,0,0,689,T
1-PB2,2004,4,0,0,695,699,C
1-PB2,2005,0,3,694,0,697,G
1-PB2,2006,0,3,686,0,689,G
1-PB2,2007,693,0,0,0,693,A
1-PB2,2008,697,0,0,0,697,A
1-PB2,2009,695,0,0,0,695,A
1-PB2,2010,694,0,0,0,694,A
1-PB2,2011,0,0,694,0,694,G
1-PB2,2012,694,0,0,0,694,A
1-PB2,2013,0,692,0,0,692,T
1-PB2,2014,1,0,686,0,687,G
1-PB2,2015,0,0,0,690,690,C
1-PB2,2016,1,0,0,687,688,C
1-PB2,2017,0,1,691,0,692,G
1-PB2,2018,0,1,686,1,688,G
1-PB2,2019,1,0,0,685,686,C
1-PB2,2020,683,0,0,0,683,A
1-PB2,2021,0,1,0,696,697,C
1-PB2,2022,0,685,0,2,687,T
1-PB2,2023,0,693,0,0,693,T
1-PB2,2024,1,700,0,0,701,T
1-PB2,2025,700,0,0,0,700,A
1-PB2,2026,703,0,0,0,703,A
1-PB2,2027,0,704,0,0,704,T
1-PB2,2028,0,698,0,0,698,T
1-PB2,2029,0,3,699,0,702,G
1-PB2,2030,688,1,0,0,689,A
1-PB2,2031,689,0,0,0,689,A
1-PB2,2032,0,1,681,0,682,G
1-PB2,2033,678,0,0,0,678,A
1-PB2,2034,0,0,0,692,692,C
1-PB2,2035,2,0,0,686,688,C
1-PB2,2036,2,1,0,682,685,C
1-PB2,2037,686,0,0,0,686,A
1-PB2,2038,0,0,690,0,690,G
1-PB2,2039,691,0,0,0,691,A
1-PB2,2040,0,692,0,0,692,T
1-PB2,2041,0,3,694,0,697,G
1-PB2,2042,684,0,0,0,684,A
1-PB2,2043,678,0,0,0,678,A
1-PB2,2044,677,0,0,0,677,A
1-PB2,2045,0,0,667,0,667,G
1-PB2,2046,0,0,0,663,663,C
1-PB2,2047,652,0,0,0,652,A
1-PB2,2048,1,0,0,659,660,C
1-PB2,2049,659,0,0,0,659,A
1-PB2,2050,0,642,0,0,642,T
1-PB2,2051,0,0,0,659,659,C
1-PB2,2052,3,0,0,655,658,C
1-PB2,2053,0,2,665,0,667,G
1-PB2,2054,0,2,662,0,664,G
1-PB2,2055,663,0,0,0,663,A
1-PB2,2056,0,1,666,0,667,G
1-PB2,2057,0,643,0,0,643,T
1-PB2,2058,0,0,640,0,640,G
1-PB2,2059,0,0,640,0,640,G
1-PB2,2060,626,0,0,0,626,A
1-PB2,2061,0,0,627,0,627,G
1-PB2,2062,0,618,0,0,618,T
1-PB2,2063,1,0,0,615,616,C
1-PB2,2064,1,0,0,615,616,C
1-PB2,2065,0,0,623,0,623,G
1-PB2,2066,0,0,0,619,619,C
1-PB2,2067,4,0,0,616,620,C
1-PB2,2068,1,0,633,0,634,G
1-PB2,2069,0,628,0,0,628,T
1-PB2,2070,1,0,0,629,630,C
1-PB2,2071,0,625,0,1,626,T
1-PB2,2072,0,628,0,0,628,T
1-PB2,2073,0,1,628,0,629,G
1-PB2,2074,619,0,0,0,619,A
1-PB2,2075,1,3,625,0,629,G
1-PB2,2076,616,0,2,0,618,A
1-PB2,2077,0,1,596,0,597,G
1-PB2,2078,0,1,594,0,595,G
1-PB2,2079,0,1,599,0,600,G
1-PB2,2080,0,589,0,1,590,T
1-PB2,2081,0,578,0,0,578,T
1-PB2,2082,1,593,0,0,594,T
1-PB2,2083,2,0,0,591,593,C
1-PB2,2084,0,593,0,0,593,T
1-PB2,2085,2,0,0,603,605,C
1-PB2,2086,603,0,0,0,603,A
1-PB2,2087,0,599,0,1,600,T
1-PB2,2088,0,605,0,0,605,T
1-PB2,2089,602,0,0,0,602,A
1-PB2,2090,0,610,0,0,610,T
1-PB2,2091,591,0,2,0,593,A
1-PB2,2092,0,2,595,0,597,G
1-PB2,2093,0,0,603,0,603,G
1-PB2,2094,0,566,0,0,566,T
1-PB2,2095,567,0,0,0,567,A
1-PB2,2096,567,0,0,0,567,A
1-PB2,2097,0,1,572,0,573,G
1-PB2,2098,0,2,566,0,568,G
1-PB2,2099,567,0,0,0,567,A
1-PB2,2100,561,0,0,0,561,A
1-PB2,2101,0,0,564,0,564,G
1-PB2,2102,556,0,1,0,557,A
1-PB2,2103,0,1,0,557,558,C
1-PB2,2104,553,0,0,0,553,A
1-PB2,2105,0,0,559,0,559,G
1-PB2,2106,550,0,0,0,550,A
1-PB2,2107,548,1,0,0,549,A
1-PB2,2108,1,2,542,0,545,G
1-PB2,2109,1,0,532,0,533,G
1-PB2,2110,0,538,0,0,538,T
1-PB2,2111,541,0,0,0,541,A
1-PB2,2112,0,0,0,547,547,C
1-PB2,2113,2,0,547,0,549,G
1-PB2,2114,0,2,555,0,557,G
1-PB2,2115,550,0,1,0,551,A
1-PB2,2116,0,0,0,546,546,C
1-PB2,2117,1,0,0,547,548,C
1-PB2,2118,537,0,0,0,537,A
1-PB2,2119,0,0,547,0,547,G
1-PB2,2120,0,0,0,543,543,C
1-PB2,2121,547,0,0,0,547,A
1-PB2,2122,0,546,0,0,546,T
1-PB2,2123,0,522,0,0,522,T
1-PB2,2124,525,0,0,0,525,A
1-PB2,2125,522,0,0,0,522,A
1-PB2,2126,0,0,526,0,526,G
1-PB2,2127,0,0,0,519,519,C
1-PB2,2128,486,0,2,0,488,A
1-PB2,2129,0,494,0,0,494,T
1-PB2,2130,1,0,0,490,491,C
1-PB2,2131,495,0,0,0,495,A
1-PB2,2132,493,0,0,0,493,A
1-PB2,2133,0,492,0,0,492,T
1-PB2,2134,0,4,490,0,494,G
1-PB2,2135,485,0,0,0,485,A
1-PB2,2136,486,0,0,0,486,A
1-PB2,2137,0,0,0,494,494,C
1-PB2,2138,0,463,0,0,463,T
1-PB2,2139,0,3,477,0,480,G
1-PB2,2140,477,0,0,0,477,A
1-PB2,2141,0,0,476,0,476,G
1-PB2,2142,0,470,0,1,471,T
1-PB2,2143,458,0,0,0,458,A
1-PB2,2144,461,0,0,0,461,A
1-PB2,2145,0,0,0,463,463,C
1-PB2,2146,3,0,0,447,450,C
1-PB2,2147,0,454,0,0,454,T
1-PB2,2148,0,437,0,0,437,T
1-PB2,2149,0,1,434,0,435,G
1-PB2,2150,1,0,0,427,428,C
1-PB2,2151,435,0,0,0,435,A
1-PB2,2152,435,0,0,0,435,A
1-PB2,2153,430,0,0,0,430,A
1-PB2,2154,420,0,0,0,420,A
1-PB2,2155,0,1,420,0,421,G
1-PB2,2156,0,1,414,0,415,G
1-PB2,2157,0,0,414,0,414,G
1-PB2,2158,0,1,413,0,414,G
1-PB2,2159,414,0,0,0,414,A
1-PB2,2160,420,0,0,0,420,A
1-PB2,2161,421,0,0,0,421,A
1-PB2,2162,418,0,0,0,418,A
1-PB2,2163,0,1,423,0,424,G
1-PB2,2164,0,0,423,0,423,G
1-PB2,2165,0,0,0,416,416,C
1-PB2,2166,0,418,0,0,418,T
1-PB2,2167,419,0,0,0,419,A
1-PB2,2168,419,0,0,0,419,A
1-PB2,2169,0,416,0,0,416,T
1-PB2,2170,0,0,426,0,426,G
1-PB2,2171,0,407,0,2,409,T
1-PB2,2172,0,1,402,0,403,G
1-PB2,2173,1,0,0,394,395,C
1-PB2,2174,0,395,0,0,395,T
1-PB2,2175,400,0,0,0,400,A
1-PB2,2176,398,0,0,0,398,A
1-PB2,2177,1,398,0,0,399,T
1-PB2,2178,3,0,1,390,394,C
1-PB2,2179,0,0,378,0,378,G
1-PB2,2180,0,2,377,0,379,G
1-PB2,2181,0,0,379,0,379,G
1-PB2,2182,0,0,0,376,376,C
1-PB2,2183,380,0,0,0,380,A
1-PB2,2184,377,0,0,1,378,A
1-PB2,2185,0,0,382,0,382,G
1-PB2,2186,0,1,376,0,377,G
1-PB2,2187,384,0,0,0,384,A
1-PB2,2188,0,0,376,0,376,G
1-PB2,2189,364,0,1,0,365,A
1-PB2,2190,0,0,0,375,375,C
1-PB2,2191,0,0,375,0,375,G
1-PB2,2192,0,370,0,0,370,T
1-PB2,2193,0,0,371,0,371,G
1-PB2,2194,0,0,372,0,372,G
1-PB2,2195,0,356,0,0,356,T
1-PB2,2196,1,0,359,0,360,G
1-PB2,2197,0,348,0,0,348,T
1-PB2,2198,0,345,0,0,345,T
1-PB2,2199,1,0,348,0,349,G
1-PB2,2200,0,0,349,0,349,G
1-PB2,2201,0,344,0,2,346,T
1-PB2,2202,340,0,1,0,341,A
1-PB2,2203,333,0,0,0,333,A
1-PB2,2204,0,326,0,0,326,T
1-PB2,2205,0,1,321,0,322,G
1-PB2,2206,320,0,0,0,320,A
1-PB2,2207,317,0,0,0,317,A
1-PB2,2208,316,0,1,0,317,A
1-PB2,2209,2,0,0,310,312,C
1-PB2,2210,0,1,315,0,316,G
1-PB2,2211,315,0,0,0,315,A
1-PB2,2212,319,0,1,0,320,A
1-PB2,2213,314,0,0,0,314,A
1-PB2,2214,316,0,0,0,316,A
1-PB2,2215,0,0,0,315,315,C
1-PB2,2216,0,0,310,0,310,G
1-PB2,2217,0,1,306,0,307,G
1-PB2,2218,0,3,307,0,310,G
1-PB2,2219,304,0,1,0,305,A
1-PB2,2220,0,0,0,309,309,C
1-PB2,2221,0,295,0,0,295,T
1-PB2,2222,0,1,0,304,305,C
1-PB2,2223,0,304,0,0,304,T
1-PB2,2224,308,1,0,0,309,A
1-PB2,2225,0,0,307,0,307,G
1-PB2,2226,0,0,0,295,295,C
1-PB2,2227,301,0,0,0,301,A
1-PB2,2228,0,294,0,0,294,T
1-PB2,2229,286,0,0,0,286,A
1-PB2,2230,0,0,0,291,291,C
1-PB2,2231,0,240,0,0,240,T
1-PB2,2232,0,240,0,0,240,T
1-PB2,2233,236,0,0,0,236,A
1-PB2,2234,0,1,0,233,234,C
1-PB2,2235,0,230,0,0,230,T
1-PB2,2236,0,0,234,0,234,G
1-PB2,2237,220,0,0,0,220,A
1-PB2,2238,0,0,0,219,219,C
1-PB2,2239,204,0,0,0,204,A
1-PB2,2240,0,0,206,0,206,G
1-PB2,2241,0,0,0,201,201,C
1-PB2,2242,0,0,0,201,201,C
1-PB2,2243,207,0,0,0,207,A
1-PB2,2244,0,0,202,0,202,G
1-PB2,2245,201,0,0,0,201,A
1-PB2,2246,0,0,0,201,201,C
1-PB2,2247,193,0,1,0,194,A
1-PB2,2248,0,0,186,0,186,G
1-PB2,2249,0,0,0,180,180,C
1-PB2,2250,0,0,181,0,181,G
1-PB2,2251,181,0,0,0,181,A
1-PB2,2252,1,0,0,176,177,C
1-PB2,2253,1,0,0,180,181,C
1-PB2,2254,181,0,0,0,181,A
1-PB2,2255,182,0,0,0,182,A
1-PB2,2256,181,0,0,0,181,A
1-PB2,2257,179,0,0,0,179,A
1-PB2,2258,0,0,179,0,179,G
1-PB2,2259,171,0,0,0,171,A
1-PB2,2260,174,0,0,0,174,A
1-PB2,2261,0,170,0,0,170,T
1-PB2,2262,0,168,0,0,168,T
1-PB2,2263,1,0,0,167,168,C
1-PB2,2264,0,0,169,0,169,G
1-PB2,2265,0,0,168,0,168,G
1-PB2,2266,169,0,0,0,169,A
1-PB2,2267,0,160,0,0,160,T
1-PB2,2268,0,0,156,0,156,G
1-PB2,2269,0,0,157,0,157,G
1-PB2,2270,0,0,0,151,151,C
1-PB2,2271,0,0,0,154,154,C
1-PB2,2272,158,0,0,0,158,A
1-PB2,2273,0,158,0,0,158,T
1-PB2,2274,1,0,1,154,156,C
1-PB2,2275,158,0,0,0,158,A
1-PB2,2276,157,0,0,0,157,A
1-PB2,2277,0,151,0,0,151,T
1-PB2,2278,0,132,0,0,132,T
1-PB2,2279,123,0,0,0,123,A
1-PB2,2280,122,0,0,0,122,A
2-PB1,1,186,0,0,0,186,A
2-PB1,2,0,189,0,0,189,T
2-PB1,3,0,0,196,0,196,G
2-PB1,4,0,2,194,0,196,G
2-PB1,5,222,0,0,0,222,A
2-PB1,6,0,251,0,0,251,T
2-PB1,7,0,0,251,0,251,G
2-PB1,8,0,254,0,0,254,T
2-PB1,9,1,0,0,264,265,C
2-PB1,10,265,0,0,0,265,A
2-PB1,11,276,0,0,0,276,A
2-PB1,12,0,280,0,0,280,T
2-PB1,13,0,0,0,280,280,C
2-PB1,14,2,0,0,290,292,C
2-PB1,15,0,1,292,0,293,G
2-PB1,16,322,0,1,0,323,A
2-PB1,17,0,0,0,333,333,C
2-PB1,18,0,332,0,1,333,T
2-PB1,19,0,0,0,368,368,C
2-PB1,20,0,361,0,0,361,T
2-PB1,21,371,0,0,0,371,A
2-PB1,22,0,0,0,372,372,C
2-PB1,23,0,371,0,1,372,T
2-PB1,24,0,0,403,0,403,G
2-PB1,25,0,407,0,0,407,T
2-PB1,26,0,411,0,0,411,T
2-PB1,27,3,0,0,402,405,C
2-PB1,28,0,0,0,409,409,C
2-PB1,29,0,469,0,0,469,T
2-PB1,30,474,0,0,0,474,A
2-PB1,31,473,0,0,0,473,A
2-PB1,32,467,0,0,1,468,A
2-PB1,33,0,1,467,0,468,G
2-PB1,34,0,0,480,0,480,G
2-PB1,35,0,472,0,0,472,T
2-PB1,36,0,486,0,0,486,T
2-PB1,37,0,0,0,485,485,C
2-PB1,38,0,0,0,489,489,C
2-PB1,39,490,0,0,0,490,A
2-PB1,40,0,0,489,0,489,G
2-PB1,41,0,0,0,495,495,C
2-PB1,42,0,0,492,0,492,G
2-PB1,43,0,0,0,494,494,C
2-PB1,44,496,0,0,0,496,A
2-PB1,45,496,0,0,0,496,A
2-PB1,46,491,0,0,0,491,A
2-PB1,47,499,0,0,0,499,A
2-PB1,48,0,502,0,0,502,T
2-PB1,49,0,0,519,0,519,G
2-PB1,50,0,0,0,521,521,C
2-PB1,51,0,0,0,523,523,C
2-PB1,52,526,0,1,0,527,A
2-PB1,53,0,533,0,1,534,T
2-PB1,54,574,0,0,0,574,A
2-PB1,55,575,0,0,0,575,A
2-PB1,56,0,1,596,0,597,G
2-PB1,57,0,0,0,598,598,C
2-PB1,58,598,1,0,0,599,A
2-PB1,59,0,0,0,621,621,C
2-PB1,60,619,0,1,0,620,A
2-PB1,61,649,0,0,0,649,A
2-PB1,62,0,0,0,652,652,C
2-PB1,63,653,0,0,0,653,A
2-PB1,64,0,657,0,1,658,T
2-PB1,65,0,656,0,0,656,T
2-PB1,66,0,0,0,840,840,C
2-PB1,67,1,0,0,838,839,C
2-PB1,68,2,0,0,852,854,C
2-PB1,69,0,861,0,0,861,T
2-PB1,70,0,865,0,0,865,T
2-PB1,71,942,0,0,0,942,A
2-PB1,72,0,944,0,0,944,T
2-PB1,73,952,0,0,0,952,A
2-PB1,74,0,0,0,960,960,C
2-PB1,75,0,945,0,1,946,T
2-PB1,76,0,1,958,0,959,G
2-PB1,77,0,6,939,0,945,G
2-PB1,78,954,0,0,0,954,A
2-PB1,79,1,1,962,0,964,G
2-PB1,80,963,0,1,0,964,A
2-PB1,81,0,970,0,0,970,T
2-PB1,82,4,0,0,1030,1034,C
2-PB1,83,3,0,0,1045,1048,C
2-PB1,84,0,1042,0,1,1043,T
2-PB1,85,1,0,0,1107,1108,C
2-PB1,86,3,0,0,1102,1105,C
2-PB1,87,1123,0,1,0,1124,A
2-PB1,88,0,1126,0,0,1126,T
2-PB1,89,1126,0,0,0,1126,A
2-PB1,90,2,0,0,1127,1129,C
2-PB1,91,1119,0,1,0,1120,A
2-PB1,92,0,0,1179,0,1179,G
2-PB1,93,0,0,0,1187,1187,C
2-PB1,94,3,0,0,1186,1189,C
2-PB1,95,1190,0,0,0,1190,A
2-PB1,96,0,1193,0,0,1193,T
2-PB1,97,0,0,1195,0,1195,G
2-PB1,98,0,6,1235,0,1241,G
2-PB1,99,1242,0,1,0,1243,A
2-PB1,100,1262,0,2,0,1264,A
2-PB1,101,0,1,0,1259,1260,C
2-PB1,102,1247,0,2,0,1249,A
2-PB1,103,1,0,1281,0,1282,G
2-PB1,104,1,12,1278,0,1291,G
2-PB1,105,1288,0,1,0,1289,A
2-PB1,106,1302,0,2,0,1304,A
2-PB1,107,0,1,0,1315,1316,C
2-PB1,108,1320,0,2,0,1322,A
2-PB1,109,0,4,1473,0,1477,G
2-PB1,110,0,5,1467,1,1473,G
2-PB1,111,0,0,1502,0,1502,G
2-PB1,112,0,1482,0,0,1482,T
2-PB1,113,1504,0,1,0,1505,A
2-PB1,114,0,0,0,1515,1515,C
2-PB1,115,1593,0,0,0,1593,A
2-PB1,116,0,0,0,1656,1656,C
2-PB1,117,5,0,0,1655,1660,C
2-PB1,118,1648,0,0,0,1648,A
2-PB1,119,0,1638,1,1,1640,T
2-PB1,120,0,6,1647,1,1654,G
2-PB1,121,0,10,1640,0,1650,G
2-PB1,122,1661,0,2,0,1663,A
2-PB1,123,2,0,0,1667,1669,C
2-PB1,124,1658,0,0,0,1658,A
2-PB1,125,0,1,0,1691,1692,C
2-PB1,126,1694,0,0,0,1694,A
2-PB1,127,0,0,1715,0,1715,G
2-PB1,128,1,1696,0,1,1698,T
2-PB1,129,8,0,0,1743,1751,C
2-PB1,130,1753,0,0,0,1753,A
2-PB1,131,1772,0,0,0,1772,A
2-PB1,132,1,1,0,1777,1779,C
2-PB1,133,1770,0,0,0,1770,A
2-PB1,134,1,16,1742,0,1759,G
2-PB1,135,1759,0,0,0,1759,A
2-PB1,136,1760,0,1,0,1761,A
2-PB1,137,1,0,0,1767,1768,C
2-PB1,138,1735,0,0,0,1735,A
2-PB1,139,0,0,0,1747,1747,C
2-PB1,140,1733,0,0,0,1733,A
2-PB1,141,0,1723,0,0,1723,T
2-PB1,142,2,0,0,1842,1844,C
2-PB1,143,1847,0,2,0,1849,A
2-PB1,144,1855,0,1,0,1856,A
2-PB1,145,0,1895,0,0,1895,T
2-PB1,146,1937,0,0,0,1937,A
2-PB1,147,0,1949,0,1,1950,T
2-PB1,148,1,1921,0,0,1922,T
2-PB1,149,2,0,0,1930,1932,C
2-PB1,150,1907,0,2,0,1909,A
2-PB1,151,0,6,1906,0,1912,G
2-PB1,152,1889,0,0,0,1889,A
2-PB1,153,1,7,1891,0,1899,G
2-PB1,154,1855,1,0,0,1856,A
2-PB1,155,2,4,1839,1,1846,G
2-PB1,156,1,4,1831,1,1837,G
2-PB1,157,1,7,1875,0,1883,G
2-PB1,158,0,4,1870,0,1874,G
2-PB1,159,0,5,1896,0,1901,G
2-PB1,160,1886,0,2,0,1888,A
2-PB1,161,1906,0,1,0,1907,A
2-PB1,162,1,0,1927,0,1928,G
2-PB1,163,0,1877,0,0,1877,T
2-PB1,164,1,8,1892,0,1901,G
2-PB1,165,3,5,1883,0,1891,G
2-PB1,166,1883,0,5,0,1888,A
2-PB1,167,0,2,0,1907,1909,C
2-PB1,168,0,14,1893,0,1907,G
2-PB1,169,1921,0,0,0,1921,A
2-PB1,170,0,1,0,1938,1939,C
2-PB1,171,1942,0,0,0,1942,A
2-PB1,172,1944,0,0,0,1944,A
2-PB1,173,1945,0,1,1,1947,A
2-PB1,174,0,1972,0,0,1972,T
2-PB1,175,1993,0,0,0,1993,A
2-PB1,176,0,0,0,1997,1997,C
2-PB1,177,1988,0,2,0,1990,A
2-PB1,178,0,7,1979,0,1986,G
2-PB1,179,1978,1,0,1,1980,A
2-PB1,180,2003,0,2,0,2005,A
2-PB1,181,1998,0,0,0,1998,A
2-PB1,182,0,0,0,2008,2008,C
2-PB1,183,0,1987,0,0,1987,T
2-PB1,184,1,4,1970,0,1975,G
2-PB1,185,2,6,1938,0,1946,G
2-PB1,186,2,2,1930,0,1934,G
2-PB1,187,1,2,1927,0,1930,G
2-PB1,188,0,0,0,1959,1959,C
2-PB1,189,1959,0,0,0,1959,A
2-PB1,190,3,0,0,2023,2026,C
2-PB1,191,3,0,0,2022,2025,C
2-PB1,192,5,1,0,2019,2025,C
2-PB1,193,4,1,0,2039,2044,C
2-PB1,194,2047,0,0,0,2047,A
2-PB1,195,2056,0,1,0,2057,A
2-PB1,196,0,0,0,2067,2067,C
2-PB1,197,0,2057,0,0,2057,T
2-PB1,198,14,0,0,2058,2072,C
2-PB1,199,2036,0,1,0,2037,A
2-PB1,200,2057,0,0,0,2057,A
2-PB1,201,0,0,0,2067,2067,C
2-PB1,202,7,1,0,2044,2052,C
2-PB1,203,13,0,0,2049,2062,C
2-PB1,204,2064,0,0,0,2064,A
2-PB1,205,2068,0,0,0,2068,A
2-PB1,206,0,2064,1,0,2065,T
2-PB1,207,1,2070,0,0,2071,T
2-PB1,208,0,8,2070,0,2078,G
2-PB1,209,2041,0,0,0,2041,A
2-PB1,210,0,2050,0,1,2051,T
2-PB1,211,0,12,2045,0,2057,G
2-PB1,212,0,10,2047,0,2057,G
2-PB1,213,2090,0,0,0,2090,A
2-PB1,214,1,1,1,2100,2103,C
2-PB1,215,16,1,0,2091,2108,C
2-PB1,216,2099,0,1,0,2100,A
2-PB1,217,3,0,0,2151,2154,C
2-PB1,218,0,2144,0,0,2144,T
2-PB1,219,2162,1,0,1,2164,A
2-PB1,220,1,0,0,2198,2199,C
2-PB1,221,3,0,0,2174,2177,C
2-PB1,222,0,2150,0,1,2151,T
2-PB1,223,1,7,2156,0,2164,G
2-PB1,224,2160,0,0,0,2160,A
2-PB1,225,0,7,2170,0,2177,G
2-PB1,226,0,4,2150,0,2154,G
2-PB1,227,2154,0,0,0,2154,A
2-PB1,228,0,2159,0,1,2160,T
2-PB1,229,2150,0,1,0,2151,A
2-PB1,230,2134,2,2,0,2138,A
2-PB1,231,0,2151,0,1,2152,T
2-PB1,232,1,13,2139,0,2153,G
2-PB1,233,2143,1,3,0,2147,A
2-PB1,234,2132,0,2,0,2134,A
2-PB1,235,1,1,0,2150,2152,C
2-PB1,236,4,0,0,2116,2120,C
2-PB1,237,2136,1,1,0,2138,A
2-PB1,238,2128,0,0,0,2128,A
2-PB1,239,0,0,2150,0,2150,G
2-PB1,240,0,2129,0,0,2129,T
2-PB1,241,1,8,2133,0,2142,G
2-PB1,242,0,3,2163,0,2166,G
2-PB1,243,2158,0,4,0,2162,A
2-PB1,244,0,2165,1,1,2167,T
2-PB1,245,2188,0,0,0,2188,A
2-PB1,246,0,2203,0,0,2203,T
2-PB1,247,1,1,2209,0,2211,G
2-PB1,248,0,0,0,2203,2203,C
2-PB1,249,2207,1,1,0,2209,A
2-PB1,250,0,0,0,2246,2246,C
2-PB1,251,2231,1,1,0,2233,A
2-PB1,252,2258,1,1,0,2260,A
2-PB1,253,2261,0,0,0,2261,A
2-PB1,254,1,0,0,2276,2277,C
2-PB1,255,2223,0,0,0,2223,A
2-PB1,256,0,10,2221,0,2231,G
2-PB1,257,2239,0,2,0,2241,A
2-PB1,258,0,0,0,2247,2247,C
2-PB1,259,1,2176,0,1,2178,T
2-PB1,260,0,1,2230,0,2231,G
2-PB1,261,0,2182,0,1,2183,T
2-PB1,262,1,1,2301,0,2303,G
2-PB1,263,1,2295,0,1,2297,T
2-PB1,264,12,1,0,2284,2297,C
2-PB1,265,5,1,0,2288,2294,C
2-PB1,266,0,2289,0,1,2290,T
2-PB1,267,0,3,2280,0,2283,G
2-PB1,268,1,5,2281,0,2287,G
2-PB1,269,2247,0,1,0,2248,A
2-PB1,270,1,2,2285,0,2288,G
2-PB1,271,0,1,2232,0,2233,G
2-PB1,272,1,0,0,2232,2233,C
2-PB1,273,0,2239,0,3,2242,T
2-PB1,274,2241,0,0,0,2241,A
2-PB1,275,0,2240,0,0,2240,T
2-PB1,276,1,5,2231,1,2238,G
2-PB1,277,1,1,2227,0,2229,G
2-PB1,278,0,1,0,2221,2222,C
2-PB1,279,1,0,0,2208,2209,C
2-PB1,280,0,2205,0,1,2206,T
2-PB1,281,0,2279,0,0,2279,T
2-PB1,282,7,0,0,2275,2282,C
2-PB1,283,8,1,0,2288,2297,C
2-PB1,284,0,2295,0,1,2296,T
2-PB1,285,0,2301,1,0,2302,T
2-PB1,286,1,4,2292,0,2297,G
2-PB1,287,2294,0,1,0,2295,A
2-PB1,288,2290,0,0,0,2290,A
2-PB1,289,0,9,2301,0,2310,G
2-PB1,290,2217,0,1,0,2218,A
2-PB1,291,2226,0,0,0,2226,A
2-PB1,292,0,2220,0,1,2221,T
2-PB1,293,3,0,0,2224,2227,C
2-PB1,294,6,0,0,2202,2208,C
2-PB1,295,9,1,0,2212,2222,C
2-PB1,296,2208,0,2,0,2210,A
2-PB1,297,1,0,0,2239,2240,C
2-PB1,298,3,0,0,2229,2232,C
2-PB1,299,4,0,0,2243,2247,C
2-PB1,300,2231,0,1,0,2232,A
2-PB1,301,0,1,2245,0,2246,G
2-PB1,302,2,0,2251,0,2253,G
2-PB1,303,0,2180,0,3,2183,T
2-PB1,304,2245,0,1,0,2246,A
2-PB1,305,0,2249,0,0,2249,T
2-PB1,306,2,0,0,2254,2256,C
2-PB1,307,0,2248,0,0,2248,T
2-PB1,308,0,2261,0,1,2262,T
2-PB1,309,0,2253,0,1,2254,T
2-PB1,310,0,4,2242,1,2247,G
2-PB1,311,2207,1,1,0,2209,A
2-PB1,312,0,12,2208,0,2220,G
2-PB1,313,2183,2,1,0,2186,A
2-PB1,314,2189,0,1,0,2190,A
2-PB1,315,1,1,0,2210,2212,C
2-PB1,316,0,2174,0,1,2175,T
2-PB1,317,11,0,0,2175,2186,C
2-PB1,318,2194,0,1,0,2195,A
2-PB1,319,0,2200,0,0,2200,T
2-PB1,320,0,0,2203,1,2204,G
2-PB1,321,0,2,0,2207,2209,C
2-PB1,322,12,0,0,2211,2223,C
2-PB1,323,0,2200,0,0,2200,T
2-PB1,324,0,2196,0,2,2198,T
2-PB1,325,1,8,2190,0,2199,G
2-PB1,326,2200,1,1,0,2202,A
2-PB1,327,2210,0,3,0,2213,A
2-PB1,328,2206,0,3,0,2209,A
2-PB1,329,1,1,0,2229,2231,C
2-PB1,330,2187,1,0,0,2188,A
2-PB1,331,2196,0,0,0,2196,A
2-PB1,332,0,2194,0,0,2194,T
2-PB1,333,1,7,2184,0,2192,G
2-PB1,334,2,0,2171,0,2173,G
2-PB1,335,2153,0,2,0,2155,A
2-PB1,336,2149,0,2,0,2151,A
2-PB1,337,0,0,2149,0,2149,G
2-PB1,338,1,0,1,2157,2159,C
2-PB1,339,10,1,0,2154,2165,C
2-PB1,340,1,1,2198,0,2200,G
2-PB1,341,0,2167,0,3,2170,T
2-PB1,342,0,2167,0,2,2169,T
2-PB1,343,10,1,0,2204,2215,C
2-PB1,344,2212,0,1,0,2213,A
2-PB1,345,2242,0,2,0,2244,A
2-PB1,346,0,0,0,2239,2239,C
2-PB1,347,2252,0,0,0,2252,A
2-PB1,348,0,6,2252,0,2258,G
2-PB1,349,2213,1,5,0,2219,A
2-PB1,350,1,0,0,2234,2235,C
2-PB1,351,2246,1,0,0,2247,A
2-PB1,352,2239,0,2,0,2241,A
2-PB1,353,0,7,2246,0,2253,G
2-PB1,354,0,5,2207,0,2212,G
2-PB1,355,0,1,2212,0,2213,G
2-PB1,356,0,2118,0,1,2119,T
2-PB1,357,0,9,2154,1,2164,G
2-PB1,358,0,7,2159,0,2166,G
2-PB1,359,2172,0,2,0,2174,A
2-PB1,360,0,2,0,2180,2182,C
2-PB1,361,2167,0,0,0,2167,A
2-PB1,362,2180,0,2,0,2182,A
2-PB1,363,2181,0,0,0,2181,A
2-PB1,364,0,0,1,2166,2167,C
2-PB1,365,0,2168,0,0,2168,T
2-PB1,366,2170,0,1,0,2171,A
2-PB1,367,2150,1,1,0,2152,A
2-PB1,368,0,2,0,2172,2174,C
2-PB1,369,3,0,0,2163,2166,C
2-PB1,370,12,1,0,2163,2176,C
2-PB1,371,2104,0,0,0,2104,A
2-PB1,372,2107,0,1,0,2108,A
2-PB1,373,0,5,2103,0,2108,G
2-PB1,374,0,1,2108,0,2109,G
2-PB1,375,0,2056,0,0,2056,T
2-PB1,376,9,1,1,2084,2095,C
2-PB1,377,2,3,2087,0,2092,G
2-PB1,378,0,0,0,2069,2069,C
2-PB1,379,6,0,0,2093,2099,C
2-PB1,380,2102,0,0,0,2102,A
2-PB1,381,0,6,2129,0,2135,G
2-PB1,382,2159,0,2,0,2161,A
2-PB1,383,1,0,0,2179,2180,C
2-PB1,384,0,2164,0,1,2165,T
2-PB1,385,0,2167,0,0,2167,T
2-PB1,386,2161,0,0,0,2161,A
2-PB1,387,0,2159,0,1,2160,T
2-PB1,388,0,9,2166,0,2175,G
2-PB1,389,2134,0,0,0,2134,A
2-PB1,390,0,2126,0,0,2126,T
2-PB1,391,0,2063,0,1,2064,T
2-PB1,392,0,8,2042,0,2050,G
2-PB1,393,0,8,2040,0,2048,G
2-PB1,394,2078,0,3,0,2081,A
2-PB1,395,0,0,0,2093,2093,C
2-PB1,396,2061,0,0,0,2061,A
2-PB1,397,0,2038,0,0,2038,T
2-PB1,398,0,2066,0,0,2066,T
2-PB1,399,2084,0,1,0,2085,A
2-PB1,400,2078,0,0,0,2078,A
2-PB1,401,2076,1,0,0,2077,A
2-PB1,402,1,0,0,2093,2094,C
2-PB1,403,2053,0,2,0,2055,A
2-PB1,404,0,5,2055,0,2060,G
2-PB1,405,2052,0,0,0,2052,A
2-PB1,406,2057,0,0,0,2057,A
2-PB1,407,2065,0,0,0,2065,A
2-PB1,408,0,2013,0,0,2013,T
2-PB1,409,15,0,0,2040,2055,C
2-PB1,410,2047,0,0,0,2047,A
2-PB1,411,2043,0,1,0,2044,A
2-PB1,412,1,1,0,2042,2044,C
2-PB1,413,3,0,0,2029,2032,C
2-PB1,414,1,5,2009,0,2015,G
2-PB1,415,0,2,2009,0,2011,G
2-PB1,416,1,0,0,2027,2028,C
2-PB1,417,2033,0,1,0,2034,A
2-PB1,418,0,2,2034,0,2036,G
2-PB1,419,3,0,0,2041,2044,C
2-PB1,420,2062,1,0,0,2063,A
2-PB1,421,2050,1,0,0,2051,A
2-PB1,422,0,0,1,2071,2072,C
2-PB1,423,0,2051,0,0,2051,T
2-PB1,424,0,1,2126,0,2127,G
2-PB1,425,0,1,0,2126,2127,C
2-PB1,426,2115,10,0,0,2125,A
2-PB1,427,0,2121,0,0,2121,T
2-PB1,428,0,2111,0,0,2111,T
2-PB1,429,2205,7,1,3,2216,A
2-PB1,430,0,2,2197,0,2199,G
2-PB1,431,0,1,0,2176,2177,C
2-PB1,432,7,0,0,2190,2197,C
2-PB1,433,2132,0,0,1,2133,A
2-PB1,434,2160,1,1,0,2162,A
2-PB1,435,0,0,0,2163,2163,C
2-PB1,436,2157,0,1,0,2158,A
2-PB1,437,0,1,0,2218,2219,C
2-PB1,438,4,0,1,2115,2120,C
2-PB1,439,2120,0,0,0,2120,A
2-PB1,440,1,2102,0,1,2104,T
2-PB1,441,2129,0,0,0,2129,A
2-PB1,442,0,3,2112,0,2115,G
2-PB1,443,2100,0,0,1,2101,A
2-PB1,444,2077,0,0,0,2077,A
2-PB1,445,0,1,2097,0,2098,G
2-PB1,446,0,2048,2,0,2050,T
2-PB1,447,0,2036,0,1,2037,T
2-PB1,448,0,2049,0,0,2049,T
2-PB1,449,0,2059,0,1,2060,T
2-PB1,450,0,2063,0,0,2063,T
2-PB1,451,2073,0,1,0,2074,A
2-PB1,452,1,5,2054,0,2060,G
2-PB1,453,2053,0,1,0,2054,A
2-PB1,454,0,2028,0,1,2029,T
2-PB1,455,12,1,0,2009,2022,C
2-PB1,456,0,9,2021,0,2030,G
2-PB1,457,2015,1,0,0,2016,A
2-PB1,458,2018,1,0,0,2019,A
2-PB1,459,0,3,0,2041,2044,C
2-PB1,460,0,4,2041,0,2045,G
2-PB1,461,0,4,2123,0,2127,G
2-PB1,462,2124,0,2,0,2126,A
2-PB1,463,0,2110,0,0,2110,T
2-PB1,464,0,2129,0,0,2129,T
2-PB1,465,2116,0,8,0,2124,A
2-PB1,466,2121,0,0,0,2121,A
2-PB1,467,1,1,1,2131,2134,C
2-PB1,468,2122,0,1,0,2123,A
2-PB1,469,1,1,2123,0,2125,G
2-PB1,470,0,0,0,2047,2047,C
2-PB1,471,0,2038,0,1,2039,T
2-PB1,472,2062,0,0,0,2062,A
2-PB1,473,2060,0,0,0,2060,A
2-PB1,474,0,2065,0,0,2065,T
2-PB1,475,1,12,2072,0,2085,G
2-PB1,476,2077,1,0,0,2078,A
2-PB1,477,2076,0,0,0,2076,A
2-PB1,478,0,2032,0,1,2033,T
2-PB1,479,15,2,0,2035,2052,C
2-PB1,480,2040,0,1,0,2041,A
2-PB1,481,1,2,2031,0,2034,G
2-PB1,482,0,4,2023,0,2027,G
2-PB1,483,2027,1,2,0,2030,A
2-PB1,484,2001,0,1,0,2002,A
2-PB1,485,0,4,2055,0,2059,G
2-PB1,486,4,0,2044,0,2048,G
2-PB1,487,1,0,0,2062,2063,C
2-PB1,488,0,2069,0,1,2070,T
2-PB1,489,2075,0,1,0,2076,A
2-PB1,490,2072,0,0,0,2072,A
2-PB1,491,0,2078,0,0,2078,T
2-PB1,492,2082,0,0,0,2082,A
2-PB1,493,0,6,2092,1,2099,G
2-PB1,494,1945,1,0,1,1947,A
2-PB1,495,0,1929,0,0,1929,T
2-PB1,496,0,1922,0,0,1922,T
2-PB1,497,0,1911,0,0,1911,T
2-PB1,498,8,0,0,1972,1980,C
2-PB1,499,3,0,0,1979,1982,C
2-PB1,500,0,1978,0,2,1980,T
2-PB1,501,6,0,0,1999,2005,C
2-PB1,502,2005,1,1,0,2007,A
2-PB1,503,2018,0,0,0,2018,A
2-PB1,504,0,5,2020,1,2026,G
2-PB1,505,0,4,2045,0,2049,G
2-PB1,506,2040,0,1,0,2041,A
2-PB1,507,0,1989,0,0,1989,T
2-PB1,508,0,1,2019,1,2021,G
2-PB1,509,0,1988,1,1,1990,T
2-PB1,510,0,6,2017,0,2023,G
2-PB1,511,2023,0,3,0,2026,A
2-PB1,512,0,2023,0,0,2023,T
2-PB1,513,1,7,1998,0,2006,G
2-PB1,514,0,9,1994,0,2003,G
2-PB1,515,2005,1,2,0,2008,A
2-PB1,516,2005,0,1,0,2006,A
2-PB1,517,0,1960,0,1,1961,T
2-PB1,518,13,0,0,1954,1967,C
2-PB1,519,1967,0,0,0,1967,A
2-PB1,520,1952,0,0,0,1952,A
2-PB1,521,0,1957,0,2,1959,T
2-PB1,522,0,2,1980,0,1982,G
2-PB1,523,0,3,1978,0,1981,G
2-PB1,524,1975,0,1,0,1976,A
2-PB1,525,0,1982,0,0,1982,T
2-PB1,526,1984,0,0,0,1984,A
2-PB1,527,1968,1,0,0,1969,A
2-PB1,528,1979,0,0,0,1979,A
2-PB1,529,0,5,1989,0,1994,G
2-PB1,530,1982,0,1,0,1983,A
2-PB1,531,1,4,1964,0,1969,G
2-PB1,532,1,4,1956,0,1961,G
2-PB1,533,1969,0,0,0,1969,A
2-PB1,534,1961,0,0,1,1962,A
2-PB1,535,1973,0,0,0,1973,A
2-PB1,536,0,1960,0,0,1960,T
2-PB1,537,0,4,1982,0,1986,G
2-PB1,538,0,10,1968,0,1978,G
2-PB1,539,1957,0,2,0,1959,A
2-PB1,540,1,5,1975,0,1981,G
2-PB1,541,1967,1,0,0,1968,A
2-PB1,542,0,1999,0,1,2000,T
2-PB1,543,2011,0,0,0,2011,A
2-PB1,544,2029,0,0,0,2029,A
2-PB1,545,1,0,0,2033,2034,C
2-PB1,546,2005,0,0,0,2005,A
2-PB1,547,2000,0,1,0,2001,A
2-PB1,548,1,0,0,1996,1997,C
2-PB1,549,1988,0,1,0,1989,A
2-PB1,550,1,0,0,1988,1989,C
2-PB1,551,1950,1,0,0,1951,A
2-PB1,552,1,0,0,1976,1977,C
2-PB1,553,0,1944,0,1,1945,T
2-PB1,554,0,1952,0,0,1952,T
2-PB1,555,0,1942,0,0,1942,T
2-PB1,556,6,3,0,1950,1959,C
2-PB1,557,1962,0,1,0,1963,A
2-PB1,558,1967,0,0,0,1967,A
2-PB1,559,1969,0,2,0,1971,A
2-PB1,560,0,5,1979,0,1984,G
2-PB1,561,1949,0,1,0,1950,A
2-PB1,562,1955,0,0,0,1955,A
2-PB1,563,1955,0,0,0,1955,A
2-PB1,564,1963,0,0,0,1963,A
2-PB1,565,1963,0,0,0,1963,A
2-PB1,566,0,6,1956,1,1963,G
2-PB1,567,0,10,1963,0,1973,G
2-PB1,568,1949,1,2,0,1952,A
2-PB1,569,1,11,1971,0,1983,G
2-PB1,570,1952,0,3,0,1955,A
2-PB1,571,0,1,2018,0,2019,G
2-PB1,572,0,1981,0,0,1981,T
2-PB1,573,2026,0,0,0,2026,A
2-PB1,574,2022,0,2,1,2025,A
2-PB1,575,1,5,2000,0,2006,G
2-PB1,576,0,2,2010,0,2012,G
2-PB1,577,0,7,1983,0,1990,G
2-PB1,578,1982,0,4,0,1986,A
2-PB1,579,1,1,0,1980,1982,C
2-PB1,580,1954,0,2,0,1956,A
2-PB1,581,1964,0,0,0,1964,A
2-PB1,582,0,1,0,1943,1944,C
2-PB1,583,1954,0,0,0,1954,A
2-PB1,584,1,1914,0,0,1915,T
2-PB1,585,0,25,1888,0,1913,G
2-PB1,586,1914,0,3,0,1917,A
2-PB1,587,0,1,0,1886,1887,C
2-PB1,588,7,0,0,1887,1894,C
2-PB1,589,1915,0,0,0,1915,A
2-PB1,590,1906,0,1,0,1907,A
2-PB1,591,0,5,1913,0,1918,G
2-PB1,592,1929,0,0,0,1929,A
2-PB1,593,1926,0,0,0,1926,A
2-PB1,594,1913,0,0,0,1913,A
2-PB1,595,1906,0,0,0,1906,A
2-PB1,596,0,1886,0,0,1886,T
2-PB1,597,0,9,1882,0,1891,G
2-PB1,598,0,1,1889,0,1890,G
2-PB1,599,0,1852,1,2,1855,T
2-PB1,600,14,0,0,1850,1864,C
2-PB1,601,1875,0,2,0,1877,A
2-PB1,602,1,1,0,1971,1973,C
2-PB1,603,2000,0,1,0,2001,A
2-PB1,604,0,0,0,2010,2010,C
2-PB1,605,1986,1,0,0,1987,A
2-PB1,606,2033,0,0,0,2033,A
2-PB1,607,2021,0,3,0,2024,A
2-PB1,608,0,5,2088,0,2093,G
2-PB1,609,171,2,1817,0,1990,G
2-PB1,610,2056,0,1,0,2057,A
2-PB1,611,1,1,0,2113,2115,C
2-PB1,612,2131,0,0,0,2131,A
2-PB1,613,2132,0,1,1,2134,A
2-PB1,614,0,2134,0,0,2134,T
2-PB1,615,2116,0,0,0,2116,A
2-PB1,616,0,4,2115,1,2120,G
2-PB1,617,0,5,2040,0,2045,G
2-PB1,618,0,4,2065,0,2069,G
2-PB1,619,2050,0,0,0,2050,A
2-PB1,620,2042,0,1,0,2043,A
2-PB1,621,0,1,2058,0,2059,G
2-PB1,622,2049,0,0,0,2049,A
2-PB1,623,2060,0,1,1,2062,A
2-PB1,624,2077,0,1,0,2078,A
2-PB1,625,2063,0,2,0,2065,A
2-PB1,626,2120,0,0,0,2120,A
2-PB1,627,2104,0,1,1,2106,A
2-PB1,628,0,0,0,2115,2115,C
2-PB1,629,2105,0,0,0,2105,A
2-PB1,630,2106,0,1,0,2107,A
2-PB1,631,2101,0,0,0,2101,A
2-PB1,632,0,8,2107,0,2115,G
2-PB1,633,2118,0,1,0,2119,A
2-PB1,634,0,1,2194,0,2195,G
2-PB1,635,0,2109,0,0,2109,T
2-PB1,636,1,7,2358,0,2366,G
2-PB1,637,2379,1,0,0,2380,A
2-PB1,638,2382,1,0,0,2383,A
2-PB1,639,0,2384,0,1,2385,T
2-PB1,640,2414,0,0,0,2414,A
2-PB1,641,2406,0,1,1,2408,A
2-PB1,642,0,7,2393,0,2400,G
2-PB1,643,2327,0,6,0,2333,A
2-PB1,644,1,7,2336,0,2344,G
2-PB1,645,2234,0,1,0,2235,A
2-PB1,646,2,2,2217,0,2221,G
2-PB1,647,0,1,2196,0,2197,G
2-PB1,648,1,1,0,2210,2212,C
2-PB1,649,0,2199,0,1,2200,T
2-PB1,650,2267,1,0,0,2268,A
2-PB1,651,0,0,0,2392,2392,C
2-PB1,652,3,0,0,2402,2405,C
2-PB1,653,0,2433,2,2,2437,T
2-PB1,654,2526,0,0,0,2526,A
2-PB1,655,2499,1,0,0,2500,A
2-PB1,656,0,2509,0,0,2509,T
2-PB1,657,2519,0,1,0,2520,A
2-PB1,658,2510,2,1,1,2514,A
2-PB1,659,0,13,2489,0,2502,G
2-PB1,660,2417,1,2,0,2420,A
2-PB1,661,0,0,2421,0,2421,G
2-PB1,662,1,0,0,2423,2424,C
2-PB1,663,0,2387,0,1,2388,T
2-PB1,664,0,2408,0,1,2409,T
2-PB1,665,0,2422,0,2,2424,T
2-PB1,666,0,23,2393,0,2416,G
2-PB1,667,2444,0,2,1,2447,A
2-PB1,668,1,2,0,2456,2459,C
2-PB1,669,2445,0,0,0,2445,A
2-PB1,670,0,2424,1,0,2425,T
2-PB1,671,0,2418,0,0,2418,T
2-PB1,672,0,22,2430,1,2453,G
2-PB1,673,2447,0,4,0,2451,A
2-PB1,674,2460,0,2,0,2462,A
2-PB1,675,1,2,0,2457,2460,C
2-PB1,676,2460,0,0,0,2460,A
2-PB1,677,0,1,0,2465,2466,C
2-PB1,678,0,7,2448,1,2456,G
2-PB1,679,2443,0,2,0,2445,A
2-PB1,680,0,2472,0,0,2472,T
2-PB1,681,0,22,2493,0,2515,G
2-PB1,682,2520,1,1,0,2522,A
2-PB1,683,1,2,0,2534,2537,C
2-PB1,684,11,1,0,2524,2536,C
2-PB1,685,2544,0,2,0,2546,A
2-PB1,686,2553,2,0,0,2555,A
2-PB1,687,2567,1,2,0,2570,A
2-PB1,688,1,4,2607,0,2612,G
2-PB1,689,2631,0,1,0,2632,A
2-PB1,690,0,2610,0,1,2611,T
2-PB1,691,0,1,2626,0,2627,G
2-PB1,692,2,0,0,2594,2596,C
2-PB1,693,2614,0,2,0,2616,A
2-PB1,694,3,9,2642,0,2654,G
2-PB1,695,2624,0,3,0,2627,A
2-PB1,696,6,11,2616,0,2633,G
2-PB1,697,2555,1,1,0,2557,A
2-PB1,698,0,4,2553,0,2557,G
2-PB1,699,2518,0,12,0,2530,A
2-PB1,700,1,6,2508,0,2515,G
2-PB1,701,0,0,2520,0,2520,G
2-PB1,702,3,0,0,2521,2524,C
2-PB1,703,2527,0,0,0,2527,A
2-PB1,704,2521,0,1,1,2523,A
2-PB1,705,2533,0,1,1,2535,A
2-PB1,706,1,2539,0,0,2540,T
2-PB1,707,0,2550,0,0,2550,T
2-PB1,708,2546,1,0,0,2547,A
2-PB1,709,2545,0,0,0,2545,A
2-PB1,710,2549,0,0,0,2549,A
2-PB1,711,2551,0,0,0,2551,A
2-PB1,712,2542,0,0,0,2542,A
2-PB1,713,0,7,2541,0,2548,G
2-PB1,714,2524,0,1,0,2525,A
2-PB1,715,2531,0,3,0,2534,A
2-PB1,716,2,7,2544,0,2553,G
2-PB1,717,0,3,2588,0,2591,G
2-PB1,718,1,0,2576,0,2577,G
2-PB1,719,0,0,0,2602,2602,C
2-PB1,720,0,2615,0,0,2615,T
2-PB1,721,2642,0,0,0,2642,A
2-PB1,722,0,2655,0,1,2656,T
2-PB1,723,1,2667,0,0,2668,T
2-PB1,724,0,0,2668,0,2668,G
2-PB1,725,0,0,0,2650,2650,C
2-PB1,726,2593,2,3,0,2598,A
2-PB1,727,2601,1,3,0,2605,A
2-PB1,728,0,1,0,2596,2597,C
2-PB1,729,2561,0,0,0,2561,A
2-PB1,730,0,0,0,2594,2594,C
2-PB1,731,0,0,0,2543,2543,C
2-PB1,732,2,2,1,2551,2556,C
2-PB1,733,0,8,2547,0,2555,G
2-PB1,734,0,3,2557,0,2560,G
2-PB1,735,0,7,2550,0,2557,G
2-PB1,736,2570,0,1,0,2571,A
2-PB1,737,0,2560,0,0,2560,T
2-PB1,738,0,5,2585,0,2590,G
2-PB1,739,1,1,0,2574,2576,C
2-PB1,740,2623,0,0,0,2623,A
2-PB1,741,2656,0,2,0,2658,A
2-PB1,742,2670,0,0,1,2671,A
2-PB1,743,0,2657,0,1,2658,T
2-PB1,744,0,2666,0,0,2666,T
2-PB1,745,2645,0,1,0,2646,A
2-PB1,746,0,6,2639,0,2645,G
2-PB1,747,2618,0,3,0,2621,A
2-PB1,748,1,8,2625,0,2634,G
2-PB1,749,1,4,2592,0,2597,G
2-PB1,750,0,0,2632,0,2632,G
2-PB1,751,0,2613,0,2,2615,T
2-PB1,752,0,2654,0,1,2655,T
2-PB1,753,15,1,0,2662,2678,C
2-PB1,754,2,0,2704,0,2706,G
2-PB1,755,0,2691,0,3,2694,T
2-PB1,756,1,0,2706,0,2707,G
2-PB1,757,0,2695,0,0,2695,T
2-PB1,758,2668,1,0,0,2669,A
2-PB1,759,2,0,0,2677,2679,C
2-PB1,760,0,2563,0,1,2564,T
2-PB1,761,0,2570,1,0,2571,T
2-PB1,762,8,1,0,2560,2569,C
2-PB1,763,1,3,2558,0,2562,G
2-PB1,764,1,2556,0,0,2557,T
2-PB1,765,0,2560,0,2,2562,T
2-PB1,766,0,10,2544,0,2554,G
2-PB1,767,2524,2,1,0,2527,A
2-PB1,768,2549,0,0,0,2549,A
2-PB1,769,2542,0,1,0,2543,A
2-PB1,770,0,0,0,2581,2581,C
2-PB1,771,0,2567,0,0,2567,T
2-PB1,772,0,2544,0,0,2544,T
2-PB1,773,0,2558,0,0,2558,T
2-PB1,774,2595,0,0,0,2595,A
2-PB1,775,1,0,2588,0,2589,G
2-PB1,776,0,0,0,2606,2606,C
2-PB1,777,0,2605,0,0,2605,T
2-PB1,778,2577,0,0,0,2577,A
2-PB1,779,1,5,2569,0,2575,G
2-PB1,780,2576,0,0,0,2576,A
2-PB1,781,2569,0,1,0,2570,A
2-PB1,782,0,1,2587,0,2588,G
2-PB1,783,0,0,0,2549,2549,C
2-PB1,784,2561,0,0,0,2561,A
2-PB1,785,1,2550,0,0,2551,T
2-PB1,786,0,2495,0,36,2531,T
2-PB1,787,0,2545,0,0,2545,T
2-PB1,788,0,1,2547,0,2548,G
2-PB1,789,2,2,0,2533,2537,C
2-PB1,790,0,6,2543,1,2550,G
2-PB1,791,2533,0,0,0,2533,A
2-PB1,792,2529,0,0,0,2529,A
2-PB1,793,2530,0,1,0,2531,A
2-PB1,794,2595,0,3,0,2598,A
2-PB1,795,0,1,2607,0,2608,G
2-PB1,796,2,0,0,2594,2596,C
2-PB1,797,0,2600,0,2,2602,T
2-PB1,798,0,2609,0,2,2611,T
2-PB1,799,2,18,2601,1,2622,G
2-PB1,800,2607,1,1,0,2609,A
2-PB1,801,2595,1,1,0,2597,A
2-PB1,802,1,1,0,2632,2634,C
2-PB1,803,2566,0,1,0,2567,A
2-PB1,804,0,1,2725,0,2726,G
2-PB1,805,0,2680,1,1,2682,T
2-PB1,806,7,0,0,2697,2704,C
2-PB1,807,0,2694,0,1,2695,T
2-PB1,808,0,6,2693,0,2699,G
2-PB1,809,2,8,2684,0,2694,G
2-PB1,810,2679,0,1,0,2680,A
2-PB1,811,0,0,0,2700,2700,C
2-PB1,812,0,2658,0,1,2659,T
2-PB1,813,0,2483,0,1,2484,T
2-PB1,814,5,0,0,2490,2495,C
2-PB1,815,1,4,0,2489,2494,C
2-PB1,816,1,5,2501,0,2507,G
2-PB1,817,2,0,2503,0,2505,G
2-PB1,818,0,2484,0,0,2484,T
2-PB1,819,0,2496,0,1,2497,T
2-PB1,820,0,3,2483,0,2486,G
2-PB1,821,1,5,2496,0,2502,G
2-PB1,822,1,8,2508,0,2517,G
2-PB1,823,0,4,2511,0,2515,G
2-PB1,824,0,0,2537,0,2537,G
2-PB1,825,0,2500,0,0,2500,T
2-PB1,826,2491,0,1,1,2493,A
2-PB1,827,2510,0,2,0,2512,A
2-PB1,828,0,2520,0,0,2520,T
2-PB1,829,1,16,2501,0,2518,G
2-PB1,830,2491,0,0,1,2492,A
2-PB1,831,2461,0,1,0,2462,A
2-PB1,832,2464,0,1,0,2465,A
2-PB1,833,2454,0,0,0,2454,A
2-PB1,834,0,7,2428,0,2435,G
2-PB1,835,2419,0,2,0,2421,A
2-PB1,836,2426,0,0,0,2426,A
2-PB1,837,0,1,2418,0,2419,G
2-PB1,838,1,0,2395,0,2396,G
2-PB1,839,1,1,1,2398,2401,C
2-PB1,840,5,0,0,2410,2415,C
2-PB1,841,2419,0,1,0,2420,A
2-PB1,842,2421,0,0,0,2421,A
2-PB1,843,2412,0,0,0,2412,A
2-PB1,844,0,0,0,2426,2426,C
2-PB1,845,0,2430,0,1,2431,T
2-PB1,846,1,5,2455,2,2463,G
2-PB1,847,1,2,2441,1,2445,G
2-PB1,848,1,0,0,2452,2453,C
2-PB1,849,2467,2,0,0,2469,A
2-PB1,850,2456,0,1,0,2457,A
2-PB1,851,2449,1,2,0,2452,A
2-PB1,852,0,2464,0,0,2464,T
2-PB1,853,0,1,2463,0,2464,G
2-PB1,854,0,2440,0,1,2441,T
2-PB1,855,0,2398,0,1,2399,T
2-PB1,856,2,0,2391,0,2393,G
2-PB1,857,0,2380,0,2,2382,T
2-PB1,858,1,20,2364,0,2385,G
2-PB1,859,2393,0,0,0,2393,A
2-PB1,860,0,8,2383,0,2391,G
2-PB1,861,2384,1,2,0,2387,A
2-PB1,862,2382,1,0,0,2383,A
2-PB1,863,2380,0,1,0,2381,A
2-PB1,864,2383,0,2,0,2385,A
2-PB1,865,2381,0,4,0,2385,A
2-PB1,866,0,2366,0,0,2366,T
2-PB1,867,0,3,2379,0,2382,G
2-PB1,868,2374,0,2,0,2376,A
2-PB1,869,1,2339,0,2,2342,T
2-PB1,870,2,13,2357,0,2372,G
2-PB1,871,2354,1,1,1,2357,A
2-PB1,872,0,1,0,2365,2366,C
2-PB1,873,1,2370,0,0,2371,T
2-PB1,874,2368,0,0,0,2368,A
2-PB1,875,2379,0,0,0,2379,A
2-PB1,876,0,2371,0,0,2371,T
2-PB1,877,4,2369,0,0,2373,T
2-PB1,878,13,2,0,2387,2402,C
2-PB1,879,2395,0,2,0,2397,A
2-PB1,880,1,0,0,2413,2414,C
2-PB1,881,2397,0,0,0,2397,A
2-PB1,882,2390,1,6,0,2397,A
2-PB1,883,0,11,2378,0,2389,G
2-PB1,884,2407,1,1,0,2409,A
2-PB1,885,0,3,0,2405,2408,C
2-PB1,886,2379,0,0,0,2379,A
2-PB1,887,0,0,0,2375,2375,C
2-PB1,888,2347,0,2,0,2349,A
2-PB1,889,0,9,2360,0,2369,G
2-PB1,890,2353,0,0,1,2354,A
2-PB1,891,0,1,2355,0,2356,G
2-PB1,892,1,1,1,2345,2348,C
2-PB1,893,0,2311,0,4,2315,T
2-PB1,894,1,2345,0,1,2347,T
2-PB1,895,1,2327,0,0,2328,T
2-PB1,896,3,0,0,2350,2353,C
2-PB1,897,0,2343,0,1,2344,T
2-PB1,898,0,2315,0,0,2315,T
2-PB1,899,0,2321,0,1,2322,T
2-PB1,900,3,0,0,2313,2316,C
2-PB1,901,2292,0,0,0,2292,A
2-PB1,902,0,0,0,2313,2313,C
2-PB1,903,2300,0,0,0,2300,A
2-PB1,904,2304,0,1,1,2306,A
2-PB1,905,0,2286,0,1,2287,T
2-PB1,906,13,0,0,2306,2319,C
2-PB1,907,2329,0,0,0,2329,A
2-PB1,908,1,1,0,2349,2351,C
2-PB1,909,0,2307,0,0,2307,T
2-PB1,910,0,7,2328,1,2336,G
2-PB1,911,0,6,2307,0,2313,G
2-PB1,912,1,7,2345,1,2354,G
2-PB1,913,1,6,2345,1,2353,G
2-PB1,914,2314,0,1,0,2315,A
2-PB1,915,1,0,0,2237,2238,C
2-PB1,916,2285,0,0,1,2286,A
2-PB1,917,2383,1,2,0,2386,A
2-PB1,918,2,0,0,2373,2375,C
2-PB1,919,2383,1,0,0,2384,A
2-PB1,920,1,0,0,2392,2393,C
2-PB1,921,1,2282,0,5,2288,T
2-PB1,922,2304,0,2,0,2306,A
2-PB1,923,2299,0,2,0,2301,A
2-PB1,924,1,0,2305,0,2306,G
2-PB1,925,0,2263,0,0,2263,T
2-PB1,926,1,5,2109,0,2115,G
2-PB1,927,1,12,2094,0,2107,G
2-PB1,928,2100,0,0,0,2100,A
2-PB1,929,2107,0,1,0,2108,A
2-PB1,930,0,2107,0,1,2108,T
2-PB1,931,0,6,2088,0,2094,G
2-PB1,932,2101,0,2,0,2103,A
2-PB1,933,2070,0,0,0,2070,A
2-PB1,934,2083,0,0,0,2083,A
2-PB1,935,2080,0,1,0,2081,A
2-PB1,936,0,2051,0,0,2051,T
2-PB1,937,13,0,1,2066,2080,C
2-PB1,938,2092,0,1,1,2094,A
2-PB1,939,2074,0,2,0,2076,A
2-PB1,940,2076,0,1,0,2077,A
2-PB1,941,2042,0,1,0,2043,A
2-PB1,942,0,0,0,2081,2081,C
2-PB1,943,6,0,0,2052,2058,C
2-PB1,944,5,0,0,2059,2064,C
2-PB1,945,0,2045,0,3,2048,T
2-PB1,946,2,2,0,2056,2060,C
2-PB1,947,1,6,2058,0,2065,G
2-PB1,948,2052,1,0,0,2053,A
2-PB1,949,2062,0,1,0,2063,A
2-PB1,950,0,2072,0,0,2072,T
2-PB1,951,2,1,2082,0,2085,G
2-PB1,952,0,2054,0,1,2055,T
2-PB1,953,0,2046,0,0,2046,T
2-PB1,954,0,2059,0,0,2059,T
2-PB1,955,0,2058,0,0,2058,T
2-PB1,956,0,2049,0,0,2049,T
2-PB1,957,0,3,2046,0,2049,G
2-PB1,958,0,1,2018,0,2019,G
2-PB1,959,0,2,0,2038,2040,C
2-PB1,960,0,3,2031,0,2034,G
2-PB1,961,2026,0,0,0,2026,A
2-PB1,962,0,2069,0,1,2070,T
2-PB1,963,0,9,2139,0,2148,G
2-PB1,964,2220,0,1,0,2221,A
2-PB1,965,1,2217,0,2,2220,T
2-PB1,966,0,2234,0,0,2234,T
2-PB1,967,2242,0,2,0,2244,A
2-PB1,968,0,0,0,2236,2236,C
2-PB1,969,2255,0,2,0,2257,A
2-PB1,970,0,2249,0,1,2250,T
2-PB1,971,2139,0,2,1,2142,A
2-PB1,972,0,0,0,2140,2140,C
2-PB1,973,1923,0,0,0,1923,A
2-PB1,974,0,1908,0,0,1908,T
2-PB1,975,4,0,1,1897,1902,C
2-PB1,976,1902,0,1,0,1903,A
2-PB1,977,0,0,0,1908,1908,C
2-PB1,978,1906,0,0,0,1906,A
2-PB1,979,1914,0,0,0,1914,A
2-PB1,980,1910,0,1,0,1911,A
2-PB1,981,1,7,1842,1,1851,G
2-PB1,982,1922,0,1,0,1923,A
2-PB1,983,1908,0,0,0,1908,A
2-PB1,984,0,1884,0,1,1885,T
2-PB1,985,13,1,0,1901,1915,C
2-PB1,986,1914,1,2,0,1917,A
2-PB1,987,1906,0,0,0,1906,A
2-PB1,988,1,0,0,1910,1911,C
2-PB1,989,5,0,0,1907,1912,C
2-PB1,990,0,1790,0,1,1791,T
2-PB1,991,1,10,1805,0,1816,G
2-PB1,992,1813,0,1,0,1814,A
2-PB1,993,0,0,1809,0,1809,G
2-PB1,994,0,1793,0,0,1793,T
2-PB1,995,1,9,1754,0,1764,G
2-PB1,996,0,0,1830,0,1830,G
2-PB1,997,0,1807,0,1,1808,T
2-PB1,998,0,1803,0,2,1805,T
2-PB1,999,10,0,0,1813,1823,C
2-PB1,1000,1811,0,0,0,1811,A
2-PB1,1001,1,4,1838,0,1843,G
2-PB1,1002,1847,0,0,0,1847,A
2-PB1,1003,1851,0,1,0,1852,A
2-PB1,1004,1842,0,1,0,1843,A
2-PB1,1005,2,1,0,1692,1695,C
2-PB1,1006,1699,0,0,0,1699,A
2-PB1,1007,0,1674,0,0,1674,T
2-PB1,1008,6,0,0,1701,1707,C
2-PB1,1009,3,1,0,1694,1698,C
2-PB1,1010,0,1645,0,1,1646,T
2-PB1,1011,0,13,1623,0,1636,G
2-PB1,1012,1607,0,1,0,1608,A
2-PB1,1013,0,0,1631,0,1631,G
2-PB1,1014,0,1,0,1608,1609,C
2-PB1,1015,1582,0,0,0,1582,A
2-PB1,1016,0,1564,0,0,1564,T
2-PB1,1017,4,0,0,1560,1564,C
2-PB1,1018,5,0,1562,0,1567,G
2-PB1,1019,0,0,1,1616,1617,C
2-PB1,1020,1629,0,1,0,1630,A
2-PB1,1021,0,0,0,1690,1690,C
2-PB1,1022,9,0,0,1682,1691,C
2-PB1,1023,1706,0,0,0,1706,A
2-PB1,1024,1722,0,0,1,1723,A
2-PB1,1025,0,1730,0,0,1730,T
2-PB1,1026,1721,0,0,0,1721,A
2-PB1,1027,1713,0,0,0,1713,A
2-PB1,1028,0,1676,0,1,1677,T
2-PB1,1029,1,0,1692,0,1693,G
2-PB1,1030,1,1639,0,0,1640,T
2-PB1,1031,0,1614,0,1,1615,T
2-PB1,1032,9,0,0,1609,1618,C
2-PB1,1033,0,1622,0,0,1622,T
2-PB1,1034,8,0,0,1628,1636,C
2-PB1,1035,1637,0,0,0,1637,A
2-PB1,1036,1636,0,0,0,1636,A
2-PB1,1037,1630,0,2,0,1632,A
2-PB1,1038,0,1,0,1631,1632,C
2-PB1,1039,1634,0,0,0,1634,A
2-PB1,1040,1639,0,0,0,1639,A
2-PB1,1041,1632,0,2,0,1634,A
2-PB1,1042,1641,0,2,0,1643,A
2-PB1,1043,0,1642,0,2,1644,T
2-PB1,1044,0,7,1626,0,1633,G
2-PB1,1045,0,0,1628,0,1628,G
2-PB1,1046,1,1,1,1638,1641,C
2-PB1,1047,1627,0,0,0,1627,A
2-PB1,1048,1630,0,1,0,1631,A
2-PB1,1049,0,6,1642,0,1648,G
2-PB1,1050,1634,0,0,0,1634,A
2-PB1,1051,0,1623,0,1,1624,T
2-PB1,1052,0,1662,0,0,1662,T
2-PB1,1053,0,5,1645,0,1650,G
2-PB1,1054,0,2,1650,0,1652,G
2-PB1,1055,0,6,1657,0,1663,G
2-PB1,1056,1665,0,3,0,1668,A
2-PB1,1057,1662,0,1,0,1663,A
2-PB1,1058,1662,0,1,0,1663,A
2-PB1,1059,1649,0,1,0,1650,A
2-PB1,1060,0,4,1700,0,1704,G
2-PB1,1061,0,5,1693,0,1698,G
2-PB1,1062,1703,0,0,0,1703,A
2-PB1,1063,0,1700,0,0,1700,T
2-PB1,1064,1706,0,1,0,1707,A
2-PB1,1065,1,0,0,1707,1708,C
2-PB1,1066,1722,0,0,0,1722,A
2-PB1,1067,0,1710,0,0,1710,T
2-PB1,1068,1,0,1726,0,1727,G
2-PB1,1069,0,1688,0,1,1689,T
2-PB1,1070,0,1686,0,0,1686,T
2-PB1,1071,9,0,0,1678,1687,C
2-PB1,1072,0,6,1689,0,1695,G
2-PB1,1073,1687,0,3,0,1690,A
2-PB1,1074,0,8,1724,0,1732,G
2-PB1,1075,1701,0,0,0,1701,A
2-PB1,1076,2,0,1733,0,1735,G
2-PB1,1077,0,1717,0,0,1717,T
2-PB1,1078,1732,0,0,0,1732,A
2-PB1,1079,1730,0,3,0,1733,A
2-PB1,1080,1,12,1718,0,1731,G
2-PB1,1081,1724,0,1,0,1725,A
2-PB1,1082,0,0,1747,0,1747,G
2-PB1,1083,1721,1,1,0,1723,A
2-PB1,1084,1720,0,1,1,1722,A
2-PB1,1085,0,1705,0,0,1705,T
2-PB1,1086,2,5,1694,0,1701,G
2-PB1,1087,1691,0,3,0,1694,A
2-PB1,1088,1680,0,1,0,1681,A
2-PB1,1089,0,0,1684,0,1684,G
2-PB1,1090,1,0,0,1668,1669,C
2-PB1,1091,0,1637,0,0,1637,T
2-PB1,1092,3,1,0,1646,1650,C
2-PB1,1093,4,2,1,1659,1666,C
2-PB1,1094,3,0,1666,0,1669,G
2-PB1,1095,0,11,1662,0,1673,G
2-PB1,1096,1684,1,2,0,1687,A
2-PB1,1097,1,0,0,1708,1709,C
2-PB1,1098,1707,0,2,0,1709,A
2-PB1,1099,1,0,0,1732,1733,C
2-PB1,1100,1731,1,0,0,1732,A
2-PB1,1101,1727,1,6,0,1734,A
2-PB1,1102,1731,1,0,0,1732,A
2-PB1,1103,1,1725,0,0,1726,T
2-PB1,1104,1719,0,1,0,1720,A
2-PB1,1105,3,0,0,1722,1725,C
2-PB1,1106,3,0,0,1696,1699,C
2-PB1,1107,1,1689,0,1,1691,T
2-PB1,1108,0,0,1707,0,1707,G
2-PB1,1109,0,0,0,1704,1704,C
2-PB1,1110,1715,0,0,0,1715,A
2-PB1,1111,0,2,1714,0,1716,G
2-PB1,1112,1703,0,0,0,1703,A
2-PB1,1113,1701,0,0,0,1701,A
2-PB1,1114,1721,0,0,0,1721,A
2-PB1,1115,0,1710,0,0,1710,T
2-PB1,1116,0,1,1707,0,1708,G
2-PB1,1117,1,0,0,1687,1688,C
2-PB1,1118,0,1703,0,1,1704,T
2-PB1,1119,1730,0,0,0,1730,A
2-PB1,1120,0,0,1718,0,1718,G
2-PB1,1121,1,1,0,1716,1718,C
2-PB1,1122,1726,0,2,0,1728,A
2-PB1,1123,1729,0,1,0,1730,A
2-PB1,1124,0,0,1716,0,1716,G
2-PB1,1125,0,0,0,1710,1710,C
2-PB1,1126,1706,0,0,0,1706,A
2-PB1,1127,1,1731,0,0,1732,T
2-PB1,1128,0,1736,0,0,1736,T
2-PB1,1129,0,5,1782,0,1787,G
2-PB1,1130,1792,0,1,0,1793,A
2-PB1,1131,0,2,0,1773,1775,C
2-PB1,1132,5,1,0,1787,1793,C
2-PB1,1133,0,1765,0,2,1767,T
2-PB1,1134,0,6,1787,0,1793,G
2-PB1,1135,1799,0,0,0,1799,A
2-PB1,1136,1802,0,0,0,1802,A
2-PB1,1137,0,0,1826,0,1826,G
2-PB1,1138,1,1778,0,1,1780,T
2-PB1,1139,1803,0,1,0,1804,A
2-PB1,1140,0,1789,0,1,1790,T
2-PB1,1141,0,1787,0,0,1787,T
2-PB1,1142,1,1778,1,1,1781,T
2-PB1,1143,3,0,0,1775,1778,C
2-PB1,1144,1772,0,1,0,1773,A
2-PB1,1145,1776,0,0,0,1776,A
2-PB1,1146,0,1758,0,1,1759,T
2-PB1,1147,1,13,1740,0,1754,G
2-PB1,1148,1754,0,0,0,1754,A
2-PB1,1149,1752,0,0,0,1752,A
2-PB1,1150,0,1721,1,4,1726,T
2-PB1,1151,9,1,0,1742,1752,C
2-PB1,1152,1755,0,2,0,1757,A
2-PB1,1153,1756,0,1,0,1757,A
2-PB1,1154,0,1,0,1750,1751,C
2-PB1,1155,1753,1,0,0,1754,A
2-PB1,1156,1746,1,0,0,1747,A
2-PB1,1157,1,4,1743,0,1748,G
2-PB1,1158,2,2,1749,0,1753,G
2-PB1,1159,1750,0,0,0,1750,A
2-PB1,1160,1751,0,2,0,1753,A
2-PB1,1161,0,4,1756,0,1760,G
2-PB1,1162,1763,0,0,0,1763,A
2-PB1,1163,1760,0,0,0,1760,A
2-PB1,1164,1758,0,0,0,1758,A
2-PB1,1165,1765,0,0,0,1765,A
2-PB1,1166,1,1759,1,0,1761,T
2-PB1,1167,0,1756,0,0,1756,T
2-PB1,1168,0,11,1747,0,1758,G
2-PB1,1169,1749,0,0,0,1749,A
2-PB1,1170,0,6,1749,0,1755,G
2-PB1,1171,1757,0,1,0,1758,A
2-PB1,1172,1762,0,1,0,1763,A
2-PB1,1173,1797,0,0,0,1797,A
2-PB1,1174,1795,0,0,1,1796,A
2-PB1,1175,0,1790,0,1,1791,T
2-PB1,1176,1793,0,1,0,1794,A
2-PB1,1177,1792,1,1,1,1795,A
2-PB1,1178,0,3,1780,0,1783,G
2-PB1,1179,0,1,1779,0,1780,G
2-PB1,1180,1,0,0,1759,1760,C
2-PB1,1181,5,0,0,1781,1786,C
2-PB1,1182,0,1790,0,1,1791,T
2-PB1,1183,2,0,0,2046,2048,C
2-PB1,1184,0,2068,0,1,2069,T
2-PB1,1185,1,2068,0,0,2069,T
2-PB1,1186,5,137,0,1960,2102,C
2-PB1,1187,0,2094,1,0,2095,T
2-PB1,1188,2111,0,0,0,2111,A
2-PB1,1189,2106,0,0,0,2106,A
2-PB1,1190,0,2104,0,0,2104,T
2-PB1,1191,2077,0,0,0,2077,A
2-PB1,1192,0,2,2021,1,2024,G
2-PB1,1193,1872,0,0,0,1872,A
2-PB1,1194,0,1828,0,32,1860,T
2-PB1,1195,0,6,1825,1,1832,G
2-PB1,1196,0,2,1840,0,1842,G
2-PB1,1197,0,2,0,1849,1851,C
2-PB1,1198,1857,0,1,0,1858,A
2-PB1,1199,0,0,0,1859,1859,C
2-PB1,1200,1840,0,0,0,1840,A
2-PB1,1201,1,1,1899,0,1901,G
2-PB1,1202,0,2,0,1898,1900,C
2-PB1,1203,1910,0,1,0,1911,A
2-PB1,1204,0,1931,0,1,1932,T
2-PB1,1205,3,1,0,1913,1917,C
2-PB1,1206,1939,0,0,0,1939,A
2-PB1,1207,0,1926,0,0,1926,T
2-PB1,1208,0,1918,0,0,1918,T
2-PB1,1209,0,7,1909,0,1916,G
2-PB1,1210,1850,0,0,0,1850,A
2-PB1,1211,0,1,1878,0,1879,G
2-PB1,1212,0,1,0,1865,1866,C
2-PB1,1213,3,0,0,1857,1860,C
2-PB1,1214,3,0,0,1885,1888,C
2-PB1,1215,0,1890,0,4,1894,T
2-PB1,1216,1,3,2024,0,2028,G
2-PB1,1217,0,5,2065,0,2070,G
2-PB1,1218,2053,0,2,0,2055,A
2-PB1,1219,2113,1,0,0,2114,A
2-PB1,1220,0,2073,0,1,2074,T
2-PB1,1221,2,9,2141,0,2152,G
2-PB1,1222,2176,0,0,0,2176,A
2-PB1,1223,0,2189,0,0,2189,T
2-PB1,1224,0,8,2188,0,2196,G
2-PB1,1225,2172,0,0,0,2172,A
2-PB1,1226,0,2157,0,1,2158,T
2-PB1,1227,0,8,2144,0,2152,G
2-PB1,1228,1,6,2155,0,2162,G
2-PB1,1229,0,1,2143,0,2144,G
2-PB1,1230,1,0,0,2154,2155,C
2-PB1,1231,2172,0,1,0,2173,A
2-PB1,1232,0,2178,0,2,2180,T
2-PB1,1233,0,1,2230,0,2231,G
2-PB1,1234,0,2239,0,2,2241,T
2-PB1,1235,0,2248,0,1,2249,T
2-PB1,1236,18,0,0,2231,2249,C
2-PB1,1237,2244,0,0,0,2244,A
2-PB1,1238,2241,0,0,0,2241,A
2-PB1,1239,0,0,0,2248,2248,C
2-PB1,1240,2252,0,1,0,2253,A
2-PB1,1241,0,2248,0,2,2250,T
2-PB1,1242,0,0,2272,0,2272,G
2-PB1,1243,0,0,0,2266,2266,C
2-PB1,1244,0,2288,0,1,2289,T
2-PB1,1245,2314,0,0,0,2314,A
2-PB1,1246,2307,0,0,0,2307,A
2-PB1,1247,1,0,2350,0,2351,G
2-PB1,1248,0,2333,0,0,2333,T
2-PB1,1249,2322,0,0,1,2323,A
2-PB1,1250,0,2,0,2355,2357,C
2-PB1,1251,0,3,2341,0,2344,G
2-PB1,1252,0,1,2442,0,2443,G
2-PB1,1253,0,2422,1,1,2424,T
2-PB1,1254,0,2425,0,1,2426,T
2-PB1,1255,1,2430,0,0,2431,T
2-PB1,1256,0,2427,0,0,2427,T
2-PB1,1257,2430,0,0,1,2431,A
2-PB1,1258,0,2,2419,0,2421,G
2-PB1,1259,0,7,2400,1,2408,G
2-PB1,1260,2405,0,1,0,2406,A
2-PB1,1261,3,1,2386,0,2390,G
2-PB1,1262,0,2391,0,1,2392,T
2-PB1,1263,8,0,0,2381,2389,C
2-PB1,1264,0,2392,0,3,2395,T
2-PB1,1265,10,0,0,2409,2419,C
2-PB1,1266,1,9,2412,0,2422,G
2-PB1,1267,2469,0,5,0,2474,A
2-PB1,1268,0,2499,0,0,2499,T
2-PB1,1269,2489,0,2,0,2491,A
2-PB1,1270,1,0,0,2498,2499,C
2-PB1,1271,0,2483,1,2,2486,T
2-PB1,1272,0,11,2488,0,2499,G
2-PB1,1273,2491,0,0,0,2491,A
2-PB1,1274,2520,0,0,1,2521,A
2-PB1,1275,1,2532,0,0,2533,T
2-PB1,1276,4,0,0,2479,2483,C
2-PB1,1277,0,2477,0,1,2478,T
2-PB1,1278,0,2477,0,1,2478,T
2-PB1,1279,0,8,2473,0,2481,G
2-PB1,1280,0,8,2476,0,2484,G
2-PB1,1281,2447,1,3,0,2451,A
2-PB1,1282,1,0,0,2485,2486,C
2-PB1,1283,2464,0,0,1,2465,A
2-PB1,1284,2478,0,2,0,2480,A
2-PB1,1285,2464,0,1,0,2465,A
2-PB1,1286,2487,0,1,0,2488,A
2-PB1,1287,1,8,2535,0,2544,G
2-PB1,1288,2541,0,1,0,2542,A
2-PB1,1289,2541,0,1,0,2542,A
2-PB1,1290,2551,0,1,0,2552,A
2-PB1,1291,0,2539,0,0,2539,T
2-PB1,1292,2529,0,1,0,2530,A
2-PB1,1293,0,0,0,2615,2615,C
2-PB1,1294,2580,1,1,0,2582,A
2-PB1,1295,0,0,0,2609,2609,C
2-PB1,1296,7,1,0,2584,2592,C
2-PB1,1297,2581,0,0,0,2581,A
2-PB1,1298,2611,0,1,0,2612,A
2-PB1,1299,0,11,2659,0,2670,G
2-PB1,1300,2697,0,3,0,2700,A
2-PB1,1301,1,0,0,2739,2740,C
2-PB1,1302,2701,0,1,0,2702,A
2-PB1,1303,2758,0,2,0,2760,A
2-PB1,1304,1,0,0,2781,2782,C
2-PB1,1305,2813,0,3,0,2816,A
2-PB1,1306,0,2803,0,0,2803,T
2-PB1,1307,2797,0,1,0,2798,A
2-PB1,1308,0,0,0,2833,2833,C
2-PB1,1309,0,2747,0,2,2749,T
2-PB1,1310,2,5,2794,0,2801,G
2-PB1,1311,2,1,2774,0,2777,G
2-PB1,1312,0,2700,0,3,2703,T
2-PB1,1313,0,11,2710,1,2722,G
2-PB1,1314,1,6,2664,1,2672,G
2-PB1,1315,0,1,2697,0,2698,G
2-PB1,1316,2683,0,0,0,2683,A
2-PB1,1317,0,2646,0,1,2647,T
2-PB1,1318,0,5,2644,0,2649,G
2-PB1,1319,2,3,2612,0,2617,G
2-PB1,1320,0,1,2633,0,2634,G
2-PB1,1321,0,2,0,2679,2681,C
2-PB1,1322,0,2654,0,1,2655,T
2-PB1,1323,6,0,0,2703,2709,C
2-PB1,1324,6,0,0,2694,2700,C
2-PB1,1325,2711,1,0,0,2712,A
2-PB1,1326,2702,0,0,0,2702,A
2-PB1,1327,1,2683,0,0,2684,T
2-PB1,1328,3,0,4,2679,2686,C
2-PB1,1329,6,1,0,2658,2665,C
2-PB1,1330,0,2634,0,0,2634,T
2-PB1,1331,5,0,0,2625,2630,C
2-PB1,1332,1,2,0,2629,2632,C
2-PB1,1333,2,11,2635,0,2648,G
2-PB1,1334,2635,0,1,0,2636,A
2-PB1,1335,0,0,0,2658,2658,C
2-PB1,1336,1,12,2656,0,2669,G
2-PB1,1337,2657,1,0,1,2659,A
2-PB1,1338,0,2674,0,0,2674,T
2-PB1,1339,0,2664,0,1,2665,T
2-PB1,1340,1,2676,0,1,2678,T
2-PB1,1341,0,2676,0,1,2677,T
2-PB1,1342,1,6,2673,0,2680,G
2-PB1,1343,0,2,0,2670,2672,C
2-PB1,1344,10,1,0,2667,2678,C
2-PB1,1345,1,0,0,2763,2764,C
2-PB1,1346,0,2747,0,6,2753,T
2-PB1,1347,9,2,0,2830,2841,C
2-PB1,1348,2873,0,0,0,2873,A
2-PB1,1349,0,2879,0,2,2881,T
2-PB1,1350,2871,0,3,1,2875,A
2-PB1,1351,0,1,2887,0,2888,G
2-PB1,1352,0,2853,0,1,2854,T
2-PB1,1353,1,8,2869,0,2878,G
2-PB1,1354,2782,0,1,0,2783,A
2-PB1,1355,2784,0,1,0,2785,A
2-PB1,1356,2,2698,0,0,2700,T
2-PB1,1357,2,1,2700,0,2703,G
2-PB1,1358,2,3,0,2706,2711,C
2-PB1,1359,2695,0,0,1,2696,A
2-PB1,1360,0,2,0,2729,2731,C
2-PB1,1361,12,0,0,2699,2711,C
2-PB1,1362,2708,0,0,0,2708,A
2-PB1,1363,2704,0,0,0,2704,A
2-PB1,1364,2689,0,0,1,2690,A
2-PB1,1365,0,2655,0,2,2657,T
2-PB1,1366,16,0,0,2740,2756,C
2-PB1,1367,2746,0,0,0,2746,A
2-PB1,1368,0,2755,0,0,2755,T
2-PB1,1369,0,11,2747,0,2758,G
2-PB1,1370,2758,0,3,0,2761,A
2-PB1,1371,1,5,2774,0,2780,G
2-PB1,1372,0,4,2755,0,2759,G
2-PB1,1373,1,14,2749,0,2764,G
2-PB1,1374,2744,0,5,0,2749,A
2-PB1,1375,2804,0,0,0,2804,A
2-PB1,1376,0,2822,0,0,2822,T
2-PB1,1377,2813,1,1,0,2815,A
2-PB1,1378,2,2,0,2840,2844,C
2-PB1,1379,2879,0,3,0,2882,A
2-PB1,1380,2865,0,4,0,2869,A
2-PB1,1381,0,2,2852,0,2854,G
2-PB1,1382,1,0,0,2834,2835,C
2-PB1,1383,2682,0,147,0,2829,A
2-PB1,1384,0,3,2866,0,2869,G
2-PB1,1385,1,12,2855,0,2868,G
2-PB1,1386,2826,1,1,0,2828,A
2-PB1,1387,1,1,2870,0,2872,G
2-PB1,1388,0,2778,0,1,2779,T
2-PB1,1389,2,5,2804,0,2811,G
2-PB1,1390,0,4,2819,0,2823,G
2-PB1,1391,2806,0,4,0,2810,A
2-PB1,1392,0,2818,0,1,2819,T
2-PB1,1393,2806,0,0,0,2806,A
2-PB1,1394,1,4,2821,0,2826,G
2-PB1,1395,2853,0,0,1,2854,A
2-PB1,1396,0,2855,0,0,2855,T
2-PB1,1397,1,2858,0,1,2860,T
2-PB1,1398,8,0,0,2913,2921,C
2-PB1,1399,1,2897,0,1,2899,T
2-PB1,1400,2910,0,0,0,2910,A
2-PB1,1401,2,1,0,2918,2921,C
2-PB1,1402,2861,0,4,0,2865,A
2-PB1,1403,0,8,2848,0,2856,G
2-PB1,1404,0,13,2791,0,2804,G
2-PB1,1405,2838,0,4,1,2843,A
2-PB1,1406,6,1,0,2846,2853,C
2-PB1,1407,4,1,0,2806,2811,C
2-PB1,1408,1,2792,0,3,2796,T
2-PB1,1409,1,0,2809,0,2810,G
2-PB1,1410,2,0,0,2809,2811,C
2-PB1,1411,2826,0,1,1,2828,A
2-PB1,1412,2844,0,2,1,2847,A
2-PB1,1413,1,1,2864,0,2866,G
2-PB1,1414,0,2817,0,0,2817,T
2-PB1,1415,0,2838,0,0,2838,T
2-PB1,1416,2795,0,0,1,2796,A
2-PB1,1417,0,2,2807,0,2809,G
2-PB1,1418,0,2777,0,0,2777,T
2-PB1,1419,1,4,2775,0,2780,G
2-PB1,1420,1,4,2769,0,2774,G
2-PB1,1421,3,10,2778,0,2791,G
2-PB1,1422,2766,0,3,1,2770,A
2-PB1,1423,2781,0,0,0,2781,A
2-PB1,1424,0,2775,0,4,2779,T
2-PB1,1425,25,0,0,2767,2792,C
2-PB1,1426,2789,1,4,0,2794,A
2-PB1,1427,2793,0,3,0,2796,A
2-PB1,1428,1,0,0,2793,2794,C
2-PB1,1429,2786,0,1,0,2787,A
2-PB1,1430,0,2728,0,0,2728,T
2-PB1,1431,0,18,2720,0,2738,G
2-PB1,1432,2730,0,3,0,2733,A
2-PB1,1433,0,1,2750,0,2751,G
2-PB1,1434,4,0,0,2732,2736,C
2-PB1,1435,2747,0,1,0,2748,A
2-PB1,1436,2747,0,1,0,2748,A
2-PB1,1437,2758,0,0,0,2758,A
2-PB1,1438,2775,0,2,0,2777,A
2-PB1,1439,2786,0,0,0,2786,A
2-PB1,1440,0,3,2763,1,2767,G
2-PB1,1441,2738,0,0,0,2738,A
2-PB1,1442,2728,0,2,0,2730,A
2-PB1,1443,0,2,2801,0,2803,G
2-PB1,1444,0,2784,0,2,2786,T
2-PB1,1445,16,0,0,2781,2797,C
2-PB1,1446,7,0,0,2811,2818,C
2-PB1,1447,0,2821,0,2,2823,T
2-PB1,1448,2853,0,1,0,2854,A
2-PB1,1449,0,2830,0,0,2830,T
2-PB1,1450,2843,0,0,0,2843,A
2-PB1,1451,0,2841,0,0,2841,T
2-PB1,1452,2820,0,0,1,2821,A
2-PB1,1453,2818,0,2,0,2820,A
2-PB1,1454,2819,0,1,1,2821,A
2-PB1,1455,0,2810,1,0,2811,T
2-PB1,1456,2779,1,3,0,2783,A
2-PB1,1457,2777,0,0,0,2777,A
2-PB1,1458,2786,0,4,0,2790,A
2-PB1,1459,2780,0,0,0,2780,A
2-PB1,1460,0,0,0,2786,2786,C
2-PB1,1461,2680,0,2,0,2682,A
2-PB1,1462,0,3,2670,0,2673,G
2-PB1,1463,3,6,2656,0,2665,G
2-PB1,1464,0,9,2661,1,2671,G
2-PB1,1465,2666,0,1,0,2667,A
2-PB1,1466,1,0,0,2694,2695,C
2-PB1,1467,2679,0,1,0,2680,A
2-PB1,1468,0,2685,0,0,2685,T
2-PB1,1469,0,2688,0,1,2689,T
2-PB1,1470,0,2690,0,2,2692,T
2-PB1,1471,0,12,2656,1,2669,G
2-PB1,1472,2654,0,2,0,2656,A
2-PB1,1473,2673,0,0,0,2673,A
2-PB1,1474,0,2670,0,2,2672,T
2-PB1,1475,0,2590,0,2,2592,T
2-PB1,1476,13,1,0,2593,2607,C
2-PB1,1477,2577,0,2,0,2579,A
2-PB1,1478,1,0,0,2581,2582,C
2-PB1,1479,0,2590,0,1,2591,T
2-PB1,1480,2594,0,0,0,2594,A
2-PB1,1481,1,0,2573,0,2574,G
2-PB1,1482,0,3,0,2569,2572,C
2-PB1,1483,0,2558,0,3,2561,T
2-PB1,1484,0,2584,0,0,2584,T
2-PB1,1485,1,2582,0,2,2585,T
2-PB1,1486,0,2591,0,0,2591,T
2-PB1,1487,1,2582,0,0,2583,T
2-PB1,1488,0,2581,0,1,2582,T
2-PB1,1489,0,2577,0,0,2577,T
2-PB1,1490,2558,2,1,0,2561,A
2-PB1,1491,0,2541,0,0,2541,T
2-PB1,1492,8,0,0,2558,2566,C
2-PB1,1493,1,5,2581,0,2587,G
2-PB1,1494,2647,0,0,0,2647,A
2-PB1,1495,1,2655,0,1,2657,T
2-PB1,1496,2649,0,0,0,2649,A
2-PB1,1497,0,2689,0,3,2692,T
2-PB1,1498,0,7,2660,0,2667,G
2-PB1,1499,0,5,2685,0,2690,G
2-PB1,1500,2685,0,0,0,2685,A
2-PB1,1501,0,2632,0,0,2632,T
2-PB1,1502,0,2642,0,0,2642,T
2-PB1,1503,0,2585,0,0,2585,T
2-PB1,1504,6,1,2589,0,2596,G
2-PB1,1505,0,2557,0,0,2557,T
2-PB1,1506,1,5,2556,0,2562,G
2-PB1,1507,0,0,2549,1,2550,G
2-PB1,1508,2,0,0,2495,2497,C
2-PB1,1509,0,2557,0,1,2558,T
2-PB1,1510,2567,0,0,0,2567,A
2-PB1,1511,2581,0,0,0,2581,A
2-PB1,1512,0,2578,0,0,2578,T
2-PB1,1513,0,2596,0,0,2596,T
2-PB1,1514,0,2599,1,0,2600,T
2-PB1,1515,0,2603,1,0,2604,T
2-PB1,1516,2597,0,4,1,2602,A
2-PB1,1517,1,1,2607,0,2609,G
2-PB1,1518,3,1,0,2610,2614,C
2-PB1,1519,2616,0,0,0,2616,A
2-PB1,1520,0,2595,0,0,2595,T
2-PB1,1521,0,4,2556,0,2560,G
2-PB1,1522,1,14,2561,0,2576,G
2-PB1,1523,2576,0,0,0,2576,A
2-PB1,1524,1,0,2558,0,2559,G
2-PB1,1525,0,1,0,2548,2549,C
2-PB1,1526,0,2553,0,0,2553,T
2-PB1,1527,1,1,2555,0,2557,G
2-PB1,1528,1,0,0,2509,2510,C
2-PB1,1529,4,5,0,2512,2521,C
2-PB1,1530,6,0,0,2560,2566,C
2-PB1,1531,2514,0,1,0,2515,A
2-PB1,1532,0,0,2626,0,2626,G
2-PB1,1533,0,2618,0,1,2619,T
2-PB1,1534,0,2612,1,0,2613,T
2-PB1,1535,0,2636,0,0,2636,T
2-PB1,1536,0,2608,1,0,2609,T
2-PB1,1537,2,4,2592,0,2598,G
2-PB1,1538,0,5,2589,0,2594,G
2-PB1,1539,2563,0,2,1,2566,A
2-PB1,1540,0,1,2581,0,2582,G
2-PB1,1541,0,2419,0,0,2419,T
2-PB1,1542,1,1,2494,0,2496,G
2-PB1,1543,0,2469,0,1,2470,T
2-PB1,1544,15,0,0,2463,2478,C
2-PB1,1545,0,2498,0,2,2500,T
2-PB1,1546,2,6,2497,0,2505,G
2-PB1,1547,2,10,2528,1,2541,G
2-PB1,1548,2538,0,0,0,2538,A
2-PB1,1549,2548,0,1,0,2549,A
2-PB1,1550,0,2540,2,0,2542,T
2-PB1,1551,2382,0,0,0,2382,A
2-PB1,1552,2390,0,0,1,2391,A
2-PB1,1553,2374,0,1,0,2375,A
2-PB1,1554,2,1,0,2383,2386,C
2-PB1,1555,0,7,2350,0,2357,G
2-PB1,1556,2329,1,4,0,2334,A
2-PB1,1557,1,1,2326,0,2328,G
2-PB1,1558,0,2312,0,0,2312,T
2-PB1,1559,10,0,0,2329,2339,C
2-PB1,1560,2353,0,1,0,2354,A
2-PB1,1561,2,0,2356,0,2358,G
2-PB1,1562,3,1,1,2360,2365,C
2-PB1,1563,0,2373,0,2,2375,T
2-PB1,1564,0,7,2422,0,2429,G
2-PB1,1565,2400,0,2,0,2402,A
2-PB1,1566,1,2405,0,0,2406,T
2-PB1,1567,2413,0,2,0,2415,A
2-PB1,1568,0,2387,0,0,2387,T
2-PB1,1569,0,14,2390,0,2404,G
2-PB1,1570,2317,0,0,0,2317,A
2-PB1,1571,0,2,2357,0,2359,G
2-PB1,1572,2,2,0,2348,2352,C
2-PB1,1573,2259,1,3,0,2263,A
2-PB1,1574,0,2254,0,0,2254,T
2-PB1,1575,0,2255,0,1,2256,T
2-PB1,1576,0,2,2280,0,2282,G
2-PB1,1577,1,11,2347,0,2359,G
2-PB1,1578,2318,0,3,0,2321,A
2-PB1,1579,1,0,2339,0,2340,G
2-PB1,1580,0,2261,0,2,2263,T
2-PB1,1581,2278,0,0,0,2278,A
2-PB1,1582,2271,0,2,0,2273,A
2-PB1,1583,2,0,0,2278,2280,C
2-PB1,1584,2274,0,0,0,2274,A
2-PB1,1585,0,1,2312,0,2313,G
2-PB1,1586,0,2119,0,0,2119,T
2-PB1,1587,0,6,2148,0,2154,G
2-PB1,1588,2176,0,1,0,2177,A
2-PB1,1589,0,2176,0,0,2176,T
2-PB1,1590,2185,0,0,0,2185,A
2-PB1,1591,2167,0,0,0,2167,A
2-PB1,1592,2124,1,3,0,2128,A
2-PB1,1593,1,8,2133,0,2142,G
2-PB1,1594,2040,0,0,0,2040,A
2-PB1,1595,2048,1,0,0,2049,A
2-PB1,1596,0,0,0,2064,2064,C
2-PB1,1597,1992,1,0,0,1993,A
2-PB1,1598,2003,0,1,0,2004,A
2-PB1,1599,0,0,0,2012,2012,C
2-PB1,1600,2025,1,2,0,2028,A
2-PB1,1601,0,2003,2,0,2005,T
2-PB1,1602,0,11,1989,0,2000,G
2-PB1,1603,1990,0,2,0,1992,A
2-PB1,1604,0,1997,0,0,1997,T
2-PB1,1605,1973,0,0,1,1974,A
2-PB1,1606,1988,0,1,0,1989,A
2-PB1,1607,1982,0,0,0,1982,A
2-PB1,1608,1,0,0,2004,2005,C
2-PB1,1609,1938,1,0,0,1939,A
2-PB1,1610,1928,0,0,1,1929,A
2-PB1,1611,0,1893,0,0,1893,T
2-PB1,1612,2,15,1873,0,1890,G
2-PB1,1613,1924,0,1,0,1925,A
2-PB1,1614,1,0,0,1936,1937,C
2-PB1,1615,5,2,0,1895,1902,C
2-PB1,1616,0,1855,0,1,1856,T
2-PB1,1617,0,1816,0,1,1817,T
2-PB1,1618,0,5,1821,0,1826,G
2-PB1,1619,1,12,1824,0,1837,G
2-PB1,1620,1845,0,3,0,1848,A
2-PB1,1621,0,0,0,1831,1831,C
2-PB1,1622,3,2,1,1811,1817,C
2-PB1,1623,1810,0,0,2,1812,A
2-PB1,1624,2,2,1812,0,1816,G
2-PB1,1625,2,0,0,1821,1823,C
2-PB1,1626,1834,1,1,0,1836,A
2-PB1,1627,1827,0,0,0,1827,A
2-PB1,1628,0,0,0,1818,1818,C
2-PB1,1629,1804,0,1,0,1805,A
2-PB1,1630,0,2,1826,0,1828,G
2-PB1,1631,1,0,0,1817,1818,C
2-PB1,1632,2,0,0,1826,1828,C
2-PB1,1633,11,1,0,1823,1835,C
2-PB1,1634,1862,0,0,0,1862,A
2-PB1,1635,1844,0,2,0,1846,A
2-PB1,1636,1853,0,0,0,1853,A
2-PB1,1637,0,1840,0,0,1840,T
2-PB1,1638,1,6,1823,0,1830,G
2-PB1,1639,0,0,1778,0,1778,G
2-PB1,1640,0,0,0,1795,1795,C
2-PB1,1641,0,1769,0,2,1771,T
2-PB1,1642,4,1,0,1820,1825,C
2-PB1,1643,1,1799,1,5,1806,T
2-PB1,1644,6,0,0,1821,1827,C
2-PB1,1645,3,0,0,1846,1849,C
2-PB1,1646,1864,0,0,0,1864,A
2-PB1,1647,1863,0,1,0,1864,A
2-PB1,1648,0,1856,0,1,1857,T
2-PB1,1649,0,1842,0,0,1842,T
2-PB1,1650,1,3,1853,0,1857,G
2-PB1,1651,0,1813,0,0,1813,T
2-PB1,1652,0,1811,0,2,1813,T
2-PB1,1653,19,6,0,1798,1823,C
2-PB1,1654,1830,0,1,1,1832,A
2-PB1,1655,0,1814,0,0,1814,T
2-PB1,1656,6,1,0,1820,1827,C
2-PB1,1657,1838,0,0,0,1838,A
2-PB1,1658,1831,1,0,0,1832,A
2-PB1,1659,1820,0,4,0,1824,A
2-PB1,1660,0,2,1854,0,1856,G
2-PB1,1661,1854,0,0,0,1854,A
2-PB1,1662,0,1853,0,1,1854,T
2-PB1,1663,0,1858,0,0,1858,T
2-PB1,1664,1872,1,2,0,1875,A
2-PB1,1665,0,0,0,1888,1888,C
2-PB1,1666,1898,0,2,0,1900,A
2-PB1,1667,0,3,1930,0,1933,G
2-PB1,1668,1918,0,4,0,1922,A
2-PB1,1669,0,1936,0,0,1936,T
2-PB1,1670,1945,0,1,0,1946,A
2-PB1,1671,0,1,0,2053,2054,C
2-PB1,1672,2062,0,1,0,2063,A
2-PB1,1673,0,1,0,2186,2187,C
2-PB1,1674,2156,0,3,0,2159,A
2-PB1,1675,0,2164,0,0,2164,T
2-PB1,1676,2148,0,0,0,2148,A
2-PB1,1677,0,2140,0,1,2141,T
2-PB1,1678,2096,0,2,0,2098,A
2-PB1,1679,1,5,2079,0,2085,G
2-PB1,1680,0,0,2021,0,2021,G
2-PB1,1681,1,1935,0,2,1938,T
2-PB1,1682,1,1,1927,0,1929,G
2-PB1,1683,0,2,0,1969,1971,C
2-PB1,1684,5,2,0,1975,1982,C
2-PB1,1685,2025,0,0,0,2025,A
2-PB1,1686,1,2028,0,0,2029,T
2-PB1,1687,2030,0,0,0,2030,A
2-PB1,1688,1,3,2043,0,2047,G
2-PB1,1689,1998,0,2,0,2000,A
2-PB1,1690,0,2,2005,0,2007,G
2-PB1,1691,0,7,1980,0,1987,G
2-PB1,1692,1917,0,4,0,1921,A
2-PB1,1693,0,11,1927,0,1938,G
2-PB1,1694,1919,0,4,0,1923,A
2-PB1,1695,0,1,0,1928,1929,C
2-PB1,1696,1915,1,3,0,1919,A
2-PB1,1697,0,0,0,1936,1936,C
2-PB1,1698,1941,0,3,1,1945,A
2-PB1,1699,0,0,1,1947,1948,C
2-PB1,1700,1940,0,0,0,1940,A
2-PB1,1701,1945,0,1,0,1946,A
2-PB1,1702,1951,0,0,0,1951,A
2-PB1,1703,1,1935,0,0,1936,T
2-PB1,1704,4,0,0,1934,1938,C
2-PB1,1705,5,0,0,1950,1955,C
2-PB1,1706,1931,0,1,0,1932,A
2-PB1,1707,0,3,1922,0,1925,G
2-PB1,1708,1914,2,0,0,1916,A
2-PB1,1709,0,0,0,1926,1926,C
2-PB1,1710,0,10,1926,0,1936,G
2-PB1,1711,1900,0,0,0,1900,A
2-PB1,1712,0,3,1927,0,1930,G
2-PB1,1713,1914,1,1,0,1916,A
2-PB1,1714,1928,0,1,0,1929,A
2-PB1,1715,0,7,1923,1,1931,G
2-PB1,1716,1923,1,1,0,1925,A
2-PB1,1717,1,1917,0,1,1919,T
2-PB1,1718,11,1,0,1894,1906,C
2-PB1,1719,1919,1,0,0,1920,A
2-PB1,1720,0,1904,1,0,1905,T
2-PB1,1721,0,1901,0,0,1901,T
2-PB1,1722,5,0,0,1918,1923,C
2-PB1,1723,1,4,1919,0,1924,G
2-PB1,1724,1898,0,0,0,1898,A
2-PB1,1725,0,1,1910,0,1911,G
2-PB1,1726,1876,0,1,0,1877,A
2-PB1,1727,0,1951,0,0,1951,T
2-PB1,1728,1956,0,0,0,1956,A
2-PB1,1729,1962,0,0,0,1962,A
2-PB1,1730,1960,0,2,0,1962,A
2-PB1,1731,0,4,1949,0,1953,G
2-PB1,1732,1957,0,0,0,1957,A
2-PB1,1733,1908,0,0,0,1908,A
2-PB1,1734,0,0,1930,0,1930,G
2-PB1,1735,1,1,0,1908,1910,C
2-PB1,1736,0,1904,0,1,1905,T
2-PB1,1737,0,0,1916,1,1917,G
2-PB1,1738,0,1893,0,0,1893,T
2-PB1,1739,1,7,1887,0,1895,G
2-PB1,1740,1,2,1874,0,1877,G
2-PB1,1741,1,8,1881,1,1891,G
2-PB1,1742,1905,0,3,0,1908,A
2-PB1,1743,1,1877,0,2,1880,T
2-PB1,1744,6,0,0,1869,1875,C
2-PB1,1745,1886,0,0,0,1886,A
2-PB1,1746,1893,0,0,0,1893,A
2-PB1,1747,1877,0,0,0,1877,A
2-PB1,1748,2,0,0,1893,1895,C
2-PB1,1749,7,0,0,1880,1887,C
2-PB1,1750,4,0,0,1890,1894,C
2-PB1,1751,1900,0,0,0,1900,A
2-PB1,1752,1920,0,2,0,1922,A
2-PB1,1753,0,1906,0,0,1906,T
2-PB1,1754,10,0,0,1915,1925,C
2-PB1,1755,1914,0,1,1,1916,A
2-PB1,1756,1898,0,1,0,1899,A
2-PB1,1757,1,3,1917,0,1921,G
2-PB1,1758,0,9,1897,0,1906,G
2-PB1,1759,0,1,1901,0,1902,G
2-PB1,1760,1,0,10,1907,1918,C
2-PB1,1761,1893,0,1,0,1894,A
2-PB1,1762,0,6,1940,0,1946,G
2-PB1,1763,0,10,1945,0,1955,G
2-PB1,1764,1967,0,0,0,1967,A
2-PB1,1765,0,1,0,1987,1988,C
2-PB1,1766,0,1954,0,0,1954,T
2-PB1,1767,1990,1,1,0,1992,A
2-PB1,1768,0,1991,0,1,1992,T
2-PB1,1769,0,1991,1,0,1992,T
2-PB1,1770,1,6,1996,0,2003,G
2-PB1,1771,0,0,1977,0,1977,G
2-PB1,1772,0,1943,0,1,1944,T
2-PB1,1773,1968,0,1,0,1969,A
2-PB1,1774,1,1944,0,3,1948,T
2-PB1,1775,3,1,1,1946,1951,C
2-PB1,1776,1925,0,1,0,1926,A
2-PB1,1777,1,2,1936,0,1939,G
2-PB1,1778,1921,0,1,0,1922,A
2-PB1,1779,0,1923,0,1,1924,T
2-PB1,1780,0,4,1857,0,1861,G
2-PB1,1781,0,1,1847,0,1848,G
2-PB1,1782,1,4,1843,0,1848,G
2-PB1,1783,0,6,1846,0,1852,G
2-PB1,1784,1,7,1859,0,1867,G
2-PB1,1785,1858,1,2,0,1861,A
2-PB1,1786,1,0,0,1848,1849,C
2-PB1,1787,10,0,0,1843,1853,C
2-PB1,1788,1874,0,1,0,1875,A
2-PB1,1789,2000,0,0,0,2000,A
2-PB1,1790,2005,0,0,0,2005,A
2-PB1,1791,0,0,0,2040,2040,C
2-PB1,1792,0,2027,0,1,2028,T
2-PB1,1793,1,2031,0,0,2032,T
2-PB1,1794,2036,0,1,0,2037,A
2-PB1,1795,0,2028,1,0,2029,T
2-PB1,1796,2033,0,2,0,2035,A
2-PB1,1797,1,0,0,2038,2039,C
2-PB1,1798,1911,0,0,0,1911,A
2-PB1,1799,1909,0,0,0,1909,A
2-PB1,1800,0,1882,0,0,1882,T
2-PB1,1801,1899,0,1,0,1900,A
2-PB1,1802,0,1883,0,0,1883,T
2-PB1,1803,2,0,0,1883,1885,C
2-PB1,1804,5,1,0,1881,1887,C
2-PB1,1805,0,6,1879,0,1885,G
2-PB1,1806,0,6,1885,0,1891,G
2-PB1,1807,1888,0,0,0,1888,A
2-PB1,1808,1896,0,0,0,1896,A
2-PB1,1809,0,1895,0,0,1895,T
2-PB1,1810,3,0,0,1898,1901,C
2-PB1,1811,0,1903,0,0,1903,T
2-PB1,1812,0,1900,0,1,1901,T
2-PB1,1813,3,0,0,1901,1904,C
2-PB1,1814,1889,0,2,0,1891,A
2-PB1,1815,0,1,1,1910,1912,C
2-PB1,1816,1902,0,1,0,1903,A
2-PB1,1817,0,2008,0,1,2009,T
2-PB1,1818,4,0,0,2015,2019,C
2-PB1,1819,3,0,0,2011,2014,C
2-PB1,1820,5,0,0,2028,2033,C
2-PB1,1821,1,2023,0,4,2028,T
2-PB1,1822,1,0,2037,0,2038,G
2-PB1,1823,2017,0,0,0,2017,A
2-PB1,1824,2010,0,1,0,2011,A
2-PB1,1825,0,0,2027,0,2027,G
2-PB1,1826,0,1905,0,1,1906,T
2-PB1,1827,12,0,0,1912,1924,C
2-PB1,1828,0,1889,0,1,1890,T
2-PB1,1829,1,0,1916,0,1917,G
2-PB1,1830,1,1,0,1909,1911,C
2-PB1,1831,0,1922,0,0,1922,T
2-PB1,1832,0,1931,0,2,1933,T
2-PB1,1833,1933,0,0,0,1933,A
2-PB1,1834,1927,0,1,0,1928,A
2-PB1,1835,1923,0,0,0,1923,A
2-PB1,1836,1872,0,2,0,1874,A
2-PB1,1837,0,1890,0,1,1891,T
2-PB1,1838,0,9,1874,1,1884,G
2-PB1,1839,2,5,1861,0,1868,G
2-PB1,1840,0,8,1871,0,1879,G
2-PB1,1841,1845,0,3,0,1848,A
2-PB1,1842,0,1,1884,0,1885,G
2-PB1,1843,4,0,0,1861,1865,C
2-PB1,1844,0,1871,0,2,1873,T
2-PB1,1845,1,5,1883,0,1889,G
2-PB1,1846,1866,0,1,0,1867,A
2-PB1,1847,0,1885,0,1,1886,T
2-PB1,1848,1,4,1888,0,1893,G
2-PB1,1849,0,8,1898,0,1906,G
2-PB1,1850,1888,0,1,0,1889,A
2-PB1,1851,0,1893,1,1,1895,T
2-PB1,1852,0,9,1880,0,1889,G
2-PB1,1853,1853,0,2,0,1855,A
2-PB1,1854,1,5,1889,0,1895,G
2-PB1,1855,1901,0,3,0,1904,A
2-PB1,1856,1909,0,1,0,1910,A
2-PB1,1857,0,1896,0,0,1896,T
2-PB1,1858,0,1896,0,0,1896,T
2-PB1,1859,1892,0,0,0,1892,A
2-PB1,1860,0,1877,0,0,1877,T
2-PB1,1861,4,1,0,1888,1893,C
2-PB1,1862,3,2,1885,1,1891,G
2-PB1,1863,0,1,1864,0,1865,G
2-PB1,1864,0,2,1859,0,1861,G
2-PB1,1865,0,2,1850,0,1852,G
2-PB1,1866,1862,0,1,0,1863,A
2-PB1,1867,1846,0,4,0,1850,A
2-PB1,1868,1,9,1862,0,1872,G
2-PB1,1869,1861,0,1,0,1862,A
2-PB1,1870,0,0,0,1883,1883,C
2-PB1,1871,0,1874,0,0,1874,T
2-PB1,1872,0,1928,0,0,1928,T
2-PB1,1873,1,1934,0,0,1935,T
2-PB1,1874,0,0,1937,0,1937,G
2-PB1,1875,0,1939,0,1,1940,T
2-PB1,1876,1941,0,2,0,1943,A
2-PB1,1877,1930,0,2,0,1932,A
2-PB1,1878,0,1886,0,0,1886,T
2-PB1,1879,5,0,0,1887,1892,C
2-PB1,1880,8,0,0,1887,1895,C
2-PB1,1881,2,0,0,1863,1865,C
2-PB1,1882,2,1,0,1881,1884,C
2-PB1,1883,0,1886,1,2,1889,T
2-PB1,1884,0,8,1883,0,1891,G
2-PB1,1885,1874,1,1,0,1876,A
2-PB1,1886,1881,0,0,0,1881,A
2-PB1,1887,0,1882,0,1,1883,T
2-PB1,1888,9,0,0,1854,1863,C
2-PB1,1889,5,1,0,1859,1865,C
2-PB1,1890,2,1,0,1846,1849,C
2-PB1,1891,1,1858,0,3,1862,T
2-PB1,1892,0,1866,0,0,1866,T
2-PB1,1893,0,1855,0,0,1855,T
2-PB1,1894,0,0,1865,0,1865,G
2-PB1,1895,1,1836,0,3,1840,T
2-PB1,1896,8,1,0,1843,1852,C
2-PB1,1897,1830,0,1,0,1831,A
2-PB1,1898,0,2,1854,0,1856,G
2-PB1,1899,0,1,0,1827,1828,C
2-PB1,1900,6,0,0,1839,1845,C
2-PB1,1901,1858,0,1,0,1859,A
2-PB1,1902,0,1867,0,0,1867,T
2-PB1,1903,1862,0,0,0,1862,A
2-PB1,1904,1863,1,1,0,1865,A
2-PB1,1905,1859,0,1,0,1860,A
2-PB1,1906,0,5,1882,0,1887,G
2-PB1,1907,1838,0,0,0,1838,A
2-PB1,1908,1853,0,0,0,1853,A
2-PB1,1909,1848,0,2,0,1850,A
2-PB1,1910,0,1831,0,0,1831,T
2-PB1,1911,0,1839,0,0,1839,T
2-PB1,1912,0,9,1823,1,1833,G
2-PB1,1913,1817,1,1,0,1819,A
2-PB1,1914,0,0,1846,0,1846,G
2-PB1,1915,1,1822,0,1,1824,T
2-PB1,1916,9,0,1,1830,1840,C
2-PB1,1917,0,1830,0,1,1831,T
2-PB1,1918,0,0,1866,0,1866,G
2-PB1,1919,0,1861,0,0,1861,T
2-PB1,1920,1897,0,0,0,1897,A
2-PB1,1921,1892,0,1,0,1893,A
2-PB1,1922,1886,1,0,0,1887,A
2-PB1,1923,0,1,0,1881,1882,C
2-PB1,1924,1859,0,0,0,1859,A
2-PB1,1925,1879,0,1,0,1880,A
2-PB1,1926,0,1877,0,0,1877,T
2-PB1,1927,0,1,1857,0,1858,G
2-PB1,1928,0,0,0,1872,1872,C
2-PB1,1929,0,1868,0,1,1869,T
2-PB1,1930,1,0,1924,0,1925,G
2-PB1,1931,0,1913,0,1,1914,T
2-PB1,1932,1954,0,1,0,1955,A
2-PB1,1933,1,0,1952,0,1953,G
2-PB1,1934,1,1916,0,0,1917,T
2-PB1,1935,1920,0,0,0,1920,A
2-PB1,1936,1897,0,1,0,1898,A
2-PB1,1937,0,1886,0,0,1886,T
2-PB1,1938,0,2,1873,0,1875,G
2-PB1,1939,0,0,0,1841,1841,C
2-PB1,1940,4,0,0,1820,1824,C
2-PB1,1941,1796,0,4,0,1800,A
2-PB1,1942,3,1,1826,0,1830,G
2-PB1,1943,0,0,0,1823,1823,C
2-PB1,1944,3,0,0,1817,1820,C
2-PB1,1945,1,0,0,1850,1851,C
2-PB1,1946,1830,0,1,0,1831,A
2-PB1,1947,0,1838,0,0,1838,T
2-PB1,1948,0,4,1836,0,1840,G
2-PB1,1949,1,0,1852,0,1853,G
2-PB1,1950,0,1840,0,1,1841,T
2-PB1,1951,7,0,0,1795,1802,C
2-PB1,1952,4,1,0,1785,1790,C
2-PB1,1953,1,1771,0,1,1773,T
2-PB1,1954,1,0,1787,0,1788,G
2-PB1,1955,1,0,0,1769,1770,C
2-PB1,1956,9,0,0,1773,1782,C
2-PB1,1957,1787,0,0,0,1787,A
2-PB1,1958,1759,0,0,1,1760,A
2-PB1,1959,1762,0,0,0,1762,A
2-PB1,1960,1769,0,2,0,1771,A
2-PB1,1961,0,1,1796,0,1797,G
2-PB1,1962,0,1741,0,1,1742,T
2-PB1,1963,1761,2,0,0,1763,A
2-PB1,1964,1,1762,0,0,1763,T
2-PB1,1965,0,3,1757,0,1760,G
2-PB1,1966,1,11,1774,0,1786,G
2-PB1,1967,1782,0,3,0,1785,A
2-PB1,1968,1808,0,0,0,1808,A
2-PB1,1969,0,1800,1,0,1801,T
2-PB1,1970,1772,0,0,0,1772,A
2-PB1,1971,0,1766,0,1,1767,T
2-PB1,1972,1,8,1744,0,1753,G
2-PB1,1973,1745,0,0,0,1745,A
2-PB1,1974,1,1739,0,0,1740,T
2-PB1,1975,1,2,1675,0,1678,G
2-PB1,1976,0,0,1,1683,1684,C
2-PB1,1977,6,0,0,1651,1657,C
2-PB1,1978,0,0,1682,0,1682,G
2-PB1,1979,0,1662,0,0,1662,T
2-PB1,1980,0,1659,0,1,1660,T
2-PB1,1981,0,2,1662,1,1665,G
2-PB1,1982,3,1,0,1682,1686,C
2-PB1,1983,1691,0,0,0,1691,A
2-PB1,1984,1699,0,3,0,1702,A
2-PB1,1985,0,1,0,1715,1716,C
2-PB1,1986,1,1698,0,1,1700,T
2-PB1,1987,1695,2,0,0,1697,A
2-PB1,1988,0,0,0,1707,1707,C
2-PB1,1989,1699,0,0,1,1700,A
2-PB1,1990,0,1,0,1708,1709,C
2-PB1,1991,1636,1,0,0,1637,A
2-PB1,1992,0,0,0,1758,1758,C
2-PB1,1993,0,1694,0,0,1694,T
2-PB1,1994,9,0,0,1717,1726,C
2-PB1,1995,2,0,0,1738,1740,C
2-PB1,1996,0,1709,0,1,1710,T
2-PB1,1997,0,2,1712,1,1715,G
2-PB1,1998,0,8,1715,0,1723,G
2-PB1,1999,1708,0,0,0,1708,A
2-PB1,2000,0,1707,0,2,1709,T
2-PB1,2001,0,1565,0,0,1565,T
2-PB1,2002,2,0,0,1599,1601,C
2-PB1,2003,5,1,0,1590,1596,C
2-PB1,2004,5,0,0,1607,1612,C
2-PB1,2005,1621,0,0,0,1621,A
2-PB1,2006,1614,0,0,0,1614,A
2-PB1,2007,0,5,1616,0,1621,G
2-PB1,2008,1608,0,1,0,1609,A
2-PB1,2009,0,3,1606,0,1609,G
2-PB1,2010,0,3,1610,0,1613,G
2-PB1,2011,1583,0,3,0,1586,A
2-PB1,2012,1590,0,1,0,1591,A
2-PB1,2013,0,1,0,1586,1587,C
2-PB1,2014,6,0,0,1570,1576,C
2-PB1,2015,1,2,1596,0,1599,G
2-PB1,2016,1,0,0,1597,1598,C
2-PB1,2017,0,1595,1,2,1598,T
2-PB1,2018,5,0,0,1599,1604,C
2-PB1,2019,1,1596,0,0,1597,T
2-PB1,2020,1680,0,0,0,1680,A
2-PB1,2021,0,1673,0,1,1674,T
2-PB1,2022,0,1661,0,0,1661,T
2-PB1,2023,5,0,0,1675,1680,C
2-PB1,2024,0,1613,0,0,1613,T
2-PB1,2025,1613,0,0,0,1613,A
2-PB1,2026,1617,0,1,0,1618,A
2-PB1,2027,1611,0,1,0,1612,A
2-PB1,2028,0,14,0,1600,1614,C
2-PB1,2029,1511,0,0,0,1511,A
2-PB1,2030,0,0,0,1514,1514,C
2-PB1,2031,1499,0,4,0,1503,A
2-PB1,2032,1498,0,2,1,1501,A
2-PB1,2033,1,2,1504,0,1507,G
2-PB1,2034,0,0,0,1507,1507,C
2-PB1,2035,6,0,0,1510,1516,C
2-PB1,2036,1502,0,0,0,1502,A
2-PB1,2037,1486,0,1,0,1487,A
2-PB1,2038,1497,0,3,0,1500,A
2-PB1,2039,4,3,1491,0,1498,G
2-PB1,2040,0,9,1491,0,1500,G
2-PB1,2041,0,1,1462,0,1463,G
2-PB1,2042,0,1,1479,0,1480,G
2-PB1,2043,1471,0,4,0,1475,A
2-PB1,2044,1474,0,0,0,1474,A
2-PB1,2045,0,1486,0,0,1486,T
2-PB1,2046,0,1475,0,0,1475,T
2-PB1,2047,7,0,0,1477,1484,C
2-PB1,2048,0,1472,0,1,1473,T
2-PB1,2049,0,1475,0,2,1477,T
2-PB1,2050,0,4,1469,0,1473,G
2-PB1,2051,1465,0,2,0,1467,A
2-PB1,2052,0,7,1458,2,1467,G
2-PB1,2053,0,3,1466,0,1469,G
2-PB1,2054,1471,1,0,0,1472,A
2-PB1,2055,0,1472,1,0,1473,T
2-PB1,2056,0,11,1461,0,1472,G
2-PB1,2057,1469,0,1,0,1470,A
2-PB1,2058,1469,0,1,0,1470,A
2-PB1,2059,0,0,0,1490,1490,C
2-PB1,2060,1466,0,0,0,1466,A
2-PB1,2061,0,1,1481,0,1482,G
2-PB1,2062,1472,0,1,0,1473,A
2-PB1,2063,1,1469,0,0,1470,T
2-PB1,2064,0,0,1475,0,1475,G
2-PB1,2065,0,1468,0,0,1468,T
2-PB1,2066,1471,0,3,0,1474,A
2-PB1,2067,2,0,0,1465,1467,C
2-PB1,2068,6,0,0,1458,1464,C
2-PB1,2069,1456,0,1,0,1457,A
2-PB1,2070,0,0,1434,0,1434,G
2-PB1,2071,1410,0,2,0,1412,A
2-PB1,2072,1401,0,1,0,1402,A
2-PB1,2073,1,0,1410,0,1411,G
2-PB1,2074,0,1320,0,0,1320,T
2-PB1,2075,0,0,1332,0,1332,G
2-PB1,2076,0,0,0,1329,1329,C
2-PB1,2077,0,1334,0,3,1337,T
2-PB1,2078,0,0,1337,0,1337,G
2-PB1,2079,0,0,0,1320,1320,C
2-PB1,2080,1331,0,0,0,1331,A
2-PB1,2081,1324,0,0,0,1324,A
2-PB1,2082,1,0,0,1301,1302,C
2-PB1,2083,0,1298,0,3,1301,T
2-PB1,2084,0,1288,0,0,1288,T
2-PB1,2085,0,0,1280,0,1280,G
2-PB1,2086,0,1278,0,0,1278,T
2-PB1,2087,0,1272,0,0,1272,T
2-PB1,2088,8,0,0,1265,1273,C
2-PB1,2089,0,1,1271,0,1272,G
2-PB1,2090,1274,0,0,0,1274,A
2-PB1,2091,0,3,1276,0,1279,G
2-PB1,2092,1273,0,0,0,1273,A
2-PB1,2093,1269,0,0,0,1269,A
2-PB1,2094,1279,0,0,0,1279,A
2-PB1,2095,0,1264,0,0,1264,T
2-PB1,2096,0,1273,0,0,1273,T
2-PB1,2097,0,1264,0,0,1264,T
2-PB1,2098,0,1267,0,0,1267,T
2-PB1,2099,0,1254,0,1,1255,T
2-PB1,2100,4,0,0,1255,1259,C
2-PB1,2101,5,0,0,1257,1262,C
2-PB1,2102,2,0,0,1269,1271,C
2-PB1,2103,0,1267,0,1,1268,T
2-PB1,2104,1272,0,0,0,1272,A
2-PB1,2105,0,0,1286,0,1286,G
2-PB1,2106,0,1268,0,0,1268,T
2-PB1,2107,1278,0,1,0,1279,A
2-PB1,2108,0,1,1281,0,1282,G
2-PB1,2109,0,1264,1,0,1265,T
2-PB1,2110,0,1297,0,0,1297,T
2-PB1,2111,14,0,0,1290,1304,C
2-PB1,2112,1334,0,0,0,1334,A
2-PB1,2113,0,1330,0,0,1330,T
2-PB1,2114,1335,0,0,0,1335,A
2-PB1,2115,0,1323,0,0,1323,T
2-PB1,2116,1286,0,1,0,1287,A
2-PB1,2117,0,0,1265,0,1265,G
2-PB1,2118,0,7,1252,0,1259,G
2-PB1,2119,1132,0,1,0,1133,A
2-PB1,2120,0,9,1133,0,1142,G
2-PB1,2121,1079,0,0,0,1079,A
2-PB1,2122,1,0,0,1074,1075,C
2-PB1,2123,4,1,0,1052,1057,C
2-PB1,2124,0,0,1063,0,1063,G
2-PB1,2125,1056,0,0,0,1056,A
2-PB1,2126,0,1048,0,0,1048,T
2-PB1,2127,0,1052,0,0,1052,T
2-PB1,2128,2,2,1044,0,1048,G
2-PB1,2129,0,6,1047,0,1053,G
2-PB1,2130,1049,0,0,0,1049,A
2-PB1,2131,1055,0,0,0,1055,A
2-PB1,2132,0,1041,0,0,1041,T
2-PB1,2133,0,1046,0,0,1046,T
2-PB1,2134,0,1036,0,0,1036,T
2-PB1,2135,1,0,0,1044,1045,C
2-PB1,2136,0,1040,0,2,1042,T
2-PB1,2137,1043,0,1,0,1044,A
2-PB1,2138,2,1,1030,0,1033,G
2-PB1,2139,0,0,0,1047,1047,C
2-PB1,2140,1036,0,0,4,1040,A
2-PB1,2141,0,1042,0,0,1042,T
2-PB1,2142,0,1,1033,0,1034,G
2-PB1,2143,0,1,1054,0,1055,G
2-PB1,2144,0,1044,0,0,1044,T
2-PB1,2145,2,0,1037,0,1039,G
2-PB1,2146,0,0,1038,0,1038,G
2-PB1,2147,1022,0,4,0,1026,A
2-PB1,2148,0,0,1032,0,1032,G
2-PB1,2149,0,1,1029,0,1030,G
2-PB1,2150,1,0,0,984,985,C
2-PB1,2151,1,0,0,994,995,C
2-PB1,2152,941,0,4,0,945,A
2-PB1,2153,0,948,0,1,949,T
2-PB1,2154,0,3,951,0,954,G
2-PB1,2155,0,0,962,0,962,G
2-PB1,2156,0,939,0,1,940,T
2-PB1,2157,0,0,946,0,946,G
2-PB1,2158,0,914,0,0,914,T
2-PB1,2159,3,0,0,904,907,C
2-PB1,2160,0,919,0,0,919,T
2-PB1,2161,903,0,1,0,904,A
2-PB1,2162,0,2,895,0,897,G
2-PB1,2163,0,0,865,0,865,G
2-PB1,2164,0,0,860,0,860,G
2-PB1,2165,0,0,0,839,839,C
2-PB1,2166,2,0,0,806,808,C
2-PB1,2167,3,1,0,796,800,C
2-PB1,2168,2,1,804,0,807,G
2-PB1,2169,0,1,817,0,818,G
2-PB1,2170,813,0,0,0,813,A
2-PB1,2171,0,810,0,0,810,T
2-PB1,2172,0,789,0,0,789,T
2-PB1,2173,0,2,783,0,785,G
2-PB1,2174,782,0,0,0,782,A
2-PB1,2175,0,780,0,0,780,T
2-PB1,2176,0,0,785,0,785,G
2-PB1,2177,0,0,0,771,771,C
2-PB1,2178,2,0,0,774,776,C
2-PB1,2179,767,0,0,0,767,A
2-PB1,2180,0,3,766,0,769,G
2-PB1,2181,772,0,0,0,772,A
2-PB1,2182,766,0,0,0,766,A
2-PB1,2183,0,761,0,1,762,T
2-PB1,2184,0,755,0,0,755,T
2-PB1,2185,1,5,751,0,757,G
2-PB1,2186,743,0,0,1,744,A
2-PB1,2187,1,0,0,735,736,C
2-PB1,2188,0,737,0,0,737,T
2-PB1,2189,0,718,0,2,720,T
2-PB1,2190,0,0,0,731,731,C
2-PB1,2191,0,3,732,0,735,G
2-PB1,2192,731,0,0,0,731,A
2-PB1,2193,0,0,723,0,723,G
2-PB1,2194,1,722,0,0,723,T
2-PB1,2195,0,2,0,723,725,C
2-PB1,2196,0,732,0,1,733,T
2-PB1,2197,0,0,733,0,733,G
2-PB1,2198,0,1,734,0,735,G
2-PB1,2199,730,0,0,0,730,A
2-PB1,2200,685,0,3,0,688,A
2-PB1,2201,0,0,691,0,691,G
2-PB1,2202,0,0,693,0,693,G
2-PB1,2203,698,0,2,0,700,A
2-PB1,2204,0,687,0,0,687,T
2-PB1,2205,0,700,0,0,700,T
2-PB1,2206,690,0,1,0,691,A
2-PB1,2207,688,0,1,0,689,A
2-PB1,2208,0,0,691,0,691,G
2-PB1,2209,686,0,3,0,689,A
2-PB1,2210,660,1,0,0,661,A
2-PB1,2211,0,2,605,0,607,G
2-PB1,2212,0,1,608,1,610,G
2-PB1,2213,610,0,0,0,610,A
2-PB1,2214,608,0,0,0,608,A
2-PB1,2215,0,3,611,0,614,G
2-PB1,2216,570,0,0,0,570,A
2-PB1,2217,0,1,571,0,572,G
2-PB1,2218,0,544,0,1,545,T
2-PB1,2219,0,535,0,0,535,T
2-PB1,2220,4,0,0,534,538,C
2-PB1,2221,0,522,0,0,522,T
2-PB1,2222,0,0,0,524,524,C
2-PB1,2223,0,523,0,0,523,T
2-PB1,2224,1,2,521,0,524,G
2-PB1,2225,499,0,0,0,499,A
2-PB1,2226,0,0,495,0,495,G
2-PB1,2227,485,0,0,0,485,A
2-PB1,2228,0,479,0,0,479,T
2-PB1,2229,4,0,0,457,461,C
2-PB1,2230,461,0,1,0,462,A
2-PB1,2231,0,458,0,2,460,T
2-PB1,2232,0,0,461,0,461,G
2-PB1,2233,454,0,0,0,454,A
2-PB1,2234,454,0,1,0,455,A
2-PB1,2235,1,0,449,0,450,G
2-PB1,2236,437,0,0,0,437,A
2-PB1,2237,0,426,0,0,426,T
2-PB1,2238,2,0,0,420,422,C
2-PB1,2239,0,394,0,0,394,T
2-PB1,2240,0,0,401,0,401,G
2-PB1,2241,0,394,0,0,394,T
2-PB1,2242,0,386,0,1,387,T
2-PB1,2243,2,2,0,375,379,C
2-PB1,2244,1,0,0,361,362,C
2-PB1,2245,363,0,0,0,363,A
2-PB1,2246,0,0,0,359,359,C
2-PB1,2247,2,0,0,338,340,C
2-PB1,2248,338,0,0,0,338,A
2-PB1,2249,0,318,0,0,318,T
2-PB1,2250,0,308,0,0,308,T
2-PB1,2251,0,0,308,0,308,G
2-PB1,2252,302,0,0,0,302,A
2-PB1,2253,307,0,0,0,307,A
2-PB1,2254,0,0,302,0,302,G
2-PB1,2255,264,0,0,0,264,A
2-PB1,2256,262,0,0,0,262,A
2-PB1,2257,0,0,0,261,261,C
2-PB1,2258,0,249,0,1,250,T
2-PB1,2259,1,0,0,250,251,C
2-PB1,2260,240,0,0,0,240,A
2-PB1,2261,1,0,235,1,237,G
2-PB1,2262,237,0,0,0,237,A
2-PB1,2263,0,0,0,230,230,C
2-PB1,2264,0,1,223,0,224,G
2-PB1,2265,0,0,218,0,218,G
2-PB1,2266,0,0,0,215,215,C
2-PB1,2267,214,0,0,0,214,A
2-PB1,2268,217,0,0,0,217,A
2-PB1,2269,216,0,0,0,216,A
2-PB1,2270,213,0,0,0,213,A
2-PB1,2271,214,0,0,0,214,A
2-PB1,2272,0,207,0,0,207,T
2-PB1,2273,201,0,0,0,201,A
2-PB1,2274,201,0,0,0,201,A
3-PA,1,83,0,0,0,83,A
3-PA,2,0,87,0,0,87,T
3-PA,3,0,0,92,0,92,G
3-PA,4,0,0,91,0,91,G
3-PA,5,91,0,0,0,91,A
3-PA,6,88,0,0,0,88,A
3-PA,7,0,1,96,0,97,G
3-PA,8,101,0,1,0,102,A
3-PA,9,0,105,0,0,105,T
3-PA,10,0,102,0,0,102,T
3-PA,11,0,105,0,0,105,T
3-PA,12,0,105,0,0,105,T
3-PA,13,0,0,106,0,106,G
3-PA,14,0,108,0,0,108,T
3-PA,15,0,0,110,0,110,G
3-PA,16,0,0,0,113,113,C
3-PA,17,0,0,110,0,110,G
3-PA,18,122,0,0,0,122,A
3-PA,19,0,0,0,134,134,C
3-PA,20,130,0,0,0,130,A
3-PA,21,133,0,0,0,133,A
3-PA,22,0,138,0,0,138,T
3-PA,23,0,0,153,0,153,G
3-PA,24,0,0,0,162,162,C
3-PA,25,0,158,0,1,159,T
3-PA,26,0,163,0,0,163,T
3-PA,27,1,0,0,162,163,C
3-PA,28,168,0,0,0,168,A
3-PA,29,175,0,0,0,175,A
3-PA,30,0,0,0,183,183,C
3-PA,31,0,0,0,181,181,C
3-PA,32,1,0,0,182,183,C
3-PA,33,0,0,187,0,187,G
3-PA,34,182,0,0,0,182,A
3-PA,35,0,187,0,1,188,T
3-PA,36,0,2,186,0,188,G
3-PA,37,189,0,0,0,189,A
3-PA,38,0,197,0,0,197,T
3-PA,39,0,197,0,0,197,T
3-PA,40,0,0,195,1,196,G
3-PA,41,0,194,0,0,194,T
3-PA,42,0,0,0,195,195,C
3-PA,43,0,2,196,0,198,G
3-PA,44,191,0,0,0,191,A
3-PA,45,200,0,0,0,200,A
3-PA,46,0,0,0,200,200,C
3-PA,47,0,202,0,0,202,T
3-PA,48,0,202,0,0,202,T
3-PA,49,0,0,203,0,203,G
3-PA,50,0,0,0,208,208,C
3-PA,51,205,0,0,0,205,A
3-PA,52,0,0,207,0,207,G
3-PA,53,199,0,0,0,199,A
3-PA,54,207,0,0,0,207,A
3-PA,55,206,0,1,0,207,A
3-PA,56,208,0,0,0,208,A
3-PA,57,207,0,0,0,207,A
3-PA,58,0,0,215,0,215,G
3-PA,59,0,0,0,221,221,C
3-PA,60,221,0,0,0,221,A
3-PA,61,225,0,1,0,226,A
3-PA,62,0,230,0,0,230,T
3-PA,63,0,1,232,0,233,G
3-PA,64,237,0,0,0,237,A
3-PA,65,235,0,0,0,235,A
3-PA,66,235,0,0,0,235,A
3-PA,67,0,1,255,0,256,G
3-PA,68,262,0,0,0,262,A
3-PA,69,0,0,323,0,323,G
3-PA,70,0,319,0,0,319,T
3-PA,71,327,0,0,0,327,A
3-PA,72,0,331,0,0,331,T
3-PA,73,0,1,332,0,333,G
3-PA,74,0,2,328,0,330,G
3-PA,75,0,1,331,0,332,G
3-PA,76,0,1,330,0,331,G
3-PA,77,328,0,2,0,330,A
3-PA,78,0,0,336,0,336,G
3-PA,79,0,4,344,0,348,G
3-PA,80,334,0,0,0,334,A
3-PA,81,0,348,0,0,348,T
3-PA,82,0,0,0,350,350,C
3-PA,83,0,355,0,0,355,T
3-PA,84,0,2,356,1,359,G
3-PA,85,354,0,0,0,354,A
3-PA,86,355,0,0,0,355,A
3-PA,87,358,0,0,0,358,A
3-PA,88,347,0,0,0,347,A
3-PA,89,0,353,0,0,353,T
3-PA,90,0,356,0,0,356,T
3-PA,91,0,0,354,0,354,G
3-PA,92,357,0,0,0,357,A
3-PA,93,355,0,1,0,356,A
3-PA,94,356,0,0,0,356,A
3-PA,95,0,0,0,358,358,C
3-PA,96,358,0,0,0,358,A
3-PA,97,356,0,0,0,356,A
3-PA,98,357,0,0,0,357,A
3-PA,99,0,0,0,365,365,C
3-PA,100,358,0,0,0,358,A
3-PA,101,362,0,0,0,362,A
3-PA,102,369,0,0,0,369,A
3-PA,103,0,369,0,0,369,T
3-PA,104,0,372,0,0,372,T
3-PA,105,0,372,0,1,373,T
3-PA,106,0,1,377,0,378,G
3-PA,107,0,0,0,377,377,C
3-PA,108,378,1,0,0,379,A
3-PA,109,0,0,396,0,396,G
3-PA,110,0,0,0,397,397,C
3-PA,111,428,0,0,0,428,A
3-PA,112,439,0,0,0,439,A
3-PA,113,0,442,0,0,442,T
3-PA,114,451,0,0,0,451,A
3-PA,115,0,456,0,0,456,T
3-PA,116,0,1,458,0,459,G
3-PA,117,0,0,0,460,460,C
3-PA,118,462,0,0,0,462,A
3-PA,119,0,0,0,474,474,C
3-PA,120,0,466,0,0,466,T
3-PA,121,0,0,0,552,552,C
3-PA,122,563,0,0,0,563,A
3-PA,123,2,1,0,573,576,C
3-PA,124,0,575,0,0,575,T
3-PA,125,0,576,0,0,576,T
3-PA,126,1,2,571,0,574,G
3-PA,127,0,1,581,0,582,G
3-PA,128,571,0,0,0,571,A
3-PA,129,0,0,586,0,586,G
3-PA,130,0,1,584,0,585,G
3-PA,131,1,556,0,2,559,T
3-PA,132,1,0,602,0,603,G
3-PA,133,0,595,0,0,595,T
3-PA,134,0,0,614,0,614,G
3-PA,135,0,612,0,0,612,T
3-PA,136,0,615,0,0,615,T
3-PA,137,0,618,0,0,618,T
3-PA,138,2,0,0,628,630,C
3-PA,139,624,0,1,0,625,A
3-PA,140,0,633,0,0,633,T
3-PA,141,0,0,642,0,642,G
3-PA,142,0,634,0,0,634,T
3-PA,143,646,0,0,0,646,A
3-PA,144,0,642,0,0,642,T
3-PA,145,1,644,0,0,645,T
3-PA,146,3,0,0,638,641,C
3-PA,147,641,0,0,0,641,A
3-PA,148,0,1,650,0,651,G
3-PA,149,650,0,0,0,650,A
3-PA,150,0,653,0,0,653,T
3-PA,151,0,651,0,0,651,T
3-PA,152,0,654,0,0,654,T
3-PA,153,1,0,0,646,647,C
3-PA,154,2,0,0,656,658,C
3-PA,155,659,0,0,0,659,A
3-PA,156,0,662,0,0,662,T
3-PA,157,0,659,0,0,659,T
3-PA,158,0,660,0,1,661,T
3-PA,159,2,0,0,658,660,C
3-PA,160,655,0,4,0,659,A
3-PA,161,0,681,0,0,681,T
3-PA,162,0,0,0,687,687,C
3-PA,163,683,0,0,0,683,A
3-PA,164,683,0,0,0,683,A
3-PA,165,0,684,0,1,685,T
3-PA,166,0,6,698,1,705,G
3-PA,167,705,0,0,0,705,A
3-PA,168,705,0,0,0,705,A
3-PA,169,0,0,0,704,704,C
3-PA,170,704,1,0,0,705,A
3-PA,171,707,0,0,1,708,A
3-PA,172,0,4,709,0,713,G
3-PA,173,0,0,698,0,698,G
3-PA,174,0,0,0,708,708,C
3-PA,175,4,8,690,0,702,G
3-PA,176,748,0,1,0,749,A
3-PA,177,747,0,1,0,748,A
3-PA,178,0,754,0,0,754,T
3-PA,179,1,0,0,760,761,C
3-PA,180,763,0,0,0,763,A
3-PA,181,755,0,3,0,758,A
3-PA,182,0,766,0,0,766,T
3-PA,183,764,0,0,0,764,A
3-PA,184,0,0,777,0,777,G
3-PA,185,0,772,0,0,772,T
3-PA,186,1,4,768,0,773,G
3-PA,187,0,0,774,0,774,G
3-PA,188,0,772,0,1,773,T
3-PA,189,780,0,0,0,780,A
3-PA,190,0,8,783,0,791,G
3-PA,191,781,0,1,0,782,A
3-PA,192,784,0,0,0,784,A
3-PA,193,1,0,0,783,784,C
3-PA,194,0,782,0,0,782,T
3-PA,195,0,782,0,0,782,T
3-PA,196,0,5,778,0,783,G
3-PA,197,775,0,1,0,776,A
3-PA,198,0,1,0,777,778,C
3-PA,199,0,1,772,0,773,G
3-PA,200,789,0,0,0,789,A
3-PA,201,0,806,0,1,807,T
3-PA,202,1,0,0,813,814,C
3-PA,203,2,0,0,829,831,C
3-PA,204,834,0,0,0,834,A
3-PA,205,837,0,1,0,838,A
3-PA,206,838,0,0,0,838,A
3-PA,207,0,840,0,0,840,T
3-PA,208,0,1,835,0,836,G
3-PA,209,0,0,0,831,831,C
3-PA,210,825,0,1,0,826,A
3-PA,211,1,0,0,854,855,C
3-PA,212,0,851,0,0,851,T
3-PA,213,1,1,959,0,961,G
3-PA,214,0,969,0,1,970,T
3-PA,215,0,971,0,0,971,T
3-PA,216,966,0,0,0,966,A
3-PA,217,955,0,2,0,957,A
3-PA,218,967,0,1,0,968,A
3-PA,219,1,0,960,0,961,G
3-PA,220,1,0,0,951,952,C
3-PA,221,941,0,0,0,941,A
3-PA,222,0,0,0,942,942,C
3-PA,223,924,0,0,0,924,A
3-PA,224,0,1,942,0,943,G
3-PA,225,938,0,0,0,938,A
3-PA,226,0,944,0,0,944,T
3-PA,227,0,951,0,0,951,T
3-PA,228,0,947,0,1,948,T
3-PA,229,0,5,942,0,947,G
3-PA,230,950,0,0,0,950,A
3-PA,231,959,0,0,0,959,A
3-PA,232,956,0,0,0,956,A
3-PA,233,0,946,0,0,946,T
3-PA,234,945,0,0,0,945,A
3-PA,235,955,0,0,0,955,A
3-PA,236,0,953,0,0,953,T
3-PA,237,4,0,0,955,959,C
3-PA,238,2,2,955,0,959,G
3-PA,239,943,0,1,0,944,A
3-PA,240,0,3,953,0,956,G
3-PA,241,0,1,970,0,971,G
3-PA,242,0,2,964,0,966,G
3-PA,243,0,6,958,0,964,G
3-PA,244,951,0,0,0,951,A
3-PA,245,0,2,959,0,961,G
3-PA,246,987,0,3,0,990,A
3-PA,247,1,1,998,0,1000,G
3-PA,248,999,0,0,0,999,A
3-PA,249,0,0,0,996,996,C
3-PA,250,993,0,0,0,993,A
3-PA,251,0,5,997,0,1002,G
3-PA,252,1002,0,1,0,1003,A
3-PA,253,1022,0,1,0,1023,A
3-PA,254,0,0,0,1007,1007,C
3-PA,255,1002,0,1,0,1003,A
3-PA,256,1000,0,0,0,1000,A
3-PA,257,1,997,0,0,998,T
3-PA,258,0,4,1026,0,1030,G
3-PA,259,0,0,1020,0,1020,G
3-PA,260,0,0,0,1022,1022,C
3-PA,261,2,0,0,1024,1026,C
3-PA,262,0,1017,0,0,1017,T
3-PA,263,1,4,1039,0,1044,G
3-PA,264,0,8,1033,0,1041,G
3-PA,265,1031,0,2,0,1033,A
3-PA,266,0,0,0,1055,1055,C
3-PA,267,1028,0,0,0,1028,A
3-PA,268,0,0,1137,0,1137,G
3-PA,269,0,1136,0,0,1136,T
3-PA,270,1147,0,1,0,1148,A
3-PA,271,0,0,1150,0,1150,G
3-PA,272,0,1124,0,0,1124,T
3-PA,273,1137,0,0,0,1137,A
3-PA,274,1138,0,0,0,1138,A
3-PA,275,1134,0,2,1,1137,A
3-PA,276,1,1,0,1146,1148,C
3-PA,277,1093,0,0,0,1093,A
3-PA,278,0,0,1103,0,1103,G
3-PA,279,0,1088,0,0,1088,T
3-PA,280,1115,0,0,0,1115,A
3-PA,281,0,1110,0,0,1110,T
3-PA,282,1,0,0,1133,1134,C
3-PA,283,0,1134,0,0,1134,T
3-PA,284,1,1,1134,0,1136,G
3-PA,285,0,0,0,1139,1139,C
3-PA,286,1136,0,0,0,1136,A
3-PA,287,1134,0,1,0,1135,A
3-PA,288,0,0,0,1140,1140,C
3-PA,289,1139,0,0,0,1139,A
3-PA,290,0,1,0,1175,1176,C
3-PA,291,0,1161,0,1,1162,T
3-PA,292,1179,0,0,0,1179,A
3-PA,293,0,0,0,1166,1166,C
3-PA,294,0,1172,0,0,1172,T
3-PA,295,1,3,1169,0,1173,G
3-PA,296,0,4,1166,0,1170,G
3-PA,297,1149,0,1,0,1150,A
3-PA,298,0,0,1162,0,1162,G
3-PA,299,0,0,0,1131,1131,C
3-PA,300,2,1146,0,3,1151,T
3-PA,301,0,2,1146,0,1148,G
3-PA,302,0,2,1140,0,1142,G
3-PA,303,1,2,1132,1,1136,G
3-PA,304,1144,0,0,0,1144,A
3-PA,305,1150,0,0,0,1150,A
3-PA,306,1157,0,1,1,1159,A
3-PA,307,0,0,0,1156,1156,C
3-PA,308,1,0,0,1164,1165,C
3-PA,309,0,1160,1,0,1161,T
3-PA,310,1169,1,0,0,1170,A
3-PA,311,1172,0,0,0,1172,A
3-PA,312,0,0,1172,0,1172,G
3-PA,313,0,1162,0,0,1162,T
3-PA,314,0,1174,0,1,1175,T
3-PA,315,0,1162,0,1,1163,T
3-PA,316,1,1,0,1166,1168,C
3-PA,317,0,1188,0,0,1188,T
3-PA,318,1181,0,0,0,1181,A
3-PA,319,0,0,0,1159,1159,C
3-PA,320,1,0,0,1171,1172,C
3-PA,321,1175,0,1,0,1176,A
3-PA,322,0,5,1187,0,1192,G
3-PA,323,1185,0,0,0,1185,A
3-PA,324,0,1186,0,1,1187,T
3-PA,325,0,1188,0,1,1189,T
3-PA,326,0,1190,0,0,1190,T
3-PA,327,0,0,1196,0,1196,G
3-PA,328,0,1196,0,0,1196,T
3-PA,329,1199,0,0,0,1199,A
3-PA,330,0,1193,0,0,1193,T
3-PA,331,1,8,1181,0,1190,G
3-PA,332,1233,0,1,0,1234,A
3-PA,333,0,1233,0,0,1233,T
3-PA,334,0,1235,0,0,1235,T
3-PA,335,1230,0,0,0,1230,A
3-PA,336,0,0,0,1232,1232,C
3-PA,337,1236,2,0,0,1238,A
3-PA,338,1241,0,1,0,1242,A
3-PA,339,0,2,1240,0,1242,G
3-PA,340,0,4,1237,0,1241,G
3-PA,341,1197,0,0,0,1197,A
3-PA,342,4,7,1203,0,1214,G
3-PA,343,1199,0,3,0,1202,A
3-PA,344,1207,0,4,0,1211,A
3-PA,345,0,2,0,1208,1210,C
3-PA,346,1211,0,0,0,1211,A
3-PA,347,0,6,1206,0,1212,G
3-PA,348,1213,0,0,0,1213,A
3-PA,349,0,1195,0,0,1195,T
3-PA,350,0,1192,0,0,1192,T
3-PA,351,2,0,0,1173,1175,C
3-PA,352,1180,0,0,1,1181,A
3-PA,353,0,1164,0,0,1164,T
3-PA,354,1,0,0,1175,1176,C
3-PA,355,0,3,1182,0,1185,G
3-PA,356,1183,0,0,0,1183,A
3-PA,357,1188,0,0,0,1188,A
3-PA,358,1189,0,1,0,1190,A
3-PA,359,0,1188,0,0,1188,T
3-PA,360,0,1183,0,0,1183,T
3-PA,361,0,2,1188,0,1190,G
3-PA,362,0,0,1183,0,1183,G
3-PA,363,2,3,1187,0,1192,G
3-PA,364,1,1,1198,0,1200,G
3-PA,365,1,1170,0,0,1171,T
3-PA,366,0,4,1192,0,1196,G
3-PA,367,1190,0,3,0,1193,A
3-PA,368,0,0,0,1200,1200,C
3-PA,369,1207,0,0,1,1208,A
3-PA,370,1211,0,0,0,1211,A
3-PA,371,1,0,1217,1,1219,G
3-PA,372,0,1,1226,0,1227,G
3-PA,373,1209,0,7,0,1216,A
3-PA,374,0,2,1218,0,1220,G
3-PA,375,1195,0,3,0,1198,A
3-PA,376,0,4,1201,0,1205,G
3-PA,377,1198,0,1,0,1199,A
3-PA,378,1193,0,1,0,1194,A
3-PA,379,0,1,1214,0,1215,G
3-PA,380,0,1184,0,1,1185,T
3-PA,381,2,0,0,1208,1210,C
3-PA,382,4,0,0,1211,1215,C
3-PA,383,1220,0,0,0,1220,A
3-PA,384,0,0,0,1248,1248,C
3-PA,385,1257,0,1,0,1258,A
3-PA,386,0,1281,0,0,1281,T
3-PA,387,1296,0,0,0,1296,A
3-PA,388,0,1260,0,0,1260,T
3-PA,389,1253,1,0,0,1254,A
3-PA,390,0,1226,0,1,1227,T
3-PA,391,0,1235,0,1,1236,T
3-PA,392,1275,0,0,0,1275,A
3-PA,393,0,0,0,1279,1279,C
3-PA,394,3,0,0,1239,1242,C
3-PA,395,0,1212,0,1,1213,T
3-PA,396,0,1195,0,2,1197,T
3-PA,397,0,6,1193,0,1199,G
3-PA,398,1195,0,0,0,1195,A
3-PA,399,1,0,1123,0,1124,G
3-PA,400,1135,1,1,0,1137,A
3-PA,401,1139,0,1,0,1140,A
3-PA,402,0,2,1137,0,1139,G
3-PA,403,0,1,1133,0,1134,G
3-PA,404,0,0,0,1139,1139,C
3-PA,405,5,0,0,1141,1146,C
3-PA,406,1155,0,1,0,1156,A
3-PA,407,1149,0,1,0,1150,A
3-PA,408,0,1150,0,0,1150,T
3-PA,409,1153,0,1,0,1154,A
3-PA,410,1152,0,0,0,1152,A
3-PA,411,0,2,1165,0,1167,G
3-PA,412,1163,0,0,0,1163,A
3-PA,413,0,1158,0,0,1158,T
3-PA,414,0,1161,0,0,1161,T
3-PA,415,1168,0,0,0,1168,A
3-PA,416,1165,0,0,0,1165,A
3-PA,417,1160,0,0,0,1160,A
3-PA,418,0,1160,0,0,1160,T
3-PA,419,2,0,0,1169,1171,C
3-PA,420,0,1139,0,0,1139,T
3-PA,421,1,3,1149,0,1153,G
3-PA,422,1151,0,0,0,1151,A
3-PA,423,1,7,1154,0,1162,G
3-PA,424,1156,0,0,0,1156,A
3-PA,425,1164,0,0,0,1164,A
3-PA,426,0,0,0,1167,1167,C
3-PA,427,1169,0,0,0,1169,A
3-PA,428,1,0,0,1177,1178,C
3-PA,429,1176,0,1,0,1177,A
3-PA,430,0,0,0,1174,1174,C
3-PA,431,1167,0,0,0,1167,A
3-PA,432,1,1,1,1193,1196,C
3-PA,433,1187,0,0,0,1187,A
3-PA,434,0,1185,0,0,1185,T
3-PA,435,0,1166,0,1,1167,T
3-PA,436,7,0,0,1164,1171,C
3-PA,437,1170,0,0,0,1170,A
3-PA,438,1,1,0,1182,1184,C
3-PA,439,1177,0,0,0,1177,A
3-PA,440,0,1173,0,0,1173,T
3-PA,441,0,1141,0,0,1141,T
3-PA,442,0,1153,0,0,1153,T
3-PA,443,0,1154,0,2,1156,T
3-PA,444,3,2,0,1154,1159,C
3-PA,445,0,1154,0,2,1156,T
3-PA,446,4,0,0,1159,1163,C
3-PA,447,1164,0,0,0,1164,A
3-PA,448,0,1148,0,1,1149,T
3-PA,449,0,1158,0,0,1158,T
3-PA,450,6,0,0,1156,1162,C
3-PA,451,1158,0,1,0,1159,A
3-PA,452,1,0,0,1168,1169,C
3-PA,453,0,1155,0,0,1155,T
3-PA,454,1,2,1145,0,1148,G
3-PA,455,0,4,1149,0,1153,G
3-PA,456,1133,0,1,0,1134,A
3-PA,457,0,3,1159,0,1162,G
3-PA,458,1166,0,1,0,1167,A
3-PA,459,0,4,1178,0,1182,G
3-PA,460,0,0,1169,0,1169,G
3-PA,461,1171,0,1,0,1172,A
3-PA,462,1176,0,0,0,1176,A
3-PA,463,1161,0,0,0,1161,A
3-PA,464,0,1153,0,0,1153,T
3-PA,465,0,4,1150,0,1154,G
3-PA,466,0,1,1135,0,1136,G
3-PA,467,1,0,0,1124,1125,C
3-PA,468,3,0,0,1135,1138,C
3-PA,469,1143,0,1,0,1144,A
3-PA,470,0,0,0,1144,1144,C
3-PA,471,1143,0,0,0,1143,A
3-PA,472,1146,0,0,0,1146,A
3-PA,473,1159,0,0,0,1159,A
3-PA,474,1,1,1150,0,1152,G
3-PA,475,0,0,1143,0,1143,G
3-PA,476,0,1,0,1154,1155,C
3-PA,477,1151,1,0,0,1152,A
3-PA,478,0,7,1152,0,1159,G
3-PA,479,1168,0,0,0,1168,A
3-PA,480,0,0,0,1174,1174,C
3-PA,481,0,1167,0,0,1167,T
3-PA,482,1167,0,1,0,1168,A
3-PA,483,0,0,0,1163,1163,C
3-PA,484,1135,1,1,0,1137,A
3-PA,485,0,0,0,1154,1154,C
3-PA,486,0,1123,0,0,1123,T
3-PA,487,2,0,0,1133,1135,C
3-PA,488,0,1110,0,0,1110,T
3-PA,489,4,0,0,1114,1118,C
3-PA,490,1,2,1112,0,1115,G
3-PA,491,1113,0,0,0,1113,A
3-PA,492,1,1,0,1100,1102,C
3-PA,493,0,1,1120,0,1121,G
3-PA,494,1114,0,0,0,1114,A
3-PA,495,1,3,1116,0,1120,G
3-PA,496,0,2,1109,0,1111,G
3-PA,497,1111,0,1,0,1112,A
3-PA,498,1111,0,1,0,1112,A
3-PA,499,1112,0,1,0,1113,A
3-PA,500,0,0,1105,1,1106,G
3-PA,501,1,0,0,1103,1104,C
3-PA,502,1105,0,0,0,1105,A
3-PA,503,1,2,1120,0,1123,G
3-PA,504,1,2,1121,0,1124,G
3-PA,505,0,0,1128,0,1128,G
3-PA,506,1,0,0,1126,1127,C
3-PA,507,0,1134,0,0,1134,T
3-PA,508,1138,0,0,0,1138,A
3-PA,509,0,1,1143,0,1144,G
3-PA,510,0,3,1195,0,1198,G
3-PA,511,1198,0,0,0,1198,A
3-PA,512,0,1166,0,0,1166,T
3-PA,513,0,1158,0,0,1158,T
3-PA,514,1152,0,2,0,1154,A
3-PA,515,1159,0,1,0,1160,A
3-PA,516,0,6,1156,0,1162,G
3-PA,517,1153,0,0,0,1153,A
3-PA,518,1,0,0,1141,1142,C
3-PA,519,2,0,0,1071,1073,C
3-PA,520,1075,0,0,0,1075,A
3-PA,521,0,2,1083,0,1085,G
3-PA,522,0,1,1083,0,1084,G
3-PA,523,0,0,0,1085,1085,C
3-PA,524,0,1080,0,1,1081,T
3-PA,525,0,0,1098,0,1098,G
3-PA,526,0,1097,0,0,1097,T
3-PA,527,0,1094,1,1,1096,T
3-PA,528,0,1100,0,0,1100,T
3-PA,529,1084,0,4,0,1088,A
3-PA,530,1,0,0,1106,1107,C
3-PA,531,3,0,0,1082,1085,C
3-PA,532,1080,0,1,0,1081,A
3-PA,533,0,1083,0,0,1083,T
3-PA,534,1029,0,0,0,1029,A
3-PA,535,1040,0,0,0,1040,A
3-PA,536,0,0,1038,0,1038,G
3-PA,537,1035,0,0,0,1035,A
3-PA,538,0,0,0,1036,1036,C
3-PA,539,1015,0,1,0,1016,A
3-PA,540,1015,0,0,0,1015,A
3-PA,541,0,1,1027,0,1028,G
3-PA,542,1021,0,0,1,1022,A
3-PA,543,1023,0,1,0,1024,A
3-PA,544,1021,0,0,0,1021,A
3-PA,545,0,982,0,0,982,T
3-PA,546,0,1,1001,0,1002,G
3-PA,547,0,0,995,0,995,G
3-PA,548,0,0,0,990,990,C
3-PA,549,1,0,0,1001,1002,C
3-PA,550,1006,0,0,0,1006,A
3-PA,551,1022,0,2,0,1024,A
3-PA,552,1,0,0,1022,1023,C
3-PA,553,1019,0,0,0,1019,A
3-PA,554,0,1,1012,0,1013,G
3-PA,555,988,0,1,0,989,A
3-PA,556,0,2,1018,0,1020,G
3-PA,557,0,0,1030,0,1030,G
3-PA,558,1,0,0,1009,1010,C
3-PA,559,1,0,0,1020,1021,C
3-PA,560,0,1007,0,0,1007,T
3-PA,561,999,0,0,0,999,A
3-PA,562,0,1019,0,1,1020,T
3-PA,563,0,1,1017,0,1018,G
3-PA,564,0,3,1019,0,1022,G
3-PA,565,0,5,983,0,988,G
3-PA,566,967,0,0,0,967,A
3-PA,567,0,956,0,0,956,T
3-PA,568,0,953,0,0,953,T
3-PA,569,2,0,0,999,1001,C
3-PA,570,4,0,0,985,989,C
3-PA,571,0,974,0,1,975,T
3-PA,572,0,972,0,1,973,T
3-PA,573,0,963,0,0,963,T
3-PA,574,4,0,0,975,979,C
3-PA,575,2,0,972,1,975,G
3-PA,576,0,966,0,3,969,T
3-PA,577,7,1,0,956,964,C
3-PA,578,934,0,0,0,934,A
3-PA,579,0,1,1005,0,1006,G
3-PA,580,0,1012,0,0,1012,T
3-PA,581,5,0,0,998,1003,C
3-PA,582,3,2,0,1001,1006,C
3-PA,583,0,3,1007,1,1011,G
3-PA,584,1008,0,0,0,1008,A
3-PA,585,1014,0,0,0,1014,A
3-PA,586,1004,0,2,0,1006,A
3-PA,587,0,1,1015,0,1016,G
3-PA,588,988,0,2,0,990,A
3-PA,589,0,1,1002,0,1003,G
3-PA,590,1,0,993,0,994,G
3-PA,591,0,0,0,997,997,C
3-PA,592,0,3,1004,0,1007,G
3-PA,593,998,0,0,0,998,A
3-PA,594,1002,0,0,0,1002,A
3-PA,595,0,4,1013,0,1017,G
3-PA,596,1019,0,0,0,1019,A
3-PA,597,1009,1,1,0,1011,A
3-PA,598,1014,0,0,0,1014,A
3-PA,599,1,0,0,1029,1030,C
3-PA,600,1024,0,0,0,1024,A
3-PA,601,1026,0,0,0,1026,A
3-PA,602,0,1024,0,0,1024,T
3-PA,603,0,1021,0,0,1021,T
3-PA,604,0,5,1017,0,1022,G
3-PA,605,1020,0,0,0,1020,A
3-PA,606,1023,0,2,0,1025,A
3-PA,607,0,2,1021,0,1023,G
3-PA,608,1019,0,0,0,1019,A
3-PA,609,1020,0,1,0,1021,A
3-PA,610,1014,0,0,0,1014,A
3-PA,611,1011,0,0,0,1011,A
3-PA,612,1009,0,6,0,1015,A
3-PA,613,0,1005,0,0,1005,T
3-PA,614,0,1008,0,1,1009,T
3-PA,615,0,1016,0,1,1017,T
3-PA,616,1,6,1005,0,1012,G
3-PA,617,1012,0,0,0,1012,A
3-PA,618,1013,0,0,0,1013,A
3-PA,619,1013,0,0,0,1013,A
3-PA,620,0,1031,0,0,1031,T
3-PA,621,3,0,0,1098,1101,C
3-PA,622,1086,1,0,0,1087,A
3-PA,623,0,0,1,1097,1098,C
3-PA,624,1099,0,0,0,1099,A
3-PA,625,1,2,1115,0,1118,G
3-PA,626,0,5,1129,0,1134,G
3-PA,627,1152,0,1,0,1153,A
3-PA,628,1176,0,0,0,1176,A
3-PA,629,0,1,0,1178,1179,C
3-PA,630,0,1137,1,0,1138,T
3-PA,631,1204,0,0,0,1204,A
3-PA,632,0,1192,0,0,1192,T
3-PA,633,0,2,1228,0,1230,G
3-PA,634,1,1,0,1222,1224,C
3-PA,635,1,0,1210,0,1211,G
3-PA,636,0,1207,0,0,1207,T
3-PA,637,1194,0,1,0,1195,A
3-PA,638,0,2,1176,0,1178,G
3-PA,639,0,1,1161,0,1162,G
3-PA,640,0,0,0,1162,1162,C
3-PA,641,0,1147,0,0,1147,T
3-PA,642,0,1133,0,0,1133,T
3-PA,643,1,0,1126,0,1127,G
3-PA,644,1,1,0,1118,1120,C
3-PA,645,1,0,0,1134,1135,C
3-PA,646,1,7,1139,0,1147,G
3-PA,647,1131,1,0,0,1132,A
3-PA,648,1,0,0,1150,1151,C
3-PA,649,1,1,0,1151,1153,C
3-PA,650,1162,0,0,0,1162,A
3-PA,651,1164,0,0,0,1164,A
3-PA,652,1160,0,0,0,1160,A
3-PA,653,0,1,1176,0,1177,G
3-PA,654,0,1163,0,2,1165,T
3-PA,655,4,0,0,1170,1174,C
3-PA,656,0,1161,0,2,1163,T
3-PA,657,2,0,0,1169,1171,C
3-PA,658,0,0,0,1174,1174,C
3-PA,659,4,1,0,1189,1194,C
3-PA,660,1181,0,2,0,1183,A
3-PA,661,0,0,0,1187,1187,C
3-PA,662,3,0,0,1184,1187,C
3-PA,663,1,6,1179,0,1186,G
3-PA,664,1185,0,0,0,1185,A
3-PA,665,1188,0,1,1,1190,A
3-PA,666,0,0,0,1194,1194,C
3-PA,667,0,1176,0,2,1178,T
3-PA,668,0,1198,0,1,1199,T
3-PA,669,4,0,0,1224,1228,C
3-PA,670,0,1200,0,0,1200,T
3-PA,671,7,0,0,1216,1223,C
3-PA,672,2,0,0,1220,1222,C
3-PA,673,0,1211,0,0,1211,T
3-PA,674,0,0,1215,0,1215,G
3-PA,675,0,1,0,1212,1213,C
3-PA,676,7,0,0,1215,1222,C
3-PA,677,0,1203,0,1,1204,T
3-PA,678,1,1197,0,0,1198,T
3-PA,679,0,3,1194,1,1198,G
3-PA,680,1193,1,1,0,1195,A
3-PA,681,0,5,1207,0,1212,G
3-PA,682,1213,0,0,1,1214,A
3-PA,683,1232,0,0,0,1232,A
3-PA,684,0,1237,0,1,1238,T
3-PA,685,0,1246,0,0,1246,T
3-PA,686,0,1244,0,0,1244,T
3-PA,687,0,1257,0,0,1257,T
3-PA,688,1249,0,0,0,1249,A
3-PA,689,2,2,1243,0,1247,G
3-PA,690,1233,0,0,0,1233,A
3-PA,691,0,0,1270,0,1270,G
3-PA,692,1,0,0,1264,1265,C
3-PA,693,0,0,0,1281,1281,C
3-PA,694,0,1288,0,2,1290,T
3-PA,695,1335,0,0,0,1335,A
3-PA,696,0,1331,1,0,1332,T
3-PA,697,1,1,1334,0,1336,G
3-PA,698,2,1336,0,0,1338,T
3-PA,699,0,5,1341,0,1346,G
3-PA,700,0,0,1314,0,1314,G
3-PA,701,1310,1,2,0,1313,A
3-PA,702,0,1295,1,0,1296,T
3-PA,703,0,6,1272,0,1278,G
3-PA,704,0,4,1272,0,1276,G
3-PA,705,1276,0,0,0,1276,A
3-PA,706,0,1283,0,0,1283,T
3-PA,707,0,1280,0,0,1280,T
3-PA,708,5,0,0,1272,1277,C
3-PA,709,1,14,1255,0,1270,G
3-PA,710,1277,0,0,0,1277,A
3-PA,711,1279,0,1,1,1281,A
3-PA,712,1,0,0,1284,1285,C
3-PA,713,3,0,0,1248,1251,C
3-PA,714,0,7,1252,0,1259,G
3-PA,715,1243,0,0,0,1243,A
3-PA,716,1248,0,0,1,1249,A
3-PA,717,0,3,0,1263,1266,C
3-PA,718,1,2,1264,0,1267,G
3-PA,719,1,2,1270,0,1273,G
3-PA,720,1,1,0,1288,1290,C
3-PA,721,0,1280,0,2,1282,T
3-PA,722,1,0,1306,0,1307,G
3-PA,723,0,0,0,1312,1312,C
3-PA,724,1322,1,0,0,1323,A
3-PA,725,0,1322,0,0,1322,T
3-PA,726,0,1314,0,1,1315,T
3-PA,727,0,3,1310,0,1313,G
3-PA,728,1256,1,1,0,1258,A
3-PA,729,0,4,1272,0,1276,G
3-PA,730,0,5,1270,0,1275,G
3-PA,731,0,2,1270,0,1272,G
3-PA,732,0,0,0,1261,1261,C
3-PA,733,1261,0,1,1,1263,A
3-PA,734,1269,0,1,0,1270,A
3-PA,735,1,0,1268,0,1269,G
3-PA,736,0,0,0,1274,1274,C
3-PA,737,0,1265,0,1,1266,T
3-PA,738,0,1266,0,0,1266,T
3-PA,739,0,1266,0,0,1266,T
3-PA,740,2,0,0,1267,1269,C
3-PA,741,0,1271,0,0,1271,T
3-PA,742,9,1,0,1265,1275,C
3-PA,743,1276,0,0,0,1276,A
3-PA,744,1265,0,0,0,1265,A
3-PA,745,1263,0,0,0,1263,A
3-PA,746,0,1253,0,1,1254,T
3-PA,747,1,0,1288,0,1289,G
3-PA,748,0,1277,0,4,1281,T
3-PA,749,6,0,0,1291,1297,C
3-PA,750,3,0,0,1302,1305,C
3-PA,751,1303,0,0,0,1303,A
3-PA,752,1302,0,0,0,1302,A
3-PA,753,1302,0,1,0,1303,A
3-PA,754,0,5,1312,0,1317,G
3-PA,755,1310,0,0,0,1310,A
3-PA,756,1287,0,0,0,1287,A
3-PA,757,0,1,1294,0,1295,G
3-PA,758,0,1260,0,0,1260,T
3-PA,759,0,6,1268,0,1274,G
3-PA,760,1264,0,2,1,1267,A
3-PA,761,1268,0,1,0,1269,A
3-PA,762,0,1260,0,0,1260,T
3-PA,763,1,0,1250,0,1251,G
3-PA,764,3,1,0,1256,1260,C
3-PA,765,4,0,1,1251,1256,C
3-PA,766,5,0,0,1257,1262,C
3-PA,767,1274,0,0,0,1274,A
3-PA,768,1271,0,0,0,1271,A
3-PA,769,1286,0,0,0,1286,A
3-PA,770,0,1284,0,0,1284,T
3-PA,771,0,1290,0,0,1290,T
3-PA,772,0,5,1280,0,1285,G
3-PA,773,1281,0,0,0,1281,A
3-PA,774,1273,0,1,0,1274,A
3-PA,775,2,0,0,1284,1286,C
3-PA,776,2,1,0,1277,1280,C
3-PA,777,1,1258,0,1,1260,T
3-PA,778,0,1291,0,0,1291,T
3-PA,779,0,1296,0,1,1297,T
3-PA,780,0,1313,0,0,1313,T
3-PA,781,5,0,0,1319,1324,C
3-PA,782,0,1313,0,2,1315,T
3-PA,783,0,3,1318,0,1321,G
3-PA,784,1313,0,0,0,1313,A
3-PA,785,1320,0,0,0,1320,A
3-PA,786,0,8,1321,0,1329,G
3-PA,787,1312,0,2,0,1314,A
3-PA,788,0,0,0,1309,1309,C
3-PA,789,1294,0,0,0,1294,A
3-PA,790,1297,0,0,0,1297,A
3-PA,791,0,0,0,1365,1365,C
3-PA,792,1335,0,2,0,1337,A
3-PA,793,0,0,0,1367,1367,C
3-PA,794,8,0,0,1342,1350,C
3-PA,795,1346,0,0,0,1346,A
3-PA,796,1352,0,0,0,1352,A
3-PA,797,0,7,1338,0,1345,G
3-PA,798,1330,0,4,0,1334,A
3-PA,799,0,0,2,1330,1332,C
3-PA,800,7,0,0,1234,1241,C
3-PA,801,1238,0,2,0,1240,A
3-PA,802,1238,0,0,0,1238,A
3-PA,803,0,1236,0,0,1236,T
3-PA,804,6,1,0,1235,1242,C
3-PA,805,1241,0,0,0,1241,A
3-PA,806,1232,0,0,0,1232,A
3-PA,807,1223,0,0,0,1223,A
3-PA,808,0,0,0,1246,1246,C
3-PA,809,0,1221,1,2,1224,T
3-PA,810,0,1225,0,0,1225,T
3-PA,811,2,0,0,1241,1243,C
3-PA,812,0,0,0,1247,1247,C
3-PA,813,1,5,1251,0,1257,G
3-PA,814,1253,0,0,0,1253,A
3-PA,815,1251,1,0,0,1252,A
3-PA,816,0,1255,0,1,1256,T
3-PA,817,0,1,1234,0,1235,G
3-PA,818,0,4,1240,0,1244,G
3-PA,819,1226,0,2,1,1229,A
3-PA,820,0,0,0,1233,1233,C
3-PA,821,4,0,0,1234,1238,C
3-PA,822,1,1243,0,2,1246,T
3-PA,823,10,0,0,1274,1284,C
3-PA,824,0,0,0,1291,1291,C
3-PA,825,0,1279,0,3,1282,T
3-PA,826,0,1291,1,0,1292,T
3-PA,827,0,0,1327,0,1327,G
3-PA,828,1,1315,0,1,1317,T
3-PA,829,0,1315,0,0,1315,T
3-PA,830,1309,0,0,0,1309,A
3-PA,831,0,1258,0,0,1258,T
3-PA,832,4,1,0,1263,1268,C
3-PA,833,1241,0,1,0,1242,A
3-PA,834,0,0,1235,0,1235,G
3-PA,835,1,1,0,1234,1236,C
3-PA,836,0,2,1190,0,1192,G
3-PA,837,1,0,1219,0,1220,G
3-PA,838,0,1210,0,0,1210,T
3-PA,839,7,0,0,1215,1222,C
3-PA,840,3,0,0,1219,1222,C
3-PA,841,1241,0,0,0,1241,A
3-PA,842,1237,0,2,0,1239,A
3-PA,843,1234,0,0,0,1234,A
3-PA,844,0,1228,0,0,1228,T
3-PA,845,0,1224,0,1,1225,T
3-PA,846,5,0,0,1206,1211,C
3-PA,847,1,0,0,1178,1179,C
3-PA,848,0,1170,0,1,1171,T
3-PA,849,3,0,0,1171,1174,C
3-PA,850,0,0,0,1176,1176,C
3-PA,851,0,1182,0,1,1183,T
3-PA,852,1,1,1194,0,1196,G
3-PA,853,1184,0,1,0,1185,A
3-PA,854,0,1191,0,0,1191,T
3-PA,855,0,4,1181,0,1185,G
3-PA,856,1,3,1162,0,1166,G
3-PA,857,1153,0,0,0,1153,A
3-PA,858,0,1147,0,0,1147,T
3-PA,859,1,1,1148,1,1151,G
3-PA,860,0,0,0,1213,1213,C
3-PA,861,0,1201,0,0,1201,T
3-PA,862,0,1210,0,1,1211,T
3-PA,863,0,1215,0,0,1215,T
3-PA,864,1214,0,1,0,1215,A
3-PA,865,1221,0,0,0,1221,A
3-PA,866,1216,0,1,0,1217,A
3-PA,867,1225,0,0,0,1225,A
3-PA,868,0,1216,0,0,1216,T
3-PA,869,0,1137,0,1,1138,T
3-PA,870,0,14,1121,1,1136,G
3-PA,871,1121,0,3,0,1124,A
3-PA,872,1,0,1119,0,1120,G
3-PA,873,1,0,0,1123,1124,C
3-PA,874,1135,0,0,0,1135,A
3-PA,875,1,1153,0,0,1154,T
3-PA,876,0,1152,0,0,1152,T
3-PA,877,0,1,1145,0,1146,G
3-PA,878,1151,0,0,0,1151,A
3-PA,879,1139,0,4,0,1143,A
3-PA,880,0,6,1154,0,1160,G
3-PA,881,1129,0,0,0,1129,A
3-PA,882,0,0,0,1127,1127,C
3-PA,883,2,1,0,1112,1115,C
3-PA,884,3,1,0,1103,1107,C
3-PA,885,1104,0,3,0,1107,A
3-PA,886,1109,0,0,0,1109,A
3-PA,887,0,1,1106,0,1107,G
3-PA,888,0,1085,2,2,1089,T
3-PA,889,14,0,0,1085,1099,C
3-PA,890,1104,1,0,0,1105,A
3-PA,891,0,1,0,1109,1110,C
3-PA,892,1,2,1106,0,1109,G
3-PA,893,1122,0,0,0,1122,A
3-PA,894,1128,0,1,0,1129,A
3-PA,895,1,4,1169,0,1174,G
3-PA,896,1,5,1152,0,1158,G
3-PA,897,1158,0,1,0,1159,A
3-PA,898,0,2,1171,0,1173,G
3-PA,899,1169,0,2,0,1171,A
3-PA,900,1172,0,3,0,1175,A
3-PA,901,1,2,1167,0,1170,G
3-PA,902,0,1,1157,0,1158,G
3-PA,903,0,4,1166,0,1170,G
3-PA,904,1144,0,0,0,1144,A
3-PA,905,1,1138,0,0,1139,T
3-PA,906,5,0,0,1134,1139,C
3-PA,907,3,0,0,1252,1255,C
3-PA,908,4,0,0,1266,1270,C
3-PA,909,1288,0,0,0,1288,A
3-PA,910,0,1286,0,0,1286,T
3-PA,911,0,1297,0,1,1298,T
3-PA,912,1339,0,2,0,1341,A
3-PA,913,0,1336,0,0,1336,T
3-PA,914,1343,0,0,0,1343,A
3-PA,915,0,1318,0,1,1319,T
3-PA,916,0,4,1212,0,1216,G
3-PA,917,1215,0,0,0,1215,A
3-PA,918,0,1201,0,0,1201,T
3-PA,919,0,1,1205,0,1206,G
3-PA,920,0,1,0,1201,1202,C
3-PA,921,3,9,1190,0,1202,G
3-PA,922,1211,0,0,0,1211,A
3-PA,923,0,1211,0,0,1211,T
3-PA,924,10,0,0,1201,1211,C
3-PA,925,1203,0,0,0,1203,A
3-PA,926,1201,0,1,0,1202,A
3-PA,927,1,0,1214,0,1215,G
3-PA,928,0,1191,0,1,1192,T
3-PA,929,0,0,1212,0,1212,G
3-PA,930,2,2,0,1212,1216,C
3-PA,931,1211,0,0,0,1211,A
3-PA,932,0,1216,0,0,1216,T
3-PA,933,1211,0,1,0,1212,A
3-PA,934,1227,0,0,0,1227,A
3-PA,935,1237,0,0,0,1237,A
3-PA,936,1228,0,0,0,1228,A
3-PA,937,1235,0,0,0,1235,A
3-PA,938,0,0,0,1241,1241,C
3-PA,939,1219,0,0,0,1219,A
3-PA,940,0,1206,0,1,1207,T
3-PA,941,0,1216,0,0,1216,T
3-PA,942,1,0,0,1216,1217,C
3-PA,943,0,1196,0,0,1196,T
3-PA,944,1,1206,0,0,1207,T
3-PA,945,0,1195,0,1,1196,T
3-PA,946,1,2,1196,0,1199,G
3-PA,947,2,1,1195,0,1198,G
3-PA,948,1203,0,1,0,1204,A
3-PA,949,0,1198,0,1,1199,T
3-PA,950,0,2,1212,0,1214,G
3-PA,951,0,2,1236,0,1238,G
3-PA,952,1239,0,3,0,1242,A
3-PA,953,1245,0,1,0,1246,A
3-PA,954,1245,0,2,0,1247,A
3-PA,955,0,3,1251,0,1254,G
3-PA,956,1248,0,1,0,1249,A
3-PA,957,1364,0,1,0,1365,A
3-PA,958,1,0,0,1395,1396,C
3-PA,959,4,0,0,1396,1400,C
3-PA,960,0,1395,0,2,1397,T
3-PA,961,0,1419,0,1,1420,T
3-PA,962,1422,0,0,0,1422,A
3-PA,963,1,1423,0,0,1424,T
3-PA,964,1413,0,1,0,1414,A
3-PA,965,0,1418,0,0,1418,T
3-PA,966,1338,0,0,0,1338,A
3-PA,967,0,0,1350,0,1350,G
3-PA,968,0,1326,0,2,1328,T
3-PA,969,10,0,0,1322,1332,C
3-PA,970,1328,0,0,0,1328,A
3-PA,971,1329,0,0,1,1330,A
3-PA,972,1331,0,0,0,1331,A
3-PA,973,0,0,0,1329,1329,C
3-PA,974,3,1,0,1315,1319,C
3-PA,975,1312,1,0,0,1313,A
3-PA,976,0,0,0,1332,1332,C
3-PA,977,1320,0,2,0,1322,A
3-PA,978,0,2,0,1332,1334,C
3-PA,979,0,7,1323,0,1330,G
3-PA,980,1293,0,0,0,1293,A
3-PA,981,1318,0,1,0,1319,A
3-PA,982,1313,0,0,0,1313,A
3-PA,983,1307,0,0,0,1307,A
3-PA,984,1,3,1322,0,1326,G
3-PA,985,0,2,1317,0,1319,G
3-PA,986,0,7,1316,1,1324,G
3-PA,987,1324,0,4,0,1328,A
3-PA,988,1340,0,0,0,1340,A
3-PA,989,0,1336,0,0,1336,T
3-PA,990,1340,0,0,0,1340,A
3-PA,991,1349,0,0,0,1349,A
3-PA,992,1341,0,0,0,1341,A
3-PA,993,0,1333,0,0,1333,T
3-PA,994,0,1333,1,0,1334,T
3-PA,995,8,1,0,1340,1349,C
3-PA,996,1346,0,0,0,1346,A
3-PA,997,1341,0,2,0,1343,A
3-PA,998,1346,0,0,0,1346,A
3-PA,999,0,1347,1,0,1348,T
3-PA,1000,0,1348,0,0,1348,T
3-PA,1001,1352,1,0,0,1353,A
3-PA,1002,1,0,0,1356,1357,C
3-PA,1003,1,1,0,1359,1361,C
3-PA,1004,1,1324,0,1,1326,T
3-PA,1005,1,1,1349,0,1351,G
3-PA,1006,0,2,0,1351,1353,C
3-PA,1007,0,1361,0,1,1362,T
3-PA,1008,0,1,1378,0,1379,G
3-PA,1009,0,1375,0,0,1375,T
3-PA,1010,11,0,0,1381,1392,C
3-PA,1011,1394,0,1,0,1395,A
3-PA,1012,0,1397,0,0,1397,T
3-PA,1013,0,6,1396,0,1402,G
3-PA,1014,0,3,1382,0,1385,G
3-PA,1015,1386,0,0,0,1386,A
3-PA,1016,1416,0,2,0,1418,A
3-PA,1017,0,1,1401,0,1402,G
3-PA,1018,2,2,0,1409,1413,C
3-PA,1019,1412,0,0,0,1412,A
3-PA,1020,1423,0,1,0,1424,A
3-PA,1021,0,0,1423,0,1423,G
3-PA,1022,0,1410,0,0,1410,T
3-PA,1023,1424,0,1,0,1425,A
3-PA,1024,0,0,0,1433,1433,C
3-PA,1025,0,1392,0,1,1393,T
3-PA,1026,1,1,1413,0,1415,G
3-PA,1027,0,1403,0,0,1403,T
3-PA,1028,7,0,0,1399,1406,C
3-PA,1029,1402,0,2,0,1404,A
3-PA,1030,1,5,1410,0,1416,G
3-PA,1031,1403,0,1,0,1404,A
3-PA,1032,1412,0,0,0,1412,A
3-PA,1033,0,1407,0,0,1407,T
3-PA,1034,0,1422,0,0,1422,T
3-PA,1035,0,0,1413,0,1413,G
3-PA,1036,0,1,0,1403,1404,C
3-PA,1037,1407,0,3,0,1410,A
3-PA,1038,0,4,1403,0,1407,G
3-PA,1039,0,8,1378,0,1386,G
3-PA,1040,1399,0,0,0,1399,A
3-PA,1041,0,0,0,1394,1394,C
3-PA,1042,0,0,1381,0,1381,G
3-PA,1043,0,1405,0,1,1406,T
3-PA,1044,0,1427,0,0,1427,T
3-PA,1045,0,4,1419,0,1423,G
3-PA,1046,1422,0,0,1,1423,A
3-PA,1047,1426,0,3,0,1429,A
3-PA,1048,1418,0,1,0,1419,A
3-PA,1049,1418,0,1,1,1420,A
3-PA,1050,0,1424,0,0,1424,T
3-PA,1051,0,2,1430,0,1432,G
3-PA,1052,1409,0,1,0,1410,A
3-PA,1053,0,0,1435,0,1435,G
3-PA,1054,1,3,1419,0,1423,G
3-PA,1055,1414,0,1,0,1415,A
3-PA,1056,0,2,1430,0,1432,G
3-PA,1057,1432,0,1,0,1433,A
3-PA,1058,1433,0,1,0,1434,A
3-PA,1059,0,3,1421,0,1424,G
3-PA,1060,0,1,1419,0,1420,G
3-PA,1061,0,1432,1,1,1434,T
3-PA,1062,0,1450,0,0,1450,T
3-PA,1063,3,0,0,1448,1451,C
3-PA,1064,1,1,3,1460,1465,C
3-PA,1065,1464,0,1,0,1465,A
3-PA,1066,1455,0,1,0,1456,A
3-PA,1067,0,3,1462,0,1465,G
3-PA,1068,1,3,1484,0,1488,G
3-PA,1069,1462,0,10,0,1472,A
3-PA,1070,0,0,0,1497,1497,C
3-PA,1071,0,1504,0,2,1506,T
3-PA,1072,1513,0,2,0,1515,A
3-PA,1073,1508,0,0,0,1508,A
3-PA,1074,1508,0,0,0,1508,A
3-PA,1075,1505,0,1,0,1506,A
3-PA,1076,1497,1,1,0,1499,A
3-PA,1077,0,0,0,1500,1500,C
3-PA,1078,1494,0,1,0,1495,A
3-PA,1079,0,1480,0,0,1480,T
3-PA,1080,0,5,1495,0,1500,G
3-PA,1081,1488,0,2,0,1490,A
3-PA,1082,1497,0,1,0,1498,A
3-PA,1083,0,3,1502,0,1505,G
3-PA,1084,1492,1,2,0,1495,A
3-PA,1085,1503,0,0,0,1503,A
3-PA,1086,1487,0,0,0,1487,A
3-PA,1087,1481,0,4,0,1485,A
3-PA,1088,0,1,0,1491,1492,C
3-PA,1089,1,8,1477,0,1486,G
3-PA,1090,1499,0,1,0,1500,A
3-PA,1091,0,1,1490,1,1492,G
3-PA,1092,1,1480,1,0,1482,T
3-PA,1093,15,1,0,1507,1523,C
3-PA,1094,1526,0,1,0,1527,A
3-PA,1095,1536,1,0,0,1537,A
3-PA,1096,0,0,0,1540,1540,C
3-PA,1097,0,1528,0,0,1528,T
3-PA,1098,0,3,1556,0,1559,G
3-PA,1099,1536,0,0,0,1536,A
3-PA,1100,1536,0,0,0,1536,A
3-PA,1101,0,0,1536,0,1536,G
3-PA,1102,0,1510,0,1,1511,T
3-PA,1103,1,2,1510,0,1513,G
3-PA,1104,1,2,1500,0,1503,G
3-PA,1105,0,0,1508,0,1508,G
3-PA,1106,0,0,0,1515,1515,C
3-PA,1107,0,1506,0,1,1507,T
3-PA,1108,1,0,0,1515,1516,C
3-PA,1109,0,1510,0,0,1510,T
3-PA,1110,0,1516,0,0,1516,T
3-PA,1111,0,5,1546,0,1551,G
3-PA,1112,0,1,1558,0,1559,G
3-PA,1113,0,1540,0,1,1541,T
3-PA,1114,0,7,1551,0,1558,G
3-PA,1115,1552,0,0,0,1552,A
3-PA,1116,1556,0,0,0,1556,A
3-PA,1117,1568,0,1,0,1569,A
3-PA,1118,1568,0,1,0,1569,A
3-PA,1119,0,1,0,1581,1582,C
3-PA,1120,1565,0,1,0,1566,A
3-PA,1121,0,1556,1,0,1557,T
3-PA,1122,0,5,1555,0,1560,G
3-PA,1123,1,0,1565,0,1566,G
3-PA,1124,1,0,0,1572,1573,C
3-PA,1125,1575,2,0,0,1577,A
3-PA,1126,0,1,0,1576,1577,C
3-PA,1127,5,2,0,1578,1585,C
3-PA,1128,1607,1,0,0,1608,A
3-PA,1129,0,3,1613,0,1616,G
3-PA,1130,1592,1,2,0,1595,A
3-PA,1131,0,2,1626,0,1628,G
3-PA,1132,1613,0,0,0,1613,A
3-PA,1133,1600,0,0,0,1600,A
3-PA,1134,0,2,1610,0,1612,G
3-PA,1135,0,0,1617,1,1618,G
3-PA,1136,0,1567,0,1,1568,T
3-PA,1137,1604,0,0,0,1604,A
3-PA,1138,0,3,1599,0,1602,G
3-PA,1139,1592,0,2,0,1594,A
3-PA,1140,0,1,0,1607,1608,C
3-PA,1141,0,1594,0,0,1594,T
3-PA,1142,1,1606,0,0,1607,T
3-PA,1143,0,1604,0,1,1605,T
3-PA,1144,0,4,1601,0,1605,G
3-PA,1145,1612,0,3,0,1615,A
3-PA,1146,1613,0,0,0,1613,A
3-PA,1147,1606,0,1,0,1607,A
3-PA,1148,1603,0,0,0,1603,A
3-PA,1149,0,0,0,1636,1636,C
3-PA,1150,0,1625,0,0,1625,T
3-PA,1151,1,0,1637,0,1638,G
3-PA,1152,0,0,0,1634,1634,C
3-PA,1153,1644,0,0,0,1644,A
3-PA,1154,0,6,1637,0,1643,G
3-PA,1155,1633,0,0,0,1633,A
3-PA,1156,0,5,1706,0,1711,G
3-PA,1157,1702,0,2,0,1704,A
3-PA,1158,0,2,0,1703,1705,C
3-PA,1159,1698,0,3,0,1701,A
3-PA,1160,0,1682,0,0,1682,T
3-PA,1161,1695,0,2,0,1697,A
3-PA,1162,1683,0,1,0,1684,A
3-PA,1163,1,2,1680,0,1683,G
3-PA,1164,1,1,0,1683,1685,C
3-PA,1165,1,8,1645,0,1654,G
3-PA,1166,1690,0,0,0,1690,A
3-PA,1167,1,1679,0,0,1680,T
3-PA,1168,0,1679,0,0,1679,T
3-PA,1169,0,1685,1,0,1686,T
3-PA,1170,1,4,1694,0,1699,G
3-PA,1171,1699,0,0,0,1699,A
3-PA,1172,1689,0,4,0,1693,A
3-PA,1173,0,0,1707,1,1708,G
3-PA,1174,1,0,0,1741,1742,C
3-PA,1175,1737,0,0,0,1737,A
3-PA,1176,1828,0,1,0,1829,A
3-PA,1177,0,1843,0,0,1843,T
3-PA,1178,1832,0,1,0,1833,A
3-PA,1179,0,1837,0,2,1839,T
3-PA,1180,0,6,1843,0,1849,G
3-PA,1181,1865,0,0,0,1865,A
3-PA,1182,0,1858,0,1,1859,T
3-PA,1183,1807,0,1,0,1808,A
3-PA,1184,0,0,1802,1,1803,G
3-PA,1185,0,1743,0,2,1745,T
3-PA,1186,0,4,1746,0,1750,G
3-PA,1187,1740,0,1,0,1741,A
3-PA,1188,0,0,0,1743,1743,C
3-PA,1189,0,14,1723,0,1737,G
3-PA,1190,1739,1,0,0,1740,A
3-PA,1191,1729,0,2,0,1731,A
3-PA,1192,2,0,0,1737,1739,C
3-PA,1193,5,0,0,1747,1752,C
3-PA,1194,0,1762,1,3,1766,T
3-PA,1195,0,5,1806,0,1811,G
3-PA,1196,1795,0,0,0,1795,A
3-PA,1197,1803,0,2,0,1805,A
3-PA,1198,0,1810,0,0,1810,T
3-PA,1199,0,1795,0,0,1795,T
3-PA,1200,1796,0,0,0,1796,A
3-PA,1201,1770,0,0,0,1770,A
3-PA,1202,1,0,1779,0,1780,G
3-PA,1203,0,0,1781,0,1781,G
3-PA,1204,1,1726,1,4,1732,T
3-PA,1205,10,0,0,1719,1729,C
3-PA,1206,1716,0,0,0,1716,A
3-PA,1207,3,0,0,1796,1799,C
3-PA,1208,0,1797,0,3,1800,T
3-PA,1209,0,1794,0,0,1794,T
3-PA,1210,0,1791,0,1,1792,T
3-PA,1211,5,1,0,1786,1792,C
3-PA,1212,1796,0,4,0,1800,A
3-PA,1213,1791,0,0,0,1791,A
3-PA,1214,0,1,1807,0,1808,G
3-PA,1215,0,1,0,1801,1802,C
3-PA,1216,0,1789,0,0,1789,T
3-PA,1217,1,4,1817,0,1822,G
3-PA,1218,0,7,1819,0,1826,G
3-PA,1219,1834,0,4,0,1838,A
3-PA,1220,1,1859,0,0,1860,T
3-PA,1221,1855,0,0,0,1855,A
3-PA,1222,1,1,0,1878,1880,C
3-PA,1223,1855,0,4,0,1859,A
3-PA,1224,0,5,1859,0,1864,G
3-PA,1225,1850,0,2,0,1852,A
3-PA,1226,1825,0,0,0,1825,A
3-PA,1227,0,1811,0,1,1812,T
3-PA,1228,0,10,1818,0,1828,G
3-PA,1229,1799,0,2,0,1801,A
3-PA,1230,0,2,1816,0,1818,G
3-PA,1231,0,1810,0,0,1810,T
3-PA,1232,0,1804,0,2,1806,T
3-PA,1233,4,0,0,1830,1834,C
3-PA,1234,1848,0,1,0,1849,A
3-PA,1235,1852,0,0,1,1853,A
3-PA,1236,1,2,0,1835,1838,C
3-PA,1237,1834,0,0,0,1834,A
3-PA,1238,1819,0,2,0,1821,A
3-PA,1239,0,3,1821,0,1824,G
3-PA,1240,2,1,1812,1,1816,G
3-PA,1241,0,2,0,1808,1810,C
3-PA,1242,0,0,0,1823,1823,C
3-PA,1243,0,1803,0,2,1805,T
3-PA,1244,0,0,1831,0,1831,G
3-PA,1245,1,1802,0,0,1803,T
3-PA,1246,1,8,1824,0,1833,G
3-PA,1247,1821,1,2,0,1824,A
3-PA,1248,0,0,1829,0,1829,G
3-PA,1249,1,0,0,1815,1816,C
3-PA,1250,0,1806,0,2,1808,T
3-PA,1251,1846,0,0,0,1846,A
3-PA,1252,1847,0,0,0,1847,A
3-PA,1253,0,0,0,1859,1859,C
3-PA,1254,0,1838,0,0,1838,T
3-PA,1255,1,9,1834,2,1846,G
3-PA,1256,1817,0,0,0,1817,A
3-PA,1257,0,1808,0,0,1808,T
3-PA,1258,0,1823,0,0,1823,T
3-PA,1259,8,0,0,1826,1834,C
3-PA,1260,1868,1,0,0,1869,A
3-PA,1261,1,1,1904,0,1906,G
3-PA,1262,1,1869,0,3,1873,T
3-PA,1263,6,0,0,1876,1882,C
3-PA,1264,0,1880,0,2,1882,T
3-PA,1265,1,3,1934,0,1938,G
3-PA,1266,0,4,1925,0,1929,G
3-PA,1267,1935,0,2,0,1937,A
3-PA,1268,0,1940,0,0,1940,T
3-PA,1269,1875,0,1,0,1876,A
3-PA,1270,1,3,1869,0,1873,G
3-PA,1271,1850,1,3,0,1854,A
3-PA,1272,0,0,1837,0,1837,G
3-PA,1273,0,0,0,1832,1832,C
3-PA,1274,0,1799,1,0,1800,T
3-PA,1275,10,1,0,1807,1818,C
3-PA,1276,1,4,1827,0,1832,G
3-PA,1277,1829,0,1,0,1830,A
3-PA,1278,1,1821,0,1,1823,T
3-PA,1279,0,10,1819,0,1829,G
3-PA,1280,1849,0,1,0,1850,A
3-PA,1281,1851,0,1,0,1852,A
3-PA,1282,1866,0,1,0,1867,A
3-PA,1283,0,1822,0,1,1823,T
3-PA,1284,0,1844,0,0,1844,T
3-PA,1285,1,4,1860,0,1865,G
3-PA,1286,0,1,1863,0,1864,G
3-PA,1287,1850,0,2,0,1852,A
3-PA,1288,1,3,1851,0,1855,G
3-PA,1289,1830,0,1,0,1831,A
3-PA,1290,1,8,1829,0,1838,G
3-PA,1291,0,6,1842,0,1848,G
3-PA,1292,1851,0,3,0,1854,A
3-PA,1293,1,0,0,1863,1864,C
3-PA,1294,0,0,1853,0,1853,G
3-PA,1295,0,1838,0,0,1838,T
3-PA,1296,1849,0,1,0,1850,A
3-PA,1297,0,0,1850,0,1850,G
3-PA,1298,0,1,0,1833,1834,C
3-PA,1299,4,0,0,1823,1827,C
3-PA,1300,5,1,0,1815,1821,C
3-PA,1301,5,1,0,1842,1848,C
3-PA,1302,1864,0,1,0,1865,A
3-PA,1303,1918,0,0,0,1918,A
3-PA,1304,0,1901,0,0,1901,T
3-PA,1305,0,1895,0,0,1895,T
3-PA,1306,0,8,1879,0,1887,G
3-PA,1307,1859,1,0,0,1860,A
3-PA,1308,1,2,1851,0,1854,G
3-PA,1309,1,1,0,1857,1859,C
3-PA,1310,1842,1,2,0,1845,A
3-PA,1311,0,0,0,1878,1878,C
3-PA,1312,1844,0,0,0,1844,A
3-PA,1313,0,1872,0,1,1873,T
3-PA,1314,0,1882,0,0,1882,T
3-PA,1315,1,1,1880,1,1883,G
3-PA,1316,1,1,0,1872,1874,C
3-PA,1317,1880,0,3,0,1883,A
3-PA,1318,1874,0,1,0,1875,A
3-PA,1319,0,0,1876,0,1876,G
3-PA,1320,1,1,0,1860,1862,C
3-PA,1321,1877,0,0,0,1877,A
3-PA,1322,0,1830,0,0,1830,T
3-PA,1323,0,11,1824,0,1835,G
3-PA,1324,1819,0,0,0,1819,A
3-PA,1325,0,4,1822,0,1826,G
3-PA,1326,1824,0,1,1,1826,A
3-PA,1327,1832,0,0,0,1832,A
3-PA,1328,0,2,1798,0,1800,G
3-PA,1329,0,6,1808,0,1814,G
3-PA,1330,1820,0,0,0,1820,A
3-PA,1331,1822,0,0,0,1822,A
3-PA,1332,0,1817,0,0,1817,T
3-PA,1333,0,1813,0,3,1816,T
3-PA,1334,1838,0,0,0,1838,A
3-PA,1335,0,1830,0,1,1831,T
3-PA,1336,0,1825,0,0,1825,T
3-PA,1337,0,1830,0,0,1830,T
3-PA,1338,7,0,0,1811,1818,C
3-PA,1339,1814,0,3,0,1817,A
3-PA,1340,1,1,0,1848,1850,C
3-PA,1341,1837,0,1,0,1838,A
3-PA,1342,0,0,1855,0,1855,G
3-PA,1343,1,1,0,1843,1845,C
3-PA,1344,1838,0,0,0,1838,A
3-PA,1345,0,1,1852,0,1853,G
3-PA,1346,1838,0,1,0,1839,A
3-PA,1347,0,2,1835,0,1837,G
3-PA,1348,2,0,1842,0,1844,G
3-PA,1349,0,1814,0,1,1815,T
3-PA,1350,0,1,1832,0,1833,G
3-PA,1351,0,1816,0,0,1816,T
3-PA,1352,5,0,0,1800,1805,C
3-PA,1353,3,2,0,1827,1832,C
3-PA,1354,3,2,0,1827,1832,C
3-PA,1355,1854,0,1,0,1855,A
3-PA,1356,0,1875,0,1,1876,T
3-PA,1357,0,1863,0,0,1863,T
3-PA,1358,0,0,1870,0,1870,G
3-PA,1359,0,1847,0,0,1847,T
3-PA,1360,1829,0,1,0,1830,A
3-PA,1361,0,3,1821,0,1824,G
3-PA,1362,1758,0,2,0,1760,A
3-PA,1363,0,1,1773,0,1774,G
3-PA,1364,1,0,1,1729,1731,C
3-PA,1365,8,0,0,1716,1724,C
3-PA,1366,1762,0,0,0,1762,A
3-PA,1367,0,0,0,1761,1761,C
3-PA,1368,0,1769,0,1,1770,T
3-PA,1369,0,3,1771,0,1774,G
3-PA,1370,1768,0,0,0,1768,A
3-PA,1371,1734,0,0,0,1734,A
3-PA,1372,0,1774,0,0,1774,T
3-PA,1373,1788,0,3,0,1791,A
3-PA,1374,1,0,0,1813,1814,C
3-PA,1375,1767,1,1,0,1769,A
3-PA,1376,0,1778,0,0,1778,T
3-PA,1377,1771,0,1,0,1772,A
3-PA,1378,1772,0,1,0,1773,A
3-PA,1379,0,1764,0,1,1765,T
3-PA,1380,0,10,1736,0,1746,G
3-PA,1381,1727,0,0,0,1727,A
3-PA,1382,1697,0,0,0,1697,A
3-PA,1383,0,4,1694,0,1698,G
3-PA,1384,0,3,1697,0,1700,G
3-PA,1385,0,5,1701,0,1706,G
3-PA,1386,0,0,1711,0,1711,G
3-PA,1387,1,1,1724,0,1726,G
3-PA,1388,0,1689,1,0,1690,T
3-PA,1389,1713,0,1,0,1714,A
3-PA,1390,0,1720,0,0,1720,T
3-PA,1391,1732,0,2,0,1734,A
3-PA,1392,1,0,0,1857,1858,C
3-PA,1393,1802,0,0,0,1802,A
3-PA,1394,0,1773,0,0,1773,T
3-PA,1395,0,1762,0,1,1763,T
3-PA,1396,1744,0,0,0,1744,A
3-PA,1397,1763,0,0,0,1763,A
3-PA,1398,0,0,0,1773,1773,C
3-PA,1399,1731,0,0,0,1731,A
3-PA,1400,0,0,0,1729,1729,C
3-PA,1401,0,1560,0,1,1561,T
3-PA,1402,0,0,1601,0,1601,G
3-PA,1403,0,0,0,1566,1566,C
3-PA,1404,5,0,0,1590,1595,C
3-PA,1405,1,0,0,1601,1602,C
3-PA,1406,0,1559,0,2,1561,T
3-PA,1407,0,0,1608,0,1608,G
3-PA,1408,0,1,0,1595,1596,C
3-PA,1409,0,1597,0,0,1597,T
3-PA,1410,9,1,0,1626,1636,C
3-PA,1411,1599,0,0,0,1599,A
3-PA,1412,1609,0,0,0,1609,A
3-PA,1413,0,1604,0,2,1606,T
3-PA,1414,0,2,1600,0,1602,G
3-PA,1415,2,0,0,1591,1593,C
3-PA,1416,1561,0,0,0,1561,A
3-PA,1417,0,1538,4,3,1545,T
3-PA,1418,3,0,0,1536,1539,C
3-PA,1419,3,1,0,1568,1572,C
3-PA,1420,1,1518,0,0,1519,T
3-PA,1421,0,0,1557,0,1557,G
3-PA,1422,0,1543,0,1,1544,T
3-PA,1423,0,3,1544,0,1547,G
3-PA,1424,0,0,0,1539,1539,C
3-PA,1425,1516,0,1,0,1517,A
3-PA,1426,1,1,1523,0,1525,G
3-PA,1427,2,0,0,1510,1512,C
3-PA,1428,1502,0,0,0,1502,A
3-PA,1429,1502,0,1,0,1503,A
3-PA,1430,0,1465,0,0,1465,T
3-PA,1431,1,7,1446,0,1454,G
3-PA,1432,0,4,1445,0,1449,G
3-PA,1433,1460,0,0,0,1460,A
3-PA,1434,0,2,0,1446,1448,C
3-PA,1435,0,10,1436,0,1446,G
3-PA,1436,1450,0,0,0,1450,A
3-PA,1437,0,1450,0,0,1450,T
3-PA,1438,0,1449,0,0,1449,T
3-PA,1439,0,1449,0,0,1449,T
3-PA,1440,0,1442,0,1,1443,T
3-PA,1441,5,0,0,1444,1449,C
3-PA,1442,1456,0,0,0,1456,A
3-PA,1443,1452,0,1,0,1453,A
3-PA,1444,1,0,0,1452,1453,C
3-PA,1445,0,1427,0,0,1427,T
3-PA,1446,1433,0,0,0,1433,A
3-PA,1447,1434,0,0,0,1434,A
3-PA,1448,0,1427,0,0,1427,T
3-PA,1449,0,1418,0,0,1418,T
3-PA,1450,5,0,0,1429,1434,C
3-PA,1451,4,0,0,1424,1428,C
3-PA,1452,4,1,1,1429,1435,C
3-PA,1453,1437,0,1,0,1438,A
3-PA,1454,0,1448,0,1,1449,T
3-PA,1455,0,3,1449,1,1453,G
3-PA,1456,1442,1,0,0,1443,A
3-PA,1457,0,1437,0,0,1437,T
3-PA,1458,1440,0,0,0,1440,A
3-PA,1459,1444,0,1,0,1445,A
3-PA,1460,1,0,1437,0,1438,G
3-PA,1461,1,0,0,1433,1434,C
3-PA,1462,1436,0,0,0,1436,A
3-PA,1463,1400,0,1,0,1401,A
3-PA,1464,0,0,1424,0,1424,G
3-PA,1465,0,1415,0,0,1415,T
3-PA,1466,0,0,1415,0,1415,G
3-PA,1467,2,1,0,1409,1412,C
3-PA,1468,1404,0,1,0,1405,A
3-PA,1469,0,3,1413,0,1416,G
3-PA,1470,1413,0,0,0,1413,A
3-PA,1471,1432,0,0,0,1432,A
3-PA,1472,1,1,0,1421,1423,C
3-PA,1473,0,1384,0,1,1385,T
3-PA,1474,1406,0,0,0,1406,A
3-PA,1475,1392,0,0,0,1392,A
3-PA,1476,1393,0,3,0,1396,A
3-PA,1477,0,7,1402,0,1409,G
3-PA,1478,1339,0,1,0,1340,A
3-PA,1479,0,1,1335,0,1336,G
3-PA,1480,0,0,1298,0,1298,G
3-PA,1481,0,0,1307,0,1307,G
3-PA,1482,1300,0,1,0,1301,A
3-PA,1483,1280,0,0,0,1280,A
3-PA,1484,0,2,1273,0,1275,G
3-PA,1485,0,0,1266,0,1266,G
3-PA,1486,1,0,0,1269,1270,C
3-PA,1487,0,2,1265,0,1267,G
3-PA,1488,1261,0,0,0,1261,A
3-PA,1489,1263,0,0,0,1263,A
3-PA,1490,1267,0,0,0,1267,A
3-PA,1491,1264,0,0,0,1264,A
3-PA,1492,1264,0,0,0,1264,A
3-PA,1493,1,0,0,1266,1267,C
3-PA,1494,7,0,0,1241,1248,C
3-PA,1495,1262,0,0,0,1262,A
3-PA,1496,1266,0,0,0,1266,A
3-PA,1497,0,1266,0,1,1267,T
3-PA,1498,0,1274,1,0,1275,T
3-PA,1499,0,1274,0,0,1274,T
3-PA,1500,1281,0,0,0,1281,A
3-PA,1501,0,1274,0,0,1274,T
3-PA,1502,1268,0,2,0,1270,A
3-PA,1503,0,1260,0,0,1260,T
3-PA,1504,1,1,1249,0,1251,G
3-PA,1505,0,7,1239,0,1246,G
3-PA,1506,1240,0,2,1,1243,A
3-PA,1507,0,1235,0,0,1235,T
3-PA,1508,0,1225,0,1,1226,T
3-PA,1509,6,0,0,1223,1229,C
3-PA,1510,1228,0,1,0,1229,A
3-PA,1511,0,1235,0,1,1236,T
3-PA,1512,4,0,0,1242,1246,C
3-PA,1513,1236,0,0,0,1236,A
3-PA,1514,0,1223,0,0,1223,T
3-PA,1515,1209,1,1,0,1211,A
3-PA,1516,1211,0,0,0,1211,A
3-PA,1517,1204,0,0,0,1204,A
3-PA,1518,0,7,1189,0,1196,G
3-PA,1519,1,1,1179,0,1181,G
3-PA,1520,0,1,1178,0,1179,G
3-PA,1521,1171,0,0,0,1171,A
3-PA,1522,1157,0,0,0,1157,A
3-PA,1523,0,2,1164,0,1166,G
3-PA,1524,1157,0,0,0,1157,A
3-PA,1525,0,1143,0,1,1144,T
3-PA,1526,2,0,0,1142,1144,C
3-PA,1527,0,1125,0,2,1127,T
3-PA,1528,2,1,0,1143,1146,C
3-PA,1529,1148,0,0,0,1148,A
3-PA,1530,0,1144,0,0,1144,T
3-PA,1531,0,1151,0,0,1151,T
3-PA,1532,0,1133,0,0,1133,T
3-PA,1533,1127,0,0,0,1127,A
3-PA,1534,1123,0,0,0,1123,A
3-PA,1535,0,2,1126,0,1128,G
3-PA,1536,0,3,1128,0,1131,G
3-PA,1537,1065,0,0,0,1065,A
3-PA,1538,1070,0,0,0,1070,A
3-PA,1539,0,1064,0,0,1064,T
3-PA,1540,1,7,1062,0,1070,G
3-PA,1541,1084,0,0,0,1084,A
3-PA,1542,0,1,0,1079,1080,C
3-PA,1543,1072,0,1,0,1073,A
3-PA,1544,1,0,0,1068,1069,C
3-PA,1545,1046,0,2,0,1048,A
3-PA,1546,0,2,1041,0,1043,G
3-PA,1547,1036,0,3,0,1039,A
3-PA,1548,0,0,0,1037,1037,C
3-PA,1549,2,0,1025,0,1027,G
3-PA,1550,0,961,0,0,961,T
3-PA,1551,1,2,962,0,965,G
3-PA,1552,0,0,971,0,971,G
3-PA,1553,0,970,0,0,970,T
3-PA,1554,966,0,0,0,966,A
3-PA,1555,956,0,0,0,956,A
3-PA,1556,953,0,0,0,953,A
3-PA,1557,0,951,0,0,951,T
3-PA,1558,0,933,0,0,933,T
3-PA,1559,0,937,0,0,937,T
3-PA,1560,0,929,0,0,929,T
3-PA,1561,0,1,926,0,927,G
3-PA,1562,0,920,0,1,921,T
3-PA,1563,1,8,914,0,923,G
3-PA,1564,917,0,0,0,917,A
3-PA,1565,0,0,915,0,915,G
3-PA,1566,0,1,0,905,906,C
3-PA,1567,917,0,0,0,917,A
3-PA,1568,0,909,0,0,909,T
3-PA,1569,0,2,911,0,913,G
3-PA,1570,0,0,913,0,913,G
3-PA,1571,908,0,0,0,908,A
3-PA,1572,1,0,914,0,915,G
3-PA,1573,0,898,1,0,899,T
3-PA,1574,0,883,0,0,883,T
3-PA,1575,0,889,0,0,889,T
3-PA,1576,0,885,0,0,885,T
3-PA,1577,2,0,0,886,888,C
3-PA,1578,0,885,1,1,887,T
3-PA,1579,2,0,0,879,881,C
3-PA,1580,0,850,0,0,850,T
3-PA,1581,5,0,0,846,851,C
3-PA,1582,844,0,0,0,844,A
3-PA,1583,0,1,0,840,841,C
3-PA,1584,0,812,0,0,812,T
3-PA,1585,0,6,801,0,807,G
3-PA,1586,797,0,0,0,797,A
3-PA,1587,0,0,0,802,802,C
3-PA,1588,1,0,0,797,798,C
3-PA,1589,10,0,0,786,796,C
3-PA,1590,1,2,791,0,794,G
3-PA,1591,785,0,3,0,788,A
3-PA,1592,0,4,779,0,783,G
3-PA,1593,783,0,1,0,784,A
3-PA,1594,0,1,0,776,777,C
3-PA,1595,0,758,0,0,758,T
3-PA,1596,0,726,0,0,726,T
3-PA,1597,1,4,724,0,729,G
3-PA,1598,714,0,0,0,714,A
3-PA,1599,0,0,720,0,720,G
3-PA,1600,0,1,0,700,701,C
3-PA,1601,0,0,0,699,699,C
3-PA,1602,688,0,1,0,689,A
3-PA,1603,2,0,0,690,692,C
3-PA,1604,691,0,0,0,691,A
3-PA,1605,0,692,0,0,692,T
3-PA,1606,685,0,0,0,685,A
3-PA,1607,684,0,0,0,684,A
3-PA,1608,678,0,0,0,678,A
3-PA,1609,0,662,0,0,662,T
3-PA,1610,0,5,662,0,667,G
3-PA,1611,0,1,608,0,609,G
3-PA,1612,0,0,597,0,597,G
3-PA,1613,584,0,0,0,584,A
3-PA,1614,0,1,583,0,584,G
3-PA,1615,576,0,0,0,576,A
3-PA,1616,572,0,1,0,573,A
3-PA,1617,581,0,0,0,581,A
3-PA,1618,0,576,0,0,576,T
3-PA,1619,565,1,0,0,566,A
3-PA,1620,1,0,0,566,567,C
3-PA,1621,0,382,0,0,382,T
3-PA,1622,0,0,384,0,384,G
3-PA,1623,0,302,0,0,302,T
3-PA,1624,1,0,298,0,299,G
3-PA,1625,0,295,0,1,296,T
3-PA,1626,0,242,0,14,256,T
3-PA,1627,1,0,0,258,259,C
3-PA,1628,0,259,0,0,259,T
3-PA,1629,0,260,0,0,260,T
3-PA,1630,0,2,254,0,256,G
3-PA,1631,251,0,0,0,251,A
3-PA,1632,0,0,254,0,254,G
3-PA,1633,246,0,0,0,246,A
3-PA,1634,0,248,0,0,248,T
3-PA,1635,247,0,0,0,247,A
3-PA,1636,0,0,248,1,249,G
3-PA,1637,0,0,248,0,248,G
3-PA,1638,246,0,0,0,246,A
3-PA,1639,0,0,251,0,251,G
3-PA,1640,251,0,1,0,252,A
3-PA,1641,0,249,0,1,250,T
3-PA,1642,250,0,0,0,250,A
3-PA,1643,0,250,0,0,250,T
3-PA,1644,0,0,252,0,252,G
3-PA,1645,0,251,0,0,251,T
3-PA,1646,0,242,0,0,242,T
3-PA,1647,244,0,0,0,244,A
3-PA,1648,0,0,0,245,245,C
3-PA,1649,0,241,0,0,241,T
3-PA,1650,240,0,0,0,240,A
3-PA,1651,235,0,0,0,235,A
3-PA,1652,0,0,240,0,240,G
3-PA,1653,240,0,0,0,240,A
3-PA,1654,235,0,0,0,235,A
3-PA,1655,0,0,231,0,231,G
3-PA,1656,0,227,0,1,228,T
3-PA,1657,0,0,231,0,231,G
3-PA,1658,0,0,0,229,229,C
3-PA,1659,1,1,0,231,233,C
3-PA,1660,233,0,0,0,233,A
3-PA,1661,0,230,0,0,230,T
3-PA,1662,228,0,1,0,229,A
3-PA,1663,0,1,231,0,232,G
3-PA,1664,0,0,232,0,232,G
3-PA,1665,0,0,0,229,229,C
3-PA,1666,1,0,0,231,232,C
3-PA,1667,231,0,0,0,231,A
3-PA,1668,230,0,0,0,230,A
3-PA,1669,225,0,0,0,225,A
3-PA,1670,0,235,0,0,235,T
3-PA,1671,0,233,0,0,233,T
3-PA,1672,0,233,0,0,233,T
3-PA,1673,0,0,0,231,231,C
3-PA,1674,232,0,0,0,232,A
3-PA,1675,232,0,0,0,232,A
3-PA,1676,0,0,236,0,236,G
3-PA,1677,0,0,228,0,228,G
3-PA,1678,1,0,0,228,229,C
3-PA,1679,0,0,0,228,228,C
3-PA,1680,234,0,0,0,234,A
3-PA,1681,241,0,1,0,242,A
3-PA,1682,0,241,0,0,241,T
3-PA,1683,0,0,251,0,251,G
3-PA,1684,0,247,0,0,247,T
3-PA,1685,0,259,0,0,259,T
3-PA,1686,3,0,0,254,257,C
3-PA,1687,0,258,0,0,258,T
3-PA,1688,0,261,0,0,261,T
3-PA,1689,241,0,0,0,241,A
3-PA,1690,0,248,0,0,248,T
3-PA,1691,250,0,0,0,250,A
3-PA,1692,0,247,0,0,247,T
3-PA,1693,0,0,251,0,251,G
3-PA,1694,0,237,0,0,237,T
3-PA,1695,0,1,235,0,236,G
3-PA,1696,232,0,0,0,232,A
3-PA,1697,0,0,232,0,232,G
3-PA,1698,0,1,230,0,231,G
3-PA,1699,237,0,0,0,237,A
3-PA,1700,0,0,0,229,229,C
3-PA,1701,232,0,0,0,232,A
3-PA,1702,227,0,0,0,227,A
3-PA,1703,225,0,0,0,225,A
3-PA,1704,0,0,0,228,228,C
3-PA,1705,0,1,230,0,231,G
3-PA,1706,0,0,237,0,237,G
3-PA,1707,236,0,0,0,236,A
3-PA,1708,238,0,0,0,238,A
3-PA,1709,1,0,0,239,240,C
3-PA,1710,238,0,0,0,238,A
3-PA,1711,0,237,0,1,238,T
3-PA,1712,1,0,0,237,238,C
3-PA,1713,237,0,0,0,237,A
3-PA,1714,236,0,0,0,236,A
3-PA,1715,231,0,0,0,231,A
3-PA,1716,0,0,230,0,230,G
3-PA,1717,0,0,232,0,232,G
3-PA,1718,0,226,0,0,226,T
3-PA,1719,1,0,0,227,228,C
3-PA,1720,234,0,0,0,234,A
3-PA,1721,232,0,0,0,232,A
3-PA,1722,233,0,0,0,233,A
3-PA,1723,235,0,0,0,235,A
3-PA,1724,0,234,0,0,234,T
3-PA,1725,0,0,234,0,234,G
3-PA,1726,229,0,0,0,229,A
3-PA,1727,231,0,0,0,231,A
3-PA,1728,231,0,0,0,231,A
3-PA,1729,0,234,0,0,234,T
3-PA,1730,0,2,232,0,234,G
3-PA,1731,0,0,232,0,232,G
3-PA,1732,0,0,232,0,232,G
3-PA,1733,0,0,234,0,234,G
3-PA,1734,234,0,0,0,234,A
3-PA,1735,234,0,1,0,235,A
3-PA,1736,0,235,0,0,235,T
3-PA,1737,0,0,235,0,235,G
3-PA,1738,0,0,238,0,238,G
3-PA,1739,230,0,0,0,230,A
3-PA,1740,0,2,233,0,235,G
3-PA,1741,233,0,0,0,233,A
3-PA,1742,0,232,0,0,232,T
3-PA,1743,0,0,231,0,231,G
3-PA,1744,233,0,0,0,233,A
3-PA,1745,0,1,234,0,235,G
3-PA,1746,238,0,0,0,238,A
3-PA,1747,0,0,0,232,232,C
3-PA,1748,0,0,234,0,234,G
3-PA,1749,0,233,0,0,233,T
3-PA,1750,0,232,0,0,232,T
3-PA,1751,0,0,234,0,234,G
3-PA,1752,0,0,0,231,231,C
3-PA,1753,2,0,0,234,236,C
3-PA,1754,0,236,0,0,236,T
3-PA,1755,1,0,0,235,236,C
3-PA,1756,0,0,0,240,240,C
3-PA,1757,0,239,0,0,239,T
3-PA,1758,0,242,0,1,243,T
3-PA,1759,1,0,0,243,244,C
3-PA,1760,240,0,1,0,241,A
3-PA,1761,1,0,242,0,243,G
3-PA,1762,0,241,0,1,242,T
3-PA,1763,1,0,0,242,243,C
3-PA,1764,241,0,0,0,241,A
3-PA,1765,0,0,0,257,257,C
3-PA,1766,1,254,0,0,255,T
3-PA,1767,1,0,0,260,261,C
3-PA,1768,0,0,0,258,258,C
3-PA,1769,261,0,0,0,261,A
3-PA,1770,0,1,258,0,259,G
3-PA,1771,1,0,0,260,261,C
3-PA,1772,261,0,0,0,261,A
3-PA,1773,0,0,260,0,260,G
3-PA,1774,255,0,0,0,255,A
3-PA,1775,0,250,0,1,251,T
3-PA,1776,0,2,0,247,249,C
3-PA,1777,0,1,251,0,252,G
3-PA,1778,250,0,0,0,250,A
3-PA,1779,0,3,249,0,252,G
3-PA,1780,251,0,0,0,251,A
3-PA,1781,0,0,253,0,253,G
3-PA,1782,0,0,0,254,254,C
3-PA,1783,252,0,0,0,252,A
3-PA,1784,0,255,0,0,255,T
3-PA,1785,0,0,262,0,262,G
3-PA,1786,260,0,0,0,260,A
3-PA,1787,0,261,0,0,261,T
3-PA,1788,0,258,0,0,258,T
3-PA,1789,0,2,253,0,255,G
3-PA,1790,252,0,0,0,252,A
3-PA,1791,253,0,0,0,253,A
3-PA,1792,0,0,255,0,255,G
3-PA,1793,0,0,0,251,251,C
3-PA,1794,0,0,0,255,255,C
3-PA,1795,0,1,250,0,251,G
3-PA,1796,251,0,0,0,251,A
3-PA,1797,0,0,255,0,255,G
3-PA,1798,0,251,0,0,251,T
3-PA,1799,0,0,0,251,251,C
3-PA,1800,2,1,0,246,249,C
3-PA,1801,0,247,0,0,247,T
3-PA,1802,1,0,0,256,257,C
3-PA,1803,0,2,255,0,257,G
3-PA,1804,0,0,264,0,264,G
3-PA,1805,0,264,0,0,264,T
3-PA,1806,0,266,0,0,266,T
3-PA,1807,262,0,0,0,262,A
3-PA,1808,263,0,0,0,263,A
3-PA,1809,261,0,0,0,261,A
3-PA,1810,0,0,271,0,271,G
3-PA,1811,269,0,0,0,269,A
3-PA,1812,0,1,269,0,270,G
3-PA,1813,258,0,0,0,258,A
3-PA,1814,256,0,0,0,256,A
3-PA,1815,257,0,0,0,257,A
3-PA,1816,0,1,259,0,260,G
3-PA,1817,258,0,1,0,259,A
3-PA,1818,0,0,0,261,261,C
3-PA,1819,257,0,0,0,257,A
3-PA,1820,0,256,0,1,257,T
3-PA,1821,0,3,252,0,255,G
3-PA,1822,255,0,0,0,255,A
3-PA,1823,0,1,0,253,254,C
3-PA,1824,1,0,0,258,259,C
3-PA,1825,256,0,0,0,256,A
3-PA,1826,257,0,0,0,257,A
3-PA,1827,255,0,1,0,256,A
3-PA,1828,0,0,261,0,261,G
3-PA,1829,256,0,0,0,256,A
3-PA,1830,0,0,256,0,256,G
3-PA,1831,0,251,0,1,252,T
3-PA,1832,0,251,0,0,251,T
3-PA,1833,0,250,0,0,250,T
3-PA,1834,0,252,0,0,252,T
3-PA,1835,0,255,0,0,255,T
3-PA,1836,0,252,0,1,253,T
3-PA,1837,0,1,256,0,257,G
3-PA,1838,254,0,0,0,254,A
3-PA,1839,0,2,252,0,254,G
3-PA,1840,250,0,0,0,250,A
3-PA,1841,255,0,0,0,255,A
3-PA,1842,0,252,0,2,254,T
3-PA,1843,253,0,0,0,253,A
3-PA,1844,255,0,0,0,255,A
3-PA,1845,258,0,0,0,258,A
3-PA,1846,0,258,0,0,258,T
3-PA,1847,0,0,0,257,257,C
3-PA,1848,251,0,0,0,251,A
3-PA,1849,0,1,250,0,251,G
3-PA,1850,252,0,0,0,252,A
3-PA,1851,248,0,0,0,248,A
3-PA,1852,0,0,248,0,248,G
3-PA,1853,0,0,0,242,242,C
3-PA,1854,243,0,0,0,243,A
3-PA,1855,0,237,0,0,237,T
3-PA,1856,0,0,244,0,244,G
3-PA,1857,0,0,240,0,240,G
3-PA,1858,0,0,0,239,239,C
3-PA,1859,0,0,0,250,250,C
3-PA,1860,0,0,0,253,253,C
3-PA,1861,257,0,0,0,257,A
3-PA,1862,0,257,0,1,258,T
3-PA,1863,0,257,0,0,257,T
3-PA,1864,0,1,257,0,258,G
3-PA,1865,0,0,257,0,257,G
3-PA,1866,0,0,252,0,252,G
3-PA,1867,0,0,254,0,254,G
3-PA,1868,244,0,0,0,244,A
3-PA,1869,0,0,248,0,248,G
3-PA,1870,0,248,0,0,248,T
3-PA,1871,0,0,0,250,250,C
3-PA,1872,0,0,0,255,255,C
3-PA,1873,0,0,0,260,260,C
3-PA,1874,0,0,0,257,257,C
3-PA,1875,1,0,0,261,262,C
3-PA,1876,262,0,1,0,263,A
3-PA,1877,263,0,0,0,263,A
3-PA,1878,0,0,265,0,265,G
3-PA,1879,0,0,255,0,255,G
3-PA,1880,0,0,251,0,251,G
3-PA,1881,0,1,241,0,242,G
3-PA,1882,0,1,248,0,249,G
3-PA,1883,0,242,0,0,242,T
3-PA,1884,0,0,250,0,250,G
3-PA,1885,0,1,246,0,247,G
3-PA,1886,250,1,0,0,251,A
3-PA,1887,250,0,0,0,250,A
3-PA,1888,0,0,251,0,251,G
3-PA,1889,246,0,0,0,246,A
3-PA,1890,246,0,0,0,246,A
3-PA,1891,0,0,244,0,244,G
3-PA,1892,0,0,245,0,245,G
3-PA,1893,0,241,0,0,241,T
3-PA,1894,0,242,0,0,242,T
3-PA,1895,0,0,0,244,244,C
3-PA,1896,0,0,0,244,244,C
3-PA,1897,242,0,0,0,242,A
3-PA,1898,0,243,0,0,243,T
3-PA,1899,0,243,0,0,243,T
3-PA,1900,0,0,243,0,243,G
3-PA,1901,0,1,236,0,237,G
3-PA,1902,0,2,241,0,243,G
3-PA,1903,242,0,0,0,242,A
3-PA,1904,243,0,0,0,243,A
3-PA,1905,241,0,0,0,241,A
3-PA,1906,0,0,242,0,242,G
3-PA,1907,0,237,0,0,237,T
3-PA,1908,0,0,0,246,246,C
3-PA,1909,0,242,0,0,242,T
3-PA,1910,0,0,245,0,245,G
3-PA,1911,0,243,0,0,243,T
3-PA,1912,243,0,1,0,244,A
3-PA,1913,0,1,242,0,243,G
3-PA,1914,0,0,237,1,238,G
3-PA,1915,230,0,0,0,230,A
3-PA,1916,0,0,0,238,238,C
3-PA,1917,0,233,0,0,233,T
3-PA,1918,1,0,0,239,240,C
3-PA,1919,0,242,0,0,242,T
3-PA,1920,240,0,0,0,240,A
3-PA,1921,0,241,0,0,241,T
3-PA,1922,0,240,0,0,240,T
3-PA,1923,0,1,241,0,242,G
3-PA,1924,0,0,239,0,239,G
3-PA,1925,0,1,0,237,238,C
3-PA,1926,0,243,0,0,243,T
3-PA,1927,227,0,0,0,227,A
3-PA,1928,233,0,0,0,233,A
3-PA,1929,0,0,230,0,230,G
3-PA,1930,0,229,0,1,230,T
3-PA,1931,3,0,0,226,229,C
3-PA,1932,229,0,0,0,229,A
3-PA,1933,0,0,232,0,232,G
3-PA,1934,0,225,0,0,225,T
3-PA,1935,236,0,0,0,236,A
3-PA,1936,0,236,0,0,236,T
3-PA,1937,0,237,0,0,237,T
3-PA,1938,0,0,0,239,239,C
3-PA,1939,240,0,0,0,240,A
3-PA,1940,236,0,0,0,236,A
3-PA,1941,0,239,0,0,239,T
3-PA,1942,225,0,1,0,226,A
3-PA,1943,0,0,222,0,222,G
3-PA,1944,0,0,0,220,220,C
3-PA,1945,0,0,0,228,228,C
3-PA,1946,0,223,0,0,223,T
3-PA,1947,0,0,227,0,227,G
3-PA,1948,0,226,0,0,226,T
3-PA,1949,225,0,0,0,225,A
3-PA,1950,0,224,0,1,225,T
3-PA,1951,0,0,224,0,224,G
3-PA,1952,0,0,0,218,218,C
3-PA,1953,214,0,0,0,214,A
3-PA,1954,0,212,0,0,212,T
3-PA,1955,1,0,0,212,213,C
3-PA,1956,199,0,0,0,199,A
3-PA,1957,0,0,0,200,200,C
3-PA,1958,0,0,0,201,201,C
3-PA,1959,197,0,0,0,197,A
3-PA,1960,0,0,0,201,201,C
3-PA,1961,198,0,0,1,199,A
3-PA,1962,204,0,0,0,204,A
3-PA,1963,0,202,0,0,202,T
3-PA,1964,0,202,0,0,202,T
3-PA,1965,0,0,200,0,200,G
3-PA,1966,0,1,196,0,197,G
3-PA,1967,199,0,0,0,199,A
3-PA,1968,199,0,0,0,199,A
3-PA,1969,0,1,198,0,199,G
3-PA,1970,0,0,196,0,196,G
3-PA,1971,198,0,0,0,198,A
3-PA,1972,0,198,0,0,198,T
3-PA,1973,0,198,0,0,198,T
3-PA,1974,0,197,0,0,197,T
3-PA,1975,0,196,0,0,196,T
3-PA,1976,1,0,0,198,199,C
3-PA,1977,199,0,0,0,199,A
3-PA,1978,0,0,199,0,199,G
3-PA,1979,0,0,0,198,198,C
3-PA,1980,0,0,195,0,195,G
3-PA,1981,0,1,192,0,193,G
3-PA,1982,197,0,0,0,197,A
3-PA,1983,0,0,197,0,197,G
3-PA,1984,0,197,0,0,197,T
3-PA,1985,0,0,0,199,199,C
3-PA,1986,200,0,0,0,200,A
3-PA,1987,200,0,0,0,200,A
3-PA,1988,0,0,200,0,200,G
3-PA,1989,201,0,0,0,201,A
3-PA,1990,200,0,0,0,200,A
3-PA,1991,201,0,0,0,201,A
3-PA,1992,195,0,0,0,195,A
3-PA,1993,0,0,0,195,195,C
3-PA,1994,0,192,0,0,192,T
3-PA,1995,0,1,190,0,191,G
3-PA,1996,0,0,0,183,183,C
3-PA,1997,0,194,0,0,194,T
3-PA,1998,0,0,0,191,191,C
3-PA,1999,1,0,0,188,189,C
3-PA,2000,0,193,0,0,193,T
3-PA,2001,0,193,0,0,193,T
3-PA,2002,0,0,193,0,193,G
3-PA,2003,0,193,0,0,193,T
3-PA,2004,0,189,0,0,189,T
3-PA,2005,0,0,192,0,192,G
3-PA,2006,0,187,0,0,187,T
3-PA,2007,0,183,0,0,183,T
3-PA,2008,0,0,0,188,188,C
3-PA,2009,181,1,0,0,182,A
3-PA,2010,0,0,180,0,180,G
3-PA,2011,0,0,178,0,178,G
3-PA,2012,0,0,0,180,180,C
3-PA,2013,0,174,0,0,174,T
3-PA,2014,0,0,0,183,183,C
3-PA,2015,0,183,0,0,183,T
3-PA,2016,0,185,0,0,185,T
3-PA,2017,185,0,0,0,185,A
3-PA,2018,0,1,183,0,184,G
3-PA,2019,0,0,184,0,184,G
3-PA,2020,0,1,182,0,183,G
3-PA,2021,179,0,0,0,179,A
3-PA,2022,0,0,0,173,173,C
3-PA,2023,169,0,0,0,169,A
3-PA,2024,167,0,0,0,167,A
3-PA,2025,0,0,0,165,165,C
3-PA,2026,0,0,0,169,169,C
3-PA,2027,0,166,0,0,166,T
3-PA,2028,0,0,0,166,166,C
3-PA,2029,0,1,165,0,166,G
3-PA,2030,168,0,0,0,168,A
3-PA,2031,166,0,0,0,166,A
3-PA,2032,0,0,0,162,162,C
3-PA,2033,1,0,0,160,161,C
3-PA,2034,0,159,0,0,159,T
3-PA,2035,0,1,160,0,161,G
3-PA,2036,0,0,159,0,159,G
3-PA,2037,0,0,159,0,159,G
3-PA,2038,159,0,0,0,159,A
3-PA,2039,0,0,0,156,156,C
3-PA,2040,0,0,0,156,156,C
3-PA,2041,0,158,0,0,158,T
3-PA,2042,0,156,0,0,156,T
3-PA,2043,0,157,0,0,157,T
3-PA,2044,0,0,159,0,159,G
3-PA,2045,156,0,0,0,156,A
3-PA,2046,0,154,0,0,154,T
3-PA,2047,0,0,0,156,156,C
3-PA,2048,0,156,0,0,156,T
3-PA,2049,0,154,0,0,154,T
3-PA,2050,0,0,154,0,154,G
3-PA,2051,0,0,153,0,153,G
3-PA,2052,0,0,152,0,152,G
3-PA,2053,0,1,148,0,149,G
3-PA,2054,0,0,151,0,151,G
3-PA,2055,0,0,151,0,151,G
3-PA,2056,0,0,0,149,149,C
3-PA,2057,0,150,0,0,150,T
3-PA,2058,152,0,0,0,152,A
3-PA,2059,0,149,0,0,149,T
3-PA,2060,149,0,1,0,150,A
3-PA,2061,0,148,0,0,148,T
3-PA,2062,0,1,138,0,139,G
3-PA,2063,138,0,0,0,138,A
3-PA,2064,136,0,0,0,136,A
3-PA,2065,0,0,137,0,137,G
3-PA,2066,0,0,0,138,138,C
3-PA,2067,131,0,0,0,131,A
3-PA,2068,134,0,0,0,134,A
3-PA,2069,0,134,0,0,134,T
3-PA,2070,0,134,0,0,134,T
3-PA,2071,0,0,134,0,134,G
3-PA,2072,132,0,0,0,132,A
3-PA,2073,0,0,132,0,132,G
3-PA,2074,0,0,133,0,133,G
3-PA,2075,128,0,0,0,128,A
3-PA,2076,0,0,129,0,129,G
3-PA,2077,0,112,0,1,113,T
3-PA,2078,0,0,111,0,111,G
3-PA,2079,0,0,0,108,108,C
3-PA,2080,1,0,0,110,111,C
3-PA,2081,0,113,0,0,113,T
3-PA,2082,0,0,114,0,114,G
3-PA,2083,114,0,0,0,114,A
3-PA,2084,0,114,0,0,114,T
3-PA,2085,0,112,0,0,112,T
3-PA,2086,113,0,0,0,113,A
3-PA,2087,112,0,0,0,112,A
3-PA,2088,0,111,0,0,111,T
3-PA,2089,0,0,111,0,111,G
3-PA,2090,110,0,0,0,110,A
3-PA,2091,0,109,0,0,109,T
3-PA,2092,2,0,0,104,106,C
3-PA,2093,0,0,0,102,102,C
3-PA,2094,0,0,0,105,105,C
3-PA,2095,0,105,0,0,105,T
3-PA,2096,0,1,104,0,105,G
3-PA,2097,0,0,103,0,103,G
3-PA,2098,0,0,105,0,105,G
3-PA,2099,0,103,0,1,104,T
3-PA,2100,0,100,0,0,100,T
3-PA,2101,0,99,0,0,99,T
3-PA,2102,0,98,0,0,98,T
3-PA,2103,0,0,98,0,98,G
3-PA,2104,0,0,0,98,98,C
3-PA,2105,0,97,0,0,97,T
3-PA,2106,1,0,0,98,99,C
3-PA,2107,96,0,0,0,96,A
3-PA,2108,96,0,0,0,96,A
3-PA,2109,0,95,0,0,95,T
3-PA,2110,0,1,94,0,95,G
3-PA,2111,0,0,0,95,95,C
3-PA,2112,0,0,95,0,95,G
3-PA,2113,0,94,0,0,94,T
3-PA,2114,0,0,0,93,93,C
3-PA,2115,0,95,0,0,95,T
3-PA,2116,0,93,0,0,93,T
3-PA,2117,0,0,94,0,94,G
3-PA,2118,0,0,94,0,94,G
3-PA,2119,0,92,0,1,93,T
3-PA,2120,1,90,0,0,91,T
3-PA,2121,0,0,0,92,92,C
3-PA,2122,88,0,0,0,88,A
3-PA,2123,88,0,0,0,88,A
3-PA,2124,0,0,0,89,89,C
3-PA,2125,0,88,0,0,88,T
3-PA,2126,2,0,0,82,84,C
3-PA,2127,0,0,0,84,84,C
3-PA,2128,0,81,0,0,81,T
3-PA,2129,0,79,0,0,79,T
3-PA,2130,1,0,0,77,78,C
3-PA,2131,1,0,0,80,81,C
3-PA,2132,0,78,0,0,78,T
3-PA,2133,0,0,78,0,78,G
3-PA,2134,80,0,0,0,80,A
3-PA,2135,0,0,0,76,76,C
3-PA,2136,68,0,0,0,68,A
3-PA,2137,0,0,0,67,67,C
3-PA,2138,64,1,0,0,65,A
3-PA,2139,0,63,0,0,63,T
3-PA,2140,0,0,64,0,64,G
3-PA,2141,0,0,0,63,63,C
3-PA,2142,63,0,0,0,63,A
3-PA,2143,0,62,0,0,62,T
3-PA,2144,0,64,0,0,64,T
3-PA,2145,64,0,0,0,64,A
3-PA,2146,64,0,0,0,64,A
3-PA,2147,64,0,0,0,64,A
3-PA,2148,63,0,0,0,63,A
3-PA,2149,0,62,0,0,62,T
3-PA,2150,55,0,0,0,55,A
3-PA,2151,0,0,54,0,54,G
4-HA,1,135,0,0,0,135,A
4-HA,2,0,134,0,0,134,T
4-HA,3,0,0,138,0,138,G
4-HA,4,137,0,0,0,137,A
4-HA,5,143,0,0,0,143,A
4-HA,6,0,0,153,0,153,G
4-HA,7,153,0,0,0,153,A
4-HA,8,0,0,0,168,168,C
4-HA,9,0,170,0,0,170,T
4-HA,10,168,0,0,0,168,A
4-HA,11,0,181,0,0,181,T
4-HA,12,0,0,0,182,182,C
4-HA,13,181,0,1,0,182,A
4-HA,14,0,184,0,0,184,T
4-HA,15,0,182,0,0,182,T
4-HA,16,0,0,197,0,197,G
4-HA,17,0,0,0,196,196,C
4-HA,18,0,196,0,0,196,T
4-HA,19,0,199,0,0,199,T
4-HA,20,0,198,0,0,198,T
4-HA,21,0,1,213,0,214,G
4-HA,22,215,0,0,0,215,A
4-HA,23,0,0,219,0,219,G
4-HA,24,0,0,0,223,223,C
4-HA,25,0,229,0,0,229,T
4-HA,26,243,0,0,0,243,A
4-HA,27,0,1,0,247,248,C
4-HA,28,254,0,0,0,254,A
4-HA,29,0,273,0,0,273,T
4-HA,30,0,272,0,0,272,T
4-HA,31,1,0,0,275,276,C
4-HA,32,0,273,0,1,274,T
4-HA,33,279,0,0,0,279,A
4-HA,34,0,278,0,0,278,T
4-HA,35,0,0,282,0,282,G
4-HA,36,0,280,0,1,281,T
4-HA,37,1,0,0,280,281,C
4-HA,38,0,282,0,0,282,T
4-HA,39,0,0,282,0,282,G
4-HA,40,0,0,285,0,285,G
4-HA,41,0,281,0,0,281,T
4-HA,42,0,283,0,0,283,T
4-HA,43,0,288,0,0,288,T
4-HA,44,0,288,0,0,288,T
4-HA,45,0,0,0,285,285,C
4-HA,46,0,0,286,0,286,G
4-HA,47,0,0,0,289,289,C
4-HA,48,0,285,0,1,286,T
4-HA,49,0,0,0,287,287,C
4-HA,50,288,0,0,0,288,A
4-HA,51,286,0,0,0,286,A
4-HA,52,288,0,0,0,288,A
4-HA,53,285,0,0,0,285,A
4-HA,54,283,0,0,0,283,A
4-HA,55,0,0,0,291,291,C
4-HA,56,0,290,0,0,290,T
4-HA,57,0,292,0,0,292,T
4-HA,58,0,0,0,291,291,C
4-HA,59,0,0,0,290,290,C
4-HA,60,0,293,0,0,293,T
4-HA,61,0,1,292,0,293,G
4-HA,62,0,1,290,0,291,G
4-HA,63,294,0,0,0,294,A
4-HA,64,296,0,0,0,296,A
4-HA,65,299,0,0,0,299,A
4-HA,66,0,302,0,1,303,T
4-HA,67,0,2,301,0,303,G
4-HA,68,302,0,0,0,302,A
4-HA,69,0,0,0,311,311,C
4-HA,70,309,0,1,0,310,A
4-HA,71,309,0,0,0,309,A
4-HA,72,0,0,0,315,315,C
4-HA,73,316,0,0,0,316,A
4-HA,74,0,0,320,0,320,G
4-HA,75,1,0,0,315,316,C
4-HA,76,312,0,0,0,312,A
4-HA,77,0,2,0,331,333,C
4-HA,78,0,2,325,0,327,G
4-HA,79,0,0,330,0,330,G
4-HA,80,0,0,0,332,332,C
4-HA,81,335,0,0,0,335,A
4-HA,82,339,0,0,0,339,A
4-HA,83,0,1,0,339,340,C
4-HA,84,0,0,347,0,347,G
4-HA,85,0,0,0,350,350,C
4-HA,86,0,349,0,0,349,T
4-HA,87,0,0,354,0,354,G
4-HA,88,0,353,0,0,353,T
4-HA,89,0,0,374,0,374,G
4-HA,90,0,0,0,379,379,C
4-HA,91,1,0,0,388,389,C
4-HA,92,1,383,0,0,384,T
4-HA,93,0,379,0,0,379,T
4-HA,94,0,1,375,0,376,G
4-HA,95,0,2,372,0,374,G
4-HA,96,1,0,382,0,383,G
4-HA,97,0,1,0,391,392,C
4-HA,98,397,0,0,0,397,A
4-HA,99,1,0,0,403,404,C
4-HA,100,2,0,0,399,401,C
4-HA,101,439,0,0,0,439,A
4-HA,102,0,443,0,0,443,T
4-HA,103,0,0,444,0,444,G
4-HA,104,0,0,0,444,444,C
4-HA,105,444,1,0,0,445,A
4-HA,106,0,0,485,0,485,G
4-HA,107,0,483,0,0,483,T
4-HA,108,487,0,0,0,487,A
4-HA,109,0,0,0,487,487,C
4-HA,110,1,0,0,472,473,C
4-HA,111,478,0,0,0,478,A
4-HA,112,474,0,0,0,474,A
4-HA,113,477,0,0,0,477,A
4-HA,114,0,1,0,482,483,C
4-HA,115,0,0,470,0,470,G
4-HA,116,0,5,475,0,480,G
4-HA,117,478,0,0,0,478,A
4-HA,118,483,0,0,0,483,A
4-HA,119,0,0,0,485,485,C
4-HA,120,0,1,482,0,483,G
4-HA,121,0,0,475,0,475,G
4-HA,122,0,501,0,0,501,T
4-HA,123,507,0,0,0,507,A
4-HA,124,0,0,506,0,506,G
4-HA,125,0,491,0,0,491,T
4-HA,126,0,4,497,1,502,G
4-HA,127,501,1,0,0,502,A
4-HA,128,507,0,0,0,507,A
4-HA,129,502,1,0,0,503,A
4-HA,130,496,0,0,0,496,A
4-HA,131,0,0,0,503,503,C
4-HA,132,511,0,0,0,511,A
4-HA,133,506,0,1,0,507,A
4-HA,134,0,506,0,1,507,T
4-HA,135,1,0,0,513,514,C
4-HA,136,512,0,0,0,512,A
4-HA,137,0,0,0,514,514,C
4-HA,138,0,5,510,0,515,G
4-HA,139,503,0,0,0,503,A
4-HA,140,507,0,0,0,507,A
4-HA,141,0,513,0,0,513,T
4-HA,142,0,4,507,0,511,G
4-HA,143,519,0,0,0,519,A
4-HA,144,0,0,0,516,516,C
4-HA,145,1,0,0,517,518,C
4-HA,146,524,0,0,0,524,A
4-HA,147,526,0,0,0,526,A
4-HA,148,528,0,0,0,528,A
4-HA,149,0,531,0,0,531,T
4-HA,150,0,532,0,0,532,T
4-HA,151,0,0,530,0,530,G
4-HA,152,531,0,0,0,531,A
4-HA,153,533,0,1,0,534,A
4-HA,154,1,1,536,0,538,G
4-HA,155,0,529,0,0,529,T
4-HA,156,0,547,0,0,547,T
4-HA,157,549,0,0,0,549,A
4-HA,158,0,0,0,551,551,C
4-HA,159,0,562,0,0,562,T
4-HA,160,554,0,0,0,554,A
4-HA,161,565,0,0,0,565,A
4-HA,162,0,565,0,0,565,T
4-HA,163,1,0,565,0,566,G
4-HA,164,1,0,0,583,584,C
4-HA,165,0,576,0,1,577,T
4-HA,166,579,0,0,0,579,A
4-HA,167,0,0,0,583,583,C
4-HA,168,0,580,0,0,580,T
4-HA,169,0,1,578,0,579,G
4-HA,170,568,0,0,0,568,A
4-HA,171,1,0,573,0,574,G
4-HA,172,1,0,0,575,576,C
4-HA,173,0,569,0,1,570,T
4-HA,174,0,2,573,0,575,G
4-HA,175,0,0,581,0,581,G
4-HA,176,0,591,0,0,591,T
4-HA,177,0,593,0,0,593,T
4-HA,178,2,0,0,584,586,C
4-HA,179,594,0,0,0,594,A
4-HA,180,0,1,592,0,593,G
4-HA,181,588,0,0,0,588,A
4-HA,182,0,0,600,0,600,G
4-HA,183,0,600,0,1,601,T
4-HA,184,0,599,0,0,599,T
4-HA,185,1,0,0,607,608,C
4-HA,186,0,0,0,605,605,C
4-HA,187,0,603,0,1,604,T
4-HA,188,1,0,0,607,608,C
4-HA,189,611,0,0,0,611,A
4-HA,190,610,0,0,0,610,A
4-HA,191,0,0,0,616,616,C
4-HA,192,597,0,0,0,597,A
4-HA,193,0,0,605,0,605,G
4-HA,194,0,1,602,0,603,G
4-HA,195,0,589,0,1,590,T
4-HA,196,1,1,603,0,605,G
4-HA,197,602,0,0,0,602,A
4-HA,198,602,0,0,0,602,A
4-HA,199,623,0,0,0,623,A
4-HA,200,0,614,0,0,614,T
4-HA,201,619,0,1,0,620,A
4-HA,202,0,613,0,0,613,T
4-HA,203,0,0,611,0,611,G
4-HA,204,0,1,0,618,619,C
4-HA,205,0,3,607,1,611,G
4-HA,206,608,0,1,0,609,A
4-HA,207,0,0,0,615,615,C
4-HA,208,604,0,0,0,604,A
4-HA,209,0,0,633,0,633,G
4-HA,210,0,631,0,1,632,T
4-HA,211,3,0,0,640,643,C
4-HA,212,2,1,0,643,646,C
4-HA,213,0,644,0,0,644,T
4-HA,214,2,1,0,655,658,C
4-HA,215,651,0,0,0,651,A
4-HA,216,0,659,0,0,659,T
4-HA,217,1,0,0,655,656,C
4-HA,218,640,0,0,0,640,A
4-HA,219,0,0,643,0,643,G
4-HA,220,637,0,0,0,637,A
4-HA,221,0,637,0,2,639,T
4-HA,222,0,0,0,639,639,C
4-HA,223,0,0,1,635,636,C
4-HA,224,0,633,0,0,633,T
4-HA,225,0,630,0,0,630,T
4-HA,226,0,0,629,0,629,G
4-HA,227,622,0,2,0,624,A
4-HA,228,0,625,0,1,626,T
4-HA,229,0,0,627,0,627,G
4-HA,230,1,3,620,0,624,G
4-HA,231,623,0,0,0,623,A
4-HA,232,624,0,0,0,624,A
4-HA,233,628,0,0,0,628,A
4-HA,234,630,0,0,0,630,A
4-HA,235,626,0,1,0,627,A
4-HA,236,631,0,0,0,631,A
4-HA,237,1,0,0,636,637,C
4-HA,238,0,626,0,0,626,T
4-HA,239,0,0,627,0,627,G
4-HA,240,0,0,0,627,627,C
4-HA,241,626,0,0,0,626,A
4-HA,242,0,0,0,651,651,C
4-HA,243,646,0,0,0,646,A
4-HA,244,0,0,0,750,750,C
4-HA,245,0,744,0,0,744,T
4-HA,246,755,0,1,0,756,A
4-HA,247,755,0,0,0,755,A
4-HA,248,0,756,0,0,756,T
4-HA,249,759,0,0,0,759,A
4-HA,250,1,1,755,0,757,G
4-HA,251,752,0,0,0,752,A
4-HA,252,1,743,0,0,744,T
4-HA,253,0,0,716,0,716,G
4-HA,254,0,0,0,725,725,C
4-HA,255,0,721,0,0,721,T
4-HA,256,4,0,0,756,760,C
4-HA,257,0,757,0,0,757,T
4-HA,258,773,0,0,0,773,A
4-HA,259,0,771,0,1,772,T
4-HA,260,0,768,0,1,769,T
4-HA,261,0,3,782,0,785,G
4-HA,262,0,0,774,0,774,G
4-HA,263,0,1,781,0,782,G
4-HA,264,767,0,6,0,773,A
4-HA,265,0,0,774,0,774,G
4-HA,266,764,0,2,0,766,A
4-HA,267,0,1,0,897,898,C
4-HA,268,3,0,0,916,919,C
4-HA,269,3,0,0,929,932,C
4-HA,270,0,930,0,1,931,T
4-HA,271,3,0,0,973,976,C
4-HA,272,982,0,0,0,982,A
4-HA,273,0,1,1068,0,1069,G
4-HA,274,0,1060,0,0,1060,T
4-HA,275,1,19,1067,0,1087,G
4-HA,276,0,1048,0,0,1048,T
4-HA,277,0,3,1041,0,1044,G
4-HA,278,1032,18,2,0,1052,A
4-HA,279,0,1054,0,0,1054,T
4-HA,280,1,5,1041,0,1047,G
4-HA,281,0,0,1043,0,1043,G
4-HA,282,1,0,0,1050,1051,C
4-HA,283,0,1046,0,0,1046,T
4-HA,284,0,1047,0,0,1047,T
4-HA,285,3,0,0,1048,1051,C
4-HA,286,3,5,0,1043,1051,C
4-HA,287,1054,1,0,0,1055,A
4-HA,288,1061,0,0,0,1061,A
4-HA,289,1058,0,2,0,1060,A
4-HA,290,1061,0,0,0,1061,A
4-HA,291,0,1077,0,0,1077,T
4-HA,292,1078,0,0,0,1078,A
4-HA,293,1078,0,1,0,1079,A
4-HA,294,0,2,1081,0,1083,G
4-HA,295,1090,0,0,0,1090,A
4-HA,296,1094,0,0,0,1094,A
4-HA,297,1087,0,0,0,1087,A
4-HA,298,0,1090,0,1,1091,T
4-HA,299,1,3,1093,0,1097,G
4-HA,300,0,2,1085,0,1087,G
4-HA,301,0,9,1077,0,1086,G
4-HA,302,1070,0,3,0,1073,A
4-HA,303,1,0,0,1102,1103,C
4-HA,304,1,0,0,1110,1111,C
4-HA,305,0,1140,0,0,1140,T
4-HA,306,0,1136,0,2,1138,T
4-HA,307,0,1135,0,0,1135,T
4-HA,308,0,1140,0,0,1140,T
4-HA,309,0,1138,0,0,1138,T
4-HA,310,0,0,1145,0,1145,G
4-HA,311,0,1142,0,1,1143,T
4-HA,312,0,1145,0,0,1145,T
4-HA,313,2,9,1134,0,1145,G
4-HA,314,1135,0,0,0,1135,A
4-HA,315,1142,1,1,0,1144,A
4-HA,316,0,0,0,1148,1148,C
4-HA,317,0,1,1138,0,1139,G
4-HA,318,1,2,0,1141,1144,C
4-HA,319,1140,0,0,0,1140,A
4-HA,320,1136,0,1,0,1137,A
4-HA,321,0,0,0,1186,1186,C
4-HA,322,1186,0,0,0,1186,A
4-HA,323,1181,0,6,0,1187,A
4-HA,324,1184,0,1,0,1185,A
4-HA,325,0,0,1219,0,1219,G
4-HA,326,0,3,0,1216,1219,C
4-HA,327,6,0,1,1220,1227,C
4-HA,328,0,1224,0,3,1227,T
4-HA,329,1227,0,0,0,1227,A
4-HA,330,0,0,0,1254,1254,C
4-HA,331,1249,0,1,0,1250,A
4-HA,332,0,0,1253,0,1253,G
4-HA,333,0,0,0,1259,1259,C
4-HA,334,1245,0,0,0,1245,A
4-HA,335,1261,0,3,0,1264,A
4-HA,336,0,0,0,1326,1326,C
4-HA,337,0,1320,0,0,1320,T
4-HA,338,0,1,1331,0,1332,G
4-HA,339,0,1314,0,1,1315,T
4-HA,340,0,1323,0,0,1323,T
4-HA,341,1321,0,1,0,1322,A
4-HA,342,1,0,0,1446,1447,C
4-HA,343,6,0,0,1436,1442,C
4-HA,344,7,0,0,1478,1485,C
4-HA,345,0,1451,0,0,1451,T
4-HA,346,0,1443,0,0,1443,T
4-HA,347,1446,0,1,0,1447,A
4-HA,348,0,1454,0,0,1454,T
4-HA,349,0,6,1442,0,1448,G
4-HA,350,1446,0,0,0,1446,A
4-HA,351,0,1385,0,0,1385,T
4-HA,352,2,1,1409,0,1412,G
4-HA,353,0,1389,0,0,1389,T
4-HA,354,0,0,1381,0,1381,G
4-HA,355,0,0,0,1382,1382,C
4-HA,356,2,0,0,1388,1390,C
4-HA,357,4,2,1422,1,1429,G
4-HA,358,0,6,1437,0,1443,G
4-HA,359,1441,0,1,0,1442,A
4-HA,360,0,1442,0,0,1442,T
4-HA,361,0,1440,0,0,1440,T
4-HA,362,1438,0,1,0,1439,A
4-HA,363,0,1440,0,0,1440,T
4-HA,364,0,1,1430,0,1431,G
4-HA,365,1,0,0,1426,1427,C
4-HA,366,3,0,0,1428,1431,C
4-HA,367,0,1455,0,0,1455,T
4-HA,368,3,0,0,1534,1537,C
4-HA,369,4,0,0,1552,1556,C
4-HA,370,6,2,0,1547,1555,C
4-HA,371,0,1550,0,1,1551,T
4-HA,372,0,1542,0,1,1543,T
4-HA,373,1552,0,0,0,1552,A
4-HA,374,1,3,1584,0,1588,G
4-HA,375,1,0,1588,0,1589,G
4-HA,376,0,1563,0,1,1564,T
4-HA,377,10,1,0,1560,1571,C
4-HA,378,1555,0,1,0,1556,A
4-HA,379,0,0,1,1602,1603,C
4-HA,380,0,1614,0,0,1614,T
4-HA,381,1615,0,0,0,1615,A
4-HA,382,6,0,1594,0,1600,G
4-HA,383,0,1588,0,0,1588,T
4-HA,384,0,1599,0,0,1599,T
4-HA,385,0,1,1623,0,1624,G
4-HA,386,0,0,0,1610,1610,C
4-HA,387,1,0,0,1608,1609,C
4-HA,388,0,1600,0,4,1604,T
4-HA,389,5,1,0,1609,1615,C
4-HA,390,1654,0,0,0,1654,A
4-HA,391,0,1651,0,1,1652,T
4-HA,392,1,1,0,1665,1667,C
4-HA,393,4,3,0,1658,1665,C
4-HA,394,0,5,1648,0,1653,G
4-HA,395,1,1,1644,0,1646,G
4-HA,396,0,2,0,1659,1661,C
4-HA,397,1677,0,2,0,1679,A
4-HA,398,2,2,0,1713,1717,C
4-HA,399,1679,0,1,0,1680,A
4-HA,400,0,1,0,1694,1695,C
4-HA,401,0,1686,0,2,1688,T
4-HA,402,0,4,1703,0,1707,G
4-HA,403,0,2,1706,0,1708,G
4-HA,404,1689,0,2,0,1691,A
4-HA,405,0,0,1730,0,1730,G
4-HA,406,0,1709,0,0,1709,T
4-HA,407,0,1712,0,0,1712,T
4-HA,408,0,1717,0,0,1717,T
4-HA,409,1717,0,0,1,1718,A
4-HA,410,1722,0,4,0,1726,A
4-HA,411,0,0,0,1727,1727,C
4-HA,412,1713,0,0,0,1713,A
4-HA,413,1709,0,0,0,1709,A
4-HA,414,0,1702,0,0,1702,T
4-HA,415,1,5,1692,0,1698,G
4-HA,416,1692,0,0,0,1692,A
4-HA,417,1688,1,1,1,1691,A
4-HA,418,1685,0,2,0,1687,A
4-HA,419,1,0,1687,0,1688,G
4-HA,420,1,0,0,1713,1714,C
4-HA,421,0,1710,0,0,1710,T
4-HA,422,0,1715,0,0,1715,T
4-HA,423,6,0,0,1725,1731,C
4-HA,424,1745,0,0,0,1745,A
4-HA,425,1736,0,0,0,1736,A
4-HA,426,0,1744,0,0,1744,T
4-HA,427,2,1737,0,0,1739,T
4-HA,428,0,7,1763,0,1770,G
4-HA,429,1,9,1759,1,1770,G
4-HA,430,1764,0,1,0,1765,A
4-HA,431,0,0,0,1786,1786,C
4-HA,432,0,1770,0,0,1770,T
4-HA,433,0,2,1778,0,1780,G
4-HA,434,0,8,1777,0,1785,G
4-HA,435,1769,0,2,0,1771,A
4-HA,436,0,0,1783,0,1783,G
4-HA,437,1,1756,0,0,1757,T
4-HA,438,13,1,0,1747,1761,C
4-HA,439,1778,0,0,0,1778,A
4-HA,440,0,0,0,1791,1791,C
4-HA,441,0,1776,0,2,1778,T
4-HA,442,8,0,0,1779,1787,C
4-HA,443,1779,0,0,0,1779,A
4-HA,444,1785,0,0,0,1785,A
4-HA,445,1768,1,0,0,1769,A
4-HA,446,1781,0,0,0,1781,A
4-HA,447,0,1,0,1794,1795,C
4-HA,448,0,9,1767,1,1777,G
4-HA,449,2,7,1774,0,1783,G
4-HA,450,1786,0,0,0,1786,A
4-HA,451,1803,0,0,0,1803,A
4-HA,452,0,0,0,1802,1802,C
4-HA,453,1805,0,0,0,1805,A
4-HA,454,1813,0,2,0,1815,A
4-HA,455,0,1,1808,0,1809,G
4-HA,456,1,2,0,1814,1817,C
4-HA,457,0,1803,0,0,1803,T
4-HA,458,8,1,0,1821,1830,C
4-HA,459,0,1815,0,1,1816,T
4-HA,460,1,1,1826,0,1828,G
4-HA,461,1,0,0,1830,1831,C
4-HA,462,0,1834,0,1,1835,T
4-HA,463,0,1878,0,1,1879,T
4-HA,464,0,1,1909,0,1910,G
4-HA,465,2,1,0,1926,1929,C
4-HA,466,1925,0,0,0,1925,A
4-HA,467,0,1908,0,3,1911,T
4-HA,468,1905,0,1,0,1906,A
4-HA,469,1906,1,1,0,1908,A
4-HA,470,0,6,1889,0,1895,G
4-HA,471,0,11,1883,0,1894,G
4-HA,472,1847,1,1,0,1849,A
4-HA,473,0,8,1824,0,1832,G
4-HA,474,1813,0,2,0,1815,A
4-HA,475,0,1861,0,0,1861,T
4-HA,476,4,0,0,1868,1872,C
4-HA,477,0,1877,0,0,1877,T
4-HA,478,1875,0,0,0,1875,A
4-HA,479,1864,0,0,0,1864,A
4-HA,480,1854,2,0,0,1856,A
4-HA,481,1864,0,0,0,1864,A
4-HA,482,1857,0,0,0,1857,A
4-HA,483,0,0,0,1876,1876,C
4-HA,484,1838,0,0,0,1838,A
4-HA,485,1,0,1849,0,1850,G
4-HA,486,0,1826,0,0,1826,T
4-HA,487,0,1849,0,0,1849,T
4-HA,488,0,1850,0,1,1851,T
4-HA,489,3,0,0,1900,1903,C
4-HA,490,0,1891,0,1,1892,T
4-HA,491,0,1909,0,0,1909,T
4-HA,492,0,1909,1,0,1910,T
4-HA,493,1910,0,0,1,1911,A
4-HA,494,2,0,1910,0,1912,G
4-HA,495,1,1900,1,0,1902,T
4-HA,496,1907,0,0,0,1907,A
4-HA,497,0,3,1910,0,1913,G
4-HA,498,1885,0,1,0,1886,A
4-HA,499,0,1885,1,0,1886,T
4-HA,500,0,1885,1,1,1887,T
4-HA,501,0,13,1903,1,1917,G
4-HA,502,1909,0,0,0,1909,A
4-HA,503,1920,0,0,0,1920,A
4-HA,504,0,1916,1,1,1918,T
4-HA,505,0,1892,1,0,1893,T
4-HA,506,1,6,1887,1,1895,G
4-HA,507,0,2,1886,0,1888,G
4-HA,508,0,1878,1,0,1879,T
4-HA,509,0,1887,1,0,1888,T
4-HA,510,0,7,1840,0,1847,G
4-HA,511,1863,0,1,0,1864,A
4-HA,512,1,0,0,1860,1861,C
4-HA,513,6,0,0,1834,1840,C
4-HA,514,4,0,0,1875,1879,C
4-HA,515,1868,1,0,0,1869,A
4-HA,516,0,1,0,1893,1894,C
4-HA,517,0,1890,1,1,1892,T
4-HA,518,0,1899,1,1,1901,T
4-HA,519,1897,0,0,0,1897,A
4-HA,520,1888,0,0,1,1889,A
4-HA,521,1891,0,0,0,1891,A
4-HA,522,1,0,0,1854,1855,C
4-HA,523,0,1893,1,0,1894,T
4-HA,524,0,1906,2,1,1909,T
4-HA,525,8,0,0,1929,1937,C
4-HA,526,1934,0,0,0,1934,A
4-HA,527,1942,1,0,0,1943,A
4-HA,528,1941,0,0,0,1941,A
4-HA,529,0,1930,1,1,1932,T
4-HA,530,1944,0,3,0,1947,A
4-HA,531,0,0,0,1962,1962,C
4-HA,532,4,0,0,1900,1904,C
4-HA,533,7,0,0,1901,1908,C
4-HA,534,1905,1,3,0,1909,A
4-HA,535,0,1,1979,0,1980,G
4-HA,536,0,1,0,1990,1991,C
4-HA,537,1993,0,1,1,1995,A
4-HA,538,0,1996,0,0,1996,T
4-HA,539,1,1965,0,1,1967,T
4-HA,540,0,14,2032,0,2046,G
4-HA,541,2041,0,2,1,2044,A
4-HA,542,2045,0,0,0,2045,A
4-HA,543,1,0,0,2055,2056,C
4-HA,544,1,1,2010,0,2012,G
4-HA,545,0,2010,0,1,2011,T
4-HA,546,1,15,2009,0,2025,G
4-HA,547,2012,0,2,0,2014,A
4-HA,548,0,0,0,2024,2024,C
4-HA,549,2,1971,0,0,1973,T
4-HA,550,2032,0,4,0,2036,A
4-HA,551,0,2022,2,1,2025,T
4-HA,552,1,1,2034,0,2036,G
4-HA,553,1,2,0,2022,2025,C
4-HA,554,10,0,0,2001,2011,C
4-HA,555,2013,0,0,0,2013,A
4-HA,556,1997,0,0,0,1997,A
4-HA,557,2028,0,0,0,2028,A
4-HA,558,1,2,0,2040,2043,C
4-HA,559,2006,0,0,0,2006,A
4-HA,560,2006,0,2,0,2008,A
4-HA,561,0,1983,0,1,1984,T
4-HA,562,1,14,1963,0,1978,G
4-HA,563,1990,0,1,0,1991,A
4-HA,564,1990,0,3,0,1993,A
4-HA,565,0,2,0,1968,1970,C
4-HA,566,1983,0,0,0,1983,A
4-HA,567,1984,0,0,0,1984,A
4-HA,568,0,1979,0,1,1980,T
4-HA,569,2,1979,0,2,1983,T
4-HA,570,0,1992,0,0,1992,T
4-HA,571,0,19,1955,0,1974,G
4-HA,572,1981,0,0,0,1981,A
4-HA,573,0,0,0,1992,1992,C
4-HA,574,1997,0,0,0,1997,A
4-HA,575,1992,0,0,0,1992,A
4-HA,576,2003,0,1,0,2004,A
4-HA,577,0,2003,0,0,2003,T
4-HA,578,0,2004,0,0,2004,T
4-HA,579,0,1,2017,0,2018,G
4-HA,580,0,2006,0,0,2006,T
4-HA,581,2014,1,1,0,2016,A
4-HA,582,1,1,0,2070,2072,C
4-HA,583,2067,0,0,0,2067,A
4-HA,584,0,2088,0,0,2088,T
4-HA,585,1,2064,0,0,2065,T
4-HA,586,0,2067,0,1,2068,T
4-HA,587,0,4,2053,0,2057,G
4-HA,588,0,8,2027,0,2035,G
4-HA,589,1,5,2044,0,2050,G
4-HA,590,0,7,2027,0,2034,G
4-HA,591,1,5,1989,0,1995,G
4-HA,592,0,0,2041,0,2041,G
4-HA,593,0,2026,0,1,2027,T
4-HA,594,0,2028,0,11,2039,T
4-HA,595,6,1,0,2038,2045,C
4-HA,596,2035,1,0,0,2036,A
4-HA,597,0,0,0,2056,2056,C
4-HA,598,7,1,1,2041,2050,C
4-HA,599,2044,0,1,0,2045,A
4-HA,600,1,0,0,2065,2066,C
4-HA,601,4,1,0,2043,2048,C
4-HA,602,5,1,0,2026,2032,C
4-HA,603,2,3,2036,0,2041,G
4-HA,604,0,10,2055,0,2065,G
4-HA,605,0,0,2069,0,2069,G
4-HA,606,0,2028,0,1,2029,T
4-HA,607,2075,0,0,0,2075,A
4-HA,608,0,5,0,2055,2060,C
4-HA,609,1,10,2022,0,2033,G
4-HA,610,0,6,2056,0,2062,G
4-HA,611,2077,0,1,0,2078,A
4-HA,612,1,0,0,2082,2083,C
4-HA,613,2036,0,0,0,2036,A
4-HA,614,2032,0,0,0,2032,A
4-HA,615,2036,1,1,0,2038,A
4-HA,616,0,9,2040,0,2049,G
4-HA,617,2047,0,1,0,2048,A
4-HA,618,0,0,0,2051,2051,C
4-HA,619,8,0,0,2032,2040,C
4-HA,620,2053,0,0,0,2053,A
4-HA,621,2040,0,0,0,2040,A
4-HA,622,2067,0,0,0,2067,A
4-HA,623,1,2041,0,0,2042,T
4-HA,624,6,0,0,2073,2079,C
4-HA,625,0,2003,0,1,2004,T
4-HA,626,0,1994,0,0,1994,T
4-HA,627,6,1,0,2023,2030,C
4-HA,628,6,0,0,2027,2033,C
4-HA,629,0,2036,0,3,2039,T
4-HA,630,1,0,2048,0,2049,G
4-HA,631,0,2024,0,1,2025,T
4-HA,632,2034,0,1,0,2035,A
4-HA,633,0,2020,0,1,2021,T
4-HA,634,1,3,2034,0,2038,G
4-HA,635,0,0,0,2025,2025,C
4-HA,636,0,2013,0,3,2016,T
4-HA,637,16,3,0,2007,2026,C
4-HA,638,2035,0,3,0,2038,A
4-HA,639,2022,0,1,0,2023,A
4-HA,640,0,1,2027,0,2028,G
4-HA,641,0,2,0,2029,2031,C
4-HA,642,2036,0,1,0,2037,A
4-HA,643,0,2008,0,0,2008,T
4-HA,644,4,0,2,2031,2037,C
4-HA,645,2024,0,1,0,2025,A
4-HA,646,1,5,2026,0,2032,G
4-HA,647,0,5,2027,0,2032,G
4-HA,648,2041,0,0,0,2041,A
4-HA,649,2035,0,0,0,2035,A
4-HA,650,0,9,2065,0,2074,G
4-HA,651,2076,0,0,0,2076,A
4-HA,652,2091,0,1,0,2092,A
4-HA,653,0,2092,1,2,2095,T
4-HA,654,13,1,0,2091,2105,C
4-HA,655,2081,0,1,0,2082,A
4-HA,656,0,1,0,2094,2095,C
4-HA,657,2094,0,1,0,2095,A
4-HA,658,0,1,2104,0,2105,G
4-HA,659,0,2032,0,1,2033,T
4-HA,660,13,0,0,2048,2061,C
4-HA,661,0,2038,0,1,2039,T
4-HA,662,2,0,0,2096,2098,C
4-HA,663,2,2094,0,1,2097,T
4-HA,664,2111,0,1,0,2112,A
4-HA,665,1,1,0,2111,2113,C
4-HA,666,6,0,0,2108,2114,C
4-HA,667,2072,0,0,7,2079,A
4-HA,668,2067,0,1,1,2069,A
4-HA,669,2071,0,1,0,2072,A
4-HA,670,2057,0,3,0,2060,A
4-HA,671,1,4,2087,0,2092,G
4-HA,672,2050,0,1,0,2051,A
4-HA,673,2047,0,1,0,2048,A
4-HA,674,2,0,2055,0,2057,G
4-HA,675,0,1,1,2036,2038,C
4-HA,676,6,0,0,2050,2056,C
4-HA,677,2067,0,1,0,2068,A
4-HA,678,2042,23,1,0,2066,A
4-HA,679,2,1,0,2068,2071,C
4-HA,680,2079,0,0,0,2079,A
4-HA,681,2045,0,0,23,2068,A
4-HA,682,2044,0,0,0,2044,A
4-HA,683,0,0,0,2100,2100,C
4-HA,684,0,2080,0,1,2081,T
4-HA,685,0,0,2091,1,2092,G
4-HA,686,1,2075,0,1,2077,T
4-HA,687,2100,0,0,0,2100,A
4-HA,688,2094,0,0,0,2094,A
4-HA,689,1,2057,0,0,2058,T
4-HA,690,3,0,0,2085,2088,C
4-HA,691,4,0,0,2074,2078,C
4-HA,692,3,0,1,2055,2059,C
4-HA,693,3,7,2063,0,2073,G
4-HA,694,2064,0,0,0,2064,A
4-HA,695,2073,0,0,0,2073,A
4-HA,696,1,2058,0,1,2060,T
4-HA,697,2082,0,0,0,2082,A
4-HA,698,0,2037,0,0,2037,T
4-HA,699,4,1,0,2055,2060,C
4-HA,700,1,6,2057,0,2064,G
4-HA,701,1,1,2104,0,2106,G
4-HA,702,2109,0,0,0,2109,A
4-HA,703,3,2118,0,0,2121,T
4-HA,704,7,0,0,2127,2134,C
4-HA,705,0,2133,0,0,2133,T
4-HA,706,2128,0,2,0,2130,A
4-HA,707,0,13,2133,1,2147,G
4-HA,708,2127,0,5,1,2133,A
4-HA,709,1,0,0,2131,2132,C
4-HA,710,7,0,0,2054,2061,C
4-HA,711,3,1,0,2080,2084,C
4-HA,712,2070,0,1,2,2073,A
4-HA,713,0,5,2199,0,2204,G
4-HA,714,2198,0,0,1,2199,A
4-HA,715,0,1,2224,0,2225,G
4-HA,716,0,2204,0,1,2205,T
4-HA,717,2188,0,0,0,2188,A
4-HA,718,2193,0,0,0,2193,A
4-HA,719,1,6,2221,0,2228,G
4-HA,720,0,6,2217,1,2224,G
4-HA,721,2206,0,0,0,2206,A
4-HA,722,2089,0,0,0,2089,A
4-HA,723,0,2073,0,1,2074,T
4-HA,724,2090,0,0,0,2090,A
4-HA,725,0,2070,0,2,2072,T
4-HA,726,4,0,0,2098,2102,C
4-HA,727,4,2,0,2098,2104,C
4-HA,728,4,0,0,2068,2072,C
4-HA,729,0,2065,1,0,2066,T
4-HA,730,2060,0,0,0,2060,A
4-HA,731,0,0,2059,0,2059,G
4-HA,732,1,0,0,2073,2074,C
4-HA,733,2053,0,1,0,2054,A
4-HA,734,2,8,2084,0,2094,G
4-HA,735,2058,0,10,0,2068,A
4-HA,736,2070,0,2,0,2072,A
4-HA,737,0,2078,0,2,2080,T
4-HA,738,2077,0,0,0,2077,A
4-HA,739,2079,0,1,0,2080,A
4-HA,740,0,1,2069,0,2070,G
4-HA,741,2,1,0,2066,2069,C
4-HA,742,2065,0,0,0,2065,A
4-HA,743,0,2020,0,0,2020,T
4-HA,744,2,0,0,2122,2124,C
4-HA,745,0,2116,0,0,2116,T
4-HA,746,2132,1,0,0,2133,A
4-HA,747,0,2134,0,0,2134,T
4-HA,748,0,2124,0,0,2124,T
4-HA,749,1,6,2141,1,2149,G
4-HA,750,0,8,2121,0,2129,G
4-HA,751,2118,0,0,0,2118,A
4-HA,752,2,0,0,2141,2143,C
4-HA,753,2036,0,0,0,2036,A
4-HA,754,2068,0,0,0,2068,A
4-HA,755,0,2151,0,1,2152,T
4-HA,756,2164,0,3,0,2167,A
4-HA,757,0,2,2172,0,2174,G
4-HA,758,2,2145,0,1,2148,T
4-HA,759,2151,0,0,0,2151,A
4-HA,760,2155,0,1,1,2157,A
4-HA,761,2176,0,0,0,2176,A
4-HA,762,2166,0,4,1,2171,A
4-HA,763,1,1,0,2189,2191,C
4-HA,764,7,3,0,2094,2104,C
4-HA,765,1,4,2091,1,2097,G
4-HA,766,1,4,2095,0,2100,G
4-HA,767,0,12,2099,0,2111,G
4-HA,768,2099,0,1,0,2100,A
4-HA,769,0,2,2126,0,2128,G
4-HA,770,2148,1,2,0,2151,A
4-HA,771,0,0,0,2157,2157,C
4-HA,772,2164,0,1,1,2166,A
4-HA,773,0,2172,0,0,2172,T
4-HA,774,2158,0,0,0,2158,A
4-HA,775,0,0,0,2219,2219,C
4-HA,776,0,2206,0,0,2206,T
4-HA,777,0,2207,1,1,2209,T
4-HA,778,0,2219,0,0,2219,T
4-HA,779,0,2211,0,0,2211,T
4-HA,780,1,15,2208,0,2224,G
4-HA,781,2216,0,2,3,2221,A
4-HA,782,0,2216,0,4,2220,T
4-HA,783,1,2274,0,2,2277,T
4-HA,784,2254,0,0,0,2254,A
4-HA,785,2268,0,0,0,2268,A
4-HA,786,1,1,0,2289,2291,C
4-HA,787,2279,0,2,0,2281,A
4-HA,788,0,2,2344,0,2346,G
4-HA,789,2,1,0,2327,2330,C
4-HA,790,2329,0,2,0,2331,A
4-HA,791,1,0,0,2356,2357,C
4-HA,792,2337,0,2,0,2339,A
4-HA,793,0,4,2364,0,2368,G
4-HA,794,1,7,2341,0,2349,G
4-HA,795,0,7,2417,0,2424,G
4-HA,796,2413,0,2,0,2415,A
4-HA,797,2412,1,6,1,2420,A
4-HA,798,1,2439,0,4,2444,T
4-HA,799,7,0,0,2439,2446,C
4-HA,800,0,2480,0,1,2481,T
4-HA,801,2475,0,2,1,2478,A
4-HA,802,2477,0,1,0,2478,A
4-HA,803,0,2461,0,0,2461,T
4-HA,804,0,2380,0,1,2381,T
4-HA,805,1,1,2402,0,2404,G
4-HA,806,1,0,0,2452,2453,C
4-HA,807,0,2497,0,1,2498,T
4-HA,808,12,0,0,2537,2549,C
4-HA,809,6,0,0,2537,2543,C
4-HA,810,0,2556,0,2,2558,T
4-HA,811,2544,1,0,0,2545,A
4-HA,812,0,7,2564,0,2571,G
4-HA,813,1,17,2548,0,2566,G
4-HA,814,1,6,2574,0,2581,G
4-HA,815,2,0,2560,0,2562,G
4-HA,816,0,2507,0,1,2508,T
4-HA,817,0,2515,0,1,2516,T
4-HA,818,2510,0,0,0,2510,A
4-HA,819,0,1,0,2548,2549,C
4-HA,820,0,2545,0,1,2546,T
4-HA,821,0,2564,0,0,2564,T
4-HA,822,5,0,0,2550,2555,C
4-HA,823,2554,1,1,0,2556,A
4-HA,824,2552,0,2,0,2554,A
4-HA,825,2554,0,0,0,2554,A
4-HA,826,2557,0,1,1,2559,A
4-HA,827,0,2574,0,0,2574,T
4-HA,828,2538,0,0,0,2538,A
4-HA,829,0,4,0,2537,2541,C
4-HA,830,0,8,2535,0,2543,G
4-HA,831,2526,0,2,0,2528,A
4-HA,832,2517,0,0,0,2517,A
4-HA,833,0,1,2559,0,2560,G
4-HA,834,0,2518,0,0,2518,T
4-HA,835,0,7,2543,0,2550,G
4-HA,836,1,6,2563,1,2571,G
4-HA,837,1,4,2562,0,2567,G
4-HA,838,2582,0,0,0,2582,A
4-HA,839,2587,0,0,0,2587,A
4-HA,840,2591,0,0,0,2591,A
4-HA,841,2578,0,4,0,2582,A
4-HA,842,0,0,2620,0,2620,G
4-HA,843,1,0,0,2609,2610,C
4-HA,844,0,2596,1,3,2600,T
4-HA,845,12,0,1,2631,2644,C
4-HA,846,2665,0,2,1,2668,A
4-HA,847,2693,0,0,0,2693,A
4-HA,848,0,2692,0,1,2693,T
4-HA,849,2718,0,0,0,2718,A
4-HA,850,2712,1,2,0,2715,A
4-HA,851,0,2651,0,0,2651,T
4-HA,852,0,13,2652,0,2665,G
4-HA,853,2634,0,0,0,2634,A
4-HA,854,1,13,2692,0,2706,G
4-HA,855,2691,0,2,0,2693,A
4-HA,856,0,2668,0,4,2672,T
4-HA,857,7,0,0,2733,2740,C
4-HA,858,2729,0,1,0,2730,A
4-HA,859,0,2,2763,0,2765,G
4-HA,860,2764,0,0,0,2764,A
4-HA,861,0,2751,0,0,2751,T
4-HA,862,1,1,2766,0,2768,G
4-HA,863,1,2,0,2694,2697,C
4-HA,864,2687,0,4,0,2691,A
4-HA,865,1,0,0,2750,2751,C
4-HA,866,3,1,1,2717,2722,C
4-HA,867,10,1,0,2728,2739,C
4-HA,868,2704,1,0,0,2705,A
4-HA,869,0,2686,0,2,2688,T
4-HA,870,0,2689,0,1,2690,T
4-HA,871,0,4,2717,0,2721,G
4-HA,872,0,2,2714,0,2716,G
4-HA,873,1,0,0,2715,2716,C
4-HA,874,2687,0,0,0,2687,A
4-HA,875,2685,0,0,0,2685,A
4-HA,876,2730,0,1,0,2731,A
4-HA,877,0,2735,0,1,2736,T
4-HA,878,0,0,2724,1,2725,G
4-HA,879,1,1,0,2725,2727,C
4-HA,880,2716,0,0,1,2717,A
4-HA,881,2755,2,1,0,2758,A
4-HA,882,1,2745,0,1,2747,T
4-HA,883,0,2761,0,0,2761,T
4-HA,884,9,1,0,2766,2776,C
4-HA,885,0,2726,0,0,2726,T
4-HA,886,2,7,2765,0,2774,G
4-HA,887,2757,0,1,0,2758,A
4-HA,888,2756,0,1,0,2757,A
4-HA,889,0,2766,0,0,2766,T
4-HA,890,3,2,2730,0,2735,G
4-HA,891,1,1,0,2738,2740,C
4-HA,892,2737,0,2,0,2739,A
4-HA,893,1,2724,0,1,2726,T
4-HA,894,11,0,0,2712,2723,C
4-HA,895,2706,0,2,0,2708,A
4-HA,896,1,0,0,2842,2843,C
4-HA,897,0,2792,0,5,2797,T
4-HA,898,12,0,0,2837,2849,C
4-HA,899,10,1,0,2823,2834,C
4-HA,900,2857,0,2,0,2859,A
4-HA,901,2847,1,2,1,2851,A
4-HA,902,2850,0,0,0,2850,A
4-HA,903,0,2755,0,0,2755,T
4-HA,904,1,3,2767,1,2772,G
4-HA,905,1,3,2756,1,2761,G
4-HA,906,2784,1,1,0,2786,A
4-HA,907,2784,0,0,0,2784,A
4-HA,908,0,1,2777,0,2778,G
4-HA,909,0,1,0,2754,2755,C
4-HA,910,2727,1,0,0,2728,A
4-HA,911,0,2735,0,1,2736,T
4-HA,912,1,2716,0,1,2718,T
4-HA,913,8,1,0,2802,2811,C
4-HA,914,4,0,0,2773,2777,C
4-HA,915,4,1,0,2799,2804,C
4-HA,916,2805,0,2,0,2807,A
4-HA,917,2835,0,1,7,2843,A
4-HA,918,0,2874,0,0,2874,T
4-HA,919,0,18,2848,0,2866,G
4-HA,920,2855,0,0,0,2855,A
4-HA,921,0,1,0,2876,2877,C
4-HA,922,2807,0,2,0,2809,A
4-HA,923,2810,1,2,0,2813,A
4-HA,924,2781,0,2,0,2783,A
4-HA,925,0,1,0,2823,2824,C
4-HA,926,12,1,0,2786,2799,C
4-HA,927,2765,0,0,0,2765,A
4-HA,928,0,2753,0,1,2754,T
4-HA,929,1,2728,0,1,2730,T
4-HA,930,7,0,0,2758,2765,C
4-HA,931,2,1,0,2772,2775,C
4-HA,932,2783,0,0,0,2783,A
4-HA,933,2778,0,1,0,2779,A
4-HA,934,2760,0,0,0,2760,A
4-HA,935,2802,0,0,0,2802,A
4-HA,936,0,2777,0,0,2777,T
4-HA,937,1,0,2797,0,2798,G
4-HA,938,0,2774,0,0,2774,T
4-HA,939,2806,1,2,0,2809,A
4-HA,940,2802,0,0,0,2802,A
4-HA,941,2798,0,0,0,2798,A
4-HA,942,0,1,0,2808,2809,C
4-HA,943,2778,0,0,0,2778,A
4-HA,944,0,1,2790,0,2791,G
4-HA,945,0,9,2783,0,2792,G
4-HA,946,2837,0,1,0,2838,A
4-HA,947,1,2804,0,0,2805,T
4-HA,948,14,2,0,2837,2853,C
4-HA,949,2864,0,4,0,2868,A
4-HA,950,2,19,0,2938,2959,C
4-HA,951,2955,0,1,0,2956,A
4-HA,952,0,3014,0,1,3015,T
4-HA,953,2954,0,0,0,2954,A
4-HA,954,1,1,0,2939,2941,C
4-HA,955,3,9,2830,0,2842,G
4-HA,956,0,3,2812,0,2815,G
4-HA,957,0,6,2771,0,2777,G
4-HA,958,0,1,2799,1,2801,G
4-HA,959,0,1,1,2737,2739,C
4-HA,960,2,1,0,2753,2756,C
4-HA,961,1,2697,1,1,2700,T
4-HA,962,0,0,2898,1,2899,G
4-HA,963,0,2851,1,6,2858,T
4-HA,964,17,1,0,2884,2902,C
4-HA,965,8,1,0,2889,2898,C
4-HA,966,3,0,0,2922,2925,C
4-HA,967,2921,0,0,1,2922,A
4-HA,968,0,3,2940,0,2943,G
4-HA,969,2943,0,1,0,2944,A
4-HA,970,0,2926,0,0,2926,T
4-HA,971,2769,0,2,0,2771,A
4-HA,972,0,2741,0,0,2741,T
4-HA,973,0,0,2756,0,2756,G
4-HA,974,0,2744,0,1,2745,T
4-HA,975,0,2724,0,0,2724,T
4-HA,976,2742,0,0,0,2742,A
4-HA,977,2715,0,0,0,2715,A
4-HA,978,1,16,2711,0,2728,G
4-HA,979,1,0,0,2715,2716,C
4-HA,980,2708,0,1,1,2710,A
4-HA,981,2710,0,0,0,2710,A
4-HA,982,2697,0,0,0,2697,A
4-HA,983,2685,0,2,2,2689,A
4-HA,984,0,0,0,2698,2698,C
4-HA,985,2667,0,2,0,2669,A
4-HA,986,1,0,0,2694,2695,C
4-HA,987,0,2640,0,1,2641,T
4-HA,988,6,1,1,2664,2672,C
4-HA,989,0,2671,0,2,2673,T
4-HA,990,0,6,2696,0,2702,G
4-HA,991,2704,0,0,0,2704,A
4-HA,992,2710,0,0,0,2710,A
4-HA,993,2686,0,0,0,2686,A
4-HA,994,0,2670,0,0,2670,T
4-HA,995,0,2681,0,1,2682,T
4-HA,996,0,8,2665,0,2673,G
4-HA,997,2,1,2653,0,2656,G
4-HA,998,2,1,0,2663,2666,C
4-HA,999,2661,0,2,0,2663,A
4-HA,1000,2667,1,1,0,2669,A
4-HA,1001,2,0,0,2685,2687,C
4-HA,1002,2682,0,1,0,2683,A
4-HA,1003,0,3,2687,1,2691,G
4-HA,1004,0,8,2673,1,2682,G
4-HA,1005,0,8,2644,0,2652,G
4-HA,1006,2643,0,4,0,2647,A
4-HA,1007,1,2622,1,2,2626,T
4-HA,1008,1,1,2650,0,2652,G
4-HA,1009,2,2,0,2650,2654,C
4-HA,1010,0,11,2661,0,2672,G
4-HA,1011,2677,1,3,0,2681,A
4-HA,1012,2640,0,0,0,2640,A
4-HA,1013,2670,0,0,0,2670,A
4-HA,1014,0,2650,0,0,2650,T
4-HA,1015,0,1,2729,0,2730,G
4-HA,1016,0,2701,0,2,2703,T
4-HA,1017,2706,0,2,0,2708,A
4-HA,1018,1,1,0,2680,2682,C
4-HA,1019,12,0,1,2683,2696,C
4-HA,1020,2669,1,1,0,2671,A
4-HA,1021,1,11,2641,0,2653,G
4-HA,1022,2626,0,0,0,2626,A
4-HA,1023,2,5,2648,0,2655,G
4-HA,1024,2653,0,1,0,2654,A
4-HA,1025,2639,0,3,1,2643,A
4-HA,1026,2646,0,3,1,2650,A
4-HA,1027,0,0,0,2651,2651,C
4-HA,1028,2657,0,0,0,2657,A
4-HA,1029,2671,0,1,0,2672,A
4-HA,1030,2659,1,3,0,2663,A
4-HA,1031,1,0,0,2683,2684,C
4-HA,1032,0,2656,0,1,2657,T
4-HA,1033,2657,0,2,0,2659,A
4-HA,1034,2,6,2650,0,2658,G
4-HA,1035,2629,0,2,0,2631,A
4-HA,1036,0,1,2685,0,2686,G
4-HA,1037,1,0,2657,0,2658,G
4-HA,1038,3,0,0,2613,2616,C
4-HA,1039,2638,0,3,0,2641,A
4-HA,1040,0,2639,0,1,2640,T
4-HA,1041,2651,0,0,0,2651,A
4-HA,1042,0,2635,0,0,2635,T
4-HA,1043,0,2630,0,1,2631,T
4-HA,1044,0,2630,0,0,2630,T
4-HA,1045,0,10,2557,0,2567,G
4-HA,1046,0,3,2560,0,2563,G
4-HA,1047,1,1,0,2541,2543,C
4-HA,1048,1,0,2556,0,2557,G
4-HA,1049,2,0,0,2527,2529,C
4-HA,1050,2522,0,0,0,2522,A
4-HA,1051,2529,0,0,0,2529,A
4-HA,1052,0,2516,0,2,2518,T
4-HA,1053,13,2,0,2530,2545,C
4-HA,1054,0,1,2544,0,2545,G
4-HA,1055,1,2,2,2533,2538,C
4-HA,1056,1,7,2543,0,2551,G
4-HA,1057,2,2,2552,0,2556,G
4-HA,1058,0,0,2582,0,2582,G
4-HA,1059,0,2546,0,1,2547,T
4-HA,1060,0,2535,0,0,2535,T
4-HA,1061,0,2529,0,1,2530,T
4-HA,1062,13,0,0,2533,2546,C
4-HA,1063,2567,0,0,0,2567,A
4-HA,1064,0,2566,0,0,2566,T
4-HA,1065,2570,0,0,0,2570,A
4-HA,1066,0,6,2586,0,2592,G
4-HA,1067,2546,0,0,0,2546,A
4-HA,1068,2564,0,0,0,2564,A
4-HA,1069,2550,0,1,0,2551,A
4-HA,1070,2559,0,0,0,2559,A
4-HA,1071,0,2554,0,0,2554,T
4-HA,1072,0,9,2564,0,2573,G
4-HA,1073,0,4,2560,1,2565,G
4-HA,1074,0,2533,0,0,2533,T
4-HA,1075,0,2503,1,0,2504,T
4-HA,1076,0,4,2510,0,2514,G
4-HA,1077,0,2,2505,0,2507,G
4-HA,1078,0,1,2514,0,2515,G
4-HA,1079,2476,0,0,0,2476,A
4-HA,1080,0,10,2513,0,2523,G
4-HA,1081,0,3,2468,1,2472,G
4-HA,1082,1,7,2499,0,2507,G
4-HA,1083,2482,0,2,0,2484,A
4-HA,1084,2506,0,3,0,2509,A
4-HA,1085,0,2515,0,0,2515,T
4-HA,1086,0,7,2495,0,2502,G
4-HA,1087,2,1,2532,0,2535,G
4-HA,1088,0,2476,0,0,2476,T
4-HA,1089,0,6,2505,0,2511,G
4-HA,1090,1,3,2493,0,2497,G
4-HA,1091,2418,0,2,0,2420,A
4-HA,1092,0,2467,0,0,2467,T
4-HA,1093,1,10,2469,0,2480,G
4-HA,1094,1,0,2502,0,2503,G
4-HA,1095,0,2432,0,1,2433,T
4-HA,1096,0,2407,0,1,2408,T
4-HA,1097,1,7,2393,1,2402,G
4-HA,1098,1,2,2433,0,2436,G
4-HA,1099,0,2404,0,2,2406,T
4-HA,1100,2419,0,1,0,2420,A
4-HA,1101,1,4,0,2336,2341,C
4-HA,1102,0,6,2361,0,2367,G
4-HA,1103,0,0,2417,0,2417,G
4-HA,1104,0,2401,0,2,2403,T
4-HA,1105,0,2405,0,1,2406,T
4-HA,1106,0,2397,0,0,2397,T
4-HA,1107,7,7,0,2354,2368,C
4-HA,1108,2370,0,7,0,2377,A
4-HA,1109,0,4,2364,0,2368,G
4-HA,1110,2,1,2338,0,2341,G
4-HA,1111,0,0,1,2358,2359,C
4-HA,1112,2303,1,1,0,2305,A
4-HA,1113,1,2302,0,1,2304,T
4-HA,1114,7,0,0,2330,2337,C
4-HA,1115,2353,0,0,0,2353,A
4-HA,1116,2327,1,1,0,2329,A
4-HA,1117,2349,0,0,0,2349,A
4-HA,1118,2344,0,0,0,2344,A
4-HA,1119,0,2331,0,1,2332,T
4-HA,1120,2,2329,0,0,2331,T
4-HA,1121,7,0,0,2344,2351,C
4-HA,1122,0,2335,0,0,2335,T
4-HA,1123,0,6,2332,0,2338,G
4-HA,1124,2320,0,4,0,2324,A
4-HA,1125,1,7,2329,0,2337,G
4-HA,1126,0,3,2332,0,2335,G
4-HA,1127,0,8,2348,0,2356,G
4-HA,1128,2343,0,0,0,2343,A
4-HA,1129,2352,0,1,0,2353,A
4-HA,1130,0,5,2335,0,2340,G
4-HA,1131,2355,0,5,0,2360,A
4-HA,1132,0,8,2360,0,2368,G
4-HA,1133,0,11,2371,0,2382,G
4-HA,1134,2356,0,2,0,2358,A
4-HA,1135,1,0,0,2365,2366,C
4-HA,1136,2378,0,0,0,2378,A
4-HA,1137,2346,1,4,0,2351,A
4-HA,1138,0,1,2350,0,2351,G
4-HA,1139,2,1,0,2355,2358,C
4-HA,1140,2338,0,1,0,2339,A
4-HA,1141,0,0,2312,0,2312,G
4-HA,1142,1,0,0,2319,2320,C
4-HA,1143,2317,0,0,0,2317,A
4-HA,1144,0,6,2337,0,2343,G
4-HA,1145,2323,0,0,0,2323,A
4-HA,1146,1,2346,1,2,2350,T
4-HA,1147,8,0,0,2366,2374,C
4-HA,1148,0,2353,0,5,2358,T
4-HA,1149,6,2,0,2389,2397,C
4-HA,1150,2389,0,0,0,2389,A
4-HA,1151,2394,0,0,0,2394,A
4-HA,1152,2391,0,0,0,2391,A
4-HA,1153,2350,0,3,0,2353,A
4-HA,1154,0,0,2339,0,2339,G
4-HA,1155,0,0,1,2306,2307,C
4-HA,1156,2280,1,1,0,2282,A
4-HA,1157,0,0,0,2306,2306,C
4-HA,1158,0,2276,0,1,2277,T
4-HA,1159,10,3,0,2298,2311,C
4-HA,1160,2320,0,0,0,2320,A
4-HA,1161,2335,0,2,0,2337,A
4-HA,1162,0,1,2335,0,2336,G
4-HA,1163,0,1,0,2340,2341,C
4-HA,1164,2327,0,3,0,2330,A
4-HA,1165,3,2,2324,0,2329,G
4-HA,1166,0,0,0,2301,2301,C
4-HA,1167,2309,1,0,0,2310,A
4-HA,1168,2286,0,2,0,2288,A
4-HA,1169,1,2247,0,0,2248,T
4-HA,1170,6,1,0,2251,2258,C
4-HA,1171,0,10,2263,1,2274,G
4-HA,1172,2248,0,1,0,2249,A
4-HA,1173,1,2245,0,3,2249,T
4-HA,1174,17,1,0,2232,2250,C
4-HA,1175,2249,0,0,0,2249,A
4-HA,1176,2284,0,0,0,2284,A
4-HA,1177,2285,1,0,0,2286,A
4-HA,1178,0,2274,0,0,2274,T
4-HA,1179,17,0,0,2283,2300,C
4-HA,1180,2277,0,0,0,2277,A
4-HA,1181,2283,1,1,0,2285,A
4-HA,1182,0,2274,0,0,2274,T
4-HA,1183,1,5,2274,0,2280,G
4-HA,1184,2,1,2274,0,2277,G
4-HA,1185,0,3,2245,0,2248,G
4-HA,1186,2242,0,0,0,2242,A
4-HA,1187,2250,1,0,0,2251,A
4-HA,1188,0,1,2269,0,2270,G
4-HA,1189,0,2,0,2252,2254,C
4-HA,1190,0,2243,0,3,2246,T
4-HA,1191,0,6,2332,0,2338,G
4-HA,1192,2331,0,1,0,2332,A
4-HA,1193,2342,0,2,0,2344,A
4-HA,1194,0,2335,0,0,2335,T
4-HA,1195,2288,0,2,0,2290,A
4-HA,1196,0,4,2275,0,2279,G
4-HA,1197,2112,0,1,0,2113,A
4-HA,1198,1,2112,0,1,2114,T
4-HA,1199,0,2133,0,1,2134,T
4-HA,1200,0,10,2109,0,2119,G
4-HA,1201,2098,0,0,0,2098,A
4-HA,1202,0,2099,0,0,2099,T
4-HA,1203,10,0,0,2114,2124,C
4-HA,1204,2,5,2112,0,2119,G
4-HA,1205,0,1,2106,0,2107,G
4-HA,1206,1,4,2117,0,2122,G
4-HA,1207,2120,0,1,0,2121,A
4-HA,1208,2114,0,0,0,2114,A
4-HA,1209,2111,0,2,0,2113,A
4-HA,1210,2107,0,2,0,2109,A
4-HA,1211,1,0,0,2121,2122,C
4-HA,1212,8,3,0,2109,2120,C
4-HA,1213,2092,0,2,0,2094,A
4-HA,1214,2093,0,1,0,2094,A
4-HA,1215,1,2,1,2105,2109,C
4-HA,1216,0,10,2113,0,2123,G
4-HA,1217,2099,1,0,0,2100,A
4-HA,1218,0,5,2107,0,2112,G
4-HA,1219,2105,0,0,0,2105,A
4-HA,1220,2094,0,0,0,2094,A
4-HA,1221,2104,0,1,0,2105,A
4-HA,1222,0,2093,0,2,2095,T
4-HA,1223,0,2086,0,0,2086,T
4-HA,1224,4,2,0,2089,2095,C
4-HA,1225,7,1,0,2093,2101,C
4-HA,1226,2090,0,0,4,2094,A
4-HA,1227,1,2076,1,0,2078,T
4-HA,1228,4,0,0,2087,2091,C
4-HA,1229,2071,0,1,0,2072,A
4-HA,1230,1,3,2083,0,2087,G
4-HA,1231,2060,1,0,0,2061,A
4-HA,1232,0,2060,0,0,2060,T
4-HA,1233,0,2063,0,2,2065,T
4-HA,1234,1,6,2053,1,2061,G
4-HA,1235,2075,0,1,0,2076,A
4-HA,1236,2077,0,0,0,2077,A
4-HA,1237,2085,1,1,0,2087,A
4-HA,1238,2084,0,0,0,2084,A
4-HA,1239,2057,0,5,0,2062,A
4-HA,1240,0,4,2042,0,2046,G
4-HA,1241,2035,0,2,0,2037,A
4-HA,1242,2030,0,0,1,2031,A
4-HA,1243,0,2001,0,1,2002,T
4-HA,1244,0,2012,0,0,2012,T
4-HA,1245,6,0,0,2010,2016,C
4-HA,1246,0,2017,0,1,2018,T
4-HA,1247,2,0,0,2007,2009,C
4-HA,1248,2019,0,0,0,2019,A
4-HA,1249,0,0,2027,0,2027,G
4-HA,1250,2010,0,0,0,2010,A
4-HA,1251,2013,0,0,0,2013,A
4-HA,1252,0,0,2026,0,2026,G
4-HA,1253,0,1965,0,0,1965,T
4-HA,1254,20,2,0,1984,2006,C
4-HA,1255,0,2,2018,1,2021,G
4-HA,1256,2005,0,1,0,2006,A
4-HA,1257,2016,0,0,0,2016,A
4-HA,1258,1,4,2012,0,2017,G
4-HA,1259,0,3,2018,0,2021,G
4-HA,1260,0,7,2017,0,2024,G
4-HA,1261,1960,1,2,0,1963,A
4-HA,1262,0,3,1969,0,1972,G
4-HA,1263,1980,1,0,0,1981,A
4-HA,1264,2062,0,1,0,2063,A
4-HA,1265,0,2040,0,0,2040,T
4-HA,1266,0,2053,0,2,2055,T
4-HA,1267,8,0,0,2047,2055,C
4-HA,1268,2023,0,5,0,2028,A
4-HA,1269,1,6,2019,0,2026,G
4-HA,1270,0,11,1995,0,2006,G
4-HA,1271,1985,1,6,0,1992,A
4-HA,1272,0,0,1,2010,2011,C
4-HA,1273,4,2,1,1872,1879,C
4-HA,1274,1,1860,0,0,1861,T
4-HA,1275,1,1820,2,52,1875,T
4-HA,1276,0,5,1891,0,1896,G
4-HA,1277,1891,0,0,0,1891,A
4-HA,1278,1,3,1917,0,1921,G
4-HA,1279,1902,0,0,0,1902,A
4-HA,1280,1722,0,0,0,1722,A
4-HA,1281,1712,0,3,0,1715,A
4-HA,1282,1,1680,0,1,1682,T
4-HA,1283,1702,0,2,0,1704,A
4-HA,1284,0,1671,0,0,1671,T
4-HA,1285,1,1,1690,0,1692,G
4-HA,1286,0,1679,0,1,1680,T
4-HA,1287,0,1633,0,0,1633,T
4-HA,1288,1,3,1635,0,1639,G
4-HA,1289,1620,0,0,0,1620,A
4-HA,1290,0,7,1614,0,1621,G
4-HA,1291,0,5,1610,0,1615,G
4-HA,1292,1586,0,2,0,1588,A
4-HA,1293,0,0,0,1644,1644,C
4-HA,1294,1622,0,0,0,1622,A
4-HA,1295,1,1,0,1623,1625,C
4-HA,1296,1,1637,0,1,1639,T
4-HA,1297,1728,1,0,0,1729,A
4-HA,1298,1737,0,1,0,1738,A
4-HA,1299,1747,0,1,0,1748,A
4-HA,1300,1745,0,6,0,1751,A
4-HA,1301,0,1751,0,0,1751,T
4-HA,1302,1669,0,0,1,1670,A
4-HA,1303,0,2,1673,0,1675,G
4-HA,1304,1625,0,1,1,1627,A
4-HA,1305,0,1611,0,0,1611,T
4-HA,1306,5,0,0,1619,1624,C
4-HA,1307,0,1583,0,2,1585,T
4-HA,1308,5,1,0,1636,1642,C
4-HA,1309,0,1627,0,1,1628,T
4-HA,1310,1,2,1656,0,1659,G
4-HA,1311,0,1,1680,0,1681,G
4-HA,1312,0,1658,0,5,1663,T
4-HA,1313,18,1,1,1663,1683,C
4-HA,1314,1697,0,0,0,1697,A
4-HA,1315,0,1708,0,0,1708,T
4-HA,1316,1701,0,0,0,1701,A
4-HA,1317,0,1,0,1712,1713,C
4-HA,1318,1664,0,0,0,1664,A
4-HA,1319,1663,0,0,1,1664,A
4-HA,1320,0,1,0,1636,1637,C
4-HA,1321,0,0,1629,0,1629,G
4-HA,1322,0,5,0,1629,1634,C
4-HA,1323,0,2,1617,0,1619,G
4-HA,1324,0,5,1604,0,1609,G
4-HA,1325,1610,0,0,0,1610,A
4-HA,1326,1,0,1641,0,1642,G
4-HA,1327,21,0,0,1614,1635,C
4-HA,1328,0,1640,1,1,1642,T
4-HA,1329,0,1644,0,0,1644,T
4-HA,1330,1,0,0,1651,1652,C
4-HA,1331,1,1664,0,2,1667,T
4-HA,1332,0,1676,0,0,1676,T
4-HA,1333,1,0,1665,0,1666,G
4-HA,1334,1,1661,1,2,1665,T
4-HA,1335,0,1647,0,2,1649,T
4-HA,1336,2,1,1658,0,1661,G
4-HA,1337,1,3,0,1648,1652,C
4-HA,1338,5,6,0,1646,1657,C
4-HA,1339,2,0,0,1679,1681,C
4-HA,1340,0,1684,0,2,1686,T
4-HA,1341,1,6,1684,1,1692,G
4-HA,1342,0,3,1689,0,1692,G
4-HA,1343,1694,0,1,0,1695,A
4-HA,1344,0,8,1703,0,1711,G
4-HA,1345,1679,0,0,0,1679,A
4-HA,1346,1686,0,3,0,1689,A
4-HA,1347,2,0,0,1697,1699,C
4-HA,1348,12,0,0,1690,1702,C
4-HA,1349,1698,0,0,0,1698,A
4-HA,1350,1741,0,0,0,1741,A
4-HA,1351,0,0,0,1762,1762,C
4-HA,1352,1769,0,0,0,1769,A
4-HA,1353,0,1742,0,1,1743,T
4-HA,1354,1746,0,0,0,1746,A
4-HA,1355,0,0,0,1788,1788,C
4-HA,1356,1745,1,0,0,1746,A
4-HA,1357,1747,0,0,0,1747,A
4-HA,1358,0,1737,0,0,1737,T
4-HA,1359,0,1682,0,2,1684,T
4-HA,1360,2,6,1693,0,1701,G
4-HA,1361,1687,0,0,0,1687,A
4-HA,1362,0,1689,0,0,1689,T
4-HA,1363,7,0,1,1695,1703,C
4-HA,1364,0,1673,0,2,1675,T
4-HA,1365,1690,0,1,0,1691,A
4-HA,1366,1686,0,0,0,1686,A
4-HA,1367,0,1,0,1682,1683,C
4-HA,1368,0,1671,0,1,1672,T
4-HA,1369,1,13,1660,1,1675,G
4-HA,1370,1659,0,0,0,1659,A
4-HA,1371,0,0,0,1660,1660,C
4-HA,1372,0,1650,2,0,1652,T
4-HA,1373,6,0,0,1657,1663,C
4-HA,1374,1667,1,0,0,1668,A
4-HA,1375,0,4,1693,0,1697,G
4-HA,1376,1689,0,0,0,1689,A
4-HA,1377,1703,0,0,0,1703,A
4-HA,1378,1708,0,0,0,1708,A
4-HA,1379,0,1692,1,0,1693,T
4-HA,1380,0,15,1701,0,1716,G
4-HA,1381,1691,1,4,0,1696,A
4-HA,1382,1700,0,0,0,1700,A
4-HA,1383,0,2,0,1709,1711,C
4-HA,1384,1689,1,1,0,1691,A
4-HA,1385,1673,0,1,0,1674,A
4-HA,1386,1664,0,0,0,1664,A
4-HA,1387,0,0,0,1676,1676,C
4-HA,1388,0,1673,0,0,1673,T
4-HA,1389,0,0,1689,0,1689,G
4-HA,1390,0,1667,0,0,1667,T
4-HA,1391,0,1657,0,0,1657,T
4-HA,1392,0,1670,0,1,1671,T
4-HA,1393,1,8,1667,0,1676,G
4-HA,1394,1665,0,0,0,1665,A
4-HA,1395,1673,0,1,0,1674,A
4-HA,1396,1672,0,0,0,1672,A
4-HA,1397,1680,0,0,0,1680,A
4-HA,1398,1666,0,0,0,1666,A
4-HA,1399,1666,0,0,0,1666,A
4-HA,1400,1,1,0,1683,1685,C
4-HA,1401,1681,1,0,0,1682,A
4-HA,1402,1695,0,0,0,1695,A
4-HA,1403,1681,1,0,0,1682,A
4-HA,1404,0,3,1684,0,1687,G
4-HA,1405,1695,0,0,0,1695,A
4-HA,1406,1578,0,100,0,1678,A
4-HA,1407,1,0,1676,0,1677,G
4-HA,1408,0,0,0,1672,1672,C
4-HA,1409,1693,0,0,0,1693,A
4-HA,1410,1681,0,0,0,1681,A
4-HA,1411,0,0,0,1679,1679,C
4-HA,1412,0,1643,0,0,1643,T
4-HA,1413,0,0,1672,0,1672,G
4-HA,1414,1648,2,0,0,1650,A
4-HA,1415,0,6,1657,0,1663,G
4-HA,1416,0,2,1655,0,1657,G
4-HA,1417,1,2,1663,0,1666,G
4-HA,1418,1677,0,1,0,1678,A
4-HA,1419,1673,0,0,0,1673,A
4-HA,1420,1664,0,0,1,1665,A
4-HA,1421,1685,0,0,0,1685,A
4-HA,1422,0,1670,0,0,1670,T
4-HA,1423,2,1,1670,0,1673,G
4-HA,1424,1,0,0,1657,1658,C
4-HA,1425,0,1652,0,1,1653,T
4-HA,1426,0,2,1655,0,1657,G
4-HA,1427,1670,0,0,0,1670,A
4-HA,1428,0,4,1730,0,1734,G
4-HA,1429,0,6,1757,0,1763,G
4-HA,1430,1747,0,0,0,1747,A
4-HA,1431,0,1744,0,0,1744,T
4-HA,1432,1730,0,0,0,1730,A
4-HA,1433,0,1721,0,0,1721,T
4-HA,1434,3,3,1737,0,1743,G
4-HA,1435,1,4,1736,0,1741,G
4-HA,1436,1,0,1733,0,1734,G
4-HA,1437,1,2,0,1659,1662,C
4-HA,1438,1634,0,0,0,1634,A
4-HA,1439,1631,0,2,0,1633,A
4-HA,1440,0,1620,0,1,1621,T
4-HA,1441,1,5,1630,0,1636,G
4-HA,1442,0,0,1628,0,1628,G
4-HA,1443,0,1602,0,0,1602,T
4-HA,1444,0,1596,0,0,1596,T
4-HA,1445,1,0,1598,0,1599,G
4-HA,1446,0,1590,0,3,1593,T
4-HA,1447,0,1585,0,2,1587,T
4-HA,1448,0,1591,0,0,1591,T
4-HA,1449,1,0,1,1610,1612,C
4-HA,1450,1603,0,2,0,1605,A
4-HA,1451,1612,0,1,0,1613,A
4-HA,1452,1609,0,0,0,1609,A
4-HA,1453,1622,0,0,0,1622,A
4-HA,1454,0,1614,0,0,1614,T
4-HA,1455,1620,0,0,0,1620,A
4-HA,1456,0,1620,0,0,1620,T
4-HA,1457,1590,2,0,0,1592,A
4-HA,1458,1,3,0,1615,1619,C
4-HA,1459,3,0,0,1605,1608,C
4-HA,1460,1606,0,0,0,1606,A
4-HA,1461,0,0,0,1614,1614,C
4-HA,1462,1611,0,0,2,1613,A
4-HA,1463,1608,0,0,0,1608,A
4-HA,1464,1614,0,1,0,1615,A
4-HA,1465,0,1605,0,0,1605,T
4-HA,1466,0,0,1617,0,1617,G
4-HA,1467,0,1588,0,2,1590,T
4-HA,1468,1,11,1592,0,1604,G
4-HA,1469,1608,0,3,0,1611,A
4-HA,1470,1,0,0,1599,1600,C
4-HA,1471,1586,0,0,0,1586,A
4-HA,1472,1587,0,0,0,1587,A
4-HA,1473,0,1600,0,1,1601,T
4-HA,1474,1,0,1613,0,1614,G
4-HA,1475,0,0,0,1578,1578,C
4-HA,1476,4,0,0,1600,1604,C
4-HA,1477,0,1598,1,4,1603,T
4-HA,1478,0,1,1635,1,1637,G
4-HA,1479,2,1,0,1627,1630,C
4-HA,1480,1641,0,0,0,1641,A
4-HA,1481,0,1644,0,0,1644,T
4-HA,1482,1579,0,0,0,1579,A
4-HA,1483,0,3,1589,0,1592,G
4-HA,1484,0,8,1577,0,1585,G
4-HA,1485,1581,0,0,0,1581,A
4-HA,1486,1,1562,0,1,1564,T
4-HA,1487,5,5,0,1490,1500,C
4-HA,1488,1499,0,0,0,1499,A
4-HA,1489,1501,0,0,0,1501,A
4-HA,1490,0,1493,1,0,1494,T
4-HA,1491,3,1,0,1502,1506,C
4-HA,1492,1489,0,0,0,1489,A
4-HA,1493,0,4,1497,0,1501,G
4-HA,1494,1505,0,0,0,1505,A
4-HA,1495,1506,0,1,0,1507,A
4-HA,1496,1507,0,0,0,1507,A
4-HA,1497,0,1493,0,0,1493,T
4-HA,1498,0,5,1486,0,1491,G
4-HA,1499,0,9,1489,0,1498,G
4-HA,1500,1496,0,0,0,1496,A
4-HA,1501,1495,0,2,0,1497,A
4-HA,1502,0,0,0,1494,1494,C
4-HA,1503,0,1480,0,0,1480,T
4-HA,1504,0,1498,0,0,1498,T
4-HA,1505,1503,0,0,0,1503,A
4-HA,1506,0,1493,0,0,1493,T
4-HA,1507,1,10,1484,0,1495,G
4-HA,1508,1482,0,1,0,1483,A
4-HA,1509,1,0,0,1481,1482,C
4-HA,1510,6,1,0,1456,1463,C
4-HA,1511,1462,0,0,0,1462,A
4-HA,1512,0,1,0,1493,1494,C
4-HA,1513,1,4,1539,0,1544,G
4-HA,1514,1566,0,0,0,1566,A
4-HA,1515,0,1574,0,0,1574,T
4-HA,1516,0,0,1635,1,1636,G
4-HA,1517,0,1621,0,0,1621,T
4-HA,1518,1669,0,0,0,1669,A
4-HA,1519,0,1658,0,1,1659,T
4-HA,1520,1652,0,0,0,1652,A
4-HA,1521,0,1,0,1658,1659,C
4-HA,1522,1495,0,1,0,1496,A
4-HA,1523,0,2,1499,0,1501,G
4-HA,1524,1401,0,1,1,1403,A
4-HA,1525,0,2,1376,0,1378,G
4-HA,1526,1360,0,0,0,1360,A
4-HA,1527,0,1286,0,0,1286,T
4-HA,1528,0,3,1278,1,1282,G
4-HA,1529,1274,0,0,0,1274,A
4-HA,1530,1272,0,2,0,1274,A
4-HA,1531,0,0,1294,0,1294,G
4-HA,1532,0,0,0,1273,1273,C
4-HA,1533,1275,0,0,0,1275,A
4-HA,1534,0,1262,0,0,1262,T
4-HA,1535,0,1267,0,0,1267,T
4-HA,1536,1270,0,1,0,1271,A
4-HA,1537,1266,0,0,0,1266,A
4-HA,1538,1261,0,1,0,1262,A
4-HA,1539,0,0,0,1266,1266,C
4-HA,1540,1225,0,1,0,1226,A
4-HA,1541,1219,0,1,1,1221,A
4-HA,1542,0,0,0,1222,1222,C
4-HA,1543,2,0,0,1218,1220,C
4-HA,1544,2,4,1212,0,1218,G
4-HA,1545,0,1,1218,0,1219,G
4-HA,1546,0,1219,1,4,1224,T
4-HA,1547,1,1212,0,0,1213,T
4-HA,1548,0,1207,0,2,1209,T
4-HA,1549,5,0,0,1213,1218,C
4-HA,1550,1218,0,2,0,1220,A
4-HA,1551,0,1,1232,0,1233,G
4-HA,1552,1230,0,0,0,1230,A
4-HA,1553,0,1229,0,0,1229,T
4-HA,1554,9,1,0,1190,1200,C
4-HA,1555,1195,0,0,0,1195,A
4-HA,1556,1201,0,0,0,1201,A
4-HA,1557,1,3,1194,0,1198,G
4-HA,1558,0,1,1191,0,1192,G
4-HA,1559,0,1,1188,0,1189,G
4-HA,1560,1155,0,0,0,1155,A
4-HA,1561,0,0,1178,0,1178,G
4-HA,1562,0,1179,0,1,1180,T
4-HA,1563,0,1180,0,2,1182,T
4-HA,1564,0,3,1184,0,1187,G
4-HA,1565,1170,0,4,0,1174,A
4-HA,1566,1,0,1178,0,1179,G
4-HA,1567,1,0,0,1172,1173,C
4-HA,1568,0,1161,0,2,1163,T
4-HA,1569,1,2,1165,0,1168,G
4-HA,1570,1164,0,0,0,1164,A
4-HA,1571,1160,0,0,0,1160,A
4-HA,1572,0,1,1159,0,1160,G
4-HA,1573,0,1123,0,1,1124,T
4-HA,1574,13,0,0,1115,1128,C
4-HA,1575,1121,0,0,0,1121,A
4-HA,1576,0,4,1112,0,1116,G
4-HA,1577,0,0,1112,0,1112,G
4-HA,1578,1,0,1093,0,1094,G
4-HA,1579,0,1127,0,0,1127,T
4-HA,1580,1126,0,1,0,1127,A
4-HA,1581,0,1,0,1126,1127,C
4-HA,1582,1124,0,0,0,1124,A
4-HA,1583,1123,0,0,1,1124,A
4-HA,1584,1121,0,1,0,1122,A
4-HA,1585,0,1,1120,0,1121,G
4-HA,1586,1095,0,0,0,1095,A
4-HA,1587,0,1064,0,1,1065,T
4-HA,1588,0,1049,0,0,1049,T
4-HA,1589,0,2,1052,0,1054,G
4-HA,1590,0,3,1060,0,1063,G
4-HA,1591,1056,0,1,0,1057,A
4-HA,1592,0,1053,0,0,1053,T
4-HA,1593,3,0,0,1034,1037,C
4-HA,1594,1,0,0,1029,1030,C
4-HA,1595,0,1036,0,1,1037,T
4-HA,1596,1034,0,1,0,1035,A
4-HA,1597,0,1035,0,0,1035,T
4-HA,1598,0,5,1026,0,1031,G
4-HA,1599,0,2,1032,0,1034,G
4-HA,1600,1000,0,0,0,1000,A
4-HA,1601,0,1002,0,2,1004,T
4-HA,1602,0,990,0,0,990,T
4-HA,1603,0,986,0,0,986,T
4-HA,1604,3,1,0,971,975,C
4-HA,1605,6,1,0,961,968,C
4-HA,1606,1,954,0,1,956,T
4-HA,1607,0,955,0,0,955,T
4-HA,1608,0,952,0,1,953,T
4-HA,1609,2,0,953,0,955,G
4-HA,1610,1,0,0,941,942,C
4-HA,1611,3,0,1,947,951,C
4-HA,1612,932,0,1,0,933,A
4-HA,1613,0,927,0,0,927,T
4-HA,1614,932,0,0,0,932,A
4-HA,1615,0,925,0,0,925,T
4-HA,1616,3,0,0,917,920,C
4-HA,1617,927,0,0,0,927,A
4-HA,1618,0,913,0,1,914,T
4-HA,1619,0,0,923,0,923,G
4-HA,1620,0,910,1,0,911,T
4-HA,1621,0,904,0,0,904,T
4-HA,1622,0,908,0,0,908,T
4-HA,1623,0,871,0,0,871,T
4-HA,1624,0,870,0,0,870,T
4-HA,1625,1,873,0,0,874,T
4-HA,1626,0,1,873,0,874,G
4-HA,1627,0,0,0,859,859,C
4-HA,1628,0,837,0,1,838,T
4-HA,1629,0,848,0,0,848,T
4-HA,1630,0,842,0,0,842,T
4-HA,1631,0,0,859,0,859,G
4-HA,1632,0,858,0,0,858,T
4-HA,1633,2,1,858,0,861,G
4-HA,1634,0,857,0,0,857,T
4-HA,1635,0,839,0,0,839,T
4-HA,1636,0,0,838,0,838,G
4-HA,1637,1,1,0,822,824,C
4-HA,1638,0,831,1,1,833,T
4-HA,1639,0,831,0,0,831,T
4-HA,1640,0,775,0,1,776,T
4-HA,1641,0,0,779,0,779,G
4-HA,1642,0,770,0,0,770,T
4-HA,1643,0,773,0,1,774,T
4-HA,1644,0,0,771,0,771,G
4-HA,1645,0,4,754,0,758,G
4-HA,1646,0,0,749,0,749,G
4-HA,1647,0,0,761,0,761,G
4-HA,1648,0,733,0,0,733,T
4-HA,1649,0,728,0,0,728,T
4-HA,1650,4,0,0,710,714,C
4-HA,1651,717,0,0,0,717,A
4-HA,1652,0,703,0,0,703,T
4-HA,1653,5,1,0,709,715,C
4-HA,1654,713,0,0,0,713,A
4-HA,1655,0,678,0,0,678,T
4-HA,1656,1,1,676,0,678,G
4-HA,1657,0,658,0,0,658,T
4-HA,1658,0,1,650,0,651,G
4-HA,1659,1,1,631,0,633,G
4-HA,1660,0,0,626,0,626,G
4-HA,1661,0,0,0,613,613,C
4-HA,1662,0,0,0,602,602,C
4-HA,1663,0,568,1,1,570,T
4-HA,1664,0,1,568,0,569,G
4-HA,1665,0,0,0,562,562,C
4-HA,1666,1,0,0,566,567,C
4-HA,1667,564,0,0,0,564,A
4-HA,1668,564,0,0,0,564,A
4-HA,1669,564,0,0,0,564,A
4-HA,1670,567,0,0,0,567,A
4-HA,1671,565,0,2,0,567,A
4-HA,1672,0,1,561,0,562,G
4-HA,1673,1,0,539,0,540,G
4-HA,1674,0,0,0,528,528,C
4-HA,1675,528,0,0,0,528,A
4-HA,1676,533,0,0,0,533,A
4-HA,1677,0,0,0,527,527,C
4-HA,1678,530,0,0,0,530,A
4-HA,1679,0,525,0,0,525,T
4-HA,1680,0,520,0,0,520,T
4-HA,1681,502,1,1,0,504,A
4-HA,1682,0,1,502,0,503,G
4-HA,1683,0,0,502,0,502,G
4-HA,1684,0,484,0,1,485,T
4-HA,1685,0,0,441,0,441,G
4-HA,1686,0,0,0,427,427,C
4-HA,1687,423,0,0,0,423,A
4-HA,1688,424,0,0,0,424,A
4-HA,1689,0,0,0,427,427,C
4-HA,1690,418,0,0,0,418,A
4-HA,1691,0,415,0,0,415,T
4-HA,1692,0,386,0,0,386,T
4-HA,1693,0,387,0,0,387,T
4-HA,1694,0,0,386,0,386,G
4-HA,1695,0,0,0,382,382,C
4-HA,1696,378,0,0,0,378,A
4-HA,1697,0,350,0,1,351,T
4-HA,1698,0,336,0,0,336,T
4-HA,1699,0,317,0,0,317,T
4-HA,1700,0,0,313,0,313,G
4-HA,1701,293,0,0,0,293,A
5-NP,1,329,0,0,0,329,A
5-NP,2,0,331,0,0,331,T
5-NP,3,0,0,325,0,325,G
5-NP,4,0,0,330,0,330,G
5-NP,5,0,0,0,328,328,C
5-NP,6,0,0,333,0,333,G
5-NP,7,0,354,0,0,354,T
5-NP,8,0,0,0,368,368,C
5-NP,9,0,0,0,371,371,C
5-NP,10,0,0,0,369,369,C
5-NP,11,375,0,0,0,375,A
5-NP,12,373,0,0,0,373,A
5-NP,13,0,1,375,0,376,G
5-NP,14,0,0,388,0,388,G
5-NP,15,0,0,0,391,391,C
5-NP,16,396,0,2,0,398,A
5-NP,17,0,0,0,405,405,C
5-NP,18,1,0,0,396,397,C
5-NP,19,406,0,0,0,406,A
5-NP,20,411,0,0,0,411,A
5-NP,21,401,0,1,0,402,A
5-NP,22,0,0,0,404,404,C
5-NP,23,0,4,410,0,414,G
5-NP,24,0,0,441,0,441,G
5-NP,25,0,428,0,0,428,T
5-NP,26,1,0,0,492,493,C
5-NP,27,0,489,0,0,489,T
5-NP,28,0,499,0,0,499,T
5-NP,29,501,0,0,0,501,A
5-NP,30,0,498,0,0,498,T
5-NP,31,0,2,496,0,498,G
5-NP,32,499,0,1,0,500,A
5-NP,33,494,0,0,0,494,A
5-NP,34,0,0,0,499,499,C
5-NP,35,493,0,0,0,493,A
5-NP,36,0,0,520,0,520,G
5-NP,37,505,1,0,0,506,A
5-NP,38,0,515,0,0,515,T
5-NP,39,0,0,520,0,520,G
5-NP,40,0,2,514,0,516,G
5-NP,41,515,0,1,0,516,A
5-NP,42,528,0,1,0,529,A
5-NP,43,525,0,1,0,526,A
5-NP,44,0,0,0,541,541,C
5-NP,45,0,535,0,0,535,T
5-NP,46,0,0,542,0,542,G
5-NP,47,527,1,0,0,528,A
5-NP,48,0,535,0,1,536,T
5-NP,49,0,3,532,1,536,G
5-NP,50,0,3,534,0,537,G
5-NP,51,0,1,532,0,533,G
5-NP,52,0,0,538,0,538,G
5-NP,53,533,0,0,0,533,A
5-NP,54,0,540,0,0,540,T
5-NP,55,3,0,0,545,548,C
5-NP,56,0,0,544,1,545,G
5-NP,57,1,0,0,560,561,C
5-NP,58,0,0,0,557,557,C
5-NP,59,558,0,0,0,558,A
5-NP,60,0,0,566,0,566,G
5-NP,61,566,0,0,0,566,A
5-NP,62,579,0,0,0,579,A
5-NP,63,0,576,0,0,576,T
5-NP,64,0,3,568,0,571,G
5-NP,65,1,1,0,580,582,C
5-NP,66,579,0,0,0,579,A
5-NP,67,591,0,1,0,592,A
5-NP,68,0,0,0,596,596,C
5-NP,69,0,595,0,0,595,T
5-NP,70,0,2,592,0,594,G
5-NP,71,599,0,0,0,599,A
5-NP,72,0,2,636,0,638,G
5-NP,73,636,0,0,0,636,A
5-NP,74,0,630,0,2,632,T
5-NP,75,0,642,0,0,642,T
5-NP,76,638,0,1,0,639,A
5-NP,77,0,2,633,0,635,G
5-NP,78,0,2,630,0,632,G
5-NP,79,0,0,631,0,631,G
5-NP,80,1,0,0,629,630,C
5-NP,81,627,0,0,0,627,A
5-NP,82,0,630,0,0,630,T
5-NP,83,0,0,0,635,635,C
5-NP,84,1,1,0,626,628,C
5-NP,85,1,0,646,0,647,G
5-NP,86,0,643,0,0,643,T
5-NP,87,0,1,0,647,648,C
5-NP,88,0,3,644,0,647,G
5-NP,89,0,0,649,0,649,G
5-NP,90,0,1,655,0,656,G
5-NP,91,646,1,0,0,647,A
5-NP,92,656,0,1,0,657,A
5-NP,93,0,0,669,0,669,G
5-NP,94,656,0,0,0,656,A
5-NP,95,0,669,0,0,669,T
5-NP,96,1,3,669,0,673,G
5-NP,97,669,0,0,0,669,A
5-NP,98,0,676,0,0,676,T
5-NP,99,0,679,0,0,679,T
5-NP,100,0,0,681,0,681,G
5-NP,101,674,0,0,0,674,A
5-NP,102,0,676,0,0,676,T
5-NP,103,0,1,681,0,682,G
5-NP,104,0,2,676,0,678,G
5-NP,105,0,2,666,0,668,G
5-NP,106,703,0,0,0,703,A
5-NP,107,0,715,0,0,715,T
5-NP,108,0,713,0,1,714,T
5-NP,109,0,0,716,0,716,G
5-NP,110,1,2,707,0,710,G
5-NP,111,1,2,718,0,721,G
5-NP,112,717,0,1,0,718,A
5-NP,113,0,0,715,0,715,G
5-NP,114,707,0,0,0,707,A
5-NP,115,0,727,0,1,728,T
5-NP,116,0,726,0,0,726,T
5-NP,117,2,0,0,728,730,C
5-NP,118,0,725,0,1,726,T
5-NP,119,749,0,0,0,749,A
5-NP,120,0,0,0,749,749,C
5-NP,121,751,0,0,14,765,A
5-NP,122,0,761,0,0,761,T
5-NP,123,1,0,0,759,760,C
5-NP,124,1,0,0,767,768,C
5-NP,125,773,0,0,0,773,A
5-NP,126,792,0,0,0,792,A
5-NP,127,792,0,0,0,792,A
5-NP,128,0,788,0,0,788,T
5-NP,129,0,0,786,0,786,G
5-NP,130,0,777,0,0,777,T
5-NP,131,0,1,781,0,782,G
5-NP,132,1,1,0,778,780,C
5-NP,133,782,0,1,0,783,A
5-NP,134,0,0,0,786,786,C
5-NP,135,0,775,0,1,776,T
5-NP,136,0,3,813,0,816,G
5-NP,137,820,0,0,0,820,A
5-NP,138,832,0,0,0,832,A
5-NP,139,0,1,0,849,850,C
5-NP,140,0,850,0,0,850,T
5-NP,141,0,857,0,0,857,T
5-NP,142,852,0,0,0,852,A
5-NP,143,847,0,2,0,849,A
5-NP,144,853,0,0,0,853,A
5-NP,145,0,0,0,858,858,C
5-NP,146,0,833,0,0,833,T
5-NP,147,3,0,0,831,834,C
5-NP,148,819,0,0,0,819,A
5-NP,149,0,1,836,1,838,G
5-NP,150,0,832,0,0,832,T
5-NP,151,0,5,829,0,834,G
5-NP,152,845,0,0,0,845,A
5-NP,153,0,853,0,1,854,T
5-NP,154,7,0,1,853,861,C
5-NP,155,866,0,0,0,866,A
5-NP,156,0,864,0,0,864,T
5-NP,157,0,0,857,0,857,G
5-NP,158,856,0,1,0,857,A
5-NP,159,855,0,1,0,856,A
5-NP,160,0,3,855,0,858,G
5-NP,161,0,2,849,0,851,G
5-NP,162,0,0,844,0,844,G
5-NP,163,1,1,0,835,837,C
5-NP,164,1,1,855,0,857,G
5-NP,165,0,0,854,0,854,G
5-NP,166,0,850,0,0,850,T
5-NP,167,0,856,0,0,856,T
5-NP,168,0,0,851,0,851,G
5-NP,169,939,0,5,0,944,A
5-NP,170,0,942,0,0,942,T
5-NP,171,5,0,0,940,945,C
5-NP,172,2,0,0,951,953,C
5-NP,173,953,0,0,0,953,A
5-NP,174,0,4,945,0,949,G
5-NP,175,952,0,0,0,952,A
5-NP,176,952,0,0,0,952,A
5-NP,177,0,0,0,964,964,C
5-NP,178,917,0,0,0,917,A
5-NP,179,0,0,926,0,926,G
5-NP,180,1,0,0,931,932,C
5-NP,181,0,936,1,0,937,T
5-NP,182,0,943,0,1,944,T
5-NP,183,0,5,937,0,942,G
5-NP,184,945,0,2,0,947,A
5-NP,185,0,1,0,952,953,C
5-NP,186,951,0,0,0,951,A
5-NP,187,955,0,0,0,955,A
5-NP,188,0,953,0,1,954,T
5-NP,189,952,0,0,0,952,A
5-NP,190,0,3,958,0,961,G
5-NP,191,940,0,2,0,942,A
5-NP,192,0,2,955,0,957,G
5-NP,193,945,0,1,0,946,A
5-NP,194,959,0,1,0,960,A
5-NP,195,965,0,1,1,967,A
5-NP,196,983,0,0,0,983,A
5-NP,197,0,988,0,0,988,T
5-NP,198,1,4,981,0,986,G
5-NP,199,0,0,984,0,984,G
5-NP,200,0,966,0,0,966,T
5-NP,201,959,0,0,0,959,A
5-NP,202,1,0,0,964,965,C
5-NP,203,0,964,0,0,964,T
5-NP,204,1,0,0,977,978,C
5-NP,205,0,960,0,1,961,T
5-NP,206,5,0,0,979,984,C
5-NP,207,0,993,0,0,993,T
5-NP,208,0,1,997,0,998,G
5-NP,209,0,0,0,989,989,C
5-NP,210,0,992,0,0,992,T
5-NP,211,0,994,0,0,994,T
5-NP,212,0,988,0,0,988,T
5-NP,213,0,986,0,0,986,T
5-NP,214,0,0,992,0,992,G
5-NP,215,961,0,0,11,972,A
5-NP,216,0,986,0,0,986,T
5-NP,217,0,4,981,0,985,G
5-NP,218,976,0,0,0,976,A
5-NP,219,977,1,1,0,979,A
5-NP,220,984,0,0,0,984,A
5-NP,221,0,1,992,0,993,G
5-NP,222,989,0,1,0,990,A
5-NP,223,992,0,0,0,992,A
5-NP,224,0,1,995,0,996,G
5-NP,225,0,3,1022,0,1025,G
5-NP,226,1034,0,1,0,1035,A
5-NP,227,1040,0,0,0,1040,A
5-NP,228,0,1041,0,0,1041,T
5-NP,229,1041,0,0,0,1041,A
5-NP,230,1039,0,0,0,1039,A
5-NP,231,1039,0,3,1,1043,A
5-NP,232,0,1031,1,1,1033,T
5-NP,233,1030,0,0,0,1030,A
5-NP,234,0,1,0,1029,1030,C
5-NP,235,2,1,0,1030,1033,C
5-NP,236,0,1031,0,0,1031,T
5-NP,237,0,1,1035,0,1036,G
5-NP,238,0,4,1044,0,1048,G
5-NP,239,1045,0,0,0,1045,A
5-NP,240,1047,0,1,0,1048,A
5-NP,241,1,5,1046,0,1052,G
5-NP,242,1045,0,1,0,1046,A
5-NP,243,1034,0,2,0,1036,A
5-NP,244,0,0,0,1042,1042,C
5-NP,245,1032,0,2,0,1034,A
5-NP,246,0,1,0,1055,1056,C
5-NP,247,0,0,0,1050,1050,C
5-NP,248,3,0,0,1052,1055,C
5-NP,249,1,0,0,1059,1060,C
5-NP,250,1056,0,0,0,1056,A
5-NP,251,0,0,1053,0,1053,G
5-NP,252,1,0,0,1050,1051,C
5-NP,253,0,2,1053,0,1055,G
5-NP,254,1,0,0,1053,1054,C
5-NP,255,3,0,1046,0,1049,G
5-NP,256,0,1,1052,0,1053,G
5-NP,257,0,0,1047,0,1047,G
5-NP,258,0,0,1049,0,1049,G
5-NP,259,1050,0,0,0,1050,A
5-NP,260,1047,0,2,0,1049,A
5-NP,261,1044,0,1,0,1045,A
5-NP,262,0,2,1042,0,1044,G
5-NP,263,1041,0,1,0,1042,A
5-NP,264,0,1013,0,0,1013,T
5-NP,265,3,0,0,1028,1031,C
5-NP,266,3,0,0,1028,1031,C
5-NP,267,3,0,1,1040,1044,C
5-NP,268,1047,0,0,0,1047,A
5-NP,269,1051,0,0,1,1052,A
5-NP,270,0,4,1059,0,1063,G
5-NP,271,1066,0,0,0,1066,A
5-NP,272,1070,0,0,0,1070,A
5-NP,273,1070,0,0,0,1070,A
5-NP,274,1069,0,0,0,1069,A
5-NP,275,1,1,0,1060,1062,C
5-NP,276,0,1046,0,0,1046,T
5-NP,277,0,1,1056,0,1057,G
5-NP,278,0,1,1045,0,1046,G
5-NP,279,0,0,1047,0,1047,G
5-NP,280,2,0,1047,0,1049,G
5-NP,281,0,1,1043,0,1044,G
5-NP,282,0,2,1069,0,1071,G
5-NP,283,1,0,0,1135,1136,C
5-NP,284,0,1,0,1138,1139,C
5-NP,285,4,0,0,1152,1156,C
5-NP,286,1269,0,1,0,1270,A
5-NP,287,0,1282,0,0,1282,T
5-NP,288,1352,0,0,0,1352,A
5-NP,289,0,1345,1,1,1347,T
5-NP,290,1333,0,1,0,1334,A
5-NP,291,0,0,0,1343,1343,C
5-NP,292,1256,0,1,0,1257,A
5-NP,293,0,1,1268,0,1269,G
5-NP,294,0,7,1252,0,1259,G
5-NP,295,1113,0,0,0,1113,A
5-NP,296,0,1,1160,0,1161,G
5-NP,297,1101,0,0,0,1101,A
5-NP,298,0,0,1122,0,1122,G
5-NP,299,0,1095,0,1,1096,T
5-NP,300,1109,0,0,0,1109,A
5-NP,301,0,2,1113,0,1115,G
5-NP,302,1094,0,0,0,1094,A
5-NP,303,0,1094,0,0,1094,T
5-NP,304,0,1,1096,0,1097,G
5-NP,305,0,0,1098,0,1098,G
5-NP,306,1095,0,0,0,1095,A
5-NP,307,1100,0,1,0,1101,A
5-NP,308,1086,0,2,1,1089,A
5-NP,309,1099,0,0,0,1099,A
5-NP,310,0,1095,0,0,1095,T
5-NP,311,0,4,1104,0,1108,G
5-NP,312,0,2,1104,0,1106,G
5-NP,313,1110,0,2,0,1112,A
5-NP,314,0,1107,0,0,1107,T
5-NP,315,0,4,1106,0,1110,G
5-NP,316,1093,1,2,0,1096,A
5-NP,317,0,2,1113,0,1115,G
5-NP,318,0,1,1098,0,1099,G
5-NP,319,1,6,1093,0,1100,G
5-NP,320,1103,0,0,0,1103,A
5-NP,321,1108,0,0,0,1108,A
5-NP,322,0,0,0,1121,1121,C
5-NP,323,0,1094,0,0,1094,T
5-NP,324,4,0,0,1121,1125,C
5-NP,325,0,0,1128,0,1128,G
5-NP,326,0,1130,0,0,1130,T
5-NP,327,5,0,0,1121,1126,C
5-NP,328,5,0,0,1200,1205,C
5-NP,329,0,1211,0,1,1212,T
5-NP,330,0,1212,0,0,1212,T
5-NP,331,0,1216,0,3,1219,T
5-NP,332,1225,0,0,0,1225,A
5-NP,333,0,1228,0,0,1228,T
5-NP,334,0,12,1215,0,1227,G
5-NP,335,1228,0,2,0,1230,A
5-NP,336,0,0,0,1232,1232,C
5-NP,337,1206,1,0,0,1207,A
5-NP,338,1205,0,0,0,1205,A
5-NP,339,1211,0,1,0,1212,A
5-NP,340,0,1,1247,0,1248,G
5-NP,341,1235,0,0,0,1235,A
5-NP,342,1246,0,0,0,1246,A
5-NP,343,0,1,1284,0,1285,G
5-NP,344,1286,0,0,0,1286,A
5-NP,345,1296,0,0,0,1296,A
5-NP,346,1288,0,0,0,1288,A
5-NP,347,0,1286,0,0,1286,T
5-NP,348,1290,0,0,0,1290,A
5-NP,349,1269,0,3,0,1272,A
5-NP,350,1,3,1274,0,1278,G
5-NP,351,0,1,1267,0,1268,G
5-NP,352,2,0,0,1275,1277,C
5-NP,353,0,9,1269,0,1278,G
5-NP,354,1283,0,0,0,1283,A
5-NP,355,1284,1,1,0,1286,A
5-NP,356,0,1292,0,0,1292,T
5-NP,357,5,0,0,1299,1304,C
5-NP,358,0,1299,0,0,1299,T
5-NP,359,0,1,1295,0,1296,G
5-NP,360,0,1,1293,0,1294,G
5-NP,361,0,0,0,1283,1283,C
5-NP,362,0,1,1290,0,1291,G
5-NP,363,1,0,0,1283,1284,C
5-NP,364,2,0,0,1283,1285,C
5-NP,365,1296,0,0,0,1296,A
5-NP,366,1297,7,2,0,1306,A
5-NP,367,0,2,1334,0,1336,G
5-NP,368,1,1,0,1329,1331,C
5-NP,369,5,0,0,1359,1364,C
5-NP,370,1365,0,1,0,1366,A
5-NP,371,1393,1,0,0,1394,A
5-NP,372,0,0,0,1411,1411,C
5-NP,373,1413,0,0,0,1413,A
5-NP,374,1435,0,0,0,1435,A
5-NP,375,0,1433,0,1,1434,T
5-NP,376,1,0,1435,0,1436,G
5-NP,377,1,0,1437,0,1438,G
5-NP,378,0,1426,0,1,1427,T
5-NP,379,0,2,1437,0,1439,G
5-NP,380,1438,0,0,0,1438,A
5-NP,381,0,2,1468,0,1470,G
5-NP,382,0,1,1473,0,1474,G
5-NP,383,1495,0,0,0,1495,A
5-NP,384,0,1609,0,0,1609,T
5-NP,385,1,1,1607,0,1609,G
5-NP,386,0,0,0,1610,1610,C
5-NP,387,0,1612,0,2,1614,T
5-NP,388,1633,0,4,0,1637,A
5-NP,389,1,1,0,1657,1659,C
5-NP,390,1656,0,0,0,1656,A
5-NP,391,0,1641,0,0,1641,T
5-NP,392,2,0,0,1637,1639,C
5-NP,393,0,1586,1,2,1589,T
5-NP,394,1,4,1636,1,1642,G
5-NP,395,0,0,1658,0,1658,G
5-NP,396,1,1652,0,1,1654,T
5-NP,397,3,0,0,1661,1664,C
5-NP,398,0,1644,0,0,1644,T
5-NP,399,1669,0,0,0,1669,A
5-NP,400,1673,1,0,0,1674,A
5-NP,401,0,0,0,1685,1685,C
5-NP,402,0,1683,0,0,1683,T
5-NP,403,6,0,0,1687,1693,C
5-NP,404,1687,0,1,0,1688,A
5-NP,405,0,0,0,1745,1745,C
5-NP,406,1739,0,0,0,1739,A
5-NP,407,0,1750,0,1,1751,T
5-NP,408,1723,0,0,0,1723,A
5-NP,409,1729,0,0,0,1729,A
5-NP,410,0,1749,0,0,1749,T
5-NP,411,0,11,1752,0,1763,G
5-NP,412,1757,0,1,1,1759,A
5-NP,413,0,1740,0,0,1740,T
5-NP,414,0,1716,0,0,1716,T
5-NP,415,0,1726,0,0,1726,T
5-NP,416,1,9,1694,0,1704,G
5-NP,417,1,1,1698,0,1700,G
5-NP,418,1,1,0,1707,1709,C
5-NP,419,1710,0,0,0,1710,A
5-NP,420,0,1712,0,0,1712,T
5-NP,421,0,1711,0,2,1713,T
5-NP,422,8,0,0,1700,1708,C
5-NP,423,4,2,0,1715,1721,C
5-NP,424,1748,0,1,0,1749,A
5-NP,425,1753,0,0,0,1753,A
5-NP,426,0,1751,0,0,1751,T
5-NP,427,0,1754,0,0,1754,T
5-NP,428,0,1750,0,0,1750,T
5-NP,429,2,7,1757,0,1766,G
5-NP,430,1764,0,0,1,1765,A
5-NP,431,1767,0,2,0,1769,A
5-NP,432,0,1766,0,1,1767,T
5-NP,433,0,4,1763,0,1767,G
5-NP,434,1815,0,2,0,1817,A
5-NP,435,0,1817,0,0,1817,T
5-NP,436,1,2,1821,0,1824,G
5-NP,437,1,1,1,1879,1882,C
5-NP,438,1872,1,0,0,1873,A
5-NP,439,1932,0,0,0,1932,A
5-NP,440,0,0,0,1932,1932,C
5-NP,441,1969,0,0,0,1969,A
5-NP,442,0,2006,0,1,2007,T
5-NP,443,1973,0,0,0,1973,A
5-NP,444,2,0,0,1993,1995,C
5-NP,445,2,0,0,1997,1999,C
5-NP,446,1956,0,0,0,1956,A
5-NP,447,1,2,1969,0,1972,G
5-NP,448,1932,0,0,0,1932,A
5-NP,449,0,1,1981,0,1982,G
5-NP,450,0,6,1965,0,1971,G
5-NP,451,1946,0,3,0,1949,A
5-NP,452,1,1,0,1978,1980,C
5-NP,453,1962,0,0,0,1962,A
5-NP,454,1964,0,0,0,1964,A
5-NP,455,0,11,1962,0,1973,G
5-NP,456,1927,0,1,0,1928,A
5-NP,457,0,0,1952,0,1952,G
5-NP,458,0,1,0,1946,1947,C
5-NP,459,0,1930,0,1,1931,T
5-NP,460,7,0,0,1950,1957,C
5-NP,461,1,1948,0,0,1949,T
5-NP,462,0,1960,0,0,1960,T
5-NP,463,1,5,1957,0,1963,G
5-NP,464,0,1956,0,2,1958,T
5-NP,465,0,1954,0,0,1954,T
5-NP,466,16,0,0,1938,1954,C
5-NP,467,1,14,1930,0,1945,G
5-NP,468,1947,1,0,1,1949,A
5-NP,469,1959,0,1,0,1960,A
5-NP,470,0,1,0,1978,1979,C
5-NP,471,0,1980,0,2,1982,T
5-NP,472,0,3,1988,0,1991,G
5-NP,473,0,6,1994,0,2000,G
5-NP,474,1998,0,3,0,2001,A
5-NP,475,2006,0,1,0,2007,A
5-NP,476,0,1996,0,0,1996,T
5-NP,477,1,9,1984,0,1994,G
5-NP,478,0,5,1996,0,2001,G
5-NP,479,2007,1,2,0,2010,A
5-NP,480,0,2011,0,0,2011,T
5-NP,481,7,0,0,2009,2016,C
5-NP,482,4,1,0,2019,2024,C
5-NP,483,3,2,0,2030,2035,C
5-NP,484,2075,0,0,0,2075,A
5-NP,485,0,4,2106,0,2110,G
5-NP,486,2094,0,1,0,2095,A
5-NP,487,2110,0,0,0,2110,A
5-NP,488,0,2098,0,0,2098,T
5-NP,489,0,2,2141,0,2143,G
5-NP,490,0,2103,0,2,2105,T
5-NP,491,1,1,2125,0,2127,G
5-NP,492,0,0,0,2119,2119,C
5-NP,493,0,2109,0,2,2111,T
5-NP,494,10,0,0,2258,2268,C
5-NP,495,0,2247,1,1,2249,T
5-NP,496,6,0,1,2321,2328,C
5-NP,497,0,2338,0,1,2339,T
5-NP,498,0,8,2336,0,2344,G
5-NP,499,2355,0,0,0,2355,A
5-NP,500,0,2356,0,2,2358,T
5-NP,501,1,2,2357,0,2360,G
5-NP,502,1,1,0,2349,2351,C
5-NP,503,2291,0,0,0,2291,A
5-NP,504,1,4,2357,0,2362,G
5-NP,505,1,7,2295,0,2303,G
5-NP,506,1,2,2332,0,2335,G
5-NP,507,1,0,0,2331,2332,C
5-NP,508,0,2345,0,2,2347,T
5-NP,509,7,1,0,2344,2352,C
5-NP,510,0,24,2335,0,2359,G
5-NP,511,2372,0,1,0,2373,A
5-NP,512,0,0,0,2388,2388,C
5-NP,513,1,2375,0,0,2376,T
5-NP,514,8,0,1,2485,2494,C
5-NP,515,0,2455,0,2,2457,T
5-NP,516,17,0,0,2731,2748,C
5-NP,517,4,0,0,2739,2743,C
5-NP,518,4,0,0,2767,2771,C
5-NP,519,0,2771,0,3,2774,T
5-NP,520,2753,0,1,0,2754,A
5-NP,521,0,3,2765,0,2768,G
5-NP,522,2750,0,0,1,2751,A
5-NP,523,2674,0,3,0,2677,A
5-NP,524,0,9,2685,0,2694,G
5-NP,525,0,1,2653,0,2654,G
5-NP,526,0,2605,0,1,2606,T
5-NP,527,14,1,0,2631,2646,C
5-NP,528,4,2,0,2641,2647,C
5-NP,529,2,2,2640,0,2644,G
5-NP,530,0,16,2628,0,2644,G
5-NP,531,2641,0,1,0,2642,A
5-NP,532,0,1,2686,0,2687,G
5-NP,533,0,1,0,2672,2673,C
5-NP,534,1,2653,0,3,2657,T
5-NP,535,0,1,2680,0,2681,G
5-NP,536,0,2,0,2676,2678,C
5-NP,537,2667,1,4,0,2672,A
5-NP,538,1,1,2685,1,2688,G
5-NP,539,0,1,2676,0,2677,G
5-NP,540,0,2609,0,3,2612,T
5-NP,541,0,0,2658,0,2658,G
5-NP,542,0,1,0,2639,2640,C
5-NP,543,2,2658,1,2,2663,T
5-NP,544,2,0,2674,0,2676,G
5-NP,545,4,1,0,2658,2663,C
5-NP,546,2695,0,1,2,2698,A
5-NP,547,0,0,2745,0,2745,G
5-NP,548,0,2725,0,0,2725,T
5-NP,549,25,0,1,2707,2733,C
5-NP,550,2744,0,2,0,2746,A
5-NP,551,2733,0,2,0,2735,A
5-NP,552,2726,3,5,0,2734,A
5-NP,553,0,6,2749,0,2755,G
5-NP,554,1,7,2763,0,2771,G
5-NP,555,2742,0,1,0,2743,A
5-NP,556,2751,0,2,0,2753,A
5-NP,557,0,2748,0,0,2748,T
5-NP,558,9,3,0,2743,2755,C
5-NP,559,1,6,2744,0,2751,G
5-NP,560,0,4,2815,0,2819,G
5-NP,561,0,9,2826,0,2835,G
5-NP,562,2816,1,2,0,2819,A
5-NP,563,0,0,0,2837,2837,C
5-NP,564,2811,0,0,0,2811,A
5-NP,565,2855,0,1,0,2856,A
5-NP,566,0,2885,0,4,2889,T
5-NP,567,2,4,2897,0,2903,G
5-NP,568,1,1,2929,0,2931,G
5-NP,569,0,2827,0,3,2830,T
5-NP,570,3,4,2899,0,2906,G
5-NP,571,2877,0,2,1,2880,A
5-NP,572,0,2886,0,1,2887,T
5-NP,573,1,9,2895,0,2905,G
5-NP,574,1,13,2924,1,2939,G
5-NP,575,2914,0,3,0,2917,A
5-NP,576,2949,1,2,0,2952,A
5-NP,577,0,0,0,2939,2939,C
5-NP,578,0,2920,0,2,2922,T
5-NP,579,2907,0,3,0,2910,A
5-NP,580,3012,0,2,0,3014,A
5-NP,581,0,3041,0,0,3041,T
5-NP,582,10,1,0,3039,3050,C
5-NP,583,2982,1,0,0,2983,A
5-NP,584,2,9,2993,0,3004,G
5-NP,585,2961,1,0,0,2962,A
5-NP,586,2986,1,0,1,2988,A
5-NP,587,0,3005,0,1,3006,T
5-NP,588,0,12,2947,0,2959,G
5-NP,589,0,0,2999,0,2999,G
5-NP,590,1,2968,1,4,2974,T
5-NP,591,23,0,0,2988,3011,C
5-NP,592,3019,0,1,0,3020,A
5-NP,593,2999,0,0,1,3000,A
5-NP,594,3020,0,0,1,3021,A
5-NP,595,1,3,0,3018,3022,C
5-NP,596,1,7,3013,0,3021,G
5-NP,597,9,5,2983,1,2998,G
5-NP,598,0,11,2948,0,2959,G
5-NP,599,1,11,2968,0,2980,G
5-NP,600,3,19,2973,0,2995,G
5-NP,601,2989,0,6,0,2995,A
5-NP,602,0,2956,0,2,2958,T
5-NP,603,11,0,0,2987,2998,C
5-NP,604,3005,0,0,0,3005,A
5-NP,605,2989,0,1,0,2990,A
5-NP,606,0,2,0,3005,3007,C
5-NP,607,1,7,2975,0,2983,G
5-NP,608,2981,0,0,0,2981,A
5-NP,609,0,2964,0,0,2964,T
5-NP,610,17,0,0,2958,2975,C
5-NP,611,2,8,2993,0,3003,G
5-NP,612,2976,2,0,0,2978,A
5-NP,613,2997,0,0,0,2997,A
5-NP,614,2980,0,0,0,2980,A
5-NP,615,0,3018,0,0,3018,T
5-NP,616,0,3031,0,0,3031,T
5-NP,617,0,3025,0,1,3026,T
5-NP,618,1,3046,0,0,3047,T
5-NP,619,0,3048,0,1,3049,T
5-NP,620,0,5,3047,1,3053,G
5-NP,621,1,16,3015,0,3032,G
5-NP,622,3016,0,2,0,3018,A
5-NP,623,1,5,3046,0,3052,G
5-NP,624,2991,0,0,0,2991,A
5-NP,625,0,3,3125,0,3128,G
5-NP,626,2,3,3137,0,3142,G
5-NP,627,2,3085,0,3,3090,T
5-NP,628,1,14,3132,0,3147,G
5-NP,629,3137,0,6,0,3143,A
5-NP,630,1,7,3178,0,3186,G
5-NP,631,3169,0,1,1,3171,A
5-NP,632,3164,0,0,0,3164,A
5-NP,633,1,3157,0,1,3159,T
5-NP,634,0,10,3068,0,3078,G
5-NP,635,0,6,3051,0,3057,G
5-NP,636,3025,0,3,0,3028,A
5-NP,637,0,4,1,3046,3051,C
5-NP,638,0,6,3040,0,3046,G
5-NP,639,0,6,3089,0,3095,G
5-NP,640,3071,0,1,0,3072,A
5-NP,641,3088,0,2,1,3091,A
5-NP,642,3137,0,1,0,3138,A
5-NP,643,3138,0,5,1,3144,A
5-NP,644,1,0,0,3186,3187,C
5-NP,645,3162,1,2,0,3165,A
5-NP,646,3165,0,3,0,3168,A
5-NP,647,0,6,3164,0,3170,G
5-NP,648,3067,0,8,0,3075,A
5-NP,649,3088,0,0,0,3088,A
5-NP,650,1,1,3144,0,3146,G
5-NP,651,1,3094,0,0,3095,T
5-NP,652,0,2,3285,0,3287,G
5-NP,653,2,0,0,3241,3243,C
5-NP,654,0,3261,0,0,3261,T
5-NP,655,0,3289,0,2,3291,T
5-NP,656,3322,0,0,1,3323,A
5-NP,657,1,3323,0,0,3324,T
5-NP,658,0,13,3324,0,3337,G
5-NP,659,3256,1,4,0,3261,A
5-NP,660,0,13,3260,0,3273,G
5-NP,661,3109,0,3,2,3114,A
5-NP,662,0,16,3121,0,3137,G
5-NP,663,3142,0,1,0,3143,A
5-NP,664,3162,0,0,0,3162,A
5-NP,665,0,3156,0,0,3156,T
5-NP,666,1,4,3201,0,3206,G
5-NP,667,0,3162,0,2,3164,T
5-NP,668,1,3,3179,0,3183,G
5-NP,669,1,3,0,3188,3192,C
5-NP,670,3160,1,3,0,3164,A
5-NP,671,3172,0,5,0,3177,A
5-NP,672,0,1,0,3171,3172,C
5-NP,673,3150,0,0,0,3150,A
5-NP,674,0,3165,0,1,3166,T
5-NP,675,0,3148,0,2,3150,T
5-NP,676,5,0,0,3136,3141,C
5-NP,677,0,3144,0,1,3145,T
5-NP,678,0,3152,0,1,3153,T
5-NP,679,3151,1,0,0,3152,A
5-NP,680,3138,0,0,0,3138,A
5-NP,681,3145,0,4,0,3149,A
5-NP,682,1,2,3140,0,3143,G
5-NP,683,0,8,3127,0,3135,G
5-NP,684,3128,0,2,0,3130,A
5-NP,685,3119,0,1,0,3120,A
5-NP,686,3123,0,0,0,3123,A
5-NP,687,3153,1,1,0,3155,A
5-NP,688,0,3154,0,0,3154,T
5-NP,689,0,3154,0,1,3155,T
5-NP,690,1,3159,0,0,3160,T
5-NP,691,11,0,1,3151,3163,C
5-NP,692,3175,0,2,0,3177,A
5-NP,693,3151,1,3,0,3155,A
5-NP,694,3159,0,2,1,3162,A
5-NP,695,2,0,0,3193,3195,C
5-NP,696,3165,0,0,0,3165,A
5-NP,697,0,2,3198,0,3200,G
5-NP,698,3,0,0,3192,3195,C
5-NP,699,0,3180,1,2,3183,T
5-NP,700,1,3,3240,0,3244,G
5-NP,701,0,1,0,3233,3234,C
5-NP,702,3252,0,3,0,3255,A
5-NP,703,1,0,1,3265,3267,C
5-NP,704,3259,0,0,0,3259,A
5-NP,705,3251,1,2,0,3254,A
5-NP,706,3185,0,5,0,3190,A
5-NP,707,0,9,3296,0,3305,G
5-NP,708,3285,0,3,0,3288,A
5-NP,709,0,6,3290,0,3296,G
5-NP,710,0,1,0,3287,3288,C
5-NP,711,3289,0,1,0,3290,A
5-NP,712,3364,0,2,0,3366,A
5-NP,713,0,3363,0,2,3365,T
5-NP,714,1,7,3362,0,3370,G
5-NP,715,0,1,3382,0,3383,G
5-NP,716,0,3269,0,1,3270,T
5-NP,717,1,11,3289,0,3301,G
5-NP,718,1,8,3300,0,3309,G
5-NP,719,3305,0,4,0,3309,A
5-NP,720,0,3288,0,2,3290,T
5-NP,721,18,1,0,3220,3239,C
5-NP,722,3260,0,3,0,3263,A
5-NP,723,3258,0,1,0,3259,A
5-NP,724,0,1,3288,0,3289,G
5-NP,725,0,3224,0,2,3226,T
5-NP,726,1,16,3249,0,3266,G
5-NP,727,3238,1,5,1,3245,A
5-NP,728,0,13,3235,0,3248,G
5-NP,729,3250,0,1,0,3251,A
5-NP,730,1,10,3230,0,3241,G
5-NP,731,3226,0,0,1,3227,A
5-NP,732,3179,0,1,0,3180,A
5-NP,733,3190,0,3,0,3193,A
5-NP,734,0,1,3202,0,3203,G
5-NP,735,0,3122,0,1,3123,T
5-NP,736,11,2,0,3174,3187,C
5-NP,737,1,2,3172,0,3175,G
5-NP,738,0,12,3155,0,3167,G
5-NP,739,3209,0,0,0,3209,A
5-NP,740,3184,0,1,0,3185,A
5-NP,741,1,0,0,3197,3198,C
5-NP,742,6,2,0,3183,3191,C
5-NP,743,9,1,0,3219,3229,C
5-NP,744,3210,0,2,0,3212,A
5-NP,745,2,8,3224,0,3234,G
5-NP,746,0,9,3191,0,3200,G
5-NP,747,3211,0,0,0,3211,A
5-NP,748,3214,0,0,0,3214,A
5-NP,749,3191,4,1,1,3197,A
5-NP,750,0,4,0,3217,3221,C
5-NP,751,1,1,3218,0,3220,G
5-NP,752,4,0,0,3206,3210,C
5-NP,753,0,3200,0,2,3202,T
5-NP,754,1,11,3203,0,3215,G
5-NP,755,3189,0,1,0,3190,A
5-NP,756,0,2,3235,0,3237,G
5-NP,757,3274,0,1,0,3275,A
5-NP,758,1,3238,0,1,3240,T
5-NP,759,15,0,0,3217,3232,C
5-NP,760,0,3,3248,0,3251,G
5-NP,761,3227,0,1,0,3228,A
5-NP,762,3228,1,0,0,3229,A
5-NP,763,0,12,3212,0,3224,G
5-NP,764,3168,0,2,0,3170,A
5-NP,765,1,4,0,3115,3120,C
5-NP,766,9,0,0,3213,3222,C
5-NP,767,2,3232,1,1,3236,T
5-NP,768,11,0,0,3235,3246,C
5-NP,769,3264,1,0,0,3265,A
5-NP,770,0,3251,0,0,3251,T
5-NP,771,3274,2,1,0,3277,A
5-NP,772,0,3267,0,3,3270,T
5-NP,773,1,3247,0,0,3248,T
5-NP,774,1,3187,0,0,3188,T
5-NP,775,0,3144,0,1,3145,T
5-NP,776,0,3150,0,0,3150,T
5-NP,777,3147,1,1,0,3149,A
5-NP,778,1,2,3133,0,3136,G
5-NP,779,1,0,0,3141,3142,C
5-NP,780,3147,0,2,0,3149,A
5-NP,781,3124,0,0,0,3124,A
5-NP,782,0,4,3195,0,3199,G
5-NP,783,3166,0,0,0,3166,A
5-NP,784,0,3165,0,1,3166,T
5-NP,785,4,0,1,3207,3212,C
5-NP,786,0,3200,1,2,3203,T
5-NP,787,2,1,3273,0,3276,G
5-NP,788,1,0,0,3287,3288,C
5-NP,789,3297,0,1,0,3298,A
5-NP,790,0,3314,0,1,3315,T
5-NP,791,0,3228,0,1,3229,T
5-NP,792,2,9,3379,0,3390,G
5-NP,793,3413,0,3,0,3416,A
5-NP,794,0,3409,0,0,3409,T
5-NP,795,3445,0,2,0,3447,A
5-NP,796,0,3374,0,1,3375,T
5-NP,797,0,3344,0,1,3345,T
5-NP,798,0,11,3360,0,3371,G
5-NP,799,3310,0,2,0,3312,A
5-NP,800,1,8,3334,0,3343,G
5-NP,801,3183,1,0,1,3185,A
5-NP,802,1,5,3165,1,3172,G
5-NP,803,0,12,3185,0,3197,G
5-NP,804,3171,0,2,0,3173,A
5-NP,805,0,3139,0,0,3139,T
5-NP,806,15,1,0,3167,3183,C
5-NP,807,3176,0,2,0,3178,A
5-NP,808,0,0,3211,0,3211,G
5-NP,809,0,3177,0,3,3180,T
5-NP,810,1,3108,0,25,3134,T
5-NP,811,2,3,3148,0,3153,G
5-NP,812,1,0,0,3134,3135,C
5-NP,813,1,3123,1,4,3129,T
5-NP,814,14,2,0,3120,3136,C
5-NP,815,3121,0,3,1,3125,A
5-NP,816,1,0,1,3142,3144,C
5-NP,817,3171,0,0,0,3171,A
5-NP,818,3171,1,1,0,3173,A
5-NP,819,3148,0,1,0,3149,A
5-NP,820,1,3130,0,0,3131,T
5-NP,821,9,0,0,3154,3163,C
5-NP,822,0,3153,0,3,3156,T
5-NP,823,0,3136,0,0,3136,T
5-NP,824,0,0,3159,0,3159,G
5-NP,825,4,3,0,3112,3119,C
5-NP,826,10,0,1,3162,3173,C
5-NP,827,0,3188,0,2,3190,T
5-NP,828,3153,1,1,0,3155,A
5-NP,829,2,0,0,3204,3206,C
5-NP,830,6,1,0,3208,3215,C
5-NP,831,1,3186,0,2,3189,T
5-NP,832,1,1,3214,1,3217,G
5-NP,833,2,0,0,3177,3179,C
5-NP,834,5,1,0,3193,3199,C
5-NP,835,1,3174,1,1,3177,T
5-NP,836,1,0,3228,0,3229,G
5-NP,837,0,3177,0,0,3177,T
5-NP,838,0,1,3252,0,3253,G
5-NP,839,5,2,0,3245,3252,C
5-NP,840,1,1,3310,0,3312,G
5-NP,841,0,3248,0,3,3251,T
5-NP,842,3256,0,0,0,3256,A
5-NP,843,0,3252,0,1,3253,T
5-NP,844,1,10,3251,0,3262,G
5-NP,845,1,9,3310,0,3320,G
5-NP,846,3284,0,5,0,3289,A
5-NP,847,1,0,0,3235,3236,C
5-NP,848,5,0,0,3256,3261,C
5-NP,849,1,3197,0,2,3200,T
5-NP,850,2,1,3298,0,3301,G
5-NP,851,2,1,0,3307,3310,C
5-NP,852,3340,1,4,0,3345,A
5-NP,853,0,2,3370,0,3372,G
5-NP,854,0,3255,0,1,3256,T
5-NP,855,3344,0,1,0,3345,A
5-NP,856,0,3308,0,2,3310,T
5-NP,857,10,0,0,3293,3303,C
5-NP,858,4,2,1,3315,3322,C
5-NP,859,3180,0,0,0,3180,A
5-NP,860,0,0,3188,2,3190,G
5-NP,861,0,3150,0,1,3151,T
5-NP,862,0,9,3163,0,3172,G
5-NP,863,2,5,3128,1,3136,G
5-NP,864,0,3,3072,0,3075,G
5-NP,865,0,3080,0,2,3082,T
5-NP,866,3087,0,0,0,3087,A
5-NP,867,1,1,0,3078,3080,C
5-NP,868,1,14,3064,0,3079,G
5-NP,869,3040,0,2,0,3042,A
5-NP,870,0,0,0,3063,3063,C
5-NP,871,0,2980,0,0,2980,T
5-NP,872,0,2975,0,0,2975,T
5-NP,873,4,1,0,2981,2986,C
5-NP,874,5,10,2979,0,2994,G
5-NP,875,2965,0,4,0,2969,A
5-NP,876,2966,0,1,0,2967,A
5-NP,877,3001,0,1,0,3002,A
5-NP,878,2996,0,2,0,2998,A
5-NP,879,2981,0,3,0,2984,A
5-NP,880,0,4,2990,0,2994,G
5-NP,881,2980,0,4,0,2984,A
5-NP,882,1,5,2983,0,2989,G
5-NP,883,1,5,3003,0,3009,G
5-NP,884,0,13,2994,0,3007,G
5-NP,885,3014,0,1,0,3015,A
5-NP,886,1,3013,0,0,3014,T
5-NP,887,3031,0,0,0,3031,A
5-NP,888,0,3022,0,1,3023,T
5-NP,889,1,2995,0,0,2996,T
5-NP,890,18,0,0,3027,3045,C
5-NP,891,7,1,0,3024,3032,C
5-NP,892,0,2972,0,0,2972,T
5-NP,893,0,2996,0,0,2996,T
5-NP,894,0,8,3005,0,3013,G
5-NP,895,1,2,3015,0,3018,G
5-NP,896,0,2980,0,2,2982,T
5-NP,897,1,3,2991,0,2995,G
5-NP,898,1,9,2957,0,2967,G
5-NP,899,1,15,3050,0,3066,G
5-NP,900,3073,0,2,0,3075,A
5-NP,901,3088,0,0,0,3088,A
5-NP,902,1,3093,0,2,3096,T
5-NP,903,3043,0,0,0,3043,A
5-NP,904,0,9,3022,0,3031,G
5-NP,905,2993,0,3,0,2996,A
5-NP,906,2,2,0,2976,2980,C
5-NP,907,8,1,0,2920,2929,C
5-NP,908,6,1,0,2888,2895,C
5-NP,909,1,2917,0,2,2920,T
5-NP,910,0,2924,0,1,2925,T
5-NP,911,0,2928,0,5,2933,T
5-NP,912,8,0,0,2922,2930,C
5-NP,913,2942,0,1,0,2943,A
5-NP,914,2935,0,1,0,2936,A
5-NP,915,2924,0,1,0,2925,A
5-NP,916,1,0,0,2922,2923,C
5-NP,917,0,2866,0,0,2866,T
5-NP,918,2848,0,0,0,2848,A
5-NP,919,0,0,0,2862,2862,C
5-NP,920,0,2852,0,2,2854,T
5-NP,921,0,2816,0,1,2817,T
5-NP,922,9,0,0,2851,2860,C
5-NP,923,2863,0,0,0,2863,A
5-NP,924,2864,1,0,0,2865,A
5-NP,925,2840,0,0,1,2841,A
5-NP,926,2845,0,1,0,2846,A
5-NP,927,0,2815,0,2,2817,T
5-NP,928,2779,0,0,0,2779,A
5-NP,929,1,1,2786,0,2788,G
5-NP,930,0,0,0,2796,2796,C
5-NP,931,7,0,0,2823,2830,C
5-NP,932,2843,0,2,0,2845,A
5-NP,933,2847,1,0,0,2848,A
5-NP,934,2929,0,1,0,2930,A
5-NP,935,0,2932,0,0,2932,T
5-NP,936,2951,0,1,0,2952,A
5-NP,937,0,2933,0,1,2934,T
5-NP,938,2890,0,2,0,2892,A
5-NP,939,1,1,0,2891,2893,C
5-NP,940,2809,1,3,0,2813,A
5-NP,941,0,3,2871,0,2874,G
5-NP,942,1,0,0,2856,2857,C
5-NP,943,0,2772,0,2,2774,T
5-NP,944,0,2810,0,0,2810,T
5-NP,945,2825,0,0,1,2826,A
5-NP,946,2827,0,0,0,2827,A
5-NP,947,0,2804,0,0,2804,T
5-NP,948,7,0,1,2805,2813,C
5-NP,949,2733,1,2,0,2736,A
5-NP,950,1,9,2719,0,2729,G
5-NP,951,2705,0,2,0,2707,A
5-NP,952,2,0,0,2739,2741,C
5-NP,953,7,0,0,2712,2719,C
5-NP,954,0,2690,0,1,2691,T
5-NP,955,2719,0,2,0,2721,A
5-NP,956,2703,0,1,0,2704,A
5-NP,957,1,0,0,2727,2728,C
5-NP,958,0,7,2734,0,2741,G
5-NP,959,2668,0,0,0,2668,A
5-NP,960,0,6,2677,0,2683,G
5-NP,961,2642,0,1,0,2643,A
5-NP,962,2659,0,1,0,2660,A
5-NP,963,0,2643,0,0,2643,T
5-NP,964,9,0,1,2609,2619,C
5-NP,965,3,1,0,2633,2637,C
5-NP,966,2599,0,3,1,2603,A
5-NP,967,1,1,2608,0,2610,G
5-NP,968,0,3,0,2606,2609,C
5-NP,969,2618,1,0,0,2619,A
5-NP,970,0,1,0,2624,2625,C
5-NP,971,2602,1,2,0,2605,A
5-NP,972,0,2,0,2619,2621,C
5-NP,973,2617,0,3,0,2620,A
5-NP,974,2620,0,2,0,2622,A
5-NP,975,0,7,2624,0,2631,G
5-NP,976,2580,0,1,0,2581,A
5-NP,977,0,1,2578,0,2579,G
5-NP,978,0,2510,0,0,2510,T
5-NP,979,6,0,0,2502,2508,C
5-NP,980,2522,0,1,0,2523,A
5-NP,981,2,0,2508,0,2510,G
5-NP,982,2,0,0,2494,2496,C
5-NP,983,0,2478,0,1,2479,T
5-NP,984,0,0,2512,0,2512,G
5-NP,985,0,0,2510,0,2510,G
5-NP,986,0,2489,0,4,2493,T
5-NP,987,20,1,2486,0,2507,G
5-NP,988,0,2475,0,0,2475,T
5-NP,989,1,4,2458,0,2463,G
5-NP,990,1,3,2457,0,2461,G
5-NP,991,2427,0,1,0,2428,A
5-NP,992,0,2433,0,1,2434,T
5-NP,993,2,7,2322,0,2331,G
5-NP,994,0,1,2282,0,2283,G
5-NP,995,1,0,0,2280,2281,C
5-NP,996,2273,0,0,0,2273,A
5-NP,997,0,2266,1,0,2267,T
5-NP,998,2,2,2240,0,2244,G
5-NP,999,0,0,0,2242,2242,C
5-NP,1000,7,0,0,2252,2259,C
5-NP,1001,2265,0,0,0,2265,A
5-NP,1002,0,2256,0,0,2256,T
5-NP,1003,1,2220,0,0,2221,T
5-NP,1004,8,0,0,2226,2234,C
5-NP,1005,0,2211,0,1,2212,T
5-NP,1006,0,0,2221,0,2221,G
5-NP,1007,0,0,0,2190,2190,C
5-NP,1008,0,2116,0,9,2125,T
5-NP,1009,0,1,2147,0,2148,G
5-NP,1010,0,0,0,2097,2097,C
5-NP,1011,2097,0,0,0,2097,A
5-NP,1012,0,2078,0,1,2079,T
5-NP,1013,0,2076,0,0,2076,T
5-NP,1014,0,2083,0,1,2084,T
5-NP,1015,0,2,2073,0,2075,G
5-NP,1016,2075,0,1,0,2076,A
5-NP,1017,2072,1,1,0,2074,A
5-NP,1018,0,4,2090,0,2094,G
5-NP,1019,2074,0,1,1,2076,A
5-NP,1020,0,2072,0,2,2074,T
5-NP,1021,0,2066,0,0,2066,T
5-NP,1022,0,2079,0,0,2079,T
5-NP,1023,2076,0,0,0,2076,A
5-NP,1024,2073,0,1,0,2074,A
5-NP,1025,0,3,2074,0,2077,G
5-NP,1026,2070,0,1,0,2071,A
5-NP,1027,0,2063,0,1,2064,T
5-NP,1028,0,2024,0,0,2024,T
5-NP,1029,2,2,2039,0,2043,G
5-NP,1030,1,2040,0,2,2043,T
5-NP,1031,0,2035,0,2,2037,T
5-NP,1032,2041,0,0,0,2041,A
5-NP,1033,2041,0,0,0,2041,A
5-NP,1034,2,2,2026,0,2030,G
5-NP,1035,0,0,0,2036,2036,C
5-NP,1036,0,2006,0,2,2008,T
5-NP,1037,0,2012,0,2,2014,T
5-NP,1038,6,0,0,2021,2027,C
5-NP,1039,2021,0,0,0,2021,A
5-NP,1040,0,2010,0,0,2010,T
5-NP,1041,7,0,0,2013,2020,C
5-NP,1042,1977,0,1,0,1978,A
5-NP,1043,0,3,1977,0,1980,G
5-NP,1044,1952,0,2,0,1954,A
5-NP,1045,1,6,1950,0,1957,G
5-NP,1046,0,5,1935,0,1940,G
5-NP,1047,0,7,1935,0,1942,G
5-NP,1048,1930,0,3,0,1933,A
5-NP,1049,4,0,0,1944,1948,C
5-NP,1050,1964,0,1,0,1965,A
5-NP,1051,1974,0,0,0,1974,A
5-NP,1052,1976,0,0,0,1976,A
5-NP,1053,1971,0,4,0,1975,A
5-NP,1054,0,0,1985,0,1985,G
5-NP,1055,1,1910,0,4,1915,T
5-NP,1056,1910,0,0,0,1910,A
5-NP,1057,0,1892,0,4,1896,T
5-NP,1058,10,1,0,1888,1899,C
5-NP,1059,1,1864,0,1,1866,T
5-NP,1060,6,0,1,1884,1891,C
5-NP,1061,2,0,0,1879,1881,C
5-NP,1062,0,1853,0,1,1854,T
5-NP,1063,4,1,0,1876,1881,C
5-NP,1064,1,3,1869,0,1873,G
5-NP,1065,0,5,1878,0,1883,G
5-NP,1066,0,6,1871,0,1877,G
5-NP,1067,0,2,1870,0,1872,G
5-NP,1068,1,4,1865,1,1871,G
5-NP,1069,1848,0,1,0,1849,A
5-NP,1070,1855,0,0,0,1855,A
5-NP,1071,1846,0,0,0,1846,A
5-NP,1072,2,0,0,1845,1847,C
5-NP,1073,0,1844,0,3,1847,T
5-NP,1074,0,0,1858,0,1858,G
5-NP,1075,0,1831,0,1,1832,T
5-NP,1076,8,0,1,1827,1836,C
5-NP,1077,1859,2,2,1,1864,A
5-NP,1078,1864,0,1,0,1865,A
5-NP,1079,0,0,0,1870,1870,C
5-NP,1080,0,1856,0,0,1856,T
5-NP,1081,1832,0,0,0,1832,A
5-NP,1082,2,2,1837,0,1841,G
5-NP,1083,1800,0,1,0,1801,A
5-NP,1084,0,3,1792,0,1795,G
5-NP,1085,0,8,1801,0,1809,G
5-NP,1086,1744,0,1,0,1745,A
5-NP,1087,2,0,1768,0,1770,G
5-NP,1088,0,1745,0,1,1746,T
5-NP,1089,1735,1,3,0,1739,A
5-NP,1090,2,0,0,1751,1753,C
5-NP,1091,1724,0,0,0,1724,A
5-NP,1092,1720,0,0,0,1720,A
5-NP,1093,1702,0,0,0,1702,A
5-NP,1094,1,1685,0,0,1686,T
5-NP,1095,0,1686,0,0,1686,T
5-NP,1096,0,2,1639,0,1641,G
5-NP,1097,0,0,0,1629,1629,C
5-NP,1098,0,1625,0,1,1626,T
5-NP,1099,0,1611,1,3,1615,T
5-NP,1100,5,0,0,1617,1622,C
5-NP,1101,1630,2,0,0,1632,A
5-NP,1102,1632,0,1,0,1633,A
5-NP,1103,1631,0,0,0,1631,A
5-NP,1104,1,1630,0,0,1631,T
5-NP,1105,0,10,1624,0,1634,G
5-NP,1106,1606,0,1,0,1607,A
5-NP,1107,1,9,1609,0,1619,G
5-NP,1108,1614,0,3,0,1617,A
5-NP,1109,1610,0,0,0,1610,A
5-NP,1110,0,0,0,1612,1612,C
5-NP,1111,1596,0,0,0,1596,A
5-NP,1112,0,1587,0,0,1587,T
5-NP,1113,2,4,1618,0,1624,G
5-NP,1114,0,5,1620,0,1625,G
5-NP,1115,1607,0,1,0,1608,A
5-NP,1116,0,1606,0,0,1606,T
5-NP,1117,1579,0,0,0,1579,A
5-NP,1118,1667,0,0,0,1667,A
5-NP,1119,0,1629,0,0,1629,T
5-NP,1120,1630,0,0,0,1630,A
5-NP,1121,0,1613,0,0,1613,T
5-NP,1122,1,6,1512,0,1519,G
5-NP,1123,0,2,1469,0,1471,G
5-NP,1124,1,4,1470,0,1475,G
5-NP,1125,1478,0,1,0,1479,A
5-NP,1126,1,1447,0,1,1449,T
5-NP,1127,7,4,0,1230,1241,C
5-NP,1128,1,8,1233,0,1242,G
5-NP,1129,1243,0,0,0,1243,A
5-NP,1130,0,0,1242,0,1242,G
5-NP,1131,1,0,0,1236,1237,C
5-NP,1132,1209,0,1,0,1210,A
5-NP,1133,0,0,0,1258,1258,C
5-NP,1134,1,1240,0,0,1241,T
5-NP,1135,3,0,0,1249,1252,C
5-NP,1136,0,1250,0,2,1252,T
5-NP,1137,0,1244,0,1,1245,T
5-NP,1138,0,4,1243,0,1247,G
5-NP,1139,1251,0,1,0,1252,A
5-NP,1140,1247,0,0,0,1247,A
5-NP,1141,0,0,0,1255,1255,C
5-NP,1142,0,1029,1,0,1030,T
5-NP,1143,0,0,1030,0,1030,G
5-NP,1144,1004,0,0,0,1004,A
5-NP,1145,0,1,1013,0,1014,G
5-NP,1146,1013,0,0,0,1013,A
5-NP,1147,1006,1,0,0,1007,A
5-NP,1148,0,0,1007,0,1007,G
5-NP,1149,0,0,0,983,983,C
5-NP,1150,1,5,975,0,981,G
5-NP,1151,0,1,979,0,980,G
5-NP,1152,0,1,980,0,981,G
5-NP,1153,0,969,0,1,970,T
5-NP,1154,963,0,0,0,963,A
5-NP,1155,0,0,0,961,961,C
5-NP,1156,0,871,0,2,873,T
5-NP,1157,0,1,871,0,872,G
5-NP,1158,1,1,861,0,863,G
5-NP,1159,1,1,849,0,851,G
5-NP,1160,0,0,0,844,844,C
5-NP,1161,1,2,0,836,839,C
5-NP,1162,839,0,1,0,840,A
5-NP,1163,0,841,0,0,841,T
5-NP,1164,837,1,0,0,838,A
5-NP,1165,838,0,0,0,838,A
5-NP,1166,0,1,832,0,833,G
5-NP,1167,0,1,842,0,843,G
5-NP,1168,830,0,0,0,830,A
5-NP,1169,0,0,0,825,825,C
5-NP,1170,3,0,0,822,825,C
5-NP,1171,822,0,1,1,824,A
5-NP,1172,0,0,836,0,836,G
5-NP,1173,0,3,833,0,836,G
5-NP,1174,835,0,0,0,835,A
5-NP,1175,0,0,848,0,848,G
5-NP,1176,0,801,0,0,801,T
5-NP,1177,1,2,809,0,812,G
5-NP,1178,0,3,820,0,823,G
5-NP,1179,806,1,2,0,809,A
5-NP,1180,0,1,816,0,817,G
5-NP,1181,0,4,799,0,803,G
5-NP,1182,791,0,0,0,791,A
5-NP,1183,799,0,0,0,799,A
5-NP,1184,800,0,0,0,800,A
5-NP,1185,0,1,0,789,790,C
5-NP,1186,790,0,0,0,790,A
5-NP,1187,0,0,0,810,810,C
5-NP,1188,0,793,0,0,793,T
5-NP,1189,808,0,0,0,808,A
5-NP,1190,802,0,1,0,803,A
5-NP,1191,0,804,0,0,804,T
5-NP,1192,0,0,0,816,816,C
5-NP,1193,811,0,0,0,811,A
5-NP,1194,819,0,0,0,819,A
5-NP,1195,2,0,0,822,824,C
5-NP,1196,807,0,1,0,808,A
5-NP,1197,0,0,799,0,799,G
5-NP,1198,788,0,3,0,791,A
5-NP,1199,0,2,786,0,788,G
5-NP,1200,0,3,786,0,789,G
5-NP,1201,1,0,778,0,779,G
5-NP,1202,0,0,0,776,776,C
5-NP,1203,1,0,0,761,762,C
5-NP,1204,0,747,0,2,749,T
5-NP,1205,1,0,0,762,763,C
5-NP,1206,1,0,0,767,768,C
5-NP,1207,0,0,765,0,765,G
5-NP,1208,0,1,0,757,758,C
5-NP,1209,763,0,0,0,763,A
5-NP,1210,0,1,774,0,775,G
5-NP,1211,0,1,765,0,766,G
5-NP,1212,0,2,0,770,772,C
5-NP,1213,2,1,0,771,774,C
5-NP,1214,763,0,0,0,763,A
5-NP,1215,769,1,0,0,770,A
5-NP,1216,765,0,0,0,765,A
5-NP,1217,0,0,0,773,773,C
5-NP,1218,1,0,0,770,771,C
5-NP,1219,717,0,1,0,718,A
5-NP,1220,0,0,737,0,737,G
5-NP,1221,0,730,0,1,731,T
5-NP,1222,0,0,735,0,735,G
5-NP,1223,0,717,0,1,718,T
5-NP,1224,1,0,719,0,720,G
5-NP,1225,1,0,0,723,724,C
5-NP,1226,722,0,0,0,722,A
5-NP,1227,729,0,0,0,729,A
5-NP,1228,0,0,0,724,724,C
5-NP,1229,2,0,0,724,726,C
5-NP,1230,0,717,0,0,717,T
5-NP,1231,713,0,0,0,713,A
5-NP,1232,1,0,0,711,712,C
5-NP,1233,0,0,711,0,711,G
5-NP,1234,0,703,0,0,703,T
5-NP,1235,0,711,0,1,712,T
5-NP,1236,0,708,0,0,708,T
5-NP,1237,0,698,0,0,698,T
5-NP,1238,1,0,0,703,704,C
5-NP,1239,0,695,0,0,695,T
5-NP,1240,0,0,705,0,705,G
5-NP,1241,0,698,0,0,698,T
5-NP,1242,700,0,0,0,700,A
5-NP,1243,0,1,0,701,702,C
5-NP,1244,691,0,0,0,691,A
5-NP,1245,688,0,0,0,688,A
5-NP,1246,692,0,0,0,692,A
5-NP,1247,1,2,690,0,693,G
5-NP,1248,692,0,0,0,692,A
5-NP,1249,668,0,0,0,668,A
5-NP,1250,666,0,0,0,666,A
5-NP,1251,1,0,0,669,670,C
5-NP,1252,1,1,0,662,664,C
5-NP,1253,0,659,0,0,659,T
5-NP,1254,2,0,0,662,664,C
5-NP,1255,1,0,0,664,665,C
5-NP,1256,3,1,0,664,668,C
5-NP,1257,668,0,0,0,668,A
5-NP,1258,0,662,0,0,662,T
5-NP,1259,0,666,0,0,666,T
5-NP,1260,0,665,0,0,665,T
5-NP,1261,0,0,666,0,666,G
5-NP,1262,667,0,0,0,667,A
5-NP,1263,661,0,1,0,662,A
5-NP,1264,669,0,0,0,669,A
5-NP,1265,667,0,0,0,667,A
5-NP,1266,1,0,669,0,670,G
5-NP,1267,0,657,0,1,658,T
5-NP,1268,3,0,0,661,664,C
5-NP,1269,670,0,0,0,670,A
5-NP,1270,668,0,3,0,671,A
5-NP,1271,0,0,0,671,671,C
5-NP,1272,3,0,0,681,684,C
5-NP,1273,684,0,0,0,684,A
5-NP,1274,0,676,0,1,677,T
5-NP,1275,0,0,0,680,680,C
5-NP,1276,676,0,1,0,677,A
5-NP,1277,0,681,0,2,683,T
5-NP,1278,0,1,683,0,684,G
5-NP,1279,0,1,679,0,680,G
5-NP,1280,0,0,0,687,687,C
5-NP,1281,673,1,1,0,675,A
5-NP,1282,1,0,667,0,668,G
5-NP,1283,0,0,0,661,661,C
5-NP,1284,668,0,1,0,669,A
5-NP,1285,0,668,0,0,668,T
5-NP,1286,0,654,0,0,654,T
5-NP,1287,6,0,0,652,658,C
5-NP,1288,649,0,0,0,649,A
5-NP,1289,0,1,0,657,658,C
5-NP,1290,0,655,0,0,655,T
5-NP,1291,0,0,664,0,664,G
5-NP,1292,0,1,660,0,661,G
5-NP,1293,660,0,0,0,660,A
5-NP,1294,661,0,0,0,661,A
5-NP,1295,666,0,0,0,666,A
5-NP,1296,0,654,0,0,654,T
5-NP,1297,660,0,0,0,660,A
5-NP,1298,0,3,0,653,656,C
5-NP,1299,0,2,642,2,646,G
5-NP,1300,0,1,636,0,637,G
5-NP,1301,633,0,0,0,633,A
5-NP,1302,0,1,629,0,630,G
5-NP,1303,1,0,628,0,629,G
5-NP,1304,0,1,627,0,628,G
5-NP,1305,633,0,0,0,633,A
5-NP,1306,632,0,0,0,632,A
5-NP,1307,0,3,631,0,634,G
5-NP,1308,628,0,0,0,628,A
5-NP,1309,624,0,0,0,624,A
5-NP,1310,0,0,0,627,627,C
5-NP,1311,0,625,0,0,625,T
5-NP,1312,0,624,0,1,625,T
5-NP,1313,2,0,0,629,631,C
5-NP,1314,635,0,0,0,635,A
5-NP,1315,0,3,633,0,636,G
5-NP,1316,632,0,0,0,632,A
5-NP,1317,0,1,0,630,631,C
5-NP,1318,627,0,0,0,627,A
5-NP,1319,0,606,0,0,606,T
5-NP,1320,1,2,608,0,611,G
5-NP,1321,602,0,1,0,603,A
5-NP,1322,2,3,603,0,608,G
5-NP,1323,0,2,604,0,606,G
5-NP,1324,0,0,604,0,604,G
5-NP,1325,0,1,0,604,605,C
5-NP,1326,601,0,0,0,601,A
5-NP,1327,0,1,606,0,607,G
5-NP,1328,600,0,0,0,600,A
5-NP,1329,605,0,0,0,605,A
5-NP,1330,608,0,0,0,608,A
5-NP,1331,0,604,1,0,605,T
5-NP,1332,1,1,0,607,609,C
5-NP,1333,607,0,0,0,607,A
5-NP,1334,0,606,0,0,606,T
5-NP,1335,609,0,0,0,609,A
5-NP,1336,608,0,0,0,608,A
5-NP,1337,0,2,612,0,614,G
5-NP,1338,605,0,0,0,605,A
5-NP,1339,607,0,0,0,607,A
5-NP,1340,0,591,0,0,591,T
5-NP,1341,0,0,591,0,591,G
5-NP,1342,590,0,0,0,590,A
5-NP,1343,0,590,0,0,590,T
5-NP,1344,0,1,590,0,591,G
5-NP,1345,0,2,589,0,591,G
5-NP,1346,580,0,0,0,580,A
5-NP,1347,574,0,0,0,574,A
5-NP,1348,558,0,1,0,559,A
5-NP,1349,0,0,565,0,565,G
5-NP,1350,0,560,0,0,560,T
5-NP,1351,2,0,561,0,563,G
5-NP,1352,1,0,0,559,560,C
5-NP,1353,561,0,0,0,561,A
5-NP,1354,558,0,0,0,558,A
5-NP,1355,562,0,0,0,562,A
5-NP,1356,559,0,1,0,560,A
5-NP,1357,0,0,1,557,558,C
5-NP,1358,1,0,0,552,553,C
5-NP,1359,547,0,0,0,547,A
5-NP,1360,0,3,548,0,551,G
5-NP,1361,549,0,0,0,549,A
5-NP,1362,548,0,0,0,548,A
5-NP,1363,0,2,546,0,548,G
5-NP,1364,541,0,1,0,542,A
5-NP,1365,528,0,0,0,528,A
5-NP,1366,1,0,530,0,531,G
5-NP,1367,0,518,0,0,518,T
5-NP,1368,0,0,531,0,531,G
5-NP,1369,0,519,0,2,521,T
5-NP,1370,7,0,0,516,523,C
5-NP,1371,528,0,0,0,528,A
5-NP,1372,0,529,0,0,529,T
5-NP,1373,1,519,0,0,520,T
5-NP,1374,1,0,0,521,522,C
5-NP,1375,1,0,0,515,516,C
5-NP,1376,0,3,515,0,518,G
5-NP,1377,0,1,519,0,520,G
5-NP,1378,0,0,519,0,519,G
5-NP,1379,0,1,520,0,521,G
5-NP,1380,0,0,524,0,524,G
5-NP,1381,507,0,1,0,508,A
5-NP,1382,0,1,507,0,508,G
5-NP,1383,1,3,503,0,507,G
5-NP,1384,0,0,506,0,506,G
5-NP,1385,0,3,500,0,503,G
5-NP,1386,493,0,0,0,493,A
5-NP,1387,0,0,495,0,495,G
5-NP,1388,0,487,0,0,487,T
5-NP,1389,0,0,0,478,478,C
5-NP,1390,0,483,0,0,483,T
5-NP,1391,0,486,0,0,486,T
5-NP,1392,2,0,0,490,492,C
5-NP,1393,0,3,492,0,495,G
5-NP,1394,493,0,0,0,493,A
5-NP,1395,0,0,484,0,484,G
5-NP,1396,0,1,0,482,483,C
5-NP,1397,0,482,0,0,482,T
5-NP,1398,2,0,0,487,489,C
5-NP,1399,0,483,0,1,484,T
5-NP,1400,0,0,0,487,487,C
5-NP,1401,486,0,0,0,486,A
5-NP,1402,0,1,488,0,489,G
5-NP,1403,485,1,0,0,486,A
5-NP,1404,0,0,0,483,483,C
5-NP,1405,0,1,476,0,477,G
5-NP,1406,473,0,0,0,473,A
5-NP,1407,0,0,476,0,476,G
5-NP,1408,469,0,0,0,469,A
5-NP,1409,470,0,0,0,470,A
5-NP,1410,0,0,472,0,472,G
5-NP,1411,0,0,459,0,459,G
5-NP,1412,0,0,0,463,463,C
5-NP,1413,463,0,0,0,463,A
5-NP,1414,455,0,2,0,457,A
5-NP,1415,0,0,0,458,458,C
5-NP,1416,0,0,460,0,460,G
5-NP,1417,459,0,0,0,459,A
5-NP,1418,453,0,0,0,453,A
5-NP,1419,0,0,0,450,450,C
5-NP,1420,0,0,0,453,453,C
5-NP,1421,1,0,0,448,449,C
5-NP,1422,1,1,459,0,461,G
5-NP,1423,455,0,0,0,455,A
5-NP,1424,0,453,0,0,453,T
5-NP,1425,4,1,0,442,447,C
5-NP,1426,0,0,448,0,448,G
5-NP,1427,0,444,0,0,444,T
5-NP,1428,0,0,444,0,444,G
5-NP,1429,2,0,0,433,435,C
5-NP,1430,2,1,0,434,437,C
5-NP,1431,1,0,0,439,440,C
5-NP,1432,0,433,0,0,433,T
5-NP,1433,0,0,0,443,443,C
5-NP,1434,0,444,0,0,444,T
5-NP,1435,0,439,0,1,440,T
5-NP,1436,0,448,0,0,448,T
5-NP,1437,0,450,0,0,450,T
5-NP,1438,0,0,452,0,452,G
5-NP,1439,451,0,0,0,451,A
5-NP,1440,0,446,0,0,446,T
5-NP,1441,439,0,0,0,439,A
5-NP,1442,0,363,0,0,363,T
5-NP,1443,0,1,362,0,363,G
5-NP,1444,367,0,0,0,367,A
5-NP,1445,0,0,367,0,367,G
5-NP,1446,0,368,0,0,368,T
5-NP,1447,357,0,0,0,357,A
5-NP,1448,357,0,0,0,357,A
5-NP,1449,0,353,0,0,353,T
5-NP,1450,0,0,353,0,353,G
5-NP,1451,353,0,0,0,353,A
5-NP,1452,326,0,0,0,326,A
5-NP,1453,0,1,322,0,323,G
5-NP,1454,0,0,311,0,311,G
5-NP,1455,306,1,0,0,307,A
5-NP,1456,0,304,0,1,305,T
5-NP,1457,0,0,0,305,305,C
5-NP,1458,0,298,0,0,298,T
5-NP,1459,0,301,0,0,301,T
5-NP,1460,304,0,0,0,304,A
5-NP,1461,0,296,0,1,297,T
5-NP,1462,0,299,0,0,299,T
5-NP,1463,0,292,0,0,292,T
5-NP,1464,0,0,0,287,287,C
5-NP,1465,0,272,0,0,272,T
5-NP,1466,0,267,0,0,267,T
5-NP,1467,0,1,0,271,272,C
5-NP,1468,0,0,268,0,268,G
5-NP,1469,1,1,268,0,270,G
5-NP,1470,266,0,1,0,267,A
5-NP,1471,1,0,269,0,270,G
5-NP,1472,269,0,0,0,269,A
5-NP,1473,0,0,0,262,262,C
5-NP,1474,249,0,0,0,249,A
5-NP,1475,249,0,0,0,249,A
5-NP,1476,0,246,0,0,246,T
5-NP,1477,0,0,246,0,246,G
5-NP,1478,0,0,0,246,246,C
5-NP,1479,232,0,1,0,233,A
5-NP,1480,0,1,233,0,234,G
5-NP,1481,230,0,0,2,232,A
5-NP,1482,213,0,0,0,213,A
5-NP,1483,0,1,212,0,213,G
5-NP,1484,154,0,0,0,154,A
5-NP,1485,0,0,154,0,154,G
5-NP,1486,0,133,0,0,133,T
5-NP,1487,132,0,0,0,132,A
5-NP,1488,0,120,0,1,121,T
5-NP,1489,0,0,122,0,122,G
5-NP,1490,121,0,1,0,122,A
5-NP,1491,0,0,0,122,122,C
5-NP,1492,82,0,0,0,82,A
5-NP,1493,81,0,0,0,81,A
5-NP,1494,0,56,0,0,56,T
5-NP,1495,0,57,0,0,57,T
5-NP,1496,56,0,0,0,56,A
5-NP,1497,57,0,0,0,57,A
6-NA,1,137,0,0,0,137,A
6-NA,2,0,139,0,0,139,T
6-NA,3,0,0,141,0,141,G
6-NA,4,143,0,1,0,144,A
6-NA,5,154,0,0,0,154,A
6-NA,6,0,156,0,0,156,T
6-NA,7,0,1,0,154,155,C
6-NA,8,2,0,0,153,155,C
6-NA,9,156,0,0,0,156,A
6-NA,10,167,0,0,0,167,A
6-NA,11,165,0,0,0,165,A
6-NA,12,0,177,0,0,177,T
6-NA,13,0,0,0,178,178,C
6-NA,14,177,0,0,0,177,A
6-NA,15,177,0,0,0,177,A
6-NA,16,179,0,1,0,180,A
6-NA,17,192,0,0,0,192,A
6-NA,18,0,1,214,0,215,G
6-NA,19,219,0,0,0,219,A
6-NA,20,0,225,0,0,225,T
6-NA,21,222,0,0,0,222,A
6-NA,22,228,0,1,0,229,A
6-NA,23,0,231,0,1,232,T
6-NA,24,239,0,0,0,239,A
6-NA,25,246,0,0,0,246,A
6-NA,26,1,1,0,254,256,C
6-NA,27,0,3,258,0,261,G
6-NA,28,259,0,0,0,259,A
6-NA,29,0,263,0,0,263,T
6-NA,30,0,255,4,0,259,T
6-NA,31,0,2,259,0,261,G
6-NA,32,0,0,271,1,272,G
6-NA,33,0,0,0,281,281,C
6-NA,34,0,282,0,0,282,T
6-NA,35,1,0,0,291,292,C
6-NA,36,0,289,0,0,289,T
6-NA,37,0,0,302,0,302,G
6-NA,38,0,304,0,0,304,T
6-NA,39,0,306,0,0,306,T
6-NA,40,0,311,0,0,311,T
6-NA,41,0,0,0,313,313,C
6-NA,42,0,314,0,0,314,T
6-NA,43,2,0,0,317,319,C
6-NA,44,0,317,0,0,317,T
6-NA,45,4,0,0,320,324,C
6-NA,46,323,0,0,0,323,A
6-NA,47,0,0,0,338,338,C
6-NA,48,0,0,0,344,344,C
6-NA,49,342,0,0,0,342,A
6-NA,50,0,344,0,0,344,T
6-NA,51,0,350,0,0,350,T
6-NA,52,0,350,0,0,350,T
6-NA,53,1,0,0,355,356,C
6-NA,54,1,0,0,361,362,C
6-NA,55,367,0,0,0,367,A
6-NA,56,0,0,0,393,393,C
6-NA,57,391,0,0,0,391,A
6-NA,58,410,0,0,0,410,A
6-NA,59,0,408,0,1,409,T
6-NA,60,424,0,0,0,424,A
6-NA,61,0,420,0,1,421,T
6-NA,62,0,0,419,0,419,G
6-NA,63,0,0,0,420,420,C
6-NA,64,0,418,0,6,424,T
6-NA,65,0,436,0,0,436,T
6-NA,66,0,0,0,435,435,C
6-NA,67,0,434,0,5,439,T
6-NA,68,0,441,0,0,441,T
6-NA,69,3,0,0,440,443,C
6-NA,70,438,0,0,0,438,A
6-NA,71,0,442,0,0,442,T
6-NA,72,0,0,439,0,439,G
6-NA,73,0,0,0,449,449,C
6-NA,74,448,0,0,0,448,A
6-NA,75,447,0,0,0,447,A
6-NA,76,449,0,0,0,449,A
6-NA,77,0,455,0,0,455,T
6-NA,78,0,458,0,1,459,T
6-NA,79,0,2,455,0,457,G
6-NA,80,0,0,0,460,460,C
6-NA,81,2,0,0,457,459,C
6-NA,82,461,0,0,0,461,A
6-NA,83,0,462,0,0,462,T
6-NA,84,0,0,0,499,499,C
6-NA,85,0,504,1,0,505,T
6-NA,86,0,504,0,0,504,T
6-NA,87,0,0,520,0,520,G
6-NA,88,518,0,0,0,518,A
6-NA,89,0,524,0,2,526,T
6-NA,90,527,0,1,0,528,A
6-NA,91,524,0,0,0,524,A
6-NA,92,0,0,0,591,591,C
6-NA,93,0,593,0,4,597,T
6-NA,94,597,0,3,1,601,A
6-NA,95,0,0,0,620,620,C
6-NA,96,0,623,0,0,623,T
6-NA,97,0,0,630,0,630,G
6-NA,98,0,632,0,1,633,T
6-NA,99,635,0,0,0,635,A
6-NA,100,644,0,0,0,644,A
6-NA,101,0,1,0,638,639,C
6-NA,102,628,0,0,0,628,A
6-NA,103,0,631,0,0,631,T
6-NA,104,0,622,0,0,622,T
6-NA,105,0,0,628,0,628,G
6-NA,106,1,0,0,614,615,C
6-NA,107,612,0,0,0,612,A
6-NA,108,0,623,0,0,623,T
6-NA,109,0,616,0,0,616,T
6-NA,110,0,618,0,0,618,T
6-NA,111,3,0,0,616,619,C
6-NA,112,614,0,2,0,616,A
6-NA,113,619,0,1,0,620,A
6-NA,114,1,0,622,0,623,G
6-NA,115,0,1,0,626,627,C
6-NA,116,630,0,0,0,630,A
6-NA,117,653,0,0,0,653,A
6-NA,118,0,661,0,0,661,T
6-NA,119,660,0,0,0,660,A
6-NA,120,0,658,0,5,663,T
6-NA,121,0,7,664,0,671,G
6-NA,122,667,0,0,0,667,A
6-NA,123,670,0,0,0,670,A
6-NA,124,0,678,0,0,678,T
6-NA,125,0,678,0,0,678,T
6-NA,126,1,0,0,681,682,C
6-NA,127,675,0,0,0,675,A
6-NA,128,680,0,1,0,681,A
6-NA,129,0,0,0,680,680,C
6-NA,130,0,678,0,1,679,T
6-NA,131,2,0,0,674,676,C
6-NA,132,0,0,0,676,676,C
6-NA,133,0,0,0,704,704,C
6-NA,134,2,0,0,711,713,C
6-NA,135,4,1,0,704,709,C
6-NA,136,3,1,0,718,722,C
6-NA,137,0,0,0,726,726,C
6-NA,138,731,0,0,0,731,A
6-NA,139,729,0,0,0,729,A
6-NA,140,723,0,0,0,723,A
6-NA,141,0,0,0,741,741,C
6-NA,142,748,0,0,0,748,A
6-NA,143,756,0,3,0,759,A
6-NA,144,0,0,0,764,764,C
6-NA,145,2,1,0,758,761,C
6-NA,146,782,0,0,0,782,A
6-NA,147,783,0,0,0,783,A
6-NA,148,0,0,794,0,794,G
6-NA,149,0,783,0,2,785,T
6-NA,150,0,3,791,0,794,G
6-NA,151,799,1,0,0,800,A
6-NA,152,0,802,0,2,804,T
6-NA,153,1,0,801,0,802,G
6-NA,154,0,0,0,811,811,C
6-NA,155,0,816,0,0,816,T
6-NA,156,2,1,853,0,856,G
6-NA,157,0,854,0,0,854,T
6-NA,158,0,0,857,0,857,G
6-NA,159,1,854,0,1,856,T
6-NA,160,0,7,840,0,847,G
6-NA,161,856,0,1,0,857,A
6-NA,162,864,0,1,0,865,A
6-NA,163,7,1,0,861,869,C
6-NA,164,4,1,0,858,863,C
6-NA,165,856,0,2,0,858,A
6-NA,166,863,0,0,0,863,A
6-NA,167,0,0,0,897,897,C
6-NA,168,898,0,0,0,898,A
6-NA,169,907,0,0,0,907,A
6-NA,170,0,917,0,0,917,T
6-NA,171,922,0,0,0,922,A
6-NA,172,905,0,0,0,905,A
6-NA,173,1,922,0,0,923,T
6-NA,174,919,0,1,0,920,A
6-NA,175,0,3,914,0,917,G
6-NA,176,899,0,0,0,899,A
6-NA,177,905,0,1,0,906,A
6-NA,178,908,0,0,0,908,A
6-NA,179,0,4,905,0,909,G
6-NA,180,927,0,0,0,927,A
6-NA,181,928,0,0,0,928,A
6-NA,182,971,0,0,1,972,A
6-NA,183,0,0,0,979,979,C
6-NA,184,980,0,0,0,980,A
6-NA,185,0,982,0,0,982,T
6-NA,186,996,0,0,0,996,A
6-NA,187,1004,0,0,0,1004,A
6-NA,188,0,0,0,1023,1023,C
6-NA,189,1018,0,0,0,1018,A
6-NA,190,0,5,1035,0,1040,G
6-NA,191,1039,1,1,0,1041,A
6-NA,192,0,3,1038,0,1041,G
6-NA,193,1036,0,2,0,1038,A
6-NA,194,0,1065,0,1,1066,T
6-NA,195,1071,0,1,0,1072,A
6-NA,196,0,0,1083,0,1083,G
6-NA,197,1,1069,0,1,1071,T
6-NA,198,0,0,1099,0,1099,G
6-NA,199,0,1096,0,3,1099,T
6-NA,200,1098,0,0,0,1098,A
6-NA,201,0,1109,0,0,1109,T
6-NA,202,2,1,0,1106,1109,C
6-NA,203,0,1077,0,2,1079,T
6-NA,204,0,10,1077,1,1088,G
6-NA,205,1082,0,0,0,1082,A
6-NA,206,1,3,0,1094,1098,C
6-NA,207,2,0,0,1095,1097,C
6-NA,208,1095,0,0,0,1095,A
6-NA,209,1098,0,2,0,1100,A
6-NA,210,2,0,0,1107,1109,C
6-NA,211,1106,0,0,0,1106,A
6-NA,212,0,0,0,1154,1154,C
6-NA,213,5,0,0,1136,1141,C
6-NA,214,1173,0,0,0,1173,A
6-NA,215,0,0,0,1208,1208,C
6-NA,216,2,0,0,1211,1213,C
6-NA,217,1222,0,0,0,1222,A
6-NA,218,0,1220,0,1,1221,T
6-NA,219,1209,0,0,0,1209,A
6-NA,220,0,8,1218,0,1226,G
6-NA,221,1200,0,1,0,1201,A
6-NA,222,0,2,1225,0,1227,G
6-NA,223,1214,0,0,0,1214,A
6-NA,224,1194,0,1,0,1195,A
6-NA,225,1,4,1198,0,1203,G
6-NA,226,0,5,1202,0,1207,G
6-NA,227,1210,0,0,0,1210,A
6-NA,228,1217,0,1,0,1218,A
6-NA,229,1219,0,2,0,1221,A
6-NA,230,0,1220,1,0,1221,T
6-NA,231,1217,0,0,0,1217,A
6-NA,232,0,1213,0,0,1213,T
6-NA,233,1,0,1213,1,1215,G
6-NA,234,1,2,0,1212,1215,C
6-NA,235,4,1,0,1192,1197,C
6-NA,236,1,1,0,1208,1210,C
6-NA,237,3,0,0,1222,1225,C
6-NA,238,1232,0,0,0,1232,A
6-NA,239,1252,0,0,0,1252,A
6-NA,240,1254,0,0,0,1254,A
6-NA,241,1,0,0,1260,1261,C
6-NA,242,0,1259,0,0,1259,T
6-NA,243,1253,0,0,0,1253,A
6-NA,244,0,0,1251,0,1251,G
6-NA,245,0,0,0,1249,1249,C
6-NA,246,1254,0,0,0,1254,A
6-NA,247,0,3,1267,0,1270,G
6-NA,248,1254,0,1,0,1255,A
6-NA,249,1296,0,0,0,1296,A
6-NA,250,0,1297,0,0,1297,T
6-NA,251,1303,0,0,0,1303,A
6-NA,252,1,0,0,1294,1295,C
6-NA,253,1287,0,2,0,1289,A
6-NA,254,1,5,1285,0,1291,G
6-NA,255,1278,0,0,0,1278,A
6-NA,256,1273,0,0,0,1273,A
6-NA,257,1268,0,0,0,1268,A
6-NA,258,0,1241,0,0,1241,T
6-NA,259,0,1244,0,0,1244,T
6-NA,260,0,2,1252,0,1254,G
6-NA,261,1,0,1242,0,1243,G
6-NA,262,0,1241,0,5,1246,T
6-NA,263,6,0,0,1247,1253,C
6-NA,264,1255,0,0,0,1255,A
6-NA,265,1251,0,0,0,1251,A
6-NA,266,1258,0,1,0,1259,A
6-NA,267,0,0,1259,0,1259,G
6-NA,268,0,0,0,1259,1259,C
6-NA,269,3,0,0,1255,1258,C
6-NA,270,2,2,1252,0,1256,G
6-NA,271,2,0,0,1266,1268,C
6-NA,272,1281,0,0,0,1281,A
6-NA,273,1292,0,0,0,1292,A
6-NA,274,0,1284,0,0,1284,T
6-NA,275,2,0,1290,0,1292,G
6-NA,276,2,1272,0,1,1275,T
6-NA,277,0,11,1270,0,1281,G
6-NA,278,1292,0,2,0,1294,A
6-NA,279,0,0,0,1317,1317,C
6-NA,280,1346,0,0,0,1346,A
6-NA,281,0,1348,0,2,1350,T
6-NA,282,0,1345,0,0,1345,T
6-NA,283,1343,0,0,0,1343,A
6-NA,284,1,0,0,1346,1347,C
6-NA,285,1333,0,1,0,1334,A
6-NA,286,0,3,1329,0,1332,G
6-NA,287,0,2,1302,0,1304,G
6-NA,288,0,6,1257,0,1263,G
6-NA,289,0,1273,1,0,1274,T
6-NA,290,0,1297,0,1,1298,T
6-NA,291,0,1303,0,0,1303,T
6-NA,292,0,0,1297,0,1297,G
6-NA,293,1,0,0,1294,1295,C
6-NA,294,1302,0,0,0,1302,A
6-NA,295,0,0,0,1308,1308,C
6-NA,296,1,0,0,1294,1295,C
6-NA,297,1,1299,0,1,1301,T
6-NA,298,0,1299,0,1,1300,T
6-NA,299,0,1304,0,2,1306,T
6-NA,300,0,1304,0,0,1304,T
6-NA,301,1,1316,1,0,1318,T
6-NA,302,0,0,0,1316,1316,C
6-NA,303,0,1325,0,0,1325,T
6-NA,304,1318,0,0,0,1318,A
6-NA,305,1313,0,0,0,1313,A
6-NA,306,0,7,1310,0,1317,G
6-NA,307,0,7,1307,0,1314,G
6-NA,308,1301,0,2,0,1303,A
6-NA,309,0,1,0,1321,1322,C
6-NA,310,1317,0,0,0,1317,A
6-NA,311,1301,0,1,0,1302,A
6-NA,312,0,1306,0,0,1306,T
6-NA,313,0,1292,1,0,1293,T
6-NA,314,12,1,0,1318,1331,C
6-NA,315,0,7,1327,0,1334,G
6-NA,316,1331,0,0,0,1331,A
6-NA,317,0,1336,0,0,1336,T
6-NA,318,0,1330,0,0,1330,T
6-NA,319,1327,0,0,0,1327,A
6-NA,320,0,3,1332,0,1335,G
6-NA,321,0,0,1325,0,1325,G
6-NA,322,1,0,0,1334,1335,C
6-NA,323,0,1316,0,1,1317,T
6-NA,324,1,1318,0,1,1320,T
6-NA,325,0,1329,0,0,1329,T
6-NA,326,5,2,0,1323,1330,C
6-NA,327,1,0,0,1331,1332,C
6-NA,328,0,1,1316,0,1317,G
6-NA,329,0,0,0,1329,1329,C
6-NA,330,0,1329,0,0,1329,T
6-NA,331,0,2,1367,0,1369,G
6-NA,332,0,0,1357,0,1357,G
6-NA,333,0,1355,0,0,1355,T
6-NA,334,0,3,1365,0,1368,G
6-NA,335,2,3,1348,0,1353,G
6-NA,336,1,2,1359,0,1362,G
6-NA,337,0,8,1360,0,1368,G
6-NA,338,1370,1,1,0,1372,A
6-NA,339,0,0,0,1392,1392,C
6-NA,340,1379,0,1,0,1380,A
6-NA,341,0,1380,0,0,1380,T
6-NA,342,3,0,0,1385,1388,C
6-NA,343,0,1385,0,0,1385,T
6-NA,344,2,5,1372,0,1379,G
6-NA,345,2,3,1370,0,1375,G
6-NA,346,0,1,1403,0,1404,G
6-NA,347,0,1389,0,1,1390,T
6-NA,348,1,7,1365,0,1373,G
6-NA,349,1370,0,2,0,1372,A
6-NA,350,0,0,0,1422,1422,C
6-NA,351,1416,0,1,0,1417,A
6-NA,352,1482,1,1,0,1484,A
6-NA,353,0,3,1504,0,1507,G
6-NA,354,1479,1,0,0,1480,A
6-NA,355,0,2,1585,0,1587,G
6-NA,356,1641,0,4,0,1645,A
6-NA,357,1786,0,0,0,1786,A
6-NA,358,0,0,0,2296,2296,C
6-NA,359,6,0,0,2476,2482,C
6-NA,360,1,2485,0,1,2487,T
6-NA,361,0,2518,0,0,2518,T
6-NA,362,2524,0,0,0,2524,A
6-NA,363,1,2532,0,0,2533,T
6-NA,364,0,1,2687,0,2688,G
6-NA,365,0,2694,0,1,2695,T
6-NA,366,0,2,2786,0,2788,G
6-NA,367,1,2772,0,2,2775,T
6-NA,368,11,1,0,2764,2776,C
6-NA,369,2803,4,0,15,2822,A
6-NA,370,0,2840,0,4,2844,T
6-NA,371,0,1,2843,0,2844,G
6-NA,372,0,0,0,2848,2848,C
6-NA,373,5,12,2824,0,2841,G
6-NA,374,3169,0,1,0,3170,A
6-NA,375,0,3248,0,1,3249,T
6-NA,376,10,12,0,3375,3397,C
6-NA,377,9,0,1,3382,3392,C
6-NA,378,1,3489,0,3,3493,T
6-NA,379,3,21,3510,0,3534,G
6-NA,380,3540,2,3,0,3545,A
6-NA,381,2,2,0,3570,3574,C
6-NA,382,3559,0,1,0,3560,A
6-NA,383,3527,0,0,0,3527,A
6-NA,384,1,2,3687,1,3691,G
6-NA,385,0,3680,0,0,3680,T
6-NA,386,1,0,3768,0,3769,G
6-NA,387,1,3746,0,5,3752,T
6-NA,388,2,3782,0,1,3785,T
6-NA,389,3771,0,1,0,3772,A
6-NA,390,0,3783,0,2,3785,T
6-NA,391,17,1,0,3843,3861,C
6-NA,392,3861,0,0,0,3861,A
6-NA,393,3851,0,1,0,3852,A
6-NA,394,1,3844,0,1,3846,T
6-NA,395,0,3852,0,1,3853,T
6-NA,396,0,3864,0,0,3864,T
6-NA,397,3,10,3846,0,3859,G
6-NA,398,1,3,0,4082,4086,C
6-NA,399,8,0,0,4079,4087,C
6-NA,400,8,1,0,4088,4097,C
6-NA,401,0,4119,1,2,4122,T
6-NA,402,1,4140,0,1,4142,T
6-NA,403,0,16,4165,1,4182,G
6-NA,404,1,13,4172,0,4186,G
6-NA,405,4215,0,6,0,4221,A
6-NA,406,0,2,0,4264,4266,C
6-NA,407,4184,0,5,0,4189,A
6-NA,408,4,12,4315,0,4331,G
6-NA,409,1,8,4271,0,4280,G
6-NA,410,2,21,4466,0,4489,G
6-NA,411,4479,1,5,0,4485,A
6-NA,412,4520,0,3,0,4523,A
6-NA,413,0,1,0,4566,4567,C
6-NA,414,4525,0,4,0,4529,A
6-NA,415,5029,0,5,0,5034,A
6-NA,416,0,0,0,5060,5060,C
6-NA,417,5041,1,3,0,5045,A
6-NA,418,0,1,0,5137,5138,C
6-NA,419,0,5081,1,1,5083,T
6-NA,420,5152,0,2,0,5154,A
6-NA,421,5107,0,1,0,5108,A
6-NA,422,5176,1,2,0,5179,A
6-NA,423,0,1,0,5222,5223,C
6-NA,424,5083,0,0,0,5083,A
6-NA,425,5119,1,2,0,5122,A
6-NA,426,1,3,1,5186,5191,C
6-NA,427,1,3,5163,0,5167,G
6-NA,428,0,5109,1,1,5111,T
6-NA,429,5082,0,2,0,5084,A
6-NA,430,1,0,0,5217,5218,C
6-NA,431,5225,0,0,0,5225,A
6-NA,432,1,5268,0,2,5271,T
6-NA,433,0,5273,0,2,5275,T
6-NA,434,18,1,0,5510,5529,C
6-NA,435,5733,0,0,0,5733,A
6-NA,436,5761,0,0,0,5761,A
6-NA,437,5727,0,0,1,5728,A
6-NA,438,0,5779,0,2,5781,T
6-NA,439,5729,0,2,0,5731,A
6-NA,440,5925,0,6,1,5932,A
6-NA,441,1,3,0,5967,5971,C
6-NA,442,5899,1,2,1,5903,A
6-NA,443,2,2,0,6040,6044,C
6-NA,444,5899,0,7,0,5906,A
6-NA,445,3,1,6958,0,6962,G
6-NA,446,1,6913,0,1,6915,T
6-NA,447,7093,0,3,0,7096,A
6-NA,448,4,2,1,7154,7161,C
6-NA,449,3,3,7148,2,7156,G
6-NA,450,0,7384,1,7,7392,T
6-NA,451,2,25,7459,0,7486,G
6-NA,452,7467,0,2,0,7469,A
6-NA,453,1,7545,0,3,7549,T
6-NA,454,7270,2,2,0,7274,A
6-NA,455,0,20,7219,0,7239,G
6-NA,456,2,27,7120,1,7150,G
6-NA,457,7215,1,12,0,7228,A
6-NA,458,1,7,0,7381,7389,C
6-NA,459,6,1,0,7283,7290,C
6-NA,460,15,0,0,7448,7463,C
6-NA,461,12,2,0,7456,7470,C
6-NA,462,0,7543,0,3,7546,T
6-NA,463,0,7636,0,0,7636,T
6-NA,464,7691,0,1,0,7692,A
6-NA,465,1,7656,1,0,7658,T
6-NA,466,19,7,0,7677,7703,C
6-NA,467,3,15,7563,0,7581,G
6-NA,468,2,28,7441,2,7473,G
6-NA,469,7589,0,7,0,7596,A
6-NA,470,4,1,0,7683,7688,C
6-NA,471,17,1,0,7650,7668,C
6-NA,472,6,2,0,8136,8144,C
6-NA,473,1,8121,0,2,8124,T
6-NA,474,8259,1,1,0,8261,A
6-NA,475,0,8231,0,2,8233,T
6-NA,476,0,8283,1,2,8286,T
6-NA,477,1,21,8292,0,8314,G
6-NA,478,8283,1,8,0,8292,A
6-NA,479,1,8290,0,1,8292,T
6-NA,480,3,36,8273,1,8313,G
6-NA,481,8067,1,6,3,8077,A
6-NA,482,8118,0,4,0,8122,A
6-NA,483,1,8165,0,3,8169,T
6-NA,484,2,43,8218,0,8263,G
6-NA,485,8168,0,3,2,8173,A
6-NA,486,20,2,8436,1,8459,G
6-NA,487,1,8425,1,2,8429,T
6-NA,488,0,8504,0,0,8504,T
6-NA,489,8489,1,6,0,8496,A
6-NA,490,2,24,8450,2,8478,G
6-NA,491,1,5,8478,0,8484,G
6-NA,492,3,8424,0,7,8434,T
6-NA,493,1,5,8442,1,8449,G
6-NA,494,1,8450,0,10,8461,T
6-NA,495,0,8421,0,7,8428,T
6-NA,496,31,2,1,8515,8549,C
6-NA,497,21,2,1,8598,8622,C
6-NA,498,2,8633,0,8,8643,T
6-NA,499,2,8650,1,3,8656,T
6-NA,500,0,8645,0,4,8649,T
6-NA,501,2,8607,0,3,8612,T
6-NA,502,18,3,1,8662,8684,C
6-NA,503,8631,0,1,0,8632,A
6-NA,504,3,8783,0,2,8788,T
6-NA,505,3,1,0,8829,8833,C
6-NA,506,0,8731,0,3,8734,T
6-NA,507,1,19,8651,1,8672,G
6-NA,508,2,30,8501,2,8535,G
6-NA,509,6,13,8476,0,8495,G
6-NA,510,1,34,8656,1,8692,G
6-NA,511,8723,0,5,0,8728,A
6-NA,512,4,2,0,8868,8874,C
6-NA,513,22,3,0,8798,8823,C
6-NA,514,8917,1,3,0,8921,A
6-NA,515,8938,0,10,1,8949,A
6-NA,516,6,1,8934,0,8941,G
6-NA,517,0,0,0,8998,8998,C
6-NA,518,9008,0,3,0,9011,A
6-NA,519,9090,0,6,0,9096,A
6-NA,520,0,2,9198,0,9200,G
6-NA,521,0,9085,0,3,9088,T
6-NA,522,1,1,9398,0,9400,G
6-NA,523,1,9351,0,8,9360,T
6-NA,524,2,4,9642,0,9648,G
6-NA,525,6,5,2,9651,9664,C
6-NA,526,9641,1,5,1,9648,A
6-NA,527,0,9762,0,13,9775,T
6-NA,528,9614,0,3,0,9617,A
6-NA,529,2,0,9867,1,9870,G
6-NA,530,4,0,0,9832,9836,C
6-NA,531,9696,1,7,0,9704,A
6-NA,532,0,9725,0,1,9726,T
6-NA,533,1,25,9546,0,9572,G
6-NA,534,4,3,9856,0,9863,G
6-NA,535,0,9876,1,11,9888,T
6-NA,536,20,7,1,9827,9855,C
6-NA,537,11,2,0,9841,9854,C
6-NA,538,9815,0,8,0,9823,A
6-NA,539,2,2,9887,1,9892,G
6-NA,540,4,1,0,9872,9877,C
6-NA,541,0,9893,0,4,9897,T
6-NA,542,34,1,2,9917,9954,C
6-NA,543,9808,0,1,0,9809,A
6-NA,544,9812,0,9,0,9821,A
6-NA,545,1,1,9874,0,9876,G
6-NA,546,4,10022,1,13,10040,T
6-NA,547,1,10033,0,1,10035,T
6-NA,548,3,2,10035,0,10040,G
6-NA,549,1,9989,0,8,9998,T
6-NA,550,42,5,0,9982,10029,C
6-NA,551,10012,0,5,0,10017,A
6-NA,552,4,4,0,10073,10081,C
6-NA,553,2,25,10060,0,10087,G
6-NA,554,10045,1,1,0,10047,A
6-NA,555,1,10172,0,4,10177,T
6-NA,556,6,15,10236,0,10257,G
6-NA,557,3,17,10247,0,10267,G
6-NA,558,10250,0,10,0,10260,A
6-NA,559,10294,0,5,1,10300,A
6-NA,560,10360,2,7,0,10369,A
6-NA,561,10347,0,13,1,10361,A
6-NA,562,3,3,10372,0,10378,G
6-NA,563,5,2,1,10385,10393,C
6-NA,564,10370,0,8,1,10379,A
6-NA,565,0,10372,0,2,10374,T
6-NA,566,2,23,10353,0,10378,G
6-NA,567,3,4,10266,0,10273,G
6-NA,568,2,4,0,10431,10437,C
6-NA,569,1,10396,0,5,10402,T
6-NA,570,1,2,10412,2,10417,G
6-NA,571,2,5,2,10389,10398,C
6-NA,572,10406,0,3,0,10409,A
6-NA,573,0,10652,0,4,10656,T
6-NA,574,4,3,10686,0,10693,G
6-NA,575,0,10635,0,3,10638,T
6-NA,576,0,10818,0,0,10818,T
6-NA,577,1,10807,0,3,10811,T
6-NA,578,3,4,11220,0,11227,G
6-NA,579,1,11094,1,7,11103,T
6-NA,580,11171,0,4,0,11175,A
6-NA,581,1,11215,0,2,11218,T
6-NA,582,11037,0,1,3,11041,A
6-NA,583,11091,1,7,1,11100,A
6-NA,584,1,3,0,11036,11040,C
6-NA,585,3,21,10947,0,10971,G
6-NA,586,2,14,10931,3,10950,G
6-NA,587,4,24,10710,0,10738,G
6-NA,588,2,20,10744,2,10768,G
6-NA,589,0,14,10819,1,10834,G
6-NA,590,10678,1,17,0,10696,A
6-NA,591,0,10817,0,0,10817,T
6-NA,592,2,28,10829,0,10859,G
6-NA,593,10879,1,6,0,10886,A
6-NA,594,0,10910,0,38,10948,T
6-NA,595,10951,0,4,0,10955,A
6-NA,596,11354,0,3,0,11357,A
6-NA,597,11371,0,1,0,11372,A
6-NA,598,11357,1,3,1,11362,A
6-NA,599,11363,0,2,0,11365,A
6-NA,600,1,11341,1,1,11344,T
6-NA,601,1,0,11341,0,11342,G
6-NA,602,4,1,0,11335,11340,C
6-NA,603,11349,0,6,0,11355,A
6-NA,604,11329,0,2,0,11331,A
6-NA,605,3,1,0,11413,11417,C
6-NA,606,0,11336,0,15,11351,T
6-NA,607,1,6,11373,0,11380,G
6-NA,608,1,3,2,11358,11364,C
6-NA,609,0,11427,1,2,11430,T
6-NA,610,11396,0,5,0,11401,A
6-NA,611,5,5,11410,0,11420,G
6-NA,612,3,0,0,11456,11459,C
6-NA,613,0,11484,2,3,11489,T
6-NA,614,0,11444,1,1,11446,T
6-NA,615,33,1,0,11565,11599,C
6-NA,616,11626,1,2,0,11629,A
6-NA,617,0,11649,0,1,11650,T
6-NA,618,1,11680,0,0,11681,T
6-NA,619,0,11713,0,1,11714,T
6-NA,620,11726,2,5,0,11733,A
6-NA,621,2,4,0,11774,11780,C
6-NA,622,11725,0,4,0,11729,A
6-NA,623,11689,0,11,0,11700,A
6-NA,624,0,11741,0,2,11743,T
6-NA,625,2,24,11627,1,11654,G
6-NA,626,4,12,11553,0,11569,G
6-NA,627,1,11,11557,0,11569,G
6-NA,628,11459,2,21,4,11486,A
6-NA,629,5,17,11729,0,11751,G
6-NA,630,1,5,11751,0,11757,G
6-NA,631,1,2,1,12148,12152,C
6-NA,632,0,12323,0,8,12331,T
6-NA,633,1,12438,0,3,12442,T
6-NA,634,1,2,12538,0,12541,G
6-NA,635,1,12446,0,17,12464,T
6-NA,636,12594,1,4,0,12599,A
6-NA,637,2,12,12667,1,12682,G
6-NA,638,12443,0,8,0,12451,A
6-NA,639,1,12535,0,9,12545,T
6-NA,640,11857,0,2,0,11859,A
6-NA,641,0,3,11852,0,11855,G
6-NA,642,4,11469,0,15,11488,T
6-NA,643,3,3,11376,1,11383,G
6-NA,644,1,11672,1,8,11682,T
6-NA,645,2,11701,0,5,11708,T
6-NA,646,10,2,11861,0,11873,G
6-NA,647,1,11752,2,9,11764,T
6-NA,648,0,11797,0,8,11805,T
6-NA,649,0,11785,0,18,11803,T
6-NA,650,32,0,1,11645,11678,C
6-NA,651,11625,0,10,11,11646,A
6-NA,652,1,11581,0,3,11585,T
6-NA,653,0,35,11560,0,11595,G
6-NA,654,2,5,11946,0,11953,G
6-NA,655,1,11687,0,7,11695,T
6-NA,656,33,4,1,11574,11612,C
6-NA,657,42,2,0,11609,11653,C
6-NA,658,11712,1,4,1,11718,A
6-NA,659,11763,1,1,1,11766,A
6-NA,660,11786,0,7,2,11795,A
6-NA,661,3,25,11796,0,11824,G
6-NA,662,11774,1,3,0,11778,A
6-NA,663,11461,0,6,0,11467,A
6-NA,664,11446,0,4,0,11450,A
6-NA,665,0,11371,0,1,11372,T
6-NA,666,25,1,0,11625,11651,C
6-NA,667,24,7,0,11639,11670,C
6-NA,668,0,11622,1,5,11628,T
6-NA,669,25,1,0,11656,11682,C
6-NA,670,11613,4,9,1,11627,A
6-NA,671,4,18,11619,0,11641,G
6-NA,672,3,31,11546,0,11580,G
6-NA,673,11767,0,3,0,11770,A
6-NA,674,4,3,0,11774,11781,C
6-NA,675,20,2,2,11511,11535,C
6-NA,676,24,5,0,11629,11658,C
6-NA,677,11656,2,13,1,11672,A
6-NA,678,3,8,11708,1,11720,G
6-NA,679,5,44,11710,0,11759,G
6-NA,680,11667,1,3,0,11671,A
6-NA,681,3,7,11853,0,11863,G
6-NA,682,2,11591,0,7,11600,T
6-NA,683,47,4,0,11571,11622,C
6-NA,684,11682,0,9,1,11692,A
6-NA,685,5,20,11751,0,11776,G
6-NA,686,11682,1,8,0,11691,A
6-NA,687,11657,0,2,3,11662,A
6-NA,688,0,11649,0,3,11652,T
6-NA,689,3,2,11709,0,11714,G
6-NA,690,7,28,2,11578,11615,C
6-NA,691,3,5,11739,0,11747,G
6-NA,692,0,11646,1,5,11652,T
6-NA,693,2,11749,0,5,11756,T
6-NA,694,0,11710,0,3,11713,T
6-NA,695,18,4,11758,0,11780,G
6-NA,696,0,11759,0,8,11767,T
6-NA,697,11765,0,8,0,11773,A
6-NA,698,1,11641,0,2,11644,T
6-NA,699,33,2,0,11689,11724,C
6-NA,700,11688,1,1,0,11690,A
6-NA,701,11628,0,2,0,11630,A
6-NA,702,1,11670,1,5,11677,T
6-NA,703,1,24,11627,0,11652,G
6-NA,704,4,34,11620,1,11659,G
6-NA,705,11784,2,8,0,11794,A
6-NA,706,11800,1,7,0,11808,A
6-NA,707,3,3,0,11925,11931,C
6-NA,708,1,11922,2,6,11931,T
6-NA,709,1,11940,0,3,11944,T
6-NA,710,5,5,12207,0,12217,G
6-NA,711,1,12175,0,3,12179,T
6-NA,712,12180,0,4,1,12185,A
6-NA,713,3,4,1,12309,12317,C
6-NA,714,12015,1,2,1,12019,A
6-NA,715,1,2,12610,0,12613,G
6-NA,716,2,12552,1,2,12557,T
6-NA,717,12938,1,10,0,12949,A
6-NA,718,6,2,12976,0,12984,G
6-NA,719,1,12707,0,2,12710,T
6-NA,720,12732,2,3,0,12737,A
6-NA,721,12698,2,1,0,12701,A
6-NA,722,1,12610,1,3,12615,T
6-NA,723,14,75,12628,1,12718,G
6-NA,724,12266,2,4,1,12273,A
6-NA,725,3,3,0,12396,12402,C
6-NA,726,0,12073,0,2,12075,T
6-NA,727,1,19,12105,0,12125,G
6-NA,728,11922,0,13,0,11935,A
6-NA,729,0,12074,0,7,12081,T
6-NA,730,2,32,12070,1,12105,G
6-NA,731,1,13,11938,1,11953,G
6-NA,732,3,34,11973,1,12011,G
6-NA,733,11750,0,12,0,11762,A
6-NA,734,2,2,11820,0,11824,G
6-NA,735,0,11708,0,8,11716,T
6-NA,736,4,3,11743,0,11750,G
6-NA,737,8,3,0,11773,11784,C
6-NA,738,0,11750,0,5,11755,T
6-NA,739,1,11801,0,4,11806,T
6-NA,740,18,0,0,11790,11808,C
6-NA,741,11819,1,19,1,11840,A
6-NA,742,5,15,11841,0,11861,G
6-NA,743,1,24,11791,0,11816,G
6-NA,744,11814,0,1,0,11815,A
6-NA,745,11747,0,1,1,11749,A
6-NA,746,11694,0,3,0,11697,A
6-NA,747,11714,2,16,1,11733,A
6-NA,748,1,3,11745,1,11750,G
6-NA,749,3,4,2,11721,11730,C
6-NA,750,0,11748,0,7,11755,T
6-NA,751,3,29,11713,0,11745,G
6-NA,752,11650,1,8,0,11659,A
6-NA,753,0,11793,0,5,11798,T
6-NA,754,11792,1,4,0,11797,A
6-NA,755,3,2,0,12253,12258,C
6-NA,756,2,12240,2,0,12244,T
6-NA,757,12249,1,4,1,12255,A
6-NA,758,12208,1,3,1,12213,A
6-NA,759,12205,1,3,1,12210,A
6-NA,760,12462,2,1,1,12466,A
6-NA,761,1,12498,0,1,12500,T
6-NA,762,12335,0,7,0,12342,A
6-NA,763,2,1,0,12505,12508,C
6-NA,764,0,12087,0,4,12091,T
6-NA,765,12168,1,2,0,12171,A
6-NA,766,0,12042,0,9,12051,T
6-NA,767,4,12424,0,7,12435,T
6-NA,768,48,3,0,12467,12518,C
6-NA,769,12272,1,1,1,12275,A
6-NA,770,0,12203,0,3,12206,T
6-NA,771,0,12270,0,3,12273,T
6-NA,772,7,19,12261,0,12287,G
6-NA,773,12107,3,14,0,12124,A
6-NA,774,0,17,12126,0,12143,G
6-NA,775,4,21,12129,0,12154,G
6-NA,776,11560,1,8,0,11569,A
6-NA,777,3,18,11785,1,11807,G
6-NA,778,1,27,11762,1,11791,G
6-NA,779,4,21,11746,0,11771,G
6-NA,780,1,20,11791,2,11814,G
6-NA,781,11756,1,10,1,11768,A
6-NA,782,11827,0,3,1,11831,A
6-NA,783,11802,0,6,1,11809,A
6-NA,784,11774,0,7,0,11781,A
6-NA,785,0,11655,0,1,11656,T
6-NA,786,57,2,0,11712,11771,C
6-NA,787,4,0,11885,0,11889,G
6-NA,788,0,11793,2,1,11796,T
6-NA,789,0,11778,1,4,11783,T
6-NA,790,61,1,1,11785,11848,C
6-NA,791,11811,1,3,0,11815,A
6-NA,792,2,12424,0,2,12428,T
6-NA,793,12338,0,2,0,12340,A
6-NA,794,4,1,1,12468,12474,C
6-NA,795,2,12430,1,6,12439,T
6-NA,796,12415,0,5,0,12420,A
6-NA,797,9,5,12378,1,12393,G
6-NA,798,4,3,0,12361,12368,C
6-NA,799,12302,1,4,0,12307,A
6-NA,800,5,2,0,12435,12442,C
6-NA,801,12005,0,5,1,12011,A
6-NA,802,0,13864,0,1,13865,T
6-NA,803,1,13828,0,6,13835,T
6-NA,804,3,8,14429,0,14440,G
6-NA,805,3,14299,0,10,14312,T
6-NA,806,62,7,1,14239,14309,C
6-NA,807,14316,0,13,2,14331,A
6-NA,808,1,19,14352,1,14373,G
6-NA,809,4,24,14318,1,14347,G
6-NA,810,14270,4,4,0,14278,A
6-NA,811,14189,1,11,0,14201,A
6-NA,812,2,4,14311,1,14318,G
6-NA,813,1,13715,0,1,13717,T
6-NA,814,2,5,13771,1,13779,G
6-NA,815,6,2,1,13720,13729,C
6-NA,816,0,13778,0,8,13786,T
6-NA,817,45,4,1,13805,13855,C
6-NA,818,13815,0,7,0,13822,A
6-NA,819,5,10,13764,1,13780,G
6-NA,820,5,0,0,13837,13842,C
6-NA,821,13835,1,5,1,13842,A
6-NA,822,1,13868,0,4,13873,T
6-NA,823,7,3,14141,1,14152,G
6-NA,824,8,14046,2,8,14064,T
6-NA,825,62,4,0,14045,14111,C
6-NA,826,1,22,14086,0,14109,G
6-NA,827,13934,1,5,0,13940,A
6-NA,828,1,15,13926,0,13942,G
6-NA,829,0,39,13912,0,13951,G
6-NA,830,13772,1,12,0,13785,A
6-NA,831,7,1,13912,0,13920,G
6-NA,832,0,13592,0,8,13600,T
6-NA,833,3,8,13567,1,13579,G
6-NA,834,7,7,1,13688,13703,C
6-NA,835,2,13684,0,8,13694,T
6-NA,836,69,4,0,13716,13789,C
6-NA,837,10,3,1,13846,13860,C
6-NA,838,3,13896,1,7,13907,T
6-NA,839,2,0,13917,0,13919,G
6-NA,840,4,3,1,13758,13766,C
6-NA,841,1,13793,0,9,13803,T
6-NA,842,13857,1,4,0,13862,A
6-NA,843,2,13603,0,2,13607,T
6-NA,844,21,1,0,13638,13660,C
6-NA,845,31,5,0,13594,13630,C
6-NA,846,4,13497,1,18,13520,T
6-NA,847,17,6,0,13729,13752,C
6-NA,848,8,25,13704,0,13737,G
6-NA,849,13745,1,4,2,13752,A
6-NA,850,0,13791,0,10,13801,T
6-NA,851,13773,1,3,0,13777,A
6-NA,852,0,13729,1,4,13734,T
6-NA,853,31,1,6,13695,13733,C
6-NA,854,24,1,0,13689,13714,C
6-NA,855,0,13637,1,18,13656,T
6-NA,856,7,17,13625,0,13649,G
6-NA,857,9,3,13550,0,13562,G
6-NA,858,0,13681,1,14,13696,T
6-NA,859,1,5,13745,2,13753,G
6-NA,860,0,13689,0,16,13705,T
6-NA,861,66,8,1,13651,13726,C
6-NA,862,13744,2,5,0,13751,A
6-NA,863,3,12,13694,3,13712,G
6-NA,864,13709,4,10,1,13724,A
6-NA,865,0,13544,0,6,13550,T
6-NA,866,5,3,13627,0,13635,G
6-NA,867,1,13366,0,1,13368,T
6-NA,868,5,1,13421,5,13432,G
6-NA,869,0,13385,1,11,13397,T
6-NA,870,28,2,1,13413,13444,C
6-NA,871,5,13416,1,10,13432,T
6-NA,872,6,2,13411,1,13420,G
6-NA,873,6,7,2,13388,13403,C
6-NA,874,13448,0,8,0,13456,A
6-NA,875,1,16,13444,0,13461,G
6-NA,876,13156,2,14,1,13173,A
6-NA,877,0,26,13191,2,13219,G
6-NA,878,13159,1,9,1,13170,A
6-NA,879,4,5,0,13229,13238,C
6-NA,880,13253,1,4,1,13259,A
6-NA,881,13247,3,5,0,13255,A
6-NA,882,2,3,1,13417,13423,C
6-NA,883,0,13434,1,4,13439,T
6-NA,884,2,12,13471,1,13486,G
6-NA,885,0,19,13399,0,13418,G
6-NA,886,13388,0,4,2,13394,A
6-NA,887,13403,2,6,0,13411,A
6-NA,888,13201,0,12,0,13213,A
6-NA,889,0,22,13169,1,13192,G
6-NA,890,2,25,12976,0,13003,G
6-NA,891,11807,5,8,7,11827,A
6-NA,892,1,12069,0,4,12074,T
6-NA,893,17,3,0,12152,12172,C
6-NA,894,30,1,0,12377,12408,C
6-NA,895,12439,0,5,1,12445,A
6-NA,896,12398,0,1,0,12399,A
6-NA,897,0,12402,1,3,12406,T
6-NA,898,12181,1,10,0,12192,A
6-NA,899,0,11,12057,0,12068,G
6-NA,900,4,6,11999,0,12009,G
6-NA,901,6,5,0,11979,11990,C
6-NA,902,14,3,2,11935,11954,C
6-NA,903,15,3,0,11724,11742,C
6-NA,904,11811,0,5,0,11816,A
6-NA,905,1,11819,1,9,11830,T
6-NA,906,32,8,0,11889,11929,C
6-NA,907,8,0,11985,0,11993,G
6-NA,908,0,11919,0,0,11919,T
6-NA,909,11677,0,8,1,11686,A
6-NA,910,2,10,11946,0,11958,G
6-NA,911,11915,0,8,1,11924,A
6-NA,912,0,12032,1,2,12035,T
6-NA,913,11881,0,0,0,11881,A
6-NA,914,2,11824,0,2,11828,T
6-NA,915,11815,0,1,0,11816,A
6-NA,916,11768,0,2,1,11771,A
6-NA,917,11918,2,8,1,11929,A
6-NA,918,3,2,0,12105,12110,C
6-NA,919,11824,1,1,0,11826,A
6-NA,920,1,11809,0,3,11813,T
6-NA,921,11744,1,3,0,11748,A
6-NA,922,11732,0,5,1,11738,A
6-NA,923,11733,0,11,0,11744,A
6-NA,924,1,18,11799,0,11818,G
6-NA,925,3,28,11844,2,11877,G
6-NA,926,11537,2,3,0,11542,A
6-NA,927,2,11537,0,4,11543,T
6-NA,928,32,4,0,11573,11609,C
6-NA,929,11629,0,7,1,11637,A
6-NA,930,5,11645,0,3,11653,T
6-NA,931,11639,1,16,1,11657,A
6-NA,932,0,1,11675,3,11679,G
6-NA,933,4,2,1,11489,11496,C
6-NA,934,11314,1,2,0,11317,A
6-NA,935,2,10701,1,1,10705,T
6-NA,936,1,10741,0,2,10744,T
6-NA,937,0,0,10712,1,10713,G
6-NA,938,2,10677,0,9,10688,T
6-NA,939,48,6,0,10492,10546,C
6-NA,940,0,11007,0,15,11022,T
6-NA,941,25,0,0,11152,11177,C
6-NA,942,14,3,2,11237,11256,C
6-NA,943,11382,1,5,0,11388,A
6-NA,944,2,1,11504,0,11507,G
6-NA,945,0,11468,0,6,11474,T
6-NA,946,1,11068,0,0,11069,T
6-NA,947,11076,1,4,0,11081,A
6-NA,948,1,10775,1,2,10779,T
6-NA,949,7,2,10804,0,10813,G
6-NA,950,0,10571,0,4,10575,T
6-NA,951,3,2,10613,0,10618,G
6-NA,952,1,10322,0,13,10336,T
6-NA,953,7,1,10490,0,10498,G
6-NA,954,1,10442,2,10,10455,T
6-NA,955,1,10419,2,7,10429,T
6-NA,956,33,3,0,10394,10430,C
6-NA,957,10367,1,13,0,10381,A
6-NA,958,2,16,10427,1,10446,G
6-NA,959,0,37,10352,2,10391,G
6-NA,960,10256,1,4,0,10261,A
6-NA,961,3,1,0,10314,10318,C
6-NA,962,0,10107,0,0,10107,T
6-NA,963,3,10157,0,2,10162,T
6-NA,964,54,0,10318,0,10372,G
6-NA,965,1,10304,3,8,10316,T
6-NA,966,0,10365,2,2,10369,T
6-NA,967,5,13,10276,0,10294,G
6-NA,968,2,26,10221,0,10249,G
6-NA,969,10199,0,15,0,10214,A
6-NA,970,2,31,10233,1,10267,G
6-NA,971,10229,2,10,1,10242,A
6-NA,972,1,2,0,10222,10225,C
6-NA,973,9982,0,12,1,9995,A
6-NA,974,4,3,1,9979,9987,C
6-NA,975,9930,3,12,4,9949,A
6-NA,976,7,23,2,9956,9988,C
6-NA,977,7,3,0,9851,9861,C
6-NA,978,23,2,1,9900,9926,C
6-NA,979,10007,0,1,1,10009,A
6-NA,980,0,14,10001,0,10015,G
6-NA,981,9994,0,1,0,9995,A
6-NA,982,10078,0,1,1,10080,A
6-NA,983,10019,2,1,0,10022,A
6-NA,984,9995,0,1,1,9997,A
6-NA,985,9923,0,4,2,9929,A
6-NA,986,9921,0,5,2,9928,A
6-NA,987,4,3,0,9985,9992,C
6-NA,988,3,48,9901,0,9952,G
6-NA,989,9916,3,4,0,9923,A
6-NA,990,0,2,0,9917,9919,C
6-NA,991,9911,0,5,0,9916,A
6-NA,992,1,3,9928,0,9932,G
6-NA,993,6,0,0,10039,10045,C
6-NA,994,0,9929,0,7,9936,T
6-NA,995,29,3,1,10003,10036,C
6-NA,996,12,2,0,10078,10092,C
6-NA,997,10134,1,4,0,10139,A
6-NA,998,2,1,10184,0,10187,G
6-NA,999,1,2,0,10126,10129,C
6-NA,1000,10119,0,1,1,10121,A
6-NA,1001,3,1,10198,1,10203,G
6-NA,1002,2,9846,2,1,9851,T
6-NA,1003,9821,3,3,0,9827,A
6-NA,1004,2,2,9858,0,9862,G
6-NA,1005,1,2,1,9792,9796,C
6-NA,1006,15,1,1,9823,9840,C
6-NA,1007,9753,0,7,0,9760,A
6-NA,1008,0,9699,0,2,9701,T
6-NA,1009,0,9654,0,1,9655,T
6-NA,1010,2,6,9792,0,9800,G
6-NA,1011,0,9697,0,2,9699,T
6-NA,1012,1,9692,0,2,9695,T
6-NA,1013,3,9708,0,6,9717,T
6-NA,1014,3,27,9604,0,9634,G
6-NA,1015,2,9,9679,0,9690,G
6-NA,1016,9605,0,4,0,9609,A
6-NA,1017,0,9811,0,4,9815,T
6-NA,1018,19,2,1,9772,9794,C
6-NA,1019,18,3,0,9683,9704,C
6-NA,1020,3,9675,1,12,9691,T
6-NA,1021,9545,0,188,0,9733,A
6-NA,1022,9753,0,4,0,9757,A
6-NA,1023,5,2,0,9805,9812,C
6-NA,1024,9663,0,2,0,9665,A
6-NA,1025,9702,0,3,0,9705,A
6-NA,1026,0,9653,0,1,9654,T
6-NA,1027,0,12,9687,0,9699,G
6-NA,1028,9522,31,6,1,9560,A
6-NA,1029,4,14,9307,0,9325,G
6-NA,1030,1,11,9405,1,9418,G
6-NA,1031,9377,0,3,0,9380,A
6-NA,1032,9381,0,7,1,9389,A
6-NA,1033,1,8,9458,0,9467,G
6-NA,1034,2,7,9465,1,9475,G
6-NA,1035,0,9221,0,5,9226,T
6-NA,1036,4,20,9302,1,9327,G
6-NA,1037,1,0,9439,0,9440,G
6-NA,1038,1,9211,1,4,9217,T
6-NA,1039,45,1,0,9212,9258,C
6-NA,1040,9271,0,2,0,9273,A
6-NA,1041,0,9299,0,2,9301,T
6-NA,1042,0,20,9285,0,9305,G
6-NA,1043,2,13,9248,0,9263,G
6-NA,1044,2,12,8983,0,8997,G
6-NA,1045,2,6,9249,0,9257,G
6-NA,1046,0,9222,1,3,9226,T
6-NA,1047,0,13,9260,0,9273,G
6-NA,1048,9229,0,1,0,9230,A
6-NA,1049,9215,1,3,1,9220,A
6-NA,1050,9257,1,14,0,9272,A
6-NA,1051,2,13,9255,0,9270,G
6-NA,1052,5,3,9126,0,9134,G
6-NA,1053,6,3,0,9054,9063,C
6-NA,1054,0,8910,2,6,8918,T
6-NA,1055,1,12,8941,0,8954,G
6-NA,1056,2,5,8912,1,8920,G
6-NA,1057,4,2,8935,0,8941,G
6-NA,1058,2,1,0,8812,8815,C
6-NA,1059,10,2,0,8926,8938,C
6-NA,1060,3,8794,2,16,8815,T
6-NA,1061,4,8853,0,5,8862,T
6-NA,1062,0,8950,0,1,8951,T
6-NA,1063,4,21,8965,0,8990,G
6-NA,1064,8952,1,3,2,8958,A
6-NA,1065,0,8919,0,0,8919,T
6-NA,1066,1,20,8806,2,8829,G
6-NA,1067,8692,1,6,0,8699,A
6-NA,1068,2,8722,0,4,8728,T
6-NA,1069,4,19,8701,0,8724,G
6-NA,1070,0,14,8794,0,8808,G
6-NA,1071,8780,0,1,1,8782,A
6-NA,1072,8777,0,4,0,8781,A
6-NA,1073,8751,0,0,1,8752,A
6-NA,1074,2,8646,2,2,8652,T
6-NA,1075,1,28,8722,0,8751,G
6-NA,1076,8658,1,6,0,8665,A
6-NA,1077,1,2,1,8680,8684,C
6-NA,1078,7,1,8753,0,8761,G
6-NA,1079,0,8507,1,4,8512,T
6-NA,1080,2,1,8579,0,8582,G
6-NA,1081,0,8534,0,2,8536,T
6-NA,1082,2,12,8546,0,8560,G
6-NA,1083,1,4,8573,1,8579,G
6-NA,1084,8499,0,4,1,8504,A
6-NA,1085,2,8460,0,1,8463,T
6-NA,1086,2,15,8442,0,8459,G
6-NA,1087,5,3,8403,0,8411,G
6-NA,1088,2,10,8442,1,8455,G
6-NA,1089,8391,0,4,1,8396,A
6-NA,1090,8366,0,3,0,8369,A
6-NA,1091,2,27,8340,1,8370,G
6-NA,1092,8247,1,5,1,8254,A
6-NA,1093,8200,0,3,0,8203,A
6-NA,1094,2,6,0,8271,8279,C
6-NA,1095,2,24,8218,0,8244,G
6-NA,1096,8160,0,1,1,8162,A
6-NA,1097,0,7959,0,2,7961,T
6-NA,1098,22,4,0,8072,8098,C
6-NA,1099,8031,0,10,0,8041,A
6-NA,1100,0,1,8033,1,8035,G
6-NA,1101,3,6,1,7998,8008,C
6-NA,1102,4,18,8019,0,8041,G
6-NA,1103,7996,1,2,0,7999,A
6-NA,1104,2,8,8026,0,8036,G
6-NA,1105,8013,0,1,0,8014,A
6-NA,1106,8023,0,2,0,8025,A
6-NA,1107,1,2,8066,0,8069,G
6-NA,1108,0,7907,0,10,7917,T
6-NA,1109,40,1,0,7845,7886,C
6-NA,1110,7863,0,6,0,7869,A
6-NA,1111,2,0,1,7997,8000,C
6-NA,1112,22,3,7977,0,8002,G
6-NA,1113,1,2,1,7969,7973,C
6-NA,1114,0,7920,1,4,7925,T
6-NA,1115,0,7953,0,2,7955,T
6-NA,1116,7847,0,3,0,7850,A
6-NA,1117,3,16,7903,0,7922,G
6-NA,1118,3,10,7887,0,7900,G
6-NA,1119,4,1,8010,0,8015,G
6-NA,1120,0,7610,2,2,7614,T
6-NA,1121,7626,1,2,0,7629,A
6-NA,1122,0,7602,1,4,7607,T
6-NA,1123,1,16,7589,0,7606,G
6-NA,1124,7571,0,6,1,7578,A
6-NA,1125,7566,0,5,0,7571,A
6-NA,1126,7118,0,4,0,7122,A
6-NA,1127,2,2,0,7063,7067,C
6-NA,1128,12,0,0,6469,6481,C
6-NA,1129,1,5584,0,5,5590,T
6-NA,1130,1,5565,0,4,5570,T
6-NA,1131,6,2,0,5566,5574,C
6-NA,1132,5592,0,1,0,5593,A
6-NA,1133,5608,0,1,0,5609,A
6-NA,1134,5589,6,1,0,5596,A
6-NA,1135,1,2,5586,0,5589,G
6-NA,1136,4,5424,0,2,5430,T
6-NA,1137,50,1,0,5427,5478,C
6-NA,1138,5530,4,2,1,5537,A
6-NA,1139,0,5515,0,1,5516,T
6-NA,1140,1,5543,0,0,5544,T
6-NA,1141,1,9,5528,0,5538,G
6-NA,1142,5510,0,0,0,5510,A
6-NA,1143,5506,1,9,1,5517,A
6-NA,1144,0,11,5447,0,5458,G
6-NA,1145,0,1,5399,0,5400,G
6-NA,1146,1,1,1,5387,5390,C
6-NA,1147,1,5195,1,8,5205,T
6-NA,1148,4,7,5233,0,5244,G
6-NA,1149,1,1,5273,0,5275,G
6-NA,1150,0,5245,0,7,5252,T
6-NA,1151,29,1,0,5181,5211,C
6-NA,1152,12,0,1,5190,5203,C
6-NA,1153,5188,0,1,0,5189,A
6-NA,1154,5159,0,2,0,5161,A
6-NA,1155,2,0,0,5148,5150,C
6-NA,1156,13,3,0,5013,5029,C
6-NA,1157,21,2,0,4995,5018,C
6-NA,1158,0,4703,1,2,4706,T
6-NA,1159,4692,0,1,0,4693,A
6-NA,1160,4688,0,0,1,4689,A
6-NA,1161,0,2,4710,1,4713,G
6-NA,1162,0,4611,0,7,4618,T
6-NA,1163,27,0,0,4603,4630,C
6-NA,1164,23,2,0,4497,4522,C
6-NA,1165,4521,0,4,2,4527,A
6-NA,1166,4515,0,0,0,4515,A
6-NA,1167,4522,0,0,0,4522,A
6-NA,1168,1,4458,0,3,4462,T
6-NA,1169,0,4473,0,1,4474,T
6-NA,1170,0,0,4430,1,4431,G
6-NA,1171,2,1,0,4356,4359,C
6-NA,1172,4365,0,2,0,4367,A
6-NA,1173,0,8,4361,0,4369,G
6-NA,1174,4373,0,2,0,4375,A
6-NA,1175,0,4373,0,21,4394,T
6-NA,1176,4413,0,0,1,4414,A
6-NA,1177,4387,1,1,1,4390,A
6-NA,1178,4379,0,2,0,4381,A
6-NA,1179,0,4338,1,1,4340,T
6-NA,1180,4294,0,0,0,4294,A
6-NA,1181,1,3,4259,0,4263,G
6-NA,1182,3,2,4196,0,4201,G
6-NA,1183,2,2,2,4164,4170,C
6-NA,1184,4043,0,1,0,4044,A
6-NA,1185,4069,1,3,0,4073,A
6-NA,1186,2,1,4079,1,4083,G
6-NA,1187,0,4052,0,2,4054,T
6-NA,1188,37,0,0,4007,4044,C
6-NA,1189,4038,0,5,2,4045,A
6-NA,1190,1,4008,1,0,4010,T
6-NA,1191,4009,0,4,0,4013,A
6-NA,1192,1,1,4020,0,4022,G
6-NA,1193,0,4014,0,1,4015,T
6-NA,1194,0,3753,0,2,3755,T
6-NA,1195,1,12,3623,0,3636,G
6-NA,1196,3587,1,3,0,3591,A
6-NA,1197,1,0,0,3587,3588,C
6-NA,1198,3512,0,1,0,3513,A
6-NA,1199,0,6,3513,0,3519,G
6-NA,1200,3421,0,3,0,3424,A
6-NA,1201,1,4,3478,0,3483,G
6-NA,1202,1,2,3461,0,3464,G
6-NA,1203,0,3404,0,2,3406,T
6-NA,1204,3410,0,0,0,3410,A
6-NA,1205,3393,0,2,0,3395,A
6-NA,1206,0,3367,0,2,3369,T
6-NA,1207,3359,0,7,0,3366,A
6-NA,1208,0,5,3160,0,3165,G
6-NA,1209,0,0,2973,0,2973,G
6-NA,1210,0,2268,0,1,2269,T
6-NA,1211,12,0,0,2225,2237,C
6-NA,1212,8,2,1,2142,2153,C
6-NA,1213,9,2,2151,1,2163,G
6-NA,1214,0,0,2163,0,2163,G
6-NA,1215,0,2170,0,0,2170,T
6-NA,1216,0,2148,0,1,2149,T
6-NA,1217,2070,0,0,0,2070,A
6-NA,1218,1,1942,0,0,1943,T
6-NA,1219,0,1930,0,0,1930,T
6-NA,1220,5,0,0,1925,1930,C
6-NA,1221,0,1679,0,0,1679,T
6-NA,1222,2,3,1640,0,1645,G
6-NA,1223,0,0,1649,0,1649,G
6-NA,1224,0,1618,0,0,1618,T
6-NA,1225,1615,0,1,0,1616,A
6-NA,1226,0,1560,0,0,1560,T
6-NA,1227,0,1563,0,0,1563,T
6-NA,1228,0,1568,0,1,1569,T
6-NA,1229,0,1554,0,1,1555,T
6-NA,1230,5,2,1,1555,1563,C
6-NA,1231,0,1533,0,4,1537,T
6-NA,1232,2,1,0,1547,1550,C
6-NA,1233,0,1535,0,0,1535,T
6-NA,1234,0,0,1560,0,1560,G
6-NA,1235,0,1554,0,1,1555,T
6-NA,1236,0,1547,0,0,1547,T
6-NA,1237,1,2,1547,0,1550,G
6-NA,1238,1531,0,1,0,1532,A
6-NA,1239,1522,0,9,0,1531,A
6-NA,1240,0,1,1545,0,1546,G
6-NA,1241,0,0,1540,0,1540,G
6-NA,1242,3,0,0,1536,1539,C
6-NA,1243,1527,0,0,0,1527,A
6-NA,1244,1528,0,2,0,1530,A
6-NA,1245,1525,0,1,0,1526,A
6-NA,1246,1534,0,1,0,1535,A
6-NA,1247,2,1,1524,0,1527,G
6-NA,1248,0,0,0,1517,1517,C
6-NA,1249,0,1487,0,1,1488,T
6-NA,1250,3,1,1503,0,1507,G
6-NA,1251,0,0,0,1507,1507,C
6-NA,1252,1509,0,1,0,1510,A
6-NA,1253,0,1497,0,2,1499,T
6-NA,1254,2,1,1,1488,1492,C
6-NA,1255,1498,0,2,0,1500,A
6-NA,1256,1494,0,2,0,1496,A
6-NA,1257,0,1472,0,0,1472,T
6-NA,1258,4,2,0,1498,1504,C
6-NA,1259,1,1,1489,0,1491,G
6-NA,1260,0,1,1502,0,1503,G
6-NA,1261,0,1494,0,1,1495,T
6-NA,1262,0,0,1495,0,1495,G
6-NA,1263,2,0,0,1501,1503,C
6-NA,1264,0,1496,0,1,1497,T
6-NA,1265,0,1511,0,0,1511,T
6-NA,1266,0,1518,0,0,1518,T
6-NA,1267,0,1524,0,0,1524,T
6-NA,1268,1535,0,0,0,1535,A
6-NA,1269,0,1466,0,0,1466,T
6-NA,1270,0,0,1477,0,1477,G
6-NA,1271,1,1455,0,1,1457,T
6-NA,1272,0,5,1441,0,1446,G
6-NA,1273,0,5,1454,0,1459,G
6-NA,1274,1425,0,0,0,1425,A
6-NA,1275,0,0,1442,0,1442,G
6-NA,1276,0,1436,0,0,1436,T
6-NA,1277,0,1427,0,1,1428,T
6-NA,1278,0,7,1436,0,1443,G
6-NA,1279,1428,1,1,0,1430,A
6-NA,1280,0,1435,0,1,1436,T
6-NA,1281,1437,0,0,0,1437,A
6-NA,1282,1394,0,0,0,1394,A
6-NA,1283,0,3,1401,0,1404,G
6-NA,1284,0,2,1368,0,1370,G
6-NA,1285,1,0,1371,1,1373,G
6-NA,1286,0,2,1361,0,1363,G
6-NA,1287,1344,0,1,0,1345,A
6-NA,1288,1340,0,1,0,1341,A
6-NA,1289,0,4,1350,0,1354,G
6-NA,1290,1353,0,1,0,1354,A
6-NA,1291,1352,0,0,0,1352,A
6-NA,1292,1333,0,0,0,1333,A
6-NA,1293,1311,0,4,0,1315,A
6-NA,1294,0,4,1306,0,1310,G
6-NA,1295,1288,0,4,0,1292,A
6-NA,1296,0,2,1287,0,1289,G
6-NA,1297,0,5,1282,0,1287,G
6-NA,1298,1272,0,0,0,1272,A
6-NA,1299,1260,0,0,0,1260,A
6-NA,1300,1253,1,0,0,1254,A
6-NA,1301,3,0,0,1278,1281,C
6-NA,1302,0,1257,0,0,1257,T
6-NA,1303,0,3,1258,0,1261,G
6-NA,1304,1252,0,1,0,1253,A
6-NA,1305,1256,0,0,0,1256,A
6-NA,1306,1,0,1258,0,1259,G
6-NA,1307,0,1230,0,1,1231,T
6-NA,1308,9,3,0,1239,1251,C
6-NA,1309,0,1244,0,0,1244,T
6-NA,1310,0,1228,0,0,1228,T
6-NA,1311,1,0,1240,0,1241,G
6-NA,1312,0,1228,0,1,1229,T
6-NA,1313,0,0,1222,0,1222,G
6-NA,1314,0,6,1219,0,1225,G
6-NA,1315,1193,0,0,0,1193,A
6-NA,1316,1,0,0,1186,1187,C
6-NA,1317,3,1,0,1165,1169,C
6-NA,1318,0,1177,0,0,1177,T
6-NA,1319,4,0,0,1172,1176,C
6-NA,1320,1185,0,1,0,1186,A
6-NA,1321,1189,0,0,0,1189,A
6-NA,1322,1179,0,0,0,1179,A
6-NA,1323,0,0,0,1191,1191,C
6-NA,1324,1166,0,0,0,1166,A
6-NA,1325,0,1,1166,0,1167,G
6-NA,1326,0,1134,0,0,1134,T
6-NA,1327,1146,0,0,0,1146,A
6-NA,1328,0,1136,0,1,1137,T
6-NA,1329,0,1128,0,0,1128,T
6-NA,1330,0,0,1137,0,1137,G
6-NA,1331,1,1118,0,1,1120,T
6-NA,1332,0,1070,0,2,1072,T
6-NA,1333,0,0,1078,0,1078,G
6-NA,1334,0,1019,0,3,1022,T
6-NA,1335,0,0,1023,0,1023,G
6-NA,1336,0,1008,0,0,1008,T
6-NA,1337,0,999,0,0,999,T
6-NA,1338,0,1000,0,0,1000,T
6-NA,1339,0,974,0,0,974,T
6-NA,1340,0,0,975,0,975,G
6-NA,1341,0,977,0,0,977,T
6-NA,1342,1,2,958,0,961,G
6-NA,1343,1,1,955,0,957,G
6-NA,1344,1,0,0,933,934,C
6-NA,1345,933,0,1,0,934,A
6-NA,1346,1,1,0,934,936,C
6-NA,1347,2,0,0,927,929,C
6-NA,1348,0,943,0,0,943,T
6-NA,1349,5,2,0,934,941,C
6-NA,1350,942,0,0,0,942,A
6-NA,1351,0,1,945,0,946,G
6-NA,1352,1,1,940,0,942,G
6-NA,1353,0,941,1,1,943,T
6-NA,1354,935,0,0,0,935,A
6-NA,1355,0,0,0,895,895,C
6-NA,1356,892,0,0,0,892,A
6-NA,1357,0,890,0,0,890,T
6-NA,1358,873,0,2,0,875,A
6-NA,1359,0,875,0,1,876,T
6-NA,1360,0,1,809,0,810,G
6-NA,1361,0,3,806,0,809,G
6-NA,1362,804,0,0,0,804,A
6-NA,1363,794,0,0,0,794,A
6-NA,1364,0,0,1,783,784,C
6-NA,1365,646,0,1,1,648,A
6-NA,1366,0,1,646,0,647,G
6-NA,1367,0,1,645,0,646,G
6-NA,1368,0,1,0,636,637,C
6-NA,1369,1,637,0,0,638,T
6-NA,1370,1,0,0,597,598,C
6-NA,1371,596,0,1,0,597,A
6-NA,1372,0,601,0,0,601,T
6-NA,1373,0,4,598,0,602,G
6-NA,1374,0,0,595,0,595,G
6-NA,1375,0,0,0,570,570,C
6-NA,1376,0,0,0,576,576,C
6-NA,1377,0,539,0,2,541,T
6-NA,1378,0,1,534,0,535,G
6-NA,1379,537,0,0,0,537,A
6-NA,1380,0,534,0,0,534,T
6-NA,1381,1,2,520,0,523,G
6-NA,1382,0,1,508,0,509,G
6-NA,1383,0,0,493,0,493,G
6-NA,1384,0,0,487,0,487,G
6-NA,1385,1,0,0,474,475,C
6-NA,1386,1,1,479,0,481,G
6-NA,1387,0,0,475,0,475,G
6-NA,1388,474,0,0,0,474,A
6-NA,1389,0,0,0,466,466,C
6-NA,1390,476,0,0,0,476,A
6-NA,1391,0,460,0,0,460,T
6-NA,1392,0,0,0,456,456,C
6-NA,1393,457,0,0,0,457,A
6-NA,1394,456,0,0,0,456,A
6-NA,1395,0,448,0,0,448,T
6-NA,1396,2,0,0,440,442,C
6-NA,1397,0,419,1,0,420,T
6-NA,1398,2,0,0,364,366,C
6-NA,1399,365,0,1,0,366,A
6-NA,1400,0,364,0,0,364,T
6-NA,1401,1,0,358,0,359,G
6-NA,1402,0,0,0,359,359,C
6-NA,1403,2,0,0,341,343,C
6-NA,1404,0,308,0,0,308,T
6-NA,1405,304,0,0,0,304,A
6-NA,1406,0,305,0,0,305,T
6-NA,1407,297,0,0,0,297,A
6-NA,1408,0,298,0,0,298,T
6-NA,1409,279,0,0,0,279,A
6-NA,1410,266,0,0,0,266,A
7-M,1,82,0,0,0,82,A
7-M,2,0,83,0,0,83,T
7-M,3,0,0,82,0,82,G
7-M,4,84,0,0,0,84,A
7-M,5,0,0,88,0,88,G
7-M,6,0,0,0,90,90,C
7-M,7,0,0,0,96,96,C
7-M,8,0,127,0,0,127,T
7-M,9,0,127,0,0,127,T
7-M,10,2,0,0,124,126,C
7-M,11,0,127,0,0,127,T
7-M,12,132,0,0,0,132,A
7-M,13,132,0,0,0,132,A
7-M,14,0,0,0,132,132,C
7-M,15,0,0,0,130,130,C
7-M,16,0,0,133,0,133,G
7-M,17,127,0,0,0,127,A
7-M,18,0,0,135,0,135,G
7-M,19,0,0,137,0,137,G
7-M,20,0,136,0,0,136,T
7-M,21,2,0,0,138,140,C
7-M,22,0,1,138,0,139,G
7-M,23,140,0,0,0,140,A
7-M,24,145,0,1,0,146,A
7-M,25,149,0,0,0,149,A
7-M,26,0,0,0,173,173,C
7-M,27,0,0,172,0,172,G
7-M,28,0,172,0,0,172,T
7-M,29,173,0,0,0,173,A
7-M,30,0,178,0,0,178,T
7-M,31,0,0,181,0,181,G
7-M,32,0,185,0,0,185,T
7-M,33,0,220,0,0,220,T
7-M,34,2,0,0,228,230,C
7-M,35,0,228,0,2,230,T
7-M,36,0,0,0,239,239,C
7-M,37,0,240,0,0,240,T
7-M,38,0,0,0,253,253,C
7-M,39,0,251,0,0,251,T
7-M,40,253,0,0,1,254,A
7-M,41,0,256,0,0,256,T
7-M,42,0,1,0,254,255,C
7-M,43,1,0,256,0,257,G
7-M,44,0,258,0,0,258,T
7-M,45,0,256,0,2,258,T
7-M,46,1,0,0,262,263,C
7-M,47,1,0,0,269,270,C
7-M,48,278,0,0,0,278,A
7-M,49,0,279,0,0,279,T
7-M,50,0,0,0,275,275,C
7-M,51,276,0,1,0,277,A
7-M,52,0,0,273,0,273,G
7-M,53,0,0,270,0,270,G
7-M,54,0,1,0,272,273,C
7-M,55,0,0,0,276,276,C
7-M,56,0,0,0,273,273,C
7-M,57,1,0,0,286,287,C
7-M,58,1,0,0,290,291,C
7-M,59,0,289,0,0,289,T
7-M,60,1,0,0,292,293,C
7-M,61,290,0,0,0,290,A
7-M,62,288,0,0,0,288,A
7-M,63,293,0,1,0,294,A
7-M,64,0,0,301,0,301,G
7-M,65,0,0,0,299,299,C
7-M,66,1,0,0,292,293,C
7-M,67,0,2,291,0,293,G
7-M,68,293,0,0,0,293,A
7-M,69,0,2,293,0,295,G
7-M,70,296,0,0,0,296,A
7-M,71,0,298,0,0,298,T
7-M,72,3,0,0,296,299,C
7-M,73,0,0,302,0,302,G
7-M,74,1,0,0,301,302,C
7-M,75,0,0,304,0,304,G
7-M,76,1,0,0,305,306,C
7-M,77,298,0,2,0,300,A
7-M,78,0,0,310,0,310,G
7-M,79,298,0,0,0,298,A
7-M,80,0,2,330,0,332,G
7-M,81,330,0,0,0,330,A
7-M,82,0,0,0,342,342,C
7-M,83,0,344,0,0,344,T
7-M,84,0,344,0,0,344,T
7-M,85,0,1,344,0,345,G
7-M,86,348,0,0,0,348,A
7-M,87,343,0,1,0,344,A
7-M,88,0,3,339,0,342,G
7-M,89,339,0,0,0,339,A
7-M,90,0,344,0,1,345,T
7-M,91,0,0,351,0,351,G
7-M,92,0,355,0,0,355,T
7-M,93,0,0,0,357,357,C
7-M,94,0,352,0,1,353,T
7-M,95,0,356,0,0,356,T
7-M,96,0,350,0,0,350,T
7-M,97,0,0,352,0,352,G
7-M,98,0,0,0,354,354,C
7-M,99,0,355,0,0,355,T
7-M,100,0,1,352,1,354,G
7-M,101,0,0,357,0,357,G
7-M,102,0,1,369,0,370,G
7-M,103,362,0,1,0,363,A
7-M,104,372,0,0,0,372,A
7-M,105,367,0,0,0,367,A
7-M,106,373,0,0,0,373,A
7-M,107,376,1,0,0,377,A
7-M,108,0,1,0,380,381,C
7-M,109,381,0,0,0,381,A
7-M,110,0,0,0,383,383,C
7-M,111,383,0,0,0,383,A
7-M,112,0,0,392,0,392,G
7-M,113,395,0,0,0,395,A
7-M,114,0,408,0,0,408,T
7-M,115,0,0,0,413,413,C
7-M,116,0,409,0,1,410,T
7-M,117,0,410,0,0,410,T
7-M,118,0,1,406,0,407,G
7-M,119,404,0,0,0,404,A
7-M,120,0,0,407,0,407,G
7-M,121,1,0,402,0,403,G
7-M,122,0,0,0,420,420,C
7-M,123,0,420,0,1,421,T
7-M,124,3,0,0,466,469,C
7-M,125,0,466,0,0,466,T
7-M,126,2,0,0,469,471,C
7-M,127,468,0,0,0,468,A
7-M,128,1,464,0,1,466,T
7-M,129,0,0,467,0,467,G
7-M,130,0,3,466,0,469,G
7-M,131,469,0,0,0,469,A
7-M,132,460,0,0,0,460,A
7-M,133,0,449,0,0,449,T
7-M,134,0,1,473,0,474,G
7-M,135,1,0,486,0,487,G
7-M,136,0,0,0,490,490,C
7-M,137,0,490,0,0,490,T
7-M,138,493,0,0,0,493,A
7-M,139,484,0,0,0,484,A
7-M,140,495,0,1,0,496,A
7-M,141,0,0,501,0,501,G
7-M,142,491,0,0,0,491,A
7-M,143,0,1,0,497,498,C
7-M,144,486,0,0,0,486,A
7-M,145,483,0,1,0,484,A
7-M,146,0,1,489,0,490,G
7-M,147,490,0,2,0,492,A
7-M,148,1,1,0,493,495,C
7-M,149,2,1,0,492,495,C
7-M,150,492,0,1,0,493,A
7-M,151,503,0,0,0,503,A
7-M,152,0,504,0,0,504,T
7-M,153,0,505,0,0,505,T
7-M,154,0,0,0,511,511,C
7-M,155,0,502,0,0,502,T
7-M,156,0,0,500,0,500,G
7-M,157,0,497,0,3,500,T
7-M,158,3,1,0,499,503,C
7-M,159,494,0,0,0,494,A
7-M,160,0,1,0,510,511,C
7-M,161,0,0,0,515,515,C
7-M,162,0,514,0,0,514,T
7-M,163,1,0,0,518,519,C
7-M,164,0,518,0,0,518,T
7-M,165,0,2,519,0,521,G
7-M,166,521,0,0,0,521,A
7-M,167,0,0,0,521,521,C
7-M,168,0,521,0,0,521,T
7-M,169,510,0,0,0,510,A
7-M,170,507,0,1,0,508,A
7-M,171,0,2,508,0,510,G
7-M,172,0,2,506,0,508,G
7-M,173,0,2,506,1,509,G
7-M,174,0,1,514,0,515,G
7-M,175,521,0,0,1,522,A
7-M,176,0,523,0,0,523,T
7-M,177,0,523,0,0,523,T
7-M,178,0,521,0,0,521,T
7-M,179,0,523,0,0,523,T
7-M,180,0,2,519,0,521,G
7-M,181,0,1,518,0,519,G
7-M,182,0,3,518,0,521,G
7-M,183,1,0,516,0,517,G
7-M,184,0,501,0,0,501,T
7-M,185,0,508,0,1,509,T
7-M,186,0,510,0,0,510,T
7-M,187,1,0,521,0,522,G
7-M,188,0,518,0,0,518,T
7-M,189,1,1,523,0,525,G
7-M,190,0,529,0,0,529,T
7-M,191,0,531,0,0,531,T
7-M,192,4,1,0,526,531,C
7-M,193,527,0,0,0,527,A
7-M,194,0,0,0,549,549,C
7-M,195,0,0,535,0,535,G
7-M,196,0,0,0,541,541,C
7-M,197,0,531,0,1,532,T
7-M,198,4,0,0,550,554,C
7-M,199,552,0,0,0,552,A
7-M,200,0,0,0,559,559,C
7-M,201,1,0,0,560,561,C
7-M,202,1,0,562,0,563,G
7-M,203,0,563,0,0,563,T
7-M,204,0,0,562,0,562,G
7-M,205,0,0,0,563,563,C
7-M,206,0,0,0,563,563,C
7-M,207,0,1,0,566,567,C
7-M,208,564,0,0,0,564,A
7-M,209,0,0,572,0,572,G
7-M,210,0,562,0,1,563,T
7-M,211,0,7,560,0,567,G
7-M,212,580,0,0,0,580,A
7-M,213,0,0,578,0,578,G
7-M,214,0,1,0,574,575,C
7-M,215,1,3,574,0,578,G
7-M,216,568,0,0,0,568,A
7-M,217,0,1,582,0,583,G
7-M,218,0,5,578,0,583,G
7-M,219,581,0,0,0,581,A
7-M,220,0,0,0,589,589,C
7-M,221,0,593,0,0,593,T
7-M,222,0,0,595,0,595,G
7-M,223,1,1,0,591,593,C
7-M,224,592,0,0,0,592,A
7-M,225,0,0,603,0,603,G
7-M,226,0,0,0,596,596,C
7-M,227,0,0,605,0,605,G
7-M,228,0,603,0,0,603,T
7-M,229,601,1,0,0,602,A
7-M,230,0,0,596,0,596,G
7-M,231,600,0,0,0,600,A
7-M,232,0,1,0,596,597,C
7-M,233,0,1,600,0,601,G
7-M,234,0,0,0,599,599,C
7-M,235,0,585,0,1,586,T
7-M,236,0,587,0,0,587,T
7-M,237,0,589,0,1,590,T
7-M,238,1,0,598,0,599,G
7-M,239,0,601,0,1,602,T
7-M,240,1,0,0,605,606,C
7-M,241,0,0,0,607,607,C
7-M,242,608,0,0,0,608,A
7-M,243,608,0,0,0,608,A
7-M,244,606,0,0,0,606,A
7-M,245,611,0,0,0,611,A
7-M,246,0,611,0,0,611,T
7-M,247,0,0,601,1,602,G
7-M,248,0,1,1,585,587,C
7-M,249,1,0,0,595,596,C
7-M,250,0,0,0,600,600,C
7-M,251,0,607,0,0,607,T
7-M,252,2,1,0,620,623,C
7-M,253,625,0,0,0,625,A
7-M,254,632,0,1,0,633,A
7-M,255,0,634,0,0,634,T
7-M,256,0,0,633,0,633,G
7-M,257,2,2,627,0,631,G
7-M,258,0,4,630,0,634,G
7-M,259,631,0,0,0,631,A
7-M,260,629,0,0,0,629,A
7-M,261,0,629,0,0,629,T
7-M,262,0,2,624,0,626,G
7-M,263,0,2,620,0,622,G
7-M,264,616,0,0,0,616,A
7-M,265,0,2,612,0,614,G
7-M,266,614,0,1,0,615,A
7-M,267,0,0,0,604,604,C
7-M,268,3,0,0,620,623,C
7-M,269,2,0,0,632,634,C
7-M,270,639,0,0,0,639,A
7-M,271,641,0,1,0,642,A
7-M,272,642,0,0,0,642,A
7-M,273,0,638,0,0,638,T
7-M,274,662,0,0,0,662,A
7-M,275,660,0,0,0,660,A
7-M,276,0,0,0,645,645,C
7-M,277,640,0,1,0,641,A
7-M,278,1,646,0,0,647,T
7-M,279,1,1,645,0,647,G
7-M,280,0,3,640,0,643,G
7-M,281,644,0,0,0,644,A
7-M,282,0,0,0,646,646,C
7-M,283,637,0,0,0,637,A
7-M,284,633,0,0,0,633,A
7-M,285,624,0,1,0,625,A
7-M,286,0,0,638,0,638,G
7-M,287,0,0,0,648,648,C
7-M,288,641,0,0,0,641,A
7-M,289,0,0,652,0,652,G
7-M,290,0,644,0,1,645,T
7-M,291,0,649,0,0,649,T
7-M,292,656,0,0,0,656,A
7-M,293,649,0,1,0,650,A
7-M,294,651,0,0,0,651,A
7-M,295,0,0,0,660,660,C
7-M,296,0,633,0,0,633,T
7-M,297,0,0,684,0,684,G
7-M,298,0,675,0,0,675,T
7-M,299,680,0,0,0,680,A
7-M,300,0,680,0,0,680,T
7-M,301,676,0,0,0,676,A
7-M,302,0,2,679,0,681,G
7-M,303,0,1,676,0,677,G
7-M,304,668,0,0,0,668,A
7-M,305,668,0,0,0,668,A
7-M,306,646,0,1,0,647,A
7-M,307,0,0,0,658,658,C
7-M,308,0,658,0,0,658,T
7-M,309,0,659,0,0,659,T
7-M,310,659,0,0,0,659,A
7-M,311,658,0,1,0,659,A
7-M,312,0,4,653,0,657,G
7-M,313,651,0,1,0,652,A
7-M,314,0,4,653,0,657,G
7-M,315,627,0,1,0,628,A
7-M,316,0,3,646,0,649,G
7-M,317,656,0,1,0,657,A
7-M,318,0,0,666,0,666,G
7-M,319,666,0,0,0,666,A
7-M,320,0,666,1,0,667,T
7-M,321,660,0,0,0,660,A
7-M,322,667,0,1,0,668,A
7-M,323,0,0,0,668,668,C
7-M,324,0,0,672,0,672,G
7-M,325,0,665,0,0,665,T
7-M,326,0,657,0,0,657,T
7-M,327,4,0,0,662,666,C
7-M,328,1,0,0,670,671,C
7-M,329,663,0,2,0,665,A
7-M,330,0,667,0,0,667,T
7-M,331,0,1,663,0,664,G
7-M,332,0,0,653,0,653,G
7-M,333,0,1,655,0,656,G
7-M,334,1,0,653,0,654,G
7-M,335,0,1,0,648,649,C
7-M,336,0,2,0,657,659,C
7-M,337,661,0,0,0,661,A
7-M,338,666,0,0,0,666,A
7-M,339,662,0,2,0,664,A
7-M,340,1,3,666,0,670,G
7-M,341,676,0,0,0,676,A
7-M,342,666,0,1,0,667,A
7-M,343,671,0,0,1,672,A
7-M,344,0,666,0,0,666,T
7-M,345,669,0,0,0,669,A
7-M,346,0,0,667,0,667,G
7-M,347,0,0,0,670,670,C
7-M,348,0,662,0,1,663,T
7-M,349,1,0,0,665,666,C
7-M,350,1,650,0,2,653,T
7-M,351,2,2,0,676,680,C
7-M,352,684,0,0,0,684,A
7-M,353,0,2,679,0,681,G
7-M,354,1,673,0,0,674,T
7-M,355,0,684,0,0,684,T
7-M,356,689,0,0,0,689,A
7-M,357,0,686,0,0,686,T
7-M,358,0,676,1,0,677,T
7-M,359,0,0,0,685,685,C
7-M,360,1,667,0,0,668,T
7-M,361,0,0,673,0,673,G
7-M,362,1,0,1,667,669,C
7-M,363,0,665,0,1,666,T
7-M,364,0,1,665,0,666,G
7-M,365,0,0,672,0,672,G
7-M,366,0,670,0,0,670,T
7-M,367,0,1,669,0,670,G
7-M,368,0,0,0,664,664,C
7-M,369,659,0,0,0,659,A
7-M,370,0,0,0,676,676,C
7-M,371,0,672,0,0,672,T
7-M,372,0,676,0,0,676,T
7-M,373,0,0,682,0,682,G
7-M,374,0,0,0,671,671,C
7-M,375,3,0,0,680,683,C
7-M,376,676,0,0,0,676,A
7-M,377,0,0,696,0,696,G
7-M,378,0,692,0,0,692,T
7-M,379,0,696,0,0,696,T
7-M,380,0,0,698,0,698,G
7-M,381,0,686,0,0,686,T
7-M,382,710,0,0,0,710,A
7-M,383,0,695,0,0,695,T
7-M,384,0,1,701,0,702,G
7-M,385,0,0,700,0,700,G
7-M,386,0,0,701,0,701,G
7-M,387,0,0,0,692,692,C
7-M,388,2,0,0,711,713,C
7-M,389,0,707,0,1,708,T
7-M,390,3,0,0,714,717,C
7-M,391,749,0,0,0,749,A
7-M,392,0,754,0,0,754,T
7-M,393,764,0,0,0,764,A
7-M,394,0,766,0,0,766,T
7-M,395,752,0,1,0,753,A
7-M,396,0,0,0,788,788,C
7-M,397,775,0,0,0,775,A
7-M,398,773,0,0,0,773,A
7-M,399,0,768,0,0,768,T
7-M,400,732,0,0,0,732,A
7-M,401,1,1,740,0,742,G
7-M,402,0,1,729,0,730,G
7-M,403,717,0,0,0,717,A
7-M,404,0,716,0,0,716,T
7-M,405,0,2,677,0,679,G
7-M,406,0,3,678,0,681,G
7-M,407,0,1,678,0,679,G
7-M,408,0,1,679,0,680,G
7-M,409,0,0,682,0,682,G
7-M,410,1,1,0,674,676,C
7-M,411,0,675,0,0,675,T
7-M,412,0,0,671,0,671,G
7-M,413,0,671,0,0,671,T
7-M,414,673,0,0,0,673,A
7-M,415,673,0,1,0,674,A
7-M,416,0,0,0,672,672,C
7-M,417,2,0,0,666,668,C
7-M,418,659,0,0,0,659,A
7-M,419,0,0,0,668,668,C
7-M,420,0,664,0,0,664,T
7-M,421,0,1,676,0,677,G
7-M,422,671,0,0,0,671,A
7-M,423,671,0,0,0,671,A
7-M,424,0,0,677,0,677,G
7-M,425,0,666,0,0,666,T
7-M,426,669,0,0,0,669,A
7-M,427,0,2,674,0,676,G
7-M,428,0,1,0,681,682,C
7-M,429,689,0,0,0,689,A
7-M,430,0,676,0,0,676,T
7-M,431,0,674,0,0,674,T
7-M,432,0,680,0,0,680,T
7-M,433,0,2,678,0,680,G
7-M,434,0,1,678,0,679,G
7-M,435,0,0,0,675,675,C
7-M,436,0,1,0,677,678,C
7-M,437,0,675,0,0,675,T
7-M,438,0,0,703,0,703,G
7-M,439,0,0,699,0,699,G
7-M,440,0,700,0,0,700,T
7-M,441,704,0,1,0,705,A
7-M,442,0,687,0,0,687,T
7-M,443,0,0,707,0,707,G
7-M,444,0,707,0,1,708,T
7-M,445,0,0,704,0,704,G
7-M,446,0,1,0,704,705,C
7-M,447,684,0,1,0,685,A
7-M,448,685,0,1,0,686,A
7-M,449,0,1,0,689,690,C
7-M,450,693,0,0,0,693,A
7-M,451,0,690,0,0,690,T
7-M,452,0,0,690,0,690,G
7-M,453,0,670,0,2,672,T
7-M,454,0,8,660,0,668,G
7-M,455,672,0,1,0,673,A
7-M,456,1,0,671,0,672,G
7-M,457,0,0,0,668,668,C
7-M,458,661,0,1,0,662,A
7-M,459,0,3,662,0,665,G
7-M,460,659,0,0,0,659,A
7-M,461,0,658,0,0,658,T
7-M,462,0,663,0,0,663,T
7-M,463,0,0,661,0,661,G
7-M,464,1,0,0,656,657,C
7-M,465,0,665,0,0,665,T
7-M,466,0,2,658,1,661,G
7-M,467,654,0,0,0,654,A
7-M,468,0,0,0,685,685,C
7-M,469,0,685,0,0,685,T
7-M,470,2,0,0,681,683,C
7-M,471,2,0,0,670,672,C
7-M,472,2,0,0,680,682,C
7-M,473,688,0,0,0,688,A
7-M,474,0,0,688,0,688,G
7-M,475,0,0,0,692,692,C
7-M,476,691,0,0,0,691,A
7-M,477,0,0,0,692,692,C
7-M,478,650,0,0,0,650,A
7-M,479,0,0,668,0,668,G
7-M,480,1,0,663,0,664,G
7-M,481,0,661,0,0,661,T
7-M,482,3,0,0,682,685,C
7-M,483,0,681,0,0,681,T
7-M,484,2,0,0,673,675,C
7-M,485,678,0,0,0,678,A
7-M,486,0,680,0,0,680,T
7-M,487,680,0,2,0,682,A
7-M,488,0,0,668,0,668,G
7-M,489,0,0,663,0,663,G
7-M,490,1,1,0,659,661,C
7-M,491,652,0,0,0,652,A
7-M,492,0,0,647,0,647,G
7-M,493,649,0,0,0,649,A
7-M,494,0,656,0,1,657,T
7-M,495,0,1,652,0,653,G
7-M,496,0,0,653,0,653,G
7-M,497,0,638,0,0,638,T
7-M,498,0,2,642,0,644,G
7-M,499,0,0,643,0,643,G
7-M,500,0,0,0,649,649,C
7-M,501,642,0,0,0,642,A
7-M,502,640,0,0,0,640,A
7-M,503,0,0,0,643,643,C
7-M,504,638,0,1,0,639,A
7-M,505,639,0,1,0,640,A
7-M,506,1,0,0,643,644,C
7-M,507,1,1,0,640,642,C
7-M,508,643,0,0,0,643,A
7-M,509,647,0,0,0,647,A
7-M,510,0,650,0,0,650,T
7-M,511,4,0,0,650,654,C
7-M,512,2,0,1,646,649,C
7-M,513,639,0,1,0,640,A
7-M,514,0,635,0,2,637,T
7-M,515,0,642,0,2,644,T
7-M,516,642,0,0,0,642,A
7-M,517,639,0,0,0,639,A
7-M,518,0,641,0,0,641,T
7-M,519,630,0,1,0,631,A
7-M,520,633,0,0,1,634,A
7-M,521,626,0,0,1,627,A
7-M,522,625,0,0,0,625,A
7-M,523,0,0,0,646,646,C
7-M,524,646,0,0,0,646,A
7-M,525,0,647,0,0,647,T
7-M,526,0,3,639,0,642,G
7-M,527,632,0,5,0,637,A
7-M,528,0,3,645,0,648,G
7-M,529,643,0,0,0,643,A
7-M,530,645,0,0,0,645,A
7-M,531,0,0,0,648,648,C
7-M,532,639,0,0,0,639,A
7-M,533,1,1,636,0,638,G
7-M,534,638,0,0,0,638,A
7-M,535,636,0,0,0,636,A
7-M,536,0,629,0,0,629,T
7-M,537,1,0,634,0,635,G
7-M,538,0,0,637,0,637,G
7-M,539,0,620,0,0,620,T
7-M,540,0,610,0,0,610,T
7-M,541,0,628,0,0,628,T
7-M,542,0,629,0,0,629,T
7-M,543,0,0,632,0,632,G
7-M,544,0,1,636,0,637,G
7-M,545,0,1,0,626,627,C
7-M,546,0,0,0,633,633,C
7-M,547,624,1,0,0,625,A
7-M,548,0,0,641,0,641,G
7-M,549,0,0,0,642,642,C
7-M,550,649,0,0,0,649,A
7-M,551,1,0,0,659,660,C
7-M,552,0,654,0,0,654,T
7-M,553,655,0,0,0,655,A
7-M,554,0,0,0,658,658,C
7-M,555,670,0,0,0,670,A
7-M,556,0,0,671,0,671,G
7-M,557,1,0,0,647,648,C
7-M,558,0,637,1,2,640,T
7-M,559,643,0,0,0,643,A
7-M,560,632,0,1,0,633,A
7-M,561,0,2,638,0,640,G
7-M,562,0,0,640,0,640,G
7-M,563,0,0,0,637,637,C
7-M,564,0,620,0,0,620,T
7-M,565,622,0,0,0,622,A
7-M,566,0,617,0,0,617,T
7-M,567,1,1,617,0,619,G
7-M,568,0,6,619,0,625,G
7-M,569,617,0,2,0,619,A
7-M,570,0,1,617,0,618,G
7-M,571,0,0,0,600,600,C
7-M,572,604,0,0,0,604,A
7-M,573,599,0,0,0,599,A
7-M,574,592,0,0,1,593,A
7-M,575,0,589,0,0,589,T
7-M,576,0,2,597,0,599,G
7-M,577,1,0,577,0,578,G
7-M,578,0,0,0,582,582,C
7-M,579,0,579,0,0,579,T
7-M,580,1,0,583,0,584,G
7-M,581,0,3,585,0,588,G
7-M,582,588,0,0,0,588,A
7-M,583,0,588,0,0,588,T
7-M,584,1,0,0,586,587,C
7-M,585,587,0,0,0,587,A
7-M,586,598,0,1,0,599,A
7-M,587,0,0,600,0,600,G
7-M,588,0,593,0,0,593,T
7-M,589,0,4,593,0,597,G
7-M,590,591,0,2,0,593,A
7-M,591,581,0,0,0,581,A
7-M,592,0,0,0,586,586,C
7-M,593,591,0,0,0,591,A
7-M,594,0,0,591,0,591,G
7-M,595,0,0,581,0,581,G
7-M,596,1,1,0,577,579,C
7-M,597,581,0,1,0,582,A
7-M,598,1,0,582,0,583,G
7-M,599,0,0,0,580,580,C
7-M,600,0,0,585,0,585,G
7-M,601,0,1,575,0,576,G
7-M,602,578,0,0,0,578,A
7-M,603,0,2,579,0,581,G
7-M,604,0,1,590,0,591,G
7-M,605,0,1,0,588,589,C
7-M,606,0,0,0,601,601,C
7-M,607,597,0,0,0,597,A
7-M,608,0,595,0,0,595,T
7-M,609,1,1,598,0,600,G
7-M,610,0,0,605,0,605,G
7-M,611,596,0,0,0,596,A
7-M,612,0,1,598,0,599,G
7-M,613,580,0,0,0,580,A
7-M,614,0,591,0,0,591,T
7-M,615,0,589,0,0,589,T
7-M,616,0,0,585,0,585,G
7-M,617,0,0,0,589,589,C
7-M,618,0,587,0,0,587,T
7-M,619,598,0,1,0,599,A
7-M,620,0,0,588,0,588,G
7-M,621,0,586,0,0,586,T
7-M,622,2,0,1,584,587,C
7-M,623,579,0,0,0,579,A
7-M,624,0,2,578,0,580,G
7-M,625,0,0,578,0,578,G
7-M,626,0,0,0,582,582,C
7-M,627,3,1,0,574,578,C
7-M,628,580,0,0,0,580,A
7-M,629,1,0,582,0,583,G
7-M,630,1,0,584,0,585,G
7-M,631,0,0,0,584,584,C
7-M,632,592,0,0,0,592,A
7-M,633,0,0,585,0,585,G
7-M,634,578,0,1,0,579,A
7-M,635,0,583,0,0,583,T
7-M,636,0,0,588,0,588,G
7-M,637,0,0,611,0,611,G
7-M,638,0,597,0,0,597,T
7-M,639,0,0,605,0,605,G
7-M,640,1,0,0,598,599,C
7-M,641,601,0,0,0,601,A
7-M,642,0,1,604,0,605,G
7-M,643,0,0,601,0,601,G
7-M,644,0,0,0,607,607,C
7-M,645,608,0,0,0,608,A
7-M,646,590,0,0,0,590,A
7-M,647,0,599,0,0,599,T
7-M,648,0,2,596,0,598,G
7-M,649,590,0,0,0,590,A
7-M,650,0,1,600,0,601,G
7-M,651,584,0,0,0,584,A
7-M,652,0,1,600,1,602,G
7-M,653,0,0,0,594,594,C
7-M,654,0,1,0,610,611,C
7-M,655,614,0,0,0,614,A
7-M,656,0,615,0,0,615,T
7-M,657,0,616,0,0,616,T
7-M,658,0,2,615,0,617,G
7-M,659,0,0,605,0,605,G
7-M,660,0,4,605,1,610,G
7-M,661,614,0,0,0,614,A
7-M,662,0,1,0,608,609,C
7-M,663,0,582,1,2,585,T
7-M,664,5,0,0,587,592,C
7-M,665,596,0,0,0,596,A
7-M,666,0,608,0,1,609,T
7-M,667,0,0,0,615,615,C
7-M,668,3,0,0,612,615,C
7-M,669,0,612,0,0,612,T
7-M,670,611,0,0,0,611,A
7-M,671,0,0,613,0,613,G
7-M,672,0,632,0,0,632,T
7-M,673,1,616,0,0,617,T
7-M,674,2,0,0,621,623,C
7-M,675,1,0,0,608,609,C
7-M,676,608,0,0,0,608,A
7-M,677,0,0,612,0,612,G
7-M,678,0,612,0,0,612,T
7-M,679,613,0,0,0,613,A
7-M,680,0,0,0,608,608,C
7-M,681,0,582,0,0,582,T
7-M,682,0,2,598,0,600,G
7-M,683,0,1,602,0,603,G
7-M,684,0,594,0,0,594,T
7-M,685,0,592,0,1,593,T
7-M,686,0,604,0,0,604,T
7-M,687,604,0,0,0,604,A
7-M,688,602,0,0,0,602,A
7-M,689,0,0,608,0,608,G
7-M,690,597,0,1,0,598,A
7-M,691,0,0,591,0,591,G
7-M,692,564,0,0,0,564,A
7-M,693,0,562,0,1,563,T
7-M,694,0,1,564,0,565,G
7-M,695,568,0,0,0,568,A
7-M,696,0,556,0,3,559,T
7-M,697,1,0,0,563,564,C
7-M,698,0,555,0,0,555,T
7-M,699,0,557,0,0,557,T
7-M,700,0,0,0,562,562,C
7-M,701,0,562,0,0,562,T
7-M,702,0,560,0,1,561,T
7-M,703,1,1,559,0,561,G
7-M,704,562,0,0,0,562,A
7-M,705,558,0,0,0,558,A
7-M,706,566,0,0,0,566,A
7-M,707,563,0,0,0,563,A
7-M,708,0,561,0,0,561,T
7-M,709,0,563,0,1,564,T
7-M,710,0,568,0,0,568,T
7-M,711,0,0,559,0,559,G
7-M,712,0,1,0,563,564,C
7-M,713,563,0,0,0,563,A
7-M,714,0,1,558,0,559,G
7-M,715,553,0,0,0,553,A
7-M,716,0,0,1,572,573,C
7-M,717,1,0,0,566,567,C
7-M,718,0,574,0,0,574,T
7-M,719,581,0,0,0,581,A
7-M,720,0,577,0,3,580,T
7-M,721,2,0,0,578,580,C
7-M,722,582,0,0,0,582,A
7-M,723,0,0,579,0,579,G
7-M,724,573,0,0,0,573,A
7-M,725,558,0,1,0,559,A
7-M,726,563,0,0,0,563,A
7-M,727,0,0,0,559,559,C
7-M,728,0,1,557,0,558,G
7-M,729,556,0,0,0,556,A
7-M,730,552,0,2,0,554,A
7-M,731,0,549,0,1,550,T
7-M,732,0,1,553,0,554,G
7-M,733,0,1,547,0,548,G
7-M,734,0,0,548,0,548,G
7-M,735,0,3,548,0,551,G
7-M,736,0,0,544,0,544,G
7-M,737,0,544,0,0,544,T
7-M,738,0,0,547,0,547,G
7-M,739,0,0,0,545,545,C
7-M,740,545,0,0,0,545,A
7-M,741,1,0,548,0,549,G
7-M,742,539,0,0,0,539,A
7-M,743,0,540,0,0,540,T
7-M,744,0,0,525,0,525,G
7-M,745,0,0,1,518,519,C
7-M,746,522,0,0,0,522,A
7-M,747,524,0,0,0,524,A
7-M,748,1,0,0,527,528,C
7-M,749,0,2,523,0,525,G
7-M,750,527,0,0,0,527,A
7-M,751,0,522,0,0,522,T
7-M,752,0,524,0,0,524,T
7-M,753,2,0,0,519,521,C
7-M,754,513,0,0,0,513,A
7-M,755,515,0,0,0,515,A
7-M,756,0,0,511,0,511,G
7-M,757,0,504,0,0,504,T
7-M,758,0,2,501,0,503,G
7-M,759,498,0,0,0,498,A
7-M,760,0,1,0,496,497,C
7-M,761,1,0,0,496,497,C
7-M,762,0,2,0,502,504,C
7-M,763,0,1,494,0,495,G
7-M,764,0,0,0,499,499,C
7-M,765,0,499,0,1,500,T
7-M,766,0,505,0,0,505,T
7-M,767,0,0,498,0,498,G
7-M,768,0,503,0,0,503,T
7-M,769,0,501,0,0,501,T
7-M,770,0,0,502,0,502,G
7-M,771,0,493,0,0,493,T
7-M,772,0,485,0,1,486,T
7-M,773,0,2,481,0,483,G
7-M,774,0,0,0,479,479,C
7-M,775,1,0,0,481,482,C
7-M,776,0,0,486,0,486,G
7-M,777,0,0,0,475,475,C
7-M,778,0,1,484,0,485,G
7-M,779,489,0,0,0,489,A
7-M,780,491,0,0,0,491,A
7-M,781,0,498,0,0,498,T
7-M,782,491,0,0,0,491,A
7-M,783,1,496,0,0,497,T
7-M,784,1,0,0,500,501,C
7-M,785,501,0,0,0,501,A
7-M,786,0,496,0,0,496,T
7-M,787,0,499,0,0,499,T
7-M,788,0,2,492,0,494,G
7-M,789,1,1,488,0,490,G
7-M,790,0,3,489,0,492,G
7-M,791,495,0,0,0,495,A
7-M,792,0,486,0,0,486,T
7-M,793,1,0,0,478,479,C
7-M,794,0,471,0,1,472,T
7-M,795,0,474,0,0,474,T
7-M,796,0,0,482,0,482,G
7-M,797,0,0,1,476,477,C
7-M,798,474,0,0,0,474,A
7-M,799,0,0,0,477,477,C
7-M,800,0,468,0,0,468,T
7-M,801,0,470,0,0,470,T
7-M,802,1,2,469,0,472,G
7-M,803,470,0,0,0,470,A
7-M,804,0,476,0,0,476,T
7-M,805,468,0,0,0,468,A
7-M,806,0,471,0,0,471,T
7-M,807,0,462,0,0,462,T
7-M,808,0,0,468,0,468,G
7-M,809,0,456,0,0,456,T
7-M,810,1,1,459,0,461,G
7-M,811,0,1,458,0,459,G
7-M,812,451,0,0,0,451,A
7-M,813,0,447,0,0,447,T
7-M,814,0,450,0,0,450,T
7-M,815,4,0,0,439,443,C
7-M,816,0,441,0,2,443,T
7-M,817,0,439,0,0,439,T
7-M,818,0,0,440,0,440,G
7-M,819,430,0,0,0,430,A
7-M,820,0,437,0,0,437,T
7-M,821,3,0,0,433,436,C
7-M,822,0,0,438,0,438,G
7-M,823,0,432,0,1,433,T
7-M,824,1,0,0,424,425,C
7-M,825,0,423,0,3,426,T
7-M,826,0,432,0,0,432,T
7-M,827,0,429,0,0,429,T
7-M,828,0,432,0,0,432,T
7-M,829,0,434,0,0,434,T
7-M,830,0,432,0,0,432,T
7-M,831,0,434,0,0,434,T
7-M,832,1,0,0,432,433,C
7-M,833,434,0,0,0,434,A
7-M,834,433,0,0,0,433,A
7-M,835,432,0,0,0,432,A
7-M,836,0,434,1,0,435,T
7-M,837,0,1,434,0,435,G
7-M,838,0,0,0,432,432,C
7-M,839,1,0,429,0,430,G
7-M,840,0,430,0,1,431,T
7-M,841,0,0,0,433,433,C
7-M,842,0,434,0,1,435,T
7-M,843,438,0,0,0,438,A
7-M,844,0,435,0,0,435,T
7-M,845,0,0,0,436,436,C
7-M,846,0,0,437,0,437,G
7-M,847,426,0,0,0,426,A
7-M,848,0,1,0,431,432,C
7-M,849,0,410,0,0,410,T
7-M,850,2,0,0,414,416,C
7-M,851,0,411,0,0,411,T
7-M,852,0,413,0,0,413,T
7-M,853,3,0,0,409,412,C
7-M,854,409,0,0,0,409,A
7-M,855,413,0,0,0,413,A
7-M,856,410,0,0,0,410,A
7-M,857,0,0,0,412,412,C
7-M,858,406,0,0,0,406,A
7-M,859,0,0,0,394,394,C
7-M,860,0,0,388,0,388,G
7-M,861,0,1,400,0,401,G
7-M,862,0,0,0,393,393,C
7-M,863,2,0,0,399,401,C
7-M,864,0,405,0,0,405,T
7-M,865,0,405,0,0,405,T
7-M,866,404,0,1,0,405,A
7-M,867,406,0,0,0,406,A
7-M,868,405,0,0,0,405,A
7-M,869,398,0,1,0,399,A
7-M,870,0,1,396,0,397,G
7-M,871,337,0,0,0,337,A
7-M,872,0,0,333,0,333,G
7-M,873,0,0,327,0,327,G
7-M,874,0,0,0,329,329,C
7-M,875,1,0,1,317,319,C
7-M,876,2,0,0,325,327,C
7-M,877,0,329,0,0,329,T
7-M,878,0,327,0,0,327,T
7-M,879,0,0,0,331,331,C
7-M,880,0,332,0,0,332,T
7-M,881,327,0,0,0,327,A
7-M,882,0,2,0,329,331,C
7-M,883,0,1,320,0,321,G
7-M,884,0,2,321,0,323,G
7-M,885,311,0,0,0,311,A
7-M,886,312,0,0,0,312,A
7-M,887,0,1,311,0,312,G
7-M,888,0,1,311,0,312,G
7-M,889,306,0,0,0,306,A
7-M,890,0,0,306,0,306,G
7-M,891,0,301,0,0,301,T
7-M,892,303,0,0,0,303,A
7-M,893,0,0,0,303,303,C
7-M,894,2,1,0,300,303,C
7-M,895,0,301,0,0,301,T
7-M,896,0,3,297,0,300,G
7-M,897,283,0,0,0,283,A
7-M,898,0,0,292,0,292,G
7-M,899,0,280,0,1,281,T
7-M,900,1,0,0,280,281,C
7-M,901,0,282,0,0,282,T
7-M,902,277,0,0,0,277,A
7-M,903,0,278,0,0,278,T
7-M,904,0,0,281,0,281,G
7-M,905,272,0,0,0,272,A
7-M,906,0,0,271,0,271,G
7-M,907,0,0,256,0,256,G
7-M,908,0,0,258,0,258,G
7-M,909,253,0,0,0,253,A
7-M,910,253,0,1,0,254,A
7-M,911,0,0,254,0,254,G
7-M,912,252,0,0,0,252,A
7-M,913,253,0,0,0,253,A
7-M,914,0,251,0,0,251,T
7-M,915,248,0,0,0,248,A
7-M,916,0,246,0,0,246,T
7-M,917,0,1,0,239,240,C
7-M,918,0,0,243,0,243,G
7-M,919,243,0,0,0,243,A
7-M,920,240,0,0,0,240,A
7-M,921,240,0,0,0,240,A
7-M,922,0,0,237,0,237,G
7-M,923,0,0,238,0,238,G
7-M,924,236,0,0,0,236,A
7-M,925,239,0,0,0,239,A
7-M,926,0,0,0,240,240,C
7-M,927,236,0,0,0,236,A
7-M,928,0,0,234,0,234,G
7-M,929,0,0,0,233,233,C
7-M,930,233,0,0,0,233,A
7-M,931,0,0,236,0,236,G
7-M,932,222,0,0,0,222,A
7-M,933,225,0,0,0,225,A
7-M,934,0,223,0,0,223,T
7-M,935,0,0,216,0,216,G
7-M,936,0,0,0,211,211,C
7-M,937,0,204,0,0,204,T
7-M,938,0,1,202,0,203,G
7-M,939,0,198,0,0,198,T
7-M,940,0,1,195,0,196,G
7-M,941,0,0,197,0,197,G
7-M,942,186,0,0,0,186,A
7-M,943,0,187,0,0,187,T
7-M,944,0,0,176,0,176,G
7-M,945,0,0,0,174,174,C
7-M,946,0,165,0,0,165,T
7-M,947,0,2,164,0,166,G
7-M,948,163,0,0,0,163,A
7-M,949,0,0,0,164,164,C
7-M,950,0,0,164,0,164,G
7-M,951,161,0,0,0,161,A
7-M,952,0,0,0,161,161,C
7-M,953,150,0,1,0,151,A
7-M,954,0,0,150,0,150,G
7-M,955,0,149,0,0,149,T
7-M,956,1,0,0,147,148,C
7-M,957,149,0,0,0,149,A
7-M,958,0,145,0,0,145,T
7-M,959,0,145,0,0,145,T
7-M,960,0,145,0,0,145,T
7-M,961,0,144,0,0,144,T
7-M,962,0,0,142,0,142,G
7-M,963,0,134,0,0,134,T
7-M,964,0,0,0,133,133,C
7-M,965,125,0,0,0,125,A
7-M,966,2,0,122,0,124,G
7-M,967,0,0,0,123,123,C
7-M,968,124,0,0,0,124,A
7-M,969,0,124,0,0,124,T
7-M,970,115,0,0,0,115,A
7-M,971,0,0,115,0,115,G
7-M,972,114,0,0,0,114,A
7-M,973,0,0,113,0,113,G
7-M,974,0,112,0,0,112,T
7-M,975,0,72,0,0,72,T
7-M,976,0,0,72,0,72,G
7-M,977,0,0,73,0,73,G
7-M,978,72,0,0,0,72,A
7-M,979,0,0,72,0,72,G
7-M,980,0,44,0,0,44,T
7-M,981,44,0,0,0,44,A
7-M,982,42,0,0,0,42,A
8-NS,1,291,0,0,0,291,A
8-NS,2,0,290,0,0,290,T
8-NS,3,0,0,312,0,312,G
8-NS,4,0,2,325,0,327,G
8-NS,5,341,0,0,0,341,A
8-NS,6,0,602,0,1,603,T
8-NS,7,0,608,1,0,609,T
8-NS,8,1,0,0,638,639,C
8-NS,9,0,0,0,640,640,C
8-NS,10,644,0,0,0,644,A
8-NS,11,649,0,0,0,649,A
8-NS,12,0,0,0,653,653,C
8-NS,13,656,0,0,0,656,A
8-NS,14,0,0,0,659,659,C
8-NS,15,0,664,0,0,664,T
8-NS,16,1,0,708,0,709,G
8-NS,17,0,706,0,1,707,T
8-NS,18,0,0,717,0,717,G
8-NS,19,0,719,0,2,721,T
8-NS,20,7,0,0,712,719,C
8-NS,21,725,0,1,0,726,A
8-NS,22,717,0,1,0,718,A
8-NS,23,0,0,731,0,731,G
8-NS,24,0,738,0,1,739,T
8-NS,25,0,741,0,0,741,T
8-NS,26,0,737,0,0,737,T
8-NS,27,1,0,0,743,744,C
8-NS,28,0,0,0,746,746,C
8-NS,29,738,0,1,0,739,A
8-NS,30,0,0,753,0,753,G
8-NS,31,0,0,753,0,753,G
8-NS,32,0,736,0,0,736,T
8-NS,33,757,0,0,0,757,A
8-NS,34,0,0,761,0,761,G
8-NS,35,762,0,0,1,763,A
8-NS,36,0,774,0,2,776,T
8-NS,37,0,777,0,0,777,T
8-NS,38,0,0,777,0,777,G
8-NS,39,0,0,0,781,781,C
8-NS,40,0,784,0,2,786,T
8-NS,41,0,794,0,0,794,T
8-NS,42,0,799,0,0,799,T
8-NS,43,0,0,1,813,814,C
8-NS,44,0,809,0,0,809,T
8-NS,45,1,808,0,0,809,T
8-NS,46,0,816,0,1,817,T
8-NS,47,1,5,807,0,813,G
8-NS,48,0,1,807,0,808,G
8-NS,49,0,1,0,818,819,C
8-NS,50,818,0,2,0,820,A
8-NS,51,0,826,0,0,826,T
8-NS,52,824,0,0,0,824,A
8-NS,53,0,881,0,0,881,T
8-NS,54,0,0,0,895,895,C
8-NS,55,0,0,0,899,899,C
8-NS,56,0,0,890,0,890,G
8-NS,57,0,892,0,0,892,T
8-NS,58,896,0,0,0,896,A
8-NS,59,895,0,0,0,895,A
8-NS,60,898,0,0,0,898,A
8-NS,61,0,0,0,909,909,C
8-NS,62,909,0,0,0,909,A
8-NS,63,907,0,0,0,907,A
8-NS,64,1,0,960,0,961,G
8-NS,65,0,949,0,4,953,T
8-NS,66,0,961,0,0,961,T
8-NS,67,1,1,957,0,959,G
8-NS,68,0,964,0,0,964,T
8-NS,69,967,0,2,0,969,A
8-NS,70,1,9,951,0,961,G
8-NS,71,1014,0,1,0,1015,A
8-NS,72,0,0,0,1021,1021,C
8-NS,73,7,0,1,1002,1010,C
8-NS,74,1009,0,1,0,1010,A
8-NS,75,1016,0,0,0,1016,A
8-NS,76,0,5,1059,0,1064,G
8-NS,77,1068,0,1,0,1069,A
8-NS,78,1087,0,0,0,1087,A
8-NS,79,0,0,0,1088,1088,C
8-NS,80,0,1086,0,1,1087,T
8-NS,81,0,1,1096,0,1097,G
8-NS,82,1077,0,1,1,1079,A
8-NS,83,1,2,1107,0,1110,G
8-NS,84,0,1105,0,2,1107,T
8-NS,85,0,2,1098,0,1100,G
8-NS,86,1106,0,0,0,1106,A
8-NS,87,0,1109,0,0,1109,T
8-NS,88,0,0,1125,0,1125,G
8-NS,89,1,0,0,1142,1143,C
8-NS,90,1,0,0,1137,1138,C
8-NS,91,2,1,0,1147,1150,C
8-NS,92,2,0,0,1157,1159,C
8-NS,93,1158,0,0,0,1158,A
8-NS,94,0,1172,0,1,1173,T
8-NS,95,0,1193,0,2,1195,T
8-NS,96,4,6,0,1184,1194,C
8-NS,97,0,0,0,1202,1202,C
8-NS,98,0,1198,0,1,1199,T
8-NS,99,0,1192,0,1,1193,T
8-NS,100,0,6,1184,0,1190,G
8-NS,101,1172,1,0,0,1173,A
8-NS,102,0,1196,0,0,1196,T
8-NS,103,5,0,0,1183,1188,C
8-NS,104,0,1,1178,0,1179,G
8-NS,105,1,0,1176,0,1177,G
8-NS,106,1,0,0,1200,1201,C
8-NS,107,0,1190,0,1,1191,T
8-NS,108,0,1206,0,0,1206,T
8-NS,109,0,1,0,1203,1204,C
8-NS,110,0,2,1198,0,1200,G
8-NS,111,1,0,0,1203,1204,C
8-NS,112,3,0,0,1211,1214,C
8-NS,113,0,2,1215,0,1217,G
8-NS,114,1197,0,0,0,1197,A
8-NS,115,0,4,1253,0,1257,G
8-NS,116,1249,0,0,0,1249,A
8-NS,117,0,1260,0,1,1261,T
8-NS,118,9,1,0,1248,1258,C
8-NS,119,1257,0,2,0,1259,A
8-NS,120,0,1,1256,0,1257,G
8-NS,121,1253,0,0,0,1253,A
8-NS,122,0,2,1268,0,1270,G
8-NS,123,0,0,1278,0,1278,G
8-NS,124,0,1288,0,6,1294,T
8-NS,125,4,0,0,1358,1362,C
8-NS,126,2,0,0,1369,1371,C
8-NS,127,4,0,0,1384,1388,C
8-NS,128,0,1396,0,0,1396,T
8-NS,129,1400,0,0,0,1400,A
8-NS,130,1400,0,0,0,1400,A
8-NS,131,0,3,1410,0,1413,G
8-NS,132,0,3,1403,0,1406,G
8-NS,133,0,3,1383,0,1386,G
8-NS,134,0,3,1371,0,1374,G
8-NS,135,1359,0,0,0,1359,A
8-NS,136,1380,0,2,0,1382,A
8-NS,137,0,1,1387,0,1388,G
8-NS,138,1428,0,1,0,1429,A
8-NS,139,0,2,1442,1,1445,G
8-NS,140,2,0,1428,0,1430,G
8-NS,141,0,0,0,1447,1447,C
8-NS,142,1449,0,1,0,1450,A
8-NS,143,1458,0,2,0,1460,A
8-NS,144,0,1466,0,1,1467,T
8-NS,145,1471,0,0,0,1471,A
8-NS,146,1,0,0,1494,1495,C
8-NS,147,0,1479,0,2,1481,T
8-NS,148,6,0,0,1469,1475,C
8-NS,149,0,1450,0,1,1451,T
8-NS,150,7,2,0,1464,1473,C
8-NS,151,1,4,1485,0,1490,G
8-NS,152,1,1,1557,0,1559,G
8-NS,153,1,1548,0,1,1550,T
8-NS,154,9,1,0,1557,1567,C
8-NS,155,0,1558,0,2,1560,T
8-NS,156,1574,0,1,0,1575,A
8-NS,157,1,2,1576,0,1579,G
8-NS,158,1578,0,1,0,1579,A
8-NS,159,0,0,0,1634,1634,C
8-NS,160,1607,0,1,0,1608,A
8-NS,161,0,1601,0,1,1602,T
8-NS,162,3,1,0,1603,1607,C
8-NS,163,1602,0,1,0,1603,A
8-NS,164,1606,0,0,0,1606,A
8-NS,165,1600,0,1,0,1601,A
8-NS,166,0,0,1603,0,1603,G
8-NS,167,0,1,0,1604,1605,C
8-NS,168,1596,0,1,0,1597,A
8-NS,169,0,2,1596,0,1598,G
8-NS,170,0,0,0,1589,1589,C
8-NS,171,4,0,0,1591,1595,C
8-NS,172,1604,0,1,0,1605,A
8-NS,173,0,0,0,1623,1623,C
8-NS,174,0,1,0,1635,1636,C
8-NS,175,8,1,0,1625,1634,C
8-NS,176,1641,5,1,0,1647,A
8-NS,177,0,1658,0,0,1658,T
8-NS,178,0,0,1661,0,1661,G
8-NS,179,0,1652,0,3,1655,T
8-NS,180,0,1658,0,1,1659,T
8-NS,181,2,3,1650,0,1655,G
8-NS,182,0,5,1654,0,1659,G
8-NS,183,1626,0,1,0,1627,A
8-NS,184,1637,0,2,0,1639,A
8-NS,185,1633,1,1,0,1635,A
8-NS,186,0,0,1643,0,1643,G
8-NS,187,1,0,0,1628,1629,C
8-NS,188,1637,0,0,0,1637,A
8-NS,189,1638,0,5,0,1643,A
8-NS,190,1624,0,0,0,1624,A
8-NS,191,0,1650,0,0,1650,T
8-NS,192,0,1657,0,0,1657,T
8-NS,193,0,0,1676,0,1676,G
8-NS,194,0,1671,0,0,1671,T
8-NS,195,1672,1,2,0,1675,A
8-NS,196,0,7,1675,0,1682,G
8-NS,197,1676,0,1,0,1677,A
8-NS,198,1675,0,1,0,1676,A
8-NS,199,1677,0,0,0,1677,A
8-NS,200,1674,0,1,0,1675,A
8-NS,201,1,2,1678,0,1681,G
8-NS,202,1633,0,0,0,1633,A
8-NS,203,0,1636,0,2,1638,T
8-NS,204,0,1642,0,3,1645,T
8-NS,205,7,0,0,1642,1649,C
8-NS,206,0,1652,0,4,1656,T
8-NS,207,0,6,1651,0,1657,G
8-NS,208,1652,0,0,0,1652,A
8-NS,209,1655,0,0,0,1655,A
8-NS,210,1634,0,3,0,1637,A
8-NS,211,1,1,1648,0,1650,G
8-NS,212,1649,0,0,0,1649,A
8-NS,213,1652,0,1,0,1653,A
8-NS,214,0,7,1659,0,1666,G
8-NS,215,1686,0,0,0,1686,A
8-NS,216,1672,0,2,0,1674,A
8-NS,217,0,1684,0,0,1684,T
8-NS,218,3,1,0,1707,1711,C
8-NS,219,1,1699,0,1,1701,T
8-NS,220,0,5,1703,0,1708,G
8-NS,221,1697,0,2,0,1699,A
8-NS,222,0,1699,0,0,1699,T
8-NS,223,2,4,1689,0,1695,G
8-NS,224,1676,0,4,0,1680,A
8-NS,225,0,3,1660,0,1663,G
8-NS,226,4,0,1654,0,1658,G
8-NS,227,0,0,0,1667,1667,C
8-NS,228,1678,0,2,0,1680,A
8-NS,229,1,0,0,1719,1720,C
8-NS,230,0,1721,0,2,1723,T
8-NS,231,0,1730,0,2,1732,T
8-NS,232,1738,0,0,0,1738,A
8-NS,233,1742,0,0,0,1742,A
8-NS,234,1735,0,2,0,1737,A
8-NS,235,1735,0,0,0,1735,A
8-NS,236,0,1727,0,0,1727,T
8-NS,237,1,10,1718,0,1729,G
8-NS,238,1727,0,1,0,1728,A
8-NS,239,0,0,1,1732,1733,C
8-NS,240,4,1,0,1730,1735,C
8-NS,241,1732,0,0,0,1732,A
8-NS,242,1,1715,0,1,1717,T
8-NS,243,0,6,1743,1,1750,G
8-NS,244,2,0,1766,0,1768,G
8-NS,245,0,1761,0,3,1764,T
8-NS,246,5,0,0,1830,1835,C
8-NS,247,0,1820,1,3,1824,T
8-NS,248,4,1,0,1856,1861,C
8-NS,249,3,0,0,1854,1857,C
8-NS,250,1870,0,2,0,1872,A
8-NS,251,1,1,0,1885,1887,C
8-NS,252,1832,0,1,1,1834,A
8-NS,253,0,0,0,1953,1953,C
8-NS,254,2,1,0,1929,1932,C
8-NS,255,1,1849,0,1,1851,T
8-NS,256,3,2,1850,1,1856,G
8-NS,257,0,2,0,1847,1849,C
8-NS,258,0,1848,0,2,1850,T
8-NS,259,0,1868,1,0,1869,T
8-NS,260,5,11,1,1858,1875,C
8-NS,261,2,1,1869,0,1872,G
8-NS,262,1,0,0,1867,1868,C
8-NS,263,1,7,1866,0,1874,G
8-NS,264,1934,0,0,0,1934,A
8-NS,265,0,1950,0,2,1952,T
8-NS,266,1985,0,0,0,1985,A
8-NS,267,0,2,0,2007,2009,C
8-NS,268,2000,0,0,0,2000,A
8-NS,269,0,2050,0,0,2050,T
8-NS,270,2035,0,2,0,2037,A
8-NS,271,2040,0,2,0,2042,A
8-NS,272,0,0,0,2050,2050,C
8-NS,273,0,2006,0,0,2006,T
8-NS,274,0,15,2009,2,2026,G
8-NS,275,1975,0,1,0,1976,A
8-NS,276,1,0,0,1999,2000,C
8-NS,277,1993,0,1,0,1994,A
8-NS,278,0,1988,0,1,1989,T
8-NS,279,0,9,1976,1,1986,G
8-NS,280,1973,0,2,0,1975,A
8-NS,281,0,0,0,2038,2038,C
8-NS,282,1,2029,0,3,2033,T
8-NS,283,2077,0,1,0,2078,A
8-NS,284,0,2053,0,1,2054,T
8-NS,285,0,2053,0,0,2053,T
8-NS,286,0,3,2045,0,2048,G
8-NS,287,2034,1,4,0,2039,A
8-NS,288,1,2,2044,0,2047,G
8-NS,289,1,9,2031,0,2041,G
8-NS,290,2002,0,0,0,2002,A
8-NS,291,2000,0,1,0,2001,A
8-NS,292,0,1982,0,0,1982,T
8-NS,293,0,1985,0,0,1985,T
8-NS,294,0,0,2001,0,2001,G
8-NS,295,0,1987,0,0,1987,T
8-NS,296,13,0,0,1981,1994,C
8-NS,297,2005,0,1,1,2007,A
8-NS,298,2005,0,0,0,2005,A
8-NS,299,1,2,1988,0,1991,G
8-NS,300,2008,0,0,1,2009,A
8-NS,301,1999,0,1,0,2000,A
8-NS,302,1998,0,1,0,1999,A
8-NS,303,0,1,0,2008,2009,C
8-NS,304,0,1975,0,1,1976,T
8-NS,305,1,6,1989,0,1996,G
8-NS,306,0,1,2015,0,2016,G
8-NS,307,0,2019,0,0,2019,T
8-NS,308,0,2004,0,1,2005,T
8-NS,309,15,0,0,1996,2011,C
8-NS,310,2012,0,3,0,2015,A
8-NS,311,1,2029,0,4,2034,T
8-NS,312,0,2,2037,0,2039,G
8-NS,313,3,0,0,2048,2051,C
8-NS,314,0,2031,0,1,2032,T
8-NS,315,2003,0,5,0,2008,A
8-NS,316,2031,0,0,0,2031,A
8-NS,317,0,2031,0,3,2034,T
8-NS,318,1,0,2034,0,2035,G
8-NS,319,0,0,0,2005,2005,C
8-NS,320,7,0,0,1965,1972,C
8-NS,321,9,1,0,1969,1979,C
8-NS,322,1989,0,0,0,1989,A
8-NS,323,1986,0,1,0,1987,A
8-NS,324,0,1,1989,0,1990,G
8-NS,325,2,1,0,1995,1998,C
8-NS,326,2004,0,0,0,2004,A
8-NS,327,1,4,2020,0,2025,G
8-NS,328,2019,0,0,0,2019,A
8-NS,329,2024,0,1,0,2025,A
8-NS,330,2022,0,0,1,2023,A
8-NS,331,1985,1,2,0,1988,A
8-NS,332,0,2024,0,0,2024,T
8-NS,333,0,6,2018,0,2024,G
8-NS,334,0,4,2004,0,2008,G
8-NS,335,2012,1,3,0,2016,A
8-NS,336,2006,0,3,0,2009,A
8-NS,337,0,9,1988,0,1997,G
8-NS,338,0,6,1994,0,2000,G
8-NS,339,1990,0,0,0,1990,A
8-NS,340,2,0,0,2010,2012,C
8-NS,341,3,0,0,2010,2013,C
8-NS,342,0,1995,0,0,1995,T
8-NS,343,2,0,0,2032,2034,C
8-NS,344,0,2034,0,2,2036,T
8-NS,345,0,2023,0,1,2024,T
8-NS,346,0,2033,0,1,2034,T
8-NS,347,1,3,2040,0,2044,G
8-NS,348,0,2,0,2043,2045,C
8-NS,349,2037,0,2,0,2039,A
8-NS,350,1,2025,0,3,2029,T
8-NS,351,5,0,0,2025,2030,C
8-NS,352,2055,1,3,0,2059,A
8-NS,353,0,3,2093,0,2096,G
8-NS,354,2083,0,1,0,2084,A
8-NS,355,2072,0,1,0,2073,A
8-NS,356,0,2084,0,0,2084,T
8-NS,357,2,4,2064,0,2070,G
8-NS,358,7,10,2054,0,2071,G
8-NS,359,2059,0,1,0,2060,A
8-NS,360,1,1,0,2056,2058,C
8-NS,361,4,2,0,2033,2039,C
8-NS,362,2015,0,1,0,2016,A
8-NS,363,0,8,2016,0,2024,G
8-NS,364,1,0,2014,0,2015,G
8-NS,365,0,1,0,2021,2022,C
8-NS,366,2020,0,0,0,2020,A
8-NS,367,2024,0,3,0,2027,A
8-NS,368,0,2004,0,0,2004,T
8-NS,369,4,2,0,2013,2019,C
8-NS,370,2019,0,0,0,2019,A
8-NS,371,0,2013,0,0,2013,T
8-NS,372,3,2,1992,0,1997,G
8-NS,373,0,2,1999,0,2001,G
8-NS,374,1996,0,2,0,1998,A
8-NS,375,1,7,2015,0,2023,G
8-NS,376,1991,0,1,0,1992,A
8-NS,377,1998,0,1,0,1999,A
8-NS,378,2003,0,0,0,2003,A
8-NS,379,1996,0,1,0,1997,A
8-NS,380,2009,2,0,0,2011,A
8-NS,381,1,0,0,2025,2026,C
8-NS,382,2012,0,0,0,2012,A
8-NS,383,0,1980,0,2,1982,T
8-NS,384,8,0,0,1987,1995,C
8-NS,385,1983,0,1,0,1984,A
8-NS,386,0,1990,0,1,1991,T
8-NS,387,0,0,2000,0,2000,G
8-NS,388,0,1995,0,0,1995,T
8-NS,389,0,1977,0,1,1978,T
8-NS,390,0,7,1975,1,1983,G
8-NS,391,1972,0,1,0,1973,A
8-NS,392,1975,0,1,0,1976,A
8-NS,393,1978,0,4,0,1982,A
8-NS,394,0,0,1976,0,1976,G
8-NS,395,3,2,0,1921,1926,C
8-NS,396,0,17,1921,0,1938,G
8-NS,397,1932,0,0,1,1933,A
8-NS,398,1941,1,0,0,1942,A
8-NS,399,0,1917,0,3,1920,T
8-NS,400,0,1912,0,13,1925,T
8-NS,401,0,1927,0,0,1927,T
8-NS,402,6,1,0,1933,1940,C
8-NS,403,1919,0,1,0,1920,A
8-NS,404,0,0,1932,0,1932,G
8-NS,405,0,1931,0,1,1932,T
8-NS,406,3,0,1929,0,1932,G
8-NS,407,0,1920,0,3,1923,T
8-NS,408,0,11,1920,0,1931,G
8-NS,409,1940,0,2,1,1943,A
8-NS,410,0,1925,0,0,1925,T
8-NS,411,0,1932,0,1,1933,T
8-NS,412,0,1932,0,1,1933,T
8-NS,413,0,1917,0,0,1917,T
8-NS,414,0,1933,0,0,1933,T
8-NS,415,1,12,1900,0,1913,G
8-NS,416,1900,0,2,0,1902,A
8-NS,417,0,0,0,1894,1894,C
8-NS,418,7,3,0,1876,1886,C
8-NS,419,1,10,1895,0,1906,G
8-NS,420,1971,0,0,0,1971,A
8-NS,421,1,0,0,1989,1990,C
8-NS,422,0,1998,0,0,1998,T
8-NS,423,2008,0,3,0,2011,A
8-NS,424,0,4,2017,0,2021,G
8-NS,425,2012,1,1,0,2014,A
8-NS,426,0,10,2021,0,2031,G
8-NS,427,2024,0,2,0,2026,A
8-NS,428,0,0,0,2059,2059,C
8-NS,429,9,0,0,2014,2023,C
8-NS,430,1968,0,3,0,1971,A
8-NS,431,1,2075,0,3,2079,T
8-NS,432,2065,0,0,1,2066,A
8-NS,433,0,0,2194,0,2194,G
8-NS,434,0,2172,0,0,2172,T
8-NS,435,2167,0,3,0,2170,A
8-NS,436,0,2158,0,1,2159,T
8-NS,437,0,2123,0,0,2123,T
8-NS,438,2160,0,0,0,2160,A
8-NS,439,0,1,0,2170,2171,C
8-NS,440,0,2085,0,1,2086,T
8-NS,441,2087,0,0,0,2087,A
8-NS,442,1911,0,1,0,1912,A
8-NS,443,0,6,1919,0,1925,G
8-NS,444,0,1,1913,0,1914,G
8-NS,445,0,0,1901,0,1901,G
8-NS,446,1,0,0,1883,1884,C
8-NS,447,0,1854,0,3,1857,T
8-NS,448,0,1864,0,2,1866,T
8-NS,449,0,1862,0,0,1862,T
8-NS,450,5,1,0,1875,1881,C
8-NS,451,1902,0,0,0,1902,A
8-NS,452,0,0,0,1914,1914,C
8-NS,453,5,2,0,1899,1906,C
8-NS,454,1,6,1893,0,1900,G
8-NS,455,1866,1,1,0,1868,A
8-NS,456,1880,0,1,0,1881,A
8-NS,457,0,4,1896,0,1900,G
8-NS,458,1867,0,3,0,1870,A
8-NS,459,0,1,1891,0,1892,G
8-NS,460,0,3,1853,0,1856,G
8-NS,461,1,10,1861,0,1872,G
8-NS,462,1863,0,3,1,1867,A
8-NS,463,1,0,1872,0,1873,G
8-NS,464,0,2,0,1843,1845,C
8-NS,465,1874,0,0,0,1874,A
8-NS,466,1858,0,1,0,1859,A
8-NS,467,0,1871,0,1,1872,T
8-NS,468,0,1864,0,0,1864,T
8-NS,469,1,1,1850,0,1852,G
8-NS,470,0,1839,0,0,1839,T
8-NS,471,0,1830,0,2,1832,T
8-NS,472,0,1,1830,0,1831,G
8-NS,473,0,0,1820,0,1820,G
8-NS,474,0,0,0,1820,1820,C
8-NS,475,0,6,1833,0,1839,G
8-NS,476,1826,0,0,0,1826,A
8-NS,477,1854,1,1,0,1856,A
8-NS,478,1853,0,0,0,1853,A
8-NS,479,0,1856,0,3,1859,T
8-NS,480,5,2,0,1852,1859,C
8-NS,481,0,1846,0,3,1849,T
8-NS,482,10,3,0,1836,1849,C
8-NS,483,1838,0,1,0,1839,A
8-NS,484,0,0,0,1863,1863,C
8-NS,485,8,0,1,1846,1855,C
8-NS,486,1835,1,0,0,1836,A
8-NS,487,0,1826,0,1,1827,T
8-NS,488,0,1799,0,0,1799,T
8-NS,489,1,1,1790,0,1792,G
8-NS,490,1,0,0,1778,1779,C
8-NS,491,1,0,0,1795,1796,C
8-NS,492,1,1792,0,4,1797,T
8-NS,493,0,1784,0,2,1786,T
8-NS,494,1,0,0,1794,1795,C
8-NS,495,0,1783,0,2,1785,T
8-NS,496,0,1796,0,0,1796,T
8-NS,497,1,1805,0,3,1809,T
8-NS,498,0,1793,0,0,1793,T
8-NS,499,7,0,0,1803,1810,C
8-NS,500,2,1,0,1814,1817,C
8-NS,501,1806,0,0,0,1806,A
8-NS,502,0,2,1819,1,1822,G
8-NS,503,1,5,1799,0,1805,G
8-NS,504,1848,0,2,0,1850,A
8-NS,505,0,0,0,1859,1859,C
8-NS,506,1881,0,1,0,1882,A
8-NS,507,0,1877,0,3,1880,T
8-NS,508,1873,0,0,0,1873,A
8-NS,509,1,2,0,2002,2005,C
8-NS,510,0,1992,0,1,1993,T
8-NS,511,1975,0,1,0,1976,A
8-NS,512,0,1962,0,2,1964,T
8-NS,513,0,1903,0,1,1904,T
8-NS,514,1,2,1902,0,1905,G
8-NS,515,1810,0,3,0,1813,A
8-NS,516,0,2,1815,0,1817,G
8-NS,517,0,1,1814,0,1815,G
8-NS,518,1652,0,0,0,1652,A
8-NS,519,0,1661,0,2,1663,T
8-NS,520,0,0,1671,0,1671,G
8-NS,521,0,1663,0,3,1666,T
8-NS,522,7,1,0,1670,1678,C
8-NS,523,1682,0,0,0,1682,A
8-NS,524,1670,0,0,0,1670,A
8-NS,525,1672,0,1,0,1673,A
8-NS,526,1664,0,0,0,1664,A
8-NS,527,1673,1,1,0,1675,A
8-NS,528,1,1674,0,1,1676,T
8-NS,529,0,0,1675,0,1675,G
8-NS,530,0,0,0,1691,1691,C
8-NS,531,1691,0,3,0,1694,A
8-NS,532,1690,0,0,0,1690,A
8-NS,533,0,1702,0,1,1703,T
8-NS,534,0,1710,0,1,1711,T
8-NS,535,0,4,1692,0,1696,G
8-NS,536,0,1,1675,0,1676,G
8-NS,537,0,5,1653,0,1658,G
8-NS,538,0,1,1674,0,1675,G
8-NS,539,0,1652,0,0,1652,T
8-NS,540,5,1,0,1666,1672,C
8-NS,541,3,1,1,1662,1667,C
8-NS,542,1,1671,0,4,1676,T
8-NS,543,7,0,0,1691,1698,C
8-NS,544,1696,0,1,0,1697,A
8-NS,545,0,1690,0,0,1690,T
8-NS,546,3,3,0,1692,1698,C
8-NS,547,0,6,1677,1,1684,G
8-NS,548,3,0,1680,0,1683,G
8-NS,549,1667,0,0,0,1667,A
8-NS,550,0,6,1670,0,1676,G
8-NS,551,0,4,1678,0,1682,G
8-NS,552,1672,0,0,0,1672,A
8-NS,553,0,0,0,1690,1690,C
8-NS,554,0,1695,0,2,1697,T
8-NS,555,0,1698,0,1,1699,T
8-NS,556,0,8,1695,0,1703,G
8-NS,557,1690,1,3,0,1694,A
8-NS,558,1698,0,4,0,1702,A
8-NS,559,0,1700,0,0,1700,T
8-NS,560,1,3,1679,0,1683,G
8-NS,561,0,7,1681,0,1688,G
8-NS,562,1658,0,2,0,1660,A
8-NS,563,1673,0,1,0,1674,A
8-NS,564,0,1731,1,2,1734,T
8-NS,565,0,2,1743,0,1745,G
8-NS,566,1743,0,0,0,1743,A
8-NS,567,0,1758,0,0,1758,T
8-NS,568,1747,0,3,0,1750,A
8-NS,569,1761,0,1,0,1762,A
8-NS,570,0,0,0,1739,1739,C
8-NS,571,1711,0,2,0,1713,A
8-NS,572,1,0,0,1736,1737,C
8-NS,573,1627,0,0,0,1627,A
8-NS,574,0,0,1639,0,1639,G
8-NS,575,0,1620,0,1,1621,T
8-NS,576,0,1623,0,1,1624,T
8-NS,577,8,1,0,1620,1629,C
8-NS,578,0,10,1609,0,1619,G
8-NS,579,1603,0,1,0,1604,A
8-NS,580,6,1,1610,0,1617,G
8-NS,581,0,1592,0,1,1593,T
8-NS,582,7,0,0,1583,1590,C
8-NS,583,0,1566,0,2,1568,T
8-NS,584,8,0,0,1566,1574,C
8-NS,585,1,1593,0,0,1594,T
8-NS,586,1593,0,0,0,1593,A
8-NS,587,1602,0,0,0,1602,A
8-NS,588,1589,0,1,0,1590,A
8-NS,589,1600,0,0,0,1600,A
8-NS,590,1598,0,0,0,1598,A
8-NS,591,0,1577,0,0,1577,T
8-NS,592,1,0,0,1595,1596,C
8-NS,593,0,1581,0,4,1585,T
8-NS,594,1579,0,2,0,1581,A
8-NS,595,2,2,0,1576,1580,C
8-NS,596,1581,0,2,0,1583,A
8-NS,597,0,1,1584,0,1585,G
8-NS,598,1546,0,1,0,1547,A
8-NS,599,2,2,1551,0,1555,G
8-NS,600,1555,0,2,0,1557,A
8-NS,601,0,1539,0,1,1540,T
8-NS,602,0,1546,0,1,1547,T
8-NS,603,8,0,0,1533,1541,C
8-NS,604,1,0,1547,0,1548,G
8-NS,605,1,1,0,1531,1533,C
8-NS,606,0,1536,0,0,1536,T
8-NS,607,1,1549,0,0,1550,T
8-NS,608,1,1,1523,0,1525,G
8-NS,609,0,3,1523,0,1526,G
8-NS,610,1531,0,0,0,1531,A
8-NS,611,1,2,1524,0,1527,G
8-NS,612,1520,0,0,0,1520,A
8-NS,613,1512,0,2,0,1514,A
8-NS,614,2,0,1528,0,1530,G
8-NS,615,1,0,1,1542,1544,C
8-NS,616,1548,0,2,0,1550,A
8-NS,617,0,1,1563,0,1564,G
8-NS,618,2,1547,0,1,1550,T
8-NS,619,1565,0,0,0,1565,A
8-NS,620,1552,0,1,0,1553,A
8-NS,621,0,1552,0,0,1552,T
8-NS,622,1,5,1551,0,1557,G
8-NS,623,1495,0,1,0,1496,A
8-NS,624,0,5,1507,0,1512,G
8-NS,625,1497,0,1,0,1498,A
8-NS,626,1456,1,0,1,1458,A
8-NS,627,0,1453,0,0,1453,T
8-NS,628,0,0,1433,0,1433,G
8-NS,629,0,0,1420,0,1420,G
8-NS,630,0,2,1413,0,1415,G
8-NS,631,0,1,1402,0,1403,G
8-NS,632,1,0,1420,0,1421,G
8-NS,633,1384,0,0,0,1384,A
8-NS,634,0,1291,0,2,1293,T
8-NS,635,5,0,0,1314,1319,C
8-NS,636,0,1304,0,2,1306,T
8-NS,637,2,0,0,1324,1326,C
8-NS,638,0,0,0,1330,1330,C
8-NS,639,1336,0,0,0,1336,A
8-NS,640,0,0,0,1338,1338,C
8-NS,641,0,1309,1,1,1311,T
8-NS,642,0,1303,0,0,1303,T
8-NS,643,1297,0,16,0,1313,A
8-NS,644,0,0,0,1308,1308,C
8-NS,645,0,1288,0,4,1292,T
8-NS,646,10,9,0,1280,1299,C
8-NS,647,2,0,0,1295,1297,C
8-NS,648,1290,0,1,0,1291,A
8-NS,649,1322,0,0,0,1322,A
8-NS,650,1326,0,0,0,1326,A
8-NS,651,1312,0,1,1,1314,A
8-NS,652,0,0,0,1317,1317,C
8-NS,653,1289,0,0,0,1289,A
8-NS,654,0,1,1291,0,1292,G
8-NS,655,1294,0,0,0,1294,A
8-NS,656,1296,1,0,0,1297,A
8-NS,657,1291,0,1,0,1292,A
8-NS,658,0,1,0,1285,1286,C
8-NS,659,0,2,1285,0,1287,G
8-NS,660,1,3,1285,0,1289,G
8-NS,661,0,3,1283,0,1286,G
8-NS,662,1290,0,2,1,1293,A
8-NS,663,1288,0,0,0,1288,A
8-NS,664,1287,0,0,0,1287,A
8-NS,665,0,1282,0,1,1283,T
8-NS,666,0,3,1288,0,1291,G
8-NS,667,1,1,1274,0,1276,G
8-NS,668,1,6,0,1259,1266,C
8-NS,669,2,1,1270,2,1275,G
8-NS,670,1268,0,1,0,1269,A
8-NS,671,0,9,1272,0,1281,G
8-NS,672,1283,0,0,0,1283,A
8-NS,673,1273,1,1,0,1275,A
8-NS,674,0,0,0,1274,1274,C
8-NS,675,1257,0,1,1,1259,A
8-NS,676,0,0,1246,0,1246,G
8-NS,677,0,0,0,1234,1234,C
8-NS,678,0,1253,0,0,1253,T
8-NS,679,1250,0,1,0,1251,A
8-NS,680,0,1,1219,0,1220,G
8-NS,681,0,0,1227,0,1227,G
8-NS,682,0,1201,0,3,1204,T
8-NS,683,11,1,0,1195,1207,C
8-NS,684,1212,0,0,0,1212,A
8-NS,685,1209,0,2,0,1211,A
8-NS,686,1210,1,0,0,1211,A
8-NS,687,1215,0,1,0,1216,A
8-NS,688,1,0,1212,0,1213,G
8-NS,689,0,1194,0,1,1195,T
8-NS,690,1,1185,0,1,1187,T
8-NS,691,0,1195,0,0,1195,T
8-NS,692,0,5,1191,0,1196,G
8-NS,693,1200,1,0,0,1201,A
8-NS,694,1193,0,1,0,1194,A
8-NS,695,0,0,1191,0,1191,G
8-NS,696,1167,0,1,0,1168,A
8-NS,697,1,4,1157,0,1162,G
8-NS,698,1164,0,0,0,1164,A
8-NS,699,0,1158,0,1,1159,T
8-NS,700,1165,0,0,0,1165,A
8-NS,701,1161,0,1,0,1162,A
8-NS,702,0,3,1153,0,1156,G
8-NS,703,1100,1,1,0,1102,A
8-NS,704,0,1086,0,1,1087,T
8-NS,705,1,3,1091,0,1095,G
8-NS,706,0,1,1082,0,1083,G
8-NS,707,1,0,0,1069,1070,C
8-NS,708,0,1093,0,1,1094,T
8-NS,709,1097,0,0,0,1097,A
8-NS,710,1097,0,0,0,1097,A
8-NS,711,0,1094,0,0,1094,T
8-NS,712,0,1089,0,1,1090,T
8-NS,713,0,4,1082,0,1086,G
8-NS,714,1080,0,0,0,1080,A
8-NS,715,1077,0,2,0,1079,A
8-NS,716,0,2,1070,0,1072,G
8-NS,717,1078,0,0,0,1078,A
8-NS,718,1072,0,2,0,1074,A
8-NS,719,0,0,1081,0,1081,G
8-NS,720,0,1055,0,1,1056,T
8-NS,721,0,5,1052,0,1057,G
8-NS,722,1050,0,3,0,1053,A
8-NS,723,0,2,1043,0,1045,G
8-NS,724,1050,0,2,0,1052,A
8-NS,725,0,0,0,1036,1036,C
8-NS,726,1032,0,0,0,1032,A
8-NS,727,0,1,0,1035,1036,C
8-NS,728,998,0,1,0,999,A
8-NS,729,0,14,997,0,1011,G
8-NS,730,1013,0,0,0,1013,A
8-NS,731,0,995,0,0,995,T
8-NS,732,0,1001,0,0,1001,T
8-NS,733,1004,0,0,0,1004,A
8-NS,734,996,0,1,0,997,A
8-NS,735,991,0,0,0,991,A
8-NS,736,988,0,1,0,989,A
8-NS,737,990,0,0,0,990,A
8-NS,738,0,1,0,962,963,C
8-NS,739,914,0,8,0,922,A
8-NS,740,921,0,2,0,923,A
8-NS,741,0,0,0,926,926,C
8-NS,742,0,912,0,1,913,T
8-NS,743,0,4,920,0,924,G
8-NS,744,922,0,0,0,922,A
8-NS,745,925,0,1,0,926,A
8-NS,746,924,0,0,0,924,A
8-NS,747,921,0,0,0,921,A
8-NS,748,0,904,0,1,905,T
8-NS,749,893,0,1,0,894,A
8-NS,750,0,1,882,0,883,G
8-NS,751,1,0,0,886,887,C
8-NS,752,0,870,0,2,872,T
8-NS,753,1,866,0,0,867,T
8-NS,754,0,866,0,0,866,T
8-NS,755,0,3,866,0,869,G
8-NS,756,864,0,0,0,864,A
8-NS,757,859,0,3,0,862,A
8-NS,758,0,0,0,864,864,C
8-NS,759,835,0,0,0,835,A
8-NS,760,842,0,0,0,842,A
8-NS,761,840,0,0,0,840,A
8-NS,762,0,835,0,0,835,T
8-NS,763,831,0,1,0,832,A
8-NS,764,821,0,0,0,821,A
8-NS,765,0,0,0,819,819,C
8-NS,766,821,0,0,1,822,A
8-NS,767,0,799,0,0,799,T
8-NS,768,0,773,0,0,773,T
8-NS,769,7,0,0,777,784,C
8-NS,770,781,0,0,0,781,A
8-NS,771,0,772,0,0,772,T
8-NS,772,0,0,772,0,772,G
8-NS,773,0,2,0,755,757,C
8-NS,774,747,0,3,0,750,A
8-NS,775,746,0,0,0,746,A
8-NS,776,0,2,740,0,742,G
8-NS,777,0,0,0,744,744,C
8-NS,778,741,0,0,0,741,A
8-NS,779,0,733,0,1,734,T
8-NS,780,0,735,0,1,736,T
8-NS,781,729,0,0,0,729,A
8-NS,782,0,1,0,728,729,C
8-NS,783,728,0,0,0,728,A
8-NS,784,713,0,1,0,714,A
8-NS,785,0,0,0,710,710,C
8-NS,786,0,591,0,1,592,T
8-NS,787,0,0,600,0,600,G
8-NS,788,0,0,0,586,586,C
8-NS,789,0,550,0,0,550,T
8-NS,790,0,0,544,0,544,G
8-NS,791,0,535,1,0,536,T
8-NS,792,0,532,0,0,532,T
8-NS,793,0,533,0,0,533,T
8-NS,794,0,0,531,0,531,G
8-NS,795,532,0,2,0,534,A
8-NS,796,526,0,0,0,526,A
8-NS,797,0,1,523,0,524,G
8-NS,798,0,522,0,1,523,T
8-NS,799,0,3,498,0,501,G
8-NS,800,0,2,505,0,507,G
8-NS,801,503,0,1,0,504,A
8-NS,802,500,0,0,0,500,A
8-NS,803,1,0,0,501,502,C
8-NS,804,488,0,0,0,488,A
8-NS,805,2,0,485,0,487,G
8-NS,806,0,0,482,0,482,G
8-NS,807,473,0,1,0,474,A
8-NS,808,0,1,472,0,473,G
8-NS,809,430,0,0,0,430,A
8-NS,810,0,426,0,0,426,T
8-NS,811,426,0,0,0,426,A
8-NS,812,421,0,1,0,422,A
8-NS,813,0,5,418,0,423,G
8-NS,814,380,0,0,0,380,A
8-NS,815,369,0,0,0,369,A
8-NS,816,0,0,0,373,373,C
8-NS,817,0,317,0,1,318,T
8-NS,818,0,314,0,0,314,T
8-NS,819,0,314,0,0,314,T
8-NS,820,2,0,0,313,315,C
8-NS,821,0,296,0,0,296,T
8-NS,822,0,0,0,296,296,C
8-NS,823,287,0,1,0,288,A
8-NS,824,0,281,1,0,282,T
8-NS,825,0,275,0,2,277,T
8-NS,826,0,274,0,0,274,T
8-NS,827,0,0,0,274,274,C
8-NS,828,267,0,0,0,267,A
8-NS,829,0,0,263,0,263,G
8-NS,830,0,0,0,260,260,C
8-NS,831,0,241,0,1,242,T
8-NS,832,0,243,0,0,243,T
8-NS,833,234,0,0,0,234,A
8-NS,834,0,233,1,0,234,T
8-NS,835,0,234,0,0,234,T
8-NS,836,0,233,0,0,233,T
8-NS,837,217,0,1,0,218,A
8-NS,838,215,0,0,0,215,A
8-NS,839,0,209,0,0,209,T
8-NS,840,0,1,209,0,210,G
8-NS,841,203,0,1,0,204,A
8-NS,842,0,178,0,0,178,T
8-NS,843,175,0,0,0,175,A
8-NS,844,175,0,0,0,175,A
8-NS,845,174,0,0,0,174,A
8-NS,846,174,0,0,0,174,A
8-NS,847,167,0,0,0,167,A
8-NS,848,167,0,0,0,167,A
8-NS,849,0,0,0,173,173,C
8-NS,850,138,0,0,0,138,A
8-NS,851,0,1,0,149,150,C
8-NS,852,2,0,0,139,141,C
8-NS,853,3,0,0,132,135,C
8-NS,854,0,129,0,0,129,T
8-NS,855,0,125,0,0,125,T
8-NS,856,0,0,126,0,126,G
8-NS,857,0,124,0,0,124,T
8-NS,858,0,124,0,0,124,T
8-NS,859,0,117,0,0,117,T
8-NS,860,0,0,0,45,45,C
8-NS,861,0,33,0,0,33,T
8-NS,862,30,0,0,0,30,A
8-NS,863,0,0,0,30,30,C
