Gene,Position,A,T,G,C,Coverage,Consensus
1-PB2,1,382,0,0,0,382,A
1-PB2,2,0,384,0,0,384,T
1-PB2,3,0,0,395,0,395,G
1-PB2,4,1,2,393,0,396,G
1-PB2,5,396,1,0,0,397,A
1-PB2,6,398,0,0,0,398,A
1-PB2,7,397,0,0,0,397,A
1-PB2,8,0,2,455,0,457,G
1-PB2,9,460,0,0,0,460,A
1-PB2,10,461,0,3,0,464,A
1-PB2,11,0,471,0,0,471,T
1-PB2,12,471,0,0,0,471,A
1-PB2,13,469,0,0,0,469,A
1-PB2,14,471,0,1,0,472,A
1-PB2,15,472,0,0,0,472,A
1-PB2,16,0,3,495,0,498,G
1-PB2,17,499,0,1,0,500,A
1-PB2,18,502,0,0,0,502,A
1-PB2,19,0,0,0,511,511,C
1-PB2,20,1,508,0,1,510,T
1-PB2,21,523,1,0,0,524,A
1-PB2,22,0,5,0,518,523,C
1-PB2,23,0,3,523,0,526,G
1-PB2,24,0,4,533,0,537,G
1-PB2,25,541,0,0,0,541,A
1-PB2,26,563,0,1,0,564,A
1-PB2,27,0,564,0,0,564,T
1-PB2,28,3,0,0,566,569,C
1-PB2,29,0,569,0,0,569,T
1-PB2,30,0,5,571,0,576,G
1-PB2,31,576,0,2,0,578,A
1-PB2,32,0,579,0,0,579,T
1-PB2,33,0,2,581,0,583,G
1-PB2,34,0,593,0,1,594,T
1-PB2,35,12,1,0,579,592,C
1-PB2,36,0,0,597,0,597,G
1-PB2,37,1,0,0,597,598,C
1-PB2,38,600,0,0,0,600,A
1-PB2,39,1,0,641,0,642,G
1-PB2,40,0,643,0,1,644,T
1-PB2,41,7,0,0,642,649,C
1-PB2,42,0,647,0,0,647,T
1-PB2,43,3,2,0,644,649,C
1-PB2,44,1,1,645,0,647,G
1-PB2,45,2,0,0,646,648,C
1-PB2,46,650,0,0,0,650,A
1-PB2,47,0,0,0,664,664,C
1-PB2,48,0,659,0,1,660,T
1-PB2,49,5,0,0,675,680,C
1-PB2,50,1,2,683,0,686,G
1-PB2,51,0,0,0,690,690,C
1-PB2,52,0,6,684,0,690,G
1-PB2,53,692,0,0,1,693,A
1-PB2,54,0,2,700,0,702,G
1-PB2,55,713,0,1,0,714,A
1-PB2,56,0,713,0,1,714,T
1-PB2,57,713,1,1,0,715,A
1-PB2,58,1,0,0,717,718,C
1-PB2,59,0,715,0,0,715,T
1-PB2,60,0,10,726,0,736,G
1-PB2,61,736,0,0,0,736,A
1-PB2,62,0,0,0,747,747,C
1-PB2,63,753,0,0,0,753,A
1-PB2,64,747,0,6,0,753,A
1-PB2,65,764,0,1,0,765,A
1-PB2,66,786,0,1,0,787,A
1-PB2,67,786,0,1,0,787,A
1-PB2,68,3,0,0,794,797,C
1-PB2,69,6,6,0,782,794,C
1-PB2,70,821,0,0,0,821,A
1-PB2,71,0,1,0,833,834,C
1-PB2,72,830,0,1,0,831,A
1-PB2,73,0,0,854,0,854,G
1-PB2,74,0,855,0,1,856,T
1-PB2,75,0,7,881,0,888,G
1-PB2,76,0,5,882,0,887,G
1-PB2,77,890,0,2,0,892,A
1-PB2,78,0,0,0,942,942,C
1-PB2,79,12,2,0,921,935,C
1-PB2,80,939,0,3,0,942,A
1-PB2,81,1,943,0,0,944,T
1-PB2,82,935,1,1,0,937,A
1-PB2,83,0,941,0,0,941,T
1-PB2,84,0,8,945,0,953,G
1-PB2,85,0,0,958,0,958,G
1-PB2,86,0,1,0,961,962,C
1-PB2,87,5,1,0,936,942,C
1-PB2,88,941,0,0,0,941,A
1-PB2,89,0,986,0,0,986,T
1-PB2,90,988,0,0,0,988,A
1-PB2,91,1036,0,0,0,1036,A
1-PB2,92,1,1035,0,0,1036,T
1-PB2,93,0,1033,0,0,1033,T
1-PB2,94,1041,0,0,0,1041,A
1-PB2,95,1037,0,0,0,1037,A
1-PB2,96,1,7,1059,0,1067,G
1-PB2,97,1060,0,3,0,1063,A
1-PB2,98,1057,0,0,0,1057,A
1-PB2,99,1,0,1102,0,1103,G
1-PB2,100,0,1087,0,0,1087,T
1-PB2,101,1089,0,1,0,1090,A
1-PB2,102,0,0,0,1091,1091,C
1-PB2,103,1098,1,2,0,1101,A
1-PB2,104,0,0,0,1136,1136,C
1-PB2,105,1120,0,1,1,1122,A
1-PB2,106,0,1127,0,1,1128,T
1-PB2,107,7,2,0,1115,1124,C
1-PB2,108,1,9,1109,0,1119,G
1-PB2,109,0,12,1107,1,1120,G
1-PB2,110,0,3,1115,0,1118,G
1-PB2,111,0,4,1118,0,1122,G
1-PB2,112,1119,0,2,0,1121,A
1-PB2,113,0,11,1115,1,1127,G
1-PB2,114,1123,0,1,0,1124,A
1-PB2,115,1,0,0,1133,1134,C
1-PB2,116,1133,0,2,0,1135,A
1-PB2,117,1,3,1140,0,1144,G
1-PB2,118,1,8,1148,0,1157,G
1-PB2,119,1159,0,1,0,1160,A
1-PB2,120,1162,0,0,0,1162,A
1-PB2,121,1162,0,1,0,1163,A
1-PB2,122,1164,0,3,0,1167,A
1-PB2,123,0,12,1165,0,1177,G
1-PB2,124,1167,0,2,0,1169,A
1-PB2,125,1171,1,3,0,1175,A
1-PB2,126,0,0,0,1175,1175,C
1-PB2,127,6,1,0,1159,1166,C
1-PB2,128,22,1,0,1146,1169,C
1-PB2,129,5,1,1164,0,1170,G
1-PB2,130,0,1167,0,0,1167,T
1-PB2,131,9,1,0,1170,1180,C
1-PB2,132,1186,0,0,0,1186,A
1-PB2,133,0,0,0,1200,1200,C
1-PB2,134,0,1190,0,2,1192,T
1-PB2,135,0,1193,1,0,1194,T
1-PB2,136,1190,0,2,0,1192,A
1-PB2,137,0,6,1211,0,1217,G
1-PB2,138,0,8,1207,0,1215,G
1-PB2,139,1218,0,0,0,1218,A
1-PB2,140,0,1207,0,0,1207,T
1-PB2,141,0,10,1217,0,1227,G
1-PB2,142,1243,1,1,0,1245,A
1-PB2,143,1244,0,0,0,1244,A
1-PB2,144,1243,0,3,0,1246,A
1-PB2,145,0,1244,0,0,1244,T
1-PB2,146,0,10,1233,0,1243,G
1-PB2,147,0,8,1246,0,1254,G
1-PB2,148,1250,0,1,0,1251,A
1-PB2,149,0,1252,0,0,1252,T
1-PB2,150,2,8,1232,0,1242,G
1-PB2,151,1232,1,1,0,1234,A
1-PB2,152,1,1234,0,2,1237,T
1-PB2,153,0,11,1236,0,1247,G
1-PB2,154,0,0,1255,0,1255,G
1-PB2,155,1,0,0,1255,1256,C
1-PB2,156,1251,0,0,0,1251,A
1-PB2,157,1262,0,1,0,1263,A
1-PB2,158,0,1266,0,0,1266,T
1-PB2,159,0,6,1307,0,1313,G
1-PB2,160,1315,0,0,0,1315,A
1-PB2,161,1312,1,2,0,1315,A
1-PB2,162,1320,0,1,0,1321,A
1-PB2,163,0,1322,0,1,1323,T
1-PB2,164,1327,0,0,0,1327,A
1-PB2,165,0,0,0,1349,1349,C
1-PB2,166,7,0,0,1333,1340,C
1-PB2,167,19,0,0,1321,1340,C
1-PB2,168,1334,0,0,0,1334,A
1-PB2,169,1336,0,0,0,1336,A
1-PB2,170,0,1337,0,2,1339,T
1-PB2,171,17,0,1,1323,1341,C
1-PB2,172,1339,0,1,0,1340,A
1-PB2,173,0,1,0,1372,1373,C
1-PB2,174,0,1352,0,0,1352,T
1-PB2,175,1,0,1363,0,1364,G
1-PB2,176,0,1,0,1357,1358,C
1-PB2,177,0,1357,0,2,1359,T
1-PB2,178,0,15,1353,0,1368,G
1-PB2,179,1363,1,4,0,1368,A
1-PB2,180,0,0,0,1374,1374,C
1-PB2,181,1374,0,0,0,1374,A
1-PB2,182,1360,0,0,0,1360,A
1-PB2,183,1367,0,1,0,1368,A
1-PB2,184,1362,0,1,0,1363,A
1-PB2,185,0,2,1380,0,1382,G
1-PB2,186,0,10,1370,0,1380,G
1-PB2,187,1373,0,0,0,1373,A
1-PB2,188,0,1379,0,0,1379,T
1-PB2,189,1370,0,2,0,1372,A
1-PB2,190,1390,1,2,0,1393,A
1-PB2,191,1,2,0,1399,1402,C
1-PB2,192,1400,0,3,0,1403,A
1-PB2,193,0,8,1397,0,1405,G
1-PB2,194,1382,0,0,0,1382,A
1-PB2,195,1382,1,2,0,1385,A
1-PB2,196,1386,0,0,0,1386,A
1-PB2,197,1,1393,0,0,1394,T
1-PB2,198,1,14,1373,0,1388,G
1-PB2,199,1,1,1417,0,1419,G
1-PB2,200,1,1406,0,2,1409,T
1-PB2,201,1,1405,0,1,1407,T
1-PB2,202,5,0,0,1386,1391,C
1-PB2,203,4,1,0,1389,1394,C
1-PB2,204,1388,0,3,0,1391,A
1-PB2,205,0,10,1389,0,1399,G
1-PB2,206,1403,0,1,0,1404,A
1-PB2,207,0,20,1388,0,1408,G
1-PB2,208,1389,1,1,0,1391,A
1-PB2,209,1,4,1402,1,1408,G
1-PB2,210,1402,0,1,0,1403,A
1-PB2,211,1402,0,2,0,1404,A
1-PB2,212,1406,0,2,0,1408,A
1-PB2,213,0,1400,0,3,1403,T
1-PB2,214,1,28,1380,1,1410,G
1-PB2,215,1411,0,2,1,1414,A
1-PB2,216,1400,0,7,0,1407,A
1-PB2,217,0,0,0,1406,1406,C
1-PB2,218,1395,0,0,0,1395,A
1-PB2,219,1397,0,3,0,1400,A
1-PB2,220,0,5,1407,2,1414,G
1-PB2,221,0,6,1425,1,1432,G
1-PB2,222,1432,0,2,0,1434,A
1-PB2,223,0,0,0,1429,1429,C
1-PB2,224,1423,0,1,0,1424,A
1-PB2,225,1427,1,3,0,1431,A
1-PB2,226,1486,1,3,0,1490,A
1-PB2,227,0,1,0,1505,1506,C
1-PB2,228,0,1489,0,2,1491,T
1-PB2,229,17,0,0,1501,1518,C
1-PB2,230,0,1497,0,0,1497,T
1-PB2,231,1502,0,0,0,1502,A
1-PB2,232,0,1503,0,1,1504,T
1-PB2,233,0,13,1500,0,1513,G
1-PB2,234,0,10,1532,0,1542,G
1-PB2,235,1494,1,3,0,1498,A
1-PB2,236,0,0,1514,1,1515,G
1-PB2,237,0,1512,0,0,1512,T
1-PB2,238,1507,0,1,0,1508,A
1-PB2,239,1521,0,2,0,1523,A
1-PB2,240,1523,0,0,1,1524,A
1-PB2,241,1523,1,1,0,1525,A
1-PB2,242,1,1519,0,0,1520,T
1-PB2,243,0,19,1495,0,1514,G
1-PB2,244,1495,0,0,0,1495,A
1-PB2,245,0,1,1498,0,1499,G
1-PB2,246,0,1489,0,1,1490,T
1-PB2,247,0,14,1479,0,1493,G
1-PB2,248,1527,2,2,0,1531,A
1-PB2,249,1,1537,0,3,1541,T
1-PB2,250,2,1,1538,0,1541,G
1-PB2,251,0,1,0,1541,1542,C
1-PB2,252,1,1532,0,1,1534,T
1-PB2,253,1,16,1553,0,1570,G
1-PB2,254,2,15,1554,0,1571,G
1-PB2,255,1585,2,2,0,1589,A
1-PB2,256,0,1583,0,0,1583,T
1-PB2,257,19,1,0,1559,1579,C
1-PB2,258,1588,0,2,0,1590,A
1-PB2,259,0,4,1617,0,1621,G
1-PB2,260,1623,0,2,0,1625,A
1-PB2,261,0,1622,0,4,1626,T
1-PB2,262,1583,0,0,0,1583,A
1-PB2,263,1,13,1631,1,1646,G
1-PB2,264,1619,0,2,0,1621,A
1-PB2,265,0,1,1644,0,1645,G
1-PB2,266,0,1611,0,1,1612,T
1-PB2,267,1,10,1584,0,1595,G
1-PB2,268,1561,0,2,0,1563,A
1-PB2,269,0,1568,0,0,1568,T
1-PB2,270,1,14,1585,1,1601,G
1-PB2,271,1,1,1627,1,1630,G
1-PB2,272,1,1599,0,0,1600,T
1-PB2,273,1595,1,1,0,1597,A
1-PB2,274,1,1575,0,2,1578,T
1-PB2,275,7,0,0,1567,1574,C
1-PB2,276,1610,0,2,0,1612,A
1-PB2,277,1,0,0,1641,1642,C
1-PB2,278,9,0,0,1630,1639,C
1-PB2,279,1,1616,0,1,1618,T
1-PB2,280,1,1613,0,1,1615,T
1-PB2,281,0,1612,0,1,1613,T
1-PB2,282,2,14,1619,0,1635,G
1-PB2,283,1,2,1641,0,1644,G
1-PB2,284,0,1,0,1657,1658,C
1-PB2,285,1,1637,0,1,1639,T
1-PB2,286,0,1,1648,0,1649,G
1-PB2,287,0,1643,0,2,1645,T
1-PB2,288,1649,0,0,0,1649,A
1-PB2,289,1650,0,2,1,1653,A
1-PB2,290,1,0,1,1655,1657,C
1-PB2,291,1639,0,0,0,1639,A
1-PB2,292,0,1626,0,0,1626,T
1-PB2,293,0,16,1603,0,1619,G
1-PB2,294,1,1,1654,0,1656,G
1-PB2,295,3,1632,0,4,1639,T
1-PB2,296,0,7,1629,0,1636,G
1-PB2,297,0,10,1659,0,1669,G
1-PB2,298,1667,0,1,0,1668,A
1-PB2,299,1680,1,1,0,1682,A
1-PB2,300,1,1677,0,2,1680,T
1-PB2,301,1675,0,0,0,1675,A
1-PB2,302,0,15,1690,1,1706,G
1-PB2,303,1700,0,0,1,1701,A
1-PB2,304,1698,0,3,0,1701,A
1-PB2,305,1696,1,1,0,1698,A
1-PB2,306,0,1663,0,0,1663,T
1-PB2,307,2,10,1646,1,1659,G
1-PB2,308,0,15,1644,0,1659,G
1-PB2,309,1662,0,0,0,1662,A
1-PB2,310,0,2,0,1675,1677,C
1-PB2,311,7,1,1,1642,1651,C
1-PB2,312,15,0,0,1643,1658,C
1-PB2,313,5,0,1662,0,1667,G
1-PB2,314,0,1676,0,4,1680,T
1-PB2,315,3,20,1686,0,1709,G
1-PB2,316,1710,0,1,0,1711,A
1-PB2,317,0,1,0,1710,1711,C
1-PB2,318,1711,0,2,0,1713,A
1-PB2,319,1706,0,2,0,1708,A
1-PB2,320,1,1,1750,0,1752,G
1-PB2,321,0,1740,0,1,1741,T
1-PB2,322,1739,0,0,0,1739,A
1-PB2,323,0,5,0,1726,1731,C
1-PB2,324,0,13,1688,0,1701,G
1-PB2,325,1,2,1736,0,1739,G
1-PB2,326,1,1729,0,2,1732,T
1-PB2,327,19,0,0,1724,1743,C
1-PB2,328,17,0,0,1728,1745,C
1-PB2,329,1710,0,2,0,1712,A
1-PB2,330,0,1714,1,0,1715,T
1-PB2,331,0,1719,0,1,1720,T
1-PB2,332,1802,0,3,0,1805,A
1-PB2,333,1,0,0,1796,1797,C
1-PB2,334,12,2,0,1761,1775,C
1-PB2,335,16,0,0,1766,1782,C
1-PB2,336,1756,0,0,0,1756,A
1-PB2,337,1767,0,0,0,1767,A
1-PB2,338,1762,1,1,0,1764,A
1-PB2,339,1766,0,1,0,1767,A
1-PB2,340,0,1,1791,0,1792,G
1-PB2,341,0,1728,0,3,1731,T
1-PB2,342,1,0,1772,0,1773,G
1-PB2,343,0,1770,0,2,1772,T
1-PB2,344,1767,0,1,0,1768,A
1-PB2,345,0,1,0,1770,1771,C
1-PB2,346,1754,0,2,0,1756,A
1-PB2,347,1755,1,1,0,1757,A
1-PB2,348,0,21,1748,0,1769,G
1-PB2,349,1755,0,3,0,1758,A
1-PB2,350,2,0,0,1758,1760,C
1-PB2,351,1,1727,0,0,1728,T
1-PB2,352,1,1736,0,0,1737,T
1-PB2,353,1743,1,1,0,1745,A
1-PB2,354,0,1742,0,1,1743,T
1-PB2,355,0,1741,0,2,1743,T
1-PB2,356,1,1735,1,1,1738,T
1-PB2,357,6,1,0,1722,1729,C
1-PB2,358,1,28,1698,0,1727,G
1-PB2,359,1721,0,3,0,1724,A
1-PB2,360,0,0,0,1726,1726,C
1-PB2,361,1713,1,1,0,1715,A
1-PB2,362,1717,0,1,0,1718,A
1-PB2,363,1715,1,1,1,1718,A
1-PB2,364,0,0,1746,0,1746,G
1-PB2,365,1,1743,0,1,1745,T
1-PB2,366,16,1,0,1725,1742,C
1-PB2,367,1,16,1725,0,1742,G
1-PB2,368,1744,0,2,0,1746,A
1-PB2,369,1740,0,3,0,1743,A
1-PB2,370,1742,0,5,0,1747,A
1-PB2,371,1,7,1782,0,1790,G
1-PB2,372,0,1,1800,0,1801,G
1-PB2,373,0,1773,0,2,1775,T
1-PB2,374,0,1773,0,0,1773,T
1-PB2,375,1770,3,1,0,1774,A
1-PB2,376,1772,0,1,0,1773,A
1-PB2,377,1781,0,0,0,1781,A
1-PB2,378,1793,0,0,0,1793,A
1-PB2,379,0,1,0,1815,1816,C
1-PB2,380,1780,1,4,0,1785,A
1-PB2,381,0,1781,0,2,1783,T
1-PB2,382,0,13,1763,0,1776,G
1-PB2,383,1,17,1765,0,1783,G
1-PB2,384,1780,0,0,0,1780,A
1-PB2,385,1787,0,1,0,1788,A
1-PB2,386,1,2,0,1824,1827,C
1-PB2,387,8,0,0,1835,1843,C
1-PB2,388,0,1813,0,4,1817,T
1-PB2,389,0,1819,0,1,1820,T
1-PB2,390,0,1822,0,2,1824,T
1-PB2,391,1,10,1800,1,1812,G
1-PB2,392,1,3,1821,0,1825,G
1-PB2,393,2,2,0,1821,1825,C
1-PB2,394,13,2,1,1804,1820,C
1-PB2,395,6,1,0,1803,1810,C
1-PB2,396,0,1761,1,0,1762,T
1-PB2,397,0,1,1792,0,1793,G
1-PB2,398,2,1783,0,4,1789,T
1-PB2,399,1,1791,0,1,1793,T
1-PB2,400,25,0,1,1769,1795,C
1-PB2,401,1774,0,0,0,1774,A
1-PB2,402,1,1772,0,2,1775,T
1-PB2,403,0,1763,0,0,1763,T
1-PB2,404,0,1764,0,0,1764,T
1-PB2,405,0,1758,0,2,1760,T
1-PB2,406,1741,0,3,0,1744,A
1-PB2,407,0,6,1739,0,1745,G
1-PB2,408,1739,0,0,1,1740,A
1-PB2,409,1741,0,1,0,1742,A
1-PB2,410,1738,0,2,1,1741,A
1-PB2,411,0,1734,0,5,1739,T
1-PB2,412,16,0,0,1726,1742,C
1-PB2,413,1737,0,0,1,1738,A
1-PB2,414,1748,0,2,0,1750,A
1-PB2,415,1,2,1758,0,1761,G
1-PB2,416,0,1754,1,2,1757,T
1-PB2,417,31,0,0,1737,1768,C
1-PB2,418,1768,0,3,0,1771,A
1-PB2,419,1781,0,1,1,1783,A
1-PB2,420,0,11,1774,0,1785,G
1-PB2,421,1797,0,0,0,1797,A
1-PB2,422,1,1791,1,1,1794,T
1-PB2,423,1815,0,1,1,1817,A
1-PB2,424,1,1,0,1810,1812,C
1-PB2,425,5,0,1810,0,1815,G
1-PB2,426,1,2,0,1850,1853,C
1-PB2,427,1829,0,5,0,1834,A
1-PB2,428,0,5,1853,0,1858,G
1-PB2,429,1858,0,0,0,1858,A
1-PB2,430,1876,0,4,0,1880,A
1-PB2,431,0,24,1882,0,1906,G
1-PB2,432,1877,0,2,0,1879,A
1-PB2,433,0,1,1887,1,1889,G
1-PB2,434,0,1884,0,0,1884,T
1-PB2,435,1870,0,0,0,1870,A
1-PB2,436,1,13,1886,0,1900,G
1-PB2,437,1906,1,1,1,1909,A
1-PB2,438,0,0,0,1974,1974,C
1-PB2,439,1946,0,0,0,1946,A
1-PB2,440,0,1916,0,1,1917,T
1-PB2,441,1907,0,1,1,1909,A
1-PB2,442,1903,0,0,1,1904,A
1-PB2,443,1924,0,0,1,1925,A
1-PB2,444,0,0,0,1937,1937,C
1-PB2,445,12,2,0,1895,1909,C
1-PB2,446,21,0,0,1885,1906,C
1-PB2,447,0,1816,0,3,1819,T
1-PB2,448,2,13,1827,0,1842,G
1-PB2,449,0,1,1882,0,1883,G
1-PB2,450,1,1872,0,3,1876,T
1-PB2,451,30,1,0,1840,1871,C
1-PB2,452,1895,0,0,0,1895,A
1-PB2,453,0,1877,1,4,1882,T
1-PB2,454,1,4,1890,0,1895,G
1-PB2,455,1,0,0,1894,1895,C
1-PB2,456,1888,0,3,0,1891,A
1-PB2,457,0,14,1894,0,1908,G
1-PB2,458,1863,0,0,0,1863,A
1-PB2,459,2,0,0,1904,1906,C
1-PB2,460,13,1,0,1888,1902,C
1-PB2,461,0,1860,0,3,1863,T
1-PB2,462,10,0,0,1859,1869,C
1-PB2,463,1837,0,3,0,1840,A
1-PB2,464,1,0,1878,0,1879,G
1-PB2,465,0,1877,0,2,1879,T
1-PB2,466,1,3,1881,0,1885,G
1-PB2,467,2,0,0,1876,1878,C
1-PB2,468,16,9,1,1826,1852,C
1-PB2,469,1856,0,1,0,1857,A
1-PB2,470,1859,0,1,0,1860,A
1-PB2,471,1855,0,0,0,1855,A
1-PB2,472,1,11,1845,0,1857,G
1-PB2,473,1795,0,1,0,1796,A
1-PB2,474,0,13,1786,1,1800,G
1-PB2,475,0,2,1787,0,1789,G
1-PB2,476,2,4,0,1773,1779,C
1-PB2,477,1783,0,1,0,1784,A
1-PB2,478,1,0,0,1791,1792,C
1-PB2,479,1789,0,0,0,1789,A
1-PB2,480,1816,0,0,1,1817,A
1-PB2,481,0,8,1823,0,1831,G
1-PB2,482,1851,1,1,0,1853,A
1-PB2,483,0,1844,1,0,1845,T
1-PB2,484,0,0,1851,0,1851,G
1-PB2,485,1,1853,0,0,1854,T
1-PB2,486,1858,1,2,0,1861,A
1-PB2,487,1860,0,0,0,1860,A
1-PB2,488,0,1865,0,1,1866,T
1-PB2,489,0,1806,0,0,1806,T
1-PB2,490,1796,0,0,0,1796,A
1-PB2,491,0,1765,0,3,1768,T
1-PB2,492,1,6,1762,0,1769,G
1-PB2,493,0,10,1755,0,1765,G
1-PB2,494,1752,0,1,0,1753,A
1-PB2,495,1745,0,0,0,1745,A
1-PB2,496,0,0,1740,0,1740,G
1-PB2,497,0,1740,0,0,1740,T
1-PB2,498,0,1736,0,0,1736,T
1-PB2,499,1,0,1746,0,1747,G
1-PB2,500,1,1733,1,5,1740,T
1-PB2,501,0,1741,0,1,1742,T
1-PB2,502,0,1737,0,1,1738,T
1-PB2,503,0,1738,1,0,1739,T
1-PB2,504,0,1738,0,6,1744,T
1-PB2,505,9,0,0,1736,1745,C
1-PB2,506,6,0,0,1742,1748,C
1-PB2,507,12,1,0,1736,1749,C
1-PB2,508,1739,0,0,0,1739,A
1-PB2,509,1736,0,4,0,1740,A
1-PB2,510,0,1747,0,0,1747,T
1-PB2,511,0,8,1751,0,1759,G
1-PB2,512,1761,1,1,0,1763,A
1-PB2,513,1749,1,1,0,1751,A
1-PB2,514,0,2,1774,0,1776,G
1-PB2,515,0,1759,0,1,1760,T
1-PB2,516,0,8,1752,0,1760,G
1-PB2,517,0,6,1750,0,1756,G
1-PB2,518,1,10,1749,0,1760,G
1-PB2,519,1765,2,3,1,1771,A
1-PB2,520,2,2,1754,0,1758,G
1-PB2,521,0,1,0,1753,1754,C
1-PB2,522,19,0,1,1744,1764,C
1-PB2,523,1747,0,3,2,1752,A
1-PB2,524,10,6,1783,0,1799,G
1-PB2,525,0,4,1797,0,1801,G
1-PB2,526,1807,0,1,0,1808,A
1-PB2,527,0,1803,0,1,1804,T
1-PB2,528,1795,0,3,0,1798,A
1-PB2,529,1,0,0,1798,1799,C
1-PB2,530,0,1792,0,0,1792,T
1-PB2,531,1795,0,0,1,1796,A
1-PB2,532,1786,0,1,0,1787,A
1-PB2,533,0,0,0,1792,1792,C
1-PB2,534,1759,0,0,0,1759,A
1-PB2,535,0,1746,0,1,1747,T
1-PB2,536,6,2,0,1745,1753,C
1-PB2,537,1729,0,3,0,1732,A
1-PB2,538,0,15,1731,0,1746,G
1-PB2,539,1742,0,1,0,1743,A
1-PB2,540,1742,0,1,0,1743,A
1-PB2,541,0,1742,0,1,1743,T
1-PB2,542,22,1,0,1690,1713,C
1-PB2,543,1713,0,2,0,1715,A
1-PB2,544,1,0,0,1748,1749,C
1-PB2,545,1748,0,0,0,1748,A
1-PB2,546,1764,1,0,0,1765,A
1-PB2,547,0,1752,0,2,1754,T
1-PB2,548,0,1751,2,0,1753,T
1-PB2,549,1759,0,1,0,1760,A
1-PB2,550,1771,0,1,0,1772,A
1-PB2,551,1,1,0,1774,1776,C
1-PB2,552,1757,0,1,0,1758,A
1-PB2,553,1742,1,0,0,1743,A
1-PB2,554,0,1756,0,2,1758,T
1-PB2,555,1749,0,0,0,1749,A
1-PB2,556,1755,1,0,0,1756,A
1-PB2,557,0,1,0,1757,1758,C
1-PB2,558,2,1752,0,0,1754,T
1-PB2,559,1749,1,1,0,1751,A
1-PB2,560,1745,2,0,0,1747,A
1-PB2,561,1747,0,1,0,1748,A
1-PB2,562,2,21,1733,0,1756,G
1-PB2,563,1720,1,1,0,1722,A
1-PB2,564,3,11,1717,0,1731,G
1-PB2,565,1717,0,3,0,1720,A
1-PB2,566,1722,0,2,0,1724,A
1-PB2,567,1718,0,0,1,1719,A
1-PB2,568,1722,0,1,0,1723,A
1-PB2,569,1722,1,4,0,1727,A
1-PB2,570,1727,0,3,0,1730,A
1-PB2,571,0,7,1724,0,1731,G
1-PB2,572,1728,0,2,0,1730,A
1-PB2,573,1711,1,6,0,1718,A
1-PB2,574,0,21,1700,0,1721,G
1-PB2,575,1718,0,2,0,1720,A
1-PB2,576,1721,0,1,0,1722,A
1-PB2,577,0,0,0,1732,1732,C
1-PB2,578,3,1712,0,0,1715,T
1-PB2,579,14,0,0,1709,1723,C
1-PB2,580,6,1,0,1714,1721,C
1-PB2,581,2,21,1697,0,1720,G
1-PB2,582,1719,0,0,0,1719,A
1-PB2,583,0,5,1719,0,1724,G
1-PB2,584,1715,0,0,0,1715,A
1-PB2,585,1,1713,0,1,1715,T
1-PB2,586,0,1701,0,0,1701,T
1-PB2,587,0,1,1706,0,1707,G
1-PB2,588,0,0,0,1708,1708,C
1-PB2,589,1709,0,1,0,1710,A
1-PB2,590,1713,1,1,1,1716,A
1-PB2,591,1714,0,1,0,1715,A
1-PB2,592,1722,0,0,0,1722,A
1-PB2,593,0,1720,1,2,1723,T
1-PB2,594,0,1717,0,1,1718,T
1-PB2,595,1,1712,0,1,1714,T
1-PB2,596,8,1,0,1708,1717,C
1-PB2,597,0,1709,0,2,1711,T
1-PB2,598,17,0,0,1825,1842,C
1-PB2,599,9,2,0,1842,1853,C
1-PB2,600,30,0,0,1982,2012,C
1-PB2,601,0,2000,0,2,2002,T
1-PB2,602,2,2033,0,1,2036,T
1-PB2,603,0,13,2029,1,2043,G
1-PB2,604,2050,0,0,0,2050,A
1-PB2,605,0,2099,0,3,2102,T
1-PB2,606,2,20,2120,1,2143,G
1-PB2,607,5,3,2379,0,2387,G
1-PB2,608,1,2439,0,2,2442,T
1-PB2,609,0,2420,0,2,2422,T
1-PB2,610,1,4,2607,0,2612,G
1-PB2,611,2,2,0,2615,2619,C
1-PB2,612,2709,0,2,1,2712,A
1-PB2,613,1,2705,1,0,2707,T
1-PB2,614,2727,0,0,3,2730,A
1-PB2,615,0,1,0,2860,2861,C
1-PB2,616,3123,8,1,29,3161,A
1-PB2,617,0,3223,0,0,3223,T
1-PB2,618,0,1,3389,0,3390,G
1-PB2,619,0,3366,1,8,3375,T
1-PB2,620,0,3377,0,3,3380,T
1-PB2,621,3381,0,0,0,3381,A
1-PB2,622,1,25,3363,0,3389,G
1-PB2,623,3435,0,5,0,3440,A
1-PB2,624,0,36,3457,0,3493,G
1-PB2,625,3389,1,2,0,3392,A
1-PB2,626,0,24,3393,0,3417,G
1-PB2,627,3369,0,7,0,3376,A
1-PB2,628,2,47,3363,0,3412,G
1-PB2,629,3422,0,1,0,3423,A
1-PB2,630,3427,1,2,0,3430,A
1-PB2,631,0,0,0,3454,3454,C
1-PB2,632,2,3431,0,1,3434,T
1-PB2,633,0,3429,0,0,3429,T
1-PB2,634,5,1,3442,0,3448,G
1-PB2,635,0,3434,0,2,3436,T
1-PB2,636,3435,3,5,0,3443,A
1-PB2,637,1,7,0,3422,3430,C
1-PB2,638,2,44,3381,0,3427,G
1-PB2,639,3444,0,1,0,3445,A
1-PB2,640,3440,0,1,0,3441,A
1-PB2,641,3494,0,0,0,3494,A
1-PB2,642,3496,1,2,0,3499,A
1-PB2,643,3493,1,4,1,3499,A
1-PB2,644,0,3,0,3517,3520,C
1-PB2,645,3515,0,0,0,3515,A
1-PB2,646,3520,0,7,0,3527,A
1-PB2,647,1,27,3529,0,3557,G
1-PB2,648,3561,0,3,0,3564,A
1-PB2,649,2,3564,0,0,3566,T
1-PB2,650,1,3549,0,3,3553,T
1-PB2,651,1,3564,0,3,3568,T
1-PB2,652,36,0,0,3547,3583,C
1-PB2,653,2,3587,0,7,3596,T
1-PB2,654,29,0,0,3588,3617,C
1-PB2,655,19,0,0,3586,3605,C
1-PB2,656,24,1,0,3593,3618,C
1-PB2,657,3614,0,4,0,3618,A
1-PB2,658,0,1,3662,0,3663,G
1-PB2,659,0,3662,0,0,3662,T
1-PB2,660,1,3655,0,2,3658,T
1-PB2,661,4,3,3655,0,3662,G
1-PB2,662,1,0,0,3664,3665,C
1-PB2,663,0,3664,0,2,3666,T
1-PB2,664,4,13,3657,0,3674,G
1-PB2,665,2,2,3659,0,3663,G
1-PB2,666,4,7,0,3662,3673,C
1-PB2,667,5,13,3660,1,3679,G
1-PB2,668,0,35,3712,0,3747,G
1-PB2,669,3757,1,5,2,3765,A
1-PB2,670,3760,1,7,0,3768,A
1-PB2,671,2,1,0,3780,3783,C
1-PB2,672,3806,0,1,2,3809,A
1-PB2,673,3812,2,2,0,3816,A
1-PB2,674,1,3,3990,0,3994,G
1-PB2,675,4,8,0,4083,4095,C
1-PB2,676,4107,1,1,0,4109,A
1-PB2,677,1,1,5077,0,5079,G
1-PB2,678,1,5074,0,2,5077,T
1-PB2,679,5120,1,1,0,5122,A
1-PB2,680,0,5114,0,1,5115,T
1-PB2,681,5146,0,4,0,5150,A
1-PB2,682,0,5142,0,1,5143,T
1-PB2,683,5087,0,1,0,5088,A
1-PB2,684,1,1,0,5155,5157,C
1-PB2,685,4987,0,0,0,4987,A
1-PB2,686,0,4781,0,2,4783,T
1-PB2,687,1,4640,0,3,4644,T
1-PB2,688,2,27,4616,0,4645,G
1-PB2,689,4647,1,1,0,4649,A
1-PB2,690,4630,0,4,0,4634,A
1-PB2,691,3,1,4704,0,4708,G
1-PB2,692,1,4688,0,3,4692,T
1-PB2,693,0,4670,0,1,4671,T
1-PB2,694,1,4669,1,2,4673,T
1-PB2,695,1,4677,0,0,4678,T
1-PB2,696,4735,0,3,0,4738,A
1-PB2,697,1,2,0,4769,4772,C
1-PB2,698,4779,1,0,0,4780,A
1-PB2,699,0,4771,1,3,4775,T
1-PB2,700,0,4748,0,3,4751,T
1-PB2,701,2,4744,0,2,4748,T
1-PB2,702,2,81,4736,1,4820,G
1-PB2,703,4844,1,0,0,4845,A
1-PB2,704,0,0,0,4875,4875,C
1-PB2,705,1,4823,1,9,4834,T
1-PB2,706,42,1,0,4789,4832,C
1-PB2,707,4811,1,8,0,4820,A
1-PB2,708,9,36,4751,1,4797,G
1-PB2,709,3,35,4876,0,4914,G
1-PB2,710,1,48,4887,0,4936,G
1-PB2,711,4934,1,9,0,4944,A
1-PB2,712,4938,1,7,0,4946,A
1-PB2,713,4,5,1,4957,4967,C
1-PB2,714,6,2,5026,0,5034,G
1-PB2,715,2,5024,0,4,5030,T
1-PB2,716,1,2,5059,0,5062,G
1-PB2,717,1,5016,0,5,5022,T
1-PB2,718,1,5015,0,2,5018,T
1-PB2,719,4,43,5008,0,5055,G
1-PB2,720,3,36,5009,2,5050,G
1-PB2,721,0,62,5049,0,5111,G
1-PB2,722,5083,0,3,0,5086,A
1-PB2,723,5062,0,4,0,5066,A
1-PB2,724,2,5,0,5194,5201,C
1-PB2,725,5187,0,2,0,5189,A
1-PB2,726,5376,0,2,0,5378,A
1-PB2,727,5389,0,1,0,5390,A
1-PB2,728,1,5419,0,1,5421,T
1-PB2,729,5,5,5496,0,5506,G
1-PB2,730,1,5470,0,3,5474,T
1-PB2,731,5473,0,5,0,5478,A
1-PB2,732,3,4,0,5486,5493,C
1-PB2,733,5402,0,5,0,5407,A
1-PB2,734,0,0,0,5401,5401,C
1-PB2,735,1,5253,0,8,5262,T
1-PB2,736,55,0,0,5709,5764,C
1-PB2,737,26,1,0,5749,5776,C
1-PB2,738,5860,2,7,0,5869,A
1-PB2,739,4,21,5878,0,5903,G
1-PB2,740,0,0,6022,0,6022,G
1-PB2,741,0,6005,1,5,6011,T
1-PB2,742,1,36,5974,0,6011,G
1-PB2,743,1,20,5843,0,5864,G
1-PB2,744,5793,3,12,1,5809,A
1-PB2,745,0,31,5813,0,5844,G
1-PB2,746,0,79,5777,1,5857,G
1-PB2,747,5785,5,4,0,5794,A
1-PB2,748,0,1,5841,0,5842,G
1-PB2,749,2,5733,0,2,5737,T
1-PB2,750,3,32,5738,1,5774,G
1-PB2,751,5773,0,5,0,5778,A
1-PB2,752,4,43,5778,0,5825,G
1-PB2,753,1,44,5807,0,5852,G
1-PB2,754,5818,0,4,0,5822,A
1-PB2,755,5829,0,7,0,5836,A
1-PB2,756,0,5860,0,1,5861,T
1-PB2,757,7,56,5785,0,5848,G
1-PB2,758,5856,2,6,0,5864,A
1-PB2,759,0,19,0,5824,5843,C
1-PB2,760,5,27,5799,0,5831,G
1-PB2,761,5900,2,3,0,5905,A
1-PB2,762,0,5872,0,3,5875,T
1-PB2,763,4,0,5900,0,5904,G
1-PB2,764,0,5900,0,3,5903,T
1-PB2,765,0,5866,0,2,5868,T
1-PB2,766,10,80,5843,1,5934,G
1-PB2,767,5935,2,8,0,5945,A
1-PB2,768,3,2,0,5942,5947,C
1-PB2,769,51,0,3,5878,5932,C
1-PB2,770,5872,1,0,0,5873,A
1-PB2,771,5877,3,3,2,5885,A
1-PB2,772,5880,3,8,1,5892,A
1-PB2,773,0,6,6023,0,6029,G
1-PB2,774,3,3,0,6032,6038,C
1-PB2,775,32,1,0,5980,6013,C
1-PB2,776,1,6032,0,3,6036,T
1-PB2,777,6054,0,2,0,6056,A
1-PB2,778,6052,0,3,1,6056,A
1-PB2,779,1,6057,0,2,6060,T
1-PB2,780,3,6049,0,1,6053,T
1-PB2,781,6021,1,0,0,6022,A
1-PB2,782,0,5907,0,2,5909,T
1-PB2,783,1,5878,0,1,5880,T
1-PB2,784,3,0,5863,0,5866,G
1-PB2,785,9,16,1,5822,5848,C
1-PB2,786,6,33,5817,1,5857,G
1-PB2,787,2,2,5959,0,5963,G
1-PB2,788,5,1,0,5952,5958,C
1-PB2,789,22,1,0,5971,5994,C
1-PB2,790,5986,0,5,0,5991,A
1-PB2,791,1,25,6025,0,6051,G
1-PB2,792,4,78,6026,0,6108,G
1-PB2,793,6107,4,12,1,6124,A
1-PB2,794,6144,0,4,1,6149,A
1-PB2,795,1,3,0,6173,6177,C
1-PB2,796,6109,0,7,1,6117,A
1-PB2,797,0,6209,0,1,6210,T
1-PB2,798,6281,1,4,0,6286,A
1-PB2,799,1,1,6351,0,6353,G
1-PB2,800,2,6287,0,1,6290,T
1-PB2,801,6241,0,3,0,6244,A
1-PB2,802,6223,0,3,2,6228,A
1-PB2,803,2,35,6202,0,6239,G
1-PB2,804,6206,0,6,2,6214,A
1-PB2,805,6106,1,5,0,6112,A
1-PB2,806,1,42,6060,0,6103,G
1-PB2,807,5958,0,5,0,5963,A
1-PB2,808,1,4,5974,0,5979,G
1-PB2,809,2,1,0,5979,5982,C
1-PB2,810,33,9,0,5942,5984,C
1-PB2,811,15,3,5972,0,5990,G
1-PB2,812,1,3,2,6033,6039,C
1-PB2,813,6051,0,3,0,6054,A
1-PB2,814,2,4,6414,0,6420,G
1-PB2,815,1,6405,0,1,6407,T
1-PB2,816,6427,0,1,1,6429,A
1-PB2,817,0,6386,0,4,6390,T
1-PB2,818,43,4,1,6393,6441,C
1-PB2,819,6425,1,2,0,6428,A
1-PB2,820,3,3,6445,0,6451,G
1-PB2,821,1,4,0,6450,6455,C
1-PB2,822,6229,1,4,0,6234,A
1-PB2,823,11,27,6160,0,6198,G
1-PB2,824,6228,2,16,0,6246,A
1-PB2,825,2,6230,1,4,6237,T
1-PB2,826,54,0,0,6205,6259,C
1-PB2,827,55,5,0,6202,6262,C
1-PB2,828,6278,1,5,0,6284,A
1-PB2,829,0,0,0,6299,6299,C
1-PB2,830,2,6289,1,1,6293,T
1-PB2,831,6310,1,3,0,6314,A
1-PB2,832,4,3,6295,0,6302,G
1-PB2,833,6,3,0,6247,6256,C
1-PB2,834,6241,0,4,0,6245,A
1-PB2,835,3,6254,0,5,6262,T
1-PB2,836,26,0,0,6296,6322,C
1-PB2,837,0,6286,1,9,6296,T
1-PB2,838,0,6430,1,2,6433,T
1-PB2,839,0,6445,1,2,6448,T
1-PB2,840,6460,1,0,0,6461,A
1-PB2,841,1,6469,0,1,6471,T
1-PB2,842,1,6436,0,3,6440,T
1-PB2,843,3,40,6395,2,6440,G
1-PB2,844,1,57,6375,0,6433,G
1-PB2,845,6353,0,7,0,6360,A
1-PB2,846,1,21,6361,0,6383,G
1-PB2,847,6298,1,3,0,6302,A
1-PB2,848,1,6272,2,4,6279,T
1-PB2,849,3,1,6409,0,6413,G
1-PB2,850,4,6396,0,7,6407,T
1-PB2,851,7,10,6388,0,6405,G
1-PB2,852,6,2,1,6410,6419,C
1-PB2,853,48,1,2,6335,6386,C
1-PB2,854,6381,2,5,0,6388,A
1-PB2,855,2,5,0,6389,6396,C
1-PB2,856,6296,0,11,0,6307,A
1-PB2,857,1,3,6437,0,6441,G
1-PB2,858,4,5,0,6312,6321,C
1-PB2,859,6297,1,8,0,6306,A
1-PB2,860,2,4,0,6295,6301,C
1-PB2,861,6283,2,5,0,6290,A
1-PB2,862,2,3,0,6332,6337,C
1-PB2,863,6308,0,1,0,6309,A
1-PB2,864,6309,0,2,1,6312,A
1-PB2,865,6306,0,3,0,6309,A
1-PB2,866,2,6204,0,2,6208,T
1-PB2,867,1,6207,0,2,6210,T
1-PB2,868,6,42,6152,0,6200,G
1-PB2,869,4,2,6188,0,6194,G
1-PB2,870,3,8,1,6170,6182,C
1-PB2,871,5,55,6060,0,6120,G
1-PB2,872,0,33,6182,0,6215,G
1-PB2,873,2,48,6203,1,6254,G
1-PB2,874,6250,1,7,0,6258,A
1-PB2,875,2,0,0,6283,6285,C
1-PB2,876,6272,0,5,1,6278,A
1-PB2,877,6285,1,8,0,6294,A
1-PB2,878,15,36,6278,0,6329,G
1-PB2,879,1,21,6326,0,6348,G
1-PB2,880,6368,0,6,3,6377,A
1-PB2,881,3,6171,0,3,6177,T
1-PB2,882,2,57,6040,1,6100,G
1-PB2,883,2,5,6138,0,6145,G
1-PB2,884,1,6092,0,5,6098,T
1-PB2,885,3,30,6078,0,6111,G
1-PB2,886,1,34,6029,3,6067,G
1-PB2,887,5979,0,8,0,5987,A
1-PB2,888,1,4,1,5988,5994,C
1-PB2,889,5892,0,1,0,5893,A
1-PB2,890,0,6546,0,4,6550,T
1-PB2,891,0,6516,0,3,6519,T
1-PB2,892,53,0,0,6491,6544,C
1-PB2,893,0,6496,2,10,6508,T
1-PB2,894,0,6500,0,0,6500,T
1-PB2,895,6501,0,4,0,6505,A
1-PB2,896,1,30,6513,0,6544,G
1-PB2,897,6507,1,20,0,6528,A
1-PB2,898,2,5,0,6524,6531,C
1-PB2,899,5697,0,6,0,5703,A
1-PB2,900,1,36,5775,0,5812,G
1-PB2,901,5761,0,15,0,5776,A
1-PB2,902,5781,1,10,0,5792,A
1-PB2,903,3,0,0,5790,5793,C
1-PB2,904,39,2,0,5738,5779,C
1-PB2,905,53,5,0,5721,5779,C
1-PB2,906,7,75,5700,0,5782,G
1-PB2,907,5785,0,3,1,5789,A
1-PB2,908,2,0,0,5800,5802,C
1-PB2,909,2,5724,0,4,5730,T
1-PB2,910,1,20,5756,0,5777,G
1-PB2,911,5753,1,8,0,5762,A
1-PB2,912,5772,0,8,0,5780,A
1-PB2,913,4,66,5739,0,5809,G
1-PB2,914,5768,0,6,0,5774,A
1-PB2,915,5780,0,3,0,5783,A
1-PB2,916,0,1,0,5772,5773,C
1-PB2,917,5740,1,3,0,5744,A
1-PB2,918,5765,0,9,0,5774,A
1-PB2,919,1,4,5830,0,5835,G
1-PB2,920,6,2,0,5861,5869,C
1-PB2,921,1,5812,0,2,5815,T
1-PB2,922,2,3,5898,0,5903,G
1-PB2,923,1,5876,0,5,5882,T
1-PB2,924,4,47,5923,0,5974,G
1-PB2,925,2,27,6152,0,6181,G
1-PB2,926,6180,0,5,0,6185,A
1-PB2,927,0,6167,1,0,6168,T
1-PB2,928,6095,0,5,0,6100,A
1-PB2,929,0,6041,0,6,6047,T
1-PB2,930,6235,4,5,0,6244,A
1-PB2,931,0,6160,0,2,6162,T
1-PB2,932,5,2,6138,1,6146,G
1-PB2,933,5,3,0,6075,6083,C
1-PB2,934,5871,0,1,0,5872,A
1-PB2,935,5861,2,7,0,5870,A
1-PB2,936,2,25,5841,1,5869,G
1-PB2,937,1,1,5882,0,5884,G
1-PB2,938,3,0,0,5891,5894,C
1-PB2,939,0,5757,1,4,5762,T
1-PB2,940,2,6,5789,0,5797,G
1-PB2,941,1,5,0,5809,5815,C
1-PB2,942,5816,0,2,1,5819,A
1-PB2,943,5822,0,2,1,5825,A
1-PB2,944,0,5794,0,3,5797,T
1-PB2,945,2,69,5745,2,5818,G
1-PB2,946,0,26,5767,0,5793,G
1-PB2,947,2,28,5763,1,5794,G
1-PB2,948,5796,0,5,0,5801,A
1-PB2,949,0,5742,0,6,5748,T
1-PB2,950,2,5713,0,1,5716,T
1-PB2,951,3,60,5665,0,5728,G
1-PB2,952,5717,2,8,0,5727,A
1-PB2,953,0,49,5731,0,5780,G
1-PB2,954,5736,1,3,0,5740,A
1-PB2,955,5695,0,0,0,5695,A
1-PB2,956,0,5653,0,0,5653,T
1-PB2,957,48,2,0,5617,5667,C
1-PB2,958,5661,2,4,0,5667,A
1-PB2,959,2,1,5721,0,5724,G
1-PB2,960,4,0,1,5702,5707,C
1-PB2,961,0,5669,0,3,5672,T
1-PB2,962,80,3,0,5575,5658,C
1-PB2,963,5651,0,5,0,5656,A
1-PB2,964,3,5757,0,9,5769,T
1-PB2,965,34,2,0,5741,5777,C
1-PB2,966,36,0,1,5778,5815,C
1-PB2,967,1,5765,0,15,5781,T
1-PB2,968,0,5758,2,4,5764,T
1-PB2,969,22,1,0,5742,5765,C
1-PB2,970,5758,0,11,0,5769,A
1-PB2,971,6,3,5854,0,5863,G
1-PB2,972,4,0,0,5861,5865,C
1-PB2,973,0,5755,1,7,5763,T
1-PB2,974,1,5773,1,3,5778,T
1-PB2,975,15,5714,0,1,5730,T
1-PB2,976,4,18,5717,0,5739,G
1-PB2,977,2,3,5740,0,5745,G
1-PB2,978,1,5731,0,4,5736,T
1-PB2,979,4,50,5686,0,5740,G
1-PB2,980,0,25,5646,1,5672,G
1-PB2,981,2,6,5721,0,5729,G
1-PB2,982,0,5704,0,6,5710,T
1-PB2,983,1,5684,0,3,5688,T
1-PB2,984,2,5691,1,3,5697,T
1-PB2,985,5702,1,4,0,5707,A
1-PB2,986,0,3,0,5736,5739,C
1-PB2,987,5733,0,1,0,5734,A
1-PB2,988,0,5698,1,2,5701,T
1-PB2,989,1,5605,0,1,5607,T
1-PB2,990,1,5592,0,0,5593,T
1-PB2,991,5586,0,1,0,5587,A
1-PB2,992,5583,1,3,0,5587,A
1-PB2,993,5578,8,1,0,5587,A
1-PB2,994,5553,0,12,0,5565,A
1-PB2,995,0,55,5548,0,5603,G
1-PB2,996,5570,0,9,0,5579,A
1-PB2,997,5588,1,10,0,5599,A
1-PB2,998,1,1,0,5604,5606,C
1-PB2,999,5579,1,4,0,5584,A
1-PB2,1000,5574,2,6,0,5582,A
1-PB2,1001,2,1,5593,0,5596,G
1-PB2,1002,5,6,0,5587,5598,C
1-PB2,1003,6,65,5509,1,5581,G
1-PB2,1004,2,30,5577,0,5609,G
1-PB2,1005,0,3,5624,0,5627,G
1-PB2,1006,1,5612,0,3,5616,T
1-PB2,1007,81,1,0,5507,5589,C
1-PB2,1008,5587,0,12,1,5600,A
1-PB2,1009,0,5574,1,3,5578,T
1-PB2,1010,26,1,1,5558,5586,C
1-PB2,1011,5566,0,6,0,5572,A
1-PB2,1012,0,0,5648,1,5649,G
1-PB2,1013,3,5549,0,11,5563,T
1-PB2,1014,80,1,0,5497,5578,C
1-PB2,1015,5574,2,7,0,5583,A
1-PB2,1016,5595,2,2,0,5599,A
1-PB2,1017,5593,1,2,0,5596,A
1-PB2,1018,5590,0,0,2,5592,A
1-PB2,1019,5626,2,0,0,5628,A
1-PB2,1020,5602,1,20,1,5624,A
1-PB2,1021,3,19,5624,0,5646,G
1-PB2,1022,5629,0,1,0,5630,A
1-PB2,1023,5617,0,6,0,5623,A
1-PB2,1024,1,33,5589,0,5623,G
1-PB2,1025,5608,1,2,0,5611,A
1-PB2,1026,5467,0,10,0,5477,A
1-PB2,1027,6,28,5440,0,5474,G
1-PB2,1028,5446,2,4,1,5453,A
1-PB2,1029,6,24,5437,0,5467,G
1-PB2,1030,3,4,5560,1,5568,G
1-PB2,1031,0,5564,1,4,5569,T
1-PB2,1032,5,5,5667,0,5677,G
1-PB2,1033,5,0,0,5723,5728,C
1-PB2,1034,0,5729,1,6,5736,T
1-PB2,1035,1,5750,0,1,5752,T
1-PB2,1036,5734,1,5,0,5740,A
1-PB2,1037,1,4,0,5740,5745,C
1-PB2,1038,5673,3,10,0,5686,A
1-PB2,1039,3,27,5653,0,5683,G
1-PB2,1040,6,3,5674,1,5684,G
1-PB2,1041,10,2,0,5575,5587,C
1-PB2,1042,5489,0,3,12,5504,A
1-PB2,1043,5531,0,5,0,5536,A
1-PB2,1044,0,5612,0,19,5631,T
1-PB2,1045,33,0,0,5658,5691,C
1-PB2,1046,1,5660,0,7,5668,T
1-PB2,1047,46,2,0,5626,5674,C
1-PB2,1048,23,0,0,5632,5655,C
1-PB2,1049,5650,1,4,1,5656,A
1-PB2,1050,5641,0,5,1,5647,A
1-PB2,1051,5643,1,7,1,5652,A
1-PB2,1052,2,2,0,5660,5664,C
1-PB2,1053,5500,0,0,1,5501,A
1-PB2,1054,0,5450,1,1,5452,T
1-PB2,1055,2,5415,0,2,5419,T
1-PB2,1056,1,33,5460,0,5494,G
1-PB2,1057,5485,1,1,0,5487,A
1-PB2,1058,5542,0,0,0,5542,A
1-PB2,1059,5542,0,2,1,5545,A
1-PB2,1060,5526,2,3,0,5531,A
1-PB2,1061,0,5534,0,0,5534,T
1-PB2,1062,5528,0,4,0,5532,A
1-PB2,1063,5528,0,8,0,5536,A
1-PB2,1064,0,43,5586,0,5629,G
1-PB2,1065,5558,0,4,3,5565,A
1-PB2,1066,0,0,5761,0,5761,G
1-PB2,1067,3,5687,0,1,5691,T
1-PB2,1068,5724,0,2,0,5726,A
1-PB2,1069,2,4,1,5846,5853,C
1-PB2,1070,5793,0,2,0,5795,A
1-PB2,1071,1,5784,0,4,5789,T
1-PB2,1072,2,47,5750,1,5800,G
1-PB2,1073,5677,2,4,0,5683,A
1-PB2,1074,0,54,5689,0,5743,G
1-PB2,1075,2,64,5694,0,5760,G
1-PB2,1076,0,35,5969,1,6005,G
1-PB2,1077,2,3,6039,0,6044,G
1-PB2,1078,0,5909,0,4,5913,T
1-PB2,1079,5927,2,5,1,5935,A
1-PB2,1080,0,5907,1,1,5909,T
1-PB2,1081,4,41,5877,2,5924,G
1-PB2,1082,5907,2,4,1,5914,A
1-PB2,1083,0,28,5876,1,5905,G
1-PB2,1084,0,42,5825,0,5867,G
1-PB2,1085,5458,0,5,1,5464,A
1-PB2,1086,1,1,5643,0,5645,G
1-PB2,1087,3,5615,0,7,5625,T
1-PB2,1088,0,5760,0,5,5765,T
1-PB2,1089,96,3,0,5705,5804,C
1-PB2,1090,5786,1,5,1,5793,A
1-PB2,1091,0,3,0,5810,5813,C
1-PB2,1092,5772,0,3,1,5776,A
1-PB2,1093,5809,0,1,0,5810,A
1-PB2,1094,2,5803,0,0,5805,T
1-PB2,1095,1,48,5612,2,5663,G
1-PB2,1096,4,1,5683,1,5689,G
1-PB2,1097,1,5513,1,2,5517,T
1-PB2,1098,3,35,5503,0,5541,G
1-PB2,1099,0,28,5512,0,5540,G
1-PB2,1100,1,23,5517,0,5541,G
1-PB2,1101,1,32,5553,0,5586,G
1-PB2,1102,5537,3,3,1,5544,A
1-PB2,1103,5544,0,2,0,5546,A
1-PB2,1104,5538,0,5,0,5543,A
1-PB2,1105,5437,0,15,1,5453,A
1-PB2,1106,1,64,5465,0,5530,G
1-PB2,1107,5490,0,9,0,5499,A
1-PB2,1108,0,2,5508,0,5510,G
1-PB2,1109,5,5,0,5508,5518,C
1-PB2,1110,5476,0,0,0,5476,A
1-PB2,1111,5490,1,7,2,5500,A
1-PB2,1112,5,5,1,5671,5682,C
1-PB2,1113,5664,2,4,1,5671,A
1-PB2,1114,0,8,5778,0,5786,G
1-PB2,1115,6,0,0,5749,5755,C
1-PB2,1116,0,5707,0,9,5716,T
1-PB2,1117,5871,0,4,0,5875,A
1-PB2,1118,2,5844,0,17,5863,T
1-PB2,1119,5900,1,2,0,5903,A
1-PB2,1120,1,1,0,5902,5904,C
1-PB2,1121,2,5633,0,7,5642,T
1-PB2,1122,5661,0,1,0,5662,A
1-PB2,1123,5552,2,8,0,5562,A
1-PB2,1124,1,43,5525,1,5570,G
1-PB2,1125,5561,1,1,0,5563,A
1-PB2,1126,5439,0,2,0,5441,A
1-PB2,1127,5437,3,3,0,5443,A
1-PB2,1128,5400,3,20,0,5423,A
1-PB2,1129,0,4,5438,0,5442,G
1-PB2,1130,10,6,0,5417,5433,C
1-PB2,1131,5427,3,3,0,5433,A
1-PB2,1132,5447,0,4,0,5451,A
1-PB2,1133,3,0,0,5458,5461,C
1-PB2,1134,31,4,1,5434,5470,C
1-PB2,1135,5462,0,3,0,5465,A
1-PB2,1136,1,18,5484,0,5503,G
1-PB2,1137,5496,0,2,0,5498,A
1-PB2,1138,5484,0,3,0,5487,A
1-PB2,1139,0,33,5512,0,5545,G
1-PB2,1140,5520,0,3,0,5523,A
1-PB2,1141,0,5512,1,1,5514,T
1-PB2,1142,1,5478,0,2,5481,T
1-PB2,1143,1,47,5456,0,5504,G
1-PB2,1144,14,0,5593,0,5607,G
1-PB2,1145,2,5558,0,18,5578,T
1-PB2,1146,1,5561,0,7,5569,T
1-PB2,1147,61,2,1,5488,5552,C
1-PB2,1148,5607,0,4,1,5612,A
1-PB2,1149,1,2,5857,0,5860,G
1-PB2,1150,2,2,0,5884,5888,C
1-PB2,1151,1,5864,0,7,5872,T
1-PB2,1152,80,1,1,5840,5922,C
1-PB2,1153,5824,3,1,0,5828,A
1-PB2,1154,1,5860,0,2,5863,T
1-PB2,1155,5855,1,2,1,5859,A
1-PB2,1156,1,5,5893,0,5899,G
1-PB2,1157,0,5666,1,3,5670,T
1-PB2,1158,0,77,5595,1,5673,G
1-PB2,1159,5525,1,4,0,5530,A
1-PB2,1160,0,1,5583,1,5585,G
1-PB2,1161,1,5549,1,4,5555,T
1-PB2,1162,0,32,5518,1,5551,G
1-PB2,1163,1,29,5558,1,5589,G
1-PB2,1164,5583,0,5,0,5588,A
1-PB2,1165,5535,1,5,0,5541,A
1-PB2,1166,0,46,5532,1,5579,G
1-PB2,1167,5490,1,5,0,5496,A
1-PB2,1168,23,29,5477,1,5530,G
1-PB2,1169,5474,3,13,0,5490,A
1-PB2,1170,3,18,0,5474,5495,C
1-PB2,1171,4,84,5406,3,5497,G
1-PB2,1172,5444,1,0,0,5445,A
1-PB2,1173,5465,1,7,0,5473,A
1-PB2,1174,1,1,0,5492,5494,C
1-PB2,1175,5445,0,5,0,5450,A
1-PB2,1176,2,2,5788,1,5793,G
1-PB2,1177,0,5734,0,5,5739,T
1-PB2,1178,63,1,1,5687,5752,C
1-PB2,1179,5754,1,5,0,5760,A
1-PB2,1180,5745,2,6,0,5753,A
1-PB2,1181,0,5753,0,2,5755,T
1-PB2,1182,5726,0,5,0,5731,A
1-PB2,1183,0,2,5741,0,5743,G
1-PB2,1184,5,4,0,5712,5721,C
1-PB2,1185,28,4,0,5515,5547,C
1-PB2,1186,37,29,5437,0,5503,G
1-PB2,1187,5513,0,2,0,5515,A
1-PB2,1188,5532,1,3,0,5536,A
1-PB2,1189,1,5,5595,1,5602,G
1-PB2,1190,11,5,0,5682,5698,C
1-PB2,1191,5684,0,5,1,5690,A
1-PB2,1192,5674,1,4,1,5680,A
1-PB2,1193,1,5686,0,0,5687,T
1-PB2,1194,5711,0,1,0,5712,A
1-PB2,1195,5773,0,4,1,5778,A
1-PB2,1196,1,5770,0,2,5773,T
1-PB2,1197,43,3,1,5687,5734,C
1-PB2,1198,11,1,5707,0,5719,G
1-PB2,1199,0,5596,0,3,5599,T
1-PB2,1200,1,36,5559,0,5596,G
1-PB2,1201,2,2,5675,1,5680,G
1-PB2,1202,6,3,0,5653,5662,C
1-PB2,1203,28,2,1,5618,5649,C
1-PB2,1204,5607,0,2,0,5609,A
1-PB2,1205,0,5612,0,3,5615,T
1-PB2,1206,2,28,5599,2,5631,G
1-PB2,1207,1,3,5712,0,5716,G
1-PB2,1208,3,5687,1,4,5695,T
1-PB2,1209,4,1,5717,0,5722,G
1-PB2,1210,0,5558,3,6,5567,T
1-PB2,1211,0,5594,0,5,5599,T
1-PB2,1212,2,5607,1,5,5615,T
1-PB2,1213,3,5613,2,15,5633,T
1-PB2,1214,50,3,0,5649,5702,C
1-PB2,1215,5683,0,7,0,5690,A
1-PB2,1216,2,3,0,5849,5854,C
1-PB2,1217,5772,2,1,0,5775,A
1-PB2,1218,5756,2,7,0,5765,A
1-PB2,1219,0,26,5761,0,5787,G
1-PB2,1220,5706,2,10,0,5718,A
1-PB2,1221,153,36,5589,0,5778,G
1-PB2,1222,0,37,5752,1,5790,G
1-PB2,1223,5736,0,6,0,5742,A
1-PB2,1224,0,5761,1,2,5764,T
1-PB2,1225,1,5620,1,4,5626,T
1-PB2,1226,2,1,5608,0,5611,G
1-PB2,1227,11,2,1,5479,5493,C
1-PB2,1228,5538,0,5,0,5543,A
1-PB2,1229,1,5564,0,9,5574,T
1-PB2,1230,4,39,5726,0,5769,G
1-PB2,1231,5789,1,1,0,5791,A
1-PB2,1232,0,5811,0,3,5814,T
1-PB2,1233,5765,1,2,0,5768,A
1-PB2,1234,5766,0,3,0,5769,A
1-PB2,1235,5765,0,3,2,5770,A
1-PB2,1236,5798,1,4,0,5803,A
1-PB2,1237,0,1,5815,0,5816,G
1-PB2,1238,3,8,0,5941,5952,C
1-PB2,1239,5991,1,0,0,5992,A
1-PB2,1240,0,3,6160,0,6163,G
1-PB2,1241,0,6128,2,8,6138,T
1-PB2,1242,0,6140,1,3,6144,T
1-PB2,1243,6142,1,5,0,6148,A
1-PB2,1244,3,22,6162,1,6188,G
1-PB2,1245,6140,0,7,1,6148,A
1-PB2,1246,0,33,6116,1,6150,G
1-PB2,1247,2,1,6136,1,6140,G
1-PB2,1248,0,5906,0,5,5911,T
1-PB2,1249,2,101,5822,1,5926,G
1-PB2,1250,5929,2,12,1,5944,A
1-PB2,1251,4,3,1,5966,5974,C
1-PB2,1252,33,1,0,5956,5990,C
1-PB2,1253,1,5925,4,11,5941,T
1-PB2,1254,1,65,5907,0,5973,G
1-PB2,1255,5968,1,3,0,5972,A
1-PB2,1256,5975,0,0,0,5975,A
1-PB2,1257,2,5983,0,3,5988,T
1-PB2,1258,0,6037,1,5,6043,T
1-PB2,1259,1,6058,0,2,6061,T
1-PB2,1260,59,2,1,5991,6053,C
1-PB2,1261,8,2,6039,1,6050,G
1-PB2,1262,1,6043,0,10,6054,T
1-PB2,1263,47,3,1,6013,6064,C
1-PB2,1264,6047,1,6,0,6054,A
1-PB2,1265,6064,2,4,1,6071,A
1-PB2,1266,0,3,0,6086,6089,C
1-PB2,1267,6007,0,2,0,6009,A
1-PB2,1268,1,66,6034,0,6101,G
1-PB2,1269,6053,1,16,1,6071,A
1-PB2,1270,3,3,6079,0,6085,G
1-PB2,1271,6,2,0,6077,6085,C
1-PB2,1272,6079,1,3,0,6083,A
1-PB2,1273,6168,0,3,1,6172,A
1-PB2,1274,6171,0,1,0,6172,A
1-PB2,1275,1,6157,0,0,6158,T
1-PB2,1276,52,0,0,6126,6178,C
1-PB2,1277,6121,3,3,0,6127,A
1-PB2,1278,1,1,6129,1,6132,G
1-PB2,1279,6,18,0,6113,6137,C
1-PB2,1280,8,24,6121,0,6153,G
1-PB2,1281,15,3,6441,0,6459,G
1-PB2,1282,0,6394,0,8,6402,T
1-PB2,1283,2,6389,1,10,6402,T
1-PB2,1284,2,60,6349,0,6411,G
1-PB2,1285,6414,0,8,0,6422,A
1-PB2,1286,6458,0,13,0,6471,A
1-PB2,1287,3,2,0,6519,6524,C
1-PB2,1288,32,4,0,6472,6508,C
1-PB2,1289,72,4,0,6462,6538,C
1-PB2,1290,57,3,2,6323,6385,C
1-PB2,1291,6418,0,6,2,6426,A
1-PB2,1292,2,6443,0,3,6448,T
1-PB2,1293,1,2,6457,0,6460,G
1-PB2,1294,8,6,1,6486,6501,C
1-PB2,1295,6468,1,2,0,6471,A
1-PB2,1296,0,6406,1,8,6415,T
1-PB2,1297,38,3,0,6365,6406,C
1-PB2,1298,6355,0,1,0,6356,A
1-PB2,1299,3,3,6434,0,6440,G
1-PB2,1300,4,1,0,6434,6439,C
1-PB2,1301,1,6393,0,14,6408,T
1-PB2,1302,0,6418,1,5,6424,T
1-PB2,1303,0,6404,0,4,6408,T
1-PB2,1304,1,6409,1,3,6414,T
1-PB2,1305,6412,3,0,0,6415,A
1-PB2,1306,6398,2,5,0,6405,A
1-PB2,1307,1,39,6372,0,6412,G
1-PB2,1308,4,3,6363,0,6370,G
1-PB2,1309,5,2,0,6327,6334,C
1-PB2,1310,6321,0,2,0,6323,A
1-PB2,1311,0,6327,1,2,6330,T
1-PB2,1312,1,6334,1,7,6343,T
1-PB2,1313,3,6344,0,7,6354,T
1-PB2,1314,0,6370,1,6,6377,T
1-PB2,1315,42,3,0,6342,6387,C
1-PB2,1316,6376,0,5,1,6382,A
1-PB2,1317,7,44,6336,0,6387,G
1-PB2,1318,6372,1,5,0,6378,A
1-PB2,1319,6376,2,1,0,6379,A
1-PB2,1320,6378,0,4,1,6383,A
1-PB2,1321,1,29,6366,0,6396,G
1-PB2,1322,6421,1,4,0,6426,A
1-PB2,1323,1,6417,0,2,6420,T
1-PB2,1324,2,4,6417,0,6423,G
1-PB2,1325,4,5,1,6411,6421,C
1-PB2,1326,22,36,6374,1,6433,G
1-PB2,1327,6439,0,3,0,6442,A
1-PB2,1328,6434,0,1,0,6435,A
1-PB2,1329,6424,1,6,0,6431,A
1-PB2,1330,1,1,6431,0,6433,G
1-PB2,1331,0,6364,0,6,6370,T
1-PB2,1332,4,10,6361,0,6375,G
1-PB2,1333,5,0,1,6358,6364,C
1-PB2,1334,0,6349,0,8,6357,T
1-PB2,1335,0,6349,0,0,6349,T
1-PB2,1336,3,6362,0,8,6373,T
1-PB2,1337,0,6361,1,6,6368,T
1-PB2,1338,1,6361,0,7,6369,T
1-PB2,1339,47,3,0,6314,6364,C
1-PB2,1340,6363,0,3,1,6367,A
1-PB2,1341,6386,1,0,0,6387,A
1-PB2,1342,6394,0,1,1,6396,A
1-PB2,1343,6408,0,1,0,6409,A
1-PB2,1344,0,6400,1,2,6403,T
1-PB2,1345,0,6406,0,0,6406,T
1-PB2,1346,4,54,6345,0,6403,G
1-PB2,1347,3,64,6339,0,6406,G
1-PB2,1348,2,31,6361,2,6396,G
1-PB2,1349,1,51,6437,0,6489,G
1-PB2,1350,6451,0,7,0,6458,A
1-PB2,1351,1,3,6581,0,6585,G
1-PB2,1352,2,6561,0,9,6572,T
1-PB2,1353,0,6559,0,4,6563,T
1-PB2,1354,3,91,6488,1,6583,G
1-PB2,1355,6572,1,5,0,6578,A
1-PB2,1356,6587,1,13,1,6602,A
1-PB2,1357,1,1,0,6771,6773,C
1-PB2,1358,6669,4,4,0,6677,A
1-PB2,1359,1,1,0,6818,6820,C
1-PB2,1360,6728,1,3,1,6733,A
1-PB2,1361,0,6735,0,2,6737,T
1-PB2,1362,39,7,0,6710,6756,C
1-PB2,1363,10,93,6649,2,6754,G
1-PB2,1364,6771,0,8,0,6779,A
1-PB2,1365,1,4,0,6763,6768,C
1-PB2,1366,6532,0,0,1,6533,A
1-PB2,1367,1,3,6698,0,6702,G
1-PB2,1368,1,6544,0,5,6550,T
1-PB2,1369,3,3,6635,1,6642,G
1-PB2,1370,1,6608,0,8,6617,T
1-PB2,1371,16,35,6561,0,6612,G
1-PB2,1372,6605,0,5,0,6610,A
1-PB2,1373,1,6559,1,4,6565,T
1-PB2,1374,1,59,6511,4,6575,G
1-PB2,1375,1,25,6549,0,6575,G
1-PB2,1376,3,45,6412,1,6461,G
1-PB2,1377,6392,0,6,0,6398,A
1-PB2,1378,6324,1,6,0,6331,A
1-PB2,1379,2,6330,1,1,6334,T
1-PB2,1380,2,50,6339,1,6392,G
1-PB2,1381,6407,0,3,0,6410,A
1-PB2,1382,2,6397,0,1,6400,T
1-PB2,1383,0,6360,0,7,6367,T
1-PB2,1384,4,34,6288,0,6326,G
1-PB2,1385,2,60,6384,0,6446,G
1-PB2,1386,6386,0,25,0,6411,A
1-PB2,1387,0,1,6492,0,6493,G
1-PB2,1388,2,6397,1,4,6404,T
1-PB2,1389,6356,0,2,0,6358,A
1-PB2,1390,1,6345,1,6,6353,T
1-PB2,1391,1,6419,2,3,6425,T
1-PB2,1392,6463,0,7,0,6470,A
1-PB2,1393,2,2,1,6488,6493,C
1-PB2,1394,38,5,1,6331,6375,C
1-PB2,1395,6317,1,6,0,6324,A
1-PB2,1396,0,17,6331,1,6349,G
1-PB2,1397,6415,0,7,0,6422,A
1-PB2,1398,0,6380,1,4,6385,T
1-PB2,1399,6329,2,1,0,6332,A
1-PB2,1400,0,6259,0,11,6270,T
1-PB2,1401,4,103,6135,0,6242,G
1-PB2,1402,6244,1,8,0,6253,A
1-PB2,1403,2,3,0,6307,6312,C
1-PB2,1404,2,6232,0,7,6241,T
1-PB2,1405,48,2,0,6184,6234,C
1-PB2,1406,26,4,0,6140,6170,C
1-PB2,1407,6173,2,9,0,6184,A
1-PB2,1408,6214,1,4,0,6219,A
1-PB2,1409,3,4,6357,0,6364,G
1-PB2,1410,5,4,1,6339,6349,C
1-PB2,1411,6308,1,4,1,6314,A
1-PB2,1412,1,3,0,6284,6288,C
1-PB2,1413,6209,1,4,20,6234,A
1-PB2,1414,2,29,6220,0,6251,G
1-PB2,1415,6216,1,2,0,6219,A
1-PB2,1416,0,20,6234,0,6254,G
1-PB2,1417,6259,0,6,0,6265,A
1-PB2,1418,0,6079,0,6,6085,T
1-PB2,1419,2,3,6169,0,6174,G
1-PB2,1420,0,6132,1,10,6143,T
1-PB2,1421,73,2,1,6033,6109,C
1-PB2,1422,6125,0,7,1,6133,A
1-PB2,1423,6123,2,1,0,6126,A
1-PB2,1424,2,6108,0,1,6111,T
1-PB2,1425,4,80,6007,0,6091,G
1-PB2,1426,5981,2,10,1,5994,A
1-PB2,1427,1,33,6018,0,6052,G
1-PB2,1428,5930,1,13,0,5944,A
1-PB2,1429,2,25,5938,0,5965,G
1-PB2,1430,2,49,6153,0,6204,G
1-PB2,1431,6186,1,7,0,6194,A
1-PB2,1432,6203,0,5,0,6208,A
1-PB2,1433,0,6211,0,3,6214,T
1-PB2,1434,6211,0,2,0,6213,A
1-PB2,1435,6203,1,3,1,6208,A
1-PB2,1436,2,69,6115,0,6186,G
1-PB2,1437,6149,0,12,1,6162,A
1-PB2,1438,0,2,6171,1,6174,G
1-PB2,1439,0,5862,0,4,5866,T
1-PB2,1440,83,3,1,5798,5885,C
1-PB2,1441,5865,3,13,1,5882,A
1-PB2,1442,1,8,5912,0,5921,G
1-PB2,1443,4,2,0,5932,5938,C
1-PB2,1444,5927,2,3,0,5932,A
1-PB2,1445,5939,1,1,1,5942,A
1-PB2,1446,5913,1,2,0,5916,A
1-PB2,1447,5916,1,6,0,5923,A
1-PB2,1448,2,5910,0,0,5912,T
1-PB2,1449,1,68,5856,0,5925,G
1-PB2,1450,2,41,5886,0,5929,G
1-PB2,1451,2,2,5944,0,5948,G
1-PB2,1452,0,5866,0,2,5868,T
1-PB2,1453,4,0,5866,1,5871,G
1-PB2,1454,0,5857,0,5,5862,T
1-PB2,1455,2,34,5831,1,5868,G
1-PB2,1456,1,19,5915,0,5935,G
1-PB2,1457,5933,2,5,0,5940,A
1-PB2,1458,1,5896,0,4,5901,T
1-PB2,1459,2,63,5877,1,5943,G
1-PB2,1460,5876,0,6,1,5883,A
1-PB2,1461,5889,0,7,0,5896,A
1-PB2,1462,1,5886,0,2,5889,T
1-PB2,1463,5846,0,3,0,5849,A
1-PB2,1464,4,1,1,6174,6180,C
1-PB2,1465,0,6037,0,18,6055,T
1-PB2,1466,70,3,1,6029,6103,C
1-PB2,1467,28,4,1,6052,6085,C
1-PB2,1468,6063,1,3,0,6067,A
1-PB2,1469,1,6,6241,0,6248,G
1-PB2,1470,0,6217,0,1,6218,T
1-PB2,1471,6250,1,2,0,6253,A
1-PB2,1472,2,0,1,6257,6260,C
1-PB2,1473,5687,0,4,0,5691,A
1-PB2,1474,2,38,5673,1,5714,G
1-PB2,1475,5572,1,6,1,5580,A
1-PB2,1476,0,34,5586,0,5620,G
1-PB2,1477,5464,0,8,0,5472,A
1-PB2,1478,1,44,5291,0,5336,G
1-PB2,1479,0,34,5277,0,5311,G
1-PB2,1480,7,1,5315,0,5323,G
1-PB2,1481,0,5240,1,4,5245,T
1-PB2,1482,9,26,5199,0,5234,G
1-PB2,1483,0,1,5233,0,5234,G
1-PB2,1484,0,5180,0,6,5186,T
1-PB2,1485,3,40,5221,0,5264,G
1-PB2,1486,1,1,5267,0,5269,G
1-PB2,1487,1,5120,0,1,5122,T
1-PB2,1488,0,5117,0,1,5118,T
1-PB2,1489,5025,1,5,0,5031,A
1-PB2,1490,1,3,5055,0,5059,G
1-PB2,1491,2,2,0,5033,5037,C
1-PB2,1492,5017,0,0,1,5018,A
1-PB2,1493,0,5001,0,3,5004,T
1-PB2,1494,0,4726,2,0,4728,T
1-PB2,1495,1,52,4675,0,4728,G
1-PB2,1496,4721,0,1,0,4722,A
1-PB2,1497,0,4724,1,3,4728,T
1-PB2,1498,68,2,0,4654,4724,C
1-PB2,1499,8,31,4614,0,4653,G
1-PB2,1500,1,0,4715,1,4717,G
1-PB2,1501,0,4697,1,2,4700,T
1-PB2,1502,1,4689,0,6,4696,T
1-PB2,1503,0,4701,1,1,4703,T
1-PB2,1504,0,4689,1,3,4693,T
1-PB2,1505,1,4685,0,5,4691,T
1-PB2,1506,1,36,4656,0,4693,G
1-PB2,1507,4678,0,6,0,4684,A
1-PB2,1508,1,40,4658,0,4699,G
1-PB2,1509,4508,1,7,0,4516,A
1-PB2,1510,3,0,4541,0,4544,G
1-PB2,1511,0,4529,0,8,4537,T
1-PB2,1512,1,4521,0,1,4523,T
1-PB2,1513,81,4,12,4438,4535,C
1-PB2,1514,2,33,4508,0,4543,G
1-PB2,1515,4527,1,9,0,4537,A
1-PB2,1516,1,42,4498,0,4541,G
1-PB2,1517,4529,0,6,0,4535,A
1-PB2,1518,2,0,0,4519,4521,C
1-PB2,1519,47,3,1,4419,4470,C
1-PB2,1520,4424,0,4,0,4428,A
1-PB2,1521,4463,1,6,0,4470,A
1-PB2,1522,0,2,0,4476,4478,C
1-PB2,1523,8,1,4479,0,4488,G
1-PB2,1524,0,4447,1,3,4451,T
1-PB2,1525,4,43,4391,3,4441,G
1-PB2,1526,2,19,4443,1,4465,G
1-PB2,1527,5,24,4426,1,4456,G
1-PB2,1528,4397,0,2,1,4400,A
1-PB2,1529,4384,0,1,0,4385,A
1-PB2,1530,5,4225,3,1,4234,T
1-PB2,1531,3,1,4350,0,4354,G
1-PB2,1532,0,4332,1,1,4334,T
1-PB2,1533,4336,0,2,0,4338,A
1-PB2,1534,0,4337,0,3,4340,T
1-PB2,1535,1,4275,0,0,4276,T
1-PB2,1536,4298,1,2,0,4301,A
1-PB2,1537,1,4282,1,1,4285,T
1-PB2,1538,0,4220,1,1,4222,T
1-PB2,1539,4216,1,0,0,4217,A
1-PB2,1540,1,3789,1,6,3797,T
1-PB2,1541,25,2,1,3855,3883,C
1-PB2,1542,1,3834,0,5,3840,T
1-PB2,1543,31,0,0,3802,3833,C
1-PB2,1544,11,1,0,3828,3840,C
1-PB2,1545,0,3719,0,8,3727,T
1-PB2,1546,1,14,3716,0,3731,G
1-PB2,1547,3708,0,3,0,3711,A
1-PB2,1548,0,12,3706,0,3718,G
1-PB2,1549,2,11,3701,0,3714,G
1-PB2,1550,3260,2,5,0,3267,A
1-PB2,1551,1,16,3271,0,3288,G
1-PB2,1552,1,1,3272,0,3274,G
1-PB2,1553,0,3160,1,5,3166,T
1-PB2,1554,39,0,0,3127,3166,C
1-PB2,1555,3131,0,1,1,3133,A
1-PB2,1556,1,0,3159,0,3160,G
1-PB2,1557,0,3136,1,2,3139,T
1-PB2,1558,3,29,3111,1,3144,G
1-PB2,1559,3144,0,4,0,3148,A
1-PB2,1560,3012,1,1,0,3014,A
1-PB2,1561,3018,0,3,0,3021,A
1-PB2,1562,2,1,0,3023,3026,C
1-PB2,1563,2974,1,0,0,2975,A
1-PB2,1564,1,1,0,2970,2972,C
1-PB2,1565,2820,1,4,1,2826,A
1-PB2,1566,0,14,2824,0,2838,G
1-PB2,1567,0,9,2810,0,2819,G
1-PB2,1568,1,26,2806,0,2833,G
1-PB2,1569,2822,0,1,0,2823,A
1-PB2,1570,2772,0,1,0,2773,A
1-PB2,1571,0,9,0,2782,2791,C
1-PB2,1572,1,2732,0,1,2734,T
1-PB2,1573,0,18,2715,0,2733,G
1-PB2,1574,2703,0,3,0,2706,A
1-PB2,1575,0,15,2696,0,2711,G
1-PB2,1576,2618,0,3,0,2621,A
1-PB2,1577,0,26,2401,0,2427,G
1-PB2,1578,2404,1,1,0,2406,A
1-PB2,1579,0,0,0,2402,2402,C
1-PB2,1580,0,2279,1,1,2281,T
1-PB2,1581,1,23,2286,0,2310,G
1-PB2,1582,2284,1,6,0,2291,A
1-PB2,1583,2,1,0,2289,2292,C
1-PB2,1584,2275,0,1,0,2276,A
1-PB2,1585,2265,0,2,0,2267,A
1-PB2,1586,0,2252,0,0,2252,T
1-PB2,1587,2243,0,0,0,2243,A
1-PB2,1588,2239,0,4,0,2243,A
1-PB2,1589,1,0,0,2261,2262,C
1-PB2,1590,0,2079,0,4,2083,T
1-PB2,1591,0,2067,1,2,2070,T
1-PB2,1592,2031,0,0,0,2031,A
1-PB2,1593,0,2032,0,1,2033,T
1-PB2,1594,2,2023,0,2,2027,T
1-PB2,1595,25,0,0,1998,2023,C
1-PB2,1596,1873,0,1,0,1874,A
1-PB2,1597,1,1870,0,1,1872,T
1-PB2,1598,9,3,0,1786,1798,C
1-PB2,1599,10,1,1794,0,1805,G
1-PB2,1600,1,1811,0,2,1814,T
1-PB2,1601,17,2,0,1767,1786,C
1-PB2,1602,5,5,1774,0,1784,G
1-PB2,1603,1778,0,6,0,1784,A
1-PB2,1604,0,1774,0,1,1775,T
1-PB2,1605,0,5,1771,0,1776,G
1-PB2,1606,1764,0,2,0,1766,A
1-PB2,1607,1,1759,0,0,1760,T
1-PB2,1608,1,1,1753,0,1755,G
1-PB2,1609,0,1636,2,4,1642,T
1-PB2,1610,2,14,1619,0,1635,G
1-PB2,1611,0,3,1633,0,1636,G
1-PB2,1612,1,4,1630,0,1635,G
1-PB2,1613,1572,0,0,0,1572,A
1-PB2,1614,1,3,1528,0,1532,G
1-PB2,1615,1388,0,1,0,1389,A
1-PB2,1616,0,1338,0,0,1338,T
1-PB2,1617,0,1295,1,0,1296,T
1-PB2,1618,1285,0,0,1,1286,A
1-PB2,1619,1280,0,2,0,1282,A
1-PB2,1620,0,4,0,1273,1277,C
1-PB2,1621,5,11,1144,0,1160,G
1-PB2,1622,0,0,1154,0,1154,G
1-PB2,1623,0,1003,0,0,1003,T
1-PB2,1624,7,1,0,986,994,C
1-PB2,1625,2,0,0,981,983,C
1-PB2,1626,0,918,0,0,918,T
1-PB2,1627,1,9,911,0,921,G
1-PB2,1628,918,1,0,0,919,A
1-PB2,1629,0,0,923,0,923,G
1-PB2,1630,0,920,0,0,920,T
1-PB2,1631,15,2,0,862,879,C
1-PB2,1632,0,7,870,0,877,G
1-PB2,1633,0,0,896,0,896,G
1-PB2,1634,0,890,0,1,891,T
1-PB2,1635,0,892,0,1,893,T
1-PB2,1636,0,888,0,3,891,T
1-PB2,1637,0,888,0,0,888,T
1-PB2,1638,1,11,913,0,925,G
1-PB2,1639,1,0,926,0,927,G
1-PB2,1640,1,925,1,0,927,T
1-PB2,1641,12,0,0,919,931,C
1-PB2,1642,913,1,0,0,914,A
1-PB2,1643,942,0,0,0,942,A
1-PB2,1644,0,943,0,0,943,T
1-PB2,1645,944,1,1,1,947,A
1-PB2,1646,1,0,0,966,967,C
1-PB2,1647,6,1,1,932,940,C
1-PB2,1648,0,939,1,1,941,T
1-PB2,1649,959,0,1,0,960,A
1-PB2,1650,1,958,0,0,959,T
1-PB2,1651,5,1,0,956,962,C
1-PB2,1652,942,1,0,0,943,A
1-PB2,1653,941,0,0,0,941,A
1-PB2,1654,0,940,0,0,940,T
1-PB2,1655,0,10,903,0,913,G
1-PB2,1656,0,2,915,0,917,G
1-PB2,1657,903,0,0,0,903,A
1-PB2,1658,0,880,0,2,882,T
1-PB2,1659,6,0,0,871,877,C
1-PB2,1660,885,0,1,0,886,A
1-PB2,1661,0,885,0,2,887,T
1-PB2,1662,4,1,0,881,886,C
1-PB2,1663,886,0,1,0,887,A
1-PB2,1664,6,3,885,0,894,G
1-PB2,1665,887,0,0,0,887,A
1-PB2,1666,889,0,0,0,889,A
1-PB2,1667,892,0,0,1,893,A
1-PB2,1668,0,893,0,0,893,T
1-PB2,1669,0,883,0,0,883,T
1-PB2,1670,0,9,875,0,884,G
1-PB2,1671,0,5,878,0,883,G
1-PB2,1672,0,0,880,0,880,G
1-PB2,1673,876,1,1,0,878,A
1-PB2,1674,876,1,1,0,878,A
1-PB2,1675,0,0,879,0,879,G
1-PB2,1676,2,0,0,876,878,C
1-PB2,1677,0,872,0,1,873,T
1-PB2,1678,1,0,879,0,880,G
1-PB2,1679,0,881,0,1,882,T
1-PB2,1680,11,0,0,869,880,C
1-PB2,1681,884,0,0,0,884,A
1-PB2,1682,885,0,1,0,886,A
1-PB2,1683,882,1,0,1,884,A
1-PB2,1684,892,0,0,0,892,A
1-PB2,1685,0,892,1,1,894,T
1-PB2,1686,0,893,0,0,893,T
1-PB2,1687,14,0,0,872,886,C
1-PB2,1688,876,0,0,0,876,A
1-PB2,1689,877,0,0,0,877,A
1-PB2,1690,0,877,1,0,878,T
1-PB2,1691,0,12,870,0,882,G
1-PB2,1692,0,1,888,0,889,G
1-PB2,1693,1,892,0,1,894,T
1-PB2,1694,10,0,0,891,901,C
1-PB2,1695,0,901,0,1,902,T
1-PB2,1696,8,1,0,897,906,C
1-PB2,1697,904,1,0,0,905,A
1-PB2,1698,0,4,910,0,914,G
1-PB2,1699,908,1,0,0,909,A
1-PB2,1700,919,1,0,0,920,A
1-PB2,1701,0,911,0,0,911,T
1-PB2,1702,5,0,0,888,893,C
1-PB2,1703,3,1,0,912,916,C
1-PB2,1704,1,908,1,1,911,T
1-PB2,1705,1,2,910,0,913,G
1-PB2,1706,0,2,1,912,915,C
1-PB2,1707,908,0,0,0,908,A
1-PB2,1708,917,0,0,1,918,A
1-PB2,1709,0,902,0,0,902,T
1-PB2,1710,2,0,917,0,919,G
1-PB2,1711,0,923,0,0,923,T
1-PB2,1712,0,896,0,0,896,T
1-PB2,1713,0,2,903,0,905,G
1-PB2,1714,0,903,0,0,903,T
1-PB2,1715,902,0,1,0,903,A
1-PB2,1716,0,0,0,903,903,C
1-PB2,1717,884,0,0,0,884,A
1-PB2,1718,894,0,0,0,894,A
1-PB2,1719,1,1,0,880,882,C
1-PB2,1720,862,0,1,0,863,A
1-PB2,1721,861,0,1,1,863,A
1-PB2,1722,854,0,0,0,854,A
1-PB2,1723,856,0,1,0,857,A
1-PB2,1724,0,858,0,1,859,T
1-PB2,1725,0,5,854,0,859,G
1-PB2,1726,1,6,854,0,861,G
1-PB2,1727,849,0,2,0,851,A
1-PB2,1728,852,0,0,0,852,A
1-PB2,1729,0,848,1,0,849,T
1-PB2,1730,0,847,0,0,847,T
1-PB2,1731,0,845,0,0,845,T
1-PB2,1732,1,10,834,0,845,G
1-PB2,1733,847,1,0,0,848,A
1-PB2,1734,850,0,0,0,850,A
1-PB2,1735,0,0,0,851,851,C
1-PB2,1736,7,1,0,835,843,C
1-PB2,1737,855,1,0,0,856,A
1-PB2,1738,0,863,0,1,864,T
1-PB2,1739,0,864,0,1,865,T
1-PB2,1740,0,864,0,1,865,T
1-PB2,1741,9,1,0,856,866,C
1-PB2,1742,863,1,2,0,866,A
1-PB2,1743,869,0,0,0,869,A
1-PB2,1744,0,871,0,0,871,T
1-PB2,1745,9,1,0,874,884,C
1-PB2,1746,1,867,1,2,871,T
1-PB2,1747,0,871,0,0,871,T
1-PB2,1748,0,871,0,0,871,T
1-PB2,1749,869,0,1,0,870,A
1-PB2,1750,0,0,875,0,875,G
1-PB2,1751,0,873,0,2,875,T
1-PB2,1752,6,0,0,890,896,C
1-PB2,1753,3,0,2,894,899,C
1-PB2,1754,4,1,0,885,890,C
1-PB2,1755,2,10,0,880,892,C
1-PB2,1756,890,0,1,0,891,A
1-PB2,1757,894,0,0,0,894,A
1-PB2,1758,1,5,904,0,910,G
1-PB2,1759,0,0,912,0,912,G
1-PB2,1760,0,0,0,909,909,C
1-PB2,1761,3,0,0,890,893,C
1-PB2,1762,891,0,1,0,892,A
1-PB2,1763,0,902,0,0,902,T
1-PB2,1764,0,902,0,0,902,T
1-PB2,1765,901,0,1,0,902,A
1-PB2,1766,0,2,896,0,898,G
1-PB2,1767,888,0,0,0,888,A
1-PB2,1768,916,0,3,0,919,A
1-PB2,1769,0,2,925,0,927,G
1-PB2,1770,0,0,0,931,931,C
1-PB2,1771,7,0,1,924,932,C
1-PB2,1772,924,0,0,0,924,A
1-PB2,1773,933,0,0,0,933,A
1-PB2,1774,0,937,0,0,937,T
1-PB2,1775,942,0,1,0,943,A
1-PB2,1776,1,0,0,946,947,C
1-PB2,1777,879,0,1,0,880,A
1-PB2,1778,0,2,882,0,884,G
1-PB2,1779,0,866,0,0,866,T
1-PB2,1780,0,15,861,1,877,G
1-PB2,1781,2,4,866,0,872,G
1-PB2,1782,0,0,875,0,875,G
1-PB2,1783,0,861,0,0,861,T
1-PB2,1784,1,850,0,1,852,T
1-PB2,1785,0,860,0,1,861,T
1-PB2,1786,0,1,869,0,870,G
1-PB2,1787,1,871,0,3,875,T
1-PB2,1788,9,0,0,861,870,C
1-PB2,1789,862,0,0,0,862,A
1-PB2,1790,1,12,855,0,868,G
1-PB2,1791,863,0,0,0,863,A
1-PB2,1792,863,0,0,0,863,A
1-PB2,1793,0,0,0,860,860,C
1-PB2,1794,0,838,0,0,838,T
1-PB2,1795,9,0,0,854,863,C
1-PB2,1796,0,865,0,0,865,T
1-PB2,1797,864,0,0,0,864,A
1-PB2,1798,0,864,0,1,865,T
1-PB2,1799,0,864,0,0,864,T
1-PB2,1800,5,3,0,856,864,C
1-PB2,1801,2,0,0,857,859,C
1-PB2,1802,852,0,1,0,853,A
1-PB2,1803,859,0,0,0,859,A
1-PB2,1804,0,0,0,861,861,C
1-PB2,1805,852,0,0,0,852,A
1-PB2,1806,861,0,0,0,861,A
1-PB2,1807,863,0,0,0,863,A
1-PB2,1808,0,862,0,1,863,T
1-PB2,1809,0,3,860,0,863,G
1-PB2,1810,854,2,1,0,857,A
1-PB2,1811,0,8,855,0,863,G
1-PB2,1812,857,0,1,0,858,A
1-PB2,1813,0,2,863,0,865,G
1-PB2,1814,867,0,0,0,867,A
1-PB2,1815,0,0,0,860,860,C
1-PB2,1816,0,0,861,0,861,G
1-PB2,1817,0,870,0,0,870,T
1-PB2,1818,879,0,0,0,879,A
1-PB2,1819,0,0,0,884,884,C
1-PB2,1820,0,876,0,0,876,T
1-PB2,1821,0,874,0,1,875,T
1-PB2,1822,0,14,854,0,868,G
1-PB2,1823,0,10,861,0,871,G
1-PB2,1824,0,6,871,0,877,G
1-PB2,1825,868,0,1,0,869,A
1-PB2,1826,1,1,0,878,880,C
1-PB2,1827,888,0,0,0,888,A
1-PB2,1828,0,895,0,0,895,T
1-PB2,1829,0,894,0,0,894,T
1-PB2,1830,0,896,0,0,896,T
1-PB2,1831,1,13,881,0,895,G
1-PB2,1832,892,0,3,0,895,A
1-PB2,1833,0,1,0,894,895,C
1-PB2,1834,892,0,0,0,892,A
1-PB2,1835,0,0,0,891,891,C
1-PB2,1836,4,0,0,866,870,C
1-PB2,1837,889,1,0,0,890,A
1-PB2,1838,0,1,0,894,895,C
1-PB2,1839,7,0,0,882,889,C
1-PB2,1840,11,1,0,885,897,C
1-PB2,1841,888,0,1,0,889,A
1-PB2,1842,0,5,890,0,895,G
1-PB2,1843,896,0,0,0,896,A
1-PB2,1844,0,913,0,0,913,T
1-PB2,1845,904,0,0,0,904,A
1-PB2,1846,894,1,0,0,895,A
1-PB2,1847,0,892,0,1,893,T
1-PB2,1848,890,0,0,1,891,A
1-PB2,1849,889,0,1,0,890,A
1-PB2,1850,887,0,2,0,889,A
1-PB2,1851,0,1,889,0,890,G
1-PB2,1852,0,2,0,882,884,C
1-PB2,1853,0,859,0,0,859,T
1-PB2,1854,0,856,0,1,857,T
1-PB2,1855,4,0,0,852,856,C
1-PB2,1856,0,853,0,2,855,T
1-PB2,1857,6,0,0,861,867,C
1-PB2,1858,0,0,0,868,868,C
1-PB2,1859,7,0,0,871,878,C
1-PB2,1860,1,875,0,2,878,T
1-PB2,1861,0,877,1,0,878,T
1-PB2,1862,0,879,0,0,879,T
1-PB2,1863,0,878,0,0,878,T
1-PB2,1864,0,1,874,0,875,G
1-PB2,1865,1,0,0,876,877,C
1-PB2,1866,862,0,0,0,862,A
1-PB2,1867,0,1,861,0,862,G
1-PB2,1868,2,0,0,859,861,C
1-PB2,1869,0,849,0,3,852,T
1-PB2,1870,0,0,858,0,858,G
1-PB2,1871,0,1,0,861,862,C
1-PB2,1872,0,856,0,2,858,T
1-PB2,1873,10,0,0,857,867,C
1-PB2,1874,8,0,0,870,878,C
1-PB2,1875,883,0,0,0,883,A
1-PB2,1876,1,1,0,882,884,C
1-PB2,1877,5,0,0,877,882,C
1-PB2,1878,876,0,0,0,876,A
1-PB2,1879,882,0,0,0,882,A
1-PB2,1880,876,0,2,1,879,A
1-PB2,1881,1,2,881,0,884,G
1-PB2,1882,0,0,0,884,884,C
1-PB2,1883,875,0,1,0,876,A
1-PB2,1884,872,0,2,0,874,A
1-PB2,1885,869,0,0,1,870,A
1-PB2,1886,0,1,880,0,881,G
1-PB2,1887,0,0,0,882,882,C
1-PB2,1888,877,0,0,0,877,A
1-PB2,1889,0,12,869,0,881,G
1-PB2,1890,873,0,1,1,875,A
1-PB2,1891,890,0,1,0,891,A
1-PB2,1892,0,890,0,0,890,T
1-PB2,1893,1,0,879,0,880,G
1-PB2,1894,0,1,0,882,883,C
1-PB2,1895,865,0,1,0,866,A
1-PB2,1896,2,1,870,0,873,G
1-PB2,1897,0,866,0,5,871,T
1-PB2,1898,0,879,0,3,882,T
1-PB2,1899,11,0,0,874,885,C
1-PB2,1900,0,878,0,0,878,T
1-PB2,1901,10,0,1,880,891,C
1-PB2,1902,0,886,0,2,888,T
1-PB2,1903,0,884,0,1,885,T
1-PB2,1904,1,1,0,883,885,C
1-PB2,1905,869,0,0,0,869,A
1-PB2,1906,0,0,0,869,869,C
1-PB2,1907,0,841,0,1,842,T
1-PB2,1908,2,9,851,0,862,G
1-PB2,1909,856,0,1,0,857,A
1-PB2,1910,0,0,0,871,871,C
1-PB2,1911,0,853,0,1,854,T
1-PB2,1912,1,0,864,0,865,G
1-PB2,1913,0,858,0,1,859,T
1-PB2,1914,1,3,864,1,869,G
1-PB2,1915,868,0,3,0,871,A
1-PB2,1916,876,0,0,0,876,A
1-PB2,1917,0,864,0,0,864,T
1-PB2,1918,1,0,861,0,862,G
1-PB2,1919,0,839,0,0,839,T
1-PB2,1920,0,9,829,0,838,G
1-PB2,1921,818,1,1,0,820,A
1-PB2,1922,0,8,815,0,823,G
1-PB2,1923,0,8,808,0,816,G
1-PB2,1924,0,4,813,0,817,G
1-PB2,1925,0,9,843,0,852,G
1-PB2,1926,851,0,0,0,851,A
1-PB2,1927,0,850,0,0,850,T
1-PB2,1928,3,0,0,848,851,C
1-PB2,1929,844,0,0,0,844,A
1-PB2,1930,0,11,848,0,859,G
1-PB2,1931,0,3,860,0,863,G
1-PB2,1932,0,5,855,0,860,G
1-PB2,1933,861,0,0,0,861,A
1-PB2,1934,0,820,0,0,820,T
1-PB2,1935,0,9,816,0,825,G
1-PB2,1936,819,0,1,0,820,A
1-PB2,1937,3,9,832,0,844,G
1-PB2,1938,835,2,0,0,837,A
1-PB2,1939,812,1,1,0,814,A
1-PB2,1940,0,827,0,0,827,T
1-PB2,1941,825,0,0,0,825,A
1-PB2,1942,0,1,0,835,836,C
1-PB2,1943,0,829,0,1,830,T
1-PB2,1944,0,824,0,0,824,T
1-PB2,1945,0,0,827,0,827,G
1-PB2,1946,0,798,0,1,799,T
1-PB2,1947,798,0,0,0,798,A
1-PB2,1948,797,0,0,0,797,A
1-PB2,1949,0,5,782,0,787,G
1-PB2,1950,0,1,795,0,796,G
1-PB2,1951,1,6,785,0,792,G
1-PB2,1952,0,2,786,0,788,G
1-PB2,1953,1,0,0,789,790,C
1-PB2,1954,786,0,0,0,786,A
1-PB2,1955,789,0,1,1,791,A
1-PB2,1956,0,790,0,0,790,T
1-PB2,1957,0,790,0,0,790,T
1-PB2,1958,4,0,0,801,805,C
1-PB2,1959,1,794,0,8,803,T
1-PB2,1960,2,1,0,815,818,C
1-PB2,1961,3,0,0,815,818,C
1-PB2,1962,0,810,0,1,811,T
1-PB2,1963,1,0,831,0,832,G
1-PB2,1964,0,812,0,1,813,T
1-PB2,1965,812,0,2,0,814,A
1-PB2,1966,0,818,0,0,818,T
1-PB2,1967,0,803,0,0,803,T
1-PB2,1968,5,1,1,801,808,C
1-PB2,1969,799,0,0,0,799,A
1-PB2,1970,805,0,0,0,805,A
1-PB2,1971,0,0,0,812,812,C
1-PB2,1972,0,795,0,0,795,T
1-PB2,1973,796,0,0,0,796,A
1-PB2,1974,2,0,0,809,811,C
1-PB2,1975,808,0,1,0,809,A
1-PB2,1976,809,0,0,0,809,A
1-PB2,1977,0,0,1,806,807,C
1-PB2,1978,794,0,1,0,795,A
1-PB2,1979,790,0,1,0,791,A
1-PB2,1980,0,13,777,0,790,G
1-PB2,1981,788,1,1,0,790,A
1-PB2,1982,0,0,0,789,789,C
1-PB2,1983,5,0,0,769,774,C
1-PB2,1984,776,0,0,0,776,A
1-PB2,1985,1,0,0,798,799,C
1-PB2,1986,0,797,0,1,798,T
1-PB2,1987,796,0,1,0,797,A
1-PB2,1988,794,0,0,0,794,A
1-PB2,1989,799,0,0,0,799,A
1-PB2,1990,795,0,0,0,795,A
1-PB2,1991,0,6,803,0,809,G
1-PB2,1992,799,0,0,0,799,A
1-PB2,1993,0,4,0,797,801,C
1-PB2,1994,0,782,0,0,782,T
1-PB2,1995,783,0,0,0,783,A
1-PB2,1996,782,0,0,0,782,A
1-PB2,1997,0,0,0,783,783,C
1-PB2,1998,782,1,0,0,783,A
1-PB2,1999,782,0,1,0,783,A
1-PB2,2000,0,770,0,1,771,T
1-PB2,2001,0,766,0,1,767,T
1-PB2,2002,10,0,0,765,775,C
1-PB2,2003,0,764,0,2,766,T
1-PB2,2004,6,1,0,767,774,C
1-PB2,2005,2,5,766,0,773,G
1-PB2,2006,2,4,772,0,778,G
1-PB2,2007,779,0,0,0,779,A
1-PB2,2008,776,0,1,0,777,A
1-PB2,2009,777,0,0,0,777,A
1-PB2,2010,768,0,1,0,769,A
1-PB2,2011,0,3,777,0,780,G
1-PB2,2012,774,0,2,0,776,A
1-PB2,2013,0,781,0,1,782,T
1-PB2,2014,0,0,781,0,781,G
1-PB2,2015,1,0,0,778,779,C
1-PB2,2016,4,2,0,772,778,C
1-PB2,2017,1,1,771,0,773,G
1-PB2,2018,0,1,774,0,775,G
1-PB2,2019,2,0,0,772,774,C
1-PB2,2020,778,1,0,0,779,A
1-PB2,2021,0,1,0,821,822,C
1-PB2,2022,0,818,0,1,819,T
1-PB2,2023,0,819,0,0,819,T
1-PB2,2024,0,825,0,0,825,T
1-PB2,2025,825,0,1,0,826,A
1-PB2,2026,821,0,1,0,822,A
1-PB2,2027,0,824,0,0,824,T
1-PB2,2028,757,0,2,1,760,A
1-PB2,2029,4,4,761,0,769,G
1-PB2,2030,768,0,0,0,768,A
1-PB2,2031,769,0,1,0,770,A
1-PB2,2032,0,11,759,0,770,G
1-PB2,2033,777,1,1,0,779,A
1-PB2,2034,2,0,0,777,779,C
1-PB2,2035,6,0,0,772,778,C
1-PB2,2036,8,0,0,769,777,C
1-PB2,2037,771,0,0,0,771,A
1-PB2,2038,0,3,787,0,790,G
1-PB2,2039,786,0,0,0,786,A
1-PB2,2040,0,786,0,0,786,T
1-PB2,2041,0,4,780,0,784,G
1-PB2,2042,772,1,0,1,774,A
1-PB2,2043,772,0,1,0,773,A
1-PB2,2044,771,0,1,0,772,A
1-PB2,2045,0,0,772,0,772,G
1-PB2,2046,1,1,0,780,782,C
1-PB2,2047,770,0,0,0,770,A
1-PB2,2048,0,0,0,780,780,C
1-PB2,2049,778,0,1,0,779,A
1-PB2,2050,0,779,0,0,779,T
1-PB2,2051,4,0,0,784,788,C
1-PB2,2052,3,3,0,779,785,C
1-PB2,2053,2,2,787,0,791,G
1-PB2,2054,0,4,786,0,790,G
1-PB2,2055,784,0,0,0,784,A
1-PB2,2056,0,0,789,0,789,G
1-PB2,2057,0,773,0,1,774,T
1-PB2,2058,3,0,768,0,771,G
1-PB2,2059,0,2,766,0,768,G
1-PB2,2060,763,0,1,0,764,A
1-PB2,2061,0,0,765,0,765,G
1-PB2,2062,0,755,0,2,757,T
1-PB2,2063,5,0,0,750,755,C
1-PB2,2064,7,1,0,744,752,C
1-PB2,2065,1,0,753,0,754,G
1-PB2,2066,3,0,0,750,753,C
1-PB2,2067,2,2,0,746,750,C
1-PB2,2068,2,0,768,0,770,G
1-PB2,2069,0,770,0,2,772,T
1-PB2,2070,2,2,0,780,784,C
1-PB2,2071,1,781,0,0,782,T
1-PB2,2072,0,779,0,0,779,T
1-PB2,2073,0,10,768,0,778,G
1-PB2,2074,770,0,1,0,771,A
1-PB2,2075,0,3,771,0,774,G
1-PB2,2076,765,0,2,0,767,A
1-PB2,2077,0,11,737,1,749,G
1-PB2,2078,0,4,744,0,748,G
1-PB2,2079,0,0,741,0,741,G
1-PB2,2080,1,732,0,0,733,T
1-PB2,2081,0,731,0,1,732,T
1-PB2,2082,0,732,0,0,732,T
1-PB2,2083,6,0,0,730,736,C
1-PB2,2084,0,733,1,1,735,T
1-PB2,2085,11,0,0,737,748,C
1-PB2,2086,750,0,0,0,750,A
1-PB2,2087,1,745,0,0,746,T
1-PB2,2088,0,741,0,0,741,T
1-PB2,2089,741,0,0,0,741,A
1-PB2,2090,0,743,0,0,743,T
1-PB2,2091,735,0,0,0,735,A
1-PB2,2092,0,5,741,0,746,G
1-PB2,2093,0,0,751,0,751,G
1-PB2,2094,0,711,0,0,711,T
1-PB2,2095,709,0,0,1,710,A
1-PB2,2096,709,0,0,0,709,A
1-PB2,2097,2,5,702,0,709,G
1-PB2,2098,0,0,712,0,712,G
1-PB2,2099,706,0,0,0,706,A
1-PB2,2100,696,0,1,0,697,A
1-PB2,2101,0,5,690,0,695,G
1-PB2,2102,687,0,3,0,690,A
1-PB2,2103,0,1,0,693,694,C
1-PB2,2104,691,0,0,0,691,A
1-PB2,2105,0,3,689,0,692,G
1-PB2,2106,683,1,1,0,685,A
1-PB2,2107,682,0,0,0,682,A
1-PB2,2108,0,5,683,0,688,G
1-PB2,2109,684,0,0,0,684,A
1-PB2,2110,0,684,0,0,684,T
1-PB2,2111,681,0,0,0,681,A
1-PB2,2112,0,2,0,675,677,C
1-PB2,2113,1,3,664,0,668,G
1-PB2,2114,0,7,670,0,677,G
1-PB2,2115,671,0,0,0,671,A
1-PB2,2116,0,0,0,674,674,C
1-PB2,2117,7,1,0,658,666,C
1-PB2,2118,650,0,1,0,651,A
1-PB2,2119,1,0,682,0,683,G
1-PB2,2120,2,0,0,681,683,C
1-PB2,2121,682,0,0,0,682,A
1-PB2,2122,0,678,0,3,681,T
1-PB2,2123,1,657,0,1,659,T
1-PB2,2124,659,0,1,0,660,A
1-PB2,2125,660,0,0,0,660,A
1-PB2,2126,0,0,662,0,662,G
1-PB2,2127,1,0,0,658,659,C
1-PB2,2128,622,0,0,0,622,A
1-PB2,2129,0,631,0,1,632,T
1-PB2,2130,2,0,0,628,630,C
1-PB2,2131,629,0,1,0,630,A
1-PB2,2132,631,0,0,0,631,A
1-PB2,2133,0,626,0,0,626,T
1-PB2,2134,0,15,614,0,629,G
1-PB2,2135,626,0,0,0,626,A
1-PB2,2136,624,0,0,0,624,A
1-PB2,2137,0,0,0,633,633,C
1-PB2,2138,0,592,0,0,592,T
1-PB2,2139,0,5,606,0,611,G
1-PB2,2140,608,0,0,0,608,A
1-PB2,2141,0,0,609,0,609,G
1-PB2,2142,0,608,0,0,608,T
1-PB2,2143,597,0,0,1,598,A
1-PB2,2144,599,0,0,0,599,A
1-PB2,2145,1,1,0,597,599,C
1-PB2,2146,5,0,0,577,582,C
1-PB2,2147,1,577,0,1,579,T
1-PB2,2148,1,552,0,2,555,T
1-PB2,2149,1,0,553,0,554,G
1-PB2,2150,0,0,0,553,553,C
1-PB2,2151,552,1,0,0,553,A
1-PB2,2152,556,0,0,0,556,A
1-PB2,2153,542,0,0,0,542,A
1-PB2,2154,525,0,0,0,525,A
1-PB2,2155,0,5,523,0,528,G
1-PB2,2156,0,4,521,0,525,G
1-PB2,2157,0,2,521,0,523,G
1-PB2,2158,0,4,521,0,525,G
1-PB2,2159,523,0,0,0,523,A
1-PB2,2160,524,0,0,0,524,A
1-PB2,2161,524,0,0,0,524,A
1-PB2,2162,528,1,0,0,529,A
1-PB2,2163,0,1,527,0,528,G
1-PB2,2164,1,0,523,0,524,G
1-PB2,2165,0,0,0,521,521,C
1-PB2,2166,0,519,0,2,521,T
1-PB2,2167,518,0,0,0,518,A
1-PB2,2168,517,0,0,0,517,A
1-PB2,2169,1,514,0,2,517,T
1-PB2,2170,0,1,529,0,530,G
1-PB2,2171,0,503,0,0,503,T
1-PB2,2172,0,0,496,0,496,G
1-PB2,2173,0,0,0,493,493,C
1-PB2,2174,0,492,0,0,492,T
1-PB2,2175,492,0,0,0,492,A
1-PB2,2176,491,0,0,0,491,A
1-PB2,2177,0,487,0,0,487,T
1-PB2,2178,5,0,0,481,486,C
1-PB2,2179,1,7,466,0,474,G
1-PB2,2180,1,3,467,0,471,G
1-PB2,2181,0,0,470,0,470,G
1-PB2,2182,1,0,0,469,470,C
1-PB2,2183,472,0,0,0,472,A
1-PB2,2184,468,0,0,0,468,A
1-PB2,2185,0,3,464,0,467,G
1-PB2,2186,0,4,466,0,470,G
1-PB2,2187,470,0,0,0,470,A
1-PB2,2188,0,3,463,0,466,G
1-PB2,2189,454,0,1,0,455,A
1-PB2,2190,0,1,0,453,454,C
1-PB2,2191,1,0,451,0,452,G
1-PB2,2192,0,447,0,0,447,T
1-PB2,2193,0,4,444,0,448,G
1-PB2,2194,0,0,452,0,452,G
1-PB2,2195,0,444,0,0,444,T
1-PB2,2196,0,0,443,0,443,G
1-PB2,2197,0,415,0,1,416,T
1-PB2,2198,0,413,0,1,414,T
1-PB2,2199,0,2,414,0,416,G
1-PB2,2200,0,0,411,0,411,G
1-PB2,2201,1,408,0,0,409,T
1-PB2,2202,405,0,0,0,405,A
1-PB2,2203,387,0,0,0,387,A
1-PB2,2204,0,383,0,0,383,T
1-PB2,2205,0,6,375,0,381,G
1-PB2,2206,380,0,0,0,380,A
1-PB2,2207,374,0,0,0,374,A
1-PB2,2208,374,0,1,0,375,A
1-PB2,2209,0,0,0,371,371,C
1-PB2,2210,1,0,371,0,372,G
1-PB2,2211,368,0,1,0,369,A
1-PB2,2212,371,0,0,0,371,A
1-PB2,2213,369,0,1,0,370,A
1-PB2,2214,372,0,0,0,372,A
1-PB2,2215,0,0,0,369,369,C
1-PB2,2216,0,4,366,0,370,G
1-PB2,2217,0,3,366,0,369,G
1-PB2,2218,0,1,368,0,369,G
1-PB2,2219,370,0,1,0,371,A
1-PB2,2220,0,0,0,370,370,C
1-PB2,2221,0,369,0,0,369,T
1-PB2,2222,4,0,0,378,382,C
1-PB2,2223,0,380,0,0,380,T
1-PB2,2224,379,1,0,1,381,A
1-PB2,2225,0,0,381,0,381,G
1-PB2,2226,1,0,0,375,376,C
1-PB2,2227,375,0,0,0,375,A
1-PB2,2228,0,368,0,0,368,T
1-PB2,2229,348,0,0,0,348,A
1-PB2,2230,0,0,0,349,349,C
1-PB2,2231,0,293,0,0,293,T
1-PB2,2232,0,289,0,0,289,T
1-PB2,2233,285,0,0,0,285,A
1-PB2,2234,0,0,0,284,284,C
1-PB2,2235,0,282,0,0,282,T
1-PB2,2236,0,3,278,0,281,G
1-PB2,2237,275,0,0,0,275,A
1-PB2,2238,0,0,0,278,278,C
1-PB2,2239,244,0,0,0,244,A
1-PB2,2240,0,0,244,0,244,G
1-PB2,2241,0,0,0,245,245,C
1-PB2,2242,1,1,0,243,245,C
1-PB2,2243,245,0,0,0,245,A
1-PB2,2244,0,0,244,0,244,G
1-PB2,2245,245,0,0,0,245,A
1-PB2,2246,0,0,0,241,241,C
1-PB2,2247,219,0,0,0,219,A
1-PB2,2248,0,0,218,0,218,G
1-PB2,2249,0,0,0,203,203,C
1-PB2,2250,0,3,200,0,203,G
1-PB2,2251,204,0,0,0,204,A
1-PB2,2252,0,0,0,204,204,C
1-PB2,2253,4,0,0,199,203,C
1-PB2,2254,203,0,0,0,203,A
1-PB2,2255,201,0,0,0,201,A
1-PB2,2256,202,0,0,0,202,A
1-PB2,2257,201,0,0,0,201,A
1-PB2,2258,0,2,200,0,202,G
1-PB2,2259,190,0,0,0,190,A
1-PB2,2260,191,0,0,0,191,A
1-PB2,2261,0,188,0,0,188,T
1-PB2,2262,0,189,0,0,189,T
1-PB2,2263,3,1,0,185,189,C
1-PB2,2264,0,1,184,0,185,G
1-PB2,2265,0,0,185,0,185,G
1-PB2,2266,186,0,0,0,186,A
1-PB2,2267,0,175,0,0,175,T
1-PB2,2268,0,2,173,0,175,G
1-PB2,2269,0,0,172,0,172,G
1-PB2,2270,0,0,0,173,173,C
1-PB2,2271,1,0,0,174,175,C
1-PB2,2272,174,0,0,0,174,A
1-PB2,2273,0,174,0,0,174,T
1-PB2,2274,0,0,0,172,172,C
1-PB2,2275,171,0,0,0,171,A
1-PB2,2276,172,0,0,0,172,A
1-PB2,2277,0,170,0,0,170,T
1-PB2,2278,0,150,0,0,150,T
1-PB2,2279,140,0,0,0,140,A
1-PB2,2280,137,0,0,0,137,A
2-PB1,1,218,0,0,0,218,A
2-PB1,2,0,220,0,0,220,T
2-PB1,3,0,0,225,0,225,G
2-PB1,4,0,0,241,0,241,G
2-PB1,5,275,0,0,0,275,A
2-PB1,6,0,298,0,0,298,T
2-PB1,7,0,0,297,0,297,G
2-PB1,8,0,297,0,1,298,T
2-PB1,9,2,0,0,322,324,C
2-PB1,10,330,0,0,0,330,A
2-PB1,11,343,0,1,0,344,A
2-PB1,12,0,341,0,1,342,T
2-PB1,13,2,0,0,346,348,C
2-PB1,14,1,5,0,364,370,C
2-PB1,15,0,8,363,0,371,G
2-PB1,16,431,0,0,0,431,A
2-PB1,17,0,0,0,444,444,C
2-PB1,18,0,445,0,0,445,T
2-PB1,19,4,0,0,493,497,C
2-PB1,20,0,498,0,0,498,T
2-PB1,21,505,0,2,0,507,A
2-PB1,22,0,0,0,508,508,C
2-PB1,23,0,508,0,0,508,T
2-PB1,24,0,1,571,0,572,G
2-PB1,25,0,576,0,1,577,T
2-PB1,26,0,576,0,0,576,T
2-PB1,27,9,0,0,567,576,C
2-PB1,28,3,0,0,571,574,C
2-PB1,29,0,658,0,0,658,T
2-PB1,30,668,1,0,0,669,A
2-PB1,31,670,0,0,0,670,A
2-PB1,32,675,0,0,0,675,A
2-PB1,33,1,6,673,0,680,G
2-PB1,34,0,0,688,0,688,G
2-PB1,35,0,692,0,2,694,T
2-PB1,36,0,693,0,0,693,T
2-PB1,37,5,0,0,692,697,C
2-PB1,38,0,1,0,693,694,C
2-PB1,39,698,0,1,0,699,A
2-PB1,40,1,1,709,0,711,G
2-PB1,41,0,2,0,712,714,C
2-PB1,42,1,1,716,0,718,G
2-PB1,43,1,0,0,710,711,C
2-PB1,44,720,0,0,0,720,A
2-PB1,45,719,0,0,0,719,A
2-PB1,46,721,0,0,0,721,A
2-PB1,47,728,0,0,0,728,A
2-PB1,48,1,732,0,0,733,T
2-PB1,49,0,1,776,0,777,G
2-PB1,50,0,0,0,779,779,C
2-PB1,51,2,0,0,781,783,C
2-PB1,52,786,0,0,0,786,A
2-PB1,53,1,787,0,0,788,T
2-PB1,54,847,0,0,0,847,A
2-PB1,55,852,0,0,0,852,A
2-PB1,56,0,1,882,0,883,G
2-PB1,57,0,0,0,886,886,C
2-PB1,58,885,0,0,0,885,A
2-PB1,59,1,0,0,925,926,C
2-PB1,60,925,0,1,0,926,A
2-PB1,61,960,0,1,0,961,A
2-PB1,62,0,0,0,965,965,C
2-PB1,63,960,1,1,0,962,A
2-PB1,64,0,974,0,0,974,T
2-PB1,65,0,971,0,0,971,T
2-PB1,66,1,0,0,1169,1170,C
2-PB1,67,6,0,0,1165,1171,C
2-PB1,68,7,0,0,1184,1191,C
2-PB1,69,0,1197,0,6,1203,T
2-PB1,70,0,1202,0,0,1202,T
2-PB1,71,1304,1,0,0,1305,A
2-PB1,72,0,1313,0,0,1313,T
2-PB1,73,1321,0,0,0,1321,A
2-PB1,74,1,0,1,1336,1338,C
2-PB1,75,1,1298,0,3,1302,T
2-PB1,76,0,4,1314,0,1318,G
2-PB1,77,1,17,1301,0,1319,G
2-PB1,78,1315,1,0,0,1316,A
2-PB1,79,0,4,1322,0,1326,G
2-PB1,80,1326,0,1,0,1327,A
2-PB1,81,0,1332,0,0,1332,T
2-PB1,82,6,0,0,1406,1412,C
2-PB1,83,3,0,0,1417,1420,C
2-PB1,84,0,1432,0,1,1433,T
2-PB1,85,7,2,0,1516,1525,C
2-PB1,86,3,2,0,1525,1530,C
2-PB1,87,1542,0,1,0,1543,A
2-PB1,88,0,1541,0,2,1543,T
2-PB1,89,1536,0,2,0,1538,A
2-PB1,90,0,0,0,1543,1543,C
2-PB1,91,1525,0,1,0,1526,A
2-PB1,92,6,2,1610,0,1618,G
2-PB1,93,0,0,0,1635,1635,C
2-PB1,94,4,0,0,1620,1624,C
2-PB1,95,1629,0,0,0,1629,A
2-PB1,96,0,1635,0,0,1635,T
2-PB1,97,1,12,1629,0,1642,G
2-PB1,98,1,18,1693,0,1712,G
2-PB1,99,1727,1,1,0,1729,A
2-PB1,100,1734,1,1,0,1736,A
2-PB1,101,1,1,0,1734,1736,C
2-PB1,102,1719,0,3,0,1722,A
2-PB1,103,0,14,1744,0,1758,G
2-PB1,104,0,21,1763,0,1784,G
2-PB1,105,1786,0,2,1,1789,A
2-PB1,106,1799,0,3,0,1802,A
2-PB1,107,1,1,0,1807,1809,C
2-PB1,108,1794,0,4,0,1798,A
2-PB1,109,1,11,1994,1,2007,G
2-PB1,110,1,26,1978,0,2005,G
2-PB1,111,0,1,2033,0,2034,G
2-PB1,112,0,2038,0,0,2038,T
2-PB1,113,2031,0,1,0,2032,A
2-PB1,114,0,0,0,2064,2064,C
2-PB1,115,2162,3,1,0,2166,A
2-PB1,116,0,0,1,2246,2247,C
2-PB1,117,12,0,0,2226,2238,C
2-PB1,118,2194,0,3,0,2197,A
2-PB1,119,0,2188,1,1,2190,T
2-PB1,120,2,19,2169,0,2190,G
2-PB1,121,0,27,2165,0,2192,G
2-PB1,122,2186,1,3,0,2190,A
2-PB1,123,0,0,0,2200,2200,C
2-PB1,124,2146,0,1,0,2147,A
2-PB1,125,0,0,0,2193,2193,C
2-PB1,126,2190,1,1,0,2192,A
2-PB1,127,0,1,2240,0,2241,G
2-PB1,128,1,2234,0,3,2238,T
2-PB1,129,36,0,0,2279,2315,C
2-PB1,130,2306,0,0,0,2306,A
2-PB1,131,2321,0,2,1,2324,A
2-PB1,132,0,0,0,2327,2327,C
2-PB1,133,2325,1,0,0,2326,A
2-PB1,134,1,31,2339,0,2371,G
2-PB1,135,2344,0,0,1,2345,A
2-PB1,136,2348,0,1,0,2349,A
2-PB1,137,0,1,0,2346,2347,C
2-PB1,138,2319,1,2,1,2323,A
2-PB1,139,1,1,0,2393,2395,C
2-PB1,140,2393,0,2,0,2395,A
2-PB1,141,2,3,0,2494,2499,C
2-PB1,142,15,1,0,2479,2495,C
2-PB1,143,2494,0,2,0,2496,A
2-PB1,144,2507,1,3,1,2512,A
2-PB1,145,1,2566,0,2,2569,T
2-PB1,146,2633,0,1,0,2634,A
2-PB1,147,0,2636,0,0,2636,T
2-PB1,148,0,2627,0,0,2627,T
2-PB1,149,23,0,0,2608,2631,C
2-PB1,150,2585,2,2,0,2589,A
2-PB1,151,0,30,2563,1,2594,G
2-PB1,152,2574,0,1,0,2575,A
2-PB1,153,1,14,2562,0,2577,G
2-PB1,154,2542,1,3,0,2546,A
2-PB1,155,2,18,2488,0,2508,G
2-PB1,156,3,23,2482,0,2508,G
2-PB1,157,0,16,2564,0,2580,G
2-PB1,158,0,11,2570,0,2581,G
2-PB1,159,5,14,2593,0,2612,G
2-PB1,160,2613,0,1,0,2614,A
2-PB1,161,2613,0,2,0,2615,A
2-PB1,162,0,0,2645,0,2645,G
2-PB1,163,0,2625,0,5,2630,T
2-PB1,164,1,18,2599,0,2618,G
2-PB1,165,0,10,2605,0,2615,G
2-PB1,166,2608,0,1,0,2609,A
2-PB1,167,0,7,0,2611,2618,C
2-PB1,168,0,35,2588,1,2624,G
2-PB1,169,2643,0,5,0,2648,A
2-PB1,170,2,0,0,2660,2662,C
2-PB1,171,2657,0,1,0,2658,A
2-PB1,172,2654,1,1,0,2656,A
2-PB1,173,2668,1,1,0,2670,A
2-PB1,174,0,2702,0,0,2702,T
2-PB1,175,2708,0,0,0,2708,A
2-PB1,176,2,2,0,2714,2718,C
2-PB1,177,2692,0,1,0,2693,A
2-PB1,178,0,16,2690,0,2706,G
2-PB1,179,2698,0,2,0,2700,A
2-PB1,180,2728,0,0,0,2728,A
2-PB1,181,2727,0,1,0,2728,A
2-PB1,182,1,0,0,2718,2719,C
2-PB1,183,0,2696,0,2,2698,T
2-PB1,184,5,16,2675,0,2696,G
2-PB1,185,1,20,2668,0,2689,G
2-PB1,186,3,25,2661,0,2689,G
2-PB1,187,2,2,2686,0,2690,G
2-PB1,188,0,0,0,2684,2684,C
2-PB1,189,2683,0,2,0,2685,A
2-PB1,190,2,1,0,2790,2793,C
2-PB1,191,9,2,0,2779,2790,C
2-PB1,192,35,2,0,2759,2796,C
2-PB1,193,24,2,0,2769,2795,C
2-PB1,194,2806,0,3,0,2809,A
2-PB1,195,2831,1,1,0,2833,A
2-PB1,196,1,1,0,2825,2827,C
2-PB1,197,0,2818,1,1,2820,T
2-PB1,198,26,1,1,2806,2834,C
2-PB1,199,2749,1,1,2,2753,A
2-PB1,200,2795,1,0,1,2797,A
2-PB1,201,0,1,0,2798,2799,C
2-PB1,202,9,1,1,2777,2788,C
2-PB1,203,32,0,0,2764,2796,C
2-PB1,204,2768,0,0,0,2768,A
2-PB1,205,2782,0,0,1,2783,A
2-PB1,206,1,2796,0,0,2797,T
2-PB1,207,0,2796,1,0,2797,T
2-PB1,208,2,10,2788,1,2801,G
2-PB1,209,2778,0,0,0,2778,A
2-PB1,210,0,2773,0,2,2775,T
2-PB1,211,1,22,2754,0,2777,G
2-PB1,212,1,35,2768,1,2805,G
2-PB1,213,2846,0,3,0,2849,A
2-PB1,214,0,2,0,2857,2859,C
2-PB1,215,23,0,0,2829,2852,C
2-PB1,216,2849,0,3,0,2852,A
2-PB1,217,0,0,0,2898,2898,C
2-PB1,218,0,2889,0,2,2891,T
2-PB1,219,2928,1,1,0,2930,A
2-PB1,220,2,1,0,2954,2957,C
2-PB1,221,18,0,0,2913,2931,C
2-PB1,222,1,2885,0,0,2886,T
2-PB1,223,1,9,2886,0,2896,G
2-PB1,224,2881,0,0,0,2881,A
2-PB1,225,1,15,2886,0,2902,G
2-PB1,226,1,12,2864,0,2877,G
2-PB1,227,2867,3,2,0,2872,A
2-PB1,228,2,2831,0,1,2834,T
2-PB1,229,2799,0,2,0,2801,A
2-PB1,230,2801,0,3,0,2804,A
2-PB1,231,0,2806,0,0,2806,T
2-PB1,232,0,39,2761,0,2800,G
2-PB1,233,2797,0,3,2,2802,A
2-PB1,234,2791,1,2,0,2794,A
2-PB1,235,3,1,0,2797,2801,C
2-PB1,236,35,1,1,2728,2765,C
2-PB1,237,2780,2,0,0,2782,A
2-PB1,238,2782,0,2,0,2784,A
2-PB1,239,0,0,2808,0,2808,G
2-PB1,240,0,2800,0,3,2803,T
2-PB1,241,2,21,2784,0,2807,G
2-PB1,242,0,11,2837,1,2849,G
2-PB1,243,2850,1,1,0,2852,A
2-PB1,244,2,2837,0,0,2839,T
2-PB1,245,2842,1,0,0,2843,A
2-PB1,246,1,2894,0,1,2896,T
2-PB1,247,2,3,2908,0,2913,G
2-PB1,248,2,1,0,2913,2916,C
2-PB1,249,2918,0,2,1,2921,A
2-PB1,250,0,0,1,2989,2990,C
2-PB1,251,2927,0,1,0,2928,A
2-PB1,252,2973,1,3,0,2977,A
2-PB1,253,2985,0,0,0,2985,A
2-PB1,254,0,0,0,2996,2996,C
2-PB1,255,2924,0,1,0,2925,A
2-PB1,256,0,24,2939,0,2963,G
2-PB1,257,2947,1,2,0,2950,A
2-PB1,258,0,1,0,2950,2951,C
2-PB1,259,0,2874,0,0,2874,T
2-PB1,260,0,0,2939,0,2939,G
2-PB1,261,0,2899,0,2,2901,T
2-PB1,262,3,1,3006,1,3011,G
2-PB1,263,0,3010,0,2,3012,T
2-PB1,264,27,1,1,2993,3022,C
2-PB1,265,18,0,0,2993,3011,C
2-PB1,266,1,2989,0,4,2994,T
2-PB1,267,1,13,2979,0,2993,G
2-PB1,268,0,11,2987,1,2999,G
2-PB1,269,2945,0,8,0,2953,A
2-PB1,270,0,11,2986,0,2997,G
2-PB1,271,1,1,2925,0,2927,G
2-PB1,272,1,1,1,2928,2931,C
2-PB1,273,0,2903,0,2,2905,T
2-PB1,274,2916,0,0,0,2916,A
2-PB1,275,0,2915,0,3,2918,T
2-PB1,276,2,12,2906,2,2922,G
2-PB1,277,2,1,2918,0,2921,G
2-PB1,278,4,3,0,2900,2907,C
2-PB1,279,19,0,0,2856,2875,C
2-PB1,280,1,2844,0,2,2847,T
2-PB1,281,0,2977,0,0,2977,T
2-PB1,282,8,0,1,2963,2972,C
2-PB1,283,17,0,2,2969,2988,C
2-PB1,284,0,2983,0,1,2984,T
2-PB1,285,0,2974,0,2,2976,T
2-PB1,286,1,19,2966,1,2987,G
2-PB1,287,2980,0,0,0,2980,A
2-PB1,288,2984,0,4,0,2988,A
2-PB1,289,0,21,2972,1,2994,G
2-PB1,290,2885,0,1,1,2887,A
2-PB1,291,2907,0,1,0,2908,A
2-PB1,292,0,2912,0,1,2913,T
2-PB1,293,21,1,0,2892,2914,C
2-PB1,294,9,1,0,2902,2912,C
2-PB1,295,38,2,0,2866,2906,C
2-PB1,296,2913,0,3,0,2916,A
2-PB1,297,1,0,0,2927,2928,C
2-PB1,298,11,1,0,2910,2922,C
2-PB1,299,31,1,2,2903,2937,C
2-PB1,300,2914,0,0,0,2914,A
2-PB1,301,0,11,2915,0,2926,G
2-PB1,302,0,5,2930,0,2935,G
2-PB1,303,0,2927,0,2,2929,T
2-PB1,304,2942,0,1,0,2943,A
2-PB1,305,1,2928,0,0,2929,T
2-PB1,306,9,10,0,2910,2929,C
2-PB1,307,1,2922,0,2,2925,T
2-PB1,308,0,2921,0,3,2924,T
2-PB1,309,1,2905,0,2,2908,T
2-PB1,310,1,24,2882,0,2907,G
2-PB1,311,2884,0,6,0,2890,A
2-PB1,312,0,40,2863,0,2903,G
2-PB1,313,2868,1,0,0,2869,A
2-PB1,314,2880,0,1,0,2881,A
2-PB1,315,1,0,0,2882,2883,C
2-PB1,316,0,2845,0,2,2847,T
2-PB1,317,29,1,1,2819,2850,C
2-PB1,318,2840,1,3,0,2844,A
2-PB1,319,0,2841,0,0,2841,T
2-PB1,320,1,2,2850,0,2853,G
2-PB1,321,2,0,0,2903,2905,C
2-PB1,322,17,0,0,2892,2909,C
2-PB1,323,1,2889,0,3,2893,T
2-PB1,324,0,2873,0,1,2874,T
2-PB1,325,2,22,2860,0,2884,G
2-PB1,326,2907,0,2,0,2909,A
2-PB1,327,2916,0,2,1,2919,A
2-PB1,328,2915,0,2,2,2919,A
2-PB1,329,2,0,0,2938,2940,C
2-PB1,330,2898,1,0,0,2899,A
2-PB1,331,2918,0,1,0,2919,A
2-PB1,332,0,2913,0,2,2915,T
2-PB1,333,2,15,2895,1,2913,G
2-PB1,334,0,11,2902,0,2913,G
2-PB1,335,2877,0,3,0,2880,A
2-PB1,336,2870,0,9,0,2879,A
2-PB1,337,0,1,2875,0,2876,G
2-PB1,338,4,1,0,2877,2882,C
2-PB1,339,21,3,0,2832,2856,C
2-PB1,340,4,0,2893,0,2897,G
2-PB1,341,0,2887,0,4,2891,T
2-PB1,342,3,2882,0,2,2887,T
2-PB1,343,42,0,1,2876,2919,C
2-PB1,344,2923,1,0,0,2924,A
2-PB1,345,2957,0,2,0,2959,A
2-PB1,346,1,0,0,2958,2959,C
2-PB1,347,2952,0,5,0,2957,A
2-PB1,348,0,36,2949,0,2985,G
2-PB1,349,2937,2,2,1,2942,A
2-PB1,350,2,1,0,2941,2944,C
2-PB1,351,2936,2,0,0,2938,A
2-PB1,352,2959,0,0,1,2960,A
2-PB1,353,0,37,2958,0,2995,G
2-PB1,354,5,18,2931,1,2955,G
2-PB1,355,0,3,2976,1,2980,G
2-PB1,356,0,2920,0,1,2921,T
2-PB1,357,0,23,2898,0,2921,G
2-PB1,358,0,17,2908,0,2925,G
2-PB1,359,2914,0,11,0,2925,A
2-PB1,360,4,0,0,2923,2927,C
2-PB1,361,2880,0,0,0,2880,A
2-PB1,362,2912,0,1,1,2914,A
2-PB1,363,2912,2,2,0,2916,A
2-PB1,364,1,1,0,2915,2917,C
2-PB1,365,1,2904,2,2,2909,T
2-PB1,366,2908,0,0,0,2908,A
2-PB1,367,2928,1,2,0,2931,A
2-PB1,368,1,1,0,2928,2930,C
2-PB1,369,11,0,0,2917,2928,C
2-PB1,370,39,0,1,2886,2926,C
2-PB1,371,2855,0,0,0,2855,A
2-PB1,372,2855,0,3,0,2858,A
2-PB1,373,0,20,2836,0,2856,G
2-PB1,374,0,2,2873,0,2875,G
2-PB1,375,0,2859,0,2,2861,T
2-PB1,376,34,5,0,2806,2845,C
2-PB1,377,9,5,2835,0,2849,G
2-PB1,378,2,1,0,2829,2832,C
2-PB1,379,10,3,0,2832,2845,C
2-PB1,380,2852,0,0,0,2852,A
2-PB1,381,0,28,2868,0,2896,G
2-PB1,382,2925,0,4,0,2929,A
2-PB1,383,3,0,0,2920,2923,C
2-PB1,384,0,2902,0,2,2904,T
2-PB1,385,0,2888,0,1,2889,T
2-PB1,386,2906,0,0,0,2906,A
2-PB1,387,0,2912,0,3,2915,T
2-PB1,388,0,22,2900,0,2922,G
2-PB1,389,2919,0,0,1,2920,A
2-PB1,390,0,2853,0,2,2855,T
2-PB1,391,0,2781,0,1,2782,T
2-PB1,392,1,27,2738,0,2766,G
2-PB1,393,0,14,2755,0,2769,G
2-PB1,394,2789,1,6,1,2797,A
2-PB1,395,2,1,0,2792,2795,C
2-PB1,396,2750,1,3,0,2754,A
2-PB1,397,1,2728,1,0,2730,T
2-PB1,398,0,2755,0,2,2757,T
2-PB1,399,2761,0,2,0,2763,A
2-PB1,400,2761,0,2,0,2763,A
2-PB1,401,2763,0,1,1,2765,A
2-PB1,402,0,3,0,2763,2766,C
2-PB1,403,2711,0,2,0,2713,A
2-PB1,404,1,16,2710,0,2727,G
2-PB1,405,2708,1,3,0,2712,A
2-PB1,406,2718,0,1,2,2721,A
2-PB1,407,2722,0,1,0,2723,A
2-PB1,408,0,2695,0,4,2699,T
2-PB1,409,29,0,0,2682,2711,C
2-PB1,410,2689,1,1,0,2691,A
2-PB1,411,2697,0,3,0,2700,A
2-PB1,412,0,0,0,2700,2700,C
2-PB1,413,16,5,0,2668,2689,C
2-PB1,414,4,12,2685,0,2701,G
2-PB1,415,0,2,2703,0,2705,G
2-PB1,416,1,1,0,2709,2711,C
2-PB1,417,2709,0,3,0,2712,A
2-PB1,418,1,1,2717,0,2719,G
2-PB1,419,2,3,1,2731,2737,C
2-PB1,420,2741,0,0,0,2741,A
2-PB1,421,2745,0,1,0,2746,A
2-PB1,422,1,0,0,2750,2751,C
2-PB1,423,0,2737,0,0,2737,T
2-PB1,424,7,5,2823,0,2835,G
2-PB1,425,3,3,0,2822,2828,C
2-PB1,426,2823,3,2,0,2828,A
2-PB1,427,1,2832,0,0,2833,T
2-PB1,428,0,2794,0,0,2794,T
2-PB1,429,2953,0,1,3,2957,A
2-PB1,430,1,1,2954,0,2956,G
2-PB1,431,3,0,1,2934,2938,C
2-PB1,432,23,2,0,2917,2942,C
2-PB1,433,2852,1,2,0,2855,A
2-PB1,434,2867,1,1,0,2869,A
2-PB1,435,1,0,0,2885,2886,C
2-PB1,436,2883,0,5,0,2888,A
2-PB1,437,1,0,0,2952,2953,C
2-PB1,438,19,3,0,2772,2794,C
2-PB1,439,2788,0,1,0,2789,A
2-PB1,440,1,2783,0,1,2785,T
2-PB1,441,2786,0,0,0,2786,A
2-PB1,442,0,17,2774,0,2791,G
2-PB1,443,2763,0,1,2,2766,A
2-PB1,444,2739,2,1,0,2742,A
2-PB1,445,1,1,2759,0,2761,G
2-PB1,446,0,2685,0,4,2689,T
2-PB1,447,1,2680,0,0,2681,T
2-PB1,448,0,2676,0,2,2678,T
2-PB1,449,1,2680,0,0,2681,T
2-PB1,450,0,2682,0,2,2684,T
2-PB1,451,2677,2,3,1,2683,A
2-PB1,452,0,14,2669,0,2683,G
2-PB1,453,2663,0,3,0,2666,A
2-PB1,454,1,2650,0,0,2651,T
2-PB1,455,14,1,0,2613,2628,C
2-PB1,456,0,34,2601,0,2635,G
2-PB1,457,2633,0,0,0,2633,A
2-PB1,458,2637,0,0,0,2637,A
2-PB1,459,4,5,1,2642,2652,C
2-PB1,460,3,13,2635,0,2651,G
2-PB1,461,0,19,2740,0,2759,G
2-PB1,462,2757,0,1,0,2758,A
2-PB1,463,0,2749,0,1,2750,T
2-PB1,464,0,2749,1,0,2750,T
2-PB1,465,2761,1,3,0,2765,A
2-PB1,466,2758,1,1,0,2760,A
2-PB1,467,0,2,0,2775,2777,C
2-PB1,468,2754,0,1,0,2755,A
2-PB1,469,0,1,2783,0,2784,G
2-PB1,470,1,1,0,2686,2688,C
2-PB1,471,0,2662,0,1,2663,T
2-PB1,472,2661,0,3,0,2664,A
2-PB1,473,2663,1,2,0,2666,A
2-PB1,474,0,2660,0,0,2660,T
2-PB1,475,0,33,2665,0,2698,G
2-PB1,476,2691,0,0,0,2691,A
2-PB1,477,2695,0,2,0,2697,A
2-PB1,478,1,2654,0,1,2656,T
2-PB1,479,30,0,1,2634,2665,C
2-PB1,480,2657,0,2,0,2659,A
2-PB1,481,1,8,2648,0,2657,G
2-PB1,482,1,8,2647,0,2656,G
2-PB1,483,2643,1,0,0,2644,A
2-PB1,484,2597,0,4,2,2603,A
2-PB1,485,0,11,2685,0,2696,G
2-PB1,486,1,3,2694,0,2698,G
2-PB1,487,1,0,0,2698,2699,C
2-PB1,488,0,2683,0,4,2687,T
2-PB1,489,2693,0,6,0,2699,A
2-PB1,490,2704,0,0,0,2704,A
2-PB1,491,0,2708,0,0,2708,T
2-PB1,492,2697,1,1,0,2699,A
2-PB1,493,0,15,2697,0,2712,G
2-PB1,494,2533,1,1,0,2535,A
2-PB1,495,0,2526,0,2,2528,T
2-PB1,496,1,2520,0,2,2523,T
2-PB1,497,1,2526,0,0,2527,T
2-PB1,498,15,1,0,2572,2588,C
2-PB1,499,13,0,1,2562,2576,C
2-PB1,500,2,2570,0,4,2576,T
2-PB1,501,5,0,0,2578,2583,C
2-PB1,502,2579,0,2,1,2582,A
2-PB1,503,2587,0,0,0,2587,A
2-PB1,504,0,14,2586,0,2600,G
2-PB1,505,0,8,2616,0,2624,G
2-PB1,506,2617,0,1,0,2618,A
2-PB1,507,0,2537,0,0,2537,T
2-PB1,508,0,1,2567,0,2568,G
2-PB1,509,1,2552,0,1,2554,T
2-PB1,510,0,9,2550,0,2559,G
2-PB1,511,2555,0,7,0,2562,A
2-PB1,512,0,2558,0,0,2558,T
2-PB1,513,0,12,2528,0,2540,G
2-PB1,514,0,22,2497,0,2519,G
2-PB1,515,2517,0,1,0,2518,A
2-PB1,516,2515,0,1,0,2516,A
2-PB1,517,0,2481,0,1,2482,T
2-PB1,518,21,0,0,2466,2487,C
2-PB1,519,2465,0,0,0,2465,A
2-PB1,520,2472,0,0,0,2472,A
2-PB1,521,0,2475,1,1,2477,T
2-PB1,522,0,13,2477,1,2491,G
2-PB1,523,0,14,2489,0,2503,G
2-PB1,524,2492,0,0,1,2493,A
2-PB1,525,0,2488,0,1,2489,T
2-PB1,526,2478,1,0,0,2479,A
2-PB1,527,2477,1,1,0,2479,A
2-PB1,528,2464,1,1,0,2466,A
2-PB1,529,0,13,2477,0,2490,G
2-PB1,530,2470,1,4,0,2475,A
2-PB1,531,1,15,2457,0,2473,G
2-PB1,532,0,9,2454,0,2463,G
2-PB1,533,2448,0,0,0,2448,A
2-PB1,534,2440,0,4,0,2444,A
2-PB1,535,2453,2,1,0,2456,A
2-PB1,536,0,2441,0,0,2441,T
2-PB1,537,0,7,2470,0,2477,G
2-PB1,538,0,8,2469,0,2477,G
2-PB1,539,2431,0,6,0,2437,A
2-PB1,540,1,7,2460,1,2469,G
2-PB1,541,2425,1,5,0,2431,A
2-PB1,542,0,2473,0,0,2473,T
2-PB1,543,2464,0,2,0,2466,A
2-PB1,544,2492,0,3,0,2495,A
2-PB1,545,0,0,0,2512,2512,C
2-PB1,546,2473,0,0,0,2473,A
2-PB1,547,2474,2,2,0,2478,A
2-PB1,548,1,3,0,2465,2469,C
2-PB1,549,2462,0,1,0,2463,A
2-PB1,550,1,1,0,2465,2467,C
2-PB1,551,2414,0,1,0,2415,A
2-PB1,552,2,0,0,2424,2426,C
2-PB1,553,0,2391,0,2,2393,T
2-PB1,554,1,2397,0,0,2398,T
2-PB1,555,1,2402,0,0,2403,T
2-PB1,556,20,1,0,2381,2402,C
2-PB1,557,2404,0,0,0,2404,A
2-PB1,558,2403,0,1,0,2404,A
2-PB1,559,2406,0,4,1,2411,A
2-PB1,560,0,13,2423,0,2436,G
2-PB1,561,2412,0,1,0,2413,A
2-PB1,562,2417,0,1,0,2418,A
2-PB1,563,2408,0,1,0,2409,A
2-PB1,564,2415,1,2,0,2418,A
2-PB1,565,2420,1,2,0,2423,A
2-PB1,566,0,9,2425,0,2434,G
2-PB1,567,6,19,2409,0,2434,G
2-PB1,568,2400,0,6,0,2406,A
2-PB1,569,0,23,2425,0,2448,G
2-PB1,570,2430,0,10,0,2440,A
2-PB1,571,0,1,2511,0,2512,G
2-PB1,572,0,2503,0,1,2504,T
2-PB1,573,2506,0,2,0,2508,A
2-PB1,574,2504,0,3,0,2507,A
2-PB1,575,1,32,2471,0,2504,G
2-PB1,576,3,13,2503,0,2519,G
2-PB1,577,1,28,2491,0,2520,G
2-PB1,578,2486,1,7,0,2494,A
2-PB1,579,0,1,0,2515,2516,C
2-PB1,580,2441,0,4,1,2446,A
2-PB1,581,2449,0,5,0,2454,A
2-PB1,582,1,1,0,2445,2447,C
2-PB1,583,2435,1,4,0,2440,A
2-PB1,584,0,2407,0,0,2407,T
2-PB1,585,0,46,2336,1,2383,G
2-PB1,586,2382,1,5,0,2388,A
2-PB1,587,0,0,1,2385,2386,C
2-PB1,588,19,1,0,2332,2352,C
2-PB1,589,2358,0,0,0,2358,A
2-PB1,590,2351,0,1,0,2352,A
2-PB1,591,0,14,2365,0,2379,G
2-PB1,592,2380,0,1,0,2381,A
2-PB1,593,2377,0,0,0,2377,A
2-PB1,594,2364,0,0,0,2364,A
2-PB1,595,2364,0,3,0,2367,A
2-PB1,596,0,2366,0,1,2367,T
2-PB1,597,2,25,2347,0,2374,G
2-PB1,598,1,0,2379,0,2380,G
2-PB1,599,0,2325,0,7,2332,T
2-PB1,600,38,2,0,2266,2306,C
2-PB1,601,2320,0,1,0,2321,A
2-PB1,602,2,3,0,2565,2570,C
2-PB1,603,2643,0,0,0,2643,A
2-PB1,604,1,0,0,2661,2662,C
2-PB1,605,2652,0,2,0,2654,A
2-PB1,606,2817,0,0,0,2817,A
2-PB1,607,2799,0,2,0,2801,A
2-PB1,608,0,35,3070,0,3105,G
2-PB1,609,3111,1,0,0,3112,A
2-PB1,610,3139,0,6,0,3145,A
2-PB1,611,1,2,0,3299,3302,C
2-PB1,612,3241,0,1,0,3242,A
2-PB1,613,3272,0,2,0,3274,A
2-PB1,614,0,3269,2,2,3273,T
2-PB1,615,3237,2,2,0,3241,A
2-PB1,616,3,43,3202,2,3250,G
2-PB1,617,1,25,3158,0,3184,G
2-PB1,618,1,13,3174,0,3188,G
2-PB1,619,3179,2,3,0,3184,A
2-PB1,620,3166,2,1,0,3169,A
2-PB1,621,1,20,3206,0,3227,G
2-PB1,622,3216,4,4,0,3224,A
2-PB1,623,3234,1,0,0,3235,A
2-PB1,624,3247,1,3,0,3251,A
2-PB1,625,3265,1,3,0,3269,A
2-PB1,626,3372,1,2,0,3375,A
2-PB1,627,3379,1,5,1,3386,A
2-PB1,628,0,1,0,3392,3393,C
2-PB1,629,3386,0,0,1,3387,A
2-PB1,630,3389,0,1,1,3391,A
2-PB1,631,3380,1,6,0,3387,A
2-PB1,632,0,42,3490,0,3532,G
2-PB1,633,3517,0,11,0,3528,A
2-PB1,634,2,1,3757,0,3760,G
2-PB1,635,0,3717,1,1,3719,T
2-PB1,636,0,47,4444,0,4491,G
2-PB1,637,4504,1,0,1,4506,A
2-PB1,638,4514,0,6,1,4521,A
2-PB1,639,3,4595,1,1,4600,T
2-PB1,640,4618,0,1,0,4619,A
2-PB1,641,4660,0,4,0,4664,A
2-PB1,642,0,60,4612,1,4673,G
2-PB1,643,4593,0,5,1,4599,A
2-PB1,644,1,27,4614,0,4642,G
2-PB1,645,4508,0,7,1,4516,A
2-PB1,646,0,30,4539,0,4569,G
2-PB1,647,0,3,4576,0,4579,G
2-PB1,648,2,2,0,4580,4584,C
2-PB1,649,1,4570,0,8,4579,T
2-PB1,650,4774,1,1,0,4776,A
2-PB1,651,2,6,0,5087,5095,C
2-PB1,652,26,1,1,5079,5107,C
2-PB1,653,0,5155,1,5,5161,T
2-PB1,654,5422,0,1,0,5423,A
2-PB1,655,5406,2,4,2,5414,A
2-PB1,656,0,5410,0,12,5422,T
2-PB1,657,5417,0,1,0,5418,A
2-PB1,658,5409,1,3,0,5413,A
2-PB1,659,0,71,5392,0,5463,G
2-PB1,660,5370,1,7,0,5378,A
2-PB1,661,0,5,5460,0,5465,G
2-PB1,662,3,0,0,5516,5519,C
2-PB1,663,2,5456,2,6,5466,T
2-PB1,664,1,5505,0,2,5508,T
2-PB1,665,0,5505,0,1,5506,T
2-PB1,666,0,77,5448,1,5526,G
2-PB1,667,5641,2,2,0,5645,A
2-PB1,668,0,1,0,5681,5682,C
2-PB1,669,5669,1,3,0,5673,A
2-PB1,670,0,5669,1,4,5674,T
2-PB1,671,1,5671,1,2,5675,T
2-PB1,672,1,96,5723,1,5821,G
2-PB1,673,5800,1,12,2,5815,A
2-PB1,674,5822,1,7,0,5830,A
2-PB1,675,1,5,2,5841,5849,C
2-PB1,676,5820,2,2,1,5825,A
2-PB1,677,1,17,0,5835,5853,C
2-PB1,678,5,25,5823,1,5854,G
2-PB1,679,5888,1,15,1,5905,A
2-PB1,680,2,5900,0,3,5905,T
2-PB1,681,3,113,5987,3,6106,G
2-PB1,682,6111,1,7,0,6119,A
2-PB1,683,0,2,0,6147,6149,C
2-PB1,684,52,4,0,6088,6144,C
2-PB1,685,6148,0,4,1,6153,A
2-PB1,686,6236,0,4,1,6241,A
2-PB1,687,6244,0,10,1,6255,A
2-PB1,688,1,28,6424,2,6455,G
2-PB1,689,6546,0,4,0,6550,A
2-PB1,690,0,6524,0,2,6526,T
2-PB1,691,3,3,6536,2,6544,G
2-PB1,692,2,8,0,6525,6535,C
2-PB1,693,6517,1,12,0,6530,A
2-PB1,694,1,42,6546,1,6590,G
2-PB1,695,6558,1,2,0,6561,A
2-PB1,696,0,64,6521,1,6586,G
2-PB1,697,6483,0,6,0,6489,A
2-PB1,698,0,20,6462,2,6484,G
2-PB1,699,6427,2,11,0,6440,A
2-PB1,700,1,33,6424,1,6459,G
2-PB1,701,2,11,6447,0,6460,G
2-PB1,702,3,2,0,6463,6468,C
2-PB1,703,6432,1,2,0,6435,A
2-PB1,704,6448,1,3,2,6454,A
2-PB1,705,6498,0,3,0,6501,A
2-PB1,706,0,6518,0,0,6518,T
2-PB1,707,0,6503,0,5,6508,T
2-PB1,708,6521,2,1,0,6524,A
2-PB1,709,6493,2,5,2,6502,A
2-PB1,710,6528,1,4,0,6533,A
2-PB1,711,6553,1,1,0,6555,A
2-PB1,712,6554,1,2,0,6557,A
2-PB1,713,0,24,6545,0,6569,G
2-PB1,714,6507,0,1,0,6508,A
2-PB1,715,6509,1,7,0,6517,A
2-PB1,716,0,73,6543,0,6616,G
2-PB1,717,3,34,6724,0,6761,G
2-PB1,718,0,8,6769,2,6779,G
2-PB1,719,5,3,0,6826,6834,C
2-PB1,720,1,6816,0,13,6830,T
2-PB1,721,6908,0,2,0,6910,A
2-PB1,722,0,7042,0,6,7048,T
2-PB1,723,0,7070,0,3,7073,T
2-PB1,724,2,9,7094,1,7106,G
2-PB1,725,6,5,1,7071,7083,C
2-PB1,726,6962,1,12,0,6975,A
2-PB1,727,6978,1,16,1,6996,A
2-PB1,728,0,3,0,7017,7020,C
2-PB1,729,7024,0,5,0,7029,A
2-PB1,730,5,2,0,7060,7067,C
2-PB1,731,25,1,2,6905,6933,C
2-PB1,732,61,7,2,6867,6937,C
2-PB1,733,28,74,6813,0,6915,G
2-PB1,734,2,34,6931,1,6968,G
2-PB1,735,0,24,6946,0,6970,G
2-PB1,736,7016,1,5,0,7022,A
2-PB1,737,1,6983,1,3,6988,T
2-PB1,738,2,6,7008,0,7016,G
2-PB1,739,8,5,0,7000,7013,C
2-PB1,740,7097,2,7,1,7107,A
2-PB1,741,7200,0,7,2,7209,A
2-PB1,742,7283,0,3,2,7288,A
2-PB1,743,1,7319,1,1,7322,T
2-PB1,744,0,7316,0,1,7317,T
2-PB1,745,7277,1,1,1,7280,A
2-PB1,746,1,42,7238,2,7283,G
2-PB1,747,7242,0,9,1,7252,A
2-PB1,748,0,76,7223,0,7299,G
2-PB1,749,1,52,7174,0,7227,G
2-PB1,750,11,1,7461,0,7473,G
2-PB1,751,0,7467,0,9,7476,T
2-PB1,752,0,7473,0,5,7478,T
2-PB1,753,104,3,0,7418,7525,C
2-PB1,754,19,1,7609,0,7629,G
2-PB1,755,2,7604,0,16,7622,T
2-PB1,756,2,3,7636,0,7641,G
2-PB1,757,1,7607,0,6,7614,T
2-PB1,758,7580,1,2,0,7583,A
2-PB1,759,3,1,0,7580,7584,C
2-PB1,760,1,7279,0,23,7303,T
2-PB1,761,0,7331,0,1,7332,T
2-PB1,762,39,4,0,7284,7327,C
2-PB1,763,6,3,7279,0,7288,G
2-PB1,764,2,7280,1,2,7285,T
2-PB1,765,0,7253,0,8,7261,T
2-PB1,766,3,67,7201,0,7271,G
2-PB1,767,7249,0,2,0,7251,A
2-PB1,768,7227,0,8,17,7252,A
2-PB1,769,7306,1,8,0,7315,A
2-PB1,770,3,3,0,7335,7341,C
2-PB1,771,0,7265,0,2,7267,T
2-PB1,772,0,7241,1,2,7244,T
2-PB1,773,0,7255,1,3,7259,T
2-PB1,774,7376,0,6,1,7383,A
2-PB1,775,1,3,7394,0,7398,G
2-PB1,776,8,1,0,7407,7416,C
2-PB1,777,1,7401,0,11,7413,T
2-PB1,778,7367,1,2,1,7371,A
2-PB1,779,1,31,7329,0,7361,G
2-PB1,780,7352,3,6,1,7362,A
2-PB1,781,7341,0,13,0,7354,A
2-PB1,782,2,2,7391,1,7396,G
2-PB1,783,7,4,0,7294,7305,C
2-PB1,784,7292,0,6,0,7298,A
2-PB1,785,1,7269,0,2,7272,T
2-PB1,786,0,7269,0,2,7271,T
2-PB1,787,0,7260,1,4,7265,T
2-PB1,788,0,8,7276,0,7284,G
2-PB1,789,6,7,0,7265,7278,C
2-PB1,790,5,61,7218,0,7284,G
2-PB1,791,7251,1,15,0,7267,A
2-PB1,792,7246,1,3,0,7250,A
2-PB1,793,7241,0,8,2,7251,A
2-PB1,794,7492,0,15,0,7507,A
2-PB1,795,0,4,7587,0,7591,G
2-PB1,796,6,10,1,7598,7615,C
2-PB1,797,0,7599,0,5,7604,T
2-PB1,798,1,7596,0,2,7599,T
2-PB1,799,1,121,7489,3,7614,G
2-PB1,800,7596,4,8,1,7609,A
2-PB1,801,7602,1,10,0,7613,A
2-PB1,802,5,6,1,7664,7676,C
2-PB1,803,7536,0,4,1,7541,A
2-PB1,804,0,2,8253,0,8255,G
2-PB1,805,2,8208,0,4,8214,T
2-PB1,806,90,3,1,8139,8233,C
2-PB1,807,0,8218,1,14,8233,T
2-PB1,808,7,51,8194,2,8254,G
2-PB1,809,1,69,8183,0,8253,G
2-PB1,810,8269,1,9,1,8280,A
2-PB1,811,3,2,2,8315,8322,C
2-PB1,812,1,8053,0,8,8062,T
2-PB1,813,0,7645,0,9,7654,T
2-PB1,814,24,1,0,7606,7631,C
2-PB1,815,38,27,0,7582,7647,C
2-PB1,816,27,20,7632,0,7679,G
2-PB1,817,10,1,7716,0,7727,G
2-PB1,818,2,7679,1,6,7688,T
2-PB1,819,0,7678,1,5,7684,T
2-PB1,820,0,58,7605,0,7663,G
2-PB1,821,0,55,7627,2,7684,G
2-PB1,822,2,65,7663,1,7731,G
2-PB1,823,21,52,7638,0,7711,G
2-PB1,824,2,4,7743,1,7750,G
2-PB1,825,0,7701,0,1,7702,T
2-PB1,826,7698,0,0,0,7698,A
2-PB1,827,7750,2,7,0,7759,A
2-PB1,828,1,7748,1,4,7754,T
2-PB1,829,4,76,7701,3,7784,G
2-PB1,830,7705,0,2,1,7708,A
2-PB1,831,7636,0,14,1,7651,A
2-PB1,832,7664,2,4,0,7670,A
2-PB1,833,7621,2,13,1,7637,A
2-PB1,834,0,23,7629,0,7652,G
2-PB1,835,7568,2,8,1,7579,A
2-PB1,836,7523,1,11,2,7537,A
2-PB1,837,1,40,7551,0,7592,G
2-PB1,838,2,8,7581,0,7591,G
2-PB1,839,6,6,0,7551,7563,C
2-PB1,840,57,5,1,7507,7570,C
2-PB1,841,7587,1,3,0,7591,A
2-PB1,842,7574,0,12,2,7588,A
2-PB1,843,7577,0,5,1,7583,A
2-PB1,844,3,1,1,7591,7596,C
2-PB1,845,0,7589,0,7,7596,T
2-PB1,846,2,61,7632,1,7696,G
2-PB1,847,6,1,7665,0,7672,G
2-PB1,848,5,2,0,7690,7697,C
2-PB1,849,7707,0,6,1,7714,A
2-PB1,850,7679,2,4,1,7686,A
2-PB1,851,7707,1,3,0,7711,A
2-PB1,852,0,7711,0,1,7712,T
2-PB1,853,2,3,7734,1,7740,G
2-PB1,854,8,7701,0,5,7714,T
2-PB1,855,0,7550,0,3,7553,T
2-PB1,856,7,0,7560,0,7567,G
2-PB1,857,4,7525,1,10,7540,T
2-PB1,858,0,65,7490,1,7556,G
2-PB1,859,7531,1,15,0,7547,A
2-PB1,860,1,48,7530,0,7579,G
2-PB1,861,7545,2,8,0,7555,A
2-PB1,862,7526,2,2,1,7531,A
2-PB1,863,7527,0,4,1,7532,A
2-PB1,864,7552,1,2,2,7557,A
2-PB1,865,7584,1,13,0,7598,A
2-PB1,866,2,7574,0,2,7578,T
2-PB1,867,3,51,7519,2,7575,G
2-PB1,868,7564,2,2,1,7569,A
2-PB1,869,1,7476,0,29,7506,T
2-PB1,870,2,110,7448,0,7560,G
2-PB1,871,7544,2,5,2,7553,A
2-PB1,872,4,1,1,7623,7629,C
2-PB1,873,1,7591,0,6,7598,T
2-PB1,874,7556,1,4,0,7561,A
2-PB1,875,7646,1,5,0,7652,A
2-PB1,876,1,7640,0,1,7642,T
2-PB1,877,2,7701,1,6,7710,T
2-PB1,878,91,0,0,7667,7758,C
2-PB1,879,7732,5,7,0,7744,A
2-PB1,880,1,4,0,7762,7767,C
2-PB1,881,7691,2,5,2,7700,A
2-PB1,882,7698,1,17,2,7718,A
2-PB1,883,3,76,7658,0,7737,G
2-PB1,884,7841,2,17,0,7860,A
2-PB1,885,2,7,0,7846,7855,C
2-PB1,886,7779,4,7,0,7790,A
2-PB1,887,3,7,0,7787,7797,C
2-PB1,888,7711,1,4,0,7716,A
2-PB1,889,1,52,7691,0,7744,G
2-PB1,890,7698,2,7,0,7707,A
2-PB1,891,2,2,7764,0,7768,G
2-PB1,892,8,2,0,7721,7731,C
2-PB1,893,2,7539,2,10,7553,T
2-PB1,894,0,7638,1,3,7642,T
2-PB1,895,1,7647,0,6,7654,T
2-PB1,896,36,1,1,7648,7686,C
2-PB1,897,1,7639,0,35,7675,T
2-PB1,898,1,7634,1,8,7644,T
2-PB1,899,3,7636,0,14,7653,T
2-PB1,900,41,3,1,7627,7672,C
2-PB1,901,7648,1,3,1,7653,A
2-PB1,902,3,3,0,7689,7695,C
2-PB1,903,7589,3,7,0,7599,A
2-PB1,904,7691,0,0,0,7691,A
2-PB1,905,2,7760,0,7,7769,T
2-PB1,906,81,4,3,7805,7893,C
2-PB1,907,7924,1,3,1,7929,A
2-PB1,908,4,6,0,7978,7988,C
2-PB1,909,3,7920,2,5,7930,T
2-PB1,910,9,51,7905,4,7969,G
2-PB1,911,4,49,7907,0,7960,G
2-PB1,912,4,55,8098,0,8157,G
2-PB1,913,3,63,8067,1,8134,G
2-PB1,914,7993,1,13,0,8007,A
2-PB1,915,8,12,1,7697,7718,C
2-PB1,916,7810,0,5,2,7817,A
2-PB1,917,8288,0,11,0,8299,A
2-PB1,918,4,3,0,8364,8371,C
2-PB1,919,8344,3,10,0,8357,A
2-PB1,920,8,2,1,8346,8357,C
2-PB1,921,1,8042,2,4,8049,T
2-PB1,922,8092,0,9,0,8101,A
2-PB1,923,8067,1,12,1,8081,A
2-PB1,924,2,5,8139,0,8146,G
2-PB1,925,2,8086,3,6,8097,T
2-PB1,926,3,71,7568,1,7643,G
2-PB1,927,0,44,7548,0,7592,G
2-PB1,928,7559,2,8,0,7569,A
2-PB1,929,7585,1,4,0,7590,A
2-PB1,930,3,7576,1,3,7583,T
2-PB1,931,4,71,7486,0,7561,G
2-PB1,932,7559,1,3,0,7563,A
2-PB1,933,7492,0,5,1,7498,A
2-PB1,934,7527,2,5,2,7536,A
2-PB1,935,7556,1,3,1,7561,A
2-PB1,936,0,7520,0,2,7522,T
2-PB1,937,117,1,0,7424,7542,C
2-PB1,938,7536,0,5,1,7542,A
2-PB1,939,7525,1,6,1,7533,A
2-PB1,940,7523,1,4,1,7529,A
2-PB1,941,7534,0,2,1,7537,A
2-PB1,942,4,1,0,7558,7563,C
2-PB1,943,45,1,1,7446,7493,C
2-PB1,944,90,0,0,7396,7486,C
2-PB1,945,0,7467,0,8,7475,T
2-PB1,946,47,6,0,7442,7495,C
2-PB1,947,7,53,7441,0,7501,G
2-PB1,948,7501,2,3,2,7508,A
2-PB1,949,7506,0,1,3,7510,A
2-PB1,950,0,7517,0,5,7522,T
2-PB1,951,4,0,7555,0,7559,G
2-PB1,952,1,7463,2,13,7479,T
2-PB1,953,2,7458,2,8,7470,T
2-PB1,954,1,7479,1,10,7491,T
2-PB1,955,0,7483,0,1,7484,T
2-PB1,956,2,7480,0,2,7484,T
2-PB1,957,3,43,7429,0,7475,G
2-PB1,958,0,5,7470,0,7475,G
2-PB1,959,6,4,0,7425,7435,C
2-PB1,960,7,32,7351,0,7390,G
2-PB1,961,7382,0,4,0,7386,A
2-PB1,962,1,7564,0,6,7571,T
2-PB1,963,5,70,7747,0,7822,G
2-PB1,964,8198,1,5,1,8205,A
2-PB1,965,3,8242,1,8,8254,T
2-PB1,966,1,8270,0,2,8273,T
2-PB1,967,8318,0,8,0,8326,A
2-PB1,968,34,3,0,8302,8339,C
2-PB1,969,8359,4,9,0,8372,A
2-PB1,970,0,8328,0,32,8360,T
2-PB1,971,8027,2,4,0,8033,A
2-PB1,972,6,3,0,8135,8144,C
2-PB1,973,7555,0,2,0,7557,A
2-PB1,974,0,7557,0,11,7568,T
2-PB1,975,41,0,0,7513,7554,C
2-PB1,976,7512,2,9,0,7523,A
2-PB1,977,1,1,1,7541,7544,C
2-PB1,978,7457,0,24,1,7482,A
2-PB1,979,7482,1,1,0,7484,A
2-PB1,980,7456,1,7,0,7464,A
2-PB1,981,3,69,7185,0,7257,G
2-PB1,982,7572,2,11,0,7585,A
2-PB1,983,7582,2,15,3,7602,A
2-PB1,984,1,7598,0,6,7605,T
2-PB1,985,105,4,0,7504,7613,C
2-PB1,986,7653,1,8,0,7662,A
2-PB1,987,7704,1,7,1,7713,A
2-PB1,988,3,1,0,7714,7718,C
2-PB1,989,22,1,1,7691,7715,C
2-PB1,990,2,7417,0,6,7425,T
2-PB1,991,1,72,7410,3,7486,G
2-PB1,992,7456,1,6,0,7463,A
2-PB1,993,2,2,7469,0,7473,G
2-PB1,994,1,7432,0,4,7437,T
2-PB1,995,5,75,7241,1,7322,G
2-PB1,996,4,3,7703,0,7710,G
2-PB1,997,1,7651,0,11,7663,T
2-PB1,998,1,7648,0,8,7657,T
2-PB1,999,89,5,0,7586,7680,C
2-PB1,1000,7599,0,5,1,7605,A
2-PB1,1001,1,41,7678,0,7720,G
2-PB1,1002,7643,1,46,0,7690,A
2-PB1,1003,7702,0,7,1,7710,A
2-PB1,1004,7680,1,7,0,7688,A
2-PB1,1005,1,5,0,7343,7349,C
2-PB1,1006,7407,1,6,0,7414,A
2-PB1,1007,0,7400,1,3,7404,T
2-PB1,1008,13,2,0,7469,7484,C
2-PB1,1009,35,1,0,7469,7505,C
2-PB1,1010,2,7307,0,11,7320,T
2-PB1,1011,3,107,7220,1,7331,G
2-PB1,1012,7299,3,10,0,7312,A
2-PB1,1013,0,5,7395,0,7400,G
2-PB1,1014,14,6,1,7360,7381,C
2-PB1,1015,7160,0,3,0,7163,A
2-PB1,1016,1,7181,0,2,7184,T
2-PB1,1017,33,11,0,7085,7129,C
2-PB1,1018,10,5,7122,1,7138,G
2-PB1,1019,8,2,0,7315,7325,C
2-PB1,1020,7341,2,8,0,7351,A
2-PB1,1021,1,1,0,7539,7541,C
2-PB1,1022,49,2,0,7471,7522,C
2-PB1,1023,7523,2,4,0,7529,A
2-PB1,1024,7625,0,2,0,7627,A
2-PB1,1025,2,7624,0,2,7628,T
2-PB1,1026,7617,0,2,0,7619,A
2-PB1,1027,7610,1,3,3,7617,A
2-PB1,1028,0,7393,0,3,7396,T
2-PB1,1029,2,4,7419,0,7425,G
2-PB1,1030,1,7264,1,5,7271,T
2-PB1,1031,0,7236,0,7,7243,T
2-PB1,1032,88,1,2,7176,7267,C
2-PB1,1033,2,7228,0,9,7239,T
2-PB1,1034,70,3,1,7181,7255,C
2-PB1,1035,7260,0,3,0,7263,A
2-PB1,1036,7257,1,2,1,7261,A
2-PB1,1037,7256,0,9,1,7266,A
2-PB1,1038,2,2,1,7302,7307,C
2-PB1,1039,7271,1,2,0,7274,A
2-PB1,1040,7265,0,4,0,7269,A
2-PB1,1041,7251,1,3,0,7255,A
2-PB1,1042,7267,1,24,1,7293,A
2-PB1,1043,2,7356,0,2,7360,T
2-PB1,1044,2,72,7296,1,7371,G
2-PB1,1045,6,5,7352,0,7363,G
2-PB1,1046,8,1,3,7345,7357,C
2-PB1,1047,7320,2,8,0,7330,A
2-PB1,1048,7349,2,9,1,7361,A
2-PB1,1049,2,81,7325,2,7410,G
2-PB1,1050,7418,0,9,0,7427,A
2-PB1,1051,4,2,0,7436,7442,C
2-PB1,1052,1,7347,0,7,7355,T
2-PB1,1053,2,52,7384,0,7438,G
2-PB1,1054,0,40,7406,0,7446,G
2-PB1,1055,2,52,7454,0,7508,G
2-PB1,1056,7501,0,7,0,7508,A
2-PB1,1057,7458,1,2,0,7461,A
2-PB1,1058,7403,0,7,1,7411,A
2-PB1,1059,7398,1,10,0,7409,A
2-PB1,1060,4,50,7559,1,7614,G
2-PB1,1061,1,45,7546,1,7593,G
2-PB1,1062,7545,1,14,0,7560,A
2-PB1,1063,0,7526,0,6,7532,T
2-PB1,1064,7486,0,21,2,7509,A
2-PB1,1065,3,2,0,7524,7529,C
2-PB1,1066,7585,3,2,0,7590,A
2-PB1,1067,0,7565,0,4,7569,T
2-PB1,1068,5,3,7637,0,7645,G
2-PB1,1069,2,7494,0,15,7511,T
2-PB1,1070,1,7500,0,6,7507,T
2-PB1,1071,107,16,1,7376,7500,C
2-PB1,1072,12,69,7431,0,7512,G
2-PB1,1073,7509,3,8,0,7520,A
2-PB1,1074,0,90,7571,1,7662,G
2-PB1,1075,7556,2,12,1,7571,A
2-PB1,1076,5,9,7641,0,7655,G
2-PB1,1077,0,7593,0,6,7599,T
2-PB1,1078,7579,0,2,0,7581,A
2-PB1,1079,7607,0,8,0,7615,A
2-PB1,1080,1,85,7558,0,7644,G
2-PB1,1081,7622,1,9,0,7632,A
2-PB1,1082,3,48,7697,0,7748,G
2-PB1,1083,7594,0,3,0,7597,A
2-PB1,1084,7639,0,8,1,7648,A
2-PB1,1085,1,7585,0,3,7589,T
2-PB1,1086,3,47,7521,1,7572,G
2-PB1,1087,7562,0,14,1,7577,A
2-PB1,1088,7538,0,13,1,7552,A
2-PB1,1089,2,1,7571,0,7574,G
2-PB1,1090,4,2,0,7524,7530,C
2-PB1,1091,2,7416,1,12,7431,T
2-PB1,1092,49,2,0,7426,7477,C
2-PB1,1093,20,15,1,7435,7471,C
2-PB1,1094,11,34,7461,0,7506,G
2-PB1,1095,1,59,7460,1,7521,G
2-PB1,1096,7527,0,6,0,7533,A
2-PB1,1097,3,2,0,7660,7665,C
2-PB1,1098,7631,3,7,0,7641,A
2-PB1,1099,0,2,0,7705,7707,C
2-PB1,1100,7692,1,5,0,7698,A
2-PB1,1101,7707,0,5,0,7712,A
2-PB1,1102,7708,2,0,0,7710,A
2-PB1,1103,0,7729,0,3,7732,T
2-PB1,1104,7737,1,2,0,7740,A
2-PB1,1105,1,0,0,7728,7729,C
2-PB1,1106,28,3,2,7659,7692,C
2-PB1,1107,3,7587,1,10,7601,T
2-PB1,1108,4,3,7635,1,7643,G
2-PB1,1109,2,3,0,7640,7645,C
2-PB1,1110,7629,11,6,0,7646,A
2-PB1,1111,5,26,7625,0,7656,G
2-PB1,1112,7604,3,5,1,7613,A
2-PB1,1113,7610,3,4,1,7618,A
2-PB1,1114,7638,1,2,1,7642,A
2-PB1,1115,0,7622,0,5,7627,T
2-PB1,1116,2,10,7625,0,7637,G
2-PB1,1117,9,1,0,7588,7598,C
2-PB1,1118,1,7582,0,8,7591,T
2-PB1,1119,7675,0,9,1,7685,A
2-PB1,1120,1,3,7674,0,7678,G
2-PB1,1121,6,5,1,7661,7673,C
2-PB1,1122,7673,0,1,3,7677,A
2-PB1,1123,7638,1,4,2,7645,A
2-PB1,1124,1,6,7614,0,7621,G
2-PB1,1125,5,1,1,7598,7605,C
2-PB1,1126,7506,0,2,1,7509,A
2-PB1,1127,2,7649,0,7,7658,T
2-PB1,1128,2,7661,0,5,7668,T
2-PB1,1129,1,100,7781,0,7882,G
2-PB1,1130,7950,0,5,0,7955,A
2-PB1,1131,2,0,0,7938,7940,C
2-PB1,1132,39,0,0,7916,7955,C
2-PB1,1133,1,7779,2,8,7790,T
2-PB1,1134,3,32,7855,1,7891,G
2-PB1,1135,7897,0,5,0,7902,A
2-PB1,1136,7892,1,9,1,7903,A
2-PB1,1137,1,2,7974,0,7977,G
2-PB1,1138,2,7761,0,1,7764,T
2-PB1,1139,7790,0,2,0,7792,A
2-PB1,1140,1,7747,0,3,7751,T
2-PB1,1141,0,7732,0,7,7739,T
2-PB1,1142,3,7739,2,8,7752,T
2-PB1,1143,43,3,0,7610,7656,C
2-PB1,1144,7644,0,7,0,7651,A
2-PB1,1145,7654,1,3,0,7658,A
2-PB1,1146,1,7555,0,0,7556,T
2-PB1,1147,1,116,7464,1,7582,G
2-PB1,1148,7527,1,2,0,7530,A
2-PB1,1149,7552,2,3,2,7559,A
2-PB1,1150,1,7520,1,8,7530,T
2-PB1,1151,79,1,1,7499,7580,C
2-PB1,1152,7569,0,5,0,7574,A
2-PB1,1153,7581,1,5,0,7587,A
2-PB1,1154,3,1,0,7575,7579,C
2-PB1,1155,7557,1,6,0,7564,A
2-PB1,1156,7544,1,4,0,7549,A
2-PB1,1157,1,31,7547,0,7579,G
2-PB1,1158,3,36,7572,1,7612,G
2-PB1,1159,7592,0,10,0,7602,A
2-PB1,1160,7571,4,21,1,7597,A
2-PB1,1161,22,46,7534,0,7602,G
2-PB1,1162,7587,1,4,0,7592,A
2-PB1,1163,7601,0,4,0,7605,A
2-PB1,1164,7588,0,5,1,7594,A
2-PB1,1165,7582,3,9,2,7596,A
2-PB1,1166,2,7573,0,1,7576,T
2-PB1,1167,2,7477,2,3,7484,T
2-PB1,1168,5,91,7405,0,7501,G
2-PB1,1169,7470,1,12,1,7484,A
2-PB1,1170,0,42,7480,1,7523,G
2-PB1,1171,7496,1,5,0,7502,A
2-PB1,1172,7550,0,3,0,7553,A
2-PB1,1173,7617,3,4,2,7626,A
2-PB1,1174,7642,1,2,1,7646,A
2-PB1,1175,0,7641,0,1,7642,T
2-PB1,1176,7643,0,1,1,7645,A
2-PB1,1177,7630,2,10,3,7645,A
2-PB1,1178,0,35,7630,0,7665,G
2-PB1,1179,3,1,7663,0,7667,G
2-PB1,1180,4,3,1,7614,7622,C
2-PB1,1181,41,0,0,7573,7614,C
2-PB1,1182,2,7565,0,16,7583,T
2-PB1,1183,51,0,0,8214,8265,C
2-PB1,1184,3,8338,1,17,8359,T
2-PB1,1185,1,8382,1,2,8386,T
2-PB1,1186,38,0,1,8502,8541,C
2-PB1,1187,1,8509,0,7,8517,T
2-PB1,1188,8532,1,1,1,8535,A
2-PB1,1189,8538,0,10,1,8549,A
2-PB1,1190,1,8558,0,1,8560,T
2-PB1,1191,8585,0,4,0,8589,A
2-PB1,1192,0,29,8404,0,8433,G
2-PB1,1193,7765,3,14,0,7782,A
2-PB1,1194,1,7778,1,6,7786,T
2-PB1,1195,2,80,7603,0,7685,G
2-PB1,1196,2,3,7785,2,7792,G
2-PB1,1197,8,6,0,7758,7772,C
2-PB1,1198,7751,4,12,1,7768,A
2-PB1,1199,1,3,0,7813,7817,C
2-PB1,1200,7676,0,10,1,7687,A
2-PB1,1201,0,7,7970,0,7977,G
2-PB1,1202,13,11,1,7928,7953,C
2-PB1,1203,7960,4,4,1,7969,A
2-PB1,1204,0,8130,0,9,8139,T
2-PB1,1205,61,1,1,7971,8034,C
2-PB1,1206,8083,1,2,0,8086,A
2-PB1,1207,0,8079,1,6,8086,T
2-PB1,1208,3,8015,1,19,8038,T
2-PB1,1209,2,54,7970,0,8026,G
2-PB1,1210,7750,1,14,0,7765,A
2-PB1,1211,6,4,7976,0,7986,G
2-PB1,1212,8,1,0,7965,7974,C
2-PB1,1213,55,2,1,7813,7871,C
2-PB1,1214,53,2,1,7912,7968,C
2-PB1,1215,1,7889,0,14,7904,T
2-PB1,1216,5,36,8212,0,8253,G
2-PB1,1217,1,50,8315,2,8368,G
2-PB1,1218,8342,5,17,1,8365,A
2-PB1,1219,8524,0,3,1,8528,A
2-PB1,1220,3,8222,1,12,8238,T
2-PB1,1221,3,37,8412,1,8453,G
2-PB1,1222,8542,1,11,2,8556,A
2-PB1,1223,1,8565,1,8,8575,T
2-PB1,1224,2,53,8534,3,8592,G
2-PB1,1225,8475,0,12,2,8489,A
2-PB1,1226,1,8368,0,5,8374,T
2-PB1,1227,8,119,8268,5,8400,G
2-PB1,1228,35,50,8402,0,8487,G
2-PB1,1229,4,7,8494,0,8505,G
2-PB1,1230,10,6,0,8401,8417,C
2-PB1,1231,8382,2,6,1,8391,A
2-PB1,1232,1,8376,0,6,8383,T
2-PB1,1233,2,4,8668,0,8674,G
2-PB1,1234,2,8678,1,9,8690,T
2-PB1,1235,2,8708,1,13,8724,T
2-PB1,1236,123,3,2,8618,8746,C
2-PB1,1237,8672,1,5,1,8679,A
2-PB1,1238,8722,1,6,4,8733,A
2-PB1,1239,3,2,1,8732,8738,C
2-PB1,1240,8765,2,11,1,8779,A
2-PB1,1241,0,8768,2,9,8779,T
2-PB1,1242,4,11,8818,0,8833,G
2-PB1,1243,6,4,1,8831,8842,C
2-PB1,1244,1,8812,1,2,8816,T
2-PB1,1245,8903,0,5,3,8911,A
2-PB1,1246,8888,1,8,1,8898,A
2-PB1,1247,2,4,9081,0,9087,G
2-PB1,1248,0,9066,0,2,9068,T
2-PB1,1249,9018,2,3,0,9023,A
2-PB1,1250,2,33,36,9001,9072,C
2-PB1,1251,12,63,8985,1,9061,G
2-PB1,1252,3,2,9516,0,9521,G
2-PB1,1253,1,9499,0,10,9510,T
2-PB1,1254,0,9422,2,24,9448,T
2-PB1,1255,0,9450,1,4,9455,T
2-PB1,1256,0,9388,1,4,9393,T
2-PB1,1257,9380,0,11,0,9391,A
2-PB1,1258,0,52,9339,0,9391,G
2-PB1,1259,2,83,9303,1,9389,G
2-PB1,1260,9167,1,15,0,9183,A
2-PB1,1261,1,0,9124,0,9125,G
2-PB1,1262,0,9192,4,11,9207,T
2-PB1,1263,76,1,1,9177,9255,C
2-PB1,1264,0,9253,0,11,9264,T
2-PB1,1265,67,12,1,9193,9273,C
2-PB1,1266,9,68,9202,0,9279,G
2-PB1,1267,9553,2,8,1,9564,A
2-PB1,1268,3,9565,0,3,9571,T
2-PB1,1269,9621,3,1,1,9626,A
2-PB1,1270,4,3,0,9618,9625,C
2-PB1,1271,3,9469,0,11,9483,T
2-PB1,1272,4,104,9384,0,9492,G
2-PB1,1273,9461,2,18,0,9481,A
2-PB1,1274,9605,2,3,6,9616,A
2-PB1,1275,0,9612,0,7,9619,T
2-PB1,1276,54,0,0,9394,9448,C
2-PB1,1277,4,9402,0,10,9416,T
2-PB1,1278,1,9356,1,3,9361,T
2-PB1,1279,8,74,9307,0,9389,G
2-PB1,1280,1,66,9317,4,9388,G
2-PB1,1281,9354,3,15,0,9372,A
2-PB1,1282,3,5,0,9397,9405,C
2-PB1,1283,9244,2,2,1,9249,A
2-PB1,1284,9313,3,6,0,9322,A
2-PB1,1285,9359,0,4,0,9363,A
2-PB1,1286,9368,1,18,0,9387,A
2-PB1,1287,2,46,9485,1,9534,G
2-PB1,1288,9548,1,12,2,9563,A
2-PB1,1289,9541,2,6,2,9551,A
2-PB1,1290,9550,1,13,0,9564,A
2-PB1,1291,0,9558,1,1,9560,T
2-PB1,1292,9571,0,6,0,9577,A
2-PB1,1293,2,13,0,9844,9859,C
2-PB1,1294,9764,5,16,0,9785,A
2-PB1,1295,4,1,0,9847,9852,C
2-PB1,1296,45,2,1,9708,9756,C
2-PB1,1297,9748,1,2,0,9751,A
2-PB1,1298,9858,2,9,0,9869,A
2-PB1,1299,1,81,10070,1,10153,G
2-PB1,1300,10251,0,10,0,10261,A
2-PB1,1301,2,3,0,10354,10359,C
2-PB1,1302,10127,1,10,1,10139,A
2-PB1,1303,10413,1,15,1,10430,A
2-PB1,1304,4,6,0,10461,10471,C
2-PB1,1305,10565,1,7,0,10573,A
2-PB1,1306,1,10625,0,0,10626,T
2-PB1,1307,10529,2,4,0,10535,A
2-PB1,1308,5,0,1,10795,10801,C
2-PB1,1309,2,10478,0,7,10487,T
2-PB1,1310,5,69,10555,1,10630,G
2-PB1,1311,2,3,10620,0,10625,G
2-PB1,1312,4,10397,0,9,10410,T
2-PB1,1313,2,120,10276,0,10398,G
2-PB1,1314,3,66,10190,2,10261,G
2-PB1,1315,10,52,10222,0,10284,G
2-PB1,1316,10264,1,11,1,10277,A
2-PB1,1317,1,10040,0,11,10052,T
2-PB1,1318,9,115,9921,2,10047,G
2-PB1,1319,5,28,9944,0,9977,G
2-PB1,1320,3,10,10034,0,10047,G
2-PB1,1321,9,2,0,10200,10211,C
2-PB1,1322,3,10160,2,6,10171,T
2-PB1,1323,64,0,0,10176,10240,C
2-PB1,1324,55,9,1,10132,10197,C
2-PB1,1325,10204,1,2,0,10207,A
2-PB1,1326,10217,1,2,0,10220,A
2-PB1,1327,0,10183,0,6,10189,T
2-PB1,1328,59,2,2,10083,10146,C
2-PB1,1329,62,0,1,10000,10063,C
2-PB1,1330,1,9969,1,14,9985,T
2-PB1,1331,43,1,0,9945,9989,C
2-PB1,1332,41,15,2,9896,9954,C
2-PB1,1333,12,50,9888,0,9950,G
2-PB1,1334,9948,1,2,0,9951,A
2-PB1,1335,4,12,0,9944,9960,C
2-PB1,1336,10,101,9867,1,9979,G
2-PB1,1337,10045,0,0,0,10045,A
2-PB1,1338,0,10012,0,16,10028,T
2-PB1,1339,0,10024,0,3,10027,T
2-PB1,1340,3,10013,2,7,10025,T
2-PB1,1341,2,10029,1,6,10038,T
2-PB1,1342,2,8,10047,0,10057,G
2-PB1,1343,5,10,0,10111,10126,C
2-PB1,1344,88,5,0,10042,10135,C
2-PB1,1345,113,1,1,10304,10419,C
2-PB1,1346,1,10256,0,17,10274,T
2-PB1,1347,78,2,0,10582,10662,C
2-PB1,1348,10695,2,3,0,10700,A
2-PB1,1349,0,10741,0,4,10745,T
2-PB1,1350,10730,0,6,0,10736,A
2-PB1,1351,1,4,10820,0,10825,G
2-PB1,1352,4,10707,1,14,10726,T
2-PB1,1353,2,123,10660,1,10786,G
2-PB1,1354,10476,0,3,0,10479,A
2-PB1,1355,10490,3,7,0,10500,A
2-PB1,1356,1,10092,1,3,10097,T
2-PB1,1357,2,12,10073,0,10087,G
2-PB1,1358,8,8,1,10179,10196,C
2-PB1,1359,10197,0,5,0,10202,A
2-PB1,1360,5,7,0,10223,10235,C
2-PB1,1361,74,6,0,10103,10183,C
2-PB1,1362,10123,0,2,0,10125,A
2-PB1,1363,10112,4,5,0,10121,A
2-PB1,1364,10095,1,6,1,10103,A
2-PB1,1365,2,9873,0,23,9898,T
2-PB1,1366,116,2,0,10056,10174,C
2-PB1,1367,10176,4,5,0,10185,A
2-PB1,1368,0,10150,3,21,10174,T
2-PB1,1369,1,69,10120,0,10190,G
2-PB1,1370,10176,2,18,3,10199,A
2-PB1,1371,2,89,10152,0,10243,G
2-PB1,1372,3,67,10115,1,10186,G
2-PB1,1373,10,53,10159,1,10223,G
2-PB1,1374,10154,0,10,1,10165,A
2-PB1,1375,10286,1,8,1,10296,A
2-PB1,1376,4,10311,0,4,10319,T
2-PB1,1377,10348,0,8,1,10357,A
2-PB1,1378,7,4,1,10363,10375,C
2-PB1,1379,10408,1,7,0,10416,A
2-PB1,1380,10409,6,9,0,10424,A
2-PB1,1381,2,4,10380,0,10386,G
2-PB1,1382,5,6,1,10296,10308,C
2-PB1,1383,10220,1,7,4,10232,A
2-PB1,1384,35,51,10257,0,10343,G
2-PB1,1385,2,91,10268,0,10361,G
2-PB1,1386,10296,1,13,1,10311,A
2-PB1,1387,21,12,10343,0,10376,G
2-PB1,1388,2,10231,0,5,10238,T
2-PB1,1389,6,69,10244,2,10321,G
2-PB1,1390,3,42,10298,1,10344,G
2-PB1,1391,10308,3,13,1,10325,A
2-PB1,1392,1,10325,0,5,10331,T
2-PB1,1393,10125,1,5,1,10132,A
2-PB1,1394,2,48,10176,0,10226,G
2-PB1,1395,10285,1,7,0,10293,A
2-PB1,1396,2,10278,0,2,10282,T
2-PB1,1397,0,10240,1,3,10244,T
2-PB1,1398,65,1,0,10427,10493,C
2-PB1,1399,1,10434,0,3,10438,T
2-PB1,1400,10433,2,1,0,10436,A
2-PB1,1401,4,4,1,10417,10426,C
2-PB1,1402,10243,3,8,2,10256,A
2-PB1,1403,0,41,10215,2,10258,G
2-PB1,1404,0,80,10020,0,10100,G
2-PB1,1405,10185,0,6,0,10191,A
2-PB1,1406,4,0,0,10165,10169,C
2-PB1,1407,58,1,0,9904,9963,C
2-PB1,1408,8,9818,1,13,9840,T
2-PB1,1409,7,3,9857,0,9867,G
2-PB1,1410,8,6,0,9841,9855,C
2-PB1,1411,9873,1,6,1,9881,A
2-PB1,1412,9900,0,12,1,9913,A
2-PB1,1413,2,5,9962,0,9969,G
2-PB1,1414,2,9782,0,5,9789,T
2-PB1,1415,1,9785,0,2,9788,T
2-PB1,1416,9668,0,9,1,9678,A
2-PB1,1417,1,4,9692,0,9697,G
2-PB1,1418,3,9636,0,8,9647,T
2-PB1,1419,3,66,9559,2,9630,G
2-PB1,1420,12,48,9555,1,9616,G
2-PB1,1421,2,90,9562,1,9655,G
2-PB1,1422,9553,1,20,2,9576,A
2-PB1,1423,9615,1,7,0,9623,A
2-PB1,1424,0,9589,0,5,9594,T
2-PB1,1425,121,5,0,9498,9624,C
2-PB1,1426,9598,1,7,0,9606,A
2-PB1,1427,9612,1,9,0,9622,A
2-PB1,1428,4,4,0,9610,9618,C
2-PB1,1429,9586,4,8,0,9598,A
2-PB1,1430,2,9384,0,8,9394,T
2-PB1,1431,2,167,9253,1,9423,G
2-PB1,1432,9399,1,24,1,9425,A
2-PB1,1433,3,9,9506,0,9518,G
2-PB1,1434,18,3,0,9435,9456,C
2-PB1,1435,9424,2,0,1,9427,A
2-PB1,1436,9434,1,5,0,9440,A
2-PB1,1437,9435,1,8,2,9446,A
2-PB1,1438,9491,1,7,0,9499,A
2-PB1,1439,9477,1,8,0,9486,A
2-PB1,1440,1,35,9450,0,9486,G
2-PB1,1441,9386,0,5,0,9391,A
2-PB1,1442,9282,0,13,0,9295,A
2-PB1,1443,1,3,9565,0,9569,G
2-PB1,1444,4,9536,0,7,9547,T
2-PB1,1445,86,1,0,9464,9551,C
2-PB1,1446,69,1,1,9528,9599,C
2-PB1,1447,1,9549,0,6,9556,T
2-PB1,1448,9681,2,6,0,9689,A
2-PB1,1449,3,9679,0,3,9685,T
2-PB1,1450,9697,0,4,0,9701,A
2-PB1,1451,2,9684,1,3,9690,T
2-PB1,1452,9452,0,1,0,9453,A
2-PB1,1453,9478,0,5,0,9483,A
2-PB1,1454,9449,1,4,2,9456,A
2-PB1,1455,2,9433,0,2,9437,T
2-PB1,1456,9340,0,1,0,9341,A
2-PB1,1457,9286,1,9,1,9297,A
2-PB1,1458,9313,0,3,0,9316,A
2-PB1,1459,9323,1,3,0,9327,A
2-PB1,1460,2,1,0,9344,9347,C
2-PB1,1461,8988,1,8,0,8997,A
2-PB1,1462,1,92,8897,1,8991,G
2-PB1,1463,3,67,8914,0,8984,G
2-PB1,1464,5,60,8927,2,8994,G
2-PB1,1465,8990,2,16,1,9009,A
2-PB1,1466,4,7,0,9064,9075,C
2-PB1,1467,9007,0,2,0,9009,A
2-PB1,1468,2,9065,1,2,9070,T
2-PB1,1469,1,9051,1,4,9057,T
2-PB1,1470,2,9058,1,3,9064,T
2-PB1,1471,1,100,8978,0,9079,G
2-PB1,1472,9003,2,6,0,9011,A
2-PB1,1473,9021,3,8,1,9033,A
2-PB1,1474,0,9035,0,2,9037,T
2-PB1,1475,1,8825,0,4,8830,T
2-PB1,1476,98,2,1,8778,8879,C
2-PB1,1477,8789,1,1,0,8791,A
2-PB1,1478,3,3,0,8789,8795,C
2-PB1,1479,0,8793,0,1,8794,T
2-PB1,1480,8776,0,5,0,8781,A
2-PB1,1481,22,3,8759,0,8784,G
2-PB1,1482,3,1,0,8770,8774,C
2-PB1,1483,1,8677,0,13,8691,T
2-PB1,1484,2,8767,0,3,8772,T
2-PB1,1485,1,8736,0,5,8742,T
2-PB1,1486,5,8741,0,2,8748,T
2-PB1,1487,0,8723,4,7,8734,T
2-PB1,1488,1,8727,1,6,8735,T
2-PB1,1489,0,8702,1,3,8706,T
2-PB1,1490,8696,0,0,0,8696,A
2-PB1,1491,0,8664,0,6,8670,T
2-PB1,1492,60,3,0,8610,8673,C
2-PB1,1493,8,61,8674,0,8743,G
2-PB1,1494,8938,0,2,0,8940,A
2-PB1,1495,2,8950,0,4,8956,T
2-PB1,1496,8948,0,4,0,8952,A
2-PB1,1497,0,9002,0,8,9010,T
2-PB1,1498,3,83,8926,2,9014,G
2-PB1,1499,2,59,8989,0,9050,G
2-PB1,1500,9058,0,10,0,9068,A
2-PB1,1501,2,9006,1,5,9014,T
2-PB1,1502,0,8914,0,3,8917,T
2-PB1,1503,3,8638,0,8,8649,T
2-PB1,1504,6,1,8650,0,8657,G
2-PB1,1505,2,8616,1,6,8625,T
2-PB1,1506,4,46,8554,2,8606,G
2-PB1,1507,2,3,8609,1,8615,G
2-PB1,1508,8,4,0,8530,8542,C
2-PB1,1509,1,8521,1,5,8528,T
2-PB1,1510,8538,2,0,1,8541,A
2-PB1,1511,8604,0,2,2,8608,A
2-PB1,1512,0,8605,2,48,8655,T
2-PB1,1513,1,8643,2,3,8649,T
2-PB1,1514,1,8639,3,1,8644,T
2-PB1,1515,0,8636,1,3,8640,T
2-PB1,1516,8624,0,7,0,8631,A
2-PB1,1517,5,9,8675,0,8689,G
2-PB1,1518,11,4,1,8662,8678,C
2-PB1,1519,8658,0,6,0,8664,A
2-PB1,1520,0,8565,0,11,8576,T
2-PB1,1521,5,35,8419,1,8460,G
2-PB1,1522,2,74,8498,0,8574,G
2-PB1,1523,8502,3,13,2,8520,A
2-PB1,1524,2,5,8535,0,8542,G
2-PB1,1525,3,2,0,8484,8489,C
2-PB1,1526,1,8365,1,4,8371,T
2-PB1,1527,48,11,8389,1,8449,G
2-PB1,1528,3,2,0,8432,8437,C
2-PB1,1529,56,9,1,8334,8400,C
2-PB1,1530,83,4,1,8355,8443,C
2-PB1,1531,8191,1,6,2,8200,A
2-PB1,1532,0,3,8485,0,8488,G
2-PB1,1533,2,8455,2,3,8462,T
2-PB1,1534,0,8460,1,4,8465,T
2-PB1,1535,1,8447,1,4,8453,T
2-PB1,1536,1,8335,1,2,8339,T
2-PB1,1537,1,37,8284,0,8322,G
2-PB1,1538,0,81,8255,0,8336,G
2-PB1,1539,8295,2,12,0,8309,A
2-PB1,1540,2,1,8307,0,8310,G
2-PB1,1541,1,7675,0,3,7679,T
2-PB1,1542,7645,0,2,0,7647,A
2-PB1,1543,0,7778,0,3,7781,T
2-PB1,1544,26,2,0,7762,7790,C
2-PB1,1545,2,7786,1,4,7793,T
2-PB1,1546,6,31,7828,1,7866,G
2-PB1,1547,3,46,7862,1,7912,G
2-PB1,1548,7897,2,8,1,7908,A
2-PB1,1549,7850,1,56,1,7908,A
2-PB1,1550,1,7840,1,2,7844,T
2-PB1,1551,7579,0,3,0,7582,A
2-PB1,1552,7574,1,6,1,7582,A
2-PB1,1553,7560,0,4,3,7567,A
2-PB1,1554,2,8,2,7573,7585,C
2-PB1,1555,5,68,7370,2,7445,G
2-PB1,1556,7326,0,6,0,7332,A
2-PB1,1557,0,1,7330,0,7331,G
2-PB1,1558,1,7301,0,3,7305,T
2-PB1,1559,91,2,0,7241,7334,C
2-PB1,1560,7282,0,6,0,7288,A
2-PB1,1561,0,2,7382,0,7384,G
2-PB1,1562,5,2,0,7376,7383,C
2-PB1,1563,3,7339,1,10,7353,T
2-PB1,1564,6,39,7498,1,7544,G
2-PB1,1565,7469,0,6,0,7475,A
2-PB1,1566,0,7474,2,1,7477,T
2-PB1,1567,7482,1,6,1,7490,A
2-PB1,1568,4,7327,0,1,7332,T
2-PB1,1569,3,98,7270,2,7373,G
2-PB1,1570,7029,0,11,0,7040,A
2-PB1,1571,1,4,7139,1,7145,G
2-PB1,1572,9,1,1,7136,7147,C
2-PB1,1573,6663,3,1,0,6667,A
2-PB1,1574,0,6660,0,6,6666,T
2-PB1,1575,2,6641,0,2,6645,T
2-PB1,1576,3,29,6668,0,6700,G
2-PB1,1577,3,52,6875,0,6930,G
2-PB1,1578,6785,0,13,1,6799,A
2-PB1,1579,2,0,6806,1,6809,G
2-PB1,1580,0,6514,0,5,6519,T
2-PB1,1581,6478,0,5,0,6483,A
2-PB1,1582,6476,0,12,0,6488,A
2-PB1,1583,2,4,0,6518,6524,C
2-PB1,1584,6428,0,8,1,6437,A
2-PB1,1585,0,2,6545,1,6548,G
2-PB1,1586,0,5768,2,3,5773,T
2-PB1,1587,3,42,5778,0,5823,G
2-PB1,1588,5857,2,15,0,5874,A
2-PB1,1589,1,5863,2,0,5866,T
2-PB1,1590,5835,1,3,0,5839,A
2-PB1,1591,5807,0,6,1,5814,A
2-PB1,1592,5629,3,14,0,5646,A
2-PB1,1593,1,61,5650,0,5712,G
2-PB1,1594,5407,1,11,0,5419,A
2-PB1,1595,5407,1,9,0,5417,A
2-PB1,1596,4,4,0,5418,5426,C
2-PB1,1597,5250,1,2,0,5253,A
2-PB1,1598,5292,1,4,0,5297,A
2-PB1,1599,0,1,1,5338,5340,C
2-PB1,1600,5380,1,8,1,5390,A
2-PB1,1601,0,5355,28,5,5388,T
2-PB1,1602,1,34,5257,3,5295,G
2-PB1,1603,5289,2,5,0,5296,A
2-PB1,1604,3,5283,0,2,5288,T
2-PB1,1605,5213,0,2,0,5215,A
2-PB1,1606,5247,1,1,1,5250,A
2-PB1,1607,5182,3,7,0,5192,A
2-PB1,1608,2,1,0,5211,5214,C
2-PB1,1609,4967,0,0,1,4968,A
2-PB1,1610,4949,1,5,0,4955,A
2-PB1,1611,0,4859,0,4,4863,T
2-PB1,1612,2,65,4801,0,4868,G
2-PB1,1613,5000,3,1,1,5005,A
2-PB1,1614,1,0,0,5071,5072,C
2-PB1,1615,26,2,1,4956,4985,C
2-PB1,1616,0,4796,0,5,4801,T
2-PB1,1617,0,4672,0,26,4698,T
2-PB1,1618,1,38,4675,0,4714,G
2-PB1,1619,2,46,4712,1,4761,G
2-PB1,1620,4815,0,9,0,4824,A
2-PB1,1621,3,1,0,4843,4847,C
2-PB1,1622,23,1,0,4758,4782,C
2-PB1,1623,4736,3,0,0,4739,A
2-PB1,1624,1,2,4816,0,4819,G
2-PB1,1625,2,8,0,4822,4832,C
2-PB1,1626,4835,1,2,0,4838,A
2-PB1,1627,4834,0,1,1,4836,A
2-PB1,1628,3,3,0,4812,4818,C
2-PB1,1629,4767,0,1,0,4768,A
2-PB1,1630,1,8,4887,0,4896,G
2-PB1,1631,3,0,0,4885,4888,C
2-PB1,1632,20,1,0,4865,4886,C
2-PB1,1633,48,0,1,4829,4878,C
2-PB1,1634,4880,0,3,0,4883,A
2-PB1,1635,4881,0,2,0,4883,A
2-PB1,1636,4881,1,2,1,4885,A
2-PB1,1637,0,4869,1,4,4874,T
2-PB1,1638,1,34,4824,2,4861,G
2-PB1,1639,3,3,4825,1,4832,G
2-PB1,1640,2,1,0,4832,4835,C
2-PB1,1641,4,4798,1,7,4810,T
2-PB1,1642,27,1,0,4868,4896,C
2-PB1,1643,1,4885,1,12,4899,T
2-PB1,1644,43,1,0,4889,4933,C
2-PB1,1645,24,2,1,4904,4931,C
2-PB1,1646,4941,0,0,0,4941,A
2-PB1,1647,4945,0,6,0,4951,A
2-PB1,1648,1,4918,0,1,4920,T
2-PB1,1649,2,4880,1,6,4889,T
2-PB1,1650,4,2,4917,0,4923,G
2-PB1,1651,3,4816,1,8,4828,T
2-PB1,1652,2,4804,1,5,4812,T
2-PB1,1653,79,8,0,4735,4822,C
2-PB1,1654,4814,0,1,0,4815,A
2-PB1,1655,0,4814,0,3,4817,T
2-PB1,1656,22,1,0,4799,4822,C
2-PB1,1657,4834,0,2,0,4836,A
2-PB1,1658,4830,1,1,0,4832,A
2-PB1,1659,4823,0,6,0,4829,A
2-PB1,1660,3,20,4905,0,4928,G
2-PB1,1661,4925,0,3,1,4929,A
2-PB1,1662,3,4940,0,1,4944,T
2-PB1,1663,1,4953,0,1,4955,T
2-PB1,1664,4966,1,2,2,4971,A
2-PB1,1665,2,2,0,5062,5066,C
2-PB1,1666,5038,2,12,0,5052,A
2-PB1,1667,2,24,5063,1,5090,G
2-PB1,1668,5066,1,6,0,5073,A
2-PB1,1669,1,5146,0,1,5148,T
2-PB1,1670,5154,1,14,0,5169,A
2-PB1,1671,1,2,0,5418,5421,C
2-PB1,1672,5526,0,8,0,5534,A
2-PB1,1673,1,3,1,5864,5869,C
2-PB1,1674,5779,1,3,0,5783,A
2-PB1,1675,0,5816,0,1,5817,T
2-PB1,1676,5778,2,1,1,5782,A
2-PB1,1677,2,5777,0,2,5781,T
2-PB1,1678,5636,2,3,1,5642,A
2-PB1,1679,1,40,5616,1,5658,G
2-PB1,1680,0,6,5611,0,5617,G
2-PB1,1681,1,5367,0,5,5373,T
2-PB1,1682,6,3,5296,0,5305,G
2-PB1,1683,5,1,0,5514,5520,C
2-PB1,1684,45,0,0,5465,5510,C
2-PB1,1685,5591,0,2,0,5593,A
2-PB1,1686,2,5584,0,0,5586,T
2-PB1,1687,5579,0,3,0,5582,A
2-PB1,1688,1,25,5592,0,5618,G
2-PB1,1689,5492,1,9,0,5502,A
2-PB1,1690,2,18,5517,1,5538,G
2-PB1,1691,0,46,5472,0,5518,G
2-PB1,1692,5329,0,7,0,5336,A
2-PB1,1693,1,48,5304,0,5353,G
2-PB1,1694,5305,3,9,0,5317,A
2-PB1,1695,1,4,0,5319,5324,C
2-PB1,1696,5310,1,4,0,5315,A
2-PB1,1697,2,4,0,5370,5376,C
2-PB1,1698,5368,4,1,1,5374,A
2-PB1,1699,2,1,1,5374,5378,C
2-PB1,1700,5335,0,2,0,5337,A
2-PB1,1701,5350,0,5,2,5357,A
2-PB1,1702,5398,1,6,0,5405,A
2-PB1,1703,0,5373,0,23,5396,T
2-PB1,1704,29,2,1,5378,5410,C
2-PB1,1705,34,3,0,5377,5414,C
2-PB1,1706,5359,2,1,0,5362,A
2-PB1,1707,0,37,5351,2,5390,G
2-PB1,1708,5376,0,7,1,5384,A
2-PB1,1709,1,8,0,5410,5419,C
2-PB1,1710,3,52,5346,0,5401,G
2-PB1,1711,5367,1,4,0,5372,A
2-PB1,1712,0,21,5354,0,5375,G
2-PB1,1713,5369,1,4,0,5374,A
2-PB1,1714,5364,0,8,0,5372,A
2-PB1,1715,1,42,5379,0,5422,G
2-PB1,1716,5393,1,9,0,5403,A
2-PB1,1717,1,5384,0,3,5388,T
2-PB1,1718,63,1,0,5308,5372,C
2-PB1,1719,5377,0,6,0,5383,A
2-PB1,1720,1,5362,0,1,5364,T
2-PB1,1721,2,5359,0,3,5364,T
2-PB1,1722,47,7,0,5305,5359,C
2-PB1,1723,2,44,5327,0,5373,G
2-PB1,1724,5308,1,7,0,5316,A
2-PB1,1725,2,15,5319,0,5336,G
2-PB1,1726,5301,0,4,0,5305,A
2-PB1,1727,1,5452,0,1,5454,T
2-PB1,1728,5463,0,2,0,5465,A
2-PB1,1729,5489,2,0,0,5491,A
2-PB1,1730,5477,0,8,0,5485,A
2-PB1,1731,7,8,5498,0,5513,G
2-PB1,1732,5504,2,0,0,5506,A
2-PB1,1733,5397,0,16,1,5414,A
2-PB1,1734,1,4,5453,0,5458,G
2-PB1,1735,2,1,0,5458,5461,C
2-PB1,1736,0,5420,0,3,5423,T
2-PB1,1737,1,0,5452,0,5453,G
2-PB1,1738,2,5426,0,6,5434,T
2-PB1,1739,5,55,5351,0,5411,G
2-PB1,1740,2,30,5414,0,5446,G
2-PB1,1741,1,41,5451,0,5493,G
2-PB1,1742,5498,2,6,0,5506,A
2-PB1,1743,2,5459,2,1,5464,T
2-PB1,1744,52,0,1,5401,5454,C
2-PB1,1745,5456,0,2,0,5458,A
2-PB1,1746,5483,0,3,1,5487,A
2-PB1,1747,5528,0,3,1,5532,A
2-PB1,1748,3,2,0,5500,5505,C
2-PB1,1749,30,0,1,5465,5496,C
2-PB1,1750,43,4,0,5427,5474,C
2-PB1,1751,5470,0,3,0,5473,A
2-PB1,1752,5591,1,7,0,5599,A
2-PB1,1753,0,5574,1,3,5578,T
2-PB1,1754,52,0,0,5542,5594,C
2-PB1,1755,5540,0,3,1,5544,A
2-PB1,1756,5514,3,4,2,5523,A
2-PB1,1757,3,69,5513,0,5585,G
2-PB1,1758,11,36,5530,0,5577,G
2-PB1,1759,1,1,5562,0,5564,G
2-PB1,1760,2,1,0,5573,5576,C
2-PB1,1761,5484,0,9,0,5493,A
2-PB1,1762,4,34,5595,0,5633,G
2-PB1,1763,1,39,5625,0,5665,G
2-PB1,1764,5681,0,3,0,5684,A
2-PB1,1765,1,0,0,5753,5754,C
2-PB1,1766,0,5648,0,8,5656,T
2-PB1,1767,5772,1,2,1,5776,A
2-PB1,1768,0,5753,0,4,5757,T
2-PB1,1769,0,5759,0,3,5762,T
2-PB1,1770,3,35,5737,0,5775,G
2-PB1,1771,17,2,5783,0,5802,G
2-PB1,1772,1,5726,1,5,5733,T
2-PB1,1773,5733,1,3,0,5737,A
2-PB1,1774,2,5638,0,3,5643,T
2-PB1,1775,26,1,2,5634,5663,C
2-PB1,1776,5555,0,3,0,5558,A
2-PB1,1777,1,7,5596,0,5604,G
2-PB1,1778,5592,0,5,1,5598,A
2-PB1,1779,1,5564,0,3,5568,T
2-PB1,1780,3,59,5328,0,5390,G
2-PB1,1781,1,61,5313,0,5375,G
2-PB1,1782,5,65,5291,0,5361,G
2-PB1,1783,2,24,5356,0,5382,G
2-PB1,1784,2,63,5307,1,5373,G
2-PB1,1785,5353,0,7,1,5361,A
2-PB1,1786,2,1,0,5338,5341,C
2-PB1,1787,32,0,0,5288,5320,C
2-PB1,1788,5320,0,8,0,5328,A
2-PB1,1789,5620,0,4,0,5624,A
2-PB1,1790,5647,0,4,1,5652,A
2-PB1,1791,1,0,0,5753,5754,C
2-PB1,1792,1,5694,0,9,5704,T
2-PB1,1793,0,5681,0,2,5683,T
2-PB1,1794,5698,1,2,1,5702,A
2-PB1,1795,1,5693,0,4,5698,T
2-PB1,1796,5710,2,4,0,5716,A
2-PB1,1797,0,0,0,5712,5712,C
2-PB1,1798,5336,1,1,0,5338,A
2-PB1,1799,5348,1,6,0,5355,A
2-PB1,1800,1,5227,0,18,5246,T
2-PB1,1801,5310,1,2,0,5313,A
2-PB1,1802,0,5296,0,1,5297,T
2-PB1,1803,23,2,1,5265,5291,C
2-PB1,1804,33,7,0,5259,5299,C
2-PB1,1805,10,21,5263,2,5296,G
2-PB1,1806,7,39,5258,1,5305,G
2-PB1,1807,5305,0,1,0,5306,A
2-PB1,1808,5311,0,3,1,5315,A
2-PB1,1809,0,5311,0,1,5312,T
2-PB1,1810,17,1,0,5322,5340,C
2-PB1,1811,2,5318,0,5,5325,T
2-PB1,1812,0,5351,0,7,5358,T
2-PB1,1813,25,3,1,5327,5356,C
2-PB1,1814,5345,1,4,0,5350,A
2-PB1,1815,0,11,1,5359,5371,C
2-PB1,1816,5342,0,3,0,5345,A
2-PB1,1817,1,5704,0,2,5707,T
2-PB1,1818,35,1,0,5683,5719,C
2-PB1,1819,37,1,0,5690,5728,C
2-PB1,1820,51,1,0,5687,5739,C
2-PB1,1821,1,5707,0,12,5720,T
2-PB1,1822,0,23,5706,2,5731,G
2-PB1,1823,5729,0,3,0,5732,A
2-PB1,1824,5702,2,4,0,5708,A
2-PB1,1825,0,3,5726,0,5729,G
2-PB1,1826,1,5407,0,7,5415,T
2-PB1,1827,42,1,0,5375,5418,C
2-PB1,1828,1,5329,0,3,5333,T
2-PB1,1829,5,5,5493,0,5503,G
2-PB1,1830,5,2,0,5499,5506,C
2-PB1,1831,3,5479,0,8,5490,T
2-PB1,1832,0,5505,0,2,5507,T
2-PB1,1833,5477,0,3,0,5480,A
2-PB1,1834,5491,0,4,0,5495,A
2-PB1,1835,5513,0,5,2,5520,A
2-PB1,1836,4,1,5543,0,5548,G
2-PB1,1837,0,5458,0,6,5464,T
2-PB1,1838,5,48,5300,1,5354,G
2-PB1,1839,2,23,5313,2,5340,G
2-PB1,1840,3,48,5312,0,5363,G
2-PB1,1841,5357,0,10,1,5368,A
2-PB1,1842,0,1,5368,0,5369,G
2-PB1,1843,13,0,0,5351,5364,C
2-PB1,1844,0,5335,0,4,5339,T
2-PB1,1845,0,19,5330,0,5349,G
2-PB1,1846,5329,1,4,0,5334,A
2-PB1,1847,0,5334,1,1,5336,T
2-PB1,1848,17,47,5271,0,5335,G
2-PB1,1849,1,20,5322,0,5343,G
2-PB1,1850,5324,2,10,0,5336,A
2-PB1,1851,0,5307,0,4,5311,T
2-PB1,1852,0,47,5261,1,5309,G
2-PB1,1853,5269,2,4,0,5275,A
2-PB1,1854,1,49,5296,0,5346,G
2-PB1,1855,5336,1,2,0,5339,A
2-PB1,1856,5338,0,1,0,5339,A
2-PB1,1857,2,5319,1,2,5324,T
2-PB1,1858,1,5300,2,0,5303,T
2-PB1,1859,5307,0,3,0,5310,A
2-PB1,1860,1,5305,0,1,5307,T
2-PB1,1861,24,7,0,5273,5304,C
2-PB1,1862,11,41,5246,1,5299,G
2-PB1,1863,3,40,5222,1,5266,G
2-PB1,1864,2,19,5227,1,5249,G
2-PB1,1865,1,15,5250,0,5266,G
2-PB1,1866,5259,0,3,0,5262,A
2-PB1,1867,5257,0,11,0,5268,A
2-PB1,1868,2,47,5265,0,5314,G
2-PB1,1869,5327,1,7,1,5336,A
2-PB1,1870,3,0,0,5372,5375,C
2-PB1,1871,1,5313,1,4,5319,T
2-PB1,1872,1,5389,0,4,5394,T
2-PB1,1873,1,5393,1,0,5395,T
2-PB1,1874,2,1,5431,0,5434,G
2-PB1,1875,1,5430,0,4,5435,T
2-PB1,1876,5391,0,22,1,5414,A
2-PB1,1877,5396,0,2,2,5400,A
2-PB1,1878,0,5308,0,5,5313,T
2-PB1,1879,30,2,0,5309,5341,C
2-PB1,1880,26,1,0,5305,5332,C
2-PB1,1881,51,0,0,5245,5296,C
2-PB1,1882,35,4,0,5282,5321,C
2-PB1,1883,0,5283,0,14,5297,T
2-PB1,1884,2,53,5258,0,5313,G
2-PB1,1885,5299,1,4,0,5304,A
2-PB1,1886,5326,0,4,0,5330,A
2-PB1,1887,2,5322,0,10,5334,T
2-PB1,1888,33,1,0,5265,5299,C
2-PB1,1889,19,2,0,5254,5275,C
2-PB1,1890,37,2,1,5197,5237,C
2-PB1,1891,0,5213,1,8,5222,T
2-PB1,1892,0,5230,0,3,5233,T
2-PB1,1893,2,5207,0,6,5215,T
2-PB1,1894,2,1,5218,0,5221,G
2-PB1,1895,0,5185,1,5,5191,T
2-PB1,1896,52,19,0,5106,5177,C
2-PB1,1897,5106,15,11,0,5132,A
2-PB1,1898,1,0,5220,0,5221,G
2-PB1,1899,2,1,1,5210,5214,C
2-PB1,1900,29,4,0,5175,5208,C
2-PB1,1901,5204,0,6,1,5211,A
2-PB1,1902,1,5206,0,4,5211,T
2-PB1,1903,5201,1,1,0,5203,A
2-PB1,1904,5205,0,3,0,5208,A
2-PB1,1905,5206,1,4,0,5211,A
2-PB1,1906,0,27,5212,1,5240,G
2-PB1,1907,5113,0,1,1,5115,A
2-PB1,1908,5122,2,2,0,5126,A
2-PB1,1909,5129,1,5,1,5136,A
2-PB1,1910,1,5132,0,3,5136,T
2-PB1,1911,1,5124,0,4,5129,T
2-PB1,1912,0,65,5060,0,5125,G
2-PB1,1913,5111,1,2,0,5114,A
2-PB1,1914,5041,2,1,0,5044,A
2-PB1,1915,0,5186,0,4,5190,T
2-PB1,1916,26,0,0,5191,5217,C
2-PB1,1917,0,5206,0,10,5216,T
2-PB1,1918,2,3,5295,0,5300,G
2-PB1,1919,1,5283,1,7,5292,T
2-PB1,1920,5340,0,4,0,5344,A
2-PB1,1921,5338,1,3,1,5343,A
2-PB1,1922,5344,2,4,1,5351,A
2-PB1,1923,2,0,0,5373,5375,C
2-PB1,1924,5216,0,1,0,5217,A
2-PB1,1925,5330,1,2,0,5333,A
2-PB1,1926,0,5340,1,0,5341,T
2-PB1,1927,2,7,5323,0,5332,G
2-PB1,1928,1,1,0,5378,5380,C
2-PB1,1929,1,5314,1,3,5319,T
2-PB1,1930,4,7,5500,0,5511,G
2-PB1,1931,2,5510,0,1,5513,T
2-PB1,1932,5579,2,4,1,5586,A
2-PB1,1933,2,2,5588,0,5592,G
2-PB1,1934,2,5455,1,2,5460,T
2-PB1,1935,5438,0,1,1,5440,A
2-PB1,1936,5399,0,3,1,5403,A
2-PB1,1937,0,5381,0,1,5382,T
2-PB1,1938,1,5,5379,1,5386,G
2-PB1,1939,5,2,0,5289,5296,C
2-PB1,1940,16,0,0,5220,5236,C
2-PB1,1941,5157,1,2,1,5161,A
2-PB1,1942,2,3,5197,1,5203,G
2-PB1,1943,3,2,0,5351,5356,C
2-PB1,1944,27,0,0,5322,5349,C
2-PB1,1945,67,5,1,5263,5336,C
2-PB1,1946,5302,0,5,0,5307,A
2-PB1,1947,0,5299,0,9,5308,T
2-PB1,1948,0,32,5271,1,5304,G
2-PB1,1949,0,1,5319,0,5320,G
2-PB1,1950,1,5286,0,4,5291,T
2-PB1,1951,39,0,0,5214,5253,C
2-PB1,1952,21,4,0,5016,5041,C
2-PB1,1953,8,31,5060,0,5099,G
2-PB1,1954,25,2,5077,2,5106,G
2-PB1,1955,5,4,0,5090,5099,C
2-PB1,1956,34,3,0,5080,5117,C
2-PB1,1957,5119,2,1,1,5123,A
2-PB1,1958,5127,0,9,0,5136,A
2-PB1,1959,5134,1,2,2,5139,A
2-PB1,1960,5150,0,5,0,5155,A
2-PB1,1961,3,2,5222,0,5227,G
2-PB1,1962,0,5111,0,1,5112,T
2-PB1,1963,5135,0,0,0,5135,A
2-PB1,1964,0,5135,0,6,5141,T
2-PB1,1965,3,24,5124,0,5151,G
2-PB1,1966,1,37,5205,0,5243,G
2-PB1,1967,5188,0,5,0,5193,A
2-PB1,1968,5235,0,3,0,5238,A
2-PB1,1969,0,5193,0,2,5195,T
2-PB1,1970,5149,0,1,0,5150,A
2-PB1,1971,0,5137,0,2,5139,T
2-PB1,1972,0,34,5074,0,5108,G
2-PB1,1973,5102,1,9,0,5112,A
2-PB1,1974,2,5095,0,4,5101,T
2-PB1,1975,0,3,4958,1,4962,G
2-PB1,1976,3,2,10,4949,4964,C
2-PB1,1977,34,4,1,4873,4912,C
2-PB1,1978,23,2,4895,0,4920,G
2-PB1,1979,0,4888,0,7,4895,T
2-PB1,1980,2,4890,0,10,4902,T
2-PB1,1981,4,4,4911,1,4920,G
2-PB1,1982,3,1,0,4972,4976,C
2-PB1,1983,4974,1,1,0,4976,A
2-PB1,1984,5042,1,5,0,5048,A
2-PB1,1985,2,2,0,5063,5067,C
2-PB1,1986,1,5019,0,1,5021,T
2-PB1,1987,5052,2,1,0,5055,A
2-PB1,1988,0,7,0,5040,5047,C
2-PB1,1989,5028,1,3,1,5033,A
2-PB1,1990,2,1,0,5037,5040,C
2-PB1,1991,4875,2,1,0,4878,A
2-PB1,1992,0,4,0,5208,5212,C
2-PB1,1993,3,5074,0,10,5087,T
2-PB1,1994,41,1,0,5068,5110,C
2-PB1,1995,21,14,2,5071,5108,C
2-PB1,1996,0,5059,1,12,5072,T
2-PB1,1997,1,23,5049,1,5074,G
2-PB1,1998,1,22,5045,0,5068,G
2-PB1,1999,5057,0,1,0,5058,A
2-PB1,2000,2,5044,1,3,5050,T
2-PB1,2001,0,4613,0,4,4617,T
2-PB1,2002,35,1,0,4653,4689,C
2-PB1,2003,14,0,0,4631,4645,C
2-PB1,2004,49,3,2,4613,4667,C
2-PB1,2005,4672,2,3,0,4677,A
2-PB1,2006,4661,3,7,0,4671,A
2-PB1,2007,0,29,4660,0,4689,G
2-PB1,2008,4655,0,6,2,4663,A
2-PB1,2009,0,20,4639,2,4661,G
2-PB1,2010,0,34,4627,0,4661,G
2-PB1,2011,4583,0,7,0,4590,A
2-PB1,2012,4587,1,11,1,4600,A
2-PB1,2013,3,1,0,4598,4602,C
2-PB1,2014,21,4,1,4540,4566,C
2-PB1,2015,12,6,4622,0,4640,G
2-PB1,2016,3,0,0,4634,4637,C
2-PB1,2017,3,4620,0,4,4627,T
2-PB1,2018,60,1,0,4588,4649,C
2-PB1,2019,2,4602,0,5,4609,T
2-PB1,2020,4873,0,0,0,4873,A
2-PB1,2021,0,4867,0,7,4874,T
2-PB1,2022,3,4886,0,3,4892,T
2-PB1,2023,33,1,0,4871,4905,C
2-PB1,2024,1,4728,0,2,4731,T
2-PB1,2025,4729,0,3,1,4733,A
2-PB1,2026,4716,1,4,0,4721,A
2-PB1,2027,4732,3,5,4,4744,A
2-PB1,2028,0,3,0,4745,4748,C
2-PB1,2029,4441,1,1,0,4443,A
2-PB1,2030,1,2,0,4438,4441,C
2-PB1,2031,4374,0,7,0,4381,A
2-PB1,2032,4411,0,8,1,4420,A
2-PB1,2033,0,3,4437,1,4441,G
2-PB1,2034,1,1,0,4426,4428,C
2-PB1,2035,35,3,0,4394,4432,C
2-PB1,2036,4385,0,4,0,4389,A
2-PB1,2037,4386,1,3,0,4390,A
2-PB1,2038,4381,1,5,3,4390,A
2-PB1,2039,0,28,4379,1,4408,G
2-PB1,2040,4,28,4381,1,4414,G
2-PB1,2041,0,19,4320,0,4339,G
2-PB1,2042,2,34,4310,1,4347,G
2-PB1,2043,4306,2,7,1,4316,A
2-PB1,2044,4337,0,1,0,4338,A
2-PB1,2045,0,4329,0,0,4329,T
2-PB1,2046,2,4330,2,3,4337,T
2-PB1,2047,34,0,1,4330,4365,C
2-PB1,2048,1,4326,2,5,4334,T
2-PB1,2049,0,4326,0,3,4329,T
2-PB1,2050,2,23,4302,0,4327,G
2-PB1,2051,4304,0,6,0,4310,A
2-PB1,2052,0,24,4313,3,4340,G
2-PB1,2053,0,18,4311,1,4330,G
2-PB1,2054,4318,0,1,0,4319,A
2-PB1,2055,0,4288,0,5,4293,T
2-PB1,2056,0,74,4228,1,4303,G
2-PB1,2057,4296,0,4,1,4301,A
2-PB1,2058,4296,3,8,2,4309,A
2-PB1,2059,1,1,0,4331,4333,C
2-PB1,2060,4268,0,2,1,4271,A
2-PB1,2061,0,13,4315,0,4328,G
2-PB1,2062,4288,0,3,2,4293,A
2-PB1,2063,0,4276,0,4,4280,T
2-PB1,2064,1,1,4309,0,4311,G
2-PB1,2065,2,4336,0,1,4339,T
2-PB1,2066,4346,0,10,1,4357,A
2-PB1,2067,2,1,0,4340,4343,C
2-PB1,2068,25,2,0,4296,4323,C
2-PB1,2069,4268,2,7,0,4277,A
2-PB1,2070,1,13,4204,0,4218,G
2-PB1,2071,4165,1,4,1,4171,A
2-PB1,2072,4147,0,6,0,4153,A
2-PB1,2073,1,1,4164,0,4166,G
2-PB1,2074,0,3941,0,6,3947,T
2-PB1,2075,2,4,3947,0,3953,G
2-PB1,2076,3,1,0,3947,3951,C
2-PB1,2077,2,3940,1,3,3946,T
2-PB1,2078,2,5,3941,0,3948,G
2-PB1,2079,3,1,0,3926,3930,C
2-PB1,2080,3924,0,3,2,3929,A
2-PB1,2081,3932,0,3,0,3935,A
2-PB1,2082,0,0,0,3875,3875,C
2-PB1,2083,0,3847,1,3,3851,T
2-PB1,2084,1,3804,0,1,3806,T
2-PB1,2085,1,0,3798,0,3799,G
2-PB1,2086,0,3790,0,3,3793,T
2-PB1,2087,1,3791,0,1,3793,T
2-PB1,2088,63,3,1,3717,3784,C
2-PB1,2089,3,31,3751,0,3785,G
2-PB1,2090,3781,0,2,0,3783,A
2-PB1,2091,0,13,3765,0,3778,G
2-PB1,2092,3779,0,2,0,3781,A
2-PB1,2093,3778,0,1,0,3779,A
2-PB1,2094,3789,0,2,0,3791,A
2-PB1,2095,0,3784,0,2,3786,T
2-PB1,2096,0,3784,1,0,3785,T
2-PB1,2097,0,3784,0,1,3785,T
2-PB1,2098,1,3781,0,7,3789,T
2-PB1,2099,2,3771,0,6,3779,T
2-PB1,2100,22,2,2,3768,3794,C
2-PB1,2101,22,2,0,3767,3791,C
2-PB1,2102,30,2,0,3772,3804,C
2-PB1,2103,1,3803,1,0,3805,T
2-PB1,2104,3802,1,2,0,3805,A
2-PB1,2105,0,0,3827,0,3827,G
2-PB1,2106,2,3822,0,1,3825,T
2-PB1,2107,3851,0,2,0,3853,A
2-PB1,2108,1,0,3879,0,3880,G
2-PB1,2109,0,3843,0,3,3846,T
2-PB1,2110,3,3933,1,4,3941,T
2-PB1,2111,90,1,1,3861,3953,C
2-PB1,2112,3989,0,2,0,3991,A
2-PB1,2113,1,3990,0,3,3994,T
2-PB1,2114,3988,0,0,0,3988,A
2-PB1,2115,0,3990,0,1,3991,T
2-PB1,2116,3854,0,2,0,3856,A
2-PB1,2117,1,18,3826,0,3845,G
2-PB1,2118,1,20,3790,0,3811,G
2-PB1,2119,3469,0,3,0,3472,A
2-PB1,2120,0,37,3425,1,3463,G
2-PB1,2121,3307,0,4,0,3311,A
2-PB1,2122,2,1,0,3301,3304,C
2-PB1,2123,23,4,0,3186,3213,C
2-PB1,2124,8,18,3194,0,3220,G
2-PB1,2125,3213,0,1,0,3214,A
2-PB1,2126,0,3190,0,1,3191,T
2-PB1,2127,0,3188,1,2,3191,T
2-PB1,2128,2,7,3180,1,3190,G
2-PB1,2129,0,27,3170,0,3197,G
2-PB1,2130,3202,0,1,0,3203,A
2-PB1,2131,3194,0,1,0,3195,A
2-PB1,2132,1,3168,0,1,3170,T
2-PB1,2133,0,3185,1,2,3188,T
2-PB1,2134,0,3178,0,3,3181,T
2-PB1,2135,25,0,0,3154,3179,C
2-PB1,2136,1,3181,0,2,3184,T
2-PB1,2137,3165,0,5,1,3171,A
2-PB1,2138,0,6,3190,0,3196,G
2-PB1,2139,3,1,1,3179,3184,C
2-PB1,2140,3189,1,3,0,3193,A
2-PB1,2141,0,3171,0,3,3174,T
2-PB1,2142,1,24,3078,0,3103,G
2-PB1,2143,1,3,3166,0,3170,G
2-PB1,2144,1,3157,0,0,3158,T
2-PB1,2145,2,13,3142,0,3157,G
2-PB1,2146,0,4,3139,0,3143,G
2-PB1,2147,3091,1,4,0,3096,A
2-PB1,2148,2,14,3088,0,3104,G
2-PB1,2149,1,5,3085,0,3091,G
2-PB1,2150,2,3,0,3070,3075,C
2-PB1,2151,22,1,0,3018,3041,C
2-PB1,2152,2843,0,2,0,2845,A
2-PB1,2153,0,2827,0,3,2830,T
2-PB1,2154,0,8,2846,0,2854,G
2-PB1,2155,0,1,2872,0,2873,G
2-PB1,2156,2,2777,0,6,2785,T
2-PB1,2157,4,1,2805,0,2810,G
2-PB1,2158,0,2722,0,5,2727,T
2-PB1,2159,32,0,1,2679,2712,C
2-PB1,2160,1,2710,0,1,2712,T
2-PB1,2161,2663,0,4,0,2667,A
2-PB1,2162,1,12,2651,0,2664,G
2-PB1,2163,0,10,2597,0,2607,G
2-PB1,2164,1,4,2573,0,2578,G
2-PB1,2165,2,3,0,2529,2534,C
2-PB1,2166,15,1,0,2381,2397,C
2-PB1,2167,18,3,2,2342,2365,C
2-PB1,2168,5,14,2347,0,2366,G
2-PB1,2169,2,7,2356,0,2365,G
2-PB1,2170,2369,0,0,0,2369,A
2-PB1,2171,0,2360,0,0,2360,T
2-PB1,2172,0,2263,0,2,2265,T
2-PB1,2173,0,10,2245,0,2255,G
2-PB1,2174,2244,2,3,0,2249,A
2-PB1,2175,0,2260,0,0,2260,T
2-PB1,2176,2,1,2255,0,2258,G
2-PB1,2177,1,2,0,2234,2237,C
2-PB1,2178,17,1,0,2195,2213,C
2-PB1,2179,2192,1,1,0,2194,A
2-PB1,2180,0,11,2187,1,2199,G
2-PB1,2181,2196,1,0,0,2197,A
2-PB1,2182,2193,0,0,1,2194,A
2-PB1,2183,0,2185,0,2,2187,T
2-PB1,2184,0,2135,0,1,2136,T
2-PB1,2185,1,27,2107,0,2135,G
2-PB1,2186,2125,0,0,0,2125,A
2-PB1,2187,2,1,0,2119,2122,C
2-PB1,2188,0,2105,1,2,2108,T
2-PB1,2189,0,2096,0,0,2096,T
2-PB1,2190,10,1,0,2076,2087,C
2-PB1,2191,1,19,2066,0,2086,G
2-PB1,2192,2095,0,0,0,2095,A
2-PB1,2193,2095,0,2,0,2097,A
2-PB1,2194,0,2077,0,0,2077,T
2-PB1,2195,16,0,0,2065,2081,C
2-PB1,2196,0,2059,0,3,2062,T
2-PB1,2197,4,5,2053,0,2062,G
2-PB1,2198,0,3,2057,0,2060,G
2-PB1,2199,2057,1,1,0,2059,A
2-PB1,2200,1991,1,1,0,1993,A
2-PB1,2201,0,7,1988,0,1995,G
2-PB1,2202,0,9,2003,0,2012,G
2-PB1,2203,2007,0,5,0,2012,A
2-PB1,2204,0,2004,0,0,2004,T
2-PB1,2205,0,2007,0,0,2007,T
2-PB1,2206,2002,0,0,0,2002,A
2-PB1,2207,1989,0,11,1,2001,A
2-PB1,2208,0,3,2001,0,2004,G
2-PB1,2209,1989,0,3,0,1992,A
2-PB1,2210,1888,1,1,0,1890,A
2-PB1,2211,0,5,1741,0,1746,G
2-PB1,2212,0,6,1722,0,1728,G
2-PB1,2213,1722,0,1,0,1723,A
2-PB1,2214,1715,0,1,1,1717,A
2-PB1,2215,0,15,1703,0,1718,G
2-PB1,2216,1660,0,1,0,1661,A
2-PB1,2217,0,1,1660,0,1661,G
2-PB1,2218,0,1604,0,2,1606,T
2-PB1,2219,0,1589,0,2,1591,T
2-PB1,2220,27,0,0,1573,1600,C
2-PB1,2221,0,1556,0,4,1560,T
2-PB1,2222,10,0,1,1549,1560,C
2-PB1,2223,0,1544,0,1,1545,T
2-PB1,2224,4,8,1529,0,1541,G
2-PB1,2225,1478,0,2,0,1480,A
2-PB1,2226,0,6,1464,0,1470,G
2-PB1,2227,1453,0,1,0,1454,A
2-PB1,2228,0,1408,0,0,1408,T
2-PB1,2229,21,0,1,1294,1316,C
2-PB1,2230,1317,0,0,1,1318,A
2-PB1,2231,1,1312,0,0,1313,T
2-PB1,2232,1,9,1303,0,1313,G
2-PB1,2233,1304,0,1,0,1305,A
2-PB1,2234,1298,0,1,0,1299,A
2-PB1,2235,0,5,1267,0,1272,G
2-PB1,2236,1232,0,1,0,1233,A
2-PB1,2237,0,1222,0,1,1223,T
2-PB1,2238,11,0,0,1193,1204,C
2-PB1,2239,0,1126,0,0,1126,T
2-PB1,2240,3,1,1126,0,1130,G
2-PB1,2241,0,1126,0,3,1129,T
2-PB1,2242,2,1116,0,3,1121,T
2-PB1,2243,14,0,0,1105,1119,C
2-PB1,2244,10,0,0,1045,1055,C
2-PB1,2245,1043,2,1,0,1046,A
2-PB1,2246,0,0,0,1052,1052,C
2-PB1,2247,4,0,0,987,991,C
2-PB1,2248,965,0,2,0,967,A
2-PB1,2249,0,910,0,0,910,T
2-PB1,2250,0,866,0,0,866,T
2-PB1,2251,1,2,862,0,865,G
2-PB1,2252,857,0,2,0,859,A
2-PB1,2253,855,0,0,0,855,A
2-PB1,2254,0,11,844,0,855,G
2-PB1,2255,727,0,1,0,728,A
2-PB1,2256,726,0,2,0,728,A
2-PB1,2257,0,1,0,722,723,C
2-PB1,2258,0,693,0,1,694,T
2-PB1,2259,6,0,0,683,689,C
2-PB1,2260,661,0,1,0,662,A
2-PB1,2261,0,0,661,0,661,G
2-PB1,2262,655,0,1,0,656,A
2-PB1,2263,1,2,0,630,633,C
2-PB1,2264,1,3,602,0,606,G
2-PB1,2265,0,0,589,0,589,G
2-PB1,2266,0,0,0,587,587,C
2-PB1,2267,584,0,0,0,584,A
2-PB1,2268,582,0,0,0,582,A
2-PB1,2269,578,0,1,0,579,A
2-PB1,2270,579,0,0,0,579,A
2-PB1,2271,576,0,0,0,576,A
2-PB1,2272,0,568,0,0,568,T
2-PB1,2273,543,0,0,0,543,A
2-PB1,2274,538,0,0,0,538,A
3-PA,1,70,0,0,0,70,A
3-PA,2,0,71,0,0,71,T
3-PA,3,0,0,73,0,73,G
3-PA,4,0,1,71,0,72,G
3-PA,5,74,0,0,0,74,A
3-PA,6,73,0,0,0,73,A
3-PA,7,0,0,77,0,77,G
3-PA,8,80,0,0,0,80,A
3-PA,9,0,82,0,0,82,T
3-PA,10,0,82,0,0,82,T
3-PA,11,0,89,0,0,89,T
3-PA,12,0,89,0,0,89,T
3-PA,13,0,0,94,0,94,G
3-PA,14,0,94,0,0,94,T
3-PA,15,0,0,93,0,93,G
3-PA,16,0,1,0,93,94,C
3-PA,17,1,1,92,1,95,G
3-PA,18,112,0,1,0,113,A
3-PA,19,0,0,0,117,117,C
3-PA,20,117,0,0,0,117,A
3-PA,21,121,0,0,1,122,A
3-PA,22,0,126,0,0,126,T
3-PA,23,0,0,150,0,150,G
3-PA,24,1,0,0,152,153,C
3-PA,25,0,154,0,0,154,T
3-PA,26,0,155,0,0,155,T
3-PA,27,0,0,0,155,155,C
3-PA,28,158,0,0,0,158,A
3-PA,29,163,0,2,0,165,A
3-PA,30,0,0,0,174,174,C
3-PA,31,1,0,0,174,175,C
3-PA,32,1,0,0,175,176,C
3-PA,33,1,1,177,0,179,G
3-PA,34,181,0,0,0,181,A
3-PA,35,0,182,0,0,182,T
3-PA,36,0,1,183,0,184,G
3-PA,37,185,1,0,0,186,A
3-PA,38,0,191,0,0,191,T
3-PA,39,0,190,0,0,190,T
3-PA,40,0,0,191,0,191,G
3-PA,41,0,190,0,0,190,T
3-PA,42,0,0,1,189,190,C
3-PA,43,1,3,186,0,190,G
3-PA,44,193,0,0,0,193,A
3-PA,45,196,0,0,0,196,A
3-PA,46,0,0,0,196,196,C
3-PA,47,0,199,0,0,199,T
3-PA,48,0,200,0,0,200,T
3-PA,49,0,0,200,0,200,G
3-PA,50,0,0,0,201,201,C
3-PA,51,203,0,0,0,203,A
3-PA,52,0,2,202,0,204,G
3-PA,53,203,0,0,0,203,A
3-PA,54,205,0,0,0,205,A
3-PA,55,207,0,0,0,207,A
3-PA,56,205,0,0,0,205,A
3-PA,57,208,0,0,0,208,A
3-PA,58,0,0,209,0,209,G
3-PA,59,0,0,0,213,213,C
3-PA,60,215,0,0,0,215,A
3-PA,61,223,0,0,0,223,A
3-PA,62,0,223,0,1,224,T
3-PA,63,0,2,226,0,228,G
3-PA,64,233,0,0,0,233,A
3-PA,65,235,0,0,0,235,A
3-PA,66,235,0,0,0,235,A
3-PA,67,0,2,248,0,250,G
3-PA,68,270,0,0,0,270,A
3-PA,69,0,0,312,0,312,G
3-PA,70,0,311,0,0,311,T
3-PA,71,314,0,0,0,314,A
3-PA,72,0,313,0,0,313,T
3-PA,73,0,4,313,0,317,G
3-PA,74,0,6,315,0,321,G
3-PA,75,0,3,315,0,318,G
3-PA,76,1,3,315,0,319,G
3-PA,77,314,0,0,0,314,A
3-PA,78,0,1,310,0,311,G
3-PA,79,1,2,315,0,318,G
3-PA,80,318,0,0,0,318,A
3-PA,81,0,320,0,0,320,T
3-PA,82,2,0,0,318,320,C
3-PA,83,0,320,0,0,320,T
3-PA,84,0,0,322,0,322,G
3-PA,85,322,0,0,0,322,A
3-PA,86,322,0,0,0,322,A
3-PA,87,322,0,0,0,322,A
3-PA,88,319,0,1,0,320,A
3-PA,89,0,321,0,0,321,T
3-PA,90,0,320,0,0,320,T
3-PA,91,0,5,317,0,322,G
3-PA,92,322,0,0,0,322,A
3-PA,93,320,0,2,0,322,A
3-PA,94,322,1,0,0,323,A
3-PA,95,0,0,0,324,324,C
3-PA,96,325,0,0,0,325,A
3-PA,97,326,0,0,0,326,A
3-PA,98,326,0,0,0,326,A
3-PA,99,1,0,0,325,326,C
3-PA,100,326,0,0,0,326,A
3-PA,101,334,0,0,0,334,A
3-PA,102,337,0,0,0,337,A
3-PA,103,0,338,0,0,338,T
3-PA,104,1,336,0,1,338,T
3-PA,105,0,338,0,0,338,T
3-PA,106,0,0,339,0,339,G
3-PA,107,1,1,0,338,340,C
3-PA,108,336,1,1,0,338,A
3-PA,109,0,0,355,0,355,G
3-PA,110,1,0,0,358,359,C
3-PA,111,379,0,0,0,379,A
3-PA,112,390,0,0,0,390,A
3-PA,113,0,392,0,0,392,T
3-PA,114,403,0,0,1,404,A
3-PA,115,0,404,0,0,404,T
3-PA,116,0,2,404,0,406,G
3-PA,117,0,0,0,407,407,C
3-PA,118,405,0,0,0,405,A
3-PA,119,0,0,0,415,415,C
3-PA,120,0,408,0,2,410,T
3-PA,121,4,0,0,470,474,C
3-PA,122,490,0,0,0,490,A
3-PA,123,0,0,0,502,502,C
3-PA,124,0,502,0,0,502,T
3-PA,125,0,500,0,0,500,T
3-PA,126,0,2,500,0,502,G
3-PA,127,0,3,505,0,508,G
3-PA,128,507,0,1,0,508,A
3-PA,129,0,2,516,0,518,G
3-PA,130,1,0,518,0,519,G
3-PA,131,0,503,0,1,504,T
3-PA,132,0,0,523,0,523,G
3-PA,133,0,524,0,0,524,T
3-PA,134,3,0,533,0,536,G
3-PA,135,0,537,0,0,537,T
3-PA,136,0,535,0,0,535,T
3-PA,137,0,536,0,0,536,T
3-PA,138,8,0,0,531,539,C
3-PA,139,542,0,1,0,543,A
3-PA,140,1,540,0,0,541,T
3-PA,141,0,1,551,0,552,G
3-PA,142,0,546,0,0,546,T
3-PA,143,551,0,0,0,551,A
3-PA,144,0,550,0,0,550,T
3-PA,145,1,549,0,0,550,T
3-PA,146,6,0,0,546,552,C
3-PA,147,549,0,0,0,549,A
3-PA,148,0,3,550,0,553,G
3-PA,149,552,0,0,0,552,A
3-PA,150,0,554,0,0,554,T
3-PA,151,0,552,0,1,553,T
3-PA,152,0,554,0,0,554,T
3-PA,153,3,0,0,547,550,C
3-PA,154,1,1,0,572,574,C
3-PA,155,573,0,0,0,573,A
3-PA,156,0,575,0,1,576,T
3-PA,157,0,570,0,0,570,T
3-PA,158,0,573,0,0,573,T
3-PA,159,5,0,0,570,575,C
3-PA,160,577,0,0,0,577,A
3-PA,161,0,593,0,0,593,T
3-PA,162,4,0,0,589,593,C
3-PA,163,593,0,1,0,594,A
3-PA,164,597,0,0,0,597,A
3-PA,165,1,591,0,2,594,T
3-PA,166,0,8,605,0,613,G
3-PA,167,614,0,1,0,615,A
3-PA,168,613,0,1,1,615,A
3-PA,169,0,0,0,618,618,C
3-PA,170,610,0,0,0,610,A
3-PA,171,618,0,0,0,618,A
3-PA,172,0,3,617,0,620,G
3-PA,173,0,1,619,0,620,G
3-PA,174,0,1,0,622,623,C
3-PA,175,0,7,616,0,623,G
3-PA,176,635,0,1,0,636,A
3-PA,177,643,0,1,0,644,A
3-PA,178,0,646,0,1,647,T
3-PA,179,7,0,0,646,653,C
3-PA,180,657,0,0,0,657,A
3-PA,181,655,0,0,0,655,A
3-PA,182,1,657,0,0,658,T
3-PA,183,657,0,0,0,657,A
3-PA,184,1,0,667,0,668,G
3-PA,185,0,673,0,1,674,T
3-PA,186,0,5,673,0,678,G
3-PA,187,0,1,680,0,681,G
3-PA,188,1,675,0,2,678,T
3-PA,189,669,0,2,0,671,A
3-PA,190,0,9,672,0,681,G
3-PA,191,680,0,0,0,680,A
3-PA,192,679,0,0,0,679,A
3-PA,193,0,0,0,680,680,C
3-PA,194,0,674,0,0,674,T
3-PA,195,0,672,0,0,672,T
3-PA,196,0,7,665,0,672,G
3-PA,197,672,0,1,0,673,A
3-PA,198,0,3,0,672,675,C
3-PA,199,0,6,664,0,670,G
3-PA,200,687,0,0,0,687,A
3-PA,201,0,692,0,2,694,T
3-PA,202,2,1,0,698,701,C
3-PA,203,9,1,0,700,710,C
3-PA,204,711,0,0,0,711,A
3-PA,205,712,0,1,0,713,A
3-PA,206,715,1,0,0,716,A
3-PA,207,0,716,0,0,716,T
3-PA,208,0,0,718,0,718,G
3-PA,209,0,0,0,710,710,C
3-PA,210,699,0,1,0,700,A
3-PA,211,1,0,0,713,714,C
3-PA,212,0,709,0,0,709,T
3-PA,213,0,0,805,0,805,G
3-PA,214,0,804,0,1,805,T
3-PA,215,1,802,0,0,803,T
3-PA,216,801,1,0,0,802,A
3-PA,217,803,0,0,0,803,A
3-PA,218,797,0,2,0,799,A
3-PA,219,0,2,798,0,800,G
3-PA,220,0,0,0,794,794,C
3-PA,221,788,0,0,0,788,A
3-PA,222,0,0,0,787,787,C
3-PA,223,750,0,0,0,750,A
3-PA,224,0,1,773,0,774,G
3-PA,225,774,0,0,0,774,A
3-PA,226,0,769,0,0,769,T
3-PA,227,0,768,0,0,768,T
3-PA,228,0,766,0,1,767,T
3-PA,229,0,3,762,0,765,G
3-PA,230,767,0,0,0,767,A
3-PA,231,768,0,0,0,768,A
3-PA,232,764,0,0,0,764,A
3-PA,233,0,750,0,0,750,T
3-PA,234,751,0,0,0,751,A
3-PA,235,761,0,0,0,761,A
3-PA,236,0,756,0,1,757,T
3-PA,237,4,0,0,757,761,C
3-PA,238,1,8,751,1,761,G
3-PA,239,758,0,1,0,759,A
3-PA,240,2,5,757,0,764,G
3-PA,241,0,8,770,0,778,G
3-PA,242,0,3,774,0,777,G
3-PA,243,0,6,776,0,782,G
3-PA,244,774,0,1,0,775,A
3-PA,245,0,8,771,0,779,G
3-PA,246,795,1,0,0,796,A
3-PA,247,1,11,788,0,800,G
3-PA,248,801,1,0,0,802,A
3-PA,249,1,0,0,805,806,C
3-PA,250,799,0,0,0,799,A
3-PA,251,0,5,809,0,814,G
3-PA,252,808,1,1,0,810,A
3-PA,253,830,0,0,0,830,A
3-PA,254,0,1,0,829,830,C
3-PA,255,811,0,2,0,813,A
3-PA,256,811,0,2,0,813,A
3-PA,257,0,811,1,1,813,T
3-PA,258,2,6,842,0,850,G
3-PA,259,0,2,849,1,852,G
3-PA,260,1,0,0,830,831,C
3-PA,261,1,0,0,837,838,C
3-PA,262,0,830,0,2,832,T
3-PA,263,0,7,840,0,847,G
3-PA,264,0,8,843,0,851,G
3-PA,265,849,0,0,0,849,A
3-PA,266,0,1,0,856,857,C
3-PA,267,816,0,0,0,816,A
3-PA,268,0,0,911,0,911,G
3-PA,269,0,909,0,3,912,T
3-PA,270,921,2,2,0,925,A
3-PA,271,0,0,930,0,930,G
3-PA,272,0,916,0,0,916,T
3-PA,273,920,0,0,0,920,A
3-PA,274,920,0,0,0,920,A
3-PA,275,921,0,0,1,922,A
3-PA,276,0,2,0,928,930,C
3-PA,277,858,0,0,0,858,A
3-PA,278,0,1,881,0,882,G
3-PA,279,0,872,0,0,872,T
3-PA,280,891,0,1,0,892,A
3-PA,281,1,884,0,4,889,T
3-PA,282,4,0,0,899,903,C
3-PA,283,0,905,0,0,905,T
3-PA,284,1,2,900,0,903,G
3-PA,285,0,0,0,906,906,C
3-PA,286,898,0,1,0,899,A
3-PA,287,903,1,1,0,905,A
3-PA,288,0,1,0,907,908,C
3-PA,289,900,0,2,0,902,A
3-PA,290,1,0,0,935,936,C
3-PA,291,1,918,0,0,919,T
3-PA,292,923,0,0,0,923,A
3-PA,293,0,0,0,922,922,C
3-PA,294,1,917,0,0,918,T
3-PA,295,1,2,918,0,921,G
3-PA,296,0,6,915,0,921,G
3-PA,297,908,0,3,0,911,A
3-PA,298,0,0,918,0,918,G
3-PA,299,1,0,0,894,895,C
3-PA,300,2,892,0,1,895,T
3-PA,301,0,6,882,0,888,G
3-PA,302,0,5,886,0,891,G
3-PA,303,887,0,0,0,887,A
3-PA,304,892,0,0,0,892,A
3-PA,305,891,0,0,0,891,A
3-PA,306,890,1,0,0,891,A
3-PA,307,0,1,0,891,892,C
3-PA,308,7,0,0,885,892,C
3-PA,309,0,8,883,0,891,G
3-PA,310,889,0,1,0,890,A
3-PA,311,891,0,0,0,891,A
3-PA,312,1,0,899,0,900,G
3-PA,313,0,894,0,1,895,T
3-PA,314,0,906,0,0,906,T
3-PA,315,0,906,0,0,906,T
3-PA,316,6,0,0,906,912,C
3-PA,317,0,918,0,2,920,T
3-PA,318,919,0,1,0,920,A
3-PA,319,0,0,0,919,919,C
3-PA,320,4,0,0,914,918,C
3-PA,321,910,0,3,0,913,A
3-PA,322,0,10,906,0,916,G
3-PA,323,914,0,0,0,914,A
3-PA,324,0,0,0,901,901,C
3-PA,325,0,925,0,2,927,T
3-PA,326,0,928,0,1,929,T
3-PA,327,0,1,934,0,935,G
3-PA,328,0,936,0,0,936,T
3-PA,329,937,0,0,0,937,A
3-PA,330,1,933,0,0,934,T
3-PA,331,0,10,926,0,936,G
3-PA,332,967,0,0,0,967,A
3-PA,333,0,958,0,0,958,T
3-PA,334,0,961,0,0,961,T
3-PA,335,959,0,1,0,960,A
3-PA,336,0,1,0,957,958,C
3-PA,337,958,0,0,0,958,A
3-PA,338,957,0,1,0,958,A
3-PA,339,1,11,951,0,963,G
3-PA,340,0,6,963,0,969,G
3-PA,341,931,0,2,0,933,A
3-PA,342,0,19,933,0,952,G
3-PA,343,952,0,1,0,953,A
3-PA,344,951,0,1,0,952,A
3-PA,345,0,0,0,953,953,C
3-PA,346,947,1,0,0,948,A
3-PA,347,0,3,947,0,950,G
3-PA,348,943,0,0,0,943,A
3-PA,349,0,935,0,0,935,T
3-PA,350,1,931,0,1,933,T
3-PA,351,13,1,0,907,921,C
3-PA,352,0,0,920,0,920,G
3-PA,353,0,921,0,0,921,T
3-PA,354,10,0,0,911,921,C
3-PA,355,4,6,913,0,923,G
3-PA,356,925,0,0,1,926,A
3-PA,357,927,0,0,0,927,A
3-PA,358,927,0,0,0,927,A
3-PA,359,0,922,0,0,922,T
3-PA,360,0,921,0,0,921,T
3-PA,361,0,6,915,0,921,G
3-PA,362,0,7,913,0,920,G
3-PA,363,0,7,918,1,926,G
3-PA,364,1,1,922,0,924,G
3-PA,365,0,923,0,2,925,T
3-PA,366,1,13,920,0,934,G
3-PA,367,934,0,1,0,935,A
3-PA,368,0,0,0,944,944,C
3-PA,369,945,1,1,0,947,A
3-PA,370,944,0,0,0,944,A
3-PA,371,1,8,952,0,961,G
3-PA,372,1,7,955,0,963,G
3-PA,373,957,0,1,0,958,A
3-PA,374,0,13,948,0,961,G
3-PA,375,945,0,1,0,946,A
3-PA,376,0,2,944,0,946,G
3-PA,377,931,0,1,0,932,A
3-PA,378,931,0,0,0,931,A
3-PA,379,0,0,961,0,961,G
3-PA,380,0,937,0,0,937,T
3-PA,381,9,0,0,931,940,C
3-PA,382,15,0,0,925,940,C
3-PA,383,946,0,2,0,948,A
3-PA,384,0,2,0,962,964,C
3-PA,385,979,0,1,0,980,A
3-PA,386,0,1000,0,0,1000,T
3-PA,387,1005,1,0,0,1006,A
3-PA,388,0,975,0,0,975,T
3-PA,389,970,0,0,0,970,A
3-PA,390,0,949,1,1,951,T
3-PA,391,0,943,0,0,943,T
3-PA,392,953,0,0,0,953,A
3-PA,393,2,0,0,946,948,C
3-PA,394,9,0,0,907,916,C
3-PA,395,0,907,0,0,907,T
3-PA,396,0,877,0,1,878,T
3-PA,397,0,8,883,0,891,G
3-PA,398,891,0,0,0,891,A
3-PA,399,893,0,0,0,893,A
3-PA,400,892,0,0,0,892,A
3-PA,401,856,1,2,0,859,A
3-PA,402,0,8,860,0,868,G
3-PA,403,1,0,866,0,867,G
3-PA,404,0,0,0,867,867,C
3-PA,405,7,0,0,863,870,C
3-PA,406,870,0,0,0,870,A
3-PA,407,870,0,0,0,870,A
3-PA,408,0,870,0,0,870,T
3-PA,409,868,0,0,0,868,A
3-PA,410,861,0,0,0,861,A
3-PA,411,1,5,864,0,870,G
3-PA,412,862,0,1,0,863,A
3-PA,413,0,864,0,0,864,T
3-PA,414,0,857,0,0,857,T
3-PA,415,862,0,0,0,862,A
3-PA,416,858,0,1,0,859,A
3-PA,417,863,0,1,0,864,A
3-PA,418,0,871,0,1,872,T
3-PA,419,3,0,0,868,871,C
3-PA,420,0,859,0,0,859,T
3-PA,421,0,5,862,0,867,G
3-PA,422,866,0,1,0,867,A
3-PA,423,0,11,867,0,878,G
3-PA,424,874,1,1,0,876,A
3-PA,425,870,0,0,2,872,A
3-PA,426,0,1,0,876,877,C
3-PA,427,868,0,1,0,869,A
3-PA,428,0,0,0,873,873,C
3-PA,429,872,0,0,0,872,A
3-PA,430,0,0,0,877,877,C
3-PA,431,865,0,2,1,868,A
3-PA,432,1,0,0,885,886,C
3-PA,433,880,0,0,0,880,A
3-PA,434,0,880,0,1,881,T
3-PA,435,0,872,0,1,873,T
3-PA,436,7,0,0,871,878,C
3-PA,437,865,0,5,0,870,A
3-PA,438,0,0,0,871,871,C
3-PA,439,865,0,0,0,865,A
3-PA,440,0,864,0,0,864,T
3-PA,441,0,848,0,0,848,T
3-PA,442,0,856,0,0,856,T
3-PA,443,2,851,0,0,853,T
3-PA,444,7,0,0,857,864,C
3-PA,445,1,856,0,0,857,T
3-PA,446,15,1,0,846,862,C
3-PA,447,851,1,1,0,853,A
3-PA,448,1,855,0,0,856,T
3-PA,449,0,863,0,1,864,T
3-PA,450,7,1,0,863,871,C
3-PA,451,868,0,0,1,869,A
3-PA,452,0,1,0,872,873,C
3-PA,453,0,865,0,0,865,T
3-PA,454,1,14,856,0,871,G
3-PA,455,0,9,859,1,869,G
3-PA,456,0,2,868,0,870,G
3-PA,457,0,7,866,0,873,G
3-PA,458,866,0,0,0,866,A
3-PA,459,0,7,863,0,870,G
3-PA,460,0,4,866,0,870,G
3-PA,461,867,0,1,0,868,A
3-PA,462,865,0,2,0,867,A
3-PA,463,857,0,1,0,858,A
3-PA,464,0,847,0,0,847,T
3-PA,465,2,7,837,0,846,G
3-PA,466,0,0,844,0,844,G
3-PA,467,0,0,0,847,847,C
3-PA,468,10,0,0,841,851,C
3-PA,469,846,0,1,0,847,A
3-PA,470,0,0,0,849,849,C
3-PA,471,850,1,0,0,851,A
3-PA,472,853,0,0,0,853,A
3-PA,473,855,0,0,0,855,A
3-PA,474,1,6,857,0,864,G
3-PA,475,0,0,858,0,858,G
3-PA,476,1,0,0,864,865,C
3-PA,477,867,0,0,0,867,A
3-PA,478,0,13,870,0,883,G
3-PA,479,884,0,2,0,886,A
3-PA,480,0,0,0,902,902,C
3-PA,481,0,889,0,1,890,T
3-PA,482,898,0,0,0,898,A
3-PA,483,1,0,0,892,893,C
3-PA,484,890,0,0,0,890,A
3-PA,485,1,0,0,899,900,C
3-PA,486,0,867,0,1,868,T
3-PA,487,5,0,0,870,875,C
3-PA,488,0,872,0,0,872,T
3-PA,489,7,3,0,852,862,C
3-PA,490,1,3,860,0,864,G
3-PA,491,861,0,1,0,862,A
3-PA,492,1,0,0,859,860,C
3-PA,493,0,3,861,0,864,G
3-PA,494,862,0,0,1,863,A
3-PA,495,0,6,861,0,867,G
3-PA,496,0,6,856,0,862,G
3-PA,497,859,1,0,0,860,A
3-PA,498,859,0,0,0,859,A
3-PA,499,862,0,0,0,862,A
3-PA,500,0,0,862,0,862,G
3-PA,501,0,0,0,863,863,C
3-PA,502,856,0,0,0,856,A
3-PA,503,0,6,865,0,871,G
3-PA,504,0,5,861,0,866,G
3-PA,505,0,0,868,0,868,G
3-PA,506,0,0,0,870,870,C
3-PA,507,0,865,0,0,865,T
3-PA,508,864,0,0,0,864,A
3-PA,509,1,2,876,0,879,G
3-PA,510,0,3,914,0,917,G
3-PA,511,915,0,2,0,917,A
3-PA,512,0,899,0,0,899,T
3-PA,513,0,882,0,0,882,T
3-PA,514,878,0,0,0,878,A
3-PA,515,885,0,2,0,887,A
3-PA,516,0,15,877,0,892,G
3-PA,517,890,0,0,0,890,A
3-PA,518,0,0,0,887,887,C
3-PA,519,6,1,0,812,819,C
3-PA,520,818,0,0,0,818,A
3-PA,521,0,4,821,0,825,G
3-PA,522,0,0,825,0,825,G
3-PA,523,0,0,0,834,834,C
3-PA,524,1,820,0,1,822,T
3-PA,525,0,2,835,0,837,G
3-PA,526,0,830,0,0,830,T
3-PA,527,0,831,0,0,831,T
3-PA,528,0,839,0,0,839,T
3-PA,529,836,0,1,0,837,A
3-PA,530,0,0,0,850,850,C
3-PA,531,7,1,0,832,840,C
3-PA,532,832,0,0,0,832,A
3-PA,533,0,830,0,0,830,T
3-PA,534,786,0,0,0,786,A
3-PA,535,786,0,2,0,788,A
3-PA,536,0,5,793,0,798,G
3-PA,537,798,0,0,0,798,A
3-PA,538,1,0,0,799,800,C
3-PA,539,778,0,0,0,778,A
3-PA,540,779,0,1,0,780,A
3-PA,541,0,7,781,0,788,G
3-PA,542,784,1,0,0,785,A
3-PA,543,787,0,1,0,788,A
3-PA,544,780,0,0,1,781,A
3-PA,545,0,763,0,0,763,T
3-PA,546,0,8,784,0,792,G
3-PA,547,0,0,786,0,786,G
3-PA,548,1,0,0,786,787,C
3-PA,549,6,0,0,781,787,C
3-PA,550,784,0,0,1,785,A
3-PA,551,785,0,0,0,785,A
3-PA,552,0,756,0,1,757,T
3-PA,553,770,0,0,0,770,A
3-PA,554,1,4,763,0,768,G
3-PA,555,769,1,3,0,773,A
3-PA,556,0,2,770,0,772,G
3-PA,557,0,0,771,0,771,G
3-PA,558,3,0,0,769,772,C
3-PA,559,2,0,0,777,779,C
3-PA,560,0,761,0,2,763,T
3-PA,561,3,0,0,767,770,C
3-PA,562,0,766,0,3,769,T
3-PA,563,0,7,762,0,769,G
3-PA,564,0,2,772,0,774,G
3-PA,565,0,4,765,0,769,G
3-PA,566,767,0,1,0,768,A
3-PA,567,0,744,0,2,746,T
3-PA,568,0,731,0,0,731,T
3-PA,569,5,0,0,883,888,C
3-PA,570,7,0,0,875,882,C
3-PA,571,0,890,0,1,891,T
3-PA,572,1,887,0,1,889,T
3-PA,573,0,896,0,0,896,T
3-PA,574,5,4,0,918,927,C
3-PA,575,0,0,930,0,930,G
3-PA,576,0,926,0,1,927,T
3-PA,577,6,0,0,927,933,C
3-PA,578,917,0,0,0,917,A
3-PA,579,2,0,1175,0,1177,G
3-PA,580,0,1177,0,2,1179,T
3-PA,581,6,0,0,1176,1182,C
3-PA,582,8,7,0,1174,1189,C
3-PA,583,2,15,1189,0,1206,G
3-PA,584,1210,0,0,0,1210,A
3-PA,585,1212,0,0,0,1212,A
3-PA,586,1214,0,2,0,1216,A
3-PA,587,0,5,1225,0,1230,G
3-PA,588,1203,1,0,0,1204,A
3-PA,589,1,7,1217,0,1225,G
3-PA,590,1,2,1235,0,1238,G
3-PA,591,1,2,0,1235,1238,C
3-PA,592,1,7,1243,0,1251,G
3-PA,593,1252,1,0,0,1253,A
3-PA,594,1259,0,0,0,1259,A
3-PA,595,2,11,1264,0,1277,G
3-PA,596,1282,2,1,0,1285,A
3-PA,597,1284,0,1,0,1285,A
3-PA,598,1281,0,0,0,1281,A
3-PA,599,0,0,0,1303,1303,C
3-PA,600,1297,0,0,0,1297,A
3-PA,601,1304,0,0,0,1304,A
3-PA,602,0,1303,0,0,1303,T
3-PA,603,0,1300,0,4,1304,T
3-PA,604,0,8,1297,0,1305,G
3-PA,605,1298,1,1,0,1300,A
3-PA,606,1294,2,3,0,1299,A
3-PA,607,0,9,1289,0,1298,G
3-PA,608,1291,1,1,0,1293,A
3-PA,609,1298,0,0,0,1298,A
3-PA,610,1299,0,1,0,1300,A
3-PA,611,1305,0,0,0,1305,A
3-PA,612,1314,0,1,0,1315,A
3-PA,613,0,1317,0,1,1318,T
3-PA,614,0,1320,0,0,1320,T
3-PA,615,0,1321,1,0,1322,T
3-PA,616,0,8,1312,0,1320,G
3-PA,617,1318,0,1,0,1319,A
3-PA,618,1323,0,2,0,1325,A
3-PA,619,1339,0,2,0,1341,A
3-PA,620,0,1369,0,1,1370,T
3-PA,621,15,1,0,1569,1585,C
3-PA,622,1589,0,0,0,1589,A
3-PA,623,0,0,0,1626,1626,C
3-PA,624,1627,0,1,0,1628,A
3-PA,625,1,9,1675,0,1685,G
3-PA,626,0,23,1752,0,1775,G
3-PA,627,1815,0,4,0,1819,A
3-PA,628,1857,0,2,0,1859,A
3-PA,629,0,0,0,1907,1907,C
3-PA,630,1,1866,0,1,1868,T
3-PA,631,2121,0,1,0,2122,A
3-PA,632,1,2176,0,0,2177,T
3-PA,633,5,2,2282,0,2289,G
3-PA,634,3,7,0,2269,2279,C
3-PA,635,1,1,2269,0,2271,G
3-PA,636,1,2267,0,1,2269,T
3-PA,637,2255,0,1,0,2256,A
3-PA,638,0,13,2277,0,2290,G
3-PA,639,1,2,2282,0,2285,G
3-PA,640,1,0,0,2283,2284,C
3-PA,641,0,2273,0,1,2274,T
3-PA,642,0,2254,0,1,2255,T
3-PA,643,0,1,2262,1,2264,G
3-PA,644,3,1,1,2259,2264,C
3-PA,645,12,2,0,2257,2271,C
3-PA,646,7,41,2255,0,2303,G
3-PA,647,2313,0,0,0,2313,A
3-PA,648,0,0,0,2336,2336,C
3-PA,649,17,0,0,2326,2343,C
3-PA,650,2343,0,1,0,2344,A
3-PA,651,2355,0,0,0,2355,A
3-PA,652,2357,1,2,1,2361,A
3-PA,653,0,2,2421,0,2423,G
3-PA,654,1,2419,0,4,2424,T
3-PA,655,26,0,0,2402,2428,C
3-PA,656,2,2417,0,5,2424,T
3-PA,657,19,1,0,2426,2446,C
3-PA,658,5,1,0,2465,2471,C
3-PA,659,29,0,0,2456,2485,C
3-PA,660,2491,0,3,0,2494,A
3-PA,661,0,0,0,2515,2515,C
3-PA,662,19,2,2,2483,2506,C
3-PA,663,4,29,2499,0,2532,G
3-PA,664,2578,0,0,0,2578,A
3-PA,665,2573,1,2,0,2576,A
3-PA,666,0,0,0,2607,2607,C
3-PA,667,0,2581,0,6,2587,T
3-PA,668,0,2633,0,2,2635,T
3-PA,669,8,0,0,2680,2688,C
3-PA,670,0,2658,0,1,2659,T
3-PA,671,26,1,0,2649,2676,C
3-PA,672,10,1,1,2669,2681,C
3-PA,673,0,2662,0,3,2665,T
3-PA,674,1,3,2704,0,2708,G
3-PA,675,0,1,0,2704,2705,C
3-PA,676,11,0,0,2713,2724,C
3-PA,677,0,2699,1,2,2702,T
3-PA,678,0,2696,0,2,2698,T
3-PA,679,0,21,2693,0,2714,G
3-PA,680,2709,1,2,0,2712,A
3-PA,681,1,30,2735,0,2766,G
3-PA,682,2757,0,4,1,2762,A
3-PA,683,2807,0,2,0,2809,A
3-PA,684,1,2860,1,1,2863,T
3-PA,685,0,2876,0,2,2878,T
3-PA,686,0,2872,2,1,2875,T
3-PA,687,0,2880,1,0,2881,T
3-PA,688,2874,0,3,0,2877,A
3-PA,689,3,13,2863,0,2879,G
3-PA,690,2875,0,2,0,2877,A
3-PA,691,1,3,2991,0,2995,G
3-PA,692,1,4,0,2993,2998,C
3-PA,693,8,1,0,3033,3042,C
3-PA,694,0,3102,1,2,3105,T
3-PA,695,3261,1,0,0,3262,A
3-PA,696,0,3263,1,2,3266,T
3-PA,697,2,1,3320,0,3323,G
3-PA,698,0,3319,1,3,3323,T
3-PA,699,5,33,3306,1,3345,G
3-PA,700,3,14,3311,0,3328,G
3-PA,701,3291,2,15,0,3308,A
3-PA,702,1,3280,0,2,3283,T
3-PA,703,2,31,3210,0,3243,G
3-PA,704,1,17,3332,2,3352,G
3-PA,705,3363,3,2,0,3368,A
3-PA,706,0,3350,0,0,3350,T
3-PA,707,1,3338,0,5,3344,T
3-PA,708,18,7,0,3317,3342,C
3-PA,709,15,54,3288,0,3357,G
3-PA,710,3380,1,2,0,3383,A
3-PA,711,3374,1,4,0,3379,A
3-PA,712,0,1,0,3403,3404,C
3-PA,713,29,3,0,3298,3330,C
3-PA,714,14,56,3277,2,3349,G
3-PA,715,3353,0,0,0,3353,A
3-PA,716,3355,0,1,0,3356,A
3-PA,717,1,11,0,3390,3402,C
3-PA,718,2,22,3361,0,3385,G
3-PA,719,1,0,3499,0,3500,G
3-PA,720,1,1,0,3504,3506,C
3-PA,721,0,3494,0,0,3494,T
3-PA,722,0,9,3588,0,3597,G
3-PA,723,2,7,1,3610,3620,C
3-PA,724,3648,0,0,0,3648,A
3-PA,725,0,3651,0,0,3651,T
3-PA,726,0,3624,0,6,3630,T
3-PA,727,2,13,3618,1,3634,G
3-PA,728,3566,1,2,0,3569,A
3-PA,729,1,39,3588,0,3628,G
3-PA,730,1,36,3581,1,3619,G
3-PA,731,1,3,3592,0,3596,G
3-PA,732,3,3,0,3579,3585,C
3-PA,733,3578,0,0,0,3578,A
3-PA,734,3585,0,7,1,3593,A
3-PA,735,1,2,3617,0,3620,G
3-PA,736,3,0,0,3629,3632,C
3-PA,737,0,3633,0,6,3639,T
3-PA,738,0,3618,1,0,3619,T
3-PA,739,1,3645,1,3,3650,T
3-PA,740,14,0,0,3651,3665,C
3-PA,741,0,3650,0,4,3654,T
3-PA,742,33,0,0,3633,3666,C
3-PA,743,3648,0,1,4,3653,A
3-PA,744,3637,0,2,0,3639,A
3-PA,745,3639,0,0,0,3639,A
3-PA,746,0,3644,0,1,3645,T
3-PA,747,4,4,3781,0,3789,G
3-PA,748,1,3777,1,6,3785,T
3-PA,749,28,1,1,3808,3838,C
3-PA,750,25,3,0,3811,3839,C
3-PA,751,3840,0,2,0,3842,A
3-PA,752,3833,1,18,0,3852,A
3-PA,753,3852,0,1,0,3853,A
3-PA,754,0,15,3901,0,3916,G
3-PA,755,3888,0,10,0,3898,A
3-PA,756,3831,0,4,0,3835,A
3-PA,757,1,1,3867,0,3869,G
3-PA,758,1,3816,0,3,3820,T
3-PA,759,1,40,3780,0,3821,G
3-PA,760,3808,0,8,0,3816,A
3-PA,761,3810,1,7,2,3820,A
3-PA,762,0,3833,0,1,3834,T
3-PA,763,3,4,3809,0,3816,G
3-PA,764,3,1,0,3824,3828,C
3-PA,765,16,1,0,3815,3832,C
3-PA,766,39,2,2,3788,3831,C
3-PA,767,3844,0,0,0,3844,A
3-PA,768,3876,1,0,1,3878,A
3-PA,769,3887,0,1,0,3888,A
3-PA,770,0,3890,0,1,3891,T
3-PA,771,0,3883,0,1,3884,T
3-PA,772,1,47,3843,0,3891,G
3-PA,773,3864,0,4,0,3868,A
3-PA,774,3867,3,6,0,3876,A
3-PA,775,2,0,1,3893,3896,C
3-PA,776,22,1,0,3866,3889,C
3-PA,777,1,3858,0,4,3863,T
3-PA,778,0,3925,1,0,3926,T
3-PA,779,2,3932,1,1,3936,T
3-PA,780,0,4014,0,2,4016,T
3-PA,781,21,2,0,4008,4031,C
3-PA,782,0,4016,0,4,4020,T
3-PA,783,0,7,4019,2,4028,G
3-PA,784,4016,1,3,0,4020,A
3-PA,785,4056,2,11,0,4069,A
3-PA,786,0,32,4073,0,4105,G
3-PA,787,4020,0,6,0,4026,A
3-PA,788,1,0,0,4043,4044,C
3-PA,789,3984,0,7,0,3991,A
3-PA,790,4029,1,4,0,4034,A
3-PA,791,0,3,1,4507,4511,C
3-PA,792,4524,1,5,0,4530,A
3-PA,793,1,0,0,4528,4529,C
3-PA,794,23,2,0,4484,4509,C
3-PA,795,4481,2,4,0,4487,A
3-PA,796,4487,0,4,0,4491,A
3-PA,797,0,57,4455,0,4512,G
3-PA,798,4508,0,5,1,4514,A
3-PA,799,2,1,0,4519,4522,C
3-PA,800,43,1,1,4195,4240,C
3-PA,801,4237,0,1,0,4238,A
3-PA,802,4244,0,3,0,4247,A
3-PA,803,0,4238,0,2,4240,T
3-PA,804,35,0,0,4219,4254,C
3-PA,805,4237,2,1,2,4242,A
3-PA,806,4226,0,3,1,4230,A
3-PA,807,4234,0,3,0,4237,A
3-PA,808,2,1,0,4281,4284,C
3-PA,809,0,4254,1,3,4258,T
3-PA,810,2,4256,2,1,4261,T
3-PA,811,21,2,0,4262,4285,C
3-PA,812,23,2,0,4269,4294,C
3-PA,813,9,34,4277,1,4321,G
3-PA,814,4320,0,0,0,4320,A
3-PA,815,4317,0,4,0,4321,A
3-PA,816,0,4314,1,15,4330,T
3-PA,817,2,39,4227,0,4268,G
3-PA,818,1,41,4239,1,4282,G
3-PA,819,4297,0,3,0,4300,A
3-PA,820,2,1,0,4322,4325,C
3-PA,821,28,1,0,4285,4314,C
3-PA,822,0,4431,0,7,4438,T
3-PA,823,22,0,0,4528,4550,C
3-PA,824,22,0,1,4536,4559,C
3-PA,825,0,4550,0,1,4551,T
3-PA,826,2,4560,0,4,4566,T
3-PA,827,1,1,4765,0,4767,G
3-PA,828,0,4733,0,6,4739,T
3-PA,829,0,4739,0,3,4742,T
3-PA,830,4741,0,1,0,4742,A
3-PA,831,4,4613,3,3,4623,T
3-PA,832,25,1,1,4564,4591,C
3-PA,833,4514,2,6,3,4525,A
3-PA,834,0,1,4523,0,4524,G
3-PA,835,4,9,0,4492,4505,C
3-PA,836,8,26,4325,0,4359,G
3-PA,837,0,1,4489,0,4490,G
3-PA,838,0,4479,0,9,4488,T
3-PA,839,42,0,0,4450,4492,C
3-PA,840,34,1,0,4470,4505,C
3-PA,841,4520,1,1,1,4523,A
3-PA,842,4531,0,1,0,4532,A
3-PA,843,4529,1,2,1,4533,A
3-PA,844,1,4534,2,0,4537,T
3-PA,845,1,4531,0,2,4534,T
3-PA,846,39,0,0,4495,4534,C
3-PA,847,21,4,0,4500,4525,C
3-PA,848,0,4520,0,4,4524,T
3-PA,849,20,0,0,4546,4566,C
3-PA,850,20,2,0,4552,4574,C
3-PA,851,1,4552,0,4,4557,T
3-PA,852,1,18,4573,0,4592,G
3-PA,853,4584,1,0,0,4585,A
3-PA,854,0,4584,0,4,4588,T
3-PA,855,1,32,4528,0,4561,G
3-PA,856,1,26,4474,0,4501,G
3-PA,857,4484,1,8,0,4493,A
3-PA,858,1,4423,0,2,4426,T
3-PA,859,7,6,4416,0,4429,G
3-PA,860,4,0,1,4603,4608,C
3-PA,861,1,4576,0,13,4590,T
3-PA,862,0,4596,0,6,4602,T
3-PA,863,2,4614,0,1,4617,T
3-PA,864,4613,1,2,0,4616,A
3-PA,865,4634,0,0,0,4634,A
3-PA,866,4624,0,0,0,4624,A
3-PA,867,4636,0,5,1,4642,A
3-PA,868,0,4627,0,3,4630,T
3-PA,869,0,4399,0,1,4400,T
3-PA,870,1,75,4353,0,4429,G
3-PA,871,4398,0,4,2,4404,A
3-PA,872,0,6,4457,0,4463,G
3-PA,873,4,2,0,4451,4457,C
3-PA,874,4442,0,0,0,4442,A
3-PA,875,1,4539,1,3,4544,T
3-PA,876,0,4530,0,1,4531,T
3-PA,877,1,19,4527,1,4548,G
3-PA,878,4539,2,5,0,4546,A
3-PA,879,4515,0,14,0,4529,A
3-PA,880,14,67,4478,0,4559,G
3-PA,881,4503,2,4,0,4509,A
3-PA,882,4,2,0,4548,4554,C
3-PA,883,25,0,2,4507,4534,C
3-PA,884,48,1,0,4444,4493,C
3-PA,885,4470,0,6,1,4477,A
3-PA,886,4546,0,6,0,4552,A
3-PA,887,0,3,4616,0,4619,G
3-PA,888,2,4626,1,2,4631,T
3-PA,889,71,2,0,4555,4628,C
3-PA,890,4612,0,5,1,4618,A
3-PA,891,2,5,0,4608,4615,C
3-PA,892,1,22,4580,0,4603,G
3-PA,893,4671,1,3,1,4676,A
3-PA,894,4657,0,5,2,4664,A
3-PA,895,2,24,4771,1,4798,G
3-PA,896,2,34,4754,1,4791,G
3-PA,897,4749,0,9,2,4760,A
3-PA,898,1,21,4771,0,4793,G
3-PA,899,4776,1,8,1,4786,A
3-PA,900,4766,0,11,1,4778,A
3-PA,901,1,37,4747,1,4786,G
3-PA,902,1,35,4722,0,4758,G
3-PA,903,3,30,4727,1,4761,G
3-PA,904,4670,2,6,0,4678,A
3-PA,905,1,4688,0,0,4689,T
3-PA,906,28,4,1,4690,4723,C
3-PA,907,25,1,2,5044,5072,C
3-PA,908,49,1,0,5083,5133,C
3-PA,909,5179,1,2,0,5182,A
3-PA,910,0,5196,1,0,5197,T
3-PA,911,0,5220,0,1,5221,T
3-PA,912,5329,1,2,1,5333,A
3-PA,913,0,5315,0,2,5317,T
3-PA,914,5298,0,2,0,5300,A
3-PA,915,1,5284,1,3,5289,T
3-PA,916,3,49,4768,1,4821,G
3-PA,917,4806,0,1,0,4807,A
3-PA,918,1,4766,0,1,4768,T
3-PA,919,6,2,4790,0,4798,G
3-PA,920,5,8,1,4729,4743,C
3-PA,921,3,48,4687,0,4738,G
3-PA,922,4775,0,4,0,4779,A
3-PA,923,1,4772,0,4,4777,T
3-PA,924,66,0,0,4726,4792,C
3-PA,925,4787,2,1,0,4790,A
3-PA,926,4769,0,1,0,4770,A
3-PA,927,2,0,4802,0,4804,G
3-PA,928,0,4755,0,3,4758,T
3-PA,929,2,7,4788,0,4797,G
3-PA,930,6,3,0,4788,4797,C
3-PA,931,4779,1,2,0,4782,A
3-PA,932,1,4794,0,3,4798,T
3-PA,933,4790,0,1,0,4791,A
3-PA,934,4851,0,0,1,4852,A
3-PA,935,4857,1,0,1,4859,A
3-PA,936,4825,0,6,0,4831,A
3-PA,937,4822,2,17,2,4843,A
3-PA,938,3,1,0,4843,4847,C
3-PA,939,4802,0,0,1,4803,A
3-PA,940,1,4839,1,2,4843,T
3-PA,941,2,4838,0,5,4845,T
3-PA,942,33,3,0,4822,4858,C
3-PA,943,0,4808,1,3,4812,T
3-PA,944,1,4796,0,2,4799,T
3-PA,945,0,4809,0,0,4809,T
3-PA,946,1,62,4726,1,4790,G
3-PA,947,1,28,4744,1,4774,G
3-PA,948,1,4,4720,0,4725,G
3-PA,949,1,4774,0,2,4777,T
3-PA,950,2,35,4782,0,4819,G
3-PA,951,0,19,4861,0,4880,G
3-PA,952,4880,0,6,0,4886,A
3-PA,953,4882,1,2,0,4885,A
3-PA,954,4888,3,2,0,4893,A
3-PA,955,0,31,4911,0,4942,G
3-PA,956,4912,0,7,0,4919,A
3-PA,957,5314,0,8,0,5322,A
3-PA,958,0,1,0,5396,5397,C
3-PA,959,38,3,1,5361,5403,C
3-PA,960,0,5383,0,4,5387,T
3-PA,961,0,5464,0,3,5467,T
3-PA,962,5483,0,4,0,5487,A
3-PA,963,0,5478,0,4,5482,T
3-PA,964,5455,0,4,0,5459,A
3-PA,965,1,5529,0,3,5533,T
3-PA,966,5234,0,1,0,5235,A
3-PA,967,0,0,5294,0,5294,G
3-PA,968,2,5234,0,10,5246,T
3-PA,969,43,4,2,5183,5232,C
3-PA,970,5173,0,2,2,5177,A
3-PA,971,5211,0,2,0,5213,A
3-PA,972,5218,1,6,0,5225,A
3-PA,973,1,2,0,5256,5259,C
3-PA,974,26,4,1,5174,5205,C
3-PA,975,5142,0,3,0,5145,A
3-PA,976,1,0,0,5177,5178,C
3-PA,977,5172,1,12,0,5185,A
3-PA,978,4,7,0,5201,5212,C
3-PA,979,2,53,5162,0,5217,G
3-PA,980,5191,1,11,0,5203,A
3-PA,981,5189,2,3,0,5194,A
3-PA,982,5175,0,4,0,5179,A
3-PA,983,5176,3,10,0,5189,A
3-PA,984,1,54,5174,1,5230,G
3-PA,985,1,38,5162,0,5201,G
3-PA,986,1,44,5171,0,5216,G
3-PA,987,5176,1,12,0,5189,A
3-PA,988,5193,0,6,0,5199,A
3-PA,989,1,5196,1,3,5201,T
3-PA,990,5191,0,2,0,5193,A
3-PA,991,5203,0,3,0,5206,A
3-PA,992,5219,0,1,0,5220,A
3-PA,993,0,5207,0,0,5207,T
3-PA,994,1,5185,0,2,5188,T
3-PA,995,74,0,0,5149,5223,C
3-PA,996,5222,1,1,0,5224,A
3-PA,997,5223,0,5,0,5228,A
3-PA,998,5241,1,1,0,5243,A
3-PA,999,0,5237,0,6,5243,T
3-PA,1000,0,5269,0,2,5271,T
3-PA,1001,5296,0,0,1,5297,A
3-PA,1002,1,3,0,5287,5291,C
3-PA,1003,23,0,2,5258,5283,C
3-PA,1004,0,5250,0,4,5254,T
3-PA,1005,1,4,5308,0,5313,G
3-PA,1006,2,1,0,5337,5340,C
3-PA,1007,1,5329,0,2,5332,T
3-PA,1008,3,0,5496,0,5499,G
3-PA,1009,0,5498,0,4,5502,T
3-PA,1010,73,1,2,5431,5507,C
3-PA,1011,5510,1,5,0,5516,A
3-PA,1012,1,5507,0,4,5512,T
3-PA,1013,0,30,5480,0,5510,G
3-PA,1014,2,23,5498,1,5524,G
3-PA,1015,5501,0,3,0,5504,A
3-PA,1016,5609,1,10,0,5620,A
3-PA,1017,1,0,5591,0,5592,G
3-PA,1018,4,2,2,5573,5581,C
3-PA,1019,5562,0,5,1,5568,A
3-PA,1020,5577,0,10,1,5588,A
3-PA,1021,0,0,5634,0,5634,G
3-PA,1022,2,5614,0,20,5636,T
3-PA,1023,5590,1,2,0,5593,A
3-PA,1024,3,2,0,5619,5624,C
3-PA,1025,0,5502,0,6,5508,T
3-PA,1026,5,2,5552,1,5560,G
3-PA,1027,0,5516,0,7,5523,T
3-PA,1028,61,4,2,5465,5532,C
3-PA,1029,5501,1,8,1,5511,A
3-PA,1030,0,43,5523,1,5567,G
3-PA,1031,5552,0,0,1,5553,A
3-PA,1032,5552,1,3,1,5557,A
3-PA,1033,0,5643,0,1,5644,T
3-PA,1034,1,5604,0,3,5608,T
3-PA,1035,1,3,5579,1,5584,G
3-PA,1036,4,3,0,5560,5567,C
3-PA,1037,5538,2,20,1,5561,A
3-PA,1038,2,32,5559,0,5593,G
3-PA,1039,3,38,5511,1,5553,G
3-PA,1040,5569,2,3,0,5574,A
3-PA,1041,2,5,0,5619,5626,C
3-PA,1042,5507,2,4,0,5513,A
3-PA,1043,0,5551,0,1,5552,T
3-PA,1044,0,5535,1,2,5538,T
3-PA,1045,3,38,5541,0,5582,G
3-PA,1046,5596,0,3,1,5600,A
3-PA,1047,5576,0,4,0,5580,A
3-PA,1048,5572,0,5,0,5577,A
3-PA,1049,5572,0,0,0,5572,A
3-PA,1050,0,5513,0,0,5513,T
3-PA,1051,1,35,5526,0,5562,G
3-PA,1052,5525,0,12,1,5538,A
3-PA,1053,2,20,5550,0,5572,G
3-PA,1054,0,58,5525,0,5583,G
3-PA,1055,5522,3,8,0,5533,A
3-PA,1056,0,21,5530,1,5552,G
3-PA,1057,5546,2,4,0,5552,A
3-PA,1058,5530,2,7,1,5540,A
3-PA,1059,2,35,5494,1,5532,G
3-PA,1060,1,1,5464,0,5466,G
3-PA,1061,1,5684,0,9,5694,T
3-PA,1062,1,5709,0,7,5717,T
3-PA,1063,35,1,1,5673,5710,C
3-PA,1064,28,6,2,5678,5714,C
3-PA,1065,5717,1,1,0,5719,A
3-PA,1066,5713,0,4,0,5717,A
3-PA,1067,20,31,5704,0,5755,G
3-PA,1068,2,40,5764,0,5806,G
3-PA,1069,5681,0,6,0,5687,A
3-PA,1070,2,11,0,5696,5709,C
3-PA,1071,1,5699,0,4,5704,T
3-PA,1072,5699,0,7,0,5706,A
3-PA,1073,5702,0,5,1,5708,A
3-PA,1074,5700,0,4,0,5704,A
3-PA,1075,5707,1,6,1,5715,A
3-PA,1076,5692,0,4,0,5696,A
3-PA,1077,4,2,0,5645,5651,C
3-PA,1078,5622,0,1,0,5623,A
3-PA,1079,1,5595,0,4,5600,T
3-PA,1080,1,33,5619,0,5653,G
3-PA,1081,5652,0,4,1,5657,A
3-PA,1082,5661,0,2,0,5663,A
3-PA,1083,1,42,5654,0,5697,G
3-PA,1084,5691,1,1,0,5693,A
3-PA,1085,5684,1,4,0,5689,A
3-PA,1086,5662,0,4,0,5666,A
3-PA,1087,5662,0,6,3,5671,A
3-PA,1088,0,11,0,5684,5695,C
3-PA,1089,4,62,5612,1,5679,G
3-PA,1090,5685,0,6,0,5691,A
3-PA,1091,1,2,5698,0,5701,G
3-PA,1092,2,5639,1,26,5668,T
3-PA,1093,100,0,0,5688,5788,C
3-PA,1094,5776,1,7,1,5785,A
3-PA,1095,5882,0,9,0,5891,A
3-PA,1096,3,9,0,5878,5890,C
3-PA,1097,4,5865,0,2,5871,T
3-PA,1098,1,29,5941,0,5971,G
3-PA,1099,5937,0,4,1,5942,A
3-PA,1100,5976,1,4,0,5981,A
3-PA,1101,2,1,5979,0,5982,G
3-PA,1102,0,5861,0,2,5863,T
3-PA,1103,6,56,5809,0,5871,G
3-PA,1104,1,31,5814,0,5846,G
3-PA,1105,3,8,5842,0,5853,G
3-PA,1106,8,3,0,5856,5867,C
3-PA,1107,0,5771,0,9,5780,T
3-PA,1108,59,1,0,5776,5836,C
3-PA,1109,1,5805,0,2,5808,T
3-PA,1110,2,5815,0,1,5818,T
3-PA,1111,1,35,5892,1,5929,G
3-PA,1112,4,1,5939,0,5944,G
3-PA,1113,2,5921,2,4,5929,T
3-PA,1114,2,50,5857,1,5910,G
3-PA,1115,5877,0,2,0,5879,A
3-PA,1116,5940,0,5,1,5946,A
3-PA,1117,5926,1,0,0,5927,A
3-PA,1118,5942,1,6,3,5952,A
3-PA,1119,0,2,0,5974,5976,C
3-PA,1120,5891,0,2,0,5893,A
3-PA,1121,0,5887,0,2,5889,T
3-PA,1122,5,55,5812,0,5872,G
3-PA,1123,2,4,5939,0,5945,G
3-PA,1124,2,3,1,5985,5991,C
3-PA,1125,5990,2,5,0,5997,A
3-PA,1126,5,3,0,6023,6031,C
3-PA,1127,29,3,0,6005,6037,C
3-PA,1128,6081,2,5,0,6088,A
3-PA,1129,1,49,6107,0,6157,G
3-PA,1130,6121,0,9,0,6130,A
3-PA,1131,5,21,6168,0,6194,G
3-PA,1132,6151,0,3,0,6154,A
3-PA,1133,6138,1,5,1,6145,A
3-PA,1134,2,34,6139,0,6175,G
3-PA,1135,0,1,6143,1,6145,G
3-PA,1136,0,6114,0,13,6127,T
3-PA,1137,6045,2,13,1,6061,A
3-PA,1138,0,49,6004,0,6053,G
3-PA,1139,6058,2,9,0,6069,A
3-PA,1140,0,1,0,6112,6113,C
3-PA,1141,0,6026,0,8,6034,T
3-PA,1142,0,6023,2,1,6026,T
3-PA,1143,0,6007,0,3,6010,T
3-PA,1144,2,37,5985,0,6024,G
3-PA,1145,6000,2,8,1,6011,A
3-PA,1146,6020,0,3,0,6023,A
3-PA,1147,6018,3,3,2,6026,A
3-PA,1148,6001,0,3,0,6004,A
3-PA,1149,1,1,0,6102,6104,C
3-PA,1150,0,6065,0,6,6071,T
3-PA,1151,6,1,6136,0,6143,G
3-PA,1152,6,5,1,6122,6134,C
3-PA,1153,6138,0,5,0,6143,A
3-PA,1154,2,23,6114,0,6139,G
3-PA,1155,6117,0,10,0,6127,A
3-PA,1156,2,34,6296,0,6332,G
3-PA,1157,6334,1,4,0,6339,A
3-PA,1158,3,1,0,6290,6294,C
3-PA,1159,6260,1,7,0,6268,A
3-PA,1160,0,6239,0,2,6241,T
3-PA,1161,6247,0,2,0,6249,A
3-PA,1162,6235,0,10,0,6245,A
3-PA,1163,1,8,6237,1,6247,G
3-PA,1164,8,6,0,6225,6239,C
3-PA,1165,4,62,6067,0,6133,G
3-PA,1166,6227,0,2,0,6229,A
3-PA,1167,1,6188,2,4,6195,T
3-PA,1168,1,6185,0,3,6189,T
3-PA,1169,0,6187,1,0,6188,T
3-PA,1170,3,29,6177,0,6209,G
3-PA,1171,6218,0,10,1,6229,A
3-PA,1172,6216,2,10,2,6230,A
3-PA,1173,2,8,6257,0,6267,G
3-PA,1174,5,1,0,6359,6365,C
3-PA,1175,6276,1,2,2,6281,A
3-PA,1176,6606,0,1,0,6607,A
3-PA,1177,0,6607,1,3,6611,T
3-PA,1178,6635,1,4,0,6640,A
3-PA,1179,1,6658,2,9,6670,T
3-PA,1180,5,56,6643,3,6707,G
3-PA,1181,6762,1,8,2,6773,A
3-PA,1182,0,6752,1,4,6757,T
3-PA,1183,6556,0,3,0,6559,A
3-PA,1184,0,2,6582,0,6584,G
3-PA,1185,1,6327,0,7,6335,T
3-PA,1186,2,58,6287,1,6348,G
3-PA,1187,6329,0,6,0,6335,A
3-PA,1188,1,11,0,6303,6315,C
3-PA,1189,7,92,6192,1,6292,G
3-PA,1190,6321,0,1,0,6322,A
3-PA,1191,6334,1,5,1,6341,A
3-PA,1192,3,2,0,6370,6375,C
3-PA,1193,47,2,1,6319,6369,C
3-PA,1194,2,6303,0,47,6352,T
3-PA,1195,0,68,6430,0,6498,G
3-PA,1196,6488,3,3,0,6494,A
3-PA,1197,6514,1,2,0,6517,A
3-PA,1198,1,6510,1,6,6518,T
3-PA,1199,1,6470,0,1,6472,T
3-PA,1200,6443,1,4,0,6448,A
3-PA,1201,6378,0,7,0,6385,A
3-PA,1202,3,45,6362,0,6410,G
3-PA,1203,2,3,6411,1,6417,G
3-PA,1204,2,6303,0,18,6323,T
3-PA,1205,125,2,0,6191,6318,C
3-PA,1206,6323,0,5,0,6328,A
3-PA,1207,0,3,0,6480,6483,C
3-PA,1208,1,6461,2,4,6468,T
3-PA,1209,0,6488,0,3,6491,T
3-PA,1210,0,6494,0,3,6497,T
3-PA,1211,30,1,0,6437,6468,C
3-PA,1212,6468,0,5,0,6473,A
3-PA,1213,6460,1,6,0,6467,A
3-PA,1214,1,2,6547,1,6551,G
3-PA,1215,3,1,0,6546,6550,C
3-PA,1216,0,6399,0,7,6406,T
3-PA,1217,5,32,6537,1,6575,G
3-PA,1218,1,28,6579,0,6608,G
3-PA,1219,6679,1,6,0,6686,A
3-PA,1220,2,6723,0,7,6732,T
3-PA,1221,6714,3,4,0,6721,A
3-PA,1222,1,5,1,6743,6750,C
3-PA,1223,6634,2,6,0,6642,A
3-PA,1224,1,37,6655,1,6694,G
3-PA,1225,6671,2,4,0,6677,A
3-PA,1226,6579,4,7,1,6591,A
3-PA,1227,1,6509,2,4,6516,T
3-PA,1228,0,84,6454,2,6540,G
3-PA,1229,6475,0,13,0,6488,A
3-PA,1230,0,0,6597,0,6597,G
3-PA,1231,0,6541,0,3,6544,T
3-PA,1232,0,6512,1,4,6517,T
3-PA,1233,89,3,1,6519,6612,C
3-PA,1234,6656,0,1,0,6657,A
3-PA,1235,6666,0,7,0,6673,A
3-PA,1236,1,5,0,6664,6670,C
3-PA,1237,6593,1,2,0,6596,A
3-PA,1238,6583,0,3,0,6586,A
3-PA,1239,3,27,6511,0,6541,G
3-PA,1240,3,9,6578,0,6590,G
3-PA,1241,7,3,0,6623,6633,C
3-PA,1242,23,2,0,6554,6579,C
3-PA,1243,0,6510,0,6,6516,T
3-PA,1244,3,3,6579,0,6585,G
3-PA,1245,0,6577,1,4,6582,T
3-PA,1246,5,79,6557,1,6642,G
3-PA,1247,6629,0,13,0,6642,A
3-PA,1248,2,9,6638,0,6649,G
3-PA,1249,5,3,0,6620,6628,C
3-PA,1250,1,6545,0,4,6550,T
3-PA,1251,6664,2,1,2,6669,A
3-PA,1252,6693,0,3,0,6696,A
3-PA,1253,2,0,0,6715,6717,C
3-PA,1254,0,6652,0,5,6657,T
3-PA,1255,6,89,6552,2,6649,G
3-PA,1256,6615,3,3,0,6621,A
3-PA,1257,0,6603,0,3,6606,T
3-PA,1258,1,6593,0,12,6606,T
3-PA,1259,85,1,0,6529,6615,C
3-PA,1260,6732,1,7,1,6741,A
3-PA,1261,0,3,6855,0,6858,G
3-PA,1262,0,6817,0,12,6829,T
3-PA,1263,60,0,1,6781,6842,C
3-PA,1264,0,6781,1,8,6790,T
3-PA,1265,5,37,7040,1,7083,G
3-PA,1266,1,24,7060,0,7085,G
3-PA,1267,7085,2,10,2,7099,A
3-PA,1268,1,7088,0,3,7092,T
3-PA,1269,6769,0,4,1,6774,A
3-PA,1270,1,66,6719,2,6788,G
3-PA,1271,6701,0,13,2,6716,A
3-PA,1272,1,8,6730,0,6739,G
3-PA,1273,6,2,0,6716,6724,C
3-PA,1274,0,6491,2,38,6531,T
3-PA,1275,1,6507,0,5,6513,T
3-PA,1276,1,26,6519,0,6546,G
3-PA,1277,6533,1,13,1,6548,A
3-PA,1278,2,6552,0,0,6554,T
3-PA,1279,18,59,6455,0,6532,G
3-PA,1280,6563,1,2,1,6567,A
3-PA,1281,6558,0,5,0,6563,A
3-PA,1282,6574,0,3,2,6579,A
3-PA,1283,0,6573,1,1,6575,T
3-PA,1284,1,6568,0,2,6571,T
3-PA,1285,4,38,6595,1,6638,G
3-PA,1286,2,63,6568,1,6634,G
3-PA,1287,6627,1,7,1,6636,A
3-PA,1288,1,33,6613,0,6647,G
3-PA,1289,6542,2,4,1,6549,A
3-PA,1290,4,53,6554,2,6613,G
3-PA,1291,0,25,6625,1,6651,G
3-PA,1292,6707,0,8,0,6715,A
3-PA,1293,3,6,0,6719,6728,C
3-PA,1294,1,2,6660,1,6664,G
3-PA,1295,0,6658,2,3,6663,T
3-PA,1296,6682,0,4,1,6687,A
3-PA,1297,4,1,6750,0,6755,G
3-PA,1298,7,1,2,6787,6797,C
3-PA,1299,39,1,0,6699,6739,C
3-PA,1300,60,3,0,6653,6716,C
3-PA,1301,54,0,1,6664,6719,C
3-PA,1302,6709,3,3,0,6715,A
3-PA,1303,6916,0,1,3,6920,A
3-PA,1304,1,6902,0,2,6905,T
3-PA,1305,0,6866,0,0,6866,T
3-PA,1306,5,103,6769,2,6879,G
3-PA,1307,6701,1,32,1,6735,A
3-PA,1308,3,8,6749,0,6760,G
3-PA,1309,10,6,0,6729,6745,C
3-PA,1310,6693,2,3,0,6698,A
3-PA,1311,0,1,1,6850,6852,C
3-PA,1312,6674,0,0,0,6674,A
3-PA,1313,1,6791,0,9,6801,T
3-PA,1314,1,6798,0,5,6804,T
3-PA,1315,1,3,6817,3,6824,G
3-PA,1316,8,2,0,6805,6815,C
3-PA,1317,6799,1,3,1,6804,A
3-PA,1318,6804,0,9,1,6814,A
3-PA,1319,0,3,6816,0,6819,G
3-PA,1320,6,2,0,6750,6758,C
3-PA,1321,6749,1,2,0,6752,A
3-PA,1322,2,6586,0,15,6603,T
3-PA,1323,3,96,6503,0,6602,G
3-PA,1324,6569,2,11,1,6583,A
3-PA,1325,0,21,6586,1,6608,G
3-PA,1326,6581,1,10,2,6594,A
3-PA,1327,6574,1,1,1,6577,A
3-PA,1328,0,42,6536,1,6579,G
3-PA,1329,1,58,6495,0,6554,G
3-PA,1330,6553,0,5,1,6559,A
3-PA,1331,6557,0,3,1,6561,A
3-PA,1332,1,6553,0,1,6555,T
3-PA,1333,0,6552,0,3,6555,T
3-PA,1334,6572,1,0,0,6573,A
3-PA,1335,1,6592,0,3,6596,T
3-PA,1336,0,6575,0,3,6578,T
3-PA,1337,0,6562,0,5,6567,T
3-PA,1338,62,4,0,6466,6532,C
3-PA,1339,6510,0,8,0,6518,A
3-PA,1340,2,5,0,6644,6651,C
3-PA,1341,6608,1,7,0,6616,A
3-PA,1342,2,5,6659,0,6666,G
3-PA,1343,6,2,0,6639,6647,C
3-PA,1344,6577,1,21,1,6600,A
3-PA,1345,1,27,6613,0,6641,G
3-PA,1346,6612,2,4,0,6618,A
3-PA,1347,4,23,6622,1,6650,G
3-PA,1348,4,2,6658,0,6664,G
3-PA,1349,1,6481,0,5,6487,T
3-PA,1350,5,1,6569,1,6576,G
3-PA,1351,1,6521,0,14,6536,T
3-PA,1352,52,5,2,6481,6540,C
3-PA,1353,56,3,2,6533,6594,C
3-PA,1354,89,2,0,6470,6561,C
3-PA,1355,6622,0,3,0,6625,A
3-PA,1356,1,6666,0,4,6671,T
3-PA,1357,0,6620,0,7,6627,T
3-PA,1358,2,2,6671,0,6675,G
3-PA,1359,1,6549,0,4,6554,T
3-PA,1360,6455,0,0,0,6455,A
3-PA,1361,2,34,6420,0,6456,G
3-PA,1362,6287,2,6,0,6295,A
3-PA,1363,4,1,6324,1,6330,G
3-PA,1364,3,3,1,6219,6226,C
3-PA,1365,42,2,0,6102,6146,C
3-PA,1366,6219,1,3,0,6223,A
3-PA,1367,4,0,0,6237,6241,C
3-PA,1368,1,6189,1,3,6194,T
3-PA,1369,1,45,6153,0,6199,G
3-PA,1370,6169,0,5,1,6175,A
3-PA,1371,6070,0,8,0,6078,A
3-PA,1372,2,6199,2,2,6205,T
3-PA,1373,6258,0,5,0,6263,A
3-PA,1374,3,2,0,6303,6308,C
3-PA,1375,6172,1,2,1,6176,A
3-PA,1376,0,6189,1,2,6192,T
3-PA,1377,6118,1,3,0,6122,A
3-PA,1378,6143,2,5,1,6151,A
3-PA,1379,2,6133,0,0,6135,T
3-PA,1380,1,32,6028,1,6062,G
3-PA,1381,6030,0,4,1,6035,A
3-PA,1382,5935,1,9,0,5945,A
3-PA,1383,1,55,5902,0,5958,G
3-PA,1384,0,45,5888,1,5934,G
3-PA,1385,2,49,5923,0,5974,G
3-PA,1386,2,33,5931,0,5966,G
3-PA,1387,2,4,6021,1,6028,G
3-PA,1388,1,5908,0,2,5911,T
3-PA,1389,5940,0,4,0,5944,A
3-PA,1390,1,5974,0,2,5977,T
3-PA,1391,6014,1,4,0,6019,A
3-PA,1392,4,1,0,6467,6472,C
3-PA,1393,6247,0,1,0,6248,A
3-PA,1394,2,6135,1,4,6142,T
3-PA,1395,1,6088,0,3,6092,T
3-PA,1396,6015,0,2,0,6017,A
3-PA,1397,6109,0,6,0,6115,A
3-PA,1398,3,1,0,6112,6116,C
3-PA,1399,6014,0,1,0,6015,A
3-PA,1400,3,0,0,6013,6016,C
3-PA,1401,1,5373,0,2,5376,T
3-PA,1402,2,4,5580,0,5586,G
3-PA,1403,5,5,1,5558,5569,C
3-PA,1404,36,1,2,5513,5552,C
3-PA,1405,43,3,0,5530,5576,C
3-PA,1406,1,5393,0,5,5399,T
3-PA,1407,20,6,5530,1,5557,G
3-PA,1408,2,1,0,5557,5560,C
3-PA,1409,2,5551,0,2,5555,T
3-PA,1410,84,2,1,5582,5669,C
3-PA,1411,5391,2,2,0,5395,A
3-PA,1412,5454,1,0,0,5455,A
3-PA,1413,1,5449,0,1,5451,T
3-PA,1414,2,7,5432,0,5441,G
3-PA,1415,6,2,0,5427,5435,C
3-PA,1416,5273,1,2,0,5276,A
3-PA,1417,1,5270,0,6,5277,T
3-PA,1418,14,0,0,5256,5270,C
3-PA,1419,24,1,1,5277,5303,C
3-PA,1420,0,5117,0,3,5120,T
3-PA,1421,4,0,5217,0,5221,G
3-PA,1422,0,5173,0,5,5178,T
3-PA,1423,6,4,5170,0,5180,G
3-PA,1424,10,7,1,5170,5188,C
3-PA,1425,5090,0,6,0,5096,A
3-PA,1426,2,3,5126,0,5131,G
3-PA,1427,6,2,0,5108,5116,C
3-PA,1428,5022,1,3,0,5026,A
3-PA,1429,5025,1,1,0,5027,A
3-PA,1430,2,4844,0,2,4848,T
3-PA,1431,2,48,4788,1,4839,G
3-PA,1432,0,27,4813,0,4840,G
3-PA,1433,4835,1,7,0,4843,A
3-PA,1434,1,6,0,4836,4843,C
3-PA,1435,4,61,4708,0,4773,G
3-PA,1436,4813,2,4,0,4819,A
3-PA,1437,3,4811,0,3,4817,T
3-PA,1438,1,4792,0,6,4799,T
3-PA,1439,0,4801,0,3,4804,T
3-PA,1440,0,4796,0,2,4798,T
3-PA,1441,44,3,0,4754,4801,C
3-PA,1442,4797,0,4,0,4801,A
3-PA,1443,4809,1,1,0,4811,A
3-PA,1444,1,1,0,4818,4820,C
3-PA,1445,0,4732,0,3,4735,T
3-PA,1446,4718,0,2,0,4720,A
3-PA,1447,4722,1,1,0,4724,A
3-PA,1448,0,4721,0,1,4722,T
3-PA,1449,0,4731,0,4,4735,T
3-PA,1450,45,0,0,4710,4755,C
3-PA,1451,19,2,0,4712,4733,C
3-PA,1452,46,1,0,4685,4732,C
3-PA,1453,4726,0,3,0,4729,A
3-PA,1454,1,4771,1,10,4783,T
3-PA,1455,0,42,4760,0,4802,G
3-PA,1456,4802,0,1,0,4803,A
3-PA,1457,1,4771,0,11,4783,T
3-PA,1458,4768,1,3,0,4772,A
3-PA,1459,4752,0,6,1,4759,A
3-PA,1460,1,3,4763,0,4767,G
3-PA,1461,2,2,0,4738,4742,C
3-PA,1462,4729,0,3,3,4735,A
3-PA,1463,4577,1,9,0,4587,A
3-PA,1464,0,1,4632,0,4633,G
3-PA,1465,1,4585,0,6,4592,T
3-PA,1466,7,5,4585,0,4597,G
3-PA,1467,9,1,0,4573,4583,C
3-PA,1468,4539,1,5,1,4546,A
3-PA,1469,0,50,4584,0,4634,G
3-PA,1470,4606,2,1,0,4609,A
3-PA,1471,4647,2,8,0,4657,A
3-PA,1472,2,2,1,4657,4662,C
3-PA,1473,2,4523,0,2,4527,T
3-PA,1474,4557,0,1,0,4558,A
3-PA,1475,4546,0,4,1,4551,A
3-PA,1476,4541,0,8,1,4550,A
3-PA,1477,0,15,4550,2,4567,G
3-PA,1478,4367,1,6,1,4375,A
3-PA,1479,4,44,4329,0,4377,G
3-PA,1480,0,26,4223,1,4250,G
3-PA,1481,0,9,4234,0,4243,G
3-PA,1482,4188,0,6,0,4194,A
3-PA,1483,4089,0,5,17,4111,A
3-PA,1484,1,16,4083,0,4100,G
3-PA,1485,4,4,4092,1,4101,G
3-PA,1486,9,5,0,4072,4086,C
3-PA,1487,3,28,4059,1,4091,G
3-PA,1488,4058,0,1,0,4059,A
3-PA,1489,4062,0,7,1,4070,A
3-PA,1490,4066,0,3,1,4070,A
3-PA,1491,4068,3,2,0,4073,A
3-PA,1492,4067,2,6,0,4075,A
3-PA,1493,7,1,0,4056,4064,C
3-PA,1494,26,1,0,4005,4032,C
3-PA,1495,4029,0,0,0,4029,A
3-PA,1496,4064,0,0,0,4064,A
3-PA,1497,0,4064,0,0,4064,T
3-PA,1498,0,4061,0,2,4063,T
3-PA,1499,0,4060,0,0,4060,T
3-PA,1500,4079,0,1,0,4080,A
3-PA,1501,0,4061,0,3,4064,T
3-PA,1502,4047,3,3,0,4053,A
3-PA,1503,1,4037,1,3,4042,T
3-PA,1504,2,23,3968,0,3993,G
3-PA,1505,2,20,3922,0,3944,G
3-PA,1506,3943,1,0,0,3944,A
3-PA,1507,0,3913,0,5,3918,T
3-PA,1508,0,3850,0,4,3854,T
3-PA,1509,56,2,1,3797,3856,C
3-PA,1510,3866,1,1,0,3868,A
3-PA,1511,1,3888,0,3,3892,T
3-PA,1512,26,2,0,3865,3893,C
3-PA,1513,3873,1,3,0,3877,A
3-PA,1514,2,3835,0,2,3839,T
3-PA,1515,3802,1,3,0,3806,A
3-PA,1516,3797,0,1,0,3798,A
3-PA,1517,3786,0,6,0,3792,A
3-PA,1518,0,22,3726,0,3748,G
3-PA,1519,0,11,3680,0,3691,G
3-PA,1520,1,8,3638,0,3647,G
3-PA,1521,3627,0,1,0,3628,A
3-PA,1522,3565,1,10,0,3576,A
3-PA,1523,1,21,3562,1,3585,G
3-PA,1524,3552,0,0,0,3552,A
3-PA,1525,0,3538,0,4,3542,T
3-PA,1526,20,0,0,3519,3539,C
3-PA,1527,1,3473,0,1,3475,T
3-PA,1528,45,1,0,3468,3514,C
3-PA,1529,3504,0,2,0,3506,A
3-PA,1530,1,3489,0,1,3491,T
3-PA,1531,1,3498,0,1,3500,T
3-PA,1532,0,3449,0,0,3449,T
3-PA,1533,3437,1,1,0,3439,A
3-PA,1534,3436,2,1,0,3439,A
3-PA,1535,2,21,3404,0,3427,G
3-PA,1536,0,16,3437,1,3454,G
3-PA,1537,3253,0,1,0,3254,A
3-PA,1538,3237,1,15,0,3253,A
3-PA,1539,0,3235,1,1,3237,T
3-PA,1540,1,44,3201,1,3247,G
3-PA,1541,3282,2,5,0,3289,A
3-PA,1542,1,1,0,3279,3281,C
3-PA,1543,3249,0,2,0,3251,A
3-PA,1544,2,1,0,3239,3242,C
3-PA,1545,3094,0,8,1,3103,A
3-PA,1546,0,12,3099,0,3111,G
3-PA,1547,3090,0,5,0,3095,A
3-PA,1548,2,1,0,3048,3051,C
3-PA,1549,1,0,2986,0,2987,G
3-PA,1550,0,2725,0,0,2725,T
3-PA,1551,3,15,2709,0,2727,G
3-PA,1552,0,1,2726,1,2728,G
3-PA,1553,1,2731,1,0,2733,T
3-PA,1554,2727,0,1,0,2728,A
3-PA,1555,2659,0,2,0,2661,A
3-PA,1556,2662,1,0,0,2663,A
3-PA,1557,2,2655,0,1,2658,T
3-PA,1558,0,2595,1,1,2597,T
3-PA,1559,1,2598,0,1,2600,T
3-PA,1560,0,2545,1,1,2547,T
3-PA,1561,2,0,2548,1,2551,G
3-PA,1562,0,2500,0,1,2501,T
3-PA,1563,1,34,2468,0,2503,G
3-PA,1564,2470,1,1,0,2472,A
3-PA,1565,0,2,2468,0,2470,G
3-PA,1566,5,2,0,2438,2445,C
3-PA,1567,2451,0,1,0,2452,A
3-PA,1568,0,2452,0,0,2452,T
3-PA,1569,1,12,2436,0,2449,G
3-PA,1570,1,21,2431,0,2453,G
3-PA,1571,2446,0,1,0,2447,A
3-PA,1572,0,1,2451,0,2452,G
3-PA,1573,0,2392,0,1,2393,T
3-PA,1574,0,2334,0,1,2335,T
3-PA,1575,0,2329,0,3,2332,T
3-PA,1576,1,2323,0,2,2326,T
3-PA,1577,17,0,0,2310,2327,C
3-PA,1578,0,2304,0,2,2306,T
3-PA,1579,18,0,0,2281,2299,C
3-PA,1580,1,2194,1,4,2200,T
3-PA,1581,23,0,1,2164,2188,C
3-PA,1582,2187,0,3,0,2190,A
3-PA,1583,1,0,0,2180,2181,C
3-PA,1584,2,2077,0,2,2081,T
3-PA,1585,1,22,2052,0,2075,G
3-PA,1586,2058,0,3,1,2062,A
3-PA,1587,2,8,0,2053,2063,C
3-PA,1588,14,1,1,2025,2041,C
3-PA,1589,27,0,1,1967,1995,C
3-PA,1590,9,10,1955,0,1974,G
3-PA,1591,1955,0,11,0,1966,A
3-PA,1592,0,12,1950,0,1962,G
3-PA,1593,1962,1,0,0,1963,A
3-PA,1594,1,1,0,1902,1904,C
3-PA,1595,0,1806,0,3,1809,T
3-PA,1596,0,1664,1,2,1667,T
3-PA,1597,1,15,1652,0,1668,G
3-PA,1598,1646,1,5,0,1652,A
3-PA,1599,0,0,1663,0,1663,G
3-PA,1600,3,2,0,1643,1648,C
3-PA,1601,15,3,1,1525,1544,C
3-PA,1602,1524,0,2,0,1526,A
3-PA,1603,2,3,0,1504,1509,C
3-PA,1604,1504,0,1,1,1506,A
3-PA,1605,1,1509,0,2,1512,T
3-PA,1606,1484,0,0,0,1484,A
3-PA,1607,1480,1,0,0,1481,A
3-PA,1608,1465,1,1,0,1467,A
3-PA,1609,0,1455,0,0,1455,T
3-PA,1610,2,7,1433,0,1442,G
3-PA,1611,0,2,1237,0,1239,G
3-PA,1612,0,6,1202,0,1208,G
3-PA,1613,1155,1,1,0,1157,A
3-PA,1614,2,5,1129,0,1136,G
3-PA,1615,1105,2,0,0,1107,A
3-PA,1616,1066,0,1,0,1067,A
3-PA,1617,1062,0,1,1,1064,A
3-PA,1618,0,1052,0,0,1052,T
3-PA,1619,1029,1,0,0,1030,A
3-PA,1620,1,0,0,1025,1026,C
3-PA,1621,0,562,0,0,562,T
3-PA,1622,0,0,562,0,562,G
3-PA,1623,0,322,0,0,322,T
3-PA,1624,0,0,322,0,322,G
3-PA,1625,0,292,0,0,292,T
3-PA,1626,1,0,0,162,163,C
3-PA,1627,0,0,0,147,147,C
3-PA,1628,0,127,0,0,127,T
3-PA,1629,0,128,0,0,128,T
3-PA,1630,0,1,131,0,132,G
3-PA,1631,134,0,0,0,134,A
3-PA,1632,2,1,133,0,136,G
3-PA,1633,132,0,0,0,132,A
3-PA,1634,0,132,0,0,132,T
3-PA,1635,131,0,1,0,132,A
3-PA,1636,0,0,134,0,134,G
3-PA,1637,0,1,134,0,135,G
3-PA,1638,134,0,0,0,134,A
3-PA,1639,0,0,134,0,134,G
3-PA,1640,132,0,0,0,132,A
3-PA,1641,0,131,0,0,131,T
3-PA,1642,133,0,0,0,133,A
3-PA,1643,0,131,0,0,131,T
3-PA,1644,0,1,132,0,133,G
3-PA,1645,0,132,0,0,132,T
3-PA,1646,0,130,0,0,130,T
3-PA,1647,131,0,0,0,131,A
3-PA,1648,1,0,0,130,131,C
3-PA,1649,0,130,0,0,130,T
3-PA,1650,131,0,0,0,131,A
3-PA,1651,131,0,0,0,131,A
3-PA,1652,0,0,132,0,132,G
3-PA,1653,131,0,0,0,131,A
3-PA,1654,128,1,1,0,130,A
3-PA,1655,0,0,126,0,126,G
3-PA,1656,0,125,0,0,125,T
3-PA,1657,0,0,129,0,129,G
3-PA,1658,1,0,0,128,129,C
3-PA,1659,0,0,0,130,130,C
3-PA,1660,128,0,0,2,130,A
3-PA,1661,0,130,0,0,130,T
3-PA,1662,129,0,1,0,130,A
3-PA,1663,0,0,131,0,131,G
3-PA,1664,0,0,129,0,129,G
3-PA,1665,0,0,0,130,130,C
3-PA,1666,0,0,0,129,129,C
3-PA,1667,129,0,0,0,129,A
3-PA,1668,130,0,0,0,130,A
3-PA,1669,129,0,0,0,129,A
3-PA,1670,0,133,0,0,133,T
3-PA,1671,0,132,0,0,132,T
3-PA,1672,0,131,0,0,131,T
3-PA,1673,3,0,0,129,132,C
3-PA,1674,130,0,0,0,130,A
3-PA,1675,131,0,0,0,131,A
3-PA,1676,0,1,130,0,131,G
3-PA,1677,0,0,131,0,131,G
3-PA,1678,0,0,0,129,129,C
3-PA,1679,0,0,0,126,126,C
3-PA,1680,0,1,126,0,127,G
3-PA,1681,126,0,0,0,126,A
3-PA,1682,0,127,0,0,127,T
3-PA,1683,0,0,133,0,133,G
3-PA,1684,0,134,0,0,134,T
3-PA,1685,0,135,0,0,135,T
3-PA,1686,1,0,0,135,136,C
3-PA,1687,0,136,0,0,136,T
3-PA,1688,0,138,0,0,138,T
3-PA,1689,0,0,138,0,138,G
3-PA,1690,0,138,0,0,138,T
3-PA,1691,139,0,0,0,139,A
3-PA,1692,0,133,0,0,133,T
3-PA,1693,0,0,133,0,133,G
3-PA,1694,0,130,0,0,130,T
3-PA,1695,0,1,130,0,131,G
3-PA,1696,127,0,0,0,127,A
3-PA,1697,0,1,126,0,127,G
3-PA,1698,0,0,129,0,129,G
3-PA,1699,128,0,1,0,129,A
3-PA,1700,0,0,0,132,132,C
3-PA,1701,129,0,0,0,129,A
3-PA,1702,131,0,0,0,131,A
3-PA,1703,130,0,0,0,130,A
3-PA,1704,0,3,0,126,129,C
3-PA,1705,0,1,130,0,131,G
3-PA,1706,0,0,131,0,131,G
3-PA,1707,129,0,0,0,129,A
3-PA,1708,131,0,0,0,131,A
3-PA,1709,0,1,0,129,130,C
3-PA,1710,129,0,0,0,129,A
3-PA,1711,0,130,0,0,130,T
3-PA,1712,0,0,0,129,129,C
3-PA,1713,129,0,0,0,129,A
3-PA,1714,128,0,0,0,128,A
3-PA,1715,126,0,0,0,126,A
3-PA,1716,0,0,129,0,129,G
3-PA,1717,0,0,129,0,129,G
3-PA,1718,0,127,0,0,127,T
3-PA,1719,1,0,0,126,127,C
3-PA,1720,127,0,0,0,127,A
3-PA,1721,126,0,0,0,126,A
3-PA,1722,126,0,0,0,126,A
3-PA,1723,127,0,0,0,127,A
3-PA,1724,0,128,0,1,129,T
3-PA,1725,0,0,130,0,130,G
3-PA,1726,130,0,0,0,130,A
3-PA,1727,130,0,0,0,130,A
3-PA,1728,130,0,0,0,130,A
3-PA,1729,0,130,0,0,130,T
3-PA,1730,0,1,130,0,131,G
3-PA,1731,0,1,130,0,131,G
3-PA,1732,0,1,127,0,128,G
3-PA,1733,0,1,130,0,131,G
3-PA,1734,126,0,1,0,127,A
3-PA,1735,128,0,0,1,129,A
3-PA,1736,0,129,0,0,129,T
3-PA,1737,0,0,129,0,129,G
3-PA,1738,0,1,130,0,131,G
3-PA,1739,131,0,0,0,131,A
3-PA,1740,0,0,131,0,131,G
3-PA,1741,130,0,0,0,130,A
3-PA,1742,0,126,0,0,126,T
3-PA,1743,0,2,124,0,126,G
3-PA,1744,126,0,0,0,126,A
3-PA,1745,0,0,128,0,128,G
3-PA,1746,128,0,0,0,128,A
3-PA,1747,0,0,0,128,128,C
3-PA,1748,0,0,128,0,128,G
3-PA,1749,0,128,0,0,128,T
3-PA,1750,0,128,0,0,128,T
3-PA,1751,0,0,128,0,128,G
3-PA,1752,0,0,0,128,128,C
3-PA,1753,1,0,0,129,130,C
3-PA,1754,1,129,0,0,130,T
3-PA,1755,1,0,0,133,134,C
3-PA,1756,1,0,0,134,135,C
3-PA,1757,0,135,0,0,135,T
3-PA,1758,0,135,0,0,135,T
3-PA,1759,0,0,0,136,136,C
3-PA,1760,135,0,0,0,135,A
3-PA,1761,0,0,135,0,135,G
3-PA,1762,0,133,1,0,134,T
3-PA,1763,2,0,0,133,135,C
3-PA,1764,133,0,0,0,133,A
3-PA,1765,0,0,0,136,136,C
3-PA,1766,0,136,0,0,136,T
3-PA,1767,0,0,0,135,135,C
3-PA,1768,0,0,0,136,136,C
3-PA,1769,135,0,0,0,135,A
3-PA,1770,1,0,134,0,135,G
3-PA,1771,0,0,0,137,137,C
3-PA,1772,135,0,0,0,135,A
3-PA,1773,0,0,139,0,139,G
3-PA,1774,131,0,0,0,131,A
3-PA,1775,0,132,0,0,132,T
3-PA,1776,1,0,0,129,130,C
3-PA,1777,0,2,126,0,128,G
3-PA,1778,128,0,0,0,128,A
3-PA,1779,0,1,128,0,129,G
3-PA,1780,129,0,0,0,129,A
3-PA,1781,1,0,127,0,128,G
3-PA,1782,0,0,0,127,127,C
3-PA,1783,127,0,0,0,127,A
3-PA,1784,0,127,0,0,127,T
3-PA,1785,0,0,132,0,132,G
3-PA,1786,132,0,0,0,132,A
3-PA,1787,0,132,0,0,132,T
3-PA,1788,0,130,0,0,130,T
3-PA,1789,0,1,129,0,130,G
3-PA,1790,129,0,0,0,129,A
3-PA,1791,127,0,0,0,127,A
3-PA,1792,0,0,128,0,128,G
3-PA,1793,0,0,0,130,130,C
3-PA,1794,0,0,0,130,130,C
3-PA,1795,0,3,126,0,129,G
3-PA,1796,129,0,0,0,129,A
3-PA,1797,0,0,128,0,128,G
3-PA,1798,0,129,0,0,129,T
3-PA,1799,1,0,0,128,129,C
3-PA,1800,0,0,0,129,129,C
3-PA,1801,0,129,0,0,129,T
3-PA,1802,1,0,0,127,128,C
3-PA,1803,0,1,128,0,129,G
3-PA,1804,0,0,132,0,132,G
3-PA,1805,0,131,0,0,131,T
3-PA,1806,0,132,0,0,132,T
3-PA,1807,132,0,0,0,132,A
3-PA,1808,132,0,0,0,132,A
3-PA,1809,132,0,1,0,133,A
3-PA,1810,0,0,133,0,133,G
3-PA,1811,131,0,0,0,131,A
3-PA,1812,0,1,130,0,131,G
3-PA,1813,128,0,0,0,128,A
3-PA,1814,128,0,0,0,128,A
3-PA,1815,127,0,1,0,128,A
3-PA,1816,0,1,129,0,130,G
3-PA,1817,131,0,0,0,131,A
3-PA,1818,0,0,0,131,131,C
3-PA,1819,128,1,0,0,129,A
3-PA,1820,0,129,0,0,129,T
3-PA,1821,0,1,129,0,130,G
3-PA,1822,130,0,0,0,130,A
3-PA,1823,0,0,0,130,130,C
3-PA,1824,0,0,0,128,128,C
3-PA,1825,128,0,0,0,128,A
3-PA,1826,128,0,0,0,128,A
3-PA,1827,128,0,0,0,128,A
3-PA,1828,0,2,125,0,127,G
3-PA,1829,129,0,0,0,129,A
3-PA,1830,0,0,129,0,129,G
3-PA,1831,0,127,0,0,127,T
3-PA,1832,0,126,0,0,126,T
3-PA,1833,0,126,0,0,126,T
3-PA,1834,0,128,0,0,128,T
3-PA,1835,0,128,0,0,128,T
3-PA,1836,0,128,0,0,128,T
3-PA,1837,0,1,127,0,128,G
3-PA,1838,126,0,0,0,126,A
3-PA,1839,0,1,128,0,129,G
3-PA,1840,129,0,0,0,129,A
3-PA,1841,129,0,0,0,129,A
3-PA,1842,0,127,0,0,127,T
3-PA,1843,127,0,0,0,127,A
3-PA,1844,128,0,0,0,128,A
3-PA,1845,0,0,126,0,126,G
3-PA,1846,0,128,0,0,128,T
3-PA,1847,2,0,0,126,128,C
3-PA,1848,128,0,0,0,128,A
3-PA,1849,0,0,129,0,129,G
3-PA,1850,128,1,0,0,129,A
3-PA,1851,130,0,0,0,130,A
3-PA,1852,0,0,132,0,132,G
3-PA,1853,0,0,0,129,129,C
3-PA,1854,121,0,1,0,122,A
3-PA,1855,0,122,0,0,122,T
3-PA,1856,0,2,121,0,123,G
3-PA,1857,0,0,125,0,125,G
3-PA,1858,1,0,0,122,123,C
3-PA,1859,2,0,0,123,125,C
3-PA,1860,3,0,0,121,124,C
3-PA,1861,126,0,1,0,127,A
3-PA,1862,0,126,0,0,126,T
3-PA,1863,0,126,0,0,126,T
3-PA,1864,0,1,125,0,126,G
3-PA,1865,0,1,124,0,125,G
3-PA,1866,0,1,120,0,121,G
3-PA,1867,0,1,123,0,124,G
3-PA,1868,114,0,0,0,114,A
3-PA,1869,0,0,118,0,118,G
3-PA,1870,0,113,0,0,113,T
3-PA,1871,0,0,0,117,117,C
3-PA,1872,1,0,0,124,125,C
3-PA,1873,1,0,0,124,125,C
3-PA,1874,1,0,0,122,123,C
3-PA,1875,1,0,0,123,124,C
3-PA,1876,125,0,0,0,125,A
3-PA,1877,125,0,0,0,125,A
3-PA,1878,0,2,123,0,125,G
3-PA,1879,0,2,119,0,121,G
3-PA,1880,0,2,120,0,122,G
3-PA,1881,115,0,0,0,115,A
3-PA,1882,0,0,115,0,115,G
3-PA,1883,0,114,0,0,114,T
3-PA,1884,1,1,113,0,115,G
3-PA,1885,0,0,115,0,115,G
3-PA,1886,116,0,0,0,116,A
3-PA,1887,115,0,0,0,115,A
3-PA,1888,1,0,113,0,114,G
3-PA,1889,112,0,0,0,112,A
3-PA,1890,111,0,1,0,112,A
3-PA,1891,0,1,113,0,114,G
3-PA,1892,0,0,114,0,114,G
3-PA,1893,0,113,0,0,113,T
3-PA,1894,0,111,0,0,111,T
3-PA,1895,1,0,0,110,111,C
3-PA,1896,1,0,0,110,111,C
3-PA,1897,111,0,0,0,111,A
3-PA,1898,0,112,0,0,112,T
3-PA,1899,0,111,0,0,111,T
3-PA,1900,0,1,110,0,111,G
3-PA,1901,0,3,107,0,110,G
3-PA,1902,0,2,109,0,111,G
3-PA,1903,111,0,0,0,111,A
3-PA,1904,110,0,0,0,110,A
3-PA,1905,108,0,0,0,108,A
3-PA,1906,0,1,112,0,113,G
3-PA,1907,0,108,0,0,108,T
3-PA,1908,1,0,0,110,111,C
3-PA,1909,0,111,0,0,111,T
3-PA,1910,0,0,111,0,111,G
3-PA,1911,0,111,0,0,111,T
3-PA,1912,111,0,0,0,111,A
3-PA,1913,0,0,110,0,110,G
3-PA,1914,0,2,106,0,108,G
3-PA,1915,102,0,0,0,102,A
3-PA,1916,0,0,0,102,102,C
3-PA,1917,0,100,0,0,100,T
3-PA,1918,0,0,0,112,112,C
3-PA,1919,0,112,0,0,112,T
3-PA,1920,113,0,0,0,113,A
3-PA,1921,0,113,0,0,113,T
3-PA,1922,0,113,0,0,113,T
3-PA,1923,0,0,113,0,113,G
3-PA,1924,0,0,113,0,113,G
3-PA,1925,0,0,0,112,112,C
3-PA,1926,0,110,0,0,110,T
3-PA,1927,103,0,0,0,103,A
3-PA,1928,103,0,0,0,103,A
3-PA,1929,0,0,104,0,104,G
3-PA,1930,0,103,0,1,104,T
3-PA,1931,1,0,0,102,103,C
3-PA,1932,104,0,0,0,104,A
3-PA,1933,0,0,105,0,105,G
3-PA,1934,0,104,0,0,104,T
3-PA,1935,109,0,0,0,109,A
3-PA,1936,0,108,0,0,108,T
3-PA,1937,0,109,0,0,109,T
3-PA,1938,1,0,0,109,110,C
3-PA,1939,108,0,0,0,108,A
3-PA,1940,108,0,0,0,108,A
3-PA,1941,0,108,0,0,108,T
3-PA,1942,111,0,0,0,111,A
3-PA,1943,0,0,113,0,113,G
3-PA,1944,0,0,0,110,110,C
3-PA,1945,0,0,0,111,111,C
3-PA,1946,0,108,0,0,108,T
3-PA,1947,0,0,108,0,108,G
3-PA,1948,0,108,0,0,108,T
3-PA,1949,108,0,0,0,108,A
3-PA,1950,0,109,0,0,109,T
3-PA,1951,0,0,109,0,109,G
3-PA,1952,0,0,0,110,110,C
3-PA,1953,107,0,0,0,107,A
3-PA,1954,0,107,0,0,107,T
3-PA,1955,0,0,0,109,109,C
3-PA,1956,105,0,0,0,105,A
3-PA,1957,0,0,0,106,106,C
3-PA,1958,1,0,0,106,107,C
3-PA,1959,107,0,0,0,107,A
3-PA,1960,0,0,0,106,106,C
3-PA,1961,105,0,0,0,105,A
3-PA,1962,107,0,0,0,107,A
3-PA,1963,0,106,0,0,106,T
3-PA,1964,0,105,0,0,105,T
3-PA,1965,2,2,101,0,105,G
3-PA,1966,0,0,103,0,103,G
3-PA,1967,104,0,0,0,104,A
3-PA,1968,104,0,0,0,104,A
3-PA,1969,0,3,100,0,103,G
3-PA,1970,0,0,103,0,103,G
3-PA,1971,102,0,0,0,102,A
3-PA,1972,0,100,0,0,100,T
3-PA,1973,0,104,0,0,104,T
3-PA,1974,0,102,0,0,102,T
3-PA,1975,0,104,0,0,104,T
3-PA,1976,3,0,0,101,104,C
3-PA,1977,102,1,0,0,103,A
3-PA,1978,0,0,103,0,103,G
3-PA,1979,0,0,0,102,102,C
3-PA,1980,0,0,101,0,101,G
3-PA,1981,0,1,102,0,103,G
3-PA,1982,103,0,0,0,103,A
3-PA,1983,0,0,104,0,104,G
3-PA,1984,0,104,0,0,104,T
3-PA,1985,2,0,0,103,105,C
3-PA,1986,105,0,0,0,105,A
3-PA,1987,104,0,0,0,104,A
3-PA,1988,0,1,102,0,103,G
3-PA,1989,105,0,0,0,105,A
3-PA,1990,105,0,0,0,105,A
3-PA,1991,106,0,0,0,106,A
3-PA,1992,103,0,0,0,103,A
3-PA,1993,0,0,0,105,105,C
3-PA,1994,0,102,0,0,102,T
3-PA,1995,0,0,102,0,102,G
3-PA,1996,0,0,0,100,100,C
3-PA,1997,0,101,0,0,101,T
3-PA,1998,1,0,0,100,101,C
3-PA,1999,1,0,0,100,101,C
3-PA,2000,0,101,0,0,101,T
3-PA,2001,0,102,0,0,102,T
3-PA,2002,0,0,101,0,101,G
3-PA,2003,0,101,0,0,101,T
3-PA,2004,0,101,0,0,101,T
3-PA,2005,0,0,101,0,101,G
3-PA,2006,0,100,0,0,100,T
3-PA,2007,0,99,0,0,99,T
3-PA,2008,1,0,0,98,99,C
3-PA,2009,98,0,0,0,98,A
3-PA,2010,0,1,97,0,98,G
3-PA,2011,0,0,98,0,98,G
3-PA,2012,0,0,0,97,97,C
3-PA,2013,0,97,0,0,97,T
3-PA,2014,0,0,0,100,100,C
3-PA,2015,0,99,0,0,99,T
3-PA,2016,0,98,0,0,98,T
3-PA,2017,98,0,0,0,98,A
3-PA,2018,0,0,99,0,99,G
3-PA,2019,0,0,98,0,98,G
3-PA,2020,0,0,95,0,95,G
3-PA,2021,92,0,0,0,92,A
3-PA,2022,0,0,0,92,92,C
3-PA,2023,86,0,0,0,86,A
3-PA,2024,90,0,0,0,90,A
3-PA,2025,0,1,0,89,90,C
3-PA,2026,1,0,0,89,90,C
3-PA,2027,0,89,0,0,89,T
3-PA,2028,0,0,0,89,89,C
3-PA,2029,0,1,88,0,89,G
3-PA,2030,88,0,0,0,88,A
3-PA,2031,88,0,0,0,88,A
3-PA,2032,0,0,0,89,89,C
3-PA,2033,0,0,0,83,83,C
3-PA,2034,0,82,0,0,82,T
3-PA,2035,0,1,81,0,82,G
3-PA,2036,0,0,82,0,82,G
3-PA,2037,0,0,82,0,82,G
3-PA,2038,81,0,1,0,82,A
3-PA,2039,0,0,0,78,78,C
3-PA,2040,0,0,0,77,77,C
3-PA,2041,0,75,0,0,75,T
3-PA,2042,0,75,0,0,75,T
3-PA,2043,0,75,0,0,75,T
3-PA,2044,0,2,73,0,75,G
3-PA,2045,75,0,0,0,75,A
3-PA,2046,0,75,0,0,75,T
3-PA,2047,0,0,0,75,75,C
3-PA,2048,0,71,0,0,71,T
3-PA,2049,0,68,0,0,68,T
3-PA,2050,0,0,68,0,68,G
3-PA,2051,0,0,68,0,68,G
3-PA,2052,0,0,67,0,67,G
3-PA,2053,0,1,67,0,68,G
3-PA,2054,0,2,63,0,65,G
3-PA,2055,0,0,65,0,65,G
3-PA,2056,0,0,0,65,65,C
3-PA,2057,0,63,0,0,63,T
3-PA,2058,65,0,0,0,65,A
3-PA,2059,0,65,0,0,65,T
3-PA,2060,64,0,0,0,64,A
3-PA,2061,0,65,0,0,65,T
3-PA,2062,0,2,58,0,60,G
3-PA,2063,60,0,0,0,60,A
3-PA,2064,60,0,0,0,60,A
3-PA,2065,0,0,59,0,59,G
3-PA,2066,0,0,0,59,59,C
3-PA,2067,56,0,0,0,56,A
3-PA,2068,57,0,0,0,57,A
3-PA,2069,0,57,0,0,57,T
3-PA,2070,0,56,0,0,56,T
3-PA,2071,0,0,56,0,56,G
3-PA,2072,56,0,0,0,56,A
3-PA,2073,0,0,56,0,56,G
3-PA,2074,0,0,56,0,56,G
3-PA,2075,53,0,0,0,53,A
3-PA,2076,0,0,55,0,55,G
3-PA,2077,0,52,0,0,52,T
3-PA,2078,0,0,52,0,52,G
3-PA,2079,0,0,0,52,52,C
3-PA,2080,0,0,0,51,51,C
3-PA,2081,0,52,0,0,52,T
3-PA,2082,0,0,52,0,52,G
3-PA,2083,52,0,0,0,52,A
3-PA,2084,0,51,0,0,51,T
3-PA,2085,0,49,0,0,49,T
3-PA,2086,49,0,0,0,49,A
3-PA,2087,50,0,0,0,50,A
3-PA,2088,0,48,0,0,48,T
3-PA,2089,0,0,47,0,47,G
3-PA,2090,47,0,1,0,48,A
3-PA,2091,0,48,0,0,48,T
3-PA,2092,1,0,0,45,46,C
3-PA,2093,0,0,0,48,48,C
3-PA,2094,0,0,0,48,48,C
3-PA,2095,0,48,0,0,48,T
3-PA,2096,0,0,48,0,48,G
3-PA,2097,0,0,49,0,49,G
3-PA,2098,0,0,50,0,50,G
3-PA,2099,0,49,0,0,49,T
3-PA,2100,0,47,0,0,47,T
3-PA,2101,0,47,0,0,47,T
3-PA,2102,0,46,0,0,46,T
3-PA,2103,0,0,48,0,48,G
3-PA,2104,0,0,0,48,48,C
3-PA,2105,0,46,1,0,47,T
3-PA,2106,0,0,0,46,46,C
3-PA,2107,44,0,0,0,44,A
3-PA,2108,45,0,0,0,45,A
3-PA,2109,0,45,0,0,45,T
3-PA,2110,0,0,45,0,45,G
3-PA,2111,0,0,0,44,44,C
3-PA,2112,0,0,43,0,43,G
3-PA,2113,0,43,0,0,43,T
3-PA,2114,1,0,0,42,43,C
3-PA,2115,0,43,0,0,43,T
3-PA,2116,0,43,0,0,43,T
3-PA,2117,0,0,43,0,43,G
3-PA,2118,0,0,43,0,43,G
3-PA,2119,0,44,0,0,44,T
3-PA,2120,0,44,0,0,44,T
3-PA,2121,1,0,0,41,42,C
3-PA,2122,40,0,0,0,40,A
3-PA,2123,40,0,0,0,40,A
3-PA,2124,0,0,0,39,39,C
3-PA,2125,0,38,0,0,38,T
3-PA,2126,0,0,0,39,39,C
3-PA,2127,0,0,0,36,36,C
3-PA,2128,0,35,0,1,36,T
3-PA,2129,0,36,0,0,36,T
3-PA,2130,0,0,0,36,36,C
3-PA,2131,0,0,0,36,36,C
3-PA,2132,0,36,0,0,36,T
3-PA,2133,0,0,36,0,36,G
3-PA,2134,36,0,0,0,36,A
3-PA,2135,0,0,0,35,35,C
3-PA,2136,35,0,0,0,35,A
3-PA,2137,0,0,0,34,34,C
3-PA,2138,33,0,0,0,33,A
3-PA,2139,0,32,0,0,32,T
3-PA,2140,0,0,32,0,32,G
3-PA,2141,0,0,0,32,32,C
3-PA,2142,32,0,0,0,32,A
3-PA,2143,0,32,0,0,32,T
3-PA,2144,0,31,0,0,31,T
3-PA,2145,31,0,0,0,31,A
3-PA,2146,31,0,0,0,31,A
3-PA,2147,31,0,0,0,31,A
3-PA,2148,31,0,0,0,31,A
3-PA,2149,0,31,0,0,31,T
3-PA,2150,22,0,0,0,22,A
3-PA,2151,0,0,21,0,21,G
4-HA,1,365,0,0,0,365,A
4-HA,2,0,367,0,0,367,T
4-HA,3,0,0,378,0,378,G
4-HA,4,378,1,0,0,379,A
4-HA,5,384,0,1,0,385,A
4-HA,6,0,3,410,0,413,G
4-HA,7,413,0,0,0,413,A
4-HA,8,0,0,0,463,463,C
4-HA,9,0,469,0,0,469,T
4-HA,10,483,0,0,0,483,A
4-HA,11,0,499,0,0,499,T
4-HA,12,1,0,0,502,503,C
4-HA,13,502,0,2,0,504,A
4-HA,14,0,505,0,0,505,T
4-HA,15,0,507,0,0,507,T
4-HA,16,1,1,542,0,544,G
4-HA,17,1,1,0,541,543,C
4-HA,18,0,544,0,0,544,T
4-HA,19,0,543,0,0,543,T
4-HA,20,1,545,0,0,546,T
4-HA,21,0,7,570,0,577,G
4-HA,22,577,0,1,0,578,A
4-HA,23,0,0,613,0,613,G
4-HA,24,0,0,0,612,612,C
4-HA,25,0,614,0,0,614,T
4-HA,26,656,0,0,0,656,A
4-HA,27,0,0,0,667,667,C
4-HA,28,681,0,0,0,681,A
4-HA,29,0,717,0,0,717,T
4-HA,30,0,718,1,0,719,T
4-HA,31,5,0,0,728,733,C
4-HA,32,0,732,0,0,732,T
4-HA,33,749,0,0,0,749,A
4-HA,34,0,754,0,0,754,T
4-HA,35,0,0,769,0,769,G
4-HA,36,1,765,0,2,768,T
4-HA,37,3,0,0,760,763,C
4-HA,38,0,760,0,3,763,T
4-HA,39,0,2,763,0,765,G
4-HA,40,0,0,766,0,766,G
4-HA,41,0,765,0,0,765,T
4-HA,42,0,766,0,1,767,T
4-HA,43,0,765,0,1,766,T
4-HA,44,0,768,0,0,768,T
4-HA,45,5,0,0,763,768,C
4-HA,46,3,1,763,0,767,G
4-HA,47,1,0,0,781,782,C
4-HA,48,1,776,0,4,781,T
4-HA,49,7,0,0,781,788,C
4-HA,50,789,0,0,0,789,A
4-HA,51,790,0,0,0,790,A
4-HA,52,791,0,0,0,791,A
4-HA,53,790,0,1,0,791,A
4-HA,54,792,0,0,0,792,A
4-HA,55,0,0,0,803,803,C
4-HA,56,0,802,0,0,802,T
4-HA,57,0,809,0,0,809,T
4-HA,58,5,0,0,804,809,C
4-HA,59,1,0,1,807,809,C
4-HA,60,0,808,0,1,809,T
4-HA,61,0,3,823,0,826,G
4-HA,62,0,5,821,0,826,G
4-HA,63,826,0,0,0,826,A
4-HA,64,842,0,0,0,842,A
4-HA,65,841,0,1,0,842,A
4-HA,66,0,859,0,0,859,T
4-HA,67,0,14,856,0,870,G
4-HA,68,871,0,0,0,871,A
4-HA,69,0,0,0,881,881,C
4-HA,70,880,0,0,0,880,A
4-HA,71,879,0,2,0,881,A
4-HA,72,0,0,0,906,906,C
4-HA,73,904,0,0,0,904,A
4-HA,74,0,1,917,0,918,G
4-HA,75,0,1,0,917,918,C
4-HA,76,920,0,2,0,922,A
4-HA,77,0,13,0,928,941,C
4-HA,78,0,6,931,0,937,G
4-HA,79,0,1,952,0,953,G
4-HA,80,0,1,0,959,960,C
4-HA,81,951,0,0,0,951,A
4-HA,82,971,0,0,0,971,A
4-HA,83,0,2,0,977,979,C
4-HA,84,2,1,993,0,996,G
4-HA,85,0,0,0,998,998,C
4-HA,86,0,991,0,4,995,T
4-HA,87,2,0,1009,0,1011,G
4-HA,88,0,1007,0,1,1008,T
4-HA,89,2,1,1058,0,1061,G
4-HA,90,3,1,0,1077,1081,C
4-HA,91,1,0,0,1108,1109,C
4-HA,92,0,1100,0,1,1101,T
4-HA,93,0,1095,1,3,1099,T
4-HA,94,0,12,1085,0,1097,G
4-HA,95,0,10,1098,0,1108,G
4-HA,96,0,3,1122,0,1125,G
4-HA,97,0,0,0,1137,1137,C
4-HA,98,1130,0,4,0,1134,A
4-HA,99,0,1,1,1151,1153,C
4-HA,100,10,0,0,1134,1144,C
4-HA,101,1248,0,1,0,1249,A
4-HA,102,0,1252,0,0,1252,T
4-HA,103,0,1,1257,0,1258,G
4-HA,104,1,0,0,1261,1262,C
4-HA,105,1240,0,6,0,1246,A
4-HA,106,0,0,1330,0,1330,G
4-HA,107,0,1333,0,0,1333,T
4-HA,108,1341,0,2,0,1343,A
4-HA,109,0,0,0,1341,1341,C
4-HA,110,9,1,0,1300,1310,C
4-HA,111,1319,0,2,0,1321,A
4-HA,112,1312,0,0,0,1312,A
4-HA,113,1316,1,0,0,1317,A
4-HA,114,0,4,0,1321,1325,C
4-HA,115,1,7,1292,0,1300,G
4-HA,116,1,20,1316,0,1337,G
4-HA,117,1323,1,6,0,1330,A
4-HA,118,1332,0,2,0,1334,A
4-HA,119,0,0,0,1332,1332,C
4-HA,120,1320,0,1,1,1322,A
4-HA,121,1348,0,1,0,1349,A
4-HA,122,1,1347,0,2,1350,T
4-HA,123,1362,0,2,0,1364,A
4-HA,124,0,1,1362,0,1363,G
4-HA,125,0,1346,0,0,1346,T
4-HA,126,1,19,1330,0,1350,G
4-HA,127,1345,0,2,0,1347,A
4-HA,128,1352,1,0,0,1353,A
4-HA,129,1352,1,1,0,1354,A
4-HA,130,1340,1,1,0,1342,A
4-HA,131,0,1,0,1357,1358,C
4-HA,132,1366,0,2,0,1368,A
4-HA,133,1375,0,1,0,1376,A
4-HA,134,0,1376,0,2,1378,T
4-HA,135,12,0,0,1363,1375,C
4-HA,136,1379,0,0,0,1379,A
4-HA,137,0,0,0,1385,1385,C
4-HA,138,1,14,1372,1,1388,G
4-HA,139,1384,0,1,0,1385,A
4-HA,140,1380,0,3,0,1383,A
4-HA,141,1,1384,0,0,1385,T
4-HA,142,1,25,1357,0,1383,G
4-HA,143,1392,1,6,0,1399,A
4-HA,144,0,2,0,1403,1405,C
4-HA,145,14,0,0,1390,1404,C
4-HA,146,1416,0,0,0,1416,A
4-HA,147,1421,0,1,0,1422,A
4-HA,148,1423,0,0,0,1423,A
4-HA,149,0,1423,0,0,1423,T
4-HA,150,0,1424,0,0,1424,T
4-HA,151,0,15,1420,0,1435,G
4-HA,152,1428,0,2,0,1430,A
4-HA,153,1434,0,1,1,1436,A
4-HA,154,0,0,1443,1,1444,G
4-HA,155,1,1442,0,4,1447,T
4-HA,156,0,1475,0,0,1475,T
4-HA,157,1488,0,1,0,1489,A
4-HA,158,1,0,0,1490,1491,C
4-HA,159,0,1495,0,0,1495,T
4-HA,160,1497,0,0,0,1497,A
4-HA,161,1520,0,1,0,1521,A
4-HA,162,0,1513,0,1,1514,T
4-HA,163,2,1,1513,0,1516,G
4-HA,164,1,0,0,1553,1554,C
4-HA,165,0,1543,0,2,1545,T
4-HA,166,1549,0,2,0,1551,A
4-HA,167,2,0,0,1547,1549,C
4-HA,168,0,1539,0,2,1541,T
4-HA,169,0,18,1532,0,1550,G
4-HA,170,1537,1,2,0,1540,A
4-HA,171,0,2,1541,0,1543,G
4-HA,172,1,0,0,1539,1540,C
4-HA,173,0,1516,0,0,1516,T
4-HA,174,0,6,1558,0,1564,G
4-HA,175,0,0,1598,0,1598,G
4-HA,176,0,1598,0,0,1598,T
4-HA,177,0,1590,0,3,1593,T
4-HA,178,7,1,0,1582,1590,C
4-HA,179,1575,1,0,0,1576,A
4-HA,180,0,15,1573,0,1588,G
4-HA,181,1588,0,1,0,1589,A
4-HA,182,0,1,1625,0,1626,G
4-HA,183,0,1611,0,0,1611,T
4-HA,184,0,1590,0,1,1591,T
4-HA,185,21,1,0,1578,1600,C
4-HA,186,4,1,0,1600,1605,C
4-HA,187,0,1602,0,0,1602,T
4-HA,188,5,0,0,1601,1606,C
4-HA,189,1601,1,2,0,1604,A
4-HA,190,1608,0,1,0,1609,A
4-HA,191,1,1,0,1613,1615,C
4-HA,192,1599,1,1,0,1601,A
4-HA,193,1,8,1608,0,1617,G
4-HA,194,0,0,1611,0,1611,G
4-HA,195,0,1610,0,1,1611,T
4-HA,196,0,17,1592,1,1610,G
4-HA,197,1611,0,1,0,1612,A
4-HA,198,1610,0,2,0,1612,A
4-HA,199,1643,2,0,1,1646,A
4-HA,200,0,1633,0,0,1633,T
4-HA,201,1643,0,4,0,1647,A
4-HA,202,0,1633,0,0,1633,T
4-HA,203,1,1,1630,0,1632,G
4-HA,204,3,3,0,1642,1648,C
4-HA,205,0,29,1615,0,1644,G
4-HA,206,1647,0,2,0,1649,A
4-HA,207,0,1,0,1649,1650,C
4-HA,208,1612,0,1,0,1613,A
4-HA,209,0,0,1712,0,1712,G
4-HA,210,1,1699,0,1,1701,T
4-HA,211,15,1,0,1703,1719,C
4-HA,212,15,0,0,1707,1722,C
4-HA,213,0,1706,0,1,1707,T
4-HA,214,19,0,0,1713,1732,C
4-HA,215,1728,1,0,0,1729,A
4-HA,216,0,1727,0,0,1727,T
4-HA,217,13,0,1,1718,1732,C
4-HA,218,1669,0,4,0,1673,A
4-HA,219,1,7,1674,0,1682,G
4-HA,220,1673,0,1,0,1674,A
4-HA,221,0,1671,0,2,1673,T
4-HA,222,9,0,0,1681,1690,C
4-HA,223,14,0,0,1666,1680,C
4-HA,224,0,1685,0,1,1686,T
4-HA,225,0,1683,0,3,1686,T
4-HA,226,1,6,1681,1,1689,G
4-HA,227,1698,0,0,0,1698,A
4-HA,228,0,1694,0,1,1695,T
4-HA,229,1,6,1710,0,1717,G
4-HA,230,0,13,1698,1,1712,G
4-HA,231,1697,0,3,0,1700,A
4-HA,232,0,7,1694,0,1701,G
4-HA,233,1675,0,3,1,1679,A
4-HA,234,0,22,1645,0,1667,G
4-HA,235,1698,0,1,0,1699,A
4-HA,236,1705,0,5,0,1710,A
4-HA,237,0,1,0,1726,1727,C
4-HA,238,0,1704,0,2,1706,T
4-HA,239,2,2,1726,0,1730,G
4-HA,240,2,2,0,1723,1727,C
4-HA,241,1721,2,0,0,1723,A
4-HA,242,2,2,0,1766,1770,C
4-HA,243,1758,1,1,0,1760,A
4-HA,244,0,0,0,1939,1939,C
4-HA,245,0,1920,0,1,1921,T
4-HA,246,1932,0,0,0,1932,A
4-HA,247,1930,0,0,0,1930,A
4-HA,248,0,1925,0,1,1926,T
4-HA,249,1918,0,0,1,1919,A
4-HA,250,0,3,1921,0,1924,G
4-HA,251,1890,0,2,0,1892,A
4-HA,252,1,1880,0,1,1882,T
4-HA,253,0,3,1802,0,1805,G
4-HA,254,2,0,0,1825,1827,C
4-HA,255,0,1811,0,3,1814,T
4-HA,256,10,0,0,1921,1931,C
4-HA,257,0,1925,0,1,1926,T
4-HA,258,1976,1,1,0,1978,A
4-HA,259,0,1979,1,0,1980,T
4-HA,260,0,1977,0,0,1977,T
4-HA,261,1,20,1953,2,1976,G
4-HA,262,1,8,1951,0,1960,G
4-HA,263,1,18,1945,1,1965,G
4-HA,264,1936,0,1,0,1937,A
4-HA,265,0,11,1881,1,1893,G
4-HA,266,1856,0,4,0,1860,A
4-HA,267,2,1,1,2024,2028,C
4-HA,268,15,0,0,2078,2093,C
4-HA,269,36,0,0,2090,2126,C
4-HA,270,0,2125,0,1,2126,T
4-HA,271,15,0,0,2143,2158,C
4-HA,272,2157,0,2,0,2159,A
4-HA,273,1828,0,352,0,2180,A
4-HA,274,0,2230,0,2,2232,T
4-HA,275,3,3,2249,0,2255,G
4-HA,276,1,2256,0,3,2260,T
4-HA,277,1,24,2228,0,2253,G
4-HA,278,2243,2,3,0,2248,A
4-HA,279,1,2239,2,4,2246,T
4-HA,280,0,22,2201,0,2223,G
4-HA,281,0,2,2223,0,2225,G
4-HA,282,0,0,0,2209,2209,C
4-HA,283,0,2209,1,2,2212,T
4-HA,284,1,2207,0,2,2210,T
4-HA,285,12,1,0,2195,2208,C
4-HA,286,12,1,0,2196,2209,C
4-HA,287,2203,1,1,2,2207,A
4-HA,288,2215,0,3,0,2218,A
4-HA,289,2211,1,0,0,2212,A
4-HA,290,2229,0,0,0,2229,A
4-HA,291,0,2238,0,0,2238,T
4-HA,292,2230,0,0,0,2230,A
4-HA,293,2227,0,2,0,2229,A
4-HA,294,0,7,2249,1,2257,G
4-HA,295,2272,0,0,0,2272,A
4-HA,296,2273,0,0,0,2273,A
4-HA,297,2278,0,1,0,2279,A
4-HA,298,0,2282,0,1,2283,T
4-HA,299,0,25,2251,1,2277,G
4-HA,300,1,14,2263,1,2279,G
4-HA,301,2,25,2252,0,2279,G
4-HA,302,2279,0,4,0,2283,A
4-HA,303,0,0,0,2293,2293,C
4-HA,304,7,1,0,2303,2311,C
4-HA,305,0,2335,0,3,2338,T
4-HA,306,0,2334,0,2,2336,T
4-HA,307,1,2326,1,1,2329,T
4-HA,308,1,2345,0,0,2346,T
4-HA,309,0,2351,0,1,2352,T
4-HA,310,1,1,2363,0,2365,G
4-HA,311,0,2363,0,0,2363,T
4-HA,312,0,2356,0,0,2356,T
4-HA,313,2,37,2325,0,2364,G
4-HA,314,2334,1,4,0,2339,A
4-HA,315,2352,0,2,0,2354,A
4-HA,316,0,3,0,2353,2356,C
4-HA,317,0,2,2347,0,2349,G
4-HA,318,1,0,0,2393,2394,C
4-HA,319,2392,0,0,0,2392,A
4-HA,320,2,4,2407,0,2413,G
4-HA,321,5,0,0,2414,2419,C
4-HA,322,2412,0,3,0,2415,A
4-HA,323,2415,0,0,0,2415,A
4-HA,324,2413,0,7,0,2420,A
4-HA,325,1,0,2532,0,2533,G
4-HA,326,1,1,0,2534,2536,C
4-HA,327,12,0,0,2517,2529,C
4-HA,328,1,2518,0,3,2522,T
4-HA,329,2531,0,0,0,2531,A
4-HA,330,0,4,0,2552,2556,C
4-HA,331,2549,0,2,0,2551,A
4-HA,332,0,3,2558,1,2562,G
4-HA,333,0,1,0,2547,2548,C
4-HA,334,2499,0,1,0,2500,A
4-HA,335,2528,1,8,0,2537,A
4-HA,336,0,1,0,2646,2647,C
4-HA,337,0,2632,1,0,2633,T
4-HA,338,0,3,2638,0,2641,G
4-HA,339,1,2622,0,1,2624,T
4-HA,340,0,2620,0,0,2620,T
4-HA,341,2623,0,0,0,2623,A
4-HA,342,2,0,0,2802,2804,C
4-HA,343,17,0,0,2800,2817,C
4-HA,344,27,1,0,2862,2890,C
4-HA,345,0,2816,0,2,2818,T
4-HA,346,0,2817,0,0,2817,T
4-HA,347,2824,0,0,0,2824,A
4-HA,348,0,2810,1,1,2812,T
4-HA,349,2,12,2804,0,2818,G
4-HA,350,2807,0,2,0,2809,A
4-HA,351,0,2655,0,0,2655,T
4-HA,352,3,1,2703,0,2707,G
4-HA,353,0,2655,0,0,2655,T
4-HA,354,1,2,2669,1,2673,G
4-HA,355,0,0,0,2670,2670,C
4-HA,356,16,9,0,2631,2656,C
4-HA,357,9,11,2694,0,2714,G
4-HA,358,0,10,2736,0,2746,G
4-HA,359,2750,0,0,0,2750,A
4-HA,360,0,2747,0,3,2750,T
4-HA,361,0,2715,1,0,2716,T
4-HA,362,2734,0,1,0,2735,A
4-HA,363,1,2724,0,3,2728,T
4-HA,364,0,2,2737,0,2739,G
4-HA,365,2,2,0,2735,2739,C
4-HA,366,6,1,0,2716,2723,C
4-HA,367,0,2742,0,1,2743,T
4-HA,368,11,1,0,2870,2882,C
4-HA,369,15,0,0,2885,2900,C
4-HA,370,38,1,0,2872,2911,C
4-HA,371,1,2899,0,0,2900,T
4-HA,372,0,2911,0,2,2913,T
4-HA,373,2906,0,0,1,2907,A
4-HA,374,1,11,2964,0,2976,G
4-HA,375,3,0,2987,0,2990,G
4-HA,376,2,2950,0,5,2957,T
4-HA,377,46,8,1,2845,2900,C
4-HA,378,2871,0,2,0,2873,A
4-HA,379,1,0,0,2940,2941,C
4-HA,380,0,2938,0,1,2939,T
4-HA,381,2936,1,0,0,2937,A
4-HA,382,1,2,2935,0,2938,G
4-HA,383,1,2891,0,2,2894,T
4-HA,384,0,2882,0,1,2883,T
4-HA,385,2,4,2902,0,2908,G
4-HA,386,4,0,0,2897,2901,C
4-HA,387,12,0,0,2900,2912,C
4-HA,388,1,2872,0,1,2874,T
4-HA,389,17,0,0,2878,2895,C
4-HA,390,2995,0,2,0,2997,A
4-HA,391,1,3000,0,1,3002,T
4-HA,392,9,0,0,2993,3002,C
4-HA,393,19,12,0,2983,3014,C
4-HA,394,10,26,2955,1,2992,G
4-HA,395,0,5,2993,1,2999,G
4-HA,396,0,2,0,3005,3007,C
4-HA,397,3035,0,0,0,3035,A
4-HA,398,0,3,0,3073,3076,C
4-HA,399,2993,1,1,1,2996,A
4-HA,400,1,1,0,3010,3012,C
4-HA,401,0,3000,0,2,3002,T
4-HA,402,0,9,3013,1,3023,G
4-HA,403,1,16,3023,0,3040,G
4-HA,404,3021,0,5,0,3026,A
4-HA,405,1,3,3061,0,3065,G
4-HA,406,0,3027,0,2,3029,T
4-HA,407,0,3014,0,1,3015,T
4-HA,408,1,3018,1,8,3028,T
4-HA,409,3020,1,0,1,3022,A
4-HA,410,3030,0,4,0,3034,A
4-HA,411,2,1,0,3053,3056,C
4-HA,412,2997,0,1,0,2998,A
4-HA,413,3005,1,4,0,3010,A
4-HA,414,1,3002,0,0,3003,T
4-HA,415,0,30,2978,0,3008,G
4-HA,416,2996,0,2,1,2999,A
4-HA,417,2995,0,2,2,2999,A
4-HA,418,3002,0,4,0,3006,A
4-HA,419,0,3,3017,0,3020,G
4-HA,420,6,1,0,3027,3034,C
4-HA,421,0,3025,1,3,3029,T
4-HA,422,2,3020,0,1,3023,T
4-HA,423,12,1,1,3043,3057,C
4-HA,424,3058,0,1,0,3059,A
4-HA,425,3064,0,0,0,3064,A
4-HA,426,0,3063,0,1,3064,T
4-HA,427,2,3061,0,0,3063,T
4-HA,428,3,26,3115,1,3145,G
4-HA,429,1,33,3159,0,3193,G
4-HA,430,3188,0,5,0,3193,A
4-HA,431,1,1,0,3194,3196,C
4-HA,432,0,3165,1,2,3168,T
4-HA,433,4,11,3180,0,3195,G
4-HA,434,0,32,3178,0,3210,G
4-HA,435,3203,1,7,0,3211,A
4-HA,436,2,0,3213,0,3215,G
4-HA,437,0,3146,0,12,3158,T
4-HA,438,47,1,1,3070,3119,C
4-HA,439,3154,2,1,0,3157,A
4-HA,440,0,1,0,3171,3172,C
4-HA,441,0,3166,0,3,3169,T
4-HA,442,41,1,0,3131,3173,C
4-HA,443,3153,0,0,1,3154,A
4-HA,444,3175,1,3,0,3179,A
4-HA,445,3169,0,2,0,3171,A
4-HA,446,3185,0,1,0,3186,A
4-HA,447,1,10,0,3182,3193,C
4-HA,448,5,18,3140,0,3163,G
4-HA,449,1,35,3174,1,3211,G
4-HA,450,3209,0,2,0,3211,A
4-HA,451,3202,0,7,0,3209,A
4-HA,452,2,1,0,3210,3213,C
4-HA,453,3193,0,3,1,3197,A
4-HA,454,3226,0,5,1,3232,A
4-HA,455,1,0,3246,0,3247,G
4-HA,456,0,1,0,3256,3257,C
4-HA,457,0,3227,0,2,3229,T
4-HA,458,26,0,0,3218,3244,C
4-HA,459,0,3233,0,2,3235,T
4-HA,460,2,1,3253,1,3257,G
4-HA,461,2,0,0,3258,3260,C
4-HA,462,0,3255,0,4,3259,T
4-HA,463,2,3321,0,3,3326,T
4-HA,464,3,1,3385,0,3389,G
4-HA,465,3,2,1,3413,3419,C
4-HA,466,3421,0,1,0,3422,A
4-HA,467,1,3400,0,1,3402,T
4-HA,468,3392,0,1,0,3393,A
4-HA,469,3372,2,3,0,3377,A
4-HA,470,0,16,3360,0,3376,G
4-HA,471,1,28,3355,0,3384,G
4-HA,472,3262,0,2,1,3265,A
4-HA,473,2,27,3221,0,3250,G
4-HA,474,3230,1,4,0,3235,A
4-HA,475,0,3347,0,2,3349,T
4-HA,476,18,0,0,3360,3378,C
4-HA,477,1,3394,1,1,3397,T
4-HA,478,3401,0,0,0,3401,A
4-HA,479,3394,0,1,0,3395,A
4-HA,480,0,3398,0,0,3398,T
4-HA,481,3391,0,2,0,3393,A
4-HA,482,3367,2,4,1,3374,A
4-HA,483,0,1,0,3398,3399,C
4-HA,484,3279,2,3,0,3284,A
4-HA,485,3,0,3334,0,3337,G
4-HA,486,1,3293,1,3,3298,T
4-HA,487,0,3335,0,2,3337,T
4-HA,488,0,3340,1,0,3341,T
4-HA,489,14,2,0,3401,3417,C
4-HA,490,0,3398,1,15,3414,T
4-HA,491,1,3427,1,1,3430,T
4-HA,492,0,3437,0,2,3439,T
4-HA,493,3419,0,0,0,3419,A
4-HA,494,0,2,3426,1,3429,G
4-HA,495,1,3419,1,0,3421,T
4-HA,496,3392,0,4,0,3396,A
4-HA,497,1,19,3391,0,3411,G
4-HA,498,3367,0,10,0,3377,A
4-HA,499,0,3374,0,0,3374,T
4-HA,500,1,3365,0,1,3367,T
4-HA,501,0,32,3416,0,3448,G
4-HA,502,3444,1,1,0,3446,A
4-HA,503,3443,2,2,0,3447,A
4-HA,504,1,3446,0,2,3449,T
4-HA,505,0,3419,0,2,3421,T
4-HA,506,0,29,3428,0,3457,G
4-HA,507,2,3,3453,0,3458,G
4-HA,508,1,3459,2,5,3467,T
4-HA,509,2,3447,0,5,3454,T
4-HA,510,3,44,3353,0,3400,G
4-HA,511,3395,2,6,0,3403,A
4-HA,512,2,1,0,3391,3394,C
4-HA,513,13,0,0,3374,3387,C
4-HA,514,36,3,0,3349,3388,C
4-HA,515,3368,3,2,0,3373,A
4-HA,516,2,2,0,3409,3413,C
4-HA,517,2,3411,0,1,3414,T
4-HA,518,1,3413,0,3,3417,T
4-HA,519,3417,0,0,1,3418,A
4-HA,520,3401,0,1,0,3402,A
4-HA,521,3406,0,1,0,3407,A
4-HA,522,3420,0,7,0,3427,A
4-HA,523,0,3466,0,3,3469,T
4-HA,524,0,3441,0,1,3442,T
4-HA,525,31,1,0,3422,3454,C
4-HA,526,3450,0,1,0,3451,A
4-HA,527,3453,0,1,0,3454,A
4-HA,528,3455,0,1,0,3456,A
4-HA,529,0,3455,0,2,3457,T
4-HA,530,3544,1,0,0,3545,A
4-HA,531,2,0,0,3546,3548,C
4-HA,532,21,1,0,3487,3509,C
4-HA,533,29,2,1,3476,3508,C
4-HA,534,3491,0,3,0,3494,A
4-HA,535,1,3,3619,0,3623,G
4-HA,536,5,1,0,3630,3636,C
4-HA,537,3634,0,1,0,3635,A
4-HA,538,0,3608,1,8,3617,T
4-HA,539,0,3569,0,1,3570,T
4-HA,540,2,71,3627,0,3700,G
4-HA,541,3709,0,4,0,3713,A
4-HA,542,3708,1,3,0,3712,A
4-HA,543,3,4,0,3705,3712,C
4-HA,544,1,2,3617,0,3620,G
4-HA,545,0,3643,0,3,3646,T
4-HA,546,0,40,3618,0,3658,G
4-HA,547,3652,2,6,0,3660,A
4-HA,548,1,4,0,3647,3652,C
4-HA,549,1,3557,0,0,3558,T
4-HA,550,3635,0,0,1,3636,A
4-HA,551,0,3626,2,3,3631,T
4-HA,552,3,4,3662,0,3669,G
4-HA,553,3,0,0,3652,3655,C
4-HA,554,29,1,1,3577,3608,C
4-HA,555,3616,0,2,1,3619,A
4-HA,556,3617,0,2,0,3619,A
4-HA,557,3662,0,6,3,3671,A
4-HA,558,2,3,1,3673,3679,C
4-HA,559,3599,0,0,1,3600,A
4-HA,560,3603,0,2,0,3605,A
4-HA,561,0,3576,0,2,3578,T
4-HA,562,9,72,3500,1,3582,G
4-HA,563,3572,1,4,0,3577,A
4-HA,564,3573,0,6,0,3579,A
4-HA,565,4,0,0,3499,3503,C
4-HA,566,3529,2,0,0,3531,A
4-HA,567,3541,0,1,0,3542,A
4-HA,568,0,3538,0,0,3538,T
4-HA,569,0,3538,0,1,3539,T
4-HA,570,0,3542,1,0,3543,T
4-HA,571,0,59,3482,0,3541,G
4-HA,572,3542,0,4,0,3546,A
4-HA,573,3,1,1,3546,3551,C
4-HA,574,3534,0,0,0,3534,A
4-HA,575,3545,0,0,0,3545,A
4-HA,576,3579,0,1,0,3580,A
4-HA,577,1,3594,0,0,3595,T
4-HA,578,1,3596,0,0,3597,T
4-HA,579,2,0,3633,0,3635,G
4-HA,580,0,3630,0,1,3631,T
4-HA,581,3638,0,6,0,3644,A
4-HA,582,1,0,0,3713,3714,C
4-HA,583,3721,2,1,1,3725,A
4-HA,584,0,3782,0,1,3783,T
4-HA,585,1,3748,0,1,3750,T
4-HA,586,2,3730,0,1,3733,T
4-HA,587,1,37,3678,0,3716,G
4-HA,588,0,32,3678,0,3710,G
4-HA,589,1,30,3671,0,3702,G
4-HA,590,13,53,3649,0,3715,G
4-HA,591,2,21,3623,0,3646,G
4-HA,592,3,2,3725,2,3732,G
4-HA,593,0,3683,0,9,3692,T
4-HA,594,2,3699,0,5,3706,T
4-HA,595,29,2,1,3682,3714,C
4-HA,596,3724,0,2,0,3726,A
4-HA,597,1,1,0,3752,3754,C
4-HA,598,24,2,0,3723,3749,C
4-HA,599,3751,1,4,0,3756,A
4-HA,600,1,1,0,3787,3789,C
4-HA,601,12,0,0,3714,3726,C
4-HA,602,32,7,1,3669,3709,C
4-HA,603,0,44,3673,0,3717,G
4-HA,604,3,15,3849,0,3867,G
4-HA,605,1,1,3878,1,3881,G
4-HA,606,1,3855,0,0,3856,T
4-HA,607,3858,1,2,0,3861,A
4-HA,608,1,15,0,3825,3841,C
4-HA,609,43,20,3743,2,3808,G
4-HA,610,0,31,3832,0,3863,G
4-HA,611,3867,0,4,0,3871,A
4-HA,612,1,0,0,3867,3868,C
4-HA,613,3663,0,1,1,3665,A
4-HA,614,3651,0,7,1,3659,A
4-HA,615,0,3654,1,1,3656,T
4-HA,616,0,63,3640,0,3703,G
4-HA,617,3701,2,5,0,3708,A
4-HA,618,1,1,0,3708,3710,C
4-HA,619,30,0,0,3622,3652,C
4-HA,620,3660,0,0,0,3660,A
4-HA,621,3645,0,2,1,3648,A
4-HA,622,3703,0,1,0,3704,A
4-HA,623,0,3698,0,2,3700,T
4-HA,624,20,0,0,3711,3731,C
4-HA,625,1,3661,1,6,3669,T
4-HA,626,0,3661,0,2,3663,T
4-HA,627,10,0,0,3681,3691,C
4-HA,628,10,1,1,3701,3713,C
4-HA,629,0,3693,0,5,3698,T
4-HA,630,0,0,3742,0,3742,G
4-HA,631,2,3684,0,2,3688,T
4-HA,632,3720,2,0,0,3722,A
4-HA,633,2,3692,0,1,3695,T
4-HA,634,5,4,3720,1,3730,G
4-HA,635,2,1,0,3743,3746,C
4-HA,636,0,3716,0,8,3724,T
4-HA,637,61,1,0,3657,3719,C
4-HA,638,3716,1,1,0,3718,A
4-HA,639,3718,2,2,0,3722,A
4-HA,640,11,0,3725,1,3737,G
4-HA,641,7,4,0,3743,3754,C
4-HA,642,3756,0,1,0,3757,A
4-HA,643,0,3728,0,3,3731,T
4-HA,644,20,0,0,3698,3718,C
4-HA,645,3707,0,8,0,3715,A
4-HA,646,1,13,3727,0,3741,G
4-HA,647,1,9,3743,0,3753,G
4-HA,648,3754,0,1,0,3755,A
4-HA,649,3725,0,8,0,3733,A
4-HA,650,1,36,3739,0,3776,G
4-HA,651,3769,0,1,1,3771,A
4-HA,652,3808,2,3,0,3813,A
4-HA,653,0,3847,0,1,3848,T
4-HA,654,44,2,1,3799,3846,C
4-HA,655,3828,0,6,0,3834,A
4-HA,656,1,3,1,3842,3847,C
4-HA,657,3823,0,2,1,3826,A
4-HA,658,0,1,3899,2,3902,G
4-HA,659,1,3843,0,3,3847,T
4-HA,660,30,0,2,3840,3872,C
4-HA,661,0,3823,0,1,3824,T
4-HA,662,24,1,2,3878,3905,C
4-HA,663,1,3918,0,2,3921,T
4-HA,664,3936,2,3,0,3941,A
4-HA,665,3,1,0,3929,3933,C
4-HA,666,35,2,0,3897,3934,C
4-HA,667,3872,0,1,0,3873,A
4-HA,668,3879,0,2,0,3881,A
4-HA,669,3864,0,0,1,3865,A
4-HA,670,3858,1,5,0,3864,A
4-HA,671,0,12,3846,0,3858,G
4-HA,672,3780,0,3,0,3783,A
4-HA,673,3778,1,3,0,3782,A
4-HA,674,4,7,3772,1,3784,G
4-HA,675,1,0,0,3793,3794,C
4-HA,676,30,0,0,3763,3793,C
4-HA,677,3800,0,3,0,3803,A
4-HA,678,3807,7,3,0,3817,A
4-HA,679,1,5,0,3807,3813,C
4-HA,680,3799,0,2,1,3802,A
4-HA,681,3809,0,2,8,3819,A
4-HA,682,3811,1,0,0,3812,A
4-HA,683,0,1,0,3902,3903,C
4-HA,684,0,3881,0,3,3884,T
4-HA,685,0,2,3889,0,3891,G
4-HA,686,0,3884,0,1,3885,T
4-HA,687,3880,0,1,0,3881,A
4-HA,688,3889,0,2,0,3891,A
4-HA,689,0,3872,0,1,3873,T
4-HA,690,23,0,0,3862,3885,C
4-HA,691,14,0,0,3871,3885,C
4-HA,692,45,4,0,3787,3836,C
4-HA,693,7,31,3806,0,3844,G
4-HA,694,3826,1,1,0,3828,A
4-HA,695,3840,1,3,0,3844,A
4-HA,696,0,3852,0,2,3854,T
4-HA,697,3870,0,1,0,3871,A
4-HA,698,1,3854,0,1,3856,T
4-HA,699,28,11,1,3789,3829,C
4-HA,700,6,30,3781,1,3818,G
4-HA,701,0,16,3906,1,3923,G
4-HA,702,3931,1,1,1,3934,A
4-HA,703,1,3950,0,3,3954,T
4-HA,704,22,0,0,3935,3957,C
4-HA,705,0,3951,0,5,3956,T
4-HA,706,3949,1,2,0,3952,A
4-HA,707,1,41,3927,0,3969,G
4-HA,708,3998,1,4,0,4003,A
4-HA,709,1,2,0,3996,3999,C
4-HA,710,20,1,2,3860,3883,C
4-HA,711,39,4,0,3848,3891,C
4-HA,712,3849,0,5,0,3854,A
4-HA,713,23,23,3999,1,4046,G
4-HA,714,4041,1,5,0,4047,A
4-HA,715,0,3,4089,0,4092,G
4-HA,716,0,4053,0,2,4055,T
4-HA,717,4018,0,2,0,4020,A
4-HA,718,4027,0,2,0,4029,A
4-HA,719,0,21,4057,0,4078,G
4-HA,720,0,26,4076,0,4102,G
4-HA,721,4072,0,0,0,4072,A
4-HA,722,3809,0,1,0,3810,A
4-HA,723,1,3775,1,12,3789,T
4-HA,724,3783,2,1,0,3786,A
4-HA,725,3,3773,0,6,3782,T
4-HA,726,18,1,0,3808,3827,C
4-HA,727,27,3,0,3781,3811,C
4-HA,728,37,1,0,3707,3745,C
4-HA,729,0,3722,0,5,3727,T
4-HA,730,3739,1,3,0,3743,A
4-HA,731,0,3,3753,0,3756,G
4-HA,732,5,2,0,3754,3761,C
4-HA,733,3686,0,1,1,3688,A
4-HA,734,0,19,3773,0,3792,G
4-HA,735,3718,2,11,1,3732,A
4-HA,736,3740,1,3,0,3744,A
4-HA,737,0,3742,0,1,3743,T
4-HA,738,3739,0,1,1,3741,A
4-HA,739,3738,0,6,0,3744,A
4-HA,740,3,2,3757,0,3762,G
4-HA,741,2,2,0,3756,3760,C
4-HA,742,3754,0,1,0,3755,A
4-HA,743,1,3653,1,1,3656,T
4-HA,744,7,0,0,3808,3815,C
4-HA,745,1,3803,1,0,3805,T
4-HA,746,3816,3,1,0,3820,A
4-HA,747,0,3819,0,2,3821,T
4-HA,748,0,3790,0,1,3791,T
4-HA,749,5,43,3769,0,3817,G
4-HA,750,0,26,3774,0,3800,G
4-HA,751,3794,0,7,0,3801,A
4-HA,752,2,3,0,3789,3794,C
4-HA,753,3503,1,0,0,3504,A
4-HA,754,3570,1,4,0,3575,A
4-HA,755,0,3733,0,1,3734,T
4-HA,756,3753,1,2,0,3756,A
4-HA,757,1,1,3788,0,3790,G
4-HA,758,2,3750,0,1,3753,T
4-HA,759,3741,0,1,0,3742,A
4-HA,760,3761,0,1,0,3762,A
4-HA,761,3816,0,1,0,3817,A
4-HA,762,3847,3,1,1,3852,A
4-HA,763,2,2,0,3880,3884,C
4-HA,764,15,14,0,3689,3718,C
4-HA,765,12,37,3661,1,3711,G
4-HA,766,4,17,3713,0,3734,G
4-HA,767,1,34,3741,1,3777,G
4-HA,768,3790,0,4,0,3794,A
4-HA,769,2,22,3799,0,3823,G
4-HA,770,3866,1,3,1,3871,A
4-HA,771,3,2,0,3877,3882,C
4-HA,772,3868,0,4,7,3879,A
4-HA,773,1,3885,0,2,3888,T
4-HA,774,3895,0,4,0,3899,A
4-HA,775,1,0,0,3967,3968,C
4-HA,776,0,3940,1,5,3946,T
4-HA,777,1,3971,2,3,3977,T
4-HA,778,0,3998,0,2,4000,T
4-HA,779,0,3973,0,0,3973,T
4-HA,780,1,45,3982,0,4028,G
4-HA,781,4038,0,1,0,4039,A
4-HA,782,1,4029,0,3,4033,T
4-HA,783,0,4168,0,1,4169,T
4-HA,784,4133,0,0,0,4133,A
4-HA,785,4173,1,2,0,4176,A
4-HA,786,0,1,0,4254,4255,C
4-HA,787,4240,0,3,0,4243,A
4-HA,788,0,8,4483,0,4491,G
4-HA,789,2,5,0,4473,4480,C
4-HA,790,4473,1,5,0,4479,A
4-HA,791,0,2,0,4516,4518,C
4-HA,792,4468,0,9,0,4477,A
4-HA,793,0,35,4498,2,4535,G
4-HA,794,2,29,4501,1,4533,G
4-HA,795,4,34,4608,0,4646,G
4-HA,796,4614,1,4,1,4620,A
4-HA,797,4665,0,2,0,4667,A
4-HA,798,1,4663,0,5,4669,T
4-HA,799,22,1,0,4667,4690,C
4-HA,800,0,4690,0,0,4690,T
4-HA,801,4710,0,0,0,4710,A
4-HA,802,4685,0,1,0,4686,A
4-HA,803,2,4682,0,0,4684,T
4-HA,804,0,4588,0,3,4591,T
4-HA,805,4,1,4646,0,4651,G
4-HA,806,4,1,0,4770,4775,C
4-HA,807,0,4899,0,7,4906,T
4-HA,808,66,2,0,4965,5033,C
4-HA,809,26,1,2,5006,5035,C
4-HA,810,0,5019,0,5,5024,T
4-HA,811,5038,0,0,0,5038,A
4-HA,812,0,41,5001,0,5042,G
4-HA,813,1,54,5025,0,5080,G
4-HA,814,3,27,5051,1,5082,G
4-HA,815,5,7,5024,0,5036,G
4-HA,816,1,4912,1,7,4921,T
4-HA,817,0,4882,0,2,4884,T
4-HA,818,4898,1,2,0,4901,A
4-HA,819,0,1,0,4988,4989,C
4-HA,820,0,4978,0,4,4982,T
4-HA,821,1,5018,0,3,5022,T
4-HA,822,24,0,0,4991,5015,C
4-HA,823,4985,0,0,0,4985,A
4-HA,824,4992,0,0,3,4995,A
4-HA,825,5013,1,0,0,5014,A
4-HA,826,5054,0,2,1,5057,A
4-HA,827,0,5055,1,1,5057,T
4-HA,828,5020,2,2,0,5024,A
4-HA,829,0,9,0,5009,5018,C
4-HA,830,3,42,4957,0,5002,G
4-HA,831,5002,0,4,1,5007,A
4-HA,832,5008,0,2,1,5011,A
4-HA,833,0,1,5089,1,5091,G
4-HA,834,0,5079,0,4,5083,T
4-HA,835,3,44,5054,1,5102,G
4-HA,836,3,27,5074,0,5104,G
4-HA,837,3,29,5093,0,5125,G
4-HA,838,5113,0,3,0,5116,A
4-HA,839,5116,0,2,1,5119,A
4-HA,840,5134,1,0,1,5136,A
4-HA,841,5115,0,7,0,5122,A
4-HA,842,1,0,5111,0,5112,G
4-HA,843,2,5014,0,4,5020,T
4-HA,844,0,5214,1,3,5218,T
4-HA,845,84,1,1,5145,5231,C
4-HA,846,5240,1,2,1,5244,A
4-HA,847,5281,1,0,1,5283,A
4-HA,848,2,5276,0,0,5278,T
4-HA,849,5333,2,5,0,5340,A
4-HA,850,5337,3,1,0,5341,A
4-HA,851,2,5238,0,2,5242,T
4-HA,852,10,69,5190,0,5269,G
4-HA,853,5240,1,6,0,5247,A
4-HA,854,0,52,5411,0,5463,G
4-HA,855,5471,0,3,0,5474,A
4-HA,856,0,5439,0,5,5444,T
4-HA,857,53,38,0,5467,5558,C
4-HA,858,5535,0,3,0,5538,A
4-HA,859,0,25,5650,0,5675,G
4-HA,860,5681,3,5,0,5689,A
4-HA,861,0,5665,0,2,5667,T
4-HA,862,2,8,5648,0,5658,G
4-HA,863,3,3,0,5569,5575,C
4-HA,864,5575,1,8,1,5585,A
4-HA,865,0,1,0,5745,5746,C
4-HA,866,28,0,0,5687,5715,C
4-HA,867,57,2,2,5670,5731,C
4-HA,868,5665,1,0,1,5667,A
4-HA,869,0,5646,0,6,5652,T
4-HA,870,0,5656,0,2,5658,T
4-HA,871,4,52,5685,1,5742,G
4-HA,872,3,4,5726,1,5734,G
4-HA,873,6,1,0,5731,5738,C
4-HA,874,5635,0,3,0,5638,A
4-HA,875,5620,0,3,0,5623,A
4-HA,876,5724,0,0,0,5724,A
4-HA,877,2,5713,0,2,5717,T
4-HA,878,1,6,5723,0,5730,G
4-HA,879,2,0,0,5717,5719,C
4-HA,880,5656,1,2,0,5659,A
4-HA,881,5778,0,1,0,5779,A
4-HA,882,0,5780,0,6,5786,T
4-HA,883,1,5808,0,4,5813,T
4-HA,884,39,0,0,5796,5835,C
4-HA,885,3,5750,0,5,5758,T
4-HA,886,3,42,5771,0,5816,G
4-HA,887,5816,1,1,1,5819,A
4-HA,888,5847,1,5,0,5853,A
4-HA,889,1,5843,0,5,5849,T
4-HA,890,2,5,5796,0,5803,G
4-HA,891,9,1,0,5842,5852,C
4-HA,892,5829,0,2,1,5832,A
4-HA,893,2,5830,0,1,5833,T
4-HA,894,48,1,0,5771,5820,C
4-HA,895,5811,2,4,0,5817,A
4-HA,896,3,0,0,6059,6062,C
4-HA,897,0,6031,0,4,6035,T
4-HA,898,60,2,0,5998,6060,C
4-HA,899,48,3,0,6001,6052,C
4-HA,900,6105,1,2,0,6108,A
4-HA,901,6104,2,4,0,6110,A
4-HA,902,6092,1,1,0,6094,A
4-HA,903,3,5873,1,1,5878,T
4-HA,904,3,60,5859,0,5922,G
4-HA,905,2,27,5912,0,5941,G
4-HA,906,5932,1,11,1,5945,A
4-HA,907,5905,4,16,0,5925,A
4-HA,908,1,8,5937,0,5946,G
4-HA,909,9,2,0,5885,5896,C
4-HA,910,5864,3,3,0,5870,A
4-HA,911,1,5881,0,6,5888,T
4-HA,912,0,5877,1,6,5884,T
4-HA,913,37,9,0,6069,6115,C
4-HA,914,37,2,1,6044,6084,C
4-HA,915,48,2,2,6035,6087,C
4-HA,916,6076,0,1,0,6077,A
4-HA,917,6181,0,4,1,6186,A
4-HA,918,0,6264,0,8,6272,T
4-HA,919,1,95,6179,1,6276,G
4-HA,920,6270,2,7,1,6280,A
4-HA,921,4,0,0,6274,6278,C
4-HA,922,6105,1,3,0,6109,A
4-HA,923,6123,0,2,1,6126,A
4-HA,924,6114,0,2,0,6116,A
4-HA,925,3,2,1,6158,6164,C
4-HA,926,50,1,1,6047,6099,C
4-HA,927,6020,1,5,0,6026,A
4-HA,928,0,6062,0,2,6064,T
4-HA,929,1,6064,0,3,6068,T
4-HA,930,40,2,1,6044,6087,C
4-HA,931,36,2,0,6062,6100,C
4-HA,932,6081,0,3,0,6084,A
4-HA,933,6074,0,13,0,6087,A
4-HA,934,6077,0,1,0,6078,A
4-HA,935,6159,1,12,0,6172,A
4-HA,936,1,6159,0,2,6162,T
4-HA,937,4,3,6133,0,6140,G
4-HA,938,1,6112,0,2,6115,T
4-HA,939,2,6093,3,1,6099,T
4-HA,940,6198,1,3,0,6202,A
4-HA,941,6198,3,6,0,6207,A
4-HA,942,3,1,1,6217,6222,C
4-HA,943,6182,0,2,0,6184,A
4-HA,944,2,38,6226,0,6266,G
4-HA,945,1,51,6291,0,6343,G
4-HA,946,6467,1,6,1,6475,A
4-HA,947,1,6467,0,8,6476,T
4-HA,948,55,3,1,6490,6549,C
4-HA,949,6586,1,3,1,6591,A
4-HA,950,3,7,0,6783,6793,C
4-HA,951,6798,0,3,0,6801,A
4-HA,952,1,6986,0,1,6988,T
4-HA,953,6894,0,4,0,6898,A
4-HA,954,2,18,0,6802,6822,C
4-HA,955,8,44,6565,1,6618,G
4-HA,956,3,41,6611,0,6655,G
4-HA,957,3,52,6559,0,6614,G
4-HA,958,5,5,6606,0,6616,G
4-HA,959,3,6,0,6457,6466,C
4-HA,960,23,2,0,6407,6432,C
4-HA,961,0,6280,0,13,6293,T
4-HA,962,4,2,6828,0,6834,G
4-HA,963,1,6849,1,13,6864,T
4-HA,964,61,1,1,6827,6890,C
4-HA,965,44,2,2,6841,6889,C
4-HA,966,63,5,0,6827,6895,C
4-HA,967,6872,2,5,0,6879,A
4-HA,968,1,22,6914,0,6937,G
4-HA,969,6919,2,5,1,6927,A
4-HA,970,0,6920,1,0,6921,T
4-HA,971,6503,0,4,1,6508,A
4-HA,972,1,6415,0,1,6417,T
4-HA,973,0,5,6437,0,6442,G
4-HA,974,2,6414,0,4,6420,T
4-HA,975,2,6334,0,1,6337,T
4-HA,976,6390,1,2,0,6393,A
4-HA,977,6336,0,4,1,6341,A
4-HA,978,0,4,6409,0,6413,G
4-HA,979,9,4,1,6406,6420,C
4-HA,980,6321,0,0,1,6322,A
4-HA,981,6317,2,5,2,6326,A
4-HA,982,6264,0,2,3,6269,A
4-HA,983,6280,1,6,3,6290,A
4-HA,984,0,1,0,6294,6295,C
4-HA,985,6257,2,1,2,6262,A
4-HA,986,1,2,0,6338,6341,C
4-HA,987,4,6258,0,5,6267,T
4-HA,988,62,1,0,6228,6291,C
4-HA,989,0,6279,0,3,6282,T
4-HA,990,2,44,6289,0,6335,G
4-HA,991,6334,0,3,1,6338,A
4-HA,992,6318,0,1,1,6320,A
4-HA,993,6333,1,6,1,6341,A
4-HA,994,0,6311,0,2,6313,T
4-HA,995,2,6272,1,3,6278,T
4-HA,996,2,55,6305,0,6362,G
4-HA,997,2,5,6337,0,6344,G
4-HA,998,6,3,1,6350,6360,C
4-HA,999,6302,2,2,0,6306,A
4-HA,1000,6291,0,19,1,6311,A
4-HA,1001,1,0,1,6326,6328,C
4-HA,1002,6297,1,3,1,6302,A
4-HA,1003,0,61,6308,1,6370,G
4-HA,1004,2,48,6290,0,6340,G
4-HA,1005,0,38,6294,0,6332,G
4-HA,1006,6318,1,19,1,6339,A
4-HA,1007,2,6305,0,2,6309,T
4-HA,1008,23,6,6289,0,6318,G
4-HA,1009,4,13,0,6298,6315,C
4-HA,1010,7,39,6296,0,6342,G
4-HA,1011,6407,3,6,0,6416,A
4-HA,1012,6319,0,4,1,6324,A
4-HA,1013,6382,2,5,0,6389,A
4-HA,1014,0,6315,0,1,6316,T
4-HA,1015,4,4,6391,0,6399,G
4-HA,1016,1,6395,1,3,6400,T
4-HA,1017,6371,2,2,1,6376,A
4-HA,1018,1,3,0,6372,6376,C
4-HA,1019,44,3,0,6307,6354,C
4-HA,1020,6258,3,2,0,6263,A
4-HA,1021,1,64,6223,1,6289,G
4-HA,1022,6178,1,4,1,6184,A
4-HA,1023,0,44,6204,0,6248,G
4-HA,1024,6160,3,5,1,6169,A
4-HA,1025,6156,1,5,1,6163,A
4-HA,1026,6182,0,8,0,6190,A
4-HA,1027,3,4,0,6185,6192,C
4-HA,1028,6143,1,0,0,6144,A
4-HA,1029,6231,2,1,1,6235,A
4-HA,1030,6214,0,6,1,6221,A
4-HA,1031,0,2,0,6255,6257,C
4-HA,1032,0,6215,0,3,6218,T
4-HA,1033,6130,2,1,0,6133,A
4-HA,1034,0,24,6126,0,6150,G
4-HA,1035,6091,3,12,0,6106,A
4-HA,1036,1,30,6170,0,6201,G
4-HA,1037,1,2,6178,0,6181,G
4-HA,1038,8,2,0,6101,6111,C
4-HA,1039,6102,0,3,0,6105,A
4-HA,1040,3,6110,0,3,6116,T
4-HA,1041,6147,1,3,0,6151,A
4-HA,1042,0,6117,0,6,6123,T
4-HA,1043,0,6106,2,0,6108,T
4-HA,1044,1,6105,0,4,6110,T
4-HA,1045,3,48,5879,1,5931,G
4-HA,1046,0,8,5928,0,5936,G
4-HA,1047,6,12,2,5901,5921,C
4-HA,1048,6,5,5908,0,5919,G
4-HA,1049,12,1,1,5855,5869,C
4-HA,1050,5841,1,2,0,5844,A
4-HA,1051,5912,0,5,0,5917,A
4-HA,1052,0,5906,0,5,5911,T
4-HA,1053,50,2,0,5866,5918,C
4-HA,1054,19,4,5892,2,5917,G
4-HA,1055,5,13,0,5871,5889,C
4-HA,1056,7,62,5822,2,5893,G
4-HA,1057,1,21,5915,1,5938,G
4-HA,1058,1,2,5960,0,5963,G
4-HA,1059,0,5930,0,4,5934,T
4-HA,1060,0,5841,0,2,5843,T
4-HA,1061,1,5830,0,2,5833,T
4-HA,1062,44,2,0,5800,5846,C
4-HA,1063,5856,1,2,0,5859,A
4-HA,1064,0,5869,0,2,5871,T
4-HA,1065,5858,2,3,0,5863,A
4-HA,1066,0,40,5899,0,5939,G
4-HA,1067,5847,1,1,0,5849,A
4-HA,1068,5845,1,6,1,5853,A
4-HA,1069,5847,0,0,0,5847,A
4-HA,1070,5891,0,2,0,5893,A
4-HA,1071,1,5883,2,2,5888,T
4-HA,1072,1,44,5907,1,5953,G
4-HA,1073,8,1,5975,0,5984,G
4-HA,1074,3,5935,0,4,5942,T
4-HA,1075,0,5839,0,3,5842,T
4-HA,1076,2,52,5796,0,5850,G
4-HA,1077,2,18,5880,0,5900,G
4-HA,1078,0,28,5907,0,5935,G
4-HA,1079,5877,0,8,2,5887,A
4-HA,1080,1,49,5857,0,5907,G
4-HA,1081,1,39,5822,1,5863,G
4-HA,1082,4,41,5984,0,6029,G
4-HA,1083,6002,0,7,2,6011,A
4-HA,1084,6105,0,11,0,6116,A
4-HA,1085,0,6120,0,2,6122,T
4-HA,1086,2,53,6062,0,6117,G
4-HA,1087,6,4,6216,0,6226,G
4-HA,1088,1,6146,0,7,6154,T
4-HA,1089,8,55,6089,0,6152,G
4-HA,1090,1,16,6092,1,6110,G
4-HA,1091,5990,2,13,0,6005,A
4-HA,1092,0,6027,1,3,6031,T
4-HA,1093,2,60,6042,0,6104,G
4-HA,1094,0,4,6202,0,6206,G
4-HA,1095,0,6133,1,2,6136,T
4-HA,1096,0,5956,0,8,5964,T
4-HA,1097,1,46,5931,1,5979,G
4-HA,1098,4,1,6060,0,6065,G
4-HA,1099,0,6051,1,7,6059,T
4-HA,1100,6049,2,3,0,6054,A
4-HA,1101,2,22,0,5751,5775,C
4-HA,1102,4,40,5774,0,5818,G
4-HA,1103,0,2,6018,0,6020,G
4-HA,1104,1,6002,11,8,6022,T
4-HA,1105,1,6000,1,2,6004,T
4-HA,1106,0,5978,1,3,5982,T
4-HA,1107,47,0,0,5879,5926,C
4-HA,1108,5903,0,13,0,5916,A
4-HA,1109,1,33,5889,0,5923,G
4-HA,1110,3,2,5912,1,5918,G
4-HA,1111,1,5,0,5889,5895,C
4-HA,1112,5715,1,1,1,5718,A
4-HA,1113,0,5736,0,5,5741,T
4-HA,1114,33,2,1,5707,5743,C
4-HA,1115,5755,0,0,0,5755,A
4-HA,1116,5766,0,1,0,5767,A
4-HA,1117,5754,0,3,2,5759,A
4-HA,1118,5781,0,1,0,5782,A
4-HA,1119,0,5774,1,1,5776,T
4-HA,1120,0,5768,0,4,5772,T
4-HA,1121,44,1,0,5735,5780,C
4-HA,1122,1,5743,0,3,5747,T
4-HA,1123,1,20,5729,0,5750,G
4-HA,1124,5734,1,3,0,5738,A
4-HA,1125,5697,1,4,0,5702,A
4-HA,1126,2,30,5730,0,5762,G
4-HA,1127,3,18,5789,0,5810,G
4-HA,1128,5791,0,4,0,5795,A
4-HA,1129,5788,0,10,0,5798,A
4-HA,1130,0,33,5719,0,5752,G
4-HA,1131,5810,0,14,1,5825,A
4-HA,1132,0,38,5829,0,5867,G
4-HA,1133,0,43,5849,0,5892,G
4-HA,1134,5898,0,4,1,5903,A
4-HA,1135,2,4,0,5885,5891,C
4-HA,1136,5849,0,4,0,5853,A
4-HA,1137,5837,0,11,1,5849,A
4-HA,1138,0,4,5860,0,5864,G
4-HA,1139,2,6,0,5869,5877,C
4-HA,1140,5827,2,0,0,5829,A
4-HA,1141,0,5,5833,0,5838,G
4-HA,1142,7,4,0,5804,5815,C
4-HA,1143,5803,0,2,0,5805,A
4-HA,1144,1,24,5851,0,5876,G
4-HA,1145,5843,1,3,0,5847,A
4-HA,1146,2,5936,0,4,5942,T
4-HA,1147,29,0,1,5932,5962,C
4-HA,1148,1,5922,2,8,5933,T
4-HA,1149,57,5,0,5911,5973,C
4-HA,1150,5936,0,1,0,5937,A
4-HA,1151,5945,0,1,0,5946,A
4-HA,1152,5940,0,3,0,5943,A
4-HA,1153,5856,0,5,0,5861,A
4-HA,1154,3,6,5872,0,5881,G
4-HA,1155,7,2,0,5767,5776,C
4-HA,1156,5740,1,6,0,5747,A
4-HA,1157,2,0,0,5858,5860,C
4-HA,1158,1,5804,1,12,5818,T
4-HA,1159,51,3,0,5786,5840,C
4-HA,1160,5834,1,1,1,5837,A
4-HA,1161,5917,3,8,0,5928,A
4-HA,1162,2,4,5926,0,5932,G
4-HA,1163,3,14,0,5908,5925,C
4-HA,1164,5870,4,4,1,5879,A
4-HA,1165,0,7,5903,0,5910,G
4-HA,1166,3,4,0,5817,5824,C
4-HA,1167,5781,2,2,1,5786,A
4-HA,1168,5777,2,0,0,5779,A
4-HA,1169,0,5760,1,1,5762,T
4-HA,1170,28,8,1,5570,5607,C
4-HA,1171,7,56,5583,0,5646,G
4-HA,1172,5632,2,4,0,5638,A
4-HA,1173,2,5621,0,5,5628,T
4-HA,1174,89,0,1,5500,5590,C
4-HA,1175,5568,0,3,0,5571,A
4-HA,1176,5703,1,3,0,5707,A
4-HA,1177,5724,1,2,0,5727,A
4-HA,1178,3,5720,0,1,5724,T
4-HA,1179,53,1,0,5687,5741,C
4-HA,1180,5651,1,5,0,5657,A
4-HA,1181,5706,0,4,0,5710,A
4-HA,1182,0,5701,0,0,5701,T
4-HA,1183,1,57,5652,0,5710,G
4-HA,1184,2,21,5669,0,5692,G
4-HA,1185,0,18,5603,1,5622,G
4-HA,1186,5617,2,7,2,5628,A
4-HA,1187,5608,0,7,1,5616,A
4-HA,1188,6,1,5681,0,5688,G
4-HA,1189,4,1,0,5696,5701,C
4-HA,1190,1,5669,1,7,5678,T
4-HA,1191,2,53,5849,0,5904,G
4-HA,1192,5892,0,7,0,5899,A
4-HA,1193,5894,0,7,0,5901,A
4-HA,1194,1,5900,0,3,5904,T
4-HA,1195,5771,1,2,0,5774,A
4-HA,1196,1,22,5738,0,5761,G
4-HA,1197,5364,1,3,0,5368,A
4-HA,1198,0,5398,0,4,5402,T
4-HA,1199,2,5398,1,4,5405,T
4-HA,1200,0,48,5388,0,5436,G
4-HA,1201,5406,0,4,0,5410,A
4-HA,1202,0,5397,0,2,5399,T
4-HA,1203,64,9,0,5345,5418,C
4-HA,1204,5,43,5346,1,5395,G
4-HA,1205,0,20,5364,2,5386,G
4-HA,1206,2,26,5374,0,5402,G
4-HA,1207,5389,1,7,0,5397,A
4-HA,1208,5380,0,3,1,5384,A
4-HA,1209,5359,1,5,1,5366,A
4-HA,1210,5352,0,33,0,5385,A
4-HA,1211,0,0,0,5398,5398,C
4-HA,1212,36,2,0,5356,5394,C
4-HA,1213,5342,0,8,0,5350,A
4-HA,1214,5346,0,3,0,5349,A
4-HA,1215,0,7,0,5350,5357,C
4-HA,1216,2,60,5300,0,5362,G
4-HA,1217,5366,0,2,0,5368,A
4-HA,1218,1,23,5345,0,5369,G
4-HA,1219,5351,0,7,0,5358,A
4-HA,1220,5354,0,2,0,5356,A
4-HA,1221,5358,1,7,0,5366,A
4-HA,1222,0,5393,1,3,5397,T
4-HA,1223,2,5381,0,11,5394,T
4-HA,1224,24,1,0,5383,5408,C
4-HA,1225,38,1,0,5344,5383,C
4-HA,1226,5373,3,8,0,5384,A
4-HA,1227,1,5370,0,1,5372,T
4-HA,1228,28,1,1,5341,5371,C
4-HA,1229,5346,1,1,0,5348,A
4-HA,1230,0,15,5364,1,5380,G
4-HA,1231,5339,0,3,1,5343,A
4-HA,1232,1,5338,0,4,5343,T
4-HA,1233,1,5306,0,4,5311,T
4-HA,1234,0,38,5295,0,5333,G
4-HA,1235,5323,2,7,0,5332,A
4-HA,1236,5334,0,1,1,5336,A
4-HA,1237,5337,0,4,1,5342,A
4-HA,1238,5329,2,4,0,5335,A
4-HA,1239,5257,0,16,1,5274,A
4-HA,1240,0,42,5254,0,5296,G
4-HA,1241,5271,0,8,0,5279,A
4-HA,1242,5291,0,1,0,5292,A
4-HA,1243,0,5229,0,4,5233,T
4-HA,1244,1,5224,0,5,5230,T
4-HA,1245,33,1,0,5217,5251,C
4-HA,1246,2,5230,1,3,5236,T
4-HA,1247,44,1,0,5189,5234,C
4-HA,1248,5226,1,3,1,5231,A
4-HA,1249,2,14,5217,0,5233,G
4-HA,1250,5218,0,2,0,5220,A
4-HA,1251,5179,1,7,1,5188,A
4-HA,1252,2,0,5270,0,5272,G
4-HA,1253,1,5244,0,3,5248,T
4-HA,1254,50,0,1,5188,5239,C
4-HA,1255,6,18,5217,0,5241,G
4-HA,1256,5225,1,4,1,5231,A
4-HA,1257,5213,5,8,2,5228,A
4-HA,1258,1,69,5162,1,5233,G
4-HA,1259,3,32,5209,3,5247,G
4-HA,1260,0,37,5212,0,5249,G
4-HA,1261,5130,1,9,0,5140,A
4-HA,1262,1,51,5125,1,5178,G
4-HA,1263,5155,0,8,0,5163,A
4-HA,1264,5426,0,2,1,5429,A
4-HA,1265,1,5422,0,3,5426,T
4-HA,1266,1,5413,1,5,5420,T
4-HA,1267,47,1,0,5374,5422,C
4-HA,1268,5327,0,8,2,5337,A
4-HA,1269,1,32,5312,0,5345,G
4-HA,1270,1,44,5297,0,5342,G
4-HA,1271,5318,2,4,0,5324,A
4-HA,1272,0,3,1,5303,5307,C
4-HA,1273,32,2,0,4867,4901,C
4-HA,1274,3,4864,2,7,4876,T
4-HA,1275,4,4792,0,96,4892,T
4-HA,1276,1,44,4876,1,4922,G
4-HA,1277,4913,1,6,0,4920,A
4-HA,1278,4,20,4991,1,5016,G
4-HA,1279,4985,0,4,0,4989,A
4-HA,1280,4763,0,0,0,4763,A
4-HA,1281,4760,1,2,0,4763,A
4-HA,1282,0,4692,0,2,4694,T
4-HA,1283,4849,0,2,0,4851,A
4-HA,1284,0,4834,0,1,4835,T
4-HA,1285,1,0,4864,0,4865,G
4-HA,1286,0,4854,0,7,4861,T
4-HA,1287,2,4735,2,0,4739,T
4-HA,1288,4,24,4727,0,4755,G
4-HA,1289,4697,0,8,0,4705,A
4-HA,1290,1,31,4700,2,4734,G
4-HA,1291,2,36,4669,1,4708,G
4-HA,1292,4606,3,7,0,4616,A
4-HA,1293,1,2,0,4732,4735,C
4-HA,1294,4661,3,8,7,4679,A
4-HA,1295,1,2,0,4785,4788,C
4-HA,1296,22,0,0,4778,4800,C
4-HA,1297,4811,1,1,0,4813,A
4-HA,1298,4898,1,2,0,4901,A
4-HA,1299,4885,1,2,0,4888,A
4-HA,1300,4945,0,3,1,4949,A
4-HA,1301,1,4951,1,0,4953,T
4-HA,1302,4841,1,6,1,4849,A
4-HA,1303,0,20,4857,0,4877,G
4-HA,1304,4791,1,5,0,4797,A
4-HA,1305,0,4815,0,5,4820,T
4-HA,1306,24,0,0,4798,4822,C
4-HA,1307,2,4725,1,6,4734,T
4-HA,1308,34,1,0,4793,4828,C
4-HA,1309,0,4801,1,4,4806,T
4-HA,1310,1,26,4880,0,4907,G
4-HA,1311,1,2,5014,0,5017,G
4-HA,1312,2,4981,0,8,4991,T
4-HA,1313,86,3,4,4894,4987,C
4-HA,1314,5010,0,4,1,5015,A
4-HA,1315,0,5021,0,5,5026,T
4-HA,1316,5027,0,1,0,5028,A
4-HA,1317,2,1,2,5020,5025,C
4-HA,1318,4846,0,4,1,4851,A
4-HA,1319,4887,1,3,0,4891,A
4-HA,1320,3,2,1,4757,4763,C
4-HA,1321,2,3,4761,0,4766,G
4-HA,1322,7,14,1,4734,4756,C
4-HA,1323,2,23,4687,0,4712,G
4-HA,1324,1,44,4682,1,4728,G
4-HA,1325,4712,1,4,0,4717,A
4-HA,1326,4,3,4791,0,4798,G
4-HA,1327,5,1,1,4775,4782,C
4-HA,1328,0,4733,1,7,4741,T
4-HA,1329,0,4757,0,9,4766,T
4-HA,1330,11,1,0,4771,4783,C
4-HA,1331,0,4812,0,4,4816,T
4-HA,1332,0,4816,0,1,4817,T
4-HA,1333,0,0,4809,0,4809,G
4-HA,1334,2,4782,1,3,4788,T
4-HA,1335,1,4687,0,2,4690,T
4-HA,1336,1,2,4797,1,4801,G
4-HA,1337,2,0,0,4784,4786,C
4-HA,1338,37,4,0,4731,4772,C
4-HA,1339,43,2,3,4753,4801,C
4-HA,1340,2,4761,1,14,4778,T
4-HA,1341,0,16,4806,1,4823,G
4-HA,1342,0,29,4799,0,4828,G
4-HA,1343,4820,1,4,0,4825,A
4-HA,1344,2,46,4798,1,4847,G
4-HA,1345,4722,0,7,2,4731,A
4-HA,1346,4757,2,5,0,4764,A
4-HA,1347,2,0,0,4834,4836,C
4-HA,1348,32,1,0,4793,4826,C
4-HA,1349,4820,0,1,0,4821,A
4-HA,1350,4989,0,7,0,4996,A
4-HA,1351,3,4,0,5001,5008,C
4-HA,1352,5031,1,0,0,5032,A
4-HA,1353,1,5019,0,2,5022,T
4-HA,1354,4995,0,4,0,4999,A
4-HA,1355,3,2,0,5074,5079,C
4-HA,1356,4952,1,1,0,4954,A
4-HA,1357,4949,4,1,0,4954,A
4-HA,1358,0,4941,0,4,4945,T
4-HA,1359,0,4799,0,1,4800,T
4-HA,1360,2,43,4817,1,4863,G
4-HA,1361,4878,2,1,0,4881,A
4-HA,1362,2,4866,0,9,4877,T
4-HA,1363,38,1,0,4867,4906,C
4-HA,1364,1,4827,1,2,4831,T
4-HA,1365,4893,0,2,0,4895,A
4-HA,1366,4889,1,0,0,4890,A
4-HA,1367,3,2,0,4893,4898,C
4-HA,1368,0,4855,1,7,4863,T
4-HA,1369,2,76,4796,0,4874,G
4-HA,1370,4932,0,7,0,4939,A
4-HA,1371,0,1,0,4942,4943,C
4-HA,1372,1,4930,0,6,4937,T
4-HA,1373,52,2,0,4898,4952,C
4-HA,1374,4902,0,3,1,4906,A
4-HA,1375,0,39,4862,0,4901,G
4-HA,1376,4886,0,4,0,4890,A
4-HA,1377,1,16,4705,0,4722,G
4-HA,1378,4845,0,3,0,4848,A
4-HA,1379,1,4888,0,1,4890,T
4-HA,1380,4,81,4851,4,4940,G
4-HA,1381,4931,1,9,0,4941,A
4-HA,1382,4938,2,6,0,4946,A
4-HA,1383,2,1,0,4942,4945,C
4-HA,1384,4834,0,0,0,4834,A
4-HA,1385,4848,0,0,0,4848,A
4-HA,1386,4827,0,1,0,4828,A
4-HA,1387,2,0,0,4842,4844,C
4-HA,1388,0,4805,0,0,4805,T
4-HA,1389,4,2,4820,1,4827,G
4-HA,1390,0,4748,1,9,4758,T
4-HA,1391,1,4753,0,3,4757,T
4-HA,1392,0,4747,1,6,4754,T
4-HA,1393,4,37,4721,0,4762,G
4-HA,1394,4746,2,3,1,4752,A
4-HA,1395,4760,1,1,0,4762,A
4-HA,1396,4740,1,3,0,4744,A
4-HA,1397,4748,1,1,1,4751,A
4-HA,1398,4714,0,7,0,4721,A
4-HA,1399,4733,4,1,1,4739,A
4-HA,1400,1,2,0,4740,4743,C
4-HA,1401,4735,1,4,0,4740,A
4-HA,1402,4742,1,0,0,4743,A
4-HA,1403,4738,1,1,1,4741,A
4-HA,1404,1,21,4749,0,4771,G
4-HA,1405,4780,1,1,1,4783,A
4-HA,1406,4762,0,6,0,4768,A
4-HA,1407,0,8,4777,0,4785,G
4-HA,1408,8,2,0,4764,4774,C
4-HA,1409,4755,0,7,0,4762,A
4-HA,1410,4786,1,10,0,4797,A
4-HA,1411,2,0,0,4797,4799,C
4-HA,1412,0,4783,1,2,4786,T
4-HA,1413,2,20,4780,0,4802,G
4-HA,1414,4744,0,8,0,4752,A
4-HA,1415,1,35,4739,2,4777,G
4-HA,1416,2,19,4769,0,4790,G
4-HA,1417,5,24,4757,1,4787,G
4-HA,1418,4783,1,4,0,4788,A
4-HA,1419,4776,0,1,0,4777,A
4-HA,1420,4758,0,6,0,4764,A
4-HA,1421,4819,1,4,0,4824,A
4-HA,1422,1,4816,0,1,4818,T
4-HA,1423,2,4,4842,0,4848,G
4-HA,1424,1,1,0,4833,4835,C
4-HA,1425,0,4785,0,1,4786,T
4-HA,1426,2,16,4772,1,4791,G
4-HA,1427,4775,1,5,0,4781,A
4-HA,1428,0,26,4965,0,4991,G
4-HA,1429,2,15,5038,0,5055,G
4-HA,1430,4997,1,3,0,5001,A
4-HA,1431,1,4983,2,2,4988,T
4-HA,1432,4953,2,5,1,4961,A
4-HA,1433,1,4941,1,6,4949,T
4-HA,1434,7,47,4950,0,5004,G
4-HA,1435,6,30,5014,0,5050,G
4-HA,1436,6,1,5035,0,5042,G
4-HA,1437,10,2,0,4851,4863,C
4-HA,1438,4723,0,1,0,4724,A
4-HA,1439,4694,0,23,3,4720,A
4-HA,1440,0,4716,0,4,4720,T
4-HA,1441,3,47,4679,0,4729,G
4-HA,1442,1,2,4725,0,4728,G
4-HA,1443,0,4647,0,1,4648,T
4-HA,1444,2,4520,0,1,4523,T
4-HA,1445,2,3,4532,0,4537,G
4-HA,1446,0,4536,2,7,4545,T
4-HA,1447,1,4536,0,2,4539,T
4-HA,1448,0,4550,0,3,4553,T
4-HA,1449,39,1,0,4526,4566,C
4-HA,1450,4552,1,2,0,4555,A
4-HA,1451,4572,2,2,1,4577,A
4-HA,1452,4570,0,3,0,4573,A
4-HA,1453,4616,0,2,1,4619,A
4-HA,1454,1,4610,2,0,4613,T
4-HA,1455,4584,0,0,0,4584,A
4-HA,1456,1,4577,1,13,4592,T
4-HA,1457,4580,1,2,0,4583,A
4-HA,1458,1,0,0,4626,4627,C
4-HA,1459,38,5,0,4555,4598,C
4-HA,1460,4591,0,3,0,4594,A
4-HA,1461,6,8,0,4600,4614,C
4-HA,1462,4622,1,1,0,4624,A
4-HA,1463,4635,0,3,0,4638,A
4-HA,1464,4642,0,1,0,4643,A
4-HA,1465,0,4635,0,6,4641,T
4-HA,1466,3,1,4653,0,4657,G
4-HA,1467,3,4599,0,5,4607,T
4-HA,1468,1,63,4586,0,4650,G
4-HA,1469,4642,1,7,1,4651,A
4-HA,1470,1,0,0,4637,4638,C
4-HA,1471,4565,0,1,1,4567,A
4-HA,1472,4549,2,3,1,4555,A
4-HA,1473,0,4599,0,1,4600,T
4-HA,1474,3,1,4633,0,4637,G
4-HA,1475,4,2,0,4611,4617,C
4-HA,1476,19,0,0,4615,4634,C
4-HA,1477,1,4582,0,7,4590,T
4-HA,1478,2,3,4771,2,4778,G
4-HA,1479,2,2,1,4785,4790,C
4-HA,1480,4779,1,3,0,4783,A
4-HA,1481,2,4783,0,0,4785,T
4-HA,1482,4618,1,3,0,4622,A
4-HA,1483,2,21,4599,1,4623,G
4-HA,1484,1,29,4568,1,4599,G
4-HA,1485,4579,0,5,0,4584,A
4-HA,1486,1,4570,0,1,4572,T
4-HA,1487,44,2,0,4313,4359,C
4-HA,1488,4357,2,2,0,4361,A
4-HA,1489,4373,1,0,0,4374,A
4-HA,1490,0,4362,0,6,4368,T
4-HA,1491,36,3,0,4333,4372,C
4-HA,1492,4294,1,3,0,4298,A
4-HA,1493,1,15,4307,0,4323,G
4-HA,1494,4317,1,1,1,4320,A
4-HA,1495,4318,0,3,0,4321,A
4-HA,1496,4309,0,5,1,4315,A
4-HA,1497,0,4289,0,0,4289,T
4-HA,1498,1,32,4251,0,4284,G
4-HA,1499,1,50,4233,1,4285,G
4-HA,1500,4282,0,1,2,4285,A
4-HA,1501,4305,2,4,0,4311,A
4-HA,1502,0,0,0,4285,4285,C
4-HA,1503,0,4220,0,4,4224,T
4-HA,1504,0,4240,0,2,4242,T
4-HA,1505,4243,0,3,0,4246,A
4-HA,1506,3,4237,0,1,4241,T
4-HA,1507,2,61,4188,0,4251,G
4-HA,1508,4261,3,4,0,4268,A
4-HA,1509,1,1,1,4261,4264,C
4-HA,1510,38,2,0,4173,4213,C
4-HA,1511,4206,0,1,0,4207,A
4-HA,1512,2,15,0,4276,4293,C
4-HA,1513,5,15,4375,0,4395,G
4-HA,1514,4472,1,4,0,4477,A
4-HA,1515,0,4519,0,3,4522,T
4-HA,1516,18,1,4676,0,4695,G
4-HA,1517,0,4660,0,4,4664,T
4-HA,1518,4812,0,6,0,4818,A
4-HA,1519,0,4815,0,3,4818,T
4-HA,1520,4791,0,5,1,4797,A
4-HA,1521,1,1,0,4790,4792,C
4-HA,1522,4324,1,3,0,4328,A
4-HA,1523,1,29,4342,0,4372,G
4-HA,1524,4125,0,2,0,4127,A
4-HA,1525,0,7,4004,0,4011,G
4-HA,1526,3995,0,0,0,3995,A
4-HA,1527,0,3759,0,3,3762,T
4-HA,1528,1,23,3729,1,3754,G
4-HA,1529,3745,0,4,0,3749,A
4-HA,1530,3726,0,8,0,3734,A
4-HA,1531,0,1,3808,0,3809,G
4-HA,1532,4,2,0,3718,3724,C
4-HA,1533,3716,1,1,0,3718,A
4-HA,1534,2,3681,1,8,3692,T
4-HA,1535,0,3687,0,0,3687,T
4-HA,1536,3710,0,3,0,3713,A
4-HA,1537,3699,0,4,0,3703,A
4-HA,1538,3709,1,2,0,3712,A
4-HA,1539,1,2,0,3717,3720,C
4-HA,1540,3584,0,1,0,3585,A
4-HA,1541,3592,0,4,0,3596,A
4-HA,1542,1,0,0,3587,3588,C
4-HA,1543,18,9,1,3546,3574,C
4-HA,1544,5,10,3551,0,3566,G
4-HA,1545,0,2,3600,0,3602,G
4-HA,1546,0,3607,0,4,3611,T
4-HA,1547,2,3592,0,2,3596,T
4-HA,1548,31,22,0,3549,3602,C
4-HA,1549,16,0,0,3583,3599,C
4-HA,1550,3579,0,3,0,3582,A
4-HA,1551,0,17,3601,0,3618,G
4-HA,1552,3615,0,5,0,3620,A
4-HA,1553,0,3608,0,5,3613,T
4-HA,1554,33,0,0,3460,3493,C
4-HA,1555,3459,0,2,0,3461,A
4-HA,1556,3467,1,2,0,3470,A
4-HA,1557,0,43,3429,0,3472,G
4-HA,1558,0,16,3437,1,3454,G
4-HA,1559,0,23,3434,0,3457,G
4-HA,1560,3328,0,7,0,3335,A
4-HA,1561,1,2,3370,0,3373,G
4-HA,1562,0,3376,0,0,3376,T
4-HA,1563,1,3375,0,0,3376,T
4-HA,1564,1,48,3344,0,3393,G
4-HA,1565,3366,0,2,0,3368,A
4-HA,1566,0,2,3394,0,3396,G
4-HA,1567,2,1,0,3386,3389,C
4-HA,1568,1,3341,0,6,3348,T
4-HA,1569,12,11,3343,1,3367,G
4-HA,1570,3337,0,2,0,3339,A
4-HA,1571,3353,0,7,0,3360,A
4-HA,1572,0,1,3366,0,3367,G
4-HA,1573,1,3288,0,2,3291,T
4-HA,1574,50,0,0,3234,3284,C
4-HA,1575,3242,0,1,0,3243,A
4-HA,1576,0,21,3214,0,3235,G
4-HA,1577,0,27,3205,0,3232,G
4-HA,1578,1,1,3144,0,3146,G
4-HA,1579,0,3226,0,0,3226,T
4-HA,1580,3228,0,3,0,3231,A
4-HA,1581,0,1,1,3223,3225,C
4-HA,1582,3216,0,1,0,3217,A
4-HA,1583,3215,1,2,1,3219,A
4-HA,1584,3210,1,2,0,3213,A
4-HA,1585,0,13,3209,0,3222,G
4-HA,1586,3131,0,1,0,3132,A
4-HA,1587,0,3037,0,1,3038,T
4-HA,1588,0,2996,0,0,2996,T
4-HA,1589,1,14,2980,0,2995,G
4-HA,1590,0,21,2960,0,2981,G
4-HA,1591,2969,0,4,0,2973,A
4-HA,1592,0,2982,0,3,2985,T
4-HA,1593,27,2,0,2939,2968,C
4-HA,1594,17,0,0,2912,2929,C
4-HA,1595,0,2895,0,1,2896,T
4-HA,1596,2905,0,2,0,2907,A
4-HA,1597,0,2902,0,4,2906,T
4-HA,1598,2,19,2887,0,2908,G
4-HA,1599,1,24,2879,0,2904,G
4-HA,1600,2837,0,1,0,2838,A
4-HA,1601,1,2825,0,3,2829,T
4-HA,1602,0,2778,1,2,2781,T
4-HA,1603,0,2751,0,5,2756,T
4-HA,1604,19,0,1,2735,2755,C
4-HA,1605,8,0,0,2748,2756,C
4-HA,1606,0,2714,0,1,2715,T
4-HA,1607,1,2704,0,1,2706,T
4-HA,1608,0,2680,0,2,2682,T
4-HA,1609,1,3,2691,0,2695,G
4-HA,1610,2,0,0,2691,2693,C
4-HA,1611,24,2,0,2669,2695,C
4-HA,1612,2644,0,2,1,2647,A
4-HA,1613,1,2628,1,0,2630,T
4-HA,1614,2639,0,0,0,2639,A
4-HA,1615,1,2627,0,4,2632,T
4-HA,1616,26,1,0,2594,2621,C
4-HA,1617,2622,0,1,0,2623,A
4-HA,1618,0,2559,1,9,2569,T
4-HA,1619,0,0,2580,0,2580,G
4-HA,1620,0,2563,1,9,2573,T
4-HA,1621,0,2534,0,0,2534,T
4-HA,1622,0,2533,0,2,2535,T
4-HA,1623,0,2471,0,1,2472,T
4-HA,1624,0,2469,1,1,2471,T
4-HA,1625,0,2456,0,0,2456,T
4-HA,1626,2,2,2462,0,2466,G
4-HA,1627,4,0,0,2458,2462,C
4-HA,1628,0,2381,0,3,2384,T
4-HA,1629,0,2385,0,1,2386,T
4-HA,1630,1,2374,0,0,2375,T
4-HA,1631,1,0,2409,0,2410,G
4-HA,1632,3,2391,0,2,2396,T
4-HA,1633,0,1,2397,1,2399,G
4-HA,1634,0,2390,0,5,2395,T
4-HA,1635,0,2346,0,2,2348,T
4-HA,1636,3,1,2359,0,2363,G
4-HA,1637,3,1,0,2348,2352,C
4-HA,1638,0,2318,0,8,2326,T
4-HA,1639,0,2338,0,0,2338,T
4-HA,1640,1,2227,7,0,2235,T
4-HA,1641,1,3,2230,0,2234,G
4-HA,1642,0,2226,0,1,2227,T
4-HA,1643,0,2214,0,3,2217,T
4-HA,1644,2,20,2187,0,2209,G
4-HA,1645,0,20,2102,1,2123,G
4-HA,1646,1,4,2104,0,2109,G
4-HA,1647,1,2,2117,0,2120,G
4-HA,1648,0,2024,0,5,2029,T
4-HA,1649,0,2007,0,0,2007,T
4-HA,1650,42,0,0,1932,1974,C
4-HA,1651,1951,0,1,0,1952,A
4-HA,1652,0,1954,0,2,1956,T
4-HA,1653,7,0,1,1943,1951,C
4-HA,1654,1932,0,2,0,1934,A
4-HA,1655,0,1875,0,4,1879,T
4-HA,1656,1,0,1859,0,1860,G
4-HA,1657,1,1820,0,2,1823,T
4-HA,1658,7,9,1782,0,1798,G
4-HA,1659,0,5,1728,0,1733,G
4-HA,1660,0,1,1718,0,1719,G
4-HA,1661,3,0,0,1667,1670,C
4-HA,1662,9,0,0,1588,1597,C
4-HA,1663,0,1482,0,0,1482,T
4-HA,1664,0,0,1489,0,1489,G
4-HA,1665,1,0,0,1487,1488,C
4-HA,1666,16,1,0,1474,1491,C
4-HA,1667,1475,0,1,0,1476,A
4-HA,1668,1456,0,6,0,1462,A
4-HA,1669,1456,0,1,0,1457,A
4-HA,1670,1457,0,0,0,1457,A
4-HA,1671,1451,0,2,1,1454,A
4-HA,1672,0,5,1447,0,1452,G
4-HA,1673,0,0,1391,0,1391,G
4-HA,1674,0,0,0,1368,1368,C
4-HA,1675,1362,0,0,0,1362,A
4-HA,1676,1363,0,3,0,1366,A
4-HA,1677,1,0,0,1364,1365,C
4-HA,1678,1357,0,0,0,1357,A
4-HA,1679,0,1350,0,0,1350,T
4-HA,1680,0,1337,0,0,1337,T
4-HA,1681,1291,0,2,0,1293,A
4-HA,1682,1,5,1278,0,1284,G
4-HA,1683,0,1,1281,0,1282,G
4-HA,1684,0,1240,1,1,1242,T
4-HA,1685,0,1,1138,0,1139,G
4-HA,1686,0,1,0,1079,1080,C
4-HA,1687,1059,0,1,0,1060,A
4-HA,1688,1057,0,1,0,1058,A
4-HA,1689,0,0,0,1054,1054,C
4-HA,1690,1030,0,2,0,1032,A
4-HA,1691,0,1000,0,0,1000,T
4-HA,1692,0,945,0,3,948,T
4-HA,1693,0,947,1,0,948,T
4-HA,1694,0,0,949,0,949,G
4-HA,1695,0,0,0,935,935,C
4-HA,1696,931,0,0,0,931,A
4-HA,1697,0,863,0,1,864,T
4-HA,1698,0,819,0,0,819,T
4-HA,1699,0,782,0,0,782,T
4-HA,1700,0,0,773,0,773,G
4-HA,1701,731,0,0,0,731,A
5-NP,1,598,0,0,0,598,A
5-NP,2,0,602,0,0,602,T
5-NP,3,0,0,601,0,601,G
5-NP,4,0,0,603,0,603,G
5-NP,5,0,0,0,601,601,C
5-NP,6,1,0,625,0,626,G
5-NP,7,0,661,0,1,662,T
5-NP,8,3,0,0,679,682,C
5-NP,9,4,0,0,678,682,C
5-NP,10,8,0,0,677,685,C
5-NP,11,683,0,1,0,684,A
5-NP,12,688,0,0,0,688,A
5-NP,13,0,4,690,0,694,G
5-NP,14,0,2,720,0,722,G
5-NP,15,0,1,0,732,733,C
5-NP,16,741,0,1,0,742,A
5-NP,17,0,0,0,763,763,C
5-NP,18,4,0,0,758,762,C
5-NP,19,770,0,0,0,770,A
5-NP,20,769,0,1,0,770,A
5-NP,21,768,0,1,0,769,A
5-NP,22,0,4,0,768,772,C
5-NP,23,2,7,765,0,774,G
5-NP,24,1,1,841,0,843,G
5-NP,25,0,843,0,0,843,T
5-NP,26,9,0,0,905,914,C
5-NP,27,0,909,0,1,910,T
5-NP,28,0,927,0,1,928,T
5-NP,29,929,0,0,0,929,A
5-NP,30,0,929,0,1,930,T
5-NP,31,1,21,913,0,935,G
5-NP,32,932,0,1,0,933,A
5-NP,33,924,0,1,0,925,A
5-NP,34,0,0,0,939,939,C
5-NP,35,933,0,0,0,933,A
5-NP,36,0,0,1007,0,1007,G
5-NP,37,1002,0,2,0,1004,A
5-NP,38,0,1005,0,0,1005,T
5-NP,39,0,4,1001,0,1005,G
5-NP,40,0,4,1005,0,1009,G
5-NP,41,1008,0,1,0,1009,A
5-NP,42,1020,0,2,0,1022,A
5-NP,43,1021,2,0,0,1023,A
5-NP,44,0,0,0,1060,1060,C
5-NP,45,0,1041,0,0,1041,T
5-NP,46,0,2,1063,0,1065,G
5-NP,47,1059,0,1,1,1061,A
5-NP,48,0,1063,0,0,1063,T
5-NP,49,0,9,1056,0,1065,G
5-NP,50,0,10,1064,0,1074,G
5-NP,51,0,7,1060,1,1068,G
5-NP,52,0,7,1067,0,1074,G
5-NP,53,1065,0,1,0,1066,A
5-NP,54,0,1067,0,0,1067,T
5-NP,55,10,0,0,1079,1089,C
5-NP,56,2,2,1094,0,1098,G
5-NP,57,0,2,0,1114,1116,C
5-NP,58,1,1,0,1117,1119,C
5-NP,59,1117,0,0,0,1117,A
5-NP,60,0,7,1128,0,1135,G
5-NP,61,1133,0,0,1,1134,A
5-NP,62,1160,0,0,0,1160,A
5-NP,63,0,1159,0,0,1159,T
5-NP,64,0,3,1159,0,1162,G
5-NP,65,0,4,0,1168,1172,C
5-NP,66,1168,0,1,1,1170,A
5-NP,67,1186,1,0,1,1188,A
5-NP,68,0,0,0,1186,1186,C
5-NP,69,0,1185,0,0,1185,T
5-NP,70,0,10,1190,1,1201,G
5-NP,71,1212,0,1,1,1214,A
5-NP,72,0,6,1259,0,1265,G
5-NP,73,1258,1,2,0,1261,A
5-NP,74,0,1254,0,1,1255,T
5-NP,75,1,1259,0,0,1260,T
5-NP,76,1255,0,2,0,1257,A
5-NP,77,0,14,1252,0,1266,G
5-NP,78,1,15,1254,0,1270,G
5-NP,79,0,1,1272,0,1273,G
5-NP,80,5,3,1,1251,1260,C
5-NP,81,1244,0,0,0,1244,A
5-NP,82,0,1257,0,2,1259,T
5-NP,83,5,0,0,1259,1264,C
5-NP,84,5,2,0,1263,1270,C
5-NP,85,1,1,1279,0,1281,G
5-NP,86,0,1277,0,1,1278,T
5-NP,87,5,0,0,1274,1279,C
5-NP,88,1,16,1262,0,1279,G
5-NP,89,0,5,1281,0,1286,G
5-NP,90,0,3,1286,0,1289,G
5-NP,91,1289,0,0,0,1289,A
5-NP,92,1283,0,1,0,1284,A
5-NP,93,0,4,1289,0,1293,G
5-NP,94,1280,0,2,0,1282,A
5-NP,95,0,1296,0,0,1296,T
5-NP,96,0,12,1291,0,1303,G
5-NP,97,1312,0,0,0,1312,A
5-NP,98,0,1313,0,0,1313,T
5-NP,99,1,1300,0,0,1301,T
5-NP,100,0,11,1295,0,1306,G
5-NP,101,1303,0,4,0,1307,A
5-NP,102,0,1299,0,0,1299,T
5-NP,103,0,7,1294,0,1301,G
5-NP,104,0,11,1280,0,1291,G
5-NP,105,0,4,1284,0,1288,G
5-NP,106,1368,0,0,0,1368,A
5-NP,107,0,1369,1,0,1370,T
5-NP,108,0,1372,1,1,1374,T
5-NP,109,0,10,1376,0,1386,G
5-NP,110,1,7,1382,1,1391,G
5-NP,111,0,16,1374,0,1390,G
5-NP,112,1394,0,0,0,1394,A
5-NP,113,1,7,1376,0,1384,G
5-NP,114,1381,0,1,0,1382,A
5-NP,115,0,1394,1,0,1395,T
5-NP,116,1,1396,0,2,1399,T
5-NP,117,7,0,0,1394,1401,C
5-NP,118,1,1399,0,0,1400,T
5-NP,119,1418,1,0,0,1419,A
5-NP,120,0,1,0,1416,1417,C
5-NP,121,1444,0,0,0,1444,A
5-NP,122,0,1452,0,0,1452,T
5-NP,123,5,0,0,1450,1455,C
5-NP,124,12,0,0,1445,1457,C
5-NP,125,1452,1,1,0,1454,A
5-NP,126,1482,0,0,0,1482,A
5-NP,127,1483,1,0,0,1484,A
5-NP,128,0,1479,0,0,1479,T
5-NP,129,1,0,1485,0,1486,G
5-NP,130,2,1466,0,2,1470,T
5-NP,131,0,2,1481,0,1483,G
5-NP,132,2,1,0,1483,1486,C
5-NP,133,1479,0,1,0,1480,A
5-NP,134,0,1,0,1480,1481,C
5-NP,135,1,1464,0,0,1465,T
5-NP,136,0,28,1502,0,1530,G
5-NP,137,1541,0,1,0,1542,A
5-NP,138,1557,0,3,0,1560,A
5-NP,139,0,0,0,1579,1579,C
5-NP,140,0,1562,0,1,1563,T
5-NP,141,0,1569,0,1,1570,T
5-NP,142,1571,0,0,0,1571,A
5-NP,143,1568,0,0,0,1568,A
5-NP,144,1579,0,1,0,1580,A
5-NP,145,0,1,0,1594,1595,C
5-NP,146,0,1551,0,0,1551,T
5-NP,147,17,1,0,1554,1572,C
5-NP,148,1556,0,1,0,1557,A
5-NP,149,0,0,1575,0,1575,G
5-NP,150,0,1572,1,0,1573,T
5-NP,151,0,20,1567,0,1587,G
5-NP,152,1609,1,0,0,1610,A
5-NP,153,0,1608,0,1,1609,T
5-NP,154,26,1,2,1595,1624,C
5-NP,155,1626,0,0,0,1626,A
5-NP,156,0,1623,0,1,1624,T
5-NP,157,0,6,1621,0,1627,G
5-NP,158,1609,0,4,0,1613,A
5-NP,159,1607,0,4,0,1611,A
5-NP,160,0,16,1600,1,1617,G
5-NP,161,0,9,1588,0,1597,G
5-NP,162,1,2,1591,0,1594,G
5-NP,163,3,3,0,1585,1591,C
5-NP,164,1,6,1592,0,1599,G
5-NP,165,0,1,1603,0,1604,G
5-NP,166,0,1595,1,1,1597,T
5-NP,167,0,1599,0,1,1600,T
5-NP,168,0,20,1584,2,1606,G
5-NP,169,1776,0,1,0,1777,A
5-NP,170,0,1772,0,0,1772,T
5-NP,171,12,0,0,1763,1775,C
5-NP,172,8,1,0,1774,1783,C
5-NP,173,1771,1,0,2,1774,A
5-NP,174,3,29,1750,0,1782,G
5-NP,175,1784,0,1,0,1785,A
5-NP,176,1785,1,0,0,1786,A
5-NP,177,2,3,0,1796,1801,C
5-NP,178,1712,1,0,0,1713,A
5-NP,179,1,2,1730,0,1733,G
5-NP,180,1,1,0,1733,1735,C
5-NP,181,1,1729,0,2,1732,T
5-NP,182,0,1745,0,0,1745,T
5-NP,183,0,17,1722,0,1739,G
5-NP,184,1737,0,2,0,1739,A
5-NP,185,0,0,0,1751,1751,C
5-NP,186,1728,1,3,0,1732,A
5-NP,187,1734,0,2,0,1736,A
5-NP,188,0,1733,0,1,1734,T
5-NP,189,1726,1,3,0,1730,A
5-NP,190,0,12,1728,0,1740,G
5-NP,191,1733,0,3,0,1736,A
5-NP,192,0,8,1737,0,1745,G
5-NP,193,1738,0,0,0,1738,A
5-NP,194,1765,0,0,0,1765,A
5-NP,195,1765,1,0,0,1766,A
5-NP,196,1806,0,1,0,1807,A
5-NP,197,0,1807,0,1,1808,T
5-NP,198,1,20,1783,0,1804,G
5-NP,199,0,0,1803,0,1803,G
5-NP,200,0,1802,0,1,1803,T
5-NP,201,1761,0,1,0,1762,A
5-NP,202,1,0,0,1774,1775,C
5-NP,203,0,1781,0,1,1782,T
5-NP,204,21,0,1,1785,1807,C
5-NP,205,0,1769,0,3,1772,T
5-NP,206,6,1,0,1777,1784,C
5-NP,207,0,1777,0,1,1778,T
5-NP,208,3,4,1781,0,1788,G
5-NP,209,1,0,0,1789,1790,C
5-NP,210,0,1781,0,1,1782,T
5-NP,211,0,1781,0,1,1782,T
5-NP,212,0,1777,0,0,1777,T
5-NP,213,1,1769,0,0,1770,T
5-NP,214,0,12,1764,0,1776,G
5-NP,215,1762,2,1,2,1767,A
5-NP,216,0,1772,0,0,1772,T
5-NP,217,2,15,1740,0,1757,G
5-NP,218,1743,0,0,0,1743,A
5-NP,219,1750,0,0,0,1750,A
5-NP,220,1752,1,2,0,1755,A
5-NP,221,0,9,1745,1,1755,G
5-NP,222,1752,0,1,0,1753,A
5-NP,223,1750,0,1,0,1751,A
5-NP,224,0,7,1757,0,1764,G
5-NP,225,0,12,1783,0,1795,G
5-NP,226,1799,0,5,0,1804,A
5-NP,227,1821,0,1,0,1822,A
5-NP,228,0,1823,0,0,1823,T
5-NP,229,1821,0,0,1,1822,A
5-NP,230,1821,0,1,0,1822,A
5-NP,231,1830,0,0,0,1830,A
5-NP,232,0,1839,0,0,1839,T
5-NP,233,1840,0,0,0,1840,A
5-NP,234,0,0,0,1838,1838,C
5-NP,235,4,0,0,1818,1822,C
5-NP,236,1,1811,0,0,1812,T
5-NP,237,15,7,1799,0,1821,G
5-NP,238,1,4,1835,0,1840,G
5-NP,239,1841,0,1,0,1842,A
5-NP,240,1835,0,1,0,1836,A
5-NP,241,0,14,1841,0,1855,G
5-NP,242,1845,0,0,0,1845,A
5-NP,243,1838,0,1,0,1839,A
5-NP,244,0,1,0,1829,1830,C
5-NP,245,1824,1,6,0,1831,A
5-NP,246,1,1,0,1885,1887,C
5-NP,247,9,1,1,1854,1865,C
5-NP,248,20,0,0,1845,1865,C
5-NP,249,7,0,1,1864,1872,C
5-NP,250,1835,0,0,0,1835,A
5-NP,251,0,2,1845,0,1847,G
5-NP,252,2,0,0,1837,1839,C
5-NP,253,0,1,1844,0,1845,G
5-NP,254,4,2,0,1842,1848,C
5-NP,255,0,14,1798,0,1812,G
5-NP,256,1,16,1804,0,1821,G
5-NP,257,0,7,1809,0,1816,G
5-NP,258,1,8,1821,0,1830,G
5-NP,259,1826,0,0,0,1826,A
5-NP,260,1822,1,3,1,1827,A
5-NP,261,1819,0,3,0,1822,A
5-NP,262,1,7,1819,0,1827,G
5-NP,263,1822,0,1,0,1823,A
5-NP,264,0,1820,0,0,1820,T
5-NP,265,5,0,0,1794,1799,C
5-NP,266,9,0,0,1790,1799,C
5-NP,267,17,0,0,1788,1805,C
5-NP,268,1812,0,2,0,1814,A
5-NP,269,1813,1,0,0,1814,A
5-NP,270,0,11,1814,0,1825,G
5-NP,271,1811,0,2,0,1813,A
5-NP,272,1825,0,1,0,1826,A
5-NP,273,1824,1,1,1,1827,A
5-NP,274,1828,0,2,1,1831,A
5-NP,275,0,0,0,1836,1836,C
5-NP,276,0,1816,0,6,1822,T
5-NP,277,1,13,1807,1,1822,G
5-NP,278,0,7,1813,1,1821,G
5-NP,279,0,10,1804,0,1814,G
5-NP,280,3,9,1810,1,1823,G
5-NP,281,0,5,1823,0,1828,G
5-NP,282,1,4,1844,0,1849,G
5-NP,283,1,0,0,1983,1984,C
5-NP,284,9,0,0,1967,1976,C
5-NP,285,31,2,0,1966,1999,C
5-NP,286,2219,0,1,0,2220,A
5-NP,287,0,2227,0,1,2228,T
5-NP,288,2331,0,0,0,2331,A
5-NP,289,0,2330,0,0,2330,T
5-NP,290,2325,0,0,0,2325,A
5-NP,291,1,3,0,2340,2344,C
5-NP,292,2168,0,4,0,2172,A
5-NP,293,0,12,2190,0,2202,G
5-NP,294,0,17,2181,0,2198,G
5-NP,295,2007,0,3,0,2010,A
5-NP,296,0,18,2015,0,2033,G
5-NP,297,1958,1,1,0,1960,A
5-NP,298,0,2,1982,0,1984,G
5-NP,299,1,1972,0,1,1974,T
5-NP,300,1962,0,1,0,1963,A
5-NP,301,191,5,1776,0,1972,G
5-NP,302,1939,0,3,0,1942,A
5-NP,303,0,1948,0,0,1948,T
5-NP,304,2,8,1928,0,1938,G
5-NP,305,0,10,1938,1,1949,G
5-NP,306,1935,0,1,0,1936,A
5-NP,307,1924,0,0,0,1924,A
5-NP,308,1922,0,1,0,1923,A
5-NP,309,1923,0,1,0,1924,A
5-NP,310,1,1920,0,1,1922,T
5-NP,311,6,14,1917,1,1938,G
5-NP,312,0,10,1933,0,1943,G
5-NP,313,1943,0,1,0,1944,A
5-NP,314,0,1919,2,0,1921,T
5-NP,315,0,9,1918,0,1927,G
5-NP,316,1929,1,0,0,1930,A
5-NP,317,2,13,1919,0,1934,G
5-NP,318,0,14,1915,0,1929,G
5-NP,319,2,22,1925,1,1950,G
5-NP,320,1978,0,1,1,1980,A
5-NP,321,1980,0,0,0,1980,A
5-NP,322,0,1,0,2019,2020,C
5-NP,323,0,2017,0,3,2020,T
5-NP,324,18,1,0,2034,2053,C
5-NP,325,2,2,2060,0,2064,G
5-NP,326,1,2074,0,2,2077,T
5-NP,327,14,0,0,2080,2094,C
5-NP,328,16,0,0,2327,2343,C
5-NP,329,0,2331,0,0,2331,T
5-NP,330,1,2349,0,1,2351,T
5-NP,331,0,2348,0,1,2349,T
5-NP,332,2357,0,0,0,2357,A
5-NP,333,1,2359,0,3,2363,T
5-NP,334,1,43,2320,0,2364,G
5-NP,335,2379,0,4,0,2383,A
5-NP,336,1,0,1,2384,2386,C
5-NP,337,2340,1,1,0,2342,A
5-NP,338,2348,0,0,0,2348,A
5-NP,339,2355,0,3,0,2358,A
5-NP,340,0,19,2470,0,2489,G
5-NP,341,2481,1,0,0,2482,A
5-NP,342,2487,1,3,0,2491,A
5-NP,343,0,22,2592,0,2614,G
5-NP,344,2625,0,3,0,2628,A
5-NP,345,2638,0,0,0,2638,A
5-NP,346,2630,1,2,0,2633,A
5-NP,347,0,2630,1,2,2633,T
5-NP,348,2623,0,8,0,2631,A
5-NP,349,2626,2,3,0,2631,A
5-NP,350,1,20,2651,0,2672,G
5-NP,351,0,1,2672,0,2673,G
5-NP,352,6,5,0,2639,2650,C
5-NP,353,5,24,2623,0,2652,G
5-NP,354,2668,1,2,0,2671,A
5-NP,355,2723,0,1,0,2724,A
5-NP,356,0,2744,0,1,2745,T
5-NP,357,17,0,0,2725,2742,C
5-NP,358,0,2741,1,3,2745,T
5-NP,359,0,18,2716,0,2734,G
5-NP,360,2,5,2736,0,2743,G
5-NP,361,4,3,0,2745,2752,C
5-NP,362,3,9,2743,0,2755,G
5-NP,363,3,0,0,2750,2753,C
5-NP,364,11,1,1,2731,2744,C
5-NP,365,2769,0,0,0,2769,A
5-NP,366,2832,0,2,0,2834,A
5-NP,367,0,0,2948,2,2950,G
5-NP,368,1,0,0,2947,2948,C
5-NP,369,16,2,1,2981,3000,C
5-NP,370,3005,0,3,1,3009,A
5-NP,371,3088,1,2,2,3093,A
5-NP,372,1,2,0,3129,3132,C
5-NP,373,3129,1,1,0,3131,A
5-NP,374,3241,0,1,0,3242,A
5-NP,375,1,3241,0,2,3244,T
5-NP,376,1,26,3296,0,3323,G
5-NP,377,0,4,3330,0,3334,G
5-NP,378,0,3303,0,6,3309,T
5-NP,379,1,13,3306,0,3320,G
5-NP,380,3292,1,3,0,3296,A
5-NP,381,0,14,3385,0,3399,G
5-NP,382,0,7,3396,1,3404,G
5-NP,383,3439,0,1,0,3440,A
5-NP,384,0,3816,0,1,3817,T
5-NP,385,4,3,3892,1,3900,G
5-NP,386,4,2,0,3906,3912,C
5-NP,387,0,3915,0,2,3917,T
5-NP,388,3956,1,4,0,3961,A
5-NP,389,0,3,0,4031,4034,C
5-NP,390,4022,0,0,0,4022,A
5-NP,391,0,4005,1,5,4011,T
5-NP,392,10,0,0,3996,4006,C
5-NP,393,0,3870,0,3,3873,T
5-NP,394,4,18,4010,1,4033,G
5-NP,395,0,2,4144,0,4146,G
5-NP,396,1,4126,0,10,4137,T
5-NP,397,31,0,0,4128,4159,C
5-NP,398,0,4126,0,3,4129,T
5-NP,399,4210,0,1,0,4211,A
5-NP,400,4216,0,4,1,4221,A
5-NP,401,0,0,0,4278,4278,C
5-NP,402,2,4259,1,9,4271,T
5-NP,403,56,1,0,4268,4325,C
5-NP,404,4296,1,2,0,4299,A
5-NP,405,2,0,0,4479,4481,C
5-NP,406,4477,0,4,1,4482,A
5-NP,407,0,4499,0,2,4501,T
5-NP,408,4483,1,0,0,4484,A
5-NP,409,4512,0,6,0,4518,A
5-NP,410,0,4526,0,1,4527,T
5-NP,411,1,58,4522,2,4583,G
5-NP,412,4551,0,1,0,4552,A
5-NP,413,2,4542,2,3,4549,T
5-NP,414,1,4497,0,3,4501,T
5-NP,415,0,4501,0,3,4504,T
5-NP,416,0,40,4452,0,4492,G
5-NP,417,2,2,4508,0,4512,G
5-NP,418,4,0,0,4506,4510,C
5-NP,419,4510,0,0,0,4510,A
5-NP,420,0,4528,0,8,4536,T
5-NP,421,0,4507,1,8,4516,T
5-NP,422,22,0,0,4503,4525,C
5-NP,423,19,4,0,4527,4550,C
5-NP,424,4644,1,0,0,4645,A
5-NP,425,4657,0,1,0,4658,A
5-NP,426,0,4663,0,0,4663,T
5-NP,427,2,4657,0,3,4662,T
5-NP,428,0,4661,0,2,4663,T
5-NP,429,0,44,4672,0,4716,G
5-NP,430,4709,2,2,0,4713,A
5-NP,431,4721,0,2,0,4723,A
5-NP,432,0,4745,0,3,4748,T
5-NP,433,1,43,4697,0,4741,G
5-NP,434,4951,2,4,1,4958,A
5-NP,435,2,4958,0,2,4962,T
5-NP,436,2,8,5000,0,5010,G
5-NP,437,4,3,0,5109,5116,C
5-NP,438,5108,0,2,0,5110,A
5-NP,439,5349,1,5,0,5355,A
5-NP,440,2,1,0,5351,5354,C
5-NP,441,5438,0,3,1,5442,A
5-NP,442,1,5545,0,0,5546,T
5-NP,443,5471,0,3,1,5475,A
5-NP,444,4,1,0,5570,5575,C
5-NP,445,21,3,0,5545,5569,C
5-NP,446,5514,1,3,0,5518,A
5-NP,447,0,41,5562,0,5603,G
5-NP,448,5490,1,11,0,5502,A
5-NP,449,0,57,5447,0,5504,G
5-NP,450,5384,1,7,1,5393,A
5-NP,451,5562,2,7,1,5572,A
5-NP,452,1,2,0,5617,5620,C
5-NP,453,5622,1,2,1,5626,A
5-NP,454,5625,1,8,0,5634,A
5-NP,455,2,58,5579,0,5639,G
5-NP,456,5575,0,14,0,5589,A
5-NP,457,0,3,5608,0,5611,G
5-NP,458,0,0,1,5607,5608,C
5-NP,459,0,5565,1,25,5591,T
5-NP,460,51,2,0,5562,5615,C
5-NP,461,0,5585,0,10,5595,T
5-NP,462,0,5625,1,1,5627,T
5-NP,463,3,1,5642,0,5646,G
5-NP,464,4,5620,1,1,5626,T
5-NP,465,0,5621,0,3,5624,T
5-NP,466,77,10,0,5532,5619,C
5-NP,467,1,88,5522,1,5612,G
5-NP,468,5697,1,2,0,5700,A
5-NP,469,5699,4,1,0,5704,A
5-NP,470,1,0,0,5748,5749,C
5-NP,471,0,5731,0,8,5739,T
5-NP,472,8,23,5805,0,5836,G
5-NP,473,0,47,5800,0,5847,G
5-NP,474,5845,8,5,0,5858,A
5-NP,475,5866,0,10,1,5877,A
5-NP,476,1,5852,0,1,5854,T
5-NP,477,7,48,5781,0,5836,G
5-NP,478,2,26,5833,0,5861,G
5-NP,479,5912,1,7,0,5920,A
5-NP,480,0,5996,0,20,6016,T
5-NP,481,32,1,0,6040,6073,C
5-NP,482,29,4,0,6044,6077,C
5-NP,483,40,13,0,6070,6123,C
5-NP,484,6180,2,7,1,6190,A
5-NP,485,0,46,6268,0,6314,G
5-NP,486,6305,1,2,0,6308,A
5-NP,487,6324,1,0,1,6326,A
5-NP,488,0,6298,0,1,6299,T
5-NP,489,2,2,6394,0,6398,G
5-NP,490,0,6356,0,1,6357,T
5-NP,491,0,8,6401,0,6409,G
5-NP,492,4,0,0,6423,6427,C
5-NP,493,3,6385,0,6,6394,T
5-NP,494,63,1,0,6800,6864,C
5-NP,495,1,6819,0,4,6824,T
5-NP,496,38,1,0,7124,7163,C
5-NP,497,1,7134,0,7,7142,T
5-NP,498,1,48,7142,2,7193,G
5-NP,499,7242,2,10,0,7254,A
5-NP,500,3,7237,0,6,7246,T
5-NP,501,3,8,7233,1,7245,G
5-NP,502,7,5,1,7209,7222,C
5-NP,503,7029,2,6,0,7037,A
5-NP,504,0,61,7220,1,7282,G
5-NP,505,4,55,7108,1,7168,G
5-NP,506,3,6,7277,1,7287,G
5-NP,507,6,0,0,7281,7287,C
5-NP,508,0,7248,0,8,7256,T
5-NP,509,59,11,2,7210,7282,C
5-NP,510,4,118,7170,3,7295,G
5-NP,511,7384,1,7,0,7392,A
5-NP,512,1,0,1,7390,7392,C
5-NP,513,0,7279,0,5,7284,T
5-NP,514,65,1,2,7667,7735,C
5-NP,515,0,7702,1,10,7713,T
5-NP,516,47,3,1,8816,8867,C
5-NP,517,36,4,1,8843,8884,C
5-NP,518,72,1,0,8817,8890,C
5-NP,519,0,8882,1,10,8893,T
5-NP,520,8852,2,5,0,8859,A
5-NP,521,0,33,8830,0,8863,G
5-NP,522,8853,1,4,0,8858,A
5-NP,523,8636,2,10,0,8648,A
5-NP,524,5,62,8642,0,8709,G
5-NP,525,3,5,8659,0,8667,G
5-NP,526,3,8570,0,6,8579,T
5-NP,527,62,3,0,8509,8574,C
5-NP,528,22,20,0,8528,8570,C
5-NP,529,15,29,8529,1,8574,G
5-NP,530,3,59,8580,0,8642,G
5-NP,531,8628,4,14,1,8647,A
5-NP,532,3,6,8772,0,8781,G
5-NP,533,1,3,1,8808,8813,C
5-NP,534,1,8701,0,11,8713,T
5-NP,535,6,4,8716,0,8726,G
5-NP,536,8,6,0,8738,8752,C
5-NP,537,8726,4,18,2,8750,A
5-NP,538,1,37,8778,1,8817,G
5-NP,539,2,11,8848,0,8861,G
5-NP,540,1,8845,0,9,8855,T
5-NP,541,8,15,8791,0,8814,G
5-NP,542,5,4,0,8826,8835,C
5-NP,543,4,8817,0,6,8827,T
5-NP,544,13,5,8853,1,8872,G
5-NP,545,7,7,1,8848,8863,C
5-NP,546,8945,1,12,1,8959,A
5-NP,547,2,3,9164,0,9169,G
5-NP,548,0,9099,0,13,9112,T
5-NP,549,93,7,0,9039,9139,C
5-NP,550,9132,0,0,0,9132,A
5-NP,551,9139,4,7,0,9150,A
5-NP,552,9126,0,13,1,9140,A
5-NP,553,11,47,9150,0,9208,G
5-NP,554,3,69,9169,2,9243,G
5-NP,555,9210,0,5,1,9216,A
5-NP,556,9175,1,6,1,9183,A
5-NP,557,2,9166,0,2,9170,T
5-NP,558,64,9,0,9090,9163,C
5-NP,559,10,78,9083,1,9172,G
5-NP,560,1,35,9398,0,9434,G
5-NP,561,2,83,9363,1,9449,G
5-NP,562,9414,3,11,1,9429,A
5-NP,563,4,5,0,9444,9453,C
5-NP,564,9361,1,4,1,9367,A
5-NP,565,9624,2,8,0,9634,A
5-NP,566,3,9658,0,4,9665,T
5-NP,567,5,46,9705,5,9761,G
5-NP,568,3,2,10009,1,10015,G
5-NP,569,1,9983,0,6,9990,T
5-NP,570,6,60,9948,1,10015,G
5-NP,571,10001,4,7,1,10013,A
5-NP,572,1,9981,2,7,9991,T
5-NP,573,5,85,9898,1,9989,G
5-NP,574,1,99,9981,5,10086,G
5-NP,575,10020,2,14,1,10037,A
5-NP,576,10034,2,6,1,10043,A
5-NP,577,1,2,0,10045,10048,C
5-NP,578,0,9803,0,2,9805,T
5-NP,579,1,116,10230,1,10348,G
5-NP,580,10312,0,6,1,10319,A
5-NP,581,0,10325,0,6,10331,T
5-NP,582,96,7,2,10240,10345,C
5-NP,583,10194,5,5,1,10205,A
5-NP,584,1,62,10380,2,10445,G
5-NP,585,10416,1,6,0,10423,A
5-NP,586,10422,1,9,0,10432,A
5-NP,587,2,10424,0,4,10430,T
5-NP,588,4,99,10173,0,10276,G
5-NP,589,1,4,10402,1,10408,G
5-NP,590,0,10386,1,26,10413,T
5-NP,591,120,3,1,10310,10434,C
5-NP,592,10425,0,2,0,10427,A
5-NP,593,10378,0,4,2,10384,A
5-NP,594,10380,1,10,1,10392,A
5-NP,595,5,32,1,10358,10396,C
5-NP,596,11,88,10274,2,10375,G
5-NP,597,3,71,10359,1,10434,G
5-NP,598,5,55,10297,2,10359,G
5-NP,599,24,91,10257,0,10372,G
5-NP,600,10313,0,7,1,10321,A
5-NP,601,10415,2,7,0,10424,A
5-NP,602,0,10403,0,7,10410,T
5-NP,603,95,5,1,10328,10429,C
5-NP,604,10398,0,15,1,10414,A
5-NP,605,10412,2,4,0,10418,A
5-NP,606,3,20,0,10357,10380,C
5-NP,607,6,120,10213,1,10340,G
5-NP,608,10321,4,4,0,10329,A
5-NP,609,3,10324,0,0,10327,T
5-NP,610,95,4,1,10219,10319,C
5-NP,611,5,68,10249,3,10325,G
5-NP,612,10294,1,4,0,10299,A
5-NP,613,10311,0,2,2,10315,A
5-NP,614,10325,1,4,0,10330,A
5-NP,615,0,10399,1,0,10400,T
5-NP,616,1,10406,2,2,10411,T
5-NP,617,0,10355,2,4,10361,T
5-NP,618,0,10418,0,6,10424,T
5-NP,619,1,10437,0,1,10439,T
5-NP,620,4,65,10393,1,10463,G
5-NP,621,2,72,10390,0,10464,G
5-NP,622,10396,2,17,2,10417,A
5-NP,623,0,44,10456,0,10500,G
5-NP,624,10361,0,7,1,10369,A
5-NP,625,0,46,10774,0,10820,G
5-NP,626,10,3,10852,0,10865,G
5-NP,627,1,10830,0,20,10851,T
5-NP,628,1,121,10778,0,10900,G
5-NP,629,10861,5,27,0,10893,A
5-NP,630,2,64,10883,0,10949,G
5-NP,631,10924,2,12,1,10939,A
5-NP,632,10892,2,8,1,10903,A
5-NP,633,1,10854,0,3,10858,T
5-NP,634,5,146,10455,2,10608,G
5-NP,635,3,41,10450,1,10495,G
5-NP,636,7,4,10507,0,10518,G
5-NP,637,8,19,12,10442,10481,C
5-NP,638,7,52,10426,0,10485,G
5-NP,639,2,36,10551,0,10589,G
5-NP,640,10551,2,3,0,10556,A
5-NP,641,10568,1,8,1,10578,A
5-NP,642,10695,0,3,0,10698,A
5-NP,643,10725,3,9,1,10738,A
5-NP,644,2,4,1,10803,10810,C
5-NP,645,10776,2,15,0,10793,A
5-NP,646,10767,1,10,0,10778,A
5-NP,647,2,40,10736,1,10779,G
5-NP,648,10522,0,11,1,10534,A
5-NP,649,10568,0,5,0,10573,A
5-NP,650,2,1,10806,1,10810,G
5-NP,651,1,10795,0,3,10799,T
5-NP,652,10,17,11230,0,11257,G
5-NP,653,10,6,1,11197,11214,C
5-NP,654,1,11216,0,14,11231,T
5-NP,655,1,11259,1,7,11268,T
5-NP,656,11379,0,5,0,11384,A
5-NP,657,1,11378,0,5,11384,T
5-NP,658,5,121,11304,2,11432,G
5-NP,659,11187,6,23,0,11216,A
5-NP,660,9,96,11158,1,11264,G
5-NP,661,10782,2,17,0,10801,A
5-NP,662,1,78,10792,1,10872,G
5-NP,663,10847,0,6,1,10854,A
5-NP,664,10941,4,2,1,10948,A
5-NP,665,3,10861,1,9,10874,T
5-NP,666,4,4,10996,0,11004,G
5-NP,667,4,10947,0,14,10965,T
5-NP,668,8,12,10989,1,11010,G
5-NP,669,15,7,2,10967,10991,C
5-NP,670,10944,1,6,0,10951,A
5-NP,671,10977,2,9,0,10988,A
5-NP,672,0,2,0,10957,10959,C
5-NP,673,10887,3,1,0,10891,A
5-NP,674,0,10895,2,8,10905,T
5-NP,675,3,10777,0,26,10806,T
5-NP,676,60,1,2,10778,10841,C
5-NP,677,3,10797,2,11,10813,T
5-NP,678,3,10808,0,0,10811,T
5-NP,679,10814,3,1,0,10818,A
5-NP,680,10786,1,3,0,10790,A
5-NP,681,10790,0,4,1,10795,A
5-NP,682,3,73,10743,0,10819,G
5-NP,683,0,64,10730,0,10794,G
5-NP,684,10776,1,7,0,10784,A
5-NP,685,10759,0,1,1,10761,A
5-NP,686,10761,4,2,0,10767,A
5-NP,687,10921,3,3,0,10927,A
5-NP,688,0,10904,0,5,10909,T
5-NP,689,1,10910,0,2,10913,T
5-NP,690,1,10942,3,4,10950,T
5-NP,691,73,2,0,10883,10958,C
5-NP,692,10950,0,4,1,10955,A
5-NP,693,10947,2,7,0,10956,A
5-NP,694,10934,4,8,1,10947,A
5-NP,695,5,7,0,11065,11077,C
5-NP,696,10954,1,6,0,10961,A
5-NP,697,11,8,11148,0,11167,G
5-NP,698,8,4,0,11158,11170,C
5-NP,699,2,11161,1,11,11175,T
5-NP,700,14,11,11366,0,11391,G
5-NP,701,1,10,1,11341,11353,C
5-NP,702,11412,4,17,0,11433,A
5-NP,703,3,6,0,11442,11451,C
5-NP,704,11349,1,4,1,11355,A
5-NP,705,11383,3,9,1,11396,A
5-NP,706,11149,3,13,0,11165,A
5-NP,707,0,164,11463,0,11627,G
5-NP,708,11583,1,18,0,11602,A
5-NP,709,4,5,11703,1,11713,G
5-NP,710,16,5,1,11668,11690,C
5-NP,711,11672,2,7,2,11683,A
5-NP,712,12064,1,8,1,12074,A
5-NP,713,0,12066,1,11,12078,T
5-NP,714,8,86,12011,3,12108,G
5-NP,715,1,9,12147,0,12157,G
5-NP,716,4,11798,0,12,11814,T
5-NP,717,11,68,11744,0,11823,G
5-NP,718,2,104,11800,0,11906,G
5-NP,719,11893,3,13,0,11909,A
5-NP,720,2,11893,1,5,11901,T
5-NP,721,120,2,1,11435,11558,C
5-NP,722,11569,0,7,1,11577,A
5-NP,723,11707,1,10,2,11720,A
5-NP,724,0,1,11757,0,11758,G
5-NP,725,1,11672,0,5,11678,T
5-NP,726,1,123,11552,3,11679,G
5-NP,727,11507,2,23,1,11533,A
5-NP,728,2,115,11462,3,11582,G
5-NP,729,11530,2,17,1,11550,A
5-NP,730,2,62,11505,0,11569,G
5-NP,731,11470,1,13,0,11484,A
5-NP,732,11349,2,4,2,11357,A
5-NP,733,11352,1,16,1,11370,A
5-NP,734,2,5,11448,0,11455,G
5-NP,735,1,11419,1,3,11424,T
5-NP,736,122,14,0,11284,11420,C
5-NP,737,19,56,11303,1,11379,G
5-NP,738,2,82,11315,1,11400,G
5-NP,739,11391,1,12,0,11404,A
5-NP,740,11488,3,3,1,11495,A
5-NP,741,2,1,0,11544,11547,C
5-NP,742,62,0,2,11389,11453,C
5-NP,743,118,3,0,11397,11518,C
5-NP,744,11506,1,8,0,11515,A
5-NP,745,1,33,11541,1,11576,G
5-NP,746,3,66,11524,2,11595,G
5-NP,747,11558,0,2,1,11561,A
5-NP,748,11542,3,6,0,11551,A
5-NP,749,11504,1,19,2,11526,A
5-NP,750,6,21,0,11496,11523,C
5-NP,751,9,13,11483,2,11507,G
5-NP,752,12,4,1,11472,11489,C
5-NP,753,1,11434,0,16,11451,T
5-NP,754,5,78,11415,1,11499,G
5-NP,755,11425,1,12,1,11439,A
5-NP,756,1,65,11516,0,11582,G
5-NP,757,11574,1,9,0,11584,A
5-NP,758,1,11556,1,2,11560,T
5-NP,759,99,10,0,11354,11463,C
5-NP,760,15,51,11406,1,11473,G
5-NP,761,11468,2,3,1,11474,A
5-NP,762,11449,3,17,0,11469,A
5-NP,763,5,49,11435,0,11489,G
5-NP,764,11479,2,3,2,11486,A
5-NP,765,1,11384,1,1,11387,T
5-NP,766,55,1,2,11447,11505,C
5-NP,767,2,11487,0,13,11502,T
5-NP,768,118,1,2,11486,11607,C
5-NP,769,11614,2,5,0,11621,A
5-NP,770,1,11599,0,5,11605,T
5-NP,771,11644,0,2,0,11646,A
5-NP,772,3,11608,2,6,11619,T
5-NP,773,1,11580,2,5,11588,T
5-NP,774,2,11535,3,2,11542,T
5-NP,775,1,11439,1,3,11444,T
5-NP,776,0,11457,1,3,11461,T
5-NP,777,11468,1,9,0,11478,A
5-NP,778,1,3,11468,1,11473,G
5-NP,779,6,1,0,11459,11466,C
5-NP,780,11420,3,4,2,11429,A
5-NP,781,11410,0,4,1,11415,A
5-NP,782,0,83,11667,0,11750,G
5-NP,783,11743,2,13,1,11759,A
5-NP,784,1,11758,2,4,11765,T
5-NP,785,21,5,1,11800,11827,C
5-NP,786,0,11778,1,11,11790,T
5-NP,787,6,13,12108,0,12127,G
5-NP,788,8,5,1,12125,12139,C
5-NP,789,12142,1,9,1,12153,A
5-NP,790,5,12220,0,7,12232,T
5-NP,791,1,11866,0,2,11869,T
5-NP,792,19,66,12372,0,12457,G
5-NP,793,12651,4,8,0,12663,A
5-NP,794,6,12633,0,6,12645,T
5-NP,795,12646,2,4,0,12652,A
5-NP,796,1,12422,3,5,12431,T
5-NP,797,0,12312,2,13,12327,T
5-NP,798,1,135,12231,5,12372,G
5-NP,799,12239,2,14,2,12257,A
5-NP,800,0,74,12286,1,12361,G
5-NP,801,11820,4,14,1,11839,A
5-NP,802,1,79,11599,1,11680,G
5-NP,803,2,96,11740,0,11838,G
5-NP,804,11817,0,8,1,11826,A
5-NP,805,1,11786,1,12,11800,T
5-NP,806,76,7,1,11761,11845,C
5-NP,807,11766,4,10,1,11781,A
5-NP,808,3,9,11820,0,11832,G
5-NP,809,0,11760,0,16,11776,T
5-NP,810,1,11689,1,3,11694,T
5-NP,811,4,16,11686,3,11709,G
5-NP,812,8,3,0,11592,11603,C
5-NP,813,4,11568,0,14,11586,T
5-NP,814,182,4,1,11497,11684,C
5-NP,815,11672,2,10,0,11684,A
5-NP,816,5,3,0,11684,11692,C
5-NP,817,11636,1,2,1,11640,A
5-NP,818,11715,3,3,0,11721,A
5-NP,819,11750,1,2,0,11753,A
5-NP,820,2,11729,0,4,11735,T
5-NP,821,69,2,0,11676,11747,C
5-NP,822,2,11699,1,8,11710,T
5-NP,823,0,11675,2,3,11680,T
5-NP,824,8,13,11684,0,11705,G
5-NP,825,5,6,1,11713,11725,C
5-NP,826,62,3,1,11791,11857,C
5-NP,827,1,11790,0,9,11800,T
5-NP,828,11871,0,6,1,11878,A
5-NP,829,8,2,1,11844,11855,C
5-NP,830,50,4,0,11808,11862,C
5-NP,831,3,11830,0,9,11842,T
5-NP,832,5,6,11988,1,12000,G
5-NP,833,4,3,0,11964,11971,C
5-NP,834,46,4,1,11935,11986,C
5-NP,835,7,11787,2,14,11810,T
5-NP,836,4,2,11948,0,11954,G
5-NP,837,3,11861,1,12,11877,T
5-NP,838,5,12,12014,0,12031,G
5-NP,839,25,12,0,12077,12114,C
5-NP,840,20,7,12235,0,12262,G
5-NP,841,0,12043,1,5,12049,T
5-NP,842,12018,1,1,0,12020,A
5-NP,843,2,12013,0,6,12021,T
5-NP,844,1,97,11928,4,12030,G
5-NP,845,4,88,12390,1,12483,G
5-NP,846,12385,2,32,0,12419,A
5-NP,847,3,4,0,12230,12237,C
5-NP,848,54,1,0,12127,12182,C
5-NP,849,1,11978,1,9,11989,T
5-NP,850,4,5,12494,0,12503,G
5-NP,851,7,10,1,12497,12515,C
5-NP,852,12505,3,14,0,12522,A
5-NP,853,4,5,12742,0,12751,G
5-NP,854,0,12156,1,5,12162,T
5-NP,855,12635,2,2,0,12639,A
5-NP,856,1,12589,1,15,12606,T
5-NP,857,39,2,0,12515,12556,C
5-NP,858,62,7,2,12499,12570,C
5-NP,859,12036,2,4,0,12042,A
5-NP,860,2,7,12090,1,12100,G
5-NP,861,3,12028,1,4,12036,T
5-NP,862,3,99,12043,2,12147,G
5-NP,863,1,62,12057,1,12121,G
5-NP,864,3,11,11864,0,11878,G
5-NP,865,1,11826,1,7,11835,T
5-NP,866,11769,2,8,1,11780,A
5-NP,867,3,24,0,11727,11754,C
5-NP,868,7,149,11567,0,11723,G
5-NP,869,11680,1,11,0,11692,A
5-NP,870,6,0,0,11686,11692,C
5-NP,871,0,11398,1,14,11413,T
5-NP,872,5,11421,0,3,11429,T
5-NP,873,66,9,1,11336,11412,C
5-NP,874,12,69,11340,0,11421,G
5-NP,875,11433,1,4,0,11438,A
5-NP,876,11423,0,4,0,11427,A
5-NP,877,11430,2,11,0,11443,A
5-NP,878,11445,0,2,0,11447,A
5-NP,879,11404,1,21,2,11428,A
5-NP,880,12,66,11389,0,11467,G
5-NP,881,11424,0,19,0,11443,A
5-NP,882,5,99,11414,2,11520,G
5-NP,883,32,80,11464,1,11577,G
5-NP,884,4,57,11536,0,11597,G
5-NP,885,11604,4,17,1,11626,A
5-NP,886,2,11632,0,9,11643,T
5-NP,887,11689,0,10,1,11700,A
5-NP,888,0,11697,0,13,11710,T
5-NP,889,3,11723,0,6,11732,T
5-NP,890,87,1,0,11725,11813,C
5-NP,891,71,3,1,11673,11748,C
5-NP,892,0,11602,0,2,11604,T
5-NP,893,1,11607,0,1,11609,T
5-NP,894,15,73,11630,2,11720,G
5-NP,895,2,2,11792,0,11796,G
5-NP,896,1,11694,0,9,11704,T
5-NP,897,6,81,11574,3,11664,G
5-NP,898,2,43,11536,0,11581,G
5-NP,899,3,85,11953,2,12043,G
5-NP,900,12008,2,16,0,12026,A
5-NP,901,12023,2,5,0,12030,A
5-NP,902,0,12034,0,0,12034,T
5-NP,903,11817,2,8,1,11828,A
5-NP,904,3,95,11749,0,11847,G
5-NP,905,11744,5,23,1,11773,A
5-NP,906,4,1,0,11752,11757,C
5-NP,907,83,3,0,11569,11655,C
5-NP,908,131,1,1,11199,11332,C
5-NP,909,5,11402,0,40,11447,T
5-NP,910,3,11461,1,9,11474,T
5-NP,911,3,11472,0,9,11484,T
5-NP,912,109,8,1,11385,11503,C
5-NP,913,11467,3,1,0,11471,A
5-NP,914,11473,2,6,0,11481,A
5-NP,915,11463,0,3,3,11469,A
5-NP,916,9,3,0,11470,11482,C
5-NP,917,2,11157,0,3,11162,T
5-NP,918,11055,1,1,0,11057,A
5-NP,919,3,0,0,11162,11165,C
5-NP,920,3,11084,1,10,11098,T
5-NP,921,4,11107,0,2,11113,T
5-NP,922,43,4,0,11086,11133,C
5-NP,923,11106,2,2,0,11110,A
5-NP,924,11113,4,2,1,11120,A
5-NP,925,11088,1,5,3,11097,A
5-NP,926,11089,2,7,1,11099,A
5-NP,927,1,11025,1,1,11028,T
5-NP,928,10860,0,7,0,10867,A
5-NP,929,2,5,10995,3,11005,G
5-NP,930,4,5,0,11025,11034,C
5-NP,931,87,5,1,11093,11186,C
5-NP,932,11194,0,2,1,11197,A
5-NP,933,11216,2,4,0,11222,A
5-NP,934,11499,2,27,1,11529,A
5-NP,935,1,11542,0,2,11545,T
5-NP,936,11591,3,4,0,11598,A
5-NP,937,0,11587,1,4,11592,T
5-NP,938,11394,0,6,0,11400,A
5-NP,939,3,4,1,11422,11430,C
5-NP,940,11145,0,10,1,11156,A
5-NP,941,1,6,11392,2,11401,G
5-NP,942,6,2,0,11352,11360,C
5-NP,943,0,11027,0,17,11044,T
5-NP,944,0,11109,1,3,11113,T
5-NP,945,11189,2,1,0,11192,A
5-NP,946,11209,1,4,1,11215,A
5-NP,947,1,11198,0,5,11204,T
5-NP,948,109,5,1,11085,11200,C
5-NP,949,10840,3,22,0,10865,A
5-NP,950,5,105,10875,0,10985,G
5-NP,951,10977,0,12,0,10989,A
5-NP,952,1,3,0,11036,11040,C
5-NP,953,64,4,2,10875,10945,C
5-NP,954,1,10803,0,3,10807,T
5-NP,955,10878,0,5,0,10883,A
5-NP,956,10876,0,3,1,10880,A
5-NP,957,3,18,0,10922,10943,C
5-NP,958,8,110,10834,3,10955,G
5-NP,959,10736,0,5,0,10741,A
5-NP,960,3,78,10673,0,10754,G
5-NP,961,10618,0,9,0,10627,A
5-NP,962,10744,1,5,0,10750,A
5-NP,963,5,10726,0,7,10738,T
5-NP,964,47,1,5,10587,10640,C
5-NP,965,51,10,1,10585,10647,C
5-NP,966,10538,0,11,0,10549,A
5-NP,967,4,9,10645,0,10658,G
5-NP,968,13,6,0,10614,10633,C
5-NP,969,10696,0,6,3,10705,A
5-NP,970,4,3,0,10775,10782,C
5-NP,971,10617,1,2,3,10623,A
5-NP,972,2,4,1,10633,10640,C
5-NP,973,10605,1,2,0,10608,A
5-NP,974,10635,5,17,2,10659,A
5-NP,975,1,90,10614,1,10706,G
5-NP,976,10558,2,12,1,10573,A
5-NP,977,3,4,10627,0,10634,G
5-NP,978,2,10457,0,4,10463,T
5-NP,979,115,5,2,10346,10468,C
5-NP,980,10418,3,21,0,10442,A
5-NP,981,3,4,10445,0,10452,G
5-NP,982,5,1,1,10434,10441,C
5-NP,983,3,10319,1,8,10331,T
5-NP,984,7,73,10411,0,10491,G
5-NP,985,3,7,10542,0,10552,G
5-NP,986,2,10446,0,5,10453,T
5-NP,987,37,2,10513,0,10552,G
5-NP,988,2,10421,0,4,10427,T
5-NP,989,8,67,10344,2,10421,G
5-NP,990,3,35,10357,1,10396,G
5-NP,991,10304,0,17,0,10321,A
5-NP,992,0,10347,0,7,10354,T
5-NP,993,3,77,9771,1,9852,G
5-NP,994,3,5,9787,1,9796,G
5-NP,995,5,8,0,9759,9772,C
5-NP,996,9601,1,9,0,9611,A
5-NP,997,1,9610,2,11,9624,T
5-NP,998,8,5,9560,0,9573,G
5-NP,999,6,4,2,9642,9654,C
5-NP,1000,94,4,0,9561,9659,C
5-NP,1001,9685,0,2,0,9687,A
5-NP,1002,1,9648,0,8,9657,T
5-NP,1003,2,9510,0,5,9517,T
5-NP,1004,81,0,0,9486,9567,C
5-NP,1005,3,9425,1,6,9435,T
5-NP,1006,6,7,9421,0,9434,G
5-NP,1007,4,1,0,9412,9417,C
5-NP,1008,2,9186,1,13,9202,T
5-NP,1009,10,11,9248,0,9269,G
5-NP,1010,6,1,0,9123,9130,C
5-NP,1011,9129,0,0,1,9130,A
5-NP,1012,1,9132,0,3,9136,T
5-NP,1013,0,9056,0,3,9059,T
5-NP,1014,0,9057,3,0,9060,T
5-NP,1015,0,51,9005,0,9056,G
5-NP,1016,9044,2,3,2,9051,A
5-NP,1017,9036,0,12,1,9049,A
5-NP,1018,0,63,9048,0,9111,G
5-NP,1019,9071,0,3,0,9074,A
5-NP,1020,3,9033,1,6,9043,T
5-NP,1021,1,9021,0,1,9023,T
5-NP,1022,1,9022,1,2,9026,T
5-NP,1023,9030,3,4,0,9037,A
5-NP,1024,9041,0,7,0,9048,A
5-NP,1025,0,38,9025,0,9063,G
5-NP,1026,9031,1,4,0,9036,A
5-NP,1027,3,9049,1,1,9054,T
5-NP,1028,1,8911,0,0,8912,T
5-NP,1029,0,3,8977,1,8981,G
5-NP,1030,3,8952,0,13,8968,T
5-NP,1031,2,8951,0,4,8957,T
5-NP,1032,8939,1,14,0,8954,A
5-NP,1033,8945,0,10,0,8955,A
5-NP,1034,2,4,8967,0,8973,G
5-NP,1035,10,1,0,8982,8993,C
5-NP,1036,1,8824,0,16,8841,T
5-NP,1037,2,8862,0,8,8872,T
5-NP,1038,48,2,0,8860,8910,C
5-NP,1039,8881,2,8,0,8891,A
5-NP,1040,3,8876,1,8,8888,T
5-NP,1041,36,2,1,8860,8899,C
5-NP,1042,8752,0,4,0,8756,A
5-NP,1043,0,45,8709,1,8755,G
5-NP,1044,8630,0,5,1,8636,A
5-NP,1045,2,74,8577,0,8653,G
5-NP,1046,1,72,8561,0,8634,G
5-NP,1047,5,92,8489,0,8586,G
5-NP,1048,8587,2,14,1,8604,A
5-NP,1049,3,6,1,8602,8612,C
5-NP,1050,8602,0,1,1,8604,A
5-NP,1051,8628,5,1,2,8636,A
5-NP,1052,8647,1,2,0,8650,A
5-NP,1053,8631,1,25,1,8658,A
5-NP,1054,4,1,8686,0,8691,G
5-NP,1055,3,8512,1,6,8522,T
5-NP,1056,8478,1,7,0,8486,A
5-NP,1057,0,8456,0,9,8465,T
5-NP,1058,48,1,1,8404,8454,C
5-NP,1059,3,8389,0,8,8400,T
5-NP,1060,80,2,1,8374,8457,C
5-NP,1061,35,3,1,8378,8417,C
5-NP,1062,0,8354,0,2,8356,T
5-NP,1063,51,8,0,8286,8345,C
5-NP,1064,11,50,8265,1,8327,G
5-NP,1065,4,40,8310,1,8355,G
5-NP,1066,1,64,8291,1,8357,G
5-NP,1067,5,31,8310,0,8346,G
5-NP,1068,6,47,8260,0,8313,G
5-NP,1069,8177,0,5,0,8182,A
5-NP,1070,8186,0,6,0,8192,A
5-NP,1071,8188,0,6,0,8194,A
5-NP,1072,2,7,1,8229,8239,C
5-NP,1073,0,8162,0,4,8166,T
5-NP,1074,20,2,8196,1,8219,G
5-NP,1075,1,8145,0,8,8154,T
5-NP,1076,131,1,3,8015,8150,C
5-NP,1077,8251,0,20,0,8271,A
5-NP,1078,8310,0,7,0,8317,A
5-NP,1079,0,2,1,8331,8334,C
5-NP,1080,2,8302,0,2,8306,T
5-NP,1081,8155,0,4,1,8160,A
5-NP,1082,1,33,8146,1,8181,G
5-NP,1083,7999,1,10,0,8010,A
5-NP,1084,0,32,7999,1,8032,G
5-NP,1085,1,73,7929,0,8003,G
5-NP,1086,7653,4,7,0,7664,A
5-NP,1087,6,2,7767,1,7776,G
5-NP,1088,1,7679,0,7,7687,T
5-NP,1089,7684,2,7,0,7693,A
5-NP,1090,6,2,1,7682,7691,C
5-NP,1091,7598,0,2,0,7600,A
5-NP,1092,7598,2,2,0,7602,A
5-NP,1093,7538,3,0,0,7541,A
5-NP,1094,0,7475,0,3,7478,T
5-NP,1095,1,7404,0,4,7409,T
5-NP,1096,1,7,7228,0,7236,G
5-NP,1097,3,1,0,7170,7174,C
5-NP,1098,1,7127,1,9,7138,T
5-NP,1099,3,7121,7,6,7137,T
5-NP,1100,50,4,0,7086,7140,C
5-NP,1101,7136,2,3,0,7141,A
5-NP,1102,7158,0,2,2,7162,A
5-NP,1103,7160,2,3,0,7165,A
5-NP,1104,1,7169,0,3,7173,T
5-NP,1105,1,78,7085,2,7166,G
5-NP,1106,7011,2,12,1,7026,A
5-NP,1107,2,81,6981,0,7064,G
5-NP,1108,7074,2,7,0,7083,A
5-NP,1109,7067,1,3,0,7071,A
5-NP,1110,4,3,0,7083,7090,C
5-NP,1111,7013,0,0,0,7013,A
5-NP,1112,3,7002,0,4,7009,T
5-NP,1113,2,36,7047,0,7085,G
5-NP,1114,0,19,7094,0,7113,G
5-NP,1115,7105,1,5,1,7112,A
5-NP,1116,1,6984,0,2,6987,T
5-NP,1117,6876,1,4,0,6881,A
5-NP,1118,7253,1,2,0,7256,A
5-NP,1119,0,7130,0,0,7130,T
5-NP,1120,7090,1,1,0,7092,A
5-NP,1121,0,7051,0,1,7052,T
5-NP,1122,6,65,6563,0,6634,G
5-NP,1123,0,23,6486,1,6510,G
5-NP,1124,1,40,6440,0,6481,G
5-NP,1125,6429,0,5,0,6434,A
5-NP,1126,0,6429,1,1,6431,T
5-NP,1127,54,4,1,5254,5313,C
5-NP,1128,10,67,5243,0,5320,G
5-NP,1129,5306,1,6,0,5313,A
5-NP,1130,1,3,5308,0,5312,G
5-NP,1131,9,4,0,5276,5289,C
5-NP,1132,5228,0,4,0,5232,A
5-NP,1133,1,1,0,5471,5473,C
5-NP,1134,0,5381,9,3,5393,T
5-NP,1135,84,1,1,5363,5449,C
5-NP,1136,1,5421,0,6,5428,T
5-NP,1137,0,5345,0,5,5350,T
5-NP,1138,5,54,5300,1,5360,G
5-NP,1139,5341,1,2,0,5344,A
5-NP,1140,5359,1,4,0,5364,A
5-NP,1141,1,0,1,5361,5363,C
5-NP,1142,0,4349,0,2,4351,T
5-NP,1143,2,52,4333,1,4388,G
5-NP,1144,4291,0,7,0,4298,A
5-NP,1145,0,11,4302,0,4313,G
5-NP,1146,4310,1,5,1,4317,A
5-NP,1147,4269,0,6,1,4276,A
5-NP,1148,1,1,4298,0,4300,G
5-NP,1149,3,7,0,4222,4232,C
5-NP,1150,178,24,4025,1,4228,G
5-NP,1151,1,17,4220,1,4239,G
5-NP,1152,1,1,4272,1,4275,G
5-NP,1153,0,4238,0,0,4238,T
5-NP,1154,4172,0,1,0,4173,A
5-NP,1155,1,2,0,4165,4168,C
5-NP,1156,2,3761,1,1,3765,T
5-NP,1157,3,21,3770,0,3794,G
5-NP,1158,1,14,3750,0,3765,G
5-NP,1159,3,3,3793,0,3799,G
5-NP,1160,5,3,0,3745,3753,C
5-NP,1161,24,4,0,3545,3573,C
5-NP,1162,3589,0,7,5,3601,A
5-NP,1163,0,3596,0,3,3599,T
5-NP,1164,3596,0,3,0,3599,A
5-NP,1165,3600,0,1,1,3602,A
5-NP,1166,2,21,3523,1,3547,G
5-NP,1167,0,34,3600,1,3635,G
5-NP,1168,3563,1,5,0,3569,A
5-NP,1169,4,0,0,3556,3560,C
5-NP,1170,21,2,0,3528,3551,C
5-NP,1171,3543,1,2,0,3546,A
5-NP,1172,0,14,3593,2,3609,G
5-NP,1173,1,33,3592,0,3626,G
5-NP,1174,3613,0,7,0,3620,A
5-NP,1175,2,1,3629,0,3632,G
5-NP,1176,1,3500,0,0,3501,T
5-NP,1177,2,7,3499,0,3508,G
5-NP,1178,9,15,3514,0,3538,G
5-NP,1179,3525,1,3,0,3529,A
5-NP,1180,0,15,3527,0,3542,G
5-NP,1181,2,10,3423,1,3436,G
5-NP,1182,3406,0,0,1,3407,A
5-NP,1183,3394,1,2,1,3398,A
5-NP,1184,3398,0,4,1,3403,A
5-NP,1185,2,1,0,3421,3424,C
5-NP,1186,3411,0,3,0,3414,A
5-NP,1187,1,1,0,3483,3485,C
5-NP,1188,1,3432,0,1,3434,T
5-NP,1189,3512,1,2,1,3516,A
5-NP,1190,3517,0,1,1,3519,A
5-NP,1191,0,3518,1,0,3519,T
5-NP,1192,32,2,0,3517,3551,C
5-NP,1193,3521,1,0,1,3523,A
5-NP,1194,3559,0,2,0,3561,A
5-NP,1195,2,0,0,3569,3571,C
5-NP,1196,3471,0,2,1,3474,A
5-NP,1197,0,13,3465,0,3478,G
5-NP,1198,3373,0,4,0,3377,A
5-NP,1199,0,23,3377,0,3400,G
5-NP,1200,0,14,3388,0,3402,G
5-NP,1201,1,4,3375,1,3381,G
5-NP,1202,3,0,0,3378,3381,C
5-NP,1203,23,0,0,3342,3365,C
5-NP,1204,1,3323,0,3,3327,T
5-NP,1205,14,0,1,3351,3366,C
5-NP,1206,17,4,0,3340,3361,C
5-NP,1207,10,2,3355,0,3367,G
5-NP,1208,2,1,0,3343,3346,C
5-NP,1209,3293,1,10,0,3304,A
5-NP,1210,0,10,3418,0,3428,G
5-NP,1211,1,5,3421,0,3427,G
5-NP,1212,2,1,0,3436,3439,C
5-NP,1213,28,2,0,3403,3433,C
5-NP,1214,3402,0,0,0,3402,A
5-NP,1215,3422,1,1,0,3424,A
5-NP,1216,3425,1,2,0,3428,A
5-NP,1217,2,1,0,3452,3455,C
5-NP,1218,21,2,1,3443,3467,C
5-NP,1219,3287,0,0,0,3287,A
5-NP,1220,0,2,3337,0,3339,G
5-NP,1221,0,3319,0,4,3323,T
5-NP,1222,1,2,3333,1,3337,G
5-NP,1223,0,3324,0,2,3326,T
5-NP,1224,5,1,3305,0,3311,G
5-NP,1225,6,2,0,3310,3318,C
5-NP,1226,3274,0,2,0,3276,A
5-NP,1227,3316,0,8,0,3324,A
5-NP,1228,1,2,0,3318,3321,C
5-NP,1229,24,1,0,3275,3300,C
5-NP,1230,2,3273,0,2,3277,T
5-NP,1231,3251,0,0,10,3261,A
5-NP,1232,0,3,1,3251,3255,C
5-NP,1233,5,0,3253,0,3258,G
5-NP,1234,1,3234,2,2,3239,T
5-NP,1235,1,3257,0,0,3258,T
5-NP,1236,0,3207,1,1,3209,T
5-NP,1237,0,3176,0,1,3177,T
5-NP,1238,17,0,0,3170,3187,C
5-NP,1239,0,3140,1,3,3144,T
5-NP,1240,2,1,3204,0,3207,G
5-NP,1241,1,3194,0,1,3196,T
5-NP,1242,3203,0,0,0,3203,A
5-NP,1243,3,1,1,3213,3218,C
5-NP,1244,3176,0,0,0,3176,A
5-NP,1245,3182,0,1,0,3183,A
5-NP,1246,3179,0,1,0,3180,A
5-NP,1247,0,13,3177,0,3190,G
5-NP,1248,3179,1,2,1,3183,A
5-NP,1249,3103,1,2,0,3106,A
5-NP,1250,3102,0,5,1,3108,A
5-NP,1251,0,1,0,3122,3123,C
5-NP,1252,7,0,0,3091,3098,C
5-NP,1253,0,3076,0,6,3082,T
5-NP,1254,14,3,0,3067,3084,C
5-NP,1255,8,1,0,3080,3089,C
5-NP,1256,43,0,0,3038,3081,C
5-NP,1257,3090,0,0,0,3090,A
5-NP,1258,1,3095,0,2,3098,T
5-NP,1259,0,3098,0,2,3100,T
5-NP,1260,1,3096,1,3,3101,T
5-NP,1261,0,19,3077,0,3096,G
5-NP,1262,3090,0,0,0,3090,A
5-NP,1263,3087,1,0,1,3089,A
5-NP,1264,3090,0,0,1,3091,A
5-NP,1265,3083,0,5,0,3088,A
5-NP,1266,1,2,3118,0,3121,G
5-NP,1267,0,3097,0,2,3099,T
5-NP,1268,43,1,0,3058,3102,C
5-NP,1269,3104,0,3,1,3108,A
5-NP,1270,3116,0,4,0,3120,A
5-NP,1271,1,1,0,3132,3134,C
5-NP,1272,20,1,1,3148,3170,C
5-NP,1273,3162,2,1,0,3165,A
5-NP,1274,0,3183,0,2,3185,T
5-NP,1275,13,0,0,3142,3155,C
5-NP,1276,3141,0,0,0,3141,A
5-NP,1277,0,3148,1,2,3151,T
5-NP,1278,2,25,3126,2,3155,G
5-NP,1279,0,1,3157,0,3158,G
5-NP,1280,2,3,0,3153,3158,C
5-NP,1281,3053,1,3,0,3057,A
5-NP,1282,1,4,3068,0,3073,G
5-NP,1283,0,1,0,3040,3041,C
5-NP,1284,3046,0,0,0,3046,A
5-NP,1285,0,3038,1,1,3040,T
5-NP,1286,0,3017,0,2,3019,T
5-NP,1287,30,4,0,2998,3032,C
5-NP,1288,3005,1,5,0,3011,A
5-NP,1289,3,1,1,3015,3020,C
5-NP,1290,1,3003,1,1,3006,T
5-NP,1291,0,9,3024,0,3033,G
5-NP,1292,1,19,3038,0,3058,G
5-NP,1293,3022,0,4,2,3028,A
5-NP,1294,3038,0,1,0,3039,A
5-NP,1295,3030,0,1,0,3031,A
5-NP,1296,0,3001,0,1,3002,T
5-NP,1297,3009,0,1,0,3010,A
5-NP,1298,0,8,0,2989,2997,C
5-NP,1299,2,8,2954,0,2964,G
5-NP,1300,1,9,2952,1,2963,G
5-NP,1301,2870,0,7,0,2877,A
5-NP,1302,1,26,2873,0,2900,G
5-NP,1303,2,21,2875,0,2898,G
5-NP,1304,0,7,2888,0,2895,G
5-NP,1305,2894,0,4,0,2898,A
5-NP,1306,2888,0,4,0,2892,A
5-NP,1307,1,29,2871,0,2901,G
5-NP,1308,2897,0,1,0,2898,A
5-NP,1309,2896,0,3,0,2899,A
5-NP,1310,2,0,1,2921,2924,C
5-NP,1311,0,2868,0,4,2872,T
5-NP,1312,0,2899,0,1,2900,T
5-NP,1313,18,3,0,2882,2903,C
5-NP,1314,2895,0,5,0,2900,A
5-NP,1315,0,17,2892,0,2909,G
5-NP,1316,2884,0,8,0,2892,A
5-NP,1317,0,0,0,2900,2900,C
5-NP,1318,2879,0,1,0,2880,A
5-NP,1319,0,2820,1,2,2823,T
5-NP,1320,0,12,2809,1,2822,G
5-NP,1321,2779,0,5,0,2784,A
5-NP,1322,0,33,2769,0,2802,G
5-NP,1323,0,26,2765,1,2792,G
5-NP,1324,1,1,2784,0,2786,G
5-NP,1325,7,3,0,2775,2785,C
5-NP,1326,2760,1,1,1,2763,A
5-NP,1327,1,13,2757,0,2771,G
5-NP,1328,2766,0,0,0,2766,A
5-NP,1329,2783,0,1,0,2784,A
5-NP,1330,2788,0,3,1,2792,A
5-NP,1331,2,2762,0,2,2766,T
5-NP,1332,24,1,0,2745,2770,C
5-NP,1333,2754,0,0,0,2754,A
5-NP,1334,0,2761,0,1,2762,T
5-NP,1335,2761,0,4,0,2765,A
5-NP,1336,2748,3,3,0,2754,A
5-NP,1337,0,24,2776,0,2800,G
5-NP,1338,2755,1,1,0,2757,A
5-NP,1339,2787,1,1,0,2789,A
5-NP,1340,1,2730,0,1,2732,T
5-NP,1341,1,21,2707,1,2730,G
5-NP,1342,2733,0,1,0,2734,A
5-NP,1343,0,2714,0,1,2715,T
5-NP,1344,0,7,2718,0,2725,G
5-NP,1345,2,7,2709,0,2718,G
5-NP,1346,2640,0,4,0,2644,A
5-NP,1347,2612,0,4,0,2616,A
5-NP,1348,2,22,2523,0,2547,G
5-NP,1349,1,0,2581,0,2582,G
5-NP,1350,1,2540,0,4,2545,T
5-NP,1351,4,1,2545,0,2550,G
5-NP,1352,5,0,0,2539,2544,C
5-NP,1353,2544,0,0,0,2544,A
5-NP,1354,2549,1,1,0,2551,A
5-NP,1355,2544,1,1,0,2546,A
5-NP,1356,2578,0,1,0,2579,A
5-NP,1357,1,0,0,2587,2588,C
5-NP,1358,19,1,2,2534,2556,C
5-NP,1359,2515,0,0,1,2516,A
5-NP,1360,0,4,2525,1,2530,G
5-NP,1361,2526,0,0,0,2526,A
5-NP,1362,2525,0,3,0,2528,A
5-NP,1363,0,9,2526,0,2535,G
5-NP,1364,2518,1,2,0,2521,A
5-NP,1365,2457,0,0,0,2457,A
5-NP,1366,0,1,2476,0,2477,G
5-NP,1367,0,2441,0,8,2449,T
5-NP,1368,2,1,2452,0,2455,G
5-NP,1369,1,2435,0,3,2439,T
5-NP,1370,46,1,0,2390,2437,C
5-NP,1371,2447,0,0,0,2447,A
5-NP,1372,0,2463,1,1,2465,T
5-NP,1373,0,2452,0,2,2454,T
5-NP,1374,18,3,0,2443,2464,C
5-NP,1375,9,2,1,2383,2395,C
5-NP,1376,14,21,2365,0,2400,G
5-NP,1377,1,17,2378,0,2396,G
5-NP,1378,0,27,2362,0,2389,G
5-NP,1379,0,15,2375,0,2390,G
5-NP,1380,0,16,2370,0,2386,G
5-NP,1381,2272,0,3,0,2275,A
5-NP,1382,0,27,2253,0,2280,G
5-NP,1383,1,15,2248,0,2264,G
5-NP,1384,0,17,2248,0,2265,G
5-NP,1385,0,13,2248,0,2261,G
5-NP,1386,2245,0,2,0,2247,A
5-NP,1387,0,1,2259,0,2260,G
5-NP,1388,0,2242,0,1,2243,T
5-NP,1389,0,2230,1,8,2239,T
5-NP,1390,1,2238,0,1,2240,T
5-NP,1391,3,2223,2,3,2231,T
5-NP,1392,15,1,0,2212,2228,C
5-NP,1393,1,23,2206,0,2230,G
5-NP,1394,2212,1,1,0,2214,A
5-NP,1395,0,3,2213,0,2216,G
5-NP,1396,2,0,0,2171,2173,C
5-NP,1397,0,2164,0,7,2171,T
5-NP,1398,7,1,0,2183,2191,C
5-NP,1399,1,2179,0,6,2186,T
5-NP,1400,22,1,0,2176,2199,C
5-NP,1401,2194,1,5,0,2200,A
5-NP,1402,0,8,2201,0,2209,G
5-NP,1403,2205,0,2,0,2207,A
5-NP,1404,1,4,0,2194,2199,C
5-NP,1405,0,31,2165,0,2196,G
5-NP,1406,2149,0,5,0,2154,A
5-NP,1407,0,7,2150,0,2157,G
5-NP,1408,2126,0,3,0,2129,A
5-NP,1409,2119,0,0,0,2119,A
5-NP,1410,1,15,2107,0,2123,G
5-NP,1411,0,1,2106,0,2107,G
5-NP,1412,2,2,0,2093,2097,C
5-NP,1413,2089,0,1,0,2090,A
5-NP,1414,2087,1,2,0,2090,A
5-NP,1415,1,2,0,2080,2083,C
5-NP,1416,1,22,2056,1,2080,G
5-NP,1417,2084,0,0,0,2084,A
5-NP,1418,2074,1,2,0,2077,A
5-NP,1419,1,1,0,2072,2074,C
5-NP,1420,12,1,0,2038,2051,C
5-NP,1421,17,0,0,2016,2033,C
5-NP,1422,2,21,2006,0,2029,G
5-NP,1423,2034,1,1,0,2036,A
5-NP,1424,1,2031,0,2,2034,T
5-NP,1425,25,1,1,1972,1999,C
5-NP,1426,6,0,1986,0,1992,G
5-NP,1427,1,1975,0,0,1976,T
5-NP,1428,0,1,1975,0,1976,G
5-NP,1429,2,2,0,1970,1974,C
5-NP,1430,16,1,1,1945,1963,C
5-NP,1431,27,0,0,1937,1964,C
5-NP,1432,0,1929,0,3,1932,T
5-NP,1433,11,1,0,1949,1961,C
5-NP,1434,1,1954,1,1,1957,T
5-NP,1435,0,1950,0,3,1953,T
5-NP,1436,0,1946,0,1,1947,T
5-NP,1437,0,1936,0,1,1937,T
5-NP,1438,0,8,1937,0,1945,G
5-NP,1439,1930,0,0,0,1930,A
5-NP,1440,0,1916,0,0,1916,T
5-NP,1441,1896,0,1,0,1897,A
5-NP,1442,0,1569,0,1,1570,T
5-NP,1443,0,16,1572,0,1588,G
5-NP,1444,1567,0,1,1,1569,A
5-NP,1445,1,2,1573,0,1576,G
5-NP,1446,1,1569,0,2,1572,T
5-NP,1447,1511,0,0,0,1511,A
5-NP,1448,1514,0,2,0,1516,A
5-NP,1449,0,1517,0,1,1518,T
5-NP,1450,0,8,1509,0,1517,G
5-NP,1451,1510,0,0,0,1510,A
5-NP,1452,1315,0,0,0,1315,A
5-NP,1453,0,8,1301,0,1309,G
5-NP,1454,0,8,1185,0,1193,G
5-NP,1455,1176,0,1,0,1177,A
5-NP,1456,0,1177,0,1,1178,T
5-NP,1457,9,0,0,1160,1169,C
5-NP,1458,2,1151,0,0,1153,T
5-NP,1459,0,1151,0,0,1151,T
5-NP,1460,1148,0,2,1,1151,A
5-NP,1461,0,1146,0,1,1147,T
5-NP,1462,0,1126,0,1,1127,T
5-NP,1463,0,1114,0,0,1114,T
5-NP,1464,4,0,1,1086,1091,C
5-NP,1465,0,1045,0,2,1047,T
5-NP,1466,0,1047,0,1,1048,T
5-NP,1467,10,1,0,1038,1049,C
5-NP,1468,1,3,1035,0,1039,G
5-NP,1469,0,4,1035,1,1040,G
5-NP,1470,1034,0,0,0,1034,A
5-NP,1471,0,8,1031,0,1039,G
5-NP,1472,1030,0,0,0,1030,A
5-NP,1473,0,0,0,1022,1022,C
5-NP,1474,945,0,2,1,948,A
5-NP,1475,949,0,0,0,949,A
5-NP,1476,1,946,0,0,947,T
5-NP,1477,0,0,948,0,948,G
5-NP,1478,2,0,0,945,947,C
5-NP,1479,921,0,2,1,924,A
5-NP,1480,1,2,920,1,924,G
5-NP,1481,919,0,0,0,919,A
5-NP,1482,852,0,0,0,852,A
5-NP,1483,0,2,849,0,851,G
5-NP,1484,522,0,0,0,522,A
5-NP,1485,0,0,521,0,521,G
5-NP,1486,0,477,0,0,477,T
5-NP,1487,473,0,0,0,473,A
5-NP,1488,1,0,0,472,473,C
5-NP,1489,3,1,428,0,432,G
5-NP,1490,429,0,0,0,429,A
5-NP,1491,0,0,0,419,419,C
5-NP,1492,289,0,0,0,289,A
5-NP,1493,286,0,0,0,286,A
5-NP,1494,0,227,0,0,227,T
5-NP,1495,0,213,0,0,213,T
5-NP,1496,212,0,0,0,212,A
5-NP,1497,203,0,0,0,203,A
6-NA,1,15,0,0,0,15,A
6-NA,2,0,15,0,0,15,T
6-NA,3,0,0,15,0,15,G
6-NA,4,17,0,0,0,17,A
6-NA,5,19,0,0,0,19,A
6-NA,6,0,19,0,0,19,T
6-NA,7,0,0,0,19,19,C
6-NA,8,0,0,0,19,19,C
6-NA,9,19,0,0,0,19,A
6-NA,10,20,0,0,0,20,A
6-NA,11,20,0,0,0,20,A
6-NA,12,0,18,1,0,19,T
6-NA,13,2,0,0,18,20,C
6-NA,14,20,0,0,0,20,A
6-NA,15,20,0,0,0,20,A
6-NA,16,20,0,0,0,20,A
6-NA,17,22,0,0,0,22,A
6-NA,18,0,0,24,0,24,G
6-NA,19,26,0,0,0,26,A
6-NA,20,0,27,0,0,27,T
6-NA,21,28,0,0,0,28,A
6-NA,22,31,0,0,0,31,A
6-NA,23,0,31,0,0,31,T
6-NA,24,31,0,0,0,31,A
6-NA,25,31,0,0,0,31,A
6-NA,26,0,1,0,31,32,C
6-NA,27,0,0,32,0,32,G
6-NA,28,31,0,0,0,31,A
6-NA,29,0,32,0,0,32,T
6-NA,30,0,32,0,0,32,T
6-NA,31,0,0,33,0,33,G
6-NA,32,0,1,36,0,37,G
6-NA,33,0,0,0,37,37,C
6-NA,34,0,37,0,0,37,T
6-NA,35,0,0,0,37,37,C
6-NA,36,0,37,0,0,37,T
6-NA,37,0,0,38,0,38,G
6-NA,38,0,38,0,0,38,T
6-NA,39,0,38,0,0,38,T
6-NA,40,0,39,0,0,39,T
6-NA,41,0,0,0,41,41,C
6-NA,42,0,41,0,0,41,T
6-NA,43,0,0,0,41,41,C
6-NA,44,0,41,0,0,41,T
6-NA,45,1,0,0,42,43,C
6-NA,46,43,0,0,0,43,A
6-NA,47,0,0,0,43,43,C
6-NA,48,0,0,0,44,44,C
6-NA,49,44,0,0,0,44,A
6-NA,50,0,44,0,0,44,T
6-NA,51,0,46,0,0,46,T
6-NA,52,0,47,0,0,47,T
6-NA,53,0,0,0,49,49,C
6-NA,54,0,0,0,49,49,C
6-NA,55,50,0,0,0,50,A
6-NA,56,0,0,0,52,52,C
6-NA,57,52,0,0,0,52,A
6-NA,58,59,0,0,0,59,A
6-NA,59,0,58,0,0,58,T
6-NA,60,63,0,0,0,63,A
6-NA,61,0,64,0,0,64,T
6-NA,62,0,0,64,0,64,G
6-NA,63,0,0,0,64,64,C
6-NA,64,0,64,0,0,64,T
6-NA,65,0,65,0,0,65,T
6-NA,66,0,0,0,65,65,C
6-NA,67,0,64,0,0,64,T
6-NA,68,0,64,0,0,64,T
6-NA,69,0,0,0,64,64,C
6-NA,70,63,1,0,0,64,A
6-NA,71,0,64,0,0,64,T
6-NA,72,0,0,65,0,65,G
6-NA,73,0,0,0,65,65,C
6-NA,74,64,0,0,0,64,A
6-NA,75,64,0,0,0,64,A
6-NA,76,65,0,0,0,65,A
6-NA,77,0,69,0,0,69,T
6-NA,78,0,69,0,0,69,T
6-NA,79,0,0,69,0,69,G
6-NA,80,0,0,0,69,69,C
6-NA,81,2,0,0,67,69,C
6-NA,82,72,0,0,0,72,A
6-NA,83,0,72,0,0,72,T
6-NA,84,0,0,0,72,72,C
6-NA,85,0,74,0,0,74,T
6-NA,86,0,74,0,0,74,T
6-NA,87,0,0,77,0,77,G
6-NA,88,77,0,0,0,77,A
6-NA,89,0,78,0,0,78,T
6-NA,90,78,0,0,0,78,A
6-NA,91,76,0,0,0,76,A
6-NA,92,0,0,0,89,89,C
6-NA,93,0,89,0,0,89,T
6-NA,94,90,0,0,0,90,A
6-NA,95,0,0,0,93,93,C
6-NA,96,0,92,0,0,92,T
6-NA,97,0,0,91,0,91,G
6-NA,98,0,91,0,0,91,T
6-NA,99,93,0,0,0,93,A
6-NA,100,92,0,0,0,92,A
6-NA,101,0,0,0,93,93,C
6-NA,102,91,0,0,0,91,A
6-NA,103,0,91,0,0,91,T
6-NA,104,0,91,0,0,91,T
6-NA,105,0,0,91,0,91,G
6-NA,106,0,0,0,91,91,C
6-NA,107,91,0,0,0,91,A
6-NA,108,0,91,0,0,91,T
6-NA,109,0,89,0,0,89,T
6-NA,110,0,89,0,0,89,T
6-NA,111,0,0,0,89,89,C
6-NA,112,88,0,0,0,88,A
6-NA,113,90,0,0,0,90,A
6-NA,114,0,1,90,0,91,G
6-NA,115,0,0,0,92,92,C
6-NA,116,91,0,0,0,91,A
6-NA,117,93,0,0,0,93,A
6-NA,118,0,95,0,0,95,T
6-NA,119,95,0,0,0,95,A
6-NA,120,0,95,0,0,95,T
6-NA,121,0,0,98,0,98,G
6-NA,122,97,1,0,0,98,A
6-NA,123,103,0,0,0,103,A
6-NA,124,0,101,0,1,102,T
6-NA,125,0,100,0,1,101,T
6-NA,126,1,1,0,98,100,C
6-NA,127,99,0,0,0,99,A
6-NA,128,100,0,0,0,100,A
6-NA,129,0,0,0,100,100,C
6-NA,130,0,100,0,0,100,T
6-NA,131,0,0,0,103,103,C
6-NA,132,0,1,0,102,103,C
6-NA,133,1,0,0,102,103,C
6-NA,134,1,0,0,104,105,C
6-NA,135,1,1,0,103,105,C
6-NA,136,1,0,0,105,106,C
6-NA,137,0,0,0,107,107,C
6-NA,138,107,0,0,0,107,A
6-NA,139,107,0,0,0,107,A
6-NA,140,107,0,0,0,107,A
6-NA,141,0,0,0,107,107,C
6-NA,142,108,0,0,0,108,A
6-NA,143,112,0,0,0,112,A
6-NA,144,0,0,0,112,112,C
6-NA,145,1,0,0,113,114,C
6-NA,146,116,0,0,0,116,A
6-NA,147,117,0,0,0,117,A
6-NA,148,0,1,118,0,119,G
6-NA,149,0,118,0,0,118,T
6-NA,150,0,0,119,0,119,G
6-NA,151,121,0,0,0,121,A
6-NA,152,0,119,0,0,119,T
6-NA,153,0,0,119,0,119,G
6-NA,154,0,0,0,120,120,C
6-NA,155,0,122,0,0,122,T
6-NA,156,0,0,137,0,137,G
6-NA,157,0,137,0,0,137,T
6-NA,158,0,1,135,0,136,G
6-NA,159,0,137,0,0,137,T
6-NA,160,0,4,131,0,135,G
6-NA,161,135,0,0,0,135,A
6-NA,162,133,0,0,0,133,A
6-NA,163,0,0,0,134,134,C
6-NA,164,2,0,0,132,134,C
6-NA,165,131,0,0,0,131,A
6-NA,166,131,0,0,0,131,A
6-NA,167,1,0,0,135,136,C
6-NA,168,136,0,0,0,136,A
6-NA,169,137,0,0,0,137,A
6-NA,170,0,137,0,0,137,T
6-NA,171,137,0,0,0,137,A
6-NA,172,137,0,0,0,137,A
6-NA,173,0,137,0,0,137,T
6-NA,174,135,0,0,0,135,A
6-NA,175,1,1,132,0,134,G
6-NA,176,133,0,0,0,133,A
6-NA,177,135,0,0,0,135,A
6-NA,178,135,0,0,0,135,A
6-NA,179,0,2,133,0,135,G
6-NA,180,136,0,0,0,136,A
6-NA,181,137,0,0,0,137,A
6-NA,182,139,0,0,0,139,A
6-NA,183,0,0,0,139,139,C
6-NA,184,140,1,0,0,141,A
6-NA,185,0,141,0,0,141,T
6-NA,186,145,0,0,1,146,A
6-NA,187,146,0,1,0,147,A
6-NA,188,0,0,0,147,147,C
6-NA,189,150,0,0,0,150,A
6-NA,190,0,1,157,0,158,G
6-NA,191,156,0,0,0,156,A
6-NA,192,0,0,155,0,155,G
6-NA,193,156,0,0,0,156,A
6-NA,194,0,163,0,0,163,T
6-NA,195,163,0,0,0,163,A
6-NA,196,0,0,166,0,166,G
6-NA,197,0,164,0,0,164,T
6-NA,198,0,0,171,0,171,G
6-NA,199,0,167,0,1,168,T
6-NA,200,167,0,1,0,168,A
6-NA,201,0,166,0,0,166,T
6-NA,202,0,0,0,165,165,C
6-NA,203,0,166,0,0,166,T
6-NA,204,0,6,168,0,174,G
6-NA,205,174,0,0,0,174,A
6-NA,206,0,0,0,173,173,C
6-NA,207,3,0,0,173,176,C
6-NA,208,174,0,0,0,174,A
6-NA,209,177,0,0,0,177,A
6-NA,210,0,0,0,178,178,C
6-NA,211,179,0,0,0,179,A
6-NA,212,0,0,0,187,187,C
6-NA,213,1,1,0,186,188,C
6-NA,214,192,0,0,0,192,A
6-NA,215,0,0,0,200,200,C
6-NA,216,3,0,0,195,198,C
6-NA,217,199,1,0,0,200,A
6-NA,218,0,199,0,0,199,T
6-NA,219,193,0,0,0,193,A
6-NA,220,0,1,191,0,192,G
6-NA,221,190,0,0,0,190,A
6-NA,222,0,0,190,0,190,G
6-NA,223,186,0,0,0,186,A
6-NA,224,184,0,1,0,185,A
6-NA,225,0,1,184,0,185,G
6-NA,226,1,2,180,0,183,G
6-NA,227,185,0,0,0,185,A
6-NA,228,185,0,0,0,185,A
6-NA,229,185,0,1,0,186,A
6-NA,230,0,186,0,0,186,T
6-NA,231,184,0,0,0,184,A
6-NA,232,0,184,0,0,184,T
6-NA,233,0,0,183,0,183,G
6-NA,234,0,0,0,186,186,C
6-NA,235,2,2,0,184,188,C
6-NA,236,1,0,0,183,184,C
6-NA,237,2,0,0,187,189,C
6-NA,238,189,0,0,0,189,A
6-NA,239,189,0,0,0,189,A
6-NA,240,187,0,0,0,187,A
6-NA,241,0,184,0,0,184,T
6-NA,242,0,187,0,0,187,T
6-NA,243,187,0,1,0,188,A
6-NA,244,0,0,187,0,187,G
6-NA,245,0,0,0,187,187,C
6-NA,246,188,0,0,0,188,A
6-NA,247,0,2,188,0,190,G
6-NA,248,187,0,1,0,188,A
6-NA,249,189,0,0,0,189,A
6-NA,250,0,191,0,0,191,T
6-NA,251,191,0,0,0,191,A
6-NA,252,0,0,0,191,191,C
6-NA,253,191,0,0,0,191,A
6-NA,254,0,1,191,0,192,G
6-NA,255,190,0,0,0,190,A
6-NA,256,190,0,0,0,190,A
6-NA,257,190,0,0,0,190,A
6-NA,258,0,184,0,0,184,T
6-NA,259,0,184,0,0,184,T
6-NA,260,0,6,177,0,183,G
6-NA,261,0,0,183,0,183,G
6-NA,262,0,184,0,0,184,T
6-NA,263,1,0,0,181,182,C
6-NA,264,184,0,0,0,184,A
6-NA,265,184,0,0,0,184,A
6-NA,266,184,0,0,0,184,A
6-NA,267,0,0,184,0,184,G
6-NA,268,0,0,0,185,185,C
6-NA,269,0,2,0,182,184,C
6-NA,270,0,0,186,0,186,G
6-NA,271,0,0,0,185,185,C
6-NA,272,186,0,0,0,186,A
6-NA,273,187,0,0,0,187,A
6-NA,274,0,186,0,0,186,T
6-NA,275,0,0,186,0,186,G
6-NA,276,0,0,0,181,181,C
6-NA,277,0,2,182,0,184,G
6-NA,278,186,0,1,0,187,A
6-NA,279,0,0,0,189,189,C
6-NA,280,190,0,0,0,190,A
6-NA,281,0,191,0,0,191,T
6-NA,282,0,192,0,0,192,T
6-NA,283,193,0,0,0,193,A
6-NA,284,0,0,0,193,193,C
6-NA,285,191,0,0,0,191,A
6-NA,286,0,1,189,0,190,G
6-NA,287,0,0,189,0,189,G
6-NA,288,191,0,0,0,191,A
6-NA,289,0,189,0,0,189,T
6-NA,290,0,186,0,1,187,T
6-NA,291,0,187,0,0,187,T
6-NA,292,0,0,187,0,187,G
6-NA,293,0,0,0,186,186,C
6-NA,294,187,0,0,0,187,A
6-NA,295,0,0,0,185,185,C
6-NA,296,0,0,0,185,185,C
6-NA,297,0,188,0,0,188,T
6-NA,298,0,190,0,0,190,T
6-NA,299,0,190,0,0,190,T
6-NA,300,0,191,0,0,191,T
6-NA,301,0,190,0,0,190,T
6-NA,302,1,0,0,191,192,C
6-NA,303,0,191,0,1,192,T
6-NA,304,191,0,0,0,191,A
6-NA,305,189,0,2,0,191,A
6-NA,306,0,2,193,0,195,G
6-NA,307,0,3,193,0,196,G
6-NA,308,196,0,0,0,196,A
6-NA,309,0,0,0,198,198,C
6-NA,310,197,0,0,0,197,A
6-NA,311,197,0,0,0,197,A
6-NA,312,0,194,0,0,194,T
6-NA,313,0,195,0,0,195,T
6-NA,314,0,0,0,200,200,C
6-NA,315,0,3,197,0,200,G
6-NA,316,200,0,1,0,201,A
6-NA,317,0,198,0,0,198,T
6-NA,318,0,200,0,0,200,T
6-NA,319,201,0,0,0,201,A
6-NA,320,0,1,200,0,201,G
6-NA,321,0,1,201,0,202,G
6-NA,322,0,0,0,204,204,C
6-NA,323,0,197,0,0,197,T
6-NA,324,0,200,0,0,200,T
6-NA,325,0,200,0,0,200,T
6-NA,326,0,0,0,202,202,C
6-NA,327,1,0,0,201,202,C
6-NA,328,0,0,200,0,200,G
6-NA,329,0,0,0,203,203,C
6-NA,330,0,201,0,0,201,T
6-NA,331,0,1,210,0,211,G
6-NA,332,0,0,209,0,209,G
6-NA,333,0,208,0,0,208,T
6-NA,334,0,1,209,0,210,G
6-NA,335,0,2,205,0,207,G
6-NA,336,0,1,206,0,207,G
6-NA,337,0,4,205,0,209,G
6-NA,338,211,0,0,0,211,A
6-NA,339,0,0,0,214,214,C
6-NA,340,210,0,0,0,210,A
6-NA,341,0,209,0,0,209,T
6-NA,342,0,0,0,209,209,C
6-NA,343,0,209,0,0,209,T
6-NA,344,0,1,210,0,211,G
6-NA,345,0,0,210,0,210,G
6-NA,346,0,0,211,0,211,G
6-NA,347,0,206,0,0,206,T
6-NA,348,0,4,196,0,200,G
6-NA,349,201,1,0,0,202,A
6-NA,350,0,0,0,216,216,C
6-NA,351,217,0,0,0,217,A
6-NA,352,282,0,0,0,282,A
6-NA,353,0,4,303,0,307,G
6-NA,354,309,0,0,0,309,A
6-NA,355,0,1,394,0,395,G
6-NA,356,442,0,1,0,443,A
6-NA,357,572,0,0,0,572,A
6-NA,358,0,1,0,1039,1040,C
6-NA,359,1,0,0,1226,1227,C
6-NA,360,0,1242,0,0,1242,T
6-NA,361,0,1276,0,0,1276,T
6-NA,362,1281,0,1,0,1282,A
6-NA,363,1,1300,0,1,1302,T
6-NA,364,0,1,1521,2,1524,G
6-NA,365,0,1567,0,0,1567,T
6-NA,366,0,1,1708,0,1709,G
6-NA,367,0,1704,0,1,1705,T
6-NA,368,15,0,0,1704,1719,C
6-NA,369,1731,10,1,33,1775,A
6-NA,370,0,1782,0,1,1783,T
6-NA,371,0,4,1778,0,1782,G
6-NA,372,2,11,0,1769,1782,C
6-NA,373,1,29,1760,0,1790,G
6-NA,374,2252,0,2,0,2254,A
6-NA,375,0,2255,0,1,2256,T
6-NA,376,10,0,0,2309,2319,C
6-NA,377,13,0,1,2314,2328,C
6-NA,378,0,2431,0,8,2439,T
6-NA,379,1,51,2449,0,2501,G
6-NA,380,2494,0,4,0,2498,A
6-NA,381,0,1,0,2511,2512,C
6-NA,382,2511,1,0,0,2512,A
6-NA,383,2508,0,3,1,2512,A
6-NA,384,8,0,2670,0,2678,G
6-NA,385,0,2677,0,0,2677,T
6-NA,386,0,1,2746,0,2747,G
6-NA,387,0,2752,0,0,2752,T
6-NA,388,1,2759,1,1,2762,T
6-NA,389,2779,0,0,1,2780,A
6-NA,390,1,2776,0,4,2781,T
6-NA,391,17,0,1,2847,2865,C
6-NA,392,2878,0,1,1,2880,A
6-NA,393,2887,0,2,1,2890,A
6-NA,394,0,2880,0,1,2881,T
6-NA,395,0,2877,1,3,2881,T
6-NA,396,0,2879,0,2,2881,T
6-NA,397,1,9,2902,0,2912,G
6-NA,398,0,1,0,3211,3212,C
6-NA,399,19,0,0,3188,3207,C
6-NA,400,25,0,0,3216,3241,C
6-NA,401,1,3230,0,9,3240,T
6-NA,402,0,3249,0,0,3249,T
6-NA,403,0,44,3275,1,3320,G
6-NA,404,0,36,3302,0,3338,G
6-NA,405,3355,0,6,1,3362,A
6-NA,406,0,2,0,3369,3371,C
6-NA,407,3331,0,6,0,3337,A
6-NA,408,1,35,3436,1,3473,G
6-NA,409,1,15,3465,0,3481,G
6-NA,410,1,63,3663,0,3727,G
6-NA,411,3723,1,6,0,3730,A
6-NA,412,3723,2,4,0,3729,A
6-NA,413,0,6,0,3734,3740,C
6-NA,414,3733,1,6,0,3740,A
6-NA,415,4222,0,5,1,4228,A
6-NA,416,1,3,0,4279,4283,C
6-NA,417,4302,1,1,1,4305,A
6-NA,418,1,1,0,4361,4363,C
6-NA,419,0,4330,0,3,4333,T
6-NA,420,4405,0,1,0,4406,A
6-NA,421,4401,0,1,0,4402,A
6-NA,422,4428,1,4,1,4434,A
6-NA,423,0,3,0,4438,4441,C
6-NA,424,4341,0,3,0,4344,A
6-NA,425,4351,1,0,1,4353,A
6-NA,426,0,4,0,4379,4383,C
6-NA,427,4,1,4384,0,4389,G
6-NA,428,0,4379,0,4,4383,T
6-NA,429,3,6,4374,1,4384,G
6-NA,430,3,2,0,4420,4425,C
6-NA,431,4439,0,4,0,4443,A
6-NA,432,0,4470,1,2,4473,T
6-NA,433,1,4475,1,2,4479,T
6-NA,434,32,3,0,4552,4587,C
6-NA,435,4675,1,4,0,4680,A
6-NA,436,4707,0,1,0,4708,A
6-NA,437,4738,0,9,0,4747,A
6-NA,438,0,4758,0,2,4760,T
6-NA,439,3,117,4638,2,4760,G
6-NA,440,4849,1,5,0,4855,A
6-NA,441,2,1,0,4884,4887,C
6-NA,442,4871,0,6,0,4877,A
6-NA,443,0,1,0,4989,4990,C
6-NA,444,4942,0,4,0,4946,A
6-NA,445,0,1,6205,1,6207,G
6-NA,446,0,6213,0,0,6213,T
6-NA,447,6340,0,0,0,6340,A
6-NA,448,5,8,0,6355,6368,C
6-NA,449,5,2,6353,0,6360,G
6-NA,450,0,6609,1,7,6617,T
6-NA,451,3,70,6563,0,6636,G
6-NA,452,6677,1,4,0,6682,A
6-NA,453,2,6710,0,1,6713,T
6-NA,454,6357,0,7,1,6365,A
6-NA,455,3,57,6312,1,6373,G
6-NA,456,0,58,6318,0,6376,G
6-NA,457,6385,2,10,0,6397,A
6-NA,458,3,1,0,6516,6520,C
6-NA,459,37,3,0,6440,6480,C
6-NA,460,39,1,2,6528,6570,C
6-NA,461,61,0,1,6536,6598,C
6-NA,462,1,6660,0,4,6665,T
6-NA,463,0,6772,0,0,6772,T
6-NA,464,6824,1,0,0,6825,A
6-NA,465,2,6827,0,3,6832,T
6-NA,466,39,8,0,6778,6825,C
6-NA,467,6,47,6743,2,6798,G
6-NA,468,2,78,6738,0,6818,G
6-NA,469,6819,1,6,0,6826,A
6-NA,470,5,3,1,6889,6898,C
6-NA,471,60,2,0,6808,6870,C
6-NA,472,52,0,0,7140,7192,C
6-NA,473,2,7183,1,3,7189,T
6-NA,474,7340,0,3,0,7343,A
6-NA,475,0,7349,0,5,7354,T
6-NA,476,1,7349,0,7,7357,T
6-NA,477,6,44,7320,0,7370,G
6-NA,478,7384,1,3,0,7388,A
6-NA,479,4,7352,0,1,7357,T
6-NA,480,3,93,7286,1,7383,G
6-NA,481,7213,1,10,0,7224,A
6-NA,482,7223,0,17,1,7241,A
6-NA,483,0,7241,0,2,7243,T
6-NA,484,1,104,7270,1,7376,G
6-NA,485,7495,1,7,2,7505,A
6-NA,486,1,2,7568,0,7571,G
6-NA,487,1,7542,1,4,7548,T
6-NA,488,0,7555,0,1,7556,T
6-NA,489,7583,3,13,2,7601,A
6-NA,490,1,48,7560,0,7609,G
6-NA,491,1,6,7628,0,7635,G
6-NA,492,3,7609,1,7,7620,T
6-NA,493,2,4,7620,0,7626,G
6-NA,494,1,7550,2,17,7570,T
6-NA,495,1,7532,0,14,7547,T
6-NA,496,63,0,2,7579,7644,C
6-NA,497,36,2,1,7652,7691,C
6-NA,498,0,7662,2,13,7677,T
6-NA,499,0,7676,3,4,7683,T
6-NA,500,1,7668,1,15,7685,T
6-NA,501,1,7689,0,3,7693,T
6-NA,502,62,4,0,7667,7733,C
6-NA,503,7720,0,4,0,7724,A
6-NA,504,3,7907,2,16,7928,T
6-NA,505,15,2,0,7921,7938,C
6-NA,506,3,7867,0,3,7873,T
6-NA,507,3,65,7794,0,7862,G
6-NA,508,24,84,7734,1,7843,G
6-NA,509,3,52,7819,1,7875,G
6-NA,510,7,92,7866,0,7965,G
6-NA,511,7922,2,41,1,7966,A
6-NA,512,3,4,0,8060,8067,C
6-NA,513,57,1,0,7930,7988,C
6-NA,514,8114,0,7,2,8123,A
6-NA,515,8141,0,8,0,8149,A
6-NA,516,1,10,8136,0,8147,G
6-NA,517,12,3,0,8174,8189,C
6-NA,518,8160,0,7,1,8168,A
6-NA,519,8290,0,17,0,8307,A
6-NA,520,2,3,8354,0,8359,G
6-NA,521,1,8309,0,5,8315,T
6-NA,522,4,4,8557,0,8565,G
6-NA,523,2,8510,1,4,8517,T
6-NA,524,5,8,8770,0,8783,G
6-NA,525,12,5,2,8764,8783,C
6-NA,526,8762,1,3,0,8766,A
6-NA,527,2,8870,0,5,8877,T
6-NA,528,8735,0,6,1,8742,A
6-NA,529,2,10,9025,0,9037,G
6-NA,530,10,7,0,8998,9015,C
6-NA,531,8875,0,2,0,8877,A
6-NA,532,1,8864,0,7,8872,T
6-NA,533,2,77,8660,0,8739,G
6-NA,534,4,5,9320,0,9329,G
6-NA,535,3,9319,0,16,9338,T
6-NA,536,99,1,2,9161,9263,C
6-NA,537,45,6,1,9253,9305,C
6-NA,538,9312,2,13,1,9328,A
6-NA,539,2,13,9554,0,9569,G
6-NA,540,6,5,0,9575,9586,C
6-NA,541,0,9551,1,18,9570,T
6-NA,542,98,1,0,9507,9606,C
6-NA,543,9388,2,3,0,9393,A
6-NA,544,9493,0,4,2,9499,A
6-NA,545,2,1,9524,0,9527,G
6-NA,546,1,9542,1,2,9546,T
6-NA,547,0,9529,0,5,9534,T
6-NA,548,2,3,9540,1,9546,G
6-NA,549,0,9537,0,5,9542,T
6-NA,550,124,4,0,9405,9533,C
6-NA,551,9534,1,5,1,9541,A
6-NA,552,1,19,0,9608,9628,C
6-NA,553,2,54,9532,0,9588,G
6-NA,554,9719,1,6,1,9727,A
6-NA,555,2,9738,0,10,9750,T
6-NA,556,8,60,9836,2,9906,G
6-NA,557,5,38,9913,0,9956,G
6-NA,558,9957,1,10,0,9968,A
6-NA,559,9966,3,13,1,9983,A
6-NA,560,10078,1,7,3,10089,A
6-NA,561,10078,1,27,0,10106,A
6-NA,562,0,10,10204,0,10214,G
6-NA,563,10,3,0,10179,10192,C
6-NA,564,10161,2,12,1,10176,A
6-NA,565,0,10180,0,1,10181,T
6-NA,566,6,92,10167,0,10265,G
6-NA,567,1,2,10327,0,10330,G
6-NA,568,4,0,1,10431,10436,C
6-NA,569,2,10371,3,6,10382,T
6-NA,570,5,6,10439,1,10451,G
6-NA,571,6,8,0,10393,10407,C
6-NA,572,10432,0,6,0,10438,A
6-NA,573,4,10715,3,2,10724,T
6-NA,574,5,4,10762,0,10771,G
6-NA,575,4,10796,1,7,10808,T
6-NA,576,2,10989,1,13,11005,T
6-NA,577,0,10965,0,8,10973,T
6-NA,578,3,5,11503,1,11512,G
6-NA,579,4,11484,0,11,11499,T
6-NA,580,11520,1,3,1,11525,A
6-NA,581,1,11558,0,1,11560,T
6-NA,582,11399,0,4,0,11403,A
6-NA,583,11437,1,8,0,11446,A
6-NA,584,4,38,1,11345,11388,C
6-NA,585,16,96,11170,4,11286,G
6-NA,586,24,96,11226,1,11347,G
6-NA,587,4,130,11039,0,11173,G
6-NA,588,2,91,11110,0,11203,G
6-NA,589,23,44,11140,0,11207,G
6-NA,590,11163,1,20,0,11184,A
6-NA,591,3,11191,1,3,11198,T
6-NA,592,51,81,11089,0,11221,G
6-NA,593,11250,6,14,2,11272,A
6-NA,594,0,11314,0,3,11317,T
6-NA,595,11275,0,4,2,11281,A
6-NA,596,11424,3,1,1,11429,A
6-NA,597,11441,2,4,0,11447,A
6-NA,598,11445,0,5,1,11451,A
6-NA,599,11493,2,4,0,11499,A
6-NA,600,0,11490,0,0,11490,T
6-NA,601,3,17,11465,0,11485,G
6-NA,602,9,4,0,11458,11471,C
6-NA,603,11437,2,9,0,11448,A
6-NA,604,11509,0,15,0,11524,A
6-NA,605,2,4,0,11614,11620,C
6-NA,606,1,11575,0,36,11612,T
6-NA,607,10,8,11655,0,11673,G
6-NA,608,4,5,0,11640,11649,C
6-NA,609,3,11657,0,5,11665,T
6-NA,610,11656,1,13,0,11670,A
6-NA,611,2,8,11696,0,11706,G
6-NA,612,8,3,0,11823,11834,C
6-NA,613,1,11800,3,18,11822,T
6-NA,614,4,11765,0,10,11779,T
6-NA,615,72,2,2,11830,11906,C
6-NA,616,11942,1,6,1,11950,A
6-NA,617,1,11957,3,3,11964,T
6-NA,618,1,11985,0,3,11989,T
6-NA,619,0,12053,1,10,12064,T
6-NA,620,12147,1,4,0,12152,A
6-NA,621,5,3,0,12249,12257,C
6-NA,622,12151,2,4,0,12157,A
6-NA,623,12267,1,12,0,12280,A
6-NA,624,0,12197,0,3,12200,T
6-NA,625,4,169,11989,1,12163,G
6-NA,626,2,54,12089,0,12145,G
6-NA,627,5,60,12095,0,12160,G
6-NA,628,12073,3,16,1,12093,A
6-NA,629,3,75,12273,0,12351,G
6-NA,630,2,12,12460,0,12474,G
6-NA,631,7,2,0,13295,13304,C
6-NA,632,0,13268,0,26,13294,T
6-NA,633,1,13398,1,4,13404,T
6-NA,634,29,5,13505,1,13540,G
6-NA,635,5,13514,0,11,13530,T
6-NA,636,13733,3,7,0,13743,A
6-NA,637,3,52,13744,0,13799,G
6-NA,638,13590,2,12,0,13604,A
6-NA,639,2,13623,0,4,13629,T
6-NA,640,12756,2,7,0,12765,A
6-NA,641,3,9,12767,0,12779,G
6-NA,642,3,12659,0,12,12674,T
6-NA,643,6,3,12462,1,12472,G
6-NA,644,1,12996,0,11,13008,T
6-NA,645,3,13000,1,10,13014,T
6-NA,646,11,1,13219,0,13231,G
6-NA,647,2,13157,4,27,13190,T
6-NA,648,1,13213,2,8,13224,T
6-NA,649,1,13220,0,13,13234,T
6-NA,650,130,5,1,12919,13055,C
6-NA,651,13001,3,18,0,13022,A
6-NA,652,3,12972,1,5,12981,T
6-NA,653,3,118,12855,0,12976,G
6-NA,654,5,5,13667,1,13678,G
6-NA,655,2,13561,0,14,13577,T
6-NA,656,128,3,0,13458,13589,C
6-NA,657,123,4,0,13440,13567,C
6-NA,658,13626,0,4,0,13630,A
6-NA,659,13687,0,3,1,13691,A
6-NA,660,13635,3,58,0,13696,A
6-NA,661,2,92,13660,0,13754,G
6-NA,662,13701,3,6,1,13711,A
6-NA,663,13319,1,16,0,13336,A
6-NA,664,13352,1,6,1,13360,A
6-NA,665,2,13325,1,5,13333,T
6-NA,666,84,2,1,13583,13670,C
6-NA,667,84,2,0,13561,13647,C
6-NA,668,0,13608,1,14,13623,T
6-NA,669,66,4,0,13588,13658,C
6-NA,670,13622,2,12,2,13638,A
6-NA,671,1,69,13702,0,13772,G
6-NA,672,1,114,13652,3,13770,G
6-NA,673,14047,1,20,0,14068,A
6-NA,674,9,1,0,14049,14059,C
6-NA,675,46,2,0,13799,13847,C
6-NA,676,120,2,3,13755,13880,C
6-NA,677,13880,4,9,0,13893,A
6-NA,678,3,60,13889,1,13953,G
6-NA,679,1,116,13866,0,13983,G
6-NA,680,13900,4,25,2,13931,A
6-NA,681,1,6,14062,1,14070,G
6-NA,682,3,13779,0,22,13804,T
6-NA,683,143,5,0,13686,13834,C
6-NA,684,13787,0,16,1,13804,A
6-NA,685,1,83,13821,2,13907,G
6-NA,686,13837,2,12,1,13852,A
6-NA,687,13874,0,4,0,13878,A
6-NA,688,0,13805,1,4,13810,T
6-NA,689,7,15,13865,0,13887,G
6-NA,690,23,18,0,13814,13855,C
6-NA,691,14,4,13921,0,13939,G
6-NA,692,4,13870,8,5,13887,T
6-NA,693,2,13839,2,44,13887,T
6-NA,694,0,13803,0,4,13807,T
6-NA,695,2,10,13933,0,13945,G
6-NA,696,3,13974,0,11,13988,T
6-NA,697,13990,1,5,0,13996,A
6-NA,698,2,13956,1,10,13969,T
6-NA,699,126,2,1,13807,13936,C
6-NA,700,13887,3,4,0,13894,A
6-NA,701,13887,0,3,23,13913,A
6-NA,702,5,13909,1,3,13918,T
6-NA,703,4,102,13812,1,13919,G
6-NA,704,2,142,13792,2,13938,G
6-NA,705,14108,1,17,0,14126,A
6-NA,706,14118,1,27,0,14146,A
6-NA,707,3,5,0,14255,14263,C
6-NA,708,1,14306,1,13,14321,T
6-NA,709,2,14291,0,5,14298,T
6-NA,710,3,3,14684,0,14690,G
6-NA,711,5,14684,2,7,14698,T
6-NA,712,14680,4,13,1,14698,A
6-NA,713,2,9,1,14900,14912,C
6-NA,714,14541,1,21,3,14566,A
6-NA,715,7,10,15347,1,15365,G
6-NA,716,0,15229,0,9,15238,T
6-NA,717,15735,4,9,0,15748,A
6-NA,718,4,7,15817,1,15829,G
6-NA,719,4,15519,0,9,15532,T
6-NA,720,15505,0,8,1,15514,A
6-NA,721,15507,1,6,1,15515,A
6-NA,722,2,15451,1,4,15458,T
6-NA,723,3,293,15239,3,15538,G
6-NA,724,15172,3,12,0,15187,A
6-NA,725,5,5,0,15353,15363,C
6-NA,726,4,14878,0,16,14898,T
6-NA,727,8,62,14872,2,14944,G
6-NA,728,14915,1,20,0,14936,A
6-NA,729,2,14983,0,15,15000,T
6-NA,730,43,182,14770,0,14995,G
6-NA,731,7,64,14839,0,14910,G
6-NA,732,2,120,14792,2,14916,G
6-NA,733,14608,3,20,2,14633,A
6-NA,734,5,3,14626,0,14634,G
6-NA,735,1,14481,0,10,14492,T
6-NA,736,13,19,14512,0,14544,G
6-NA,737,12,3,1,14518,14534,C
6-NA,738,0,14481,1,7,14489,T
6-NA,739,0,14491,1,7,14499,T
6-NA,740,85,3,0,14350,14438,C
6-NA,741,17,109,14231,1,14358,G
6-NA,742,5,52,14462,2,14521,G
6-NA,743,2,82,14451,4,14539,G
6-NA,744,14524,1,16,2,14543,A
6-NA,745,14423,2,10,0,14435,A
6-NA,746,14362,2,6,0,14370,A
6-NA,747,14404,2,38,0,14444,A
6-NA,748,0,3,14515,0,14518,G
6-NA,749,7,2,0,14498,14507,C
6-NA,750,2,14404,2,6,14414,T
6-NA,751,5,88,14330,2,14425,G
6-NA,752,14401,1,19,0,14421,A
6-NA,753,4,14557,0,4,14565,T
6-NA,754,14595,3,10,0,14608,A
6-NA,755,7,0,0,15172,15179,C
6-NA,756,1,14991,1,82,15075,T
6-NA,757,15081,0,4,2,15087,A
6-NA,758,15085,3,2,1,15091,A
6-NA,759,15098,1,7,1,15107,A
6-NA,760,15337,2,6,0,15345,A
6-NA,761,1,15327,2,6,15336,T
6-NA,762,15268,2,3,0,15273,A
6-NA,763,4,5,0,15338,15347,C
6-NA,764,2,14775,1,11,14789,T
6-NA,765,15012,1,7,0,15020,A
6-NA,766,2,14929,7,18,14956,T
6-NA,767,2,15782,1,8,15793,T
6-NA,768,189,3,0,15746,15938,C
6-NA,769,15738,0,4,1,15743,A
6-NA,770,2,15710,0,5,15717,T
6-NA,771,2,15698,0,3,15703,T
6-NA,772,15499,2,3,1,15505,A
6-NA,773,15528,3,13,0,15544,A
6-NA,774,14,77,15525,2,15618,G
6-NA,775,3,92,15535,0,15630,G
6-NA,776,14784,1,10,1,14796,A
6-NA,777,4,112,14851,2,14969,G
6-NA,778,4,134,14831,1,14970,G
6-NA,779,6,72,14908,1,14987,G
6-NA,780,4,89,14922,4,15019,G
6-NA,781,14952,3,16,1,14972,A
6-NA,782,15007,1,17,0,15025,A
6-NA,783,14962,2,13,0,14977,A
6-NA,784,14964,3,16,0,14983,A
6-NA,785,3,14975,1,8,14987,T
6-NA,786,182,6,2,14726,14916,C
6-NA,787,48,3,15078,0,15129,G
6-NA,788,2,15069,1,8,15080,T
6-NA,789,1,15042,0,19,15062,T
6-NA,790,265,5,4,14830,15104,C
6-NA,791,15086,1,7,0,15094,A
6-NA,792,4,16066,1,5,16076,T
6-NA,793,16048,5,3,0,16056,A
6-NA,794,5,3,1,16160,16169,C
6-NA,795,3,16094,2,16,16115,T
6-NA,796,16097,2,10,1,16110,A
6-NA,797,4,12,16111,0,16127,G
6-NA,798,14,21,1,16104,16140,C
6-NA,799,16127,2,19,5,16153,A
6-NA,800,3,8,1,16191,16203,C
6-NA,801,15500,2,3,0,15505,A
6-NA,802,0,15749,1,4,15754,T
6-NA,803,3,15673,4,8,15688,T
6-NA,804,11,4,16727,1,16743,G
6-NA,805,0,16612,0,30,16642,T
6-NA,806,203,4,2,16434,16643,C
6-NA,807,16596,5,22,2,16625,A
6-NA,808,4,68,16591,1,16664,G
6-NA,809,1,87,16624,1,16713,G
6-NA,810,16672,4,4,0,16680,A
6-NA,811,16386,0,21,0,16407,A
6-NA,812,3,6,16634,0,16643,G
6-NA,813,8,15779,1,4,15792,T
6-NA,814,15,19,15882,3,15919,G
6-NA,815,11,5,0,15888,15904,C
6-NA,816,1,15888,2,8,15899,T
6-NA,817,169,12,4,15772,15957,C
6-NA,818,15890,0,15,1,15906,A
6-NA,819,18,9,16014,0,16041,G
6-NA,820,21,4,2,16003,16030,C
6-NA,821,15997,1,10,0,16008,A
6-NA,822,2,16019,0,6,16027,T
6-NA,823,7,4,16520,0,16531,G
6-NA,824,1,16471,2,50,16524,T
6-NA,825,204,7,2,16306,16519,C
6-NA,826,30,89,16398,1,16518,G
6-NA,827,16466,2,6,0,16474,A
6-NA,828,4,87,16328,2,16421,G
6-NA,829,6,157,16272,2,16437,G
6-NA,830,16275,3,18,0,16296,A
6-NA,831,3,4,16537,1,16545,G
6-NA,832,4,15990,1,9,16004,T
6-NA,833,13,9,16037,1,16060,G
6-NA,834,17,4,0,16298,16319,C
6-NA,835,2,16268,0,15,16285,T
6-NA,836,195,2,1,16172,16370,C
6-NA,837,63,50,2,16317,16432,C
6-NA,838,3,16385,1,13,16402,T
6-NA,839,12,18,16451,1,16482,G
6-NA,840,8,2,1,16354,16365,C
6-NA,841,3,16232,0,10,16245,T
6-NA,842,16391,4,5,2,16402,A
6-NA,843,6,16026,1,8,16041,T
6-NA,844,70,3,0,16094,16167,C
6-NA,845,111,3,3,16006,16123,C
6-NA,846,2,16089,0,15,16106,T
6-NA,847,78,23,1,16089,16191,C
6-NA,848,17,113,16029,1,16160,G
6-NA,849,16296,4,5,0,16305,A
6-NA,850,1,16290,0,18,16309,T
6-NA,851,16332,31,2,0,16365,A
6-NA,852,1,16347,0,9,16357,T
6-NA,853,62,10,11,16235,16318,C
6-NA,854,91,3,3,16210,16307,C
6-NA,855,1,16181,2,15,16199,T
6-NA,856,3,63,16222,0,16288,G
6-NA,857,4,5,16368,1,16378,G
6-NA,858,3,16562,3,14,16582,T
6-NA,859,12,9,16632,1,16654,G
6-NA,860,1,16480,3,23,16507,T
6-NA,861,207,6,4,16295,16512,C
6-NA,862,16469,4,16,0,16489,A
6-NA,863,3,55,16461,1,16520,G
6-NA,864,16508,2,13,1,16524,A
6-NA,865,0,16378,1,5,16384,T
6-NA,866,7,2,16393,0,16402,G
6-NA,867,4,16166,0,14,16184,T
6-NA,868,6,9,16250,1,16266,G
6-NA,869,4,16166,1,36,16207,T
6-NA,870,147,3,0,16128,16278,C
6-NA,871,6,16217,2,21,16246,T
6-NA,872,11,2,16266,1,16280,G
6-NA,873,8,24,1,16230,16263,C
6-NA,874,16226,4,24,1,16255,A
6-NA,875,4,83,16203,1,16291,G
6-NA,876,15900,5,19,1,15925,A
6-NA,877,1,148,15831,2,15982,G
6-NA,878,15898,2,24,2,15926,A
6-NA,879,7,5,1,16041,16054,C
6-NA,880,16027,1,11,0,16039,A
6-NA,881,16148,5,6,0,16159,A
6-NA,882,8,6,0,16208,16222,C
6-NA,883,1,16182,1,11,16195,T
6-NA,884,14,71,16134,2,16221,G
6-NA,885,3,56,16128,1,16188,G
6-NA,886,16103,0,13,0,16116,A
6-NA,887,16090,0,8,2,16100,A
6-NA,888,15716,4,25,1,15746,A
6-NA,889,3,67,15959,3,16032,G
6-NA,890,7,15,15977,0,15999,G
6-NA,891,9,3,0,16037,16049,C
6-NA,892,8,15918,1,25,15952,T
6-NA,893,106,8,34,16190,16338,C
6-NA,894,82,56,2,16354,16494,C
6-NA,895,16552,0,2,1,16555,A
6-NA,896,16552,2,8,0,16562,A
6-NA,897,2,16577,0,7,16586,T
6-NA,898,16095,1,16,0,16112,A
6-NA,899,4,61,15998,1,16064,G
6-NA,900,6,11,16113,0,16130,G
6-NA,901,8,7,3,16135,16153,C
6-NA,902,85,6,1,15778,15870,C
6-NA,903,153,6,1,15615,15775,C
6-NA,904,15920,0,11,0,15931,A
6-NA,905,1,16040,3,21,16065,T
6-NA,906,104,14,1,15973,16092,C
6-NA,907,40,1,16099,0,16140,G
6-NA,908,1,16057,0,2,16060,T
6-NA,909,15763,3,11,1,15778,A
6-NA,910,1,51,16050,1,16103,G
6-NA,911,16134,0,17,2,16153,A
6-NA,912,3,16184,2,3,16192,T
6-NA,913,15906,4,3,1,15914,A
6-NA,914,2,15758,1,5,15766,T
6-NA,915,15759,0,5,3,15767,A
6-NA,916,15717,3,8,2,15730,A
6-NA,917,16070,3,7,3,16083,A
6-NA,918,3,4,0,16399,16406,C
6-NA,919,16060,3,2,1,16066,A
6-NA,920,0,16026,0,6,16032,T
6-NA,921,15939,3,5,1,15948,A
6-NA,922,15951,1,13,0,15965,A
6-NA,923,15947,4,18,1,15970,A
6-NA,924,4,110,16015,1,16130,G
6-NA,925,2,117,16186,1,16306,G
6-NA,926,15878,5,30,0,15913,A
6-NA,927,3,15908,1,6,15918,T
6-NA,928,142,1,0,15789,15932,C
6-NA,929,16048,0,21,2,16071,A
6-NA,930,2,16108,0,10,16120,T
6-NA,931,16066,4,13,1,16084,A
6-NA,932,2,14,16202,0,16218,G
6-NA,933,10,9,1,16053,16073,C
6-NA,934,15796,2,4,1,15803,A
6-NA,935,0,15434,0,6,15440,T
6-NA,936,2,15500,1,3,15506,T
6-NA,937,15,8,15898,1,15922,G
6-NA,938,3,15918,0,14,15935,T
6-NA,939,3,16121,2,28,16154,T
6-NA,940,0,16134,0,21,16155,T
6-NA,941,95,6,0,16023,16124,C
6-NA,942,68,7,2,16120,16197,C
6-NA,943,16335,2,14,0,16351,A
6-NA,944,4,3,16549,1,16557,G
6-NA,945,2,16510,5,17,16534,T
6-NA,946,0,16187,2,3,16192,T
6-NA,947,16209,0,4,0,16213,A
6-NA,948,2,16082,3,11,16098,T
6-NA,949,6,6,16096,1,16109,G
6-NA,950,5,15983,0,16,16004,T
6-NA,951,9,9,16089,0,16107,G
6-NA,952,3,15719,1,24,15747,T
6-NA,953,17,7,16117,0,16141,G
6-NA,954,1,16089,0,24,16114,T
6-NA,955,2,16060,1,13,16076,T
6-NA,956,204,8,4,15863,16079,C
6-NA,957,15903,2,26,2,15933,A
6-NA,958,4,115,15921,0,16040,G
6-NA,959,1,147,15877,1,16026,G
6-NA,960,15946,2,23,1,15972,A
6-NA,961,2,0,0,15983,15985,C
6-NA,962,3,15509,0,49,15561,T
6-NA,963,0,15608,2,4,15614,T
6-NA,964,4,7,16107,0,16118,G
6-NA,965,2,16095,1,15,16113,T
6-NA,966,5,16077,0,11,16093,T
6-NA,967,9,67,15956,5,16037,G
6-NA,968,2,96,15954,3,16055,G
6-NA,969,15986,7,38,1,16032,A
6-NA,970,5,183,15836,2,16026,G
6-NA,971,15912,4,36,3,15955,A
6-NA,972,5,9,0,15814,15828,C
6-NA,973,15316,1,13,1,15331,A
6-NA,974,6,9,1,15359,15375,C
6-NA,975,15370,2,20,0,15392,A
6-NA,976,8,4,1,15453,15466,C
6-NA,977,67,8,1,15302,15378,C
6-NA,978,156,7,1,15219,15383,C
6-NA,979,15347,2,12,1,15362,A
6-NA,980,26,72,15343,1,15442,G
6-NA,981,15401,1,7,1,15410,A
6-NA,982,15503,0,9,2,15514,A
6-NA,983,15429,3,8,0,15440,A
6-NA,984,15431,0,7,0,15438,A
6-NA,985,15337,0,12,1,15350,A
6-NA,986,15349,0,10,5,15364,A
6-NA,987,2,44,2,15339,15387,C
6-NA,988,8,226,15128,1,15363,G
6-NA,989,15302,3,11,0,15316,A
6-NA,990,4,7,1,15298,15310,C
6-NA,991,15215,2,14,0,15231,A
6-NA,992,1,11,15404,0,15416,G
6-NA,993,9,2,0,15885,15896,C
6-NA,994,4,15822,2,15,15843,T
6-NA,995,151,4,0,15725,15880,C
6-NA,996,61,11,1,15840,15913,C
6-NA,997,15913,1,6,2,15922,A
6-NA,998,3,7,16089,1,16100,G
6-NA,999,13,17,2,16092,16124,C
6-NA,1000,16035,2,12,1,16050,A
6-NA,1001,2,4,16069,1,16076,G
6-NA,1002,1,15368,0,6,15375,T
6-NA,1003,15389,2,5,1,15397,A
6-NA,1004,10,10,15411,0,15431,G
6-NA,1005,11,6,0,15426,15443,C
6-NA,1006,104,8,3,15361,15476,C
6-NA,1007,15304,1,1,0,15306,A
6-NA,1008,3,15305,1,5,15314,T
6-NA,1009,2,15317,1,5,15325,T
6-NA,1010,7,5,15605,1,15618,G
6-NA,1011,1,15526,3,17,15547,T
6-NA,1012,2,15485,0,10,15497,T
6-NA,1013,11,15432,1,17,15461,T
6-NA,1014,4,132,15214,1,15351,G
6-NA,1015,3,63,15402,2,15470,G
6-NA,1016,15429,0,10,0,15439,A
6-NA,1017,5,15452,0,12,15469,T
6-NA,1018,97,4,0,15348,15449,C
6-NA,1019,90,2,0,15140,15232,C
6-NA,1020,14,15210,2,16,15242,T
6-NA,1021,15256,0,9,0,15265,A
6-NA,1022,15291,1,18,3,15313,A
6-NA,1023,5,7,1,15476,15489,C
6-NA,1024,15187,2,4,1,15194,A
6-NA,1025,15308,2,9,1,15320,A
6-NA,1026,1,15256,0,10,15267,T
6-NA,1027,1,94,15363,0,15458,G
6-NA,1028,15375,3,21,0,15399,A
6-NA,1029,15309,1,37,1,15348,A
6-NA,1030,2,55,15389,1,15447,G
6-NA,1031,15252,54,31,1,15338,A
6-NA,1032,15056,0,29,0,15085,A
6-NA,1033,3,81,15044,0,15128,G
6-NA,1034,3,3,15156,2,15164,G
6-NA,1035,2,14965,3,10,14980,T
6-NA,1036,11,128,14761,1,14901,G
6-NA,1037,4,2,15372,1,15379,G
6-NA,1038,5,15300,4,12,15321,T
6-NA,1039,281,1,2,14954,15238,C
6-NA,1040,15236,0,6,0,15242,A
6-NA,1041,3,15171,0,10,15184,T
6-NA,1042,3,96,15083,4,15186,G
6-NA,1043,2,134,15118,3,15257,G
6-NA,1044,15162,2,25,0,15189,A
6-NA,1045,26,2,15518,2,15548,G
6-NA,1046,2,14839,2,11,14854,T
6-NA,1047,23,118,14735,1,14877,G
6-NA,1048,14815,3,19,1,14838,A
6-NA,1049,14822,0,14,1,14837,A
6-NA,1050,14842,2,29,2,14875,A
6-NA,1051,0,91,14803,1,14895,G
6-NA,1052,5,9,14759,0,14773,G
6-NA,1053,8,2,0,14716,14726,C
6-NA,1054,0,14248,1,13,14262,T
6-NA,1055,13,77,14202,2,14294,G
6-NA,1056,9,51,14236,0,14296,G
6-NA,1057,3,10,14414,2,14429,G
6-NA,1058,16,1,1,14426,14444,C
6-NA,1059,75,5,2,14336,14418,C
6-NA,1060,2,14217,1,21,14241,T
6-NA,1061,1,14270,0,3,14274,T
6-NA,1062,2,14270,1,3,14276,T
6-NA,1063,26,76,14217,1,14320,G
6-NA,1064,14292,3,7,1,14303,A
6-NA,1065,4,14181,1,6,14192,T
6-NA,1066,7,89,13889,1,13986,G
6-NA,1067,13806,4,11,0,13821,A
6-NA,1068,2,13849,2,4,13857,T
6-NA,1069,11,70,13777,1,13859,G
6-NA,1070,17,81,13911,0,14009,G
6-NA,1071,13965,2,13,1,13981,A
6-NA,1072,13927,1,6,3,13937,A
6-NA,1073,13941,1,6,1,13949,A
6-NA,1074,3,13925,2,5,13935,T
6-NA,1075,5,133,13825,2,13965,G
6-NA,1076,13940,2,23,3,13968,A
6-NA,1077,6,9,0,13937,13952,C
6-NA,1078,15,5,13980,0,14000,G
6-NA,1079,0,13654,4,8,13666,T
6-NA,1080,7,1,13777,0,13785,G
6-NA,1081,2,13747,1,11,13761,T
6-NA,1082,5,110,13666,2,13783,G
6-NA,1083,2,46,13799,1,13848,G
6-NA,1084,13721,2,17,1,13741,A
6-NA,1085,4,13705,0,7,13716,T
6-NA,1086,12,146,13456,1,13615,G
6-NA,1087,7,52,13500,0,13559,G
6-NA,1088,0,48,13556,0,13604,G
6-NA,1089,13504,2,7,1,13514,A
6-NA,1090,13416,5,15,2,13438,A
6-NA,1091,3,186,13250,0,13439,G
6-NA,1092,13249,1,5,0,13255,A
6-NA,1093,13254,1,11,0,13266,A
6-NA,1094,3,25,2,13140,13170,C
6-NA,1095,14,169,12928,0,13111,G
6-NA,1096,13092,4,10,0,13106,A
6-NA,1097,2,12910,0,8,12920,T
6-NA,1098,123,6,0,12807,12936,C
6-NA,1099,12932,0,12,2,12946,A
6-NA,1100,3,8,12985,0,12996,G
6-NA,1101,11,10,0,12944,12965,C
6-NA,1102,12,112,12847,0,12971,G
6-NA,1103,12919,1,12,0,12932,A
6-NA,1104,46,40,12857,0,12943,G
6-NA,1105,12884,0,6,2,12892,A
6-NA,1106,12882,3,12,1,12898,A
6-NA,1107,3,4,12985,1,12993,G
6-NA,1108,0,12881,1,17,12899,T
6-NA,1109,223,2,2,12541,12768,C
6-NA,1110,12722,0,12,0,12734,A
6-NA,1111,4,12,0,13008,13024,C
6-NA,1112,9,16,13038,0,13063,G
6-NA,1113,18,0,0,13039,13057,C
6-NA,1114,1,12956,2,5,12964,T
6-NA,1115,1,12953,0,21,12975,T
6-NA,1116,12716,0,16,0,12732,A
6-NA,1117,1,109,12860,2,12972,G
6-NA,1118,3,97,12884,0,12984,G
6-NA,1119,4,11,13168,0,13183,G
6-NA,1120,2,12394,1,14,12411,T
6-NA,1121,12390,1,6,0,12397,A
6-NA,1122,6,12331,1,11,12349,T
6-NA,1123,5,96,12266,1,12368,G
6-NA,1124,12326,1,8,0,12335,A
6-NA,1125,12305,2,12,0,12319,A
6-NA,1126,11796,2,13,2,11813,A
6-NA,1127,5,0,0,11781,11786,C
6-NA,1128,77,1,0,11490,11568,C
6-NA,1129,0,11421,0,23,11444,T
6-NA,1130,1,11435,2,8,11446,T
6-NA,1131,51,0,2,11404,11457,C
6-NA,1132,11427,2,6,0,11435,A
6-NA,1133,11463,3,3,0,11469,A
6-NA,1134,11442,3,8,0,11453,A
6-NA,1135,0,3,11550,0,11553,G
6-NA,1136,3,11300,0,9,11312,T
6-NA,1137,252,3,2,11047,11304,C
6-NA,1138,11346,1,2,1,11350,A
6-NA,1139,0,11356,0,10,11366,T
6-NA,1140,2,11354,1,6,11363,T
6-NA,1141,4,44,11323,0,11371,G
6-NA,1142,11328,1,6,0,11335,A
6-NA,1143,11312,4,9,0,11325,A
6-NA,1144,2,42,11192,0,11236,G
6-NA,1145,5,7,11142,0,11154,G
6-NA,1146,7,2,1,11107,11117,C
6-NA,1147,0,10856,0,4,10860,T
6-NA,1148,1,42,10855,0,10898,G
6-NA,1149,4,1,10885,0,10890,G
6-NA,1150,1,10868,1,18,10888,T
6-NA,1151,1,10630,0,12,10643,T
6-NA,1152,153,3,0,10670,10826,C
6-NA,1153,10819,0,12,0,10831,A
6-NA,1154,10916,0,6,0,10922,A
6-NA,1155,6,3,1,10927,10937,C
6-NA,1156,79,4,1,10835,10919,C
6-NA,1157,113,1,1,10781,10896,C
6-NA,1158,1,10472,0,6,10479,T
6-NA,1159,10484,0,5,0,10489,A
6-NA,1160,10480,0,3,1,10484,A
6-NA,1161,1,3,10585,0,10589,G
6-NA,1162,2,10503,1,19,10525,T
6-NA,1163,108,0,1,10343,10452,C
6-NA,1164,112,5,2,10143,10262,C
6-NA,1165,10236,0,4,0,10240,A
6-NA,1166,10216,3,4,2,10225,A
6-NA,1167,10221,0,4,0,10225,A
6-NA,1168,0,10229,1,4,10234,T
6-NA,1169,1,10182,1,3,10187,T
6-NA,1170,4,6,10120,0,10130,G
6-NA,1171,8,7,2,10030,10047,C
6-NA,1172,10027,0,14,0,10041,A
6-NA,1173,0,28,10050,1,10079,G
6-NA,1174,10052,1,5,0,10058,A
6-NA,1175,1,10188,2,5,10196,T
6-NA,1176,10182,0,2,0,10184,A
6-NA,1177,10164,1,5,0,10170,A
6-NA,1178,10176,3,9,0,10188,A
6-NA,1179,2,10154,2,0,10158,T
6-NA,1180,10075,2,8,0,10085,A
6-NA,1181,2,56,10045,0,10103,G
6-NA,1182,5,9,10029,0,10043,G
6-NA,1183,5,3,1,9975,9984,C
6-NA,1184,9655,0,3,0,9658,A
6-NA,1185,9732,2,12,1,9747,A
6-NA,1186,4,6,9803,0,9813,G
6-NA,1187,1,9750,2,20,9773,T
6-NA,1188,231,8,2,9537,9778,C
6-NA,1189,9794,0,12,0,9806,A
6-NA,1190,1,9795,0,4,9800,T
6-NA,1191,9788,1,7,0,9796,A
6-NA,1192,0,3,9829,0,9832,G
6-NA,1193,2,9782,0,10,9794,T
6-NA,1194,1,9398,0,11,9410,T
6-NA,1195,1,92,9134,0,9227,G
6-NA,1196,9146,4,20,0,9170,A
6-NA,1197,5,3,0,9159,9167,C
6-NA,1198,8959,0,4,0,8963,A
6-NA,1199,2,28,8992,0,9022,G
6-NA,1200,8831,0,17,1,8849,A
6-NA,1201,14,41,8959,2,9016,G
6-NA,1202,1,3,9029,1,9034,G
6-NA,1203,1,8948,1,6,8956,T
6-NA,1204,8914,0,5,0,8919,A
6-NA,1205,8895,2,13,2,8912,A
6-NA,1206,0,8888,0,5,8893,T
6-NA,1207,8823,3,10,0,8836,A
6-NA,1208,0,44,8533,0,8577,G
6-NA,1209,2,2,8281,1,8286,G
6-NA,1210,4,7367,0,6,7377,T
6-NA,1211,73,1,1,7219,7294,C
6-NA,1212,51,15,1,7171,7238,C
6-NA,1213,39,38,7160,1,7238,G
6-NA,1214,5,1,7247,0,7253,G
6-NA,1215,3,7203,1,8,7215,T
6-NA,1216,1,7201,0,0,7202,T
6-NA,1217,7075,1,2,1,7079,A
6-NA,1218,0,6876,0,3,6879,T
6-NA,1219,1,6871,0,1,6873,T
6-NA,1220,66,1,0,6817,6884,C
6-NA,1221,2,6535,1,6,6544,T
6-NA,1222,5,38,6503,2,6548,G
6-NA,1223,1,3,6549,0,6553,G
6-NA,1224,0,6523,0,4,6527,T
6-NA,1225,6528,0,1,1,6530,A
6-NA,1226,1,6385,2,7,6395,T
6-NA,1227,1,6378,2,10,6391,T
6-NA,1228,0,6395,1,8,6404,T
6-NA,1229,1,6429,0,8,6438,T
6-NA,1230,34,0,0,6394,6428,C
6-NA,1231,3,6312,0,11,6326,T
6-NA,1232,63,1,0,6288,6352,C
6-NA,1233,1,6310,1,3,6315,T
6-NA,1234,3,3,6420,0,6426,G
6-NA,1235,0,6416,0,5,6421,T
6-NA,1236,0,6375,0,1,6376,T
6-NA,1237,3,13,6370,1,6387,G
6-NA,1238,6295,0,4,0,6299,A
6-NA,1239,6281,0,16,0,6297,A
6-NA,1240,1,40,6324,2,6367,G
6-NA,1241,4,7,6332,0,6343,G
6-NA,1242,4,6,0,6340,6350,C
6-NA,1243,6211,1,5,0,6217,A
6-NA,1244,6225,1,6,1,6233,A
6-NA,1245,6259,1,7,0,6267,A
6-NA,1246,6256,0,11,1,6268,A
6-NA,1247,27,3,6235,0,6265,G
6-NA,1248,7,1,0,6254,6262,C
6-NA,1249,1,6139,0,9,6149,T
6-NA,1250,4,3,6201,1,6209,G
6-NA,1251,10,8,1,6185,6204,C
6-NA,1252,6229,3,0,0,6232,A
6-NA,1253,0,6215,0,10,6225,T
6-NA,1254,46,3,1,6124,6174,C
6-NA,1255,6166,0,4,0,6170,A
6-NA,1256,6179,1,6,0,6186,A
6-NA,1257,0,6167,0,3,6170,T
6-NA,1258,49,9,0,6115,6173,C
6-NA,1259,12,29,6028,0,6069,G
6-NA,1260,1,6,6119,2,6128,G
6-NA,1261,0,6090,0,12,6102,T
6-NA,1262,3,5,6112,0,6120,G
6-NA,1263,5,1,0,6130,6136,C
6-NA,1264,2,6086,0,17,6105,T
6-NA,1265,1,6171,1,2,6175,T
6-NA,1266,2,6168,2,2,6174,T
6-NA,1267,0,6191,0,2,6193,T
6-NA,1268,6229,1,1,0,6231,A
6-NA,1269,0,6020,0,5,6025,T
6-NA,1270,4,3,6024,1,6032,G
6-NA,1271,3,5956,0,10,5969,T
6-NA,1272,3,32,5887,1,5923,G
6-NA,1273,1,33,5960,0,5994,G
6-NA,1274,5853,2,2,1,5858,A
6-NA,1275,99,0,5830,0,5929,G
6-NA,1276,2,5876,0,7,5885,T
6-NA,1277,2,5835,2,5,5844,T
6-NA,1278,0,50,5846,3,5899,G
6-NA,1279,5881,1,7,0,5889,A
6-NA,1280,1,5885,0,0,5886,T
6-NA,1281,5838,0,4,0,5842,A
6-NA,1282,5637,0,8,1,5646,A
6-NA,1283,3,47,5616,0,5666,G
6-NA,1284,0,49,5533,2,5584,G
6-NA,1285,2,23,5518,1,5544,G
6-NA,1286,6,15,5486,1,5508,G
6-NA,1287,5434,3,4,0,5441,A
6-NA,1288,5420,1,14,0,5435,A
6-NA,1289,2,39,5413,1,5455,G
6-NA,1290,5448,2,0,1,5451,A
6-NA,1291,5446,0,2,0,5448,A
6-NA,1292,5379,0,4,0,5383,A
6-NA,1293,5290,1,10,0,5301,A
6-NA,1294,0,15,5293,1,5309,G
6-NA,1295,5245,0,12,0,5257,A
6-NA,1296,0,19,5234,1,5254,G
6-NA,1297,30,23,5202,0,5255,G
6-NA,1298,5203,0,7,0,5210,A
6-NA,1299,5197,1,10,0,5208,A
6-NA,1300,5223,0,3,0,5226,A
6-NA,1301,1,1,0,5244,5246,C
6-NA,1302,0,5219,0,5,5224,T
6-NA,1303,3,22,5207,0,5232,G
6-NA,1304,5217,0,3,0,5220,A
6-NA,1305,5199,2,5,1,5207,A
6-NA,1306,0,0,5228,1,5229,G
6-NA,1307,2,5177,1,7,5187,T
6-NA,1308,62,0,1,5178,5241,C
6-NA,1309,2,5208,0,8,5218,T
6-NA,1310,1,5178,0,4,5183,T
6-NA,1311,6,0,5186,0,5192,G
6-NA,1312,0,5164,0,6,5170,T
6-NA,1313,4,41,5124,0,5169,G
6-NA,1314,1,33,5123,0,5157,G
6-NA,1315,5070,1,4,0,5075,A
6-NA,1316,2,2,0,5059,5063,C
6-NA,1317,4840,1,1,0,4842,A
6-NA,1318,0,4831,0,3,4834,T
6-NA,1319,30,1,2,4806,4839,C
6-NA,1320,8,49,4783,0,4840,G
6-NA,1321,4911,0,3,1,4915,A
6-NA,1322,4911,0,4,0,4915,A
6-NA,1323,5,13,0,4915,4933,C
6-NA,1324,4859,2,2,1,4864,A
6-NA,1325,1,3,4980,0,4984,G
6-NA,1326,1,4948,0,4,4953,T
6-NA,1327,4931,0,2,0,4933,A
6-NA,1328,1,4935,0,1,4937,T
6-NA,1329,1,4782,0,1,4784,T
6-NA,1330,19,0,4786,0,4805,G
6-NA,1331,0,4783,0,2,4785,T
6-NA,1332,0,4669,1,0,4670,T
6-NA,1333,2,2,4665,0,4669,G
6-NA,1334,0,4184,0,3,4187,T
6-NA,1335,5,2,4185,0,4192,G
6-NA,1336,0,4168,2,3,4173,T
6-NA,1337,1,4115,0,1,4117,T
6-NA,1338,0,4130,0,2,4132,T
6-NA,1339,0,4026,2,1,4029,T
6-NA,1340,1,2,4023,0,4026,G
6-NA,1341,1,4023,0,7,4031,T
6-NA,1342,4,27,3970,0,4001,G
6-NA,1343,2,5,3984,1,3992,G
6-NA,1344,5,0,0,3937,3942,C
6-NA,1345,3899,0,6,0,3905,A
6-NA,1346,1,1,0,3930,3932,C
6-NA,1347,16,0,0,3891,3907,C
6-NA,1348,0,3898,0,8,3906,T
6-NA,1349,34,1,1,3865,3901,C
6-NA,1350,3892,1,4,0,3897,A
6-NA,1351,1,13,3903,0,3917,G
6-NA,1352,1,1,3927,0,3929,G
6-NA,1353,2,3897,0,1,3900,T
6-NA,1354,3873,0,2,0,3875,A
6-NA,1355,3,3,1,3662,3669,C
6-NA,1356,3587,1,1,0,3589,A
6-NA,1357,1,3582,0,0,3583,T
6-NA,1358,3474,0,2,0,3476,A
6-NA,1359,1,3468,0,1,3470,T
6-NA,1360,2,12,3231,0,3245,G
6-NA,1361,0,29,3214,1,3244,G
6-NA,1362,3215,0,0,0,3215,A
6-NA,1363,3184,0,5,0,3189,A
6-NA,1364,1,3,0,3131,3135,C
6-NA,1365,2609,2,3,0,2614,A
6-NA,1366,0,10,2601,0,2611,G
6-NA,1367,0,0,2605,1,2606,G
6-NA,1368,4,1,0,2604,2609,C
6-NA,1369,0,2581,0,3,2584,T
6-NA,1370,30,0,0,2421,2451,C
6-NA,1371,2431,0,1,0,2432,A
6-NA,1372,0,2431,0,1,2432,T
6-NA,1373,2,7,2413,0,2422,G
6-NA,1374,0,3,2422,0,2425,G
6-NA,1375,1,9,0,2310,2320,C
6-NA,1376,9,2,0,2287,2298,C
6-NA,1377,1,2120,0,2,2123,T
6-NA,1378,0,11,2110,0,2121,G
6-NA,1379,2114,0,1,0,2115,A
6-NA,1380,0,2113,0,0,2113,T
6-NA,1381,6,16,2050,0,2072,G
6-NA,1382,1,16,1979,0,1996,G
6-NA,1383,0,6,1857,0,1863,G
6-NA,1384,1,2,1856,0,1859,G
6-NA,1385,4,5,0,1795,1804,C
6-NA,1386,3,10,1781,0,1794,G
6-NA,1387,1,10,1753,0,1764,G
6-NA,1388,1721,0,1,0,1722,A
6-NA,1389,0,2,0,1712,1714,C
6-NA,1390,1702,1,2,0,1705,A
6-NA,1391,0,1677,0,2,1679,T
6-NA,1392,7,0,0,1648,1655,C
6-NA,1393,1637,0,2,0,1639,A
6-NA,1394,1633,0,1,0,1634,A
6-NA,1395,0,1633,0,2,1635,T
6-NA,1396,10,2,0,1574,1586,C
6-NA,1397,0,1530,0,0,1530,T
6-NA,1398,18,0,1,1254,1273,C
6-NA,1399,1268,0,1,0,1269,A
6-NA,1400,3,1257,0,0,1260,T
6-NA,1401,0,0,1253,0,1253,G
6-NA,1402,2,0,0,1247,1249,C
6-NA,1403,8,0,0,1180,1188,C
6-NA,1404,0,1032,0,1,1033,T
6-NA,1405,1013,0,0,0,1013,A
6-NA,1406,0,1008,0,1,1009,T
6-NA,1407,990,0,0,0,990,A
6-NA,1408,0,987,0,0,987,T
6-NA,1409,889,0,0,0,889,A
6-NA,1410,851,0,0,0,851,A
7-M,1,78,0,0,0,78,A
7-M,2,0,79,0,0,79,T
7-M,3,0,0,80,0,80,G
7-M,4,80,0,0,0,80,A
7-M,5,0,0,87,0,87,G
7-M,6,1,0,0,93,94,C
7-M,7,1,0,0,96,97,C
7-M,8,0,138,0,0,138,T
7-M,9,0,140,0,0,140,T
7-M,10,1,0,0,139,140,C
7-M,11,0,140,0,0,140,T
7-M,12,144,0,0,0,144,A
7-M,13,145,0,0,0,145,A
7-M,14,0,0,0,145,145,C
7-M,15,0,0,0,145,145,C
7-M,16,0,0,146,0,146,G
7-M,17,148,0,0,0,148,A
7-M,18,0,2,152,0,154,G
7-M,19,0,0,161,0,161,G
7-M,20,0,163,0,0,163,T
7-M,21,1,0,0,162,163,C
7-M,22,0,1,162,0,163,G
7-M,23,172,0,0,0,172,A
7-M,24,173,0,0,0,173,A
7-M,25,174,1,0,0,175,A
7-M,26,0,0,0,188,188,C
7-M,27,0,1,190,0,191,G
7-M,28,0,193,0,0,193,T
7-M,29,194,0,0,0,194,A
7-M,30,0,196,0,0,196,T
7-M,31,1,0,196,0,197,G
7-M,32,0,200,0,0,200,T
7-M,33,0,219,0,0,219,T
7-M,34,0,0,0,224,224,C
7-M,35,0,227,0,0,227,T
7-M,36,0,0,0,242,242,C
7-M,37,0,241,0,0,241,T
7-M,38,1,0,0,259,260,C
7-M,39,0,260,0,0,260,T
7-M,40,262,0,0,0,262,A
7-M,41,0,261,0,0,261,T
7-M,42,1,0,0,267,268,C
7-M,43,0,0,271,0,271,G
7-M,44,0,279,0,0,279,T
7-M,45,0,279,0,0,279,T
7-M,46,2,0,0,292,294,C
7-M,47,1,0,0,308,309,C
7-M,48,313,0,0,0,313,A
7-M,49,0,313,0,0,313,T
7-M,50,2,0,0,310,312,C
7-M,51,312,0,1,0,313,A
7-M,52,0,1,313,0,314,G
7-M,53,0,1,312,0,313,G
7-M,54,0,0,0,315,315,C
7-M,55,3,0,0,314,317,C
7-M,56,2,0,0,318,320,C
7-M,57,3,1,0,329,333,C
7-M,58,3,1,0,333,337,C
7-M,59,0,337,0,0,337,T
7-M,60,0,1,0,336,337,C
7-M,61,338,0,0,0,338,A
7-M,62,341,0,0,0,341,A
7-M,63,352,0,0,0,352,A
7-M,64,0,0,359,0,359,G
7-M,65,0,0,0,359,359,C
7-M,66,1,0,0,356,357,C
7-M,67,0,7,351,0,358,G
7-M,68,361,0,0,0,361,A
7-M,69,0,4,364,0,368,G
7-M,70,372,0,0,0,372,A
7-M,71,0,372,0,0,372,T
7-M,72,3,0,0,370,373,C
7-M,73,1,1,373,0,375,G
7-M,74,0,0,0,378,378,C
7-M,75,0,1,377,0,378,G
7-M,76,0,0,0,378,378,C
7-M,77,377,0,0,0,377,A
7-M,78,0,1,381,0,382,G
7-M,79,380,0,0,0,380,A
7-M,80,0,4,415,0,419,G
7-M,81,419,0,0,0,419,A
7-M,82,0,0,0,417,417,C
7-M,83,0,419,0,0,419,T
7-M,84,0,420,0,0,420,T
7-M,85,0,6,418,1,425,G
7-M,86,425,0,0,0,425,A
7-M,87,425,0,1,0,426,A
7-M,88,0,4,422,0,426,G
7-M,89,413,0,0,0,413,A
7-M,90,0,417,0,1,418,T
7-M,91,1,0,427,0,428,G
7-M,92,0,428,0,1,429,T
7-M,93,2,1,0,427,430,C
7-M,94,0,428,0,0,428,T
7-M,95,0,426,0,0,426,T
7-M,96,0,427,0,0,427,T
7-M,97,0,0,430,0,430,G
7-M,98,0,0,0,430,430,C
7-M,99,0,429,0,0,429,T
7-M,100,0,4,429,0,433,G
7-M,101,0,2,436,0,438,G
7-M,102,0,4,442,0,446,G
7-M,103,448,0,0,0,448,A
7-M,104,448,0,0,0,448,A
7-M,105,446,0,0,0,446,A
7-M,106,450,0,0,0,450,A
7-M,107,454,0,2,0,456,A
7-M,108,0,0,0,460,460,C
7-M,109,461,0,0,0,461,A
7-M,110,0,0,0,462,462,C
7-M,111,461,1,0,0,462,A
7-M,112,0,3,467,0,470,G
7-M,113,477,0,0,0,477,A
7-M,114,0,488,0,1,489,T
7-M,115,0,0,0,493,493,C
7-M,116,0,495,0,1,496,T
7-M,117,0,494,0,0,494,T
7-M,118,0,2,492,0,494,G
7-M,119,493,0,0,0,493,A
7-M,120,0,4,491,0,495,G
7-M,121,0,1,492,0,493,G
7-M,122,0,0,1,493,494,C
7-M,123,0,493,0,0,493,T
7-M,124,2,0,0,553,555,C
7-M,125,0,555,0,0,555,T
7-M,126,6,0,0,556,562,C
7-M,127,561,0,1,0,562,A
7-M,128,0,561,0,0,561,T
7-M,129,1,6,554,0,561,G
7-M,130,0,4,561,1,566,G
7-M,131,561,0,1,0,562,A
7-M,132,559,0,0,0,559,A
7-M,133,0,546,0,0,546,T
7-M,134,0,3,561,0,564,G
7-M,135,1,0,589,0,590,G
7-M,136,2,0,0,588,590,C
7-M,137,0,591,0,0,591,T
7-M,138,592,0,0,1,593,A
7-M,139,592,0,0,0,592,A
7-M,140,599,0,1,0,600,A
7-M,141,0,5,604,0,609,G
7-M,142,607,0,1,0,608,A
7-M,143,0,0,0,610,610,C
7-M,144,590,0,0,0,590,A
7-M,145,593,0,0,0,593,A
7-M,146,0,7,603,0,610,G
7-M,147,604,1,1,0,606,A
7-M,148,0,1,0,608,609,C
7-M,149,4,0,0,600,604,C
7-M,150,602,0,0,0,602,A
7-M,151,609,0,1,0,610,A
7-M,152,0,612,0,1,613,T
7-M,153,0,617,0,0,617,T
7-M,154,5,0,0,617,622,C
7-M,155,1,619,0,0,620,T
7-M,156,0,0,621,0,621,G
7-M,157,0,621,0,0,621,T
7-M,158,4,1,0,618,623,C
7-M,159,629,0,0,0,629,A
7-M,160,0,0,0,648,648,C
7-M,161,3,0,0,643,646,C
7-M,162,0,635,0,5,640,T
7-M,163,4,0,0,638,642,C
7-M,164,0,642,0,1,643,T
7-M,165,1,7,658,0,666,G
7-M,166,665,0,0,0,665,A
7-M,167,1,0,0,668,669,C
7-M,168,0,664,0,0,664,T
7-M,169,656,0,0,0,656,A
7-M,170,657,0,0,0,657,A
7-M,171,0,3,661,0,664,G
7-M,172,0,4,658,0,662,G
7-M,173,0,3,662,0,665,G
7-M,174,0,8,661,0,669,G
7-M,175,675,0,0,0,675,A
7-M,176,0,675,0,0,675,T
7-M,177,0,675,0,0,675,T
7-M,178,0,673,0,1,674,T
7-M,179,0,677,0,0,677,T
7-M,180,0,7,670,0,677,G
7-M,181,0,12,667,0,679,G
7-M,182,0,1,679,0,680,G
7-M,183,0,1,684,0,685,G
7-M,184,0,679,0,0,679,T
7-M,185,0,675,0,1,676,T
7-M,186,0,676,0,1,677,T
7-M,187,0,0,701,0,701,G
7-M,188,1,703,0,1,705,T
7-M,189,0,0,716,0,716,G
7-M,190,0,712,0,0,712,T
7-M,191,0,712,0,1,713,T
7-M,192,10,1,0,703,714,C
7-M,193,709,0,1,0,710,A
7-M,194,0,1,0,731,732,C
7-M,195,2,1,727,0,730,G
7-M,196,1,0,0,730,731,C
7-M,197,0,723,0,1,724,T
7-M,198,10,0,0,737,747,C
7-M,199,746,1,0,0,747,A
7-M,200,0,0,0,753,753,C
7-M,201,4,2,0,742,748,C
7-M,202,0,0,752,0,752,G
7-M,203,0,757,0,0,757,T
7-M,204,2,0,761,0,763,G
7-M,205,0,1,0,769,770,C
7-M,206,7,0,0,759,766,C
7-M,207,6,0,0,765,771,C
7-M,208,762,0,0,0,762,A
7-M,209,1,0,774,0,775,G
7-M,210,0,775,0,2,777,T
7-M,211,0,14,771,0,785,G
7-M,212,794,0,1,0,795,A
7-M,213,1,1,793,0,795,G
7-M,214,2,2,0,787,791,C
7-M,215,5,8,782,0,795,G
7-M,216,792,0,0,0,792,A
7-M,217,0,4,802,0,806,G
7-M,218,0,11,797,0,808,G
7-M,219,805,0,1,0,806,A
7-M,220,0,0,0,823,823,C
7-M,221,0,815,0,1,816,T
7-M,222,1,0,817,0,818,G
7-M,223,0,0,0,820,820,C
7-M,224,816,0,0,0,816,A
7-M,225,0,1,836,0,837,G
7-M,226,2,2,0,829,833,C
7-M,227,0,0,837,0,837,G
7-M,228,0,836,0,0,836,T
7-M,229,828,0,0,0,828,A
7-M,230,0,9,818,0,827,G
7-M,231,828,0,2,0,830,A
7-M,232,0,0,0,830,830,C
7-M,233,0,1,832,0,833,G
7-M,234,0,0,0,824,824,C
7-M,235,0,813,0,2,815,T
7-M,236,0,819,0,0,819,T
7-M,237,0,817,0,0,817,T
7-M,238,5,0,835,0,840,G
7-M,239,0,842,0,0,842,T
7-M,240,3,0,0,840,843,C
7-M,241,6,0,1,836,843,C
7-M,242,837,0,0,0,837,A
7-M,243,834,0,0,0,834,A
7-M,244,835,0,0,0,835,A
7-M,245,833,1,1,0,835,A
7-M,246,1,836,0,0,837,T
7-M,247,0,1,823,0,824,G
7-M,248,1,1,0,823,825,C
7-M,249,6,0,0,817,823,C
7-M,250,5,1,0,826,832,C
7-M,251,0,833,0,1,834,T
7-M,252,4,0,0,846,850,C
7-M,253,852,0,0,0,852,A
7-M,254,857,0,0,0,857,A
7-M,255,0,863,0,1,864,T
7-M,256,0,5,862,0,867,G
7-M,257,1,3,874,0,878,G
7-M,258,1,6,880,0,887,G
7-M,259,882,0,0,0,882,A
7-M,260,883,0,0,0,883,A
7-M,261,0,860,0,0,860,T
7-M,262,0,9,848,0,857,G
7-M,263,0,6,852,0,858,G
7-M,264,845,0,3,0,848,A
7-M,265,0,7,840,0,847,G
7-M,266,837,1,1,0,839,A
7-M,267,0,1,0,826,827,C
7-M,268,4,0,0,863,867,C
7-M,269,11,0,0,861,872,C
7-M,270,887,0,1,0,888,A
7-M,271,885,0,0,0,885,A
7-M,272,884,0,0,0,884,A
7-M,273,0,890,0,0,890,T
7-M,274,916,0,0,0,916,A
7-M,275,919,0,0,0,919,A
7-M,276,0,0,0,902,902,C
7-M,277,901,0,1,0,902,A
7-M,278,0,894,0,1,895,T
7-M,279,0,6,907,0,913,G
7-M,280,0,9,904,0,913,G
7-M,281,912,0,1,0,913,A
7-M,282,0,0,0,913,913,C
7-M,283,890,1,0,0,891,A
7-M,284,891,0,0,0,891,A
7-M,285,886,1,1,0,888,A
7-M,286,1,0,900,0,901,G
7-M,287,1,0,0,917,918,C
7-M,288,896,0,1,0,897,A
7-M,289,0,0,911,0,911,G
7-M,290,0,910,1,1,912,T
7-M,291,0,911,0,0,911,T
7-M,292,912,0,1,0,913,A
7-M,293,910,0,1,0,911,A
7-M,294,920,0,1,1,922,A
7-M,295,1,0,1,926,928,C
7-M,296,0,902,0,0,902,T
7-M,297,6,1,939,0,946,G
7-M,298,0,933,0,0,933,T
7-M,299,937,0,0,0,937,A
7-M,300,0,938,0,0,938,T
7-M,301,924,0,1,0,925,A
7-M,302,0,4,920,0,924,G
7-M,303,879,1,4,0,884,A
7-M,304,885,0,0,0,885,A
7-M,305,885,0,2,0,887,A
7-M,306,906,0,0,0,906,A
7-M,307,0,3,0,923,926,C
7-M,308,0,919,0,1,920,T
7-M,309,0,923,0,0,923,T
7-M,310,923,0,0,0,923,A
7-M,311,915,0,1,0,916,A
7-M,312,1,8,913,0,922,G
7-M,313,910,1,1,0,912,A
7-M,314,0,12,908,0,920,G
7-M,315,0,4,922,0,926,G
7-M,316,0,9,920,0,929,G
7-M,317,926,0,2,0,928,A
7-M,318,1,4,928,0,933,G
7-M,319,939,0,1,0,940,A
7-M,320,0,942,0,0,942,T
7-M,321,938,0,0,0,938,A
7-M,322,945,0,0,0,945,A
7-M,323,0,1,0,947,948,C
7-M,324,0,1,943,1,945,G
7-M,325,0,947,0,1,948,T
7-M,326,1,948,0,0,949,T
7-M,327,5,0,0,947,952,C
7-M,328,4,1,0,939,944,C
7-M,329,946,0,0,0,946,A
7-M,330,0,948,0,0,948,T
7-M,331,0,11,929,0,940,G
7-M,332,0,10,923,1,934,G
7-M,333,0,8,927,0,935,G
7-M,334,0,1,937,0,938,G
7-M,335,1,1,0,930,932,C
7-M,336,8,0,0,920,928,C
7-M,337,927,0,0,0,927,A
7-M,338,944,1,0,0,945,A
7-M,339,944,0,0,0,944,A
7-M,340,0,3,953,0,956,G
7-M,341,947,0,1,0,948,A
7-M,342,942,0,1,0,943,A
7-M,343,940,0,1,0,941,A
7-M,344,0,944,0,1,945,T
7-M,345,935,0,1,0,936,A
7-M,346,0,2,946,0,948,G
7-M,347,0,0,0,945,945,C
7-M,348,0,936,0,0,936,T
7-M,349,7,2,0,933,942,C
7-M,350,0,940,0,0,940,T
7-M,351,4,1,0,953,958,C
7-M,352,957,0,0,0,957,A
7-M,353,0,0,957,0,957,G
7-M,354,0,949,0,1,950,T
7-M,355,0,956,0,1,957,T
7-M,356,962,0,0,0,962,A
7-M,357,0,962,0,1,963,T
7-M,358,0,957,0,0,957,T
7-M,359,7,0,0,953,960,C
7-M,360,0,932,0,0,932,T
7-M,361,1,1,941,0,943,G
7-M,362,0,1,0,943,944,C
7-M,363,0,938,0,1,939,T
7-M,364,0,2,940,0,942,G
7-M,365,0,0,936,0,936,G
7-M,366,0,933,0,0,933,T
7-M,367,0,1,925,0,926,G
7-M,368,0,1,0,929,930,C
7-M,369,929,0,1,0,930,A
7-M,370,0,2,0,936,938,C
7-M,371,0,927,0,2,929,T
7-M,372,0,944,0,1,945,T
7-M,373,2,1,944,0,947,G
7-M,374,1,0,0,947,948,C
7-M,375,6,0,1,941,948,C
7-M,376,943,0,0,0,943,A
7-M,377,1,0,951,0,952,G
7-M,378,0,953,0,0,953,T
7-M,379,1,951,0,1,953,T
7-M,380,0,2,958,0,960,G
7-M,381,0,0,0,946,946,C
7-M,382,943,0,0,0,943,A
7-M,383,0,941,0,1,942,T
7-M,384,0,8,933,0,941,G
7-M,385,0,2,951,0,953,G
7-M,386,0,1,963,0,964,G
7-M,387,2,0,0,976,978,C
7-M,388,2,0,0,996,998,C
7-M,389,1,992,0,0,993,T
7-M,390,10,1,0,1000,1011,C
7-M,391,1046,0,0,0,1046,A
7-M,392,0,1044,0,0,1044,T
7-M,393,1070,0,0,0,1070,A
7-M,394,0,1058,0,1,1059,T
7-M,395,1046,0,0,0,1046,A
7-M,396,0,0,0,1106,1106,C
7-M,397,1061,0,0,0,1061,A
7-M,398,1063,0,1,0,1064,A
7-M,399,0,1054,0,0,1054,T
7-M,400,1008,0,0,0,1008,A
7-M,401,0,3,1021,0,1024,G
7-M,402,0,8,1004,0,1012,G
7-M,403,1012,1,0,0,1013,A
7-M,404,0,1009,0,0,1009,T
7-M,405,1,14,958,0,973,G
7-M,406,3,9,957,0,969,G
7-M,407,0,7,962,0,969,G
7-M,408,0,4,975,0,979,G
7-M,409,1,0,971,0,972,G
7-M,410,0,0,0,968,968,C
7-M,411,0,949,0,1,950,T
7-M,412,0,0,956,0,956,G
7-M,413,0,957,0,0,957,T
7-M,414,944,18,1,0,963,A
7-M,415,956,1,3,0,960,A
7-M,416,0,0,0,966,966,C
7-M,417,5,0,1,951,957,C
7-M,418,945,0,0,0,945,A
7-M,419,0,0,0,948,948,C
7-M,420,1,939,0,1,941,T
7-M,421,0,5,944,0,949,G
7-M,422,946,0,0,0,946,A
7-M,423,944,0,0,0,944,A
7-M,424,0,0,950,0,950,G
7-M,425,0,936,0,1,937,T
7-M,426,0,6,931,0,937,G
7-M,427,0,0,940,0,940,G
7-M,428,0,0,0,938,938,C
7-M,429,939,0,0,0,939,A
7-M,430,0,935,0,1,936,T
7-M,431,0,934,0,1,935,T
7-M,432,1,935,0,0,936,T
7-M,433,0,3,958,0,961,G
7-M,434,0,0,963,0,963,G
7-M,435,0,0,0,960,960,C
7-M,436,3,1,0,956,960,C
7-M,437,0,950,0,0,950,T
7-M,438,0,2,998,0,1000,G
7-M,439,0,1,1011,0,1012,G
7-M,440,0,1013,0,0,1013,T
7-M,441,1015,0,1,0,1016,A
7-M,442,0,982,0,1,983,T
7-M,443,0,0,1005,1,1006,G
7-M,444,0,1008,0,1,1009,T
7-M,445,0,0,1011,0,1011,G
7-M,446,2,0,1,1003,1006,C
7-M,447,966,0,1,0,967,A
7-M,448,964,0,0,0,964,A
7-M,449,1,0,0,966,967,C
7-M,450,962,0,0,0,962,A
7-M,451,1,960,0,0,961,T
7-M,452,2,0,949,1,952,G
7-M,453,0,940,0,0,940,T
7-M,454,2,16,919,1,938,G
7-M,455,933,0,1,0,934,A
7-M,456,0,0,938,0,938,G
7-M,457,1,3,0,934,938,C
7-M,458,920,0,0,0,920,A
7-M,459,0,5,921,0,926,G
7-M,460,920,1,0,0,921,A
7-M,461,0,922,0,0,922,T
7-M,462,0,917,0,1,918,T
7-M,463,0,2,914,0,916,G
7-M,464,1,1,0,915,917,C
7-M,465,0,916,0,1,917,T
7-M,466,0,11,907,0,918,G
7-M,467,912,0,2,0,914,A
7-M,468,1,1,0,961,963,C
7-M,469,0,962,0,2,964,T
7-M,470,8,1,0,950,959,C
7-M,471,9,2,0,941,952,C
7-M,472,4,0,0,956,960,C
7-M,473,953,0,2,0,955,A
7-M,474,0,0,963,0,963,G
7-M,475,2,0,0,960,962,C
7-M,476,964,0,0,0,964,A
7-M,477,0,0,0,961,961,C
7-M,478,893,0,2,0,895,A
7-M,479,0,3,905,0,908,G
7-M,480,0,0,908,0,908,G
7-M,481,0,906,0,0,906,T
7-M,482,11,0,0,908,919,C
7-M,483,1,897,0,4,902,T
7-M,484,4,1,0,909,914,C
7-M,485,910,0,1,0,911,A
7-M,486,0,911,0,0,911,T
7-M,487,909,0,1,0,910,A
7-M,488,0,2,902,0,904,G
7-M,489,3,0,897,0,900,G
7-M,490,2,0,0,893,895,C
7-M,491,858,0,0,1,859,A
7-M,492,0,2,846,0,848,G
7-M,493,855,1,1,0,857,A
7-M,494,0,860,0,0,860,T
7-M,495,0,5,858,0,863,G
7-M,496,1,0,861,0,862,G
7-M,497,0,849,0,0,849,T
7-M,498,0,5,842,0,847,G
7-M,499,0,1,848,0,849,G
7-M,500,1,1,0,853,855,C
7-M,501,850,0,0,0,850,A
7-M,502,848,1,0,0,849,A
7-M,503,0,0,1,859,860,C
7-M,504,855,0,0,0,855,A
7-M,505,861,0,0,0,861,A
7-M,506,0,0,0,859,859,C
7-M,507,4,0,0,851,855,C
7-M,508,846,0,0,0,846,A
7-M,509,848,0,0,0,848,A
7-M,510,1,852,0,0,853,T
7-M,511,2,0,0,852,854,C
7-M,512,8,0,1,833,842,C
7-M,513,832,0,0,0,832,A
7-M,514,0,832,0,1,833,T
7-M,515,0,833,0,0,833,T
7-M,516,837,0,1,0,838,A
7-M,517,838,0,1,0,839,A
7-M,518,0,842,0,0,842,T
7-M,519,837,0,0,0,837,A
7-M,520,839,0,0,0,839,A
7-M,521,829,0,1,0,830,A
7-M,522,832,0,1,0,833,A
7-M,523,1,0,0,853,854,C
7-M,524,854,0,0,0,854,A
7-M,525,0,851,0,0,851,T
7-M,526,0,3,847,0,850,G
7-M,527,844,0,1,0,845,A
7-M,528,0,9,847,0,856,G
7-M,529,849,0,1,0,850,A
7-M,530,847,1,2,0,850,A
7-M,531,0,1,0,856,857,C
7-M,532,839,0,0,0,839,A
7-M,533,0,5,843,0,848,G
7-M,534,839,0,0,0,839,A
7-M,535,841,0,1,0,842,A
7-M,536,0,840,0,0,840,T
7-M,537,0,7,826,1,834,G
7-M,538,0,1,835,0,836,G
7-M,539,0,833,0,0,833,T
7-M,540,0,815,0,0,815,T
7-M,541,1,826,0,0,827,T
7-M,542,0,828,0,0,828,T
7-M,543,0,5,836,0,841,G
7-M,544,0,0,840,0,840,G
7-M,545,1,2,0,835,838,C
7-M,546,5,0,0,839,844,C
7-M,547,821,0,1,0,822,A
7-M,548,0,0,862,0,862,G
7-M,549,0,0,0,860,860,C
7-M,550,865,0,0,0,865,A
7-M,551,0,0,0,884,884,C
7-M,552,0,874,0,0,874,T
7-M,553,876,0,0,0,876,A
7-M,554,0,3,0,883,886,C
7-M,555,897,0,0,0,897,A
7-M,556,1,1,906,0,908,G
7-M,557,1,0,0,885,886,C
7-M,558,0,870,0,2,872,T
7-M,559,869,0,0,0,869,A
7-M,560,857,0,0,0,857,A
7-M,561,0,7,857,0,864,G
7-M,562,2,1,872,0,875,G
7-M,563,1,0,0,877,878,C
7-M,564,0,844,0,0,844,T
7-M,565,840,0,0,0,840,A
7-M,566,0,840,0,0,840,T
7-M,567,0,6,835,1,842,G
7-M,568,0,14,836,0,850,G
7-M,569,829,0,0,0,829,A
7-M,570,0,2,833,1,836,G
7-M,571,0,0,0,819,819,C
7-M,572,817,0,0,0,817,A
7-M,573,815,0,2,0,817,A
7-M,574,813,0,1,0,814,A
7-M,575,0,827,0,0,827,T
7-M,576,0,16,810,0,826,G
7-M,577,2,0,817,0,819,G
7-M,578,0,0,0,815,815,C
7-M,579,0,811,0,2,813,T
7-M,580,1,7,810,0,818,G
7-M,581,0,5,830,0,835,G
7-M,582,829,0,2,0,831,A
7-M,583,0,829,0,1,830,T
7-M,584,9,0,0,821,830,C
7-M,585,825,1,0,0,826,A
7-M,586,827,0,0,0,827,A
7-M,587,0,0,834,0,834,G
7-M,588,0,833,0,0,833,T
7-M,589,1,14,819,0,834,G
7-M,590,818,0,1,0,819,A
7-M,591,1,0,824,0,825,G
7-M,592,2,0,0,822,824,C
7-M,593,819,0,2,0,821,A
7-M,594,0,1,825,0,826,G
7-M,595,0,1,810,0,811,G
7-M,596,0,2,0,807,809,C
7-M,597,804,0,0,0,804,A
7-M,598,0,0,811,0,811,G
7-M,599,2,2,0,802,806,C
7-M,600,0,5,801,0,806,G
7-M,601,0,1,806,0,807,G
7-M,602,804,1,3,0,808,A
7-M,603,0,6,816,0,822,G
7-M,604,0,0,834,0,834,G
7-M,605,0,1,0,832,833,C
7-M,606,5,1,0,826,832,C
7-M,607,830,0,1,0,831,A
7-M,608,0,831,0,1,832,T
7-M,609,1,2,831,0,834,G
7-M,610,0,5,836,1,842,G
7-M,611,840,0,1,0,841,A
7-M,612,0,4,836,0,840,G
7-M,613,819,0,1,0,820,A
7-M,614,0,838,0,0,838,T
7-M,615,0,832,0,0,832,T
7-M,616,0,1,832,0,833,G
7-M,617,0,0,0,836,836,C
7-M,618,0,830,0,0,830,T
7-M,619,835,0,0,0,835,A
7-M,620,0,0,835,0,835,G
7-M,621,0,831,0,0,831,T
7-M,622,13,0,0,819,832,C
7-M,623,816,0,0,0,816,A
7-M,624,1,2,844,0,847,G
7-M,625,0,1,847,0,848,G
7-M,626,2,0,0,848,850,C
7-M,627,0,0,0,848,848,C
7-M,628,842,2,0,1,845,A
7-M,629,0,2,861,0,863,G
7-M,630,0,1,859,0,860,G
7-M,631,1,0,0,861,862,C
7-M,632,861,0,0,0,861,A
7-M,633,0,2,855,0,857,G
7-M,634,848,0,1,0,849,A
7-M,635,2,849,0,0,851,T
7-M,636,0,5,856,0,861,G
7-M,637,0,0,881,0,881,G
7-M,638,0,866,0,2,868,T
7-M,639,1,0,865,0,866,G
7-M,640,0,0,0,865,865,C
7-M,641,860,0,0,1,861,A
7-M,642,0,2,880,0,882,G
7-M,643,0,1,871,0,872,G
7-M,644,1,1,0,879,881,C
7-M,645,876,0,0,0,876,A
7-M,646,863,0,0,0,863,A
7-M,647,0,856,0,0,856,T
7-M,648,0,12,841,0,853,G
7-M,649,850,0,1,0,851,A
7-M,650,0,9,841,0,850,G
7-M,651,836,0,3,0,839,A
7-M,652,1,0,839,1,841,G
7-M,653,0,0,0,858,858,C
7-M,654,12,1,0,857,870,C
7-M,655,874,0,0,0,874,A
7-M,656,0,873,0,0,873,T
7-M,657,0,874,0,0,874,T
7-M,658,2,13,859,0,874,G
7-M,659,0,4,861,0,865,G
7-M,660,0,9,862,0,871,G
7-M,661,865,0,3,0,868,A
7-M,662,2,0,0,865,867,C
7-M,663,0,840,1,2,843,T
7-M,664,14,1,0,828,843,C
7-M,665,844,1,0,0,845,A
7-M,666,1,869,0,0,870,T
7-M,667,6,0,0,867,873,C
7-M,668,5,1,0,862,868,C
7-M,669,1,868,0,0,869,T
7-M,670,866,0,1,0,867,A
7-M,671,0,0,883,0,883,G
7-M,672,0,956,0,0,956,T
7-M,673,0,949,0,0,949,T
7-M,674,12,0,1,930,943,C
7-M,675,9,0,0,922,931,C
7-M,676,931,0,2,1,934,A
7-M,677,2,0,946,0,948,G
7-M,678,0,946,0,1,947,T
7-M,679,946,0,0,0,946,A
7-M,680,0,0,0,943,943,C
7-M,681,0,866,0,2,868,T
7-M,682,1,5,898,0,904,G
7-M,683,0,0,924,0,924,G
7-M,684,1,918,0,0,919,T
7-M,685,9,0,0,908,917,C
7-M,686,0,898,0,0,898,T
7-M,687,901,0,0,0,901,A
7-M,688,900,0,0,0,900,A
7-M,689,0,12,897,0,909,G
7-M,690,892,0,4,0,896,A
7-M,691,0,3,868,0,871,G
7-M,692,841,0,0,0,841,A
7-M,693,0,835,0,1,836,T
7-M,694,1,14,821,0,836,G
7-M,695,834,0,0,0,834,A
7-M,696,1,828,0,1,830,T
7-M,697,6,0,0,826,832,C
7-M,698,0,821,0,0,821,T
7-M,699,0,825,0,0,825,T
7-M,700,4,0,0,822,826,C
7-M,701,1,825,0,1,827,T
7-M,702,0,828,0,0,828,T
7-M,703,0,7,821,0,828,G
7-M,704,826,0,0,0,826,A
7-M,705,826,0,0,0,826,A
7-M,706,828,0,0,0,828,A
7-M,707,828,0,0,0,828,A
7-M,708,0,834,0,1,835,T
7-M,709,0,837,0,0,837,T
7-M,710,0,837,0,0,837,T
7-M,711,0,0,837,0,837,G
7-M,712,1,2,0,833,836,C
7-M,713,837,0,1,0,838,A
7-M,714,0,5,835,0,840,G
7-M,715,840,0,1,0,841,A
7-M,716,0,0,0,861,861,C
7-M,717,2,0,0,851,853,C
7-M,718,0,856,0,1,857,T
7-M,719,866,0,0,0,866,A
7-M,720,1,865,0,0,866,T
7-M,721,8,0,0,860,868,C
7-M,722,865,0,0,0,865,A
7-M,723,0,8,865,0,873,G
7-M,724,869,0,3,0,872,A
7-M,725,844,0,3,0,847,A
7-M,726,851,0,1,0,852,A
7-M,727,0,3,0,848,851,C
7-M,728,1,9,844,0,854,G
7-M,729,841,0,1,0,842,A
7-M,730,849,0,0,0,849,A
7-M,731,0,849,0,0,849,T
7-M,732,0,7,836,1,844,G
7-M,733,0,11,834,0,845,G
7-M,734,2,11,834,0,847,G
7-M,735,0,10,838,0,848,G
7-M,736,0,0,853,0,853,G
7-M,737,0,836,0,1,837,T
7-M,738,0,1,835,0,836,G
7-M,739,3,0,0,833,836,C
7-M,740,836,0,1,0,837,A
7-M,741,0,1,846,0,847,G
7-M,742,833,0,0,0,833,A
7-M,743,0,830,0,0,830,T
7-M,744,0,0,828,0,828,G
7-M,745,1,1,0,818,820,C
7-M,746,820,0,0,0,820,A
7-M,747,819,0,0,0,819,A
7-M,748,0,3,0,822,825,C
7-M,749,2,11,814,0,827,G
7-M,750,827,0,0,0,827,A
7-M,751,0,821,0,0,821,T
7-M,752,0,822,0,0,822,T
7-M,753,8,0,0,821,829,C
7-M,754,823,1,1,0,825,A
7-M,755,827,0,1,0,828,A
7-M,756,0,0,829,0,829,G
7-M,757,0,819,0,0,819,T
7-M,758,0,13,802,1,816,G
7-M,759,809,0,0,0,809,A
7-M,760,1,1,0,811,813,C
7-M,761,6,1,0,796,803,C
7-M,762,11,1,0,790,802,C
7-M,763,3,2,804,0,809,G
7-M,764,0,0,0,809,809,C
7-M,765,0,808,0,0,808,T
7-M,766,0,808,0,0,808,T
7-M,767,1,1,808,0,810,G
7-M,768,0,809,0,0,809,T
7-M,769,0,799,0,2,801,T
7-M,770,0,0,802,0,802,G
7-M,771,0,785,0,0,785,T
7-M,772,0,772,0,1,773,T
7-M,773,1,0,769,0,770,G
7-M,774,1,0,0,769,770,C
7-M,775,6,2,0,759,767,C
7-M,776,2,0,768,0,770,G
7-M,777,2,1,0,767,770,C
7-M,778,5,6,762,0,773,G
7-M,779,773,0,1,0,774,A
7-M,780,772,0,1,0,773,A
7-M,781,0,775,0,9,784,T
7-M,782,785,0,0,0,785,A
7-M,783,0,789,0,2,791,T
7-M,784,8,0,0,789,797,C
7-M,785,798,0,0,0,798,A
7-M,786,0,797,0,1,798,T
7-M,787,2,783,0,0,785,T
7-M,788,0,10,775,0,785,G
7-M,789,1,4,776,0,781,G
7-M,790,0,4,778,0,782,G
7-M,791,779,0,0,0,779,A
7-M,792,0,778,0,0,778,T
7-M,793,3,0,0,748,751,C
7-M,794,0,749,1,0,750,T
7-M,795,0,747,0,0,747,T
7-M,796,1,0,754,0,755,G
7-M,797,1,0,0,756,757,C
7-M,798,761,0,1,0,762,A
7-M,799,1,0,0,762,763,C
7-M,800,0,749,0,0,749,T
7-M,801,0,749,0,2,751,T
7-M,802,0,9,744,0,753,G
7-M,803,756,1,0,0,757,A
7-M,804,0,759,0,0,759,T
7-M,805,752,0,0,0,752,A
7-M,806,0,747,0,0,747,T
7-M,807,0,742,0,0,742,T
7-M,808,0,0,745,0,745,G
7-M,809,0,741,0,0,741,T
7-M,810,1,5,733,0,739,G
7-M,811,0,3,734,0,737,G
7-M,812,716,0,0,0,716,A
7-M,813,0,714,0,1,715,T
7-M,814,0,709,0,2,711,T
7-M,815,3,0,0,706,709,C
7-M,816,0,708,0,1,709,T
7-M,817,0,702,0,0,702,T
7-M,818,0,8,696,0,704,G
7-M,819,698,0,1,0,699,A
7-M,820,0,696,0,2,698,T
7-M,821,9,0,0,687,696,C
7-M,822,1,0,695,0,696,G
7-M,823,0,694,0,0,694,T
7-M,824,4,0,1,689,694,C
7-M,825,1,690,0,1,692,T
7-M,826,0,692,0,0,692,T
7-M,827,0,693,0,0,693,T
7-M,828,0,691,0,0,691,T
7-M,829,0,690,0,0,690,T
7-M,830,0,689,0,0,689,T
7-M,831,1,690,0,0,691,T
7-M,832,3,0,0,687,690,C
7-M,833,689,0,0,0,689,A
7-M,834,691,0,0,0,691,A
7-M,835,689,1,0,0,690,A
7-M,836,0,690,0,1,691,T
7-M,837,0,0,693,0,693,G
7-M,838,1,0,0,690,691,C
7-M,839,0,0,688,0,688,G
7-M,840,0,692,0,2,694,T
7-M,841,4,0,0,692,696,C
7-M,842,0,696,0,0,696,T
7-M,843,698,0,0,0,698,A
7-M,844,0,697,0,0,697,T
7-M,845,8,1,0,685,694,C
7-M,846,2,7,686,0,695,G
7-M,847,687,0,2,0,689,A
7-M,848,0,0,0,688,688,C
7-M,849,1,665,0,3,669,T
7-M,850,13,0,0,672,685,C
7-M,851,0,677,0,1,678,T
7-M,852,0,679,0,0,679,T
7-M,853,2,0,0,678,680,C
7-M,854,681,0,1,0,682,A
7-M,855,682,0,0,0,682,A
7-M,856,681,0,0,0,681,A
7-M,857,0,0,0,680,680,C
7-M,858,673,0,0,0,673,A
7-M,859,1,2,0,642,645,C
7-M,860,0,4,624,0,628,G
7-M,861,0,0,644,0,644,G
7-M,862,0,0,0,646,646,C
7-M,863,3,0,0,646,649,C
7-M,864,0,645,0,0,645,T
7-M,865,0,646,0,0,646,T
7-M,866,647,0,0,0,647,A
7-M,867,650,0,0,0,650,A
7-M,868,650,0,0,0,650,A
7-M,869,647,0,0,0,647,A
7-M,870,0,3,637,0,640,G
7-M,871,560,0,2,0,562,A
7-M,872,0,1,559,0,560,G
7-M,873,0,0,560,0,560,G
7-M,874,0,0,0,557,557,C
7-M,875,3,0,0,553,556,C
7-M,876,4,0,0,551,555,C
7-M,877,0,553,0,0,553,T
7-M,878,0,556,0,0,556,T
7-M,879,7,0,0,548,555,C
7-M,880,0,558,0,2,560,T
7-M,881,561,0,0,0,561,A
7-M,882,0,0,0,559,559,C
7-M,883,1,1,548,0,550,G
7-M,884,0,2,546,0,548,G
7-M,885,527,0,0,0,527,A
7-M,886,526,0,0,0,526,A
7-M,887,1,2,511,0,514,G
7-M,888,0,7,507,0,514,G
7-M,889,508,0,0,0,508,A
7-M,890,0,0,508,0,508,G
7-M,891,0,503,0,0,503,T
7-M,892,507,0,1,0,508,A
7-M,893,0,0,0,505,505,C
7-M,894,6,0,0,498,504,C
7-M,895,0,494,0,1,495,T
7-M,896,0,1,492,0,493,G
7-M,897,468,0,0,0,468,A
7-M,898,0,1,471,0,472,G
7-M,899,0,452,0,1,453,T
7-M,900,4,0,0,446,450,C
7-M,901,0,441,0,0,441,T
7-M,902,439,0,1,0,440,A
7-M,903,0,439,0,0,439,T
7-M,904,0,3,437,0,440,G
7-M,905,419,0,0,0,419,A
7-M,906,0,3,415,0,418,G
7-M,907,0,3,379,0,382,G
7-M,908,0,2,375,0,377,G
7-M,909,373,0,0,0,373,A
7-M,910,370,0,0,0,370,A
7-M,911,0,1,368,0,369,G
7-M,912,365,0,0,0,365,A
7-M,913,362,0,0,0,362,A
7-M,914,0,359,0,0,359,T
7-M,915,352,0,0,0,352,A
7-M,916,0,348,0,2,350,T
7-M,917,6,0,0,338,344,C
7-M,918,2,4,338,0,344,G
7-M,919,343,0,0,0,343,A
7-M,920,336,0,1,0,337,A
7-M,921,337,0,0,0,337,A
7-M,922,0,2,328,0,330,G
7-M,923,0,3,328,0,331,G
7-M,924,323,0,0,0,323,A
7-M,925,323,0,1,0,324,A
7-M,926,1,0,0,322,323,C
7-M,927,318,0,0,0,318,A
7-M,928,0,1,319,0,320,G
7-M,929,0,0,0,321,321,C
7-M,930,319,0,0,0,319,A
7-M,931,0,1,316,0,317,G
7-M,932,290,0,0,0,290,A
7-M,933,291,0,0,0,291,A
7-M,934,0,289,0,0,289,T
7-M,935,0,0,280,0,280,G
7-M,936,0,0,0,279,279,C
7-M,937,0,255,0,0,255,T
7-M,938,0,0,256,0,256,G
7-M,939,0,254,0,0,254,T
7-M,940,0,1,251,0,252,G
7-M,941,0,0,250,1,251,G
7-M,942,240,0,0,0,240,A
7-M,943,0,234,0,0,234,T
7-M,944,1,2,224,0,227,G
7-M,945,0,0,0,222,222,C
7-M,946,0,215,0,0,215,T
7-M,947,0,1,212,0,213,G
7-M,948,210,0,0,0,210,A
7-M,949,0,0,0,209,209,C
7-M,950,0,4,199,0,203,G
7-M,951,202,0,0,0,202,A
7-M,952,0,0,0,202,202,C
7-M,953,190,0,1,0,191,A
7-M,954,0,0,191,0,191,G
7-M,955,0,190,0,0,190,T
7-M,956,4,0,0,186,190,C
7-M,957,190,0,0,0,190,A
7-M,958,1,188,0,0,189,T
7-M,959,0,185,0,1,186,T
7-M,960,0,186,0,0,186,T
7-M,961,0,181,0,0,181,T
7-M,962,0,0,182,0,182,G
7-M,963,0,172,0,1,173,T
7-M,964,3,0,0,170,173,C
7-M,965,164,0,0,0,164,A
7-M,966,0,0,164,0,164,G
7-M,967,0,0,0,163,163,C
7-M,968,163,0,0,0,163,A
7-M,969,0,163,0,0,163,T
7-M,970,153,0,0,0,153,A
7-M,971,0,0,153,0,153,G
7-M,972,149,0,0,0,149,A
7-M,973,0,0,148,0,148,G
7-M,974,0,139,0,0,139,T
7-M,975,0,95,0,0,95,T
7-M,976,1,1,93,0,95,G
7-M,977,0,1,94,0,95,G
7-M,978,93,1,0,0,94,A
7-M,979,0,0,95,0,95,G
7-M,980,0,55,0,0,55,T
7-M,981,52,0,0,0,52,A
7-M,982,52,0,0,0,52,A
8-NS,1,496,0,0,0,496,A
8-NS,2,0,498,0,0,498,T
8-NS,3,0,0,529,0,529,G
8-NS,4,3,11,561,0,575,G
8-NS,5,647,0,1,0,648,A
8-NS,6,0,1398,0,0,1398,T
8-NS,7,0,1402,0,1,1403,T
8-NS,8,2,0,0,1445,1447,C
8-NS,9,5,2,0,1441,1448,C
8-NS,10,1452,0,1,0,1453,A
8-NS,11,1467,0,0,1,1468,A
8-NS,12,1,2,0,1468,1471,C
8-NS,13,1479,0,0,0,1479,A
8-NS,14,0,0,0,1493,1493,C
8-NS,15,0,1493,0,0,1493,T
8-NS,16,2,0,1699,0,1701,G
8-NS,17,1,1706,0,0,1707,T
8-NS,18,0,2,1728,0,1730,G
8-NS,19,0,1729,0,4,1733,T
8-NS,20,26,0,0,1713,1739,C
8-NS,21,1739,0,0,0,1739,A
8-NS,22,1743,0,1,0,1744,A
8-NS,23,0,1,1772,0,1773,G
8-NS,24,0,1809,0,2,1811,T
8-NS,25,1,1807,1,2,1811,T
8-NS,26,0,1840,0,0,1840,T
8-NS,27,6,0,0,1832,1838,C
8-NS,28,5,1,0,1840,1846,C
8-NS,29,1841,1,3,1,1846,A
8-NS,30,1,14,1849,1,1865,G
8-NS,31,0,1,1879,0,1880,G
8-NS,32,0,1881,0,1,1882,T
8-NS,33,1886,0,1,0,1887,A
8-NS,34,0,9,1899,0,1908,G
8-NS,35,1908,0,4,0,1912,A
8-NS,36,0,1918,0,3,1921,T
8-NS,37,2,1914,0,2,1918,T
8-NS,38,0,1,1956,0,1957,G
8-NS,39,3,0,0,1956,1959,C
8-NS,40,0,1958,0,2,1960,T
8-NS,41,0,1978,0,2,1980,T
8-NS,42,2,1998,0,3,2003,T
8-NS,43,8,0,0,2055,2063,C
8-NS,44,0,2063,0,1,2064,T
8-NS,45,0,2056,0,6,2062,T
8-NS,46,1,2063,0,1,2065,T
8-NS,47,1,24,2058,0,2083,G
8-NS,48,0,0,2089,0,2089,G
8-NS,49,2,0,0,2083,2085,C
8-NS,50,2075,0,1,6,2082,A
8-NS,51,0,2089,0,1,2090,T
8-NS,52,2117,0,1,0,2118,A
8-NS,53,0,2155,0,1,2156,T
8-NS,54,7,1,0,2153,2161,C
8-NS,55,11,10,0,2138,2159,C
8-NS,56,1,13,2147,1,2162,G
8-NS,57,1,8,2171,0,2180,G
8-NS,58,2179,0,3,0,2182,A
8-NS,59,2192,0,0,0,2192,A
8-NS,60,2198,0,4,1,2203,A
8-NS,61,1,0,0,2246,2247,C
8-NS,62,2256,0,2,0,2258,A
8-NS,63,2253,0,2,0,2255,A
8-NS,64,1,1,2372,0,2374,G
8-NS,65,0,2379,0,3,2382,T
8-NS,66,0,2382,0,0,2382,T
8-NS,67,1,1,2384,0,2386,G
8-NS,68,0,2382,0,1,2383,T
8-NS,69,2381,0,2,0,2383,A
8-NS,70,1,39,2368,0,2408,G
8-NS,71,2558,0,1,0,2559,A
8-NS,72,3,0,0,2589,2592,C
8-NS,73,20,1,0,2554,2575,C
8-NS,74,2574,0,1,0,2575,A
8-NS,75,2588,0,4,1,2593,A
8-NS,76,0,44,2717,1,2762,G
8-NS,77,2758,2,1,0,2761,A
8-NS,78,2782,0,0,0,2782,A
8-NS,79,0,0,0,2792,2792,C
8-NS,80,0,2739,1,1,2741,T
8-NS,81,1,39,2742,0,2782,G
8-NS,82,2775,0,3,0,2778,A
8-NS,83,0,1,2848,1,2850,G
8-NS,84,1,2841,1,5,2848,T
8-NS,85,2,20,2806,0,2828,G
8-NS,86,2828,3,4,1,2836,A
8-NS,87,0,2837,1,1,2839,T
8-NS,88,2,5,2881,0,2888,G
8-NS,89,1,1,0,2954,2956,C
8-NS,90,10,1,0,2961,2972,C
8-NS,91,25,1,0,2969,2995,C
8-NS,92,16,1,1,2971,2989,C
8-NS,93,3005,0,1,0,3006,A
8-NS,94,0,3043,1,3,3047,T
8-NS,95,0,3081,0,1,3082,T
8-NS,96,15,1,0,3101,3117,C
8-NS,97,22,0,0,3087,3109,C
8-NS,98,0,3089,0,10,3099,T
8-NS,99,0,3094,1,0,3095,T
8-NS,100,11,31,3062,0,3104,G
8-NS,101,3097,1,2,0,3100,A
8-NS,102,1,3104,1,3,3109,T
8-NS,103,22,2,1,3073,3098,C
8-NS,104,3,28,3058,0,3089,G
8-NS,105,3,4,3120,0,3127,G
8-NS,106,0,1,0,3127,3128,C
8-NS,107,0,3106,0,6,3112,T
8-NS,108,1,3125,0,0,3126,T
8-NS,109,16,0,0,3115,3131,C
8-NS,110,5,2,3144,0,3151,G
8-NS,111,3,4,0,3142,3149,C
8-NS,112,13,2,0,3125,3140,C
8-NS,113,6,24,3135,0,3165,G
8-NS,114,3140,0,1,0,3141,A
8-NS,115,0,22,3239,0,3261,G
8-NS,116,3258,1,0,0,3259,A
8-NS,117,0,3273,0,0,3273,T
8-NS,118,31,3,0,3246,3280,C
8-NS,119,3265,0,4,1,3270,A
8-NS,120,1,20,3260,1,3282,G
8-NS,121,3272,1,4,0,3277,A
8-NS,122,0,17,3279,0,3296,G
8-NS,123,2,2,3333,0,3337,G
8-NS,124,0,3350,0,1,3351,T
8-NS,125,27,1,1,3510,3539,C
8-NS,126,21,2,1,3529,3553,C
8-NS,127,36,0,1,3530,3567,C
8-NS,128,0,3566,0,1,3567,T
8-NS,129,3582,0,1,0,3583,A
8-NS,130,3577,0,4,0,3581,A
8-NS,131,0,37,3591,2,3630,G
8-NS,132,2,51,3583,0,3636,G
8-NS,133,1,21,3593,0,3615,G
8-NS,134,1,20,3512,0,3533,G
8-NS,135,3528,0,2,0,3530,A
8-NS,136,3521,0,1,0,3522,A
8-NS,137,0,16,3539,0,3555,G
8-NS,138,3626,1,7,0,3634,A
8-NS,139,0,22,3645,1,3668,G
8-NS,140,1,2,3672,0,3675,G
8-NS,141,4,2,0,3680,3686,C
8-NS,142,3674,0,2,0,3676,A
8-NS,143,3680,1,10,0,3691,A
8-NS,144,0,3692,0,1,3693,T
8-NS,145,3720,0,2,0,3722,A
8-NS,146,0,0,0,3787,3787,C
8-NS,147,0,3736,1,4,3741,T
8-NS,148,36,1,0,3711,3748,C
8-NS,149,1,3717,0,1,3719,T
8-NS,150,24,16,0,3694,3734,C
8-NS,151,7,34,3731,1,3773,G
8-NS,152,3,0,3950,0,3953,G
8-NS,153,0,3950,0,3,3953,T
8-NS,154,36,1,0,3936,3973,C
8-NS,155,0,3941,0,7,3948,T
8-NS,156,3997,0,2,1,4000,A
8-NS,157,1,35,3962,0,3998,G
8-NS,158,3995,0,6,0,4001,A
8-NS,159,0,0,0,4085,4085,C
8-NS,160,4034,0,1,0,4035,A
8-NS,161,0,3991,0,1,3992,T
8-NS,162,14,1,0,3967,3982,C
8-NS,163,3974,1,3,0,3978,A
8-NS,164,3988,0,2,0,3990,A
8-NS,165,3965,0,2,0,3967,A
8-NS,166,1,7,3993,0,4001,G
8-NS,167,1,2,0,4020,4023,C
8-NS,168,3973,0,8,0,3981,A
8-NS,169,1,7,4007,0,4015,G
8-NS,170,5,1,0,4010,4016,C
8-NS,171,29,1,0,3994,4024,C
8-NS,172,4054,0,1,0,4055,A
8-NS,173,3,0,0,4119,4122,C
8-NS,174,20,1,0,4112,4133,C
8-NS,175,49,2,0,4079,4130,C
8-NS,176,4180,2,1,0,4183,A
8-NS,177,0,4186,0,2,4188,T
8-NS,178,4,2,4175,0,4181,G
8-NS,179,0,4171,0,9,4180,T
8-NS,180,1,4158,0,10,4169,T
8-NS,181,2,20,4137,0,4159,G
8-NS,182,1,21,4114,0,4136,G
8-NS,183,4117,1,2,0,4120,A
8-NS,184,4113,2,4,1,4120,A
8-NS,185,4049,2,1,0,4052,A
8-NS,186,3,2,4074,1,4080,G
8-NS,187,7,0,0,4064,4071,C
8-NS,188,4069,0,2,0,4071,A
8-NS,189,4061,0,4,0,4065,A
8-NS,190,4064,0,2,1,4067,A
8-NS,191,2,4085,2,0,4089,T
8-NS,192,1,4068,0,2,4071,T
8-NS,193,1,1,4151,0,4153,G
8-NS,194,1,4151,0,1,4153,T
8-NS,195,4135,0,3,0,4138,A
8-NS,196,0,28,4110,0,4138,G
8-NS,197,4140,3,1,0,4144,A
8-NS,198,4135,0,1,0,4136,A
8-NS,199,4135,0,1,0,4136,A
8-NS,200,4109,0,5,0,4114,A
8-NS,201,1,14,4128,0,4143,G
8-NS,202,4095,1,2,0,4098,A
8-NS,203,0,4088,0,2,4090,T
8-NS,204,0,4095,0,0,4095,T
8-NS,205,31,2,0,4081,4114,C
8-NS,206,1,4104,0,2,4107,T
8-NS,207,2,23,4093,0,4118,G
8-NS,208,4107,2,0,1,4110,A
8-NS,209,4112,0,1,1,4114,A
8-NS,210,4092,0,7,0,4099,A
8-NS,211,1,20,4095,1,4117,G
8-NS,212,4112,0,6,0,4118,A
8-NS,213,4117,1,1,0,4119,A
8-NS,214,0,33,4120,0,4153,G
8-NS,215,4171,1,4,0,4176,A
8-NS,216,4180,1,6,1,4188,A
8-NS,217,3,4183,0,0,4186,T
8-NS,218,20,2,1,4197,4220,C
8-NS,219,1,4206,0,4,4211,T
8-NS,220,1,23,4202,0,4226,G
8-NS,221,4218,0,4,0,4222,A
8-NS,222,2,4214,0,3,4219,T
8-NS,223,3,13,4188,0,4204,G
8-NS,224,4166,2,2,0,4170,A
8-NS,225,1,29,4157,0,4187,G
8-NS,226,2,8,4178,0,4188,G
8-NS,227,4,6,0,4167,4177,C
8-NS,228,4183,0,1,0,4184,A
8-NS,229,1,1,0,4255,4257,C
8-NS,230,0,4240,2,5,4247,T
8-NS,231,0,4272,0,1,4273,T
8-NS,232,4297,1,1,0,4299,A
8-NS,233,4299,1,0,0,4300,A
8-NS,234,4291,0,4,0,4295,A
8-NS,235,4277,0,12,1,4290,A
8-NS,236,1,4284,0,2,4287,T
8-NS,237,2,86,4214,0,4302,G
8-NS,238,4332,1,3,0,4336,A
8-NS,239,1,2,0,4339,4342,C
8-NS,240,32,3,1,4296,4332,C
8-NS,241,4329,1,0,0,4330,A
8-NS,242,1,4322,0,3,4326,T
8-NS,243,2,43,4358,0,4403,G
8-NS,244,2,0,4460,0,4462,G
8-NS,245,1,4463,0,6,4470,T
8-NS,246,44,2,1,4621,4668,C
8-NS,247,0,4615,1,10,4626,T
8-NS,248,31,1,1,4657,4690,C
8-NS,249,31,6,0,4656,4693,C
8-NS,250,4710,1,3,0,4714,A
8-NS,251,3,2,0,4746,4751,C
8-NS,252,4663,3,3,1,4670,A
8-NS,253,0,2,0,4675,4677,C
8-NS,254,18,1,0,4603,4622,C
8-NS,255,0,4423,0,5,4428,T
8-NS,256,1,9,4442,1,4453,G
8-NS,257,1,1,0,4443,4445,C
8-NS,258,1,4414,0,4,4419,T
8-NS,259,1,4434,0,2,4437,T
8-NS,260,21,1,0,4386,4408,C
8-NS,261,4,8,4416,0,4428,G
8-NS,262,5,9,1,4389,4404,C
8-NS,263,1,38,4370,0,4409,G
8-NS,264,4581,2,2,0,4585,A
8-NS,265,0,4553,0,4,4557,T
8-NS,266,4646,0,3,0,4649,A
8-NS,267,1,4,0,4655,4660,C
8-NS,268,4639,2,2,1,4644,A
8-NS,269,0,4729,0,3,4732,T
8-NS,270,4695,0,1,1,4697,A
8-NS,271,4719,1,4,0,4724,A
8-NS,272,2,0,0,4725,4727,C
8-NS,273,1,4597,0,5,4603,T
8-NS,274,2,53,4616,1,4672,G
8-NS,275,4607,0,7,0,4614,A
8-NS,276,2,1,1,4637,4641,C
8-NS,277,4610,4,12,0,4626,A
8-NS,278,0,4578,0,3,4581,T
8-NS,279,1,55,4541,0,4597,G
8-NS,280,4582,2,9,1,4594,A
8-NS,281,1,1,0,4723,4725,C
8-NS,282,1,4694,0,3,4698,T
8-NS,283,4733,0,0,1,4734,A
8-NS,284,0,4733,1,3,4737,T
8-NS,285,0,4703,0,3,4706,T
8-NS,286,3,25,4686,0,4714,G
8-NS,287,4680,1,5,0,4686,A
8-NS,288,2,23,4670,0,4695,G
8-NS,289,0,33,4655,1,4689,G
8-NS,290,4607,1,5,0,4613,A
8-NS,291,4618,0,3,0,4621,A
8-NS,292,1,4542,0,0,4543,T
8-NS,293,1,4535,0,2,4538,T
8-NS,294,2,1,4629,0,4632,G
8-NS,295,2,4621,0,4,4627,T
8-NS,296,63,0,0,4569,4632,C
8-NS,297,4622,0,2,1,4625,A
8-NS,298,4617,2,2,2,4623,A
8-NS,299,2,36,4598,1,4637,G
8-NS,300,4641,3,5,0,4649,A
8-NS,301,4646,5,4,0,4655,A
8-NS,302,4647,0,8,1,4656,A
8-NS,303,1,1,1,4644,4647,C
8-NS,304,0,4581,0,1,4582,T
8-NS,305,2,35,4604,0,4641,G
8-NS,306,1,2,4684,0,4687,G
8-NS,307,1,4683,0,6,4690,T
8-NS,308,2,4669,0,5,4676,T
8-NS,309,62,2,1,4590,4655,C
8-NS,310,4662,2,1,0,4665,A
8-NS,311,1,4734,0,3,4738,T
8-NS,312,5,3,4769,1,4778,G
8-NS,313,2,0,0,4807,4809,C
8-NS,314,1,4752,0,5,4758,T
8-NS,315,4712,0,4,0,4716,A
8-NS,316,4751,0,2,0,4753,A
8-NS,317,1,4791,0,2,4794,T
8-NS,318,1,8,4794,1,4804,G
8-NS,319,5,6,0,4778,4789,C
8-NS,320,26,4,1,4702,4733,C
8-NS,321,40,1,3,4682,4726,C
8-NS,322,4714,0,2,0,4716,A
8-NS,323,4745,0,3,7,4755,A
8-NS,324,1,2,4782,0,4785,G
8-NS,325,0,3,0,4793,4796,C
8-NS,326,4768,1,4,0,4773,A
8-NS,327,1,24,4790,0,4815,G
8-NS,328,4789,1,12,0,4802,A
8-NS,329,4820,0,1,2,4823,A
8-NS,330,4819,1,3,0,4823,A
8-NS,331,1,1,4889,1,4892,G
8-NS,332,2,4852,0,0,4854,T
8-NS,333,5,19,4813,0,4837,G
8-NS,334,1,13,4818,1,4833,G
8-NS,335,4823,0,6,0,4829,A
8-NS,336,4777,0,8,0,4785,A
8-NS,337,2,40,4733,1,4776,G
8-NS,338,1,27,4773,0,4801,G
8-NS,339,4786,0,4,0,4790,A
8-NS,340,2,0,0,4784,4786,C
8-NS,341,24,0,0,4732,4756,C
8-NS,342,1,4758,2,5,4766,T
8-NS,343,26,0,0,4818,4844,C
8-NS,344,1,4816,0,8,4825,T
8-NS,345,1,4853,0,2,4856,T
8-NS,346,0,4843,0,3,4846,T
8-NS,347,3,5,4822,1,4831,G
8-NS,348,4,1,0,4878,4883,C
8-NS,349,4852,2,3,0,4857,A
8-NS,350,2,4851,0,2,4855,T
8-NS,351,22,3,0,4832,4857,C
8-NS,352,4913,2,2,1,4918,A
8-NS,353,1,31,5025,0,5057,G
8-NS,354,5026,1,2,1,5030,A
8-NS,355,5028,2,2,1,5033,A
8-NS,356,0,5029,0,3,5032,T
8-NS,357,4,42,4948,1,4995,G
8-NS,358,5,51,4994,2,5052,G
8-NS,359,5038,1,11,0,5050,A
8-NS,360,2,1,0,5029,5032,C
8-NS,361,30,4,0,4859,4893,C
8-NS,362,4814,0,2,1,4817,A
8-NS,363,0,18,4840,0,4858,G
8-NS,364,2,5,4856,1,4864,G
8-NS,365,2,2,0,4870,4874,C
8-NS,366,4842,0,2,1,4845,A
8-NS,367,4863,2,4,0,4869,A
8-NS,368,1,4858,0,0,4859,T
8-NS,369,42,0,0,4825,4867,C
8-NS,370,4866,0,2,0,4868,A
8-NS,371,0,4842,0,1,4843,T
8-NS,372,2,21,4762,3,4788,G
8-NS,373,1,30,4779,0,4810,G
8-NS,374,4795,2,2,0,4799,A
8-NS,375,1,19,4819,0,4839,G
8-NS,376,4758,1,2,1,4762,A
8-NS,377,4761,1,3,1,4766,A
8-NS,378,4766,0,2,1,4769,A
8-NS,379,4758,0,4,0,4762,A
8-NS,380,4783,0,11,1,4795,A
8-NS,381,0,2,0,4808,4810,C
8-NS,382,4790,0,2,0,4792,A
8-NS,383,2,4779,0,2,4783,T
8-NS,384,27,1,0,4709,4737,C
8-NS,385,4731,0,2,0,4733,A
8-NS,386,1,4745,0,7,4753,T
8-NS,387,1,5,4756,0,4762,G
8-NS,388,1,4747,0,12,4760,T
8-NS,389,1,4719,0,2,4722,T
8-NS,390,1,34,4676,0,4711,G
8-NS,391,4698,0,2,0,4700,A
8-NS,392,4691,2,3,0,4696,A
8-NS,393,4684,0,6,0,4690,A
8-NS,394,2,3,4712,0,4717,G
8-NS,395,10,6,0,4682,4698,C
8-NS,396,5,58,4637,0,4700,G
8-NS,397,4690,0,2,0,4692,A
8-NS,398,4696,1,2,0,4699,A
8-NS,399,1,4696,0,6,4703,T
8-NS,400,1,4695,0,3,4699,T
8-NS,401,0,4704,0,7,4711,T
8-NS,402,34,0,0,4686,4720,C
8-NS,403,4667,1,3,0,4671,A
8-NS,404,2,2,4691,0,4695,G
8-NS,405,1,4672,0,6,4679,T
8-NS,406,2,1,4677,0,4680,G
8-NS,407,2,4664,0,1,4667,T
8-NS,408,2,53,4642,0,4697,G
8-NS,409,4715,0,1,0,4716,A
8-NS,410,2,4700,0,3,4705,T
8-NS,411,2,4699,0,2,4703,T
8-NS,412,0,4696,2,3,4701,T
8-NS,413,0,4696,1,2,4699,T
8-NS,414,0,4699,0,4,4703,T
8-NS,415,1,77,4622,0,4700,G
8-NS,416,4702,0,7,0,4709,A
8-NS,417,3,4,0,4696,4703,C
8-NS,418,30,3,2,4614,4649,C
8-NS,419,7,42,4634,1,4684,G
8-NS,420,4916,0,2,0,4918,A
8-NS,421,2,0,0,5002,5004,C
8-NS,422,1,4999,0,1,5001,T
8-NS,423,5019,0,2,0,5021,A
8-NS,424,3,23,5006,0,5032,G
8-NS,425,5006,2,16,0,5024,A
8-NS,426,0,53,5021,1,5075,G
8-NS,427,5060,0,12,0,5072,A
8-NS,428,4,1,0,5191,5196,C
8-NS,429,50,2,1,4907,4960,C
8-NS,430,4829,0,6,0,4835,A
8-NS,431,3,5043,0,2,5048,T
8-NS,432,5018,2,2,0,5022,A
8-NS,433,0,2,5337,0,5339,G
8-NS,434,1,5295,0,2,5298,T
8-NS,435,5253,0,2,0,5255,A
8-NS,436,0,5258,0,3,5261,T
8-NS,437,1,5133,0,0,5134,T
8-NS,438,5244,0,1,0,5245,A
8-NS,439,3,0,1,5234,5238,C
8-NS,440,1,5007,1,3,5012,T
8-NS,441,5002,0,0,0,5002,A
8-NS,442,4667,1,5,0,4673,A
8-NS,443,4,57,4634,1,4696,G
8-NS,444,0,30,4637,0,4667,G
8-NS,445,3,7,4680,0,4690,G
8-NS,446,3,3,0,4589,4595,C
8-NS,447,0,4509,0,11,4520,T
8-NS,448,0,4500,2,8,4510,T
8-NS,449,2,4554,0,3,4559,T
8-NS,450,36,1,0,4546,4583,C
8-NS,451,4632,1,4,0,4637,A
8-NS,452,1,1,0,4639,4641,C
8-NS,453,25,5,0,4567,4597,C
8-NS,454,9,24,4576,0,4609,G
8-NS,455,4602,1,1,0,4604,A
8-NS,456,4595,1,3,1,4600,A
8-NS,457,0,23,4597,0,4620,G
8-NS,458,4565,0,2,3,4570,A
8-NS,459,1,56,4520,0,4577,G
8-NS,460,2,23,4465,0,4490,G
8-NS,461,1,58,4464,0,4523,G
8-NS,462,4510,2,15,0,4527,A
8-NS,463,0,6,4538,0,4544,G
8-NS,464,5,4,0,4521,4530,C
8-NS,465,4513,1,1,0,4515,A
8-NS,466,4515,1,4,0,4520,A
8-NS,467,0,4523,0,2,4525,T
8-NS,468,1,4501,0,3,4505,T
8-NS,469,3,4,4499,0,4506,G
8-NS,470,0,4440,0,0,4440,T
8-NS,471,0,4441,0,0,4441,T
8-NS,472,2,27,4420,1,4450,G
8-NS,473,0,7,4448,0,4455,G
8-NS,474,6,7,0,4433,4446,C
8-NS,475,0,32,4417,0,4449,G
8-NS,476,4443,1,1,0,4445,A
8-NS,477,4466,2,0,0,4468,A
8-NS,478,4478,1,1,1,4481,A
8-NS,479,0,4494,0,1,4495,T
8-NS,480,24,2,0,4470,4496,C
8-NS,481,0,4468,0,9,4477,T
8-NS,482,36,1,2,4459,4498,C
8-NS,483,4493,2,5,0,4500,A
8-NS,484,3,1,0,4503,4507,C
8-NS,485,39,0,0,4478,4517,C
8-NS,486,4484,0,2,0,4486,A
8-NS,487,0,4483,0,2,4485,T
8-NS,488,2,4453,0,5,4460,T
8-NS,489,4,3,4465,1,4473,G
8-NS,490,4,0,1,4473,4478,C
8-NS,491,33,1,0,4434,4468,C
8-NS,492,1,4459,0,7,4467,T
8-NS,493,0,4446,1,5,4452,T
8-NS,494,13,0,0,4461,4474,C
8-NS,495,1,4458,0,9,4468,T
8-NS,496,2,4479,0,1,4482,T
8-NS,497,0,4559,0,1,4560,T
8-NS,498,1,4539,0,1,4541,T
8-NS,499,21,1,0,4525,4547,C
8-NS,500,18,2,1,4519,4540,C
8-NS,501,4514,0,9,0,4523,A
8-NS,502,4,25,4547,0,4576,G
8-NS,503,1,30,4533,0,4564,G
8-NS,504,4630,2,4,0,4636,A
8-NS,505,1,1,0,4637,4639,C
8-NS,506,4602,0,2,0,4604,A
8-NS,507,1,4628,0,2,4631,T
8-NS,508,4624,4,4,0,4632,A
8-NS,509,4,0,1,4932,4937,C
8-NS,510,0,4930,0,2,4932,T
8-NS,511,4916,0,4,0,4920,A
8-NS,512,0,4902,0,2,4904,T
8-NS,513,0,4727,0,2,4729,T
8-NS,514,0,15,4717,0,4732,G
8-NS,515,4592,0,8,0,4600,A
8-NS,516,1,24,4577,0,4602,G
8-NS,517,2,8,4560,0,4570,G
8-NS,518,4189,0,0,0,4189,A
8-NS,519,1,4180,1,4,4186,T
8-NS,520,3,1,4148,0,4152,G
8-NS,521,2,4130,1,6,4139,T
8-NS,522,63,0,0,4100,4163,C
8-NS,523,4159,2,2,0,4163,A
8-NS,524,4155,0,0,0,4155,A
8-NS,525,4157,1,2,1,4161,A
8-NS,526,4151,1,0,0,4152,A
8-NS,527,4161,1,1,0,4163,A
8-NS,528,0,4148,0,1,4149,T
8-NS,529,16,1,4133,0,4150,G
8-NS,530,4,1,0,4168,4173,C
8-NS,531,4163,0,0,0,4163,A
8-NS,532,4183,0,2,0,4185,A
8-NS,533,0,4187,0,3,4190,T
8-NS,534,1,4186,0,1,4188,T
8-NS,535,4,25,4147,2,4178,G
8-NS,536,4,35,4115,0,4154,G
8-NS,537,1,16,4154,0,4171,G
8-NS,538,1,3,4196,0,4200,G
8-NS,539,2,4121,0,4,4127,T
8-NS,540,25,1,0,4136,4162,C
8-NS,541,28,0,1,4128,4157,C
8-NS,542,1,4149,0,5,4155,T
8-NS,543,30,2,1,4176,4209,C
8-NS,544,4199,2,1,0,4202,A
8-NS,545,1,4204,0,4,4209,T
8-NS,546,14,11,0,4189,4214,C
8-NS,547,18,14,4146,0,4178,G
8-NS,548,3,14,4165,0,4182,G
8-NS,549,4111,2,2,1,4116,A
8-NS,550,24,36,4059,1,4120,G
8-NS,551,1,39,4092,0,4132,G
8-NS,552,4074,0,6,0,4080,A
8-NS,553,0,1,0,4098,4099,C
8-NS,554,1,4084,0,4,4089,T
8-NS,555,0,4079,0,2,4081,T
8-NS,556,3,34,4071,1,4109,G
8-NS,557,4093,0,3,0,4096,A
8-NS,558,4095,0,5,0,4100,A
8-NS,559,2,4077,0,0,4079,T
8-NS,560,1,23,3993,0,4017,G
8-NS,561,0,23,4028,0,4051,G
8-NS,562,4002,0,4,0,4006,A
8-NS,563,4030,0,3,0,4033,A
8-NS,564,1,4164,0,2,4167,T
8-NS,565,0,25,4159,0,4184,G
8-NS,566,4191,1,1,0,4193,A
8-NS,567,1,4195,0,1,4197,T
8-NS,568,4184,0,8,0,4192,A
8-NS,569,4200,2,4,0,4206,A
8-NS,570,0,6,1,4169,4176,C
8-NS,571,4097,1,1,0,4099,A
8-NS,572,1,2,0,4133,4136,C
8-NS,573,3845,2,2,0,3849,A
8-NS,574,2,2,3899,1,3904,G
8-NS,575,0,3873,0,2,3875,T
8-NS,576,0,3860,0,1,3861,T
8-NS,577,61,3,1,3802,3867,C
8-NS,578,2,36,3801,0,3839,G
8-NS,579,3830,1,2,0,3833,A
8-NS,580,0,0,3831,0,3831,G
8-NS,581,0,3772,0,2,3774,T
8-NS,582,45,4,0,3754,3803,C
8-NS,583,1,3695,0,2,3698,T
8-NS,584,36,1,0,3689,3726,C
8-NS,585,0,3724,0,4,3728,T
8-NS,586,3728,1,2,0,3731,A
8-NS,587,3737,0,0,0,3737,A
8-NS,588,3727,0,1,0,3728,A
8-NS,589,3754,0,0,0,3754,A
8-NS,590,3765,1,0,0,3766,A
8-NS,591,0,3731,0,1,3732,T
8-NS,592,15,0,1,3723,3739,C
8-NS,593,1,3707,0,1,3709,T
8-NS,594,3730,0,1,0,3731,A
8-NS,595,4,2,0,3723,3729,C
8-NS,596,3724,1,2,0,3727,A
8-NS,597,0,21,3717,0,3738,G
8-NS,598,3676,2,9,0,3687,A
8-NS,599,1,25,3673,1,3700,G
8-NS,600,3699,0,6,0,3705,A
8-NS,601,0,3667,0,7,3674,T
8-NS,602,0,3671,0,3,3674,T
8-NS,603,64,3,0,3600,3667,C
8-NS,604,0,3,3672,0,3675,G
8-NS,605,7,1,0,3665,3673,C
8-NS,606,1,3655,0,6,3662,T
8-NS,607,0,3669,0,2,3671,T
8-NS,608,1,22,3621,0,3644,G
8-NS,609,1,28,3640,0,3669,G
8-NS,610,3670,0,1,0,3671,A
8-NS,611,0,11,3657,0,3668,G
8-NS,612,3622,2,0,0,3624,A
8-NS,613,3588,8,3,0,3599,A
8-NS,614,0,1,3677,0,3678,G
8-NS,615,1,5,0,3671,3677,C
8-NS,616,3675,2,7,0,3684,A
8-NS,617,83,1,3664,0,3748,G
8-NS,618,0,3718,0,0,3718,T
8-NS,619,3733,0,2,0,3735,A
8-NS,620,3733,1,3,0,3737,A
8-NS,621,0,3731,0,1,3732,T
8-NS,622,0,37,3717,0,3754,G
8-NS,623,3591,1,3,0,3595,A
8-NS,624,1,27,3635,0,3663,G
8-NS,625,3637,1,2,0,3640,A
8-NS,626,3526,1,1,1,3529,A
8-NS,627,0,3516,0,0,3516,T
8-NS,628,2,37,3423,0,3462,G
8-NS,629,0,30,3423,1,3454,G
8-NS,630,3,28,3407,2,3440,G
8-NS,631,1,23,3394,1,3419,G
8-NS,632,1,15,3410,0,3426,G
8-NS,633,3337,0,4,1,3342,A
8-NS,634,0,2,1,3376,3379,C
8-NS,635,17,2,0,3359,3378,C
8-NS,636,0,3357,0,4,3361,T
8-NS,637,22,1,0,3367,3390,C
8-NS,638,15,0,2,3380,3397,C
8-NS,639,3411,0,1,0,3412,A
8-NS,640,1,0,0,3402,3403,C
8-NS,641,1,3347,0,1,3349,T
8-NS,642,1,3328,0,0,3329,T
8-NS,643,3230,1,1,0,3232,A
8-NS,644,1,0,0,3264,3265,C
8-NS,645,2,3231,0,4,3237,T
8-NS,646,36,1,0,3184,3221,C
8-NS,647,26,1,1,3164,3192,C
8-NS,648,3159,0,1,0,3160,A
8-NS,649,3165,0,0,0,3165,A
8-NS,650,3165,0,0,0,3165,A
8-NS,651,3151,0,7,3,3161,A
8-NS,652,1,2,0,3170,3173,C
8-NS,653,3072,0,0,1,3073,A
8-NS,654,1,12,3070,0,3083,G
8-NS,655,3068,5,3,0,3076,A
8-NS,656,3065,0,6,0,3071,A
8-NS,657,3066,1,3,1,3071,A
8-NS,658,2,6,0,3052,3060,C
8-NS,659,0,26,3020,0,3046,G
8-NS,660,1,15,3034,0,3050,G
8-NS,661,1,17,3033,0,3051,G
8-NS,662,3043,0,2,1,3046,A
8-NS,663,3033,0,1,1,3035,A
8-NS,664,3029,0,2,1,3032,A
8-NS,665,1,3024,0,1,3026,T
8-NS,666,1,17,3026,0,3044,G
8-NS,667,0,4,3046,0,3050,G
8-NS,668,5,2,1,3022,3030,C
8-NS,669,1,21,3000,0,3022,G
8-NS,670,2993,0,5,0,2998,A
8-NS,671,0,22,2994,0,3016,G
8-NS,672,3012,2,2,0,3016,A
8-NS,673,3016,0,2,0,3018,A
8-NS,674,0,2,0,3029,3031,C
8-NS,675,2983,0,3,0,2986,A
8-NS,676,0,1,2981,0,2982,G
8-NS,677,1,2,0,2975,2978,C
8-NS,678,0,2975,0,2,2977,T
8-NS,679,2963,0,1,0,2964,A
8-NS,680,0,18,2931,0,2949,G
8-NS,681,0,0,2947,0,2947,G
8-NS,682,1,2932,0,8,2941,T
8-NS,683,49,2,0,2855,2906,C
8-NS,684,2907,0,3,0,2910,A
8-NS,685,2898,0,2,1,2901,A
8-NS,686,2899,0,2,0,2901,A
8-NS,687,2917,2,2,0,2921,A
8-NS,688,0,1,2929,0,2930,G
8-NS,689,0,2850,1,2,2853,T
8-NS,690,0,2844,1,2,2847,T
8-NS,691,0,2852,1,1,2854,T
8-NS,692,1,22,2836,0,2859,G
8-NS,693,2854,0,5,0,2859,A
8-NS,694,2855,0,2,0,2857,A
8-NS,695,1,18,2860,0,2879,G
8-NS,696,2809,0,2,0,2811,A
8-NS,697,1,10,2822,0,2833,G
8-NS,698,2812,0,3,0,2815,A
8-NS,699,0,2820,0,0,2820,T
8-NS,700,2824,0,2,0,2826,A
8-NS,701,2814,0,1,0,2815,A
8-NS,702,0,6,2806,0,2812,G
8-NS,703,2619,0,4,0,2623,A
8-NS,704,0,2624,0,1,2625,T
8-NS,705,0,14,2614,0,2628,G
8-NS,706,2,1,2626,1,2630,G
8-NS,707,3,3,3,2621,2630,C
8-NS,708,1,2612,0,2,2615,T
8-NS,709,2604,0,1,0,2605,A
8-NS,710,2600,0,0,0,2600,A
8-NS,711,1,2606,0,1,2608,T
8-NS,712,0,2605,0,3,2608,T
8-NS,713,1,10,2599,0,2610,G
8-NS,714,2559,1,0,0,2560,A
8-NS,715,2556,0,2,0,2558,A
8-NS,716,1,14,2541,0,2556,G
8-NS,717,2539,0,2,0,2541,A
8-NS,718,2515,1,2,0,2518,A
8-NS,719,0,0,2549,0,2549,G
8-NS,720,0,2498,0,2,2500,T
8-NS,721,0,21,2479,0,2500,G
8-NS,722,2461,0,6,0,2467,A
8-NS,723,1,15,2464,0,2480,G
8-NS,724,2471,0,9,0,2480,A
8-NS,725,0,0,0,2452,2452,C
8-NS,726,2431,0,6,0,2437,A
8-NS,727,2,0,0,2433,2435,C
8-NS,728,2274,0,1,0,2275,A
8-NS,729,0,11,2304,0,2315,G
8-NS,730,2303,1,3,0,2307,A
8-NS,731,0,2287,2,4,2293,T
8-NS,732,0,2277,0,1,2278,T
8-NS,733,2267,0,7,0,2274,A
8-NS,734,2273,0,0,0,2273,A
8-NS,735,2274,0,0,1,2275,A
8-NS,736,2258,0,1,0,2259,A
8-NS,737,2254,2,0,0,2256,A
8-NS,738,1,1,0,2198,2200,C
8-NS,739,2083,0,0,0,2083,A
8-NS,740,2090,0,1,0,2091,A
8-NS,741,1,0,0,2093,2094,C
8-NS,742,0,2078,0,1,2079,T
8-NS,743,1,9,2078,0,2088,G
8-NS,744,2084,0,0,0,2084,A
8-NS,745,2086,0,2,0,2088,A
8-NS,746,2084,0,0,0,2084,A
8-NS,747,2059,0,0,0,2059,A
8-NS,748,2,2056,0,0,2058,T
8-NS,749,2017,0,1,0,2018,A
8-NS,750,0,1,2024,0,2025,G
8-NS,751,2,1,0,2021,2024,C
8-NS,752,0,1976,0,4,1980,T
8-NS,753,1,1982,1,0,1984,T
8-NS,754,1,1960,1,0,1962,T
8-NS,755,0,23,1948,0,1971,G
8-NS,756,1966,1,0,0,1967,A
8-NS,757,1968,0,2,0,1970,A
8-NS,758,0,0,0,1973,1973,C
8-NS,759,1924,0,0,0,1924,A
8-NS,760,1932,0,0,0,1932,A
8-NS,761,1931,0,1,0,1932,A
8-NS,762,2,1930,1,1,1934,T
8-NS,763,1932,0,0,0,1932,A
8-NS,764,1903,0,1,0,1904,A
8-NS,765,0,0,0,1898,1898,C
8-NS,766,1891,1,0,0,1892,A
8-NS,767,0,1861,1,1,1863,T
8-NS,768,0,1834,1,2,1837,T
8-NS,769,12,0,1,1792,1805,C
8-NS,770,1786,0,2,0,1788,A
8-NS,771,1,1780,1,1,1783,T
8-NS,772,2,0,1783,0,1785,G
8-NS,773,1,0,0,1752,1753,C
8-NS,774,1728,0,0,0,1728,A
8-NS,775,1716,0,4,0,1720,A
8-NS,776,0,0,1718,0,1718,G
8-NS,777,6,0,0,1723,1729,C
8-NS,778,1693,0,2,0,1695,A
8-NS,779,1,1689,0,2,1692,T
8-NS,780,0,1673,0,6,1679,T
8-NS,781,1680,0,0,0,1680,A
8-NS,782,3,0,0,1672,1675,C
8-NS,783,1630,0,0,0,1630,A
8-NS,784,1,0,1379,0,1380,G
8-NS,785,2,0,0,1385,1387,C
8-NS,786,1,1384,0,4,1389,T
8-NS,787,3,0,1387,0,1390,G
8-NS,788,0,2,0,1361,1363,C
8-NS,789,2,1330,1,0,1333,T
8-NS,790,2,1,1340,0,1343,G
8-NS,791,0,1307,0,2,1309,T
8-NS,792,0,1311,0,0,1311,T
8-NS,793,0,1301,0,1,1302,T
8-NS,794,0,8,1285,0,1293,G
8-NS,795,1293,0,1,0,1294,A
8-NS,796,1253,0,1,0,1254,A
8-NS,797,0,1,1250,0,1251,G
8-NS,798,0,1217,0,1,1218,T
8-NS,799,2,3,1141,0,1146,G
8-NS,800,0,12,1137,0,1149,G
8-NS,801,1142,0,0,0,1142,A
8-NS,802,1140,0,4,0,1144,A
8-NS,803,0,1,1,1139,1141,C
8-NS,804,1100,0,1,0,1101,A
8-NS,805,0,0,1102,0,1102,G
8-NS,806,0,1,1073,0,1074,G
8-NS,807,1030,0,4,0,1034,A
8-NS,808,1,2,1029,0,1032,G
8-NS,809,840,0,3,0,843,A
8-NS,810,0,838,0,0,838,T
8-NS,811,837,0,0,0,837,A
8-NS,812,823,1,2,0,826,A
8-NS,813,0,9,821,0,830,G
8-NS,814,717,0,2,0,719,A
8-NS,815,713,0,0,0,713,A
8-NS,816,0,0,0,703,703,C
8-NS,817,0,598,0,0,598,T
8-NS,818,0,596,0,0,596,T
8-NS,819,0,586,0,3,589,T
8-NS,820,6,1,0,582,589,C
8-NS,821,0,577,0,1,578,T
8-NS,822,13,0,0,551,564,C
8-NS,823,552,0,0,0,552,A
8-NS,824,0,547,0,1,548,T
8-NS,825,0,530,0,0,530,T
8-NS,826,0,526,0,1,527,T
8-NS,827,7,0,0,520,527,C
8-NS,828,503,0,0,0,503,A
8-NS,829,0,0,503,0,503,G
8-NS,830,0,0,0,502,502,C
8-NS,831,0,459,0,0,459,T
8-NS,832,0,454,0,0,454,T
8-NS,833,425,1,1,0,427,A
8-NS,834,0,425,0,0,425,T
8-NS,835,0,424,1,0,425,T
8-NS,836,0,419,0,0,419,T
8-NS,837,402,0,0,0,402,A
8-NS,838,387,0,2,0,389,A
8-NS,839,0,377,0,0,377,T
8-NS,840,0,1,372,0,373,G
8-NS,841,357,0,0,0,357,A
8-NS,842,0,322,0,0,322,T
8-NS,843,314,0,1,0,315,A
8-NS,844,314,1,1,0,316,A
8-NS,845,315,0,0,0,315,A
8-NS,846,315,0,0,0,315,A
8-NS,847,315,0,0,0,315,A
8-NS,848,313,0,0,0,313,A
8-NS,849,0,0,0,308,308,C
8-NS,850,261,0,0,0,261,A
8-NS,851,0,0,0,258,258,C
8-NS,852,4,0,0,239,243,C
8-NS,853,9,0,0,226,235,C
8-NS,854,0,223,0,0,223,T
8-NS,855,0,211,0,0,211,T
8-NS,856,0,0,211,0,211,G
8-NS,857,0,203,0,0,203,T
8-NS,858,0,198,0,0,198,T
8-NS,859,0,195,0,0,195,T
8-NS,860,1,0,0,81,82,C
8-NS,861,0,61,0,0,61,T
8-NS,862,44,0,0,0,44,A
8-NS,863,0,0,0,43,43,C
