Gene,Position,A,T,G,C,Coverage,Consensus
1-PB2,1,429,0,0,0,429,A
1-PB2,2,0,431,0,0,431,T
1-PB2,3,0,0,446,0,446,G
1-PB2,4,1,1,444,0,446,G
1-PB2,5,446,0,0,0,446,A
1-PB2,6,446,0,2,0,448,A
1-PB2,7,446,0,1,0,447,A
1-PB2,8,0,2,513,0,515,G
1-PB2,9,515,0,0,0,515,A
1-PB2,10,518,0,0,0,518,A
1-PB2,11,0,527,0,0,527,T
1-PB2,12,527,0,0,0,527,A
1-PB2,13,526,0,1,0,527,A
1-PB2,14,527,1,0,0,528,A
1-PB2,15,527,0,1,0,528,A
1-PB2,16,0,3,548,0,551,G
1-PB2,17,554,0,1,0,555,A
1-PB2,18,554,0,0,0,554,A
1-PB2,19,0,0,0,571,571,C
1-PB2,20,0,571,0,0,571,T
1-PB2,21,579,0,1,0,580,A
1-PB2,22,0,0,0,581,581,C
1-PB2,23,0,1,580,0,581,G
1-PB2,24,0,3,592,0,595,G
1-PB2,25,599,0,0,0,599,A
1-PB2,26,613,0,0,0,613,A
1-PB2,27,0,616,0,0,616,T
1-PB2,28,1,0,0,617,618,C
1-PB2,29,1,616,0,0,617,T
1-PB2,30,0,1,627,0,628,G
1-PB2,31,632,0,2,0,634,A
1-PB2,32,0,638,0,0,638,T
1-PB2,33,1,0,647,0,648,G
1-PB2,34,0,650,0,1,651,T
1-PB2,35,2,0,0,647,649,C
1-PB2,36,0,0,646,0,646,G
1-PB2,37,0,0,0,646,646,C
1-PB2,38,647,0,0,0,647,A
1-PB2,39,0,2,685,0,687,G
1-PB2,40,0,687,0,0,687,T
1-PB2,41,4,0,0,686,690,C
1-PB2,42,0,690,0,1,691,T
1-PB2,43,3,0,0,688,691,C
1-PB2,44,0,0,692,0,692,G
1-PB2,45,1,0,0,693,694,C
1-PB2,46,695,0,0,0,695,A
1-PB2,47,2,0,0,704,706,C
1-PB2,48,0,702,0,0,702,T
1-PB2,49,4,0,0,719,723,C
1-PB2,50,1,0,725,0,726,G
1-PB2,51,0,1,0,728,729,C
1-PB2,52,0,3,725,0,728,G
1-PB2,53,731,0,2,0,733,A
1-PB2,54,0,1,739,0,740,G
1-PB2,55,754,0,0,1,755,A
1-PB2,56,0,754,0,0,754,T
1-PB2,57,757,0,0,0,757,A
1-PB2,58,2,0,0,755,757,C
1-PB2,59,0,757,0,0,757,T
1-PB2,60,1,3,761,0,765,G
1-PB2,61,763,0,2,1,766,A
1-PB2,62,1,0,0,773,774,C
1-PB2,63,776,0,0,0,776,A
1-PB2,64,777,0,0,0,777,A
1-PB2,65,795,0,0,0,795,A
1-PB2,66,809,0,1,0,810,A
1-PB2,67,808,0,1,0,809,A
1-PB2,68,0,0,0,811,811,C
1-PB2,69,3,1,0,807,811,C
1-PB2,70,838,1,0,0,839,A
1-PB2,71,0,0,0,851,851,C
1-PB2,72,847,0,0,0,847,A
1-PB2,73,0,2,870,0,872,G
1-PB2,74,0,872,0,0,872,T
1-PB2,75,0,6,889,1,896,G
1-PB2,76,0,2,904,0,906,G
1-PB2,77,905,0,0,0,905,A
1-PB2,78,2,0,0,937,939,C
1-PB2,79,3,0,0,935,938,C
1-PB2,80,945,0,0,0,945,A
1-PB2,81,0,944,0,0,944,T
1-PB2,82,935,0,0,0,935,A
1-PB2,83,0,931,0,1,932,T
1-PB2,84,0,2,943,0,945,G
1-PB2,85,0,0,949,0,949,G
1-PB2,86,1,0,0,949,950,C
1-PB2,87,5,0,0,943,948,C
1-PB2,88,942,0,0,0,942,A
1-PB2,89,0,999,0,0,999,T
1-PB2,90,1004,0,0,0,1004,A
1-PB2,91,1048,1,0,0,1049,A
1-PB2,92,0,1047,1,0,1048,T
1-PB2,93,1,1041,0,0,1042,T
1-PB2,94,1049,0,0,1,1050,A
1-PB2,95,1046,1,2,0,1049,A
1-PB2,96,0,4,1075,0,1079,G
1-PB2,97,1077,0,1,0,1078,A
1-PB2,98,1071,0,1,0,1072,A
1-PB2,99,0,0,1098,0,1098,G
1-PB2,100,0,1085,0,0,1085,T
1-PB2,101,1088,0,0,0,1088,A
1-PB2,102,3,0,0,1087,1090,C
1-PB2,103,1097,0,1,0,1098,A
1-PB2,104,1,0,0,1120,1121,C
1-PB2,105,1115,0,0,0,1115,A
1-PB2,106,0,1124,0,0,1124,T
1-PB2,107,3,2,0,1120,1125,C
1-PB2,108,1,3,1115,0,1119,G
1-PB2,109,0,6,1115,0,1121,G
1-PB2,110,0,2,1121,0,1123,G
1-PB2,111,0,8,1113,0,1121,G
1-PB2,112,1119,0,1,0,1120,A
1-PB2,113,0,6,1118,0,1124,G
1-PB2,114,1112,0,1,0,1113,A
1-PB2,115,0,0,0,1133,1133,C
1-PB2,116,1128,1,0,0,1129,A
1-PB2,117,1,1,1148,0,1150,G
1-PB2,118,0,3,1165,0,1168,G
1-PB2,119,1165,0,0,0,1165,A
1-PB2,120,1169,0,0,0,1169,A
1-PB2,121,1170,0,0,0,1170,A
1-PB2,122,1161,0,3,0,1164,A
1-PB2,123,0,1,1166,0,1167,G
1-PB2,124,1163,0,1,0,1164,A
1-PB2,125,1172,0,1,0,1173,A
1-PB2,126,1,1,0,1170,1172,C
1-PB2,127,3,2,0,1160,1165,C
1-PB2,128,5,1,0,1159,1165,C
1-PB2,129,3,0,1169,0,1172,G
1-PB2,130,0,1172,0,1,1173,T
1-PB2,131,4,0,0,1174,1178,C
1-PB2,132,1196,0,0,1,1197,A
1-PB2,133,1,0,0,1201,1202,C
1-PB2,134,0,1198,0,0,1198,T
1-PB2,135,1,1196,0,0,1197,T
1-PB2,136,1201,0,1,0,1202,A
1-PB2,137,0,3,1216,0,1219,G
1-PB2,138,0,2,1215,0,1217,G
1-PB2,139,1214,0,0,0,1214,A
1-PB2,140,1,1211,0,1,1213,T
1-PB2,141,0,2,1224,1,1227,G
1-PB2,142,1238,0,0,0,1238,A
1-PB2,143,1236,0,1,0,1237,A
1-PB2,144,1235,0,1,0,1236,A
1-PB2,145,0,1237,0,1,1238,T
1-PB2,146,2,2,1232,0,1236,G
1-PB2,147,0,5,1239,0,1244,G
1-PB2,148,1242,0,2,0,1244,A
1-PB2,149,0,1243,0,1,1244,T
1-PB2,150,0,4,1234,0,1238,G
1-PB2,151,1219,0,0,1,1220,A
1-PB2,152,0,1222,0,1,1223,T
1-PB2,153,1,6,1217,0,1224,G
1-PB2,154,2,1,1224,0,1227,G
1-PB2,155,1,0,0,1227,1228,C
1-PB2,156,1224,1,0,0,1225,A
1-PB2,157,1230,0,2,0,1232,A
1-PB2,158,0,1238,0,0,1238,T
1-PB2,159,6,2,1268,0,1276,G
1-PB2,160,1277,0,1,0,1278,A
1-PB2,161,1270,0,0,0,1270,A
1-PB2,162,1281,0,0,0,1281,A
1-PB2,163,0,1280,0,0,1280,T
1-PB2,164,1287,1,1,0,1289,A
1-PB2,165,1,0,0,1313,1314,C
1-PB2,166,3,0,0,1298,1301,C
1-PB2,167,5,1,0,1312,1318,C
1-PB2,168,1319,1,0,1,1321,A
1-PB2,169,1323,0,0,0,1323,A
1-PB2,170,1,1324,0,0,1325,T
1-PB2,171,1,1,0,1326,1328,C
1-PB2,172,1319,1,0,0,1320,A
1-PB2,173,1,0,0,1348,1349,C
1-PB2,174,0,1339,0,0,1339,T
1-PB2,175,1,1,1343,0,1345,G
1-PB2,176,1,1,0,1335,1337,C
1-PB2,177,2,1337,0,2,1341,T
1-PB2,178,0,6,1337,0,1343,G
1-PB2,179,1346,0,2,0,1348,A
1-PB2,180,1,0,0,1353,1354,C
1-PB2,181,1348,0,1,1,1350,A
1-PB2,182,1334,0,0,0,1334,A
1-PB2,183,1343,0,0,0,1343,A
1-PB2,184,1338,0,2,0,1340,A
1-PB2,185,0,7,1361,0,1368,G
1-PB2,186,0,7,1367,0,1374,G
1-PB2,187,1357,2,0,0,1359,A
1-PB2,188,0,1363,0,0,1363,T
1-PB2,189,1356,0,1,0,1357,A
1-PB2,190,1362,1,0,0,1363,A
1-PB2,191,3,1,0,1373,1377,C
1-PB2,192,1371,0,2,0,1373,A
1-PB2,193,2,9,1363,0,1374,G
1-PB2,194,1360,0,1,0,1361,A
1-PB2,195,1360,0,1,0,1361,A
1-PB2,196,1362,1,0,0,1363,A
1-PB2,197,0,1362,0,0,1362,T
1-PB2,198,0,6,1360,0,1366,G
1-PB2,199,2,1,1375,0,1378,G
1-PB2,200,0,1363,0,4,1367,T
1-PB2,201,0,1364,0,0,1364,T
1-PB2,202,8,0,0,1357,1365,C
1-PB2,203,1,0,0,1354,1355,C
1-PB2,204,1349,0,1,1,1351,A
1-PB2,205,1,4,1352,1,1358,G
1-PB2,206,1361,0,0,0,1361,A
1-PB2,207,0,4,1361,0,1365,G
1-PB2,208,1343,1,0,0,1344,A
1-PB2,209,0,2,1362,0,1364,G
1-PB2,210,1362,0,0,0,1362,A
1-PB2,211,1361,0,0,0,1361,A
1-PB2,212,1361,1,1,0,1363,A
1-PB2,213,0,1363,0,0,1363,T
1-PB2,214,0,7,1360,0,1367,G
1-PB2,215,1366,1,0,0,1367,A
1-PB2,216,1370,0,1,0,1371,A
1-PB2,217,2,2,0,1363,1367,C
1-PB2,218,1353,1,0,0,1354,A
1-PB2,219,1361,0,4,0,1365,A
1-PB2,220,0,2,1391,0,1393,G
1-PB2,221,0,3,1407,0,1410,G
1-PB2,222,1411,1,0,0,1412,A
1-PB2,223,2,0,0,1406,1408,C
1-PB2,224,1401,0,1,0,1402,A
1-PB2,225,1405,0,1,0,1406,A
1-PB2,226,1454,0,0,0,1454,A
1-PB2,227,0,0,0,1465,1465,C
1-PB2,228,0,1451,0,2,1453,T
1-PB2,229,2,1,0,1476,1479,C
1-PB2,230,0,1459,0,1,1460,T
1-PB2,231,1466,0,0,0,1466,A
1-PB2,232,0,1463,0,0,1463,T
1-PB2,233,0,6,1460,0,1466,G
1-PB2,234,0,7,1488,1,1496,G
1-PB2,235,1443,0,0,0,1443,A
1-PB2,236,0,1,1453,0,1454,G
1-PB2,237,0,1444,0,0,1444,T
1-PB2,238,1440,0,0,0,1440,A
1-PB2,239,1441,0,1,0,1442,A
1-PB2,240,1440,0,1,1,1442,A
1-PB2,241,1445,0,3,0,1448,A
1-PB2,242,1,1432,0,0,1433,T
1-PB2,243,0,12,1430,0,1442,G
1-PB2,244,1419,0,1,0,1420,A
1-PB2,245,0,0,1430,0,1430,G
1-PB2,246,0,1418,0,0,1418,T
1-PB2,247,0,3,1415,0,1418,G
1-PB2,248,1443,1,2,0,1446,A
1-PB2,249,1,1452,0,0,1453,T
1-PB2,250,0,4,1447,0,1451,G
1-PB2,251,0,0,0,1446,1446,C
1-PB2,252,0,1443,0,0,1443,T
1-PB2,253,0,5,1486,0,1491,G
1-PB2,254,2,6,1487,0,1495,G
1-PB2,255,1521,0,1,0,1522,A
1-PB2,256,2,1518,0,1,1521,T
1-PB2,257,5,0,0,1509,1514,C
1-PB2,258,1520,0,1,0,1521,A
1-PB2,259,2,2,1559,0,1563,G
1-PB2,260,1568,0,2,0,1570,A
1-PB2,261,0,1569,1,0,1570,T
1-PB2,262,1533,0,0,0,1533,A
1-PB2,263,0,10,1571,0,1581,G
1-PB2,264,1566,0,2,0,1568,A
1-PB2,265,1,2,1586,0,1589,G
1-PB2,266,0,1567,1,0,1568,T
1-PB2,267,0,7,1555,0,1562,G
1-PB2,268,1537,1,1,0,1539,A
1-PB2,269,0,1541,0,0,1541,T
1-PB2,270,0,7,1551,0,1558,G
1-PB2,271,2,2,1590,0,1594,G
1-PB2,272,1,1569,0,0,1570,T
1-PB2,273,1575,0,1,0,1576,A
1-PB2,274,0,1555,0,2,1557,T
1-PB2,275,8,0,0,1550,1558,C
1-PB2,276,1584,0,0,0,1584,A
1-PB2,277,3,0,0,1607,1610,C
1-PB2,278,6,2,0,1600,1608,C
1-PB2,279,0,1568,1,2,1571,T
1-PB2,280,0,1555,0,0,1555,T
1-PB2,281,0,1554,0,0,1554,T
1-PB2,282,0,6,1577,0,1583,G
1-PB2,283,0,1,1585,0,1586,G
1-PB2,284,2,4,0,1596,1602,C
1-PB2,285,0,1582,0,2,1584,T
1-PB2,286,1,0,1589,0,1590,G
1-PB2,287,0,1593,0,0,1593,T
1-PB2,288,1593,0,0,0,1593,A
1-PB2,289,1599,1,0,0,1600,A
1-PB2,290,2,1,0,1594,1597,C
1-PB2,291,1578,0,0,0,1578,A
1-PB2,292,0,1573,0,0,1573,T
1-PB2,293,1,3,1552,0,1556,G
1-PB2,294,0,2,1589,0,1591,G
1-PB2,295,0,1580,0,1,1581,T
1-PB2,296,1,0,1577,1,1579,G
1-PB2,297,0,4,1600,0,1604,G
1-PB2,298,1601,0,1,0,1602,A
1-PB2,299,1609,1,3,0,1613,A
1-PB2,300,0,1613,0,0,1613,T
1-PB2,301,1611,0,1,0,1612,A
1-PB2,302,0,3,1638,0,1641,G
1-PB2,303,1611,0,2,0,1613,A
1-PB2,304,1615,0,2,0,1617,A
1-PB2,305,1616,0,3,0,1619,A
1-PB2,306,1,1593,0,0,1594,T
1-PB2,307,0,9,1589,0,1598,G
1-PB2,308,0,4,1592,0,1596,G
1-PB2,309,1600,0,1,0,1601,A
1-PB2,310,1,0,0,1604,1605,C
1-PB2,311,8,1,0,1582,1591,C
1-PB2,312,8,1,0,1577,1586,C
1-PB2,313,7,0,1585,0,1592,G
1-PB2,314,0,1596,0,1,1597,T
1-PB2,315,0,7,1622,0,1629,G
1-PB2,316,1619,0,2,0,1621,A
1-PB2,317,6,1,0,1625,1632,C
1-PB2,318,1627,1,0,0,1628,A
1-PB2,319,1618,0,1,0,1619,A
1-PB2,320,0,1,1651,0,1652,G
1-PB2,321,0,1642,0,2,1644,T
1-PB2,322,1636,0,2,0,1638,A
1-PB2,323,0,3,0,1624,1627,C
1-PB2,324,1,6,1588,0,1595,G
1-PB2,325,0,4,1640,0,1644,G
1-PB2,326,0,1641,0,2,1643,T
1-PB2,327,4,0,0,1654,1658,C
1-PB2,328,5,0,0,1652,1657,C
1-PB2,329,1633,0,0,0,1633,A
1-PB2,330,0,1641,0,2,1643,T
1-PB2,331,0,1641,0,1,1642,T
1-PB2,332,1717,0,1,1,1719,A
1-PB2,333,1,3,0,1718,1722,C
1-PB2,334,5,0,0,1688,1693,C
1-PB2,335,8,0,0,1684,1692,C
1-PB2,336,1671,0,1,0,1672,A
1-PB2,337,1678,0,0,0,1678,A
1-PB2,338,1679,0,1,0,1680,A
1-PB2,339,1675,0,2,0,1677,A
1-PB2,340,0,3,1691,0,1694,G
1-PB2,341,0,1627,0,0,1627,T
1-PB2,342,0,0,1667,0,1667,G
1-PB2,343,1,1662,0,3,1666,T
1-PB2,344,1663,2,0,0,1665,A
1-PB2,345,2,1,0,1660,1663,C
1-PB2,346,1652,0,0,0,1652,A
1-PB2,347,1656,0,0,0,1656,A
1-PB2,348,0,8,1661,0,1669,G
1-PB2,349,1658,0,1,0,1659,A
1-PB2,350,1,2,0,1657,1660,C
1-PB2,351,0,1621,0,0,1621,T
1-PB2,352,0,1635,0,1,1636,T
1-PB2,353,1637,2,0,0,1639,A
1-PB2,354,0,1641,0,0,1641,T
1-PB2,355,0,1639,0,0,1639,T
1-PB2,356,0,1638,0,1,1639,T
1-PB2,357,5,1,0,1617,1623,C
1-PB2,358,1,7,1611,0,1619,G
1-PB2,359,1615,0,2,0,1617,A
1-PB2,360,1,1,0,1613,1615,C
1-PB2,361,1613,1,0,0,1614,A
1-PB2,362,1616,0,1,0,1617,A
1-PB2,363,1614,0,1,0,1615,A
1-PB2,364,0,1,1642,0,1643,G
1-PB2,365,0,1641,0,1,1642,T
1-PB2,366,5,0,0,1632,1637,C
1-PB2,367,0,5,1636,0,1641,G
1-PB2,368,1637,0,1,0,1638,A
1-PB2,369,1632,0,0,0,1632,A
1-PB2,370,1634,0,1,0,1635,A
1-PB2,371,0,3,1695,0,1698,G
1-PB2,372,0,4,1697,0,1701,G
1-PB2,373,0,1679,0,1,1680,T
1-PB2,374,0,1677,0,1,1678,T
1-PB2,375,1680,0,0,0,1680,A
1-PB2,376,1680,0,0,0,1680,A
1-PB2,377,1677,0,1,0,1678,A
1-PB2,378,1688,0,2,0,1690,A
1-PB2,379,2,1,0,1701,1704,C
1-PB2,380,1667,0,0,0,1667,A
1-PB2,381,0,1663,0,0,1663,T
1-PB2,382,0,17,1642,0,1659,G
1-PB2,383,0,5,1651,0,1656,G
1-PB2,384,1659,1,0,0,1660,A
1-PB2,385,1662,1,1,0,1664,A
1-PB2,386,3,0,0,1698,1701,C
1-PB2,387,7,1,0,1701,1709,C
1-PB2,388,0,1690,1,2,1693,T
1-PB2,389,1,1692,0,2,1695,T
1-PB2,390,0,1690,0,4,1694,T
1-PB2,391,0,7,1687,0,1694,G
1-PB2,392,0,0,1704,0,1704,G
1-PB2,393,1,0,0,1700,1701,C
1-PB2,394,4,0,0,1679,1683,C
1-PB2,395,5,0,0,1684,1689,C
1-PB2,396,0,1641,0,3,1644,T
1-PB2,397,0,0,1664,0,1664,G
1-PB2,398,0,1660,0,2,1662,T
1-PB2,399,0,1665,0,1,1666,T
1-PB2,400,7,1,1,1659,1668,C
1-PB2,401,1651,0,0,0,1651,A
1-PB2,402,0,1652,0,0,1652,T
1-PB2,403,0,1650,0,0,1650,T
1-PB2,404,0,1657,0,0,1657,T
1-PB2,405,0,1657,0,1,1658,T
1-PB2,406,1639,0,1,0,1640,A
1-PB2,407,0,1,1641,0,1642,G
1-PB2,408,1639,0,0,0,1639,A
1-PB2,409,1635,0,2,0,1637,A
1-PB2,410,1635,1,0,0,1636,A
1-PB2,411,0,1637,0,0,1637,T
1-PB2,412,7,0,0,1633,1640,C
1-PB2,413,1629,0,0,0,1629,A
1-PB2,414,1645,0,0,1,1646,A
1-PB2,415,0,2,1653,0,1655,G
1-PB2,416,0,1650,0,2,1652,T
1-PB2,417,10,2,0,1638,1650,C
1-PB2,418,1658,2,1,0,1661,A
1-PB2,419,1662,1,3,0,1666,A
1-PB2,420,0,3,1665,0,1668,G
1-PB2,421,1672,0,1,1,1674,A
1-PB2,422,0,1672,0,1,1673,T
1-PB2,423,1690,0,2,0,1692,A
1-PB2,424,5,0,0,1680,1685,C
1-PB2,425,4,3,1673,0,1680,G
1-PB2,426,3,0,0,1711,1714,C
1-PB2,427,1706,0,0,0,1706,A
1-PB2,428,0,5,1718,1,1724,G
1-PB2,429,1716,0,0,0,1716,A
1-PB2,430,1720,0,2,0,1722,A
1-PB2,431,0,4,1752,0,1756,G
1-PB2,432,1719,0,0,0,1719,A
1-PB2,433,1,1,1723,1,1726,G
1-PB2,434,0,1717,0,0,1717,T
1-PB2,435,1703,0,3,0,1706,A
1-PB2,436,0,6,1723,0,1729,G
1-PB2,437,1694,0,9,0,1703,A
1-PB2,438,0,0,0,1746,1746,C
1-PB2,439,1725,0,0,0,1725,A
1-PB2,440,0,1700,0,0,1700,T
1-PB2,441,1686,1,2,0,1689,A
1-PB2,442,1698,0,1,0,1699,A
1-PB2,443,1714,0,0,0,1714,A
1-PB2,444,2,0,0,1722,1724,C
1-PB2,445,3,0,0,1700,1703,C
1-PB2,446,3,3,0,1672,1678,C
1-PB2,447,0,1584,0,0,1584,T
1-PB2,448,2,7,1592,0,1601,G
1-PB2,449,3,1,1618,0,1622,G
1-PB2,450,0,1624,0,0,1624,T
1-PB2,451,12,1,0,1605,1618,C
1-PB2,452,1630,0,0,0,1630,A
1-PB2,453,1,1619,0,1,1621,T
1-PB2,454,0,0,1635,0,1635,G
1-PB2,455,0,0,0,1637,1637,C
1-PB2,456,1625,0,2,0,1627,A
1-PB2,457,0,4,1635,0,1639,G
1-PB2,458,1605,0,4,0,1609,A
1-PB2,459,2,0,0,1624,1626,C
1-PB2,460,2,2,1,1619,1624,C
1-PB2,461,0,1591,0,0,1591,T
1-PB2,462,1,0,0,1592,1593,C
1-PB2,463,1570,0,0,0,1570,A
1-PB2,464,0,4,1596,0,1600,G
1-PB2,465,1,1593,0,1,1595,T
1-PB2,466,1,0,1590,0,1591,G
1-PB2,467,1,0,0,1585,1586,C
1-PB2,468,7,1,0,1561,1569,C
1-PB2,469,1567,0,0,0,1567,A
1-PB2,470,1571,0,0,0,1571,A
1-PB2,471,1565,0,0,0,1565,A
1-PB2,472,1,4,1568,0,1573,G
1-PB2,473,1525,0,3,0,1528,A
1-PB2,474,1,5,1539,0,1545,G
1-PB2,475,1,1,1542,0,1544,G
1-PB2,476,1,2,0,1539,1542,C
1-PB2,477,1549,0,1,0,1550,A
1-PB2,478,2,0,0,1541,1543,C
1-PB2,479,1538,0,2,0,1540,A
1-PB2,480,1574,1,0,0,1575,A
1-PB2,481,0,5,1570,0,1575,G
1-PB2,482,1596,0,1,0,1597,A
1-PB2,483,0,1586,0,0,1586,T
1-PB2,484,0,1,1581,0,1582,G
1-PB2,485,0,1586,0,0,1586,T
1-PB2,486,1585,0,0,0,1585,A
1-PB2,487,1582,0,1,0,1583,A
1-PB2,488,0,1583,0,0,1583,T
1-PB2,489,0,1523,0,0,1523,T
1-PB2,490,1519,1,0,0,1520,A
1-PB2,491,1,1484,0,0,1485,T
1-PB2,492,4,7,1472,0,1483,G
1-PB2,493,1,1,1484,0,1486,G
1-PB2,494,1479,0,0,0,1479,A
1-PB2,495,1470,0,1,0,1471,A
1-PB2,496,2,0,1464,0,1466,G
1-PB2,497,0,1470,0,0,1470,T
1-PB2,498,0,1469,0,1,1470,T
1-PB2,499,0,0,1480,0,1480,G
1-PB2,500,0,1474,0,2,1476,T
1-PB2,501,0,1478,0,1,1479,T
1-PB2,502,0,1476,0,1,1477,T
1-PB2,503,0,1468,0,1,1469,T
1-PB2,504,0,1473,2,2,1477,T
1-PB2,505,2,0,0,1476,1478,C
1-PB2,506,5,0,0,1474,1479,C
1-PB2,507,5,1,0,1476,1482,C
1-PB2,508,1471,0,1,0,1472,A
1-PB2,509,1479,0,0,0,1479,A
1-PB2,510,2,1480,0,0,1482,T
1-PB2,511,0,1,1490,0,1491,G
1-PB2,512,1487,1,0,0,1488,A
1-PB2,513,1475,0,1,0,1476,A
1-PB2,514,0,0,1484,0,1484,G
1-PB2,515,0,1479,0,2,1481,T
1-PB2,516,0,8,1473,0,1481,G
1-PB2,517,2,6,1463,0,1471,G
1-PB2,518,0,3,1477,0,1480,G
1-PB2,519,1486,0,3,0,1489,A
1-PB2,520,0,1,1488,0,1489,G
1-PB2,521,2,0,0,1478,1480,C
1-PB2,522,3,2,0,1477,1482,C
1-PB2,523,1479,0,2,0,1481,A
1-PB2,524,0,4,1512,0,1516,G
1-PB2,525,2,1,1516,0,1519,G
1-PB2,526,1525,0,1,0,1526,A
1-PB2,527,0,1520,0,1,1521,T
1-PB2,528,1516,0,1,0,1517,A
1-PB2,529,2,0,0,1512,1514,C
1-PB2,530,1,1496,0,0,1497,T
1-PB2,531,1493,0,0,0,1493,A
1-PB2,532,1486,1,0,0,1487,A
1-PB2,533,1,0,0,1494,1495,C
1-PB2,534,1463,0,0,0,1463,A
1-PB2,535,0,1444,1,1,1446,T
1-PB2,536,3,1,0,1442,1446,C
1-PB2,537,1420,1,0,0,1421,A
1-PB2,538,0,2,1428,0,1430,G
1-PB2,539,1434,0,0,0,1434,A
1-PB2,540,1433,0,1,0,1434,A
1-PB2,541,0,1432,0,0,1432,T
1-PB2,542,5,2,0,1395,1402,C
1-PB2,543,1401,1,2,0,1404,A
1-PB2,544,2,0,0,1426,1428,C
1-PB2,545,1428,0,0,0,1428,A
1-PB2,546,1442,0,1,0,1443,A
1-PB2,547,0,1429,0,1,1430,T
1-PB2,548,0,1431,0,1,1432,T
1-PB2,549,1437,0,0,0,1437,A
1-PB2,550,1451,0,0,0,1451,A
1-PB2,551,3,3,0,1458,1464,C
1-PB2,552,1454,0,1,0,1455,A
1-PB2,553,1445,0,0,0,1445,A
1-PB2,554,1,1454,0,0,1455,T
1-PB2,555,1439,0,2,0,1441,A
1-PB2,556,1442,0,0,0,1442,A
1-PB2,557,1,1,0,1446,1448,C
1-PB2,558,0,1444,0,0,1444,T
1-PB2,559,1439,0,0,0,1439,A
1-PB2,560,1433,0,0,0,1433,A
1-PB2,561,1435,0,1,0,1436,A
1-PB2,562,0,6,1434,0,1440,G
1-PB2,563,1418,0,1,0,1419,A
1-PB2,564,0,2,1425,0,1427,G
1-PB2,565,1420,0,0,0,1420,A
1-PB2,566,1423,1,0,0,1424,A
1-PB2,567,1421,0,0,0,1421,A
1-PB2,568,1420,0,2,0,1422,A
1-PB2,569,1431,0,0,0,1431,A
1-PB2,570,1430,0,0,0,1430,A
1-PB2,571,1,1,1425,1,1428,G
1-PB2,572,1425,0,2,0,1427,A
1-PB2,573,1421,0,0,0,1421,A
1-PB2,574,0,5,1418,0,1423,G
1-PB2,575,1418,0,1,0,1419,A
1-PB2,576,1421,1,1,0,1423,A
1-PB2,577,0,0,0,1437,1437,C
1-PB2,578,2,1417,0,1,1420,T
1-PB2,579,2,0,0,1428,1430,C
1-PB2,580,7,0,0,1415,1422,C
1-PB2,581,1,5,1421,0,1427,G
1-PB2,582,1427,0,0,0,1427,A
1-PB2,583,0,2,1424,0,1426,G
1-PB2,584,1424,0,1,0,1425,A
1-PB2,585,0,1420,0,3,1423,T
1-PB2,586,1,1405,0,0,1406,T
1-PB2,587,0,0,1411,0,1411,G
1-PB2,588,1,2,0,1408,1411,C
1-PB2,589,1409,0,1,0,1410,A
1-PB2,590,1412,0,0,0,1412,A
1-PB2,591,1408,0,0,0,1408,A
1-PB2,592,1422,2,0,0,1424,A
1-PB2,593,0,1422,0,0,1422,T
1-PB2,594,0,1415,1,0,1416,T
1-PB2,595,0,1417,0,1,1418,T
1-PB2,596,2,0,0,1416,1418,C
1-PB2,597,0,1410,0,2,1412,T
1-PB2,598,3,1,1,1506,1511,C
1-PB2,599,8,0,0,1510,1518,C
1-PB2,600,2,0,0,1655,1657,C
1-PB2,601,0,1631,0,0,1631,T
1-PB2,602,1,1647,0,0,1648,T
1-PB2,603,0,6,1647,1,1654,G
1-PB2,604,1653,1,0,1,1655,A
1-PB2,605,0,1696,0,0,1696,T
1-PB2,606,2,11,1714,0,1727,G
1-PB2,607,0,1,1910,0,1911,G
1-PB2,608,0,1945,0,2,1947,T
1-PB2,609,0,1928,0,2,1930,T
1-PB2,610,1,0,2087,0,2088,G
1-PB2,611,0,1,1,2101,2103,C
1-PB2,612,2158,0,1,0,2159,A
1-PB2,613,0,2160,0,1,2161,T
1-PB2,614,2179,0,0,1,2180,A
1-PB2,615,1,0,0,2311,2312,C
1-PB2,616,2615,0,0,1,2616,A
1-PB2,617,0,2670,0,1,2671,T
1-PB2,618,1,6,2814,0,2821,G
1-PB2,619,0,2803,0,0,2803,T
1-PB2,620,0,2802,0,2,2804,T
1-PB2,621,2802,1,0,0,2803,A
1-PB2,622,1,8,2807,1,2817,G
1-PB2,623,2839,0,2,0,2841,A
1-PB2,624,0,19,2864,0,2883,G
1-PB2,625,2772,0,6,2,2780,A
1-PB2,626,1,14,2799,0,2814,G
1-PB2,627,2773,0,1,0,2774,A
1-PB2,628,1,6,2794,0,2801,G
1-PB2,629,2816,0,3,0,2819,A
1-PB2,630,2812,0,2,0,2814,A
1-PB2,631,2,0,0,2830,2832,C
1-PB2,632,0,2811,1,2,2814,T
1-PB2,633,1,2805,0,0,2806,T
1-PB2,634,4,2,2810,0,2816,G
1-PB2,635,2,2809,0,0,2811,T
1-PB2,636,2809,0,3,0,2812,A
1-PB2,637,2,2,0,2800,2804,C
1-PB2,638,2,14,2788,0,2804,G
1-PB2,639,2812,2,1,1,2816,A
1-PB2,640,2810,2,0,0,2812,A
1-PB2,641,2847,0,1,0,2848,A
1-PB2,642,2850,1,0,1,2852,A
1-PB2,643,2849,0,2,3,2854,A
1-PB2,644,6,0,0,2853,2859,C
1-PB2,645,2855,0,0,2,2857,A
1-PB2,646,2870,0,2,0,2872,A
1-PB2,647,0,7,2897,0,2904,G
1-PB2,648,2913,1,0,1,2915,A
1-PB2,649,0,2919,0,0,2919,T
1-PB2,650,0,2908,0,0,2908,T
1-PB2,651,0,2915,0,1,2916,T
1-PB2,652,11,1,1,2917,2930,C
1-PB2,653,0,2919,0,9,2928,T
1-PB2,654,10,1,1,2925,2937,C
1-PB2,655,12,0,0,2926,2938,C
1-PB2,656,7,0,1,2936,2944,C
1-PB2,657,2946,0,2,0,2948,A
1-PB2,658,0,2,2992,0,2994,G
1-PB2,659,0,2996,0,0,2996,T
1-PB2,660,1,2988,0,1,2990,T
1-PB2,661,2,4,2984,0,2990,G
1-PB2,662,3,0,0,2981,2984,C
1-PB2,663,0,2971,0,4,2975,T
1-PB2,664,2,4,2975,0,2981,G
1-PB2,665,1,2,2975,0,2978,G
1-PB2,666,3,2,0,2969,2974,C
1-PB2,667,2,16,2961,0,2979,G
1-PB2,668,1,11,3010,0,3022,G
1-PB2,669,3032,1,1,0,3034,A
1-PB2,670,3036,3,5,0,3044,A
1-PB2,671,4,1,0,3044,3049,C
1-PB2,672,3058,1,0,1,3060,A
1-PB2,673,3054,0,1,0,3055,A
1-PB2,674,0,1,3207,0,3208,G
1-PB2,675,1,5,0,3270,3276,C
1-PB2,676,3298,0,4,0,3302,A
1-PB2,677,0,5,4099,0,4104,G
1-PB2,678,0,4100,0,0,4100,T
1-PB2,679,4131,1,2,0,4134,A
1-PB2,680,1,4125,0,2,4128,T
1-PB2,681,4153,1,0,0,4154,A
1-PB2,682,0,4153,0,1,4154,T
1-PB2,683,4094,1,0,0,4095,A
1-PB2,684,3,2,0,4146,4151,C
1-PB2,685,3982,0,1,0,3983,A
1-PB2,686,0,3821,0,1,3822,T
1-PB2,687,0,3700,1,1,3702,T
1-PB2,688,0,17,3685,0,3702,G
1-PB2,689,3703,0,1,0,3704,A
1-PB2,690,3692,0,4,0,3696,A
1-PB2,691,0,5,3741,0,3746,G
1-PB2,692,0,3720,2,0,3722,T
1-PB2,693,0,3700,0,0,3700,T
1-PB2,694,0,3700,0,4,3704,T
1-PB2,695,0,3702,0,5,3707,T
1-PB2,696,3762,0,1,0,3763,A
1-PB2,697,2,0,0,3781,3783,C
1-PB2,698,3778,1,0,0,3779,A
1-PB2,699,0,3767,0,3,3770,T
1-PB2,700,0,3749,0,1,3750,T
1-PB2,701,1,3762,0,0,3763,T
1-PB2,702,1,26,3778,0,3805,G
1-PB2,703,3831,0,2,0,3833,A
1-PB2,704,4,1,1,3838,3844,C
1-PB2,705,1,3812,0,5,3818,T
1-PB2,706,11,2,0,3809,3822,C
1-PB2,707,3811,1,5,0,3817,A
1-PB2,708,4,15,3769,1,3789,G
1-PB2,709,2,22,3862,0,3886,G
1-PB2,710,3,22,3874,0,3899,G
1-PB2,711,3906,1,1,1,3909,A
1-PB2,712,3909,0,4,0,3913,A
1-PB2,713,0,4,0,3917,3921,C
1-PB2,714,1,2,3967,0,3970,G
1-PB2,715,0,3956,0,2,3958,T
1-PB2,716,1,6,3982,0,3989,G
1-PB2,717,1,3956,0,1,3958,T
1-PB2,718,0,3947,0,2,3949,T
1-PB2,719,4,11,3949,0,3964,G
1-PB2,720,1,11,3949,0,3961,G
1-PB2,721,0,17,3985,0,4002,G
1-PB2,722,3979,1,4,0,3984,A
1-PB2,723,3968,0,4,1,3973,A
1-PB2,724,0,0,0,4094,4094,C
1-PB2,725,4073,1,0,1,4075,A
1-PB2,726,4177,1,1,0,4179,A
1-PB2,727,4196,0,1,0,4197,A
1-PB2,728,0,4222,0,0,4222,T
1-PB2,729,3,3,4289,1,4296,G
1-PB2,730,1,4273,0,0,4274,T
1-PB2,731,4275,0,3,0,4278,A
1-PB2,732,6,2,0,4288,4296,C
1-PB2,733,4227,0,4,0,4231,A
1-PB2,734,4,2,0,4224,4230,C
1-PB2,735,1,4102,0,3,4106,T
1-PB2,736,13,0,0,4439,4452,C
1-PB2,737,6,0,1,4450,4457,C
1-PB2,738,4518,0,4,0,4522,A
1-PB2,739,2,23,4523,0,4548,G
1-PB2,740,0,8,4642,0,4650,G
1-PB2,741,0,4637,0,3,4640,T
1-PB2,742,1,16,4618,1,4636,G
1-PB2,743,1,15,4539,1,4556,G
1-PB2,744,4504,1,5,1,4511,A
1-PB2,745,2,16,4528,0,4546,G
1-PB2,746,3,27,4508,0,4538,G
1-PB2,747,4490,3,7,1,4501,A
1-PB2,748,0,1,4531,0,4532,G
1-PB2,749,4,4451,0,2,4457,T
1-PB2,750,2,15,4455,0,4472,G
1-PB2,751,4473,0,7,2,4482,A
1-PB2,752,1,12,4484,0,4497,G
1-PB2,753,0,11,4505,1,4517,G
1-PB2,754,4486,1,0,0,4487,A
1-PB2,755,4490,1,0,0,4491,A
1-PB2,756,0,4491,0,0,4491,T
1-PB2,757,1,18,4466,0,4485,G
1-PB2,758,4491,0,4,0,4495,A
1-PB2,759,5,4,0,4458,4467,C
1-PB2,760,1,23,4448,0,4472,G
1-PB2,761,4525,1,1,0,4527,A
1-PB2,762,0,4502,0,0,4502,T
1-PB2,763,2,3,4529,0,4534,G
1-PB2,764,1,4520,0,1,4522,T
1-PB2,765,1,4484,0,1,4486,T
1-PB2,766,0,14,4512,0,4526,G
1-PB2,767,4529,0,7,0,4536,A
1-PB2,768,3,6,1,4524,4534,C
1-PB2,769,22,0,0,4507,4529,C
1-PB2,770,4470,1,1,0,4472,A
1-PB2,771,4483,1,0,1,4485,A
1-PB2,772,4497,2,7,0,4506,A
1-PB2,773,2,3,4621,0,4626,G
1-PB2,774,3,1,0,4627,4631,C
1-PB2,775,11,4,0,4609,4624,C
1-PB2,776,0,4638,1,2,4641,T
1-PB2,777,4653,0,0,0,4653,A
1-PB2,778,4654,0,0,1,4655,A
1-PB2,779,0,4669,0,0,4669,T
1-PB2,780,0,4656,0,3,4659,T
1-PB2,781,4612,0,0,0,4612,A
1-PB2,782,0,4518,0,2,4520,T
1-PB2,783,1,4505,0,0,4506,T
1-PB2,784,1,5,4493,0,4499,G
1-PB2,785,2,6,0,4472,4480,C
1-PB2,786,6,17,4459,0,4482,G
1-PB2,787,1,1,4549,1,4552,G
1-PB2,788,1,1,0,4541,4543,C
1-PB2,789,9,0,0,4548,4557,C
1-PB2,790,4556,0,0,0,4556,A
1-PB2,791,1,7,4605,0,4613,G
1-PB2,792,1,17,4630,1,4649,G
1-PB2,793,4654,0,3,0,4657,A
1-PB2,794,4669,0,2,0,4671,A
1-PB2,795,2,2,0,4694,4698,C
1-PB2,796,4650,0,2,0,4652,A
1-PB2,797,2,4717,1,1,4721,T
1-PB2,798,4768,0,3,0,4771,A
1-PB2,799,0,3,4826,1,4830,G
1-PB2,800,0,4784,0,1,4785,T
1-PB2,801,4758,0,2,0,4760,A
1-PB2,802,4743,0,3,1,4747,A
1-PB2,803,1,12,4735,0,4748,G
1-PB2,804,4718,0,3,0,4721,A
1-PB2,805,4648,0,2,0,4650,A
1-PB2,806,0,12,4626,0,4638,G
1-PB2,807,4497,2,4,0,4503,A
1-PB2,808,0,1,4510,0,4511,G
1-PB2,809,4,1,0,4495,4500,C
1-PB2,810,18,5,0,4488,4511,C
1-PB2,811,3,2,4510,1,4516,G
1-PB2,812,5,1,0,4529,4535,C
1-PB2,813,4533,0,5,0,4538,A
1-PB2,814,2,4,4795,0,4801,G
1-PB2,815,1,4797,0,0,4798,T
1-PB2,816,4812,0,4,0,4816,A
1-PB2,817,0,4792,0,1,4793,T
1-PB2,818,22,4,0,4784,4810,C
1-PB2,819,4797,2,7,1,4807,A
1-PB2,820,3,2,4807,1,4813,G
1-PB2,821,3,1,0,4805,4809,C
1-PB2,822,4641,1,6,0,4648,A
1-PB2,823,0,6,4618,0,4624,G
1-PB2,824,4643,2,3,0,4648,A
1-PB2,825,3,4630,0,2,4635,T
1-PB2,826,13,1,0,4625,4639,C
1-PB2,827,24,0,1,4606,4631,C
1-PB2,828,4632,0,4,0,4636,A
1-PB2,829,3,0,0,4645,4648,C
1-PB2,830,0,4633,0,2,4635,T
1-PB2,831,4646,0,3,0,4649,A
1-PB2,832,3,1,4638,0,4642,G
1-PB2,833,7,1,0,4592,4600,C
1-PB2,834,4595,0,2,0,4597,A
1-PB2,835,0,4616,0,1,4617,T
1-PB2,836,10,1,0,4670,4681,C
1-PB2,837,0,4654,1,3,4658,T
1-PB2,838,1,4769,0,1,4771,T
1-PB2,839,0,4799,0,0,4799,T
1-PB2,840,4797,0,0,0,4797,A
1-PB2,841,1,4798,1,3,4803,T
1-PB2,842,0,4787,0,1,4788,T
1-PB2,843,0,17,4768,0,4785,G
1-PB2,844,1,20,4774,0,4795,G
1-PB2,845,4724,0,2,0,4726,A
1-PB2,846,0,8,4725,0,4733,G
1-PB2,847,4651,0,2,1,4654,A
1-PB2,848,1,4625,0,4,4630,T
1-PB2,849,0,3,4708,0,4711,G
1-PB2,850,1,4716,0,2,4719,T
1-PB2,851,1,3,4711,0,4715,G
1-PB2,852,5,2,0,4706,4713,C
1-PB2,853,26,4,0,4669,4699,C
1-PB2,854,4685,4,6,0,4695,A
1-PB2,855,6,2,0,4694,4702,C
1-PB2,856,4641,0,2,0,4643,A
1-PB2,857,0,8,4706,0,4714,G
1-PB2,858,2,1,0,4619,4622,C
1-PB2,859,4607,1,5,1,4614,A
1-PB2,860,2,1,0,4608,4611,C
1-PB2,861,4595,0,2,1,4598,A
1-PB2,862,8,8,0,4613,4629,C
1-PB2,863,4599,0,0,0,4599,A
1-PB2,864,4606,0,1,0,4607,A
1-PB2,865,4610,0,0,0,4610,A
1-PB2,866,1,4507,0,2,4510,T
1-PB2,867,0,4507,1,1,4509,T
1-PB2,868,6,15,4475,0,4496,G
1-PB2,869,6,3,4486,0,4495,G
1-PB2,870,1,4,0,4485,4490,C
1-PB2,871,1,25,4427,0,4453,G
1-PB2,872,3,6,4502,0,4511,G
1-PB2,873,3,14,4524,0,4541,G
1-PB2,874,4541,0,2,0,4543,A
1-PB2,875,2,1,0,4546,4549,C
1-PB2,876,4552,0,3,0,4555,A
1-PB2,877,4556,1,4,1,4562,A
1-PB2,878,2,10,4591,0,4603,G
1-PB2,879,2,8,4590,0,4600,G
1-PB2,880,4614,0,0,0,4614,A
1-PB2,881,2,4475,2,0,4479,T
1-PB2,882,2,14,4406,1,4423,G
1-PB2,883,1,3,4445,1,4450,G
1-PB2,884,0,4408,0,1,4409,T
1-PB2,885,3,9,4401,1,4414,G
1-PB2,886,0,13,4392,1,4406,G
1-PB2,887,4321,1,8,0,4330,A
1-PB2,888,2,1,1,4334,4338,C
1-PB2,889,4276,0,0,0,4276,A
1-PB2,890,1,4843,0,1,4845,T
1-PB2,891,0,4829,0,0,4829,T
1-PB2,892,19,2,0,4814,4835,C
1-PB2,893,0,4797,0,2,4799,T
1-PB2,894,0,4794,0,0,4794,T
1-PB2,895,4797,0,3,0,4800,A
1-PB2,896,0,17,4812,0,4829,G
1-PB2,897,4820,2,2,0,4824,A
1-PB2,898,4,3,0,4823,4830,C
1-PB2,899,4071,0,2,0,4073,A
1-PB2,900,0,10,4135,0,4145,G
1-PB2,901,4129,1,1,0,4131,A
1-PB2,902,4136,0,5,0,4141,A
1-PB2,903,0,2,1,4137,4140,C
1-PB2,904,14,2,0,4120,4136,C
1-PB2,905,15,2,0,4113,4130,C
1-PB2,906,26,11,4099,0,4136,G
1-PB2,907,4139,0,2,0,4141,A
1-PB2,908,7,4,0,4142,4153,C
1-PB2,909,1,4100,0,1,4102,T
1-PB2,910,1,8,4117,0,4126,G
1-PB2,911,4118,0,3,0,4121,A
1-PB2,912,4137,0,3,0,4140,A
1-PB2,913,0,18,4154,0,4172,G
1-PB2,914,4143,0,4,1,4148,A
1-PB2,915,4150,0,3,0,4153,A
1-PB2,916,4,2,0,4144,4150,C
1-PB2,917,4130,0,1,0,4131,A
1-PB2,918,4152,0,4,1,4157,A
1-PB2,919,0,1,4185,0,4186,G
1-PB2,920,14,1,0,4205,4220,C
1-PB2,921,0,4192,0,0,4192,T
1-PB2,922,0,3,4234,0,4237,G
1-PB2,923,0,4226,0,3,4229,T
1-PB2,924,6,8,4273,2,4289,G
1-PB2,925,0,13,4415,0,4428,G
1-PB2,926,4437,0,2,1,4440,A
1-PB2,927,1,4427,0,0,4428,T
1-PB2,928,4383,1,1,0,4385,A
1-PB2,929,1,4335,0,1,4337,T
1-PB2,930,4443,0,4,0,4447,A
1-PB2,931,0,4383,0,0,4383,T
1-PB2,932,2,5,4364,2,4373,G
1-PB2,933,2,3,1,4338,4344,C
1-PB2,934,4207,2,1,0,4210,A
1-PB2,935,4207,1,4,1,4213,A
1-PB2,936,0,9,4207,0,4216,G
1-PB2,937,2,4,4223,0,4229,G
1-PB2,938,1,1,0,4232,4234,C
1-PB2,939,0,4146,1,5,4152,T
1-PB2,940,5,3,4169,1,4178,G
1-PB2,941,3,0,0,4184,4187,C
1-PB2,942,4190,0,1,0,4191,A
1-PB2,943,4207,0,2,0,4209,A
1-PB2,944,0,4179,0,1,4180,T
1-PB2,945,2,16,4179,0,4197,G
1-PB2,946,0,13,4164,1,4178,G
1-PB2,947,0,18,4173,0,4191,G
1-PB2,948,4187,1,2,1,4191,A
1-PB2,949,0,4187,0,2,4189,T
1-PB2,950,0,4157,0,1,4158,T
1-PB2,951,0,26,4143,1,4170,G
1-PB2,952,4137,3,4,0,4144,A
1-PB2,953,1,11,4169,0,4181,G
1-PB2,954,4142,2,2,0,4146,A
1-PB2,955,4125,0,6,0,4131,A
1-PB2,956,2,4107,0,0,4109,T
1-PB2,957,12,0,0,4098,4110,C
1-PB2,958,4107,1,6,0,4114,A
1-PB2,959,0,5,4137,0,4142,G
1-PB2,960,2,3,0,4128,4133,C
1-PB2,961,0,4107,0,6,4113,T
1-PB2,962,17,0,0,4084,4101,C
1-PB2,963,4108,0,0,0,4108,A
1-PB2,964,0,4177,0,0,4177,T
1-PB2,965,13,1,0,4165,4179,C
1-PB2,966,10,1,3,4196,4210,C
1-PB2,967,0,4178,1,5,4184,T
1-PB2,968,6,4158,0,7,4171,T
1-PB2,969,10,0,0,4170,4180,C
1-PB2,970,4173,0,6,0,4179,A
1-PB2,971,2,2,4238,0,4242,G
1-PB2,972,1,0,0,4224,4225,C
1-PB2,973,0,4157,1,3,4161,T
1-PB2,974,0,4166,0,0,4166,T
1-PB2,975,0,4144,0,1,4145,T
1-PB2,976,1,10,4133,0,4144,G
1-PB2,977,2,5,4140,0,4147,G
1-PB2,978,1,4125,0,3,4129,T
1-PB2,979,0,23,4123,0,4146,G
1-PB2,980,1,20,4098,1,4120,G
1-PB2,981,1,0,4150,0,4151,G
1-PB2,982,1,4131,0,0,4132,T
1-PB2,983,1,4116,0,2,4119,T
1-PB2,984,0,4113,0,2,4115,T
1-PB2,985,4116,0,4,0,4120,A
1-PB2,986,1,1,0,4129,4131,C
1-PB2,987,4123,1,0,0,4124,A
1-PB2,988,0,4114,0,2,4116,T
1-PB2,989,1,4043,0,1,4045,T
1-PB2,990,0,4044,0,1,4045,T
1-PB2,991,4044,0,1,0,4045,A
1-PB2,992,4034,0,0,1,4035,A
1-PB2,993,4040,0,3,1,4044,A
1-PB2,994,4034,0,4,1,4039,A
1-PB2,995,1,14,4043,0,4058,G
1-PB2,996,4024,2,3,0,4029,A
1-PB2,997,4034,0,2,1,4037,A
1-PB2,998,4,2,0,4044,4050,C
1-PB2,999,4032,1,2,0,4035,A
1-PB2,1000,4044,0,0,0,4044,A
1-PB2,1001,0,2,4040,0,4042,G
1-PB2,1002,4,2,1,4038,4045,C
1-PB2,1003,1,15,4022,0,4038,G
1-PB2,1004,1,17,4041,0,4059,G
1-PB2,1005,4,11,4051,1,4067,G
1-PB2,1006,0,4046,0,5,4051,T
1-PB2,1007,24,3,1,4000,4028,C
1-PB2,1008,4036,1,2,0,4039,A
1-PB2,1009,0,4026,1,2,4029,T
1-PB2,1010,11,0,0,4021,4032,C
1-PB2,1011,3997,1,2,0,4000,A
1-PB2,1012,0,4,4039,0,4043,G
1-PB2,1013,0,3999,1,0,4000,T
1-PB2,1014,27,1,1,3968,3997,C
1-PB2,1015,3997,0,1,0,3998,A
1-PB2,1016,4009,0,3,0,4012,A
1-PB2,1017,4013,0,0,0,4013,A
1-PB2,1018,4002,0,3,2,4007,A
1-PB2,1019,4036,0,1,0,4037,A
1-PB2,1020,4023,0,10,0,4033,A
1-PB2,1021,2,12,4013,0,4027,G
1-PB2,1022,4012,0,5,1,4018,A
1-PB2,1023,4005,1,5,0,4011,A
1-PB2,1024,1,11,3998,1,4011,G
1-PB2,1025,3994,0,1,0,3995,A
1-PB2,1026,3883,1,9,0,3893,A
1-PB2,1027,0,3,3886,0,3889,G
1-PB2,1028,3871,1,2,0,3874,A
1-PB2,1029,3,12,3876,1,3892,G
1-PB2,1030,2,2,3955,0,3959,G
1-PB2,1031,2,3963,0,1,3966,T
1-PB2,1032,3,2,4034,0,4039,G
1-PB2,1033,6,8,0,4056,4070,C
1-PB2,1034,1,4051,1,4,4057,T
1-PB2,1035,1,4073,0,0,4074,T
1-PB2,1036,4054,2,3,0,4059,A
1-PB2,1037,4,2,0,4057,4063,C
1-PB2,1038,4017,0,2,0,4019,A
1-PB2,1039,1,11,4029,2,4043,G
1-PB2,1040,1,3,4020,0,4024,G
1-PB2,1041,7,1,0,3949,3957,C
1-PB2,1042,3918,2,1,0,3921,A
1-PB2,1043,3942,1,1,0,3944,A
1-PB2,1044,0,3997,1,1,3999,T
1-PB2,1045,12,1,1,4021,4035,C
1-PB2,1046,0,4025,0,2,4027,T
1-PB2,1047,20,0,0,4005,4025,C
1-PB2,1048,11,0,0,3985,3996,C
1-PB2,1049,4003,0,0,0,4003,A
1-PB2,1050,4000,0,1,0,4001,A
1-PB2,1051,3997,1,1,2,4001,A
1-PB2,1052,1,1,0,4011,4013,C
1-PB2,1053,3904,1,5,0,3910,A
1-PB2,1054,0,3880,0,2,3882,T
1-PB2,1055,2,3863,0,2,3867,T
1-PB2,1056,0,15,3883,0,3898,G
1-PB2,1057,3894,0,1,0,3895,A
1-PB2,1058,3930,1,3,0,3934,A
1-PB2,1059,3941,0,4,0,3945,A
1-PB2,1060,3954,1,1,0,3956,A
1-PB2,1061,1,3957,0,0,3958,T
1-PB2,1062,3957,0,0,0,3957,A
1-PB2,1063,3944,1,5,0,3950,A
1-PB2,1064,2,25,3992,0,4019,G
1-PB2,1065,3951,0,4,0,3955,A
1-PB2,1066,2,3,4097,0,4102,G
1-PB2,1067,4,4035,0,2,4041,T
1-PB2,1068,4069,0,0,1,4070,A
1-PB2,1069,4,3,0,4160,4167,C
1-PB2,1070,4143,0,2,0,4145,A
1-PB2,1071,2,4138,0,3,4143,T
1-PB2,1072,14,7,4117,1,4139,G
1-PB2,1073,4062,3,4,1,4070,A
1-PB2,1074,0,26,4076,0,4102,G
1-PB2,1075,0,23,4074,0,4097,G
1-PB2,1076,1,13,4254,0,4268,G
1-PB2,1077,1,7,4264,1,4273,G
1-PB2,1078,0,4189,0,2,4191,T
1-PB2,1079,4204,0,1,0,4205,A
1-PB2,1080,0,4185,0,1,4186,T
1-PB2,1081,0,19,4179,0,4198,G
1-PB2,1082,4186,0,2,1,4189,A
1-PB2,1083,0,14,4161,0,4175,G
1-PB2,1084,0,15,4130,0,4145,G
1-PB2,1085,3834,1,3,0,3838,A
1-PB2,1086,2,5,3966,0,3973,G
1-PB2,1087,0,3956,1,5,3962,T
1-PB2,1088,2,4063,0,5,4070,T
1-PB2,1089,14,0,0,4080,4094,C
1-PB2,1090,4091,3,1,0,4095,A
1-PB2,1091,3,3,0,4089,4095,C
1-PB2,1092,4076,2,1,0,4079,A
1-PB2,1093,4086,0,2,0,4088,A
1-PB2,1094,0,4080,0,2,4082,T
1-PB2,1095,1,18,3996,1,4016,G
1-PB2,1096,0,6,4037,0,4043,G
1-PB2,1097,2,3948,0,2,3952,T
1-PB2,1098,3,11,3945,0,3959,G
1-PB2,1099,1,16,3953,1,3971,G
1-PB2,1100,8,9,3942,0,3959,G
1-PB2,1101,1,8,3978,1,3988,G
1-PB2,1102,3965,1,1,0,3967,A
1-PB2,1103,3970,0,2,0,3972,A
1-PB2,1104,3955,0,3,0,3958,A
1-PB2,1105,3893,1,10,0,3904,A
1-PB2,1106,1,18,3940,0,3959,G
1-PB2,1107,3932,0,9,1,3942,A
1-PB2,1108,0,4,3956,0,3960,G
1-PB2,1109,1,1,0,3948,3950,C
1-PB2,1110,3917,0,0,0,3917,A
1-PB2,1111,3923,0,3,0,3926,A
1-PB2,1112,5,0,0,4048,4053,C
1-PB2,1113,4044,0,2,0,4046,A
1-PB2,1114,0,4,4115,0,4119,G
1-PB2,1115,1,1,0,4087,4089,C
1-PB2,1116,0,4072,0,1,4073,T
1-PB2,1117,4211,0,1,0,4212,A
1-PB2,1118,1,4208,0,1,4210,T
1-PB2,1119,4230,0,3,1,4234,A
1-PB2,1120,5,1,0,4231,4237,C
1-PB2,1121,2,4039,0,1,4042,T
1-PB2,1122,4052,0,1,0,4053,A
1-PB2,1123,4004,2,1,0,4007,A
1-PB2,1124,1,12,4003,0,4016,G
1-PB2,1125,4008,1,3,0,4012,A
1-PB2,1126,3914,0,2,0,3916,A
1-PB2,1127,3914,0,5,0,3919,A
1-PB2,1128,3894,0,4,0,3898,A
1-PB2,1129,2,3,3913,0,3918,G
1-PB2,1130,1,1,0,3906,3908,C
1-PB2,1131,3898,1,2,0,3901,A
1-PB2,1132,3906,0,0,0,3906,A
1-PB2,1133,3,2,0,3919,3924,C
1-PB2,1134,13,2,1,3905,3921,C
1-PB2,1135,3921,1,2,0,3924,A
1-PB2,1136,0,8,3928,1,3937,G
1-PB2,1137,3933,0,2,0,3935,A
1-PB2,1138,3932,1,4,1,3938,A
1-PB2,1139,2,13,3955,0,3970,G
1-PB2,1140,3956,1,3,0,3960,A
1-PB2,1141,0,3938,1,0,3939,T
1-PB2,1142,1,3916,0,2,3919,T
1-PB2,1143,0,24,3916,1,3941,G
1-PB2,1144,3,2,3984,1,3990,G
1-PB2,1145,0,3965,1,5,3971,T
1-PB2,1146,0,3964,1,0,3965,T
1-PB2,1147,20,0,0,3945,3965,C
1-PB2,1148,4000,0,5,0,4005,A
1-PB2,1149,0,3,4148,0,4151,G
1-PB2,1150,1,3,0,4173,4177,C
1-PB2,1151,2,4150,0,8,4160,T
1-PB2,1152,15,1,0,4186,4202,C
1-PB2,1153,4156,0,2,0,4158,A
1-PB2,1154,0,4163,0,2,4165,T
1-PB2,1155,4168,3,3,0,4174,A
1-PB2,1156,0,6,4182,0,4188,G
1-PB2,1157,0,3994,0,4,3998,T
1-PB2,1158,0,14,3985,1,4000,G
1-PB2,1159,3888,1,7,0,3896,A
1-PB2,1160,0,3,3945,0,3948,G
1-PB2,1161,0,3914,0,2,3916,T
1-PB2,1162,3,11,3901,0,3915,G
1-PB2,1163,0,10,3937,0,3947,G
1-PB2,1164,3927,1,3,0,3931,A
1-PB2,1165,3903,2,7,1,3913,A
1-PB2,1166,0,16,3943,0,3959,G
1-PB2,1167,3896,1,5,1,3903,A
1-PB2,1168,1,8,3925,0,3934,G
1-PB2,1169,3875,0,9,0,3884,A
1-PB2,1170,2,4,0,3881,3887,C
1-PB2,1171,4,27,3856,1,3888,G
1-PB2,1172,3846,1,2,0,3849,A
1-PB2,1173,3874,0,8,0,3882,A
1-PB2,1174,2,4,0,3876,3882,C
1-PB2,1175,3845,1,1,0,3847,A
1-PB2,1176,1,7,4052,0,4060,G
1-PB2,1177,0,4036,0,3,4039,T
1-PB2,1178,16,1,1,4020,4038,C
1-PB2,1179,4036,0,7,0,4043,A
1-PB2,1180,4034,0,4,0,4038,A
1-PB2,1181,0,4047,0,0,4047,T
1-PB2,1182,4015,4,3,1,4023,A
1-PB2,1183,0,4,4029,0,4033,G
1-PB2,1184,5,2,0,4012,4019,C
1-PB2,1185,17,5,0,3891,3913,C
1-PB2,1186,2,11,3890,0,3903,G
1-PB2,1187,3912,0,0,0,3912,A
1-PB2,1188,3924,1,1,0,3926,A
1-PB2,1189,0,5,3966,1,3972,G
1-PB2,1190,3,0,0,4060,4063,C
1-PB2,1191,4059,1,1,0,4061,A
1-PB2,1192,4064,0,1,3,4068,A
1-PB2,1193,0,4067,2,1,4070,T
1-PB2,1194,4092,0,1,0,4093,A
1-PB2,1195,4128,0,3,1,4132,A
1-PB2,1196,0,4129,1,0,4130,T
1-PB2,1197,14,2,0,4082,4098,C
1-PB2,1198,0,2,4082,0,4084,G
1-PB2,1199,1,3999,1,4,4005,T
1-PB2,1200,2,3,3990,0,3995,G
1-PB2,1201,2,2,4025,1,4030,G
1-PB2,1202,3,1,0,4024,4028,C
1-PB2,1203,17,1,1,4013,4032,C
1-PB2,1204,4008,1,0,0,4009,A
1-PB2,1205,1,3994,0,2,3997,T
1-PB2,1206,3,19,3996,0,4018,G
1-PB2,1207,0,3,4075,0,4078,G
1-PB2,1208,1,4065,0,3,4069,T
1-PB2,1209,1,5,4092,0,4098,G
1-PB2,1210,0,4009,1,4,4014,T
1-PB2,1211,0,4037,0,2,4039,T
1-PB2,1212,1,4041,0,1,4043,T
1-PB2,1213,0,4052,0,1,4053,T
1-PB2,1214,16,1,0,4077,4094,C
1-PB2,1215,4079,4,0,0,4083,A
1-PB2,1216,6,1,0,4240,4247,C
1-PB2,1217,4198,1,3,0,4202,A
1-PB2,1218,4224,0,1,0,4225,A
1-PB2,1219,0,4,4238,0,4242,G
1-PB2,1220,4199,0,6,0,4205,A
1-PB2,1221,160,10,4097,0,4267,G
1-PB2,1222,1,13,4269,0,4283,G
1-PB2,1223,4231,2,1,0,4234,A
1-PB2,1224,1,4259,2,4,4266,T
1-PB2,1225,0,4198,0,4,4202,T
1-PB2,1226,1,6,4185,1,4193,G
1-PB2,1227,2,4,0,4107,4113,C
1-PB2,1228,4129,0,3,10,4142,A
1-PB2,1229,0,4178,0,3,4181,T
1-PB2,1230,0,9,4300,1,4310,G
1-PB2,1231,4330,1,3,0,4334,A
1-PB2,1232,1,4355,0,1,4357,T
1-PB2,1233,4341,0,0,0,4341,A
1-PB2,1234,4335,1,4,0,4340,A
1-PB2,1235,4326,0,1,1,4328,A
1-PB2,1236,4340,0,3,0,4343,A
1-PB2,1237,0,1,4355,0,4356,G
1-PB2,1238,4,1,1,4418,4424,C
1-PB2,1239,4482,0,1,0,4483,A
1-PB2,1240,0,3,4591,1,4595,G
1-PB2,1241,0,4575,0,3,4578,T
1-PB2,1242,0,4585,0,2,4587,T
1-PB2,1243,4576,1,3,1,4581,A
1-PB2,1244,0,6,4596,1,4603,G
1-PB2,1245,4567,1,6,0,4574,A
1-PB2,1246,0,12,4564,0,4576,G
1-PB2,1247,3,8,4550,0,4561,G
1-PB2,1248,0,4390,0,4,4394,T
1-PB2,1249,0,29,4393,0,4422,G
1-PB2,1250,4440,0,1,0,4441,A
1-PB2,1251,10,2,0,4446,4458,C
1-PB2,1252,22,2,1,4451,4476,C
1-PB2,1253,0,4433,0,5,4438,T
1-PB2,1254,0,21,4449,0,4470,G
1-PB2,1255,4466,0,2,0,4468,A
1-PB2,1256,4466,2,2,0,4470,A
1-PB2,1257,1,4462,0,3,4466,T
1-PB2,1258,1,4518,0,4,4523,T
1-PB2,1259,1,4536,0,9,4546,T
1-PB2,1260,14,1,0,4515,4530,C
1-PB2,1261,0,0,4543,0,4543,G
1-PB2,1262,1,4524,0,8,4533,T
1-PB2,1263,14,1,0,4529,4544,C
1-PB2,1264,4537,0,2,1,4540,A
1-PB2,1265,4541,1,8,0,4550,A
1-PB2,1266,3,0,0,4550,4553,C
1-PB2,1267,4504,0,5,1,4510,A
1-PB2,1268,0,22,4558,0,4580,G
1-PB2,1269,4551,3,3,0,4557,A
1-PB2,1270,5,4,4571,1,4581,G
1-PB2,1271,5,0,0,4578,4583,C
1-PB2,1272,4569,4,2,0,4575,A
1-PB2,1273,4632,1,1,0,4634,A
1-PB2,1274,4635,0,3,0,4638,A
1-PB2,1275,0,4626,0,3,4629,T
1-PB2,1276,8,2,0,4629,4639,C
1-PB2,1277,4586,0,2,0,4588,A
1-PB2,1278,1,6,4593,0,4600,G
1-PB2,1279,3,2,0,4596,4601,C
1-PB2,1280,4,9,4595,0,4608,G
1-PB2,1281,0,4,4836,0,4840,G
1-PB2,1282,0,4805,0,6,4811,T
1-PB2,1283,0,4809,0,5,4814,T
1-PB2,1284,4,17,4812,0,4833,G
1-PB2,1285,4840,0,3,0,4843,A
1-PB2,1286,4870,0,3,0,4873,A
1-PB2,1287,5,3,0,4899,4907,C
1-PB2,1288,15,1,1,4861,4878,C
1-PB2,1289,22,0,2,4873,4897,C
1-PB2,1290,16,3,1,4717,4737,C
1-PB2,1291,4748,1,6,0,4755,A
1-PB2,1292,0,4771,0,0,4771,T
1-PB2,1293,2,5,4770,0,4777,G
1-PB2,1294,5,3,0,4779,4787,C
1-PB2,1295,4761,0,1,0,4762,A
1-PB2,1296,0,4717,0,2,4719,T
1-PB2,1297,24,0,0,4690,4714,C
1-PB2,1298,4676,0,1,1,4678,A
1-PB2,1299,0,1,4731,0,4732,G
1-PB2,1300,2,1,0,4737,4740,C
1-PB2,1301,0,4720,0,13,4733,T
1-PB2,1302,0,4731,0,1,4732,T
1-PB2,1303,0,4704,0,1,4705,T
1-PB2,1304,0,4720,1,1,4722,T
1-PB2,1305,4719,1,2,0,4722,A
1-PB2,1306,4712,1,1,1,4715,A
1-PB2,1307,7,10,4703,0,4720,G
1-PB2,1308,2,1,4682,0,4685,G
1-PB2,1309,3,2,0,4664,4669,C
1-PB2,1310,4649,1,2,0,4652,A
1-PB2,1311,2,4655,0,0,4657,T
1-PB2,1312,1,4666,0,3,4670,T
1-PB2,1313,2,4676,0,0,4678,T
1-PB2,1314,0,4687,0,2,4689,T
1-PB2,1315,5,3,0,4683,4691,C
1-PB2,1316,4678,2,1,0,4681,A
1-PB2,1317,0,13,4672,1,4686,G
1-PB2,1318,4666,1,4,0,4671,A
1-PB2,1319,4674,0,1,0,4675,A
1-PB2,1320,4662,0,3,0,4665,A
1-PB2,1321,2,6,4667,0,4675,G
1-PB2,1322,4703,0,0,0,4703,A
1-PB2,1323,1,4691,0,2,4694,T
1-PB2,1324,1,0,4695,0,4696,G
1-PB2,1325,3,3,0,4693,4699,C
1-PB2,1326,0,10,4703,0,4713,G
1-PB2,1327,4712,1,2,0,4715,A
1-PB2,1328,4708,0,3,0,4711,A
1-PB2,1329,4699,2,3,0,4704,A
1-PB2,1330,3,5,4704,0,4712,G
1-PB2,1331,0,4663,1,2,4666,T
1-PB2,1332,3,0,4658,0,4661,G
1-PB2,1333,0,1,1,4659,4661,C
1-PB2,1334,0,4640,0,3,4643,T
1-PB2,1335,1,4646,0,2,4649,T
1-PB2,1336,1,4653,2,1,4657,T
1-PB2,1337,0,4659,1,0,4660,T
1-PB2,1338,0,4653,0,1,4654,T
1-PB2,1339,10,2,0,4645,4657,C
1-PB2,1340,4659,0,4,2,4665,A
1-PB2,1341,4681,2,2,0,4685,A
1-PB2,1342,4682,1,0,0,4683,A
1-PB2,1343,4691,0,0,0,4691,A
1-PB2,1344,0,4685,0,1,4686,T
1-PB2,1345,0,4691,0,0,4691,T
1-PB2,1346,8,13,4669,1,4691,G
1-PB2,1347,1,18,4673,0,4692,G
1-PB2,1348,3,14,4673,0,4690,G
1-PB2,1349,1,18,4724,0,4743,G
1-PB2,1350,4715,0,5,0,4720,A
1-PB2,1351,0,6,4798,0,4804,G
1-PB2,1352,0,4778,1,3,4782,T
1-PB2,1353,1,4776,0,1,4778,T
1-PB2,1354,2,21,4771,2,4796,G
1-PB2,1355,4771,0,7,0,4778,A
1-PB2,1356,4792,0,2,0,4794,A
1-PB2,1357,4,0,0,4902,4906,C
1-PB2,1358,4832,0,5,0,4837,A
1-PB2,1359,4,2,1,4909,4916,C
1-PB2,1360,4850,0,4,1,4855,A
1-PB2,1361,2,4858,0,1,4861,T
1-PB2,1362,16,1,1,4851,4869,C
1-PB2,1363,4,23,4835,0,4862,G
1-PB2,1364,4875,1,0,0,4876,A
1-PB2,1365,2,2,0,4865,4869,C
1-PB2,1366,4721,0,1,0,4722,A
1-PB2,1367,2,4,4824,0,4830,G
1-PB2,1368,3,4711,0,1,4715,T
1-PB2,1369,1,2,4765,0,4768,G
1-PB2,1370,0,4752,1,3,4756,T
1-PB2,1371,1,11,4750,0,4762,G
1-PB2,1372,4749,0,7,0,4756,A
1-PB2,1373,1,4714,1,2,4718,T
1-PB2,1374,1,14,4716,1,4732,G
1-PB2,1375,1,13,4705,1,4720,G
1-PB2,1376,0,21,4608,0,4629,G
1-PB2,1377,4587,0,14,0,4601,A
1-PB2,1378,4545,1,9,1,4556,A
1-PB2,1379,0,4547,2,1,4550,T
1-PB2,1380,0,17,4554,0,4571,G
1-PB2,1381,4569,1,1,0,4571,A
1-PB2,1382,0,4571,1,1,4573,T
1-PB2,1383,0,4552,0,1,4553,T
1-PB2,1384,4,13,4511,0,4528,G
1-PB2,1385,0,19,4583,1,4603,G
1-PB2,1386,4589,2,2,0,4593,A
1-PB2,1387,0,4,4630,0,4634,G
1-PB2,1388,0,4582,0,1,4583,T
1-PB2,1389,4560,0,2,0,4562,A
1-PB2,1390,2,4543,2,31,4578,T
1-PB2,1391,0,4618,2,0,4620,T
1-PB2,1392,4668,0,1,2,4671,A
1-PB2,1393,3,2,0,4657,4662,C
1-PB2,1394,15,2,0,4572,4589,C
1-PB2,1395,4529,0,5,3,4537,A
1-PB2,1396,1,8,4560,0,4569,G
1-PB2,1397,4638,1,2,1,4642,A
1-PB2,1398,1,4607,2,1,4611,T
1-PB2,1399,4578,1,0,1,4580,A
1-PB2,1400,0,4537,0,2,4539,T
1-PB2,1401,2,33,4476,0,4511,G
1-PB2,1402,4511,0,1,0,4512,A
1-PB2,1403,4,1,0,4534,4539,C
1-PB2,1404,1,4499,0,5,4505,T
1-PB2,1405,14,1,0,4483,4498,C
1-PB2,1406,20,1,0,4418,4439,C
1-PB2,1407,4448,0,2,0,4450,A
1-PB2,1408,4456,1,4,0,4461,A
1-PB2,1409,1,1,4541,0,4543,G
1-PB2,1410,6,1,0,4514,4521,C
1-PB2,1411,4513,0,2,0,4515,A
1-PB2,1412,1,2,0,4518,4521,C
1-PB2,1413,4467,0,1,0,4468,A
1-PB2,1414,1,9,4482,0,4492,G
1-PB2,1415,4464,0,1,0,4465,A
1-PB2,1416,1,8,4485,0,4494,G
1-PB2,1417,4477,1,3,0,4481,A
1-PB2,1418,0,4329,0,1,4330,T
1-PB2,1419,2,4,4382,1,4389,G
1-PB2,1420,0,4374,0,2,4376,T
1-PB2,1421,23,3,0,4326,4352,C
1-PB2,1422,4374,0,6,0,4380,A
1-PB2,1423,4372,2,2,0,4376,A
1-PB2,1424,1,4369,0,0,4370,T
1-PB2,1425,3,15,4341,0,4359,G
1-PB2,1426,4298,0,2,0,4300,A
1-PB2,1427,0,9,4322,0,4331,G
1-PB2,1428,4251,0,7,0,4258,A
1-PB2,1429,0,17,4252,0,4269,G
1-PB2,1430,0,15,4429,1,4445,G
1-PB2,1431,4437,0,0,0,4437,A
1-PB2,1432,4441,0,0,0,4441,A
1-PB2,1433,0,4439,1,0,4440,T
1-PB2,1434,4433,0,2,0,4435,A
1-PB2,1435,4419,0,6,0,4425,A
1-PB2,1436,1,19,4405,0,4425,G
1-PB2,1437,4398,1,4,0,4403,A
1-PB2,1438,4,3,4412,0,4419,G
1-PB2,1439,1,4129,0,5,4135,T
1-PB2,1440,33,0,0,4123,4156,C
1-PB2,1441,4139,0,1,0,4140,A
1-PB2,1442,1,1,4158,1,4161,G
1-PB2,1443,6,1,0,4156,4163,C
1-PB2,1444,4157,1,1,0,4159,A
1-PB2,1445,4163,1,3,0,4167,A
1-PB2,1446,4148,0,1,0,4149,A
1-PB2,1447,4148,2,5,0,4155,A
1-PB2,1448,0,4144,0,1,4145,T
1-PB2,1449,1,16,4134,0,4151,G
1-PB2,1450,1,25,4124,1,4151,G
1-PB2,1451,1,4,4163,0,4168,G
1-PB2,1452,0,4111,0,2,4113,T
1-PB2,1453,4,4,4117,0,4125,G
1-PB2,1454,0,4098,0,4,4102,T
1-PB2,1455,1,10,4096,0,4107,G
1-PB2,1456,1,11,4133,1,4146,G
1-PB2,1457,4146,0,1,0,4147,A
1-PB2,1458,0,4120,0,0,4120,T
1-PB2,1459,0,12,4143,2,4157,G
1-PB2,1460,4122,0,5,0,4127,A
1-PB2,1461,4139,0,5,0,4144,A
1-PB2,1462,0,4130,0,0,4130,T
1-PB2,1463,4115,0,0,0,4115,A
1-PB2,1464,7,0,0,4344,4351,C
1-PB2,1465,1,4237,0,3,4241,T
1-PB2,1466,16,0,2,4281,4299,C
1-PB2,1467,15,2,0,4280,4297,C
1-PB2,1468,4281,0,1,0,4282,A
1-PB2,1469,2,3,4428,1,4434,G
1-PB2,1470,0,4402,0,2,4404,T
1-PB2,1471,4442,0,4,0,4446,A
1-PB2,1472,10,3,0,4441,4454,C
1-PB2,1473,4020,0,1,0,4021,A
1-PB2,1474,6,16,4016,0,4038,G
1-PB2,1475,3920,1,1,0,3922,A
1-PB2,1476,0,11,3935,0,3946,G
1-PB2,1477,3822,0,3,0,3825,A
1-PB2,1478,1,14,3670,0,3685,G
1-PB2,1479,1,19,3652,0,3672,G
1-PB2,1480,1,4,3641,0,3646,G
1-PB2,1481,0,3587,0,0,3587,T
1-PB2,1482,1,10,3570,2,3583,G
1-PB2,1483,1,4,3580,0,3585,G
1-PB2,1484,1,3542,0,5,3548,T
1-PB2,1485,2,16,3592,0,3610,G
1-PB2,1486,0,7,3602,0,3609,G
1-PB2,1487,1,3493,0,6,3500,T
1-PB2,1488,0,3489,0,3,3492,T
1-PB2,1489,3445,0,3,0,3448,A
1-PB2,1490,1,4,3464,0,3469,G
1-PB2,1491,1,1,0,3456,3458,C
1-PB2,1492,3423,0,1,0,3424,A
1-PB2,1493,0,3422,0,2,3424,T
1-PB2,1494,1,3251,0,0,3252,T
1-PB2,1495,1,9,3242,0,3252,G
1-PB2,1496,3237,3,0,0,3240,A
1-PB2,1497,0,3234,0,2,3236,T
1-PB2,1498,12,1,1,3220,3234,C
1-PB2,1499,1,12,3198,0,3211,G
1-PB2,1500,2,3,3258,0,3263,G
1-PB2,1501,0,3253,0,3,3256,T
1-PB2,1502,0,3251,0,3,3254,T
1-PB2,1503,0,3251,0,1,3252,T
1-PB2,1504,1,3243,0,2,3246,T
1-PB2,1505,0,3241,0,1,3242,T
1-PB2,1506,22,11,3210,0,3243,G
1-PB2,1507,3226,2,8,0,3236,A
1-PB2,1508,1,6,3240,0,3247,G
1-PB2,1509,3112,0,5,0,3117,A
1-PB2,1510,9,3,3123,0,3135,G
1-PB2,1511,0,3132,0,4,3136,T
1-PB2,1512,1,3120,0,0,3121,T
1-PB2,1513,16,1,0,3119,3136,C
1-PB2,1514,3,14,3115,1,3133,G
1-PB2,1515,3139,0,0,0,3139,A
1-PB2,1516,0,11,3127,0,3138,G
1-PB2,1517,3131,0,6,0,3137,A
1-PB2,1518,4,8,0,3111,3123,C
1-PB2,1519,14,2,0,3085,3101,C
1-PB2,1520,3067,0,0,0,3067,A
1-PB2,1521,3093,1,3,0,3097,A
1-PB2,1522,2,1,0,3098,3101,C
1-PB2,1523,3,1,3099,0,3103,G
1-PB2,1524,0,3081,0,1,3082,T
1-PB2,1525,2,8,3065,0,3075,G
1-PB2,1526,3,9,3061,1,3074,G
1-PB2,1527,2,6,3068,0,3076,G
1-PB2,1528,3045,1,1,0,3047,A
1-PB2,1529,3051,0,1,1,3053,A
1-PB2,1530,0,2944,0,1,2945,T
1-PB2,1531,0,5,3024,1,3030,G
1-PB2,1532,0,3011,0,2,3013,T
1-PB2,1533,3001,0,1,0,3002,A
1-PB2,1534,1,3002,0,2,3005,T
1-PB2,1535,0,2950,1,0,2951,T
1-PB2,1536,2987,0,1,0,2988,A
1-PB2,1537,1,2961,0,4,2966,T
1-PB2,1538,0,2914,0,0,2914,T
1-PB2,1539,2906,0,1,0,2907,A
1-PB2,1540,1,2551,0,7,2559,T
1-PB2,1541,9,1,0,2618,2628,C
1-PB2,1542,0,2588,0,0,2588,T
1-PB2,1543,11,4,0,2584,2599,C
1-PB2,1544,7,0,0,2596,2603,C
1-PB2,1545,0,2521,1,1,2523,T
1-PB2,1546,0,5,2522,1,2528,G
1-PB2,1547,2523,1,0,0,2524,A
1-PB2,1548,0,3,2513,0,2516,G
1-PB2,1549,0,3,2511,0,2514,G
1-PB2,1550,2236,0,0,0,2236,A
1-PB2,1551,3,4,2248,0,2255,G
1-PB2,1552,0,1,2227,0,2228,G
1-PB2,1553,1,2149,1,2,2153,T
1-PB2,1554,11,1,0,2144,2156,C
1-PB2,1555,2108,0,1,0,2109,A
1-PB2,1556,1,0,2126,0,2127,G
1-PB2,1557,0,2116,1,2,2119,T
1-PB2,1558,2,5,2110,0,2117,G
1-PB2,1559,2119,0,1,0,2120,A
1-PB2,1560,2043,1,7,0,2051,A
1-PB2,1561,2050,0,4,0,2054,A
1-PB2,1562,1,1,0,2047,2049,C
1-PB2,1563,2027,0,0,0,2027,A
1-PB2,1564,4,0,0,2022,2026,C
1-PB2,1565,1910,1,1,0,1912,A
1-PB2,1566,0,5,1917,1,1923,G
1-PB2,1567,2,6,1915,0,1923,G
1-PB2,1568,0,6,1919,0,1925,G
1-PB2,1569,1913,0,0,0,1913,A
1-PB2,1570,1868,2,3,0,1873,A
1-PB2,1571,5,3,0,1871,1879,C
1-PB2,1572,0,1811,0,0,1811,T
1-PB2,1573,1,5,1808,0,1814,G
1-PB2,1574,1797,0,1,0,1798,A
1-PB2,1575,1,4,1799,0,1804,G
1-PB2,1576,1754,0,3,0,1757,A
1-PB2,1577,0,6,1637,1,1644,G
1-PB2,1578,1631,0,0,0,1631,A
1-PB2,1579,1,0,0,1625,1626,C
1-PB2,1580,1,1535,0,2,1538,T
1-PB2,1581,0,5,1549,0,1554,G
1-PB2,1582,1540,0,0,0,1540,A
1-PB2,1583,1,0,0,1544,1545,C
1-PB2,1584,1535,0,0,0,1535,A
1-PB2,1585,1535,0,0,0,1535,A
1-PB2,1586,0,1528,0,0,1528,T
1-PB2,1587,1517,0,1,0,1518,A
1-PB2,1588,1512,0,1,0,1513,A
1-PB2,1589,0,0,0,1519,1519,C
1-PB2,1590,0,1396,0,1,1397,T
1-PB2,1591,0,1375,0,0,1375,T
1-PB2,1592,1348,0,0,0,1348,A
1-PB2,1593,0,1346,0,1,1347,T
1-PB2,1594,1,1336,0,0,1337,T
1-PB2,1595,2,0,0,1333,1335,C
1-PB2,1596,1235,0,0,1,1236,A
1-PB2,1597,1,1233,1,1,1236,T
1-PB2,1598,7,1,0,1186,1194,C
1-PB2,1599,1,1,1193,0,1195,G
1-PB2,1600,0,1196,0,2,1198,T
1-PB2,1601,7,0,0,1173,1180,C
1-PB2,1602,1,3,1173,0,1177,G
1-PB2,1603,1175,2,1,0,1178,A
1-PB2,1604,0,1175,0,1,1176,T
1-PB2,1605,1,0,1175,0,1176,G
1-PB2,1606,1168,0,0,0,1168,A
1-PB2,1607,0,1157,0,0,1157,T
1-PB2,1608,0,1,1144,0,1145,G
1-PB2,1609,0,1091,0,0,1091,T
1-PB2,1610,2,1,1085,1,1089,G
1-PB2,1611,2,3,1080,0,1085,G
1-PB2,1612,0,3,1078,0,1081,G
1-PB2,1613,1057,0,1,0,1058,A
1-PB2,1614,0,1,1040,0,1041,G
1-PB2,1615,930,0,0,0,930,A
1-PB2,1616,0,886,0,1,887,T
1-PB2,1617,0,834,0,1,835,T
1-PB2,1618,826,0,0,0,826,A
1-PB2,1619,822,0,0,0,822,A
1-PB2,1620,0,1,1,809,811,C
1-PB2,1621,1,2,741,0,744,G
1-PB2,1622,0,2,727,0,729,G
1-PB2,1623,1,592,0,0,593,T
1-PB2,1624,1,0,0,585,586,C
1-PB2,1625,0,0,0,580,580,C
1-PB2,1626,0,507,0,0,507,T
1-PB2,1627,0,1,509,0,510,G
1-PB2,1628,510,0,0,0,510,A
1-PB2,1629,0,0,510,0,510,G
1-PB2,1630,0,511,0,0,511,T
1-PB2,1631,4,0,0,485,489,C
1-PB2,1632,1,0,488,0,489,G
1-PB2,1633,0,1,497,0,498,G
1-PB2,1634,0,496,0,0,496,T
1-PB2,1635,0,495,0,0,495,T
1-PB2,1636,0,497,0,0,497,T
1-PB2,1637,0,493,0,0,493,T
1-PB2,1638,0,3,500,0,503,G
1-PB2,1639,0,0,504,0,504,G
1-PB2,1640,1,504,0,1,506,T
1-PB2,1641,2,0,0,504,506,C
1-PB2,1642,495,0,0,0,495,A
1-PB2,1643,509,0,0,0,509,A
1-PB2,1644,0,508,0,0,508,T
1-PB2,1645,508,1,0,0,509,A
1-PB2,1646,0,0,0,517,517,C
1-PB2,1647,2,0,0,497,499,C
1-PB2,1648,0,495,0,0,495,T
1-PB2,1649,506,0,0,0,506,A
1-PB2,1650,0,509,0,0,509,T
1-PB2,1651,2,0,0,509,511,C
1-PB2,1652,488,0,0,0,488,A
1-PB2,1653,490,0,0,0,490,A
1-PB2,1654,0,489,0,0,489,T
1-PB2,1655,0,0,472,0,472,G
1-PB2,1656,0,1,475,0,476,G
1-PB2,1657,474,0,1,1,476,A
1-PB2,1658,0,466,0,0,466,T
1-PB2,1659,1,0,0,465,466,C
1-PB2,1660,465,2,0,0,467,A
1-PB2,1661,0,467,0,0,467,T
1-PB2,1662,1,0,0,465,466,C
1-PB2,1663,465,0,0,1,466,A
1-PB2,1664,0,0,469,0,469,G
1-PB2,1665,467,0,0,1,468,A
1-PB2,1666,465,0,0,0,465,A
1-PB2,1667,468,1,0,0,469,A
1-PB2,1668,0,472,0,0,472,T
1-PB2,1669,0,464,0,0,464,T
1-PB2,1670,0,2,464,0,466,G
1-PB2,1671,0,0,461,0,461,G
1-PB2,1672,0,0,465,0,465,G
1-PB2,1673,467,0,0,0,467,A
1-PB2,1674,463,0,1,0,464,A
1-PB2,1675,1,0,461,0,462,G
1-PB2,1676,1,0,0,461,462,C
1-PB2,1677,0,462,0,0,462,T
1-PB2,1678,0,0,466,0,466,G
1-PB2,1679,0,465,0,1,466,T
1-PB2,1680,1,1,0,463,465,C
1-PB2,1681,467,0,0,0,467,A
1-PB2,1682,468,0,0,0,468,A
1-PB2,1683,470,0,0,0,470,A
1-PB2,1684,470,0,1,0,471,A
1-PB2,1685,0,473,0,0,473,T
1-PB2,1686,0,470,0,0,470,T
1-PB2,1687,0,1,0,472,473,C
1-PB2,1688,472,0,0,0,472,A
1-PB2,1689,471,1,0,0,472,A
1-PB2,1690,0,472,0,0,472,T
1-PB2,1691,0,1,470,0,471,G
1-PB2,1692,0,1,476,0,477,G
1-PB2,1693,0,481,0,3,484,T
1-PB2,1694,0,0,0,486,486,C
1-PB2,1695,0,485,0,0,485,T
1-PB2,1696,3,0,0,484,487,C
1-PB2,1697,485,1,0,0,486,A
1-PB2,1698,0,0,490,0,490,G
1-PB2,1699,490,0,0,0,490,A
1-PB2,1700,488,0,1,0,489,A
1-PB2,1701,0,486,0,0,486,T
1-PB2,1702,2,0,0,476,478,C
1-PB2,1703,1,0,0,485,486,C
1-PB2,1704,0,483,0,1,484,T
1-PB2,1705,0,0,485,0,485,G
1-PB2,1706,0,1,0,480,481,C
1-PB2,1707,478,0,0,0,478,A
1-PB2,1708,486,0,0,0,486,A
1-PB2,1709,0,480,0,0,480,T
1-PB2,1710,0,0,491,0,491,G
1-PB2,1711,0,494,0,0,494,T
1-PB2,1712,0,484,0,0,484,T
1-PB2,1713,0,0,489,0,489,G
1-PB2,1714,0,488,0,0,488,T
1-PB2,1715,486,0,1,0,487,A
1-PB2,1716,0,0,0,486,486,C
1-PB2,1717,479,0,0,0,479,A
1-PB2,1718,482,1,0,0,483,A
1-PB2,1719,0,0,0,474,474,C
1-PB2,1720,470,0,0,0,470,A
1-PB2,1721,471,0,0,0,471,A
1-PB2,1722,464,0,0,0,464,A
1-PB2,1723,462,0,1,0,463,A
1-PB2,1724,0,462,0,0,462,T
1-PB2,1725,0,0,460,0,460,G
1-PB2,1726,0,1,460,0,461,G
1-PB2,1727,455,0,0,0,455,A
1-PB2,1728,462,0,0,0,462,A
1-PB2,1729,0,461,0,0,461,T
1-PB2,1730,0,460,0,0,460,T
1-PB2,1731,0,459,0,0,459,T
1-PB2,1732,0,1,458,0,459,G
1-PB2,1733,459,1,1,0,461,A
1-PB2,1734,460,0,1,0,461,A
1-PB2,1735,1,0,0,459,460,C
1-PB2,1736,1,0,0,456,457,C
1-PB2,1737,463,0,0,0,463,A
1-PB2,1738,0,467,0,0,467,T
1-PB2,1739,0,467,0,0,467,T
1-PB2,1740,0,466,0,1,467,T
1-PB2,1741,3,0,0,461,464,C
1-PB2,1742,465,0,0,0,465,A
1-PB2,1743,466,0,0,0,466,A
1-PB2,1744,0,466,0,0,466,T
1-PB2,1745,2,0,0,470,472,C
1-PB2,1746,0,469,0,0,469,T
1-PB2,1747,0,469,0,0,469,T
1-PB2,1748,0,470,0,0,470,T
1-PB2,1749,470,0,0,0,470,A
1-PB2,1750,0,0,470,0,470,G
1-PB2,1751,0,471,0,0,471,T
1-PB2,1752,2,0,0,482,484,C
1-PB2,1753,1,0,0,480,481,C
1-PB2,1754,1,0,0,477,478,C
1-PB2,1755,0,0,0,479,479,C
1-PB2,1756,480,0,0,0,480,A
1-PB2,1757,479,0,0,0,479,A
1-PB2,1758,0,1,491,0,492,G
1-PB2,1759,0,0,490,0,490,G
1-PB2,1760,0,0,0,489,489,C
1-PB2,1761,1,0,0,480,481,C
1-PB2,1762,488,0,0,0,488,A
1-PB2,1763,0,496,0,0,496,T
1-PB2,1764,0,498,0,0,498,T
1-PB2,1765,497,0,0,0,497,A
1-PB2,1766,0,1,495,0,496,G
1-PB2,1767,484,0,0,0,484,A
1-PB2,1768,504,0,0,0,504,A
1-PB2,1769,0,0,508,0,508,G
1-PB2,1770,0,0,0,508,508,C
1-PB2,1771,1,0,0,505,506,C
1-PB2,1772,505,0,0,0,505,A
1-PB2,1773,515,0,0,0,515,A
1-PB2,1774,0,519,0,0,519,T
1-PB2,1775,523,0,0,0,523,A
1-PB2,1776,1,0,0,523,524,C
1-PB2,1777,495,0,0,0,495,A
1-PB2,1778,0,1,495,0,496,G
1-PB2,1779,0,492,0,0,492,T
1-PB2,1780,0,7,489,0,496,G
1-PB2,1781,0,5,491,0,496,G
1-PB2,1782,0,1,491,0,492,G
1-PB2,1783,0,484,0,1,485,T
1-PB2,1784,0,480,0,1,481,T
1-PB2,1785,0,481,0,0,481,T
1-PB2,1786,0,0,488,2,490,G
1-PB2,1787,0,483,0,0,483,T
1-PB2,1788,4,0,0,481,485,C
1-PB2,1789,479,0,0,0,479,A
1-PB2,1790,1,1,479,0,481,G
1-PB2,1791,467,0,1,0,468,A
1-PB2,1792,470,0,0,0,470,A
1-PB2,1793,0,0,0,471,471,C
1-PB2,1794,0,456,0,0,456,T
1-PB2,1795,4,0,0,460,464,C
1-PB2,1796,0,467,0,0,467,T
1-PB2,1797,471,0,0,0,471,A
1-PB2,1798,0,471,0,0,471,T
1-PB2,1799,0,469,0,0,469,T
1-PB2,1800,0,0,0,469,469,C
1-PB2,1801,0,0,0,457,457,C
1-PB2,1802,457,0,0,0,457,A
1-PB2,1803,456,0,1,1,458,A
1-PB2,1804,1,0,0,453,454,C
1-PB2,1805,449,0,0,0,449,A
1-PB2,1806,451,0,0,0,451,A
1-PB2,1807,452,0,0,0,452,A
1-PB2,1808,0,454,0,0,454,T
1-PB2,1809,0,0,456,0,456,G
1-PB2,1810,451,0,2,0,453,A
1-PB2,1811,1,2,452,0,455,G
1-PB2,1812,453,0,2,0,455,A
1-PB2,1813,0,1,451,0,452,G
1-PB2,1814,452,0,0,0,452,A
1-PB2,1815,0,0,0,445,445,C
1-PB2,1816,0,1,443,0,444,G
1-PB2,1817,0,447,0,0,447,T
1-PB2,1818,451,0,0,0,451,A
1-PB2,1819,0,0,0,452,452,C
1-PB2,1820,0,447,0,0,447,T
1-PB2,1821,0,448,0,0,448,T
1-PB2,1822,0,4,439,0,443,G
1-PB2,1823,0,0,443,0,443,G
1-PB2,1824,0,2,440,0,442,G
1-PB2,1825,439,0,1,0,440,A
1-PB2,1826,0,0,0,444,444,C
1-PB2,1827,440,0,1,0,441,A
1-PB2,1828,0,444,0,0,444,T
1-PB2,1829,0,444,0,0,444,T
1-PB2,1830,0,447,0,0,447,T
1-PB2,1831,0,2,445,0,447,G
1-PB2,1832,447,0,1,0,448,A
1-PB2,1833,0,1,0,445,446,C
1-PB2,1834,446,0,1,0,447,A
1-PB2,1835,1,0,0,448,449,C
1-PB2,1836,3,0,0,435,438,C
1-PB2,1837,442,0,0,0,442,A
1-PB2,1838,2,0,0,441,443,C
1-PB2,1839,1,0,0,442,443,C
1-PB2,1840,1,0,0,444,445,C
1-PB2,1841,446,0,0,0,446,A
1-PB2,1842,0,1,453,0,454,G
1-PB2,1843,455,0,0,0,455,A
1-PB2,1844,0,462,0,0,462,T
1-PB2,1845,456,0,0,0,456,A
1-PB2,1846,448,0,1,1,450,A
1-PB2,1847,1,451,0,0,452,T
1-PB2,1848,448,0,0,0,448,A
1-PB2,1849,446,0,0,0,446,A
1-PB2,1850,444,0,0,0,444,A
1-PB2,1851,0,0,445,0,445,G
1-PB2,1852,0,0,0,441,441,C
1-PB2,1853,0,426,0,0,426,T
1-PB2,1854,1,423,0,2,426,T
1-PB2,1855,0,0,0,429,429,C
1-PB2,1856,0,427,0,0,427,T
1-PB2,1857,2,0,0,431,433,C
1-PB2,1858,1,0,1,430,432,C
1-PB2,1859,0,0,0,439,439,C
1-PB2,1860,1,434,0,1,436,T
1-PB2,1861,0,438,0,0,438,T
1-PB2,1862,0,440,0,0,440,T
1-PB2,1863,0,439,0,0,439,T
1-PB2,1864,0,0,438,0,438,G
1-PB2,1865,1,1,0,439,441,C
1-PB2,1866,429,0,0,0,429,A
1-PB2,1867,1,1,430,0,432,G
1-PB2,1868,0,0,0,431,431,C
1-PB2,1869,0,433,1,1,435,T
1-PB2,1870,0,0,437,0,437,G
1-PB2,1871,0,0,0,438,438,C
1-PB2,1872,0,439,0,0,439,T
1-PB2,1873,1,0,0,439,440,C
1-PB2,1874,2,0,0,444,446,C
1-PB2,1875,446,0,0,0,446,A
1-PB2,1876,2,1,0,441,444,C
1-PB2,1877,1,1,1,442,445,C
1-PB2,1878,447,0,0,0,447,A
1-PB2,1879,451,0,0,0,451,A
1-PB2,1880,450,0,0,0,450,A
1-PB2,1881,0,0,455,0,455,G
1-PB2,1882,0,1,0,453,454,C
1-PB2,1883,447,0,0,0,447,A
1-PB2,1884,451,0,0,0,451,A
1-PB2,1885,452,0,0,0,452,A
1-PB2,1886,0,0,453,1,454,G
1-PB2,1887,1,0,0,456,457,C
1-PB2,1888,454,0,0,1,455,A
1-PB2,1889,0,3,454,0,457,G
1-PB2,1890,454,0,0,0,454,A
1-PB2,1891,459,0,0,0,459,A
1-PB2,1892,0,460,0,0,460,T
1-PB2,1893,0,0,463,0,463,G
1-PB2,1894,1,0,0,463,464,C
1-PB2,1895,455,0,0,0,455,A
1-PB2,1896,0,0,455,0,455,G
1-PB2,1897,0,457,0,0,457,T
1-PB2,1898,0,466,0,0,466,T
1-PB2,1899,3,0,0,467,470,C
1-PB2,1900,0,461,0,1,462,T
1-PB2,1901,1,0,0,469,470,C
1-PB2,1902,0,470,0,1,471,T
1-PB2,1903,0,471,0,0,471,T
1-PB2,1904,3,0,0,470,473,C
1-PB2,1905,468,0,0,0,468,A
1-PB2,1906,1,0,0,469,470,C
1-PB2,1907,0,459,0,0,459,T
1-PB2,1908,0,1,467,0,468,G
1-PB2,1909,466,1,0,0,467,A
1-PB2,1910,0,0,0,476,476,C
1-PB2,1911,0,469,0,1,470,T
1-PB2,1912,0,0,472,0,472,G
1-PB2,1913,0,471,0,0,471,T
1-PB2,1914,0,0,470,0,470,G
1-PB2,1915,472,1,0,0,473,A
1-PB2,1916,472,0,1,0,473,A
1-PB2,1917,0,472,0,0,472,T
1-PB2,1918,0,0,475,0,475,G
1-PB2,1919,0,459,0,0,459,T
1-PB2,1920,0,0,462,0,462,G
1-PB2,1921,456,0,0,0,456,A
1-PB2,1922,1,2,452,0,455,G
1-PB2,1923,0,1,451,0,452,G
1-PB2,1924,0,1,446,0,447,G
1-PB2,1925,0,0,465,0,465,G
1-PB2,1926,461,0,1,0,462,A
1-PB2,1927,0,461,0,0,461,T
1-PB2,1928,5,0,1,457,463,C
1-PB2,1929,461,0,0,0,461,A
1-PB2,1930,0,1,466,0,467,G
1-PB2,1931,1,2,461,0,464,G
1-PB2,1932,0,1,466,0,467,G
1-PB2,1933,464,0,0,0,464,A
1-PB2,1934,0,442,0,0,442,T
1-PB2,1935,0,1,441,0,442,G
1-PB2,1936,441,0,0,0,441,A
1-PB2,1937,1,1,446,0,448,G
1-PB2,1938,448,0,0,0,448,A
1-PB2,1939,436,0,0,0,436,A
1-PB2,1940,0,435,0,0,435,T
1-PB2,1941,432,0,0,0,432,A
1-PB2,1942,1,0,0,435,436,C
1-PB2,1943,0,434,0,0,434,T
1-PB2,1944,0,436,0,0,436,T
1-PB2,1945,0,0,438,0,438,G
1-PB2,1946,0,425,0,0,425,T
1-PB2,1947,426,0,0,0,426,A
1-PB2,1948,424,0,2,0,426,A
1-PB2,1949,0,0,416,1,417,G
1-PB2,1950,0,1,418,0,419,G
1-PB2,1951,0,0,408,0,408,G
1-PB2,1952,1,1,409,0,411,G
1-PB2,1953,0,2,0,411,413,C
1-PB2,1954,410,0,0,0,410,A
1-PB2,1955,419,0,0,0,419,A
1-PB2,1956,0,421,0,0,421,T
1-PB2,1957,0,421,0,0,421,T
1-PB2,1958,0,0,0,423,423,C
1-PB2,1959,1,417,0,0,418,T
1-PB2,1960,2,0,0,424,426,C
1-PB2,1961,1,0,1,423,425,C
1-PB2,1962,0,425,0,0,425,T
1-PB2,1963,0,2,435,0,437,G
1-PB2,1964,1,427,0,0,428,T
1-PB2,1965,430,0,0,0,430,A
1-PB2,1966,0,433,0,0,433,T
1-PB2,1967,0,426,0,0,426,T
1-PB2,1968,1,0,0,429,430,C
1-PB2,1969,418,0,0,0,418,A
1-PB2,1970,419,0,1,0,420,A
1-PB2,1971,1,0,0,423,424,C
1-PB2,1972,0,421,0,0,421,T
1-PB2,1973,420,0,1,0,421,A
1-PB2,1974,1,0,0,433,434,C
1-PB2,1975,433,0,1,0,434,A
1-PB2,1976,432,0,2,0,434,A
1-PB2,1977,0,2,0,426,428,C
1-PB2,1978,428,0,0,0,428,A
1-PB2,1979,425,0,0,0,425,A
1-PB2,1980,0,3,426,0,429,G
1-PB2,1981,427,0,1,0,428,A
1-PB2,1982,0,0,0,433,433,C
1-PB2,1983,4,0,0,402,406,C
1-PB2,1984,405,0,0,0,405,A
1-PB2,1985,0,0,0,420,420,C
1-PB2,1986,0,419,0,1,420,T
1-PB2,1987,420,0,0,0,420,A
1-PB2,1988,417,0,0,0,417,A
1-PB2,1989,420,0,0,0,420,A
1-PB2,1990,419,0,1,0,420,A
1-PB2,1991,0,0,423,0,423,G
1-PB2,1992,417,1,0,0,418,A
1-PB2,1993,1,0,0,417,418,C
1-PB2,1994,0,407,0,0,407,T
1-PB2,1995,407,0,0,0,407,A
1-PB2,1996,406,0,3,0,409,A
1-PB2,1997,1,0,0,408,409,C
1-PB2,1998,405,0,0,0,405,A
1-PB2,1999,408,0,0,0,408,A
1-PB2,2000,0,402,0,0,402,T
1-PB2,2001,0,400,0,0,400,T
1-PB2,2002,3,0,0,403,406,C
1-PB2,2003,0,406,0,0,406,T
1-PB2,2004,0,1,0,406,407,C
1-PB2,2005,0,4,400,0,404,G
1-PB2,2006,0,1,405,0,406,G
1-PB2,2007,404,0,0,0,404,A
1-PB2,2008,404,0,0,0,404,A
1-PB2,2009,404,0,0,0,404,A
1-PB2,2010,403,0,1,0,404,A
1-PB2,2011,0,0,405,0,405,G
1-PB2,2012,406,0,0,0,406,A
1-PB2,2013,0,404,0,1,405,T
1-PB2,2014,0,0,402,0,402,G
1-PB2,2015,1,0,0,402,403,C
1-PB2,2016,0,0,0,405,405,C
1-PB2,2017,0,1,404,0,405,G
1-PB2,2018,0,0,405,0,405,G
1-PB2,2019,0,0,0,407,407,C
1-PB2,2020,408,0,0,0,408,A
1-PB2,2021,0,1,0,415,416,C
1-PB2,2022,0,410,0,2,412,T
1-PB2,2023,0,414,0,0,414,T
1-PB2,2024,0,413,0,2,415,T
1-PB2,2025,415,0,0,0,415,A
1-PB2,2026,420,0,0,0,420,A
1-PB2,2027,0,420,0,0,420,T
1-PB2,2028,0,418,0,0,418,T
1-PB2,2029,0,3,414,0,417,G
1-PB2,2030,412,0,0,0,412,A
1-PB2,2031,411,0,0,0,411,A
1-PB2,2032,0,1,409,0,410,G
1-PB2,2033,422,0,0,0,422,A
1-PB2,2034,1,0,0,421,422,C
1-PB2,2035,1,1,0,420,422,C
1-PB2,2036,2,0,0,420,422,C
1-PB2,2037,421,0,0,0,421,A
1-PB2,2038,0,0,427,0,427,G
1-PB2,2039,425,0,1,0,426,A
1-PB2,2040,0,427,0,0,427,T
1-PB2,2041,0,1,425,0,426,G
1-PB2,2042,414,0,0,0,414,A
1-PB2,2043,414,0,0,0,414,A
1-PB2,2044,414,0,0,0,414,A
1-PB2,2045,0,1,414,0,415,G
1-PB2,2046,0,0,0,415,415,C
1-PB2,2047,411,0,0,0,411,A
1-PB2,2048,1,0,0,416,417,C
1-PB2,2049,417,0,0,0,417,A
1-PB2,2050,0,417,0,0,417,T
1-PB2,2051,1,0,0,419,420,C
1-PB2,2052,1,1,0,419,421,C
1-PB2,2053,0,1,417,0,418,G
1-PB2,2054,0,1,414,0,415,G
1-PB2,2055,415,0,1,0,416,A
1-PB2,2056,1,0,417,0,418,G
1-PB2,2057,0,405,0,1,406,T
1-PB2,2058,1,2,396,0,399,G
1-PB2,2059,0,1,399,0,400,G
1-PB2,2060,391,0,0,0,391,A
1-PB2,2061,0,0,389,1,390,G
1-PB2,2062,0,386,0,0,386,T
1-PB2,2063,1,0,0,382,383,C
1-PB2,2064,2,0,0,381,383,C
1-PB2,2065,0,0,383,0,383,G
1-PB2,2066,0,0,0,380,380,C
1-PB2,2067,1,0,0,380,381,C
1-PB2,2068,1,0,384,0,385,G
1-PB2,2069,1,383,0,0,384,T
1-PB2,2070,2,0,0,383,385,C
1-PB2,2071,0,384,0,1,385,T
1-PB2,2072,0,383,0,1,384,T
1-PB2,2073,0,4,379,0,383,G
1-PB2,2074,379,0,0,0,379,A
1-PB2,2075,0,2,379,0,381,G
1-PB2,2076,377,0,0,0,377,A
1-PB2,2077,0,4,366,0,370,G
1-PB2,2078,0,2,367,0,369,G
1-PB2,2079,0,0,368,0,368,G
1-PB2,2080,0,368,0,0,368,T
1-PB2,2081,0,366,0,0,366,T
1-PB2,2082,0,373,0,0,373,T
1-PB2,2083,1,0,0,372,373,C
1-PB2,2084,1,372,0,0,373,T
1-PB2,2085,2,0,0,378,380,C
1-PB2,2086,379,0,0,0,379,A
1-PB2,2087,0,376,0,0,376,T
1-PB2,2088,0,372,0,1,373,T
1-PB2,2089,370,0,0,0,370,A
1-PB2,2090,0,371,0,0,371,T
1-PB2,2091,363,1,0,0,364,A
1-PB2,2092,0,4,362,0,366,G
1-PB2,2093,0,0,368,0,368,G
1-PB2,2094,0,349,0,0,349,T
1-PB2,2095,346,0,0,0,346,A
1-PB2,2096,344,0,1,0,345,A
1-PB2,2097,0,1,345,0,346,G
1-PB2,2098,1,0,348,0,349,G
1-PB2,2099,348,0,0,0,348,A
1-PB2,2100,341,0,2,0,343,A
1-PB2,2101,0,4,343,0,347,G
1-PB2,2102,343,0,0,0,343,A
1-PB2,2103,0,0,0,346,346,C
1-PB2,2104,343,0,0,0,343,A
1-PB2,2105,0,0,343,0,343,G
1-PB2,2106,338,0,3,0,341,A
1-PB2,2107,341,0,0,0,341,A
1-PB2,2108,0,1,342,0,343,G
1-PB2,2109,339,0,0,0,339,A
1-PB2,2110,0,338,0,0,338,T
1-PB2,2111,335,1,1,0,337,A
1-PB2,2112,0,0,0,338,338,C
1-PB2,2113,0,1,335,0,336,G
1-PB2,2114,1,0,341,0,342,G
1-PB2,2115,341,0,0,0,341,A
1-PB2,2116,0,1,0,339,340,C
1-PB2,2117,3,0,0,334,337,C
1-PB2,2118,330,0,0,0,330,A
1-PB2,2119,0,0,342,0,342,G
1-PB2,2120,1,0,0,341,342,C
1-PB2,2121,343,0,0,0,343,A
1-PB2,2122,0,341,0,0,341,T
1-PB2,2123,0,331,0,0,331,T
1-PB2,2124,332,0,0,0,332,A
1-PB2,2125,330,0,0,0,330,A
1-PB2,2126,0,0,330,0,330,G
1-PB2,2127,0,0,0,327,327,C
1-PB2,2128,305,0,1,0,306,A
1-PB2,2129,0,311,0,1,312,T
1-PB2,2130,1,0,0,308,309,C
1-PB2,2131,309,1,0,0,310,A
1-PB2,2132,312,0,0,0,312,A
1-PB2,2133,0,311,0,0,311,T
1-PB2,2134,0,1,312,0,313,G
1-PB2,2135,311,0,0,0,311,A
1-PB2,2136,312,0,0,0,312,A
1-PB2,2137,1,0,0,315,316,C
1-PB2,2138,0,295,0,1,296,T
1-PB2,2139,0,1,307,0,308,G
1-PB2,2140,307,0,0,0,307,A
1-PB2,2141,0,0,308,0,308,G
1-PB2,2142,0,307,0,0,307,T
1-PB2,2143,301,0,1,0,302,A
1-PB2,2144,303,0,0,0,303,A
1-PB2,2145,0,0,0,305,305,C
1-PB2,2146,0,0,0,296,296,C
1-PB2,2147,0,299,0,0,299,T
1-PB2,2148,0,289,0,1,290,T
1-PB2,2149,0,0,291,0,291,G
1-PB2,2150,1,0,0,290,291,C
1-PB2,2151,291,0,0,0,291,A
1-PB2,2152,291,0,0,0,291,A
1-PB2,2153,285,0,0,0,285,A
1-PB2,2154,279,0,0,0,279,A
1-PB2,2155,0,2,278,0,280,G
1-PB2,2156,0,1,276,0,277,G
1-PB2,2157,0,0,277,0,277,G
1-PB2,2158,0,0,278,0,278,G
1-PB2,2159,276,0,1,0,277,A
1-PB2,2160,279,0,0,0,279,A
1-PB2,2161,278,0,0,0,278,A
1-PB2,2162,277,0,0,0,277,A
1-PB2,2163,0,1,275,0,276,G
1-PB2,2164,0,0,273,0,273,G
1-PB2,2165,0,0,0,274,274,C
1-PB2,2166,0,270,0,0,270,T
1-PB2,2167,269,0,0,0,269,A
1-PB2,2168,269,0,0,0,269,A
1-PB2,2169,0,268,0,0,268,T
1-PB2,2170,0,0,272,0,272,G
1-PB2,2171,0,266,0,1,267,T
1-PB2,2172,0,0,261,0,261,G
1-PB2,2173,0,0,0,263,263,C
1-PB2,2174,0,260,0,0,260,T
1-PB2,2175,260,0,0,0,260,A
1-PB2,2176,260,0,0,0,260,A
1-PB2,2177,0,259,0,0,259,T
1-PB2,2178,1,0,0,256,257,C
1-PB2,2179,1,0,252,0,253,G
1-PB2,2180,0,0,253,0,253,G
1-PB2,2181,0,0,253,0,253,G
1-PB2,2182,0,0,0,250,250,C
1-PB2,2183,251,0,0,0,251,A
1-PB2,2184,252,0,0,0,252,A
1-PB2,2185,0,1,252,0,253,G
1-PB2,2186,0,0,255,0,255,G
1-PB2,2187,254,0,0,0,254,A
1-PB2,2188,2,1,253,0,256,G
1-PB2,2189,249,0,0,0,249,A
1-PB2,2190,1,0,0,249,250,C
1-PB2,2191,0,0,244,0,244,G
1-PB2,2192,0,244,0,0,244,T
1-PB2,2193,0,2,243,1,246,G
1-PB2,2194,0,0,246,0,246,G
1-PB2,2195,0,238,0,0,238,T
1-PB2,2196,0,0,239,0,239,G
1-PB2,2197,0,229,0,0,229,T
1-PB2,2198,0,228,0,0,228,T
1-PB2,2199,1,1,227,0,229,G
1-PB2,2200,0,0,229,0,229,G
1-PB2,2201,0,227,0,0,227,T
1-PB2,2202,220,0,0,0,220,A
1-PB2,2203,214,0,0,0,214,A
1-PB2,2204,0,203,0,0,203,T
1-PB2,2205,0,1,198,0,199,G
1-PB2,2206,195,0,0,0,195,A
1-PB2,2207,193,0,0,0,193,A
1-PB2,2208,193,0,0,0,193,A
1-PB2,2209,0,0,0,193,193,C
1-PB2,2210,0,0,192,0,192,G
1-PB2,2211,193,0,0,0,193,A
1-PB2,2212,192,0,0,0,192,A
1-PB2,2213,193,0,0,0,193,A
1-PB2,2214,192,0,0,0,192,A
1-PB2,2215,0,0,0,191,191,C
1-PB2,2216,0,2,190,0,192,G
1-PB2,2217,1,1,190,0,192,G
1-PB2,2218,0,0,193,0,193,G
1-PB2,2219,193,0,0,0,193,A
1-PB2,2220,0,0,0,193,193,C
1-PB2,2221,0,190,0,0,190,T
1-PB2,2222,2,0,0,191,193,C
1-PB2,2223,0,192,0,0,192,T
1-PB2,2224,191,0,0,0,191,A
1-PB2,2225,0,0,192,0,192,G
1-PB2,2226,1,0,0,188,189,C
1-PB2,2227,189,0,0,0,189,A
1-PB2,2228,0,184,0,1,185,T
1-PB2,2229,180,0,0,0,180,A
1-PB2,2230,1,0,0,180,181,C
1-PB2,2231,0,163,0,1,164,T
1-PB2,2232,0,163,1,0,164,T
1-PB2,2233,160,0,1,0,161,A
1-PB2,2234,0,0,0,161,161,C
1-PB2,2235,0,159,0,1,160,T
1-PB2,2236,0,0,161,0,161,G
1-PB2,2237,157,0,0,0,157,A
1-PB2,2238,0,0,0,156,156,C
1-PB2,2239,141,0,0,0,141,A
1-PB2,2240,0,0,142,0,142,G
1-PB2,2241,0,0,0,140,140,C
1-PB2,2242,1,0,0,137,138,C
1-PB2,2243,139,0,0,0,139,A
1-PB2,2244,0,0,139,0,139,G
1-PB2,2245,138,0,0,0,138,A
1-PB2,2246,0,0,0,137,137,C
1-PB2,2247,121,0,0,0,121,A
1-PB2,2248,0,0,121,0,121,G
1-PB2,2249,0,0,0,115,115,C
1-PB2,2250,0,1,111,0,112,G
1-PB2,2251,113,0,0,0,113,A
1-PB2,2252,0,0,0,111,111,C
1-PB2,2253,2,0,0,110,112,C
1-PB2,2254,111,0,0,0,111,A
1-PB2,2255,112,0,0,0,112,A
1-PB2,2256,112,0,0,0,112,A
1-PB2,2257,110,0,1,0,111,A
1-PB2,2258,0,0,110,0,110,G
1-PB2,2259,103,0,0,0,103,A
1-PB2,2260,104,0,0,0,104,A
1-PB2,2261,0,104,0,0,104,T
1-PB2,2262,0,104,0,0,104,T
1-PB2,2263,0,0,0,104,104,C
1-PB2,2264,0,0,100,0,100,G
1-PB2,2265,0,0,100,0,100,G
1-PB2,2266,101,0,0,0,101,A
1-PB2,2267,0,100,0,0,100,T
1-PB2,2268,0,0,99,0,99,G
1-PB2,2269,0,0,99,0,99,G
1-PB2,2270,0,1,0,99,100,C
1-PB2,2271,0,0,0,100,100,C
1-PB2,2272,100,0,0,0,100,A
1-PB2,2273,0,98,0,0,98,T
1-PB2,2274,0,0,0,99,99,C
1-PB2,2275,100,0,0,0,100,A
1-PB2,2276,100,0,0,0,100,A
1-PB2,2277,0,97,0,0,97,T
1-PB2,2278,0,88,0,0,88,T
1-PB2,2279,88,0,0,0,88,A
1-PB2,2280,88,0,0,0,88,A
2-PB1,1,290,0,0,0,290,A
2-PB1,2,0,291,0,0,291,T
2-PB1,3,0,0,298,0,298,G
2-PB1,4,0,1,335,0,336,G
2-PB1,5,387,0,0,0,387,A
2-PB1,6,0,417,0,0,417,T
2-PB1,7,0,2,420,0,422,G
2-PB1,8,0,425,0,2,427,T
2-PB1,9,0,0,0,466,466,C
2-PB1,10,470,0,0,0,470,A
2-PB1,11,506,0,0,0,506,A
2-PB1,12,0,507,0,0,507,T
2-PB1,13,2,0,0,515,517,C
2-PB1,14,2,0,0,547,549,C
2-PB1,15,0,8,551,0,559,G
2-PB1,16,624,0,0,1,625,A
2-PB1,17,2,0,0,638,640,C
2-PB1,18,0,638,0,0,638,T
2-PB1,19,2,0,0,742,744,C
2-PB1,20,0,743,0,1,744,T
2-PB1,21,752,0,0,0,752,A
2-PB1,22,1,0,0,754,755,C
2-PB1,23,0,754,0,0,754,T
2-PB1,24,0,1,852,0,853,G
2-PB1,25,0,857,0,1,858,T
2-PB1,26,0,860,0,1,861,T
2-PB1,27,1,0,0,859,860,C
2-PB1,28,6,0,0,851,857,C
2-PB1,29,1,984,0,0,985,T
2-PB1,30,996,0,1,1,998,A
2-PB1,31,998,0,0,1,999,A
2-PB1,32,1005,0,0,0,1005,A
2-PB1,33,0,2,1012,0,1014,G
2-PB1,34,0,4,1022,0,1026,G
2-PB1,35,0,1030,0,4,1034,T
2-PB1,36,0,1033,0,1,1034,T
2-PB1,37,1,0,0,1036,1037,C
2-PB1,38,1,0,0,1037,1038,C
2-PB1,39,1038,0,1,0,1039,A
2-PB1,40,0,1,1050,0,1051,G
2-PB1,41,0,2,0,1051,1053,C
2-PB1,42,1,1,1053,0,1055,G
2-PB1,43,0,0,0,1061,1061,C
2-PB1,44,1057,0,0,2,1059,A
2-PB1,45,1057,0,0,2,1059,A
2-PB1,46,1061,0,0,0,1061,A
2-PB1,47,1071,0,3,0,1074,A
2-PB1,48,0,1081,0,0,1081,T
2-PB1,49,0,3,1126,0,1129,G
2-PB1,50,2,1,0,1130,1133,C
2-PB1,51,2,0,0,1131,1133,C
2-PB1,52,1138,0,0,1,1139,A
2-PB1,53,0,1142,0,1,1143,T
2-PB1,54,1209,0,1,0,1210,A
2-PB1,55,1216,0,0,0,1216,A
2-PB1,56,1,1,1259,0,1261,G
2-PB1,57,0,2,0,1260,1262,C
2-PB1,58,1261,1,0,0,1262,A
2-PB1,59,1,0,0,1307,1308,C
2-PB1,60,1307,0,1,0,1308,A
2-PB1,61,1376,0,0,0,1376,A
2-PB1,62,4,0,0,1380,1384,C
2-PB1,63,1386,0,0,0,1386,A
2-PB1,64,1,1401,0,1,1403,T
2-PB1,65,0,1397,0,0,1397,T
2-PB1,66,3,1,0,1701,1705,C
2-PB1,67,3,0,0,1708,1711,C
2-PB1,68,6,0,0,1722,1728,C
2-PB1,69,0,1749,0,0,1749,T
2-PB1,70,0,1749,0,0,1749,T
2-PB1,71,1922,0,0,0,1922,A
2-PB1,72,0,1932,0,0,1932,T
2-PB1,73,1940,0,1,0,1941,A
2-PB1,74,1,0,0,1961,1962,C
2-PB1,75,1,1915,0,1,1917,T
2-PB1,76,1,7,1923,0,1931,G
2-PB1,77,0,9,1926,0,1935,G
2-PB1,78,1937,0,1,0,1938,A
2-PB1,79,0,5,1950,0,1955,G
2-PB1,80,1940,2,0,1,1943,A
2-PB1,81,0,1946,0,3,1949,T
2-PB1,82,4,0,0,2080,2084,C
2-PB1,83,7,0,0,2088,2095,C
2-PB1,84,0,2100,0,0,2100,T
2-PB1,85,6,1,0,2230,2237,C
2-PB1,86,6,2,0,2225,2233,C
2-PB1,87,2254,0,3,0,2257,A
2-PB1,88,0,2256,0,0,2256,T
2-PB1,89,2254,1,1,0,2256,A
2-PB1,90,3,0,0,2265,2268,C
2-PB1,91,2246,0,0,0,2246,A
2-PB1,92,6,0,2345,0,2351,G
2-PB1,93,3,0,0,2363,2366,C
2-PB1,94,5,0,0,2338,2343,C
2-PB1,95,2345,1,1,0,2347,A
2-PB1,96,0,2344,0,3,2347,T
2-PB1,97,0,10,2343,0,2353,G
2-PB1,98,0,7,2488,0,2495,G
2-PB1,99,2495,1,3,0,2499,A
2-PB1,100,2506,0,1,0,2507,A
2-PB1,101,3,1,0,2509,2513,C
2-PB1,102,2487,0,1,0,2488,A
2-PB1,103,2,9,2550,0,2561,G
2-PB1,104,0,13,2583,0,2596,G
2-PB1,105,2598,0,3,2,2603,A
2-PB1,106,2613,0,2,0,2615,A
2-PB1,107,2,0,0,2627,2629,C
2-PB1,108,2598,0,0,1,2599,A
2-PB1,109,0,14,2939,0,2953,G
2-PB1,110,0,22,2933,0,2955,G
2-PB1,111,3,7,3007,0,3017,G
2-PB1,112,0,3015,0,0,3015,T
2-PB1,113,3025,1,0,0,3026,A
2-PB1,114,5,0,0,3045,3050,C
2-PB1,115,3147,2,3,0,3152,A
2-PB1,116,3,0,0,3257,3260,C
2-PB1,117,22,0,0,3222,3244,C
2-PB1,118,3178,1,3,0,3182,A
2-PB1,119,0,3182,0,1,3183,T
2-PB1,120,0,12,3166,0,3178,G
2-PB1,121,0,14,3184,0,3198,G
2-PB1,122,3184,0,7,0,3191,A
2-PB1,123,4,2,1,3197,3204,C
2-PB1,124,3139,2,1,0,3142,A
2-PB1,125,4,3,0,3185,3192,C
2-PB1,126,3194,0,1,0,3195,A
2-PB1,127,2,1,3275,0,3278,G
2-PB1,128,0,3271,1,4,3276,T
2-PB1,129,18,0,0,3358,3376,C
2-PB1,130,3368,0,1,0,3369,A
2-PB1,131,3391,1,3,0,3395,A
2-PB1,132,1,1,0,3393,3395,C
2-PB1,133,3381,1,1,0,3383,A
2-PB1,134,2,16,3421,0,3439,G
2-PB1,135,3396,1,0,0,3397,A
2-PB1,136,3399,0,1,0,3400,A
2-PB1,137,4,3,0,3395,3402,C
2-PB1,138,3366,1,1,0,3368,A
2-PB1,139,5,0,0,3469,3474,C
2-PB1,140,3464,1,2,0,3467,A
2-PB1,141,7,0,0,3591,3598,C
2-PB1,142,17,1,0,3582,3600,C
2-PB1,143,3586,0,6,0,3592,A
2-PB1,144,3623,1,0,0,3624,A
2-PB1,145,0,3714,0,6,3720,T
2-PB1,146,3834,1,0,0,3835,A
2-PB1,147,0,3830,0,0,3830,T
2-PB1,148,1,3785,0,11,3797,T
2-PB1,149,7,0,0,3797,3804,C
2-PB1,150,3718,2,2,0,3722,A
2-PB1,151,2,17,3705,0,3724,G
2-PB1,152,3701,1,0,0,3702,A
2-PB1,153,0,11,3700,0,3711,G
2-PB1,154,3661,0,1,0,3662,A
2-PB1,155,2,15,3583,0,3600,G
2-PB1,156,1,14,3584,0,3599,G
2-PB1,157,2,14,3720,0,3736,G
2-PB1,158,2,7,3730,0,3739,G
2-PB1,159,0,4,3761,0,3765,G
2-PB1,160,3757,0,4,0,3761,A
2-PB1,161,3762,1,3,0,3766,A
2-PB1,162,0,4,3785,0,3789,G
2-PB1,163,0,3766,0,0,3766,T
2-PB1,164,4,15,3720,0,3739,G
2-PB1,165,0,8,3724,0,3732,G
2-PB1,166,3730,1,2,0,3733,A
2-PB1,167,1,2,0,3744,3747,C
2-PB1,168,1,15,3738,0,3754,G
2-PB1,169,3777,0,0,0,3777,A
2-PB1,170,7,1,0,3813,3821,C
2-PB1,171,3798,1,1,0,3800,A
2-PB1,172,3804,1,0,0,3805,A
2-PB1,173,3823,1,2,0,3826,A
2-PB1,174,0,3882,0,0,3882,T
2-PB1,175,3881,2,1,0,3884,A
2-PB1,176,4,3,0,3895,3902,C
2-PB1,177,3862,1,1,0,3864,A
2-PB1,178,0,6,3885,0,3891,G
2-PB1,179,3878,1,0,0,3879,A
2-PB1,180,3911,0,3,0,3914,A
2-PB1,181,3914,3,0,2,3919,A
2-PB1,182,2,0,0,3911,3913,C
2-PB1,183,1,3860,0,1,3862,T
2-PB1,184,0,14,3844,1,3859,G
2-PB1,185,1,21,3848,0,3870,G
2-PB1,186,1,17,3846,1,3865,G
2-PB1,187,6,4,3858,1,3869,G
2-PB1,188,0,1,0,3875,3876,C
2-PB1,189,3870,0,1,0,3871,A
2-PB1,190,5,1,0,4029,4035,C
2-PB1,191,10,0,0,4008,4018,C
2-PB1,192,19,2,0,3991,4012,C
2-PB1,193,15,1,0,4013,4029,C
2-PB1,194,4028,1,5,2,4036,A
2-PB1,195,4077,1,2,0,4080,A
2-PB1,196,4,0,0,4075,4079,C
2-PB1,197,0,4062,0,3,4065,T
2-PB1,198,13,0,0,4077,4090,C
2-PB1,199,3984,0,1,1,3986,A
2-PB1,200,4029,1,5,0,4035,A
2-PB1,201,8,0,0,4018,4026,C
2-PB1,202,10,0,1,4012,4023,C
2-PB1,203,24,0,1,4021,4046,C
2-PB1,204,4027,1,0,1,4029,A
2-PB1,205,4047,1,1,0,4049,A
2-PB1,206,1,4051,0,0,4052,T
2-PB1,207,2,4055,0,0,4057,T
2-PB1,208,1,15,4046,0,4062,G
2-PB1,209,4023,0,5,2,4030,A
2-PB1,210,1,4034,0,1,4036,T
2-PB1,211,1,13,4023,0,4037,G
2-PB1,212,0,15,4074,0,4089,G
2-PB1,213,4119,0,6,0,4125,A
2-PB1,214,5,0,0,4147,4152,C
2-PB1,215,20,3,0,4112,4135,C
2-PB1,216,4127,0,5,0,4132,A
2-PB1,217,3,0,0,4240,4243,C
2-PB1,218,1,4231,1,1,4234,T
2-PB1,219,4274,2,3,0,4279,A
2-PB1,220,7,2,0,4304,4313,C
2-PB1,221,12,1,1,4265,4279,C
2-PB1,222,0,4227,0,2,4229,T
2-PB1,223,1,3,4245,0,4249,G
2-PB1,224,4230,1,2,0,4233,A
2-PB1,225,0,17,4249,0,4266,G
2-PB1,226,18,13,4218,0,4249,G
2-PB1,227,4240,1,8,0,4249,A
2-PB1,228,0,4223,0,1,4224,T
2-PB1,229,4162,1,1,0,4164,A
2-PB1,230,4162,2,1,0,4165,A
2-PB1,231,0,4163,0,2,4165,T
2-PB1,232,0,16,4143,0,4159,G
2-PB1,233,4152,0,2,0,4154,A
2-PB1,234,4117,0,4,1,4122,A
2-PB1,235,5,0,0,4130,4135,C
2-PB1,236,13,0,0,4066,4079,C
2-PB1,237,4098,1,0,0,4099,A
2-PB1,238,4108,0,2,1,4111,A
2-PB1,239,1,5,4126,0,4132,G
2-PB1,240,0,4134,0,0,4134,T
2-PB1,241,2,12,4120,1,4135,G
2-PB1,242,2,10,4187,0,4199,G
2-PB1,243,4198,1,3,0,4202,A
2-PB1,244,1,4175,0,3,4179,T
2-PB1,245,4191,1,0,0,4192,A
2-PB1,246,1,4260,0,1,4262,T
2-PB1,247,1,4,4278,0,4283,G
2-PB1,248,2,1,0,4268,4271,C
2-PB1,249,4267,1,1,0,4269,A
2-PB1,250,5,1,0,4370,4376,C
2-PB1,251,4326,1,0,0,4327,A
2-PB1,252,4422,0,0,0,4422,A
2-PB1,253,4427,0,2,1,4430,A
2-PB1,254,5,0,0,4438,4443,C
2-PB1,255,4346,1,1,0,4348,A
2-PB1,256,2,23,4400,0,4425,G
2-PB1,257,4411,1,4,1,4417,A
2-PB1,258,2,1,0,4420,4423,C
2-PB1,259,1,4329,0,2,4332,T
2-PB1,260,0,4,4425,0,4429,G
2-PB1,261,0,4379,0,1,4380,T
2-PB1,262,2,2,4551,0,4555,G
2-PB1,263,1,4547,0,2,4550,T
2-PB1,264,17,0,1,4545,4563,C
2-PB1,265,11,0,1,4537,4549,C
2-PB1,266,0,4519,0,2,4521,T
2-PB1,267,1,11,4506,0,4518,G
2-PB1,268,0,12,4507,0,4519,G
2-PB1,269,4439,1,6,0,4446,A
2-PB1,270,0,9,4501,0,4510,G
2-PB1,271,2,5,4403,0,4410,G
2-PB1,272,5,0,0,4411,4416,C
2-PB1,273,1,4381,0,2,4384,T
2-PB1,274,4403,0,1,0,4404,A
2-PB1,275,1,4395,0,6,4402,T
2-PB1,276,0,8,4383,0,4391,G
2-PB1,277,4,0,4392,0,4396,G
2-PB1,278,3,1,0,4389,4393,C
2-PB1,279,10,2,0,4329,4341,C
2-PB1,280,0,4291,1,5,4297,T
2-PB1,281,1,4505,0,0,4506,T
2-PB1,282,13,1,1,4495,4510,C
2-PB1,283,8,2,0,4515,4525,C
2-PB1,284,0,4515,0,3,4518,T
2-PB1,285,1,4519,0,0,4520,T
2-PB1,286,0,14,4520,0,4534,G
2-PB1,287,4521,2,2,0,4525,A
2-PB1,288,4520,3,0,0,4523,A
2-PB1,289,0,11,4521,1,4533,G
2-PB1,290,4354,0,0,0,4354,A
2-PB1,291,4393,1,9,0,4403,A
2-PB1,292,0,4394,0,0,4394,T
2-PB1,293,14,2,0,4390,4406,C
2-PB1,294,13,1,0,4396,4410,C
2-PB1,295,15,1,0,4384,4400,C
2-PB1,296,4409,0,3,0,4412,A
2-PB1,297,11,1,0,4432,4444,C
2-PB1,298,14,0,1,4427,4442,C
2-PB1,299,9,1,0,4439,4449,C
2-PB1,300,4388,0,4,0,4392,A
2-PB1,301,1,9,4421,0,4431,G
2-PB1,302,3,3,4431,0,4437,G
2-PB1,303,1,4423,0,2,4426,T
2-PB1,304,4466,0,2,0,4468,A
2-PB1,305,1,4453,0,2,4456,T
2-PB1,306,2,0,0,4455,4457,C
2-PB1,307,0,4444,0,2,4446,T
2-PB1,308,0,4450,0,2,4452,T
2-PB1,309,0,4435,0,1,4436,T
2-PB1,310,1,18,4411,0,4430,G
2-PB1,311,4391,1,1,0,4393,A
2-PB1,312,0,13,4389,0,4402,G
2-PB1,313,4340,0,26,0,4366,A
2-PB1,314,4382,1,0,0,4383,A
2-PB1,315,2,1,0,4410,4413,C
2-PB1,316,3,4367,0,2,4372,T
2-PB1,317,19,0,0,4348,4367,C
2-PB1,318,4358,0,3,0,4361,A
2-PB1,319,2,4353,0,5,4360,T
2-PB1,320,1,3,4368,1,4373,G
2-PB1,321,3,0,0,4449,4452,C
2-PB1,322,14,2,0,4439,4455,C
2-PB1,323,1,4437,0,1,4439,T
2-PB1,324,1,4404,0,4,4409,T
2-PB1,325,1,14,4416,0,4431,G
2-PB1,326,4449,0,4,0,4453,A
2-PB1,327,4451,0,1,0,4452,A
2-PB1,328,4450,1,2,1,4454,A
2-PB1,329,3,1,0,4490,4494,C
2-PB1,330,4388,0,0,1,4389,A
2-PB1,331,4408,1,1,0,4410,A
2-PB1,332,1,4407,0,0,4408,T
2-PB1,333,2,11,4388,0,4401,G
2-PB1,334,2,5,4391,0,4398,G
2-PB1,335,4360,3,2,0,4365,A
2-PB1,336,4350,0,5,0,4355,A
2-PB1,337,0,1,4362,0,4363,G
2-PB1,338,3,1,0,4371,4375,C
2-PB1,339,25,1,0,4319,4345,C
2-PB1,340,3,2,4383,1,4389,G
2-PB1,341,1,4379,0,0,4380,T
2-PB1,342,2,4377,0,3,4382,T
2-PB1,343,27,2,1,4381,4411,C
2-PB1,344,4408,0,2,0,4410,A
2-PB1,345,4458,1,4,0,4463,A
2-PB1,346,3,3,0,4466,4472,C
2-PB1,347,4457,0,1,0,4458,A
2-PB1,348,0,11,4488,0,4499,G
2-PB1,349,4435,1,8,0,4444,A
2-PB1,350,4,0,1,4447,4452,C
2-PB1,351,4443,1,2,0,4446,A
2-PB1,352,4463,0,5,1,4469,A
2-PB1,353,1,24,4474,0,4499,G
2-PB1,354,0,15,4427,0,4442,G
2-PB1,355,1,6,4452,0,4459,G
2-PB1,356,2,4380,1,2,4385,T
2-PB1,357,2,18,4368,0,4388,G
2-PB1,358,0,7,4368,1,4376,G
2-PB1,359,4365,3,7,1,4376,A
2-PB1,360,0,2,1,4384,4387,C
2-PB1,361,4294,0,1,0,4295,A
2-PB1,362,4342,1,3,0,4346,A
2-PB1,363,4342,1,1,1,4345,A
2-PB1,364,2,0,0,4356,4358,C
2-PB1,365,0,4324,0,2,4326,T
2-PB1,366,4328,0,0,0,4328,A
2-PB1,367,4363,0,0,0,4363,A
2-PB1,368,3,0,0,4360,4363,C
2-PB1,369,10,0,1,4354,4365,C
2-PB1,370,30,1,0,4318,4349,C
2-PB1,371,4254,2,1,0,4257,A
2-PB1,372,4257,0,1,0,4258,A
2-PB1,373,0,3,4251,0,4254,G
2-PB1,374,1,7,4271,1,4280,G
2-PB1,375,1,4269,0,4,4274,T
2-PB1,376,13,1,2,4234,4250,C
2-PB1,377,3,2,4236,0,4241,G
2-PB1,378,4,2,0,4223,4229,C
2-PB1,379,8,0,0,4242,4250,C
2-PB1,380,4248,0,1,0,4249,A
2-PB1,381,1,16,4307,0,4324,G
2-PB1,382,4374,0,4,0,4378,A
2-PB1,383,1,0,0,4383,4384,C
2-PB1,384,0,4354,0,2,4356,T
2-PB1,385,0,4349,0,0,4349,T
2-PB1,386,4344,1,3,0,4348,A
2-PB1,387,3,4362,1,3,4369,T
2-PB1,388,0,15,4361,0,4376,G
2-PB1,389,4362,0,2,0,4364,A
2-PB1,390,1,4293,1,1,4296,T
2-PB1,391,1,4159,1,2,4163,T
2-PB1,392,3,7,4136,0,4146,G
2-PB1,393,2,13,4137,0,4152,G
2-PB1,394,4173,1,6,0,4180,A
2-PB1,395,3,0,0,4178,4181,C
2-PB1,396,4140,0,1,0,4141,A
2-PB1,397,1,4119,0,0,4120,T
2-PB1,398,1,4152,0,2,4155,T
2-PB1,399,4178,1,0,0,4179,A
2-PB1,400,4167,0,1,0,4168,A
2-PB1,401,4171,2,7,0,4180,A
2-PB1,402,2,1,0,4179,4182,C
2-PB1,403,4115,1,0,0,4116,A
2-PB1,404,0,9,4152,0,4161,G
2-PB1,405,4144,0,1,0,4145,A
2-PB1,406,4143,0,2,0,4145,A
2-PB1,407,4148,0,3,1,4152,A
2-PB1,408,1,4125,0,0,4126,T
2-PB1,409,18,13,0,4097,4128,C
2-PB1,410,4110,0,1,0,4111,A
2-PB1,411,4109,0,7,0,4116,A
2-PB1,412,5,0,0,4104,4109,C
2-PB1,413,12,3,0,4061,4076,C
2-PB1,414,0,13,4073,1,4087,G
2-PB1,415,0,1,4077,0,4078,G
2-PB1,416,1,1,0,4081,4083,C
2-PB1,417,4083,1,3,0,4087,A
2-PB1,418,1,2,4090,0,4093,G
2-PB1,419,1,0,0,4120,4121,C
2-PB1,420,4115,1,2,0,4118,A
2-PB1,421,4124,1,1,0,4126,A
2-PB1,422,2,0,0,4124,4126,C
2-PB1,423,0,4093,0,0,4093,T
2-PB1,424,7,5,4236,0,4248,G
2-PB1,425,4,0,2,4233,4239,C
2-PB1,426,4238,0,1,0,4239,A
2-PB1,427,0,4249,0,0,4249,T
2-PB1,428,0,4205,0,0,4205,T
2-PB1,429,4411,0,2,0,4413,A
2-PB1,430,0,1,4429,0,4430,G
2-PB1,431,6,3,0,4397,4406,C
2-PB1,432,14,2,0,4401,4417,C
2-PB1,433,4279,2,2,0,4283,A
2-PB1,434,4316,1,3,0,4320,A
2-PB1,435,4,1,0,4328,4333,C
2-PB1,436,4332,0,0,0,4332,A
2-PB1,437,5,0,0,4446,4451,C
2-PB1,438,21,1,1,4177,4200,C
2-PB1,439,4195,0,2,0,4197,A
2-PB1,440,0,4194,1,1,4196,T
2-PB1,441,4186,0,3,0,4189,A
2-PB1,442,0,7,4193,0,4200,G
2-PB1,443,4174,0,2,0,4176,A
2-PB1,444,4124,0,2,0,4126,A
2-PB1,445,0,3,4155,0,4158,G
2-PB1,446,0,4009,0,2,4011,T
2-PB1,447,0,4013,1,1,4015,T
2-PB1,448,0,3994,3,1,3998,T
2-PB1,449,1,3997,1,16,4015,T
2-PB1,450,0,4019,0,0,4019,T
2-PB1,451,4007,3,0,0,4010,A
2-PB1,452,0,13,3995,0,4008,G
2-PB1,453,3999,0,3,0,4002,A
2-PB1,454,2,3976,0,2,3980,T
2-PB1,455,13,1,0,3926,3940,C
2-PB1,456,0,19,3931,1,3951,G
2-PB1,457,3955,0,0,1,3956,A
2-PB1,458,3955,1,1,0,3957,A
2-PB1,459,2,0,0,3964,3966,C
2-PB1,460,3,15,3950,0,3968,G
2-PB1,461,0,13,4097,0,4110,G
2-PB1,462,4119,0,2,0,4121,A
2-PB1,463,0,4114,0,1,4115,T
2-PB1,464,1,4115,0,1,4117,T
2-PB1,465,4110,0,3,0,4113,A
2-PB1,466,4107,1,5,0,4113,A
2-PB1,467,7,0,1,4124,4132,C
2-PB1,468,4099,0,2,0,4101,A
2-PB1,469,1,1,4134,0,4136,G
2-PB1,470,3,0,0,3979,3982,C
2-PB1,471,0,3983,0,0,3983,T
2-PB1,472,3987,0,4,0,3991,A
2-PB1,473,3988,0,2,0,3990,A
2-PB1,474,0,3985,0,2,3987,T
2-PB1,475,3,17,4000,1,4021,G
2-PB1,476,3985,1,1,0,3987,A
2-PB1,477,4000,1,2,0,4003,A
2-PB1,478,0,3937,0,0,3937,T
2-PB1,479,22,1,0,3930,3953,C
2-PB1,480,3930,2,5,1,3938,A
2-PB1,481,1,14,3922,1,3938,G
2-PB1,482,1,12,3929,0,3942,G
2-PB1,483,3932,3,2,0,3937,A
2-PB1,484,3878,0,4,1,3883,A
2-PB1,485,13,7,4021,0,4041,G
2-PB1,486,10,2,4045,0,4057,G
2-PB1,487,6,1,1,4048,4056,C
2-PB1,488,1,4033,0,1,4035,T
2-PB1,489,4033,0,3,0,4036,A
2-PB1,490,4027,0,5,1,4033,A
2-PB1,491,0,4045,0,0,4045,T
2-PB1,492,4051,0,1,0,4052,A
2-PB1,493,1,17,4050,0,4068,G
2-PB1,494,3845,0,0,0,3845,A
2-PB1,495,0,3818,0,0,3818,T
2-PB1,496,0,3801,1,4,3806,T
2-PB1,497,2,3803,0,0,3805,T
2-PB1,498,10,2,0,3909,3921,C
2-PB1,499,9,0,0,3914,3923,C
2-PB1,500,1,3922,0,1,3924,T
2-PB1,501,12,1,0,3912,3925,C
2-PB1,502,3924,1,1,2,3928,A
2-PB1,503,3938,0,0,0,3938,A
2-PB1,504,0,15,3935,0,3950,G
2-PB1,505,0,6,3982,0,3988,G
2-PB1,506,3979,0,0,0,3979,A
2-PB1,507,1,3853,0,1,3855,T
2-PB1,508,2,2,3876,0,3880,G
2-PB1,509,1,3870,0,1,3872,T
2-PB1,510,2,17,3879,1,3899,G
2-PB1,511,3891,0,8,0,3899,A
2-PB1,512,0,3876,0,1,3877,T
2-PB1,513,4,11,3851,1,3867,G
2-PB1,514,13,10,3831,0,3854,G
2-PB1,515,3839,0,9,0,3848,A
2-PB1,516,3851,0,2,0,3853,A
2-PB1,517,0,3797,0,1,3798,T
2-PB1,518,9,1,0,3788,3798,C
2-PB1,519,3755,0,0,0,3755,A
2-PB1,520,3760,1,0,0,3761,A
2-PB1,521,1,3761,0,1,3763,T
2-PB1,522,0,8,3797,0,3805,G
2-PB1,523,2,10,3806,0,3818,G
2-PB1,524,3804,0,6,0,3810,A
2-PB1,525,1,3812,0,2,3815,T
2-PB1,526,3805,0,1,0,3806,A
2-PB1,527,3808,1,0,0,3809,A
2-PB1,528,3788,0,1,0,3789,A
2-PB1,529,0,11,3809,0,3820,G
2-PB1,530,3784,0,3,0,3787,A
2-PB1,531,1,6,3755,0,3762,G
2-PB1,532,0,4,3743,0,3747,G
2-PB1,533,3727,1,1,0,3729,A
2-PB1,534,3730,1,1,0,3732,A
2-PB1,535,3731,0,0,0,3731,A
2-PB1,536,0,3723,0,6,3729,T
2-PB1,537,0,10,3759,0,3769,G
2-PB1,538,0,13,3742,0,3755,G
2-PB1,539,3710,0,5,0,3715,A
2-PB1,540,0,8,3747,0,3755,G
2-PB1,541,3706,0,2,0,3708,A
2-PB1,542,0,3764,0,1,3765,T
2-PB1,543,3757,0,4,0,3761,A
2-PB1,544,3789,0,3,0,3792,A
2-PB1,545,6,0,1,3802,3809,C
2-PB1,546,3722,0,2,0,3724,A
2-PB1,547,3731,1,1,0,3733,A
2-PB1,548,2,1,0,3723,3726,C
2-PB1,549,3693,1,3,0,3697,A
2-PB1,550,4,1,0,3694,3699,C
2-PB1,551,3631,1,2,0,3634,A
2-PB1,552,2,0,0,3666,3668,C
2-PB1,553,1,3604,1,3,3609,T
2-PB1,554,0,3606,0,0,3606,T
2-PB1,555,0,3606,0,6,3612,T
2-PB1,556,18,1,1,3584,3604,C
2-PB1,557,3602,1,4,0,3607,A
2-PB1,558,3610,2,1,0,3613,A
2-PB1,559,3619,0,2,0,3621,A
2-PB1,560,0,15,3661,0,3676,G
2-PB1,561,3616,0,3,1,3620,A
2-PB1,562,3623,0,1,1,3625,A
2-PB1,563,3625,0,1,0,3626,A
2-PB1,564,3635,0,3,0,3638,A
2-PB1,565,3624,1,7,0,3632,A
2-PB1,566,0,8,3632,0,3640,G
2-PB1,567,0,12,3626,0,3638,G
2-PB1,568,3582,0,2,0,3584,A
2-PB1,569,0,9,3634,0,3643,G
2-PB1,570,3623,0,8,0,3631,A
2-PB1,571,2,1,3748,1,3752,G
2-PB1,572,0,3736,0,0,3736,T
2-PB1,573,3739,0,1,0,3740,A
2-PB1,574,3739,0,3,0,3742,A
2-PB1,575,1,14,3724,1,3740,G
2-PB1,576,1,20,3729,0,3750,G
2-PB1,577,0,11,3745,0,3756,G
2-PB1,578,3672,0,3,0,3675,A
2-PB1,579,4,2,0,3696,3702,C
2-PB1,580,3567,0,4,0,3571,A
2-PB1,581,3574,1,2,0,3577,A
2-PB1,582,2,3,0,3565,3570,C
2-PB1,583,3554,0,2,8,3564,A
2-PB1,584,0,3537,0,1,3538,T
2-PB1,585,0,25,3493,0,3518,G
2-PB1,586,3521,0,7,0,3528,A
2-PB1,587,4,0,0,3523,3527,C
2-PB1,588,15,0,1,3447,3463,C
2-PB1,589,3465,1,0,0,3466,A
2-PB1,590,3474,0,3,0,3477,A
2-PB1,591,0,5,3484,0,3489,G
2-PB1,592,3496,0,1,0,3497,A
2-PB1,593,3491,0,1,0,3492,A
2-PB1,594,3473,0,1,0,3474,A
2-PB1,595,3465,0,3,1,3469,A
2-PB1,596,0,3471,0,0,3471,T
2-PB1,597,2,14,3448,0,3464,G
2-PB1,598,1,5,3467,0,3473,G
2-PB1,599,1,3406,0,4,3411,T
2-PB1,600,19,1,1,3329,3350,C
2-PB1,601,3370,0,1,0,3371,A
2-PB1,602,4,0,0,3597,3601,C
2-PB1,603,3653,2,0,0,3655,A
2-PB1,604,3,1,0,3673,3677,C
2-PB1,605,3661,1,0,1,3663,A
2-PB1,606,3797,0,1,0,3798,A
2-PB1,607,3758,1,7,0,3766,A
2-PB1,608,3,18,4046,1,4068,G
2-PB1,609,4067,0,2,0,4069,A
2-PB1,610,4078,3,4,0,4085,A
2-PB1,611,4,0,0,4221,4225,C
2-PB1,612,4132,0,1,0,4133,A
2-PB1,613,4162,0,3,0,4165,A
2-PB1,614,0,4157,0,0,4157,T
2-PB1,615,4083,1,9,0,4093,A
2-PB1,616,0,22,4071,0,4093,G
2-PB1,617,1,17,3963,0,3981,G
2-PB1,618,1,8,3976,0,3985,G
2-PB1,619,3970,5,5,0,3980,A
2-PB1,620,3913,1,1,0,3915,A
2-PB1,621,0,18,3933,0,3951,G
2-PB1,622,3937,1,0,0,3938,A
2-PB1,623,3947,2,2,0,3951,A
2-PB1,624,3962,1,0,0,3963,A
2-PB1,625,3987,1,2,0,3990,A
2-PB1,626,4085,0,3,0,4088,A
2-PB1,627,4091,0,3,1,4095,A
2-PB1,628,4,0,0,4111,4115,C
2-PB1,629,4099,0,0,0,4099,A
2-PB1,630,4093,2,2,1,4098,A
2-PB1,631,4075,0,4,1,4080,A
2-PB1,632,1,16,4128,1,4146,G
2-PB1,633,4140,0,3,0,4143,A
2-PB1,634,0,5,4241,0,4246,G
2-PB1,635,1,4202,0,3,4206,T
2-PB1,636,2,20,4410,0,4432,G
2-PB1,637,4430,1,6,0,4437,A
2-PB1,638,4449,0,6,1,4456,A
2-PB1,639,0,4549,0,2,4551,T
2-PB1,640,4587,0,0,0,4587,A
2-PB1,641,4574,0,1,0,4575,A
2-PB1,642,1,14,4557,0,4572,G
2-PB1,643,4513,1,3,0,4517,A
2-PB1,644,4390,0,2,0,4392,A
2-PB1,645,4452,3,3,1,4459,A
2-PB1,646,2,10,4503,0,4515,G
2-PB1,647,0,3,4521,0,4524,G
2-PB1,648,3,0,0,4510,4513,C
2-PB1,649,0,4500,0,3,4503,T
2-PB1,650,4641,0,1,1,4643,A
2-PB1,651,4,2,2,4901,4909,C
2-PB1,652,22,0,0,4898,4920,C
2-PB1,653,2,4963,0,0,4965,T
2-PB1,654,5200,0,0,0,5200,A
2-PB1,655,5184,0,2,2,5188,A
2-PB1,656,1,5187,0,0,5188,T
2-PB1,657,5176,1,1,1,5179,A
2-PB1,658,5167,0,3,1,5171,A
2-PB1,659,0,24,5183,1,5208,G
2-PB1,660,5060,1,9,0,5070,A
2-PB1,661,2,3,5127,0,5132,G
2-PB1,662,5,1,0,5166,5172,C
2-PB1,663,0,5105,0,3,5108,T
2-PB1,664,1,5127,0,4,5132,T
2-PB1,665,2,5131,0,4,5137,T
2-PB1,666,3,34,5110,0,5147,G
2-PB1,667,5241,1,1,0,5243,A
2-PB1,668,2,4,1,5258,5265,C
2-PB1,669,5235,0,2,0,5237,A
2-PB1,670,2,5221,2,3,5228,T
2-PB1,671,0,5205,0,3,5208,T
2-PB1,672,1,31,5292,2,5326,G
2-PB1,673,5324,1,1,0,5326,A
2-PB1,674,5330,0,4,0,5334,A
2-PB1,675,3,0,0,5347,5350,C
2-PB1,676,5319,1,2,0,5322,A
2-PB1,677,3,4,0,5331,5338,C
2-PB1,678,1,18,5312,0,5331,G
2-PB1,679,5371,0,3,0,5374,A
2-PB1,680,0,5376,2,1,5379,T
2-PB1,681,2,37,5482,0,5521,G
2-PB1,682,5531,0,3,0,5534,A
2-PB1,683,4,2,1,5548,5555,C
2-PB1,684,24,4,1,5521,5550,C
2-PB1,685,5555,0,2,0,5557,A
2-PB1,686,5627,1,2,1,5631,A
2-PB1,687,5640,0,4,0,5644,A
2-PB1,688,1,12,5746,2,5761,G
2-PB1,689,5827,0,1,1,5829,A
2-PB1,690,0,5749,0,2,5751,T
2-PB1,691,1,5,5767,0,5773,G
2-PB1,692,7,4,0,5744,5755,C
2-PB1,693,5742,0,7,0,5749,A
2-PB1,694,0,20,5783,1,5804,G
2-PB1,695,5729,0,3,1,5733,A
2-PB1,696,0,25,5730,0,5755,G
2-PB1,697,5602,1,4,1,5608,A
2-PB1,698,1,12,5556,0,5569,G
2-PB1,699,5524,0,10,0,5534,A
2-PB1,700,3,16,5510,0,5529,G
2-PB1,701,2,1,5527,1,5531,G
2-PB1,702,4,0,1,5523,5528,C
2-PB1,703,5498,0,2,0,5500,A
2-PB1,704,5514,1,1,1,5517,A
2-PB1,705,5555,0,2,0,5557,A
2-PB1,706,1,5579,1,2,5583,T
2-PB1,707,0,5574,0,0,5574,T
2-PB1,708,5576,2,1,0,5579,A
2-PB1,709,5574,0,1,1,5576,A
2-PB1,710,5578,0,4,1,5583,A
2-PB1,711,5595,1,1,6,5603,A
2-PB1,712,5608,0,4,1,5613,A
2-PB1,713,0,14,5619,0,5633,G
2-PB1,714,5575,0,1,0,5576,A
2-PB1,715,5552,1,8,0,5561,A
2-PB1,716,0,26,5627,0,5653,G
2-PB1,717,0,13,5738,0,5751,G
2-PB1,718,4,3,5747,0,5754,G
2-PB1,719,6,1,0,5788,5795,C
2-PB1,720,1,5772,2,2,5777,T
2-PB1,721,5851,1,0,0,5852,A
2-PB1,722,1,5914,0,2,5917,T
2-PB1,723,3,5920,0,10,5933,T
2-PB1,724,2,4,5982,1,5989,G
2-PB1,725,5,2,2,5928,5937,C
2-PB1,726,5821,1,6,1,5829,A
2-PB1,727,5849,0,4,1,5854,A
2-PB1,728,9,4,0,5850,5863,C
2-PB1,729,5872,4,3,0,5879,A
2-PB1,730,8,2,0,5876,5886,C
2-PB1,731,13,4,0,5770,5787,C
2-PB1,732,22,4,1,5764,5791,C
2-PB1,733,13,33,5734,0,5780,G
2-PB1,734,2,20,5804,0,5826,G
2-PB1,735,0,13,5817,0,5830,G
2-PB1,736,5852,0,5,1,5858,A
2-PB1,737,0,5814,0,2,5816,T
2-PB1,738,2,5,5829,0,5836,G
2-PB1,739,3,6,0,5798,5807,C
2-PB1,740,5879,0,4,0,5883,A
2-PB1,741,5965,0,1,0,5966,A
2-PB1,742,6025,1,5,0,6031,A
2-PB1,743,0,6056,0,1,6057,T
2-PB1,744,0,6060,0,0,6060,T
2-PB1,745,6013,0,1,0,6014,A
2-PB1,746,0,23,5999,0,6022,G
2-PB1,747,5974,0,15,1,5990,A
2-PB1,748,2,28,5991,0,6021,G
2-PB1,749,3,36,5909,0,5948,G
2-PB1,750,1,9,6092,0,6102,G
2-PB1,751,2,6077,0,5,6084,T
2-PB1,752,1,6075,0,3,6079,T
2-PB1,753,29,1,1,6059,6090,C
2-PB1,754,9,5,6161,1,6176,G
2-PB1,755,0,6162,2,9,6173,T
2-PB1,756,2,4,6182,0,6188,G
2-PB1,757,0,6175,0,4,6179,T
2-PB1,758,6149,1,0,0,6150,A
2-PB1,759,3,1,0,6141,6145,C
2-PB1,760,0,5866,2,9,5877,T
2-PB1,761,0,5905,1,0,5906,T
2-PB1,762,22,3,0,5870,5895,C
2-PB1,763,16,4,5835,0,5855,G
2-PB1,764,2,5847,0,3,5852,T
2-PB1,765,1,5830,1,6,5838,T
2-PB1,766,0,25,5812,0,5837,G
2-PB1,767,5830,1,1,2,5834,A
2-PB1,768,5813,0,8,0,5821,A
2-PB1,769,5860,0,3,0,5863,A
2-PB1,770,3,0,0,5888,5891,C
2-PB1,771,1,5837,0,5,5843,T
2-PB1,772,0,5821,0,2,5823,T
2-PB1,773,0,5829,0,0,5829,T
2-PB1,774,5921,0,5,0,5926,A
2-PB1,775,2,1,5950,0,5953,G
2-PB1,776,2,1,0,5960,5963,C
2-PB1,777,1,5952,0,5,5958,T
2-PB1,778,5917,2,0,0,5919,A
2-PB1,779,1,19,5884,0,5904,G
2-PB1,780,5895,1,3,1,5900,A
2-PB1,781,5897,0,6,0,5903,A
2-PB1,782,1,3,5915,0,5919,G
2-PB1,783,5,3,1,5833,5842,C
2-PB1,784,5828,0,3,1,5832,A
2-PB1,785,0,5797,0,3,5800,T
2-PB1,786,1,5794,0,1,5796,T
2-PB1,787,0,5805,1,2,5808,T
2-PB1,788,3,9,5800,0,5812,G
2-PB1,789,5,3,0,5806,5814,C
2-PB1,790,6,18,5789,0,5813,G
2-PB1,791,5799,1,1,0,5801,A
2-PB1,792,5782,0,0,0,5782,A
2-PB1,793,5792,0,2,0,5794,A
2-PB1,794,5953,1,5,0,5959,A
2-PB1,795,0,4,6031,0,6035,G
2-PB1,796,2,2,0,6034,6038,C
2-PB1,797,1,6029,0,0,6030,T
2-PB1,798,1,6030,0,1,6032,T
2-PB1,799,1,34,5998,0,6033,G
2-PB1,800,6033,2,5,0,6040,A
2-PB1,801,6039,0,5,0,6044,A
2-PB1,802,12,5,0,6056,6073,C
2-PB1,803,5933,0,2,1,5936,A
2-PB1,804,1,5,6455,0,6461,G
2-PB1,805,3,6409,0,0,6412,T
2-PB1,806,25,0,0,6400,6425,C
2-PB1,807,4,6421,0,9,6434,T
2-PB1,808,4,19,6431,0,6454,G
2-PB1,809,3,20,6435,0,6458,G
2-PB1,810,6461,1,10,0,6472,A
2-PB1,811,6,1,0,6485,6492,C
2-PB1,812,0,6311,0,5,6316,T
2-PB1,813,1,6017,0,3,6021,T
2-PB1,814,11,0,0,5999,6010,C
2-PB1,815,17,8,0,5993,6018,C
2-PB1,816,3,21,6012,1,6037,G
2-PB1,817,2,3,6059,0,6064,G
2-PB1,818,1,6020,0,2,6023,T
2-PB1,819,0,6003,0,1,6004,T
2-PB1,820,1,21,5962,1,5985,G
2-PB1,821,1,30,5974,0,6005,G
2-PB1,822,1,21,6006,0,6028,G
2-PB1,823,0,21,6006,0,6027,G
2-PB1,824,2,15,6032,0,6049,G
2-PB1,825,0,5989,0,3,5992,T
2-PB1,826,5958,1,0,0,5959,A
2-PB1,827,5991,1,0,0,5992,A
2-PB1,828,2,5996,0,3,6001,T
2-PB1,829,1,27,5988,0,6016,G
2-PB1,830,5944,0,1,0,5945,A
2-PB1,831,5899,1,1,0,5901,A
2-PB1,832,5903,0,2,0,5905,A
2-PB1,833,5884,1,2,0,5887,A
2-PB1,834,11,17,5864,0,5892,G
2-PB1,835,5837,0,2,0,5839,A
2-PB1,836,5809,0,3,1,5813,A
2-PB1,837,0,17,5827,0,5844,G
2-PB1,838,2,0,5835,0,5837,G
2-PB1,839,4,1,1,5811,5817,C
2-PB1,840,18,3,0,5791,5812,C
2-PB1,841,5815,1,1,0,5817,A
2-PB1,842,5819,0,2,0,5821,A
2-PB1,843,5823,0,2,0,5825,A
2-PB1,844,5,1,0,5842,5848,C
2-PB1,845,1,5831,0,8,5840,T
2-PB1,846,0,13,5929,0,5942,G
2-PB1,847,5,3,5926,0,5934,G
2-PB1,848,6,3,0,5945,5954,C
2-PB1,849,5959,1,2,0,5962,A
2-PB1,850,5941,0,3,0,5944,A
2-PB1,851,5948,1,1,0,5950,A
2-PB1,852,1,5949,0,0,5950,T
2-PB1,853,0,7,5961,0,5968,G
2-PB1,854,3,5940,0,7,5950,T
2-PB1,855,0,5816,0,3,5819,T
2-PB1,856,2,6,5823,0,5831,G
2-PB1,857,0,5812,0,4,5816,T
2-PB1,858,0,26,5805,0,5831,G
2-PB1,859,5814,1,3,0,5818,A
2-PB1,860,0,18,5823,0,5841,G
2-PB1,861,5831,0,1,0,5832,A
2-PB1,862,5792,0,1,0,5793,A
2-PB1,863,5798,2,0,0,5800,A
2-PB1,864,5805,1,1,0,5807,A
2-PB1,865,5837,0,1,0,5838,A
2-PB1,866,0,5813,0,1,5814,T
2-PB1,867,0,27,5780,0,5807,G
2-PB1,868,5803,1,1,0,5805,A
2-PB1,869,4,5756,1,4,5765,T
2-PB1,870,2,21,5779,0,5802,G
2-PB1,871,5792,1,10,0,5803,A
2-PB1,872,2,1,1,5862,5866,C
2-PB1,873,1,5844,0,1,5846,T
2-PB1,874,5824,0,2,0,5826,A
2-PB1,875,5875,2,3,1,5881,A
2-PB1,876,0,5864,0,5,5869,T
2-PB1,877,2,5910,0,4,5916,T
2-PB1,878,32,3,0,5914,5949,C
2-PB1,879,5934,2,6,1,5943,A
2-PB1,880,3,1,0,5967,5971,C
2-PB1,881,5901,0,1,0,5902,A
2-PB1,882,5905,0,17,2,5924,A
2-PB1,883,0,21,5924,0,5945,G
2-PB1,884,6017,0,10,0,6027,A
2-PB1,885,5,1,0,6008,6014,C
2-PB1,886,5955,1,7,0,5963,A
2-PB1,887,8,3,0,5947,5958,C
2-PB1,888,5869,1,7,1,5878,A
2-PB1,889,0,19,5907,2,5928,G
2-PB1,890,5902,1,2,1,5906,A
2-PB1,891,0,3,5935,0,5938,G
2-PB1,892,2,4,0,5900,5906,C
2-PB1,893,0,5738,0,20,5758,T
2-PB1,894,3,5810,0,11,5824,T
2-PB1,895,3,5813,0,5,5821,T
2-PB1,896,15,1,0,5822,5838,C
2-PB1,897,1,5818,0,6,5825,T
2-PB1,898,0,5796,2,1,5799,T
2-PB1,899,4,5783,0,7,5794,T
2-PB1,900,12,1,0,5777,5790,C
2-PB1,901,5773,1,4,0,5778,A
2-PB1,902,5,1,0,5800,5806,C
2-PB1,903,5730,3,3,0,5736,A
2-PB1,904,5771,0,1,1,5773,A
2-PB1,905,1,5836,0,3,5840,T
2-PB1,906,27,0,1,5900,5928,C
2-PB1,907,5944,1,3,0,5948,A
2-PB1,908,7,1,0,5987,5995,C
2-PB1,909,0,5943,2,4,5949,T
2-PB1,910,2,19,5953,1,5975,G
2-PB1,911,2,40,5931,1,5974,G
2-PB1,912,2,27,6094,1,6124,G
2-PB1,913,1,29,6070,1,6101,G
2-PB1,914,5976,0,14,0,5990,A
2-PB1,915,8,3,0,5751,5762,C
2-PB1,916,5831,0,2,1,5834,A
2-PB1,917,6137,0,8,0,6145,A
2-PB1,918,6,0,0,6201,6207,C
2-PB1,919,6186,0,4,2,6192,A
2-PB1,920,7,0,0,6185,6192,C
2-PB1,921,1,5934,0,4,5939,T
2-PB1,922,5955,0,1,4,5960,A
2-PB1,923,5948,1,5,0,5954,A
2-PB1,924,1,6,5974,1,5982,G
2-PB1,925,1,5937,0,3,5941,T
2-PB1,926,3,21,5538,1,5563,G
2-PB1,927,2,12,5499,0,5513,G
2-PB1,928,5478,1,5,0,5484,A
2-PB1,929,5488,1,6,0,5495,A
2-PB1,930,0,5478,0,0,5478,T
2-PB1,931,0,18,5445,1,5464,G
2-PB1,932,5442,2,0,0,5444,A
2-PB1,933,5376,0,3,1,5380,A
2-PB1,934,5413,2,2,0,5417,A
2-PB1,935,5426,1,0,0,5427,A
2-PB1,936,1,5388,0,14,5403,T
2-PB1,937,35,1,0,5365,5401,C
2-PB1,938,5392,2,2,0,5396,A
2-PB1,939,5394,0,2,0,5396,A
2-PB1,940,5385,1,1,0,5387,A
2-PB1,941,5383,0,1,5,5389,A
2-PB1,942,10,7,0,5391,5408,C
2-PB1,943,18,2,0,5356,5376,C
2-PB1,944,20,0,0,5342,5362,C
2-PB1,945,0,5345,0,4,5349,T
2-PB1,946,16,2,0,5349,5367,C
2-PB1,947,1,17,5350,0,5368,G
2-PB1,948,5364,0,1,1,5366,A
2-PB1,949,5366,1,1,0,5368,A
2-PB1,950,2,5356,0,1,5359,T
2-PB1,951,2,3,5372,0,5377,G
2-PB1,952,1,5311,1,2,5315,T
2-PB1,953,2,5308,2,4,5316,T
2-PB1,954,1,5327,1,0,5329,T
2-PB1,955,0,5325,0,2,5327,T
2-PB1,956,1,5326,0,0,5327,T
2-PB1,957,0,15,5313,0,5328,G
2-PB1,958,3,2,5318,0,5323,G
2-PB1,959,2,4,0,5305,5311,C
2-PB1,960,4,10,5260,1,5275,G
2-PB1,961,5257,1,2,0,5260,A
2-PB1,962,0,5378,0,1,5379,T
2-PB1,963,0,20,5535,0,5555,G
2-PB1,964,5771,3,8,1,5783,A
2-PB1,965,1,5812,0,4,5817,T
2-PB1,966,0,5814,1,1,5816,T
2-PB1,967,5856,0,4,0,5860,A
2-PB1,968,6,1,0,5857,5864,C
2-PB1,969,5882,1,2,0,5885,A
2-PB1,970,1,5862,0,9,5872,T
2-PB1,971,5605,0,4,0,5609,A
2-PB1,972,9,1,0,5623,5633,C
2-PB1,973,5105,0,4,0,5109,A
2-PB1,974,0,5114,0,4,5118,T
2-PB1,975,23,0,0,5088,5111,C
2-PB1,976,5080,2,2,0,5084,A
2-PB1,977,4,0,0,5095,5099,C
2-PB1,978,5049,0,1,10,5060,A
2-PB1,979,5058,1,4,0,5063,A
2-PB1,980,5051,0,1,1,5053,A
2-PB1,981,2,19,4872,0,4893,G
2-PB1,982,5095,0,4,0,5099,A
2-PB1,983,5112,2,3,0,5117,A
2-PB1,984,4,5104,0,4,5112,T
2-PB1,985,22,0,1,5095,5118,C
2-PB1,986,5110,0,2,0,5112,A
2-PB1,987,5137,0,2,0,5139,A
2-PB1,988,10,3,1,5130,5144,C
2-PB1,989,19,3,1,5127,5150,C
2-PB1,990,1,4865,1,3,4870,T
2-PB1,991,0,25,4890,0,4915,G
2-PB1,992,4900,2,4,0,4906,A
2-PB1,993,0,3,4902,0,4905,G
2-PB1,994,1,4880,0,3,4884,T
2-PB1,995,3,26,4764,1,4794,G
2-PB1,996,0,4,5007,2,5013,G
2-PB1,997,0,4965,1,2,4968,T
2-PB1,998,0,4952,1,5,4958,T
2-PB1,999,20,0,1,4946,4967,C
2-PB1,1000,4896,5,2,0,4903,A
2-PB1,1001,0,11,4984,0,4995,G
2-PB1,1002,4984,0,5,0,4989,A
2-PB1,1003,4993,0,4,0,4997,A
2-PB1,1004,4972,0,2,0,4974,A
2-PB1,1005,3,1,0,4634,4638,C
2-PB1,1006,4658,1,6,0,4665,A
2-PB1,1007,0,4650,0,1,4651,T
2-PB1,1008,5,0,1,4684,4690,C
2-PB1,1009,10,0,0,4690,4700,C
2-PB1,1010,2,4518,1,7,4528,T
2-PB1,1011,0,22,4516,1,4539,G
2-PB1,1012,4518,1,4,1,4524,A
2-PB1,1013,1,3,4555,0,4559,G
2-PB1,1014,3,1,0,4527,4531,C
2-PB1,1015,4358,3,1,0,4362,A
2-PB1,1016,0,4377,0,2,4379,T
2-PB1,1017,15,2,0,4343,4360,C
2-PB1,1018,3,3,4370,0,4376,G
2-PB1,1019,2,2,1,4475,4480,C
2-PB1,1020,4497,1,4,0,4502,A
2-PB1,1021,5,0,0,4658,4663,C
2-PB1,1022,19,0,0,4629,4648,C
2-PB1,1023,4648,0,4,0,4652,A
2-PB1,1024,4722,1,0,2,4725,A
2-PB1,1025,0,4716,0,1,4717,T
2-PB1,1026,4720,0,3,0,4723,A
2-PB1,1027,4714,0,1,0,4715,A
2-PB1,1028,0,4584,1,1,4586,T
2-PB1,1029,1,4,4607,0,4612,G
2-PB1,1030,1,4508,1,1,4511,T
2-PB1,1031,0,4472,0,6,4478,T
2-PB1,1032,20,3,1,4463,4487,C
2-PB1,1033,0,4460,0,2,4462,T
2-PB1,1034,14,1,1,4467,4483,C
2-PB1,1035,4488,0,0,0,4488,A
2-PB1,1036,4483,0,0,0,4483,A
2-PB1,1037,4486,1,2,0,4489,A
2-PB1,1038,9,5,0,4493,4507,C
2-PB1,1039,4492,0,2,0,4494,A
2-PB1,1040,4492,0,0,0,4492,A
2-PB1,1041,4473,0,2,0,4475,A
2-PB1,1042,4486,0,3,0,4489,A
2-PB1,1043,0,4528,1,3,4532,T
2-PB1,1044,3,14,4516,0,4533,G
2-PB1,1045,1,2,4514,1,4518,G
2-PB1,1046,0,0,0,4525,4525,C
2-PB1,1047,4522,1,3,0,4526,A
2-PB1,1048,4537,0,5,0,4542,A
2-PB1,1049,0,14,4549,0,4563,G
2-PB1,1050,4569,2,2,0,4573,A
2-PB1,1051,4,1,0,4572,4577,C
2-PB1,1052,1,4522,0,5,4528,T
2-PB1,1053,0,16,4570,1,4587,G
2-PB1,1054,0,4,4589,0,4593,G
2-PB1,1055,3,18,4604,1,4626,G
2-PB1,1056,4611,0,15,0,4626,A
2-PB1,1057,4608,1,2,0,4611,A
2-PB1,1058,4575,0,6,1,4582,A
2-PB1,1059,4567,0,9,0,4576,A
2-PB1,1060,0,12,4691,0,4703,G
2-PB1,1061,2,16,4675,0,4693,G
2-PB1,1062,4687,1,2,0,4690,A
2-PB1,1063,1,4650,0,1,4652,T
2-PB1,1064,4645,0,8,0,4653,A
2-PB1,1065,2,0,1,4660,4663,C
2-PB1,1066,4696,1,3,0,4700,A
2-PB1,1067,1,4684,0,2,4687,T
2-PB1,1068,2,3,4707,0,4712,G
2-PB1,1069,1,4641,0,2,4644,T
2-PB1,1070,0,4636,0,3,4639,T
2-PB1,1071,30,8,0,4582,4620,C
2-PB1,1072,2,22,4614,0,4638,G
2-PB1,1073,4625,1,9,0,4635,A
2-PB1,1074,1,16,4708,0,4725,G
2-PB1,1075,4678,0,1,0,4679,A
2-PB1,1076,1,5,4725,0,4731,G
2-PB1,1077,0,4693,0,1,4694,T
2-PB1,1078,4683,0,2,0,4685,A
2-PB1,1079,4692,0,7,0,4699,A
2-PB1,1080,2,16,4692,0,4710,G
2-PB1,1081,4690,0,3,0,4693,A
2-PB1,1082,1,15,4755,1,4772,G
2-PB1,1083,4660,1,1,0,4662,A
2-PB1,1084,4685,0,1,0,4686,A
2-PB1,1085,1,4636,0,0,4637,T
2-PB1,1086,1,10,4616,0,4627,G
2-PB1,1087,4618,0,6,0,4624,A
2-PB1,1088,4583,0,9,0,4592,A
2-PB1,1089,0,2,4602,1,4605,G
2-PB1,1090,1,0,0,4597,4598,C
2-PB1,1091,0,4529,1,4,4534,T
2-PB1,1092,12,2,1,4545,4560,C
2-PB1,1093,9,6,0,4532,4547,C
2-PB1,1094,4,26,4531,1,4562,G
2-PB1,1095,1,16,4558,1,4576,G
2-PB1,1096,4583,2,3,0,4588,A
2-PB1,1097,4,3,0,4623,4630,C
2-PB1,1098,4628,0,3,0,4631,A
2-PB1,1099,0,13,0,4660,4673,C
2-PB1,1100,4666,0,0,0,4666,A
2-PB1,1101,4672,0,3,0,4675,A
2-PB1,1102,4670,1,5,0,4676,A
2-PB1,1103,3,4676,1,1,4681,T
2-PB1,1104,4668,2,1,0,4671,A
2-PB1,1105,3,0,0,4661,4664,C
2-PB1,1106,16,0,0,4617,4633,C
2-PB1,1107,1,4560,0,0,4561,T
2-PB1,1108,1,5,4577,0,4583,G
2-PB1,1109,3,2,0,4585,4590,C
2-PB1,1110,4594,0,0,0,4594,A
2-PB1,1111,2,16,4573,1,4592,G
2-PB1,1112,4575,0,1,0,4576,A
2-PB1,1113,4561,1,0,0,4562,A
2-PB1,1114,4569,0,2,1,4572,A
2-PB1,1115,1,4563,0,3,4567,T
2-PB1,1116,0,3,4570,0,4573,G
2-PB1,1117,3,2,0,4547,4552,C
2-PB1,1118,0,4545,0,2,4547,T
2-PB1,1119,4595,0,6,0,4601,A
2-PB1,1120,1,2,4590,0,4593,G
2-PB1,1121,5,2,0,4594,4601,C
2-PB1,1122,4596,1,1,0,4598,A
2-PB1,1123,4578,1,7,0,4586,A
2-PB1,1124,0,6,4564,0,4570,G
2-PB1,1125,6,0,0,4560,4566,C
2-PB1,1126,4505,1,3,0,4509,A
2-PB1,1127,0,4609,0,2,4611,T
2-PB1,1128,0,4614,0,4,4618,T
2-PB1,1129,2,18,4754,0,4774,G
2-PB1,1130,4817,0,3,0,4820,A
2-PB1,1131,5,2,0,4799,4806,C
2-PB1,1132,15,0,0,4815,4830,C
2-PB1,1133,1,4727,0,4,4732,T
2-PB1,1134,0,13,4786,0,4799,G
2-PB1,1135,4812,1,1,0,4814,A
2-PB1,1136,4810,0,5,0,4815,A
2-PB1,1137,0,4,4872,0,4876,G
2-PB1,1138,0,4720,0,2,4722,T
2-PB1,1139,4723,0,16,0,4739,A
2-PB1,1140,1,4705,1,1,4708,T
2-PB1,1141,0,4696,0,12,4708,T
2-PB1,1142,3,4714,1,1,4719,T
2-PB1,1143,18,1,1,4642,4662,C
2-PB1,1144,4649,0,2,0,4651,A
2-PB1,1145,4650,0,2,1,4653,A
2-PB1,1146,1,4569,0,0,4570,T
2-PB1,1147,1,24,4582,0,4607,G
2-PB1,1148,4557,3,3,0,4563,A
2-PB1,1149,4588,0,0,1,4589,A
2-PB1,1150,1,4574,0,3,4578,T
2-PB1,1151,16,1,1,4586,4604,C
2-PB1,1152,4601,0,3,0,4604,A
2-PB1,1153,4610,1,1,1,4613,A
2-PB1,1154,7,3,0,4595,4605,C
2-PB1,1155,4601,0,2,0,4603,A
2-PB1,1156,4587,1,0,0,4588,A
2-PB1,1157,0,19,4567,1,4587,G
2-PB1,1158,1,15,4601,0,4617,G
2-PB1,1159,4600,0,5,0,4605,A
2-PB1,1160,4583,0,11,1,4595,A
2-PB1,1161,1,6,4594,0,4601,G
2-PB1,1162,4583,0,2,0,4585,A
2-PB1,1163,4594,0,1,1,4596,A
2-PB1,1164,4588,0,2,0,4590,A
2-PB1,1165,4588,1,5,1,4595,A
2-PB1,1166,1,4562,0,1,4564,T
2-PB1,1167,2,4517,0,1,4520,T
2-PB1,1168,1,25,4496,0,4522,G
2-PB1,1169,4507,0,6,0,4513,A
2-PB1,1170,2,5,4520,0,4527,G
2-PB1,1171,4520,0,0,2,4522,A
2-PB1,1172,4542,0,0,0,4542,A
2-PB1,1173,4586,1,1,0,4588,A
2-PB1,1174,4603,1,1,0,4605,A
2-PB1,1175,0,4600,0,0,4600,T
2-PB1,1176,4602,0,1,0,4603,A
2-PB1,1177,4590,0,6,1,4597,A
2-PB1,1178,0,5,4615,0,4620,G
2-PB1,1179,0,2,4619,2,4623,G
2-PB1,1180,3,0,0,4605,4608,C
2-PB1,1181,8,1,1,4588,4598,C
2-PB1,1182,0,4550,0,6,4556,T
2-PB1,1183,16,0,0,5006,5022,C
2-PB1,1184,1,5075,0,11,5087,T
2-PB1,1185,1,5099,0,0,5100,T
2-PB1,1186,11,2,0,5182,5195,C
2-PB1,1187,0,5171,1,5,5177,T
2-PB1,1188,5165,0,2,18,5185,A
2-PB1,1189,5203,1,2,0,5206,A
2-PB1,1190,0,5198,2,0,5200,T
2-PB1,1191,5226,0,6,0,5232,A
2-PB1,1192,1,6,5116,1,5124,G
2-PB1,1193,4687,0,4,0,4691,A
2-PB1,1194,0,4697,0,3,4700,T
2-PB1,1195,3,23,4607,0,4633,G
2-PB1,1196,21,1,4680,1,4703,G
2-PB1,1197,2,1,1,4685,4689,C
2-PB1,1198,4687,0,2,0,4689,A
2-PB1,1199,6,6,0,4693,4705,C
2-PB1,1200,4614,2,1,0,4617,A
2-PB1,1201,2,2,4769,1,4774,G
2-PB1,1202,5,2,0,4746,4753,C
2-PB1,1203,4763,2,1,1,4767,A
2-PB1,1204,0,4887,0,2,4889,T
2-PB1,1205,19,0,0,4818,4837,C
2-PB1,1206,4875,1,1,0,4877,A
2-PB1,1207,1,4868,0,1,4870,T
2-PB1,1208,3,4842,1,1,4847,T
2-PB1,1209,0,17,4829,0,4846,G
2-PB1,1210,4701,1,7,0,4709,A
2-PB1,1211,0,1,4859,0,4860,G
2-PB1,1212,3,1,1,4837,4842,C
2-PB1,1213,14,2,0,4770,4786,C
2-PB1,1214,21,0,0,4821,4842,C
2-PB1,1215,3,4802,1,4,4810,T
2-PB1,1216,3,5,5057,0,5065,G
2-PB1,1217,0,10,5140,1,5151,G
2-PB1,1218,5136,1,9,0,5146,A
2-PB1,1219,5280,0,0,0,5280,A
2-PB1,1220,0,5135,1,1,5137,T
2-PB1,1221,1,15,5237,0,5253,G
2-PB1,1222,5336,0,4,1,5341,A
2-PB1,1223,2,5328,1,3,5334,T
2-PB1,1224,2,17,5337,0,5356,G
2-PB1,1225,5301,1,4,3,5309,A
2-PB1,1226,1,5213,1,1,5216,T
2-PB1,1227,4,20,5212,1,5237,G
2-PB1,1228,5,25,5268,0,5298,G
2-PB1,1229,2,1,5322,1,5326,G
2-PB1,1230,3,2,0,5262,5267,C
2-PB1,1231,5270,0,3,0,5273,A
2-PB1,1232,0,5292,1,3,5296,T
2-PB1,1233,2,1,5461,0,5464,G
2-PB1,1234,2,5464,0,7,5473,T
2-PB1,1235,0,5492,1,2,5495,T
2-PB1,1236,28,1,1,5477,5507,C
2-PB1,1237,5477,0,2,0,5479,A
2-PB1,1238,5504,1,5,0,5510,A
2-PB1,1239,3,1,1,5511,5516,C
2-PB1,1240,5536,3,5,0,5544,A
2-PB1,1241,0,5553,0,4,5557,T
2-PB1,1242,2,1,5612,0,5615,G
2-PB1,1243,3,3,0,5608,5614,C
2-PB1,1244,0,5606,0,3,5609,T
2-PB1,1245,5649,0,1,0,5650,A
2-PB1,1246,5649,0,5,1,5655,A
2-PB1,1247,1,4,5731,0,5736,G
2-PB1,1248,1,5719,0,0,5720,T
2-PB1,1249,5694,1,3,0,5698,A
2-PB1,1250,1,4,0,5734,5739,C
2-PB1,1251,5,43,5674,1,5723,G
2-PB1,1252,1,8,6048,0,6057,G
2-PB1,1253,0,6043,1,4,6048,T
2-PB1,1254,1,6007,2,1,6011,T
2-PB1,1255,0,6006,0,3,6009,T
2-PB1,1256,0,5946,2,2,5950,T
2-PB1,1257,5950,2,2,1,5955,A
2-PB1,1258,1,12,5945,0,5958,G
2-PB1,1259,2,27,5932,0,5961,G
2-PB1,1260,5839,0,9,0,5848,A
2-PB1,1261,0,4,5803,0,5807,G
2-PB1,1262,0,5875,0,2,5877,T
2-PB1,1263,17,0,0,5887,5904,C
2-PB1,1264,3,5898,1,5,5907,T
2-PB1,1265,23,3,1,5883,5910,C
2-PB1,1266,4,16,5892,1,5913,G
2-PB1,1267,6098,1,4,1,6104,A
2-PB1,1268,0,6111,1,1,6113,T
2-PB1,1269,6144,1,0,0,6145,A
2-PB1,1270,3,3,0,6140,6146,C
2-PB1,1271,0,6029,2,9,6040,T
2-PB1,1272,0,30,6032,0,6062,G
2-PB1,1273,6053,1,1,2,6057,A
2-PB1,1274,6155,1,2,1,6159,A
2-PB1,1275,0,6158,0,2,6160,T
2-PB1,1276,14,0,1,6038,6053,C
2-PB1,1277,2,6033,0,1,6036,T
2-PB1,1278,0,6016,0,0,6016,T
2-PB1,1279,3,13,6017,1,6034,G
2-PB1,1280,0,26,6008,0,6034,G
2-PB1,1281,6020,3,8,1,6032,A
2-PB1,1282,4,2,0,6040,6046,C
2-PB1,1283,5961,0,1,2,5964,A
2-PB1,1284,5999,0,0,3,6002,A
2-PB1,1285,6026,0,3,0,6029,A
2-PB1,1286,6034,1,7,2,6044,A
2-PB1,1287,0,6,6153,0,6159,G
2-PB1,1288,6168,0,3,0,6171,A
2-PB1,1289,6159,0,3,1,6163,A
2-PB1,1290,6172,0,5,1,6178,A
2-PB1,1291,0,6171,1,1,6173,T
2-PB1,1292,6183,0,5,1,6189,A
2-PB1,1293,10,1,0,6383,6394,C
2-PB1,1294,6339,0,10,1,6350,A
2-PB1,1295,8,1,1,6372,6382,C
2-PB1,1296,33,2,2,6284,6321,C
2-PB1,1297,6293,0,1,1,6295,A
2-PB1,1298,6364,0,1,2,6367,A
2-PB1,1299,0,32,6533,0,6565,G
2-PB1,1300,6622,2,7,0,6631,A
2-PB1,1301,4,0,0,6681,6685,C
2-PB1,1302,6546,2,3,0,6551,A
2-PB1,1303,6763,1,3,0,6767,A
2-PB1,1304,6,1,0,6777,6784,C
2-PB1,1305,6894,1,2,1,6898,A
2-PB1,1306,0,6931,0,2,6933,T
2-PB1,1307,6868,2,1,0,6871,A
2-PB1,1308,9,1,0,6976,6986,C
2-PB1,1309,2,6795,0,5,6802,T
2-PB1,1310,2,38,6832,0,6872,G
2-PB1,1311,3,12,6862,2,6879,G
2-PB1,1312,0,6741,0,4,6745,T
2-PB1,1313,1,21,6721,0,6743,G
2-PB1,1314,0,23,6646,0,6669,G
2-PB1,1315,2,11,6673,0,6686,G
2-PB1,1316,6670,1,7,0,6678,A
2-PB1,1317,0,6561,0,3,6564,T
2-PB1,1318,1,30,6543,2,6576,G
2-PB1,1319,2,19,6528,1,6550,G
2-PB1,1320,1,2,6594,1,6598,G
2-PB1,1321,7,3,0,6655,6665,C
2-PB1,1322,1,6621,1,7,6630,T
2-PB1,1323,15,5,0,6668,6688,C
2-PB1,1324,15,4,0,6651,6670,C
2-PB1,1325,6666,1,2,0,6669,A
2-PB1,1326,6676,0,0,1,6677,A
2-PB1,1327,0,6663,0,7,6670,T
2-PB1,1328,21,1,1,6612,6635,C
2-PB1,1329,14,2,1,6595,6612,C
2-PB1,1330,1,6564,0,5,6570,T
2-PB1,1331,9,0,0,6558,6567,C
2-PB1,1332,14,10,0,6519,6543,C
2-PB1,1333,7,19,6513,2,6541,G
2-PB1,1334,6537,1,5,1,6544,A
2-PB1,1335,5,6,0,6539,6550,C
2-PB1,1336,2,24,6518,0,6544,G
2-PB1,1337,6613,0,0,1,6614,A
2-PB1,1338,1,6601,0,3,6605,T
2-PB1,1339,1,6585,0,2,6588,T
2-PB1,1340,1,6590,0,3,6594,T
2-PB1,1341,1,6593,0,2,6596,T
2-PB1,1342,1,4,6611,0,6616,G
2-PB1,1343,4,6,0,6631,6641,C
2-PB1,1344,25,1,0,6624,6650,C
2-PB1,1345,29,3,1,6797,6830,C
2-PB1,1346,1,6719,0,13,6733,T
2-PB1,1347,10,1,1,6970,6982,C
2-PB1,1348,7032,0,1,1,7034,A
2-PB1,1349,1,7048,0,2,7051,T
2-PB1,1350,7044,0,0,1,7045,A
2-PB1,1351,2,4,7106,0,7112,G
2-PB1,1352,0,7030,0,3,7033,T
2-PB1,1353,2,28,7047,0,7077,G
2-PB1,1354,6877,0,1,1,6879,A
2-PB1,1355,6889,0,2,0,6891,A
2-PB1,1356,1,6613,0,0,6614,T
2-PB1,1357,4,5,6616,0,6625,G
2-PB1,1358,8,9,0,6688,6705,C
2-PB1,1359,6698,0,7,0,6705,A
2-PB1,1360,5,1,0,6704,6710,C
2-PB1,1361,41,3,1,6635,6680,C
2-PB1,1362,6623,0,6,0,6629,A
2-PB1,1363,6632,0,3,0,6635,A
2-PB1,1364,6613,2,5,1,6621,A
2-PB1,1365,0,6465,0,2,6467,T
2-PB1,1366,28,0,2,6616,6646,C
2-PB1,1367,6651,4,4,0,6659,A
2-PB1,1368,0,6652,0,2,6654,T
2-PB1,1369,1,14,6643,0,6658,G
2-PB1,1370,6650,1,7,0,6658,A
2-PB1,1371,3,20,6663,0,6686,G
2-PB1,1372,2,22,6606,0,6630,G
2-PB1,1373,1,9,6644,2,6656,G
2-PB1,1374,6624,0,7,0,6631,A
2-PB1,1375,6691,1,5,0,6697,A
2-PB1,1376,1,6709,0,2,6712,T
2-PB1,1377,6729,2,5,1,6737,A
2-PB1,1378,7,4,0,6736,6747,C
2-PB1,1379,6744,1,5,0,6750,A
2-PB1,1380,6729,1,16,1,6747,A
2-PB1,1381,1,2,6735,0,6738,G
2-PB1,1382,4,1,1,6674,6680,C
2-PB1,1383,6641,1,3,0,6645,A
2-PB1,1384,1,18,6666,1,6686,G
2-PB1,1385,0,21,6660,1,6682,G
2-PB1,1386,6645,4,4,0,6653,A
2-PB1,1387,2,15,6683,2,6702,G
2-PB1,1388,2,6604,0,4,6610,T
2-PB1,1389,4,21,6651,1,6677,G
2-PB1,1390,0,19,6681,1,6701,G
2-PB1,1391,6675,1,17,0,6693,A
2-PB1,1392,1,6679,0,5,6685,T
2-PB1,1393,6560,0,2,0,6562,A
2-PB1,1394,0,19,6577,0,6596,G
2-PB1,1395,6698,1,2,0,6701,A
2-PB1,1396,0,6693,0,3,6696,T
2-PB1,1397,0,6674,1,0,6675,T
2-PB1,1398,25,2,0,6833,6860,C
2-PB1,1399,1,6796,0,5,6802,T
2-PB1,1400,6803,0,3,1,6807,A
2-PB1,1401,12,6,1,6781,6800,C
2-PB1,1402,6704,0,6,0,6710,A
2-PB1,1403,2,11,6708,1,6722,G
2-PB1,1404,1,21,6609,0,6631,G
2-PB1,1405,6689,4,2,0,6695,A
2-PB1,1406,9,7,1,6662,6679,C
2-PB1,1407,22,2,0,6497,6521,C
2-PB1,1408,3,6441,0,12,6456,T
2-PB1,1409,2,5,6471,0,6478,G
2-PB1,1410,11,0,0,6458,6469,C
2-PB1,1411,6471,0,5,0,6476,A
2-PB1,1412,6521,0,4,0,6525,A
2-PB1,1413,3,6,6527,0,6536,G
2-PB1,1414,0,6428,0,5,6433,T
2-PB1,1415,0,6435,0,1,6436,T
2-PB1,1416,6359,0,5,0,6364,A
2-PB1,1417,1,6,6379,1,6387,G
2-PB1,1418,1,6337,0,6,6344,T
2-PB1,1419,1,24,6308,1,6334,G
2-PB1,1420,2,18,6309,0,6329,G
2-PB1,1421,2,21,6340,0,6363,G
2-PB1,1422,6341,0,4,0,6345,A
2-PB1,1423,6348,2,5,1,6356,A
2-PB1,1424,1,6346,0,4,6351,T
2-PB1,1425,42,1,1,6318,6362,C
2-PB1,1426,6342,0,3,0,6345,A
2-PB1,1427,6352,1,5,0,6358,A
2-PB1,1428,7,4,1,6346,6358,C
2-PB1,1429,6342,3,1,1,6347,A
2-PB1,1430,1,6211,0,3,6215,T
2-PB1,1431,2,35,6191,0,6228,G
2-PB1,1432,6232,0,9,0,6241,A
2-PB1,1433,0,6,6273,0,6279,G
2-PB1,1434,3,1,0,6228,6232,C
2-PB1,1435,6205,1,1,0,6207,A
2-PB1,1436,6212,2,2,0,6216,A
2-PB1,1437,6222,2,1,0,6225,A
2-PB1,1438,6263,1,3,1,6268,A
2-PB1,1439,6261,1,3,1,6266,A
2-PB1,1440,4,4,6254,0,6262,G
2-PB1,1441,6184,0,6,0,6190,A
2-PB1,1442,6119,0,7,1,6127,A
2-PB1,1443,0,3,6347,0,6350,G
2-PB1,1444,1,6328,0,2,6331,T
2-PB1,1445,26,1,1,6310,6338,C
2-PB1,1446,29,0,2,6312,6343,C
2-PB1,1447,2,6293,0,3,6298,T
2-PB1,1448,6386,3,1,0,6390,A
2-PB1,1449,2,6365,0,2,6369,T
2-PB1,1450,6375,1,0,0,6376,A
2-PB1,1451,1,6375,0,1,6377,T
2-PB1,1452,6237,1,0,1,6239,A
2-PB1,1453,6247,0,0,0,6247,A
2-PB1,1454,6242,0,3,0,6245,A
2-PB1,1455,0,6231,0,0,6231,T
2-PB1,1456,6171,0,2,0,6173,A
2-PB1,1457,6137,0,3,1,6141,A
2-PB1,1458,6164,1,3,0,6168,A
2-PB1,1459,6162,0,8,1,6171,A
2-PB1,1460,6,1,0,6171,6178,C
2-PB1,1461,5940,0,2,0,5942,A
2-PB1,1462,2,28,5906,1,5937,G
2-PB1,1463,2,24,5924,0,5950,G
2-PB1,1464,1,21,5918,2,5942,G
2-PB1,1465,5944,2,8,0,5954,A
2-PB1,1466,1,2,1,5981,5985,C
2-PB1,1467,5914,0,1,0,5915,A
2-PB1,1468,2,5936,0,2,5940,T
2-PB1,1469,1,5934,1,5,5941,T
2-PB1,1470,0,5946,1,7,5954,T
2-PB1,1471,10,24,5925,0,5959,G
2-PB1,1472,5922,0,6,0,5928,A
2-PB1,1473,5930,1,0,0,5931,A
2-PB1,1474,0,5921,0,2,5923,T
2-PB1,1475,2,5797,2,3,5804,T
2-PB1,1476,27,0,1,5802,5830,C
2-PB1,1477,5781,1,3,0,5785,A
2-PB1,1478,9,1,0,5782,5792,C
2-PB1,1479,1,5773,0,5,5779,T
2-PB1,1480,5789,1,2,0,5792,A
2-PB1,1481,1,4,5784,0,5789,G
2-PB1,1482,6,4,0,5783,5793,C
2-PB1,1483,1,5733,2,11,5747,T
2-PB1,1484,0,5787,0,2,5789,T
2-PB1,1485,1,5760,0,3,5764,T
2-PB1,1486,2,5771,0,1,5774,T
2-PB1,1487,1,5759,0,3,5763,T
2-PB1,1488,0,5760,0,0,5760,T
2-PB1,1489,0,5741,0,1,5742,T
2-PB1,1490,5747,0,0,0,5747,A
2-PB1,1491,1,5744,0,1,5746,T
2-PB1,1492,17,1,2,5734,5754,C
2-PB1,1493,4,13,5755,2,5774,G
2-PB1,1494,5900,1,1,0,5902,A
2-PB1,1495,0,5912,1,2,5915,T
2-PB1,1496,5917,0,2,0,5919,A
2-PB1,1497,0,5950,0,4,5954,T
2-PB1,1498,0,22,5927,0,5949,G
2-PB1,1499,1,17,5959,0,5977,G
2-PB1,1500,5987,0,5,0,5992,A
2-PB1,1501,1,5959,0,0,5960,T
2-PB1,1502,0,5910,0,4,5914,T
2-PB1,1503,1,5739,0,0,5740,T
2-PB1,1504,1,3,5736,0,5740,G
2-PB1,1505,0,5713,1,5,5719,T
2-PB1,1506,1,20,5682,0,5703,G
2-PB1,1507,4,2,5693,0,5699,G
2-PB1,1508,2,0,0,5648,5650,C
2-PB1,1509,0,5639,0,5,5644,T
2-PB1,1510,5652,1,2,0,5655,A
2-PB1,1511,5683,0,0,0,5683,A
2-PB1,1512,1,5731,0,0,5732,T
2-PB1,1513,2,5722,0,1,5725,T
2-PB1,1514,1,5725,0,0,5726,T
2-PB1,1515,0,5724,0,0,5724,T
2-PB1,1516,5715,1,6,0,5722,A
2-PB1,1517,0,4,5767,0,5771,G
2-PB1,1518,3,3,0,5764,5770,C
2-PB1,1519,5740,0,1,0,5741,A
2-PB1,1520,0,5690,0,3,5693,T
2-PB1,1521,1,25,5591,0,5617,G
2-PB1,1522,3,18,5694,2,5717,G
2-PB1,1523,5691,2,1,0,5694,A
2-PB1,1524,0,4,5704,0,5708,G
2-PB1,1525,4,2,0,5694,5700,C
2-PB1,1526,0,5630,0,2,5632,T
2-PB1,1527,3,0,5676,0,5679,G
2-PB1,1528,7,1,1,5655,5664,C
2-PB1,1529,16,3,1,5628,5648,C
2-PB1,1530,22,2,0,5661,5685,C
2-PB1,1531,5500,0,11,1,5512,A
2-PB1,1532,0,6,5767,0,5773,G
2-PB1,1533,0,5761,0,1,5762,T
2-PB1,1534,0,5754,0,2,5756,T
2-PB1,1535,2,5753,0,0,5755,T
2-PB1,1536,0,5655,0,2,5657,T
2-PB1,1537,1,15,5632,0,5648,G
2-PB1,1538,1,26,5627,0,5654,G
2-PB1,1539,5644,1,4,1,5650,A
2-PB1,1540,0,5,5641,0,5646,G
2-PB1,1541,0,5247,0,1,5248,T
2-PB1,1542,5220,1,2,0,5223,A
2-PB1,1543,0,5353,0,2,5355,T
2-PB1,1544,9,2,0,5358,5369,C
2-PB1,1545,0,5367,0,3,5370,T
2-PB1,1546,1,6,5380,0,5387,G
2-PB1,1547,0,12,5424,0,5436,G
2-PB1,1548,5431,1,2,0,5434,A
2-PB1,1549,5442,0,2,0,5444,A
2-PB1,1550,0,5417,0,2,5419,T
2-PB1,1551,5230,0,3,0,5233,A
2-PB1,1552,5214,0,4,1,5219,A
2-PB1,1553,5217,1,4,0,5222,A
2-PB1,1554,2,5,0,5227,5234,C
2-PB1,1555,4,28,5143,0,5175,G
2-PB1,1556,5088,3,0,0,5091,A
2-PB1,1557,1,6,5091,1,5099,G
2-PB1,1558,0,5083,0,0,5083,T
2-PB1,1559,36,3,0,5068,5107,C
2-PB1,1560,5083,2,3,0,5088,A
2-PB1,1561,3,3,5141,0,5147,G
2-PB1,1562,4,1,1,5135,5141,C
2-PB1,1563,0,5114,0,6,5120,T
2-PB1,1564,3,22,5247,0,5272,G
2-PB1,1565,5232,2,6,0,5240,A
2-PB1,1566,1,5237,0,0,5238,T
2-PB1,1567,5235,0,7,0,5242,A
2-PB1,1568,0,5166,0,0,5166,T
2-PB1,1569,1,19,5162,0,5182,G
2-PB1,1570,4973,0,8,1,4982,A
2-PB1,1571,3,2,5059,1,5065,G
2-PB1,1572,6,0,0,5050,5056,C
2-PB1,1573,4793,0,2,0,4795,A
2-PB1,1574,1,4796,0,0,4797,T
2-PB1,1575,0,4787,0,5,4792,T
2-PB1,1576,2,12,4827,0,4841,G
2-PB1,1577,2,19,4953,0,4974,G
2-PB1,1578,4864,0,6,0,4870,A
2-PB1,1579,2,2,4885,0,4889,G
2-PB1,1580,1,4692,0,3,4696,T
2-PB1,1581,4667,0,2,0,4669,A
2-PB1,1582,4674,1,3,0,4678,A
2-PB1,1583,8,0,0,4685,4693,C
2-PB1,1584,4630,1,0,0,4631,A
2-PB1,1585,0,9,4692,0,4701,G
2-PB1,1586,2,4173,0,2,4177,T
2-PB1,1587,4,31,4192,1,4228,G
2-PB1,1588,4258,0,2,0,4260,A
2-PB1,1589,0,4255,0,2,4257,T
2-PB1,1590,4237,0,1,0,4238,A
2-PB1,1591,4232,0,1,2,4235,A
2-PB1,1592,4103,0,3,1,4107,A
2-PB1,1593,1,19,4125,1,4146,G
2-PB1,1594,3934,0,2,0,3936,A
2-PB1,1595,3935,1,2,1,3939,A
2-PB1,1596,1,1,0,3949,3951,C
2-PB1,1597,3822,0,3,0,3825,A
2-PB1,1598,3844,0,7,0,3851,A
2-PB1,1599,2,3,0,3867,3872,C
2-PB1,1600,3894,0,3,0,3897,A
2-PB1,1601,0,3888,6,1,3895,T
2-PB1,1602,0,15,3803,0,3818,G
2-PB1,1603,3822,0,6,0,3828,A
2-PB1,1604,0,3834,0,1,3835,T
2-PB1,1605,3786,0,1,0,3787,A
2-PB1,1606,3816,0,1,0,3817,A
2-PB1,1607,3793,1,3,1,3798,A
2-PB1,1608,2,0,0,3806,3808,C
2-PB1,1609,3667,0,0,0,3667,A
2-PB1,1610,3657,0,1,0,3658,A
2-PB1,1611,1,3584,0,2,3587,T
2-PB1,1612,1,26,3563,0,3590,G
2-PB1,1613,3651,1,3,0,3655,A
2-PB1,1614,4,0,0,3691,3695,C
2-PB1,1615,7,0,0,3630,3637,C
2-PB1,1616,0,3532,0,2,3534,T
2-PB1,1617,0,3455,0,2,3457,T
2-PB1,1618,4,14,3459,1,3478,G
2-PB1,1619,1,11,3493,0,3505,G
2-PB1,1620,3533,1,6,1,3541,A
2-PB1,1621,3,1,0,3564,3568,C
2-PB1,1622,13,6,0,3487,3506,C
2-PB1,1623,3468,0,3,0,3471,A
2-PB1,1624,3,2,3511,1,3517,G
2-PB1,1625,3,0,0,3515,3518,C
2-PB1,1626,3517,0,2,0,3519,A
2-PB1,1627,3515,1,0,0,3516,A
2-PB1,1628,1,1,0,3511,3513,C
2-PB1,1629,3491,0,2,3,3496,A
2-PB1,1630,0,4,3575,0,3579,G
2-PB1,1631,4,2,0,3553,3559,C
2-PB1,1632,11,1,0,3564,3576,C
2-PB1,1633,15,1,0,3546,3562,C
2-PB1,1634,3559,0,3,0,3562,A
2-PB1,1635,3565,1,1,0,3567,A
2-PB1,1636,3565,0,1,0,3566,A
2-PB1,1637,0,3566,0,1,3567,T
2-PB1,1638,2,9,3552,1,3564,G
2-PB1,1639,3,1,3524,0,3528,G
2-PB1,1640,1,1,1,3521,3524,C
2-PB1,1641,0,3497,1,4,3502,T
2-PB1,1642,10,0,1,3582,3593,C
2-PB1,1643,2,3575,0,4,3581,T
2-PB1,1644,20,0,0,3582,3602,C
2-PB1,1645,12,1,0,3593,3606,C
2-PB1,1646,3606,0,0,0,3606,A
2-PB1,1647,3609,3,0,1,3613,A
2-PB1,1648,0,3591,0,4,3595,T
2-PB1,1649,0,3569,0,1,3570,T
2-PB1,1650,0,9,3572,0,3581,G
2-PB1,1651,0,3495,1,10,3506,T
2-PB1,1652,0,3507,0,1,3508,T
2-PB1,1653,25,9,0,3470,3504,C
2-PB1,1654,3490,0,2,1,3493,A
2-PB1,1655,0,3494,0,2,3496,T
2-PB1,1656,12,0,0,3481,3493,C
2-PB1,1657,3507,0,0,0,3507,A
2-PB1,1658,3505,0,0,1,3506,A
2-PB1,1659,3501,1,4,0,3506,A
2-PB1,1660,1,10,3563,0,3574,G
2-PB1,1661,3575,0,2,0,3577,A
2-PB1,1662,0,3591,0,0,3591,T
2-PB1,1663,0,3593,0,0,3593,T
2-PB1,1664,3600,0,4,0,3604,A
2-PB1,1665,6,0,2,3640,3648,C
2-PB1,1666,3623,0,1,0,3624,A
2-PB1,1667,2,10,3643,0,3655,G
2-PB1,1668,3631,0,5,1,3637,A
2-PB1,1669,0,3693,0,0,3693,T
2-PB1,1670,3702,1,1,0,3704,A
2-PB1,1671,4,0,0,3935,3939,C
2-PB1,1672,3998,1,10,0,4009,A
2-PB1,1673,4,1,0,4239,4244,C
2-PB1,1674,4181,2,0,0,4183,A
2-PB1,1675,0,4216,0,1,4217,T
2-PB1,1676,4180,0,0,1,4181,A
2-PB1,1677,1,4179,0,1,4181,T
2-PB1,1678,4067,2,3,0,4072,A
2-PB1,1679,1,11,4066,0,4078,G
2-PB1,1680,1,6,4048,0,4055,G
2-PB1,1681,0,3908,0,6,3914,T
2-PB1,1682,2,7,3858,0,3867,G
2-PB1,1683,2,1,0,4002,4005,C
2-PB1,1684,10,2,1,3979,3992,C
2-PB1,1685,4015,1,1,2,4019,A
2-PB1,1686,0,4018,0,1,4019,T
2-PB1,1687,4023,2,1,0,4026,A
2-PB1,1688,0,14,4030,0,4044,G
2-PB1,1689,3946,1,3,0,3950,A
2-PB1,1690,0,9,3983,0,3992,G
2-PB1,1691,1,16,3953,0,3970,G
2-PB1,1692,3824,0,5,1,3830,A
2-PB1,1693,0,23,3818,0,3841,G
2-PB1,1694,3805,2,7,0,3814,A
2-PB1,1695,6,2,1,3825,3834,C
2-PB1,1696,3803,1,6,0,3810,A
2-PB1,1697,1,5,1,3840,3847,C
2-PB1,1698,3841,2,6,0,3849,A
2-PB1,1699,4,1,0,3841,3846,C
2-PB1,1700,3811,0,2,0,3813,A
2-PB1,1701,3831,0,3,1,3835,A
2-PB1,1702,3857,1,0,1,3859,A
2-PB1,1703,0,3843,0,2,3845,T
2-PB1,1704,9,2,0,3841,3852,C
2-PB1,1705,14,2,0,3830,3846,C
2-PB1,1706,3801,1,4,0,3806,A
2-PB1,1707,2,13,3808,0,3823,G
2-PB1,1708,3814,2,3,0,3819,A
2-PB1,1709,2,1,0,3854,3857,C
2-PB1,1710,1,26,3811,0,3838,G
2-PB1,1711,3803,13,1,1,3818,A
2-PB1,1712,3,7,3811,0,3821,G
2-PB1,1713,3820,0,9,1,3830,A
2-PB1,1714,3815,0,6,0,3821,A
2-PB1,1715,1,9,3824,0,3834,G
2-PB1,1716,3810,0,3,0,3813,A
2-PB1,1717,1,3810,0,1,3812,T
2-PB1,1718,16,1,0,3750,3767,C
2-PB1,1719,3782,0,1,0,3783,A
2-PB1,1720,0,3773,0,0,3773,T
2-PB1,1721,0,3775,0,0,3775,T
2-PB1,1722,12,0,0,3765,3777,C
2-PB1,1723,4,13,3760,0,3777,G
2-PB1,1724,3739,2,2,0,3743,A
2-PB1,1725,0,6,3747,0,3753,G
2-PB1,1726,3713,0,1,0,3714,A
2-PB1,1727,0,3814,0,1,3815,T
2-PB1,1728,3827,0,3,0,3830,A
2-PB1,1729,3835,0,3,0,3838,A
2-PB1,1730,3835,1,5,0,3841,A
2-PB1,1731,2,2,3853,1,3858,G
2-PB1,1732,3848,0,1,0,3849,A
2-PB1,1733,3772,0,3,0,3775,A
2-PB1,1734,0,5,3785,0,3790,G
2-PB1,1735,1,1,1,3792,3795,C
2-PB1,1736,1,3744,0,1,3746,T
2-PB1,1737,17,3,3747,0,3767,G
2-PB1,1738,0,3749,0,2,3751,T
2-PB1,1739,3,13,3728,1,3745,G
2-PB1,1740,0,12,3737,0,3749,G
2-PB1,1741,1,16,3756,0,3773,G
2-PB1,1742,3783,1,1,0,3785,A
2-PB1,1743,1,3739,0,3,3743,T
2-PB1,1744,17,1,0,3718,3736,C
2-PB1,1745,3727,2,2,0,3731,A
2-PB1,1746,3758,1,2,0,3761,A
2-PB1,1747,3772,1,1,0,3774,A
2-PB1,1748,4,1,1,3756,3762,C
2-PB1,1749,13,0,1,3726,3740,C
2-PB1,1750,18,0,2,3718,3738,C
2-PB1,1751,3739,0,3,0,3742,A
2-PB1,1752,3813,0,1,2,3816,A
2-PB1,1753,1,3808,0,0,3809,T
2-PB1,1754,13,0,0,3797,3810,C
2-PB1,1755,3777,0,1,1,3779,A
2-PB1,1756,3761,0,4,0,3765,A
2-PB1,1757,0,16,3801,0,3817,G
2-PB1,1758,0,3,3803,0,3806,G
2-PB1,1759,0,6,3796,2,3804,G
2-PB1,1760,3,3,0,3792,3798,C
2-PB1,1761,3738,1,5,1,3745,A
2-PB1,1762,1,9,3829,0,3839,G
2-PB1,1763,0,10,3856,0,3866,G
2-PB1,1764,3874,2,2,0,3878,A
2-PB1,1765,5,1,0,3905,3911,C
2-PB1,1766,0,3837,0,2,3839,T
2-PB1,1767,3911,1,1,0,3913,A
2-PB1,1768,0,3904,0,3,3907,T
2-PB1,1769,0,3899,0,3,3902,T
2-PB1,1770,2,24,3880,0,3906,G
2-PB1,1771,2,3,3914,1,3920,G
2-PB1,1772,0,3868,0,4,3872,T
2-PB1,1773,3870,0,1,0,3871,A
2-PB1,1774,0,3832,0,4,3836,T
2-PB1,1775,8,2,0,3835,3845,C
2-PB1,1776,3758,1,3,1,3763,A
2-PB1,1777,0,6,3788,0,3794,G
2-PB1,1778,3787,1,2,0,3790,A
2-PB1,1779,0,3768,1,0,3769,T
2-PB1,1780,0,10,3641,1,3652,G
2-PB1,1781,2,8,3633,0,3643,G
2-PB1,1782,1,8,3626,2,3637,G
2-PB1,1783,1,10,3645,0,3656,G
2-PB1,1784,3,17,3638,0,3658,G
2-PB1,1785,3642,0,2,0,3644,A
2-PB1,1786,4,1,1,3620,3626,C
2-PB1,1787,13,2,0,3576,3591,C
2-PB1,1788,3592,0,2,0,3594,A
2-PB1,1789,3848,0,1,1,3850,A
2-PB1,1790,3858,0,3,0,3861,A
2-PB1,1791,2,0,0,3937,3939,C
2-PB1,1792,0,3915,0,2,3917,T
2-PB1,1793,0,3909,0,0,3909,T
2-PB1,1794,3921,0,0,0,3921,A
2-PB1,1795,1,3919,1,0,3921,T
2-PB1,1796,3924,1,0,0,3925,A
2-PB1,1797,3,1,1,3926,3931,C
2-PB1,1798,3687,1,0,0,3688,A
2-PB1,1799,3701,0,0,0,3701,A
2-PB1,1800,1,3631,0,1,3633,T
2-PB1,1801,3672,1,1,0,3674,A
2-PB1,1802,1,3668,1,0,3670,T
2-PB1,1803,6,3,0,3662,3671,C
2-PB1,1804,3,3,0,3664,3670,C
2-PB1,1805,3,6,3659,0,3668,G
2-PB1,1806,1,10,3658,0,3669,G
2-PB1,1807,3666,2,2,0,3670,A
2-PB1,1808,3682,0,2,0,3684,A
2-PB1,1809,0,3678,0,0,3678,T
2-PB1,1810,9,1,0,3704,3714,C
2-PB1,1811,2,3689,1,2,3694,T
2-PB1,1812,2,3712,0,2,3716,T
2-PB1,1813,6,0,0,3712,3718,C
2-PB1,1814,3706,1,2,0,3709,A
2-PB1,1815,3,9,0,3720,3732,C
2-PB1,1816,3714,0,3,0,3717,A
2-PB1,1817,1,4002,0,0,4003,T
2-PB1,1818,15,0,0,3995,4010,C
2-PB1,1819,16,1,0,4008,4025,C
2-PB1,1820,12,1,1,4023,4037,C
2-PB1,1821,0,4022,1,9,4032,T
2-PB1,1822,3,7,4026,1,4037,G
2-PB1,1823,4034,0,1,0,4035,A
2-PB1,1824,4022,1,4,0,4027,A
2-PB1,1825,0,5,4032,0,4037,G
2-PB1,1826,0,3838,1,2,3841,T
2-PB1,1827,15,0,0,3836,3851,C
2-PB1,1828,0,3777,0,7,3784,T
2-PB1,1829,0,3,3892,0,3895,G
2-PB1,1830,3,1,0,3895,3899,C
2-PB1,1831,2,3878,0,10,3890,T
2-PB1,1832,1,3901,0,1,3903,T
2-PB1,1833,3895,1,1,0,3897,A
2-PB1,1834,3897,1,1,1,3900,A
2-PB1,1835,3906,0,1,0,3907,A
2-PB1,1836,2,2,3927,0,3931,G
2-PB1,1837,1,3890,0,0,3891,T
2-PB1,1838,2,18,3794,0,3814,G
2-PB1,1839,1,10,3811,0,3822,G
2-PB1,1840,9,13,3828,0,3850,G
2-PB1,1841,3831,0,9,1,3841,A
2-PB1,1842,0,1,3846,0,3847,G
2-PB1,1843,16,0,0,3832,3848,C
2-PB1,1844,1,3819,0,3,3823,T
2-PB1,1845,1,9,3808,0,3818,G
2-PB1,1846,3809,0,5,1,3815,A
2-PB1,1847,1,3816,0,1,3818,T
2-PB1,1848,3,7,3797,0,3807,G
2-PB1,1849,1,8,3803,0,3812,G
2-PB1,1850,3800,0,10,0,3810,A
2-PB1,1851,2,3787,0,0,3789,T
2-PB1,1852,0,11,3780,1,3792,G
2-PB1,1853,3775,0,1,0,3776,A
2-PB1,1854,1,13,3807,0,3821,G
2-PB1,1855,3801,0,4,0,3805,A
2-PB1,1856,3819,0,1,1,3821,A
2-PB1,1857,1,3806,0,0,3807,T
2-PB1,1858,0,3783,0,1,3784,T
2-PB1,1859,3799,1,2,0,3802,A
2-PB1,1860,1,3795,0,3,3799,T
2-PB1,1861,4,1,0,3788,3793,C
2-PB1,1862,1,8,3793,0,3802,G
2-PB1,1863,0,15,3753,1,3769,G
2-PB1,1864,0,10,3746,1,3757,G
2-PB1,1865,2,6,3756,0,3764,G
2-PB1,1866,3751,1,2,0,3754,A
2-PB1,1867,3753,0,4,0,3757,A
2-PB1,1868,1,18,3768,0,3787,G
2-PB1,1869,3806,1,5,0,3812,A
2-PB1,1870,4,0,0,3824,3828,C
2-PB1,1871,0,3793,0,1,3794,T
2-PB1,1872,1,3864,0,1,3866,T
2-PB1,1873,0,3863,0,2,3865,T
2-PB1,1874,1,3,3891,0,3895,G
2-PB1,1875,0,3895,0,2,3897,T
2-PB1,1876,3873,0,1,0,3874,A
2-PB1,1877,3860,0,5,0,3865,A
2-PB1,1878,0,3796,0,3,3799,T
2-PB1,1879,13,0,0,3811,3824,C
2-PB1,1880,11,0,0,3805,3816,C
2-PB1,1881,15,1,0,3791,3807,C
2-PB1,1882,16,1,0,3807,3824,C
2-PB1,1883,1,3798,0,3,3802,T
2-PB1,1884,1,11,3799,0,3811,G
2-PB1,1885,3807,1,2,0,3810,A
2-PB1,1886,3824,0,0,0,3824,A
2-PB1,1887,1,3812,0,6,3819,T
2-PB1,1888,12,1,0,3786,3799,C
2-PB1,1889,6,2,1,3778,3787,C
2-PB1,1890,12,0,0,3762,3774,C
2-PB1,1891,1,3762,0,8,3771,T
2-PB1,1892,1,3774,0,0,3775,T
2-PB1,1893,0,3765,0,0,3765,T
2-PB1,1894,0,0,3770,0,3770,G
2-PB1,1895,2,3749,0,5,3756,T
2-PB1,1896,14,0,0,3733,3747,C
2-PB1,1897,3717,0,5,0,3722,A
2-PB1,1898,1,0,3775,0,3776,G
2-PB1,1899,1,1,0,3757,3759,C
2-PB1,1900,9,1,0,3757,3767,C
2-PB1,1901,3765,2,0,1,3768,A
2-PB1,1902,0,3768,0,1,3769,T
2-PB1,1903,3759,0,1,0,3760,A
2-PB1,1904,3759,2,4,0,3765,A
2-PB1,1905,3759,0,2,0,3761,A
2-PB1,1906,0,7,3778,0,3785,G
2-PB1,1907,3687,1,2,1,3691,A
2-PB1,1908,3699,0,5,0,3704,A
2-PB1,1909,3702,2,2,0,3706,A
2-PB1,1910,0,3696,0,1,3697,T
2-PB1,1911,1,3694,0,0,3695,T
2-PB1,1912,1,20,3678,0,3699,G
2-PB1,1913,3680,0,2,0,3682,A
2-PB1,1914,3616,0,3,0,3619,A
2-PB1,1915,0,3723,0,3,3726,T
2-PB1,1916,6,1,0,3749,3756,C
2-PB1,1917,0,3754,0,1,3755,T
2-PB1,1918,1,6,3818,0,3825,G
2-PB1,1919,0,3822,0,4,3826,T
2-PB1,1920,3851,0,10,0,3861,A
2-PB1,1921,3853,1,0,2,3856,A
2-PB1,1922,3863,0,3,1,3867,A
2-PB1,1923,2,0,0,3880,3882,C
2-PB1,1924,3756,0,0,0,3756,A
2-PB1,1925,3853,0,0,0,3853,A
2-PB1,1926,0,3856,1,1,3858,T
2-PB1,1927,0,6,3843,0,3849,G
2-PB1,1928,4,0,1,3891,3896,C
2-PB1,1929,0,3845,0,7,3852,T
2-PB1,1930,2,8,3960,0,3970,G
2-PB1,1931,0,3971,0,1,3972,T
2-PB1,1932,4012,0,0,0,4012,A
2-PB1,1933,0,8,4014,1,4023,G
2-PB1,1934,2,3923,0,0,3925,T
2-PB1,1935,3902,0,1,0,3903,A
2-PB1,1936,3867,0,1,9,3877,A
2-PB1,1937,0,3851,0,0,3851,T
2-PB1,1938,0,1,3847,0,3848,G
2-PB1,1939,0,1,0,3788,3789,C
2-PB1,1940,9,2,1,3713,3725,C
2-PB1,1941,3656,0,7,0,3663,A
2-PB1,1942,1,2,3692,0,3695,G
2-PB1,1943,2,1,0,3786,3789,C
2-PB1,1944,8,1,0,3774,3783,C
2-PB1,1945,11,2,0,3760,3773,C
2-PB1,1946,3756,0,0,0,3756,A
2-PB1,1947,1,3746,0,5,3752,T
2-PB1,1948,1,11,3735,0,3747,G
2-PB1,1949,4,3,3738,1,3746,G
2-PB1,1950,1,3723,0,3,3727,T
2-PB1,1951,10,0,0,3688,3698,C
2-PB1,1952,9,5,0,3561,3575,C
2-PB1,1953,4,7,3583,0,3594,G
2-PB1,1954,2,2,3592,1,3597,G
2-PB1,1955,2,0,0,3590,3592,C
2-PB1,1956,17,0,0,3573,3590,C
2-PB1,1957,3591,0,1,0,3592,A
2-PB1,1958,3597,0,0,0,3597,A
2-PB1,1959,3593,0,0,0,3593,A
2-PB1,1960,3597,0,9,0,3606,A
2-PB1,1961,2,5,3650,0,3657,G
2-PB1,1962,1,3562,0,0,3563,T
2-PB1,1963,3583,1,0,0,3584,A
2-PB1,1964,0,3576,0,2,3578,T
2-PB1,1965,2,12,3565,0,3579,G
2-PB1,1966,2,5,3651,0,3658,G
2-PB1,1967,3618,1,1,0,3620,A
2-PB1,1968,3658,1,1,1,3661,A
2-PB1,1969,0,3640,1,1,3642,T
2-PB1,1970,3597,0,0,1,3598,A
2-PB1,1971,0,3582,0,1,3583,T
2-PB1,1972,1,4,3561,0,3566,G
2-PB1,1973,3565,0,4,1,3570,A
2-PB1,1974,1,3551,1,3,3556,T
2-PB1,1975,0,1,3465,1,3467,G
2-PB1,1976,4,1,0,3449,3454,C
2-PB1,1977,23,1,0,3410,3434,C
2-PB1,1978,3,3,3438,0,3444,G
2-PB1,1979,0,3432,1,3,3436,T
2-PB1,1980,1,3434,1,5,3441,T
2-PB1,1981,2,4,3441,0,3447,G
2-PB1,1982,4,0,1,3511,3516,C
2-PB1,1983,3511,3,3,0,3517,A
2-PB1,1984,3568,1,1,0,3570,A
2-PB1,1985,2,3,0,3580,3585,C
2-PB1,1986,1,3548,2,0,3551,T
2-PB1,1987,3558,0,2,0,3560,A
2-PB1,1988,12,4,0,3541,3557,C
2-PB1,1989,3550,1,4,0,3555,A
2-PB1,1990,2,0,0,3561,3563,C
2-PB1,1991,3447,0,0,0,3447,A
2-PB1,1992,7,2,0,3679,3688,C
2-PB1,1993,1,3621,1,2,3625,T
2-PB1,1994,21,1,0,3614,3636,C
2-PB1,1995,9,0,0,3623,3632,C
2-PB1,1996,2,3597,0,7,3606,T
2-PB1,1997,5,6,3599,0,3610,G
2-PB1,1998,1,7,3608,0,3616,G
2-PB1,1999,3618,0,0,0,3618,A
2-PB1,2000,0,3607,0,6,3613,T
2-PB1,2001,0,3254,0,1,3255,T
2-PB1,2002,6,1,0,3285,3292,C
2-PB1,2003,8,1,0,3258,3267,C
2-PB1,2004,19,2,0,3268,3289,C
2-PB1,2005,3291,0,1,0,3292,A
2-PB1,2006,3280,1,1,0,3282,A
2-PB1,2007,1,12,3278,0,3291,G
2-PB1,2008,3273,0,4,0,3277,A
2-PB1,2009,0,6,3275,2,3283,G
2-PB1,2010,0,8,3281,0,3289,G
2-PB1,2011,3221,0,6,1,3228,A
2-PB1,2012,3227,0,5,0,3232,A
2-PB1,2013,2,0,1,3235,3238,C
2-PB1,2014,12,2,0,3193,3207,C
2-PB1,2015,6,2,3263,0,3271,G
2-PB1,2016,2,13,0,3245,3260,C
2-PB1,2017,0,3263,0,2,3265,T
2-PB1,2018,16,0,0,3259,3275,C
2-PB1,2019,0,3253,0,2,3255,T
2-PB1,2020,3489,0,1,0,3490,A
2-PB1,2021,1,3483,2,5,3491,T
2-PB1,2022,0,3508,0,5,3513,T
2-PB1,2023,8,0,2,3519,3529,C
2-PB1,2024,0,3411,0,2,3413,T
2-PB1,2025,3414,0,0,0,3414,A
2-PB1,2026,3410,0,2,0,3412,A
2-PB1,2027,3428,3,1,0,3432,A
2-PB1,2028,7,2,0,3424,3433,C
2-PB1,2029,3203,1,1,1,3206,A
2-PB1,2030,0,0,0,3209,3209,C
2-PB1,2031,3182,0,0,1,3183,A
2-PB1,2032,3204,0,5,0,3209,A
2-PB1,2033,0,2,3228,0,3230,G
2-PB1,2034,1,0,0,3225,3226,C
2-PB1,2035,14,6,0,3210,3230,C
2-PB1,2036,3194,0,0,0,3194,A
2-PB1,2037,3205,0,2,0,3207,A
2-PB1,2038,3197,0,8,0,3205,A
2-PB1,2039,0,9,3215,0,3224,G
2-PB1,2040,1,13,3207,0,3221,G
2-PB1,2041,0,13,3163,0,3176,G
2-PB1,2042,0,11,3170,0,3181,G
2-PB1,2043,3141,0,4,0,3145,A
2-PB1,2044,3161,1,2,1,3165,A
2-PB1,2045,0,3160,1,0,3161,T
2-PB1,2046,1,3162,0,1,3164,T
2-PB1,2047,8,0,1,3170,3179,C
2-PB1,2048,1,3139,0,5,3145,T
2-PB1,2049,0,3136,0,0,3136,T
2-PB1,2050,1,11,3123,0,3135,G
2-PB1,2051,3119,1,11,0,3131,A
2-PB1,2052,1,8,3142,0,3151,G
2-PB1,2053,0,9,3140,0,3149,G
2-PB1,2054,3144,2,0,1,3147,A
2-PB1,2055,1,3136,0,1,3138,T
2-PB1,2056,0,15,3141,0,3156,G
2-PB1,2057,3149,1,4,0,3154,A
2-PB1,2058,3143,1,10,0,3154,A
2-PB1,2059,0,1,0,3170,3171,C
2-PB1,2060,3145,0,3,0,3148,A
2-PB1,2061,0,7,3186,0,3193,G
2-PB1,2062,3179,0,2,1,3182,A
2-PB1,2063,3,3176,1,0,3180,T
2-PB1,2064,1,4,3207,0,3212,G
2-PB1,2065,0,3259,0,1,3260,T
2-PB1,2066,3260,0,5,0,3265,A
2-PB1,2067,6,0,0,3252,3258,C
2-PB1,2068,14,0,0,3227,3241,C
2-PB1,2069,3193,0,0,1,3194,A
2-PB1,2070,2,4,3158,0,3164,G
2-PB1,2071,3128,3,0,0,3131,A
2-PB1,2072,3122,0,3,0,3125,A
2-PB1,2073,0,1,3129,1,3131,G
2-PB1,2074,0,2955,0,0,2955,T
2-PB1,2075,0,0,2961,0,2961,G
2-PB1,2076,4,1,0,2955,2960,C
2-PB1,2077,1,2948,0,3,2952,T
2-PB1,2078,5,3,2943,0,2951,G
2-PB1,2079,4,4,0,2937,2945,C
2-PB1,2080,2936,0,2,0,2938,A
2-PB1,2081,2939,0,3,0,2942,A
2-PB1,2082,3,0,0,2916,2919,C
2-PB1,2083,0,2891,0,3,2894,T
2-PB1,2084,0,2861,0,0,2861,T
2-PB1,2085,0,1,2859,0,2860,G
2-PB1,2086,0,2847,1,2,2850,T
2-PB1,2087,0,2848,0,0,2848,T
2-PB1,2088,24,1,1,2816,2842,C
2-PB1,2089,0,13,2829,0,2842,G
2-PB1,2090,2833,1,2,1,2837,A
2-PB1,2091,1,9,2832,0,2842,G
2-PB1,2092,2841,0,1,1,2843,A
2-PB1,2093,2840,0,0,0,2840,A
2-PB1,2094,2842,1,0,0,2843,A
2-PB1,2095,0,2841,0,0,2841,T
2-PB1,2096,0,2845,0,2,2847,T
2-PB1,2097,1,2843,0,2,2846,T
2-PB1,2098,0,2847,1,2,2850,T
2-PB1,2099,1,2847,0,0,2848,T
2-PB1,2100,8,2,0,2848,2858,C
2-PB1,2101,6,0,0,2851,2857,C
2-PB1,2102,14,1,0,2851,2866,C
2-PB1,2103,1,2869,0,1,2871,T
2-PB1,2104,2869,1,0,0,2870,A
2-PB1,2105,1,7,2872,0,2880,G
2-PB1,2106,0,2879,0,0,2879,T
2-PB1,2107,2888,1,2,1,2892,A
2-PB1,2108,0,2,2904,0,2906,G
2-PB1,2109,1,2873,0,1,2875,T
2-PB1,2110,0,2942,0,3,2945,T
2-PB1,2111,25,0,0,2924,2949,C
2-PB1,2112,2994,1,1,0,2996,A
2-PB1,2113,0,2997,0,5,3002,T
2-PB1,2114,2998,0,2,0,3000,A
2-PB1,2115,1,3001,0,0,3002,T
2-PB1,2116,2926,0,7,0,2933,A
2-PB1,2117,0,7,2913,2,2922,G
2-PB1,2118,0,5,2898,0,2903,G
2-PB1,2119,2640,1,5,0,2646,A
2-PB1,2120,0,8,2639,0,2647,G
2-PB1,2121,2492,2,3,0,2497,A
2-PB1,2122,2,0,0,2487,2489,C
2-PB1,2123,8,0,0,2378,2386,C
2-PB1,2124,1,7,2377,0,2385,G
2-PB1,2125,2380,0,1,0,2381,A
2-PB1,2126,1,2361,0,1,2363,T
2-PB1,2127,0,2359,0,3,2362,T
2-PB1,2128,2,2,2357,0,2361,G
2-PB1,2129,0,6,2354,0,2360,G
2-PB1,2130,2348,1,9,0,2358,A
2-PB1,2131,2353,0,2,0,2355,A
2-PB1,2132,0,2349,0,1,2350,T
2-PB1,2133,0,2364,0,0,2364,T
2-PB1,2134,0,2364,0,0,2364,T
2-PB1,2135,9,1,0,2354,2364,C
2-PB1,2136,0,2366,0,0,2366,T
2-PB1,2137,2354,0,2,0,2356,A
2-PB1,2138,1,1,2354,0,2356,G
2-PB1,2139,3,2,1,2348,2354,C
2-PB1,2140,2349,0,1,0,2350,A
2-PB1,2141,1,2343,0,1,2345,T
2-PB1,2142,0,9,2302,0,2311,G
2-PB1,2143,0,3,2362,1,2366,G
2-PB1,2144,1,2353,1,3,2358,T
2-PB1,2145,0,2,2347,0,2349,G
2-PB1,2146,1,4,2340,0,2345,G
2-PB1,2147,2296,1,5,1,2303,A
2-PB1,2148,1,4,2300,0,2305,G
2-PB1,2149,0,2,2297,1,2300,G
2-PB1,2150,2,0,0,2290,2292,C
2-PB1,2151,10,0,0,2246,2256,C
2-PB1,2152,2093,0,2,0,2095,A
2-PB1,2153,1,2079,0,0,2080,T
2-PB1,2154,0,7,2083,0,2090,G
2-PB1,2155,1,1,2097,0,2099,G
2-PB1,2156,1,2034,1,1,2037,T
2-PB1,2157,0,1,2043,0,2044,G
2-PB1,2158,0,1994,1,1,1996,T
2-PB1,2159,10,0,0,1978,1988,C
2-PB1,2160,0,1984,1,1,1986,T
2-PB1,2161,1952,0,0,0,1952,A
2-PB1,2162,0,6,1945,0,1951,G
2-PB1,2163,1,4,1899,0,1904,G
2-PB1,2164,0,2,1879,0,1881,G
2-PB1,2165,3,0,0,1851,1854,C
2-PB1,2166,7,3,0,1745,1755,C
2-PB1,2167,6,1,0,1714,1721,C
2-PB1,2168,6,10,1695,0,1711,G
2-PB1,2169,0,3,1721,0,1724,G
2-PB1,2170,1723,0,3,0,1726,A
2-PB1,2171,0,1722,1,0,1723,T
2-PB1,2172,0,1663,1,0,1664,T
2-PB1,2173,1,1,1647,0,1649,G
2-PB1,2174,1637,1,2,0,1640,A
2-PB1,2175,1,1644,0,0,1645,T
2-PB1,2176,0,1,1641,0,1642,G
2-PB1,2177,0,0,1,1633,1634,C
2-PB1,2178,9,1,0,1620,1630,C
2-PB1,2179,1621,1,1,0,1623,A
2-PB1,2180,0,10,1612,0,1622,G
2-PB1,2181,1619,0,1,0,1620,A
2-PB1,2182,1618,1,2,0,1621,A
2-PB1,2183,0,1614,1,1,1616,T
2-PB1,2184,0,1568,1,2,1571,T
2-PB1,2185,1,7,1563,0,1571,G
2-PB1,2186,1566,0,0,0,1566,A
2-PB1,2187,1,0,0,1566,1567,C
2-PB1,2188,0,1543,1,10,1554,T
2-PB1,2189,1,1541,0,1,1543,T
2-PB1,2190,6,0,0,1532,1538,C
2-PB1,2191,1,4,1535,0,1540,G
2-PB1,2192,1539,1,1,0,1541,A
2-PB1,2193,0,1,1506,0,1507,G
2-PB1,2194,0,1513,1,2,1516,T
2-PB1,2195,7,0,0,1508,1515,C
2-PB1,2196,1,1516,2,1,1520,T
2-PB1,2197,0,2,1514,0,1516,G
2-PB1,2198,0,2,1517,0,1519,G
2-PB1,2199,1516,2,0,0,1518,A
2-PB1,2200,1411,0,5,0,1416,A
2-PB1,2201,0,6,1417,0,1423,G
2-PB1,2202,0,0,1432,0,1432,G
2-PB1,2203,1435,0,0,0,1435,A
2-PB1,2204,1,1427,0,0,1428,T
2-PB1,2205,1,1425,2,0,1428,T
2-PB1,2206,1426,0,0,0,1426,A
2-PB1,2207,1415,0,4,0,1419,A
2-PB1,2208,0,3,1414,0,1417,G
2-PB1,2209,1416,0,1,0,1417,A
2-PB1,2210,1344,0,0,0,1344,A
2-PB1,2211,1,3,1255,0,1259,G
2-PB1,2212,0,2,1251,0,1253,G
2-PB1,2213,1247,0,1,0,1248,A
2-PB1,2214,1244,0,2,0,1246,A
2-PB1,2215,0,5,1243,0,1248,G
2-PB1,2216,1188,0,0,0,1188,A
2-PB1,2217,1,0,1188,0,1189,G
2-PB1,2218,1,1133,1,2,1137,T
2-PB1,2219,0,1125,1,0,1126,T
2-PB1,2220,6,0,0,1129,1135,C
2-PB1,2221,1,1112,0,0,1113,T
2-PB1,2222,3,0,0,1109,1112,C
2-PB1,2223,0,1100,1,0,1101,T
2-PB1,2224,1,3,1093,0,1097,G
2-PB1,2225,1069,0,1,0,1070,A
2-PB1,2226,0,3,1057,0,1060,G
2-PB1,2227,1044,0,0,0,1044,A
2-PB1,2228,0,1021,0,2,1023,T
2-PB1,2229,4,0,0,962,966,C
2-PB1,2230,962,0,1,0,963,A
2-PB1,2231,0,961,0,0,961,T
2-PB1,2232,0,3,959,0,962,G
2-PB1,2233,959,0,0,0,959,A
2-PB1,2234,947,0,3,1,951,A
2-PB1,2235,0,1,932,0,933,G
2-PB1,2236,919,0,0,0,919,A
2-PB1,2237,0,912,0,0,912,T
2-PB1,2238,3,1,0,899,903,C
2-PB1,2239,1,846,0,0,847,T
2-PB1,2240,1,0,846,0,847,G
2-PB1,2241,0,846,0,1,847,T
2-PB1,2242,0,844,0,0,844,T
2-PB1,2243,1,1,0,838,840,C
2-PB1,2244,1,2,0,801,804,C
2-PB1,2245,798,0,1,0,799,A
2-PB1,2246,4,0,0,798,802,C
2-PB1,2247,3,0,0,765,768,C
2-PB1,2248,750,0,1,0,751,A
2-PB1,2249,0,699,0,0,699,T
2-PB1,2250,0,675,0,0,675,T
2-PB1,2251,0,0,674,0,674,G
2-PB1,2252,671,0,1,0,672,A
2-PB1,2253,668,0,1,0,669,A
2-PB1,2254,3,2,660,0,665,G
2-PB1,2255,579,2,1,0,582,A
2-PB1,2256,578,0,0,0,578,A
2-PB1,2257,1,0,0,571,572,C
2-PB1,2258,1,539,0,0,540,T
2-PB1,2259,1,1,0,537,539,C
2-PB1,2260,499,0,0,0,499,A
2-PB1,2261,0,2,498,0,500,G
2-PB1,2262,498,0,2,0,500,A
2-PB1,2263,0,0,0,486,486,C
2-PB1,2264,1,1,464,0,466,G
2-PB1,2265,0,0,460,0,460,G
2-PB1,2266,0,0,0,458,458,C
2-PB1,2267,452,1,0,0,453,A
2-PB1,2268,448,0,1,0,449,A
2-PB1,2269,421,0,25,0,446,A
2-PB1,2270,444,0,0,0,444,A
2-PB1,2271,441,0,0,0,441,A
2-PB1,2272,0,434,0,0,434,T
2-PB1,2273,414,0,0,0,414,A
2-PB1,2274,411,0,0,0,411,A
3-PA,1,50,0,0,0,50,A
3-PA,2,0,50,0,0,50,T
3-PA,3,0,0,52,0,52,G
3-PA,4,0,0,52,0,52,G
3-PA,5,52,0,0,0,52,A
3-PA,6,52,0,0,0,52,A
3-PA,7,0,0,55,0,55,G
3-PA,8,56,0,0,0,56,A
3-PA,9,0,56,0,0,56,T
3-PA,10,0,56,0,0,56,T
3-PA,11,0,61,0,0,61,T
3-PA,12,0,61,0,0,61,T
3-PA,13,0,0,62,0,62,G
3-PA,14,0,62,0,0,62,T
3-PA,15,1,0,61,0,62,G
3-PA,16,0,0,0,65,65,C
3-PA,17,0,0,65,0,65,G
3-PA,18,69,0,1,0,70,A
3-PA,19,0,0,0,74,74,C
3-PA,20,73,0,0,0,73,A
3-PA,21,75,0,0,0,75,A
3-PA,22,0,78,0,0,78,T
3-PA,23,0,0,95,0,95,G
3-PA,24,0,0,0,96,96,C
3-PA,25,0,96,0,0,96,T
3-PA,26,0,96,0,0,96,T
3-PA,27,0,0,0,96,96,C
3-PA,28,98,0,0,0,98,A
3-PA,29,100,0,0,0,100,A
3-PA,30,0,0,0,105,105,C
3-PA,31,1,0,0,105,106,C
3-PA,32,2,0,0,103,105,C
3-PA,33,0,0,104,1,105,G
3-PA,34,106,0,0,0,106,A
3-PA,35,0,106,0,0,106,T
3-PA,36,0,0,106,0,106,G
3-PA,37,108,0,0,0,108,A
3-PA,38,0,111,0,0,111,T
3-PA,39,0,111,0,0,111,T
3-PA,40,0,0,113,0,113,G
3-PA,41,0,113,0,0,113,T
3-PA,42,0,2,0,111,113,C
3-PA,43,0,1,112,0,113,G
3-PA,44,113,0,0,0,113,A
3-PA,45,113,0,0,0,113,A
3-PA,46,0,0,0,114,114,C
3-PA,47,0,114,0,0,114,T
3-PA,48,0,114,0,0,114,T
3-PA,49,0,0,116,0,116,G
3-PA,50,0,1,0,113,114,C
3-PA,51,116,0,0,0,116,A
3-PA,52,0,1,115,0,116,G
3-PA,53,116,0,0,0,116,A
3-PA,54,116,0,0,0,116,A
3-PA,55,116,0,0,0,116,A
3-PA,56,115,0,0,0,115,A
3-PA,57,116,0,1,0,117,A
3-PA,58,0,0,120,0,120,G
3-PA,59,0,0,0,126,126,C
3-PA,60,124,0,1,0,125,A
3-PA,61,129,1,0,0,130,A
3-PA,62,0,133,0,0,133,T
3-PA,63,0,0,134,0,134,G
3-PA,64,137,0,0,0,137,A
3-PA,65,136,0,0,0,136,A
3-PA,66,138,0,0,0,138,A
3-PA,67,0,1,145,0,146,G
3-PA,68,158,0,0,0,158,A
3-PA,69,0,0,192,0,192,G
3-PA,70,0,192,0,0,192,T
3-PA,71,193,0,0,0,193,A
3-PA,72,0,190,0,0,190,T
3-PA,73,0,0,191,0,191,G
3-PA,74,0,2,192,0,194,G
3-PA,75,0,4,190,0,194,G
3-PA,76,0,0,195,0,195,G
3-PA,77,193,0,0,0,193,A
3-PA,78,1,1,195,0,197,G
3-PA,79,0,1,198,0,199,G
3-PA,80,197,0,0,0,197,A
3-PA,81,0,200,0,0,200,T
3-PA,82,1,0,0,199,200,C
3-PA,83,0,195,0,1,196,T
3-PA,84,0,0,198,0,198,G
3-PA,85,198,0,0,0,198,A
3-PA,86,199,0,0,0,199,A
3-PA,87,199,0,0,0,199,A
3-PA,88,196,0,1,0,197,A
3-PA,89,0,198,0,0,198,T
3-PA,90,0,198,0,0,198,T
3-PA,91,0,1,198,0,199,G
3-PA,92,200,0,0,0,200,A
3-PA,93,200,0,0,0,200,A
3-PA,94,200,0,0,0,200,A
3-PA,95,0,0,0,205,205,C
3-PA,96,204,0,1,0,205,A
3-PA,97,205,0,0,0,205,A
3-PA,98,206,0,0,0,206,A
3-PA,99,0,0,0,206,206,C
3-PA,100,206,0,0,0,206,A
3-PA,101,209,0,0,0,209,A
3-PA,102,208,0,0,0,208,A
3-PA,103,0,209,0,0,209,T
3-PA,104,0,209,0,0,209,T
3-PA,105,0,209,0,0,209,T
3-PA,106,0,0,208,0,208,G
3-PA,107,0,0,0,211,211,C
3-PA,108,210,0,1,0,211,A
3-PA,109,0,0,216,0,216,G
3-PA,110,0,0,0,218,218,C
3-PA,111,228,0,0,0,228,A
3-PA,112,234,0,0,0,234,A
3-PA,113,0,235,0,0,235,T
3-PA,114,241,0,0,0,241,A
3-PA,115,0,243,0,0,243,T
3-PA,116,0,0,247,0,247,G
3-PA,117,0,0,0,249,249,C
3-PA,118,247,0,2,0,249,A
3-PA,119,0,0,0,255,255,C
3-PA,120,0,250,0,0,250,T
3-PA,121,2,0,0,300,302,C
3-PA,122,311,0,0,0,311,A
3-PA,123,0,0,0,315,315,C
3-PA,124,0,315,0,0,315,T
3-PA,125,0,315,0,0,315,T
3-PA,126,0,3,313,0,316,G
3-PA,127,0,0,317,0,317,G
3-PA,128,317,0,0,0,317,A
3-PA,129,0,1,319,0,320,G
3-PA,130,0,1,315,0,316,G
3-PA,131,0,310,0,0,310,T
3-PA,132,0,1,320,0,321,G
3-PA,133,0,322,0,0,322,T
3-PA,134,0,0,327,0,327,G
3-PA,135,0,328,0,0,328,T
3-PA,136,0,327,0,0,327,T
3-PA,137,0,329,0,0,329,T
3-PA,138,0,0,0,333,333,C
3-PA,139,331,0,0,0,331,A
3-PA,140,0,332,0,0,332,T
3-PA,141,0,1,338,0,339,G
3-PA,142,0,336,0,0,336,T
3-PA,143,339,0,0,0,339,A
3-PA,144,0,338,0,0,338,T
3-PA,145,0,338,0,0,338,T
3-PA,146,0,0,0,338,338,C
3-PA,147,337,0,1,0,338,A
3-PA,148,0,3,336,0,339,G
3-PA,149,337,0,0,0,337,A
3-PA,150,0,338,0,0,338,T
3-PA,151,0,335,0,0,335,T
3-PA,152,0,337,0,0,337,T
3-PA,153,0,0,0,335,335,C
3-PA,154,0,0,0,344,344,C
3-PA,155,344,0,0,0,344,A
3-PA,156,0,344,0,0,344,T
3-PA,157,0,342,0,0,342,T
3-PA,158,0,342,0,0,342,T
3-PA,159,2,0,0,342,344,C
3-PA,160,345,0,1,0,346,A
3-PA,161,1,353,0,0,354,T
3-PA,162,0,0,0,355,355,C
3-PA,163,356,0,0,0,356,A
3-PA,164,355,0,0,0,355,A
3-PA,165,0,358,0,0,358,T
3-PA,166,0,0,362,0,362,G
3-PA,167,364,0,0,0,364,A
3-PA,168,364,0,0,0,364,A
3-PA,169,0,0,0,363,363,C
3-PA,170,361,0,0,0,361,A
3-PA,171,362,0,1,0,363,A
3-PA,172,0,1,363,0,364,G
3-PA,173,0,2,363,0,365,G
3-PA,174,0,1,0,366,367,C
3-PA,175,0,1,359,0,360,G
3-PA,176,379,0,0,0,379,A
3-PA,177,379,1,0,0,380,A
3-PA,178,1,377,0,0,378,T
3-PA,179,1,0,0,384,385,C
3-PA,180,385,0,0,0,385,A
3-PA,181,386,0,0,0,386,A
3-PA,182,0,391,0,0,391,T
3-PA,183,390,0,1,0,391,A
3-PA,184,0,1,396,0,397,G
3-PA,185,0,397,0,0,397,T
3-PA,186,0,2,403,0,405,G
3-PA,187,0,0,406,0,406,G
3-PA,188,0,403,0,0,403,T
3-PA,189,400,0,1,0,401,A
3-PA,190,0,2,405,0,407,G
3-PA,191,406,0,0,0,406,A
3-PA,192,408,0,0,0,408,A
3-PA,193,1,0,0,405,406,C
3-PA,194,0,401,0,0,401,T
3-PA,195,0,402,0,0,402,T
3-PA,196,0,1,401,0,402,G
3-PA,197,400,0,1,0,401,A
3-PA,198,1,0,0,401,402,C
3-PA,199,1,1,399,0,401,G
3-PA,200,412,0,0,0,412,A
3-PA,201,0,424,0,0,424,T
3-PA,202,1,0,0,428,429,C
3-PA,203,0,0,0,438,438,C
3-PA,204,439,0,0,0,439,A
3-PA,205,437,0,0,0,437,A
3-PA,206,443,0,0,0,443,A
3-PA,207,0,443,0,0,443,T
3-PA,208,1,0,443,0,444,G
3-PA,209,0,0,0,441,441,C
3-PA,210,437,1,0,0,438,A
3-PA,211,1,0,0,450,451,C
3-PA,212,0,447,0,0,447,T
3-PA,213,0,2,500,0,502,G
3-PA,214,0,501,0,0,501,T
3-PA,215,1,501,0,0,502,T
3-PA,216,500,0,0,0,500,A
3-PA,217,499,0,0,0,499,A
3-PA,218,498,0,0,0,498,A
3-PA,219,0,1,500,0,501,G
3-PA,220,1,0,0,493,494,C
3-PA,221,490,0,0,0,490,A
3-PA,222,0,1,0,489,490,C
3-PA,223,466,0,0,0,466,A
3-PA,224,0,2,481,0,483,G
3-PA,225,484,0,0,0,484,A
3-PA,226,0,482,0,0,482,T
3-PA,227,0,484,0,0,484,T
3-PA,228,0,481,0,1,482,T
3-PA,229,0,2,482,0,484,G
3-PA,230,483,1,0,0,484,A
3-PA,231,486,0,0,0,486,A
3-PA,232,485,0,0,0,485,A
3-PA,233,0,474,0,0,474,T
3-PA,234,474,0,0,0,474,A
3-PA,235,483,1,0,0,484,A
3-PA,236,0,485,0,0,485,T
3-PA,237,1,0,0,483,484,C
3-PA,238,0,2,484,0,486,G
3-PA,239,482,0,0,0,482,A
3-PA,240,1,2,480,0,483,G
3-PA,241,0,3,486,0,489,G
3-PA,242,0,2,485,0,487,G
3-PA,243,0,3,484,0,487,G
3-PA,244,484,0,0,0,484,A
3-PA,245,0,2,487,0,489,G
3-PA,246,496,0,0,0,496,A
3-PA,247,1,1,496,0,498,G
3-PA,248,498,0,2,0,500,A
3-PA,249,0,2,0,496,498,C
3-PA,250,490,0,1,0,491,A
3-PA,251,0,5,498,0,503,G
3-PA,252,505,0,0,0,505,A
3-PA,253,512,0,0,0,512,A
3-PA,254,0,0,0,511,511,C
3-PA,255,500,0,0,0,500,A
3-PA,256,500,0,1,0,501,A
3-PA,257,0,499,0,0,499,T
3-PA,258,0,4,522,0,526,G
3-PA,259,0,0,524,0,524,G
3-PA,260,0,0,0,523,523,C
3-PA,261,1,0,0,528,529,C
3-PA,262,0,518,0,0,518,T
3-PA,263,0,1,529,0,530,G
3-PA,264,0,1,531,0,532,G
3-PA,265,532,0,0,0,532,A
3-PA,266,1,1,0,536,538,C
3-PA,267,521,0,0,0,521,A
3-PA,268,0,0,582,0,582,G
3-PA,269,0,583,0,1,584,T
3-PA,270,588,0,0,0,588,A
3-PA,271,0,0,590,0,590,G
3-PA,272,0,578,0,0,578,T
3-PA,273,579,0,0,0,579,A
3-PA,274,578,0,0,0,578,A
3-PA,275,573,0,0,0,573,A
3-PA,276,1,0,0,579,580,C
3-PA,277,540,0,0,0,540,A
3-PA,278,0,0,555,0,555,G
3-PA,279,0,550,0,0,550,T
3-PA,280,566,0,0,0,566,A
3-PA,281,0,564,0,0,564,T
3-PA,282,2,0,0,568,570,C
3-PA,283,1,568,0,0,569,T
3-PA,284,0,1,567,0,568,G
3-PA,285,0,0,0,575,575,C
3-PA,286,571,0,0,0,571,A
3-PA,287,573,0,2,0,575,A
3-PA,288,1,0,0,578,579,C
3-PA,289,577,0,2,0,579,A
3-PA,290,0,0,0,601,601,C
3-PA,291,0,593,0,0,593,T
3-PA,292,595,0,0,0,595,A
3-PA,293,2,0,0,594,596,C
3-PA,294,0,592,1,0,593,T
3-PA,295,0,2,592,0,594,G
3-PA,296,0,0,593,0,593,G
3-PA,297,589,0,2,0,591,A
3-PA,298,0,1,591,0,592,G
3-PA,299,0,0,0,578,578,C
3-PA,300,0,576,0,0,576,T
3-PA,301,0,2,575,0,577,G
3-PA,302,0,0,578,0,578,G
3-PA,303,576,1,0,0,577,A
3-PA,304,577,0,0,0,577,A
3-PA,305,575,0,1,0,576,A
3-PA,306,577,0,0,0,577,A
3-PA,307,1,0,0,576,577,C
3-PA,308,2,0,0,573,575,C
3-PA,309,0,3,573,0,576,G
3-PA,310,576,0,1,0,577,A
3-PA,311,579,0,0,0,579,A
3-PA,312,0,0,588,0,588,G
3-PA,313,0,587,0,0,587,T
3-PA,314,0,589,0,0,589,T
3-PA,315,0,588,0,0,588,T
3-PA,316,4,0,0,595,599,C
3-PA,317,0,599,0,0,599,T
3-PA,318,597,1,0,0,598,A
3-PA,319,0,0,0,597,597,C
3-PA,320,2,0,0,594,596,C
3-PA,321,595,0,1,0,596,A
3-PA,322,0,2,593,0,595,G
3-PA,323,596,0,0,0,596,A
3-PA,324,1,1,0,588,590,C
3-PA,325,0,615,0,0,615,T
3-PA,326,0,615,0,2,617,T
3-PA,327,0,1,620,0,621,G
3-PA,328,0,620,0,1,621,T
3-PA,329,620,0,0,0,620,A
3-PA,330,1,619,0,0,620,T
3-PA,331,0,3,611,0,614,G
3-PA,332,631,0,1,0,632,A
3-PA,333,0,622,0,0,622,T
3-PA,334,0,625,0,0,625,T
3-PA,335,624,0,0,0,624,A
3-PA,336,0,0,0,628,628,C
3-PA,337,631,0,0,0,631,A
3-PA,338,628,0,1,0,629,A
3-PA,339,0,2,633,0,635,G
3-PA,340,0,0,642,0,642,G
3-PA,341,621,0,0,0,621,A
3-PA,342,1,7,620,0,628,G
3-PA,343,627,0,0,0,627,A
3-PA,344,628,0,2,0,630,A
3-PA,345,1,0,0,630,631,C
3-PA,346,625,0,0,0,625,A
3-PA,347,0,3,623,0,626,G
3-PA,348,626,0,0,0,626,A
3-PA,349,0,622,0,0,622,T
3-PA,350,0,620,0,0,620,T
3-PA,351,2,0,0,617,619,C
3-PA,352,0,1,616,0,617,G
3-PA,353,0,618,0,0,618,T
3-PA,354,2,0,0,617,619,C
3-PA,355,0,2,617,0,619,G
3-PA,356,627,0,0,0,627,A
3-PA,357,626,0,0,0,626,A
3-PA,358,629,0,0,0,629,A
3-PA,359,0,628,0,0,628,T
3-PA,360,1,628,0,0,629,T
3-PA,361,0,2,625,0,627,G
3-PA,362,0,2,628,0,630,G
3-PA,363,0,3,625,0,628,G
3-PA,364,0,0,630,0,630,G
3-PA,365,0,623,0,0,623,T
3-PA,366,0,3,628,0,631,G
3-PA,367,630,0,1,0,631,A
3-PA,368,1,0,0,636,637,C
3-PA,369,636,0,0,0,636,A
3-PA,370,635,0,0,0,635,A
3-PA,371,0,0,646,0,646,G
3-PA,372,0,1,643,0,644,G
3-PA,373,641,0,1,0,642,A
3-PA,374,0,3,642,0,645,G
3-PA,375,634,0,0,0,634,A
3-PA,376,0,2,632,0,634,G
3-PA,377,628,0,1,0,629,A
3-PA,378,629,0,0,0,629,A
3-PA,379,0,0,646,0,646,G
3-PA,380,0,636,0,1,637,T
3-PA,381,2,0,0,634,636,C
3-PA,382,2,1,0,637,640,C
3-PA,383,643,1,0,0,644,A
3-PA,384,1,0,0,656,657,C
3-PA,385,670,0,0,0,670,A
3-PA,386,0,686,0,1,687,T
3-PA,387,696,0,0,0,696,A
3-PA,388,0,678,0,0,678,T
3-PA,389,678,0,0,0,678,A
3-PA,390,0,675,0,0,675,T
3-PA,391,0,672,0,0,672,T
3-PA,392,691,0,1,0,692,A
3-PA,393,0,0,0,683,683,C
3-PA,394,6,0,0,656,662,C
3-PA,395,0,652,0,0,652,T
3-PA,396,0,640,0,1,641,T
3-PA,397,0,1,643,0,644,G
3-PA,398,645,0,0,0,645,A
3-PA,399,645,0,0,0,645,A
3-PA,400,645,0,0,0,645,A
3-PA,401,628,1,2,0,631,A
3-PA,402,0,2,634,0,636,G
3-PA,403,0,0,640,0,640,G
3-PA,404,0,0,0,637,637,C
3-PA,405,3,0,0,634,637,C
3-PA,406,639,0,0,0,639,A
3-PA,407,639,1,0,0,640,A
3-PA,408,0,640,0,0,640,T
3-PA,409,638,0,0,0,638,A
3-PA,410,638,0,1,0,639,A
3-PA,411,1,0,643,0,644,G
3-PA,412,642,0,1,0,643,A
3-PA,413,0,641,0,0,641,T
3-PA,414,0,641,0,0,641,T
3-PA,415,642,0,0,0,642,A
3-PA,416,640,0,0,0,640,A
3-PA,417,644,0,0,0,644,A
3-PA,418,0,647,0,0,647,T
3-PA,419,0,0,0,648,648,C
3-PA,420,0,632,0,0,632,T
3-PA,421,0,0,641,0,641,G
3-PA,422,643,0,1,0,644,A
3-PA,423,0,5,640,0,645,G
3-PA,424,646,0,0,0,646,A
3-PA,425,643,0,1,0,644,A
3-PA,426,0,2,0,648,650,C
3-PA,427,646,0,0,0,646,A
3-PA,428,0,0,0,645,645,C
3-PA,429,646,0,0,0,646,A
3-PA,430,0,0,0,648,648,C
3-PA,431,648,0,0,0,648,A
3-PA,432,0,1,0,664,665,C
3-PA,433,665,0,0,0,665,A
3-PA,434,0,663,0,0,663,T
3-PA,435,1,660,0,1,662,T
3-PA,436,8,0,0,658,666,C
3-PA,437,663,0,0,0,663,A
3-PA,438,0,1,0,668,669,C
3-PA,439,663,0,0,0,663,A
3-PA,440,0,662,0,0,662,T
3-PA,441,0,635,0,1,636,T
3-PA,442,0,640,0,0,640,T
3-PA,443,0,640,0,0,640,T
3-PA,444,1,0,0,646,647,C
3-PA,445,0,648,0,0,648,T
3-PA,446,4,0,0,646,650,C
3-PA,447,647,0,0,0,647,A
3-PA,448,0,648,0,1,649,T
3-PA,449,0,652,0,1,653,T
3-PA,450,4,0,0,649,653,C
3-PA,451,649,0,0,0,649,A
3-PA,452,0,0,0,655,655,C
3-PA,453,0,647,0,0,647,T
3-PA,454,0,4,654,0,658,G
3-PA,455,0,2,653,0,655,G
3-PA,456,0,0,658,0,658,G
3-PA,457,0,2,658,0,660,G
3-PA,458,654,0,0,0,654,A
3-PA,459,0,2,653,0,655,G
3-PA,460,1,2,653,0,656,G
3-PA,461,647,0,2,0,649,A
3-PA,462,650,0,0,0,650,A
3-PA,463,640,0,1,0,641,A
3-PA,464,0,631,0,0,631,T
3-PA,465,0,2,629,0,631,G
3-PA,466,0,0,634,1,635,G
3-PA,467,0,0,0,633,633,C
3-PA,468,1,0,0,638,639,C
3-PA,469,639,0,0,0,639,A
3-PA,470,1,0,0,639,640,C
3-PA,471,640,0,0,0,640,A
3-PA,472,645,0,0,0,645,A
3-PA,473,647,0,1,0,648,A
3-PA,474,0,0,645,0,645,G
3-PA,475,0,0,649,0,649,G
3-PA,476,0,1,0,647,648,C
3-PA,477,650,0,0,0,650,A
3-PA,478,1,1,652,0,654,G
3-PA,479,651,0,0,0,651,A
3-PA,480,0,0,0,663,663,C
3-PA,481,1,656,0,0,657,T
3-PA,482,658,0,0,0,658,A
3-PA,483,0,0,0,653,653,C
3-PA,484,650,0,1,0,651,A
3-PA,485,2,0,0,648,650,C
3-PA,486,0,638,0,0,638,T
3-PA,487,4,1,0,639,644,C
3-PA,488,0,639,0,1,640,T
3-PA,489,0,0,0,630,630,C
3-PA,490,1,0,627,0,628,G
3-PA,491,629,0,0,0,629,A
3-PA,492,0,0,0,629,629,C
3-PA,493,1,1,625,0,627,G
3-PA,494,623,0,1,0,624,A
3-PA,495,0,1,624,0,625,G
3-PA,496,0,2,625,0,627,G
3-PA,497,623,0,0,0,623,A
3-PA,498,626,0,0,0,626,A
3-PA,499,626,0,2,0,628,A
3-PA,500,0,1,629,1,631,G
3-PA,501,1,1,0,626,628,C
3-PA,502,626,0,0,0,626,A
3-PA,503,0,2,631,0,633,G
3-PA,504,0,4,632,0,636,G
3-PA,505,0,0,639,0,639,G
3-PA,506,0,0,0,639,639,C
3-PA,507,0,632,0,0,632,T
3-PA,508,632,0,0,0,632,A
3-PA,509,0,1,640,0,641,G
3-PA,510,0,0,666,0,666,G
3-PA,511,671,0,1,0,672,A
3-PA,512,0,654,0,0,654,T
3-PA,513,0,641,0,0,641,T
3-PA,514,636,0,0,0,636,A
3-PA,515,643,0,0,0,643,A
3-PA,516,0,2,640,0,642,G
3-PA,517,643,0,1,0,644,A
3-PA,518,2,0,0,642,644,C
3-PA,519,1,0,0,599,600,C
3-PA,520,592,0,0,0,592,A
3-PA,521,0,3,597,0,600,G
3-PA,522,0,0,602,0,602,G
3-PA,523,0,0,0,601,601,C
3-PA,524,0,591,0,0,591,T
3-PA,525,0,0,606,0,606,G
3-PA,526,0,601,0,0,601,T
3-PA,527,0,602,0,0,602,T
3-PA,528,0,602,0,0,602,T
3-PA,529,600,0,0,0,600,A
3-PA,530,1,0,0,606,607,C
3-PA,531,4,0,0,590,594,C
3-PA,532,593,0,1,0,594,A
3-PA,533,0,594,0,0,594,T
3-PA,534,560,0,0,0,560,A
3-PA,535,562,0,0,0,562,A
3-PA,536,0,3,565,0,568,G
3-PA,537,565,0,0,0,565,A
3-PA,538,0,0,0,563,563,C
3-PA,539,550,1,0,0,551,A
3-PA,540,552,0,0,0,552,A
3-PA,541,0,0,556,0,556,G
3-PA,542,554,0,0,0,554,A
3-PA,543,554,0,0,0,554,A
3-PA,544,548,0,0,0,548,A
3-PA,545,0,538,0,0,538,T
3-PA,546,0,1,545,0,546,G
3-PA,547,0,1,542,0,543,G
3-PA,548,0,1,0,543,544,C
3-PA,549,1,0,0,546,547,C
3-PA,550,545,0,1,0,546,A
3-PA,551,558,0,0,0,558,A
3-PA,552,0,0,0,557,557,C
3-PA,553,555,0,0,0,555,A
3-PA,554,0,0,554,0,554,G
3-PA,555,538,0,0,1,539,A
3-PA,556,0,0,543,0,543,G
3-PA,557,0,0,542,0,542,G
3-PA,558,0,0,0,545,545,C
3-PA,559,1,0,0,548,549,C
3-PA,560,0,548,0,0,548,T
3-PA,561,1,0,0,551,552,C
3-PA,562,0,552,0,0,552,T
3-PA,563,0,1,552,0,553,G
3-PA,564,0,2,549,0,551,G
3-PA,565,0,1,550,0,551,G
3-PA,566,549,0,0,0,549,A
3-PA,567,0,539,0,0,539,T
3-PA,568,0,532,0,0,532,T
3-PA,569,0,0,0,637,637,C
3-PA,570,2,0,0,624,626,C
3-PA,571,0,620,0,0,620,T
3-PA,572,0,619,0,2,621,T
3-PA,573,0,625,0,1,626,T
3-PA,574,3,0,0,632,635,C
3-PA,575,0,0,636,1,637,G
3-PA,576,0,634,0,0,634,T
3-PA,577,1,0,0,636,637,C
3-PA,578,632,0,0,0,632,A
3-PA,579,0,0,763,0,763,G
3-PA,580,0,764,0,1,765,T
3-PA,581,5,0,0,764,769,C
3-PA,582,1,2,0,776,779,C
3-PA,583,1,1,783,0,785,G
3-PA,584,782,0,0,3,785,A
3-PA,585,785,0,0,1,786,A
3-PA,586,785,0,1,0,786,A
3-PA,587,4,3,794,0,801,G
3-PA,588,779,0,1,0,780,A
3-PA,589,0,0,795,0,795,G
3-PA,590,0,0,802,0,802,G
3-PA,591,0,3,0,801,804,C
3-PA,592,0,2,806,0,808,G
3-PA,593,806,1,0,0,807,A
3-PA,594,812,0,3,0,815,A
3-PA,595,0,2,823,0,825,G
3-PA,596,828,0,0,0,828,A
3-PA,597,826,0,1,0,827,A
3-PA,598,826,0,1,0,827,A
3-PA,599,2,0,0,840,842,C
3-PA,600,842,0,0,0,842,A
3-PA,601,848,0,0,0,848,A
3-PA,602,0,840,0,1,841,T
3-PA,603,0,846,0,0,846,T
3-PA,604,0,1,846,0,847,G
3-PA,605,845,1,1,0,847,A
3-PA,606,847,1,0,0,848,A
3-PA,607,0,0,850,0,850,G
3-PA,608,848,0,0,0,848,A
3-PA,609,845,0,0,0,845,A
3-PA,610,844,0,1,0,845,A
3-PA,611,853,0,0,0,853,A
3-PA,612,859,0,1,0,860,A
3-PA,613,1,860,0,0,861,T
3-PA,614,0,858,0,0,858,T
3-PA,615,0,862,0,1,863,T
3-PA,616,0,1,860,0,861,G
3-PA,617,863,0,0,0,863,A
3-PA,618,866,0,0,0,866,A
3-PA,619,865,0,0,0,865,A
3-PA,620,0,888,0,1,889,T
3-PA,621,7,0,0,1003,1010,C
3-PA,622,1002,0,2,0,1004,A
3-PA,623,2,0,0,1022,1024,C
3-PA,624,1021,0,2,0,1023,A
3-PA,625,0,3,1071,0,1074,G
3-PA,626,0,8,1110,0,1118,G
3-PA,627,1152,0,0,0,1152,A
3-PA,628,1157,0,15,0,1172,A
3-PA,629,1,0,0,1193,1194,C
3-PA,630,0,1157,0,0,1157,T
3-PA,631,1298,0,1,0,1299,A
3-PA,632,0,1327,0,1,1328,T
3-PA,633,0,3,1375,0,1378,G
3-PA,634,0,7,0,1358,1365,C
3-PA,635,0,5,1363,1,1369,G
3-PA,636,0,1360,0,0,1360,T
3-PA,637,1351,0,1,0,1352,A
3-PA,638,0,1,1362,0,1363,G
3-PA,639,1,1,1362,0,1364,G
3-PA,640,1,0,0,1350,1351,C
3-PA,641,0,1343,0,1,1344,T
3-PA,642,0,1333,0,2,1335,T
3-PA,643,0,3,1339,1,1343,G
3-PA,644,1,1,0,1345,1347,C
3-PA,645,3,0,0,1344,1347,C
3-PA,646,0,9,1356,1,1366,G
3-PA,647,1372,1,1,0,1374,A
3-PA,648,2,0,0,1380,1382,C
3-PA,649,7,0,0,1381,1388,C
3-PA,650,1384,1,0,0,1385,A
3-PA,651,1397,0,0,0,1397,A
3-PA,652,1398,0,0,1,1399,A
3-PA,653,0,5,1431,0,1436,G
3-PA,654,0,1437,0,0,1437,T
3-PA,655,2,0,0,1448,1450,C
3-PA,656,0,1449,0,2,1451,T
3-PA,657,5,2,1,1460,1468,C
3-PA,658,3,1,0,1471,1475,C
3-PA,659,2,0,0,1491,1493,C
3-PA,660,1496,1,0,0,1497,A
3-PA,661,0,0,0,1509,1509,C
3-PA,662,5,2,0,1489,1496,C
3-PA,663,0,12,1502,0,1514,G
3-PA,664,1539,2,0,0,1541,A
3-PA,665,1544,0,0,0,1544,A
3-PA,666,1,0,0,1568,1569,C
3-PA,667,1,1561,0,2,1564,T
3-PA,668,0,1603,0,2,1605,T
3-PA,669,6,0,0,1631,1637,C
3-PA,670,0,1631,0,0,1631,T
3-PA,671,4,1,0,1626,1631,C
3-PA,672,5,1,0,1617,1623,C
3-PA,673,0,1620,0,0,1620,T
3-PA,674,1,1,1639,0,1641,G
3-PA,675,0,0,0,1642,1642,C
3-PA,676,2,0,0,1651,1653,C
3-PA,677,0,1644,2,0,1646,T
3-PA,678,0,1640,1,1,1642,T
3-PA,679,0,9,1643,0,1652,G
3-PA,680,1653,0,0,0,1653,A
3-PA,681,0,6,1687,0,1693,G
3-PA,682,1692,0,0,0,1692,A
3-PA,683,1705,0,1,0,1706,A
3-PA,684,1,1738,0,0,1739,T
3-PA,685,2,1746,0,0,1748,T
3-PA,686,0,1748,0,0,1748,T
3-PA,687,0,1750,0,0,1750,T
3-PA,688,1743,3,3,0,1749,A
3-PA,689,1,0,1751,0,1752,G
3-PA,690,1740,0,3,0,1743,A
3-PA,691,1,1,1813,0,1815,G
3-PA,692,2,1,0,1815,1818,C
3-PA,693,2,0,0,1828,1830,C
3-PA,694,0,1863,0,1,1864,T
3-PA,695,1943,1,0,0,1944,A
3-PA,696,0,1947,0,0,1947,T
3-PA,697,0,5,1955,0,1960,G
3-PA,698,1,1958,0,1,1960,T
3-PA,699,0,3,1984,1,1988,G
3-PA,700,0,5,1974,0,1979,G
3-PA,701,1972,0,1,0,1973,A
3-PA,702,0,1966,0,0,1966,T
3-PA,703,0,9,1928,1,1938,G
3-PA,704,0,4,2001,0,2005,G
3-PA,705,2013,0,2,0,2015,A
3-PA,706,0,2006,0,1,2007,T
3-PA,707,0,2008,0,0,2008,T
3-PA,708,7,2,0,1991,2000,C
3-PA,709,0,7,2005,1,2013,G
3-PA,710,2017,1,1,0,2019,A
3-PA,711,2013,0,3,1,2017,A
3-PA,712,2,0,0,2027,2029,C
3-PA,713,10,1,0,1963,1974,C
3-PA,714,5,7,1979,0,1991,G
3-PA,715,1989,0,1,0,1990,A
3-PA,716,1991,0,1,0,1992,A
3-PA,717,1,4,0,2004,2009,C
3-PA,718,1,4,1995,0,2000,G
3-PA,719,0,4,2048,0,2052,G
3-PA,720,1,1,0,2051,2053,C
3-PA,721,0,2048,0,3,2051,T
3-PA,722,0,1,2099,1,2101,G
3-PA,723,0,2,0,2101,2103,C
3-PA,724,2122,0,0,0,2122,A
3-PA,725,0,2123,0,1,2124,T
3-PA,726,0,2109,0,0,2109,T
3-PA,727,1,2,2116,0,2119,G
3-PA,728,2075,1,2,0,2078,A
3-PA,729,1,13,2089,0,2103,G
3-PA,730,1,12,2092,0,2105,G
3-PA,731,5,1,2084,1,2091,G
3-PA,732,0,1,0,2092,2093,C
3-PA,733,2075,0,1,0,2076,A
3-PA,734,2083,0,2,0,2085,A
3-PA,735,1,1,2095,0,2097,G
3-PA,736,0,1,1,2100,2102,C
3-PA,737,0,2093,0,4,2097,T
3-PA,738,0,2094,0,2,2096,T
3-PA,739,0,2100,0,0,2100,T
3-PA,740,4,1,0,2101,2106,C
3-PA,741,0,2101,0,3,2104,T
3-PA,742,8,0,0,2104,2112,C
3-PA,743,2104,0,1,0,2105,A
3-PA,744,2100,0,0,0,2100,A
3-PA,745,2096,0,1,1,2098,A
3-PA,746,0,2102,0,1,2103,T
3-PA,747,3,4,2176,0,2183,G
3-PA,748,0,2179,0,1,2180,T
3-PA,749,5,0,0,2195,2200,C
3-PA,750,9,0,0,2194,2203,C
3-PA,751,2199,0,0,0,2199,A
3-PA,752,2205,0,1,0,2206,A
3-PA,753,2201,0,2,0,2203,A
3-PA,754,0,6,2238,0,2244,G
3-PA,755,2234,1,4,0,2239,A
3-PA,756,2199,0,2,0,2201,A
3-PA,757,0,2,2212,0,2214,G
3-PA,758,1,2189,1,0,2191,T
3-PA,759,0,10,2181,1,2192,G
3-PA,760,2184,0,1,0,2185,A
3-PA,761,2186,0,2,0,2188,A
3-PA,762,0,2199,0,0,2199,T
3-PA,763,1,2,2184,0,2187,G
3-PA,764,2,1,1,2192,2196,C
3-PA,765,12,1,0,2183,2196,C
3-PA,766,6,2,0,2192,2200,C
3-PA,767,2199,1,1,0,2201,A
3-PA,768,2232,1,1,0,2234,A
3-PA,769,2248,1,1,0,2250,A
3-PA,770,0,2251,0,0,2251,T
3-PA,771,0,2248,0,0,2248,T
3-PA,772,0,9,2237,0,2246,G
3-PA,773,2235,1,3,0,2239,A
3-PA,774,2238,0,0,0,2238,A
3-PA,775,2,0,0,2246,2248,C
3-PA,776,9,1,0,2237,2247,C
3-PA,777,0,2227,0,4,2231,T
3-PA,778,0,2295,0,1,2296,T
3-PA,779,0,2299,0,1,2300,T
3-PA,780,0,2341,0,1,2342,T
3-PA,781,5,0,1,2341,2347,C
3-PA,782,0,2342,0,1,2343,T
3-PA,783,0,4,2348,1,2353,G
3-PA,784,2340,0,4,0,2344,A
3-PA,785,2376,1,0,0,2377,A
3-PA,786,0,14,2392,0,2406,G
3-PA,787,2370,0,2,0,2372,A
3-PA,788,0,1,0,2387,2388,C
3-PA,789,2360,0,1,0,2361,A
3-PA,790,2393,0,2,1,2396,A
3-PA,791,3,1,0,2664,2668,C
3-PA,792,2680,1,1,0,2682,A
3-PA,793,4,2,1,2679,2686,C
3-PA,794,16,1,0,2655,2672,C
3-PA,795,2667,1,4,0,2672,A
3-PA,796,2679,0,0,0,2679,A
3-PA,797,2,18,2662,0,2682,G
3-PA,798,2680,0,1,1,2682,A
3-PA,799,1,0,0,2688,2689,C
3-PA,800,10,0,2,2516,2528,C
3-PA,801,2518,0,2,0,2520,A
3-PA,802,2528,0,0,1,2529,A
3-PA,803,1,2536,0,1,2538,T
3-PA,804,7,0,0,2530,2537,C
3-PA,805,2526,0,0,1,2527,A
3-PA,806,2524,0,0,0,2524,A
3-PA,807,2525,0,0,0,2525,A
3-PA,808,0,1,0,2549,2550,C
3-PA,809,0,2526,0,1,2527,T
3-PA,810,1,2546,0,1,2548,T
3-PA,811,2,0,0,2555,2557,C
3-PA,812,8,3,0,2540,2551,C
3-PA,813,1,8,2562,0,2571,G
3-PA,814,2572,1,0,0,2573,A
3-PA,815,2570,1,1,0,2572,A
3-PA,816,1,2573,0,2,2576,T
3-PA,817,0,12,2552,0,2564,G
3-PA,818,4,8,2581,0,2593,G
3-PA,819,2607,0,2,1,2610,A
3-PA,820,2,0,0,2618,2620,C
3-PA,821,8,0,0,2607,2615,C
3-PA,822,1,2692,1,1,2695,T
3-PA,823,7,0,1,2751,2759,C
3-PA,824,8,1,0,2754,2763,C
3-PA,825,0,2762,0,0,2762,T
3-PA,826,0,2766,0,2,2768,T
3-PA,827,0,2,2869,0,2871,G
3-PA,828,0,2852,0,5,2857,T
3-PA,829,0,2844,1,2,2847,T
3-PA,830,2845,0,1,1,2847,A
3-PA,831,0,2784,0,1,2785,T
3-PA,832,10,1,0,2751,2762,C
3-PA,833,2717,0,2,0,2719,A
3-PA,834,0,2,2722,0,2724,G
3-PA,835,1,2,0,2711,2714,C
3-PA,836,0,12,2643,0,2655,G
3-PA,837,0,2,2734,0,2736,G
3-PA,838,1,2734,0,1,2736,T
3-PA,839,11,3,0,2732,2746,C
3-PA,840,11,6,0,2731,2748,C
3-PA,841,2754,1,0,0,2755,A
3-PA,842,2764,2,1,0,2767,A
3-PA,843,2771,1,2,0,2774,A
3-PA,844,1,2770,0,4,2775,T
3-PA,845,0,2770,0,0,2770,T
3-PA,846,9,0,0,2772,2781,C
3-PA,847,4,1,0,2760,2765,C
3-PA,848,1,2762,0,3,2766,T
3-PA,849,7,1,0,2772,2780,C
3-PA,850,3,1,2,2775,2781,C
3-PA,851,0,2769,0,0,2769,T
3-PA,852,1,5,2786,0,2792,G
3-PA,853,2784,1,0,0,2785,A
3-PA,854,1,2788,0,1,2790,T
3-PA,855,2,5,2764,0,2771,G
3-PA,856,2,2,2748,0,2752,G
3-PA,857,2749,1,2,0,2752,A
3-PA,858,1,2736,0,0,2737,T
3-PA,859,1,4,2733,0,2738,G
3-PA,860,3,0,0,2857,2860,C
3-PA,861,0,2837,0,3,2840,T
3-PA,862,1,2851,0,3,2855,T
3-PA,863,2,2855,0,0,2857,T
3-PA,864,2851,0,0,0,2851,A
3-PA,865,2861,0,0,0,2861,A
3-PA,866,2865,0,0,0,2865,A
3-PA,867,2871,0,1,0,2872,A
3-PA,868,1,2875,0,0,2876,T
3-PA,869,0,2719,0,1,2720,T
3-PA,870,1,13,2713,0,2727,G
3-PA,871,2714,1,2,0,2717,A
3-PA,872,0,2,2738,0,2740,G
3-PA,873,3,2,0,2735,2740,C
3-PA,874,2741,1,1,1,2744,A
3-PA,875,0,2792,0,2,2794,T
3-PA,876,0,2791,0,1,2792,T
3-PA,877,1,4,2791,1,2797,G
3-PA,878,2793,0,1,0,2794,A
3-PA,879,2791,0,10,0,2801,A
3-PA,880,1,9,2810,0,2820,G
3-PA,881,2784,0,5,1,2790,A
3-PA,882,7,0,0,2797,2804,C
3-PA,883,10,1,0,2783,2794,C
3-PA,884,13,1,0,2733,2747,C
3-PA,885,2743,0,4,1,2748,A
3-PA,886,2772,1,0,1,2774,A
3-PA,887,0,3,2806,2,2811,G
3-PA,888,0,2809,2,1,2812,T
3-PA,889,20,1,0,2788,2809,C
3-PA,890,2805,0,2,2,2809,A
3-PA,891,1,3,0,2797,2801,C
3-PA,892,5,6,2785,0,2796,G
3-PA,893,2836,0,4,0,2840,A
3-PA,894,2836,0,2,0,2838,A
3-PA,895,1,6,2924,0,2931,G
3-PA,896,0,13,2911,1,2925,G
3-PA,897,2912,0,3,0,2915,A
3-PA,898,0,4,2944,0,2948,G
3-PA,899,2934,2,6,0,2942,A
3-PA,900,2931,1,2,0,2934,A
3-PA,901,2,14,2936,0,2952,G
3-PA,902,1,9,2922,0,2932,G
3-PA,903,0,12,2924,1,2937,G
3-PA,904,2872,3,1,0,2876,A
3-PA,905,0,2875,1,3,2879,T
3-PA,906,7,0,2,2864,2873,C
3-PA,907,10,2,0,3051,3063,C
3-PA,908,13,1,2,3077,3093,C
3-PA,909,3117,1,0,1,3119,A
3-PA,910,0,3120,1,2,3123,T
3-PA,911,1,3142,0,0,3143,T
3-PA,912,3223,0,0,0,3223,A
3-PA,913,1,3217,1,0,3219,T
3-PA,914,3211,0,1,0,3212,A
3-PA,915,0,3208,0,0,3208,T
3-PA,916,4,10,2953,0,2967,G
3-PA,917,2958,1,1,0,2960,A
3-PA,918,1,2930,0,3,2934,T
3-PA,919,3,3,2954,0,2960,G
3-PA,920,0,0,0,2941,2941,C
3-PA,921,1,8,2942,1,2952,G
3-PA,922,2966,3,3,0,2972,A
3-PA,923,0,2959,1,3,2963,T
3-PA,924,13,1,0,2958,2972,C
3-PA,925,2967,0,1,0,2968,A
3-PA,926,2941,0,3,2,2946,A
3-PA,927,0,2,2965,0,2967,G
3-PA,928,0,2946,0,0,2946,T
3-PA,929,0,1,2967,0,2968,G
3-PA,930,8,2,0,2962,2972,C
3-PA,931,2951,1,3,0,2955,A
3-PA,932,1,2958,0,1,2960,T
3-PA,933,2949,1,0,0,2950,A
3-PA,934,2990,0,1,0,2991,A
3-PA,935,2988,1,0,0,2989,A
3-PA,936,2970,0,2,0,2972,A
3-PA,937,2981,0,2,0,2983,A
3-PA,938,3,0,0,2984,2987,C
3-PA,939,2962,0,0,0,2962,A
3-PA,940,1,2966,0,0,2967,T
3-PA,941,0,2969,0,2,2971,T
3-PA,942,12,0,0,2969,2981,C
3-PA,943,0,2946,0,2,2948,T
3-PA,944,0,2939,0,1,2940,T
3-PA,945,2,2946,0,0,2948,T
3-PA,946,3,10,2931,0,2944,G
3-PA,947,0,4,2945,0,2949,G
3-PA,948,2935,1,5,0,2941,A
3-PA,949,3,2932,0,0,2935,T
3-PA,950,0,8,2948,0,2956,G
3-PA,951,0,7,2996,0,3003,G
3-PA,952,3005,0,3,1,3009,A
3-PA,953,3004,1,0,0,3005,A
3-PA,954,3006,0,4,0,3010,A
3-PA,955,2,6,3037,0,3045,G
3-PA,956,3027,0,5,0,3032,A
3-PA,957,3277,0,2,0,3279,A
3-PA,958,3,3,0,3326,3332,C
3-PA,959,8,0,0,3345,3353,C
3-PA,960,0,3320,0,2,3322,T
3-PA,961,0,3375,0,2,3377,T
3-PA,962,3390,0,0,0,3390,A
3-PA,963,0,3387,0,1,3388,T
3-PA,964,3368,1,1,0,3370,A
3-PA,965,2,3409,0,1,3412,T
3-PA,966,3171,0,3,0,3174,A
3-PA,967,0,2,3206,0,3208,G
3-PA,968,0,3168,0,9,3177,T
3-PA,969,16,1,0,3158,3175,C
3-PA,970,3148,0,1,0,3149,A
3-PA,971,3149,1,2,0,3152,A
3-PA,972,3148,1,3,1,3153,A
3-PA,973,3,0,0,3163,3166,C
3-PA,974,14,2,0,3102,3118,C
3-PA,975,3095,0,0,0,3095,A
3-PA,976,3,2,0,3109,3114,C
3-PA,977,3111,0,0,0,3111,A
3-PA,978,0,1,0,3120,3121,C
3-PA,979,0,10,3112,0,3122,G
3-PA,980,3100,0,0,0,3100,A
3-PA,981,3118,0,1,1,3120,A
3-PA,982,3090,2,1,0,3093,A
3-PA,983,3092,0,2,1,3095,A
3-PA,984,1,11,3104,0,3116,G
3-PA,985,1,11,3075,0,3087,G
3-PA,986,0,15,3084,0,3099,G
3-PA,987,3068,0,19,0,3087,A
3-PA,988,3085,1,2,0,3088,A
3-PA,989,0,3087,0,0,3087,T
3-PA,990,3088,0,0,0,3088,A
3-PA,991,3086,2,1,0,3089,A
3-PA,992,3099,0,1,0,3100,A
3-PA,993,0,3080,0,1,3081,T
3-PA,994,2,3071,1,0,3074,T
3-PA,995,18,0,0,3062,3080,C
3-PA,996,3077,0,2,0,3079,A
3-PA,997,3092,0,1,0,3093,A
3-PA,998,3091,1,1,1,3094,A
3-PA,999,0,3090,1,2,3093,T
3-PA,1000,0,3097,0,0,3097,T
3-PA,1001,3121,0,0,0,3121,A
3-PA,1002,6,1,0,3104,3111,C
3-PA,1003,6,0,0,3114,3120,C
3-PA,1004,0,3101,1,0,3102,T
3-PA,1005,2,2,3125,0,3129,G
3-PA,1006,0,0,0,3131,3131,C
3-PA,1007,1,3121,0,8,3130,T
3-PA,1008,0,2,3187,0,3189,G
3-PA,1009,0,3175,1,3,3179,T
3-PA,1010,17,2,1,3161,3181,C
3-PA,1011,3180,0,3,1,3184,A
3-PA,1012,0,3173,0,3,3176,T
3-PA,1013,4,12,3171,0,3187,G
3-PA,1014,1,6,3178,0,3185,G
3-PA,1015,3176,0,2,1,3179,A
3-PA,1016,3218,0,4,0,3222,A
3-PA,1017,1,0,3210,1,3212,G
3-PA,1018,3,1,0,3196,3200,C
3-PA,1019,3187,0,2,0,3189,A
3-PA,1020,3205,0,2,1,3208,A
3-PA,1021,1,2,3228,0,3231,G
3-PA,1022,0,3234,0,1,3235,T
3-PA,1023,3215,0,0,0,3215,A
3-PA,1024,6,3,0,3217,3226,C
3-PA,1025,0,3177,0,1,3178,T
3-PA,1026,2,1,3215,0,3218,G
3-PA,1027,0,3192,0,3,3195,T
3-PA,1028,23,3,0,3178,3204,C
3-PA,1029,3187,0,2,0,3189,A
3-PA,1030,1,13,3191,1,3206,G
3-PA,1031,3201,1,1,0,3203,A
3-PA,1032,3208,0,0,1,3209,A
3-PA,1033,1,3264,1,2,3268,T
3-PA,1034,0,3239,0,3,3242,T
3-PA,1035,1,3,3234,0,3238,G
3-PA,1036,3,2,1,3224,3230,C
3-PA,1037,3217,0,5,0,3222,A
3-PA,1038,0,20,3216,1,3237,G
3-PA,1039,1,10,3205,0,3216,G
3-PA,1040,3225,1,1,0,3227,A
3-PA,1041,1,2,0,3258,3261,C
3-PA,1042,3205,0,0,1,3206,A
3-PA,1043,1,3220,0,5,3226,T
3-PA,1044,1,3223,0,1,3225,T
3-PA,1045,0,9,3230,0,3239,G
3-PA,1046,3245,0,1,0,3246,A
3-PA,1047,3239,0,0,0,3239,A
3-PA,1048,3233,2,3,1,3239,A
3-PA,1049,3232,0,2,0,3234,A
3-PA,1050,0,3207,0,1,3208,T
3-PA,1051,0,11,3225,0,3236,G
3-PA,1052,3220,1,1,0,3222,A
3-PA,1053,1,8,3232,0,3241,G
3-PA,1054,1,12,3242,0,3255,G
3-PA,1055,3230,3,1,0,3234,A
3-PA,1056,0,10,3237,0,3247,G
3-PA,1057,3238,1,1,1,3241,A
3-PA,1058,3233,0,2,1,3236,A
3-PA,1059,0,12,3224,0,3236,G
3-PA,1060,1,3,3174,0,3178,G
3-PA,1061,0,3290,0,1,3291,T
3-PA,1062,1,3295,1,3,3300,T
3-PA,1063,8,1,1,3284,3294,C
3-PA,1064,13,1,1,3275,3290,C
3-PA,1065,3276,0,3,1,3280,A
3-PA,1066,3274,0,3,0,3277,A
3-PA,1067,2,7,3292,0,3301,G
3-PA,1068,0,12,3319,0,3331,G
3-PA,1069,3273,0,1,1,3275,A
3-PA,1070,1,1,0,3289,3291,C
3-PA,1071,2,3278,1,0,3281,T
3-PA,1072,3291,0,0,0,3291,A
3-PA,1073,3290,0,1,0,3291,A
3-PA,1074,3285,1,3,0,3289,A
3-PA,1075,3298,1,2,0,3301,A
3-PA,1076,3281,2,1,0,3284,A
3-PA,1077,2,1,0,3247,3250,C
3-PA,1078,3234,2,0,0,3236,A
3-PA,1079,1,3283,0,0,3284,T
3-PA,1080,0,8,3339,1,3348,G
3-PA,1081,3344,0,5,0,3349,A
3-PA,1082,3347,0,1,0,3348,A
3-PA,1083,703,4,2666,1,3374,G
3-PA,1084,3377,0,2,0,3379,A
3-PA,1085,3376,1,1,0,3378,A
3-PA,1086,3364,0,0,1,3365,A
3-PA,1087,3363,0,5,1,3369,A
3-PA,1088,1,4,0,3340,3345,C
3-PA,1089,0,16,3281,1,3298,G
3-PA,1090,3296,2,3,0,3301,A
3-PA,1091,0,1,3319,0,3320,G
3-PA,1092,0,3307,1,4,3312,T
3-PA,1093,23,0,0,3360,3383,C
3-PA,1094,3373,1,6,3,3383,A
3-PA,1095,3425,1,1,0,3427,A
3-PA,1096,3,0,0,3425,3428,C
3-PA,1097,1,3410,0,2,3413,T
3-PA,1098,0,13,3442,0,3455,G
3-PA,1099,3442,1,1,0,3444,A
3-PA,1100,3453,0,1,0,3454,A
3-PA,1101,0,4,3456,0,3460,G
3-PA,1102,0,3386,0,2,3388,T
3-PA,1103,3,14,3376,2,3395,G
3-PA,1104,0,9,3361,1,3371,G
3-PA,1105,1,2,3371,0,3374,G
3-PA,1106,4,0,0,3377,3381,C
3-PA,1107,0,3329,0,0,3329,T
3-PA,1108,13,0,0,3343,3356,C
3-PA,1109,0,3358,0,1,3359,T
3-PA,1110,2,3365,0,0,3367,T
3-PA,1111,2,12,3405,0,3419,G
3-PA,1112,1,5,3422,0,3428,G
3-PA,1113,0,3409,0,1,3410,T
3-PA,1114,1,22,3390,0,3413,G
3-PA,1115,3390,0,0,0,3390,A
3-PA,1116,3401,0,10,0,3411,A
3-PA,1117,3387,0,4,1,3392,A
3-PA,1118,3406,1,0,0,3407,A
3-PA,1119,6,0,0,3408,3414,C
3-PA,1120,3342,1,1,0,3344,A
3-PA,1121,0,3340,1,4,3345,T
3-PA,1122,2,18,3316,1,3337,G
3-PA,1123,2,2,3390,0,3394,G
3-PA,1124,1,3,0,3394,3398,C
3-PA,1125,3403,0,0,0,3403,A
3-PA,1126,2,0,0,3407,3409,C
3-PA,1127,10,0,1,3410,3421,C
3-PA,1128,3447,0,6,0,3453,A
3-PA,1129,0,15,3469,1,3485,G
3-PA,1130,3475,1,8,0,3484,A
3-PA,1131,2,11,3506,0,3519,G
3-PA,1132,3487,1,1,0,3489,A
3-PA,1133,3483,0,4,0,3487,A
3-PA,1134,8,15,3470,0,3493,G
3-PA,1135,1,6,3477,0,3484,G
3-PA,1136,0,3471,1,1,3473,T
3-PA,1137,3425,3,3,0,3431,A
3-PA,1138,0,11,3418,1,3430,G
3-PA,1139,3419,1,2,0,3422,A
3-PA,1140,2,1,0,3439,3442,C
3-PA,1141,0,3396,1,1,3398,T
3-PA,1142,1,3392,0,0,3393,T
3-PA,1143,1,3395,0,2,3398,T
3-PA,1144,2,11,3395,0,3408,G
3-PA,1145,3400,0,4,0,3404,A
3-PA,1146,3409,0,0,1,3410,A
3-PA,1147,3402,0,1,1,3404,A
3-PA,1148,3385,0,1,2,3388,A
3-PA,1149,1,0,0,3436,3437,C
3-PA,1150,0,3415,0,1,3416,T
3-PA,1151,1,0,3449,0,3450,G
3-PA,1152,5,1,0,3440,3446,C
3-PA,1153,3444,0,3,0,3447,A
3-PA,1154,9,7,3438,1,3455,G
3-PA,1155,3433,0,3,0,3436,A
3-PA,1156,0,9,3542,0,3551,G
3-PA,1157,3554,1,4,0,3559,A
3-PA,1158,1,1,0,3528,3530,C
3-PA,1159,3515,1,4,0,3520,A
3-PA,1160,0,3507,0,2,3509,T
3-PA,1161,3511,0,1,1,3513,A
3-PA,1162,3499,0,10,0,3509,A
3-PA,1163,1,2,3507,0,3510,G
3-PA,1164,1,1,0,3501,3503,C
3-PA,1165,0,20,3423,0,3443,G
3-PA,1166,3507,2,2,0,3511,A
3-PA,1167,2,3483,0,2,3487,T
3-PA,1168,1,3486,0,4,3491,T
3-PA,1169,1,3484,0,2,3487,T
3-PA,1170,2,6,3482,1,3491,G
3-PA,1171,3496,1,4,0,3501,A
3-PA,1172,3495,1,4,0,3500,A
3-PA,1173,0,0,3505,0,3505,G
3-PA,1174,4,1,0,3563,3568,C
3-PA,1175,3515,1,1,0,3517,A
3-PA,1176,3732,1,2,0,3735,A
3-PA,1177,1,3734,1,0,3736,T
3-PA,1178,3750,0,2,0,3752,A
3-PA,1179,0,3757,0,3,3760,T
3-PA,1180,0,12,3764,1,3777,G
3-PA,1181,3812,1,0,1,3814,A
3-PA,1182,2,3801,1,1,3805,T
3-PA,1183,3676,0,1,0,3677,A
3-PA,1184,2,2,3684,0,3688,G
3-PA,1185,2,3552,0,1,3555,T
3-PA,1186,1,16,3534,0,3551,G
3-PA,1187,3545,1,4,0,3550,A
3-PA,1188,3,3,0,3524,3530,C
3-PA,1189,5,9,3498,1,3513,G
3-PA,1190,3524,0,0,0,3524,A
3-PA,1191,3521,3,6,0,3530,A
3-PA,1192,1,0,0,3559,3560,C
3-PA,1193,10,1,1,3558,3570,C
3-PA,1194,0,3556,1,4,3561,T
3-PA,1195,0,14,3623,0,3637,G
3-PA,1196,3644,0,2,0,3646,A
3-PA,1197,3653,0,1,0,3654,A
3-PA,1198,1,3647,0,2,3650,T
3-PA,1199,0,3611,0,1,3612,T
3-PA,1200,3609,1,2,0,3612,A
3-PA,1201,3579,0,0,0,3579,A
3-PA,1202,0,16,3577,1,3594,G
3-PA,1203,8,5,3583,0,3596,G
3-PA,1204,2,3529,1,3,3535,T
3-PA,1205,15,2,0,3519,3536,C
3-PA,1206,3537,0,2,0,3539,A
3-PA,1207,2,0,0,3633,3635,C
3-PA,1208,0,3627,0,3,3630,T
3-PA,1209,0,3638,2,1,3641,T
3-PA,1210,0,3634,0,9,3643,T
3-PA,1211,10,0,1,3626,3637,C
3-PA,1212,3636,0,1,0,3637,A
3-PA,1213,3631,0,5,0,3636,A
3-PA,1214,1,2,3681,0,3684,G
3-PA,1215,1,1,0,3682,3684,C
3-PA,1216,0,3607,0,6,3613,T
3-PA,1217,1,10,3677,0,3688,G
3-PA,1218,0,7,3690,0,3697,G
3-PA,1219,3741,1,2,0,3744,A
3-PA,1220,1,3769,0,1,3771,T
3-PA,1221,3764,1,3,0,3768,A
3-PA,1222,4,0,0,3796,3800,C
3-PA,1223,3731,0,2,0,3733,A
3-PA,1224,0,18,3737,0,3755,G
3-PA,1225,3747,0,1,0,3748,A
3-PA,1226,3684,0,2,0,3686,A
3-PA,1227,1,3662,0,1,3664,T
3-PA,1228,1,15,3645,0,3661,G
3-PA,1229,3631,2,5,0,3638,A
3-PA,1230,0,4,3682,1,3687,G
3-PA,1231,0,3658,0,8,3666,T
3-PA,1232,0,3661,0,1,3662,T
3-PA,1233,19,0,2,3691,3712,C
3-PA,1234,3723,1,2,0,3726,A
3-PA,1235,3725,1,3,0,3729,A
3-PA,1236,5,0,1,3727,3733,C
3-PA,1237,3686,0,1,0,3687,A
3-PA,1238,3691,1,0,0,3692,A
3-PA,1239,0,9,3672,1,3682,G
3-PA,1240,1,0,3711,0,3712,G
3-PA,1241,5,0,0,3719,3724,C
3-PA,1242,12,8,0,3679,3699,C
3-PA,1243,0,3665,0,5,3670,T
3-PA,1244,1,0,3703,1,3705,G
3-PA,1245,1,3693,1,2,3697,T
3-PA,1246,1,19,3714,0,3734,G
3-PA,1247,3721,0,9,0,3730,A
3-PA,1248,0,1,3737,1,3739,G
3-PA,1249,2,0,0,3728,3730,C
3-PA,1250,0,3680,0,2,3682,T
3-PA,1251,3743,0,1,0,3744,A
3-PA,1252,3746,0,0,0,3746,A
3-PA,1253,5,2,0,3747,3754,C
3-PA,1254,0,3718,0,2,3720,T
3-PA,1255,4,26,3698,0,3728,G
3-PA,1256,3728,1,1,0,3730,A
3-PA,1257,0,3732,0,1,3733,T
3-PA,1258,0,3727,0,1,3728,T
3-PA,1259,16,0,0,3723,3739,C
3-PA,1260,3770,0,2,0,3772,A
3-PA,1261,3,0,3835,0,3838,G
3-PA,1262,0,3794,1,23,3818,T
3-PA,1263,12,0,0,3814,3826,C
3-PA,1264,0,3807,0,4,3811,T
3-PA,1265,0,16,3948,0,3964,G
3-PA,1266,1,10,3951,0,3962,G
3-PA,1267,3960,0,2,0,3962,A
3-PA,1268,0,3965,0,0,3965,T
3-PA,1269,3785,0,2,0,3787,A
3-PA,1270,0,12,3795,0,3807,G
3-PA,1271,3780,1,1,0,3782,A
3-PA,1272,3,4,3782,1,3790,G
3-PA,1273,0,0,0,3785,3785,C
3-PA,1274,0,3661,0,1,3662,T
3-PA,1275,0,3651,0,1,3652,T
3-PA,1276,1,13,3659,0,3673,G
3-PA,1277,3676,0,2,1,3679,A
3-PA,1278,1,3683,0,1,3685,T
3-PA,1279,0,10,3667,0,3677,G
3-PA,1280,3707,1,2,0,3710,A
3-PA,1281,3708,0,2,1,3711,A
3-PA,1282,3720,1,1,2,3724,A
3-PA,1283,2,3718,0,1,3721,T
3-PA,1284,0,3707,0,0,3707,T
3-PA,1285,14,7,3731,0,3752,G
3-PA,1286,0,17,3732,1,3750,G
3-PA,1287,3753,0,6,0,3759,A
3-PA,1288,0,5,3765,0,3770,G
3-PA,1289,3709,0,2,0,3711,A
3-PA,1290,1,5,3729,0,3735,G
3-PA,1291,0,8,3737,0,3745,G
3-PA,1292,3760,0,3,1,3764,A
3-PA,1293,3,2,0,3771,3776,C
3-PA,1294,4,2,3734,0,3740,G
3-PA,1295,0,3733,0,0,3733,T
3-PA,1296,3744,0,2,0,3746,A
3-PA,1297,1,1,3778,0,3780,G
3-PA,1298,1,2,0,3813,3816,C
3-PA,1299,11,1,0,3762,3774,C
3-PA,1300,17,0,0,3738,3755,C
3-PA,1301,16,2,0,3733,3751,C
3-PA,1302,3746,2,1,0,3749,A
3-PA,1303,3847,0,0,0,3847,A
3-PA,1304,2,3841,0,2,3845,T
3-PA,1305,0,3804,0,1,3805,T
3-PA,1306,0,14,3793,0,3807,G
3-PA,1307,3730,1,9,1,3741,A
3-PA,1308,1,0,3748,0,3749,G
3-PA,1309,5,4,1,3732,3742,C
3-PA,1310,3715,1,0,0,3716,A
3-PA,1311,4,3,0,3777,3784,C
3-PA,1312,3678,2,0,0,3680,A
3-PA,1313,0,3752,0,0,3752,T
3-PA,1314,0,3745,0,2,3747,T
3-PA,1315,2,1,3757,0,3760,G
3-PA,1316,5,0,0,3752,3757,C
3-PA,1317,3740,1,4,0,3745,A
3-PA,1318,3744,0,4,0,3748,A
3-PA,1319,1,1,3747,0,3749,G
3-PA,1320,1,0,0,3701,3702,C
3-PA,1321,3696,0,0,0,3696,A
3-PA,1322,0,3596,0,0,3596,T
3-PA,1323,0,15,3585,0,3600,G
3-PA,1324,3586,0,6,0,3592,A
3-PA,1325,0,7,3596,0,3603,G
3-PA,1326,3588,0,4,1,3593,A
3-PA,1327,3589,1,2,1,3593,A
3-PA,1328,0,6,3582,0,3588,G
3-PA,1329,1,7,3571,0,3579,G
3-PA,1330,3572,0,3,0,3575,A
3-PA,1331,3569,1,0,0,3570,A
3-PA,1332,1,3569,0,1,3571,T
3-PA,1333,1,3570,0,0,3571,T
3-PA,1334,3574,0,0,0,3574,A
3-PA,1335,0,3578,0,1,3579,T
3-PA,1336,0,3573,0,3,3576,T
3-PA,1337,0,3584,0,1,3585,T
3-PA,1338,8,2,1,3552,3563,C
3-PA,1339,3544,0,2,0,3546,A
3-PA,1340,1,2,0,3605,3608,C
3-PA,1341,3586,0,1,0,3587,A
3-PA,1342,3,0,3614,0,3617,G
3-PA,1343,8,1,0,3609,3618,C
3-PA,1344,3594,1,0,0,3595,A
3-PA,1345,0,3,3604,0,3607,G
3-PA,1346,3600,0,2,0,3602,A
3-PA,1347,0,17,3589,0,3606,G
3-PA,1348,0,1,3623,0,3624,G
3-PA,1349,0,3493,0,1,3494,T
3-PA,1350,0,3,3565,0,3568,G
3-PA,1351,1,3532,0,8,3541,T
3-PA,1352,15,1,1,3521,3538,C
3-PA,1353,17,2,1,3549,3569,C
3-PA,1354,19,0,0,3541,3560,C
3-PA,1355,3586,0,1,0,3587,A
3-PA,1356,0,3616,1,2,3619,T
3-PA,1357,1,3578,0,4,3583,T
3-PA,1358,2,4,3592,0,3598,G
3-PA,1359,0,3532,0,5,3537,T
3-PA,1360,3489,0,1,0,3490,A
3-PA,1361,0,8,3480,0,3488,G
3-PA,1362,3403,0,3,0,3406,A
3-PA,1363,1,3,3420,0,3424,G
3-PA,1364,2,2,0,3361,3365,C
3-PA,1365,7,1,0,3313,3321,C
3-PA,1366,3354,0,4,0,3358,A
3-PA,1367,6,1,0,3354,3361,C
3-PA,1368,0,3335,0,0,3335,T
3-PA,1369,3,15,3316,0,3334,G
3-PA,1370,3316,1,1,0,3318,A
3-PA,1371,3252,1,11,1,3265,A
3-PA,1372,0,3333,0,0,3333,T
3-PA,1373,3356,0,2,0,3358,A
3-PA,1374,0,0,0,3387,3387,C
3-PA,1375,3295,0,1,0,3296,A
3-PA,1376,0,3298,0,2,3300,T
3-PA,1377,3274,0,1,0,3275,A
3-PA,1378,3268,1,5,0,3274,A
3-PA,1379,0,3257,0,4,3261,T
3-PA,1380,0,4,3200,0,3204,G
3-PA,1381,3183,0,1,0,3184,A
3-PA,1382,3139,0,3,0,3142,A
3-PA,1383,0,9,3133,0,3142,G
3-PA,1384,0,13,3113,0,3126,G
3-PA,1385,1,14,3158,0,3173,G
3-PA,1386,1,10,3143,2,3156,G
3-PA,1387,1,5,3182,0,3188,G
3-PA,1388,0,3124,0,3,3127,T
3-PA,1389,3140,0,1,0,3141,A
3-PA,1390,0,3159,0,0,3159,T
3-PA,1391,3168,0,1,1,3170,A
3-PA,1392,2,0,0,3406,3408,C
3-PA,1393,3289,0,0,0,3289,A
3-PA,1394,0,3240,0,3,3243,T
3-PA,1395,0,3206,0,1,3207,T
3-PA,1396,3165,1,0,1,3167,A
3-PA,1397,3223,1,2,0,3226,A
3-PA,1398,4,1,0,3223,3228,C
3-PA,1399,3181,0,1,0,3182,A
3-PA,1400,1,0,0,3189,3190,C
3-PA,1401,0,2866,0,0,2866,T
3-PA,1402,0,1,2951,0,2952,G
3-PA,1403,2,1,0,2946,2949,C
3-PA,1404,6,0,1,2938,2945,C
3-PA,1405,5,0,0,2951,2956,C
3-PA,1406,0,2862,0,1,2863,T
3-PA,1407,1,1,2951,0,2953,G
3-PA,1408,6,0,0,2950,2956,C
3-PA,1409,0,2946,0,1,2947,T
3-PA,1410,19,1,0,3001,3021,C
3-PA,1411,2907,0,0,0,2907,A
3-PA,1412,2922,1,1,1,2925,A
3-PA,1413,0,2929,0,3,2932,T
3-PA,1414,2,1,2924,0,2927,G
3-PA,1415,2,1,1,2928,2932,C
3-PA,1416,2843,1,0,1,2845,A
3-PA,1417,0,2844,0,2,2846,T
3-PA,1418,11,1,0,2828,2840,C
3-PA,1419,2,0,2,2868,2872,C
3-PA,1420,2,2758,0,2,2762,T
3-PA,1421,0,3,2810,0,2813,G
3-PA,1422,0,2798,0,0,2798,T
3-PA,1423,0,1,2787,0,2788,G
3-PA,1424,0,1,0,2791,2792,C
3-PA,1425,2756,1,1,0,2758,A
3-PA,1426,1,1,2781,1,2784,G
3-PA,1427,2,1,0,2774,2777,C
3-PA,1428,2721,0,2,1,2724,A
3-PA,1429,2720,0,0,1,2721,A
3-PA,1430,0,2622,0,0,2622,T
3-PA,1431,1,13,2610,0,2624,G
3-PA,1432,4,4,2611,0,2619,G
3-PA,1433,2613,0,5,0,2618,A
3-PA,1434,2,1,0,2613,2616,C
3-PA,1435,1,18,2559,0,2578,G
3-PA,1436,2612,0,0,2,2614,A
3-PA,1437,0,2608,1,0,2609,T
3-PA,1438,0,2607,0,1,2608,T
3-PA,1439,0,2600,1,1,2602,T
3-PA,1440,0,2605,0,2,2607,T
3-PA,1441,14,1,0,2594,2609,C
3-PA,1442,2604,0,0,0,2604,A
3-PA,1443,2612,0,1,0,2613,A
3-PA,1444,4,0,1,2613,2618,C
3-PA,1445,0,2566,0,1,2567,T
3-PA,1446,2563,0,0,0,2563,A
3-PA,1447,2563,1,0,1,2565,A
3-PA,1448,0,2570,1,0,2571,T
3-PA,1449,1,2566,0,3,2570,T
3-PA,1450,8,0,0,2569,2577,C
3-PA,1451,7,2,0,2557,2566,C
3-PA,1452,7,0,0,2550,2557,C
3-PA,1453,2555,0,1,1,2557,A
3-PA,1454,3,2588,1,1,2593,T
3-PA,1455,1,9,2586,0,2596,G
3-PA,1456,2596,1,0,0,2597,A
3-PA,1457,0,2585,1,0,2586,T
3-PA,1458,2574,1,0,0,2575,A
3-PA,1459,2569,0,3,1,2573,A
3-PA,1460,1,1,2570,2,2574,G
3-PA,1461,4,1,0,2561,2566,C
3-PA,1462,2557,0,1,1,2559,A
3-PA,1463,2484,0,2,1,2487,A
3-PA,1464,1,1,2527,0,2529,G
3-PA,1465,1,2493,0,2,2496,T
3-PA,1466,0,1,2493,0,2494,G
3-PA,1467,6,2,0,2488,2496,C
3-PA,1468,2469,0,1,0,2470,A
3-PA,1469,0,11,2497,0,2508,G
3-PA,1470,2491,0,0,0,2491,A
3-PA,1471,2534,1,0,0,2535,A
3-PA,1472,3,1,0,2538,2542,C
3-PA,1473,0,2469,1,3,2473,T
3-PA,1474,2489,0,0,1,2490,A
3-PA,1475,2486,0,0,0,2486,A
3-PA,1476,2486,0,1,0,2487,A
3-PA,1477,0,4,2489,1,2494,G
3-PA,1478,2376,0,11,1,2388,A
3-PA,1479,0,12,2376,0,2388,G
3-PA,1480,0,10,2329,0,2339,G
3-PA,1481,2,2,2329,0,2333,G
3-PA,1482,2303,0,1,0,2304,A
3-PA,1483,2249,0,0,0,2249,A
3-PA,1484,0,3,2239,0,2242,G
3-PA,1485,0,3,2245,0,2248,G
3-PA,1486,3,0,0,2233,2236,C
3-PA,1487,1,3,2232,0,2236,G
3-PA,1488,2212,0,7,0,2219,A
3-PA,1489,2229,0,0,0,2229,A
3-PA,1490,2224,0,0,0,2224,A
3-PA,1491,2222,0,1,1,2224,A
3-PA,1492,2222,0,2,1,2225,A
3-PA,1493,3,0,0,2221,2224,C
3-PA,1494,5,0,0,2194,2199,C
3-PA,1495,2198,1,0,0,2199,A
3-PA,1496,2224,0,0,0,2224,A
3-PA,1497,0,2221,0,0,2221,T
3-PA,1498,0,2222,1,0,2223,T
3-PA,1499,0,2232,0,0,2232,T
3-PA,1500,2237,0,1,0,2238,A
3-PA,1501,1,2229,0,5,2235,T
3-PA,1502,2228,0,2,0,2230,A
3-PA,1503,0,2226,0,0,2226,T
3-PA,1504,1,3,2201,0,2205,G
3-PA,1505,1,13,2161,1,2176,G
3-PA,1506,2166,0,0,0,2166,A
3-PA,1507,3,2153,0,4,2160,T
3-PA,1508,0,2137,1,0,2138,T
3-PA,1509,9,0,0,2120,2129,C
3-PA,1510,2120,0,1,0,2121,A
3-PA,1511,1,2127,0,3,2131,T
3-PA,1512,9,0,0,2128,2137,C
3-PA,1513,2122,1,2,0,2125,A
3-PA,1514,0,2103,0,0,2103,T
3-PA,1515,2096,0,0,0,2096,A
3-PA,1516,2094,0,0,1,2095,A
3-PA,1517,2091,0,2,0,2093,A
3-PA,1518,0,8,2070,0,2078,G
3-PA,1519,0,8,2040,0,2048,G
3-PA,1520,0,8,2014,0,2022,G
3-PA,1521,2011,0,0,0,2011,A
3-PA,1522,1987,0,5,1,1993,A
3-PA,1523,0,5,1993,0,1998,G
3-PA,1524,1973,0,0,1,1974,A
3-PA,1525,0,1962,0,3,1965,T
3-PA,1526,3,0,0,1956,1959,C
3-PA,1527,1,1904,0,2,1907,T
3-PA,1528,6,0,0,1907,1913,C
3-PA,1529,1906,1,3,0,1910,A
3-PA,1530,0,1904,0,0,1904,T
3-PA,1531,0,1901,0,1,1902,T
3-PA,1532,0,1874,0,1,1875,T
3-PA,1533,1872,0,0,0,1872,A
3-PA,1534,1866,0,1,0,1867,A
3-PA,1535,0,5,1863,0,1868,G
3-PA,1536,1780,0,0,0,1780,A
3-PA,1537,1798,1,1,0,1800,A
3-PA,1538,1804,0,2,0,1806,A
3-PA,1539,0,1800,1,1,1802,T
3-PA,1540,0,10,1806,0,1816,G
3-PA,1541,1818,0,2,0,1820,A
3-PA,1542,2,0,0,1819,1821,C
3-PA,1543,1813,0,2,0,1815,A
3-PA,1544,2,0,0,1809,1811,C
3-PA,1545,1769,0,1,0,1770,A
3-PA,1546,0,4,1777,1,1782,G
3-PA,1547,1770,1,2,0,1773,A
3-PA,1548,1,2,0,1750,1753,C
3-PA,1549,0,1,1720,0,1721,G
3-PA,1550,0,1633,0,2,1635,T
3-PA,1551,1,6,1631,1,1639,G
3-PA,1552,2,0,1643,0,1645,G
3-PA,1553,0,1643,0,4,1647,T
3-PA,1554,1644,0,0,0,1644,A
3-PA,1555,1596,0,0,0,1596,A
3-PA,1556,1593,1,0,0,1594,A
3-PA,1557,0,1583,0,2,1585,T
3-PA,1558,1,1544,0,0,1545,T
3-PA,1559,0,1543,0,0,1543,T
3-PA,1560,0,1521,0,1,1522,T
3-PA,1561,0,1,1524,0,1525,G
3-PA,1562,1,1503,0,0,1504,T
3-PA,1563,0,9,1495,0,1504,G
3-PA,1564,1492,0,1,0,1493,A
3-PA,1565,1,0,1498,0,1499,G
3-PA,1566,0,0,0,1483,1483,C
3-PA,1567,1479,0,0,0,1479,A
3-PA,1568,1,1473,0,1,1475,T
3-PA,1569,0,4,1472,0,1476,G
3-PA,1570,0,5,1471,0,1476,G
3-PA,1571,1479,0,0,0,1479,A
3-PA,1572,0,0,1480,0,1480,G
3-PA,1573,0,1455,1,0,1456,T
3-PA,1574,0,1433,0,3,1436,T
3-PA,1575,0,1438,0,0,1438,T
3-PA,1576,0,1435,0,0,1435,T
3-PA,1577,2,0,0,1436,1438,C
3-PA,1578,1,1411,1,4,1417,T
3-PA,1579,3,3,1,1404,1411,C
3-PA,1580,1,1365,1,2,1369,T
3-PA,1581,2,2,0,1354,1358,C
3-PA,1582,1355,0,0,0,1355,A
3-PA,1583,0,0,1,1350,1351,C
3-PA,1584,0,1302,0,2,1304,T
3-PA,1585,5,7,1289,0,1301,G
3-PA,1586,1297,0,2,0,1299,A
3-PA,1587,2,0,0,1300,1302,C
3-PA,1588,4,2,0,1291,1297,C
3-PA,1589,13,1,0,1259,1273,C
3-PA,1590,0,7,1255,0,1262,G
3-PA,1591,1251,0,3,0,1254,A
3-PA,1592,0,8,1250,0,1258,G
3-PA,1593,1254,0,0,0,1254,A
3-PA,1594,1,0,0,1226,1227,C
3-PA,1595,0,1187,0,2,1189,T
3-PA,1596,0,1088,1,0,1089,T
3-PA,1597,0,4,1082,0,1086,G
3-PA,1598,1079,0,2,0,1081,A
3-PA,1599,1,2,1081,0,1084,G
3-PA,1600,0,0,0,1079,1079,C
3-PA,1601,5,2,0,1013,1020,C
3-PA,1602,1023,0,1,0,1024,A
3-PA,1603,5,0,0,1014,1019,C
3-PA,1604,1018,1,0,0,1019,A
3-PA,1605,0,1020,0,1,1021,T
3-PA,1606,999,0,0,0,999,A
3-PA,1607,993,0,1,0,994,A
3-PA,1608,989,1,0,0,990,A
3-PA,1609,1,981,0,0,982,T
3-PA,1610,0,4,972,0,976,G
3-PA,1611,0,1,853,0,854,G
3-PA,1612,0,2,835,0,837,G
3-PA,1613,809,1,2,0,812,A
3-PA,1614,0,0,818,0,818,G
3-PA,1615,789,0,0,0,789,A
3-PA,1616,765,0,0,0,765,A
3-PA,1617,766,0,1,0,767,A
3-PA,1618,0,758,0,0,758,T
3-PA,1619,737,0,1,0,738,A
3-PA,1620,2,0,0,731,733,C
3-PA,1621,0,452,0,0,452,T
3-PA,1622,0,0,450,0,450,G
3-PA,1623,0,254,0,0,254,T
3-PA,1624,0,0,256,0,256,G
3-PA,1625,0,239,0,0,239,T
3-PA,1626,2,0,0,148,150,C
3-PA,1627,1,0,0,143,144,C
3-PA,1628,0,127,0,0,127,T
3-PA,1629,0,126,0,0,126,T
3-PA,1630,0,0,128,0,128,G
3-PA,1631,132,0,0,0,132,A
3-PA,1632,0,1,132,0,133,G
3-PA,1633,129,0,0,0,129,A
3-PA,1634,0,129,0,0,129,T
3-PA,1635,128,0,0,0,128,A
3-PA,1636,0,0,130,0,130,G
3-PA,1637,0,1,128,0,129,G
3-PA,1638,129,0,1,0,130,A
3-PA,1639,0,0,129,0,129,G
3-PA,1640,131,0,0,0,131,A
3-PA,1641,0,130,0,0,130,T
3-PA,1642,132,0,1,0,133,A
3-PA,1643,0,133,0,0,133,T
3-PA,1644,0,0,134,0,134,G
3-PA,1645,0,129,0,1,130,T
3-PA,1646,0,130,0,0,130,T
3-PA,1647,132,0,0,0,132,A
3-PA,1648,0,0,0,132,132,C
3-PA,1649,0,130,0,2,132,T
3-PA,1650,133,0,0,0,133,A
3-PA,1651,131,0,0,0,131,A
3-PA,1652,0,1,131,0,132,G
3-PA,1653,132,0,0,0,132,A
3-PA,1654,131,0,0,0,131,A
3-PA,1655,0,0,130,0,130,G
3-PA,1656,0,130,0,0,130,T
3-PA,1657,0,0,130,0,130,G
3-PA,1658,0,0,0,129,129,C
3-PA,1659,0,0,0,128,128,C
3-PA,1660,129,0,0,0,129,A
3-PA,1661,0,128,0,0,128,T
3-PA,1662,127,0,0,0,127,A
3-PA,1663,0,0,125,0,125,G
3-PA,1664,0,0,126,0,126,G
3-PA,1665,0,0,0,125,125,C
3-PA,1666,1,0,0,126,127,C
3-PA,1667,127,0,0,0,127,A
3-PA,1668,127,0,0,0,127,A
3-PA,1669,125,0,1,1,127,A
3-PA,1670,0,124,0,0,124,T
3-PA,1671,0,123,0,0,123,T
3-PA,1672,0,125,0,0,125,T
3-PA,1673,0,0,0,125,125,C
3-PA,1674,124,0,0,0,124,A
3-PA,1675,124,0,0,0,124,A
3-PA,1676,0,0,124,0,124,G
3-PA,1677,0,0,127,0,127,G
3-PA,1678,0,0,0,126,126,C
3-PA,1679,0,0,0,125,125,C
3-PA,1680,0,1,123,0,124,G
3-PA,1681,128,0,0,0,128,A
3-PA,1682,0,128,0,0,128,T
3-PA,1683,0,0,131,0,131,G
3-PA,1684,0,131,0,0,131,T
3-PA,1685,0,137,0,0,137,T
3-PA,1686,0,0,0,136,136,C
3-PA,1687,0,136,0,0,136,T
3-PA,1688,0,138,0,0,138,T
3-PA,1689,0,0,138,0,138,G
3-PA,1690,0,136,0,0,136,T
3-PA,1691,137,0,0,0,137,A
3-PA,1692,0,133,0,0,133,T
3-PA,1693,0,0,134,0,134,G
3-PA,1694,0,131,0,0,131,T
3-PA,1695,0,0,132,0,132,G
3-PA,1696,131,0,0,0,131,A
3-PA,1697,0,2,130,0,132,G
3-PA,1698,0,0,130,0,130,G
3-PA,1699,131,0,0,0,131,A
3-PA,1700,0,0,0,129,129,C
3-PA,1701,127,0,0,0,127,A
3-PA,1702,127,0,0,0,127,A
3-PA,1703,128,0,0,0,128,A
3-PA,1704,0,0,0,128,128,C
3-PA,1705,0,0,128,0,128,G
3-PA,1706,0,0,130,0,130,G
3-PA,1707,132,0,0,0,132,A
3-PA,1708,129,0,1,0,130,A
3-PA,1709,1,0,0,131,132,C
3-PA,1710,131,0,0,0,131,A
3-PA,1711,0,130,0,0,130,T
3-PA,1712,1,0,0,130,131,C
3-PA,1713,131,0,0,0,131,A
3-PA,1714,131,0,0,0,131,A
3-PA,1715,125,0,1,0,126,A
3-PA,1716,0,1,125,0,126,G
3-PA,1717,0,0,126,0,126,G
3-PA,1718,0,124,0,0,124,T
3-PA,1719,0,0,0,123,123,C
3-PA,1720,124,0,0,0,124,A
3-PA,1721,125,0,0,0,125,A
3-PA,1722,125,0,0,0,125,A
3-PA,1723,127,0,0,0,127,A
3-PA,1724,0,127,0,0,127,T
3-PA,1725,0,2,126,0,128,G
3-PA,1726,128,0,0,0,128,A
3-PA,1727,128,0,0,0,128,A
3-PA,1728,128,0,0,0,128,A
3-PA,1729,0,127,0,0,127,T
3-PA,1730,0,0,130,0,130,G
3-PA,1731,0,1,129,0,130,G
3-PA,1732,0,1,128,0,129,G
3-PA,1733,0,1,127,0,128,G
3-PA,1734,127,0,0,0,127,A
3-PA,1735,132,0,0,0,132,A
3-PA,1736,0,132,0,0,132,T
3-PA,1737,0,1,130,0,131,G
3-PA,1738,0,0,129,0,129,G
3-PA,1739,131,0,1,0,132,A
3-PA,1740,0,0,132,0,132,G
3-PA,1741,132,0,0,0,132,A
3-PA,1742,0,131,0,0,131,T
3-PA,1743,0,1,130,0,131,G
3-PA,1744,130,0,0,0,130,A
3-PA,1745,1,1,129,0,131,G
3-PA,1746,132,0,0,0,132,A
3-PA,1747,1,0,0,131,132,C
3-PA,1748,1,0,130,0,131,G
3-PA,1749,0,129,0,0,129,T
3-PA,1750,1,126,0,0,127,T
3-PA,1751,0,0,130,0,130,G
3-PA,1752,0,0,0,129,129,C
3-PA,1753,0,0,0,129,129,C
3-PA,1754,0,129,0,0,129,T
3-PA,1755,1,0,0,133,134,C
3-PA,1756,0,0,0,134,134,C
3-PA,1757,0,133,0,0,133,T
3-PA,1758,0,134,0,0,134,T
3-PA,1759,0,0,0,134,134,C
3-PA,1760,132,0,0,0,132,A
3-PA,1761,0,0,132,0,132,G
3-PA,1762,0,131,0,0,131,T
3-PA,1763,0,0,0,133,133,C
3-PA,1764,129,0,0,0,129,A
3-PA,1765,0,0,0,133,133,C
3-PA,1766,0,131,0,1,132,T
3-PA,1767,0,0,0,132,132,C
3-PA,1768,0,0,0,134,134,C
3-PA,1769,133,0,0,0,133,A
3-PA,1770,0,0,133,0,133,G
3-PA,1771,0,0,0,133,133,C
3-PA,1772,128,0,0,0,128,A
3-PA,1773,0,1,129,0,130,G
3-PA,1774,121,0,0,0,121,A
3-PA,1775,0,123,0,0,123,T
3-PA,1776,0,0,0,120,120,C
3-PA,1777,0,0,120,0,120,G
3-PA,1778,120,0,0,0,120,A
3-PA,1779,0,0,119,0,119,G
3-PA,1780,119,0,0,0,119,A
3-PA,1781,0,0,122,0,122,G
3-PA,1782,0,0,0,122,122,C
3-PA,1783,123,0,0,0,123,A
3-PA,1784,0,123,0,0,123,T
3-PA,1785,0,0,122,0,122,G
3-PA,1786,125,0,0,0,125,A
3-PA,1787,0,125,0,0,125,T
3-PA,1788,0,124,0,0,124,T
3-PA,1789,0,1,124,0,125,G
3-PA,1790,123,0,0,0,123,A
3-PA,1791,123,0,0,0,123,A
3-PA,1792,0,1,122,0,123,G
3-PA,1793,0,0,0,122,122,C
3-PA,1794,0,0,0,121,121,C
3-PA,1795,0,1,120,0,121,G
3-PA,1796,121,0,0,0,121,A
3-PA,1797,0,0,121,0,121,G
3-PA,1798,0,120,0,0,120,T
3-PA,1799,0,0,0,120,120,C
3-PA,1800,0,0,0,120,120,C
3-PA,1801,0,121,0,0,121,T
3-PA,1802,0,1,1,121,123,C
3-PA,1803,0,0,125,0,125,G
3-PA,1804,0,0,130,0,130,G
3-PA,1805,0,129,0,0,129,T
3-PA,1806,0,127,0,0,127,T
3-PA,1807,127,0,0,0,127,A
3-PA,1808,127,0,0,0,127,A
3-PA,1809,127,0,0,0,127,A
3-PA,1810,0,2,126,0,128,G
3-PA,1811,127,0,0,0,127,A
3-PA,1812,0,1,126,0,127,G
3-PA,1813,120,0,0,0,120,A
3-PA,1814,121,0,0,0,121,A
3-PA,1815,121,0,0,0,121,A
3-PA,1816,0,0,122,0,122,G
3-PA,1817,120,0,1,0,121,A
3-PA,1818,0,0,0,121,121,C
3-PA,1819,119,0,0,0,119,A
3-PA,1820,0,119,0,0,119,T
3-PA,1821,0,0,118,0,118,G
3-PA,1822,119,0,0,0,119,A
3-PA,1823,1,0,0,118,119,C
3-PA,1824,0,0,0,118,118,C
3-PA,1825,117,0,0,0,117,A
3-PA,1826,117,0,0,0,117,A
3-PA,1827,117,0,0,0,117,A
3-PA,1828,0,0,117,0,117,G
3-PA,1829,116,0,0,0,116,A
3-PA,1830,111,1,0,0,112,A
3-PA,1831,0,113,0,0,113,T
3-PA,1832,0,112,0,0,112,T
3-PA,1833,0,112,0,0,112,T
3-PA,1834,0,112,0,0,112,T
3-PA,1835,0,113,0,0,113,T
3-PA,1836,0,112,0,0,112,T
3-PA,1837,0,0,113,0,113,G
3-PA,1838,111,0,0,0,111,A
3-PA,1839,0,1,110,0,111,G
3-PA,1840,111,0,0,0,111,A
3-PA,1841,111,0,0,0,111,A
3-PA,1842,0,110,0,0,110,T
3-PA,1843,111,0,0,0,111,A
3-PA,1844,111,0,0,0,111,A
3-PA,1845,0,0,109,0,109,G
3-PA,1846,0,120,0,0,120,T
3-PA,1847,0,0,0,119,119,C
3-PA,1848,119,0,1,0,120,A
3-PA,1849,0,1,119,0,120,G
3-PA,1850,121,0,0,0,121,A
3-PA,1851,119,0,1,0,120,A
3-PA,1852,0,0,121,0,121,G
3-PA,1853,0,0,0,120,120,C
3-PA,1854,120,0,0,0,120,A
3-PA,1855,0,119,0,0,119,T
3-PA,1856,0,2,118,0,120,G
3-PA,1857,0,0,122,0,122,G
3-PA,1858,0,0,0,121,121,C
3-PA,1859,0,0,0,121,121,C
3-PA,1860,0,0,0,119,119,C
3-PA,1861,121,0,0,0,121,A
3-PA,1862,0,121,0,0,121,T
3-PA,1863,0,121,0,0,121,T
3-PA,1864,0,0,121,0,121,G
3-PA,1865,0,0,121,0,121,G
3-PA,1866,0,0,120,0,120,G
3-PA,1867,0,1,119,0,120,G
3-PA,1868,116,0,0,0,116,A
3-PA,1869,0,1,115,0,116,G
3-PA,1870,0,115,0,0,115,T
3-PA,1871,0,0,0,117,117,C
3-PA,1872,0,0,0,119,119,C
3-PA,1873,1,0,0,117,118,C
3-PA,1874,0,0,0,118,118,C
3-PA,1875,0,0,0,119,119,C
3-PA,1876,118,0,0,0,118,A
3-PA,1877,117,1,0,0,118,A
3-PA,1878,0,1,117,0,118,G
3-PA,1879,0,1,115,0,116,G
3-PA,1880,0,0,116,0,116,G
3-PA,1881,102,0,0,0,102,A
3-PA,1882,0,0,103,0,103,G
3-PA,1883,0,103,0,0,103,T
3-PA,1884,0,0,103,0,103,G
3-PA,1885,0,1,102,0,103,G
3-PA,1886,103,0,0,0,103,A
3-PA,1887,102,0,0,0,102,A
3-PA,1888,0,0,102,0,102,G
3-PA,1889,101,0,0,0,101,A
3-PA,1890,101,0,0,0,101,A
3-PA,1891,0,1,100,0,101,G
3-PA,1892,0,0,102,0,102,G
3-PA,1893,0,101,0,0,101,T
3-PA,1894,0,102,0,0,102,T
3-PA,1895,0,0,0,102,102,C
3-PA,1896,0,0,0,102,102,C
3-PA,1897,101,0,0,0,101,A
3-PA,1898,0,102,0,0,102,T
3-PA,1899,0,101,0,0,101,T
3-PA,1900,0,1,100,0,101,G
3-PA,1901,0,1,98,0,99,G
3-PA,1902,0,0,98,1,99,G
3-PA,1903,99,0,0,0,99,A
3-PA,1904,96,0,0,0,96,A
3-PA,1905,97,0,0,0,97,A
3-PA,1906,0,0,99,0,99,G
3-PA,1907,0,97,0,1,98,T
3-PA,1908,1,0,0,99,100,C
3-PA,1909,0,98,0,0,98,T
3-PA,1910,0,0,98,0,98,G
3-PA,1911,0,98,0,0,98,T
3-PA,1912,98,0,0,0,98,A
3-PA,1913,0,0,98,0,98,G
3-PA,1914,0,2,93,0,95,G
3-PA,1915,92,0,0,0,92,A
3-PA,1916,0,0,0,91,91,C
3-PA,1917,0,92,0,0,92,T
3-PA,1918,0,0,0,98,98,C
3-PA,1919,0,97,0,0,97,T
3-PA,1920,97,0,0,0,97,A
3-PA,1921,0,97,0,0,97,T
3-PA,1922,0,97,0,0,97,T
3-PA,1923,0,0,98,0,98,G
3-PA,1924,0,0,98,0,98,G
3-PA,1925,0,0,0,98,98,C
3-PA,1926,0,98,0,0,98,T
3-PA,1927,92,0,0,0,92,A
3-PA,1928,90,0,1,0,91,A
3-PA,1929,0,0,91,0,91,G
3-PA,1930,0,92,0,0,92,T
3-PA,1931,0,0,0,92,92,C
3-PA,1932,87,0,0,0,87,A
3-PA,1933,0,0,92,0,92,G
3-PA,1934,0,92,0,0,92,T
3-PA,1935,93,0,0,0,93,A
3-PA,1936,1,92,0,0,93,T
3-PA,1937,0,92,0,0,92,T
3-PA,1938,0,0,0,92,92,C
3-PA,1939,90,0,0,0,90,A
3-PA,1940,90,0,0,0,90,A
3-PA,1941,0,90,0,0,90,T
3-PA,1942,90,0,0,0,90,A
3-PA,1943,0,0,91,0,91,G
3-PA,1944,0,0,0,89,89,C
3-PA,1945,0,0,0,90,90,C
3-PA,1946,0,88,0,0,88,T
3-PA,1947,0,0,89,0,89,G
3-PA,1948,0,87,0,0,87,T
3-PA,1949,88,0,0,0,88,A
3-PA,1950,0,88,0,0,88,T
3-PA,1951,0,0,88,0,88,G
3-PA,1952,0,0,0,87,87,C
3-PA,1953,86,0,0,0,86,A
3-PA,1954,0,84,0,0,84,T
3-PA,1955,0,0,0,84,84,C
3-PA,1956,80,0,1,0,81,A
3-PA,1957,0,0,0,84,84,C
3-PA,1958,0,1,0,82,83,C
3-PA,1959,83,0,0,0,83,A
3-PA,1960,0,1,0,85,86,C
3-PA,1961,85,0,0,0,85,A
3-PA,1962,85,0,0,0,85,A
3-PA,1963,0,85,0,0,85,T
3-PA,1964,0,85,0,0,85,T
3-PA,1965,0,0,85,0,85,G
3-PA,1966,0,0,85,0,85,G
3-PA,1967,85,0,0,0,85,A
3-PA,1968,85,0,0,0,85,A
3-PA,1969,0,0,84,0,84,G
3-PA,1970,0,0,85,0,85,G
3-PA,1971,85,0,0,0,85,A
3-PA,1972,0,84,0,0,84,T
3-PA,1973,0,83,0,0,83,T
3-PA,1974,0,84,0,0,84,T
3-PA,1975,0,84,0,0,84,T
3-PA,1976,1,0,0,83,84,C
3-PA,1977,84,0,0,0,84,A
3-PA,1978,0,0,85,0,85,G
3-PA,1979,0,0,0,85,85,C
3-PA,1980,0,0,85,0,85,G
3-PA,1981,0,0,85,0,85,G
3-PA,1982,85,0,0,0,85,A
3-PA,1983,0,0,86,0,86,G
3-PA,1984,0,86,0,0,86,T
3-PA,1985,0,0,0,86,86,C
3-PA,1986,86,0,0,0,86,A
3-PA,1987,86,0,0,0,86,A
3-PA,1988,0,0,86,0,86,G
3-PA,1989,86,0,0,0,86,A
3-PA,1990,86,0,0,0,86,A
3-PA,1991,86,0,0,0,86,A
3-PA,1992,84,0,0,0,84,A
3-PA,1993,0,0,0,84,84,C
3-PA,1994,0,82,0,0,82,T
3-PA,1995,0,0,81,0,81,G
3-PA,1996,0,0,0,81,81,C
3-PA,1997,0,80,0,0,80,T
3-PA,1998,0,0,0,80,80,C
3-PA,1999,0,0,0,80,80,C
3-PA,2000,0,81,0,0,81,T
3-PA,2001,0,80,0,0,80,T
3-PA,2002,0,0,81,0,81,G
3-PA,2003,0,81,0,0,81,T
3-PA,2004,0,80,0,0,80,T
3-PA,2005,0,0,80,0,80,G
3-PA,2006,0,80,0,0,80,T
3-PA,2007,0,79,0,0,79,T
3-PA,2008,0,0,0,79,79,C
3-PA,2009,78,0,0,0,78,A
3-PA,2010,0,0,78,0,78,G
3-PA,2011,0,0,78,0,78,G
3-PA,2012,1,0,0,80,81,C
3-PA,2013,0,81,0,0,81,T
3-PA,2014,1,0,0,85,86,C
3-PA,2015,0,84,0,0,84,T
3-PA,2016,0,83,0,0,83,T
3-PA,2017,83,1,0,0,84,A
3-PA,2018,0,0,84,0,84,G
3-PA,2019,0,0,83,0,83,G
3-PA,2020,0,0,83,0,83,G
3-PA,2021,81,0,0,0,81,A
3-PA,2022,0,0,0,81,81,C
3-PA,2023,75,0,0,0,75,A
3-PA,2024,75,0,0,0,75,A
3-PA,2025,0,0,0,75,75,C
3-PA,2026,0,0,0,75,75,C
3-PA,2027,0,75,0,0,75,T
3-PA,2028,1,0,0,73,74,C
3-PA,2029,0,0,74,0,74,G
3-PA,2030,75,0,0,0,75,A
3-PA,2031,75,0,0,0,75,A
3-PA,2032,0,0,0,75,75,C
3-PA,2033,0,0,0,73,73,C
3-PA,2034,0,68,0,0,68,T
3-PA,2035,0,0,68,0,68,G
3-PA,2036,0,0,68,0,68,G
3-PA,2037,0,0,68,0,68,G
3-PA,2038,68,0,0,0,68,A
3-PA,2039,0,0,0,67,67,C
3-PA,2040,0,0,0,66,66,C
3-PA,2041,0,66,0,0,66,T
3-PA,2042,0,66,0,0,66,T
3-PA,2043,0,65,0,0,65,T
3-PA,2044,0,0,66,0,66,G
3-PA,2045,67,0,0,0,67,A
3-PA,2046,0,67,0,0,67,T
3-PA,2047,0,0,0,67,67,C
3-PA,2048,0,65,0,0,65,T
3-PA,2049,0,65,0,0,65,T
3-PA,2050,0,0,65,0,65,G
3-PA,2051,0,0,65,0,65,G
3-PA,2052,0,0,65,0,65,G
3-PA,2053,0,0,66,0,66,G
3-PA,2054,0,0,65,0,65,G
3-PA,2055,0,0,66,0,66,G
3-PA,2056,0,0,0,66,66,C
3-PA,2057,0,64,0,0,64,T
3-PA,2058,65,0,0,0,65,A
3-PA,2059,0,65,0,0,65,T
3-PA,2060,65,0,0,0,65,A
3-PA,2061,0,65,0,0,65,T
3-PA,2062,0,0,63,0,63,G
3-PA,2063,63,0,0,0,63,A
3-PA,2064,61,0,0,0,61,A
3-PA,2065,0,0,59,0,59,G
3-PA,2066,0,0,0,62,62,C
3-PA,2067,62,0,0,0,62,A
3-PA,2068,63,0,0,0,63,A
3-PA,2069,0,63,0,0,63,T
3-PA,2070,0,63,0,0,63,T
3-PA,2071,0,0,63,0,63,G
3-PA,2072,62,1,0,0,63,A
3-PA,2073,0,0,63,0,63,G
3-PA,2074,0,0,63,0,63,G
3-PA,2075,59,0,0,0,59,A
3-PA,2076,0,0,59,0,59,G
3-PA,2077,0,54,0,0,54,T
3-PA,2078,0,0,54,0,54,G
3-PA,2079,0,0,0,53,53,C
3-PA,2080,1,0,0,53,54,C
3-PA,2081,0,54,0,0,54,T
3-PA,2082,0,0,54,0,54,G
3-PA,2083,55,0,0,0,55,A
3-PA,2084,0,55,0,0,55,T
3-PA,2085,0,52,0,0,52,T
3-PA,2086,52,0,0,0,52,A
3-PA,2087,52,0,0,0,52,A
3-PA,2088,0,52,0,0,52,T
3-PA,2089,0,0,52,0,52,G
3-PA,2090,51,0,0,0,51,A
3-PA,2091,0,50,0,0,50,T
3-PA,2092,0,0,0,50,50,C
3-PA,2093,0,0,0,50,50,C
3-PA,2094,0,0,0,50,50,C
3-PA,2095,0,47,0,1,48,T
3-PA,2096,0,0,48,0,48,G
3-PA,2097,0,0,48,0,48,G
3-PA,2098,0,0,48,0,48,G
3-PA,2099,0,48,0,0,48,T
3-PA,2100,0,41,0,0,41,T
3-PA,2101,0,40,0,0,40,T
3-PA,2102,0,40,0,0,40,T
3-PA,2103,0,0,39,0,39,G
3-PA,2104,0,0,0,40,40,C
3-PA,2105,0,39,0,0,39,T
3-PA,2106,0,0,0,39,39,C
3-PA,2107,34,0,0,0,34,A
3-PA,2108,34,0,0,0,34,A
3-PA,2109,0,34,0,0,34,T
3-PA,2110,0,0,34,0,34,G
3-PA,2111,0,0,0,34,34,C
3-PA,2112,0,0,34,0,34,G
3-PA,2113,0,34,0,0,34,T
3-PA,2114,0,0,0,34,34,C
3-PA,2115,0,34,0,0,34,T
3-PA,2116,0,34,0,0,34,T
3-PA,2117,0,0,34,0,34,G
3-PA,2118,0,0,34,0,34,G
3-PA,2119,0,34,0,0,34,T
3-PA,2120,0,33,0,0,33,T
3-PA,2121,0,0,0,32,32,C
3-PA,2122,31,0,0,0,31,A
3-PA,2123,31,0,0,0,31,A
3-PA,2124,1,0,0,30,31,C
3-PA,2125,0,31,0,0,31,T
3-PA,2126,0,0,0,31,31,C
3-PA,2127,0,0,0,31,31,C
3-PA,2128,0,31,0,0,31,T
3-PA,2129,0,30,0,1,31,T
3-PA,2130,0,0,0,30,30,C
3-PA,2131,0,0,0,30,30,C
3-PA,2132,0,27,0,0,27,T
3-PA,2133,0,0,27,0,27,G
3-PA,2134,27,0,0,0,27,A
3-PA,2135,0,0,0,27,27,C
3-PA,2136,26,0,0,0,26,A
3-PA,2137,0,0,0,25,25,C
3-PA,2138,25,0,0,0,25,A
3-PA,2139,0,25,0,0,25,T
3-PA,2140,0,0,24,0,24,G
3-PA,2141,0,0,0,24,24,C
3-PA,2142,24,0,0,0,24,A
3-PA,2143,0,24,0,0,24,T
3-PA,2144,0,24,0,0,24,T
3-PA,2145,24,0,0,0,24,A
3-PA,2146,24,0,0,0,24,A
3-PA,2147,24,0,0,0,24,A
3-PA,2148,24,0,0,0,24,A
3-PA,2149,0,24,0,0,24,T
3-PA,2150,15,0,0,0,15,A
3-PA,2151,0,0,15,0,15,G
4-HA,1,314,0,0,0,314,A
4-HA,2,0,315,0,0,315,T
4-HA,3,0,0,319,0,319,G
4-HA,4,325,0,0,0,325,A
4-HA,5,326,0,0,0,326,A
4-HA,6,0,1,354,0,355,G
4-HA,7,355,0,0,0,355,A
4-HA,8,0,0,0,387,387,C
4-HA,9,0,390,0,0,390,T
4-HA,10,400,1,0,0,401,A
4-HA,11,0,428,0,0,428,T
4-HA,12,1,1,0,433,435,C
4-HA,13,434,0,0,0,434,A
4-HA,14,0,435,0,0,435,T
4-HA,15,0,437,0,0,437,T
4-HA,16,0,0,476,0,476,G
4-HA,17,0,0,0,477,477,C
4-HA,18,0,475,0,0,475,T
4-HA,19,0,478,0,1,479,T
4-HA,20,0,480,0,0,480,T
4-HA,21,0,2,506,0,508,G
4-HA,22,513,0,0,0,513,A
4-HA,23,0,0,535,0,535,G
4-HA,24,0,0,0,540,540,C
4-HA,25,0,540,0,1,541,T
4-HA,26,581,0,1,0,582,A
4-HA,27,0,0,0,592,592,C
4-HA,28,606,0,1,0,607,A
4-HA,29,0,652,0,0,652,T
4-HA,30,0,646,0,0,646,T
4-HA,31,0,0,0,657,657,C
4-HA,32,0,657,0,0,657,T
4-HA,33,671,0,0,0,671,A
4-HA,34,0,670,0,0,670,T
4-HA,35,0,0,678,0,678,G
4-HA,36,1,676,0,0,677,T
4-HA,37,1,0,0,678,679,C
4-HA,38,0,679,0,0,679,T
4-HA,39,0,0,684,0,684,G
4-HA,40,1,1,684,0,686,G
4-HA,41,0,681,0,0,681,T
4-HA,42,0,683,0,1,684,T
4-HA,43,0,684,0,1,685,T
4-HA,44,0,687,0,0,687,T
4-HA,45,2,1,0,681,684,C
4-HA,46,1,1,685,0,687,G
4-HA,47,0,0,1,699,700,C
4-HA,48,0,696,1,1,698,T
4-HA,49,0,0,0,708,708,C
4-HA,50,709,0,0,0,709,A
4-HA,51,707,0,0,0,707,A
4-HA,52,711,0,0,0,711,A
4-HA,53,709,0,1,0,710,A
4-HA,54,707,1,1,0,709,A
4-HA,55,0,0,0,714,714,C
4-HA,56,0,713,0,0,713,T
4-HA,57,0,713,0,0,713,T
4-HA,58,0,0,0,714,714,C
4-HA,59,0,0,0,714,714,C
4-HA,60,0,716,0,0,716,T
4-HA,61,0,1,724,0,725,G
4-HA,62,0,3,725,0,728,G
4-HA,63,728,0,0,0,728,A
4-HA,64,740,1,0,0,741,A
4-HA,65,741,0,0,0,741,A
4-HA,66,0,754,0,0,754,T
4-HA,67,0,8,751,0,759,G
4-HA,68,756,0,1,0,757,A
4-HA,69,0,1,0,768,769,C
4-HA,70,770,0,1,0,771,A
4-HA,71,772,0,0,0,772,A
4-HA,72,0,0,0,791,791,C
4-HA,73,789,0,0,1,790,A
4-HA,74,0,0,800,0,800,G
4-HA,75,0,0,0,800,800,C
4-HA,76,798,0,2,0,800,A
4-HA,77,0,4,0,822,826,C
4-HA,78,0,8,814,0,822,G
4-HA,79,0,0,829,0,829,G
4-HA,80,0,0,0,829,829,C
4-HA,81,826,0,1,0,827,A
4-HA,82,834,0,1,0,835,A
4-HA,83,1,3,0,835,839,C
4-HA,84,0,2,849,0,851,G
4-HA,85,1,0,1,849,851,C
4-HA,86,0,843,0,3,846,T
4-HA,87,0,1,860,0,861,G
4-HA,88,0,861,0,0,861,T
4-HA,89,1,2,891,0,894,G
4-HA,90,2,0,0,902,904,C
4-HA,91,3,0,0,915,918,C
4-HA,92,0,917,0,0,917,T
4-HA,93,0,913,0,0,913,T
4-HA,94,0,5,921,0,926,G
4-HA,95,0,4,925,0,929,G
4-HA,96,1,0,941,0,942,G
4-HA,97,0,0,0,946,946,C
4-HA,98,942,0,0,0,942,A
4-HA,99,4,0,0,944,948,C
4-HA,100,7,0,0,934,941,C
4-HA,101,1016,0,1,0,1017,A
4-HA,102,1,1013,0,2,1016,T
4-HA,103,0,2,1020,0,1022,G
4-HA,104,0,0,0,1020,1020,C
4-HA,105,1010,0,1,0,1011,A
4-HA,106,1,0,1065,0,1066,G
4-HA,107,0,1065,0,0,1065,T
4-HA,108,1071,0,0,0,1071,A
4-HA,109,1,0,1,1069,1071,C
4-HA,110,4,0,0,1040,1044,C
4-HA,111,1042,0,0,0,1042,A
4-HA,112,1041,0,0,0,1041,A
4-HA,113,1041,0,0,0,1041,A
4-HA,114,0,1,0,1051,1052,C
4-HA,115,0,6,1023,0,1029,G
4-HA,116,0,1,1060,0,1061,G
4-HA,117,1060,0,0,0,1060,A
4-HA,118,1062,0,1,0,1063,A
4-HA,119,1,1,0,1060,1062,C
4-HA,120,1045,0,1,0,1046,A
4-HA,121,1072,0,0,0,1072,A
4-HA,122,0,1076,0,0,1076,T
4-HA,123,1092,1,0,0,1093,A
4-HA,124,1,2,1097,0,1100,G
4-HA,125,0,1065,0,1,1066,T
4-HA,126,0,3,1069,0,1072,G
4-HA,127,1069,0,0,0,1069,A
4-HA,128,1069,1,2,0,1072,A
4-HA,129,1071,0,1,0,1072,A
4-HA,130,1068,0,1,0,1069,A
4-HA,131,1,1,0,1081,1083,C
4-HA,132,1078,1,0,0,1079,A
4-HA,133,1081,0,1,0,1082,A
4-HA,134,0,1082,0,0,1082,T
4-HA,135,4,1,0,1074,1079,C
4-HA,136,1077,2,0,0,1079,A
4-HA,137,2,1,0,1083,1086,C
4-HA,138,1,6,1078,0,1085,G
4-HA,139,1087,0,0,0,1087,A
4-HA,140,1081,0,0,0,1081,A
4-HA,141,0,1081,0,0,1081,T
4-HA,142,0,4,1075,1,1080,G
4-HA,143,1086,1,2,0,1089,A
4-HA,144,4,0,0,1082,1086,C
4-HA,145,7,1,0,1078,1086,C
4-HA,146,1103,0,0,0,1103,A
4-HA,147,1104,0,0,0,1104,A
4-HA,148,1107,0,0,0,1107,A
4-HA,149,0,1105,0,0,1105,T
4-HA,150,0,1104,0,0,1104,T
4-HA,151,0,6,1104,0,1110,G
4-HA,152,1111,0,1,0,1112,A
4-HA,153,1113,0,1,0,1114,A
4-HA,154,0,0,1123,0,1123,G
4-HA,155,0,1117,0,0,1117,T
4-HA,156,0,1147,0,1,1148,T
4-HA,157,1157,1,0,0,1158,A
4-HA,158,0,1,0,1162,1163,C
4-HA,159,0,1168,0,1,1169,T
4-HA,160,1167,0,0,0,1167,A
4-HA,161,1188,1,0,0,1189,A
4-HA,162,0,1192,0,0,1192,T
4-HA,163,0,1,1193,0,1194,G
4-HA,164,1,1,0,1246,1248,C
4-HA,165,0,1242,0,0,1242,T
4-HA,166,1247,0,0,0,1247,A
4-HA,167,4,0,0,1243,1247,C
4-HA,168,0,1240,0,2,1242,T
4-HA,169,2,4,1239,1,1246,G
4-HA,170,1239,1,1,0,1241,A
4-HA,171,2,2,1241,0,1245,G
4-HA,172,1,1,0,1242,1244,C
4-HA,173,0,1230,0,0,1230,T
4-HA,174,0,3,1256,0,1259,G
4-HA,175,0,1,1281,0,1282,G
4-HA,176,0,1282,0,0,1282,T
4-HA,177,0,1282,0,1,1283,T
4-HA,178,1,0,0,1280,1281,C
4-HA,179,1277,0,0,0,1277,A
4-HA,180,0,5,1283,0,1288,G
4-HA,181,1281,0,4,0,1285,A
4-HA,182,1,0,1302,0,1303,G
4-HA,183,0,1294,0,0,1294,T
4-HA,184,0,1279,0,1,1280,T
4-HA,185,1,0,0,1289,1290,C
4-HA,186,2,0,0,1285,1287,C
4-HA,187,0,1285,0,1,1286,T
4-HA,188,1,0,0,1291,1292,C
4-HA,189,1282,1,1,0,1284,A
4-HA,190,1288,0,2,0,1290,A
4-HA,191,0,0,0,1297,1297,C
4-HA,192,1279,0,1,0,1280,A
4-HA,193,0,4,1299,0,1303,G
4-HA,194,0,1,1307,0,1308,G
4-HA,195,0,1304,0,0,1304,T
4-HA,196,0,3,1303,0,1306,G
4-HA,197,1304,0,0,0,1304,A
4-HA,198,1302,0,1,0,1303,A
4-HA,199,1336,0,2,0,1338,A
4-HA,200,0,1325,0,1,1326,T
4-HA,201,1339,0,0,0,1339,A
4-HA,202,1,1321,0,2,1324,T
4-HA,203,0,0,1324,0,1324,G
4-HA,204,1,1,0,1336,1338,C
4-HA,205,2,9,1323,0,1334,G
4-HA,206,1329,1,2,0,1332,A
4-HA,207,3,1,0,1327,1331,C
4-HA,208,1317,0,0,0,1317,A
4-HA,209,0,1,1398,0,1399,G
4-HA,210,0,1390,0,1,1391,T
4-HA,211,4,1,0,1399,1404,C
4-HA,212,2,1,0,1400,1403,C
4-HA,213,0,1398,0,0,1398,T
4-HA,214,4,0,0,1420,1424,C
4-HA,215,1424,0,0,0,1424,A
4-HA,216,0,1426,0,0,1426,T
4-HA,217,3,0,0,1424,1427,C
4-HA,218,1352,0,1,0,1353,A
4-HA,219,0,3,1360,0,1363,G
4-HA,220,1355,0,1,0,1356,A
4-HA,221,0,1359,0,0,1359,T
4-HA,222,2,0,0,1366,1368,C
4-HA,223,2,0,0,1362,1364,C
4-HA,224,1,1363,0,0,1364,T
4-HA,225,0,1364,0,0,1364,T
4-HA,226,0,6,1360,0,1366,G
4-HA,227,1374,0,0,1,1375,A
4-HA,228,0,1375,0,0,1375,T
4-HA,229,0,7,1383,0,1390,G
4-HA,230,1,2,1385,0,1388,G
4-HA,231,1377,0,3,0,1380,A
4-HA,232,0,4,1373,0,1377,G
4-HA,233,1369,0,2,0,1371,A
4-HA,234,0,6,1351,0,1357,G
4-HA,235,1395,0,0,0,1395,A
4-HA,236,1408,0,2,0,1410,A
4-HA,237,2,1,0,1419,1422,C
4-HA,238,0,1403,0,0,1403,T
4-HA,239,1,1,1423,0,1425,G
4-HA,240,2,1,0,1416,1419,C
4-HA,241,1419,0,1,0,1420,A
4-HA,242,2,0,0,1454,1456,C
4-HA,243,1437,0,0,0,1437,A
4-HA,244,3,1,0,1588,1592,C
4-HA,245,0,1583,0,0,1583,T
4-HA,246,1594,0,1,0,1595,A
4-HA,247,1592,0,0,0,1592,A
4-HA,248,0,1595,0,0,1595,T
4-HA,249,1585,1,0,1,1587,A
4-HA,250,0,6,1585,0,1591,G
4-HA,251,1557,0,0,0,1557,A
4-HA,252,0,1540,0,1,1541,T
4-HA,253,2,1,1484,0,1487,G
4-HA,254,1,0,0,1501,1502,C
4-HA,255,0,1493,0,2,1495,T
4-HA,256,1,0,1,1583,1585,C
4-HA,257,1,1578,0,0,1579,T
4-HA,258,1613,0,0,0,1613,A
4-HA,259,1,1609,0,0,1610,T
4-HA,260,0,1606,0,1,1607,T
4-HA,261,0,5,1608,0,1613,G
4-HA,262,1,3,1603,0,1607,G
4-HA,263,2,8,1601,0,1611,G
4-HA,264,1589,0,1,1,1591,A
4-HA,265,0,5,1565,0,1570,G
4-HA,266,1550,0,6,1,1557,A
4-HA,267,2,0,0,1713,1715,C
4-HA,268,9,0,0,1727,1736,C
4-HA,269,6,1,0,1749,1756,C
4-HA,270,0,1754,0,3,1757,T
4-HA,271,1,0,0,1789,1790,C
4-HA,272,1791,1,0,0,1792,A
4-HA,273,1536,1,278,0,1815,A
4-HA,274,1,1864,0,1,1866,T
4-HA,275,0,3,1883,0,1886,G
4-HA,276,0,1885,0,0,1885,T
4-HA,277,2,7,1863,1,1873,G
4-HA,278,1867,3,1,0,1871,A
4-HA,279,1,1870,0,1,1872,T
4-HA,280,0,13,1843,1,1857,G
4-HA,281,0,1,1858,0,1859,G
4-HA,282,0,0,1,1845,1846,C
4-HA,283,1,1851,0,4,1856,T
4-HA,284,0,1849,0,1,1850,T
4-HA,285,5,0,0,1844,1849,C
4-HA,286,2,1,0,1848,1851,C
4-HA,287,1850,1,0,0,1851,A
4-HA,288,1856,0,0,0,1856,A
4-HA,289,1863,0,1,0,1864,A
4-HA,290,1865,0,0,0,1865,A
4-HA,291,0,1871,0,0,1871,T
4-HA,292,1862,0,1,0,1863,A
4-HA,293,1868,0,1,0,1869,A
4-HA,294,0,4,1878,0,1882,G
4-HA,295,1889,0,1,0,1890,A
4-HA,296,1891,2,0,0,1893,A
4-HA,297,1891,0,1,0,1892,A
4-HA,298,0,1897,0,0,1897,T
4-HA,299,0,7,1886,0,1893,G
4-HA,300,0,4,1890,0,1894,G
4-HA,301,1,5,1889,1,1896,G
4-HA,302,1901,0,0,0,1901,A
4-HA,303,5,0,0,1904,1909,C
4-HA,304,4,1,0,1902,1907,C
4-HA,305,0,1917,0,1,1918,T
4-HA,306,0,1918,1,0,1919,T
4-HA,307,0,1923,0,0,1923,T
4-HA,308,1,1933,1,1,1936,T
4-HA,309,0,1927,0,1,1928,T
4-HA,310,0,1,1941,0,1942,G
4-HA,311,0,1939,0,1,1940,T
4-HA,312,0,1928,0,3,1931,T
4-HA,313,1,4,1924,1,1930,G
4-HA,314,1919,0,1,0,1920,A
4-HA,315,1921,1,8,0,1930,A
4-HA,316,4,1,0,1927,1932,C
4-HA,317,1,0,1927,0,1928,G
4-HA,318,1,1,0,1962,1964,C
4-HA,319,1955,0,2,0,1957,A
4-HA,320,1,2,1966,0,1969,G
4-HA,321,1,0,0,1975,1976,C
4-HA,322,1967,1,1,1,1970,A
4-HA,323,1973,0,2,0,1975,A
4-HA,324,1985,0,2,0,1987,A
4-HA,325,1,1,2078,0,2080,G
4-HA,326,1,1,0,2079,2081,C
4-HA,327,6,0,0,2065,2071,C
4-HA,328,0,2064,0,1,2065,T
4-HA,329,2070,0,1,0,2071,A
4-HA,330,3,1,0,2094,2098,C
4-HA,331,2091,1,1,0,2093,A
4-HA,332,0,0,2106,0,2106,G
4-HA,333,1,0,0,2094,2095,C
4-HA,334,2048,0,2,0,2050,A
4-HA,335,2068,0,1,0,2069,A
4-HA,336,1,1,0,2153,2155,C
4-HA,337,0,2142,0,1,2143,T
4-HA,338,0,3,2157,1,2161,G
4-HA,339,0,2147,1,3,2151,T
4-HA,340,0,2148,0,1,2149,T
4-HA,341,2150,1,2,0,2153,A
4-HA,342,3,1,0,2317,2321,C
4-HA,343,7,0,0,2328,2335,C
4-HA,344,9,1,1,2359,2370,C
4-HA,345,1,2307,0,2,2310,T
4-HA,346,0,2309,0,1,2310,T
4-HA,347,2313,0,0,0,2313,A
4-HA,348,0,2312,0,1,2313,T
4-HA,349,0,8,2303,0,2311,G
4-HA,350,2304,3,2,0,2309,A
4-HA,351,0,2193,0,0,2193,T
4-HA,352,1,3,2223,0,2227,G
4-HA,353,1,2188,0,3,2192,T
4-HA,354,0,2,2190,0,2192,G
4-HA,355,1,0,0,2209,2210,C
4-HA,356,7,1,0,2198,2206,C
4-HA,357,2,5,2224,1,2232,G
4-HA,358,2,4,2259,0,2265,G
4-HA,359,2270,1,0,0,2271,A
4-HA,360,1,2271,0,0,2272,T
4-HA,361,0,2240,0,0,2240,T
4-HA,362,2254,0,0,0,2254,A
4-HA,363,0,2254,0,1,2255,T
4-HA,364,0,3,2254,0,2257,G
4-HA,365,2,3,0,2253,2258,C
4-HA,366,4,0,0,2251,2255,C
4-HA,367,0,2265,0,3,2268,T
4-HA,368,2,0,0,2380,2382,C
4-HA,369,6,1,1,2390,2398,C
4-HA,370,7,0,1,2394,2402,C
4-HA,371,0,2393,0,2,2395,T
4-HA,372,0,2396,0,0,2396,T
4-HA,373,2389,0,3,0,2392,A
4-HA,374,0,7,2449,0,2456,G
4-HA,375,0,4,2460,0,2464,G
4-HA,376,0,2441,0,4,2445,T
4-HA,377,10,0,1,2390,2401,C
4-HA,378,2377,1,2,0,2380,A
4-HA,379,4,0,0,2436,2440,C
4-HA,380,0,2440,0,0,2440,T
4-HA,381,2442,0,0,0,2442,A
4-HA,382,0,4,2438,0,2442,G
4-HA,383,1,2417,0,1,2419,T
4-HA,384,0,2410,0,1,2411,T
4-HA,385,2,2,2435,0,2439,G
4-HA,386,0,1,0,2439,2440,C
4-HA,387,4,0,1,2434,2439,C
4-HA,388,0,2410,0,6,2416,T
4-HA,389,8,0,0,2427,2435,C
4-HA,390,2513,0,0,0,2513,A
4-HA,391,1,2512,0,2,2515,T
4-HA,392,6,1,0,2515,2522,C
4-HA,393,10,3,0,2505,2518,C
4-HA,394,0,12,2503,0,2515,G
4-HA,395,2,2,2528,0,2532,G
4-HA,396,0,1,0,2540,2541,C
4-HA,397,2549,0,1,1,2551,A
4-HA,398,3,0,0,2575,2578,C
4-HA,399,2544,1,0,0,2545,A
4-HA,400,3,0,0,2554,2557,C
4-HA,401,0,2547,0,1,2548,T
4-HA,402,0,7,2559,0,2566,G
4-HA,403,0,9,2574,1,2584,G
4-HA,404,2558,0,2,0,2560,A
4-HA,405,1,0,2590,0,2591,G
4-HA,406,0,2565,0,0,2565,T
4-HA,407,0,2548,1,0,2549,T
4-HA,408,1,2539,0,4,2544,T
4-HA,409,2541,2,2,0,2545,A
4-HA,410,2546,0,2,0,2548,A
4-HA,411,2,1,1,2560,2564,C
4-HA,412,2534,0,1,0,2535,A
4-HA,413,2537,0,2,0,2539,A
4-HA,414,1,2510,1,1,2513,T
4-HA,415,0,7,2512,0,2519,G
4-HA,416,2518,0,2,0,2520,A
4-HA,417,2516,0,0,0,2516,A
4-HA,418,2524,0,2,0,2526,A
4-HA,419,1,1,2533,0,2535,G
4-HA,420,1,0,0,2554,2555,C
4-HA,421,0,2544,0,1,2545,T
4-HA,422,1,2545,1,0,2547,T
4-HA,423,7,0,0,2567,2574,C
4-HA,424,2569,0,3,0,2572,A
4-HA,425,2574,1,1,0,2576,A
4-HA,426,0,2576,0,0,2576,T
4-HA,427,0,2572,1,2,2575,T
4-HA,428,1,7,2607,0,2615,G
4-HA,429,0,7,2634,0,2641,G
4-HA,430,2637,1,2,0,2640,A
4-HA,431,3,1,0,2641,2645,C
4-HA,432,0,2613,0,3,2616,T
4-HA,433,4,7,2616,0,2627,G
4-HA,434,0,10,2634,0,2644,G
4-HA,435,2639,1,3,0,2643,A
4-HA,436,2,0,2647,0,2649,G
4-HA,437,1,2600,0,0,2601,T
4-HA,438,18,0,1,2561,2580,C
4-HA,439,2599,0,3,1,2603,A
4-HA,440,4,1,0,2608,2613,C
4-HA,441,0,2568,0,37,2605,T
4-HA,442,6,1,0,2603,2610,C
4-HA,443,2592,0,1,1,2594,A
4-HA,444,2619,0,0,0,2619,A
4-HA,445,2609,0,2,1,2612,A
4-HA,446,2617,0,1,2,2620,A
4-HA,447,2,2,0,2616,2620,C
4-HA,448,1,13,2584,0,2598,G
4-HA,449,0,4,2640,0,2644,G
4-HA,450,2635,0,0,0,2635,A
4-HA,451,2632,1,2,0,2635,A
4-HA,452,1,0,0,2637,2638,C
4-HA,453,2624,3,1,0,2628,A
4-HA,454,2644,1,1,0,2646,A
4-HA,455,0,0,2658,0,2658,G
4-HA,456,3,0,0,2654,2657,C
4-HA,457,0,2636,0,6,2642,T
4-HA,458,7,0,0,2640,2647,C
4-HA,459,0,2629,0,0,2629,T
4-HA,460,0,1,2635,0,2636,G
4-HA,461,2,0,0,2635,2637,C
4-HA,462,0,2629,0,8,2637,T
4-HA,463,1,2674,0,0,2675,T
4-HA,464,1,0,2709,0,2710,G
4-HA,465,0,1,0,2721,2722,C
4-HA,466,2720,1,0,0,2721,A
4-HA,467,1,2705,0,0,2706,T
4-HA,468,2705,0,1,0,2706,A
4-HA,469,2688,0,1,0,2689,A
4-HA,470,1,11,2684,0,2696,G
4-HA,471,0,10,2685,0,2695,G
4-HA,472,2623,0,1,0,2624,A
4-HA,473,0,3,2600,1,2604,G
4-HA,474,2575,0,1,0,2576,A
4-HA,475,0,2669,0,0,2669,T
4-HA,476,5,1,0,2681,2687,C
4-HA,477,0,2704,0,0,2704,T
4-HA,478,2705,0,2,0,2707,A
4-HA,479,2697,2,1,0,2700,A
4-HA,480,0,2699,0,1,2700,T
4-HA,481,2699,0,0,0,2699,A
4-HA,482,2673,0,5,0,2678,A
4-HA,483,3,0,0,2693,2696,C
4-HA,484,2618,1,0,0,2619,A
4-HA,485,0,2,2630,0,2632,G
4-HA,486,1,2609,0,2,2612,T
4-HA,487,1,2643,0,1,2645,T
4-HA,488,0,2646,0,1,2647,T
4-HA,489,6,1,0,2693,2700,C
4-HA,490,1,2687,0,0,2688,T
4-HA,491,1,2697,0,1,2699,T
4-HA,492,0,2697,0,1,2698,T
4-HA,493,2692,0,2,0,2694,A
4-HA,494,0,6,2687,0,2693,G
4-HA,495,1,2688,0,2,2691,T
4-HA,496,2668,0,3,0,2671,A
4-HA,497,2,6,2675,0,2683,G
4-HA,498,2623,0,2,0,2625,A
4-HA,499,0,2623,1,1,2625,T
4-HA,500,0,2615,0,0,2615,T
4-HA,501,0,18,2643,0,2661,G
4-HA,502,2656,0,1,0,2657,A
4-HA,503,2654,0,2,1,2657,A
4-HA,504,1,2655,0,1,2657,T
4-HA,505,0,2618,1,0,2619,T
4-HA,506,0,12,2638,0,2650,G
4-HA,507,0,0,2645,0,2645,G
4-HA,508,1,2651,0,1,2653,T
4-HA,509,0,2643,0,1,2644,T
4-HA,510,0,10,2607,0,2617,G
4-HA,511,2613,0,1,0,2614,A
4-HA,512,2,0,0,2602,2604,C
4-HA,513,11,3,0,2591,2605,C
4-HA,514,16,0,0,2587,2603,C
4-HA,515,2579,0,1,0,2580,A
4-HA,516,4,0,0,2595,2599,C
4-HA,517,2,2601,0,1,2604,T
4-HA,518,0,2606,0,0,2606,T
4-HA,519,2601,1,0,0,2602,A
4-HA,520,2597,2,0,0,2599,A
4-HA,521,2588,1,1,0,2590,A
4-HA,522,2602,0,1,0,2603,A
4-HA,523,0,2645,1,1,2647,T
4-HA,524,0,2627,0,0,2627,T
4-HA,525,15,1,0,2635,2651,C
4-HA,526,2641,0,0,1,2642,A
4-HA,527,2646,0,0,0,2646,A
4-HA,528,2654,0,1,0,2655,A
4-HA,529,1,2667,0,0,2668,T
4-HA,530,2721,0,0,0,2721,A
4-HA,531,3,0,0,2715,2718,C
4-HA,532,14,1,0,2662,2677,C
4-HA,533,11,3,0,2664,2678,C
4-HA,534,2671,0,1,0,2672,A
4-HA,535,1,1,2777,0,2779,G
4-HA,536,2,0,0,2785,2787,C
4-HA,537,2778,0,1,0,2779,A
4-HA,538,0,2776,0,1,2777,T
4-HA,539,1,2736,0,3,2740,T
4-HA,540,1,17,2822,0,2840,G
4-HA,541,2825,0,10,0,2835,A
4-HA,542,2831,0,5,1,2837,A
4-HA,543,4,1,0,2833,2838,C
4-HA,544,4,4,2775,0,2783,G
4-HA,545,1,2797,1,6,2805,T
4-HA,546,1,18,2790,0,2809,G
4-HA,547,2801,1,6,0,2808,A
4-HA,548,1,0,0,2812,2813,C
4-HA,549,0,2718,0,2,2720,T
4-HA,550,2779,0,0,0,2779,A
4-HA,551,2,2777,0,1,2780,T
4-HA,552,0,1,2794,1,2796,G
4-HA,553,1,1,0,2793,2795,C
4-HA,554,6,1,0,2755,2762,C
4-HA,555,2757,1,1,0,2759,A
4-HA,556,2755,0,1,0,2756,A
4-HA,557,2779,0,2,2,2783,A
4-HA,558,3,1,0,2784,2788,C
4-HA,559,2729,0,0,0,2729,A
4-HA,560,2734,0,0,0,2734,A
4-HA,561,2,2707,0,0,2709,T
4-HA,562,4,24,2684,0,2712,G
4-HA,563,2711,1,1,0,2713,A
4-HA,564,2704,0,5,0,2709,A
4-HA,565,2,1,0,2658,2661,C
4-HA,566,2675,0,0,0,2675,A
4-HA,567,2696,1,0,0,2697,A
4-HA,568,0,2700,0,0,2700,T
4-HA,569,0,2698,0,1,2699,T
4-HA,570,0,2695,0,2,2697,T
4-HA,571,1,16,2670,1,2688,G
4-HA,572,2691,0,2,0,2693,A
4-HA,573,3,1,0,2690,2694,C
4-HA,574,2691,0,2,0,2693,A
4-HA,575,2696,0,0,0,2696,A
4-HA,576,2734,0,0,0,2734,A
4-HA,577,1,2764,0,0,2765,T
4-HA,578,0,2757,0,0,2757,T
4-HA,579,1,6,2784,0,2791,G
4-HA,580,1,2791,0,1,2793,T
4-HA,581,2796,1,0,0,2797,A
4-HA,582,0,2,0,2838,2840,C
4-HA,583,2831,0,0,0,2831,A
4-HA,584,0,2878,0,1,2879,T
4-HA,585,0,2836,1,0,2837,T
4-HA,586,0,2821,0,1,2822,T
4-HA,587,1,10,2799,0,2810,G
4-HA,588,1,14,2788,0,2803,G
4-HA,589,1,18,2784,0,2803,G
4-HA,590,6,8,2797,0,2811,G
4-HA,591,0,9,2756,0,2765,G
4-HA,592,0,4,2835,1,2840,G
4-HA,593,1,2795,0,2,2798,T
4-HA,594,0,2800,0,0,2800,T
4-HA,595,11,2,0,2797,2810,C
4-HA,596,2802,0,6,0,2808,A
4-HA,597,3,0,1,2821,2825,C
4-HA,598,9,0,1,2807,2817,C
4-HA,599,2816,0,1,0,2817,A
4-HA,600,2,0,0,2848,2850,C
4-HA,601,6,1,0,2796,2803,C
4-HA,602,10,0,0,2771,2781,C
4-HA,603,1,9,2781,0,2791,G
4-HA,604,3,8,2906,0,2917,G
4-HA,605,1,3,2920,0,2924,G
4-HA,606,1,2910,0,1,2912,T
4-HA,607,2912,0,2,0,2914,A
4-HA,608,4,5,0,2888,2897,C
4-HA,609,2,10,2849,1,2862,G
4-HA,610,1,3,2890,0,2894,G
4-HA,611,2883,1,1,0,2885,A
4-HA,612,3,3,0,2889,2895,C
4-HA,613,2759,0,0,0,2759,A
4-HA,614,2763,0,1,0,2764,A
4-HA,615,0,2768,0,0,2768,T
4-HA,616,2,22,2785,1,2810,G
4-HA,617,2805,0,4,1,2810,A
4-HA,618,1,1,1,2809,2812,C
4-HA,619,19,3,0,2752,2774,C
4-HA,620,2779,0,1,0,2780,A
4-HA,621,2778,0,0,0,2778,A
4-HA,622,2823,0,0,0,2823,A
4-HA,623,0,2827,0,1,2828,T
4-HA,624,3,1,0,2842,2846,C
4-HA,625,1,2803,0,3,2807,T
4-HA,626,0,2808,0,0,2808,T
4-HA,627,4,1,0,2838,2843,C
4-HA,628,4,0,0,2842,2846,C
4-HA,629,0,2836,1,1,2838,T
4-HA,630,2,4,2850,0,2856,G
4-HA,631,0,2803,0,3,2806,T
4-HA,632,2835,0,0,0,2835,A
4-HA,633,0,2814,0,6,2820,T
4-HA,634,1,4,2833,0,2838,G
4-HA,635,2,0,0,2847,2849,C
4-HA,636,0,2816,0,7,2823,T
4-HA,637,10,7,0,2807,2824,C
4-HA,638,2816,0,8,0,2824,A
4-HA,639,2810,0,3,0,2813,A
4-HA,640,0,2,2825,0,2827,G
4-HA,641,1,0,0,2825,2826,C
4-HA,642,2822,1,1,0,2824,A
4-HA,643,0,2800,0,0,2800,T
4-HA,644,9,0,1,2782,2792,C
4-HA,645,2793,0,0,0,2793,A
4-HA,646,0,5,2818,0,2823,G
4-HA,647,1,9,2815,0,2825,G
4-HA,648,2827,1,1,0,2829,A
4-HA,649,2804,0,2,0,2806,A
4-HA,650,0,7,2839,0,2846,G
4-HA,651,2834,0,3,0,2837,A
4-HA,652,2874,0,1,0,2875,A
4-HA,653,0,2884,0,5,2889,T
4-HA,654,9,0,0,2880,2889,C
4-HA,655,2862,1,2,0,2865,A
4-HA,656,0,3,0,2864,2867,C
4-HA,657,2848,1,4,0,2853,A
4-HA,658,1,2,2905,0,2908,G
4-HA,659,1,2858,1,3,2863,T
4-HA,660,10,0,0,2871,2881,C
4-HA,661,0,2835,0,3,2838,T
4-HA,662,7,0,0,2921,2928,C
4-HA,663,1,2936,0,1,2938,T
4-HA,664,2963,1,0,0,2964,A
4-HA,665,4,0,0,2959,2963,C
4-HA,666,10,2,1,2943,2956,C
4-HA,667,2903,0,2,0,2905,A
4-HA,668,2904,0,2,2,2908,A
4-HA,669,2898,0,0,0,2898,A
4-HA,670,2893,0,2,0,2895,A
4-HA,671,0,3,2883,0,2886,G
4-HA,672,2817,1,0,0,2818,A
4-HA,673,2811,0,1,1,2813,A
4-HA,674,0,0,2823,0,2823,G
4-HA,675,2,1,0,2821,2824,C
4-HA,676,7,0,1,2821,2829,C
4-HA,677,2827,0,1,0,2828,A
4-HA,678,2846,1,0,0,2847,A
4-HA,679,4,2,0,2843,2849,C
4-HA,680,2844,0,0,0,2844,A
4-HA,681,2842,0,0,1,2843,A
4-HA,682,2839,1,3,0,2843,A
4-HA,683,4,1,0,2877,2882,C
4-HA,684,0,2857,0,1,2858,T
4-HA,685,2,2,2872,0,2876,G
4-HA,686,0,2867,0,2,2869,T
4-HA,687,2872,0,2,0,2874,A
4-HA,688,2878,0,1,0,2879,A
4-HA,689,0,2867,0,1,2868,T
4-HA,690,3,2,0,2864,2869,C
4-HA,691,12,3,0,2856,2871,C
4-HA,692,9,0,0,2805,2814,C
4-HA,693,3,8,2809,0,2820,G
4-HA,694,2817,0,0,0,2817,A
4-HA,695,2819,0,2,0,2821,A
4-HA,696,0,2831,0,1,2832,T
4-HA,697,2837,0,1,0,2838,A
4-HA,698,1,2838,0,0,2839,T
4-HA,699,2,0,0,2804,2806,C
4-HA,700,1,9,2798,0,2808,G
4-HA,701,0,5,2854,0,2859,G
4-HA,702,2870,1,0,0,2871,A
4-HA,703,0,2884,0,2,2886,T
4-HA,704,6,1,0,2889,2896,C
4-HA,705,0,2889,0,2,2891,T
4-HA,706,2892,0,0,0,2892,A
4-HA,707,2,5,2897,0,2904,G
4-HA,708,2916,1,0,0,2917,A
4-HA,709,7,0,1,2900,2908,C
4-HA,710,6,1,0,2833,2840,C
4-HA,711,6,0,0,2839,2845,C
4-HA,712,2820,0,2,0,2822,A
4-HA,713,0,7,2968,0,2975,G
4-HA,714,2972,1,1,0,2974,A
4-HA,715,1,3,3010,0,3014,G
4-HA,716,0,2987,1,1,2989,T
4-HA,717,2963,0,0,0,2963,A
4-HA,718,2956,0,6,0,2962,A
4-HA,719,1,2,3008,0,3011,G
4-HA,720,0,11,3028,0,3039,G
4-HA,721,2987,0,8,1,2996,A
4-HA,722,2786,2,3,1,2792,A
4-HA,723,0,2786,0,1,2787,T
4-HA,724,2785,0,2,0,2787,A
4-HA,725,0,2773,2,0,2775,T
4-HA,726,11,6,0,2792,2809,C
4-HA,727,10,0,0,2786,2796,C
4-HA,728,15,0,0,2753,2768,C
4-HA,729,0,2748,0,0,2748,T
4-HA,730,2754,0,4,1,2759,A
4-HA,731,0,2,2764,0,2766,G
4-HA,732,1,1,0,2760,2762,C
4-HA,733,2694,0,3,0,2697,A
4-HA,734,2,8,2747,1,2758,G
4-HA,735,2725,0,2,0,2727,A
4-HA,736,2729,1,2,0,2732,A
4-HA,737,0,2729,0,0,2729,T
4-HA,738,2728,1,0,0,2729,A
4-HA,739,2731,1,4,0,2736,A
4-HA,740,0,1,2734,0,2735,G
4-HA,741,4,1,0,2728,2733,C
4-HA,742,2735,0,1,0,2736,A
4-HA,743,0,2662,0,0,2662,T
4-HA,744,1,2,0,2770,2773,C
4-HA,745,2,2773,0,0,2775,T
4-HA,746,2779,1,2,0,2782,A
4-HA,747,0,2781,0,1,2782,T
4-HA,748,0,2763,0,1,2764,T
4-HA,749,0,9,2768,0,2777,G
4-HA,750,1,9,2754,1,2765,G
4-HA,751,2759,2,1,0,2762,A
4-HA,752,0,0,2,2754,2756,C
4-HA,753,2573,0,0,1,2574,A
4-HA,754,2627,0,1,0,2628,A
4-HA,755,0,2718,0,0,2718,T
4-HA,756,2736,0,2,1,2739,A
4-HA,757,0,4,2768,0,2772,G
4-HA,758,1,2752,0,0,2753,T
4-HA,759,2751,0,0,1,2752,A
4-HA,760,2762,0,0,0,2762,A
4-HA,761,2792,0,2,0,2794,A
4-HA,762,2805,0,2,2,2809,A
4-HA,763,1,1,0,2831,2833,C
4-HA,764,5,1,0,2660,2666,C
4-HA,765,5,12,2647,1,2665,G
4-HA,766,1,9,2669,0,2679,G
4-HA,767,0,9,2696,0,2705,G
4-HA,768,2707,0,2,0,2709,A
4-HA,769,0,7,2731,0,2738,G
4-HA,770,2757,0,6,0,2763,A
4-HA,771,2,1,0,2758,2761,C
4-HA,772,2754,0,1,3,2758,A
4-HA,773,0,2761,0,0,2761,T
4-HA,774,2771,0,3,0,2774,A
4-HA,775,2,0,0,2810,2812,C
4-HA,776,0,2785,0,7,2792,T
4-HA,777,0,2811,1,1,2813,T
4-HA,778,0,2839,0,3,2842,T
4-HA,779,0,2836,0,0,2836,T
4-HA,780,2,14,2847,0,2863,G
4-HA,781,2887,0,1,0,2888,A
4-HA,782,1,2888,1,2,2892,T
4-HA,783,0,2994,0,0,2994,T
4-HA,784,2970,0,0,0,2970,A
4-HA,785,2986,1,1,1,2989,A
4-HA,786,2,2,0,3028,3032,C
4-HA,787,3010,1,1,1,3013,A
4-HA,788,0,4,3129,0,3133,G
4-HA,789,4,2,0,3116,3122,C
4-HA,790,3118,1,0,0,3119,A
4-HA,791,3,1,0,3149,3153,C
4-HA,792,3124,2,2,0,3128,A
4-HA,793,1,13,3174,0,3188,G
4-HA,794,0,7,3175,1,3183,G
4-HA,795,1,21,3280,0,3302,G
4-HA,796,3284,0,3,0,3287,A
4-HA,797,3311,0,9,0,3320,A
4-HA,798,1,3315,0,0,3316,T
4-HA,799,11,1,0,3317,3329,C
4-HA,800,1,3330,0,3,3334,T
4-HA,801,3339,1,1,0,3341,A
4-HA,802,3318,0,2,0,3320,A
4-HA,803,0,3318,1,1,3320,T
4-HA,804,0,3254,0,0,3254,T
4-HA,805,2,2,3309,0,3313,G
4-HA,806,2,0,0,3400,3402,C
4-HA,807,1,3495,0,7,3503,T
4-HA,808,11,0,0,3584,3595,C
4-HA,809,7,0,0,3589,3596,C
4-HA,810,1,3587,1,4,3593,T
4-HA,811,3596,0,1,0,3597,A
4-HA,812,1,24,3578,1,3604,G
4-HA,813,2,21,3618,0,3641,G
4-HA,814,2,13,3643,0,3658,G
4-HA,815,1,7,3618,0,3626,G
4-HA,816,0,3530,1,1,3532,T
4-HA,817,0,3499,0,1,3500,T
4-HA,818,3501,1,1,0,3503,A
4-HA,819,2,0,0,3574,3576,C
4-HA,820,1,3547,0,6,3554,T
4-HA,821,1,3576,1,1,3579,T
4-HA,822,7,1,0,3556,3564,C
4-HA,823,3553,0,0,0,3553,A
4-HA,824,3568,0,0,0,3568,A
4-HA,825,3577,1,1,0,3579,A
4-HA,826,3609,0,3,0,3612,A
4-HA,827,0,3604,1,0,3605,T
4-HA,828,3577,0,1,0,3578,A
4-HA,829,0,1,0,3569,3570,C
4-HA,830,1,17,3551,0,3569,G
4-HA,831,3575,2,0,0,3577,A
4-HA,832,3589,0,1,0,3590,A
4-HA,833,0,3,3629,0,3632,G
4-HA,834,2,3625,1,2,3630,T
4-HA,835,0,16,3637,2,3655,G
4-HA,836,0,6,3658,0,3664,G
4-HA,837,0,11,3654,0,3665,G
4-HA,838,3662,0,2,1,3665,A
4-HA,839,3654,0,1,0,3655,A
4-HA,840,3660,2,3,0,3665,A
4-HA,841,3642,1,6,1,3650,A
4-HA,842,1,3,3725,1,3730,G
4-HA,843,2,0,0,3723,3725,C
4-HA,844,1,3699,0,1,3701,T
4-HA,845,15,0,0,3737,3752,C
4-HA,846,3752,0,4,0,3756,A
4-HA,847,3792,1,0,0,3793,A
4-HA,848,0,3795,0,0,3795,T
4-HA,849,3833,0,2,1,3836,A
4-HA,850,3827,2,3,0,3832,A
4-HA,851,0,3752,0,0,3752,T
4-HA,852,0,13,3753,0,3766,G
4-HA,853,3738,0,4,1,3743,A
4-HA,854,0,17,3831,0,3848,G
4-HA,855,3853,0,0,0,3853,A
4-HA,856,0,3828,0,4,3832,T
4-HA,857,14,0,0,3894,3908,C
4-HA,858,3874,1,1,2,3878,A
4-HA,859,1,14,3950,0,3965,G
4-HA,860,3961,0,7,0,3968,A
4-HA,861,1,3958,0,0,3959,T
4-HA,862,2,3,3954,0,3959,G
4-HA,863,3,5,0,3903,3911,C
4-HA,864,3906,2,4,0,3912,A
4-HA,865,5,2,0,4002,4009,C
4-HA,866,13,2,0,3942,3957,C
4-HA,867,16,1,1,3950,3968,C
4-HA,868,3906,0,0,0,3906,A
4-HA,869,0,3894,1,2,3897,T
4-HA,870,0,3895,0,2,3897,T
4-HA,871,3,17,3917,0,3937,G
4-HA,872,3,3,3920,1,3927,G
4-HA,873,3,1,0,3922,3926,C
4-HA,874,3868,1,2,0,3871,A
4-HA,875,3858,1,0,0,3859,A
4-HA,876,3923,0,1,0,3924,A
4-HA,877,0,3919,0,1,3920,T
4-HA,878,0,2,3921,0,3923,G
4-HA,879,3,1,0,3916,3920,C
4-HA,880,3889,0,4,0,3893,A
4-HA,881,3992,0,2,0,3994,A
4-HA,882,1,3987,0,2,3990,T
4-HA,883,1,4013,0,1,4015,T
4-HA,884,6,0,1,4012,4019,C
4-HA,885,11,3950,0,5,3966,T
4-HA,886,0,10,4001,0,4011,G
4-HA,887,4001,0,3,0,4004,A
4-HA,888,4014,0,2,0,4016,A
4-HA,889,0,4016,0,1,4017,T
4-HA,890,2,6,3973,1,3982,G
4-HA,891,8,2,0,4003,4013,C
4-HA,892,3996,0,3,0,3999,A
4-HA,893,1,3996,0,2,3999,T
4-HA,894,15,2,1,3978,3996,C
4-HA,895,3983,1,2,1,3987,A
4-HA,896,1,1,0,4155,4157,C
4-HA,897,0,4126,2,3,4131,T
4-HA,898,16,0,0,4137,4153,C
4-HA,899,16,2,1,4115,4134,C
4-HA,900,4161,0,1,1,4163,A
4-HA,901,4157,0,2,0,4159,A
4-HA,902,4156,0,3,1,4160,A
4-HA,903,0,4033,0,0,4033,T
4-HA,904,0,14,4044,0,4058,G
4-HA,905,1,15,4059,0,4075,G
4-HA,906,4077,0,3,0,4080,A
4-HA,907,4063,0,8,0,4071,A
4-HA,908,0,2,4088,1,4091,G
4-HA,909,2,0,0,4063,4065,C
4-HA,910,4055,1,2,0,4058,A
4-HA,911,0,4073,0,3,4076,T
4-HA,912,0,4070,0,5,4075,T
4-HA,913,10,1,0,4164,4175,C
4-HA,914,9,0,1,4161,4171,C
4-HA,915,15,1,2,4149,4167,C
4-HA,916,4165,0,0,0,4165,A
4-HA,917,4229,0,0,2,4231,A
4-HA,918,0,4271,0,3,4274,T
4-HA,919,1,27,4233,1,4262,G
4-HA,920,4254,0,6,1,4261,A
4-HA,921,2,1,0,4258,4261,C
4-HA,922,4139,0,2,0,4141,A
4-HA,923,4150,2,2,1,4155,A
4-HA,924,4152,1,4,0,4157,A
4-HA,925,5,0,0,4178,4183,C
4-HA,926,16,0,0,4115,4131,C
4-HA,927,4069,0,0,0,4069,A
4-HA,928,1,4075,0,1,4077,T
4-HA,929,1,4065,0,4,4070,T
4-HA,930,14,0,0,4070,4084,C
4-HA,931,7,0,1,4080,4088,C
4-HA,932,4076,0,1,1,4078,A
4-HA,933,4076,0,1,0,4077,A
4-HA,934,4058,0,0,4,4062,A
4-HA,935,4122,0,0,0,4122,A
4-HA,936,0,4116,0,2,4118,T
4-HA,937,1,7,4107,0,4115,G
4-HA,938,1,4090,0,0,4091,T
4-HA,939,0,4087,0,4,4091,T
4-HA,940,4151,0,1,1,4153,A
4-HA,941,4157,0,1,0,4158,A
4-HA,942,7,2,0,4160,4169,C
4-HA,943,4127,0,4,0,4131,A
4-HA,944,0,20,4154,1,4175,G
4-HA,945,0,7,4201,0,4208,G
4-HA,946,4282,1,3,0,4286,A
4-HA,947,1,4289,0,3,4293,T
4-HA,948,15,1,1,4306,4323,C
4-HA,949,4347,0,6,0,4353,A
4-HA,950,2,2,1,4481,4486,C
4-HA,951,4478,0,2,0,4480,A
4-HA,952,0,4600,0,1,4601,T
4-HA,953,4507,2,2,0,4511,A
4-HA,954,5,4,0,4434,4443,C
4-HA,955,2,23,4264,1,4290,G
4-HA,956,1,16,4292,0,4309,G
4-HA,957,1,8,4276,1,4286,G
4-HA,958,2,4,4273,1,4280,G
4-HA,959,0,0,1,4202,4203,C
4-HA,960,9,0,0,4187,4196,C
4-HA,961,0,4092,0,3,4095,T
4-HA,962,0,2,4466,0,4468,G
4-HA,963,1,4471,1,5,4478,T
4-HA,964,25,1,0,4458,4484,C
4-HA,965,13,3,0,4469,4485,C
4-HA,966,15,7,0,4452,4474,C
4-HA,967,4458,0,2,0,4460,A
4-HA,968,7,9,4480,0,4496,G
4-HA,969,4485,1,0,0,4486,A
4-HA,970,2,4493,0,0,4495,T
4-HA,971,4172,0,2,0,4174,A
4-HA,972,0,4094,0,1,4095,T
4-HA,973,0,9,4089,1,4099,G
4-HA,974,1,4080,0,1,4082,T
4-HA,975,2,4017,0,0,4019,T
4-HA,976,4049,0,1,0,4050,A
4-HA,977,3999,0,2,3,4004,A
4-HA,978,1,2,4044,0,4047,G
4-HA,979,4,1,0,4025,4030,C
4-HA,980,3985,0,1,0,3986,A
4-HA,981,3985,2,4,1,3992,A
4-HA,982,3968,0,0,0,3968,A
4-HA,983,3977,1,1,3,3982,A
4-HA,984,3,0,0,3983,3986,C
4-HA,985,3963,0,1,0,3964,A
4-HA,986,4,0,0,3991,3995,C
4-HA,987,1,3937,0,2,3940,T
4-HA,988,21,1,0,3935,3957,C
4-HA,989,0,3946,0,4,3950,T
4-HA,990,1,12,3979,0,3992,G
4-HA,991,3991,2,1,0,3994,A
4-HA,992,3983,0,2,0,3985,A
4-HA,993,3995,2,0,0,3997,A
4-HA,994,0,3957,0,0,3957,T
4-HA,995,0,3944,0,3,3947,T
4-HA,996,2,12,3980,0,3994,G
4-HA,997,1,5,3987,2,3995,G
4-HA,998,0,1,0,4009,4010,C
4-HA,999,3965,1,1,2,3969,A
4-HA,1000,3974,1,2,1,3978,A
4-HA,1001,3,4,0,3975,3982,C
4-HA,1002,3969,0,0,0,3969,A
4-HA,1003,0,16,4004,0,4020,G
4-HA,1004,1,15,3980,1,3997,G
4-HA,1005,2,15,3973,1,3991,G
4-HA,1006,3987,0,3,0,3990,A
4-HA,1007,0,3978,0,2,3980,T
4-HA,1008,1,1,3991,0,3993,G
4-HA,1009,3,2,1,3977,3983,C
4-HA,1010,3,12,3968,0,3983,G
4-HA,1011,4016,1,7,1,4025,A
4-HA,1012,3956,0,1,0,3957,A
4-HA,1013,3994,0,0,0,3994,A
4-HA,1014,0,3940,0,0,3940,T
4-HA,1015,0,6,4018,0,4024,G
4-HA,1016,0,4012,0,2,4014,T
4-HA,1017,3994,1,4,0,3999,A
4-HA,1018,3,0,0,3998,4001,C
4-HA,1019,22,1,1,3960,3984,C
4-HA,1020,3923,1,2,0,3926,A
4-HA,1021,0,17,3917,0,3934,G
4-HA,1022,3858,0,8,1,3867,A
4-HA,1023,3,8,3892,0,3903,G
4-HA,1024,3840,0,3,0,3843,A
4-HA,1025,3827,1,5,0,3833,A
4-HA,1026,3843,1,7,0,3851,A
4-HA,1027,4,1,0,3845,3850,C
4-HA,1028,3810,0,0,0,3810,A
4-HA,1029,3868,0,1,0,3869,A
4-HA,1030,3862,2,5,0,3869,A
4-HA,1031,5,0,0,3881,3886,C
4-HA,1032,0,3857,0,0,3857,T
4-HA,1033,3806,0,2,0,3808,A
4-HA,1034,0,8,3819,0,3827,G
4-HA,1035,3797,1,0,1,3799,A
4-HA,1036,2,11,3862,0,3875,G
4-HA,1037,1,5,3862,0,3868,G
4-HA,1038,1,0,1,3798,3800,C
4-HA,1039,3809,1,2,0,3812,A
4-HA,1040,0,3810,0,0,3810,T
4-HA,1041,3824,1,0,0,3825,A
4-HA,1042,1,3805,0,0,3806,T
4-HA,1043,0,3798,0,3,3801,T
4-HA,1044,0,3803,0,2,3805,T
4-HA,1045,3,17,3668,1,3689,G
4-HA,1046,1,1,3691,0,3693,G
4-HA,1047,2,6,0,3674,3682,C
4-HA,1048,3,8,3677,0,3688,G
4-HA,1049,3,1,0,3643,3647,C
4-HA,1050,3638,0,0,0,3638,A
4-HA,1051,3669,1,2,0,3672,A
4-HA,1052,0,3660,0,0,3660,T
4-HA,1053,13,1,0,3661,3675,C
4-HA,1054,1,1,3673,0,3675,G
4-HA,1055,4,2,0,3651,3657,C
4-HA,1056,8,11,3644,0,3663,G
4-HA,1057,0,12,3668,1,3681,G
4-HA,1058,2,4,3704,0,3710,G
4-HA,1059,0,3698,1,1,3700,T
4-HA,1060,0,3629,0,4,3633,T
4-HA,1061,1,3634,0,2,3637,T
4-HA,1062,15,2,2,3617,3636,C
4-HA,1063,3644,1,4,1,3650,A
4-HA,1064,0,3644,0,3,3647,T
4-HA,1065,3641,0,2,0,3643,A
4-HA,1066,0,9,3670,0,3679,G
4-HA,1067,3594,2,1,1,3598,A
4-HA,1068,3602,0,3,0,3605,A
4-HA,1069,3615,1,0,0,3616,A
4-HA,1070,3625,0,3,0,3628,A
4-HA,1071,0,3614,0,2,3616,T
4-HA,1072,0,9,3628,0,3637,G
4-HA,1073,1,4,3651,0,3656,G
4-HA,1074,0,3621,0,0,3621,T
4-HA,1075,0,3568,0,0,3568,T
4-HA,1076,3,13,3553,1,3570,G
4-HA,1077,0,11,3579,2,3592,G
4-HA,1078,0,7,3605,2,3614,G
4-HA,1079,3566,1,6,0,3573,A
4-HA,1080,2,13,3581,0,3596,G
4-HA,1081,1,10,3556,0,3567,G
4-HA,1082,3,7,3625,0,3635,G
4-HA,1083,3625,1,4,1,3631,A
4-HA,1084,3652,1,3,0,3656,A
4-HA,1085,1,3645,0,1,3647,T
4-HA,1086,1,15,3644,0,3660,G
4-HA,1087,2,6,3701,0,3709,G
4-HA,1088,3,3666,0,3,3672,T
4-HA,1089,6,16,3639,0,3661,G
4-HA,1090,1,10,3636,0,3647,G
4-HA,1091,3575,1,4,0,3580,A
4-HA,1092,1,3576,0,5,3582,T
4-HA,1093,0,16,3617,1,3634,G
4-HA,1094,2,4,3672,1,3679,G
4-HA,1095,0,3625,0,0,3625,T
4-HA,1096,1,3517,0,11,3529,T
4-HA,1097,1,13,3519,0,3533,G
4-HA,1098,0,8,3568,0,3576,G
4-HA,1099,1,3568,0,7,3576,T
4-HA,1100,3562,0,3,1,3566,A
4-HA,1101,4,5,0,3386,3395,C
4-HA,1102,1,17,3401,0,3419,G
4-HA,1103,1,2,3515,0,3518,G
4-HA,1104,1,3516,0,5,3522,T
4-HA,1105,0,3520,0,1,3521,T
4-HA,1106,0,3515,1,2,3518,T
4-HA,1107,13,0,0,3457,3470,C
4-HA,1108,3455,1,10,0,3466,A
4-HA,1109,10,9,3445,0,3464,G
4-HA,1110,2,2,3464,0,3468,G
4-HA,1111,1,0,0,3445,3446,C
4-HA,1112,3337,1,1,0,3339,A
4-HA,1113,0,3358,0,3,3361,T
4-HA,1114,11,1,1,3354,3367,C
4-HA,1115,3372,1,1,0,3374,A
4-HA,1116,3372,0,1,1,3374,A
4-HA,1117,3375,0,1,0,3376,A
4-HA,1118,3382,0,0,1,3383,A
4-HA,1119,1,3372,0,0,3373,T
4-HA,1120,1,3374,0,2,3377,T
4-HA,1121,6,0,0,3375,3381,C
4-HA,1122,0,3362,1,3,3366,T
4-HA,1123,1,6,3362,0,3369,G
4-HA,1124,3362,0,0,1,3363,A
4-HA,1125,3330,0,4,0,3334,A
4-HA,1126,1,10,3358,0,3369,G
4-HA,1127,1,7,3406,0,3414,G
4-HA,1128,3412,0,0,1,3413,A
4-HA,1129,3407,0,3,0,3410,A
4-HA,1130,0,9,3371,0,3380,G
4-HA,1131,3427,1,6,0,3434,A
4-HA,1132,0,6,3449,0,3455,G
4-HA,1133,7,16,3449,1,3473,G
4-HA,1134,3465,1,5,0,3471,A
4-HA,1135,6,1,0,3464,3471,C
4-HA,1136,3432,0,4,0,3436,A
4-HA,1137,3421,0,2,0,3423,A
4-HA,1138,1,1,3431,0,3433,G
4-HA,1139,4,2,1,3437,3444,C
4-HA,1140,3409,0,2,0,3411,A
4-HA,1141,0,0,3413,1,3414,G
4-HA,1142,1,0,0,3395,3396,C
4-HA,1143,3385,0,1,0,3386,A
4-HA,1144,1,8,3413,0,3422,G
4-HA,1145,3400,0,2,1,3403,A
4-HA,1146,0,3488,0,2,3490,T
4-HA,1147,10,0,0,3480,3490,C
4-HA,1148,1,3442,0,8,3451,T
4-HA,1149,13,0,0,3468,3481,C
4-HA,1150,3463,3,0,5,3471,A
4-HA,1151,3474,0,0,0,3474,A
4-HA,1152,3471,0,1,0,3472,A
4-HA,1153,3427,0,6,0,3433,A
4-HA,1154,3,1,3449,0,3453,G
4-HA,1155,5,1,0,3388,3394,C
4-HA,1156,3383,1,2,0,3386,A
4-HA,1157,1,1,0,3442,3444,C
4-HA,1158,0,3414,0,2,3416,T
4-HA,1159,9,0,0,3420,3429,C
4-HA,1160,3421,1,0,0,3422,A
4-HA,1161,3484,0,4,0,3488,A
4-HA,1162,0,0,3489,2,3491,G
4-HA,1163,1,2,0,3476,3479,C
4-HA,1164,3460,0,3,0,3463,A
4-HA,1165,1,1,3482,0,3484,G
4-HA,1166,2,3,0,3417,3422,C
4-HA,1167,3412,1,1,0,3414,A
4-HA,1168,3403,0,1,0,3404,A
4-HA,1169,0,3393,1,1,3395,T
4-HA,1170,12,1,0,3312,3325,C
4-HA,1171,2,20,3318,0,3340,G
4-HA,1172,3338,3,0,0,3341,A
4-HA,1173,2,3326,0,4,3332,T
4-HA,1174,18,0,0,3291,3309,C
4-HA,1175,3306,0,1,0,3307,A
4-HA,1176,3362,2,1,0,3365,A
4-HA,1177,3360,1,1,0,3362,A
4-HA,1178,0,3356,0,0,3356,T
4-HA,1179,14,0,0,3360,3374,C
4-HA,1180,3329,1,0,0,3330,A
4-HA,1181,3359,0,0,0,3359,A
4-HA,1182,1,3350,0,0,3351,T
4-HA,1183,1,11,3346,0,3358,G
4-HA,1184,1,11,3337,0,3349,G
4-HA,1185,1,5,3304,0,3310,G
4-HA,1186,3319,0,1,0,3320,A
4-HA,1187,3311,0,1,1,3313,A
4-HA,1188,3,1,3347,1,3352,G
4-HA,1189,2,1,0,3351,3354,C
4-HA,1190,1,3322,0,0,3323,T
4-HA,1191,1,15,3438,0,3454,G
4-HA,1192,3445,1,0,0,3446,A
4-HA,1193,3445,2,2,1,3450,A
4-HA,1194,0,3454,0,0,3454,T
4-HA,1195,3347,1,0,0,3348,A
4-HA,1196,2,3,3341,0,3346,G
4-HA,1197,3089,0,2,1,3092,A
4-HA,1198,0,3101,0,2,3103,T
4-HA,1199,2,3105,0,2,3109,T
4-HA,1200,0,11,3122,0,3133,G
4-HA,1201,3104,1,1,0,3106,A
4-HA,1202,0,3087,0,0,3087,T
4-HA,1203,10,3,0,3096,3109,C
4-HA,1204,4,9,3084,2,3099,G
4-HA,1205,0,9,3098,1,3108,G
4-HA,1206,0,10,3114,0,3124,G
4-HA,1207,3114,0,2,0,3116,A
4-HA,1208,3123,0,0,0,3123,A
4-HA,1209,3096,1,2,1,3100,A
4-HA,1210,3117,1,2,0,3120,A
4-HA,1211,3,0,0,3120,3123,C
4-HA,1212,10,2,0,3109,3121,C
4-HA,1213,3088,0,1,1,3090,A
4-HA,1214,3087,0,0,0,3087,A
4-HA,1215,0,3,0,3086,3089,C
4-HA,1216,2,19,3077,0,3098,G
4-HA,1217,3089,1,5,1,3096,A
4-HA,1218,0,5,3090,0,3095,G
4-HA,1219,3082,0,2,1,3085,A
4-HA,1220,3077,0,0,0,3077,A
4-HA,1221,3080,0,2,1,3083,A
4-HA,1222,1,3080,0,3,3084,T
4-HA,1223,1,3090,0,2,3093,T
4-HA,1224,9,0,0,3089,3098,C
4-HA,1225,4,0,0,3090,3094,C
4-HA,1226,3089,3,0,1,3093,A
4-HA,1227,1,3086,0,1,3088,T
4-HA,1228,11,2,1,3078,3092,C
4-HA,1229,3068,0,1,1,3070,A
4-HA,1230,0,11,3086,1,3098,G
4-HA,1231,3076,1,0,1,3078,A
4-HA,1232,0,3079,0,1,3080,T
4-HA,1233,0,3056,0,1,3057,T
4-HA,1234,0,10,3082,0,3092,G
4-HA,1235,3085,2,3,0,3090,A
4-HA,1236,3087,1,0,1,3089,A
4-HA,1237,3091,0,3,0,3094,A
4-HA,1238,3092,0,2,0,3094,A
4-HA,1239,3068,0,3,1,3072,A
4-HA,1240,1,6,3077,0,3084,G
4-HA,1241,3070,0,0,0,3070,A
4-HA,1242,3091,0,0,0,3091,A
4-HA,1243,0,3063,0,0,3063,T
4-HA,1244,0,3068,0,1,3069,T
4-HA,1245,4,2,0,3079,3085,C
4-HA,1246,1,3072,0,3,3076,T
4-HA,1247,6,2,0,3068,3076,C
4-HA,1248,3073,0,2,2,3077,A
4-HA,1249,1,2,3071,0,3074,G
4-HA,1250,3062,1,2,1,3066,A
4-HA,1251,3045,1,5,0,3051,A
4-HA,1252,1,4,3079,0,3084,G
4-HA,1253,1,3067,0,1,3069,T
4-HA,1254,15,2,0,3057,3074,C
4-HA,1255,1,5,3065,0,3071,G
4-HA,1256,3070,1,2,0,3073,A
4-HA,1257,3064,0,3,0,3067,A
4-HA,1258,0,16,3048,0,3064,G
4-HA,1259,1,7,3067,1,3076,G
4-HA,1260,1,8,3075,1,3085,G
4-HA,1261,3003,1,10,0,3014,A
4-HA,1262,0,14,3023,0,3037,G
4-HA,1263,3015,0,2,0,3017,A
4-HA,1264,3178,0,0,1,3179,A
4-HA,1265,0,3181,0,1,3182,T
4-HA,1266,0,3174,0,1,3175,T
4-HA,1267,12,0,1,3168,3181,C
4-HA,1268,3114,0,5,0,3119,A
4-HA,1269,0,7,3122,0,3129,G
4-HA,1270,0,7,3122,0,3129,G
4-HA,1271,3110,1,2,0,3113,A
4-HA,1272,5,2,0,3122,3129,C
4-HA,1273,10,0,0,2866,2876,C
4-HA,1274,2,2852,0,3,2857,T
4-HA,1275,0,2799,1,65,2865,T
4-HA,1276,0,16,2870,0,2886,G
4-HA,1277,2883,2,2,0,2887,A
4-HA,1278,1,7,2934,0,2942,G
4-HA,1279,2922,2,0,0,2924,A
4-HA,1280,2798,1,1,0,2800,A
4-HA,1281,2791,0,3,0,2794,A
4-HA,1282,0,2756,0,1,2757,T
4-HA,1283,2841,0,1,0,2842,A
4-HA,1284,1,2826,0,1,2828,T
4-HA,1285,2,0,2841,0,2843,G
4-HA,1286,0,2835,0,3,2838,T
4-HA,1287,0,2760,0,2,2762,T
4-HA,1288,6,10,2752,0,2768,G
4-HA,1289,2755,1,0,0,2756,A
4-HA,1290,0,16,2758,0,2774,G
4-HA,1291,0,5,2741,0,2746,G
4-HA,1292,2698,0,1,0,2699,A
4-HA,1293,6,1,0,2770,2777,C
4-HA,1294,2739,0,3,0,2742,A
4-HA,1295,1,0,0,2798,2799,C
4-HA,1296,10,0,0,2798,2808,C
4-HA,1297,2798,0,1,5,2804,A
4-HA,1298,2863,0,2,1,2866,A
4-HA,1299,2864,0,0,0,2864,A
4-HA,1300,2887,1,1,0,2889,A
4-HA,1301,1,2886,0,0,2887,T
4-HA,1302,2799,2,2,1,2804,A
4-HA,1303,2,4,2829,0,2835,G
4-HA,1304,2781,2,5,1,2789,A
4-HA,1305,0,2801,0,3,2804,T
4-HA,1306,6,0,0,2797,2803,C
4-HA,1307,0,2761,0,2,2763,T
4-HA,1308,9,0,0,2807,2816,C
4-HA,1309,0,2816,0,2,2818,T
4-HA,1310,1,16,2855,1,2873,G
4-HA,1311,0,1,2939,1,2941,G
4-HA,1312,1,2931,0,2,2934,T
4-HA,1313,13,1,0,2931,2945,C
4-HA,1314,2954,0,1,0,2955,A
4-HA,1315,1,2954,1,2,2958,T
4-HA,1316,2961,0,0,1,2962,A
4-HA,1317,2,4,0,2950,2956,C
4-HA,1318,2876,0,1,0,2877,A
4-HA,1319,2893,0,1,0,2894,A
4-HA,1320,4,0,0,2835,2839,C
4-HA,1321,0,6,2838,0,2844,G
4-HA,1322,2,3,0,2830,2835,C
4-HA,1323,2,11,2805,0,2818,G
4-HA,1324,1,10,2824,0,2835,G
4-HA,1325,2827,0,0,0,2827,A
4-HA,1326,0,0,2871,0,2871,G
4-HA,1327,3,2,0,2862,2867,C
4-HA,1328,0,2856,0,2,2858,T
4-HA,1329,1,2868,1,4,2874,T
4-HA,1330,10,0,1,2862,2873,C
4-HA,1331,1,2884,1,0,2886,T
4-HA,1332,0,2882,0,2,2884,T
4-HA,1333,0,1,2884,1,2886,G
4-HA,1334,0,2872,0,8,2880,T
4-HA,1335,1,2829,0,0,2830,T
4-HA,1336,1,1,2891,0,2893,G
4-HA,1337,0,1,0,2879,2880,C
4-HA,1338,8,2,0,2865,2875,C
4-HA,1339,17,2,1,2879,2899,C
4-HA,1340,0,2878,0,8,2886,T
4-HA,1341,0,5,2911,0,2916,G
4-HA,1342,0,9,2913,0,2922,G
4-HA,1343,2916,0,0,0,2916,A
4-HA,1344,2,9,2921,0,2932,G
4-HA,1345,2874,0,3,0,2877,A
4-HA,1346,2888,0,2,0,2890,A
4-HA,1347,2,1,0,2915,2918,C
4-HA,1348,9,0,0,2903,2912,C
4-HA,1349,2907,0,2,0,2909,A
4-HA,1350,3008,1,1,1,3011,A
4-HA,1351,2,0,0,3019,3021,C
4-HA,1352,3024,0,1,1,3026,A
4-HA,1353,1,3009,0,2,3012,T
4-HA,1354,3005,0,1,1,3007,A
4-HA,1355,5,0,0,3064,3069,C
4-HA,1356,3007,0,2,1,3010,A
4-HA,1357,3012,0,0,1,3013,A
4-HA,1358,1,3009,0,1,3011,T
4-HA,1359,0,2909,0,14,2923,T
4-HA,1360,3,15,2946,1,2965,G
4-HA,1361,2983,0,2,1,2986,A
4-HA,1362,1,2978,1,1,2981,T
4-HA,1363,14,0,0,2981,2995,C
4-HA,1364,0,2922,0,2,2924,T
4-HA,1365,2950,0,0,0,2950,A
4-HA,1366,2948,1,1,0,2950,A
4-HA,1367,2,0,0,2946,2948,C
4-HA,1368,0,2927,0,0,2927,T
4-HA,1369,12,18,2882,0,2912,G
4-HA,1370,2911,1,1,0,2913,A
4-HA,1371,3,2,0,2909,2914,C
4-HA,1372,1,2897,0,5,2903,T
4-HA,1373,14,0,0,2896,2910,C
4-HA,1374,2895,0,1,0,2896,A
4-HA,1375,0,8,2931,0,2939,G
4-HA,1376,2936,0,1,1,2938,A
4-HA,1377,2936,0,0,1,2937,A
4-HA,1378,2933,0,1,0,2934,A
4-HA,1379,0,2921,0,0,2921,T
4-HA,1380,1,22,2928,1,2952,G
4-HA,1381,2948,1,2,0,2951,A
4-HA,1382,2954,0,4,0,2958,A
4-HA,1383,6,2,0,2945,2953,C
4-HA,1384,2902,0,3,0,2905,A
4-HA,1385,2908,0,2,0,2910,A
4-HA,1386,2908,0,2,0,2910,A
4-HA,1387,3,1,0,2920,2924,C
4-HA,1388,0,2894,0,3,2897,T
4-HA,1389,1,5,2905,0,2911,G
4-HA,1390,0,2878,0,3,2881,T
4-HA,1391,0,2876,0,1,2877,T
4-HA,1392,1,2878,2,0,2881,T
4-HA,1393,2,13,2864,0,2879,G
4-HA,1394,2875,0,1,1,2877,A
4-HA,1395,2880,0,1,0,2881,A
4-HA,1396,2872,0,1,0,2873,A
4-HA,1397,2878,0,1,0,2879,A
4-HA,1398,2864,1,1,0,2866,A
4-HA,1399,2869,0,2,1,2872,A
4-HA,1400,2,0,0,2882,2884,C
4-HA,1401,2882,0,0,1,2883,A
4-HA,1402,2880,1,1,0,2882,A
4-HA,1403,2882,0,3,0,2885,A
4-HA,1404,1,6,2895,0,2902,G
4-HA,1405,2909,0,0,0,2909,A
4-HA,1406,2896,0,6,0,2902,A
4-HA,1407,0,3,2905,0,2908,G
4-HA,1408,3,0,0,2905,2908,C
4-HA,1409,2900,0,1,0,2901,A
4-HA,1410,2910,0,2,0,2912,A
4-HA,1411,4,0,0,2916,2920,C
4-HA,1412,0,2904,1,0,2905,T
4-HA,1413,2,6,2903,0,2911,G
4-HA,1414,2883,1,2,0,2886,A
4-HA,1415,1,17,2892,0,2910,G
4-HA,1416,4,9,2915,1,2929,G
4-HA,1417,3,7,2909,0,2919,G
4-HA,1418,2915,0,1,0,2916,A
4-HA,1419,2915,0,1,1,2917,A
4-HA,1420,2901,0,4,1,2906,A
4-HA,1421,2931,1,0,0,2932,A
4-HA,1422,1,2919,1,0,2921,T
4-HA,1423,0,3,2936,0,2939,G
4-HA,1424,1,1,0,2927,2929,C
4-HA,1425,1,2910,1,0,2912,T
4-HA,1426,2,9,2911,0,2922,G
4-HA,1427,2919,0,2,0,2921,A
4-HA,1428,1,2,3027,0,3030,G
4-HA,1429,1,6,3055,0,3062,G
4-HA,1430,3042,0,0,0,3042,A
4-HA,1431,1,3029,0,0,3030,T
4-HA,1432,3018,0,1,0,3019,A
4-HA,1433,0,3004,0,2,3006,T
4-HA,1434,17,13,3007,0,3037,G
4-HA,1435,0,8,3027,0,3035,G
4-HA,1436,0,3,3039,0,3042,G
4-HA,1437,1,2,0,2907,2910,C
4-HA,1438,2823,1,2,0,2826,A
4-HA,1439,2831,0,2,0,2833,A
4-HA,1440,0,2825,0,2,2827,T
4-HA,1441,0,11,2825,0,2836,G
4-HA,1442,0,3,2830,0,2833,G
4-HA,1443,0,2790,0,3,2793,T
4-HA,1444,0,2740,0,1,2741,T
4-HA,1445,1,4,2744,0,2749,G
4-HA,1446,0,2751,0,3,2754,T
4-HA,1447,2,2735,2,1,2740,T
4-HA,1448,4,2753,0,1,2758,T
4-HA,1449,11,0,0,2749,2760,C
4-HA,1450,2747,2,2,0,2751,A
4-HA,1451,2757,0,1,2,2760,A
4-HA,1452,2759,1,0,0,2760,A
4-HA,1453,2784,1,0,0,2785,A
4-HA,1454,0,2770,0,1,2771,T
4-HA,1455,2754,2,1,0,2757,A
4-HA,1456,0,2762,0,3,2765,T
4-HA,1457,2764,0,4,0,2768,A
4-HA,1458,3,0,0,2848,2851,C
4-HA,1459,13,3,1,2818,2835,C
4-HA,1460,2850,1,0,0,2851,A
4-HA,1461,3,1,0,2898,2902,C
4-HA,1462,2892,0,3,0,2895,A
4-HA,1463,2899,0,0,0,2899,A
4-HA,1464,2096,0,1,783,2880,A
4-HA,1465,0,2874,0,0,2874,T
4-HA,1466,0,1,2888,0,2889,G
4-HA,1467,1,2794,0,1,2796,T
4-HA,1468,0,17,2779,0,2796,G
4-HA,1469,2742,0,4,0,2746,A
4-HA,1470,5,1,1,2733,2740,C
4-HA,1471,2673,0,1,0,2674,A
4-HA,1472,2669,0,0,3,2672,A
4-HA,1473,0,2703,0,0,2703,T
4-HA,1474,1,2,2726,0,2729,G
4-HA,1475,3,2,0,2703,2708,C
4-HA,1476,8,2,0,2709,2719,C
4-HA,1477,1,2699,0,2,2702,T
4-HA,1478,0,3,2793,0,2796,G
4-HA,1479,0,1,0,2802,2803,C
4-HA,1480,2802,0,1,0,2803,A
4-HA,1481,1,2796,0,2,2799,T
4-HA,1482,2712,0,2,0,2714,A
4-HA,1483,0,4,2718,0,2722,G
4-HA,1484,0,13,2706,1,2720,G
4-HA,1485,2706,0,4,0,2710,A
4-HA,1486,1,2698,0,6,2705,T
4-HA,1487,14,0,0,2556,2570,C
4-HA,1488,2554,0,0,0,2554,A
4-HA,1489,2566,1,0,0,2567,A
4-HA,1490,1,2556,0,2,2559,T
4-HA,1491,12,0,0,2555,2567,C
4-HA,1492,2523,0,0,0,2523,A
4-HA,1493,0,5,2530,0,2535,G
4-HA,1494,2535,0,0,0,2535,A
4-HA,1495,2532,0,1,1,2534,A
4-HA,1496,2531,0,1,0,2532,A
4-HA,1497,0,2522,0,0,2522,T
4-HA,1498,0,7,2505,0,2512,G
4-HA,1499,0,7,2504,0,2511,G
4-HA,1500,2508,0,3,0,2511,A
4-HA,1501,2516,0,2,0,2518,A
4-HA,1502,3,1,0,2503,2507,C
4-HA,1503,2,2475,0,3,2480,T
4-HA,1504,0,2501,0,2,2503,T
4-HA,1505,2505,0,1,0,2506,A
4-HA,1506,1,2504,0,0,2505,T
4-HA,1507,0,10,2492,0,2502,G
4-HA,1508,2501,0,4,0,2505,A
4-HA,1509,5,1,0,2498,2504,C
4-HA,1510,11,1,0,2472,2484,C
4-HA,1511,2479,1,0,0,2480,A
4-HA,1512,2,0,0,2523,2525,C
4-HA,1513,2,8,2572,0,2582,G
4-HA,1514,2639,0,3,0,2642,A
4-HA,1515,0,2665,0,0,2665,T
4-HA,1516,1,2,2751,0,2754,G
4-HA,1517,0,2726,0,2,2728,T
4-HA,1518,2793,0,8,0,2801,A
4-HA,1519,2,2797,0,0,2799,T
4-HA,1520,2795,1,1,0,2797,A
4-HA,1521,4,0,0,2787,2791,C
4-HA,1522,2534,0,1,0,2535,A
4-HA,1523,1,10,2536,0,2547,G
4-HA,1524,2415,1,0,0,2416,A
4-HA,1525,0,6,2330,0,2336,G
4-HA,1526,2327,2,1,0,2330,A
4-HA,1527,0,2165,1,0,2166,T
4-HA,1528,1,11,2152,0,2164,G
4-HA,1529,2160,1,3,0,2164,A
4-HA,1530,2153,0,7,0,2160,A
4-HA,1531,0,2,2187,0,2189,G
4-HA,1532,5,2,0,2148,2155,C
4-HA,1533,2142,1,0,0,2143,A
4-HA,1534,1,2120,1,2,2124,T
4-HA,1535,0,2110,0,2,2112,T
4-HA,1536,2120,1,0,0,2121,A
4-HA,1537,2115,1,2,0,2118,A
4-HA,1538,2119,0,0,0,2119,A
4-HA,1539,4,2,0,2109,2115,C
4-HA,1540,2036,0,1,0,2037,A
4-HA,1541,2042,0,1,0,2043,A
4-HA,1542,2,1,0,2035,2038,C
4-HA,1543,7,2,0,2026,2035,C
4-HA,1544,0,5,2026,0,2031,G
4-HA,1545,0,1,2065,0,2066,G
4-HA,1546,0,2065,0,3,2068,T
4-HA,1547,0,2056,1,1,2058,T
4-HA,1548,4,1,0,2055,2060,C
4-HA,1549,5,3,2,2045,2055,C
4-HA,1550,2040,1,2,1,2044,A
4-HA,1551,0,6,2061,0,2067,G
4-HA,1552,2070,0,0,1,2071,A
4-HA,1553,0,2063,1,0,2064,T
4-HA,1554,6,1,1,2001,2009,C
4-HA,1555,1981,1,5,0,1987,A
4-HA,1556,1989,0,1,0,1990,A
4-HA,1557,0,6,1985,1,1992,G
4-HA,1558,1,6,1976,0,1983,G
4-HA,1559,1,7,1975,0,1983,G
4-HA,1560,1912,1,1,0,1914,A
4-HA,1561,1,1,1926,0,1928,G
4-HA,1562,0,1932,0,0,1932,T
4-HA,1563,0,1925,0,2,1927,T
4-HA,1564,0,4,1928,0,1932,G
4-HA,1565,1918,1,4,0,1923,A
4-HA,1566,0,2,1932,0,1934,G
4-HA,1567,2,0,1,1927,1930,C
4-HA,1568,0,1912,0,1,1913,T
4-HA,1569,0,6,1910,0,1916,G
4-HA,1570,1907,0,0,0,1907,A
4-HA,1571,1918,0,1,0,1919,A
4-HA,1572,1,3,1919,0,1923,G
4-HA,1573,1,1888,0,0,1889,T
4-HA,1574,7,0,1,1883,1891,C
4-HA,1575,1848,3,2,0,1853,A
4-HA,1576,0,5,1847,0,1852,G
4-HA,1577,0,8,1842,0,1850,G
4-HA,1578,0,1,1810,1,1812,G
4-HA,1579,0,1867,0,2,1869,T
4-HA,1580,1876,0,1,0,1877,A
4-HA,1581,7,0,1,1871,1879,C
4-HA,1582,1868,1,0,0,1869,A
4-HA,1583,1866,0,1,0,1867,A
4-HA,1584,1860,0,0,0,1860,A
4-HA,1585,4,7,1861,0,1872,G
4-HA,1586,1821,0,0,0,1821,A
4-HA,1587,0,1755,0,7,1762,T
4-HA,1588,0,1743,0,0,1743,T
4-HA,1589,0,6,1736,0,1742,G
4-HA,1590,0,1,1743,0,1744,G
4-HA,1591,1737,0,1,0,1738,A
4-HA,1592,0,1741,0,1,1742,T
4-HA,1593,6,0,0,1729,1735,C
4-HA,1594,10,0,0,1697,1707,C
4-HA,1595,0,1680,0,0,1680,T
4-HA,1596,1691,0,0,0,1691,A
4-HA,1597,0,1687,1,1,1689,T
4-HA,1598,0,4,1683,0,1687,G
4-HA,1599,2,4,1680,0,1686,G
4-HA,1600,1644,0,0,0,1644,A
4-HA,1601,1,1642,0,2,1645,T
4-HA,1602,0,1623,0,0,1623,T
4-HA,1603,0,1615,0,0,1615,T
4-HA,1604,2,0,0,1614,1616,C
4-HA,1605,4,0,0,1602,1606,C
4-HA,1606,0,1581,0,4,1585,T
4-HA,1607,0,1579,0,0,1579,T
4-HA,1608,0,1577,0,0,1577,T
4-HA,1609,0,2,1579,0,1581,G
4-HA,1610,2,1,0,1568,1571,C
4-HA,1611,12,3,1,1560,1576,C
4-HA,1612,1547,0,1,0,1548,A
4-HA,1613,1,1541,0,0,1542,T
4-HA,1614,1557,1,1,0,1559,A
4-HA,1615,1,1553,0,2,1556,T
4-HA,1616,4,3,0,1536,1543,C
4-HA,1617,1543,0,0,1,1544,A
4-HA,1618,0,1518,0,2,1520,T
4-HA,1619,1,2,1519,0,1522,G
4-HA,1620,1,1511,0,1,1513,T
4-HA,1621,0,1483,0,1,1484,T
4-HA,1622,0,1479,1,2,1482,T
4-HA,1623,0,1445,0,0,1445,T
4-HA,1624,0,1441,0,3,1444,T
4-HA,1625,0,1440,0,0,1440,T
4-HA,1626,0,2,1444,0,1446,G
4-HA,1627,1,4,0,1438,1443,C
4-HA,1628,0,1402,1,1,1404,T
4-HA,1629,0,1404,0,0,1404,T
4-HA,1630,0,1402,0,0,1402,T
4-HA,1631,6,1,1415,0,1422,G
4-HA,1632,1,1418,0,0,1419,T
4-HA,1633,7,3,1413,0,1423,G
4-HA,1634,2,1414,0,2,1418,T
4-HA,1635,0,1389,1,0,1390,T
4-HA,1636,1,0,1401,0,1402,G
4-HA,1637,1,0,0,1392,1393,C
4-HA,1638,0,1371,0,2,1373,T
4-HA,1639,1,1376,0,1,1378,T
4-HA,1640,1,1297,1,0,1299,T
4-HA,1641,0,3,1301,0,1304,G
4-HA,1642,0,1299,0,0,1299,T
4-HA,1643,0,1292,1,3,1296,T
4-HA,1644,2,5,1286,0,1293,G
4-HA,1645,2,5,1270,0,1277,G
4-HA,1646,0,6,1260,0,1266,G
4-HA,1647,0,2,1270,0,1272,G
4-HA,1648,0,1232,1,1,1234,T
4-HA,1649,0,1212,0,2,1214,T
4-HA,1650,6,2,0,1179,1187,C
4-HA,1651,1157,0,1,0,1158,A
4-HA,1652,0,1161,0,0,1161,T
4-HA,1653,3,0,1,1154,1158,C
4-HA,1654,1160,0,0,0,1160,A
4-HA,1655,0,1132,0,2,1134,T
4-HA,1656,0,1,1126,0,1127,G
4-HA,1657,1,1097,0,2,1100,T
4-HA,1658,0,4,1083,1,1088,G
4-HA,1659,0,3,1058,0,1061,G
4-HA,1660,1,0,1057,0,1058,G
4-HA,1661,1,0,0,1042,1043,C
4-HA,1662,2,0,0,1016,1018,C
4-HA,1663,0,968,0,1,969,T
4-HA,1664,1,0,968,0,969,G
4-HA,1665,1,0,1,959,961,C
4-HA,1666,7,1,0,959,967,C
4-HA,1667,964,0,1,0,965,A
4-HA,1668,959,0,0,0,959,A
4-HA,1669,958,0,0,0,958,A
4-HA,1670,953,0,0,0,953,A
4-HA,1671,953,1,1,1,956,A
4-HA,1672,0,4,951,0,955,G
4-HA,1673,0,1,924,0,925,G
4-HA,1674,0,0,0,918,918,C
4-HA,1675,915,0,1,0,916,A
4-HA,1676,917,0,0,0,917,A
4-HA,1677,3,1,0,916,920,C
4-HA,1678,916,0,0,0,916,A
4-HA,1679,1,912,0,0,913,T
4-HA,1680,0,905,0,0,905,T
4-HA,1681,875,0,1,0,876,A
4-HA,1682,2,1,866,0,869,G
4-HA,1683,0,0,867,1,868,G
4-HA,1684,0,832,0,0,832,T
4-HA,1685,0,1,775,0,776,G
4-HA,1686,0,0,0,739,739,C
4-HA,1687,700,0,0,0,700,A
4-HA,1688,703,0,0,0,703,A
4-HA,1689,3,0,0,699,702,C
4-HA,1690,692,0,0,0,692,A
4-HA,1691,0,672,1,0,673,T
4-HA,1692,0,641,0,0,641,T
4-HA,1693,0,638,0,1,639,T
4-HA,1694,1,0,638,0,639,G
4-HA,1695,1,0,0,635,636,C
4-HA,1696,631,0,2,0,633,A
4-HA,1697,0,599,0,0,599,T
4-HA,1698,0,563,0,0,563,T
4-HA,1699,0,541,0,1,542,T
4-HA,1700,0,0,539,0,539,G
4-HA,1701,508,0,0,0,508,A
5-NP,1,707,0,0,0,707,A
5-NP,2,0,706,0,0,706,T
5-NP,3,0,0,708,0,708,G
5-NP,4,0,3,705,0,708,G
5-NP,5,0,0,0,715,715,C
5-NP,6,0,0,751,0,751,G
5-NP,7,0,787,0,2,789,T
5-NP,8,1,0,0,799,800,C
5-NP,9,2,0,0,813,815,C
5-NP,10,4,0,0,812,816,C
5-NP,11,812,0,2,0,814,A
5-NP,12,818,0,0,0,818,A
5-NP,13,0,3,831,0,834,G
5-NP,14,0,2,867,0,869,G
5-NP,15,0,0,0,876,876,C
5-NP,16,883,0,1,0,884,A
5-NP,17,2,1,0,899,902,C
5-NP,18,1,0,1,902,904,C
5-NP,19,919,0,0,0,919,A
5-NP,20,919,0,0,0,919,A
5-NP,21,922,0,1,0,923,A
5-NP,22,1,0,0,924,925,C
5-NP,23,0,12,919,0,931,G
5-NP,24,0,0,996,0,996,G
5-NP,25,1,992,0,3,996,T
5-NP,26,5,0,0,1079,1084,C
5-NP,27,1,1081,0,0,1082,T
5-NP,28,0,1085,0,0,1085,T
5-NP,29,1088,0,0,0,1088,A
5-NP,30,0,1085,0,0,1085,T
5-NP,31,1,10,1086,0,1097,G
5-NP,32,1094,0,1,0,1095,A
5-NP,33,1090,0,2,0,1092,A
5-NP,34,0,0,0,1097,1097,C
5-NP,35,1077,0,1,0,1078,A
5-NP,36,0,2,1171,0,1173,G
5-NP,37,1172,0,0,0,1172,A
5-NP,38,1,1169,0,0,1170,T
5-NP,39,0,1,1171,0,1172,G
5-NP,40,0,5,1176,0,1181,G
5-NP,41,1181,0,0,1,1182,A
5-NP,42,1193,0,1,0,1194,A
5-NP,43,1192,0,0,0,1192,A
5-NP,44,0,0,0,1239,1239,C
5-NP,45,0,1223,0,5,1228,T
5-NP,46,0,5,1248,0,1253,G
5-NP,47,1248,0,0,0,1248,A
5-NP,48,0,1251,0,1,1252,T
5-NP,49,0,6,1240,0,1246,G
5-NP,50,0,8,1243,0,1251,G
5-NP,51,0,5,1252,0,1257,G
5-NP,52,0,5,1259,0,1264,G
5-NP,53,1246,0,1,0,1247,A
5-NP,54,0,1257,0,1,1258,T
5-NP,55,0,0,0,1255,1255,C
5-NP,56,0,2,1258,0,1260,G
5-NP,57,0,0,0,1283,1283,C
5-NP,58,1,0,0,1283,1284,C
5-NP,59,1285,0,0,0,1285,A
5-NP,60,0,3,1298,0,1301,G
5-NP,61,1297,0,0,0,1297,A
5-NP,62,1325,0,0,0,1325,A
5-NP,63,1,1322,0,0,1323,T
5-NP,64,0,2,1328,0,1330,G
5-NP,65,0,1,0,1341,1342,C
5-NP,66,1329,0,0,0,1329,A
5-NP,67,1353,1,0,0,1354,A
5-NP,68,2,0,0,1350,1352,C
5-NP,69,0,1349,0,0,1349,T
5-NP,70,2,5,1360,0,1367,G
5-NP,71,1376,0,0,0,1376,A
5-NP,72,0,2,1441,0,1443,G
5-NP,73,1441,0,0,0,1441,A
5-NP,74,1,1434,0,0,1435,T
5-NP,75,3,1431,0,6,1440,T
5-NP,76,1432,0,0,0,1432,A
5-NP,77,0,5,1436,1,1442,G
5-NP,78,0,3,1437,0,1440,G
5-NP,79,0,1,1437,0,1438,G
5-NP,80,0,1,0,1419,1420,C
5-NP,81,1406,0,0,0,1406,A
5-NP,82,0,1409,0,0,1409,T
5-NP,83,4,0,0,1410,1414,C
5-NP,84,3,1,0,1409,1413,C
5-NP,85,0,1,1429,0,1430,G
5-NP,86,0,1426,0,1,1427,T
5-NP,87,3,0,0,1425,1428,C
5-NP,88,1,8,1422,0,1431,G
5-NP,89,0,4,1428,1,1433,G
5-NP,90,0,1,1442,0,1443,G
5-NP,91,1438,1,1,1,1441,A
5-NP,92,1441,1,3,0,1445,A
5-NP,93,0,4,1448,0,1452,G
5-NP,94,1440,0,2,0,1442,A
5-NP,95,1,1449,0,0,1450,T
5-NP,96,0,7,1446,0,1453,G
5-NP,97,1460,1,2,0,1463,A
5-NP,98,0,1463,0,0,1463,T
5-NP,99,0,1452,0,0,1452,T
5-NP,100,0,2,1450,0,1452,G
5-NP,101,1452,0,0,0,1452,A
5-NP,102,0,1447,0,1,1448,T
5-NP,103,0,5,1442,0,1447,G
5-NP,104,1,2,1438,0,1441,G
5-NP,105,0,2,1426,0,1428,G
5-NP,106,1496,0,1,0,1497,A
5-NP,107,0,1496,0,0,1496,T
5-NP,108,0,1497,0,0,1497,T
5-NP,109,1,10,1495,0,1506,G
5-NP,110,1,4,1509,0,1514,G
5-NP,111,0,3,1509,0,1512,G
5-NP,112,1511,1,2,0,1514,A
5-NP,113,0,8,1502,0,1510,G
5-NP,114,1496,1,0,0,1497,A
5-NP,115,1,1521,0,0,1522,T
5-NP,116,1,1520,0,0,1521,T
5-NP,117,4,0,0,1521,1525,C
5-NP,118,0,1516,0,0,1516,T
5-NP,119,1525,0,0,1,1526,A
5-NP,120,2,1,0,1526,1529,C
5-NP,121,1568,1,0,0,1569,A
5-NP,122,0,1580,0,0,1580,T
5-NP,123,4,0,0,1570,1574,C
5-NP,124,4,0,0,1576,1580,C
5-NP,125,1580,0,0,0,1580,A
5-NP,126,1606,0,0,0,1606,A
5-NP,127,1602,1,0,0,1603,A
5-NP,128,1,1589,0,0,1590,T
5-NP,129,0,1,1595,0,1596,G
5-NP,130,1,1574,0,1,1576,T
5-NP,131,0,1,1593,0,1594,G
5-NP,132,1,1,0,1591,1593,C
5-NP,133,1592,0,0,0,1592,A
5-NP,134,4,2,0,1586,1592,C
5-NP,135,0,1561,0,1,1562,T
5-NP,136,0,13,1622,2,1637,G
5-NP,137,1648,0,4,0,1652,A
5-NP,138,1676,0,2,0,1678,A
5-NP,139,0,0,0,1700,1700,C
5-NP,140,0,1693,1,0,1694,T
5-NP,141,1,1701,0,0,1702,T
5-NP,142,1702,0,0,0,1702,A
5-NP,143,1705,1,0,0,1706,A
5-NP,144,1713,0,1,1,1715,A
5-NP,145,0,0,0,1713,1713,C
5-NP,146,0,1675,0,0,1675,T
5-NP,147,6,0,1,1677,1684,C
5-NP,148,1663,0,0,0,1663,A
5-NP,149,2,2,1686,0,1690,G
5-NP,150,0,1689,0,0,1689,T
5-NP,151,1,7,1692,0,1700,G
5-NP,152,1726,0,0,0,1726,A
5-NP,153,0,1728,0,0,1728,T
5-NP,154,8,1,0,1740,1749,C
5-NP,155,1753,1,1,1,1756,A
5-NP,156,0,1749,0,2,1751,T
5-NP,157,2,7,1746,0,1755,G
5-NP,158,1747,0,2,0,1749,A
5-NP,159,1745,1,2,0,1748,A
5-NP,160,0,7,1740,0,1747,G
5-NP,161,0,10,1729,0,1739,G
5-NP,162,0,3,1730,0,1733,G
5-NP,163,0,2,1,1713,1716,C
5-NP,164,0,4,1720,0,1724,G
5-NP,165,1,3,1723,0,1727,G
5-NP,166,1,1725,0,1,1727,T
5-NP,167,0,1725,0,0,1725,T
5-NP,168,1,2,1729,0,1732,G
5-NP,169,1880,0,16,0,1896,A
5-NP,170,0,1891,0,1,1892,T
5-NP,171,8,0,0,1882,1890,C
5-NP,172,3,0,0,1897,1900,C
5-NP,173,1892,1,0,2,1895,A
5-NP,174,0,7,1898,0,1905,G
5-NP,175,1905,0,0,0,1905,A
5-NP,176,1903,0,2,0,1905,A
5-NP,177,2,0,0,1915,1917,C
5-NP,178,1806,0,0,0,1806,A
5-NP,179,0,0,1831,0,1831,G
5-NP,180,1,0,0,1829,1830,C
5-NP,181,0,1833,0,0,1833,T
5-NP,182,0,1840,0,0,1840,T
5-NP,183,0,5,1832,1,1838,G
5-NP,184,1847,0,2,0,1849,A
5-NP,185,3,1,0,1862,1866,C
5-NP,186,1851,0,0,1,1852,A
5-NP,187,1859,0,1,1,1861,A
5-NP,188,0,1852,0,0,1852,T
5-NP,189,1845,0,2,0,1847,A
5-NP,190,0,10,1859,0,1869,G
5-NP,191,1865,0,2,0,1867,A
5-NP,192,0,5,1877,0,1882,G
5-NP,193,1873,0,0,0,1873,A
5-NP,194,1888,0,1,1,1890,A
5-NP,195,1892,0,0,0,1892,A
5-NP,196,1928,0,0,0,1928,A
5-NP,197,0,1929,0,0,1929,T
5-NP,198,2,14,1919,0,1935,G
5-NP,199,1,1,1928,0,1930,G
5-NP,200,0,1925,1,0,1926,T
5-NP,201,1894,0,0,0,1894,A
5-NP,202,0,0,0,1927,1927,C
5-NP,203,0,1932,0,1,1933,T
5-NP,204,5,0,0,1967,1972,C
5-NP,205,1,1930,0,6,1937,T
5-NP,206,7,0,0,1941,1948,C
5-NP,207,0,1937,0,2,1939,T
5-NP,208,0,3,1955,0,1958,G
5-NP,209,3,0,0,1960,1963,C
5-NP,210,0,1952,0,3,1955,T
5-NP,211,0,1951,0,0,1951,T
5-NP,212,0,1955,0,0,1955,T
5-NP,213,0,1939,0,0,1939,T
5-NP,214,0,8,1946,0,1954,G
5-NP,215,1939,0,0,0,1939,A
5-NP,216,1,1945,0,0,1946,T
5-NP,217,0,6,1934,0,1940,G
5-NP,218,1928,0,1,0,1929,A
5-NP,219,1935,0,0,0,1935,A
5-NP,220,1939,1,1,0,1941,A
5-NP,221,0,0,1942,0,1942,G
5-NP,222,1945,0,1,0,1946,A
5-NP,223,1939,0,3,0,1942,A
5-NP,224,0,5,1956,0,1961,G
5-NP,225,2,9,1992,0,2003,G
5-NP,226,2003,1,3,0,2007,A
5-NP,227,2015,0,1,0,2016,A
5-NP,228,0,2015,0,1,2016,T
5-NP,229,2012,0,0,0,2012,A
5-NP,230,2014,0,0,0,2014,A
5-NP,231,2018,0,1,0,2019,A
5-NP,232,0,2018,0,0,2018,T
5-NP,233,2021,2,0,0,2023,A
5-NP,234,2,0,0,2015,2017,C
5-NP,235,7,0,0,1977,1984,C
5-NP,236,0,1990,0,2,1992,T
5-NP,237,1,2,1995,0,1998,G
5-NP,238,0,2,2017,0,2019,G
5-NP,239,2016,1,0,0,2017,A
5-NP,240,2008,0,2,0,2010,A
5-NP,241,1,7,2041,0,2049,G
5-NP,242,2038,0,2,0,2040,A
5-NP,243,2037,1,3,0,2041,A
5-NP,244,2,0,0,2040,2042,C
5-NP,245,2034,0,3,0,2037,A
5-NP,246,2,0,1,2089,2092,C
5-NP,247,8,1,0,2055,2064,C
5-NP,248,7,2,0,2052,2061,C
5-NP,249,5,0,0,2061,2066,C
5-NP,250,2039,0,3,0,2042,A
5-NP,251,0,1,2044,0,2045,G
5-NP,252,1,2,0,2038,2041,C
5-NP,253,1,2,2039,0,2042,G
5-NP,254,2,1,0,2045,2048,C
5-NP,255,2,7,2009,0,2018,G
5-NP,256,2,7,2034,0,2043,G
5-NP,257,1,5,2034,0,2040,G
5-NP,258,1,1,2047,0,2049,G
5-NP,259,2046,0,1,0,2047,A
5-NP,260,2047,0,0,0,2047,A
5-NP,261,2032,1,2,0,2035,A
5-NP,262,0,2,2043,0,2045,G
5-NP,263,2043,0,1,0,2044,A
5-NP,264,0,2039,0,0,2039,T
5-NP,265,5,0,0,2025,2030,C
5-NP,266,4,0,0,2023,2027,C
5-NP,267,11,2,0,2016,2029,C
5-NP,268,2037,1,0,0,2038,A
5-NP,269,2037,0,0,1,2038,A
5-NP,270,0,5,2045,0,2050,G
5-NP,271,2044,0,0,0,2044,A
5-NP,272,2043,1,0,0,2044,A
5-NP,273,2046,0,1,0,2047,A
5-NP,274,2052,0,2,0,2054,A
5-NP,275,1,0,0,2057,2058,C
5-NP,276,0,2047,0,1,2048,T
5-NP,277,0,7,2039,0,2046,G
5-NP,278,0,4,2050,0,2054,G
5-NP,279,1,5,2043,0,2049,G
5-NP,280,0,12,2035,0,2047,G
5-NP,281,1,5,2046,0,2052,G
5-NP,282,0,1,2077,0,2078,G
5-NP,283,3,0,0,2209,2212,C
5-NP,284,4,1,0,2210,2215,C
5-NP,285,13,1,0,2213,2227,C
5-NP,286,2464,1,1,0,2466,A
5-NP,287,0,2476,0,0,2476,T
5-NP,288,2604,0,0,0,2604,A
5-NP,289,0,2601,1,1,2603,T
5-NP,290,2582,1,5,0,2588,A
5-NP,291,1,0,0,2604,2605,C
5-NP,292,2419,3,1,1,2424,A
5-NP,293,2,2,2456,0,2460,G
5-NP,294,0,13,2446,0,2459,G
5-NP,295,2251,0,1,0,2252,A
5-NP,296,0,13,2262,0,2275,G
5-NP,297,2161,1,1,0,2163,A
5-NP,298,1,1,2193,0,2195,G
5-NP,299,0,2188,0,0,2188,T
5-NP,300,2181,0,0,0,2181,A
5-NP,301,1,1,2189,0,2191,G
5-NP,302,2162,0,4,0,2166,A
5-NP,303,1,2166,1,1,2169,T
5-NP,304,1,6,2158,0,2165,G
5-NP,305,2,8,2154,0,2164,G
5-NP,306,2162,0,1,0,2163,A
5-NP,307,2151,3,1,1,2156,A
5-NP,308,2146,0,0,1,2147,A
5-NP,309,2157,0,0,0,2157,A
5-NP,310,0,2157,0,0,2157,T
5-NP,311,0,9,2167,0,2176,G
5-NP,312,0,5,2176,0,2181,G
5-NP,313,2175,1,1,0,2177,A
5-NP,314,0,2168,0,2,2170,T
5-NP,315,0,7,2168,0,2175,G
5-NP,316,2178,0,1,0,2179,A
5-NP,317,0,8,2180,1,2189,G
5-NP,318,1,2,2178,0,2181,G
5-NP,319,6,7,2178,0,2191,G
5-NP,320,2205,2,4,0,2211,A
5-NP,321,2210,1,2,0,2213,A
5-NP,322,1,1,0,2246,2248,C
5-NP,323,0,2241,0,1,2242,T
5-NP,324,8,0,0,2289,2297,C
5-NP,325,1,2,2307,1,2311,G
5-NP,326,2,2327,0,1,2330,T
5-NP,327,6,0,0,2330,2336,C
5-NP,328,6,0,0,2528,2534,C
5-NP,329,0,2508,0,1,2509,T
5-NP,330,1,2516,0,0,2517,T
5-NP,331,0,2510,1,1,2512,T
5-NP,332,2510,1,2,1,2514,A
5-NP,333,0,2507,0,6,2513,T
5-NP,334,0,23,2490,1,2514,G
5-NP,335,2518,1,1,2,2522,A
5-NP,336,0,1,0,2526,2527,C
5-NP,337,2484,1,0,0,2485,A
5-NP,338,2497,0,1,0,2498,A
5-NP,339,2507,0,0,0,2507,A
5-NP,340,1,3,2606,0,2610,G
5-NP,341,2606,0,1,0,2607,A
5-NP,342,2606,0,3,0,2609,A
5-NP,343,0,7,2709,0,2716,G
5-NP,344,2735,1,1,0,2737,A
5-NP,345,2748,0,0,0,2748,A
5-NP,346,2744,0,0,0,2744,A
5-NP,347,0,2746,0,1,2747,T
5-NP,348,2746,0,0,0,2746,A
5-NP,349,2729,0,1,1,2731,A
5-NP,350,0,9,2753,0,2762,G
5-NP,351,0,3,2754,0,2757,G
5-NP,352,3,3,0,2732,2738,C
5-NP,353,2,16,2724,0,2742,G
5-NP,354,2756,0,0,1,2757,A
5-NP,355,2804,0,0,0,2804,A
5-NP,356,1,2803,0,0,2804,T
5-NP,357,3,0,0,2811,2814,C
5-NP,358,1,2809,1,0,2811,T
5-NP,359,0,9,2799,0,2808,G
5-NP,360,0,1,2812,0,2813,G
5-NP,361,3,0,0,2822,2825,C
5-NP,362,4,3,2814,1,2822,G
5-NP,363,1,0,0,2825,2826,C
5-NP,364,5,0,0,2820,2825,C
5-NP,365,2829,1,2,0,2832,A
5-NP,366,2864,0,1,0,2865,A
5-NP,367,1,0,2954,0,2955,G
5-NP,368,1,4,0,2957,2962,C
5-NP,369,8,3,1,2995,3007,C
5-NP,370,3013,0,0,0,3013,A
5-NP,371,3065,1,2,2,3070,A
5-NP,372,0,0,0,3110,3110,C
5-NP,373,3111,0,0,1,3112,A
5-NP,374,3178,0,3,0,3181,A
5-NP,375,1,3173,0,0,3174,T
5-NP,376,0,19,3230,2,3251,G
5-NP,377,1,5,3243,0,3249,G
5-NP,378,1,3222,0,1,3224,T
5-NP,379,1,8,3222,0,3231,G
5-NP,380,3213,0,4,0,3217,A
5-NP,381,3,10,3301,0,3314,G
5-NP,382,1,6,3306,1,3314,G
5-NP,383,3347,1,1,1,3350,A
5-NP,384,0,3608,0,1,3609,T
5-NP,385,3,5,3637,0,3645,G
5-NP,386,3,0,0,3667,3670,C
5-NP,387,0,3661,0,5,3666,T
5-NP,388,3704,0,0,0,3704,A
5-NP,389,5,0,0,3759,3764,C
5-NP,390,3746,2,1,1,3750,A
5-NP,391,0,3736,0,4,3740,T
5-NP,392,8,0,0,3725,3733,C
5-NP,393,1,3598,0,1,3600,T
5-NP,394,2,24,3718,1,3745,G
5-NP,395,0,6,3819,0,3825,G
5-NP,396,1,3824,0,2,3827,T
5-NP,397,12,1,0,3820,3833,C
5-NP,398,2,3794,0,2,3798,T
5-NP,399,3864,0,0,2,3866,A
5-NP,400,3862,0,0,1,3863,A
5-NP,401,4,2,0,3891,3897,C
5-NP,402,0,3885,1,2,3888,T
5-NP,403,19,1,0,3925,3945,C
5-NP,404,3915,0,2,0,3917,A
5-NP,405,6,2,0,4070,4078,C
5-NP,406,4072,1,2,2,4077,A
5-NP,407,0,4093,0,2,4095,T
5-NP,408,4054,1,2,2,4059,A
5-NP,409,4093,0,1,0,4094,A
5-NP,410,0,4108,1,2,4111,T
5-NP,411,0,29,4133,0,4162,G
5-NP,412,4150,0,0,0,4150,A
5-NP,413,0,4124,2,1,4127,T
5-NP,414,0,4063,2,1,4066,T
5-NP,415,1,4060,0,6,4067,T
5-NP,416,0,25,4034,0,4059,G
5-NP,417,5,4,4063,0,4072,G
5-NP,418,1,1,0,4066,4068,C
5-NP,419,4068,0,1,0,4069,A
5-NP,420,2,4052,0,0,4054,T
5-NP,421,1,4047,0,2,4050,T
5-NP,422,15,1,0,4041,4057,C
5-NP,423,6,3,1,4046,4056,C
5-NP,424,4128,0,0,1,4129,A
5-NP,425,4159,0,0,0,4159,A
5-NP,426,0,4161,0,2,4163,T
5-NP,427,0,4160,1,0,4161,T
5-NP,428,0,4158,0,0,4158,T
5-NP,429,96,25,4070,0,4191,G
5-NP,430,4187,0,1,0,4188,A
5-NP,431,4188,1,3,0,4192,A
5-NP,432,0,4234,0,1,4235,T
5-NP,433,0,21,4176,0,4197,G
5-NP,434,4353,1,1,0,4355,A
5-NP,435,0,4365,0,3,4368,T
5-NP,436,2,4,4387,3,4396,G
5-NP,437,2,5,0,4522,4529,C
5-NP,438,4514,1,0,0,4515,A
5-NP,439,4723,0,4,0,4727,A
5-NP,440,3,0,0,4731,4734,C
5-NP,441,4824,1,0,0,4825,A
5-NP,442,0,4932,0,3,4935,T
5-NP,443,4846,0,3,0,4849,A
5-NP,444,10,1,1,4920,4932,C
5-NP,445,10,0,1,4917,4928,C
5-NP,446,4823,1,2,0,4826,A
5-NP,447,1,11,4887,3,4902,G
5-NP,448,4761,2,15,0,4778,A
5-NP,449,1,16,4873,1,4891,G
5-NP,450,0,21,4863,1,4885,G
5-NP,451,4843,1,6,0,4850,A
5-NP,452,4,1,0,4892,4897,C
5-NP,453,4820,2,1,2,4825,A
5-NP,454,4809,1,6,1,4817,A
5-NP,455,5,24,4814,0,4843,G
5-NP,456,4792,1,8,1,4802,A
5-NP,457,1,3,4843,0,4847,G
5-NP,458,1,0,0,4827,4828,C
5-NP,459,0,4797,0,10,4807,T
5-NP,460,6,1,1,4811,4819,C
5-NP,461,0,4807,0,2,4809,T
5-NP,462,1,4820,0,1,4822,T
5-NP,463,1,8,4837,0,4846,G
5-NP,464,0,4828,0,0,4828,T
5-NP,465,1,4817,0,2,4820,T
5-NP,466,27,1,1,4786,4815,C
5-NP,467,3,24,4783,0,4810,G
5-NP,468,4893,3,3,0,4899,A
5-NP,469,4899,2,1,0,4902,A
5-NP,470,1,1,0,4933,4935,C
5-NP,471,1,4925,2,3,4931,T
5-NP,472,1,10,4999,0,5010,G
5-NP,473,0,10,4995,0,5005,G
5-NP,474,5002,4,4,0,5010,A
5-NP,475,5014,1,7,0,5022,A
5-NP,476,0,5017,0,1,5018,T
5-NP,477,0,16,4993,0,5009,G
5-NP,478,1,16,5018,0,5035,G
5-NP,479,5071,0,5,0,5076,A
5-NP,480,1,5116,0,4,5121,T
5-NP,481,16,2,0,5115,5133,C
5-NP,482,14,3,0,5120,5137,C
5-NP,483,10,3,0,5156,5169,C
5-NP,484,5235,0,4,1,5240,A
5-NP,485,0,16,5292,0,5308,G
5-NP,486,5300,0,0,0,5300,A
5-NP,487,5321,0,0,1,5322,A
5-NP,488,0,5286,0,1,5287,T
5-NP,489,0,9,5341,1,5351,G
5-NP,490,1,5301,0,0,5302,T
5-NP,491,1,1,5351,0,5353,G
5-NP,492,0,3,0,5353,5356,C
5-NP,493,1,5336,0,7,5344,T
5-NP,494,17,0,1,5672,5690,C
5-NP,495,0,5656,0,4,5660,T
5-NP,496,8,1,1,5912,5922,C
5-NP,497,2,5896,1,4,5903,T
5-NP,498,1,18,5914,0,5933,G
5-NP,499,5974,0,5,0,5979,A
5-NP,500,0,5962,0,4,5966,T
5-NP,501,2,3,5962,1,5968,G
5-NP,502,4,4,0,5958,5966,C
5-NP,503,5794,2,2,0,5798,A
5-NP,504,2,19,5932,0,5953,G
5-NP,505,0,16,5834,0,5850,G
5-NP,506,0,6,5917,0,5923,G
5-NP,507,4,3,0,5921,5928,C
5-NP,508,0,5900,0,4,5904,T
5-NP,509,20,6,0,5906,5932,C
5-NP,510,3,32,5895,0,5930,G
5-NP,511,6003,0,8,1,6012,A
5-NP,512,1,3,0,6008,6012,C
5-NP,513,2,5910,0,5,5917,T
5-NP,514,16,0,2,6269,6287,C
5-NP,515,0,6242,0,4,6246,T
5-NP,516,19,2,0,7062,7083,C
5-NP,517,20,2,2,7060,7084,C
5-NP,518,27,1,0,7068,7096,C
5-NP,519,0,7085,0,4,7089,T
5-NP,520,7061,1,2,0,7064,A
5-NP,521,0,11,7056,0,7067,G
5-NP,522,7057,0,1,0,7058,A
5-NP,523,6901,0,3,0,6904,A
5-NP,524,1,29,6896,0,6926,G
5-NP,525,2,10,6846,0,6858,G
5-NP,526,1,6763,0,3,6767,T
5-NP,527,17,3,2,6746,6768,C
5-NP,528,10,8,1,6750,6769,C
5-NP,529,5,20,6739,1,6765,G
5-NP,530,3,24,6766,2,6795,G
5-NP,531,6790,0,3,0,6793,A
5-NP,532,3,7,6868,1,6879,G
5-NP,533,6,0,1,6898,6905,C
5-NP,534,0,6838,0,9,6847,T
5-NP,535,0,10,6862,0,6872,G
5-NP,536,3,8,0,6877,6888,C
5-NP,537,6871,4,11,1,6887,A
5-NP,538,0,13,6930,0,6943,G
5-NP,539,2,6,6974,2,6984,G
5-NP,540,0,6973,1,1,6975,T
5-NP,541,4,8,6904,2,6918,G
5-NP,542,3,4,0,6933,6940,C
5-NP,543,2,6901,0,9,6912,T
5-NP,544,3,7,6923,0,6933,G
5-NP,545,5,2,0,6919,6926,C
5-NP,546,6997,1,2,0,7000,A
5-NP,547,1,9,7115,2,7127,G
5-NP,548,0,7078,0,5,7083,T
5-NP,549,26,2,0,7085,7113,C
5-NP,550,7094,2,1,0,7097,A
5-NP,551,7105,1,5,0,7111,A
5-NP,552,7097,1,11,3,7112,A
5-NP,553,1,9,7149,0,7159,G
5-NP,554,0,19,7184,0,7203,G
5-NP,555,7181,1,1,0,7183,A
5-NP,556,7147,1,1,0,7149,A
5-NP,557,0,7146,1,0,7147,T
5-NP,558,15,2,2,7114,7133,C
5-NP,559,6,23,7113,0,7142,G
5-NP,560,12,28,7301,0,7341,G
5-NP,561,9,28,7321,0,7358,G
5-NP,562,7338,0,3,0,7341,A
5-NP,563,3,0,0,7355,7358,C
5-NP,564,7285,2,2,1,7290,A
5-NP,565,7461,1,3,0,7465,A
5-NP,566,0,7477,1,3,7481,T
5-NP,567,3,31,7493,0,7527,G
5-NP,568,3,9,7679,1,7692,G
5-NP,569,0,7660,0,7,7667,T
5-NP,570,0,20,7681,0,7701,G
5-NP,571,7697,0,4,0,7701,A
5-NP,572,2,7676,0,3,7681,T
5-NP,573,2,29,7655,0,7686,G
5-NP,574,4,20,7744,0,7768,G
5-NP,575,7719,5,10,1,7735,A
5-NP,576,7724,3,3,0,7730,A
5-NP,577,5,2,0,7722,7729,C
5-NP,578,1,7545,0,3,7549,T
5-NP,579,16,51,7899,0,7966,G
5-NP,580,7945,3,1,1,7950,A
5-NP,581,5,7937,0,5,7947,T
5-NP,582,38,2,0,7921,7961,C
5-NP,583,7861,2,3,1,7867,A
5-NP,584,0,23,8032,3,8058,G
5-NP,585,8034,0,3,1,8038,A
5-NP,586,8040,2,2,1,8045,A
5-NP,587,1,8031,0,0,8032,T
5-NP,588,2,25,7900,1,7928,G
5-NP,589,1,9,7996,3,8009,G
5-NP,590,4,7984,0,13,8001,T
5-NP,591,28,1,0,7969,7998,C
5-NP,592,7989,2,7,0,7998,A
5-NP,593,7943,0,2,1,7946,A
5-NP,594,7945,3,7,0,7955,A
5-NP,595,7,5,0,7943,7955,C
5-NP,596,2,26,7918,1,7947,G
5-NP,597,2,20,7972,1,7995,G
5-NP,598,2,24,7899,1,7926,G
5-NP,599,3,36,7903,1,7943,G
5-NP,600,7875,1,5,0,7881,A
5-NP,601,7962,0,1,0,7963,A
5-NP,602,1,7952,0,2,7955,T
5-NP,603,32,0,0,7922,7954,C
5-NP,604,7942,0,5,1,7948,A
5-NP,605,7952,1,8,0,7961,A
5-NP,606,6,7,0,7926,7939,C
5-NP,607,2,35,7882,1,7920,G
5-NP,608,7904,0,4,0,7908,A
5-NP,609,3,7894,1,0,7898,T
5-NP,610,38,3,0,7863,7904,C
5-NP,611,5,17,7881,0,7903,G
5-NP,612,7886,3,3,1,7893,A
5-NP,613,7890,0,2,0,7892,A
5-NP,614,7889,0,3,0,7892,A
5-NP,615,0,7957,0,2,7959,T
5-NP,616,0,7950,0,1,7951,T
5-NP,617,2,7944,3,3,7952,T
5-NP,618,0,7983,1,1,7985,T
5-NP,619,1,8011,0,2,8014,T
5-NP,620,0,31,7986,3,8020,G
5-NP,621,0,29,7988,0,8017,G
5-NP,622,7966,1,8,1,7976,A
5-NP,623,3,14,8018,0,8035,G
5-NP,624,7942,0,5,1,7948,A
5-NP,625,0,22,8240,0,8262,G
5-NP,626,1,9,8286,2,8298,G
5-NP,627,0,8278,0,7,8285,T
5-NP,628,2,31,8258,1,8292,G
5-NP,629,8273,2,10,1,8286,A
5-NP,630,2,27,8299,0,8328,G
5-NP,631,8294,1,7,0,8302,A
5-NP,632,8282,2,4,0,8288,A
5-NP,633,1,8255,0,2,8258,T
5-NP,634,3,33,7979,1,8016,G
5-NP,635,5,17,7921,0,7943,G
5-NP,636,1,5,7958,0,7964,G
5-NP,637,7,7,0,7944,7958,C
5-NP,638,5,13,7941,0,7959,G
5-NP,639,4,13,7991,2,8010,G
5-NP,640,7984,3,4,0,7991,A
5-NP,641,7998,1,6,0,8005,A
5-NP,642,8119,0,2,0,8121,A
5-NP,643,8138,0,7,6,8151,A
5-NP,644,8,0,0,8192,8200,C
5-NP,645,8168,3,1,1,8173,A
5-NP,646,8160,1,4,0,8165,A
5-NP,647,1,28,8140,0,8169,G
5-NP,648,7985,4,3,1,7993,A
5-NP,649,8032,0,3,0,8035,A
5-NP,650,0,7,8213,0,8220,G
5-NP,651,0,8200,2,0,8202,T
5-NP,652,2,6,8556,0,8564,G
5-NP,653,4,1,1,8503,8509,C
5-NP,654,1,8514,1,8,8524,T
5-NP,655,0,8554,0,3,8557,T
5-NP,656,8633,0,5,0,8638,A
5-NP,657,5,8633,1,3,8642,T
5-NP,658,0,28,8653,0,8681,G
5-NP,659,8508,0,11,0,8519,A
5-NP,660,1,34,8512,1,8548,G
5-NP,661,8188,1,4,0,8193,A
5-NP,662,0,29,8176,0,8205,G
5-NP,663,8190,1,2,0,8193,A
5-NP,664,8268,0,4,0,8272,A
5-NP,665,0,8205,0,1,8206,T
5-NP,666,2,5,8293,0,8300,G
5-NP,667,1,8239,0,11,8251,T
5-NP,668,1,9,8267,0,8277,G
5-NP,669,11,7,1,8239,8258,C
5-NP,670,8237,0,3,1,8241,A
5-NP,671,8240,0,8,0,8248,A
5-NP,672,11,3,1,8214,8229,C
5-NP,673,8152,1,5,0,8158,A
5-NP,674,1,8157,0,3,8161,T
5-NP,675,1,8074,1,5,8081,T
5-NP,676,17,1,0,8092,8110,C
5-NP,677,3,8088,1,3,8095,T
5-NP,678,0,8090,0,2,8092,T
5-NP,679,8088,1,2,0,8091,A
5-NP,680,8053,1,3,0,8057,A
5-NP,681,8057,1,3,0,8061,A
5-NP,682,1,17,8050,0,8068,G
5-NP,683,0,19,8040,1,8060,G
5-NP,684,8011,3,2,0,8016,A
5-NP,685,8019,0,5,0,8024,A
5-NP,686,8010,1,2,0,8013,A
5-NP,687,8099,3,2,1,8105,A
5-NP,688,2,8093,4,2,8101,T
5-NP,689,0,8087,1,1,8089,T
5-NP,690,0,8130,1,5,8136,T
5-NP,691,21,4,0,8112,8137,C
5-NP,692,8131,0,3,0,8134,A
5-NP,693,8126,1,3,0,8130,A
5-NP,694,8129,1,1,0,8131,A
5-NP,695,5,2,0,8218,8225,C
5-NP,696,8142,0,1,0,8143,A
5-NP,697,1,4,8279,2,8286,G
5-NP,698,5,1,0,8277,8283,C
5-NP,699,3,8280,1,3,8287,T
5-NP,700,7,9,8401,0,8417,G
5-NP,701,8,5,0,8384,8397,C
5-NP,702,8454,0,4,0,8458,A
5-NP,703,9,2,0,8449,8460,C
5-NP,704,8415,1,3,0,8419,A
5-NP,705,8437,1,1,0,8439,A
5-NP,706,8254,1,9,1,8265,A
5-NP,707,0,35,8553,0,8588,G
5-NP,708,8552,6,10,2,8570,A
5-NP,709,4,6,8626,2,8638,G
5-NP,710,9,7,0,8602,8618,C
5-NP,711,8604,1,11,0,8616,A
5-NP,712,8796,1,5,0,8802,A
5-NP,713,0,8814,1,2,8817,T
5-NP,714,2,31,8795,2,8830,G
5-NP,715,2,12,8845,2,8861,G
5-NP,716,2,8604,1,4,8611,T
5-NP,717,9,37,8571,1,8618,G
5-NP,718,0,24,8643,0,8667,G
5-NP,719,8656,1,8,0,8665,A
5-NP,720,5,8641,1,7,8654,T
5-NP,721,31,3,0,8454,8488,C
5-NP,722,8510,0,3,0,8513,A
5-NP,723,8576,1,4,0,8581,A
5-NP,724,1,10,8592,0,8603,G
5-NP,725,1,8546,0,2,8549,T
5-NP,726,2,52,8498,0,8552,G
5-NP,727,8441,2,13,0,8456,A
5-NP,728,0,20,8472,2,8494,G
5-NP,729,8459,2,15,0,8476,A
5-NP,730,0,20,8462,0,8482,G
5-NP,731,8435,0,1,0,8436,A
5-NP,732,8307,0,5,0,8312,A
5-NP,733,8328,3,8,0,8339,A
5-NP,734,2,4,8365,2,8373,G
5-NP,735,1,8348,0,1,8350,T
5-NP,736,48,2,0,8273,8323,C
5-NP,737,4,15,8282,0,8301,G
5-NP,738,2,18,8305,0,8325,G
5-NP,739,8316,0,10,2,8328,A
5-NP,740,8370,0,5,0,8375,A
5-NP,741,6,4,0,8394,8404,C
5-NP,742,39,2,1,8331,8373,C
5-NP,743,38,2,1,8345,8386,C
5-NP,744,8354,1,11,1,8367,A
5-NP,745,0,24,8395,2,8421,G
5-NP,746,2,11,8440,0,8453,G
5-NP,747,8411,1,2,0,8414,A
5-NP,748,8407,1,6,0,8414,A
5-NP,749,8382,0,11,0,8393,A
5-NP,750,11,4,0,8370,8385,C
5-NP,751,3,11,8351,0,8365,G
5-NP,752,3,1,0,8358,8362,C
5-NP,753,0,8324,0,6,8330,T
5-NP,754,2,23,8343,0,8368,G
5-NP,755,8334,0,2,0,8336,A
5-NP,756,2,23,8427,0,8452,G
5-NP,757,8429,3,5,0,8437,A
5-NP,758,1,8430,0,2,8433,T
5-NP,759,33,2,0,8323,8358,C
5-NP,760,5,21,8333,0,8359,G
5-NP,761,8359,3,2,0,8364,A
5-NP,762,8348,1,4,0,8353,A
5-NP,763,1,11,8361,0,8373,G
5-NP,764,8381,1,1,0,8383,A
5-NP,765,0,8281,1,1,8283,T
5-NP,766,23,1,0,8342,8366,C
5-NP,767,4,8355,2,4,8365,T
5-NP,768,41,3,0,8352,8396,C
5-NP,769,8404,3,1,0,8408,A
5-NP,770,0,8400,0,1,8401,T
5-NP,771,8416,1,0,0,8417,A
5-NP,772,0,8392,1,5,8398,T
5-NP,773,4,8307,5,4,8320,T
5-NP,774,3,8292,0,6,8301,T
5-NP,775,2,8217,0,3,8222,T
5-NP,776,0,8220,0,2,8222,T
5-NP,777,8234,0,4,0,8238,A
5-NP,778,0,2,8234,0,8236,G
5-NP,779,6,2,0,8232,8240,C
5-NP,780,8202,1,2,0,8205,A
5-NP,781,8179,1,4,0,8184,A
5-NP,782,0,20,8433,0,8453,G
5-NP,783,8443,0,3,0,8446,A
5-NP,784,1,8450,2,0,8453,T
5-NP,785,10,0,1,8486,8497,C
5-NP,786,2,8469,1,3,8475,T
5-NP,787,2,3,8683,0,8688,G
5-NP,788,7,3,0,8685,8695,C
5-NP,789,8697,1,4,0,8702,A
5-NP,790,1,8766,2,1,8770,T
5-NP,791,1,8496,0,0,8497,T
5-NP,792,2,27,8913,1,8943,G
5-NP,793,9054,0,3,1,9058,A
5-NP,794,3,9046,0,3,9052,T
5-NP,795,9072,3,1,1,9077,A
5-NP,796,4,8917,0,2,8923,T
5-NP,797,1,8856,0,1,8858,T
5-NP,798,0,37,8875,0,8912,G
5-NP,799,8820,2,5,0,8827,A
5-NP,800,0,21,8854,1,8876,G
5-NP,801,8434,2,11,0,8447,A
5-NP,802,2,17,8309,2,8330,G
5-NP,803,1,14,8406,0,8421,G
5-NP,804,8398,1,15,0,8414,A
5-NP,805,3,8391,0,1,8395,T
5-NP,806,26,0,2,8384,8412,C
5-NP,807,8351,0,4,2,8357,A
5-NP,808,2,5,8415,0,8422,G
5-NP,809,1,8376,0,6,8383,T
5-NP,810,2,8328,0,2,8332,T
5-NP,811,3,8,8327,0,8338,G
5-NP,812,7,1,1,8250,8259,C
5-NP,813,1,8237,0,10,8248,T
5-NP,814,60,4,1,8230,8295,C
5-NP,815,8286,2,4,3,8295,A
5-NP,816,8,3,1,8320,8332,C
5-NP,817,8281,0,5,0,8286,A
5-NP,818,8336,2,0,0,8338,A
5-NP,819,8359,2,0,0,8361,A
5-NP,820,0,8354,0,1,8355,T
5-NP,821,18,0,0,8341,8359,C
5-NP,822,1,8338,1,6,8346,T
5-NP,823,0,8330,1,3,8334,T
5-NP,824,6,4,8350,1,8361,G
5-NP,825,8,1,0,8339,8348,C
5-NP,826,23,2,1,8453,8479,C
5-NP,827,1,8442,0,4,8447,T
5-NP,828,8493,1,5,0,8499,A
5-NP,829,9,1,1,8470,8481,C
5-NP,830,27,7,1,8436,8471,C
5-NP,831,2,8440,1,8,8451,T
5-NP,832,2,6,8568,2,8578,G
5-NP,833,5,2,0,8550,8557,C
5-NP,834,24,2,1,8532,8559,C
5-NP,835,1,8412,0,10,8423,T
5-NP,836,3,8,8511,0,8522,G
5-NP,837,0,8438,0,6,8444,T
5-NP,838,5,10,8523,0,8538,G
5-NP,839,14,8,1,8540,8563,C
5-NP,840,4,10,8624,1,8639,G
5-NP,841,1,8516,2,3,8522,T
5-NP,842,8505,1,1,0,8507,A
5-NP,843,1,8511,0,2,8514,T
5-NP,844,2,47,8478,0,8527,G
5-NP,845,0,26,8794,1,8821,G
5-NP,846,8756,1,9,1,8767,A
5-NP,847,10,4,1,8615,8630,C
5-NP,848,33,0,0,8576,8609,C
5-NP,849,2,8463,1,9,8475,T
5-NP,850,1,3,8792,1,8797,G
5-NP,851,2,5,0,8790,8797,C
5-NP,852,8805,0,6,0,8811,A
5-NP,853,2,16,8940,0,8958,G
5-NP,854,1,8516,1,2,8520,T
5-NP,855,8784,2,2,0,8788,A
5-NP,856,0,8742,1,9,8752,T
5-NP,857,21,3,0,8710,8734,C
5-NP,858,20,5,0,8704,8729,C
5-NP,859,8264,1,3,0,8268,A
5-NP,860,2,10,8305,0,8317,G
5-NP,861,1,8263,1,6,8271,T
5-NP,862,3,34,8285,0,8322,G
5-NP,863,1,33,8246,2,8282,G
5-NP,864,1,7,8136,0,8144,G
5-NP,865,1,8093,1,17,8112,T
5-NP,866,8093,1,1,0,8095,A
5-NP,867,4,8,1,8073,8086,C
5-NP,868,3,36,7990,3,8032,G
5-NP,869,7985,1,5,0,7991,A
5-NP,870,4,5,0,7963,7972,C
5-NP,871,1,7764,2,4,7771,T
5-NP,872,0,7764,0,4,7768,T
5-NP,873,17,3,0,7736,7756,C
5-NP,874,8,18,7740,0,7766,G
5-NP,875,7735,1,27,1,7764,A
5-NP,876,7760,1,0,1,7762,A
5-NP,877,7781,1,1,0,7783,A
5-NP,878,7762,3,2,0,7767,A
5-NP,879,7744,3,8,0,7755,A
5-NP,880,0,14,7780,1,7795,G
5-NP,881,7755,0,13,1,7769,A
5-NP,882,1,25,7796,2,7824,G
5-NP,883,9,27,7822,1,7859,G
5-NP,884,3,21,7853,0,7877,G
5-NP,885,7877,2,4,1,7884,A
5-NP,886,1,7887,0,4,7892,T
5-NP,887,7951,1,0,0,7952,A
5-NP,888,0,7929,0,4,7933,T
5-NP,889,1,7941,1,1,7944,T
5-NP,890,21,0,0,7968,7989,C
5-NP,891,11,1,1,7910,7923,C
5-NP,892,0,7817,0,0,7817,T
5-NP,893,0,7803,2,2,7807,T
5-NP,894,15,33,7841,0,7889,G
5-NP,895,1,6,7919,1,7927,G
5-NP,896,3,7856,0,3,7862,T
5-NP,897,7,25,7803,1,7836,G
5-NP,898,3,19,7759,0,7781,G
5-NP,899,5,29,8056,1,8091,G
5-NP,900,8078,1,2,1,8082,A
5-NP,901,8080,0,1,1,8082,A
5-NP,902,0,8086,0,1,8087,T
5-NP,903,7958,1,5,0,7964,A
5-NP,904,2,19,7961,1,7983,G
5-NP,905,7895,4,11,1,7911,A
5-NP,906,5,0,0,7913,7918,C
5-NP,907,40,2,1,7778,7821,C
5-NP,908,35,1,1,7509,7546,C
5-NP,909,2,7559,1,36,7598,T
5-NP,910,5,7610,0,2,7617,T
5-NP,911,0,7626,0,1,7627,T
5-NP,912,25,1,0,7611,7637,C
5-NP,913,7615,0,2,0,7617,A
5-NP,914,7631,0,1,1,7633,A
5-NP,915,7614,1,2,1,7618,A
5-NP,916,4,2,0,7618,7624,C
5-NP,917,0,7407,0,2,7409,T
5-NP,918,7358,3,1,1,7363,A
5-NP,919,8,2,0,7412,7422,C
5-NP,920,2,7391,0,5,7398,T
5-NP,921,1,7386,0,1,7388,T
5-NP,922,21,0,0,7388,7409,C
5-NP,923,7375,0,1,0,7376,A
5-NP,924,7391,0,2,0,7393,A
5-NP,925,7376,1,1,0,7378,A
5-NP,926,7384,0,1,1,7386,A
5-NP,927,1,7333,0,1,7335,T
5-NP,928,7220,0,2,0,7222,A
5-NP,929,14,3,7281,0,7298,G
5-NP,930,1,6,0,7305,7312,C
5-NP,931,22,0,0,7365,7387,C
5-NP,932,7385,1,3,0,7389,A
5-NP,933,7408,0,2,0,7410,A
5-NP,934,7635,1,1,0,7637,A
5-NP,935,0,7655,0,2,7657,T
5-NP,936,7689,1,0,0,7690,A
5-NP,937,0,7674,1,4,7679,T
5-NP,938,7548,2,2,0,7552,A
5-NP,939,13,0,0,7559,7572,C
5-NP,940,7379,1,3,0,7383,A
5-NP,941,1,5,7546,0,7552,G
5-NP,942,5,12,1,7513,7531,C
5-NP,943,2,7297,0,7,7306,T
5-NP,944,2,7365,2,1,7370,T
5-NP,945,7402,2,0,0,7404,A
5-NP,946,7412,3,1,0,7416,A
5-NP,947,0,7416,0,0,7416,T
5-NP,948,32,3,0,7379,7414,C
5-NP,949,7161,0,2,1,7164,A
5-NP,950,6,22,7217,0,7245,G
5-NP,951,7244,1,6,0,7251,A
5-NP,952,13,4,1,7275,7293,C
5-NP,953,35,0,0,7196,7231,C
5-NP,954,0,7112,1,4,7117,T
5-NP,955,7157,0,3,0,7160,A
5-NP,956,7160,1,2,0,7163,A
5-NP,957,4,11,0,7174,7189,C
5-NP,958,4,33,7148,2,7187,G
5-NP,959,7057,1,1,0,7059,A
5-NP,960,1,27,7062,0,7090,G
5-NP,961,7012,0,1,0,7013,A
5-NP,962,7071,1,1,0,7073,A
5-NP,963,0,7059,1,0,7060,T
5-NP,964,19,6,2,6944,6971,C
5-NP,965,10,5,1,6955,6971,C
5-NP,966,6873,1,2,0,6876,A
5-NP,967,1,5,6915,1,6922,G
5-NP,968,3,2,0,6919,6924,C
5-NP,969,6954,4,3,0,6961,A
5-NP,970,3,2,0,7007,7012,C
5-NP,971,6907,2,6,0,6915,A
5-NP,972,5,30,1,6901,6937,C
5-NP,973,6887,0,2,0,6889,A
5-NP,974,6914,0,4,2,6920,A
5-NP,975,0,35,6920,0,6955,G
5-NP,976,6842,0,6,0,6848,A
5-NP,977,2,9,6871,0,6882,G
5-NP,978,3,6758,1,6,6768,T
5-NP,979,31,2,1,6725,6759,C
5-NP,980,6734,1,8,0,6743,A
5-NP,981,1,2,6738,0,6741,G
5-NP,982,5,1,0,6727,6733,C
5-NP,983,1,6651,0,4,6656,T
5-NP,984,0,21,6710,0,6731,G
5-NP,985,4,6,6748,0,6758,G
5-NP,986,2,6692,1,5,6700,T
5-NP,987,5,6,6721,0,6732,G
5-NP,988,0,6643,1,2,6646,T
5-NP,989,2,25,6615,2,6644,G
5-NP,990,3,12,6601,1,6617,G
5-NP,991,6533,0,4,0,6537,A
5-NP,992,0,6557,1,6,6564,T
5-NP,993,2,23,6269,0,6294,G
5-NP,994,3,3,6266,0,6272,G
5-NP,995,2,5,1,6242,6250,C
5-NP,996,6179,1,3,0,6183,A
5-NP,997,1,6168,1,4,6174,T
5-NP,998,0,4,6135,0,6139,G
5-NP,999,7,1,0,6173,6181,C
5-NP,1000,26,1,1,6162,6190,C
5-NP,1001,6215,0,0,0,6215,A
5-NP,1002,0,6191,0,5,6196,T
5-NP,1003,2,6126,0,1,6129,T
5-NP,1004,22,7,0,6118,6147,C
5-NP,1005,0,6055,0,4,6059,T
5-NP,1006,2,2,6044,0,6048,G
5-NP,1007,1,0,1,6050,6052,C
5-NP,1008,1,5839,1,11,5852,T
5-NP,1009,3,4,5874,0,5881,G
5-NP,1010,5,2,0,5775,5782,C
5-NP,1011,5790,2,0,0,5792,A
5-NP,1012,3,5791,0,3,5797,T
5-NP,1013,2,5738,0,1,5741,T
5-NP,1014,0,5739,0,1,5740,T
5-NP,1015,0,13,5722,0,5735,G
5-NP,1016,5729,2,2,0,5733,A
5-NP,1017,5721,2,4,1,5728,A
5-NP,1018,0,9,5758,0,5767,G
5-NP,1019,5771,0,0,0,5771,A
5-NP,1020,0,5744,0,1,5745,T
5-NP,1021,1,5733,0,4,5738,T
5-NP,1022,2,5740,0,3,5745,T
5-NP,1023,5734,1,0,0,5735,A
5-NP,1024,5730,1,3,15,5749,A
5-NP,1025,1,11,5735,0,5747,G
5-NP,1026,5735,0,4,0,5739,A
5-NP,1027,2,5695,0,7,5704,T
5-NP,1028,1,5604,1,1,5607,T
5-NP,1029,1,6,5634,1,5642,G
5-NP,1030,2,5621,0,9,5632,T
5-NP,1031,1,5627,0,0,5628,T
5-NP,1032,5627,0,4,0,5631,A
5-NP,1033,5649,0,0,0,5649,A
5-NP,1034,2,1,5664,0,5667,G
5-NP,1035,6,1,0,5673,5680,C
5-NP,1036,1,5552,1,17,5571,T
5-NP,1037,2,5579,0,3,5584,T
5-NP,1038,21,0,0,5576,5597,C
5-NP,1039,5581,3,3,1,5588,A
5-NP,1040,2,5575,0,4,5581,T
5-NP,1041,16,0,0,5574,5590,C
5-NP,1042,5510,1,1,1,5513,A
5-NP,1043,1,9,5506,1,5517,G
5-NP,1044,5459,1,8,1,5469,A
5-NP,1045,0,27,5444,1,5472,G
5-NP,1046,0,19,5446,0,5465,G
5-NP,1047,6,23,5416,2,5447,G
5-NP,1048,5443,1,5,0,5449,A
5-NP,1049,4,1,0,5449,5454,C
5-NP,1050,5431,1,3,2,5437,A
5-NP,1051,5449,2,1,1,5453,A
5-NP,1052,5452,0,2,0,5454,A
5-NP,1053,5451,0,9,3,5463,A
5-NP,1054,0,5,5490,1,5496,G
5-NP,1055,0,5365,0,1,5366,T
5-NP,1056,5336,0,1,0,5337,A
5-NP,1057,0,5312,0,2,5314,T
5-NP,1058,8,1,1,5306,5316,C
5-NP,1059,0,5277,0,6,5283,T
5-NP,1060,13,1,0,5299,5313,C
5-NP,1061,10,0,0,5267,5277,C
5-NP,1062,2,5245,0,3,5250,T
5-NP,1063,25,1,0,5198,5224,C
5-NP,1064,1,21,5187,0,5209,G
5-NP,1065,2,14,5214,0,5230,G
5-NP,1066,2,15,5211,1,5229,G
5-NP,1067,3,11,5207,0,5221,G
5-NP,1068,3,14,5200,0,5217,G
5-NP,1069,5105,0,1,0,5106,A
5-NP,1070,5109,1,2,0,5112,A
5-NP,1071,5105,0,8,1,5114,A
5-NP,1072,2,0,0,5133,5135,C
5-NP,1073,1,5090,0,3,5094,T
5-NP,1074,1,3,5134,1,5139,G
5-NP,1075,2,5093,0,8,5103,T
5-NP,1076,35,0,1,5083,5119,C
5-NP,1077,5164,0,8,1,5173,A
5-NP,1078,5205,0,3,0,5208,A
5-NP,1079,5,0,0,5219,5224,C
5-NP,1080,2,5209,0,3,5214,T
5-NP,1081,5119,0,0,0,5119,A
5-NP,1082,1,17,5128,0,5146,G
5-NP,1083,5056,1,2,1,5060,A
5-NP,1084,0,13,5048,0,5061,G
5-NP,1085,1,17,5041,0,5059,G
5-NP,1086,4831,1,4,1,4837,A
5-NP,1087,2,4,4894,0,4900,G
5-NP,1088,1,4823,0,5,4829,T
5-NP,1089,4835,0,1,0,4836,A
5-NP,1090,6,0,2,4823,4831,C
5-NP,1091,4751,1,0,0,4752,A
5-NP,1092,4760,0,0,0,4760,A
5-NP,1093,4698,0,0,0,4698,A
5-NP,1094,0,4655,0,1,4656,T
5-NP,1095,0,4613,0,0,4613,T
5-NP,1096,2,1,4499,0,4502,G
5-NP,1097,3,0,0,4462,4465,C
5-NP,1098,1,4454,0,4,4459,T
5-NP,1099,3,4450,0,2,4455,T
5-NP,1100,13,0,0,4446,4459,C
5-NP,1101,4460,2,0,0,4462,A
5-NP,1102,4476,0,2,0,4478,A
5-NP,1103,4478,0,2,0,4480,A
5-NP,1104,2,4475,0,1,4478,T
5-NP,1105,1,8,4469,0,4478,G
5-NP,1106,4384,1,3,0,4388,A
5-NP,1107,2,25,4382,0,4409,G
5-NP,1108,4410,0,8,0,4418,A
5-NP,1109,4409,0,2,1,4412,A
5-NP,1110,5,3,0,4407,4415,C
5-NP,1111,4363,0,3,0,4366,A
5-NP,1112,0,4360,0,2,4362,T
5-NP,1113,3,12,4409,0,4424,G
5-NP,1114,1,12,4434,0,4447,G
5-NP,1115,4445,2,6,0,4453,A
5-NP,1116,0,4385,0,0,4385,T
5-NP,1117,4324,0,0,0,4324,A
5-NP,1118,4567,0,0,0,4567,A
5-NP,1119,0,4490,0,1,4491,T
5-NP,1120,4462,0,0,0,4462,A
5-NP,1121,0,4438,0,2,4440,T
5-NP,1122,1,14,4128,1,4144,G
5-NP,1123,1,7,4067,0,4075,G
5-NP,1124,0,13,4049,0,4062,G
5-NP,1125,4042,1,0,0,4043,A
5-NP,1126,0,4035,0,0,4035,T
5-NP,1127,11,3,0,3233,3247,C
5-NP,1128,3,16,3229,0,3248,G
5-NP,1129,3224,0,12,0,3236,A
5-NP,1130,0,2,3236,1,3239,G
5-NP,1131,4,0,0,3220,3224,C
5-NP,1132,3187,1,2,0,3190,A
5-NP,1133,2,1,0,3319,3322,C
5-NP,1134,0,3279,0,2,3281,T
5-NP,1135,15,0,0,3291,3306,C
5-NP,1136,0,3301,0,3,3304,T
5-NP,1137,1,3264,0,0,3265,T
5-NP,1138,1,10,3265,0,3276,G
5-NP,1139,3255,0,1,0,3256,A
5-NP,1140,3262,0,3,0,3265,A
5-NP,1141,3,1,1,3263,3268,C
5-NP,1142,0,2642,0,0,2642,T
5-NP,1143,3,6,2644,0,2653,G
5-NP,1144,2565,0,2,0,2567,A
5-NP,1145,1,5,2571,0,2577,G
5-NP,1146,2580,0,1,0,2581,A
5-NP,1147,2555,0,1,0,2556,A
5-NP,1148,0,0,2567,0,2567,G
5-NP,1149,1,1,0,2509,2511,C
5-NP,1150,3,9,2496,0,2508,G
5-NP,1151,0,8,2505,0,2513,G
5-NP,1152,1,3,2491,0,2495,G
5-NP,1153,0,2477,0,0,2477,T
5-NP,1154,2432,0,1,0,2433,A
5-NP,1155,7,2,1,2418,2428,C
5-NP,1156,0,2130,0,1,2131,T
5-NP,1157,1,5,2147,0,2153,G
5-NP,1158,1,3,2124,0,2128,G
5-NP,1159,2,0,2117,0,2119,G
5-NP,1160,0,1,0,2097,2098,C
5-NP,1161,6,1,0,1995,2002,C
5-NP,1162,2020,4,0,0,2024,A
5-NP,1163,0,2024,0,2,2026,T
5-NP,1164,2024,0,0,0,2024,A
5-NP,1165,2027,0,1,0,2028,A
5-NP,1166,2,9,1998,1,2010,G
5-NP,1167,1,6,2054,0,2061,G
5-NP,1168,2033,0,0,0,2033,A
5-NP,1169,2,2,0,2017,2021,C
5-NP,1170,8,0,0,2016,2024,C
5-NP,1171,2012,1,1,0,2014,A
5-NP,1172,0,8,2034,0,2042,G
5-NP,1173,6,7,2048,0,2061,G
5-NP,1174,2053,0,1,0,2054,A
5-NP,1175,0,1,2067,0,2068,G
5-NP,1176,0,1982,0,0,1982,T
5-NP,1177,2,3,1985,0,1990,G
5-NP,1178,0,1,1998,1,2000,G
5-NP,1179,1995,0,5,0,2000,A
5-NP,1180,1,1,2007,0,2009,G
5-NP,1181,1,7,1963,0,1971,G
5-NP,1182,1956,0,1,0,1957,A
5-NP,1183,1956,0,1,0,1957,A
5-NP,1184,1950,1,3,0,1954,A
5-NP,1185,0,1,0,1968,1969,C
5-NP,1186,1967,1,0,0,1968,A
5-NP,1187,2,1,0,2004,2007,C
5-NP,1188,0,1974,0,2,1976,T
5-NP,1189,2040,0,1,0,2041,A
5-NP,1190,2043,0,1,0,2044,A
5-NP,1191,0,2036,2,2,2040,T
5-NP,1192,9,0,0,2056,2065,C
5-NP,1193,2038,0,1,0,2039,A
5-NP,1194,2057,0,0,0,2057,A
5-NP,1195,1,1,0,2058,2060,C
5-NP,1196,2022,0,0,0,2022,A
5-NP,1197,0,7,2018,0,2025,G
5-NP,1198,1959,0,3,0,1962,A
5-NP,1199,0,4,1971,0,1975,G
5-NP,1200,0,5,1976,0,1981,G
5-NP,1201,2,1,1951,0,1954,G
5-NP,1202,1,1,0,1952,1954,C
5-NP,1203,10,0,0,1935,1945,C
5-NP,1204,0,1927,0,3,1930,T
5-NP,1205,5,0,0,1942,1947,C
5-NP,1206,6,1,0,1935,1942,C
5-NP,1207,1,1,1947,0,1949,G
5-NP,1208,1,2,0,1940,1943,C
5-NP,1209,1912,0,1,0,1913,A
5-NP,1210,1,2,1988,0,1991,G
5-NP,1211,0,2,1991,0,1993,G
5-NP,1212,1,1,0,2002,2004,C
5-NP,1213,7,1,0,2003,2011,C
5-NP,1214,1992,0,1,0,1993,A
5-NP,1215,2006,1,1,0,2008,A
5-NP,1216,2008,2,0,0,2010,A
5-NP,1217,3,1,1,2027,2032,C
5-NP,1218,7,0,1,2024,2032,C
5-NP,1219,1913,0,0,0,1913,A
5-NP,1220,0,2,1950,0,1952,G
5-NP,1221,0,1943,0,1,1944,T
5-NP,1222,1,1,1956,0,1958,G
5-NP,1223,0,1953,0,1,1954,T
5-NP,1224,0,3,1947,0,1950,G
5-NP,1225,4,0,0,1949,1953,C
5-NP,1226,1943,0,0,0,1943,A
5-NP,1227,1965,0,1,0,1966,A
5-NP,1228,2,0,1,1972,1975,C
5-NP,1229,11,0,0,1951,1962,C
5-NP,1230,0,1953,0,0,1953,T
5-NP,1231,1953,0,0,0,1953,A
5-NP,1232,5,1,0,1946,1952,C
5-NP,1233,0,0,1954,0,1954,G
5-NP,1234,0,1945,0,0,1945,T
5-NP,1235,0,1957,0,1,1958,T
5-NP,1236,1,1941,0,0,1942,T
5-NP,1237,0,1934,0,1,1935,T
5-NP,1238,3,1,0,1934,1938,C
5-NP,1239,0,1892,0,1,1893,T
5-NP,1240,1,2,1926,0,1929,G
5-NP,1241,0,1923,0,1,1924,T
5-NP,1242,1924,0,1,0,1925,A
5-NP,1243,1,0,0,1931,1932,C
5-NP,1244,1905,1,0,0,1906,A
5-NP,1245,1907,0,0,0,1907,A
5-NP,1246,1898,0,0,2,1900,A
5-NP,1247,0,2,1910,0,1912,G
5-NP,1248,1901,0,1,0,1902,A
5-NP,1249,1859,0,3,0,1862,A
5-NP,1250,1855,0,2,0,1857,A
5-NP,1251,3,1,0,1861,1865,C
5-NP,1252,6,0,0,1831,1837,C
5-NP,1253,1,1833,0,1,1835,T
5-NP,1254,1,0,0,1832,1833,C
5-NP,1255,6,0,0,1833,1839,C
5-NP,1256,7,0,1,1831,1839,C
5-NP,1257,1840,0,0,0,1840,A
5-NP,1258,0,1838,0,1,1839,T
5-NP,1259,0,1842,0,0,1842,T
5-NP,1260,0,1842,0,0,1842,T
5-NP,1261,0,8,1838,0,1846,G
5-NP,1262,1841,3,0,0,1844,A
5-NP,1263,1842,1,0,0,1843,A
5-NP,1264,1840,0,1,0,1841,A
5-NP,1265,1840,0,1,0,1841,A
5-NP,1266,1,0,1868,0,1869,G
5-NP,1267,0,1850,0,2,1852,T
5-NP,1268,13,0,0,1840,1853,C
5-NP,1269,1857,0,0,0,1857,A
5-NP,1270,1862,1,1,0,1864,A
5-NP,1271,2,0,1,1869,1872,C
5-NP,1272,3,0,0,1885,1888,C
5-NP,1273,1893,0,0,0,1893,A
5-NP,1274,0,1909,0,0,1909,T
5-NP,1275,6,0,0,1891,1897,C
5-NP,1276,1872,0,1,0,1873,A
5-NP,1277,0,1881,0,1,1882,T
5-NP,1278,0,5,1880,0,1885,G
5-NP,1279,1,0,1881,1,1883,G
5-NP,1280,5,1,0,1874,1880,C
5-NP,1281,1841,0,0,0,1841,A
5-NP,1282,0,1,1845,0,1846,G
5-NP,1283,1,0,0,1827,1828,C
5-NP,1284,1833,0,0,0,1833,A
5-NP,1285,1,1822,0,12,1835,T
5-NP,1286,0,1827,0,1,1828,T
5-NP,1287,9,0,0,1824,1833,C
5-NP,1288,1825,0,1,0,1826,A
5-NP,1289,3,0,0,1831,1834,C
5-NP,1290,1,1830,0,1,1832,T
5-NP,1291,0,4,1837,0,1841,G
5-NP,1292,1,1,1848,0,1850,G
5-NP,1293,1837,0,0,0,1837,A
5-NP,1294,1830,1,0,0,1831,A
5-NP,1295,1843,0,0,0,1843,A
5-NP,1296,0,1831,0,0,1831,T
5-NP,1297,1835,0,0,0,1835,A
5-NP,1298,0,1,0,1826,1827,C
5-NP,1299,1,7,1791,0,1799,G
5-NP,1300,1,0,1805,0,1806,G
5-NP,1301,1755,0,0,0,1755,A
5-NP,1302,1,5,1768,0,1774,G
5-NP,1303,1,8,1764,0,1773,G
5-NP,1304,0,4,1765,0,1769,G
5-NP,1305,1765,0,2,0,1767,A
5-NP,1306,1763,1,0,0,1764,A
5-NP,1307,0,2,1765,0,1767,G
5-NP,1308,1763,1,0,0,1764,A
5-NP,1309,1769,0,2,0,1771,A
5-NP,1310,1,0,0,1776,1777,C
5-NP,1311,0,1744,0,3,1747,T
5-NP,1312,1,1759,0,0,1760,T
5-NP,1313,7,0,1,1747,1755,C
5-NP,1314,1755,0,1,0,1756,A
5-NP,1315,0,8,1755,0,1763,G
5-NP,1316,1751,0,2,0,1753,A
5-NP,1317,1,1,0,1754,1756,C
5-NP,1318,1747,1,0,0,1748,A
5-NP,1319,0,1713,0,1,1714,T
5-NP,1320,0,6,1714,0,1720,G
5-NP,1321,1698,0,3,0,1701,A
5-NP,1322,0,5,1699,0,1704,G
5-NP,1323,0,6,1697,0,1703,G
5-NP,1324,1,0,1699,0,1700,G
5-NP,1325,2,1,0,1697,1700,C
5-NP,1326,1680,0,2,0,1682,A
5-NP,1327,1,3,1682,0,1686,G
5-NP,1328,1680,0,1,0,1681,A
5-NP,1329,1687,1,1,0,1689,A
5-NP,1330,1689,0,0,0,1689,A
5-NP,1331,0,1677,0,0,1677,T
5-NP,1332,5,0,1,1669,1675,C
5-NP,1333,1675,0,1,0,1676,A
5-NP,1334,1,1674,0,0,1675,T
5-NP,1335,1672,0,0,0,1672,A
5-NP,1336,1665,0,0,0,1665,A
5-NP,1337,1,7,1675,0,1683,G
5-NP,1338,1661,0,1,0,1662,A
5-NP,1339,1667,0,0,0,1667,A
5-NP,1340,0,1630,0,0,1630,T
5-NP,1341,0,2,1627,0,1629,G
5-NP,1342,1625,0,1,0,1626,A
5-NP,1343,1,1621,0,1,1623,T
5-NP,1344,1,4,1621,0,1626,G
5-NP,1345,1,3,1617,0,1621,G
5-NP,1346,1584,0,0,0,1584,A
5-NP,1347,1576,1,0,0,1577,A
5-NP,1348,1,9,1533,0,1543,G
5-NP,1349,0,3,1556,0,1559,G
5-NP,1350,0,1522,0,3,1525,T
5-NP,1351,0,3,1525,0,1528,G
5-NP,1352,1,0,0,1522,1523,C
5-NP,1353,1520,1,0,0,1521,A
5-NP,1354,1525,0,0,0,1525,A
5-NP,1355,1523,0,1,1,1525,A
5-NP,1356,1540,0,1,0,1541,A
5-NP,1357,2,1,0,1537,1540,C
5-NP,1358,6,0,1,1509,1516,C
5-NP,1359,1492,0,0,0,1492,A
5-NP,1360,0,3,1497,0,1500,G
5-NP,1361,1498,0,1,0,1499,A
5-NP,1362,1500,0,1,0,1501,A
5-NP,1363,0,5,1494,0,1499,G
5-NP,1364,1485,0,1,0,1486,A
5-NP,1365,1451,0,3,0,1454,A
5-NP,1366,0,1,1462,0,1463,G
5-NP,1367,0,1443,0,1,1444,T
5-NP,1368,1,3,1447,0,1451,G
5-NP,1369,0,1428,0,1,1429,T
5-NP,1370,10,0,0,1424,1434,C
5-NP,1371,1441,0,1,0,1442,A
5-NP,1372,0,1460,0,0,1460,T
5-NP,1373,0,1450,0,0,1450,T
5-NP,1374,4,0,0,1448,1452,C
5-NP,1375,0,5,0,1418,1423,C
5-NP,1376,0,6,1417,0,1423,G
5-NP,1377,1,2,1416,0,1419,G
5-NP,1378,0,4,1412,0,1416,G
5-NP,1379,0,3,1413,0,1416,G
5-NP,1380,0,5,1405,0,1410,G
5-NP,1381,1341,1,0,0,1342,A
5-NP,1382,0,2,1342,0,1344,G
5-NP,1383,0,6,1335,0,1341,G
5-NP,1384,2,3,1327,1,1333,G
5-NP,1385,0,4,1333,0,1337,G
5-NP,1386,1312,0,0,0,1312,A
5-NP,1387,0,2,1320,0,1322,G
5-NP,1388,0,1298,0,0,1298,T
5-NP,1389,0,1294,0,1,1295,T
5-NP,1390,0,1301,0,0,1301,T
5-NP,1391,0,1299,0,1,1300,T
5-NP,1392,2,0,0,1294,1296,C
5-NP,1393,0,2,1295,0,1297,G
5-NP,1394,1296,1,1,0,1298,A
5-NP,1395,0,1,1306,0,1307,G
5-NP,1396,0,3,0,1290,1293,C
5-NP,1397,0,1290,0,3,1293,T
5-NP,1398,0,0,0,1298,1298,C
5-NP,1399,0,1298,0,1,1299,T
5-NP,1400,5,0,0,1295,1300,C
5-NP,1401,1301,0,0,0,1301,A
5-NP,1402,1,2,1306,0,1309,G
5-NP,1403,1313,0,0,0,1313,A
5-NP,1404,2,0,0,1308,1310,C
5-NP,1405,0,2,1305,0,1307,G
5-NP,1406,1290,1,1,0,1292,A
5-NP,1407,0,1,1287,0,1288,G
5-NP,1408,1270,0,1,0,1271,A
5-NP,1409,1266,0,0,0,1266,A
5-NP,1410,0,3,1265,0,1268,G
5-NP,1411,1,1,1256,1,1259,G
5-NP,1412,1,0,0,1256,1257,C
5-NP,1413,1249,0,0,0,1249,A
5-NP,1414,1247,1,1,0,1249,A
5-NP,1415,1,1,0,1246,1248,C
5-NP,1416,1,8,1245,0,1254,G
5-NP,1417,1251,0,2,0,1253,A
5-NP,1418,1253,0,0,0,1253,A
5-NP,1419,2,1,0,1245,1248,C
5-NP,1420,8,1,0,1226,1235,C
5-NP,1421,5,1,0,1220,1226,C
5-NP,1422,0,5,1219,0,1224,G
5-NP,1423,1229,0,0,0,1229,A
5-NP,1424,0,1229,0,0,1229,T
5-NP,1425,9,1,0,1204,1214,C
5-NP,1426,2,1,1209,0,1212,G
5-NP,1427,1,1195,0,0,1196,T
5-NP,1428,0,0,1195,0,1195,G
5-NP,1429,2,0,0,1190,1192,C
5-NP,1430,8,0,0,1185,1193,C
5-NP,1431,6,0,0,1185,1191,C
5-NP,1432,0,1178,0,3,1181,T
5-NP,1433,2,0,0,1209,1211,C
5-NP,1434,0,1204,0,1,1205,T
5-NP,1435,0,1205,0,1,1206,T
5-NP,1436,1,1201,0,1,1203,T
5-NP,1437,0,1196,0,0,1196,T
5-NP,1438,0,2,1199,0,1201,G
5-NP,1439,1194,0,0,0,1194,A
5-NP,1440,0,1187,0,2,1189,T
5-NP,1441,1176,0,0,0,1176,A
5-NP,1442,0,993,0,0,993,T
5-NP,1443,1,8,994,0,1003,G
5-NP,1444,982,0,1,0,983,A
5-NP,1445,0,0,990,0,990,G
5-NP,1446,0,987,0,0,987,T
5-NP,1447,957,0,1,0,958,A
5-NP,1448,956,0,2,1,959,A
5-NP,1449,0,952,0,0,952,T
5-NP,1450,0,1,947,0,948,G
5-NP,1451,945,0,0,0,945,A
5-NP,1452,853,0,0,1,854,A
5-NP,1453,0,1,847,0,848,G
5-NP,1454,0,2,796,1,799,G
5-NP,1455,798,0,0,0,798,A
5-NP,1456,0,797,0,0,797,T
5-NP,1457,3,0,0,783,786,C
5-NP,1458,0,775,0,0,775,T
5-NP,1459,0,769,0,0,769,T
5-NP,1460,769,0,0,0,769,A
5-NP,1461,0,768,0,1,769,T
5-NP,1462,0,758,0,0,758,T
5-NP,1463,0,746,0,0,746,T
5-NP,1464,3,1,0,720,724,C
5-NP,1465,0,698,0,1,699,T
5-NP,1466,0,697,0,0,697,T
5-NP,1467,1,0,0,698,699,C
5-NP,1468,0,3,690,0,693,G
5-NP,1469,0,1,694,0,695,G
5-NP,1470,692,0,0,0,692,A
5-NP,1471,0,1,692,0,693,G
5-NP,1472,683,1,0,0,684,A
5-NP,1473,2,0,0,671,673,C
5-NP,1474,643,0,0,0,643,A
5-NP,1475,639,0,1,0,640,A
5-NP,1476,0,644,0,0,644,T
5-NP,1477,2,0,642,0,644,G
5-NP,1478,1,1,0,640,642,C
5-NP,1479,616,0,0,0,616,A
5-NP,1480,0,0,615,0,615,G
5-NP,1481,609,0,0,1,610,A
5-NP,1482,561,0,1,0,562,A
5-NP,1483,0,1,561,0,562,G
5-NP,1484,371,0,1,0,372,A
5-NP,1485,0,0,371,0,371,G
5-NP,1486,0,342,0,0,342,T
5-NP,1487,337,0,0,0,337,A
5-NP,1488,0,0,0,337,337,C
5-NP,1489,0,1,299,0,300,G
5-NP,1490,298,0,0,0,298,A
5-NP,1491,1,0,0,294,295,C
5-NP,1492,213,0,0,0,213,A
5-NP,1493,211,1,0,0,212,A
5-NP,1494,0,170,0,0,170,T
5-NP,1495,0,164,0,0,164,T
5-NP,1496,164,0,0,0,164,A
5-NP,1497,157,0,0,0,157,A
6-NA,1,39,0,0,0,39,A
6-NA,2,0,39,0,0,39,T
6-NA,3,0,0,40,0,40,G
6-NA,4,43,0,0,0,43,A
6-NA,5,46,0,0,0,46,A
6-NA,6,0,47,0,0,47,T
6-NA,7,0,0,0,47,47,C
6-NA,8,0,0,0,48,48,C
6-NA,9,48,0,0,0,48,A
6-NA,10,51,0,0,0,51,A
6-NA,11,51,0,0,0,51,A
6-NA,12,0,51,0,0,51,T
6-NA,13,0,0,0,50,50,C
6-NA,14,51,0,0,0,51,A
6-NA,15,50,0,0,0,50,A
6-NA,16,50,0,0,0,50,A
6-NA,17,54,0,0,0,54,A
6-NA,18,0,0,61,0,61,G
6-NA,19,64,0,0,0,64,A
6-NA,20,0,64,0,0,64,T
6-NA,21,63,0,0,0,63,A
6-NA,22,65,0,0,0,65,A
6-NA,23,0,65,0,0,65,T
6-NA,24,64,0,0,0,64,A
6-NA,25,64,0,0,0,64,A
6-NA,26,0,0,0,71,71,C
6-NA,27,0,0,75,0,75,G
6-NA,28,75,0,0,0,75,A
6-NA,29,0,75,0,0,75,T
6-NA,30,0,74,0,0,74,T
6-NA,31,0,0,75,0,75,G
6-NA,32,0,0,83,0,83,G
6-NA,33,0,0,0,83,83,C
6-NA,34,0,82,0,1,83,T
6-NA,35,0,0,0,90,90,C
6-NA,36,0,90,0,0,90,T
6-NA,37,0,0,94,0,94,G
6-NA,38,0,93,0,0,93,T
6-NA,39,0,95,0,0,95,T
6-NA,40,0,99,0,0,99,T
6-NA,41,0,0,0,100,100,C
6-NA,42,0,100,0,0,100,T
6-NA,43,0,0,0,100,100,C
6-NA,44,0,99,0,0,99,T
6-NA,45,0,0,0,99,99,C
6-NA,46,99,0,0,0,99,A
6-NA,47,0,0,0,107,107,C
6-NA,48,0,0,0,108,108,C
6-NA,49,109,0,0,0,109,A
6-NA,50,0,110,0,0,110,T
6-NA,51,0,112,0,0,112,T
6-NA,52,0,115,0,0,115,T
6-NA,53,0,0,0,117,117,C
6-NA,54,0,0,0,119,119,C
6-NA,55,124,0,0,0,124,A
6-NA,56,0,0,0,130,130,C
6-NA,57,130,0,0,0,130,A
6-NA,58,138,0,0,0,138,A
6-NA,59,0,139,0,0,139,T
6-NA,60,151,0,0,0,151,A
6-NA,61,0,151,0,0,151,T
6-NA,62,0,0,153,0,153,G
6-NA,63,0,0,0,153,153,C
6-NA,64,0,152,0,1,153,T
6-NA,65,0,160,0,0,160,T
6-NA,66,0,0,0,159,159,C
6-NA,67,0,158,0,1,159,T
6-NA,68,0,159,0,0,159,T
6-NA,69,0,0,0,159,159,C
6-NA,70,159,0,0,0,159,A
6-NA,71,0,160,0,0,160,T
6-NA,72,0,0,159,0,159,G
6-NA,73,0,0,0,160,160,C
6-NA,74,159,1,0,0,160,A
6-NA,75,161,0,0,0,161,A
6-NA,76,163,0,0,0,163,A
6-NA,77,0,165,0,0,165,T
6-NA,78,0,165,0,0,165,T
6-NA,79,0,2,163,0,165,G
6-NA,80,1,0,0,165,166,C
6-NA,81,0,0,0,166,166,C
6-NA,82,167,0,0,0,167,A
6-NA,83,0,167,0,0,167,T
6-NA,84,1,0,0,173,174,C
6-NA,85,0,174,0,0,174,T
6-NA,86,0,174,0,0,174,T
6-NA,87,0,0,178,0,178,G
6-NA,88,178,0,0,0,178,A
6-NA,89,0,178,0,0,178,T
6-NA,90,176,0,1,0,177,A
6-NA,91,177,0,0,0,177,A
6-NA,92,0,0,0,198,198,C
6-NA,93,0,192,0,0,192,T
6-NA,94,197,0,1,0,198,A
6-NA,95,1,0,0,209,210,C
6-NA,96,0,209,0,0,209,T
6-NA,97,0,1,214,0,215,G
6-NA,98,0,215,0,0,215,T
6-NA,99,215,0,0,0,215,A
6-NA,100,218,0,0,0,218,A
6-NA,101,0,0,0,219,219,C
6-NA,102,216,0,0,0,216,A
6-NA,103,0,216,0,0,216,T
6-NA,104,0,212,0,0,212,T
6-NA,105,0,0,213,0,213,G
6-NA,106,0,0,0,212,212,C
6-NA,107,215,0,0,0,215,A
6-NA,108,0,216,0,0,216,T
6-NA,109,0,215,0,0,215,T
6-NA,110,0,215,0,0,215,T
6-NA,111,1,0,0,214,215,C
6-NA,112,215,0,0,0,215,A
6-NA,113,216,0,0,0,216,A
6-NA,114,0,0,216,0,216,G
6-NA,115,1,0,0,217,218,C
6-NA,116,216,0,0,0,216,A
6-NA,117,225,0,0,0,225,A
6-NA,118,0,228,0,0,228,T
6-NA,119,226,0,1,0,227,A
6-NA,120,0,228,0,0,228,T
6-NA,121,0,1,226,0,227,G
6-NA,122,228,0,0,0,228,A
6-NA,123,235,0,0,0,235,A
6-NA,124,0,235,0,0,235,T
6-NA,125,0,235,0,0,235,T
6-NA,126,0,0,0,235,235,C
6-NA,127,233,0,0,0,233,A
6-NA,128,236,0,0,0,236,A
6-NA,129,0,0,0,235,235,C
6-NA,130,0,235,0,0,235,T
6-NA,131,1,0,0,236,237,C
6-NA,132,0,0,0,236,236,C
6-NA,133,1,0,0,244,245,C
6-NA,134,1,0,0,244,245,C
6-NA,135,2,0,0,241,243,C
6-NA,136,2,0,0,241,243,C
6-NA,137,1,0,0,243,244,C
6-NA,138,245,0,0,0,245,A
6-NA,139,245,0,0,0,245,A
6-NA,140,247,0,0,0,247,A
6-NA,141,0,0,0,252,252,C
6-NA,142,251,0,0,0,251,A
6-NA,143,259,0,0,0,259,A
6-NA,144,1,0,0,259,260,C
6-NA,145,0,0,1,259,260,C
6-NA,146,263,0,0,0,263,A
6-NA,147,262,0,1,0,263,A
6-NA,148,0,0,270,0,270,G
6-NA,149,0,270,0,0,270,T
6-NA,150,0,0,269,0,269,G
6-NA,151,280,0,0,0,280,A
6-NA,152,0,279,0,0,279,T
6-NA,153,0,1,278,0,279,G
6-NA,154,0,0,0,281,281,C
6-NA,155,0,279,0,0,279,T
6-NA,156,2,1,293,0,296,G
6-NA,157,0,295,0,1,296,T
6-NA,158,0,1,296,0,297,G
6-NA,159,0,296,0,0,296,T
6-NA,160,0,3,292,0,295,G
6-NA,161,295,0,0,0,295,A
6-NA,162,298,1,0,0,299,A
6-NA,163,1,0,0,298,299,C
6-NA,164,2,0,0,295,297,C
6-NA,165,294,0,1,0,295,A
6-NA,166,296,0,0,0,296,A
6-NA,167,1,1,0,305,307,C
6-NA,168,304,0,0,0,304,A
6-NA,169,305,0,0,0,305,A
6-NA,170,0,305,0,0,305,T
6-NA,171,304,0,0,0,304,A
6-NA,172,306,0,0,0,306,A
6-NA,173,0,306,0,0,306,T
6-NA,174,304,0,1,0,305,A
6-NA,175,0,2,305,0,307,G
6-NA,176,307,0,0,0,307,A
6-NA,177,306,0,0,0,306,A
6-NA,178,306,0,0,0,306,A
6-NA,179,0,2,305,0,307,G
6-NA,180,308,0,0,0,308,A
6-NA,181,309,0,0,0,309,A
6-NA,182,317,0,0,0,317,A
6-NA,183,0,0,0,317,317,C
6-NA,184,316,0,0,0,316,A
6-NA,185,0,323,0,0,323,T
6-NA,186,327,1,0,0,328,A
6-NA,187,327,0,1,0,328,A
6-NA,188,0,0,0,329,329,C
6-NA,189,324,0,1,0,325,A
6-NA,190,0,1,341,0,342,G
6-NA,191,336,0,0,0,336,A
6-NA,192,0,2,333,0,335,G
6-NA,193,335,0,0,0,335,A
6-NA,194,0,344,0,0,344,T
6-NA,195,347,0,0,0,347,A
6-NA,196,0,1,349,0,350,G
6-NA,197,0,348,0,0,348,T
6-NA,198,0,0,358,0,358,G
6-NA,199,0,360,0,1,361,T
6-NA,200,359,0,0,0,359,A
6-NA,201,0,358,0,0,358,T
6-NA,202,0,0,0,360,360,C
6-NA,203,0,356,0,0,356,T
6-NA,204,0,2,363,0,365,G
6-NA,205,361,0,0,0,361,A
6-NA,206,1,0,0,362,363,C
6-NA,207,1,0,0,361,362,C
6-NA,208,364,0,0,0,364,A
6-NA,209,369,0,0,1,370,A
6-NA,210,0,0,0,373,373,C
6-NA,211,371,0,0,0,371,A
6-NA,212,1,1,0,396,398,C
6-NA,213,0,0,0,389,389,C
6-NA,214,396,1,1,0,398,A
6-NA,215,1,0,0,403,404,C
6-NA,216,2,0,0,402,404,C
6-NA,217,407,0,1,0,408,A
6-NA,218,0,406,0,0,406,T
6-NA,219,404,0,1,0,405,A
6-NA,220,0,2,402,0,404,G
6-NA,221,401,0,0,0,401,A
6-NA,222,0,1,404,0,405,G
6-NA,223,396,1,1,1,399,A
6-NA,224,393,0,0,0,393,A
6-NA,225,0,1,394,0,395,G
6-NA,226,0,1,398,0,399,G
6-NA,227,399,0,0,0,399,A
6-NA,228,400,0,1,0,401,A
6-NA,229,400,0,2,0,402,A
6-NA,230,0,400,0,0,400,T
6-NA,231,396,0,0,0,396,A
6-NA,232,0,393,0,0,393,T
6-NA,233,1,0,392,0,393,G
6-NA,234,0,1,0,394,395,C
6-NA,235,2,0,0,388,390,C
6-NA,236,1,0,0,390,391,C
6-NA,237,1,0,0,393,394,C
6-NA,238,397,1,0,0,398,A
6-NA,239,397,0,0,0,397,A
6-NA,240,394,0,1,0,395,A
6-NA,241,0,394,0,0,394,T
6-NA,242,0,403,0,0,403,T
6-NA,243,404,0,0,0,404,A
6-NA,244,0,0,404,0,404,G
6-NA,245,0,1,0,402,403,C
6-NA,246,403,0,0,0,403,A
6-NA,247,0,2,409,0,411,G
6-NA,248,404,0,0,0,404,A
6-NA,249,426,0,1,0,427,A
6-NA,250,0,427,0,0,427,T
6-NA,251,428,0,0,0,428,A
6-NA,252,1,1,0,428,430,C
6-NA,253,428,0,0,0,428,A
6-NA,254,0,0,428,0,428,G
6-NA,255,429,0,0,0,429,A
6-NA,256,429,0,0,0,429,A
6-NA,257,425,0,3,0,428,A
6-NA,258,0,418,0,1,419,T
6-NA,259,0,419,0,0,419,T
6-NA,260,0,0,416,0,416,G
6-NA,261,0,1,418,0,419,G
6-NA,262,0,421,0,0,421,T
6-NA,263,0,0,0,419,419,C
6-NA,264,418,0,0,0,418,A
6-NA,265,419,0,0,0,419,A
6-NA,266,420,0,0,0,420,A
6-NA,267,0,0,420,0,420,G
6-NA,268,0,0,0,421,421,C
6-NA,269,2,1,0,414,417,C
6-NA,270,0,0,418,0,418,G
6-NA,271,1,0,0,417,418,C
6-NA,272,422,0,0,0,422,A
6-NA,273,427,0,0,0,427,A
6-NA,274,0,424,0,0,424,T
6-NA,275,0,0,423,0,423,G
6-NA,276,2,55,0,362,419,C
6-NA,277,0,2,421,0,423,G
6-NA,278,431,0,1,0,432,A
6-NA,279,1,0,0,435,436,C
6-NA,280,432,0,0,0,432,A
6-NA,281,0,439,0,2,441,T
6-NA,282,0,439,0,0,439,T
6-NA,283,439,0,2,0,441,A
6-NA,284,0,1,0,441,442,C
6-NA,285,435,1,1,0,437,A
6-NA,286,0,1,436,0,437,G
6-NA,287,0,2,436,0,438,G
6-NA,288,439,0,0,0,439,A
6-NA,289,0,428,0,1,429,T
6-NA,290,0,431,0,0,431,T
6-NA,291,0,430,0,0,430,T
6-NA,292,0,1,431,0,432,G
6-NA,293,0,0,0,432,432,C
6-NA,294,431,0,0,0,431,A
6-NA,295,0,0,0,431,431,C
6-NA,296,0,0,0,428,428,C
6-NA,297,0,424,0,0,424,T
6-NA,298,0,424,0,0,424,T
6-NA,299,0,429,0,0,429,T
6-NA,300,1,430,0,0,431,T
6-NA,301,0,438,0,1,439,T
6-NA,302,1,0,0,436,437,C
6-NA,303,0,438,0,0,438,T
6-NA,304,438,0,0,0,438,A
6-NA,305,435,0,0,0,435,A
6-NA,306,0,0,441,0,441,G
6-NA,307,0,1,441,0,442,G
6-NA,308,440,0,0,0,440,A
6-NA,309,0,0,0,441,441,C
6-NA,310,434,0,0,0,434,A
6-NA,311,436,0,0,0,436,A
6-NA,312,0,437,0,0,437,T
6-NA,313,0,436,0,0,436,T
6-NA,314,1,0,0,441,442,C
6-NA,315,0,2,439,0,441,G
6-NA,316,442,0,0,0,442,A
6-NA,317,0,441,0,0,441,T
6-NA,318,0,440,0,0,440,T
6-NA,319,440,0,0,0,440,A
6-NA,320,0,0,439,0,439,G
6-NA,321,0,0,438,0,438,G
6-NA,322,0,0,0,437,437,C
6-NA,323,0,435,0,0,435,T
6-NA,324,0,432,1,0,433,T
6-NA,325,0,432,1,1,434,T
6-NA,326,1,0,0,433,434,C
6-NA,327,3,0,0,432,435,C
6-NA,328,2,0,431,0,433,G
6-NA,329,0,0,0,434,434,C
6-NA,330,0,433,0,0,433,T
6-NA,331,0,3,445,0,448,G
6-NA,332,0,2,447,0,449,G
6-NA,333,0,447,0,0,447,T
6-NA,334,0,1,449,0,450,G
6-NA,335,1,2,446,0,449,G
6-NA,336,0,1,447,0,448,G
6-NA,337,0,1,447,0,448,G
6-NA,338,447,0,1,0,448,A
6-NA,339,1,0,0,452,453,C
6-NA,340,444,0,0,0,444,A
6-NA,341,0,444,0,0,444,T
6-NA,342,1,0,0,442,443,C
6-NA,343,0,440,0,0,440,T
6-NA,344,0,2,440,0,442,G
6-NA,345,1,3,443,0,447,G
6-NA,346,0,0,448,0,448,G
6-NA,347,0,449,0,0,449,T
6-NA,348,1,2,441,0,444,G
6-NA,349,446,0,0,0,446,A
6-NA,350,0,0,0,455,455,C
6-NA,351,455,0,0,0,455,A
6-NA,352,481,0,0,0,481,A
6-NA,353,0,2,487,0,489,G
6-NA,354,484,0,0,0,484,A
6-NA,355,0,2,533,0,535,G
6-NA,356,552,0,0,0,552,A
6-NA,357,613,0,0,0,613,A
6-NA,358,2,0,0,803,805,C
6-NA,359,1,0,0,875,876,C
6-NA,360,0,873,0,0,873,T
6-NA,361,0,880,0,0,880,T
6-NA,362,879,0,1,0,880,A
6-NA,363,0,889,0,0,889,T
6-NA,364,0,3,965,0,968,G
6-NA,365,0,979,0,0,979,T
6-NA,366,1,0,1021,0,1022,G
6-NA,367,0,1016,0,0,1016,T
6-NA,368,2,0,0,1011,1013,C
6-NA,369,1017,0,0,7,1024,A
6-NA,370,1,1026,0,1,1028,T
6-NA,371,0,0,1025,0,1025,G
6-NA,372,1,2,1,1025,1029,C
6-NA,373,0,5,1026,0,1031,G
6-NA,374,1205,0,0,0,1205,A
6-NA,375,1,1205,0,0,1206,T
6-NA,376,3,0,0,1233,1236,C
6-NA,377,3,0,0,1237,1240,C
6-NA,378,0,1282,0,3,1285,T
6-NA,379,0,13,1291,0,1304,G
6-NA,380,1300,1,2,0,1303,A
6-NA,381,0,0,0,1308,1308,C
6-NA,382,1304,0,1,0,1305,A
6-NA,383,1292,0,0,0,1292,A
6-NA,384,0,0,1349,0,1349,G
6-NA,385,0,1348,0,0,1348,T
6-NA,386,0,1,1374,0,1375,G
6-NA,387,1,1372,0,1,1374,T
6-NA,388,0,1371,0,1,1372,T
6-NA,389,1377,0,0,0,1377,A
6-NA,390,0,1370,0,4,1374,T
6-NA,391,2,0,0,1398,1400,C
6-NA,392,1403,0,0,0,1403,A
6-NA,393,1399,0,0,0,1399,A
6-NA,394,0,1397,0,2,1399,T
6-NA,395,0,1397,0,0,1397,T
6-NA,396,0,1398,0,0,1398,T
6-NA,397,0,1,1409,1,1411,G
6-NA,398,1,0,0,1519,1520,C
6-NA,399,5,0,0,1513,1518,C
6-NA,400,2,0,0,1525,1527,C
6-NA,401,0,1526,0,0,1526,T
6-NA,402,0,1531,0,1,1532,T
6-NA,403,0,4,1561,0,1565,G
6-NA,404,0,6,1563,0,1569,G
6-NA,405,1582,0,4,0,1586,A
6-NA,406,1,1,0,1590,1592,C
6-NA,407,1566,0,2,0,1568,A
6-NA,408,0,4,1620,0,1624,G
6-NA,409,0,6,1619,0,1625,G
6-NA,410,1,15,1676,0,1692,G
6-NA,411,1686,0,3,1,1690,A
6-NA,412,1688,1,1,0,1690,A
6-NA,413,1,1,0,1692,1694,C
6-NA,414,1684,0,0,0,1684,A
6-NA,415,1872,0,1,0,1873,A
6-NA,416,2,1,0,1885,1888,C
6-NA,417,1899,0,0,0,1899,A
6-NA,418,1,0,0,1926,1927,C
6-NA,419,0,1910,0,0,1910,T
6-NA,420,1942,0,0,0,1942,A
6-NA,421,1940,0,3,0,1943,A
6-NA,422,1946,0,1,0,1947,A
6-NA,423,0,0,0,1951,1951,C
6-NA,424,1883,0,1,0,1884,A
6-NA,425,1890,0,3,0,1893,A
6-NA,426,1,1,0,1890,1892,C
6-NA,427,3,3,1885,2,1893,G
6-NA,428,0,1888,0,3,1891,T
6-NA,429,0,1,1888,0,1889,G
6-NA,430,0,0,1,1904,1905,C
6-NA,431,1903,0,2,0,1905,A
6-NA,432,0,1911,0,1,1912,T
6-NA,433,0,1910,0,6,1916,T
6-NA,434,5,2,0,1928,1935,C
6-NA,435,1954,0,1,0,1955,A
6-NA,436,1964,0,0,0,1964,A
6-NA,437,1973,1,0,0,1974,A
6-NA,438,0,1979,0,0,1979,T
6-NA,439,0,27,1953,1,1981,G
6-NA,440,2008,0,0,0,2008,A
6-NA,441,3,0,0,2014,2017,C
6-NA,442,2012,0,4,0,2016,A
6-NA,443,4,2,0,2038,2044,C
6-NA,444,2029,0,1,0,2030,A
6-NA,445,1,4,2524,0,2529,G
6-NA,446,0,2531,0,0,2531,T
6-NA,447,2565,1,0,0,2566,A
6-NA,448,1,2,0,2569,2572,C
6-NA,449,1,3,2559,1,2564,G
6-NA,450,1,2653,0,1,2655,T
6-NA,451,0,21,2637,1,2659,G
6-NA,452,2654,3,2,1,2660,A
6-NA,453,1,2665,0,1,2667,T
6-NA,454,2471,0,2,0,2473,A
6-NA,455,1,7,2457,2,2467,G
6-NA,456,4,10,2452,0,2466,G
6-NA,457,2478,0,0,0,2478,A
6-NA,458,2,0,0,2515,2517,C
6-NA,459,16,0,0,2475,2491,C
6-NA,460,6,0,0,2517,2523,C
6-NA,461,12,0,0,2519,2531,C
6-NA,462,0,2550,0,0,2550,T
6-NA,463,0,2588,0,1,2589,T
6-NA,464,2601,0,0,3,2604,A
6-NA,465,1,2600,0,0,2601,T
6-NA,466,5,6,0,2585,2596,C
6-NA,467,1,15,2565,1,2582,G
6-NA,468,0,9,2581,0,2590,G
6-NA,469,2589,0,2,0,2591,A
6-NA,470,5,0,0,2604,2609,C
6-NA,471,5,1,0,2603,2609,C
6-NA,472,6,0,0,2741,2747,C
6-NA,473,0,2736,0,1,2737,T
6-NA,474,2788,0,0,0,2788,A
6-NA,475,1,2785,0,0,2786,T
6-NA,476,0,2794,0,2,2796,T
6-NA,477,0,5,2800,0,2805,G
6-NA,478,2805,0,1,0,2806,A
6-NA,479,0,2797,0,1,2798,T
6-NA,480,6,22,2774,1,2803,G
6-NA,481,2730,1,0,1,2732,A
6-NA,482,2726,0,3,0,2729,A
6-NA,483,0,2725,0,1,2726,T
6-NA,484,0,13,2762,0,2775,G
6-NA,485,2828,1,2,0,2831,A
6-NA,486,1,2,2851,0,2854,G
6-NA,487,0,2855,0,1,2856,T
6-NA,488,0,2865,0,0,2865,T
6-NA,489,2876,0,1,0,2877,A
6-NA,490,1,10,2876,1,2888,G
6-NA,491,0,2,2883,0,2885,G
6-NA,492,0,2871,1,1,2873,T
6-NA,493,0,2,2866,0,2868,G
6-NA,494,0,2846,1,2,2849,T
6-NA,495,1,2835,0,1,2837,T
6-NA,496,19,1,0,2846,2866,C
6-NA,497,6,1,0,2870,2877,C
6-NA,498,1,2877,0,1,2879,T
6-NA,499,0,2873,0,2,2875,T
6-NA,500,0,2884,0,1,2885,T
6-NA,501,0,2879,0,1,2880,T
6-NA,502,10,0,0,2886,2896,C
6-NA,503,2892,1,1,0,2894,A
6-NA,504,1,2964,0,3,2968,T
6-NA,505,9,0,0,2955,2964,C
6-NA,506,1,2932,0,3,2936,T
6-NA,507,1,15,2916,0,2932,G
6-NA,508,0,20,2897,1,2918,G
6-NA,509,2,11,2923,0,2936,G
6-NA,510,1,18,2944,0,2963,G
6-NA,511,2961,2,3,0,2966,A
6-NA,512,1,1,0,3007,3009,C
6-NA,513,10,0,0,2967,2977,C
6-NA,514,3006,0,0,0,3006,A
6-NA,515,3009,1,1,0,3011,A
6-NA,516,0,2,3010,0,3012,G
6-NA,517,2,0,0,3018,3020,C
6-NA,518,3010,0,1,0,3011,A
6-NA,519,3048,1,2,0,3051,A
6-NA,520,0,4,3081,0,3085,G
6-NA,521,0,3064,0,1,3065,T
6-NA,522,0,3,3156,0,3159,G
6-NA,523,0,3123,0,1,3124,T
6-NA,524,3,3,3214,0,3220,G
6-NA,525,6,0,0,3217,3223,C
6-NA,526,3216,1,0,0,3217,A
6-NA,527,1,3258,0,0,3259,T
6-NA,528,3219,0,1,0,3220,A
6-NA,529,0,1,3334,0,3335,G
6-NA,530,1,1,0,3321,3323,C
6-NA,531,3263,0,4,0,3267,A
6-NA,532,1,3256,0,2,3259,T
6-NA,533,0,10,3203,1,3214,G
6-NA,534,0,2,3452,0,3454,G
6-NA,535,0,3448,0,5,3453,T
6-NA,536,13,1,0,3426,3440,C
6-NA,537,7,2,0,3469,3478,C
6-NA,538,3474,0,3,0,3477,A
6-NA,539,1,1,3595,0,3597,G
6-NA,540,2,0,0,3610,3612,C
6-NA,541,0,3598,0,3,3601,T
6-NA,542,9,1,1,3607,3618,C
6-NA,543,3538,0,2,0,3540,A
6-NA,544,3577,0,4,0,3581,A
6-NA,545,0,4,3596,1,3601,G
6-NA,546,1,3602,0,1,3604,T
6-NA,547,0,3599,0,2,3601,T
6-NA,548,0,4,3604,0,3608,G
6-NA,549,0,3601,0,4,3605,T
6-NA,550,19,1,0,3579,3599,C
6-NA,551,3605,1,1,0,3607,A
6-NA,552,2,6,0,3635,3643,C
6-NA,553,0,8,3609,0,3617,G
6-NA,554,3685,0,0,0,3685,A
6-NA,555,0,3685,0,3,3688,T
6-NA,556,0,13,3742,1,3756,G
6-NA,557,0,16,3766,0,3782,G
6-NA,558,3775,0,2,1,3778,A
6-NA,559,3784,0,0,0,3784,A
6-NA,560,3827,0,2,0,3829,A
6-NA,561,3827,0,7,0,3834,A
6-NA,562,0,2,3888,0,3890,G
6-NA,563,4,1,0,3877,3882,C
6-NA,564,3866,1,4,0,3871,A
6-NA,565,0,3872,0,2,3874,T
6-NA,566,0,18,3928,1,3947,G
6-NA,567,1,6,3966,0,3973,G
6-NA,568,3,0,0,4008,4011,C
6-NA,569,0,4000,0,0,4000,T
6-NA,570,0,3,4018,1,4022,G
6-NA,571,4,0,1,4005,4010,C
6-NA,572,4020,1,0,5,4026,A
6-NA,573,0,4173,0,1,4174,T
6-NA,574,1,7,4183,0,4191,G
6-NA,575,0,4203,3,3,4209,T
6-NA,576,0,4305,1,4,4310,T
6-NA,577,1,4287,1,2,4291,T
6-NA,578,0,5,4567,1,4573,G
6-NA,579,0,4556,0,2,4558,T
6-NA,580,4572,0,3,0,4575,A
6-NA,581,0,4589,0,4,4593,T
6-NA,582,4544,0,1,0,4545,A
6-NA,583,4564,1,5,1,4571,A
6-NA,584,2,5,0,4535,4542,C
6-NA,585,2,23,4481,0,4506,G
6-NA,586,4,14,4512,0,4530,G
6-NA,587,0,27,4429,0,4456,G
6-NA,588,1,21,4451,0,4473,G
6-NA,589,2,7,4464,0,4473,G
6-NA,590,4449,1,3,0,4453,A
6-NA,591,0,4454,0,5,4459,T
6-NA,592,0,19,4456,0,4475,G
6-NA,593,4500,2,8,0,4510,A
6-NA,594,1,4528,0,0,4529,T
6-NA,595,4510,0,7,0,4517,A
6-NA,596,4579,0,1,1,4581,A
6-NA,597,4598,0,1,0,4599,A
6-NA,598,4612,0,0,0,4612,A
6-NA,599,4623,0,1,0,4624,A
6-NA,600,0,4627,0,1,4628,T
6-NA,601,2,8,4626,0,4636,G
6-NA,602,3,4,0,4629,4636,C
6-NA,603,4636,1,1,1,4639,A
6-NA,604,4661,3,3,0,4667,A
6-NA,605,4,1,0,4700,4705,C
6-NA,606,1,4693,1,4,4699,T
6-NA,607,1,5,4700,0,4706,G
6-NA,608,3,0,0,4707,4710,C
6-NA,609,1,4709,0,3,4713,T
6-NA,610,4718,1,2,0,4721,A
6-NA,611,2,5,4728,1,4736,G
6-NA,612,1,3,0,4773,4777,C
6-NA,613,0,4777,0,1,4778,T
6-NA,614,2,4764,0,0,4766,T
6-NA,615,13,1,0,4812,4826,C
6-NA,616,4870,0,0,0,4870,A
6-NA,617,0,4878,1,2,4881,T
6-NA,618,1,4888,1,2,4892,T
6-NA,619,1,4923,1,2,4927,T
6-NA,620,4934,1,1,1,4937,A
6-NA,621,12,1,0,4976,4989,C
6-NA,622,4961,1,1,0,4963,A
6-NA,623,5003,0,7,0,5010,A
6-NA,624,1,4970,0,3,4974,T
6-NA,625,0,20,4960,2,4982,G
6-NA,626,1,19,4964,0,4984,G
6-NA,627,1,14,4968,0,4983,G
6-NA,628,4953,0,7,1,4961,A
6-NA,629,1,19,5061,0,5081,G
6-NA,630,7,1,5130,0,5138,G
6-NA,631,4,0,0,5466,5470,C
6-NA,632,1,5445,1,3,5450,T
6-NA,633,0,5486,1,10,5497,T
6-NA,634,6,4,5544,0,5554,G
6-NA,635,0,5552,1,1,5554,T
6-NA,636,5674,1,3,0,5678,A
6-NA,637,2,15,5674,3,5694,G
6-NA,638,5636,0,4,0,5640,A
6-NA,639,1,5642,0,1,5644,T
6-NA,640,5299,0,0,0,5299,A
6-NA,641,0,7,5296,0,5303,G
6-NA,642,1,5270,0,3,5274,T
6-NA,643,5,5,5170,1,5181,G
6-NA,644,1,5422,0,1,5424,T
6-NA,645,1,5429,0,0,5430,T
6-NA,646,4,2,5521,0,5527,G
6-NA,647,0,5496,1,5,5502,T
6-NA,648,1,5518,0,0,5519,T
6-NA,649,0,5529,1,6,5536,T
6-NA,650,23,0,0,5454,5477,C
6-NA,651,5461,2,3,0,5466,A
6-NA,652,2,5444,1,4,5451,T
6-NA,653,1,33,5432,0,5466,G
6-NA,654,2,5,5758,0,5765,G
6-NA,655,0,5719,0,4,5723,T
6-NA,656,14,0,0,5704,5718,C
6-NA,657,23,1,0,5686,5710,C
6-NA,658,5737,2,2,0,5741,A
6-NA,659,5766,1,2,0,5769,A
6-NA,660,5755,0,8,0,5763,A
6-NA,661,0,9,5793,0,5802,G
6-NA,662,5788,1,2,1,5792,A
6-NA,663,5635,0,2,0,5637,A
6-NA,664,5652,0,4,0,5656,A
6-NA,665,0,5642,0,1,5643,T
6-NA,666,13,0,0,5837,5850,C
6-NA,667,18,1,1,5840,5860,C
6-NA,668,0,5840,0,2,5842,T
6-NA,669,5,2,1,5840,5848,C
6-NA,670,5830,1,3,0,5834,A
6-NA,671,1,8,5917,1,5927,G
6-NA,672,0,16,5906,0,5922,G
6-NA,673,6060,1,4,1,6066,A
6-NA,674,8,3,0,6064,6075,C
6-NA,675,22,1,0,5954,5977,C
6-NA,676,12,2,0,5982,5996,C
6-NA,677,5991,1,5,1,5998,A
6-NA,678,4,18,5994,0,6016,G
6-NA,679,2,31,5999,1,6033,G
6-NA,680,6001,0,11,0,6012,A
6-NA,681,2,9,6076,0,6087,G
6-NA,682,0,5968,0,4,5972,T
6-NA,683,15,6,0,5954,5975,C
6-NA,684,5953,2,7,2,5964,A
6-NA,685,2,11,6001,0,6014,G
6-NA,686,5993,1,2,2,5998,A
6-NA,687,5995,0,0,1,5996,A
6-NA,688,0,5973,0,2,5975,T
6-NA,689,0,2,5983,0,5985,G
6-NA,690,4,4,1,5967,5976,C
6-NA,691,5,7,5999,0,6011,G
6-NA,692,3,5994,1,1,5999,T
6-NA,693,0,6004,0,3,6007,T
6-NA,694,0,5966,0,1,5967,T
6-NA,695,1,6,6016,0,6023,G
6-NA,696,1,6037,0,2,6040,T
6-NA,697,6030,0,10,0,6040,A
6-NA,698,3,6015,0,6,6024,T
6-NA,699,21,2,0,6005,6028,C
6-NA,700,6000,2,2,0,6004,A
6-NA,701,6005,0,1,0,6006,A
6-NA,702,1,6004,0,4,6009,T
6-NA,703,0,25,5980,0,6005,G
6-NA,704,1,22,6001,1,6025,G
6-NA,705,6098,0,4,0,6102,A
6-NA,706,6101,0,7,0,6108,A
6-NA,707,10,2,0,6134,6146,C
6-NA,708,2,6173,1,2,6178,T
6-NA,709,0,6145,0,2,6147,T
6-NA,710,0,2,6343,0,6345,G
6-NA,711,1,6345,1,2,6349,T
6-NA,712,6349,0,2,0,6351,A
6-NA,713,13,2,1,6411,6427,C
6-NA,714,6276,1,5,0,6282,A
6-NA,715,2,7,6657,1,6667,G
6-NA,716,1,6619,0,1,6621,T
6-NA,717,6856,0,0,0,6856,A
6-NA,718,0,7,6879,0,6886,G
6-NA,719,0,6766,0,4,6770,T
6-NA,720,6765,0,2,0,6767,A
6-NA,721,6768,0,0,0,6768,A
6-NA,722,0,6737,1,2,6740,T
6-NA,723,0,43,6723,1,6767,G
6-NA,724,6619,1,8,0,6628,A
6-NA,725,4,2,1,6676,6683,C
6-NA,726,2,6484,0,3,6489,T
6-NA,727,3,17,6498,1,6519,G
6-NA,728,6503,1,7,0,6511,A
6-NA,729,1,6540,0,6,6547,T
6-NA,730,2,29,6517,1,6549,G
6-NA,731,2,19,6487,1,6509,G
6-NA,732,2,24,6486,0,6512,G
6-NA,733,6427,2,9,0,6438,A
6-NA,734,3,3,6434,0,6440,G
6-NA,735,1,6412,0,1,6414,T
6-NA,736,2,3,6429,0,6434,G
6-NA,737,1,1,0,6436,6438,C
6-NA,738,2,6415,0,2,6419,T
6-NA,739,2,6416,1,3,6422,T
6-NA,740,14,2,0,6392,6408,C
6-NA,741,5,21,6358,0,6384,G
6-NA,742,2,15,6418,1,6436,G
6-NA,743,1,11,6434,2,6448,G
6-NA,744,6424,0,13,0,6437,A
6-NA,745,6389,0,2,0,6391,A
6-NA,746,6374,0,2,1,6377,A
6-NA,747,6392,0,14,1,6407,A
6-NA,748,0,2,6449,1,6452,G
6-NA,749,6,2,0,6439,6447,C
6-NA,750,0,6393,0,4,6397,T
6-NA,751,0,20,6393,0,6413,G
6-NA,752,6426,0,4,0,6430,A
6-NA,753,1,6477,0,4,6482,T
6-NA,754,6493,1,1,1,6496,A
6-NA,755,7,0,0,6779,6786,C
6-NA,756,1,6747,0,1,6749,T
6-NA,757,6752,0,0,0,6752,A
6-NA,758,6754,2,2,0,6758,A
6-NA,759,6769,0,1,0,6770,A
6-NA,760,6896,2,2,0,6900,A
6-NA,761,0,6895,0,4,6899,T
6-NA,762,6862,0,0,0,6862,A
6-NA,763,9,2,0,6890,6901,C
6-NA,764,0,6627,0,4,6631,T
6-NA,765,6706,1,2,0,6709,A
6-NA,766,2,6680,0,5,6687,T
6-NA,767,2,7119,0,2,7123,T
6-NA,768,35,2,0,7170,7207,C
6-NA,769,7120,0,1,0,7121,A
6-NA,770,0,7112,1,2,7115,T
6-NA,771,1,7103,1,2,7107,T
6-NA,772,7012,3,5,0,7020,A
6-NA,773,7045,0,3,0,7048,A
6-NA,774,3,18,7065,0,7086,G
6-NA,775,0,18,7064,0,7082,G
6-NA,776,6656,1,8,0,6665,A
6-NA,777,3,21,6715,0,6739,G
6-NA,778,1,33,6688,0,6722,G
6-NA,779,2,17,6701,0,6720,G
6-NA,780,6,19,6717,1,6743,G
6-NA,781,6710,0,6,1,6717,A
6-NA,782,6736,0,5,0,6741,A
6-NA,783,6723,0,4,0,6727,A
6-NA,784,6712,2,3,0,6717,A
6-NA,785,1,6726,1,0,6728,T
6-NA,786,32,2,0,6649,6683,C
6-NA,787,5,3,6744,0,6752,G
6-NA,788,2,6721,1,3,6727,T
6-NA,789,1,6709,0,8,6718,T
6-NA,790,48,2,1,6684,6735,C
6-NA,791,6744,1,2,0,6747,A
6-NA,792,0,7253,0,3,7256,T
6-NA,793,7245,1,3,0,7249,A
6-NA,794,14,0,0,7286,7300,C
6-NA,795,2,7257,0,6,7265,T
6-NA,796,7257,0,14,0,7271,A
6-NA,797,4,30,7254,0,7288,G
6-NA,798,6,3,0,7285,7294,C
6-NA,799,7292,0,5,0,7297,A
6-NA,800,6,2,1,7306,7315,C
6-NA,801,6989,9,0,0,6998,A
6-NA,802,1,7118,1,0,7120,T
6-NA,803,1,7059,0,2,7062,T
6-NA,804,2,4,7551,0,7557,G
6-NA,805,3,7499,0,12,7514,T
6-NA,806,38,1,0,7475,7514,C
6-NA,807,7475,0,12,17,7504,A
6-NA,808,6,15,7500,0,7521,G
6-NA,809,1,18,7518,0,7537,G
6-NA,810,7494,1,13,0,7508,A
6-NA,811,7404,1,2,0,7407,A
6-NA,812,0,10,7495,0,7505,G
6-NA,813,1,7098,0,5,7104,T
6-NA,814,2,3,7154,0,7159,G
6-NA,815,2,2,0,7150,7154,C
6-NA,816,1,7145,0,2,7148,T
6-NA,817,37,3,0,7130,7170,C
6-NA,818,7144,2,3,1,7150,A
6-NA,819,4,3,7200,0,7207,G
6-NA,820,7,3,3,7196,7209,C
6-NA,821,7197,0,1,0,7198,A
6-NA,822,1,7195,0,2,7198,T
6-NA,823,4,5,7416,0,7425,G
6-NA,824,2,7424,0,10,7436,T
6-NA,825,31,0,0,7402,7433,C
6-NA,826,7,16,7397,1,7421,G
6-NA,827,7405,0,1,1,7407,A
6-NA,828,2,22,7353,0,7377,G
6-NA,829,0,26,7370,0,7396,G
6-NA,830,7321,1,3,0,7325,A
6-NA,831,1,5,7423,1,7430,G
6-NA,832,1,7183,2,1,7187,T
6-NA,833,3,9,7203,0,7215,G
6-NA,834,4,0,0,7320,7324,C
6-NA,835,1,7286,0,7,7294,T
6-NA,836,38,1,1,7314,7354,C
6-NA,837,22,2,0,7340,7364,C
6-NA,838,1,7346,1,7,7355,T
6-NA,839,0,6,7399,1,7406,G
6-NA,840,6,5,0,7342,7353,C
6-NA,841,2,7298,0,5,7305,T
6-NA,842,7391,1,0,1,7393,A
6-NA,843,1,7244,0,2,7247,T
6-NA,844,17,0,0,7287,7304,C
6-NA,845,22,1,0,7270,7293,C
6-NA,846,2,7270,1,25,7298,T
6-NA,847,11,3,0,7311,7325,C
6-NA,848,4,20,7304,0,7328,G
6-NA,849,7423,4,3,0,7430,A
6-NA,850,1,7438,0,3,7442,T
6-NA,851,7435,3,3,1,7442,A
6-NA,852,1,7451,0,2,7454,T
6-NA,853,17,0,1,7408,7426,C
6-NA,854,18,2,0,7380,7400,C
6-NA,855,3,7342,0,9,7354,T
6-NA,856,2,30,7385,2,7419,G
6-NA,857,1,6,7440,0,7447,G
6-NA,858,0,7533,3,10,7546,T
6-NA,859,3,10,7536,2,7551,G
6-NA,860,1,7496,0,5,7502,T
6-NA,861,44,1,0,7451,7496,C
6-NA,862,7483,3,4,1,7491,A
6-NA,863,1,7,7495,0,7503,G
6-NA,864,7491,2,3,1,7497,A
6-NA,865,1,7420,0,4,7425,T
6-NA,866,0,4,7442,0,7446,G
6-NA,867,0,7341,0,1,7342,T
6-NA,868,4,11,7345,2,7362,G
6-NA,869,2,7315,1,14,7332,T
6-NA,870,28,2,0,7322,7352,C
6-NA,871,6,7333,1,5,7345,T
6-NA,872,0,2,7352,1,7355,G
6-NA,873,2,0,0,7342,7344,C
6-NA,874,7322,1,6,0,7329,A
6-NA,875,17,20,7309,0,7346,G
6-NA,876,7193,1,6,0,7200,A
6-NA,877,0,14,7227,4,7245,G
6-NA,878,7217,4,2,0,7223,A
6-NA,879,5,2,0,7278,7285,C
6-NA,880,7266,1,3,0,7270,A
6-NA,881,7284,2,3,0,7289,A
6-NA,882,6,2,1,7326,7335,C
6-NA,883,4,7321,0,0,7325,T
6-NA,884,1,15,7321,1,7338,G
6-NA,885,1,22,7292,0,7315,G
6-NA,886,7272,7,5,0,7284,A
6-NA,887,7278,0,4,0,7282,A
6-NA,888,7134,0,10,0,7144,A
6-NA,889,3,16,7253,0,7272,G
6-NA,890,2,5,7267,0,7274,G
6-NA,891,8,0,0,7247,7255,C
6-NA,892,2,7237,0,9,7248,T
6-NA,893,18,2,0,7413,7433,C
6-NA,894,21,0,1,7496,7518,C
6-NA,895,7529,1,1,2,7533,A
6-NA,896,7530,0,5,0,7535,A
6-NA,897,0,7539,0,3,7542,T
6-NA,898,7309,1,3,0,7313,A
6-NA,899,1,16,7277,0,7294,G
6-NA,900,2,3,7307,0,7312,G
6-NA,901,5,2,0,7315,7322,C
6-NA,902,16,3,0,7203,7222,C
6-NA,903,38,0,0,7123,7161,C
6-NA,904,7220,0,0,0,7220,A
6-NA,905,1,7280,0,5,7286,T
6-NA,906,28,5,1,7259,7293,C
6-NA,907,7,3,7313,0,7323,G
6-NA,908,0,7300,0,0,7300,T
6-NA,909,7188,0,2,0,7190,A
6-NA,910,1,7,7314,0,7322,G
6-NA,911,7344,0,4,0,7348,A
6-NA,912,3,7349,1,2,7355,T
6-NA,913,7241,3,1,0,7245,A
6-NA,914,0,7178,0,0,7178,T
6-NA,915,7182,0,2,0,7184,A
6-NA,916,7155,1,1,0,7157,A
6-NA,917,7313,1,6,3,7323,A
6-NA,918,5,0,0,7458,7463,C
6-NA,919,7287,1,1,0,7289,A
6-NA,920,1,7274,0,1,7276,T
6-NA,921,7219,0,1,0,7220,A
6-NA,922,7229,0,3,0,7232,A
6-NA,923,7223,2,3,0,7228,A
6-NA,924,0,27,7294,1,7322,G
6-NA,925,1,17,7365,0,7383,G
6-NA,926,7153,3,3,0,7159,A
6-NA,927,1,7165,1,9,7176,T
6-NA,928,41,1,1,7149,7192,C
6-NA,929,7221,0,8,0,7229,A
6-NA,930,3,7239,0,0,7242,T
6-NA,931,7228,0,4,1,7233,A
6-NA,932,1,6,7270,0,7277,G
6-NA,933,10,2,0,7172,7184,C
6-NA,934,7061,2,0,0,7063,A
6-NA,935,0,6884,0,2,6886,T
6-NA,936,1,6909,0,1,6911,T
6-NA,937,1,3,7149,0,7153,G
6-NA,938,1,7160,2,2,7165,T
6-NA,939,1,7251,0,2,7254,T
6-NA,940,0,7253,0,5,7258,T
6-NA,941,26,1,1,7202,7230,C
6-NA,942,28,3,0,7241,7272,C
6-NA,943,7349,1,2,0,7352,A
6-NA,944,1,8,7449,1,7459,G
6-NA,945,0,7433,1,8,7442,T
6-NA,946,1,7266,0,3,7270,T
6-NA,947,7275,2,0,0,7277,A
6-NA,948,1,7230,0,7,7238,T
6-NA,949,4,6,7238,0,7248,G
6-NA,950,4,7189,1,4,7198,T
6-NA,951,4,7,7235,1,7247,G
6-NA,952,0,7104,0,4,7108,T
6-NA,953,3,10,7278,0,7291,G
6-NA,954,2,7281,1,9,7293,T
6-NA,955,0,7258,0,5,7263,T
6-NA,956,41,2,1,7222,7266,C
6-NA,957,7215,1,12,2,7230,A
6-NA,958,1,24,7239,0,7264,G
6-NA,959,1,30,7221,0,7252,G
6-NA,960,7226,2,4,2,7234,A
6-NA,961,8,1,0,7239,7248,C
6-NA,962,0,7040,0,6,7046,T
6-NA,963,0,7045,1,0,7046,T
6-NA,964,1,5,7293,1,7300,G
6-NA,965,2,7286,0,4,7292,T
6-NA,966,1,7291,0,3,7295,T
6-NA,967,4,14,7249,0,7267,G
6-NA,968,4,17,7240,0,7261,G
6-NA,969,7237,1,18,0,7256,A
6-NA,970,0,26,7241,0,7267,G
6-NA,971,7239,2,9,2,7252,A
6-NA,972,9,2,1,7226,7238,C
6-NA,973,7020,1,9,2,7032,A
6-NA,974,4,3,1,7063,7071,C
6-NA,975,7080,0,8,2,7090,A
6-NA,976,5,2,1,7098,7106,C
6-NA,977,31,1,1,7042,7075,C
6-NA,978,28,6,3,7034,7071,C
6-NA,979,7048,1,5,3,7057,A
6-NA,980,0,19,7060,0,7079,G
6-NA,981,7060,1,4,0,7065,A
6-NA,982,7100,0,1,0,7101,A
6-NA,983,7067,0,2,0,7069,A
6-NA,984,7065,0,1,1,7067,A
6-NA,985,7020,1,6,2,7029,A
6-NA,986,7006,0,5,2,7013,A
6-NA,987,5,7,1,7018,7031,C
6-NA,988,2,40,6973,1,7016,G
6-NA,989,6989,0,5,0,6994,A
6-NA,990,2,5,0,6994,7001,C
6-NA,991,6977,1,2,1,6981,A
6-NA,992,3,10,7052,0,7065,G
6-NA,993,3,2,1,7252,7258,C
6-NA,994,0,7236,0,2,7238,T
6-NA,995,22,1,0,7240,7263,C
6-NA,996,27,14,1,7255,7297,C
6-NA,997,7278,0,8,2,7288,A
6-NA,998,1,4,7365,0,7370,G
6-NA,999,7,2,0,7362,7371,C
6-NA,1000,7346,3,2,0,7351,A
6-NA,1001,1,8,7348,0,7357,G
6-NA,1002,1,7058,0,2,7061,T
6-NA,1003,7052,0,2,1,7055,A
6-NA,1004,0,0,7061,2,7063,G
6-NA,1005,3,3,0,7073,7079,C
6-NA,1006,18,3,0,7064,7085,C
6-NA,1007,6983,0,2,0,6985,A
6-NA,1008,2,6980,0,3,6985,T
6-NA,1009,0,6997,0,0,6997,T
6-NA,1010,0,4,7133,0,7137,G
6-NA,1011,1,7094,0,2,7097,T
6-NA,1012,0,7073,1,2,7076,T
6-NA,1013,1,7057,0,6,7064,T
6-NA,1014,2,26,6993,1,7022,G
6-NA,1015,0,19,7093,0,7112,G
6-NA,1016,7084,0,1,0,7085,A
6-NA,1017,0,7107,0,4,7111,T
6-NA,1018,24,4,0,7099,7127,C
6-NA,1019,19,1,0,6997,7017,C
6-NA,1020,4,7015,0,5,7024,T
6-NA,1021,7027,0,1,0,7028,A
6-NA,1022,7031,1,5,1,7038,A
6-NA,1023,18,1,0,7108,7127,C
6-NA,1024,7003,1,1,0,7005,A
6-NA,1025,7078,2,4,0,7084,A
6-NA,1026,2,7055,0,1,7058,T
6-NA,1027,1,21,7105,0,7127,G
6-NA,1028,7104,0,2,0,7106,A
6-NA,1029,7057,2,13,0,7072,A
6-NA,1030,2,13,7104,0,7119,G
6-NA,1031,7081,1,4,0,7086,A
6-NA,1032,6919,0,8,0,6927,A
6-NA,1033,1,21,6933,0,6955,G
6-NA,1034,7,11,6929,2,6949,G
6-NA,1035,0,6856,1,2,6859,T
6-NA,1036,2,23,6818,2,6845,G
6-NA,1037,2,8,7048,1,7059,G
6-NA,1038,2,7014,1,3,7020,T
6-NA,1039,38,2,0,6944,6984,C
6-NA,1040,6991,1,2,0,6994,A
6-NA,1041,0,6966,1,4,6971,T
6-NA,1042,2,18,6934,1,6955,G
6-NA,1043,0,20,6982,0,7002,G
6-NA,1044,6967,0,7,0,6974,A
6-NA,1045,2,8,7145,0,7155,G
6-NA,1046,1,6882,0,4,6887,T
6-NA,1047,0,26,6869,1,6896,G
6-NA,1048,6875,1,4,0,6880,A
6-NA,1049,6875,0,3,0,6878,A
6-NA,1050,6876,1,17,1,6895,A
6-NA,1051,2,17,6910,0,6929,G
6-NA,1052,1,5,6866,0,6872,G
6-NA,1053,1,2,1,6870,6874,C
6-NA,1054,1,6656,0,7,6664,T
6-NA,1055,3,21,6656,2,6682,G
6-NA,1056,2,16,6642,2,6662,G
6-NA,1057,1,3,6740,0,6744,G
6-NA,1058,3,0,0,6759,6762,C
6-NA,1059,17,0,0,6750,6767,C
6-NA,1060,0,6673,0,12,6685,T
6-NA,1061,1,6699,0,1,6701,T
6-NA,1062,1,6692,0,0,6693,T
6-NA,1063,0,13,6706,1,6720,G
6-NA,1064,6709,2,5,0,6716,A
6-NA,1065,0,6668,0,1,6669,T
6-NA,1066,2,13,6578,0,6593,G
6-NA,1067,6533,1,5,1,6540,A
6-NA,1068,1,6556,0,3,6560,T
6-NA,1069,3,14,6556,1,6574,G
6-NA,1070,0,15,6633,1,6649,G
6-NA,1071,6639,0,4,1,6644,A
6-NA,1072,6621,2,2,2,6627,A
6-NA,1073,6634,1,2,1,6638,A
6-NA,1074,2,6627,0,1,6630,T
6-NA,1075,2,22,6625,0,6649,G
6-NA,1076,6642,0,6,0,6648,A
6-NA,1077,3,4,0,6623,6630,C
6-NA,1078,4,8,6635,0,6647,G
6-NA,1079,0,6528,0,3,6531,T
6-NA,1080,1,5,6553,0,6559,G
6-NA,1081,0,6538,0,2,6540,T
6-NA,1082,1,21,6534,0,6556,G
6-NA,1083,1,14,6581,0,6596,G
6-NA,1084,6549,0,1,0,6550,A
6-NA,1085,3,6537,0,2,6542,T
6-NA,1086,1,19,6485,0,6505,G
6-NA,1087,5,20,6460,1,6486,G
6-NA,1088,2,10,6505,0,6517,G
6-NA,1089,6464,2,5,0,6471,A
6-NA,1090,6442,0,6,0,6448,A
6-NA,1091,0,16,6442,0,6458,G
6-NA,1092,6373,1,6,1,6381,A
6-NA,1093,6390,0,3,0,6393,A
6-NA,1094,6,6,0,6327,6339,C
6-NA,1095,1,22,6291,0,6314,G
6-NA,1096,6299,1,3,1,6304,A
6-NA,1097,2,6189,1,9,6201,T
6-NA,1098,19,0,0,6186,6205,C
6-NA,1099,6202,1,5,0,6208,A
6-NA,1100,0,2,6228,0,6230,G
6-NA,1101,5,2,1,6200,6208,C
6-NA,1102,14,29,6172,0,6215,G
6-NA,1103,6184,3,12,0,6199,A
6-NA,1104,0,8,6208,0,6216,G
6-NA,1105,6189,1,4,0,6194,A
6-NA,1106,6197,0,4,0,6201,A
6-NA,1107,1,3,6236,0,6240,G
6-NA,1108,1,6181,0,5,6187,T
6-NA,1109,43,4,1,6106,6154,C
6-NA,1110,6124,1,4,0,6129,A
6-NA,1111,4,4,0,6301,6309,C
6-NA,1112,8,4,6300,1,6313,G
6-NA,1113,4,0,0,6316,6320,C
6-NA,1114,1,6275,1,5,6282,T
6-NA,1115,0,6305,1,1,6307,T
6-NA,1116,6211,0,5,0,6216,A
6-NA,1117,1,19,6382,1,6403,G
6-NA,1118,2,23,6372,0,6397,G
6-NA,1119,106,10,6375,0,6491,G
6-NA,1120,1,6116,0,3,6120,T
6-NA,1121,6103,0,2,0,6105,A
6-NA,1122,1,6074,0,1,6076,T
6-NA,1123,5,21,6049,0,6075,G
6-NA,1124,6047,1,3,1,6052,A
6-NA,1125,6043,0,1,0,6044,A
6-NA,1126,5790,0,2,1,5793,A
6-NA,1127,4,1,0,5789,5794,C
6-NA,1128,17,1,0,5668,5686,C
6-NA,1129,1,5621,0,6,5628,T
6-NA,1130,1,5626,0,4,5631,T
6-NA,1131,14,2,1,5618,5635,C
6-NA,1132,5636,1,0,1,5638,A
6-NA,1133,5641,1,2,1,5645,A
6-NA,1134,5640,1,3,0,5644,A
6-NA,1135,1,8,5678,0,5687,G
6-NA,1136,1,5591,0,1,5593,T
6-NA,1137,40,1,3,5552,5596,C
6-NA,1138,5675,1,3,0,5679,A
6-NA,1139,1,5677,1,5,5684,T
6-NA,1140,0,5684,1,2,5687,T
6-NA,1141,0,11,5677,1,5689,G
6-NA,1142,5669,1,3,0,5673,A
6-NA,1143,5690,0,6,0,5696,A
6-NA,1144,1,19,5644,1,5665,G
6-NA,1145,2,1,5648,0,5651,G
6-NA,1146,0,0,0,5617,5617,C
6-NA,1147,1,5446,1,1,5449,T
6-NA,1148,3,19,5471,0,5493,G
6-NA,1149,3,3,5599,0,5605,G
6-NA,1150,2,5596,0,12,5610,T
6-NA,1151,19,1,2,5579,5601,C
6-NA,1152,20,0,1,5553,5574,C
6-NA,1153,5551,0,4,1,5556,A
6-NA,1154,5594,2,1,0,5597,A
6-NA,1155,4,0,0,5602,5606,C
6-NA,1156,20,5,1,5574,5600,C
6-NA,1157,16,0,0,5583,5599,C
6-NA,1158,2,5335,0,3,5340,T
6-NA,1159,5341,0,4,1,5346,A
6-NA,1160,5349,0,1,1,5351,A
6-NA,1161,0,2,5399,0,5401,G
6-NA,1162,1,5367,0,4,5372,T
6-NA,1163,29,0,0,5315,5344,C
6-NA,1164,20,1,0,5220,5241,C
6-NA,1165,5222,0,1,0,5223,A
6-NA,1166,5215,0,1,0,5216,A
6-NA,1167,5196,0,1,15,5212,A
6-NA,1168,1,5214,0,0,5215,T
6-NA,1169,0,5191,0,2,5193,T
6-NA,1170,2,3,5164,0,5169,G
6-NA,1171,5,3,0,5137,5145,C
6-NA,1172,5146,1,3,0,5150,A
6-NA,1173,0,12,5160,0,5172,G
6-NA,1174,5156,0,1,0,5157,A
6-NA,1175,0,5243,0,0,5243,T
6-NA,1176,5242,0,1,1,5244,A
6-NA,1177,5221,2,2,0,5225,A
6-NA,1178,5220,1,4,0,5225,A
6-NA,1179,1,5208,0,1,5210,T
6-NA,1180,5179,0,1,1,5181,A
6-NA,1181,1,18,5160,1,5180,G
6-NA,1182,5,1,5137,0,5143,G
6-NA,1183,2,3,0,5115,5120,C
6-NA,1184,4943,0,1,0,4944,A
6-NA,1185,4985,0,4,0,4989,A
6-NA,1186,1,1,5019,0,5021,G
6-NA,1187,0,5001,1,5,5007,T
6-NA,1188,46,0,1,4964,5011,C
6-NA,1189,5014,0,1,0,5015,A
6-NA,1190,1,4991,0,2,4994,T
6-NA,1191,5019,0,4,1,5024,A
6-NA,1192,2,2,5035,0,5039,G
6-NA,1193,0,5022,1,1,5024,T
6-NA,1194,1,4843,0,5,4849,T
6-NA,1195,0,37,4733,0,4770,G
6-NA,1196,4735,1,7,2,4745,A
6-NA,1197,7,1,0,4736,4744,C
6-NA,1198,4642,1,2,0,4645,A
6-NA,1199,0,8,4677,0,4685,G
6-NA,1200,4618,1,1,0,4620,A
6-NA,1201,0,14,4740,0,4754,G
6-NA,1202,3,4,4761,0,4768,G
6-NA,1203,0,4744,0,4,4748,T
6-NA,1204,4706,1,10,0,4717,A
6-NA,1205,4706,1,1,0,4708,A
6-NA,1206,1,4703,0,2,4706,T
6-NA,1207,4681,0,8,0,4689,A
6-NA,1208,0,6,4559,0,4565,G
6-NA,1209,0,8,4436,0,4444,G
6-NA,1210,1,4033,1,4,4039,T
6-NA,1211,24,0,0,3983,4007,C
6-NA,1212,13,2,0,3963,3978,C
6-NA,1213,5,6,3950,0,3961,G
6-NA,1214,1,4,3968,0,3973,G
6-NA,1215,2,3957,1,1,3961,T
6-NA,1216,0,3947,0,0,3947,T
6-NA,1217,3918,0,0,0,3918,A
6-NA,1218,0,3833,2,1,3836,T
6-NA,1219,3,3819,0,1,3823,T
6-NA,1220,24,0,1,3806,3831,C
6-NA,1221,1,3651,0,2,3654,T
6-NA,1222,0,15,3652,0,3667,G
6-NA,1223,1,3,3673,0,3677,G
6-NA,1224,1,3667,0,3,3671,T
6-NA,1225,3675,0,0,0,3675,A
6-NA,1226,0,3623,0,3,3626,T
6-NA,1227,1,3607,0,3,3611,T
6-NA,1228,1,3597,0,2,3600,T
6-NA,1229,2,3626,0,1,3629,T
6-NA,1230,7,0,0,3623,3630,C
6-NA,1231,1,3569,0,4,3574,T
6-NA,1232,15,0,9,3572,3596,C
6-NA,1233,1,3575,1,1,3578,T
6-NA,1234,1,2,3648,0,3651,G
6-NA,1235,0,3644,0,6,3650,T
6-NA,1236,2,3623,0,4,3629,T
6-NA,1237,2,2,3628,1,3633,G
6-NA,1238,3591,0,1,0,3592,A
6-NA,1239,3584,0,10,0,3594,A
6-NA,1240,0,6,3619,0,3625,G
6-NA,1241,0,1,3621,0,3622,G
6-NA,1242,2,1,0,3616,3619,C
6-NA,1243,3551,0,3,0,3554,A
6-NA,1244,3541,1,7,0,3549,A
6-NA,1245,3557,0,3,0,3560,A
6-NA,1246,3548,0,21,0,3569,A
6-NA,1247,0,3,3573,0,3576,G
6-NA,1248,0,1,0,3576,3577,C
6-NA,1249,0,3534,1,3,3538,T
6-NA,1250,2,1,3556,0,3559,G
6-NA,1251,3,2,0,3550,3555,C
6-NA,1252,3562,0,5,0,3567,A
6-NA,1253,0,3566,0,3,3569,T
6-NA,1254,13,2,1,3521,3537,C
6-NA,1255,3521,1,0,0,3522,A
6-NA,1256,3532,0,0,0,3532,A
6-NA,1257,0,3534,0,0,3534,T
6-NA,1258,12,2,0,3518,3532,C
6-NA,1259,1,12,3477,1,3491,G
6-NA,1260,1,3,3537,0,3541,G
6-NA,1261,0,3530,0,1,3531,T
6-NA,1262,0,0,3555,0,3555,G
6-NA,1263,2,1,0,3552,3555,C
6-NA,1264,1,3521,1,11,3534,T
6-NA,1265,0,3576,0,1,3577,T
6-NA,1266,0,3571,0,2,3573,T
6-NA,1267,0,3587,0,0,3587,T
6-NA,1268,3610,0,1,0,3611,A
6-NA,1269,0,3486,0,3,3489,T
6-NA,1270,1,2,3488,1,3492,G
6-NA,1271,0,3449,0,2,3451,T
6-NA,1272,0,7,3413,1,3421,G
6-NA,1273,1,10,3439,0,3450,G
6-NA,1274,3382,0,1,0,3383,A
6-NA,1275,1,2,3416,0,3419,G
6-NA,1276,0,3389,0,4,3393,T
6-NA,1277,0,3364,0,4,3368,T
6-NA,1278,0,9,3387,0,3396,G
6-NA,1279,3388,1,0,0,3389,A
6-NA,1280,1,3383,0,1,3385,T
6-NA,1281,3368,0,2,0,3370,A
6-NA,1282,3252,0,2,0,3254,A
6-NA,1283,1,9,3261,0,3271,G
6-NA,1284,2,16,3191,0,3209,G
6-NA,1285,0,14,3184,0,3198,G
6-NA,1286,0,6,3170,0,3176,G
6-NA,1287,3134,0,0,0,3134,A
6-NA,1288,3116,0,3,1,3120,A
6-NA,1289,0,9,3128,0,3137,G
6-NA,1290,3121,1,14,0,3136,A
6-NA,1291,3120,1,1,0,3122,A
6-NA,1292,3091,0,3,0,3094,A
6-NA,1293,3026,0,7,0,3033,A
6-NA,1294,1,7,3034,0,3042,G
6-NA,1295,3014,1,1,0,3016,A
6-NA,1296,2,2,3018,0,3022,G
6-NA,1297,0,7,3007,0,3014,G
6-NA,1298,2979,0,3,0,2982,A
6-NA,1299,2982,0,3,0,2985,A
6-NA,1300,2986,0,1,1,2988,A
6-NA,1301,4,0,0,3002,3006,C
6-NA,1302,1,2984,0,0,2985,T
6-NA,1303,0,6,2980,0,2986,G
6-NA,1304,2980,0,0,0,2980,A
6-NA,1305,2971,1,5,0,2977,A
6-NA,1306,1,2,2995,0,2998,G
6-NA,1307,0,2961,1,2,2964,T
6-NA,1308,2,2,0,2985,2989,C
6-NA,1309,0,2970,1,2,2973,T
6-NA,1310,1,2937,0,2,2940,T
6-NA,1311,0,2,2939,0,2941,G
6-NA,1312,1,2928,0,3,2932,T
6-NA,1313,1,11,2911,1,2924,G
6-NA,1314,0,9,2911,0,2920,G
6-NA,1315,2868,0,2,0,2870,A
6-NA,1316,4,1,0,2857,2862,C
6-NA,1317,2728,0,0,1,2729,A
6-NA,1318,0,2725,0,2,2727,T
6-NA,1319,16,1,0,2708,2725,C
6-NA,1320,1,13,2711,0,2725,G
6-NA,1321,2766,1,0,0,2767,A
6-NA,1322,2761,1,3,0,2765,A
6-NA,1323,2,0,0,2783,2785,C
6-NA,1324,2732,0,1,2,2735,A
6-NA,1325,0,1,2830,0,2831,G
6-NA,1326,0,2806,1,6,2813,T
6-NA,1327,2805,0,2,0,2807,A
6-NA,1328,0,2810,0,2,2812,T
6-NA,1329,0,2701,0,0,2701,T
6-NA,1330,2,5,2712,0,2719,G
6-NA,1331,0,2697,0,4,2701,T
6-NA,1332,1,2617,1,2,2621,T
6-NA,1333,1,0,2620,0,2621,G
6-NA,1334,1,2341,0,2,2344,T
6-NA,1335,1,2,2347,0,2350,G
6-NA,1336,0,2334,0,1,2335,T
6-NA,1337,2,2311,0,4,2317,T
6-NA,1338,0,2313,1,2,2316,T
6-NA,1339,0,2252,0,0,2252,T
6-NA,1340,0,2,2250,0,2252,G
6-NA,1341,0,2245,0,1,2246,T
6-NA,1342,1,5,2227,0,2233,G
6-NA,1343,0,0,2231,0,2231,G
6-NA,1344,3,1,0,2203,2207,C
6-NA,1345,2188,0,1,0,2189,A
6-NA,1346,4,1,0,2192,2197,C
6-NA,1347,9,0,0,2186,2195,C
6-NA,1348,0,2182,0,7,2189,T
6-NA,1349,10,0,0,2180,2190,C
6-NA,1350,2188,0,2,0,2190,A
6-NA,1351,0,7,2199,0,2206,G
6-NA,1352,0,0,2212,0,2212,G
6-NA,1353,0,2203,0,1,2204,T
6-NA,1354,2188,0,0,0,2188,A
6-NA,1355,3,1,0,2101,2105,C
6-NA,1356,2064,0,2,0,2066,A
6-NA,1357,0,2063,0,1,2064,T
6-NA,1358,2011,0,1,0,2012,A
6-NA,1359,0,2004,0,0,2004,T
6-NA,1360,1,3,1876,0,1880,G
6-NA,1361,0,6,1871,0,1877,G
6-NA,1362,1856,0,1,0,1857,A
6-NA,1363,1846,0,0,0,1846,A
6-NA,1364,0,0,0,1826,1826,C
6-NA,1365,1544,0,0,0,1544,A
6-NA,1366,1,0,1548,0,1549,G
6-NA,1367,0,2,1541,0,1543,G
6-NA,1368,1,0,0,1553,1554,C
6-NA,1369,0,1543,0,2,1545,T
6-NA,1370,8,0,0,1473,1481,C
6-NA,1371,1466,0,2,0,1468,A
6-NA,1372,0,1468,0,1,1469,T
6-NA,1373,0,2,1462,0,1464,G
6-NA,1374,1,2,1463,0,1466,G
6-NA,1375,1,0,0,1417,1418,C
6-NA,1376,4,0,0,1398,1402,C
6-NA,1377,0,1322,0,0,1322,T
6-NA,1378,0,1,1319,0,1320,G
6-NA,1379,1318,1,0,0,1319,A
6-NA,1380,0,1318,0,0,1318,T
6-NA,1381,0,4,1291,0,1295,G
6-NA,1382,1,3,1270,0,1274,G
6-NA,1383,0,6,1192,0,1198,G
6-NA,1384,1,1,1190,4,1196,G
6-NA,1385,3,1,1,1157,1162,C
6-NA,1386,1,3,1156,0,1160,G
6-NA,1387,0,1,1156,0,1157,G
6-NA,1388,1125,0,0,0,1125,A
6-NA,1389,0,0,1,1122,1123,C
6-NA,1390,1117,1,0,0,1118,A
6-NA,1391,0,1092,0,3,1095,T
6-NA,1392,8,0,0,1080,1088,C
6-NA,1393,1073,0,1,0,1074,A
6-NA,1394,1074,0,0,0,1074,A
6-NA,1395,0,1073,0,1,1074,T
6-NA,1396,2,1,0,1045,1048,C
6-NA,1397,0,1022,0,1,1023,T
6-NA,1398,8,0,0,856,864,C
6-NA,1399,860,0,0,0,860,A
6-NA,1400,0,856,0,0,856,T
6-NA,1401,1,0,855,0,856,G
6-NA,1402,1,0,0,849,850,C
6-NA,1403,1,1,0,817,819,C
6-NA,1404,1,719,0,1,721,T
6-NA,1405,713,0,0,0,713,A
6-NA,1406,1,710,0,2,713,T
6-NA,1407,693,0,1,0,694,A
6-NA,1408,0,693,0,0,693,T
6-NA,1409,635,0,0,0,635,A
6-NA,1410,602,0,0,0,602,A
7-M,1,75,0,0,0,75,A
7-M,2,0,75,0,0,75,T
7-M,3,0,0,75,0,75,G
7-M,4,77,0,0,0,77,A
7-M,5,0,0,82,0,82,G
7-M,6,0,0,0,89,89,C
7-M,7,0,0,0,93,93,C
7-M,8,0,128,0,0,128,T
7-M,9,0,129,0,0,129,T
7-M,10,1,0,0,128,129,C
7-M,11,0,131,0,0,131,T
7-M,12,133,0,0,0,133,A
7-M,13,137,0,0,0,137,A
7-M,14,0,0,0,138,138,C
7-M,15,0,0,0,138,138,C
7-M,16,0,0,138,0,138,G
7-M,17,138,0,0,0,138,A
7-M,18,0,0,140,0,140,G
7-M,19,0,0,143,0,143,G
7-M,20,0,143,0,0,143,T
7-M,21,0,0,0,143,143,C
7-M,22,0,0,144,0,144,G
7-M,23,153,0,0,0,153,A
7-M,24,155,0,0,0,155,A
7-M,25,155,1,0,0,156,A
7-M,26,0,0,0,173,173,C
7-M,27,2,0,172,0,174,G
7-M,28,0,175,0,0,175,T
7-M,29,177,0,0,0,177,A
7-M,30,0,177,0,0,177,T
7-M,31,0,0,181,0,181,G
7-M,32,0,183,0,0,183,T
7-M,33,0,212,0,0,212,T
7-M,34,0,1,0,220,221,C
7-M,35,0,220,0,1,221,T
7-M,36,1,0,0,238,239,C
7-M,37,0,239,0,0,239,T
7-M,38,0,0,0,248,248,C
7-M,39,0,247,0,0,247,T
7-M,40,250,0,0,0,250,A
7-M,41,0,249,0,0,249,T
7-M,42,1,0,0,249,250,C
7-M,43,1,0,252,0,253,G
7-M,44,0,255,0,0,255,T
7-M,45,0,255,0,0,255,T
7-M,46,0,0,0,259,259,C
7-M,47,1,0,0,269,270,C
7-M,48,270,0,0,0,270,A
7-M,49,1,272,0,0,273,T
7-M,50,0,0,0,273,273,C
7-M,51,275,0,0,0,275,A
7-M,52,0,0,277,0,277,G
7-M,53,0,1,277,0,278,G
7-M,54,0,0,0,278,278,C
7-M,55,1,0,0,278,279,C
7-M,56,1,0,0,280,281,C
7-M,57,1,0,0,296,297,C
7-M,58,0,0,0,300,300,C
7-M,59,0,300,0,1,301,T
7-M,60,1,0,0,300,301,C
7-M,61,300,0,0,0,300,A
7-M,62,298,0,0,0,298,A
7-M,63,308,0,0,0,308,A
7-M,64,0,0,313,0,313,G
7-M,65,0,1,0,312,313,C
7-M,66,1,0,0,311,312,C
7-M,67,0,1,312,0,313,G
7-M,68,312,0,1,0,313,A
7-M,69,0,1,313,0,314,G
7-M,70,320,0,0,0,320,A
7-M,71,0,318,0,1,319,T
7-M,72,1,0,0,316,317,C
7-M,73,0,1,318,0,319,G
7-M,74,0,0,0,321,321,C
7-M,75,1,0,319,0,320,G
7-M,76,1,1,0,317,319,C
7-M,77,319,0,1,0,320,A
7-M,78,0,0,325,0,325,G
7-M,79,323,0,0,0,323,A
7-M,80,0,3,346,0,349,G
7-M,81,346,0,1,0,347,A
7-M,82,0,0,0,354,354,C
7-M,83,0,353,0,1,354,T
7-M,84,0,352,0,0,352,T
7-M,85,0,0,354,0,354,G
7-M,86,353,0,0,0,353,A
7-M,87,355,0,0,0,355,A
7-M,88,0,1,354,0,355,G
7-M,89,351,0,0,0,351,A
7-M,90,0,352,0,0,352,T
7-M,91,0,0,354,0,354,G
7-M,92,0,354,0,1,355,T
7-M,93,1,0,0,355,356,C
7-M,94,0,350,0,1,351,T
7-M,95,0,353,0,0,353,T
7-M,96,0,353,0,0,353,T
7-M,97,0,0,352,0,352,G
7-M,98,0,0,0,352,352,C
7-M,99,0,351,0,0,351,T
7-M,100,0,0,351,0,351,G
7-M,101,0,1,350,0,351,G
7-M,102,0,1,358,0,359,G
7-M,103,359,1,1,0,361,A
7-M,104,362,0,0,0,362,A
7-M,105,364,0,0,0,364,A
7-M,106,366,1,0,0,367,A
7-M,107,370,0,0,0,370,A
7-M,108,1,0,0,370,371,C
7-M,109,370,0,0,0,370,A
7-M,110,0,1,0,369,370,C
7-M,111,371,0,0,0,371,A
7-M,112,0,1,379,0,380,G
7-M,113,385,0,0,0,385,A
7-M,114,0,386,0,0,386,T
7-M,115,3,0,0,383,386,C
7-M,116,0,387,0,0,387,T
7-M,117,0,384,0,0,384,T
7-M,118,0,2,383,0,385,G
7-M,119,383,0,1,0,384,A
7-M,120,0,2,381,0,383,G
7-M,121,0,0,387,0,387,G
7-M,122,0,0,0,387,387,C
7-M,123,0,385,0,1,386,T
7-M,124,1,0,0,420,421,C
7-M,125,0,421,0,0,421,T
7-M,126,3,0,0,418,421,C
7-M,127,420,0,0,0,420,A
7-M,128,0,422,0,0,422,T
7-M,129,0,1,423,0,424,G
7-M,130,0,3,426,0,429,G
7-M,131,423,0,1,0,424,A
7-M,132,422,0,1,0,423,A
7-M,133,0,404,0,0,404,T
7-M,134,1,1,419,0,421,G
7-M,135,2,0,434,0,436,G
7-M,136,0,0,0,438,438,C
7-M,137,0,438,0,0,438,T
7-M,138,439,0,0,0,439,A
7-M,139,436,0,0,0,436,A
7-M,140,440,0,1,0,441,A
7-M,141,0,1,447,0,448,G
7-M,142,447,0,0,0,447,A
7-M,143,0,0,0,443,443,C
7-M,144,431,0,0,0,431,A
7-M,145,429,0,0,0,429,A
7-M,146,0,1,440,0,441,G
7-M,147,440,0,0,0,440,A
7-M,148,0,0,0,445,445,C
7-M,149,1,0,0,443,444,C
7-M,150,443,0,0,0,443,A
7-M,151,448,0,0,0,448,A
7-M,152,0,447,0,0,447,T
7-M,153,0,450,0,0,450,T
7-M,154,1,0,0,454,455,C
7-M,155,0,454,0,0,454,T
7-M,156,0,0,454,0,454,G
7-M,157,0,457,0,0,457,T
7-M,158,2,0,0,453,455,C
7-M,159,458,0,0,0,458,A
7-M,160,0,0,0,468,468,C
7-M,161,1,0,0,468,469,C
7-M,162,0,468,0,0,468,T
7-M,163,1,0,0,473,474,C
7-M,164,0,475,0,0,475,T
7-M,165,0,1,489,0,490,G
7-M,166,489,0,0,0,489,A
7-M,167,0,0,0,492,492,C
7-M,168,0,487,0,0,487,T
7-M,169,481,0,0,0,481,A
7-M,170,483,0,0,0,483,A
7-M,171,0,1,484,0,485,G
7-M,172,0,1,485,0,486,G
7-M,173,0,0,484,0,484,G
7-M,174,0,5,481,1,487,G
7-M,175,490,0,0,0,490,A
7-M,176,0,491,0,0,491,T
7-M,177,0,491,0,0,491,T
7-M,178,0,493,0,0,493,T
7-M,179,0,492,0,0,492,T
7-M,180,0,1,491,0,492,G
7-M,181,1,6,485,0,492,G
7-M,182,0,1,493,0,494,G
7-M,183,0,0,497,0,497,G
7-M,184,0,495,0,0,495,T
7-M,185,0,492,0,0,492,T
7-M,186,0,490,0,0,490,T
7-M,187,0,0,502,0,502,G
7-M,188,0,504,0,1,505,T
7-M,189,1,1,505,0,507,G
7-M,190,0,508,0,0,508,T
7-M,191,0,507,0,1,508,T
7-M,192,2,0,0,508,510,C
7-M,193,511,0,0,0,511,A
7-M,194,0,0,0,519,519,C
7-M,195,0,0,517,0,517,G
7-M,196,0,1,0,512,513,C
7-M,197,0,510,0,0,510,T
7-M,198,4,0,0,526,530,C
7-M,199,530,1,0,0,531,A
7-M,200,0,0,0,541,541,C
7-M,201,4,0,0,534,538,C
7-M,202,1,0,539,0,540,G
7-M,203,0,544,0,1,545,T
7-M,204,0,1,544,0,545,G
7-M,205,0,0,0,544,544,C
7-M,206,1,0,0,544,545,C
7-M,207,2,0,0,548,550,C
7-M,208,540,0,0,0,540,A
7-M,209,0,0,547,0,547,G
7-M,210,0,548,0,0,548,T
7-M,211,0,3,549,0,552,G
7-M,212,554,0,0,0,554,A
7-M,213,0,0,557,0,557,G
7-M,214,0,0,0,554,554,C
7-M,215,1,0,557,0,558,G
7-M,216,557,0,0,0,557,A
7-M,217,0,2,559,0,561,G
7-M,218,1,3,562,0,566,G
7-M,219,558,0,0,0,558,A
7-M,220,1,0,0,569,570,C
7-M,221,0,562,0,0,562,T
7-M,222,0,1,566,0,567,G
7-M,223,0,0,0,567,567,C
7-M,224,567,0,0,0,567,A
7-M,225,0,0,569,0,569,G
7-M,226,1,1,0,568,570,C
7-M,227,2,0,572,0,574,G
7-M,228,0,575,0,0,575,T
7-M,229,568,0,0,0,568,A
7-M,230,0,2,571,0,573,G
7-M,231,569,0,0,0,569,A
7-M,232,0,0,0,572,572,C
7-M,233,0,0,576,1,577,G
7-M,234,1,0,0,570,571,C
7-M,235,0,569,0,0,569,T
7-M,236,0,569,0,1,570,T
7-M,237,0,571,0,0,571,T
7-M,238,0,1,583,0,584,G
7-M,239,0,583,0,1,584,T
7-M,240,0,0,0,585,585,C
7-M,241,2,0,0,581,583,C
7-M,242,580,0,0,0,580,A
7-M,243,580,0,0,0,580,A
7-M,244,583,0,0,0,583,A
7-M,245,583,0,0,0,583,A
7-M,246,0,584,0,0,584,T
7-M,247,0,1,574,1,576,G
7-M,248,0,1,0,575,576,C
7-M,249,4,0,0,572,576,C
7-M,250,3,0,0,575,578,C
7-M,251,0,584,0,0,584,T
7-M,252,2,0,0,604,606,C
7-M,253,607,0,0,0,607,A
7-M,254,609,0,0,0,609,A
7-M,255,0,611,0,0,611,T
7-M,256,0,1,616,1,618,G
7-M,257,0,0,623,0,623,G
7-M,258,1,1,629,0,631,G
7-M,259,631,0,1,0,632,A
7-M,260,634,0,2,0,636,A
7-M,261,0,627,0,0,627,T
7-M,262,1,2,624,0,627,G
7-M,263,0,1,626,0,627,G
7-M,264,623,0,1,0,624,A
7-M,265,0,6,614,0,620,G
7-M,266,621,0,0,0,621,A
7-M,267,0,0,0,611,611,C
7-M,268,2,0,0,632,634,C
7-M,269,1,0,0,640,641,C
7-M,270,650,0,2,0,652,A
7-M,271,650,0,0,0,650,A
7-M,272,648,0,1,0,649,A
7-M,273,0,650,0,0,650,T
7-M,274,661,0,0,0,661,A
7-M,275,663,0,1,0,664,A
7-M,276,0,0,0,655,655,C
7-M,277,652,0,0,0,652,A
7-M,278,0,651,0,0,651,T
7-M,279,0,2,651,0,653,G
7-M,280,0,3,653,0,656,G
7-M,281,658,0,0,0,658,A
7-M,282,0,0,0,658,658,C
7-M,283,638,0,0,0,638,A
7-M,284,642,0,0,0,642,A
7-M,285,637,0,1,0,638,A
7-M,286,0,0,644,0,644,G
7-M,287,1,0,0,656,657,C
7-M,288,648,0,0,0,648,A
7-M,289,0,1,655,0,656,G
7-M,290,0,651,0,2,653,T
7-M,291,0,655,0,0,655,T
7-M,292,664,0,0,0,664,A
7-M,293,664,0,0,0,664,A
7-M,294,666,0,1,0,667,A
7-M,295,2,0,0,672,674,C
7-M,296,0,648,0,1,649,T
7-M,297,0,2,691,0,693,G
7-M,298,0,688,0,0,688,T
7-M,299,692,0,0,0,692,A
7-M,300,0,692,0,1,693,T
7-M,301,686,0,0,0,686,A
7-M,302,0,0,684,0,684,G
7-M,303,650,0,1,0,651,A
7-M,304,657,0,0,0,657,A
7-M,305,652,0,1,0,653,A
7-M,306,665,0,0,0,665,A
7-M,307,0,0,0,674,674,C
7-M,308,0,669,0,0,669,T
7-M,309,0,671,0,0,671,T
7-M,310,671,0,0,0,671,A
7-M,311,666,0,0,0,666,A
7-M,312,0,3,662,0,665,G
7-M,313,663,0,0,0,663,A
7-M,314,0,2,667,0,669,G
7-M,315,0,2,672,0,674,G
7-M,316,0,1,672,0,673,G
7-M,317,682,0,1,0,683,A
7-M,318,0,1,692,0,693,G
7-M,319,695,0,0,0,695,A
7-M,320,0,696,0,0,696,T
7-M,321,691,0,1,0,692,A
7-M,322,694,0,0,1,695,A
7-M,323,1,0,0,695,696,C
7-M,324,1,1,697,0,699,G
7-M,325,0,697,0,0,697,T
7-M,326,0,696,0,1,697,T
7-M,327,1,0,0,706,707,C
7-M,328,2,2,0,701,705,C
7-M,329,701,0,2,0,703,A
7-M,330,0,703,0,0,703,T
7-M,331,0,5,696,0,701,G
7-M,332,1,2,697,0,700,G
7-M,333,1,1,697,0,699,G
7-M,334,1,0,703,0,704,G
7-M,335,0,0,0,699,699,C
7-M,336,3,0,0,692,695,C
7-M,337,700,0,0,0,700,A
7-M,338,702,0,0,0,702,A
7-M,339,702,0,0,0,702,A
7-M,340,0,2,706,0,708,G
7-M,341,716,0,0,0,716,A
7-M,342,706,0,0,0,706,A
7-M,343,708,0,0,0,708,A
7-M,344,0,705,0,0,705,T
7-M,345,704,0,0,0,704,A
7-M,346,1,0,706,0,707,G
7-M,347,0,0,0,708,708,C
7-M,348,0,700,0,1,701,T
7-M,349,3,0,0,703,706,C
7-M,350,0,705,0,0,705,T
7-M,351,1,0,1,725,727,C
7-M,352,728,0,0,0,728,A
7-M,353,0,2,725,0,727,G
7-M,354,1,717,0,0,718,T
7-M,355,0,725,0,0,725,T
7-M,356,732,0,0,0,732,A
7-M,357,0,735,0,0,735,T
7-M,358,0,727,0,0,727,T
7-M,359,1,0,0,730,731,C
7-M,360,0,709,0,0,709,T
7-M,361,1,1,718,0,720,G
7-M,362,0,0,0,720,720,C
7-M,363,0,713,0,1,714,T
7-M,364,0,5,709,0,714,G
7-M,365,0,2,713,0,715,G
7-M,366,1,713,0,0,714,T
7-M,367,0,2,715,0,717,G
7-M,368,2,0,0,712,714,C
7-M,369,715,0,1,0,716,A
7-M,370,0,0,0,717,717,C
7-M,371,1,704,0,0,705,T
7-M,372,0,709,0,0,709,T
7-M,373,1,1,708,0,710,G
7-M,374,0,0,0,710,710,C
7-M,375,3,2,1,708,714,C
7-M,376,714,0,0,0,714,A
7-M,377,0,0,717,0,717,G
7-M,378,0,718,0,0,718,T
7-M,379,0,715,0,0,715,T
7-M,380,0,2,717,0,719,G
7-M,381,0,0,0,704,704,C
7-M,382,707,0,0,0,707,A
7-M,383,0,703,0,0,703,T
7-M,384,0,2,701,0,703,G
7-M,385,0,2,710,0,712,G
7-M,386,0,0,713,0,713,G
7-M,387,1,0,0,712,713,C
7-M,388,3,0,0,730,733,C
7-M,389,0,730,0,0,730,T
7-M,390,1,0,0,741,742,C
7-M,391,772,0,0,0,772,A
7-M,392,0,771,0,0,771,T
7-M,393,791,0,0,0,791,A
7-M,394,0,779,0,0,779,T
7-M,395,770,0,0,0,770,A
7-M,396,0,0,0,809,809,C
7-M,397,784,1,0,0,785,A
7-M,398,788,0,0,0,788,A
7-M,399,0,783,0,1,784,T
7-M,400,756,0,0,0,756,A
7-M,401,0,2,758,0,760,G
7-M,402,0,0,750,0,750,G
7-M,403,749,0,0,0,749,A
7-M,404,0,748,0,0,748,T
7-M,405,0,5,708,0,713,G
7-M,406,0,4,705,0,709,G
7-M,407,0,2,705,1,708,G
7-M,408,1,0,713,0,714,G
7-M,409,2,3,705,0,710,G
7-M,410,0,0,0,711,711,C
7-M,411,0,697,0,1,698,T
7-M,412,1,1,698,1,701,G
7-M,413,0,700,0,0,700,T
7-M,414,700,0,0,0,700,A
7-M,415,698,1,0,0,699,A
7-M,416,0,0,0,706,706,C
7-M,417,2,0,0,701,703,C
7-M,418,697,0,0,0,697,A
7-M,419,0,0,0,698,698,C
7-M,420,0,699,0,0,699,T
7-M,421,0,0,707,0,707,G
7-M,422,704,1,0,0,705,A
7-M,423,705,0,1,0,706,A
7-M,424,0,0,709,0,709,G
7-M,425,0,692,0,2,694,T
7-M,426,0,1,695,0,696,G
7-M,427,1,2,696,0,699,G
7-M,428,0,0,0,697,697,C
7-M,429,699,0,0,0,699,A
7-M,430,0,693,0,0,693,T
7-M,431,0,693,0,0,693,T
7-M,432,0,691,0,0,691,T
7-M,433,0,2,696,0,698,G
7-M,434,0,0,696,0,696,G
7-M,435,2,0,0,693,695,C
7-M,436,1,0,0,691,692,C
7-M,437,0,687,0,1,688,T
7-M,438,1,0,705,0,706,G
7-M,439,0,0,709,0,709,G
7-M,440,0,708,0,0,708,T
7-M,441,712,0,0,0,712,A
7-M,442,0,681,0,2,683,T
7-M,443,0,0,698,0,698,G
7-M,444,0,698,0,1,699,T
7-M,445,3,0,695,0,698,G
7-M,446,0,2,0,697,699,C
7-M,447,680,1,0,0,681,A
7-M,448,680,0,0,0,680,A
7-M,449,2,0,0,678,680,C
7-M,450,677,0,0,0,677,A
7-M,451,0,679,0,0,679,T
7-M,452,0,1,669,0,670,G
7-M,453,0,659,0,0,659,T
7-M,454,0,4,654,0,658,G
7-M,455,654,0,0,0,654,A
7-M,456,0,0,656,0,656,G
7-M,457,2,0,0,649,651,C
7-M,458,636,0,0,0,636,A
7-M,459,0,0,645,0,645,G
7-M,460,640,0,1,0,641,A
7-M,461,0,644,0,0,644,T
7-M,462,0,639,0,2,641,T
7-M,463,1,0,645,0,646,G
7-M,464,0,0,0,647,647,C
7-M,465,0,640,0,4,644,T
7-M,466,0,2,641,0,643,G
7-M,467,646,0,0,0,646,A
7-M,468,2,0,0,680,682,C
7-M,469,0,684,0,0,684,T
7-M,470,5,0,0,674,679,C
7-M,471,3,0,0,677,680,C
7-M,472,2,0,0,685,687,C
7-M,473,686,0,0,0,686,A
7-M,474,1,1,692,0,694,G
7-M,475,1,0,0,692,693,C
7-M,476,692,0,0,0,692,A
7-M,477,1,0,0,691,692,C
7-M,478,644,0,0,0,644,A
7-M,479,0,3,653,0,656,G
7-M,480,0,2,655,0,657,G
7-M,481,0,649,0,4,653,T
7-M,482,2,1,0,658,661,C
7-M,483,0,655,0,1,656,T
7-M,484,3,0,0,659,662,C
7-M,485,660,0,1,0,661,A
7-M,486,0,663,0,0,663,T
7-M,487,660,0,1,0,661,A
7-M,488,0,1,651,0,652,G
7-M,489,0,0,647,0,647,G
7-M,490,1,1,0,647,649,C
7-M,491,625,0,1,0,626,A
7-M,492,0,0,622,0,622,G
7-M,493,623,0,1,0,624,A
7-M,494,0,623,0,0,623,T
7-M,495,0,0,623,0,623,G
7-M,496,0,4,618,0,622,G
7-M,497,0,614,0,1,615,T
7-M,498,1,2,614,0,617,G
7-M,499,0,0,620,0,620,G
7-M,500,1,0,0,621,622,C
7-M,501,614,1,0,0,615,A
7-M,502,614,0,1,1,616,A
7-M,503,1,0,0,622,623,C
7-M,504,621,0,0,1,622,A
7-M,505,622,0,0,0,622,A
7-M,506,0,0,0,623,623,C
7-M,507,4,0,0,616,620,C
7-M,508,615,0,0,1,616,A
7-M,509,624,0,0,0,624,A
7-M,510,0,627,0,0,627,T
7-M,511,1,0,0,627,628,C
7-M,512,1,0,0,618,619,C
7-M,513,614,0,0,1,615,A
7-M,514,0,614,0,1,615,T
7-M,515,0,615,0,0,615,T
7-M,516,616,0,0,0,616,A
7-M,517,617,0,0,0,617,A
7-M,518,0,618,0,0,618,T
7-M,519,612,0,1,0,613,A
7-M,520,611,1,0,0,612,A
7-M,521,607,0,0,0,607,A
7-M,522,607,0,0,0,607,A
7-M,523,1,0,0,617,618,C
7-M,524,620,0,0,0,620,A
7-M,525,0,620,0,0,620,T
7-M,526,0,5,615,0,620,G
7-M,527,619,0,2,0,621,A
7-M,528,0,5,625,0,630,G
7-M,529,630,0,0,0,630,A
7-M,530,629,0,1,0,630,A
7-M,531,0,0,0,633,633,C
7-M,532,616,0,0,0,616,A
7-M,533,1,0,626,0,627,G
7-M,534,623,0,1,0,624,A
7-M,535,624,0,1,0,625,A
7-M,536,0,625,0,0,625,T
7-M,537,0,3,621,0,624,G
7-M,538,0,0,625,0,625,G
7-M,539,0,621,0,0,621,T
7-M,540,0,606,0,0,606,T
7-M,541,0,619,0,0,619,T
7-M,542,0,623,0,0,623,T
7-M,543,0,1,630,0,631,G
7-M,544,0,0,631,0,631,G
7-M,545,0,0,1,630,631,C
7-M,546,0,0,0,633,633,C
7-M,547,612,0,0,0,612,A
7-M,548,0,0,632,0,632,G
7-M,549,0,0,0,631,631,C
7-M,550,634,1,1,0,636,A
7-M,551,1,1,0,649,651,C
7-M,552,0,642,0,1,643,T
7-M,553,647,0,1,0,648,A
7-M,554,1,0,0,648,649,C
7-M,555,657,1,1,0,659,A
7-M,556,0,1,671,0,672,G
7-M,557,0,0,0,655,655,C
7-M,558,0,644,0,0,644,T
7-M,559,645,0,0,0,645,A
7-M,560,632,0,3,0,635,A
7-M,561,0,0,646,0,646,G
7-M,562,3,0,645,0,648,G
7-M,563,0,0,0,646,646,C
7-M,564,0,622,0,0,622,T
7-M,565,623,0,0,0,623,A
7-M,566,0,622,0,0,622,T
7-M,567,0,1,621,0,622,G
7-M,568,0,5,624,0,629,G
7-M,569,608,1,3,0,612,A
7-M,570,0,1,615,0,616,G
7-M,571,0,0,0,606,606,C
7-M,572,601,0,0,0,601,A
7-M,573,601,0,0,0,601,A
7-M,574,592,0,0,1,593,A
7-M,575,0,601,0,0,601,T
7-M,576,1,3,596,0,600,G
7-M,577,0,1,598,0,599,G
7-M,578,0,0,0,599,599,C
7-M,579,0,592,0,1,593,T
7-M,580,0,1,594,0,595,G
7-M,581,0,2,602,0,604,G
7-M,582,606,0,0,0,606,A
7-M,583,0,606,0,1,607,T
7-M,584,3,0,0,603,606,C
7-M,585,599,1,0,1,601,A
7-M,586,607,0,1,0,608,A
7-M,587,0,0,608,0,608,G
7-M,588,0,607,0,0,607,T
7-M,589,0,3,604,1,608,G
7-M,590,594,0,0,0,594,A
7-M,591,0,0,599,0,599,G
7-M,592,2,0,0,597,599,C
7-M,593,594,0,0,0,594,A
7-M,594,0,1,600,0,601,G
7-M,595,0,0,599,0,599,G
7-M,596,1,0,0,602,603,C
7-M,597,598,0,0,0,598,A
7-M,598,0,0,605,0,605,G
7-M,599,0,2,0,600,602,C
7-M,600,2,0,600,0,602,G
7-M,601,0,0,601,0,601,G
7-M,602,602,0,0,0,602,A
7-M,603,1,1,609,0,611,G
7-M,604,0,0,610,0,610,G
7-M,605,0,2,0,609,611,C
7-M,606,1,0,0,615,616,C
7-M,607,612,0,1,0,613,A
7-M,608,0,612,0,0,612,T
7-M,609,0,0,616,0,616,G
7-M,610,0,1,618,0,619,G
7-M,611,618,0,0,0,618,A
7-M,612,0,1,619,0,620,G
7-M,613,602,0,0,0,602,A
7-M,614,0,626,0,0,626,T
7-M,615,1,623,0,0,624,T
7-M,616,0,0,624,0,624,G
7-M,617,1,0,0,621,622,C
7-M,618,1,619,0,0,620,T
7-M,619,622,0,0,0,622,A
7-M,620,1,0,622,0,623,G
7-M,621,0,618,0,0,618,T
7-M,622,5,1,0,611,617,C
7-M,623,603,0,0,0,603,A
7-M,624,0,1,613,0,614,G
7-M,625,0,2,612,0,614,G
7-M,626,1,0,0,612,613,C
7-M,627,1,0,0,613,614,C
7-M,628,608,0,0,0,608,A
7-M,629,0,1,610,1,612,G
7-M,630,0,1,614,0,615,G
7-M,631,0,0,0,618,618,C
7-M,632,618,0,0,0,618,A
7-M,633,0,0,617,0,617,G
7-M,634,615,0,0,0,615,A
7-M,635,0,612,0,1,613,T
7-M,636,1,1,613,0,615,G
7-M,637,0,2,629,0,631,G
7-M,638,0,623,0,0,623,T
7-M,639,0,0,622,0,622,G
7-M,640,1,0,0,622,623,C
7-M,641,615,0,4,0,619,A
7-M,642,0,1,624,0,625,G
7-M,643,0,0,623,0,623,G
7-M,644,2,0,0,624,626,C
7-M,645,624,1,1,0,626,A
7-M,646,614,0,0,0,614,A
7-M,647,0,610,0,0,610,T
7-M,648,0,1,609,1,611,G
7-M,649,611,0,0,0,611,A
7-M,650,0,1,610,0,611,G
7-M,651,597,0,2,0,599,A
7-M,652,0,0,601,0,601,G
7-M,653,0,1,0,606,607,C
7-M,654,1,1,0,607,609,C
7-M,655,616,0,0,0,616,A
7-M,656,0,612,0,0,612,T
7-M,657,0,612,0,0,612,T
7-M,658,0,2,610,0,612,G
7-M,659,0,2,602,1,605,G
7-M,660,0,4,607,0,611,G
7-M,661,612,0,0,0,612,A
7-M,662,0,0,0,609,609,C
7-M,663,0,582,0,0,582,T
7-M,664,3,1,0,576,580,C
7-M,665,588,0,0,0,588,A
7-M,666,0,600,0,0,600,T
7-M,667,2,0,0,600,602,C
7-M,668,2,0,0,601,603,C
7-M,669,0,601,0,0,601,T
7-M,670,602,0,0,0,602,A
7-M,671,0,1,611,0,612,G
7-M,672,0,670,0,0,670,T
7-M,673,0,664,0,0,664,T
7-M,674,3,0,0,659,662,C
7-M,675,1,1,0,653,655,C
7-M,676,644,0,2,0,646,A
7-M,677,0,1,659,0,660,G
7-M,678,0,661,0,0,661,T
7-M,679,660,0,0,0,660,A
7-M,680,2,0,0,656,658,C
7-M,681,0,574,0,2,576,T
7-M,682,0,2,592,0,594,G
7-M,683,0,3,608,0,611,G
7-M,684,0,608,0,0,608,T
7-M,685,1,0,0,608,609,C
7-M,686,0,600,0,0,600,T
7-M,687,601,0,1,0,602,A
7-M,688,597,1,1,0,599,A
7-M,689,0,2,601,0,603,G
7-M,690,604,0,0,0,604,A
7-M,691,0,1,596,0,597,G
7-M,692,567,0,0,0,567,A
7-M,693,0,567,0,0,567,T
7-M,694,0,4,562,0,566,G
7-M,695,563,0,1,0,564,A
7-M,696,0,566,0,1,567,T
7-M,697,1,0,0,564,565,C
7-M,698,0,557,0,1,558,T
7-M,699,0,558,0,0,558,T
7-M,700,0,0,0,559,559,C
7-M,701,0,558,0,1,559,T
7-M,702,0,560,0,0,560,T
7-M,703,0,1,559,0,560,G
7-M,704,559,0,0,0,559,A
7-M,705,558,0,0,0,558,A
7-M,706,558,0,0,0,558,A
7-M,707,558,0,0,0,558,A
7-M,708,0,560,0,0,560,T
7-M,709,0,567,0,0,567,T
7-M,710,0,565,0,0,565,T
7-M,711,0,0,566,0,566,G
7-M,712,0,0,0,565,565,C
7-M,713,559,1,2,0,562,A
7-M,714,0,5,558,0,563,G
7-M,715,565,0,0,0,565,A
7-M,716,1,0,0,572,573,C
7-M,717,1,0,0,570,571,C
7-M,718,0,571,0,1,572,T
7-M,719,577,0,0,0,577,A
7-M,720,0,579,0,0,579,T
7-M,721,2,0,0,578,580,C
7-M,722,581,0,0,0,581,A
7-M,723,0,0,582,0,582,G
7-M,724,577,1,0,0,578,A
7-M,725,565,0,0,0,565,A
7-M,726,569,0,0,0,569,A
7-M,727,3,0,0,556,559,C
7-M,728,0,1,561,0,562,G
7-M,729,558,0,0,0,558,A
7-M,730,554,0,2,0,556,A
7-M,731,1,558,0,0,559,T
7-M,732,0,0,559,0,559,G
7-M,733,0,6,555,0,561,G
7-M,734,0,3,561,0,564,G
7-M,735,0,1,564,0,565,G
7-M,736,0,0,566,1,567,G
7-M,737,0,555,0,2,557,T
7-M,738,1,1,555,0,557,G
7-M,739,0,0,0,559,559,C
7-M,740,555,0,0,0,555,A
7-M,741,0,0,557,0,557,G
7-M,742,548,1,0,0,549,A
7-M,743,1,544,0,1,546,T
7-M,744,0,0,548,0,548,G
7-M,745,0,0,0,545,545,C
7-M,746,544,0,1,0,545,A
7-M,747,542,0,0,0,542,A
7-M,748,1,0,0,541,542,C
7-M,749,0,1,547,0,548,G
7-M,750,550,0,0,0,550,A
7-M,751,0,551,1,0,552,T
7-M,752,0,551,0,0,551,T
7-M,753,1,0,0,557,558,C
7-M,754,555,0,0,0,555,A
7-M,755,555,0,0,0,555,A
7-M,756,0,4,553,0,557,G
7-M,757,0,550,0,0,550,T
7-M,758,0,4,544,0,548,G
7-M,759,541,0,0,0,541,A
7-M,760,0,0,0,543,543,C
7-M,761,1,0,0,542,543,C
7-M,762,0,0,0,541,541,C
7-M,763,1,2,537,0,540,G
7-M,764,0,0,0,539,539,C
7-M,765,0,540,0,0,540,T
7-M,766,0,541,0,0,541,T
7-M,767,0,0,542,0,542,G
7-M,768,0,544,0,0,544,T
7-M,769,0,542,0,1,543,T
7-M,770,2,0,539,0,541,G
7-M,771,0,530,0,0,530,T
7-M,772,0,526,0,0,526,T
7-M,773,1,0,525,0,526,G
7-M,774,0,0,0,522,522,C
7-M,775,2,0,0,516,518,C
7-M,776,0,0,523,0,523,G
7-M,777,2,0,1,520,523,C
7-M,778,0,0,525,0,525,G
7-M,779,523,0,0,0,523,A
7-M,780,524,0,1,0,525,A
7-M,781,0,527,0,0,527,T
7-M,782,525,0,0,0,525,A
7-M,783,0,530,0,0,530,T
7-M,784,1,0,0,534,535,C
7-M,785,538,0,0,0,538,A
7-M,786,0,536,0,0,536,T
7-M,787,0,533,0,0,533,T
7-M,788,1,4,530,0,535,G
7-M,789,0,2,527,0,529,G
7-M,790,0,0,531,0,531,G
7-M,791,526,0,1,0,527,A
7-M,792,0,523,0,1,524,T
7-M,793,3,0,0,509,512,C
7-M,794,1,502,0,1,504,T
7-M,795,0,501,0,1,502,T
7-M,796,0,0,509,0,509,G
7-M,797,3,1,0,505,509,C
7-M,798,510,0,0,0,510,A
7-M,799,0,0,0,512,512,C
7-M,800,0,504,0,1,505,T
7-M,801,0,505,0,0,505,T
7-M,802,0,0,505,0,505,G
7-M,803,501,1,1,0,503,A
7-M,804,0,504,0,1,505,T
7-M,805,491,0,0,0,491,A
7-M,806,0,491,0,0,491,T
7-M,807,0,487,0,0,487,T
7-M,808,0,1,487,0,488,G
7-M,809,1,485,0,0,486,T
7-M,810,0,2,476,0,478,G
7-M,811,0,0,479,0,479,G
7-M,812,473,0,0,0,473,A
7-M,813,0,473,0,0,473,T
7-M,814,1,466,0,0,467,T
7-M,815,1,0,0,466,467,C
7-M,816,0,466,0,0,466,T
7-M,817,0,461,0,1,462,T
7-M,818,0,5,458,0,463,G
7-M,819,457,0,0,0,457,A
7-M,820,0,456,0,1,457,T
7-M,821,3,0,0,451,454,C
7-M,822,0,0,452,0,452,G
7-M,823,0,452,0,0,452,T
7-M,824,0,0,0,449,449,C
7-M,825,0,448,0,3,451,T
7-M,826,0,451,0,0,451,T
7-M,827,0,449,1,1,451,T
7-M,828,0,453,0,0,453,T
7-M,829,0,452,0,1,453,T
7-M,830,0,454,0,0,454,T
7-M,831,0,452,0,0,452,T
7-M,832,1,0,0,451,452,C
7-M,833,449,1,0,1,451,A
7-M,834,451,0,1,0,452,A
7-M,835,451,0,1,0,452,A
7-M,836,0,450,0,0,450,T
7-M,837,0,0,453,0,453,G
7-M,838,1,0,0,445,446,C
7-M,839,0,0,448,0,448,G
7-M,840,0,456,0,1,457,T
7-M,841,1,0,0,455,456,C
7-M,842,1,455,0,2,458,T
7-M,843,457,0,0,0,457,A
7-M,844,0,457,0,0,457,T
7-M,845,1,0,0,454,455,C
7-M,846,0,2,452,0,454,G
7-M,847,451,0,0,0,451,A
7-M,848,0,0,0,451,451,C
7-M,849,0,437,0,0,437,T
7-M,850,1,0,0,443,444,C
7-M,851,0,443,0,1,444,T
7-M,852,0,441,0,2,443,T
7-M,853,2,1,0,442,445,C
7-M,854,444,0,0,0,444,A
7-M,855,444,0,1,0,445,A
7-M,856,444,0,0,0,444,A
7-M,857,0,1,0,441,442,C
7-M,858,442,0,0,0,442,A
7-M,859,1,0,0,423,424,C
7-M,860,0,1,421,0,422,G
7-M,861,0,0,436,0,436,G
7-M,862,0,6,0,428,434,C
7-M,863,3,0,0,431,434,C
7-M,864,0,432,0,0,432,T
7-M,865,0,433,0,0,433,T
7-M,866,434,0,0,0,434,A
7-M,867,435,0,0,0,435,A
7-M,868,435,0,0,0,435,A
7-M,869,434,1,0,0,435,A
7-M,870,0,0,432,0,432,G
7-M,871,366,0,0,0,366,A
7-M,872,0,0,366,0,366,G
7-M,873,0,0,367,0,367,G
7-M,874,0,0,0,366,366,C
7-M,875,1,0,0,363,364,C
7-M,876,2,0,1,364,367,C
7-M,877,0,366,0,0,366,T
7-M,878,0,368,0,0,368,T
7-M,879,0,0,0,372,372,C
7-M,880,0,371,0,0,371,T
7-M,881,371,0,0,0,371,A
7-M,882,1,0,0,370,371,C
7-M,883,0,1,364,0,365,G
7-M,884,0,0,366,0,366,G
7-M,885,353,0,0,0,353,A
7-M,886,353,0,0,0,353,A
7-M,887,0,1,347,0,348,G
7-M,888,0,4,342,0,346,G
7-M,889,340,0,1,0,341,A
7-M,890,0,1,340,0,341,G
7-M,891,0,342,0,0,342,T
7-M,892,343,0,4,0,347,A
7-M,893,1,0,0,345,346,C
7-M,894,3,0,0,341,344,C
7-M,895,1,341,0,0,342,T
7-M,896,0,0,345,0,345,G
7-M,897,323,0,0,0,323,A
7-M,898,0,0,335,0,335,G
7-M,899,0,317,0,0,317,T
7-M,900,1,0,0,316,317,C
7-M,901,0,309,0,0,309,T
7-M,902,310,0,0,0,310,A
7-M,903,0,309,0,0,309,T
7-M,904,0,1,307,1,309,G
7-M,905,299,0,0,0,299,A
7-M,906,0,1,298,0,299,G
7-M,907,0,2,281,0,283,G
7-M,908,0,0,286,0,286,G
7-M,909,284,0,0,0,284,A
7-M,910,283,0,0,0,283,A
7-M,911,0,2,280,0,282,G
7-M,912,279,0,0,0,279,A
7-M,913,278,0,0,0,278,A
7-M,914,0,275,0,0,275,T
7-M,915,266,0,0,0,266,A
7-M,916,0,256,0,7,263,T
7-M,917,2,0,0,255,257,C
7-M,918,1,2,254,0,257,G
7-M,919,257,0,0,0,257,A
7-M,920,252,0,0,0,252,A
7-M,921,254,0,0,0,254,A
7-M,922,0,1,252,0,253,G
7-M,923,0,1,252,0,253,G
7-M,924,250,0,1,0,251,A
7-M,925,250,0,0,0,250,A
7-M,926,0,0,0,252,252,C
7-M,927,248,0,0,0,248,A
7-M,928,0,0,251,0,251,G
7-M,929,0,0,0,251,251,C
7-M,930,250,0,0,0,250,A
7-M,931,0,1,249,0,250,G
7-M,932,230,0,0,0,230,A
7-M,933,230,0,1,0,231,A
7-M,934,0,229,0,0,229,T
7-M,935,0,0,225,0,225,G
7-M,936,0,0,0,225,225,C
7-M,937,0,206,0,0,206,T
7-M,938,0,1,205,0,206,G
7-M,939,0,204,0,0,204,T
7-M,940,0,1,203,0,204,G
7-M,941,0,1,203,0,204,G
7-M,942,192,0,0,0,192,A
7-M,943,0,191,0,0,191,T
7-M,944,0,0,181,0,181,G
7-M,945,0,0,0,179,179,C
7-M,946,0,175,0,0,175,T
7-M,947,0,0,173,0,173,G
7-M,948,172,0,0,0,172,A
7-M,949,1,0,0,171,172,C
7-M,950,0,0,172,0,172,G
7-M,951,170,0,1,0,171,A
7-M,952,0,0,0,171,171,C
7-M,953,166,0,0,0,166,A
7-M,954,0,1,165,0,166,G
7-M,955,0,163,0,1,164,T
7-M,956,3,0,0,162,165,C
7-M,957,164,0,0,0,164,A
7-M,958,0,164,0,0,164,T
7-M,959,0,164,0,0,164,T
7-M,960,0,163,0,0,163,T
7-M,961,0,159,0,0,159,T
7-M,962,0,0,159,0,159,G
7-M,963,0,155,0,0,155,T
7-M,964,4,0,0,151,155,C
7-M,965,149,0,0,0,149,A
7-M,966,0,0,148,0,148,G
7-M,967,1,0,0,147,148,C
7-M,968,148,0,0,0,148,A
7-M,969,0,148,0,0,148,T
7-M,970,139,0,0,0,139,A
7-M,971,0,0,139,0,139,G
7-M,972,133,0,0,0,133,A
7-M,973,0,0,132,0,132,G
7-M,974,0,131,0,0,131,T
7-M,975,0,89,0,0,89,T
7-M,976,0,1,87,0,88,G
7-M,977,0,0,88,0,88,G
7-M,978,87,0,0,0,87,A
7-M,979,0,0,87,0,87,G
7-M,980,0,70,0,0,70,T
7-M,981,66,0,0,0,66,A
7-M,982,66,0,0,0,66,A
8-NS,1,333,0,0,0,333,A
8-NS,2,0,333,0,0,333,T
8-NS,3,0,0,351,0,351,G
8-NS,4,0,0,388,0,388,G
8-NS,5,427,0,0,0,427,A
8-NS,6,0,830,0,0,830,T
8-NS,7,0,831,0,0,831,T
8-NS,8,1,0,0,860,861,C
8-NS,9,0,0,0,863,863,C
8-NS,10,864,0,0,0,864,A
8-NS,11,875,0,1,0,876,A
8-NS,12,0,0,0,879,879,C
8-NS,13,878,0,0,0,878,A
8-NS,14,0,0,0,888,888,C
8-NS,15,0,890,0,2,892,T
8-NS,16,0,1,979,0,980,G
8-NS,17,0,983,0,0,983,T
8-NS,18,1,0,993,0,994,G
8-NS,19,0,995,0,1,996,T
8-NS,20,3,0,0,994,997,C
8-NS,21,995,0,0,0,995,A
8-NS,22,998,1,0,0,999,A
8-NS,23,0,3,1013,0,1016,G
8-NS,24,0,1033,0,0,1033,T
8-NS,25,0,1029,2,0,1031,T
8-NS,26,0,1043,0,0,1043,T
8-NS,27,1,0,0,1043,1044,C
8-NS,28,4,0,0,1046,1050,C
8-NS,29,1051,0,0,0,1051,A
8-NS,30,0,5,1052,0,1057,G
8-NS,31,0,1,1061,0,1062,G
8-NS,32,0,1060,0,1,1061,T
8-NS,33,1062,0,0,0,1062,A
8-NS,34,0,2,1072,0,1074,G
8-NS,35,1076,0,0,0,1076,A
8-NS,36,0,1076,0,3,1079,T
8-NS,37,1,1077,0,0,1078,T
8-NS,38,0,1,1097,0,1098,G
8-NS,39,0,0,0,1098,1098,C
8-NS,40,0,1093,0,1,1094,T
8-NS,41,0,1111,0,0,1111,T
8-NS,42,0,1120,0,0,1120,T
8-NS,43,0,0,0,1136,1136,C
8-NS,44,0,1134,0,0,1134,T
8-NS,45,0,1131,0,3,1134,T
8-NS,46,0,1133,0,0,1133,T
8-NS,47,0,8,1147,0,1155,G
8-NS,48,1,0,1151,0,1152,G
8-NS,49,0,0,0,1155,1155,C
8-NS,50,1155,0,0,0,1155,A
8-NS,51,0,1168,0,1,1169,T
8-NS,52,1177,0,0,0,1177,A
8-NS,53,1,1202,0,1,1204,T
8-NS,54,0,0,0,1206,1206,C
8-NS,55,33,1,0,1169,1203,C
8-NS,56,1,5,1197,1,1204,G
8-NS,57,0,2,1210,0,1212,G
8-NS,58,1216,0,0,0,1216,A
8-NS,59,1216,0,0,0,1216,A
8-NS,60,1213,1,0,0,1214,A
8-NS,61,0,0,0,1228,1228,C
8-NS,62,1228,1,1,0,1230,A
8-NS,63,1233,0,0,0,1233,A
8-NS,64,0,0,1282,0,1282,G
8-NS,65,1,1282,0,2,1285,T
8-NS,66,0,1281,0,0,1281,T
8-NS,67,0,0,1291,0,1291,G
8-NS,68,0,1290,0,0,1290,T
8-NS,69,1289,0,1,0,1290,A
8-NS,70,1,4,1297,0,1302,G
8-NS,71,1374,0,0,0,1374,A
8-NS,72,2,0,0,1384,1386,C
8-NS,73,4,0,1,1368,1373,C
8-NS,74,1374,0,1,0,1375,A
8-NS,75,1389,0,0,0,1389,A
8-NS,76,1,9,1446,0,1456,G
8-NS,77,1454,0,0,0,1454,A
8-NS,78,1466,0,0,0,1466,A
8-NS,79,1,0,0,1477,1478,C
8-NS,80,0,1452,0,1,1453,T
8-NS,81,1,6,1468,0,1475,G
8-NS,82,1471,0,0,0,1471,A
8-NS,83,1,1,1508,0,1510,G
8-NS,84,0,1514,0,0,1514,T
8-NS,85,0,7,1488,0,1495,G
8-NS,86,1500,0,1,0,1501,A
8-NS,87,0,1499,0,0,1499,T
8-NS,88,1,0,1515,0,1516,G
8-NS,89,0,0,0,1538,1538,C
8-NS,90,2,1,0,1533,1536,C
8-NS,91,3,0,1,1545,1549,C
8-NS,92,8,0,0,1534,1542,C
8-NS,93,1548,0,0,0,1548,A
8-NS,94,0,1574,0,0,1574,T
8-NS,95,0,1591,0,1,1592,T
8-NS,96,3,0,0,1599,1602,C
8-NS,97,0,0,0,1596,1596,C
8-NS,98,0,1597,0,3,1600,T
8-NS,99,0,1584,0,12,1596,T
8-NS,100,2,9,1582,0,1593,G
8-NS,101,1588,0,0,1,1589,A
8-NS,102,0,1590,0,0,1590,T
8-NS,103,1,1,0,1579,1581,C
8-NS,104,1,3,1567,0,1571,G
8-NS,105,0,2,1584,0,1586,G
8-NS,106,2,1,0,1584,1587,C
8-NS,107,0,1583,0,0,1583,T
8-NS,108,0,1584,0,0,1584,T
8-NS,109,4,2,0,1581,1587,C
8-NS,110,0,1,1591,0,1592,G
8-NS,111,0,1,0,1594,1595,C
8-NS,112,2,0,0,1592,1594,C
8-NS,113,1,4,1586,0,1591,G
8-NS,114,1581,1,0,0,1582,A
8-NS,115,0,3,1647,0,1650,G
8-NS,116,1652,0,0,0,1652,A
8-NS,117,0,1654,0,0,1654,T
8-NS,118,2,0,0,1656,1658,C
8-NS,119,1650,0,1,1,1652,A
8-NS,120,0,3,1662,0,1665,G
8-NS,121,1657,0,2,0,1659,A
8-NS,122,0,3,1671,0,1674,G
8-NS,123,1,2,1699,0,1702,G
8-NS,124,1,1705,0,3,1709,T
8-NS,125,6,1,0,1792,1799,C
8-NS,126,5,1,0,1797,1803,C
8-NS,127,8,2,0,1802,1812,C
8-NS,128,1,1811,0,0,1812,T
8-NS,129,1825,0,0,0,1825,A
8-NS,130,1825,0,1,0,1826,A
8-NS,131,1,7,1840,0,1848,G
8-NS,132,0,9,1844,0,1853,G
8-NS,133,0,5,1832,0,1837,G
8-NS,134,0,6,1790,0,1796,G
8-NS,135,1795,1,0,0,1796,A
8-NS,136,1787,0,2,0,1789,A
8-NS,137,1,2,1809,0,1812,G
8-NS,138,1842,0,1,0,1843,A
8-NS,139,1,5,1862,0,1868,G
8-NS,140,1,0,1855,0,1856,G
8-NS,141,2,0,0,1856,1858,C
8-NS,142,1852,0,2,0,1854,A
8-NS,143,1864,0,0,0,1864,A
8-NS,144,0,1866,1,0,1867,T
8-NS,145,1883,0,0,0,1883,A
8-NS,146,1,0,0,1909,1910,C
8-NS,147,0,1874,0,2,1876,T
8-NS,148,7,0,0,1868,1875,C
8-NS,149,0,1859,0,0,1859,T
8-NS,150,9,3,0,1859,1871,C
8-NS,151,4,13,1876,1,1894,G
8-NS,152,0,1,1984,0,1985,G
8-NS,153,0,1983,1,1,1985,T
8-NS,154,7,0,0,1994,2001,C
8-NS,155,0,1987,1,1,1989,T
8-NS,156,2012,2,2,0,2016,A
8-NS,157,1,8,2009,0,2018,G
8-NS,158,2013,0,0,0,2013,A
8-NS,159,2,1,0,2059,2062,C
8-NS,160,2038,0,0,0,2038,A
8-NS,161,0,2008,0,2,2010,T
8-NS,162,1,0,1,2004,2006,C
8-NS,163,2003,0,0,0,2003,A
8-NS,164,2006,0,1,0,2007,A
8-NS,165,1993,0,3,0,1996,A
8-NS,166,1,0,2009,0,2010,G
8-NS,167,3,0,1,2009,2013,C
8-NS,168,2000,0,1,0,2001,A
8-NS,169,0,0,2020,0,2020,G
8-NS,170,0,0,1,2020,2021,C
8-NS,171,12,0,0,2010,2022,C
8-NS,172,2033,0,3,0,2036,A
8-NS,173,1,0,0,2061,2062,C
8-NS,174,6,0,0,2060,2066,C
8-NS,175,7,0,0,2061,2068,C
8-NS,176,2094,6,0,0,2100,A
8-NS,177,0,2101,0,1,2102,T
8-NS,178,1,1,2104,0,2106,G
8-NS,179,0,2100,1,2,2103,T
8-NS,180,0,2096,1,1,2098,T
8-NS,181,0,8,2085,3,2096,G
8-NS,182,1,3,2079,0,2083,G
8-NS,183,2064,0,5,0,2069,A
8-NS,184,2075,0,0,0,2075,A
8-NS,185,2050,0,3,1,2054,A
8-NS,186,2,2,2060,0,2064,G
8-NS,187,1,0,1,2060,2062,C
8-NS,188,2060,0,1,0,2061,A
8-NS,189,2057,0,1,0,2058,A
8-NS,190,2054,0,0,0,2054,A
8-NS,191,0,2076,0,0,2076,T
8-NS,192,0,1987,0,80,2067,T
8-NS,193,0,2,2099,0,2101,G
8-NS,194,1,2101,0,0,2102,T
8-NS,195,2080,0,3,0,2083,A
8-NS,196,0,8,2079,0,2087,G
8-NS,197,2080,0,0,0,2080,A
8-NS,198,2074,0,0,0,2074,A
8-NS,199,2077,0,1,0,2078,A
8-NS,200,2060,0,9,0,2069,A
8-NS,201,0,7,2081,0,2088,G
8-NS,202,2068,1,0,0,2069,A
8-NS,203,0,2067,1,1,2069,T
8-NS,204,0,2068,1,0,2069,T
8-NS,205,9,1,0,2064,2074,C
8-NS,206,1,2071,0,0,2072,T
8-NS,207,1,7,2064,1,2073,G
8-NS,208,2077,0,0,0,2077,A
8-NS,209,2074,1,1,0,2076,A
8-NS,210,2068,0,0,1,2069,A
8-NS,211,1,4,2072,1,2078,G
8-NS,212,2080,1,0,0,2081,A
8-NS,213,2080,1,0,0,2081,A
8-NS,214,0,4,2099,0,2103,G
8-NS,215,2113,0,3,0,2116,A
8-NS,216,2120,0,0,1,2121,A
8-NS,217,0,2129,0,0,2129,T
8-NS,218,6,0,1,2131,2138,C
8-NS,219,0,2135,0,1,2136,T
8-NS,220,1,9,2136,0,2146,G
8-NS,221,2147,1,0,0,2148,A
8-NS,222,1,2143,0,1,2145,T
8-NS,223,1,6,2129,0,2136,G
8-NS,224,2120,1,4,0,2125,A
8-NS,225,0,9,2119,0,2128,G
8-NS,226,1,1,2126,0,2128,G
8-NS,227,0,1,0,2122,2123,C
8-NS,228,2124,0,1,0,2125,A
8-NS,229,2,0,0,2167,2169,C
8-NS,230,0,2166,0,0,2166,T
8-NS,231,0,2179,0,1,2180,T
8-NS,232,2184,0,0,1,2185,A
8-NS,233,2193,1,1,0,2195,A
8-NS,234,2185,1,1,0,2187,A
8-NS,235,2189,1,1,0,2191,A
8-NS,236,0,2194,0,0,2194,T
8-NS,237,0,9,2186,0,2195,G
8-NS,238,2191,0,1,0,2192,A
8-NS,239,1,0,0,2192,2193,C
8-NS,240,9,2,0,2171,2182,C
8-NS,241,2184,0,1,0,2185,A
8-NS,242,1,2182,1,0,2184,T
8-NS,243,0,10,2234,0,2244,G
8-NS,244,1,3,2265,1,2270,G
8-NS,245,1,2280,0,4,2285,T
8-NS,246,10,3,0,2360,2373,C
8-NS,247,0,2359,0,1,2360,T
8-NS,248,5,0,0,2397,2402,C
8-NS,249,9,3,0,2390,2402,C
8-NS,250,2405,1,0,0,2406,A
8-NS,251,1,3,0,2424,2428,C
8-NS,252,2398,0,1,0,2399,A
8-NS,253,3,1,0,2397,2401,C
8-NS,254,7,0,0,2368,2375,C
8-NS,255,1,2295,0,5,2301,T
8-NS,256,0,2,2316,0,2318,G
8-NS,257,1,0,0,2304,2305,C
8-NS,258,0,2297,0,2,2299,T
8-NS,259,0,2310,0,0,2310,T
8-NS,260,9,1,0,2283,2293,C
8-NS,261,1,1,2298,0,2300,G
8-NS,262,5,2,0,2293,2300,C
8-NS,263,1,7,2295,0,2303,G
8-NS,264,2393,0,0,0,2393,A
8-NS,265,0,2383,0,0,2383,T
8-NS,266,2438,1,2,0,2441,A
8-NS,267,8,0,0,2441,2449,C
8-NS,268,2442,0,1,0,2443,A
8-NS,269,0,2492,0,0,2492,T
8-NS,270,2476,0,0,0,2476,A
8-NS,271,2478,0,3,0,2481,A
8-NS,272,3,1,0,2476,2480,C
8-NS,273,0,2407,0,0,2407,T
8-NS,274,1,14,2415,0,2430,G
8-NS,275,2401,0,2,0,2403,A
8-NS,276,1,1,0,2419,2421,C
8-NS,277,2416,1,0,0,2417,A
8-NS,278,0,2387,0,3,2390,T
8-NS,279,2,20,2378,0,2400,G
8-NS,280,2406,2,2,0,2410,A
8-NS,281,3,1,0,2454,2458,C
8-NS,282,1,2449,0,1,2451,T
8-NS,283,2463,1,7,0,2471,A
8-NS,284,0,2468,1,1,2470,T
8-NS,285,0,2455,0,1,2456,T
8-NS,286,0,5,2449,0,2454,G
8-NS,287,2437,0,2,0,2439,A
8-NS,288,0,8,2421,0,2429,G
8-NS,289,1,6,2422,0,2429,G
8-NS,290,2373,0,1,0,2374,A
8-NS,291,2392,0,1,0,2393,A
8-NS,292,0,2356,0,0,2356,T
8-NS,293,0,2343,1,2,2346,T
8-NS,294,8,3,2389,0,2400,G
8-NS,295,1,2388,0,1,2390,T
8-NS,296,14,0,0,2379,2393,C
8-NS,297,2388,1,0,1,2390,A
8-NS,298,2395,0,1,0,2396,A
8-NS,299,0,2,2401,0,2403,G
8-NS,300,2386,1,18,0,2405,A
8-NS,301,2410,0,0,0,2410,A
8-NS,302,2411,0,1,0,2412,A
8-NS,303,2,0,0,2404,2406,C
8-NS,304,1,2357,0,1,2359,T
8-NS,305,0,11,2382,0,2393,G
8-NS,306,1,3,2418,0,2422,G
8-NS,307,0,2422,0,4,2426,T
8-NS,308,2,2410,0,4,2416,T
8-NS,309,10,0,0,2393,2403,C
8-NS,310,2411,0,1,0,2412,A
8-NS,311,0,2442,0,0,2442,T
8-NS,312,2,2,2447,0,2451,G
8-NS,313,1,0,0,2462,2463,C
8-NS,314,0,2437,0,4,2441,T
8-NS,315,2420,0,2,0,2422,A
8-NS,316,2443,0,0,0,2443,A
8-NS,317,0,2469,0,0,2469,T
8-NS,318,0,4,2467,0,2471,G
8-NS,319,2,0,0,2461,2463,C
8-NS,320,11,1,2,2425,2439,C
8-NS,321,8,1,0,2421,2430,C
8-NS,322,2430,0,1,0,2431,A
8-NS,323,2445,0,0,0,2445,A
8-NS,324,0,0,2454,2,2456,G
8-NS,325,2,2,0,2458,2462,C
8-NS,326,2449,1,2,0,2452,A
8-NS,327,0,3,2460,0,2463,G
8-NS,328,2454,0,1,1,2456,A
8-NS,329,2456,0,0,0,2456,A
8-NS,330,2450,1,1,0,2452,A
8-NS,331,1,4,2478,0,2483,G
8-NS,332,0,2469,0,0,2469,T
8-NS,333,1,5,2452,0,2458,G
8-NS,334,0,6,2450,0,2456,G
8-NS,335,2457,0,2,0,2459,A
8-NS,336,2440,1,2,0,2443,A
8-NS,337,0,7,2435,0,2442,G
8-NS,338,0,10,2440,0,2450,G
8-NS,339,2443,3,2,1,2449,A
8-NS,340,3,0,0,2442,2445,C
8-NS,341,9,0,1,2411,2421,C
8-NS,342,1,2423,0,1,2425,T
8-NS,343,7,2,0,2456,2465,C
8-NS,344,0,2449,0,1,2450,T
8-NS,345,0,2461,0,1,2462,T
8-NS,346,0,2457,1,0,2458,T
8-NS,347,1,1,2461,0,2463,G
8-NS,348,1,2,1,2492,2496,C
8-NS,349,2475,0,1,0,2476,A
8-NS,350,0,2477,0,2,2479,T
8-NS,351,6,4,0,2477,2487,C
8-NS,352,2504,0,1,0,2505,A
8-NS,353,0,7,2572,0,2579,G
8-NS,354,2569,0,0,3,2572,A
8-NS,355,2574,0,0,0,2574,A
8-NS,356,1,2565,0,0,2566,T
8-NS,357,0,5,2539,1,2545,G
8-NS,358,6,8,2546,0,2560,G
8-NS,359,2554,0,2,0,2556,A
8-NS,360,2,1,0,2553,2556,C
8-NS,361,10,3,0,2495,2508,C
8-NS,362,2471,1,2,0,2474,A
8-NS,363,0,4,2486,0,2490,G
8-NS,364,1,0,2492,0,2493,G
8-NS,365,2,1,0,2491,2494,C
8-NS,366,2474,2,0,0,2476,A
8-NS,367,2488,0,0,0,2488,A
8-NS,368,0,2488,0,0,2488,T
8-NS,369,13,0,0,2471,2484,C
8-NS,370,2481,1,0,0,2482,A
8-NS,371,0,2469,0,0,2469,T
8-NS,372,0,4,2445,1,2450,G
8-NS,373,2,10,2452,0,2464,G
8-NS,374,2451,0,2,0,2453,A
8-NS,375,0,7,2466,0,2473,G
8-NS,376,2440,1,2,0,2443,A
8-NS,377,2447,0,0,0,2447,A
8-NS,378,2444,0,0,0,2444,A
8-NS,379,2448,0,0,0,2448,A
8-NS,380,2459,0,3,0,2462,A
8-NS,381,2,1,0,2466,2469,C
8-NS,382,2461,0,0,0,2461,A
8-NS,383,0,2455,0,0,2455,T
8-NS,384,5,0,1,2435,2441,C
8-NS,385,2437,0,1,0,2438,A
8-NS,386,2,2440,0,0,2442,T
8-NS,387,1,2,2440,0,2443,G
8-NS,388,0,2441,0,1,2442,T
8-NS,389,2,2418,0,1,2421,T
8-NS,390,0,7,2418,0,2425,G
8-NS,391,2415,0,2,0,2417,A
8-NS,392,2411,0,0,0,2411,A
8-NS,393,2403,0,4,0,2407,A
8-NS,394,0,2,2413,0,2415,G
8-NS,395,1,4,0,2404,2409,C
8-NS,396,0,8,2401,0,2409,G
8-NS,397,2403,1,0,0,2404,A
8-NS,398,2408,0,1,0,2409,A
8-NS,399,1,2411,0,2,2414,T
8-NS,400,0,2401,1,5,2407,T
8-NS,401,0,2412,0,0,2412,T
8-NS,402,7,0,0,2410,2417,C
8-NS,403,2390,0,2,0,2392,A
8-NS,404,1,5,2393,1,2400,G
8-NS,405,0,2398,0,4,2402,T
8-NS,406,0,7,2396,0,2403,G
8-NS,407,0,2392,0,2,2394,T
8-NS,408,0,20,2377,0,2397,G
8-NS,409,2415,1,0,0,2416,A
8-NS,410,0,2410,0,0,2410,T
8-NS,411,0,2400,0,1,2401,T
8-NS,412,0,2401,1,0,2402,T
8-NS,413,0,2403,0,1,2404,T
8-NS,414,0,2397,1,1,2399,T
8-NS,415,0,19,2374,0,2393,G
8-NS,416,2395,1,4,0,2400,A
8-NS,417,2,0,0,2395,2397,C
8-NS,418,10,3,0,2354,2367,C
8-NS,419,0,12,2369,0,2381,G
8-NS,420,2494,0,2,0,2496,A
8-NS,421,5,0,0,2540,2545,C
8-NS,422,0,2539,0,0,2539,T
8-NS,423,2555,0,3,0,2558,A
8-NS,424,0,2,2564,0,2566,G
8-NS,425,2561,0,5,0,2566,A
8-NS,426,0,9,2573,0,2582,G
8-NS,427,2571,1,2,0,2574,A
8-NS,428,3,1,0,2644,2648,C
8-NS,429,13,1,0,2514,2528,C
8-NS,430,2450,0,1,0,2451,A
8-NS,431,1,2594,0,1,2596,T
8-NS,432,2583,0,2,0,2585,A
8-NS,433,1,5,2773,0,2779,G
8-NS,434,1,2758,0,1,2760,T
8-NS,435,2746,0,1,0,2747,A
8-NS,436,0,2746,0,0,2746,T
8-NS,437,0,2670,0,2,2672,T
8-NS,438,2727,0,2,0,2729,A
8-NS,439,5,0,0,2720,2725,C
8-NS,440,1,2632,0,1,2634,T
8-NS,441,2620,0,1,1,2622,A
8-NS,442,2429,0,2,0,2431,A
8-NS,443,0,12,2439,0,2451,G
8-NS,444,0,13,2432,2,2447,G
8-NS,445,1,2,2454,0,2457,G
8-NS,446,0,0,0,2415,2415,C
8-NS,447,0,2358,1,6,2365,T
8-NS,448,0,2364,0,2,2366,T
8-NS,449,0,2395,0,0,2395,T
8-NS,450,5,0,0,2395,2400,C
8-NS,451,2441,0,1,0,2442,A
8-NS,452,2,2,0,2440,2444,C
8-NS,453,6,1,0,2418,2425,C
8-NS,454,1,5,2425,1,2432,G
8-NS,455,2425,0,2,0,2427,A
8-NS,456,2426,1,2,0,2429,A
8-NS,457,0,9,2432,0,2441,G
8-NS,458,2404,0,4,0,2408,A
8-NS,459,1,7,2415,1,2424,G
8-NS,460,1,10,2372,1,2384,G
8-NS,461,4,10,2381,0,2395,G
8-NS,462,2377,1,6,0,2384,A
8-NS,463,0,0,2390,1,2391,G
8-NS,464,0,0,0,2386,2386,C
8-NS,465,2380,1,1,0,2382,A
8-NS,466,2382,0,1,0,2383,A
8-NS,467,0,2375,0,2,2377,T
8-NS,468,0,2365,0,0,2365,T
8-NS,469,1,2,2360,0,2363,G
8-NS,470,0,2332,0,0,2332,T
8-NS,471,1,2333,0,0,2334,T
8-NS,472,2,4,2337,0,2343,G
8-NS,473,3,1,2332,0,2336,G
8-NS,474,4,1,0,2332,2337,C
8-NS,475,1,4,2334,0,2339,G
8-NS,476,2339,0,3,0,2342,A
8-NS,477,2348,0,1,1,2350,A
8-NS,478,2359,0,1,0,2360,A
8-NS,479,0,2362,0,1,2363,T
8-NS,480,2,0,0,2361,2363,C
8-NS,481,1,2351,0,3,2355,T
8-NS,482,9,0,0,2364,2373,C
8-NS,483,2374,2,1,0,2377,A
8-NS,484,1,0,0,2383,2384,C
8-NS,485,11,1,0,2366,2378,C
8-NS,486,2360,0,2,0,2362,A
8-NS,487,1,2356,0,1,2358,T
8-NS,488,1,2347,0,1,2349,T
8-NS,489,2,0,2352,0,2354,G
8-NS,490,2,1,0,2349,2352,C
8-NS,491,7,3,0,2343,2353,C
8-NS,492,0,2346,1,6,2353,T
8-NS,493,1,2341,0,1,2343,T
8-NS,494,4,1,0,2360,2365,C
8-NS,495,1,2357,0,1,2359,T
8-NS,496,0,2362,0,2,2364,T
8-NS,497,0,2399,0,0,2399,T
8-NS,498,2,2382,1,1,2386,T
8-NS,499,4,0,2,2381,2387,C
8-NS,500,2,0,0,2387,2389,C
8-NS,501,2384,1,2,1,2388,A
8-NS,502,0,3,2410,0,2413,G
8-NS,503,0,3,2403,0,2406,G
8-NS,504,2449,0,3,0,2452,A
8-NS,505,2,0,0,2447,2449,C
8-NS,506,2445,0,2,0,2447,A
8-NS,507,0,2458,0,2,2460,T
8-NS,508,2456,1,2,0,2459,A
8-NS,509,2,0,0,2621,2623,C
8-NS,510,0,2614,0,1,2615,T
8-NS,511,2599,0,1,1,2601,A
8-NS,512,1,2594,0,1,2596,T
8-NS,513,0,2510,0,9,2519,T
8-NS,514,1,7,2512,0,2520,G
8-NS,515,2450,0,2,1,2453,A
8-NS,516,2,9,2435,1,2447,G
8-NS,517,0,5,2435,0,2440,G
8-NS,518,2234,1,0,0,2235,A
8-NS,519,1,2249,0,0,2250,T
8-NS,520,0,3,2226,1,2230,G
8-NS,521,0,2210,0,3,2213,T
8-NS,522,9,0,0,2204,2213,C
8-NS,523,2214,2,2,0,2218,A
8-NS,524,2215,0,2,0,2217,A
8-NS,525,2213,0,0,0,2213,A
8-NS,526,2207,0,0,0,2207,A
8-NS,527,2221,1,0,0,2222,A
8-NS,528,0,2219,0,0,2219,T
8-NS,529,0,2,2209,0,2211,G
8-NS,530,1,0,0,2221,2222,C
8-NS,531,2220,0,1,0,2221,A
8-NS,532,2222,1,1,0,2224,A
8-NS,533,0,2231,0,0,2231,T
8-NS,534,0,2230,0,2,2232,T
8-NS,535,0,8,2224,0,2232,G
8-NS,536,1,7,2214,0,2222,G
8-NS,537,1,5,2216,0,2222,G
8-NS,538,0,2,2239,0,2241,G
8-NS,539,1,2212,0,1,2214,T
8-NS,540,9,0,0,2221,2230,C
8-NS,541,8,0,0,2219,2227,C
8-NS,542,0,2219,0,1,2220,T
8-NS,543,4,0,0,2239,2243,C
8-NS,544,2240,0,1,0,2241,A
8-NS,545,9,2243,0,1,2253,T
8-NS,546,6,0,0,2245,2251,C
8-NS,547,0,5,2224,1,2230,G
8-NS,548,0,4,2230,0,2234,G
8-NS,549,2198,1,2,0,2201,A
8-NS,550,0,1,2206,0,2207,G
8-NS,551,0,9,2197,0,2206,G
8-NS,552,2176,0,2,1,2179,A
8-NS,553,1,0,0,2182,2183,C
8-NS,554,0,2175,1,1,2177,T
8-NS,555,0,2184,0,1,2185,T
8-NS,556,0,9,2195,0,2204,G
8-NS,557,2194,0,1,0,2195,A
8-NS,558,2197,1,1,0,2199,A
8-NS,559,0,2190,1,0,2191,T
8-NS,560,1,6,2153,0,2160,G
8-NS,561,1,4,2186,0,2191,G
8-NS,562,2152,0,5,0,2157,A
8-NS,563,2171,0,1,0,2172,A
8-NS,564,0,2226,0,1,2227,T
8-NS,565,0,6,2226,1,2233,G
8-NS,566,2236,1,1,0,2238,A
8-NS,567,0,2238,0,1,2239,T
8-NS,568,2238,0,1,0,2239,A
8-NS,569,2255,0,1,0,2256,A
8-NS,570,3,0,0,2228,2231,C
8-NS,571,2201,0,2,0,2203,A
8-NS,572,1,0,0,2220,2221,C
8-NS,573,2052,0,1,0,2053,A
8-NS,574,0,2,2085,0,2087,G
8-NS,575,0,2071,0,2,2073,T
8-NS,576,0,2068,0,2,2070,T
8-NS,577,17,0,0,2052,2069,C
8-NS,578,1,11,2045,0,2057,G
8-NS,579,2051,0,2,0,2053,A
8-NS,580,0,2,2058,0,2060,G
8-NS,581,1,2027,1,0,2029,T
8-NS,582,8,0,0,2040,2048,C
8-NS,583,1,1989,0,2,1992,T
8-NS,584,8,0,0,2003,2011,C
8-NS,585,0,2012,0,1,2013,T
8-NS,586,2019,0,0,0,2019,A
8-NS,587,2015,0,1,0,2016,A
8-NS,588,2012,0,1,0,2013,A
8-NS,589,2029,1,0,0,2030,A
8-NS,590,2029,1,0,1,2031,A
8-NS,591,0,2001,0,5,2006,T
8-NS,592,2,0,0,2021,2023,C
8-NS,593,0,2012,0,1,2013,T
8-NS,594,2022,0,0,0,2022,A
8-NS,595,1,1,0,2020,2022,C
8-NS,596,2014,0,0,0,2014,A
8-NS,597,0,3,2013,0,2016,G
8-NS,598,1983,1,4,0,1988,A
8-NS,599,0,5,1993,0,1998,G
8-NS,600,1993,1,0,0,1994,A
8-NS,601,1,1964,0,1,1966,T
8-NS,602,0,1972,0,0,1972,T
8-NS,603,10,1,0,1960,1971,C
8-NS,604,1,2,1969,0,1972,G
8-NS,605,1,0,0,1976,1977,C
8-NS,606,0,1965,0,0,1965,T
8-NS,607,1,1971,0,3,1975,T
8-NS,608,0,10,1952,0,1962,G
8-NS,609,0,4,1969,0,1973,G
8-NS,610,1964,0,1,0,1965,A
8-NS,611,0,2,1970,0,1972,G
8-NS,612,1950,2,0,0,1952,A
8-NS,613,1948,0,1,0,1949,A
8-NS,614,0,1,1971,0,1972,G
8-NS,615,0,2,0,1967,1969,C
8-NS,616,1963,1,0,0,1964,A
8-NS,617,0,7,1984,0,1991,G
8-NS,618,1,1966,0,0,1967,T
8-NS,619,1980,0,1,0,1981,A
8-NS,620,1975,0,1,1,1977,A
8-NS,621,0,1978,0,0,1978,T
8-NS,622,0,8,1974,0,1982,G
8-NS,623,1882,0,2,1,1885,A
8-NS,624,0,7,1906,1,1914,G
8-NS,625,1908,0,0,0,1908,A
8-NS,626,1857,1,0,0,1858,A
8-NS,627,0,1852,0,0,1852,T
8-NS,628,2,2,1827,1,1832,G
8-NS,629,0,5,1828,0,1833,G
8-NS,630,1,5,1820,0,1826,G
8-NS,631,1,9,1808,1,1819,G
8-NS,632,0,4,1808,0,1812,G
8-NS,633,1761,0,0,0,1761,A
8-NS,634,4,0,0,1769,1773,C
8-NS,635,7,0,0,1762,1769,C
8-NS,636,0,1750,3,4,1757,T
8-NS,637,3,0,0,1765,1768,C
8-NS,638,6,0,0,1763,1769,C
8-NS,639,1766,1,0,0,1767,A
8-NS,640,0,1697,1,1,1699,T
8-NS,641,2,1709,0,0,1711,T
8-NS,642,0,1711,0,1,1712,T
8-NS,643,1719,0,1,0,1720,A
8-NS,644,1,0,0,1722,1723,C
8-NS,645,0,1711,0,3,1714,T
8-NS,646,4,1,0,1702,1707,C
8-NS,647,3,1,1,1662,1667,C
8-NS,648,1665,0,0,0,1665,A
8-NS,649,1669,0,1,0,1670,A
8-NS,650,1667,2,0,0,1669,A
8-NS,651,1671,0,2,0,1673,A
8-NS,652,2,0,0,1673,1675,C
8-NS,653,1636,1,0,0,1637,A
8-NS,654,0,5,1634,0,1639,G
8-NS,655,1631,0,0,0,1631,A
8-NS,656,1635,0,0,0,1635,A
8-NS,657,1635,0,1,0,1636,A
8-NS,658,0,2,0,1629,1631,C
8-NS,659,0,4,1627,0,1631,G
8-NS,660,0,5,1625,0,1630,G
8-NS,661,0,3,1628,0,1631,G
8-NS,662,1629,0,0,0,1629,A
8-NS,663,1620,0,0,0,1620,A
8-NS,664,1618,0,2,0,1620,A
8-NS,665,1,1617,0,1,1619,T
8-NS,666,2,3,1621,1,1627,G
8-NS,667,0,0,1623,0,1623,G
8-NS,668,1,2,0,1606,1609,C
8-NS,669,0,3,1608,0,1611,G
8-NS,670,1606,0,1,0,1607,A
8-NS,671,0,4,1612,0,1616,G
8-NS,672,1613,0,1,0,1614,A
8-NS,673,1612,0,0,0,1612,A
8-NS,674,3,1,0,1612,1616,C
8-NS,675,1570,0,2,1,1573,A
8-NS,676,0,2,1570,0,1572,G
8-NS,677,0,0,0,1562,1562,C
8-NS,678,0,1566,0,0,1566,T
8-NS,679,1563,0,0,1,1564,A
8-NS,680,0,7,1549,0,1556,G
8-NS,681,0,1,1549,0,1550,G
8-NS,682,1,1540,0,2,1543,T
8-NS,683,5,0,0,1512,1517,C
8-NS,684,1518,1,0,0,1519,A
8-NS,685,1506,1,0,2,1509,A
8-NS,686,1506,0,4,1,1511,A
8-NS,687,1512,1,2,1,1516,A
8-NS,688,0,1,1525,1,1527,G
8-NS,689,0,1486,0,1,1487,T
8-NS,690,0,1477,0,0,1477,T
8-NS,691,0,1482,0,0,1482,T
8-NS,692,1,3,1480,0,1484,G
8-NS,693,1481,2,2,0,1485,A
8-NS,694,1475,0,2,2,1479,A
8-NS,695,0,4,1486,0,1490,G
8-NS,696,1440,0,0,0,1440,A
8-NS,697,0,5,1446,0,1451,G
8-NS,698,1444,0,3,0,1447,A
8-NS,699,0,1450,0,0,1450,T
8-NS,700,1451,0,0,0,1451,A
8-NS,701,1442,0,0,0,1442,A
8-NS,702,0,2,1439,0,1441,G
8-NS,703,1350,1,2,0,1353,A
8-NS,704,2,1353,0,0,1355,T
8-NS,705,1,3,1359,0,1363,G
8-NS,706,0,2,1361,1,1364,G
8-NS,707,1,0,0,1358,1359,C
8-NS,708,1,1342,0,0,1343,T
8-NS,709,1341,0,0,0,1341,A
8-NS,710,1339,0,0,0,1339,A
8-NS,711,0,1340,1,0,1341,T
8-NS,712,0,1335,0,1,1336,T
8-NS,713,0,5,1337,0,1342,G
8-NS,714,1315,0,0,0,1315,A
8-NS,715,1314,0,1,0,1315,A
8-NS,716,0,7,1307,0,1314,G
8-NS,717,1317,0,0,0,1317,A
8-NS,718,1297,0,0,0,1297,A
8-NS,719,0,1,1318,0,1319,G
8-NS,720,0,1284,2,1,1287,T
8-NS,721,0,11,1276,0,1287,G
8-NS,722,1265,0,5,0,1270,A
8-NS,723,0,4,1269,0,1273,G
8-NS,724,1272,0,1,0,1273,A
8-NS,725,2,0,0,1266,1268,C
8-NS,726,1258,0,0,0,1258,A
8-NS,727,0,0,0,1256,1256,C
8-NS,728,1178,0,0,0,1178,A
8-NS,729,0,1,1198,0,1199,G
8-NS,730,1191,0,0,0,1191,A
8-NS,731,0,1184,0,1,1185,T
8-NS,732,0,1182,1,0,1183,T
8-NS,733,1175,0,1,0,1176,A
8-NS,734,1172,1,1,0,1174,A
8-NS,735,1171,1,1,0,1173,A
8-NS,736,1175,0,1,0,1176,A
8-NS,737,1177,0,0,0,1177,A
8-NS,738,0,0,0,1122,1122,C
8-NS,739,1060,0,0,0,1060,A
8-NS,740,1057,0,1,0,1058,A
8-NS,741,1,0,0,1059,1060,C
8-NS,742,0,1057,0,0,1057,T
8-NS,743,1,3,1057,0,1061,G
8-NS,744,1055,0,1,0,1056,A
8-NS,745,1060,0,0,0,1060,A
8-NS,746,1062,0,0,0,1062,A
8-NS,747,1054,0,0,0,1054,A
8-NS,748,0,1052,1,0,1053,T
8-NS,749,1035,0,1,0,1036,A
8-NS,750,0,0,1041,0,1041,G
8-NS,751,0,0,0,1038,1038,C
8-NS,752,0,1022,0,1,1023,T
8-NS,753,0,1022,0,1,1023,T
8-NS,754,0,1012,0,0,1012,T
8-NS,755,0,8,1007,0,1015,G
8-NS,756,1016,0,0,0,1016,A
8-NS,757,1017,0,0,0,1017,A
8-NS,758,4,1,0,1015,1020,C
8-NS,759,994,0,0,0,994,A
8-NS,760,998,0,0,0,998,A
8-NS,761,1005,1,0,0,1006,A
8-NS,762,0,1005,0,0,1005,T
8-NS,763,1001,0,1,0,1002,A
8-NS,764,986,0,1,0,987,A
8-NS,765,1,0,0,982,983,C
8-NS,766,977,0,0,0,977,A
8-NS,767,1,961,0,1,963,T
8-NS,768,1,946,0,1,948,T
8-NS,769,6,0,0,928,934,C
8-NS,770,926,1,1,0,928,A
8-NS,771,1,923,0,1,925,T
8-NS,772,0,2,920,0,922,G
8-NS,773,0,0,0,906,906,C
8-NS,774,895,0,0,0,895,A
8-NS,775,886,0,2,0,888,A
8-NS,776,0,1,890,0,891,G
8-NS,777,0,0,0,899,899,C
8-NS,778,881,0,1,0,882,A
8-NS,779,0,877,0,1,878,T
8-NS,780,0,878,0,1,879,T
8-NS,781,880,0,0,0,880,A
8-NS,782,1,0,0,878,879,C
8-NS,783,846,1,0,0,847,A
8-NS,784,0,0,734,0,734,G
8-NS,785,0,0,0,736,736,C
8-NS,786,0,736,0,1,737,T
8-NS,787,0,2,736,0,738,G
8-NS,788,1,0,0,732,733,C
8-NS,789,0,711,0,0,711,T
8-NS,790,0,1,714,0,715,G
8-NS,791,0,702,0,1,703,T
8-NS,792,0,702,0,0,702,T
8-NS,793,0,696,0,0,696,T
8-NS,794,0,2,691,0,693,G
8-NS,795,692,0,1,0,693,A
8-NS,796,682,0,0,0,682,A
8-NS,797,0,0,681,0,681,G
8-NS,798,0,667,0,1,668,T
8-NS,799,0,0,629,1,630,G
8-NS,800,1,3,628,1,633,G
8-NS,801,632,0,0,0,632,A
8-NS,802,632,0,0,0,632,A
8-NS,803,3,0,0,626,629,C
8-NS,804,612,0,2,0,614,A
8-NS,805,0,0,618,0,618,G
8-NS,806,0,0,606,0,606,G
8-NS,807,594,0,0,0,594,A
8-NS,808,0,0,594,0,594,G
8-NS,809,474,0,2,0,476,A
8-NS,810,0,475,0,0,475,T
8-NS,811,474,0,0,0,474,A
8-NS,812,470,0,0,0,470,A
8-NS,813,0,1,468,0,469,G
8-NS,814,409,1,0,0,410,A
8-NS,815,405,0,0,0,405,A
8-NS,816,1,0,0,398,399,C
8-NS,817,0,345,0,0,345,T
8-NS,818,0,338,0,0,338,T
8-NS,819,0,338,0,1,339,T
8-NS,820,0,0,0,338,338,C
8-NS,821,0,333,0,2,335,T
8-NS,822,4,0,1,325,330,C
8-NS,823,322,0,0,0,322,A
8-NS,824,0,320,0,0,320,T
8-NS,825,0,316,0,0,316,T
8-NS,826,0,314,0,0,314,T
8-NS,827,1,0,0,312,313,C
8-NS,828,300,0,0,0,300,A
8-NS,829,0,0,299,0,299,G
8-NS,830,0,0,0,299,299,C
8-NS,831,0,279,0,0,279,T
8-NS,832,0,276,0,0,276,T
8-NS,833,267,0,0,0,267,A
8-NS,834,0,267,0,0,267,T
8-NS,835,0,266,0,0,266,T
8-NS,836,0,264,0,1,265,T
8-NS,837,255,0,0,0,255,A
8-NS,838,246,0,0,0,246,A
8-NS,839,0,242,0,0,242,T
8-NS,840,1,1,235,0,237,G
8-NS,841,231,0,0,0,231,A
8-NS,842,0,208,0,0,208,T
8-NS,843,208,0,0,0,208,A
8-NS,844,209,0,0,0,209,A
8-NS,845,209,0,0,0,209,A
8-NS,846,209,0,0,0,209,A
8-NS,847,205,0,0,0,205,A
8-NS,848,204,0,0,0,204,A
8-NS,849,0,0,0,202,202,C
8-NS,850,174,0,0,0,174,A
8-NS,851,0,0,0,173,173,C
8-NS,852,1,0,0,167,168,C
8-NS,853,1,0,1,162,164,C
8-NS,854,0,156,0,0,156,T
8-NS,855,0,144,0,0,144,T
8-NS,856,0,0,145,0,145,G
8-NS,857,0,138,0,0,138,T
8-NS,858,0,136,0,0,136,T
8-NS,859,0,129,0,0,129,T
8-NS,860,0,0,0,55,55,C
8-NS,861,0,38,0,0,38,T
8-NS,862,30,0,0,0,30,A
8-NS,863,0,0,0,29,29,C
