Gene,Position,A,T,G,C,Coverage,Consensus
1-PB2,1,489,0,0,0,489,A
1-PB2,2,0,490,0,0,490,T
1-PB2,3,0,0,506,0,506,G
1-PB2,4,0,2,505,0,507,G
1-PB2,5,506,0,0,0,506,A
1-PB2,6,504,0,1,0,505,A
1-PB2,7,509,0,0,0,509,A
1-PB2,8,0,1,565,0,566,G
1-PB2,9,565,0,0,0,565,A
1-PB2,10,569,0,0,0,569,A
1-PB2,11,0,580,0,0,580,T
1-PB2,12,577,0,1,0,578,A
1-PB2,13,579,0,0,0,579,A
1-PB2,14,579,0,1,0,580,A
1-PB2,15,581,0,1,0,582,A
1-PB2,16,1,4,601,0,606,G
1-PB2,17,605,0,0,0,605,A
1-PB2,18,612,0,0,0,612,A
1-PB2,19,0,0,0,626,626,C
1-PB2,20,0,627,0,0,627,T
1-PB2,21,640,0,0,0,640,A
1-PB2,22,0,1,0,640,641,C
1-PB2,23,0,0,643,0,643,G
1-PB2,24,0,0,655,0,655,G
1-PB2,25,654,0,0,0,654,A
1-PB2,26,669,0,1,0,670,A
1-PB2,27,1,668,0,0,669,T
1-PB2,28,1,2,0,677,680,C
1-PB2,29,0,681,0,0,681,T
1-PB2,30,1,5,685,0,691,G
1-PB2,31,694,0,0,0,694,A
1-PB2,32,0,696,0,0,696,T
1-PB2,33,0,1,696,0,697,G
1-PB2,34,0,712,0,0,712,T
1-PB2,35,3,0,0,710,713,C
1-PB2,36,1,0,711,1,713,G
1-PB2,37,2,0,0,712,714,C
1-PB2,38,712,0,0,0,712,A
1-PB2,39,4,3,753,0,760,G
1-PB2,40,0,765,0,0,765,T
1-PB2,41,4,0,0,765,769,C
1-PB2,42,0,767,0,0,767,T
1-PB2,43,2,0,0,767,769,C
1-PB2,44,1,0,768,0,769,G
1-PB2,45,0,0,0,770,770,C
1-PB2,46,765,0,0,0,765,A
1-PB2,47,0,0,0,784,784,C
1-PB2,48,0,782,0,1,783,T
1-PB2,49,3,0,0,799,802,C
1-PB2,50,0,0,804,0,804,G
1-PB2,51,2,0,0,801,803,C
1-PB2,52,1,2,801,0,804,G
1-PB2,53,807,0,1,0,808,A
1-PB2,54,0,2,811,0,813,G
1-PB2,55,840,0,0,0,840,A
1-PB2,56,0,842,0,2,844,T
1-PB2,57,841,1,2,0,844,A
1-PB2,58,1,0,0,842,843,C
1-PB2,59,0,839,0,0,839,T
1-PB2,60,0,4,849,1,854,G
1-PB2,61,856,0,2,0,858,A
1-PB2,62,1,1,0,863,865,C
1-PB2,63,866,0,0,0,866,A
1-PB2,64,867,0,0,0,867,A
1-PB2,65,876,1,0,0,877,A
1-PB2,66,889,0,2,0,891,A
1-PB2,67,894,0,0,0,894,A
1-PB2,68,2,0,0,902,904,C
1-PB2,69,2,0,0,900,902,C
1-PB2,70,927,0,3,0,930,A
1-PB2,71,1,0,0,945,946,C
1-PB2,72,943,0,0,0,943,A
1-PB2,73,0,0,977,0,977,G
1-PB2,74,0,976,0,0,976,T
1-PB2,75,0,5,1013,0,1018,G
1-PB2,76,0,9,1018,0,1027,G
1-PB2,77,1030,0,4,0,1034,A
1-PB2,78,1,0,0,1094,1095,C
1-PB2,79,4,0,1,1083,1088,C
1-PB2,80,1101,0,0,0,1101,A
1-PB2,81,0,1105,0,0,1105,T
1-PB2,82,1098,0,1,0,1099,A
1-PB2,83,0,1100,0,1,1101,T
1-PB2,84,0,8,1089,0,1097,G
1-PB2,85,0,0,1095,0,1095,G
1-PB2,86,2,0,0,1090,1092,C
1-PB2,87,3,0,0,1075,1078,C
1-PB2,88,1078,0,0,0,1078,A
1-PB2,89,0,1116,0,0,1116,T
1-PB2,90,1117,0,0,0,1117,A
1-PB2,91,1137,0,0,0,1137,A
1-PB2,92,0,1137,0,0,1137,T
1-PB2,93,0,1135,0,0,1135,T
1-PB2,94,1130,1,0,0,1131,A
1-PB2,95,1129,0,0,0,1129,A
1-PB2,96,1117,0,1,0,1118,A
1-PB2,97,1150,0,0,0,1150,A
1-PB2,98,1152,1,2,0,1155,A
1-PB2,99,0,0,1174,0,1174,G
1-PB2,100,0,1174,0,1,1175,T
1-PB2,101,1170,1,0,0,1171,A
1-PB2,102,1,1,0,1172,1174,C
1-PB2,103,1177,0,0,0,1177,A
1-PB2,104,0,0,0,1208,1208,C
1-PB2,105,1206,1,0,0,1207,A
1-PB2,106,0,1215,0,0,1215,T
1-PB2,107,1,1,0,1215,1217,C
1-PB2,108,0,7,1202,0,1209,G
1-PB2,109,0,2,1213,0,1215,G
1-PB2,110,0,1,1214,0,1215,G
1-PB2,111,2,6,1208,0,1216,G
1-PB2,112,1212,0,1,0,1213,A
1-PB2,113,2,4,1214,1,1221,G
1-PB2,114,1217,1,0,0,1218,A
1-PB2,115,0,1,0,1239,1240,C
1-PB2,116,1232,0,4,0,1236,A
1-PB2,117,0,2,1240,0,1242,G
1-PB2,118,0,4,1268,0,1272,G
1-PB2,119,1274,0,2,0,1276,A
1-PB2,120,1274,0,0,0,1274,A
1-PB2,121,1275,0,0,1,1276,A
1-PB2,122,1273,0,1,0,1274,A
1-PB2,123,0,4,1275,0,1279,G
1-PB2,124,1274,0,1,0,1275,A
1-PB2,125,1278,0,2,0,1280,A
1-PB2,126,1,0,0,1279,1280,C
1-PB2,127,3,0,0,1278,1281,C
1-PB2,128,1,0,0,1274,1275,C
1-PB2,129,0,1,1280,1,1282,G
1-PB2,130,0,1284,0,3,1287,T
1-PB2,131,3,1,0,1288,1292,C
1-PB2,132,1305,0,0,0,1305,A
1-PB2,133,2,0,0,1318,1320,C
1-PB2,134,0,1313,0,0,1313,T
1-PB2,135,0,1314,0,0,1314,T
1-PB2,136,1314,0,0,0,1314,A
1-PB2,137,1,3,1337,0,1341,G
1-PB2,138,0,3,1340,0,1343,G
1-PB2,139,1340,2,0,0,1342,A
1-PB2,140,0,1344,0,0,1344,T
1-PB2,141,2,6,1347,1,1356,G
1-PB2,142,1376,1,0,0,1377,A
1-PB2,143,1379,0,0,0,1379,A
1-PB2,144,1385,0,0,0,1385,A
1-PB2,145,0,1386,0,0,1386,T
1-PB2,146,0,4,1393,0,1397,G
1-PB2,147,1,2,1409,0,1412,G
1-PB2,148,1408,0,4,0,1412,A
1-PB2,149,0,1411,0,0,1411,T
1-PB2,150,1,7,1399,0,1407,G
1-PB2,151,1396,0,3,0,1399,A
1-PB2,152,0,1406,0,0,1406,T
1-PB2,153,2,5,1406,1,1414,G
1-PB2,154,1,1,1416,1,1419,G
1-PB2,155,0,0,0,1417,1417,C
1-PB2,156,1400,0,1,0,1401,A
1-PB2,157,1420,0,1,0,1421,A
1-PB2,158,1,1422,0,0,1423,T
1-PB2,159,0,6,1457,0,1463,G
1-PB2,160,1464,0,0,0,1464,A
1-PB2,161,1461,1,2,0,1464,A
1-PB2,162,1471,1,2,0,1474,A
1-PB2,163,0,1476,0,1,1477,T
1-PB2,164,1478,0,1,0,1479,A
1-PB2,165,0,1,0,1507,1508,C
1-PB2,166,2,0,0,1500,1502,C
1-PB2,167,1,0,0,1504,1505,C
1-PB2,168,1510,0,0,0,1510,A
1-PB2,169,1513,0,0,0,1513,A
1-PB2,170,1,1509,0,0,1510,T
1-PB2,171,8,0,0,1507,1515,C
1-PB2,172,1509,0,0,0,1509,A
1-PB2,173,2,1,0,1539,1542,C
1-PB2,174,0,1522,0,1,1523,T
1-PB2,175,0,0,1537,0,1537,G
1-PB2,176,0,0,0,1533,1533,C
1-PB2,177,0,1534,1,0,1535,T
1-PB2,178,0,6,1537,0,1543,G
1-PB2,179,1544,1,1,0,1546,A
1-PB2,180,1,0,0,1553,1554,C
1-PB2,181,1557,0,0,0,1557,A
1-PB2,182,1535,0,0,0,1535,A
1-PB2,183,1542,0,0,0,1542,A
1-PB2,184,1538,0,3,0,1541,A
1-PB2,185,1,4,1556,2,1563,G
1-PB2,186,1,5,1559,0,1565,G
1-PB2,187,1553,0,3,0,1556,A
1-PB2,188,0,1560,0,1,1561,T
1-PB2,189,1552,0,1,0,1553,A
1-PB2,190,1563,0,1,0,1564,A
1-PB2,191,1,1,0,1585,1587,C
1-PB2,192,1579,0,0,0,1579,A
1-PB2,193,0,3,1579,0,1582,G
1-PB2,194,1565,1,1,0,1567,A
1-PB2,195,1562,0,1,0,1563,A
1-PB2,196,1567,0,2,0,1569,A
1-PB2,197,0,1567,0,2,1569,T
1-PB2,198,0,7,1564,0,1571,G
1-PB2,199,0,0,1586,0,1586,G
1-PB2,200,0,1573,0,0,1573,T
1-PB2,201,0,1560,0,1,1561,T
1-PB2,202,4,0,0,1561,1565,C
1-PB2,203,5,0,0,1558,1563,C
1-PB2,204,0,5,1573,0,1578,G
1-PB2,205,0,2,1570,1,1573,G
1-PB2,206,1571,0,1,0,1572,A
1-PB2,207,0,9,1571,0,1580,G
1-PB2,208,1555,2,1,0,1558,A
1-PB2,209,0,1,1584,0,1585,G
1-PB2,210,1580,1,1,1,1583,A
1-PB2,211,1584,1,1,0,1586,A
1-PB2,212,1583,0,2,0,1585,A
1-PB2,213,0,1582,0,0,1582,T
1-PB2,214,0,15,1589,0,1604,G
1-PB2,215,1610,1,0,0,1611,A
1-PB2,216,1609,0,6,0,1615,A
1-PB2,217,0,1,0,1612,1613,C
1-PB2,218,1593,0,0,0,1593,A
1-PB2,219,1592,0,2,0,1594,A
1-PB2,220,1,3,1622,0,1626,G
1-PB2,221,0,3,1646,0,1649,G
1-PB2,222,1649,0,1,1,1651,A
1-PB2,223,1,0,0,1643,1644,C
1-PB2,224,1630,1,0,0,1631,A
1-PB2,225,1637,0,2,0,1639,A
1-PB2,226,1639,0,0,0,1639,A
1-PB2,227,1,0,0,1634,1635,C
1-PB2,228,4,0,0,1576,1580,C
1-PB2,229,3,0,0,1684,1687,C
1-PB2,230,0,1685,0,1,1686,T
1-PB2,231,1700,0,0,0,1700,A
1-PB2,232,0,1696,0,0,1696,T
1-PB2,233,0,2,1718,0,1720,G
1-PB2,234,2,7,1748,0,1757,G
1-PB2,235,1690,0,1,0,1691,A
1-PB2,236,0,1,1700,0,1701,G
1-PB2,237,0,1700,0,1,1701,T
1-PB2,238,1683,0,1,0,1684,A
1-PB2,239,1691,0,0,0,1691,A
1-PB2,240,1686,1,0,0,1687,A
1-PB2,241,1683,1,2,0,1686,A
1-PB2,242,0,1674,0,0,1674,T
1-PB2,243,0,12,1669,0,1681,G
1-PB2,244,1650,1,1,0,1652,A
1-PB2,245,0,1,1659,0,1660,G
1-PB2,246,0,1642,0,0,1642,T
1-PB2,247,0,5,1639,0,1644,G
1-PB2,248,1659,0,2,0,1661,A
1-PB2,249,1,1661,0,0,1662,T
1-PB2,250,2,1,1665,0,1668,G
1-PB2,251,0,1,2,1665,1668,C
1-PB2,252,0,1660,0,1,1661,T
1-PB2,253,1,6,1712,0,1719,G
1-PB2,254,1,7,1711,0,1719,G
1-PB2,255,1749,0,0,0,1749,A
1-PB2,256,0,1744,0,1,1745,T
1-PB2,257,4,3,0,1733,1740,C
1-PB2,258,1746,1,0,1,1748,A
1-PB2,259,2,3,1793,0,1798,G
1-PB2,260,1801,1,0,0,1802,A
1-PB2,261,0,1804,0,0,1804,T
1-PB2,262,1749,0,1,0,1750,A
1-PB2,263,0,4,1797,0,1801,G
1-PB2,264,1779,0,2,1,1782,A
1-PB2,265,0,1,1808,0,1809,G
1-PB2,266,0,1785,0,1,1786,T
1-PB2,267,1,5,1775,0,1781,G
1-PB2,268,1747,1,1,0,1749,A
1-PB2,269,1,1749,0,1,1751,T
1-PB2,270,0,5,1769,0,1774,G
1-PB2,271,0,1,1808,0,1809,G
1-PB2,272,0,1776,0,2,1778,T
1-PB2,273,1774,1,4,0,1779,A
1-PB2,274,0,1757,0,4,1761,T
1-PB2,275,4,0,0,1766,1770,C
1-PB2,276,1802,0,2,0,1804,A
1-PB2,277,2,0,0,1828,1830,C
1-PB2,278,4,0,1,1829,1834,C
1-PB2,279,1,1785,0,1,1787,T
1-PB2,280,0,1775,0,2,1777,T
1-PB2,281,1,1779,0,1,1781,T
1-PB2,282,1,7,1796,0,1804,G
1-PB2,283,0,1,1815,0,1816,G
1-PB2,284,0,0,0,1826,1826,C
1-PB2,285,0,1797,0,3,1800,T
1-PB2,286,0,2,1816,0,1818,G
1-PB2,287,1,1817,0,2,1820,T
1-PB2,288,1827,0,3,0,1830,A
1-PB2,289,1835,0,2,0,1837,A
1-PB2,290,0,2,1,1830,1833,C
1-PB2,291,1819,1,2,1,1823,A
1-PB2,292,0,1810,0,1,1811,T
1-PB2,293,1,6,1786,0,1793,G
1-PB2,294,2,1,1821,0,1824,G
1-PB2,295,1,1809,0,2,1812,T
1-PB2,296,0,2,1810,0,1812,G
1-PB2,297,0,6,1831,0,1837,G
1-PB2,298,1831,1,2,0,1834,A
1-PB2,299,1846,0,0,0,1846,A
1-PB2,300,0,1842,0,0,1842,T
1-PB2,301,1835,1,0,0,1836,A
1-PB2,302,0,7,1859,1,1867,G
1-PB2,303,1846,0,1,0,1847,A
1-PB2,304,1841,0,2,0,1843,A
1-PB2,305,1843,0,1,0,1844,A
1-PB2,306,1,1811,1,0,1813,T
1-PB2,307,1,8,1806,0,1815,G
1-PB2,308,0,4,1808,0,1812,G
1-PB2,309,1815,0,2,0,1817,A
1-PB2,310,0,0,0,1825,1825,C
1-PB2,311,1,0,0,1801,1802,C
1-PB2,312,6,0,0,1797,1803,C
1-PB2,313,3,1,1806,0,1810,G
1-PB2,314,0,1811,0,1,1812,T
1-PB2,315,1,14,1834,0,1849,G
1-PB2,316,1846,0,3,0,1849,A
1-PB2,317,2,0,0,1858,1860,C
1-PB2,318,1862,0,1,0,1863,A
1-PB2,319,1843,1,0,0,1844,A
1-PB2,320,0,3,1883,0,1886,G
1-PB2,321,0,1878,0,0,1878,T
1-PB2,322,1875,0,2,0,1877,A
1-PB2,323,1,3,0,1865,1869,C
1-PB2,324,0,6,1843,0,1849,G
1-PB2,325,0,1,1908,0,1909,G
1-PB2,326,0,1893,0,6,1899,T
1-PB2,327,4,1,0,1907,1912,C
1-PB2,328,4,2,0,1903,1909,C
1-PB2,329,1877,0,0,0,1877,A
1-PB2,330,0,1885,0,1,1886,T
1-PB2,331,0,1883,0,2,1885,T
1-PB2,332,1959,0,1,0,1960,A
1-PB2,333,1,0,0,1952,1953,C
1-PB2,334,5,1,0,1905,1911,C
1-PB2,335,10,3,0,1893,1906,C
1-PB2,336,1893,0,0,0,1893,A
1-PB2,337,1901,0,1,0,1902,A
1-PB2,338,1904,0,1,0,1905,A
1-PB2,339,1896,0,1,0,1897,A
1-PB2,340,0,3,1924,0,1927,G
1-PB2,341,1,1865,1,0,1867,T
1-PB2,342,0,2,1888,1,1891,G
1-PB2,343,0,1893,0,2,1895,T
1-PB2,344,1889,0,1,0,1890,A
1-PB2,345,0,0,0,1894,1894,C
1-PB2,346,1868,0,0,0,1868,A
1-PB2,347,1870,1,1,1,1873,A
1-PB2,348,0,4,1885,0,1889,G
1-PB2,349,1876,0,0,1,1877,A
1-PB2,350,2,0,0,1874,1876,C
1-PB2,351,0,1843,1,3,1847,T
1-PB2,352,0,1863,1,2,1866,T
1-PB2,353,1864,0,0,0,1864,A
1-PB2,354,0,1866,0,1,1867,T
1-PB2,355,0,1864,0,0,1864,T
1-PB2,356,0,1863,0,1,1864,T
1-PB2,357,8,1,0,1843,1852,C
1-PB2,358,0,12,1832,0,1844,G
1-PB2,359,1840,0,3,0,1843,A
1-PB2,360,2,1,1,1840,1844,C
1-PB2,361,1835,0,0,0,1835,A
1-PB2,362,1836,0,0,0,1836,A
1-PB2,363,1834,0,1,0,1835,A
1-PB2,364,0,2,1847,0,1849,G
1-PB2,365,0,1850,0,0,1850,T
1-PB2,366,15,0,0,1835,1850,C
1-PB2,367,2,6,1840,0,1848,G
1-PB2,368,1845,1,1,0,1847,A
1-PB2,369,1841,1,1,1,1844,A
1-PB2,370,1846,0,0,0,1846,A
1-PB2,371,0,1,1893,0,1894,G
1-PB2,372,1,4,1894,0,1899,G
1-PB2,373,0,1881,0,1,1882,T
1-PB2,374,1,1872,1,1,1875,T
1-PB2,375,1873,1,0,0,1874,A
1-PB2,376,1870,0,0,1,1871,A
1-PB2,377,1872,0,3,0,1875,A
1-PB2,378,1891,0,3,0,1894,A
1-PB2,379,1,0,0,1902,1903,C
1-PB2,380,1866,0,0,1,1867,A
1-PB2,381,0,1859,0,0,1859,T
1-PB2,382,2,4,1850,0,1856,G
1-PB2,383,1,6,1849,1,1857,G
1-PB2,384,1857,0,1,0,1858,A
1-PB2,385,1864,1,1,0,1866,A
1-PB2,386,2,1,1,1900,1904,C
1-PB2,387,5,1,0,1902,1908,C
1-PB2,388,1,1889,0,0,1890,T
1-PB2,389,0,1898,0,2,1900,T
1-PB2,390,0,1896,0,3,1899,T
1-PB2,391,0,7,1886,0,1893,G
1-PB2,392,0,1,1915,0,1916,G
1-PB2,393,1,3,0,1906,1910,C
1-PB2,394,10,1,0,1887,1898,C
1-PB2,395,4,1,0,1898,1903,C
1-PB2,396,1,1836,0,4,1841,T
1-PB2,397,1,2,1864,0,1867,G
1-PB2,398,0,1861,0,1,1862,T
1-PB2,399,0,1859,0,4,1863,T
1-PB2,400,12,0,0,1854,1866,C
1-PB2,401,1849,0,0,1,1850,A
1-PB2,402,1,1851,0,1,1853,T
1-PB2,403,0,1845,0,2,1847,T
1-PB2,404,0,1856,0,1,1857,T
1-PB2,405,1,1794,0,58,1853,T
1-PB2,406,1829,0,2,1,1832,A
1-PB2,407,0,5,1824,0,1829,G
1-PB2,408,1828,0,0,0,1828,A
1-PB2,409,1828,0,1,0,1829,A
1-PB2,410,1817,1,1,0,1819,A
1-PB2,411,0,1814,0,0,1814,T
1-PB2,412,11,0,0,1805,1816,C
1-PB2,413,1807,1,0,0,1808,A
1-PB2,414,1823,0,2,0,1825,A
1-PB2,415,0,0,1829,0,1829,G
1-PB2,416,1,1828,0,0,1829,T
1-PB2,417,12,0,0,1819,1831,C
1-PB2,418,1853,0,0,0,1853,A
1-PB2,419,1851,2,2,1,1856,A
1-PB2,420,0,3,1854,0,1857,G
1-PB2,421,1862,1,1,0,1864,A
1-PB2,422,0,1865,0,0,1865,T
1-PB2,423,1884,0,1,0,1885,A
1-PB2,424,2,1,0,1875,1878,C
1-PB2,425,2,1,1872,0,1875,G
1-PB2,426,1,0,0,1908,1909,C
1-PB2,427,1885,1,1,0,1887,A
1-PB2,428,0,1,1907,0,1908,G
1-PB2,429,1899,1,2,0,1902,A
1-PB2,430,1918,0,1,0,1919,A
1-PB2,431,0,3,1961,0,1964,G
1-PB2,432,1929,0,0,0,1929,A
1-PB2,433,2,1,1932,0,1935,G
1-PB2,434,0,1918,0,0,1918,T
1-PB2,435,1910,0,2,0,1912,A
1-PB2,436,0,5,1935,0,1940,G
1-PB2,437,1940,1,4,0,1945,A
1-PB2,438,1,0,0,1998,1999,C
1-PB2,439,1967,0,1,1,1969,A
1-PB2,440,0,1938,0,0,1938,T
1-PB2,441,1928,0,0,0,1928,A
1-PB2,442,1924,0,0,1,1925,A
1-PB2,443,1936,0,2,1,1939,A
1-PB2,444,2,2,1,1948,1953,C
1-PB2,445,3,0,0,1926,1929,C
1-PB2,446,10,0,0,1899,1909,C
1-PB2,447,0,1816,0,2,1818,T
1-PB2,448,0,7,1835,1,1843,G
1-PB2,449,1,3,1863,0,1867,G
1-PB2,450,0,1872,0,1,1873,T
1-PB2,451,8,0,0,1854,1862,C
1-PB2,452,1882,0,0,0,1882,A
1-PB2,453,1,1869,0,1,1871,T
1-PB2,454,0,2,1895,0,1897,G
1-PB2,455,2,0,0,1894,1896,C
1-PB2,456,1881,0,2,0,1883,A
1-PB2,457,1,6,1888,0,1895,G
1-PB2,458,1858,0,2,0,1860,A
1-PB2,459,2,3,1,1874,1880,C
1-PB2,460,3,1,0,1872,1876,C
1-PB2,461,1,1851,0,3,1855,T
1-PB2,462,3,0,0,1859,1862,C
1-PB2,463,1843,0,1,0,1844,A
1-PB2,464,0,1,1884,0,1885,G
1-PB2,465,0,1880,0,2,1882,T
1-PB2,466,1,1,1883,0,1885,G
1-PB2,467,1,14,0,1864,1879,C
1-PB2,468,6,1,0,1846,1853,C
1-PB2,469,1849,0,1,0,1850,A
1-PB2,470,1850,0,0,0,1850,A
1-PB2,471,1842,0,2,0,1844,A
1-PB2,472,0,5,1848,0,1853,G
1-PB2,473,1802,1,4,0,1807,A
1-PB2,474,0,4,1810,0,1814,G
1-PB2,475,3,3,1813,0,1819,G
1-PB2,476,1,1,0,1815,1817,C
1-PB2,477,1816,0,1,0,1817,A
1-PB2,478,2,0,0,1814,1816,C
1-PB2,479,1820,0,0,0,1820,A
1-PB2,480,1854,0,0,0,1854,A
1-PB2,481,0,5,1868,0,1873,G
1-PB2,482,1898,0,1,0,1899,A
1-PB2,483,0,1883,0,1,1884,T
1-PB2,484,1,1,1885,0,1887,G
1-PB2,485,1,1880,0,1,1882,T
1-PB2,486,1888,1,0,0,1889,A
1-PB2,487,1881,0,0,0,1881,A
1-PB2,488,0,1879,1,0,1880,T
1-PB2,489,5,0,1,1758,1764,C
1-PB2,490,1784,0,1,0,1785,A
1-PB2,491,0,1787,0,0,1787,T
1-PB2,492,0,6,1782,0,1788,G
1-PB2,493,0,2,1786,0,1788,G
1-PB2,494,1786,0,0,0,1786,A
1-PB2,495,1773,1,0,0,1774,A
1-PB2,496,0,1,1774,0,1775,G
1-PB2,497,0,1770,0,0,1770,T
1-PB2,498,0,1764,0,1,1765,T
1-PB2,499,1,1,1770,1,1773,G
1-PB2,500,1,1760,1,1,1763,T
1-PB2,501,1,1754,1,1,1757,T
1-PB2,502,0,1761,1,1,1763,T
1-PB2,503,0,1761,1,0,1762,T
1-PB2,504,1,1763,1,2,1767,T
1-PB2,505,8,2,0,1758,1768,C
1-PB2,506,3,1,0,1761,1765,C
1-PB2,507,2,0,0,1763,1765,C
1-PB2,508,1764,0,0,1,1765,A
1-PB2,509,1772,1,0,0,1773,A
1-PB2,510,0,1771,0,0,1771,T
1-PB2,511,0,5,1776,0,1781,G
1-PB2,512,1786,1,0,1,1788,A
1-PB2,513,1776,1,1,2,1780,A
1-PB2,514,2,0,1801,0,1803,G
1-PB2,515,0,1792,1,0,1793,T
1-PB2,516,0,8,1780,0,1788,G
1-PB2,517,0,4,1779,0,1783,G
1-PB2,518,2,1,1785,1,1789,G
1-PB2,519,1797,1,1,0,1799,A
1-PB2,520,0,0,1795,0,1795,G
1-PB2,521,1,2,0,1782,1785,C
1-PB2,522,2,0,2,1784,1788,C
1-PB2,523,1782,0,1,1,1784,A
1-PB2,524,1,7,1825,0,1833,G
1-PB2,525,0,3,1837,0,1840,G
1-PB2,526,1853,0,0,0,1853,A
1-PB2,527,0,1841,0,3,1844,T
1-PB2,528,1829,1,3,0,1833,A
1-PB2,529,2,2,0,1825,1829,C
1-PB2,530,1,1819,1,1,1822,T
1-PB2,531,1816,0,0,0,1816,A
1-PB2,532,1811,0,2,1,1814,A
1-PB2,533,1,0,0,1823,1824,C
1-PB2,534,1781,0,0,0,1781,A
1-PB2,535,0,1766,0,1,1767,T
1-PB2,536,3,0,0,1768,1771,C
1-PB2,537,1751,0,2,0,1753,A
1-PB2,538,0,1,1766,0,1767,G
1-PB2,539,1766,0,1,0,1767,A
1-PB2,540,1767,0,2,0,1769,A
1-PB2,541,0,1767,0,2,1769,T
1-PB2,542,12,2,1,1725,1740,C
1-PB2,543,1739,0,2,0,1741,A
1-PB2,544,3,0,1,1764,1768,C
1-PB2,545,1766,0,0,0,1766,A
1-PB2,546,1775,0,0,0,1775,A
1-PB2,547,0,1757,1,0,1758,T
1-PB2,548,0,1756,1,0,1757,T
1-PB2,549,1760,0,1,0,1761,A
1-PB2,550,1771,2,3,0,1776,A
1-PB2,551,1,0,0,1782,1783,C
1-PB2,552,1760,0,0,0,1760,A
1-PB2,553,1759,0,0,0,1759,A
1-PB2,554,0,1774,0,0,1774,T
1-PB2,555,1770,1,1,0,1772,A
1-PB2,556,1781,0,0,0,1781,A
1-PB2,557,2,0,0,1785,1787,C
1-PB2,558,0,1780,1,1,1782,T
1-PB2,559,1768,0,0,0,1768,A
1-PB2,560,1761,0,1,0,1762,A
1-PB2,561,1756,2,2,1,1761,A
1-PB2,562,1,3,1764,0,1768,G
1-PB2,563,1742,0,1,0,1743,A
1-PB2,564,0,5,1754,0,1759,G
1-PB2,565,1742,0,5,0,1747,A
1-PB2,566,1752,0,0,0,1752,A
1-PB2,567,1745,0,2,0,1747,A
1-PB2,568,1751,0,1,0,1752,A
1-PB2,569,1763,0,0,0,1763,A
1-PB2,570,1757,0,0,0,1757,A
1-PB2,571,0,2,1759,0,1761,G
1-PB2,572,1757,0,2,0,1759,A
1-PB2,573,1752,0,2,0,1754,A
1-PB2,574,0,5,1748,0,1753,G
1-PB2,575,1751,1,1,0,1753,A
1-PB2,576,1751,0,0,0,1751,A
1-PB2,577,1,1,0,1763,1765,C
1-PB2,578,0,1749,0,0,1749,T
1-PB2,579,6,0,0,1746,1752,C
1-PB2,580,4,1,0,1751,1756,C
1-PB2,581,1,9,1749,1,1760,G
1-PB2,582,1759,0,0,0,1759,A
1-PB2,583,0,3,1755,0,1758,G
1-PB2,584,1751,1,0,0,1752,A
1-PB2,585,0,1753,0,0,1753,T
1-PB2,586,0,1726,0,1,1727,T
1-PB2,587,0,0,1734,0,1734,G
1-PB2,588,0,0,0,1729,1729,C
1-PB2,589,1737,1,0,0,1738,A
1-PB2,590,1736,1,0,0,1737,A
1-PB2,591,1734,1,0,0,1735,A
1-PB2,592,1743,0,0,0,1743,A
1-PB2,593,0,1743,0,0,1743,T
1-PB2,594,0,1740,0,1,1741,T
1-PB2,595,0,1739,0,1,1740,T
1-PB2,596,6,0,0,1728,1734,C
1-PB2,597,0,1724,0,5,1729,T
1-PB2,598,7,0,0,1802,1809,C
1-PB2,599,5,1,0,1808,1814,C
1-PB2,600,12,0,0,1898,1910,C
1-PB2,601,1,1888,1,0,1890,T
1-PB2,602,0,1905,0,0,1905,T
1-PB2,603,0,4,1909,0,1913,G
1-PB2,604,1918,0,2,0,1920,A
1-PB2,605,1,1949,0,3,1953,T
1-PB2,606,2,13,1965,0,1980,G
1-PB2,607,1,0,2148,3,2152,G
1-PB2,608,1,2182,0,1,2184,T
1-PB2,609,0,2170,0,0,2170,T
1-PB2,610,1,1,2310,0,2312,G
1-PB2,611,4,0,0,2309,2313,C
1-PB2,612,2356,1,1,1,2359,A
1-PB2,613,1,2357,0,2,2360,T
1-PB2,614,2374,0,1,3,2378,A
1-PB2,615,2,0,0,2475,2477,C
1-PB2,616,2663,1,1,7,2672,A
1-PB2,617,0,2716,0,1,2717,T
1-PB2,618,1,1,2808,0,2810,G
1-PB2,619,1,2779,0,2,2782,T
1-PB2,620,0,2786,0,0,2786,T
1-PB2,621,2776,1,2,0,2779,A
1-PB2,622,1,10,2771,0,2782,G
1-PB2,623,2795,0,2,0,2797,A
1-PB2,624,0,10,2821,0,2831,G
1-PB2,625,2731,1,3,0,2735,A
1-PB2,626,0,9,2734,0,2743,G
1-PB2,627,2697,1,3,0,2701,A
1-PB2,628,2,11,2707,0,2720,G
1-PB2,629,2710,0,5,1,2716,A
1-PB2,630,2727,0,0,0,2727,A
1-PB2,631,0,1,0,2745,2746,C
1-PB2,632,0,2720,0,4,2724,T
1-PB2,633,0,2721,0,1,2722,T
1-PB2,634,0,1,2728,0,2729,G
1-PB2,635,0,2719,0,1,2720,T
1-PB2,636,2726,0,3,1,2730,A
1-PB2,637,3,4,0,2708,2715,C
1-PB2,638,2,14,2697,0,2713,G
1-PB2,639,2718,0,1,1,2720,A
1-PB2,640,2703,0,0,0,2703,A
1-PB2,641,2724,1,3,0,2728,A
1-PB2,642,2728,0,3,1,2732,A
1-PB2,643,2721,1,0,5,2727,A
1-PB2,644,0,0,0,2736,2736,C
1-PB2,645,2727,0,3,1,2731,A
1-PB2,646,2734,0,5,0,2739,A
1-PB2,647,1,9,2754,0,2764,G
1-PB2,648,2772,0,0,1,2773,A
1-PB2,649,0,2775,1,2,2778,T
1-PB2,650,0,2768,0,1,2769,T
1-PB2,651,0,2779,0,2,2781,T
1-PB2,652,3,1,0,2774,2778,C
1-PB2,653,0,2799,1,3,2803,T
1-PB2,654,7,0,0,2795,2802,C
1-PB2,655,5,0,1,2792,2798,C
1-PB2,656,8,1,0,2805,2814,C
1-PB2,657,2809,0,0,0,2809,A
1-PB2,658,0,0,2840,0,2840,G
1-PB2,659,1,2837,0,3,2841,T
1-PB2,660,0,2825,0,0,2825,T
1-PB2,661,1,1,2832,0,2834,G
1-PB2,662,2,0,1,2826,2829,C
1-PB2,663,0,2822,0,6,2828,T
1-PB2,664,0,5,2834,0,2839,G
1-PB2,665,2,0,2828,0,2830,G
1-PB2,666,1,5,1,2829,2836,C
1-PB2,667,1,7,2824,0,2832,G
1-PB2,668,0,12,2857,0,2869,G
1-PB2,669,2866,1,8,0,2875,A
1-PB2,670,2874,0,3,0,2877,A
1-PB2,671,4,0,0,2880,2884,C
1-PB2,672,2906,0,0,0,2906,A
1-PB2,673,2910,1,2,0,2913,A
1-PB2,674,2,3,3020,0,3025,G
1-PB2,675,4,0,0,3063,3067,C
1-PB2,676,3078,0,1,0,3079,A
1-PB2,677,1,1,3640,1,3643,G
1-PB2,678,1,3640,0,1,3642,T
1-PB2,679,3661,0,1,0,3662,A
1-PB2,680,0,3657,0,2,3659,T
1-PB2,681,3665,0,3,0,3668,A
1-PB2,682,0,3661,0,0,3661,T
1-PB2,683,3581,0,3,0,3584,A
1-PB2,684,1,2,0,3611,3614,C
1-PB2,685,3450,0,1,0,3451,A
1-PB2,686,0,3280,0,3,3283,T
1-PB2,687,1,3172,0,2,3175,T
1-PB2,688,0,13,3171,0,3184,G
1-PB2,689,3186,0,0,0,3186,A
1-PB2,690,3164,0,0,0,3164,A
1-PB2,691,0,6,3195,0,3201,G
1-PB2,692,0,3192,0,2,3194,T
1-PB2,693,0,3166,2,1,3169,T
1-PB2,694,0,3173,0,1,3174,T
1-PB2,695,0,3179,0,1,3180,T
1-PB2,696,3208,2,1,1,3212,A
1-PB2,697,4,1,0,3231,3236,C
1-PB2,698,3235,0,2,0,3237,A
1-PB2,699,2,3229,0,1,3232,T
1-PB2,700,2,3214,0,0,3216,T
1-PB2,701,1,3215,0,1,3217,T
1-PB2,702,0,20,3241,0,3261,G
1-PB2,703,3266,2,2,0,3270,A
1-PB2,704,6,0,0,3278,3284,C
1-PB2,705,0,3268,0,2,3270,T
1-PB2,706,8,4,0,3254,3266,C
1-PB2,707,3253,0,2,0,3255,A
1-PB2,708,2,11,3217,0,3230,G
1-PB2,709,0,11,3291,0,3302,G
1-PB2,710,0,12,3298,0,3310,G
1-PB2,711,3314,2,2,0,3318,A
1-PB2,712,3319,0,2,0,3321,A
1-PB2,713,5,1,0,3315,3321,C
1-PB2,714,1,2,3333,0,3336,G
1-PB2,715,0,3338,0,3,3341,T
1-PB2,716,0,2,3349,0,3351,G
1-PB2,717,0,3340,0,0,3340,T
1-PB2,718,0,3329,0,0,3329,T
1-PB2,719,2,6,3336,0,3344,G
1-PB2,720,1,5,3333,0,3339,G
1-PB2,721,0,6,3374,0,3380,G
1-PB2,722,3358,0,2,0,3360,A
1-PB2,723,3342,1,3,0,3346,A
1-PB2,724,2,0,0,3413,3415,C
1-PB2,725,3386,0,0,0,3386,A
1-PB2,726,3472,0,1,0,3473,A
1-PB2,727,3489,0,2,1,3492,A
1-PB2,728,1,3520,0,0,3521,T
1-PB2,729,3,2,3564,0,3569,G
1-PB2,730,0,3546,0,1,3547,T
1-PB2,731,3548,2,0,0,3550,A
1-PB2,732,1,1,0,3566,3568,C
1-PB2,733,3500,1,2,0,3503,A
1-PB2,734,0,0,0,3505,3505,C
1-PB2,735,2,3376,0,4,3382,T
1-PB2,736,10,0,0,3653,3663,C
1-PB2,737,7,2,0,3664,3673,C
1-PB2,738,3719,2,0,1,3722,A
1-PB2,739,0,7,3739,1,3747,G
1-PB2,740,1,5,3800,0,3806,G
1-PB2,741,1,3793,0,1,3795,T
1-PB2,742,1,13,3781,0,3795,G
1-PB2,743,0,12,3700,0,3712,G
1-PB2,744,3663,0,7,0,3670,A
1-PB2,745,5,15,3660,1,3681,G
1-PB2,746,0,21,3662,0,3683,G
1-PB2,747,3610,3,6,1,3620,A
1-PB2,748,1,0,3646,0,3647,G
1-PB2,749,0,3558,0,5,3563,T
1-PB2,750,0,11,3567,0,3578,G
1-PB2,751,3577,1,2,1,3581,A
1-PB2,752,0,10,3583,1,3594,G
1-PB2,753,1,11,3591,1,3604,G
1-PB2,754,3583,0,4,1,3588,A
1-PB2,755,3589,0,1,1,3591,A
1-PB2,756,0,3583,0,0,3583,T
1-PB2,757,1,18,3551,0,3570,G
1-PB2,758,3573,0,3,0,3576,A
1-PB2,759,3,3,0,3556,3562,C
1-PB2,760,1,11,3552,0,3564,G
1-PB2,761,3589,0,1,1,3591,A
1-PB2,762,1,3564,0,0,3565,T
1-PB2,763,4,1,3590,0,3595,G
1-PB2,764,1,3585,0,0,3586,T
1-PB2,765,1,3552,0,0,3553,T
1-PB2,766,1,17,3562,0,3580,G
1-PB2,767,3573,1,1,0,3575,A
1-PB2,768,3,2,0,3578,3583,C
1-PB2,769,10,1,1,3564,3576,C
1-PB2,770,3535,0,0,1,3536,A
1-PB2,771,3535,2,2,0,3539,A
1-PB2,772,3546,1,3,1,3551,A
1-PB2,773,0,2,3600,0,3602,G
1-PB2,774,5,4,0,3604,3613,C
1-PB2,775,6,1,0,3585,3592,C
1-PB2,776,0,3617,1,1,3619,T
1-PB2,777,3621,0,5,1,3627,A
1-PB2,778,3624,1,2,0,3627,A
1-PB2,779,0,3639,0,1,3640,T
1-PB2,780,0,3624,0,0,3624,T
1-PB2,781,3589,0,2,0,3591,A
1-PB2,782,0,3531,0,2,3533,T
1-PB2,783,1,3516,0,1,3518,T
1-PB2,784,0,2,3505,0,3507,G
1-PB2,785,5,4,1,3480,3490,C
1-PB2,786,7,12,3479,0,3498,G
1-PB2,787,1,1,3553,0,3555,G
1-PB2,788,4,0,0,3544,3548,C
1-PB2,789,7,0,0,3566,3573,C
1-PB2,790,3565,0,0,0,3565,A
1-PB2,791,0,3,3605,1,3609,G
1-PB2,792,0,11,3630,0,3641,G
1-PB2,793,3632,2,2,0,3636,A
1-PB2,794,3644,0,5,0,3649,A
1-PB2,795,3,1,0,3661,3665,C
1-PB2,796,3595,0,1,0,3596,A
1-PB2,797,1,3649,0,2,3652,T
1-PB2,798,3696,0,2,0,3698,A
1-PB2,799,0,2,3728,2,3732,G
1-PB2,800,1,3682,0,0,3683,T
1-PB2,801,3670,0,3,0,3673,A
1-PB2,802,3669,0,3,0,3672,A
1-PB2,803,0,9,3669,0,3678,G
1-PB2,804,3654,1,1,0,3656,A
1-PB2,805,3583,0,1,0,3584,A
1-PB2,806,2,5,3555,0,3562,G
1-PB2,807,3457,2,8,0,3467,A
1-PB2,808,1,1,3463,0,3465,G
1-PB2,809,3,2,0,3450,3455,C
1-PB2,810,8,2,0,3444,3454,C
1-PB2,811,4,0,3464,0,3468,G
1-PB2,812,0,2,0,3489,3491,C
1-PB2,813,3494,0,3,0,3497,A
1-PB2,814,2,1,3698,0,3701,G
1-PB2,815,0,3692,0,0,3692,T
1-PB2,816,3702,0,2,0,3704,A
1-PB2,817,0,3680,0,3,3683,T
1-PB2,818,12,1,1,3694,3708,C
1-PB2,819,3693,0,2,0,3695,A
1-PB2,820,1,2,3696,0,3699,G
1-PB2,821,1,0,2,3690,3693,C
1-PB2,822,3543,0,0,0,3543,A
1-PB2,823,1,7,3501,0,3509,G
1-PB2,824,3523,1,2,0,3526,A
1-PB2,825,0,3505,1,3,3509,T
1-PB2,826,14,0,0,3517,3531,C
1-PB2,827,15,4,0,3498,3517,C
1-PB2,828,3520,2,0,2,3524,A
1-PB2,829,3,0,0,3529,3532,C
1-PB2,830,0,3522,0,1,3523,T
1-PB2,831,3525,0,2,1,3528,A
1-PB2,832,1,0,3519,0,3520,G
1-PB2,833,4,0,0,3492,3496,C
1-PB2,834,3487,1,0,0,3488,A
1-PB2,835,0,3501,1,3,3505,T
1-PB2,836,8,0,0,3532,3540,C
1-PB2,837,1,3513,0,5,3519,T
1-PB2,838,0,3581,0,2,3583,T
1-PB2,839,1,3600,0,1,3602,T
1-PB2,840,3593,0,0,0,3593,A
1-PB2,841,0,3602,0,2,3604,T
1-PB2,842,0,3588,0,0,3588,T
1-PB2,843,3,12,3571,1,3587,G
1-PB2,844,0,15,3578,0,3593,G
1-PB2,845,3507,0,8,0,3515,A
1-PB2,846,0,4,3529,0,3533,G
1-PB2,847,3485,1,0,0,3486,A
1-PB2,848,1,3461,0,2,3464,T
1-PB2,849,0,1,3518,0,3519,G
1-PB2,850,0,3523,0,2,3525,T
1-PB2,851,1,1,3517,0,3519,G
1-PB2,852,4,2,0,3528,3534,C
1-PB2,853,10,1,0,3515,3526,C
1-PB2,854,3517,0,2,0,3519,A
1-PB2,855,4,1,0,3511,3516,C
1-PB2,856,3458,0,4,0,3462,A
1-PB2,857,1,1,3504,0,3506,G
1-PB2,858,1,1,0,3438,3440,C
1-PB2,859,3419,0,2,0,3421,A
1-PB2,860,0,2,0,3419,3421,C
1-PB2,861,3406,0,0,0,3406,A
1-PB2,862,5,1,0,3430,3436,C
1-PB2,863,3420,0,2,1,3423,A
1-PB2,864,3426,0,0,0,3426,A
1-PB2,865,3425,0,1,0,3426,A
1-PB2,866,1,3337,0,0,3338,T
1-PB2,867,1,3335,0,0,3336,T
1-PB2,868,1,6,3325,0,3332,G
1-PB2,869,0,2,3319,0,3321,G
1-PB2,870,2,6,0,3318,3326,C
1-PB2,871,2,3,3295,0,3300,G
1-PB2,872,0,11,3288,0,3299,G
1-PB2,873,3277,0,4,0,3281,A
1-PB2,874,3357,1,0,0,3358,A
1-PB2,875,2,0,0,3372,3374,C
1-PB2,876,3376,0,1,2,3379,A
1-PB2,877,3364,2,5,0,3371,A
1-PB2,878,1,9,3373,0,3383,G
1-PB2,879,1,4,3371,1,3377,G
1-PB2,880,3392,0,3,0,3395,A
1-PB2,881,0,3226,0,1,3227,T
1-PB2,882,3,9,3212,0,3224,G
1-PB2,883,0,2,3241,0,3243,G
1-PB2,884,0,3201,0,1,3202,T
1-PB2,885,0,7,3191,0,3198,G
1-PB2,886,0,9,3176,0,3185,G
1-PB2,887,3153,0,4,0,3157,A
1-PB2,888,1,0,0,3163,3164,C
1-PB2,889,3110,0,1,1,3112,A
1-PB2,890,0,3436,0,0,3436,T
1-PB2,891,0,3421,1,1,3423,T
1-PB2,892,11,0,0,3405,3416,C
1-PB2,893,2,3359,0,2,3363,T
1-PB2,894,0,3362,0,0,3362,T
1-PB2,895,3360,0,2,1,3363,A
1-PB2,896,0,6,3375,0,3381,G
1-PB2,897,3367,0,1,0,3368,A
1-PB2,898,3,3,0,3363,3369,C
1-PB2,899,2761,0,0,0,2761,A
1-PB2,900,2,5,2793,0,2800,G
1-PB2,901,2775,0,3,0,2778,A
1-PB2,902,2794,0,1,0,2795,A
1-PB2,903,0,3,0,2781,2784,C
1-PB2,904,6,0,0,2773,2779,C
1-PB2,905,9,2,1,2775,2787,C
1-PB2,906,3,11,2776,0,2790,G
1-PB2,907,2793,0,1,0,2794,A
1-PB2,908,0,0,0,2801,2801,C
1-PB2,909,0,2762,0,6,2768,T
1-PB2,910,1,4,2787,0,2792,G
1-PB2,911,2778,2,7,2,2789,A
1-PB2,912,2802,0,2,0,2804,A
1-PB2,913,1,12,2799,1,2813,G
1-PB2,914,2797,0,4,0,2801,A
1-PB2,915,2805,0,1,0,2806,A
1-PB2,916,0,2,1,2805,2808,C
1-PB2,917,2794,0,2,0,2796,A
1-PB2,918,2811,0,1,0,2812,A
1-PB2,919,0,3,2831,0,2834,G
1-PB2,920,2,0,0,2844,2846,C
1-PB2,921,0,2825,0,0,2825,T
1-PB2,922,1,0,2861,0,2862,G
1-PB2,923,0,2849,0,2,2851,T
1-PB2,924,3,3,2882,0,2888,G
1-PB2,925,0,6,2981,0,2987,G
1-PB2,926,2975,0,5,0,2980,A
1-PB2,927,0,2974,0,2,2976,T
1-PB2,928,2943,0,0,1,2944,A
1-PB2,929,0,2909,1,1,2911,T
1-PB2,930,2988,1,3,1,2993,A
1-PB2,931,0,2959,0,1,2960,T
1-PB2,932,2,2,2947,0,2951,G
1-PB2,933,1,1,0,2918,2920,C
1-PB2,934,2810,0,3,1,2814,A
1-PB2,935,2808,0,4,1,2813,A
1-PB2,936,0,2,2816,0,2818,G
1-PB2,937,0,4,2815,0,2819,G
1-PB2,938,0,0,0,2831,2831,C
1-PB2,939,0,2773,0,2,2775,T
1-PB2,940,2,3,2778,0,2783,G
1-PB2,941,2,0,0,2782,2784,C
1-PB2,942,2787,0,0,1,2788,A
1-PB2,943,2793,0,1,0,2794,A
1-PB2,944,2,2783,0,0,2785,T
1-PB2,945,1,9,2772,0,2782,G
1-PB2,946,2,6,2761,1,2770,G
1-PB2,947,3,4,2775,0,2782,G
1-PB2,948,2779,1,3,0,2783,A
1-PB2,949,1,2773,0,0,2774,T
1-PB2,950,1,2751,1,1,2754,T
1-PB2,951,1,9,2750,1,2761,G
1-PB2,952,2749,2,5,1,2757,A
1-PB2,953,3,8,2767,1,2779,G
1-PB2,954,2753,0,5,0,2758,A
1-PB2,955,2751,0,0,0,2751,A
1-PB2,956,0,2733,0,1,2734,T
1-PB2,957,12,2,0,2727,2741,C
1-PB2,958,2725,1,6,0,2732,A
1-PB2,959,0,0,2763,0,2763,G
1-PB2,960,2,0,0,2760,2762,C
1-PB2,961,1,2747,0,4,2752,T
1-PB2,962,11,0,0,2738,2749,C
1-PB2,963,2742,1,0,0,2743,A
1-PB2,964,0,2801,0,1,2802,T
1-PB2,965,5,0,0,2796,2801,C
1-PB2,966,8,0,2,2824,2834,C
1-PB2,967,1,2817,1,1,2820,T
1-PB2,968,1,2803,0,3,2807,T
1-PB2,969,4,0,0,2811,2815,C
1-PB2,970,2815,0,2,0,2817,A
1-PB2,971,0,1,2848,1,2850,G
1-PB2,972,0,2,0,2841,2843,C
1-PB2,973,0,2807,0,2,2809,T
1-PB2,974,0,2813,0,0,2813,T
1-PB2,975,0,2795,0,1,2796,T
1-PB2,976,1,8,2789,0,2798,G
1-PB2,977,1,2,2803,0,2806,G
1-PB2,978,0,2796,0,1,2797,T
1-PB2,979,1,9,2800,0,2810,G
1-PB2,980,2,8,2798,0,2808,G
1-PB2,981,1,1,2826,0,2828,G
1-PB2,982,1,2812,1,0,2814,T
1-PB2,983,0,2796,0,3,2799,T
1-PB2,984,1,2796,1,0,2798,T
1-PB2,985,2812,0,1,0,2813,A
1-PB2,986,5,0,0,2810,2815,C
1-PB2,987,2815,1,0,0,2816,A
1-PB2,988,0,2797,0,0,2797,T
1-PB2,989,1,2756,0,2,2759,T
1-PB2,990,0,2740,0,0,2740,T
1-PB2,991,2740,1,0,0,2741,A
1-PB2,992,2737,0,0,0,2737,A
1-PB2,993,2742,1,1,1,2745,A
1-PB2,994,2721,0,4,0,2725,A
1-PB2,995,0,8,2731,0,2739,G
1-PB2,996,2708,0,2,0,2710,A
1-PB2,997,2715,0,2,0,2717,A
1-PB2,998,1,3,0,2719,2723,C
1-PB2,999,2713,1,2,0,2716,A
1-PB2,1000,2713,1,6,1,2721,A
1-PB2,1001,1,0,2717,0,2718,G
1-PB2,1002,2,1,0,2723,2726,C
1-PB2,1003,3,11,2707,0,2721,G
1-PB2,1004,1,11,2720,2,2734,G
1-PB2,1005,0,1,2734,0,2735,G
1-PB2,1006,0,2728,1,3,2732,T
1-PB2,1007,9,1,0,2716,2726,C
1-PB2,1008,2728,0,2,0,2730,A
1-PB2,1009,1,2718,0,0,2719,T
1-PB2,1010,9,1,0,2711,2721,C
1-PB2,1011,2707,0,2,0,2709,A
1-PB2,1012,2,1,2734,0,2737,G
1-PB2,1013,0,2699,0,2,2701,T
1-PB2,1014,12,1,0,2696,2709,C
1-PB2,1015,2708,2,1,0,2711,A
1-PB2,1016,2721,0,0,0,2721,A
1-PB2,1017,2711,0,0,0,2711,A
1-PB2,1018,2706,0,0,1,2707,A
1-PB2,1019,2719,0,0,0,2719,A
1-PB2,1020,2725,0,2,0,2727,A
1-PB2,1021,1,6,2724,0,2731,G
1-PB2,1022,2716,1,1,0,2718,A
1-PB2,1023,2711,0,3,0,2714,A
1-PB2,1024,0,11,2706,0,2717,G
1-PB2,1025,2707,0,1,1,2709,A
1-PB2,1026,2643,0,8,0,2651,A
1-PB2,1027,0,11,2638,0,2649,G
1-PB2,1028,2637,0,1,1,2639,A
1-PB2,1029,1,3,2639,0,2643,G
1-PB2,1030,0,5,2699,0,2704,G
1-PB2,1031,1,2700,0,1,2702,T
1-PB2,1032,1,2,2749,0,2752,G
1-PB2,1033,3,0,0,2772,2775,C
1-PB2,1034,2,2754,0,5,2761,T
1-PB2,1035,0,2776,0,1,2777,T
1-PB2,1036,2776,0,1,0,2777,A
1-PB2,1037,1,2,0,2771,2774,C
1-PB2,1038,2738,1,1,0,2740,A
1-PB2,1039,0,8,2743,0,2751,G
1-PB2,1040,1,3,2741,0,2745,G
1-PB2,1041,2,2,0,2702,2706,C
1-PB2,1042,2664,0,1,0,2665,A
1-PB2,1043,2672,0,4,0,2676,A
1-PB2,1044,0,2720,0,1,2721,T
1-PB2,1045,6,2,0,2747,2755,C
1-PB2,1046,1,2744,0,3,2748,T
1-PB2,1047,7,0,0,2749,2756,C
1-PB2,1048,6,1,0,2755,2762,C
1-PB2,1049,2753,1,2,0,2756,A
1-PB2,1050,2746,0,1,0,2747,A
1-PB2,1051,2748,0,10,0,2758,A
1-PB2,1052,1,1,0,2759,2761,C
1-PB2,1053,2711,0,0,0,2711,A
1-PB2,1054,1,2677,0,0,2678,T
1-PB2,1055,1,2644,0,0,2645,T
1-PB2,1056,0,4,2642,1,2647,G
1-PB2,1057,2633,0,1,0,2634,A
1-PB2,1058,1,8,2604,0,2613,G
1-PB2,1059,2724,0,1,0,2725,A
1-PB2,1060,2728,0,0,0,2728,A
1-PB2,1061,0,2749,0,2,2751,T
1-PB2,1062,2749,1,0,0,2750,A
1-PB2,1063,2755,1,4,0,2760,A
1-PB2,1064,1,5,2824,0,2830,G
1-PB2,1065,2777,0,6,0,2783,A
1-PB2,1066,0,0,2851,0,2851,G
1-PB2,1067,2,2770,0,0,2772,T
1-PB2,1068,2791,0,0,0,2791,A
1-PB2,1069,1,0,0,2838,2839,C
1-PB2,1070,2808,0,2,0,2810,A
1-PB2,1071,0,2810,0,1,2811,T
1-PB2,1072,2,13,2787,0,2802,G
1-PB2,1073,2730,1,4,0,2735,A
1-PB2,1074,0,10,2739,0,2749,G
1-PB2,1075,0,11,2753,2,2766,G
1-PB2,1076,0,14,2882,0,2896,G
1-PB2,1077,0,1,2904,1,2906,G
1-PB2,1078,1,2848,0,2,2851,T
1-PB2,1079,2857,0,2,0,2859,A
1-PB2,1080,1,2848,0,1,2850,T
1-PB2,1081,0,10,2861,0,2871,G
1-PB2,1082,2859,0,1,1,2861,A
1-PB2,1083,2,5,2844,0,2851,G
1-PB2,1084,0,6,2839,0,2845,G
1-PB2,1085,2634,2,3,0,2639,A
1-PB2,1086,3,0,2737,0,2740,G
1-PB2,1087,1,2711,1,3,2716,T
1-PB2,1088,0,2773,0,7,2780,T
1-PB2,1089,15,2,3,2774,2794,C
1-PB2,1090,2793,2,2,0,2797,A
1-PB2,1091,3,1,0,2796,2800,C
1-PB2,1092,2789,0,0,0,2789,A
1-PB2,1093,2787,1,1,0,2789,A
1-PB2,1094,1,2780,0,1,2782,T
1-PB2,1095,4,12,2683,0,2699,G
1-PB2,1096,0,7,2718,0,2725,G
1-PB2,1097,0,2658,0,0,2658,T
1-PB2,1098,0,6,2656,0,2662,G
1-PB2,1099,0,6,2661,0,2667,G
1-PB2,1100,2,6,2655,0,2663,G
1-PB2,1101,1,10,2669,1,2681,G
1-PB2,1102,2667,1,2,0,2670,A
1-PB2,1103,2670,0,4,0,2674,A
1-PB2,1104,2661,1,1,0,2663,A
1-PB2,1105,2620,0,3,0,2623,A
1-PB2,1106,0,18,2633,0,2651,G
1-PB2,1107,2636,0,2,0,2638,A
1-PB2,1108,1,3,2642,0,2646,G
1-PB2,1109,1,3,0,2643,2647,C
1-PB2,1110,2629,1,4,0,2634,A
1-PB2,1111,2641,0,0,0,2641,A
1-PB2,1112,3,0,0,2724,2727,C
1-PB2,1113,2716,2,1,0,2719,A
1-PB2,1114,1,1,2777,1,2780,G
1-PB2,1115,1,0,0,2751,2752,C
1-PB2,1116,0,2742,0,1,2743,T
1-PB2,1117,2817,1,1,0,2819,A
1-PB2,1118,0,2812,0,2,2814,T
1-PB2,1119,2822,0,1,0,2823,A
1-PB2,1120,1,0,0,2836,2837,C
1-PB2,1121,0,2696,0,0,2696,T
1-PB2,1122,2708,1,1,0,2710,A
1-PB2,1123,2647,0,1,0,2648,A
1-PB2,1124,1,9,2648,0,2658,G
1-PB2,1125,2648,0,1,0,2649,A
1-PB2,1126,2588,0,1,0,2589,A
1-PB2,1127,2589,1,1,0,2591,A
1-PB2,1128,2577,1,2,0,2580,A
1-PB2,1129,0,1,2589,0,2590,G
1-PB2,1130,3,1,0,2583,2587,C
1-PB2,1131,2573,1,1,0,2575,A
1-PB2,1132,2578,0,2,0,2580,A
1-PB2,1133,0,0,1,2580,2581,C
1-PB2,1134,6,1,1,2579,2587,C
1-PB2,1135,2585,1,2,0,2588,A
1-PB2,1136,0,4,2604,0,2608,G
1-PB2,1137,2597,0,1,2,2600,A
1-PB2,1138,2598,0,0,0,2598,A
1-PB2,1139,2,8,2607,0,2617,G
1-PB2,1140,2600,1,2,0,2603,A
1-PB2,1141,0,2592,0,4,2596,T
1-PB2,1142,1,2579,1,0,2581,T
1-PB2,1143,1,10,2581,0,2592,G
1-PB2,1144,0,1,2629,3,2633,G
1-PB2,1145,0,2614,0,6,2620,T
1-PB2,1146,1,2625,0,1,2627,T
1-PB2,1147,10,0,0,2612,2622,C
1-PB2,1148,2604,0,2,0,2606,A
1-PB2,1149,2589,0,2,1,2592,A
1-PB2,1150,2,1,0,2796,2799,C
1-PB2,1151,1,2793,1,2,2797,T
1-PB2,1152,12,1,0,2804,2817,C
1-PB2,1153,2771,1,2,1,2775,A
1-PB2,1154,1,2782,1,0,2784,T
1-PB2,1155,2783,0,1,0,2784,A
1-PB2,1156,1,2,2795,0,2798,G
1-PB2,1157,1,2704,1,5,2711,T
1-PB2,1158,0,22,2713,1,2736,G
1-PB2,1159,2644,0,4,0,2648,A
1-PB2,1160,0,0,2675,0,2675,G
1-PB2,1161,0,2659,1,2,2662,T
1-PB2,1162,0,10,2648,1,2659,G
1-PB2,1163,2,4,2681,0,2687,G
1-PB2,1164,2674,0,1,0,2675,A
1-PB2,1165,2662,0,1,1,2664,A
1-PB2,1166,0,14,2662,0,2676,G
1-PB2,1167,2620,0,1,1,2622,A
1-PB2,1168,1,2,2637,1,2641,G
1-PB2,1169,2605,0,7,0,2612,A
1-PB2,1170,0,2,0,2610,2612,C
1-PB2,1171,1,21,2600,0,2622,G
1-PB2,1172,2590,0,4,1,2595,A
1-PB2,1173,2609,0,2,0,2611,A
1-PB2,1174,2,0,0,2611,2613,C
1-PB2,1175,2589,0,1,0,2590,A
1-PB2,1176,1,2,2706,0,2709,G
1-PB2,1177,0,2691,0,4,2695,T
1-PB2,1178,14,0,0,2688,2702,C
1-PB2,1179,2702,0,1,0,2703,A
1-PB2,1180,2694,0,2,0,2696,A
1-PB2,1181,0,2700,0,1,2701,T
1-PB2,1182,2690,0,1,0,2691,A
1-PB2,1183,1,0,2680,0,2681,G
1-PB2,1184,0,1,0,2673,2674,C
1-PB2,1185,3,4,0,2593,2600,C
1-PB2,1186,0,8,2570,0,2578,G
1-PB2,1187,2583,0,1,1,2585,A
1-PB2,1188,2588,0,3,0,2591,A
1-PB2,1189,0,0,2631,0,2631,G
1-PB2,1190,4,1,0,2659,2664,C
1-PB2,1191,2664,1,0,0,2665,A
1-PB2,1192,2661,0,1,0,2662,A
1-PB2,1193,0,2664,1,1,2666,T
1-PB2,1194,2669,1,0,1,2671,A
1-PB2,1195,2688,0,3,0,2691,A
1-PB2,1196,0,2710,0,1,2711,T
1-PB2,1197,10,1,0,2674,2685,C
1-PB2,1198,0,1,2669,1,2671,G
1-PB2,1199,1,2620,0,2,2623,T
1-PB2,1200,0,5,2620,0,2625,G
1-PB2,1201,0,2,2640,0,2642,G
1-PB2,1202,3,0,0,2648,2651,C
1-PB2,1203,8,1,0,2642,2651,C
1-PB2,1204,2629,0,0,0,2629,A
1-PB2,1205,1,2624,0,5,2630,T
1-PB2,1206,2,11,2624,0,2637,G
1-PB2,1207,1,0,2671,1,2673,G
1-PB2,1208,1,2660,0,2,2663,T
1-PB2,1209,1,1,2676,1,2679,G
1-PB2,1210,0,2634,0,1,2635,T
1-PB2,1211,0,2633,1,0,2634,T
1-PB2,1212,0,2639,1,0,2640,T
1-PB2,1213,1,2638,0,4,2643,T
1-PB2,1214,5,1,1,2660,2667,C
1-PB2,1215,2666,0,1,0,2667,A
1-PB2,1216,0,0,0,2758,2758,C
1-PB2,1217,2711,0,2,2,2715,A
1-PB2,1218,2720,0,0,0,2720,A
1-PB2,1219,0,8,2717,0,2725,G
1-PB2,1220,2718,0,1,1,2720,A
1-PB2,1221,2635,0,69,0,2704,A
1-PB2,1222,0,6,2738,0,2744,G
1-PB2,1223,2740,1,1,0,2742,A
1-PB2,1224,1,2750,0,1,2752,T
1-PB2,1225,1,2719,0,0,2720,T
1-PB2,1226,0,2,2713,0,2715,G
1-PB2,1227,3,2,0,2697,2702,C
1-PB2,1228,2705,0,4,0,2709,A
1-PB2,1229,0,2721,1,7,2729,T
1-PB2,1230,1,6,2835,2,2844,G
1-PB2,1231,2861,0,1,0,2862,A
1-PB2,1232,0,2875,0,0,2875,T
1-PB2,1233,2864,0,1,0,2865,A
1-PB2,1234,2864,0,0,0,2864,A
1-PB2,1235,2860,1,0,0,2861,A
1-PB2,1236,2868,0,1,0,2869,A
1-PB2,1237,2,0,2871,0,2873,G
1-PB2,1238,5,0,1,2909,2915,C
1-PB2,1239,2944,1,1,0,2946,A
1-PB2,1240,0,2,3036,0,3038,G
1-PB2,1241,0,3024,3,0,3027,T
1-PB2,1242,0,3032,0,1,3033,T
1-PB2,1243,3031,0,1,0,3032,A
1-PB2,1244,0,4,3044,0,3048,G
1-PB2,1245,3012,1,3,0,3016,A
1-PB2,1246,0,10,3008,0,3018,G
1-PB2,1247,0,3,3006,0,3009,G
1-PB2,1248,1,2874,0,0,2875,T
1-PB2,1249,0,15,2885,0,2900,G
1-PB2,1250,2912,1,1,0,2914,A
1-PB2,1251,1,0,0,2910,2911,C
1-PB2,1252,10,0,0,2912,2922,C
1-PB2,1253,0,2889,1,4,2894,T
1-PB2,1254,1,8,2900,1,2910,G
1-PB2,1255,2911,0,1,0,2912,A
1-PB2,1256,2914,0,1,0,2915,A
1-PB2,1257,0,2910,1,3,2914,T
1-PB2,1258,0,2945,0,0,2945,T
1-PB2,1259,2,2953,1,0,2956,T
1-PB2,1260,7,0,0,2948,2955,C
1-PB2,1261,1,1,2955,0,2957,G
1-PB2,1262,0,2951,0,3,2954,T
1-PB2,1263,8,1,0,2943,2952,C
1-PB2,1264,2945,0,0,1,2946,A
1-PB2,1265,2954,0,0,0,2954,A
1-PB2,1266,4,0,0,2948,2952,C
1-PB2,1267,2901,0,1,0,2902,A
1-PB2,1268,0,10,2931,0,2941,G
1-PB2,1269,2923,2,2,0,2927,A
1-PB2,1270,1,1,2933,1,2936,G
1-PB2,1271,1,2,0,2940,2943,C
1-PB2,1272,2937,0,1,0,2938,A
1-PB2,1273,2983,0,0,0,2983,A
1-PB2,1274,2984,0,1,1,2986,A
1-PB2,1275,0,2985,0,0,2985,T
1-PB2,1276,8,0,0,2979,2987,C
1-PB2,1277,2962,0,0,0,2962,A
1-PB2,1278,0,1,2969,0,2970,G
1-PB2,1279,1,0,0,2973,2974,C
1-PB2,1280,5,10,2965,1,2981,G
1-PB2,1281,0,4,3115,0,3119,G
1-PB2,1282,1,3100,0,3,3104,T
1-PB2,1283,1,3104,0,0,3105,T
1-PB2,1284,0,6,3115,0,3121,G
1-PB2,1285,3119,1,3,0,3123,A
1-PB2,1286,3138,0,1,2,3141,A
1-PB2,1287,8,3,0,3153,3164,C
1-PB2,1288,5,2,0,3142,3149,C
1-PB2,1289,9,1,0,3151,3161,C
1-PB2,1290,7,2,1,3069,3079,C
1-PB2,1291,3088,0,4,0,3092,A
1-PB2,1292,0,3106,0,1,3107,T
1-PB2,1293,2,2,3107,1,3112,G
1-PB2,1294,1,2,0,3112,3115,C
1-PB2,1295,3104,1,1,1,3107,A
1-PB2,1296,0,3087,0,1,3088,T
1-PB2,1297,10,0,0,3066,3076,C
1-PB2,1298,3055,1,2,0,3058,A
1-PB2,1299,0,0,3110,0,3110,G
1-PB2,1300,1,0,0,3104,3105,C
1-PB2,1301,0,3095,0,5,3100,T
1-PB2,1302,0,3098,0,1,3099,T
1-PB2,1303,1,3093,0,0,3094,T
1-PB2,1304,1,3092,0,0,3093,T
1-PB2,1305,3100,0,1,0,3101,A
1-PB2,1306,3088,1,3,0,3092,A
1-PB2,1307,2,10,3086,0,3098,G
1-PB2,1308,0,2,3084,1,3087,G
1-PB2,1309,1,0,0,3077,3078,C
1-PB2,1310,3063,1,2,0,3066,A
1-PB2,1311,1,3060,0,0,3061,T
1-PB2,1312,0,3078,0,0,3078,T
1-PB2,1313,0,3065,0,2,3067,T
1-PB2,1314,0,3079,0,1,3080,T
1-PB2,1315,8,0,1,3084,3093,C
1-PB2,1316,3077,0,2,1,3080,A
1-PB2,1317,1,3,3081,0,3085,G
1-PB2,1318,3076,0,2,0,3078,A
1-PB2,1319,3078,0,0,0,3078,A
1-PB2,1320,3071,0,0,0,3071,A
1-PB2,1321,1,7,3069,0,3077,G
1-PB2,1322,3087,0,1,0,3088,A
1-PB2,1323,0,3084,0,1,3085,T
1-PB2,1324,0,1,3084,0,3085,G
1-PB2,1325,7,0,0,3079,3086,C
1-PB2,1326,1,3,3090,0,3094,G
1-PB2,1327,3097,0,0,0,3097,A
1-PB2,1328,3086,0,1,0,3087,A
1-PB2,1329,3086,1,2,1,3090,A
1-PB2,1330,1,1,3091,0,3093,G
1-PB2,1331,0,3078,0,2,3080,T
1-PB2,1332,0,4,3075,0,3079,G
1-PB2,1333,1,3,0,3067,3071,C
1-PB2,1334,0,3068,0,2,3070,T
1-PB2,1335,1,3059,1,6,3067,T
1-PB2,1336,1,3072,2,3,3078,T
1-PB2,1337,0,3077,0,1,3078,T
1-PB2,1338,0,3066,0,1,3067,T
1-PB2,1339,11,1,0,3067,3079,C
1-PB2,1340,3068,1,3,0,3072,A
1-PB2,1341,3074,1,0,0,3075,A
1-PB2,1342,3075,0,0,0,3075,A
1-PB2,1343,3083,0,1,0,3084,A
1-PB2,1344,0,3073,1,2,3076,T
1-PB2,1345,0,3085,1,2,3088,T
1-PB2,1346,0,15,3076,0,3091,G
1-PB2,1347,2,8,3074,1,3085,G
1-PB2,1348,0,4,3078,0,3082,G
1-PB2,1349,4,21,3110,0,3135,G
1-PB2,1350,3103,1,2,0,3106,A
1-PB2,1351,0,2,3163,1,3166,G
1-PB2,1352,0,3156,0,0,3156,T
1-PB2,1353,0,3153,0,0,3153,T
1-PB2,1354,1,17,3146,0,3164,G
1-PB2,1355,3160,0,1,0,3161,A
1-PB2,1356,3162,0,7,1,3170,A
1-PB2,1357,4,1,0,3225,3230,C
1-PB2,1358,3193,2,1,0,3196,A
1-PB2,1359,2,1,0,3268,3271,C
1-PB2,1360,3221,0,3,0,3224,A
1-PB2,1361,0,3235,0,0,3235,T
1-PB2,1362,6,3,0,3241,3250,C
1-PB2,1363,0,14,3240,0,3254,G
1-PB2,1364,3267,1,3,0,3271,A
1-PB2,1365,1,3,1,3252,3257,C
1-PB2,1366,3172,1,1,0,3174,A
1-PB2,1367,2,2,3279,0,3283,G
1-PB2,1368,0,3217,1,4,3222,T
1-PB2,1369,3,0,3259,0,3262,G
1-PB2,1370,2,3236,1,2,3241,T
1-PB2,1371,2,9,3235,0,3246,G
1-PB2,1372,3242,0,2,0,3244,A
1-PB2,1373,2,3212,0,1,3215,T
1-PB2,1374,1,16,3200,0,3217,G
1-PB2,1375,1,6,3211,0,3218,G
1-PB2,1376,1,8,3157,0,3166,G
1-PB2,1377,3122,1,2,0,3125,A
1-PB2,1378,3109,0,0,0,3109,A
1-PB2,1379,1,3103,0,0,3104,T
1-PB2,1380,2,12,3107,0,3121,G
1-PB2,1381,3128,0,1,1,3130,A
1-PB2,1382,2,3122,1,0,3125,T
1-PB2,1383,0,3119,1,2,3122,T
1-PB2,1384,0,10,3098,0,3108,G
1-PB2,1385,0,11,3142,1,3154,G
1-PB2,1386,3133,0,5,0,3138,A
1-PB2,1387,0,4,3175,0,3179,G
1-PB2,1388,0,3148,1,1,3150,T
1-PB2,1389,3139,0,1,0,3140,A
1-PB2,1390,0,3153,1,2,3156,T
1-PB2,1391,0,3177,1,1,3179,T
1-PB2,1392,3218,0,1,0,3219,A
1-PB2,1393,3,0,1,3215,3219,C
1-PB2,1394,9,1,0,3176,3186,C
1-PB2,1395,3173,0,2,0,3175,A
1-PB2,1396,6,7,3171,0,3184,G
1-PB2,1397,3214,0,1,0,3215,A
1-PB2,1398,1,3187,0,1,3189,T
1-PB2,1399,3161,0,2,0,3163,A
1-PB2,1400,0,3142,0,1,3143,T
1-PB2,1401,0,18,3108,0,3126,G
1-PB2,1402,3111,0,1,0,3112,A
1-PB2,1403,0,3,0,3129,3132,C
1-PB2,1404,0,3117,0,5,3122,T
1-PB2,1405,6,0,0,3111,3117,C
1-PB2,1406,16,1,0,3068,3085,C
1-PB2,1407,3094,0,5,0,3099,A
1-PB2,1408,3114,1,1,0,3116,A
1-PB2,1409,0,2,3168,1,3171,G
1-PB2,1410,3,5,0,3160,3168,C
1-PB2,1411,3157,1,1,0,3159,A
1-PB2,1412,4,0,0,3153,3157,C
1-PB2,1413,3126,0,5,0,3131,A
1-PB2,1414,1,10,3135,0,3146,G
1-PB2,1415,3127,0,1,1,3129,A
1-PB2,1416,1,3,3139,0,3143,G
1-PB2,1417,3143,0,3,1,3147,A
1-PB2,1418,2,3069,0,3,3074,T
1-PB2,1419,1,2,3117,0,3120,G
1-PB2,1420,0,3098,0,4,3102,T
1-PB2,1421,6,1,0,3088,3095,C
1-PB2,1422,3088,1,6,1,3096,A
1-PB2,1423,3082,0,0,0,3082,A
1-PB2,1424,0,3077,0,3,3080,T
1-PB2,1425,2,13,3057,0,3072,G
1-PB2,1426,3030,1,0,0,3031,A
1-PB2,1427,1,5,3044,0,3050,G
1-PB2,1428,2999,2,4,0,3005,A
1-PB2,1429,0,5,3008,2,3015,G
1-PB2,1430,2,8,3120,0,3130,G
1-PB2,1431,3121,0,4,0,3125,A
1-PB2,1432,3127,0,1,0,3128,A
1-PB2,1433,0,3124,0,1,3125,T
1-PB2,1434,3114,0,0,0,3114,A
1-PB2,1435,3113,0,2,2,3117,A
1-PB2,1436,0,10,3098,0,3108,G
1-PB2,1437,3085,0,3,0,3088,A
1-PB2,1438,2,0,3093,0,3095,G
1-PB2,1439,0,2938,0,2,2940,T
1-PB2,1440,5,3,0,2936,2944,C
1-PB2,1441,2948,0,2,1,2951,A
1-PB2,1442,4,1,2962,0,2967,G
1-PB2,1443,1,0,0,2968,2969,C
1-PB2,1444,2963,0,0,0,2963,A
1-PB2,1445,2968,1,1,0,2970,A
1-PB2,1446,2954,1,0,0,2955,A
1-PB2,1447,2959,0,1,0,2960,A
1-PB2,1448,0,2957,0,0,2957,T
1-PB2,1449,2,1,2959,0,2962,G
1-PB2,1450,2,8,2954,0,2964,G
1-PB2,1451,0,4,2964,0,2968,G
1-PB2,1452,1,2931,0,1,2933,T
1-PB2,1453,0,1,2933,0,2934,G
1-PB2,1454,1,2934,1,1,2937,T
1-PB2,1455,0,8,2931,1,2940,G
1-PB2,1456,0,1,2973,0,2974,G
1-PB2,1457,2968,0,2,0,2970,A
1-PB2,1458,0,2955,0,0,2955,T
1-PB2,1459,0,8,2974,1,2983,G
1-PB2,1460,2956,1,4,0,2961,A
1-PB2,1461,2970,1,1,0,2972,A
1-PB2,1462,0,2961,0,0,2961,T
1-PB2,1463,2943,0,0,0,2943,A
1-PB2,1464,7,0,0,3120,3127,C
1-PB2,1465,1,3066,0,1,3068,T
1-PB2,1466,10,1,0,3099,3110,C
1-PB2,1467,7,1,0,3107,3115,C
1-PB2,1468,3106,1,1,0,3108,A
1-PB2,1469,2,2,3187,0,3191,G
1-PB2,1470,0,3175,1,0,3176,T
1-PB2,1471,3192,2,2,0,3196,A
1-PB2,1472,5,1,0,3199,3205,C
1-PB2,1473,2911,1,2,0,2914,A
1-PB2,1474,0,10,2909,0,2919,G
1-PB2,1475,2854,0,3,0,2857,A
1-PB2,1476,1,4,2871,0,2876,G
1-PB2,1477,2791,1,4,0,2796,A
1-PB2,1478,0,11,2694,0,2705,G
1-PB2,1479,2,6,2681,2,2691,G
1-PB2,1480,0,1,2685,0,2686,G
1-PB2,1481,0,2650,0,1,2651,T
1-PB2,1482,1,10,2636,0,2647,G
1-PB2,1483,0,2,2652,1,2655,G
1-PB2,1484,1,2622,0,1,2624,T
1-PB2,1485,1,6,2679,0,2686,G
1-PB2,1486,3,4,2684,0,2691,G
1-PB2,1487,0,2635,0,0,2635,T
1-PB2,1488,0,2634,0,1,2635,T
1-PB2,1489,2591,0,1,0,2592,A
1-PB2,1490,0,1,2611,0,2612,G
1-PB2,1491,2,0,0,2605,2607,C
1-PB2,1492,2584,0,1,0,2585,A
1-PB2,1493,0,2580,0,0,2580,T
1-PB2,1494,0,2437,0,3,2440,T
1-PB2,1495,1,14,2427,0,2442,G
1-PB2,1496,2437,1,0,0,2438,A
1-PB2,1497,1,2437,0,0,2438,T
1-PB2,1498,12,1,0,2424,2437,C
1-PB2,1499,2,3,2406,0,2411,G
1-PB2,1500,1,1,2435,0,2437,G
1-PB2,1501,0,2426,1,3,2430,T
1-PB2,1502,1,2428,1,1,2431,T
1-PB2,1503,0,2431,0,0,2431,T
1-PB2,1504,0,2429,0,1,2430,T
1-PB2,1505,0,2432,0,1,2433,T
1-PB2,1506,1,10,2424,0,2435,G
1-PB2,1507,2424,0,3,1,2428,A
1-PB2,1508,1,12,2434,1,2448,G
1-PB2,1509,2364,0,6,1,2371,A
1-PB2,1510,1,1,2386,0,2388,G
1-PB2,1511,0,2377,0,3,2380,T
1-PB2,1512,0,2381,0,1,2382,T
1-PB2,1513,2368,1,0,1,2370,A
1-PB2,1514,0,3,2386,0,2389,G
1-PB2,1515,2386,1,4,0,2391,A
1-PB2,1516,3,4,2388,0,2395,G
1-PB2,1517,2371,0,2,0,2373,A
1-PB2,1518,3,0,0,2373,2376,C
1-PB2,1519,5,1,0,2350,2356,C
1-PB2,1520,2307,0,3,0,2310,A
1-PB2,1521,2329,0,1,0,2330,A
1-PB2,1522,2,3,0,2325,2330,C
1-PB2,1523,1,0,2336,0,2337,G
1-PB2,1524,0,2324,0,5,2329,T
1-PB2,1525,1,2,2314,0,2317,G
1-PB2,1526,0,4,2310,0,2314,G
1-PB2,1527,0,2,2326,0,2328,G
1-PB2,1528,2309,0,4,0,2313,A
1-PB2,1529,2311,0,2,0,2313,A
1-PB2,1530,0,2228,0,3,2231,T
1-PB2,1531,2,1,2308,1,2312,G
1-PB2,1532,0,2294,0,0,2294,T
1-PB2,1533,2301,0,0,0,2301,A
1-PB2,1534,0,2313,0,1,2314,T
1-PB2,1535,0,2280,1,0,2281,T
1-PB2,1536,2302,0,0,0,2302,A
1-PB2,1537,1,2285,0,4,2290,T
1-PB2,1538,0,2274,0,1,2275,T
1-PB2,1539,2275,0,0,0,2275,A
1-PB2,1540,0,2049,0,3,2052,T
1-PB2,1541,7,0,0,2111,2118,C
1-PB2,1542,0,2084,0,5,2089,T
1-PB2,1543,7,1,0,2089,2097,C
1-PB2,1544,3,0,0,2096,2099,C
1-PB2,1545,0,2043,0,0,2043,T
1-PB2,1546,0,4,2043,0,2047,G
1-PB2,1547,2038,0,1,0,2039,A
1-PB2,1548,1,9,2035,0,2045,G
1-PB2,1549,2,3,2043,0,2048,G
1-PB2,1550,1849,0,1,0,1850,A
1-PB2,1551,1,3,1859,0,1863,G
1-PB2,1552,0,3,1859,0,1862,G
1-PB2,1553,1,1800,0,2,1803,T
1-PB2,1554,8,1,0,1795,1804,C
1-PB2,1555,1757,0,4,1,1762,A
1-PB2,1556,0,1,1786,0,1787,G
1-PB2,1557,1,1776,0,1,1778,T
1-PB2,1558,0,6,1767,1,1774,G
1-PB2,1559,1773,0,0,0,1773,A
1-PB2,1560,1711,0,1,0,1712,A
1-PB2,1561,1717,0,4,1,1722,A
1-PB2,1562,0,0,0,1716,1716,C
1-PB2,1563,1705,0,0,0,1705,A
1-PB2,1564,0,1,0,1713,1714,C
1-PB2,1565,1632,0,3,0,1635,A
1-PB2,1566,2,2,1643,1,1648,G
1-PB2,1567,0,8,1628,0,1636,G
1-PB2,1568,0,7,1636,0,1643,G
1-PB2,1569,1647,0,1,0,1648,A
1-PB2,1570,1618,0,0,0,1618,A
1-PB2,1571,1,0,0,1636,1637,C
1-PB2,1572,0,1606,0,1,1607,T
1-PB2,1573,1,4,1602,0,1607,G
1-PB2,1574,1593,0,2,0,1595,A
1-PB2,1575,0,3,1596,0,1599,G
1-PB2,1576,1571,0,0,0,1571,A
1-PB2,1577,0,5,1496,0,1501,G
1-PB2,1578,1497,0,1,0,1498,A
1-PB2,1579,0,0,0,1495,1495,C
1-PB2,1580,0,1441,0,0,1441,T
1-PB2,1581,0,3,1461,0,1464,G
1-PB2,1582,1454,0,2,0,1456,A
1-PB2,1583,0,0,1,1461,1462,C
1-PB2,1584,1452,0,0,1,1453,A
1-PB2,1585,1451,1,0,0,1452,A
1-PB2,1586,0,1451,0,0,1451,T
1-PB2,1587,1456,0,1,0,1457,A
1-PB2,1588,1452,0,0,0,1452,A
1-PB2,1589,2,0,0,1459,1461,C
1-PB2,1590,0,1389,0,1,1390,T
1-PB2,1591,0,1381,0,0,1381,T
1-PB2,1592,1367,0,0,0,1367,A
1-PB2,1593,0,1362,0,1,1363,T
1-PB2,1594,0,1364,0,0,1364,T
1-PB2,1595,2,0,0,1356,1358,C
1-PB2,1596,1290,0,0,0,1290,A
1-PB2,1597,0,1287,0,1,1288,T
1-PB2,1598,4,0,0,1241,1245,C
1-PB2,1599,2,0,1250,0,1252,G
1-PB2,1600,1,1253,0,2,1256,T
1-PB2,1601,5,0,0,1242,1247,C
1-PB2,1602,1,2,1246,0,1249,G
1-PB2,1603,1254,0,0,0,1254,A
1-PB2,1604,0,1251,0,0,1251,T
1-PB2,1605,3,5,1232,0,1240,G
1-PB2,1606,1238,0,1,0,1239,A
1-PB2,1607,1,1233,0,1,1235,T
1-PB2,1608,0,0,1232,0,1232,G
1-PB2,1609,1,1168,0,3,1172,T
1-PB2,1610,4,2,1159,1,1166,G
1-PB2,1611,0,3,1161,0,1164,G
1-PB2,1612,0,3,1163,1,1167,G
1-PB2,1613,1151,1,0,0,1152,A
1-PB2,1614,0,0,1140,1,1141,G
1-PB2,1615,1040,0,1,0,1041,A
1-PB2,1616,0,1023,0,0,1023,T
1-PB2,1617,0,989,0,0,989,T
1-PB2,1618,987,0,0,0,987,A
1-PB2,1619,982,0,1,0,983,A
1-PB2,1620,1,1,0,974,976,C
1-PB2,1621,2,4,910,0,916,G
1-PB2,1622,0,2,921,0,923,G
1-PB2,1623,0,856,0,0,856,T
1-PB2,1624,3,0,0,843,846,C
1-PB2,1625,3,0,0,841,844,C
1-PB2,1626,0,789,0,1,790,T
1-PB2,1627,0,2,794,0,796,G
1-PB2,1628,799,0,0,0,799,A
1-PB2,1629,1,1,796,0,798,G
1-PB2,1630,0,796,0,1,797,T
1-PB2,1631,9,1,0,766,776,C
1-PB2,1632,1,1,769,0,771,G
1-PB2,1633,1,0,786,0,787,G
1-PB2,1634,0,785,0,0,785,T
1-PB2,1635,0,785,0,0,785,T
1-PB2,1636,0,780,0,0,780,T
1-PB2,1637,0,784,0,0,784,T
1-PB2,1638,0,2,804,0,806,G
1-PB2,1639,0,1,810,0,811,G
1-PB2,1640,0,812,0,0,812,T
1-PB2,1641,6,0,0,800,806,C
1-PB2,1642,796,0,0,0,796,A
1-PB2,1643,816,0,1,0,817,A
1-PB2,1644,0,818,0,0,818,T
1-PB2,1645,819,0,0,1,820,A
1-PB2,1646,0,0,1,838,839,C
1-PB2,1647,3,0,0,806,809,C
1-PB2,1648,0,807,1,0,808,T
1-PB2,1649,822,0,0,0,822,A
1-PB2,1650,1,817,0,0,818,T
1-PB2,1651,3,0,1,813,817,C
1-PB2,1652,795,0,1,0,796,A
1-PB2,1653,797,0,0,0,797,A
1-PB2,1654,0,789,0,1,790,T
1-PB2,1655,1,1,761,0,763,G
1-PB2,1656,0,1,760,0,761,G
1-PB2,1657,760,0,0,0,760,A
1-PB2,1658,0,750,0,0,750,T
1-PB2,1659,4,0,0,747,751,C
1-PB2,1660,751,0,0,1,752,A
1-PB2,1661,0,756,0,0,756,T
1-PB2,1662,0,0,0,757,757,C
1-PB2,1663,755,0,1,0,756,A
1-PB2,1664,0,1,762,0,763,G
1-PB2,1665,761,0,0,0,761,A
1-PB2,1666,767,0,0,0,767,A
1-PB2,1667,769,0,0,0,769,A
1-PB2,1668,0,766,0,1,767,T
1-PB2,1669,0,767,0,0,767,T
1-PB2,1670,0,1,764,0,765,G
1-PB2,1671,0,0,765,0,765,G
1-PB2,1672,1,1,759,0,761,G
1-PB2,1673,762,0,0,0,762,A
1-PB2,1674,757,0,0,0,757,A
1-PB2,1675,0,1,758,1,760,G
1-PB2,1676,1,0,0,758,759,C
1-PB2,1677,0,758,0,0,758,T
1-PB2,1678,1,1,760,0,762,G
1-PB2,1679,0,758,0,2,760,T
1-PB2,1680,2,0,0,754,756,C
1-PB2,1681,761,1,0,1,763,A
1-PB2,1682,761,0,1,0,762,A
1-PB2,1683,760,0,0,0,760,A
1-PB2,1684,766,0,1,0,767,A
1-PB2,1685,0,768,0,0,768,T
1-PB2,1686,0,767,0,1,768,T
1-PB2,1687,3,0,0,758,761,C
1-PB2,1688,758,0,0,0,758,A
1-PB2,1689,757,0,0,0,757,A
1-PB2,1690,0,760,0,0,760,T
1-PB2,1691,0,3,759,0,762,G
1-PB2,1692,1,0,770,0,771,G
1-PB2,1693,0,781,0,2,783,T
1-PB2,1694,2,0,1,787,790,C
1-PB2,1695,0,789,0,1,790,T
1-PB2,1696,0,0,0,795,795,C
1-PB2,1697,790,1,0,0,791,A
1-PB2,1698,1,2,792,0,795,G
1-PB2,1699,793,0,0,0,793,A
1-PB2,1700,793,0,0,0,793,A
1-PB2,1701,0,793,0,0,793,T
1-PB2,1702,3,0,0,762,765,C
1-PB2,1703,0,0,0,773,773,C
1-PB2,1704,0,771,0,1,772,T
1-PB2,1705,0,0,774,0,774,G
1-PB2,1706,1,0,0,771,772,C
1-PB2,1707,768,0,0,0,768,A
1-PB2,1708,778,0,0,0,778,A
1-PB2,1709,0,774,0,0,774,T
1-PB2,1710,0,3,781,0,784,G
1-PB2,1711,1,787,1,1,790,T
1-PB2,1712,0,772,0,0,772,T
1-PB2,1713,0,0,783,0,783,G
1-PB2,1714,0,784,0,0,784,T
1-PB2,1715,781,1,1,0,783,A
1-PB2,1716,0,1,1,780,782,C
1-PB2,1717,768,0,0,0,768,A
1-PB2,1718,776,0,0,0,776,A
1-PB2,1719,0,0,0,766,766,C
1-PB2,1720,749,0,1,0,750,A
1-PB2,1721,751,0,0,0,751,A
1-PB2,1722,732,0,0,0,732,A
1-PB2,1723,735,0,0,0,735,A
1-PB2,1724,0,735,1,1,737,T
1-PB2,1725,0,2,736,0,738,G
1-PB2,1726,0,2,733,0,735,G
1-PB2,1727,730,0,0,0,730,A
1-PB2,1728,735,0,0,0,735,A
1-PB2,1729,0,735,0,0,735,T
1-PB2,1730,0,736,0,0,736,T
1-PB2,1731,0,737,0,0,737,T
1-PB2,1732,0,1,735,0,736,G
1-PB2,1733,736,0,1,0,737,A
1-PB2,1734,736,0,0,0,736,A
1-PB2,1735,0,0,0,738,738,C
1-PB2,1736,4,0,0,727,731,C
1-PB2,1737,735,1,0,0,736,A
1-PB2,1738,0,745,0,1,746,T
1-PB2,1739,0,743,0,1,744,T
1-PB2,1740,0,740,0,0,740,T
1-PB2,1741,2,0,0,741,743,C
1-PB2,1742,744,0,0,0,744,A
1-PB2,1743,746,2,0,0,748,A
1-PB2,1744,0,746,0,0,746,T
1-PB2,1745,2,0,0,757,759,C
1-PB2,1746,0,746,0,0,746,T
1-PB2,1747,0,749,0,1,750,T
1-PB2,1748,0,753,0,1,754,T
1-PB2,1749,754,0,0,0,754,A
1-PB2,1750,0,0,758,0,758,G
1-PB2,1751,0,760,0,0,760,T
1-PB2,1752,4,0,0,764,768,C
1-PB2,1753,1,1,0,769,771,C
1-PB2,1754,2,1,0,765,768,C
1-PB2,1755,2,0,0,764,766,C
1-PB2,1756,764,0,0,0,764,A
1-PB2,1757,763,0,0,0,763,A
1-PB2,1758,0,0,773,0,773,G
1-PB2,1759,0,2,771,0,773,G
1-PB2,1760,0,0,0,775,775,C
1-PB2,1761,3,0,0,761,764,C
1-PB2,1762,762,0,0,0,762,A
1-PB2,1763,0,769,1,0,770,T
1-PB2,1764,0,767,1,1,769,T
1-PB2,1765,770,0,0,0,770,A
1-PB2,1766,0,0,770,0,770,G
1-PB2,1767,758,0,0,0,758,A
1-PB2,1768,793,0,2,0,795,A
1-PB2,1769,0,1,800,0,801,G
1-PB2,1770,1,1,0,799,801,C
1-PB2,1771,2,2,0,797,801,C
1-PB2,1772,792,0,1,0,793,A
1-PB2,1773,802,0,0,0,802,A
1-PB2,1774,1,801,0,0,802,T
1-PB2,1775,811,0,0,0,811,A
1-PB2,1776,2,0,0,808,810,C
1-PB2,1777,739,0,3,0,742,A
1-PB2,1778,0,2,741,0,743,G
1-PB2,1779,0,726,0,0,726,T
1-PB2,1780,0,3,726,1,730,G
1-PB2,1781,0,2,725,0,727,G
1-PB2,1782,1,2,728,0,731,G
1-PB2,1783,0,725,0,2,727,T
1-PB2,1784,0,719,0,1,720,T
1-PB2,1785,1,721,0,3,725,T
1-PB2,1786,1,0,733,1,735,G
1-PB2,1787,0,736,0,1,737,T
1-PB2,1788,1,0,0,733,734,C
1-PB2,1789,724,0,1,0,725,A
1-PB2,1790,0,1,726,0,727,G
1-PB2,1791,722,0,0,0,722,A
1-PB2,1792,719,0,1,0,720,A
1-PB2,1793,0,0,0,725,725,C
1-PB2,1794,0,706,0,0,706,T
1-PB2,1795,3,0,0,724,727,C
1-PB2,1796,0,730,0,0,730,T
1-PB2,1797,739,0,0,0,739,A
1-PB2,1798,0,735,0,0,735,T
1-PB2,1799,0,734,0,1,735,T
1-PB2,1800,3,0,0,732,735,C
1-PB2,1801,2,0,0,726,728,C
1-PB2,1802,720,0,0,0,720,A
1-PB2,1803,720,0,1,0,721,A
1-PB2,1804,0,0,0,722,722,C
1-PB2,1805,723,0,0,0,723,A
1-PB2,1806,722,0,0,0,722,A
1-PB2,1807,721,0,0,1,722,A
1-PB2,1808,0,729,0,1,730,T
1-PB2,1809,0,1,727,0,728,G
1-PB2,1810,724,0,0,0,724,A
1-PB2,1811,0,1,727,0,728,G
1-PB2,1812,723,0,1,0,724,A
1-PB2,1813,0,0,726,0,726,G
1-PB2,1814,722,0,2,0,724,A
1-PB2,1815,1,0,0,723,724,C
1-PB2,1816,0,0,729,0,729,G
1-PB2,1817,0,734,0,0,734,T
1-PB2,1818,741,0,0,0,741,A
1-PB2,1819,0,0,0,742,742,C
1-PB2,1820,0,734,0,0,734,T
1-PB2,1821,0,733,0,0,733,T
1-PB2,1822,0,3,723,1,727,G
1-PB2,1823,0,1,724,0,725,G
1-PB2,1824,0,4,726,0,730,G
1-PB2,1825,724,0,3,0,727,A
1-PB2,1826,0,0,0,726,726,C
1-PB2,1827,722,0,0,0,722,A
1-PB2,1828,0,725,0,0,725,T
1-PB2,1829,0,719,0,1,720,T
1-PB2,1830,0,725,0,1,726,T
1-PB2,1831,0,3,722,1,726,G
1-PB2,1832,726,1,0,0,727,A
1-PB2,1833,0,0,0,726,726,C
1-PB2,1834,723,0,2,0,725,A
1-PB2,1835,1,0,0,726,727,C
1-PB2,1836,1,0,1,718,720,C
1-PB2,1837,722,0,0,1,723,A
1-PB2,1838,1,0,0,725,726,C
1-PB2,1839,2,1,0,718,721,C
1-PB2,1840,1,0,0,721,722,C
1-PB2,1841,724,0,0,1,725,A
1-PB2,1842,0,2,730,0,732,G
1-PB2,1843,731,1,0,1,733,A
1-PB2,1844,0,754,0,0,754,T
1-PB2,1845,751,0,0,0,751,A
1-PB2,1846,733,0,0,1,734,A
1-PB2,1847,0,737,0,0,737,T
1-PB2,1848,732,0,0,0,732,A
1-PB2,1849,733,1,0,0,734,A
1-PB2,1850,726,0,0,0,726,A
1-PB2,1851,0,1,727,0,728,G
1-PB2,1852,0,0,0,735,735,C
1-PB2,1853,0,708,1,1,710,T
1-PB2,1854,0,712,0,0,712,T
1-PB2,1855,3,1,0,709,713,C
1-PB2,1856,0,709,0,0,709,T
1-PB2,1857,6,0,0,721,727,C
1-PB2,1858,1,0,1,723,725,C
1-PB2,1859,2,0,0,720,722,C
1-PB2,1860,6,0,0,705,711,C
1-PB2,1861,0,720,0,1,721,T
1-PB2,1862,0,728,0,0,728,T
1-PB2,1863,0,730,0,0,730,T
1-PB2,1864,1,0,727,0,728,G
1-PB2,1865,0,1,0,733,734,C
1-PB2,1866,715,0,2,0,717,A
1-PB2,1867,0,0,718,0,718,G
1-PB2,1868,1,0,0,714,715,C
1-PB2,1869,0,708,0,0,708,T
1-PB2,1870,0,0,711,0,711,G
1-PB2,1871,0,0,0,707,707,C
1-PB2,1872,0,705,0,0,705,T
1-PB2,1873,2,0,0,704,706,C
1-PB2,1874,0,0,0,711,711,C
1-PB2,1875,713,0,0,0,713,A
1-PB2,1876,1,0,0,715,716,C
1-PB2,1877,0,0,1,709,710,C
1-PB2,1878,705,0,0,0,705,A
1-PB2,1879,713,0,0,0,713,A
1-PB2,1880,715,0,0,0,715,A
1-PB2,1881,0,0,719,0,719,G
1-PB2,1882,0,0,0,712,712,C
1-PB2,1883,705,0,1,0,706,A
1-PB2,1884,706,0,0,0,706,A
1-PB2,1885,706,0,1,0,707,A
1-PB2,1886,0,1,716,0,717,G
1-PB2,1887,0,0,1,711,712,C
1-PB2,1888,708,0,0,0,708,A
1-PB2,1889,0,3,711,0,714,G
1-PB2,1890,707,0,0,0,707,A
1-PB2,1891,714,0,1,0,715,A
1-PB2,1892,0,715,0,1,716,T
1-PB2,1893,0,0,716,0,716,G
1-PB2,1894,0,0,0,712,712,C
1-PB2,1895,705,0,0,0,705,A
1-PB2,1896,0,1,712,0,713,G
1-PB2,1897,0,709,0,1,710,T
1-PB2,1898,0,729,0,0,729,T
1-PB2,1899,2,0,0,738,740,C
1-PB2,1900,1,729,0,2,732,T
1-PB2,1901,3,0,0,743,746,C
1-PB2,1902,0,742,0,2,744,T
1-PB2,1903,0,742,0,0,742,T
1-PB2,1904,0,1,0,748,749,C
1-PB2,1905,737,0,1,0,738,A
1-PB2,1906,0,0,0,739,739,C
1-PB2,1907,0,718,0,1,719,T
1-PB2,1908,0,2,736,0,738,G
1-PB2,1909,734,0,0,0,734,A
1-PB2,1910,0,0,0,749,749,C
1-PB2,1911,0,741,0,0,741,T
1-PB2,1912,0,0,746,0,746,G
1-PB2,1913,0,735,1,1,737,T
1-PB2,1914,0,4,741,0,745,G
1-PB2,1915,740,0,3,0,743,A
1-PB2,1916,751,0,1,0,752,A
1-PB2,1917,0,736,1,0,737,T
1-PB2,1918,0,1,736,0,737,G
1-PB2,1919,0,723,1,0,724,T
1-PB2,1920,689,0,0,0,689,A
1-PB2,1921,690,0,0,0,690,A
1-PB2,1922,0,2,689,0,691,G
1-PB2,1923,685,0,1,0,686,A
1-PB2,1924,0,2,696,0,698,G
1-PB2,1925,0,2,708,0,710,G
1-PB2,1926,711,0,0,0,711,A
1-PB2,1927,0,707,0,0,707,T
1-PB2,1928,3,0,0,700,703,C
1-PB2,1929,700,0,1,0,701,A
1-PB2,1930,0,3,707,0,710,G
1-PB2,1931,0,3,706,0,709,G
1-PB2,1932,1,1,707,0,709,G
1-PB2,1933,706,0,0,0,706,A
1-PB2,1934,0,695,0,0,695,T
1-PB2,1935,0,4,698,0,702,G
1-PB2,1936,696,0,1,0,697,A
1-PB2,1937,0,2,713,0,715,G
1-PB2,1938,715,0,0,0,715,A
1-PB2,1939,698,0,1,0,699,A
1-PB2,1940,0,706,0,0,706,T
1-PB2,1941,703,0,0,0,703,A
1-PB2,1942,0,1,0,717,718,C
1-PB2,1943,0,709,0,1,710,T
1-PB2,1944,1,710,0,0,711,T
1-PB2,1945,0,1,716,0,717,G
1-PB2,1946,0,708,0,0,708,T
1-PB2,1947,706,0,2,0,708,A
1-PB2,1948,704,0,0,1,705,A
1-PB2,1949,0,5,691,0,696,G
1-PB2,1950,0,2,700,0,702,G
1-PB2,1951,0,3,687,0,690,G
1-PB2,1952,0,2,689,0,691,G
1-PB2,1953,0,1,0,693,694,C
1-PB2,1954,691,0,0,0,691,A
1-PB2,1955,707,0,0,0,707,A
1-PB2,1956,0,711,0,0,711,T
1-PB2,1957,0,710,0,0,710,T
1-PB2,1958,4,0,0,718,722,C
1-PB2,1959,0,712,0,1,713,T
1-PB2,1960,2,0,0,713,715,C
1-PB2,1961,1,0,0,716,717,C
1-PB2,1962,0,709,0,1,710,T
1-PB2,1963,0,1,722,0,723,G
1-PB2,1964,0,701,0,1,702,T
1-PB2,1965,714,0,0,0,714,A
1-PB2,1966,0,715,0,1,716,T
1-PB2,1967,1,706,0,0,707,T
1-PB2,1968,5,1,0,704,710,C
1-PB2,1969,708,0,0,0,708,A
1-PB2,1970,718,0,0,0,718,A
1-PB2,1971,1,0,0,721,722,C
1-PB2,1972,0,708,0,0,708,T
1-PB2,1973,713,1,0,0,714,A
1-PB2,1974,0,0,0,732,732,C
1-PB2,1975,730,0,0,0,730,A
1-PB2,1976,732,0,0,0,732,A
1-PB2,1977,0,0,0,730,730,C
1-PB2,1978,722,0,0,0,722,A
1-PB2,1979,715,0,1,0,716,A
1-PB2,1980,0,3,715,0,718,G
1-PB2,1981,718,0,0,0,718,A
1-PB2,1982,2,0,0,719,721,C
1-PB2,1983,1,2,0,709,712,C
1-PB2,1984,716,0,1,0,717,A
1-PB2,1985,0,0,0,736,736,C
1-PB2,1986,0,736,0,0,736,T
1-PB2,1987,735,0,1,0,736,A
1-PB2,1988,735,0,0,0,735,A
1-PB2,1989,736,0,0,0,736,A
1-PB2,1990,736,0,1,0,737,A
1-PB2,1991,0,0,744,0,744,G
1-PB2,1992,734,0,2,0,736,A
1-PB2,1993,0,0,0,735,735,C
1-PB2,1994,0,724,0,0,724,T
1-PB2,1995,725,0,0,0,725,A
1-PB2,1996,723,0,0,0,723,A
1-PB2,1997,1,0,0,723,724,C
1-PB2,1998,718,0,0,0,718,A
1-PB2,1999,721,0,1,0,722,A
1-PB2,2000,0,706,0,0,706,T
1-PB2,2001,0,700,0,0,700,T
1-PB2,2002,5,0,0,709,714,C
1-PB2,2003,0,710,0,0,710,T
1-PB2,2004,2,0,0,713,715,C
1-PB2,2005,0,5,711,0,716,G
1-PB2,2006,0,2,712,0,714,G
1-PB2,2007,715,0,1,0,716,A
1-PB2,2008,717,0,1,0,718,A
1-PB2,2009,715,0,0,0,715,A
1-PB2,2010,715,1,0,0,716,A
1-PB2,2011,0,0,720,0,720,G
1-PB2,2012,718,0,1,0,719,A
1-PB2,2013,0,720,0,0,720,T
1-PB2,2014,0,0,717,0,717,G
1-PB2,2015,0,0,0,711,711,C
1-PB2,2016,1,1,0,713,715,C
1-PB2,2017,0,0,715,0,715,G
1-PB2,2018,0,0,711,0,711,G
1-PB2,2019,0,1,0,714,715,C
1-PB2,2020,718,1,0,0,719,A
1-PB2,2021,3,0,0,721,724,C
1-PB2,2022,0,727,0,0,727,T
1-PB2,2023,0,720,0,0,720,T
1-PB2,2024,0,727,0,0,727,T
1-PB2,2025,727,0,0,0,727,A
1-PB2,2026,731,0,0,0,731,A
1-PB2,2027,0,729,0,0,729,T
1-PB2,2028,0,728,0,0,728,T
1-PB2,2029,0,1,728,0,729,G
1-PB2,2030,715,1,1,0,717,A
1-PB2,2031,715,0,0,0,715,A
1-PB2,2032,0,4,711,0,715,G
1-PB2,2033,724,0,0,0,724,A
1-PB2,2034,1,0,0,726,727,C
1-PB2,2035,4,0,0,714,718,C
1-PB2,2036,1,1,0,716,718,C
1-PB2,2037,717,0,0,0,717,A
1-PB2,2038,1,0,730,0,731,G
1-PB2,2039,728,0,0,0,728,A
1-PB2,2040,0,733,0,0,733,T
1-PB2,2041,1,3,728,1,733,G
1-PB2,2042,718,0,1,0,719,A
1-PB2,2043,719,0,2,0,721,A
1-PB2,2044,716,0,1,0,717,A
1-PB2,2045,0,0,719,0,719,G
1-PB2,2046,1,0,0,720,721,C
1-PB2,2047,709,0,0,0,709,A
1-PB2,2048,0,0,0,718,718,C
1-PB2,2049,715,0,1,1,717,A
1-PB2,2050,1,716,0,0,717,T
1-PB2,2051,1,0,0,720,721,C
1-PB2,2052,1,1,1,717,720,C
1-PB2,2053,1,1,714,0,716,G
1-PB2,2054,0,2,719,0,721,G
1-PB2,2055,716,0,1,0,717,A
1-PB2,2056,0,0,721,0,721,G
1-PB2,2057,0,714,0,2,716,T
1-PB2,2058,0,0,711,0,711,G
1-PB2,2059,0,4,706,0,710,G
1-PB2,2060,708,0,1,0,709,A
1-PB2,2061,0,0,708,0,708,G
1-PB2,2062,0,699,0,1,700,T
1-PB2,2063,0,0,0,695,695,C
1-PB2,2064,2,0,0,691,693,C
1-PB2,2065,1,0,692,0,693,G
1-PB2,2066,0,1,0,694,695,C
1-PB2,2067,1,2,0,686,689,C
1-PB2,2068,0,3,695,0,698,G
1-PB2,2069,0,690,0,1,691,T
1-PB2,2070,2,0,0,698,700,C
1-PB2,2071,0,698,0,1,699,T
1-PB2,2072,0,698,0,1,699,T
1-PB2,2073,0,1,699,0,700,G
1-PB2,2074,695,0,1,0,696,A
1-PB2,2075,1,0,698,0,699,G
1-PB2,2076,692,0,4,0,696,A
1-PB2,2077,0,2,668,0,670,G
1-PB2,2078,1,1,672,0,674,G
1-PB2,2079,0,0,676,0,676,G
1-PB2,2080,0,661,0,1,662,T
1-PB2,2081,0,663,0,0,663,T
1-PB2,2082,0,667,0,0,667,T
1-PB2,2083,1,0,0,664,665,C
1-PB2,2084,0,667,0,0,667,T
1-PB2,2085,0,0,0,683,683,C
1-PB2,2086,681,0,0,0,681,A
1-PB2,2087,0,676,0,0,676,T
1-PB2,2088,0,676,0,2,678,T
1-PB2,2089,677,0,0,0,677,A
1-PB2,2090,0,678,0,0,678,T
1-PB2,2091,673,0,1,0,674,A
1-PB2,2092,0,1,676,0,677,G
1-PB2,2093,0,0,681,0,681,G
1-PB2,2094,0,644,0,0,644,T
1-PB2,2095,646,0,0,0,646,A
1-PB2,2096,636,0,0,0,636,A
1-PB2,2097,0,3,640,0,643,G
1-PB2,2098,0,1,642,0,643,G
1-PB2,2099,637,0,0,0,637,A
1-PB2,2100,620,0,3,0,623,A
1-PB2,2101,0,3,618,0,621,G
1-PB2,2102,615,0,0,0,615,A
1-PB2,2103,0,0,0,621,621,C
1-PB2,2104,611,1,2,0,614,A
1-PB2,2105,0,2,612,0,614,G
1-PB2,2106,612,0,0,0,612,A
1-PB2,2107,606,0,0,0,606,A
1-PB2,2108,0,2,604,0,606,G
1-PB2,2109,0,1,588,0,589,G
1-PB2,2110,0,604,0,0,604,T
1-PB2,2111,605,0,0,0,605,A
1-PB2,2112,0,0,0,604,604,C
1-PB2,2113,3,3,589,0,595,G
1-PB2,2114,0,0,608,0,608,G
1-PB2,2115,607,0,0,0,607,A
1-PB2,2116,1,1,0,599,601,C
1-PB2,2117,3,0,0,598,601,C
1-PB2,2118,579,0,0,0,579,A
1-PB2,2119,0,0,598,0,598,G
1-PB2,2120,0,0,0,599,599,C
1-PB2,2121,596,0,1,0,597,A
1-PB2,2122,0,594,1,0,595,T
1-PB2,2123,0,569,0,0,569,T
1-PB2,2124,571,0,0,0,571,A
1-PB2,2125,566,1,0,0,567,A
1-PB2,2126,0,0,571,0,571,G
1-PB2,2127,0,0,1,566,567,C
1-PB2,2128,543,0,1,0,544,A
1-PB2,2129,0,556,0,1,557,T
1-PB2,2130,2,0,0,553,555,C
1-PB2,2131,555,0,0,0,555,A
1-PB2,2132,556,0,0,0,556,A
1-PB2,2133,1,554,0,0,555,T
1-PB2,2134,0,3,552,0,555,G
1-PB2,2135,551,0,0,0,551,A
1-PB2,2136,550,0,1,0,551,A
1-PB2,2137,1,0,0,552,553,C
1-PB2,2138,0,518,0,0,518,T
1-PB2,2139,0,3,526,0,529,G
1-PB2,2140,526,0,0,0,526,A
1-PB2,2141,0,0,527,0,527,G
1-PB2,2142,0,524,0,0,524,T
1-PB2,2143,518,0,0,0,518,A
1-PB2,2144,521,0,0,0,521,A
1-PB2,2145,1,1,0,516,518,C
1-PB2,2146,1,0,0,500,501,C
1-PB2,2147,0,497,0,1,498,T
1-PB2,2148,0,473,0,1,474,T
1-PB2,2149,2,0,474,0,476,G
1-PB2,2150,0,0,0,474,474,C
1-PB2,2151,471,0,2,0,473,A
1-PB2,2152,474,0,0,0,474,A
1-PB2,2153,469,0,0,0,469,A
1-PB2,2154,465,0,0,0,465,A
1-PB2,2155,0,3,461,0,464,G
1-PB2,2156,1,0,464,0,465,G
1-PB2,2157,1,3,459,0,463,G
1-PB2,2158,0,1,462,0,463,G
1-PB2,2159,463,0,0,0,463,A
1-PB2,2160,464,0,0,0,464,A
1-PB2,2161,463,0,0,0,463,A
1-PB2,2162,463,0,1,0,464,A
1-PB2,2163,0,1,465,0,466,G
1-PB2,2164,0,0,468,0,468,G
1-PB2,2165,0,0,0,463,463,C
1-PB2,2166,0,462,1,0,463,T
1-PB2,2167,461,0,0,0,461,A
1-PB2,2168,460,0,0,0,460,A
1-PB2,2169,0,460,0,0,460,T
1-PB2,2170,0,0,464,0,464,G
1-PB2,2171,0,451,0,0,451,T
1-PB2,2172,0,0,449,0,449,G
1-PB2,2173,1,0,0,448,449,C
1-PB2,2174,0,448,0,0,448,T
1-PB2,2175,452,0,0,0,452,A
1-PB2,2176,449,0,0,0,449,A
1-PB2,2177,0,446,0,1,447,T
1-PB2,2178,5,0,0,440,445,C
1-PB2,2179,0,2,425,0,427,G
1-PB2,2180,0,1,428,0,429,G
1-PB2,2181,0,1,429,0,430,G
1-PB2,2182,0,0,0,427,427,C
1-PB2,2183,428,0,1,0,429,A
1-PB2,2184,425,0,2,0,427,A
1-PB2,2185,0,1,431,0,432,G
1-PB2,2186,0,2,433,0,435,G
1-PB2,2187,432,1,1,0,434,A
1-PB2,2188,0,0,435,0,435,G
1-PB2,2189,418,0,0,0,418,A
1-PB2,2190,0,0,0,415,415,C
1-PB2,2191,2,0,415,0,417,G
1-PB2,2192,0,414,0,1,415,T
1-PB2,2193,0,2,416,0,418,G
1-PB2,2194,0,0,423,0,423,G
1-PB2,2195,0,415,0,0,415,T
1-PB2,2196,0,0,416,0,416,G
1-PB2,2197,0,400,0,0,400,T
1-PB2,2198,0,396,0,1,397,T
1-PB2,2199,0,0,394,0,394,G
1-PB2,2200,0,0,394,0,394,G
1-PB2,2201,0,391,0,0,391,T
1-PB2,2202,384,0,0,0,384,A
1-PB2,2203,376,0,0,0,376,A
1-PB2,2204,0,369,0,0,369,T
1-PB2,2205,0,0,366,0,366,G
1-PB2,2206,364,0,0,0,364,A
1-PB2,2207,363,0,0,0,363,A
1-PB2,2208,359,0,2,0,361,A
1-PB2,2209,0,0,0,360,360,C
1-PB2,2210,0,1,359,0,360,G
1-PB2,2211,355,0,0,0,355,A
1-PB2,2212,361,0,0,0,361,A
1-PB2,2213,359,0,1,0,360,A
1-PB2,2214,361,0,0,0,361,A
1-PB2,2215,1,1,0,358,360,C
1-PB2,2216,0,1,360,0,361,G
1-PB2,2217,0,1,360,0,361,G
1-PB2,2218,1,2,360,0,363,G
1-PB2,2219,363,0,0,0,363,A
1-PB2,2220,0,0,0,362,362,C
1-PB2,2221,0,357,0,2,359,T
1-PB2,2222,0,0,0,365,365,C
1-PB2,2223,0,363,0,0,363,T
1-PB2,2224,361,0,0,0,361,A
1-PB2,2225,0,0,361,0,361,G
1-PB2,2226,0,1,0,354,355,C
1-PB2,2227,356,0,0,0,356,A
1-PB2,2228,0,350,0,0,350,T
1-PB2,2229,336,0,0,0,336,A
1-PB2,2230,2,0,0,338,340,C
1-PB2,2231,0,291,0,0,291,T
1-PB2,2232,0,292,0,0,292,T
1-PB2,2233,279,1,1,0,281,A
1-PB2,2234,0,0,0,281,281,C
1-PB2,2235,0,277,0,0,277,T
1-PB2,2236,0,0,277,0,277,G
1-PB2,2237,269,0,0,0,269,A
1-PB2,2238,0,0,0,267,267,C
1-PB2,2239,240,0,1,0,241,A
1-PB2,2240,0,0,241,0,241,G
1-PB2,2241,0,0,0,241,241,C
1-PB2,2242,3,0,0,238,241,C
1-PB2,2243,240,0,0,0,240,A
1-PB2,2244,0,3,237,0,240,G
1-PB2,2245,240,0,0,0,240,A
1-PB2,2246,0,0,0,239,239,C
1-PB2,2247,222,0,1,1,224,A
1-PB2,2248,0,0,223,0,223,G
1-PB2,2249,0,0,0,210,210,C
1-PB2,2250,0,2,208,0,210,G
1-PB2,2251,209,0,0,0,209,A
1-PB2,2252,1,0,0,206,207,C
1-PB2,2253,2,0,0,205,207,C
1-PB2,2254,205,0,0,0,205,A
1-PB2,2255,204,0,0,0,204,A
1-PB2,2256,204,0,0,0,204,A
1-PB2,2257,204,0,0,0,204,A
1-PB2,2258,0,2,201,0,203,G
1-PB2,2259,194,0,0,0,194,A
1-PB2,2260,194,0,0,0,194,A
1-PB2,2261,0,192,0,0,192,T
1-PB2,2262,1,189,0,0,190,T
1-PB2,2263,0,0,0,190,190,C
1-PB2,2264,0,0,186,0,186,G
1-PB2,2265,0,0,185,0,185,G
1-PB2,2266,185,0,0,0,185,A
1-PB2,2267,0,178,0,0,178,T
1-PB2,2268,0,0,178,0,178,G
1-PB2,2269,0,0,176,0,176,G
1-PB2,2270,1,0,0,176,177,C
1-PB2,2271,1,0,0,174,175,C
1-PB2,2272,175,0,0,0,175,A
1-PB2,2273,0,173,0,0,173,T
1-PB2,2274,0,0,0,172,172,C
1-PB2,2275,173,0,0,0,173,A
1-PB2,2276,173,0,0,0,173,A
1-PB2,2277,0,173,0,0,173,T
1-PB2,2278,0,153,0,0,153,T
1-PB2,2279,145,0,0,0,145,A
1-PB2,2280,142,0,0,0,142,A
2-PB1,1,190,0,0,0,190,A
2-PB1,2,0,192,0,0,192,T
2-PB1,3,0,0,193,0,193,G
2-PB1,4,0,0,211,0,211,G
2-PB1,5,236,0,0,0,236,A
2-PB1,6,0,258,0,0,258,T
2-PB1,7,0,1,260,0,261,G
2-PB1,8,0,258,0,2,260,T
2-PB1,9,0,2,0,283,285,C
2-PB1,10,286,0,1,0,287,A
2-PB1,11,304,0,0,0,304,A
2-PB1,12,0,304,0,0,304,T
2-PB1,13,0,1,0,303,304,C
2-PB1,14,1,2,0,321,324,C
2-PB1,15,0,3,329,0,332,G
2-PB1,16,368,1,0,0,369,A
2-PB1,17,0,0,0,378,378,C
2-PB1,18,0,378,0,0,378,T
2-PB1,19,0,0,0,438,438,C
2-PB1,20,1,437,0,0,438,T
2-PB1,21,443,0,1,0,444,A
2-PB1,22,0,0,0,445,445,C
2-PB1,23,0,445,0,0,445,T
2-PB1,24,0,0,500,0,500,G
2-PB1,25,0,512,0,0,512,T
2-PB1,26,0,511,0,0,511,T
2-PB1,27,1,0,0,509,510,C
2-PB1,28,0,0,0,512,512,C
2-PB1,29,0,596,0,0,596,T
2-PB1,30,601,0,0,0,601,A
2-PB1,31,602,0,0,0,602,A
2-PB1,32,605,1,0,0,606,A
2-PB1,33,0,1,612,0,613,G
2-PB1,34,0,0,618,0,618,G
2-PB1,35,0,618,0,0,618,T
2-PB1,36,0,617,0,0,617,T
2-PB1,37,0,0,0,619,619,C
2-PB1,38,1,0,0,616,617,C
2-PB1,39,620,0,0,1,621,A
2-PB1,40,0,1,630,0,631,G
2-PB1,41,0,0,0,631,631,C
2-PB1,42,0,0,634,0,634,G
2-PB1,43,0,1,0,635,636,C
2-PB1,44,635,0,0,0,635,A
2-PB1,45,635,0,0,1,636,A
2-PB1,46,637,0,0,0,637,A
2-PB1,47,649,0,0,0,649,A
2-PB1,48,0,652,0,0,652,T
2-PB1,49,0,0,673,0,673,G
2-PB1,50,0,1,0,677,678,C
2-PB1,51,1,6,0,677,684,C
2-PB1,52,684,1,0,0,685,A
2-PB1,53,0,689,0,0,689,T
2-PB1,54,737,0,0,0,737,A
2-PB1,55,738,0,0,0,738,A
2-PB1,56,0,1,768,0,769,G
2-PB1,57,1,0,0,773,774,C
2-PB1,58,775,0,0,0,775,A
2-PB1,59,1,1,0,801,803,C
2-PB1,60,802,0,0,0,802,A
2-PB1,61,838,0,0,0,838,A
2-PB1,62,0,1,0,842,843,C
2-PB1,63,846,0,0,0,846,A
2-PB1,64,1,857,0,0,858,T
2-PB1,65,0,854,0,0,854,T
2-PB1,66,3,0,0,1048,1051,C
2-PB1,67,1,0,0,1050,1051,C
2-PB1,68,2,0,0,1068,1070,C
2-PB1,69,0,1078,0,0,1078,T
2-PB1,70,0,1074,0,0,1074,T
2-PB1,71,1188,0,0,0,1188,A
2-PB1,72,0,1196,0,0,1196,T
2-PB1,73,1196,0,0,0,1196,A
2-PB1,74,2,0,0,1209,1211,C
2-PB1,75,0,1192,0,0,1192,T
2-PB1,76,0,6,1197,0,1203,G
2-PB1,77,0,2,1199,0,1201,G
2-PB1,78,1204,0,1,1,1206,A
2-PB1,79,0,6,1215,0,1221,G
2-PB1,80,1221,1,0,0,1222,A
2-PB1,81,0,1220,0,0,1220,T
2-PB1,82,0,0,0,1307,1307,C
2-PB1,83,2,0,0,1311,1313,C
2-PB1,84,0,1316,0,2,1318,T
2-PB1,85,2,0,0,1417,1419,C
2-PB1,86,3,1,0,1420,1424,C
2-PB1,87,1435,0,0,0,1435,A
2-PB1,88,0,1435,0,0,1435,T
2-PB1,89,1436,0,0,0,1436,A
2-PB1,90,0,0,0,1436,1436,C
2-PB1,91,1421,0,0,0,1421,A
2-PB1,92,0,0,1483,0,1483,G
2-PB1,93,0,0,0,1488,1488,C
2-PB1,94,1,0,0,1484,1485,C
2-PB1,95,1484,1,0,0,1485,A
2-PB1,96,0,1484,0,0,1484,T
2-PB1,97,1,3,1486,0,1490,G
2-PB1,98,0,11,1557,0,1568,G
2-PB1,99,1579,0,0,0,1579,A
2-PB1,100,1582,0,0,0,1582,A
2-PB1,101,0,1,0,1599,1600,C
2-PB1,102,1582,0,4,0,1586,A
2-PB1,103,0,2,1614,0,1616,G
2-PB1,104,0,11,1622,1,1634,G
2-PB1,105,1635,0,1,0,1636,A
2-PB1,106,1640,1,0,0,1641,A
2-PB1,107,0,0,0,1652,1652,C
2-PB1,108,1646,0,1,0,1647,A
2-PB1,109,0,5,1822,0,1827,G
2-PB1,110,0,5,1820,0,1825,G
2-PB1,111,0,1,1863,0,1864,G
2-PB1,112,0,1864,0,1,1865,T
2-PB1,113,1865,0,1,0,1866,A
2-PB1,114,0,0,0,1878,1878,C
2-PB1,115,1948,1,1,0,1950,A
2-PB1,116,0,0,0,2022,2022,C
2-PB1,117,1,0,1,1999,2001,C
2-PB1,118,1967,1,1,0,1969,A
2-PB1,119,0,1971,0,1,1972,T
2-PB1,120,0,2,1967,0,1969,G
2-PB1,121,0,10,1967,1,1978,G
2-PB1,122,1973,0,2,0,1975,A
2-PB1,123,2,2,0,1973,1977,C
2-PB1,124,1937,0,1,0,1938,A
2-PB1,125,0,0,0,1974,1974,C
2-PB1,126,1978,0,1,0,1979,A
2-PB1,127,0,2,2020,0,2022,G
2-PB1,128,0,2019,0,2,2021,T
2-PB1,129,6,2,0,2082,2090,C
2-PB1,130,2091,0,0,0,2091,A
2-PB1,131,2119,0,0,0,2119,A
2-PB1,132,0,1,0,2121,2122,C
2-PB1,133,2104,0,1,0,2105,A
2-PB1,134,0,9,2120,0,2129,G
2-PB1,135,2109,0,3,0,2112,A
2-PB1,136,2111,0,0,0,2111,A
2-PB1,137,0,1,0,2115,2116,C
2-PB1,138,2080,1,0,0,2081,A
2-PB1,139,3,0,0,2081,2084,C
2-PB1,140,2075,1,0,0,2076,A
2-PB1,141,0,2062,0,0,2062,T
2-PB1,142,3,0,1,2176,2180,C
2-PB1,143,2192,0,0,0,2192,A
2-PB1,144,2203,1,1,0,2205,A
2-PB1,145,0,2228,0,1,2229,T
2-PB1,146,2286,0,0,0,2286,A
2-PB1,147,0,2282,0,2,2284,T
2-PB1,148,2,2257,0,1,2260,T
2-PB1,149,4,1,0,2257,2262,C
2-PB1,150,2237,1,3,0,2241,A
2-PB1,151,0,9,2231,0,2240,G
2-PB1,152,2225,0,0,0,2225,A
2-PB1,153,0,2,2227,0,2229,G
2-PB1,154,2193,0,2,0,2195,A
2-PB1,155,3,3,2163,0,2169,G
2-PB1,156,0,3,2163,0,2166,G
2-PB1,157,0,6,2243,0,2249,G
2-PB1,158,1,6,2244,0,2251,G
2-PB1,159,1,4,2264,0,2269,G
2-PB1,160,2261,1,1,0,2263,A
2-PB1,161,2261,0,3,0,2264,A
2-PB1,162,0,1,2286,1,2288,G
2-PB1,163,0,2273,0,0,2273,T
2-PB1,164,2,4,2263,0,2269,G
2-PB1,165,0,8,2254,0,2262,G
2-PB1,166,2257,0,4,0,2261,A
2-PB1,167,3,1,0,2266,2270,C
2-PB1,168,2,11,2261,0,2274,G
2-PB1,169,2293,0,1,0,2294,A
2-PB1,170,3,0,0,2309,2312,C
2-PB1,171,2298,0,5,0,2303,A
2-PB1,172,2310,0,1,0,2311,A
2-PB1,173,2322,0,0,0,2322,A
2-PB1,174,0,2362,0,0,2362,T
2-PB1,175,2369,0,1,0,2370,A
2-PB1,176,2,1,0,2366,2369,C
2-PB1,177,2354,0,1,0,2355,A
2-PB1,178,0,7,2356,0,2363,G
2-PB1,179,2348,0,1,1,2350,A
2-PB1,180,2387,1,1,1,2390,A
2-PB1,181,2390,1,1,0,2392,A
2-PB1,182,5,1,0,2388,2394,C
2-PB1,183,0,2364,0,5,2369,T
2-PB1,184,0,6,2364,0,2370,G
2-PB1,185,0,6,2362,0,2368,G
2-PB1,186,0,10,2351,0,2361,G
2-PB1,187,2,2,2356,0,2360,G
2-PB1,188,1,2,0,2354,2357,C
2-PB1,189,2347,3,2,1,2353,A
2-PB1,190,4,0,0,2471,2475,C
2-PB1,191,6,1,0,2459,2466,C
2-PB1,192,9,1,0,2456,2466,C
2-PB1,193,5,1,0,2473,2479,C
2-PB1,194,2481,1,1,1,2484,A
2-PB1,195,2505,2,1,1,2509,A
2-PB1,196,1,0,0,2507,2508,C
2-PB1,197,0,2498,0,0,2498,T
2-PB1,198,11,1,0,2507,2519,C
2-PB1,199,2451,0,1,1,2453,A
2-PB1,200,2488,0,3,0,2491,A
2-PB1,201,3,0,1,2484,2488,C
2-PB1,202,9,1,1,2482,2493,C
2-PB1,203,8,0,0,2484,2492,C
2-PB1,204,2477,0,0,0,2477,A
2-PB1,205,2485,0,0,0,2485,A
2-PB1,206,0,2501,0,1,2502,T
2-PB1,207,0,2488,0,0,2488,T
2-PB1,208,1,3,2491,0,2495,G
2-PB1,209,2475,0,0,0,2475,A
2-PB1,210,0,2479,0,5,2484,T
2-PB1,211,1,10,2466,0,2477,G
2-PB1,212,0,6,2499,0,2505,G
2-PB1,213,2526,0,8,0,2534,A
2-PB1,214,1,0,0,2547,2548,C
2-PB1,215,8,0,0,2535,2543,C
2-PB1,216,2530,1,5,0,2536,A
2-PB1,217,2,1,0,2599,2602,C
2-PB1,218,0,2594,0,0,2594,T
2-PB1,219,2635,0,2,0,2637,A
2-PB1,220,5,1,1,2641,2648,C
2-PB1,221,7,0,0,2627,2634,C
2-PB1,222,1,2591,0,0,2592,T
2-PB1,223,1,5,2605,0,2611,G
2-PB1,224,2600,0,1,1,2602,A
2-PB1,225,0,5,2613,0,2618,G
2-PB1,226,0,3,2599,0,2602,G
2-PB1,227,2585,0,2,0,2587,A
2-PB1,228,0,2568,0,2,2570,T
2-PB1,229,2534,0,2,0,2536,A
2-PB1,230,2534,0,2,0,2536,A
2-PB1,231,1,2532,0,0,2533,T
2-PB1,232,0,9,2510,0,2519,G
2-PB1,233,2524,0,0,0,2524,A
2-PB1,234,2514,0,0,0,2514,A
2-PB1,235,1,0,1,2519,2521,C
2-PB1,236,12,0,1,2476,2489,C
2-PB1,237,2506,0,1,0,2507,A
2-PB1,238,2501,0,1,1,2503,A
2-PB1,239,0,4,2514,0,2518,G
2-PB1,240,0,2521,0,0,2521,T
2-PB1,241,3,9,2514,0,2526,G
2-PB1,242,0,8,2543,0,2551,G
2-PB1,243,2552,0,1,0,2553,A
2-PB1,244,0,2548,0,0,2548,T
2-PB1,245,2553,1,0,0,2554,A
2-PB1,246,0,2608,0,1,2609,T
2-PB1,247,0,3,2620,0,2623,G
2-PB1,248,1,1,0,2620,2622,C
2-PB1,249,2615,1,1,0,2617,A
2-PB1,250,4,0,0,2689,2693,C
2-PB1,251,2662,0,0,0,2662,A
2-PB1,252,2705,0,1,0,2706,A
2-PB1,253,2698,2,3,2,2705,A
2-PB1,254,1,1,0,2708,2710,C
2-PB1,255,2626,2,0,0,2628,A
2-PB1,256,2,11,2653,0,2666,G
2-PB1,257,2670,0,1,0,2671,A
2-PB1,258,0,1,0,2681,2682,C
2-PB1,259,1,2615,0,4,2620,T
2-PB1,260,0,0,2683,0,2683,G
2-PB1,261,0,2658,1,4,2663,T
2-PB1,262,0,3,2771,0,2774,G
2-PB1,263,0,2757,1,3,2761,T
2-PB1,264,8,1,0,2767,2776,C
2-PB1,265,5,0,1,2769,2775,C
2-PB1,266,0,2759,0,1,2760,T
2-PB1,267,2,3,2746,0,2751,G
2-PB1,268,0,5,2751,0,2756,G
2-PB1,269,2710,0,1,0,2711,A
2-PB1,270,0,7,2732,0,2739,G
2-PB1,271,1,2,2689,0,2692,G
2-PB1,272,0,0,0,2699,2699,C
2-PB1,273,0,2686,0,4,2690,T
2-PB1,274,2686,0,0,0,2686,A
2-PB1,275,0,2691,0,1,2692,T
2-PB1,276,0,6,2692,0,2698,G
2-PB1,277,1,5,2688,0,2694,G
2-PB1,278,3,0,0,2684,2687,C
2-PB1,279,4,1,0,2654,2659,C
2-PB1,280,0,2633,0,1,2634,T
2-PB1,281,0,2759,0,0,2759,T
2-PB1,282,5,0,1,2755,2761,C
2-PB1,283,4,1,0,2767,2772,C
2-PB1,284,0,2763,1,2,2766,T
2-PB1,285,1,2768,0,0,2769,T
2-PB1,286,1,4,2782,0,2787,G
2-PB1,287,2787,1,0,0,2788,A
2-PB1,288,2785,0,1,0,2786,A
2-PB1,289,0,8,2788,0,2796,G
2-PB1,290,2694,0,0,1,2695,A
2-PB1,291,2711,0,10,0,2721,A
2-PB1,292,0,2710,0,1,2711,T
2-PB1,293,8,0,0,2710,2718,C
2-PB1,294,6,0,0,2706,2712,C
2-PB1,295,10,0,0,2712,2722,C
2-PB1,296,2727,0,0,0,2727,A
2-PB1,297,1,0,0,2735,2736,C
2-PB1,298,7,0,0,2722,2729,C
2-PB1,299,5,0,0,2734,2739,C
2-PB1,300,2713,1,1,0,2715,A
2-PB1,301,0,2,2742,1,2745,G
2-PB1,302,3,4,2741,0,2748,G
2-PB1,303,1,2742,1,2,2746,T
2-PB1,304,2761,0,0,0,2761,A
2-PB1,305,2,2747,0,0,2749,T
2-PB1,306,5,0,0,2746,2751,C
2-PB1,307,1,2739,0,0,2740,T
2-PB1,308,1,2746,0,0,2747,T
2-PB1,309,1,2734,0,1,2736,T
2-PB1,310,4,9,2722,0,2735,G
2-PB1,311,2715,1,2,0,2718,A
2-PB1,312,0,4,2712,0,2716,G
2-PB1,313,2696,0,2,0,2698,A
2-PB1,314,2702,1,1,1,2705,A
2-PB1,315,2,0,0,2720,2722,C
2-PB1,316,0,2691,0,5,2696,T
2-PB1,317,9,0,0,2686,2695,C
2-PB1,318,2688,1,1,0,2690,A
2-PB1,319,0,2703,1,0,2704,T
2-PB1,320,0,2,2707,0,2709,G
2-PB1,321,1,0,0,2740,2741,C
2-PB1,322,4,0,0,2740,2744,C
2-PB1,323,0,2727,0,0,2727,T
2-PB1,324,0,2708,0,1,2709,T
2-PB1,325,1,7,2716,1,2725,G
2-PB1,326,2738,1,1,0,2740,A
2-PB1,327,2744,0,2,0,2746,A
2-PB1,328,2745,1,1,1,2748,A
2-PB1,329,3,2,0,2762,2767,C
2-PB1,330,2704,0,1,0,2705,A
2-PB1,331,2715,0,1,0,2716,A
2-PB1,332,2,2712,0,3,2717,T
2-PB1,333,0,10,2709,0,2719,G
2-PB1,334,0,2,2716,0,2718,G
2-PB1,335,2696,1,1,0,2698,A
2-PB1,336,2691,2,1,0,2694,A
2-PB1,337,1,1,2694,0,2696,G
2-PB1,338,0,1,0,2693,2694,C
2-PB1,339,9,1,1,2663,2674,C
2-PB1,340,3,7,2693,0,2703,G
2-PB1,341,0,2696,0,1,2697,T
2-PB1,342,0,2702,0,1,2703,T
2-PB1,343,13,0,0,2716,2729,C
2-PB1,344,2728,0,1,0,2729,A
2-PB1,345,2756,0,6,0,2762,A
2-PB1,346,0,1,0,2766,2767,C
2-PB1,347,2765,0,1,0,2766,A
2-PB1,348,0,7,2784,0,2791,G
2-PB1,349,2747,1,3,0,2751,A
2-PB1,350,1,1,0,2752,2754,C
2-PB1,351,2748,0,1,0,2749,A
2-PB1,352,2759,0,1,0,2760,A
2-PB1,353,0,11,2770,0,2781,G
2-PB1,354,0,13,2736,0,2749,G
2-PB1,355,0,4,2759,0,2763,G
2-PB1,356,0,2701,0,1,2702,T
2-PB1,357,3,8,2681,0,2692,G
2-PB1,358,0,9,2680,0,2689,G
2-PB1,359,2686,1,3,0,2690,A
2-PB1,360,2,1,0,2690,2693,C
2-PB1,361,2645,0,0,0,2645,A
2-PB1,362,2658,0,1,0,2659,A
2-PB1,363,2657,1,1,0,2659,A
2-PB1,364,1,0,0,2664,2665,C
2-PB1,365,0,2651,0,0,2651,T
2-PB1,366,2656,0,0,0,2656,A
2-PB1,367,2674,0,0,1,2675,A
2-PB1,368,2,1,0,2675,2678,C
2-PB1,369,10,1,0,2660,2671,C
2-PB1,370,10,0,0,2666,2676,C
2-PB1,371,2622,1,3,0,2626,A
2-PB1,372,2617,0,0,0,2617,A
2-PB1,373,1,5,2616,0,2622,G
2-PB1,374,1,2,2623,0,2626,G
2-PB1,375,1,2627,0,2,2630,T
2-PB1,376,4,0,0,2613,2617,C
2-PB1,377,0,2,2619,1,2622,G
2-PB1,378,2,2,0,2606,2610,C
2-PB1,379,7,1,0,2614,2622,C
2-PB1,380,2621,0,0,0,2621,A
2-PB1,381,3,4,2669,0,2676,G
2-PB1,382,2704,2,1,1,2708,A
2-PB1,383,0,0,0,2716,2716,C
2-PB1,384,0,2698,0,2,2700,T
2-PB1,385,0,2683,0,3,2686,T
2-PB1,386,2696,0,4,0,2700,A
2-PB1,387,0,2706,0,2,2708,T
2-PB1,388,1,7,2697,0,2705,G
2-PB1,389,2689,0,1,1,2691,A
2-PB1,390,2,2646,0,0,2648,T
2-PB1,391,1,2583,0,0,2584,T
2-PB1,392,0,10,2574,0,2584,G
2-PB1,393,0,4,2572,2,2578,G
2-PB1,394,2598,0,4,1,2603,A
2-PB1,395,1,2,1,2593,2597,C
2-PB1,396,2574,0,1,1,2576,A
2-PB1,397,1,2560,0,1,2562,T
2-PB1,398,0,2588,1,0,2589,T
2-PB1,399,2609,0,1,0,2610,A
2-PB1,400,2602,0,0,0,2602,A
2-PB1,401,2610,1,0,1,2612,A
2-PB1,402,0,2,0,2613,2615,C
2-PB1,403,2564,0,0,1,2565,A
2-PB1,404,0,1,2576,0,2577,G
2-PB1,405,2567,0,1,3,2571,A
2-PB1,406,2572,1,0,0,2573,A
2-PB1,407,2568,0,1,0,2569,A
2-PB1,408,0,2553,0,1,2554,T
2-PB1,409,13,1,0,2549,2563,C
2-PB1,410,2558,0,1,0,2559,A
2-PB1,411,2560,0,1,1,2562,A
2-PB1,412,1,1,0,2552,2554,C
2-PB1,413,5,1,0,2536,2542,C
2-PB1,414,1,7,2537,0,2545,G
2-PB1,415,1,1,2543,0,2545,G
2-PB1,416,0,2,0,2547,2549,C
2-PB1,417,2541,3,2,1,2547,A
2-PB1,418,2,1,2546,0,2549,G
2-PB1,419,2,0,0,2558,2560,C
2-PB1,420,2566,0,0,0,2566,A
2-PB1,421,2571,0,1,0,2572,A
2-PB1,422,5,0,0,2569,2574,C
2-PB1,423,2,2553,2,0,2557,T
2-PB1,424,0,2,2636,0,2638,G
2-PB1,425,3,1,0,2628,2632,C
2-PB1,426,2634,0,1,1,2636,A
2-PB1,427,0,2634,1,1,2636,T
2-PB1,428,0,2606,0,7,2613,T
2-PB1,429,2754,0,0,0,2754,A
2-PB1,430,0,0,2762,0,2762,G
2-PB1,431,5,0,0,2745,2750,C
2-PB1,432,9,2,0,2738,2749,C
2-PB1,433,2647,1,2,1,2651,A
2-PB1,434,2662,0,1,1,2664,A
2-PB1,435,2,3,0,2665,2670,C
2-PB1,436,2670,1,3,0,2674,A
2-PB1,437,5,0,0,2746,2751,C
2-PB1,438,12,0,0,2538,2550,C
2-PB1,439,2546,1,0,1,2548,A
2-PB1,440,2,2539,2,1,2544,T
2-PB1,441,2544,0,0,1,2545,A
2-PB1,442,0,6,2539,0,2545,G
2-PB1,443,2519,2,0,0,2521,A
2-PB1,444,2498,0,0,2,2500,A
2-PB1,445,0,1,2518,0,2519,G
2-PB1,446,1,2449,0,0,2450,T
2-PB1,447,0,2451,0,1,2452,T
2-PB1,448,0,2439,0,1,2440,T
2-PB1,449,1,2458,0,1,2460,T
2-PB1,450,0,2461,1,0,2462,T
2-PB1,451,2453,0,0,0,2453,A
2-PB1,452,0,5,2450,0,2455,G
2-PB1,453,2444,1,0,1,2446,A
2-PB1,454,0,2435,0,0,2435,T
2-PB1,455,11,3,0,2403,2417,C
2-PB1,456,3,10,2407,1,2421,G
2-PB1,457,2420,0,0,0,2420,A
2-PB1,458,2419,0,1,1,2421,A
2-PB1,459,2,3,0,2422,2427,C
2-PB1,460,2,7,2424,0,2433,G
2-PB1,461,0,6,2522,0,2528,G
2-PB1,462,2530,0,0,0,2530,A
2-PB1,463,1,2514,1,1,2517,T
2-PB1,464,1,2517,0,0,2518,T
2-PB1,465,2522,0,2,0,2524,A
2-PB1,466,2526,0,0,0,2526,A
2-PB1,467,1,0,0,2535,2536,C
2-PB1,468,2509,1,2,0,2512,A
2-PB1,469,0,2,2539,0,2541,G
2-PB1,470,0,0,0,2458,2458,C
2-PB1,471,1,2451,0,0,2452,T
2-PB1,472,2454,0,1,0,2455,A
2-PB1,473,2453,0,4,0,2457,A
2-PB1,474,0,2456,0,1,2457,T
2-PB1,475,0,13,2480,0,2493,G
2-PB1,476,2486,0,1,0,2487,A
2-PB1,477,2484,0,0,1,2485,A
2-PB1,478,1,2450,0,0,2451,T
2-PB1,479,10,0,0,2456,2466,C
2-PB1,480,2448,1,2,1,2452,A
2-PB1,481,0,2,2453,0,2455,G
2-PB1,482,1,5,2451,0,2457,G
2-PB1,483,2447,0,2,0,2449,A
2-PB1,484,2400,0,1,0,2401,A
2-PB1,485,1,3,2467,0,2471,G
2-PB1,486,2,1,2473,0,2476,G
2-PB1,487,0,0,0,2479,2479,C
2-PB1,488,0,2468,0,1,2469,T
2-PB1,489,2468,0,0,1,2469,A
2-PB1,490,2465,1,1,0,2467,A
2-PB1,491,0,2472,0,0,2472,T
2-PB1,492,2472,0,3,0,2475,A
2-PB1,493,0,7,2479,0,2486,G
2-PB1,494,2366,0,1,0,2367,A
2-PB1,495,0,2347,0,0,2347,T
2-PB1,496,0,2337,0,0,2337,T
2-PB1,497,0,2345,0,0,2345,T
2-PB1,498,11,1,0,2384,2396,C
2-PB1,499,10,1,0,2394,2405,C
2-PB1,500,0,2403,0,1,2404,T
2-PB1,501,5,2,1,2399,2407,C
2-PB1,502,2405,0,0,0,2405,A
2-PB1,503,2408,0,1,0,2409,A
2-PB1,504,0,10,2423,0,2433,G
2-PB1,505,0,3,2455,0,2458,G
2-PB1,506,2458,0,0,0,2458,A
2-PB1,507,2,2386,0,1,2389,T
2-PB1,508,0,0,2413,0,2413,G
2-PB1,509,1,2396,1,0,2398,T
2-PB1,510,0,6,2414,0,2420,G
2-PB1,511,2415,0,4,0,2419,A
2-PB1,512,0,2414,0,0,2414,T
2-PB1,513,1,5,2398,0,2404,G
2-PB1,514,0,7,2383,0,2390,G
2-PB1,515,2390,1,2,0,2393,A
2-PB1,516,2395,0,2,0,2397,A
2-PB1,517,0,2357,0,0,2357,T
2-PB1,518,7,1,0,2361,2369,C
2-PB1,519,2344,1,0,0,2345,A
2-PB1,520,2359,0,0,0,2359,A
2-PB1,521,0,2345,1,3,2349,T
2-PB1,522,0,6,2374,0,2380,G
2-PB1,523,0,8,2379,0,2387,G
2-PB1,524,2376,2,0,0,2378,A
2-PB1,525,2,2362,0,3,2367,T
2-PB1,526,2366,0,2,0,2368,A
2-PB1,527,2364,0,2,0,2366,A
2-PB1,528,2365,0,2,0,2367,A
2-PB1,529,2,1,2387,0,2390,G
2-PB1,530,2372,2,0,0,2374,A
2-PB1,531,0,3,2364,1,2368,G
2-PB1,532,0,7,2357,0,2364,G
2-PB1,533,2352,2,1,0,2355,A
2-PB1,534,2349,0,2,0,2351,A
2-PB1,535,2357,0,0,0,2357,A
2-PB1,536,1,2349,0,2,2352,T
2-PB1,537,0,4,2380,0,2384,G
2-PB1,538,0,2,2378,0,2380,G
2-PB1,539,2358,0,0,0,2358,A
2-PB1,540,0,6,2374,0,2380,G
2-PB1,541,2345,0,0,0,2345,A
2-PB1,542,0,2381,0,2,2383,T
2-PB1,543,2383,0,0,0,2383,A
2-PB1,544,2411,0,0,0,2411,A
2-PB1,545,1,1,0,2419,2421,C
2-PB1,546,2375,1,2,0,2378,A
2-PB1,547,2387,0,1,0,2388,A
2-PB1,548,1,0,0,2382,2383,C
2-PB1,549,2360,0,1,0,2361,A
2-PB1,550,0,0,0,2368,2368,C
2-PB1,551,2325,0,0,0,2325,A
2-PB1,552,3,0,0,2341,2344,C
2-PB1,553,0,2321,2,1,2324,T
2-PB1,554,0,2313,0,2,2315,T
2-PB1,555,0,2318,0,5,2323,T
2-PB1,556,5,1,0,2310,2316,C
2-PB1,557,2318,0,2,0,2320,A
2-PB1,558,2328,0,1,1,2330,A
2-PB1,559,2330,0,3,0,2333,A
2-PB1,560,0,10,2355,0,2365,G
2-PB1,561,2341,1,1,0,2343,A
2-PB1,562,2345,0,0,0,2345,A
2-PB1,563,2346,0,1,0,2347,A
2-PB1,564,2354,0,1,0,2355,A
2-PB1,565,2343,1,2,1,2347,A
2-PB1,566,0,11,2349,0,2360,G
2-PB1,567,2,6,2353,0,2361,G
2-PB1,568,2339,1,3,0,2343,A
2-PB1,569,0,14,2360,0,2374,G
2-PB1,570,2353,0,1,0,2354,A
2-PB1,571,0,1,2420,0,2421,G
2-PB1,572,1,2412,0,0,2413,T
2-PB1,573,2412,0,2,0,2414,A
2-PB1,574,2413,2,0,1,2416,A
2-PB1,575,1,13,2394,1,2409,G
2-PB1,576,1,9,2396,0,2406,G
2-PB1,577,1,7,2406,0,2414,G
2-PB1,578,2362,0,5,0,2367,A
2-PB1,579,6,1,0,2375,2382,C
2-PB1,580,2318,0,2,1,2321,A
2-PB1,581,2328,0,1,0,2329,A
2-PB1,582,0,0,0,2325,2325,C
2-PB1,583,2317,0,1,0,2318,A
2-PB1,584,1,2299,0,1,2301,T
2-PB1,585,0,16,2272,0,2288,G
2-PB1,586,2290,0,0,0,2290,A
2-PB1,587,2,0,0,2286,2288,C
2-PB1,588,6,1,1,2252,2260,C
2-PB1,589,2258,0,1,0,2259,A
2-PB1,590,2266,0,2,0,2268,A
2-PB1,591,0,4,2274,0,2278,G
2-PB1,592,2270,2,0,0,2272,A
2-PB1,593,2271,0,1,0,2272,A
2-PB1,594,2255,0,1,0,2256,A
2-PB1,595,2260,0,0,0,2260,A
2-PB1,596,0,2265,0,0,2265,T
2-PB1,597,0,14,2249,1,2264,G
2-PB1,598,0,3,2263,0,2266,G
2-PB1,599,0,2240,0,4,2244,T
2-PB1,600,16,0,0,2205,2221,C
2-PB1,601,2237,0,1,0,2238,A
2-PB1,602,0,0,0,2388,2388,C
2-PB1,603,2417,0,0,0,2417,A
2-PB1,604,1,1,0,2427,2429,C
2-PB1,605,2422,0,0,1,2423,A
2-PB1,606,2567,1,0,0,2568,A
2-PB1,607,2536,0,9,0,2545,A
2-PB1,608,0,7,2634,0,2641,G
2-PB1,609,357,3,2180,0,2540,G
2-PB1,610,2612,0,2,0,2614,A
2-PB1,611,2,3,0,2669,2674,C
2-PB1,612,2679,0,1,0,2680,A
2-PB1,613,2699,1,1,0,2701,A
2-PB1,614,2,2681,0,1,2684,T
2-PB1,615,2628,0,0,1,2629,A
2-PB1,616,0,12,2620,1,2633,G
2-PB1,617,1,3,2549,1,2554,G
2-PB1,618,1,7,2553,0,2561,G
2-PB1,619,2552,0,1,0,2553,A
2-PB1,620,2536,0,3,0,2539,A
2-PB1,621,0,9,2558,0,2567,G
2-PB1,622,2560,0,0,0,2560,A
2-PB1,623,2556,0,1,0,2557,A
2-PB1,624,2566,0,1,1,2568,A
2-PB1,625,2581,0,0,0,2581,A
2-PB1,626,2635,1,1,0,2637,A
2-PB1,627,2635,0,1,1,2637,A
2-PB1,628,1,1,0,2640,2642,C
2-PB1,629,2639,0,1,0,2640,A
2-PB1,630,2634,2,0,0,2636,A
2-PB1,631,2630,0,2,1,2633,A
2-PB1,632,0,13,2670,0,2683,G
2-PB1,633,2682,0,0,0,2682,A
2-PB1,634,0,4,2768,0,2772,G
2-PB1,635,0,2743,0,2,2745,T
2-PB1,636,0,15,3116,0,3131,G
2-PB1,637,3140,0,0,0,3140,A
2-PB1,638,3143,1,0,0,3144,A
2-PB1,639,0,3187,1,3,3191,T
2-PB1,640,3193,2,1,0,3196,A
2-PB1,641,3177,0,3,0,3180,A
2-PB1,642,1,13,3174,1,3189,G
2-PB1,643,3136,1,4,0,3141,A
2-PB1,644,0,9,3158,0,3167,G
2-PB1,645,3024,0,0,0,3024,A
2-PB1,646,0,8,3042,0,3050,G
2-PB1,647,1,1,3052,0,3054,G
2-PB1,648,1,0,1,3062,3064,C
2-PB1,649,0,3057,2,1,3060,T
2-PB1,650,3134,1,1,0,3136,A
2-PB1,651,0,0,0,3303,3303,C
2-PB1,652,9,1,0,3306,3316,C
2-PB1,653,0,3323,0,2,3325,T
2-PB1,654,3421,0,3,1,3425,A
2-PB1,655,3409,0,2,2,3413,A
2-PB1,656,3,3405,0,1,3409,T
2-PB1,657,3406,0,3,0,3409,A
2-PB1,658,3403,1,1,0,3405,A
2-PB1,659,1,13,3404,0,3418,G
2-PB1,660,3299,0,3,0,3302,A
2-PB1,661,0,1,3348,0,3349,G
2-PB1,662,1,0,0,3350,3351,C
2-PB1,663,0,3293,0,4,3297,T
2-PB1,664,0,3309,0,3,3312,T
2-PB1,665,1,3310,0,1,3312,T
2-PB1,666,0,14,3310,0,3324,G
2-PB1,667,3365,0,7,0,3372,A
2-PB1,668,0,0,1,3382,3383,C
2-PB1,669,3378,0,0,0,3378,A
2-PB1,670,0,3373,0,4,3377,T
2-PB1,671,0,3354,0,2,3356,T
2-PB1,672,1,20,3398,0,3419,G
2-PB1,673,3414,0,2,0,3416,A
2-PB1,674,3418,0,4,0,3422,A
2-PB1,675,2,1,0,3435,3438,C
2-PB1,676,3405,0,2,0,3407,A
2-PB1,677,2,2,0,3403,3407,C
2-PB1,678,1,13,3387,0,3401,G
2-PB1,679,3412,1,3,1,3417,A
2-PB1,680,0,3412,0,3,3415,T
2-PB1,681,1,10,3464,0,3475,G
2-PB1,682,3473,2,6,0,3481,A
2-PB1,683,1,1,0,3492,3494,C
2-PB1,684,6,0,0,3480,3486,C
2-PB1,685,3491,0,1,0,3492,A
2-PB1,686,3528,1,2,2,3533,A
2-PB1,687,3528,0,4,1,3533,A
2-PB1,688,3,6,3590,0,3599,G
2-PB1,689,3620,1,1,0,3622,A
2-PB1,690,0,3559,0,2,3561,T
2-PB1,691,1,4,3564,0,3569,G
2-PB1,692,3,0,0,3554,3557,C
2-PB1,693,3554,1,6,0,3561,A
2-PB1,694,0,8,3579,0,3587,G
2-PB1,695,3549,2,2,1,3554,A
2-PB1,696,0,7,3554,0,3561,G
2-PB1,697,3472,2,4,0,3478,A
2-PB1,698,0,5,3457,0,3462,G
2-PB1,699,3414,0,8,0,3422,A
2-PB1,700,1,8,3413,0,3422,G
2-PB1,701,1,5,3413,0,3419,G
2-PB1,702,2,1,1,3408,3412,C
2-PB1,703,3392,0,0,0,3392,A
2-PB1,704,3399,0,1,0,3400,A
2-PB1,705,3423,0,2,0,3425,A
2-PB1,706,0,3421,2,3,3426,T
2-PB1,707,0,3429,0,2,3431,T
2-PB1,708,3424,2,3,0,3429,A
2-PB1,709,3427,0,1,0,3428,A
2-PB1,710,3429,0,2,0,3431,A
2-PB1,711,3446,0,2,0,3448,A
2-PB1,712,3441,0,1,2,3444,A
2-PB1,713,1,6,3451,0,3458,G
2-PB1,714,3437,0,1,0,3438,A
2-PB1,715,3428,0,1,0,3429,A
2-PB1,716,2,7,3454,1,3464,G
2-PB1,717,0,8,3506,0,3514,G
2-PB1,718,0,7,3516,0,3523,G
2-PB1,719,4,1,0,3548,3553,C
2-PB1,720,0,3537,0,3,3540,T
2-PB1,721,3576,0,0,0,3576,A
2-PB1,722,1,3634,0,1,3636,T
2-PB1,723,0,3632,0,1,3633,T
2-PB1,724,1,5,3654,0,3660,G
2-PB1,725,1,2,0,3632,3635,C
2-PB1,726,3561,0,2,1,3564,A
2-PB1,727,3566,0,2,0,3568,A
2-PB1,728,2,3,0,3571,3576,C
2-PB1,729,3567,0,0,0,3567,A
2-PB1,730,4,1,0,3562,3567,C
2-PB1,731,5,1,0,3499,3505,C
2-PB1,732,5,1,1,3506,3513,C
2-PB1,733,1,9,3483,0,3493,G
2-PB1,734,2,9,3500,0,3511,G
2-PB1,735,0,5,3506,0,3511,G
2-PB1,736,3520,1,2,0,3523,A
2-PB1,737,0,3499,0,0,3499,T
2-PB1,738,2,0,3516,2,3520,G
2-PB1,739,2,3,0,3504,3509,C
2-PB1,740,3544,0,1,0,3545,A
2-PB1,741,3614,0,1,0,3615,A
2-PB1,742,3631,0,1,0,3632,A
2-PB1,743,0,3630,0,0,3630,T
2-PB1,744,0,3634,0,0,3634,T
2-PB1,745,3620,0,1,0,3621,A
2-PB1,746,0,8,3620,0,3628,G
2-PB1,747,3593,0,1,0,3594,A
2-PB1,748,1,10,3617,0,3628,G
2-PB1,749,0,14,3589,0,3603,G
2-PB1,750,0,7,3671,0,3678,G
2-PB1,751,0,3677,0,2,3679,T
2-PB1,752,0,3673,0,2,3675,T
2-PB1,753,20,4,0,3650,3674,C
2-PB1,754,2,4,3710,0,3716,G
2-PB1,755,0,3700,1,5,3706,T
2-PB1,756,2,2,3709,0,3713,G
2-PB1,757,0,3698,0,4,3702,T
2-PB1,758,3685,0,2,0,3687,A
2-PB1,759,3,1,0,3675,3679,C
2-PB1,760,0,3538,0,2,3540,T
2-PB1,761,0,3555,0,1,3556,T
2-PB1,762,9,2,0,3521,3532,C
2-PB1,763,3,1,3500,0,3504,G
2-PB1,764,2,3497,0,0,3499,T
2-PB1,765,0,3493,0,3,3496,T
2-PB1,766,1,12,3482,0,3495,G
2-PB1,767,3488,1,0,1,3490,A
2-PB1,768,3476,0,6,0,3482,A
2-PB1,769,3508,0,2,1,3511,A
2-PB1,770,2,0,0,3519,3521,C
2-PB1,771,0,3498,0,1,3499,T
2-PB1,772,0,3481,1,1,3483,T
2-PB1,773,0,3495,0,0,3495,T
2-PB1,774,3534,0,11,0,3545,A
2-PB1,775,1,0,3553,0,3554,G
2-PB1,776,1,0,1,3550,3552,C
2-PB1,777,0,3552,0,3,3555,T
2-PB1,778,3515,1,0,0,3516,A
2-PB1,779,0,10,3481,0,3491,G
2-PB1,780,3484,2,2,1,3489,A
2-PB1,781,3486,0,2,0,3488,A
2-PB1,782,0,2,3502,0,3504,G
2-PB1,783,3,1,0,3444,3448,C
2-PB1,784,3446,0,0,0,3446,A
2-PB1,785,2,3433,0,1,3436,T
2-PB1,786,0,3437,1,2,3440,T
2-PB1,787,0,3444,1,1,3446,T
2-PB1,788,3,2,3447,0,3452,G
2-PB1,789,4,5,0,3442,3451,C
2-PB1,790,1,9,3447,0,3457,G
2-PB1,791,3440,0,2,0,3442,A
2-PB1,792,3425,0,0,0,3425,A
2-PB1,793,3434,0,2,0,3436,A
2-PB1,794,3534,0,1,0,3535,A
2-PB1,795,0,1,3573,0,3574,G
2-PB1,796,1,0,0,3577,3578,C
2-PB1,797,0,3576,0,2,3578,T
2-PB1,798,1,3587,0,0,3588,T
2-PB1,799,1,30,3554,0,3585,G
2-PB1,800,3575,4,6,0,3585,A
2-PB1,801,3581,0,2,1,3584,A
2-PB1,802,3,1,0,3601,3605,C
2-PB1,803,3523,0,0,0,3523,A
2-PB1,804,1,1,3828,0,3830,G
2-PB1,805,2,3794,0,0,3796,T
2-PB1,806,13,0,1,3789,3803,C
2-PB1,807,2,3797,0,2,3801,T
2-PB1,808,0,8,3806,1,3815,G
2-PB1,809,1,16,3801,0,3818,G
2-PB1,810,3811,1,4,1,3817,A
2-PB1,811,4,2,0,3825,3831,C
2-PB1,812,0,3717,0,2,3719,T
2-PB1,813,0,3522,0,0,3522,T
2-PB1,814,4,1,0,3508,3513,C
2-PB1,815,8,3,1,3508,3520,C
2-PB1,816,6,7,3525,0,3538,G
2-PB1,817,0,0,3551,1,3552,G
2-PB1,818,0,3524,0,6,3530,T
2-PB1,819,1,3517,1,0,3519,T
2-PB1,820,1,4,3509,0,3514,G
2-PB1,821,0,10,3521,0,3531,G
2-PB1,822,1,10,3534,0,3545,G
2-PB1,823,0,11,3542,0,3553,G
2-PB1,824,2,3,3555,0,3560,G
2-PB1,825,1,3539,0,2,3542,T
2-PB1,826,3533,1,0,2,3536,A
2-PB1,827,3562,0,2,0,3564,A
2-PB1,828,1,3564,0,0,3565,T
2-PB1,829,0,8,3567,0,3575,G
2-PB1,830,3531,0,2,0,3533,A
2-PB1,831,3496,0,3,0,3499,A
2-PB1,832,3498,1,1,0,3500,A
2-PB1,833,3484,1,3,1,3489,A
2-PB1,834,0,3,3486,0,3489,G
2-PB1,835,3455,0,1,0,3456,A
2-PB1,836,3424,0,3,0,3427,A
2-PB1,837,1,2,3453,0,3456,G
2-PB1,838,2,0,3449,0,3451,G
2-PB1,839,2,1,0,3435,3438,C
2-PB1,840,14,3,0,3429,3446,C
2-PB1,841,3451,0,1,0,3452,A
2-PB1,842,3452,0,0,0,3452,A
2-PB1,843,3455,0,1,0,3456,A
2-PB1,844,0,0,0,3463,3463,C
2-PB1,845,0,3448,0,5,3453,T
2-PB1,846,2,7,3490,1,3500,G
2-PB1,847,0,2,3493,1,3496,G
2-PB1,848,1,0,0,3490,3491,C
2-PB1,849,3502,0,2,0,3504,A
2-PB1,850,3508,1,0,0,3509,A
2-PB1,851,3506,0,2,1,3509,A
2-PB1,852,0,3508,0,0,3508,T
2-PB1,853,1,2,3519,0,3522,G
2-PB1,854,2,3507,0,3,3512,T
2-PB1,855,0,3434,0,1,3435,T
2-PB1,856,1,5,3436,0,3442,G
2-PB1,857,3,3431,0,0,3434,T
2-PB1,858,1,15,3425,0,3441,G
2-PB1,859,3433,0,2,1,3436,A
2-PB1,860,0,9,3434,0,3443,G
2-PB1,861,3424,0,1,0,3425,A
2-PB1,862,3398,15,1,0,3414,A
2-PB1,863,3415,2,1,0,3418,A
2-PB1,864,3423,2,0,0,3425,A
2-PB1,865,3431,3,4,2,3440,A
2-PB1,866,1,3403,0,10,3414,T
2-PB1,867,11,5,3400,0,3416,G
2-PB1,868,3413,0,0,0,3413,A
2-PB1,869,0,3389,0,1,3390,T
2-PB1,870,7,19,3400,0,3426,G
2-PB1,871,3420,2,1,1,3424,A
2-PB1,872,7,1,0,3449,3457,C
2-PB1,873,2,3427,0,1,3430,T
2-PB1,874,3418,2,0,0,3420,A
2-PB1,875,3444,1,0,0,3445,A
2-PB1,876,0,3440,1,0,3441,T
2-PB1,877,0,3463,1,1,3465,T
2-PB1,878,20,0,0,3475,3495,C
2-PB1,879,3475,1,7,0,3483,A
2-PB1,880,1,2,0,3492,3495,C
2-PB1,881,3456,1,0,0,3457,A
2-PB1,882,3459,1,0,0,3460,A
2-PB1,883,1,15,3459,1,3476,G
2-PB1,884,3509,1,5,0,3515,A
2-PB1,885,2,2,0,3508,3512,C
2-PB1,886,3483,0,4,0,3487,A
2-PB1,887,2,1,0,3478,3481,C
2-PB1,888,3423,1,4,1,3429,A
2-PB1,889,0,4,3441,0,3445,G
2-PB1,890,3424,2,3,0,3429,A
2-PB1,891,2,2,3436,0,3440,G
2-PB1,892,2,1,0,3422,3425,C
2-PB1,893,0,3357,2,6,3365,T
2-PB1,894,1,3391,1,3,3396,T
2-PB1,895,2,3401,0,0,3403,T
2-PB1,896,3,1,0,3405,3409,C
2-PB1,897,0,3392,3,1,3396,T
2-PB1,898,0,3371,2,2,3375,T
2-PB1,899,1,3368,1,3,3373,T
2-PB1,900,10,0,0,3365,3375,C
2-PB1,901,3370,0,1,0,3371,A
2-PB1,902,1,3,0,3383,3387,C
2-PB1,903,3342,1,2,0,3345,A
2-PB1,904,3361,1,0,0,3362,A
2-PB1,905,1,3362,0,2,3365,T
2-PB1,906,10,0,0,3407,3417,C
2-PB1,907,3429,2,0,1,3432,A
2-PB1,908,3,1,0,3451,3455,C
2-PB1,909,1,3427,1,0,3429,T
2-PB1,910,2,12,3447,1,3462,G
2-PB1,911,7,13,3421,0,3441,G
2-PB1,912,0,8,3510,0,3518,G
2-PB1,913,0,12,3503,0,3515,G
2-PB1,914,3468,0,3,0,3471,A
2-PB1,915,3,3,0,3321,3327,C
2-PB1,916,3372,1,2,0,3375,A
2-PB1,917,3556,0,2,0,3558,A
2-PB1,918,2,0,0,3581,3583,C
2-PB1,919,3559,2,2,0,3563,A
2-PB1,920,2,1,0,3562,3565,C
2-PB1,921,0,3419,0,3,3422,T
2-PB1,922,3438,0,1,0,3439,A
2-PB1,923,3432,0,4,1,3437,A
2-PB1,924,0,1,3452,0,3453,G
2-PB1,925,0,3425,0,1,3426,T
2-PB1,926,1,12,3194,2,3209,G
2-PB1,927,0,12,3169,0,3181,G
2-PB1,928,3165,0,2,0,3167,A
2-PB1,929,3171,0,3,0,3174,A
2-PB1,930,0,3167,0,0,3167,T
2-PB1,931,0,10,3145,0,3155,G
2-PB1,932,3152,0,0,0,3152,A
2-PB1,933,3111,1,1,1,3114,A
2-PB1,934,3139,0,1,0,3140,A
2-PB1,935,3145,0,0,0,3145,A
2-PB1,936,0,3122,0,6,3128,T
2-PB1,937,15,0,1,3123,3139,C
2-PB1,938,3141,0,1,0,3142,A
2-PB1,939,3139,1,0,1,3141,A
2-PB1,940,3127,0,3,1,3131,A
2-PB1,941,3136,0,0,0,3136,A
2-PB1,942,4,1,0,3139,3144,C
2-PB1,943,10,0,0,3096,3106,C
2-PB1,944,4,0,0,3109,3113,C
2-PB1,945,1,3106,0,4,3111,T
2-PB1,946,5,3,0,3106,3114,C
2-PB1,947,0,8,3107,0,3115,G
2-PB1,948,3108,1,0,0,3109,A
2-PB1,949,3111,0,1,0,3112,A
2-PB1,950,0,3109,0,1,3110,T
2-PB1,951,0,1,3116,0,3117,G
2-PB1,952,1,3087,1,0,3089,T
2-PB1,953,1,3080,0,3,3084,T
2-PB1,954,0,3088,0,1,3089,T
2-PB1,955,1,3085,0,0,3086,T
2-PB1,956,0,3086,1,0,3087,T
2-PB1,957,1,7,3080,0,3088,G
2-PB1,958,3,4,3073,0,3080,G
2-PB1,959,4,1,0,3075,3080,C
2-PB1,960,1,5,3045,0,3051,G
2-PB1,961,3046,0,2,0,3048,A
2-PB1,962,1,3139,0,0,3140,T
2-PB1,963,0,17,3210,0,3227,G
2-PB1,964,3354,0,0,0,3354,A
2-PB1,965,0,3366,0,2,3368,T
2-PB1,966,0,3375,1,1,3377,T
2-PB1,967,3399,1,1,0,3401,A
2-PB1,968,3,0,0,3396,3399,C
2-PB1,969,3412,0,1,0,3413,A
2-PB1,970,0,3397,0,5,3402,T
2-PB1,971,3235,1,3,0,3239,A
2-PB1,972,1,1,0,3257,3259,C
2-PB1,973,2953,1,1,1,2956,A
2-PB1,974,1,2946,0,1,2948,T
2-PB1,975,6,2,0,2932,2940,C
2-PB1,976,2914,0,0,0,2914,A
2-PB1,977,3,1,0,2918,2922,C
2-PB1,978,2908,0,3,0,2911,A
2-PB1,979,2906,0,0,0,2906,A
2-PB1,980,2905,0,1,1,2907,A
2-PB1,981,2,10,2804,0,2816,G
2-PB1,982,2915,0,1,0,2916,A
2-PB1,983,2921,1,4,0,2926,A
2-PB1,984,0,2920,0,2,2922,T
2-PB1,985,14,1,1,2914,2930,C
2-PB1,986,2928,0,5,0,2933,A
2-PB1,987,2939,0,2,0,2941,A
2-PB1,988,1,1,0,2945,2947,C
2-PB1,989,5,0,0,2937,2942,C
2-PB1,990,0,2798,0,1,2799,T
2-PB1,991,1,14,2811,0,2826,G
2-PB1,992,2802,0,7,0,2809,A
2-PB1,993,0,0,2818,0,2818,G
2-PB1,994,0,2797,0,0,2797,T
2-PB1,995,0,16,2716,1,2733,G
2-PB1,996,0,2,2853,0,2855,G
2-PB1,997,0,2828,0,3,2831,T
2-PB1,998,1,2825,0,1,2827,T
2-PB1,999,11,2,0,2819,2832,C
2-PB1,1000,2789,0,1,0,2790,A
2-PB1,1001,1,9,2822,0,2832,G
2-PB1,1002,2827,0,1,0,2828,A
2-PB1,1003,2836,1,0,0,2837,A
2-PB1,1004,2818,0,2,0,2820,A
2-PB1,1005,1,0,0,2613,2614,C
2-PB1,1006,2601,1,1,0,2603,A
2-PB1,1007,0,2596,0,2,2598,T
2-PB1,1008,6,1,0,2617,2624,C
2-PB1,1009,4,1,0,2618,2623,C
2-PB1,1010,0,2546,0,2,2548,T
2-PB1,1011,0,7,2552,1,2560,G
2-PB1,1012,2546,0,2,0,2548,A
2-PB1,1013,2,3,2568,0,2573,G
2-PB1,1014,1,1,0,2549,2551,C
2-PB1,1015,2472,1,1,0,2474,A
2-PB1,1016,0,2482,0,0,2482,T
2-PB1,1017,7,0,2,2436,2445,C
2-PB1,1018,4,0,2448,0,2452,G
2-PB1,1019,1,0,0,2504,2505,C
2-PB1,1020,2511,0,6,0,2517,A
2-PB1,1021,4,3,0,2584,2591,C
2-PB1,1022,9,1,0,2576,2586,C
2-PB1,1023,2585,0,1,1,2587,A
2-PB1,1024,2613,0,7,1,2621,A
2-PB1,1025,0,2615,0,1,2616,T
2-PB1,1026,2610,0,0,0,2610,A
2-PB1,1027,2609,1,0,0,2610,A
2-PB1,1028,0,2539,0,0,2539,T
2-PB1,1029,0,2,2548,0,2550,G
2-PB1,1030,1,2494,0,2,2497,T
2-PB1,1031,0,2475,1,3,2479,T
2-PB1,1032,12,0,0,2467,2479,C
2-PB1,1033,1,2468,0,2,2471,T
2-PB1,1034,10,0,0,2470,2480,C
2-PB1,1035,2472,1,0,0,2473,A
2-PB1,1036,2479,1,1,0,2481,A
2-PB1,1037,2477,0,1,1,2479,A
2-PB1,1038,3,0,0,2484,2487,C
2-PB1,1039,2474,0,0,0,2474,A
2-PB1,1040,2480,2,0,0,2482,A
2-PB1,1041,2476,1,1,0,2478,A
2-PB1,1042,2475,0,2,3,2480,A
2-PB1,1043,0,2487,0,0,2487,T
2-PB1,1044,1,9,2476,0,2486,G
2-PB1,1045,1,5,2475,0,2481,G
2-PB1,1046,2,1,0,2476,2479,C
2-PB1,1047,2476,0,3,0,2479,A
2-PB1,1048,2491,1,2,0,2494,A
2-PB1,1049,0,2,2485,0,2487,G
2-PB1,1050,2478,2,1,0,2481,A
2-PB1,1051,0,2459,0,2,2461,T
2-PB1,1052,1,2504,0,2,2507,T
2-PB1,1053,0,7,2517,0,2524,G
2-PB1,1054,1,3,2520,1,2525,G
2-PB1,1055,2,4,2537,0,2543,G
2-PB1,1056,2538,1,1,0,2540,A
2-PB1,1057,2537,2,1,0,2540,A
2-PB1,1058,2525,0,1,0,2526,A
2-PB1,1059,2512,0,2,1,2515,A
2-PB1,1060,1,8,2575,1,2585,G
2-PB1,1061,1,9,2570,0,2580,G
2-PB1,1062,2579,0,6,1,2586,A
2-PB1,1063,0,2573,0,2,2575,T
2-PB1,1064,2565,2,2,0,2569,A
2-PB1,1065,4,1,0,2567,2572,C
2-PB1,1066,2594,1,2,0,2597,A
2-PB1,1067,1,2581,0,0,2582,T
2-PB1,1068,1,1,2601,0,2603,G
2-PB1,1069,0,2543,0,6,2549,T
2-PB1,1070,0,2546,0,1,2547,T
2-PB1,1071,15,4,1,2518,2538,C
2-PB1,1072,0,10,2535,1,2546,G
2-PB1,1073,2539,0,2,0,2541,A
2-PB1,1074,1,7,2572,0,2580,G
2-PB1,1075,2540,0,6,0,2546,A
2-PB1,1076,1,2,2569,0,2572,G
2-PB1,1077,0,2550,0,1,2551,T
2-PB1,1078,2532,0,0,0,2532,A
2-PB1,1079,2531,0,3,0,2534,A
2-PB1,1080,1,7,2538,0,2546,G
2-PB1,1081,2530,0,0,0,2530,A
2-PB1,1082,0,12,2554,0,2566,G
2-PB1,1083,2510,0,1,0,2511,A
2-PB1,1084,2529,0,1,0,2530,A
2-PB1,1085,1,2506,0,1,2508,T
2-PB1,1086,0,7,2498,0,2505,G
2-PB1,1087,2502,0,2,0,2504,A
2-PB1,1088,2473,0,2,0,2475,A
2-PB1,1089,1,0,2489,0,2490,G
2-PB1,1090,0,0,0,2481,2481,C
2-PB1,1091,0,2443,0,2,2445,T
2-PB1,1092,5,0,0,2454,2459,C
2-PB1,1093,5,3,0,2459,2467,C
2-PB1,1094,2,3,2470,0,2475,G
2-PB1,1095,1,10,2477,0,2488,G
2-PB1,1096,2487,1,3,0,2491,A
2-PB1,1097,3,2,0,2529,2534,C
2-PB1,1098,2531,0,0,0,2531,A
2-PB1,1099,4,0,0,2547,2551,C
2-PB1,1100,2536,0,1,0,2537,A
2-PB1,1101,2540,0,2,0,2542,A
2-PB1,1102,2545,0,0,0,2545,A
2-PB1,1103,0,2541,0,0,2541,T
2-PB1,1104,2549,0,1,0,2550,A
2-PB1,1105,2,1,0,2545,2548,C
2-PB1,1106,9,1,0,2526,2536,C
2-PB1,1107,2,2510,1,3,2516,T
2-PB1,1108,2,1,2528,0,2531,G
2-PB1,1109,3,1,0,2530,2534,C
2-PB1,1110,2533,0,1,0,2534,A
2-PB1,1111,2,6,2528,0,2536,G
2-PB1,1112,2525,0,0,0,2525,A
2-PB1,1113,2527,0,1,0,2528,A
2-PB1,1114,2532,1,1,0,2534,A
2-PB1,1115,0,2539,0,0,2539,T
2-PB1,1116,2,1,2543,0,2546,G
2-PB1,1117,0,0,0,2532,2532,C
2-PB1,1118,0,2524,0,5,2529,T
2-PB1,1119,2549,1,3,0,2553,A
2-PB1,1120,2,1,2549,0,2552,G
2-PB1,1121,2,1,0,2545,2548,C
2-PB1,1122,2543,2,2,0,2547,A
2-PB1,1123,2543,0,0,1,2544,A
2-PB1,1124,3,0,2529,0,2532,G
2-PB1,1125,4,1,0,2534,2539,C
2-PB1,1126,2513,1,0,0,2514,A
2-PB1,1127,0,2567,0,1,2568,T
2-PB1,1128,0,2570,0,2,2572,T
2-PB1,1129,0,10,2633,1,2644,G
2-PB1,1130,2658,0,3,0,2661,A
2-PB1,1131,5,2,0,2647,2654,C
2-PB1,1132,3,0,1,2661,2665,C
2-PB1,1133,1,2610,0,2,2613,T
2-PB1,1134,0,6,2647,0,2653,G
2-PB1,1135,2665,0,1,0,2666,A
2-PB1,1136,2659,1,1,0,2661,A
2-PB1,1137,2,3,2692,0,2697,G
2-PB1,1138,1,2617,0,1,2619,T
2-PB1,1139,2621,0,0,0,2621,A
2-PB1,1140,0,2603,0,2,2605,T
2-PB1,1141,1,2592,1,5,2599,T
2-PB1,1142,1,2593,0,1,2595,T
2-PB1,1143,11,0,0,2546,2557,C
2-PB1,1144,2558,1,1,0,2560,A
2-PB1,1145,2560,0,0,1,2561,A
2-PB1,1146,0,2521,0,0,2521,T
2-PB1,1147,1,15,2517,0,2533,G
2-PB1,1148,2514,1,1,0,2516,A
2-PB1,1149,2524,2,0,1,2527,A
2-PB1,1150,0,2519,1,1,2521,T
2-PB1,1151,3,1,0,2535,2539,C
2-PB1,1152,2536,0,1,0,2537,A
2-PB1,1153,2545,1,0,1,2547,A
2-PB1,1154,1,1,0,2544,2546,C
2-PB1,1155,2535,1,1,0,2537,A
2-PB1,1156,2539,0,3,0,2542,A
2-PB1,1157,0,5,2533,2,2540,G
2-PB1,1158,1,4,2543,0,2548,G
2-PB1,1159,2549,0,0,0,2549,A
2-PB1,1160,2536,1,4,0,2541,A
2-PB1,1161,1,5,2537,0,2543,G
2-PB1,1162,2537,1,0,0,2538,A
2-PB1,1163,2539,1,0,0,2540,A
2-PB1,1164,2536,1,0,0,2537,A
2-PB1,1165,2526,1,2,2,2531,A
2-PB1,1166,1,2523,0,0,2524,T
2-PB1,1167,1,2517,0,0,2518,T
2-PB1,1168,1,9,2510,0,2520,G
2-PB1,1169,2509,0,2,0,2511,A
2-PB1,1170,0,13,2512,0,2525,G
2-PB1,1171,2509,1,2,0,2512,A
2-PB1,1172,2540,0,2,0,2542,A
2-PB1,1173,2562,0,1,0,2563,A
2-PB1,1174,2579,1,0,0,2580,A
2-PB1,1175,0,2580,0,0,2580,T
2-PB1,1176,2578,1,0,0,2579,A
2-PB1,1177,2577,0,5,0,2582,A
2-PB1,1178,3,3,2589,1,2596,G
2-PB1,1179,0,1,2588,0,2589,G
2-PB1,1180,3,0,1,2566,2570,C
2-PB1,1181,6,1,1,2574,2582,C
2-PB1,1182,1,2558,1,1,2561,T
2-PB1,1183,4,0,0,2841,2845,C
2-PB1,1184,1,2891,0,1,2893,T
2-PB1,1185,0,2892,0,1,2893,T
2-PB1,1186,8,0,0,2956,2964,C
2-PB1,1187,1,2956,0,0,2957,T
2-PB1,1188,2958,0,0,0,2958,A
2-PB1,1189,2964,1,0,0,2965,A
2-PB1,1190,0,2951,0,1,2952,T
2-PB1,1191,2972,0,0,0,2972,A
2-PB1,1192,0,4,2918,0,2922,G
2-PB1,1193,2668,1,2,0,2671,A
2-PB1,1194,0,2678,0,1,2679,T
2-PB1,1195,2,13,2626,0,2641,G
2-PB1,1196,1,1,2670,0,2672,G
2-PB1,1197,3,1,0,2668,2672,C
2-PB1,1198,2668,1,1,1,2671,A
2-PB1,1199,2,2,0,2671,2675,C
2-PB1,1200,2627,1,5,1,2634,A
2-PB1,1201,0,2,2717,0,2719,G
2-PB1,1202,4,1,0,2711,2716,C
2-PB1,1203,2712,0,0,1,2713,A
2-PB1,1204,1,2766,0,1,2768,T
2-PB1,1205,6,1,0,2728,2735,C
2-PB1,1206,2753,0,0,1,2754,A
2-PB1,1207,0,2750,0,2,2752,T
2-PB1,1208,0,2737,0,0,2737,T
2-PB1,1209,0,15,2713,0,2728,G
2-PB1,1210,2655,0,1,0,2656,A
2-PB1,1211,3,2,2715,0,2720,G
2-PB1,1212,0,0,0,2709,2709,C
2-PB1,1213,7,2,0,2662,2671,C
2-PB1,1214,2,4,0,2700,2706,C
2-PB1,1215,2,2689,0,1,2692,T
2-PB1,1216,2,2,2840,0,2844,G
2-PB1,1217,4,5,2890,0,2899,G
2-PB1,1218,2888,0,6,0,2894,A
2-PB1,1219,2958,0,2,0,2960,A
2-PB1,1220,0,2883,1,1,2885,T
2-PB1,1221,0,7,2944,2,2953,G
2-PB1,1222,2993,1,2,0,2996,A
2-PB1,1223,1,2974,0,4,2979,T
2-PB1,1224,0,7,2980,0,2987,G
2-PB1,1225,2962,0,4,0,2966,A
2-PB1,1226,1,2952,0,1,2954,T
2-PB1,1227,2,9,2940,1,2952,G
2-PB1,1228,2,6,2968,1,2977,G
2-PB1,1229,0,0,2987,0,2987,G
2-PB1,1230,36,0,0,2922,2958,C
2-PB1,1231,2963,0,0,0,2963,A
2-PB1,1232,0,2977,0,3,2980,T
2-PB1,1233,2,0,3072,0,3074,G
2-PB1,1234,0,3077,0,4,3081,T
2-PB1,1235,0,3083,0,2,3085,T
2-PB1,1236,14,0,0,3092,3106,C
2-PB1,1237,3084,0,1,0,3085,A
2-PB1,1238,3099,1,2,0,3102,A
2-PB1,1239,1,0,0,3104,3105,C
2-PB1,1240,3107,2,1,0,3110,A
2-PB1,1241,0,3111,0,2,3113,T
2-PB1,1242,2,2,3116,1,3121,G
2-PB1,1243,1,1,0,3121,3123,C
2-PB1,1244,1,3115,0,2,3118,T
2-PB1,1245,3140,0,2,0,3142,A
2-PB1,1246,3138,0,1,0,3139,A
2-PB1,1247,2,4,3186,0,3192,G
2-PB1,1248,0,3186,0,0,3186,T
2-PB1,1249,3173,0,3,0,3176,A
2-PB1,1250,1,3,0,3187,3191,C
2-PB1,1251,1,12,3174,0,3187,G
2-PB1,1252,1,1,3339,0,3341,G
2-PB1,1253,1,3333,0,1,3335,T
2-PB1,1254,0,3312,0,0,3312,T
2-PB1,1255,0,3315,0,2,3317,T
2-PB1,1256,0,3296,0,1,3297,T
2-PB1,1257,3298,0,6,0,3304,A
2-PB1,1258,0,4,3298,1,3303,G
2-PB1,1259,2,9,3283,0,3294,G
2-PB1,1260,3232,0,3,1,3236,A
2-PB1,1261,1,3,3209,0,3213,G
2-PB1,1262,1,3221,0,1,3223,T
2-PB1,1263,9,1,0,3229,3239,C
2-PB1,1264,3,3235,0,0,3238,T
2-PB1,1265,10,2,0,3228,3240,C
2-PB1,1266,2,8,3236,1,3247,G
2-PB1,1267,3335,0,2,0,3337,A
2-PB1,1268,1,3336,0,0,3337,T
2-PB1,1269,3355,0,1,0,3356,A
2-PB1,1270,1,2,1,3356,3360,C
2-PB1,1271,0,3295,0,6,3301,T
2-PB1,1272,0,12,3299,0,3311,G
2-PB1,1273,3296,3,1,0,3300,A
2-PB1,1274,3357,0,1,0,3358,A
2-PB1,1275,0,3357,0,0,3357,T
2-PB1,1276,8,0,0,3294,3302,C
2-PB1,1277,2,3289,0,2,3293,T
2-PB1,1278,0,3277,0,2,3279,T
2-PB1,1279,1,7,3276,1,3285,G
2-PB1,1280,0,10,3270,0,3280,G
2-PB1,1281,3274,0,5,0,3279,A
2-PB1,1282,2,0,0,3285,3287,C
2-PB1,1283,3243,0,1,1,3245,A
2-PB1,1284,3268,0,0,0,3268,A
2-PB1,1285,3281,0,1,1,3283,A
2-PB1,1286,3287,0,5,0,3292,A
2-PB1,1287,0,8,3330,0,3338,G
2-PB1,1288,3350,0,3,0,3353,A
2-PB1,1289,3338,0,3,1,3342,A
2-PB1,1290,3353,3,0,0,3356,A
2-PB1,1291,0,3356,0,1,3357,T
2-PB1,1292,3363,0,1,0,3364,A
2-PB1,1293,2,4,0,3445,3451,C
2-PB1,1294,3420,0,3,0,3423,A
2-PB1,1295,2,1,0,3442,3445,C
2-PB1,1296,15,1,0,3392,3408,C
2-PB1,1297,3389,0,7,0,3396,A
2-PB1,1298,3443,0,1,0,3444,A
2-PB1,1299,1,9,3517,0,3527,G
2-PB1,1300,3556,0,2,0,3558,A
2-PB1,1301,5,0,1,3578,3584,C
2-PB1,1302,3507,0,2,0,3509,A
2-PB1,1303,3637,0,2,0,3639,A
2-PB1,1304,3,1,0,3651,3655,C
2-PB1,1305,3705,1,0,0,3706,A
2-PB1,1306,0,3715,0,1,3716,T
2-PB1,1307,3687,2,4,0,3693,A
2-PB1,1308,4,1,1,3750,3756,C
2-PB1,1309,0,3669,0,4,3673,T
2-PB1,1310,3,10,3699,0,3712,G
2-PB1,1311,0,4,3714,1,3719,G
2-PB1,1312,0,3639,0,0,3639,T
2-PB1,1313,0,12,3622,0,3634,G
2-PB1,1314,1,10,3601,1,3613,G
2-PB1,1315,0,12,3593,0,3605,G
2-PB1,1316,3599,2,4,0,3605,A
2-PB1,1317,0,3531,0,0,3531,T
2-PB1,1318,1,13,3515,0,3529,G
2-PB1,1319,1,5,3506,0,3512,G
2-PB1,1320,2,2,3526,0,3530,G
2-PB1,1321,1,2,0,3565,3568,C
2-PB1,1322,1,3547,0,7,3555,T
2-PB1,1323,16,0,1,3558,3575,C
2-PB1,1324,4,4,0,3570,3578,C
2-PB1,1325,3578,1,1,0,3580,A
2-PB1,1326,3575,0,0,0,3575,A
2-PB1,1327,0,3567,0,2,3569,T
2-PB1,1328,4,1,0,3567,3572,C
2-PB1,1329,6,3,0,3542,3551,C
2-PB1,1330,0,3520,0,3,3523,T
2-PB1,1331,9,0,0,3505,3514,C
2-PB1,1332,4,2,0,3499,3505,C
2-PB1,1333,2,11,3503,0,3516,G
2-PB1,1334,3510,0,1,0,3511,A
2-PB1,1335,3,2,1,3503,3509,C
2-PB1,1336,2,9,3507,0,3518,G
2-PB1,1337,3538,0,2,0,3540,A
2-PB1,1338,2,3531,0,0,3533,T
2-PB1,1339,0,3524,0,1,3525,T
2-PB1,1340,0,3519,1,4,3524,T
2-PB1,1341,0,3524,0,1,3525,T
2-PB1,1342,0,2,3535,0,3537,G
2-PB1,1343,0,2,0,3545,3547,C
2-PB1,1344,11,1,0,3531,3543,C
2-PB1,1345,12,2,0,3627,3641,C
2-PB1,1346,0,3598,0,6,3604,T
2-PB1,1347,7,1,1,3721,3730,C
2-PB1,1348,3761,0,2,0,3763,A
2-PB1,1349,0,3774,0,0,3774,T
2-PB1,1350,3777,0,0,1,3778,A
2-PB1,1351,0,3,3816,0,3819,G
2-PB1,1352,0,3778,1,2,3781,T
2-PB1,1353,1,18,3782,0,3801,G
2-PB1,1354,3690,0,0,0,3690,A
2-PB1,1355,3691,0,4,0,3695,A
2-PB1,1356,1,3552,0,0,3553,T
2-PB1,1357,0,1,3542,0,3543,G
2-PB1,1358,5,2,1,3561,3569,C
2-PB1,1359,3565,1,3,0,3569,A
2-PB1,1360,2,1,0,3561,3564,C
2-PB1,1361,9,1,0,3542,3552,C
2-PB1,1362,3528,0,1,0,3529,A
2-PB1,1363,3526,0,1,0,3527,A
2-PB1,1364,3515,0,3,0,3518,A
2-PB1,1365,1,3437,0,1,3439,T
2-PB1,1366,20,0,0,3510,3530,C
2-PB1,1367,3533,0,1,0,3534,A
2-PB1,1368,1,3522,0,3,3526,T
2-PB1,1369,2,7,3527,0,3536,G
2-PB1,1370,3535,0,3,0,3538,A
2-PB1,1371,0,14,3538,0,3552,G
2-PB1,1372,0,10,3538,0,3548,G
2-PB1,1373,3,11,3558,0,3572,G
2-PB1,1374,3555,0,2,0,3557,A
2-PB1,1375,3599,1,2,0,3602,A
2-PB1,1376,0,3605,0,3,3608,T
2-PB1,1377,3620,1,4,0,3625,A
2-PB1,1378,5,0,0,3625,3630,C
2-PB1,1379,3619,1,0,0,3620,A
2-PB1,1380,3617,0,5,0,3622,A
2-PB1,1381,2,2,3605,0,3609,G
2-PB1,1382,0,0,0,3578,3578,C
2-PB1,1383,3557,1,2,0,3560,A
2-PB1,1384,0,6,3587,0,3593,G
2-PB1,1385,1,13,3574,0,3588,G
2-PB1,1386,3572,0,3,0,3575,A
2-PB1,1387,1,10,3582,1,3594,G
2-PB1,1388,4,3555,0,3,3562,T
2-PB1,1389,2,9,3574,0,3585,G
2-PB1,1390,0,9,3589,0,3598,G
2-PB1,1391,3584,0,6,0,3590,A
2-PB1,1392,2,3588,1,1,3592,T
2-PB1,1393,3526,0,3,0,3529,A
2-PB1,1394,1,5,3551,0,3557,G
2-PB1,1395,3572,0,3,4,3579,A
2-PB1,1396,0,3584,0,2,3586,T
2-PB1,1397,0,3568,1,0,3569,T
2-PB1,1398,15,1,0,3661,3677,C
2-PB1,1399,0,3659,0,1,3660,T
2-PB1,1400,3656,0,1,0,3657,A
2-PB1,1401,1,0,0,3652,3653,C
2-PB1,1402,3581,0,4,0,3585,A
2-PB1,1403,1,9,3591,0,3601,G
2-PB1,1404,1,13,3521,0,3535,G
2-PB1,1405,3566,0,0,0,3566,A
2-PB1,1406,2,0,0,3556,3558,C
2-PB1,1407,8,1,0,3488,3497,C
2-PB1,1408,1,3458,1,2,3462,T
2-PB1,1409,4,3,3472,0,3479,G
2-PB1,1410,2,0,1,3463,3466,C
2-PB1,1411,3477,0,1,0,3478,A
2-PB1,1412,3487,0,3,0,3490,A
2-PB1,1413,1,3,3505,0,3509,G
2-PB1,1414,0,3442,0,2,3444,T
2-PB1,1415,0,3443,0,2,3445,T
2-PB1,1416,3392,0,4,1,3397,A
2-PB1,1417,1,6,3401,0,3408,G
2-PB1,1418,0,3383,0,4,3387,T
2-PB1,1419,3,12,3360,0,3375,G
2-PB1,1420,0,8,3367,0,3375,G
2-PB1,1421,0,8,3380,1,3389,G
2-PB1,1422,3369,1,2,1,3373,A
2-PB1,1423,3384,2,1,0,3387,A
2-PB1,1424,0,3378,0,3,3381,T
2-PB1,1425,16,0,0,3369,3385,C
2-PB1,1426,3378,1,3,0,3382,A
2-PB1,1427,3385,0,3,1,3389,A
2-PB1,1428,3,0,1,3379,3383,C
2-PB1,1429,3381,2,1,0,3384,A
2-PB1,1430,1,3314,0,1,3316,T
2-PB1,1431,3,20,3294,0,3317,G
2-PB1,1432,3317,1,6,0,3324,A
2-PB1,1433,0,2,3347,0,3349,G
2-PB1,1434,1,2,0,3326,3329,C
2-PB1,1435,3318,0,3,1,3322,A
2-PB1,1436,3319,0,1,0,3320,A
2-PB1,1437,3317,0,1,0,3318,A
2-PB1,1438,3332,0,1,0,3333,A
2-PB1,1439,3331,0,5,1,3337,A
2-PB1,1440,1,0,3334,0,3335,G
2-PB1,1441,3309,0,2,0,3311,A
2-PB1,1442,3279,1,5,0,3285,A
2-PB1,1443,1,2,3371,1,3375,G
2-PB1,1444,0,3363,0,1,3364,T
2-PB1,1445,15,1,0,3353,3369,C
2-PB1,1446,12,0,0,3354,3366,C
2-PB1,1447,1,3344,0,4,3349,T
2-PB1,1448,3402,0,0,0,3402,A
2-PB1,1449,0,3390,0,1,3391,T
2-PB1,1450,3389,1,1,0,3391,A
2-PB1,1451,0,3395,0,0,3395,T
2-PB1,1452,3322,0,0,0,3322,A
2-PB1,1453,3322,1,0,0,3323,A
2-PB1,1454,3320,1,0,1,3322,A
2-PB1,1455,0,3343,1,0,3344,T
2-PB1,1456,3305,0,0,0,3305,A
2-PB1,1457,3289,0,2,0,3291,A
2-PB1,1458,3298,2,1,0,3301,A
2-PB1,1459,3304,0,2,1,3307,A
2-PB1,1460,2,1,0,3304,3307,C
2-PB1,1461,3198,1,2,0,3201,A
2-PB1,1462,2,13,3189,0,3204,G
2-PB1,1463,0,14,3184,0,3198,G
2-PB1,1464,0,22,3171,0,3193,G
2-PB1,1465,3194,1,3,0,3198,A
2-PB1,1466,0,0,0,3215,3215,C
2-PB1,1467,3190,0,4,0,3194,A
2-PB1,1468,1,3214,0,1,3216,T
2-PB1,1469,0,3205,0,4,3209,T
2-PB1,1470,1,3211,0,0,3212,T
2-PB1,1471,1,13,3193,0,3207,G
2-PB1,1472,3186,0,0,0,3186,A
2-PB1,1473,3189,0,1,0,3190,A
2-PB1,1474,0,3192,0,0,3192,T
2-PB1,1475,0,3125,0,4,3129,T
2-PB1,1476,14,0,0,3142,3156,C
2-PB1,1477,3124,0,0,0,3124,A
2-PB1,1478,0,1,0,3126,3127,C
2-PB1,1479,1,3124,0,0,3125,T
2-PB1,1480,3122,0,2,0,3124,A
2-PB1,1481,1,6,3113,0,3120,G
2-PB1,1482,1,2,0,3119,3122,C
2-PB1,1483,1,3077,1,9,3088,T
2-PB1,1484,2,3123,0,2,3127,T
2-PB1,1485,0,3117,0,3,3120,T
2-PB1,1486,0,3127,0,3,3130,T
2-PB1,1487,0,3126,0,0,3126,T
2-PB1,1488,0,3118,3,1,3122,T
2-PB1,1489,0,3116,0,3,3119,T
2-PB1,1490,3112,2,0,0,3114,A
2-PB1,1491,2,3108,0,0,3110,T
2-PB1,1492,3,3,0,3096,3102,C
2-PB1,1493,1,5,3107,0,3113,G
2-PB1,1494,3199,0,1,0,3200,A
2-PB1,1495,0,3206,0,0,3206,T
2-PB1,1496,3207,0,1,1,3209,A
2-PB1,1497,0,3214,0,5,3219,T
2-PB1,1498,2,11,3202,0,3215,G
2-PB1,1499,0,8,3224,0,3232,G
2-PB1,1500,3230,1,3,0,3234,A
2-PB1,1501,0,3211,0,2,3213,T
2-PB1,1502,0,3170,1,1,3172,T
2-PB1,1503,0,3097,0,0,3097,T
2-PB1,1504,1,3,3097,0,3101,G
2-PB1,1505,4,3092,0,2,3098,T
2-PB1,1506,2,8,3076,0,3086,G
2-PB1,1507,2,2,3078,0,3082,G
2-PB1,1508,2,1,4,3059,3066,C
2-PB1,1509,0,3064,0,3,3067,T
2-PB1,1510,3069,0,0,0,3069,A
2-PB1,1511,3077,0,1,1,3079,A
2-PB1,1512,0,3102,0,0,3102,T
2-PB1,1513,0,3097,0,1,3098,T
2-PB1,1514,0,3100,2,0,3102,T
2-PB1,1515,0,3103,1,1,3105,T
2-PB1,1516,3104,0,3,0,3107,A
2-PB1,1517,0,0,3133,0,3133,G
2-PB1,1518,2,2,0,3130,3134,C
2-PB1,1519,3127,0,2,0,3129,A
2-PB1,1520,0,3106,0,0,3106,T
2-PB1,1521,1,10,3046,0,3057,G
2-PB1,1522,1,11,3085,0,3097,G
2-PB1,1523,3087,1,2,0,3090,A
2-PB1,1524,0,0,3092,0,3092,G
2-PB1,1525,2,0,0,3090,3092,C
2-PB1,1526,0,3043,1,2,3046,T
2-PB1,1527,2,3,3064,1,3070,G
2-PB1,1528,1,0,0,3055,3056,C
2-PB1,1529,11,4,0,3034,3049,C
2-PB1,1530,7,2,0,3058,3067,C
2-PB1,1531,2992,0,1,0,2993,A
2-PB1,1532,1,3,3131,0,3135,G
2-PB1,1533,1,3123,2,0,3126,T
2-PB1,1534,0,3133,0,0,3133,T
2-PB1,1535,0,3128,0,0,3128,T
2-PB1,1536,0,3093,0,2,3095,T
2-PB1,1537,1,3,3076,0,3080,G
2-PB1,1538,1,11,3074,0,3086,G
2-PB1,1539,3065,0,5,0,3070,A
2-PB1,1540,0,3,3080,0,3083,G
2-PB1,1541,0,2834,0,1,2835,T
2-PB1,1542,2,0,2924,0,2926,G
2-PB1,1543,0,2914,0,0,2914,T
2-PB1,1544,15,1,0,2895,2911,C
2-PB1,1545,1,2916,0,0,2917,T
2-PB1,1546,2,5,2921,0,2928,G
2-PB1,1547,1,13,2938,0,2952,G
2-PB1,1548,2948,4,1,0,2953,A
2-PB1,1549,2950,0,5,0,2955,A
2-PB1,1550,2,2950,0,0,2952,T
2-PB1,1551,2734,0,0,0,2734,A
2-PB1,1552,2730,0,2,1,2733,A
2-PB1,1553,2731,0,0,0,2731,A
2-PB1,1554,0,1,1,2732,2734,C
2-PB1,1555,1,14,2697,0,2712,G
2-PB1,1556,2664,2,1,0,2667,A
2-PB1,1557,0,1,2663,0,2664,G
2-PB1,1558,0,2647,0,3,2650,T
2-PB1,1559,8,2,1,2653,2664,C
2-PB1,1560,2650,0,5,0,2655,A
2-PB1,1561,0,1,2684,0,2685,G
2-PB1,1562,1,1,0,2683,2685,C
2-PB1,1563,0,2680,0,0,2680,T
2-PB1,1564,1,7,2731,0,2739,G
2-PB1,1565,2721,0,3,0,2724,A
2-PB1,1566,0,2718,1,0,2719,T
2-PB1,1567,2716,0,3,1,2720,A
2-PB1,1568,0,2651,0,2,2653,T
2-PB1,1569,0,13,2637,0,2650,G
2-PB1,1570,2528,1,3,0,2532,A
2-PB1,1571,1,1,2564,0,2566,G
2-PB1,1572,3,2,2,2563,2570,C
2-PB1,1573,2438,0,0,1,2439,A
2-PB1,1574,1,2438,0,0,2439,T
2-PB1,1575,0,2433,0,1,2434,T
2-PB1,1576,4,3,2444,0,2451,G
2-PB1,1577,0,7,2507,0,2514,G
2-PB1,1578,2474,0,8,0,2482,A
2-PB1,1579,0,1,2486,0,2487,G
2-PB1,1580,1,2390,0,0,2391,T
2-PB1,1581,2374,0,1,0,2375,A
2-PB1,1582,2372,0,3,0,2375,A
2-PB1,1583,1,1,0,2385,2387,C
2-PB1,1584,2354,0,1,0,2355,A
2-PB1,1585,0,0,2392,0,2392,G
2-PB1,1586,1,2118,0,0,2119,T
2-PB1,1587,0,9,2128,0,2137,G
2-PB1,1588,2147,0,4,0,2151,A
2-PB1,1589,1,2146,0,0,2147,T
2-PB1,1590,2134,0,2,0,2136,A
2-PB1,1591,2124,0,0,0,2124,A
2-PB1,1592,2060,1,4,0,2065,A
2-PB1,1593,0,5,2069,0,2074,G
2-PB1,1594,1956,0,0,0,1956,A
2-PB1,1595,1951,0,2,0,1953,A
2-PB1,1596,1,0,0,1955,1956,C
2-PB1,1597,1870,0,0,0,1870,A
2-PB1,1598,1891,0,2,0,1893,A
2-PB1,1599,0,1,0,1890,1891,C
2-PB1,1600,1911,0,1,0,1912,A
2-PB1,1601,2,1913,3,0,1918,T
2-PB1,1602,0,10,1869,0,1879,G
2-PB1,1603,1885,2,0,0,1887,A
2-PB1,1604,0,1881,0,0,1881,T
2-PB1,1605,1853,0,1,1,1855,A
2-PB1,1606,1868,0,1,0,1869,A
2-PB1,1607,1837,0,2,1,1840,A
2-PB1,1608,0,6,0,1835,1841,C
2-PB1,1609,1753,0,1,0,1754,A
2-PB1,1610,1753,0,0,0,1753,A
2-PB1,1611,0,1720,0,0,1720,T
2-PB1,1612,0,10,1719,0,1729,G
2-PB1,1613,1754,1,3,0,1758,A
2-PB1,1614,3,1,0,1758,1762,C
2-PB1,1615,5,0,0,1720,1725,C
2-PB1,1616,0,1666,0,1,1667,T
2-PB1,1617,0,1620,1,2,1623,T
2-PB1,1618,0,3,1623,0,1626,G
2-PB1,1619,0,5,1630,0,1635,G
2-PB1,1620,1651,1,0,1,1653,A
2-PB1,1621,1,0,0,1644,1645,C
2-PB1,1622,3,1,0,1622,1626,C
2-PB1,1623,1604,0,1,0,1605,A
2-PB1,1624,0,3,1619,0,1622,G
2-PB1,1625,2,0,0,1627,1629,C
2-PB1,1626,1623,0,1,0,1624,A
2-PB1,1627,1623,1,2,0,1626,A
2-PB1,1628,1,0,0,1618,1619,C
2-PB1,1629,1602,0,1,0,1603,A
2-PB1,1630,0,1,1626,0,1627,G
2-PB1,1631,0,0,0,1612,1612,C
2-PB1,1632,3,0,0,1615,1618,C
2-PB1,1633,9,0,1,1613,1623,C
2-PB1,1634,1616,1,1,1,1619,A
2-PB1,1635,1617,0,0,0,1617,A
2-PB1,1636,1622,0,0,0,1622,A
2-PB1,1637,0,1622,0,1,1623,T
2-PB1,1638,1,5,1600,0,1606,G
2-PB1,1639,1,2,1600,1,1604,G
2-PB1,1640,2,1,0,1602,1605,C
2-PB1,1641,0,1592,0,1,1593,T
2-PB1,1642,7,0,0,1627,1634,C
2-PB1,1643,0,1627,0,3,1630,T
2-PB1,1644,4,1,1,1630,1636,C
2-PB1,1645,2,1,0,1639,1642,C
2-PB1,1646,1648,0,0,0,1648,A
2-PB1,1647,1648,0,1,0,1649,A
2-PB1,1648,0,1642,0,0,1642,T
2-PB1,1649,0,1632,0,1,1633,T
2-PB1,1650,0,0,1636,2,1638,G
2-PB1,1651,0,1609,1,0,1610,T
2-PB1,1652,0,1605,1,0,1606,T
2-PB1,1653,10,4,1,1587,1602,C
2-PB1,1654,1603,0,0,0,1603,A
2-PB1,1655,0,1603,0,1,1604,T
2-PB1,1656,5,1,0,1595,1601,C
2-PB1,1657,1602,0,1,0,1603,A
2-PB1,1658,1602,0,0,0,1602,A
2-PB1,1659,1601,1,0,0,1602,A
2-PB1,1660,0,2,1636,0,1638,G
2-PB1,1661,1632,1,0,0,1633,A
2-PB1,1662,0,1630,1,0,1631,T
2-PB1,1663,0,1638,0,0,1638,T
2-PB1,1664,1633,0,3,0,1636,A
2-PB1,1665,0,0,0,1667,1667,C
2-PB1,1666,1662,0,0,0,1662,A
2-PB1,1667,0,1,1681,0,1682,G
2-PB1,1668,1669,0,4,0,1673,A
2-PB1,1669,0,1707,0,0,1707,T
2-PB1,1670,1714,0,0,0,1714,A
2-PB1,1671,1,0,0,1795,1796,C
2-PB1,1672,1833,0,0,0,1833,A
2-PB1,1673,1,4,1,1919,1925,C
2-PB1,1674,1892,0,1,0,1893,A
2-PB1,1675,1,1904,0,0,1905,T
2-PB1,1676,1888,1,1,0,1890,A
2-PB1,1677,0,1886,0,0,1886,T
2-PB1,1678,1832,0,4,0,1836,A
2-PB1,1679,0,3,1836,0,1839,G
2-PB1,1680,0,4,1812,0,1816,G
2-PB1,1681,0,1734,0,1,1735,T
2-PB1,1682,1,2,1696,0,1699,G
2-PB1,1683,1,1,0,1764,1766,C
2-PB1,1684,3,1,0,1756,1760,C
2-PB1,1685,1783,0,2,0,1785,A
2-PB1,1686,0,1787,0,0,1787,T
2-PB1,1687,1795,0,1,0,1796,A
2-PB1,1688,0,2,1803,0,1805,G
2-PB1,1689,1769,0,4,0,1773,A
2-PB1,1690,0,3,1781,0,1784,G
2-PB1,1691,0,4,1785,0,1789,G
2-PB1,1692,1716,0,14,0,1730,A
2-PB1,1693,1,8,1732,0,1741,G
2-PB1,1694,1719,1,3,0,1723,A
2-PB1,1695,3,1,0,1724,1728,C
2-PB1,1696,1722,0,0,0,1722,A
2-PB1,1697,1,0,0,1733,1734,C
2-PB1,1698,1732,1,1,0,1734,A
2-PB1,1699,2,0,0,1734,1736,C
2-PB1,1700,1725,0,0,0,1725,A
2-PB1,1701,1740,1,1,0,1742,A
2-PB1,1702,1737,2,0,1,1740,A
2-PB1,1703,0,1730,0,2,1732,T
2-PB1,1704,6,0,0,1728,1734,C
2-PB1,1705,4,0,0,1724,1728,C
2-PB1,1706,1719,0,1,0,1720,A
2-PB1,1707,0,7,1711,0,1718,G
2-PB1,1708,1716,1,3,0,1720,A
2-PB1,1709,0,1,0,1759,1760,C
2-PB1,1710,2,6,1739,0,1747,G
2-PB1,1711,1745,0,0,0,1745,A
2-PB1,1712,0,1743,0,0,1743,T
2-PB1,1713,1749,1,1,0,1751,A
2-PB1,1714,1754,1,0,1,1756,A
2-PB1,1715,1,6,1759,0,1766,G
2-PB1,1716,1758,1,3,0,1762,A
2-PB1,1717,0,1763,0,1,1764,T
2-PB1,1718,4,1,0,1708,1713,C
2-PB1,1719,1717,0,1,0,1718,A
2-PB1,1720,0,1710,0,0,1710,T
2-PB1,1721,0,1709,0,0,1709,T
2-PB1,1722,1,2,0,1705,1708,C
2-PB1,1723,1,3,1705,0,1709,G
2-PB1,1724,1690,1,1,0,1692,A
2-PB1,1725,0,2,1694,0,1696,G
2-PB1,1726,1681,0,1,0,1682,A
2-PB1,1727,0,1727,0,0,1727,T
2-PB1,1728,1736,1,1,0,1738,A
2-PB1,1729,1742,1,0,0,1743,A
2-PB1,1730,1748,0,1,0,1749,A
2-PB1,1731,3,4,1756,0,1763,G
2-PB1,1732,1761,0,0,0,1761,A
2-PB1,1733,1730,0,0,0,1730,A
2-PB1,1734,85,0,1658,0,1743,G
2-PB1,1735,3,2,0,1741,1746,C
2-PB1,1736,1,1723,0,0,1724,T
2-PB1,1737,0,2,1734,0,1736,G
2-PB1,1738,1,1724,0,0,1725,T
2-PB1,1739,0,2,1722,1,1725,G
2-PB1,1740,0,4,1717,0,1721,G
2-PB1,1741,0,6,1730,0,1736,G
2-PB1,1742,1747,0,0,0,1747,A
2-PB1,1743,0,1737,0,0,1737,T
2-PB1,1744,4,0,1,1725,1730,C
2-PB1,1745,1727,0,0,0,1727,A
2-PB1,1746,1744,0,0,0,1744,A
2-PB1,1747,1754,1,3,0,1758,A
2-PB1,1748,1,0,0,1759,1760,C
2-PB1,1749,7,0,0,1749,1756,C
2-PB1,1750,5,0,1,1744,1750,C
2-PB1,1751,1760,0,0,0,1760,A
2-PB1,1752,1793,1,1,0,1795,A
2-PB1,1753,0,1785,0,0,1785,T
2-PB1,1754,6,0,0,1789,1795,C
2-PB1,1755,1779,0,0,0,1779,A
2-PB1,1756,1760,0,6,0,1766,A
2-PB1,1757,0,6,1784,0,1790,G
2-PB1,1758,2,7,1774,0,1783,G
2-PB1,1759,1,2,1780,0,1783,G
2-PB1,1760,1,0,0,1778,1779,C
2-PB1,1761,1742,0,1,0,1743,A
2-PB1,1762,0,4,1765,0,1769,G
2-PB1,1763,0,3,1773,0,1776,G
2-PB1,1764,1785,0,3,0,1788,A
2-PB1,1765,2,1,0,1808,1811,C
2-PB1,1766,0,1788,0,0,1788,T
2-PB1,1767,1796,0,2,0,1798,A
2-PB1,1768,0,1796,1,1,1798,T
2-PB1,1769,1,1795,0,0,1796,T
2-PB1,1770,1,7,1798,0,1806,G
2-PB1,1771,1,0,1781,0,1782,G
2-PB1,1772,0,1767,0,1,1768,T
2-PB1,1773,0,1717,1,4,1722,T
2-PB1,1774,0,1753,0,1,1754,T
2-PB1,1775,1,0,0,1763,1764,C
2-PB1,1776,1767,0,0,0,1767,A
2-PB1,1777,0,2,1772,0,1774,G
2-PB1,1778,1773,1,2,0,1776,A
2-PB1,1779,0,1758,1,1,1760,T
2-PB1,1780,0,5,1728,0,1733,G
2-PB1,1781,0,2,1727,0,1729,G
2-PB1,1782,1,4,1722,1,1728,G
2-PB1,1783,2,6,1727,0,1735,G
2-PB1,1784,1,8,1733,2,1744,G
2-PB1,1785,1747,0,4,0,1751,A
2-PB1,1786,3,1,0,1737,1741,C
2-PB1,1787,3,0,0,1738,1741,C
2-PB1,1788,1738,0,0,0,1738,A
2-PB1,1789,1892,0,1,0,1893,A
2-PB1,1790,1899,0,1,0,1900,A
2-PB1,1791,3,0,0,1944,1947,C
2-PB1,1792,0,1927,0,4,1931,T
2-PB1,1793,0,1920,1,3,1924,T
2-PB1,1794,1932,0,1,0,1933,A
2-PB1,1795,0,1936,1,0,1937,T
2-PB1,1796,1939,0,0,0,1939,A
2-PB1,1797,0,0,0,1945,1945,C
2-PB1,1798,1836,0,2,0,1838,A
2-PB1,1799,1846,0,0,0,1846,A
2-PB1,1800,0,1827,0,0,1827,T
2-PB1,1801,1850,0,0,1,1851,A
2-PB1,1802,0,1857,0,2,1859,T
2-PB1,1803,3,0,1,1848,1852,C
2-PB1,1804,4,2,0,1848,1854,C
2-PB1,1805,1,1,1848,0,1850,G
2-PB1,1806,1,1,1851,1,1854,G
2-PB1,1807,1849,1,0,0,1850,A
2-PB1,1808,1854,0,1,0,1855,A
2-PB1,1809,0,1847,0,0,1847,T
2-PB1,1810,6,1,0,1857,1864,C
2-PB1,1811,0,1859,0,1,1860,T
2-PB1,1812,0,1873,0,1,1874,T
2-PB1,1813,4,0,0,1869,1873,C
2-PB1,1814,1871,2,1,0,1874,A
2-PB1,1815,0,1,0,1881,1882,C
2-PB1,1816,1876,0,0,0,1876,A
2-PB1,1817,0,2020,0,0,2020,T
2-PB1,1818,4,0,0,2017,2021,C
2-PB1,1819,6,0,0,2019,2025,C
2-PB1,1820,1,0,0,2039,2040,C
2-PB1,1821,1,2041,0,1,2043,T
2-PB1,1822,0,2,2045,0,2047,G
2-PB1,1823,2035,0,0,0,2035,A
2-PB1,1824,2027,0,6,0,2033,A
2-PB1,1825,0,2,2037,0,2039,G
2-PB1,1826,1,1927,0,3,1931,T
2-PB1,1827,7,0,0,1925,1932,C
2-PB1,1828,1,1914,0,1,1916,T
2-PB1,1829,0,2,1958,0,1960,G
2-PB1,1830,0,0,0,1958,1958,C
2-PB1,1831,0,1961,0,1,1962,T
2-PB1,1832,1,1963,1,0,1965,T
2-PB1,1833,1976,0,0,0,1976,A
2-PB1,1834,1965,1,0,0,1966,A
2-PB1,1835,1963,0,3,0,1966,A
2-PB1,1836,1912,0,1,0,1913,A
2-PB1,1837,0,1935,0,0,1935,T
2-PB1,1838,0,9,1928,0,1937,G
2-PB1,1839,0,6,1931,0,1937,G
2-PB1,1840,0,8,1932,0,1940,G
2-PB1,1841,1937,1,2,0,1940,A
2-PB1,1842,0,2,1944,0,1946,G
2-PB1,1843,1,0,0,1944,1945,C
2-PB1,1844,0,1939,0,1,1940,T
2-PB1,1845,0,5,1946,0,1951,G
2-PB1,1846,1948,0,2,0,1950,A
2-PB1,1847,0,1941,0,1,1942,T
2-PB1,1848,1,6,1940,0,1947,G
2-PB1,1849,0,2,1951,0,1953,G
2-PB1,1850,1944,1,3,0,1948,A
2-PB1,1851,0,1946,0,0,1946,T
2-PB1,1852,0,8,1936,0,1944,G
2-PB1,1853,1930,0,1,0,1931,A
2-PB1,1854,1,4,1961,0,1966,G
2-PB1,1855,1955,0,1,0,1956,A
2-PB1,1856,1959,0,1,1,1961,A
2-PB1,1857,0,1955,0,0,1955,T
2-PB1,1858,0,1946,0,0,1946,T
2-PB1,1859,1954,0,0,0,1954,A
2-PB1,1860,0,1955,0,0,1955,T
2-PB1,1861,3,1,0,1952,1956,C
2-PB1,1862,1,6,1955,0,1962,G
2-PB1,1863,1,3,1938,2,1944,G
2-PB1,1864,1,7,1927,0,1935,G
2-PB1,1865,0,1,1941,1,1943,G
2-PB1,1866,1944,0,0,0,1944,A
2-PB1,1867,1947,0,2,0,1949,A
2-PB1,1868,1,5,1945,1,1952,G
2-PB1,1869,1967,0,3,0,1970,A
2-PB1,1870,0,1,0,1984,1985,C
2-PB1,1871,0,1959,2,2,1963,T
2-PB1,1872,0,2002,0,0,2002,T
2-PB1,1873,0,2005,0,1,2006,T
2-PB1,1874,1,0,2020,1,2022,G
2-PB1,1875,1,2024,0,0,2025,T
2-PB1,1876,2018,0,1,0,2019,A
2-PB1,1877,2012,0,1,0,2013,A
2-PB1,1878,0,1975,0,2,1977,T
2-PB1,1879,3,0,0,1990,1993,C
2-PB1,1880,6,0,0,1983,1989,C
2-PB1,1881,9,0,0,1974,1983,C
2-PB1,1882,5,0,0,1988,1993,C
2-PB1,1883,0,1992,0,3,1995,T
2-PB1,1884,1,10,1985,0,1996,G
2-PB1,1885,1993,0,1,0,1994,A
2-PB1,1886,1998,0,1,0,1999,A
2-PB1,1887,0,2004,0,1,2005,T
2-PB1,1888,4,0,0,1987,1991,C
2-PB1,1889,6,0,0,1971,1977,C
2-PB1,1890,4,0,1,1968,1973,C
2-PB1,1891,0,1960,0,7,1967,T
2-PB1,1892,1,1972,0,1,1974,T
2-PB1,1893,0,1967,0,0,1967,T
2-PB1,1894,0,0,1966,0,1966,G
2-PB1,1895,0,1960,0,1,1961,T
2-PB1,1896,8,0,1,1948,1957,C
2-PB1,1897,1935,0,3,0,1938,A
2-PB1,1898,0,0,1969,0,1969,G
2-PB1,1899,3,0,0,1956,1959,C
2-PB1,1900,10,5,0,1951,1966,C
2-PB1,1901,1967,0,0,0,1967,A
2-PB1,1902,0,1965,0,0,1965,T
2-PB1,1903,1961,0,0,0,1961,A
2-PB1,1904,1964,0,0,0,1964,A
2-PB1,1905,1965,0,1,0,1966,A
2-PB1,1906,0,5,1983,0,1988,G
2-PB1,1907,1946,0,0,0,1946,A
2-PB1,1908,1955,0,0,0,1955,A
2-PB1,1909,1955,0,1,0,1956,A
2-PB1,1910,0,1953,0,0,1953,T
2-PB1,1911,0,1951,0,0,1951,T
2-PB1,1912,0,5,1948,0,1953,G
2-PB1,1913,1934,0,1,0,1935,A
2-PB1,1914,1,1,1961,0,1963,G
2-PB1,1915,1,1948,0,1,1950,T
2-PB1,1916,6,0,0,1956,1962,C
2-PB1,1917,1,1947,0,5,1953,T
2-PB1,1918,1,1,2001,0,2003,G
2-PB1,1919,0,2002,0,0,2002,T
2-PB1,1920,2026,0,1,0,2027,A
2-PB1,1921,2023,0,2,0,2025,A
2-PB1,1922,2023,0,0,1,2024,A
2-PB1,1923,0,0,0,2034,2034,C
2-PB1,1924,1983,1,0,0,1984,A
2-PB1,1925,2022,0,0,0,2022,A
2-PB1,1926,0,2018,0,0,2018,T
2-PB1,1927,0,2,1999,0,2001,G
2-PB1,1928,0,0,1,2017,2018,C
2-PB1,1929,1,1997,0,1,1999,T
2-PB1,1930,1,0,2052,0,2053,G
2-PB1,1931,0,2052,0,1,2053,T
2-PB1,1932,2094,0,1,0,2095,A
2-PB1,1933,0,2,2097,0,2099,G
2-PB1,1934,0,2055,1,0,2056,T
2-PB1,1935,2051,1,0,0,2052,A
2-PB1,1936,2049,0,1,1,2051,A
2-PB1,1937,1,2029,0,2,2032,T
2-PB1,1938,0,5,2028,0,2033,G
2-PB1,1939,1,0,0,1999,2000,C
2-PB1,1940,5,2,0,1977,1984,C
2-PB1,1941,1952,0,4,0,1956,A
2-PB1,1942,0,1,1995,0,1996,G
2-PB1,1943,2,1,0,2008,2011,C
2-PB1,1944,1,0,0,2013,2014,C
2-PB1,1945,5,1,0,2004,2010,C
2-PB1,1946,2001,0,1,1,2003,A
2-PB1,1947,0,2001,0,3,2004,T
2-PB1,1948,0,3,2005,0,2008,G
2-PB1,1949,1,1,2017,0,2019,G
2-PB1,1950,2,2015,0,2,2019,T
2-PB1,1951,10,0,0,1950,1960,C
2-PB1,1952,3,0,0,1941,1944,C
2-PB1,1953,0,1926,0,6,1932,T
2-PB1,1954,4,0,1956,1,1961,G
2-PB1,1955,0,2,1,1945,1948,C
2-PB1,1956,5,2,0,1956,1963,C
2-PB1,1957,1950,1,0,0,1951,A
2-PB1,1958,1938,0,0,0,1938,A
2-PB1,1959,1940,0,0,0,1940,A
2-PB1,1960,1940,0,0,0,1940,A
2-PB1,1961,0,1,1970,0,1971,G
2-PB1,1962,0,1949,0,0,1949,T
2-PB1,1963,1951,0,0,0,1951,A
2-PB1,1964,0,1949,0,1,1950,T
2-PB1,1965,0,3,1946,0,1949,G
2-PB1,1966,0,5,1970,0,1975,G
2-PB1,1967,1968,0,2,0,1970,A
2-PB1,1968,1978,1,0,0,1979,A
2-PB1,1969,0,1964,1,1,1966,T
2-PB1,1970,1949,0,1,0,1950,A
2-PB1,1971,1,1940,0,3,1944,T
2-PB1,1972,0,6,1928,0,1934,G
2-PB1,1973,1933,0,2,0,1935,A
2-PB1,1974,1,1926,1,1,1929,T
2-PB1,1975,1,1,1887,0,1889,G
2-PB1,1976,1,0,1,1888,1890,C
2-PB1,1977,5,1,0,1865,1871,C
2-PB1,1978,2,0,1871,0,1873,G
2-PB1,1979,0,1873,0,0,1873,T
2-PB1,1980,0,1868,0,3,1871,T
2-PB1,1981,0,2,1875,1,1878,G
2-PB1,1982,0,0,0,1921,1921,C
2-PB1,1983,1915,0,2,0,1917,A
2-PB1,1984,1947,3,0,0,1950,A
2-PB1,1985,1,0,0,1958,1959,C
2-PB1,1986,0,1941,0,0,1941,T
2-PB1,1987,1946,2,0,0,1948,A
2-PB1,1988,4,0,1,1937,1942,C
2-PB1,1989,1940,0,1,0,1941,A
2-PB1,1990,1,0,0,1944,1945,C
2-PB1,1991,1868,0,1,0,1869,A
2-PB1,1992,0,0,0,2022,2022,C
2-PB1,1993,0,1983,0,2,1985,T
2-PB1,1994,6,0,0,1983,1989,C
2-PB1,1995,3,0,0,1986,1989,C
2-PB1,1996,0,1981,0,1,1982,T
2-PB1,1997,1,3,1981,0,1985,G
2-PB1,1998,0,6,1977,0,1983,G
2-PB1,1999,1976,0,0,0,1976,A
2-PB1,2000,0,1972,0,5,1977,T
2-PB1,2001,0,1821,0,1,1822,T
2-PB1,2002,3,0,0,1852,1855,C
2-PB1,2003,6,1,1,1837,1845,C
2-PB1,2004,6,0,0,1847,1853,C
2-PB1,2005,1858,0,1,0,1859,A
2-PB1,2006,1855,0,0,0,1855,A
2-PB1,2007,0,4,1855,0,1859,G
2-PB1,2008,1842,0,3,0,1845,A
2-PB1,2009,0,4,1843,0,1847,G
2-PB1,2010,0,8,1844,0,1852,G
2-PB1,2011,1814,0,0,0,1814,A
2-PB1,2012,1814,0,1,0,1815,A
2-PB1,2013,4,1,0,1808,1813,C
2-PB1,2014,5,1,0,1803,1809,C
2-PB1,2015,0,1,1832,0,1833,G
2-PB1,2016,0,0,0,1829,1829,C
2-PB1,2017,0,1827,0,0,1827,T
2-PB1,2018,9,0,0,1828,1837,C
2-PB1,2019,0,1822,0,0,1822,T
2-PB1,2020,1942,0,1,0,1943,A
2-PB1,2021,0,1940,0,2,1942,T
2-PB1,2022,0,1943,0,0,1943,T
2-PB1,2023,7,0,0,1941,1948,C
2-PB1,2024,0,1880,0,2,1882,T
2-PB1,2025,1888,0,0,0,1888,A
2-PB1,2026,1882,0,1,0,1883,A
2-PB1,2027,1884,0,1,1,1886,A
2-PB1,2028,2,0,0,1879,1881,C
2-PB1,2029,1771,0,1,0,1772,A
2-PB1,2030,3,1,0,1766,1770,C
2-PB1,2031,1748,0,0,0,1748,A
2-PB1,2032,1756,0,5,0,1761,A
2-PB1,2033,2,0,1767,0,1769,G
2-PB1,2034,3,0,0,1760,1763,C
2-PB1,2035,3,0,0,1763,1766,C
2-PB1,2036,1752,0,1,0,1753,A
2-PB1,2037,1753,2,0,0,1755,A
2-PB1,2038,1749,0,4,0,1753,A
2-PB1,2039,0,3,1762,0,1765,G
2-PB1,2040,0,5,1752,0,1757,G
2-PB1,2041,1,2,1723,0,1726,G
2-PB1,2042,0,2,1726,0,1728,G
2-PB1,2043,1704,1,1,0,1706,A
2-PB1,2044,1707,0,1,0,1708,A
2-PB1,2045,1,1702,0,1,1704,T
2-PB1,2046,0,1707,0,0,1707,T
2-PB1,2047,6,0,0,1713,1719,C
2-PB1,2048,0,1704,0,2,1706,T
2-PB1,2049,0,1699,0,0,1699,T
2-PB1,2050,1,5,1696,0,1702,G
2-PB1,2051,1690,0,2,0,1692,A
2-PB1,2052,1,3,1705,0,1709,G
2-PB1,2053,0,5,1703,0,1708,G
2-PB1,2054,1708,0,0,0,1708,A
2-PB1,2055,0,1695,0,1,1696,T
2-PB1,2056,1,7,1694,0,1702,G
2-PB1,2057,1685,0,6,0,1691,A
2-PB1,2058,1695,0,0,0,1695,A
2-PB1,2059,3,1,0,1695,1699,C
2-PB1,2060,1678,0,0,0,1678,A
2-PB1,2061,0,2,1697,0,1699,G
2-PB1,2062,1691,0,0,0,1691,A
2-PB1,2063,0,1688,0,0,1688,T
2-PB1,2064,0,1,1694,0,1695,G
2-PB1,2065,0,1719,0,2,1721,T
2-PB1,2066,1724,0,1,0,1725,A
2-PB1,2067,1,1,1,1720,1723,C
2-PB1,2068,10,2,1,1700,1713,C
2-PB1,2069,1695,0,0,0,1695,A
2-PB1,2070,1,3,1673,0,1677,G
2-PB1,2071,1653,1,1,0,1655,A
2-PB1,2072,1647,0,0,1,1648,A
2-PB1,2073,0,0,1662,0,1662,G
2-PB1,2074,0,1549,0,2,1551,T
2-PB1,2075,0,0,1551,0,1551,G
2-PB1,2076,1,0,1,1549,1551,C
2-PB1,2077,0,1548,0,0,1548,T
2-PB1,2078,1,0,1545,0,1546,G
2-PB1,2079,0,2,0,1539,1541,C
2-PB1,2080,1540,1,3,0,1544,A
2-PB1,2081,1543,0,0,0,1543,A
2-PB1,2082,3,0,0,1520,1523,C
2-PB1,2083,0,1510,0,1,1511,T
2-PB1,2084,0,1496,0,0,1496,T
2-PB1,2085,0,0,1492,0,1492,G
2-PB1,2086,0,1489,0,0,1489,T
2-PB1,2087,0,1490,0,0,1490,T
2-PB1,2088,8,1,0,1478,1487,C
2-PB1,2089,0,5,1481,0,1486,G
2-PB1,2090,1486,0,0,0,1486,A
2-PB1,2091,0,2,1484,0,1486,G
2-PB1,2092,1479,2,0,0,1481,A
2-PB1,2093,1485,0,0,0,1485,A
2-PB1,2094,1488,0,0,0,1488,A
2-PB1,2095,0,1488,1,0,1489,T
2-PB1,2096,1,1484,0,0,1485,T
2-PB1,2097,0,1490,0,0,1490,T
2-PB1,2098,0,1483,0,0,1483,T
2-PB1,2099,0,1479,1,1,1481,T
2-PB1,2100,4,0,1,1482,1487,C
2-PB1,2101,4,0,1,1484,1489,C
2-PB1,2102,7,2,0,1477,1486,C
2-PB1,2103,1,1487,0,1,1489,T
2-PB1,2104,1491,0,0,0,1491,A
2-PB1,2105,1,5,1493,0,1499,G
2-PB1,2106,0,1500,0,0,1500,T
2-PB1,2107,1507,0,0,0,1507,A
2-PB1,2108,0,2,1519,0,1521,G
2-PB1,2109,1,1507,0,0,1508,T
2-PB1,2110,0,1544,0,0,1544,T
2-PB1,2111,13,0,0,1530,1543,C
2-PB1,2112,1558,0,1,1,1560,A
2-PB1,2113,0,1561,0,1,1562,T
2-PB1,2114,1548,1,0,0,1549,A
2-PB1,2115,0,1548,0,0,1548,T
2-PB1,2116,1483,0,0,0,1483,A
2-PB1,2117,0,1,1480,0,1481,G
2-PB1,2118,0,5,1465,0,1470,G
2-PB1,2119,1329,0,1,0,1330,A
2-PB1,2120,1,5,1317,0,1323,G
2-PB1,2121,1268,0,2,0,1270,A
2-PB1,2122,0,1,0,1266,1267,C
2-PB1,2123,7,0,0,1208,1215,C
2-PB1,2124,1,3,1208,0,1212,G
2-PB1,2125,1209,0,0,0,1209,A
2-PB1,2126,0,1203,0,1,1204,T
2-PB1,2127,0,1199,0,0,1199,T
2-PB1,2128,0,2,1200,0,1202,G
2-PB1,2129,2,0,1204,0,1206,G
2-PB1,2130,1208,0,0,0,1208,A
2-PB1,2131,1206,0,1,0,1207,A
2-PB1,2132,0,1203,0,0,1203,T
2-PB1,2133,0,1196,0,0,1196,T
2-PB1,2134,0,1192,0,0,1192,T
2-PB1,2135,5,0,0,1192,1197,C
2-PB1,2136,0,1199,0,0,1199,T
2-PB1,2137,1198,1,1,0,1200,A
2-PB1,2138,0,0,1206,0,1206,G
2-PB1,2139,4,0,0,1198,1202,C
2-PB1,2140,1204,0,0,0,1204,A
2-PB1,2141,0,1199,0,0,1199,T
2-PB1,2142,1,2,1178,0,1181,G
2-PB1,2143,0,2,1205,0,1207,G
2-PB1,2144,1,1202,0,0,1203,T
2-PB1,2145,0,1,1198,0,1199,G
2-PB1,2146,0,2,1191,0,1193,G
2-PB1,2147,1174,0,4,0,1178,A
2-PB1,2148,0,0,1191,1,1192,G
2-PB1,2149,0,2,1179,0,1181,G
2-PB1,2150,2,0,1,1177,1180,C
2-PB1,2151,3,0,0,1162,1165,C
2-PB1,2152,1094,0,0,0,1094,A
2-PB1,2153,0,1084,0,2,1086,T
2-PB1,2154,1,2,1087,0,1090,G
2-PB1,2155,0,1,1093,0,1094,G
2-PB1,2156,1,1066,0,1,1068,T
2-PB1,2157,1,1,1088,0,1090,G
2-PB1,2158,0,1074,0,1,1075,T
2-PB1,2159,0,0,0,1067,1067,C
2-PB1,2160,0,1065,0,2,1067,T
2-PB1,2161,1055,0,0,0,1055,A
2-PB1,2162,79,5,966,0,1050,G
2-PB1,2163,0,0,1029,0,1029,G
2-PB1,2164,0,1,1021,0,1022,G
2-PB1,2165,3,0,0,1002,1005,C
2-PB1,2166,2,0,0,951,953,C
2-PB1,2167,0,1,0,900,901,C
2-PB1,2168,0,2,893,0,895,G
2-PB1,2169,0,0,897,0,897,G
2-PB1,2170,896,0,0,0,896,A
2-PB1,2171,1,894,0,0,895,T
2-PB1,2172,0,856,0,0,856,T
2-PB1,2173,1,0,847,0,848,G
2-PB1,2174,844,1,1,0,846,A
2-PB1,2175,0,849,0,1,850,T
2-PB1,2176,0,0,851,0,851,G
2-PB1,2177,0,0,0,839,839,C
2-PB1,2178,4,0,0,829,833,C
2-PB1,2179,828,0,1,0,829,A
2-PB1,2180,0,2,829,0,831,G
2-PB1,2181,830,0,0,0,830,A
2-PB1,2182,828,0,0,0,828,A
2-PB1,2183,0,826,0,0,826,T
2-PB1,2184,0,799,0,1,800,T
2-PB1,2185,0,2,799,0,801,G
2-PB1,2186,791,0,0,0,791,A
2-PB1,2187,1,0,0,790,791,C
2-PB1,2188,0,786,0,2,788,T
2-PB1,2189,0,783,0,0,783,T
2-PB1,2190,1,0,0,776,777,C
2-PB1,2191,0,3,772,0,775,G
2-PB1,2192,773,0,1,0,774,A
2-PB1,2193,0,0,752,0,752,G
2-PB1,2194,0,6,0,746,752,C
2-PB1,2195,0,0,1,761,762,C
2-PB1,2196,0,762,0,0,762,T
2-PB1,2197,0,1,762,0,763,G
2-PB1,2198,0,2,757,0,759,G
2-PB1,2199,759,0,0,0,759,A
2-PB1,2200,678,0,1,0,679,A
2-PB1,2201,0,1,678,0,679,G
2-PB1,2202,0,1,679,0,680,G
2-PB1,2203,679,2,0,0,681,A
2-PB1,2204,0,680,0,0,680,T
2-PB1,2205,0,676,2,0,678,T
2-PB1,2206,674,0,0,0,674,A
2-PB1,2207,675,2,0,0,677,A
2-PB1,2208,636,0,2,0,638,A
2-PB1,2209,640,1,0,0,641,A
2-PB1,2210,640,2,1,0,643,A
2-PB1,2211,0,1,643,0,644,G
2-PB1,2212,0,3,633,0,636,G
2-PB1,2213,637,0,0,0,637,A
2-PB1,2214,635,0,0,0,635,A
2-PB1,2215,0,1,634,0,635,G
2-PB1,2216,600,0,1,0,601,A
2-PB1,2217,0,1,599,0,600,G
2-PB1,2218,0,579,0,2,581,T
2-PB1,2219,0,573,0,0,573,T
2-PB1,2220,3,1,0,574,578,C
2-PB1,2221,0,569,0,0,569,T
2-PB1,2222,1,0,0,569,570,C
2-PB1,2223,0,565,0,0,565,T
2-PB1,2224,0,1,561,1,563,G
2-PB1,2225,540,0,0,0,540,A
2-PB1,2226,0,0,535,0,535,G
2-PB1,2227,526,0,0,0,526,A
2-PB1,2228,0,513,0,0,513,T
2-PB1,2229,1,0,0,481,482,C
2-PB1,2230,478,0,0,0,478,A
2-PB1,2231,0,476,0,0,476,T
2-PB1,2232,0,1,473,0,474,G
2-PB1,2233,473,0,0,0,473,A
2-PB1,2234,472,0,1,0,473,A
2-PB1,2235,0,0,463,0,463,G
2-PB1,2236,456,0,0,0,456,A
2-PB1,2237,0,452,0,0,452,T
2-PB1,2238,1,0,0,449,450,C
2-PB1,2239,0,416,0,0,416,T
2-PB1,2240,0,0,415,0,415,G
2-PB1,2241,0,413,0,0,413,T
2-PB1,2242,0,412,0,1,413,T
2-PB1,2243,1,0,0,410,411,C
2-PB1,2244,0,0,0,394,394,C
2-PB1,2245,392,0,0,0,392,A
2-PB1,2246,2,0,0,390,392,C
2-PB1,2247,4,0,0,376,380,C
2-PB1,2248,372,0,0,0,372,A
2-PB1,2249,0,348,0,0,348,T
2-PB1,2250,0,335,0,0,335,T
2-PB1,2251,1,0,335,0,336,G
2-PB1,2252,334,0,0,0,334,A
2-PB1,2253,332,0,0,0,332,A
2-PB1,2254,0,2,332,0,334,G
2-PB1,2255,280,0,0,0,280,A
2-PB1,2256,276,0,0,0,276,A
2-PB1,2257,0,0,0,273,273,C
2-PB1,2258,0,256,0,0,256,T
2-PB1,2259,1,0,0,255,256,C
2-PB1,2260,244,0,0,0,244,A
2-PB1,2261,0,0,243,0,243,G
2-PB1,2262,241,0,0,0,241,A
2-PB1,2263,0,1,0,232,233,C
2-PB1,2264,0,0,227,0,227,G
2-PB1,2265,1,1,221,0,223,G
2-PB1,2266,1,0,0,221,222,C
2-PB1,2267,220,0,0,0,220,A
2-PB1,2268,220,0,0,0,220,A
2-PB1,2269,219,0,1,0,220,A
2-PB1,2270,219,0,0,0,219,A
2-PB1,2271,218,1,0,0,219,A
2-PB1,2272,0,213,0,0,213,T
2-PB1,2273,203,0,0,0,203,A
2-PB1,2274,204,0,0,0,204,A
3-PA,1,62,0,0,0,62,A
3-PA,2,0,62,0,0,62,T
3-PA,3,0,0,65,0,65,G
3-PA,4,0,0,67,0,67,G
3-PA,5,67,0,0,0,67,A
3-PA,6,66,0,0,0,66,A
3-PA,7,0,1,65,0,66,G
3-PA,8,71,0,0,0,71,A
3-PA,9,0,72,0,0,72,T
3-PA,10,0,71,0,0,71,T
3-PA,11,0,74,0,0,74,T
3-PA,12,0,74,0,0,74,T
3-PA,13,0,0,75,0,75,G
3-PA,14,0,75,0,0,75,T
3-PA,15,0,0,75,0,75,G
3-PA,16,0,0,0,76,76,C
3-PA,17,0,1,75,0,76,G
3-PA,18,91,0,0,0,91,A
3-PA,19,0,0,0,93,93,C
3-PA,20,93,0,0,0,93,A
3-PA,21,93,0,0,0,93,A
3-PA,22,0,96,0,0,96,T
3-PA,23,0,0,105,0,105,G
3-PA,24,0,0,0,106,106,C
3-PA,25,0,106,0,0,106,T
3-PA,26,0,106,0,0,106,T
3-PA,27,0,0,0,106,106,C
3-PA,28,105,0,0,2,107,A
3-PA,29,112,0,0,0,112,A
3-PA,30,0,0,0,119,119,C
3-PA,31,0,0,0,119,119,C
3-PA,32,0,1,0,118,119,C
3-PA,33,0,0,122,0,122,G
3-PA,34,122,0,0,0,122,A
3-PA,35,0,124,0,0,124,T
3-PA,36,0,1,123,0,124,G
3-PA,37,124,0,0,0,124,A
3-PA,38,0,129,0,0,129,T
3-PA,39,0,130,0,0,130,T
3-PA,40,0,0,133,0,133,G
3-PA,41,0,133,0,0,133,T
3-PA,42,1,1,0,131,133,C
3-PA,43,0,0,133,0,133,G
3-PA,44,134,0,0,0,134,A
3-PA,45,134,0,0,0,134,A
3-PA,46,0,0,0,136,136,C
3-PA,47,0,137,0,0,137,T
3-PA,48,0,137,0,0,137,T
3-PA,49,0,0,137,0,137,G
3-PA,50,0,0,0,137,137,C
3-PA,51,137,0,0,0,137,A
3-PA,52,0,1,136,0,137,G
3-PA,53,137,0,0,0,137,A
3-PA,54,137,0,0,0,137,A
3-PA,55,137,0,0,0,137,A
3-PA,56,136,0,0,0,136,A
3-PA,57,136,0,1,0,137,A
3-PA,58,0,1,137,0,138,G
3-PA,59,0,0,0,142,142,C
3-PA,60,142,0,0,0,142,A
3-PA,61,144,0,0,0,144,A
3-PA,62,0,145,0,0,145,T
3-PA,63,0,1,144,0,145,G
3-PA,64,149,0,0,0,149,A
3-PA,65,150,0,0,0,150,A
3-PA,66,149,0,0,0,149,A
3-PA,67,0,1,158,0,159,G
3-PA,68,168,0,0,0,168,A
3-PA,69,1,0,197,0,198,G
3-PA,70,0,200,0,0,200,T
3-PA,71,200,0,0,0,200,A
3-PA,72,0,201,0,0,201,T
3-PA,73,0,0,199,0,199,G
3-PA,74,1,0,203,0,204,G
3-PA,75,0,0,205,0,205,G
3-PA,76,0,1,203,0,204,G
3-PA,77,200,0,1,0,201,A
3-PA,78,0,2,195,0,197,G
3-PA,79,0,0,201,0,201,G
3-PA,80,201,0,0,0,201,A
3-PA,81,0,203,0,0,203,T
3-PA,82,0,0,0,204,204,C
3-PA,83,0,203,0,0,203,T
3-PA,84,0,0,205,0,205,G
3-PA,85,205,0,0,0,205,A
3-PA,86,205,0,0,0,205,A
3-PA,87,205,0,0,0,205,A
3-PA,88,205,0,0,0,205,A
3-PA,89,0,204,0,0,204,T
3-PA,90,0,205,0,0,205,T
3-PA,91,0,1,203,0,204,G
3-PA,92,203,0,0,0,203,A
3-PA,93,204,0,0,0,204,A
3-PA,94,204,0,1,0,205,A
3-PA,95,0,0,0,205,205,C
3-PA,96,205,0,0,0,205,A
3-PA,97,205,0,0,0,205,A
3-PA,98,204,0,0,0,204,A
3-PA,99,1,0,0,204,205,C
3-PA,100,205,0,0,0,205,A
3-PA,101,208,0,0,0,208,A
3-PA,102,207,0,0,0,207,A
3-PA,103,0,208,0,0,208,T
3-PA,104,0,210,0,0,210,T
3-PA,105,1,209,0,0,210,T
3-PA,106,0,0,212,0,212,G
3-PA,107,0,0,0,212,212,C
3-PA,108,212,0,0,0,212,A
3-PA,109,0,0,221,0,221,G
3-PA,110,1,0,0,222,223,C
3-PA,111,234,0,0,0,234,A
3-PA,112,240,0,0,0,240,A
3-PA,113,0,241,0,0,241,T
3-PA,114,252,0,0,0,252,A
3-PA,115,0,251,0,0,251,T
3-PA,116,0,0,256,0,256,G
3-PA,117,0,0,0,256,256,C
3-PA,118,257,0,0,0,257,A
3-PA,119,0,0,0,259,259,C
3-PA,120,0,258,0,0,258,T
3-PA,121,0,0,0,313,313,C
3-PA,122,323,0,0,0,323,A
3-PA,123,0,0,0,326,326,C
3-PA,124,0,325,0,0,325,T
3-PA,125,0,325,0,0,325,T
3-PA,126,0,4,320,0,324,G
3-PA,127,0,1,325,0,326,G
3-PA,128,323,0,0,0,323,A
3-PA,129,0,2,328,0,330,G
3-PA,130,0,0,328,0,328,G
3-PA,131,0,321,0,0,321,T
3-PA,132,0,0,324,0,324,G
3-PA,133,0,323,0,0,323,T
3-PA,134,0,0,331,0,331,G
3-PA,135,0,331,0,1,332,T
3-PA,136,0,335,0,0,335,T
3-PA,137,0,335,0,0,335,T
3-PA,138,1,0,0,338,339,C
3-PA,139,338,0,0,0,338,A
3-PA,140,0,335,0,1,336,T
3-PA,141,0,1,339,0,340,G
3-PA,142,0,342,0,0,342,T
3-PA,143,340,0,0,0,340,A
3-PA,144,0,339,1,0,340,T
3-PA,145,0,338,0,0,338,T
3-PA,146,1,0,0,340,341,C
3-PA,147,340,1,0,0,341,A
3-PA,148,0,1,349,0,350,G
3-PA,149,348,0,1,0,349,A
3-PA,150,0,347,0,0,347,T
3-PA,151,1,347,0,0,348,T
3-PA,152,0,347,0,0,347,T
3-PA,153,2,0,0,344,346,C
3-PA,154,1,0,0,348,349,C
3-PA,155,348,0,0,0,348,A
3-PA,156,0,351,0,1,352,T
3-PA,157,0,351,0,0,351,T
3-PA,158,0,349,0,0,349,T
3-PA,159,1,0,0,350,351,C
3-PA,160,352,0,0,0,352,A
3-PA,161,0,364,0,0,364,T
3-PA,162,0,0,0,366,366,C
3-PA,163,366,0,0,0,366,A
3-PA,164,368,0,0,0,368,A
3-PA,165,0,370,0,0,370,T
3-PA,166,0,5,376,0,381,G
3-PA,167,382,0,0,0,382,A
3-PA,168,381,0,0,0,381,A
3-PA,169,0,0,0,380,380,C
3-PA,170,381,0,0,0,381,A
3-PA,171,382,0,0,0,382,A
3-PA,172,0,1,385,0,386,G
3-PA,173,0,0,387,0,387,G
3-PA,174,0,0,0,385,385,C
3-PA,175,0,2,385,0,387,G
3-PA,176,397,0,0,0,397,A
3-PA,177,399,0,0,0,399,A
3-PA,178,0,400,0,0,400,T
3-PA,179,2,0,0,403,405,C
3-PA,180,405,0,0,0,405,A
3-PA,181,410,0,0,0,410,A
3-PA,182,0,413,0,0,413,T
3-PA,183,411,0,0,0,411,A
3-PA,184,0,0,419,0,419,G
3-PA,185,0,417,0,1,418,T
3-PA,186,0,1,419,0,420,G
3-PA,187,0,0,420,0,420,G
3-PA,188,0,419,0,1,420,T
3-PA,189,419,0,1,0,420,A
3-PA,190,0,0,426,0,426,G
3-PA,191,425,0,2,0,427,A
3-PA,192,428,0,0,0,428,A
3-PA,193,0,0,0,429,429,C
3-PA,194,0,423,0,0,423,T
3-PA,195,0,424,0,1,425,T
3-PA,196,0,2,422,1,425,G
3-PA,197,423,0,1,0,424,A
3-PA,198,0,0,0,423,423,C
3-PA,199,0,5,415,0,420,G
3-PA,200,425,1,0,0,426,A
3-PA,201,1,432,0,1,434,T
3-PA,202,1,1,0,435,437,C
3-PA,203,0,0,1,443,444,C
3-PA,204,445,0,0,0,445,A
3-PA,205,445,0,0,0,445,A
3-PA,206,447,0,0,0,447,A
3-PA,207,0,448,0,0,448,T
3-PA,208,0,0,450,0,450,G
3-PA,209,1,0,0,445,446,C
3-PA,210,442,0,1,0,443,A
3-PA,211,0,0,0,456,456,C
3-PA,212,0,454,0,1,455,T
3-PA,213,0,0,528,0,528,G
3-PA,214,0,528,0,0,528,T
3-PA,215,0,529,0,0,529,T
3-PA,216,530,1,0,0,531,A
3-PA,217,530,0,0,0,530,A
3-PA,218,527,0,1,0,528,A
3-PA,219,0,0,531,0,531,G
3-PA,220,0,0,0,528,528,C
3-PA,221,520,0,0,1,521,A
3-PA,222,1,0,0,519,520,C
3-PA,223,507,0,0,0,507,A
3-PA,224,0,1,518,0,519,G
3-PA,225,519,0,0,0,519,A
3-PA,226,0,521,0,0,521,T
3-PA,227,0,516,0,0,516,T
3-PA,228,0,518,0,0,518,T
3-PA,229,0,1,517,0,518,G
3-PA,230,518,1,1,0,520,A
3-PA,231,522,0,0,0,522,A
3-PA,232,521,0,0,0,521,A
3-PA,233,0,520,0,0,520,T
3-PA,234,519,0,0,0,519,A
3-PA,235,532,0,1,0,533,A
3-PA,236,0,533,0,0,533,T
3-PA,237,2,0,0,532,534,C
3-PA,238,0,1,531,0,532,G
3-PA,239,534,0,0,0,534,A
3-PA,240,1,1,536,0,538,G
3-PA,241,0,2,538,1,541,G
3-PA,242,0,1,543,0,544,G
3-PA,243,0,2,546,0,548,G
3-PA,244,544,0,1,0,545,A
3-PA,245,0,1,545,1,547,G
3-PA,246,552,0,0,0,552,A
3-PA,247,0,2,556,0,558,G
3-PA,248,558,0,0,0,558,A
3-PA,249,1,0,0,559,560,C
3-PA,250,555,0,1,0,556,A
3-PA,251,0,1,568,0,569,G
3-PA,252,569,0,0,0,569,A
3-PA,253,577,0,0,0,577,A
3-PA,254,1,0,0,573,574,C
3-PA,255,563,0,0,0,563,A
3-PA,256,564,0,0,0,564,A
3-PA,257,0,562,0,0,562,T
3-PA,258,0,3,596,0,599,G
3-PA,259,0,0,599,0,599,G
3-PA,260,1,0,0,591,592,C
3-PA,261,1,0,0,596,597,C
3-PA,262,0,593,0,0,593,T
3-PA,263,0,0,605,0,605,G
3-PA,264,2,2,601,0,605,G
3-PA,265,605,0,2,0,607,A
3-PA,266,0,0,0,610,610,C
3-PA,267,570,0,0,0,570,A
3-PA,268,0,0,568,0,568,G
3-PA,269,0,567,0,0,567,T
3-PA,270,0,2,556,0,558,G
3-PA,271,0,0,612,0,612,G
3-PA,272,0,611,0,0,611,T
3-PA,273,614,0,0,0,614,A
3-PA,274,615,0,0,0,615,A
3-PA,275,611,0,0,0,611,A
3-PA,276,1,0,0,621,622,C
3-PA,277,592,0,1,1,594,A
3-PA,278,0,0,603,0,603,G
3-PA,279,0,594,0,0,594,T
3-PA,280,604,0,0,0,604,A
3-PA,281,0,602,0,1,603,T
3-PA,282,1,1,0,605,607,C
3-PA,283,1,606,1,0,608,T
3-PA,284,0,0,610,0,610,G
3-PA,285,1,0,0,606,607,C
3-PA,286,608,0,0,0,608,A
3-PA,287,599,0,2,0,601,A
3-PA,288,0,0,0,607,607,C
3-PA,289,605,2,0,0,607,A
3-PA,290,0,0,0,634,634,C
3-PA,291,1,627,0,0,628,T
3-PA,292,628,0,1,0,629,A
3-PA,293,0,0,0,629,629,C
3-PA,294,0,623,1,1,625,T
3-PA,295,0,0,622,0,622,G
3-PA,296,0,2,623,0,625,G
3-PA,297,618,0,2,0,620,A
3-PA,298,0,0,621,0,621,G
3-PA,299,2,1,0,596,599,C
3-PA,300,0,597,0,0,597,T
3-PA,301,0,0,594,0,594,G
3-PA,302,1,1,589,0,591,G
3-PA,303,0,1,587,0,588,G
3-PA,304,592,0,0,0,592,A
3-PA,305,593,0,0,0,593,A
3-PA,306,596,0,1,0,597,A
3-PA,307,0,0,0,597,597,C
3-PA,308,1,0,0,597,598,C
3-PA,309,0,2,594,0,596,G
3-PA,310,596,0,0,0,596,A
3-PA,311,595,0,0,0,595,A
3-PA,312,0,0,598,0,598,G
3-PA,313,0,600,0,0,600,T
3-PA,314,0,597,0,0,597,T
3-PA,315,0,594,0,2,596,T
3-PA,316,0,0,0,601,601,C
3-PA,317,0,603,0,0,603,T
3-PA,318,604,0,0,1,605,A
3-PA,319,0,0,0,603,603,C
3-PA,320,1,0,0,603,604,C
3-PA,321,595,0,1,0,596,A
3-PA,322,0,3,606,0,609,G
3-PA,323,613,0,0,0,613,A
3-PA,324,0,612,0,1,613,T
3-PA,325,0,610,0,0,610,T
3-PA,326,0,614,0,0,614,T
3-PA,327,609,1,0,0,610,A
3-PA,328,0,610,0,0,610,T
3-PA,329,613,0,0,0,613,A
3-PA,330,0,614,0,1,615,T
3-PA,331,0,0,598,0,598,G
3-PA,332,632,0,0,0,632,A
3-PA,333,0,635,0,0,635,T
3-PA,334,0,634,0,0,634,T
3-PA,335,634,0,0,0,634,A
3-PA,336,2,0,0,633,635,C
3-PA,337,637,0,1,0,638,A
3-PA,338,638,0,0,1,639,A
3-PA,339,0,1,639,0,640,G
3-PA,340,0,2,641,0,643,G
3-PA,341,611,0,1,0,612,A
3-PA,342,1,3,617,0,621,G
3-PA,343,618,0,1,0,619,A
3-PA,344,620,0,0,0,620,A
3-PA,345,0,0,0,621,621,C
3-PA,346,613,0,0,0,613,A
3-PA,347,0,2,614,0,616,G
3-PA,348,612,0,0,0,612,A
3-PA,349,0,603,0,1,604,T
3-PA,350,0,607,0,0,607,T
3-PA,351,4,0,0,598,602,C
3-PA,352,602,0,0,0,602,A
3-PA,353,0,602,0,0,602,T
3-PA,354,1,0,0,602,603,C
3-PA,355,0,2,600,0,602,G
3-PA,356,605,0,0,0,605,A
3-PA,357,607,0,0,0,607,A
3-PA,358,608,0,0,0,608,A
3-PA,359,0,607,0,0,607,T
3-PA,360,0,608,0,0,608,T
3-PA,361,0,1,604,0,605,G
3-PA,362,0,3,601,0,604,G
3-PA,363,0,3,601,0,604,G
3-PA,364,0,1,609,0,610,G
3-PA,365,0,601,0,0,601,T
3-PA,366,0,4,600,0,604,G
3-PA,367,606,1,0,0,607,A
3-PA,368,0,0,0,615,615,C
3-PA,369,618,0,0,0,618,A
3-PA,370,615,0,0,0,615,A
3-PA,371,2,1,624,0,627,G
3-PA,372,0,2,628,0,630,G
3-PA,373,625,1,1,0,627,A
3-PA,374,0,0,630,0,630,G
3-PA,375,620,0,0,0,620,A
3-PA,376,0,0,623,0,623,G
3-PA,377,612,1,1,0,614,A
3-PA,378,615,0,0,0,615,A
3-PA,379,1,0,633,0,634,G
3-PA,380,0,625,1,2,628,T
3-PA,381,4,0,0,625,629,C
3-PA,382,5,0,0,627,632,C
3-PA,383,634,0,0,0,634,A
3-PA,384,0,0,0,643,643,C
3-PA,385,648,0,0,0,648,A
3-PA,386,0,665,0,0,665,T
3-PA,387,687,0,0,0,687,A
3-PA,388,0,666,0,0,666,T
3-PA,389,665,1,0,0,666,A
3-PA,390,0,665,0,0,665,T
3-PA,391,0,662,1,0,663,T
3-PA,392,678,0,1,0,679,A
3-PA,393,0,0,0,678,678,C
3-PA,394,3,2,0,652,657,C
3-PA,395,0,650,1,0,651,T
3-PA,396,0,629,1,0,630,T
3-PA,397,0,4,624,0,628,G
3-PA,398,627,0,1,0,628,A
3-PA,399,1,1,592,0,594,G
3-PA,400,603,0,0,1,604,A
3-PA,401,603,0,0,0,603,A
3-PA,402,0,0,609,0,609,G
3-PA,403,0,0,607,0,607,G
3-PA,404,0,0,0,603,603,C
3-PA,405,0,0,1,604,605,C
3-PA,406,607,0,0,0,607,A
3-PA,407,605,1,0,0,606,A
3-PA,408,0,607,1,0,608,T
3-PA,409,607,0,0,0,607,A
3-PA,410,608,0,0,0,608,A
3-PA,411,0,1,613,0,614,G
3-PA,412,606,0,1,0,607,A
3-PA,413,0,610,0,0,610,T
3-PA,414,0,602,0,1,603,T
3-PA,415,602,1,0,0,603,A
3-PA,416,604,0,1,0,605,A
3-PA,417,608,1,0,0,609,A
3-PA,418,0,611,0,0,611,T
3-PA,419,1,0,0,610,611,C
3-PA,420,0,596,2,1,599,T
3-PA,421,0,2,603,0,605,G
3-PA,422,603,1,1,0,605,A
3-PA,423,0,4,604,0,608,G
3-PA,424,613,0,0,0,613,A
3-PA,425,608,0,0,0,608,A
3-PA,426,0,0,0,610,610,C
3-PA,427,610,0,0,0,610,A
3-PA,428,0,0,0,616,616,C
3-PA,429,610,1,1,0,612,A
3-PA,430,0,0,0,617,617,C
3-PA,431,614,0,0,0,614,A
3-PA,432,2,1,0,621,624,C
3-PA,433,620,1,0,0,621,A
3-PA,434,0,616,2,0,618,T
3-PA,435,0,615,1,0,616,T
3-PA,436,5,0,0,612,617,C
3-PA,437,616,0,0,0,616,A
3-PA,438,0,0,0,620,620,C
3-PA,439,620,0,0,0,620,A
3-PA,440,0,615,0,0,615,T
3-PA,441,0,600,0,0,600,T
3-PA,442,1,606,0,0,607,T
3-PA,443,0,607,0,0,607,T
3-PA,444,2,0,0,607,609,C
3-PA,445,1,607,0,1,609,T
3-PA,446,1,0,0,610,611,C
3-PA,447,610,1,0,0,611,A
3-PA,448,0,610,0,0,610,T
3-PA,449,0,616,0,0,616,T
3-PA,450,0,1,0,618,619,C
3-PA,451,614,0,0,0,614,A
3-PA,452,0,1,0,624,625,C
3-PA,453,0,622,0,0,622,T
3-PA,454,1,1,618,1,621,G
3-PA,455,0,0,620,0,620,G
3-PA,456,606,1,0,1,608,A
3-PA,457,0,2,616,0,618,G
3-PA,458,619,0,1,0,620,A
3-PA,459,1,0,623,0,624,G
3-PA,460,0,1,625,0,626,G
3-PA,461,613,0,1,0,614,A
3-PA,462,614,0,0,0,614,A
3-PA,463,613,0,0,0,613,A
3-PA,464,1,605,0,0,606,T
3-PA,465,1,5,602,0,608,G
3-PA,466,0,0,606,0,606,G
3-PA,467,0,0,0,603,603,C
3-PA,468,2,0,0,604,606,C
3-PA,469,605,0,0,0,605,A
3-PA,470,1,0,0,603,604,C
3-PA,471,601,0,0,0,601,A
3-PA,472,603,0,0,1,604,A
3-PA,473,605,0,0,0,605,A
3-PA,474,0,0,607,0,607,G
3-PA,475,0,0,610,0,610,G
3-PA,476,2,0,0,613,615,C
3-PA,477,608,0,2,0,610,A
3-PA,478,0,0,617,0,617,G
3-PA,479,614,0,0,1,615,A
3-PA,480,0,0,0,625,625,C
3-PA,481,0,615,0,1,616,T
3-PA,482,612,0,1,0,613,A
3-PA,483,0,1,0,612,613,C
3-PA,484,608,0,0,0,608,A
3-PA,485,0,1,0,611,612,C
3-PA,486,0,598,0,0,598,T
3-PA,487,2,0,0,597,599,C
3-PA,488,0,597,0,0,597,T
3-PA,489,1,0,0,591,592,C
3-PA,490,1,2,586,0,589,G
3-PA,491,591,0,0,0,591,A
3-PA,492,0,1,0,590,591,C
3-PA,493,0,2,589,1,592,G
3-PA,494,584,0,0,0,584,A
3-PA,495,0,3,581,0,584,G
3-PA,496,0,1,579,0,580,G
3-PA,497,576,1,1,0,578,A
3-PA,498,577,0,0,0,577,A
3-PA,499,576,0,0,0,576,A
3-PA,500,0,0,577,0,577,G
3-PA,501,0,0,0,576,576,C
3-PA,502,573,0,0,0,573,A
3-PA,503,1,2,574,0,577,G
3-PA,504,0,5,568,0,573,G
3-PA,505,0,0,573,0,573,G
3-PA,506,0,0,0,570,570,C
3-PA,507,0,571,0,0,571,T
3-PA,508,569,0,1,0,570,A
3-PA,509,0,1,579,0,580,G
3-PA,510,0,0,600,0,600,G
3-PA,511,596,0,0,0,596,A
3-PA,512,0,580,1,1,582,T
3-PA,513,1,573,0,0,574,T
3-PA,514,572,0,1,0,573,A
3-PA,515,578,0,0,0,578,A
3-PA,516,0,4,579,0,583,G
3-PA,517,580,0,1,0,581,A
3-PA,518,2,1,0,575,578,C
3-PA,519,1,0,0,543,544,C
3-PA,520,538,0,1,0,539,A
3-PA,521,1,3,539,0,543,G
3-PA,522,0,1,544,0,545,G
3-PA,523,0,0,0,548,548,C
3-PA,524,0,536,0,0,536,T
3-PA,525,0,0,556,0,556,G
3-PA,526,0,554,0,0,554,T
3-PA,527,0,555,0,0,555,T
3-PA,528,0,556,0,0,556,T
3-PA,529,557,1,0,0,558,A
3-PA,530,1,0,0,560,561,C
3-PA,531,4,0,0,548,552,C
3-PA,532,553,0,0,0,553,A
3-PA,533,0,551,0,1,552,T
3-PA,534,524,0,1,0,525,A
3-PA,535,528,0,0,0,528,A
3-PA,536,1,2,531,0,534,G
3-PA,537,535,0,0,0,535,A
3-PA,538,0,0,0,532,532,C
3-PA,539,523,0,0,0,523,A
3-PA,540,522,0,1,0,523,A
3-PA,541,1,0,521,0,522,G
3-PA,542,523,0,1,0,524,A
3-PA,543,523,0,0,0,523,A
3-PA,544,520,0,0,1,521,A
3-PA,545,0,508,0,0,508,T
3-PA,546,0,1,514,0,515,G
3-PA,547,0,0,517,0,517,G
3-PA,548,0,0,0,516,516,C
3-PA,549,2,0,0,517,519,C
3-PA,550,517,0,0,0,517,A
3-PA,551,527,0,1,0,528,A
3-PA,552,1,0,0,528,529,C
3-PA,553,528,0,0,0,528,A
3-PA,554,0,1,528,0,529,G
3-PA,555,516,0,1,0,517,A
3-PA,556,0,3,524,0,527,G
3-PA,557,0,0,531,0,531,G
3-PA,558,0,0,0,524,524,C
3-PA,559,2,0,0,526,528,C
3-PA,560,0,515,0,1,516,T
3-PA,561,514,0,0,0,514,A
3-PA,562,0,514,0,1,515,T
3-PA,563,0,4,510,0,514,G
3-PA,564,0,0,519,0,519,G
3-PA,565,0,2,506,0,508,G
3-PA,566,494,0,1,0,495,A
3-PA,567,0,491,0,1,492,T
3-PA,568,0,482,0,0,482,T
3-PA,569,0,0,0,562,562,C
3-PA,570,0,0,0,540,540,C
3-PA,571,0,530,0,0,530,T
3-PA,572,0,528,0,0,528,T
3-PA,573,0,524,0,0,524,T
3-PA,574,2,2,0,522,526,C
3-PA,575,0,0,522,1,523,G
3-PA,576,0,523,0,0,523,T
3-PA,577,1,2,0,520,523,C
3-PA,578,495,0,2,0,497,A
3-PA,579,0,0,601,0,601,G
3-PA,580,0,601,0,0,601,T
3-PA,581,3,0,0,596,599,C
3-PA,582,1,3,0,599,603,C
3-PA,583,3,3,599,0,605,G
3-PA,584,607,0,0,0,607,A
3-PA,585,603,0,1,0,604,A
3-PA,586,606,0,0,0,606,A
3-PA,587,0,2,618,0,620,G
3-PA,588,597,0,1,1,599,A
3-PA,589,0,0,614,0,614,G
3-PA,590,0,2,617,0,619,G
3-PA,591,0,1,0,619,620,C
3-PA,592,0,1,621,0,622,G
3-PA,593,621,1,0,0,622,A
3-PA,594,623,0,1,0,624,A
3-PA,595,0,3,630,0,633,G
3-PA,596,636,0,0,0,636,A
3-PA,597,637,0,0,0,637,A
3-PA,598,635,0,1,0,636,A
3-PA,599,1,0,0,641,642,C
3-PA,600,644,0,0,0,644,A
3-PA,601,644,0,0,0,644,A
3-PA,602,0,643,0,0,643,T
3-PA,603,0,640,0,0,640,T
3-PA,604,0,1,642,0,643,G
3-PA,605,639,0,0,0,639,A
3-PA,606,640,0,0,0,640,A
3-PA,607,0,2,639,0,641,G
3-PA,608,636,1,1,0,638,A
3-PA,609,641,0,0,0,641,A
3-PA,610,639,0,0,0,639,A
3-PA,611,644,0,1,0,645,A
3-PA,612,647,0,1,0,648,A
3-PA,613,0,649,0,0,649,T
3-PA,614,0,650,0,0,650,T
3-PA,615,0,651,0,0,651,T
3-PA,616,0,1,649,0,650,G
3-PA,617,649,0,1,0,650,A
3-PA,618,650,0,0,0,650,A
3-PA,619,651,1,0,0,652,A
3-PA,620,0,665,0,0,665,T
3-PA,621,2,1,0,749,752,C
3-PA,622,754,0,0,0,754,A
3-PA,623,0,0,0,777,777,C
3-PA,624,773,0,4,0,777,A
3-PA,625,0,2,793,0,795,G
3-PA,626,0,3,825,0,828,G
3-PA,627,843,0,0,0,843,A
3-PA,628,857,0,0,0,857,A
3-PA,629,0,0,0,873,873,C
3-PA,630,0,845,0,3,848,T
3-PA,631,945,0,0,0,945,A
3-PA,632,1,957,0,0,958,T
3-PA,633,1,0,988,0,989,G
3-PA,634,0,0,0,987,987,C
3-PA,635,1,0,981,0,982,G
3-PA,636,0,977,0,0,977,T
3-PA,637,969,0,1,0,970,A
3-PA,638,1,3,978,0,982,G
3-PA,639,1,2,971,0,974,G
3-PA,640,1,0,0,964,965,C
3-PA,641,0,956,0,0,956,T
3-PA,642,0,952,0,0,952,T
3-PA,643,0,0,950,0,950,G
3-PA,644,0,2,0,947,949,C
3-PA,645,2,2,0,947,951,C
3-PA,646,1,5,958,0,964,G
3-PA,647,963,0,0,0,963,A
3-PA,648,0,1,0,970,971,C
3-PA,649,6,0,0,965,971,C
3-PA,650,969,0,0,0,969,A
3-PA,651,974,0,0,0,974,A
3-PA,652,978,1,0,0,979,A
3-PA,653,0,0,1002,0,1002,G
3-PA,654,0,998,1,0,999,T
3-PA,655,4,0,0,995,999,C
3-PA,656,0,995,0,1,996,T
3-PA,657,1,0,0,1000,1001,C
3-PA,658,9,0,0,1003,1012,C
3-PA,659,1,0,0,1020,1021,C
3-PA,660,1022,0,0,0,1022,A
3-PA,661,0,0,0,1027,1027,C
3-PA,662,3,0,0,1015,1018,C
3-PA,663,0,1,1025,0,1026,G
3-PA,664,1044,1,0,0,1045,A
3-PA,665,1043,0,1,0,1044,A
3-PA,666,0,0,0,1057,1057,C
3-PA,667,0,1054,0,0,1054,T
3-PA,668,0,1080,0,0,1080,T
3-PA,669,1,0,0,1097,1098,C
3-PA,670,1,1086,1,2,1090,T
3-PA,671,3,0,0,1093,1096,C
3-PA,672,0,0,0,1096,1096,C
3-PA,673,0,1093,0,0,1093,T
3-PA,674,0,0,1117,0,1117,G
3-PA,675,0,1,0,1111,1112,C
3-PA,676,1,0,0,1109,1110,C
3-PA,677,0,1111,0,0,1111,T
3-PA,678,0,1103,0,0,1103,T
3-PA,679,0,2,1105,0,1107,G
3-PA,680,1103,0,0,0,1103,A
3-PA,681,0,4,1124,0,1128,G
3-PA,682,1126,0,0,0,1126,A
3-PA,683,1128,0,0,0,1128,A
3-PA,684,0,1151,0,0,1151,T
3-PA,685,0,1151,0,0,1151,T
3-PA,686,0,1151,0,0,1151,T
3-PA,687,0,1153,0,1,1154,T
3-PA,688,1146,1,0,0,1147,A
3-PA,689,1,1,1147,0,1149,G
3-PA,690,1144,0,2,0,1146,A
3-PA,691,1,1,1180,0,1182,G
3-PA,692,2,0,0,1177,1179,C
3-PA,693,2,0,1,1182,1185,C
3-PA,694,0,1214,0,1,1215,T
3-PA,695,1276,1,0,0,1277,A
3-PA,696,0,1278,0,0,1278,T
3-PA,697,0,0,1284,0,1284,G
3-PA,698,0,1285,0,0,1285,T
3-PA,699,1,1,1284,0,1286,G
3-PA,700,0,4,1270,0,1274,G
3-PA,701,1267,0,2,0,1269,A
3-PA,702,0,1258,0,0,1258,T
3-PA,703,1,2,1242,0,1245,G
3-PA,704,0,3,1256,0,1259,G
3-PA,705,1260,1,0,0,1261,A
3-PA,706,0,1256,0,1,1257,T
3-PA,707,0,1252,0,0,1252,T
3-PA,708,3,1,0,1249,1253,C
3-PA,709,1,2,1261,0,1264,G
3-PA,710,1265,0,0,0,1265,A
3-PA,711,1264,1,2,0,1267,A
3-PA,712,0,0,0,1274,1274,C
3-PA,713,6,2,0,1229,1237,C
3-PA,714,1,7,1235,0,1243,G
3-PA,715,1241,0,0,0,1241,A
3-PA,716,1239,0,3,0,1242,A
3-PA,717,0,0,0,1255,1255,C
3-PA,718,0,2,1242,0,1244,G
3-PA,719,0,0,1273,0,1273,G
3-PA,720,0,0,0,1273,1273,C
3-PA,721,1,1267,0,0,1268,T
3-PA,722,0,0,1292,0,1292,G
3-PA,723,1,0,0,1298,1299,C
3-PA,724,1311,0,1,0,1312,A
3-PA,725,0,1313,0,0,1313,T
3-PA,726,0,1298,0,1,1299,T
3-PA,727,0,1,1304,0,1305,G
3-PA,728,1271,0,3,0,1274,A
3-PA,729,1,4,1284,0,1289,G
3-PA,730,1,9,1277,0,1287,G
3-PA,731,0,0,1279,0,1279,G
3-PA,732,0,1,0,1271,1272,C
3-PA,733,1259,0,0,0,1259,A
3-PA,734,1259,0,0,0,1259,A
3-PA,735,0,0,1267,0,1267,G
3-PA,736,0,0,0,1281,1281,C
3-PA,737,0,1280,0,2,1282,T
3-PA,738,0,1274,0,0,1274,T
3-PA,739,0,1280,0,0,1280,T
3-PA,740,4,2,0,1275,1281,C
3-PA,741,0,1284,0,1,1285,T
3-PA,742,4,0,0,1286,1290,C
3-PA,743,1287,0,1,0,1288,A
3-PA,744,1280,0,1,0,1281,A
3-PA,745,1279,0,0,0,1279,A
3-PA,746,0,1271,0,0,1271,T
3-PA,747,1,2,1308,0,1311,G
3-PA,748,0,1306,0,1,1307,T
3-PA,749,3,0,0,1318,1321,C
3-PA,750,4,1,0,1318,1323,C
3-PA,751,1322,0,0,0,1322,A
3-PA,752,1325,0,0,0,1325,A
3-PA,753,1323,0,1,0,1324,A
3-PA,754,0,0,1338,0,1338,G
3-PA,755,1335,0,0,0,1335,A
3-PA,756,1307,0,0,0,1307,A
3-PA,757,0,1,1317,0,1318,G
3-PA,758,0,1303,0,1,1304,T
3-PA,759,0,6,1298,0,1304,G
3-PA,760,1299,2,1,0,1302,A
3-PA,761,1301,0,0,0,1301,A
3-PA,762,0,1299,0,1,1300,T
3-PA,763,0,2,1301,0,1303,G
3-PA,764,1,2,1,1304,1308,C
3-PA,765,2,0,0,1305,1307,C
3-PA,766,2,0,0,1303,1305,C
3-PA,767,1308,0,0,0,1308,A
3-PA,768,1319,0,0,0,1319,A
3-PA,769,1318,0,0,0,1318,A
3-PA,770,0,1320,0,0,1320,T
3-PA,771,0,1315,0,0,1315,T
3-PA,772,1,9,1309,0,1319,G
3-PA,773,1314,0,0,0,1314,A
3-PA,774,1312,0,1,0,1313,A
3-PA,775,3,0,0,1316,1319,C
3-PA,776,2,0,0,1309,1311,C
3-PA,777,0,1299,0,4,1303,T
3-PA,778,0,1333,0,0,1333,T
3-PA,779,0,1337,0,0,1337,T
3-PA,780,1,1368,0,1,1370,T
3-PA,781,0,0,0,1371,1371,C
3-PA,782,0,1371,0,0,1371,T
3-PA,783,0,1,1371,0,1372,G
3-PA,784,1367,0,2,0,1369,A
3-PA,785,1381,0,0,0,1381,A
3-PA,786,0,5,1390,0,1395,G
3-PA,787,1386,0,1,0,1387,A
3-PA,788,0,0,0,1395,1395,C
3-PA,789,1368,0,1,0,1369,A
3-PA,790,1389,0,0,0,1389,A
3-PA,791,1,1,0,1517,1519,C
3-PA,792,1526,0,0,0,1526,A
3-PA,793,4,0,0,1523,1527,C
3-PA,794,7,2,0,1509,1518,C
3-PA,795,1510,0,1,0,1511,A
3-PA,796,1518,0,0,0,1518,A
3-PA,797,2,6,1512,0,1520,G
3-PA,798,1517,1,0,0,1518,A
3-PA,799,0,0,0,1518,1518,C
3-PA,800,2,0,0,1406,1408,C
3-PA,801,1405,1,0,0,1406,A
3-PA,802,1410,0,0,0,1410,A
3-PA,803,0,1409,0,3,1412,T
3-PA,804,6,0,0,1407,1413,C
3-PA,805,1406,0,1,0,1407,A
3-PA,806,1400,0,1,0,1401,A
3-PA,807,1400,0,3,0,1403,A
3-PA,808,2,1,0,1420,1423,C
3-PA,809,0,1408,0,0,1408,T
3-PA,810,0,1415,0,0,1415,T
3-PA,811,2,0,0,1419,1421,C
3-PA,812,2,2,0,1413,1417,C
3-PA,813,1,5,1419,0,1425,G
3-PA,814,1427,0,0,1,1428,A
3-PA,815,1428,0,0,0,1428,A
3-PA,816,0,1429,0,1,1430,T
3-PA,817,0,4,1410,1,1415,G
3-PA,818,0,3,1424,0,1427,G
3-PA,819,1429,0,2,0,1431,A
3-PA,820,1,1,0,1438,1440,C
3-PA,821,1,0,1,1434,1436,C
3-PA,822,0,1485,0,1,1486,T
3-PA,823,5,1,0,1519,1525,C
3-PA,824,5,0,0,1526,1531,C
3-PA,825,0,1529,0,0,1529,T
3-PA,826,0,1531,0,0,1531,T
3-PA,827,1,0,1618,0,1619,G
3-PA,828,0,1601,0,1,1602,T
3-PA,829,0,1603,0,0,1603,T
3-PA,830,1601,0,1,0,1602,A
3-PA,831,0,1553,1,0,1554,T
3-PA,832,3,1,0,1543,1547,C
3-PA,833,1514,0,0,0,1514,A
3-PA,834,0,1,1511,0,1512,G
3-PA,835,2,1,0,1507,1510,C
3-PA,836,1,3,1460,0,1464,G
3-PA,837,0,1,1510,0,1511,G
3-PA,838,0,1509,0,2,1511,T
3-PA,839,5,0,0,1506,1511,C
3-PA,840,7,0,0,1505,1512,C
3-PA,841,1523,0,0,0,1523,A
3-PA,842,1532,0,0,0,1532,A
3-PA,843,1529,0,0,0,1529,A
3-PA,844,0,1531,0,0,1531,T
3-PA,845,1,1527,0,1,1529,T
3-PA,846,3,1,0,1514,1518,C
3-PA,847,2,0,0,1506,1508,C
3-PA,848,0,1506,0,1,1507,T
3-PA,849,6,0,0,1507,1513,C
3-PA,850,4,1,0,1509,1514,C
3-PA,851,1,1507,0,1,1509,T
3-PA,852,1,4,1513,0,1518,G
3-PA,853,1511,0,2,0,1513,A
3-PA,854,0,1516,0,1,1517,T
3-PA,855,1,4,1496,0,1501,G
3-PA,856,0,6,1478,0,1484,G
3-PA,857,1479,0,0,0,1479,A
3-PA,858,0,1459,0,1,1460,T
3-PA,859,0,1,1466,1,1468,G
3-PA,860,1,1,0,1520,1522,C
3-PA,861,0,1513,0,0,1513,T
3-PA,862,1,1521,0,1,1523,T
3-PA,863,0,1522,0,0,1522,T
3-PA,864,1518,0,0,0,1518,A
3-PA,865,1526,0,2,0,1528,A
3-PA,866,1527,0,0,0,1527,A
3-PA,867,1530,0,3,0,1533,A
3-PA,868,2,1532,0,0,1534,T
3-PA,869,0,1456,0,0,1456,T
3-PA,870,0,10,1450,0,1460,G
3-PA,871,1447,0,8,0,1455,A
3-PA,872,0,0,1469,0,1469,G
3-PA,873,1,0,0,1464,1465,C
3-PA,874,1466,0,0,0,1466,A
3-PA,875,0,1505,0,0,1505,T
3-PA,876,0,1499,0,2,1501,T
3-PA,877,0,4,1500,0,1504,G
3-PA,878,1506,1,1,0,1508,A
3-PA,879,1491,1,3,1,1496,A
3-PA,880,0,5,1497,0,1502,G
3-PA,881,1489,0,5,0,1494,A
3-PA,882,2,1,0,1503,1506,C
3-PA,883,5,1,0,1497,1503,C
3-PA,884,5,0,0,1472,1477,C
3-PA,885,1472,0,1,0,1473,A
3-PA,886,1503,0,1,0,1504,A
3-PA,887,0,0,1530,0,1530,G
3-PA,888,0,1532,0,0,1532,T
3-PA,889,9,1,0,1533,1543,C
3-PA,890,1537,0,3,0,1540,A
3-PA,891,0,3,0,1537,1540,C
3-PA,892,2,6,1531,0,1539,G
3-PA,893,1568,0,1,2,1571,A
3-PA,894,1566,1,1,0,1568,A
3-PA,895,1,2,1608,0,1611,G
3-PA,896,0,3,1605,0,1608,G
3-PA,897,1596,0,3,0,1599,A
3-PA,898,0,2,1610,0,1612,G
3-PA,899,1607,0,0,1,1608,A
3-PA,900,1602,0,3,0,1605,A
3-PA,901,0,4,1610,0,1614,G
3-PA,902,1,1,1599,0,1601,G
3-PA,903,0,3,1605,0,1608,G
3-PA,904,1562,0,2,0,1564,A
3-PA,905,2,1568,0,1,1571,T
3-PA,906,4,2,0,1567,1573,C
3-PA,907,4,0,0,1675,1679,C
3-PA,908,7,0,0,1697,1704,C
3-PA,909,1717,0,0,0,1717,A
3-PA,910,0,1719,0,1,1720,T
3-PA,911,0,1724,0,0,1724,T
3-PA,912,1765,0,1,0,1766,A
3-PA,913,0,1766,0,0,1766,T
3-PA,914,1760,0,0,0,1760,A
3-PA,915,0,1748,0,1,1749,T
3-PA,916,0,6,1606,0,1612,G
3-PA,917,1614,0,0,0,1614,A
3-PA,918,0,1587,0,1,1588,T
3-PA,919,1,0,1604,0,1605,G
3-PA,920,3,2,0,1590,1595,C
3-PA,921,2,8,1593,0,1603,G
3-PA,922,1616,0,1,0,1617,A
3-PA,923,0,1613,0,1,1614,T
3-PA,924,8,0,1,1608,1617,C
3-PA,925,1612,0,0,0,1612,A
3-PA,926,1602,0,0,0,1602,A
3-PA,927,1,0,1615,0,1616,G
3-PA,928,0,1608,0,0,1608,T
3-PA,929,1,0,1620,0,1621,G
3-PA,930,0,0,0,1620,1620,C
3-PA,931,1609,0,1,0,1610,A
3-PA,932,0,1613,0,0,1613,T
3-PA,933,1612,0,1,1,1614,A
3-PA,934,1627,0,1,0,1628,A
3-PA,935,1628,1,1,0,1630,A
3-PA,936,1622,0,1,0,1623,A
3-PA,937,1626,0,3,1,1630,A
3-PA,938,2,0,0,1632,1634,C
3-PA,939,1622,2,0,0,1624,A
3-PA,940,0,1631,0,0,1631,T
3-PA,941,0,1624,0,2,1626,T
3-PA,942,3,0,0,1622,1625,C
3-PA,943,0,1615,0,0,1615,T
3-PA,944,1,1610,0,0,1611,T
3-PA,945,1,1610,0,0,1611,T
3-PA,946,0,3,1612,0,1615,G
3-PA,947,0,5,1618,0,1623,G
3-PA,948,1617,0,4,0,1621,A
3-PA,949,0,1618,0,0,1618,T
3-PA,950,0,3,1626,0,1629,G
3-PA,951,0,3,1659,0,1662,G
3-PA,952,1668,0,0,0,1668,A
3-PA,953,1664,2,0,1,1667,A
3-PA,954,1667,1,0,0,1668,A
3-PA,955,0,3,1677,0,1680,G
3-PA,956,1676,0,2,0,1678,A
3-PA,957,1829,0,1,0,1830,A
3-PA,958,1,0,0,1861,1862,C
3-PA,959,2,0,0,1853,1855,C
3-PA,960,1,1847,0,0,1848,T
3-PA,961,0,1877,0,0,1877,T
3-PA,962,1890,0,1,0,1891,A
3-PA,963,1,1887,0,1,1889,T
3-PA,964,1880,0,1,0,1881,A
3-PA,965,0,1902,1,1,1904,T
3-PA,966,1783,0,3,0,1786,A
3-PA,967,0,1,1796,0,1797,G
3-PA,968,0,1779,1,4,1784,T
3-PA,969,8,0,0,1773,1781,C
3-PA,970,1762,0,3,0,1765,A
3-PA,971,1767,0,0,0,1767,A
3-PA,972,1770,0,1,0,1771,A
3-PA,973,5,1,0,1771,1777,C
3-PA,974,5,0,1,1748,1754,C
3-PA,975,1738,0,0,0,1738,A
3-PA,976,2,1,0,1750,1753,C
3-PA,977,1754,0,0,0,1754,A
3-PA,978,3,0,0,1759,1762,C
3-PA,979,0,9,1751,0,1760,G
3-PA,980,1755,1,1,0,1757,A
3-PA,981,1754,1,0,0,1755,A
3-PA,982,1751,0,0,0,1751,A
3-PA,983,1752,0,3,0,1755,A
3-PA,984,0,6,1755,0,1761,G
3-PA,985,0,6,1734,0,1740,G
3-PA,986,0,5,1747,0,1752,G
3-PA,987,1754,1,0,0,1755,A
3-PA,988,1752,0,3,0,1755,A
3-PA,989,0,1751,0,0,1751,T
3-PA,990,1750,0,1,0,1751,A
3-PA,991,1749,0,2,0,1751,A
3-PA,992,1756,1,0,0,1757,A
3-PA,993,1,1742,0,0,1743,T
3-PA,994,0,1736,1,1,1738,T
3-PA,995,6,1,0,1736,1743,C
3-PA,996,1747,1,0,0,1748,A
3-PA,997,1753,0,0,0,1753,A
3-PA,998,1756,0,0,0,1756,A
3-PA,999,0,1755,0,2,1757,T
3-PA,1000,0,1762,0,0,1762,T
3-PA,1001,1780,0,0,0,1780,A
3-PA,1002,1,1,0,1779,1781,C
3-PA,1003,4,0,0,1773,1777,C
3-PA,1004,0,1766,0,1,1767,T
3-PA,1005,4,4,1776,0,1784,G
3-PA,1006,1,2,0,1792,1795,C
3-PA,1007,0,1793,0,0,1793,T
3-PA,1008,1,1,1838,0,1840,G
3-PA,1009,0,1837,0,0,1837,T
3-PA,1010,7,0,0,1839,1846,C
3-PA,1011,1851,0,3,0,1854,A
3-PA,1012,0,1850,0,2,1852,T
3-PA,1013,0,3,1849,0,1852,G
3-PA,1014,0,2,1854,0,1856,G
3-PA,1015,1849,1,1,0,1851,A
3-PA,1016,1897,0,3,0,1900,A
3-PA,1017,1,1,1883,0,1885,G
3-PA,1018,2,1,0,1877,1880,C
3-PA,1019,1874,0,2,1,1877,A
3-PA,1020,1882,1,3,0,1886,A
3-PA,1021,0,1,1903,0,1904,G
3-PA,1022,0,1900,1,0,1901,T
3-PA,1023,1893,0,0,0,1893,A
3-PA,1024,1,0,0,1891,1892,C
3-PA,1025,0,1868,0,0,1868,T
3-PA,1026,3,1,1880,0,1884,G
3-PA,1027,1,1870,0,1,1872,T
3-PA,1028,11,1,0,1868,1880,C
3-PA,1029,1873,0,0,0,1873,A
3-PA,1030,1,4,1899,0,1904,G
3-PA,1031,1897,0,1,0,1898,A
3-PA,1032,1903,1,2,0,1906,A
3-PA,1033,0,1923,0,0,1923,T
3-PA,1034,1,1911,0,0,1912,T
3-PA,1035,0,2,1902,0,1904,G
3-PA,1036,0,2,0,1896,1898,C
3-PA,1037,1896,0,1,0,1897,A
3-PA,1038,2,6,1890,0,1898,G
3-PA,1039,1,3,1882,0,1886,G
3-PA,1040,1885,0,2,0,1887,A
3-PA,1041,4,4,0,1870,1878,C
3-PA,1042,1,1,1855,0,1857,G
3-PA,1043,1,1880,0,3,1884,T
3-PA,1044,0,1889,0,1,1890,T
3-PA,1045,1,5,1895,0,1901,G
3-PA,1046,1905,0,0,0,1905,A
3-PA,1047,1899,0,1,1,1901,A
3-PA,1048,1892,0,3,0,1895,A
3-PA,1049,1904,0,2,0,1906,A
3-PA,1050,0,1896,0,2,1898,T
3-PA,1051,0,4,1898,0,1902,G
3-PA,1052,1892,0,3,0,1895,A
3-PA,1053,0,5,1899,0,1904,G
3-PA,1054,0,9,1895,0,1904,G
3-PA,1055,1899,0,0,0,1899,A
3-PA,1056,0,6,1898,0,1904,G
3-PA,1057,1899,0,1,1,1901,A
3-PA,1058,1887,1,2,1,1891,A
3-PA,1059,0,1,1884,0,1885,G
3-PA,1060,2,1,1862,0,1865,G
3-PA,1061,0,1926,0,2,1928,T
3-PA,1062,0,1942,0,0,1942,T
3-PA,1063,11,0,0,1929,1940,C
3-PA,1064,3,1,0,1940,1944,C
3-PA,1065,1940,0,1,0,1941,A
3-PA,1066,1935,0,0,1,1936,A
3-PA,1067,0,7,1944,0,1951,G
3-PA,1068,0,8,1972,0,1980,G
3-PA,1069,1948,0,0,1,1949,A
3-PA,1070,2,0,0,1956,1958,C
3-PA,1071,0,1952,0,0,1952,T
3-PA,1072,1960,0,0,0,1960,A
3-PA,1073,1954,0,1,0,1955,A
3-PA,1074,1958,0,2,0,1960,A
3-PA,1075,1959,0,0,1,1960,A
3-PA,1076,1952,0,0,1,1953,A
3-PA,1077,3,0,0,1924,1927,C
3-PA,1078,1926,0,0,0,1926,A
3-PA,1079,0,1915,0,2,1917,T
3-PA,1080,0,7,1921,0,1928,G
3-PA,1081,1924,0,1,0,1925,A
3-PA,1082,1924,1,0,1,1926,A
3-PA,1083,1,5,1934,0,1940,G
3-PA,1084,1941,0,2,0,1943,A
3-PA,1085,1938,0,2,0,1940,A
3-PA,1086,1932,0,1,0,1933,A
3-PA,1087,1934,1,3,0,1938,A
3-PA,1088,3,1,0,1939,1943,C
3-PA,1089,0,6,1926,0,1932,G
3-PA,1090,1929,0,4,0,1933,A
3-PA,1091,1,0,1934,0,1935,G
3-PA,1092,0,1924,0,0,1924,T
3-PA,1093,19,0,0,1955,1974,C
3-PA,1094,1972,2,4,0,1978,A
3-PA,1095,2003,0,0,1,2004,A
3-PA,1096,3,0,0,1996,1999,C
3-PA,1097,0,1998,0,0,1998,T
3-PA,1098,0,5,2025,1,2031,G
3-PA,1099,2029,0,2,0,2031,A
3-PA,1100,2030,0,1,0,2031,A
3-PA,1101,0,1,2036,0,2037,G
3-PA,1102,0,1997,0,1,1998,T
3-PA,1103,1,4,1998,1,2004,G
3-PA,1104,1,7,1983,0,1991,G
3-PA,1105,1,3,1997,0,2001,G
3-PA,1106,2,1,0,2002,2005,C
3-PA,1107,0,1996,0,3,1999,T
3-PA,1108,8,0,0,2010,2018,C
3-PA,1109,0,2004,0,1,2005,T
3-PA,1110,0,2012,0,1,2013,T
3-PA,1111,0,7,2030,0,2037,G
3-PA,1112,0,0,2045,0,2045,G
3-PA,1113,1,2034,0,0,2035,T
3-PA,1114,1,6,2031,0,2038,G
3-PA,1115,2026,0,2,0,2028,A
3-PA,1116,2035,0,0,0,2035,A
3-PA,1117,2026,1,2,0,2029,A
3-PA,1118,2030,0,1,1,2032,A
3-PA,1119,1,0,0,2035,2036,C
3-PA,1120,2013,0,0,0,2013,A
3-PA,1121,1,2015,0,2,2018,T
3-PA,1122,1,8,2009,0,2018,G
3-PA,1123,0,3,2038,0,2041,G
3-PA,1124,0,2,0,2036,2038,C
3-PA,1125,2044,0,1,0,2045,A
3-PA,1126,2,0,0,2065,2067,C
3-PA,1127,8,3,0,2055,2066,C
3-PA,1128,2083,0,0,0,2083,A
3-PA,1129,0,6,2102,0,2108,G
3-PA,1130,2099,0,1,0,2100,A
3-PA,1131,0,4,2128,0,2132,G
3-PA,1132,2114,0,0,0,2114,A
3-PA,1133,2110,0,2,0,2112,A
3-PA,1134,0,9,2111,0,2120,G
3-PA,1135,0,0,2107,1,2108,G
3-PA,1136,0,2101,0,2,2103,T
3-PA,1137,2077,0,0,0,2077,A
3-PA,1138,0,9,2066,0,2075,G
3-PA,1139,2069,0,2,0,2071,A
3-PA,1140,3,0,0,2066,2069,C
3-PA,1141,0,2042,0,4,2046,T
3-PA,1142,1,2040,0,1,2042,T
3-PA,1143,1,2043,0,1,2045,T
3-PA,1144,0,4,2043,0,2047,G
3-PA,1145,2047,0,1,0,2048,A
3-PA,1146,2054,0,0,0,2054,A
3-PA,1147,2050,0,2,0,2052,A
3-PA,1148,2036,0,1,0,2037,A
3-PA,1149,0,0,0,2069,2069,C
3-PA,1150,1,2047,0,0,2048,T
3-PA,1151,0,1,2067,1,2069,G
3-PA,1152,0,0,0,2065,2065,C
3-PA,1153,2066,1,2,0,2069,A
3-PA,1154,0,2,2067,1,2070,G
3-PA,1155,2061,2,2,0,2065,A
3-PA,1156,0,5,2149,0,2154,G
3-PA,1157,2151,0,3,0,2154,A
3-PA,1158,1,2,0,2145,2148,C
3-PA,1159,2143,1,5,0,2149,A
3-PA,1160,0,2136,0,0,2136,T
3-PA,1161,2138,0,1,0,2139,A
3-PA,1162,2130,1,2,0,2133,A
3-PA,1163,2,2,2129,0,2133,G
3-PA,1164,1,1,0,2132,2134,C
3-PA,1165,1,6,2095,0,2102,G
3-PA,1166,2139,0,0,0,2139,A
3-PA,1167,0,2115,0,0,2115,T
3-PA,1168,1,2109,0,3,2113,T
3-PA,1169,0,2123,0,0,2123,T
3-PA,1170,0,3,2123,0,2126,G
3-PA,1171,2128,1,2,0,2131,A
3-PA,1172,2123,0,2,0,2125,A
3-PA,1173,0,2,2139,1,2142,G
3-PA,1174,3,0,1,2162,2166,C
3-PA,1175,2119,1,1,0,2121,A
3-PA,1176,2252,0,2,0,2254,A
3-PA,1177,1,2254,0,2,2257,T
3-PA,1178,2264,0,0,0,2264,A
3-PA,1179,0,2269,0,0,2269,T
3-PA,1180,3,6,2267,0,2276,G
3-PA,1181,2290,0,8,0,2298,A
3-PA,1182,1,2284,0,1,2286,T
3-PA,1183,2209,0,0,0,2209,A
3-PA,1184,0,0,2215,0,2215,G
3-PA,1185,1,2136,0,0,2137,T
3-PA,1186,0,11,2127,0,2138,G
3-PA,1187,2130,0,0,0,2130,A
3-PA,1188,1,3,0,2121,2125,C
3-PA,1189,2,9,2111,0,2122,G
3-PA,1190,2129,0,0,0,2129,A
3-PA,1191,2133,1,4,0,2138,A
3-PA,1192,4,1,0,2145,2150,C
3-PA,1193,3,1,0,2143,2147,C
3-PA,1194,1,2139,0,3,2143,T
3-PA,1195,0,11,2188,0,2199,G
3-PA,1196,2190,0,1,0,2191,A
3-PA,1197,2210,1,0,1,2212,A
3-PA,1198,0,2205,0,0,2205,T
3-PA,1199,1,2174,0,1,2176,T
3-PA,1200,2183,0,1,0,2184,A
3-PA,1201,2151,0,2,0,2153,A
3-PA,1202,0,8,2161,1,2170,G
3-PA,1203,1,2,2168,0,2171,G
3-PA,1204,0,2115,0,7,2122,T
3-PA,1205,16,0,0,2103,2119,C
3-PA,1206,2120,1,0,0,2121,A
3-PA,1207,0,1,0,2183,2184,C
3-PA,1208,2,2179,0,3,2184,T
3-PA,1209,0,2188,0,0,2188,T
3-PA,1210,0,2187,0,4,2191,T
3-PA,1211,5,1,0,2183,2189,C
3-PA,1212,2183,0,3,0,2186,A
3-PA,1213,2191,0,2,0,2193,A
3-PA,1214,0,1,2222,0,2223,G
3-PA,1215,1,0,0,2215,2216,C
3-PA,1216,0,2173,0,1,2174,T
3-PA,1217,1,6,2214,1,2222,G
3-PA,1218,1,4,2226,0,2231,G
3-PA,1219,2269,0,1,0,2270,A
3-PA,1220,1,2278,0,1,2280,T
3-PA,1221,2277,0,2,0,2279,A
3-PA,1222,3,0,1,2283,2287,C
3-PA,1223,2238,1,1,0,2240,A
3-PA,1224,1,4,2259,0,2264,G
3-PA,1225,2256,0,0,1,2257,A
3-PA,1226,2223,0,0,0,2223,A
3-PA,1227,0,2193,0,0,2193,T
3-PA,1228,0,6,2206,0,2212,G
3-PA,1229,2187,0,3,0,2190,A
3-PA,1230,0,0,2231,0,2231,G
3-PA,1231,0,2213,0,1,2214,T
3-PA,1232,0,2210,0,0,2210,T
3-PA,1233,11,1,0,2227,2239,C
3-PA,1234,2261,1,0,0,2262,A
3-PA,1235,2262,1,1,1,2265,A
3-PA,1236,1,2,0,2263,2266,C
3-PA,1237,2230,1,0,0,2231,A
3-PA,1238,2231,1,0,0,2232,A
3-PA,1239,1,3,2222,0,2226,G
3-PA,1240,0,4,2235,0,2239,G
3-PA,1241,0,0,0,2244,2244,C
3-PA,1242,5,1,0,2232,2238,C
3-PA,1243,0,2223,0,2,2225,T
3-PA,1244,0,0,2246,0,2246,G
3-PA,1245,1,2236,0,1,2238,T
3-PA,1246,1,8,2253,0,2262,G
3-PA,1247,2267,0,2,0,2269,A
3-PA,1248,0,0,2264,0,2264,G
3-PA,1249,2,0,0,2250,2252,C
3-PA,1250,0,2229,0,6,2235,T
3-PA,1251,2283,0,0,0,2283,A
3-PA,1252,2284,0,2,0,2286,A
3-PA,1253,3,0,0,2291,2294,C
3-PA,1254,0,2274,0,0,2274,T
3-PA,1255,1,8,2259,0,2268,G
3-PA,1256,2260,1,2,0,2263,A
3-PA,1257,0,2257,0,0,2257,T
3-PA,1258,1,2255,1,1,2258,T
3-PA,1259,9,1,0,2258,2268,C
3-PA,1260,2317,1,0,0,2318,A
3-PA,1261,0,3,2367,0,2370,G
3-PA,1262,0,2359,0,2,2361,T
3-PA,1263,10,0,0,2354,2364,C
3-PA,1264,0,2351,0,2,2353,T
3-PA,1265,2,3,2439,0,2444,G
3-PA,1266,0,9,2442,0,2451,G
3-PA,1267,2454,1,2,0,2457,A
3-PA,1268,1,2454,0,2,2457,T
3-PA,1269,2340,0,0,0,2340,A
3-PA,1270,1,9,2323,0,2333,G
3-PA,1271,2293,0,4,0,2297,A
3-PA,1272,0,0,2306,0,2306,G
3-PA,1273,0,4,0,2296,2300,C
3-PA,1274,0,2250,0,1,2251,T
3-PA,1275,5,0,0,2251,2256,C
3-PA,1276,1,3,2259,0,2263,G
3-PA,1277,2264,1,2,0,2267,A
3-PA,1278,0,2269,0,0,2269,T
3-PA,1279,0,11,2251,0,2262,G
3-PA,1280,2289,1,0,0,2290,A
3-PA,1281,2290,0,0,0,2290,A
3-PA,1282,2291,0,1,0,2292,A
3-PA,1283,0,2286,0,0,2286,T
3-PA,1284,0,2295,0,0,2295,T
3-PA,1285,0,9,2312,0,2321,G
3-PA,1286,5,7,2304,0,2316,G
3-PA,1287,2306,1,2,0,2309,A
3-PA,1288,0,1,2315,0,2316,G
3-PA,1289,2278,0,0,0,2278,A
3-PA,1290,0,7,2281,0,2288,G
3-PA,1291,0,5,2294,0,2299,G
3-PA,1292,2312,0,0,1,2313,A
3-PA,1293,0,0,0,2315,2315,C
3-PA,1294,1,1,2298,0,2300,G
3-PA,1295,0,2301,0,0,2301,T
3-PA,1296,2300,0,2,0,2302,A
3-PA,1297,1,1,2329,0,2331,G
3-PA,1298,0,3,0,2325,2328,C
3-PA,1299,6,0,0,2301,2307,C
3-PA,1300,12,0,1,2279,2292,C
3-PA,1301,3,0,0,2287,2290,C
3-PA,1302,2294,0,0,0,2294,A
3-PA,1303,2365,2,1,0,2368,A
3-PA,1304,1,2364,0,0,2365,T
3-PA,1305,0,2354,0,1,2355,T
3-PA,1306,0,12,2332,0,2344,G
3-PA,1307,2313,0,0,0,2313,A
3-PA,1308,0,0,2321,0,2321,G
3-PA,1309,3,1,0,2310,2314,C
3-PA,1310,2309,2,1,0,2312,A
3-PA,1311,1,1,3,2363,2368,C
3-PA,1312,2305,0,0,0,2305,A
3-PA,1313,0,2356,0,0,2356,T
3-PA,1314,0,2351,0,0,2351,T
3-PA,1315,1,2,2355,0,2358,G
3-PA,1316,2,1,0,2347,2350,C
3-PA,1317,2348,2,1,0,2351,A
3-PA,1318,2345,1,4,0,2350,A
3-PA,1319,0,1,2344,0,2345,G
3-PA,1320,1,1,0,2314,2316,C
3-PA,1321,2315,0,0,0,2315,A
3-PA,1322,0,2260,1,0,2261,T
3-PA,1323,0,13,2250,0,2263,G
3-PA,1324,2262,1,0,0,2263,A
3-PA,1325,0,3,2260,0,2263,G
3-PA,1326,2256,0,5,0,2261,A
3-PA,1327,2255,0,1,0,2256,A
3-PA,1328,1,5,2246,0,2252,G
3-PA,1329,2,9,2247,0,2258,G
3-PA,1330,2254,0,2,0,2256,A
3-PA,1331,2254,0,2,0,2256,A
3-PA,1332,0,2260,1,0,2261,T
3-PA,1333,1,2258,0,0,2259,T
3-PA,1334,2266,0,0,0,2266,A
3-PA,1335,0,2275,1,1,2277,T
3-PA,1336,0,2272,0,2,2274,T
3-PA,1337,0,2279,0,1,2280,T
3-PA,1338,12,0,0,2249,2261,C
3-PA,1339,2246,3,1,0,2250,A
3-PA,1340,3,0,0,2302,2305,C
3-PA,1341,2298,0,0,0,2298,A
3-PA,1342,0,1,2321,0,2322,G
3-PA,1343,3,2,0,2315,2320,C
3-PA,1344,2309,0,1,0,2310,A
3-PA,1345,0,3,2313,0,2316,G
3-PA,1346,2295,1,5,1,2302,A
3-PA,1347,0,8,2306,0,2314,G
3-PA,1348,0,3,2318,0,2321,G
3-PA,1349,1,2249,0,1,2251,T
3-PA,1350,2,1,2299,0,2302,G
3-PA,1351,1,2280,0,2,2283,T
3-PA,1352,12,0,0,2265,2277,C
3-PA,1353,7,0,0,2301,2308,C
3-PA,1354,6,1,0,2295,2302,C
3-PA,1355,2324,0,0,0,2324,A
3-PA,1356,0,2350,0,0,2350,T
3-PA,1357,0,2328,0,4,2332,T
3-PA,1358,1,1,2337,1,2340,G
3-PA,1359,0,2309,0,1,2310,T
3-PA,1360,2278,1,1,0,2280,A
3-PA,1361,1,3,2272,1,2277,G
3-PA,1362,2209,0,0,0,2209,A
3-PA,1363,0,1,2223,0,2224,G
3-PA,1364,2,2,0,2193,2197,C
3-PA,1365,7,1,0,2148,2156,C
3-PA,1366,2175,0,1,0,2176,A
3-PA,1367,4,0,0,2178,2182,C
3-PA,1368,0,2186,0,0,2186,T
3-PA,1369,1,5,2173,0,2179,G
3-PA,1370,2180,0,1,1,2182,A
3-PA,1371,2148,0,2,1,2151,A
3-PA,1372,0,2215,0,1,2216,T
3-PA,1373,2232,1,2,0,2235,A
3-PA,1374,1,14,0,2240,2255,C
3-PA,1375,2202,0,2,0,2204,A
3-PA,1376,0,2214,0,1,2215,T
3-PA,1377,2194,0,0,0,2194,A
3-PA,1378,2205,0,0,0,2205,A
3-PA,1379,1,2196,0,2,2199,T
3-PA,1380,1,5,2150,0,2156,G
3-PA,1381,2144,1,1,0,2146,A
3-PA,1382,2112,2,2,0,2116,A
3-PA,1383,0,6,2110,0,2116,G
3-PA,1384,0,12,2085,0,2097,G
3-PA,1385,2,6,2122,1,2131,G
3-PA,1386,0,6,2118,0,2124,G
3-PA,1387,0,1,2150,0,2151,G
3-PA,1388,0,2112,0,0,2112,T
3-PA,1389,2119,0,0,0,2119,A
3-PA,1390,0,2139,0,0,2139,T
3-PA,1391,2158,0,0,0,2158,A
3-PA,1392,1,0,0,2361,2362,C
3-PA,1393,2298,0,2,1,2301,A
3-PA,1394,1,2253,0,0,2254,T
3-PA,1395,0,2226,0,1,2227,T
3-PA,1396,2205,0,0,0,2205,A
3-PA,1397,2254,0,1,0,2255,A
3-PA,1398,1,1,0,2248,2250,C
3-PA,1399,2209,0,1,0,2210,A
3-PA,1400,2,0,1,2206,2209,C
3-PA,1401,0,1996,0,3,1999,T
3-PA,1402,0,5,2066,0,2071,G
3-PA,1403,1,4,0,2053,2058,C
3-PA,1404,11,0,1,2052,2064,C
3-PA,1405,1,0,0,2073,2074,C
3-PA,1406,0,2020,0,3,2023,T
3-PA,1407,2,0,2090,0,2092,G
3-PA,1408,2,0,0,2085,2087,C
3-PA,1409,0,2086,0,1,2087,T
3-PA,1410,6,3,0,2121,2130,C
3-PA,1411,2044,0,1,0,2045,A
3-PA,1412,2060,0,2,0,2062,A
3-PA,1413,0,2063,0,0,2063,T
3-PA,1414,0,0,2060,0,2060,G
3-PA,1415,1,1,0,2051,2053,C
3-PA,1416,2007,1,1,0,2009,A
3-PA,1417,1,2002,0,4,2007,T
3-PA,1418,3,0,0,2004,2007,C
3-PA,1419,3,1,0,2013,2017,C
3-PA,1420,0,1940,0,1,1941,T
3-PA,1421,1,0,1992,0,1993,G
3-PA,1422,2,1984,0,1,1987,T
3-PA,1423,1,3,1972,1,1977,G
3-PA,1424,1,1,0,1981,1983,C
3-PA,1425,1956,1,2,0,1959,A
3-PA,1426,0,0,1978,1,1979,G
3-PA,1427,2,0,0,1978,1980,C
3-PA,1428,1936,1,1,1,1939,A
3-PA,1429,1943,0,0,0,1943,A
3-PA,1430,0,1878,0,1,1879,T
3-PA,1431,0,5,1869,2,1876,G
3-PA,1432,1,10,1863,0,1874,G
3-PA,1433,1871,0,0,0,1871,A
3-PA,1434,2,0,1,1874,1877,C
3-PA,1435,2,10,1855,0,1867,G
3-PA,1436,1885,0,0,0,1885,A
3-PA,1437,0,1881,0,0,1881,T
3-PA,1438,0,1881,0,0,1881,T
3-PA,1439,0,1879,0,0,1879,T
3-PA,1440,2,1867,1,3,1873,T
3-PA,1441,7,0,0,1871,1878,C
3-PA,1442,1876,0,0,0,1876,A
3-PA,1443,1886,0,0,0,1886,A
3-PA,1444,4,0,0,1881,1885,C
3-PA,1445,0,1846,0,1,1847,T
3-PA,1446,1844,0,0,0,1844,A
3-PA,1447,1843,0,1,0,1844,A
3-PA,1448,0,1850,0,2,1852,T
3-PA,1449,0,1844,0,0,1844,T
3-PA,1450,8,1,0,1840,1849,C
3-PA,1451,6,0,0,1847,1853,C
3-PA,1452,4,1,0,1846,1851,C
3-PA,1453,1842,0,2,0,1844,A
3-PA,1454,0,1868,0,0,1868,T
3-PA,1455,2,2,1864,0,1868,G
3-PA,1456,1863,0,0,0,1863,A
3-PA,1457,0,1858,0,1,1859,T
3-PA,1458,1851,0,2,0,1853,A
3-PA,1459,1846,0,5,0,1851,A
3-PA,1460,1,0,1854,0,1855,G
3-PA,1461,1,0,0,1850,1851,C
3-PA,1462,1840,0,1,0,1841,A
3-PA,1463,1793,0,0,1,1794,A
3-PA,1464,0,1,1816,0,1817,G
3-PA,1465,0,1802,0,0,1802,T
3-PA,1466,0,0,1806,0,1806,G
3-PA,1467,2,1,0,1800,1803,C
3-PA,1468,1784,0,1,0,1785,A
3-PA,1469,0,5,1796,0,1801,G
3-PA,1470,1794,0,1,0,1795,A
3-PA,1471,1812,0,0,0,1812,A
3-PA,1472,0,0,0,1812,1812,C
3-PA,1473,0,1764,0,0,1764,T
3-PA,1474,1771,0,1,0,1772,A
3-PA,1475,1768,0,1,0,1769,A
3-PA,1476,1773,0,0,0,1773,A
3-PA,1477,0,2,1774,0,1776,G
3-PA,1478,1702,0,3,0,1705,A
3-PA,1479,1,10,1693,0,1704,G
3-PA,1480,1,4,1661,0,1666,G
3-PA,1481,3,2,1663,0,1668,G
3-PA,1482,1647,2,3,0,1652,A
3-PA,1483,1617,0,1,0,1618,A
3-PA,1484,0,2,1609,0,1611,G
3-PA,1485,1,1,1604,0,1606,G
3-PA,1486,0,0,0,1605,1605,C
3-PA,1487,1,4,1598,1,1604,G
3-PA,1488,1596,0,0,0,1596,A
3-PA,1489,1598,1,1,0,1600,A
3-PA,1490,1601,0,1,0,1602,A
3-PA,1491,1604,0,1,0,1605,A
3-PA,1492,1598,1,2,0,1601,A
3-PA,1493,2,0,0,1597,1599,C
3-PA,1494,2,1,0,1586,1589,C
3-PA,1495,1588,0,0,1,1589,A
3-PA,1496,1607,0,0,0,1607,A
3-PA,1497,0,1611,0,0,1611,T
3-PA,1498,0,1624,1,0,1625,T
3-PA,1499,0,1616,0,0,1616,T
3-PA,1500,1628,0,0,0,1628,A
3-PA,1501,0,1624,0,0,1624,T
3-PA,1502,1624,0,0,0,1624,A
3-PA,1503,0,1614,0,2,1616,T
3-PA,1504,0,8,1594,0,1602,G
3-PA,1505,0,3,1553,0,1556,G
3-PA,1506,0,0,1477,0,1477,G
3-PA,1507,0,1505,0,1,1506,T
3-PA,1508,0,1509,0,0,1509,T
3-PA,1509,3,0,0,1509,1512,C
3-PA,1510,1509,0,2,0,1511,A
3-PA,1511,0,1527,0,3,1530,T
3-PA,1512,3,0,0,1528,1531,C
3-PA,1513,1528,0,0,0,1528,A
3-PA,1514,0,1506,0,0,1506,T
3-PA,1515,1471,1,0,0,1472,A
3-PA,1516,1468,0,0,0,1468,A
3-PA,1517,1463,0,4,0,1467,A
3-PA,1518,0,3,1467,0,1470,G
3-PA,1519,0,3,1431,0,1434,G
3-PA,1520,0,0,1418,0,1418,G
3-PA,1521,1398,1,2,0,1401,A
3-PA,1522,1386,0,0,0,1386,A
3-PA,1523,0,0,1386,0,1386,G
3-PA,1524,1370,0,1,0,1371,A
3-PA,1525,1,1363,0,3,1367,T
3-PA,1526,4,0,0,1356,1360,C
3-PA,1527,1,1336,1,3,1341,T
3-PA,1528,0,1,0,1368,1369,C
3-PA,1529,1368,0,1,0,1369,A
3-PA,1530,0,1360,0,0,1360,T
3-PA,1531,6,1357,0,0,1363,T
3-PA,1532,1,1349,0,0,1350,T
3-PA,1533,1342,1,2,0,1345,A
3-PA,1534,1341,0,2,0,1343,A
3-PA,1535,0,6,1338,0,1344,G
3-PA,1536,0,3,1348,0,1351,G
3-PA,1537,1293,0,0,0,1293,A
3-PA,1538,1293,0,0,0,1293,A
3-PA,1539,1,1289,0,0,1290,T
3-PA,1540,2,5,1289,0,1296,G
3-PA,1541,1310,0,3,0,1313,A
3-PA,1542,1,1,0,1308,1310,C
3-PA,1543,1302,0,2,0,1304,A
3-PA,1544,1,0,0,1299,1300,C
3-PA,1545,1275,0,0,0,1275,A
3-PA,1546,0,0,1278,0,1278,G
3-PA,1547,1268,0,4,0,1272,A
3-PA,1548,0,0,0,1253,1253,C
3-PA,1549,1,1,1240,0,1242,G
3-PA,1550,0,1133,1,0,1134,T
3-PA,1551,0,4,1132,0,1136,G
3-PA,1552,0,1,1130,0,1131,G
3-PA,1553,0,1126,0,1,1127,T
3-PA,1554,1129,0,1,0,1130,A
3-PA,1555,1121,0,0,0,1121,A
3-PA,1556,1119,0,0,0,1119,A
3-PA,1557,1,1111,0,1,1113,T
3-PA,1558,0,1098,0,0,1098,T
3-PA,1559,0,1092,0,0,1092,T
3-PA,1560,1,1079,0,0,1080,T
3-PA,1561,1,1,1078,0,1080,G
3-PA,1562,1,1060,0,2,1063,T
3-PA,1563,0,5,1058,1,1064,G
3-PA,1564,1056,0,0,0,1056,A
3-PA,1565,0,3,1053,0,1056,G
3-PA,1566,1,0,0,1046,1047,C
3-PA,1567,1047,0,0,0,1047,A
3-PA,1568,0,1044,0,1,1045,T
3-PA,1569,1,1,1043,0,1045,G
3-PA,1570,0,4,1045,0,1049,G
3-PA,1571,1050,0,0,0,1050,A
3-PA,1572,0,0,1049,0,1049,G
3-PA,1573,0,1026,0,1,1027,T
3-PA,1574,0,1006,1,2,1009,T
3-PA,1575,0,1013,0,0,1013,T
3-PA,1576,1,1010,0,0,1011,T
3-PA,1577,3,0,0,1009,1012,C
3-PA,1578,0,1002,0,5,1007,T
3-PA,1579,7,0,0,996,1003,C
3-PA,1580,0,967,1,1,969,T
3-PA,1581,4,0,0,963,967,C
3-PA,1582,963,0,0,0,963,A
3-PA,1583,3,1,0,957,961,C
3-PA,1584,0,919,0,2,921,T
3-PA,1585,0,3,918,0,921,G
3-PA,1586,917,0,0,0,917,A
3-PA,1587,1,1,0,915,917,C
3-PA,1588,1,0,0,912,913,C
3-PA,1589,3,1,1,892,897,C
3-PA,1590,0,1,889,0,890,G
3-PA,1591,881,0,1,0,882,A
3-PA,1592,1,0,886,0,887,G
3-PA,1593,885,0,2,0,887,A
3-PA,1594,1,0,0,861,862,C
3-PA,1595,0,840,0,2,842,T
3-PA,1596,1,783,0,0,784,T
3-PA,1597,0,1,779,0,780,G
3-PA,1598,778,0,1,0,779,A
3-PA,1599,0,0,777,0,777,G
3-PA,1600,1,0,0,772,773,C
3-PA,1601,4,0,1,736,741,C
3-PA,1602,743,0,0,0,743,A
3-PA,1603,1,1,0,738,740,C
3-PA,1604,744,0,0,0,744,A
3-PA,1605,0,744,0,0,744,T
3-PA,1606,732,0,1,0,733,A
3-PA,1607,729,0,0,0,729,A
3-PA,1608,728,0,0,0,728,A
3-PA,1609,0,724,0,0,724,T
3-PA,1610,0,4,720,0,724,G
3-PA,1611,0,4,629,0,633,G
3-PA,1612,0,1,621,0,622,G
3-PA,1613,609,0,1,0,610,A
3-PA,1614,0,0,607,0,607,G
3-PA,1615,597,0,0,0,597,A
3-PA,1616,582,0,0,0,582,A
3-PA,1617,583,1,0,0,584,A
3-PA,1618,0,581,0,0,581,T
3-PA,1619,576,0,0,0,576,A
3-PA,1620,2,0,0,575,577,C
3-PA,1621,1,364,0,0,365,T
3-PA,1622,1,1,370,0,372,G
3-PA,1623,0,293,0,1,294,T
3-PA,1624,0,0,297,0,297,G
3-PA,1625,0,281,0,0,281,T
3-PA,1626,2,0,0,217,219,C
3-PA,1627,0,0,0,209,209,C
3-PA,1628,0,199,0,0,199,T
3-PA,1629,0,198,0,0,198,T
3-PA,1630,0,1,197,0,198,G
3-PA,1631,197,0,0,0,197,A
3-PA,1632,0,0,200,0,200,G
3-PA,1633,196,0,0,0,196,A
3-PA,1634,0,197,0,0,197,T
3-PA,1635,192,0,0,0,192,A
3-PA,1636,0,0,197,0,197,G
3-PA,1637,0,0,196,0,196,G
3-PA,1638,194,0,0,0,194,A
3-PA,1639,0,0,195,0,195,G
3-PA,1640,197,0,0,0,197,A
3-PA,1641,1,193,0,0,194,T
3-PA,1642,197,0,0,0,197,A
3-PA,1643,0,197,0,0,197,T
3-PA,1644,0,0,205,0,205,G
3-PA,1645,0,201,0,0,201,T
3-PA,1646,0,200,0,0,200,T
3-PA,1647,203,0,0,0,203,A
3-PA,1648,0,0,0,203,203,C
3-PA,1649,0,200,0,0,200,T
3-PA,1650,201,0,0,0,201,A
3-PA,1651,200,0,0,0,200,A
3-PA,1652,0,1,203,0,204,G
3-PA,1653,198,0,0,0,198,A
3-PA,1654,195,0,1,0,196,A
3-PA,1655,0,0,193,0,193,G
3-PA,1656,0,194,0,0,194,T
3-PA,1657,0,0,191,0,191,G
3-PA,1658,0,0,0,194,194,C
3-PA,1659,1,0,0,191,192,C
3-PA,1660,193,0,1,0,194,A
3-PA,1661,0,192,0,0,192,T
3-PA,1662,192,0,0,0,192,A
3-PA,1663,0,0,191,0,191,G
3-PA,1664,0,0,188,0,188,G
3-PA,1665,0,0,0,187,187,C
3-PA,1666,2,0,0,185,187,C
3-PA,1667,187,0,0,0,187,A
3-PA,1668,186,0,1,0,187,A
3-PA,1669,188,0,0,0,188,A
3-PA,1670,0,188,0,0,188,T
3-PA,1671,0,187,0,0,187,T
3-PA,1672,0,187,0,0,187,T
3-PA,1673,0,0,0,186,186,C
3-PA,1674,180,0,0,0,180,A
3-PA,1675,182,0,0,0,182,A
3-PA,1676,0,0,184,0,184,G
3-PA,1677,0,0,184,0,184,G
3-PA,1678,0,0,0,181,181,C
3-PA,1679,0,0,0,180,180,C
3-PA,1680,182,0,0,0,182,A
3-PA,1681,188,0,0,0,188,A
3-PA,1682,0,188,0,0,188,T
3-PA,1683,0,0,199,0,199,G
3-PA,1684,0,197,0,0,197,T
3-PA,1685,0,218,0,0,218,T
3-PA,1686,0,0,0,223,223,C
3-PA,1687,0,219,0,0,219,T
3-PA,1688,0,220,0,0,220,T
3-PA,1689,214,0,0,0,214,A
3-PA,1690,0,218,0,0,218,T
3-PA,1691,219,0,0,0,219,A
3-PA,1692,0,224,0,0,224,T
3-PA,1693,0,0,224,0,224,G
3-PA,1694,0,212,0,0,212,T
3-PA,1695,0,2,208,0,210,G
3-PA,1696,209,0,0,0,209,A
3-PA,1697,0,1,210,0,211,G
3-PA,1698,0,0,211,0,211,G
3-PA,1699,211,0,0,0,211,A
3-PA,1700,0,0,0,211,211,C
3-PA,1701,210,0,0,0,210,A
3-PA,1702,209,0,0,0,209,A
3-PA,1703,207,0,0,0,207,A
3-PA,1704,0,0,0,207,207,C
3-PA,1705,0,0,207,0,207,G
3-PA,1706,0,1,210,0,211,G
3-PA,1707,208,0,0,1,209,A
3-PA,1708,206,0,0,1,207,A
3-PA,1709,0,1,0,211,212,C
3-PA,1710,212,0,0,0,212,A
3-PA,1711,0,213,0,0,213,T
3-PA,1712,1,0,0,212,213,C
3-PA,1713,213,0,0,0,213,A
3-PA,1714,212,0,0,0,212,A
3-PA,1715,207,0,0,0,207,A
3-PA,1716,0,2,206,0,208,G
3-PA,1717,1,0,209,0,210,G
3-PA,1718,0,208,0,0,208,T
3-PA,1719,0,0,0,207,207,C
3-PA,1720,207,0,0,0,207,A
3-PA,1721,207,1,0,0,208,A
3-PA,1722,207,0,0,0,207,A
3-PA,1723,209,0,0,0,209,A
3-PA,1724,0,209,0,0,209,T
3-PA,1725,0,1,207,0,208,G
3-PA,1726,208,0,0,0,208,A
3-PA,1727,207,0,0,0,207,A
3-PA,1728,206,0,2,0,208,A
3-PA,1729,0,209,0,0,209,T
3-PA,1730,0,0,209,0,209,G
3-PA,1731,0,0,209,0,209,G
3-PA,1732,0,0,206,0,206,G
3-PA,1733,0,0,206,0,206,G
3-PA,1734,202,1,0,0,203,A
3-PA,1735,202,0,0,0,202,A
3-PA,1736,0,204,0,0,204,T
3-PA,1737,0,1,206,0,207,G
3-PA,1738,0,1,209,0,210,G
3-PA,1739,209,0,0,0,209,A
3-PA,1740,0,0,210,0,210,G
3-PA,1741,209,0,0,0,209,A
3-PA,1742,0,204,0,0,204,T
3-PA,1743,0,1,203,0,204,G
3-PA,1744,204,0,0,0,204,A
3-PA,1745,0,0,207,0,207,G
3-PA,1746,207,0,0,0,207,A
3-PA,1747,0,0,0,202,202,C
3-PA,1748,0,0,201,0,201,G
3-PA,1749,0,199,0,1,200,T
3-PA,1750,0,200,0,0,200,T
3-PA,1751,1,0,200,0,201,G
3-PA,1752,0,0,0,205,205,C
3-PA,1753,0,0,0,206,206,C
3-PA,1754,0,203,0,0,203,T
3-PA,1755,0,0,0,208,208,C
3-PA,1756,1,0,0,206,207,C
3-PA,1757,0,209,0,0,209,T
3-PA,1758,0,207,0,1,208,T
3-PA,1759,0,0,0,209,209,C
3-PA,1760,210,0,0,0,210,A
3-PA,1761,0,0,210,0,210,G
3-PA,1762,0,209,0,0,209,T
3-PA,1763,0,0,0,209,209,C
3-PA,1764,206,0,1,0,207,A
3-PA,1765,0,0,0,222,222,C
3-PA,1766,0,220,0,1,221,T
3-PA,1767,2,0,0,222,224,C
3-PA,1768,0,0,0,225,225,C
3-PA,1769,225,0,1,0,226,A
3-PA,1770,0,0,226,0,226,G
3-PA,1771,0,0,0,227,227,C
3-PA,1772,228,0,0,0,228,A
3-PA,1773,0,0,226,0,226,G
3-PA,1774,220,0,0,0,220,A
3-PA,1775,0,220,0,0,220,T
3-PA,1776,1,0,0,217,218,C
3-PA,1777,0,0,218,0,218,G
3-PA,1778,219,0,1,0,220,A
3-PA,1779,0,1,219,0,220,G
3-PA,1780,219,0,0,0,219,A
3-PA,1781,0,0,221,0,221,G
3-PA,1782,0,0,0,214,214,C
3-PA,1783,214,0,0,0,214,A
3-PA,1784,0,214,0,0,214,T
3-PA,1785,0,0,219,0,219,G
3-PA,1786,221,0,0,0,221,A
3-PA,1787,0,221,0,0,221,T
3-PA,1788,0,220,0,0,220,T
3-PA,1789,0,0,220,0,220,G
3-PA,1790,219,0,0,0,219,A
3-PA,1791,219,0,0,0,219,A
3-PA,1792,0,0,219,0,219,G
3-PA,1793,0,0,0,220,220,C
3-PA,1794,0,0,0,217,217,C
3-PA,1795,0,0,216,0,216,G
3-PA,1796,216,0,0,0,216,A
3-PA,1797,0,0,217,0,217,G
3-PA,1798,0,216,0,0,216,T
3-PA,1799,2,0,0,214,216,C
3-PA,1800,0,0,0,217,217,C
3-PA,1801,0,217,0,0,217,T
3-PA,1802,0,1,0,218,219,C
3-PA,1803,0,0,219,0,219,G
3-PA,1804,0,0,222,0,222,G
3-PA,1805,0,221,0,0,221,T
3-PA,1806,0,219,0,0,219,T
3-PA,1807,219,0,0,0,219,A
3-PA,1808,220,0,0,0,220,A
3-PA,1809,220,0,0,0,220,A
3-PA,1810,0,0,221,0,221,G
3-PA,1811,219,0,0,0,219,A
3-PA,1812,0,1,220,0,221,G
3-PA,1813,213,0,0,0,213,A
3-PA,1814,213,0,0,0,213,A
3-PA,1815,213,0,0,0,213,A
3-PA,1816,0,0,214,0,214,G
3-PA,1817,211,0,1,0,212,A
3-PA,1818,0,0,0,211,211,C
3-PA,1819,206,0,0,0,206,A
3-PA,1820,0,203,0,2,205,T
3-PA,1821,0,0,206,0,206,G
3-PA,1822,206,0,1,0,207,A
3-PA,1823,0,0,0,205,205,C
3-PA,1824,0,0,0,205,205,C
3-PA,1825,199,0,0,0,199,A
3-PA,1826,199,0,0,0,199,A
3-PA,1827,198,0,0,0,198,A
3-PA,1828,0,0,199,0,199,G
3-PA,1829,198,0,0,0,198,A
3-PA,1830,0,0,199,0,199,G
3-PA,1831,0,193,0,1,194,T
3-PA,1832,0,193,0,0,193,T
3-PA,1833,0,193,0,1,194,T
3-PA,1834,0,193,0,0,193,T
3-PA,1835,0,193,0,0,193,T
3-PA,1836,0,193,0,0,193,T
3-PA,1837,0,0,192,0,192,G
3-PA,1838,189,0,0,0,189,A
3-PA,1839,0,0,191,0,191,G
3-PA,1840,190,0,1,0,191,A
3-PA,1841,191,0,0,0,191,A
3-PA,1842,0,190,0,0,190,T
3-PA,1843,191,0,0,0,191,A
3-PA,1844,199,0,0,0,199,A
3-PA,1845,199,0,0,0,199,A
3-PA,1846,0,199,0,0,199,T
3-PA,1847,1,0,0,199,200,C
3-PA,1848,199,0,1,0,200,A
3-PA,1849,0,0,200,0,200,G
3-PA,1850,198,1,1,0,200,A
3-PA,1851,201,0,0,0,201,A
3-PA,1852,0,0,201,0,201,G
3-PA,1853,0,0,0,197,197,C
3-PA,1854,196,0,0,0,196,A
3-PA,1855,0,196,0,0,196,T
3-PA,1856,0,0,196,0,196,G
3-PA,1857,0,0,198,0,198,G
3-PA,1858,1,0,0,196,197,C
3-PA,1859,0,0,0,199,199,C
3-PA,1860,0,0,0,200,200,C
3-PA,1861,211,1,0,0,212,A
3-PA,1862,0,212,0,0,212,T
3-PA,1863,0,212,0,0,212,T
3-PA,1864,1,0,212,0,213,G
3-PA,1865,0,0,214,0,214,G
3-PA,1866,0,0,212,0,212,G
3-PA,1867,0,2,211,0,213,G
3-PA,1868,204,0,0,0,204,A
3-PA,1869,0,0,207,0,207,G
3-PA,1870,0,201,0,0,201,T
3-PA,1871,0,1,0,200,201,C
3-PA,1872,0,0,0,211,211,C
3-PA,1873,1,0,0,210,211,C
3-PA,1874,0,0,0,210,210,C
3-PA,1875,1,0,0,208,209,C
3-PA,1876,211,0,0,0,211,A
3-PA,1877,211,0,0,0,211,A
3-PA,1878,0,0,210,0,210,G
3-PA,1879,0,0,211,0,211,G
3-PA,1880,0,1,210,0,211,G
3-PA,1881,194,0,0,0,194,A
3-PA,1882,0,0,196,0,196,G
3-PA,1883,0,195,0,0,195,T
3-PA,1884,0,0,196,0,196,G
3-PA,1885,0,0,199,0,199,G
3-PA,1886,198,0,0,0,198,A
3-PA,1887,198,0,1,0,199,A
3-PA,1888,0,1,197,0,198,G
3-PA,1889,196,0,0,0,196,A
3-PA,1890,198,0,0,0,198,A
3-PA,1891,0,1,193,0,194,G
3-PA,1892,0,0,195,0,195,G
3-PA,1893,0,192,0,0,192,T
3-PA,1894,0,193,0,0,193,T
3-PA,1895,0,0,0,195,195,C
3-PA,1896,1,0,0,194,195,C
3-PA,1897,194,0,0,0,194,A
3-PA,1898,0,197,0,0,197,T
3-PA,1899,3,194,0,0,197,T
3-PA,1900,0,1,199,0,200,G
3-PA,1901,0,0,200,0,200,G
3-PA,1902,0,0,199,0,199,G
3-PA,1903,198,0,0,0,198,A
3-PA,1904,200,0,0,0,200,A
3-PA,1905,199,0,0,0,199,A
3-PA,1906,0,0,200,0,200,G
3-PA,1907,0,199,0,0,199,T
3-PA,1908,1,0,0,202,203,C
3-PA,1909,0,203,0,0,203,T
3-PA,1910,0,0,204,0,204,G
3-PA,1911,0,204,0,0,204,T
3-PA,1912,203,0,0,0,203,A
3-PA,1913,0,0,206,0,206,G
3-PA,1914,0,4,202,0,206,G
3-PA,1915,200,1,0,0,201,A
3-PA,1916,0,0,0,202,202,C
3-PA,1917,0,202,0,0,202,T
3-PA,1918,3,0,0,206,209,C
3-PA,1919,0,210,0,0,210,T
3-PA,1920,210,0,0,0,210,A
3-PA,1921,0,210,0,0,210,T
3-PA,1922,0,209,0,0,209,T
3-PA,1923,1,1,209,0,211,G
3-PA,1924,0,0,211,0,211,G
3-PA,1925,1,0,1,207,209,C
3-PA,1926,0,207,0,0,207,T
3-PA,1927,190,0,0,0,190,A
3-PA,1928,191,0,0,0,191,A
3-PA,1929,0,0,193,0,193,G
3-PA,1930,0,190,0,0,190,T
3-PA,1931,2,0,0,189,191,C
3-PA,1932,184,0,0,0,184,A
3-PA,1933,0,0,192,0,192,G
3-PA,1934,0,191,0,0,191,T
3-PA,1935,200,0,0,0,200,A
3-PA,1936,0,201,0,1,202,T
3-PA,1937,0,203,0,0,203,T
3-PA,1938,0,0,0,202,202,C
3-PA,1939,196,0,1,0,197,A
3-PA,1940,197,0,0,0,197,A
3-PA,1941,0,196,0,0,196,T
3-PA,1942,193,0,0,0,193,A
3-PA,1943,0,0,193,0,193,G
3-PA,1944,0,0,0,187,187,C
3-PA,1945,0,0,0,187,187,C
3-PA,1946,0,186,0,0,186,T
3-PA,1947,0,0,191,0,191,G
3-PA,1948,0,189,0,0,189,T
3-PA,1949,191,0,0,0,191,A
3-PA,1950,0,191,0,0,191,T
3-PA,1951,0,0,188,0,188,G
3-PA,1952,0,1,0,184,185,C
3-PA,1953,184,0,0,0,184,A
3-PA,1954,0,181,0,0,181,T
3-PA,1955,0,0,0,182,182,C
3-PA,1956,177,0,0,0,177,A
3-PA,1957,0,0,0,179,179,C
3-PA,1958,0,0,0,176,176,C
3-PA,1959,177,0,0,0,177,A
3-PA,1960,0,0,0,176,176,C
3-PA,1961,175,0,0,0,175,A
3-PA,1962,177,0,0,0,177,A
3-PA,1963,0,175,0,0,175,T
3-PA,1964,0,176,0,0,176,T
3-PA,1965,0,0,176,0,176,G
3-PA,1966,0,0,173,0,173,G
3-PA,1967,173,0,0,0,173,A
3-PA,1968,172,0,0,0,172,A
3-PA,1969,0,0,171,0,171,G
3-PA,1970,0,0,170,0,170,G
3-PA,1971,171,0,0,0,171,A
3-PA,1972,1,169,0,0,170,T
3-PA,1973,0,171,0,0,171,T
3-PA,1974,0,170,0,1,171,T
3-PA,1975,0,170,0,0,170,T
3-PA,1976,0,0,0,171,171,C
3-PA,1977,171,0,0,0,171,A
3-PA,1978,0,0,168,0,168,G
3-PA,1979,0,0,0,169,169,C
3-PA,1980,0,0,170,0,170,G
3-PA,1981,0,0,170,0,170,G
3-PA,1982,169,0,0,0,169,A
3-PA,1983,0,0,172,0,172,G
3-PA,1984,0,172,0,0,172,T
3-PA,1985,0,0,0,172,172,C
3-PA,1986,172,0,0,0,172,A
3-PA,1987,173,0,0,0,173,A
3-PA,1988,0,1,172,0,173,G
3-PA,1989,171,1,0,0,172,A
3-PA,1990,173,0,0,0,173,A
3-PA,1991,172,0,0,0,172,A
3-PA,1992,172,0,0,0,172,A
3-PA,1993,0,0,0,171,171,C
3-PA,1994,0,169,0,0,169,T
3-PA,1995,0,0,171,0,171,G
3-PA,1996,0,0,0,170,170,C
3-PA,1997,0,171,0,0,171,T
3-PA,1998,1,0,0,170,171,C
3-PA,1999,0,0,0,170,170,C
3-PA,2000,0,174,0,0,174,T
3-PA,2001,0,174,0,1,175,T
3-PA,2002,0,0,174,0,174,G
3-PA,2003,0,175,0,0,175,T
3-PA,2004,0,175,0,0,175,T
3-PA,2005,0,0,177,0,177,G
3-PA,2006,0,176,0,0,176,T
3-PA,2007,0,176,0,0,176,T
3-PA,2008,1,0,0,173,174,C
3-PA,2009,170,0,0,0,170,A
3-PA,2010,0,0,169,0,169,G
3-PA,2011,0,0,169,0,169,G
3-PA,2012,0,0,0,171,171,C
3-PA,2013,0,167,0,0,167,T
3-PA,2014,0,0,0,173,173,C
3-PA,2015,0,171,0,0,171,T
3-PA,2016,0,171,0,0,171,T
3-PA,2017,170,0,0,0,170,A
3-PA,2018,0,0,170,0,170,G
3-PA,2019,0,1,168,0,169,G
3-PA,2020,1,0,169,0,170,G
3-PA,2021,166,0,0,0,166,A
3-PA,2022,0,0,0,166,166,C
3-PA,2023,151,0,0,0,151,A
3-PA,2024,152,0,0,0,152,A
3-PA,2025,0,0,0,151,151,C
3-PA,2026,0,0,1,151,152,C
3-PA,2027,0,152,0,0,152,T
3-PA,2028,1,0,0,149,150,C
3-PA,2029,0,1,149,0,150,G
3-PA,2030,150,0,0,0,150,A
3-PA,2031,152,0,0,0,152,A
3-PA,2032,0,0,0,152,152,C
3-PA,2033,0,0,0,146,146,C
3-PA,2034,1,145,0,0,146,T
3-PA,2035,0,1,145,0,146,G
3-PA,2036,0,0,145,1,146,G
3-PA,2037,0,0,145,0,145,G
3-PA,2038,145,0,1,0,146,A
3-PA,2039,0,0,0,143,143,C
3-PA,2040,0,0,0,141,141,C
3-PA,2041,0,139,0,0,139,T
3-PA,2042,0,138,1,0,139,T
3-PA,2043,0,139,0,0,139,T
3-PA,2044,0,2,139,0,141,G
3-PA,2045,141,0,0,0,141,A
3-PA,2046,0,141,0,1,142,T
3-PA,2047,1,0,0,142,143,C
3-PA,2048,0,140,0,0,140,T
3-PA,2049,0,140,0,0,140,T
3-PA,2050,0,2,138,0,140,G
3-PA,2051,0,0,139,0,139,G
3-PA,2052,0,0,139,0,139,G
3-PA,2053,0,1,136,0,137,G
3-PA,2054,0,0,133,0,133,G
3-PA,2055,0,0,135,0,135,G
3-PA,2056,0,0,0,134,134,C
3-PA,2057,0,136,0,0,136,T
3-PA,2058,141,0,0,0,141,A
3-PA,2059,0,141,0,0,141,T
3-PA,2060,141,0,0,0,141,A
3-PA,2061,0,140,0,0,140,T
3-PA,2062,0,1,128,0,129,G
3-PA,2063,129,0,0,0,129,A
3-PA,2064,126,0,0,0,126,A
3-PA,2065,0,0,125,0,125,G
3-PA,2066,0,0,0,124,124,C
3-PA,2067,116,0,0,0,116,A
3-PA,2068,119,0,0,0,119,A
3-PA,2069,0,119,0,0,119,T
3-PA,2070,0,119,0,0,119,T
3-PA,2071,0,1,118,0,119,G
3-PA,2072,118,0,0,0,118,A
3-PA,2073,1,0,117,0,118,G
3-PA,2074,0,0,118,0,118,G
3-PA,2075,114,0,0,0,114,A
3-PA,2076,0,0,114,0,114,G
3-PA,2077,0,103,0,0,103,T
3-PA,2078,0,0,103,0,103,G
3-PA,2079,1,0,0,102,103,C
3-PA,2080,0,0,0,101,101,C
3-PA,2081,0,101,0,0,101,T
3-PA,2082,0,0,100,0,100,G
3-PA,2083,100,0,0,0,100,A
3-PA,2084,0,99,0,0,99,T
3-PA,2085,0,92,0,0,92,T
3-PA,2086,91,0,0,0,91,A
3-PA,2087,91,0,0,0,91,A
3-PA,2088,0,89,0,0,89,T
3-PA,2089,0,0,90,0,90,G
3-PA,2090,90,0,0,0,90,A
3-PA,2091,0,85,0,0,85,T
3-PA,2092,0,0,0,86,86,C
3-PA,2093,0,0,0,84,84,C
3-PA,2094,0,0,0,83,83,C
3-PA,2095,0,83,0,0,83,T
3-PA,2096,0,0,83,0,83,G
3-PA,2097,0,1,82,0,83,G
3-PA,2098,0,0,85,0,85,G
3-PA,2099,0,85,0,0,85,T
3-PA,2100,0,80,0,0,80,T
3-PA,2101,0,80,0,0,80,T
3-PA,2102,0,80,0,0,80,T
3-PA,2103,0,0,82,0,82,G
3-PA,2104,0,0,0,82,82,C
3-PA,2105,0,80,0,1,81,T
3-PA,2106,2,0,0,81,83,C
3-PA,2107,82,0,0,0,82,A
3-PA,2108,82,0,0,0,82,A
3-PA,2109,0,82,0,0,82,T
3-PA,2110,0,0,82,0,82,G
3-PA,2111,0,0,0,82,82,C
3-PA,2112,0,0,80,0,80,G
3-PA,2113,0,80,0,0,80,T
3-PA,2114,0,0,0,80,80,C
3-PA,2115,0,79,0,0,79,T
3-PA,2116,0,78,0,1,79,T
3-PA,2117,0,0,79,0,79,G
3-PA,2118,0,0,81,0,81,G
3-PA,2119,0,81,0,0,81,T
3-PA,2120,0,81,0,0,81,T
3-PA,2121,1,0,0,79,80,C
3-PA,2122,79,0,0,0,79,A
3-PA,2123,79,0,0,0,79,A
3-PA,2124,0,0,0,79,79,C
3-PA,2125,0,79,0,0,79,T
3-PA,2126,0,0,0,79,79,C
3-PA,2127,0,0,0,75,75,C
3-PA,2128,0,73,0,0,73,T
3-PA,2129,0,74,0,0,74,T
3-PA,2130,0,0,0,73,73,C
3-PA,2131,0,0,0,73,73,C
3-PA,2132,0,70,0,0,70,T
3-PA,2133,0,0,70,0,70,G
3-PA,2134,70,0,0,0,70,A
3-PA,2135,0,0,0,69,69,C
3-PA,2136,65,0,0,0,65,A
3-PA,2137,0,0,0,60,60,C
3-PA,2138,59,0,0,0,59,A
3-PA,2139,0,57,0,0,57,T
3-PA,2140,0,0,56,0,56,G
3-PA,2141,0,0,0,56,56,C
3-PA,2142,56,0,0,0,56,A
3-PA,2143,0,56,0,0,56,T
3-PA,2144,0,54,0,0,54,T
3-PA,2145,54,0,0,0,54,A
3-PA,2146,54,0,0,0,54,A
3-PA,2147,54,0,0,0,54,A
3-PA,2148,54,0,0,0,54,A
3-PA,2149,0,53,0,0,53,T
3-PA,2150,41,0,0,0,41,A
3-PA,2151,0,0,41,0,41,G
4-HA,1,408,0,0,0,408,A
4-HA,2,0,409,0,0,409,T
4-HA,3,0,0,420,0,420,G
4-HA,4,423,0,0,0,423,A
4-HA,5,428,0,0,0,428,A
4-HA,6,0,2,451,0,453,G
4-HA,7,452,0,0,0,452,A
4-HA,8,0,1,0,493,494,C
4-HA,9,0,502,0,0,502,T
4-HA,10,513,0,0,0,513,A
4-HA,11,0,536,0,0,536,T
4-HA,12,0,0,1,538,539,C
4-HA,13,539,0,0,0,539,A
4-HA,14,0,540,0,0,540,T
4-HA,15,0,538,0,1,539,T
4-HA,16,0,0,581,0,581,G
4-HA,17,0,0,0,585,585,C
4-HA,18,0,585,0,0,585,T
4-HA,19,0,586,0,0,586,T
4-HA,20,0,586,0,1,587,T
4-HA,21,0,4,626,0,630,G
4-HA,22,636,0,0,0,636,A
4-HA,23,0,0,654,0,654,G
4-HA,24,0,0,0,661,661,C
4-HA,25,0,661,0,0,661,T
4-HA,26,709,0,0,0,709,A
4-HA,27,1,0,0,717,718,C
4-HA,28,738,0,1,0,739,A
4-HA,29,0,777,0,0,777,T
4-HA,30,0,775,0,0,775,T
4-HA,31,2,0,0,781,783,C
4-HA,32,0,786,0,0,786,T
4-HA,33,799,0,1,0,800,A
4-HA,34,0,803,0,0,803,T
4-HA,35,0,1,805,0,806,G
4-HA,36,0,804,0,0,804,T
4-HA,37,0,0,0,803,803,C
4-HA,38,1,796,0,0,797,T
4-HA,39,0,2,795,0,797,G
4-HA,40,0,0,799,0,799,G
4-HA,41,0,800,0,0,800,T
4-HA,42,0,797,0,0,797,T
4-HA,43,0,797,0,1,798,T
4-HA,44,0,798,0,0,798,T
4-HA,45,1,0,0,795,796,C
4-HA,46,0,2,793,0,795,G
4-HA,47,0,0,0,810,810,C
4-HA,48,0,808,0,1,809,T
4-HA,49,1,1,0,811,813,C
4-HA,50,812,0,0,1,813,A
4-HA,51,817,0,0,0,817,A
4-HA,52,818,0,0,0,818,A
4-HA,53,817,0,0,0,817,A
4-HA,54,815,0,0,1,816,A
4-HA,55,0,1,0,829,830,C
4-HA,56,0,828,0,0,828,T
4-HA,57,0,832,0,0,832,T
4-HA,58,3,0,0,826,829,C
4-HA,59,2,0,0,827,829,C
4-HA,60,0,829,0,0,829,T
4-HA,61,1,0,841,0,842,G
4-HA,62,0,2,841,0,843,G
4-HA,63,841,0,2,0,843,A
4-HA,64,852,1,1,0,854,A
4-HA,65,852,0,0,0,852,A
4-HA,66,1,865,0,0,866,T
4-HA,67,0,6,870,0,876,G
4-HA,68,872,0,2,0,874,A
4-HA,69,0,0,0,892,892,C
4-HA,70,886,0,1,0,887,A
4-HA,71,884,0,1,0,885,A
4-HA,72,1,1,0,908,910,C
4-HA,73,901,0,0,0,901,A
4-HA,74,0,0,915,0,915,G
4-HA,75,0,0,0,914,914,C
4-HA,76,917,0,0,0,917,A
4-HA,77,0,1,0,940,941,C
4-HA,78,2,9,928,0,939,G
4-HA,79,1,1,954,0,956,G
4-HA,80,0,0,0,958,958,C
4-HA,81,951,0,0,0,951,A
4-HA,82,964,0,1,0,965,A
4-HA,83,0,1,0,966,967,C
4-HA,84,1,0,985,0,986,G
4-HA,85,0,0,0,988,988,C
4-HA,86,0,978,0,0,978,T
4-HA,87,0,0,1000,0,1000,G
4-HA,88,0,996,0,1,997,T
4-HA,89,0,0,1032,0,1032,G
4-HA,90,1,0,0,1050,1051,C
4-HA,91,2,0,0,1071,1073,C
4-HA,92,0,1074,1,0,1075,T
4-HA,93,0,1074,0,0,1074,T
4-HA,94,1,2,1074,0,1077,G
4-HA,95,0,6,1081,0,1087,G
4-HA,96,0,1,1098,0,1099,G
4-HA,97,1,0,0,1107,1108,C
4-HA,98,1106,0,0,0,1106,A
4-HA,99,2,0,0,1111,1113,C
4-HA,100,4,0,1,1105,1110,C
4-HA,101,1202,0,1,0,1203,A
4-HA,102,0,1206,0,0,1206,T
4-HA,103,0,1,1211,0,1212,G
4-HA,104,0,1,0,1211,1212,C
4-HA,105,1198,0,2,1,1201,A
4-HA,106,0,1,1285,0,1286,G
4-HA,107,0,1285,0,0,1285,T
4-HA,108,1303,0,0,0,1303,A
4-HA,109,2,0,0,1302,1304,C
4-HA,110,2,0,0,1268,1270,C
4-HA,111,1280,0,0,0,1280,A
4-HA,112,1280,0,0,0,1280,A
4-HA,113,1280,0,0,0,1280,A
4-HA,114,1,4,0,1278,1283,C
4-HA,115,0,8,1253,0,1261,G
4-HA,116,0,6,1277,0,1283,G
4-HA,117,1279,1,2,0,1282,A
4-HA,118,1286,0,2,0,1288,A
4-HA,119,0,0,0,1290,1290,C
4-HA,120,0,1,1281,0,1282,G
4-HA,121,0,2,1279,0,1281,G
4-HA,122,1,1333,0,2,1336,T
4-HA,123,1349,0,0,0,1349,A
4-HA,124,0,2,1349,0,1351,G
4-HA,125,0,1338,0,0,1338,T
4-HA,126,0,4,1341,0,1345,G
4-HA,127,1343,0,0,0,1343,A
4-HA,128,1341,0,0,0,1341,A
4-HA,129,1346,0,1,0,1347,A
4-HA,130,1324,0,0,1,1325,A
4-HA,131,1,1,0,1335,1337,C
4-HA,132,1332,1,0,0,1333,A
4-HA,133,1334,0,0,1,1335,A
4-HA,134,0,1334,0,1,1335,T
4-HA,135,1,0,0,1333,1334,C
4-HA,136,1331,1,3,0,1335,A
4-HA,137,3,1,0,1337,1341,C
4-HA,138,0,14,1323,0,1337,G
4-HA,139,1334,1,1,0,1336,A
4-HA,140,1333,1,0,0,1334,A
4-HA,141,1,1333,1,0,1335,T
4-HA,142,1,6,1328,0,1335,G
4-HA,143,1335,0,2,0,1337,A
4-HA,144,1,0,0,1336,1337,C
4-HA,145,4,2,0,1331,1337,C
4-HA,146,1345,0,0,0,1345,A
4-HA,147,1354,0,0,0,1354,A
4-HA,148,1351,1,0,0,1352,A
4-HA,149,0,1354,0,0,1354,T
4-HA,150,0,1349,0,0,1349,T
4-HA,151,0,5,1352,0,1357,G
4-HA,152,1344,0,2,0,1346,A
4-HA,153,1349,1,3,0,1353,A
4-HA,154,0,1,1357,1,1359,G
4-HA,155,0,1357,0,1,1358,T
4-HA,156,0,1390,0,1,1391,T
4-HA,157,1398,0,2,0,1400,A
4-HA,158,1,0,0,1406,1407,C
4-HA,159,0,1412,1,0,1413,T
4-HA,160,1408,0,2,0,1410,A
4-HA,161,1434,0,1,0,1435,A
4-HA,162,0,1435,0,1,1436,T
4-HA,163,0,1,1438,0,1439,G
4-HA,164,2,0,0,1487,1489,C
4-HA,165,0,1484,0,0,1484,T
4-HA,166,1492,0,0,0,1492,A
4-HA,167,3,0,0,1489,1492,C
4-HA,168,0,1484,0,1,1485,T
4-HA,169,0,10,1483,0,1493,G
4-HA,170,1477,0,1,0,1478,A
4-HA,171,0,1,1489,0,1490,G
4-HA,172,1,1,0,1485,1487,C
4-HA,173,0,1467,1,1,1469,T
4-HA,174,0,3,1512,0,1515,G
4-HA,175,0,1,1535,0,1536,G
4-HA,176,0,1534,0,2,1536,T
4-HA,177,1,1541,0,1,1543,T
4-HA,178,3,0,0,1538,1541,C
4-HA,179,1539,0,0,0,1539,A
4-HA,180,0,4,1547,0,1551,G
4-HA,181,1545,0,1,0,1546,A
4-HA,182,0,1,1569,0,1570,G
4-HA,183,0,1571,0,0,1571,T
4-HA,184,0,1561,0,0,1561,T
4-HA,185,9,1,0,1573,1583,C
4-HA,186,2,1,0,1580,1583,C
4-HA,187,0,1573,1,2,1576,T
4-HA,188,6,1,0,1578,1585,C
4-HA,189,1581,0,1,1,1583,A
4-HA,190,1587,2,1,0,1590,A
4-HA,191,1,0,0,1600,1601,C
4-HA,192,1575,0,1,0,1576,A
4-HA,193,0,1,1599,0,1600,G
4-HA,194,0,1,1594,1,1596,G
4-HA,195,0,1590,0,2,1592,T
4-HA,196,1,12,1585,0,1598,G
4-HA,197,1595,0,2,0,1597,A
4-HA,198,1604,0,0,0,1604,A
4-HA,199,1650,0,0,0,1650,A
4-HA,200,0,1643,0,0,1643,T
4-HA,201,1651,0,0,0,1651,A
4-HA,202,0,1635,0,1,1636,T
4-HA,203,0,0,1635,0,1635,G
4-HA,204,0,0,0,1649,1649,C
4-HA,205,2,9,1639,0,1650,G
4-HA,206,1650,1,0,0,1651,A
4-HA,207,3,1,0,1644,1648,C
4-HA,208,1612,0,0,0,1612,A
4-HA,209,1,2,1709,0,1712,G
4-HA,210,0,1701,0,0,1701,T
4-HA,211,4,0,0,1721,1725,C
4-HA,212,2,4,0,1722,1728,C
4-HA,213,0,1716,0,2,1718,T
4-HA,214,8,0,0,1745,1753,C
4-HA,215,1755,0,0,0,1755,A
4-HA,216,0,1753,0,1,1754,T
4-HA,217,1,0,0,1756,1757,C
4-HA,218,1677,0,1,0,1678,A
4-HA,219,1,3,1678,1,1683,G
4-HA,220,1672,0,0,0,1672,A
4-HA,221,0,1668,0,1,1669,T
4-HA,222,4,0,0,1673,1677,C
4-HA,223,3,0,0,1665,1668,C
4-HA,224,0,1665,1,1,1667,T
4-HA,225,1,1667,0,0,1668,T
4-HA,226,2,3,1660,0,1665,G
4-HA,227,1667,0,0,0,1667,A
4-HA,228,1,1664,0,1,1666,T
4-HA,229,0,6,1665,0,1671,G
4-HA,230,0,10,1663,0,1673,G
4-HA,231,1667,0,4,0,1671,A
4-HA,232,1663,0,0,0,1663,A
4-HA,233,1673,1,1,0,1675,A
4-HA,234,1678,0,0,0,1678,A
4-HA,235,1680,0,0,1,1681,A
4-HA,236,1691,0,0,0,1691,A
4-HA,237,0,0,0,1696,1696,C
4-HA,238,0,1685,0,0,1685,T
4-HA,239,0,2,1694,1,1697,G
4-HA,240,2,2,0,1691,1695,C
4-HA,241,1691,1,4,0,1696,A
4-HA,242,2,0,0,1745,1747,C
4-HA,243,1742,0,0,0,1742,A
4-HA,244,0,0,1,1916,1917,C
4-HA,245,0,1908,0,0,1908,T
4-HA,246,1936,0,0,0,1936,A
4-HA,247,1934,2,1,0,1937,A
4-HA,248,0,1940,0,0,1940,T
4-HA,249,1929,0,0,0,1929,A
4-HA,250,1,8,1928,0,1937,G
4-HA,251,1909,1,1,0,1911,A
4-HA,252,0,1881,1,0,1882,T
4-HA,253,1,5,1789,0,1795,G
4-HA,254,0,0,0,1809,1809,C
4-HA,255,0,1794,0,4,1798,T
4-HA,256,7,1,0,1914,1922,C
4-HA,257,0,1915,0,1,1916,T
4-HA,258,1970,0,2,0,1972,A
4-HA,259,0,1968,0,0,1968,T
4-HA,260,1,1966,0,1,1968,T
4-HA,261,0,9,1972,0,1981,G
4-HA,262,1,9,1967,1,1978,G
4-HA,263,0,7,1979,0,1986,G
4-HA,264,1955,0,4,1,1960,A
4-HA,265,1,4,1931,0,1936,G
4-HA,266,1906,3,2,1,1912,A
4-HA,267,3,0,0,2008,2011,C
4-HA,268,6,2,0,2035,2043,C
4-HA,269,5,1,0,2050,2056,C
4-HA,270,0,2052,0,0,2052,T
4-HA,271,2,0,1,2083,2086,C
4-HA,272,2077,0,2,1,2080,A
4-HA,273,0,0,2196,0,2196,G
4-HA,274,1,2186,0,2,2189,T
4-HA,275,1,5,2203,0,2209,G
4-HA,276,0,2154,0,2,2156,T
4-HA,277,0,10,2137,1,2148,G
4-HA,278,2141,4,2,0,2147,A
4-HA,279,0,2149,0,0,2149,T
4-HA,280,1,5,2133,0,2139,G
4-HA,281,3,3,2133,1,2140,G
4-HA,282,2,1,0,2115,2118,C
4-HA,283,0,2104,0,3,2107,T
4-HA,284,0,2110,0,0,2110,T
4-HA,285,1,1,1,2111,2114,C
4-HA,286,4,1,0,2106,2111,C
4-HA,287,2119,0,1,0,2120,A
4-HA,288,2120,2,0,0,2122,A
4-HA,289,2114,1,2,0,2117,A
4-HA,290,2132,0,3,0,2135,A
4-HA,291,1,2133,0,1,2135,T
4-HA,292,2126,1,0,1,2128,A
4-HA,293,2128,0,1,0,2129,A
4-HA,294,1,8,2132,0,2141,G
4-HA,295,2149,0,2,0,2151,A
4-HA,296,2154,0,0,0,2154,A
4-HA,297,2153,0,1,0,2154,A
4-HA,298,0,2152,0,0,2152,T
4-HA,299,0,11,2142,0,2153,G
4-HA,300,0,4,2155,0,2159,G
4-HA,301,0,8,2153,0,2161,G
4-HA,302,2152,0,6,0,2158,A
4-HA,303,4,1,0,2158,2163,C
4-HA,304,5,1,0,2162,2168,C
4-HA,305,0,2180,0,2,2182,T
4-HA,306,2,2178,0,4,2184,T
4-HA,307,1,2178,0,1,2180,T
4-HA,308,1,2200,0,1,2202,T
4-HA,309,0,2199,1,2,2202,T
4-HA,310,0,0,2212,0,2212,G
4-HA,311,1,2206,1,1,2209,T
4-HA,312,0,2191,0,1,2192,T
4-HA,313,3,16,2171,0,2190,G
4-HA,314,2169,1,2,0,2172,A
4-HA,315,2180,0,1,0,2181,A
4-HA,316,1,0,0,2182,2183,C
4-HA,317,0,6,2170,0,2176,G
4-HA,318,1,0,0,2203,2204,C
4-HA,319,2199,0,4,0,2203,A
4-HA,320,0,2,2214,0,2216,G
4-HA,321,0,0,0,2222,2222,C
4-HA,322,2218,0,4,0,2222,A
4-HA,323,2220,0,2,0,2222,A
4-HA,324,2210,0,5,0,2215,A
4-HA,325,0,1,2296,0,2297,G
4-HA,326,0,1,0,2295,2296,C
4-HA,327,4,0,0,2283,2287,C
4-HA,328,0,2285,0,1,2286,T
4-HA,329,2276,0,4,0,2280,A
4-HA,330,1,1,0,2300,2302,C
4-HA,331,2295,0,0,0,2295,A
4-HA,332,2,2,2303,0,2307,G
4-HA,333,2,1,0,2295,2298,C
4-HA,334,2249,0,0,0,2249,A
4-HA,335,2261,0,0,0,2261,A
4-HA,336,1,0,0,2347,2348,C
4-HA,337,0,2342,0,1,2343,T
4-HA,338,1,1,2350,0,2352,G
4-HA,339,0,2332,0,5,2337,T
4-HA,340,0,2335,1,1,2337,T
4-HA,341,2343,0,0,0,2343,A
4-HA,342,3,2,0,2489,2494,C
4-HA,343,12,2,0,2485,2499,C
4-HA,344,10,0,0,2533,2543,C
4-HA,345,0,2468,0,3,2471,T
4-HA,346,0,2465,0,1,2466,T
4-HA,347,2474,1,0,0,2475,A
4-HA,348,1,2483,0,0,2484,T
4-HA,349,0,4,2472,1,2477,G
4-HA,350,2468,0,1,1,2470,A
4-HA,351,1,2324,0,1,2326,T
4-HA,352,1,1,2342,0,2344,G
4-HA,353,0,2290,0,0,2290,T
4-HA,354,0,0,2287,0,2287,G
4-HA,355,1,1,0,2278,2280,C
4-HA,356,10,1,1,2275,2287,C
4-HA,357,4,6,2321,0,2331,G
4-HA,358,0,4,2359,0,2363,G
4-HA,359,2358,0,1,0,2359,A
4-HA,360,0,2363,0,1,2364,T
4-HA,361,0,2332,0,2,2334,T
4-HA,362,2340,0,1,0,2341,A
4-HA,363,0,2340,0,1,2341,T
4-HA,364,1,3,2347,1,2352,G
4-HA,365,1,1,0,2341,2343,C
4-HA,366,5,0,0,2342,2347,C
4-HA,367,0,2368,1,2,2371,T
4-HA,368,6,0,0,2469,2475,C
4-HA,369,7,0,0,2485,2492,C
4-HA,370,12,0,0,2490,2502,C
4-HA,371,0,2502,0,0,2502,T
4-HA,372,0,2500,0,4,2504,T
4-HA,373,2494,1,2,0,2497,A
4-HA,374,0,5,2543,1,2549,G
4-HA,375,1,5,2547,0,2553,G
4-HA,376,0,2525,0,1,2526,T
4-HA,377,10,3,0,2459,2472,C
4-HA,378,2431,1,2,1,2435,A
4-HA,379,1,0,0,2481,2482,C
4-HA,380,0,2488,0,0,2488,T
4-HA,381,2495,0,1,0,2496,A
4-HA,382,0,0,2496,0,2496,G
4-HA,383,0,2472,0,1,2473,T
4-HA,384,0,2461,2,0,2463,T
4-HA,385,2,2,2475,0,2479,G
4-HA,386,2,1,0,2477,2480,C
4-HA,387,8,0,0,2478,2486,C
4-HA,388,0,2446,1,2,2449,T
4-HA,389,4,0,0,2464,2468,C
4-HA,390,2539,0,0,0,2539,A
4-HA,391,0,2539,0,3,2542,T
4-HA,392,4,0,0,2536,2540,C
4-HA,393,3,2,0,2546,2551,C
4-HA,394,1,7,2529,1,2538,G
4-HA,395,1,0,2553,2,2556,G
4-HA,396,1,2,0,2557,2560,C
4-HA,397,2578,1,0,0,2579,A
4-HA,398,1,3,0,2600,2604,C
4-HA,399,2547,0,0,0,2547,A
4-HA,400,2,0,0,2562,2564,C
4-HA,401,0,2554,0,5,2559,T
4-HA,402,2,6,2567,0,2575,G
4-HA,403,0,5,2594,0,2599,G
4-HA,404,2579,0,3,0,2582,A
4-HA,405,1,1,2613,0,2615,G
4-HA,406,0,2599,0,0,2599,T
4-HA,407,0,2580,0,0,2580,T
4-HA,408,0,2585,0,4,2589,T
4-HA,409,2573,0,0,0,2573,A
4-HA,410,2576,1,1,1,2579,A
4-HA,411,2,1,0,2587,2590,C
4-HA,412,2542,0,2,0,2544,A
4-HA,413,2553,0,2,1,2556,A
4-HA,414,0,2536,0,2,2538,T
4-HA,415,0,2,2537,1,2540,G
4-HA,416,2535,1,2,0,2538,A
4-HA,417,2534,0,0,0,2534,A
4-HA,418,2534,0,4,0,2538,A
4-HA,419,0,3,2545,0,2548,G
4-HA,420,4,1,0,2551,2556,C
4-HA,421,0,2547,0,2,2549,T
4-HA,422,0,2548,0,1,2549,T
4-HA,423,12,1,0,2558,2571,C
4-HA,424,2574,0,1,0,2575,A
4-HA,425,2583,1,2,0,2586,A
4-HA,426,0,2585,0,2,2587,T
4-HA,427,0,2579,0,0,2579,T
4-HA,428,1,10,2611,1,2623,G
4-HA,429,1,7,2655,0,2663,G
4-HA,430,2657,1,1,0,2659,A
4-HA,431,0,2,0,2664,2666,C
4-HA,432,0,2652,0,1,2653,T
4-HA,433,1,5,2650,0,2656,G
4-HA,434,2,15,2653,0,2670,G
4-HA,435,2671,0,1,0,2672,A
4-HA,436,0,1,2677,0,2678,G
4-HA,437,1,2644,0,3,2648,T
4-HA,438,17,1,0,2591,2609,C
4-HA,439,2624,0,1,0,2625,A
4-HA,440,6,3,0,2632,2641,C
4-HA,441,2,2615,0,4,2621,T
4-HA,442,10,3,2,2615,2630,C
4-HA,443,2604,1,0,2,2607,A
4-HA,444,2634,1,0,0,2635,A
4-HA,445,2627,1,0,0,2628,A
4-HA,446,2589,1,36,1,2627,A
4-HA,447,2,2,0,2644,2648,C
4-HA,448,0,11,2601,0,2612,G
4-HA,449,1,14,2634,0,2649,G
4-HA,450,2646,0,0,0,2646,A
4-HA,451,2647,1,4,0,2652,A
4-HA,452,1,3,0,2655,2659,C
4-HA,453,2642,0,0,0,2642,A
4-HA,454,2661,0,4,0,2665,A
4-HA,455,0,0,2679,0,2679,G
4-HA,456,1,0,0,2674,2675,C
4-HA,457,0,2656,0,4,2660,T
4-HA,458,10,1,0,2664,2675,C
4-HA,459,1,2651,0,1,2653,T
4-HA,460,2,1,2662,0,2665,G
4-HA,461,0,1,0,2671,2672,C
4-HA,462,1,2661,0,5,2667,T
4-HA,463,1,2706,0,0,2707,T
4-HA,464,1,1,2754,0,2756,G
4-HA,465,0,2,0,2766,2768,C
4-HA,466,2765,0,0,0,2765,A
4-HA,467,0,2748,0,0,2748,T
4-HA,468,2741,2,3,0,2746,A
4-HA,469,2729,0,0,0,2729,A
4-HA,470,0,7,2716,0,2723,G
4-HA,471,0,11,2717,0,2728,G
4-HA,472,2621,0,3,2,2626,A
4-HA,473,0,11,2580,0,2591,G
4-HA,474,2557,0,3,1,2561,A
4-HA,475,0,2602,0,1,2603,T
4-HA,476,3,0,1,2613,2617,C
4-HA,477,0,2615,0,2,2617,T
4-HA,478,2615,0,0,1,2616,A
4-HA,479,2603,1,1,0,2605,A
4-HA,480,2590,0,2,0,2592,A
4-HA,481,2592,1,1,0,2594,A
4-HA,482,2599,0,1,2,2602,A
4-HA,483,0,0,0,2614,2614,C
4-HA,484,2563,0,0,0,2563,A
4-HA,485,0,2,2574,0,2576,G
4-HA,486,0,2563,1,1,2565,T
4-HA,487,1,2584,0,3,2588,T
4-HA,488,1,2593,1,1,2596,T
4-HA,489,5,0,0,2624,2629,C
4-HA,490,1,2622,0,1,2624,T
4-HA,491,0,2636,0,0,2636,T
4-HA,492,0,2642,0,0,2642,T
4-HA,493,2627,0,2,0,2629,A
4-HA,494,1,4,2625,0,2630,G
4-HA,495,0,2631,0,0,2631,T
4-HA,496,2626,0,0,1,2627,A
4-HA,497,4,4,2627,0,2635,G
4-HA,498,2599,0,0,2,2601,A
4-HA,499,1,2604,0,2,2607,T
4-HA,500,1,2594,0,1,2596,T
4-HA,501,0,11,2627,1,2639,G
4-HA,502,2636,0,0,1,2637,A
4-HA,503,2636,1,0,0,2637,A
4-HA,504,2,2632,0,4,2638,T
4-HA,505,0,2614,0,1,2615,T
4-HA,506,0,6,2624,1,2631,G
4-HA,507,2,5,2618,0,2625,G
4-HA,508,0,2625,0,1,2626,T
4-HA,509,1,2621,1,1,2624,T
4-HA,510,2,15,2571,0,2588,G
4-HA,511,2595,0,0,0,2595,A
4-HA,512,2,1,0,2588,2591,C
4-HA,513,6,2,0,2573,2581,C
4-HA,514,7,1,1,2606,2615,C
4-HA,515,2620,0,1,0,2621,A
4-HA,516,1,0,0,2632,2633,C
4-HA,517,1,2619,1,1,2622,T
4-HA,518,0,2631,0,0,2631,T
4-HA,519,2622,0,0,0,2622,A
4-HA,520,2602,0,2,1,2605,A
4-HA,521,2611,1,1,0,2613,A
4-HA,522,2,0,0,2562,2564,C
4-HA,523,1,2634,0,3,2638,T
4-HA,524,1,2642,0,2,2645,T
4-HA,525,8,0,1,2653,2662,C
4-HA,526,2663,1,1,0,2665,A
4-HA,527,2663,0,0,1,2664,A
4-HA,528,2674,0,0,0,2674,A
4-HA,529,0,2671,0,1,2672,T
4-HA,530,2671,0,0,0,2671,A
4-HA,531,3,0,0,2656,2659,C
4-HA,532,1,2596,0,4,2601,T
4-HA,533,14,0,0,2642,2656,C
4-HA,534,2657,0,1,0,2658,A
4-HA,535,0,0,2773,0,2773,G
4-HA,536,0,0,0,2782,2782,C
4-HA,537,2773,0,1,1,2775,A
4-HA,538,0,2776,0,0,2776,T
4-HA,539,3,2736,0,4,2743,T
4-HA,540,0,14,2828,0,2842,G
4-HA,541,2850,0,2,1,2853,A
4-HA,542,2851,0,4,0,2855,A
4-HA,543,3,1,0,2848,2852,C
4-HA,544,1,1,2777,1,2780,G
4-HA,545,1,2773,0,0,2774,T
4-HA,546,0,11,2764,0,2775,G
4-HA,547,2776,1,5,0,2782,A
4-HA,548,2,0,0,2784,2786,C
4-HA,549,1,2693,0,1,2695,T
4-HA,550,2742,1,0,0,2743,A
4-HA,551,0,2732,0,3,2735,T
4-HA,552,1,2,2752,1,2756,G
4-HA,553,4,0,0,2745,2749,C
4-HA,554,8,1,0,2720,2729,C
4-HA,555,2731,0,0,0,2731,A
4-HA,556,2730,0,1,0,2731,A
4-HA,557,2766,0,2,2,2770,A
4-HA,558,1,1,0,2775,2777,C
4-HA,559,2698,2,1,0,2701,A
4-HA,560,2716,1,0,0,2717,A
4-HA,561,0,2692,0,0,2692,T
4-HA,562,0,25,2674,0,2699,G
4-HA,563,2686,0,0,0,2686,A
4-HA,564,2685,1,4,0,2690,A
4-HA,565,4,1,0,2632,2637,C
4-HA,566,2654,0,1,0,2655,A
4-HA,567,2672,0,0,0,2672,A
4-HA,568,0,2664,0,0,2664,T
4-HA,569,1,2663,0,0,2664,T
4-HA,570,1,2663,0,1,2665,T
4-HA,571,1,18,2649,0,2668,G
4-HA,572,2663,3,3,0,2669,A
4-HA,573,1,0,1,2667,2669,C
4-HA,574,2659,0,2,1,2662,A
4-HA,575,2672,0,0,0,2672,A
4-HA,576,2704,0,0,0,2704,A
4-HA,577,0,2713,0,0,2713,T
4-HA,578,0,2710,0,0,2710,T
4-HA,579,0,0,2729,0,2729,G
4-HA,580,1,2720,0,1,2722,T
4-HA,581,2728,1,3,0,2732,A
4-HA,582,1,2,0,2773,2776,C
4-HA,583,2763,0,0,0,2763,A
4-HA,584,0,2809,0,0,2809,T
4-HA,585,1,2780,0,1,2782,T
4-HA,586,0,2777,0,0,2777,T
4-HA,587,1,7,2752,0,2760,G
4-HA,588,1,8,2742,0,2751,G
4-HA,589,0,13,2741,0,2754,G
4-HA,590,0,10,2743,2,2755,G
4-HA,591,0,7,2707,0,2714,G
4-HA,592,1,1,2763,0,2765,G
4-HA,593,0,2716,1,2,2719,T
4-HA,594,0,2722,0,1,2723,T
4-HA,595,11,1,0,2721,2733,C
4-HA,596,2736,0,5,0,2741,A
4-HA,597,2,1,0,2755,2758,C
4-HA,598,6,0,0,2745,2751,C
4-HA,599,2762,0,2,1,2765,A
4-HA,600,4,0,0,2772,2776,C
4-HA,601,4,1,0,2739,2744,C
4-HA,602,10,2,0,2709,2721,C
4-HA,603,1,9,2719,1,2730,G
4-HA,604,7,4,2774,0,2785,G
4-HA,605,1,5,2784,0,2790,G
4-HA,606,1,2778,0,2,2781,T
4-HA,607,2777,2,1,0,2780,A
4-HA,608,0,5,0,2758,2763,C
4-HA,609,0,9,2711,0,2720,G
4-HA,610,0,8,2747,1,2756,G
4-HA,611,2766,0,0,0,2766,A
4-HA,612,1,3,0,2749,2753,C
4-HA,613,2686,0,0,0,2686,A
4-HA,614,2676,1,0,1,2678,A
4-HA,615,2670,0,3,0,2673,A
4-HA,616,1,13,2708,1,2723,G
4-HA,617,2722,0,3,1,2726,A
4-HA,618,2,1,0,2713,2716,C
4-HA,619,16,1,0,2670,2687,C
4-HA,620,2694,1,0,0,2695,A
4-HA,621,2691,0,1,0,2692,A
4-HA,622,2715,0,3,2,2720,A
4-HA,623,1,2712,1,0,2714,T
4-HA,624,6,0,0,2728,2734,C
4-HA,625,1,2686,0,1,2688,T
4-HA,626,0,2693,0,0,2693,T
4-HA,627,12,0,0,2694,2706,C
4-HA,628,8,1,0,2715,2724,C
4-HA,629,0,2713,0,5,2718,T
4-HA,630,1,2,2743,0,2746,G
4-HA,631,1,2699,0,2,2702,T
4-HA,632,2731,0,1,0,2732,A
4-HA,633,0,2718,0,1,2719,T
4-HA,634,0,1,2734,0,2735,G
4-HA,635,6,0,0,2742,2748,C
4-HA,636,0,2738,0,3,2741,T
4-HA,637,11,2,2,2719,2734,C
4-HA,638,2726,0,2,0,2728,A
4-HA,639,2730,0,2,0,2732,A
4-HA,640,0,0,2737,0,2737,G
4-HA,641,4,1,0,2747,2752,C
4-HA,642,2753,2,2,0,2757,A
4-HA,643,0,2737,0,1,2738,T
4-HA,644,9,1,0,2715,2725,C
4-HA,645,2719,0,3,0,2722,A
4-HA,646,0,2,2748,0,2750,G
4-HA,647,0,7,2749,0,2756,G
4-HA,648,2746,1,3,0,2750,A
4-HA,649,2732,0,3,1,2736,A
4-HA,650,0,10,2747,1,2758,G
4-HA,651,2753,0,3,0,2756,A
4-HA,652,2792,0,0,0,2792,A
4-HA,653,3,2804,0,2,2809,T
4-HA,654,13,1,1,2791,2806,C
4-HA,655,2797,1,3,0,2801,A
4-HA,656,4,0,0,2801,2805,C
4-HA,657,2786,0,1,0,2787,A
4-HA,658,2,3,2830,0,2835,G
4-HA,659,1,2793,0,1,2795,T
4-HA,660,13,0,0,2795,2808,C
4-HA,661,0,2765,0,2,2767,T
4-HA,662,7,1,0,2803,2811,C
4-HA,663,0,2817,0,1,2818,T
4-HA,664,2840,1,1,0,2842,A
4-HA,665,1,0,0,2836,2837,C
4-HA,666,5,2,0,2824,2831,C
4-HA,667,2788,1,1,0,2790,A
4-HA,668,2788,0,0,0,2788,A
4-HA,669,2774,1,0,1,2776,A
4-HA,670,2768,0,3,1,2772,A
4-HA,671,0,3,2768,0,2771,G
4-HA,672,2711,0,4,0,2715,A
4-HA,673,2709,0,0,0,2709,A
4-HA,674,0,1,2716,0,2717,G
4-HA,675,2,1,0,2708,2711,C
4-HA,676,11,2,0,2708,2721,C
4-HA,677,2718,2,1,0,2721,A
4-HA,678,2729,1,3,0,2733,A
4-HA,679,1,0,0,2735,2736,C
4-HA,680,2732,0,1,0,2733,A
4-HA,681,2727,1,0,1,2729,A
4-HA,682,2723,0,1,0,2724,A
4-HA,683,3,0,0,2777,2780,C
4-HA,684,3,2760,0,0,2763,T
4-HA,685,0,2,2775,0,2777,G
4-HA,686,0,2764,1,2,2767,T
4-HA,687,2763,0,1,0,2764,A
4-HA,688,2770,0,2,0,2772,A
4-HA,689,0,2752,0,3,2755,T
4-HA,690,11,0,0,2775,2786,C
4-HA,691,7,1,0,2777,2785,C
4-HA,692,15,1,0,2735,2751,C
4-HA,693,2,9,2745,0,2756,G
4-HA,694,2753,0,2,0,2755,A
4-HA,695,2757,0,2,0,2759,A
4-HA,696,0,2769,0,1,2770,T
4-HA,697,2770,1,1,0,2772,A
4-HA,698,1,2762,0,2,2765,T
4-HA,699,6,1,0,2741,2748,C
4-HA,700,4,6,2734,0,2744,G
4-HA,701,1,7,2812,0,2820,G
4-HA,702,2816,1,0,0,2817,A
4-HA,703,0,2839,0,1,2840,T
4-HA,704,6,0,0,2842,2848,C
4-HA,705,2,2838,0,2,2842,T
4-HA,706,2835,0,3,0,2838,A
4-HA,707,0,5,2852,0,2857,G
4-HA,708,2869,0,5,0,2874,A
4-HA,709,1,1,0,2857,2859,C
4-HA,710,10,0,0,2786,2796,C
4-HA,711,11,1,1,2781,2794,C
4-HA,712,2780,0,0,1,2781,A
4-HA,713,1,5,2915,0,2921,G
4-HA,714,2922,0,2,0,2924,A
4-HA,715,2,4,2943,0,2949,G
4-HA,716,0,2923,1,1,2925,T
4-HA,717,2889,0,1,1,2891,A
4-HA,718,2886,1,2,0,2889,A
4-HA,719,2,6,2918,0,2926,G
4-HA,720,1,7,2933,1,2942,G
4-HA,721,2897,1,3,0,2901,A
4-HA,722,2695,1,3,0,2699,A
4-HA,723,1,2684,0,3,2688,T
4-HA,724,2691,0,1,0,2692,A
4-HA,725,0,2680,0,2,2682,T
4-HA,726,9,2,0,2694,2705,C
4-HA,727,5,1,0,2700,2706,C
4-HA,728,5,2,0,2642,2649,C
4-HA,729,0,2620,0,2,2622,T
4-HA,730,2633,0,0,0,2633,A
4-HA,731,0,1,2631,0,2632,G
4-HA,732,1,1,0,2632,2634,C
4-HA,733,2569,1,0,1,2571,A
4-HA,734,0,4,2645,0,2649,G
4-HA,735,2616,0,0,0,2616,A
4-HA,736,2613,1,0,1,2615,A
4-HA,737,0,2608,0,4,2612,T
4-HA,738,2609,2,0,1,2612,A
4-HA,739,2622,0,2,0,2624,A
4-HA,740,0,3,2623,0,2626,G
4-HA,741,1,0,1,2623,2625,C
4-HA,742,2621,0,0,0,2621,A
4-HA,743,0,2557,0,0,2557,T
4-HA,744,1,0,0,2657,2658,C
4-HA,745,1,2644,0,2,2647,T
4-HA,746,2653,3,0,0,2656,A
4-HA,747,0,2653,0,1,2654,T
4-HA,748,0,2635,0,1,2636,T
4-HA,749,0,9,2646,1,2656,G
4-HA,750,0,7,2641,1,2649,G
4-HA,751,2643,0,4,0,2647,A
4-HA,752,1,0,0,2644,2645,C
4-HA,753,2472,1,0,0,2473,A
4-HA,754,2521,1,0,0,2522,A
4-HA,755,0,2603,0,1,2604,T
4-HA,756,2616,2,2,0,2620,A
4-HA,757,1,1,2634,1,2637,G
4-HA,758,1,2602,0,0,2603,T
4-HA,759,2599,0,2,0,2601,A
4-HA,760,2614,0,0,0,2614,A
4-HA,761,2638,0,2,0,2640,A
4-HA,762,2656,0,1,0,2657,A
4-HA,763,0,0,0,2680,2680,C
4-HA,764,4,0,0,2529,2533,C
4-HA,765,2,5,2521,0,2528,G
4-HA,766,0,4,2526,0,2530,G
4-HA,767,0,11,2541,0,2552,G
4-HA,768,2558,0,0,0,2558,A
4-HA,769,0,9,2563,0,2572,G
4-HA,770,2603,0,2,0,2605,A
4-HA,771,0,0,0,2601,2601,C
4-HA,772,2591,0,3,3,2597,A
4-HA,773,0,2594,0,4,2598,T
4-HA,774,2604,0,4,0,2608,A
4-HA,775,4,1,0,2634,2639,C
4-HA,776,0,2616,0,3,2619,T
4-HA,777,1,2630,0,0,2631,T
4-HA,778,1,2629,0,1,2631,T
4-HA,779,0,2620,0,0,2620,T
4-HA,780,10,17,2626,0,2653,G
4-HA,781,2664,0,0,0,2664,A
4-HA,782,0,2664,0,2,2666,T
4-HA,783,0,2717,0,3,2720,T
4-HA,784,2699,1,0,0,2700,A
4-HA,785,2715,1,0,0,2716,A
4-HA,786,1,0,1,2739,2741,C
4-HA,787,2724,0,2,0,2726,A
4-HA,788,1,2,2815,0,2818,G
4-HA,789,0,1,0,2796,2797,C
4-HA,790,2797,0,2,0,2799,A
4-HA,791,2,2,0,2810,2814,C
4-HA,792,2794,0,4,1,2799,A
4-HA,793,0,10,2815,1,2826,G
4-HA,794,1,10,2797,0,2808,G
4-HA,795,1,7,2896,2,2906,G
4-HA,796,2873,1,0,1,2875,A
4-HA,797,2907,0,1,0,2908,A
4-HA,798,0,2900,0,1,2901,T
4-HA,799,6,0,0,2911,2917,C
4-HA,800,0,2922,1,0,2923,T
4-HA,801,2926,0,0,0,2926,A
4-HA,802,2912,0,0,1,2913,A
4-HA,803,1,2906,0,1,2908,T
4-HA,804,0,2848,0,0,2848,T
4-HA,805,1,1,2879,0,2881,G
4-HA,806,3,0,0,2948,2951,C
4-HA,807,0,3029,0,6,3035,T
4-HA,808,19,0,0,3088,3107,C
4-HA,809,7,1,0,3109,3117,C
4-HA,810,0,3103,0,2,3105,T
4-HA,811,3113,1,2,0,3116,A
4-HA,812,0,13,3100,0,3113,G
4-HA,813,2,17,3126,1,3146,G
4-HA,814,1,11,3135,0,3147,G
4-HA,815,1,3,3102,0,3106,G
4-HA,816,2,3024,0,0,3026,T
4-HA,817,0,3009,0,0,3009,T
4-HA,818,3005,0,1,0,3006,A
4-HA,819,4,0,0,3039,3043,C
4-HA,820,1,3029,0,5,3035,T
4-HA,821,0,3049,0,1,3050,T
4-HA,822,5,2,1,3032,3040,C
4-HA,823,3020,1,1,0,3022,A
4-HA,824,3012,1,1,0,3014,A
4-HA,825,3022,1,2,0,3025,A
4-HA,826,3045,0,0,1,3046,A
4-HA,827,0,3044,0,4,3048,T
4-HA,828,3020,0,1,0,3021,A
4-HA,829,2,2,0,3016,3020,C
4-HA,830,0,10,3003,0,3013,G
4-HA,831,3019,1,0,0,3020,A
4-HA,832,3019,0,2,1,3022,A
4-HA,833,0,1,3050,0,3051,G
4-HA,834,0,3048,0,1,3049,T
4-HA,835,2,9,3053,0,3064,G
4-HA,836,1,10,3055,0,3066,G
4-HA,837,1,12,3050,0,3063,G
4-HA,838,3054,1,5,0,3060,A
4-HA,839,3061,0,0,0,3061,A
4-HA,840,3065,1,1,0,3067,A
4-HA,841,3040,0,4,1,3045,A
4-HA,842,0,1,3092,0,3093,G
4-HA,843,1,1,0,3073,3075,C
4-HA,844,0,3050,1,1,3052,T
4-HA,845,10,1,0,3076,3087,C
4-HA,846,3094,0,1,0,3095,A
4-HA,847,3137,0,0,0,3137,A
4-HA,848,1,3126,1,0,3128,T
4-HA,849,3158,1,0,0,3159,A
4-HA,850,3156,0,0,0,3156,A
4-HA,851,2,3107,0,0,3109,T
4-HA,852,1,9,3106,0,3116,G
4-HA,853,3103,0,0,0,3103,A
4-HA,854,0,10,3175,0,3185,G
4-HA,855,3182,0,0,1,3183,A
4-HA,856,0,3154,0,3,3157,T
4-HA,857,17,1,0,3194,3212,C
4-HA,858,3189,0,1,0,3190,A
4-HA,859,0,6,3272,0,3278,G
4-HA,860,3279,1,2,0,3282,A
4-HA,861,2,3267,0,1,3270,T
4-HA,862,1,3,3269,0,3273,G
4-HA,863,3,1,0,3219,3223,C
4-HA,864,3229,0,3,0,3232,A
4-HA,865,6,0,0,3283,3289,C
4-HA,866,13,0,0,3254,3267,C
4-HA,867,8,0,0,3264,3272,C
4-HA,868,3212,0,0,0,3212,A
4-HA,869,0,3199,1,1,3201,T
4-HA,870,0,3204,0,2,3206,T
4-HA,871,1,7,3219,0,3227,G
4-HA,872,1,4,3208,0,3213,G
4-HA,873,3,2,0,3219,3224,C
4-HA,874,3164,0,3,0,3167,A
4-HA,875,3171,0,2,0,3173,A
4-HA,876,3212,0,0,0,3212,A
4-HA,877,0,3202,0,0,3202,T
4-HA,878,1,1,3203,0,3205,G
4-HA,879,2,1,0,3200,3203,C
4-HA,880,3169,1,0,1,3171,A
4-HA,881,3233,0,1,0,3234,A
4-HA,882,0,3229,1,1,3231,T
4-HA,883,0,3255,0,1,3256,T
4-HA,884,8,0,0,3255,3263,C
4-HA,885,0,3207,0,1,3208,T
4-HA,886,1,13,3223,0,3237,G
4-HA,887,3224,1,0,0,3225,A
4-HA,888,3239,1,1,1,3242,A
4-HA,889,0,3236,0,2,3238,T
4-HA,890,3,5,3179,0,3187,G
4-HA,891,0,1,0,3192,3193,C
4-HA,892,3194,0,0,0,3194,A
4-HA,893,0,3190,0,2,3192,T
4-HA,894,8,0,0,3185,3193,C
4-HA,895,3188,0,1,0,3189,A
4-HA,896,1,0,0,3295,3296,C
4-HA,897,1,3273,1,5,3280,T
4-HA,898,18,0,0,3269,3287,C
4-HA,899,12,0,0,3255,3267,C
4-HA,900,3287,0,0,0,3287,A
4-HA,901,3281,0,1,0,3282,A
4-HA,902,3270,1,2,1,3274,A
4-HA,903,0,3161,0,0,3161,T
4-HA,904,1,7,3179,0,3187,G
4-HA,905,0,13,3188,0,3201,G
4-HA,906,3207,1,1,1,3210,A
4-HA,907,3181,0,6,0,3187,A
4-HA,908,1,4,3196,0,3201,G
4-HA,909,4,3,0,3153,3160,C
4-HA,910,3156,0,0,0,3156,A
4-HA,911,0,3154,0,1,3155,T
4-HA,912,0,3144,0,0,3144,T
4-HA,913,10,4,1,3230,3245,C
4-HA,914,5,2,0,3231,3238,C
4-HA,915,5,1,0,3207,3213,C
4-HA,916,3222,0,3,1,3226,A
4-HA,917,3287,0,1,1,3289,A
4-HA,918,2,3327,1,0,3330,T
4-HA,919,1,18,3305,1,3325,G
4-HA,920,3322,0,1,0,3323,A
4-HA,921,0,3,0,3323,3326,C
4-HA,922,3238,0,0,1,3239,A
4-HA,923,3243,0,0,0,3243,A
4-HA,924,3234,1,2,4,3241,A
4-HA,925,1,2,0,3256,3259,C
4-HA,926,14,0,0,3193,3207,C
4-HA,927,3163,2,0,0,3165,A
4-HA,928,0,3155,0,0,3155,T
4-HA,929,0,3145,1,2,3148,T
4-HA,930,9,0,1,3160,3170,C
4-HA,931,12,0,1,3157,3170,C
4-HA,932,3167,0,0,0,3167,A
4-HA,933,3157,0,3,0,3160,A
4-HA,934,3152,0,0,0,3152,A
4-HA,935,3197,1,0,0,3198,A
4-HA,936,0,3177,0,5,3182,T
4-HA,937,1,0,3197,0,3198,G
4-HA,938,1,3188,0,1,3190,T
4-HA,939,3207,0,1,1,3209,A
4-HA,940,3207,1,0,0,3208,A
4-HA,941,3202,2,1,0,3205,A
4-HA,942,2,1,0,3212,3215,C
4-HA,943,3157,2,1,0,3160,A
4-HA,944,0,4,3193,0,3197,G
4-HA,945,2,15,3189,0,3206,G
4-HA,946,3236,0,5,0,3241,A
4-HA,947,0,3227,0,1,3228,T
4-HA,948,15,1,0,3248,3264,C
4-HA,949,3276,0,1,2,3279,A
4-HA,950,4,5,0,3338,3347,C
4-HA,951,3352,0,1,0,3353,A
4-HA,952,0,3438,0,2,3440,T
4-HA,953,3358,0,1,0,3359,A
4-HA,954,1,7,0,3328,3336,C
4-HA,955,2,10,3206,0,3218,G
4-HA,956,4,15,3217,0,3236,G
4-HA,957,2,10,3202,1,3215,G
4-HA,958,0,4,3213,0,3217,G
4-HA,959,3,0,0,3126,3129,C
4-HA,960,2,0,0,3115,3117,C
4-HA,961,0,3031,0,1,3032,T
4-HA,962,0,3,3260,0,3263,G
4-HA,963,0,3258,0,6,3264,T
4-HA,964,20,1,0,3255,3276,C
4-HA,965,6,0,1,3259,3266,C
4-HA,966,10,4,0,3242,3256,C
4-HA,967,3243,0,2,0,3245,A
4-HA,968,1,9,3264,0,3274,G
4-HA,969,3262,1,2,2,3267,A
4-HA,970,0,3260,0,1,3261,T
4-HA,971,3012,0,1,0,3013,A
4-HA,972,0,2928,0,1,2929,T
4-HA,973,0,3,2942,1,2946,G
4-HA,974,1,2927,0,0,2928,T
4-HA,975,0,2882,0,2,2884,T
4-HA,976,2901,1,0,1,2903,A
4-HA,977,2867,0,1,0,2868,A
4-HA,978,1,2,2900,0,2903,G
4-HA,979,5,1,0,2895,2901,C
4-HA,980,2849,0,2,1,2852,A
4-HA,981,2847,0,1,1,2849,A
4-HA,982,2828,1,1,0,2830,A
4-HA,983,2826,0,4,3,2833,A
4-HA,984,3,2,0,2821,2826,C
4-HA,985,2792,1,0,0,2793,A
4-HA,986,2,0,0,2813,2815,C
4-HA,987,0,2771,0,4,2775,T
4-HA,988,13,1,0,2779,2793,C
4-HA,989,3,2782,0,3,2788,T
4-HA,990,0,9,2804,1,2814,G
4-HA,991,2807,0,1,0,2808,A
4-HA,992,2801,0,2,0,2803,A
4-HA,993,2804,0,4,1,2809,A
4-HA,994,0,2781,0,0,2781,T
4-HA,995,0,2761,0,0,2761,T
4-HA,996,0,6,2785,0,2791,G
4-HA,997,3,1,2781,0,2785,G
4-HA,998,0,1,1,2788,2790,C
4-HA,999,2771,1,0,0,2772,A
4-HA,1000,2771,0,0,0,2771,A
4-HA,1001,4,0,0,2775,2779,C
4-HA,1002,2770,0,1,0,2771,A
4-HA,1003,0,8,2786,0,2794,G
4-HA,1004,0,11,2766,0,2777,G
4-HA,1005,0,8,2746,0,2754,G
4-HA,1006,2749,1,3,0,2753,A
4-HA,1007,1,2746,0,1,2748,T
4-HA,1008,2,1,2752,0,2755,G
4-HA,1009,3,3,0,2748,2754,C
4-HA,1010,2,6,2746,0,2754,G
4-HA,1011,2775,0,1,0,2776,A
4-HA,1012,2721,1,1,0,2723,A
4-HA,1013,2746,0,0,0,2746,A
4-HA,1014,0,2683,0,1,2684,T
4-HA,1015,1,1,2716,0,2718,G
4-HA,1016,0,2704,0,0,2704,T
4-HA,1017,2692,1,2,0,2695,A
4-HA,1018,3,2,0,2692,2697,C
4-HA,1019,11,0,0,2671,2682,C
4-HA,1020,2640,0,0,0,2640,A
4-HA,1021,0,5,2648,0,2653,G
4-HA,1022,2610,0,0,0,2610,A
4-HA,1023,1,4,2625,0,2630,G
4-HA,1024,2580,1,2,0,2583,A
4-HA,1025,2574,0,3,0,2577,A
4-HA,1026,2591,0,3,0,2594,A
4-HA,1027,1,0,0,2586,2587,C
4-HA,1028,2549,0,2,1,2552,A
4-HA,1029,2578,0,1,0,2579,A
4-HA,1030,2578,0,0,2,2580,A
4-HA,1031,4,0,0,2594,2598,C
4-HA,1032,0,2573,0,0,2573,T
4-HA,1033,2543,1,2,0,2546,A
4-HA,1034,1,4,2552,0,2557,G
4-HA,1035,2536,0,3,0,2539,A
4-HA,1036,0,3,2577,0,2580,G
4-HA,1037,0,4,2565,0,2569,G
4-HA,1038,2,2,0,2517,2521,C
4-HA,1039,2523,0,1,0,2524,A
4-HA,1040,1,2519,2,1,2523,T
4-HA,1041,2528,0,0,0,2528,A
4-HA,1042,1,2515,1,0,2517,T
4-HA,1043,0,2505,0,2,2507,T
4-HA,1044,0,2506,2,1,2509,T
4-HA,1045,0,6,2422,0,2428,G
4-HA,1046,1,2,2425,0,2428,G
4-HA,1047,5,4,0,2414,2423,C
4-HA,1048,3,5,2410,0,2418,G
4-HA,1049,2,0,0,2388,2390,C
4-HA,1050,2368,0,0,0,2368,A
4-HA,1051,2398,0,0,0,2398,A
4-HA,1052,0,2393,0,1,2394,T
4-HA,1053,12,0,0,2387,2399,C
4-HA,1054,4,2,2394,0,2400,G
4-HA,1055,3,7,1,2379,2390,C
4-HA,1056,1,10,2385,0,2396,G
4-HA,1057,0,3,2398,1,2402,G
4-HA,1058,1,1,2405,0,2407,G
4-HA,1059,1,2398,0,1,2400,T
4-HA,1060,0,2364,0,3,2367,T
4-HA,1061,1,2369,0,5,2375,T
4-HA,1062,13,0,2,2356,2371,C
4-HA,1063,2380,0,1,0,2381,A
4-HA,1064,0,2379,0,1,2380,T
4-HA,1065,2375,1,3,0,2379,A
4-HA,1066,0,7,2395,0,2402,G
4-HA,1067,2349,0,0,0,2349,A
4-HA,1068,2351,1,3,0,2355,A
4-HA,1069,2351,0,0,0,2351,A
4-HA,1070,2362,0,0,0,2362,A
4-HA,1071,0,2353,0,2,2355,T
4-HA,1072,2,5,2349,0,2356,G
4-HA,1073,0,1,2363,2,2366,G
4-HA,1074,1,2343,1,2,2347,T
4-HA,1075,1,2276,1,0,2278,T
4-HA,1076,1,3,2278,0,2282,G
4-HA,1077,0,2,2281,0,2283,G
4-HA,1078,0,4,2286,0,2290,G
4-HA,1079,2249,0,5,1,2255,A
4-HA,1080,0,8,2252,0,2260,G
4-HA,1081,0,3,2214,0,2217,G
4-HA,1082,3,8,2242,0,2253,G
4-HA,1083,2239,0,3,0,2242,A
4-HA,1084,2263,0,0,0,2263,A
4-HA,1085,1,2266,0,0,2267,T
4-HA,1086,2,11,2261,0,2274,G
4-HA,1087,0,5,2315,1,2321,G
4-HA,1088,1,2305,0,1,2307,T
4-HA,1089,0,12,2292,0,2304,G
4-HA,1090,0,1,2295,0,2296,G
4-HA,1091,2254,1,1,0,2256,A
4-HA,1092,1,2258,0,0,2259,T
4-HA,1093,0,14,2276,0,2290,G
4-HA,1094,0,1,2319,0,2320,G
4-HA,1095,1,2281,0,3,2285,T
4-HA,1096,0,2212,0,4,2216,T
4-HA,1097,0,8,2201,0,2209,G
4-HA,1098,1,1,2247,0,2249,G
4-HA,1099,0,2242,0,0,2242,T
4-HA,1100,2238,0,3,0,2241,A
4-HA,1101,4,3,0,2125,2132,C
4-HA,1102,0,9,2138,1,2148,G
4-HA,1103,1,2,2207,0,2210,G
4-HA,1104,0,2211,0,0,2211,T
4-HA,1105,0,2206,1,0,2207,T
4-HA,1106,1,2203,0,0,2204,T
4-HA,1107,9,2,1,2157,2169,C
4-HA,1108,2169,0,2,0,2171,A
4-HA,1109,5,5,2156,0,2166,G
4-HA,1110,0,4,2160,0,2164,G
4-HA,1111,2,1,0,2151,2154,C
4-HA,1112,2100,0,1,0,2101,A
4-HA,1113,4,2117,0,3,2124,T
4-HA,1114,7,1,1,2117,2126,C
4-HA,1115,2129,0,1,0,2130,A
4-HA,1116,2131,0,0,0,2131,A
4-HA,1117,2127,1,0,0,2128,A
4-HA,1118,2138,0,1,0,2139,A
4-HA,1119,0,2129,0,1,2130,T
4-HA,1120,0,2130,0,0,2130,T
4-HA,1121,8,0,0,2122,2130,C
4-HA,1122,0,2105,0,2,2107,T
4-HA,1123,0,1,2114,0,2115,G
4-HA,1124,2105,0,4,0,2109,A
4-HA,1125,0,10,2113,0,2123,G
4-HA,1126,0,5,2111,0,2116,G
4-HA,1127,2,6,2115,0,2123,G
4-HA,1128,2124,0,0,0,2124,A
4-HA,1129,2118,0,0,0,2118,A
4-HA,1130,0,8,2098,0,2106,G
4-HA,1131,2133,0,2,0,2135,A
4-HA,1132,1,1,2146,0,2148,G
4-HA,1133,0,7,2149,0,2156,G
4-HA,1134,2144,2,2,0,2148,A
4-HA,1135,1,1,1,2143,2146,C
4-HA,1136,2125,0,1,0,2126,A
4-HA,1137,2104,0,4,1,2109,A
4-HA,1138,1,0,2116,0,2117,G
4-HA,1139,0,2,0,2119,2121,C
4-HA,1140,2100,0,1,0,2101,A
4-HA,1141,0,0,2108,0,2108,G
4-HA,1142,1,1,0,2099,2101,C
4-HA,1143,2097,0,1,0,2098,A
4-HA,1144,2,1,2119,0,2122,G
4-HA,1145,2102,0,0,0,2102,A
4-HA,1146,2,2136,0,0,2138,T
4-HA,1147,4,0,0,2140,2144,C
4-HA,1148,0,2128,0,1,2129,T
4-HA,1149,13,1,0,2138,2152,C
4-HA,1150,2148,0,0,0,2148,A
4-HA,1151,2145,0,0,0,2145,A
4-HA,1152,2143,0,1,1,2145,A
4-HA,1153,2096,0,8,0,2104,A
4-HA,1154,3,2,2107,0,2112,G
4-HA,1155,0,0,0,2072,2072,C
4-HA,1156,2065,0,3,0,2068,A
4-HA,1157,1,0,0,2102,2103,C
4-HA,1158,0,2079,0,4,2083,T
4-HA,1159,8,0,0,2075,2083,C
4-HA,1160,2079,1,4,0,2084,A
4-HA,1161,2130,0,0,0,2130,A
4-HA,1162,0,1,2128,0,2129,G
4-HA,1163,3,0,0,2124,2127,C
4-HA,1164,2116,0,1,0,2117,A
4-HA,1165,2,0,2123,0,2125,G
4-HA,1166,2,0,0,2090,2092,C
4-HA,1167,2080,0,0,0,2080,A
4-HA,1168,2085,0,1,0,2086,A
4-HA,1169,0,2080,0,0,2080,T
4-HA,1170,3,1,0,2036,2040,C
4-HA,1171,1,8,2037,1,2047,G
4-HA,1172,2051,0,0,0,2051,A
4-HA,1173,0,2047,0,0,2047,T
4-HA,1174,10,0,0,2033,2043,C
4-HA,1175,2029,0,4,0,2033,A
4-HA,1176,2074,0,2,0,2076,A
4-HA,1177,2080,0,0,0,2080,A
4-HA,1178,0,2076,0,1,2077,T
4-HA,1179,7,0,0,2070,2077,C
4-HA,1180,2061,0,0,0,2061,A
4-HA,1181,2078,0,2,1,2081,A
4-HA,1182,0,2078,0,1,2079,T
4-HA,1183,0,4,2080,0,2084,G
4-HA,1184,1,2,2072,1,2076,G
4-HA,1185,2,2,2062,0,2066,G
4-HA,1186,2068,0,0,0,2068,A
4-HA,1187,2064,1,2,0,2067,A
4-HA,1188,0,1,2098,0,2099,G
4-HA,1189,0,0,0,2096,2096,C
4-HA,1190,1,2084,0,1,2086,T
4-HA,1191,3,10,2149,0,2162,G
4-HA,1192,2156,0,0,0,2156,A
4-HA,1193,2164,1,1,0,2166,A
4-HA,1194,0,2166,0,0,2166,T
4-HA,1195,2110,2,0,0,2112,A
4-HA,1196,0,2,2107,0,2109,G
4-HA,1197,1966,1,2,0,1969,A
4-HA,1198,1,1978,0,0,1979,T
4-HA,1199,1,1984,0,0,1985,T
4-HA,1200,0,9,1981,0,1990,G
4-HA,1201,1984,0,0,0,1984,A
4-HA,1202,1,1979,0,0,1980,T
4-HA,1203,10,0,0,1978,1988,C
4-HA,1204,0,5,1967,0,1972,G
4-HA,1205,2,5,1970,0,1977,G
4-HA,1206,0,7,1969,0,1976,G
4-HA,1207,1972,0,1,0,1973,A
4-HA,1208,1977,0,1,0,1978,A
4-HA,1209,1970,0,1,2,1973,A
4-HA,1210,1981,0,1,0,1982,A
4-HA,1211,1,1,0,1981,1983,C
4-HA,1212,4,1,0,1980,1985,C
4-HA,1213,1962,0,0,0,1962,A
4-HA,1214,1967,0,0,0,1967,A
4-HA,1215,0,1,0,1963,1964,C
4-HA,1216,1,6,1966,0,1973,G
4-HA,1217,1974,0,0,0,1974,A
4-HA,1218,1,4,1971,0,1976,G
4-HA,1219,1975,0,2,1,1978,A
4-HA,1220,1971,1,1,0,1973,A
4-HA,1221,1975,0,2,1,1978,A
4-HA,1222,0,1973,0,2,1975,T
4-HA,1223,0,1977,0,0,1977,T
4-HA,1224,6,0,0,1977,1983,C
4-HA,1225,5,2,0,1975,1982,C
4-HA,1226,1985,0,0,1,1986,A
4-HA,1227,0,1983,0,0,1983,T
4-HA,1228,6,1,0,1978,1985,C
4-HA,1229,1972,1,0,0,1973,A
4-HA,1230,3,3,1982,0,1988,G
4-HA,1231,1970,1,1,1,1973,A
4-HA,1232,0,1975,0,0,1975,T
4-HA,1233,0,1958,0,1,1959,T
4-HA,1234,1,4,1959,0,1964,G
4-HA,1235,1961,2,0,0,1963,A
4-HA,1236,1965,0,1,0,1966,A
4-HA,1237,1965,0,1,1,1967,A
4-HA,1238,1965,0,0,0,1965,A
4-HA,1239,1949,0,0,1,1950,A
4-HA,1240,1,5,1953,1,1960,G
4-HA,1241,1948,0,0,0,1948,A
4-HA,1242,1954,1,1,0,1956,A
4-HA,1243,0,1926,0,1,1927,T
4-HA,1244,0,1927,1,3,1931,T
4-HA,1245,4,0,2,1937,1943,C
4-HA,1246,0,1940,0,1,1941,T
4-HA,1247,3,0,0,1937,1940,C
4-HA,1248,1937,0,3,0,1940,A
4-HA,1249,0,4,1941,0,1945,G
4-HA,1250,1937,0,4,0,1941,A
4-HA,1251,1929,1,1,0,1931,A
4-HA,1252,0,1,1958,0,1959,G
4-HA,1253,1,1951,0,0,1952,T
4-HA,1254,6,0,0,1936,1942,C
4-HA,1255,1,1,1948,0,1950,G
4-HA,1256,1942,0,3,0,1945,A
4-HA,1257,1939,0,4,0,1943,A
4-HA,1258,1,6,1930,0,1937,G
4-HA,1259,1,6,1932,0,1939,G
4-HA,1260,0,12,1924,0,1936,G
4-HA,1261,1898,0,8,1,1907,A
4-HA,1262,0,4,1912,0,1916,G
4-HA,1263,1911,0,0,0,1911,A
4-HA,1264,2025,0,0,0,2025,A
4-HA,1265,0,2027,0,2,2029,T
4-HA,1266,0,2018,0,0,2018,T
4-HA,1267,5,2,0,2014,2021,C
4-HA,1268,1981,0,3,2,1986,A
4-HA,1269,0,2,1988,0,1990,G
4-HA,1270,0,9,1981,1,1991,G
4-HA,1271,1982,1,0,0,1983,A
4-HA,1272,2,0,0,1987,1989,C
4-HA,1273,5,1,0,1869,1875,C
4-HA,1274,0,1861,0,1,1862,T
4-HA,1275,0,1827,0,39,1866,T
4-HA,1276,0,8,1872,0,1880,G
4-HA,1277,1875,1,0,0,1876,A
4-HA,1278,0,7,1907,0,1914,G
4-HA,1279,1889,1,2,0,1892,A
4-HA,1280,1763,0,0,0,1763,A
4-HA,1281,1754,0,1,0,1755,A
4-HA,1282,0,1724,0,0,1724,T
4-HA,1283,1761,0,1,0,1762,A
4-HA,1284,0,1751,1,0,1752,T
4-HA,1285,0,1,1767,0,1768,G
4-HA,1286,0,1762,1,1,1764,T
4-HA,1287,0,1713,1,0,1714,T
4-HA,1288,2,2,1713,0,1717,G
4-HA,1289,1703,0,1,0,1704,A
4-HA,1290,0,6,1710,0,1716,G
4-HA,1291,0,6,1707,0,1713,G
4-HA,1292,1682,1,1,0,1684,A
4-HA,1293,1,1,0,1741,1743,C
4-HA,1294,1702,1,0,0,1703,A
4-HA,1295,4,0,0,1698,1702,C
4-HA,1296,0,1685,0,1,1686,T
4-HA,1297,1779,0,0,0,1779,A
4-HA,1298,1798,0,1,0,1799,A
4-HA,1299,1805,1,0,0,1806,A
4-HA,1300,1818,0,0,0,1818,A
4-HA,1301,0,1812,0,1,1813,T
4-HA,1302,1733,0,2,0,1735,A
4-HA,1303,1,8,1740,0,1749,G
4-HA,1304,1707,0,0,0,1707,A
4-HA,1305,0,1715,0,0,1715,T
4-HA,1306,2,0,1,1708,1711,C
4-HA,1307,1,1692,1,4,1698,T
4-HA,1308,4,0,0,1725,1729,C
4-HA,1309,0,1721,0,2,1723,T
4-HA,1310,0,6,1754,0,1760,G
4-HA,1311,0,4,1793,1,1798,G
4-HA,1312,0,1782,0,3,1785,T
4-HA,1313,6,2,0,1779,1787,C
4-HA,1314,1793,0,0,0,1793,A
4-HA,1315,1,1800,0,1,1802,T
4-HA,1316,1802,1,1,0,1804,A
4-HA,1317,1,0,0,1806,1807,C
4-HA,1318,1764,0,1,0,1765,A
4-HA,1319,1765,1,2,0,1768,A
4-HA,1320,0,0,0,1727,1727,C
4-HA,1321,1,2,1722,0,1725,G
4-HA,1322,1,1,0,1717,1719,C
4-HA,1323,1,5,1695,0,1701,G
4-HA,1324,0,7,1704,0,1711,G
4-HA,1325,1711,0,1,0,1712,A
4-HA,1326,2,0,1743,0,1745,G
4-HA,1327,1,1,0,1745,1747,C
4-HA,1328,0,1728,1,1,1730,T
4-HA,1329,0,1741,0,1,1742,T
4-HA,1330,1,0,0,1744,1745,C
4-HA,1331,0,1759,0,1,1760,T
4-HA,1332,0,1759,0,1,1760,T
4-HA,1333,0,3,1756,0,1759,G
4-HA,1334,0,1754,0,1,1755,T
4-HA,1335,2,1726,0,1,1729,T
4-HA,1336,1,0,1770,0,1771,G
4-HA,1337,2,1,0,1769,1772,C
4-HA,1338,5,2,0,1757,1764,C
4-HA,1339,3,0,0,1767,1770,C
4-HA,1340,2,1761,0,2,1765,T
4-HA,1341,0,3,1784,0,1787,G
4-HA,1342,0,8,1786,0,1794,G
4-HA,1343,1793,0,1,0,1794,A
4-HA,1344,0,6,1799,0,1805,G
4-HA,1345,1769,2,1,0,1772,A
4-HA,1346,1778,0,1,0,1779,A
4-HA,1347,1,0,1,1796,1798,C
4-HA,1348,8,1,0,1777,1786,C
4-HA,1349,1788,0,0,0,1788,A
4-HA,1350,1864,0,0,0,1864,A
4-HA,1351,0,0,0,1868,1868,C
4-HA,1352,1878,0,1,0,1879,A
4-HA,1353,0,1873,0,1,1874,T
4-HA,1354,1864,0,2,0,1866,A
4-HA,1355,0,0,0,1902,1902,C
4-HA,1356,1868,0,1,0,1869,A
4-HA,1357,1874,1,1,0,1876,A
4-HA,1358,0,1868,1,0,1869,T
4-HA,1359,0,1832,0,1,1833,T
4-HA,1360,1,7,1848,0,1856,G
4-HA,1361,1867,1,1,0,1869,A
4-HA,1362,0,1871,0,2,1873,T
4-HA,1363,4,1,0,1869,1874,C
4-HA,1364,0,1838,0,0,1838,T
4-HA,1365,1850,0,0,0,1850,A
4-HA,1366,1844,1,1,0,1846,A
4-HA,1367,2,0,0,1846,1848,C
4-HA,1368,0,1839,0,1,1840,T
4-HA,1369,1,4,1825,0,1830,G
4-HA,1370,1834,0,1,0,1835,A
4-HA,1371,1,0,1,1837,1839,C
4-HA,1372,0,1832,0,1,1833,T
4-HA,1373,7,0,0,1828,1835,C
4-HA,1374,1823,2,2,1,1828,A
4-HA,1375,1,1,1871,0,1873,G
4-HA,1376,1869,0,2,0,1871,A
4-HA,1377,1874,0,0,0,1874,A
4-HA,1378,1874,0,2,0,1876,A
4-HA,1379,0,1863,0,0,1863,T
4-HA,1380,0,11,1865,0,1876,G
4-HA,1381,1865,1,3,0,1869,A
4-HA,1382,1869,1,1,0,1871,A
4-HA,1383,2,0,0,1872,1874,C
4-HA,1384,1853,0,1,0,1854,A
4-HA,1385,1858,0,0,0,1858,A
4-HA,1386,1854,0,0,1,1855,A
4-HA,1387,1,1,0,1857,1859,C
4-HA,1388,0,1844,1,1,1846,T
4-HA,1389,0,3,1851,0,1854,G
4-HA,1390,0,1833,1,3,1837,T
4-HA,1391,0,1829,0,3,1832,T
4-HA,1392,0,1836,0,0,1836,T
4-HA,1393,1,11,1827,1,1840,G
4-HA,1394,1838,0,0,0,1838,A
4-HA,1395,1839,0,1,0,1840,A
4-HA,1396,1838,0,0,0,1838,A
4-HA,1397,1835,0,1,0,1836,A
4-HA,1398,1835,0,0,0,1835,A
4-HA,1399,1842,1,1,1,1845,A
4-HA,1400,1,0,0,1847,1848,C
4-HA,1401,1846,0,0,0,1846,A
4-HA,1402,1842,0,1,0,1843,A
4-HA,1403,1843,0,3,0,1846,A
4-HA,1404,1,4,1853,0,1858,G
4-HA,1405,1864,0,0,0,1864,A
4-HA,1406,1853,0,2,0,1855,A
4-HA,1407,0,0,1857,0,1857,G
4-HA,1408,1,0,0,1854,1855,C
4-HA,1409,1849,1,2,0,1852,A
4-HA,1410,1861,0,1,0,1862,A
4-HA,1411,2,0,0,1861,1863,C
4-HA,1412,0,1858,0,2,1860,T
4-HA,1413,4,1,1860,1,1866,G
4-HA,1414,1851,1,2,0,1854,A
4-HA,1415,1,7,1859,0,1867,G
4-HA,1416,0,7,1863,0,1870,G
4-HA,1417,2,3,1861,0,1866,G
4-HA,1418,1862,1,1,0,1864,A
4-HA,1419,1852,1,0,0,1853,A
4-HA,1420,1845,0,0,0,1845,A
4-HA,1421,1861,0,1,0,1862,A
4-HA,1422,0,1853,0,1,1854,T
4-HA,1423,1,4,1852,0,1857,G
4-HA,1424,0,0,0,1856,1856,C
4-HA,1425,0,1836,0,1,1837,T
4-HA,1426,1,2,1836,0,1839,G
4-HA,1427,1834,0,2,0,1836,A
4-HA,1428,0,5,1904,0,1909,G
4-HA,1429,0,5,1928,0,1933,G
4-HA,1430,1912,0,1,0,1913,A
4-HA,1431,0,1906,0,0,1906,T
4-HA,1432,1894,0,3,0,1897,A
4-HA,1433,1,1890,0,1,1892,T
4-HA,1434,0,3,1900,0,1903,G
4-HA,1435,0,5,1898,0,1903,G
4-HA,1436,0,1,1900,0,1901,G
4-HA,1437,0,2,0,1831,1833,C
4-HA,1438,1781,0,0,0,1781,A
4-HA,1439,1781,0,2,1,1784,A
4-HA,1440,0,1777,0,1,1778,T
4-HA,1441,0,1,1780,1,1782,G
4-HA,1442,0,2,1779,2,1783,G
4-HA,1443,0,1755,1,0,1756,T
4-HA,1444,0,1720,0,0,1720,T
4-HA,1445,0,2,1726,1,1729,G
4-HA,1446,1,1732,1,1,1735,T
4-HA,1447,0,1729,1,0,1730,T
4-HA,1448,0,1729,0,0,1729,T
4-HA,1449,8,0,0,1726,1734,C
4-HA,1450,1721,1,1,0,1723,A
4-HA,1451,1731,0,0,0,1731,A
4-HA,1452,1727,1,0,0,1728,A
4-HA,1453,1740,0,1,0,1741,A
4-HA,1454,0,1733,0,2,1735,T
4-HA,1455,1717,2,1,0,1720,A
4-HA,1456,0,1719,0,0,1719,T
4-HA,1457,1711,0,2,1,1714,A
4-HA,1458,2,1,1,1718,1722,C
4-HA,1459,4,3,0,1709,1716,C
4-HA,1460,1711,1,0,1,1713,A
4-HA,1461,2,0,0,1718,1720,C
4-HA,1462,1711,0,0,1,1712,A
4-HA,1463,1720,0,0,1,1721,A
4-HA,1464,1718,0,1,1,1720,A
4-HA,1465,0,1724,0,0,1724,T
4-HA,1466,0,3,1722,0,1725,G
4-HA,1467,0,1697,0,3,1700,T
4-HA,1468,2,10,1700,0,1712,G
4-HA,1469,1712,0,3,0,1715,A
4-HA,1470,1,0,1,1713,1715,C
4-HA,1471,1699,1,0,1,1701,A
4-HA,1472,1699,0,0,1,1700,A
4-HA,1473,0,1712,0,0,1712,T
4-HA,1474,5,0,1720,0,1725,G
4-HA,1475,2,1,0,1714,1717,C
4-HA,1476,4,0,0,1713,1717,C
4-HA,1477,2,1696,0,3,1701,T
4-HA,1478,0,2,1754,0,1756,G
4-HA,1479,1,1,0,1758,1760,C
4-HA,1480,1758,2,0,0,1760,A
4-HA,1481,1,1757,0,0,1758,T
4-HA,1482,1707,0,0,0,1707,A
4-HA,1483,0,4,1708,0,1712,G
4-HA,1484,2,7,1693,1,1703,G
4-HA,1485,1698,0,1,0,1699,A
4-HA,1486,1,1694,0,0,1695,T
4-HA,1487,8,2,0,1606,1616,C
4-HA,1488,1603,0,1,0,1604,A
4-HA,1489,1612,0,0,0,1612,A
4-HA,1490,1,1611,0,0,1612,T
4-HA,1491,6,0,1,1606,1613,C
4-HA,1492,1581,0,2,0,1583,A
4-HA,1493,0,2,1590,0,1592,G
4-HA,1494,1589,0,2,0,1591,A
4-HA,1495,1594,0,0,0,1594,A
4-HA,1496,1593,0,0,0,1593,A
4-HA,1497,0,1588,0,2,1590,T
4-HA,1498,2,5,1574,0,1581,G
4-HA,1499,1,8,1573,0,1582,G
4-HA,1500,1577,1,2,0,1580,A
4-HA,1501,1585,1,1,0,1587,A
4-HA,1502,2,1,0,1585,1588,C
4-HA,1503,0,1570,0,0,1570,T
4-HA,1504,0,1572,1,0,1573,T
4-HA,1505,1577,0,0,0,1577,A
4-HA,1506,0,1575,0,1,1576,T
4-HA,1507,1,8,1564,0,1573,G
4-HA,1508,1576,0,1,0,1577,A
4-HA,1509,1,0,1,1575,1577,C
4-HA,1510,10,0,1,1546,1557,C
4-HA,1511,1556,0,1,0,1557,A
4-HA,1512,0,1,0,1587,1588,C
4-HA,1513,2,3,1622,0,1627,G
4-HA,1514,1663,1,2,0,1666,A
4-HA,1515,0,1673,0,0,1673,T
4-HA,1516,0,1,1737,0,1738,G
4-HA,1517,0,1724,0,1,1725,T
4-HA,1518,1767,0,0,0,1767,A
4-HA,1519,0,1762,0,0,1762,T
4-HA,1520,1754,0,2,0,1756,A
4-HA,1521,1,0,0,1752,1753,C
4-HA,1522,1559,1,0,0,1560,A
4-HA,1523,0,1,1570,0,1571,G
4-HA,1524,1488,1,0,0,1489,A
4-HA,1525,0,0,1445,0,1445,G
4-HA,1526,1434,0,1,0,1435,A
4-HA,1527,0,1359,0,1,1360,T
4-HA,1528,0,1,1357,0,1358,G
4-HA,1529,1358,0,1,0,1359,A
4-HA,1530,1357,0,1,0,1358,A
4-HA,1531,1,0,1378,0,1379,G
4-HA,1532,2,0,0,1339,1341,C
4-HA,1533,1334,1,0,0,1335,A
4-HA,1534,0,1323,0,0,1323,T
4-HA,1535,0,1319,0,1,1320,T
4-HA,1536,1326,0,0,0,1326,A
4-HA,1537,1321,0,3,0,1324,A
4-HA,1538,1325,0,0,0,1325,A
4-HA,1539,0,0,0,1326,1326,C
4-HA,1540,1259,0,0,0,1259,A
4-HA,1541,1257,0,0,0,1257,A
4-HA,1542,0,1249,0,1,1250,T
4-HA,1543,4,1,0,1251,1256,C
4-HA,1544,0,4,1255,0,1259,G
4-HA,1545,0,0,1280,1,1281,G
4-HA,1546,0,1277,0,3,1280,T
4-HA,1547,0,1275,0,0,1275,T
4-HA,1548,0,1267,0,0,1267,T
4-HA,1549,1,1,0,1268,1270,C
4-HA,1550,1273,0,1,0,1274,A
4-HA,1551,0,8,1277,0,1285,G
4-HA,1552,1287,0,1,0,1288,A
4-HA,1553,1,1280,0,0,1281,T
4-HA,1554,2,0,0,1245,1247,C
4-HA,1555,1247,0,0,0,1247,A
4-HA,1556,1249,0,0,0,1249,A
4-HA,1557,0,5,1243,0,1248,G
4-HA,1558,1,4,1239,0,1244,G
4-HA,1559,1,5,1237,0,1243,G
4-HA,1560,1197,0,4,0,1201,A
4-HA,1561,0,0,1209,6,1215,G
4-HA,1562,0,1216,0,1,1217,T
4-HA,1563,0,1215,0,0,1215,T
4-HA,1564,0,3,1224,0,1227,G
4-HA,1565,1208,0,4,0,1212,A
4-HA,1566,0,0,1215,0,1215,G
4-HA,1567,1,0,0,1210,1211,C
4-HA,1568,0,1202,0,1,1203,T
4-HA,1569,0,4,1199,0,1203,G
4-HA,1570,1194,0,1,0,1195,A
4-HA,1571,1196,0,1,0,1197,A
4-HA,1572,0,1,1200,0,1201,G
4-HA,1573,0,1171,0,0,1171,T
4-HA,1574,8,0,0,1162,1170,C
4-HA,1575,1152,0,1,0,1153,A
4-HA,1576,0,2,1153,0,1155,G
4-HA,1577,0,3,1144,0,1147,G
4-HA,1578,0,2,1119,0,1121,G
4-HA,1579,0,1159,0,0,1159,T
4-HA,1580,1161,0,0,0,1161,A
4-HA,1581,0,1,0,1158,1159,C
4-HA,1582,1154,0,0,0,1154,A
4-HA,1583,1156,0,0,0,1156,A
4-HA,1584,1144,2,1,0,1147,A
4-HA,1585,0,1,1144,0,1145,G
4-HA,1586,1108,0,0,0,1108,A
4-HA,1587,0,1077,0,0,1077,T
4-HA,1588,0,1073,0,0,1073,T
4-HA,1589,0,1,1070,0,1071,G
4-HA,1590,0,3,1075,0,1078,G
4-HA,1591,1083,0,1,0,1084,A
4-HA,1592,1,1083,0,0,1084,T
4-HA,1593,7,0,0,1064,1071,C
4-HA,1594,2,0,0,1047,1049,C
4-HA,1595,0,1032,0,2,1034,T
4-HA,1596,1037,0,0,0,1037,A
4-HA,1597,0,1034,0,0,1034,T
4-HA,1598,0,4,1029,1,1034,G
4-HA,1599,0,5,1029,0,1034,G
4-HA,1600,1019,0,1,0,1020,A
4-HA,1601,0,1015,0,0,1015,T
4-HA,1602,1,997,0,0,998,T
4-HA,1603,0,1001,0,0,1001,T
4-HA,1604,4,0,0,998,1002,C
4-HA,1605,2,0,0,998,1000,C
4-HA,1606,1,984,0,1,986,T
4-HA,1607,0,988,0,0,988,T
4-HA,1608,0,980,0,0,980,T
4-HA,1609,0,2,983,0,985,G
4-HA,1610,1,0,0,980,981,C
4-HA,1611,5,0,1,977,983,C
4-HA,1612,963,0,0,0,963,A
4-HA,1613,0,957,0,0,957,T
4-HA,1614,961,0,0,0,961,A
4-HA,1615,0,961,0,0,961,T
4-HA,1616,5,0,1,952,958,C
4-HA,1617,954,0,0,0,954,A
4-HA,1618,0,937,0,0,937,T
4-HA,1619,0,1,941,0,942,G
4-HA,1620,0,934,1,1,936,T
4-HA,1621,0,924,0,1,925,T
4-HA,1622,0,923,0,1,924,T
4-HA,1623,0,902,0,0,902,T
4-HA,1624,0,902,0,0,902,T
4-HA,1625,0,900,1,0,901,T
4-HA,1626,1,0,903,0,904,G
4-HA,1627,0,0,0,901,901,C
4-HA,1628,1,883,0,1,885,T
4-HA,1629,0,886,1,0,887,T
4-HA,1630,0,881,0,0,881,T
4-HA,1631,0,0,892,0,892,G
4-HA,1632,0,891,0,0,891,T
4-HA,1633,0,1,889,0,890,G
4-HA,1634,0,890,0,1,891,T
4-HA,1635,1,866,0,0,867,T
4-HA,1636,0,0,875,0,875,G
4-HA,1637,2,0,0,871,873,C
4-HA,1638,0,868,0,1,869,T
4-HA,1639,0,873,0,0,873,T
4-HA,1640,0,828,0,0,828,T
4-HA,1641,0,1,829,0,830,G
4-HA,1642,0,827,0,0,827,T
4-HA,1643,0,824,0,0,824,T
4-HA,1644,0,3,822,0,825,G
4-HA,1645,0,2,800,0,802,G
4-HA,1646,0,2,798,0,800,G
4-HA,1647,0,1,797,0,798,G
4-HA,1648,0,774,0,0,774,T
4-HA,1649,0,764,0,1,765,T
4-HA,1650,0,0,0,751,751,C
4-HA,1651,740,0,0,0,740,A
4-HA,1652,0,742,0,0,742,T
4-HA,1653,0,0,0,735,735,C
4-HA,1654,726,0,1,0,727,A
4-HA,1655,0,708,0,1,709,T
4-HA,1656,0,0,705,0,705,G
4-HA,1657,0,685,0,2,687,T
4-HA,1658,0,1,683,0,684,G
4-HA,1659,0,2,655,0,657,G
4-HA,1660,0,0,651,0,651,G
4-HA,1661,0,0,0,634,634,C
4-HA,1662,0,0,0,614,614,C
4-HA,1663,0,572,0,1,573,T
4-HA,1664,0,0,571,0,571,G
4-HA,1665,1,0,0,570,571,C
4-HA,1666,4,0,0,566,570,C
4-HA,1667,567,0,0,0,567,A
4-HA,1668,564,0,0,1,565,A
4-HA,1669,564,0,0,1,565,A
4-HA,1670,564,0,0,0,564,A
4-HA,1671,565,0,0,0,565,A
4-HA,1672,1,2,561,0,564,G
4-HA,1673,0,1,537,0,538,G
4-HA,1674,0,0,0,530,530,C
4-HA,1675,529,0,0,0,529,A
4-HA,1676,532,0,0,0,532,A
4-HA,1677,1,0,0,532,533,C
4-HA,1678,533,0,0,0,533,A
4-HA,1679,0,529,1,0,530,T
4-HA,1680,0,522,0,0,522,T
4-HA,1681,506,0,1,1,508,A
4-HA,1682,0,6,502,0,508,G
4-HA,1683,0,1,508,0,509,G
4-HA,1684,0,494,0,1,495,T
4-HA,1685,0,0,452,0,452,G
4-HA,1686,0,0,0,435,435,C
4-HA,1687,421,0,0,0,421,A
4-HA,1688,419,1,1,0,421,A
4-HA,1689,0,0,1,420,421,C
4-HA,1690,415,0,1,0,416,A
4-HA,1691,0,402,0,0,402,T
4-HA,1692,0,378,0,0,378,T
4-HA,1693,0,375,0,1,376,T
4-HA,1694,0,1,373,0,374,G
4-HA,1695,0,1,1,372,374,C
4-HA,1696,371,0,1,0,372,A
4-HA,1697,0,347,0,1,348,T
4-HA,1698,0,337,0,0,337,T
4-HA,1699,0,314,0,0,314,T
4-HA,1700,0,0,313,0,313,G
4-HA,1701,297,0,0,0,297,A
5-NP,1,1365,0,0,0,1365,A
5-NP,2,0,1375,0,0,1375,T
5-NP,3,0,0,1373,0,1373,G
5-NP,4,1,2,1384,0,1387,G
5-NP,5,0,0,1,1393,1394,C
5-NP,6,0,1,1439,0,1440,G
5-NP,7,0,1517,0,2,1519,T
5-NP,8,6,1,0,1531,1538,C
5-NP,9,6,0,0,1547,1553,C
5-NP,10,4,2,0,1555,1561,C
5-NP,11,1561,0,0,0,1561,A
5-NP,12,1567,1,0,0,1568,A
5-NP,13,4,5,1578,0,1587,G
5-NP,14,0,1,1641,0,1642,G
5-NP,15,2,1,0,1644,1647,C
5-NP,16,1656,0,2,0,1658,A
5-NP,17,0,0,0,1676,1676,C
5-NP,18,1,1,0,1677,1679,C
5-NP,19,1689,0,0,0,1689,A
5-NP,20,1687,0,0,0,1687,A
5-NP,21,1689,3,1,1,1694,A
5-NP,22,0,5,0,1695,1700,C
5-NP,23,2,3,1704,0,1709,G
5-NP,24,0,0,1864,0,1864,G
5-NP,25,0,1862,0,1,1863,T
5-NP,26,7,0,0,2022,2029,C
5-NP,27,0,2019,0,1,2020,T
5-NP,28,0,2054,0,2,2056,T
5-NP,29,2059,0,1,1,2061,A
5-NP,30,0,2058,0,0,2058,T
5-NP,31,1,20,2071,0,2092,G
5-NP,32,2085,0,1,0,2086,A
5-NP,33,2065,0,1,0,2066,A
5-NP,34,0,0,0,2079,2079,C
5-NP,35,2051,0,0,0,2051,A
5-NP,36,0,3,2191,0,2194,G
5-NP,37,2187,0,0,1,2188,A
5-NP,38,1,2192,0,0,2193,T
5-NP,39,0,4,2199,0,2203,G
5-NP,40,0,2,2210,0,2212,G
5-NP,41,2209,0,2,0,2211,A
5-NP,42,2225,0,1,0,2226,A
5-NP,43,2223,0,6,0,2229,A
5-NP,44,0,0,0,2290,2290,C
5-NP,45,0,2267,0,1,2268,T
5-NP,46,0,5,2293,0,2298,G
5-NP,47,2281,0,2,1,2284,A
5-NP,48,0,2290,0,1,2291,T
5-NP,49,0,7,2279,1,2287,G
5-NP,50,2,10,2288,0,2300,G
5-NP,51,3,9,2287,1,2300,G
5-NP,52,0,8,2303,0,2311,G
5-NP,53,2286,0,3,1,2290,A
5-NP,54,0,2299,0,0,2299,T
5-NP,55,6,1,0,2299,2306,C
5-NP,56,3,3,2310,0,2316,G
5-NP,57,0,1,1,2345,2347,C
5-NP,58,6,2,0,2344,2352,C
5-NP,59,2349,0,0,0,2349,A
5-NP,60,0,4,2386,0,2390,G
5-NP,61,2378,0,0,1,2379,A
5-NP,62,2395,0,2,0,2397,A
5-NP,63,0,2394,0,3,2397,T
5-NP,64,0,3,2401,0,2404,G
5-NP,65,1,2,1,2423,2427,C
5-NP,66,2413,0,0,1,2414,A
5-NP,67,2461,1,0,0,2462,A
5-NP,68,1,0,0,2463,2464,C
5-NP,69,1,2445,0,3,2449,T
5-NP,70,0,10,2480,0,2490,G
5-NP,71,2519,0,3,1,2523,A
5-NP,72,1,6,2635,0,2642,G
5-NP,73,2635,1,0,0,2636,A
5-NP,74,0,2631,0,0,2631,T
5-NP,75,0,2630,0,0,2630,T
5-NP,76,2623,0,4,1,2628,A
5-NP,77,3,8,2641,3,2655,G
5-NP,78,0,13,2642,1,2656,G
5-NP,79,0,2,2656,0,2658,G
5-NP,80,2,0,0,2641,2643,C
5-NP,81,2617,0,1,0,2618,A
5-NP,82,0,2634,0,1,2635,T
5-NP,83,5,0,0,2638,2643,C
5-NP,84,6,0,1,2640,2647,C
5-NP,85,0,3,2669,0,2672,G
5-NP,86,0,2668,0,0,2668,T
5-NP,87,11,1,0,2663,2675,C
5-NP,88,2,6,2675,0,2683,G
5-NP,89,2,8,2679,1,2690,G
5-NP,90,0,6,2708,0,2714,G
5-NP,91,2700,1,0,0,2701,A
5-NP,92,2702,0,1,0,2703,A
5-NP,93,0,5,2723,0,2728,G
5-NP,94,2706,0,1,0,2707,A
5-NP,95,1,2719,0,0,2720,T
5-NP,96,0,12,2729,0,2741,G
5-NP,97,2747,2,2,1,2752,A
5-NP,98,1,2757,0,0,2758,T
5-NP,99,2,2750,1,0,2753,T
5-NP,100,0,7,2751,1,2759,G
5-NP,101,2751,0,1,1,2753,A
5-NP,102,0,2751,0,0,2751,T
5-NP,103,0,7,2732,2,2741,G
5-NP,104,2,11,2720,0,2733,G
5-NP,105,2,7,2710,0,2719,G
5-NP,106,2871,0,0,0,2871,A
5-NP,107,2,2868,0,1,2871,T
5-NP,108,1,2874,0,0,2875,T
5-NP,109,1,5,2893,0,2899,G
5-NP,110,2,6,2889,1,2898,G
5-NP,111,1,11,2891,0,2903,G
5-NP,112,2903,0,1,0,2904,A
5-NP,113,1,4,2881,1,2887,G
5-NP,114,2875,0,1,0,2876,A
5-NP,115,0,2926,0,1,2927,T
5-NP,116,0,2934,0,0,2934,T
5-NP,117,6,1,0,2939,2946,C
5-NP,118,0,2935,0,1,2936,T
5-NP,119,2985,0,0,0,2985,A
5-NP,120,1,0,1,2990,2992,C
5-NP,121,3049,0,0,0,3049,A
5-NP,122,2,3062,0,1,3065,T
5-NP,123,7,0,0,3046,3053,C
5-NP,124,14,2,0,3039,3055,C
5-NP,125,3059,0,0,0,3059,A
5-NP,126,3138,0,1,0,3139,A
5-NP,127,3141,0,0,1,3142,A
5-NP,128,0,3132,0,1,3133,T
5-NP,129,1,1,3148,1,3151,G
5-NP,130,0,3115,0,3,3118,T
5-NP,131,2,4,3129,0,3135,G
5-NP,132,1,0,0,3129,3130,C
5-NP,133,3126,0,0,0,3126,A
5-NP,134,5,1,0,3122,3128,C
5-NP,135,4,3083,0,2,3089,T
5-NP,136,1,19,3217,1,3238,G
5-NP,137,3271,0,0,0,3271,A
5-NP,138,3321,0,2,0,3323,A
5-NP,139,3,1,0,3360,3364,C
5-NP,140,0,3339,0,0,3339,T
5-NP,141,0,3352,0,0,3352,T
5-NP,142,3352,2,1,1,3356,A
5-NP,143,3353,0,0,1,3354,A
5-NP,144,3362,0,4,0,3366,A
5-NP,145,0,2,0,3377,3379,C
5-NP,146,0,3272,0,2,3274,T
5-NP,147,8,1,1,3302,3312,C
5-NP,148,3286,0,2,0,3288,A
5-NP,149,1,3,3337,0,3341,G
5-NP,150,2,3335,0,4,3341,T
5-NP,151,2,16,3342,0,3360,G
5-NP,152,3416,0,0,0,3416,A
5-NP,153,0,3430,0,0,3430,T
5-NP,154,12,3,0,3474,3489,C
5-NP,155,3504,0,1,0,3505,A
5-NP,156,0,3484,0,1,3485,T
5-NP,157,1,6,3481,0,3488,G
5-NP,158,3462,3,2,0,3467,A
5-NP,159,3461,0,2,0,3463,A
5-NP,160,1,11,3464,0,3476,G
5-NP,161,0,3,3437,0,3440,G
5-NP,162,0,5,3437,0,3442,G
5-NP,163,2,4,1,3407,3414,C
5-NP,164,6,11,3423,0,3440,G
5-NP,165,1,1,3464,0,3466,G
5-NP,166,0,3462,0,0,3462,T
5-NP,167,0,3452,0,0,3452,T
5-NP,168,0,19,3441,0,3460,G
5-NP,169,3797,0,1,0,3798,A
5-NP,170,0,3781,1,3,3785,T
5-NP,171,9,4,1,3781,3795,C
5-NP,172,9,3,0,3794,3806,C
5-NP,173,3790,2,5,0,3797,A
5-NP,174,1,12,3803,0,3816,G
5-NP,175,3812,2,0,0,3814,A
5-NP,176,3813,1,4,0,3818,A
5-NP,177,3,1,0,3838,3842,C
5-NP,178,3623,0,3,0,3626,A
5-NP,179,1,2,3688,0,3691,G
5-NP,180,0,0,0,3700,3700,C
5-NP,181,1,3692,0,0,3693,T
5-NP,182,1,3701,1,1,3704,T
5-NP,183,0,16,3695,1,3712,G
5-NP,184,3725,0,5,0,3730,A
5-NP,185,3,0,0,3741,3744,C
5-NP,186,3718,0,0,0,3718,A
5-NP,187,3745,0,1,0,3746,A
5-NP,188,1,3710,2,2,3715,T
5-NP,189,3713,1,1,0,3715,A
5-NP,190,0,5,3723,0,3728,G
5-NP,191,3707,1,2,0,3710,A
5-NP,192,0,6,3729,1,3736,G
5-NP,193,3714,1,3,0,3718,A
5-NP,194,3734,0,0,0,3734,A
5-NP,195,3734,0,2,0,3736,A
5-NP,196,3738,0,1,0,3739,A
5-NP,197,0,3745,0,2,3747,T
5-NP,198,1,14,3731,0,3746,G
5-NP,199,5,3,3728,0,3736,G
5-NP,200,2,3726,0,4,3732,T
5-NP,201,3675,0,5,0,3680,A
5-NP,202,4,1,0,3704,3709,C
5-NP,203,0,3701,0,5,3706,T
5-NP,204,12,0,0,3706,3718,C
5-NP,205,0,3678,1,4,3683,T
5-NP,206,11,1,0,3684,3696,C
5-NP,207,2,10,3671,0,3683,G
5-NP,208,2,0,3690,1,3693,G
5-NP,209,1,0,0,3695,3696,C
5-NP,210,1,3690,1,0,3692,T
5-NP,211,0,3674,3,2,3679,T
5-NP,212,0,3684,1,1,3686,T
5-NP,213,2,3681,0,2,3685,T
5-NP,214,1,6,3690,0,3697,G
5-NP,215,3688,1,6,1,3696,A
5-NP,216,2,3690,0,1,3693,T
5-NP,217,0,12,3688,0,3700,G
5-NP,218,3678,1,2,0,3681,A
5-NP,219,3689,0,4,0,3693,A
5-NP,220,3699,1,1,0,3701,A
5-NP,221,0,4,3710,0,3714,G
5-NP,222,3702,1,3,0,3706,A
5-NP,223,3703,1,1,0,3705,A
5-NP,224,1,4,3737,0,3742,G
5-NP,225,2,11,3831,0,3844,G
5-NP,226,3846,0,4,0,3850,A
5-NP,227,3876,0,2,0,3878,A
5-NP,228,0,3860,0,1,3861,T
5-NP,229,3869,0,0,1,3870,A
5-NP,230,3863,0,2,0,3865,A
5-NP,231,3882,1,0,0,3883,A
5-NP,232,1,3875,0,1,3877,T
5-NP,233,3900,0,1,0,3901,A
5-NP,234,2,0,0,3898,3900,C
5-NP,235,3,1,0,3835,3839,C
5-NP,236,3,3835,0,2,3840,T
5-NP,237,2,8,3842,0,3852,G
5-NP,238,0,4,3894,2,3900,G
5-NP,239,3901,1,1,0,3903,A
5-NP,240,3881,0,2,1,3884,A
5-NP,241,0,17,3919,0,3936,G
5-NP,242,3896,1,4,1,3902,A
5-NP,243,3903,0,2,0,3905,A
5-NP,244,7,0,1,3898,3906,C
5-NP,245,3909,1,2,0,3912,A
5-NP,246,4,1,1,3992,3998,C
5-NP,247,14,1,0,3947,3962,C
5-NP,248,9,0,0,3946,3955,C
5-NP,249,9,0,1,3955,3965,C
5-NP,250,3922,0,5,0,3927,A
5-NP,251,0,5,3929,0,3934,G
5-NP,252,3,1,0,3925,3929,C
5-NP,253,3,0,3931,0,3934,G
5-NP,254,2,0,0,3936,3938,C
5-NP,255,2,2,3879,1,3884,G
5-NP,256,3,4,3918,0,3925,G
5-NP,257,3,10,3912,1,3926,G
5-NP,258,1,7,3930,1,3939,G
5-NP,259,3934,0,3,0,3937,A
5-NP,260,3918,1,3,0,3922,A
5-NP,261,3901,0,5,0,3906,A
5-NP,262,0,7,3920,0,3927,G
5-NP,263,3894,0,5,0,3899,A
5-NP,264,0,3885,1,1,3887,T
5-NP,265,16,0,0,3875,3891,C
5-NP,266,12,1,0,3859,3872,C
5-NP,267,10,1,0,3897,3908,C
5-NP,268,3922,0,2,0,3924,A
5-NP,269,3916,0,5,0,3921,A
5-NP,270,1,6,3940,0,3947,G
5-NP,271,3939,0,3,0,3942,A
5-NP,272,3956,0,1,0,3957,A
5-NP,273,3952,0,1,0,3953,A
5-NP,274,3955,1,2,0,3958,A
5-NP,275,2,2,0,3948,3952,C
5-NP,276,1,3916,0,0,3917,T
5-NP,277,1,8,3898,1,3908,G
5-NP,278,0,12,3917,0,3929,G
5-NP,279,0,12,3894,1,3907,G
5-NP,280,1,9,3914,0,3924,G
5-NP,281,1,6,3932,0,3939,G
5-NP,282,2,3,3996,0,4001,G
5-NP,283,5,0,2,4260,4267,C
5-NP,284,10,0,0,4250,4260,C
5-NP,285,18,3,0,4274,4295,C
5-NP,286,4800,0,0,0,4800,A
5-NP,287,0,4819,0,0,4819,T
5-NP,288,5043,2,2,2,5049,A
5-NP,289,2,5041,0,0,5043,T
5-NP,290,5011,1,1,0,5013,A
5-NP,291,2,1,0,5037,5040,C
5-NP,292,4675,0,1,1,4677,A
5-NP,293,1,8,4748,0,4757,G
5-NP,294,0,15,4738,0,4753,G
5-NP,295,4322,0,4,0,4326,A
5-NP,296,5,19,4352,0,4376,G
5-NP,297,4170,1,3,0,4174,A
5-NP,298,1,3,4223,0,4227,G
5-NP,299,0,4221,1,0,4222,T
5-NP,300,4180,0,2,0,4182,A
5-NP,301,0,5,4189,0,4194,G
5-NP,302,4138,1,1,0,4140,A
5-NP,303,0,4141,0,2,4143,T
5-NP,304,1,10,4125,0,4136,G
5-NP,305,0,11,4142,0,4153,G
5-NP,306,4148,0,2,0,4150,A
5-NP,307,4129,1,3,0,4133,A
5-NP,308,4131,0,1,0,4132,A
5-NP,309,4144,1,0,0,4145,A
5-NP,310,1,4133,0,1,4135,T
5-NP,311,2,13,4163,0,4178,G
5-NP,312,0,7,4176,0,4183,G
5-NP,313,4184,2,0,0,4186,A
5-NP,314,0,4163,0,1,4164,T
5-NP,315,1,10,4163,0,4174,G
5-NP,316,4171,2,7,0,4180,A
5-NP,317,1,11,4176,1,4189,G
5-NP,318,1,9,4169,0,4179,G
5-NP,319,8,24,4157,0,4189,G
5-NP,320,4187,1,2,0,4190,A
5-NP,321,4192,0,0,0,4192,A
5-NP,322,5,1,0,4216,4222,C
5-NP,323,1,4196,0,1,4198,T
5-NP,324,19,1,0,4233,4253,C
5-NP,325,1,2,4258,0,4261,G
5-NP,326,2,4266,0,3,4271,T
5-NP,327,13,0,1,4260,4274,C
5-NP,328,15,0,0,4423,4438,C
5-NP,329,0,4421,0,2,4423,T
5-NP,330,2,4434,1,2,4439,T
5-NP,331,1,4431,0,3,4435,T
5-NP,332,4451,0,0,2,4453,A
5-NP,333,0,4438,1,1,4440,T
5-NP,334,0,19,4422,0,4441,G
5-NP,335,4435,2,2,0,4439,A
5-NP,336,4,1,0,4434,4439,C
5-NP,337,4350,0,0,0,4350,A
5-NP,338,4355,1,1,0,4357,A
5-NP,339,4358,1,0,0,4359,A
5-NP,340,0,9,4458,0,4467,G
5-NP,341,4452,2,1,0,4455,A
5-NP,342,4460,0,3,0,4463,A
5-NP,343,0,17,4570,0,4587,G
5-NP,344,4593,0,3,0,4596,A
5-NP,345,4595,1,3,0,4599,A
5-NP,346,4602,0,0,0,4602,A
5-NP,347,1,4592,0,2,4595,T
5-NP,348,4581,0,2,0,4583,A
5-NP,349,4536,1,3,0,4540,A
5-NP,350,2,10,4554,1,4567,G
5-NP,351,1,4,4552,0,4557,G
5-NP,352,4,7,0,4513,4524,C
5-NP,353,1,25,4492,1,4519,G
5-NP,354,4535,0,2,1,4538,A
5-NP,355,4572,0,0,0,4572,A
5-NP,356,0,4582,0,0,4582,T
5-NP,357,5,0,0,4580,4585,C
5-NP,358,0,4575,0,4,4579,T
5-NP,359,1,8,4567,0,4576,G
5-NP,360,1,5,4560,0,4566,G
5-NP,361,4,3,0,4558,4565,C
5-NP,362,3,2,4565,0,4570,G
5-NP,363,5,33,1,4528,4567,C
5-NP,364,13,3,0,4543,4559,C
5-NP,365,4582,1,2,0,4585,A
5-NP,366,4626,0,2,0,4628,A
5-NP,367,0,1,4728,1,4730,G
5-NP,368,2,3,0,4718,4723,C
5-NP,369,9,8,0,4758,4775,C
5-NP,370,4778,1,3,0,4782,A
5-NP,371,4834,1,1,0,4836,A
5-NP,372,7,1,0,4874,4882,C
5-NP,373,4885,0,2,0,4887,A
5-NP,374,4940,1,4,0,4945,A
5-NP,375,0,4917,0,1,4918,T
5-NP,376,0,22,4942,0,4964,G
5-NP,377,1,5,4962,2,4970,G
5-NP,378,1,4927,0,3,4931,T
5-NP,379,0,12,4915,1,4928,G
5-NP,380,4911,2,4,1,4918,A
5-NP,381,2,6,4998,0,5006,G
5-NP,382,2,8,4991,0,5001,G
5-NP,383,5012,2,1,0,5015,A
5-NP,384,0,5334,0,4,5338,T
5-NP,385,4,6,5354,1,5365,G
5-NP,386,1,2,0,5360,5363,C
5-NP,387,3,5365,0,3,5371,T
5-NP,388,5404,1,4,0,5409,A
5-NP,389,4,2,0,5464,5470,C
5-NP,390,5412,1,1,0,5414,A
5-NP,391,0,5396,1,1,5398,T
5-NP,392,5,0,1,5379,5385,C
5-NP,393,1,5128,1,1,5131,T
5-NP,394,3,7,5231,1,5242,G
5-NP,395,1,7,5323,0,5331,G
5-NP,396,0,5317,0,8,5325,T
5-NP,397,25,0,0,5302,5327,C
5-NP,398,0,5266,0,3,5269,T
5-NP,399,5343,0,1,1,5345,A
5-NP,400,5346,0,4,0,5350,A
5-NP,401,3,1,0,5380,5384,C
5-NP,402,0,5373,0,2,5375,T
5-NP,403,29,3,0,5365,5397,C
5-NP,404,5344,0,12,0,5356,A
5-NP,405,0,1,0,5522,5523,C
5-NP,406,5518,2,0,1,5521,A
5-NP,407,0,5533,0,1,5534,T
5-NP,408,5473,1,5,1,5480,A
5-NP,409,5497,0,1,0,5498,A
5-NP,410,1,5501,0,3,5505,T
5-NP,411,0,33,5531,0,5564,G
5-NP,412,5535,0,1,0,5536,A
5-NP,413,1,5502,1,0,5504,T
5-NP,414,2,5396,1,2,5401,T
5-NP,415,1,5411,0,0,5412,T
5-NP,416,2,17,5379,0,5398,G
5-NP,417,1,6,5397,0,5404,G
5-NP,418,3,0,0,5410,5413,C
5-NP,419,5386,0,4,0,5390,A
5-NP,420,1,5375,0,1,5377,T
5-NP,421,1,5356,0,6,5363,T
5-NP,422,14,0,0,5347,5361,C
5-NP,423,15,4,2,5352,5373,C
5-NP,424,5437,3,2,0,5442,A
5-NP,425,5449,1,1,0,5451,A
5-NP,426,1,5440,0,1,5442,T
5-NP,427,1,5438,0,7,5446,T
5-NP,428,2,5429,0,1,5432,T
5-NP,429,3,23,5445,0,5471,G
5-NP,430,5461,0,5,0,5466,A
5-NP,431,5469,1,2,0,5472,A
5-NP,432,0,5508,0,1,5509,T
5-NP,433,1,12,5440,1,5454,G
5-NP,434,5610,2,5,1,5618,A
5-NP,435,1,5617,0,2,5620,T
5-NP,436,3,8,5636,2,5649,G
5-NP,437,2,1,0,5765,5768,C
5-NP,438,5719,3,9,1,5732,A
5-NP,439,5926,1,5,1,5933,A
5-NP,440,4,0,0,5938,5942,C
5-NP,441,6009,0,0,1,6010,A
5-NP,442,1,6110,0,1,6112,T
5-NP,443,5963,0,2,1,5966,A
5-NP,444,6,2,0,6041,6049,C
5-NP,445,7,0,0,6034,6041,C
5-NP,446,5931,2,2,1,5936,A
5-NP,447,1,10,5979,0,5990,G
5-NP,448,5822,0,6,1,5829,A
5-NP,449,1,19,5926,1,5947,G
5-NP,450,1,20,5887,1,5909,G
5-NP,451,5869,0,6,1,5876,A
5-NP,452,4,3,0,5911,5918,C
5-NP,453,5848,1,4,1,5854,A
5-NP,454,5841,3,6,2,5852,A
5-NP,455,1,12,5867,0,5880,G
5-NP,456,5797,0,3,0,5800,A
5-NP,457,3,3,5834,1,5841,G
5-NP,458,4,1,0,5816,5821,C
5-NP,459,0,5783,0,3,5786,T
5-NP,460,15,2,0,5807,5824,C
5-NP,461,1,5808,0,2,5811,T
5-NP,462,2,5821,0,0,5823,T
5-NP,463,6,4,5848,0,5858,G
5-NP,464,1,5824,0,1,5826,T
5-NP,465,2,5812,0,6,5820,T
5-NP,466,32,5,0,5757,5794,C
5-NP,467,1,36,5748,0,5785,G
5-NP,468,5868,0,1,0,5869,A
5-NP,469,5857,2,0,1,5860,A
5-NP,470,4,0,0,5886,5890,C
5-NP,471,3,5868,1,3,5875,T
5-NP,472,3,11,5933,0,5947,G
5-NP,473,0,16,5947,4,5967,G
5-NP,474,5964,0,4,0,5968,A
5-NP,475,5977,0,5,1,5983,A
5-NP,476,2,5963,0,4,5969,T
5-NP,477,1,19,5903,0,5923,G
5-NP,478,1,8,5933,0,5942,G
5-NP,479,5985,1,7,0,5993,A
5-NP,480,2,6023,0,1,6026,T
5-NP,481,25,1,1,5994,6021,C
5-NP,482,16,1,1,5994,6012,C
5-NP,483,14,1,0,6024,6039,C
5-NP,484,6065,0,3,0,6068,A
5-NP,485,1,21,6090,0,6112,G
5-NP,486,6113,1,1,2,6117,A
5-NP,487,6116,0,0,1,6117,A
5-NP,488,1,6052,0,1,6054,T
5-NP,489,3,5,6096,0,6104,G
5-NP,490,0,6050,0,3,6053,T
5-NP,491,2,5,6055,0,6062,G
5-NP,492,3,2,1,6059,6065,C
5-NP,493,1,6022,0,7,6030,T
5-NP,494,29,0,0,6244,6273,C
5-NP,495,1,6235,1,3,6240,T
5-NP,496,16,0,1,6440,6457,C
5-NP,497,2,6439,1,3,6445,T
5-NP,498,3,23,6433,1,6460,G
5-NP,499,6485,2,7,0,6494,A
5-NP,500,0,6457,0,2,6459,T
5-NP,501,2,2,6460,1,6465,G
5-NP,502,6,4,0,6439,6449,C
5-NP,503,6254,4,3,1,6262,A
5-NP,504,0,15,6363,1,6379,G
5-NP,505,4,17,6245,1,6267,G
5-NP,506,5,3,6324,0,6332,G
5-NP,507,1,2,1,6307,6311,C
5-NP,508,1,6280,1,7,6289,T
5-NP,509,15,3,1,6282,6301,C
5-NP,510,3,15,6287,0,6305,G
5-NP,511,6366,4,2,1,6373,A
5-NP,512,3,1,0,6368,6372,C
5-NP,513,0,6269,0,2,6271,T
5-NP,514,23,0,0,6533,6556,C
5-NP,515,0,6517,0,5,6522,T
5-NP,516,19,3,0,7250,7272,C
5-NP,517,18,2,1,7256,7277,C
5-NP,518,17,1,1,7266,7285,C
5-NP,519,0,7284,0,2,7286,T
5-NP,520,7234,0,3,1,7238,A
5-NP,521,0,9,7231,0,7240,G
5-NP,522,7229,1,4,1,7235,A
5-NP,523,6992,0,1,1,6994,A
5-NP,524,1,22,6978,0,7001,G
5-NP,525,1,12,6785,0,6798,G
5-NP,526,7,6667,2,3,6679,T
5-NP,527,29,1,1,6639,6670,C
5-NP,528,15,7,0,6645,6667,C
5-NP,529,3,18,6632,0,6653,G
5-NP,530,1,23,6678,0,6702,G
5-NP,531,6681,1,5,0,6687,A
5-NP,532,2,4,6745,0,6751,G
5-NP,533,0,0,1,6765,6766,C
5-NP,534,0,6682,0,6,6688,T
5-NP,535,6,2,6719,0,6727,G
5-NP,536,4,5,0,6726,6735,C
5-NP,537,6713,1,8,0,6722,A
5-NP,538,3,12,6739,0,6754,G
5-NP,539,0,11,6756,0,6767,G
5-NP,540,1,6764,0,2,6767,T
5-NP,541,1,2,6705,2,6710,G
5-NP,542,1,4,0,6726,6731,C
5-NP,543,2,6699,0,5,6706,T
5-NP,544,2,4,6720,0,6726,G
5-NP,545,2,1,0,6724,6727,C
5-NP,546,6783,1,2,0,6786,A
5-NP,547,1,3,6878,0,6882,G
5-NP,548,1,6830,0,2,6833,T
5-NP,549,23,94,1,6734,6852,C
5-NP,550,6841,2,3,0,6846,A
5-NP,551,6844,0,3,2,6849,A
5-NP,552,6825,1,9,2,6837,A
5-NP,553,1,15,6853,0,6869,G
5-NP,554,1,18,6869,0,6888,G
5-NP,555,6841,1,0,1,6843,A
5-NP,556,6808,1,3,0,6812,A
5-NP,557,1,6807,0,0,6808,T
5-NP,558,17,3,0,6782,6802,C
5-NP,559,3,16,6788,0,6807,G
5-NP,560,2,14,6956,1,6973,G
5-NP,561,4,22,6963,0,6989,G
5-NP,562,6942,4,4,1,6951,A
5-NP,563,1,2,0,6958,6961,C
5-NP,564,6903,1,2,0,6906,A
5-NP,565,7036,0,2,1,7039,A
5-NP,566,3,7049,0,4,7056,T
5-NP,567,1,26,7051,1,7079,G
5-NP,568,0,8,7126,0,7134,G
5-NP,569,2,6993,1,7,7003,T
5-NP,570,1,17,7008,1,7027,G
5-NP,571,7016,3,8,0,7027,A
5-NP,572,0,6997,0,1,6998,T
5-NP,573,4,18,6971,1,6994,G
5-NP,574,2,25,7029,0,7056,G
5-NP,575,7032,1,9,0,7042,A
5-NP,576,7035,0,2,0,7037,A
5-NP,577,8,3,0,6995,7006,C
5-NP,578,1,6926,0,4,6931,T
5-NP,579,6908,0,1,1,6910,A
5-NP,580,7193,2,1,0,7196,A
5-NP,581,1,7200,0,3,7204,T
5-NP,582,29,2,1,7192,7224,C
5-NP,583,7041,0,1,1,7043,A
5-NP,584,1,18,7103,1,7123,G
5-NP,585,7090,1,3,1,7095,A
5-NP,586,7102,1,0,0,7103,A
5-NP,587,0,7110,0,1,7111,T
5-NP,588,2,35,7016,0,7053,G
5-NP,589,3,8,7110,0,7121,G
5-NP,590,2,7108,1,9,7120,T
5-NP,591,35,4,1,7085,7125,C
5-NP,592,7111,2,2,0,7115,A
5-NP,593,7114,0,5,0,7119,A
5-NP,594,7129,0,1,0,7130,A
5-NP,595,3,9,0,7125,7137,C
5-NP,596,4,22,7080,5,7111,G
5-NP,597,2,12,7139,0,7153,G
5-NP,598,2,25,7053,0,7080,G
5-NP,599,1,18,7088,2,7109,G
5-NP,600,4,26,7080,2,7112,G
5-NP,601,7111,0,10,0,7121,A
5-NP,602,2,7059,4,5,7070,T
5-NP,603,17,2,0,7028,7047,C
5-NP,604,7054,0,10,0,7064,A
5-NP,605,7063,1,6,0,7070,A
5-NP,606,1,0,0,7012,7013,C
5-NP,607,2,20,6969,0,6991,G
5-NP,608,6971,0,0,0,6971,A
5-NP,609,2,6950,1,2,6955,T
5-NP,610,25,1,0,6932,6958,C
5-NP,611,8,12,6944,1,6965,G
5-NP,612,6954,2,3,0,6959,A
5-NP,613,6953,0,3,0,6956,A
5-NP,614,6962,1,1,0,6964,A
5-NP,615,0,7028,0,2,7030,T
5-NP,616,1,7011,0,4,7016,T
5-NP,617,1,6987,1,3,6992,T
5-NP,618,1,7019,1,3,7024,T
5-NP,619,4,7052,1,2,7059,T
5-NP,620,2,20,7042,1,7065,G
5-NP,621,0,21,7043,1,7065,G
5-NP,622,7009,1,3,0,7013,A
5-NP,623,5,9,7061,0,7075,G
5-NP,624,6973,2,3,0,6978,A
5-NP,625,0,13,7199,0,7212,G
5-NP,626,2,6,7236,0,7244,G
5-NP,627,2,7227,0,5,7234,T
5-NP,628,2,23,7221,0,7246,G
5-NP,629,7232,1,9,1,7243,A
5-NP,630,3,20,7273,0,7296,G
5-NP,631,7282,1,7,2,7292,A
5-NP,632,7265,2,2,1,7270,A
5-NP,633,1,7260,0,1,7262,T
5-NP,634,2,29,6993,1,7025,G
5-NP,635,0,13,6956,1,6970,G
5-NP,636,6887,2,11,0,6900,A
5-NP,637,7,13,0,6910,6930,C
5-NP,638,3,21,6915,0,6939,G
5-NP,639,0,15,7014,0,7029,G
5-NP,640,7021,2,2,0,7025,A
5-NP,641,7020,2,1,2,7025,A
5-NP,642,7080,0,5,0,7085,A
5-NP,643,7090,1,5,1,7097,A
5-NP,644,15,3,0,7101,7119,C
5-NP,645,7101,0,3,0,7104,A
5-NP,646,7089,3,5,1,7098,A
5-NP,647,0,17,7073,0,7090,G
5-NP,648,6914,3,1,0,6918,A
5-NP,649,6941,2,0,0,6943,A
5-NP,650,2,6,7085,0,7093,G
5-NP,651,0,7073,0,2,7075,T
5-NP,652,1,11,7298,0,7310,G
5-NP,653,4,3,0,7253,7260,C
5-NP,654,2,7262,0,8,7272,T
5-NP,655,0,7303,0,2,7305,T
5-NP,656,7383,0,2,0,7385,A
5-NP,657,0,7379,0,3,7382,T
5-NP,658,6,15,7398,0,7419,G
5-NP,659,7245,1,11,0,7257,A
5-NP,660,2,16,7269,2,7289,G
5-NP,661,6984,2,4,0,6990,A
5-NP,662,4,19,6986,1,7010,G
5-NP,663,6989,2,3,0,6994,A
5-NP,664,7045,0,5,0,7050,A
5-NP,665,0,6987,0,0,6987,T
5-NP,666,5,5,7052,1,7063,G
5-NP,667,2,7029,0,2,7033,T
5-NP,668,1,3,7031,0,7035,G
5-NP,669,8,1,3,7005,7017,C
5-NP,670,7012,0,1,0,7013,A
5-NP,671,7015,1,6,1,7023,A
5-NP,672,5,0,0,7003,7008,C
5-NP,673,6926,1,1,0,6928,A
5-NP,674,0,6930,2,3,6935,T
5-NP,675,1,6866,1,6,6874,T
5-NP,676,22,4,0,6862,6888,C
5-NP,677,0,6875,0,4,6879,T
5-NP,678,0,6882,0,0,6882,T
5-NP,679,6886,2,1,0,6889,A
5-NP,680,6848,1,1,1,6851,A
5-NP,681,6848,0,5,0,6853,A
5-NP,682,2,17,6841,1,6861,G
5-NP,683,0,8,6842,1,6851,G
5-NP,684,6815,2,9,0,6826,A
5-NP,685,6803,3,2,0,6808,A
5-NP,686,6803,2,8,0,6813,A
5-NP,687,6883,2,1,1,6887,A
5-NP,688,1,6844,3,2,6850,T
5-NP,689,3,6843,2,2,6850,T
5-NP,690,1,6883,0,5,6889,T
5-NP,691,19,4,0,6867,6890,C
5-NP,692,6898,2,1,0,6901,A
5-NP,693,6891,1,2,1,6895,A
5-NP,694,6897,0,2,0,6899,A
5-NP,695,6,0,0,6944,6950,C
5-NP,696,6867,0,2,0,6869,A
5-NP,697,2,4,6981,1,6988,G
5-NP,698,2,4,1,6975,6982,C
5-NP,699,0,6958,0,5,6963,T
5-NP,700,8,5,7063,0,7076,G
5-NP,701,7,6,0,7039,7052,C
5-NP,702,7112,2,5,0,7119,A
5-NP,703,2,3,1,7100,7106,C
5-NP,704,7042,1,0,0,7043,A
5-NP,705,7070,0,3,0,7073,A
5-NP,706,6892,0,1,2,6895,A
5-NP,707,2,33,7057,0,7092,G
5-NP,708,7055,0,18,1,7074,A
5-NP,709,3,2,7078,0,7083,G
5-NP,710,4,2,0,7041,7047,C
5-NP,711,7032,0,1,0,7033,A
5-NP,712,7192,1,9,1,7203,A
5-NP,713,1,7188,1,11,7201,T
5-NP,714,1,17,7194,1,7213,G
5-NP,715,1,9,7241,1,7252,G
5-NP,716,1,7048,0,6,7055,T
5-NP,717,4,20,7027,0,7051,G
5-NP,718,2,27,7063,0,7092,G
5-NP,719,7071,0,1,0,7072,A
5-NP,720,3,7052,1,8,7064,T
5-NP,721,33,2,0,6814,6849,C
5-NP,722,6858,2,2,1,6863,A
5-NP,723,6923,1,3,0,6927,A
5-NP,724,0,4,6945,0,6949,G
5-NP,725,2,6901,1,1,6905,T
5-NP,726,1,30,6869,1,6901,G
5-NP,727,6787,0,7,0,6794,A
5-NP,728,2,20,6804,2,6828,G
5-NP,729,6793,2,4,0,6799,A
5-NP,730,0,15,6791,0,6806,G
5-NP,731,6772,0,4,0,6776,A
5-NP,732,6650,0,0,0,6650,A
5-NP,733,6636,2,7,0,6645,A
5-NP,734,1,1,6683,0,6685,G
5-NP,735,1,6665,0,2,6668,T
5-NP,736,24,3,0,6632,6659,C
5-NP,737,11,12,6611,3,6637,G
5-NP,738,1,22,6634,0,6657,G
5-NP,739,6654,0,3,1,6658,A
5-NP,740,6688,1,2,0,6691,A
5-NP,741,8,5,0,6687,6700,C
5-NP,742,22,0,0,6618,6640,C
5-NP,743,17,1,0,6647,6665,C
5-NP,744,6640,2,7,0,6649,A
5-NP,745,2,8,6660,1,6671,G
5-NP,746,3,17,6657,0,6677,G
5-NP,747,6649,0,2,0,6651,A
5-NP,748,6658,0,4,0,6662,A
5-NP,749,6622,1,4,0,6627,A
5-NP,750,7,0,0,6627,6634,C
5-NP,751,7,7,6604,0,6618,G
5-NP,752,4,1,0,6602,6607,C
5-NP,753,0,6584,0,4,6588,T
5-NP,754,1,24,6585,0,6610,G
5-NP,755,6586,0,3,0,6589,A
5-NP,756,1,11,6681,0,6693,G
5-NP,757,6723,4,1,0,6728,A
5-NP,758,2,6704,0,3,6709,T
5-NP,759,16,4,0,6640,6660,C
5-NP,760,29,15,6614,0,6658,G
5-NP,761,6650,1,5,0,6656,A
5-NP,762,6634,0,3,1,6638,A
5-NP,763,1,6,6635,0,6642,G
5-NP,764,6607,2,7,0,6616,A
5-NP,765,5,2,0,6414,6421,C
5-NP,766,14,2,0,6571,6587,C
5-NP,767,1,6572,0,12,6585,T
5-NP,768,21,1,0,6598,6620,C
5-NP,769,6618,3,1,2,6624,A
5-NP,770,1,6624,0,3,6628,T
5-NP,771,6628,0,0,0,6628,A
5-NP,772,0,6617,2,11,6630,T
5-NP,773,1,6581,0,10,6592,T
5-NP,774,2,6495,0,1,6498,T
5-NP,775,1,6447,0,2,6450,T
5-NP,776,0,6459,0,0,6459,T
5-NP,777,6442,0,1,0,6443,A
5-NP,778,0,3,6439,0,6442,G
5-NP,779,3,6,0,6415,6424,C
5-NP,780,6405,1,1,1,6408,A
5-NP,781,6389,2,2,1,6394,A
5-NP,782,1,30,6515,3,6549,G
5-NP,783,6550,1,1,0,6552,A
5-NP,784,2,6541,1,4,6548,T
5-NP,785,4,0,0,6585,6589,C
5-NP,786,0,6553,2,9,6564,T
5-NP,787,4,3,6675,1,6683,G
5-NP,788,3,3,0,6683,6689,C
5-NP,789,6695,0,4,0,6699,A
5-NP,790,2,6749,0,1,6752,T
5-NP,791,1,6561,1,1,6564,T
5-NP,792,1,22,6810,0,6833,G
5-NP,793,6925,0,3,0,6928,A
5-NP,794,3,6916,0,3,6922,T
5-NP,795,6927,2,4,0,6933,A
5-NP,796,1,6792,0,1,6794,T
5-NP,797,2,6733,0,1,6736,T
5-NP,798,3,20,6734,0,6757,G
5-NP,799,6670,1,9,0,6680,A
5-NP,800,6,12,6705,0,6723,G
5-NP,801,6417,1,2,0,6420,A
5-NP,802,4,19,6249,0,6272,G
5-NP,803,1,25,6311,0,6337,G
5-NP,804,6314,0,5,0,6319,A
5-NP,805,2,6305,0,4,6311,T
5-NP,806,19,1,0,6299,6319,C
5-NP,807,6265,0,2,1,6268,A
5-NP,808,1,6,6289,0,6296,G
5-NP,809,0,6257,0,3,6260,T
5-NP,810,0,6208,0,2,6210,T
5-NP,811,1,1,6197,0,6199,G
5-NP,812,2,1,1,6102,6106,C
5-NP,813,1,6095,0,5,6101,T
5-NP,814,40,1,2,6088,6131,C
5-NP,815,6137,2,4,0,6143,A
5-NP,816,3,4,1,6141,6149,C
5-NP,817,6118,0,2,0,6120,A
5-NP,818,6158,0,1,0,6159,A
5-NP,819,6157,2,1,1,6161,A
5-NP,820,4,6126,0,0,6130,T
5-NP,821,15,0,0,6121,6136,C
5-NP,822,0,6112,0,4,6116,T
5-NP,823,4,6083,0,0,6087,T
5-NP,824,3,1,6099,0,6103,G
5-NP,825,11,0,0,6096,6107,C
5-NP,826,19,1,1,6161,6182,C
5-NP,827,0,6152,1,2,6155,T
5-NP,828,6180,0,4,0,6184,A
5-NP,829,3,3,0,6166,6172,C
5-NP,830,20,3,0,6153,6176,C
5-NP,831,2,6145,1,11,6159,T
5-NP,832,0,5,6224,1,6230,G
5-NP,833,5,2,0,6201,6208,C
5-NP,834,9,1,2,6190,6202,C
5-NP,835,1,6107,0,2,6110,T
5-NP,836,0,5,6199,0,6204,G
5-NP,837,0,6155,0,4,6159,T
5-NP,838,0,5,6206,0,6211,G
5-NP,839,16,4,4,6200,6224,C
5-NP,840,5,1,6272,0,6278,G
5-NP,841,1,6169,0,5,6175,T
5-NP,842,6158,0,1,0,6159,A
5-NP,843,0,6163,0,0,6163,T
5-NP,844,4,17,6147,1,6169,G
5-NP,845,3,19,6296,1,6319,G
5-NP,846,6271,1,4,0,6276,A
5-NP,847,5,1,0,6124,6130,C
5-NP,848,15,0,0,6070,6085,C
5-NP,849,5,5962,2,6,5975,T
5-NP,850,3,2,6196,0,6201,G
5-NP,851,3,2,0,6201,6206,C
5-NP,852,6199,1,8,0,6208,A
5-NP,853,4,2,6273,0,6279,G
5-NP,854,1,5946,0,1,5948,T
5-NP,855,6096,0,0,1,6097,A
5-NP,856,1,6075,0,4,6080,T
5-NP,857,13,1,0,6030,6044,C
5-NP,858,20,6,1,6029,6056,C
5-NP,859,5723,0,1,0,5724,A
5-NP,860,0,3,5738,2,5743,G
5-NP,861,1,5694,0,1,5696,T
5-NP,862,2,13,5662,0,5677,G
5-NP,863,5,25,5632,0,5662,G
5-NP,864,0,7,5561,1,5569,G
5-NP,865,2,5540,0,8,5550,T
5-NP,866,5534,0,2,0,5536,A
5-NP,867,3,5,0,5516,5524,C
5-NP,868,1,33,5464,0,5498,G
5-NP,869,5468,0,0,1,5469,A
5-NP,870,1,2,0,5457,5460,C
5-NP,871,0,5276,0,1,5277,T
5-NP,872,1,5285,0,1,5287,T
5-NP,873,15,3,0,5246,5264,C
5-NP,874,2,12,5261,0,5275,G
5-NP,875,5268,0,4,2,5274,A
5-NP,876,5267,0,4,1,5272,A
5-NP,877,5277,0,1,2,5280,A
5-NP,878,5271,0,2,1,5274,A
5-NP,879,5247,1,1,1,5250,A
5-NP,880,0,11,5271,0,5282,G
5-NP,881,5252,1,6,0,5259,A
5-NP,882,1,13,5272,0,5286,G
5-NP,883,1,17,5270,1,5289,G
5-NP,884,2,20,5288,0,5310,G
5-NP,885,5311,1,1,1,5314,A
5-NP,886,1,5286,0,3,5290,T
5-NP,887,5307,0,2,0,5309,A
5-NP,888,0,5300,1,2,5303,T
5-NP,889,4,5284,0,2,5290,T
5-NP,890,16,0,0,5314,5330,C
5-NP,891,7,2,0,5275,5284,C
5-NP,892,3,5192,1,1,5197,T
5-NP,893,0,5187,2,0,5189,T
5-NP,894,2,17,5204,0,5223,G
5-NP,895,2,4,5245,0,5251,G
5-NP,896,2,5203,0,1,5206,T
5-NP,897,5,15,5172,0,5192,G
5-NP,898,0,10,5144,1,5155,G
5-NP,899,1,12,5274,1,5288,G
5-NP,900,5271,0,7,0,5278,A
5-NP,901,5278,0,3,1,5282,A
5-NP,902,1,5278,0,0,5279,T
5-NP,903,5149,0,3,1,5153,A
5-NP,904,1,14,5139,0,5154,G
5-NP,905,5092,1,8,0,5101,A
5-NP,906,11,0,0,5084,5095,C
5-NP,907,21,1,1,5005,5028,C
5-NP,908,19,0,0,4775,4794,C
5-NP,909,0,4801,1,8,4810,T
5-NP,910,0,4809,0,4,4813,T
5-NP,911,0,4813,0,3,4816,T
5-NP,912,17,0,0,4806,4823,C
5-NP,913,4795,2,2,1,4800,A
5-NP,914,4803,0,2,0,4805,A
5-NP,915,4783,1,4,0,4788,A
5-NP,916,5,1,0,4782,4788,C
5-NP,917,0,4648,0,2,4650,T
5-NP,918,4597,1,0,1,4599,A
5-NP,919,6,0,0,4622,4628,C
5-NP,920,1,4599,0,0,4600,T
5-NP,921,0,4603,0,0,4603,T
5-NP,922,9,0,0,4603,4612,C
5-NP,923,4587,0,0,0,4587,A
5-NP,924,4592,0,0,1,4593,A
5-NP,925,4560,0,2,0,4562,A
5-NP,926,4565,2,1,0,4568,A
5-NP,927,1,4517,0,0,4518,T
5-NP,928,4416,0,2,0,4418,A
5-NP,929,1,1,4459,0,4461,G
5-NP,930,2,0,1,4470,4473,C
5-NP,931,8,0,0,4489,4497,C
5-NP,932,4504,0,2,1,4507,A
5-NP,933,4519,1,0,0,4520,A
5-NP,934,4609,0,4,0,4613,A
5-NP,935,0,4616,0,0,4616,T
5-NP,936,4628,0,1,0,4629,A
5-NP,937,0,4622,0,1,4623,T
5-NP,938,4539,0,2,0,4541,A
5-NP,939,8,1,1,4533,4543,C
5-NP,940,4387,0,1,0,4388,A
5-NP,941,1,0,4463,0,4464,G
5-NP,942,1,1,0,4445,4447,C
5-NP,943,1,4270,0,0,4271,T
5-NP,944,2,4293,1,0,4296,T
5-NP,945,4296,0,1,0,4297,A
5-NP,946,4296,1,0,0,4297,A
5-NP,947,0,4289,0,1,4290,T
5-NP,948,29,1,1,4258,4289,C
5-NP,949,4074,2,2,0,4078,A
5-NP,950,0,14,4087,0,4101,G
5-NP,951,4091,0,2,0,4093,A
5-NP,952,6,0,0,4108,4114,C
5-NP,953,7,0,0,4055,4062,C
5-NP,954,0,3992,0,1,3993,T
5-NP,955,4013,0,1,0,4014,A
5-NP,956,4009,1,0,0,4010,A
5-NP,957,1,2,0,4022,4025,C
5-NP,958,3,10,4006,0,4019,G
5-NP,959,3933,1,1,0,3935,A
5-NP,960,0,13,3921,0,3934,G
5-NP,961,3881,0,1,0,3882,A
5-NP,962,3897,1,1,0,3899,A
5-NP,963,1,3892,0,0,3893,T
5-NP,964,13,0,1,3836,3850,C
5-NP,965,12,1,1,3834,3848,C
5-NP,966,3772,0,5,0,3777,A
5-NP,967,0,1,3801,0,3802,G
5-NP,968,1,1,0,3799,3801,C
5-NP,969,3817,0,5,0,3822,A
5-NP,970,1,2,0,3827,3830,C
5-NP,971,3738,0,5,0,3743,A
5-NP,972,2,1,1,3749,3753,C
5-NP,973,3725,0,1,0,3726,A
5-NP,974,3733,1,1,0,3735,A
5-NP,975,3,7,3720,0,3730,G
5-NP,976,3643,0,8,0,3651,A
5-NP,977,0,1,3670,0,3671,G
5-NP,978,2,3570,0,3,3575,T
5-NP,979,23,0,1,3531,3555,C
5-NP,980,3529,0,4,0,3533,A
5-NP,981,0,2,3532,0,3534,G
5-NP,982,2,0,0,3523,3525,C
5-NP,983,1,3452,0,1,3454,T
5-NP,984,2,10,3440,1,3453,G
5-NP,985,0,5,3456,0,3461,G
5-NP,986,0,3409,0,2,3411,T
5-NP,987,1,2,3423,0,3426,G
5-NP,988,0,3353,0,2,3355,T
5-NP,989,3,15,3315,0,3333,G
5-NP,990,0,7,3293,0,3300,G
5-NP,991,3250,1,1,0,3252,A
5-NP,992,0,3255,0,2,3257,T
5-NP,993,0,12,2973,1,2986,G
5-NP,994,1,6,2917,0,2924,G
5-NP,995,1,0,0,2910,2911,C
5-NP,996,2830,0,3,0,2833,A
5-NP,997,0,2823,5,2,2830,T
5-NP,998,2,3,2778,0,2783,G
5-NP,999,2,0,2,2773,2777,C
5-NP,1000,13,0,1,2761,2775,C
5-NP,1001,2761,2,0,0,2763,A
5-NP,1002,0,2750,0,1,2751,T
5-NP,1003,1,2652,1,2,2656,T
5-NP,1004,9,1,0,2662,2672,C
5-NP,1005,0,2570,0,0,2570,T
5-NP,1006,1,1,2570,0,2572,G
5-NP,1007,0,0,0,2560,2560,C
5-NP,1008,1,2340,0,0,2341,T
5-NP,1009,0,0,2354,0,2354,G
5-NP,1010,2,1,0,2212,2215,C
5-NP,1011,2206,0,0,0,2206,A
5-NP,1012,0,2204,0,0,2204,T
5-NP,1013,0,2162,1,2,2165,T
5-NP,1014,1,2170,0,1,2172,T
5-NP,1015,0,7,2163,0,2170,G
5-NP,1016,2171,0,0,0,2171,A
5-NP,1017,2167,0,2,0,2169,A
5-NP,1018,0,6,2182,0,2188,G
5-NP,1019,2173,0,0,0,2173,A
5-NP,1020,0,2168,0,0,2168,T
5-NP,1021,0,2168,0,0,2168,T
5-NP,1022,1,2169,0,0,2170,T
5-NP,1023,2169,1,1,0,2171,A
5-NP,1024,2174,0,0,0,2174,A
5-NP,1025,0,3,2168,0,2171,G
5-NP,1026,2173,0,1,0,2174,A
5-NP,1027,0,2153,1,3,2157,T
5-NP,1028,0,2111,0,2,2113,T
5-NP,1029,0,2,2131,0,2133,G
5-NP,1030,0,2128,0,0,2128,T
5-NP,1031,1,2124,0,2,2127,T
5-NP,1032,2120,1,6,0,2127,A
5-NP,1033,2133,0,0,0,2133,A
5-NP,1034,0,1,2135,0,2136,G
5-NP,1035,1,0,0,2135,2136,C
5-NP,1036,0,2099,0,2,2101,T
5-NP,1037,1,2092,1,1,2095,T
5-NP,1038,5,0,1,2103,2109,C
5-NP,1039,2103,0,2,0,2105,A
5-NP,1040,0,2103,0,0,2103,T
5-NP,1041,4,0,1,2101,2106,C
5-NP,1042,2072,0,0,0,2072,A
5-NP,1043,1,2,2068,0,2071,G
5-NP,1044,2039,0,2,0,2041,A
5-NP,1045,0,2,2038,0,2040,G
5-NP,1046,0,10,2030,0,2040,G
5-NP,1047,1,9,2004,0,2014,G
5-NP,1048,2020,1,2,0,2023,A
5-NP,1049,0,0,0,2018,2018,C
5-NP,1050,2008,0,1,0,2009,A
5-NP,1051,2016,0,1,0,2017,A
5-NP,1052,2019,0,0,1,2020,A
5-NP,1053,2018,0,3,1,2022,A
5-NP,1054,0,0,2032,0,2032,G
5-NP,1055,1,1982,0,0,1983,T
5-NP,1056,1962,0,0,0,1962,A
5-NP,1057,1,1948,0,2,1951,T
5-NP,1058,5,0,0,1952,1957,C
5-NP,1059,0,1947,0,0,1947,T
5-NP,1060,7,0,0,1945,1952,C
5-NP,1061,2,0,0,1941,1943,C
5-NP,1062,1,1925,0,0,1926,T
5-NP,1063,4,1,0,1923,1928,C
5-NP,1064,0,8,1912,0,1920,G
5-NP,1065,0,4,1923,0,1927,G
5-NP,1066,2,7,1916,1,1926,G
5-NP,1067,0,3,1921,1,1925,G
5-NP,1068,3,5,1914,0,1922,G
5-NP,1069,1884,0,0,0,1884,A
5-NP,1070,1886,0,0,0,1886,A
5-NP,1071,1885,1,1,0,1887,A
5-NP,1072,1,0,0,1893,1894,C
5-NP,1073,0,1868,0,0,1868,T
5-NP,1074,0,0,1878,0,1878,G
5-NP,1075,0,1866,0,1,1867,T
5-NP,1076,9,1,0,1860,1870,C
5-NP,1077,1884,1,0,0,1885,A
5-NP,1078,1895,0,1,0,1896,A
5-NP,1079,0,0,0,1897,1897,C
5-NP,1080,0,1889,0,0,1889,T
5-NP,1081,1850,1,1,0,1852,A
5-NP,1082,1,0,1852,0,1853,G
5-NP,1083,1823,0,1,0,1824,A
5-NP,1084,0,2,1818,0,1820,G
5-NP,1085,0,8,1811,0,1819,G
5-NP,1086,1730,0,0,0,1730,A
5-NP,1087,0,1,1749,2,1752,G
5-NP,1088,0,1725,0,1,1726,T
5-NP,1089,1723,0,2,0,1725,A
5-NP,1090,0,1,0,1720,1721,C
5-NP,1091,1695,0,1,0,1696,A
5-NP,1092,1693,0,0,0,1693,A
5-NP,1093,1676,1,1,0,1678,A
5-NP,1094,0,1661,0,0,1661,T
5-NP,1095,0,1638,0,1,1639,T
5-NP,1096,2,1,1578,0,1581,G
5-NP,1097,1,0,0,1562,1563,C
5-NP,1098,0,1557,0,2,1559,T
5-NP,1099,0,1559,0,0,1559,T
5-NP,1100,6,1,0,1554,1561,C
5-NP,1101,1557,0,3,0,1560,A
5-NP,1102,1564,0,0,0,1564,A
5-NP,1103,1561,0,0,1,1562,A
5-NP,1104,0,1561,0,1,1562,T
5-NP,1105,0,3,1557,0,1560,G
5-NP,1106,1525,0,0,0,1525,A
5-NP,1107,0,7,1523,0,1530,G
5-NP,1108,1534,0,0,0,1534,A
5-NP,1109,1530,0,0,0,1530,A
5-NP,1110,0,0,0,1529,1529,C
5-NP,1111,1511,0,0,0,1511,A
5-NP,1112,0,1508,0,0,1508,T
5-NP,1113,0,2,1501,0,1503,G
5-NP,1114,1,1,1509,0,1511,G
5-NP,1115,1501,0,2,0,1503,A
5-NP,1116,0,1476,0,0,1476,T
5-NP,1117,1463,0,0,1,1464,A
5-NP,1118,1495,1,1,0,1497,A
5-NP,1119,0,1462,0,0,1462,T
5-NP,1120,1443,0,1,0,1444,A
5-NP,1121,0,1428,0,2,1430,T
5-NP,1122,0,2,1335,0,1337,G
5-NP,1123,0,1,1295,0,1296,G
5-NP,1124,0,3,1283,0,1286,G
5-NP,1125,1277,0,0,0,1277,A
5-NP,1126,1,1277,0,0,1278,T
5-NP,1127,3,0,0,966,969,C
5-NP,1128,1,3,962,0,966,G
5-NP,1129,965,0,0,0,965,A
5-NP,1130,0,1,965,0,966,G
5-NP,1131,0,2,1,955,958,C
5-NP,1132,948,0,0,0,948,A
5-NP,1133,3,0,0,967,970,C
5-NP,1134,0,943,0,0,943,T
5-NP,1135,3,0,1,949,953,C
5-NP,1136,2,944,1,0,947,T
5-NP,1137,0,923,0,0,923,T
5-NP,1138,0,4,919,0,923,G
5-NP,1139,922,0,0,0,922,A
5-NP,1140,929,0,0,0,929,A
5-NP,1141,1,0,0,928,929,C
5-NP,1142,0,654,0,0,654,T
5-NP,1143,1,3,651,0,655,G
5-NP,1144,630,0,1,0,631,A
5-NP,1145,0,0,634,0,634,G
5-NP,1146,630,0,1,1,632,A
5-NP,1147,619,0,0,0,619,A
5-NP,1148,0,0,620,0,620,G
5-NP,1149,1,1,0,594,596,C
5-NP,1150,0,1,596,0,597,G
5-NP,1151,0,2,590,0,592,G
5-NP,1152,0,0,573,0,573,G
5-NP,1153,0,566,0,0,566,T
5-NP,1154,550,0,0,0,550,A
5-NP,1155,1,0,0,545,546,C
5-NP,1156,1,388,0,0,389,T
5-NP,1157,0,1,379,0,380,G
5-NP,1158,0,1,362,0,363,G
5-NP,1159,0,1,356,0,357,G
5-NP,1160,1,0,0,346,347,C
5-NP,1161,1,0,0,310,311,C
5-NP,1162,308,0,0,0,308,A
5-NP,1163,0,309,0,1,310,T
5-NP,1164,309,0,0,0,309,A
5-NP,1165,309,0,0,0,309,A
5-NP,1166,0,3,302,0,305,G
5-NP,1167,0,1,308,0,309,G
5-NP,1168,307,0,0,0,307,A
5-NP,1169,0,0,0,307,307,C
5-NP,1170,0,0,0,307,307,C
5-NP,1171,306,0,0,0,306,A
5-NP,1172,0,0,315,0,315,G
5-NP,1173,0,0,313,0,313,G
5-NP,1174,314,0,0,0,314,A
5-NP,1175,0,0,318,0,318,G
5-NP,1176,0,311,0,0,311,T
5-NP,1177,0,0,308,0,308,G
5-NP,1178,0,1,311,0,312,G
5-NP,1179,311,0,0,0,311,A
5-NP,1180,0,1,310,0,311,G
5-NP,1181,0,1,305,0,306,G
5-NP,1182,301,0,0,0,301,A
5-NP,1183,302,0,0,0,302,A
5-NP,1184,299,0,0,0,299,A
5-NP,1185,0,0,0,300,300,C
5-NP,1186,296,0,0,0,296,A
5-NP,1187,0,1,0,298,299,C
5-NP,1188,0,289,0,0,289,T
5-NP,1189,293,0,0,0,293,A
5-NP,1190,291,0,0,0,291,A
5-NP,1191,0,290,0,0,290,T
5-NP,1192,1,0,0,294,295,C
5-NP,1193,291,0,1,0,292,A
5-NP,1194,294,0,0,0,294,A
5-NP,1195,0,0,0,294,294,C
5-NP,1196,285,0,0,0,285,A
5-NP,1197,0,1,284,0,285,G
5-NP,1198,280,0,0,0,280,A
5-NP,1199,0,0,280,0,280,G
5-NP,1200,0,2,279,0,281,G
5-NP,1201,0,0,281,0,281,G
5-NP,1202,0,0,0,280,280,C
5-NP,1203,0,0,0,278,278,C
5-NP,1204,0,272,0,1,273,T
5-NP,1205,1,0,0,277,278,C
5-NP,1206,0,1,0,276,277,C
5-NP,1207,0,0,278,0,278,G
5-NP,1208,1,1,0,275,277,C
5-NP,1209,276,0,0,0,276,A
5-NP,1210,0,0,288,0,288,G
5-NP,1211,0,0,286,0,286,G
5-NP,1212,0,0,0,288,288,C
5-NP,1213,0,0,0,287,287,C
5-NP,1214,282,0,0,0,282,A
5-NP,1215,282,0,0,0,282,A
5-NP,1216,282,0,0,0,282,A
5-NP,1217,0,0,0,285,285,C
5-NP,1218,0,0,0,286,286,C
5-NP,1219,265,0,0,0,265,A
5-NP,1220,0,0,269,0,269,G
5-NP,1221,0,267,0,0,267,T
5-NP,1222,0,0,268,0,268,G
5-NP,1223,0,268,0,0,268,T
5-NP,1224,0,0,267,0,267,G
5-NP,1225,0,1,0,266,267,C
5-NP,1226,264,0,0,0,264,A
5-NP,1227,271,0,0,0,271,A
5-NP,1228,0,0,0,271,271,C
5-NP,1229,0,0,0,277,277,C
5-NP,1230,0,273,0,0,273,T
5-NP,1231,266,0,0,0,266,A
5-NP,1232,0,0,0,265,265,C
5-NP,1233,0,0,266,0,266,G
5-NP,1234,0,264,0,0,264,T
5-NP,1235,0,265,0,0,265,T
5-NP,1236,0,263,0,0,263,T
5-NP,1237,0,262,0,0,262,T
5-NP,1238,1,0,0,260,261,C
5-NP,1239,0,257,0,0,257,T
5-NP,1240,0,1,258,0,259,G
5-NP,1241,0,256,0,1,257,T
5-NP,1242,258,0,0,0,258,A
5-NP,1243,0,0,0,258,258,C
5-NP,1244,255,0,0,0,255,A
5-NP,1245,255,0,0,0,255,A
5-NP,1246,253,0,0,0,253,A
5-NP,1247,0,0,255,0,255,G
5-NP,1248,256,0,0,0,256,A
5-NP,1249,253,0,0,0,253,A
5-NP,1250,253,0,0,0,253,A
5-NP,1251,0,0,0,253,253,C
5-NP,1252,0,0,0,246,246,C
5-NP,1253,0,242,0,2,244,T
5-NP,1254,1,0,0,243,244,C
5-NP,1255,0,1,0,244,245,C
5-NP,1256,1,0,0,244,245,C
5-NP,1257,244,0,0,0,244,A
5-NP,1258,1,248,0,0,249,T
5-NP,1259,0,248,0,0,248,T
5-NP,1260,0,250,0,0,250,T
5-NP,1261,0,0,250,0,250,G
5-NP,1262,251,0,0,0,251,A
5-NP,1263,251,0,0,0,251,A
5-NP,1264,249,1,0,0,250,A
5-NP,1265,249,0,0,0,249,A
5-NP,1266,0,0,249,0,249,G
5-NP,1267,0,246,0,1,247,T
5-NP,1268,1,0,0,246,247,C
5-NP,1269,247,0,0,0,247,A
5-NP,1270,248,0,1,0,249,A
5-NP,1271,0,0,0,250,250,C
5-NP,1272,2,0,0,249,251,C
5-NP,1273,252,0,0,0,252,A
5-NP,1274,0,253,0,0,253,T
5-NP,1275,0,0,0,251,251,C
5-NP,1276,249,0,0,0,249,A
5-NP,1277,0,252,0,0,252,T
5-NP,1278,1,1,248,0,250,G
5-NP,1279,1,0,250,0,251,G
5-NP,1280,0,0,0,252,252,C
5-NP,1281,245,0,0,0,245,A
5-NP,1282,0,2,246,0,248,G
5-NP,1283,1,0,0,242,243,C
5-NP,1284,241,0,0,0,241,A
5-NP,1285,0,240,0,0,240,T
5-NP,1286,0,236,0,0,236,T
5-NP,1287,0,0,0,240,240,C
5-NP,1288,238,0,0,0,238,A
5-NP,1289,1,1,0,236,238,C
5-NP,1290,0,237,0,0,237,T
5-NP,1291,0,0,237,1,238,G
5-NP,1292,0,0,240,0,240,G
5-NP,1293,237,0,0,0,237,A
5-NP,1294,237,0,0,0,237,A
5-NP,1295,238,0,0,0,238,A
5-NP,1296,0,234,0,0,234,T
5-NP,1297,235,0,0,0,235,A
5-NP,1298,0,1,0,233,234,C
5-NP,1299,2,1,230,0,233,G
5-NP,1300,0,0,234,0,234,G
5-NP,1301,232,0,0,0,232,A
5-NP,1302,0,0,235,0,235,G
5-NP,1303,0,0,235,0,235,G
5-NP,1304,0,1,233,0,234,G
5-NP,1305,231,0,0,0,231,A
5-NP,1306,230,0,1,0,231,A
5-NP,1307,0,0,233,0,233,G
5-NP,1308,233,0,0,0,233,A
5-NP,1309,233,0,0,0,233,A
5-NP,1310,0,0,0,236,236,C
5-NP,1311,0,231,0,1,232,T
5-NP,1312,0,235,0,0,235,T
5-NP,1313,0,0,0,232,232,C
5-NP,1314,231,1,0,0,232,A
5-NP,1315,0,0,233,0,233,G
5-NP,1316,230,0,0,0,230,A
5-NP,1317,0,0,0,230,230,C
5-NP,1318,230,0,0,0,230,A
5-NP,1319,0,225,0,0,225,T
5-NP,1320,0,0,225,0,225,G
5-NP,1321,219,0,0,0,219,A
5-NP,1322,0,0,219,0,219,G
5-NP,1323,0,0,219,0,219,G
5-NP,1324,0,0,218,0,218,G
5-NP,1325,0,0,0,218,218,C
5-NP,1326,215,0,0,0,215,A
5-NP,1327,0,1,216,0,217,G
5-NP,1328,217,0,0,0,217,A
5-NP,1329,217,0,0,0,217,A
5-NP,1330,217,0,0,0,217,A
5-NP,1331,0,217,0,0,217,T
5-NP,1332,0,0,1,218,219,C
5-NP,1333,219,0,0,0,219,A
5-NP,1334,0,218,0,1,219,T
5-NP,1335,219,0,0,0,219,A
5-NP,1336,219,0,0,0,219,A
5-NP,1337,0,0,219,0,219,G
5-NP,1338,212,0,0,0,212,A
5-NP,1339,211,0,1,0,212,A
5-NP,1340,0,208,0,0,208,T
5-NP,1341,0,0,208,0,208,G
5-NP,1342,208,0,0,0,208,A
5-NP,1343,0,208,0,0,208,T
5-NP,1344,0,1,209,0,210,G
5-NP,1345,0,0,208,0,208,G
5-NP,1346,202,0,0,0,202,A
5-NP,1347,199,0,1,0,200,A
5-NP,1348,190,0,0,0,190,A
5-NP,1349,0,0,193,0,193,G
5-NP,1350,0,191,0,0,191,T
5-NP,1351,0,0,191,0,191,G
5-NP,1352,0,0,0,192,192,C
5-NP,1353,193,0,0,0,193,A
5-NP,1354,191,0,0,0,191,A
5-NP,1355,188,0,0,0,188,A
5-NP,1356,192,0,0,0,192,A
5-NP,1357,0,0,0,194,194,C
5-NP,1358,1,0,0,190,191,C
5-NP,1359,188,0,0,0,188,A
5-NP,1360,0,0,189,0,189,G
5-NP,1361,188,0,0,0,188,A
5-NP,1362,188,0,0,1,189,A
5-NP,1363,0,0,188,0,188,G
5-NP,1364,189,0,0,0,189,A
5-NP,1365,183,0,0,0,183,A
5-NP,1366,0,0,186,0,186,G
5-NP,1367,0,185,0,0,185,T
5-NP,1368,0,0,185,0,185,G
5-NP,1369,0,185,0,0,185,T
5-NP,1370,0,0,0,185,185,C
5-NP,1371,185,0,0,0,185,A
5-NP,1372,0,187,0,0,187,T
5-NP,1373,0,184,0,0,184,T
5-NP,1374,1,0,0,184,185,C
5-NP,1375,1,0,0,184,185,C
5-NP,1376,1,0,182,0,183,G
5-NP,1377,0,0,184,0,184,G
5-NP,1378,0,1,185,0,186,G
5-NP,1379,0,0,184,0,184,G
5-NP,1380,179,0,0,0,179,A
5-NP,1381,180,0,0,0,180,A
5-NP,1382,0,0,180,0,180,G
5-NP,1383,0,0,180,0,180,G
5-NP,1384,0,0,181,0,181,G
5-NP,1385,0,1,179,0,180,G
5-NP,1386,178,0,0,0,178,A
5-NP,1387,0,0,179,0,179,G
5-NP,1388,0,177,0,0,177,T
5-NP,1389,0,0,0,175,175,C
5-NP,1390,0,178,0,0,178,T
5-NP,1391,0,179,0,0,179,T
5-NP,1392,1,0,0,178,179,C
5-NP,1393,0,0,177,0,177,G
5-NP,1394,178,0,1,0,179,A
5-NP,1395,0,0,182,0,182,G
5-NP,1396,0,0,0,179,179,C
5-NP,1397,0,179,0,0,179,T
5-NP,1398,0,0,0,180,180,C
5-NP,1399,0,179,0,0,179,T
5-NP,1400,2,0,0,177,179,C
5-NP,1401,179,0,0,0,179,A
5-NP,1402,0,0,179,0,179,G
5-NP,1403,178,0,1,0,179,A
5-NP,1404,0,0,0,178,178,C
5-NP,1405,0,1,178,0,179,G
5-NP,1406,176,0,0,0,176,A
5-NP,1407,0,0,176,0,176,G
5-NP,1408,172,0,0,0,172,A
5-NP,1409,171,0,0,0,171,A
5-NP,1410,0,0,170,0,170,G
5-NP,1411,0,0,170,0,170,G
5-NP,1412,1,1,0,170,172,C
5-NP,1413,172,0,0,0,172,A
5-NP,1414,170,0,2,0,172,A
5-NP,1415,0,0,0,172,172,C
5-NP,1416,0,1,172,0,173,G
5-NP,1417,173,0,0,0,173,A
5-NP,1418,172,0,1,0,173,A
5-NP,1419,1,0,0,171,172,C
5-NP,1420,1,0,0,169,170,C
5-NP,1421,0,0,0,165,165,C
5-NP,1422,0,0,165,0,165,G
5-NP,1423,166,0,0,0,166,A
5-NP,1424,0,164,0,0,164,T
5-NP,1425,0,0,0,163,163,C
5-NP,1426,0,0,163,0,163,G
5-NP,1427,0,160,0,0,160,T
5-NP,1428,0,0,160,0,160,G
5-NP,1429,0,0,0,160,160,C
5-NP,1430,1,0,0,158,159,C
5-NP,1431,0,0,0,159,159,C
5-NP,1432,1,155,0,0,156,T
5-NP,1433,0,0,0,161,161,C
5-NP,1434,0,160,0,0,160,T
5-NP,1435,0,159,0,0,159,T
5-NP,1436,0,160,0,0,160,T
5-NP,1437,0,158,0,0,158,T
5-NP,1438,0,0,157,0,157,G
5-NP,1439,155,0,0,0,155,A
5-NP,1440,0,155,0,0,155,T
5-NP,1441,153,0,0,0,153,A
5-NP,1442,0,127,0,0,127,T
5-NP,1443,0,0,130,0,130,G
5-NP,1444,128,0,0,0,128,A
5-NP,1445,0,0,129,0,129,G
5-NP,1446,0,127,0,0,127,T
5-NP,1447,122,0,0,0,122,A
5-NP,1448,121,0,0,0,121,A
5-NP,1449,0,122,0,0,122,T
5-NP,1450,0,0,121,1,122,G
5-NP,1451,122,0,0,0,122,A
5-NP,1452,110,0,0,0,110,A
5-NP,1453,0,1,110,0,111,G
5-NP,1454,0,0,100,0,100,G
5-NP,1455,101,0,0,0,101,A
5-NP,1456,0,100,0,0,100,T
5-NP,1457,0,0,0,99,99,C
5-NP,1458,0,98,0,0,98,T
5-NP,1459,0,98,0,0,98,T
5-NP,1460,98,0,0,0,98,A
5-NP,1461,1,97,0,0,98,T
5-NP,1462,1,95,0,0,96,T
5-NP,1463,0,94,0,0,94,T
5-NP,1464,0,0,0,94,94,C
5-NP,1465,0,94,0,0,94,T
5-NP,1466,0,95,0,0,95,T
5-NP,1467,0,0,0,95,95,C
5-NP,1468,0,0,93,0,93,G
5-NP,1469,0,0,93,0,93,G
5-NP,1470,91,0,0,0,91,A
5-NP,1471,0,0,92,0,92,G
5-NP,1472,91,0,0,0,91,A
5-NP,1473,0,0,0,90,90,C
5-NP,1474,87,0,0,0,87,A
5-NP,1475,87,0,0,0,87,A
5-NP,1476,0,87,0,0,87,T
5-NP,1477,0,0,87,0,87,G
5-NP,1478,0,0,0,86,86,C
5-NP,1479,84,0,0,0,84,A
5-NP,1480,0,0,83,0,83,G
5-NP,1481,83,0,0,0,83,A
5-NP,1482,82,0,0,0,82,A
5-NP,1483,0,0,82,0,82,G
5-NP,1484,52,0,0,0,52,A
5-NP,1485,0,0,52,0,52,G
5-NP,1486,0,45,0,0,45,T
5-NP,1487,44,0,0,0,44,A
5-NP,1488,0,38,0,0,38,T
5-NP,1489,0,0,38,0,38,G
5-NP,1490,38,0,0,0,38,A
5-NP,1491,0,0,0,38,38,C
5-NP,1492,22,0,0,0,22,A
5-NP,1493,21,0,0,0,21,A
5-NP,1494,0,13,0,0,13,T
5-NP,1495,0,13,0,0,13,T
5-NP,1496,12,0,0,0,12,A
5-NP,1497,11,0,0,0,11,A
6-NA,1,130,0,0,0,130,A
6-NA,2,0,131,0,0,131,T
6-NA,3,0,0,131,0,131,G
6-NA,4,131,0,1,0,132,A
6-NA,5,136,0,1,0,137,A
6-NA,6,0,136,0,1,137,T
6-NA,7,0,0,0,136,136,C
6-NA,8,0,0,0,138,138,C
6-NA,9,138,0,0,0,138,A
6-NA,10,149,0,0,0,149,A
6-NA,11,150,0,0,0,150,A
6-NA,12,0,152,0,0,152,T
6-NA,13,0,0,0,151,151,C
6-NA,14,150,0,1,0,151,A
6-NA,15,156,0,0,0,156,A
6-NA,16,156,0,0,0,156,A
6-NA,17,164,0,0,0,164,A
6-NA,18,0,0,184,0,184,G
6-NA,19,193,0,0,0,193,A
6-NA,20,0,198,0,0,198,T
6-NA,21,202,0,0,0,202,A
6-NA,22,206,0,0,0,206,A
6-NA,23,0,207,0,0,207,T
6-NA,24,206,0,1,0,207,A
6-NA,25,207,0,0,0,207,A
6-NA,26,0,2,0,214,216,C
6-NA,27,0,1,218,0,219,G
6-NA,28,219,1,0,0,220,A
6-NA,29,0,221,0,0,221,T
6-NA,30,0,222,0,0,222,T
6-NA,31,0,0,223,0,223,G
6-NA,32,0,0,240,0,240,G
6-NA,33,0,0,0,243,243,C
6-NA,34,0,241,0,1,242,T
6-NA,35,2,1,0,258,261,C
6-NA,36,1,262,0,0,263,T
6-NA,37,0,0,271,0,271,G
6-NA,38,0,271,0,2,273,T
6-NA,39,0,272,0,1,273,T
6-NA,40,0,281,0,0,281,T
6-NA,41,0,1,0,289,290,C
6-NA,42,0,291,0,0,291,T
6-NA,43,1,0,0,291,292,C
6-NA,44,0,291,0,0,291,T
6-NA,45,0,0,0,295,295,C
6-NA,46,295,0,0,0,295,A
6-NA,47,0,0,0,314,314,C
6-NA,48,1,0,0,316,317,C
6-NA,49,316,0,0,0,316,A
6-NA,50,0,323,0,0,323,T
6-NA,51,0,339,0,0,339,T
6-NA,52,0,339,0,2,341,T
6-NA,53,0,0,0,350,350,C
6-NA,54,1,0,0,348,349,C
6-NA,55,351,0,0,0,351,A
6-NA,56,0,0,0,372,372,C
6-NA,57,370,0,0,0,370,A
6-NA,58,394,0,0,0,394,A
6-NA,59,0,394,0,0,394,T
6-NA,60,408,0,0,0,408,A
6-NA,61,0,411,0,1,412,T
6-NA,62,1,0,412,0,413,G
6-NA,63,0,0,0,413,413,C
6-NA,64,1,410,0,1,412,T
6-NA,65,0,423,0,0,423,T
6-NA,66,1,0,0,421,422,C
6-NA,67,0,424,0,0,424,T
6-NA,68,0,426,0,0,426,T
6-NA,69,0,0,0,424,424,C
6-NA,70,425,0,0,0,425,A
6-NA,71,0,426,0,0,426,T
6-NA,72,2,0,424,0,426,G
6-NA,73,0,0,0,432,432,C
6-NA,74,432,0,0,0,432,A
6-NA,75,432,0,0,0,432,A
6-NA,76,436,0,0,0,436,A
6-NA,77,0,445,0,0,445,T
6-NA,78,0,445,0,0,445,T
6-NA,79,0,0,449,0,449,G
6-NA,80,0,0,0,450,450,C
6-NA,81,2,0,0,448,450,C
6-NA,82,453,0,0,0,453,A
6-NA,83,0,455,0,0,455,T
6-NA,84,1,0,0,505,506,C
6-NA,85,1,506,0,0,507,T
6-NA,86,0,510,0,0,510,T
6-NA,87,0,3,520,1,524,G
6-NA,88,520,0,4,0,524,A
6-NA,89,0,530,0,0,530,T
6-NA,90,534,0,1,0,535,A
6-NA,91,536,0,0,0,536,A
6-NA,92,0,0,0,627,627,C
6-NA,93,0,621,0,0,621,T
6-NA,94,634,0,0,0,634,A
6-NA,95,0,0,0,657,657,C
6-NA,96,0,653,0,0,653,T
6-NA,97,0,1,665,1,667,G
6-NA,98,0,668,0,0,668,T
6-NA,99,668,0,0,0,668,A
6-NA,100,670,0,0,0,670,A
6-NA,101,0,0,0,657,657,C
6-NA,102,653,0,0,0,653,A
6-NA,103,0,654,0,0,654,T
6-NA,104,0,644,0,1,645,T
6-NA,105,0,0,648,0,648,G
6-NA,106,0,0,0,647,647,C
6-NA,107,654,1,0,0,655,A
6-NA,108,0,656,0,0,656,T
6-NA,109,0,655,0,0,655,T
6-NA,110,0,656,0,0,656,T
6-NA,111,0,0,0,655,655,C
6-NA,112,652,0,1,0,653,A
6-NA,113,649,0,2,0,651,A
6-NA,114,653,0,0,0,653,A
6-NA,115,1,0,0,666,667,C
6-NA,116,669,0,0,0,669,A
6-NA,117,700,0,0,0,700,A
6-NA,118,0,658,0,50,708,T
6-NA,119,707,0,0,0,707,A
6-NA,120,0,708,0,0,708,T
6-NA,121,0,1,726,0,727,G
6-NA,122,727,0,0,0,727,A
6-NA,123,739,0,0,0,739,A
6-NA,124,0,744,0,0,744,T
6-NA,125,0,745,0,0,745,T
6-NA,126,4,0,0,747,751,C
6-NA,127,743,1,2,0,746,A
6-NA,128,747,0,1,0,748,A
6-NA,129,2,0,0,743,745,C
6-NA,130,0,742,0,1,743,T
6-NA,131,2,0,0,745,747,C
6-NA,132,3,0,0,746,749,C
6-NA,133,3,0,0,775,778,C
6-NA,134,1,1,0,780,782,C
6-NA,135,2,0,0,781,783,C
6-NA,136,5,0,1,789,795,C
6-NA,137,3,0,1,790,794,C
6-NA,138,800,0,0,0,800,A
6-NA,139,800,0,0,0,800,A
6-NA,140,798,0,2,0,800,A
6-NA,141,0,0,0,825,825,C
6-NA,142,819,0,0,0,819,A
6-NA,143,838,0,0,0,838,A
6-NA,144,0,0,0,838,838,C
6-NA,145,4,0,1,837,842,C
6-NA,146,860,0,0,1,861,A
6-NA,147,865,0,0,0,865,A
6-NA,148,0,0,883,0,883,G
6-NA,149,0,819,0,62,881,T
6-NA,150,2,3,879,0,884,G
6-NA,151,902,1,0,0,903,A
6-NA,152,0,899,0,1,900,T
6-NA,153,1,2,892,0,895,G
6-NA,154,0,2,0,902,904,C
6-NA,155,0,891,0,0,891,T
6-NA,156,0,0,957,0,957,G
6-NA,157,0,951,0,0,951,T
6-NA,158,1,0,959,0,960,G
6-NA,159,0,958,0,1,959,T
6-NA,160,0,9,940,0,949,G
6-NA,161,950,0,1,0,951,A
6-NA,162,951,0,0,0,951,A
6-NA,163,1,0,0,946,947,C
6-NA,164,4,0,0,942,946,C
6-NA,165,933,0,0,0,933,A
6-NA,166,936,0,1,0,937,A
6-NA,167,0,0,0,967,967,C
6-NA,168,961,0,0,0,961,A
6-NA,169,966,0,0,1,967,A
6-NA,170,0,968,0,0,968,T
6-NA,171,969,0,0,0,969,A
6-NA,172,966,0,0,0,966,A
6-NA,173,0,966,1,0,967,T
6-NA,174,965,0,0,0,965,A
6-NA,175,0,3,967,1,971,G
6-NA,176,958,0,0,0,958,A
6-NA,177,956,0,0,1,957,A
6-NA,178,954,0,0,0,954,A
6-NA,179,1,1,962,0,964,G
6-NA,180,983,0,0,0,983,A
6-NA,181,981,0,1,0,982,A
6-NA,182,1018,0,1,0,1019,A
6-NA,183,1,1,0,1024,1026,C
6-NA,184,1028,0,0,0,1028,A
6-NA,185,0,1038,0,0,1038,T
6-NA,186,1044,0,1,0,1045,A
6-NA,187,1053,0,2,0,1055,A
6-NA,188,0,0,0,1068,1068,C
6-NA,189,1060,0,0,0,1060,A
6-NA,190,0,3,1088,0,1091,G
6-NA,191,1085,0,0,0,1085,A
6-NA,192,0,4,1086,0,1090,G
6-NA,193,1091,0,0,0,1091,A
6-NA,194,0,1128,0,0,1128,T
6-NA,195,1128,0,0,0,1128,A
6-NA,196,1,3,1142,0,1146,G
6-NA,197,0,1139,0,0,1139,T
6-NA,198,0,1,1169,1,1171,G
6-NA,199,0,1168,0,0,1168,T
6-NA,200,1167,0,0,1,1168,A
6-NA,201,0,1166,0,0,1166,T
6-NA,202,0,0,0,1166,1166,C
6-NA,203,0,1151,0,2,1153,T
6-NA,204,0,9,1191,0,1200,G
6-NA,205,1197,0,0,0,1197,A
6-NA,206,2,1,0,1197,1200,C
6-NA,207,4,1,1,1196,1202,C
6-NA,208,1196,1,0,0,1197,A
6-NA,209,1204,1,1,0,1206,A
6-NA,210,1,0,0,1225,1226,C
6-NA,211,1222,0,2,1,1225,A
6-NA,212,1,0,0,1261,1262,C
6-NA,213,4,0,0,1252,1256,C
6-NA,214,1290,0,1,0,1291,A
6-NA,215,1,0,0,1328,1329,C
6-NA,216,4,0,1,1320,1325,C
6-NA,217,1338,0,0,0,1338,A
6-NA,218,0,1334,0,0,1334,T
6-NA,219,1324,0,0,0,1324,A
6-NA,220,0,3,1322,0,1325,G
6-NA,221,1314,0,0,0,1314,A
6-NA,222,0,5,1326,0,1331,G
6-NA,223,1313,0,1,0,1314,A
6-NA,224,1299,0,0,0,1299,A
6-NA,225,0,0,1308,0,1308,G
6-NA,226,1,3,1315,0,1319,G
6-NA,227,1318,0,0,0,1318,A
6-NA,228,1325,0,0,0,1325,A
6-NA,229,1327,0,0,0,1327,A
6-NA,230,0,1320,0,0,1320,T
6-NA,231,1315,0,0,0,1315,A
6-NA,232,0,1312,0,0,1312,T
6-NA,233,1,0,1319,1,1321,G
6-NA,234,1,0,0,1326,1327,C
6-NA,235,5,2,1,1312,1320,C
6-NA,236,3,0,1,1325,1329,C
6-NA,237,2,1,0,1322,1325,C
6-NA,238,1332,0,0,0,1332,A
6-NA,239,1356,1,0,0,1357,A
6-NA,240,1356,0,1,0,1357,A
6-NA,241,2,0,0,1360,1362,C
6-NA,242,0,1363,0,0,1363,T
6-NA,243,1360,0,2,0,1362,A
6-NA,244,0,1,1365,0,1366,G
6-NA,245,0,0,0,1365,1365,C
6-NA,246,1366,1,1,0,1368,A
6-NA,247,0,0,1395,0,1395,G
6-NA,248,1376,1,1,0,1378,A
6-NA,249,1410,0,3,0,1413,A
6-NA,250,0,1414,0,0,1414,T
6-NA,251,1418,0,0,0,1418,A
6-NA,252,0,2,0,1421,1423,C
6-NA,253,1417,0,1,0,1418,A
6-NA,254,1,3,1422,0,1426,G
6-NA,255,1428,0,0,0,1428,A
6-NA,256,1410,0,2,0,1412,A
6-NA,257,1415,0,0,0,1415,A
6-NA,258,1,1389,1,0,1391,T
6-NA,259,1,1385,1,0,1387,T
6-NA,260,0,2,1389,0,1391,G
6-NA,261,0,2,1391,0,1393,G
6-NA,262,1,1393,1,1,1396,T
6-NA,263,8,0,0,1390,1398,C
6-NA,264,1391,0,0,0,1391,A
6-NA,265,1391,0,0,0,1391,A
6-NA,266,1387,1,2,0,1390,A
6-NA,267,0,1,1394,1,1396,G
6-NA,268,0,1,0,1399,1400,C
6-NA,269,1,1,0,1390,1392,C
6-NA,270,1,0,1400,0,1401,G
6-NA,271,0,1,0,1408,1409,C
6-NA,272,1414,0,0,0,1414,A
6-NA,273,1434,0,0,0,1434,A
6-NA,274,0,1430,1,0,1431,T
6-NA,275,1,0,1442,1,1444,G
6-NA,276,0,1439,1,0,1440,T
6-NA,277,1,6,1428,1,1436,G
6-NA,278,1458,0,1,0,1459,A
6-NA,279,1,0,0,1473,1474,C
6-NA,280,1497,0,0,0,1497,A
6-NA,281,0,1512,0,0,1512,T
6-NA,282,0,1511,0,0,1511,T
6-NA,283,1507,0,1,0,1508,A
6-NA,284,2,0,0,1506,1508,C
6-NA,285,1490,1,4,0,1495,A
6-NA,286,0,9,1486,0,1495,G
6-NA,287,0,8,1467,0,1475,G
6-NA,288,1,1,1434,0,1436,G
6-NA,289,0,1476,0,0,1476,T
6-NA,290,0,1471,1,1,1473,T
6-NA,291,0,1473,0,0,1473,T
6-NA,292,1,0,1478,0,1479,G
6-NA,293,0,1,0,1469,1470,C
6-NA,294,1480,0,0,0,1480,A
6-NA,295,5,1,0,1470,1476,C
6-NA,296,4,0,0,1460,1464,C
6-NA,297,1,1451,1,2,1455,T
6-NA,298,0,1455,1,0,1456,T
6-NA,299,1,1470,0,0,1471,T
6-NA,300,0,1473,0,0,1473,T
6-NA,301,0,1491,0,0,1491,T
6-NA,302,4,0,0,1493,1497,C
6-NA,303,1,1495,0,0,1496,T
6-NA,304,1488,0,0,0,1488,A
6-NA,305,1485,0,2,0,1487,A
6-NA,306,2,4,1496,0,1502,G
6-NA,307,0,4,1496,0,1500,G
6-NA,308,1492,0,1,0,1493,A
6-NA,309,0,2,0,1502,1504,C
6-NA,310,1496,0,1,1,1498,A
6-NA,311,1500,0,0,0,1500,A
6-NA,312,0,1498,0,0,1498,T
6-NA,313,0,1502,0,0,1502,T
6-NA,314,5,0,0,1512,1517,C
6-NA,315,0,6,1504,0,1510,G
6-NA,316,1514,0,0,0,1514,A
6-NA,317,0,1513,0,1,1514,T
6-NA,318,1,1500,0,0,1501,T
6-NA,319,1504,0,0,0,1504,A
6-NA,320,0,2,1503,0,1505,G
6-NA,321,0,1,1512,0,1513,G
6-NA,322,0,0,0,1511,1511,C
6-NA,323,0,1497,0,2,1499,T
6-NA,324,0,1510,0,0,1510,T
6-NA,325,0,1504,0,0,1504,T
6-NA,326,6,0,0,1504,1510,C
6-NA,327,1,1,0,1508,1510,C
6-NA,328,1,2,1508,0,1511,G
6-NA,329,1,0,0,1510,1511,C
6-NA,330,0,1505,0,0,1505,T
6-NA,331,0,1,1548,1,1550,G
6-NA,332,1,1,1547,0,1549,G
6-NA,333,0,1548,0,1,1549,T
6-NA,334,1,2,1548,0,1551,G
6-NA,335,1,5,1543,0,1549,G
6-NA,336,0,3,1544,0,1547,G
6-NA,337,0,6,1547,0,1553,G
6-NA,338,1549,1,2,0,1552,A
6-NA,339,0,1,0,1563,1564,C
6-NA,340,1533,0,0,0,1533,A
6-NA,341,0,1522,0,0,1522,T
6-NA,342,1,1,0,1527,1529,C
6-NA,343,0,1521,0,1,1522,T
6-NA,344,1,4,1531,0,1536,G
6-NA,345,1,4,1518,0,1523,G
6-NA,346,0,1,1524,0,1525,G
6-NA,347,1,1520,0,1,1522,T
6-NA,348,1,4,1494,0,1499,G
6-NA,349,1493,0,1,0,1494,A
6-NA,350,0,0,0,1520,1520,C
6-NA,351,1517,0,1,0,1518,A
6-NA,352,1539,0,0,0,1539,A
6-NA,353,0,3,1539,0,1542,G
6-NA,354,1525,0,0,0,1525,A
6-NA,355,0,1,1567,0,1568,G
6-NA,356,1575,0,0,0,1575,A
6-NA,357,1621,0,0,1,1622,A
6-NA,358,3,1,0,1767,1771,C
6-NA,359,5,1,0,1789,1795,C
6-NA,360,0,1788,0,2,1790,T
6-NA,361,0,1799,0,0,1799,T
6-NA,362,1798,0,0,0,1798,A
6-NA,363,1,1799,2,0,1802,T
6-NA,364,0,0,1864,0,1864,G
6-NA,365,1,1865,0,1,1867,T
6-NA,366,0,0,1885,0,1885,G
6-NA,367,1,1841,0,2,1844,T
6-NA,368,7,1,0,1826,1834,C
6-NA,369,1839,1,0,4,1844,A
6-NA,370,0,1843,0,0,1843,T
6-NA,371,0,2,1840,0,1842,G
6-NA,372,1,2,0,1835,1838,C
6-NA,373,1,3,1824,0,1828,G
6-NA,374,1975,0,0,0,1975,A
6-NA,375,0,1963,0,0,1963,T
6-NA,376,4,0,0,1998,2002,C
6-NA,377,4,0,0,1996,2000,C
6-NA,378,2,2015,0,4,2021,T
6-NA,379,3,7,2020,3,2033,G
6-NA,380,2031,0,1,0,2032,A
6-NA,381,0,1,0,2039,2040,C
6-NA,382,2036,0,0,0,2036,A
6-NA,383,1976,0,1,0,1977,A
6-NA,384,0,1,2043,0,2044,G
6-NA,385,0,2034,0,0,2034,T
6-NA,386,0,1,2062,0,2063,G
6-NA,387,0,2046,0,1,2047,T
6-NA,388,0,2048,0,0,2048,T
6-NA,389,2050,0,0,0,2050,A
6-NA,390,0,2052,0,0,2052,T
6-NA,391,7,0,0,2058,2065,C
6-NA,392,2066,1,0,0,2067,A
6-NA,393,2056,0,0,0,2056,A
6-NA,394,0,2044,0,1,2045,T
6-NA,395,0,2033,1,2,2036,T
6-NA,396,0,2028,0,1,2029,T
6-NA,397,1,0,2043,0,2044,G
6-NA,398,1,0,0,2130,2131,C
6-NA,399,9,0,0,2119,2128,C
6-NA,400,2,0,0,2139,2141,C
6-NA,401,0,2136,0,1,2137,T
6-NA,402,0,2145,0,0,2145,T
6-NA,403,0,6,2172,0,2178,G
6-NA,404,2,5,2179,1,2187,G
6-NA,405,2187,1,3,0,2191,A
6-NA,406,0,2,0,2190,2192,C
6-NA,407,2125,0,5,0,2130,A
6-NA,408,0,7,2167,0,2174,G
6-NA,409,0,11,2153,0,2164,G
6-NA,410,0,12,2243,0,2255,G
6-NA,411,2247,0,2,0,2249,A
6-NA,412,2234,0,2,0,2236,A
6-NA,413,1,2,0,2238,2241,C
6-NA,414,2220,0,4,0,2224,A
6-NA,415,2404,1,0,0,2405,A
6-NA,416,2,0,0,2408,2410,C
6-NA,417,2380,0,1,0,2381,A
6-NA,418,2,0,0,2405,2407,C
6-NA,419,0,2360,0,0,2360,T
6-NA,420,2391,0,1,0,2392,A
6-NA,421,2385,0,1,0,2386,A
6-NA,422,2404,0,4,1,2409,A
6-NA,423,3,1,0,2416,2420,C
6-NA,424,2296,0,1,0,2297,A
6-NA,425,2319,0,0,0,2319,A
6-NA,426,2,0,0,2333,2335,C
6-NA,427,2,1,2327,0,2330,G
6-NA,428,0,2324,0,2,2326,T
6-NA,429,2291,1,0,1,2293,A
6-NA,430,1,1,0,2324,2326,C
6-NA,431,2325,0,0,0,2325,A
6-NA,432,0,2331,0,1,2332,T
6-NA,433,0,2337,0,0,2337,T
6-NA,434,6,0,0,2404,2410,C
6-NA,435,2476,1,0,0,2477,A
6-NA,436,2500,0,1,0,2501,A
6-NA,437,2500,0,1,0,2501,A
6-NA,438,0,2503,0,1,2504,T
6-NA,439,2480,0,1,0,2481,A
6-NA,440,2556,0,0,0,2556,A
6-NA,441,0,1,0,2575,2576,C
6-NA,442,2574,0,2,0,2576,A
6-NA,443,0,2,0,2606,2608,C
6-NA,444,2542,1,1,0,2544,A
6-NA,445,2,1,2903,0,2906,G
6-NA,446,0,2899,1,0,2900,T
6-NA,447,2945,0,0,0,2945,A
6-NA,448,0,5,1,2954,2960,C
6-NA,449,0,4,2944,1,2949,G
6-NA,450,0,3050,0,1,3051,T
6-NA,451,1,15,3033,0,3049,G
6-NA,452,3060,0,0,0,3060,A
6-NA,453,1,3079,0,0,3080,T
6-NA,454,2868,1,1,1,2871,A
6-NA,455,1,3,2866,0,2870,G
6-NA,456,1,12,2860,0,2873,G
6-NA,457,2886,0,2,0,2888,A
6-NA,458,1,2,0,2926,2929,C
6-NA,459,16,4,0,2873,2893,C
6-NA,460,7,0,0,2908,2915,C
6-NA,461,7,0,0,2913,2920,C
6-NA,462,0,2939,0,1,2940,T
6-NA,463,0,2976,0,0,2976,T
6-NA,464,2981,1,0,0,2982,A
6-NA,465,0,2987,0,0,2987,T
6-NA,466,10,3,0,2973,2986,C
6-NA,467,1,13,2954,1,2969,G
6-NA,468,1,13,2961,0,2975,G
6-NA,469,2966,0,4,0,2970,A
6-NA,470,4,0,0,2982,2986,C
6-NA,471,5,2,0,2958,2965,C
6-NA,472,8,0,0,3110,3118,C
6-NA,473,0,3110,0,0,3110,T
6-NA,474,3166,0,1,1,3168,A
6-NA,475,2,3169,0,1,3172,T
6-NA,476,0,3176,0,1,3177,T
6-NA,477,0,9,3175,0,3184,G
6-NA,478,3177,0,1,0,3178,A
6-NA,479,1,3164,0,0,3165,T
6-NA,480,2,12,3155,0,3169,G
6-NA,481,3085,0,2,0,3087,A
6-NA,482,3097,0,1,1,3099,A
6-NA,483,0,3083,0,1,3084,T
6-NA,484,2,21,3104,0,3127,G
6-NA,485,3173,3,6,1,3183,A
6-NA,486,1,2,3205,0,3208,G
6-NA,487,0,3200,1,0,3201,T
6-NA,488,0,3197,0,1,3198,T
6-NA,489,3202,1,1,1,3205,A
6-NA,490,0,9,3203,1,3213,G
6-NA,491,0,7,3210,0,3217,G
6-NA,492,0,3197,1,1,3199,T
6-NA,493,0,1,3198,0,3199,G
6-NA,494,0,3177,0,1,3178,T
6-NA,495,1,3171,0,1,3173,T
6-NA,496,13,1,0,3189,3203,C
6-NA,497,4,1,0,3224,3229,C
6-NA,498,1,3219,0,2,3222,T
6-NA,499,0,3216,0,3,3219,T
6-NA,500,1,3213,0,1,3215,T
6-NA,501,0,3221,0,2,3223,T
6-NA,502,9,0,0,3224,3233,C
6-NA,503,3223,2,0,0,3225,A
6-NA,504,0,3292,1,1,3294,T
6-NA,505,6,0,0,3287,3293,C
6-NA,506,1,3267,0,0,3268,T
6-NA,507,3,6,3258,0,3267,G
6-NA,508,4,13,3238,0,3255,G
6-NA,509,0,10,3250,1,3261,G
6-NA,510,1,11,3273,0,3285,G
6-NA,511,3284,0,4,0,3288,A
6-NA,512,2,1,0,3306,3309,C
6-NA,513,11,0,0,3262,3273,C
6-NA,514,3306,0,3,0,3309,A
6-NA,515,3325,0,0,0,3325,A
6-NA,516,2,2,3318,0,3322,G
6-NA,517,4,1,0,3320,3325,C
6-NA,518,3317,1,0,0,3318,A
6-NA,519,3370,0,3,0,3373,A
6-NA,520,0,2,3389,0,3391,G
6-NA,521,1,3367,0,0,3368,T
6-NA,522,4,2,3435,0,3441,G
6-NA,523,3,3407,0,5,3415,T
6-NA,524,3,3,3495,0,3501,G
6-NA,525,4,0,0,3496,3500,C
6-NA,526,3494,0,0,0,3494,A
6-NA,527,1,3525,0,1,3527,T
6-NA,528,3474,0,0,0,3474,A
6-NA,529,1,0,3558,1,3560,G
6-NA,530,0,0,0,3543,3543,C
6-NA,531,3472,1,0,0,3473,A
6-NA,532,0,3469,0,1,3470,T
6-NA,533,0,14,3398,2,3414,G
6-NA,534,2,2,3587,0,3591,G
6-NA,535,0,3596,0,5,3601,T
6-NA,536,19,0,0,3566,3585,C
6-NA,537,14,0,1,3573,3588,C
6-NA,538,3579,0,1,0,3580,A
6-NA,539,0,1,3671,0,3672,G
6-NA,540,2,1,0,3676,3679,C
6-NA,541,1,3666,0,6,3673,T
6-NA,542,15,0,0,3679,3694,C
6-NA,543,3606,0,5,0,3611,A
6-NA,544,3657,0,1,0,3658,A
6-NA,545,0,3,3659,0,3662,G
6-NA,546,0,3653,0,0,3653,T
6-NA,547,0,3628,0,0,3628,T
6-NA,548,0,0,3628,0,3628,G
6-NA,549,0,3629,0,1,3630,T
6-NA,550,20,0,1,3607,3628,C
6-NA,551,3623,0,2,0,3625,A
6-NA,552,1,1,0,3646,3648,C
6-NA,553,0,8,3632,0,3640,G
6-NA,554,3671,0,1,0,3672,A
6-NA,555,0,3678,0,1,3679,T
6-NA,556,1,9,3723,0,3733,G
6-NA,557,3,8,3745,2,3758,G
6-NA,558,3750,1,5,0,3756,A
6-NA,559,3754,2,6,1,3763,A
6-NA,560,3785,0,4,0,3789,A
6-NA,561,3786,0,6,0,3792,A
6-NA,562,4,1,3819,0,3824,G
6-NA,563,3,0,0,3802,3805,C
6-NA,564,3805,2,4,0,3811,A
6-NA,565,1,3806,0,1,3808,T
6-NA,566,1,12,3823,1,3837,G
6-NA,567,0,4,3845,0,3849,G
6-NA,568,0,2,2,3863,3867,C
6-NA,569,0,3863,0,2,3865,T
6-NA,570,1,3,3880,1,3885,G
6-NA,571,1,2,0,3861,3864,C
6-NA,572,3880,1,3,0,3884,A
6-NA,573,1,3991,0,1,3993,T
6-NA,574,3,1,4009,0,4013,G
6-NA,575,0,4026,1,0,4027,T
6-NA,576,0,4099,1,4,4104,T
6-NA,577,1,4088,0,0,4089,T
6-NA,578,2,3,4263,1,4269,G
6-NA,579,0,4253,0,2,4255,T
6-NA,580,4268,0,3,0,4271,A
6-NA,581,0,4274,0,2,4276,T
6-NA,582,4201,1,0,0,4202,A
6-NA,583,4205,1,2,0,4208,A
6-NA,584,4,4,0,4159,4167,C
6-NA,585,3,11,4117,0,4131,G
6-NA,586,0,10,4139,0,4149,G
6-NA,587,2,16,4064,1,4083,G
6-NA,588,0,10,4092,0,4102,G
6-NA,589,0,9,4091,1,4101,G
6-NA,590,4091,0,5,0,4096,A
6-NA,591,0,4098,1,1,4100,T
6-NA,592,2,10,4095,0,4107,G
6-NA,593,4123,2,6,0,4131,A
6-NA,594,1,4144,1,2,4148,T
6-NA,595,4140,0,0,0,4140,A
6-NA,596,4203,1,1,1,4206,A
6-NA,597,4219,0,1,2,4222,A
6-NA,598,4217,0,2,1,4220,A
6-NA,599,4232,1,2,0,4235,A
6-NA,600,0,4225,1,0,4226,T
6-NA,601,4,0,4231,0,4235,G
6-NA,602,2,0,0,4223,4225,C
6-NA,603,4214,0,5,1,4220,A
6-NA,604,4231,0,2,0,4233,A
6-NA,605,6,1,0,4263,4270,C
6-NA,606,0,4264,1,1,4266,T
6-NA,607,3,2,4275,0,4280,G
6-NA,608,2,2,0,4264,4268,C
6-NA,609,0,4270,0,3,4273,T
6-NA,610,4285,0,0,1,4286,A
6-NA,611,0,0,4299,0,4299,G
6-NA,612,2,0,0,4333,4335,C
6-NA,613,1,4326,0,5,4332,T
6-NA,614,0,4313,1,1,4315,T
6-NA,615,20,1,1,4346,4368,C
6-NA,616,4388,0,2,0,4390,A
6-NA,617,0,4399,0,2,4401,T
6-NA,618,0,4397,0,2,4399,T
6-NA,619,0,4429,0,2,4431,T
6-NA,620,4439,1,0,0,4440,A
6-NA,621,3,2,0,4452,4457,C
6-NA,622,4435,1,0,0,4436,A
6-NA,623,4462,0,4,0,4466,A
6-NA,624,1,4439,0,0,4440,T
6-NA,625,2,17,4417,2,4438,G
6-NA,626,0,8,4421,1,4430,G
6-NA,627,0,9,4420,0,4429,G
6-NA,628,4402,1,6,0,4409,A
6-NA,629,0,6,4493,0,4499,G
6-NA,630,39,5,4486,2,4532,G
6-NA,631,2,0,0,4794,4796,C
6-NA,632,0,4775,0,7,4782,T
6-NA,633,0,4829,0,1,4830,T
6-NA,634,2,0,4862,1,4865,G
6-NA,635,2,4871,1,0,4874,T
6-NA,636,4945,0,1,1,4947,A
6-NA,637,0,7,4958,0,4965,G
6-NA,638,4890,0,4,0,4894,A
6-NA,639,0,4902,0,2,4904,T
6-NA,640,4531,0,1,1,4533,A
6-NA,641,0,3,4536,0,4539,G
6-NA,642,1,4494,0,1,4496,T
6-NA,643,5,2,4396,0,4403,G
6-NA,644,1,4566,0,0,4567,T
6-NA,645,1,4563,0,3,4567,T
6-NA,646,1,3,4623,0,4627,G
6-NA,647,1,4606,0,6,4613,T
6-NA,648,0,4613,0,4,4617,T
6-NA,649,0,4622,0,6,4628,T
6-NA,650,15,1,2,4549,4567,C
6-NA,651,4547,1,4,2,4554,A
6-NA,652,0,4535,0,0,4535,T
6-NA,653,1,16,4533,0,4550,G
6-NA,654,0,4,4736,0,4740,G
6-NA,655,2,4704,0,3,4709,T
6-NA,656,16,2,0,4688,4706,C
6-NA,657,17,2,2,4685,4706,C
6-NA,658,4725,2,2,0,4729,A
6-NA,659,4753,0,0,0,4753,A
6-NA,660,4756,0,2,0,4758,A
6-NA,661,0,10,4771,0,4781,G
6-NA,662,4746,3,3,2,4754,A
6-NA,663,4626,0,1,0,4627,A
6-NA,664,4631,0,2,0,4633,A
6-NA,665,1,4623,0,1,4625,T
6-NA,666,16,0,0,4719,4735,C
6-NA,667,11,0,1,4727,4739,C
6-NA,668,1,4723,0,1,4725,T
6-NA,669,14,0,0,4714,4728,C
6-NA,670,4720,0,5,2,4727,A
6-NA,671,1,6,4768,0,4775,G
6-NA,672,2,14,4753,1,4770,G
6-NA,673,4871,0,3,0,4874,A
6-NA,674,8,1,0,4859,4868,C
6-NA,675,13,0,1,4767,4781,C
6-NA,676,12,0,1,4772,4785,C
6-NA,677,4796,0,5,1,4802,A
6-NA,678,2,6,4805,0,4813,G
6-NA,679,0,14,4816,0,4830,G
6-NA,680,4809,0,2,1,4812,A
6-NA,681,1,1,4837,0,4839,G
6-NA,682,2,4770,0,4,4776,T
6-NA,683,23,2,0,4763,4788,C
6-NA,684,4779,0,3,1,4783,A
6-NA,685,0,12,4813,0,4825,G
6-NA,686,4809,0,1,0,4810,A
6-NA,687,4813,0,3,0,4816,A
6-NA,688,2,4781,1,2,4786,T
6-NA,689,3,2,4808,0,4813,G
6-NA,690,3,2,0,4783,4788,C
6-NA,691,0,7,4804,0,4811,G
6-NA,692,3,4792,0,1,4796,T
6-NA,693,4,4799,0,0,4803,T
6-NA,694,1,4773,0,0,4774,T
6-NA,695,0,1,4808,0,4809,G
6-NA,696,3,4808,1,3,4815,T
6-NA,697,4813,3,0,0,4816,A
6-NA,698,0,4801,0,2,4803,T
6-NA,699,17,0,1,4770,4788,C
6-NA,700,4769,1,2,0,4772,A
6-NA,701,4778,0,0,0,4778,A
6-NA,702,1,4776,0,1,4778,T
6-NA,703,3,19,4752,1,4775,G
6-NA,704,1,16,4770,2,4789,G
6-NA,705,4847,0,2,0,4849,A
6-NA,706,4852,1,3,0,4856,A
6-NA,707,5,3,2,4885,4895,C
6-NA,708,1,4889,1,1,4892,T
6-NA,709,0,4887,0,0,4887,T
6-NA,710,1,4,5023,1,5029,G
6-NA,711,0,5024,1,1,5026,T
6-NA,712,5026,0,2,0,5028,A
6-NA,713,3,2,0,5051,5056,C
6-NA,714,4907,1,2,0,4910,A
6-NA,715,0,5,5173,0,5178,G
6-NA,716,2,5131,1,1,5135,T
6-NA,717,5317,2,5,0,5324,A
6-NA,718,2,4,5391,0,5397,G
6-NA,719,3,5304,1,1,5309,T
6-NA,720,5310,0,2,1,5313,A
6-NA,721,5306,0,1,0,5307,A
6-NA,722,2,5270,0,0,5272,T
6-NA,723,4821,0,2,0,4823,A
6-NA,724,4959,1,3,0,4963,A
6-NA,725,1,3,1,5015,5020,C
6-NA,726,1,5025,0,1,5027,T
6-NA,727,2,5,5038,2,5047,G
6-NA,728,4989,1,3,0,4993,A
6-NA,729,2,5005,0,2,5009,T
6-NA,730,2,18,4986,1,5007,G
6-NA,731,1,13,4952,0,4966,G
6-NA,732,1,19,4958,1,4979,G
6-NA,733,4897,2,5,1,4905,A
6-NA,734,0,3,4910,0,4913,G
6-NA,735,1,4880,2,2,4885,T
6-NA,736,3,4,4903,1,4911,G
6-NA,737,2,4,0,4947,4953,C
6-NA,738,1,4951,1,1,4954,T
6-NA,739,0,4941,0,3,4944,T
6-NA,740,13,2,1,4937,4953,C
6-NA,741,4935,1,5,1,4942,A
6-NA,742,1,4,4971,0,4976,G
6-NA,743,0,17,4959,1,4977,G
6-NA,744,4960,1,5,0,4966,A
6-NA,745,4924,0,1,0,4925,A
6-NA,746,4880,0,3,1,4884,A
6-NA,747,4899,2,8,0,4909,A
6-NA,748,2,1,4925,0,4928,G
6-NA,749,1,0,1,4920,4922,C
6-NA,750,0,4896,0,2,4898,T
6-NA,751,2,11,4886,1,4900,G
6-NA,752,4883,0,4,0,4887,A
6-NA,753,0,4926,0,1,4927,T
6-NA,754,4943,1,1,1,4946,A
6-NA,755,2,0,0,5125,5127,C
6-NA,756,2,5084,1,4,5091,T
6-NA,757,5097,0,2,1,5100,A
6-NA,758,5095,1,2,1,5099,A
6-NA,759,5107,1,1,0,5109,A
6-NA,760,5239,0,3,1,5243,A
6-NA,761,1,5224,0,4,5229,T
6-NA,762,5232,1,1,0,5234,A
6-NA,763,5,3,0,5248,5256,C
6-NA,764,2,5077,1,2,5082,T
6-NA,765,5151,0,0,0,5151,A
6-NA,766,1,5109,0,7,5117,T
6-NA,767,0,5303,0,5,5308,T
6-NA,768,29,1,0,5303,5333,C
6-NA,769,5251,0,1,0,5252,A
6-NA,770,0,5247,0,0,5247,T
6-NA,771,0,5226,0,1,5227,T
6-NA,772,2,18,5215,1,5236,G
6-NA,773,5196,2,7,1,5206,A
6-NA,774,2,10,5186,0,5198,G
6-NA,775,0,12,5184,0,5196,G
6-NA,776,5016,2,5,0,5023,A
6-NA,777,1,14,5076,0,5091,G
6-NA,778,3,22,5055,0,5080,G
6-NA,779,5,11,5063,0,5079,G
6-NA,780,3,9,5075,0,5087,G
6-NA,781,5054,1,7,1,5063,A
6-NA,782,5067,2,4,0,5073,A
6-NA,783,5046,0,3,0,5049,A
6-NA,784,5046,1,1,0,5048,A
6-NA,785,2,5052,0,0,5054,T
6-NA,786,34,1,0,4967,5002,C
6-NA,787,6,2,5028,0,5036,G
6-NA,788,1,5023,0,1,5025,T
6-NA,789,0,5018,0,6,5024,T
6-NA,790,31,2,1,5006,5040,C
6-NA,791,5024,3,1,0,5028,A
6-NA,792,0,5364,1,2,5367,T
6-NA,793,5353,1,0,0,5354,A
6-NA,794,3,0,1,5386,5390,C
6-NA,795,2,5366,0,2,5370,T
6-NA,796,5361,0,3,0,5364,A
6-NA,797,1,3,5353,0,5357,G
6-NA,798,2,2,0,5355,5359,C
6-NA,799,5363,1,0,0,5364,A
6-NA,800,5,2,0,5376,5383,C
6-NA,801,5139,1,0,0,5140,A
6-NA,802,0,5216,0,0,5216,T
6-NA,803,0,5183,0,1,5184,T
6-NA,804,4,2,5495,0,5501,G
6-NA,805,1,5461,0,4,5466,T
6-NA,806,18,2,0,5438,5458,C
6-NA,807,5451,0,1,1,5453,A
6-NA,808,0,10,5462,1,5473,G
6-NA,809,1,17,5452,0,5470,G
6-NA,810,5454,2,0,0,5456,A
6-NA,811,5367,2,3,1,5373,A
6-NA,812,0,0,5438,0,5438,G
6-NA,813,1,5152,0,1,5154,T
6-NA,814,5,4,5183,0,5192,G
6-NA,815,1,1,0,5176,5178,C
6-NA,816,0,5172,0,6,5178,T
6-NA,817,22,1,0,5174,5197,C
6-NA,818,5181,1,5,0,5187,A
6-NA,819,1,2,5204,0,5207,G
6-NA,820,3,2,0,5207,5212,C
6-NA,821,5211,0,2,0,5213,A
6-NA,822,2,5214,0,0,5216,T
6-NA,823,1,3,5319,0,5323,G
6-NA,824,1,5325,0,1,5327,T
6-NA,825,19,1,0,5300,5320,C
6-NA,826,2,9,5312,0,5323,G
6-NA,827,5313,2,0,0,5315,A
6-NA,828,0,10,5271,0,5281,G
6-NA,829,1,25,5260,1,5287,G
6-NA,830,5244,1,2,0,5247,A
6-NA,831,0,5,5301,0,5306,G
6-NA,832,0,5121,0,1,5122,T
6-NA,833,4,3,5130,0,5137,G
6-NA,834,5,1,0,5205,5211,C
6-NA,835,2,5189,0,5,5196,T
6-NA,836,32,3,1,5184,5220,C
6-NA,837,6,1,1,5223,5231,C
6-NA,838,0,5232,0,1,5233,T
6-NA,839,1,2,5249,0,5252,G
6-NA,840,2,0,0,5197,5199,C
6-NA,841,1,5154,0,6,5161,T
6-NA,842,5202,0,1,1,5204,A
6-NA,843,0,5100,0,1,5101,T
6-NA,844,12,1,0,5115,5128,C
6-NA,845,11,2,0,5083,5096,C
6-NA,846,0,5099,0,2,5101,T
6-NA,847,14,0,0,5100,5114,C
6-NA,848,1,16,5088,1,5106,G
6-NA,849,5141,3,2,0,5146,A
6-NA,850,0,5145,0,5,5150,T
6-NA,851,5134,1,1,0,5136,A
6-NA,852,0,5128,1,0,5129,T
6-NA,853,19,0,5,5093,5117,C
6-NA,854,16,3,1,5093,5113,C
6-NA,855,2,5080,0,3,5085,T
6-NA,856,0,8,5099,1,5108,G
6-NA,857,3,3,5114,0,5120,G
6-NA,858,3,5139,0,2,5144,T
6-NA,859,0,7,5158,0,5165,G
6-NA,860,0,5120,1,3,5124,T
6-NA,861,33,0,0,5084,5117,C
6-NA,862,5108,0,4,0,5112,A
6-NA,863,1,6,5110,1,5118,G
6-NA,864,5114,2,1,0,5117,A
6-NA,865,0,5064,0,4,5068,T
6-NA,866,2,3,5057,0,5062,G
6-NA,867,0,5005,0,1,5006,T
6-NA,868,6,2,5024,2,5034,G
6-NA,869,0,4997,0,4,5001,T
6-NA,870,17,3,0,4995,5015,C
6-NA,871,1,5001,0,6,5008,T
6-NA,872,2,4,5013,1,5020,G
6-NA,873,1,2,2,5014,5019,C
6-NA,874,5002,1,8,0,5011,A
6-NA,875,0,12,5017,0,5029,G
6-NA,876,4909,0,11,0,4920,A
6-NA,877,1,18,4913,1,4933,G
6-NA,878,4906,2,6,0,4914,A
6-NA,879,2,0,1,4917,4920,C
6-NA,880,4906,1,1,0,4908,A
6-NA,881,4955,1,1,0,4957,A
6-NA,882,4,2,0,4970,4976,C
6-NA,883,0,4978,0,1,4979,T
6-NA,884,1,6,4967,1,4975,G
6-NA,885,0,10,4958,0,4968,G
6-NA,886,4944,3,3,0,4950,A
6-NA,887,4951,1,4,0,4956,A
6-NA,888,4871,0,4,0,4875,A
6-NA,889,0,7,4857,0,4864,G
6-NA,890,2,16,4795,0,4813,G
6-NA,891,4732,0,1,1,4734,A
6-NA,892,0,4852,0,4,4856,T
6-NA,893,13,3,0,4869,4885,C
6-NA,894,4,3,1,4954,4962,C
6-NA,895,4968,0,0,0,4968,A
6-NA,896,4972,0,1,2,4975,A
6-NA,897,0,4979,0,0,4979,T
6-NA,898,4846,0,5,0,4851,A
6-NA,899,0,6,4814,0,4820,G
6-NA,900,1,2,4810,1,4814,G
6-NA,901,3,2,0,4807,4812,C
6-NA,902,9,3,0,4788,4800,C
6-NA,903,13,2,0,4643,4658,C
6-NA,904,4687,0,0,0,4687,A
6-NA,905,0,4725,1,5,4731,T
6-NA,906,11,1,0,4720,4732,C
6-NA,907,4,3,4735,0,4742,G
6-NA,908,2,4715,0,0,4717,T
6-NA,909,4653,0,0,1,4654,A
6-NA,910,0,8,4726,0,4734,G
6-NA,911,4744,1,3,0,4748,A
6-NA,912,0,4756,0,0,4756,T
6-NA,913,4661,0,0,0,4661,A
6-NA,914,1,4616,0,0,4617,T
6-NA,915,4613,0,0,0,4613,A
6-NA,916,4602,1,1,0,4604,A
6-NA,917,4663,0,2,0,4665,A
6-NA,918,5,1,0,4729,4735,C
6-NA,919,4599,1,1,0,4601,A
6-NA,920,0,4598,0,1,4599,T
6-NA,921,4562,1,1,0,4564,A
6-NA,922,4559,0,1,0,4560,A
6-NA,923,4561,1,1,0,4563,A
6-NA,924,9,8,4585,0,4602,G
6-NA,925,0,16,4625,0,4641,G
6-NA,926,4503,3,4,0,4510,A
6-NA,927,1,4523,0,1,4525,T
6-NA,928,23,2,0,4511,4536,C
6-NA,929,4555,1,2,0,4558,A
6-NA,930,0,4562,0,3,4565,T
6-NA,931,4552,2,3,0,4557,A
6-NA,932,3,1,4586,0,4590,G
6-NA,933,5,0,1,4517,4523,C
6-NA,934,4414,0,1,0,4415,A
6-NA,935,0,4228,1,2,4231,T
6-NA,936,0,4254,1,1,4256,T
6-NA,937,1,2,4246,0,4249,G
6-NA,938,0,4245,0,1,4246,T
6-NA,939,21,1,1,4167,4190,C
6-NA,940,1,4437,0,4,4442,T
6-NA,941,15,1,1,4476,4493,C
6-NA,942,7,1,1,4504,4513,C
6-NA,943,4554,2,1,0,4557,A
6-NA,944,0,0,4615,1,4616,G
6-NA,945,2,4601,0,0,4603,T
6-NA,946,0,4382,1,4,4387,T
6-NA,947,4393,0,1,2,4396,A
6-NA,948,1,4268,0,2,4271,T
6-NA,949,2,3,4269,1,4275,G
6-NA,950,0,4207,2,1,4210,T
6-NA,951,3,5,4206,0,4214,G
6-NA,952,0,4063,0,3,4066,T
6-NA,953,2,3,4124,1,4130,G
6-NA,954,1,4114,0,8,4123,T
6-NA,955,0,4109,1,3,4113,T
6-NA,956,19,3,2,4087,4111,C
6-NA,957,4072,1,5,0,4078,A
6-NA,958,1,10,4079,1,4091,G
6-NA,959,0,13,4082,0,4095,G
6-NA,960,4059,1,1,1,4062,A
6-NA,961,2,1,0,4070,4073,C
6-NA,962,1,3933,0,2,3936,T
6-NA,963,0,3939,0,1,3940,T
6-NA,964,2,2,4068,0,4072,G
6-NA,965,0,4065,1,2,4068,T
6-NA,966,1,4060,0,5,4066,T
6-NA,967,0,9,4026,1,4036,G
6-NA,968,2,16,4020,0,4038,G
6-NA,969,4015,0,10,0,4025,A
6-NA,970,1,17,4016,0,4034,G
6-NA,971,3996,1,13,0,4010,A
6-NA,972,1,1,2,3999,4003,C
6-NA,973,3873,0,3,0,3876,A
6-NA,974,2,3,0,3892,3897,C
6-NA,975,3895,0,7,0,3902,A
6-NA,976,2,3,0,3901,3906,C
6-NA,977,17,1,0,3866,3884,C
6-NA,978,8,4,0,3888,3900,C
6-NA,979,3880,0,4,0,3884,A
6-NA,980,4,9,3906,0,3919,G
6-NA,981,3912,1,1,0,3914,A
6-NA,982,3973,0,1,1,3975,A
6-NA,983,3955,0,0,1,3956,A
6-NA,984,3962,0,0,0,3962,A
6-NA,985,3928,1,1,0,3930,A
6-NA,986,3613,3,1,315,3932,A
6-NA,987,3,3,1,3935,3942,C
6-NA,988,1,20,3921,0,3942,G
6-NA,989,3930,2,3,1,3936,A
6-NA,990,2,2,0,3917,3921,C
6-NA,991,3850,0,1,1,3852,A
6-NA,992,2,3,3886,0,3891,G
6-NA,993,1,0,0,4006,4007,C
6-NA,994,0,3990,0,4,3994,T
6-NA,995,18,0,0,3980,3998,C
6-NA,996,10,3,0,4000,4013,C
6-NA,997,4017,0,4,0,4021,A
6-NA,998,1,2,4052,0,4055,G
6-NA,999,4,1,0,4050,4055,C
6-NA,1000,4040,0,2,0,4042,A
6-NA,1001,2,0,4038,0,4040,G
6-NA,1002,3,3889,0,0,3892,T
6-NA,1003,3890,0,3,1,3894,A
6-NA,1004,1,3,3893,1,3898,G
6-NA,1005,3,0,0,3884,3887,C
6-NA,1006,10,1,1,3891,3903,C
6-NA,1007,3853,0,1,0,3854,A
6-NA,1008,0,3853,2,2,3857,T
6-NA,1009,1,3854,0,0,3855,T
6-NA,1010,1,1,3930,0,3932,G
6-NA,1011,0,3907,1,2,3910,T
6-NA,1012,0,3878,30,1,3909,T
6-NA,1013,4,3897,0,1,3902,T
6-NA,1014,1,11,3880,0,3892,G
6-NA,1015,1,6,3921,0,3928,G
6-NA,1016,3903,0,3,1,3907,A
6-NA,1017,0,3922,0,3,3925,T
6-NA,1018,12,0,0,3913,3925,C
6-NA,1019,8,1,0,3872,3881,C
6-NA,1020,4,3860,0,2,3866,T
6-NA,1021,3862,1,9,0,3872,A
6-NA,1022,3884,1,0,0,3885,A
6-NA,1023,3,3,0,3933,3939,C
6-NA,1024,3868,0,0,0,3868,A
6-NA,1025,3879,0,0,0,3879,A
6-NA,1026,0,3839,0,1,3840,T
6-NA,1027,1,4,3843,0,3848,G
6-NA,1028,3795,3,2,0,3800,A
6-NA,1029,2,2,3693,0,3697,G
6-NA,1030,0,7,3751,1,3759,G
6-NA,1031,3750,1,1,0,3752,A
6-NA,1032,3769,0,1,2,3772,A
6-NA,1033,0,8,3776,0,3784,G
6-NA,1034,1,3,3806,0,3810,G
6-NA,1035,0,3776,0,0,3776,T
6-NA,1036,2,18,3759,0,3779,G
6-NA,1037,0,3,3854,0,3857,G
6-NA,1038,1,3821,0,4,3826,T
6-NA,1039,20,0,0,3785,3805,C
6-NA,1040,3805,0,2,0,3807,A
6-NA,1041,1,3795,0,2,3798,T
6-NA,1042,0,13,3765,2,3780,G
6-NA,1043,0,16,3731,1,3748,G
6-NA,1044,2,9,3613,0,3624,G
6-NA,1045,2,5,3774,0,3781,G
6-NA,1046,1,3779,1,5,3786,T
6-NA,1047,2,13,3775,0,3790,G
6-NA,1048,3781,1,0,0,3782,A
6-NA,1049,3777,0,2,0,3779,A
6-NA,1050,3790,0,4,0,3794,A
6-NA,1051,1,1,3811,0,3813,G
6-NA,1052,1,3,3778,0,3782,G
6-NA,1053,1,0,0,3762,3763,C
6-NA,1054,2,3666,1,5,3674,T
6-NA,1055,3,7,3662,1,3673,G
6-NA,1056,0,5,3674,2,3681,G
6-NA,1057,1,1,3709,0,3711,G
6-NA,1058,1,4,0,3706,3711,C
6-NA,1059,6,0,0,3709,3715,C
6-NA,1060,0,3656,2,5,3663,T
6-NA,1061,1,3669,1,3,3674,T
6-NA,1062,0,3665,0,2,3667,T
6-NA,1063,0,6,3677,0,3683,G
6-NA,1064,3677,0,4,1,3682,A
6-NA,1065,0,3650,0,0,3650,T
6-NA,1066,3,14,3586,1,3604,G
6-NA,1067,3574,0,5,0,3579,A
6-NA,1068,1,3587,0,1,3589,T
6-NA,1069,1,4,3584,3,3592,G
6-NA,1070,4,11,3625,0,3640,G
6-NA,1071,3629,0,3,0,3632,A
6-NA,1072,3621,0,3,0,3624,A
6-NA,1073,3632,0,2,0,3634,A
6-NA,1074,0,3641,0,0,3641,T
6-NA,1075,3,13,3636,0,3652,G
6-NA,1076,3653,0,4,0,3657,A
6-NA,1077,4,1,0,3642,3647,C
6-NA,1078,0,3,3652,0,3655,G
6-NA,1079,0,3588,0,1,3589,T
6-NA,1080,2,1,3607,1,3611,G
6-NA,1081,1,3605,0,2,3608,T
6-NA,1082,1,18,3591,0,3610,G
6-NA,1083,0,5,3627,0,3632,G
6-NA,1084,3603,1,2,0,3606,A
6-NA,1085,0,3609,1,0,3610,T
6-NA,1086,3,11,3591,0,3605,G
6-NA,1087,7,8,3581,1,3597,G
6-NA,1088,0,4,3612,0,3616,G
6-NA,1089,3596,0,1,0,3597,A
6-NA,1090,3584,1,4,1,3590,A
6-NA,1091,0,18,3584,1,3603,G
6-NA,1092,3533,1,2,0,3536,A
6-NA,1093,3544,1,1,0,3546,A
6-NA,1094,2,2,0,3514,3518,C
6-NA,1095,1,15,3484,0,3500,G
6-NA,1096,3498,0,4,0,3502,A
6-NA,1097,0,3443,0,3,3446,T
6-NA,1098,11,0,1,3431,3443,C
6-NA,1099,3435,0,4,0,3439,A
6-NA,1100,0,2,3446,0,3448,G
6-NA,1101,2,0,0,3437,3439,C
6-NA,1102,2,12,3428,0,3442,G
6-NA,1103,3426,0,3,1,3430,A
6-NA,1104,0,2,3435,1,3438,G
6-NA,1105,3422,0,0,0,3422,A
6-NA,1106,3419,2,4,1,3426,A
6-NA,1107,0,2,3456,0,3458,G
6-NA,1108,1,3429,0,4,3434,T
6-NA,1109,23,3,0,3381,3407,C
6-NA,1110,3385,0,2,0,3387,A
6-NA,1111,2,2,0,3466,3470,C
6-NA,1112,3,5,3463,0,3471,G
6-NA,1113,3,0,0,3473,3476,C
6-NA,1114,3,3435,0,6,3444,T
6-NA,1115,0,3461,0,1,3462,T
6-NA,1116,3410,0,1,0,3411,A
6-NA,1117,1,11,3498,0,3510,G
6-NA,1118,0,14,3488,0,3502,G
6-NA,1119,1,1,3547,0,3549,G
6-NA,1120,1,3356,0,9,3366,T
6-NA,1121,3357,0,6,0,3363,A
6-NA,1122,1,3347,0,3,3351,T
6-NA,1123,0,13,3329,2,3344,G
6-NA,1124,3338,1,1,0,3340,A
6-NA,1125,3331,0,1,0,3332,A
6-NA,1126,3211,0,4,0,3215,A
6-NA,1127,7,0,0,3196,3203,C
6-NA,1128,9,7,1,3110,3127,C
6-NA,1129,1,3087,0,9,3097,T
6-NA,1130,0,3083,0,3,3086,T
6-NA,1131,4,2,0,3086,3092,C
6-NA,1132,3091,0,1,0,3092,A
6-NA,1133,3090,0,0,0,3090,A
6-NA,1134,3084,0,1,0,3085,A
6-NA,1135,0,2,3103,1,3106,G
6-NA,1136,0,3052,0,0,3052,T
6-NA,1137,15,1,0,3053,3069,C
6-NA,1138,3110,0,2,0,3112,A
6-NA,1139,0,3117,0,3,3120,T
6-NA,1140,1,3119,0,1,3121,T
6-NA,1141,1,2,3116,1,3120,G
6-NA,1142,3108,0,3,0,3111,A
6-NA,1143,3123,0,2,0,3125,A
6-NA,1144,0,5,3135,1,3141,G
6-NA,1145,2,0,3136,0,3138,G
6-NA,1146,0,0,0,3132,3132,C
6-NA,1147,0,3026,0,5,3031,T
6-NA,1148,2,5,3050,0,3057,G
6-NA,1149,0,6,3104,0,3110,G
6-NA,1150,2,3095,0,5,3102,T
6-NA,1151,12,0,0,3084,3096,C
6-NA,1152,7,1,0,3067,3075,C
6-NA,1153,3071,0,5,0,3076,A
6-NA,1154,3088,0,2,1,3091,A
6-NA,1155,7,0,3,3081,3091,C
6-NA,1156,13,1,1,3089,3104,C
6-NA,1157,8,2,0,3078,3088,C
6-NA,1158,0,2968,0,3,2971,T
6-NA,1159,2973,0,1,1,2975,A
6-NA,1160,2967,1,2,2,2972,A
6-NA,1161,3,1,2988,1,2993,G
6-NA,1162,0,2974,0,4,2978,T
6-NA,1163,16,1,0,2949,2966,C
6-NA,1164,15,1,2,2910,2928,C
6-NA,1165,2929,1,0,1,2931,A
6-NA,1166,2922,0,1,0,2923,A
6-NA,1167,2926,0,1,1,2928,A
6-NA,1168,0,2929,0,0,2929,T
6-NA,1169,0,2916,0,0,2916,T
6-NA,1170,0,1,2895,0,2896,G
6-NA,1171,0,0,0,2888,2888,C
6-NA,1172,2881,0,1,1,2883,A
6-NA,1173,0,4,2888,0,2892,G
6-NA,1174,2887,1,2,0,2890,A
6-NA,1175,1,2938,1,0,2940,T
6-NA,1176,2940,0,1,0,2941,A
6-NA,1177,2938,1,2,1,2942,A
6-NA,1178,2935,0,2,1,2938,A
6-NA,1179,0,2928,0,0,2928,T
6-NA,1180,2908,0,2,1,2911,A
6-NA,1181,0,9,2910,0,2919,G
6-NA,1182,3,4,2895,0,2902,G
6-NA,1183,2,1,0,2888,2891,C
6-NA,1184,2801,0,1,0,2802,A
6-NA,1185,2814,0,1,0,2815,A
6-NA,1186,0,1,2834,1,2836,G
6-NA,1187,2,2824,0,3,2829,T
6-NA,1188,25,0,0,2805,2830,C
6-NA,1189,2832,0,1,0,2833,A
6-NA,1190,0,2826,0,1,2827,T
6-NA,1191,2880,0,1,0,2881,A
6-NA,1192,0,3,2886,0,2889,G
6-NA,1193,1,2882,0,1,2884,T
6-NA,1194,0,2789,0,2,2791,T
6-NA,1195,0,10,2743,0,2753,G
6-NA,1196,2734,1,3,0,2738,A
6-NA,1197,1,0,0,2739,2740,C
6-NA,1198,2691,1,0,0,2692,A
6-NA,1199,1,3,2727,0,2731,G
6-NA,1200,2690,1,1,0,2692,A
6-NA,1201,1,3,2785,0,2789,G
6-NA,1202,1,4,2779,0,2784,G
6-NA,1203,0,2774,0,0,2774,T
6-NA,1204,2773,0,1,0,2774,A
6-NA,1205,2765,0,0,0,2765,A
6-NA,1206,0,2767,0,1,2768,T
6-NA,1207,2755,0,5,0,2760,A
6-NA,1208,1,6,2677,0,2684,G
6-NA,1209,2,4,2604,0,2610,G
6-NA,1210,0,2382,0,0,2382,T
6-NA,1211,10,0,0,2348,2358,C
6-NA,1212,9,2,0,2325,2336,C
6-NA,1213,3,3,2332,0,2338,G
6-NA,1214,0,3,2341,0,2344,G
6-NA,1215,1,2326,0,2,2329,T
6-NA,1216,0,2321,0,0,2321,T
6-NA,1217,2297,1,2,0,2300,A
6-NA,1218,2,2247,0,2,2251,T
6-NA,1219,1,2241,0,0,2242,T
6-NA,1220,6,0,0,2240,2246,C
6-NA,1221,1,2166,0,2,2169,T
6-NA,1222,0,9,2169,1,2179,G
6-NA,1223,1,2,2172,0,2175,G
6-NA,1224,1,2159,0,1,2161,T
6-NA,1225,2159,0,1,1,2161,A
6-NA,1226,1,2138,0,0,2139,T
6-NA,1227,0,2126,0,1,2127,T
6-NA,1228,0,2125,0,2,2127,T
6-NA,1229,0,2147,0,1,2148,T
6-NA,1230,8,0,0,2138,2146,C
6-NA,1231,0,2116,0,4,2120,T
6-NA,1232,6,0,0,2118,2124,C
6-NA,1233,0,2116,0,1,2117,T
6-NA,1234,0,0,2166,0,2166,G
6-NA,1235,0,2156,0,2,2158,T
6-NA,1236,1,2145,0,0,2146,T
6-NA,1237,0,4,2148,0,2152,G
6-NA,1238,2128,1,0,0,2129,A
6-NA,1239,2124,1,3,0,2128,A
6-NA,1240,0,4,2140,0,2144,G
6-NA,1241,0,1,2144,0,2145,G
6-NA,1242,0,1,0,2143,2144,C
6-NA,1243,2097,0,1,0,2098,A
6-NA,1244,2092,0,4,1,2097,A
6-NA,1245,2116,0,0,0,2116,A
6-NA,1246,2115,0,3,0,2118,A
6-NA,1247,0,1,2117,0,2118,G
6-NA,1248,2,0,0,2116,2118,C
6-NA,1249,1,2094,0,2,2097,T
6-NA,1250,0,0,2117,0,2117,G
6-NA,1251,0,0,0,2113,2113,C
6-NA,1252,2122,0,0,0,2122,A
6-NA,1253,0,2114,0,3,2117,T
6-NA,1254,8,0,1,2097,2106,C
6-NA,1255,2103,0,0,1,2104,A
6-NA,1256,2109,0,0,0,2109,A
6-NA,1257,0,2100,0,0,2100,T
6-NA,1258,14,1,1,2084,2100,C
6-NA,1259,2,3,2069,0,2074,G
6-NA,1260,0,5,2093,0,2098,G
6-NA,1261,1,2093,0,1,2095,T
6-NA,1262,0,1,2100,0,2101,G
6-NA,1263,3,0,0,2105,2108,C
6-NA,1264,0,2088,0,5,2093,T
6-NA,1265,0,2105,0,1,2106,T
6-NA,1266,0,2105,0,0,2105,T
6-NA,1267,0,2109,0,0,2109,T
6-NA,1268,2117,0,1,0,2118,A
6-NA,1269,0,2033,0,1,2034,T
6-NA,1270,1,2,2029,0,2032,G
6-NA,1271,0,2005,0,3,2008,T
6-NA,1272,1,6,1972,0,1979,G
6-NA,1273,0,5,2006,0,2011,G
6-NA,1274,1973,0,2,0,1975,A
6-NA,1275,0,1,1999,0,2000,G
6-NA,1276,0,1990,0,2,1992,T
6-NA,1277,0,1972,0,1,1973,T
6-NA,1278,0,8,1978,0,1986,G
6-NA,1279,1987,1,1,0,1989,A
6-NA,1280,0,1984,0,1,1985,T
6-NA,1281,1969,0,7,0,1976,A
6-NA,1282,1923,0,0,0,1923,A
6-NA,1283,1,5,1926,0,1932,G
6-NA,1284,2,2,1894,0,1898,G
6-NA,1285,1,3,1877,3,1884,G
6-NA,1286,0,4,1870,0,1874,G
6-NA,1287,1838,0,6,0,1844,A
6-NA,1288,1836,0,3,0,1839,A
6-NA,1289,0,3,1852,0,1855,G
6-NA,1290,1846,1,1,0,1848,A
6-NA,1291,1847,0,2,0,1849,A
6-NA,1292,1818,0,1,0,1819,A
6-NA,1293,1779,0,3,0,1782,A
6-NA,1294,1,8,1776,0,1785,G
6-NA,1295,1767,0,3,0,1770,A
6-NA,1296,0,3,1768,0,1771,G
6-NA,1297,0,6,1767,0,1773,G
6-NA,1298,1742,0,5,0,1747,A
6-NA,1299,1743,1,2,1,1747,A
6-NA,1300,1755,0,0,0,1755,A
6-NA,1301,0,1,0,1761,1762,C
6-NA,1302,0,1752,0,0,1752,T
6-NA,1303,2,7,1753,0,1762,G
6-NA,1304,1753,0,0,0,1753,A
6-NA,1305,1748,0,2,0,1750,A
6-NA,1306,0,1,1756,0,1757,G
6-NA,1307,0,1733,0,7,1740,T
6-NA,1308,8,0,1,1742,1751,C
6-NA,1309,0,1745,0,2,1747,T
6-NA,1310,1,1721,0,5,1727,T
6-NA,1311,1,1,1724,0,1726,G
6-NA,1312,1,1713,0,3,1717,T
6-NA,1313,2,6,1703,2,1713,G
6-NA,1314,0,2,1713,0,1715,G
6-NA,1315,1681,0,3,0,1684,A
6-NA,1316,4,0,0,1688,1692,C
6-NA,1317,3,0,0,1652,1655,C
6-NA,1318,1,1650,0,4,1655,T
6-NA,1319,1,2,0,1651,1654,C
6-NA,1320,1661,0,0,0,1661,A
6-NA,1321,1659,0,3,0,1662,A
6-NA,1322,1663,0,1,0,1664,A
6-NA,1323,2,0,0,1674,1676,C
6-NA,1324,1636,1,0,0,1637,A
6-NA,1325,0,1,1671,0,1672,G
6-NA,1326,0,1655,0,1,1656,T
6-NA,1327,1654,0,0,0,1654,A
6-NA,1328,0,1656,0,0,1656,T
6-NA,1329,0,1621,1,0,1622,T
6-NA,1330,1,0,1622,0,1623,G
6-NA,1331,0,1614,0,3,1617,T
6-NA,1332,0,1548,0,3,1551,T
6-NA,1333,0,0,1550,0,1550,G
6-NA,1334,0,1467,0,0,1467,T
6-NA,1335,2,0,1462,0,1464,G
6-NA,1336,0,1456,0,2,1458,T
6-NA,1337,1,1435,0,0,1436,T
6-NA,1338,0,1435,0,1,1436,T
6-NA,1339,0,1404,0,0,1404,T
6-NA,1340,2,1,1405,0,1408,G
6-NA,1341,1,1403,0,2,1406,T
6-NA,1342,2,4,1390,0,1396,G
6-NA,1343,1,2,1389,1,1393,G
6-NA,1344,0,0,1,1380,1381,C
6-NA,1345,1377,1,0,0,1378,A
6-NA,1346,4,1,0,1388,1393,C
6-NA,1347,0,0,0,1380,1380,C
6-NA,1348,0,1381,0,0,1381,T
6-NA,1349,3,0,0,1394,1397,C
6-NA,1350,1393,0,2,0,1395,A
6-NA,1351,1,6,1395,0,1402,G
6-NA,1352,0,0,1410,0,1410,G
6-NA,1353,0,1402,0,1,1403,T
6-NA,1354,1399,0,0,0,1399,A
6-NA,1355,0,1,0,1347,1348,C
6-NA,1356,1324,0,1,0,1325,A
6-NA,1357,0,1319,1,0,1320,T
6-NA,1358,1277,0,9,0,1286,A
6-NA,1359,1,1278,0,2,1281,T
6-NA,1360,1,3,1190,0,1194,G
6-NA,1361,0,3,1197,0,1200,G
6-NA,1362,1194,0,0,0,1194,A
6-NA,1363,1185,0,0,0,1185,A
6-NA,1364,0,1,0,1166,1167,C
6-NA,1365,955,1,0,0,956,A
6-NA,1366,0,0,960,0,960,G
6-NA,1367,0,1,951,0,952,G
6-NA,1368,0,0,0,953,953,C
6-NA,1369,0,939,0,3,942,T
6-NA,1370,6,0,0,889,895,C
6-NA,1371,887,0,0,0,887,A
6-NA,1372,0,886,0,1,887,T
6-NA,1373,1,2,883,0,886,G
6-NA,1374,2,0,888,0,890,G
6-NA,1375,1,0,1,861,863,C
6-NA,1376,2,0,0,849,851,C
6-NA,1377,0,808,0,0,808,T
6-NA,1378,2,1,804,0,807,G
6-NA,1379,803,0,0,0,803,A
6-NA,1380,1,804,0,0,805,T
6-NA,1381,0,1,798,0,799,G
6-NA,1382,1,0,786,0,787,G
6-NA,1383,1,2,740,0,743,G
6-NA,1384,1,0,741,1,743,G
6-NA,1385,0,0,0,721,721,C
6-NA,1386,0,2,719,0,721,G
6-NA,1387,0,2,714,0,716,G
6-NA,1388,703,0,1,0,704,A
6-NA,1389,1,0,0,702,703,C
6-NA,1390,701,0,0,0,701,A
6-NA,1391,0,696,0,1,697,T
6-NA,1392,3,0,0,685,688,C
6-NA,1393,682,0,0,0,682,A
6-NA,1394,680,0,0,0,680,A
6-NA,1395,0,679,0,0,679,T
6-NA,1396,2,0,0,661,663,C
6-NA,1397,0,634,0,0,634,T
6-NA,1398,7,1,0,536,544,C
6-NA,1399,545,0,0,0,545,A
6-NA,1400,0,539,0,0,539,T
6-NA,1401,0,0,536,0,536,G
6-NA,1402,1,0,0,530,531,C
6-NA,1403,2,0,0,510,512,C
6-NA,1404,0,472,0,1,473,T
6-NA,1405,463,0,0,0,463,A
6-NA,1406,0,464,0,0,464,T
6-NA,1407,455,0,1,0,456,A
6-NA,1408,0,455,0,0,455,T
6-NA,1409,419,0,0,0,419,A
6-NA,1410,395,0,0,0,395,A
7-M,1,41,0,0,0,41,A
7-M,2,0,42,0,0,42,T
7-M,3,0,0,42,0,42,G
7-M,4,40,0,0,0,40,A
7-M,5,0,0,47,0,47,G
7-M,6,0,0,0,50,50,C
7-M,7,0,0,0,56,56,C
7-M,8,0,79,0,0,79,T
7-M,9,0,80,0,0,80,T
7-M,10,0,0,0,80,80,C
7-M,11,0,80,0,0,80,T
7-M,12,86,0,0,0,86,A
7-M,13,86,0,0,0,86,A
7-M,14,0,0,0,86,86,C
7-M,15,1,0,0,85,86,C
7-M,16,0,1,84,0,85,G
7-M,17,87,0,0,0,87,A
7-M,18,0,0,88,0,88,G
7-M,19,0,0,92,0,92,G
7-M,20,0,92,0,0,92,T
7-M,21,0,0,0,92,92,C
7-M,22,0,0,92,0,92,G
7-M,23,94,0,0,0,94,A
7-M,24,93,0,0,0,93,A
7-M,25,95,0,0,0,95,A
7-M,26,0,0,0,108,108,C
7-M,27,0,0,110,0,110,G
7-M,28,0,113,0,0,113,T
7-M,29,114,0,0,0,114,A
7-M,30,0,115,0,0,115,T
7-M,31,0,0,117,0,117,G
7-M,32,0,116,0,0,116,T
7-M,33,0,135,0,0,135,T
7-M,34,0,0,0,141,141,C
7-M,35,0,142,0,0,142,T
7-M,36,1,0,0,149,150,C
7-M,37,0,150,0,0,150,T
7-M,38,0,0,0,162,162,C
7-M,39,0,162,0,0,162,T
7-M,40,166,0,0,0,166,A
7-M,41,1,166,0,0,167,T
7-M,42,1,0,0,167,168,C
7-M,43,0,0,169,0,169,G
7-M,44,0,172,0,0,172,T
7-M,45,0,171,0,1,172,T
7-M,46,2,0,0,174,176,C
7-M,47,1,0,0,181,182,C
7-M,48,183,0,0,0,183,A
7-M,49,0,183,0,0,183,T
7-M,50,0,0,0,183,183,C
7-M,51,183,0,0,0,183,A
7-M,52,0,0,182,0,182,G
7-M,53,0,0,184,0,184,G
7-M,54,0,0,0,184,184,C
7-M,55,0,0,0,185,185,C
7-M,56,1,0,0,185,186,C
7-M,57,2,0,0,197,199,C
7-M,58,0,0,0,202,202,C
7-M,59,0,201,0,0,201,T
7-M,60,1,0,0,202,203,C
7-M,61,202,0,0,0,202,A
7-M,62,202,0,0,0,202,A
7-M,63,205,0,0,0,205,A
7-M,64,0,1,208,0,209,G
7-M,65,0,0,0,207,207,C
7-M,66,0,0,0,206,206,C
7-M,67,0,3,203,0,206,G
7-M,68,205,0,0,0,205,A
7-M,69,0,0,207,0,207,G
7-M,70,208,0,0,0,208,A
7-M,71,0,208,0,0,208,T
7-M,72,2,0,0,206,208,C
7-M,73,0,1,210,0,211,G
7-M,74,1,0,0,211,212,C
7-M,75,1,0,209,0,210,G
7-M,76,0,0,0,212,212,C
7-M,77,210,0,0,0,210,A
7-M,78,0,0,213,0,213,G
7-M,79,211,0,0,0,211,A
7-M,80,0,2,222,0,224,G
7-M,81,225,0,0,0,225,A
7-M,82,0,0,0,228,228,C
7-M,83,0,228,0,0,228,T
7-M,84,1,228,0,0,229,T
7-M,85,0,0,231,0,231,G
7-M,86,231,0,0,0,231,A
7-M,87,230,0,0,0,230,A
7-M,88,0,0,232,0,232,G
7-M,89,225,0,1,0,226,A
7-M,90,0,229,1,0,230,T
7-M,91,0,0,228,0,228,G
7-M,92,0,230,0,0,230,T
7-M,93,0,0,0,230,230,C
7-M,94,0,229,0,0,229,T
7-M,95,0,229,0,0,229,T
7-M,96,0,229,0,0,229,T
7-M,97,0,0,229,0,229,G
7-M,98,0,0,0,229,229,C
7-M,99,0,224,0,0,224,T
7-M,100,0,1,225,0,226,G
7-M,101,0,0,226,0,226,G
7-M,102,0,2,229,0,231,G
7-M,103,231,0,0,0,231,A
7-M,104,231,0,0,0,231,A
7-M,105,232,0,0,0,232,A
7-M,106,232,0,0,0,232,A
7-M,107,233,0,0,0,233,A
7-M,108,0,0,0,234,234,C
7-M,109,234,0,0,0,234,A
7-M,110,0,0,0,234,234,C
7-M,111,232,0,1,0,233,A
7-M,112,0,0,239,0,239,G
7-M,113,240,0,1,0,241,A
7-M,114,0,246,0,0,246,T
7-M,115,1,0,0,246,247,C
7-M,116,0,246,0,0,246,T
7-M,117,0,245,0,0,245,T
7-M,118,0,0,246,0,246,G
7-M,119,245,0,0,0,245,A
7-M,120,0,3,242,0,245,G
7-M,121,0,0,246,0,246,G
7-M,122,0,0,0,245,245,C
7-M,123,0,242,0,0,242,T
7-M,124,1,0,0,271,272,C
7-M,125,0,270,0,0,270,T
7-M,126,2,0,0,268,270,C
7-M,127,269,0,0,0,269,A
7-M,128,0,269,0,2,271,T
7-M,129,1,0,269,0,270,G
7-M,130,0,0,269,0,269,G
7-M,131,271,0,0,0,271,A
7-M,132,268,0,1,0,269,A
7-M,133,0,264,0,1,265,T
7-M,134,0,1,275,0,276,G
7-M,135,0,0,282,0,282,G
7-M,136,0,0,0,282,282,C
7-M,137,0,282,0,0,282,T
7-M,138,282,0,0,0,282,A
7-M,139,279,0,0,0,279,A
7-M,140,285,0,0,0,285,A
7-M,141,0,1,288,0,289,G
7-M,142,287,0,0,0,287,A
7-M,143,0,0,0,289,289,C
7-M,144,280,1,1,0,282,A
7-M,145,283,0,0,0,283,A
7-M,146,0,2,288,1,291,G
7-M,147,291,0,0,0,291,A
7-M,148,1,0,0,291,292,C
7-M,149,2,1,0,289,292,C
7-M,150,295,0,0,0,295,A
7-M,151,300,0,0,0,300,A
7-M,152,0,300,0,0,300,T
7-M,153,0,299,0,0,299,T
7-M,154,1,0,0,300,301,C
7-M,155,0,301,0,0,301,T
7-M,156,0,0,304,0,304,G
7-M,157,0,303,0,0,303,T
7-M,158,1,0,0,303,304,C
7-M,159,303,0,0,0,303,A
7-M,160,0,0,0,310,310,C
7-M,161,0,0,0,310,310,C
7-M,162,0,311,0,0,311,T
7-M,163,0,0,0,309,309,C
7-M,164,0,310,0,0,310,T
7-M,165,0,2,322,0,324,G
7-M,166,324,1,0,0,325,A
7-M,167,0,0,0,326,326,C
7-M,168,0,326,0,0,326,T
7-M,169,321,0,0,0,321,A
7-M,170,319,0,0,0,319,A
7-M,171,0,0,321,0,321,G
7-M,172,0,3,317,0,320,G
7-M,173,0,1,320,0,321,G
7-M,174,0,0,327,0,327,G
7-M,175,334,0,0,0,334,A
7-M,176,0,335,0,0,335,T
7-M,177,0,335,0,1,336,T
7-M,178,0,334,0,0,334,T
7-M,179,0,335,0,0,335,T
7-M,180,0,1,335,0,336,G
7-M,181,0,2,336,0,338,G
7-M,182,0,1,335,0,336,G
7-M,183,1,0,338,0,339,G
7-M,184,0,333,1,0,334,T
7-M,185,0,333,0,0,333,T
7-M,186,0,334,0,0,334,T
7-M,187,0,0,337,0,337,G
7-M,188,0,336,0,0,336,T
7-M,189,0,0,338,1,339,G
7-M,190,0,338,0,0,338,T
7-M,191,0,337,0,0,337,T
7-M,192,1,0,0,336,337,C
7-M,193,336,0,0,0,336,A
7-M,194,2,0,0,339,341,C
7-M,195,0,1,340,0,341,G
7-M,196,0,0,0,341,341,C
7-M,197,0,338,0,0,338,T
7-M,198,0,1,0,343,344,C
7-M,199,348,0,0,0,348,A
7-M,200,0,0,0,352,352,C
7-M,201,4,0,1,342,347,C
7-M,202,2,0,345,0,347,G
7-M,203,0,345,0,0,345,T
7-M,204,0,0,346,0,346,G
7-M,205,1,1,0,343,345,C
7-M,206,0,0,0,344,344,C
7-M,207,0,0,0,346,346,C
7-M,208,343,0,0,0,343,A
7-M,209,0,1,343,0,344,G
7-M,210,0,340,0,1,341,T
7-M,211,0,3,339,0,342,G
7-M,212,345,0,0,0,345,A
7-M,213,0,0,347,0,347,G
7-M,214,0,0,0,348,348,C
7-M,215,0,1,349,0,350,G
7-M,216,347,0,0,0,347,A
7-M,217,0,1,349,0,350,G
7-M,218,0,1,354,0,355,G
7-M,219,353,1,0,0,354,A
7-M,220,1,0,0,358,359,C
7-M,221,0,357,0,0,357,T
7-M,222,0,0,358,0,358,G
7-M,223,0,0,0,358,358,C
7-M,224,357,0,0,0,357,A
7-M,225,1,0,361,0,362,G
7-M,226,0,0,0,362,362,C
7-M,227,1,1,362,0,364,G
7-M,228,0,365,0,0,365,T
7-M,229,363,0,0,0,363,A
7-M,230,0,0,362,0,362,G
7-M,231,361,0,1,0,362,A
7-M,232,0,0,0,362,362,C
7-M,233,0,1,364,0,365,G
7-M,234,0,0,0,365,365,C
7-M,235,0,362,0,1,363,T
7-M,236,0,363,0,0,363,T
7-M,237,1,363,0,0,364,T
7-M,238,0,2,373,0,375,G
7-M,239,0,377,0,1,378,T
7-M,240,1,0,0,375,376,C
7-M,241,1,0,0,376,377,C
7-M,242,375,0,0,0,375,A
7-M,243,377,0,0,0,377,A
7-M,244,377,0,0,0,377,A
7-M,245,375,0,1,0,376,A
7-M,246,0,376,0,0,376,T
7-M,247,0,0,373,0,373,G
7-M,248,0,0,0,372,372,C
7-M,249,3,0,0,371,374,C
7-M,250,2,0,0,376,378,C
7-M,251,0,378,0,0,378,T
7-M,252,0,0,0,382,382,C
7-M,253,388,0,0,0,388,A
7-M,254,387,0,0,0,387,A
7-M,255,0,390,0,0,390,T
7-M,256,0,0,390,0,390,G
7-M,257,0,0,390,0,390,G
7-M,258,0,1,393,0,394,G
7-M,259,393,0,0,0,393,A
7-M,260,394,0,0,0,394,A
7-M,261,0,384,0,1,385,T
7-M,262,0,0,386,0,386,G
7-M,263,0,1,383,1,385,G
7-M,264,381,1,1,0,383,A
7-M,265,0,0,382,0,382,G
7-M,266,375,0,0,0,375,A
7-M,267,1,0,0,369,370,C
7-M,268,0,0,0,388,388,C
7-M,269,0,1,0,389,390,C
7-M,270,396,0,0,0,396,A
7-M,271,395,0,0,0,395,A
7-M,272,396,0,0,0,396,A
7-M,273,0,397,0,0,397,T
7-M,274,407,0,0,0,407,A
7-M,275,408,0,0,0,408,A
7-M,276,0,0,0,403,403,C
7-M,277,402,1,0,0,403,A
7-M,278,0,404,0,0,404,T
7-M,279,0,1,407,0,408,G
7-M,280,0,0,406,0,406,G
7-M,281,408,0,0,0,408,A
7-M,282,0,1,0,409,410,C
7-M,283,393,0,0,0,393,A
7-M,284,395,0,0,0,395,A
7-M,285,394,0,0,0,394,A
7-M,286,0,0,399,0,399,G
7-M,287,2,0,0,406,408,C
7-M,288,401,0,0,0,401,A
7-M,289,0,0,408,0,408,G
7-M,290,0,404,2,1,407,T
7-M,291,0,408,0,0,408,T
7-M,292,413,0,1,0,414,A
7-M,293,411,0,0,1,412,A
7-M,294,417,0,0,0,417,A
7-M,295,1,0,0,419,420,C
7-M,296,0,410,0,0,410,T
7-M,297,0,2,445,0,447,G
7-M,298,1,439,0,1,441,T
7-M,299,442,0,0,0,442,A
7-M,300,0,444,0,0,444,T
7-M,301,438,0,0,0,438,A
7-M,302,0,0,439,0,439,G
7-M,303,0,2,434,0,436,G
7-M,304,434,0,0,0,434,A
7-M,305,438,0,0,0,438,A
7-M,306,427,0,0,0,427,A
7-M,307,0,0,0,433,433,C
7-M,308,0,430,0,0,430,T
7-M,309,0,436,0,0,436,T
7-M,310,434,0,0,0,434,A
7-M,311,433,0,0,0,433,A
7-M,312,0,2,435,0,437,G
7-M,313,433,0,0,0,433,A
7-M,314,0,3,429,0,432,G
7-M,315,416,0,1,0,417,A
7-M,316,0,2,426,0,428,G
7-M,317,432,0,0,0,432,A
7-M,318,0,0,435,0,435,G
7-M,319,438,0,1,0,439,A
7-M,320,0,438,0,0,438,T
7-M,321,440,0,0,0,440,A
7-M,322,443,0,0,0,443,A
7-M,323,0,0,0,445,445,C
7-M,324,0,0,445,0,445,G
7-M,325,0,451,0,1,452,T
7-M,326,0,451,0,1,452,T
7-M,327,1,0,0,451,452,C
7-M,328,0,0,0,449,449,C
7-M,329,447,0,0,0,447,A
7-M,330,0,450,0,0,450,T
7-M,331,0,0,447,1,448,G
7-M,332,0,0,446,0,446,G
7-M,333,1,1,447,0,449,G
7-M,334,0,0,456,0,456,G
7-M,335,0,0,0,453,453,C
7-M,336,1,0,0,456,457,C
7-M,337,458,0,0,0,458,A
7-M,338,459,0,0,0,459,A
7-M,339,460,0,0,0,460,A
7-M,340,0,1,464,0,465,G
7-M,341,462,0,0,0,462,A
7-M,342,449,0,1,0,450,A
7-M,343,455,0,0,0,455,A
7-M,344,0,452,0,0,452,T
7-M,345,451,0,0,0,451,A
7-M,346,0,0,452,0,452,G
7-M,347,0,0,0,450,450,C
7-M,348,0,449,0,0,449,T
7-M,349,0,0,0,451,451,C
7-M,350,0,446,0,0,446,T
7-M,351,3,0,0,455,458,C
7-M,352,455,0,1,0,456,A
7-M,353,0,0,457,0,457,G
7-M,354,0,447,0,0,447,T
7-M,355,0,460,0,0,460,T
7-M,356,460,0,0,0,460,A
7-M,357,0,462,0,0,462,T
7-M,358,0,460,0,0,460,T
7-M,359,0,0,0,465,465,C
7-M,360,0,455,0,0,455,T
7-M,361,0,2,456,0,458,G
7-M,362,0,0,0,461,461,C
7-M,363,0,462,0,0,462,T
7-M,364,0,1,461,0,462,G
7-M,365,0,0,462,0,462,G
7-M,366,0,463,0,0,463,T
7-M,367,0,1,463,0,464,G
7-M,368,0,0,0,459,459,C
7-M,369,461,0,0,0,461,A
7-M,370,0,0,1,466,467,C
7-M,371,0,466,0,0,466,T
7-M,372,0,470,0,0,470,T
7-M,373,0,0,470,0,470,G
7-M,374,1,2,0,465,468,C
7-M,375,0,0,0,468,468,C
7-M,376,467,0,0,0,467,A
7-M,377,0,0,473,0,473,G
7-M,378,0,474,0,1,475,T
7-M,379,0,469,0,0,469,T
7-M,380,0,1,467,0,468,G
7-M,381,0,461,0,0,461,T
7-M,382,469,0,0,0,469,A
7-M,383,0,469,0,0,469,T
7-M,384,0,2,467,0,469,G
7-M,385,0,1,463,0,464,G
7-M,386,0,0,463,1,464,G
7-M,387,0,0,0,470,470,C
7-M,388,1,0,0,488,489,C
7-M,389,0,478,0,1,479,T
7-M,390,0,0,0,494,494,C
7-M,391,515,0,0,0,515,A
7-M,392,0,517,0,0,517,T
7-M,393,531,0,0,0,531,A
7-M,394,0,530,0,0,530,T
7-M,395,525,0,0,0,525,A
7-M,396,0,0,0,547,547,C
7-M,397,530,0,0,0,530,A
7-M,398,534,0,0,0,534,A
7-M,399,0,527,0,0,527,T
7-M,400,510,0,0,0,510,A
7-M,401,0,3,514,0,517,G
7-M,402,0,0,514,0,514,G
7-M,403,512,0,0,0,512,A
7-M,404,0,511,0,0,511,T
7-M,405,0,2,479,0,481,G
7-M,406,0,0,479,1,480,G
7-M,407,0,2,477,0,479,G
7-M,408,0,1,486,0,487,G
7-M,409,0,0,489,0,489,G
7-M,410,0,0,0,490,490,C
7-M,411,0,484,0,0,484,T
7-M,412,0,0,484,0,484,G
7-M,413,0,487,0,0,487,T
7-M,414,485,0,0,0,485,A
7-M,415,484,0,0,0,484,A
7-M,416,1,0,0,485,486,C
7-M,417,1,0,0,481,482,C
7-M,418,477,0,0,0,477,A
7-M,419,0,0,0,477,477,C
7-M,420,0,474,0,0,474,T
7-M,421,0,1,477,0,478,G
7-M,422,472,1,0,0,473,A
7-M,423,475,0,0,0,475,A
7-M,424,0,1,475,0,476,G
7-M,425,0,468,0,0,468,T
7-M,426,0,3,461,0,464,G
7-M,427,0,0,470,0,470,G
7-M,428,0,0,0,470,470,C
7-M,429,471,0,0,0,471,A
7-M,430,0,467,0,0,467,T
7-M,431,0,469,0,0,469,T
7-M,432,0,468,0,0,468,T
7-M,433,0,1,478,0,479,G
7-M,434,0,0,480,0,480,G
7-M,435,1,1,0,475,477,C
7-M,436,2,0,0,474,476,C
7-M,437,0,475,0,0,475,T
7-M,438,0,0,488,0,488,G
7-M,439,0,0,488,0,488,G
7-M,440,0,490,0,0,490,T
7-M,441,494,0,0,0,494,A
7-M,442,0,469,0,0,469,T
7-M,443,0,1,476,0,477,G
7-M,444,0,477,0,0,477,T
7-M,445,0,1,474,0,475,G
7-M,446,1,0,0,475,476,C
7-M,447,461,0,0,0,461,A
7-M,448,464,0,0,0,464,A
7-M,449,1,0,0,471,472,C
7-M,450,467,0,0,0,467,A
7-M,451,0,467,0,0,467,T
7-M,452,0,0,467,0,467,G
7-M,453,0,460,0,0,460,T
7-M,454,0,2,458,0,460,G
7-M,455,453,0,1,0,454,A
7-M,456,0,0,457,0,457,G
7-M,457,0,0,0,455,455,C
7-M,458,445,0,0,0,445,A
7-M,459,0,1,446,0,447,G
7-M,460,446,0,0,0,446,A
7-M,461,0,448,0,0,448,T
7-M,462,0,446,0,0,446,T
7-M,463,0,0,449,0,449,G
7-M,464,1,0,0,446,447,C
7-M,465,0,447,0,1,448,T
7-M,466,2,0,444,0,446,G
7-M,467,445,1,0,0,446,A
7-M,468,0,0,0,462,462,C
7-M,469,0,466,0,1,467,T
7-M,470,2,0,0,469,471,C
7-M,471,1,0,0,469,470,C
7-M,472,0,0,0,473,473,C
7-M,473,472,0,0,0,472,A
7-M,474,1,0,474,0,475,G
7-M,475,0,0,0,471,471,C
7-M,476,475,0,0,0,475,A
7-M,477,0,0,0,475,475,C
7-M,478,444,0,0,0,444,A
7-M,479,0,0,447,0,447,G
7-M,480,0,2,447,0,449,G
7-M,481,0,449,0,1,450,T
7-M,482,3,0,0,451,454,C
7-M,483,0,447,0,0,447,T
7-M,484,1,0,0,451,452,C
7-M,485,451,0,0,0,451,A
7-M,486,0,452,0,0,452,T
7-M,487,452,0,0,0,452,A
7-M,488,0,0,436,0,436,G
7-M,489,0,1,427,0,428,G
7-M,490,0,0,0,427,427,C
7-M,491,413,0,0,0,413,A
7-M,492,0,0,409,0,409,G
7-M,493,414,0,0,0,414,A
7-M,494,0,415,0,0,415,T
7-M,495,0,1,412,0,413,G
7-M,496,0,1,411,0,412,G
7-M,497,0,412,0,0,412,T
7-M,498,0,0,416,0,416,G
7-M,499,0,0,418,0,418,G
7-M,500,0,0,0,418,418,C
7-M,501,412,0,2,0,414,A
7-M,502,415,0,1,0,416,A
7-M,503,0,1,0,417,418,C
7-M,504,414,0,0,0,414,A
7-M,505,418,0,0,0,418,A
7-M,506,1,0,0,417,418,C
7-M,507,2,0,0,414,416,C
7-M,508,411,1,0,0,412,A
7-M,509,414,0,0,0,414,A
7-M,510,0,415,0,0,415,T
7-M,511,1,0,0,415,416,C
7-M,512,2,0,0,409,411,C
7-M,513,410,0,0,0,410,A
7-M,514,0,405,0,0,405,T
7-M,515,0,408,0,1,409,T
7-M,516,408,0,0,0,408,A
7-M,517,411,0,0,0,411,A
7-M,518,0,413,0,0,413,T
7-M,519,409,0,0,0,409,A
7-M,520,405,0,0,0,405,A
7-M,521,402,0,0,0,402,A
7-M,522,402,0,1,0,403,A
7-M,523,0,0,0,407,407,C
7-M,524,407,0,0,0,407,A
7-M,525,0,408,0,0,408,T
7-M,526,0,1,404,0,405,G
7-M,527,402,0,1,0,403,A
7-M,528,0,0,401,0,401,G
7-M,529,403,0,0,0,403,A
7-M,530,405,0,0,0,405,A
7-M,531,0,0,0,406,406,C
7-M,532,392,0,0,0,392,A
7-M,533,0,1,400,0,401,G
7-M,534,397,0,0,0,397,A
7-M,535,398,0,0,0,398,A
7-M,536,0,395,1,0,396,T
7-M,537,0,1,393,0,394,G
7-M,538,0,1,392,0,393,G
7-M,539,0,391,0,0,391,T
7-M,540,0,386,0,0,386,T
7-M,541,0,390,0,0,390,T
7-M,542,0,390,0,0,390,T
7-M,543,0,2,394,0,396,G
7-M,544,0,0,397,0,397,G
7-M,545,0,0,0,399,399,C
7-M,546,3,0,0,395,398,C
7-M,547,393,0,0,0,393,A
7-M,548,0,1,406,0,407,G
7-M,549,0,0,1,408,409,C
7-M,550,410,0,0,0,410,A
7-M,551,0,0,0,421,421,C
7-M,552,0,415,0,1,416,T
7-M,553,417,0,0,0,417,A
7-M,554,0,0,0,421,421,C
7-M,555,416,0,0,0,416,A
7-M,556,0,0,418,0,418,G
7-M,557,0,0,0,410,410,C
7-M,558,0,399,0,0,399,T
7-M,559,401,0,0,1,402,A
7-M,560,394,0,0,0,394,A
7-M,561,0,3,395,0,398,G
7-M,562,1,1,397,0,399,G
7-M,563,0,0,0,400,400,C
7-M,564,0,379,0,0,379,T
7-M,565,378,0,0,0,378,A
7-M,566,0,378,0,0,378,T
7-M,567,1,0,373,0,374,G
7-M,568,0,3,374,0,377,G
7-M,569,370,0,0,0,370,A
7-M,570,0,0,370,0,370,G
7-M,571,0,0,0,368,368,C
7-M,572,367,0,0,0,367,A
7-M,573,361,0,1,0,362,A
7-M,574,365,0,0,0,365,A
7-M,575,0,365,0,0,365,T
7-M,576,0,3,363,0,366,G
7-M,577,1,0,360,0,361,G
7-M,578,0,0,0,364,364,C
7-M,579,1,354,0,0,355,T
7-M,580,0,0,355,0,355,G
7-M,581,0,0,359,0,359,G
7-M,582,360,0,0,0,360,A
7-M,583,0,358,0,0,358,T
7-M,584,1,1,0,352,354,C
7-M,585,357,0,0,0,357,A
7-M,586,357,0,1,0,358,A
7-M,587,0,1,356,0,357,G
7-M,588,0,360,0,0,360,T
7-M,589,0,2,359,0,361,G
7-M,590,356,0,0,0,356,A
7-M,591,349,0,0,0,349,A
7-M,592,0,0,0,352,352,C
7-M,593,355,0,0,0,355,A
7-M,594,0,0,356,0,356,G
7-M,595,0,0,355,0,355,G
7-M,596,2,0,0,353,355,C
7-M,597,353,0,0,0,353,A
7-M,598,0,0,356,0,356,G
7-M,599,0,0,0,358,358,C
7-M,600,0,3,356,0,359,G
7-M,601,0,0,359,0,359,G
7-M,602,362,0,0,0,362,A
7-M,603,0,0,362,0,362,G
7-M,604,0,0,365,0,365,G
7-M,605,0,1,0,365,366,C
7-M,606,1,0,0,363,364,C
7-M,607,364,0,0,0,364,A
7-M,608,0,365,0,0,365,T
7-M,609,0,1,365,0,366,G
7-M,610,0,2,365,0,367,G
7-M,611,363,0,0,0,363,A
7-M,612,0,1,369,0,370,G
7-M,613,363,0,0,0,363,A
7-M,614,0,370,0,0,370,T
7-M,615,0,370,0,0,370,T
7-M,616,0,0,371,0,371,G
7-M,617,0,0,0,372,372,C
7-M,618,0,370,0,1,371,T
7-M,619,373,0,0,0,373,A
7-M,620,0,0,375,0,375,G
7-M,621,0,368,0,0,368,T
7-M,622,2,0,0,365,367,C
7-M,623,360,0,0,0,360,A
7-M,624,0,0,363,0,363,G
7-M,625,0,0,362,0,362,G
7-M,626,0,0,0,363,363,C
7-M,627,1,0,0,359,360,C
7-M,628,364,0,0,0,364,A
7-M,629,0,1,364,0,365,G
7-M,630,0,0,366,0,366,G
7-M,631,0,1,0,366,367,C
7-M,632,369,0,0,0,369,A
7-M,633,0,2,362,0,364,G
7-M,634,363,0,1,0,364,A
7-M,635,0,363,0,0,363,T
7-M,636,0,0,364,0,364,G
7-M,637,0,0,371,1,372,G
7-M,638,0,369,0,0,369,T
7-M,639,0,0,364,0,364,G
7-M,640,3,0,1,363,367,C
7-M,641,363,2,0,0,365,A
7-M,642,0,0,369,0,369,G
7-M,643,0,0,366,0,366,G
7-M,644,0,1,0,368,369,C
7-M,645,369,0,0,0,369,A
7-M,646,359,0,0,0,359,A
7-M,647,0,351,0,0,351,T
7-M,648,0,3,348,0,351,G
7-M,649,351,0,0,0,351,A
7-M,650,0,1,352,0,353,G
7-M,651,341,0,1,0,342,A
7-M,652,0,0,342,0,342,G
7-M,653,0,0,0,347,347,C
7-M,654,1,0,0,355,356,C
7-M,655,357,0,0,0,357,A
7-M,656,0,358,0,0,358,T
7-M,657,0,359,0,0,359,T
7-M,658,1,1,357,0,359,G
7-M,659,0,2,359,0,361,G
7-M,660,1,1,359,1,362,G
7-M,661,363,0,0,0,363,A
7-M,662,0,0,0,362,362,C
7-M,663,0,347,0,0,347,T
7-M,664,0,0,0,354,354,C
7-M,665,357,0,0,0,357,A
7-M,666,0,374,0,0,374,T
7-M,667,0,0,0,376,376,C
7-M,668,1,0,0,374,375,C
7-M,669,0,371,0,0,371,T
7-M,670,370,0,0,0,370,A
7-M,671,0,0,376,0,376,G
7-M,672,0,387,0,1,388,T
7-M,673,0,382,0,0,382,T
7-M,674,1,0,0,374,375,C
7-M,675,1,0,0,373,374,C
7-M,676,372,1,0,0,373,A
7-M,677,0,1,377,0,378,G
7-M,678,0,373,0,0,373,T
7-M,679,375,0,0,0,375,A
7-M,680,0,0,0,373,373,C
7-M,681,0,361,0,0,361,T
7-M,682,0,1,378,0,379,G
7-M,683,0,0,378,0,378,G
7-M,684,0,374,0,0,374,T
7-M,685,0,369,0,0,369,T
7-M,686,0,374,0,0,374,T
7-M,687,375,0,0,0,375,A
7-M,688,374,0,0,0,374,A
7-M,689,0,0,378,0,378,G
7-M,690,371,0,0,0,371,A
7-M,691,0,1,371,0,372,G
7-M,692,357,0,0,0,357,A
7-M,693,0,355,0,0,355,T
7-M,694,0,0,356,0,356,G
7-M,695,356,0,0,0,356,A
7-M,696,0,357,0,0,357,T
7-M,697,1,0,0,355,356,C
7-M,698,0,350,0,0,350,T
7-M,699,0,351,0,0,351,T
7-M,700,0,0,0,350,350,C
7-M,701,0,349,0,0,349,T
7-M,702,0,348,0,2,350,T
7-M,703,0,0,350,0,350,G
7-M,704,351,0,0,0,351,A
7-M,705,348,0,0,0,348,A
7-M,706,349,0,0,0,349,A
7-M,707,350,0,0,0,350,A
7-M,708,0,354,0,0,354,T
7-M,709,0,354,0,0,354,T
7-M,710,0,354,0,0,354,T
7-M,711,1,0,353,0,354,G
7-M,712,0,0,0,353,353,C
7-M,713,354,0,0,0,354,A
7-M,714,0,1,354,0,355,G
7-M,715,356,0,0,0,356,A
7-M,716,0,0,0,364,364,C
7-M,717,0,0,0,362,362,C
7-M,718,0,360,0,1,361,T
7-M,719,367,0,0,0,367,A
7-M,720,0,366,0,0,366,T
7-M,721,0,0,0,368,368,C
7-M,722,367,0,1,0,368,A
7-M,723,0,2,367,0,369,G
7-M,724,366,0,0,0,366,A
7-M,725,358,0,0,0,358,A
7-M,726,360,0,0,0,360,A
7-M,727,0,0,0,360,360,C
7-M,728,0,1,362,0,363,G
7-M,729,362,0,1,0,363,A
7-M,730,361,0,0,0,361,A
7-M,731,0,364,0,0,364,T
7-M,732,0,0,358,0,358,G
7-M,733,1,1,360,0,362,G
7-M,734,0,0,362,0,362,G
7-M,735,0,0,358,0,358,G
7-M,736,0,0,359,0,359,G
7-M,737,0,348,0,0,348,T
7-M,738,0,0,347,0,347,G
7-M,739,0,0,0,349,349,C
7-M,740,347,0,0,0,347,A
7-M,741,0,0,349,0,349,G
7-M,742,345,0,0,0,345,A
7-M,743,0,341,0,0,341,T
7-M,744,0,0,337,0,337,G
7-M,745,0,0,0,336,336,C
7-M,746,332,0,0,0,332,A
7-M,747,333,0,0,0,333,A
7-M,748,0,0,0,336,336,C
7-M,749,0,0,337,0,337,G
7-M,750,337,1,0,0,338,A
7-M,751,0,336,0,1,337,T
7-M,752,0,336,0,1,337,T
7-M,753,1,0,0,338,339,C
7-M,754,329,0,0,0,329,A
7-M,755,329,0,0,0,329,A
7-M,756,0,0,329,0,329,G
7-M,757,0,319,0,2,321,T
7-M,758,0,1,319,0,320,G
7-M,759,320,0,0,0,320,A
7-M,760,1,0,0,318,319,C
7-M,761,0,0,0,317,317,C
7-M,762,0,0,0,317,317,C
7-M,763,0,0,317,0,317,G
7-M,764,0,0,0,315,315,C
7-M,765,0,316,0,0,316,T
7-M,766,0,316,0,0,316,T
7-M,767,0,1,316,0,317,G
7-M,768,0,311,0,0,311,T
7-M,769,0,311,0,1,312,T
7-M,770,0,0,313,0,313,G
7-M,771,1,305,0,0,306,T
7-M,772,0,304,0,0,304,T
7-M,773,0,1,299,0,300,G
7-M,774,0,3,0,297,300,C
7-M,775,0,1,0,301,302,C
7-M,776,2,0,301,0,303,G
7-M,777,0,0,0,300,300,C
7-M,778,0,1,302,0,303,G
7-M,779,304,0,0,0,304,A
7-M,780,303,0,0,0,303,A
7-M,781,0,305,0,0,305,T
7-M,782,305,0,0,0,305,A
7-M,783,0,309,0,0,309,T
7-M,784,0,0,0,310,310,C
7-M,785,310,0,0,0,310,A
7-M,786,0,308,0,1,309,T
7-M,787,0,307,0,0,307,T
7-M,788,0,0,308,0,308,G
7-M,789,0,0,308,0,308,G
7-M,790,0,1,307,0,308,G
7-M,791,307,0,0,0,307,A
7-M,792,0,308,0,0,308,T
7-M,793,1,0,0,301,302,C
7-M,794,0,305,0,0,305,T
7-M,795,0,304,0,0,304,T
7-M,796,0,0,307,0,307,G
7-M,797,0,0,0,306,306,C
7-M,798,306,0,0,0,306,A
7-M,799,0,0,0,307,307,C
7-M,800,0,305,0,0,305,T
7-M,801,0,305,0,0,305,T
7-M,802,0,0,306,0,306,G
7-M,803,306,0,0,0,306,A
7-M,804,0,308,0,0,308,T
7-M,805,301,0,0,0,301,A
7-M,806,0,301,0,0,301,T
7-M,807,0,295,0,0,295,T
7-M,808,0,0,297,0,297,G
7-M,809,0,294,0,1,295,T
7-M,810,0,1,291,0,292,G
7-M,811,0,1,292,0,293,G
7-M,812,286,0,0,0,286,A
7-M,813,0,285,0,0,285,T
7-M,814,0,287,0,0,287,T
7-M,815,1,0,0,287,288,C
7-M,816,0,288,0,0,288,T
7-M,817,0,284,0,0,284,T
7-M,818,0,1,282,0,283,G
7-M,819,282,0,0,0,282,A
7-M,820,0,283,0,0,283,T
7-M,821,2,1,0,277,280,C
7-M,822,1,0,279,0,280,G
7-M,823,0,279,0,0,279,T
7-M,824,1,0,0,276,277,C
7-M,825,0,274,0,1,275,T
7-M,826,0,279,0,0,279,T
7-M,827,0,279,0,0,279,T
7-M,828,0,279,0,0,279,T
7-M,829,0,278,0,0,278,T
7-M,830,0,279,0,0,279,T
7-M,831,0,278,0,0,278,T
7-M,832,0,0,0,276,276,C
7-M,833,275,0,0,0,275,A
7-M,834,275,0,0,0,275,A
7-M,835,274,0,1,0,275,A
7-M,836,0,275,0,0,275,T
7-M,837,0,0,273,0,273,G
7-M,838,0,0,0,272,272,C
7-M,839,268,0,1,0,269,A
7-M,840,0,275,0,0,275,T
7-M,841,1,0,0,275,276,C
7-M,842,0,276,0,0,276,T
7-M,843,276,0,0,0,276,A
7-M,844,0,275,0,0,275,T
7-M,845,0,0,0,275,275,C
7-M,846,0,3,272,0,275,G
7-M,847,273,0,0,0,273,A
7-M,848,0,0,0,274,274,C
7-M,849,0,266,0,0,266,T
7-M,850,3,0,0,268,271,C
7-M,851,0,267,0,0,267,T
7-M,852,0,267,0,0,267,T
7-M,853,0,0,0,271,271,C
7-M,854,271,0,0,0,271,A
7-M,855,270,0,0,0,270,A
7-M,856,270,0,0,0,270,A
7-M,857,0,0,0,270,270,C
7-M,858,269,0,0,0,269,A
7-M,859,0,0,0,261,261,C
7-M,860,0,0,254,0,254,G
7-M,861,0,0,262,0,262,G
7-M,862,1,0,0,260,261,C
7-M,863,2,0,0,260,262,C
7-M,864,0,261,0,0,261,T
7-M,865,0,260,0,0,260,T
7-M,866,261,0,0,0,261,A
7-M,867,261,0,0,0,261,A
7-M,868,260,0,0,0,260,A
7-M,869,258,0,1,0,259,A
7-M,870,1,0,253,0,254,G
7-M,871,225,0,0,0,225,A
7-M,872,0,0,225,0,225,G
7-M,873,0,1,223,0,224,G
7-M,874,1,0,0,221,222,C
7-M,875,1,0,0,222,223,C
7-M,876,0,0,0,224,224,C
7-M,877,0,218,0,1,219,T
7-M,878,0,222,0,0,222,T
7-M,879,1,0,0,220,221,C
7-M,880,0,222,0,0,222,T
7-M,881,222,0,0,0,222,A
7-M,882,0,0,0,223,223,C
7-M,883,0,0,220,0,220,G
7-M,884,0,0,219,0,219,G
7-M,885,213,0,1,0,214,A
7-M,886,215,0,0,0,215,A
7-M,887,0,0,215,0,215,G
7-M,888,0,2,212,0,214,G
7-M,889,209,0,0,0,209,A
7-M,890,0,0,208,0,208,G
7-M,891,0,203,0,0,203,T
7-M,892,203,0,0,0,203,A
7-M,893,1,0,0,202,203,C
7-M,894,0,0,0,202,202,C
7-M,895,0,200,0,0,200,T
7-M,896,0,0,200,0,200,G
7-M,897,191,0,0,0,191,A
7-M,898,0,0,193,0,193,G
7-M,899,0,178,0,1,179,T
7-M,900,0,0,0,180,180,C
7-M,901,0,175,0,0,175,T
7-M,902,175,0,0,0,175,A
7-M,903,0,173,0,1,174,T
7-M,904,0,1,172,0,173,G
7-M,905,166,0,0,0,166,A
7-M,906,0,0,166,0,166,G
7-M,907,0,1,146,0,147,G
7-M,908,1,1,146,0,148,G
7-M,909,148,0,0,0,148,A
7-M,910,148,0,0,0,148,A
7-M,911,0,0,148,0,148,G
7-M,912,148,0,0,0,148,A
7-M,913,162,0,0,0,162,A
7-M,914,0,162,0,0,162,T
7-M,915,160,0,0,0,160,A
7-M,916,0,161,0,0,161,T
7-M,917,0,16,0,143,159,C
7-M,918,0,0,160,0,160,G
7-M,919,160,0,0,0,160,A
7-M,920,159,0,0,0,159,A
7-M,921,157,0,1,0,158,A
7-M,922,0,0,158,0,158,G
7-M,923,0,0,164,0,164,G
7-M,924,161,0,0,0,161,A
7-M,925,162,0,0,0,162,A
7-M,926,0,0,0,162,162,C
7-M,927,158,0,0,0,158,A
7-M,928,0,0,162,0,162,G
7-M,929,0,0,0,162,162,C
7-M,930,161,0,0,0,161,A
7-M,931,0,1,160,0,161,G
7-M,932,152,0,0,0,152,A
7-M,933,153,0,0,0,153,A
7-M,934,0,153,0,0,153,T
7-M,935,0,0,151,0,151,G
7-M,936,0,0,0,151,151,C
7-M,937,0,144,0,0,144,T
7-M,938,0,0,145,0,145,G
7-M,939,0,144,0,0,144,T
7-M,940,0,0,142,0,142,G
7-M,941,0,0,143,0,143,G
7-M,942,141,0,0,0,141,A
7-M,943,0,142,0,0,142,T
7-M,944,0,1,139,0,140,G
7-M,945,0,0,0,137,137,C
7-M,946,0,121,0,0,121,T
7-M,947,0,0,121,0,121,G
7-M,948,120,0,0,0,120,A
7-M,949,0,0,0,120,120,C
7-M,950,0,0,120,0,120,G
7-M,951,117,0,0,0,117,A
7-M,952,0,0,0,116,116,C
7-M,953,113,0,0,0,113,A
7-M,954,0,0,113,0,113,G
7-M,955,0,113,0,0,113,T
7-M,956,1,0,0,113,114,C
7-M,957,114,0,0,0,114,A
7-M,958,0,114,0,0,114,T
7-M,959,0,113,0,0,113,T
7-M,960,0,114,0,0,114,T
7-M,961,0,113,0,0,113,T
7-M,962,0,0,113,0,113,G
7-M,963,0,109,0,0,109,T
7-M,964,2,0,0,107,109,C
7-M,965,108,0,0,0,108,A
7-M,966,0,0,108,0,108,G
7-M,967,0,0,0,106,106,C
7-M,968,106,0,0,0,106,A
7-M,969,0,106,0,0,106,T
7-M,970,100,0,0,0,100,A
7-M,971,0,0,100,0,100,G
7-M,972,98,0,0,0,98,A
7-M,973,0,0,97,0,97,G
7-M,974,0,95,0,0,95,T
7-M,975,0,58,0,0,58,T
7-M,976,0,0,55,0,55,G
7-M,977,0,0,56,0,56,G
7-M,978,56,0,0,0,56,A
7-M,979,0,0,56,0,56,G
7-M,980,0,42,0,0,42,T
7-M,981,41,0,0,0,41,A
7-M,982,38,0,0,0,38,A
8-NS,1,208,0,0,0,208,A
8-NS,2,0,208,0,0,208,T
8-NS,3,0,0,229,0,229,G
8-NS,4,0,2,244,0,246,G
8-NS,5,276,0,0,0,276,A
8-NS,6,0,549,0,0,549,T
8-NS,7,0,550,0,0,550,T
8-NS,8,0,0,0,576,576,C
8-NS,9,0,1,0,578,579,C
8-NS,10,580,0,0,0,580,A
8-NS,11,585,0,0,0,585,A
8-NS,12,0,0,0,588,588,C
8-NS,13,589,0,0,0,589,A
8-NS,14,0,0,0,597,597,C
8-NS,15,0,599,0,0,599,T
8-NS,16,0,0,660,0,660,G
8-NS,17,0,660,0,0,660,T
8-NS,18,1,0,660,0,661,G
8-NS,19,0,661,0,4,665,T
8-NS,20,6,0,0,659,665,C
8-NS,21,665,0,0,0,665,A
8-NS,22,667,0,1,0,668,A
8-NS,23,0,0,676,0,676,G
8-NS,24,1,688,1,0,690,T
8-NS,25,0,687,0,0,687,T
8-NS,26,0,692,1,0,693,T
8-NS,27,2,0,0,695,697,C
8-NS,28,0,0,0,696,696,C
8-NS,29,696,0,1,0,697,A
8-NS,30,0,4,700,0,704,G
8-NS,31,0,1,707,0,708,G
8-NS,32,0,708,0,0,708,T
8-NS,33,709,0,0,0,709,A
8-NS,34,0,1,716,0,717,G
8-NS,35,716,0,0,0,716,A
8-NS,36,1,715,0,1,717,T
8-NS,37,0,715,0,0,715,T
8-NS,38,0,0,724,0,724,G
8-NS,39,1,0,0,726,727,C
8-NS,40,0,727,0,0,727,T
8-NS,41,0,739,0,0,739,T
8-NS,42,0,747,0,0,747,T
8-NS,43,2,0,0,758,760,C
8-NS,44,0,759,0,1,760,T
8-NS,45,0,760,0,1,761,T
8-NS,46,0,761,0,1,762,T
8-NS,47,0,6,763,0,769,G
8-NS,48,0,1,776,0,777,G
8-NS,49,0,0,0,780,780,C
8-NS,50,778,0,0,0,778,A
8-NS,51,0,782,0,0,782,T
8-NS,52,780,0,0,0,780,A
8-NS,53,0,851,0,0,851,T
8-NS,54,1,0,0,854,855,C
8-NS,55,3,0,0,849,852,C
8-NS,56,0,0,851,0,851,G
8-NS,57,0,851,0,0,851,T
8-NS,58,864,0,0,0,864,A
8-NS,59,867,0,0,0,867,A
8-NS,60,864,0,1,0,865,A
8-NS,61,0,0,0,870,870,C
8-NS,62,858,0,0,0,858,A
8-NS,63,859,0,0,0,859,A
8-NS,64,0,0,904,0,904,G
8-NS,65,0,908,0,0,908,T
8-NS,66,0,908,0,0,908,T
8-NS,67,1,0,909,0,910,G
8-NS,68,0,908,0,1,909,T
8-NS,69,906,0,0,0,906,A
8-NS,70,2,2,914,0,918,G
8-NS,71,970,0,0,0,970,A
8-NS,72,0,1,1,967,969,C
8-NS,73,2,0,0,965,967,C
8-NS,74,967,0,0,0,967,A
8-NS,75,967,0,0,0,967,A
8-NS,76,0,7,1003,1,1011,G
8-NS,77,1010,0,1,0,1011,A
8-NS,78,1012,0,1,0,1013,A
8-NS,79,0,0,0,1012,1012,C
8-NS,80,0,993,0,0,993,T
8-NS,81,0,5,1008,0,1013,G
8-NS,82,1008,1,0,0,1009,A
8-NS,83,0,1,1033,0,1034,G
8-NS,84,0,1033,0,0,1033,T
8-NS,85,0,3,1022,0,1025,G
8-NS,86,1029,0,0,0,1029,A
8-NS,87,0,1023,1,2,1026,T
8-NS,88,0,0,1037,0,1037,G
8-NS,89,0,0,0,1051,1051,C
8-NS,90,4,1,0,1052,1057,C
8-NS,91,3,1,1,1053,1058,C
8-NS,92,5,0,0,1053,1058,C
8-NS,93,1062,0,0,0,1062,A
8-NS,94,0,1088,0,1,1089,T
8-NS,95,0,1097,0,1,1098,T
8-NS,96,3,1,0,1100,1104,C
8-NS,97,1,0,0,1095,1096,C
8-NS,98,0,1094,0,2,1096,T
8-NS,99,0,1086,0,1,1087,T
8-NS,100,0,1,1082,0,1083,G
8-NS,101,1076,0,4,0,1080,A
8-NS,102,0,1083,0,0,1083,T
8-NS,103,3,0,0,1069,1072,C
8-NS,104,0,0,1070,1,1071,G
8-NS,105,0,1,1077,0,1078,G
8-NS,106,1,0,0,1079,1080,C
8-NS,107,0,1075,0,1,1076,T
8-NS,108,0,1077,0,0,1077,T
8-NS,109,1,0,0,1080,1081,C
8-NS,110,0,1,1084,0,1085,G
8-NS,111,0,0,0,1084,1084,C
8-NS,112,2,2,0,1077,1081,C
8-NS,113,0,2,1089,0,1091,G
8-NS,114,1079,0,1,0,1080,A
8-NS,115,0,3,1116,0,1119,G
8-NS,116,1119,0,0,0,1119,A
8-NS,117,0,1123,0,0,1123,T
8-NS,118,3,0,0,1117,1120,C
8-NS,119,1115,1,0,0,1116,A
8-NS,120,1,1,1118,0,1120,G
8-NS,121,1113,0,1,0,1114,A
8-NS,122,0,1,1136,0,1137,G
8-NS,123,0,2,1139,0,1141,G
8-NS,124,0,1139,0,0,1139,T
8-NS,125,5,1,0,1199,1205,C
8-NS,126,3,0,0,1197,1200,C
8-NS,127,4,0,0,1207,1211,C
8-NS,128,0,1213,0,0,1213,T
8-NS,129,1216,0,0,0,1216,A
8-NS,130,1209,0,2,0,1211,A
8-NS,131,3,2,1218,0,1223,G
8-NS,132,0,2,1226,0,1228,G
8-NS,133,1,2,1221,0,1224,G
8-NS,134,1,2,1197,0,1200,G
8-NS,135,1191,0,0,0,1191,A
8-NS,136,1183,0,3,1,1187,A
8-NS,137,0,1,1193,0,1194,G
8-NS,138,1201,1,0,0,1202,A
8-NS,139,0,1,1213,0,1214,G
8-NS,140,0,2,1217,0,1219,G
8-NS,141,0,1,0,1219,1220,C
8-NS,142,1212,0,0,0,1212,A
8-NS,143,1219,0,0,0,1219,A
8-NS,144,0,1220,0,0,1220,T
8-NS,145,1228,0,0,0,1228,A
8-NS,146,0,0,0,1240,1240,C
8-NS,147,0,1218,0,1,1219,T
8-NS,148,5,0,0,1215,1220,C
8-NS,149,0,1209,1,0,1210,T
8-NS,150,3,3,1,1208,1215,C
8-NS,151,1,7,1220,0,1228,G
8-NS,152,0,1,1292,0,1293,G
8-NS,153,0,1297,0,2,1299,T
8-NS,154,4,0,0,1296,1300,C
8-NS,155,1,1290,1,0,1292,T
8-NS,156,1308,0,0,0,1308,A
8-NS,157,0,4,1301,0,1305,G
8-NS,158,1301,0,1,0,1302,A
8-NS,159,0,1,0,1326,1327,C
8-NS,160,1308,0,0,0,1308,A
8-NS,161,0,1285,0,1,1286,T
8-NS,162,1,0,0,1285,1286,C
8-NS,163,1290,0,0,0,1290,A
8-NS,164,1287,0,3,0,1290,A
8-NS,165,1282,0,0,0,1282,A
8-NS,166,0,1,1296,0,1297,G
8-NS,167,0,0,0,1299,1299,C
8-NS,168,1285,0,1,1,1287,A
8-NS,169,1,0,1294,0,1295,G
8-NS,170,0,0,0,1298,1298,C
8-NS,171,8,2,0,1292,1302,C
8-NS,172,1303,0,1,0,1304,A
8-NS,173,1,0,0,1319,1320,C
8-NS,174,7,0,0,1319,1326,C
8-NS,175,2,0,0,1325,1327,C
8-NS,176,1312,22,0,0,1334,A
8-NS,177,0,1336,0,0,1336,T
8-NS,178,1,0,1329,0,1330,G
8-NS,179,0,1326,0,0,1326,T
8-NS,180,0,1321,0,0,1321,T
8-NS,181,0,4,1297,0,1301,G
8-NS,182,0,6,1287,0,1293,G
8-NS,183,1293,0,1,0,1294,A
8-NS,184,1290,0,1,0,1291,A
8-NS,185,1283,0,1,0,1284,A
8-NS,186,1280,0,0,0,1280,A
8-NS,187,3,0,0,1291,1294,C
8-NS,188,1294,0,0,1,1295,A
8-NS,189,1292,0,0,0,1292,A
8-NS,190,1289,1,1,0,1291,A
8-NS,191,0,1298,0,0,1298,T
8-NS,192,0,1298,0,0,1298,T
8-NS,193,0,1,1314,0,1315,G
8-NS,194,0,1313,0,2,1315,T
8-NS,195,1311,1,1,0,1313,A
8-NS,196,0,5,1309,0,1314,G
8-NS,197,1309,0,0,0,1309,A
8-NS,198,1310,0,1,1,1312,A
8-NS,199,1311,0,0,0,1311,A
8-NS,200,1312,0,0,1,1313,A
8-NS,201,0,5,1314,0,1319,G
8-NS,202,1307,0,1,0,1308,A
8-NS,203,1,1301,0,2,1304,T
8-NS,204,0,1300,0,0,1300,T
8-NS,205,4,0,0,1295,1299,C
8-NS,206,0,1299,0,0,1299,T
8-NS,207,0,5,1301,0,1306,G
8-NS,208,1303,0,1,0,1304,A
8-NS,209,1305,0,0,0,1305,A
8-NS,210,1306,0,0,0,1306,A
8-NS,211,1,1,1302,0,1304,G
8-NS,212,1304,0,0,0,1304,A
8-NS,213,1308,0,2,0,1310,A
8-NS,214,0,4,1317,0,1321,G
8-NS,215,1324,0,3,0,1327,A
8-NS,216,1333,0,0,0,1333,A
8-NS,217,0,1335,0,0,1335,T
8-NS,218,0,1,0,1352,1353,C
8-NS,219,0,1348,0,0,1348,T
8-NS,220,1,7,1348,0,1356,G
8-NS,221,1356,0,2,0,1358,A
8-NS,222,0,1357,0,1,1358,T
8-NS,223,1,4,1349,0,1354,G
8-NS,224,1336,0,1,0,1337,A
8-NS,225,0,5,1332,0,1337,G
8-NS,226,0,4,1335,0,1339,G
8-NS,227,0,2,0,1338,1340,C
8-NS,228,1344,0,1,0,1345,A
8-NS,229,0,0,0,1374,1374,C
8-NS,230,0,1366,0,0,1366,T
8-NS,231,0,1379,0,0,1379,T
8-NS,232,1387,0,0,0,1387,A
8-NS,233,1395,0,0,0,1395,A
8-NS,234,1394,0,0,0,1394,A
8-NS,235,1389,1,1,0,1391,A
8-NS,236,1,1391,0,0,1392,T
8-NS,237,5,7,1383,0,1395,G
8-NS,238,1400,0,1,0,1401,A
8-NS,239,3,0,0,1396,1399,C
8-NS,240,3,0,0,1392,1395,C
8-NS,241,1396,0,1,0,1397,A
8-NS,242,1,1391,0,1,1393,T
8-NS,243,0,7,1411,0,1418,G
8-NS,244,0,2,1435,0,1437,G
8-NS,245,0,1440,0,1,1441,T
8-NS,246,4,0,0,1491,1495,C
8-NS,247,0,1492,0,1,1493,T
8-NS,248,4,0,1,1506,1511,C
8-NS,249,0,1,0,1512,1513,C
8-NS,250,1512,0,4,0,1516,A
8-NS,251,3,1,0,1536,1540,C
8-NS,252,1514,0,0,0,1514,A
8-NS,253,1,0,0,1512,1513,C
8-NS,254,5,0,0,1490,1495,C
8-NS,255,0,1436,0,1,1437,T
8-NS,256,1,1,1438,0,1440,G
8-NS,257,1,0,0,1435,1436,C
8-NS,258,0,1424,0,0,1424,T
8-NS,259,0,1432,0,0,1432,T
8-NS,260,2,0,0,1416,1418,C
8-NS,261,1,3,1414,1,1419,G
8-NS,262,1,1,0,1418,1420,C
8-NS,263,1,5,1414,0,1420,G
8-NS,264,1479,0,1,0,1480,A
8-NS,265,0,1470,0,0,1470,T
8-NS,266,1497,0,0,0,1497,A
8-NS,267,0,0,0,1505,1505,C
8-NS,268,1501,2,2,0,1505,A
8-NS,269,0,1546,0,0,1546,T
8-NS,270,1532,1,1,1,1535,A
8-NS,271,1538,0,0,0,1538,A
8-NS,272,1,0,0,1540,1541,C
8-NS,273,0,1493,0,0,1493,T
8-NS,274,0,11,1492,1,1504,G
8-NS,275,1481,1,2,0,1484,A
8-NS,276,0,5,0,1492,1497,C
8-NS,277,1494,0,0,0,1494,A
8-NS,278,0,1481,0,1,1482,T
8-NS,279,0,9,1478,0,1487,G
8-NS,280,1489,0,0,0,1489,A
8-NS,281,1,0,0,1527,1528,C
8-NS,282,2,1519,0,1,1522,T
8-NS,283,1543,1,0,0,1544,A
8-NS,284,3,1532,0,2,1537,T
8-NS,285,0,1528,0,1,1529,T
8-NS,286,0,2,1530,0,1532,G
8-NS,287,1519,1,0,0,1520,A
8-NS,288,0,2,1516,0,1518,G
8-NS,289,1,3,1514,0,1518,G
8-NS,290,1487,0,0,0,1487,A
8-NS,291,1493,0,0,0,1493,A
8-NS,292,0,1469,0,0,1469,T
8-NS,293,0,1470,0,0,1470,T
8-NS,294,3,0,1497,0,1500,G
8-NS,295,1,1496,0,1,1498,T
8-NS,296,7,3,0,1481,1491,C
8-NS,297,1492,0,0,1,1493,A
8-NS,298,1497,0,0,0,1497,A
8-NS,299,0,4,1492,1,1497,G
8-NS,300,1504,1,0,0,1505,A
8-NS,301,1498,0,0,0,1498,A
8-NS,302,1503,1,1,0,1505,A
8-NS,303,3,2,0,1498,1503,C
8-NS,304,0,1488,0,0,1488,T
8-NS,305,0,3,1505,0,1508,G
8-NS,306,0,1,1518,0,1519,G
8-NS,307,1,1515,1,0,1517,T
8-NS,308,0,1515,0,2,1517,T
8-NS,309,11,0,0,1501,1512,C
8-NS,310,1519,0,1,0,1520,A
8-NS,311,0,1534,0,0,1534,T
8-NS,312,1,1,1538,0,1540,G
8-NS,313,0,0,0,1542,1542,C
8-NS,314,0,1533,0,2,1535,T
8-NS,315,1522,0,0,0,1522,A
8-NS,316,1533,0,0,0,1533,A
8-NS,317,1,1539,0,2,1542,T
8-NS,318,0,0,1535,0,1535,G
8-NS,319,2,0,1,1525,1528,C
8-NS,320,7,0,0,1512,1519,C
8-NS,321,3,0,1,1516,1520,C
8-NS,322,1518,0,4,0,1522,A
8-NS,323,1524,0,0,0,1524,A
8-NS,324,0,0,1535,0,1535,G
8-NS,325,0,1,1,1534,1536,C
8-NS,326,1522,1,2,0,1525,A
8-NS,327,0,1,1535,0,1536,G
8-NS,328,1536,0,0,0,1536,A
8-NS,329,1536,0,1,0,1537,A
8-NS,330,1532,1,0,0,1533,A
8-NS,331,1516,0,1,0,1517,A
8-NS,332,0,1529,0,2,1531,T
8-NS,333,1,6,1537,0,1544,G
8-NS,334,0,2,1545,0,1547,G
8-NS,335,1542,0,2,0,1544,A
8-NS,336,1532,0,4,1,1537,A
8-NS,337,0,5,1538,0,1543,G
8-NS,338,0,6,1544,0,1550,G
8-NS,339,1542,3,0,0,1545,A
8-NS,340,1,0,0,1553,1554,C
8-NS,341,4,1,0,1538,1543,C
8-NS,342,0,1537,0,1,1538,T
8-NS,343,0,0,0,1567,1567,C
8-NS,344,0,1557,0,1,1558,T
8-NS,345,0,1559,0,2,1561,T
8-NS,346,0,1564,0,0,1564,T
8-NS,347,0,2,1561,0,1563,G
8-NS,348,1,2,0,1567,1570,C
8-NS,349,1566,0,0,0,1566,A
8-NS,350,0,1570,1,2,1573,T
8-NS,351,5,1,0,1569,1575,C
8-NS,352,1585,0,3,0,1588,A
8-NS,353,0,4,1629,0,1633,G
8-NS,354,1626,0,0,1,1627,A
8-NS,355,1631,0,0,1,1632,A
8-NS,356,0,1633,0,0,1633,T
8-NS,357,1,4,1610,0,1615,G
8-NS,358,8,1,1621,0,1630,G
8-NS,359,1631,0,2,0,1633,A
8-NS,360,1,0,0,1635,1636,C
8-NS,361,0,1,0,1595,1596,C
8-NS,362,1548,2,4,0,1554,A
8-NS,363,0,1,1568,0,1569,G
8-NS,364,5,0,1567,0,1572,G
8-NS,365,0,2,0,1568,1570,C
8-NS,366,1561,0,1,0,1562,A
8-NS,367,1557,1,0,0,1558,A
8-NS,368,0,1559,0,2,1561,T
8-NS,369,8,0,0,1545,1553,C
8-NS,370,1553,0,0,0,1553,A
8-NS,371,0,1542,0,1,1543,T
8-NS,372,0,1,1530,1,1532,G
8-NS,373,0,3,1535,0,1538,G
8-NS,374,1532,1,2,0,1535,A
8-NS,375,0,6,1546,1,1553,G
8-NS,376,1525,0,1,0,1526,A
8-NS,377,1524,0,0,0,1524,A
8-NS,378,1525,0,0,0,1525,A
8-NS,379,1525,0,0,1,1526,A
8-NS,380,1526,0,2,1,1529,A
8-NS,381,2,1,0,1534,1537,C
8-NS,382,1522,1,0,0,1523,A
8-NS,383,0,1517,0,1,1518,T
8-NS,384,4,0,0,1503,1507,C
8-NS,385,1502,0,1,0,1503,A
8-NS,386,0,1515,1,1,1517,T
8-NS,387,0,1,1516,0,1517,G
8-NS,388,1,1514,0,2,1517,T
8-NS,389,0,1502,0,4,1506,T
8-NS,390,1,4,1500,0,1505,G
8-NS,391,1501,0,0,0,1501,A
8-NS,392,1501,1,1,0,1503,A
8-NS,393,1503,0,0,0,1503,A
8-NS,394,0,1,1506,0,1507,G
8-NS,395,2,0,0,1502,1504,C
8-NS,396,0,8,1495,0,1503,G
8-NS,397,1499,0,3,0,1502,A
8-NS,398,1509,0,0,1,1510,A
8-NS,399,1,1507,0,0,1508,T
8-NS,400,0,1505,0,0,1505,T
8-NS,401,1,1511,0,0,1512,T
8-NS,402,4,0,0,1507,1511,C
8-NS,403,1500,0,0,0,1500,A
8-NS,404,0,2,1505,0,1507,G
8-NS,405,0,1501,0,0,1501,T
8-NS,406,0,0,1503,0,1503,G
8-NS,407,2,1491,0,2,1495,T
8-NS,408,0,5,1495,0,1500,G
8-NS,409,1505,0,0,0,1505,A
8-NS,410,0,1507,0,2,1509,T
8-NS,411,1,1502,0,0,1503,T
8-NS,412,0,1504,0,0,1504,T
8-NS,413,0,1503,0,0,1503,T
8-NS,414,0,1503,0,2,1505,T
8-NS,415,0,9,1494,0,1503,G
8-NS,416,1506,0,3,0,1509,A
8-NS,417,2,0,0,1507,1509,C
8-NS,418,3,1,0,1490,1494,C
8-NS,419,4,6,1498,0,1508,G
8-NS,420,1597,0,0,0,1597,A
8-NS,421,0,0,0,1624,1624,C
8-NS,422,0,1621,1,0,1622,T
8-NS,423,1626,0,0,0,1626,A
8-NS,424,0,0,1632,0,1632,G
8-NS,425,1632,0,4,0,1636,A
8-NS,426,0,4,1647,0,1651,G
8-NS,427,1644,0,0,0,1644,A
8-NS,428,4,0,0,1674,1678,C
8-NS,429,7,0,0,1591,1598,C
8-NS,430,1548,0,1,0,1549,A
8-NS,431,0,1631,0,1,1632,T
8-NS,432,1619,0,0,1,1620,A
8-NS,433,0,2,1698,0,1700,G
8-NS,434,0,1689,0,0,1689,T
8-NS,435,1682,0,0,0,1682,A
8-NS,436,1,1680,0,0,1681,T
8-NS,437,0,1615,0,1,1616,T
8-NS,438,1665,0,0,0,1665,A
8-NS,439,1,1,0,1659,1661,C
8-NS,440,0,1602,0,0,1602,T
8-NS,441,1602,0,1,0,1603,A
8-NS,442,1482,0,0,0,1482,A
8-NS,443,1,8,1483,0,1492,G
8-NS,444,0,4,1480,0,1484,G
8-NS,445,0,0,1494,0,1494,G
8-NS,446,0,1,0,1469,1470,C
8-NS,447,0,1436,1,5,1442,T
8-NS,448,0,1436,1,1,1438,T
8-NS,449,0,1462,0,0,1462,T
8-NS,450,5,1,0,1456,1462,C
8-NS,451,1480,0,1,0,1481,A
8-NS,452,1,0,1,1488,1490,C
8-NS,453,5,1,0,1466,1472,C
8-NS,454,4,4,1464,0,1472,G
8-NS,455,1470,0,0,0,1470,A
8-NS,456,1477,0,2,0,1479,A
8-NS,457,1,5,1475,0,1481,G
8-NS,458,1466,0,3,0,1469,A
8-NS,459,2,5,1468,0,1475,G
8-NS,460,2,8,1441,1,1452,G
8-NS,461,0,10,1446,0,1456,G
8-NS,462,1449,0,2,0,1451,A
8-NS,463,0,1,1456,0,1457,G
8-NS,464,2,0,0,1446,1448,C
8-NS,465,1450,1,0,0,1451,A
8-NS,466,1453,0,1,0,1454,A
8-NS,467,0,1449,0,0,1449,T
8-NS,468,0,1442,0,0,1442,T
8-NS,469,1,2,1443,0,1446,G
8-NS,470,0,1426,0,0,1426,T
8-NS,471,0,1425,0,0,1425,T
8-NS,472,1,4,1421,0,1426,G
8-NS,473,0,0,1424,0,1424,G
8-NS,474,0,3,0,1425,1428,C
8-NS,475,1,1,1423,0,1425,G
8-NS,476,1423,2,1,0,1426,A
8-NS,477,1434,0,0,0,1434,A
8-NS,478,1440,0,0,0,1440,A
8-NS,479,0,1445,0,1,1446,T
8-NS,480,4,0,0,1443,1447,C
8-NS,481,0,1446,0,0,1446,T
8-NS,482,3,1,0,1445,1449,C
8-NS,483,1452,0,4,0,1456,A
8-NS,484,2,1,0,1458,1461,C
8-NS,485,6,2,0,1451,1459,C
8-NS,486,1452,1,0,0,1453,A
8-NS,487,0,1448,0,1,1449,T
8-NS,488,0,1439,0,1,1440,T
8-NS,489,0,0,1445,0,1445,G
8-NS,490,2,0,0,1435,1437,C
8-NS,491,3,0,1,1435,1439,C
8-NS,492,0,1436,0,1,1437,T
8-NS,493,1,1432,0,1,1434,T
8-NS,494,2,0,1,1443,1446,C
8-NS,495,1,1442,0,1,1444,T
8-NS,496,0,1445,0,0,1445,T
8-NS,497,0,1477,0,1,1478,T
8-NS,498,0,1474,0,1,1475,T
8-NS,499,4,1,0,1472,1477,C
8-NS,500,2,1,0,1474,1477,C
8-NS,501,1471,0,0,0,1471,A
8-NS,502,0,3,1484,0,1487,G
8-NS,503,0,6,1473,0,1479,G
8-NS,504,1498,0,1,0,1499,A
8-NS,505,1,2,0,1496,1499,C
8-NS,506,1492,1,0,0,1493,A
8-NS,507,0,1502,0,0,1502,T
8-NS,508,1507,0,1,0,1508,A
8-NS,509,3,1,0,1607,1611,C
8-NS,510,0,1612,0,1,1613,T
8-NS,511,1598,0,1,0,1599,A
8-NS,512,0,1590,0,1,1591,T
8-NS,513,0,1544,0,3,1547,T
8-NS,514,0,5,1542,1,1548,G
8-NS,515,1507,0,1,0,1508,A
8-NS,516,1,2,1510,0,1513,G
8-NS,517,1,2,1493,0,1496,G
8-NS,518,1373,0,1,0,1374,A
8-NS,519,0,1373,0,0,1373,T
8-NS,520,0,3,1355,0,1358,G
8-NS,521,0,1351,0,2,1353,T
8-NS,522,5,0,0,1352,1357,C
8-NS,523,1351,0,0,0,1351,A
8-NS,524,1353,0,0,0,1353,A
8-NS,525,1353,0,0,0,1353,A
8-NS,526,1349,0,0,0,1349,A
8-NS,527,1347,1,0,0,1348,A
8-NS,528,0,1344,0,3,1347,T
8-NS,529,1,2,1343,0,1346,G
8-NS,530,1,1,0,1354,1356,C
8-NS,531,1352,0,0,0,1352,A
8-NS,532,1361,1,0,0,1362,A
8-NS,533,0,1363,0,0,1363,T
8-NS,534,0,1364,0,0,1364,T
8-NS,535,0,2,1347,0,1349,G
8-NS,536,3,5,1343,0,1351,G
8-NS,537,0,5,1353,0,1358,G
8-NS,538,3,3,1364,0,1370,G
8-NS,539,0,1348,1,1,1350,T
8-NS,540,10,0,0,1348,1358,C
8-NS,541,9,0,0,1353,1362,C
8-NS,542,1,1352,0,4,1357,T
8-NS,543,3,0,0,1374,1377,C
8-NS,544,1374,0,0,0,1374,A
8-NS,545,0,1377,1,0,1378,T
8-NS,546,3,4,0,1367,1374,C
8-NS,547,0,0,1367,0,1367,G
8-NS,548,0,5,1359,0,1364,G
8-NS,549,1348,0,0,0,1348,A
8-NS,550,1,2,1346,0,1349,G
8-NS,551,1,4,1348,0,1353,G
8-NS,552,1332,0,2,0,1334,A
8-NS,553,2,0,0,1342,1344,C
8-NS,554,0,1333,0,1,1334,T
8-NS,555,0,1330,0,0,1330,T
8-NS,556,0,3,1332,0,1335,G
8-NS,557,1330,0,0,0,1330,A
8-NS,558,1329,0,1,0,1330,A
8-NS,559,0,1326,0,0,1326,T
8-NS,560,0,4,1307,0,1311,G
8-NS,561,1,9,1329,0,1339,G
8-NS,562,1304,1,0,0,1305,A
8-NS,563,1318,0,2,0,1320,A
8-NS,564,0,1365,0,0,1365,T
8-NS,565,0,4,1378,0,1382,G
8-NS,566,1382,0,2,0,1384,A
8-NS,567,0,1389,0,0,1389,T
8-NS,568,1380,0,4,0,1384,A
8-NS,569,1388,0,2,0,1390,A
8-NS,570,1,0,0,1377,1378,C
8-NS,571,1341,1,0,0,1342,A
8-NS,572,1,2,0,1348,1351,C
8-NS,573,1254,0,0,1,1255,A
8-NS,574,0,1,1268,0,1269,G
8-NS,575,1,1251,0,0,1252,T
8-NS,576,0,1243,0,1,1244,T
8-NS,577,9,0,1,1238,1248,C
8-NS,578,0,6,1232,0,1238,G
8-NS,579,1241,0,0,0,1241,A
8-NS,580,0,0,1237,0,1237,G
8-NS,581,1,1226,0,0,1227,T
8-NS,582,5,0,0,1228,1233,C
8-NS,583,1,1204,0,4,1209,T
8-NS,584,3,0,0,1216,1219,C
8-NS,585,0,1225,0,1,1226,T
8-NS,586,1227,1,0,0,1228,A
8-NS,587,1226,0,1,0,1227,A
8-NS,588,1228,0,0,0,1228,A
8-NS,589,1230,0,1,0,1231,A
8-NS,590,1233,0,0,1,1234,A
8-NS,591,0,1222,0,0,1222,T
8-NS,592,4,0,0,1224,1228,C
8-NS,593,0,1220,0,1,1221,T
8-NS,594,1223,0,0,0,1223,A
8-NS,595,1,0,0,1221,1222,C
8-NS,596,1220,0,1,0,1221,A
8-NS,597,0,4,1219,0,1223,G
8-NS,598,1193,0,1,0,1194,A
8-NS,599,0,3,1196,0,1199,G
8-NS,600,1197,0,0,0,1197,A
8-NS,601,0,1179,1,0,1180,T
8-NS,602,0,1180,1,2,1183,T
8-NS,603,6,0,0,1174,1180,C
8-NS,604,0,1,1186,0,1187,G
8-NS,605,1,0,0,1184,1185,C
8-NS,606,0,1180,0,0,1180,T
8-NS,607,1,1181,0,1,1183,T
8-NS,608,0,5,1170,0,1175,G
8-NS,609,0,4,1180,0,1184,G
8-NS,610,1178,0,1,0,1179,A
8-NS,611,1,3,1174,0,1178,G
8-NS,612,1174,1,1,0,1176,A
8-NS,613,1163,0,0,0,1163,A
8-NS,614,0,1,1185,0,1186,G
8-NS,615,1,0,0,1184,1185,C
8-NS,616,1186,0,1,0,1187,A
8-NS,617,0,1,1205,0,1206,G
8-NS,618,0,1187,0,2,1189,T
8-NS,619,1200,0,0,0,1200,A
8-NS,620,1198,0,0,0,1198,A
8-NS,621,0,1191,0,1,1192,T
8-NS,622,2,3,1192,0,1197,G
8-NS,623,1149,1,1,0,1151,A
8-NS,624,0,2,1168,0,1170,G
8-NS,625,1165,1,0,0,1166,A
8-NS,626,1121,0,0,0,1121,A
8-NS,627,0,1114,0,0,1114,T
8-NS,628,0,3,1094,0,1097,G
8-NS,629,0,2,1095,0,1097,G
8-NS,630,0,1,1088,0,1089,G
8-NS,631,0,2,1079,0,1081,G
8-NS,632,2,3,1073,0,1078,G
8-NS,633,1057,0,0,0,1057,A
8-NS,634,0,1012,0,1,1013,T
8-NS,635,1,0,0,1042,1043,C
8-NS,636,0,1043,0,3,1046,T
8-NS,637,7,0,0,1042,1049,C
8-NS,638,1,0,0,1049,1050,C
8-NS,639,1053,1,1,0,1055,A
8-NS,640,0,0,0,1052,1052,C
8-NS,641,0,1039,0,1,1040,T
8-NS,642,0,1036,0,0,1036,T
8-NS,643,1025,0,0,0,1025,A
8-NS,644,0,1,0,1033,1034,C
8-NS,645,0,1023,0,0,1023,T
8-NS,646,11,0,0,1004,1015,C
8-NS,647,2,1,0,1004,1007,C
8-NS,648,997,0,1,0,998,A
8-NS,649,1001,0,0,0,1001,A
8-NS,650,1002,0,0,0,1002,A
8-NS,651,999,0,0,0,999,A
8-NS,652,0,1,0,999,1000,C
8-NS,653,978,1,0,0,979,A
8-NS,654,0,3,979,0,982,G
8-NS,655,979,1,0,0,980,A
8-NS,656,974,0,0,0,974,A
8-NS,657,980,0,0,0,980,A
8-NS,658,1,0,0,979,980,C
8-NS,659,0,3,972,0,975,G
8-NS,660,0,1,974,0,975,G
8-NS,661,0,4,976,0,980,G
8-NS,662,979,0,1,0,980,A
8-NS,663,973,1,0,0,974,A
8-NS,664,978,0,1,0,979,A
8-NS,665,0,977,0,0,977,T
8-NS,666,0,3,981,0,984,G
8-NS,667,0,4,978,0,982,G
8-NS,668,2,3,0,964,969,C
8-NS,669,0,5,964,0,969,G
8-NS,670,972,0,1,0,973,A
8-NS,671,1,6,972,0,979,G
8-NS,672,978,1,0,0,979,A
8-NS,673,976,0,1,0,977,A
8-NS,674,1,0,0,974,975,C
8-NS,675,956,0,1,0,957,A
8-NS,676,0,0,954,0,954,G
8-NS,677,1,0,0,948,949,C
8-NS,678,0,951,0,1,952,T
8-NS,679,947,0,1,0,948,A
8-NS,680,0,3,937,0,940,G
8-NS,681,0,1,938,0,939,G
8-NS,682,0,937,0,0,937,T
8-NS,683,5,0,0,921,926,C
8-NS,684,921,0,0,0,921,A
8-NS,685,918,0,0,1,919,A
8-NS,686,919,0,0,0,919,A
8-NS,687,918,0,0,0,918,A
8-NS,688,0,0,921,0,921,G
8-NS,689,0,899,0,1,900,T
8-NS,690,0,896,0,0,896,T
8-NS,691,0,897,0,0,897,T
8-NS,692,2,6,893,0,901,G
8-NS,693,899,0,1,0,900,A
8-NS,694,898,0,2,0,900,A
8-NS,695,0,0,907,0,907,G
8-NS,696,883,1,0,0,884,A
8-NS,697,0,3,880,0,883,G
8-NS,698,880,0,2,0,882,A
8-NS,699,0,878,0,1,879,T
8-NS,700,883,0,1,0,884,A
8-NS,701,880,0,0,0,880,A
8-NS,702,0,0,881,0,881,G
8-NS,703,836,0,0,0,836,A
8-NS,704,0,835,0,0,835,T
8-NS,705,0,0,840,0,840,G
8-NS,706,0,0,838,0,838,G
8-NS,707,0,0,0,833,833,C
8-NS,708,0,834,0,1,835,T
8-NS,709,836,0,0,1,837,A
8-NS,710,838,0,0,0,838,A
8-NS,711,0,839,0,0,839,T
8-NS,712,0,836,1,0,837,T
8-NS,713,0,0,840,0,840,G
8-NS,714,829,0,1,0,830,A
8-NS,715,830,0,0,0,830,A
8-NS,716,0,3,823,0,826,G
8-NS,717,826,0,1,0,827,A
8-NS,718,811,0,1,0,812,A
8-NS,719,0,0,816,0,816,G
8-NS,720,0,797,0,0,797,T
8-NS,721,0,8,790,1,799,G
8-NS,722,791,0,2,0,793,A
8-NS,723,0,0,797,0,797,G
8-NS,724,795,0,2,0,797,A
8-NS,725,0,0,0,790,790,C
8-NS,726,782,0,0,0,782,A
8-NS,727,0,2,0,784,786,C
8-NS,728,731,1,1,0,733,A
8-NS,729,0,1,748,0,749,G
8-NS,730,743,0,1,0,744,A
8-NS,731,1,739,0,0,740,T
8-NS,732,1,738,1,0,740,T
8-NS,733,736,0,1,0,737,A
8-NS,734,737,0,0,0,737,A
8-NS,735,737,0,0,0,737,A
8-NS,736,737,0,0,0,737,A
8-NS,737,734,0,0,0,734,A
8-NS,738,0,1,0,705,706,C
8-NS,739,685,0,0,0,685,A
8-NS,740,688,0,0,0,688,A
8-NS,741,1,0,0,689,690,C
8-NS,742,0,685,0,0,685,T
8-NS,743,0,2,683,0,685,G
8-NS,744,684,0,0,0,684,A
8-NS,745,683,0,2,0,685,A
8-NS,746,683,0,0,0,683,A
8-NS,747,668,0,0,0,668,A
8-NS,748,0,670,0,1,671,T
8-NS,749,661,0,0,0,661,A
8-NS,750,0,2,660,0,662,G
8-NS,751,0,0,0,658,658,C
8-NS,752,0,645,0,0,645,T
8-NS,753,0,648,0,0,648,T
8-NS,754,0,638,0,0,638,T
8-NS,755,1,3,639,0,643,G
8-NS,756,642,0,0,0,642,A
8-NS,757,643,0,0,0,643,A
8-NS,758,0,0,0,642,642,C
8-NS,759,629,1,0,0,630,A
8-NS,760,636,0,0,0,636,A
8-NS,761,637,0,0,0,637,A
8-NS,762,1,637,0,0,638,T
8-NS,763,635,0,0,1,636,A
8-NS,764,617,0,1,0,618,A
8-NS,765,1,0,0,614,615,C
8-NS,766,617,0,0,0,617,A
8-NS,767,0,607,0,0,607,T
8-NS,768,1,595,0,0,596,T
8-NS,769,6,0,0,578,584,C
8-NS,770,579,0,0,0,579,A
8-NS,771,0,572,0,0,572,T
8-NS,772,1,2,571,0,574,G
8-NS,773,1,0,0,564,565,C
8-NS,774,562,0,0,0,562,A
8-NS,775,561,0,0,0,561,A
8-NS,776,0,0,558,0,558,G
8-NS,777,1,0,0,563,564,C
8-NS,778,559,0,0,0,559,A
8-NS,779,0,555,1,0,556,T
8-NS,780,0,555,0,0,555,T
8-NS,781,553,0,2,0,555,A
8-NS,782,0,0,0,557,557,C
8-NS,783,553,0,0,0,553,A
8-NS,784,542,0,3,0,545,A
8-NS,785,0,1,0,533,534,C
8-NS,786,0,450,0,0,450,T
8-NS,787,1,1,449,0,451,G
8-NS,788,0,0,0,440,440,C
8-NS,789,0,429,0,0,429,T
8-NS,790,1,0,431,0,432,G
8-NS,791,0,418,1,1,420,T
8-NS,792,0,419,1,0,420,T
8-NS,793,0,419,0,1,420,T
8-NS,794,1,0,411,0,412,G
8-NS,795,410,0,0,0,410,A
8-NS,796,405,0,0,0,405,A
8-NS,797,0,0,406,0,406,G
8-NS,798,0,396,1,0,397,T
8-NS,799,1,2,380,0,383,G
8-NS,800,0,0,383,0,383,G
8-NS,801,382,0,1,0,383,A
8-NS,802,383,0,0,0,383,A
8-NS,803,0,0,0,383,383,C
8-NS,804,370,0,1,0,371,A
8-NS,805,0,1,367,0,368,G
8-NS,806,0,2,358,0,360,G
8-NS,807,350,1,1,0,352,A
8-NS,808,0,0,353,0,353,G
8-NS,809,287,0,2,0,289,A
8-NS,810,0,289,0,0,289,T
8-NS,811,287,0,0,0,287,A
8-NS,812,288,0,0,0,288,A
8-NS,813,0,1,288,0,289,G
8-NS,814,254,0,1,0,255,A
8-NS,815,250,0,1,0,251,A
8-NS,816,0,0,0,253,253,C
8-NS,817,0,219,0,0,219,T
8-NS,818,0,218,0,0,218,T
8-NS,819,0,218,0,0,218,T
8-NS,820,1,2,1,213,217,C
8-NS,821,0,215,0,0,215,T
8-NS,822,2,1,0,202,205,C
8-NS,823,199,0,0,0,199,A
8-NS,824,0,198,0,0,198,T
8-NS,825,0,191,0,0,191,T
8-NS,826,0,188,0,0,188,T
8-NS,827,0,0,0,189,189,C
8-NS,828,184,0,0,0,184,A
8-NS,829,0,0,184,0,184,G
8-NS,830,0,0,0,181,181,C
8-NS,831,0,175,0,0,175,T
8-NS,832,0,170,0,1,171,T
8-NS,833,164,0,0,0,164,A
8-NS,834,0,162,0,0,162,T
8-NS,835,0,163,0,0,163,T
8-NS,836,0,163,0,0,163,T
8-NS,837,154,0,0,0,154,A
8-NS,838,148,0,0,0,148,A
8-NS,839,0,143,0,0,143,T
8-NS,840,0,0,142,0,142,G
8-NS,841,136,0,0,0,136,A
8-NS,842,0,127,0,0,127,T
8-NS,843,125,0,0,0,125,A
8-NS,844,124,0,0,0,124,A
8-NS,845,124,0,1,0,125,A
8-NS,846,125,0,0,0,125,A
8-NS,847,125,0,0,0,125,A
8-NS,848,124,0,0,0,124,A
8-NS,849,0,0,0,121,121,C
8-NS,850,104,0,0,0,104,A
8-NS,851,0,0,0,104,104,C
8-NS,852,0,0,0,99,99,C
8-NS,853,0,0,0,93,93,C
8-NS,854,0,88,0,0,88,T
8-NS,855,0,84,0,0,84,T
8-NS,856,0,0,84,0,84,G
8-NS,857,0,81,0,0,81,T
8-NS,858,0,79,0,0,79,T
8-NS,859,0,75,0,0,75,T
8-NS,860,0,0,0,19,19,C
8-NS,861,0,17,0,0,17,T
8-NS,862,13,0,0,0,13,A
8-NS,863,0,0,0,13,13,C
