Gene,Position,A,T,G,C,Coverage,Consensus
1-PB2,1,165,0,0,0,165,A
1-PB2,2,0,166,0,0,166,T
1-PB2,3,0,0,168,0,168,G
1-PB2,4,0,0,171,0,171,G
1-PB2,5,169,0,1,0,170,A
1-PB2,6,171,0,0,0,171,A
1-PB2,7,171,0,0,0,171,A
1-PB2,8,0,0,187,0,187,G
1-PB2,9,188,0,0,0,188,A
1-PB2,10,188,0,0,0,188,A
1-PB2,11,0,188,0,0,188,T
1-PB2,12,186,0,1,0,187,A
1-PB2,13,188,1,0,0,189,A
1-PB2,14,189,0,0,0,189,A
1-PB2,15,189,0,0,0,189,A
1-PB2,16,0,0,193,0,193,G
1-PB2,17,193,0,1,0,194,A
1-PB2,18,194,0,0,0,194,A
1-PB2,19,0,0,0,194,194,C
1-PB2,20,0,195,0,0,195,T
1-PB2,21,198,0,0,0,198,A
1-PB2,22,0,0,0,198,198,C
1-PB2,23,0,0,198,0,198,G
1-PB2,24,1,2,197,0,200,G
1-PB2,25,202,0,0,0,202,A
1-PB2,26,207,0,0,0,207,A
1-PB2,27,0,208,0,0,208,T
1-PB2,28,0,0,0,211,211,C
1-PB2,29,0,209,0,0,209,T
1-PB2,30,0,1,213,0,214,G
1-PB2,31,213,0,0,0,213,A
1-PB2,32,0,214,0,0,214,T
1-PB2,33,0,0,215,0,215,G
1-PB2,34,0,219,0,1,220,T
1-PB2,35,0,3,0,217,220,C
1-PB2,36,0,0,219,0,219,G
1-PB2,37,0,0,0,220,220,C
1-PB2,38,219,0,0,0,219,A
1-PB2,39,0,0,227,0,227,G
1-PB2,40,0,228,0,1,229,T
1-PB2,41,2,0,0,228,230,C
1-PB2,42,0,230,0,0,230,T
1-PB2,43,1,0,0,228,229,C
1-PB2,44,0,0,228,0,228,G
1-PB2,45,0,1,0,227,228,C
1-PB2,46,231,0,0,0,231,A
1-PB2,47,0,0,0,234,234,C
1-PB2,48,0,235,0,0,235,T
1-PB2,49,0,0,0,242,242,C
1-PB2,50,0,0,242,0,242,G
1-PB2,51,0,0,0,242,242,C
1-PB2,52,0,2,240,0,242,G
1-PB2,53,242,0,0,0,242,A
1-PB2,54,0,0,245,0,245,G
1-PB2,55,254,0,0,0,254,A
1-PB2,56,0,252,0,0,252,T
1-PB2,57,252,0,1,0,253,A
1-PB2,58,0,0,0,252,252,C
1-PB2,59,0,253,0,0,253,T
1-PB2,60,0,2,255,0,257,G
1-PB2,61,260,0,0,0,260,A
1-PB2,62,0,1,0,262,263,C
1-PB2,63,265,0,0,0,265,A
1-PB2,64,263,0,0,0,263,A
1-PB2,65,269,0,0,0,269,A
1-PB2,66,272,0,0,0,272,A
1-PB2,67,270,1,1,0,272,A
1-PB2,68,0,0,0,273,273,C
1-PB2,69,1,0,0,270,271,C
1-PB2,70,277,0,0,1,278,A
1-PB2,71,0,1,0,284,285,C
1-PB2,72,283,0,0,0,283,A
1-PB2,73,0,0,296,0,296,G
1-PB2,74,0,295,0,0,295,T
1-PB2,75,0,1,303,0,304,G
1-PB2,76,1,3,300,0,304,G
1-PB2,77,305,1,1,0,307,A
1-PB2,78,0,0,0,331,331,C
1-PB2,79,1,0,0,330,331,C
1-PB2,80,333,0,0,0,333,A
1-PB2,81,0,334,0,0,334,T
1-PB2,82,326,0,1,0,327,A
1-PB2,83,0,329,0,0,329,T
1-PB2,84,0,0,332,0,332,G
1-PB2,85,0,0,334,0,334,G
1-PB2,86,0,0,0,334,334,C
1-PB2,87,1,0,0,328,329,C
1-PB2,88,326,0,0,0,326,A
1-PB2,89,0,350,0,0,350,T
1-PB2,90,349,0,0,0,349,A
1-PB2,91,367,0,0,0,367,A
1-PB2,92,0,371,0,0,371,T
1-PB2,93,0,367,0,0,367,T
1-PB2,94,370,0,0,0,370,A
1-PB2,95,370,0,0,0,370,A
1-PB2,96,0,0,375,0,375,G
1-PB2,97,373,0,0,0,373,A
1-PB2,98,369,1,0,0,370,A
1-PB2,99,0,0,383,0,383,G
1-PB2,100,0,380,0,0,380,T
1-PB2,101,380,0,0,0,380,A
1-PB2,102,1,0,0,379,380,C
1-PB2,103,383,1,0,0,384,A
1-PB2,104,0,0,0,393,393,C
1-PB2,105,393,0,0,0,393,A
1-PB2,106,0,393,0,0,393,T
1-PB2,107,0,0,0,391,391,C
1-PB2,108,0,0,390,0,390,G
1-PB2,109,0,2,389,0,391,G
1-PB2,110,0,1,390,0,391,G
1-PB2,111,0,0,391,0,391,G
1-PB2,112,389,1,2,0,392,A
1-PB2,113,0,1,394,0,395,G
1-PB2,114,394,0,1,0,395,A
1-PB2,115,1,0,0,396,397,C
1-PB2,116,394,0,1,0,395,A
1-PB2,117,0,0,399,0,399,G
1-PB2,118,1,2,408,0,411,G
1-PB2,119,412,0,0,0,412,A
1-PB2,120,413,0,0,0,413,A
1-PB2,121,414,0,0,0,414,A
1-PB2,122,411,0,1,0,412,A
1-PB2,123,0,4,408,0,412,G
1-PB2,124,411,0,1,0,412,A
1-PB2,125,416,0,0,0,416,A
1-PB2,126,0,0,0,415,415,C
1-PB2,127,0,0,0,413,413,C
1-PB2,128,1,0,0,411,412,C
1-PB2,129,0,0,414,0,414,G
1-PB2,130,0,415,0,0,415,T
1-PB2,131,3,0,0,414,417,C
1-PB2,132,421,0,0,0,421,A
1-PB2,133,0,0,0,426,426,C
1-PB2,134,0,423,0,0,423,T
1-PB2,135,0,424,0,0,424,T
1-PB2,136,425,0,1,0,426,A
1-PB2,137,0,1,437,0,438,G
1-PB2,138,0,1,437,0,438,G
1-PB2,139,439,0,0,0,439,A
1-PB2,140,0,438,0,0,438,T
1-PB2,141,0,1,443,0,444,G
1-PB2,142,448,1,0,0,449,A
1-PB2,143,450,0,0,0,450,A
1-PB2,144,454,0,0,0,454,A
1-PB2,145,0,453,0,0,453,T
1-PB2,146,1,1,453,0,455,G
1-PB2,147,0,0,458,0,458,G
1-PB2,148,456,0,1,0,457,A
1-PB2,149,0,459,0,0,459,T
1-PB2,150,0,1,455,0,456,G
1-PB2,151,448,0,0,0,448,A
1-PB2,152,0,450,0,0,450,T
1-PB2,153,0,1,450,0,451,G
1-PB2,154,0,0,450,0,450,G
1-PB2,155,0,0,1,452,453,C
1-PB2,156,446,1,0,0,447,A
1-PB2,157,455,0,0,0,455,A
1-PB2,158,0,456,0,0,456,T
1-PB2,159,0,0,473,0,473,G
1-PB2,160,473,0,0,0,473,A
1-PB2,161,470,0,0,0,470,A
1-PB2,162,472,0,0,0,472,A
1-PB2,163,0,475,0,0,475,T
1-PB2,164,474,0,0,0,474,A
1-PB2,165,0,2,1,484,487,C
1-PB2,166,1,0,0,484,485,C
1-PB2,167,1,1,0,482,484,C
1-PB2,168,483,0,0,0,483,A
1-PB2,169,483,0,0,0,483,A
1-PB2,170,0,484,0,0,484,T
1-PB2,171,0,0,0,484,484,C
1-PB2,172,480,0,0,0,480,A
1-PB2,173,0,0,0,491,491,C
1-PB2,174,0,484,0,1,485,T
1-PB2,175,0,1,490,0,491,G
1-PB2,176,0,5,0,484,489,C
1-PB2,177,0,487,0,0,487,T
1-PB2,178,0,5,490,0,495,G
1-PB2,179,490,0,4,0,494,A
1-PB2,180,0,0,0,497,497,C
1-PB2,181,493,0,0,0,493,A
1-PB2,182,491,0,0,0,491,A
1-PB2,183,491,0,0,0,491,A
1-PB2,184,491,0,2,0,493,A
1-PB2,185,0,1,498,0,499,G
1-PB2,186,0,0,496,0,496,G
1-PB2,187,494,0,1,0,495,A
1-PB2,188,0,497,0,0,497,T
1-PB2,189,494,0,0,0,494,A
1-PB2,190,497,0,0,0,497,A
1-PB2,191,0,0,0,503,503,C
1-PB2,192,502,0,0,0,502,A
1-PB2,193,0,1,501,0,502,G
1-PB2,194,502,0,0,0,502,A
1-PB2,195,501,0,0,0,501,A
1-PB2,196,501,0,1,0,502,A
1-PB2,197,0,499,0,0,499,T
1-PB2,198,0,5,496,0,501,G
1-PB2,199,0,0,511,0,511,G
1-PB2,200,0,507,0,0,507,T
1-PB2,201,0,509,0,0,509,T
1-PB2,202,0,0,0,511,511,C
1-PB2,203,1,0,0,510,511,C
1-PB2,204,0,0,511,0,511,G
1-PB2,205,0,1,511,0,512,G
1-PB2,206,507,0,1,0,508,A
1-PB2,207,0,0,511,0,511,G
1-PB2,208,505,1,0,0,506,A
1-PB2,209,0,1,512,0,513,G
1-PB2,210,509,0,1,0,510,A
1-PB2,211,512,0,1,0,513,A
1-PB2,212,510,0,0,0,510,A
1-PB2,213,0,509,0,0,509,T
1-PB2,214,0,0,518,0,518,G
1-PB2,215,518,0,0,0,518,A
1-PB2,216,517,0,0,0,517,A
1-PB2,217,0,0,0,518,518,C
1-PB2,218,511,0,0,0,511,A
1-PB2,219,512,0,0,0,512,A
1-PB2,220,0,1,522,0,523,G
1-PB2,221,0,2,530,0,532,G
1-PB2,222,532,0,1,0,533,A
1-PB2,223,0,0,0,529,529,C
1-PB2,224,526,0,0,0,526,A
1-PB2,225,530,0,0,0,530,A
1-PB2,226,529,0,0,0,529,A
1-PB2,227,1,0,0,528,529,C
1-PB2,228,1,0,0,512,513,C
1-PB2,229,1,0,0,561,562,C
1-PB2,230,0,561,0,0,561,T
1-PB2,231,563,0,0,0,563,A
1-PB2,232,0,562,0,0,562,T
1-PB2,233,0,0,568,0,568,G
1-PB2,234,0,4,578,0,582,G
1-PB2,235,562,0,0,0,562,A
1-PB2,236,0,0,567,0,567,G
1-PB2,237,0,566,0,0,566,T
1-PB2,238,560,0,0,0,560,A
1-PB2,239,562,0,1,0,563,A
1-PB2,240,565,0,0,0,565,A
1-PB2,241,564,0,1,0,565,A
1-PB2,242,0,559,0,0,559,T
1-PB2,243,0,3,548,0,551,G
1-PB2,244,542,0,0,0,542,A
1-PB2,245,0,0,546,0,546,G
1-PB2,246,1,538,0,0,539,T
1-PB2,247,1,2,536,0,539,G
1-PB2,248,545,0,1,1,547,A
1-PB2,249,0,550,0,0,550,T
1-PB2,250,0,0,550,0,550,G
1-PB2,251,0,1,0,548,549,C
1-PB2,252,0,549,0,0,549,T
1-PB2,253,1,1,559,0,561,G
1-PB2,254,0,0,559,1,560,G
1-PB2,255,561,0,1,0,562,A
1-PB2,256,0,561,0,0,561,T
1-PB2,257,1,0,0,552,553,C
1-PB2,258,560,0,0,0,560,A
1-PB2,259,0,1,571,0,572,G
1-PB2,260,570,0,0,0,570,A
1-PB2,261,0,571,0,0,571,T
1-PB2,262,546,0,0,0,546,A
1-PB2,263,0,0,560,0,560,G
1-PB2,264,552,0,1,0,553,A
1-PB2,265,1,0,559,0,560,G
1-PB2,266,0,551,0,0,551,T
1-PB2,267,0,2,545,0,547,G
1-PB2,268,543,0,0,0,543,A
1-PB2,269,0,544,0,0,544,T
1-PB2,270,0,1,550,0,551,G
1-PB2,271,0,0,555,0,555,G
1-PB2,272,0,546,0,0,546,T
1-PB2,273,548,0,0,0,548,A
1-PB2,274,0,542,0,1,543,T
1-PB2,275,0,0,0,544,544,C
1-PB2,276,549,0,0,0,549,A
1-PB2,277,0,0,0,559,559,C
1-PB2,278,2,0,0,557,559,C
1-PB2,279,0,552,0,0,552,T
1-PB2,280,0,552,0,0,552,T
1-PB2,281,1,549,0,0,550,T
1-PB2,282,1,3,557,0,561,G
1-PB2,283,0,0,561,0,561,G
1-PB2,284,0,0,0,571,571,C
1-PB2,285,0,561,0,0,561,T
1-PB2,286,1,0,561,0,562,G
1-PB2,287,0,563,0,0,563,T
1-PB2,288,563,0,0,0,563,A
1-PB2,289,567,0,1,0,568,A
1-PB2,290,0,0,0,567,567,C
1-PB2,291,560,1,0,0,561,A
1-PB2,292,0,561,0,0,561,T
1-PB2,293,1,1,556,0,558,G
1-PB2,294,0,0,569,0,569,G
1-PB2,295,0,559,0,1,560,T
1-PB2,296,0,1,561,0,562,G
1-PB2,297,0,2,562,0,564,G
1-PB2,298,566,0,1,0,567,A
1-PB2,299,570,0,0,0,570,A
1-PB2,300,0,571,0,0,571,T
1-PB2,301,569,0,0,0,569,A
1-PB2,302,0,1,579,0,580,G
1-PB2,303,576,0,0,0,576,A
1-PB2,304,577,0,2,0,579,A
1-PB2,305,580,0,0,0,580,A
1-PB2,306,0,571,0,0,571,T
1-PB2,307,0,0,567,0,567,G
1-PB2,308,0,3,566,0,569,G
1-PB2,309,567,0,0,0,567,A
1-PB2,310,0,0,0,572,572,C
1-PB2,311,0,0,0,564,564,C
1-PB2,312,2,0,0,558,560,C
1-PB2,313,2,0,563,0,565,G
1-PB2,314,0,564,0,1,565,T
1-PB2,315,2,8,564,1,575,G
1-PB2,316,577,0,0,0,577,A
1-PB2,317,0,0,0,578,578,C
1-PB2,318,579,0,0,0,579,A
1-PB2,319,576,0,0,0,576,A
1-PB2,320,0,0,594,0,594,G
1-PB2,321,0,592,0,0,592,T
1-PB2,322,589,1,0,0,590,A
1-PB2,323,0,0,0,586,586,C
1-PB2,324,0,1,578,0,579,G
1-PB2,325,0,0,592,0,592,G
1-PB2,326,0,590,0,0,590,T
1-PB2,327,1,2,0,590,593,C
1-PB2,328,4,0,0,590,594,C
1-PB2,329,586,0,1,0,587,A
1-PB2,330,0,586,0,2,588,T
1-PB2,331,0,590,0,0,590,T
1-PB2,332,618,0,0,0,618,A
1-PB2,333,0,0,0,616,616,C
1-PB2,334,1,0,0,608,609,C
1-PB2,335,2,1,0,604,607,C
1-PB2,336,604,0,0,0,604,A
1-PB2,337,608,0,0,0,608,A
1-PB2,338,606,0,0,0,606,A
1-PB2,339,607,0,1,0,608,A
1-PB2,340,0,0,609,1,610,G
1-PB2,341,0,593,0,0,593,T
1-PB2,342,0,0,599,0,599,G
1-PB2,343,0,599,0,1,600,T
1-PB2,344,599,0,0,0,599,A
1-PB2,345,0,0,0,599,599,C
1-PB2,346,598,0,0,0,598,A
1-PB2,347,600,0,0,0,600,A
1-PB2,348,0,3,598,0,601,G
1-PB2,349,596,0,0,0,596,A
1-PB2,350,0,0,0,594,594,C
1-PB2,351,1,579,0,1,581,T
1-PB2,352,0,591,0,0,591,T
1-PB2,353,595,0,0,0,595,A
1-PB2,354,0,595,0,0,595,T
1-PB2,355,0,591,0,1,592,T
1-PB2,356,1,589,0,0,590,T
1-PB2,357,1,0,0,587,588,C
1-PB2,358,0,3,585,0,588,G
1-PB2,359,587,1,0,0,588,A
1-PB2,360,0,0,0,588,588,C
1-PB2,361,584,0,0,0,584,A
1-PB2,362,583,0,1,0,584,A
1-PB2,363,583,0,0,0,583,A
1-PB2,364,0,0,596,0,596,G
1-PB2,365,0,595,0,0,595,T
1-PB2,366,0,1,0,596,597,C
1-PB2,367,2,0,595,0,597,G
1-PB2,368,591,0,0,0,591,A
1-PB2,369,595,0,1,0,596,A
1-PB2,370,595,0,0,0,595,A
1-PB2,371,0,1,607,0,608,G
1-PB2,372,0,0,614,0,614,G
1-PB2,373,0,608,0,0,608,T
1-PB2,374,0,609,0,0,609,T
1-PB2,375,608,0,1,0,609,A
1-PB2,376,611,0,0,0,611,A
1-PB2,377,611,0,0,0,611,A
1-PB2,378,618,0,1,0,619,A
1-PB2,379,0,0,0,625,625,C
1-PB2,380,616,0,0,0,616,A
1-PB2,381,0,612,0,0,612,T
1-PB2,382,1,1,607,0,609,G
1-PB2,383,0,3,610,0,613,G
1-PB2,384,614,0,0,0,614,A
1-PB2,385,622,0,0,0,622,A
1-PB2,386,0,1,0,631,632,C
1-PB2,387,0,0,0,638,638,C
1-PB2,388,0,629,0,0,629,T
1-PB2,389,0,632,0,0,632,T
1-PB2,390,0,632,0,0,632,T
1-PB2,391,0,3,626,0,629,G
1-PB2,392,0,0,628,0,628,G
1-PB2,393,1,0,0,630,631,C
1-PB2,394,0,1,0,626,627,C
1-PB2,395,0,1,0,622,623,C
1-PB2,396,0,597,0,0,597,T
1-PB2,397,0,0,609,0,609,G
1-PB2,398,0,609,0,1,610,T
1-PB2,399,0,609,0,0,609,T
1-PB2,400,5,0,0,605,610,C
1-PB2,401,610,0,0,0,610,A
1-PB2,402,0,608,0,0,608,T
1-PB2,403,0,607,0,0,607,T
1-PB2,404,0,605,0,1,606,T
1-PB2,405,0,609,0,0,609,T
1-PB2,406,601,0,0,0,601,A
1-PB2,407,0,1,598,1,600,G
1-PB2,408,600,1,0,0,601,A
1-PB2,409,600,0,0,0,600,A
1-PB2,410,601,0,0,0,601,A
1-PB2,411,0,599,0,0,599,T
1-PB2,412,3,0,0,598,601,C
1-PB2,413,596,0,0,0,596,A
1-PB2,414,599,0,2,0,601,A
1-PB2,415,0,0,603,0,603,G
1-PB2,416,0,600,0,0,600,T
1-PB2,417,5,0,0,601,606,C
1-PB2,418,607,0,0,0,607,A
1-PB2,419,606,0,1,0,607,A
1-PB2,420,0,0,610,0,610,G
1-PB2,421,609,0,1,0,610,A
1-PB2,422,0,611,0,0,611,T
1-PB2,423,615,0,0,0,615,A
1-PB2,424,1,0,0,614,615,C
1-PB2,425,0,0,612,0,612,G
1-PB2,426,0,0,0,630,630,C
1-PB2,427,623,0,0,0,623,A
1-PB2,428,0,1,630,0,631,G
1-PB2,429,624,1,0,0,625,A
1-PB2,430,635,0,0,0,635,A
1-PB2,431,0,0,649,0,649,G
1-PB2,432,635,0,0,0,635,A
1-PB2,433,0,0,635,0,635,G
1-PB2,434,0,633,0,1,634,T
1-PB2,435,630,0,0,0,630,A
1-PB2,436,0,1,637,0,638,G
1-PB2,437,627,0,0,0,627,A
1-PB2,438,0,2,0,656,658,C
1-PB2,439,650,0,0,0,650,A
1-PB2,440,0,640,0,2,642,T
1-PB2,441,638,0,1,0,639,A
1-PB2,442,638,0,0,0,638,A
1-PB2,443,644,0,0,0,644,A
1-PB2,444,0,0,0,648,648,C
1-PB2,445,0,0,0,639,639,C
1-PB2,446,1,1,0,631,633,C
1-PB2,447,0,583,0,0,583,T
1-PB2,448,0,1,585,0,586,G
1-PB2,449,0,0,596,0,596,G
1-PB2,450,0,595,0,0,595,T
1-PB2,451,7,0,0,583,590,C
1-PB2,452,600,0,0,0,600,A
1-PB2,453,1,591,0,0,592,T
1-PB2,454,0,0,594,0,594,G
1-PB2,455,1,0,0,595,596,C
1-PB2,456,587,0,0,0,587,A
1-PB2,457,0,3,587,0,590,G
1-PB2,458,579,0,0,0,579,A
1-PB2,459,2,0,0,584,586,C
1-PB2,460,0,0,0,588,588,C
1-PB2,461,1,577,0,0,578,T
1-PB2,462,0,0,0,578,578,C
1-PB2,463,574,0,0,0,574,A
1-PB2,464,0,0,579,0,579,G
1-PB2,465,0,580,0,0,580,T
1-PB2,466,0,0,578,0,578,G
1-PB2,467,1,0,0,576,577,C
1-PB2,468,0,0,0,569,569,C
1-PB2,469,568,0,0,0,568,A
1-PB2,470,567,0,0,0,567,A
1-PB2,471,568,0,0,0,568,A
1-PB2,472,0,1,567,0,568,G
1-PB2,473,553,0,1,0,554,A
1-PB2,474,0,1,551,0,552,G
1-PB2,475,0,0,554,0,554,G
1-PB2,476,1,0,0,551,552,C
1-PB2,477,554,0,0,0,554,A
1-PB2,478,0,0,0,555,555,C
1-PB2,479,555,0,0,0,555,A
1-PB2,480,566,0,2,0,568,A
1-PB2,481,5,2,568,0,575,G
1-PB2,482,582,0,2,0,584,A
1-PB2,483,0,580,0,1,581,T
1-PB2,484,0,0,581,0,581,G
1-PB2,485,0,579,0,0,579,T
1-PB2,486,580,0,0,0,580,A
1-PB2,487,579,0,0,0,579,A
1-PB2,488,0,574,0,1,575,T
1-PB2,489,2,2,0,535,539,C
1-PB2,490,541,0,0,0,541,A
1-PB2,491,1,541,0,1,543,T
1-PB2,492,0,0,544,0,544,G
1-PB2,493,0,0,544,0,544,G
1-PB2,494,541,0,0,0,541,A
1-PB2,495,537,0,1,0,538,A
1-PB2,496,0,0,539,0,539,G
1-PB2,497,0,540,0,0,540,T
1-PB2,498,0,538,0,0,538,T
1-PB2,499,0,0,539,0,539,G
1-PB2,500,0,538,0,0,538,T
1-PB2,501,0,535,0,0,535,T
1-PB2,502,0,537,0,0,537,T
1-PB2,503,0,535,0,0,535,T
1-PB2,504,1,538,1,1,541,T
1-PB2,505,0,0,0,538,538,C
1-PB2,506,0,0,0,537,537,C
1-PB2,507,0,0,0,541,541,C
1-PB2,508,534,0,0,0,534,A
1-PB2,509,531,0,0,0,531,A
1-PB2,510,0,537,0,1,538,T
1-PB2,511,0,2,538,0,540,G
1-PB2,512,543,0,0,0,543,A
1-PB2,513,541,0,1,0,542,A
1-PB2,514,0,0,543,0,543,G
1-PB2,515,0,543,0,0,543,T
1-PB2,516,0,3,542,0,545,G
1-PB2,517,0,0,543,0,543,G
1-PB2,518,1,0,541,0,542,G
1-PB2,519,540,0,2,0,542,A
1-PB2,520,1,0,535,0,536,G
1-PB2,521,0,0,0,538,538,C
1-PB2,522,0,1,0,544,545,C
1-PB2,523,534,1,0,0,535,A
1-PB2,524,0,1,547,0,548,G
1-PB2,525,0,1,554,0,555,G
1-PB2,526,560,0,0,0,560,A
1-PB2,527,0,556,0,1,557,T
1-PB2,528,568,0,0,0,568,A
1-PB2,529,0,0,0,569,569,C
1-PB2,530,0,567,0,0,567,T
1-PB2,531,570,0,0,0,570,A
1-PB2,532,568,0,0,0,568,A
1-PB2,533,0,0,0,570,570,C
1-PB2,534,552,0,0,0,552,A
1-PB2,535,0,548,0,0,548,T
1-PB2,536,2,0,0,549,551,C
1-PB2,537,542,0,0,0,542,A
1-PB2,538,0,0,546,0,546,G
1-PB2,539,544,0,0,0,544,A
1-PB2,540,545,0,1,0,546,A
1-PB2,541,0,549,0,0,549,T
1-PB2,542,4,0,0,536,540,C
1-PB2,543,540,0,0,0,540,A
1-PB2,544,0,0,0,555,555,C
1-PB2,545,555,0,0,0,555,A
1-PB2,546,562,0,0,0,562,A
1-PB2,547,0,552,0,0,552,T
1-PB2,548,0,556,0,0,556,T
1-PB2,549,562,0,0,0,562,A
1-PB2,550,563,0,1,0,564,A
1-PB2,551,0,0,1,565,566,C
1-PB2,552,559,0,0,0,559,A
1-PB2,553,555,0,0,0,555,A
1-PB2,554,0,567,0,0,567,T
1-PB2,555,561,0,1,0,562,A
1-PB2,556,564,0,0,0,564,A
1-PB2,557,0,0,0,564,564,C
1-PB2,558,0,564,0,0,564,T
1-PB2,559,559,0,0,0,559,A
1-PB2,560,555,1,0,1,557,A
1-PB2,561,554,0,0,0,554,A
1-PB2,562,0,2,554,0,556,G
1-PB2,563,550,0,0,0,550,A
1-PB2,564,0,3,552,0,555,G
1-PB2,565,550,0,0,0,550,A
1-PB2,566,545,0,0,0,545,A
1-PB2,567,546,0,1,0,547,A
1-PB2,568,545,0,0,0,545,A
1-PB2,569,550,0,0,0,550,A
1-PB2,570,550,0,1,0,551,A
1-PB2,571,0,0,552,0,552,G
1-PB2,572,550,0,0,0,550,A
1-PB2,573,542,0,1,0,543,A
1-PB2,574,0,2,545,0,547,G
1-PB2,575,545,0,0,0,545,A
1-PB2,576,545,0,0,0,545,A
1-PB2,577,0,0,0,549,549,C
1-PB2,578,0,542,0,0,542,T
1-PB2,579,1,0,0,543,544,C
1-PB2,580,2,1,0,542,545,C
1-PB2,581,0,1,542,0,543,G
1-PB2,582,544,0,1,0,545,A
1-PB2,583,0,0,543,0,543,G
1-PB2,584,541,0,0,0,541,A
1-PB2,585,0,539,0,0,539,T
1-PB2,586,0,536,0,0,536,T
1-PB2,587,0,0,537,0,537,G
1-PB2,588,0,0,0,530,530,C
1-PB2,589,533,0,2,0,535,A
1-PB2,590,533,0,1,0,534,A
1-PB2,591,0,2,526,0,528,G
1-PB2,592,533,0,0,0,533,A
1-PB2,593,0,535,0,0,535,T
1-PB2,594,0,535,0,0,535,T
1-PB2,595,0,536,0,0,536,T
1-PB2,596,1,0,0,537,538,C
1-PB2,597,0,536,0,1,537,T
1-PB2,598,2,0,0,645,647,C
1-PB2,599,1,0,0,650,651,C
1-PB2,600,0,0,0,828,828,C
1-PB2,601,0,824,0,0,824,T
1-PB2,602,1,853,0,1,855,T
1-PB2,603,0,2,857,0,859,G
1-PB2,604,859,2,1,0,862,A
1-PB2,605,0,881,0,2,883,T
1-PB2,606,0,6,909,1,916,G
1-PB2,607,0,1,1171,0,1172,G
1-PB2,608,0,1207,0,2,1209,T
1-PB2,609,0,1206,0,1,1207,T
1-PB2,610,0,0,1400,0,1400,G
1-PB2,611,1,1,0,1414,1416,C
1-PB2,612,1465,0,2,0,1467,A
1-PB2,613,1,1468,0,1,1470,T
1-PB2,614,1501,0,1,3,1505,A
1-PB2,615,0,1,0,1617,1618,C
1-PB2,616,1974,0,0,1,1975,A
1-PB2,617,0,2062,0,0,2062,T
1-PB2,618,2,3,2183,1,2189,G
1-PB2,619,0,2177,0,0,2177,T
1-PB2,620,0,2181,0,2,2183,T
1-PB2,621,2181,0,1,0,2182,A
1-PB2,622,0,3,2186,0,2189,G
1-PB2,623,2227,1,1,0,2229,A
1-PB2,624,0,7,2255,0,2262,G
1-PB2,625,2223,1,4,0,2228,A
1-PB2,626,2,8,2232,0,2242,G
1-PB2,627,2231,0,5,0,2236,A
1-PB2,628,1,9,2241,0,2251,G
1-PB2,629,2268,1,1,0,2270,A
1-PB2,630,2278,1,0,0,2279,A
1-PB2,631,1,0,0,2292,2293,C
1-PB2,632,0,2290,1,0,2291,T
1-PB2,633,0,2290,1,0,2291,T
1-PB2,634,2,0,2293,0,2295,G
1-PB2,635,2,2289,0,0,2291,T
1-PB2,636,2295,0,1,0,2296,A
1-PB2,637,1,1,0,2293,2295,C
1-PB2,638,1,9,2282,0,2292,G
1-PB2,639,2298,0,1,0,2299,A
1-PB2,640,2294,0,0,0,2294,A
1-PB2,641,2331,0,0,0,2331,A
1-PB2,642,2334,1,0,0,2335,A
1-PB2,643,2338,0,1,2,2341,A
1-PB2,644,1,1,0,2345,2347,C
1-PB2,645,2344,0,1,0,2345,A
1-PB2,646,2354,0,2,0,2356,A
1-PB2,647,0,4,2369,0,2373,G
1-PB2,648,2377,1,0,0,2378,A
1-PB2,649,1,2378,0,0,2379,T
1-PB2,650,0,2382,0,0,2382,T
1-PB2,651,0,2392,0,0,2392,T
1-PB2,652,2,0,0,2401,2403,C
1-PB2,653,0,2399,0,6,2405,T
1-PB2,654,5,0,1,2400,2406,C
1-PB2,655,1,1,0,2409,2411,C
1-PB2,656,3,0,0,2411,2414,C
1-PB2,657,2414,0,0,0,2414,A
1-PB2,658,0,0,2452,0,2452,G
1-PB2,659,1,2451,0,0,2452,T
1-PB2,660,1,2449,0,1,2451,T
1-PB2,661,0,0,2448,0,2448,G
1-PB2,662,1,1,0,2446,2448,C
1-PB2,663,0,2447,0,1,2448,T
1-PB2,664,0,3,2455,0,2458,G
1-PB2,665,0,0,2457,0,2457,G
1-PB2,666,0,2,0,2452,2454,C
1-PB2,667,1,2,2462,0,2465,G
1-PB2,668,0,12,2484,0,2496,G
1-PB2,669,2507,0,1,0,2508,A
1-PB2,670,2515,0,0,0,2515,A
1-PB2,671,0,0,0,2523,2523,C
1-PB2,672,2542,0,1,0,2543,A
1-PB2,673,2536,0,6,0,2542,A
1-PB2,674,0,1,2682,0,2683,G
1-PB2,675,1,1,0,2738,2740,C
1-PB2,676,2759,0,2,0,2761,A
1-PB2,677,0,0,3600,0,3600,G
1-PB2,678,0,3602,0,0,3602,T
1-PB2,679,3628,1,0,0,3629,A
1-PB2,680,1,3629,0,0,3630,T
1-PB2,681,3647,0,1,0,3648,A
1-PB2,682,0,3648,0,1,3649,T
1-PB2,683,3620,0,2,0,3622,A
1-PB2,684,0,0,0,3683,3683,C
1-PB2,685,3543,0,0,0,3543,A
1-PB2,686,0,3411,0,2,3413,T
1-PB2,687,1,3325,0,2,3328,T
1-PB2,688,1,5,3325,1,3332,G
1-PB2,689,3329,0,0,0,3329,A
1-PB2,690,3323,0,7,0,3330,A
1-PB2,691,0,0,3377,0,3377,G
1-PB2,692,0,3362,1,7,3370,T
1-PB2,693,0,3354,0,1,3355,T
1-PB2,694,0,3359,0,0,3359,T
1-PB2,695,0,3359,0,3,3362,T
1-PB2,696,3400,2,1,0,3403,A
1-PB2,697,1,1,0,3421,3423,C
1-PB2,698,3430,0,1,0,3431,A
1-PB2,699,0,3428,0,0,3428,T
1-PB2,700,1,3412,0,1,3414,T
1-PB2,701,0,3419,0,0,3419,T
1-PB2,702,1,33,3423,0,3457,G
1-PB2,703,3476,1,0,0,3477,A
1-PB2,704,1,1,0,3494,3496,C
1-PB2,705,0,3481,0,6,3487,T
1-PB2,706,9,2,1,3472,3484,C
1-PB2,707,3473,1,6,0,3480,A
1-PB2,708,2,8,3449,0,3459,G
1-PB2,709,1,6,3549,0,3556,G
1-PB2,710,0,12,3568,1,3581,G
1-PB2,711,3578,0,3,1,3582,A
1-PB2,712,3593,0,3,0,3596,A
1-PB2,713,0,0,0,3597,3597,C
1-PB2,714,1,0,3635,1,3637,G
1-PB2,715,1,3637,0,3,3641,T
1-PB2,716,1,0,3662,0,3663,G
1-PB2,717,1,3635,0,3,3639,T
1-PB2,718,0,3625,0,0,3625,T
1-PB2,719,0,11,3638,0,3649,G
1-PB2,720,0,7,3634,1,3642,G
1-PB2,721,5,17,3667,0,3689,G
1-PB2,722,3671,1,4,1,3677,A
1-PB2,723,3663,0,5,0,3668,A
1-PB2,724,0,0,0,3795,3795,C
1-PB2,725,3786,1,0,0,3787,A
1-PB2,726,3908,0,0,0,3908,A
1-PB2,727,3922,0,0,0,3922,A
1-PB2,728,0,3937,0,0,3937,T
1-PB2,729,0,3,3992,0,3995,G
1-PB2,730,1,3973,0,1,3975,T
1-PB2,731,3967,1,8,0,3976,A
1-PB2,732,1,3,0,3992,3996,C
1-PB2,733,3941,0,2,0,3943,A
1-PB2,734,0,1,0,3939,3940,C
1-PB2,735,1,3846,0,3,3850,T
1-PB2,736,8,3,0,4184,4195,C
1-PB2,737,6,2,0,4191,4199,C
1-PB2,738,4261,1,5,0,4267,A
1-PB2,739,4,3,4282,0,4289,G
1-PB2,740,0,1,4407,0,4408,G
1-PB2,741,0,4394,0,0,4394,T
1-PB2,742,1,9,4396,0,4406,G
1-PB2,743,0,16,4298,0,4314,G
1-PB2,744,4287,1,7,0,4295,A
1-PB2,745,2,6,4309,0,4317,G
1-PB2,746,2,12,4299,0,4313,G
1-PB2,747,4273,2,4,0,4279,A
1-PB2,748,0,2,4314,0,4316,G
1-PB2,749,1,4240,0,2,4243,T
1-PB2,750,0,7,4259,0,4266,G
1-PB2,751,4259,0,5,1,4265,A
1-PB2,752,0,8,4272,0,4280,G
1-PB2,753,0,11,4298,0,4309,G
1-PB2,754,4278,1,1,0,4280,A
1-PB2,755,4291,1,2,0,4294,A
1-PB2,756,0,4296,0,3,4299,T
1-PB2,757,4,17,4270,0,4291,G
1-PB2,758,4283,2,5,0,4290,A
1-PB2,759,1,2,0,4275,4278,C
1-PB2,760,0,9,4272,0,4281,G
1-PB2,761,4343,0,0,0,4343,A
1-PB2,762,0,4320,0,0,4320,T
1-PB2,763,14,0,4322,0,4336,G
1-PB2,764,0,4327,0,2,4329,T
1-PB2,765,0,4303,0,2,4305,T
1-PB2,766,0,37,4300,0,4337,G
1-PB2,767,4340,0,8,0,4348,A
1-PB2,768,0,0,0,4346,4346,C
1-PB2,769,12,1,0,4329,4342,C
1-PB2,770,4288,0,1,0,4289,A
1-PB2,771,4298,3,1,0,4302,A
1-PB2,772,4316,2,4,0,4322,A
1-PB2,773,1,0,4427,0,4428,G
1-PB2,774,0,0,0,4432,4432,C
1-PB2,775,6,0,1,4421,4428,C
1-PB2,776,0,4468,1,1,4470,T
1-PB2,777,4488,0,2,0,4490,A
1-PB2,778,4489,1,3,0,4493,A
1-PB2,779,1,4499,1,0,4501,T
1-PB2,780,0,4489,0,3,4492,T
1-PB2,781,4464,0,1,0,4465,A
1-PB2,782,0,4393,0,0,4393,T
1-PB2,783,0,4377,0,1,4378,T
1-PB2,784,1,1,4351,0,4353,G
1-PB2,785,3,5,0,4350,4358,C
1-PB2,786,2,7,4352,0,4361,G
1-PB2,787,0,0,4425,0,4425,G
1-PB2,788,0,2,0,4418,4420,C
1-PB2,789,6,4,0,4425,4435,C
1-PB2,790,4440,2,1,0,4443,A
1-PB2,791,0,6,4495,0,4501,G
1-PB2,792,1,19,4522,0,4542,G
1-PB2,793,4539,0,7,0,4546,A
1-PB2,794,4558,0,4,0,4562,A
1-PB2,795,0,30,1,4566,4597,C
1-PB2,796,4538,1,0,0,4539,A
1-PB2,797,0,4619,0,0,4619,T
1-PB2,798,4684,0,5,1,4690,A
1-PB2,799,0,0,4745,0,4745,G
1-PB2,800,0,4690,1,2,4693,T
1-PB2,801,4673,0,0,0,4673,A
1-PB2,802,4663,0,0,0,4663,A
1-PB2,803,0,17,4657,0,4674,G
1-PB2,804,4654,0,1,0,4655,A
1-PB2,805,4595,2,2,1,4600,A
1-PB2,806,0,7,4576,0,4583,G
1-PB2,807,4495,0,4,0,4499,A
1-PB2,808,1,1,4490,0,4492,G
1-PB2,809,0,2,1,4500,4503,C
1-PB2,810,2,1,0,4491,4494,C
1-PB2,811,0,2,4490,1,4493,G
1-PB2,812,0,1,0,4524,4525,C
1-PB2,813,4541,1,3,1,4546,A
1-PB2,814,0,1,4866,0,4867,G
1-PB2,815,2,4861,0,3,4866,T
1-PB2,816,4885,0,1,0,4886,A
1-PB2,817,0,4864,0,2,4866,T
1-PB2,818,6,1,0,4882,4889,C
1-PB2,819,4875,2,5,0,4882,A
1-PB2,820,0,3,4884,0,4887,G
1-PB2,821,0,0,0,4885,4885,C
1-PB2,822,4728,0,0,0,4728,A
1-PB2,823,0,8,4660,0,4668,G
1-PB2,824,4698,0,3,0,4701,A
1-PB2,825,1,4692,0,1,4694,T
1-PB2,826,11,0,0,4709,4720,C
1-PB2,827,9,2,0,4704,4715,C
1-PB2,828,4730,0,2,0,4732,A
1-PB2,829,0,0,0,4748,4748,C
1-PB2,830,1,4732,0,4,4737,T
1-PB2,831,4747,1,2,0,4750,A
1-PB2,832,0,4,4744,0,4748,G
1-PB2,833,0,0,0,4719,4719,C
1-PB2,834,4714,0,2,1,4717,A
1-PB2,835,3,4730,0,1,4734,T
1-PB2,836,4,1,0,4796,4801,C
1-PB2,837,1,4779,1,3,4784,T
1-PB2,838,1,4889,1,1,4892,T
1-PB2,839,0,4914,0,0,4914,T
1-PB2,840,4916,1,1,0,4918,A
1-PB2,841,0,4922,0,1,4923,T
1-PB2,842,0,4912,0,0,4912,T
1-PB2,843,2,4,4894,0,4900,G
1-PB2,844,1,10,4903,1,4915,G
1-PB2,845,4844,1,9,0,4854,A
1-PB2,846,0,5,4869,0,4874,G
1-PB2,847,4829,0,2,0,4831,A
1-PB2,848,1,4810,0,0,4811,T
1-PB2,849,0,0,4912,0,4912,G
1-PB2,850,2,4907,0,8,4917,T
1-PB2,851,1,1,4905,0,4907,G
1-PB2,852,3,0,0,4929,4932,C
1-PB2,853,13,2,0,4915,4930,C
1-PB2,854,4925,0,4,1,4930,A
1-PB2,855,1,1,0,4927,4929,C
1-PB2,856,4854,0,8,0,4862,A
1-PB2,857,2,1,4921,0,4924,G
1-PB2,858,0,3,0,4834,4837,C
1-PB2,859,4830,1,3,0,4834,A
1-PB2,860,0,3,1,4825,4829,C
1-PB2,861,4819,1,1,0,4821,A
1-PB2,862,0,2,0,4864,4866,C
1-PB2,863,4860,0,1,0,4861,A
1-PB2,864,4853,0,0,2,4855,A
1-PB2,865,4847,0,0,0,4847,A
1-PB2,866,0,4748,0,0,4748,T
1-PB2,867,0,4748,1,1,4750,T
1-PB2,868,0,8,4726,0,4734,G
1-PB2,869,0,2,4723,0,4725,G
1-PB2,870,0,4,0,4723,4727,C
1-PB2,871,0,6,4698,0,4704,G
1-PB2,872,3,21,4682,0,4706,G
1-PB2,873,4695,1,6,0,4702,A
1-PB2,874,4822,1,5,0,4828,A
1-PB2,875,0,1,0,4841,4842,C
1-PB2,876,4839,2,2,1,4844,A
1-PB2,877,4861,0,1,0,4862,A
1-PB2,878,1,6,4857,0,4864,G
1-PB2,879,1,3,4873,0,4877,G
1-PB2,880,4888,2,7,0,4897,A
1-PB2,881,0,4700,1,7,4708,T
1-PB2,882,0,11,4694,0,4705,G
1-PB2,883,0,2,4745,0,4747,G
1-PB2,884,0,4707,1,2,4710,T
1-PB2,885,1,8,4692,0,4701,G
1-PB2,886,1,13,4688,0,4702,G
1-PB2,887,4679,0,6,0,4685,A
1-PB2,888,0,3,0,4677,4680,C
1-PB2,889,4643,0,3,0,4646,A
1-PB2,890,1,5244,0,0,5245,T
1-PB2,891,0,5240,0,1,5241,T
1-PB2,892,15,0,0,5244,5259,C
1-PB2,893,0,5210,1,3,5214,T
1-PB2,894,0,5217,2,0,5219,T
1-PB2,895,5222,0,0,0,5222,A
1-PB2,896,2,11,5239,1,5253,G
1-PB2,897,5244,1,5,0,5250,A
1-PB2,898,1,1,0,5249,5251,C
1-PB2,899,4551,1,1,1,4554,A
1-PB2,900,2,9,4589,0,4600,G
1-PB2,901,4573,0,3,0,4576,A
1-PB2,902,4581,1,1,0,4583,A
1-PB2,903,2,4,0,4576,4582,C
1-PB2,904,6,1,0,4565,4572,C
1-PB2,905,4,4,1,4553,4562,C
1-PB2,906,0,30,4543,0,4573,G
1-PB2,907,4574,1,8,0,4583,A
1-PB2,908,0,1,1,4588,4590,C
1-PB2,909,0,4518,1,2,4521,T
1-PB2,910,1,5,4558,0,4564,G
1-PB2,911,4552,0,6,0,4558,A
1-PB2,912,4568,1,12,0,4581,A
1-PB2,913,0,15,4584,0,4599,G
1-PB2,914,4585,0,4,0,4589,A
1-PB2,915,4585,2,3,0,4590,A
1-PB2,916,1,2,1,4573,4577,C
1-PB2,917,4549,2,3,0,4554,A
1-PB2,918,4570,0,4,0,4574,A
1-PB2,919,0,0,4630,0,4630,G
1-PB2,920,1,1,0,4654,4656,C
1-PB2,921,1,4626,0,1,4628,T
1-PB2,922,0,0,4706,0,4706,G
1-PB2,923,3,4690,0,0,4693,T
1-PB2,924,4,9,4765,0,4778,G
1-PB2,925,0,3,4934,0,4937,G
1-PB2,926,4921,3,7,1,4932,A
1-PB2,927,0,4916,0,4,4920,T
1-PB2,928,4893,0,1,0,4894,A
1-PB2,929,0,4849,0,3,4852,T
1-PB2,930,5007,1,0,0,5008,A
1-PB2,931,2,4917,0,2,4921,T
1-PB2,932,0,1,4916,0,4917,G
1-PB2,933,1,2,0,4858,4861,C
1-PB2,934,4692,2,0,0,4694,A
1-PB2,935,4676,1,5,0,4682,A
1-PB2,936,0,9,4671,0,4680,G
1-PB2,937,1,2,4688,0,4691,G
1-PB2,938,3,1,0,4690,4694,C
1-PB2,939,7,4617,0,3,4627,T
1-PB2,940,1,2,4656,0,4659,G
1-PB2,941,0,2,0,4654,4656,C
1-PB2,942,4666,0,0,0,4666,A
1-PB2,943,4677,0,4,0,4681,A
1-PB2,944,0,4651,0,1,4652,T
1-PB2,945,0,12,4662,0,4674,G
1-PB2,946,0,5,4634,1,4640,G
1-PB2,947,2,4,4649,0,4655,G
1-PB2,948,4647,2,2,0,4651,A
1-PB2,949,1,4633,0,0,4634,T
1-PB2,950,1,4596,0,2,4599,T
1-PB2,951,0,20,4596,0,4616,G
1-PB2,952,4607,1,5,0,4613,A
1-PB2,953,0,13,4634,0,4647,G
1-PB2,954,4615,1,1,0,4617,A
1-PB2,955,4573,0,1,0,4574,A
1-PB2,956,0,4535,0,2,4537,T
1-PB2,957,18,1,0,4522,4541,C
1-PB2,958,4537,0,2,0,4539,A
1-PB2,959,1,0,4567,0,4568,G
1-PB2,960,2,1,0,4550,4553,C
1-PB2,961,0,4529,1,1,4531,T
1-PB2,962,14,3,0,4510,4527,C
1-PB2,963,4524,0,1,0,4525,A
1-PB2,964,1,4639,0,1,4641,T
1-PB2,965,11,0,0,4639,4650,C
1-PB2,966,10,2,0,4671,4683,C
1-PB2,967,0,4658,1,5,4664,T
1-PB2,968,0,4633,0,1,4634,T
1-PB2,969,12,1,0,4638,4651,C
1-PB2,970,4651,0,4,0,4655,A
1-PB2,971,1,0,4720,0,4721,G
1-PB2,972,1,0,0,4706,4707,C
1-PB2,973,2,4632,0,3,4637,T
1-PB2,974,0,4642,1,1,4644,T
1-PB2,975,0,4616,0,2,4618,T
1-PB2,976,4,5,4613,0,4622,G
1-PB2,977,4,1,4622,0,4627,G
1-PB2,978,0,4613,1,2,4616,T
1-PB2,979,1,15,4620,1,4637,G
1-PB2,980,1,9,4604,1,4615,G
1-PB2,981,1,1,4645,0,4647,G
1-PB2,982,0,4608,1,26,4635,T
1-PB2,983,1,4607,1,5,4614,T
1-PB2,984,0,4621,0,0,4621,T
1-PB2,985,4636,1,1,0,4638,A
1-PB2,986,3,3,0,4646,4652,C
1-PB2,987,4654,0,2,0,4656,A
1-PB2,988,0,4631,1,2,4634,T
1-PB2,989,0,4538,0,0,4538,T
1-PB2,990,1,4515,1,2,4519,T
1-PB2,991,4513,0,1,0,4514,A
1-PB2,992,4516,1,0,1,4518,A
1-PB2,993,4518,1,3,0,4522,A
1-PB2,994,4500,0,1,2,4503,A
1-PB2,995,2,18,4507,0,4527,G
1-PB2,996,4482,2,5,0,4489,A
1-PB2,997,4487,0,4,1,4492,A
1-PB2,998,0,1,0,4503,4504,C
1-PB2,999,4490,0,2,0,4492,A
1-PB2,1000,4489,0,16,0,4505,A
1-PB2,1001,0,0,4499,0,4499,G
1-PB2,1002,3,2,0,4505,4510,C
1-PB2,1003,2,7,4486,0,4495,G
1-PB2,1004,1,11,4530,0,4542,G
1-PB2,1005,1,3,4542,0,4546,G
1-PB2,1006,0,4539,0,3,4542,T
1-PB2,1007,22,0,0,4524,4546,C
1-PB2,1008,4560,0,1,0,4561,A
1-PB2,1009,1,4563,0,4,4568,T
1-PB2,1010,8,0,0,4567,4575,C
1-PB2,1011,4559,2,2,0,4563,A
1-PB2,1012,1,0,4640,0,4641,G
1-PB2,1013,0,4554,1,3,4558,T
1-PB2,1014,34,2,0,4534,4570,C
1-PB2,1015,4572,0,0,0,4572,A
1-PB2,1016,4567,0,0,0,4567,A
1-PB2,1017,2,4513,0,0,4515,T
1-PB2,1018,4562,0,1,1,4564,A
1-PB2,1019,4581,0,2,0,4583,A
1-PB2,1020,4595,0,2,0,4597,A
1-PB2,1021,0,13,4624,0,4637,G
1-PB2,1022,4597,0,1,0,4598,A
1-PB2,1023,4524,1,5,0,4530,A
1-PB2,1024,2,3,4530,0,4535,G
1-PB2,1025,4483,0,1,0,4484,A
1-PB2,1026,4291,0,10,0,4301,A
1-PB2,1027,1,8,4290,0,4299,G
1-PB2,1028,4287,0,5,0,4292,A
1-PB2,1029,0,5,4282,0,4287,G
1-PB2,1030,1,1,4376,0,4378,G
1-PB2,1031,1,4378,1,2,4382,T
1-PB2,1032,2,3,4450,0,4455,G
1-PB2,1033,0,0,1,4470,4471,C
1-PB2,1034,0,4461,0,4,4465,T
1-PB2,1035,0,4484,0,0,4484,T
1-PB2,1036,4432,1,37,0,4470,A
1-PB2,1037,0,0,0,4480,4480,C
1-PB2,1038,4429,1,6,0,4436,A
1-PB2,1039,1,4,4446,0,4451,G
1-PB2,1040,3,0,4440,0,4443,G
1-PB2,1041,0,3,0,4378,4381,C
1-PB2,1042,4329,0,0,0,4329,A
1-PB2,1043,4332,0,2,0,4334,A
1-PB2,1044,0,4411,0,2,4413,T
1-PB2,1045,6,1,0,4461,4468,C
1-PB2,1046,3,4448,0,3,4454,T
1-PB2,1047,14,2,0,4443,4459,C
1-PB2,1048,10,1,0,4432,4443,C
1-PB2,1049,4434,1,3,1,4439,A
1-PB2,1050,4433,1,2,0,4436,A
1-PB2,1051,4436,0,3,0,4439,A
1-PB2,1052,1,1,0,4455,4457,C
1-PB2,1053,4332,1,0,0,4333,A
1-PB2,1054,0,4298,1,0,4299,T
1-PB2,1055,0,4186,0,1,4187,T
1-PB2,1056,0,13,4170,1,4184,G
1-PB2,1057,4160,3,7,0,4170,A
1-PB2,1058,2,8,4120,0,4130,G
1-PB2,1059,4280,1,3,0,4284,A
1-PB2,1060,4283,0,1,0,4284,A
1-PB2,1061,1,4312,0,0,4313,T
1-PB2,1062,4306,1,4,0,4311,A
1-PB2,1063,4315,1,8,0,4324,A
1-PB2,1064,1,5,4449,0,4455,G
1-PB2,1065,4359,0,6,1,4366,A
1-PB2,1066,0,1,4503,0,4504,G
1-PB2,1067,0,4395,1,0,4396,T
1-PB2,1068,4412,1,1,0,4414,A
1-PB2,1069,0,0,0,4516,4516,C
1-PB2,1070,4481,1,1,0,4483,A
1-PB2,1071,0,4476,0,1,4477,T
1-PB2,1072,1,11,4443,1,4456,G
1-PB2,1073,4320,0,16,0,4336,A
1-PB2,1074,1,7,4356,0,4364,G
1-PB2,1075,0,6,4339,2,4347,G
1-PB2,1076,2,7,4527,0,4536,G
1-PB2,1077,2,5,4553,1,4561,G
1-PB2,1078,0,4471,0,3,4474,T
1-PB2,1079,4488,1,2,0,4491,A
1-PB2,1080,1,4470,0,2,4473,T
1-PB2,1081,2,9,4481,1,4493,G
1-PB2,1082,4482,0,1,0,4483,A
1-PB2,1083,1,9,4467,0,4477,G
1-PB2,1084,1,17,4418,0,4436,G
1-PB2,1085,4144,0,3,0,4147,A
1-PB2,1086,0,0,4252,0,4252,G
1-PB2,1087,0,4235,0,5,4240,T
1-PB2,1088,1,4365,0,5,4371,T
1-PB2,1089,22,4,2,4358,4386,C
1-PB2,1090,4377,1,4,0,4382,A
1-PB2,1091,0,0,1,4380,4381,C
1-PB2,1092,4366,1,0,0,4367,A
1-PB2,1093,4394,0,1,0,4395,A
1-PB2,1094,1,4389,0,2,4392,T
1-PB2,1095,0,16,4291,0,4307,G
1-PB2,1096,1,0,4333,0,4334,G
1-PB2,1097,0,4222,0,4,4226,T
1-PB2,1098,3,4,4244,1,4252,G
1-PB2,1099,0,5,4240,0,4245,G
1-PB2,1100,0,12,4235,1,4248,G
1-PB2,1101,1,7,4263,1,4272,G
1-PB2,1102,4248,1,3,0,4252,A
1-PB2,1103,4249,0,6,0,4255,A
1-PB2,1104,4232,0,3,0,4235,A
1-PB2,1105,4158,1,10,2,4171,A
1-PB2,1106,0,8,4204,0,4212,G
1-PB2,1107,4181,0,7,0,4188,A
1-PB2,1108,1,2,4206,0,4209,G
1-PB2,1109,4,1,0,4197,4202,C
1-PB2,1110,4168,1,3,0,4172,A
1-PB2,1111,4178,0,2,0,4180,A
1-PB2,1112,1,1,0,4312,4314,C
1-PB2,1113,4309,0,0,1,4310,A
1-PB2,1114,0,0,4385,0,4385,G
1-PB2,1115,1,3,0,4349,4353,C
1-PB2,1116,1,4329,0,1,4331,T
1-PB2,1117,4472,2,1,0,4475,A
1-PB2,1118,0,4468,0,2,4470,T
1-PB2,1119,4490,1,0,0,4491,A
1-PB2,1120,1,0,0,4489,4490,C
1-PB2,1121,0,4276,0,7,4283,T
1-PB2,1122,4293,1,2,0,4296,A
1-PB2,1123,4206,0,1,0,4207,A
1-PB2,1124,0,12,4204,0,4216,G
1-PB2,1125,4207,0,1,0,4208,A
1-PB2,1126,4076,0,2,2,4080,A
1-PB2,1127,4073,1,1,0,4075,A
1-PB2,1128,4069,2,3,0,4074,A
1-PB2,1129,0,0,4076,1,4077,G
1-PB2,1130,1,0,0,4074,4075,C
1-PB2,1131,4061,0,3,0,4064,A
1-PB2,1132,4097,3,1,0,4101,A
1-PB2,1133,1,1,0,4123,4125,C
1-PB2,1134,8,1,0,4116,4125,C
1-PB2,1135,4121,3,0,0,4124,A
1-PB2,1136,0,6,4127,0,4133,G
1-PB2,1137,4124,1,3,0,4128,A
1-PB2,1138,4105,0,6,0,4111,A
1-PB2,1139,0,4,4106,1,4111,G
1-PB2,1140,0,0,4013,0,4013,G
1-PB2,1141,1,4046,1,2,4050,T
1-PB2,1142,1,4061,1,2,4065,T
1-PB2,1143,0,13,4049,0,4062,G
1-PB2,1144,2,0,4122,1,4125,G
1-PB2,1145,0,4109,0,11,4120,T
1-PB2,1146,0,4119,0,0,4119,T
1-PB2,1147,26,0,0,4080,4106,C
1-PB2,1148,4064,0,1,0,4065,A
1-PB2,1149,4042,1,2,0,4045,A
1-PB2,1150,0,2,0,4323,4325,C
1-PB2,1151,0,4313,0,7,4320,T
1-PB2,1152,15,1,0,4325,4341,C
1-PB2,1153,4265,0,2,1,4268,A
1-PB2,1154,0,4277,0,4,4281,T
1-PB2,1155,4253,1,30,0,4284,A
1-PB2,1156,0,1,4302,0,4303,G
1-PB2,1157,1,4161,0,2,4164,T
1-PB2,1158,0,11,4194,1,4206,G
1-PB2,1159,4049,1,2,1,4053,A
1-PB2,1160,0,2,4105,0,4107,G
1-PB2,1161,1,4085,0,3,4089,T
1-PB2,1162,2,6,4072,0,4080,G
1-PB2,1163,2,4,4111,2,4119,G
1-PB2,1164,4110,2,1,1,4114,A
1-PB2,1165,4094,2,4,0,4100,A
1-PB2,1166,0,7,4107,0,4114,G
1-PB2,1167,4042,1,3,0,4046,A
1-PB2,1168,0,7,4064,0,4071,G
1-PB2,1169,4019,1,5,0,4025,A
1-PB2,1170,0,5,0,4019,4024,C
1-PB2,1171,4,30,3998,0,4032,G
1-PB2,1172,3993,1,1,0,3995,A
1-PB2,1173,4019,0,6,0,4025,A
1-PB2,1174,0,0,0,4024,4024,C
1-PB2,1175,3999,0,1,0,4000,A
1-PB2,1176,0,0,4259,0,4259,G
1-PB2,1177,0,4230,0,2,4232,T
1-PB2,1178,20,0,0,4217,4237,C
1-PB2,1179,4249,1,0,0,4250,A
1-PB2,1180,4241,0,4,0,4245,A
1-PB2,1181,1,4239,0,2,4242,T
1-PB2,1182,4220,0,2,0,4222,A
1-PB2,1183,1,0,4228,1,4230,G
1-PB2,1184,0,0,0,4214,4214,C
1-PB2,1185,4,3,0,4074,4081,C
1-PB2,1186,0,6,4045,0,4051,G
1-PB2,1187,4042,2,1,0,4045,A
1-PB2,1188,4043,0,3,0,4046,A
1-PB2,1189,0,0,4097,0,4097,G
1-PB2,1190,2,2,0,4168,4172,C
1-PB2,1191,4176,0,2,0,4178,A
1-PB2,1192,4170,1,3,0,4174,A
1-PB2,1193,0,4170,0,3,4173,T
1-PB2,1194,4197,0,1,0,4198,A
1-PB2,1195,4243,1,2,0,4246,A
1-PB2,1196,0,4236,0,3,4239,T
1-PB2,1197,15,0,0,4188,4203,C
1-PB2,1198,1,2,4185,0,4188,G
1-PB2,1199,1,4088,0,2,4091,T
1-PB2,1200,1,9,4072,0,4082,G
1-PB2,1201,3,0,4094,1,4098,G
1-PB2,1202,3,3,0,4098,4104,C
1-PB2,1203,9,1,0,4092,4102,C
1-PB2,1204,4069,0,1,0,4070,A
1-PB2,1205,1,4067,0,2,4070,T
1-PB2,1206,4,13,4063,0,4080,G
1-PB2,1207,2,1,4143,0,4146,G
1-PB2,1208,1,4105,0,6,4112,T
1-PB2,1209,0,0,4137,0,4137,G
1-PB2,1210,0,3993,2,5,4000,T
1-PB2,1211,1,3990,2,2,3995,T
1-PB2,1212,0,4002,0,2,4004,T
1-PB2,1213,1,4006,0,2,4009,T
1-PB2,1214,8,2,0,4044,4054,C
1-PB2,1215,4049,1,4,0,4054,A
1-PB2,1216,0,0,0,4132,4132,C
1-PB2,1217,4102,0,3,0,4105,A
1-PB2,1218,4097,0,3,0,4100,A
1-PB2,1219,0,3,4097,0,4100,G
1-PB2,1220,4084,1,0,0,4085,A
1-PB2,1221,3977,1,69,0,4047,A
1-PB2,1222,0,4,4094,0,4098,G
1-PB2,1223,4090,1,2,0,4093,A
1-PB2,1224,0,4103,0,1,4104,T
1-PB2,1225,2,4064,0,0,4066,T
1-PB2,1226,0,3,4055,0,4058,G
1-PB2,1227,1,3,0,4009,4013,C
1-PB2,1228,4032,0,1,1,4034,A
1-PB2,1229,0,4061,1,4,4066,T
1-PB2,1230,0,11,4190,0,4201,G
1-PB2,1231,4219,0,1,0,4220,A
1-PB2,1232,0,4238,0,1,4239,T
1-PB2,1233,4209,0,4,0,4213,A
1-PB2,1234,4211,1,0,0,4212,A
1-PB2,1235,4215,1,2,1,4219,A
1-PB2,1236,4222,1,7,0,4230,A
1-PB2,1237,0,1,4233,0,4234,G
1-PB2,1238,2,4,0,4297,4303,C
1-PB2,1239,4295,0,1,0,4296,A
1-PB2,1240,0,0,4414,0,4414,G
1-PB2,1241,0,4390,0,2,4392,T
1-PB2,1242,0,4393,0,0,4393,T
1-PB2,1243,4399,0,0,0,4399,A
1-PB2,1244,0,4,4416,0,4420,G
1-PB2,1245,4385,0,6,0,4391,A
1-PB2,1246,0,1,4397,0,4398,G
1-PB2,1247,1,1,4383,0,4385,G
1-PB2,1248,0,4154,0,3,4157,T
1-PB2,1249,0,24,4141,0,4165,G
1-PB2,1250,4175,1,6,0,4182,A
1-PB2,1251,1,1,0,4183,4185,C
1-PB2,1252,6,2,0,4198,4206,C
1-PB2,1253,1,4159,0,6,4166,T
1-PB2,1254,0,18,4167,0,4185,G
1-PB2,1255,4174,1,1,0,4176,A
1-PB2,1256,4173,0,1,0,4174,A
1-PB2,1257,2,4165,0,0,4167,T
1-PB2,1258,0,4204,0,5,4209,T
1-PB2,1259,0,4215,0,0,4215,T
1-PB2,1260,15,2,0,4197,4214,C
1-PB2,1261,1,0,4215,0,4216,G
1-PB2,1262,2,4207,0,3,4212,T
1-PB2,1263,14,3,0,4189,4206,C
1-PB2,1264,4205,1,2,1,4209,A
1-PB2,1265,4220,0,1,0,4221,A
1-PB2,1266,2,1,0,4216,4219,C
1-PB2,1267,4149,1,1,0,4151,A
1-PB2,1268,0,8,4198,0,4206,G
1-PB2,1269,4182,2,2,0,4186,A
1-PB2,1270,1,0,4204,0,4205,G
1-PB2,1271,2,0,0,4189,4191,C
1-PB2,1272,4193,0,2,0,4195,A
1-PB2,1273,4246,1,1,1,4249,A
1-PB2,1274,4248,1,1,0,4250,A
1-PB2,1275,0,4187,0,50,4237,T
1-PB2,1276,19,2,0,4233,4254,C
1-PB2,1277,4214,0,4,0,4218,A
1-PB2,1278,1,1,4210,0,4212,G
1-PB2,1279,1,2,0,4216,4219,C
1-PB2,1280,0,5,4215,0,4220,G
1-PB2,1281,1,0,4394,1,4396,G
1-PB2,1282,1,4358,0,2,4361,T
1-PB2,1283,0,4361,0,4,4365,T
1-PB2,1284,1,20,4352,2,4375,G
1-PB2,1285,4375,0,2,0,4377,A
1-PB2,1286,4390,0,2,1,4393,A
1-PB2,1287,0,2,0,4422,4424,C
1-PB2,1288,13,0,0,4367,4380,C
1-PB2,1289,7,1,0,4406,4414,C
1-PB2,1290,3,1,0,4284,4288,C
1-PB2,1291,4317,1,3,0,4321,A
1-PB2,1292,0,4322,0,2,4324,T
1-PB2,1293,1,3,4332,0,4336,G
1-PB2,1294,1,0,0,4349,4350,C
1-PB2,1295,4318,3,0,0,4321,A
1-PB2,1296,1,4286,0,5,4292,T
1-PB2,1297,11,0,0,4266,4277,C
1-PB2,1298,4258,0,1,0,4259,A
1-PB2,1299,1,0,4315,0,4316,G
1-PB2,1300,0,0,0,4323,4323,C
1-PB2,1301,1,4284,0,8,4293,T
1-PB2,1302,0,4300,0,0,4300,T
1-PB2,1303,1,4282,2,1,4286,T
1-PB2,1304,0,4295,0,0,4295,T
1-PB2,1305,4292,2,0,0,4294,A
1-PB2,1306,4278,3,3,0,4284,A
1-PB2,1307,0,8,4289,0,4297,G
1-PB2,1308,3,1,4250,0,4254,G
1-PB2,1309,1,2,1,4234,4238,C
1-PB2,1310,4228,0,3,1,4232,A
1-PB2,1311,2,4231,0,1,4234,T
1-PB2,1312,2,4239,2,3,4246,T
1-PB2,1313,0,4248,2,1,4251,T
1-PB2,1314,0,4262,0,3,4265,T
1-PB2,1315,5,2,0,4261,4268,C
1-PB2,1316,4259,0,3,0,4262,A
1-PB2,1317,0,6,4253,0,4259,G
1-PB2,1318,4254,1,1,1,4257,A
1-PB2,1319,4257,0,0,1,4258,A
1-PB2,1320,4249,0,3,0,4252,A
1-PB2,1321,1,3,4250,1,4255,G
1-PB2,1322,4274,1,1,0,4276,A
1-PB2,1323,0,4272,0,0,4272,T
1-PB2,1324,0,1,4276,0,4277,G
1-PB2,1325,2,8,0,4267,4277,C
1-PB2,1326,1,6,4275,1,4283,G
1-PB2,1327,4274,1,5,0,4280,A
1-PB2,1328,4276,2,1,0,4279,A
1-PB2,1329,4274,1,1,0,4276,A
1-PB2,1330,1,0,4283,0,4284,G
1-PB2,1331,1,4231,0,1,4233,T
1-PB2,1332,0,4,4226,0,4230,G
1-PB2,1333,0,0,0,4221,4221,C
1-PB2,1334,0,4211,1,7,4219,T
1-PB2,1335,1,4224,0,4,4229,T
1-PB2,1336,4,4208,0,0,4212,T
1-PB2,1337,1,4232,0,0,4233,T
1-PB2,1338,0,4228,0,0,4228,T
1-PB2,1339,14,1,0,4208,4223,C
1-PB2,1340,4221,0,2,1,4224,A
1-PB2,1341,4229,0,1,1,4231,A
1-PB2,1342,4225,0,1,1,4227,A
1-PB2,1343,4254,0,1,0,4255,A
1-PB2,1344,0,4236,1,1,4238,T
1-PB2,1345,0,4252,0,2,4254,T
1-PB2,1346,0,6,4241,0,4247,G
1-PB2,1347,1,5,4250,0,4256,G
1-PB2,1348,1,6,4238,1,4246,G
1-PB2,1349,2,10,4299,0,4311,G
1-PB2,1350,4274,0,3,0,4277,A
1-PB2,1351,0,0,4364,0,4364,G
1-PB2,1352,1,4346,1,5,4353,T
1-PB2,1353,1,4341,0,2,4344,T
1-PB2,1354,0,23,4343,1,4367,G
1-PB2,1355,4355,0,3,0,4358,A
1-PB2,1356,4358,0,11,1,4370,A
1-PB2,1357,1,1,0,4451,4453,C
1-PB2,1358,4380,0,2,0,4382,A
1-PB2,1359,3,1,0,4446,4450,C
1-PB2,1360,4379,1,2,2,4384,A
1-PB2,1361,1,4385,1,6,4393,T
1-PB2,1362,8,2,0,4402,4412,C
1-PB2,1363,1,18,4390,0,4409,G
1-PB2,1364,4412,1,1,0,4414,A
1-PB2,1365,1,2,0,4401,4404,C
1-PB2,1366,4233,0,1,0,4234,A
1-PB2,1367,0,0,4361,0,4361,G
1-PB2,1368,4,4243,0,7,4254,T
1-PB2,1369,2,0,4312,0,4314,G
1-PB2,1370,0,4292,0,2,4294,T
1-PB2,1371,1,6,4290,0,4297,G
1-PB2,1372,4292,1,2,0,4295,A
1-PB2,1373,1,4264,0,1,4266,T
1-PB2,1374,2,7,4256,0,4265,G
1-PB2,1375,1,3,4270,0,4274,G
1-PB2,1376,3,7,4196,1,4207,G
1-PB2,1377,4178,0,3,0,4181,A
1-PB2,1378,4130,1,2,0,4133,A
1-PB2,1379,2,4149,0,1,4152,T
1-PB2,1380,0,9,4191,0,4200,G
1-PB2,1381,4208,1,2,0,4211,A
1-PB2,1382,0,4214,0,1,4215,T
1-PB2,1383,0,4192,0,0,4192,T
1-PB2,1384,1,11,4147,0,4159,G
1-PB2,1385,2,8,4225,0,4235,G
1-PB2,1386,4198,0,3,0,4201,A
1-PB2,1387,0,0,4269,0,4269,G
1-PB2,1388,0,4212,1,2,4215,T
1-PB2,1389,4170,0,3,0,4173,A
1-PB2,1390,1,4171,0,0,4172,T
1-PB2,1391,0,4172,0,1,4173,T
1-PB2,1392,4202,0,3,0,4205,A
1-PB2,1393,1,1,0,4183,4185,C
1-PB2,1394,4,4,0,4083,4091,C
1-PB2,1395,3,0,4004,0,4007,G
1-PB2,1396,1,1,4055,0,4057,G
1-PB2,1397,4103,0,3,0,4106,A
1-PB2,1398,0,4094,0,3,4097,T
1-PB2,1399,4063,0,0,0,4063,A
1-PB2,1400,0,4043,0,4,4047,T
1-PB2,1401,3,23,4005,0,4031,G
1-PB2,1402,4033,0,0,0,4033,A
1-PB2,1403,0,0,0,4054,4054,C
1-PB2,1404,1,4008,0,8,4017,T
1-PB2,1405,10,1,0,4007,4018,C
1-PB2,1406,5,1,1,3964,3971,C
1-PB2,1407,3979,0,3,0,3982,A
1-PB2,1408,3988,0,3,0,3991,A
1-PB2,1409,0,1,4075,0,4076,G
1-PB2,1410,1,2,0,4040,4043,C
1-PB2,1411,4041,0,2,1,4044,A
1-PB2,1412,1,2,0,4028,4031,C
1-PB2,1413,4011,2,3,0,4016,A
1-PB2,1414,11,10,4005,0,4026,G
1-PB2,1415,4001,1,1,0,4003,A
1-PB2,1416,1,1,4024,0,4026,G
1-PB2,1417,4034,0,3,0,4037,A
1-PB2,1418,0,3892,0,5,3897,T
1-PB2,1419,1,0,3970,0,3971,G
1-PB2,1420,1,3938,0,3,3942,T
1-PB2,1421,19,1,0,3900,3920,C
1-PB2,1422,3940,2,3,0,3945,A
1-PB2,1423,3934,0,1,1,3936,A
1-PB2,1424,0,3932,1,0,3933,T
1-PB2,1425,0,12,3919,0,3931,G
1-PB2,1426,3876,0,2,1,3879,A
1-PB2,1427,1,4,3894,0,3899,G
1-PB2,1428,3827,0,1,1,3829,A
1-PB2,1429,0,7,3837,0,3844,G
1-PB2,1430,0,16,3993,0,4009,G
1-PB2,1431,4001,0,1,0,4002,A
1-PB2,1432,4012,0,1,0,4013,A
1-PB2,1433,1,4000,0,1,4002,T
1-PB2,1434,3996,0,1,0,3997,A
1-PB2,1435,3987,1,0,0,3988,A
1-PB2,1436,0,9,3975,0,3984,G
1-PB2,1437,3963,0,3,1,3967,A
1-PB2,1438,2,0,3978,0,3980,G
1-PB2,1439,0,3737,0,0,3737,T
1-PB2,1440,20,0,0,3727,3747,C
1-PB2,1441,3736,0,4,1,3741,A
1-PB2,1442,3,0,3768,0,3771,G
1-PB2,1443,2,1,0,3772,3775,C
1-PB2,1444,3774,0,0,1,3775,A
1-PB2,1445,3782,0,1,0,3783,A
1-PB2,1446,3770,1,2,0,3773,A
1-PB2,1447,3770,0,2,0,3772,A
1-PB2,1448,0,3764,0,2,3766,T
1-PB2,1449,0,6,3763,0,3769,G
1-PB2,1450,0,3,3765,0,3768,G
1-PB2,1451,1,0,3785,0,3786,G
1-PB2,1452,1,3740,0,0,3741,T
1-PB2,1453,1,0,3744,0,3745,G
1-PB2,1454,2,3736,2,2,3742,T
1-PB2,1455,3,13,3733,0,3749,G
1-PB2,1456,1,1,3796,0,3798,G
1-PB2,1457,3805,0,1,0,3806,A
1-PB2,1458,0,3786,0,1,3787,T
1-PB2,1459,2,15,3771,0,3788,G
1-PB2,1460,3755,0,2,0,3757,A
1-PB2,1461,3771,0,4,0,3775,A
1-PB2,1462,0,3764,0,0,3764,T
1-PB2,1463,3729,3,2,1,3735,A
1-PB2,1464,1,0,0,3929,3930,C
1-PB2,1465,2,3809,1,1,3813,T
1-PB2,1466,16,1,0,3827,3844,C
1-PB2,1467,9,0,0,3832,3841,C
1-PB2,1468,3836,1,1,0,3838,A
1-PB2,1469,0,0,3961,0,3961,G
1-PB2,1470,0,3925,0,1,3926,T
1-PB2,1471,3953,0,1,0,3954,A
1-PB2,1472,2,2,0,3960,3964,C
1-PB2,1473,3563,1,1,0,3565,A
1-PB2,1474,0,8,3567,0,3575,G
1-PB2,1475,3493,0,1,0,3494,A
1-PB2,1476,0,4,3508,0,3512,G
1-PB2,1477,3410,1,0,0,3411,A
1-PB2,1478,0,6,3242,0,3248,G
1-PB2,1479,1,8,3232,0,3241,G
1-PB2,1480,0,0,3249,0,3249,G
1-PB2,1481,1,3205,0,2,3208,T
1-PB2,1482,0,3,3194,0,3197,G
1-PB2,1483,1,1,3201,0,3203,G
1-PB2,1484,0,3183,0,1,3184,T
1-PB2,1485,0,6,3261,0,3267,G
1-PB2,1486,0,0,3266,0,3266,G
1-PB2,1487,0,3181,0,0,3181,T
1-PB2,1488,0,3180,0,4,3184,T
1-PB2,1489,3133,0,4,0,3137,A
1-PB2,1490,0,1,3153,0,3154,G
1-PB2,1491,1,0,0,3147,3148,C
1-PB2,1492,3136,0,1,0,3137,A
1-PB2,1493,0,3135,0,1,3136,T
1-PB2,1494,0,2943,1,0,2944,T
1-PB2,1495,0,9,2937,0,2946,G
1-PB2,1496,2940,1,0,1,2942,A
1-PB2,1497,0,2934,0,3,2937,T
1-PB2,1498,15,0,0,2926,2941,C
1-PB2,1499,2,3,2916,0,2921,G
1-PB2,1500,1,0,2968,0,2969,G
1-PB2,1501,0,2968,0,0,2968,T
1-PB2,1502,0,2957,1,0,2958,T
1-PB2,1503,0,2961,0,1,2962,T
1-PB2,1504,1,2959,0,0,2960,T
1-PB2,1505,0,2957,0,2,2959,T
1-PB2,1506,2,4,2954,0,2960,G
1-PB2,1507,2948,0,4,0,2952,A
1-PB2,1508,0,5,2950,0,2955,G
1-PB2,1509,2811,0,2,0,2813,A
1-PB2,1510,1,0,2825,1,2827,G
1-PB2,1511,0,2822,0,3,2825,T
1-PB2,1512,1,2815,0,1,2817,T
1-PB2,1513,27,0,0,2792,2819,C
1-PB2,1514,4,3,2821,0,2828,G
1-PB2,1515,2821,1,1,1,2824,A
1-PB2,1516,1,13,2812,0,2826,G
1-PB2,1517,2826,0,1,0,2827,A
1-PB2,1518,1,0,0,2819,2820,C
1-PB2,1519,6,1,0,2782,2789,C
1-PB2,1520,2756,1,1,0,2758,A
1-PB2,1521,2789,0,0,0,2789,A
1-PB2,1522,0,2,0,2791,2793,C
1-PB2,1523,0,0,2793,0,2793,G
1-PB2,1524,2,2776,0,1,2779,T
1-PB2,1525,0,5,2772,0,2777,G
1-PB2,1526,1,4,2775,0,2780,G
1-PB2,1527,2,3,2777,0,2782,G
1-PB2,1528,2759,0,4,0,2763,A
1-PB2,1529,2762,0,0,1,2763,A
1-PB2,1530,0,2663,0,1,2664,T
1-PB2,1531,2,0,2742,0,2744,G
1-PB2,1532,0,2728,0,0,2728,T
1-PB2,1533,2728,0,0,0,2728,A
1-PB2,1534,0,2726,0,3,2729,T
1-PB2,1535,0,2688,0,1,2689,T
1-PB2,1536,2701,0,2,2,2705,A
1-PB2,1537,1,2687,0,2,2690,T
1-PB2,1538,0,2649,0,1,2650,T
1-PB2,1539,2646,0,0,0,2646,A
1-PB2,1540,0,2309,0,4,2313,T
1-PB2,1541,2,1,0,2352,2355,C
1-PB2,1542,0,2320,0,1,2321,T
1-PB2,1543,8,0,0,2311,2319,C
1-PB2,1544,2,1,0,2319,2322,C
1-PB2,1545,2,2241,0,0,2243,T
1-PB2,1546,0,2,2239,0,2241,G
1-PB2,1547,2240,0,1,0,2241,A
1-PB2,1548,10,0,2225,1,2236,G
1-PB2,1549,0,5,2228,0,2233,G
1-PB2,1550,1978,0,0,1,1979,A
1-PB2,1551,0,2,1992,0,1994,G
1-PB2,1552,2,0,1973,1,1976,G
1-PB2,1553,1,1875,1,0,1877,T
1-PB2,1554,10,1,0,1864,1875,C
1-PB2,1555,1850,0,0,0,1850,A
1-PB2,1556,0,0,1867,0,1867,G
1-PB2,1557,0,1858,0,2,1860,T
1-PB2,1558,0,6,1852,0,1858,G
1-PB2,1559,1853,1,1,0,1855,A
1-PB2,1560,1763,0,1,0,1764,A
1-PB2,1561,1762,0,4,0,1766,A
1-PB2,1562,0,0,0,1767,1767,C
1-PB2,1563,1750,0,3,0,1753,A
1-PB2,1564,0,0,0,1755,1755,C
1-PB2,1565,1675,0,1,0,1676,A
1-PB2,1566,0,0,1682,0,1682,G
1-PB2,1567,0,3,1669,0,1672,G
1-PB2,1568,1,10,1667,0,1678,G
1-PB2,1569,1674,0,1,0,1675,A
1-PB2,1570,1635,0,2,0,1637,A
1-PB2,1571,0,0,0,1641,1641,C
1-PB2,1572,0,1598,0,0,1598,T
1-PB2,1573,0,5,1595,0,1600,G
1-PB2,1574,1581,0,1,0,1582,A
1-PB2,1575,0,1,1583,0,1584,G
1-PB2,1576,1537,0,2,0,1539,A
1-PB2,1577,2,2,1412,0,1416,G
1-PB2,1578,1404,1,1,0,1406,A
1-PB2,1579,0,1,0,1401,1402,C
1-PB2,1580,1,1333,0,0,1334,T
1-PB2,1581,0,3,1349,0,1352,G
1-PB2,1582,1340,1,1,0,1342,A
1-PB2,1583,0,0,0,1337,1337,C
1-PB2,1584,1326,0,0,0,1326,A
1-PB2,1585,1323,0,0,0,1323,A
1-PB2,1586,0,1315,0,0,1315,T
1-PB2,1587,1309,0,0,1,1310,A
1-PB2,1588,1308,0,0,0,1308,A
1-PB2,1589,1,0,0,1308,1309,C
1-PB2,1590,0,1161,0,1,1162,T
1-PB2,1591,0,1145,0,0,1145,T
1-PB2,1592,1124,0,1,0,1125,A
1-PB2,1593,0,1126,0,0,1126,T
1-PB2,1594,0,1119,0,1,1120,T
1-PB2,1595,9,1,0,1108,1118,C
1-PB2,1596,989,0,0,0,989,A
1-PB2,1597,0,988,0,0,988,T
1-PB2,1598,1,0,0,925,926,C
1-PB2,1599,1,0,926,0,927,G
1-PB2,1600,0,929,0,0,929,T
1-PB2,1601,2,1,0,905,908,C
1-PB2,1602,1,1,910,0,912,G
1-PB2,1603,909,0,0,0,909,A
1-PB2,1604,1,908,0,0,909,T
1-PB2,1605,0,0,909,0,909,G
1-PB2,1606,905,0,0,0,905,A
1-PB2,1607,0,897,0,0,897,T
1-PB2,1608,2,0,889,0,891,G
1-PB2,1609,0,834,0,0,834,T
1-PB2,1610,2,2,824,0,828,G
1-PB2,1611,0,0,825,0,825,G
1-PB2,1612,1,1,821,0,823,G
1-PB2,1613,798,0,1,0,799,A
1-PB2,1614,0,1,765,0,766,G
1-PB2,1615,661,0,0,0,661,A
1-PB2,1616,1,624,0,0,625,T
1-PB2,1617,1,590,0,0,591,T
1-PB2,1618,584,0,0,0,584,A
1-PB2,1619,579,0,0,0,579,A
1-PB2,1620,0,0,0,561,561,C
1-PB2,1621,0,0,478,1,479,G
1-PB2,1622,0,0,465,0,465,G
1-PB2,1623,0,338,0,0,338,T
1-PB2,1624,3,0,0,323,326,C
1-PB2,1625,0,0,0,324,324,C
1-PB2,1626,0,272,0,0,272,T
1-PB2,1627,0,1,273,0,274,G
1-PB2,1628,273,0,0,0,273,A
1-PB2,1629,0,0,272,0,272,G
1-PB2,1630,0,271,0,0,271,T
1-PB2,1631,0,1,0,255,256,C
1-PB2,1632,0,0,256,0,256,G
1-PB2,1633,0,0,264,0,264,G
1-PB2,1634,0,267,0,0,267,T
1-PB2,1635,0,264,0,0,264,T
1-PB2,1636,0,260,0,0,260,T
1-PB2,1637,0,263,0,0,263,T
1-PB2,1638,0,1,266,0,267,G
1-PB2,1639,1,0,269,0,270,G
1-PB2,1640,0,270,0,0,270,T
1-PB2,1641,3,0,0,267,270,C
1-PB2,1642,262,0,0,0,262,A
1-PB2,1643,275,0,0,0,275,A
1-PB2,1644,0,275,0,0,275,T
1-PB2,1645,278,0,0,0,278,A
1-PB2,1646,0,0,0,286,286,C
1-PB2,1647,0,0,0,280,280,C
1-PB2,1648,0,278,0,0,278,T
1-PB2,1649,283,0,0,0,283,A
1-PB2,1650,0,282,0,0,282,T
1-PB2,1651,3,0,0,278,281,C
1-PB2,1652,278,0,0,0,278,A
1-PB2,1653,278,0,0,0,278,A
1-PB2,1654,0,278,0,0,278,T
1-PB2,1655,0,1,272,0,273,G
1-PB2,1656,0,0,273,0,273,G
1-PB2,1657,276,0,0,0,276,A
1-PB2,1658,0,276,0,0,276,T
1-PB2,1659,1,0,0,273,274,C
1-PB2,1660,275,0,0,0,275,A
1-PB2,1661,1,272,0,0,273,T
1-PB2,1662,0,0,0,276,276,C
1-PB2,1663,275,0,0,0,275,A
1-PB2,1664,0,0,277,0,277,G
1-PB2,1665,278,0,0,0,278,A
1-PB2,1666,278,1,0,0,279,A
1-PB2,1667,278,0,0,1,279,A
1-PB2,1668,0,277,0,0,277,T
1-PB2,1669,0,280,0,0,280,T
1-PB2,1670,0,2,276,0,278,G
1-PB2,1671,0,0,279,0,279,G
1-PB2,1672,0,1,280,0,281,G
1-PB2,1673,279,0,0,1,280,A
1-PB2,1674,275,0,1,0,276,A
1-PB2,1675,0,0,279,0,279,G
1-PB2,1676,0,0,0,279,279,C
1-PB2,1677,0,280,0,0,280,T
1-PB2,1678,0,0,284,0,284,G
1-PB2,1679,0,282,0,0,282,T
1-PB2,1680,1,0,0,282,283,C
1-PB2,1681,283,0,0,1,284,A
1-PB2,1682,284,0,0,0,284,A
1-PB2,1683,283,0,0,0,283,A
1-PB2,1684,283,0,0,0,283,A
1-PB2,1685,0,282,0,0,282,T
1-PB2,1686,0,283,0,0,283,T
1-PB2,1687,0,0,0,280,280,C
1-PB2,1688,277,0,0,0,277,A
1-PB2,1689,276,0,0,0,276,A
1-PB2,1690,0,275,0,0,275,T
1-PB2,1691,1,1,273,0,275,G
1-PB2,1692,0,0,280,0,280,G
1-PB2,1693,0,280,0,0,280,T
1-PB2,1694,2,0,0,281,283,C
1-PB2,1695,0,282,0,0,282,T
1-PB2,1696,0,0,0,281,281,C
1-PB2,1697,281,0,0,0,281,A
1-PB2,1698,0,0,284,0,284,G
1-PB2,1699,282,0,0,0,282,A
1-PB2,1700,282,0,0,0,282,A
1-PB2,1701,0,282,0,0,282,T
1-PB2,1702,0,0,0,280,280,C
1-PB2,1703,1,1,0,280,282,C
1-PB2,1704,0,283,0,0,283,T
1-PB2,1705,0,0,281,0,281,G
1-PB2,1706,0,0,0,280,280,C
1-PB2,1707,283,0,0,0,283,A
1-PB2,1708,286,0,0,0,286,A
1-PB2,1709,0,283,0,0,283,T
1-PB2,1710,0,0,291,0,291,G
1-PB2,1711,0,289,0,0,289,T
1-PB2,1712,0,284,0,0,284,T
1-PB2,1713,0,0,286,0,286,G
1-PB2,1714,0,285,0,0,285,T
1-PB2,1715,284,0,0,0,284,A
1-PB2,1716,0,0,0,284,284,C
1-PB2,1717,278,0,0,0,278,A
1-PB2,1718,281,0,0,0,281,A
1-PB2,1719,0,0,1,273,274,C
1-PB2,1720,269,0,0,0,269,A
1-PB2,1721,269,0,0,0,269,A
1-PB2,1722,263,0,0,0,263,A
1-PB2,1723,260,0,0,0,260,A
1-PB2,1724,1,260,0,0,261,T
1-PB2,1725,0,0,259,0,259,G
1-PB2,1726,0,1,258,0,259,G
1-PB2,1727,262,0,0,0,262,A
1-PB2,1728,260,0,0,0,260,A
1-PB2,1729,0,258,0,0,258,T
1-PB2,1730,0,262,0,0,262,T
1-PB2,1731,0,262,0,0,262,T
1-PB2,1732,0,0,260,0,260,G
1-PB2,1733,259,0,0,0,259,A
1-PB2,1734,260,0,1,0,261,A
1-PB2,1735,1,0,0,258,259,C
1-PB2,1736,2,0,0,258,260,C
1-PB2,1737,261,0,0,0,261,A
1-PB2,1738,0,263,0,0,263,T
1-PB2,1739,0,263,0,0,263,T
1-PB2,1740,0,263,0,0,263,T
1-PB2,1741,2,0,0,261,263,C
1-PB2,1742,262,0,0,0,262,A
1-PB2,1743,264,0,0,0,264,A
1-PB2,1744,0,261,0,1,262,T
1-PB2,1745,0,0,0,268,268,C
1-PB2,1746,0,260,0,0,260,T
1-PB2,1747,0,260,0,0,260,T
1-PB2,1748,0,260,0,0,260,T
1-PB2,1749,260,0,0,0,260,A
1-PB2,1750,0,1,259,0,260,G
1-PB2,1751,0,257,0,0,257,T
1-PB2,1752,2,0,0,262,264,C
1-PB2,1753,0,0,0,265,265,C
1-PB2,1754,1,0,0,260,261,C
1-PB2,1755,1,0,0,260,261,C
1-PB2,1756,262,0,0,0,262,A
1-PB2,1757,261,0,0,0,261,A
1-PB2,1758,0,1,265,0,266,G
1-PB2,1759,0,0,265,0,265,G
1-PB2,1760,0,0,0,264,264,C
1-PB2,1761,0,0,0,264,264,C
1-PB2,1762,265,0,0,0,265,A
1-PB2,1763,0,272,0,0,272,T
1-PB2,1764,0,273,0,0,273,T
1-PB2,1765,274,0,0,0,274,A
1-PB2,1766,0,0,273,0,273,G
1-PB2,1767,260,0,0,0,260,A
1-PB2,1768,273,0,0,0,273,A
1-PB2,1769,0,0,272,0,272,G
1-PB2,1770,0,0,0,274,274,C
1-PB2,1771,0,0,0,268,268,C
1-PB2,1772,268,0,0,0,268,A
1-PB2,1773,272,0,0,0,272,A
1-PB2,1774,0,272,0,1,273,T
1-PB2,1775,276,0,0,0,276,A
1-PB2,1776,0,0,0,278,278,C
1-PB2,1777,257,0,0,0,257,A
1-PB2,1778,0,0,258,0,258,G
1-PB2,1779,0,254,0,0,254,T
1-PB2,1780,0,0,256,0,256,G
1-PB2,1781,0,0,253,0,253,G
1-PB2,1782,0,0,253,0,253,G
1-PB2,1783,0,251,0,0,251,T
1-PB2,1784,0,250,0,0,250,T
1-PB2,1785,0,254,0,0,254,T
1-PB2,1786,0,0,259,0,259,G
1-PB2,1787,0,258,0,0,258,T
1-PB2,1788,0,0,0,256,256,C
1-PB2,1789,256,0,0,0,256,A
1-PB2,1790,0,1,256,0,257,G
1-PB2,1791,254,0,0,0,254,A
1-PB2,1792,255,0,0,0,255,A
1-PB2,1793,0,0,0,255,255,C
1-PB2,1794,0,249,0,0,249,T
1-PB2,1795,0,0,0,256,256,C
1-PB2,1796,0,256,0,0,256,T
1-PB2,1797,259,0,0,0,259,A
1-PB2,1798,0,259,0,0,259,T
1-PB2,1799,1,254,0,0,255,T
1-PB2,1800,1,0,0,254,255,C
1-PB2,1801,2,0,0,251,253,C
1-PB2,1802,252,0,0,0,252,A
1-PB2,1803,252,0,0,0,252,A
1-PB2,1804,0,0,0,250,250,C
1-PB2,1805,245,0,1,0,246,A
1-PB2,1806,248,1,0,0,249,A
1-PB2,1807,249,0,0,0,249,A
1-PB2,1808,0,248,0,0,248,T
1-PB2,1809,0,2,247,0,249,G
1-PB2,1810,249,0,0,0,249,A
1-PB2,1811,0,1,251,0,252,G
1-PB2,1812,253,0,1,0,254,A
1-PB2,1813,0,1,253,0,254,G
1-PB2,1814,250,0,1,0,251,A
1-PB2,1815,0,0,0,254,254,C
1-PB2,1816,0,0,257,0,257,G
1-PB2,1817,0,259,0,0,259,T
1-PB2,1818,265,0,0,0,265,A
1-PB2,1819,0,0,0,265,265,C
1-PB2,1820,0,265,0,0,265,T
1-PB2,1821,0,263,0,0,263,T
1-PB2,1822,0,0,263,0,263,G
1-PB2,1823,1,0,264,0,265,G
1-PB2,1824,0,1,263,0,264,G
1-PB2,1825,264,0,0,0,264,A
1-PB2,1826,0,0,0,265,265,C
1-PB2,1827,268,0,0,0,268,A
1-PB2,1828,0,269,0,0,269,T
1-PB2,1829,0,270,0,0,270,T
1-PB2,1830,1,266,0,0,267,T
1-PB2,1831,0,3,267,0,270,G
1-PB2,1832,269,0,0,0,269,A
1-PB2,1833,0,0,0,268,268,C
1-PB2,1834,268,0,1,0,269,A
1-PB2,1835,0,0,0,270,270,C
1-PB2,1836,1,0,0,268,269,C
1-PB2,1837,273,0,0,0,273,A
1-PB2,1838,0,0,0,276,276,C
1-PB2,1839,0,1,0,273,274,C
1-PB2,1840,0,0,0,275,275,C
1-PB2,1841,274,0,0,0,274,A
1-PB2,1842,0,0,280,0,280,G
1-PB2,1843,281,0,0,0,281,A
1-PB2,1844,0,295,0,0,295,T
1-PB2,1845,294,0,0,0,294,A
1-PB2,1846,292,0,0,0,292,A
1-PB2,1847,0,288,0,0,288,T
1-PB2,1848,289,0,0,0,289,A
1-PB2,1849,288,0,0,0,288,A
1-PB2,1850,287,0,0,0,287,A
1-PB2,1851,0,0,287,0,287,G
1-PB2,1852,0,0,0,290,290,C
1-PB2,1853,0,285,0,0,285,T
1-PB2,1854,0,283,0,0,283,T
1-PB2,1855,0,0,0,284,284,C
1-PB2,1856,0,283,0,0,283,T
1-PB2,1857,0,0,0,284,284,C
1-PB2,1858,1,0,0,285,286,C
1-PB2,1859,0,0,0,286,286,C
1-PB2,1860,0,0,0,279,279,C
1-PB2,1861,0,292,0,0,292,T
1-PB2,1862,0,293,0,0,293,T
1-PB2,1863,0,292,0,0,292,T
1-PB2,1864,0,0,293,0,293,G
1-PB2,1865,0,0,0,295,295,C
1-PB2,1866,287,0,1,0,288,A
1-PB2,1867,0,0,289,0,289,G
1-PB2,1868,0,0,0,288,288,C
1-PB2,1869,0,282,0,2,284,T
1-PB2,1870,0,0,283,0,283,G
1-PB2,1871,0,0,0,283,283,C
1-PB2,1872,0,284,0,0,284,T
1-PB2,1873,1,0,0,282,283,C
1-PB2,1874,0,0,0,282,282,C
1-PB2,1875,283,0,0,0,283,A
1-PB2,1876,0,0,0,282,282,C
1-PB2,1877,0,0,0,278,278,C
1-PB2,1878,279,0,0,0,279,A
1-PB2,1879,279,0,0,0,279,A
1-PB2,1880,274,0,2,0,276,A
1-PB2,1881,0,0,276,0,276,G
1-PB2,1882,0,0,0,277,277,C
1-PB2,1883,273,0,0,0,273,A
1-PB2,1884,274,0,0,0,274,A
1-PB2,1885,274,0,0,0,274,A
1-PB2,1886,0,0,276,0,276,G
1-PB2,1887,0,0,0,276,276,C
1-PB2,1888,273,0,0,0,273,A
1-PB2,1889,0,0,274,0,274,G
1-PB2,1890,268,0,0,0,268,A
1-PB2,1891,273,0,0,0,273,A
1-PB2,1892,0,273,0,0,273,T
1-PB2,1893,0,0,272,0,272,G
1-PB2,1894,0,0,0,274,274,C
1-PB2,1895,270,0,0,0,270,A
1-PB2,1896,0,0,274,0,274,G
1-PB2,1897,0,276,0,0,276,T
1-PB2,1898,0,274,0,0,274,T
1-PB2,1899,2,0,0,275,277,C
1-PB2,1900,0,272,0,0,272,T
1-PB2,1901,1,0,0,273,274,C
1-PB2,1902,0,271,0,1,272,T
1-PB2,1903,0,272,0,0,272,T
1-PB2,1904,2,0,0,272,274,C
1-PB2,1905,271,1,0,0,272,A
1-PB2,1906,0,0,0,274,274,C
1-PB2,1907,0,258,0,0,258,T
1-PB2,1908,0,1,260,0,261,G
1-PB2,1909,262,0,0,0,262,A
1-PB2,1910,0,0,0,267,267,C
1-PB2,1911,0,261,0,0,261,T
1-PB2,1912,0,1,260,0,261,G
1-PB2,1913,0,261,0,0,261,T
1-PB2,1914,0,1,261,0,262,G
1-PB2,1915,261,0,0,0,261,A
1-PB2,1916,264,0,0,0,264,A
1-PB2,1917,0,261,0,0,261,T
1-PB2,1918,0,0,261,0,261,G
1-PB2,1919,0,256,0,0,256,T
1-PB2,1920,247,0,1,0,248,A
1-PB2,1921,251,0,0,0,251,A
1-PB2,1922,0,0,252,0,252,G
1-PB2,1923,0,0,256,0,256,G
1-PB2,1924,0,2,250,0,252,G
1-PB2,1925,0,1,251,0,252,G
1-PB2,1926,247,0,0,0,247,A
1-PB2,1927,0,245,0,0,245,T
1-PB2,1928,1,1,0,245,247,C
1-PB2,1929,246,0,0,0,246,A
1-PB2,1930,0,0,251,0,251,G
1-PB2,1931,0,0,251,0,251,G
1-PB2,1932,0,0,251,0,251,G
1-PB2,1933,254,0,0,0,254,A
1-PB2,1934,0,244,0,0,244,T
1-PB2,1935,0,0,241,0,241,G
1-PB2,1936,240,0,0,0,240,A
1-PB2,1937,0,0,245,0,245,G
1-PB2,1938,244,0,0,0,244,A
1-PB2,1939,237,0,0,0,237,A
1-PB2,1940,0,236,0,0,236,T
1-PB2,1941,235,0,0,0,235,A
1-PB2,1942,0,0,0,237,237,C
1-PB2,1943,0,234,0,0,234,T
1-PB2,1944,0,233,0,0,233,T
1-PB2,1945,0,0,234,0,234,G
1-PB2,1946,0,223,0,0,223,T
1-PB2,1947,223,0,0,0,223,A
1-PB2,1948,223,0,0,0,223,A
1-PB2,1949,0,0,222,0,222,G
1-PB2,1950,0,1,222,0,223,G
1-PB2,1951,1,1,216,0,218,G
1-PB2,1952,0,0,218,0,218,G
1-PB2,1953,0,0,0,219,219,C
1-PB2,1954,219,0,0,0,219,A
1-PB2,1955,226,0,0,0,226,A
1-PB2,1956,0,225,0,0,225,T
1-PB2,1957,1,225,0,0,226,T
1-PB2,1958,1,0,0,227,228,C
1-PB2,1959,0,223,0,0,223,T
1-PB2,1960,0,0,0,223,223,C
1-PB2,1961,0,0,0,222,222,C
1-PB2,1962,0,221,0,0,221,T
1-PB2,1963,0,0,223,0,223,G
1-PB2,1964,0,219,0,1,220,T
1-PB2,1965,222,0,0,0,222,A
1-PB2,1966,0,222,0,0,222,T
1-PB2,1967,0,221,0,0,221,T
1-PB2,1968,3,1,0,219,223,C
1-PB2,1969,218,0,0,0,218,A
1-PB2,1970,221,0,0,0,221,A
1-PB2,1971,0,0,0,221,221,C
1-PB2,1972,0,218,0,0,218,T
1-PB2,1973,218,0,0,0,218,A
1-PB2,1974,0,0,0,222,222,C
1-PB2,1975,221,0,0,0,221,A
1-PB2,1976,221,0,0,0,221,A
1-PB2,1977,0,0,0,221,221,C
1-PB2,1978,218,0,0,0,218,A
1-PB2,1979,217,0,1,0,218,A
1-PB2,1980,0,3,215,0,218,G
1-PB2,1981,217,0,1,0,218,A
1-PB2,1982,0,0,0,219,219,C
1-PB2,1983,0,0,0,217,217,C
1-PB2,1984,217,0,0,0,217,A
1-PB2,1985,0,0,0,231,231,C
1-PB2,1986,0,231,0,0,231,T
1-PB2,1987,230,0,0,0,230,A
1-PB2,1988,230,0,0,0,230,A
1-PB2,1989,230,0,0,0,230,A
1-PB2,1990,229,0,3,0,232,A
1-PB2,1991,0,0,232,0,232,G
1-PB2,1992,230,0,0,0,230,A
1-PB2,1993,0,2,0,229,231,C
1-PB2,1994,0,224,0,0,224,T
1-PB2,1995,225,0,0,0,225,A
1-PB2,1996,225,0,0,0,225,A
1-PB2,1997,1,0,0,224,225,C
1-PB2,1998,223,0,0,0,223,A
1-PB2,1999,220,0,0,0,220,A
1-PB2,2000,0,218,0,0,218,T
1-PB2,2001,0,220,0,0,220,T
1-PB2,2002,1,0,0,219,220,C
1-PB2,2003,0,219,0,0,219,T
1-PB2,2004,0,0,0,222,222,C
1-PB2,2005,0,0,222,0,222,G
1-PB2,2006,0,2,222,0,224,G
1-PB2,2007,223,0,1,0,224,A
1-PB2,2008,225,0,0,0,225,A
1-PB2,2009,225,0,0,0,225,A
1-PB2,2010,225,0,0,0,225,A
1-PB2,2011,0,0,225,0,225,G
1-PB2,2012,223,0,0,0,223,A
1-PB2,2013,0,223,0,0,223,T
1-PB2,2014,0,1,223,0,224,G
1-PB2,2015,0,0,0,224,224,C
1-PB2,2016,0,0,0,224,224,C
1-PB2,2017,0,0,225,0,225,G
1-PB2,2018,0,0,224,0,224,G
1-PB2,2019,0,0,0,224,224,C
1-PB2,2020,224,0,0,0,224,A
1-PB2,2021,0,0,0,224,224,C
1-PB2,2022,0,223,0,0,223,T
1-PB2,2023,0,222,0,2,224,T
1-PB2,2024,0,226,0,0,226,T
1-PB2,2025,226,0,0,0,226,A
1-PB2,2026,227,0,0,0,227,A
1-PB2,2027,0,227,0,0,227,T
1-PB2,2028,0,226,0,0,226,T
1-PB2,2029,0,0,226,0,226,G
1-PB2,2030,222,0,0,0,222,A
1-PB2,2031,221,0,0,0,221,A
1-PB2,2032,0,2,219,0,221,G
1-PB2,2033,221,0,0,0,221,A
1-PB2,2034,0,1,0,221,222,C
1-PB2,2035,0,0,0,221,221,C
1-PB2,2036,0,0,0,221,221,C
1-PB2,2037,221,0,0,0,221,A
1-PB2,2038,0,1,227,0,228,G
1-PB2,2039,227,0,1,0,228,A
1-PB2,2040,0,229,0,0,229,T
1-PB2,2041,0,0,229,0,229,G
1-PB2,2042,225,0,0,0,225,A
1-PB2,2043,225,0,0,0,225,A
1-PB2,2044,225,0,0,0,225,A
1-PB2,2045,0,0,225,0,225,G
1-PB2,2046,0,0,0,225,225,C
1-PB2,2047,222,0,1,0,223,A
1-PB2,2048,0,0,0,226,226,C
1-PB2,2049,226,0,0,0,226,A
1-PB2,2050,1,223,0,0,224,T
1-PB2,2051,1,0,0,226,227,C
1-PB2,2052,0,1,0,223,224,C
1-PB2,2053,0,0,223,0,223,G
1-PB2,2054,0,0,224,0,224,G
1-PB2,2055,221,0,0,0,221,A
1-PB2,2056,0,0,222,0,222,G
1-PB2,2057,0,218,0,0,218,T
1-PB2,2058,0,0,219,0,219,G
1-PB2,2059,0,1,218,0,219,G
1-PB2,2060,216,0,0,0,216,A
1-PB2,2061,0,0,219,0,219,G
1-PB2,2062,0,214,0,1,215,T
1-PB2,2063,1,0,0,211,212,C
1-PB2,2064,0,0,0,210,210,C
1-PB2,2065,0,0,212,0,212,G
1-PB2,2066,0,0,0,210,210,C
1-PB2,2067,0,0,0,210,210,C
1-PB2,2068,1,0,213,0,214,G
1-PB2,2069,0,216,0,0,216,T
1-PB2,2070,1,0,0,214,215,C
1-PB2,2071,0,215,1,0,216,T
1-PB2,2072,0,218,0,0,218,T
1-PB2,2073,0,0,217,0,217,G
1-PB2,2074,215,0,0,0,215,A
1-PB2,2075,0,0,217,0,217,G
1-PB2,2076,216,0,0,0,216,A
1-PB2,2077,0,0,210,0,210,G
1-PB2,2078,0,0,208,0,208,G
1-PB2,2079,0,0,209,0,209,G
1-PB2,2080,0,206,0,0,206,T
1-PB2,2081,0,205,0,0,205,T
1-PB2,2082,0,209,0,0,209,T
1-PB2,2083,1,0,0,207,208,C
1-PB2,2084,0,211,0,0,211,T
1-PB2,2085,1,1,0,216,218,C
1-PB2,2086,214,0,0,0,214,A
1-PB2,2087,0,215,0,0,215,T
1-PB2,2088,0,216,0,0,216,T
1-PB2,2089,218,0,0,0,218,A
1-PB2,2090,0,217,0,0,217,T
1-PB2,2091,216,0,0,0,216,A
1-PB2,2092,0,0,218,0,218,G
1-PB2,2093,0,0,220,0,220,G
1-PB2,2094,0,208,0,0,208,T
1-PB2,2095,204,0,0,0,204,A
1-PB2,2096,203,0,1,0,204,A
1-PB2,2097,0,1,206,0,207,G
1-PB2,2098,0,0,209,0,209,G
1-PB2,2099,206,0,0,0,206,A
1-PB2,2100,201,0,0,1,202,A
1-PB2,2101,0,1,198,0,199,G
1-PB2,2102,196,0,2,0,198,A
1-PB2,2103,0,0,0,198,198,C
1-PB2,2104,194,0,0,0,194,A
1-PB2,2105,0,0,196,0,196,G
1-PB2,2106,194,0,0,0,194,A
1-PB2,2107,191,1,0,0,192,A
1-PB2,2108,0,0,192,0,192,G
1-PB2,2109,0,0,190,0,190,G
1-PB2,2110,0,195,0,0,195,T
1-PB2,2111,195,0,0,0,195,A
1-PB2,2112,0,1,0,194,195,C
1-PB2,2113,0,0,191,0,191,G
1-PB2,2114,0,0,196,1,197,G
1-PB2,2115,196,1,0,0,197,A
1-PB2,2116,0,0,0,193,193,C
1-PB2,2117,0,0,0,189,189,C
1-PB2,2118,184,0,0,0,184,A
1-PB2,2119,0,0,186,0,186,G
1-PB2,2120,0,0,0,186,186,C
1-PB2,2121,186,0,0,0,186,A
1-PB2,2122,0,186,0,0,186,T
1-PB2,2123,0,172,0,1,173,T
1-PB2,2124,173,0,0,0,173,A
1-PB2,2125,174,0,0,0,174,A
1-PB2,2126,0,0,174,0,174,G
1-PB2,2127,0,0,0,172,172,C
1-PB2,2128,158,0,0,0,158,A
1-PB2,2129,0,160,0,0,160,T
1-PB2,2130,0,0,0,159,159,C
1-PB2,2131,157,1,0,0,158,A
1-PB2,2132,159,0,0,0,159,A
1-PB2,2133,0,158,0,0,158,T
1-PB2,2134,0,0,156,0,156,G
1-PB2,2135,156,0,0,0,156,A
1-PB2,2136,156,0,0,0,156,A
1-PB2,2137,0,0,0,157,157,C
1-PB2,2138,0,151,0,0,151,T
1-PB2,2139,0,1,154,0,155,G
1-PB2,2140,153,0,0,0,153,A
1-PB2,2141,0,0,153,0,153,G
1-PB2,2142,0,152,0,0,152,T
1-PB2,2143,151,0,0,0,151,A
1-PB2,2144,151,0,0,0,151,A
1-PB2,2145,0,0,0,151,151,C
1-PB2,2146,0,0,0,148,148,C
1-PB2,2147,0,144,0,2,146,T
1-PB2,2148,0,139,0,0,139,T
1-PB2,2149,0,0,138,0,138,G
1-PB2,2150,0,0,0,140,140,C
1-PB2,2151,139,0,0,0,139,A
1-PB2,2152,140,0,0,0,140,A
1-PB2,2153,137,0,0,0,137,A
1-PB2,2154,136,0,0,0,136,A
1-PB2,2155,0,1,135,0,136,G
1-PB2,2156,0,0,133,0,133,G
1-PB2,2157,0,0,135,0,135,G
1-PB2,2158,0,0,135,0,135,G
1-PB2,2159,135,0,0,0,135,A
1-PB2,2160,135,0,0,0,135,A
1-PB2,2161,133,0,0,0,133,A
1-PB2,2162,134,0,0,0,134,A
1-PB2,2163,0,0,132,0,132,G
1-PB2,2164,0,0,132,0,132,G
1-PB2,2165,0,0,0,133,133,C
1-PB2,2166,0,133,0,0,133,T
1-PB2,2167,133,0,0,0,133,A
1-PB2,2168,133,0,0,0,133,A
1-PB2,2169,0,132,0,0,132,T
1-PB2,2170,0,0,136,0,136,G
1-PB2,2171,0,131,0,0,131,T
1-PB2,2172,0,0,131,0,131,G
1-PB2,2173,0,0,0,130,130,C
1-PB2,2174,0,130,0,0,130,T
1-PB2,2175,132,0,0,0,132,A
1-PB2,2176,133,0,0,0,133,A
1-PB2,2177,1,132,0,0,133,T
1-PB2,2178,0,0,0,132,132,C
1-PB2,2179,0,0,129,0,129,G
1-PB2,2180,0,0,131,0,131,G
1-PB2,2181,0,0,131,0,131,G
1-PB2,2182,0,0,0,131,131,C
1-PB2,2183,130,0,0,0,130,A
1-PB2,2184,128,0,0,0,128,A
1-PB2,2185,0,0,128,0,128,G
1-PB2,2186,0,0,127,0,127,G
1-PB2,2187,128,0,0,0,128,A
1-PB2,2188,0,0,128,0,128,G
1-PB2,2189,126,0,0,0,126,A
1-PB2,2190,0,0,0,126,126,C
1-PB2,2191,1,0,124,0,125,G
1-PB2,2192,0,124,0,0,124,T
1-PB2,2193,0,0,124,0,124,G
1-PB2,2194,0,0,124,0,124,G
1-PB2,2195,0,118,0,0,118,T
1-PB2,2196,1,0,118,0,119,G
1-PB2,2197,0,112,0,0,112,T
1-PB2,2198,0,112,0,0,112,T
1-PB2,2199,0,0,113,0,113,G
1-PB2,2200,0,0,112,0,112,G
1-PB2,2201,0,112,0,0,112,T
1-PB2,2202,108,0,0,0,108,A
1-PB2,2203,103,0,0,0,103,A
1-PB2,2204,0,100,0,0,100,T
1-PB2,2205,0,1,97,0,98,G
1-PB2,2206,97,0,0,0,97,A
1-PB2,2207,96,0,0,0,96,A
1-PB2,2208,97,0,0,0,97,A
1-PB2,2209,0,0,0,97,97,C
1-PB2,2210,0,1,96,0,97,G
1-PB2,2211,96,0,0,0,96,A
1-PB2,2212,96,0,0,0,96,A
1-PB2,2213,97,0,0,0,97,A
1-PB2,2214,97,0,0,0,97,A
1-PB2,2215,0,0,0,97,97,C
1-PB2,2216,0,0,97,0,97,G
1-PB2,2217,0,1,96,0,97,G
1-PB2,2218,96,0,0,0,96,A
1-PB2,2219,96,0,0,0,96,A
1-PB2,2220,0,0,0,97,97,C
1-PB2,2221,0,97,0,0,97,T
1-PB2,2222,0,0,0,99,99,C
1-PB2,2223,0,99,0,0,99,T
1-PB2,2224,99,0,0,0,99,A
1-PB2,2225,0,0,99,0,99,G
1-PB2,2226,0,0,0,95,95,C
1-PB2,2227,95,0,0,0,95,A
1-PB2,2228,0,96,0,0,96,T
1-PB2,2229,93,0,0,0,93,A
1-PB2,2230,0,0,0,94,94,C
1-PB2,2231,0,87,0,0,87,T
1-PB2,2232,0,87,0,0,87,T
1-PB2,2233,85,0,0,1,86,A
1-PB2,2234,0,0,0,85,85,C
1-PB2,2235,0,85,0,0,85,T
1-PB2,2236,0,1,82,0,83,G
1-PB2,2237,81,0,0,0,81,A
1-PB2,2238,0,1,0,82,83,C
1-PB2,2239,75,0,0,0,75,A
1-PB2,2240,0,0,77,0,77,G
1-PB2,2241,0,0,0,77,77,C
1-PB2,2242,1,0,0,74,75,C
1-PB2,2243,76,0,0,0,76,A
1-PB2,2244,0,0,76,0,76,G
1-PB2,2245,75,0,1,0,76,A
1-PB2,2246,0,0,0,76,76,C
1-PB2,2247,65,0,0,0,65,A
1-PB2,2248,0,0,65,0,65,G
1-PB2,2249,0,0,0,64,64,C
1-PB2,2250,0,0,64,0,64,G
1-PB2,2251,64,0,0,0,64,A
1-PB2,2252,0,0,0,64,64,C
1-PB2,2253,0,0,0,64,64,C
1-PB2,2254,64,0,0,0,64,A
1-PB2,2255,64,0,0,0,64,A
1-PB2,2256,63,0,0,0,63,A
1-PB2,2257,63,0,0,0,63,A
1-PB2,2258,0,0,61,0,61,G
1-PB2,2259,60,0,0,0,60,A
1-PB2,2260,58,0,0,0,58,A
1-PB2,2261,0,59,0,0,59,T
1-PB2,2262,0,58,0,0,58,T
1-PB2,2263,0,0,0,59,59,C
1-PB2,2264,0,1,57,0,58,G
1-PB2,2265,0,0,58,0,58,G
1-PB2,2266,58,0,0,0,58,A
1-PB2,2267,0,58,0,0,58,T
1-PB2,2268,0,1,56,0,57,G
1-PB2,2269,0,0,58,0,58,G
1-PB2,2270,0,0,0,58,58,C
1-PB2,2271,0,0,0,58,58,C
1-PB2,2272,58,0,0,0,58,A
1-PB2,2273,0,58,0,0,58,T
1-PB2,2274,0,0,0,58,58,C
1-PB2,2275,58,0,0,0,58,A
1-PB2,2276,58,0,0,0,58,A
1-PB2,2277,0,57,0,0,57,T
1-PB2,2278,0,54,0,0,54,T
1-PB2,2279,49,0,0,0,49,A
1-PB2,2280,49,0,0,0,49,A
2-PB1,1,334,0,0,0,334,A
2-PB1,2,0,333,0,0,333,T
2-PB1,3,0,0,338,0,338,G
2-PB1,4,0,1,370,0,371,G
2-PB1,5,426,0,0,0,426,A
2-PB1,6,0,451,0,0,451,T
2-PB1,7,0,1,453,0,454,G
2-PB1,8,0,455,0,1,456,T
2-PB1,9,2,0,0,483,485,C
2-PB1,10,486,0,1,0,487,A
2-PB1,11,505,1,0,0,506,A
2-PB1,12,0,505,0,0,505,T
2-PB1,13,0,0,0,508,508,C
2-PB1,14,0,1,0,525,526,C
2-PB1,15,0,3,538,0,541,G
2-PB1,16,632,0,0,0,632,A
2-PB1,17,1,0,0,650,651,C
2-PB1,18,0,651,0,0,651,T
2-PB1,19,1,0,0,784,785,C
2-PB1,20,0,789,0,0,789,T
2-PB1,21,793,0,0,0,793,A
2-PB1,22,0,0,0,794,794,C
2-PB1,23,0,794,0,0,794,T
2-PB1,24,26,0,871,0,897,G
2-PB1,25,0,900,0,0,900,T
2-PB1,26,0,901,0,0,901,T
2-PB1,27,4,0,0,896,900,C
2-PB1,28,0,1,0,899,900,C
2-PB1,29,0,1057,0,0,1057,T
2-PB1,30,1071,0,0,0,1071,A
2-PB1,31,1072,0,0,0,1072,A
2-PB1,32,1077,0,0,0,1077,A
2-PB1,33,0,1,1079,0,1080,G
2-PB1,34,0,1,1091,0,1092,G
2-PB1,35,1,1097,0,0,1098,T
2-PB1,36,0,1101,0,0,1101,T
2-PB1,37,3,0,0,1096,1099,C
2-PB1,38,1,0,0,1096,1097,C
2-PB1,39,1100,0,0,0,1100,A
2-PB1,40,0,1,1112,0,1113,G
2-PB1,41,0,1,0,1109,1110,C
2-PB1,42,4,0,1110,0,1114,G
2-PB1,43,2,0,0,1115,1117,C
2-PB1,44,1117,0,0,0,1117,A
2-PB1,45,1118,0,0,0,1118,A
2-PB1,46,1114,0,0,0,1114,A
2-PB1,47,1130,0,0,0,1130,A
2-PB1,48,0,1139,0,0,1139,T
2-PB1,49,1,0,1170,0,1171,G
2-PB1,50,0,1,0,1174,1175,C
2-PB1,51,2,0,0,1182,1184,C
2-PB1,52,1178,0,3,2,1183,A
2-PB1,53,0,1183,0,0,1183,T
2-PB1,54,1253,0,0,0,1253,A
2-PB1,55,1257,0,0,1,1258,A
2-PB1,56,0,1,1301,0,1302,G
2-PB1,57,0,0,0,1305,1305,C
2-PB1,58,1303,0,1,0,1304,A
2-PB1,59,0,1,0,1353,1354,C
2-PB1,60,1353,0,0,0,1353,A
2-PB1,61,1433,0,0,0,1433,A
2-PB1,62,0,0,0,1436,1436,C
2-PB1,63,1430,0,0,0,1430,A
2-PB1,64,0,1440,0,0,1440,T
2-PB1,65,1,1428,0,2,1431,T
2-PB1,66,2,0,0,1762,1764,C
2-PB1,67,1,1,0,1763,1765,C
2-PB1,68,2,1,0,1784,1787,C
2-PB1,69,0,1797,0,3,1800,T
2-PB1,70,0,1797,0,1,1798,T
2-PB1,71,1960,0,0,0,1960,A
2-PB1,72,0,1978,0,0,1978,T
2-PB1,73,1986,0,1,0,1987,A
2-PB1,74,0,0,0,2007,2007,C
2-PB1,75,0,1957,0,1,1958,T
2-PB1,76,2,1,1982,0,1985,G
2-PB1,77,0,7,1987,0,1994,G
2-PB1,78,1986,0,2,0,1988,A
2-PB1,79,0,3,1994,0,1997,G
2-PB1,80,1985,0,1,0,1986,A
2-PB1,81,0,1989,0,0,1989,T
2-PB1,82,5,1,0,2116,2122,C
2-PB1,83,3,0,0,2118,2121,C
2-PB1,84,0,2136,0,0,2136,T
2-PB1,85,2,0,0,2303,2305,C
2-PB1,86,0,0,0,2308,2308,C
2-PB1,87,2327,0,1,0,2328,A
2-PB1,88,1,2328,0,1,2330,T
2-PB1,89,2324,0,1,0,2325,A
2-PB1,90,0,0,0,2335,2335,C
2-PB1,91,2313,0,0,0,2313,A
2-PB1,92,0,0,2425,0,2425,G
2-PB1,93,0,0,0,2447,2447,C
2-PB1,94,4,0,0,2427,2431,C
2-PB1,95,2439,0,0,0,2439,A
2-PB1,96,1,2434,0,0,2435,T
2-PB1,97,0,8,2431,0,2439,G
2-PB1,98,0,13,2531,0,2544,G
2-PB1,99,2556,1,0,0,2557,A
2-PB1,100,2559,1,4,0,2564,A
2-PB1,101,0,2,0,2560,2562,C
2-PB1,102,2551,0,0,0,2551,A
2-PB1,103,2,3,2610,1,2616,G
2-PB1,104,0,12,2641,0,2653,G
2-PB1,105,2655,0,0,0,2655,A
2-PB1,106,2663,0,0,0,2663,A
2-PB1,107,0,0,1,2680,2681,C
2-PB1,108,2669,0,5,0,2674,A
2-PB1,109,1,9,2996,0,3006,G
2-PB1,110,0,9,2997,0,3006,G
2-PB1,111,0,1,3060,0,3061,G
2-PB1,112,1,3055,0,1,3057,T
2-PB1,113,3053,0,6,1,3060,A
2-PB1,114,1,3,0,3090,3094,C
2-PB1,115,3227,1,1,0,3229,A
2-PB1,116,0,1,0,3360,3361,C
2-PB1,117,5,1,0,3342,3348,C
2-PB1,118,3252,1,1,2,3256,A
2-PB1,119,0,3250,0,1,3251,T
2-PB1,120,32,13,3207,2,3254,G
2-PB1,121,0,11,3256,2,3269,G
2-PB1,122,3262,1,5,0,3268,A
2-PB1,123,1,0,0,3284,3285,C
2-PB1,124,3226,1,2,1,3230,A
2-PB1,125,0,0,0,3271,3271,C
2-PB1,126,3265,0,2,0,3267,A
2-PB1,127,0,0,3331,0,3331,G
2-PB1,128,2,3318,0,2,3322,T
2-PB1,129,20,0,0,3405,3425,C
2-PB1,130,3415,2,0,0,3417,A
2-PB1,131,3453,2,2,2,3459,A
2-PB1,132,0,0,0,3458,3458,C
2-PB1,133,3445,1,1,0,3447,A
2-PB1,134,0,10,3471,1,3482,G
2-PB1,135,3431,1,1,0,3433,A
2-PB1,136,3418,0,4,0,3422,A
2-PB1,137,2,1,0,3429,3432,C
2-PB1,138,3380,1,2,1,3384,A
2-PB1,139,0,1,0,3385,3386,C
2-PB1,140,3374,4,1,0,3379,A
2-PB1,141,0,3353,0,3,3356,T
2-PB1,142,6,2,0,3628,3636,C
2-PB1,143,3647,0,3,0,3650,A
2-PB1,144,3701,0,2,1,3704,A
2-PB1,145,1,3754,0,1,3756,T
2-PB1,146,3865,1,0,2,3868,A
2-PB1,147,0,3864,0,2,3866,T
2-PB1,148,0,3825,1,0,3826,T
2-PB1,149,3,1,0,3830,3834,C
2-PB1,150,3788,1,1,0,3790,A
2-PB1,151,0,7,3782,0,3789,G
2-PB1,152,3771,0,3,0,3774,A
2-PB1,153,0,3,3776,0,3779,G
2-PB1,154,3717,0,1,0,3718,A
2-PB1,155,1,6,3663,0,3670,G
2-PB1,156,0,3,3666,0,3669,G
2-PB1,157,0,8,3802,0,3810,G
2-PB1,158,2,3,3806,0,3811,G
2-PB1,159,0,7,3839,0,3846,G
2-PB1,160,3845,1,1,0,3847,A
2-PB1,161,3843,1,3,0,3847,A
2-PB1,162,0,0,3881,0,3881,G
2-PB1,163,1,3856,0,2,3859,T
2-PB1,164,2,9,3839,0,3850,G
2-PB1,165,0,5,3835,1,3841,G
2-PB1,166,3835,2,8,0,3845,A
2-PB1,167,0,1,0,3854,3855,C
2-PB1,168,2,24,3844,0,3870,G
2-PB1,169,3885,1,2,0,3888,A
2-PB1,170,0,0,0,3926,3926,C
2-PB1,171,3906,0,0,0,3906,A
2-PB1,172,3907,0,0,0,3907,A
2-PB1,173,3929,1,1,0,3931,A
2-PB1,174,1,3977,0,0,3978,T
2-PB1,175,3990,1,3,0,3994,A
2-PB1,176,1,0,0,4001,4002,C
2-PB1,177,3957,0,5,0,3962,A
2-PB1,178,1,7,3972,0,3980,G
2-PB1,179,3961,2,0,0,3963,A
2-PB1,180,4004,0,1,0,4005,A
2-PB1,181,4008,0,0,0,4008,A
2-PB1,182,2,0,0,4012,4014,C
2-PB1,183,0,3965,0,0,3965,T
2-PB1,184,0,7,3951,0,3958,G
2-PB1,185,2,6,3945,0,3953,G
2-PB1,186,2,5,3941,0,3948,G
2-PB1,187,0,3,3941,0,3944,G
2-PB1,188,0,2,0,3954,3956,C
2-PB1,189,3938,0,4,0,3942,A
2-PB1,190,1,1,0,4105,4107,C
2-PB1,191,7,0,0,4090,4097,C
2-PB1,192,8,0,0,4080,4088,C
2-PB1,193,5,1,0,4102,4108,C
2-PB1,194,4121,1,1,0,4123,A
2-PB1,195,4155,0,1,0,4156,A
2-PB1,196,1,1,0,4159,4161,C
2-PB1,197,0,4151,1,0,4152,T
2-PB1,198,13,0,0,4141,4154,C
2-PB1,199,4044,0,1,0,4045,A
2-PB1,200,4105,0,1,1,4107,A
2-PB1,201,1,1,0,4106,4108,C
2-PB1,202,7,1,0,4092,4100,C
2-PB1,203,12,2,1,4086,4101,C
2-PB1,204,4108,0,1,0,4109,A
2-PB1,205,4122,1,0,0,4123,A
2-PB1,206,0,4131,1,1,4133,T
2-PB1,207,0,4128,0,1,4129,T
2-PB1,208,1,5,4130,1,4137,G
2-PB1,209,4092,0,0,0,4092,A
2-PB1,210,0,4102,0,1,4103,T
2-PB1,211,1,11,4085,0,4097,G
2-PB1,212,1,13,4115,0,4129,G
2-PB1,213,4161,2,7,0,4170,A
2-PB1,214,2,2,0,4187,4191,C
2-PB1,215,11,4,0,4167,4182,C
2-PB1,216,4165,0,7,0,4172,A
2-PB1,217,0,1,0,4245,4246,C
2-PB1,218,0,4228,0,0,4228,T
2-PB1,219,4290,0,1,0,4291,A
2-PB1,220,0,0,0,4340,4340,C
2-PB1,221,4,0,0,4290,4294,C
2-PB1,222,0,4216,0,2,4218,T
2-PB1,223,1,6,4223,0,4230,G
2-PB1,224,4214,0,1,1,4216,A
2-PB1,225,0,8,4237,0,4245,G
2-PB1,226,0,8,4219,0,4227,G
2-PB1,227,4216,3,0,0,4219,A
2-PB1,228,0,4190,2,2,4194,T
2-PB1,229,4137,0,1,0,4138,A
2-PB1,230,4134,0,1,0,4135,A
2-PB1,231,0,4134,0,0,4134,T
2-PB1,232,0,16,4120,0,4136,G
2-PB1,233,4129,0,3,1,4133,A
2-PB1,234,4105,0,3,0,4108,A
2-PB1,235,1,1,0,4100,4102,C
2-PB1,236,10,0,0,4054,4064,C
2-PB1,237,4066,0,0,0,4066,A
2-PB1,238,4076,2,0,0,4078,A
2-PB1,239,0,1,4113,0,4114,G
2-PB1,240,0,4103,0,1,4104,T
2-PB1,241,3,13,4098,0,4114,G
2-PB1,242,0,4,4170,0,4174,G
2-PB1,243,4162,2,2,0,4166,A
2-PB1,244,1,4143,0,0,4144,T
2-PB1,245,4157,0,1,1,4159,A
2-PB1,246,1,4228,0,0,4229,T
2-PB1,247,3,2,4248,0,4253,G
2-PB1,248,1,0,0,4253,4254,C
2-PB1,249,4257,0,1,0,4258,A
2-PB1,250,0,0,0,4363,4363,C
2-PB1,251,4281,2,1,0,4284,A
2-PB1,252,4352,1,1,0,4354,A
2-PB1,253,4345,1,2,0,4348,A
2-PB1,254,0,2,1,4357,4360,C
2-PB1,255,4233,0,4,0,4237,A
2-PB1,256,0,17,4288,1,4306,G
2-PB1,257,4292,2,3,0,4297,A
2-PB1,258,0,0,0,4305,4305,C
2-PB1,259,0,4201,2,2,4205,T
2-PB1,260,0,3,4281,0,4284,G
2-PB1,261,0,4226,0,4,4230,T
2-PB1,262,1,1,4430,0,4432,G
2-PB1,263,1,4421,0,2,4424,T
2-PB1,264,16,0,0,4418,4434,C
2-PB1,265,7,0,0,4423,4430,C
2-PB1,266,1,4399,0,4,4404,T
2-PB1,267,0,4,4396,0,4400,G
2-PB1,268,1,6,4395,0,4402,G
2-PB1,269,4343,0,1,0,4344,A
2-PB1,270,0,6,4393,0,4399,G
2-PB1,271,0,2,4264,0,4266,G
2-PB1,272,2,2,0,4274,4278,C
2-PB1,273,1,4256,0,5,4262,T
2-PB1,274,4260,1,2,0,4263,A
2-PB1,275,0,4268,0,1,4269,T
2-PB1,276,1,11,4252,0,4264,G
2-PB1,277,0,1,4273,1,4275,G
2-PB1,278,3,10,1,4235,4249,C
2-PB1,279,7,0,0,4200,4207,C
2-PB1,280,0,4158,0,1,4159,T
2-PB1,281,2,4372,0,0,4374,T
2-PB1,282,4,0,0,4382,4386,C
2-PB1,283,4,1,0,4392,4397,C
2-PB1,284,0,4389,0,3,4392,T
2-PB1,285,0,4380,0,4,4384,T
2-PB1,286,1,5,4399,1,4406,G
2-PB1,287,4403,2,0,1,4406,A
2-PB1,288,4407,1,0,0,4408,A
2-PB1,289,1,11,4406,1,4419,G
2-PB1,290,4222,0,0,0,4222,A
2-PB1,291,4268,0,1,0,4269,A
2-PB1,292,1,4255,0,1,4257,T
2-PB1,293,11,2,0,4245,4258,C
2-PB1,294,5,0,1,4257,4263,C
2-PB1,295,8,2,0,4251,4261,C
2-PB1,296,4269,1,3,0,4273,A
2-PB1,297,1,1,0,4281,4283,C
2-PB1,298,4,0,0,4273,4277,C
2-PB1,299,14,3,0,4274,4291,C
2-PB1,300,4262,1,2,1,4266,A
2-PB1,301,0,4,4297,0,4301,G
2-PB1,302,0,0,4302,1,4303,G
2-PB1,303,1,4292,0,2,4295,T
2-PB1,304,4326,0,1,0,4327,A
2-PB1,305,0,4307,0,0,4307,T
2-PB1,306,2,1,0,4319,4322,C
2-PB1,307,1,4319,0,4,4324,T
2-PB1,308,1,4331,0,0,4332,T
2-PB1,309,0,4308,0,1,4309,T
2-PB1,310,0,14,4280,0,4294,G
2-PB1,311,4255,2,4,0,4261,A
2-PB1,312,1,12,4244,0,4257,G
2-PB1,313,4212,1,2,1,4216,A
2-PB1,314,4230,0,0,0,4230,A
2-PB1,315,0,2,0,4269,4271,C
2-PB1,316,0,4215,0,3,4218,T
2-PB1,317,11,0,3,4214,4228,C
2-PB1,318,4222,0,2,0,4224,A
2-PB1,319,0,4223,0,1,4224,T
2-PB1,320,5,3,4224,1,4233,G
2-PB1,321,0,0,0,4288,4288,C
2-PB1,322,7,2,2,4282,4293,C
2-PB1,323,1,4283,0,1,4285,T
2-PB1,324,0,4260,0,1,4261,T
2-PB1,325,2,7,4265,0,4274,G
2-PB1,326,4301,0,2,1,4304,A
2-PB1,327,4311,1,2,0,4314,A
2-PB1,328,4305,3,1,2,4311,A
2-PB1,329,0,1,0,4337,4338,C
2-PB1,330,4244,0,1,0,4245,A
2-PB1,331,4272,0,1,2,4275,A
2-PB1,332,1,4273,0,2,4276,T
2-PB1,333,1,1,4256,0,4258,G
2-PB1,334,0,7,4251,0,4258,G
2-PB1,335,4209,1,11,0,4221,A
2-PB1,336,4209,3,3,0,4215,A
2-PB1,337,1,1,4213,0,4215,G
2-PB1,338,3,2,0,4223,4228,C
2-PB1,339,9,5,1,4182,4197,C
2-PB1,340,1,1,4234,0,4236,G
2-PB1,341,0,4217,1,0,4218,T
2-PB1,342,1,4214,1,3,4219,T
2-PB1,343,16,2,0,4238,4256,C
2-PB1,344,4260,0,2,0,4262,A
2-PB1,345,4316,1,2,0,4319,A
2-PB1,346,1,1,0,4327,4329,C
2-PB1,347,4316,0,1,0,4317,A
2-PB1,348,1,11,4340,0,4352,G
2-PB1,349,4284,3,5,0,4292,A
2-PB1,350,2,1,0,4286,4289,C
2-PB1,351,4277,0,1,0,4278,A
2-PB1,352,4290,2,3,0,4295,A
2-PB1,353,0,8,4326,0,4334,G
2-PB1,354,1,2,4284,0,4287,G
2-PB1,355,2,0,4300,0,4302,G
2-PB1,356,0,4218,1,3,4222,T
2-PB1,357,2,7,4197,0,4206,G
2-PB1,358,1,9,4199,0,4209,G
2-PB1,359,4221,0,4,0,4225,A
2-PB1,360,2,1,0,4220,4223,C
2-PB1,361,4152,0,1,0,4153,A
2-PB1,362,4190,1,3,0,4194,A
2-PB1,363,4191,1,2,1,4195,A
2-PB1,364,1,0,0,4187,4188,C
2-PB1,365,0,4178,0,0,4178,T
2-PB1,366,4184,0,0,0,4184,A
2-PB1,367,4220,0,5,0,4225,A
2-PB1,368,1,1,0,4229,4231,C
2-PB1,369,5,0,0,4214,4219,C
2-PB1,370,8,2,0,4210,4220,C
2-PB1,371,4103,0,1,0,4104,A
2-PB1,372,4097,1,1,0,4099,A
2-PB1,373,0,6,4095,0,4101,G
2-PB1,374,0,3,4118,0,4121,G
2-PB1,375,0,4108,1,0,4109,T
2-PB1,376,17,0,0,4065,4082,C
2-PB1,377,2,0,4075,0,4077,G
2-PB1,378,3,2,0,4063,4068,C
2-PB1,379,1,0,0,4088,4089,C
2-PB1,380,4081,2,0,0,4083,A
2-PB1,381,1,10,4148,0,4159,G
2-PB1,382,4223,3,0,0,4226,A
2-PB1,383,0,0,0,4220,4220,C
2-PB1,384,1,4185,0,3,4189,T
2-PB1,385,0,4187,3,1,4191,T
2-PB1,386,4193,1,1,1,4196,A
2-PB1,387,0,4217,1,2,4220,T
2-PB1,388,0,10,4206,0,4216,G
2-PB1,389,4208,1,0,0,4209,A
2-PB1,390,0,4130,0,1,4131,T
2-PB1,391,0,3990,0,0,3990,T
2-PB1,392,0,9,3980,0,3989,G
2-PB1,393,1,9,3984,0,3994,G
2-PB1,394,4023,1,3,0,4027,A
2-PB1,395,0,0,0,4017,4017,C
2-PB1,396,3978,0,0,0,3978,A
2-PB1,397,0,3968,0,2,3970,T
2-PB1,398,2,4013,0,0,4015,T
2-PB1,399,4040,0,1,0,4041,A
2-PB1,400,4037,0,0,0,4037,A
2-PB1,401,4045,1,2,0,4048,A
2-PB1,402,0,2,1,4050,4053,C
2-PB1,403,3975,0,1,0,3976,A
2-PB1,404,0,3,4009,0,4012,G
2-PB1,405,3992,1,1,1,3995,A
2-PB1,406,3995,0,1,1,3997,A
2-PB1,407,4000,0,1,0,4001,A
2-PB1,408,0,3963,0,1,3964,T
2-PB1,409,17,0,0,3949,3966,C
2-PB1,410,3959,2,0,0,3961,A
2-PB1,411,3959,0,2,0,3961,A
2-PB1,412,1,0,0,3946,3947,C
2-PB1,413,7,0,1,3925,3933,C
2-PB1,414,3,6,3922,2,3933,G
2-PB1,415,1,0,3943,0,3944,G
2-PB1,416,2,2,0,3943,3947,C
2-PB1,417,3945,0,0,0,3945,A
2-PB1,418,1,0,3938,0,3939,G
2-PB1,419,2,2,0,3970,3974,C
2-PB1,420,3974,2,0,0,3976,A
2-PB1,421,3979,0,2,0,3981,A
2-PB1,422,0,1,0,3988,3989,C
2-PB1,423,1,3972,0,0,3973,T
2-PB1,424,2,2,4106,0,4110,G
2-PB1,425,1,0,0,4113,4114,C
2-PB1,426,4116,1,0,0,4117,A
2-PB1,427,1,4111,0,1,4113,T
2-PB1,428,0,4055,0,0,4055,T
2-PB1,429,4272,0,0,1,4273,A
2-PB1,430,1,1,4272,0,4274,G
2-PB1,431,3,2,0,4249,4254,C
2-PB1,432,13,1,0,4237,4251,C
2-PB1,433,4096,0,3,0,4099,A
2-PB1,434,4118,1,2,0,4121,A
2-PB1,435,1,2,1,4139,4143,C
2-PB1,436,4152,0,1,0,4153,A
2-PB1,437,1,2,0,4244,4247,C
2-PB1,438,9,0,0,3952,3961,C
2-PB1,439,3960,0,3,0,3963,A
2-PB1,440,0,3956,0,2,3958,T
2-PB1,441,3955,1,1,0,3957,A
2-PB1,442,0,3,3955,0,3958,G
2-PB1,443,3925,0,0,0,3925,A
2-PB1,444,3878,0,2,0,3880,A
2-PB1,445,1,0,3908,0,3909,G
2-PB1,446,0,3783,1,1,3785,T
2-PB1,447,0,3780,0,2,3782,T
2-PB1,448,0,3774,1,0,3775,T
2-PB1,449,0,3786,0,0,3786,T
2-PB1,450,0,3799,0,0,3799,T
2-PB1,451,3793,0,1,0,3794,A
2-PB1,452,0,6,3789,0,3795,G
2-PB1,453,3778,1,0,0,3779,A
2-PB1,454,2,3757,0,1,3760,T
2-PB1,455,14,1,0,3687,3702,C
2-PB1,456,1,18,3701,1,3721,G
2-PB1,457,3718,0,0,0,3718,A
2-PB1,458,3720,0,1,0,3721,A
2-PB1,459,2,2,0,3733,3737,C
2-PB1,460,2,6,3738,1,3747,G
2-PB1,461,0,9,3888,1,3898,G
2-PB1,462,3892,2,3,0,3897,A
2-PB1,463,0,3897,0,1,3898,T
2-PB1,464,0,3896,0,1,3897,T
2-PB1,465,3889,3,6,0,3898,A
2-PB1,466,3888,0,2,1,3891,A
2-PB1,467,0,1,0,3914,3915,C
2-PB1,468,3880,1,5,1,3887,A
2-PB1,469,0,2,3930,1,3933,G
2-PB1,470,1,0,0,3778,3779,C
2-PB1,471,0,3761,1,1,3763,T
2-PB1,472,3762,0,2,0,3764,A
2-PB1,473,3760,1,2,0,3763,A
2-PB1,474,1,3753,0,1,3755,T
2-PB1,475,0,10,3789,0,3799,G
2-PB1,476,3788,1,0,0,3789,A
2-PB1,477,3789,0,0,0,3789,A
2-PB1,478,1,3703,0,0,3704,T
2-PB1,479,10,1,0,3706,3717,C
2-PB1,480,3714,0,1,0,3715,A
2-PB1,481,0,3,3706,1,3710,G
2-PB1,482,0,6,3704,0,3710,G
2-PB1,483,3702,0,1,0,3703,A
2-PB1,484,3647,0,2,0,3649,A
2-PB1,485,0,7,3773,0,3780,G
2-PB1,486,2,3,3786,0,3791,G
2-PB1,487,1,0,0,3797,3798,C
2-PB1,488,1,3796,0,2,3799,T
2-PB1,489,3800,0,0,1,3801,A
2-PB1,490,3796,2,3,0,3801,A
2-PB1,491,0,3806,0,1,3807,T
2-PB1,492,3806,0,0,0,3806,A
2-PB1,493,0,13,3801,0,3814,G
2-PB1,494,3592,0,1,0,3593,A
2-PB1,495,0,3562,0,0,3562,T
2-PB1,496,1,3552,0,1,3554,T
2-PB1,497,0,3570,0,1,3571,T
2-PB1,498,7,0,0,3640,3647,C
2-PB1,499,5,0,0,3655,3660,C
2-PB1,500,0,3661,0,2,3663,T
2-PB1,501,7,2,0,3656,3665,C
2-PB1,502,3662,2,0,2,3666,A
2-PB1,503,3668,0,0,0,3668,A
2-PB1,504,1,7,3676,1,3685,G
2-PB1,505,0,7,3722,0,3729,G
2-PB1,506,3719,0,2,0,3721,A
2-PB1,507,0,3609,0,1,3610,T
2-PB1,508,0,0,3637,0,3637,G
2-PB1,509,1,3622,0,5,3628,T
2-PB1,510,1,9,3641,0,3651,G
2-PB1,511,3649,3,0,0,3652,A
2-PB1,512,0,3637,0,2,3639,T
2-PB1,513,2,6,3612,0,3620,G
2-PB1,514,0,10,3615,0,3625,G
2-PB1,515,3619,1,3,0,3623,A
2-PB1,516,3617,0,3,1,3621,A
2-PB1,517,1,3582,0,0,3583,T
2-PB1,518,18,0,0,3571,3589,C
2-PB1,519,3538,0,0,0,3538,A
2-PB1,520,3551,0,1,0,3552,A
2-PB1,521,0,3556,0,0,3556,T
2-PB1,522,2,7,3571,0,3580,G
2-PB1,523,0,5,3579,0,3584,G
2-PB1,524,3569,0,3,0,3572,A
2-PB1,525,0,3563,1,1,3565,T
2-PB1,526,3558,0,1,0,3559,A
2-PB1,527,3554,0,1,0,3555,A
2-PB1,528,3556,0,2,0,3558,A
2-PB1,529,0,5,3574,0,3579,G
2-PB1,530,3552,2,3,0,3557,A
2-PB1,531,0,4,3533,0,3537,G
2-PB1,532,0,9,3521,0,3530,G
2-PB1,533,3519,0,2,0,3521,A
2-PB1,534,3520,0,0,0,3520,A
2-PB1,535,3525,0,2,0,3527,A
2-PB1,536,0,3525,0,3,3528,T
2-PB1,537,1,7,3565,0,3573,G
2-PB1,538,1,7,3560,1,3569,G
2-PB1,539,3517,0,4,0,3521,A
2-PB1,540,1,2,3535,0,3538,G
2-PB1,541,3500,0,1,1,3502,A
2-PB1,542,0,3564,0,0,3564,T
2-PB1,543,3554,0,2,0,3556,A
2-PB1,544,3604,1,0,1,3606,A
2-PB1,545,1,0,0,3621,3622,C
2-PB1,546,3571,0,1,0,3572,A
2-PB1,547,3574,2,3,1,3580,A
2-PB1,548,2,1,0,3584,3587,C
2-PB1,549,3547,1,1,1,3550,A
2-PB1,550,3,0,0,3543,3546,C
2-PB1,551,3468,1,2,0,3471,A
2-PB1,552,0,0,0,3498,3498,C
2-PB1,553,0,3446,0,2,3448,T
2-PB1,554,1,3438,0,3,3442,T
2-PB1,555,1,3438,0,2,3441,T
2-PB1,556,3,1,0,3438,3442,C
2-PB1,557,3438,1,2,0,3441,A
2-PB1,558,3437,2,2,0,3441,A
2-PB1,559,3448,0,2,0,3450,A
2-PB1,560,0,5,3473,0,3478,G
2-PB1,561,3423,1,1,0,3425,A
2-PB1,562,3439,0,2,0,3441,A
2-PB1,563,3432,0,0,0,3432,A
2-PB1,564,3440,0,0,0,3440,A
2-PB1,565,3436,0,2,0,3438,A
2-PB1,566,3,4,3458,0,3465,G
2-PB1,567,0,11,3459,0,3470,G
2-PB1,568,3415,0,9,0,3424,A
2-PB1,569,1,9,3490,0,3500,G
2-PB1,570,3487,0,10,0,3497,A
2-PB1,571,1,1,3609,0,3611,G
2-PB1,572,1,3598,0,2,3601,T
2-PB1,573,3602,0,2,0,3604,A
2-PB1,574,3604,3,5,0,3612,A
2-PB1,575,1,6,3617,0,3624,G
2-PB1,576,1,5,3641,0,3647,G
2-PB1,577,3,18,3621,0,3642,G
2-PB1,578,3590,0,3,1,3594,A
2-PB1,579,0,3,0,3615,3618,C
2-PB1,580,3518,0,3,0,3521,A
2-PB1,581,3539,0,1,0,3540,A
2-PB1,582,1,0,0,3531,3532,C
2-PB1,583,3519,1,0,0,3520,A
2-PB1,584,0,3485,0,0,3485,T
2-PB1,585,3,33,3422,1,3459,G
2-PB1,586,3453,1,8,0,3462,A
2-PB1,587,1,0,1,3451,3453,C
2-PB1,588,5,2,0,3408,3415,C
2-PB1,589,3415,1,2,0,3418,A
2-PB1,590,3421,0,0,0,3421,A
2-PB1,591,0,7,3433,0,3440,G
2-PB1,592,3442,0,2,0,3444,A
2-PB1,593,3441,0,1,0,3442,A
2-PB1,594,3418,1,1,0,3420,A
2-PB1,595,3419,2,1,0,3422,A
2-PB1,596,0,3427,0,1,3428,T
2-PB1,597,2,9,3424,0,3435,G
2-PB1,598,0,1,3441,0,3442,G
2-PB1,599,0,3398,0,2,3400,T
2-PB1,600,13,1,0,3364,3378,C
2-PB1,601,3405,0,0,0,3405,A
2-PB1,602,0,0,0,3780,3780,C
2-PB1,603,3877,2,1,0,3880,A
2-PB1,604,2,1,0,3918,3921,C
2-PB1,605,3903,1,0,0,3904,A
2-PB1,606,4165,1,5,0,4171,A
2-PB1,607,4150,0,2,2,4154,A
2-PB1,608,2,13,4424,0,4439,G
2-PB1,609,939,12,3332,0,4283,G
2-PB1,610,4426,2,0,0,4428,A
2-PB1,611,1,2,1,4633,4637,C
2-PB1,612,4650,0,1,0,4651,A
2-PB1,613,4701,0,0,0,4701,A
2-PB1,614,2,4683,0,0,4685,T
2-PB1,615,4619,1,1,0,4621,A
2-PB1,616,1,8,4625,0,4634,G
2-PB1,617,1,4,4474,0,4479,G
2-PB1,618,2,5,4470,0,4477,G
2-PB1,619,4471,0,1,0,4472,A
2-PB1,620,4414,2,3,0,4419,A
2-PB1,621,1,9,4468,0,4478,G
2-PB1,622,4473,0,2,0,4475,A
2-PB1,623,4485,0,3,0,4488,A
2-PB1,624,4507,0,1,0,4508,A
2-PB1,625,4534,0,0,1,4535,A
2-PB1,626,4672,1,1,0,4674,A
2-PB1,627,4679,0,2,2,4683,A
2-PB1,628,0,0,0,4693,4693,C
2-PB1,629,4684,1,2,0,4687,A
2-PB1,630,4685,1,1,1,4688,A
2-PB1,631,4674,0,5,0,4679,A
2-PB1,632,0,17,4775,0,4792,G
2-PB1,633,4777,1,1,0,4779,A
2-PB1,634,0,0,5077,0,5077,G
2-PB1,635,0,5028,1,1,5030,T
2-PB1,636,0,30,6053,0,6083,G
2-PB1,637,6084,3,8,0,6095,A
2-PB1,638,6098,2,3,0,6103,A
2-PB1,639,0,6207,0,1,6208,T
2-PB1,640,6230,0,10,1,6241,A
2-PB1,641,6262,0,5,1,6268,A
2-PB1,642,2,26,6253,0,6281,G
2-PB1,643,6188,1,5,1,6195,A
2-PB1,644,1,20,6201,0,6222,G
2-PB1,645,5966,0,5,1,5972,A
2-PB1,646,1,11,6001,1,6014,G
2-PB1,647,2,1,6010,0,6013,G
2-PB1,648,0,1,0,6026,6027,C
2-PB1,649,1,6032,0,1,6034,T
2-PB1,650,6271,0,0,0,6271,A
2-PB1,651,3,1,0,6665,6669,C
2-PB1,652,15,1,0,6666,6682,C
2-PB1,653,3,6732,0,3,6738,T
2-PB1,654,7030,0,1,0,7031,A
2-PB1,655,7025,2,3,2,7032,A
2-PB1,656,1,7039,1,1,7042,T
2-PB1,657,7015,0,1,2,7018,A
2-PB1,658,7004,1,3,1,7009,A
2-PB1,659,0,16,7017,0,7033,G
2-PB1,660,6885,1,9,2,6897,A
2-PB1,661,1,3,6955,0,6959,G
2-PB1,662,1,2,0,7002,7005,C
2-PB1,663,1,6916,0,5,6922,T
2-PB1,664,2,6954,0,3,6959,T
2-PB1,665,0,6956,0,4,6960,T
2-PB1,666,1,55,6905,0,6961,G
2-PB1,667,7090,1,2,1,7094,A
2-PB1,668,2,0,1,7126,7129,C
2-PB1,669,7108,0,5,0,7113,A
2-PB1,670,0,7099,0,6,7105,T
2-PB1,671,1,7065,1,5,7072,T
2-PB1,672,3,47,7191,0,7241,G
2-PB1,673,7214,3,8,1,7226,A
2-PB1,674,7235,0,9,0,7244,A
2-PB1,675,2,1,0,7269,7272,C
2-PB1,676,7215,0,3,0,7218,A
2-PB1,677,0,5,0,7225,7230,C
2-PB1,678,1,19,7202,1,7223,G
2-PB1,679,7252,0,10,1,7263,A
2-PB1,680,2,7263,0,2,7267,T
2-PB1,681,3,65,7368,1,7437,G
2-PB1,682,7455,2,6,0,7463,A
2-PB1,683,4,2,0,7478,7484,C
2-PB1,684,15,0,1,7461,7477,C
2-PB1,685,7485,2,3,0,7490,A
2-PB1,686,7602,1,6,0,7609,A
2-PB1,687,7617,0,3,1,7621,A
2-PB1,688,1,8,7819,0,7828,G
2-PB1,689,7905,0,6,0,7911,A
2-PB1,690,0,7838,2,2,7842,T
2-PB1,691,12,7,7831,1,7851,G
2-PB1,692,1,4,0,7844,7849,C
2-PB1,693,7812,5,10,2,7829,A
2-PB1,694,3,17,7882,0,7902,G
2-PB1,695,7824,0,6,1,7831,A
2-PB1,696,0,28,7820,1,7849,G
2-PB1,697,7685,4,3,0,7692,A
2-PB1,698,0,7,7677,0,7684,G
2-PB1,699,7610,4,13,0,7627,A
2-PB1,700,2,16,7627,1,7646,G
2-PB1,701,2,3,7647,0,7652,G
2-PB1,702,5,2,0,7627,7634,C
2-PB1,703,7597,1,4,0,7602,A
2-PB1,704,7635,0,1,0,7636,A
2-PB1,705,7670,2,1,0,7673,A
2-PB1,706,0,7721,0,1,7722,T
2-PB1,707,0,7702,1,1,7704,T
2-PB1,708,7719,3,4,0,7726,A
2-PB1,709,7708,0,2,4,7714,A
2-PB1,710,7733,1,3,0,7737,A
2-PB1,711,7766,1,1,1,7769,A
2-PB1,712,7759,1,4,0,7764,A
2-PB1,713,4,11,7790,0,7805,G
2-PB1,714,7730,3,2,1,7736,A
2-PB1,715,7718,4,8,1,7731,A
2-PB1,716,2,25,7823,0,7850,G
2-PB1,717,3,14,8002,0,8019,G
2-PB1,718,5,3,8026,0,8034,G
2-PB1,719,1,1,0,8093,8095,C
2-PB1,720,1,8083,0,3,8087,T
2-PB1,721,8149,1,1,0,8151,A
2-PB1,722,0,8287,1,2,8290,T
2-PB1,723,0,8310,0,0,8310,T
2-PB1,724,3,5,8332,0,8340,G
2-PB1,725,3,9,3,8297,8312,C
2-PB1,726,8121,1,11,0,8133,A
2-PB1,727,8150,1,9,0,8160,A
2-PB1,728,2,0,0,8162,8164,C
2-PB1,729,8157,1,1,0,8159,A
2-PB1,730,1,0,0,8180,8181,C
2-PB1,731,8,3,0,8027,8038,C
2-PB1,732,14,2,0,8034,8050,C
2-PB1,733,2,21,8011,0,8034,G
2-PB1,734,4,13,8052,0,8069,G
2-PB1,735,1,12,8061,2,8076,G
2-PB1,736,8107,1,6,1,8115,A
2-PB1,737,2,8082,0,2,8086,T
2-PB1,738,2,3,8121,1,8127,G
2-PB1,739,2,3,0,8105,8110,C
2-PB1,740,8208,5,5,0,8218,A
2-PB1,741,8364,4,0,3,8371,A
2-PB1,742,8478,1,0,2,8481,A
2-PB1,743,0,8498,1,3,8502,T
2-PB1,744,0,8487,0,4,8491,T
2-PB1,745,8462,0,3,0,8465,A
2-PB1,746,1,9,8456,0,8466,G
2-PB1,747,8403,1,13,0,8417,A
2-PB1,748,5,23,8428,0,8456,G
2-PB1,749,4,21,8347,0,8372,G
2-PB1,750,2,1,8569,1,8573,G
2-PB1,751,0,8578,0,3,8581,T
2-PB1,752,3,8565,0,5,8573,T
2-PB1,753,28,6,0,8578,8612,C
2-PB1,754,8,0,8708,0,8716,G
2-PB1,755,0,8691,1,6,8698,T
2-PB1,756,3,5,8714,0,8722,G
2-PB1,757,0,8692,0,7,8699,T
2-PB1,758,8671,1,0,0,8672,A
2-PB1,759,2,28,0,8623,8653,C
2-PB1,760,1,8325,0,5,8331,T
2-PB1,761,2,8358,0,5,8365,T
2-PB1,762,12,3,0,8317,8332,C
2-PB1,763,3,1,8298,2,8304,G
2-PB1,764,1,8282,0,1,8284,T
2-PB1,765,1,8272,1,5,8279,T
2-PB1,766,1,26,8259,0,8286,G
2-PB1,767,8274,1,3,0,8278,A
2-PB1,768,8262,1,9,0,8272,A
2-PB1,769,8337,0,7,1,8345,A
2-PB1,770,0,0,1,8384,8385,C
2-PB1,771,1,8328,1,1,8331,T
2-PB1,772,1,8293,0,3,8297,T
2-PB1,773,0,8312,0,0,8312,T
2-PB1,774,8471,1,5,0,8477,A
2-PB1,775,3,1,8498,0,8502,G
2-PB1,776,3,1,0,8519,8523,C
2-PB1,777,0,8499,0,10,8509,T
2-PB1,778,8454,0,1,0,8455,A
2-PB1,779,0,12,8435,0,8447,G
2-PB1,780,8439,1,3,0,8443,A
2-PB1,781,8426,0,8,0,8434,A
2-PB1,782,0,6,8458,0,8464,G
2-PB1,783,4,4,0,8361,8369,C
2-PB1,784,8353,1,4,0,8358,A
2-PB1,785,1,8338,0,1,8340,T
2-PB1,786,1,8323,1,3,8328,T
2-PB1,787,1,8338,0,2,8341,T
2-PB1,788,1,4,8367,0,8372,G
2-PB1,789,3,8,1,8349,8361,C
2-PB1,790,2,26,8343,0,8371,G
2-PB1,791,8343,0,1,0,8344,A
2-PB1,792,8310,1,3,0,8314,A
2-PB1,793,8245,1,94,1,8341,A
2-PB1,794,8566,0,6,1,8573,A
2-PB1,795,1,0,8685,0,8686,G
2-PB1,796,0,0,0,8693,8693,C
2-PB1,797,2,8688,0,3,8693,T
2-PB1,798,1,8687,0,3,8691,T
2-PB1,799,0,53,8649,1,8703,G
2-PB1,800,8683,4,12,0,8699,A
2-PB1,801,8704,2,4,0,8710,A
2-PB1,802,1,2,0,8743,8746,C
2-PB1,803,8526,0,1,0,8527,A
2-PB1,804,0,0,9371,0,9371,G
2-PB1,805,3,9303,0,1,9307,T
2-PB1,806,37,1,2,9280,9320,C
2-PB1,807,0,9303,0,6,9309,T
2-PB1,808,2,18,9317,0,9337,G
2-PB1,809,0,28,9322,0,9350,G
2-PB1,810,9358,3,4,0,9365,A
2-PB1,811,0,2,0,9389,9391,C
2-PB1,812,1,9106,0,3,9110,T
2-PB1,813,2,8598,3,5,8608,T
2-PB1,814,12,2,0,8599,8613,C
2-PB1,815,7,8,0,8595,8610,C
2-PB1,816,5,14,8638,0,8657,G
2-PB1,817,1,1,8695,0,8697,G
2-PB1,818,2,8675,1,3,8681,T
2-PB1,819,1,8651,0,8,8660,T
2-PB1,820,2,14,8598,1,8615,G
2-PB1,821,1,15,8652,0,8668,G
2-PB1,822,3,13,8701,1,8718,G
2-PB1,823,1,23,8692,2,8718,G
2-PB1,824,3,2,8759,0,8764,G
2-PB1,825,1,8707,0,5,8713,T
2-PB1,826,8710,1,6,0,8717,A
2-PB1,827,8765,2,4,0,8771,A
2-PB1,828,0,8783,0,1,8784,T
2-PB1,829,3,36,8759,1,8799,G
2-PB1,830,8714,2,4,0,8720,A
2-PB1,831,8646,4,3,2,8655,A
2-PB1,832,8672,0,3,1,8676,A
2-PB1,833,8641,2,3,0,8646,A
2-PB1,834,0,5,8635,0,8640,G
2-PB1,835,8556,1,4,0,8561,A
2-PB1,836,8508,0,9,1,8518,A
2-PB1,837,1,10,8546,0,8557,G
2-PB1,838,1,3,8533,0,8537,G
2-PB1,839,1,2,0,8512,8515,C
2-PB1,840,19,0,1,8492,8512,C
2-PB1,841,8538,1,4,0,8543,A
2-PB1,842,8541,1,3,1,8546,A
2-PB1,843,8537,3,3,1,8544,A
2-PB1,844,1,3,0,8540,8544,C
2-PB1,845,1,8533,2,5,8541,T
2-PB1,846,8,19,8622,0,8649,G
2-PB1,847,2,5,8628,0,8635,G
2-PB1,848,3,2,1,8642,8648,C
2-PB1,849,8663,0,3,1,8667,A
2-PB1,850,8649,3,1,0,8653,A
2-PB1,851,8677,0,1,0,8678,A
2-PB1,852,0,8680,1,0,8681,T
2-PB1,853,3,4,8688,0,8695,G
2-PB1,854,1,8643,1,2,8647,T
2-PB1,855,0,8467,1,3,8471,T
2-PB1,856,2,0,8476,0,8478,G
2-PB1,857,1,8452,1,2,8456,T
2-PB1,858,3,29,8448,1,8481,G
2-PB1,859,8460,0,12,0,8472,A
2-PB1,860,1,16,8493,0,8510,G
2-PB1,861,8487,1,6,1,8495,A
2-PB1,862,8443,2,0,0,8445,A
2-PB1,863,8439,1,6,0,8446,A
2-PB1,864,8481,2,1,2,8486,A
2-PB1,865,8528,0,8,0,8536,A
2-PB1,866,0,8515,0,2,8517,T
2-PB1,867,1,10,8494,0,8505,G
2-PB1,868,8489,3,9,0,8501,A
2-PB1,869,3,8418,1,3,8425,T
2-PB1,870,1,52,8453,0,8506,G
2-PB1,871,8494,2,8,0,8504,A
2-PB1,872,0,4,0,8594,8598,C
2-PB1,873,0,8564,0,3,8567,T
2-PB1,874,8546,1,2,0,8549,A
2-PB1,875,8646,0,2,1,8649,A
2-PB1,876,1,8622,4,4,8631,T
2-PB1,877,3,8722,1,6,8732,T
2-PB1,878,41,6,1,8747,8795,C
2-PB1,879,8763,4,1,0,8768,A
2-PB1,880,2,3,2,8778,8785,C
2-PB1,881,8674,1,6,0,8681,A
2-PB1,882,8683,2,9,1,8695,A
2-PB1,883,1,31,8682,0,8714,G
2-PB1,884,8784,4,17,0,8805,A
2-PB1,885,1,2,0,8785,8788,C
2-PB1,886,8721,0,4,1,8726,A
2-PB1,887,1,1,1,8709,8712,C
2-PB1,888,8632,0,4,0,8636,A
2-PB1,889,1,17,8662,2,8682,G
2-PB1,890,8644,1,6,1,8652,A
2-PB1,891,0,4,8661,0,8665,G
2-PB1,892,2,2,1,8628,8633,C
2-PB1,893,0,8443,1,15,8459,T
2-PB1,894,0,8577,1,2,8580,T
2-PB1,895,1,8561,0,4,8566,T
2-PB1,896,12,0,0,8609,8621,C
2-PB1,897,2,8587,0,9,8598,T
2-PB1,898,1,8571,1,3,8576,T
2-PB1,899,0,8560,1,8,8569,T
2-PB1,900,21,1,1,8563,8586,C
2-PB1,901,8564,1,7,1,8573,A
2-PB1,902,1,4,0,8616,8621,C
2-PB1,903,8517,0,1,0,8518,A
2-PB1,904,8579,0,1,0,8580,A
2-PB1,905,1,8662,1,3,8667,T
2-PB1,906,37,0,0,8750,8787,C
2-PB1,907,8834,0,2,0,8836,A
2-PB1,908,1,9,0,8867,8877,C
2-PB1,909,0,8814,1,2,8817,T
2-PB1,910,7,11,8837,1,8856,G
2-PB1,911,1,22,8783,0,8806,G
2-PB1,912,1,17,9041,1,9060,G
2-PB1,913,0,25,9028,0,9053,G
2-PB1,914,8922,3,10,0,8935,A
2-PB1,915,3,0,0,8573,8576,C
2-PB1,916,8678,1,5,0,8684,A
2-PB1,917,9217,3,6,1,9227,A
2-PB1,918,2,0,1,9308,9311,C
2-PB1,919,9295,2,5,0,9302,A
2-PB1,920,1,0,0,9304,9305,C
2-PB1,921,0,8968,0,4,8972,T
2-PB1,922,8996,1,0,1,8998,A
2-PB1,923,8992,1,5,0,8998,A
2-PB1,924,1,3,9071,0,9075,G
2-PB1,925,1,8993,0,3,8997,T
2-PB1,926,1,23,8393,0,8417,G
2-PB1,927,1,23,8348,1,8373,G
2-PB1,928,8319,0,3,1,8323,A
2-PB1,929,8347,1,1,1,8350,A
2-PB1,930,1,8333,0,2,8336,T
2-PB1,931,1,32,8300,1,8334,G
2-PB1,932,8328,0,7,1,8336,A
2-PB1,933,8211,2,7,0,8220,A
2-PB1,934,8248,0,11,0,8259,A
2-PB1,935,8274,2,5,0,8281,A
2-PB1,936,1,8249,2,1,8253,T
2-PB1,937,47,0,0,8214,8261,C
2-PB1,938,8245,1,0,1,8247,A
2-PB1,939,8251,0,1,0,8252,A
2-PB1,940,8220,0,5,1,8226,A
2-PB1,941,8230,0,2,0,8232,A
2-PB1,942,3,2,0,8273,8278,C
2-PB1,943,12,0,2,8209,8223,C
2-PB1,944,13,1,1,8189,8204,C
2-PB1,945,15,7,0,8145,8167,C
2-PB1,946,15,3,1,8223,8242,C
2-PB1,947,4,18,8225,2,8249,G
2-PB1,948,8229,1,3,1,8234,A
2-PB1,949,8236,0,2,1,8239,A
2-PB1,950,1,8260,0,2,8263,T
2-PB1,951,5,1,8299,0,8305,G
2-PB1,952,2,8191,3,8,8204,T
2-PB1,953,2,8228,2,7,8239,T
2-PB1,954,1,8221,0,2,8224,T
2-PB1,955,1,8241,0,1,8243,T
2-PB1,956,1,8241,0,4,8246,T
2-PB1,957,2,15,8238,0,8255,G
2-PB1,958,0,1,8225,0,8226,G
2-PB1,959,3,10,0,8202,8215,C
2-PB1,960,3,14,8108,0,8125,G
2-PB1,961,8120,2,1,1,8124,A
2-PB1,962,1,8362,0,0,8363,T
2-PB1,963,3,30,8654,1,8688,G
2-PB1,964,9092,2,3,0,9097,A
2-PB1,965,2,9122,1,4,9129,T
2-PB1,966,0,9130,1,4,9135,T
2-PB1,967,9189,0,13,2,9204,A
2-PB1,968,2,3,0,9206,9211,C
2-PB1,969,9247,0,4,0,9251,A
2-PB1,970,0,9230,0,7,9237,T
2-PB1,971,8799,0,10,0,8809,A
2-PB1,972,2,3,1,8894,8900,C
2-PB1,973,8152,1,4,0,8157,A
2-PB1,974,1,8144,0,5,8150,T
2-PB1,975,15,2,0,8113,8130,C
2-PB1,976,8104,0,2,0,8106,A
2-PB1,977,0,1,0,8127,8128,C
2-PB1,978,8085,2,2,1,8090,A
2-PB1,979,8093,2,2,1,8098,A
2-PB1,980,8075,1,4,1,8081,A
2-PB1,981,2,21,7831,1,7855,G
2-PB1,982,8211,0,4,1,8216,A
2-PB1,983,8227,3,10,2,8242,A
2-PB1,984,0,8228,0,3,8231,T
2-PB1,985,43,5,2,8186,8236,C
2-PB1,986,8265,0,11,2,8278,A
2-PB1,987,8316,1,3,0,8320,A
2-PB1,988,1,3,0,8327,8331,C
2-PB1,989,11,0,1,8320,8332,C
2-PB1,990,1,7947,0,2,7950,T
2-PB1,991,1,16,7994,2,8013,G
2-PB1,992,7961,1,6,5,7973,A
2-PB1,993,3,1,7982,0,7986,G
2-PB1,994,0,7964,0,2,7966,T
2-PB1,995,2,17,7804,0,7823,G
2-PB1,996,4,1,8245,0,8250,G
2-PB1,997,2,8214,0,8,8224,T
2-PB1,998,0,8203,0,5,8208,T
2-PB1,999,32,1,1,8197,8231,C
2-PB1,1000,8142,2,5,1,8150,A
2-PB1,1001,1,14,8311,0,8326,G
2-PB1,1002,8302,1,19,0,8322,A
2-PB1,1003,8336,1,5,0,8342,A
2-PB1,1004,8297,3,1,1,8302,A
2-PB1,1005,1,2,0,7724,7727,C
2-PB1,1006,7785,0,4,0,7789,A
2-PB1,1007,2,7774,1,2,7779,T
2-PB1,1008,14,1,0,7832,7847,C
2-PB1,1009,6,3,1,7846,7856,C
2-PB1,1010,1,7651,1,4,7657,T
2-PB1,1011,3,29,7654,1,7687,G
2-PB1,1012,7647,1,4,0,7652,A
2-PB1,1013,0,8,7771,1,7780,G
2-PB1,1014,5,5,0,7730,7740,C
2-PB1,1015,7519,2,4,0,7525,A
2-PB1,1016,1,7540,0,3,7544,T
2-PB1,1017,12,4,0,7455,7471,C
2-PB1,1018,5,4,7459,3,7471,G
2-PB1,1019,1,2,0,7535,7538,C
2-PB1,1020,7552,5,0,1,7558,A
2-PB1,1021,2,1,0,7530,7533,C
2-PB1,1022,10,1,0,7417,7428,C
2-PB1,1023,5,18,7399,0,7422,G
2-PB1,1024,7795,2,1,0,7798,A
2-PB1,1025,0,7790,0,1,7791,T
2-PB1,1026,7785,0,5,1,7791,A
2-PB1,1027,7798,2,2,0,7802,A
2-PB1,1028,0,7712,0,1,7713,T
2-PB1,1029,1,2,7743,1,7747,G
2-PB1,1030,2,7591,0,6,7599,T
2-PB1,1031,1,7531,0,22,7554,T
2-PB1,1032,38,1,0,7545,7584,C
2-PB1,1033,2,7518,0,5,7525,T
2-PB1,1034,23,0,0,7519,7542,C
2-PB1,1035,7543,2,1,0,7546,A
2-PB1,1036,7540,0,4,0,7544,A
2-PB1,1037,7538,2,6,3,7549,A
2-PB1,1038,1,2,0,7556,7559,C
2-PB1,1039,7527,1,3,1,7532,A
2-PB1,1040,7512,0,2,0,7514,A
2-PB1,1041,7493,3,1,2,7499,A
2-PB1,1042,7508,0,7,3,7518,A
2-PB1,1043,0,7550,0,4,7554,T
2-PB1,1044,4,32,7520,1,7557,G
2-PB1,1045,2,3,7536,0,7541,G
2-PB1,1046,2,2,0,7537,7541,C
2-PB1,1047,7517,0,10,1,7528,A
2-PB1,1048,7533,3,9,0,7545,A
2-PB1,1049,3,13,7529,0,7545,G
2-PB1,1050,7520,1,6,1,7528,A
2-PB1,1051,0,7462,1,1,7464,T
2-PB1,1052,1,7584,0,0,7585,T
2-PB1,1053,0,6,7626,0,7632,G
2-PB1,1054,1,9,7646,0,7656,G
2-PB1,1055,1,16,7664,0,7681,G
2-PB1,1056,7669,1,8,0,7678,A
2-PB1,1057,7656,1,1,1,7659,A
2-PB1,1058,7615,0,5,0,7620,A
2-PB1,1059,7585,3,7,1,7596,A
2-PB1,1060,5,14,7839,0,7858,G
2-PB1,1061,0,9,7861,0,7870,G
2-PB1,1062,7873,3,6,0,7882,A
2-PB1,1063,2,7831,1,4,7838,T
2-PB1,1064,7814,2,6,0,7822,A
2-PB1,1065,4,2,0,7830,7836,C
2-PB1,1066,7916,2,2,1,7921,A
2-PB1,1067,1,7907,0,1,7909,T
2-PB1,1068,1,1,7955,0,7957,G
2-PB1,1069,1,7773,0,9,7783,T
2-PB1,1070,4,7777,0,3,7784,T
2-PB1,1071,42,5,1,7721,7769,C
2-PB1,1072,1,30,7746,0,7777,G
2-PB1,1073,7796,1,8,0,7805,A
2-PB1,1074,4,23,7917,1,7945,G
2-PB1,1075,7838,0,8,1,7847,A
2-PB1,1076,2,4,7928,0,7934,G
2-PB1,1077,2,7882,0,2,7886,T
2-PB1,1078,7858,1,3,2,7864,A
2-PB1,1079,7875,1,11,2,7889,A
2-PB1,1080,1,17,7904,0,7922,G
2-PB1,1081,7905,0,11,0,7916,A
2-PB1,1082,1,20,7998,0,8019,G
2-PB1,1083,7798,2,3,1,7804,A
2-PB1,1084,7848,0,2,1,7851,A
2-PB1,1085,0,7775,0,2,7777,T
2-PB1,1086,1,25,7744,1,7771,G
2-PB1,1087,7761,1,8,2,7772,A
2-PB1,1088,7718,2,8,1,7729,A
2-PB1,1089,1,2,7744,0,7747,G
2-PB1,1090,3,0,0,7711,7714,C
2-PB1,1091,1,7609,0,3,7613,T
2-PB1,1092,10,4,0,7629,7643,C
2-PB1,1093,15,7,1,7609,7632,C
2-PB1,1094,9,13,7644,0,7666,G
2-PB1,1095,2,16,7668,0,7686,G
2-PB1,1096,7693,3,7,1,7704,A
2-PB1,1097,2,5,0,7781,7788,C
2-PB1,1098,7795,2,3,0,7800,A
2-PB1,1099,1,4,0,7876,7881,C
2-PB1,1100,7866,1,3,0,7870,A
2-PB1,1101,7873,0,5,0,7878,A
2-PB1,1102,7872,2,3,0,7877,A
2-PB1,1103,3,7874,0,1,7878,T
2-PB1,1104,7881,0,10,0,7891,A
2-PB1,1105,4,0,0,7876,7880,C
2-PB1,1106,10,0,0,7823,7833,C
2-PB1,1107,2,7736,0,8,7746,T
2-PB1,1108,3,3,7783,0,7789,G
2-PB1,1109,5,2,0,7791,7798,C
2-PB1,1110,7794,1,2,0,7797,A
2-PB1,1111,1,14,7785,0,7800,G
2-PB1,1112,7778,0,1,1,7780,A
2-PB1,1113,7776,1,1,1,7779,A
2-PB1,1114,7805,0,5,0,7810,A
2-PB1,1115,0,7791,1,0,7792,T
2-PB1,1116,0,3,7805,0,7808,G
2-PB1,1117,2,1,0,7782,7785,C
2-PB1,1118,0,7760,2,7,7769,T
2-PB1,1119,7907,2,4,0,7913,A
2-PB1,1120,4,3,7907,0,7914,G
2-PB1,1121,3,1,0,7897,7901,C
2-PB1,1122,7899,1,6,0,7906,A
2-PB1,1123,7882,1,3,0,7886,A
2-PB1,1124,2,2,7850,0,7854,G
2-PB1,1125,5,2,0,7838,7845,C
2-PB1,1126,7734,0,1,1,7736,A
2-PB1,1127,3,7886,0,5,7894,T
2-PB1,1128,1,7877,0,6,7884,T
2-PB1,1129,1,35,8092,0,8128,G
2-PB1,1130,8173,2,15,1,8191,A
2-PB1,1131,3,1,0,8164,8168,C
2-PB1,1132,12,1,1,8189,8203,C
2-PB1,1133,1,8022,1,11,8035,T
2-PB1,1134,2,17,8159,0,8178,G
2-PB1,1135,8193,0,8,0,8201,A
2-PB1,1136,8194,2,6,1,8203,A
2-PB1,1137,0,2,8301,0,8303,G
2-PB1,1138,2,8034,1,2,8039,T
2-PB1,1139,8056,0,4,1,8061,A
2-PB1,1140,1,7999,0,5,8005,T
2-PB1,1141,1,8001,3,1,8006,T
2-PB1,1142,2,7997,1,3,8003,T
2-PB1,1143,31,0,2,7864,7897,C
2-PB1,1144,7904,1,5,0,7910,A
2-PB1,1145,7913,0,1,0,7914,A
2-PB1,1146,0,7809,2,2,7813,T
2-PB1,1147,4,39,7794,1,7838,G
2-PB1,1148,7761,0,6,1,7768,A
2-PB1,1149,7781,2,3,1,7787,A
2-PB1,1150,3,7764,2,3,7772,T
2-PB1,1151,29,0,0,7796,7825,C
2-PB1,1152,7816,2,2,1,7821,A
2-PB1,1153,7833,0,1,1,7835,A
2-PB1,1154,3,1,1,7824,7829,C
2-PB1,1155,7818,1,3,1,7823,A
2-PB1,1156,7792,1,5,1,7799,A
2-PB1,1157,4,8,7791,1,7804,G
2-PB1,1158,1,12,7845,0,7858,G
2-PB1,1159,7838,2,5,1,7846,A
2-PB1,1160,7821,1,7,0,7829,A
2-PB1,1161,0,10,7827,1,7838,G
2-PB1,1162,7783,3,20,3,7809,A
2-PB1,1163,7821,0,2,1,7824,A
2-PB1,1164,7819,1,2,1,7823,A
2-PB1,1165,7802,1,6,12,7821,A
2-PB1,1166,0,7793,0,0,7793,T
2-PB1,1167,0,7728,0,3,7731,T
2-PB1,1168,0,21,7721,0,7742,G
2-PB1,1169,7716,2,12,0,7730,A
2-PB1,1170,2,20,7733,0,7755,G
2-PB1,1171,7745,1,2,0,7748,A
2-PB1,1172,7819,0,1,0,7820,A
2-PB1,1173,7923,0,1,5,7929,A
2-PB1,1174,7964,1,0,1,7966,A
2-PB1,1175,0,7957,1,2,7960,T
2-PB1,1176,7957,1,1,1,7960,A
2-PB1,1177,7937,1,15,3,7956,A
2-PB1,1178,2,14,7961,0,7977,G
2-PB1,1179,1,4,7972,0,7977,G
2-PB1,1180,3,3,2,7938,7946,C
2-PB1,1181,16,1,0,7900,7917,C
2-PB1,1182,1,7875,2,6,7884,T
2-PB1,1183,14,0,0,8864,8878,C
2-PB1,1184,1,8976,1,11,8989,T
2-PB1,1185,2,9024,0,4,9030,T
2-PB1,1186,6,2,0,9170,9178,C
2-PB1,1187,1,9140,1,6,9148,T
2-PB1,1188,9172,0,0,0,9172,A
2-PB1,1189,9190,0,5,0,9195,A
2-PB1,1190,0,9196,1,1,9198,T
2-PB1,1191,9235,0,3,1,9239,A
2-PB1,1192,1,14,9001,0,9016,G
2-PB1,1193,8177,1,2,0,8180,A
2-PB1,1194,0,8172,1,3,8176,T
2-PB1,1195,3,34,8008,1,8046,G
2-PB1,1196,5,2,8136,1,8144,G
2-PB1,1197,6,5,0,8108,8119,C
2-PB1,1198,8127,0,6,0,8133,A
2-PB1,1199,0,3,0,8162,8165,C
2-PB1,1200,8054,0,9,1,8064,A
2-PB1,1201,3,6,8335,1,8345,G
2-PB1,1202,4,2,1,8319,8326,C
2-PB1,1203,8329,1,8,1,8339,A
2-PB1,1204,2,8547,0,10,8559,T
2-PB1,1205,18,0,0,8454,8472,C
2-PB1,1206,8537,0,2,1,8540,A
2-PB1,1207,0,8534,0,5,8539,T
2-PB1,1208,2,8480,0,2,8484,T
2-PB1,1209,0,18,8447,0,8465,G
2-PB1,1210,8180,3,11,0,8194,A
2-PB1,1211,1,1,8424,0,8426,G
2-PB1,1212,2,0,0,8404,8406,C
2-PB1,1213,12,4,0,8284,8300,C
2-PB1,1214,18,2,0,8355,8375,C
2-PB1,1215,2,8327,0,6,8335,T
2-PB1,1216,2,7,8592,1,8602,G
2-PB1,1217,2,13,8718,1,8734,G
2-PB1,1218,8716,2,10,0,8728,A
2-PB1,1219,8849,0,2,0,8851,A
2-PB1,1220,4,8575,1,4,8584,T
2-PB1,1221,0,16,8742,0,8758,G
2-PB1,1222,8860,0,8,1,8869,A
2-PB1,1223,0,8824,0,6,8830,T
2-PB1,1224,6,11,8817,0,8834,G
2-PB1,1225,8718,1,4,2,8725,A
2-PB1,1226,0,8600,0,4,8604,T
2-PB1,1227,1,21,8586,1,8609,G
2-PB1,1228,1,13,8711,0,8725,G
2-PB1,1229,3,1,8718,0,8722,G
2-PB1,1230,2,6,1,8656,8665,C
2-PB1,1231,8651,1,3,0,8655,A
2-PB1,1232,1,8663,0,9,8673,T
2-PB1,1233,3,2,8875,1,8881,G
2-PB1,1234,2,8862,1,14,8879,T
2-PB1,1235,1,8904,0,7,8912,T
2-PB1,1236,49,4,2,8879,8934,C
2-PB1,1237,8873,1,3,0,8877,A
2-PB1,1238,8892,2,6,0,8900,A
2-PB1,1239,2,4,0,8898,8904,C
2-PB1,1240,8925,1,4,0,8930,A
2-PB1,1241,0,8927,0,4,8931,T
2-PB1,1242,4,4,8935,1,8944,G
2-PB1,1243,2,2,0,8927,8931,C
2-PB1,1244,0,8930,0,1,8931,T
2-PB1,1245,9008,0,1,0,9009,A
2-PB1,1246,8994,1,5,0,9000,A
2-PB1,1247,3,1,9132,0,9136,G
2-PB1,1248,4,9122,0,2,9128,T
2-PB1,1249,9069,1,2,0,9072,A
2-PB1,1250,3,6,0,9097,9106,C
2-PB1,1251,1,29,9025,0,9055,G
2-PB1,1252,3,1,9518,0,9522,G
2-PB1,1253,0,9497,2,2,9501,T
2-PB1,1254,1,9454,0,1,9456,T
2-PB1,1255,3,9440,0,6,9449,T
2-PB1,1256,0,9400,1,1,9402,T
2-PB1,1257,9390,0,12,0,9402,A
2-PB1,1258,2,10,9391,1,9404,G
2-PB1,1259,0,32,9359,0,9391,G
2-PB1,1260,9142,1,7,0,9150,A
2-PB1,1261,1,2,9073,0,9076,G
2-PB1,1262,5,9114,0,6,9125,T
2-PB1,1263,38,1,0,9110,9149,C
2-PB1,1264,2,9148,0,5,9155,T
2-PB1,1265,18,4,1,9130,9153,C
2-PB1,1266,4,22,9142,0,9168,G
2-PB1,1267,9392,2,2,1,9397,A
2-PB1,1268,0,9406,0,2,9408,T
2-PB1,1269,9452,1,0,0,9453,A
2-PB1,1270,4,1,0,9455,9460,C
2-PB1,1271,2,9268,0,12,9282,T
2-PB1,1272,1,36,9261,0,9298,G
2-PB1,1273,9274,3,4,0,9281,A
2-PB1,1274,9415,0,2,1,9418,A
2-PB1,1275,4,9413,1,1,9419,T
2-PB1,1276,31,1,0,9173,9205,C
2-PB1,1277,1,9172,0,7,9180,T
2-PB1,1278,2,9151,1,5,9159,T
2-PB1,1279,3,19,9151,2,9175,G
2-PB1,1280,1,23,9156,0,9180,G
2-PB1,1281,9165,5,9,0,9179,A
2-PB1,1282,1,2,0,9197,9200,C
2-PB1,1283,9062,2,2,1,9067,A
2-PB1,1284,9123,1,3,1,9128,A
2-PB1,1285,9166,1,1,0,9168,A
2-PB1,1286,9179,1,11,2,9193,A
2-PB1,1287,6,20,9327,0,9353,G
2-PB1,1288,9358,2,6,1,9367,A
2-PB1,1289,9329,1,1,0,9331,A
2-PB1,1290,9340,1,14,0,9355,A
2-PB1,1291,2,9350,0,0,9352,T
2-PB1,1292,9350,0,8,0,9358,A
2-PB1,1293,1,2,1,9610,9614,C
2-PB1,1294,9560,0,4,1,9565,A
2-PB1,1295,1,0,1,9621,9623,C
2-PB1,1296,15,1,0,9505,9521,C
2-PB1,1297,9485,3,1,0,9489,A
2-PB1,1298,9571,0,5,0,9576,A
2-PB1,1299,6,33,9782,0,9821,G
2-PB1,1300,9925,0,5,0,9930,A
2-PB1,1301,2,2,0,9993,9997,C
2-PB1,1302,9773,0,4,0,9777,A
2-PB1,1303,10020,4,9,0,10033,A
2-PB1,1304,0,3,0,10055,10058,C
2-PB1,1305,10196,0,4,0,10200,A
2-PB1,1306,6,10222,0,3,10231,T
2-PB1,1307,10127,0,2,1,10130,A
2-PB1,1308,1,2,0,10300,10303,C
2-PB1,1309,0,9950,0,8,9958,T
2-PB1,1310,2,10,10048,1,10061,G
2-PB1,1311,0,4,10050,0,10054,G
2-PB1,1312,3,9812,0,5,9820,T
2-PB1,1313,6,22,9772,2,9802,G
2-PB1,1314,1,17,9711,0,9729,G
2-PB1,1315,4,15,9757,0,9776,G
2-PB1,1316,9761,2,8,1,9772,A
2-PB1,1317,0,9585,0,12,9597,T
2-PB1,1318,3,18,9575,0,9596,G
2-PB1,1319,6,13,9540,0,9559,G
2-PB1,1320,5,3,9604,0,9612,G
2-PB1,1321,3,6,0,9709,9718,C
2-PB1,1322,1,9673,0,11,9685,T
2-PB1,1323,20,2,0,9730,9752,C
2-PB1,1324,14,4,0,9712,9730,C
2-PB1,1325,9710,2,6,0,9718,A
2-PB1,1326,9738,2,2,0,9742,A
2-PB1,1327,0,9700,0,8,9708,T
2-PB1,1328,18,2,1,9625,9646,C
2-PB1,1329,12,3,0,9576,9591,C
2-PB1,1330,1,9489,2,8,9500,T
2-PB1,1331,8,0,0,9499,9507,C
2-PB1,1332,8,4,1,9445,9458,C
2-PB1,1333,6,24,9429,0,9459,G
2-PB1,1334,9461,1,4,0,9466,A
2-PB1,1335,1,6,0,9458,9465,C
2-PB1,1336,4,36,9443,0,9483,G
2-PB1,1337,9552,0,1,2,9555,A
2-PB1,1338,1,9551,0,1,9553,T
2-PB1,1339,2,9536,1,1,9540,T
2-PB1,1340,3,9532,1,12,9548,T
2-PB1,1341,1,9550,3,5,9559,T
2-PB1,1342,4,1,9561,0,9566,G
2-PB1,1343,4,17,1,9598,9620,C
2-PB1,1344,22,1,0,9601,9624,C
2-PB1,1345,19,4,0,9865,9888,C
2-PB1,1346,2,9772,0,12,9786,T
2-PB1,1347,12,1,1,10154,10168,C
2-PB1,1348,10223,1,4,0,10228,A
2-PB1,1349,2,10267,0,3,10272,T
2-PB1,1350,10266,0,0,2,10268,A
2-PB1,1351,4,1,10359,0,10364,G
2-PB1,1352,2,10241,0,3,10246,T
2-PB1,1353,1,36,10247,1,10285,G
2-PB1,1354,9946,1,5,0,9952,A
2-PB1,1355,9954,0,3,0,9957,A
2-PB1,1356,0,9530,0,1,9531,T
2-PB1,1357,8,4,9493,2,9507,G
2-PB1,1358,4,5,0,9564,9573,C
2-PB1,1359,9561,2,20,1,9584,A
2-PB1,1360,6,17,0,9571,9594,C
2-PB1,1361,26,1,1,9501,9529,C
2-PB1,1362,9462,1,0,1,9464,A
2-PB1,1363,9463,1,2,0,9466,A
2-PB1,1364,9433,1,3,0,9437,A
2-PB1,1365,0,9236,0,4,9240,T
2-PB1,1366,42,4,0,9436,9482,C
2-PB1,1367,9481,0,3,0,9484,A
2-PB1,1368,1,9471,1,6,9479,T
2-PB1,1369,1,19,9475,0,9495,G
2-PB1,1370,9476,2,13,0,9491,A
2-PB1,1371,1,15,9541,0,9557,G
2-PB1,1372,0,22,9519,1,9542,G
2-PB1,1373,4,21,9562,0,9587,G
2-PB1,1374,9523,1,12,0,9536,A
2-PB1,1375,9644,1,9,1,9655,A
2-PB1,1376,2,9673,0,2,9677,T
2-PB1,1377,9696,2,3,0,9701,A
2-PB1,1378,2,3,0,9699,9704,C
2-PB1,1379,9693,1,3,0,9697,A
2-PB1,1380,9669,3,13,1,9686,A
2-PB1,1381,0,4,9643,0,9647,G
2-PB1,1382,2,0,0,9571,9573,C
2-PB1,1383,9503,1,5,0,9509,A
2-PB1,1384,2,10,9555,1,9568,G
2-PB1,1385,3,19,9543,0,9565,G
2-PB1,1386,9518,2,8,3,9531,A
2-PB1,1387,1,5,9563,0,9569,G
2-PB1,1388,3,9382,0,5,9390,T
2-PB1,1389,3,13,9483,1,9500,G
2-PB1,1390,2,13,9515,0,9530,G
2-PB1,1391,9503,2,12,1,9518,A
2-PB1,1392,1,9515,0,0,9516,T
2-PB1,1393,9353,1,3,1,9358,A
2-PB1,1394,0,14,9409,0,9423,G
2-PB1,1395,9498,1,3,0,9502,A
2-PB1,1396,1,9476,1,3,9481,T
2-PB1,1397,1,9434,0,6,9441,T
2-PB1,1398,33,0,0,9630,9663,C
2-PB1,1399,0,9606,1,2,9609,T
2-PB1,1400,9612,1,3,0,9616,A
2-PB1,1401,1,2,1,9613,9617,C
2-PB1,1402,9432,2,16,1,9451,A
2-PB1,1403,2,12,9428,1,9443,G
2-PB1,1404,1,20,9274,0,9295,G
2-PB1,1405,9370,1,6,0,9377,A
2-PB1,1406,2,1,0,9333,9336,C
2-PB1,1407,4,1,0,9088,9093,C
2-PB1,1408,0,8998,1,33,9032,T
2-PB1,1409,2,1,9062,1,9066,G
2-PB1,1410,1,2,0,9052,9055,C
2-PB1,1411,9062,2,6,0,9070,A
2-PB1,1412,9093,3,9,3,9108,A
2-PB1,1413,1,0,9137,1,9139,G
2-PB1,1414,2,8980,0,1,8983,T
2-PB1,1415,0,8974,0,1,8975,T
2-PB1,1416,8867,0,2,1,8870,A
2-PB1,1417,1,1,8882,1,8885,G
2-PB1,1418,2,8842,0,5,8849,T
2-PB1,1419,1,16,8812,1,8830,G
2-PB1,1420,9,7,8821,0,8837,G
2-PB1,1421,2,22,8816,1,8841,G
2-PB1,1422,8791,5,5,1,8802,A
2-PB1,1423,8821,5,5,0,8831,A
2-PB1,1424,0,8804,1,6,8811,T
2-PB1,1425,40,3,1,8774,8818,C
2-PB1,1426,8790,0,8,0,8798,A
2-PB1,1427,8815,0,4,0,8819,A
2-PB1,1428,2,1,0,8805,8808,C
2-PB1,1429,8798,2,1,1,8802,A
2-PB1,1430,1,8565,1,1,8568,T
2-PB1,1431,4,45,8551,1,8601,G
2-PB1,1432,8572,4,13,0,8589,A
2-PB1,1433,2,6,8618,2,8628,G
2-PB1,1434,1,1,0,8605,8607,C
2-PB1,1435,8587,0,1,0,8588,A
2-PB1,1436,8576,3,4,1,8584,A
2-PB1,1437,8583,1,2,0,8586,A
2-PB1,1438,8646,1,3,0,8650,A
2-PB1,1439,8653,1,2,1,8657,A
2-PB1,1440,1,6,8638,0,8645,G
2-PB1,1441,8528,1,3,0,8532,A
2-PB1,1442,8447,0,11,0,8458,A
2-PB1,1443,3,2,8747,0,8752,G
2-PB1,1444,1,8731,1,3,8736,T
2-PB1,1445,37,2,0,8696,8735,C
2-PB1,1446,22,3,0,8729,8754,C
2-PB1,1447,1,8686,1,7,8695,T
2-PB1,1448,8803,1,3,1,8808,A
2-PB1,1449,2,8776,0,1,8779,T
2-PB1,1450,8783,0,2,0,8785,A
2-PB1,1451,0,8780,0,1,8781,T
2-PB1,1452,8509,1,2,0,8512,A
2-PB1,1453,8517,1,3,1,8522,A
2-PB1,1454,8489,1,1,1,8492,A
2-PB1,1455,2,8475,0,3,8480,T
2-PB1,1456,8373,1,3,0,8377,A
2-PB1,1457,8300,0,2,0,8302,A
2-PB1,1458,8331,0,2,1,8334,A
2-PB1,1459,8325,1,16,4,8346,A
2-PB1,1460,2,1,0,8350,8353,C
2-PB1,1461,7957,2,3,1,7963,A
2-PB1,1462,1,12,7943,0,7956,G
2-PB1,1463,1,17,7935,0,7953,G
2-PB1,1464,3,24,7932,1,7960,G
2-PB1,1465,7973,0,6,0,7979,A
2-PB1,1466,0,1,0,8012,8013,C
2-PB1,1467,7961,0,1,2,7964,A
2-PB1,1468,0,7985,1,2,7988,T
2-PB1,1469,2,7971,1,11,7985,T
2-PB1,1470,1,7987,0,3,7991,T
2-PB1,1471,2,29,7970,1,8002,G
2-PB1,1472,7951,1,3,0,7955,A
2-PB1,1473,7944,0,3,2,7949,A
2-PB1,1474,0,7947,0,5,7952,T
2-PB1,1475,1,7748,1,4,7754,T
2-PB1,1476,25,1,0,7762,7788,C
2-PB1,1477,7720,0,4,1,7725,A
2-PB1,1478,1,1,0,7716,7718,C
2-PB1,1479,0,7717,0,1,7718,T
2-PB1,1480,7707,2,4,2,7715,A
2-PB1,1481,0,0,7718,0,7718,G
2-PB1,1482,0,2,0,7707,7709,C
2-PB1,1483,3,7668,2,11,7684,T
2-PB1,1484,0,7733,0,3,7736,T
2-PB1,1485,0,7705,0,0,7705,T
2-PB1,1486,3,7701,1,1,7706,T
2-PB1,1487,1,7692,0,4,7697,T
2-PB1,1488,3,7693,0,1,7697,T
2-PB1,1489,0,7655,0,0,7655,T
2-PB1,1490,7650,0,1,0,7651,A
2-PB1,1491,2,7615,0,3,7620,T
2-PB1,1492,12,5,2,7625,7644,C
2-PB1,1493,1,12,7671,0,7684,G
2-PB1,1494,7872,1,0,0,7873,A
2-PB1,1495,1,7881,0,4,7886,T
2-PB1,1496,7866,4,0,0,7870,A
2-PB1,1497,1,7910,1,8,7920,T
2-PB1,1498,2,17,7892,1,7912,G
2-PB1,1499,1,16,7930,1,7948,G
2-PB1,1500,7950,2,5,0,7957,A
2-PB1,1501,0,7897,0,4,7901,T
2-PB1,1502,0,7824,0,1,7825,T
2-PB1,1503,0,7614,0,0,7614,T
2-PB1,1504,3,1,7616,0,7620,G
2-PB1,1505,1,7600,0,1,7602,T
2-PB1,1506,4,15,7560,1,7580,G
2-PB1,1507,1,1,7572,0,7574,G
2-PB1,1508,5,3,1,7498,7507,C
2-PB1,1509,0,7503,0,5,7508,T
2-PB1,1510,7516,0,0,0,7516,A
2-PB1,1511,7552,0,0,1,7553,A
2-PB1,1512,3,7585,1,0,7589,T
2-PB1,1513,0,7593,2,1,7596,T
2-PB1,1514,1,7610,0,0,7611,T
2-PB1,1515,0,7599,1,0,7600,T
2-PB1,1516,7576,0,5,0,7581,A
2-PB1,1517,2,2,7631,0,7635,G
2-PB1,1518,2,2,1,7619,7624,C
2-PB1,1519,7587,1,3,0,7591,A
2-PB1,1520,0,7511,2,7,7520,T
2-PB1,1521,3,14,7391,0,7408,G
2-PB1,1522,0,14,7483,1,7498,G
2-PB1,1523,7481,2,5,0,7488,A
2-PB1,1524,1,1,7496,0,7498,G
2-PB1,1525,6,3,0,7466,7475,C
2-PB1,1526,0,7352,0,2,7354,T
2-PB1,1527,1,2,7407,1,7411,G
2-PB1,1528,5,4,0,7394,7403,C
2-PB1,1529,17,2,0,7380,7399,C
2-PB1,1530,7,0,1,7419,7427,C
2-PB1,1531,7185,1,5,0,7191,A
2-PB1,1532,0,0,7539,0,7539,G
2-PB1,1533,1,7521,1,3,7526,T
2-PB1,1534,1,7517,1,3,7522,T
2-PB1,1535,1,7511,1,0,7513,T
2-PB1,1536,1,7415,2,4,7422,T
2-PB1,1537,2,13,7379,1,7395,G
2-PB1,1538,2,16,7391,0,7409,G
2-PB1,1539,7350,1,6,0,7357,A
2-PB1,1540,1,1,7366,0,7368,G
2-PB1,1541,0,6708,0,4,6712,T
2-PB1,1542,2,0,6948,0,6950,G
2-PB1,1543,2,6928,0,1,6931,T
2-PB1,1544,33,1,0,6894,6928,C
2-PB1,1545,2,6925,0,9,6936,T
2-PB1,1546,4,3,6939,0,6946,G
2-PB1,1547,2,14,7000,1,7017,G
2-PB1,1548,7008,1,7,0,7016,A
2-PB1,1549,7009,2,10,0,7021,A
2-PB1,1550,1,6997,0,1,6999,T
2-PB1,1551,6402,0,1,0,6403,A
2-PB1,1552,6399,3,5,0,6407,A
2-PB1,1553,6388,0,6,3,6397,A
2-PB1,1554,0,4,0,6401,6405,C
2-PB1,1555,3,17,6308,1,6329,G
2-PB1,1556,6138,0,60,0,6198,A
2-PB1,1557,3,0,6189,0,6192,G
2-PB1,1558,3,6155,0,3,6161,T
2-PB1,1559,28,1,0,6151,6180,C
2-PB1,1560,6133,1,9,0,6143,A
2-PB1,1561,3,0,6203,1,6207,G
2-PB1,1562,1,1,1,6197,6200,C
2-PB1,1563,0,6160,1,5,6166,T
2-PB1,1564,5,15,6251,0,6271,G
2-PB1,1565,6195,0,6,0,6201,A
2-PB1,1566,1,6194,1,0,6196,T
2-PB1,1567,6203,0,4,0,6207,A
2-PB1,1568,0,6031,0,55,6086,T
2-PB1,1569,2,30,6066,1,6099,G
2-PB1,1570,5814,0,3,0,5817,A
2-PB1,1571,3,0,5857,1,5861,G
2-PB1,1572,4,1,0,5855,5860,C
2-PB1,1573,5418,1,1,0,5420,A
2-PB1,1574,2,5408,1,0,5411,T
2-PB1,1575,2,5394,0,1,5397,T
2-PB1,1576,2,3,5424,0,5429,G
2-PB1,1577,1,9,5531,0,5541,G
2-PB1,1578,5392,0,7,1,5400,A
2-PB1,1579,0,0,5409,0,5409,G
2-PB1,1580,1,5128,1,4,5134,T
2-PB1,1581,5101,0,1,0,5102,A
2-PB1,1582,5101,1,3,0,5105,A
2-PB1,1583,1,5,0,5113,5119,C
2-PB1,1584,5061,1,1,0,5063,A
2-PB1,1585,0,0,5113,0,5113,G
2-PB1,1586,1,4322,0,1,4324,T
2-PB1,1587,0,14,4327,1,4342,G
2-PB1,1588,4358,0,4,0,4362,A
2-PB1,1589,1,4352,1,0,4354,T
2-PB1,1590,4330,0,2,0,4332,A
2-PB1,1591,4326,0,2,0,4328,A
2-PB1,1592,4139,0,4,2,4145,A
2-PB1,1593,1,13,4159,0,4173,G
2-PB1,1594,3849,0,2,0,3851,A
2-PB1,1595,3839,2,1,0,3842,A
2-PB1,1596,1,4,1,3829,3835,C
2-PB1,1597,3628,0,1,0,3629,A
2-PB1,1598,3653,0,7,0,3660,A
2-PB1,1599,0,0,0,3678,3678,C
2-PB1,1600,3701,1,3,0,3705,A
2-PB1,1601,1,3680,8,2,3691,T
2-PB1,1602,1,6,3540,0,3547,G
2-PB1,1603,3549,2,1,2,3554,A
2-PB1,1604,1,3537,1,1,3540,T
2-PB1,1605,3442,0,2,1,3445,A
2-PB1,1606,3474,0,1,0,3475,A
2-PB1,1607,3367,1,1,1,3370,A
2-PB1,1608,1,1,0,3376,3378,C
2-PB1,1609,3124,0,1,0,3125,A
2-PB1,1610,3105,1,0,0,3106,A
2-PB1,1611,0,2991,0,2,2993,T
2-PB1,1612,0,15,2963,0,2978,G
2-PB1,1613,3026,0,1,1,3028,A
2-PB1,1614,0,1,0,3054,3055,C
2-PB1,1615,6,3,0,2924,2933,C
2-PB1,1616,1,2736,2,1,2740,T
2-PB1,1617,1,2610,0,2,2613,T
2-PB1,1618,1,7,2608,0,2616,G
2-PB1,1619,1,13,2625,1,2640,G
2-PB1,1620,2666,1,1,1,2669,A
2-PB1,1621,2,0,1,2664,2667,C
2-PB1,1622,7,1,0,2619,2627,C
2-PB1,1623,2614,0,1,0,2615,A
2-PB1,1624,0,3,2650,0,2653,G
2-PB1,1625,1,0,0,2662,2663,C
2-PB1,1626,2666,0,2,0,2668,A
2-PB1,1627,2661,0,0,0,2661,A
2-PB1,1628,0,1,0,2649,2650,C
2-PB1,1629,2636,1,0,0,2637,A
2-PB1,1630,0,0,2701,0,2701,G
2-PB1,1631,1,0,0,2704,2705,C
2-PB1,1632,6,1,0,2695,2702,C
2-PB1,1633,6,0,0,2694,2700,C
2-PB1,1634,2701,0,1,0,2702,A
2-PB1,1635,2696,0,0,0,2696,A
2-PB1,1636,2700,0,0,0,2700,A
2-PB1,1637,0,2699,1,1,2701,T
2-PB1,1638,1,10,2674,0,2685,G
2-PB1,1639,2,1,2651,0,2654,G
2-PB1,1640,0,1,0,2653,2654,C
2-PB1,1641,0,2639,0,4,2643,T
2-PB1,1642,3,1,0,2700,2704,C
2-PB1,1643,2,2686,0,5,2693,T
2-PB1,1644,5,0,1,2713,2719,C
2-PB1,1645,2,0,1,2716,2719,C
2-PB1,1646,2725,0,0,0,2725,A
2-PB1,1647,2743,0,0,0,2743,A
2-PB1,1648,0,2724,0,1,2725,T
2-PB1,1649,1,2698,0,0,2699,T
2-PB1,1650,0,1,2709,0,2710,G
2-PB1,1651,2,2643,0,2,2647,T
2-PB1,1652,2,2652,0,0,2654,T
2-PB1,1653,19,17,0,2612,2648,C
2-PB1,1654,2647,1,0,1,2649,A
2-PB1,1655,0,2641,0,3,2644,T
2-PB1,1656,7,0,0,2637,2644,C
2-PB1,1657,2648,1,1,0,2650,A
2-PB1,1658,2652,1,0,1,2654,A
2-PB1,1659,2648,0,2,1,2651,A
2-PB1,1660,0,5,2707,0,2712,G
2-PB1,1661,2711,0,1,0,2712,A
2-PB1,1662,0,2705,0,1,2706,T
2-PB1,1663,0,2712,0,0,2712,T
2-PB1,1664,2720,0,0,0,2720,A
2-PB1,1665,2,3,0,2766,2771,C
2-PB1,1666,2763,1,2,0,2766,A
2-PB1,1667,3,4,2799,0,2806,G
2-PB1,1668,2783,3,2,0,2788,A
2-PB1,1669,0,2814,0,0,2814,T
2-PB1,1670,2820,0,1,0,2821,A
2-PB1,1671,0,0,0,2960,2960,C
2-PB1,1672,3027,0,3,0,3030,A
2-PB1,1673,0,1,0,3254,3255,C
2-PB1,1674,3219,0,1,1,3221,A
2-PB1,1675,0,3250,0,0,3250,T
2-PB1,1676,3223,0,0,0,3223,A
2-PB1,1677,0,3217,0,0,3217,T
2-PB1,1678,3143,2,2,0,3147,A
2-PB1,1679,0,3,3146,0,3149,G
2-PB1,1680,0,1,3098,0,3099,G
2-PB1,1681,1,2955,1,1,2958,T
2-PB1,1682,2,2,2911,0,2915,G
2-PB1,1683,1,1,0,3001,3003,C
2-PB1,1684,10,0,3,2981,2994,C
2-PB1,1685,3016,1,16,0,3033,A
2-PB1,1686,1,3031,0,0,3032,T
2-PB1,1687,3041,0,1,0,3042,A
2-PB1,1688,0,2,3049,0,3051,G
2-PB1,1689,2963,0,0,0,2963,A
2-PB1,1690,3,4,2973,0,2980,G
2-PB1,1691,1,4,2978,0,2983,G
2-PB1,1692,2864,0,1,0,2865,A
2-PB1,1693,0,8,2871,0,2879,G
2-PB1,1694,2854,1,5,0,2860,A
2-PB1,1695,1,0,0,2863,2864,C
2-PB1,1696,2852,1,2,0,2855,A
2-PB1,1697,1,0,0,2889,2890,C
2-PB1,1698,2890,1,1,0,2892,A
2-PB1,1699,2,1,0,2894,2897,C
2-PB1,1700,2871,0,1,0,2872,A
2-PB1,1701,2881,0,0,0,2881,A
2-PB1,1702,2897,0,1,2,2900,A
2-PB1,1703,0,2897,1,1,2899,T
2-PB1,1704,5,1,0,2897,2903,C
2-PB1,1705,6,1,0,2899,2906,C
2-PB1,1706,2883,0,2,0,2885,A
2-PB1,1707,1,5,2884,0,2890,G
2-PB1,1708,2883,1,4,0,2888,A
2-PB1,1709,0,1,0,2910,2911,C
2-PB1,1710,0,17,2875,1,2893,G
2-PB1,1711,2873,0,3,0,2876,A
2-PB1,1712,0,4,2882,0,2886,G
2-PB1,1713,2883,0,3,0,2886,A
2-PB1,1714,2885,0,2,0,2887,A
2-PB1,1715,0,9,2890,0,2899,G
2-PB1,1716,2886,1,3,0,2890,A
2-PB1,1717,2,2881,0,2,2885,T
2-PB1,1718,8,0,0,2856,2864,C
2-PB1,1719,2871,0,0,0,2871,A
2-PB1,1720,0,2856,0,1,2857,T
2-PB1,1721,0,2855,0,0,2855,T
2-PB1,1722,9,0,0,2847,2856,C
2-PB1,1723,0,3,2861,1,2865,G
2-PB1,1724,2832,0,1,1,2834,A
2-PB1,1725,0,3,2843,0,2846,G
2-PB1,1726,2821,0,0,0,2821,A
2-PB1,1727,0,2918,0,0,2918,T
2-PB1,1728,2923,0,2,0,2925,A
2-PB1,1729,2933,0,1,0,2934,A
2-PB1,1730,2934,1,3,0,2938,A
2-PB1,1731,0,1,2945,0,2946,G
2-PB1,1732,2938,1,1,0,2940,A
2-PB1,1733,2880,1,4,1,2886,A
2-PB1,1734,0,3,2895,0,2898,G
2-PB1,1735,0,0,0,2905,2905,C
2-PB1,1736,1,2877,0,1,2879,T
2-PB1,1737,0,0,2885,0,2885,G
2-PB1,1738,0,2879,0,0,2879,T
2-PB1,1739,0,5,2856,0,2861,G
2-PB1,1740,0,3,2862,1,2866,G
2-PB1,1741,0,5,2893,1,2899,G
2-PB1,1742,2902,0,4,0,2906,A
2-PB1,1743,0,2891,0,1,2892,T
2-PB1,1744,9,1,0,2878,2888,C
2-PB1,1745,2882,0,1,2,2885,A
2-PB1,1746,2902,1,3,0,2906,A
2-PB1,1747,2913,0,0,0,2913,A
2-PB1,1748,1,0,0,2906,2907,C
2-PB1,1749,5,1,0,2891,2897,C
2-PB1,1750,12,1,1,2884,2898,C
2-PB1,1751,2903,0,0,0,2903,A
2-PB1,1752,2965,0,2,1,2968,A
2-PB1,1753,0,2954,0,1,2955,T
2-PB1,1754,8,0,0,2957,2965,C
2-PB1,1755,2931,0,1,0,2932,A
2-PB1,1756,2914,0,3,0,2917,A
2-PB1,1757,0,7,2945,0,2952,G
2-PB1,1758,0,8,2930,0,2938,G
2-PB1,1759,1,0,2937,0,2938,G
2-PB1,1760,1,0,1,2935,2937,C
2-PB1,1761,2880,1,4,0,2885,A
2-PB1,1762,0,5,2975,0,2980,G
2-PB1,1763,0,6,2995,2,3003,G
2-PB1,1764,3015,2,2,0,3019,A
2-PB1,1765,2,0,0,3052,3054,C
2-PB1,1766,0,2990,0,1,2991,T
2-PB1,1767,3039,2,1,0,3042,A
2-PB1,1768,0,3042,1,2,3045,T
2-PB1,1769,0,3043,0,0,3043,T
2-PB1,1770,2,11,3033,0,3046,G
2-PB1,1771,0,0,3094,0,3094,G
2-PB1,1772,0,3069,0,3,3072,T
2-PB1,1773,3074,0,0,0,3074,A
2-PB1,1774,0,3039,0,0,3039,T
2-PB1,1775,8,0,0,3034,3042,C
2-PB1,1776,3000,2,5,0,3007,A
2-PB1,1777,0,3,3020,1,3024,G
2-PB1,1778,3026,0,0,0,3026,A
2-PB1,1779,1,3012,0,1,3014,T
2-PB1,1780,2,6,2882,0,2890,G
2-PB1,1781,1,5,2873,0,2879,G
2-PB1,1782,1,4,2873,0,2878,G
2-PB1,1783,1,7,2880,0,2888,G
2-PB1,1784,2,8,2889,0,2899,G
2-PB1,1785,2881,0,12,0,2893,A
2-PB1,1786,1,0,0,2870,2871,C
2-PB1,1787,7,1,0,2850,2858,C
2-PB1,1788,2859,0,2,0,2861,A
2-PB1,1789,3045,0,1,0,3046,A
2-PB1,1790,3056,0,0,1,3057,A
2-PB1,1791,1,1,0,3127,3129,C
2-PB1,1792,1,3107,1,2,3111,T
2-PB1,1793,0,3101,0,1,3102,T
2-PB1,1794,3111,0,2,0,3113,A
2-PB1,1795,1,3114,0,0,3115,T
2-PB1,1796,3121,0,2,0,3123,A
2-PB1,1797,1,1,0,3128,3130,C
2-PB1,1798,2891,0,0,0,2891,A
2-PB1,1799,2897,0,1,0,2898,A
2-PB1,1800,2,2833,0,0,2835,T
2-PB1,1801,2879,1,0,0,2880,A
2-PB1,1802,2,2869,0,0,2871,T
2-PB1,1803,5,1,1,2862,2869,C
2-PB1,1804,5,2,0,2862,2869,C
2-PB1,1805,4,2,2868,0,2874,G
2-PB1,1806,0,8,2865,0,2873,G
2-PB1,1807,2878,0,1,0,2879,A
2-PB1,1808,2864,2,1,0,2867,A
2-PB1,1809,1,2869,0,0,2870,T
2-PB1,1810,3,0,0,2884,2887,C
2-PB1,1811,1,2876,1,5,2883,T
2-PB1,1812,1,2897,0,1,2899,T
2-PB1,1813,5,0,0,2890,2895,C
2-PB1,1814,2893,1,3,0,2897,A
2-PB1,1815,0,0,1,2907,2908,C
2-PB1,1816,2906,0,0,0,2906,A
2-PB1,1817,0,3136,0,1,3137,T
2-PB1,1818,5,1,0,3136,3142,C
2-PB1,1819,6,0,0,3156,3162,C
2-PB1,1820,7,0,0,3166,3173,C
2-PB1,1821,1,3163,0,4,3168,T
2-PB1,1822,0,2,3168,1,3171,G
2-PB1,1823,3157,0,2,0,3159,A
2-PB1,1824,3152,0,2,0,3154,A
2-PB1,1825,0,1,3157,0,3158,G
2-PB1,1826,0,2930,0,3,2933,T
2-PB1,1827,6,0,0,2930,2936,C
2-PB1,1828,0,2869,0,5,2874,T
2-PB1,1829,0,1,2919,0,2920,G
2-PB1,1830,1,3,0,2919,2923,C
2-PB1,1831,1,2923,0,1,2925,T
2-PB1,1832,2,2927,0,0,2929,T
2-PB1,1833,2927,1,0,0,2928,A
2-PB1,1834,2921,0,1,0,2922,A
2-PB1,1835,2921,0,0,1,2922,A
2-PB1,1836,2836,1,1,1,2839,A
2-PB1,1837,1,2870,0,1,2872,T
2-PB1,1838,0,3,2864,0,2867,G
2-PB1,1839,1,3,2869,0,2873,G
2-PB1,1840,1,2,2883,0,2886,G
2-PB1,1841,2883,2,3,0,2888,A
2-PB1,1842,0,2,2888,0,2890,G
2-PB1,1843,12,2,0,2867,2881,C
2-PB1,1844,0,2889,0,3,2892,T
2-PB1,1845,1,4,2898,1,2904,G
2-PB1,1846,2895,1,2,0,2898,A
2-PB1,1847,1,2900,0,0,2901,T
2-PB1,1848,1,9,2905,1,2916,G
2-PB1,1849,1,2,2924,0,2927,G
2-PB1,1850,2914,0,6,1,2921,A
2-PB1,1851,0,2918,0,1,2919,T
2-PB1,1852,1,10,2910,0,2921,G
2-PB1,1853,2913,2,1,0,2916,A
2-PB1,1854,1,14,2932,0,2947,G
2-PB1,1855,2938,1,1,0,2940,A
2-PB1,1856,2944,0,0,0,2944,A
2-PB1,1857,0,2915,2,0,2917,T
2-PB1,1858,2,2900,0,1,2903,T
2-PB1,1859,2909,1,1,0,2911,A
2-PB1,1860,0,2912,0,0,2912,T
2-PB1,1861,5,2,0,2906,2913,C
2-PB1,1862,0,3,2936,0,2939,G
2-PB1,1863,2,6,2902,0,2910,G
2-PB1,1864,0,6,2898,1,2905,G
2-PB1,1865,1,4,2911,1,2917,G
2-PB1,1866,2908,0,1,0,2909,A
2-PB1,1867,2927,0,1,0,2928,A
2-PB1,1868,0,6,2928,0,2934,G
2-PB1,1869,2962,2,1,0,2965,A
2-PB1,1870,1,0,0,2985,2986,C
2-PB1,1871,0,2935,0,1,2936,T
2-PB1,1872,0,2988,0,1,2989,T
2-PB1,1873,0,2984,0,2,2986,T
2-PB1,1874,0,0,3012,0,3012,G
2-PB1,1875,0,3011,0,2,3013,T
2-PB1,1876,2992,0,1,0,2993,A
2-PB1,1877,2979,1,2,0,2982,A
2-PB1,1878,0,2927,0,1,2928,T
2-PB1,1879,4,1,0,2942,2947,C
2-PB1,1880,3,0,1,2940,2944,C
2-PB1,1881,8,0,0,2928,2936,C
2-PB1,1882,5,0,0,2948,2953,C
2-PB1,1883,0,2933,0,4,2937,T
2-PB1,1884,1,8,2939,0,2948,G
2-PB1,1885,2947,0,0,0,2947,A
2-PB1,1886,2954,0,1,0,2955,A
2-PB1,1887,1,2951,0,3,2955,T
2-PB1,1888,5,0,0,2940,2945,C
2-PB1,1889,10,0,0,2915,2925,C
2-PB1,1890,4,0,0,2914,2918,C
2-PB1,1891,0,2900,0,4,2904,T
2-PB1,1892,0,2917,0,1,2918,T
2-PB1,1893,0,2905,0,0,2905,T
2-PB1,1894,1,1,2909,0,2911,G
2-PB1,1895,0,2891,2,2,2895,T
2-PB1,1896,9,0,0,2877,2886,C
2-PB1,1897,2852,1,3,2,2858,A
2-PB1,1898,0,0,2901,1,2902,G
2-PB1,1899,2,1,1,2889,2893,C
2-PB1,1900,11,1,0,2887,2899,C
2-PB1,1901,2903,2,1,0,2906,A
2-PB1,1902,0,2904,0,1,2905,T
2-PB1,1903,2896,0,1,0,2897,A
2-PB1,1904,2917,0,2,0,2919,A
2-PB1,1905,2920,0,2,0,2922,A
2-PB1,1906,0,7,2944,0,2951,G
2-PB1,1907,2887,1,0,0,2888,A
2-PB1,1908,2900,0,1,1,2902,A
2-PB1,1909,2895,0,3,0,2898,A
2-PB1,1910,0,2893,1,0,2894,T
2-PB1,1911,0,2883,0,1,2884,T
2-PB1,1912,0,8,2882,1,2891,G
2-PB1,1913,2871,1,3,0,2875,A
2-PB1,1914,0,0,2928,1,2929,G
2-PB1,1915,1,2936,0,4,2941,T
2-PB1,1916,4,1,0,2956,2961,C
2-PB1,1917,1,2952,0,0,2953,T
2-PB1,1918,0,0,3027,0,3027,G
2-PB1,1919,1,3017,0,1,3019,T
2-PB1,1920,3061,1,1,0,3063,A
2-PB1,1921,3059,1,2,0,3062,A
2-PB1,1922,3063,0,1,1,3065,A
2-PB1,1923,0,0,0,3076,3076,C
2-PB1,1924,2995,0,2,0,2997,A
2-PB1,1925,3049,1,0,0,3050,A
2-PB1,1926,0,3053,0,1,3054,T
2-PB1,1927,1,1,3044,0,3046,G
2-PB1,1928,1,1,0,3062,3064,C
2-PB1,1929,0,3030,0,2,3032,T
2-PB1,1930,2,0,3140,0,3142,G
2-PB1,1931,0,3140,1,2,3143,T
2-PB1,1932,3195,0,1,0,3196,A
2-PB1,1933,0,0,3205,0,3205,G
2-PB1,1934,1,3128,0,0,3129,T
2-PB1,1935,3116,0,1,0,3117,A
2-PB1,1936,3098,1,1,0,3100,A
2-PB1,1937,0,3070,0,2,3072,T
2-PB1,1938,5,1,3057,0,3063,G
2-PB1,1939,0,1,0,3013,3014,C
2-PB1,1940,4,0,0,2987,2991,C
2-PB1,1941,2937,0,3,0,2940,A
2-PB1,1942,1,0,3004,1,3006,G
2-PB1,1943,1,3,1,3056,3061,C
2-PB1,1944,8,1,0,3066,3075,C
2-PB1,1945,10,2,0,3059,3071,C
2-PB1,1946,3059,0,0,0,3059,A
2-PB1,1947,0,3054,0,5,3059,T
2-PB1,1948,1,4,3057,1,3063,G
2-PB1,1949,0,1,3090,0,3091,G
2-PB1,1950,0,3079,0,1,3080,T
2-PB1,1951,15,0,0,3008,3023,C
2-PB1,1952,6,1,2,2967,2976,C
2-PB1,1953,1,2963,0,2,2966,T
2-PB1,1954,2,1,3023,0,3026,G
2-PB1,1955,2,0,0,3007,3009,C
2-PB1,1956,7,2,1,3003,3013,C
2-PB1,1957,3024,0,1,0,3025,A
2-PB1,1958,2975,0,2,0,2977,A
2-PB1,1959,2976,1,1,0,2978,A
2-PB1,1960,2986,0,0,0,2986,A
2-PB1,1961,0,1,3034,0,3035,G
2-PB1,1962,1,2978,0,0,2979,T
2-PB1,1963,2971,0,0,0,2971,A
2-PB1,1964,0,2969,0,1,2970,T
2-PB1,1965,0,3,2970,0,2973,G
2-PB1,1966,0,4,3027,0,3031,G
2-PB1,1967,3022,0,2,0,3024,A
2-PB1,1968,3047,0,4,0,3051,A
2-PB1,1969,0,3040,0,0,3040,T
2-PB1,1970,3015,0,0,0,3015,A
2-PB1,1971,0,3010,1,1,3012,T
2-PB1,1972,0,6,2981,0,2987,G
2-PB1,1973,2986,0,2,1,2989,A
2-PB1,1974,1,2983,0,1,2985,T
2-PB1,1975,0,0,2912,0,2912,G
2-PB1,1976,1,2,0,2915,2918,C
2-PB1,1977,5,0,0,2874,2879,C
2-PB1,1978,0,0,2883,0,2883,G
2-PB1,1979,1,2874,0,1,2876,T
2-PB1,1980,2,2871,0,1,2874,T
2-PB1,1981,2,0,2873,0,2875,G
2-PB1,1982,3,0,0,2928,2931,C
2-PB1,1983,2932,0,1,0,2933,A
2-PB1,1984,2988,0,1,0,2989,A
2-PB1,1985,2,1,0,2999,3002,C
2-PB1,1986,1,2975,0,1,2977,T
2-PB1,1987,2982,1,0,0,2983,A
2-PB1,1988,0,2,0,2976,2978,C
2-PB1,1989,2979,1,3,0,2983,A
2-PB1,1990,0,1,0,2984,2985,C
2-PB1,1991,2888,0,1,0,2889,A
2-PB1,1992,1,0,0,3112,3113,C
2-PB1,1993,1,3060,0,3,3064,T
2-PB1,1994,3,1,1,3062,3067,C
2-PB1,1995,3,0,0,3067,3070,C
2-PB1,1996,4,3050,0,5,3059,T
2-PB1,1997,1,3,3051,1,3056,G
2-PB1,1998,0,4,3057,0,3061,G
2-PB1,1999,3052,1,1,0,3054,A
2-PB1,2000,1,3047,1,2,3051,T
2-PB1,2001,0,2784,0,1,2785,T
2-PB1,2002,8,1,1,2816,2826,C
2-PB1,2003,2,3,0,2801,2806,C
2-PB1,2004,8,1,0,2814,2823,C
2-PB1,2005,2834,1,0,0,2835,A
2-PB1,2006,2830,0,1,0,2831,A
2-PB1,2007,0,2,2836,0,2838,G
2-PB1,2008,2814,0,3,0,2817,A
2-PB1,2009,1,0,2820,0,2821,G
2-PB1,2010,0,9,2815,0,2824,G
2-PB1,2011,2774,1,6,0,2781,A
2-PB1,2012,2784,1,1,0,2786,A
2-PB1,2013,2,0,0,2789,2791,C
2-PB1,2014,0,3,0,2763,2766,C
2-PB1,2015,2,1,2815,0,2818,G
2-PB1,2016,1,1,0,2809,2811,C
2-PB1,2017,0,2801,0,7,2808,T
2-PB1,2018,11,0,0,2804,2815,C
2-PB1,2019,0,2797,0,1,2798,T
2-PB1,2020,2996,0,0,0,2996,A
2-PB1,2021,0,2991,0,5,2996,T
2-PB1,2022,1,3003,0,4,3008,T
2-PB1,2023,4,0,0,3008,3012,C
2-PB1,2024,0,2931,0,0,2931,T
2-PB1,2025,2939,0,1,0,2940,A
2-PB1,2026,2938,0,1,0,2939,A
2-PB1,2027,2941,0,0,1,2942,A
2-PB1,2028,1,1,0,2940,2942,C
2-PB1,2029,2734,0,1,0,2735,A
2-PB1,2030,0,1,0,2735,2736,C
2-PB1,2031,2694,0,0,0,2694,A
2-PB1,2032,2710,0,3,0,2713,A
2-PB1,2033,2,0,2725,0,2727,G
2-PB1,2034,1,1,0,2723,2725,C
2-PB1,2035,3,1,0,2726,2730,C
2-PB1,2036,2717,0,0,1,2718,A
2-PB1,2037,2710,2,1,0,2713,A
2-PB1,2038,2705,0,5,0,2710,A
2-PB1,2039,0,1,2740,0,2741,G
2-PB1,2040,0,5,2731,0,2736,G
2-PB1,2041,1,2,2699,0,2702,G
2-PB1,2042,3,5,2691,0,2699,G
2-PB1,2043,2681,0,1,0,2682,A
2-PB1,2044,2695,0,2,0,2697,A
2-PB1,2045,0,2698,1,1,2700,T
2-PB1,2046,0,2695,0,1,2696,T
2-PB1,2047,9,0,0,2693,2702,C
2-PB1,2048,0,2682,1,1,2684,T
2-PB1,2049,0,2676,0,0,2676,T
2-PB1,2050,1,5,2684,1,2691,G
2-PB1,2051,2688,1,3,0,2692,A
2-PB1,2052,0,6,2694,0,2700,G
2-PB1,2053,0,1,2698,1,2700,G
2-PB1,2054,2694,0,2,0,2696,A
2-PB1,2055,0,2683,0,1,2684,T
2-PB1,2056,0,24,2664,1,2689,G
2-PB1,2057,2696,0,2,0,2698,A
2-PB1,2058,2697,0,3,0,2700,A
2-PB1,2059,0,0,0,2717,2717,C
2-PB1,2060,2676,1,0,0,2677,A
2-PB1,2061,0,3,2724,0,2727,G
2-PB1,2062,2699,0,2,0,2701,A
2-PB1,2063,1,2704,0,0,2705,T
2-PB1,2064,1,0,2704,0,2705,G
2-PB1,2065,1,2742,0,1,2744,T
2-PB1,2066,2751,0,1,0,2752,A
2-PB1,2067,0,1,0,2749,2750,C
2-PB1,2068,5,2,0,2726,2733,C
2-PB1,2069,2700,0,1,0,2701,A
2-PB1,2070,0,4,2672,1,2677,G
2-PB1,2071,2659,1,0,0,2660,A
2-PB1,2072,2651,0,1,0,2652,A
2-PB1,2073,1,0,2663,0,2664,G
2-PB1,2074,0,2535,0,0,2535,T
2-PB1,2075,1,1,2541,0,2543,G
2-PB1,2076,0,0,0,2541,2541,C
2-PB1,2077,0,2534,0,4,2538,T
2-PB1,2078,3,1,2534,0,2538,G
2-PB1,2079,1,2,0,2525,2528,C
2-PB1,2080,2525,0,0,0,2525,A
2-PB1,2081,2526,1,2,0,2529,A
2-PB1,2082,0,0,0,2504,2504,C
2-PB1,2083,0,2493,1,2,2496,T
2-PB1,2084,0,2475,0,1,2476,T
2-PB1,2085,0,0,2477,0,2477,G
2-PB1,2086,0,2468,0,1,2469,T
2-PB1,2087,0,2468,0,0,2468,T
2-PB1,2088,12,0,0,2460,2472,C
2-PB1,2089,1,5,2464,0,2470,G
2-PB1,2090,2465,0,1,1,2467,A
2-PB1,2091,0,4,2462,0,2466,G
2-PB1,2092,2467,0,0,0,2467,A
2-PB1,2093,2460,0,1,0,2461,A
2-PB1,2094,2471,1,1,0,2473,A
2-PB1,2095,0,2455,0,0,2455,T
2-PB1,2096,0,2469,0,0,2469,T
2-PB1,2097,2,2465,2,1,2470,T
2-PB1,2098,0,2469,0,0,2469,T
2-PB1,2099,1,2465,1,1,2468,T
2-PB1,2100,6,0,0,2469,2475,C
2-PB1,2101,7,0,0,2470,2477,C
2-PB1,2102,4,1,0,2466,2471,C
2-PB1,2103,0,2471,0,1,2472,T
2-PB1,2104,2469,0,0,0,2469,A
2-PB1,2105,2,0,2483,0,2485,G
2-PB1,2106,0,2473,0,2,2475,T
2-PB1,2107,2490,0,1,0,2491,A
2-PB1,2108,0,0,2507,0,2507,G
2-PB1,2109,1,2478,0,2,2481,T
2-PB1,2110,2,2542,0,1,2545,T
2-PB1,2111,20,0,0,2533,2553,C
2-PB1,2112,2597,0,2,0,2599,A
2-PB1,2113,1,2593,0,1,2595,T
2-PB1,2114,2590,0,1,0,2591,A
2-PB1,2115,0,2589,0,0,2589,T
2-PB1,2116,2500,3,0,0,2503,A
2-PB1,2117,0,2,2468,1,2471,G
2-PB1,2118,2,6,2449,0,2457,G
2-PB1,2119,2210,0,0,0,2210,A
2-PB1,2120,0,5,2199,0,2204,G
2-PB1,2121,2085,1,2,0,2088,A
2-PB1,2122,1,1,0,2083,2085,C
2-PB1,2123,2,0,0,2000,2002,C
2-PB1,2124,0,2,1997,0,1999,G
2-PB1,2125,1996,0,0,0,1996,A
2-PB1,2126,0,1987,0,0,1987,T
2-PB1,2127,0,1987,0,0,1987,T
2-PB1,2128,2,2,1985,0,1989,G
2-PB1,2129,0,2,1987,0,1989,G
2-PB1,2130,1985,0,1,0,1986,A
2-PB1,2131,1986,0,1,0,1987,A
2-PB1,2132,0,1975,2,0,1977,T
2-PB1,2133,0,1981,0,0,1981,T
2-PB1,2134,0,1980,0,1,1981,T
2-PB1,2135,4,1,0,1982,1987,C
2-PB1,2136,0,1985,0,0,1985,T
2-PB1,2137,1981,0,1,0,1982,A
2-PB1,2138,0,0,1980,0,1980,G
2-PB1,2139,1,0,0,1974,1975,C
2-PB1,2140,1975,0,2,0,1977,A
2-PB1,2141,0,1973,0,0,1973,T
2-PB1,2142,0,2,1944,1,1947,G
2-PB1,2143,0,0,1991,0,1991,G
2-PB1,2144,0,1984,0,6,1990,T
2-PB1,2145,2,4,1981,0,1987,G
2-PB1,2146,0,1,1988,1,1990,G
2-PB1,2147,1960,0,4,0,1964,A
2-PB1,2148,0,2,1972,0,1974,G
2-PB1,2149,0,0,1970,1,1971,G
2-PB1,2150,0,1,0,1960,1961,C
2-PB1,2151,3,0,0,1939,1942,C
2-PB1,2152,1822,0,0,0,1822,A
2-PB1,2153,1,1809,0,1,1811,T
2-PB1,2154,2,1,1815,0,1818,G
2-PB1,2155,0,1,1823,0,1824,G
2-PB1,2156,1,1771,0,0,1772,T
2-PB1,2157,0,0,1797,0,1797,G
2-PB1,2158,0,1765,0,2,1767,T
2-PB1,2159,9,0,0,1753,1762,C
2-PB1,2160,0,1758,0,3,1761,T
2-PB1,2161,1744,0,0,0,1744,A
2-PB1,2162,0,1,1743,0,1744,G
2-PB1,2163,0,3,1705,0,1708,G
2-PB1,2164,1,0,1683,0,1684,G
2-PB1,2165,0,1,0,1647,1648,C
2-PB1,2166,4,1,0,1563,1568,C
2-PB1,2167,2,3,0,1537,1542,C
2-PB1,2168,0,5,1534,0,1539,G
2-PB1,2169,1,0,1543,0,1544,G
2-PB1,2170,1544,0,1,0,1545,A
2-PB1,2171,1,1542,0,1,1544,T
2-PB1,2172,0,1481,0,1,1482,T
2-PB1,2173,0,2,1468,0,1470,G
2-PB1,2174,1466,0,0,0,1466,A
2-PB1,2175,0,1468,0,0,1468,T
2-PB1,2176,0,0,1466,0,1466,G
2-PB1,2177,3,0,0,1451,1454,C
2-PB1,2178,6,0,1,1442,1449,C
2-PB1,2179,1436,2,0,0,1438,A
2-PB1,2180,0,0,1441,1,1442,G
2-PB1,2181,1436,0,0,0,1436,A
2-PB1,2182,1437,0,2,0,1439,A
2-PB1,2183,0,1433,0,2,1435,T
2-PB1,2184,0,1405,0,1,1406,T
2-PB1,2185,0,10,1401,0,1411,G
2-PB1,2186,1407,0,0,0,1407,A
2-PB1,2187,0,0,0,1404,1404,C
2-PB1,2188,0,1392,0,1,1393,T
2-PB1,2189,0,1381,0,1,1382,T
2-PB1,2190,2,0,0,1369,1371,C
2-PB1,2191,1,3,1364,0,1368,G
2-PB1,2192,1369,0,0,0,1369,A
2-PB1,2193,0,1,1336,0,1337,G
2-PB1,2194,0,1348,0,0,1348,T
2-PB1,2195,6,0,0,1340,1346,C
2-PB1,2196,0,1343,0,0,1343,T
2-PB1,2197,1,0,1347,0,1348,G
2-PB1,2198,5,0,1340,0,1345,G
2-PB1,2199,1344,0,0,0,1344,A
2-PB1,2200,1233,0,1,0,1234,A
2-PB1,2201,0,1,1238,0,1239,G
2-PB1,2202,0,2,1249,0,1251,G
2-PB1,2203,1251,0,0,0,1251,A
2-PB1,2204,0,1247,0,0,1247,T
2-PB1,2205,0,1248,0,0,1248,T
2-PB1,2206,1238,1,1,0,1240,A
2-PB1,2207,1239,0,0,0,1239,A
2-PB1,2208,0,0,1238,0,1238,G
2-PB1,2209,1234,1,2,0,1237,A
2-PB1,2210,1167,0,0,0,1167,A
2-PB1,2211,0,2,1082,0,1084,G
2-PB1,2212,0,0,1076,0,1076,G
2-PB1,2213,1075,0,1,0,1076,A
2-PB1,2214,1074,0,2,0,1076,A
2-PB1,2215,0,2,1072,0,1074,G
2-PB1,2216,1025,0,0,0,1025,A
2-PB1,2217,1,0,1026,0,1027,G
2-PB1,2218,0,988,0,1,989,T
2-PB1,2219,1,976,1,0,978,T
2-PB1,2220,8,1,1,977,987,C
2-PB1,2221,0,958,0,1,959,T
2-PB1,2222,4,0,0,956,960,C
2-PB1,2223,0,955,0,0,955,T
2-PB1,2224,1,2,948,0,951,G
2-PB1,2225,931,0,0,0,931,A
2-PB1,2226,0,2,919,0,921,G
2-PB1,2227,900,0,1,0,901,A
2-PB1,2228,0,876,0,0,876,T
2-PB1,2229,2,0,0,819,821,C
2-PB1,2230,825,0,1,0,826,A
2-PB1,2231,2,822,0,0,824,T
2-PB1,2232,0,0,821,0,821,G
2-PB1,2233,820,0,0,0,820,A
2-PB1,2234,808,0,10,0,818,A
2-PB1,2235,0,2,804,0,806,G
2-PB1,2236,792,0,0,0,792,A
2-PB1,2237,0,790,1,0,791,T
2-PB1,2238,0,0,0,780,780,C
2-PB1,2239,0,721,0,1,722,T
2-PB1,2240,1,0,720,0,721,G
2-PB1,2241,0,721,0,0,721,T
2-PB1,2242,0,719,0,0,719,T
2-PB1,2243,5,0,0,709,714,C
2-PB1,2244,2,0,0,678,680,C
2-PB1,2245,679,0,1,0,680,A
2-PB1,2246,0,0,0,680,680,C
2-PB1,2247,1,1,0,640,642,C
2-PB1,2248,627,0,0,0,627,A
2-PB1,2249,0,587,0,0,587,T
2-PB1,2250,0,569,0,0,569,T
2-PB1,2251,0,0,568,0,568,G
2-PB1,2252,565,0,1,0,566,A
2-PB1,2253,561,0,0,0,561,A
2-PB1,2254,0,2,558,0,560,G
2-PB1,2255,492,0,0,0,492,A
2-PB1,2256,489,0,0,0,489,A
2-PB1,2257,1,0,0,486,487,C
2-PB1,2258,0,466,0,2,468,T
2-PB1,2259,1,0,0,467,468,C
2-PB1,2260,448,0,0,0,448,A
2-PB1,2261,0,0,448,0,448,G
2-PB1,2262,445,0,1,0,446,A
2-PB1,2263,0,0,0,431,431,C
2-PB1,2264,0,0,425,0,425,G
2-PB1,2265,0,0,417,0,417,G
2-PB1,2266,0,0,0,416,416,C
2-PB1,2267,417,0,0,0,417,A
2-PB1,2268,413,0,0,0,413,A
2-PB1,2269,409,0,0,0,409,A
2-PB1,2270,408,0,0,0,408,A
2-PB1,2271,406,0,0,0,406,A
2-PB1,2272,0,400,0,0,400,T
2-PB1,2273,383,0,0,0,383,A
2-PB1,2274,383,0,0,0,383,A
3-PA,1,50,0,0,0,50,A
3-PA,2,0,49,0,0,49,T
3-PA,3,0,0,55,0,55,G
3-PA,4,0,0,56,0,56,G
3-PA,5,56,0,0,0,56,A
3-PA,6,56,0,0,0,56,A
3-PA,7,0,0,60,0,60,G
3-PA,8,63,0,0,0,63,A
3-PA,9,0,63,0,0,63,T
3-PA,10,0,63,0,0,63,T
3-PA,11,0,67,0,0,67,T
3-PA,12,0,68,0,0,68,T
3-PA,13,0,0,70,0,70,G
3-PA,14,0,70,0,0,70,T
3-PA,15,0,0,68,0,68,G
3-PA,16,0,1,0,71,72,C
3-PA,17,0,2,70,0,72,G
3-PA,18,86,0,0,0,86,A
3-PA,19,0,0,0,86,86,C
3-PA,20,86,0,0,0,86,A
3-PA,21,87,0,0,0,87,A
3-PA,22,0,87,0,0,87,T
3-PA,23,0,0,93,0,93,G
3-PA,24,0,0,0,95,95,C
3-PA,25,0,94,0,0,94,T
3-PA,26,0,95,0,0,95,T
3-PA,27,1,0,0,94,95,C
3-PA,28,94,0,0,0,94,A
3-PA,29,100,0,0,0,100,A
3-PA,30,0,0,0,102,102,C
3-PA,31,0,0,0,102,102,C
3-PA,32,0,0,0,103,103,C
3-PA,33,0,1,106,0,107,G
3-PA,34,106,0,0,0,106,A
3-PA,35,0,108,0,0,108,T
3-PA,36,0,0,107,0,107,G
3-PA,37,109,0,0,0,109,A
3-PA,38,0,112,0,0,112,T
3-PA,39,0,113,0,0,113,T
3-PA,40,0,0,113,0,113,G
3-PA,41,0,114,0,0,114,T
3-PA,42,0,0,0,114,114,C
3-PA,43,0,0,114,0,114,G
3-PA,44,115,0,0,0,115,A
3-PA,45,115,0,0,0,115,A
3-PA,46,0,0,0,118,118,C
3-PA,47,0,118,0,0,118,T
3-PA,48,0,118,0,0,118,T
3-PA,49,0,0,117,0,117,G
3-PA,50,0,0,0,118,118,C
3-PA,51,117,0,1,0,118,A
3-PA,52,0,1,117,0,118,G
3-PA,53,119,0,0,0,119,A
3-PA,54,120,0,0,0,120,A
3-PA,55,120,0,0,0,120,A
3-PA,56,120,0,0,0,120,A
3-PA,57,122,0,0,0,122,A
3-PA,58,0,1,123,0,124,G
3-PA,59,0,0,0,127,127,C
3-PA,60,127,0,0,0,127,A
3-PA,61,135,0,0,0,135,A
3-PA,62,0,136,0,0,136,T
3-PA,63,0,0,139,0,139,G
3-PA,64,142,0,0,0,142,A
3-PA,65,141,0,0,0,141,A
3-PA,66,144,0,0,0,144,A
3-PA,67,0,0,162,0,162,G
3-PA,68,173,0,0,0,173,A
3-PA,69,0,0,198,0,198,G
3-PA,70,0,198,0,0,198,T
3-PA,71,200,0,0,0,200,A
3-PA,72,0,200,0,0,200,T
3-PA,73,0,1,200,0,201,G
3-PA,74,0,0,202,0,202,G
3-PA,75,1,0,202,0,203,G
3-PA,76,0,0,203,0,203,G
3-PA,77,200,0,0,0,200,A
3-PA,78,0,0,201,0,201,G
3-PA,79,0,0,204,0,204,G
3-PA,80,206,0,0,0,206,A
3-PA,81,0,208,0,0,208,T
3-PA,82,1,0,0,207,208,C
3-PA,83,0,206,0,0,206,T
3-PA,84,0,1,205,0,206,G
3-PA,85,205,0,0,0,205,A
3-PA,86,208,0,0,0,208,A
3-PA,87,207,0,0,0,207,A
3-PA,88,207,0,0,0,207,A
3-PA,89,0,207,0,0,207,T
3-PA,90,0,207,0,0,207,T
3-PA,91,0,0,206,1,207,G
3-PA,92,206,0,0,0,206,A
3-PA,93,206,0,0,0,206,A
3-PA,94,205,0,1,0,206,A
3-PA,95,0,0,0,206,206,C
3-PA,96,208,0,0,0,208,A
3-PA,97,205,0,1,1,207,A
3-PA,98,207,0,0,1,208,A
3-PA,99,0,0,0,209,209,C
3-PA,100,209,0,0,0,209,A
3-PA,101,211,0,0,0,211,A
3-PA,102,213,0,0,0,213,A
3-PA,103,0,214,0,0,214,T
3-PA,104,0,217,0,0,217,T
3-PA,105,0,217,0,0,217,T
3-PA,106,0,0,217,0,217,G
3-PA,107,0,1,0,218,219,C
3-PA,108,218,0,2,0,220,A
3-PA,109,0,0,229,0,229,G
3-PA,110,0,0,0,230,230,C
3-PA,111,246,0,0,0,246,A
3-PA,112,250,0,0,0,250,A
3-PA,113,0,251,0,0,251,T
3-PA,114,257,0,0,0,257,A
3-PA,115,0,257,0,0,257,T
3-PA,116,0,1,262,0,263,G
3-PA,117,0,0,0,264,264,C
3-PA,118,264,1,1,0,266,A
3-PA,119,0,0,0,268,268,C
3-PA,120,0,265,0,0,265,T
3-PA,121,1,0,0,320,321,C
3-PA,122,328,0,1,0,329,A
3-PA,123,0,0,0,330,330,C
3-PA,124,0,328,0,0,328,T
3-PA,125,0,328,0,1,329,T
3-PA,126,0,1,329,0,330,G
3-PA,127,0,1,331,0,332,G
3-PA,128,329,0,1,0,330,A
3-PA,129,0,1,334,0,335,G
3-PA,130,0,0,337,0,337,G
3-PA,131,0,332,0,0,332,T
3-PA,132,0,0,348,0,348,G
3-PA,133,0,349,0,0,349,T
3-PA,134,0,0,352,0,352,G
3-PA,135,0,354,0,0,354,T
3-PA,136,0,352,0,0,352,T
3-PA,137,0,353,0,0,353,T
3-PA,138,4,0,0,355,359,C
3-PA,139,359,0,0,0,359,A
3-PA,140,0,361,0,0,361,T
3-PA,141,0,0,363,0,363,G
3-PA,142,0,362,0,0,362,T
3-PA,143,364,0,0,0,364,A
3-PA,144,0,363,0,0,363,T
3-PA,145,0,363,0,1,364,T
3-PA,146,0,0,0,367,367,C
3-PA,147,365,0,1,0,366,A
3-PA,148,0,0,368,0,368,G
3-PA,149,367,0,1,0,368,A
3-PA,150,0,367,0,1,368,T
3-PA,151,0,364,0,1,365,T
3-PA,152,0,367,0,0,367,T
3-PA,153,0,0,0,365,365,C
3-PA,154,4,0,0,379,383,C
3-PA,155,382,0,0,0,382,A
3-PA,156,0,384,0,0,384,T
3-PA,157,0,383,0,1,384,T
3-PA,158,0,384,0,0,384,T
3-PA,159,2,0,0,382,384,C
3-PA,160,386,0,0,0,386,A
3-PA,161,1,401,0,0,402,T
3-PA,162,1,0,0,402,403,C
3-PA,163,402,0,0,0,402,A
3-PA,164,403,0,0,0,403,A
3-PA,165,0,401,0,0,401,T
3-PA,166,0,5,410,0,415,G
3-PA,167,416,0,0,0,416,A
3-PA,168,414,0,0,0,414,A
3-PA,169,0,0,0,415,415,C
3-PA,170,411,0,0,0,411,A
3-PA,171,414,0,0,0,414,A
3-PA,172,1,0,419,0,420,G
3-PA,173,0,0,417,0,417,G
3-PA,174,1,0,0,417,418,C
3-PA,175,0,3,415,0,418,G
3-PA,176,436,0,0,0,436,A
3-PA,177,437,0,1,0,438,A
3-PA,178,0,437,0,1,438,T
3-PA,179,0,0,0,444,444,C
3-PA,180,441,0,0,0,441,A
3-PA,181,444,0,1,0,445,A
3-PA,182,1,447,0,0,448,T
3-PA,183,449,0,0,0,449,A
3-PA,184,0,0,459,0,459,G
3-PA,185,0,462,0,0,462,T
3-PA,186,0,5,465,0,470,G
3-PA,187,0,0,470,0,470,G
3-PA,188,1,465,0,0,466,T
3-PA,189,468,0,0,0,468,A
3-PA,190,0,3,469,0,472,G
3-PA,191,470,0,0,0,470,A
3-PA,192,469,0,0,0,469,A
3-PA,193,1,0,0,467,468,C
3-PA,194,0,460,0,0,460,T
3-PA,195,0,459,0,0,459,T
3-PA,196,0,3,456,0,459,G
3-PA,197,459,0,0,0,459,A
3-PA,198,0,0,0,459,459,C
3-PA,199,0,3,455,0,458,G
3-PA,200,470,0,0,0,470,A
3-PA,201,0,469,0,0,469,T
3-PA,202,2,0,0,474,476,C
3-PA,203,0,0,0,479,479,C
3-PA,204,479,0,0,0,479,A
3-PA,205,480,0,0,0,480,A
3-PA,206,481,0,0,0,481,A
3-PA,207,0,481,0,0,481,T
3-PA,208,1,0,483,0,484,G
3-PA,209,1,0,0,478,479,C
3-PA,210,474,0,0,0,474,A
3-PA,211,0,0,0,490,490,C
3-PA,212,1,485,0,0,486,T
3-PA,213,0,0,554,0,554,G
3-PA,214,0,556,0,0,556,T
3-PA,215,0,553,0,1,554,T
3-PA,216,554,0,0,0,554,A
3-PA,217,554,0,0,0,554,A
3-PA,218,554,0,1,0,555,A
3-PA,219,1,0,556,0,557,G
3-PA,220,0,0,0,551,551,C
3-PA,221,547,0,0,0,547,A
3-PA,222,0,0,0,545,545,C
3-PA,223,511,0,1,0,512,A
3-PA,224,0,1,532,0,533,G
3-PA,225,532,0,0,0,532,A
3-PA,226,0,534,0,1,535,T
3-PA,227,0,532,0,1,533,T
3-PA,228,0,530,0,0,530,T
3-PA,229,0,1,527,0,528,G
3-PA,230,533,0,0,0,533,A
3-PA,231,530,0,1,0,531,A
3-PA,232,531,0,0,0,531,A
3-PA,233,0,525,0,0,525,T
3-PA,234,524,0,0,0,524,A
3-PA,235,530,0,1,0,531,A
3-PA,236,0,531,0,0,531,T
3-PA,237,2,0,0,529,531,C
3-PA,238,0,2,528,0,530,G
3-PA,239,526,0,1,0,527,A
3-PA,240,0,0,534,0,534,G
3-PA,241,0,2,539,0,541,G
3-PA,242,0,0,538,0,538,G
3-PA,243,0,3,536,0,539,G
3-PA,244,533,0,0,0,533,A
3-PA,245,0,0,539,0,539,G
3-PA,246,548,0,1,0,549,A
3-PA,247,0,1,550,0,551,G
3-PA,248,550,0,3,0,553,A
3-PA,249,0,0,0,555,555,C
3-PA,250,548,0,0,0,548,A
3-PA,251,0,2,553,0,555,G
3-PA,252,554,0,0,0,554,A
3-PA,253,561,0,0,0,561,A
3-PA,254,0,1,0,558,559,C
3-PA,255,542,0,0,0,542,A
3-PA,256,540,0,1,0,541,A
3-PA,257,0,539,0,0,539,T
3-PA,258,0,0,558,0,558,G
3-PA,259,0,0,562,0,562,G
3-PA,260,0,0,0,559,559,C
3-PA,261,1,0,0,562,563,C
3-PA,262,0,560,0,0,560,T
3-PA,263,0,1,572,0,573,G
3-PA,264,0,0,575,0,575,G
3-PA,265,574,0,0,0,574,A
3-PA,266,0,0,0,576,576,C
3-PA,267,553,0,0,0,553,A
3-PA,268,0,0,618,0,618,G
3-PA,269,0,618,0,1,619,T
3-PA,270,623,0,0,0,623,A
3-PA,271,0,0,623,0,623,G
3-PA,272,0,617,0,0,617,T
3-PA,273,618,0,0,0,618,A
3-PA,274,614,1,1,0,616,A
3-PA,275,613,1,0,0,614,A
3-PA,276,0,0,0,623,623,C
3-PA,277,574,0,0,0,574,A
3-PA,278,3,0,580,0,583,G
3-PA,279,0,576,0,0,576,T
3-PA,280,586,0,0,0,586,A
3-PA,281,0,582,1,0,583,T
3-PA,282,2,1,0,581,584,C
3-PA,283,0,582,0,0,582,T
3-PA,284,0,0,586,0,586,G
3-PA,285,2,0,0,581,583,C
3-PA,286,581,0,0,0,581,A
3-PA,287,576,0,0,0,576,A
3-PA,288,0,0,0,582,582,C
3-PA,289,578,2,0,0,580,A
3-PA,290,0,0,0,612,612,C
3-PA,291,0,606,0,0,606,T
3-PA,292,608,0,0,0,608,A
3-PA,293,0,1,0,606,607,C
3-PA,294,0,606,0,1,607,T
3-PA,295,0,0,604,0,604,G
3-PA,296,1,0,609,0,610,G
3-PA,297,601,0,2,0,603,A
3-PA,298,1,0,604,0,605,G
3-PA,299,0,0,0,585,585,C
3-PA,300,0,583,0,0,583,T
3-PA,301,0,0,585,0,585,G
3-PA,302,0,2,582,0,584,G
3-PA,303,1,1,578,0,580,G
3-PA,304,585,0,0,0,585,A
3-PA,305,583,1,0,0,584,A
3-PA,306,584,0,0,0,584,A
3-PA,307,0,0,0,584,584,C
3-PA,308,0,1,0,583,584,C
3-PA,309,2,1,582,0,585,G
3-PA,310,584,0,1,0,585,A
3-PA,311,586,0,0,0,586,A
3-PA,312,0,0,585,0,585,G
3-PA,313,0,585,0,0,585,T
3-PA,314,0,585,0,0,585,T
3-PA,315,0,587,0,0,587,T
3-PA,316,1,0,0,583,584,C
3-PA,317,0,585,0,1,586,T
3-PA,318,586,1,0,0,587,A
3-PA,319,0,0,0,582,582,C
3-PA,320,0,0,0,587,587,C
3-PA,321,585,0,0,0,585,A
3-PA,322,0,1,591,0,592,G
3-PA,323,591,0,1,0,592,A
3-PA,324,0,591,0,0,591,T
3-PA,325,0,587,0,0,587,T
3-PA,326,0,585,0,0,585,T
3-PA,327,0,0,590,0,590,G
3-PA,328,0,590,0,0,590,T
3-PA,329,588,0,1,0,589,A
3-PA,330,0,590,0,0,590,T
3-PA,331,0,3,576,0,579,G
3-PA,332,607,0,0,0,607,A
3-PA,333,0,606,0,1,607,T
3-PA,334,0,605,0,0,605,T
3-PA,335,606,0,0,0,606,A
3-PA,336,0,0,0,608,608,C
3-PA,337,611,0,0,0,611,A
3-PA,338,611,0,0,0,611,A
3-PA,339,0,2,609,0,611,G
3-PA,340,0,0,618,0,618,G
3-PA,341,594,0,1,0,595,A
3-PA,342,0,2,604,0,606,G
3-PA,343,604,0,0,0,604,A
3-PA,344,603,0,2,0,605,A
3-PA,345,0,1,0,606,607,C
3-PA,346,593,0,1,0,594,A
3-PA,347,0,2,595,0,597,G
3-PA,348,595,0,0,0,595,A
3-PA,349,0,587,0,0,587,T
3-PA,350,0,588,0,0,588,T
3-PA,351,3,0,0,578,581,C
3-PA,352,581,0,0,0,581,A
3-PA,353,0,579,0,0,579,T
3-PA,354,1,0,0,581,582,C
3-PA,355,1,0,583,0,584,G
3-PA,356,592,0,0,0,592,A
3-PA,357,589,0,1,0,590,A
3-PA,358,591,0,0,0,591,A
3-PA,359,0,589,0,0,589,T
3-PA,360,0,587,0,0,587,T
3-PA,361,0,0,585,0,585,G
3-PA,362,0,3,584,0,587,G
3-PA,363,0,2,585,0,587,G
3-PA,364,1,0,588,0,589,G
3-PA,365,0,578,0,0,578,T
3-PA,366,1,4,579,0,584,G
3-PA,367,582,1,1,0,584,A
3-PA,368,0,0,0,589,589,C
3-PA,369,594,0,0,1,595,A
3-PA,370,592,0,0,0,592,A
3-PA,371,1,1,596,0,598,G
3-PA,372,0,1,600,0,601,G
3-PA,373,597,0,0,0,597,A
3-PA,374,0,3,596,0,599,G
3-PA,375,588,0,0,0,588,A
3-PA,376,0,0,590,0,590,G
3-PA,377,579,0,2,0,581,A
3-PA,378,582,0,1,0,583,A
3-PA,379,0,0,604,0,604,G
3-PA,380,0,593,0,0,593,T
3-PA,381,3,0,0,596,599,C
3-PA,382,0,3,0,593,596,C
3-PA,383,599,1,0,0,600,A
3-PA,384,0,0,0,611,611,C
3-PA,385,628,0,0,0,628,A
3-PA,386,0,640,0,0,640,T
3-PA,387,656,0,1,0,657,A
3-PA,388,0,641,0,0,641,T
3-PA,389,639,0,0,0,639,A
3-PA,390,0,625,0,3,628,T
3-PA,391,0,630,0,1,631,T
3-PA,392,653,0,0,0,653,A
3-PA,393,0,1,0,650,651,C
3-PA,394,2,0,0,632,634,C
3-PA,395,0,626,0,0,626,T
3-PA,396,0,611,0,1,612,T
3-PA,397,0,2,608,0,610,G
3-PA,398,610,0,0,0,610,A
3-PA,399,0,0,578,0,578,G
3-PA,400,582,0,0,0,582,A
3-PA,401,581,1,0,0,582,A
3-PA,402,0,0,589,0,589,G
3-PA,403,0,0,589,0,589,G
3-PA,404,0,0,0,589,589,C
3-PA,405,0,0,0,591,591,C
3-PA,406,589,0,0,0,589,A
3-PA,407,585,0,5,0,590,A
3-PA,408,0,588,0,0,588,T
3-PA,409,590,0,0,0,590,A
3-PA,410,590,0,0,0,590,A
3-PA,411,0,2,597,0,599,G
3-PA,412,594,0,1,0,595,A
3-PA,413,0,594,0,0,594,T
3-PA,414,0,593,0,0,593,T
3-PA,415,592,0,0,0,592,A
3-PA,416,597,0,0,0,597,A
3-PA,417,597,0,1,0,598,A
3-PA,418,0,600,0,0,600,T
3-PA,419,0,0,0,601,601,C
3-PA,420,0,583,0,0,583,T
3-PA,421,0,2,587,0,589,G
3-PA,422,589,0,0,0,589,A
3-PA,423,0,3,587,0,590,G
3-PA,424,594,0,0,0,594,A
3-PA,425,594,0,1,0,595,A
3-PA,426,0,1,0,594,595,C
3-PA,427,589,0,0,0,589,A
3-PA,428,0,0,0,595,595,C
3-PA,429,593,0,0,0,593,A
3-PA,430,0,0,0,599,599,C
3-PA,431,593,0,0,0,593,A
3-PA,432,0,0,0,605,605,C
3-PA,433,600,0,0,0,600,A
3-PA,434,1,602,0,0,603,T
3-PA,435,0,601,0,0,601,T
3-PA,436,3,0,0,596,599,C
3-PA,437,597,0,0,0,597,A
3-PA,438,0,0,0,603,603,C
3-PA,439,601,0,0,0,601,A
3-PA,440,0,601,0,0,601,T
3-PA,441,0,581,0,1,582,T
3-PA,442,0,593,0,1,594,T
3-PA,443,0,592,0,0,592,T
3-PA,444,1,0,0,601,602,C
3-PA,445,1,599,0,0,600,T
3-PA,446,1,0,0,602,603,C
3-PA,447,600,1,1,0,602,A
3-PA,448,0,599,0,2,601,T
3-PA,449,0,606,0,0,606,T
3-PA,450,3,2,0,600,605,C
3-PA,451,601,0,0,0,601,A
3-PA,452,0,0,0,602,602,C
3-PA,453,0,604,0,0,604,T
3-PA,454,0,1,604,0,605,G
3-PA,455,0,0,606,0,606,G
3-PA,456,589,0,1,0,590,A
3-PA,457,0,1,608,0,609,G
3-PA,458,608,0,1,0,609,A
3-PA,459,0,1,612,0,613,G
3-PA,460,0,0,618,0,618,G
3-PA,461,611,0,1,0,612,A
3-PA,462,611,0,1,0,612,A
3-PA,463,602,1,0,0,603,A
3-PA,464,0,594,0,0,594,T
3-PA,465,0,2,592,0,594,G
3-PA,466,0,1,596,0,597,G
3-PA,467,0,0,0,600,600,C
3-PA,468,3,1,0,597,601,C
3-PA,469,600,1,0,0,601,A
3-PA,470,0,0,0,603,603,C
3-PA,471,604,0,0,0,604,A
3-PA,472,609,0,0,0,609,A
3-PA,473,607,0,2,0,609,A
3-PA,474,1,3,608,0,612,G
3-PA,475,0,0,619,0,619,G
3-PA,476,0,0,0,618,618,C
3-PA,477,623,0,0,0,623,A
3-PA,478,0,1,629,0,630,G
3-PA,479,627,1,0,0,628,A
3-PA,480,0,0,0,638,638,C
3-PA,481,0,635,0,0,635,T
3-PA,482,632,0,1,0,633,A
3-PA,483,0,0,0,629,629,C
3-PA,484,628,0,0,0,628,A
3-PA,485,0,0,0,627,627,C
3-PA,486,0,609,0,2,611,T
3-PA,487,0,0,0,611,611,C
3-PA,488,0,612,0,0,612,T
3-PA,489,2,0,0,606,608,C
3-PA,490,1,2,605,0,608,G
3-PA,491,606,0,0,0,606,A
3-PA,492,0,0,0,604,604,C
3-PA,493,1,1,609,0,611,G
3-PA,494,607,0,0,0,607,A
3-PA,495,0,0,610,0,610,G
3-PA,496,0,0,608,0,608,G
3-PA,497,607,0,0,0,607,A
3-PA,498,609,0,0,0,609,A
3-PA,499,606,0,2,1,609,A
3-PA,500,0,0,612,0,612,G
3-PA,501,1,1,0,609,611,C
3-PA,502,602,0,0,0,602,A
3-PA,503,0,0,611,0,611,G
3-PA,504,0,2,612,0,614,G
3-PA,505,0,1,610,0,611,G
3-PA,506,0,0,0,613,613,C
3-PA,507,0,610,0,0,610,T
3-PA,508,610,0,0,0,610,A
3-PA,509,0,1,620,0,621,G
3-PA,510,0,1,642,0,643,G
3-PA,511,645,0,0,0,645,A
3-PA,512,0,622,0,0,622,T
3-PA,513,0,610,0,0,610,T
3-PA,514,608,0,0,0,608,A
3-PA,515,611,0,1,0,612,A
3-PA,516,0,4,609,1,614,G
3-PA,517,614,0,0,0,614,A
3-PA,518,0,0,0,612,612,C
3-PA,519,1,1,0,566,568,C
3-PA,520,558,0,2,0,560,A
3-PA,521,0,3,567,0,570,G
3-PA,522,0,0,574,0,574,G
3-PA,523,1,0,0,573,574,C
3-PA,524,0,574,0,1,575,T
3-PA,525,0,570,0,1,571,T
3-PA,526,0,578,0,0,578,T
3-PA,527,0,579,0,0,579,T
3-PA,528,0,578,1,0,579,T
3-PA,529,580,1,0,0,581,A
3-PA,530,0,0,0,581,581,C
3-PA,531,2,0,0,564,566,C
3-PA,532,563,0,1,0,564,A
3-PA,533,0,564,0,1,565,T
3-PA,534,563,0,0,0,563,A
3-PA,535,561,0,1,0,562,A
3-PA,536,0,0,571,0,571,G
3-PA,537,571,0,0,0,571,A
3-PA,538,0,0,0,572,572,C
3-PA,539,568,0,0,0,568,A
3-PA,540,569,0,0,0,569,A
3-PA,541,0,0,575,0,575,G
3-PA,542,573,0,0,0,573,A
3-PA,543,570,0,1,0,571,A
3-PA,544,567,0,0,0,567,A
3-PA,545,0,549,0,0,549,T
3-PA,546,0,0,557,0,557,G
3-PA,547,0,0,560,0,560,G
3-PA,548,0,0,0,557,557,C
3-PA,549,0,0,0,558,558,C
3-PA,550,556,0,1,0,557,A
3-PA,551,578,0,0,0,578,A
3-PA,552,0,1,0,577,578,C
3-PA,553,574,0,0,0,574,A
3-PA,554,0,2,574,0,576,G
3-PA,555,560,0,1,0,561,A
3-PA,556,0,0,577,0,577,G
3-PA,557,1,1,579,0,581,G
3-PA,558,0,1,0,575,576,C
3-PA,559,0,1,0,574,575,C
3-PA,560,0,547,0,0,547,T
3-PA,561,548,0,0,0,548,A
3-PA,562,0,553,0,0,553,T
3-PA,563,1,2,550,0,553,G
3-PA,564,0,0,554,0,554,G
3-PA,565,0,2,535,0,537,G
3-PA,566,518,0,0,0,518,A
3-PA,567,0,509,0,0,509,T
3-PA,568,0,501,0,0,501,T
3-PA,569,0,0,0,585,585,C
3-PA,570,0,0,0,578,578,C
3-PA,571,1,578,0,0,579,T
3-PA,572,0,580,0,0,580,T
3-PA,573,0,586,0,0,586,T
3-PA,574,1,0,0,597,598,C
3-PA,575,1,0,597,0,598,G
3-PA,576,0,595,0,2,597,T
3-PA,577,0,0,0,597,597,C
3-PA,578,584,0,1,0,585,A
3-PA,579,0,1,718,0,719,G
3-PA,580,0,719,0,1,720,T
3-PA,581,5,0,0,709,714,C
3-PA,582,1,1,0,715,717,C
3-PA,583,0,5,724,1,730,G
3-PA,584,725,1,1,0,727,A
3-PA,585,730,0,0,0,730,A
3-PA,586,727,0,0,0,727,A
3-PA,587,0,1,744,0,745,G
3-PA,588,725,0,1,1,727,A
3-PA,589,0,1,745,0,746,G
3-PA,590,0,2,748,0,750,G
3-PA,591,0,0,0,750,750,C
3-PA,592,0,3,750,0,753,G
3-PA,593,754,0,1,0,755,A
3-PA,594,750,1,5,0,756,A
3-PA,595,0,4,757,0,761,G
3-PA,596,763,0,1,0,764,A
3-PA,597,764,0,1,0,765,A
3-PA,598,763,0,1,0,764,A
3-PA,599,0,0,0,771,771,C
3-PA,600,770,1,0,0,771,A
3-PA,601,771,0,1,0,772,A
3-PA,602,2,769,0,0,771,T
3-PA,603,0,772,0,0,772,T
3-PA,604,0,0,773,0,773,G
3-PA,605,769,0,2,0,771,A
3-PA,606,769,0,1,0,770,A
3-PA,607,0,1,774,0,775,G
3-PA,608,772,0,1,0,773,A
3-PA,609,772,0,0,0,772,A
3-PA,610,772,0,0,0,772,A
3-PA,611,774,1,0,0,775,A
3-PA,612,774,0,0,0,774,A
3-PA,613,0,775,0,1,776,T
3-PA,614,0,775,0,1,776,T
3-PA,615,0,778,0,1,779,T
3-PA,616,1,4,773,0,778,G
3-PA,617,776,0,0,0,776,A
3-PA,618,776,0,2,0,778,A
3-PA,619,780,0,0,0,780,A
3-PA,620,0,799,0,0,799,T
3-PA,621,2,0,0,892,894,C
3-PA,622,890,0,0,0,890,A
3-PA,623,0,0,0,905,905,C
3-PA,624,903,1,1,0,905,A
3-PA,625,0,2,926,0,928,G
3-PA,626,0,6,962,0,968,G
3-PA,627,990,0,1,0,991,A
3-PA,628,1008,0,0,0,1008,A
3-PA,629,0,0,0,1020,1020,C
3-PA,630,0,976,0,0,976,T
3-PA,631,1078,0,0,0,1078,A
3-PA,632,0,1095,0,1,1096,T
3-PA,633,0,0,1139,1,1140,G
3-PA,634,0,2,0,1130,1132,C
3-PA,635,1,0,1112,0,1113,G
3-PA,636,0,1115,0,0,1115,T
3-PA,637,1109,1,0,0,1110,A
3-PA,638,0,3,1118,1,1122,G
3-PA,639,1,0,1120,0,1121,G
3-PA,640,0,0,0,1110,1110,C
3-PA,641,0,1097,0,0,1097,T
3-PA,642,0,1090,0,0,1090,T
3-PA,643,0,1,1088,0,1089,G
3-PA,644,0,4,0,1087,1091,C
3-PA,645,1,1,0,1087,1089,C
3-PA,646,2,5,1092,0,1099,G
3-PA,647,1103,0,0,0,1103,A
3-PA,648,0,1,0,1108,1109,C
3-PA,649,0,0,1,1106,1107,C
3-PA,650,1109,0,0,0,1109,A
3-PA,651,1113,0,0,0,1113,A
3-PA,652,1105,0,1,1,1107,A
3-PA,653,0,0,1134,0,1134,G
3-PA,654,1,1132,0,0,1133,T
3-PA,655,3,0,0,1138,1141,C
3-PA,656,0,1139,0,0,1139,T
3-PA,657,3,0,0,1143,1146,C
3-PA,658,2,1,0,1157,1160,C
3-PA,659,4,1,0,1158,1163,C
3-PA,660,1167,0,0,0,1167,A
3-PA,661,1,0,0,1168,1169,C
3-PA,662,1,1,0,1162,1164,C
3-PA,663,0,2,1166,0,1168,G
3-PA,664,1179,0,0,0,1179,A
3-PA,665,1184,0,0,1,1185,A
3-PA,666,0,0,0,1196,1196,C
3-PA,667,0,1185,0,0,1185,T
3-PA,668,0,1212,0,2,1214,T
3-PA,669,0,0,0,1237,1237,C
3-PA,670,1,1229,0,1,1231,T
3-PA,671,5,0,0,1230,1235,C
3-PA,672,1,0,1,1235,1237,C
3-PA,673,0,1225,0,0,1225,T
3-PA,674,1,1,1234,0,1236,G
3-PA,675,1,0,0,1231,1232,C
3-PA,676,2,0,0,1235,1237,C
3-PA,677,0,1235,1,1,1237,T
3-PA,678,0,1226,1,0,1227,T
3-PA,679,0,4,1227,0,1231,G
3-PA,680,1226,1,0,0,1227,A
3-PA,681,0,5,1247,0,1252,G
3-PA,682,1251,0,0,0,1251,A
3-PA,683,1264,0,0,0,1264,A
3-PA,684,0,1287,0,0,1287,T
3-PA,685,0,1289,0,3,1292,T
3-PA,686,0,1293,0,1,1294,T
3-PA,687,0,1292,0,0,1292,T
3-PA,688,1289,1,0,0,1290,A
3-PA,689,2,2,1292,0,1296,G
3-PA,690,1281,0,1,1,1283,A
3-PA,691,0,1,1342,0,1343,G
3-PA,692,0,0,0,1347,1347,C
3-PA,693,1,0,1,1346,1348,C
3-PA,694,1,1379,0,1,1381,T
3-PA,695,1448,0,0,0,1448,A
3-PA,696,0,1451,0,0,1451,T
3-PA,697,1,0,1466,0,1467,G
3-PA,698,1,1463,0,1,1465,T
3-PA,699,0,2,1473,0,1475,G
3-PA,700,0,3,1454,0,1457,G
3-PA,701,1451,0,1,0,1452,A
3-PA,702,0,1435,0,0,1435,T
3-PA,703,0,9,1410,0,1419,G
3-PA,704,0,8,1459,0,1467,G
3-PA,705,1467,2,1,0,1470,A
3-PA,706,0,1464,0,0,1464,T
3-PA,707,0,1459,0,0,1459,T
3-PA,708,6,0,0,1453,1459,C
3-PA,709,1,8,1455,0,1464,G
3-PA,710,1470,0,1,0,1471,A
3-PA,711,1470,0,0,0,1470,A
3-PA,712,0,1,0,1476,1477,C
3-PA,713,6,0,0,1445,1451,C
3-PA,714,0,6,1456,0,1462,G
3-PA,715,1460,0,0,0,1460,A
3-PA,716,1459,0,0,1,1460,A
3-PA,717,0,1,0,1466,1467,C
3-PA,718,1,4,1453,0,1458,G
3-PA,719,1,0,1491,0,1492,G
3-PA,720,0,0,0,1498,1498,C
3-PA,721,0,1496,0,0,1496,T
3-PA,722,0,1,1541,0,1542,G
3-PA,723,0,0,0,1541,1541,C
3-PA,724,1557,0,1,0,1558,A
3-PA,725,0,1558,0,0,1558,T
3-PA,726,0,1544,0,1,1545,T
3-PA,727,0,3,1547,1,1551,G
3-PA,728,1503,0,2,0,1505,A
3-PA,729,0,3,1519,0,1522,G
3-PA,730,0,3,1519,1,1523,G
3-PA,731,2,0,1495,0,1497,G
3-PA,732,0,0,0,1497,1497,C
3-PA,733,1491,1,0,0,1492,A
3-PA,734,1496,1,0,0,1497,A
3-PA,735,1,1,1506,0,1508,G
3-PA,736,0,0,0,1513,1513,C
3-PA,737,0,1514,0,1,1515,T
3-PA,738,1,1513,0,0,1514,T
3-PA,739,0,1517,0,0,1517,T
3-PA,740,4,0,1,1517,1522,C
3-PA,741,1,1519,0,2,1522,T
3-PA,742,7,0,0,1526,1533,C
3-PA,743,1521,1,1,0,1523,A
3-PA,744,1517,0,0,0,1517,A
3-PA,745,1517,0,0,0,1517,A
3-PA,746,0,1514,0,0,1514,T
3-PA,747,0,0,1569,0,1569,G
3-PA,748,0,1564,0,0,1564,T
3-PA,749,8,0,0,1578,1586,C
3-PA,750,2,0,0,1582,1584,C
3-PA,751,1589,0,0,0,1589,A
3-PA,752,1583,0,1,0,1584,A
3-PA,753,1587,0,2,0,1589,A
3-PA,754,0,1,1625,0,1626,G
3-PA,755,1615,0,1,0,1616,A
3-PA,756,1581,0,3,0,1584,A
3-PA,757,0,0,1590,0,1590,G
3-PA,758,0,1578,0,1,1579,T
3-PA,759,0,7,1572,0,1579,G
3-PA,760,1575,1,0,0,1576,A
3-PA,761,1575,0,0,1,1576,A
3-PA,762,1,1574,0,2,1577,T
3-PA,763,0,0,1579,0,1579,G
3-PA,764,0,0,0,1588,1588,C
3-PA,765,1,0,0,1590,1591,C
3-PA,766,0,0,0,1594,1594,C
3-PA,767,1598,1,0,0,1599,A
3-PA,768,1620,0,0,0,1620,A
3-PA,769,1629,0,0,0,1629,A
3-PA,770,0,1629,0,0,1629,T
3-PA,771,0,1623,0,0,1623,T
3-PA,772,0,10,1614,0,1624,G
3-PA,773,1617,0,0,0,1617,A
3-PA,774,1614,2,3,0,1619,A
3-PA,775,0,1,0,1625,1626,C
3-PA,776,1,0,0,1620,1621,C
3-PA,777,1,1609,0,0,1610,T
3-PA,778,0,1653,0,0,1653,T
3-PA,779,1,1655,0,0,1656,T
3-PA,780,1,1694,0,0,1695,T
3-PA,781,1,0,0,1704,1705,C
3-PA,782,0,1703,0,2,1705,T
3-PA,783,0,0,1709,0,1709,G
3-PA,784,1700,1,0,0,1701,A
3-PA,785,1731,0,2,0,1733,A
3-PA,786,0,14,1726,0,1740,G
3-PA,787,1714,1,0,0,1715,A
3-PA,788,0,0,0,1726,1726,C
3-PA,789,1688,1,1,0,1690,A
3-PA,790,1698,0,3,0,1701,A
3-PA,791,1,0,0,1886,1887,C
3-PA,792,1894,0,1,0,1895,A
3-PA,793,1,0,0,1893,1894,C
3-PA,794,1,2,0,1881,1884,C
3-PA,795,1869,0,1,0,1870,A
3-PA,796,1870,0,2,0,1872,A
3-PA,797,2,8,1866,0,1876,G
3-PA,798,1877,1,1,0,1879,A
3-PA,799,0,1,0,1876,1877,C
3-PA,800,5,0,0,1749,1754,C
3-PA,801,1747,0,0,0,1747,A
3-PA,802,1751,1,0,0,1752,A
3-PA,803,0,1754,0,0,1754,T
3-PA,804,6,0,0,1750,1756,C
3-PA,805,1749,0,2,0,1751,A
3-PA,806,1741,0,1,0,1742,A
3-PA,807,1741,0,1,0,1742,A
3-PA,808,0,0,0,1759,1759,C
3-PA,809,0,1740,0,0,1740,T
3-PA,810,0,1763,0,0,1763,T
3-PA,811,2,0,0,1770,1772,C
3-PA,812,4,0,0,1768,1772,C
3-PA,813,0,2,1782,0,1784,G
3-PA,814,1783,0,0,0,1783,A
3-PA,815,1783,0,0,0,1783,A
3-PA,816,0,1787,0,0,1787,T
3-PA,817,0,7,1762,0,1769,G
3-PA,818,0,3,1778,0,1781,G
3-PA,819,1785,0,3,0,1788,A
3-PA,820,0,3,1,1790,1794,C
3-PA,821,2,0,0,1795,1797,C
3-PA,822,0,1836,0,0,1836,T
3-PA,823,2,0,0,1882,1884,C
3-PA,824,3,0,0,1888,1891,C
3-PA,825,0,1888,0,0,1888,T
3-PA,826,0,1896,0,0,1896,T
3-PA,827,0,0,2008,0,2008,G
3-PA,828,0,1989,0,1,1990,T
3-PA,829,0,1984,0,1,1985,T
3-PA,830,1984,1,0,0,1985,A
3-PA,831,0,1941,0,0,1941,T
3-PA,832,1,2,0,1924,1927,C
3-PA,833,1898,0,1,0,1899,A
3-PA,834,0,3,1895,0,1898,G
3-PA,835,1,4,0,1884,1889,C
3-PA,836,0,1,1843,0,1844,G
3-PA,837,2,0,1908,0,1910,G
3-PA,838,0,1900,0,2,1902,T
3-PA,839,8,0,0,1895,1903,C
3-PA,840,3,1,1,1906,1911,C
3-PA,841,1919,1,1,0,1921,A
3-PA,842,1926,1,0,0,1927,A
3-PA,843,1927,0,0,1,1928,A
3-PA,844,0,1924,0,1,1925,T
3-PA,845,0,1929,0,1,1930,T
3-PA,846,5,0,0,1917,1922,C
3-PA,847,1,0,0,1898,1899,C
3-PA,848,0,1901,0,0,1901,T
3-PA,849,3,0,0,1903,1906,C
3-PA,850,3,0,0,1910,1913,C
3-PA,851,1,1905,0,0,1906,T
3-PA,852,0,2,1924,0,1926,G
3-PA,853,1927,0,0,0,1927,A
3-PA,854,0,1924,0,0,1924,T
3-PA,855,1,5,1900,0,1906,G
3-PA,856,0,2,1884,0,1886,G
3-PA,857,1884,1,0,0,1885,A
3-PA,858,0,1865,0,1,1866,T
3-PA,859,0,1,1867,0,1868,G
3-PA,860,0,0,0,1978,1978,C
3-PA,861,0,1958,0,3,1961,T
3-PA,862,0,1970,0,1,1971,T
3-PA,863,0,1974,0,0,1974,T
3-PA,864,1978,0,0,0,1978,A
3-PA,865,1985,0,1,0,1986,A
3-PA,866,1983,0,0,0,1983,A
3-PA,867,1988,0,4,0,1992,A
3-PA,868,0,1989,0,0,1989,T
3-PA,869,0,1863,0,1,1864,T
3-PA,870,0,13,1855,0,1868,G
3-PA,871,1856,0,2,0,1858,A
3-PA,872,0,0,1889,0,1889,G
3-PA,873,1,3,0,1886,1890,C
3-PA,874,1883,0,0,0,1883,A
3-PA,875,0,1913,0,0,1913,T
3-PA,876,0,1908,0,0,1908,T
3-PA,877,0,7,1900,0,1907,G
3-PA,878,1907,1,1,0,1909,A
3-PA,879,1892,2,2,0,1896,A
3-PA,880,0,4,1901,0,1905,G
3-PA,881,1887,0,3,0,1890,A
3-PA,882,2,1,0,1902,1905,C
3-PA,883,1,0,0,1885,1886,C
3-PA,884,4,0,0,1867,1871,C
3-PA,885,1864,0,0,0,1864,A
3-PA,886,1881,0,0,1,1882,A
3-PA,887,0,0,1889,0,1889,G
3-PA,888,0,1898,0,2,1900,T
3-PA,889,9,1,0,1880,1890,C
3-PA,890,1889,0,0,0,1889,A
3-PA,891,0,0,0,1877,1877,C
3-PA,892,0,2,1877,0,1879,G
3-PA,893,1904,0,2,0,1906,A
3-PA,894,1902,0,1,0,1903,A
3-PA,895,2,2,1961,0,1965,G
3-PA,896,1,3,1961,0,1965,G
3-PA,897,1956,0,1,0,1957,A
3-PA,898,0,4,1968,0,1972,G
3-PA,899,1968,0,2,0,1970,A
3-PA,900,1972,0,2,0,1974,A
3-PA,901,0,4,1976,0,1980,G
3-PA,902,3,4,1946,0,1953,G
3-PA,903,0,1,1954,0,1955,G
3-PA,904,1922,1,2,0,1925,A
3-PA,905,1,1924,0,0,1925,T
3-PA,906,1,0,0,1936,1937,C
3-PA,907,3,1,0,2077,2081,C
3-PA,908,4,1,0,2109,2114,C
3-PA,909,2135,0,1,0,2136,A
3-PA,910,0,2135,1,0,2136,T
3-PA,911,1,2139,0,1,2141,T
3-PA,912,2199,0,0,0,2199,A
3-PA,913,0,2191,1,1,2193,T
3-PA,914,2185,0,2,0,2187,A
3-PA,915,0,2176,0,0,2176,T
3-PA,916,0,6,1940,0,1946,G
3-PA,917,1945,0,3,0,1948,A
3-PA,918,0,1917,0,1,1918,T
3-PA,919,0,0,1945,0,1945,G
3-PA,920,0,0,0,1926,1926,C
3-PA,921,0,9,1925,0,1934,G
3-PA,922,1948,0,1,0,1949,A
3-PA,923,1,1943,0,2,1946,T
3-PA,924,10,0,0,1941,1951,C
3-PA,925,1949,0,1,0,1950,A
3-PA,926,1942,0,2,0,1944,A
3-PA,927,0,1,1949,0,1950,G
3-PA,928,1,1934,1,2,1938,T
3-PA,929,1,0,1946,0,1947,G
3-PA,930,2,2,0,1945,1949,C
3-PA,931,1936,0,2,1,1939,A
3-PA,932,0,1946,0,0,1946,T
3-PA,933,1936,0,0,0,1936,A
3-PA,934,1966,0,0,0,1966,A
3-PA,935,1962,0,2,0,1964,A
3-PA,936,1951,1,2,0,1954,A
3-PA,937,1958,1,1,0,1960,A
3-PA,938,0,3,0,1954,1957,C
3-PA,939,1944,0,0,0,1944,A
3-PA,940,0,1940,0,2,1942,T
3-PA,941,0,1951,0,0,1951,T
3-PA,942,2,0,0,1966,1968,C
3-PA,943,0,1946,1,1,1948,T
3-PA,944,0,1948,1,0,1949,T
3-PA,945,0,1946,1,1,1948,T
3-PA,946,0,5,1954,1,1960,G
3-PA,947,2,4,1959,0,1965,G
3-PA,948,1958,0,1,0,1959,A
3-PA,949,0,1953,0,1,1954,T
3-PA,950,3,3,1965,0,1971,G
3-PA,951,0,2,2002,0,2004,G
3-PA,952,2000,0,3,0,2003,A
3-PA,953,2009,0,0,0,2009,A
3-PA,954,2008,0,1,0,2009,A
3-PA,955,0,6,2026,0,2032,G
3-PA,956,2024,0,2,0,2026,A
3-PA,957,2209,1,2,0,2212,A
3-PA,958,0,0,0,2241,2241,C
3-PA,959,3,0,0,2242,2245,C
3-PA,960,0,2228,0,0,2228,T
3-PA,961,0,2271,0,1,2272,T
3-PA,962,2279,0,0,0,2279,A
3-PA,963,0,2275,0,2,2277,T
3-PA,964,2269,0,0,0,2269,A
3-PA,965,0,2307,0,0,2307,T
3-PA,966,2117,0,3,0,2120,A
3-PA,967,0,1,2137,0,2138,G
3-PA,968,1,2123,0,1,2125,T
3-PA,969,9,0,0,2109,2118,C
3-PA,970,2092,0,1,0,2093,A
3-PA,971,2105,0,0,0,2105,A
3-PA,972,2090,0,11,0,2101,A
3-PA,973,1,0,1,2110,2112,C
3-PA,974,1,0,1,2082,2084,C
3-PA,975,2061,0,1,1,2063,A
3-PA,976,0,0,1,2071,2072,C
3-PA,977,2080,0,0,0,2080,A
3-PA,978,0,2,0,2085,2087,C
3-PA,979,2,7,2080,0,2089,G
3-PA,980,2085,0,0,0,2085,A
3-PA,981,2089,0,1,1,2091,A
3-PA,982,2081,0,0,0,2081,A
3-PA,983,2090,0,1,0,2091,A
3-PA,984,0,4,2091,1,2096,G
3-PA,985,0,3,2080,0,2083,G
3-PA,986,0,11,2077,0,2088,G
3-PA,987,2082,0,1,0,2083,A
3-PA,988,2089,1,1,0,2091,A
3-PA,989,0,2087,0,0,2087,T
3-PA,990,2082,0,1,0,2083,A
3-PA,991,2086,1,1,0,2088,A
3-PA,992,2090,0,0,0,2090,A
3-PA,993,0,2081,0,1,2082,T
3-PA,994,0,2079,0,0,2079,T
3-PA,995,10,1,0,2092,2103,C
3-PA,996,2098,1,2,0,2101,A
3-PA,997,2102,1,1,0,2104,A
3-PA,998,2106,0,2,0,2108,A
3-PA,999,0,2104,0,0,2104,T
3-PA,1000,0,2105,0,0,2105,T
3-PA,1001,2116,0,0,0,2116,A
3-PA,1002,1,0,0,2113,2114,C
3-PA,1003,1,0,0,2115,2116,C
3-PA,1004,1,2096,0,2,2099,T
3-PA,1005,0,0,2121,0,2121,G
3-PA,1006,1,1,1,2130,2133,C
3-PA,1007,1,2123,0,3,2127,T
3-PA,1008,0,1,2178,0,2179,G
3-PA,1009,0,2175,0,2,2177,T
3-PA,1010,8,0,0,2163,2171,C
3-PA,1011,2178,0,0,0,2178,A
3-PA,1012,0,2174,0,0,2174,T
3-PA,1013,2,0,2175,1,2178,G
3-PA,1014,2,3,2169,0,2174,G
3-PA,1015,2171,0,2,0,2173,A
3-PA,1016,2208,0,7,0,2215,A
3-PA,1017,0,0,2206,0,2206,G
3-PA,1018,3,2,0,2200,2205,C
3-PA,1019,2184,2,3,0,2189,A
3-PA,1020,2198,0,1,0,2199,A
3-PA,1021,1,0,2217,0,2218,G
3-PA,1022,1,2214,0,0,2215,T
3-PA,1023,2202,0,0,0,2202,A
3-PA,1024,0,1,0,2211,2212,C
3-PA,1025,0,2166,0,1,2167,T
3-PA,1026,0,0,2179,0,2179,G
3-PA,1027,0,2167,0,1,2168,T
3-PA,1028,10,0,0,2163,2173,C
3-PA,1029,2163,0,4,0,2167,A
3-PA,1030,1,7,2179,0,2187,G
3-PA,1031,2184,0,0,0,2184,A
3-PA,1032,2184,0,0,0,2184,A
3-PA,1033,0,2209,2,1,2212,T
3-PA,1034,1,2179,0,17,2197,T
3-PA,1035,0,0,2192,0,2192,G
3-PA,1036,0,2,1,2183,2186,C
3-PA,1037,2177,0,3,0,2180,A
3-PA,1038,0,7,2178,0,2185,G
3-PA,1039,0,3,2169,0,2172,G
3-PA,1040,2177,0,1,0,2178,A
3-PA,1041,0,0,0,2166,2166,C
3-PA,1042,1,1,2148,0,2150,G
3-PA,1043,1,2182,1,0,2184,T
3-PA,1044,0,2190,0,0,2190,T
3-PA,1045,0,6,2196,2,2204,G
3-PA,1046,2202,0,0,0,2202,A
3-PA,1047,2205,0,0,0,2205,A
3-PA,1048,2206,0,0,0,2206,A
3-PA,1049,2177,0,27,0,2204,A
3-PA,1050,0,2200,0,0,2200,T
3-PA,1051,1,4,2211,0,2216,G
3-PA,1052,2204,1,5,1,2211,A
3-PA,1053,0,4,2215,0,2219,G
3-PA,1054,0,6,2222,0,2228,G
3-PA,1055,2217,1,1,0,2219,A
3-PA,1056,0,4,2224,0,2228,G
3-PA,1057,2230,0,0,0,2230,A
3-PA,1058,2215,0,3,1,2219,A
3-PA,1059,0,1,2219,0,2220,G
3-PA,1060,0,0,2185,0,2185,G
3-PA,1061,0,2311,0,1,2312,T
3-PA,1062,0,2321,0,1,2322,T
3-PA,1063,5,0,0,2322,2327,C
3-PA,1064,1,1,0,2323,2325,C
3-PA,1065,2325,0,1,0,2326,A
3-PA,1066,2323,2,1,0,2326,A
3-PA,1067,0,0,2341,0,2341,G
3-PA,1068,0,7,2344,0,2351,G
3-PA,1069,2314,0,1,0,2315,A
3-PA,1070,1,0,0,2325,2326,C
3-PA,1071,0,2313,0,3,2316,T
3-PA,1072,2315,0,0,1,2316,A
3-PA,1073,2321,0,0,0,2321,A
3-PA,1074,2320,0,0,0,2320,A
3-PA,1075,2325,0,0,0,2325,A
3-PA,1076,2301,1,1,2,2305,A
3-PA,1077,0,2,0,2276,2278,C
3-PA,1078,2274,0,1,0,2275,A
3-PA,1079,1,2262,0,1,2264,T
3-PA,1080,0,4,2286,0,2290,G
3-PA,1081,2294,0,2,0,2296,A
3-PA,1082,2290,1,0,0,2291,A
3-PA,1083,1,4,2301,0,2306,G
3-PA,1084,2299,0,1,0,2300,A
3-PA,1085,2294,0,1,0,2295,A
3-PA,1086,2297,0,0,0,2297,A
3-PA,1087,2285,1,7,4,2297,A
3-PA,1088,0,1,0,2304,2305,C
3-PA,1089,0,8,2294,0,2302,G
3-PA,1090,2308,0,4,0,2312,A
3-PA,1091,1,0,2320,0,2321,G
3-PA,1092,0,2310,0,2,2312,T
3-PA,1093,12,0,0,2341,2353,C
3-PA,1094,2354,0,1,0,2355,A
3-PA,1095,2379,2,0,0,2381,A
3-PA,1096,0,1,0,2378,2379,C
3-PA,1097,0,2369,0,1,2370,T
3-PA,1098,1,8,2395,0,2404,G
3-PA,1099,2400,0,1,0,2401,A
3-PA,1100,2399,0,5,0,2404,A
3-PA,1101,1,2,2410,0,2413,G
3-PA,1102,0,2361,0,1,2362,T
3-PA,1103,1,5,2364,1,2371,G
3-PA,1104,3,3,2351,0,2357,G
3-PA,1105,1,2,2364,0,2367,G
3-PA,1106,0,1,0,2369,2370,C
3-PA,1107,0,2330,0,2,2332,T
3-PA,1108,2,1,0,2349,2352,C
3-PA,1109,1,2342,0,0,2343,T
3-PA,1110,1,2341,0,0,2342,T
3-PA,1111,0,4,2391,0,2395,G
3-PA,1112,0,0,2406,1,2407,G
3-PA,1113,0,2386,0,1,2387,T
3-PA,1114,0,6,2384,1,2391,G
3-PA,1115,2381,0,0,0,2381,A
3-PA,1116,2394,0,0,0,2394,A
3-PA,1117,2380,0,1,0,2381,A
3-PA,1118,2389,1,0,1,2391,A
3-PA,1119,0,1,0,2407,2408,C
3-PA,1120,2363,1,2,0,2366,A
3-PA,1121,0,2365,0,2,2367,T
3-PA,1122,0,8,2354,0,2362,G
3-PA,1123,0,2,2395,0,2397,G
3-PA,1124,3,0,0,2401,2404,C
3-PA,1125,2415,2,1,0,2418,A
3-PA,1126,0,1,0,2416,2417,C
3-PA,1127,3,0,0,2428,2431,C
3-PA,1128,2461,0,1,0,2462,A
3-PA,1129,0,5,2490,0,2495,G
3-PA,1130,2492,0,1,0,2493,A
3-PA,1131,1,2,2515,0,2518,G
3-PA,1132,2503,0,2,0,2505,A
3-PA,1133,2505,0,0,0,2505,A
3-PA,1134,0,5,2529,0,2534,G
3-PA,1135,0,0,2524,0,2524,G
3-PA,1136,0,2517,0,1,2518,T
3-PA,1137,2486,0,0,0,2486,A
3-PA,1138,0,6,2477,0,2483,G
3-PA,1139,2502,0,1,0,2503,A
3-PA,1140,0,0,0,2511,2511,C
3-PA,1141,0,2476,0,1,2477,T
3-PA,1142,0,2473,0,2,2475,T
3-PA,1143,1,2472,0,1,2474,T
3-PA,1144,1,11,2474,0,2486,G
3-PA,1145,2474,1,5,0,2480,A
3-PA,1146,2485,0,0,0,2485,A
3-PA,1147,2482,0,1,1,2484,A
3-PA,1148,2480,1,0,0,2481,A
3-PA,1149,0,0,0,2533,2533,C
3-PA,1150,1,2511,0,2,2514,T
3-PA,1151,0,3,2537,0,2540,G
3-PA,1152,1,1,0,2546,2548,C
3-PA,1153,2549,0,1,0,2550,A
3-PA,1154,0,4,2547,0,2551,G
3-PA,1155,2533,1,4,0,2538,A
3-PA,1156,0,6,2640,0,2646,G
3-PA,1157,2647,0,6,0,2653,A
3-PA,1158,0,3,0,2637,2640,C
3-PA,1159,2636,1,2,0,2639,A
3-PA,1160,2,2620,0,1,2623,T
3-PA,1161,2617,0,3,0,2620,A
3-PA,1162,2611,0,3,1,2615,A
3-PA,1163,1,1,2611,0,2613,G
3-PA,1164,0,2,0,2608,2610,C
3-PA,1165,2,10,2554,0,2566,G
3-PA,1166,2620,0,0,0,2620,A
3-PA,1167,1,2599,0,0,2600,T
3-PA,1168,1,2592,1,1,2595,T
3-PA,1169,0,2602,0,3,2605,T
3-PA,1170,0,9,2597,0,2606,G
3-PA,1171,2607,0,1,0,2608,A
3-PA,1172,2606,0,2,0,2608,A
3-PA,1173,0,1,2619,0,2620,G
3-PA,1174,0,0,0,2671,2671,C
3-PA,1175,2630,1,0,1,2632,A
3-PA,1176,2789,0,1,0,2790,A
3-PA,1177,0,2788,0,0,2788,T
3-PA,1178,2804,0,1,0,2805,A
3-PA,1179,0,2815,1,0,2816,T
3-PA,1180,1,12,2810,0,2823,G
3-PA,1181,2845,0,1,0,2846,A
3-PA,1182,0,2823,0,13,2836,T
3-PA,1183,2751,0,1,0,2752,A
3-PA,1184,0,0,2757,0,2757,G
3-PA,1185,0,2665,0,3,2668,T
3-PA,1186,3,11,2658,0,2672,G
3-PA,1187,2670,0,1,1,2672,A
3-PA,1188,1,2,0,2659,2662,C
3-PA,1189,2,13,2642,1,2658,G
3-PA,1190,2663,0,0,0,2663,A
3-PA,1191,2660,1,4,0,2665,A
3-PA,1192,1,0,0,2680,2681,C
3-PA,1193,8,0,0,2663,2671,C
3-PA,1194,0,2664,0,4,2668,T
3-PA,1195,2,7,2743,0,2752,G
3-PA,1196,2760,0,0,0,2760,A
3-PA,1197,2767,0,0,0,2767,A
3-PA,1198,0,2761,1,0,2762,T
3-PA,1199,0,2749,0,0,2749,T
3-PA,1200,2748,0,0,1,2749,A
3-PA,1201,2718,4,2,0,2724,A
3-PA,1202,2,8,2723,0,2733,G
3-PA,1203,0,1,2723,0,2724,G
3-PA,1204,0,2674,1,3,2678,T
3-PA,1205,14,1,1,2653,2669,C
3-PA,1206,2673,0,0,1,2674,A
3-PA,1207,0,0,0,2769,2769,C
3-PA,1208,0,2761,0,3,2764,T
3-PA,1209,0,2773,0,1,2774,T
3-PA,1210,0,2775,0,4,2779,T
3-PA,1211,7,1,0,2762,2770,C
3-PA,1212,2765,0,2,1,2768,A
3-PA,1213,2771,0,1,0,2772,A
3-PA,1214,0,0,2797,1,2798,G
3-PA,1215,0,1,0,2788,2789,C
3-PA,1216,0,2741,0,0,2741,T
3-PA,1217,1,3,2804,0,2808,G
3-PA,1218,0,3,2812,0,2815,G
3-PA,1219,2822,0,30,0,2852,A
3-PA,1220,0,2879,0,1,2880,T
3-PA,1221,2875,2,0,0,2877,A
3-PA,1222,1,2,0,2895,2898,C
3-PA,1223,2841,1,1,1,2844,A
3-PA,1224,0,6,2877,0,2883,G
3-PA,1225,2871,1,1,1,2874,A
3-PA,1226,2842,0,0,0,2842,A
3-PA,1227,0,2813,0,3,2816,T
3-PA,1228,0,9,2806,0,2815,G
3-PA,1229,2794,0,10,1,2805,A
3-PA,1230,0,1,2827,0,2828,G
3-PA,1231,2,2792,0,2,2796,T
3-PA,1232,0,2797,0,3,2800,T
3-PA,1233,13,1,0,2818,2832,C
3-PA,1234,2848,0,1,0,2849,A
3-PA,1235,2845,0,1,3,2849,A
3-PA,1236,0,0,1,2845,2846,C
3-PA,1237,2812,0,3,0,2815,A
3-PA,1238,2810,0,1,0,2811,A
3-PA,1239,0,4,2791,0,2795,G
3-PA,1240,0,5,2810,0,2815,G
3-PA,1241,2,2,1,2821,2826,C
3-PA,1242,1,2,0,2802,2805,C
3-PA,1243,0,2772,0,5,2777,T
3-PA,1244,1,0,2799,0,2800,G
3-PA,1245,0,2801,0,0,2801,T
3-PA,1246,0,11,2810,1,2822,G
3-PA,1247,2821,0,3,0,2824,A
3-PA,1248,0,0,2816,0,2816,G
3-PA,1249,2,1,0,2796,2799,C
3-PA,1250,0,2774,0,0,2774,T
3-PA,1251,2830,0,0,0,2830,A
3-PA,1252,2830,1,0,0,2831,A
3-PA,1253,0,0,0,2834,2834,C
3-PA,1254,1,2799,1,4,2805,T
3-PA,1255,0,15,2801,2,2818,G
3-PA,1256,2806,0,0,0,2806,A
3-PA,1257,1,2801,1,1,2804,T
3-PA,1258,0,2809,0,2,2811,T
3-PA,1259,9,1,0,2808,2818,C
3-PA,1260,2864,1,3,1,2869,A
3-PA,1261,0,3,2933,0,2936,G
3-PA,1262,0,2920,0,1,2921,T
3-PA,1263,7,0,0,2922,2929,C
3-PA,1264,1,2907,0,0,2908,T
3-PA,1265,0,4,3009,0,3013,G
3-PA,1266,0,3,3010,0,3013,G
3-PA,1267,3019,0,0,0,3019,A
3-PA,1268,2,3018,0,1,3021,T
3-PA,1269,2888,1,1,0,2890,A
3-PA,1270,0,6,2884,0,2890,G
3-PA,1271,2854,0,2,0,2856,A
3-PA,1272,1,0,2859,0,2860,G
3-PA,1273,0,1,0,2854,2855,C
3-PA,1274,0,2790,0,1,2791,T
3-PA,1275,10,1,0,2784,2795,C
3-PA,1276,0,10,2793,0,2803,G
3-PA,1277,2804,0,1,0,2805,A
3-PA,1278,0,2803,0,1,2804,T
3-PA,1279,0,9,2792,0,2801,G
3-PA,1280,2846,0,0,0,2846,A
3-PA,1281,2841,2,2,0,2845,A
3-PA,1282,2850,0,1,0,2851,A
3-PA,1283,0,2846,0,0,2846,T
3-PA,1284,0,2835,0,0,2835,T
3-PA,1285,0,4,2856,1,2861,G
3-PA,1286,1,3,2858,1,2863,G
3-PA,1287,2853,0,4,0,2857,A
3-PA,1288,0,1,2860,0,2861,G
3-PA,1289,2821,0,2,0,2823,A
3-PA,1290,0,5,2848,0,2853,G
3-PA,1291,1,7,2852,0,2860,G
3-PA,1292,2882,1,2,0,2885,A
3-PA,1293,0,1,0,2884,2885,C
3-PA,1294,1,0,2877,0,2878,G
3-PA,1295,0,2875,0,4,2879,T
3-PA,1296,2897,1,3,0,2901,A
3-PA,1297,1,1,2920,0,2922,G
3-PA,1298,2,2,0,2943,2947,C
3-PA,1299,6,1,0,2907,2914,C
3-PA,1300,2,1,0,2879,2882,C
3-PA,1301,9,0,0,2878,2887,C
3-PA,1302,2889,0,0,1,2890,A
3-PA,1303,2976,0,0,0,2976,A
3-PA,1304,1,2968,0,0,2969,T
3-PA,1305,1,2941,0,0,2942,T
3-PA,1306,1,10,2931,0,2942,G
3-PA,1307,2885,1,3,0,2889,A
3-PA,1308,1,1,2891,0,2893,G
3-PA,1309,0,1,0,2895,2896,C
3-PA,1310,2869,0,1,0,2870,A
3-PA,1311,0,1,0,2922,2923,C
3-PA,1312,2848,0,0,0,2848,A
3-PA,1313,0,2919,0,3,2922,T
3-PA,1314,2,2918,0,2,2922,T
3-PA,1315,1,1,2920,0,2922,G
3-PA,1316,1,1,1,2913,2916,C
3-PA,1317,2910,1,2,0,2913,A
3-PA,1318,2912,0,4,1,2917,A
3-PA,1319,0,0,2926,0,2926,G
3-PA,1320,2,0,0,2873,2875,C
3-PA,1321,2873,0,0,0,2873,A
3-PA,1322,0,2792,0,2,2794,T
3-PA,1323,1,8,2789,0,2798,G
3-PA,1324,2786,0,1,0,2787,A
3-PA,1325,0,8,2782,0,2790,G
3-PA,1326,2782,3,2,0,2787,A
3-PA,1327,2786,0,0,0,2786,A
3-PA,1328,2,2,2781,0,2785,G
3-PA,1329,0,13,2756,0,2769,G
3-PA,1330,2768,0,0,0,2768,A
3-PA,1331,2760,0,1,0,2761,A
3-PA,1332,0,2753,0,2,2755,T
3-PA,1333,1,2749,0,1,2751,T
3-PA,1334,2756,0,0,0,2756,A
3-PA,1335,0,2759,0,1,2760,T
3-PA,1336,0,2754,1,0,2755,T
3-PA,1337,0,2764,0,1,2765,T
3-PA,1338,3,0,1,2735,2739,C
3-PA,1339,2726,0,1,0,2727,A
3-PA,1340,1,1,0,2784,2786,C
3-PA,1341,2776,0,2,0,2778,A
3-PA,1342,0,1,2803,0,2804,G
3-PA,1343,0,0,0,2799,2799,C
3-PA,1344,2789,0,1,0,2790,A
3-PA,1345,0,4,2798,0,2802,G
3-PA,1346,2784,0,6,0,2790,A
3-PA,1347,0,4,2806,0,2810,G
3-PA,1348,1,1,2812,0,2814,G
3-PA,1349,0,2747,0,0,2747,T
3-PA,1350,0,0,2781,0,2781,G
3-PA,1351,0,2761,0,8,2769,T
3-PA,1352,13,2,0,2747,2762,C
3-PA,1353,7,2,0,2796,2805,C
3-PA,1354,6,2,0,2775,2783,C
3-PA,1355,2807,1,1,0,2809,A
3-PA,1356,0,2835,0,1,2836,T
3-PA,1357,0,2816,0,2,2818,T
3-PA,1358,0,1,2835,0,2836,G
3-PA,1359,0,2777,0,0,2777,T
3-PA,1360,2726,2,3,0,2731,A
3-PA,1361,0,4,2725,0,2729,G
3-PA,1362,2649,1,0,0,2650,A
3-PA,1363,2,1,2660,1,2664,G
3-PA,1364,0,0,0,2615,2615,C
3-PA,1365,6,0,0,2572,2578,C
3-PA,1366,2605,0,2,0,2607,A
3-PA,1367,0,1,0,2615,2616,C
3-PA,1368,1,2593,1,2,2597,T
3-PA,1369,1,2,2592,0,2595,G
3-PA,1370,2585,0,2,0,2587,A
3-PA,1371,2555,0,1,0,2556,A
3-PA,1372,0,2633,0,1,2634,T
3-PA,1373,2657,2,0,0,2659,A
3-PA,1374,1,1,0,2675,2677,C
3-PA,1375,2623,0,6,1,2630,A
3-PA,1376,1,2639,1,0,2641,T
3-PA,1377,2619,0,0,0,2619,A
3-PA,1378,2636,0,0,0,2636,A
3-PA,1379,0,2633,0,0,2633,T
3-PA,1380,2,9,2582,0,2593,G
3-PA,1381,2576,2,1,0,2579,A
3-PA,1382,2538,0,0,0,2538,A
3-PA,1383,0,5,2529,0,2534,G
3-PA,1384,1,6,2510,0,2517,G
3-PA,1385,0,9,2523,1,2533,G
3-PA,1386,1,1,2536,0,2538,G
3-PA,1387,4,0,2556,0,2560,G
3-PA,1388,1,2518,0,3,2522,T
3-PA,1389,2534,0,1,1,2536,A
3-PA,1390,0,2545,0,3,2548,T
3-PA,1391,2571,0,2,0,2573,A
3-PA,1392,1,1,0,2777,2779,C
3-PA,1393,2683,1,2,0,2686,A
3-PA,1394,0,2627,1,4,2632,T
3-PA,1395,1,2595,0,2,2598,T
3-PA,1396,2570,0,0,0,2570,A
3-PA,1397,2615,0,1,0,2616,A
3-PA,1398,0,1,0,2614,2615,C
3-PA,1399,2564,1,0,0,2565,A
3-PA,1400,0,0,0,2568,2568,C
3-PA,1401,0,2296,0,1,2297,T
3-PA,1402,0,4,2376,0,2380,G
3-PA,1403,0,2,1,2367,2370,C
3-PA,1404,9,0,1,2363,2373,C
3-PA,1405,5,0,0,2371,2376,C
3-PA,1406,0,2309,0,2,2311,T
3-PA,1407,2,3,2392,0,2397,G
3-PA,1408,1,0,0,2399,2400,C
3-PA,1409,0,2389,0,2,2391,T
3-PA,1410,17,1,0,2435,2453,C
3-PA,1411,2352,0,1,1,2354,A
3-PA,1412,2374,0,0,1,2375,A
3-PA,1413,0,2378,0,1,2379,T
3-PA,1414,1,1,2372,0,2374,G
3-PA,1415,0,1,0,2365,2366,C
3-PA,1416,2298,0,0,0,2298,A
3-PA,1417,0,2290,0,1,2291,T
3-PA,1418,18,0,0,2271,2289,C
3-PA,1419,2,0,0,2315,2317,C
3-PA,1420,0,2221,0,2,2223,T
3-PA,1421,1,0,2272,0,2273,G
3-PA,1422,0,2260,0,2,2262,T
3-PA,1423,1,1,2259,0,2261,G
3-PA,1424,1,0,0,2265,2266,C
3-PA,1425,2224,0,0,0,2224,A
3-PA,1426,1,1,2244,1,2247,G
3-PA,1427,1,1,0,2233,2235,C
3-PA,1428,2201,0,0,0,2201,A
3-PA,1429,2201,0,1,0,2202,A
3-PA,1430,0,2118,0,0,2118,T
3-PA,1431,1,5,2109,0,2115,G
3-PA,1432,0,2,2113,0,2115,G
3-PA,1433,2115,0,0,0,2115,A
3-PA,1434,0,1,0,2110,2111,C
3-PA,1435,1,10,2077,0,2088,G
3-PA,1436,2111,0,0,0,2111,A
3-PA,1437,0,2105,0,0,2105,T
3-PA,1438,1,2091,0,7,2099,T
3-PA,1439,0,2093,0,1,2094,T
3-PA,1440,1,2096,0,0,2097,T
3-PA,1441,8,2,0,2085,2095,C
3-PA,1442,2095,0,2,0,2097,A
3-PA,1443,2106,0,0,0,2106,A
3-PA,1444,0,0,0,2102,2102,C
3-PA,1445,0,2073,0,1,2074,T
3-PA,1446,2069,0,0,0,2069,A
3-PA,1447,2074,0,0,0,2074,A
3-PA,1448,0,2068,0,1,2069,T
3-PA,1449,0,2073,0,3,2076,T
3-PA,1450,10,0,0,2067,2077,C
3-PA,1451,1,0,0,2072,2073,C
3-PA,1452,3,0,0,2066,2069,C
3-PA,1453,2064,2,1,0,2067,A
3-PA,1454,2,2088,0,3,2093,T
3-PA,1455,1,6,2092,0,2099,G
3-PA,1456,2103,0,0,0,2103,A
3-PA,1457,0,2084,0,1,2085,T
3-PA,1458,2076,0,2,0,2078,A
3-PA,1459,2085,0,1,0,2086,A
3-PA,1460,0,1,2087,0,2088,G
3-PA,1461,2,1,0,2075,2078,C
3-PA,1462,2073,0,1,0,2074,A
3-PA,1463,2004,0,1,1,2006,A
3-PA,1464,1,0,2035,0,2036,G
3-PA,1465,0,2018,0,1,2019,T
3-PA,1466,0,0,2022,1,2023,G
3-PA,1467,1,0,0,2017,2018,C
3-PA,1468,1995,2,2,0,1999,A
3-PA,1469,0,4,2026,0,2030,G
3-PA,1470,2013,0,3,0,2016,A
3-PA,1471,2038,0,1,0,2039,A
3-PA,1472,0,0,0,2042,2042,C
3-PA,1473,0,1993,0,2,1995,T
3-PA,1474,2005,0,1,0,2006,A
3-PA,1475,2002,0,0,1,2003,A
3-PA,1476,2006,0,1,0,2007,A
3-PA,1477,0,3,2008,0,2011,G
3-PA,1478,1914,0,1,0,1915,A
3-PA,1479,0,3,1913,0,1916,G
3-PA,1480,1,4,1863,0,1868,G
3-PA,1481,0,3,1856,0,1859,G
3-PA,1482,1848,1,1,0,1850,A
3-PA,1483,1803,0,1,0,1804,A
3-PA,1484,0,0,1806,0,1806,G
3-PA,1485,0,0,1811,0,1811,G
3-PA,1486,3,2,0,1797,1802,C
3-PA,1487,1,1,1793,1,1796,G
3-PA,1488,1795,2,1,0,1798,A
3-PA,1489,1801,0,1,0,1802,A
3-PA,1490,1797,0,0,0,1797,A
3-PA,1491,1799,0,0,0,1799,A
3-PA,1492,1794,0,2,0,1796,A
3-PA,1493,0,0,0,1798,1798,C
3-PA,1494,6,1,0,1770,1777,C
3-PA,1495,1771,0,0,0,1771,A
3-PA,1496,1781,0,0,0,1781,A
3-PA,1497,0,1784,0,0,1784,T
3-PA,1498,1,1784,0,0,1785,T
3-PA,1499,0,1791,1,0,1792,T
3-PA,1500,1790,0,1,0,1791,A
3-PA,1501,0,1788,0,1,1789,T
3-PA,1502,1780,1,3,0,1784,A
3-PA,1503,0,1780,0,2,1782,T
3-PA,1504,0,4,1750,0,1754,G
3-PA,1505,0,3,1731,0,1734,G
3-PA,1506,1724,0,0,0,1724,A
3-PA,1507,0,1711,0,2,1713,T
3-PA,1508,0,1694,0,0,1694,T
3-PA,1509,9,1,0,1682,1692,C
3-PA,1510,1691,0,0,0,1691,A
3-PA,1511,0,1703,0,3,1706,T
3-PA,1512,7,0,1,1697,1705,C
3-PA,1513,1708,1,0,0,1709,A
3-PA,1514,1,1683,0,0,1684,T
3-PA,1515,1675,0,0,0,1675,A
3-PA,1516,1671,0,1,0,1672,A
3-PA,1517,1669,0,1,0,1670,A
3-PA,1518,1,3,1651,0,1655,G
3-PA,1519,0,4,1620,0,1624,G
3-PA,1520,0,1,1604,0,1605,G
3-PA,1521,1593,0,0,0,1593,A
3-PA,1522,1559,0,3,0,1562,A
3-PA,1523,0,1,1564,1,1566,G
3-PA,1524,1560,0,0,0,1560,A
3-PA,1525,0,1554,0,3,1557,T
3-PA,1526,4,0,0,1550,1554,C
3-PA,1527,0,1511,0,4,1515,T
3-PA,1528,6,0,0,1542,1548,C
3-PA,1529,1543,0,2,0,1545,A
3-PA,1530,0,1542,0,0,1542,T
3-PA,1531,1,1542,0,0,1543,T
3-PA,1532,1,1514,0,0,1515,T
3-PA,1533,1502,1,0,0,1503,A
3-PA,1534,1504,0,0,1,1505,A
3-PA,1535,0,2,1500,0,1502,G
3-PA,1536,0,5,1502,0,1507,G
3-PA,1537,1410,0,1,0,1411,A
3-PA,1538,1407,0,0,0,1407,A
3-PA,1539,0,1402,1,1,1404,T
3-PA,1540,0,7,1404,0,1411,G
3-PA,1541,1427,0,2,0,1429,A
3-PA,1542,0,0,0,1426,1426,C
3-PA,1543,1413,0,1,0,1414,A
3-PA,1544,1,0,0,1410,1411,C
3-PA,1545,1347,0,0,1,1348,A
3-PA,1546,0,3,1358,0,1361,G
3-PA,1547,1350,0,0,0,1350,A
3-PA,1548,0,1,0,1331,1332,C
3-PA,1549,0,0,1315,1,1316,G
3-PA,1550,0,1191,0,3,1194,T
3-PA,1551,0,1,1191,1,1193,G
3-PA,1552,0,0,1195,0,1195,G
3-PA,1553,0,1195,0,0,1195,T
3-PA,1554,1193,0,1,0,1194,A
3-PA,1555,1171,0,0,0,1171,A
3-PA,1556,1166,0,1,0,1167,A
3-PA,1557,1,1167,0,0,1168,T
3-PA,1558,0,1144,0,0,1144,T
3-PA,1559,0,1134,1,0,1135,T
3-PA,1560,0,1114,0,1,1115,T
3-PA,1561,0,0,1118,1,1119,G
3-PA,1562,0,1106,0,0,1106,T
3-PA,1563,0,6,1098,0,1104,G
3-PA,1564,1100,0,0,1,1101,A
3-PA,1565,0,0,1098,0,1098,G
3-PA,1566,0,0,0,1092,1092,C
3-PA,1567,1091,0,0,0,1091,A
3-PA,1568,0,1090,0,1,1091,T
3-PA,1569,1,1,1091,0,1093,G
3-PA,1570,0,2,1093,0,1095,G
3-PA,1571,1095,0,0,0,1095,A
3-PA,1572,0,0,1095,0,1095,G
3-PA,1573,0,1074,0,2,1076,T
3-PA,1574,0,1061,0,1,1062,T
3-PA,1575,0,1067,0,1,1068,T
3-PA,1576,0,1062,0,2,1064,T
3-PA,1577,3,0,0,1062,1065,C
3-PA,1578,0,1052,0,1,1053,T
3-PA,1579,5,0,1,1038,1044,C
3-PA,1580,0,1008,0,2,1010,T
3-PA,1581,6,0,0,998,1004,C
3-PA,1582,1003,0,1,0,1004,A
3-PA,1583,0,0,0,1001,1001,C
3-PA,1584,0,962,0,2,964,T
3-PA,1585,0,3,961,0,964,G
3-PA,1586,958,0,3,0,961,A
3-PA,1587,0,0,0,958,958,C
3-PA,1588,0,2,0,952,954,C
3-PA,1589,0,0,0,934,934,C
3-PA,1590,2,1,925,0,928,G
3-PA,1591,922,0,1,0,923,A
3-PA,1592,0,4,922,0,926,G
3-PA,1593,926,0,0,0,926,A
3-PA,1594,1,1,0,894,896,C
3-PA,1595,0,881,0,2,883,T
3-PA,1596,1,819,0,0,820,T
3-PA,1597,0,1,819,0,820,G
3-PA,1598,813,0,1,0,814,A
3-PA,1599,1,0,813,0,814,G
3-PA,1600,1,1,0,807,809,C
3-PA,1601,2,1,0,775,778,C
3-PA,1602,777,0,0,0,777,A
3-PA,1603,0,1,0,772,773,C
3-PA,1604,773,0,0,0,773,A
3-PA,1605,0,775,0,0,775,T
3-PA,1606,769,0,0,0,769,A
3-PA,1607,757,0,0,0,757,A
3-PA,1608,760,0,0,0,760,A
3-PA,1609,1,748,0,0,749,T
3-PA,1610,0,1,744,0,745,G
3-PA,1611,1,1,650,0,652,G
3-PA,1612,0,0,632,0,632,G
3-PA,1613,613,0,0,0,613,A
3-PA,1614,1,0,605,0,606,G
3-PA,1615,593,0,0,0,593,A
3-PA,1616,584,1,1,0,586,A
3-PA,1617,580,0,0,0,580,A
3-PA,1618,0,579,0,0,579,T
3-PA,1619,563,0,0,0,563,A
3-PA,1620,2,0,0,558,560,C
3-PA,1621,0,279,0,0,279,T
3-PA,1622,1,0,277,0,278,G
3-PA,1623,0,148,0,0,148,T
3-PA,1624,0,0,149,0,149,G
3-PA,1625,0,133,0,0,133,T
3-PA,1626,0,0,0,70,70,C
3-PA,1627,0,0,0,63,63,C
3-PA,1628,0,55,0,0,55,T
3-PA,1629,0,55,0,0,55,T
3-PA,1630,1,0,54,0,55,G
3-PA,1631,57,0,0,0,57,A
3-PA,1632,0,0,57,0,57,G
3-PA,1633,55,0,0,0,55,A
3-PA,1634,0,56,0,0,56,T
3-PA,1635,55,0,0,0,55,A
3-PA,1636,0,0,56,0,56,G
3-PA,1637,1,0,55,0,56,G
3-PA,1638,56,0,0,0,56,A
3-PA,1639,0,0,57,0,57,G
3-PA,1640,57,0,0,0,57,A
3-PA,1641,0,56,0,0,56,T
3-PA,1642,55,0,0,0,55,A
3-PA,1643,0,55,0,0,55,T
3-PA,1644,1,0,54,0,55,G
3-PA,1645,0,54,0,0,54,T
3-PA,1646,0,55,0,0,55,T
3-PA,1647,56,0,0,0,56,A
3-PA,1648,0,0,0,56,56,C
3-PA,1649,0,55,0,0,55,T
3-PA,1650,54,0,0,0,54,A
3-PA,1651,54,0,0,0,54,A
3-PA,1652,0,0,54,0,54,G
3-PA,1653,54,0,0,0,54,A
3-PA,1654,54,0,0,0,54,A
3-PA,1655,0,0,54,0,54,G
3-PA,1656,0,54,0,0,54,T
3-PA,1657,0,0,55,0,55,G
3-PA,1658,0,0,0,54,54,C
3-PA,1659,0,0,0,56,56,C
3-PA,1660,56,0,0,0,56,A
3-PA,1661,0,56,0,0,56,T
3-PA,1662,56,0,0,0,56,A
3-PA,1663,0,0,56,0,56,G
3-PA,1664,0,0,56,0,56,G
3-PA,1665,0,0,0,54,54,C
3-PA,1666,0,0,0,54,54,C
3-PA,1667,54,0,0,0,54,A
3-PA,1668,53,0,0,0,53,A
3-PA,1669,53,0,0,0,53,A
3-PA,1670,0,54,0,0,54,T
3-PA,1671,0,53,0,0,53,T
3-PA,1672,0,53,0,0,53,T
3-PA,1673,0,0,0,54,54,C
3-PA,1674,48,0,0,0,48,A
3-PA,1675,49,0,0,0,49,A
3-PA,1676,0,0,50,0,50,G
3-PA,1677,0,0,50,0,50,G
3-PA,1678,0,0,0,50,50,C
3-PA,1679,0,0,0,50,50,C
3-PA,1680,50,0,0,0,50,A
3-PA,1681,58,0,0,0,58,A
3-PA,1682,0,59,0,0,59,T
3-PA,1683,0,0,60,0,60,G
3-PA,1684,0,60,0,0,60,T
3-PA,1685,0,60,0,0,60,T
3-PA,1686,0,0,0,60,60,C
3-PA,1687,0,59,0,1,60,T
3-PA,1688,0,60,0,0,60,T
3-PA,1689,56,0,0,0,56,A
3-PA,1690,0,59,0,0,59,T
3-PA,1691,59,0,0,0,59,A
3-PA,1692,0,61,0,0,61,T
3-PA,1693,0,0,61,0,61,G
3-PA,1694,0,61,0,0,61,T
3-PA,1695,0,0,61,0,61,G
3-PA,1696,61,0,0,0,61,A
3-PA,1697,0,0,61,0,61,G
3-PA,1698,0,0,62,0,62,G
3-PA,1699,61,0,0,0,61,A
3-PA,1700,0,0,0,62,62,C
3-PA,1701,63,0,0,0,63,A
3-PA,1702,63,0,0,0,63,A
3-PA,1703,63,0,0,0,63,A
3-PA,1704,0,0,0,63,63,C
3-PA,1705,0,0,63,0,63,G
3-PA,1706,0,0,64,0,64,G
3-PA,1707,64,0,0,0,64,A
3-PA,1708,63,1,0,0,64,A
3-PA,1709,0,0,0,64,64,C
3-PA,1710,62,0,1,0,63,A
3-PA,1711,0,62,0,0,62,T
3-PA,1712,0,0,0,62,62,C
3-PA,1713,63,0,0,0,63,A
3-PA,1714,63,0,0,0,63,A
3-PA,1715,60,0,0,0,60,A
3-PA,1716,0,1,59,0,60,G
3-PA,1717,0,0,61,0,61,G
3-PA,1718,0,61,0,0,61,T
3-PA,1719,0,0,0,60,60,C
3-PA,1720,60,0,0,0,60,A
3-PA,1721,60,0,0,0,60,A
3-PA,1722,61,0,0,0,61,A
3-PA,1723,61,0,0,0,61,A
3-PA,1724,0,61,0,0,61,T
3-PA,1725,0,0,64,0,64,G
3-PA,1726,64,0,0,0,64,A
3-PA,1727,64,0,0,0,64,A
3-PA,1728,62,0,0,0,62,A
3-PA,1729,0,64,0,0,64,T
3-PA,1730,0,0,63,0,63,G
3-PA,1731,0,0,64,0,64,G
3-PA,1732,0,0,64,0,64,G
3-PA,1733,0,0,62,0,62,G
3-PA,1734,63,0,0,0,63,A
3-PA,1735,62,0,0,0,62,A
3-PA,1736,0,63,0,0,63,T
3-PA,1737,0,0,64,0,64,G
3-PA,1738,0,0,65,0,65,G
3-PA,1739,63,0,0,0,63,A
3-PA,1740,0,0,63,0,63,G
3-PA,1741,64,0,0,0,64,A
3-PA,1742,0,61,0,0,61,T
3-PA,1743,0,0,62,0,62,G
3-PA,1744,59,0,1,0,60,A
3-PA,1745,0,0,61,0,61,G
3-PA,1746,61,0,0,0,61,A
3-PA,1747,0,0,0,60,60,C
3-PA,1748,0,0,59,0,59,G
3-PA,1749,0,59,0,0,59,T
3-PA,1750,0,59,0,0,59,T
3-PA,1751,0,0,59,0,59,G
3-PA,1752,0,0,0,59,59,C
3-PA,1753,0,0,0,59,59,C
3-PA,1754,0,58,0,1,59,T
3-PA,1755,0,0,0,63,63,C
3-PA,1756,0,0,0,61,61,C
3-PA,1757,0,62,0,0,62,T
3-PA,1758,0,63,0,0,63,T
3-PA,1759,0,0,0,64,64,C
3-PA,1760,64,0,0,0,64,A
3-PA,1761,0,0,64,0,64,G
3-PA,1762,0,64,0,0,64,T
3-PA,1763,1,0,0,63,64,C
3-PA,1764,62,0,0,0,62,A
3-PA,1765,0,0,0,64,64,C
3-PA,1766,0,64,0,0,64,T
3-PA,1767,0,0,0,64,64,C
3-PA,1768,0,0,0,64,64,C
3-PA,1769,63,0,0,0,63,A
3-PA,1770,0,0,63,0,63,G
3-PA,1771,0,0,0,63,63,C
3-PA,1772,61,0,0,0,61,A
3-PA,1773,0,0,60,0,60,G
3-PA,1774,57,0,0,0,57,A
3-PA,1775,0,56,0,0,56,T
3-PA,1776,0,0,0,57,57,C
3-PA,1777,0,0,57,0,57,G
3-PA,1778,57,0,0,0,57,A
3-PA,1779,0,0,57,0,57,G
3-PA,1780,57,0,0,0,57,A
3-PA,1781,0,0,58,0,58,G
3-PA,1782,0,0,0,58,58,C
3-PA,1783,58,0,0,0,58,A
3-PA,1784,0,58,0,0,58,T
3-PA,1785,0,0,59,0,59,G
3-PA,1786,58,0,0,0,58,A
3-PA,1787,0,58,0,0,58,T
3-PA,1788,0,59,0,0,59,T
3-PA,1789,0,0,59,0,59,G
3-PA,1790,59,0,0,0,59,A
3-PA,1791,0,0,57,0,57,G
3-PA,1792,0,0,58,0,58,G
3-PA,1793,0,0,0,58,58,C
3-PA,1794,0,0,0,57,57,C
3-PA,1795,0,0,57,0,57,G
3-PA,1796,58,0,0,0,58,A
3-PA,1797,0,0,58,0,58,G
3-PA,1798,0,57,0,0,57,T
3-PA,1799,0,0,0,57,57,C
3-PA,1800,1,0,0,55,56,C
3-PA,1801,0,57,0,0,57,T
3-PA,1802,0,0,0,57,57,C
3-PA,1803,0,0,59,0,59,G
3-PA,1804,1,0,61,0,62,G
3-PA,1805,0,61,0,0,61,T
3-PA,1806,0,61,0,0,61,T
3-PA,1807,61,0,0,0,61,A
3-PA,1808,61,0,0,0,61,A
3-PA,1809,60,0,0,0,60,A
3-PA,1810,0,0,61,0,61,G
3-PA,1811,61,0,0,0,61,A
3-PA,1812,0,0,61,0,61,G
3-PA,1813,60,0,0,0,60,A
3-PA,1814,60,0,0,0,60,A
3-PA,1815,60,0,0,0,60,A
3-PA,1816,0,1,59,0,60,G
3-PA,1817,60,0,0,0,60,A
3-PA,1818,0,0,0,61,61,C
3-PA,1819,58,0,1,0,59,A
3-PA,1820,0,59,0,0,59,T
3-PA,1821,0,0,59,0,59,G
3-PA,1822,60,0,0,0,60,A
3-PA,1823,0,0,0,61,61,C
3-PA,1824,0,0,0,61,61,C
3-PA,1825,60,0,0,0,60,A
3-PA,1826,60,0,0,0,60,A
3-PA,1827,60,0,0,0,60,A
3-PA,1828,0,0,60,0,60,G
3-PA,1829,60,0,0,0,60,A
3-PA,1830,0,0,60,0,60,G
3-PA,1831,0,58,0,0,58,T
3-PA,1832,0,58,0,1,59,T
3-PA,1833,0,59,0,0,59,T
3-PA,1834,0,58,0,0,58,T
3-PA,1835,0,59,0,0,59,T
3-PA,1836,0,59,0,0,59,T
3-PA,1837,0,0,59,0,59,G
3-PA,1838,58,0,0,0,58,A
3-PA,1839,0,0,59,0,59,G
3-PA,1840,59,0,0,0,59,A
3-PA,1841,59,0,0,0,59,A
3-PA,1842,0,58,0,0,58,T
3-PA,1843,57,2,0,0,59,A
3-PA,1844,59,0,0,0,59,A
3-PA,1845,59,0,0,0,59,A
3-PA,1846,0,60,0,0,60,T
3-PA,1847,0,0,0,60,60,C
3-PA,1848,59,0,0,0,59,A
3-PA,1849,0,0,60,0,60,G
3-PA,1850,58,0,0,0,58,A
3-PA,1851,59,0,0,0,59,A
3-PA,1852,0,0,60,0,60,G
3-PA,1853,0,0,0,58,58,C
3-PA,1854,58,0,0,0,58,A
3-PA,1855,0,58,0,0,58,T
3-PA,1856,0,0,58,0,58,G
3-PA,1857,0,0,58,0,58,G
3-PA,1858,0,0,0,58,58,C
3-PA,1859,0,0,0,59,59,C
3-PA,1860,0,0,0,58,58,C
3-PA,1861,58,0,0,0,58,A
3-PA,1862,1,57,0,0,58,T
3-PA,1863,0,58,0,0,58,T
3-PA,1864,0,1,57,0,58,G
3-PA,1865,0,0,57,0,57,G
3-PA,1866,0,0,56,0,56,G
3-PA,1867,0,0,54,0,54,G
3-PA,1868,53,0,0,0,53,A
3-PA,1869,0,0,54,0,54,G
3-PA,1870,0,54,0,0,54,T
3-PA,1871,0,0,0,55,55,C
3-PA,1872,0,0,0,58,58,C
3-PA,1873,0,1,0,58,59,C
3-PA,1874,0,0,0,59,59,C
3-PA,1875,0,0,0,59,59,C
3-PA,1876,59,0,0,0,59,A
3-PA,1877,60,0,0,0,60,A
3-PA,1878,0,0,58,0,58,G
3-PA,1879,0,0,58,0,58,G
3-PA,1880,0,0,56,0,56,G
3-PA,1881,51,0,0,0,51,A
3-PA,1882,0,0,52,0,52,G
3-PA,1883,0,51,0,0,51,T
3-PA,1884,0,0,53,0,53,G
3-PA,1885,0,0,53,0,53,G
3-PA,1886,53,0,0,0,53,A
3-PA,1887,52,0,0,0,52,A
3-PA,1888,0,0,53,0,53,G
3-PA,1889,51,0,0,0,51,A
3-PA,1890,51,0,0,0,51,A
3-PA,1891,0,0,50,0,50,G
3-PA,1892,0,0,51,0,51,G
3-PA,1893,0,51,0,0,51,T
3-PA,1894,0,49,1,0,50,T
3-PA,1895,0,0,0,51,51,C
3-PA,1896,0,0,0,52,52,C
3-PA,1897,52,0,0,0,52,A
3-PA,1898,0,52,0,0,52,T
3-PA,1899,0,52,0,0,52,T
3-PA,1900,0,0,53,0,53,G
3-PA,1901,0,0,53,0,53,G
3-PA,1902,0,0,52,0,52,G
3-PA,1903,53,0,0,0,53,A
3-PA,1904,53,0,0,0,53,A
3-PA,1905,53,0,0,0,53,A
3-PA,1906,0,0,55,0,55,G
3-PA,1907,0,56,0,0,56,T
3-PA,1908,0,0,0,57,57,C
3-PA,1909,0,56,0,0,56,T
3-PA,1910,0,0,56,0,56,G
3-PA,1911,0,56,0,0,56,T
3-PA,1912,56,0,0,0,56,A
3-PA,1913,0,0,56,0,56,G
3-PA,1914,0,0,55,0,55,G
3-PA,1915,55,0,1,0,56,A
3-PA,1916,0,0,0,56,56,C
3-PA,1917,0,54,0,0,54,T
3-PA,1918,1,0,0,58,59,C
3-PA,1919,0,58,0,1,59,T
3-PA,1920,59,0,0,0,59,A
3-PA,1921,0,59,0,0,59,T
3-PA,1922,0,58,0,0,58,T
3-PA,1923,0,0,59,0,59,G
3-PA,1924,0,0,59,0,59,G
3-PA,1925,0,0,0,59,59,C
3-PA,1926,0,59,0,0,59,T
3-PA,1927,55,0,0,0,55,A
3-PA,1928,55,0,0,0,55,A
3-PA,1929,0,0,55,0,55,G
3-PA,1930,0,56,0,0,56,T
3-PA,1931,0,0,0,55,55,C
3-PA,1932,56,0,0,0,56,A
3-PA,1933,0,0,58,0,58,G
3-PA,1934,0,58,0,0,58,T
3-PA,1935,58,0,0,0,58,A
3-PA,1936,0,58,0,0,58,T
3-PA,1937,0,60,0,0,60,T
3-PA,1938,0,0,0,62,62,C
3-PA,1939,62,0,0,0,62,A
3-PA,1940,62,0,0,0,62,A
3-PA,1941,0,62,0,0,62,T
3-PA,1942,61,0,0,0,61,A
3-PA,1943,0,0,62,0,62,G
3-PA,1944,0,0,0,63,63,C
3-PA,1945,0,0,0,64,64,C
3-PA,1946,0,64,0,0,64,T
3-PA,1947,0,0,66,0,66,G
3-PA,1948,0,66,0,0,66,T
3-PA,1949,67,0,0,0,67,A
3-PA,1950,0,67,0,0,67,T
3-PA,1951,0,0,65,0,65,G
3-PA,1952,0,0,0,65,65,C
3-PA,1953,63,0,0,0,63,A
3-PA,1954,0,64,0,0,64,T
3-PA,1955,0,0,0,64,64,C
3-PA,1956,62,0,0,0,62,A
3-PA,1957,0,0,0,62,62,C
3-PA,1958,0,0,0,62,62,C
3-PA,1959,61,0,0,0,61,A
3-PA,1960,0,0,0,61,61,C
3-PA,1961,60,0,0,0,60,A
3-PA,1962,60,0,0,0,60,A
3-PA,1963,0,59,0,0,59,T
3-PA,1964,0,59,0,0,59,T
3-PA,1965,0,0,59,0,59,G
3-PA,1966,0,0,59,0,59,G
3-PA,1967,59,0,0,0,59,A
3-PA,1968,59,0,0,0,59,A
3-PA,1969,0,0,58,0,58,G
3-PA,1970,0,0,58,0,58,G
3-PA,1971,58,0,0,0,58,A
3-PA,1972,0,57,0,0,57,T
3-PA,1973,0,57,0,0,57,T
3-PA,1974,0,56,0,0,56,T
3-PA,1975,0,56,0,0,56,T
3-PA,1976,0,0,0,56,56,C
3-PA,1977,55,0,1,0,56,A
3-PA,1978,0,0,56,0,56,G
3-PA,1979,0,0,0,56,56,C
3-PA,1980,0,0,55,0,55,G
3-PA,1981,1,0,54,0,55,G
3-PA,1982,55,0,0,0,55,A
3-PA,1983,0,0,55,0,55,G
3-PA,1984,0,55,0,0,55,T
3-PA,1985,0,0,0,55,55,C
3-PA,1986,55,0,0,0,55,A
3-PA,1987,55,0,0,0,55,A
3-PA,1988,0,0,55,0,55,G
3-PA,1989,55,0,0,0,55,A
3-PA,1990,55,0,0,0,55,A
3-PA,1991,54,0,0,0,54,A
3-PA,1992,55,0,0,0,55,A
3-PA,1993,0,0,0,54,54,C
3-PA,1994,0,54,0,0,54,T
3-PA,1995,0,0,54,0,54,G
3-PA,1996,0,0,0,54,54,C
3-PA,1997,0,54,0,0,54,T
3-PA,1998,0,0,0,54,54,C
3-PA,1999,0,0,0,54,54,C
3-PA,2000,0,54,0,0,54,T
3-PA,2001,0,54,0,0,54,T
3-PA,2002,0,0,54,0,54,G
3-PA,2003,0,54,0,0,54,T
3-PA,2004,0,54,0,0,54,T
3-PA,2005,0,0,54,0,54,G
3-PA,2006,0,54,0,0,54,T
3-PA,2007,0,53,0,0,53,T
3-PA,2008,1,0,0,52,53,C
3-PA,2009,52,0,0,0,52,A
3-PA,2010,0,0,53,0,53,G
3-PA,2011,0,0,54,0,54,G
3-PA,2012,0,0,0,55,55,C
3-PA,2013,0,55,0,0,55,T
3-PA,2014,0,0,0,56,56,C
3-PA,2015,0,56,0,0,56,T
3-PA,2016,0,56,0,0,56,T
3-PA,2017,56,0,0,0,56,A
3-PA,2018,0,0,56,0,56,G
3-PA,2019,0,0,55,0,55,G
3-PA,2020,0,0,55,0,55,G
3-PA,2021,54,0,0,0,54,A
3-PA,2022,0,0,0,54,54,C
3-PA,2023,47,0,0,0,47,A
3-PA,2024,48,0,0,0,48,A
3-PA,2025,0,0,0,48,48,C
3-PA,2026,0,0,0,48,48,C
3-PA,2027,0,48,0,0,48,T
3-PA,2028,0,0,0,46,46,C
3-PA,2029,0,0,46,0,46,G
3-PA,2030,46,0,0,0,46,A
3-PA,2031,46,0,0,0,46,A
3-PA,2032,0,0,0,46,46,C
3-PA,2033,0,0,0,45,45,C
3-PA,2034,0,43,0,0,43,T
3-PA,2035,0,0,43,0,43,G
3-PA,2036,0,0,43,0,43,G
3-PA,2037,0,0,43,0,43,G
3-PA,2038,43,0,0,0,43,A
3-PA,2039,0,0,0,43,43,C
3-PA,2040,0,0,0,43,43,C
3-PA,2041,0,40,0,0,40,T
3-PA,2042,0,40,0,0,40,T
3-PA,2043,0,40,0,0,40,T
3-PA,2044,0,0,40,0,40,G
3-PA,2045,40,0,0,0,40,A
3-PA,2046,0,39,0,0,39,T
3-PA,2047,1,0,0,39,40,C
3-PA,2048,0,41,0,0,41,T
3-PA,2049,0,41,0,0,41,T
3-PA,2050,0,0,41,0,41,G
3-PA,2051,0,0,40,0,40,G
3-PA,2052,0,0,40,0,40,G
3-PA,2053,0,1,39,0,40,G
3-PA,2054,0,0,40,0,40,G
3-PA,2055,0,0,39,0,39,G
3-PA,2056,0,0,0,38,38,C
3-PA,2057,0,38,0,0,38,T
3-PA,2058,41,0,0,0,41,A
3-PA,2059,0,41,0,0,41,T
3-PA,2060,41,0,0,0,41,A
3-PA,2061,0,41,0,0,41,T
3-PA,2062,0,0,36,0,36,G
3-PA,2063,36,0,0,0,36,A
3-PA,2064,35,0,0,0,35,A
3-PA,2065,0,1,35,0,36,G
3-PA,2066,0,0,0,36,36,C
3-PA,2067,33,0,0,0,33,A
3-PA,2068,33,0,0,0,33,A
3-PA,2069,0,33,0,0,33,T
3-PA,2070,0,32,0,0,32,T
3-PA,2071,0,0,33,0,33,G
3-PA,2072,32,0,0,0,32,A
3-PA,2073,0,0,33,0,33,G
3-PA,2074,0,0,32,0,32,G
3-PA,2075,31,0,0,0,31,A
3-PA,2076,0,0,32,0,32,G
3-PA,2077,0,28,0,0,28,T
3-PA,2078,0,0,28,0,28,G
3-PA,2079,1,0,0,27,28,C
3-PA,2080,0,0,0,28,28,C
3-PA,2081,0,27,0,0,27,T
3-PA,2082,0,0,27,0,27,G
3-PA,2083,27,0,0,0,27,A
3-PA,2084,0,27,0,0,27,T
3-PA,2085,0,26,0,0,26,T
3-PA,2086,26,0,0,0,26,A
3-PA,2087,26,0,0,0,26,A
3-PA,2088,0,26,0,0,26,T
3-PA,2089,0,0,25,0,25,G
3-PA,2090,25,0,0,0,25,A
3-PA,2091,0,26,0,0,26,T
3-PA,2092,0,0,0,25,25,C
3-PA,2093,0,0,0,26,26,C
3-PA,2094,0,0,0,26,26,C
3-PA,2095,0,26,0,0,26,T
3-PA,2096,0,0,26,0,26,G
3-PA,2097,0,0,26,0,26,G
3-PA,2098,0,0,26,0,26,G
3-PA,2099,0,26,0,0,26,T
3-PA,2100,0,26,0,0,26,T
3-PA,2101,0,26,0,0,26,T
3-PA,2102,0,26,0,0,26,T
3-PA,2103,0,0,26,0,26,G
3-PA,2104,0,0,0,26,26,C
3-PA,2105,0,26,0,0,26,T
3-PA,2106,0,0,0,26,26,C
3-PA,2107,26,0,0,0,26,A
3-PA,2108,26,0,0,0,26,A
3-PA,2109,0,26,0,0,26,T
3-PA,2110,0,0,26,0,26,G
3-PA,2111,0,0,0,26,26,C
3-PA,2112,0,0,27,0,27,G
3-PA,2113,0,27,0,0,27,T
3-PA,2114,0,0,0,27,27,C
3-PA,2115,0,27,0,0,27,T
3-PA,2116,0,27,0,0,27,T
3-PA,2117,0,0,27,0,27,G
3-PA,2118,0,0,27,0,27,G
3-PA,2119,0,27,0,0,27,T
3-PA,2120,0,26,0,0,26,T
3-PA,2121,0,0,0,26,26,C
3-PA,2122,25,0,0,0,25,A
3-PA,2123,25,0,0,0,25,A
3-PA,2124,0,0,0,25,25,C
3-PA,2125,0,25,0,0,25,T
3-PA,2126,0,0,0,25,25,C
3-PA,2127,0,0,0,25,25,C
3-PA,2128,0,23,0,0,23,T
3-PA,2129,0,23,0,0,23,T
3-PA,2130,0,0,0,23,23,C
3-PA,2131,0,0,0,23,23,C
3-PA,2132,0,23,0,0,23,T
3-PA,2133,0,0,23,0,23,G
3-PA,2134,23,0,0,0,23,A
3-PA,2135,0,0,0,22,22,C
3-PA,2136,20,0,0,0,20,A
3-PA,2137,0,0,0,20,20,C
3-PA,2138,19,0,0,0,19,A
3-PA,2139,0,19,0,0,19,T
3-PA,2140,0,0,19,0,19,G
3-PA,2141,0,0,0,19,19,C
3-PA,2142,19,0,0,0,19,A
3-PA,2143,0,19,0,0,19,T
3-PA,2144,0,19,0,0,19,T
3-PA,2145,19,0,0,0,19,A
3-PA,2146,19,0,0,0,19,A
3-PA,2147,19,0,0,0,19,A
3-PA,2148,18,0,0,0,18,A
3-PA,2149,0,17,0,0,17,T
3-PA,2150,11,0,0,0,11,A
3-PA,2151,0,0,11,0,11,G
4-HA,1,207,0,0,0,207,A
4-HA,2,0,207,0,0,207,T
4-HA,3,0,0,211,0,211,G
4-HA,4,213,0,0,0,213,A
4-HA,5,215,0,0,0,215,A
4-HA,6,0,2,232,0,234,G
4-HA,7,233,0,0,0,233,A
4-HA,8,0,0,0,253,253,C
4-HA,9,0,255,0,0,255,T
4-HA,10,269,0,0,0,269,A
4-HA,11,0,280,0,0,280,T
4-HA,12,0,0,0,280,280,C
4-HA,13,280,0,1,0,281,A
4-HA,14,0,281,0,0,281,T
4-HA,15,0,281,0,0,281,T
4-HA,16,0,0,305,0,305,G
4-HA,17,0,0,0,307,307,C
4-HA,18,0,307,0,0,307,T
4-HA,19,0,310,0,0,310,T
4-HA,20,0,309,0,1,310,T
4-HA,21,0,0,329,0,329,G
4-HA,22,328,1,0,0,329,A
4-HA,23,0,0,342,0,342,G
4-HA,24,0,0,0,344,344,C
4-HA,25,0,344,0,0,344,T
4-HA,26,378,0,0,0,378,A
4-HA,27,0,0,0,389,389,C
4-HA,28,393,0,0,0,393,A
4-HA,29,0,420,0,0,420,T
4-HA,30,0,419,0,0,419,T
4-HA,31,0,0,0,422,422,C
4-HA,32,0,422,0,0,422,T
4-HA,33,428,0,0,0,428,A
4-HA,34,0,427,0,0,427,T
4-HA,35,0,0,433,0,433,G
4-HA,36,1,434,0,0,435,T
4-HA,37,1,0,0,434,435,C
4-HA,38,0,434,0,0,434,T
4-HA,39,0,1,435,0,436,G
4-HA,40,0,0,436,0,436,G
4-HA,41,1,435,0,0,436,T
4-HA,42,0,438,0,0,438,T
4-HA,43,0,437,0,0,437,T
4-HA,44,0,436,0,1,437,T
4-HA,45,0,0,0,436,436,C
4-HA,46,0,0,436,0,436,G
4-HA,47,0,0,0,444,444,C
4-HA,48,0,446,0,0,446,T
4-HA,49,4,0,0,443,447,C
4-HA,50,447,0,0,0,447,A
4-HA,51,450,0,0,0,450,A
4-HA,52,450,0,0,0,450,A
4-HA,53,449,0,0,0,449,A
4-HA,54,453,0,0,0,453,A
4-HA,55,0,0,0,454,454,C
4-HA,56,0,451,0,0,451,T
4-HA,57,0,454,0,1,455,T
4-HA,58,0,0,0,455,455,C
4-HA,59,0,1,0,453,454,C
4-HA,60,0,454,0,0,454,T
4-HA,61,0,0,461,0,461,G
4-HA,62,0,3,458,0,461,G
4-HA,63,459,0,0,0,459,A
4-HA,64,471,0,0,0,471,A
4-HA,65,471,0,0,0,471,A
4-HA,66,0,475,0,0,475,T
4-HA,67,0,7,477,0,484,G
4-HA,68,488,0,0,0,488,A
4-HA,69,0,1,0,500,501,C
4-HA,70,499,0,0,0,499,A
4-HA,71,500,0,0,0,500,A
4-HA,72,0,1,0,508,509,C
4-HA,73,505,0,2,0,507,A
4-HA,74,0,0,511,0,511,G
4-HA,75,0,0,0,512,512,C
4-HA,76,507,0,0,1,508,A
4-HA,77,0,0,0,524,524,C
4-HA,78,0,1,522,0,523,G
4-HA,79,2,1,525,0,528,G
4-HA,80,0,0,0,527,527,C
4-HA,81,523,0,0,0,523,A
4-HA,82,531,0,0,0,531,A
4-HA,83,0,2,0,529,531,C
4-HA,84,0,0,536,0,536,G
4-HA,85,1,0,0,538,539,C
4-HA,86,0,538,0,0,538,T
4-HA,87,0,0,543,0,543,G
4-HA,88,0,542,0,1,543,T
4-HA,89,0,1,582,0,583,G
4-HA,90,1,0,0,592,593,C
4-HA,91,0,0,0,601,601,C
4-HA,92,0,601,0,0,601,T
4-HA,93,0,598,0,0,598,T
4-HA,94,0,1,600,0,601,G
4-HA,95,0,1,599,0,600,G
4-HA,96,0,0,608,0,608,G
4-HA,97,1,1,0,608,610,C
4-HA,98,604,0,1,0,605,A
4-HA,99,0,0,0,613,613,C
4-HA,100,1,0,0,606,607,C
4-HA,101,650,0,1,0,651,A
4-HA,102,1,651,0,0,652,T
4-HA,103,1,0,653,0,654,G
4-HA,104,0,0,0,653,653,C
4-HA,105,642,0,0,0,642,A
4-HA,106,1,0,686,0,687,G
4-HA,107,0,687,0,1,688,T
4-HA,108,692,0,3,0,695,A
4-HA,109,0,0,0,694,694,C
4-HA,110,5,0,0,670,675,C
4-HA,111,676,0,1,0,677,A
4-HA,112,675,0,1,0,676,A
4-HA,113,674,0,1,0,675,A
4-HA,114,0,2,0,677,679,C
4-HA,115,0,0,664,0,664,G
4-HA,116,0,2,675,0,677,G
4-HA,117,671,0,0,0,671,A
4-HA,118,677,0,1,0,678,A
4-HA,119,0,0,0,678,678,C
4-HA,120,1,4,672,0,677,G
4-HA,121,0,1,674,0,675,G
4-HA,122,0,712,0,0,712,T
4-HA,123,717,0,1,0,718,A
4-HA,124,0,0,717,0,717,G
4-HA,125,0,711,0,0,711,T
4-HA,126,0,0,715,0,715,G
4-HA,127,715,0,0,0,715,A
4-HA,128,717,0,0,0,717,A
4-HA,129,714,0,2,0,716,A
4-HA,130,711,0,0,1,712,A
4-HA,131,0,0,0,713,713,C
4-HA,132,712,0,0,0,712,A
4-HA,133,714,0,0,1,715,A
4-HA,134,0,712,0,0,712,T
4-HA,135,3,0,0,708,711,C
4-HA,136,711,0,0,0,711,A
4-HA,137,0,0,0,716,716,C
4-HA,138,0,1,716,0,717,G
4-HA,139,712,0,1,0,713,A
4-HA,140,709,0,0,0,709,A
4-HA,141,0,711,0,0,711,T
4-HA,142,1,5,705,0,711,G
4-HA,143,717,0,1,0,718,A
4-HA,144,0,0,0,715,715,C
4-HA,145,2,1,0,713,716,C
4-HA,146,721,0,0,0,721,A
4-HA,147,727,0,0,0,727,A
4-HA,148,727,0,0,0,727,A
4-HA,149,0,725,0,1,726,T
4-HA,150,0,724,0,0,724,T
4-HA,151,0,1,727,0,728,G
4-HA,152,721,0,0,0,721,A
4-HA,153,723,0,1,0,724,A
4-HA,154,0,0,725,0,725,G
4-HA,155,1,723,0,0,724,T
4-HA,156,0,740,0,0,740,T
4-HA,157,746,0,0,0,746,A
4-HA,158,0,0,1,747,748,C
4-HA,159,0,750,0,0,750,T
4-HA,160,747,0,2,0,749,A
4-HA,161,760,0,1,0,761,A
4-HA,162,0,761,0,0,761,T
4-HA,163,1,0,764,0,765,G
4-HA,164,1,0,0,784,785,C
4-HA,165,0,780,0,0,780,T
4-HA,166,783,0,0,0,783,A
4-HA,167,0,0,0,778,778,C
4-HA,168,0,778,0,0,778,T
4-HA,169,0,1,778,0,779,G
4-HA,170,772,0,2,0,774,A
4-HA,171,0,0,773,0,773,G
4-HA,172,1,0,0,771,772,C
4-HA,173,0,755,0,1,756,T
4-HA,174,0,1,787,0,788,G
4-HA,175,0,0,798,0,798,G
4-HA,176,0,797,0,0,797,T
4-HA,177,0,799,0,0,799,T
4-HA,178,3,1,0,792,796,C
4-HA,179,789,0,1,0,790,A
4-HA,180,0,1,791,0,792,G
4-HA,181,794,0,0,0,794,A
4-HA,182,0,0,812,0,812,G
4-HA,183,0,812,0,0,812,T
4-HA,184,0,797,0,0,797,T
4-HA,185,1,0,0,800,801,C
4-HA,186,1,0,0,803,804,C
4-HA,187,0,804,0,0,804,T
4-HA,188,1,0,0,805,806,C
4-HA,189,806,0,1,0,807,A
4-HA,190,808,0,0,0,808,A
4-HA,191,0,0,0,809,809,C
4-HA,192,793,0,2,0,795,A
4-HA,193,0,1,809,0,810,G
4-HA,194,0,2,814,0,816,G
4-HA,195,0,812,0,0,812,T
4-HA,196,1,4,811,0,816,G
4-HA,197,813,0,1,0,814,A
4-HA,198,811,0,0,0,811,A
4-HA,199,844,0,0,0,844,A
4-HA,200,0,845,0,0,845,T
4-HA,201,853,0,0,0,853,A
4-HA,202,0,844,0,0,844,T
4-HA,203,0,1,847,0,848,G
4-HA,204,0,1,0,851,852,C
4-HA,205,0,6,847,0,853,G
4-HA,206,850,0,2,0,852,A
4-HA,207,0,0,0,853,853,C
4-HA,208,844,0,0,0,844,A
4-HA,209,0,0,906,0,906,G
4-HA,210,0,899,0,0,899,T
4-HA,211,0,0,0,909,909,C
4-HA,212,0,0,0,910,910,C
4-HA,213,0,906,0,0,906,T
4-HA,214,2,0,0,913,915,C
4-HA,215,915,0,0,0,915,A
4-HA,216,0,916,0,0,916,T
4-HA,217,0,0,0,917,917,C
4-HA,218,871,0,1,0,872,A
4-HA,219,0,2,872,0,874,G
4-HA,220,873,0,1,0,874,A
4-HA,221,0,876,0,0,876,T
4-HA,222,1,0,0,871,872,C
4-HA,223,2,0,0,863,865,C
4-HA,224,0,859,0,0,859,T
4-HA,225,0,859,0,0,859,T
4-HA,226,0,1,862,0,863,G
4-HA,227,861,1,0,0,862,A
4-HA,228,0,862,0,0,862,T
4-HA,229,0,0,865,0,865,G
4-HA,230,2,4,859,0,865,G
4-HA,231,867,0,0,0,867,A
4-HA,232,862,0,0,0,862,A
4-HA,233,868,0,0,0,868,A
4-HA,234,863,0,0,0,863,A
4-HA,235,865,0,0,0,865,A
4-HA,236,871,0,0,1,872,A
4-HA,237,1,0,0,871,872,C
4-HA,238,0,867,0,0,867,T
4-HA,239,0,1,872,1,874,G
4-HA,240,0,1,0,871,872,C
4-HA,241,875,0,1,0,876,A
4-HA,242,0,0,0,906,906,C
4-HA,243,900,0,2,0,902,A
4-HA,244,0,0,0,1006,1006,C
4-HA,245,0,1005,0,1,1006,T
4-HA,246,1024,0,0,0,1024,A
4-HA,247,1022,0,1,0,1023,A
4-HA,248,0,1024,0,0,1024,T
4-HA,249,1018,0,1,0,1019,A
4-HA,250,0,1,1024,0,1025,G
4-HA,251,1001,0,0,0,1001,A
4-HA,252,0,990,0,0,990,T
4-HA,253,1,0,933,0,934,G
4-HA,254,1,0,0,945,946,C
4-HA,255,1,938,0,0,939,T
4-HA,256,4,0,0,1016,1020,C
4-HA,257,0,1019,0,0,1019,T
4-HA,258,1046,0,0,0,1046,A
4-HA,259,0,1049,0,0,1049,T
4-HA,260,0,1046,0,0,1046,T
4-HA,261,0,0,1066,0,1066,G
4-HA,262,1,2,1052,0,1055,G
4-HA,263,0,5,1054,0,1059,G
4-HA,264,1046,0,0,0,1046,A
4-HA,265,0,4,1025,0,1029,G
4-HA,266,1019,0,0,0,1019,A
4-HA,267,0,0,1,1107,1108,C
4-HA,268,2,0,0,1119,1121,C
4-HA,269,3,0,0,1125,1128,C
4-HA,270,0,1129,0,2,1131,T
4-HA,271,2,0,0,1139,1141,C
4-HA,272,1137,0,2,0,1139,A
4-HA,273,1,1,1206,0,1208,G
4-HA,274,0,1200,0,1,1201,T
4-HA,275,1,2,1208,0,1211,G
4-HA,276,0,1171,0,0,1171,T
4-HA,277,1,2,1158,0,1161,G
4-HA,278,1159,2,0,0,1161,A
4-HA,279,0,1162,0,0,1162,T
4-HA,280,0,2,1156,0,1158,G
4-HA,281,0,2,1158,0,1160,G
4-HA,282,2,0,0,1140,1142,C
4-HA,283,0,1140,0,2,1142,T
4-HA,284,0,1140,0,1,1141,T
4-HA,285,2,1,1,1141,1145,C
4-HA,286,0,0,0,1145,1145,C
4-HA,287,1146,0,1,0,1147,A
4-HA,288,1149,0,2,0,1151,A
4-HA,289,1151,0,0,0,1151,A
4-HA,290,1157,0,0,0,1157,A
4-HA,291,0,1157,0,2,1159,T
4-HA,292,1158,0,0,0,1158,A
4-HA,293,1159,0,3,0,1162,A
4-HA,294,0,3,1167,0,1170,G
4-HA,295,1174,0,1,0,1175,A
4-HA,296,1181,0,0,0,1181,A
4-HA,297,1183,0,0,0,1183,A
4-HA,298,0,1184,0,0,1184,T
4-HA,299,0,1,1181,1,1183,G
4-HA,300,0,3,1177,0,1180,G
4-HA,301,1,4,1174,0,1179,G
4-HA,302,1180,0,0,0,1180,A
4-HA,303,1,0,0,1186,1187,C
4-HA,304,2,1,0,1171,1174,C
4-HA,305,0,1191,0,1,1192,T
4-HA,306,0,1197,0,0,1197,T
4-HA,307,0,1192,1,0,1193,T
4-HA,308,0,1204,0,0,1204,T
4-HA,309,0,1202,0,0,1202,T
4-HA,310,0,0,1207,0,1207,G
4-HA,311,0,1204,0,0,1204,T
4-HA,312,0,1198,0,1,1199,T
4-HA,313,1,4,1197,0,1202,G
4-HA,314,1188,0,0,0,1188,A
4-HA,315,1196,0,1,0,1197,A
4-HA,316,1,1,0,1195,1197,C
4-HA,317,0,1,1187,0,1188,G
4-HA,318,0,0,0,1208,1208,C
4-HA,319,1204,0,1,1,1206,A
4-HA,320,0,0,1214,0,1214,G
4-HA,321,0,0,0,1213,1213,C
4-HA,322,1214,0,0,0,1214,A
4-HA,323,1213,1,0,0,1214,A
4-HA,324,1215,0,0,0,1215,A
4-HA,325,0,0,1273,0,1273,G
4-HA,326,0,0,0,1270,1270,C
4-HA,327,3,0,0,1265,1268,C
4-HA,328,0,1268,0,2,1270,T
4-HA,329,1268,0,1,0,1269,A
4-HA,330,0,1,0,1279,1280,C
4-HA,331,1284,0,0,0,1284,A
4-HA,332,0,1,1283,0,1284,G
4-HA,333,0,1,0,1277,1278,C
4-HA,334,1243,1,2,0,1246,A
4-HA,335,1256,0,0,1,1257,A
4-HA,336,0,0,0,1311,1311,C
4-HA,337,0,1308,1,0,1309,T
4-HA,338,0,2,1308,0,1310,G
4-HA,339,1,1301,0,0,1302,T
4-HA,340,0,1302,0,0,1302,T
4-HA,341,1302,0,1,0,1303,A
4-HA,342,0,0,0,1382,1382,C
4-HA,343,1,0,0,1386,1387,C
4-HA,344,1,0,0,1428,1429,C
4-HA,345,0,1388,0,0,1388,T
4-HA,346,0,1386,0,2,1388,T
4-HA,347,1386,0,1,0,1387,A
4-HA,348,0,1392,0,0,1392,T
4-HA,349,0,1,1392,0,1393,G
4-HA,350,1386,0,0,0,1386,A
4-HA,351,0,1301,0,0,1301,T
4-HA,352,2,0,1310,0,1312,G
4-HA,353,0,1283,0,0,1283,T
4-HA,354,0,0,1290,0,1290,G
4-HA,355,0,1,0,1288,1289,C
4-HA,356,3,0,0,1280,1283,C
4-HA,357,0,1,1300,0,1301,G
4-HA,358,0,1,1319,0,1320,G
4-HA,359,1323,0,1,0,1324,A
4-HA,360,0,1324,0,0,1324,T
4-HA,361,1,1311,0,0,1312,T
4-HA,362,1316,1,0,0,1317,A
4-HA,363,0,1311,0,0,1311,T
4-HA,364,0,1,1311,0,1312,G
4-HA,365,0,1,0,1310,1311,C
4-HA,366,1,0,0,1297,1298,C
4-HA,367,0,1303,0,4,1307,T
4-HA,368,1,0,0,1380,1381,C
4-HA,369,0,0,0,1400,1400,C
4-HA,370,4,0,0,1398,1402,C
4-HA,371,0,1395,0,0,1395,T
4-HA,372,0,1397,1,0,1398,T
4-HA,373,1397,0,0,0,1397,A
4-HA,374,0,2,1444,0,1446,G
4-HA,375,1,0,1453,0,1454,G
4-HA,376,0,1428,0,1,1429,T
4-HA,377,24,0,0,1369,1393,C
4-HA,378,1379,0,0,0,1379,A
4-HA,379,0,0,0,1409,1409,C
4-HA,380,0,1414,0,0,1414,T
4-HA,381,1412,0,0,0,1412,A
4-HA,382,0,0,1421,1,1422,G
4-HA,383,0,1403,0,0,1403,T
4-HA,384,1,1393,0,1,1395,T
4-HA,385,0,0,1405,0,1405,G
4-HA,386,0,1,0,1409,1410,C
4-HA,387,2,0,0,1410,1412,C
4-HA,388,1,1397,0,0,1398,T
4-HA,389,3,2,0,1399,1404,C
4-HA,390,1458,0,0,0,1458,A
4-HA,391,0,1462,0,0,1462,T
4-HA,392,0,0,0,1464,1464,C
4-HA,393,3,0,0,1458,1461,C
4-HA,394,0,3,1449,0,1452,G
4-HA,395,3,0,1454,0,1457,G
4-HA,396,0,1,0,1455,1456,C
4-HA,397,1476,1,0,0,1477,A
4-HA,398,0,0,0,1492,1492,C
4-HA,399,1448,2,1,1,1452,A
4-HA,400,0,0,0,1463,1463,C
4-HA,401,1,1456,1,2,1460,T
4-HA,402,0,1,1472,1,1474,G
4-HA,403,1,2,1483,0,1486,G
4-HA,404,1478,0,1,0,1479,A
4-HA,405,0,0,1500,0,1500,G
4-HA,406,1,1491,0,0,1492,T
4-HA,407,0,1482,0,0,1482,T
4-HA,408,0,1486,0,2,1488,T
4-HA,409,1482,0,0,0,1482,A
4-HA,410,1485,0,2,0,1487,A
4-HA,411,0,0,0,1495,1495,C
4-HA,412,1471,1,1,0,1473,A
4-HA,413,1476,0,1,0,1477,A
4-HA,414,0,1465,0,0,1465,T
4-HA,415,0,7,1458,0,1465,G
4-HA,416,1460,1,0,0,1461,A
4-HA,417,1462,0,0,0,1462,A
4-HA,418,1462,0,2,0,1464,A
4-HA,419,1,0,1475,0,1476,G
4-HA,420,1,0,0,1484,1485,C
4-HA,421,0,1479,0,1,1480,T
4-HA,422,1,1476,0,2,1479,T
4-HA,423,4,1,0,1483,1488,C
4-HA,424,1493,0,0,0,1493,A
4-HA,425,1494,0,0,0,1494,A
4-HA,426,1,1489,0,1,1491,T
4-HA,427,0,1487,0,1,1488,T
4-HA,428,0,3,1516,0,1519,G
4-HA,429,0,6,1534,0,1540,G
4-HA,430,1534,1,2,0,1537,A
4-HA,431,1,0,0,1539,1540,C
4-HA,432,0,1523,0,3,1526,T
4-HA,433,0,2,1522,1,1525,G
4-HA,434,0,5,1521,0,1526,G
4-HA,435,1524,0,0,0,1524,A
4-HA,436,0,0,1528,1,1529,G
4-HA,437,1,1492,0,0,1493,T
4-HA,438,12,1,0,1467,1480,C
4-HA,439,1487,0,4,0,1491,A
4-HA,440,0,2,0,1490,1492,C
4-HA,441,0,1493,0,0,1493,T
4-HA,442,3,0,0,1493,1496,C
4-HA,443,1485,0,0,0,1485,A
4-HA,444,1502,0,0,0,1502,A
4-HA,445,1497,0,0,1,1498,A
4-HA,446,1501,1,1,0,1503,A
4-HA,447,0,0,0,1504,1504,C
4-HA,448,0,2,1484,0,1486,G
4-HA,449,0,8,1510,0,1518,G
4-HA,450,1515,0,0,0,1515,A
4-HA,451,1518,0,1,0,1519,A
4-HA,452,0,0,0,1522,1522,C
4-HA,453,1514,0,0,0,1514,A
4-HA,454,1531,0,2,0,1533,A
4-HA,455,1,0,1544,0,1545,G
4-HA,456,0,0,0,1546,1546,C
4-HA,457,0,1532,0,1,1533,T
4-HA,458,1,0,0,1538,1539,C
4-HA,459,0,1527,0,2,1529,T
4-HA,460,1,0,1538,0,1539,G
4-HA,461,0,0,0,1544,1544,C
4-HA,462,0,1544,0,2,1546,T
4-HA,463,1,1576,0,0,1577,T
4-HA,464,0,0,1611,0,1611,G
4-HA,465,0,0,0,1616,1616,C
4-HA,466,1615,1,1,1,1618,A
4-HA,467,0,1603,0,0,1603,T
4-HA,468,1594,1,0,0,1595,A
4-HA,469,1587,0,1,0,1588,A
4-HA,470,0,1,1576,1,1578,G
4-HA,471,0,4,1578,1,1583,G
4-HA,472,1534,0,1,0,1535,A
4-HA,473,0,5,1516,0,1521,G
4-HA,474,1507,0,0,0,1507,A
4-HA,475,2,1542,0,1,1545,T
4-HA,476,2,0,0,1551,1553,C
4-HA,477,1,1554,0,0,1555,T
4-HA,478,1552,0,0,0,1552,A
4-HA,479,1545,0,1,1,1547,A
4-HA,480,1535,0,0,0,1535,A
4-HA,481,1543,0,1,0,1544,A
4-HA,482,1545,0,0,0,1545,A
4-HA,483,1,0,0,1549,1550,C
4-HA,484,1496,0,0,0,1496,A
4-HA,485,1,0,1510,0,1511,G
4-HA,486,0,1505,0,1,1506,T
4-HA,487,0,1521,0,2,1523,T
4-HA,488,1,1523,0,1,1525,T
4-HA,489,4,0,0,1563,1567,C
4-HA,490,0,1564,0,2,1566,T
4-HA,491,0,1575,0,0,1575,T
4-HA,492,0,1575,0,1,1576,T
4-HA,493,1568,0,0,0,1568,A
4-HA,494,0,0,1574,0,1574,G
4-HA,495,0,1572,0,0,1572,T
4-HA,496,1569,0,0,0,1569,A
4-HA,497,0,2,1569,0,1571,G
4-HA,498,1545,0,1,0,1546,A
4-HA,499,0,1543,1,3,1547,T
4-HA,500,1,1539,0,0,1540,T
4-HA,501,1,5,1553,2,1561,G
4-HA,502,1563,0,0,0,1563,A
4-HA,503,1566,0,0,0,1566,A
4-HA,504,1,1560,0,0,1561,T
4-HA,505,1,1553,0,0,1554,T
4-HA,506,0,2,1566,0,1568,G
4-HA,507,0,0,1562,0,1562,G
4-HA,508,0,1558,0,3,1561,T
4-HA,509,0,1554,1,0,1555,T
4-HA,510,1,6,1530,0,1537,G
4-HA,511,1540,0,2,0,1542,A
4-HA,512,1,0,0,1542,1543,C
4-HA,513,3,0,0,1531,1534,C
4-HA,514,2,1,0,1549,1552,C
4-HA,515,1546,0,0,0,1546,A
4-HA,516,0,1,0,1560,1561,C
4-HA,517,0,1556,0,2,1558,T
4-HA,518,0,1559,0,2,1561,T
4-HA,519,1556,0,0,0,1556,A
4-HA,520,1553,0,0,0,1553,A
4-HA,521,1549,0,1,1,1551,A
4-HA,522,0,1,0,1509,1510,C
4-HA,523,0,1533,0,2,1535,T
4-HA,524,0,1539,0,2,1541,T
4-HA,525,3,0,0,1552,1555,C
4-HA,526,1555,0,0,0,1555,A
4-HA,527,1554,1,0,0,1555,A
4-HA,528,1551,0,3,0,1554,A
4-HA,529,0,1558,0,0,1558,T
4-HA,530,1581,0,2,0,1583,A
4-HA,531,0,0,0,1577,1577,C
4-HA,532,0,0,0,1544,1544,C
4-HA,533,2,1,0,1549,1552,C
4-HA,534,1545,0,0,0,1545,A
4-HA,535,1,0,1606,0,1607,G
4-HA,536,0,0,0,1602,1602,C
4-HA,537,1605,0,0,0,1605,A
4-HA,538,0,1603,0,1,1604,T
4-HA,539,1,1581,0,0,1582,T
4-HA,540,0,3,1630,0,1633,G
4-HA,541,1631,0,0,1,1632,A
4-HA,542,1637,0,1,0,1638,A
4-HA,543,1,1,0,1637,1639,C
4-HA,544,1,0,1593,0,1594,G
4-HA,545,0,1606,0,0,1606,T
4-HA,546,0,8,1600,0,1608,G
4-HA,547,1607,0,2,0,1609,A
4-HA,548,0,0,0,1608,1608,C
4-HA,549,1,1553,0,0,1554,T
4-HA,550,1586,0,0,0,1586,A
4-HA,551,0,1579,0,1,1580,T
4-HA,552,1,1,1598,0,1600,G
4-HA,553,1,1,0,1598,1600,C
4-HA,554,3,1,0,1587,1591,C
4-HA,555,1580,0,0,0,1580,A
4-HA,556,1580,0,0,0,1580,A
4-HA,557,1595,0,2,0,1597,A
4-HA,558,0,0,0,1603,1603,C
4-HA,559,1566,0,0,0,1566,A
4-HA,560,1565,0,0,0,1565,A
4-HA,561,1,1553,0,0,1554,T
4-HA,562,0,9,1550,0,1559,G
4-HA,563,1553,0,3,0,1556,A
4-HA,564,1554,0,3,0,1557,A
4-HA,565,1,0,0,1525,1526,C
4-HA,566,1528,0,0,0,1528,A
4-HA,567,1545,0,0,0,1545,A
4-HA,568,0,1545,0,0,1545,T
4-HA,569,0,1539,0,1,1540,T
4-HA,570,0,1539,0,0,1539,T
4-HA,571,1,12,1521,0,1534,G
4-HA,572,1536,0,1,0,1537,A
4-HA,573,0,0,0,1537,1537,C
4-HA,574,1536,0,0,0,1536,A
4-HA,575,1535,1,0,0,1536,A
4-HA,576,1558,0,1,0,1559,A
4-HA,577,0,1566,1,0,1567,T
4-HA,578,0,1552,0,0,1552,T
4-HA,579,1,0,1569,0,1570,G
4-HA,580,0,1564,0,2,1566,T
4-HA,581,1571,0,0,0,1571,A
4-HA,582,1,0,0,1603,1604,C
4-HA,583,1600,0,0,0,1600,A
4-HA,584,0,1632,0,2,1634,T
4-HA,585,0,1613,0,0,1613,T
4-HA,586,2,1603,0,1,1606,T
4-HA,587,0,0,1598,1,1599,G
4-HA,588,2,2,1585,0,1589,G
4-HA,589,0,0,1581,2,1583,G
4-HA,590,1,1,1588,0,1590,G
4-HA,591,0,7,1555,1,1563,G
4-HA,592,0,1,1595,0,1596,G
4-HA,593,0,1551,17,5,1573,T
4-HA,594,0,1584,0,1,1585,T
4-HA,595,8,1,0,1578,1587,C
4-HA,596,1588,0,2,0,1590,A
4-HA,597,0,1,0,1592,1593,C
4-HA,598,6,0,0,1587,1593,C
4-HA,599,1593,0,0,0,1593,A
4-HA,600,0,1,0,1600,1601,C
4-HA,601,1,0,0,1582,1583,C
4-HA,602,3,1,0,1558,1562,C
4-HA,603,1,1,1566,0,1568,G
4-HA,604,0,5,1592,0,1597,G
4-HA,605,0,0,1604,0,1604,G
4-HA,606,0,1596,0,0,1596,T
4-HA,607,1598,0,0,0,1598,A
4-HA,608,0,0,0,1585,1585,C
4-HA,609,1,4,1566,1,1572,G
4-HA,610,0,3,1590,0,1593,G
4-HA,611,1598,0,0,0,1598,A
4-HA,612,0,0,0,1591,1591,C
4-HA,613,1543,1,0,0,1544,A
4-HA,614,1541,0,0,1,1542,A
4-HA,615,1540,0,0,0,1540,A
4-HA,616,0,1,1562,0,1563,G
4-HA,617,1565,0,3,0,1568,A
4-HA,618,1,0,0,1564,1565,C
4-HA,619,2,0,0,1527,1529,C
4-HA,620,1537,0,0,0,1537,A
4-HA,621,1536,0,1,1,1538,A
4-HA,622,1560,0,0,0,1560,A
4-HA,623,0,1562,0,0,1562,T
4-HA,624,3,0,0,1567,1570,C
4-HA,625,0,1520,0,0,1520,T
4-HA,626,1,1520,0,0,1521,T
4-HA,627,1,0,0,1530,1531,C
4-HA,628,1,0,0,1540,1541,C
4-HA,629,0,1533,0,0,1533,T
4-HA,630,0,0,1545,0,1545,G
4-HA,631,0,1518,0,0,1518,T
4-HA,632,1534,1,0,0,1535,A
4-HA,633,0,1518,0,1,1519,T
4-HA,634,0,2,1529,0,1531,G
4-HA,635,0,0,0,1534,1534,C
4-HA,636,0,1521,0,2,1523,T
4-HA,637,9,0,0,1513,1522,C
4-HA,638,1523,0,0,0,1523,A
4-HA,639,1520,0,1,0,1521,A
4-HA,640,0,0,1524,0,1524,G
4-HA,641,0,0,0,1517,1517,C
4-HA,642,1526,0,0,0,1526,A
4-HA,643,1,1513,0,0,1514,T
4-HA,644,5,2,0,1501,1508,C
4-HA,645,1503,0,0,0,1503,A
4-HA,646,1,1,1508,0,1510,G
4-HA,647,0,2,1514,0,1516,G
4-HA,648,1514,0,0,0,1514,A
4-HA,649,1507,0,0,0,1507,A
4-HA,650,0,6,1512,0,1518,G
4-HA,651,1506,1,2,0,1509,A
4-HA,652,1529,0,2,0,1531,A
4-HA,653,0,1541,0,0,1541,T
4-HA,654,6,0,0,1533,1539,C
4-HA,655,1526,0,2,0,1528,A
4-HA,656,1,1,0,1527,1529,C
4-HA,657,1520,0,1,0,1521,A
4-HA,658,0,0,1560,0,1560,G
4-HA,659,0,1540,0,0,1540,T
4-HA,660,6,0,0,1541,1547,C
4-HA,661,0,1522,0,0,1522,T
4-HA,662,3,2,0,1554,1559,C
4-HA,663,0,1559,0,2,1561,T
4-HA,664,1572,0,1,0,1573,A
4-HA,665,0,0,0,1574,1574,C
4-HA,666,6,0,0,1565,1571,C
4-HA,667,1540,0,0,0,1540,A
4-HA,668,1544,0,0,0,1544,A
4-HA,669,1533,1,0,0,1534,A
4-HA,670,1536,1,0,0,1537,A
4-HA,671,0,2,1534,0,1536,G
4-HA,672,1489,0,0,0,1489,A
4-HA,673,1485,1,1,0,1487,A
4-HA,674,0,0,1492,0,1492,G
4-HA,675,0,0,0,1496,1496,C
4-HA,676,2,0,0,1501,1503,C
4-HA,677,1506,1,0,0,1507,A
4-HA,678,1510,6,0,0,1516,A
4-HA,679,1,0,0,1515,1516,C
4-HA,680,1514,0,1,0,1515,A
4-HA,681,1507,0,1,6,1514,A
4-HA,682,1519,0,3,0,1522,A
4-HA,683,1,0,0,1553,1554,C
4-HA,684,0,1540,0,2,1542,T
4-HA,685,1,0,1548,0,1549,G
4-HA,686,0,1542,0,0,1542,T
4-HA,687,1542,0,1,0,1543,A
4-HA,688,1544,0,1,0,1545,A
4-HA,689,1,1541,0,1,1543,T
4-HA,690,2,1,0,1551,1554,C
4-HA,691,1,0,0,1555,1556,C
4-HA,692,0,0,0,1524,1524,C
4-HA,693,0,4,1524,0,1528,G
4-HA,694,1521,1,0,0,1522,A
4-HA,695,1524,0,1,0,1525,A
4-HA,696,0,1524,0,0,1524,T
4-HA,697,1530,0,1,0,1531,A
4-HA,698,0,1526,0,1,1527,T
4-HA,699,2,2,0,1510,1514,C
4-HA,700,3,1,1504,0,1508,G
4-HA,701,0,7,1543,0,1550,G
4-HA,702,1554,0,0,0,1554,A
4-HA,703,0,1571,0,1,1572,T
4-HA,704,2,0,0,1568,1570,C
4-HA,705,0,1563,0,1,1564,T
4-HA,706,1559,0,0,0,1559,A
4-HA,707,0,5,1565,0,1570,G
4-HA,708,1571,0,1,0,1572,A
4-HA,709,1,0,0,1571,1572,C
4-HA,710,6,0,0,1520,1526,C
4-HA,711,1,0,0,1527,1528,C
4-HA,712,1513,1,1,0,1515,A
4-HA,713,0,3,1624,0,1627,G
4-HA,714,1626,0,2,0,1628,A
4-HA,715,0,0,1653,0,1653,G
4-HA,716,0,1634,1,1,1636,T
4-HA,717,1623,0,1,0,1624,A
4-HA,718,1626,0,1,0,1627,A
4-HA,719,0,1,1654,0,1655,G
4-HA,720,0,3,1660,0,1663,G
4-HA,721,1640,0,0,0,1640,A
4-HA,722,1488,0,0,0,1488,A
4-HA,723,0,1485,0,0,1485,T
4-HA,724,1474,0,0,0,1474,A
4-HA,725,0,1471,0,0,1471,T
4-HA,726,2,0,0,1487,1489,C
4-HA,727,2,0,1,1487,1490,C
4-HA,728,4,0,0,1455,1459,C
4-HA,729,0,1440,1,2,1443,T
4-HA,730,1449,0,0,0,1449,A
4-HA,731,0,1,1449,0,1450,G
4-HA,732,0,0,0,1451,1451,C
4-HA,733,1410,2,1,0,1413,A
4-HA,734,0,5,1448,0,1453,G
4-HA,735,1425,0,1,0,1426,A
4-HA,736,1433,0,0,0,1433,A
4-HA,737,0,1432,0,0,1432,T
4-HA,738,1429,0,0,0,1429,A
4-HA,739,1427,0,3,0,1430,A
4-HA,740,2,0,1427,0,1429,G
4-HA,741,0,0,0,1432,1432,C
4-HA,742,1430,0,1,0,1431,A
4-HA,743,0,1401,0,1,1402,T
4-HA,744,3,0,0,1491,1494,C
4-HA,745,0,1491,0,0,1491,T
4-HA,746,1494,2,0,0,1496,A
4-HA,747,1,1492,0,1,1494,T
4-HA,748,0,1483,0,0,1483,T
4-HA,749,0,1,1498,0,1499,G
4-HA,750,2,6,1488,0,1496,G
4-HA,751,1490,0,1,0,1491,A
4-HA,752,0,0,0,1492,1492,C
4-HA,753,1361,0,0,0,1361,A
4-HA,754,1390,0,0,0,1390,A
4-HA,755,0,1464,0,0,1464,T
4-HA,756,1482,0,1,0,1483,A
4-HA,757,0,1,1499,0,1500,G
4-HA,758,0,1492,0,0,1492,T
4-HA,759,1486,0,1,0,1487,A
4-HA,760,1495,0,0,0,1495,A
4-HA,761,1523,0,0,0,1523,A
4-HA,762,1535,0,2,0,1537,A
4-HA,763,0,1,0,1549,1550,C
4-HA,764,1,1,0,1480,1482,C
4-HA,765,0,0,1476,0,1476,G
4-HA,766,0,0,1483,0,1483,G
4-HA,767,0,3,1499,0,1502,G
4-HA,768,1502,0,2,0,1504,A
4-HA,769,0,3,1516,0,1519,G
4-HA,770,1544,0,1,0,1545,A
4-HA,771,1,0,0,1545,1546,C
4-HA,772,1534,1,1,2,1538,A
4-HA,773,0,1542,0,0,1542,T
4-HA,774,1542,1,0,0,1543,A
4-HA,775,1,0,0,1581,1582,C
4-HA,776,0,1568,0,2,1570,T
4-HA,777,0,1578,0,0,1578,T
4-HA,778,1,1581,0,1,1583,T
4-HA,779,0,1583,0,1,1584,T
4-HA,780,0,10,1585,0,1595,G
4-HA,781,1608,0,0,0,1608,A
4-HA,782,0,1604,0,1,1605,T
4-HA,783,0,1655,0,2,1657,T
4-HA,784,1644,0,0,0,1644,A
4-HA,785,1656,0,1,0,1657,A
4-HA,786,0,0,0,1682,1682,C
4-HA,787,1677,1,0,0,1678,A
4-HA,788,0,0,1751,1,1752,G
4-HA,789,0,2,0,1741,1743,C
4-HA,790,1742,1,2,0,1745,A
4-HA,791,1,0,0,1763,1764,C
4-HA,792,1744,0,1,0,1745,A
4-HA,793,0,3,1769,0,1772,G
4-HA,794,0,6,1770,0,1776,G
4-HA,795,0,5,1834,0,1839,G
4-HA,796,1831,1,2,0,1834,A
4-HA,797,1850,1,1,0,1852,A
4-HA,798,0,1855,0,1,1856,T
4-HA,799,2,0,0,1858,1860,C
4-HA,800,0,1868,1,4,1873,T
4-HA,801,1877,0,0,0,1877,A
4-HA,802,1871,0,1,0,1872,A
4-HA,803,0,1874,0,0,1874,T
4-HA,804,0,1820,0,3,1823,T
4-HA,805,0,1,1841,0,1842,G
4-HA,806,1,0,0,1888,1889,C
4-HA,807,0,1951,0,2,1953,T
4-HA,808,9,0,0,2016,2025,C
4-HA,809,3,0,0,2013,2016,C
4-HA,810,0,2011,0,1,2012,T
4-HA,811,2015,1,1,1,2018,A
4-HA,812,1,4,2012,0,2017,G
4-HA,813,0,8,2024,0,2032,G
4-HA,814,0,2,2029,0,2031,G
4-HA,815,1,1,2009,1,2012,G
4-HA,816,0,1954,0,0,1954,T
4-HA,817,0,1928,0,0,1928,T
4-HA,818,1933,0,1,0,1934,A
4-HA,819,0,0,0,1958,1958,C
4-HA,820,1,1959,0,1,1961,T
4-HA,821,0,1972,1,1,1974,T
4-HA,822,3,0,1,1965,1969,C
4-HA,823,1958,0,0,0,1958,A
4-HA,824,1958,0,1,0,1959,A
4-HA,825,1961,1,1,0,1963,A
4-HA,826,1975,0,1,0,1976,A
4-HA,827,0,1981,0,0,1981,T
4-HA,828,1960,0,0,0,1960,A
4-HA,829,0,1,0,1959,1960,C
4-HA,830,0,4,1950,0,1954,G
4-HA,831,1963,0,3,0,1966,A
4-HA,832,1968,0,0,0,1968,A
4-HA,833,0,1,1983,1,1985,G
4-HA,834,0,1981,0,1,1982,T
4-HA,835,0,7,1993,0,2000,G
4-HA,836,1,3,1997,1,2002,G
4-HA,837,0,5,2005,0,2010,G
4-HA,838,2006,0,0,0,2006,A
4-HA,839,1989,0,16,0,2005,A
4-HA,840,2007,0,1,0,2008,A
4-HA,841,1992,0,4,0,1996,A
4-HA,842,1,0,2045,0,2046,G
4-HA,843,1,0,0,2040,2041,C
4-HA,844,1,2031,0,5,2037,T
4-HA,845,10,2,0,2046,2058,C
4-HA,846,2061,0,0,0,2061,A
4-HA,847,2085,1,0,0,2086,A
4-HA,848,0,2085,0,0,2085,T
4-HA,849,2107,0,1,0,2108,A
4-HA,850,2107,0,1,0,2108,A
4-HA,851,0,2070,0,0,2070,T
4-HA,852,0,7,2069,0,2076,G
4-HA,853,2059,0,2,0,2061,A
4-HA,854,1,2,2134,0,2137,G
4-HA,855,2139,0,0,0,2139,A
4-HA,856,0,2130,0,1,2131,T
4-HA,857,9,1,0,2167,2177,C
4-HA,858,2158,0,0,0,2158,A
4-HA,859,0,3,2187,0,2190,G
4-HA,860,2194,0,1,0,2195,A
4-HA,861,0,2189,0,0,2189,T
4-HA,862,0,0,2185,0,2185,G
4-HA,863,1,2,0,2155,2158,C
4-HA,864,2155,1,3,0,2159,A
4-HA,865,2,1,0,2186,2189,C
4-HA,866,4,0,0,2159,2163,C
4-HA,867,5,1,0,2159,2165,C
4-HA,868,2127,0,0,0,2127,A
4-HA,869,0,2127,0,0,2127,T
4-HA,870,0,2126,0,1,2127,T
4-HA,871,1,7,2149,0,2157,G
4-HA,872,3,0,2150,1,2154,G
4-HA,873,0,0,0,2151,2151,C
4-HA,874,2119,1,0,0,2120,A
4-HA,875,2116,0,0,0,2116,A
4-HA,876,2150,1,1,0,2152,A
4-HA,877,1,2157,0,0,2158,T
4-HA,878,0,0,2158,0,2158,G
4-HA,879,0,0,0,2157,2157,C
4-HA,880,2130,0,2,0,2132,A
4-HA,881,2195,1,0,0,2196,A
4-HA,882,0,2195,0,1,2196,T
4-HA,883,1,2205,1,0,2207,T
4-HA,884,3,0,0,2213,2216,C
4-HA,885,0,2179,0,3,2182,T
4-HA,886,2,7,2199,0,2208,G
4-HA,887,2206,0,0,0,2206,A
4-HA,888,2217,0,1,0,2218,A
4-HA,889,0,2214,0,1,2215,T
4-HA,890,0,0,2190,1,2191,G
4-HA,891,1,1,0,2200,2202,C
4-HA,892,2192,0,3,0,2195,A
4-HA,893,1,2192,0,2,2195,T
4-HA,894,3,0,0,2188,2191,C
4-HA,895,2183,0,1,0,2184,A
4-HA,896,1,0,0,2265,2266,C
4-HA,897,1,2249,1,4,2255,T
4-HA,898,4,0,0,2262,2266,C
4-HA,899,4,0,0,2252,2256,C
4-HA,900,2274,0,0,0,2274,A
4-HA,901,2272,0,1,0,2273,A
4-HA,902,2270,0,1,1,2272,A
4-HA,903,0,2190,2,1,2193,T
4-HA,904,1,2,2205,0,2208,G
4-HA,905,0,4,2211,0,2215,G
4-HA,906,2214,0,2,0,2216,A
4-HA,907,2219,0,2,0,2221,A
4-HA,908,1,0,2220,0,2221,G
4-HA,909,0,0,0,2196,2196,C
4-HA,910,2195,0,1,0,2196,A
4-HA,911,0,2200,0,0,2200,T
4-HA,912,1,2194,0,1,2196,T
4-HA,913,6,1,0,2258,2265,C
4-HA,914,1,0,0,2260,2261,C
4-HA,915,4,2,0,2261,2267,C
4-HA,916,2260,0,1,0,2261,A
4-HA,917,2306,0,1,0,2307,A
4-HA,918,0,2353,0,2,2355,T
4-HA,919,1,11,2344,0,2356,G
4-HA,920,2349,1,1,0,2351,A
4-HA,921,0,1,0,2356,2357,C
4-HA,922,2287,0,0,0,2287,A
4-HA,923,2285,0,0,0,2285,A
4-HA,924,2284,0,2,1,2287,A
4-HA,925,0,0,0,2302,2302,C
4-HA,926,7,0,0,2261,2268,C
4-HA,927,2231,0,2,0,2233,A
4-HA,928,1,2230,0,2,2233,T
4-HA,929,0,2225,0,2,2227,T
4-HA,930,3,0,0,2233,2236,C
4-HA,931,5,0,0,2231,2236,C
4-HA,932,2235,0,2,0,2237,A
4-HA,933,2238,0,0,0,2238,A
4-HA,934,2241,1,0,0,2242,A
4-HA,935,2274,0,0,0,2274,A
4-HA,936,0,2263,0,0,2263,T
4-HA,937,1,0,2282,0,2283,G
4-HA,938,0,2276,0,0,2276,T
4-HA,939,2283,0,2,0,2285,A
4-HA,940,2283,1,0,1,2285,A
4-HA,941,2281,0,0,0,2281,A
4-HA,942,2,0,0,2294,2296,C
4-HA,943,2266,1,0,0,2267,A
4-HA,944,2,7,2288,1,2298,G
4-HA,945,0,10,2306,0,2316,G
4-HA,946,2370,0,2,0,2372,A
4-HA,947,0,2368,0,0,2368,T
4-HA,948,10,1,0,2383,2394,C
4-HA,949,2400,0,2,0,2402,A
4-HA,950,1,1,0,2471,2473,C
4-HA,951,2470,1,3,0,2474,A
4-HA,952,0,2557,0,0,2557,T
4-HA,953,2496,0,2,0,2498,A
4-HA,954,1,2,0,2475,2478,C
4-HA,955,1,4,2406,0,2411,G
4-HA,956,2,6,2410,0,2418,G
4-HA,957,1,4,2398,0,2403,G
4-HA,958,1,1,2403,1,2406,G
4-HA,959,2,0,0,2356,2358,C
4-HA,960,3,1,0,2353,2357,C
4-HA,961,0,2301,0,3,2304,T
4-HA,962,1,0,2516,0,2517,G
4-HA,963,1,2527,0,4,2532,T
4-HA,964,9,1,0,2527,2537,C
4-HA,965,3,1,1,2523,2528,C
4-HA,966,3,0,0,2537,2540,C
4-HA,967,2526,0,1,1,2528,A
4-HA,968,0,3,2546,0,2549,G
4-HA,969,2543,1,0,0,2544,A
4-HA,970,0,2540,0,0,2540,T
4-HA,971,2368,0,1,0,2369,A
4-HA,972,1,2320,0,2,2323,T
4-HA,973,2,1,2334,0,2337,G
4-HA,974,1,2322,0,2,2325,T
4-HA,975,1,2293,0,0,2294,T
4-HA,976,2322,0,2,0,2324,A
4-HA,977,2303,1,1,0,2305,A
4-HA,978,0,3,2325,0,2328,G
4-HA,979,1,0,0,2324,2325,C
4-HA,980,2274,0,0,0,2274,A
4-HA,981,2269,0,0,0,2269,A
4-HA,982,2253,0,2,0,2255,A
4-HA,983,2259,1,1,0,2261,A
4-HA,984,1,1,0,2260,2262,C
4-HA,985,2242,0,0,0,2242,A
4-HA,986,0,0,0,2267,2267,C
4-HA,987,0,2227,0,0,2227,T
4-HA,988,4,0,0,2249,2253,C
4-HA,989,0,2245,0,2,2247,T
4-HA,990,0,6,2259,1,2266,G
4-HA,991,2265,0,0,0,2265,A
4-HA,992,2255,0,1,0,2256,A
4-HA,993,2265,0,0,0,2265,A
4-HA,994,1,2235,1,1,2238,T
4-HA,995,0,2212,0,1,2213,T
4-HA,996,0,4,2229,0,2233,G
4-HA,997,3,0,2233,0,2236,G
4-HA,998,0,0,0,2238,2238,C
4-HA,999,2229,1,0,0,2230,A
4-HA,1000,2237,0,1,0,2238,A
4-HA,1001,2,0,0,2241,2243,C
4-HA,1002,2237,1,0,0,2238,A
4-HA,1003,1,3,2250,0,2254,G
4-HA,1004,0,4,2246,0,2250,G
4-HA,1005,0,1,2248,0,2249,G
4-HA,1006,2254,0,0,0,2254,A
4-HA,1007,0,2244,0,2,2246,T
4-HA,1008,1,0,2242,0,2243,G
4-HA,1009,1,3,1,2230,2235,C
4-HA,1010,3,6,2242,0,2251,G
4-HA,1011,2264,0,0,0,2264,A
4-HA,1012,2229,0,1,0,2230,A
4-HA,1013,2253,0,1,0,2254,A
4-HA,1014,0,2212,0,1,2213,T
4-HA,1015,1,0,2248,0,2249,G
4-HA,1016,0,2248,0,0,2248,T
4-HA,1017,2238,1,2,0,2241,A
4-HA,1018,0,0,0,2235,2235,C
4-HA,1019,11,2,0,2210,2223,C
4-HA,1020,2180,0,1,0,2181,A
4-HA,1021,0,5,2177,0,2182,G
4-HA,1022,2126,1,0,0,2127,A
4-HA,1023,1,5,2157,0,2163,G
4-HA,1024,2124,2,0,1,2127,A
4-HA,1025,2118,0,1,0,2119,A
4-HA,1026,2126,1,1,1,2129,A
4-HA,1027,0,0,0,2130,2130,C
4-HA,1028,2114,0,0,0,2114,A
4-HA,1029,2138,0,0,1,2139,A
4-HA,1030,2137,0,1,0,2138,A
4-HA,1031,1,0,0,2149,2150,C
4-HA,1032,2,2125,0,1,2128,T
4-HA,1033,2117,0,0,0,2117,A
4-HA,1034,0,4,2116,0,2120,G
4-HA,1035,2104,1,1,0,2106,A
4-HA,1036,1,3,2143,0,2147,G
4-HA,1037,0,0,2135,0,2135,G
4-HA,1038,0,0,0,2096,2096,C
4-HA,1039,2097,0,1,0,2098,A
4-HA,1040,0,2095,2,0,2097,T
4-HA,1041,2113,0,0,0,2113,A
4-HA,1042,0,2110,0,0,2110,T
4-HA,1043,0,2109,0,0,2109,T
4-HA,1044,0,2106,0,0,2106,T
4-HA,1045,0,4,2039,1,2044,G
4-HA,1046,0,1,2052,0,2053,G
4-HA,1047,0,2,0,2038,2040,C
4-HA,1048,0,2,2038,0,2040,G
4-HA,1049,6,0,0,2012,2018,C
4-HA,1050,2010,0,1,0,2011,A
4-HA,1051,2033,0,0,0,2033,A
4-HA,1052,0,2021,0,1,2022,T
4-HA,1053,2,1,0,2019,2022,C
4-HA,1054,0,0,2029,0,2029,G
4-HA,1055,0,2,0,2016,2018,C
4-HA,1056,0,4,2017,0,2021,G
4-HA,1057,0,1,2027,1,2029,G
4-HA,1058,1,0,2048,0,2049,G
4-HA,1059,0,2039,1,1,2041,T
4-HA,1060,0,2000,0,2,2002,T
4-HA,1061,0,2000,0,3,2003,T
4-HA,1062,8,1,1,1994,2004,C
4-HA,1063,2015,0,0,0,2015,A
4-HA,1064,0,2013,0,1,2014,T
4-HA,1065,2012,0,0,0,2012,A
4-HA,1066,0,0,2034,0,2034,G
4-HA,1067,1980,0,0,0,1980,A
4-HA,1068,1992,0,0,1,1993,A
4-HA,1069,1998,0,1,0,1999,A
4-HA,1070,1992,0,4,0,1996,A
4-HA,1071,0,1990,0,1,1991,T
4-HA,1072,1,5,2003,0,2009,G
4-HA,1073,0,0,2020,0,2020,G
4-HA,1074,0,2003,1,0,2004,T
4-HA,1075,0,1957,0,0,1957,T
4-HA,1076,0,3,1960,0,1963,G
4-HA,1077,1,4,1950,0,1955,G
4-HA,1078,0,4,1963,0,1967,G
4-HA,1079,1941,0,0,0,1941,A
4-HA,1080,0,4,1945,0,1949,G
4-HA,1081,1,4,1922,0,1927,G
4-HA,1082,0,8,1959,0,1967,G
4-HA,1083,1957,1,0,0,1958,A
4-HA,1084,1989,0,0,0,1989,A
4-HA,1085,0,1989,0,0,1989,T
4-HA,1086,0,3,2018,0,2021,G
4-HA,1087,0,0,2041,0,2041,G
4-HA,1088,0,2021,0,3,2024,T
4-HA,1089,2,3,2021,0,2026,G
4-HA,1090,1,6,2004,1,2012,G
4-HA,1091,1969,0,3,1,1973,A
4-HA,1092,1,1980,0,0,1981,T
4-HA,1093,1,6,1996,0,2003,G
4-HA,1094,0,0,2035,0,2035,G
4-HA,1095,1,2011,0,0,2012,T
4-HA,1096,0,1965,0,0,1965,T
4-HA,1097,0,3,1962,0,1965,G
4-HA,1098,0,0,1995,0,1995,G
4-HA,1099,0,1988,0,0,1988,T
4-HA,1100,1990,1,0,0,1991,A
4-HA,1101,0,3,0,1884,1887,C
4-HA,1102,0,1,1898,0,1899,G
4-HA,1103,2,1,1975,0,1978,G
4-HA,1104,0,1975,1,2,1978,T
4-HA,1105,1,1973,0,0,1974,T
4-HA,1106,0,1971,0,0,1971,T
4-HA,1107,7,0,0,1932,1939,C
4-HA,1108,1936,1,2,0,1939,A
4-HA,1109,0,0,1939,0,1939,G
4-HA,1110,0,0,1938,0,1938,G
4-HA,1111,1,0,0,1919,1920,C
4-HA,1112,1859,2,1,0,1862,A
4-HA,1113,3,1882,0,1,1886,T
4-HA,1114,5,0,0,1881,1886,C
4-HA,1115,1894,0,1,0,1895,A
4-HA,1116,1894,0,0,1,1895,A
4-HA,1117,1892,1,0,0,1893,A
4-HA,1118,1911,0,0,0,1911,A
4-HA,1119,0,1907,0,0,1907,T
4-HA,1120,1,1911,0,0,1912,T
4-HA,1121,7,1,0,1906,1914,C
4-HA,1122,0,1897,0,1,1898,T
4-HA,1123,0,2,1902,0,1904,G
4-HA,1124,1899,0,2,0,1901,A
4-HA,1125,0,4,1911,0,1915,G
4-HA,1126,0,1,1914,0,1915,G
4-HA,1127,1,3,1922,0,1926,G
4-HA,1128,1927,0,0,0,1927,A
4-HA,1129,1920,0,2,0,1922,A
4-HA,1130,0,4,1916,0,1920,G
4-HA,1131,1947,0,3,0,1950,A
4-HA,1132,1,2,1961,0,1964,G
4-HA,1133,0,6,1967,0,1973,G
4-HA,1134,1966,0,1,0,1967,A
4-HA,1135,1,0,0,1965,1966,C
4-HA,1136,1954,0,1,0,1955,A
4-HA,1137,1954,1,3,0,1958,A
4-HA,1138,0,0,1960,0,1960,G
4-HA,1139,0,3,0,1960,1963,C
4-HA,1140,1936,1,1,0,1938,A
4-HA,1141,0,1,1945,0,1946,G
4-HA,1142,0,0,0,1933,1933,C
4-HA,1143,1933,0,0,0,1933,A
4-HA,1144,1,1,1955,0,1957,G
4-HA,1145,1946,0,0,0,1946,A
4-HA,1146,0,1996,0,2,1998,T
4-HA,1147,4,1,0,2012,2017,C
4-HA,1148,0,2001,0,3,2004,T
4-HA,1149,5,0,0,2013,2018,C
4-HA,1150,2020,1,1,0,2022,A
4-HA,1151,2013,0,1,0,2014,A
4-HA,1152,2016,0,1,0,2017,A
4-HA,1153,1985,0,2,0,1987,A
4-HA,1154,0,1,1990,0,1991,G
4-HA,1155,0,2,0,1956,1958,C
4-HA,1156,1944,0,1,0,1945,A
4-HA,1157,0,0,0,1976,1976,C
4-HA,1158,0,1969,0,2,1971,T
4-HA,1159,3,0,0,1970,1973,C
4-HA,1160,1975,1,1,0,1977,A
4-HA,1161,2001,0,3,0,2004,A
4-HA,1162,1,0,2005,0,2006,G
4-HA,1163,3,2,0,1997,2002,C
4-HA,1164,1992,1,2,0,1995,A
4-HA,1165,0,1,2004,0,2005,G
4-HA,1166,2,1,0,1968,1971,C
4-HA,1167,1970,0,1,0,1971,A
4-HA,1168,1969,0,1,0,1970,A
4-HA,1169,1,1963,0,0,1964,T
4-HA,1170,4,2,0,1921,1927,C
4-HA,1171,1,7,1930,0,1938,G
4-HA,1172,1933,1,0,0,1934,A
4-HA,1173,2,1925,0,0,1927,T
4-HA,1174,5,3,0,1902,1910,C
4-HA,1175,1907,0,1,0,1908,A
4-HA,1176,1940,0,0,0,1940,A
4-HA,1177,1943,1,0,0,1944,A
4-HA,1178,0,1943,0,0,1943,T
4-HA,1179,8,0,0,1936,1944,C
4-HA,1180,1913,3,0,0,1916,A
4-HA,1181,1930,0,0,0,1930,A
4-HA,1182,0,1928,0,1,1929,T
4-HA,1183,2,2,1929,0,1933,G
4-HA,1184,1,2,1929,0,1932,G
4-HA,1185,0,2,1896,0,1898,G
4-HA,1186,1898,0,4,0,1902,A
4-HA,1187,1892,0,2,1,1895,A
4-HA,1188,0,1,1931,0,1932,G
4-HA,1189,2,0,0,1936,1938,C
4-HA,1190,0,1918,0,2,1920,T
4-HA,1191,2,5,1999,0,2006,G
4-HA,1192,2001,0,0,0,2001,A
4-HA,1193,2006,3,0,0,2009,A
4-HA,1194,0,2008,0,0,2008,T
4-HA,1195,1978,1,0,0,1979,A
4-HA,1196,0,4,1970,0,1974,G
4-HA,1197,1843,1,0,0,1844,A
4-HA,1198,1,1850,0,0,1851,T
4-HA,1199,1,1851,0,2,1854,T
4-HA,1200,0,9,1858,0,1867,G
4-HA,1201,1864,1,0,0,1865,A
4-HA,1202,1,1857,0,0,1858,T
4-HA,1203,8,0,0,1861,1869,C
4-HA,1204,1,5,1847,0,1853,G
4-HA,1205,1,0,1855,0,1856,G
4-HA,1206,0,5,1866,0,1871,G
4-HA,1207,1858,0,2,0,1860,A
4-HA,1208,1861,0,0,0,1861,A
4-HA,1209,1854,0,3,0,1857,A
4-HA,1210,1862,0,1,0,1863,A
4-HA,1211,1,0,0,1864,1865,C
4-HA,1212,5,0,0,1858,1863,C
4-HA,1213,1848,0,0,0,1848,A
4-HA,1214,1843,0,0,0,1843,A
4-HA,1215,0,2,0,1849,1851,C
4-HA,1216,1,8,1849,0,1858,G
4-HA,1217,1856,0,0,0,1856,A
4-HA,1218,0,4,1852,0,1856,G
4-HA,1219,1849,0,1,0,1850,A
4-HA,1220,1843,1,1,0,1845,A
4-HA,1221,1848,1,1,0,1850,A
4-HA,1222,0,1856,0,0,1856,T
4-HA,1223,1,1856,0,0,1857,T
4-HA,1224,3,0,0,1855,1858,C
4-HA,1225,1,0,0,1851,1852,C
4-HA,1226,1855,1,0,0,1856,A
4-HA,1227,0,1848,0,1,1849,T
4-HA,1228,4,1,0,1849,1854,C
4-HA,1229,1845,1,1,0,1847,A
4-HA,1230,0,2,1853,0,1855,G
4-HA,1231,1842,0,0,0,1842,A
4-HA,1232,0,1843,0,2,1845,T
4-HA,1233,0,1832,1,2,1835,T
4-HA,1234,0,4,1843,0,1847,G
4-HA,1235,1845,0,0,0,1845,A
4-HA,1236,1851,0,0,0,1851,A
4-HA,1237,1846,0,4,0,1850,A
4-HA,1238,1846,0,2,0,1848,A
4-HA,1239,1821,0,5,0,1826,A
4-HA,1240,0,4,1830,0,1834,G
4-HA,1241,1818,2,0,0,1820,A
4-HA,1242,1832,0,0,0,1832,A
4-HA,1243,0,1795,0,0,1795,T
4-HA,1244,1,1789,0,1,1791,T
4-HA,1245,5,1,1,1793,1800,C
4-HA,1246,0,1798,0,2,1800,T
4-HA,1247,6,0,0,1791,1797,C
4-HA,1248,1803,0,0,0,1803,A
4-HA,1249,0,2,1801,0,1803,G
4-HA,1250,1799,1,0,0,1800,A
4-HA,1251,1796,0,2,0,1798,A
4-HA,1252,0,1,1820,0,1821,G
4-HA,1253,3,1811,0,2,1816,T
4-HA,1254,6,0,0,1803,1809,C
4-HA,1255,0,0,1807,0,1807,G
4-HA,1256,1804,1,0,0,1805,A
4-HA,1257,1798,0,3,6,1807,A
4-HA,1258,1,5,1801,0,1807,G
4-HA,1259,0,1,1818,0,1819,G
4-HA,1260,0,4,1816,0,1820,G
4-HA,1261,1773,0,3,0,1776,A
4-HA,1262,7,3,1778,0,1788,G
4-HA,1263,1782,0,1,0,1783,A
4-HA,1264,1879,0,0,2,1881,A
4-HA,1265,0,1879,0,1,1880,T
4-HA,1266,1,1873,0,0,1874,T
4-HA,1267,3,0,2,1869,1874,C
4-HA,1268,1848,0,3,0,1851,A
4-HA,1269,0,3,1853,0,1856,G
4-HA,1270,0,3,1849,1,1853,G
4-HA,1271,1847,0,1,0,1848,A
4-HA,1272,1,1,0,1842,1844,C
4-HA,1273,7,0,0,1702,1709,C
4-HA,1274,1,1697,0,2,1700,T
4-HA,1275,0,1668,0,42,1710,T
4-HA,1276,0,4,1711,0,1715,G
4-HA,1277,1715,1,1,0,1717,A
4-HA,1278,0,1,1747,0,1748,G
4-HA,1279,1737,0,0,0,1737,A
4-HA,1280,1641,0,0,0,1641,A
4-HA,1281,1625,0,1,0,1626,A
4-HA,1282,1,1614,0,0,1615,T
4-HA,1283,1656,0,3,0,1659,A
4-HA,1284,0,1656,0,1,1657,T
4-HA,1285,2,0,1675,0,1677,G
4-HA,1286,0,1678,0,0,1678,T
4-HA,1287,1,1621,0,1,1623,T
4-HA,1288,0,1,1633,0,1634,G
4-HA,1289,1612,0,0,0,1612,A
4-HA,1290,1,3,1654,0,1658,G
4-HA,1291,0,4,1649,0,1653,G
4-HA,1292,1634,0,0,0,1634,A
4-HA,1293,2,1,0,1702,1705,C
4-HA,1294,1673,1,1,0,1675,A
4-HA,1295,0,0,0,1672,1672,C
4-HA,1296,1,1660,0,2,1663,T
4-HA,1297,1749,0,1,0,1750,A
4-HA,1298,1765,1,0,0,1766,A
4-HA,1299,1770,2,0,0,1772,A
4-HA,1300,1783,0,1,0,1784,A
4-HA,1301,0,1783,0,0,1783,T
4-HA,1302,1700,0,1,0,1701,A
4-HA,1303,0,2,1712,0,1714,G
4-HA,1304,1679,0,1,0,1680,A
4-HA,1305,0,1696,0,1,1697,T
4-HA,1306,3,0,0,1683,1686,C
4-HA,1307,0,1655,0,0,1655,T
4-HA,1308,2,0,0,1692,1694,C
4-HA,1309,0,1684,0,3,1687,T
4-HA,1310,0,5,1729,0,1734,G
4-HA,1311,0,0,1780,0,1780,G
4-HA,1312,1,1767,0,2,1770,T
4-HA,1313,12,0,0,1765,1777,C
4-HA,1314,1790,0,0,0,1790,A
4-HA,1315,0,1793,0,0,1793,T
4-HA,1316,1793,1,0,0,1794,A
4-HA,1317,1,1,0,1791,1793,C
4-HA,1318,1740,0,0,0,1740,A
4-HA,1319,1742,0,2,0,1744,A
4-HA,1320,0,0,0,1690,1690,C
4-HA,1321,0,1,1688,0,1689,G
4-HA,1322,0,2,0,1681,1683,C
4-HA,1323,1,0,1667,0,1668,G
4-HA,1324,0,4,1666,0,1670,G
4-HA,1325,1665,1,0,0,1666,A
4-HA,1326,1,0,1701,0,1702,G
4-HA,1327,0,0,0,1702,1702,C
4-HA,1328,0,1688,0,0,1688,T
4-HA,1329,0,1694,0,2,1696,T
4-HA,1330,3,0,0,1698,1701,C
4-HA,1331,0,1710,0,0,1710,T
4-HA,1332,1,1708,0,2,1711,T
4-HA,1333,1,1,1704,0,1706,G
4-HA,1334,0,1710,0,0,1710,T
4-HA,1335,0,1678,0,0,1678,T
4-HA,1336,1,1,1692,0,1694,G
4-HA,1337,1,1,0,1689,1691,C
4-HA,1338,4,1,0,1666,1671,C
4-HA,1339,4,0,0,1690,1694,C
4-HA,1340,1,1685,0,1,1687,T
4-HA,1341,1,4,1710,0,1715,G
4-HA,1342,0,6,1713,0,1719,G
4-HA,1343,1721,0,0,0,1721,A
4-HA,1344,0,7,1725,0,1732,G
4-HA,1345,1691,0,1,0,1692,A
4-HA,1346,1697,0,1,0,1698,A
4-HA,1347,0,0,0,1719,1719,C
4-HA,1348,6,1,0,1717,1724,C
4-HA,1349,1716,0,3,0,1719,A
4-HA,1350,1793,0,1,0,1794,A
4-HA,1351,0,0,0,1805,1805,C
4-HA,1352,1812,0,0,0,1812,A
4-HA,1353,0,1808,0,0,1808,T
4-HA,1354,1796,0,1,0,1797,A
4-HA,1355,0,0,0,1828,1828,C
4-HA,1356,1806,1,0,0,1807,A
4-HA,1357,1808,0,0,0,1808,A
4-HA,1358,0,1800,0,0,1800,T
4-HA,1359,0,1738,0,0,1738,T
4-HA,1360,0,8,1758,0,1766,G
4-HA,1361,1777,0,0,0,1777,A
4-HA,1362,0,1771,0,5,1776,T
4-HA,1363,2,1,0,1772,1775,C
4-HA,1364,0,1742,0,0,1742,T
4-HA,1365,1753,0,0,0,1753,A
4-HA,1366,1751,0,0,0,1751,A
4-HA,1367,0,0,0,1752,1752,C
4-HA,1368,0,1746,0,1,1747,T
4-HA,1369,0,12,1718,0,1730,G
4-HA,1370,1726,0,2,0,1728,A
4-HA,1371,0,0,0,1725,1725,C
4-HA,1372,0,1717,0,2,1719,T
4-HA,1373,2,0,0,1721,1723,C
4-HA,1374,1716,1,2,0,1719,A
4-HA,1375,0,1,1754,0,1755,G
4-HA,1376,1755,0,0,0,1755,A
4-HA,1377,1753,0,0,0,1753,A
4-HA,1378,1757,0,0,0,1757,A
4-HA,1379,0,1753,0,1,1754,T
4-HA,1380,1,7,1765,0,1773,G
4-HA,1381,1775,0,4,0,1779,A
4-HA,1382,1779,0,1,0,1780,A
4-HA,1383,0,0,0,1781,1781,C
4-HA,1384,1761,0,0,0,1761,A
4-HA,1385,1759,1,0,0,1760,A
4-HA,1386,1760,0,1,0,1761,A
4-HA,1387,0,0,0,1762,1762,C
4-HA,1388,0,1749,0,1,1750,T
4-HA,1389,1,1,1764,0,1766,G
4-HA,1390,1,1752,0,1,1754,T
4-HA,1391,0,1754,0,0,1754,T
4-HA,1392,0,1751,0,0,1751,T
4-HA,1393,0,4,1754,0,1758,G
4-HA,1394,1755,0,1,1,1757,A
4-HA,1395,1754,0,0,0,1754,A
4-HA,1396,1751,0,0,0,1751,A
4-HA,1397,1750,1,0,0,1751,A
4-HA,1398,1735,1,1,0,1737,A
4-HA,1399,1743,0,0,1,1744,A
4-HA,1400,0,1,0,1745,1746,C
4-HA,1401,1746,0,0,0,1746,A
4-HA,1402,1747,1,0,0,1748,A
4-HA,1403,1744,0,1,0,1745,A
4-HA,1404,0,2,1754,0,1756,G
4-HA,1405,1763,0,1,0,1764,A
4-HA,1406,1756,0,2,0,1758,A
4-HA,1407,2,1,1760,0,1763,G
4-HA,1408,2,1,0,1752,1755,C
4-HA,1409,1762,0,0,0,1762,A
4-HA,1410,1770,0,2,0,1772,A
4-HA,1411,0,0,0,1769,1769,C
4-HA,1412,0,1753,0,1,1754,T
4-HA,1413,0,0,1770,0,1770,G
4-HA,1414,1755,0,2,0,1757,A
4-HA,1415,1,0,1769,0,1770,G
4-HA,1416,0,3,1767,0,1770,G
4-HA,1417,0,2,1775,1,1778,G
4-HA,1418,1777,1,0,0,1778,A
4-HA,1419,1776,0,0,0,1776,A
4-HA,1420,1771,0,0,0,1771,A
4-HA,1421,1780,1,1,0,1782,A
4-HA,1422,0,1778,0,1,1779,T
4-HA,1423,2,0,1778,0,1780,G
4-HA,1424,0,0,0,1784,1784,C
4-HA,1425,0,1769,0,0,1769,T
4-HA,1426,1,3,1768,0,1772,G
4-HA,1427,1768,0,1,1,1770,A
4-HA,1428,0,2,1844,0,1846,G
4-HA,1429,0,1,1874,2,1877,G
4-HA,1430,1861,0,1,0,1862,A
4-HA,1431,0,1859,0,0,1859,T
4-HA,1432,1845,0,2,0,1847,A
4-HA,1433,0,1837,0,1,1838,T
4-HA,1434,3,3,1853,0,1859,G
4-HA,1435,1,1,1863,0,1865,G
4-HA,1436,0,0,1860,0,1860,G
4-HA,1437,2,1,0,1784,1787,C
4-HA,1438,1745,0,0,0,1745,A
4-HA,1439,1747,0,2,1,1750,A
4-HA,1440,0,1749,0,0,1749,T
4-HA,1441,0,3,1752,0,1755,G
4-HA,1442,0,0,1753,0,1753,G
4-HA,1443,0,1717,0,1,1718,T
4-HA,1444,0,1674,0,1,1675,T
4-HA,1445,1,0,1683,0,1684,G
4-HA,1446,0,1702,0,2,1704,T
4-HA,1447,0,1704,0,0,1704,T
4-HA,1448,0,1699,0,1,1700,T
4-HA,1449,5,0,0,1706,1711,C
4-HA,1450,1707,0,1,0,1708,A
4-HA,1451,1711,0,1,0,1712,A
4-HA,1452,1712,2,0,0,1714,A
4-HA,1453,1726,1,0,0,1727,A
4-HA,1454,0,1725,0,0,1725,T
4-HA,1455,1716,0,0,0,1716,A
4-HA,1456,1,1716,0,1,1718,T
4-HA,1457,1719,0,0,0,1719,A
4-HA,1458,0,0,0,1730,1730,C
4-HA,1459,3,0,0,1716,1719,C
4-HA,1460,1715,0,0,0,1715,A
4-HA,1461,0,0,0,1725,1725,C
4-HA,1462,1718,0,1,0,1719,A
4-HA,1463,1719,1,1,0,1721,A
4-HA,1464,1728,0,0,0,1728,A
4-HA,1465,0,1717,0,0,1717,T
4-HA,1466,1,1,1732,0,1734,G
4-HA,1467,0,1716,0,1,1717,T
4-HA,1468,1,10,1715,0,1726,G
4-HA,1469,1728,0,0,0,1728,A
4-HA,1470,0,0,1,1729,1730,C
4-HA,1471,1702,0,0,0,1702,A
4-HA,1472,1693,0,2,0,1695,A
4-HA,1473,0,1713,0,0,1713,T
4-HA,1474,0,1,1722,0,1723,G
4-HA,1475,1,0,0,1715,1716,C
4-HA,1476,3,0,0,1715,1718,C
4-HA,1477,0,1708,0,0,1708,T
4-HA,1478,2,0,1760,0,1762,G
4-HA,1479,0,0,0,1766,1766,C
4-HA,1480,1762,0,1,0,1763,A
4-HA,1481,0,1762,0,1,1763,T
4-HA,1482,1683,0,1,0,1684,A
4-HA,1483,0,3,1698,0,1701,G
4-HA,1484,0,8,1681,0,1689,G
4-HA,1485,1684,0,0,0,1684,A
4-HA,1486,0,1684,0,0,1684,T
4-HA,1487,5,0,0,1593,1598,C
4-HA,1488,1594,0,0,0,1594,A
4-HA,1489,1596,0,0,0,1596,A
4-HA,1490,0,1593,0,2,1595,T
4-HA,1491,4,0,0,1594,1598,C
4-HA,1492,1562,1,0,0,1563,A
4-HA,1493,0,2,1570,0,1572,G
4-HA,1494,1572,0,0,0,1572,A
4-HA,1495,1569,0,0,0,1569,A
4-HA,1496,1571,1,2,0,1574,A
4-HA,1497,0,1563,0,0,1563,T
4-HA,1498,0,3,1550,0,1553,G
4-HA,1499,0,11,1546,0,1557,G
4-HA,1500,1554,1,1,0,1556,A
4-HA,1501,1569,1,2,0,1572,A
4-HA,1502,0,0,0,1564,1564,C
4-HA,1503,0,1549,0,0,1549,T
4-HA,1504,0,1556,0,0,1556,T
4-HA,1505,1553,0,1,0,1554,A
4-HA,1506,0,1554,0,0,1554,T
4-HA,1507,1,4,1548,0,1553,G
4-HA,1508,1552,0,2,0,1554,A
4-HA,1509,1,1,1,1549,1552,C
4-HA,1510,5,0,0,1536,1541,C
4-HA,1511,1536,0,0,0,1536,A
4-HA,1512,0,2,0,1567,1569,C
4-HA,1513,0,3,1604,0,1607,G
4-HA,1514,1636,0,1,0,1637,A
4-HA,1515,0,1665,0,0,1665,T
4-HA,1516,2,0,1714,0,1716,G
4-HA,1517,0,1703,0,2,1705,T
4-HA,1518,1764,1,0,0,1765,A
4-HA,1519,0,1766,0,0,1766,T
4-HA,1520,1760,0,1,0,1761,A
4-HA,1521,0,2,0,1756,1758,C
4-HA,1522,1587,0,1,0,1588,A
4-HA,1523,1,2,1599,0,1602,G
4-HA,1524,1506,0,0,0,1506,A
4-HA,1525,1,1,1452,0,1454,G
4-HA,1526,1448,0,0,0,1448,A
4-HA,1527,0,1352,0,2,1354,T
4-HA,1528,0,1,1350,0,1351,G
4-HA,1529,1349,1,1,0,1351,A
4-HA,1530,1347,1,0,0,1348,A
4-HA,1531,0,2,1381,0,1383,G
4-HA,1532,0,1,0,1346,1347,C
4-HA,1533,1340,0,0,0,1340,A
4-HA,1534,0,1324,0,2,1326,T
4-HA,1535,1,1332,0,0,1333,T
4-HA,1536,1334,0,0,0,1334,A
4-HA,1537,1331,0,0,0,1331,A
4-HA,1538,1330,1,3,0,1334,A
4-HA,1539,0,0,0,1334,1334,C
4-HA,1540,1284,0,0,1,1285,A
4-HA,1541,1290,0,0,0,1290,A
4-HA,1542,0,0,0,1284,1284,C
4-HA,1543,2,0,0,1281,1283,C
4-HA,1544,2,2,1280,0,1284,G
4-HA,1545,0,0,1287,0,1287,G
4-HA,1546,0,1288,0,0,1288,T
4-HA,1547,0,1285,0,1,1286,T
4-HA,1548,1,1267,0,0,1268,T
4-HA,1549,5,2,0,1267,1274,C
4-HA,1550,1274,0,1,0,1275,A
4-HA,1551,0,2,1290,0,1292,G
4-HA,1552,1288,0,1,0,1289,A
4-HA,1553,0,1285,0,0,1285,T
4-HA,1554,4,0,0,1239,1243,C
4-HA,1555,1245,0,0,0,1245,A
4-HA,1556,1244,0,1,0,1245,A
4-HA,1557,1,0,1246,0,1247,G
4-HA,1558,0,1,1243,0,1244,G
4-HA,1559,0,4,1241,0,1245,G
4-HA,1560,1202,0,1,0,1203,A
4-HA,1561,0,0,1212,0,1212,G
4-HA,1562,0,1210,0,2,1212,T
4-HA,1563,0,1214,0,1,1215,T
4-HA,1564,0,2,1221,0,1223,G
4-HA,1565,1210,1,2,0,1213,A
4-HA,1566,0,0,1219,0,1219,G
4-HA,1567,1,0,1,1219,1221,C
4-HA,1568,0,1209,0,1,1210,T
4-HA,1569,0,4,1208,0,1212,G
4-HA,1570,1203,0,1,0,1204,A
4-HA,1571,1207,0,1,1,1209,A
4-HA,1572,0,0,1212,0,1212,G
4-HA,1573,0,1186,0,2,1188,T
4-HA,1574,7,0,0,1177,1184,C
4-HA,1575,1170,0,1,0,1171,A
4-HA,1576,1,0,1169,0,1170,G
4-HA,1577,1,5,1163,0,1169,G
4-HA,1578,0,2,1139,0,1141,G
4-HA,1579,0,1177,0,0,1177,T
4-HA,1580,1179,0,0,0,1179,A
4-HA,1581,0,0,0,1179,1179,C
4-HA,1582,1175,0,2,0,1177,A
4-HA,1583,1179,0,0,0,1179,A
4-HA,1584,1176,0,1,0,1177,A
4-HA,1585,0,0,1185,0,1185,G
4-HA,1586,1153,0,0,0,1153,A
4-HA,1587,0,1111,0,0,1111,T
4-HA,1588,0,1094,0,0,1094,T
4-HA,1589,0,2,1087,1,1090,G
4-HA,1590,0,2,1085,0,1087,G
4-HA,1591,1096,0,0,0,1096,A
4-HA,1592,0,1094,0,0,1094,T
4-HA,1593,0,0,0,1085,1085,C
4-HA,1594,1,0,0,1067,1068,C
4-HA,1595,0,1054,0,0,1054,T
4-HA,1596,1059,0,0,0,1059,A
4-HA,1597,0,1058,0,1,1059,T
4-HA,1598,0,2,1059,0,1061,G
4-HA,1599,0,1,1062,0,1063,G
4-HA,1600,1041,0,2,0,1043,A
4-HA,1601,0,1038,1,1,1040,T
4-HA,1602,0,1030,0,0,1030,T
4-HA,1603,0,1029,0,1,1030,T
4-HA,1604,3,0,1,1027,1031,C
4-HA,1605,2,0,0,1026,1028,C
4-HA,1606,0,1014,0,0,1014,T
4-HA,1607,0,1013,0,0,1013,T
4-HA,1608,0,1004,0,0,1004,T
4-HA,1609,1,0,1010,1,1012,G
4-HA,1610,0,0,0,1009,1009,C
4-HA,1611,3,0,0,1009,1012,C
4-HA,1612,990,0,0,0,990,A
4-HA,1613,1,985,0,0,986,T
4-HA,1614,996,0,0,0,996,A
4-HA,1615,0,992,0,2,994,T
4-HA,1616,3,0,0,988,991,C
4-HA,1617,989,0,0,0,989,A
4-HA,1618,1,972,0,0,973,T
4-HA,1619,0,1,974,0,975,G
4-HA,1620,0,967,0,2,969,T
4-HA,1621,0,954,0,1,955,T
4-HA,1622,0,955,0,0,955,T
4-HA,1623,0,938,0,0,938,T
4-HA,1624,0,941,0,0,941,T
4-HA,1625,0,936,0,1,937,T
4-HA,1626,0,0,939,0,939,G
4-HA,1627,1,0,0,935,936,C
4-HA,1628,0,893,0,2,895,T
4-HA,1629,0,900,0,0,900,T
4-HA,1630,0,897,0,0,897,T
4-HA,1631,0,0,912,0,912,G
4-HA,1632,0,909,0,0,909,T
4-HA,1633,0,0,908,0,908,G
4-HA,1634,0,907,0,1,908,T
4-HA,1635,1,882,0,1,884,T
4-HA,1636,1,1,888,0,890,G
4-HA,1637,0,0,0,887,887,C
4-HA,1638,0,881,1,2,884,T
4-HA,1639,2,891,0,0,893,T
4-HA,1640,0,839,0,0,839,T
4-HA,1641,0,0,843,0,843,G
4-HA,1642,1,838,0,1,840,T
4-HA,1643,0,836,0,0,836,T
4-HA,1644,0,0,836,0,836,G
4-HA,1645,0,0,819,0,819,G
4-HA,1646,0,2,817,0,819,G
4-HA,1647,0,0,819,0,819,G
4-HA,1648,0,795,0,2,797,T
4-HA,1649,0,790,0,0,790,T
4-HA,1650,5,0,0,775,780,C
4-HA,1651,770,0,0,0,770,A
4-HA,1652,0,771,0,1,772,T
4-HA,1653,3,0,0,766,769,C
4-HA,1654,764,0,0,0,764,A
4-HA,1655,0,736,0,0,736,T
4-HA,1656,0,0,729,0,729,G
4-HA,1657,1,710,0,0,711,T
4-HA,1658,0,1,705,0,706,G
4-HA,1659,0,0,683,0,683,G
4-HA,1660,0,0,677,0,677,G
4-HA,1661,0,1,0,653,654,C
4-HA,1662,0,0,0,636,636,C
4-HA,1663,0,598,0,2,600,T
4-HA,1664,0,1,601,0,602,G
4-HA,1665,0,0,0,597,597,C
4-HA,1666,1,0,0,600,601,C
4-HA,1667,598,0,0,0,598,A
4-HA,1668,590,0,0,0,590,A
4-HA,1669,591,0,0,0,591,A
4-HA,1670,589,0,0,0,589,A
4-HA,1671,590,0,0,0,590,A
4-HA,1672,0,2,588,0,590,G
4-HA,1673,0,1,567,0,568,G
4-HA,1674,0,0,0,562,562,C
4-HA,1675,560,0,0,0,560,A
4-HA,1676,561,0,1,0,562,A
4-HA,1677,0,0,0,563,563,C
4-HA,1678,562,0,0,0,562,A
4-HA,1679,0,560,0,0,560,T
4-HA,1680,0,555,0,0,555,T
4-HA,1681,534,0,0,0,534,A
4-HA,1682,0,0,528,0,528,G
4-HA,1683,0,0,526,0,526,G
4-HA,1684,0,514,0,1,515,T
4-HA,1685,0,0,485,0,485,G
4-HA,1686,1,0,0,465,466,C
4-HA,1687,460,0,0,0,460,A
4-HA,1688,462,0,0,0,462,A
4-HA,1689,0,1,0,461,462,C
4-HA,1690,458,0,0,0,458,A
4-HA,1691,0,450,0,0,450,T
4-HA,1692,0,424,0,0,424,T
4-HA,1693,0,424,0,0,424,T
4-HA,1694,0,0,424,0,424,G
4-HA,1695,0,0,0,423,423,C
4-HA,1696,423,0,0,0,423,A
4-HA,1697,0,399,0,0,399,T
4-HA,1698,0,387,0,0,387,T
4-HA,1699,0,374,0,0,374,T
4-HA,1700,0,0,371,0,371,G
4-HA,1701,363,0,0,0,363,A
5-NP,1,344,0,0,0,344,A
5-NP,2,0,347,0,0,347,T
5-NP,3,0,0,346,0,346,G
5-NP,4,0,0,347,0,347,G
5-NP,5,0,0,0,347,347,C
5-NP,6,0,0,361,0,361,G
5-NP,7,0,381,0,0,381,T
5-NP,8,0,0,0,385,385,C
5-NP,9,0,0,0,392,392,C
5-NP,10,0,0,0,393,393,C
5-NP,11,392,0,0,0,392,A
5-NP,12,392,0,0,0,392,A
5-NP,13,1,2,395,0,398,G
5-NP,14,0,0,409,0,409,G
5-NP,15,0,0,0,411,411,C
5-NP,16,415,0,0,0,415,A
5-NP,17,0,0,0,421,421,C
5-NP,18,0,0,0,421,421,C
5-NP,19,425,0,0,0,425,A
5-NP,20,425,0,0,0,425,A
5-NP,21,426,0,0,0,426,A
5-NP,22,1,0,0,424,425,C
5-NP,23,1,2,426,0,429,G
5-NP,24,0,0,475,0,475,G
5-NP,25,0,476,0,0,476,T
5-NP,26,0,0,0,518,518,C
5-NP,27,0,517,0,1,518,T
5-NP,28,0,518,0,0,518,T
5-NP,29,517,0,1,0,518,A
5-NP,30,0,520,0,0,520,T
5-NP,31,0,5,520,0,525,G
5-NP,32,523,0,0,0,523,A
5-NP,33,513,0,4,0,517,A
5-NP,34,0,0,0,521,521,C
5-NP,35,512,1,0,0,513,A
5-NP,36,0,1,556,0,557,G
5-NP,37,554,0,0,0,554,A
5-NP,38,0,555,0,0,555,T
5-NP,39,0,3,551,0,554,G
5-NP,40,0,0,557,0,557,G
5-NP,41,557,0,1,0,558,A
5-NP,42,562,0,0,1,563,A
5-NP,43,563,0,0,0,563,A
5-NP,44,0,0,0,572,572,C
5-NP,45,1,565,0,0,566,T
5-NP,46,0,3,566,0,569,G
5-NP,47,565,1,3,0,569,A
5-NP,48,0,569,1,0,570,T
5-NP,49,0,2,570,0,572,G
5-NP,50,0,0,576,0,576,G
5-NP,51,0,1,575,0,576,G
5-NP,52,0,0,576,0,576,G
5-NP,53,571,0,1,0,572,A
5-NP,54,0,570,0,0,570,T
5-NP,55,0,0,0,576,576,C
5-NP,56,0,0,579,0,579,G
5-NP,57,0,0,0,589,589,C
5-NP,58,1,0,0,590,591,C
5-NP,59,590,0,0,0,590,A
5-NP,60,0,2,593,0,595,G
5-NP,61,592,0,0,0,592,A
5-NP,62,606,2,0,0,608,A
5-NP,63,0,607,0,0,607,T
5-NP,64,0,0,608,0,608,G
5-NP,65,0,0,0,613,613,C
5-NP,66,610,0,0,0,610,A
5-NP,67,616,0,1,0,617,A
5-NP,68,0,0,0,617,617,C
5-NP,69,0,613,0,0,613,T
5-NP,70,0,0,623,0,623,G
5-NP,71,634,0,0,0,634,A
5-NP,72,0,1,662,0,663,G
5-NP,73,662,0,0,0,662,A
5-NP,74,0,656,0,0,656,T
5-NP,75,0,658,0,0,658,T
5-NP,76,652,0,0,0,652,A
5-NP,77,1,4,646,0,651,G
5-NP,78,0,1,653,0,654,G
5-NP,79,0,0,660,0,660,G
5-NP,80,0,1,0,655,656,C
5-NP,81,649,0,0,0,649,A
5-NP,82,0,649,0,1,650,T
5-NP,83,1,0,0,653,654,C
5-NP,84,0,0,0,652,652,C
5-NP,85,0,0,658,0,658,G
5-NP,86,0,660,0,0,660,T
5-NP,87,1,0,0,663,664,C
5-NP,88,1,1,661,0,663,G
5-NP,89,0,0,665,0,665,G
5-NP,90,0,3,668,0,671,G
5-NP,91,663,0,2,0,665,A
5-NP,92,665,0,0,0,665,A
5-NP,93,0,2,671,0,673,G
5-NP,94,668,0,0,0,668,A
5-NP,95,1,671,0,0,672,T
5-NP,96,0,4,676,0,680,G
5-NP,97,677,0,2,0,679,A
5-NP,98,0,683,0,0,683,T
5-NP,99,0,679,0,0,679,T
5-NP,100,0,2,678,0,680,G
5-NP,101,679,1,0,0,680,A
5-NP,102,0,680,0,0,680,T
5-NP,103,0,1,674,0,675,G
5-NP,104,1,1,676,0,678,G
5-NP,105,0,5,669,0,674,G
5-NP,106,728,0,0,0,728,A
5-NP,107,0,730,0,0,730,T
5-NP,108,0,730,0,0,730,T
5-NP,109,0,3,739,0,742,G
5-NP,110,0,1,743,0,744,G
5-NP,111,0,2,742,0,744,G
5-NP,112,738,0,1,0,739,A
5-NP,113,0,2,729,0,731,G
5-NP,114,727,0,0,0,727,A
5-NP,115,0,740,0,1,741,T
5-NP,116,0,740,1,0,741,T
5-NP,117,2,0,0,744,746,C
5-NP,118,0,742,0,0,742,T
5-NP,119,747,0,0,0,747,A
5-NP,120,1,0,0,748,749,C
5-NP,121,768,0,0,0,768,A
5-NP,122,0,772,0,0,772,T
5-NP,123,0,0,0,770,770,C
5-NP,124,8,0,0,764,772,C
5-NP,125,771,0,0,0,771,A
5-NP,126,791,0,1,0,792,A
5-NP,127,791,0,1,0,792,A
5-NP,128,0,785,0,0,785,T
5-NP,129,0,0,788,0,788,G
5-NP,130,0,778,0,1,779,T
5-NP,131,0,1,777,0,778,G
5-NP,132,0,0,0,782,782,C
5-NP,133,769,0,10,0,779,A
5-NP,134,0,0,0,780,780,C
5-NP,135,0,773,0,0,773,T
5-NP,136,0,4,797,0,801,G
5-NP,137,814,0,0,0,814,A
5-NP,138,827,0,0,0,827,A
5-NP,139,0,0,0,848,848,C
5-NP,140,0,843,0,0,843,T
5-NP,141,1,844,0,0,845,T
5-NP,142,841,0,0,0,841,A
5-NP,143,844,0,0,0,844,A
5-NP,144,852,0,0,0,852,A
5-NP,145,0,0,0,862,862,C
5-NP,146,0,837,0,0,837,T
5-NP,147,4,0,0,845,849,C
5-NP,148,841,0,0,1,842,A
5-NP,149,0,0,857,0,857,G
5-NP,150,0,855,0,0,855,T
5-NP,151,0,4,857,0,861,G
5-NP,152,869,0,1,0,870,A
5-NP,153,0,877,0,0,877,T
5-NP,154,4,1,0,883,888,C
5-NP,155,887,0,0,0,887,A
5-NP,156,0,885,0,2,887,T
5-NP,157,1,1,886,0,888,G
5-NP,158,886,0,0,0,886,A
5-NP,159,882,1,1,0,884,A
5-NP,160,0,5,880,0,885,G
5-NP,161,0,1,874,0,875,G
5-NP,162,0,2,877,0,879,G
5-NP,163,0,6,0,869,875,C
5-NP,164,0,0,873,0,873,G
5-NP,165,0,0,879,0,879,G
5-NP,166,1,875,0,1,877,T
5-NP,167,0,878,0,0,878,T
5-NP,168,0,7,879,0,886,G
5-NP,169,987,0,0,0,987,A
5-NP,170,0,986,0,0,986,T
5-NP,171,2,1,0,984,987,C
5-NP,172,1,0,0,986,987,C
5-NP,173,982,0,1,1,984,A
5-NP,174,0,7,979,0,986,G
5-NP,175,985,0,1,0,986,A
5-NP,176,984,0,1,0,985,A
5-NP,177,0,0,0,994,994,C
5-NP,178,938,0,0,0,938,A
5-NP,179,0,0,950,0,950,G
5-NP,180,0,0,0,947,947,C
5-NP,181,0,946,0,1,947,T
5-NP,182,0,950,0,0,950,T
5-NP,183,2,5,941,0,948,G
5-NP,184,952,0,0,0,952,A
5-NP,185,0,0,0,955,955,C
5-NP,186,948,0,1,0,949,A
5-NP,187,956,0,0,0,956,A
5-NP,188,0,947,0,0,947,T
5-NP,189,943,1,1,1,946,A
5-NP,190,0,1,953,1,955,G
5-NP,191,953,0,0,0,953,A
5-NP,192,0,1,954,0,955,G
5-NP,193,950,1,0,0,951,A
5-NP,194,969,0,0,0,969,A
5-NP,195,966,0,0,0,966,A
5-NP,196,977,0,0,0,977,A
5-NP,197,0,979,0,0,979,T
5-NP,198,0,4,970,0,974,G
5-NP,199,0,0,971,1,972,G
5-NP,200,0,969,0,1,970,T
5-NP,201,955,0,0,0,955,A
5-NP,202,2,0,1,961,964,C
5-NP,203,0,961,0,0,961,T
5-NP,204,5,0,0,964,969,C
5-NP,205,0,957,0,4,961,T
5-NP,206,3,2,0,956,961,C
5-NP,207,0,0,955,0,955,G
5-NP,208,1,0,957,0,958,G
5-NP,209,0,0,0,957,957,C
5-NP,210,0,956,0,0,956,T
5-NP,211,0,949,0,0,949,T
5-NP,212,0,957,0,0,957,T
5-NP,213,0,957,1,0,958,T
5-NP,214,0,4,956,0,960,G
5-NP,215,961,1,0,0,962,A
5-NP,216,0,959,0,1,960,T
5-NP,217,0,1,957,0,958,G
5-NP,218,960,0,2,0,962,A
5-NP,219,962,0,0,0,962,A
5-NP,220,965,0,0,0,965,A
5-NP,221,0,1,965,0,966,G
5-NP,222,966,0,0,0,966,A
5-NP,223,965,0,0,0,965,A
5-NP,224,0,3,970,0,973,G
5-NP,225,10,3,993,0,1006,G
5-NP,226,1003,0,2,0,1005,A
5-NP,227,1010,0,0,0,1010,A
5-NP,228,0,1011,0,0,1011,T
5-NP,229,1012,0,0,0,1012,A
5-NP,230,1010,0,0,0,1010,A
5-NP,231,1011,1,0,0,1012,A
5-NP,232,1,1009,0,0,1010,T
5-NP,233,1017,0,0,0,1017,A
5-NP,234,0,0,0,1013,1013,C
5-NP,235,0,0,1,998,999,C
5-NP,236,0,994,0,0,994,T
5-NP,237,1,1,997,0,999,G
5-NP,238,0,1,1016,0,1017,G
5-NP,239,1014,0,1,0,1015,A
5-NP,240,1012,0,1,1,1014,A
5-NP,241,1,1,1021,0,1023,G
5-NP,242,1017,0,0,0,1017,A
5-NP,243,1006,0,1,0,1007,A
5-NP,244,0,0,0,1009,1009,C
5-NP,245,1006,0,0,1,1007,A
5-NP,246,0,0,0,1049,1049,C
5-NP,247,1,0,0,1036,1037,C
5-NP,248,1,1,0,1032,1034,C
5-NP,249,0,0,0,1032,1032,C
5-NP,250,1024,0,0,0,1024,A
5-NP,251,0,0,1026,0,1026,G
5-NP,252,1,0,0,1019,1020,C
5-NP,253,0,0,1024,0,1024,G
5-NP,254,0,1,0,1024,1025,C
5-NP,255,0,2,1001,0,1003,G
5-NP,256,0,3,1004,0,1007,G
5-NP,257,0,3,999,0,1002,G
5-NP,258,0,2,1010,0,1012,G
5-NP,259,1016,0,0,1,1017,A
5-NP,260,1014,0,2,0,1016,A
5-NP,261,1014,0,1,0,1015,A
5-NP,262,0,2,1021,0,1023,G
5-NP,263,1017,0,1,0,1018,A
5-NP,264,1,1010,0,0,1011,T
5-NP,265,0,0,0,1011,1011,C
5-NP,266,2,0,0,1010,1012,C
5-NP,267,2,0,0,1009,1011,C
5-NP,268,1013,0,0,0,1013,A
5-NP,269,1011,0,1,0,1012,A
5-NP,270,0,3,1014,0,1017,G
5-NP,271,1016,0,1,0,1017,A
5-NP,272,1019,1,0,0,1020,A
5-NP,273,1018,0,1,0,1019,A
5-NP,274,1018,0,0,0,1018,A
5-NP,275,0,0,0,1017,1017,C
5-NP,276,1,1014,0,0,1015,T
5-NP,277,0,1,1010,0,1011,G
5-NP,278,0,0,1015,0,1015,G
5-NP,279,0,1,1017,0,1018,G
5-NP,280,0,4,1012,0,1016,G
5-NP,281,0,0,1021,0,1021,G
5-NP,282,0,0,1033,0,1033,G
5-NP,283,0,0,0,1105,1105,C
5-NP,284,1,0,0,1098,1099,C
5-NP,285,7,1,1,1105,1114,C
5-NP,286,1252,0,0,0,1252,A
5-NP,287,0,1255,0,0,1255,T
5-NP,288,1328,1,1,0,1330,A
5-NP,289,1,1331,0,0,1332,T
5-NP,290,1316,0,0,0,1316,A
5-NP,291,1,1,0,1323,1325,C
5-NP,292,1205,0,3,1,1209,A
5-NP,293,0,2,1227,0,1229,G
5-NP,294,0,5,1226,0,1231,G
5-NP,295,1112,0,3,0,1115,A
5-NP,296,0,4,1114,0,1118,G
5-NP,297,1069,0,0,0,1069,A
5-NP,298,0,0,1086,0,1086,G
5-NP,299,0,1084,0,0,1084,T
5-NP,300,1076,0,0,0,1076,A
5-NP,301,0,1,1077,0,1078,G
5-NP,302,1065,0,2,0,1067,A
5-NP,303,0,1070,0,0,1070,T
5-NP,304,0,1,1068,0,1069,G
5-NP,305,0,1,1070,0,1071,G
5-NP,306,1068,0,3,0,1071,A
5-NP,307,1072,0,1,0,1073,A
5-NP,308,1071,0,0,0,1071,A
5-NP,309,1077,0,0,0,1077,A
5-NP,310,0,1076,0,0,1076,T
5-NP,311,0,5,1079,0,1084,G
5-NP,312,0,1,1084,0,1085,G
5-NP,313,1085,0,0,0,1085,A
5-NP,314,1,1077,0,0,1078,T
5-NP,315,1,6,1079,0,1086,G
5-NP,316,1089,0,1,0,1090,A
5-NP,317,0,2,1088,0,1090,G
5-NP,318,0,1,1088,0,1089,G
5-NP,319,3,3,1103,0,1109,G
5-NP,320,1156,0,0,0,1156,A
5-NP,321,1166,0,0,0,1166,A
5-NP,322,0,0,0,1217,1217,C
5-NP,323,0,1210,0,1,1211,T
5-NP,324,2,0,0,1267,1269,C
5-NP,325,3,0,1292,0,1295,G
5-NP,326,0,1314,0,0,1314,T
5-NP,327,4,0,0,1327,1331,C
5-NP,328,3,0,0,1678,1681,C
5-NP,329,0,1675,0,0,1675,T
5-NP,330,0,1694,0,0,1694,T
5-NP,331,0,1696,0,1,1697,T
5-NP,332,1714,0,0,0,1714,A
5-NP,333,0,1721,0,0,1721,T
5-NP,334,0,15,1712,0,1727,G
5-NP,335,1757,1,1,1,1760,A
5-NP,336,0,1,0,1764,1765,C
5-NP,337,1750,0,0,0,1750,A
5-NP,338,1754,0,1,0,1755,A
5-NP,339,1765,0,0,0,1765,A
5-NP,340,0,2,1936,0,1938,G
5-NP,341,1934,0,2,0,1936,A
5-NP,342,1938,0,2,0,1940,A
5-NP,343,0,1,2114,0,2115,G
5-NP,344,2137,2,2,0,2141,A
5-NP,345,2155,0,1,0,2156,A
5-NP,346,2161,1,0,0,2162,A
5-NP,347,0,2158,0,0,2158,T
5-NP,348,2162,0,1,0,2163,A
5-NP,349,2164,0,1,0,2165,A
5-NP,350,0,6,2207,0,2213,G
5-NP,351,0,0,2212,0,2212,G
5-NP,352,0,4,0,2199,2203,C
5-NP,353,0,9,2191,0,2200,G
5-NP,354,2222,0,1,0,2223,A
5-NP,355,2277,0,0,0,2277,A
5-NP,356,0,2295,0,0,2295,T
5-NP,357,1,0,0,2294,2295,C
5-NP,358,0,2292,0,0,2292,T
5-NP,359,1,2,2291,0,2294,G
5-NP,360,1,0,2308,0,2309,G
5-NP,361,1,1,0,2314,2316,C
5-NP,362,1,0,2317,0,2318,G
5-NP,363,0,0,0,2318,2318,C
5-NP,364,3,0,0,2316,2319,C
5-NP,365,2326,0,1,0,2327,A
5-NP,366,2377,1,0,0,2378,A
5-NP,367,0,0,2489,0,2489,G
5-NP,368,1,0,0,2497,2498,C
5-NP,369,8,0,0,2532,2540,C
5-NP,370,2547,0,4,0,2551,A
5-NP,371,2630,0,0,0,2630,A
5-NP,372,2,0,0,2683,2685,C
5-NP,373,2690,0,1,0,2691,A
5-NP,374,2775,0,1,0,2776,A
5-NP,375,0,2779,0,1,2780,T
5-NP,376,0,2,2890,0,2892,G
5-NP,377,0,2,2897,0,2899,G
5-NP,378,0,2878,0,1,2879,T
5-NP,379,0,8,2881,0,2889,G
5-NP,380,2880,0,3,1,2884,A
5-NP,381,0,5,3005,0,3010,G
5-NP,382,0,4,3009,1,3014,G
5-NP,383,3078,3,0,0,3081,A
5-NP,384,0,3488,0,1,3489,T
5-NP,385,0,1,3557,0,3558,G
5-NP,386,1,0,0,3584,3585,C
5-NP,387,0,3579,0,7,3586,T
5-NP,388,3621,0,0,0,3621,A
5-NP,389,0,2,0,3700,3702,C
5-NP,390,3720,0,2,0,3722,A
5-NP,391,0,3721,0,1,3722,T
5-NP,392,3,0,2,3699,3704,C
5-NP,393,1,3608,0,3,3612,T
5-NP,394,1,5,3849,0,3855,G
5-NP,395,0,1,3994,0,3995,G
5-NP,396,0,3979,0,8,3987,T
5-NP,397,19,0,0,3980,3999,C
5-NP,398,0,3975,0,2,3977,T
5-NP,399,4061,1,1,0,4063,A
5-NP,400,4063,2,1,1,4067,A
5-NP,401,2,0,0,4127,4129,C
5-NP,402,2,4116,0,7,4125,T
5-NP,403,16,1,0,4167,4184,C
5-NP,404,4183,0,3,1,4187,A
5-NP,405,0,2,0,4430,4432,C
5-NP,406,4429,2,0,0,4431,A
5-NP,407,1,4447,2,0,4450,T
5-NP,408,4420,0,1,2,4423,A
5-NP,409,4448,0,4,1,4453,A
5-NP,410,1,4489,0,0,4490,T
5-NP,411,1,31,4531,0,4563,G
5-NP,412,4546,1,0,0,4547,A
5-NP,413,1,4530,1,4,4536,T
5-NP,414,0,4483,1,1,4485,T
5-NP,415,1,4496,0,2,4499,T
5-NP,416,3,9,4472,1,4485,G
5-NP,417,0,1,4501,0,4502,G
5-NP,418,4,0,0,4491,4495,C
5-NP,419,4489,0,1,0,4490,A
5-NP,420,1,4504,0,0,4505,T
5-NP,421,0,4498,1,6,4505,T
5-NP,422,14,0,0,4486,4500,C
5-NP,423,9,2,0,4501,4512,C
5-NP,424,4613,2,2,0,4617,A
5-NP,425,4630,0,0,1,4631,A
5-NP,426,0,4624,0,0,4624,T
5-NP,427,0,4629,0,2,4631,T
5-NP,428,0,4630,0,1,4631,T
5-NP,429,1,17,4667,0,4685,G
5-NP,430,4678,2,1,0,4681,A
5-NP,431,4694,0,0,0,4694,A
5-NP,432,0,4723,0,2,4725,T
5-NP,433,1,17,4695,1,4714,G
5-NP,434,4946,0,13,0,4959,A
5-NP,435,0,4966,0,2,4968,T
5-NP,436,1,2,4999,1,5003,G
5-NP,437,1,12,0,5098,5111,C
5-NP,438,5089,1,1,0,5091,A
5-NP,439,5339,3,4,0,5346,A
5-NP,440,0,0,0,5356,5356,C
5-NP,441,5482,0,0,0,5482,A
5-NP,442,1,5556,0,1,5558,T
5-NP,443,5457,3,3,0,5463,A
5-NP,444,1,1,0,5586,5588,C
5-NP,445,5,1,0,5567,5573,C
5-NP,446,5506,2,1,0,5509,A
5-NP,447,0,16,5591,1,5608,G
5-NP,448,5524,0,3,0,5527,A
5-NP,449,0,20,5494,0,5514,G
5-NP,450,5408,2,3,0,5413,A
5-NP,451,5637,3,0,0,5640,A
5-NP,452,0,1,0,5707,5708,C
5-NP,453,5703,0,1,0,5704,A
5-NP,454,5705,0,5,0,5710,A
5-NP,455,0,13,5715,0,5728,G
5-NP,456,5591,0,92,1,5684,A
5-NP,457,0,2,5724,0,5726,G
5-NP,458,2,2,1,5724,5729,C
5-NP,459,0,5685,0,24,5709,T
5-NP,460,10,0,0,5745,5755,C
5-NP,461,1,5728,0,3,5732,T
5-NP,462,0,5764,0,2,5766,T
5-NP,463,1,0,5785,1,5787,G
5-NP,464,1,5771,0,1,5773,T
5-NP,465,1,5771,0,3,5775,T
5-NP,466,17,3,0,5737,5757,C
5-NP,467,2,33,5725,0,5760,G
5-NP,468,5883,6,1,1,5891,A
5-NP,469,5897,1,3,0,5901,A
5-NP,470,1,1,0,5936,5938,C
5-NP,471,1,5910,0,2,5913,T
5-NP,472,1,9,6014,0,6024,G
5-NP,473,0,11,6038,0,6049,G
5-NP,474,6063,1,4,0,6068,A
5-NP,475,6066,1,5,0,6072,A
5-NP,476,1,6039,0,2,6042,T
5-NP,477,1,16,6029,1,6047,G
5-NP,478,1,5,6057,0,6063,G
5-NP,479,6105,0,11,0,6116,A
5-NP,480,0,6160,0,3,6163,T
5-NP,481,13,1,0,6175,6189,C
5-NP,482,5,1,0,6179,6185,C
5-NP,483,13,0,0,6195,6208,C
5-NP,484,6268,0,0,0,6268,A
5-NP,485,1,19,6318,0,6338,G
5-NP,486,6344,2,1,0,6347,A
5-NP,487,6328,0,7,0,6335,A
5-NP,488,1,6283,1,6,6291,T
5-NP,489,0,0,6357,0,6357,G
5-NP,490,0,6323,0,3,6326,T
5-NP,491,6,1,6384,0,6391,G
5-NP,492,2,0,0,6390,6392,C
5-NP,493,1,6353,0,10,6364,T
5-NP,494,20,1,0,6706,6727,C
5-NP,495,4,6584,1,94,6683,T
5-NP,496,6,0,1,6960,6967,C
5-NP,497,2,6959,0,1,6962,T
5-NP,498,0,17,6965,0,6982,G
5-NP,499,7022,2,3,0,7027,A
5-NP,500,1,6992,0,1,6994,T
5-NP,501,1,3,6993,0,6997,G
5-NP,502,1,0,0,6980,6981,C
5-NP,503,6792,2,10,0,6804,A
5-NP,504,4,12,6975,0,6991,G
5-NP,505,0,7,6879,0,6886,G
5-NP,506,4,2,6955,0,6961,G
5-NP,507,4,1,0,6949,6954,C
5-NP,508,0,6918,0,2,6920,T
5-NP,509,22,9,1,6915,6947,C
5-NP,510,3,28,6915,0,6946,G
5-NP,511,7027,3,8,0,7038,A
5-NP,512,1,4,0,7026,7031,C
5-NP,513,2,6922,0,7,6931,T
5-NP,514,18,0,0,7254,7272,C
5-NP,515,1,7230,2,5,7238,T
5-NP,516,14,2,0,8263,8279,C
5-NP,517,11,0,0,8278,8289,C
5-NP,518,14,1,1,8276,8292,C
5-NP,519,0,8277,1,1,8279,T
5-NP,520,8252,0,4,1,8257,A
5-NP,521,1,8,8240,1,8250,G
5-NP,522,8233,2,2,1,8238,A
5-NP,523,8066,1,4,1,8072,A
5-NP,524,0,15,8062,0,8077,G
5-NP,525,0,3,7973,0,7976,G
5-NP,526,3,7858,0,1,7862,T
5-NP,527,21,0,1,7848,7870,C
5-NP,528,11,3,0,7854,7868,C
5-NP,529,2,14,7863,0,7879,G
5-NP,530,1,15,7922,0,7938,G
5-NP,531,7921,3,6,1,7931,A
5-NP,532,2,3,8010,0,8015,G
5-NP,533,1,2,0,8043,8046,C
5-NP,534,2,7952,0,6,7960,T
5-NP,535,3,3,7968,0,7974,G
5-NP,536,2,2,0,7993,7997,C
5-NP,537,7973,5,12,0,7990,A
5-NP,538,1,5,8013,0,8019,G
5-NP,539,0,5,8041,0,8046,G
5-NP,540,0,8040,0,4,8044,T
5-NP,541,2,5,7967,0,7974,G
5-NP,542,3,0,2,8002,8007,C
5-NP,543,0,7992,1,5,7998,T
5-NP,544,1,1,8016,2,8020,G
5-NP,545,2,3,0,8003,8008,C
5-NP,546,8090,0,2,0,8092,A
5-NP,547,0,1,8236,0,8237,G
5-NP,548,0,8175,0,4,8179,T
5-NP,549,35,4,0,8172,8211,C
5-NP,550,8198,4,3,0,8205,A
5-NP,551,8204,0,3,0,8207,A
5-NP,552,8181,2,17,1,8201,A
5-NP,553,2,7,8214,0,8223,G
5-NP,554,2,24,8223,0,8249,G
5-NP,555,8228,2,2,2,8234,A
5-NP,556,8170,0,2,1,8173,A
5-NP,557,0,8174,0,1,8175,T
5-NP,558,14,13,1,8127,8155,C
5-NP,559,1,16,8144,1,8162,G
5-NP,560,1,11,8359,1,8372,G
5-NP,561,0,17,8375,1,8393,G
5-NP,562,8359,0,10,1,8370,A
5-NP,563,1,1,0,8387,8389,C
5-NP,564,8297,3,2,0,8302,A
5-NP,565,8485,0,5,0,8490,A
5-NP,566,1,8509,0,2,8512,T
5-NP,567,3,15,8534,0,8552,G
5-NP,568,0,0,8635,1,8636,G
5-NP,569,4,8482,1,5,8492,T
5-NP,570,2,22,8496,0,8520,G
5-NP,571,8504,1,6,0,8511,A
5-NP,572,1,8479,0,6,8486,T
5-NP,573,1,12,8482,1,8496,G
5-NP,574,5,34,8634,2,8675,G
5-NP,575,8645,0,6,0,8651,A
5-NP,576,8644,2,6,0,8652,A
5-NP,577,0,2,0,8603,8605,C
5-NP,578,2,8529,1,2,8534,T
5-NP,579,8517,1,2,0,8520,A
5-NP,580,8894,3,0,1,8898,A
5-NP,581,0,8899,1,5,8905,T
5-NP,582,19,1,1,8908,8929,C
5-NP,583,8705,1,3,0,8709,A
5-NP,584,1,27,8793,2,8823,G
5-NP,585,8800,1,3,1,8805,A
5-NP,586,8797,1,2,0,8800,A
5-NP,587,1,8792,0,4,8797,T
5-NP,588,2,22,8711,0,8735,G
5-NP,589,3,1,8857,2,8863,G
5-NP,590,3,8838,1,8,8850,T
5-NP,591,35,1,0,8819,8855,C
5-NP,592,8852,1,3,0,8856,A
5-NP,593,8841,1,2,0,8844,A
5-NP,594,8858,0,1,1,8860,A
5-NP,595,1,6,0,8853,8860,C
5-NP,596,4,12,8818,0,8834,G
5-NP,597,2,10,8866,0,8878,G
5-NP,598,5,16,8786,1,8808,G
5-NP,599,5,12,8825,0,8842,G
5-NP,600,4,21,8827,0,8852,G
5-NP,601,8848,2,7,0,8857,A
5-NP,602,3,8790,0,5,8798,T
5-NP,603,21,2,0,8794,8817,C
5-NP,604,8834,0,2,0,8836,A
5-NP,605,8830,1,9,1,8841,A
5-NP,606,1,5,2,8753,8761,C
5-NP,607,0,30,8692,0,8722,G
5-NP,608,8698,1,2,1,8702,A
5-NP,609,0,8690,0,3,8693,T
5-NP,610,23,3,0,8675,8701,C
5-NP,611,3,16,8693,0,8712,G
5-NP,612,8716,1,1,2,8720,A
5-NP,613,8705,1,5,0,8711,A
5-NP,614,8699,0,1,2,8702,A
5-NP,615,0,8791,1,1,8793,T
5-NP,616,3,8765,0,3,8771,T
5-NP,617,0,8766,2,2,8770,T
5-NP,618,0,8806,1,2,8809,T
5-NP,619,1,8822,0,15,8838,T
5-NP,620,3,18,8814,0,8835,G
5-NP,621,1,27,8810,0,8838,G
5-NP,622,8766,2,11,0,8779,A
5-NP,623,0,4,8847,0,8851,G
5-NP,624,8739,0,4,2,8745,A
5-NP,625,2,7,9061,0,9070,G
5-NP,626,1,1,9108,0,9110,G
5-NP,627,4,9088,1,3,9096,T
5-NP,628,3,34,9074,1,9112,G
5-NP,629,9112,2,12,0,9126,A
5-NP,630,0,25,9149,0,9174,G
5-NP,631,9174,0,11,0,9185,A
5-NP,632,9159,2,2,1,9164,A
5-NP,633,0,9159,0,2,9161,T
5-NP,634,3,18,8893,2,8916,G
5-NP,635,2,12,8849,0,8863,G
5-NP,636,8757,3,12,0,8772,A
5-NP,637,4,6,1,8781,8792,C
5-NP,638,3,14,8782,0,8799,G
5-NP,639,2,12,8908,1,8923,G
5-NP,640,8918,0,5,1,8924,A
5-NP,641,8931,0,5,0,8936,A
5-NP,642,9011,1,6,0,9018,A
5-NP,643,9000,0,21,3,9024,A
5-NP,644,2,1,1,9095,9099,C
5-NP,645,9059,2,5,1,9067,A
5-NP,646,9061,1,4,0,9066,A
5-NP,647,2,7,9056,1,9066,G
5-NP,648,8830,0,2,1,8833,A
5-NP,649,8849,1,3,0,8853,A
5-NP,650,3,2,9039,0,9044,G
5-NP,651,0,9027,0,1,9028,T
5-NP,652,2,6,9427,0,9435,G
5-NP,653,6,3,0,9375,9384,C
5-NP,654,2,9382,0,18,9402,T
5-NP,655,2,9424,0,2,9428,T
5-NP,656,9543,1,1,0,9545,A
5-NP,657,2,9545,0,2,9549,T
5-NP,658,2,30,9542,1,9575,G
5-NP,659,9325,1,12,0,9338,A
5-NP,660,1,24,9338,0,9363,G
5-NP,661,8919,1,8,0,8928,A
5-NP,662,0,22,8947,1,8970,G
5-NP,663,8937,0,0,1,8938,A
5-NP,664,9005,0,3,1,9009,A
5-NP,665,2,8922,0,3,8927,T
5-NP,666,2,1,9041,0,9044,G
5-NP,667,5,8986,0,7,8998,T
5-NP,668,3,8,9021,0,9032,G
5-NP,669,4,2,1,9016,9023,C
5-NP,670,9001,1,3,0,9005,A
5-NP,671,9019,1,14,0,9034,A
5-NP,672,0,0,0,9008,9008,C
5-NP,673,8937,1,1,0,8939,A
5-NP,674,3,8839,0,98,8940,T
5-NP,675,1,8870,0,8,8879,T
5-NP,676,16,1,0,8863,8880,C
5-NP,677,0,8856,0,10,8866,T
5-NP,678,1,8864,0,3,8868,T
5-NP,679,8860,1,3,0,8864,A
5-NP,680,8823,2,2,2,8829,A
5-NP,681,8839,1,3,0,8843,A
5-NP,682,1,13,8835,1,8850,G
5-NP,683,1,21,8812,0,8834,G
5-NP,684,8796,1,0,0,8797,A
5-NP,685,8787,0,3,1,8791,A
5-NP,686,8796,1,2,1,8800,A
5-NP,687,8930,0,0,0,8930,A
5-NP,688,2,8901,0,0,8903,T
5-NP,689,1,8888,2,1,8892,T
5-NP,690,0,8940,1,2,8943,T
5-NP,691,23,1,0,8920,8944,C
5-NP,692,8940,0,3,1,8944,A
5-NP,693,8943,1,0,0,8944,A
5-NP,694,8937,2,6,2,8947,A
5-NP,695,4,2,0,9031,9037,C
5-NP,696,8935,1,1,0,8937,A
5-NP,697,1,1,9104,0,9106,G
5-NP,698,0,2,0,9104,9106,C
5-NP,699,1,9095,0,9,9105,T
5-NP,700,1,7,9243,1,9252,G
5-NP,701,8,8,1,9204,9221,C
5-NP,702,9294,2,8,0,9304,A
5-NP,703,0,5,0,9295,9300,C
5-NP,704,9249,0,3,1,9253,A
5-NP,705,9276,2,7,0,9285,A
5-NP,706,9060,3,5,1,9069,A
5-NP,707,1,37,9334,0,9372,G
5-NP,708,9348,5,17,1,9371,A
5-NP,709,2,7,9338,1,9348,G
5-NP,710,7,3,1,9277,9288,C
5-NP,711,9262,4,4,0,9270,A
5-NP,712,9486,1,8,1,9496,A
5-NP,713,2,9493,0,2,9497,T
5-NP,714,3,12,9523,0,9538,G
5-NP,715,3,0,9570,0,9573,G
5-NP,716,0,9311,0,7,9318,T
5-NP,717,9,17,9281,0,9307,G
5-NP,718,2,31,9322,0,9355,G
5-NP,719,9357,0,3,0,9360,A
5-NP,720,0,9323,0,6,9329,T
5-NP,721,31,0,0,9096,9127,C
5-NP,722,9146,0,3,0,9149,A
5-NP,723,9225,0,3,0,9228,A
5-NP,724,0,2,9247,0,9249,G
5-NP,725,1,9197,0,1,9199,T
5-NP,726,5,26,9167,2,9200,G
5-NP,727,9074,1,12,0,9087,A
5-NP,728,1,35,9100,0,9136,G
5-NP,729,9107,1,13,0,9121,A
5-NP,730,0,20,9108,0,9128,G
5-NP,731,9089,0,5,1,9095,A
5-NP,732,8893,0,2,0,8895,A
5-NP,733,8912,1,13,1,8927,A
5-NP,734,0,0,8968,2,8970,G
5-NP,735,1,8949,0,0,8950,T
5-NP,736,42,2,0,8876,8920,C
5-NP,737,4,13,8890,0,8907,G
5-NP,738,2,22,8903,0,8927,G
5-NP,739,8913,2,5,1,8921,A
5-NP,740,8957,4,9,0,8970,A
5-NP,741,4,1,1,8983,8989,C
5-NP,742,12,22,0,8877,8911,C
5-NP,743,13,2,1,8933,8949,C
5-NP,744,8887,1,4,0,8892,A
5-NP,745,4,12,8917,0,8933,G
5-NP,746,2,17,8913,0,8932,G
5-NP,747,8918,0,0,0,8918,A
5-NP,748,8906,1,3,1,8911,A
5-NP,749,8871,0,4,1,8876,A
5-NP,750,0,1,0,8872,8873,C
5-NP,751,2,0,8868,0,8870,G
5-NP,752,0,2,0,8842,8844,C
5-NP,753,1,8807,0,4,8812,T
5-NP,754,3,29,8801,1,8834,G
5-NP,755,8796,1,2,1,8800,A
5-NP,756,1,9,8917,0,8927,G
5-NP,757,9006,2,10,0,9018,A
5-NP,758,1,9029,0,1,9031,T
5-NP,759,24,2,0,8902,8928,C
5-NP,760,3,17,8916,0,8936,G
5-NP,761,8926,1,4,0,8931,A
5-NP,762,8924,0,2,2,8928,A
5-NP,763,0,27,8886,0,8913,G
5-NP,764,8871,2,5,0,8878,A
5-NP,765,1,3,0,8615,8619,C
5-NP,766,13,0,0,8867,8880,C
5-NP,767,4,8886,2,11,8903,T
5-NP,768,22,2,1,8926,8951,C
5-NP,769,8964,1,0,0,8965,A
5-NP,770,2,8954,0,6,8962,T
5-NP,771,8980,0,1,0,8981,A
5-NP,772,1,8962,1,2,8966,T
5-NP,773,5,8901,1,2,8909,T
5-NP,774,4,8729,1,3,8737,T
5-NP,775,0,8641,2,4,8647,T
5-NP,776,0,8674,0,3,8677,T
5-NP,777,8689,2,5,0,8696,A
5-NP,778,3,4,8689,0,8696,G
5-NP,779,3,2,0,8682,8687,C
5-NP,780,8648,0,2,0,8650,A
5-NP,781,8615,0,2,1,8618,A
5-NP,782,0,18,8874,0,8892,G
5-NP,783,8884,2,0,0,8886,A
5-NP,784,0,8890,0,2,8892,T
5-NP,785,9,0,0,8936,8945,C
5-NP,786,2,8909,0,7,8918,T
5-NP,787,2,3,9120,0,9125,G
5-NP,788,4,1,0,9133,9138,C
5-NP,789,9139,1,4,1,9145,A
5-NP,790,1,9222,1,4,9228,T
5-NP,791,1,8943,1,0,8945,T
5-NP,792,1,28,9474,0,9503,G
5-NP,793,9651,0,1,1,9653,A
5-NP,794,0,9644,0,0,9644,T
5-NP,795,9664,0,6,0,9670,A
5-NP,796,1,9458,0,3,9462,T
5-NP,797,0,9411,0,2,9413,T
5-NP,798,1,49,9422,0,9472,G
5-NP,799,9358,1,8,0,9367,A
5-NP,800,0,20,9416,1,9437,G
5-NP,801,8930,0,4,0,8934,A
5-NP,802,0,14,8772,1,8787,G
5-NP,803,2,29,8875,0,8906,G
5-NP,804,8884,2,1,0,8887,A
5-NP,805,1,8867,0,4,8872,T
5-NP,806,32,4,0,8848,8884,C
5-NP,807,8838,0,7,1,8846,A
5-NP,808,0,0,8880,0,8880,G
5-NP,809,1,8822,0,2,8825,T
5-NP,810,0,8763,0,2,8765,T
5-NP,811,5,5,8757,0,8767,G
5-NP,812,4,1,0,8701,8706,C
5-NP,813,1,8691,2,12,8706,T
5-NP,814,42,5,0,8704,8751,C
5-NP,815,8752,1,2,0,8755,A
5-NP,816,2,4,0,8758,8764,C
5-NP,817,8728,1,2,0,8731,A
5-NP,818,8791,1,1,0,8793,A
5-NP,819,8788,2,3,1,8794,A
5-NP,820,2,8772,1,2,8777,T
5-NP,821,16,3,0,8767,8786,C
5-NP,822,1,8767,0,7,8775,T
5-NP,823,3,8741,1,6,8751,T
5-NP,824,1,2,8776,2,8781,G
5-NP,825,7,3,0,8750,8760,C
5-NP,826,18,0,0,8851,8869,C
5-NP,827,3,8830,0,3,8836,T
5-NP,828,8868,2,1,0,8871,A
5-NP,829,0,3,0,8855,8858,C
5-NP,830,11,0,0,8855,8866,C
5-NP,831,1,8833,0,9,8843,T
5-NP,832,0,5,8975,0,8980,G
5-NP,833,3,3,0,8944,8950,C
5-NP,834,9,1,1,8930,8941,C
5-NP,835,1,8808,1,5,8815,T
5-NP,836,3,1,8927,0,8931,G
5-NP,837,2,8888,0,7,8897,T
5-NP,838,1,3,8974,0,8978,G
5-NP,839,7,7,0,9016,9030,C
5-NP,840,1,3,9136,0,9140,G
5-NP,841,2,9007,0,3,9012,T
5-NP,842,8988,2,3,0,8993,A
5-NP,843,1,8992,0,3,8996,T
5-NP,844,0,10,8981,0,8991,G
5-NP,845,0,19,9266,2,9287,G
5-NP,846,9244,1,18,0,9263,A
5-NP,847,3,0,0,9105,9108,C
5-NP,848,14,2,1,9070,9087,C
5-NP,849,1,8919,2,10,8932,T
5-NP,850,56,1,9291,1,9349,G
5-NP,851,5,5,0,9351,9361,C
5-NP,852,9374,0,5,0,9379,A
5-NP,853,1,2,9522,0,9525,G
5-NP,854,2,9016,0,31,9049,T
5-NP,855,9396,0,3,0,9399,A
5-NP,856,2,9354,2,4,9362,T
5-NP,857,19,4,1,9305,9329,C
5-NP,858,10,0,2,9335,9347,C
5-NP,859,8912,1,0,0,8913,A
5-NP,860,1,2,8946,0,8949,G
5-NP,861,1,8897,1,3,8902,T
5-NP,862,3,21,8934,1,8959,G
5-NP,863,1,17,8910,1,8929,G
5-NP,864,3,1,8783,0,8787,G
5-NP,865,1,8754,0,7,8762,T
5-NP,866,8668,1,77,0,8746,A
5-NP,867,1,5,0,8715,8721,C
5-NP,868,3,45,8640,0,8688,G
5-NP,869,8647,1,2,0,8650,A
5-NP,870,2,1,1,8647,8651,C
5-NP,871,1,8397,0,3,8401,T
5-NP,872,0,8392,2,3,8397,T
5-NP,873,16,5,0,8364,8385,C
5-NP,874,1,20,8372,1,8394,G
5-NP,875,8398,2,2,0,8402,A
5-NP,876,8386,1,3,2,8392,A
5-NP,877,8408,2,1,1,8412,A
5-NP,878,8404,1,1,0,8406,A
5-NP,879,8359,1,19,0,8379,A
5-NP,880,0,11,8415,1,8427,G
5-NP,881,8404,0,7,0,8411,A
5-NP,882,1,12,8451,4,8468,G
5-NP,883,3,19,8490,2,8514,G
5-NP,884,4,16,8515,0,8535,G
5-NP,885,8546,0,7,0,8553,A
5-NP,886,2,8589,1,2,8594,T
5-NP,887,8626,0,2,0,8628,A
5-NP,888,1,8600,0,6,8607,T
5-NP,889,2,8643,0,2,8647,T
5-NP,890,24,0,0,8674,8698,C
5-NP,891,9,0,1,8627,8637,C
5-NP,892,0,8509,1,2,8512,T
5-NP,893,2,8508,0,2,8512,T
5-NP,894,1,14,8579,0,8594,G
5-NP,895,1,1,8643,0,8645,G
5-NP,896,1,8579,1,2,8583,T
5-NP,897,3,9,8534,0,8546,G
5-NP,898,2,5,8499,5,8511,G
5-NP,899,4,29,8805,1,8839,G
5-NP,900,8816,0,7,0,8823,A
5-NP,901,8833,1,2,0,8836,A
5-NP,902,0,8831,0,3,8834,T
5-NP,903,8690,0,4,1,8695,A
5-NP,904,3,16,8683,0,8702,G
5-NP,905,8631,0,9,0,8640,A
5-NP,906,2,0,0,8622,8624,C
5-NP,907,11,3,0,8520,8534,C
5-NP,908,14,3,1,8233,8251,C
5-NP,909,2,8324,2,8,8336,T
5-NP,910,0,8341,1,2,8344,T
5-NP,911,0,8341,0,3,8344,T
5-NP,912,23,1,0,8338,8362,C
5-NP,913,8322,1,3,0,8326,A
5-NP,914,8324,2,1,0,8327,A
5-NP,915,8297,3,4,2,8306,A
5-NP,916,3,1,0,8315,8319,C
5-NP,917,0,8090,1,1,8092,T
5-NP,918,8025,2,2,1,8030,A
5-NP,919,1,0,1,8128,8130,C
5-NP,920,1,8081,1,4,8087,T
5-NP,921,1,8075,2,6,8084,T
5-NP,922,10,1,1,8106,8118,C
5-NP,923,8094,0,1,0,8095,A
5-NP,924,8099,1,3,2,8105,A
5-NP,925,8076,2,4,1,8083,A
5-NP,926,8073,0,3,2,8078,A
5-NP,927,1,8016,0,2,8019,T
5-NP,928,7896,1,5,0,7902,A
5-NP,929,1,3,7974,0,7978,G
5-NP,930,0,2,0,8011,8013,C
5-NP,931,14,1,0,8079,8094,C
5-NP,932,8106,0,0,0,8106,A
5-NP,933,8123,0,3,1,8127,A
5-NP,934,8325,1,2,0,8328,A
5-NP,935,1,8341,0,0,8342,T
5-NP,936,8385,1,1,0,8387,A
5-NP,937,1,8372,1,1,8375,T
5-NP,938,8237,0,5,0,8242,A
5-NP,939,2,4,1,8237,8244,C
5-NP,940,8044,0,4,0,8048,A
5-NP,941,1,3,8232,0,8236,G
5-NP,942,2,1,0,8212,8215,C
5-NP,943,1,7961,3,12,7977,T
5-NP,944,2,8037,0,2,8041,T
5-NP,945,8083,0,3,0,8086,A
5-NP,946,8092,1,0,0,8093,A
5-NP,947,1,8077,0,2,8080,T
5-NP,948,27,2,0,8051,8080,C
5-NP,949,7802,2,4,1,7809,A
5-NP,950,1,32,7833,0,7866,G
5-NP,951,7848,2,3,1,7854,A
5-NP,952,0,3,0,7901,7904,C
5-NP,953,16,2,0,7814,7832,C
5-NP,954,0,7732,0,6,7738,T
5-NP,955,7807,0,2,0,7809,A
5-NP,956,7801,0,3,0,7804,A
5-NP,957,1,2,0,7838,7841,C
5-NP,958,3,25,7804,0,7832,G
5-NP,959,7672,0,1,1,7674,A
5-NP,960,1,23,7652,1,7677,G
5-NP,961,7615,1,1,0,7617,A
5-NP,962,7692,3,6,0,7701,A
5-NP,963,0,7684,0,5,7689,T
5-NP,964,18,0,3,7595,7616,C
5-NP,965,10,2,0,7615,7627,C
5-NP,966,7492,1,11,0,7504,A
5-NP,967,0,1,7556,2,7559,G
5-NP,968,1,3,0,7538,7542,C
5-NP,969,7602,0,1,1,7604,A
5-NP,970,1,2,0,7636,7639,C
5-NP,971,7534,1,3,0,7538,A
5-NP,972,0,0,0,7550,7550,C
5-NP,973,7538,0,4,0,7542,A
5-NP,974,7564,2,12,0,7578,A
5-NP,975,0,16,7584,0,7600,G
5-NP,976,7500,0,6,0,7506,A
5-NP,977,1,0,7530,0,7531,G
5-NP,978,0,7375,0,2,7377,T
5-NP,979,33,1,2,7331,7367,C
5-NP,980,7337,0,6,0,7343,A
5-NP,981,2,1,7336,0,7339,G
5-NP,982,1,4,0,7327,7332,C
5-NP,983,0,7260,0,4,7264,T
5-NP,984,6,4,7339,0,7349,G
5-NP,985,0,2,7356,1,7359,G
5-NP,986,2,7303,0,1,7306,T
5-NP,987,7,0,7354,0,7361,G
5-NP,988,1,7277,1,6,7285,T
5-NP,989,4,11,7263,1,7279,G
5-NP,990,1,7,7259,0,7267,G
5-NP,991,7198,1,19,1,7219,A
5-NP,992,2,7227,0,3,7232,T
5-NP,993,0,19,6938,0,6957,G
5-NP,994,3,3,6909,0,6915,G
5-NP,995,2,3,0,6874,6879,C
5-NP,996,6799,1,4,0,6804,A
5-NP,997,0,6792,0,8,6800,T
5-NP,998,5,3,6744,0,6752,G
5-NP,999,2,1,0,6788,6791,C
5-NP,1000,13,1,0,6791,6805,C
5-NP,1001,6804,0,1,0,6805,A
5-NP,1002,1,6775,0,5,6781,T
5-NP,1003,1,6688,0,1,6690,T
5-NP,1004,10,1,0,6695,6706,C
5-NP,1005,1,6603,0,0,6604,T
5-NP,1006,2,2,6604,0,6608,G
5-NP,1007,3,1,1,6597,6602,C
5-NP,1008,4,6409,1,9,6423,T
5-NP,1009,2,0,6452,0,6454,G
5-NP,1010,1,2,0,6348,6351,C
5-NP,1011,6346,1,1,1,6349,A
5-NP,1012,1,6344,1,1,6347,T
5-NP,1013,0,6281,1,2,6284,T
5-NP,1014,0,6287,0,0,6287,T
5-NP,1015,0,9,6258,0,6267,G
5-NP,1016,6258,4,2,2,6266,A
5-NP,1017,6265,0,3,2,6270,A
5-NP,1018,0,10,6284,0,6294,G
5-NP,1019,6259,2,2,0,6263,A
5-NP,1020,1,6222,0,1,6224,T
5-NP,1021,1,6217,0,1,6219,T
5-NP,1022,2,6218,0,1,6221,T
5-NP,1023,6218,0,2,1,6221,A
5-NP,1024,6223,0,0,0,6223,A
5-NP,1025,0,8,6224,0,6232,G
5-NP,1026,6219,0,3,0,6222,A
5-NP,1027,1,6186,0,3,6190,T
5-NP,1028,1,6043,1,0,6045,T
5-NP,1029,2,1,6086,0,6089,G
5-NP,1030,3,6064,1,12,6080,T
5-NP,1031,0,6073,0,5,6078,T
5-NP,1032,6075,0,1,1,6077,A
5-NP,1033,6081,0,2,1,6084,A
5-NP,1034,3,2,6098,0,6103,G
5-NP,1035,4,0,0,6099,6103,C
5-NP,1036,1,5966,0,7,5974,T
5-NP,1037,1,5969,0,0,5970,T
5-NP,1038,20,2,0,5953,5975,C
5-NP,1039,5967,3,1,1,5972,A
5-NP,1040,0,5959,0,2,5961,T
5-NP,1041,8,0,1,5963,5972,C
5-NP,1042,5870,2,1,0,5873,A
5-NP,1043,1,10,5857,0,5868,G
5-NP,1044,5786,0,4,1,5791,A
5-NP,1045,0,12,5777,0,5789,G
5-NP,1046,0,9,5767,0,5776,G
5-NP,1047,5,20,5696,0,5721,G
5-NP,1048,5710,2,1,0,5713,A
5-NP,1049,0,3,0,5719,5722,C
5-NP,1050,5709,1,0,0,5710,A
5-NP,1051,5721,0,3,0,5724,A
5-NP,1052,5724,1,0,1,5726,A
5-NP,1053,5725,0,11,2,5738,A
5-NP,1054,2,1,5758,0,5761,G
5-NP,1055,1,5583,0,4,5588,T
5-NP,1056,5558,0,1,0,5559,A
5-NP,1057,1,5527,0,8,5536,T
5-NP,1058,7,0,0,5527,5534,C
5-NP,1059,2,5488,1,2,5493,T
5-NP,1060,14,0,1,5494,5509,C
5-NP,1061,0,0,0,5456,5456,C
5-NP,1062,0,5413,0,2,5415,T
5-NP,1063,12,1,0,5379,5392,C
5-NP,1064,3,8,5364,0,5375,G
5-NP,1065,0,6,5381,0,5387,G
5-NP,1066,1,5,5384,1,5391,G
5-NP,1067,2,9,5348,0,5359,G
5-NP,1068,5,6,5329,0,5340,G
5-NP,1069,5232,3,0,0,5235,A
5-NP,1070,5234,1,5,1,5241,A
5-NP,1071,5222,2,12,1,5237,A
5-NP,1072,0,0,0,5274,5274,C
5-NP,1073,0,5225,1,0,5226,T
5-NP,1074,2,1,5239,1,5243,G
5-NP,1075,1,5193,0,6,5200,T
5-NP,1076,38,1,0,5159,5198,C
5-NP,1077,5243,0,1,0,5244,A
5-NP,1078,5263,0,0,0,5263,A
5-NP,1079,0,1,0,5280,5281,C
5-NP,1080,0,5265,0,2,5267,T
5-NP,1081,5130,0,1,0,5131,A
5-NP,1082,0,4,5137,0,5141,G
5-NP,1083,5009,1,2,0,5012,A
5-NP,1084,0,3,5011,0,5014,G
5-NP,1085,2,11,4980,1,4994,G
5-NP,1086,4690,3,3,0,4696,A
5-NP,1087,1,0,4741,0,4742,G
5-NP,1088,0,4692,0,2,4694,T
5-NP,1089,4698,1,2,1,4702,A
5-NP,1090,2,0,0,4696,4698,C
5-NP,1091,4608,1,1,1,4611,A
5-NP,1092,4612,0,0,0,4612,A
5-NP,1093,4560,0,3,0,4563,A
5-NP,1094,1,4509,0,1,4511,T
5-NP,1095,0,4475,0,0,4475,T
5-NP,1096,0,1,4349,0,4350,G
5-NP,1097,0,1,0,4288,4289,C
5-NP,1098,0,4277,1,5,4283,T
5-NP,1099,1,4273,0,0,4274,T
5-NP,1100,16,0,1,4259,4276,C
5-NP,1101,4279,0,2,0,4281,A
5-NP,1102,4283,1,2,0,4286,A
5-NP,1103,4288,1,0,1,4290,A
5-NP,1104,1,4286,1,0,4288,T
5-NP,1105,2,9,4271,0,4282,G
5-NP,1106,4177,0,5,0,4182,A
5-NP,1107,1,13,4169,0,4183,G
5-NP,1108,4183,1,6,0,4190,A
5-NP,1109,4176,0,0,0,4176,A
5-NP,1110,1,1,0,4166,4168,C
5-NP,1111,4093,0,1,0,4094,A
5-NP,1112,0,4087,0,0,4087,T
5-NP,1113,2,11,4081,0,4094,G
5-NP,1114,0,3,4098,0,4101,G
5-NP,1115,4096,3,2,0,4101,A
5-NP,1116,0,4006,0,1,4007,T
5-NP,1117,3934,0,1,0,3935,A
5-NP,1118,4007,0,2,1,4010,A
5-NP,1119,1,3908,0,1,3910,T
5-NP,1120,3871,0,3,0,3874,A
5-NP,1121,1,3851,0,0,3852,T
5-NP,1122,2,2,3466,0,3470,G
5-NP,1123,0,2,3377,0,3379,G
5-NP,1124,3,14,3345,0,3362,G
5-NP,1125,3323,0,3,0,3326,A
5-NP,1126,0,3324,0,0,3324,T
5-NP,1127,6,1,0,2384,2391,C
5-NP,1128,1,9,2373,1,2384,G
5-NP,1129,2374,0,2,0,2376,A
5-NP,1130,1,1,2372,0,2374,G
5-NP,1131,1,0,0,2361,2362,C
5-NP,1132,2303,0,0,0,2303,A
5-NP,1133,1,3,0,2323,2327,C
5-NP,1134,0,2287,0,1,2288,T
5-NP,1135,14,0,0,2285,2299,C
5-NP,1136,0,2281,0,4,2285,T
5-NP,1137,1,2226,2,2,2231,T
5-NP,1138,1,9,2220,0,2230,G
5-NP,1139,2220,0,1,0,2221,A
5-NP,1140,2217,1,1,0,2219,A
5-NP,1141,1,0,0,2217,2218,C
5-NP,1142,0,1445,0,0,1445,T
5-NP,1143,0,4,1443,0,1447,G
5-NP,1144,1355,0,2,0,1357,A
5-NP,1145,0,2,1357,0,1359,G
5-NP,1146,1359,0,0,0,1359,A
5-NP,1147,1302,1,1,0,1304,A
5-NP,1148,0,0,1305,0,1305,G
5-NP,1149,4,0,0,1252,1256,C
5-NP,1150,1,2,1241,1,1245,G
5-NP,1151,1,1,1233,0,1235,G
5-NP,1152,0,0,1162,0,1162,G
5-NP,1153,0,1141,0,0,1141,T
5-NP,1154,1082,0,0,0,1082,A
5-NP,1155,0,0,0,1079,1079,C
5-NP,1156,0,562,0,0,562,T
5-NP,1157,0,1,527,0,528,G
5-NP,1158,0,1,482,0,483,G
5-NP,1159,1,0,454,0,455,G
5-NP,1160,0,0,0,439,439,C
5-NP,1161,0,0,0,340,340,C
5-NP,1162,342,0,1,0,343,A
5-NP,1163,0,344,0,1,345,T
5-NP,1164,344,0,0,0,344,A
5-NP,1165,345,0,0,0,345,A
5-NP,1166,0,0,332,0,332,G
5-NP,1167,0,1,344,0,345,G
5-NP,1168,335,2,0,0,337,A
5-NP,1169,0,0,0,336,336,C
5-NP,1170,2,0,0,335,337,C
5-NP,1171,332,0,1,0,333,A
5-NP,1172,0,0,341,0,341,G
5-NP,1173,0,0,344,0,344,G
5-NP,1174,344,0,0,0,344,A
5-NP,1175,0,0,345,0,345,G
5-NP,1176,0,330,0,0,330,T
5-NP,1177,0,0,330,0,330,G
5-NP,1178,0,0,331,0,331,G
5-NP,1179,329,0,1,0,330,A
5-NP,1180,0,0,332,0,332,G
5-NP,1181,0,0,324,0,324,G
5-NP,1182,322,0,0,0,322,A
5-NP,1183,320,0,0,0,320,A
5-NP,1184,320,0,0,0,320,A
5-NP,1185,0,0,0,322,322,C
5-NP,1186,320,0,0,0,320,A
5-NP,1187,4,0,0,322,326,C
5-NP,1188,0,318,0,0,318,T
5-NP,1189,325,0,0,0,325,A
5-NP,1190,328,0,0,0,328,A
5-NP,1191,1,327,0,0,328,T
5-NP,1192,0,0,0,328,328,C
5-NP,1193,330,0,0,0,330,A
5-NP,1194,334,0,0,0,334,A
5-NP,1195,0,0,0,334,334,C
5-NP,1196,324,0,0,0,324,A
5-NP,1197,0,1,325,0,326,G
5-NP,1198,312,0,1,0,313,A
5-NP,1199,0,3,310,0,313,G
5-NP,1200,0,1,314,0,315,G
5-NP,1201,1,0,312,0,313,G
5-NP,1202,0,0,0,312,312,C
5-NP,1203,0,0,0,313,313,C
5-NP,1204,0,306,0,0,306,T
5-NP,1205,0,0,0,308,308,C
5-NP,1206,0,0,0,310,310,C
5-NP,1207,0,0,310,0,310,G
5-NP,1208,0,0,0,312,312,C
5-NP,1209,305,0,1,0,306,A
5-NP,1210,0,0,314,0,314,G
5-NP,1211,1,0,315,0,316,G
5-NP,1212,0,0,0,314,314,C
5-NP,1213,0,0,0,315,315,C
5-NP,1214,314,0,0,0,314,A
5-NP,1215,322,0,0,0,322,A
5-NP,1216,323,0,0,0,323,A
5-NP,1217,0,0,0,329,329,C
5-NP,1218,1,1,0,325,327,C
5-NP,1219,312,0,0,0,312,A
5-NP,1220,0,0,319,0,319,G
5-NP,1221,0,311,0,0,311,T
5-NP,1222,0,0,317,0,317,G
5-NP,1223,0,316,0,1,317,T
5-NP,1224,1,1,312,0,314,G
5-NP,1225,0,0,0,313,313,C
5-NP,1226,308,0,0,0,308,A
5-NP,1227,0,0,305,0,305,G
5-NP,1228,0,0,0,306,306,C
5-NP,1229,0,0,0,308,308,C
5-NP,1230,0,310,0,0,310,T
5-NP,1231,312,0,2,0,314,A
5-NP,1232,0,0,0,312,312,C
5-NP,1233,0,0,314,0,314,G
5-NP,1234,0,313,0,0,313,T
5-NP,1235,0,315,0,0,315,T
5-NP,1236,0,308,0,0,308,T
5-NP,1237,0,306,0,0,306,T
5-NP,1238,1,0,0,306,307,C
5-NP,1239,0,301,0,0,301,T
5-NP,1240,1,0,305,0,306,G
5-NP,1241,0,301,0,0,301,T
5-NP,1242,300,0,0,0,300,A
5-NP,1243,0,0,0,302,302,C
5-NP,1244,299,0,0,0,299,A
5-NP,1245,299,0,0,0,299,A
5-NP,1246,298,0,0,0,298,A
5-NP,1247,0,0,298,0,298,G
5-NP,1248,298,0,0,0,298,A
5-NP,1249,288,0,0,0,288,A
5-NP,1250,288,0,0,1,289,A
5-NP,1251,0,0,0,289,289,C
5-NP,1252,0,0,0,286,286,C
5-NP,1253,0,285,1,0,286,T
5-NP,1254,0,0,0,285,285,C
5-NP,1255,0,0,0,287,287,C
5-NP,1256,0,0,0,290,290,C
5-NP,1257,289,0,0,0,289,A
5-NP,1258,0,287,0,1,288,T
5-NP,1259,0,289,0,1,290,T
5-NP,1260,0,291,0,0,291,T
5-NP,1261,0,2,288,0,290,G
5-NP,1262,290,0,0,0,290,A
5-NP,1263,289,0,0,0,289,A
5-NP,1264,289,0,0,0,289,A
5-NP,1265,286,0,1,0,287,A
5-NP,1266,0,0,292,0,292,G
5-NP,1267,0,289,0,0,289,T
5-NP,1268,5,0,1,280,286,C
5-NP,1269,288,0,0,0,288,A
5-NP,1270,290,0,0,0,290,A
5-NP,1271,0,0,0,291,291,C
5-NP,1272,3,0,0,292,295,C
5-NP,1273,297,0,0,0,297,A
5-NP,1274,0,300,0,0,300,T
5-NP,1275,0,0,0,299,299,C
5-NP,1276,298,0,0,0,298,A
5-NP,1277,0,299,0,0,299,T
5-NP,1278,0,0,298,0,298,G
5-NP,1279,0,1,296,0,297,G
5-NP,1280,0,0,0,297,297,C
5-NP,1281,289,0,0,0,289,A
5-NP,1282,0,0,288,0,288,G
5-NP,1283,0,1,0,286,287,C
5-NP,1284,288,0,0,0,288,A
5-NP,1285,0,286,0,1,287,T
5-NP,1286,1,286,0,0,287,T
5-NP,1287,0,0,0,287,287,C
5-NP,1288,283,0,0,0,283,A
5-NP,1289,0,0,0,286,286,C
5-NP,1290,0,282,0,1,283,T
5-NP,1291,0,1,285,0,286,G
5-NP,1292,0,0,287,0,287,G
5-NP,1293,286,0,0,0,286,A
5-NP,1294,285,0,0,0,285,A
5-NP,1295,287,0,0,0,287,A
5-NP,1296,0,282,0,0,282,T
5-NP,1297,282,0,0,0,282,A
5-NP,1298,0,0,0,279,279,C
5-NP,1299,0,0,280,0,280,G
5-NP,1300,0,0,280,0,280,G
5-NP,1301,275,0,0,0,275,A
5-NP,1302,0,0,279,0,279,G
5-NP,1303,0,1,275,0,276,G
5-NP,1304,0,0,276,0,276,G
5-NP,1305,278,0,0,0,278,A
5-NP,1306,276,0,1,0,277,A
5-NP,1307,0,0,278,0,278,G
5-NP,1308,278,0,0,0,278,A
5-NP,1309,276,0,0,0,276,A
5-NP,1310,0,0,0,281,281,C
5-NP,1311,0,277,0,0,277,T
5-NP,1312,0,280,0,0,280,T
5-NP,1313,0,0,0,280,280,C
5-NP,1314,279,1,0,0,280,A
5-NP,1315,0,0,280,0,280,G
5-NP,1316,278,0,0,0,278,A
5-NP,1317,0,0,0,281,281,C
5-NP,1318,275,0,0,0,275,A
5-NP,1319,0,265,0,0,265,T
5-NP,1320,0,1,264,0,265,G
5-NP,1321,261,0,0,0,261,A
5-NP,1322,0,1,260,0,261,G
5-NP,1323,0,0,263,0,263,G
5-NP,1324,0,0,259,0,259,G
5-NP,1325,0,0,0,258,258,C
5-NP,1326,257,0,0,0,257,A
5-NP,1327,0,1,257,0,258,G
5-NP,1328,258,0,0,0,258,A
5-NP,1329,262,0,0,0,262,A
5-NP,1330,262,0,0,0,262,A
5-NP,1331,0,256,0,0,256,T
5-NP,1332,0,0,0,254,254,C
5-NP,1333,252,0,0,0,252,A
5-NP,1334,0,252,0,0,252,T
5-NP,1335,252,0,0,0,252,A
5-NP,1336,248,1,0,0,249,A
5-NP,1337,0,0,252,0,252,G
5-NP,1338,243,1,0,0,244,A
5-NP,1339,250,0,0,0,250,A
5-NP,1340,0,247,0,0,247,T
5-NP,1341,0,0,246,0,246,G
5-NP,1342,245,0,0,0,245,A
5-NP,1343,0,243,0,0,243,T
5-NP,1344,0,0,244,0,244,G
5-NP,1345,0,1,242,0,243,G
5-NP,1346,238,0,0,0,238,A
5-NP,1347,240,0,0,0,240,A
5-NP,1348,227,0,0,0,227,A
5-NP,1349,0,0,227,0,227,G
5-NP,1350,0,226,0,0,226,T
5-NP,1351,0,0,228,0,228,G
5-NP,1352,0,0,0,225,225,C
5-NP,1353,226,1,0,0,227,A
5-NP,1354,227,0,0,0,227,A
5-NP,1355,227,0,0,0,227,A
5-NP,1356,224,0,1,0,225,A
5-NP,1357,0,0,0,227,227,C
5-NP,1358,1,0,0,225,226,C
5-NP,1359,221,0,0,0,221,A
5-NP,1360,0,0,222,0,222,G
5-NP,1361,223,0,0,0,223,A
5-NP,1362,221,0,0,0,221,A
5-NP,1363,0,1,221,0,222,G
5-NP,1364,224,0,0,0,224,A
5-NP,1365,218,0,0,0,218,A
5-NP,1366,0,0,220,0,220,G
5-NP,1367,0,215,0,0,215,T
5-NP,1368,0,0,216,0,216,G
5-NP,1369,0,213,0,1,214,T
5-NP,1370,0,0,0,215,215,C
5-NP,1371,217,0,0,0,217,A
5-NP,1372,0,218,0,0,218,T
5-NP,1373,0,216,1,0,217,T
5-NP,1374,0,0,0,216,216,C
5-NP,1375,1,0,0,211,212,C
5-NP,1376,0,1,210,0,211,G
5-NP,1377,0,0,213,0,213,G
5-NP,1378,0,0,214,0,214,G
5-NP,1379,0,0,216,0,216,G
5-NP,1380,0,0,214,0,214,G
5-NP,1381,211,0,0,0,211,A
5-NP,1382,0,0,211,0,211,G
5-NP,1383,0,0,211,0,211,G
5-NP,1384,0,0,210,0,210,G
5-NP,1385,0,0,210,1,211,G
5-NP,1386,208,0,0,0,208,A
5-NP,1387,0,0,208,0,208,G
5-NP,1388,0,206,0,0,206,T
5-NP,1389,0,0,0,203,203,C
5-NP,1390,0,205,0,0,205,T
5-NP,1391,0,206,0,0,206,T
5-NP,1392,0,0,0,206,206,C
5-NP,1393,0,0,206,0,206,G
5-NP,1394,206,0,0,0,206,A
5-NP,1395,0,0,206,0,206,G
5-NP,1396,0,0,0,203,203,C
5-NP,1397,0,202,0,0,202,T
5-NP,1398,0,0,0,202,202,C
5-NP,1399,0,202,0,1,203,T
5-NP,1400,1,0,0,202,203,C
5-NP,1401,203,0,0,0,203,A
5-NP,1402,0,2,201,0,203,G
5-NP,1403,203,0,0,0,203,A
5-NP,1404,0,0,0,202,202,C
5-NP,1405,0,0,201,0,201,G
5-NP,1406,197,0,1,0,198,A
5-NP,1407,0,0,197,0,197,G
5-NP,1408,193,0,0,0,193,A
5-NP,1409,194,0,0,0,194,A
5-NP,1410,0,1,193,0,194,G
5-NP,1411,0,0,193,0,193,G
5-NP,1412,0,0,0,191,191,C
5-NP,1413,191,0,0,0,191,A
5-NP,1414,191,0,0,0,191,A
5-NP,1415,0,0,0,191,191,C
5-NP,1416,0,0,191,0,191,G
5-NP,1417,190,1,0,0,191,A
5-NP,1418,192,0,0,0,192,A
5-NP,1419,0,0,0,190,190,C
5-NP,1420,0,0,0,188,188,C
5-NP,1421,0,0,0,189,189,C
5-NP,1422,0,1,188,0,189,G
5-NP,1423,191,0,0,0,191,A
5-NP,1424,0,191,0,0,191,T
5-NP,1425,0,0,0,190,190,C
5-NP,1426,0,0,190,0,190,G
5-NP,1427,0,185,0,1,186,T
5-NP,1428,0,0,186,0,186,G
5-NP,1429,0,0,0,185,185,C
5-NP,1430,0,0,0,186,186,C
5-NP,1431,2,0,0,184,186,C
5-NP,1432,0,184,0,0,184,T
5-NP,1433,0,0,0,189,189,C
5-NP,1434,0,189,0,0,189,T
5-NP,1435,0,189,0,0,189,T
5-NP,1436,0,189,0,0,189,T
5-NP,1437,0,187,0,0,187,T
5-NP,1438,0,0,186,0,186,G
5-NP,1439,186,0,0,0,186,A
5-NP,1440,0,182,0,0,182,T
5-NP,1441,182,0,0,0,182,A
5-NP,1442,0,149,0,0,149,T
5-NP,1443,0,0,150,0,150,G
5-NP,1444,147,0,1,0,148,A
5-NP,1445,0,0,148,0,148,G
5-NP,1446,0,147,0,0,147,T
5-NP,1447,145,0,0,0,145,A
5-NP,1448,145,0,0,0,145,A
5-NP,1449,0,144,0,1,145,T
5-NP,1450,0,0,144,0,144,G
5-NP,1451,143,0,0,0,143,A
5-NP,1452,128,0,0,0,128,A
5-NP,1453,0,0,128,0,128,G
5-NP,1454,0,0,117,0,117,G
5-NP,1455,119,0,1,0,120,A
5-NP,1456,0,118,0,0,118,T
5-NP,1457,0,0,0,117,117,C
5-NP,1458,0,117,0,0,117,T
5-NP,1459,0,118,0,0,118,T
5-NP,1460,118,0,0,0,118,A
5-NP,1461,0,117,0,0,117,T
5-NP,1462,0,117,0,0,117,T
5-NP,1463,0,114,0,0,114,T
5-NP,1464,0,0,0,112,112,C
5-NP,1465,0,109,0,0,109,T
5-NP,1466,0,110,0,0,110,T
5-NP,1467,0,0,0,110,110,C
5-NP,1468,0,0,110,0,110,G
5-NP,1469,0,0,110,0,110,G
5-NP,1470,108,0,0,0,108,A
5-NP,1471,0,1,108,0,109,G
5-NP,1472,109,0,0,0,109,A
5-NP,1473,0,0,0,109,109,C
5-NP,1474,107,0,0,0,107,A
5-NP,1475,106,0,0,0,106,A
5-NP,1476,0,106,0,0,106,T
5-NP,1477,0,0,105,0,105,G
5-NP,1478,0,0,0,106,106,C
5-NP,1479,101,0,0,0,101,A
5-NP,1480,0,0,100,0,100,G
5-NP,1481,101,0,0,0,101,A
5-NP,1482,89,0,0,0,89,A
5-NP,1483,0,0,89,0,89,G
5-NP,1484,66,0,0,0,66,A
5-NP,1485,0,0,67,0,67,G
5-NP,1486,0,63,0,0,63,T
5-NP,1487,62,0,0,0,62,A
5-NP,1488,0,58,0,0,58,T
5-NP,1489,0,0,58,0,58,G
5-NP,1490,58,0,0,0,58,A
5-NP,1491,0,0,0,58,58,C
5-NP,1492,39,0,0,0,39,A
5-NP,1493,39,0,0,0,39,A
5-NP,1494,0,19,0,0,19,T
5-NP,1495,0,19,0,0,19,T
5-NP,1496,16,0,0,0,16,A
5-NP,1497,16,0,0,0,16,A
6-NA,1,44,0,0,0,44,A
6-NA,2,0,44,0,0,44,T
6-NA,3,0,0,44,0,44,G
6-NA,4,45,0,0,0,45,A
6-NA,5,48,0,0,0,48,A
6-NA,6,0,48,0,0,48,T
6-NA,7,0,0,0,48,48,C
6-NA,8,0,0,0,48,48,C
6-NA,9,48,0,0,0,48,A
6-NA,10,50,0,0,0,50,A
6-NA,11,50,0,0,0,50,A
6-NA,12,0,48,0,0,48,T
6-NA,13,0,0,0,50,50,C
6-NA,14,50,0,0,0,50,A
6-NA,15,50,0,0,0,50,A
6-NA,16,50,0,0,0,50,A
6-NA,17,52,0,0,0,52,A
6-NA,18,0,0,57,0,57,G
6-NA,19,62,0,0,0,62,A
6-NA,20,0,62,0,0,62,T
6-NA,21,62,0,0,0,62,A
6-NA,22,63,0,0,0,63,A
6-NA,23,0,63,0,0,63,T
6-NA,24,63,0,0,0,63,A
6-NA,25,63,0,0,0,63,A
6-NA,26,0,0,0,65,65,C
6-NA,27,0,1,64,0,65,G
6-NA,28,65,0,0,0,65,A
6-NA,29,0,65,0,0,65,T
6-NA,30,0,64,0,0,64,T
6-NA,31,0,0,66,0,66,G
6-NA,32,0,0,70,0,70,G
6-NA,33,0,0,0,70,70,C
6-NA,34,0,69,0,0,69,T
6-NA,35,0,0,0,73,73,C
6-NA,36,0,72,0,0,72,T
6-NA,37,0,0,77,0,77,G
6-NA,38,0,77,0,0,77,T
6-NA,39,0,79,0,0,79,T
6-NA,40,0,82,0,1,83,T
6-NA,41,0,0,0,82,82,C
6-NA,42,0,82,0,0,82,T
6-NA,43,0,0,0,83,83,C
6-NA,44,0,83,0,0,83,T
6-NA,45,1,0,0,84,85,C
6-NA,46,85,0,0,0,85,A
6-NA,47,0,0,0,90,90,C
6-NA,48,0,0,0,90,90,C
6-NA,49,90,0,0,0,90,A
6-NA,50,0,93,0,0,93,T
6-NA,51,0,96,0,0,96,T
6-NA,52,0,96,0,0,96,T
6-NA,53,0,0,0,98,98,C
6-NA,54,0,0,0,97,97,C
6-NA,55,101,0,1,0,102,A
6-NA,56,0,0,0,105,105,C
6-NA,57,104,0,0,0,104,A
6-NA,58,109,0,0,0,109,A
6-NA,59,0,108,0,0,108,T
6-NA,60,113,0,0,0,113,A
6-NA,61,0,112,0,0,112,T
6-NA,62,0,0,113,0,113,G
6-NA,63,0,0,0,113,113,C
6-NA,64,0,114,0,0,114,T
6-NA,65,0,115,0,0,115,T
6-NA,66,0,0,0,115,115,C
6-NA,67,0,116,0,0,116,T
6-NA,68,0,116,0,0,116,T
6-NA,69,0,0,0,116,116,C
6-NA,70,117,0,0,0,117,A
6-NA,71,0,118,0,0,118,T
6-NA,72,1,0,117,0,118,G
6-NA,73,0,0,0,120,120,C
6-NA,74,120,0,0,0,120,A
6-NA,75,120,0,0,0,120,A
6-NA,76,120,0,0,0,120,A
6-NA,77,0,122,0,0,122,T
6-NA,78,0,122,0,0,122,T
6-NA,79,0,0,122,0,122,G
6-NA,80,0,0,0,123,123,C
6-NA,81,0,0,0,123,123,C
6-NA,82,122,0,1,0,123,A
6-NA,83,0,123,0,0,123,T
6-NA,84,0,0,0,130,130,C
6-NA,85,0,129,0,2,131,T
6-NA,86,0,129,0,0,129,T
6-NA,87,0,1,133,0,134,G
6-NA,88,133,0,0,0,133,A
6-NA,89,0,135,0,0,135,T
6-NA,90,134,0,0,0,134,A
6-NA,91,135,0,0,0,135,A
6-NA,92,0,0,0,164,164,C
6-NA,93,0,165,0,0,165,T
6-NA,94,172,0,1,0,173,A
6-NA,95,0,0,0,180,180,C
6-NA,96,0,179,0,0,179,T
6-NA,97,0,0,180,0,180,G
6-NA,98,0,181,0,0,181,T
6-NA,99,181,0,0,0,181,A
6-NA,100,184,0,0,0,184,A
6-NA,101,0,0,0,180,180,C
6-NA,102,181,0,0,0,181,A
6-NA,103,0,179,0,1,180,T
6-NA,104,0,177,0,0,177,T
6-NA,105,0,0,179,0,179,G
6-NA,106,0,0,0,179,179,C
6-NA,107,184,0,0,0,184,A
6-NA,108,0,184,0,0,184,T
6-NA,109,0,184,0,0,184,T
6-NA,110,0,184,0,0,184,T
6-NA,111,0,0,0,182,182,C
6-NA,112,183,0,0,0,183,A
6-NA,113,183,0,0,0,183,A
6-NA,114,0,0,184,0,184,G
6-NA,115,0,0,0,184,184,C
6-NA,116,185,0,0,0,185,A
6-NA,117,192,0,0,0,192,A
6-NA,118,0,194,0,0,194,T
6-NA,119,194,0,0,0,194,A
6-NA,120,0,194,0,0,194,T
6-NA,121,0,1,196,0,197,G
6-NA,122,197,0,0,0,197,A
6-NA,123,201,0,0,0,201,A
6-NA,124,0,203,0,0,203,T
6-NA,125,0,203,0,0,203,T
6-NA,126,0,0,0,203,203,C
6-NA,127,203,0,0,0,203,A
6-NA,128,203,0,0,0,203,A
6-NA,129,0,0,0,202,202,C
6-NA,130,0,201,0,0,201,T
6-NA,131,0,0,0,200,200,C
6-NA,132,0,0,0,200,200,C
6-NA,133,0,0,0,205,205,C
6-NA,134,0,0,0,205,205,C
6-NA,135,0,0,0,206,206,C
6-NA,136,0,0,0,206,206,C
6-NA,137,1,0,0,205,206,C
6-NA,138,205,0,0,0,205,A
6-NA,139,206,0,0,0,206,A
6-NA,140,206,0,1,0,207,A
6-NA,141,0,0,0,208,208,C
6-NA,142,205,0,0,0,205,A
6-NA,143,208,0,1,0,209,A
6-NA,144,1,0,0,209,210,C
6-NA,145,0,0,0,210,210,C
6-NA,146,217,0,1,0,218,A
6-NA,147,218,0,0,0,218,A
6-NA,148,0,0,225,0,225,G
6-NA,149,0,225,0,0,225,T
6-NA,150,0,2,225,0,227,G
6-NA,151,230,1,0,0,231,A
6-NA,152,0,228,0,0,228,T
6-NA,153,0,0,227,0,227,G
6-NA,154,0,0,0,230,230,C
6-NA,155,0,230,0,0,230,T
6-NA,156,0,0,252,0,252,G
6-NA,157,0,251,0,0,251,T
6-NA,158,0,0,253,0,253,G
6-NA,159,0,254,0,0,254,T
6-NA,160,1,2,249,0,252,G
6-NA,161,254,0,0,0,254,A
6-NA,162,256,0,0,0,256,A
6-NA,163,0,0,0,256,256,C
6-NA,164,1,0,0,253,254,C
6-NA,165,246,0,0,0,246,A
6-NA,166,249,0,0,0,249,A
6-NA,167,0,0,0,255,255,C
6-NA,168,255,0,0,0,255,A
6-NA,169,255,0,0,0,255,A
6-NA,170,0,254,0,0,254,T
6-NA,171,254,0,0,0,254,A
6-NA,172,256,0,0,0,256,A
6-NA,173,0,256,0,0,256,T
6-NA,174,256,0,0,0,256,A
6-NA,175,0,0,256,1,257,G
6-NA,176,250,0,0,0,250,A
6-NA,177,251,0,0,0,251,A
6-NA,178,250,1,1,0,252,A
6-NA,179,0,1,251,0,252,G
6-NA,180,252,0,0,0,252,A
6-NA,181,254,0,0,0,254,A
6-NA,182,265,0,0,0,265,A
6-NA,183,0,0,0,265,265,C
6-NA,184,265,0,0,0,265,A
6-NA,185,0,274,0,0,274,T
6-NA,186,275,0,0,0,275,A
6-NA,187,278,0,0,0,278,A
6-NA,188,0,0,0,283,283,C
6-NA,189,280,0,0,0,280,A
6-NA,190,0,0,297,0,297,G
6-NA,191,294,0,0,0,294,A
6-NA,192,0,2,295,0,297,G
6-NA,193,297,0,0,0,297,A
6-NA,194,0,315,0,0,315,T
6-NA,195,316,0,0,0,316,A
6-NA,196,0,0,324,0,324,G
6-NA,197,0,319,0,0,319,T
6-NA,198,0,1,331,0,332,G
6-NA,199,0,329,0,0,329,T
6-NA,200,330,0,0,0,330,A
6-NA,201,0,332,0,0,332,T
6-NA,202,0,0,0,334,334,C
6-NA,203,0,333,0,0,333,T
6-NA,204,0,4,341,0,345,G
6-NA,205,342,0,0,0,342,A
6-NA,206,0,0,0,340,340,C
6-NA,207,1,0,0,345,346,C
6-NA,208,342,0,0,0,342,A
6-NA,209,348,0,1,0,349,A
6-NA,210,0,0,0,360,360,C
6-NA,211,361,0,0,0,361,A
6-NA,212,0,0,0,371,371,C
6-NA,213,0,0,0,370,370,C
6-NA,214,379,0,0,0,379,A
6-NA,215,1,0,0,398,399,C
6-NA,216,2,1,0,397,400,C
6-NA,217,403,0,0,0,403,A
6-NA,218,0,400,0,1,401,T
6-NA,219,395,0,1,0,396,A
6-NA,220,0,1,396,0,397,G
6-NA,221,390,0,0,0,390,A
6-NA,222,0,0,398,0,398,G
6-NA,223,393,0,0,0,393,A
6-NA,224,389,0,0,0,389,A
6-NA,225,0,0,391,0,391,G
6-NA,226,0,0,393,0,393,G
6-NA,227,390,0,0,0,390,A
6-NA,228,391,0,0,0,391,A
6-NA,229,395,0,0,0,395,A
6-NA,230,0,395,0,0,395,T
6-NA,231,394,0,0,0,394,A
6-NA,232,0,395,0,0,395,T
6-NA,233,0,1,392,0,393,G
6-NA,234,1,0,0,392,393,C
6-NA,235,0,0,0,387,387,C
6-NA,236,4,1,0,385,390,C
6-NA,237,0,1,0,389,390,C
6-NA,238,389,0,0,0,389,A
6-NA,239,395,0,0,0,395,A
6-NA,240,392,0,0,0,392,A
6-NA,241,0,0,0,397,397,C
6-NA,242,0,397,0,0,397,T
6-NA,243,393,0,0,0,393,A
6-NA,244,0,0,394,0,394,G
6-NA,245,0,0,0,393,393,C
6-NA,246,395,0,0,0,395,A
6-NA,247,0,1,401,0,402,G
6-NA,248,397,0,0,0,397,A
6-NA,249,410,0,1,0,411,A
6-NA,250,0,411,0,0,411,T
6-NA,251,411,0,0,0,411,A
6-NA,252,0,0,0,412,412,C
6-NA,253,411,0,0,0,411,A
6-NA,254,0,0,412,0,412,G
6-NA,255,412,0,0,0,412,A
6-NA,256,408,0,0,1,409,A
6-NA,257,409,0,0,0,409,A
6-NA,258,0,395,0,0,395,T
6-NA,259,0,392,0,0,392,T
6-NA,260,0,0,397,0,397,G
6-NA,261,0,0,396,0,396,G
6-NA,262,0,394,1,0,395,T
6-NA,263,5,0,0,389,394,C
6-NA,264,395,0,0,1,396,A
6-NA,265,400,0,0,0,400,A
6-NA,266,399,0,0,0,399,A
6-NA,267,0,0,401,0,401,G
6-NA,268,0,0,1,398,399,C
6-NA,269,0,0,0,399,399,C
6-NA,270,1,0,397,0,398,G
6-NA,271,0,0,0,401,401,C
6-NA,272,398,0,1,0,399,A
6-NA,273,404,1,0,0,405,A
6-NA,274,0,405,0,0,405,T
6-NA,275,0,0,409,0,409,G
6-NA,276,0,406,0,0,406,T
6-NA,277,0,5,404,1,410,G
6-NA,278,415,1,1,0,417,A
6-NA,279,0,0,0,421,421,C
6-NA,280,434,1,0,0,435,A
6-NA,281,0,439,0,0,439,T
6-NA,282,0,437,0,0,437,T
6-NA,283,439,0,0,0,439,A
6-NA,284,0,0,0,439,439,C
6-NA,285,435,0,0,0,435,A
6-NA,286,0,1,434,0,435,G
6-NA,287,0,0,430,0,430,G
6-NA,288,0,1,422,0,423,G
6-NA,289,0,431,0,0,431,T
6-NA,290,1,433,0,0,434,T
6-NA,291,0,434,0,0,434,T
6-NA,292,0,0,436,0,436,G
6-NA,293,0,0,0,434,434,C
6-NA,294,434,0,0,0,434,A
6-NA,295,1,0,0,434,435,C
6-NA,296,1,0,0,425,426,C
6-NA,297,0,427,0,0,427,T
6-NA,298,0,425,0,0,425,T
6-NA,299,0,427,0,0,427,T
6-NA,300,0,426,0,0,426,T
6-NA,301,0,432,0,0,432,T
6-NA,302,0,0,0,433,433,C
6-NA,303,0,432,0,0,432,T
6-NA,304,429,0,0,0,429,A
6-NA,305,429,0,1,0,430,A
6-NA,306,0,2,431,0,433,G
6-NA,307,0,1,432,0,433,G
6-NA,308,431,0,0,0,431,A
6-NA,309,0,0,0,433,433,C
6-NA,310,431,0,0,0,431,A
6-NA,311,430,0,1,0,431,A
6-NA,312,0,432,0,0,432,T
6-NA,313,0,430,0,0,430,T
6-NA,314,1,0,0,438,439,C
6-NA,315,0,1,437,0,438,G
6-NA,316,440,0,0,0,440,A
6-NA,317,1,436,0,0,437,T
6-NA,318,0,437,0,0,437,T
6-NA,319,435,0,0,0,435,A
6-NA,320,0,0,443,0,443,G
6-NA,321,0,0,441,0,441,G
6-NA,322,0,0,0,442,442,C
6-NA,323,0,438,0,0,438,T
6-NA,324,0,439,0,0,439,T
6-NA,325,0,441,0,0,441,T
6-NA,326,1,0,0,443,444,C
6-NA,327,1,0,0,443,444,C
6-NA,328,0,0,445,0,445,G
6-NA,329,0,0,0,446,446,C
6-NA,330,0,445,0,0,445,T
6-NA,331,0,1,456,0,457,G
6-NA,332,0,0,457,0,457,G
6-NA,333,0,457,0,0,457,T
6-NA,334,0,0,457,0,457,G
6-NA,335,0,0,452,0,452,G
6-NA,336,0,0,457,0,457,G
6-NA,337,0,1,456,0,457,G
6-NA,338,456,0,0,0,456,A
6-NA,339,0,0,0,464,464,C
6-NA,340,456,0,0,0,456,A
6-NA,341,0,454,0,0,454,T
6-NA,342,0,0,0,457,457,C
6-NA,343,1,453,0,0,454,T
6-NA,344,0,0,458,0,458,G
6-NA,345,0,0,455,0,455,G
6-NA,346,0,0,458,0,458,G
6-NA,347,0,457,0,0,457,T
6-NA,348,0,7,442,1,450,G
6-NA,349,452,0,0,0,452,A
6-NA,350,0,0,0,457,457,C
6-NA,351,456,0,1,0,457,A
6-NA,352,467,0,0,0,467,A
6-NA,353,0,0,465,0,465,G
6-NA,354,464,0,0,0,464,A
6-NA,355,1,3,476,0,480,G
6-NA,356,488,0,0,0,488,A
6-NA,357,507,0,0,1,508,A
6-NA,358,0,0,0,568,568,C
6-NA,359,0,0,0,591,591,C
6-NA,360,0,590,0,0,590,T
6-NA,361,0,595,0,0,595,T
6-NA,362,596,0,0,0,596,A
6-NA,363,0,596,0,0,596,T
6-NA,364,0,0,624,0,624,G
6-NA,365,0,622,0,0,622,T
6-NA,366,1,0,645,0,646,G
6-NA,367,0,634,0,0,634,T
6-NA,368,4,0,0,624,628,C
6-NA,369,628,0,0,10,638,A
6-NA,370,0,639,0,0,639,T
6-NA,371,1,0,636,0,637,G
6-NA,372,0,0,0,639,639,C
6-NA,373,4,3,632,0,639,G
6-NA,374,707,0,0,0,707,A
6-NA,375,1,703,0,1,705,T
6-NA,376,1,0,0,712,713,C
6-NA,377,3,0,0,714,717,C
6-NA,378,0,729,0,0,729,T
6-NA,379,1,5,736,0,742,G
6-NA,380,739,0,1,0,740,A
6-NA,381,0,0,0,743,743,C
6-NA,382,742,0,0,0,742,A
6-NA,383,727,0,0,0,727,A
6-NA,384,0,0,754,0,754,G
6-NA,385,0,749,1,0,750,T
6-NA,386,1,0,763,0,764,G
6-NA,387,0,757,0,1,758,T
6-NA,388,0,759,0,0,759,T
6-NA,389,763,0,0,0,763,A
6-NA,390,0,761,0,0,761,T
6-NA,391,3,0,0,767,770,C
6-NA,392,765,0,0,0,765,A
6-NA,393,764,0,0,0,764,A
6-NA,394,0,760,0,0,760,T
6-NA,395,0,759,0,0,759,T
6-NA,396,0,751,0,0,751,T
6-NA,397,1,1,759,0,761,G
6-NA,398,0,0,0,799,799,C
6-NA,399,4,0,0,795,799,C
6-NA,400,1,0,0,800,801,C
6-NA,401,0,794,0,2,796,T
6-NA,402,0,802,0,0,802,T
6-NA,403,0,4,804,0,808,G
6-NA,404,0,1,808,0,809,G
6-NA,405,813,0,0,0,813,A
6-NA,406,0,1,0,813,814,C
6-NA,407,791,0,0,0,791,A
6-NA,408,0,3,810,0,813,G
6-NA,409,0,1,808,0,809,G
6-NA,410,0,3,830,0,833,G
6-NA,411,836,1,1,0,838,A
6-NA,412,835,0,1,0,836,A
6-NA,413,1,0,0,835,836,C
6-NA,414,833,0,0,0,833,A
6-NA,415,913,0,2,0,915,A
6-NA,416,0,0,0,918,918,C
6-NA,417,917,0,0,0,917,A
6-NA,418,0,1,0,921,922,C
6-NA,419,0,909,0,0,909,T
6-NA,420,918,0,1,0,919,A
6-NA,421,920,0,0,0,920,A
6-NA,422,925,0,1,0,926,A
6-NA,423,0,0,0,930,930,C
6-NA,424,875,0,0,0,875,A
6-NA,425,881,1,0,0,882,A
6-NA,426,0,0,0,882,882,C
6-NA,427,0,0,884,0,884,G
6-NA,428,0,882,0,1,883,T
6-NA,429,876,0,0,0,876,A
6-NA,430,0,0,0,892,892,C
6-NA,431,893,0,0,0,893,A
6-NA,432,0,897,0,0,897,T
6-NA,433,1,895,0,0,896,T
6-NA,434,4,0,0,921,925,C
6-NA,435,951,0,0,0,951,A
6-NA,436,961,1,0,0,962,A
6-NA,437,962,0,0,0,962,A
6-NA,438,1,961,0,0,962,T
6-NA,439,953,0,1,0,954,A
6-NA,440,980,0,1,0,981,A
6-NA,441,1,0,0,985,986,C
6-NA,442,988,0,0,0,988,A
6-NA,443,0,0,0,1002,1002,C
6-NA,444,975,0,1,0,976,A
6-NA,445,1,0,1117,0,1118,G
6-NA,446,0,1117,0,2,1119,T
6-NA,447,1142,0,0,0,1142,A
6-NA,448,1,1,0,1146,1148,C
6-NA,449,0,0,1149,0,1149,G
6-NA,450,0,1191,0,2,1193,T
6-NA,451,0,2,1188,0,1190,G
6-NA,452,1193,0,1,0,1194,A
6-NA,453,0,1200,0,0,1200,T
6-NA,454,1118,0,0,0,1118,A
6-NA,455,1,2,1116,0,1119,G
6-NA,456,0,1,1107,0,1108,G
6-NA,457,1109,1,0,0,1110,A
6-NA,458,0,0,0,1130,1130,C
6-NA,459,4,1,0,1107,1112,C
6-NA,460,2,0,0,1122,1124,C
6-NA,461,1,0,0,1123,1124,C
6-NA,462,0,1130,0,0,1130,T
6-NA,463,0,1142,0,0,1142,T
6-NA,464,1146,0,0,0,1146,A
6-NA,465,1,1148,0,0,1149,T
6-NA,466,1,0,0,1148,1149,C
6-NA,467,2,0,1139,0,1141,G
6-NA,468,0,6,1137,0,1143,G
6-NA,469,1148,0,1,0,1149,A
6-NA,470,0,0,0,1158,1158,C
6-NA,471,2,0,0,1149,1151,C
6-NA,472,3,0,0,1193,1196,C
6-NA,473,0,1191,1,1,1193,T
6-NA,474,1218,1,0,0,1219,A
6-NA,475,0,1218,0,0,1218,T
6-NA,476,0,1216,0,1,1217,T
6-NA,477,0,1,1219,0,1220,G
6-NA,478,1215,1,0,1,1217,A
6-NA,479,0,1213,0,0,1213,T
6-NA,480,1,3,1210,0,1214,G
6-NA,481,1177,0,0,1,1178,A
6-NA,482,1177,0,1,1,1179,A
6-NA,483,0,1174,0,0,1174,T
6-NA,484,0,5,1184,0,1189,G
6-NA,485,1203,0,0,0,1203,A
6-NA,486,0,0,1212,0,1212,G
6-NA,487,1,1201,0,1,1203,T
6-NA,488,0,1202,0,0,1202,T
6-NA,489,1210,0,0,0,1210,A
6-NA,490,0,2,1210,0,1212,G
6-NA,491,0,2,1211,0,1213,G
6-NA,492,1,1205,0,1,1207,T
6-NA,493,0,0,1196,0,1196,G
6-NA,494,0,1184,0,1,1185,T
6-NA,495,0,1183,0,1,1184,T
6-NA,496,4,0,0,1189,1193,C
6-NA,497,2,0,0,1195,1197,C
6-NA,498,0,1198,0,0,1198,T
6-NA,499,0,1196,0,0,1196,T
6-NA,500,0,1202,0,1,1203,T
6-NA,501,0,1199,0,0,1199,T
6-NA,502,2,0,0,1205,1207,C
6-NA,503,1201,0,0,0,1201,A
6-NA,504,0,1231,0,0,1231,T
6-NA,505,0,0,0,1228,1228,C
6-NA,506,0,1219,1,1,1221,T
6-NA,507,2,2,1222,0,1226,G
6-NA,508,1,7,1211,0,1219,G
6-NA,509,0,1,1222,0,1223,G
6-NA,510,0,1,1229,0,1230,G
6-NA,511,1235,0,1,0,1236,A
6-NA,512,0,0,0,1246,1246,C
6-NA,513,0,0,0,1230,1230,C
6-NA,514,1242,0,0,0,1242,A
6-NA,515,1244,0,1,0,1245,A
6-NA,516,0,0,1248,0,1248,G
6-NA,517,1,1,0,1252,1254,C
6-NA,518,1247,0,1,0,1248,A
6-NA,519,1284,0,1,0,1285,A
6-NA,520,0,0,1289,0,1289,G
6-NA,521,0,1278,0,2,1280,T
6-NA,522,1,0,1319,0,1320,G
6-NA,523,0,1306,0,1,1307,T
6-NA,524,2,0,1350,0,1352,G
6-NA,525,0,0,0,1355,1355,C
6-NA,526,1352,0,0,0,1352,A
6-NA,527,0,1358,0,0,1358,T
6-NA,528,1346,0,0,0,1346,A
6-NA,529,0,1,1376,0,1377,G
6-NA,530,0,1,0,1372,1373,C
6-NA,531,1338,1,0,0,1339,A
6-NA,532,0,1337,0,0,1337,T
6-NA,533,0,1,1293,0,1294,G
6-NA,534,0,0,1477,0,1477,G
6-NA,535,0,1476,0,0,1476,T
6-NA,536,7,0,0,1462,1469,C
6-NA,537,2,0,0,1496,1498,C
6-NA,538,1519,0,1,0,1520,A
6-NA,539,0,0,1656,0,1656,G
6-NA,540,0,1,0,1669,1670,C
6-NA,541,0,1664,0,2,1666,T
6-NA,542,5,0,0,1672,1677,C
6-NA,543,1651,0,0,0,1651,A
6-NA,544,1710,0,0,0,1710,A
6-NA,545,0,0,1724,0,1724,G
6-NA,546,0,1723,0,0,1723,T
6-NA,547,0,1715,0,1,1716,T
6-NA,548,1,0,1716,0,1717,G
6-NA,549,0,1718,0,0,1718,T
6-NA,550,6,0,1,1710,1717,C
6-NA,551,1714,0,0,0,1714,A
6-NA,552,0,2,1,1755,1758,C
6-NA,553,0,3,1743,0,1746,G
6-NA,554,1804,1,0,0,1805,A
6-NA,555,0,1818,1,0,1819,T
6-NA,556,0,6,1866,0,1872,G
6-NA,557,0,4,1884,0,1888,G
6-NA,558,1884,1,2,0,1887,A
6-NA,559,1890,0,2,0,1892,A
6-NA,560,1931,0,1,0,1932,A
6-NA,561,1928,0,4,0,1932,A
6-NA,562,1,1,1971,0,1973,G
6-NA,563,2,1,0,1965,1968,C
6-NA,564,1964,0,4,0,1968,A
6-NA,565,0,1971,0,0,1971,T
6-NA,566,0,3,2015,0,2018,G
6-NA,567,0,0,2047,0,2047,G
6-NA,568,0,0,0,2083,2083,C
6-NA,569,0,2080,0,1,2081,T
6-NA,570,0,1,2099,0,2100,G
6-NA,571,0,1,0,2093,2094,C
6-NA,572,2109,0,0,0,2109,A
6-NA,573,0,2252,0,1,2253,T
6-NA,574,2,0,2268,0,2270,G
6-NA,575,1,2317,0,1,2319,T
6-NA,576,0,2413,0,2,2415,T
6-NA,577,0,2426,0,2,2428,T
6-NA,578,2,0,2655,0,2657,G
6-NA,579,0,2654,0,2,2656,T
6-NA,580,2658,1,2,0,2661,A
6-NA,581,0,2668,0,1,2669,T
6-NA,582,2647,0,1,0,2648,A
6-NA,583,2664,0,2,1,2667,A
6-NA,584,1,1,0,2648,2650,C
6-NA,585,1,3,2637,0,2641,G
6-NA,586,0,5,2645,0,2650,G
6-NA,587,0,3,2607,0,2610,G
6-NA,588,0,6,2617,0,2623,G
6-NA,589,0,5,2628,0,2633,G
6-NA,590,2616,2,2,0,2620,A
6-NA,591,0,2635,0,1,2636,T
6-NA,592,1,8,2648,0,2657,G
6-NA,593,2668,1,8,0,2677,A
6-NA,594,0,2692,0,0,2692,T
6-NA,595,2681,0,1,0,2682,A
6-NA,596,2757,0,2,0,2759,A
6-NA,597,2775,0,0,1,2776,A
6-NA,598,2786,1,1,0,2788,A
6-NA,599,2802,0,0,0,2802,A
6-NA,600,0,2798,0,0,2798,T
6-NA,601,0,2,2792,0,2794,G
6-NA,602,2,1,0,2789,2792,C
6-NA,603,2791,1,2,0,2794,A
6-NA,604,2810,0,0,0,2810,A
6-NA,605,0,0,0,2841,2841,C
6-NA,606,0,2844,0,0,2844,T
6-NA,607,0,0,2850,0,2850,G
6-NA,608,0,0,0,2847,2847,C
6-NA,609,4,2854,0,1,2859,T
6-NA,610,2854,0,3,0,2857,A
6-NA,611,0,0,2872,0,2872,G
6-NA,612,0,1,0,2928,2929,C
6-NA,613,1,2931,0,4,2936,T
6-NA,614,0,2920,0,1,2921,T
6-NA,615,13,1,0,2966,2980,C
6-NA,616,3012,0,0,0,3012,A
6-NA,617,0,3014,0,0,3014,T
6-NA,618,1,3024,1,0,3026,T
6-NA,619,0,3041,0,1,3042,T
6-NA,620,3059,2,1,0,3062,A
6-NA,621,0,0,0,3098,3098,C
6-NA,622,3083,0,1,0,3084,A
6-NA,623,3119,0,2,1,3122,A
6-NA,624,0,3108,0,1,3109,T
6-NA,625,0,17,3087,0,3104,G
6-NA,626,0,6,3094,0,3100,G
6-NA,627,0,6,3096,1,3103,G
6-NA,628,3090,0,5,0,3095,A
6-NA,629,1,1,3191,0,3193,G
6-NA,630,0,1,3248,0,3249,G
6-NA,631,1,0,0,3555,3556,C
6-NA,632,0,3547,0,2,3549,T
6-NA,633,1,3612,0,1,3614,T
6-NA,634,0,0,3661,0,3661,G
6-NA,635,1,3652,0,1,3654,T
6-NA,636,3759,0,2,0,3761,A
6-NA,637,0,8,3774,0,3782,G
6-NA,638,3746,1,0,0,3747,A
6-NA,639,1,3753,0,1,3755,T
6-NA,640,3553,0,1,0,3554,A
6-NA,641,0,1,3560,0,3561,G
6-NA,642,0,3534,0,2,3536,T
6-NA,643,1,1,3478,0,3480,G
6-NA,644,0,3692,0,0,3692,T
6-NA,645,0,3692,0,3,3695,T
6-NA,646,1,0,3760,0,3761,G
6-NA,647,0,3751,0,1,3752,T
6-NA,648,0,3766,0,3,3769,T
6-NA,649,0,3775,1,2,3778,T
6-NA,650,20,0,1,3704,3725,C
6-NA,651,3722,0,5,0,3727,A
6-NA,652,1,3710,0,3,3714,T
6-NA,653,0,11,3708,0,3719,G
6-NA,654,3,0,3969,0,3972,G
6-NA,655,0,3950,1,4,3955,T
6-NA,656,19,0,0,3941,3960,C
6-NA,657,10,2,0,3936,3948,C
6-NA,658,3978,0,1,0,3979,A
6-NA,659,3997,0,2,0,3999,A
6-NA,660,3991,0,8,1,4000,A
6-NA,661,0,9,4027,0,4036,G
6-NA,662,4016,1,1,1,4019,A
6-NA,663,3925,0,2,0,3927,A
6-NA,664,3937,2,4,0,3943,A
6-NA,665,1,3937,0,0,3938,T
6-NA,666,11,0,0,4034,4045,C
6-NA,667,7,0,0,4040,4047,C
6-NA,668,0,4033,0,1,4034,T
6-NA,669,7,1,0,4032,4040,C
6-NA,670,4036,1,5,0,4042,A
6-NA,671,1,8,4070,0,4079,G
6-NA,672,1,13,4075,1,4090,G
6-NA,673,4200,0,2,0,4202,A
6-NA,674,2,0,0,4203,4205,C
6-NA,675,3,2,0,4136,4141,C
6-NA,676,6,3,0,4146,4155,C
6-NA,677,4153,0,4,0,4157,A
6-NA,678,3,6,4163,1,4173,G
6-NA,679,0,9,4173,0,4182,G
6-NA,680,4167,1,8,0,4176,A
6-NA,681,0,2,4229,0,4231,G
6-NA,682,1,4178,0,3,4182,T
6-NA,683,20,1,0,4168,4189,C
6-NA,684,4178,0,5,0,4183,A
6-NA,685,0,7,4205,1,4213,G
6-NA,686,4202,0,2,0,4204,A
6-NA,687,4212,0,1,0,4213,A
6-NA,688,1,4200,0,1,4202,T
6-NA,689,3,3,4222,0,4228,G
6-NA,690,4,3,0,4220,4227,C
6-NA,691,2,2,4258,0,4262,G
6-NA,692,0,4244,0,1,4245,T
6-NA,693,0,4253,0,2,4255,T
6-NA,694,0,4233,0,3,4236,T
6-NA,695,0,0,4273,0,4273,G
6-NA,696,2,4281,0,2,4285,T
6-NA,697,4290,0,1,0,4291,A
6-NA,698,3,4282,0,1,4286,T
6-NA,699,15,0,0,4288,4303,C
6-NA,700,4303,3,1,0,4307,A
6-NA,701,4311,1,2,1,4315,A
6-NA,702,0,4314,0,1,4315,T
6-NA,703,1,5,4307,0,4313,G
6-NA,704,0,17,4306,0,4323,G
6-NA,705,4415,0,9,0,4424,A
6-NA,706,4419,1,6,0,4426,A
6-NA,707,1,1,0,4483,4485,C
6-NA,708,1,4521,1,5,4528,T
6-NA,709,0,4520,0,3,4523,T
6-NA,710,3,0,4688,0,4691,G
6-NA,711,0,4691,0,0,4691,T
6-NA,712,4682,2,2,0,4686,A
6-NA,713,2,1,0,4768,4771,C
6-NA,714,4676,0,3,0,4679,A
6-NA,715,0,0,5052,0,5052,G
6-NA,716,1,5029,0,4,5034,T
6-NA,717,5245,1,2,0,5248,A
6-NA,718,2,1,5266,0,5269,G
6-NA,719,1,5180,1,1,5183,T
6-NA,720,5169,0,1,0,5170,A
6-NA,721,5171,1,0,1,5173,A
6-NA,722,0,5196,0,3,5199,T
6-NA,723,1,38,5191,0,5230,G
6-NA,724,5150,0,2,0,5152,A
6-NA,725,0,1,1,5200,5202,C
6-NA,726,1,5095,0,1,5097,T
6-NA,727,2,9,5123,0,5134,G
6-NA,728,5127,0,1,0,5128,A
6-NA,729,3,5146,0,5,5154,T
6-NA,730,3,14,5139,0,5156,G
6-NA,731,2,7,5115,0,5124,G
6-NA,732,3,21,5135,0,5159,G
6-NA,733,5085,2,7,0,5094,A
6-NA,734,0,1,5105,0,5106,G
6-NA,735,2,5072,0,4,5078,T
6-NA,736,2,0,5110,0,5112,G
6-NA,737,3,1,1,5145,5150,C
6-NA,738,3,5137,0,3,5143,T
6-NA,739,0,5139,0,2,5141,T
6-NA,740,10,1,0,5134,5145,C
6-NA,741,5148,0,4,1,5153,A
6-NA,742,0,5,5181,0,5186,G
6-NA,743,1,7,5179,0,5187,G
6-NA,744,5166,2,3,1,5172,A
6-NA,745,5133,0,0,0,5133,A
6-NA,746,5076,2,2,1,5081,A
6-NA,747,5107,0,3,1,5111,A
6-NA,748,1,1,5144,0,5146,G
6-NA,749,0,0,0,5147,5147,C
6-NA,750,0,5122,0,2,5124,T
6-NA,751,3,14,5110,0,5127,G
6-NA,752,5125,0,2,0,5127,A
6-NA,753,1,5185,0,2,5188,T
6-NA,754,5210,3,1,1,5215,A
6-NA,755,0,1,0,5467,5468,C
6-NA,756,1,5434,0,3,5438,T
6-NA,757,5456,0,3,0,5459,A
6-NA,758,5459,1,1,0,5461,A
6-NA,759,5450,0,3,1,5454,A
6-NA,760,5605,1,0,0,5606,A
6-NA,761,0,5613,0,1,5614,T
6-NA,762,5612,0,1,0,5613,A
6-NA,763,0,0,0,5646,5646,C
6-NA,764,0,5443,0,0,5443,T
6-NA,765,5517,1,1,0,5519,A
6-NA,766,0,5486,0,2,5488,T
6-NA,767,0,5762,0,4,5766,T
6-NA,768,28,0,0,5761,5789,C
6-NA,769,5689,0,2,0,5691,A
6-NA,770,2,5692,0,3,5697,T
6-NA,771,0,5680,0,3,5683,T
6-NA,772,0,17,5696,0,5713,G
6-NA,773,5673,2,5,0,5680,A
6-NA,774,5,2,5664,0,5671,G
6-NA,775,0,15,5648,1,5664,G
6-NA,776,5465,0,6,1,5472,A
6-NA,777,2,7,5565,0,5574,G
6-NA,778,1,9,5566,0,5576,G
6-NA,779,2,16,5560,0,5578,G
6-NA,780,2,18,5570,0,5590,G
6-NA,781,5558,0,6,0,5564,A
6-NA,782,5565,1,1,0,5567,A
6-NA,783,5554,0,1,0,5555,A
6-NA,784,5548,1,2,0,5551,A
6-NA,785,0,5559,0,1,5560,T
6-NA,786,26,2,1,5512,5541,C
6-NA,787,3,1,5598,0,5602,G
6-NA,788,0,5589,0,4,5593,T
6-NA,789,1,5577,0,3,5581,T
6-NA,790,23,1,0,5567,5591,C
6-NA,791,5584,0,2,1,5587,A
6-NA,792,1,6005,0,0,6006,T
6-NA,793,6004,0,0,0,6004,A
6-NA,794,1,0,0,6038,6039,C
6-NA,795,0,6008,0,4,6012,T
6-NA,796,6020,0,4,0,6024,A
6-NA,797,1,5,6010,1,6017,G
6-NA,798,1,1,0,6018,6020,C
6-NA,799,6018,1,2,0,6021,A
6-NA,800,0,1,0,6040,6041,C
6-NA,801,5807,1,2,1,5811,A
6-NA,802,0,5910,0,2,5912,T
6-NA,803,0,5886,0,1,5887,T
6-NA,804,5,3,6296,0,6304,G
6-NA,805,2,6263,0,5,6270,T
6-NA,806,25,1,0,6248,6274,C
6-NA,807,6264,2,4,0,6270,A
6-NA,808,1,9,6283,0,6293,G
6-NA,809,14,9,6266,0,6289,G
6-NA,810,6284,0,1,1,6286,A
6-NA,811,6193,0,1,2,6196,A
6-NA,812,1,0,6282,0,6283,G
6-NA,813,0,5987,0,0,5987,T
6-NA,814,1,1,6023,0,6025,G
6-NA,815,1,2,1,6012,6016,C
6-NA,816,1,6014,0,2,6017,T
6-NA,817,16,2,0,6016,6034,C
6-NA,818,6014,0,2,0,6016,A
6-NA,819,2,1,6066,0,6069,G
6-NA,820,3,0,5,6063,6071,C
6-NA,821,6067,0,2,0,6069,A
6-NA,822,0,6059,0,3,6062,T
6-NA,823,8,1,6256,0,6265,G
6-NA,824,0,6268,1,1,6270,T
6-NA,825,23,1,0,6241,6265,C
6-NA,826,5,6,6254,0,6265,G
6-NA,827,6250,1,2,0,6253,A
6-NA,828,0,9,6225,0,6234,G
6-NA,829,0,18,6225,1,6244,G
6-NA,830,6186,1,4,0,6191,A
6-NA,831,0,2,6285,0,6287,G
6-NA,832,2,6104,0,4,6110,T
6-NA,833,2,1,6134,0,6137,G
6-NA,834,53,0,0,6177,6230,C
6-NA,835,0,6220,1,7,6228,T
6-NA,836,26,1,1,6217,6245,C
6-NA,837,4,2,0,6265,6271,C
6-NA,838,0,6262,0,1,6263,T
6-NA,839,2,2,6284,0,6288,G
6-NA,840,1,4,0,6220,6225,C
6-NA,841,0,6187,1,7,6195,T
6-NA,842,6257,1,3,0,6261,A
6-NA,843,1,6164,0,4,6169,T
6-NA,844,2,4,0,6219,6225,C
6-NA,845,20,2,0,6191,6213,C
6-NA,846,1,6203,0,3,6207,T
6-NA,847,13,3,1,6241,6258,C
6-NA,848,1,8,6236,1,6246,G
6-NA,849,6313,2,1,0,6316,A
6-NA,850,1,6307,0,4,6312,T
6-NA,851,6330,0,1,0,6331,A
6-NA,852,1,6334,0,1,6336,T
6-NA,853,9,1,4,6317,6331,C
6-NA,854,7,2,2,6313,6324,C
6-NA,855,2,6285,0,2,6289,T
6-NA,856,2,9,6309,1,6321,G
6-NA,857,0,0,6337,1,6338,G
6-NA,858,1,6405,0,4,6410,T
6-NA,859,1,0,6424,0,6425,G
6-NA,860,0,6384,0,6,6390,T
6-NA,861,36,4,0,6342,6382,C
6-NA,862,6393,0,3,0,6396,A
6-NA,863,1,6,6399,0,6406,G
6-NA,864,6404,1,2,0,6407,A
6-NA,865,0,6355,0,5,6360,T
6-NA,866,0,1,6368,0,6369,G
6-NA,867,0,6293,0,0,6293,T
6-NA,868,0,2,6309,1,6312,G
6-NA,869,1,6294,0,2,6297,T
6-NA,870,26,1,0,6298,6325,C
6-NA,871,3,6300,1,3,6307,T
6-NA,872,4,3,6306,0,6313,G
6-NA,873,2,2,0,6300,6304,C
6-NA,874,6302,0,5,1,6308,A
6-NA,875,1,7,6305,0,6313,G
6-NA,876,6202,2,4,0,6208,A
6-NA,877,0,13,6219,2,6234,G
6-NA,878,6222,0,3,1,6226,A
6-NA,879,1,1,0,6264,6266,C
6-NA,880,6260,2,2,0,6264,A
6-NA,881,6307,1,3,0,6311,A
6-NA,882,2,2,0,6342,6346,C
6-NA,883,1,6338,0,1,6340,T
6-NA,884,0,7,6352,0,6359,G
6-NA,885,0,10,6334,0,6344,G
6-NA,886,6312,1,6,0,6319,A
6-NA,887,6308,1,3,1,6313,A
6-NA,888,6191,0,4,0,6195,A
6-NA,889,0,12,6183,0,6195,G
6-NA,890,0,15,6101,1,6117,G
6-NA,891,6044,0,5,0,6049,A
6-NA,892,2,6200,0,4,6206,T
6-NA,893,14,0,0,6228,6242,C
6-NA,894,13,3,1,6375,6392,C
6-NA,895,6401,1,0,0,6402,A
6-NA,896,6395,0,0,1,6396,A
6-NA,897,0,6397,0,1,6398,T
6-NA,898,6241,0,2,0,6243,A
6-NA,899,1,6,6209,1,6217,G
6-NA,900,5,4,6224,0,6233,G
6-NA,901,4,1,0,6216,6221,C
6-NA,902,11,2,1,6186,6200,C
6-NA,903,16,3,0,6029,6048,C
6-NA,904,6111,1,1,0,6113,A
6-NA,905,1,6152,0,0,6153,T
6-NA,906,17,2,0,6149,6168,C
6-NA,907,4,1,6177,0,6182,G
6-NA,908,1,6166,0,2,6169,T
6-NA,909,6064,0,4,0,6068,A
6-NA,910,3,9,6178,0,6190,G
6-NA,911,6210,1,4,1,6216,A
6-NA,912,1,6240,0,0,6241,T
6-NA,913,6122,0,1,0,6123,A
6-NA,914,0,6078,0,0,6078,T
6-NA,915,6078,0,3,0,6081,A
6-NA,916,6072,2,1,0,6075,A
6-NA,917,6209,0,6,0,6215,A
6-NA,918,0,1,0,6313,6314,C
6-NA,919,6164,1,1,0,6166,A
6-NA,920,0,6164,0,2,6166,T
6-NA,921,6106,0,2,0,6108,A
6-NA,922,6102,2,3,0,6107,A
6-NA,923,6106,0,4,0,6110,A
6-NA,924,0,13,6164,0,6177,G
6-NA,925,1,18,6251,0,6270,G
6-NA,926,6101,2,3,0,6106,A
6-NA,927,0,6143,0,3,6146,T
6-NA,928,19,0,0,6132,6151,C
6-NA,929,6184,0,5,1,6190,A
6-NA,930,1,6181,1,19,6202,T
6-NA,931,6176,1,3,0,6180,A
6-NA,932,2,0,6232,0,6234,G
6-NA,933,1,1,0,6172,6174,C
6-NA,934,6023,1,1,0,6025,A
6-NA,935,1,5819,1,2,5823,T
6-NA,936,1,5847,0,3,5851,T
6-NA,937,2,3,5829,1,5835,G
6-NA,938,2,5835,0,3,5840,T
6-NA,939,28,1,0,5737,5766,C
6-NA,940,0,6221,0,7,6228,T
6-NA,941,14,2,1,6288,6305,C
6-NA,942,7,1,0,6320,6328,C
6-NA,943,6425,1,1,0,6427,A
6-NA,944,2,1,6510,1,6514,G
6-NA,945,2,6488,0,5,6495,T
6-NA,946,0,6216,0,7,6223,T
6-NA,947,6220,2,3,0,6225,A
6-NA,948,1,6077,0,3,6081,T
6-NA,949,1,3,6081,1,6086,G
6-NA,950,0,5998,0,3,6001,T
6-NA,951,2,2,6021,0,6025,G
6-NA,952,3,5870,0,2,5875,T
6-NA,953,1,1,6000,0,6002,G
6-NA,954,2,5992,0,4,5998,T
6-NA,955,0,5977,0,4,5981,T
6-NA,956,29,1,0,5937,5967,C
6-NA,957,5942,1,5,2,5950,A
6-NA,958,3,11,5954,0,5968,G
6-NA,959,2,20,5949,0,5971,G
6-NA,960,5933,2,2,0,5937,A
6-NA,961,2,3,0,5949,5954,C
6-NA,962,4,5759,2,3,5768,T
6-NA,963,0,5789,0,0,5789,T
6-NA,964,3,1,5997,0,6001,G
6-NA,965,0,5997,0,4,6001,T
6-NA,966,0,6005,0,3,6008,T
6-NA,967,0,4,5960,0,5964,G
6-NA,968,1,11,5970,0,5982,G
6-NA,969,5943,2,23,0,5968,A
6-NA,970,0,21,5975,0,5996,G
6-NA,971,5974,2,8,0,5984,A
6-NA,972,0,2,1,6055,6058,C
6-NA,973,5883,1,2,0,5886,A
6-NA,974,1,0,0,5936,5937,C
6-NA,975,5943,1,4,0,5948,A
6-NA,976,1,2,0,5990,5993,C
6-NA,977,8,2,1,5951,5962,C
6-NA,978,7,1,0,5969,5977,C
6-NA,979,5966,0,7,0,5973,A
6-NA,980,0,17,5977,2,5996,G
6-NA,981,5981,1,3,0,5985,A
6-NA,982,6003,0,0,0,6003,A
6-NA,983,5941,0,3,1,5945,A
6-NA,984,5938,0,1,0,5939,A
6-NA,985,5889,2,6,0,5897,A
6-NA,986,5916,0,1,1,5918,A
6-NA,987,2,3,0,5926,5931,C
6-NA,988,1,33,5894,0,5928,G
6-NA,989,5903,2,1,0,5906,A
6-NA,990,0,2,0,5904,5906,C
6-NA,991,5872,0,4,0,5876,A
6-NA,992,0,1,5928,1,5930,G
6-NA,993,1,2,0,6133,6136,C
6-NA,994,0,6104,0,10,6114,T
6-NA,995,8,1,0,6115,6124,C
6-NA,996,11,2,1,6145,6159,C
6-NA,997,6158,0,1,0,6159,A
6-NA,998,0,1,6210,0,6211,G
6-NA,999,1,5,0,6218,6224,C
6-NA,1000,6189,2,2,0,6193,A
6-NA,1001,3,0,6190,0,6193,G
6-NA,1002,1,5999,0,5,6005,T
6-NA,1003,6010,1,9,0,6020,A
6-NA,1004,0,3,6032,0,6035,G
6-NA,1005,2,2,1,6049,6054,C
6-NA,1006,8,3,0,6054,6065,C
6-NA,1007,5991,1,0,0,5992,A
6-NA,1008,2,5918,1,70,5991,T
6-NA,1009,0,6003,1,2,6006,T
6-NA,1010,1,0,6140,0,6141,G
6-NA,1011,1,6085,1,2,6089,T
6-NA,1012,1,6076,2,4,6083,T
6-NA,1013,4,6053,0,2,6059,T
6-NA,1014,2,14,6007,0,6023,G
6-NA,1015,0,13,6065,1,6079,G
6-NA,1016,6074,1,2,0,6077,A
6-NA,1017,1,6152,0,2,6155,T
6-NA,1018,15,1,0,6138,6154,C
6-NA,1019,13,2,2,6074,6091,C
6-NA,1020,2,6077,0,2,6081,T
6-NA,1021,6091,0,5,0,6096,A
6-NA,1022,6102,1,2,1,6106,A
6-NA,1023,0,0,0,6205,6205,C
6-NA,1024,6090,1,0,0,6091,A
6-NA,1025,6144,0,1,0,6145,A
6-NA,1026,0,6100,0,1,6101,T
6-NA,1027,0,15,6089,0,6104,G
6-NA,1028,6030,1,5,2,6038,A
6-NA,1029,2,5,5816,0,5823,G
6-NA,1030,0,12,5919,0,5931,G
6-NA,1031,5919,0,5,0,5924,A
6-NA,1032,5937,1,7,0,5945,A
6-NA,1033,9,11,5942,1,5963,G
6-NA,1034,1,1,5996,1,5999,G
6-NA,1035,4,5947,0,3,5954,T
6-NA,1036,3,16,5936,0,5955,G
6-NA,1037,1,0,6053,1,6055,G
6-NA,1038,1,5999,0,12,6012,T
6-NA,1039,45,1,1,5944,5991,C
6-NA,1040,5990,3,4,0,5997,A
6-NA,1041,1,5972,0,0,5973,T
6-NA,1042,0,18,5926,0,5944,G
6-NA,1043,2,13,5878,0,5893,G
6-NA,1044,3,8,5687,0,5698,G
6-NA,1045,0,3,5949,2,5954,G
6-NA,1046,1,5960,0,3,5964,T
6-NA,1047,0,15,5950,2,5967,G
6-NA,1048,5953,1,3,0,5957,A
6-NA,1049,5949,1,8,0,5958,A
6-NA,1050,5960,4,10,0,5974,A
6-NA,1051,0,9,6000,0,6009,G
6-NA,1052,1,0,5966,1,5968,G
6-NA,1053,1,2,0,5934,5937,C
6-NA,1054,3,5764,2,4,5773,T
6-NA,1055,3,7,5771,0,5781,G
6-NA,1056,2,3,5773,1,5779,G
6-NA,1057,1,4,5836,0,5841,G
6-NA,1058,3,2,0,5835,5840,C
6-NA,1059,10,3,0,5822,5835,C
6-NA,1060,1,5740,1,10,5752,T
6-NA,1061,0,5774,0,5,5779,T
6-NA,1062,0,5783,1,0,5784,T
6-NA,1063,3,5,5789,0,5797,G
6-NA,1064,5780,0,5,3,5788,A
6-NA,1065,3,5748,0,1,5752,T
6-NA,1066,8,10,5678,0,5696,G
6-NA,1067,5617,3,7,1,5628,A
6-NA,1068,2,5652,0,0,5654,T
6-NA,1069,55,5,5601,0,5661,G
6-NA,1070,1,8,5735,0,5744,G
6-NA,1071,5719,2,3,1,5725,A
6-NA,1072,5719,1,3,3,5726,A
6-NA,1073,5726,0,3,1,5730,A
6-NA,1074,0,5714,0,1,5715,T
6-NA,1075,1,16,5714,1,5732,G
6-NA,1076,5725,0,9,0,5734,A
6-NA,1077,4,4,2,5712,5722,C
6-NA,1078,2,2,5739,0,5743,G
6-NA,1079,0,5625,0,4,5629,T
6-NA,1080,2,1,5664,1,5668,G
6-NA,1081,0,5650,0,0,5650,T
6-NA,1082,5,14,5641,0,5660,G
6-NA,1083,0,3,5699,0,5702,G
6-NA,1084,5626,2,7,0,5635,A
6-NA,1085,1,5640,0,4,5645,T
6-NA,1086,2,13,5615,1,5631,G
6-NA,1087,3,9,5608,1,5621,G
6-NA,1088,1,7,5633,1,5642,G
6-NA,1089,5612,0,2,2,5616,A
6-NA,1090,5599,0,2,0,5601,A
6-NA,1091,0,22,5591,0,5613,G
6-NA,1092,5549,1,2,0,5552,A
6-NA,1093,5566,0,1,0,5567,A
6-NA,1094,1,3,0,5514,5518,C
6-NA,1095,3,22,5477,0,5502,G
6-NA,1096,5500,1,2,0,5503,A
6-NA,1097,1,5424,0,0,5425,T
6-NA,1098,24,3,0,5404,5431,C
6-NA,1099,5430,1,0,0,5431,A
6-NA,1100,3,1,5441,0,5445,G
6-NA,1101,1,2,1,5426,5430,C
6-NA,1102,3,18,5409,0,5430,G
6-NA,1103,5405,2,3,0,5410,A
6-NA,1104,0,5,5427,2,5434,G
6-NA,1105,5421,0,2,1,5424,A
6-NA,1106,5422,2,1,0,5425,A
6-NA,1107,0,2,5466,0,5468,G
6-NA,1108,1,5418,1,7,5427,T
6-NA,1109,34,1,0,5350,5385,C
6-NA,1110,5364,0,7,2,5373,A
6-NA,1111,0,1,0,5534,5535,C
6-NA,1112,2,1,5530,0,5533,G
6-NA,1113,2,0,0,5537,5539,C
6-NA,1114,1,5509,0,3,5513,T
6-NA,1115,0,5525,0,3,5528,T
6-NA,1116,5443,0,2,1,5446,A
6-NA,1117,1,9,5743,0,5753,G
6-NA,1118,2,11,5745,0,5758,G
6-NA,1119,1,3,5849,0,5853,G
6-NA,1120,1,5556,1,5,5563,T
6-NA,1121,5553,1,1,1,5556,A
6-NA,1122,1,5537,0,3,5541,T
6-NA,1123,0,8,5533,0,5541,G
6-NA,1124,5530,0,2,1,5533,A
6-NA,1125,5525,1,1,0,5527,A
6-NA,1126,5299,1,7,0,5307,A
6-NA,1127,3,2,0,5318,5323,C
6-NA,1128,12,1,0,5223,5236,C
6-NA,1129,2,5176,1,11,5190,T
6-NA,1130,0,5190,0,4,5194,T
6-NA,1131,11,0,0,5194,5205,C
6-NA,1132,5206,0,2,0,5208,A
6-NA,1133,5202,3,0,0,5205,A
6-NA,1134,5200,1,3,0,5204,A
6-NA,1135,1,1,5246,0,5248,G
6-NA,1136,1,5167,0,4,5172,T
6-NA,1137,41,2,0,5131,5174,C
6-NA,1138,5285,1,1,0,5287,A
6-NA,1139,1,5289,1,3,5294,T
6-NA,1140,1,5288,0,1,5290,T
6-NA,1141,1,8,5295,0,5304,G
6-NA,1142,5283,0,3,0,5286,A
6-NA,1143,5308,0,5,0,5313,A
6-NA,1144,2,4,5558,1,5565,G
6-NA,1145,0,3,5591,0,5594,G
6-NA,1146,1,1,0,5562,5564,C
6-NA,1147,1,5419,0,1,5421,T
6-NA,1148,2,11,5444,0,5457,G
6-NA,1149,0,1,5585,1,5587,G
6-NA,1150,2,5563,0,22,5587,T
6-NA,1151,28,1,0,5534,5563,C
6-NA,1152,16,2,0,5529,5547,C
6-NA,1153,5543,0,2,0,5545,A
6-NA,1154,5572,0,5,0,5577,A
6-NA,1155,1,1,1,5596,5599,C
6-NA,1156,3,1,0,5603,5607,C
6-NA,1157,11,1,0,5592,5604,C
6-NA,1158,1,5388,0,5,5394,T
6-NA,1159,5403,0,3,0,5406,A
6-NA,1160,5397,0,4,2,5403,A
6-NA,1161,1,1,5448,0,5450,G
6-NA,1162,0,5415,0,3,5418,T
6-NA,1163,17,0,0,5396,5413,C
6-NA,1164,22,3,1,5316,5342,C
6-NA,1165,5338,2,0,1,5341,A
6-NA,1166,5326,0,4,1,5331,A
6-NA,1167,5335,1,1,0,5337,A
6-NA,1168,1,5328,2,0,5331,T
6-NA,1169,1,5328,1,2,5332,T
6-NA,1170,0,2,5318,1,5321,G
6-NA,1171,5,2,0,5291,5298,C
6-NA,1172,5289,1,0,0,5290,A
6-NA,1173,2,12,5305,0,5319,G
6-NA,1174,5311,0,3,0,5314,A
6-NA,1175,0,5415,0,0,5415,T
6-NA,1176,5433,0,1,1,5435,A
6-NA,1177,5419,1,3,0,5423,A
6-NA,1178,5425,1,4,1,5431,A
6-NA,1179,1,5408,0,0,5409,T
6-NA,1180,5385,0,3,1,5389,A
6-NA,1181,1,4,5399,1,5405,G
6-NA,1182,3,1,5365,0,5369,G
6-NA,1183,1,4,0,5340,5345,C
6-NA,1184,5222,0,1,0,5223,A
6-NA,1185,5265,0,6,0,5271,A
6-NA,1186,2,0,5302,0,5304,G
6-NA,1187,2,5303,0,3,5308,T
6-NA,1188,47,2,0,5240,5289,C
6-NA,1189,5330,1,7,0,5338,A
6-NA,1190,0,5328,0,0,5328,T
6-NA,1191,5378,1,4,1,5384,A
6-NA,1192,1,3,5405,0,5409,G
6-NA,1193,1,5408,1,1,5411,T
6-NA,1194,1,5240,0,1,5242,T
6-NA,1195,2,22,5145,0,5169,G
6-NA,1196,5134,0,6,0,5140,A
6-NA,1197,1,1,0,5131,5133,C
6-NA,1198,5096,0,0,0,5096,A
6-NA,1199,1,3,5166,0,5170,G
6-NA,1200,5120,1,19,2,5142,A
6-NA,1201,1,6,5314,0,5321,G
6-NA,1202,1,0,5319,1,5321,G
6-NA,1203,0,5309,0,4,5313,T
6-NA,1204,5300,0,3,0,5303,A
6-NA,1205,5292,1,2,0,5295,A
6-NA,1206,2,5297,0,0,5299,T
6-NA,1207,5286,0,1,0,5287,A
6-NA,1208,0,7,5201,0,5208,G
6-NA,1209,1,3,5128,0,5132,G
6-NA,1210,0,4796,0,6,4802,T
6-NA,1211,19,0,0,4765,4784,C
6-NA,1212,5,7,0,4774,4786,C
6-NA,1213,4,8,4786,0,4798,G
6-NA,1214,1,1,4800,0,4802,G
6-NA,1215,1,4777,0,3,4781,T
6-NA,1216,0,4780,0,0,4780,T
6-NA,1217,4759,3,0,0,4762,A
6-NA,1218,1,4717,0,0,4718,T
6-NA,1219,1,4723,0,3,4727,T
6-NA,1220,17,0,0,4723,4740,C
6-NA,1221,0,4617,0,2,4619,T
6-NA,1222,0,7,4652,0,4659,G
6-NA,1223,0,1,4670,1,4672,G
6-NA,1224,2,4668,1,1,4672,T
6-NA,1225,4664,0,0,0,4664,A
6-NA,1226,2,4624,1,5,4632,T
6-NA,1227,0,4638,3,4,4645,T
6-NA,1228,2,4638,0,1,4641,T
6-NA,1229,0,4666,0,4,4670,T
6-NA,1230,9,0,1,4657,4667,C
6-NA,1231,0,4602,0,4,4606,T
6-NA,1232,13,0,2,4604,4619,C
6-NA,1233,0,4599,2,2,4603,T
6-NA,1234,2,2,4678,1,4683,G
6-NA,1235,0,4666,2,5,4673,T
6-NA,1236,0,4643,2,2,4647,T
6-NA,1237,1,2,4654,0,4657,G
6-NA,1238,4614,2,1,0,4617,A
6-NA,1239,4607,3,2,2,4614,A
6-NA,1240,0,7,4642,0,4649,G
6-NA,1241,1,0,4627,1,4629,G
6-NA,1242,0,1,0,4635,4636,C
6-NA,1243,4553,0,1,0,4554,A
6-NA,1244,4553,1,2,0,4556,A
6-NA,1245,4555,0,1,0,4556,A
6-NA,1246,4556,1,6,1,4564,A
6-NA,1247,1,1,4568,0,4570,G
6-NA,1248,5,1,0,4547,4553,C
6-NA,1249,0,4507,0,11,4518,T
6-NA,1250,1,1,4550,0,4552,G
6-NA,1251,3,1,0,4546,4550,C
6-NA,1252,4567,0,3,0,4570,A
6-NA,1253,0,4561,0,2,4563,T
6-NA,1254,16,1,0,4502,4519,C
6-NA,1255,4506,0,1,0,4507,A
6-NA,1256,4511,0,2,0,4513,A
6-NA,1257,0,4498,0,0,4498,T
6-NA,1258,11,4,0,4480,4495,C
6-NA,1259,4,4,4441,0,4449,G
6-NA,1260,0,0,4506,0,4506,G
6-NA,1261,0,4491,1,3,4495,T
6-NA,1262,3,0,4505,0,4508,G
6-NA,1263,1,1,0,4532,4534,C
6-NA,1264,0,4502,0,6,4508,T
6-NA,1265,0,4568,1,2,4571,T
6-NA,1266,0,4574,0,2,4576,T
6-NA,1267,0,4588,0,0,4588,T
6-NA,1268,4613,1,1,0,4615,A
6-NA,1269,1,4445,1,2,4449,T
6-NA,1270,2,1,4453,0,4456,G
6-NA,1271,1,4393,0,6,4400,T
6-NA,1272,3,9,4325,0,4337,G
6-NA,1273,0,8,4377,1,4386,G
6-NA,1274,4280,2,0,0,4282,A
6-NA,1275,1,1,4335,0,4337,G
6-NA,1276,1,4292,0,1,4294,T
6-NA,1277,0,4264,0,3,4267,T
6-NA,1278,0,9,4294,0,4303,G
6-NA,1279,4292,0,2,0,4294,A
6-NA,1280,1,4293,0,0,4294,T
6-NA,1281,4275,0,1,0,4276,A
6-NA,1282,4137,0,1,0,4138,A
6-NA,1283,1,7,4153,0,4161,G
6-NA,1284,0,4,4089,0,4093,G
6-NA,1285,0,7,4062,0,4069,G
6-NA,1286,0,10,4046,0,4056,G
6-NA,1287,3988,1,2,0,3991,A
6-NA,1288,3972,1,4,1,3978,A
6-NA,1289,0,7,4002,0,4009,G
6-NA,1290,4006,0,0,0,4006,A
6-NA,1291,3992,0,2,0,3994,A
6-NA,1292,3950,1,0,0,3951,A
6-NA,1293,3881,0,8,0,3889,A
6-NA,1294,0,2,3893,0,3895,G
6-NA,1295,3850,0,1,0,3851,A
6-NA,1296,2,5,3845,0,3852,G
6-NA,1297,1,9,3837,0,3847,G
6-NA,1298,3774,0,4,0,3778,A
6-NA,1299,3775,0,7,0,3782,A
6-NA,1300,3787,1,1,1,3790,A
6-NA,1301,0,1,0,3799,3800,C
6-NA,1302,2,3786,0,1,3789,T
6-NA,1303,0,6,3793,0,3799,G
6-NA,1304,3776,1,1,0,3778,A
6-NA,1305,3768,0,4,0,3772,A
6-NA,1306,0,0,3804,0,3804,G
6-NA,1307,0,3768,0,4,3772,T
6-NA,1308,13,1,0,3774,3788,C
6-NA,1309,0,3766,1,9,3776,T
6-NA,1310,0,3742,0,1,3743,T
6-NA,1311,0,0,3751,0,3751,G
6-NA,1312,0,3735,0,1,3736,T
6-NA,1313,3,2,3729,0,3734,G
6-NA,1314,1,7,3718,0,3726,G
6-NA,1315,3676,2,6,0,3684,A
6-NA,1316,0,0,0,3689,3689,C
6-NA,1317,7,1,0,3590,3598,C
6-NA,1318,1,3599,0,5,3605,T
6-NA,1319,11,2,0,3597,3610,C
6-NA,1320,3620,0,1,0,3621,A
6-NA,1321,3613,1,3,0,3617,A
6-NA,1322,3619,0,1,1,3621,A
6-NA,1323,2,3,0,3650,3655,C
6-NA,1324,3527,0,0,0,3527,A
6-NA,1325,0,2,3560,0,3562,G
6-NA,1326,0,3493,1,1,3495,T
6-NA,1327,3494,0,2,0,3496,A
6-NA,1328,0,3491,0,0,3491,T
6-NA,1329,0,3430,0,0,3430,T
6-NA,1330,2,2,3455,0,3459,G
6-NA,1331,1,3447,0,3,3451,T
6-NA,1332,0,3298,0,3,3301,T
6-NA,1333,0,1,3310,0,3311,G
6-NA,1334,1,3094,2,6,3103,T
6-NA,1335,1,0,3118,0,3119,G
6-NA,1336,1,3096,0,3,3100,T
6-NA,1337,3,3057,0,1,3061,T
6-NA,1338,0,3064,0,1,3065,T
6-NA,1339,1,2976,0,0,2977,T
6-NA,1340,1,0,2971,1,2973,G
6-NA,1341,1,2974,0,2,2977,T
6-NA,1342,1,2,2958,0,2961,G
6-NA,1343,0,0,2956,0,2956,G
6-NA,1344,3,3,1,2903,2910,C
6-NA,1345,2891,0,2,0,2893,A
6-NA,1346,1,0,0,2926,2927,C
6-NA,1347,1,0,0,2911,2912,C
6-NA,1348,0,2906,0,4,2910,T
6-NA,1349,8,0,0,2910,2918,C
6-NA,1350,2906,0,2,0,2908,A
6-NA,1351,0,1,2934,0,2935,G
6-NA,1352,3,1,2933,0,2937,G
6-NA,1353,1,2925,0,1,2927,T
6-NA,1354,2908,0,1,0,2909,A
6-NA,1355,1,0,0,2758,2759,C
6-NA,1356,2737,0,1,0,2738,A
6-NA,1357,0,2729,1,0,2730,T
6-NA,1358,2668,1,1,0,2670,A
6-NA,1359,2,2658,0,0,2660,T
6-NA,1360,0,2,2472,0,2474,G
6-NA,1361,0,5,2467,0,2472,G
6-NA,1362,2453,0,1,0,2454,A
6-NA,1363,2439,0,1,0,2440,A
6-NA,1364,0,1,0,2409,2410,C
6-NA,1365,2011,0,1,0,2012,A
6-NA,1366,0,2,2019,0,2021,G
6-NA,1367,1,1,2013,0,2015,G
6-NA,1368,0,0,0,2020,2020,C
6-NA,1369,1,2003,1,1,2006,T
6-NA,1370,5,0,0,1924,1929,C
6-NA,1371,1915,0,0,0,1915,A
6-NA,1372,0,1914,0,1,1915,T
6-NA,1373,0,2,1913,0,1915,G
6-NA,1374,0,0,1917,0,1917,G
6-NA,1375,0,3,0,1845,1848,C
6-NA,1376,4,0,0,1832,1836,C
6-NA,1377,0,1741,0,1,1742,T
6-NA,1378,0,2,1743,0,1745,G
6-NA,1379,1740,0,1,0,1741,A
6-NA,1380,0,1741,0,0,1741,T
6-NA,1381,0,4,1710,0,1714,G
6-NA,1382,2,3,1672,0,1677,G
6-NA,1383,1,4,1596,0,1601,G
6-NA,1384,1,1,1598,1,1601,G
6-NA,1385,2,2,0,1553,1557,C
6-NA,1386,1,1,1553,0,1555,G
6-NA,1387,0,5,1533,0,1538,G
6-NA,1388,1517,0,2,0,1519,A
6-NA,1389,0,0,0,1517,1517,C
6-NA,1390,1508,0,0,0,1508,A
6-NA,1391,1,1481,0,2,1484,T
6-NA,1392,5,0,0,1458,1463,C
6-NA,1393,1453,0,1,0,1454,A
6-NA,1394,1450,0,1,0,1451,A
6-NA,1395,0,1447,0,0,1447,T
6-NA,1396,6,0,0,1404,1410,C
6-NA,1397,0,1369,0,2,1371,T
6-NA,1398,9,0,0,1189,1198,C
6-NA,1399,1192,0,1,0,1193,A
6-NA,1400,1,1184,0,0,1185,T
6-NA,1401,0,1,1182,0,1183,G
6-NA,1402,0,1,0,1179,1180,C
6-NA,1403,3,0,0,1128,1131,C
6-NA,1404,1,1011,0,1,1013,T
6-NA,1405,996,0,0,0,996,A
6-NA,1406,0,998,0,0,998,T
6-NA,1407,981,0,0,0,981,A
6-NA,1408,0,979,0,0,979,T
6-NA,1409,906,0,0,0,906,A
6-NA,1410,857,0,0,0,857,A
7-M,1,27,0,0,0,27,A
7-M,2,0,28,0,0,28,T
7-M,3,0,0,28,0,28,G
7-M,4,28,0,0,0,28,A
7-M,5,0,0,31,0,31,G
7-M,6,0,0,0,30,30,C
7-M,7,0,0,0,32,32,C
7-M,8,0,46,0,0,46,T
7-M,9,0,47,0,0,47,T
7-M,10,0,0,0,48,48,C
7-M,11,0,48,0,0,48,T
7-M,12,49,0,0,0,49,A
7-M,13,49,0,0,0,49,A
7-M,14,0,0,0,49,49,C
7-M,15,0,0,0,49,49,C
7-M,16,0,0,49,0,49,G
7-M,17,50,0,0,0,50,A
7-M,18,0,1,49,0,50,G
7-M,19,0,0,51,0,51,G
7-M,20,0,51,0,0,51,T
7-M,21,1,0,0,49,50,C
7-M,22,0,1,50,0,51,G
7-M,23,51,0,0,0,51,A
7-M,24,51,0,0,0,51,A
7-M,25,52,0,0,0,52,A
7-M,26,0,0,0,56,56,C
7-M,27,1,0,56,0,57,G
7-M,28,0,58,0,0,58,T
7-M,29,59,0,0,0,59,A
7-M,30,0,59,0,0,59,T
7-M,31,0,0,61,0,61,G
7-M,32,0,61,0,0,61,T
7-M,33,0,70,0,0,70,T
7-M,34,0,0,0,70,70,C
7-M,35,0,69,0,0,69,T
7-M,36,0,0,0,71,71,C
7-M,37,0,70,0,0,70,T
7-M,38,0,0,0,76,76,C
7-M,39,0,76,0,0,76,T
7-M,40,76,0,0,0,76,A
7-M,41,0,76,0,0,76,T
7-M,42,0,0,0,75,75,C
7-M,43,0,0,75,0,75,G
7-M,44,0,78,0,0,78,T
7-M,45,0,77,0,0,77,T
7-M,46,0,0,0,80,80,C
7-M,47,0,0,0,83,83,C
7-M,48,85,0,0,0,85,A
7-M,49,0,85,0,0,85,T
7-M,50,0,0,0,85,85,C
7-M,51,84,0,1,0,85,A
7-M,52,0,0,87,0,87,G
7-M,53,0,0,87,0,87,G
7-M,54,0,0,0,85,85,C
7-M,55,0,0,0,85,85,C
7-M,56,0,0,0,84,84,C
7-M,57,0,0,0,89,89,C
7-M,58,0,0,0,89,89,C
7-M,59,0,88,0,1,89,T
7-M,60,1,0,0,88,89,C
7-M,61,89,0,0,0,89,A
7-M,62,89,0,0,0,89,A
7-M,63,90,0,0,0,90,A
7-M,64,0,0,90,0,90,G
7-M,65,0,0,0,90,90,C
7-M,66,0,0,0,88,88,C
7-M,67,0,3,85,0,88,G
7-M,68,88,0,0,0,88,A
7-M,69,0,0,88,0,88,G
7-M,70,89,0,0,0,89,A
7-M,71,0,89,0,0,89,T
7-M,72,0,0,0,89,89,C
7-M,73,0,0,89,0,89,G
7-M,74,0,0,0,92,92,C
7-M,75,0,0,92,0,92,G
7-M,76,0,0,0,92,92,C
7-M,77,92,0,0,0,92,A
7-M,78,0,0,94,0,94,G
7-M,79,94,0,0,0,94,A
7-M,80,0,0,98,0,98,G
7-M,81,97,0,0,0,97,A
7-M,82,0,0,0,100,100,C
7-M,83,0,100,0,0,100,T
7-M,84,0,100,0,0,100,T
7-M,85,0,0,104,0,104,G
7-M,86,104,0,0,0,104,A
7-M,87,104,0,0,0,104,A
7-M,88,0,0,104,0,104,G
7-M,89,103,0,0,0,103,A
7-M,90,0,103,0,0,103,T
7-M,91,0,0,103,0,103,G
7-M,92,0,103,0,0,103,T
7-M,93,0,0,0,103,103,C
7-M,94,0,103,0,0,103,T
7-M,95,0,103,0,0,103,T
7-M,96,0,104,0,0,104,T
7-M,97,0,0,103,0,103,G
7-M,98,0,0,0,104,104,C
7-M,99,0,103,0,0,103,T
7-M,100,0,0,103,0,103,G
7-M,101,0,0,104,0,104,G
7-M,102,1,0,105,0,106,G
7-M,103,106,0,0,0,106,A
7-M,104,105,0,0,0,105,A
7-M,105,106,0,0,0,106,A
7-M,106,107,0,0,0,107,A
7-M,107,106,0,1,0,107,A
7-M,108,0,0,0,108,108,C
7-M,109,108,0,0,0,108,A
7-M,110,0,0,0,109,109,C
7-M,111,108,0,0,0,108,A
7-M,112,0,1,112,0,113,G
7-M,113,112,0,1,0,113,A
7-M,114,0,114,0,0,114,T
7-M,115,1,0,0,114,115,C
7-M,116,0,115,0,0,115,T
7-M,117,0,115,0,0,115,T
7-M,118,0,1,114,0,115,G
7-M,119,114,0,0,0,114,A
7-M,120,0,0,114,0,114,G
7-M,121,0,0,114,0,114,G
7-M,122,0,0,0,117,117,C
7-M,123,0,116,0,1,117,T
7-M,124,0,0,0,126,126,C
7-M,125,0,125,0,0,125,T
7-M,126,0,0,0,125,125,C
7-M,127,125,0,0,0,125,A
7-M,128,0,125,0,0,125,T
7-M,129,0,0,125,0,125,G
7-M,130,0,0,125,0,125,G
7-M,131,125,0,0,0,125,A
7-M,132,125,0,0,0,125,A
7-M,133,0,119,0,0,119,T
7-M,134,0,0,126,0,126,G
7-M,135,0,0,139,0,139,G
7-M,136,0,0,0,139,139,C
7-M,137,0,139,0,0,139,T
7-M,138,139,0,0,0,139,A
7-M,139,139,0,0,0,139,A
7-M,140,141,0,0,0,141,A
7-M,141,0,0,142,0,142,G
7-M,142,143,0,0,0,143,A
7-M,143,0,0,0,142,142,C
7-M,144,137,0,0,0,137,A
7-M,145,139,0,0,0,139,A
7-M,146,0,1,145,0,146,G
7-M,147,146,0,0,0,146,A
7-M,148,0,0,0,147,147,C
7-M,149,0,0,0,147,147,C
7-M,150,147,0,0,0,147,A
7-M,151,150,0,0,0,150,A
7-M,152,0,153,0,0,153,T
7-M,153,0,153,0,0,153,T
7-M,154,0,4,0,151,155,C
7-M,155,0,156,0,0,156,T
7-M,156,0,0,155,0,155,G
7-M,157,0,156,0,0,156,T
7-M,158,1,0,0,155,156,C
7-M,159,155,0,0,0,155,A
7-M,160,0,0,0,166,166,C
7-M,161,0,0,0,166,166,C
7-M,162,0,165,0,0,165,T
7-M,163,0,0,0,167,167,C
7-M,164,0,165,0,0,165,T
7-M,165,0,1,167,0,168,G
7-M,166,168,0,0,0,168,A
7-M,167,0,0,0,168,168,C
7-M,168,0,168,0,0,168,T
7-M,169,167,0,0,0,167,A
7-M,170,167,0,0,0,167,A
7-M,171,0,1,165,0,166,G
7-M,172,0,2,164,0,166,G
7-M,173,0,0,167,0,167,G
7-M,174,0,0,166,0,166,G
7-M,175,174,0,0,0,174,A
7-M,176,0,174,0,0,174,T
7-M,177,0,173,0,0,173,T
7-M,178,0,174,0,0,174,T
7-M,179,0,174,0,0,174,T
7-M,180,0,1,173,0,174,G
7-M,181,0,0,173,0,173,G
7-M,182,0,0,174,0,174,G
7-M,183,0,0,175,0,175,G
7-M,184,0,175,0,0,175,T
7-M,185,0,174,0,0,174,T
7-M,186,0,174,0,1,175,T
7-M,187,0,0,180,0,180,G
7-M,188,0,180,0,0,180,T
7-M,189,0,0,181,0,181,G
7-M,190,0,180,1,0,181,T
7-M,191,0,179,1,0,180,T
7-M,192,2,0,0,180,182,C
7-M,193,182,0,0,0,182,A
7-M,194,0,0,0,185,185,C
7-M,195,0,0,184,0,184,G
7-M,196,1,0,0,184,185,C
7-M,197,0,182,1,0,183,T
7-M,198,2,0,0,187,189,C
7-M,199,189,0,0,0,189,A
7-M,200,1,0,0,190,191,C
7-M,201,0,0,0,188,188,C
7-M,202,0,0,190,0,190,G
7-M,203,0,187,0,0,187,T
7-M,204,0,1,188,0,189,G
7-M,205,1,0,0,190,191,C
7-M,206,1,0,0,189,190,C
7-M,207,1,0,0,188,189,C
7-M,208,187,0,0,0,187,A
7-M,209,0,0,188,0,188,G
7-M,210,0,187,0,0,187,T
7-M,211,0,0,186,0,186,G
7-M,212,187,0,0,0,187,A
7-M,213,0,0,187,0,187,G
7-M,214,0,0,0,188,188,C
7-M,215,1,1,186,0,188,G
7-M,216,188,0,0,0,188,A
7-M,217,0,1,187,0,188,G
7-M,218,0,1,189,0,190,G
7-M,219,189,0,0,0,189,A
7-M,220,0,0,0,193,193,C
7-M,221,0,190,0,1,191,T
7-M,222,0,0,192,0,192,G
7-M,223,0,0,0,191,191,C
7-M,224,190,0,1,0,191,A
7-M,225,0,0,195,0,195,G
7-M,226,0,0,0,196,196,C
7-M,227,0,0,196,0,196,G
7-M,228,0,196,0,0,196,T
7-M,229,193,0,0,0,193,A
7-M,230,0,0,191,0,191,G
7-M,231,192,0,0,0,192,A
7-M,232,0,0,0,192,192,C
7-M,233,0,0,192,0,192,G
7-M,234,0,0,0,188,188,C
7-M,235,0,186,1,0,187,T
7-M,236,0,187,0,0,187,T
7-M,237,0,187,0,0,187,T
7-M,238,0,1,192,0,193,G
7-M,239,1,191,0,0,192,T
7-M,240,0,0,0,194,194,C
7-M,241,0,0,0,192,192,C
7-M,242,195,0,0,0,195,A
7-M,243,195,0,0,0,195,A
7-M,244,193,0,1,0,194,A
7-M,245,194,0,0,0,194,A
7-M,246,0,196,0,0,196,T
7-M,247,0,0,193,0,193,G
7-M,248,0,0,0,193,193,C
7-M,249,0,0,0,194,194,C
7-M,250,0,0,0,196,196,C
7-M,251,0,196,0,0,196,T
7-M,252,0,0,0,207,207,C
7-M,253,207,0,0,0,207,A
7-M,254,207,0,0,0,207,A
7-M,255,0,209,0,0,209,T
7-M,256,0,0,210,0,210,G
7-M,257,0,0,215,0,215,G
7-M,258,0,1,217,0,218,G
7-M,259,217,0,0,0,217,A
7-M,260,215,1,0,0,216,A
7-M,261,0,215,0,0,215,T
7-M,262,0,0,214,0,214,G
7-M,263,0,2,212,0,214,G
7-M,264,213,0,1,0,214,A
7-M,265,0,2,211,0,213,G
7-M,266,211,0,0,0,211,A
7-M,267,0,0,0,205,205,C
7-M,268,2,0,0,214,216,C
7-M,269,0,0,0,217,217,C
7-M,270,218,0,0,0,218,A
7-M,271,219,0,0,0,219,A
7-M,272,218,0,0,0,218,A
7-M,273,0,219,0,0,219,T
7-M,274,226,0,0,0,226,A
7-M,275,227,0,0,0,227,A
7-M,276,0,0,0,220,220,C
7-M,277,219,0,0,0,219,A
7-M,278,0,216,0,0,216,T
7-M,279,0,0,218,0,218,G
7-M,280,0,0,219,0,219,G
7-M,281,220,0,0,0,220,A
7-M,282,0,0,0,218,218,C
7-M,283,216,0,0,0,216,A
7-M,284,216,0,0,0,216,A
7-M,285,215,0,0,0,215,A
7-M,286,1,0,218,0,219,G
7-M,287,0,0,0,224,224,C
7-M,288,219,1,0,0,220,A
7-M,289,0,0,224,0,224,G
7-M,290,0,223,0,0,223,T
7-M,291,0,222,0,0,222,T
7-M,292,233,0,0,0,233,A
7-M,293,233,0,0,0,233,A
7-M,294,232,0,0,0,232,A
7-M,295,0,0,0,237,237,C
7-M,296,0,232,0,0,232,T
7-M,297,0,0,260,0,260,G
7-M,298,0,257,0,0,257,T
7-M,299,258,0,0,0,258,A
7-M,300,0,258,0,0,258,T
7-M,301,256,0,0,0,256,A
7-M,302,0,0,256,0,256,G
7-M,303,0,0,255,0,255,G
7-M,304,252,0,1,0,253,A
7-M,305,255,0,0,0,255,A
7-M,306,248,0,0,0,248,A
7-M,307,1,0,0,249,250,C
7-M,308,0,247,0,0,247,T
7-M,309,0,248,0,0,248,T
7-M,310,248,0,0,0,248,A
7-M,311,249,0,0,0,249,A
7-M,312,0,0,249,0,249,G
7-M,313,246,0,0,0,246,A
7-M,314,0,0,248,0,248,G
7-M,315,235,0,0,0,235,A
7-M,316,0,0,242,0,242,G
7-M,317,246,0,0,0,246,A
7-M,318,0,0,247,0,247,G
7-M,319,250,0,0,0,250,A
7-M,320,0,248,0,0,248,T
7-M,321,248,0,0,0,248,A
7-M,322,250,0,1,0,251,A
7-M,323,0,0,0,252,252,C
7-M,324,0,0,254,0,254,G
7-M,325,0,255,0,0,255,T
7-M,326,0,250,0,0,250,T
7-M,327,0,0,0,252,252,C
7-M,328,0,0,0,250,250,C
7-M,329,250,0,1,0,251,A
7-M,330,0,250,0,0,250,T
7-M,331,0,0,247,0,247,G
7-M,332,0,0,253,0,253,G
7-M,333,0,0,250,0,250,G
7-M,334,0,0,253,0,253,G
7-M,335,0,0,0,250,250,C
7-M,336,0,1,0,247,248,C
7-M,337,251,0,0,0,251,A
7-M,338,253,0,0,0,253,A
7-M,339,251,0,1,0,252,A
7-M,340,0,1,255,0,256,G
7-M,341,258,1,0,0,259,A
7-M,342,255,0,0,0,255,A
7-M,343,255,0,0,0,255,A
7-M,344,0,253,0,1,254,T
7-M,345,253,0,0,0,253,A
7-M,346,0,0,254,0,254,G
7-M,347,0,0,0,251,251,C
7-M,348,0,251,0,0,251,T
7-M,349,0,1,0,250,251,C
7-M,350,0,250,0,0,250,T
7-M,351,0,0,0,259,259,C
7-M,352,257,0,0,0,257,A
7-M,353,0,0,258,0,258,G
7-M,354,0,257,0,0,257,T
7-M,355,0,268,0,0,268,T
7-M,356,267,0,0,0,267,A
7-M,357,0,269,0,0,269,T
7-M,358,0,268,0,0,268,T
7-M,359,0,0,0,270,270,C
7-M,360,0,262,0,0,262,T
7-M,361,0,1,263,0,264,G
7-M,362,1,0,0,262,263,C
7-M,363,0,260,0,0,260,T
7-M,364,0,0,262,0,262,G
7-M,365,0,1,261,0,262,G
7-M,366,0,261,0,0,261,T
7-M,367,0,0,261,0,261,G
7-M,368,0,0,0,260,260,C
7-M,369,260,0,0,0,260,A
7-M,370,0,0,0,260,260,C
7-M,371,0,259,0,0,259,T
7-M,372,0,267,0,0,267,T
7-M,373,0,0,269,0,269,G
7-M,374,0,0,0,269,269,C
7-M,375,0,0,0,270,270,C
7-M,376,270,0,0,0,270,A
7-M,377,0,0,273,0,273,G
7-M,378,0,274,0,0,274,T
7-M,379,0,271,0,0,271,T
7-M,380,0,0,271,0,271,G
7-M,381,0,264,0,0,264,T
7-M,382,267,0,0,0,267,A
7-M,383,0,268,0,0,268,T
7-M,384,0,0,268,0,268,G
7-M,385,0,0,269,0,269,G
7-M,386,0,0,267,0,267,G
7-M,387,0,0,0,266,266,C
7-M,388,0,0,0,271,271,C
7-M,389,0,266,0,0,266,T
7-M,390,0,0,0,272,272,C
7-M,391,290,0,0,0,290,A
7-M,392,0,290,0,0,290,T
7-M,393,302,0,1,0,303,A
7-M,394,0,302,0,0,302,T
7-M,395,299,0,0,0,299,A
7-M,396,0,0,0,314,314,C
7-M,397,307,0,0,0,307,A
7-M,398,307,0,0,0,307,A
7-M,399,0,304,0,0,304,T
7-M,400,293,0,0,0,293,A
7-M,401,0,0,297,0,297,G
7-M,402,0,1,296,0,297,G
7-M,403,295,0,0,0,295,A
7-M,404,0,293,0,0,293,T
7-M,405,0,1,279,0,280,G
7-M,406,0,0,281,0,281,G
7-M,407,1,0,276,0,277,G
7-M,408,0,0,278,0,278,G
7-M,409,0,0,276,0,276,G
7-M,410,0,0,0,277,277,C
7-M,411,0,275,0,1,276,T
7-M,412,0,0,276,0,276,G
7-M,413,0,278,0,0,278,T
7-M,414,278,0,0,0,278,A
7-M,415,280,0,0,0,280,A
7-M,416,0,0,0,281,281,C
7-M,417,0,0,0,274,274,C
7-M,418,272,0,0,0,272,A
7-M,419,0,0,0,273,273,C
7-M,420,0,271,0,1,272,T
7-M,421,0,0,272,0,272,G
7-M,422,270,0,0,0,270,A
7-M,423,272,0,0,0,272,A
7-M,424,0,0,272,0,272,G
7-M,425,0,266,0,0,266,T
7-M,426,1,0,267,0,268,G
7-M,427,0,0,268,0,268,G
7-M,428,0,0,0,268,268,C
7-M,429,269,0,0,0,269,A
7-M,430,0,267,0,0,267,T
7-M,431,0,265,0,1,266,T
7-M,432,0,265,0,0,265,T
7-M,433,0,0,268,0,268,G
7-M,434,0,0,268,0,268,G
7-M,435,0,0,0,268,268,C
7-M,436,0,0,0,267,267,C
7-M,437,0,268,0,0,268,T
7-M,438,0,0,271,0,271,G
7-M,439,0,0,276,0,276,G
7-M,440,0,276,0,0,276,T
7-M,441,277,0,0,0,277,A
7-M,442,0,266,0,0,266,T
7-M,443,0,0,277,0,277,G
7-M,444,0,276,0,0,276,T
7-M,445,0,0,277,0,277,G
7-M,446,0,0,0,278,278,C
7-M,447,268,0,0,0,268,A
7-M,448,267,0,0,0,267,A
7-M,449,0,0,0,264,264,C
7-M,450,262,0,0,0,262,A
7-M,451,0,260,0,1,261,T
7-M,452,0,0,255,0,255,G
7-M,453,0,249,0,0,249,T
7-M,454,1,0,248,0,249,G
7-M,455,250,0,0,0,250,A
7-M,456,0,0,250,0,250,G
7-M,457,0,0,0,250,250,C
7-M,458,248,0,0,0,248,A
7-M,459,0,1,251,0,252,G
7-M,460,250,0,0,0,250,A
7-M,461,0,249,0,1,250,T
7-M,462,0,248,0,0,248,T
7-M,463,0,0,249,0,249,G
7-M,464,0,0,0,249,249,C
7-M,465,0,247,0,0,247,T
7-M,466,0,1,245,0,246,G
7-M,467,245,1,0,0,246,A
7-M,468,0,0,0,264,264,C
7-M,469,0,263,0,0,263,T
7-M,470,1,1,0,264,266,C
7-M,471,0,0,0,264,264,C
7-M,472,0,0,0,268,268,C
7-M,473,268,0,0,0,268,A
7-M,474,1,0,269,0,270,G
7-M,475,0,0,0,267,267,C
7-M,476,269,0,0,0,269,A
7-M,477,0,0,0,269,269,C
7-M,478,254,0,0,0,254,A
7-M,479,0,0,257,0,257,G
7-M,480,0,0,256,0,256,G
7-M,481,1,255,0,1,257,T
7-M,482,1,0,0,268,269,C
7-M,483,0,261,0,0,261,T
7-M,484,3,0,0,260,263,C
7-M,485,263,0,0,0,263,A
7-M,486,0,262,0,0,262,T
7-M,487,264,0,0,0,264,A
7-M,488,0,0,262,0,262,G
7-M,489,0,0,258,0,258,G
7-M,490,0,0,0,260,260,C
7-M,491,251,0,0,0,251,A
7-M,492,0,1,250,0,251,G
7-M,493,254,0,0,0,254,A
7-M,494,0,254,0,0,254,T
7-M,495,0,0,253,0,253,G
7-M,496,0,0,252,0,252,G
7-M,497,0,249,0,0,249,T
7-M,498,0,0,253,0,253,G
7-M,499,0,0,253,0,253,G
7-M,500,0,1,0,251,252,C
7-M,501,249,0,0,0,249,A
7-M,502,246,0,0,0,246,A
7-M,503,0,1,0,246,247,C
7-M,504,246,0,0,0,246,A
7-M,505,247,0,0,0,247,A
7-M,506,0,0,0,247,247,C
7-M,507,0,0,0,244,244,C
7-M,508,245,0,0,0,245,A
7-M,509,244,0,0,0,244,A
7-M,510,0,242,0,0,242,T
7-M,511,1,0,0,243,244,C
7-M,512,0,1,0,241,242,C
7-M,513,240,1,0,0,241,A
7-M,514,0,240,0,1,241,T
7-M,515,0,242,0,0,242,T
7-M,516,244,0,0,0,244,A
7-M,517,243,0,0,0,243,A
7-M,518,0,243,0,0,243,T
7-M,519,241,0,0,0,241,A
7-M,520,241,0,0,0,241,A
7-M,521,239,0,0,0,239,A
7-M,522,238,0,0,0,238,A
7-M,523,1,0,0,241,242,C
7-M,524,241,0,0,0,241,A
7-M,525,0,242,0,0,242,T
7-M,526,0,0,239,0,239,G
7-M,527,241,0,0,0,241,A
7-M,528,0,1,243,0,244,G
7-M,529,241,0,0,0,241,A
7-M,530,245,0,0,0,245,A
7-M,531,0,0,0,245,245,C
7-M,532,241,0,0,0,241,A
7-M,533,0,1,244,0,245,G
7-M,534,245,0,0,0,245,A
7-M,535,243,0,0,0,243,A
7-M,536,0,242,0,0,242,T
7-M,537,0,2,240,0,242,G
7-M,538,0,0,242,0,242,G
7-M,539,0,241,0,0,241,T
7-M,540,0,237,0,0,237,T
7-M,541,0,242,0,0,242,T
7-M,542,1,241,0,0,242,T
7-M,543,0,1,241,0,242,G
7-M,544,0,0,242,0,242,G
7-M,545,0,0,0,242,242,C
7-M,546,0,0,0,244,244,C
7-M,547,234,0,0,0,234,A
7-M,548,0,0,241,0,241,G
7-M,549,1,0,0,236,237,C
7-M,550,240,0,1,0,241,A
7-M,551,0,0,0,247,247,C
7-M,552,0,243,0,0,243,T
7-M,553,245,0,0,0,245,A
7-M,554,0,0,0,246,246,C
7-M,555,249,0,0,0,249,A
7-M,556,0,0,252,0,252,G
7-M,557,0,0,0,244,244,C
7-M,558,0,239,0,1,240,T
7-M,559,239,0,0,0,239,A
7-M,560,235,0,0,0,235,A
7-M,561,0,1,238,0,239,G
7-M,562,0,0,240,0,240,G
7-M,563,0,0,0,240,240,C
7-M,564,0,224,0,0,224,T
7-M,565,229,0,0,0,229,A
7-M,566,0,229,0,0,229,T
7-M,567,0,0,229,0,229,G
7-M,568,1,0,229,0,230,G
7-M,569,225,0,0,0,225,A
7-M,570,0,0,228,0,228,G
7-M,571,0,0,0,228,228,C
7-M,572,226,0,0,0,226,A
7-M,573,226,0,0,0,226,A
7-M,574,221,0,0,0,221,A
7-M,575,0,225,0,0,225,T
7-M,576,0,0,225,0,225,G
7-M,577,0,0,222,0,222,G
7-M,578,0,0,0,224,224,C
7-M,579,0,224,0,0,224,T
7-M,580,0,2,223,0,225,G
7-M,581,0,0,227,0,227,G
7-M,582,226,0,0,0,226,A
7-M,583,0,227,0,0,227,T
7-M,584,1,0,0,217,218,C
7-M,585,217,0,0,0,217,A
7-M,586,220,0,0,0,220,A
7-M,587,0,0,221,0,221,G
7-M,588,0,222,0,0,222,T
7-M,589,0,1,219,0,220,G
7-M,590,216,0,0,0,216,A
7-M,591,213,0,0,0,213,A
7-M,592,0,0,0,213,213,C
7-M,593,215,0,0,0,215,A
7-M,594,0,1,217,0,218,G
7-M,595,0,0,217,0,217,G
7-M,596,0,0,0,216,216,C
7-M,597,213,0,2,0,215,A
7-M,598,0,0,219,0,219,G
7-M,599,0,0,0,217,217,C
7-M,600,0,0,217,0,217,G
7-M,601,0,0,216,0,216,G
7-M,602,216,0,1,0,217,A
7-M,603,0,0,217,0,217,G
7-M,604,0,0,221,0,221,G
7-M,605,0,0,0,218,218,C
7-M,606,0,0,0,219,219,C
7-M,607,215,0,1,0,216,A
7-M,608,0,216,0,0,216,T
7-M,609,0,0,217,0,217,G
7-M,610,0,1,216,0,217,G
7-M,611,213,0,0,0,213,A
7-M,612,0,0,216,1,217,G
7-M,613,210,0,0,0,210,A
7-M,614,0,216,0,0,216,T
7-M,615,0,215,0,0,215,T
7-M,616,0,0,216,0,216,G
7-M,617,0,0,0,216,216,C
7-M,618,0,215,0,0,215,T
7-M,619,215,0,0,0,215,A
7-M,620,0,0,216,0,216,G
7-M,621,0,214,0,0,214,T
7-M,622,0,0,0,213,213,C
7-M,623,203,0,0,0,203,A
7-M,624,1,0,209,0,210,G
7-M,625,0,1,209,0,210,G
7-M,626,0,0,0,209,209,C
7-M,627,0,0,0,211,211,C
7-M,628,211,0,0,0,211,A
7-M,629,0,0,211,0,211,G
7-M,630,1,0,210,0,211,G
7-M,631,0,0,0,212,212,C
7-M,632,212,0,0,0,212,A
7-M,633,0,0,210,0,210,G
7-M,634,207,0,0,0,207,A
7-M,635,0,207,1,0,208,T
7-M,636,0,0,208,0,208,G
7-M,637,0,0,212,0,212,G
7-M,638,0,214,0,0,214,T
7-M,639,0,0,214,0,214,G
7-M,640,0,0,0,213,213,C
7-M,641,214,0,0,0,214,A
7-M,642,0,0,217,0,217,G
7-M,643,0,1,214,0,215,G
7-M,644,0,1,0,217,218,C
7-M,645,219,0,0,0,219,A
7-M,646,216,0,0,0,216,A
7-M,647,0,214,0,0,214,T
7-M,648,0,0,213,0,213,G
7-M,649,213,0,0,0,213,A
7-M,650,0,0,214,0,214,G
7-M,651,205,0,0,0,205,A
7-M,652,1,0,206,0,207,G
7-M,653,0,0,0,211,211,C
7-M,654,0,0,0,213,213,C
7-M,655,212,0,0,0,212,A
7-M,656,0,211,0,0,211,T
7-M,657,0,209,0,0,209,T
7-M,658,0,0,209,0,209,G
7-M,659,0,2,205,0,207,G
7-M,660,0,0,208,0,208,G
7-M,661,207,1,0,0,208,A
7-M,662,0,0,0,207,207,C
7-M,663,0,201,0,0,201,T
7-M,664,1,0,0,202,203,C
7-M,665,203,0,0,0,203,A
7-M,666,0,213,0,0,213,T
7-M,667,0,0,0,214,214,C
7-M,668,0,0,0,213,213,C
7-M,669,0,211,0,0,211,T
7-M,670,210,0,0,0,210,A
7-M,671,0,0,214,0,214,G
7-M,672,0,229,0,0,229,T
7-M,673,0,227,0,0,227,T
7-M,674,1,0,0,223,224,C
7-M,675,1,0,0,214,215,C
7-M,676,216,0,0,0,216,A
7-M,677,0,0,218,0,218,G
7-M,678,0,216,0,0,216,T
7-M,679,215,0,0,0,215,A
7-M,680,0,0,0,215,215,C
7-M,681,0,200,0,0,200,T
7-M,682,0,0,204,0,204,G
7-M,683,0,0,203,0,203,G
7-M,684,0,201,0,0,201,T
7-M,685,0,198,0,0,198,T
7-M,686,0,203,0,0,203,T
7-M,687,202,0,0,0,202,A
7-M,688,202,0,0,0,202,A
7-M,689,0,1,203,0,204,G
7-M,690,202,0,0,0,202,A
7-M,691,0,0,200,0,200,G
7-M,692,191,0,0,0,191,A
7-M,693,0,194,0,0,194,T
7-M,694,0,1,193,0,194,G
7-M,695,195,0,0,0,195,A
7-M,696,0,196,0,0,196,T
7-M,697,1,0,0,195,196,C
7-M,698,0,194,0,0,194,T
7-M,699,0,195,0,0,195,T
7-M,700,0,0,0,194,194,C
7-M,701,0,191,1,0,192,T
7-M,702,0,192,0,0,192,T
7-M,703,0,0,194,0,194,G
7-M,704,194,0,0,0,194,A
7-M,705,194,0,0,0,194,A
7-M,706,194,0,0,0,194,A
7-M,707,194,0,0,0,194,A
7-M,708,0,193,0,0,193,T
7-M,709,0,194,0,0,194,T
7-M,710,0,194,0,0,194,T
7-M,711,0,0,195,0,195,G
7-M,712,0,0,0,195,195,C
7-M,713,195,0,0,0,195,A
7-M,714,0,0,196,0,196,G
7-M,715,196,0,0,0,196,A
7-M,716,0,0,0,199,199,C
7-M,717,1,0,0,197,198,C
7-M,718,0,197,0,0,197,T
7-M,719,202,0,0,0,202,A
7-M,720,0,202,0,0,202,T
7-M,721,0,0,0,202,202,C
7-M,722,201,0,1,0,202,A
7-M,723,0,1,201,0,202,G
7-M,724,202,0,0,0,202,A
7-M,725,195,0,1,0,196,A
7-M,726,198,0,0,0,198,A
7-M,727,1,0,0,197,198,C
7-M,728,0,2,195,0,197,G
7-M,729,197,0,0,0,197,A
7-M,730,197,0,1,0,198,A
7-M,731,0,198,0,0,198,T
7-M,732,0,0,197,0,197,G
7-M,733,0,0,198,0,198,G
7-M,734,0,0,198,0,198,G
7-M,735,0,1,196,0,197,G
7-M,736,0,0,199,0,199,G
7-M,737,0,197,0,0,197,T
7-M,738,0,0,197,0,197,G
7-M,739,0,0,0,200,200,C
7-M,740,199,0,1,0,200,A
7-M,741,0,0,201,0,201,G
7-M,742,194,0,0,0,194,A
7-M,743,0,196,0,0,196,T
7-M,744,0,0,197,0,197,G
7-M,745,0,0,0,196,196,C
7-M,746,193,0,1,0,194,A
7-M,747,195,0,0,0,195,A
7-M,748,0,0,0,193,193,C
7-M,749,0,1,192,0,193,G
7-M,750,193,0,0,0,193,A
7-M,751,0,191,0,0,191,T
7-M,752,0,190,0,0,190,T
7-M,753,2,0,0,189,191,C
7-M,754,186,0,0,0,186,A
7-M,755,185,0,0,0,185,A
7-M,756,0,0,185,0,185,G
7-M,757,0,184,0,0,184,T
7-M,758,0,1,183,0,184,G
7-M,759,183,0,0,0,183,A
7-M,760,0,0,0,183,183,C
7-M,761,0,0,0,183,183,C
7-M,762,0,0,0,182,182,C
7-M,763,0,0,181,0,181,G
7-M,764,0,0,0,181,181,C
7-M,765,0,181,0,0,181,T
7-M,766,0,180,0,1,181,T
7-M,767,0,0,182,0,182,G
7-M,768,0,181,0,0,181,T
7-M,769,0,182,0,0,182,T
7-M,770,0,0,182,0,182,G
7-M,771,0,177,0,0,177,T
7-M,772,0,177,0,0,177,T
7-M,773,0,0,176,0,176,G
7-M,774,0,0,0,176,176,C
7-M,775,0,1,0,176,177,C
7-M,776,1,0,176,0,177,G
7-M,777,0,0,0,176,176,C
7-M,778,0,0,176,0,176,G
7-M,779,175,0,0,0,175,A
7-M,780,177,0,0,0,177,A
7-M,781,0,176,0,0,176,T
7-M,782,177,0,0,0,177,A
7-M,783,0,178,0,0,178,T
7-M,784,1,0,0,177,178,C
7-M,785,178,0,0,0,178,A
7-M,786,0,178,0,0,178,T
7-M,787,0,177,0,0,177,T
7-M,788,0,0,176,0,176,G
7-M,789,0,0,175,0,175,G
7-M,790,0,0,175,0,175,G
7-M,791,179,0,0,0,179,A
7-M,792,0,174,0,0,174,T
7-M,793,0,0,0,169,169,C
7-M,794,0,167,1,0,168,T
7-M,795,0,169,0,0,169,T
7-M,796,0,0,169,0,169,G
7-M,797,1,0,0,167,168,C
7-M,798,168,0,2,0,170,A
7-M,799,0,0,0,170,170,C
7-M,800,1,167,0,0,168,T
7-M,801,0,170,0,0,170,T
7-M,802,0,1,167,0,168,G
7-M,803,170,0,0,0,170,A
7-M,804,0,169,0,0,169,T
7-M,805,165,0,0,0,165,A
7-M,806,0,164,0,0,164,T
7-M,807,0,153,0,1,154,T
7-M,808,0,0,154,0,154,G
7-M,809,0,152,0,0,152,T
7-M,810,0,0,152,0,152,G
7-M,811,0,0,152,0,152,G
7-M,812,150,0,0,0,150,A
7-M,813,0,150,0,0,150,T
7-M,814,0,149,0,0,149,T
7-M,815,0,0,0,149,149,C
7-M,816,0,148,0,0,148,T
7-M,817,0,148,0,0,148,T
7-M,818,0,1,147,0,148,G
7-M,819,147,0,0,0,147,A
7-M,820,0,147,0,0,147,T
7-M,821,0,0,0,143,143,C
7-M,822,0,0,141,0,141,G
7-M,823,0,144,0,0,144,T
7-M,824,1,0,0,144,145,C
7-M,825,0,144,0,0,144,T
7-M,826,0,144,0,0,144,T
7-M,827,0,144,0,0,144,T
7-M,828,0,144,0,0,144,T
7-M,829,0,145,0,0,145,T
7-M,830,0,145,0,0,145,T
7-M,831,0,145,0,0,145,T
7-M,832,0,0,0,145,145,C
7-M,833,145,0,0,0,145,A
7-M,834,145,0,0,0,145,A
7-M,835,145,0,0,0,145,A
7-M,836,0,145,0,0,145,T
7-M,837,0,0,146,0,146,G
7-M,838,0,0,0,147,147,C
7-M,839,0,0,147,0,147,G
7-M,840,0,149,0,0,149,T
7-M,841,0,0,0,148,148,C
7-M,842,0,149,0,0,149,T
7-M,843,149,0,0,0,149,A
7-M,844,0,149,0,0,149,T
7-M,845,0,0,0,147,147,C
7-M,846,0,0,145,0,145,G
7-M,847,145,0,0,0,145,A
7-M,848,0,0,0,145,145,C
7-M,849,0,141,0,0,141,T
7-M,850,0,0,0,144,144,C
7-M,851,0,143,0,0,143,T
7-M,852,0,143,0,0,143,T
7-M,853,0,0,0,143,143,C
7-M,854,143,0,0,0,143,A
7-M,855,143,0,0,0,143,A
7-M,856,142,0,0,0,142,A
7-M,857,0,1,0,140,141,C
7-M,858,139,0,0,0,139,A
7-M,859,0,0,0,133,133,C
7-M,860,0,0,131,0,131,G
7-M,861,0,0,137,0,137,G
7-M,862,0,0,0,139,139,C
7-M,863,0,0,0,138,138,C
7-M,864,0,140,0,0,140,T
7-M,865,0,140,0,0,140,T
7-M,866,140,0,0,0,140,A
7-M,867,141,0,0,0,141,A
7-M,868,141,0,0,0,141,A
7-M,869,140,0,0,0,140,A
7-M,870,0,0,141,0,141,G
7-M,871,121,0,0,0,121,A
7-M,872,0,0,121,0,121,G
7-M,873,0,0,122,0,122,G
7-M,874,0,1,0,120,121,C
7-M,875,0,0,0,119,119,C
7-M,876,1,0,0,118,119,C
7-M,877,0,121,0,0,121,T
7-M,878,0,121,0,0,121,T
7-M,879,0,0,0,122,122,C
7-M,880,0,121,0,0,121,T
7-M,881,121,0,0,0,121,A
7-M,882,0,0,0,121,121,C
7-M,883,0,0,117,0,117,G
7-M,884,0,0,118,0,118,G
7-M,885,115,0,1,0,116,A
7-M,886,117,0,0,0,117,A
7-M,887,0,0,116,0,116,G
7-M,888,0,0,116,0,116,G
7-M,889,116,0,0,0,116,A
7-M,890,0,0,116,0,116,G
7-M,891,0,116,0,0,116,T
7-M,892,118,0,0,0,118,A
7-M,893,0,0,0,117,117,C
7-M,894,0,0,0,117,117,C
7-M,895,0,117,0,0,117,T
7-M,896,0,0,118,0,118,G
7-M,897,116,0,0,0,116,A
7-M,898,0,0,118,0,118,G
7-M,899,0,112,0,0,112,T
7-M,900,0,0,0,113,113,C
7-M,901,0,110,0,0,110,T
7-M,902,110,0,0,0,110,A
7-M,903,0,109,0,1,110,T
7-M,904,0,0,110,0,110,G
7-M,905,108,0,1,0,109,A
7-M,906,0,0,109,0,109,G
7-M,907,0,0,102,0,102,G
7-M,908,0,0,102,0,102,G
7-M,909,100,0,0,0,100,A
7-M,910,100,0,0,0,100,A
7-M,911,0,0,100,0,100,G
7-M,912,98,0,0,0,98,A
7-M,913,98,0,0,0,98,A
7-M,914,0,96,0,0,96,T
7-M,915,94,0,0,0,94,A
7-M,916,0,94,0,0,94,T
7-M,917,0,1,0,92,93,C
7-M,918,0,0,95,0,95,G
7-M,919,94,0,0,0,94,A
7-M,920,95,0,0,0,95,A
7-M,921,95,0,0,0,95,A
7-M,922,0,0,93,0,93,G
7-M,923,0,0,93,0,93,G
7-M,924,93,0,0,0,93,A
7-M,925,93,0,0,0,93,A
7-M,926,0,0,0,94,94,C
7-M,927,91,0,0,0,91,A
7-M,928,0,0,92,0,92,G
7-M,929,0,0,0,92,92,C
7-M,930,91,0,0,0,91,A
7-M,931,0,0,90,0,90,G
7-M,932,87,0,0,0,87,A
7-M,933,87,0,0,0,87,A
7-M,934,0,87,0,0,87,T
7-M,935,0,0,85,0,85,G
7-M,936,0,0,0,85,85,C
7-M,937,0,81,0,0,81,T
7-M,938,0,0,82,0,82,G
7-M,939,0,81,0,0,81,T
7-M,940,0,0,79,0,79,G
7-M,941,0,0,79,0,79,G
7-M,942,79,0,0,0,79,A
7-M,943,0,79,0,0,79,T
7-M,944,0,0,76,0,76,G
7-M,945,0,0,0,74,74,C
7-M,946,0,63,0,0,63,T
7-M,947,1,0,58,0,59,G
7-M,948,58,0,0,0,58,A
7-M,949,0,0,0,58,58,C
7-M,950,0,0,58,0,58,G
7-M,951,56,0,0,0,56,A
7-M,952,0,0,0,56,56,C
7-M,953,54,0,0,0,54,A
7-M,954,0,0,54,0,54,G
7-M,955,0,54,0,0,54,T
7-M,956,0,0,0,54,54,C
7-M,957,54,0,0,0,54,A
7-M,958,0,52,0,0,52,T
7-M,959,0,52,0,0,52,T
7-M,960,0,52,0,0,52,T
7-M,961,0,52,0,0,52,T
7-M,962,1,0,51,0,52,G
7-M,963,0,49,0,0,49,T
7-M,964,0,0,0,49,49,C
7-M,965,45,0,0,0,45,A
7-M,966,0,0,45,0,45,G
7-M,967,0,0,0,44,44,C
7-M,968,45,0,0,0,45,A
7-M,969,0,45,0,0,45,T
7-M,970,44,0,0,0,44,A
7-M,971,0,0,44,0,44,G
7-M,972,44,0,0,0,44,A
7-M,973,0,0,44,0,44,G
7-M,974,0,42,0,0,42,T
7-M,975,0,30,0,0,30,T
7-M,976,0,1,29,0,30,G
7-M,977,0,0,29,0,29,G
7-M,978,29,0,0,0,29,A
7-M,979,0,0,29,0,29,G
7-M,980,0,18,0,0,18,T
7-M,981,18,0,0,0,18,A
7-M,982,15,0,0,0,15,A
8-NS,1,506,0,0,0,506,A
8-NS,2,0,506,0,0,506,T
8-NS,3,0,0,538,0,538,G
8-NS,4,0,3,562,0,565,G
8-NS,5,616,0,0,0,616,A
8-NS,6,0,1285,0,0,1285,T
8-NS,7,0,1284,0,1,1285,T
8-NS,8,1,0,0,1339,1340,C
8-NS,9,0,1,0,1337,1338,C
8-NS,10,1342,0,1,0,1343,A
8-NS,11,1356,0,0,0,1356,A
8-NS,12,0,1,0,1360,1361,C
8-NS,13,1358,0,1,0,1359,A
8-NS,14,0,0,0,1374,1374,C
8-NS,15,0,1374,0,0,1374,T
8-NS,16,0,0,1515,0,1515,G
8-NS,17,0,1515,0,2,1517,T
8-NS,18,1,0,1529,1,1531,G
8-NS,19,0,1530,0,3,1533,T
8-NS,20,10,0,0,1524,1534,C
8-NS,21,1532,2,1,0,1535,A
8-NS,22,1534,0,0,0,1534,A
8-NS,23,0,1,1553,0,1554,G
8-NS,24,0,1592,0,1,1593,T
8-NS,25,1,1570,1,0,1572,T
8-NS,26,1,1600,0,0,1601,T
8-NS,27,3,0,0,1600,1603,C
8-NS,28,2,0,0,1604,1606,C
8-NS,29,1607,0,0,0,1607,A
8-NS,30,0,3,1619,0,1622,G
8-NS,31,1,0,1627,0,1628,G
8-NS,32,0,1630,0,0,1630,T
8-NS,33,1633,0,1,0,1634,A
8-NS,34,0,2,1650,0,1652,G
8-NS,35,1648,0,2,0,1650,A
8-NS,36,1,1661,0,0,1662,T
8-NS,37,1,1655,0,1,1657,T
8-NS,38,0,0,1676,0,1676,G
8-NS,39,0,0,0,1675,1675,C
8-NS,40,0,1672,0,1,1673,T
8-NS,41,0,1686,0,0,1686,T
8-NS,42,0,1698,0,0,1698,T
8-NS,43,2,0,1,1717,1720,C
8-NS,44,0,1728,0,0,1728,T
8-NS,45,0,1730,0,0,1730,T
8-NS,46,0,1732,0,0,1732,T
8-NS,47,2,3,1745,0,1750,G
8-NS,48,0,1,1755,0,1756,G
8-NS,49,1,0,0,1756,1757,C
8-NS,50,1755,0,1,0,1756,A
8-NS,51,0,1755,0,0,1755,T
8-NS,52,1767,0,0,0,1767,A
8-NS,53,0,1901,0,0,1901,T
8-NS,54,0,0,0,1922,1922,C
8-NS,55,3,0,0,1918,1921,C
8-NS,56,0,0,1919,0,1919,G
8-NS,57,0,1914,1,0,1915,T
8-NS,58,1942,1,0,0,1943,A
8-NS,59,1946,0,2,0,1948,A
8-NS,60,1945,0,2,1,1948,A
8-NS,61,1,0,0,1956,1957,C
8-NS,62,1926,1,0,0,1927,A
8-NS,63,1926,0,2,0,1928,A
8-NS,64,0,0,2023,0,2023,G
8-NS,65,0,2030,0,3,2033,T
8-NS,66,0,2031,0,0,2031,T
8-NS,67,1,0,2037,1,2039,G
8-NS,68,0,2037,0,0,2037,T
8-NS,69,2038,0,2,0,2040,A
8-NS,70,0,9,2040,0,2049,G
8-NS,71,2168,0,0,0,2168,A
8-NS,72,0,0,0,2196,2196,C
8-NS,73,3,1,0,2174,2178,C
8-NS,74,2175,0,0,0,2175,A
8-NS,75,2182,0,0,0,2182,A
8-NS,76,0,8,2307,0,2315,G
8-NS,77,2314,0,1,0,2315,A
8-NS,78,2328,1,0,0,2329,A
8-NS,79,0,1,0,2337,2338,C
8-NS,80,0,2295,0,1,2296,T
8-NS,81,0,6,2312,0,2318,G
8-NS,82,2303,1,1,1,2306,A
8-NS,83,0,0,2353,0,2353,G
8-NS,84,0,2355,0,1,2356,T
8-NS,85,0,0,2327,0,2327,G
8-NS,86,2331,0,1,0,2332,A
8-NS,87,0,2325,0,0,2325,T
8-NS,88,1,2,2372,1,2376,G
8-NS,89,1,1,0,2408,2410,C
8-NS,90,3,3,1,2405,2412,C
8-NS,91,4,0,0,2422,2426,C
8-NS,92,2,2,1,2404,2409,C
8-NS,93,2421,1,1,0,2423,A
8-NS,94,0,2454,1,1,2456,T
8-NS,95,0,2484,1,0,2485,T
8-NS,96,6,1,0,2488,2495,C
8-NS,97,4,0,0,2488,2492,C
8-NS,98,1,2486,0,2,2489,T
8-NS,99,0,2487,0,1,2488,T
8-NS,100,0,14,2475,0,2489,G
8-NS,101,2483,0,1,0,2484,A
8-NS,102,0,2486,0,0,2486,T
8-NS,103,11,0,0,2464,2475,C
8-NS,104,0,3,2472,0,2475,G
8-NS,105,1,1,2487,0,2489,G
8-NS,106,1,0,0,2489,2490,C
8-NS,107,0,2481,0,6,2487,T
8-NS,108,0,2493,0,1,2494,T
8-NS,109,9,0,0,2486,2495,C
8-NS,110,1,3,2496,1,2501,G
8-NS,111,1,1,0,2503,2505,C
8-NS,112,6,2,1,2497,2506,C
8-NS,113,1,4,2505,0,2510,G
8-NS,114,2504,1,0,0,2505,A
8-NS,115,0,9,2590,0,2599,G
8-NS,116,2599,0,1,0,2600,A
8-NS,117,0,2600,1,1,2602,T
8-NS,118,4,0,0,2604,2608,C
8-NS,119,2592,1,1,0,2594,A
8-NS,120,1,2,2607,0,2610,G
8-NS,121,2594,0,2,1,2597,A
8-NS,122,1,6,2608,0,2615,G
8-NS,123,1,1,2651,0,2653,G
8-NS,124,1,2674,0,3,2678,T
8-NS,125,3,0,0,2823,2826,C
8-NS,126,3,0,1,2821,2825,C
8-NS,127,5,0,0,2835,2840,C
8-NS,128,0,2843,0,0,2843,T
8-NS,129,2848,0,0,0,2848,A
8-NS,130,2845,0,3,0,2848,A
8-NS,131,0,2,2879,0,2881,G
8-NS,132,1,5,2871,0,2877,G
8-NS,133,1,6,2846,1,2854,G
8-NS,134,0,2,2797,1,2800,G
8-NS,135,2795,0,1,0,2796,A
8-NS,136,2786,0,2,0,2788,A
8-NS,137,0,5,2804,0,2809,G
8-NS,138,2864,1,7,0,2872,A
8-NS,139,0,3,2905,0,2908,G
8-NS,140,2,0,2899,1,2902,G
8-NS,141,0,1,0,2906,2907,C
8-NS,142,2902,2,1,0,2905,A
8-NS,143,2900,0,1,0,2901,A
8-NS,144,0,2908,0,1,2909,T
8-NS,145,2935,0,1,0,2936,A
8-NS,146,0,1,0,2974,2975,C
8-NS,147,2,2915,0,1,2918,T
8-NS,148,3,0,0,2921,2924,C
8-NS,149,0,2894,0,2,2896,T
8-NS,150,5,1,0,2909,2915,C
8-NS,151,0,11,2937,0,2948,G
8-NS,152,2,1,3113,0,3116,G
8-NS,153,0,3114,0,4,3118,T
8-NS,154,8,0,0,3119,3127,C
8-NS,155,0,3113,0,0,3113,T
8-NS,156,3126,1,4,0,3131,A
8-NS,157,1,10,3125,0,3136,G
8-NS,158,3130,0,3,1,3134,A
8-NS,159,0,0,0,3212,3212,C
8-NS,160,3159,1,1,0,3161,A
8-NS,161,3,3117,0,3,3123,T
8-NS,162,4,0,1,3117,3122,C
8-NS,163,3120,0,0,0,3120,A
8-NS,164,3123,0,0,0,3123,A
8-NS,165,3098,0,6,0,3104,A
8-NS,166,0,1,3117,0,3118,G
8-NS,167,2,6,0,3119,3127,C
8-NS,168,3079,1,1,0,3081,A
8-NS,169,3,2,3091,1,3097,G
8-NS,170,1,1,0,3095,3097,C
8-NS,171,6,2,0,3095,3103,C
8-NS,172,3118,0,2,0,3120,A
8-NS,173,1,0,0,3154,3155,C
8-NS,174,4,0,0,3145,3149,C
8-NS,175,8,2,0,3145,3155,C
8-NS,176,3184,10,2,0,3196,A
8-NS,177,0,3196,0,0,3196,T
8-NS,178,2,0,3201,0,3203,G
8-NS,179,0,3201,0,1,3202,T
8-NS,180,0,3187,0,2,3189,T
8-NS,181,0,4,3170,0,3174,G
8-NS,182,0,1,3143,1,3145,G
8-NS,183,3138,1,4,0,3143,A
8-NS,184,3139,0,1,0,3140,A
8-NS,185,3107,0,3,0,3110,A
8-NS,186,1,0,3123,1,3125,G
8-NS,187,2,0,0,3130,3132,C
8-NS,188,3128,2,0,0,3130,A
8-NS,189,3122,0,0,1,3123,A
8-NS,190,3107,0,3,0,3110,A
8-NS,191,0,3142,0,0,3142,T
8-NS,192,0,3144,0,1,3145,T
8-NS,193,2,0,3206,0,3208,G
8-NS,194,3,3203,0,3,3209,T
8-NS,195,3187,0,1,0,3188,A
8-NS,196,1,7,3178,0,3186,G
8-NS,197,3183,0,0,0,3183,A
8-NS,198,3179,2,0,0,3181,A
8-NS,199,3184,0,1,0,3185,A
8-NS,200,3172,2,0,1,3175,A
8-NS,201,0,1,3185,0,3186,G
8-NS,202,3156,0,0,0,3156,A
8-NS,203,1,3158,0,1,3160,T
8-NS,204,1,3155,0,1,3157,T
8-NS,205,10,0,0,3159,3169,C
8-NS,206,0,3165,0,1,3166,T
8-NS,207,0,7,3164,1,3172,G
8-NS,208,3167,0,0,0,3167,A
8-NS,209,3162,1,1,0,3164,A
8-NS,210,3152,0,4,1,3157,A
8-NS,211,0,5,3163,0,3168,G
8-NS,212,3164,0,0,0,3164,A
8-NS,213,3159,1,2,0,3162,A
8-NS,214,0,10,3171,0,3181,G
8-NS,215,3190,1,2,0,3193,A
8-NS,216,3196,0,1,0,3197,A
8-NS,217,0,3194,0,1,3195,T
8-NS,218,2,1,0,3227,3230,C
8-NS,219,0,3224,0,1,3225,T
8-NS,220,0,11,3226,0,3237,G
8-NS,221,3237,0,2,0,3239,A
8-NS,222,1,3235,0,0,3236,T
8-NS,223,1,4,3216,0,3221,G
8-NS,224,3199,1,0,0,3200,A
8-NS,225,0,5,3186,0,3191,G
8-NS,226,2,1,3204,0,3207,G
8-NS,227,4,1,0,3190,3195,C
8-NS,228,3203,0,2,1,3206,A
8-NS,229,0,0,0,3287,3287,C
8-NS,230,2,3281,0,1,3284,T
8-NS,231,0,3294,0,0,3294,T
8-NS,232,3308,1,0,0,3309,A
8-NS,233,3316,2,1,0,3319,A
8-NS,234,3307,0,1,0,3308,A
8-NS,235,3302,0,2,0,3304,A
8-NS,236,0,3299,0,0,3299,T
8-NS,237,0,22,3283,0,3305,G
8-NS,238,3293,1,5,0,3299,A
8-NS,239,1,0,0,3300,3301,C
8-NS,240,7,3,0,3271,3281,C
8-NS,241,3289,0,0,0,3289,A
8-NS,242,1,3283,0,3,3287,T
8-NS,243,0,9,3349,0,3358,G
8-NS,244,0,1,3390,0,3391,G
8-NS,245,2,3412,0,0,3414,T
8-NS,246,17,4,0,3535,3556,C
8-NS,247,1,3524,0,6,3531,T
8-NS,248,8,0,0,3579,3587,C
8-NS,249,1,3,0,3579,3583,C
8-NS,250,3598,0,1,0,3599,A
8-NS,251,0,1,0,3616,3617,C
8-NS,252,3570,1,3,0,3574,A
8-NS,253,2,0,0,3584,3586,C
8-NS,254,3,0,0,3561,3564,C
8-NS,255,1,3417,0,1,3419,T
8-NS,256,0,0,3426,0,3426,G
8-NS,257,0,1,0,3404,3405,C
8-NS,258,1,3382,0,0,3383,T
8-NS,259,1,3407,0,1,3409,T
8-NS,260,2,1,0,3382,3385,C
8-NS,261,1,4,3388,0,3393,G
8-NS,262,2,1,0,3377,3380,C
8-NS,263,1,6,3379,0,3386,G
8-NS,264,3532,0,2,0,3534,A
8-NS,265,0,3527,1,1,3529,T
8-NS,266,3607,1,3,0,3611,A
8-NS,267,1,0,0,3618,3619,C
8-NS,268,3599,0,1,1,3601,A
8-NS,269,0,3671,0,1,3672,T
8-NS,270,3638,0,1,0,3639,A
8-NS,271,3652,1,1,0,3654,A
8-NS,272,0,0,0,3661,3661,C
8-NS,273,0,3552,0,1,3553,T
8-NS,274,1,14,3580,0,3595,G
8-NS,275,3530,0,7,0,3537,A
8-NS,276,0,0,0,3558,3558,C
8-NS,277,3556,0,1,0,3557,A
8-NS,278,1,3532,0,1,3534,T
8-NS,279,0,19,3523,2,3544,G
8-NS,280,3538,0,1,0,3539,A
8-NS,281,1,0,0,3642,3643,C
8-NS,282,0,3624,0,0,3624,T
8-NS,283,3680,0,1,0,3681,A
8-NS,284,2,3678,0,0,3680,T
8-NS,285,1,3656,0,0,3657,T
8-NS,286,0,7,3654,0,3661,G
8-NS,287,3637,0,2,0,3639,A
8-NS,288,2,5,3634,0,3641,G
8-NS,289,0,14,3614,2,3630,G
8-NS,290,3549,1,1,0,3551,A
8-NS,291,3562,0,1,1,3564,A
8-NS,292,0,3498,0,0,3498,T
8-NS,293,0,3496,0,1,3497,T
8-NS,294,0,1,3561,1,3563,G
8-NS,295,3,3555,1,5,3564,T
8-NS,296,21,1,1,3544,3567,C
8-NS,297,3569,0,2,0,3571,A
8-NS,298,3573,0,1,0,3574,A
8-NS,299,0,8,3570,0,3578,G
8-NS,300,3577,0,0,1,3578,A
8-NS,301,3588,0,1,0,3589,A
8-NS,302,3588,0,2,1,3591,A
8-NS,303,0,0,0,3574,3574,C
8-NS,304,2,3540,0,2,3544,T
8-NS,305,2,5,3583,0,3590,G
8-NS,306,1,0,3633,0,3634,G
8-NS,307,0,3634,0,1,3635,T
8-NS,308,1,3623,0,3,3627,T
8-NS,309,11,1,1,3604,3617,C
8-NS,310,3633,0,1,0,3634,A
8-NS,311,1,3696,0,1,3698,T
8-NS,312,2,2,3718,0,3722,G
8-NS,313,1,0,0,3740,3741,C
8-NS,314,0,3696,0,6,3702,T
8-NS,315,3654,0,1,0,3655,A
8-NS,316,3712,1,1,1,3715,A
8-NS,317,0,3740,0,1,3741,T
8-NS,318,2,2,3737,0,3741,G
8-NS,319,0,0,0,3719,3719,C
8-NS,320,3,0,0,3677,3680,C
8-NS,321,12,3,0,3675,3690,C
8-NS,322,3678,0,1,0,3679,A
8-NS,323,3678,0,3,0,3681,A
8-NS,324,0,0,3702,0,3702,G
8-NS,325,2,1,0,3706,3709,C
8-NS,326,3693,2,0,0,3695,A
8-NS,327,3,4,3721,0,3728,G
8-NS,328,3715,0,0,0,3715,A
8-NS,329,3711,0,2,0,3713,A
8-NS,330,3707,2,0,0,3709,A
8-NS,331,3676,0,1,0,3677,A
8-NS,332,1,3712,0,0,3713,T
8-NS,333,1,3,3722,0,3726,G
8-NS,334,0,2,3730,0,3732,G
8-NS,335,3729,1,1,0,3731,A
8-NS,336,3697,0,3,0,3700,A
8-NS,337,0,7,3696,1,3704,G
8-NS,338,0,6,3880,0,3886,G
8-NS,339,3932,0,2,0,3934,A
8-NS,340,0,1,0,3929,3930,C
8-NS,341,2,1,0,3925,3928,C
8-NS,342,5,2277,0,1630,3912,T
8-NS,343,6,1,0,3982,3989,C
8-NS,344,0,3984,0,1,3985,T
8-NS,345,0,3988,1,2,3991,T
8-NS,346,0,3980,0,1,3981,T
8-NS,347,1,5,3824,1,3831,G
8-NS,348,1,0,0,3850,3851,C
8-NS,349,3804,0,2,0,3806,A
8-NS,350,1,3810,0,2,3813,T
8-NS,351,11,0,0,3792,3803,C
8-NS,352,3842,0,3,0,3845,A
8-NS,353,1,11,3947,0,3959,G
8-NS,354,3946,1,0,0,3947,A
8-NS,355,3952,0,1,0,3953,A
8-NS,356,0,3943,0,1,3944,T
8-NS,357,0,10,3902,0,3912,G
8-NS,358,7,23,3916,0,3946,G
8-NS,359,3943,2,2,1,3948,A
8-NS,360,2,1,0,3944,3947,C
8-NS,361,7,0,0,3856,3863,C
8-NS,362,3799,0,5,0,3804,A
8-NS,363,0,8,3835,0,3843,G
8-NS,364,4,1,3830,0,3835,G
8-NS,365,0,1,0,3845,3846,C
8-NS,366,3827,3,2,0,3832,A
8-NS,367,3830,0,0,0,3830,A
8-NS,368,0,3823,0,1,3824,T
8-NS,369,11,0,0,3820,3831,C
8-NS,370,3832,2,1,0,3835,A
8-NS,371,1,3818,0,1,3820,T
8-NS,372,1,8,3763,1,3773,G
8-NS,373,2,10,3773,0,3785,G
8-NS,374,3778,0,0,0,3778,A
8-NS,375,1,5,3818,0,3824,G
8-NS,376,3778,0,4,0,3782,A
8-NS,377,3782,0,0,1,3783,A
8-NS,378,3781,0,2,1,3784,A
8-NS,379,3782,0,0,0,3782,A
8-NS,380,3792,0,4,2,3798,A
8-NS,381,0,3,0,3805,3808,C
8-NS,382,3783,0,1,0,3784,A
8-NS,383,0,3776,0,0,3776,T
8-NS,384,4,1,0,3735,3740,C
8-NS,385,3738,0,3,1,3742,A
8-NS,386,1,3748,0,1,3750,T
8-NS,387,0,0,3760,0,3760,G
8-NS,388,0,3758,0,5,3763,T
8-NS,389,1,3735,1,4,3741,T
8-NS,390,0,10,3723,2,3735,G
8-NS,391,3730,0,2,0,3732,A
8-NS,392,3732,0,1,0,3733,A
8-NS,393,3738,0,3,0,3741,A
8-NS,394,0,2,3753,0,3755,G
8-NS,395,2,2,0,3728,3732,C
8-NS,396,5,19,3714,0,3738,G
8-NS,397,3732,0,3,0,3735,A
8-NS,398,3732,2,2,0,3736,A
8-NS,399,0,3735,0,0,3735,T
8-NS,400,0,3730,0,6,3736,T
8-NS,401,0,3740,1,0,3741,T
8-NS,402,9,1,1,3727,3738,C
8-NS,403,3707,0,4,0,3711,A
8-NS,404,2,0,3722,0,3724,G
8-NS,405,0,3713,2,5,3720,T
8-NS,406,1,1,3714,1,3717,G
8-NS,407,0,3700,0,3,3703,T
8-NS,408,1,12,3724,0,3737,G
8-NS,409,3747,0,0,0,3747,A
8-NS,410,0,3741,1,1,3743,T
8-NS,411,1,3740,1,2,3744,T
8-NS,412,0,3738,1,2,3741,T
8-NS,413,1,3737,2,1,3741,T
8-NS,414,0,3740,0,1,3741,T
8-NS,415,1,19,3728,1,3749,G
8-NS,416,3755,0,4,1,3760,A
8-NS,417,0,2,0,3756,3758,C
8-NS,418,8,2,0,3693,3703,C
8-NS,419,0,18,3704,0,3722,G
8-NS,420,3905,0,0,0,3905,A
8-NS,421,2,0,0,3973,3975,C
8-NS,422,0,3965,1,2,3968,T
8-NS,423,3987,1,2,0,3990,A
8-NS,424,0,4,3988,0,3992,G
8-NS,425,3980,1,10,0,3991,A
8-NS,426,1,15,4001,0,4017,G
8-NS,427,4011,0,1,1,4013,A
8-NS,428,1,0,0,4133,4134,C
8-NS,429,17,3,0,3941,3961,C
8-NS,430,3845,1,4,1,3851,A
8-NS,431,0,4030,1,4,4035,T
8-NS,432,4012,1,3,0,4016,A
8-NS,433,0,0,4333,0,4333,G
8-NS,434,1,4286,1,1,4289,T
8-NS,435,4277,0,0,2,4279,A
8-NS,436,2,4264,1,3,4270,T
8-NS,437,0,4174,0,1,4175,T
8-NS,438,4296,0,0,0,4296,A
8-NS,439,0,0,0,4295,4295,C
8-NS,440,0,4142,0,0,4142,T
8-NS,441,4132,0,1,0,4133,A
8-NS,442,3788,1,1,0,3790,A
8-NS,443,0,6,3804,0,3810,G
8-NS,444,0,6,3791,1,3798,G
8-NS,445,1,2,3795,0,3798,G
8-NS,446,2,0,0,3742,3744,C
8-NS,447,0,3679,0,9,3688,T
8-NS,448,1,3684,0,1,3686,T
8-NS,449,0,3728,0,1,3729,T
8-NS,450,4,1,1,3735,3741,C
8-NS,451,3789,0,4,0,3793,A
8-NS,452,1,2,1,3779,3783,C
8-NS,453,8,4,0,3743,3755,C
8-NS,454,0,6,3752,0,3758,G
8-NS,455,3751,0,1,0,3752,A
8-NS,456,3759,2,1,0,3762,A
8-NS,457,0,1,3770,0,3771,G
8-NS,458,3724,0,4,1,3729,A
8-NS,459,0,5,3735,0,3740,G
8-NS,460,0,7,3679,0,3686,G
8-NS,461,0,12,3696,0,3708,G
8-NS,462,3697,1,7,0,3705,A
8-NS,463,2,0,3708,1,3711,G
8-NS,464,0,1,0,3691,3692,C
8-NS,465,3694,0,1,0,3695,A
8-NS,466,3706,1,1,0,3708,A
8-NS,467,0,3704,0,0,3704,T
8-NS,468,0,3682,0,1,3683,T
8-NS,469,0,1,3687,0,3688,G
8-NS,470,0,3639,0,3,3642,T
8-NS,471,0,3635,1,2,3638,T
8-NS,472,0,10,3632,1,3643,G
8-NS,473,0,1,3635,0,3636,G
8-NS,474,2,1,1,3634,3638,C
8-NS,475,2,7,3625,0,3634,G
8-NS,476,3631,2,0,0,3633,A
8-NS,477,3649,2,1,0,3652,A
8-NS,478,3667,0,0,1,3668,A
8-NS,479,0,3685,0,0,3685,T
8-NS,480,7,0,0,3677,3684,C
8-NS,481,2,3663,0,5,3670,T
8-NS,482,8,2,1,3666,3677,C
8-NS,483,3676,0,5,0,3681,A
8-NS,484,0,0,0,3694,3694,C
8-NS,485,5,0,0,3687,3692,C
8-NS,486,3661,1,0,1,3663,A
8-NS,487,0,3652,1,3,3656,T
8-NS,488,1,3630,0,2,3633,T
8-NS,489,2,1,3643,0,3646,G
8-NS,490,0,0,0,3640,3640,C
8-NS,491,10,2,0,3634,3646,C
8-NS,492,0,3651,1,4,3656,T
8-NS,493,0,3644,0,1,3645,T
8-NS,494,1,1,0,3656,3658,C
8-NS,495,0,3653,1,4,3658,T
8-NS,496,0,3660,0,0,3660,T
8-NS,497,2,3717,1,2,3722,T
8-NS,498,1,3693,1,2,3697,T
8-NS,499,6,1,0,3692,3699,C
8-NS,500,7,1,0,3680,3688,C
8-NS,501,3686,0,2,0,3688,A
8-NS,502,8,1,3722,0,3731,G
8-NS,503,1,11,3696,0,3708,G
8-NS,504,3758,0,1,0,3759,A
8-NS,505,1,0,0,3760,3761,C
8-NS,506,3783,0,1,0,3784,A
8-NS,507,0,3791,0,1,3792,T
8-NS,508,3794,1,2,0,3797,A
8-NS,509,0,0,0,4078,4078,C
8-NS,510,0,4065,0,0,4065,T
8-NS,511,4026,0,1,0,4027,A
8-NS,512,0,4022,0,1,4023,T
8-NS,513,1,3889,0,1,3891,T
8-NS,514,0,3,3893,0,3896,G
8-NS,515,3740,0,1,0,3741,A
8-NS,516,0,8,3736,0,3744,G
8-NS,517,0,6,3720,0,3726,G
8-NS,518,3392,0,0,0,3392,A
8-NS,519,1,3399,0,0,3400,T
8-NS,520,0,0,3394,0,3394,G
8-NS,521,1,3384,0,3,3388,T
8-NS,522,19,1,0,3393,3413,C
8-NS,523,3403,0,4,0,3407,A
8-NS,524,3404,1,0,1,3406,A
8-NS,525,3408,1,0,1,3410,A
8-NS,526,3391,0,1,1,3393,A
8-NS,527,3416,2,1,0,3419,A
8-NS,528,0,3401,0,2,3403,T
8-NS,529,4,1,3396,0,3401,G
8-NS,530,0,0,1,3438,3439,C
8-NS,531,3439,0,0,0,3439,A
8-NS,532,3447,0,0,0,3447,A
8-NS,533,1,3453,0,1,3455,T
8-NS,534,0,3454,1,1,3456,T
8-NS,535,1,9,3440,0,3450,G
8-NS,536,3,7,3421,1,3432,G
8-NS,537,0,5,3438,1,3444,G
8-NS,538,1,0,3474,0,3475,G
8-NS,539,1,3435,0,4,3440,T
8-NS,540,7,0,0,3441,3448,C
8-NS,541,11,2,0,3446,3459,C
8-NS,542,0,3453,0,9,3462,T
8-NS,543,7,3,0,3487,3497,C
8-NS,544,3490,1,0,0,3491,A
8-NS,545,0,3509,0,0,3509,T
8-NS,546,5,0,0,3500,3505,C
8-NS,547,3,1,3461,1,3466,G
8-NS,548,1,0,3470,0,3471,G
8-NS,549,3421,0,0,0,3421,A
8-NS,550,0,7,3416,0,3423,G
8-NS,551,0,7,3428,0,3435,G
8-NS,552,3395,0,2,0,3397,A
8-NS,553,1,2,1,3428,3432,C
8-NS,554,2,3413,0,4,3419,T
8-NS,555,1,3413,0,3,3417,T
8-NS,556,0,9,3421,0,3430,G
8-NS,557,3413,0,1,0,3414,A
8-NS,558,3411,0,4,0,3415,A
8-NS,559,1,3399,0,2,3402,T
8-NS,560,2,8,3337,0,3347,G
8-NS,561,1,6,3369,0,3376,G
8-NS,562,3345,1,1,0,3347,A
8-NS,563,3371,1,0,0,3372,A
8-NS,564,1,3510,0,0,3511,T
8-NS,565,0,8,3533,0,3541,G
8-NS,566,3545,1,3,0,3549,A
8-NS,567,0,3543,0,0,3543,T
8-NS,568,3537,0,2,0,3539,A
8-NS,569,3553,2,3,0,3558,A
8-NS,570,0,1,0,3530,3531,C
8-NS,571,3469,1,1,0,3471,A
8-NS,572,1,0,1,3494,3496,C
8-NS,573,3236,1,2,0,3239,A
8-NS,574,0,1,3294,0,3295,G
8-NS,575,0,3274,0,2,3276,T
8-NS,576,0,3268,0,0,3268,T
8-NS,577,15,5,0,3247,3267,C
8-NS,578,1,9,3231,0,3241,G
8-NS,579,3230,1,2,1,3234,A
8-NS,580,1,1,3236,1,3239,G
8-NS,581,1,3207,0,3,3211,T
8-NS,582,16,0,0,3212,3228,C
8-NS,583,2,3161,0,2,3165,T
8-NS,584,9,1,0,3182,3192,C
8-NS,585,1,3191,1,0,3193,T
8-NS,586,3194,0,0,0,3194,A
8-NS,587,3197,0,1,0,3198,A
8-NS,588,3183,0,0,0,3183,A
8-NS,589,3204,0,0,0,3204,A
8-NS,590,3218,0,0,0,3218,A
8-NS,591,0,3185,0,0,3185,T
8-NS,592,7,0,0,3202,3209,C
8-NS,593,0,3175,0,0,3175,T
8-NS,594,3186,1,1,0,3188,A
8-NS,595,0,1,0,3185,3186,C
8-NS,596,3181,1,2,0,3184,A
8-NS,597,0,5,3190,0,3195,G
8-NS,598,3139,0,1,0,3140,A
8-NS,599,0,2,3150,0,3152,G
8-NS,600,3147,1,0,2,3150,A
8-NS,601,0,3104,0,5,3109,T
8-NS,602,1,3110,0,0,3111,T
8-NS,603,13,1,0,3097,3111,C
8-NS,604,4,0,3120,0,3124,G
8-NS,605,0,0,0,3119,3119,C
8-NS,606,0,3111,0,1,3112,T
8-NS,607,0,3116,0,3,3119,T
8-NS,608,0,5,3098,0,3103,G
8-NS,609,1,9,3117,0,3127,G
8-NS,610,3120,1,2,0,3123,A
8-NS,611,0,5,3117,0,3122,G
8-NS,612,3104,1,1,0,3106,A
8-NS,613,3087,0,1,0,3088,A
8-NS,614,0,0,3130,0,3130,G
8-NS,615,2,1,0,3133,3136,C
8-NS,616,3126,2,4,0,3132,A
8-NS,617,0,0,3199,0,3199,G
8-NS,618,3,3170,0,0,3173,T
8-NS,619,3188,0,2,0,3190,A
8-NS,620,3189,1,1,0,3191,A
8-NS,621,0,3181,1,2,3184,T
8-NS,622,0,13,3190,0,3203,G
8-NS,623,3060,0,1,0,3061,A
8-NS,624,0,4,3112,0,3116,G
8-NS,625,3096,0,1,0,3097,A
8-NS,626,2957,0,12,0,2969,A
8-NS,627,0,2960,0,0,2960,T
8-NS,628,0,3,2916,0,2919,G
8-NS,629,3,3,2922,0,2928,G
8-NS,630,0,4,2917,0,2921,G
8-NS,631,2,2,2896,0,2900,G
8-NS,632,3,4,2889,0,2896,G
8-NS,633,2795,0,0,1,2796,A
8-NS,634,0,2747,0,1,2748,T
8-NS,635,2,0,0,2819,2821,C
8-NS,636,0,2814,1,4,2819,T
8-NS,637,4,1,0,2818,2823,C
8-NS,638,3,2,0,2829,2834,C
8-NS,639,2843,0,1,0,2844,A
8-NS,640,0,0,0,2838,2838,C
8-NS,641,0,2798,0,2,2800,T
8-NS,642,0,2775,0,1,2776,T
8-NS,643,2743,0,1,0,2744,A
8-NS,644,1,1,0,2764,2766,C
8-NS,645,1,2741,0,6,2748,T
8-NS,646,12,1,1,2726,2740,C
8-NS,647,5,0,0,2706,2711,C
8-NS,648,2702,0,1,0,2703,A
8-NS,649,2707,0,1,0,2708,A
8-NS,650,2700,0,1,0,2701,A
8-NS,651,2701,0,1,2,2704,A
8-NS,652,0,2,0,2704,2706,C
8-NS,653,2636,0,2,0,2638,A
8-NS,654,0,3,2645,0,2648,G
8-NS,655,2638,0,1,0,2639,A
8-NS,656,2632,0,3,0,2635,A
8-NS,657,2644,0,0,0,2644,A
8-NS,658,0,2,0,2640,2642,C
8-NS,659,3,5,2633,0,2641,G
8-NS,660,0,4,2641,0,2645,G
8-NS,661,0,2,2639,1,2642,G
8-NS,662,2632,1,2,0,2635,A
8-NS,663,2632,0,1,0,2633,A
8-NS,664,2625,0,1,0,2626,A
8-NS,665,0,2620,0,1,2621,T
8-NS,666,0,0,2645,0,2645,G
8-NS,667,0,0,2646,0,2646,G
8-NS,668,2,2,0,2612,2616,C
8-NS,669,0,6,2610,0,2616,G
8-NS,670,2612,0,1,0,2613,A
8-NS,671,0,12,2616,0,2628,G
8-NS,672,2629,0,0,0,2629,A
8-NS,673,2627,0,0,0,2627,A
8-NS,674,2,2,0,2632,2636,C
8-NS,675,2576,0,0,0,2576,A
8-NS,676,0,0,2576,1,2577,G
8-NS,677,1,3,0,2568,2572,C
8-NS,678,0,2570,0,2,2572,T
8-NS,679,2565,2,1,0,2568,A
8-NS,680,2,3,2546,0,2551,G
8-NS,681,0,1,2559,0,2560,G
8-NS,682,0,2554,0,2,2556,T
8-NS,683,14,0,1,2503,2518,C
8-NS,684,2512,1,1,0,2514,A
8-NS,685,2511,0,0,0,2511,A
8-NS,686,2509,0,0,0,2509,A
8-NS,687,2526,0,3,1,2530,A
8-NS,688,0,0,2533,0,2533,G
8-NS,689,0,2460,0,1,2461,T
8-NS,690,0,2446,2,0,2448,T
8-NS,691,0,2452,0,0,2452,T
8-NS,692,1,8,2448,0,2457,G
8-NS,693,2457,1,1,0,2459,A
8-NS,694,2457,1,1,0,2459,A
8-NS,695,0,5,2465,0,2470,G
8-NS,696,2396,0,2,0,2398,A
8-NS,697,0,3,2401,0,2404,G
8-NS,698,2395,0,2,0,2397,A
8-NS,699,0,2397,0,2,2399,T
8-NS,700,2395,0,1,0,2396,A
8-NS,701,2380,0,0,0,2380,A
8-NS,702,0,2,2379,0,2381,G
8-NS,703,2242,0,2,0,2244,A
8-NS,704,0,2241,2,0,2243,T
8-NS,705,0,4,2250,1,2255,G
8-NS,706,0,1,2256,0,2257,G
8-NS,707,0,0,0,2243,2243,C
8-NS,708,0,2222,3,2,2227,T
8-NS,709,2229,0,0,1,2230,A
8-NS,710,2224,0,0,0,2224,A
8-NS,711,1,2227,0,1,2229,T
8-NS,712,0,2213,0,1,2214,T
8-NS,713,0,2,2226,0,2228,G
8-NS,714,2190,0,0,0,2190,A
8-NS,715,2183,0,3,0,2186,A
8-NS,716,0,2,2183,1,2186,G
8-NS,717,2178,0,0,0,2178,A
8-NS,718,2137,0,1,0,2138,A
8-NS,719,0,1,2162,0,2163,G
8-NS,720,0,2110,0,2,2112,T
8-NS,721,0,6,2108,0,2114,G
8-NS,722,2099,1,2,0,2102,A
8-NS,723,0,9,2096,0,2105,G
8-NS,724,2101,1,1,0,2103,A
8-NS,725,1,0,0,2090,2091,C
8-NS,726,2071,0,0,0,2071,A
8-NS,727,0,0,0,2072,2072,C
8-NS,728,1928,0,2,0,1930,A
8-NS,729,0,3,1971,0,1974,G
8-NS,730,1964,0,1,0,1965,A
8-NS,731,0,1959,1,1,1961,T
8-NS,732,1,1953,0,0,1954,T
8-NS,733,1953,1,0,0,1954,A
8-NS,734,1947,0,1,0,1948,A
8-NS,735,1943,0,0,0,1943,A
8-NS,736,1934,0,2,1,1937,A
8-NS,737,1939,0,1,0,1940,A
8-NS,738,0,0,0,1843,1843,C
8-NS,739,1758,0,1,0,1759,A
8-NS,740,1763,0,2,0,1765,A
8-NS,741,0,1,0,1761,1762,C
8-NS,742,1,1753,0,2,1756,T
8-NS,743,0,5,1759,0,1764,G
8-NS,744,1764,0,0,0,1764,A
8-NS,745,1767,1,1,0,1769,A
8-NS,746,1764,0,1,0,1765,A
8-NS,747,1750,0,1,0,1751,A
8-NS,748,0,1746,0,1,1747,T
8-NS,749,1719,0,2,0,1721,A
8-NS,750,0,0,1729,0,1729,G
8-NS,751,0,0,0,1719,1719,C
8-NS,752,0,1689,0,1,1690,T
8-NS,753,0,1691,0,1,1692,T
8-NS,754,0,1674,0,2,1676,T
8-NS,755,0,8,1677,0,1685,G
8-NS,756,1687,0,0,0,1687,A
8-NS,757,1685,1,2,0,1688,A
8-NS,758,1,0,0,1684,1685,C
8-NS,759,1637,0,0,0,1637,A
8-NS,760,1643,1,0,0,1644,A
8-NS,761,1645,0,2,0,1647,A
8-NS,762,0,1645,0,1,1646,T
8-NS,763,1637,0,6,0,1643,A
8-NS,764,1609,0,0,0,1609,A
8-NS,765,0,0,0,1607,1607,C
8-NS,766,1598,0,0,0,1598,A
8-NS,767,0,1581,0,0,1581,T
8-NS,768,0,1549,0,0,1549,T
8-NS,769,8,0,0,1511,1519,C
8-NS,770,1507,0,2,0,1509,A
8-NS,771,1,1503,0,0,1504,T
8-NS,772,0,0,1501,0,1501,G
8-NS,773,0,0,0,1463,1463,C
8-NS,774,1436,1,1,0,1438,A
8-NS,775,1431,1,1,0,1433,A
8-NS,776,0,0,1430,0,1430,G
8-NS,777,0,0,0,1454,1454,C
8-NS,778,1421,0,0,0,1421,A
8-NS,779,0,1414,0,0,1414,T
8-NS,780,0,1408,0,0,1408,T
8-NS,781,1408,0,1,0,1409,A
8-NS,782,0,0,0,1411,1411,C
8-NS,783,1391,0,0,0,1391,A
8-NS,784,1374,0,1,0,1375,A
8-NS,785,0,0,0,1358,1358,C
8-NS,786,0,1158,0,1,1159,T
8-NS,787,1,0,1153,0,1154,G
8-NS,788,0,1,0,1131,1132,C
8-NS,789,0,1112,0,0,1112,T
8-NS,790,0,0,1118,0,1118,G
8-NS,791,0,1099,0,0,1099,T
8-NS,792,0,1096,0,1,1097,T
8-NS,793,0,1094,0,1,1095,T
8-NS,794,0,1,1076,0,1077,G
8-NS,795,1077,0,2,0,1079,A
8-NS,796,1050,0,0,0,1050,A
8-NS,797,1,0,1051,0,1052,G
8-NS,798,0,1037,0,1,1038,T
8-NS,799,0,2,982,0,984,G
8-NS,800,0,5,984,0,989,G
8-NS,801,990,0,0,0,990,A
8-NS,802,988,0,2,0,990,A
8-NS,803,0,0,0,988,988,C
8-NS,804,957,0,0,0,957,A
8-NS,805,1,0,960,0,961,G
8-NS,806,0,2,938,0,940,G
8-NS,807,921,0,0,1,922,A
8-NS,808,0,1,920,0,921,G
8-NS,809,780,0,2,0,782,A
8-NS,810,0,777,0,0,777,T
8-NS,811,778,0,0,0,778,A
8-NS,812,777,0,0,0,777,A
8-NS,813,0,3,775,0,778,G
8-NS,814,688,1,0,0,689,A
8-NS,815,686,0,0,0,686,A
8-NS,816,0,0,0,677,677,C
8-NS,817,0,592,0,0,592,T
8-NS,818,0,592,0,0,592,T
8-NS,819,0,587,0,1,588,T
8-NS,820,0,0,0,586,586,C
8-NS,821,0,577,0,0,577,T
8-NS,822,4,1,0,569,574,C
8-NS,823,558,0,0,0,558,A
8-NS,824,1,556,0,0,557,T
8-NS,825,0,544,1,1,546,T
8-NS,826,1,541,0,0,542,T
8-NS,827,1,0,1,538,540,C
8-NS,828,510,1,0,0,511,A
8-NS,829,1,1,510,0,512,G
8-NS,830,0,0,0,509,509,C
8-NS,831,0,470,1,0,471,T
8-NS,832,0,470,0,0,470,T
8-NS,833,453,0,1,0,454,A
8-NS,834,0,452,0,0,452,T
8-NS,835,0,453,0,0,453,T
8-NS,836,0,447,0,0,447,T
8-NS,837,436,0,0,0,436,A
8-NS,838,417,0,0,0,417,A
8-NS,839,0,408,0,0,408,T
8-NS,840,0,1,406,0,407,G
8-NS,841,389,0,0,0,389,A
8-NS,842,0,349,0,1,350,T
8-NS,843,347,0,0,0,347,A
8-NS,844,346,0,0,0,346,A
8-NS,845,344,0,0,0,344,A
8-NS,846,341,0,0,0,341,A
8-NS,847,340,0,0,0,340,A
8-NS,848,334,0,2,0,336,A
8-NS,849,0,0,0,334,334,C
8-NS,850,288,1,0,0,289,A
8-NS,851,0,0,0,287,287,C
8-NS,852,1,0,0,275,276,C
8-NS,853,2,0,0,269,271,C
8-NS,854,0,247,0,0,247,T
8-NS,855,0,239,0,0,239,T
8-NS,856,0,0,240,0,240,G
8-NS,857,0,225,0,0,225,T
8-NS,858,0,216,0,0,216,T
8-NS,859,0,214,0,0,214,T
8-NS,860,0,0,0,75,75,C
8-NS,861,0,58,0,0,58,T
8-NS,862,49,0,0,0,49,A
8-NS,863,0,0,0,48,48,C
