Gene,Position,A,T,G,C,Coverage,Consensus
1-PB2,1,164,0,0,0,164,A
1-PB2,2,0,166,0,0,166,T
1-PB2,3,0,0,167,0,167,G
1-PB2,4,0,1,166,0,167,G
1-PB2,5,163,0,0,0,163,A
1-PB2,6,162,0,1,0,163,A
1-PB2,7,167,0,0,0,167,A
1-PB2,8,0,0,183,0,183,G
1-PB2,9,179,0,0,0,179,A
1-PB2,10,184,0,0,0,184,A
1-PB2,11,0,186,0,0,186,T
1-PB2,12,184,0,0,0,184,A
1-PB2,13,187,0,0,0,187,A
1-PB2,14,188,0,0,0,188,A
1-PB2,15,187,0,0,0,187,A
1-PB2,16,0,0,191,0,191,G
1-PB2,17,192,0,1,0,193,A
1-PB2,18,193,0,0,0,193,A
1-PB2,19,0,0,0,195,195,C
1-PB2,20,0,197,0,0,197,T
1-PB2,21,201,0,0,0,201,A
1-PB2,22,0,0,0,201,201,C
1-PB2,23,0,0,201,0,201,G
1-PB2,24,0,0,208,0,208,G
1-PB2,25,210,0,0,0,210,A
1-PB2,26,219,0,0,0,219,A
1-PB2,27,0,222,0,0,222,T
1-PB2,28,0,0,0,221,221,C
1-PB2,29,0,221,0,0,221,T
1-PB2,30,0,0,224,0,224,G
1-PB2,31,227,0,0,0,227,A
1-PB2,32,0,227,0,0,227,T
1-PB2,33,0,0,230,0,230,G
1-PB2,34,0,237,0,0,237,T
1-PB2,35,0,0,0,237,237,C
1-PB2,36,0,0,236,0,236,G
1-PB2,37,0,1,0,234,235,C
1-PB2,38,236,0,0,0,236,A
1-PB2,39,0,0,249,0,249,G
1-PB2,40,0,251,0,0,251,T
1-PB2,41,0,0,0,248,248,C
1-PB2,42,0,247,0,1,248,T
1-PB2,43,0,0,0,249,249,C
1-PB2,44,0,0,252,0,252,G
1-PB2,45,1,0,0,251,252,C
1-PB2,46,252,0,0,0,252,A
1-PB2,47,0,0,0,258,258,C
1-PB2,48,0,257,0,0,257,T
1-PB2,49,2,0,0,265,267,C
1-PB2,50,0,0,269,0,269,G
1-PB2,51,0,0,0,267,267,C
1-PB2,52,0,0,266,0,266,G
1-PB2,53,268,0,0,0,268,A
1-PB2,54,0,0,271,0,271,G
1-PB2,55,279,0,0,0,279,A
1-PB2,56,0,279,0,0,279,T
1-PB2,57,281,0,0,0,281,A
1-PB2,58,0,0,0,282,282,C
1-PB2,59,0,276,0,0,276,T
1-PB2,60,0,0,286,0,286,G
1-PB2,61,283,0,0,0,283,A
1-PB2,62,0,0,0,284,284,C
1-PB2,63,284,0,0,0,284,A
1-PB2,64,285,0,0,0,285,A
1-PB2,65,291,0,0,0,291,A
1-PB2,66,291,0,0,0,291,A
1-PB2,67,294,0,0,0,294,A
1-PB2,68,0,0,0,299,299,C
1-PB2,69,0,0,0,297,297,C
1-PB2,70,305,0,0,0,305,A
1-PB2,71,0,0,0,309,309,C
1-PB2,72,303,0,1,0,304,A
1-PB2,73,0,0,317,0,317,G
1-PB2,74,0,316,0,0,316,T
1-PB2,75,0,0,323,0,323,G
1-PB2,76,0,0,321,0,321,G
1-PB2,77,320,1,1,0,322,A
1-PB2,78,0,0,0,347,347,C
1-PB2,79,0,0,0,344,344,C
1-PB2,80,347,0,0,0,347,A
1-PB2,81,0,349,0,0,349,T
1-PB2,82,347,0,0,0,347,A
1-PB2,83,0,345,0,0,345,T
1-PB2,84,1,0,336,0,337,G
1-PB2,85,1,0,339,0,340,G
1-PB2,86,0,0,0,340,340,C
1-PB2,87,0,0,0,338,338,C
1-PB2,88,335,0,0,1,336,A
1-PB2,89,0,362,0,0,362,T
1-PB2,90,360,0,0,0,360,A
1-PB2,91,381,0,0,0,381,A
1-PB2,92,0,380,0,0,380,T
1-PB2,93,0,378,0,0,378,T
1-PB2,94,388,0,0,0,388,A
1-PB2,95,386,0,0,0,386,A
1-PB2,96,0,0,392,0,392,G
1-PB2,97,390,0,0,0,390,A
1-PB2,98,382,0,0,0,382,A
1-PB2,99,0,0,396,0,396,G
1-PB2,100,0,391,0,0,391,T
1-PB2,101,396,0,0,1,397,A
1-PB2,102,0,1,0,391,392,C
1-PB2,103,397,0,3,0,400,A
1-PB2,104,0,0,0,405,405,C
1-PB2,105,404,0,0,0,404,A
1-PB2,106,0,405,0,0,405,T
1-PB2,107,0,0,0,407,407,C
1-PB2,108,1,2,392,0,395,G
1-PB2,109,0,1,397,0,398,G
1-PB2,110,0,1,397,0,398,G
1-PB2,111,0,1,399,0,400,G
1-PB2,112,397,0,0,1,398,A
1-PB2,113,0,0,399,0,399,G
1-PB2,114,389,0,2,0,391,A
1-PB2,115,0,0,0,399,399,C
1-PB2,116,397,0,0,0,397,A
1-PB2,117,0,1,398,0,399,G
1-PB2,118,0,0,414,0,414,G
1-PB2,119,412,0,0,0,412,A
1-PB2,120,415,0,0,1,416,A
1-PB2,121,412,0,3,0,415,A
1-PB2,122,414,0,0,0,414,A
1-PB2,123,0,0,415,0,415,G
1-PB2,124,409,0,0,0,409,A
1-PB2,125,411,0,0,0,411,A
1-PB2,126,0,0,0,407,407,C
1-PB2,127,0,0,0,398,398,C
1-PB2,128,1,1,0,401,403,C
1-PB2,129,0,0,402,0,402,G
1-PB2,130,0,400,0,0,400,T
1-PB2,131,0,0,0,402,402,C
1-PB2,132,406,0,0,0,406,A
1-PB2,133,0,0,0,408,408,C
1-PB2,134,0,408,0,0,408,T
1-PB2,135,0,406,0,0,406,T
1-PB2,136,407,0,1,0,408,A
1-PB2,137,0,1,419,0,420,G
1-PB2,138,0,0,421,0,421,G
1-PB2,139,415,0,1,0,416,A
1-PB2,140,0,412,0,0,412,T
1-PB2,141,0,0,413,0,413,G
1-PB2,142,419,1,0,0,420,A
1-PB2,143,420,0,0,0,420,A
1-PB2,144,422,0,0,0,422,A
1-PB2,145,0,422,0,0,422,T
1-PB2,146,0,0,424,0,424,G
1-PB2,147,0,0,428,0,428,G
1-PB2,148,425,0,2,0,427,A
1-PB2,149,0,429,0,0,429,T
1-PB2,150,0,0,425,0,425,G
1-PB2,151,420,0,0,0,420,A
1-PB2,152,0,423,0,0,423,T
1-PB2,153,0,0,422,0,422,G
1-PB2,154,0,0,424,0,424,G
1-PB2,155,0,0,0,430,430,C
1-PB2,156,417,0,1,0,418,A
1-PB2,157,426,0,1,0,427,A
1-PB2,158,0,430,0,0,430,T
1-PB2,159,0,0,445,0,445,G
1-PB2,160,445,0,0,0,445,A
1-PB2,161,444,0,0,0,444,A
1-PB2,162,445,0,2,0,447,A
1-PB2,163,0,446,0,0,446,T
1-PB2,164,445,0,0,0,445,A
1-PB2,165,1,433,0,0,434,T
1-PB2,166,0,0,0,452,452,C
1-PB2,167,0,0,0,454,454,C
1-PB2,168,462,0,1,0,463,A
1-PB2,169,464,0,1,0,465,A
1-PB2,170,0,462,0,0,462,T
1-PB2,171,0,0,0,463,463,C
1-PB2,172,464,0,0,0,464,A
1-PB2,173,0,1,0,469,470,C
1-PB2,174,0,467,0,0,467,T
1-PB2,175,0,0,469,0,469,G
1-PB2,176,0,0,0,470,470,C
1-PB2,177,0,471,0,0,471,T
1-PB2,178,0,0,476,0,476,G
1-PB2,179,472,0,2,0,474,A
1-PB2,180,0,0,0,479,479,C
1-PB2,181,476,0,0,0,476,A
1-PB2,182,471,0,0,0,471,A
1-PB2,183,472,0,0,0,472,A
1-PB2,184,467,0,2,0,469,A
1-PB2,185,0,0,479,0,479,G
1-PB2,186,0,0,477,1,478,G
1-PB2,187,475,0,0,0,475,A
1-PB2,188,1,473,0,0,474,T
1-PB2,189,475,0,0,0,475,A
1-PB2,190,481,0,1,0,482,A
1-PB2,191,0,0,0,487,487,C
1-PB2,192,485,0,1,0,486,A
1-PB2,193,0,0,487,0,487,G
1-PB2,194,475,0,0,0,475,A
1-PB2,195,475,0,0,0,475,A
1-PB2,196,479,0,0,0,479,A
1-PB2,197,0,474,0,1,475,T
1-PB2,198,0,0,478,0,478,G
1-PB2,199,1,0,483,0,484,G
1-PB2,200,0,478,0,1,479,T
1-PB2,201,2,477,0,0,479,T
1-PB2,202,1,1,0,473,475,C
1-PB2,203,0,0,0,475,475,C
1-PB2,204,1,1,476,0,478,G
1-PB2,205,10,0,469,0,479,G
1-PB2,206,480,0,0,0,480,A
1-PB2,207,0,0,480,0,480,G
1-PB2,208,476,0,0,0,476,A
1-PB2,209,0,0,494,0,494,G
1-PB2,210,492,0,0,0,492,A
1-PB2,211,490,0,0,0,490,A
1-PB2,212,493,0,1,0,494,A
1-PB2,213,0,492,0,0,492,T
1-PB2,214,0,1,494,0,495,G
1-PB2,215,498,0,1,0,499,A
1-PB2,216,500,0,0,0,500,A
1-PB2,217,1,0,0,500,501,C
1-PB2,218,491,1,0,0,492,A
1-PB2,219,490,1,2,0,493,A
1-PB2,220,0,0,502,0,502,G
1-PB2,221,0,1,508,0,509,G
1-PB2,222,510,0,0,0,510,A
1-PB2,223,0,0,0,503,503,C
1-PB2,224,503,0,1,0,504,A
1-PB2,225,505,0,0,0,505,A
1-PB2,226,541,0,0,0,541,A
1-PB2,227,0,1,0,547,548,C
1-PB2,228,0,543,0,0,543,T
1-PB2,229,0,0,0,563,563,C
1-PB2,230,0,545,0,0,545,T
1-PB2,231,559,0,0,0,559,A
1-PB2,232,0,556,0,0,556,T
1-PB2,233,0,1,558,0,559,G
1-PB2,234,1,0,568,0,569,G
1-PB2,235,537,0,0,0,537,A
1-PB2,236,0,0,551,0,551,G
1-PB2,237,0,551,0,0,551,T
1-PB2,238,544,0,0,0,544,A
1-PB2,239,544,0,0,0,544,A
1-PB2,240,546,0,0,0,546,A
1-PB2,241,542,0,1,1,544,A
1-PB2,242,0,538,0,0,538,T
1-PB2,243,1,0,540,0,541,G
1-PB2,244,528,0,0,0,528,A
1-PB2,245,0,0,536,0,536,G
1-PB2,246,0,530,0,0,530,T
1-PB2,247,0,0,530,0,530,G
1-PB2,248,546,0,1,0,547,A
1-PB2,249,0,547,0,0,547,T
1-PB2,250,0,1,548,0,549,G
1-PB2,251,0,0,0,552,552,C
1-PB2,252,0,548,0,0,548,T
1-PB2,253,0,1,577,0,578,G
1-PB2,254,0,1,577,0,578,G
1-PB2,255,579,0,0,0,579,A
1-PB2,256,0,571,0,0,571,T
1-PB2,257,0,0,0,578,578,C
1-PB2,258,579,0,0,0,579,A
1-PB2,259,0,1,608,0,609,G
1-PB2,260,610,0,0,0,610,A
1-PB2,261,0,610,0,0,610,T
1-PB2,262,600,0,0,0,600,A
1-PB2,263,0,1,617,0,618,G
1-PB2,264,615,0,0,0,615,A
1-PB2,265,0,0,622,0,622,G
1-PB2,266,0,611,0,0,611,T
1-PB2,267,0,0,605,0,605,G
1-PB2,268,586,0,1,0,587,A
1-PB2,269,0,599,0,0,599,T
1-PB2,270,0,0,602,0,602,G
1-PB2,271,0,0,618,0,618,G
1-PB2,272,0,607,0,1,608,T
1-PB2,273,605,0,0,0,605,A
1-PB2,274,0,598,0,0,598,T
1-PB2,275,0,0,0,599,599,C
1-PB2,276,610,0,0,0,610,A
1-PB2,277,0,0,0,629,629,C
1-PB2,278,0,0,0,629,629,C
1-PB2,279,0,623,0,0,623,T
1-PB2,280,0,604,0,0,604,T
1-PB2,281,0,608,0,0,608,T
1-PB2,282,0,0,614,0,614,G
1-PB2,283,0,0,614,0,614,G
1-PB2,284,0,0,0,623,623,C
1-PB2,285,0,606,0,2,608,T
1-PB2,286,0,0,608,0,608,G
1-PB2,287,0,609,0,1,610,T
1-PB2,288,608,0,0,0,608,A
1-PB2,289,611,0,1,0,612,A
1-PB2,290,0,0,0,611,611,C
1-PB2,291,594,0,0,0,594,A
1-PB2,292,0,601,0,0,601,T
1-PB2,293,0,0,588,0,588,G
1-PB2,294,0,0,596,0,596,G
1-PB2,295,0,591,1,1,593,T
1-PB2,296,0,2,580,0,582,G
1-PB2,297,0,1,593,0,594,G
1-PB2,298,594,0,0,1,595,A
1-PB2,299,598,0,0,0,598,A
1-PB2,300,0,593,0,0,593,T
1-PB2,301,596,0,0,0,596,A
1-PB2,302,0,0,615,0,615,G
1-PB2,303,608,0,1,0,609,A
1-PB2,304,610,0,0,0,610,A
1-PB2,305,612,0,0,0,612,A
1-PB2,306,0,604,0,0,604,T
1-PB2,307,0,0,606,0,606,G
1-PB2,308,0,0,595,0,595,G
1-PB2,309,601,1,2,0,604,A
1-PB2,310,0,0,0,601,601,C
1-PB2,311,0,0,1,589,590,C
1-PB2,312,2,0,0,588,590,C
1-PB2,313,0,0,588,0,588,G
1-PB2,314,0,596,0,0,596,T
1-PB2,315,0,0,611,0,611,G
1-PB2,316,609,0,0,0,609,A
1-PB2,317,0,0,0,613,613,C
1-PB2,318,619,0,0,0,619,A
1-PB2,319,617,0,0,0,617,A
1-PB2,320,0,2,630,0,632,G
1-PB2,321,0,628,0,0,628,T
1-PB2,322,622,0,0,0,622,A
1-PB2,323,0,0,0,617,617,C
1-PB2,324,0,0,591,0,591,G
1-PB2,325,1,0,601,0,602,G
1-PB2,326,0,602,0,0,602,T
1-PB2,327,0,0,0,604,604,C
1-PB2,328,0,0,0,604,604,C
1-PB2,329,591,0,0,0,591,A
1-PB2,330,0,592,0,0,592,T
1-PB2,331,0,594,0,1,595,T
1-PB2,332,636,0,0,0,636,A
1-PB2,333,0,0,0,635,635,C
1-PB2,334,0,0,0,617,617,C
1-PB2,335,0,0,0,616,616,C
1-PB2,336,615,0,0,0,615,A
1-PB2,337,619,0,0,0,619,A
1-PB2,338,615,0,0,0,615,A
1-PB2,339,609,0,0,0,609,A
1-PB2,340,0,1,616,0,617,G
1-PB2,341,0,580,0,0,580,T
1-PB2,342,0,0,589,0,589,G
1-PB2,343,0,588,0,0,588,T
1-PB2,344,591,0,0,0,591,A
1-PB2,345,0,0,0,586,586,C
1-PB2,346,589,0,0,0,589,A
1-PB2,347,586,0,0,0,586,A
1-PB2,348,571,0,0,0,571,A
1-PB2,349,574,0,0,0,574,A
1-PB2,350,0,0,0,578,578,C
1-PB2,351,0,575,0,0,575,T
1-PB2,352,0,575,0,0,575,T
1-PB2,353,576,1,0,0,577,A
1-PB2,354,0,579,0,0,579,T
1-PB2,355,0,578,0,0,578,T
1-PB2,356,0,577,0,0,577,T
1-PB2,357,0,0,0,580,580,C
1-PB2,358,0,0,579,0,579,G
1-PB2,359,575,0,0,0,575,A
1-PB2,360,0,0,0,575,575,C
1-PB2,361,577,0,0,0,577,A
1-PB2,362,574,0,0,0,574,A
1-PB2,363,573,0,1,0,574,A
1-PB2,364,0,0,585,0,585,G
1-PB2,365,0,586,0,0,586,T
1-PB2,366,1,0,0,581,582,C
1-PB2,367,0,2,582,0,584,G
1-PB2,368,579,0,0,0,579,A
1-PB2,369,581,0,0,0,581,A
1-PB2,370,583,0,1,0,584,A
1-PB2,371,0,0,606,0,606,G
1-PB2,372,0,0,610,0,610,G
1-PB2,373,0,599,0,0,599,T
1-PB2,374,1,598,0,0,599,T
1-PB2,375,599,0,0,0,599,A
1-PB2,376,597,0,0,0,597,A
1-PB2,377,598,0,0,0,598,A
1-PB2,378,602,0,0,0,602,A
1-PB2,379,0,0,0,613,613,C
1-PB2,380,587,0,0,0,587,A
1-PB2,381,0,586,0,0,586,T
1-PB2,382,0,1,583,0,584,G
1-PB2,383,0,0,584,0,584,G
1-PB2,384,583,0,0,0,583,A
1-PB2,385,585,1,0,0,586,A
1-PB2,386,0,0,0,598,598,C
1-PB2,387,0,0,0,605,605,C
1-PB2,388,1,600,0,0,601,T
1-PB2,389,0,595,0,2,597,T
1-PB2,390,0,598,0,0,598,T
1-PB2,391,1,0,596,0,597,G
1-PB2,392,0,0,599,0,599,G
1-PB2,393,1,0,0,599,600,C
1-PB2,394,0,0,0,591,591,C
1-PB2,395,2,0,0,585,587,C
1-PB2,396,0,562,0,0,562,T
1-PB2,397,1,0,572,0,573,G
1-PB2,398,0,570,0,0,570,T
1-PB2,399,0,571,0,0,571,T
1-PB2,400,2,0,0,577,579,C
1-PB2,401,574,0,0,0,574,A
1-PB2,402,0,574,0,0,574,T
1-PB2,403,0,571,0,1,572,T
1-PB2,404,0,574,0,2,576,T
1-PB2,405,0,571,0,0,571,T
1-PB2,406,569,0,0,0,569,A
1-PB2,407,0,0,569,0,569,G
1-PB2,408,567,0,0,0,567,A
1-PB2,409,567,0,0,0,567,A
1-PB2,410,568,0,0,0,568,A
1-PB2,411,0,557,0,0,557,T
1-PB2,412,1,0,0,557,558,C
1-PB2,413,558,0,0,0,558,A
1-PB2,414,558,2,1,0,561,A
1-PB2,415,0,0,572,0,572,G
1-PB2,416,0,566,0,0,566,T
1-PB2,417,1,0,0,569,570,C
1-PB2,418,576,0,1,0,577,A
1-PB2,419,580,1,1,0,582,A
1-PB2,420,0,0,582,1,583,G
1-PB2,421,577,1,1,0,579,A
1-PB2,422,0,582,0,0,582,T
1-PB2,423,596,0,0,0,596,A
1-PB2,424,1,0,0,594,595,C
1-PB2,425,1,2,588,0,591,G
1-PB2,426,0,0,0,615,615,C
1-PB2,427,603,0,0,0,603,A
1-PB2,428,0,0,612,0,612,G
1-PB2,429,611,0,0,0,611,A
1-PB2,430,614,1,0,0,615,A
1-PB2,431,0,1,630,0,631,G
1-PB2,432,608,0,2,0,610,A
1-PB2,433,0,0,613,0,613,G
1-PB2,434,0,612,0,1,613,T
1-PB2,435,603,0,7,0,610,A
1-PB2,436,0,1,622,0,623,G
1-PB2,437,624,0,0,0,624,A
1-PB2,438,0,0,0,654,654,C
1-PB2,439,641,0,0,0,641,A
1-PB2,440,0,626,0,0,626,T
1-PB2,441,622,0,0,0,622,A
1-PB2,442,620,0,1,0,621,A
1-PB2,443,630,0,0,0,630,A
1-PB2,444,0,0,0,631,631,C
1-PB2,445,0,0,0,619,619,C
1-PB2,446,1,0,0,613,614,C
1-PB2,447,0,580,0,0,580,T
1-PB2,448,0,0,584,0,584,G
1-PB2,449,0,0,595,0,595,G
1-PB2,450,0,594,0,0,594,T
1-PB2,451,2,0,0,593,595,C
1-PB2,452,597,0,0,0,597,A
1-PB2,453,0,590,0,2,592,T
1-PB2,454,1,0,591,0,592,G
1-PB2,455,0,0,0,593,593,C
1-PB2,456,587,0,1,0,588,A
1-PB2,457,0,0,600,0,600,G
1-PB2,458,591,0,1,0,592,A
1-PB2,459,0,0,0,606,606,C
1-PB2,460,0,1,0,604,605,C
1-PB2,461,1,590,0,1,592,T
1-PB2,462,0,0,0,592,592,C
1-PB2,463,582,0,0,0,582,A
1-PB2,464,0,0,593,0,593,G
1-PB2,465,0,595,0,1,596,T
1-PB2,466,0,0,596,0,596,G
1-PB2,467,1,0,0,596,597,C
1-PB2,468,1,0,0,591,592,C
1-PB2,469,591,0,0,0,591,A
1-PB2,470,592,0,0,0,592,A
1-PB2,471,592,0,0,0,592,A
1-PB2,472,0,0,591,0,591,G
1-PB2,473,574,0,2,0,576,A
1-PB2,474,0,0,578,0,578,G
1-PB2,475,0,0,579,0,579,G
1-PB2,476,0,0,0,573,573,C
1-PB2,477,577,0,0,0,577,A
1-PB2,478,0,0,0,582,582,C
1-PB2,479,580,0,0,0,580,A
1-PB2,480,590,0,2,0,592,A
1-PB2,481,1,0,592,0,593,G
1-PB2,482,605,0,0,0,605,A
1-PB2,483,0,591,0,0,591,T
1-PB2,484,1,0,594,0,595,G
1-PB2,485,0,592,0,1,593,T
1-PB2,486,592,0,0,0,592,A
1-PB2,487,588,1,0,0,589,A
1-PB2,488,0,592,0,2,594,T
1-PB2,489,0,568,0,0,568,T
1-PB2,490,566,0,0,0,566,A
1-PB2,491,0,546,0,0,546,T
1-PB2,492,0,0,549,0,549,G
1-PB2,493,0,0,547,0,547,G
1-PB2,494,545,0,2,0,547,A
1-PB2,495,536,1,0,0,537,A
1-PB2,496,0,0,541,0,541,G
1-PB2,497,0,545,0,0,545,T
1-PB2,498,0,548,0,0,548,T
1-PB2,499,1,0,549,0,550,G
1-PB2,500,0,547,0,0,547,T
1-PB2,501,0,544,0,0,544,T
1-PB2,502,0,543,0,0,543,T
1-PB2,503,0,542,0,0,542,T
1-PB2,504,0,549,0,1,550,T
1-PB2,505,0,0,0,543,543,C
1-PB2,506,0,0,0,552,552,C
1-PB2,507,1,0,0,551,552,C
1-PB2,508,543,0,0,0,543,A
1-PB2,509,549,0,0,0,549,A
1-PB2,510,0,550,0,0,550,T
1-PB2,511,0,0,551,0,551,G
1-PB2,512,548,1,0,0,549,A
1-PB2,513,546,0,1,0,547,A
1-PB2,514,0,0,556,0,556,G
1-PB2,515,0,550,0,0,550,T
1-PB2,516,0,3,550,0,553,G
1-PB2,517,0,1,549,0,550,G
1-PB2,518,1,0,549,0,550,G
1-PB2,519,554,0,1,0,555,A
1-PB2,520,0,1,558,0,559,G
1-PB2,521,0,0,0,560,560,C
1-PB2,522,0,0,0,561,561,C
1-PB2,523,556,0,3,0,559,A
1-PB2,524,1,0,582,0,583,G
1-PB2,525,0,0,586,0,586,G
1-PB2,526,591,0,0,0,591,A
1-PB2,527,0,585,0,0,585,T
1-PB2,528,594,0,0,0,594,A
1-PB2,529,0,0,0,593,593,C
1-PB2,530,0,589,0,0,589,T
1-PB2,531,592,0,0,0,592,A
1-PB2,532,591,0,0,0,591,A
1-PB2,533,0,0,0,596,596,C
1-PB2,534,583,0,1,0,584,A
1-PB2,535,0,575,0,1,576,T
1-PB2,536,1,0,0,580,581,C
1-PB2,537,577,0,0,0,577,A
1-PB2,538,0,0,581,0,581,G
1-PB2,539,575,0,4,0,579,A
1-PB2,540,575,1,0,0,576,A
1-PB2,541,0,575,0,0,575,T
1-PB2,542,1,0,0,557,558,C
1-PB2,543,558,0,0,0,558,A
1-PB2,544,0,0,0,563,563,C
1-PB2,545,561,0,0,0,561,A
1-PB2,546,567,0,0,0,567,A
1-PB2,547,0,558,0,1,559,T
1-PB2,548,0,560,0,1,561,T
1-PB2,549,567,0,1,0,568,A
1-PB2,550,570,0,0,0,570,A
1-PB2,551,0,3,0,570,573,C
1-PB2,552,565,0,1,0,566,A
1-PB2,553,558,0,0,0,558,A
1-PB2,554,0,567,0,0,567,T
1-PB2,555,564,0,0,0,564,A
1-PB2,556,565,0,0,0,565,A
1-PB2,557,0,0,0,569,569,C
1-PB2,558,0,567,0,0,567,T
1-PB2,559,565,0,0,0,565,A
1-PB2,560,560,1,0,0,561,A
1-PB2,561,557,0,0,0,557,A
1-PB2,562,0,1,558,0,559,G
1-PB2,563,548,0,2,0,550,A
1-PB2,564,0,1,556,0,557,G
1-PB2,565,554,1,1,1,557,A
1-PB2,566,558,0,0,0,558,A
1-PB2,567,559,0,0,0,559,A
1-PB2,568,558,0,1,0,559,A
1-PB2,569,560,0,0,0,560,A
1-PB2,570,560,0,0,0,560,A
1-PB2,571,0,1,561,0,562,G
1-PB2,572,563,0,0,0,563,A
1-PB2,573,553,0,0,0,553,A
1-PB2,574,0,1,558,0,559,G
1-PB2,575,555,0,0,0,555,A
1-PB2,576,556,0,0,0,556,A
1-PB2,577,0,0,0,555,555,C
1-PB2,578,0,546,0,1,547,T
1-PB2,579,1,0,0,554,555,C
1-PB2,580,1,0,0,554,555,C
1-PB2,581,0,0,554,0,554,G
1-PB2,582,550,0,1,0,551,A
1-PB2,583,0,0,551,0,551,G
1-PB2,584,550,0,0,0,550,A
1-PB2,585,0,549,0,0,549,T
1-PB2,586,0,543,0,0,543,T
1-PB2,587,0,0,539,0,539,G
1-PB2,588,0,0,0,543,543,C
1-PB2,589,543,0,0,1,544,A
1-PB2,590,544,0,0,0,544,A
1-PB2,591,538,0,0,0,538,A
1-PB2,592,545,2,0,0,547,A
1-PB2,593,0,546,0,0,546,T
1-PB2,594,0,535,0,0,535,T
1-PB2,595,0,535,0,1,536,T
1-PB2,596,0,0,0,539,539,C
1-PB2,597,0,529,0,0,529,T
1-PB2,598,2,0,0,642,644,C
1-PB2,599,0,0,0,644,644,C
1-PB2,600,1,0,0,781,782,C
1-PB2,601,0,770,0,0,770,T
1-PB2,602,0,785,0,0,785,T
1-PB2,603,0,0,798,0,798,G
1-PB2,604,795,0,0,0,795,A
1-PB2,605,0,834,0,0,834,T
1-PB2,606,0,2,864,0,866,G
1-PB2,607,1,2,1104,1,1108,G
1-PB2,608,0,1145,0,0,1145,T
1-PB2,609,0,1150,0,0,1150,T
1-PB2,610,0,0,1343,0,1343,G
1-PB2,611,1,2,0,1355,1358,C
1-PB2,612,1403,0,0,0,1403,A
1-PB2,613,0,1404,0,0,1404,T
1-PB2,614,1425,0,2,6,1433,A
1-PB2,615,0,0,0,1573,1573,C
1-PB2,616,1954,0,0,3,1957,A
1-PB2,617,0,2015,0,0,2015,T
1-PB2,618,0,0,2181,0,2181,G
1-PB2,619,0,2176,0,2,2178,T
1-PB2,620,0,2184,0,0,2184,T
1-PB2,621,2181,0,0,0,2181,A
1-PB2,622,0,2,2185,0,2187,G
1-PB2,623,2230,0,1,0,2231,A
1-PB2,624,0,3,2268,0,2271,G
1-PB2,625,2227,0,1,0,2228,A
1-PB2,626,0,0,2245,0,2245,G
1-PB2,627,2224,0,4,1,2229,A
1-PB2,628,0,1,2250,0,2251,G
1-PB2,629,2251,0,4,1,2256,A
1-PB2,630,2281,0,1,0,2282,A
1-PB2,631,1,0,0,2303,2304,C
1-PB2,632,0,2298,0,1,2299,T
1-PB2,633,1,2298,0,0,2299,T
1-PB2,634,2,0,2298,0,2300,G
1-PB2,635,0,2310,0,1,2311,T
1-PB2,636,2314,0,3,0,2317,A
1-PB2,637,0,0,0,2302,2302,C
1-PB2,638,2,1,2306,0,2309,G
1-PB2,639,2302,0,1,0,2303,A
1-PB2,640,2297,0,1,0,2298,A
1-PB2,641,2332,0,1,0,2333,A
1-PB2,642,2339,1,1,0,2341,A
1-PB2,643,2338,1,1,2,2342,A
1-PB2,644,0,0,0,2352,2352,C
1-PB2,645,2352,0,0,0,2352,A
1-PB2,646,2346,0,1,0,2347,A
1-PB2,647,0,0,2368,0,2368,G
1-PB2,648,2373,0,1,0,2374,A
1-PB2,649,1,2366,0,1,2368,T
1-PB2,650,1,2361,0,1,2363,T
1-PB2,651,0,2377,0,2,2379,T
1-PB2,652,1,0,0,2387,2388,C
1-PB2,653,0,2388,0,1,2389,T
1-PB2,654,0,0,0,2403,2403,C
1-PB2,655,0,1,0,2401,2402,C
1-PB2,656,6,0,0,2396,2402,C
1-PB2,657,2407,0,1,0,2408,A
1-PB2,658,1,0,2428,0,2429,G
1-PB2,659,1,2434,0,0,2435,T
1-PB2,660,0,2426,0,3,2429,T
1-PB2,661,0,0,2423,1,2424,G
1-PB2,662,1,0,0,2422,2423,C
1-PB2,663,1,2420,0,0,2421,T
1-PB2,664,1,2,2421,0,2424,G
1-PB2,665,0,1,2411,0,2412,G
1-PB2,666,0,0,0,2433,2433,C
1-PB2,667,2,0,2434,0,2436,G
1-PB2,668,0,4,2471,0,2475,G
1-PB2,669,2484,1,2,0,2487,A
1-PB2,670,2495,0,1,0,2496,A
1-PB2,671,0,1,0,2506,2507,C
1-PB2,672,2527,0,1,0,2528,A
1-PB2,673,2532,2,2,0,2536,A
1-PB2,674,0,1,2673,0,2674,G
1-PB2,675,1,1,0,2736,2738,C
1-PB2,676,2764,1,2,0,2767,A
1-PB2,677,0,1,3596,0,3597,G
1-PB2,678,0,3577,0,0,3577,T
1-PB2,679,3599,0,0,0,3599,A
1-PB2,680,0,3601,0,1,3602,T
1-PB2,681,3629,0,0,0,3629,A
1-PB2,682,0,3631,0,1,3632,T
1-PB2,683,3568,0,0,0,3568,A
1-PB2,684,0,0,0,3624,3624,C
1-PB2,685,3528,0,0,0,3528,A
1-PB2,686,0,3354,1,0,3355,T
1-PB2,687,0,3240,0,0,3240,T
1-PB2,688,0,4,3232,0,3236,G
1-PB2,689,3217,1,2,0,3220,A
1-PB2,690,3215,0,1,0,3216,A
1-PB2,691,0,0,3268,0,3268,G
1-PB2,692,0,3238,0,2,3240,T
1-PB2,693,1,3212,0,0,3213,T
1-PB2,694,0,3225,0,7,3232,T
1-PB2,695,0,3230,0,1,3231,T
1-PB2,696,3284,0,6,0,3290,A
1-PB2,697,1,0,0,3300,3301,C
1-PB2,698,3310,0,1,0,3311,A
1-PB2,699,0,3295,0,1,3296,T
1-PB2,700,1,3266,0,0,3267,T
1-PB2,701,0,3265,0,2,3267,T
1-PB2,702,0,10,3286,0,3296,G
1-PB2,703,3310,1,1,0,3312,A
1-PB2,704,0,0,0,3326,3326,C
1-PB2,705,0,3289,0,2,3291,T
1-PB2,706,3,0,1,3308,3312,C
1-PB2,707,3297,0,1,0,3298,A
1-PB2,708,56,4,3264,0,3324,G
1-PB2,709,0,1,3465,0,3466,G
1-PB2,710,0,3,3480,0,3483,G
1-PB2,711,3464,0,4,1,3469,A
1-PB2,712,3406,0,3,90,3499,A
1-PB2,713,1,1,0,3506,3508,C
1-PB2,714,0,0,3559,0,3559,G
1-PB2,715,0,3542,0,0,3542,T
1-PB2,716,0,0,3569,0,3569,G
1-PB2,717,0,3513,0,3,3516,T
1-PB2,718,0,3515,0,0,3515,T
1-PB2,719,2,4,3514,1,3521,G
1-PB2,720,0,2,3509,0,3511,G
1-PB2,721,3,6,3553,0,3562,G
1-PB2,722,3542,0,2,1,3545,A
1-PB2,723,3552,0,3,0,3555,A
1-PB2,724,0,1,0,3682,3683,C
1-PB2,725,3657,0,0,0,3657,A
1-PB2,726,3810,0,1,0,3811,A
1-PB2,727,3825,1,2,0,3828,A
1-PB2,728,0,3853,0,0,3853,T
1-PB2,729,0,3,3919,0,3922,G
1-PB2,730,0,3903,0,1,3904,T
1-PB2,731,3906,1,3,0,3910,A
1-PB2,732,1,1,0,3921,3923,C
1-PB2,733,3858,0,2,0,3860,A
1-PB2,734,0,0,1,3844,3845,C
1-PB2,735,0,3699,0,7,3706,T
1-PB2,736,4,0,0,4111,4115,C
1-PB2,737,5,1,0,4135,4141,C
1-PB2,738,4224,1,0,0,4225,A
1-PB2,739,1,3,4263,1,4268,G
1-PB2,740,1,2,4389,0,4392,G
1-PB2,741,2,4380,0,3,4385,T
1-PB2,742,1,1,4385,0,4387,G
1-PB2,743,1,4,4270,0,4275,G
1-PB2,744,4203,0,5,1,4209,A
1-PB2,745,0,1,4273,0,4274,G
1-PB2,746,1,3,4281,0,4285,G
1-PB2,747,4196,3,2,0,4201,A
1-PB2,748,2,0,4254,0,4256,G
1-PB2,749,1,4161,0,1,4163,T
1-PB2,750,1,1,4191,0,4193,G
1-PB2,751,4171,2,6,0,4179,A
1-PB2,752,1,0,4216,0,4217,G
1-PB2,753,0,0,4236,0,4236,G
1-PB2,754,4197,1,1,0,4199,A
1-PB2,755,4209,0,3,0,4212,A
1-PB2,756,0,4204,0,1,4205,T
1-PB2,757,0,2,4197,0,4199,G
1-PB2,758,4191,1,6,0,4198,A
1-PB2,759,0,4,0,4177,4181,C
1-PB2,760,2,3,4187,0,4192,G
1-PB2,761,4229,1,0,0,4230,A
1-PB2,762,0,4210,0,4,4214,T
1-PB2,763,0,0,4231,0,4231,G
1-PB2,764,1,4235,0,2,4238,T
1-PB2,765,0,4212,0,3,4215,T
1-PB2,766,1,8,4246,0,4255,G
1-PB2,767,4257,0,3,0,4260,A
1-PB2,768,0,0,1,4255,4256,C
1-PB2,769,3,2,1,4251,4257,C
1-PB2,770,4200,0,2,0,4202,A
1-PB2,771,4199,1,1,0,4201,A
1-PB2,772,4188,0,35,0,4223,A
1-PB2,773,1,0,4335,0,4336,G
1-PB2,774,2,1,0,4321,4324,C
1-PB2,775,1,0,0,4337,4338,C
1-PB2,776,0,4348,0,2,4350,T
1-PB2,777,4377,0,0,0,4377,A
1-PB2,778,4364,1,3,0,4368,A
1-PB2,779,0,4380,0,1,4381,T
1-PB2,780,0,4359,0,0,4359,T
1-PB2,781,4318,0,1,0,4319,A
1-PB2,782,0,4216,0,1,4217,T
1-PB2,783,0,4189,0,2,4191,T
1-PB2,784,1,2,4141,0,4144,G
1-PB2,785,0,4,0,4170,4174,C
1-PB2,786,0,4,4157,1,4162,G
1-PB2,787,2,0,4257,0,4259,G
1-PB2,788,1,2,0,4231,4234,C
1-PB2,789,1,0,1,4279,4281,C
1-PB2,790,4282,0,1,0,4283,A
1-PB2,791,0,2,4352,0,4354,G
1-PB2,792,0,2,4373,1,4376,G
1-PB2,793,4385,0,2,0,4387,A
1-PB2,794,4413,2,3,1,4419,A
1-PB2,795,0,1,0,4442,4443,C
1-PB2,796,4385,0,5,0,4390,A
1-PB2,797,0,4463,1,0,4464,T
1-PB2,798,4535,0,3,0,4538,A
1-PB2,799,0,0,4574,0,4574,G
1-PB2,800,1,4512,0,2,4515,T
1-PB2,801,4474,0,2,0,4476,A
1-PB2,802,4463,0,2,0,4465,A
1-PB2,803,2,0,4473,0,4475,G
1-PB2,804,4440,1,2,0,4443,A
1-PB2,805,4371,1,3,0,4375,A
1-PB2,806,0,2,4363,0,4365,G
1-PB2,807,4200,0,6,0,4206,A
1-PB2,808,0,1,4224,0,4225,G
1-PB2,809,2,0,0,4222,4224,C
1-PB2,810,1,2,0,4210,4213,C
1-PB2,811,2,0,4217,0,4219,G
1-PB2,812,0,2,0,4238,4240,C
1-PB2,813,4258,0,3,0,4261,A
1-PB2,814,0,1,4572,1,4574,G
1-PB2,815,0,4573,0,0,4573,T
1-PB2,816,4589,0,0,0,4589,A
1-PB2,817,0,4543,0,1,4544,T
1-PB2,818,2,1,0,4583,4586,C
1-PB2,819,4575,0,12,0,4587,A
1-PB2,820,2,0,4584,0,4586,G
1-PB2,821,0,3,1,4588,4592,C
1-PB2,822,4363,0,1,0,4364,A
1-PB2,823,0,2,4312,0,4314,G
1-PB2,824,4317,1,1,1,4320,A
1-PB2,825,0,4302,0,2,4304,T
1-PB2,826,4,3,0,4338,4345,C
1-PB2,827,3,1,0,4322,4326,C
1-PB2,828,4333,0,1,0,4334,A
1-PB2,829,1,0,0,4348,4349,C
1-PB2,830,0,4308,0,0,4308,T
1-PB2,831,4319,0,2,2,4323,A
1-PB2,832,1,1,4309,0,4311,G
1-PB2,833,0,3,0,4269,4272,C
1-PB2,834,4262,0,3,0,4265,A
1-PB2,835,0,4267,0,1,4268,T
1-PB2,836,0,0,0,4337,4337,C
1-PB2,837,1,4297,0,1,4299,T
1-PB2,838,0,4396,1,0,4397,T
1-PB2,839,0,4414,0,1,4415,T
1-PB2,840,4418,1,0,0,4419,A
1-PB2,841,0,4404,2,0,4406,T
1-PB2,842,0,4402,1,0,4403,T
1-PB2,843,2,5,4380,0,4387,G
1-PB2,844,2,2,4368,1,4373,G
1-PB2,845,4255,1,10,0,4266,A
1-PB2,846,1,2,4307,0,4310,G
1-PB2,847,4248,1,3,0,4252,A
1-PB2,848,0,4233,0,1,4234,T
1-PB2,849,0,2,4325,0,4327,G
1-PB2,850,0,4328,0,3,4331,T
1-PB2,851,2,2,4316,0,4320,G
1-PB2,852,1,1,0,4336,4338,C
1-PB2,853,3,1,0,4308,4312,C
1-PB2,854,4327,0,1,0,4328,A
1-PB2,855,0,1,0,4331,4332,C
1-PB2,856,4268,2,1,0,4271,A
1-PB2,857,0,0,4329,0,4329,G
1-PB2,858,1,5,0,4196,4202,C
1-PB2,859,4210,0,4,0,4214,A
1-PB2,860,0,1,0,4192,4193,C
1-PB2,861,4191,0,7,0,4198,A
1-PB2,862,0,1,0,4220,4221,C
1-PB2,863,4203,0,0,1,4204,A
1-PB2,864,4203,0,3,0,4206,A
1-PB2,865,4208,0,1,1,4210,A
1-PB2,866,0,4063,0,0,4063,T
1-PB2,867,0,4064,1,1,4066,T
1-PB2,868,0,1,4038,0,4039,G
1-PB2,869,5,2,4011,0,4018,G
1-PB2,870,0,0,0,4030,4030,C
1-PB2,871,0,6,3982,0,3988,G
1-PB2,872,1,2,4055,0,4058,G
1-PB2,873,2,4,4070,0,4076,G
1-PB2,874,4077,1,3,0,4081,A
1-PB2,875,0,1,0,4079,4080,C
1-PB2,876,4082,0,0,0,4082,A
1-PB2,877,4085,0,1,0,4086,A
1-PB2,878,3841,2,4,0,3847,A
1-PB2,879,1,0,3895,0,3896,G
1-PB2,880,3901,0,2,0,3903,A
1-PB2,881,1,3909,0,3,3913,T
1-PB2,882,0,2,3842,0,3844,G
1-PB2,883,2,0,3869,0,3871,G
1-PB2,884,1,3824,0,2,3827,T
1-PB2,885,1,3,3807,0,3811,G
1-PB2,886,0,3,3797,0,3800,G
1-PB2,887,3800,0,5,0,3805,A
1-PB2,888,0,0,0,3792,3792,C
1-PB2,889,3742,0,0,9,3751,A
1-PB2,890,0,4381,0,2,4383,T
1-PB2,891,0,4361,0,1,4362,T
1-PB2,892,4,0,0,4385,4389,C
1-PB2,893,0,4371,2,1,4374,T
1-PB2,894,0,4369,0,0,4369,T
1-PB2,895,4379,0,2,0,4381,A
1-PB2,896,0,8,4407,0,4415,G
1-PB2,897,4385,1,2,1,4389,A
1-PB2,898,0,2,0,4391,4393,C
1-PB2,899,3623,0,4,0,3627,A
1-PB2,900,0,0,3705,0,3705,G
1-PB2,901,3670,1,5,0,3676,A
1-PB2,902,3694,1,3,0,3698,A
1-PB2,903,6,2,0,3684,3692,C
1-PB2,904,1,2,0,3677,3680,C
1-PB2,905,4,1,0,3652,3657,C
1-PB2,906,0,3,3655,0,3658,G
1-PB2,907,3655,0,2,0,3657,A
1-PB2,908,0,2,0,3677,3679,C
1-PB2,909,0,3631,0,2,3633,T
1-PB2,910,0,1,3664,0,3665,G
1-PB2,911,3634,1,4,1,3640,A
1-PB2,912,3655,0,4,0,3659,A
1-PB2,913,1,2,3679,0,3682,G
1-PB2,914,3653,0,2,0,3655,A
1-PB2,915,3658,1,3,1,3663,A
1-PB2,916,2,1,0,3655,3658,C
1-PB2,917,3616,2,0,0,3618,A
1-PB2,918,3642,0,1,0,3643,A
1-PB2,919,0,0,3686,0,3686,G
1-PB2,920,1,0,0,3726,3727,C
1-PB2,921,1,3672,0,2,3675,T
1-PB2,922,0,0,3782,0,3782,G
1-PB2,923,2,3754,0,0,3756,T
1-PB2,924,2,2,3827,1,3832,G
1-PB2,925,1,2,3954,0,3957,G
1-PB2,926,3907,0,49,0,3956,A
1-PB2,927,1,3977,0,0,3978,T
1-PB2,928,3936,0,1,0,3937,A
1-PB2,929,0,3881,1,0,3882,T
1-PB2,930,4043,0,1,0,4044,A
1-PB2,931,0,3952,0,2,3954,T
1-PB2,932,2,0,3927,0,3929,G
1-PB2,933,1,1,0,3883,3885,C
1-PB2,934,3685,0,2,0,3687,A
1-PB2,935,3689,0,6,1,3696,A
1-PB2,936,0,1,3687,0,3688,G
1-PB2,937,0,1,3694,0,3695,G
1-PB2,938,1,0,1,3707,3709,C
1-PB2,939,0,3576,0,4,3580,T
1-PB2,940,0,0,3609,0,3609,G
1-PB2,941,1,0,0,3597,3598,C
1-PB2,942,3610,0,0,1,3611,A
1-PB2,943,3625,0,0,0,3625,A
1-PB2,944,1,3602,0,0,3603,T
1-PB2,945,0,5,3597,0,3602,G
1-PB2,946,0,2,3570,0,3572,G
1-PB2,947,1,1,3594,0,3596,G
1-PB2,948,3567,0,4,0,3571,A
1-PB2,949,1,3565,1,0,3567,T
1-PB2,950,1,3556,0,0,3557,T
1-PB2,951,0,3,3555,0,3558,G
1-PB2,952,3541,0,6,0,3547,A
1-PB2,953,0,1,3621,0,3622,G
1-PB2,954,3566,0,0,1,3567,A
1-PB2,955,3528,2,3,0,3533,A
1-PB2,956,0,3481,0,2,3483,T
1-PB2,957,3,1,0,3489,3493,C
1-PB2,958,3498,1,0,0,3499,A
1-PB2,959,2,0,3539,0,3541,G
1-PB2,960,2,0,0,3512,3514,C
1-PB2,961,0,3474,0,2,3476,T
1-PB2,962,4,1,0,3480,3485,C
1-PB2,963,3481,0,1,0,3482,A
1-PB2,964,1,3542,1,2,3546,T
1-PB2,965,2,0,0,3564,3566,C
1-PB2,966,3,0,1,3596,3600,C
1-PB2,967,0,3560,0,5,3565,T
1-PB2,968,0,3535,0,4,3539,T
1-PB2,969,1,2,0,3552,3555,C
1-PB2,970,3554,0,1,0,3555,A
1-PB2,971,0,1,3610,0,3611,G
1-PB2,972,0,0,0,3604,3604,C
1-PB2,973,1,3499,3,5,3508,T
1-PB2,974,0,3509,1,1,3511,T
1-PB2,975,0,3480,0,3,3483,T
1-PB2,976,1,3,3486,0,3490,G
1-PB2,977,2,0,3491,0,3493,G
1-PB2,978,0,3475,0,4,3479,T
1-PB2,979,1,8,3493,0,3502,G
1-PB2,980,0,1,3471,0,3472,G
1-PB2,981,0,0,3521,0,3521,G
1-PB2,982,0,3489,0,2,3491,T
1-PB2,983,0,3485,0,2,3487,T
1-PB2,984,1,3491,0,0,3492,T
1-PB2,985,3512,1,1,0,3514,A
1-PB2,986,0,1,0,3520,3521,C
1-PB2,987,3537,0,0,0,3537,A
1-PB2,988,0,3507,0,1,3508,T
1-PB2,989,0,3423,0,0,3423,T
1-PB2,990,0,3412,0,1,3413,T
1-PB2,991,3415,0,0,0,3415,A
1-PB2,992,3411,0,1,0,3412,A
1-PB2,993,3415,0,2,0,3417,A
1-PB2,994,3395,2,2,0,3399,A
1-PB2,995,0,4,3414,0,3418,G
1-PB2,996,3387,0,2,0,3389,A
1-PB2,997,3393,1,0,0,3394,A
1-PB2,998,0,0,0,3392,3392,C
1-PB2,999,3368,2,0,0,3370,A
1-PB2,1000,3366,0,3,1,3370,A
1-PB2,1001,1,0,3378,0,3379,G
1-PB2,1002,1,2,0,3372,3375,C
1-PB2,1003,0,8,3364,0,3372,G
1-PB2,1004,0,4,3381,0,3385,G
1-PB2,1005,0,2,3407,0,3409,G
1-PB2,1006,1,3358,0,4,3363,T
1-PB2,1007,6,0,0,3348,3354,C
1-PB2,1008,3388,3,1,0,3392,A
1-PB2,1009,0,3359,0,1,3360,T
1-PB2,1010,2,0,2,3383,3387,C
1-PB2,1011,3391,0,3,0,3394,A
1-PB2,1012,1,0,3550,0,3551,G
1-PB2,1013,1,3467,0,1,3469,T
1-PB2,1014,5,0,1,3486,3492,C
1-PB2,1015,3515,0,2,0,3517,A
1-PB2,1016,3525,0,3,0,3528,A
1-PB2,1017,3511,0,0,0,3511,A
1-PB2,1018,3522,0,0,0,3522,A
1-PB2,1019,3533,0,0,0,3533,A
1-PB2,1020,3537,0,4,0,3541,A
1-PB2,1021,0,2,3548,0,3550,G
1-PB2,1022,3527,0,1,0,3528,A
1-PB2,1023,3535,0,0,0,3535,A
1-PB2,1024,0,0,3532,0,3532,G
1-PB2,1025,3502,2,3,0,3507,A
1-PB2,1026,3418,1,6,0,3425,A
1-PB2,1027,0,3,3420,1,3424,G
1-PB2,1028,3386,1,6,0,3393,A
1-PB2,1029,0,4,3411,0,3415,G
1-PB2,1030,0,1,3484,0,3485,G
1-PB2,1031,0,3467,1,0,3468,T
1-PB2,1032,2,1,3529,0,3532,G
1-PB2,1033,0,2,0,3549,3551,C
1-PB2,1034,0,3543,2,4,3549,T
1-PB2,1035,0,3571,0,1,3572,T
1-PB2,1036,3588,0,0,0,3588,A
1-PB2,1037,0,1,0,3576,3577,C
1-PB2,1038,3550,0,0,0,3550,A
1-PB2,1039,3,0,3548,0,3551,G
1-PB2,1040,2,0,3530,0,3532,G
1-PB2,1041,0,1,1,3461,3463,C
1-PB2,1042,3410,0,1,0,3411,A
1-PB2,1043,3427,0,2,0,3429,A
1-PB2,1044,1,3450,0,6,3457,T
1-PB2,1045,1,1,0,3508,3510,C
1-PB2,1046,0,3490,1,5,3496,T
1-PB2,1047,4,2,0,3498,3504,C
1-PB2,1048,3,0,0,3502,3505,C
1-PB2,1049,3506,0,3,0,3509,A
1-PB2,1050,3503,0,1,0,3504,A
1-PB2,1051,3503,0,1,0,3504,A
1-PB2,1052,0,0,0,3527,3527,C
1-PB2,1053,3423,1,0,1,3425,A
1-PB2,1054,3,3376,1,1,3381,T
1-PB2,1055,3,3362,1,1,3367,T
1-PB2,1056,0,2,3427,0,3429,G
1-PB2,1057,3410,0,2,0,3412,A
1-PB2,1058,3469,0,3,0,3472,A
1-PB2,1059,3493,0,2,0,3495,A
1-PB2,1060,3486,0,0,1,3487,A
1-PB2,1061,0,3502,1,0,3503,T
1-PB2,1062,3501,0,0,0,3501,A
1-PB2,1063,3506,1,3,1,3511,A
1-PB2,1064,1,1,3592,0,3594,G
1-PB2,1065,3522,0,2,0,3524,A
1-PB2,1066,1,2,3682,0,3685,G
1-PB2,1067,0,3621,0,0,3621,T
1-PB2,1068,3654,0,0,0,3654,A
1-PB2,1069,0,0,0,3745,3745,C
1-PB2,1070,3717,1,1,0,3719,A
1-PB2,1071,0,3706,1,0,3707,T
1-PB2,1072,0,1,3720,0,3721,G
1-PB2,1073,3607,1,8,0,3616,A
1-PB2,1074,0,7,3660,0,3667,G
1-PB2,1075,0,6,3687,0,3693,G
1-PB2,1076,6,7,3899,0,3912,G
1-PB2,1077,3,2,3915,0,3920,G
1-PB2,1078,1,3844,1,1,3847,T
1-PB2,1079,3887,0,1,1,3889,A
1-PB2,1080,0,3863,1,0,3864,T
1-PB2,1081,0,3,3876,0,3879,G
1-PB2,1082,3843,1,7,0,3851,A
1-PB2,1083,1,4,3860,1,3866,G
1-PB2,1084,1,4,3767,0,3772,G
1-PB2,1085,3544,2,3,1,3550,A
1-PB2,1086,3,2,3633,1,3639,G
1-PB2,1087,2,3641,0,0,3643,T
1-PB2,1088,0,3734,3,3,3740,T
1-PB2,1089,6,0,0,3783,3789,C
1-PB2,1090,3801,1,2,1,3805,A
1-PB2,1091,1,0,0,3800,3801,C
1-PB2,1092,3784,0,1,0,3785,A
1-PB2,1093,3796,0,1,2,3799,A
1-PB2,1094,0,3798,0,1,3799,T
1-PB2,1095,0,0,3712,0,3712,G
1-PB2,1096,0,1,3750,0,3751,G
1-PB2,1097,0,3634,0,2,3636,T
1-PB2,1098,1,3,3643,0,3647,G
1-PB2,1099,2,5,3648,0,3655,G
1-PB2,1100,1,2,3649,0,3652,G
1-PB2,1101,1,1,3683,0,3685,G
1-PB2,1102,3663,0,0,1,3664,A
1-PB2,1103,3671,1,1,0,3673,A
1-PB2,1104,3654,0,4,0,3658,A
1-PB2,1105,3571,0,8,0,3579,A
1-PB2,1106,0,5,3645,0,3650,G
1-PB2,1107,3578,1,10,0,3589,A
1-PB2,1108,0,2,3621,0,3623,G
1-PB2,1109,3,2,0,3605,3610,C
1-PB2,1110,3592,0,2,0,3594,A
1-PB2,1111,3609,1,4,0,3614,A
1-PB2,1112,0,1,0,3750,3751,C
1-PB2,1113,3754,1,0,1,3756,A
1-PB2,1114,0,0,3823,0,3823,G
1-PB2,1115,1,0,0,3781,3782,C
1-PB2,1116,0,3782,0,1,3783,T
1-PB2,1117,3897,0,3,0,3900,A
1-PB2,1118,1,3899,0,2,3902,T
1-PB2,1119,3925,0,1,0,3926,A
1-PB2,1120,0,0,0,3910,3910,C
1-PB2,1121,0,3659,0,5,3664,T
1-PB2,1122,3695,1,0,0,3696,A
1-PB2,1123,3615,0,1,0,3616,A
1-PB2,1124,1,1,3618,0,3620,G
1-PB2,1125,3596,1,0,0,3597,A
1-PB2,1126,3502,0,0,0,3502,A
1-PB2,1127,3492,0,0,1,3493,A
1-PB2,1128,3492,0,4,0,3496,A
1-PB2,1129,1,1,3504,0,3506,G
1-PB2,1130,1,0,0,3508,3509,C
1-PB2,1131,3508,1,2,0,3511,A
1-PB2,1132,3511,2,6,0,3519,A
1-PB2,1133,0,0,0,3508,3508,C
1-PB2,1134,0,1,0,3523,3524,C
1-PB2,1135,3513,0,2,0,3515,A
1-PB2,1136,0,0,3542,0,3542,G
1-PB2,1137,3536,0,1,0,3537,A
1-PB2,1138,3520,0,3,0,3523,A
1-PB2,1139,1,2,3565,1,3569,G
1-PB2,1140,3542,2,1,0,3545,A
1-PB2,1141,0,3535,1,1,3537,T
1-PB2,1142,0,3512,0,1,3513,T
1-PB2,1143,1,1,3524,0,3526,G
1-PB2,1144,0,1,3599,0,3600,G
1-PB2,1145,0,3587,0,10,3597,T
1-PB2,1146,0,3586,0,1,3587,T
1-PB2,1147,1,0,0,3587,3588,C
1-PB2,1148,3640,0,3,0,3643,A
1-PB2,1149,1,0,3801,0,3802,G
1-PB2,1150,0,1,1,3811,3813,C
1-PB2,1151,0,3765,2,1,3768,T
1-PB2,1152,3,2,0,3826,3831,C
1-PB2,1153,3768,0,2,0,3770,A
1-PB2,1154,1,3777,0,1,3779,T
1-PB2,1155,3779,1,1,1,3782,A
1-PB2,1156,0,0,3809,0,3809,G
1-PB2,1157,1,3600,1,2,3604,T
1-PB2,1158,0,7,3613,0,3620,G
1-PB2,1159,3488,0,1,0,3489,A
1-PB2,1160,0,0,3581,0,3581,G
1-PB2,1161,1,3540,0,4,3545,T
1-PB2,1162,2,1,3535,0,3538,G
1-PB2,1163,1,1,3566,1,3569,G
1-PB2,1164,3555,0,0,0,3555,A
1-PB2,1165,3542,0,7,0,3549,A
1-PB2,1166,0,1,3546,0,3547,G
1-PB2,1167,3468,0,2,2,3472,A
1-PB2,1168,0,1,3524,0,3525,G
1-PB2,1169,3480,0,2,0,3482,A
1-PB2,1170,0,0,0,3475,3475,C
1-PB2,1171,1,4,3482,0,3487,G
1-PB2,1172,3448,0,2,0,3450,A
1-PB2,1173,3462,1,3,0,3466,A
1-PB2,1174,0,2,0,3478,3480,C
1-PB2,1175,3452,0,1,0,3453,A
1-PB2,1176,1,0,3699,0,3700,G
1-PB2,1177,2,3651,0,10,3663,T
1-PB2,1178,2,1,0,3656,3659,C
1-PB2,1179,3683,0,0,0,3683,A
1-PB2,1180,3673,0,2,0,3675,A
1-PB2,1181,0,3674,0,0,3674,T
1-PB2,1182,3646,0,3,0,3649,A
1-PB2,1183,1,0,3652,0,3653,G
1-PB2,1184,2,2,0,3634,3638,C
1-PB2,1185,2,3,0,3466,3471,C
1-PB2,1186,0,0,3452,0,3452,G
1-PB2,1187,3441,0,0,1,3442,A
1-PB2,1188,3454,0,4,0,3458,A
1-PB2,1189,1,1,3483,1,3486,G
1-PB2,1190,0,1,0,3575,3576,C
1-PB2,1191,3593,0,1,0,3594,A
1-PB2,1192,3573,0,4,1,3578,A
1-PB2,1193,0,3580,0,1,3581,T
1-PB2,1194,3592,0,2,0,3594,A
1-PB2,1195,3631,2,0,0,3633,A
1-PB2,1196,0,3615,0,1,3616,T
1-PB2,1197,2,2,0,3611,3615,C
1-PB2,1198,2,0,3582,0,3584,G
1-PB2,1199,1,3478,0,4,3483,T
1-PB2,1200,2,1,3468,0,3471,G
1-PB2,1201,1,1,3508,0,3510,G
1-PB2,1202,0,1,0,3492,3493,C
1-PB2,1203,4,0,0,3482,3486,C
1-PB2,1204,3468,0,1,0,3469,A
1-PB2,1205,0,3468,1,4,3473,T
1-PB2,1206,3,0,3465,1,3469,G
1-PB2,1207,1,0,3533,0,3534,G
1-PB2,1208,2,3483,0,3,3488,T
1-PB2,1209,0,0,3502,1,3503,G
1-PB2,1210,0,3257,2,3,3262,T
1-PB2,1211,1,3271,0,0,3272,T
1-PB2,1212,0,3276,0,0,3276,T
1-PB2,1213,0,3274,0,3,3277,T
1-PB2,1214,3,0,0,3342,3345,C
1-PB2,1215,3322,0,4,0,3326,A
1-PB2,1216,1,1,0,3524,3526,C
1-PB2,1217,3439,0,11,0,3450,A
1-PB2,1218,3507,0,1,0,3508,A
1-PB2,1219,0,0,3526,0,3526,G
1-PB2,1220,3437,0,1,1,3439,A
1-PB2,1221,266,1,3241,0,3508,G
1-PB2,1222,0,1,3528,0,3529,G
1-PB2,1223,3481,0,0,0,3481,A
1-PB2,1224,0,3492,1,1,3494,T
1-PB2,1225,0,3377,0,0,3377,T
1-PB2,1226,1,1,3369,1,3372,G
1-PB2,1227,0,0,0,3282,3282,C
1-PB2,1228,3328,0,5,0,3333,A
1-PB2,1229,2,3356,0,0,3358,T
1-PB2,1230,0,0,3513,0,3513,G
1-PB2,1231,3523,3,1,0,3527,A
1-PB2,1232,1,3566,0,0,3567,T
1-PB2,1233,3545,0,0,1,3546,A
1-PB2,1234,3536,1,3,1,3541,A
1-PB2,1235,3530,0,0,1,3531,A
1-PB2,1236,3547,0,3,0,3550,A
1-PB2,1237,0,0,3559,0,3559,G
1-PB2,1238,0,0,0,3653,3653,C
1-PB2,1239,3691,0,0,0,3691,A
1-PB2,1240,0,1,3806,0,3807,G
1-PB2,1241,1,3796,0,2,3799,T
1-PB2,1242,0,3800,0,2,3802,T
1-PB2,1243,3810,0,0,0,3810,A
1-PB2,1244,0,0,3838,0,3838,G
1-PB2,1245,3795,0,2,0,3797,A
1-PB2,1246,1,3,3805,0,3809,G
1-PB2,1247,0,0,3791,1,3792,G
1-PB2,1248,0,3601,1,4,3606,T
1-PB2,1249,0,4,3584,1,3589,G
1-PB2,1250,3626,1,2,0,3629,A
1-PB2,1251,0,1,0,3646,3647,C
1-PB2,1252,3,1,1,3649,3654,C
1-PB2,1253,1,3607,1,7,3616,T
1-PB2,1254,0,1,3646,0,3647,G
1-PB2,1255,3635,1,2,0,3638,A
1-PB2,1256,3640,0,0,0,3640,A
1-PB2,1257,0,3647,1,0,3648,T
1-PB2,1258,1,3664,0,2,3667,T
1-PB2,1259,0,3682,0,0,3682,T
1-PB2,1260,2,0,0,3687,3689,C
1-PB2,1261,2,1,3692,0,3695,G
1-PB2,1262,0,3677,1,4,3682,T
1-PB2,1263,5,0,0,3677,3682,C
1-PB2,1264,3694,1,3,0,3698,A
1-PB2,1265,3710,0,1,0,3711,A
1-PB2,1266,0,0,0,3709,3709,C
1-PB2,1267,3646,0,2,0,3648,A
1-PB2,1268,0,4,3720,0,3724,G
1-PB2,1269,3686,0,0,0,3686,A
1-PB2,1270,1,0,3708,0,3709,G
1-PB2,1271,0,0,0,3713,3713,C
1-PB2,1272,3718,0,2,1,3721,A
1-PB2,1273,3784,1,4,0,3789,A
1-PB2,1274,3769,1,3,1,3774,A
1-PB2,1275,0,3762,0,0,3762,T
1-PB2,1276,1,0,0,3780,3781,C
1-PB2,1277,3728,0,4,0,3732,A
1-PB2,1278,0,3,3746,0,3749,G
1-PB2,1279,0,1,0,3762,3763,C
1-PB2,1280,2,2,3761,0,3765,G
1-PB2,1281,0,2,4033,0,4035,G
1-PB2,1282,2,4000,1,5,4008,T
1-PB2,1283,1,4015,1,4,4021,T
1-PB2,1284,1,3,4016,0,4020,G
1-PB2,1285,4034,0,4,0,4038,A
1-PB2,1286,4072,0,6,0,4078,A
1-PB2,1287,0,0,0,4103,4103,C
1-PB2,1288,1,1,0,4088,4090,C
1-PB2,1289,1,2,0,4127,4130,C
1-PB2,1290,5,1,1,3954,3961,C
1-PB2,1291,4002,0,4,1,4007,A
1-PB2,1292,0,4030,0,1,4031,T
1-PB2,1293,2,0,4033,0,4035,G
1-PB2,1294,1,2,0,4055,4058,C
1-PB2,1295,4027,0,1,1,4029,A
1-PB2,1296,1,3984,0,2,3987,T
1-PB2,1297,1,1,0,3988,3990,C
1-PB2,1298,3965,1,1,0,3967,A
1-PB2,1299,1,0,4042,0,4043,G
1-PB2,1300,0,1,0,4050,4051,C
1-PB2,1301,1,4035,1,2,4039,T
1-PB2,1302,0,4043,1,0,4044,T
1-PB2,1303,0,4036,0,1,4037,T
1-PB2,1304,0,4049,0,1,4050,T
1-PB2,1305,4042,1,1,0,4044,A
1-PB2,1306,4034,0,1,0,4035,A
1-PB2,1307,0,1,4054,1,4056,G
1-PB2,1308,2,0,3986,0,3988,G
1-PB2,1309,1,1,0,3973,3975,C
1-PB2,1310,3964,0,0,0,3964,A
1-PB2,1311,0,3954,0,1,3955,T
1-PB2,1312,0,3978,0,5,3983,T
1-PB2,1313,0,3984,0,2,3986,T
1-PB2,1314,0,4012,0,0,4012,T
1-PB2,1315,0,2,0,4012,4014,C
1-PB2,1316,4003,0,3,0,4006,A
1-PB2,1317,0,2,4009,0,4011,G
1-PB2,1318,3977,0,4,0,3981,A
1-PB2,1319,3996,0,2,0,3998,A
1-PB2,1320,3981,0,1,0,3982,A
1-PB2,1321,1,0,4003,0,4004,G
1-PB2,1322,4032,1,2,0,4035,A
1-PB2,1323,2,4031,0,1,4034,T
1-PB2,1324,1,1,4032,1,4035,G
1-PB2,1325,0,2,0,4046,4048,C
1-PB2,1326,1,1,4061,0,4063,G
1-PB2,1327,4045,0,3,1,4049,A
1-PB2,1328,4034,2,3,1,4040,A
1-PB2,1329,4042,2,0,0,4044,A
1-PB2,1330,0,1,4059,0,4060,G
1-PB2,1331,0,4020,1,2,4023,T
1-PB2,1332,3,0,4005,0,4008,G
1-PB2,1333,0,0,0,3993,3993,C
1-PB2,1334,0,3998,0,5,4003,T
1-PB2,1335,0,4004,1,0,4005,T
1-PB2,1336,0,4010,0,2,4012,T
1-PB2,1337,2,4005,1,1,4009,T
1-PB2,1338,0,4011,0,2,4013,T
1-PB2,1339,0,0,1,4002,4003,C
1-PB2,1340,4001,0,1,0,4002,A
1-PB2,1341,4030,1,2,1,4034,A
1-PB2,1342,4015,0,2,0,4017,A
1-PB2,1343,4042,0,0,0,4042,A
1-PB2,1344,0,4035,0,0,4035,T
1-PB2,1345,0,4045,0,1,4046,T
1-PB2,1346,0,1,4035,0,4036,G
1-PB2,1347,1,7,4031,0,4039,G
1-PB2,1348,2,0,4028,0,4030,G
1-PB2,1349,0,4,4132,0,4136,G
1-PB2,1350,4084,0,0,0,4084,A
1-PB2,1351,1,1,4209,0,4211,G
1-PB2,1352,0,4200,0,2,4202,T
1-PB2,1353,0,4172,1,2,4175,T
1-PB2,1354,0,5,4200,1,4206,G
1-PB2,1355,4223,0,3,0,4226,A
1-PB2,1356,4225,0,14,0,4239,A
1-PB2,1357,0,1,0,4421,4422,C
1-PB2,1358,4355,0,1,0,4356,A
1-PB2,1359,0,0,0,4518,4518,C
1-PB2,1360,4431,0,2,1,4434,A
1-PB2,1361,0,4436,0,2,4438,T
1-PB2,1362,4,3,0,4468,4475,C
1-PB2,1363,1,2,4470,1,4474,G
1-PB2,1364,4498,2,2,1,4503,A
1-PB2,1365,1,3,0,4472,4476,C
1-PB2,1366,4346,1,0,0,4347,A
1-PB2,1367,0,0,4524,0,4524,G
1-PB2,1368,0,4354,1,3,4358,T
1-PB2,1369,0,1,4459,0,4460,G
1-PB2,1370,0,4432,0,2,4434,T
1-PB2,1371,0,3,4432,0,4435,G
1-PB2,1372,4373,1,50,1,4425,A
1-PB2,1373,2,4387,0,2,4391,T
1-PB2,1374,0,2,4401,1,4404,G
1-PB2,1375,1,4,4378,1,4384,G
1-PB2,1376,1,2,4336,0,4339,G
1-PB2,1377,4287,1,6,0,4294,A
1-PB2,1378,4269,0,6,1,4276,A
1-PB2,1379,0,4302,0,0,4302,T
1-PB2,1380,0,4,4329,0,4333,G
1-PB2,1381,4350,0,0,0,4350,A
1-PB2,1382,0,4355,0,0,4355,T
1-PB2,1383,0,4330,0,1,4331,T
1-PB2,1384,1,1,4315,2,4319,G
1-PB2,1385,1,6,4408,1,4416,G
1-PB2,1386,4386,0,3,1,4390,A
1-PB2,1387,0,0,4479,0,4479,G
1-PB2,1388,0,4417,1,1,4419,T
1-PB2,1389,4405,0,0,0,4405,A
1-PB2,1390,1,4404,1,1,4407,T
1-PB2,1391,0,4451,0,2,4453,T
1-PB2,1392,4515,1,2,0,4518,A
1-PB2,1393,1,4,0,4496,4501,C
1-PB2,1394,2,0,0,4424,4426,C
1-PB2,1395,4384,1,3,0,4388,A
1-PB2,1396,0,0,4407,0,4407,G
1-PB2,1397,4515,0,0,0,4515,A
1-PB2,1398,0,4482,0,3,4485,T
1-PB2,1399,4463,0,3,0,4466,A
1-PB2,1400,0,4423,0,5,4428,T
1-PB2,1401,1,6,4405,0,4412,G
1-PB2,1402,4424,1,3,0,4428,A
1-PB2,1403,0,2,0,4450,4452,C
1-PB2,1404,0,4404,0,10,4414,T
1-PB2,1405,4,0,0,4400,4404,C
1-PB2,1406,3,1,0,4365,4369,C
1-PB2,1407,4388,1,5,0,4394,A
1-PB2,1408,4420,0,4,0,4424,A
1-PB2,1409,1,1,4538,0,4540,G
1-PB2,1410,0,0,0,4503,4503,C
1-PB2,1411,4518,2,1,0,4521,A
1-PB2,1412,0,3,1,4495,4499,C
1-PB2,1413,4468,1,3,0,4472,A
1-PB2,1414,0,5,4478,0,4483,G
1-PB2,1415,4429,0,3,1,4433,A
1-PB2,1416,0,2,4510,0,4512,G
1-PB2,1417,4527,0,2,0,4529,A
1-PB2,1418,0,4377,2,4,4383,T
1-PB2,1419,0,0,4478,0,4478,G
1-PB2,1420,0,4441,0,3,4444,T
1-PB2,1421,2,0,0,4398,4400,C
1-PB2,1422,4455,1,1,0,4457,A
1-PB2,1423,4445,0,3,0,4448,A
1-PB2,1424,0,4439,1,1,4441,T
1-PB2,1425,0,2,4429,0,4431,G
1-PB2,1426,4347,1,1,0,4349,A
1-PB2,1427,0,1,4388,0,4389,G
1-PB2,1428,4267,1,7,1,4276,A
1-PB2,1429,2,2,4322,0,4326,G
1-PB2,1430,1,0,4601,0,4602,G
1-PB2,1431,4603,0,1,0,4604,A
1-PB2,1432,4622,0,0,0,4622,A
1-PB2,1433,0,4627,1,0,4628,T
1-PB2,1434,4629,1,1,0,4631,A
1-PB2,1435,4615,0,3,0,4618,A
1-PB2,1436,0,3,4614,0,4617,G
1-PB2,1437,4564,0,7,0,4571,A
1-PB2,1438,1,0,4599,0,4600,G
1-PB2,1439,0,4287,0,2,4289,T
1-PB2,1440,5,2,1,4299,4307,C
1-PB2,1441,4313,0,6,0,4319,A
1-PB2,1442,1,0,4358,0,4359,G
1-PB2,1443,0,2,0,4355,4357,C
1-PB2,1444,4371,2,1,0,4374,A
1-PB2,1445,4366,0,5,2,4373,A
1-PB2,1446,4340,0,0,0,4340,A
1-PB2,1447,4360,0,1,0,4361,A
1-PB2,1448,1,4360,0,2,4363,T
1-PB2,1449,3,3,4374,0,4380,G
1-PB2,1450,0,0,4357,0,4357,G
1-PB2,1451,2,1,4387,0,4390,G
1-PB2,1452,0,4319,0,6,4325,T
1-PB2,1453,0,0,4358,0,4358,G
1-PB2,1454,1,4340,0,0,4341,T
1-PB2,1455,1,3,4337,0,4341,G
1-PB2,1456,2,1,4414,0,4417,G
1-PB2,1457,4416,1,2,0,4419,A
1-PB2,1458,1,4400,0,1,4402,T
1-PB2,1459,0,0,4457,1,4458,G
1-PB2,1460,4418,2,2,0,4422,A
1-PB2,1461,4446,0,3,0,4449,A
1-PB2,1462,1,4427,0,1,4429,T
1-PB2,1463,4442,0,0,3,4445,A
1-PB2,1464,1,1,0,4777,4779,C
1-PB2,1465,0,4622,0,5,4627,T
1-PB2,1466,2,1,0,4681,4684,C
1-PB2,1467,2,1,0,4682,4685,C
1-PB2,1468,4683,0,2,0,4685,A
1-PB2,1469,0,0,4906,0,4906,G
1-PB2,1470,0,4868,1,1,4870,T
1-PB2,1471,4922,0,4,0,4926,A
1-PB2,1472,0,1,0,4923,4924,C
1-PB2,1473,4400,1,2,0,4403,A
1-PB2,1474,4,3,4423,1,4431,G
1-PB2,1475,4291,0,3,1,4295,A
1-PB2,1476,2,2,4357,1,4362,G
1-PB2,1477,4204,1,5,0,4210,A
1-PB2,1478,0,6,4087,0,4093,G
1-PB2,1479,1,1,4080,0,4082,G
1-PB2,1480,1,3,4091,0,4095,G
1-PB2,1481,1,3989,0,8,3998,T
1-PB2,1482,0,1,4001,0,4002,G
1-PB2,1483,0,2,4020,0,4022,G
1-PB2,1484,0,3954,0,7,3961,T
1-PB2,1485,4,2,4119,0,4125,G
1-PB2,1486,0,0,4128,0,4128,G
1-PB2,1487,0,3994,1,3,3998,T
1-PB2,1488,1,3980,0,2,3983,T
1-PB2,1489,3943,0,1,0,3944,A
1-PB2,1490,0,0,3955,0,3955,G
1-PB2,1491,1,2,0,3931,3934,C
1-PB2,1492,3935,0,1,0,3936,A
1-PB2,1493,0,3923,0,0,3923,T
1-PB2,1494,1,3674,0,0,3675,T
1-PB2,1495,0,3,3672,1,3676,G
1-PB2,1496,3644,1,3,1,3649,A
1-PB2,1497,0,3651,0,1,3652,T
1-PB2,1498,3,1,0,3676,3680,C
1-PB2,1499,2,2,3646,0,3650,G
1-PB2,1500,0,0,3717,0,3717,G
1-PB2,1501,0,3693,0,0,3693,T
1-PB2,1502,0,3675,0,1,3676,T
1-PB2,1503,0,3689,0,1,3690,T
1-PB2,1504,0,3687,0,1,3688,T
1-PB2,1505,0,3687,0,2,3689,T
1-PB2,1506,0,2,3685,0,3687,G
1-PB2,1507,3637,0,4,0,3641,A
1-PB2,1508,0,1,3690,0,3691,G
1-PB2,1509,3520,0,4,1,3525,A
1-PB2,1510,0,0,3558,0,3558,G
1-PB2,1511,0,3560,0,2,3562,T
1-PB2,1512,0,3538,0,0,3538,T
1-PB2,1513,4,1,0,3551,3556,C
1-PB2,1514,1,0,3561,0,3562,G
1-PB2,1515,3539,0,7,0,3546,A
1-PB2,1516,1,3,3554,0,3558,G
1-PB2,1517,3557,0,3,0,3560,A
1-PB2,1518,1,2,0,3550,3553,C
1-PB2,1519,4,0,1,3503,3508,C
1-PB2,1520,3477,0,0,0,3477,A
1-PB2,1521,3524,0,4,0,3528,A
1-PB2,1522,0,0,0,3535,3535,C
1-PB2,1523,2,1,3552,0,3555,G
1-PB2,1524,0,3528,1,0,3529,T
1-PB2,1525,2,0,3522,0,3524,G
1-PB2,1526,0,1,3519,0,3520,G
1-PB2,1527,0,1,3537,1,3539,G
1-PB2,1528,3483,1,2,0,3486,A
1-PB2,1529,3505,0,0,0,3505,A
1-PB2,1530,0,3375,0,0,3375,T
1-PB2,1531,0,0,3514,0,3514,G
1-PB2,1532,1,3494,0,0,3495,T
1-PB2,1533,3506,0,1,0,3507,A
1-PB2,1534,0,3507,0,1,3508,T
1-PB2,1535,0,3454,0,0,3454,T
1-PB2,1536,3503,0,1,0,3504,A
1-PB2,1537,1,3468,0,1,3470,T
1-PB2,1538,0,3416,0,1,3417,T
1-PB2,1539,3422,0,0,0,3422,A
1-PB2,1540,0,2959,0,2,2961,T
1-PB2,1541,2,1,0,3066,3069,C
1-PB2,1542,1,3008,0,4,3013,T
1-PB2,1543,2,1,0,3037,3040,C
1-PB2,1544,1,1,0,3037,3039,C
1-PB2,1545,0,2958,1,3,2962,T
1-PB2,1546,0,2,2985,1,2988,G
1-PB2,1547,2952,0,4,1,2957,A
1-PB2,1548,0,0,2970,0,2970,G
1-PB2,1549,0,3,2955,0,2958,G
1-PB2,1550,2569,0,0,0,2569,A
1-PB2,1551,0,3,2582,0,2585,G
1-PB2,1552,1,0,2574,0,2575,G
1-PB2,1553,1,2462,0,1,2464,T
1-PB2,1554,3,0,0,2457,2460,C
1-PB2,1555,2448,1,0,0,2449,A
1-PB2,1556,1,0,2478,0,2479,G
1-PB2,1557,0,2467,0,0,2467,T
1-PB2,1558,0,3,2471,0,2474,G
1-PB2,1559,2466,0,2,0,2468,A
1-PB2,1560,2362,0,26,0,2388,A
1-PB2,1561,2383,0,3,0,2386,A
1-PB2,1562,0,0,0,2377,2377,C
1-PB2,1563,2360,0,0,0,2360,A
1-PB2,1564,0,0,0,2346,2346,C
1-PB2,1565,2207,1,4,1,2213,A
1-PB2,1566,0,3,2219,0,2222,G
1-PB2,1567,1,0,2200,0,2201,G
1-PB2,1568,0,2,2230,0,2232,G
1-PB2,1569,2222,2,0,0,2224,A
1-PB2,1570,2193,1,1,0,2195,A
1-PB2,1571,0,0,0,2206,2206,C
1-PB2,1572,0,2149,1,2,2152,T
1-PB2,1573,0,0,2153,0,2153,G
1-PB2,1574,2115,0,3,0,2118,A
1-PB2,1575,1,0,2131,0,2132,G
1-PB2,1576,2077,0,3,0,2080,A
1-PB2,1577,1,2,1952,0,1955,G
1-PB2,1578,1944,0,1,0,1945,A
1-PB2,1579,0,0,0,1939,1939,C
1-PB2,1580,0,1868,0,1,1869,T
1-PB2,1581,1,0,1890,0,1891,G
1-PB2,1582,1874,0,2,1,1877,A
1-PB2,1583,0,0,0,1879,1879,C
1-PB2,1584,1863,0,1,0,1864,A
1-PB2,1585,1865,0,1,0,1866,A
1-PB2,1586,0,1856,0,1,1857,T
1-PB2,1587,1862,0,0,0,1862,A
1-PB2,1588,1858,1,0,0,1859,A
1-PB2,1589,0,0,0,1866,1866,C
1-PB2,1590,1,1718,1,2,1722,T
1-PB2,1591,1,1698,0,0,1699,T
1-PB2,1592,1681,1,0,0,1682,A
1-PB2,1593,0,1670,0,0,1670,T
1-PB2,1594,1,1665,0,1,1667,T
1-PB2,1595,1,0,0,1665,1666,C
1-PB2,1596,1521,0,0,0,1521,A
1-PB2,1597,1,1508,0,0,1509,T
1-PB2,1598,0,0,0,1454,1454,C
1-PB2,1599,0,0,1458,0,1458,G
1-PB2,1600,1,1459,0,0,1460,T
1-PB2,1601,0,0,0,1423,1423,C
1-PB2,1602,0,1,1424,0,1425,G
1-PB2,1603,1431,0,1,0,1432,A
1-PB2,1604,0,1425,1,0,1426,T
1-PB2,1605,0,1,1412,0,1413,G
1-PB2,1606,1413,0,0,0,1413,A
1-PB2,1607,0,1407,0,0,1407,T
1-PB2,1608,0,0,1392,0,1392,G
1-PB2,1609,0,1308,1,0,1309,T
1-PB2,1610,2,1,1294,0,1297,G
1-PB2,1611,0,2,1297,0,1299,G
1-PB2,1612,0,0,1287,0,1287,G
1-PB2,1613,1234,0,0,0,1234,A
1-PB2,1614,1,1,1229,0,1231,G
1-PB2,1615,1109,0,1,0,1110,A
1-PB2,1616,0,1063,0,0,1063,T
1-PB2,1617,0,1007,0,0,1007,T
1-PB2,1618,1009,3,0,0,1012,A
1-PB2,1619,998,0,4,0,1002,A
1-PB2,1620,0,1,0,993,994,C
1-PB2,1621,0,0,899,0,899,G
1-PB2,1622,1,0,900,0,901,G
1-PB2,1623,0,754,0,0,754,T
1-PB2,1624,1,0,0,741,742,C
1-PB2,1625,0,0,0,744,744,C
1-PB2,1626,0,664,1,2,667,T
1-PB2,1627,0,0,670,0,670,G
1-PB2,1628,671,0,0,0,671,A
1-PB2,1629,0,0,669,0,669,G
1-PB2,1630,0,670,0,0,670,T
1-PB2,1631,0,0,0,626,626,C
1-PB2,1632,0,0,631,0,631,G
1-PB2,1633,0,0,641,0,641,G
1-PB2,1634,0,642,0,0,642,T
1-PB2,1635,0,641,0,0,641,T
1-PB2,1636,0,638,0,0,638,T
1-PB2,1637,0,640,0,0,640,T
1-PB2,1638,0,1,663,0,664,G
1-PB2,1639,0,1,670,0,671,G
1-PB2,1640,0,668,0,0,668,T
1-PB2,1641,0,1,0,665,666,C
1-PB2,1642,656,0,0,0,656,A
1-PB2,1643,681,1,0,0,682,A
1-PB2,1644,0,682,0,0,682,T
1-PB2,1645,686,0,0,0,686,A
1-PB2,1646,0,0,0,695,695,C
1-PB2,1647,0,0,0,654,654,C
1-PB2,1648,0,653,1,0,654,T
1-PB2,1649,657,0,1,0,658,A
1-PB2,1650,0,654,0,0,654,T
1-PB2,1651,0,0,0,658,658,C
1-PB2,1652,625,0,0,0,625,A
1-PB2,1653,630,0,0,0,630,A
1-PB2,1654,0,625,0,0,625,T
1-PB2,1655,0,0,593,0,593,G
1-PB2,1656,0,0,594,0,594,G
1-PB2,1657,588,0,0,0,588,A
1-PB2,1658,0,573,0,0,573,T
1-PB2,1659,0,0,0,571,571,C
1-PB2,1660,572,0,0,0,572,A
1-PB2,1661,0,571,0,2,573,T
1-PB2,1662,1,0,0,569,570,C
1-PB2,1663,574,0,1,0,575,A
1-PB2,1664,0,0,577,0,577,G
1-PB2,1665,574,1,0,0,575,A
1-PB2,1666,572,0,0,0,572,A
1-PB2,1667,576,0,0,0,576,A
1-PB2,1668,3,566,0,0,569,T
1-PB2,1669,0,573,0,0,573,T
1-PB2,1670,0,0,570,0,570,G
1-PB2,1671,0,3,566,0,569,G
1-PB2,1672,0,0,565,0,565,G
1-PB2,1673,563,1,1,0,565,A
1-PB2,1674,571,0,0,0,571,A
1-PB2,1675,1,0,574,0,575,G
1-PB2,1676,1,0,0,570,571,C
1-PB2,1677,0,567,0,0,567,T
1-PB2,1678,569,0,0,0,569,A
1-PB2,1679,0,576,0,0,576,T
1-PB2,1680,0,0,0,572,572,C
1-PB2,1681,577,0,1,0,578,A
1-PB2,1682,577,1,0,0,578,A
1-PB2,1683,576,0,0,0,576,A
1-PB2,1684,572,0,0,0,572,A
1-PB2,1685,0,577,0,0,577,T
1-PB2,1686,0,571,0,0,571,T
1-PB2,1687,0,0,0,569,569,C
1-PB2,1688,571,0,0,0,571,A
1-PB2,1689,567,1,1,0,569,A
1-PB2,1690,0,566,0,0,566,T
1-PB2,1691,0,1,566,0,567,G
1-PB2,1692,0,0,574,0,574,G
1-PB2,1693,0,585,0,1,586,T
1-PB2,1694,0,0,0,583,583,C
1-PB2,1695,1,579,0,1,581,T
1-PB2,1696,0,2,0,589,591,C
1-PB2,1697,589,0,0,0,589,A
1-PB2,1698,0,1,589,0,590,G
1-PB2,1699,590,1,0,0,591,A
1-PB2,1700,596,0,0,0,596,A
1-PB2,1701,0,581,0,0,581,T
1-PB2,1702,0,0,0,563,563,C
1-PB2,1703,1,0,0,575,576,C
1-PB2,1704,0,572,0,1,573,T
1-PB2,1705,2,0,572,0,574,G
1-PB2,1706,1,0,0,570,571,C
1-PB2,1707,569,0,1,0,570,A
1-PB2,1708,581,0,0,0,581,A
1-PB2,1709,0,572,0,0,572,T
1-PB2,1710,0,0,590,0,590,G
1-PB2,1711,0,589,0,0,589,T
1-PB2,1712,0,580,0,0,580,T
1-PB2,1713,0,0,583,0,583,G
1-PB2,1714,0,580,0,2,582,T
1-PB2,1715,582,0,0,0,582,A
1-PB2,1716,0,0,0,579,579,C
1-PB2,1717,563,0,0,0,563,A
1-PB2,1718,568,0,0,0,568,A
1-PB2,1719,0,0,0,556,556,C
1-PB2,1720,534,0,0,0,534,A
1-PB2,1721,534,0,0,0,534,A
1-PB2,1722,520,0,0,0,520,A
1-PB2,1723,519,0,1,0,520,A
1-PB2,1724,1,516,0,0,517,T
1-PB2,1725,0,1,518,0,519,G
1-PB2,1726,0,1,517,0,518,G
1-PB2,1727,520,0,0,0,520,A
1-PB2,1728,522,0,1,0,523,A
1-PB2,1729,0,523,0,0,523,T
1-PB2,1730,0,521,0,0,521,T
1-PB2,1731,0,520,0,0,520,T
1-PB2,1732,0,0,515,0,515,G
1-PB2,1733,523,0,0,0,523,A
1-PB2,1734,525,0,0,0,525,A
1-PB2,1735,1,1,0,522,524,C
1-PB2,1736,0,0,0,515,515,C
1-PB2,1737,520,0,0,0,520,A
1-PB2,1738,0,522,0,0,522,T
1-PB2,1739,0,522,0,0,522,T
1-PB2,1740,0,524,0,0,524,T
1-PB2,1741,0,0,0,527,527,C
1-PB2,1742,526,0,0,0,526,A
1-PB2,1743,525,0,0,0,525,A
1-PB2,1744,0,527,0,0,527,T
1-PB2,1745,0,0,0,540,540,C
1-PB2,1746,0,528,0,0,528,T
1-PB2,1747,0,525,0,0,525,T
1-PB2,1748,0,528,0,0,528,T
1-PB2,1749,529,0,0,0,529,A
1-PB2,1750,0,0,529,0,529,G
1-PB2,1751,0,526,0,0,526,T
1-PB2,1752,0,0,0,548,548,C
1-PB2,1753,0,1,0,551,552,C
1-PB2,1754,1,0,0,546,547,C
1-PB2,1755,0,0,0,550,550,C
1-PB2,1756,543,0,0,0,543,A
1-PB2,1757,544,0,0,0,544,A
1-PB2,1758,0,0,559,0,559,G
1-PB2,1759,0,0,557,0,557,G
1-PB2,1760,0,0,0,558,558,C
1-PB2,1761,0,0,0,550,550,C
1-PB2,1762,549,0,2,0,551,A
1-PB2,1763,0,559,0,0,559,T
1-PB2,1764,0,560,0,0,560,T
1-PB2,1765,560,0,0,0,560,A
1-PB2,1766,0,1,561,0,562,G
1-PB2,1767,543,0,0,0,543,A
1-PB2,1768,580,0,0,0,580,A
1-PB2,1769,0,0,590,0,590,G
1-PB2,1770,0,0,0,601,601,C
1-PB2,1771,1,0,0,597,598,C
1-PB2,1772,585,0,0,0,585,A
1-PB2,1773,599,1,0,0,600,A
1-PB2,1774,0,597,0,0,597,T
1-PB2,1775,603,0,0,0,603,A
1-PB2,1776,0,0,0,607,607,C
1-PB2,1777,549,0,0,0,549,A
1-PB2,1778,2,0,549,0,551,G
1-PB2,1779,0,528,0,0,528,T
1-PB2,1780,0,1,540,0,541,G
1-PB2,1781,0,0,543,0,543,G
1-PB2,1782,0,0,536,0,536,G
1-PB2,1783,0,536,0,1,537,T
1-PB2,1784,0,523,1,0,524,T
1-PB2,1785,0,530,0,0,530,T
1-PB2,1786,0,0,536,0,536,G
1-PB2,1787,0,534,0,0,534,T
1-PB2,1788,0,1,0,529,530,C
1-PB2,1789,525,0,2,0,527,A
1-PB2,1790,0,1,526,0,527,G
1-PB2,1791,524,0,0,0,524,A
1-PB2,1792,525,0,0,0,525,A
1-PB2,1793,0,0,1,524,525,C
1-PB2,1794,0,502,0,0,502,T
1-PB2,1795,0,0,0,516,516,C
1-PB2,1796,0,520,0,0,520,T
1-PB2,1797,523,0,1,0,524,A
1-PB2,1798,0,522,0,1,523,T
1-PB2,1799,1,517,0,0,518,T
1-PB2,1800,0,0,0,517,517,C
1-PB2,1801,0,0,0,513,513,C
1-PB2,1802,515,0,0,0,515,A
1-PB2,1803,516,0,0,0,516,A
1-PB2,1804,0,0,0,514,514,C
1-PB2,1805,513,0,0,0,513,A
1-PB2,1806,512,0,0,0,512,A
1-PB2,1807,509,0,0,0,509,A
1-PB2,1808,0,510,0,0,510,T
1-PB2,1809,0,1,510,0,511,G
1-PB2,1810,502,0,0,0,502,A
1-PB2,1811,0,1,515,0,516,G
1-PB2,1812,502,0,0,1,503,A
1-PB2,1813,0,0,509,0,509,G
1-PB2,1814,512,0,1,0,513,A
1-PB2,1815,0,0,0,511,511,C
1-PB2,1816,0,0,521,0,521,G
1-PB2,1817,0,527,0,0,527,T
1-PB2,1818,527,0,0,0,527,A
1-PB2,1819,0,0,0,528,528,C
1-PB2,1820,0,529,0,0,529,T
1-PB2,1821,0,529,0,0,529,T
1-PB2,1822,0,0,521,0,521,G
1-PB2,1823,0,0,527,0,527,G
1-PB2,1824,0,0,526,0,526,G
1-PB2,1825,521,0,0,2,523,A
1-PB2,1826,0,0,0,520,520,C
1-PB2,1827,535,0,0,0,535,A
1-PB2,1828,0,529,0,0,529,T
1-PB2,1829,0,530,0,0,530,T
1-PB2,1830,0,540,0,0,540,T
1-PB2,1831,0,0,533,0,533,G
1-PB2,1832,541,2,2,0,545,A
1-PB2,1833,0,0,0,541,541,C
1-PB2,1834,540,0,0,0,540,A
1-PB2,1835,0,0,0,550,550,C
1-PB2,1836,0,0,0,542,542,C
1-PB2,1837,546,0,1,0,547,A
1-PB2,1838,0,6,0,544,550,C
1-PB2,1839,0,0,0,555,555,C
1-PB2,1840,1,0,0,558,559,C
1-PB2,1841,557,0,0,0,557,A
1-PB2,1842,0,0,574,0,574,G
1-PB2,1843,575,0,0,0,575,A
1-PB2,1844,0,604,0,0,604,T
1-PB2,1845,604,0,0,0,604,A
1-PB2,1846,596,0,0,0,596,A
1-PB2,1847,0,592,0,0,592,T
1-PB2,1848,596,0,0,0,596,A
1-PB2,1849,589,0,0,0,589,A
1-PB2,1850,584,0,0,0,584,A
1-PB2,1851,0,1,588,0,589,G
1-PB2,1852,0,0,0,587,587,C
1-PB2,1853,0,562,0,1,563,T
1-PB2,1854,0,567,0,0,567,T
1-PB2,1855,0,0,0,563,563,C
1-PB2,1856,0,563,0,0,563,T
1-PB2,1857,0,0,0,570,570,C
1-PB2,1858,0,0,0,571,571,C
1-PB2,1859,0,0,0,576,576,C
1-PB2,1860,0,574,0,2,576,T
1-PB2,1861,0,577,0,0,577,T
1-PB2,1862,0,581,0,0,581,T
1-PB2,1863,0,579,0,1,580,T
1-PB2,1864,0,1,580,0,581,G
1-PB2,1865,0,0,0,585,585,C
1-PB2,1866,573,0,2,0,575,A
1-PB2,1867,0,0,575,1,576,G
1-PB2,1868,0,1,0,579,580,C
1-PB2,1869,0,579,0,0,579,T
1-PB2,1870,0,0,580,0,580,G
1-PB2,1871,0,0,0,581,581,C
1-PB2,1872,0,563,0,0,563,T
1-PB2,1873,0,1,0,589,590,C
1-PB2,1874,0,1,0,590,591,C
1-PB2,1875,594,0,0,0,594,A
1-PB2,1876,0,0,0,599,599,C
1-PB2,1877,1,0,0,587,588,C
1-PB2,1878,586,0,0,0,586,A
1-PB2,1879,591,0,1,0,592,A
1-PB2,1880,590,0,0,0,590,A
1-PB2,1881,0,0,594,0,594,G
1-PB2,1882,0,0,0,595,595,C
1-PB2,1883,580,0,0,0,580,A
1-PB2,1884,579,0,0,0,579,A
1-PB2,1885,576,0,1,0,577,A
1-PB2,1886,0,0,589,0,589,G
1-PB2,1887,1,0,0,589,590,C
1-PB2,1888,585,0,0,0,585,A
1-PB2,1889,0,0,589,0,589,G
1-PB2,1890,577,0,0,0,577,A
1-PB2,1891,594,0,0,1,595,A
1-PB2,1892,0,597,0,0,597,T
1-PB2,1893,0,0,591,0,591,G
1-PB2,1894,0,0,0,590,590,C
1-PB2,1895,581,1,0,0,582,A
1-PB2,1896,0,5,583,0,588,G
1-PB2,1897,0,588,0,0,588,T
1-PB2,1898,0,599,0,0,599,T
1-PB2,1899,0,0,0,606,606,C
1-PB2,1900,0,593,0,0,593,T
1-PB2,1901,0,0,0,598,598,C
1-PB2,1902,0,595,0,1,596,T
1-PB2,1903,1,591,0,0,592,T
1-PB2,1904,2,0,0,591,593,C
1-PB2,1905,587,0,0,0,587,A
1-PB2,1906,0,0,0,588,588,C
1-PB2,1907,0,558,0,0,558,T
1-PB2,1908,0,0,566,0,566,G
1-PB2,1909,564,0,0,0,564,A
1-PB2,1910,0,0,0,581,581,C
1-PB2,1911,0,566,0,7,573,T
1-PB2,1912,0,0,581,0,581,G
1-PB2,1913,0,575,0,0,575,T
1-PB2,1914,0,0,581,0,581,G
1-PB2,1915,581,0,0,0,581,A
1-PB2,1916,587,0,0,0,587,A
1-PB2,1917,0,573,0,0,573,T
1-PB2,1918,0,0,575,0,575,G
1-PB2,1919,1,543,0,0,544,T
1-PB2,1920,0,1,547,0,548,G
1-PB2,1921,535,0,0,0,535,A
1-PB2,1922,0,0,542,0,542,G
1-PB2,1923,0,1,537,0,538,G
1-PB2,1924,0,1,532,0,533,G
1-PB2,1925,0,0,548,0,548,G
1-PB2,1926,551,0,1,0,552,A
1-PB2,1927,0,541,0,1,542,T
1-PB2,1928,0,0,0,552,552,C
1-PB2,1929,552,0,0,0,552,A
1-PB2,1930,1,0,559,0,560,G
1-PB2,1931,0,0,555,0,555,G
1-PB2,1932,0,1,554,0,555,G
1-PB2,1933,548,0,0,0,548,A
1-PB2,1934,0,522,0,0,522,T
1-PB2,1935,0,0,522,0,522,G
1-PB2,1936,519,0,1,0,520,A
1-PB2,1937,0,0,532,0,532,G
1-PB2,1938,531,0,0,0,531,A
1-PB2,1939,509,0,0,0,509,A
1-PB2,1940,0,512,0,0,512,T
1-PB2,1941,513,0,0,0,513,A
1-PB2,1942,0,0,0,523,523,C
1-PB2,1943,0,517,0,0,517,T
1-PB2,1944,0,520,0,0,520,T
1-PB2,1945,0,0,519,0,519,G
1-PB2,1946,0,502,0,0,502,T
1-PB2,1947,497,0,0,0,497,A
1-PB2,1948,500,0,0,0,500,A
1-PB2,1949,0,0,488,0,488,G
1-PB2,1950,0,0,491,0,491,G
1-PB2,1951,1,1,478,0,480,G
1-PB2,1952,0,0,481,0,481,G
1-PB2,1953,0,0,0,478,478,C
1-PB2,1954,484,0,1,0,485,A
1-PB2,1955,494,0,0,0,494,A
1-PB2,1956,0,500,0,0,500,T
1-PB2,1957,0,496,0,0,496,T
1-PB2,1958,0,0,0,503,503,C
1-PB2,1959,1,493,0,0,494,T
1-PB2,1960,2,0,0,500,502,C
1-PB2,1961,0,0,0,501,501,C
1-PB2,1962,0,497,0,1,498,T
1-PB2,1963,1,0,513,0,514,G
1-PB2,1964,0,505,0,3,508,T
1-PB2,1965,505,0,0,0,505,A
1-PB2,1966,0,507,0,0,507,T
1-PB2,1967,0,505,0,0,505,T
1-PB2,1968,0,0,0,512,512,C
1-PB2,1969,508,1,0,0,509,A
1-PB2,1970,516,1,0,0,517,A
1-PB2,1971,0,0,0,517,517,C
1-PB2,1972,0,504,0,0,504,T
1-PB2,1973,507,0,0,0,507,A
1-PB2,1974,0,0,0,527,527,C
1-PB2,1975,524,0,0,0,524,A
1-PB2,1976,526,0,0,0,526,A
1-PB2,1977,0,0,0,518,518,C
1-PB2,1978,513,0,0,0,513,A
1-PB2,1979,508,0,0,0,508,A
1-PB2,1980,0,0,507,0,507,G
1-PB2,1981,508,0,0,0,508,A
1-PB2,1982,0,1,0,513,514,C
1-PB2,1983,0,0,0,491,491,C
1-PB2,1984,491,0,0,0,491,A
1-PB2,1985,0,0,0,516,516,C
1-PB2,1986,1,514,0,0,515,T
1-PB2,1987,514,0,1,0,515,A
1-PB2,1988,514,0,0,0,514,A
1-PB2,1989,512,0,0,0,512,A
1-PB2,1990,514,0,0,0,514,A
1-PB2,1991,0,0,523,0,523,G
1-PB2,1992,514,0,0,0,514,A
1-PB2,1993,0,0,0,516,516,C
1-PB2,1994,0,502,0,0,502,T
1-PB2,1995,506,0,0,0,506,A
1-PB2,1996,507,1,0,0,508,A
1-PB2,1997,0,0,0,510,510,C
1-PB2,1998,507,0,0,0,507,A
1-PB2,1999,500,0,0,0,500,A
1-PB2,2000,0,494,0,0,494,T
1-PB2,2001,0,485,0,0,485,T
1-PB2,2002,2,0,0,492,494,C
1-PB2,2003,0,483,0,2,485,T
1-PB2,2004,0,1,0,490,491,C
1-PB2,2005,1,0,491,0,492,G
1-PB2,2006,0,0,498,0,498,G
1-PB2,2007,496,0,0,0,496,A
1-PB2,2008,497,0,0,0,497,A
1-PB2,2009,496,0,0,0,496,A
1-PB2,2010,496,0,1,0,497,A
1-PB2,2011,0,0,498,0,498,G
1-PB2,2012,499,0,0,0,499,A
1-PB2,2013,0,500,0,0,500,T
1-PB2,2014,0,0,497,0,497,G
1-PB2,2015,0,0,0,497,497,C
1-PB2,2016,0,0,0,498,498,C
1-PB2,2017,2,0,497,0,499,G
1-PB2,2018,0,0,495,0,495,G
1-PB2,2019,0,0,0,501,501,C
1-PB2,2020,501,0,0,0,501,A
1-PB2,2021,0,0,0,512,512,C
1-PB2,2022,0,512,0,1,513,T
1-PB2,2023,0,513,0,0,513,T
1-PB2,2024,0,514,0,0,514,T
1-PB2,2025,510,0,1,0,511,A
1-PB2,2026,513,0,0,0,513,A
1-PB2,2027,0,518,0,0,518,T
1-PB2,2028,0,516,0,1,517,T
1-PB2,2029,0,0,517,0,517,G
1-PB2,2030,494,0,0,0,494,A
1-PB2,2031,491,0,2,0,493,A
1-PB2,2032,0,0,494,0,494,G
1-PB2,2033,507,0,0,0,507,A
1-PB2,2034,0,2,0,502,504,C
1-PB2,2035,1,0,0,503,504,C
1-PB2,2036,1,0,0,503,504,C
1-PB2,2037,499,0,1,0,500,A
1-PB2,2038,0,0,526,0,526,G
1-PB2,2039,524,0,0,0,524,A
1-PB2,2040,0,526,0,0,526,T
1-PB2,2041,2,1,523,0,526,G
1-PB2,2042,512,0,1,0,513,A
1-PB2,2043,510,0,0,0,510,A
1-PB2,2044,512,1,1,0,514,A
1-PB2,2045,0,0,518,0,518,G
1-PB2,2046,0,0,0,517,517,C
1-PB2,2047,504,0,0,0,504,A
1-PB2,2048,0,1,0,504,505,C
1-PB2,2049,511,0,0,0,511,A
1-PB2,2050,0,502,0,0,502,T
1-PB2,2051,0,0,0,522,522,C
1-PB2,2052,0,0,0,518,518,C
1-PB2,2053,0,0,521,0,521,G
1-PB2,2054,0,2,520,0,522,G
1-PB2,2055,517,0,0,0,517,A
1-PB2,2056,1,0,525,0,526,G
1-PB2,2057,0,510,0,1,511,T
1-PB2,2058,0,2,511,0,513,G
1-PB2,2059,0,0,512,0,512,G
1-PB2,2060,507,0,0,0,507,A
1-PB2,2061,0,0,505,0,505,G
1-PB2,2062,0,493,0,0,493,T
1-PB2,2063,0,0,0,488,488,C
1-PB2,2064,0,0,0,491,491,C
1-PB2,2065,0,0,490,0,490,G
1-PB2,2066,0,0,0,487,487,C
1-PB2,2067,0,0,0,490,490,C
1-PB2,2068,0,0,509,0,509,G
1-PB2,2069,0,508,0,2,510,T
1-PB2,2070,0,0,0,513,513,C
1-PB2,2071,0,516,1,0,517,T
1-PB2,2072,0,517,0,0,517,T
1-PB2,2073,0,0,511,0,511,G
1-PB2,2074,508,0,0,0,508,A
1-PB2,2075,0,0,511,0,511,G
1-PB2,2076,509,0,1,0,510,A
1-PB2,2077,0,2,483,0,485,G
1-PB2,2078,0,0,486,0,486,G
1-PB2,2079,0,0,487,0,487,G
1-PB2,2080,0,483,0,1,484,T
1-PB2,2081,0,485,0,0,485,T
1-PB2,2082,0,484,0,1,485,T
1-PB2,2083,0,0,0,490,490,C
1-PB2,2084,0,482,0,0,482,T
1-PB2,2085,2,1,0,508,511,C
1-PB2,2086,508,0,0,0,508,A
1-PB2,2087,0,501,0,0,501,T
1-PB2,2088,0,498,0,0,498,T
1-PB2,2089,497,0,0,0,497,A
1-PB2,2090,0,499,0,0,499,T
1-PB2,2091,489,0,0,0,489,A
1-PB2,2092,0,0,497,0,497,G
1-PB2,2093,0,0,499,0,499,G
1-PB2,2094,0,473,0,0,473,T
1-PB2,2095,468,0,0,0,468,A
1-PB2,2096,468,0,0,0,468,A
1-PB2,2097,1,0,468,0,469,G
1-PB2,2098,0,0,464,0,464,G
1-PB2,2099,459,0,0,0,459,A
1-PB2,2100,458,0,0,0,458,A
1-PB2,2101,0,0,463,0,463,G
1-PB2,2102,449,0,0,0,449,A
1-PB2,2103,0,0,0,456,456,C
1-PB2,2104,454,0,0,0,454,A
1-PB2,2105,0,0,458,0,458,G
1-PB2,2106,452,0,0,0,452,A
1-PB2,2107,454,0,0,0,454,A
1-PB2,2108,0,0,460,0,460,G
1-PB2,2109,452,0,0,0,452,A
1-PB2,2110,0,449,0,0,449,T
1-PB2,2111,451,0,0,0,451,A
1-PB2,2112,0,0,0,446,446,C
1-PB2,2113,0,0,443,0,443,G
1-PB2,2114,0,1,458,0,459,G
1-PB2,2115,460,0,0,0,460,A
1-PB2,2116,1,0,0,456,457,C
1-PB2,2117,1,0,0,453,454,C
1-PB2,2118,444,0,0,0,444,A
1-PB2,2119,0,0,478,0,478,G
1-PB2,2120,1,0,0,477,478,C
1-PB2,2121,480,0,0,0,480,A
1-PB2,2122,0,471,0,0,471,T
1-PB2,2123,0,455,0,0,455,T
1-PB2,2124,454,0,0,0,454,A
1-PB2,2125,456,0,0,0,456,A
1-PB2,2126,0,0,456,0,456,G
1-PB2,2127,0,0,0,454,454,C
1-PB2,2128,432,0,0,0,432,A
1-PB2,2129,0,449,0,1,450,T
1-PB2,2130,0,0,0,451,451,C
1-PB2,2131,450,0,0,0,450,A
1-PB2,2132,452,0,0,0,452,A
1-PB2,2133,0,447,0,0,447,T
1-PB2,2134,1,1,451,1,454,G
1-PB2,2135,453,0,0,0,453,A
1-PB2,2136,451,0,0,0,451,A
1-PB2,2137,0,0,0,458,458,C
1-PB2,2138,0,421,0,0,421,T
1-PB2,2139,0,1,434,0,435,G
1-PB2,2140,429,0,0,0,429,A
1-PB2,2141,2,0,427,0,429,G
1-PB2,2142,1,0,0,423,424,C
1-PB2,2143,421,0,0,0,421,A
1-PB2,2144,440,0,0,0,440,A
1-PB2,2145,0,0,0,436,436,C
1-PB2,2146,0,0,0,432,432,C
1-PB2,2147,1,424,0,1,426,T
1-PB2,2148,0,424,0,0,424,T
1-PB2,2149,0,0,426,0,426,G
1-PB2,2150,1,0,0,422,423,C
1-PB2,2151,427,0,0,0,427,A
1-PB2,2152,428,0,0,0,428,A
1-PB2,2153,402,0,0,0,402,A
1-PB2,2154,396,0,0,0,396,A
1-PB2,2155,0,0,398,0,398,G
1-PB2,2156,0,0,399,0,399,G
1-PB2,2157,0,0,399,0,399,G
1-PB2,2158,0,0,401,0,401,G
1-PB2,2159,398,0,1,1,400,A
1-PB2,2160,402,0,0,0,402,A
1-PB2,2161,402,0,0,0,402,A
1-PB2,2162,408,0,0,0,408,A
1-PB2,2163,1,1,409,0,411,G
1-PB2,2164,0,0,408,0,408,G
1-PB2,2165,0,1,0,400,401,C
1-PB2,2166,0,398,0,1,399,T
1-PB2,2167,398,0,0,0,398,A
1-PB2,2168,402,0,0,0,402,A
1-PB2,2169,1,400,0,0,401,T
1-PB2,2170,0,0,406,0,406,G
1-PB2,2171,0,393,0,2,395,T
1-PB2,2172,0,0,382,0,382,G
1-PB2,2173,0,0,0,380,380,C
1-PB2,2174,0,383,0,0,383,T
1-PB2,2175,386,0,0,0,386,A
1-PB2,2176,386,0,0,0,386,A
1-PB2,2177,0,381,0,0,381,T
1-PB2,2178,0,0,0,383,383,C
1-PB2,2179,1,1,362,0,364,G
1-PB2,2180,1,0,370,0,371,G
1-PB2,2181,0,0,372,0,372,G
1-PB2,2182,0,0,0,372,372,C
1-PB2,2183,375,0,0,0,375,A
1-PB2,2184,375,1,0,0,376,A
1-PB2,2185,0,0,376,0,376,G
1-PB2,2186,0,0,374,0,374,G
1-PB2,2187,372,0,0,0,372,A
1-PB2,2188,0,0,378,0,378,G
1-PB2,2189,367,0,0,2,369,A
1-PB2,2190,0,0,0,371,371,C
1-PB2,2191,0,0,370,0,370,G
1-PB2,2192,0,369,0,0,369,T
1-PB2,2193,1,1,365,0,367,G
1-PB2,2194,0,0,378,0,378,G
1-PB2,2195,0,365,0,0,365,T
1-PB2,2196,0,0,369,0,369,G
1-PB2,2197,0,356,0,0,356,T
1-PB2,2198,0,354,0,1,355,T
1-PB2,2199,0,0,353,0,353,G
1-PB2,2200,0,0,350,0,350,G
1-PB2,2201,0,352,0,0,352,T
1-PB2,2202,341,0,0,0,341,A
1-PB2,2203,339,0,0,0,339,A
1-PB2,2204,1,328,0,0,329,T
1-PB2,2205,0,0,323,0,323,G
1-PB2,2206,319,0,0,0,319,A
1-PB2,2207,319,0,0,0,319,A
1-PB2,2208,320,0,0,0,320,A
1-PB2,2209,0,0,0,315,315,C
1-PB2,2210,0,0,315,0,315,G
1-PB2,2211,317,0,0,0,317,A
1-PB2,2212,316,0,0,0,316,A
1-PB2,2213,313,0,0,0,313,A
1-PB2,2214,315,0,0,0,315,A
1-PB2,2215,0,0,0,313,313,C
1-PB2,2216,0,2,311,0,313,G
1-PB2,2217,0,0,313,0,313,G
1-PB2,2218,0,0,314,0,314,G
1-PB2,2219,317,0,0,0,317,A
1-PB2,2220,0,0,0,316,316,C
1-PB2,2221,0,312,0,1,313,T
1-PB2,2222,0,0,0,326,326,C
1-PB2,2223,0,331,0,0,331,T
1-PB2,2224,333,0,1,0,334,A
1-PB2,2225,0,0,334,0,334,G
1-PB2,2226,0,1,0,327,328,C
1-PB2,2227,330,0,0,0,330,A
1-PB2,2228,0,322,0,0,322,T
1-PB2,2229,313,0,0,0,313,A
1-PB2,2230,0,0,0,321,321,C
1-PB2,2231,0,279,0,0,279,T
1-PB2,2232,0,281,0,0,281,T
1-PB2,2233,272,0,0,0,272,A
1-PB2,2234,0,0,0,273,273,C
1-PB2,2235,0,270,0,0,270,T
1-PB2,2236,0,0,268,0,268,G
1-PB2,2237,260,0,1,0,261,A
1-PB2,2238,0,0,0,261,261,C
1-PB2,2239,240,0,0,0,240,A
1-PB2,2240,0,0,244,0,244,G
1-PB2,2241,0,0,0,244,244,C
1-PB2,2242,0,0,0,242,242,C
1-PB2,2243,242,0,0,0,242,A
1-PB2,2244,0,0,240,0,240,G
1-PB2,2245,240,0,1,0,241,A
1-PB2,2246,0,1,0,242,243,C
1-PB2,2247,228,0,0,0,228,A
1-PB2,2248,0,0,227,0,227,G
1-PB2,2249,0,0,0,208,208,C
1-PB2,2250,0,0,209,0,209,G
1-PB2,2251,209,0,0,0,209,A
1-PB2,2252,0,0,0,207,207,C
1-PB2,2253,0,0,0,206,206,C
1-PB2,2254,208,0,0,0,208,A
1-PB2,2255,205,0,0,0,205,A
1-PB2,2256,205,0,0,0,205,A
1-PB2,2257,204,0,1,0,205,A
1-PB2,2258,0,0,207,0,207,G
1-PB2,2259,195,0,0,0,195,A
1-PB2,2260,199,0,0,0,199,A
1-PB2,2261,0,194,0,0,194,T
1-PB2,2262,0,199,0,0,199,T
1-PB2,2263,1,0,0,197,198,C
1-PB2,2264,0,0,196,0,196,G
1-PB2,2265,0,0,195,0,195,G
1-PB2,2266,195,0,0,0,195,A
1-PB2,2267,0,185,0,0,185,T
1-PB2,2268,0,0,185,0,185,G
1-PB2,2269,1,0,182,0,183,G
1-PB2,2270,0,0,0,182,182,C
1-PB2,2271,0,0,1,183,184,C
1-PB2,2272,186,0,0,0,186,A
1-PB2,2273,0,185,0,0,185,T
1-PB2,2274,0,0,0,184,184,C
1-PB2,2275,186,0,0,0,186,A
1-PB2,2276,186,0,0,0,186,A
1-PB2,2277,0,184,0,0,184,T
1-PB2,2278,0,165,0,0,165,T
1-PB2,2279,160,0,0,0,160,A
1-PB2,2280,157,0,0,0,157,A
2-PB1,1,900,0,0,0,900,A
2-PB1,2,0,900,0,0,900,T
2-PB1,3,0,0,922,0,922,G
2-PB1,4,0,0,1007,0,1007,G
2-PB1,5,1152,0,1,0,1153,A
2-PB1,6,0,1251,0,0,1251,T
2-PB1,7,0,0,1266,0,1266,G
2-PB1,8,0,1270,0,4,1274,T
2-PB1,9,1,1,0,1362,1364,C
2-PB1,10,1381,0,0,0,1381,A
2-PB1,11,1440,0,0,0,1440,A
2-PB1,12,0,1441,0,0,1441,T
2-PB1,13,2,0,0,1448,1450,C
2-PB1,14,1,0,0,1574,1575,C
2-PB1,15,0,1,1608,0,1609,G
2-PB1,16,1844,0,0,0,1844,A
2-PB1,17,0,0,0,1880,1880,C
2-PB1,18,0,1872,0,2,1874,T
2-PB1,19,1,0,0,2191,2192,C
2-PB1,20,0,2193,0,2,2195,T
2-PB1,21,2216,0,0,0,2216,A
2-PB1,22,0,0,0,2221,2221,C
2-PB1,23,0,2221,0,1,2222,T
2-PB1,24,0,0,2470,0,2470,G
2-PB1,25,0,2482,0,1,2483,T
2-PB1,26,0,2485,0,1,2486,T
2-PB1,27,4,1,0,2463,2468,C
2-PB1,28,1,0,0,2481,2482,C
2-PB1,29,0,2848,0,2,2850,T
2-PB1,30,2872,1,0,0,2873,A
2-PB1,31,2862,0,0,0,2862,A
2-PB1,32,2883,0,0,0,2883,A
2-PB1,33,0,1,2900,0,2901,G
2-PB1,34,1,2,2927,0,2930,G
2-PB1,35,0,2921,0,6,2927,T
2-PB1,36,0,2930,0,2,2932,T
2-PB1,37,2,1,0,2937,2940,C
2-PB1,38,0,0,0,2932,2932,C
2-PB1,39,2947,0,4,0,2951,A
2-PB1,40,0,1,2975,0,2976,G
2-PB1,41,0,3,0,2986,2989,C
2-PB1,42,1,0,3002,0,3003,G
2-PB1,43,1,0,0,3006,3007,C
2-PB1,44,3017,0,0,0,3017,A
2-PB1,45,3022,0,1,0,3023,A
2-PB1,46,3018,1,1,0,3020,A
2-PB1,47,3038,2,3,0,3043,A
2-PB1,48,0,3081,0,0,3081,T
2-PB1,49,0,1,3212,0,3213,G
2-PB1,50,0,2,0,3212,3214,C
2-PB1,51,3,1,0,3230,3234,C
2-PB1,52,3239,0,2,0,3241,A
2-PB1,53,0,3243,0,0,3243,T
2-PB1,54,3451,0,2,0,3453,A
2-PB1,55,3441,0,2,0,3443,A
2-PB1,56,0,0,3574,0,3574,G
2-PB1,57,0,0,0,3579,3579,C
2-PB1,58,3575,0,0,0,3575,A
2-PB1,59,0,1,0,3688,3689,C
2-PB1,60,3691,1,0,1,3693,A
2-PB1,61,3873,0,1,0,3874,A
2-PB1,62,0,2,0,3878,3880,C
2-PB1,63,3851,1,1,0,3853,A
2-PB1,64,0,3897,1,2,3900,T
2-PB1,65,1,3859,0,2,3862,T
2-PB1,66,2,2,0,5127,5131,C
2-PB1,67,3,1,0,5113,5117,C
2-PB1,68,2,0,1,5174,5177,C
2-PB1,69,1,5220,0,3,5224,T
2-PB1,70,0,5200,0,3,5203,T
2-PB1,71,5626,0,1,0,5627,A
2-PB1,72,0,5651,0,1,5652,T
2-PB1,73,5847,0,0,0,5847,A
2-PB1,74,0,1,0,5934,5935,C
2-PB1,75,0,5710,0,7,5717,T
2-PB1,76,2,2,5728,0,5732,G
2-PB1,77,0,4,5705,0,5709,G
2-PB1,78,5674,1,3,1,5679,A
2-PB1,79,0,4,5692,1,5697,G
2-PB1,80,5659,1,6,0,5666,A
2-PB1,81,1,0,0,5580,5581,C
2-PB1,82,3,0,0,5989,5992,C
2-PB1,83,5,0,0,6039,6044,C
2-PB1,84,2,5992,0,2,5996,T
2-PB1,85,1,0,0,6614,6615,C
2-PB1,86,3,3,0,6599,6605,C
2-PB1,87,6672,0,1,1,6674,A
2-PB1,88,1,6665,1,7,6674,T
2-PB1,89,6676,0,5,0,6681,A
2-PB1,90,0,3,0,6680,6683,C
2-PB1,91,6565,0,3,0,6568,A
2-PB1,92,0,0,6859,0,6859,G
2-PB1,93,0,2,0,6887,6889,C
2-PB1,94,5,0,1,6828,6834,C
2-PB1,95,6835,0,0,0,6835,A
2-PB1,96,0,6831,0,7,6838,T
2-PB1,97,4,4,6835,0,6843,G
2-PB1,98,1,10,7171,0,7182,G
2-PB1,99,7226,3,1,0,7230,A
2-PB1,100,7266,0,9,2,7277,A
2-PB1,101,3,2,0,7284,7289,C
2-PB1,102,7203,1,17,1,7222,A
2-PB1,103,1,5,7405,0,7411,G
2-PB1,104,0,10,7484,0,7494,G
2-PB1,105,7488,2,4,0,7494,A
2-PB1,106,7548,0,5,0,7553,A
2-PB1,107,1,6,0,7587,7594,C
2-PB1,108,7501,2,7,2,7512,A
2-PB1,109,1,10,8539,0,8550,G
2-PB1,110,0,10,8489,0,8499,G
2-PB1,111,2,2,8649,0,8653,G
2-PB1,112,1,8662,1,4,8668,T
2-PB1,113,8665,0,3,1,8669,A
2-PB1,114,2,2,1,8680,8685,C
2-PB1,115,8984,0,11,0,8995,A
2-PB1,116,0,0,0,9271,9271,C
2-PB1,117,9,0,0,9198,9207,C
2-PB1,118,8860,4,2,0,8866,A
2-PB1,119,0,8844,1,3,8848,T
2-PB1,120,3,8,8787,0,8798,G
2-PB1,121,0,10,8787,3,8800,G
2-PB1,122,8796,3,12,0,8811,A
2-PB1,123,0,0,0,8834,8834,C
2-PB1,124,8645,0,8,0,8653,A
2-PB1,125,1,1,0,8786,8788,C
2-PB1,126,8698,4,6,0,8708,A
2-PB1,127,1,0,8866,0,8867,G
2-PB1,128,2,8819,0,5,8826,T
2-PB1,129,9,1,0,9109,9119,C
2-PB1,130,9118,0,5,0,9123,A
2-PB1,131,9209,1,5,0,9215,A
2-PB1,132,1,1,0,9213,9215,C
2-PB1,133,9182,0,6,0,9188,A
2-PB1,134,3,6,9322,0,9331,G
2-PB1,135,9138,0,7,0,9145,A
2-PB1,136,9174,1,8,0,9183,A
2-PB1,137,1,2,0,9151,9154,C
2-PB1,138,8978,1,6,0,8985,A
2-PB1,139,1,0,0,9266,9267,C
2-PB1,140,9238,1,7,0,9246,A
2-PB1,141,2,4,1,9613,9620,C
2-PB1,142,8,0,0,9608,9616,C
2-PB1,143,9596,4,1,0,9601,A
2-PB1,144,9675,1,0,1,9677,A
2-PB1,145,1,9880,0,1,9882,T
2-PB1,146,10193,0,1,0,10194,A
2-PB1,147,0,10173,2,2,10177,T
2-PB1,148,2,9988,0,4,9994,T
2-PB1,149,6,6,0,10022,10034,C
2-PB1,150,9719,1,8,2,9730,A
2-PB1,151,1,9,9769,1,9780,G
2-PB1,152,9560,1,4,1,9566,A
2-PB1,153,0,5,9710,0,9715,G
2-PB1,154,9347,1,7,2,9357,A
2-PB1,155,3,6,9243,1,9253,G
2-PB1,156,0,8,9213,1,9222,G
2-PB1,157,5,9,9490,1,9505,G
2-PB1,158,2,5,9520,2,9529,G
2-PB1,159,2,3,9584,0,9589,G
2-PB1,160,9574,1,8,0,9583,A
2-PB1,161,9625,1,9,1,9636,A
2-PB1,162,0,1,9707,0,9708,G
2-PB1,163,0,9649,1,8,9658,T
2-PB1,164,1,7,9559,0,9567,G
2-PB1,165,3,3,9536,0,9542,G
2-PB1,166,9516,3,13,0,9532,A
2-PB1,167,0,6,0,9584,9590,C
2-PB1,168,3,17,9573,0,9593,G
2-PB1,169,9646,1,11,1,9659,A
2-PB1,170,1,1,0,9718,9720,C
2-PB1,171,9669,0,1,0,9670,A
2-PB1,172,9678,1,5,2,9686,A
2-PB1,173,9711,7,5,0,9723,A
2-PB1,174,0,9845,0,0,9845,T
2-PB1,175,9902,1,2,0,9905,A
2-PB1,176,0,4,1,9934,9939,C
2-PB1,177,9784,1,5,0,9790,A
2-PB1,178,0,4,9799,0,9803,G
2-PB1,179,9689,1,4,0,9694,A
2-PB1,180,9787,0,0,0,9787,A
2-PB1,181,9819,1,5,0,9825,A
2-PB1,182,0,1,0,9866,9867,C
2-PB1,183,1,9706,0,2,9709,T
2-PB1,184,3,8,9717,0,9728,G
2-PB1,185,1,15,9615,0,9631,G
2-PB1,186,6,3,9586,2,9597,G
2-PB1,187,2,1,9637,0,9640,G
2-PB1,188,2,2,0,9656,9660,C
2-PB1,189,9682,3,5,3,9693,A
2-PB1,190,2,5,0,10029,10036,C
2-PB1,191,5,1,0,9963,9969,C
2-PB1,192,14,5,1,9974,9994,C
2-PB1,193,10,0,0,10032,10042,C
2-PB1,194,10100,0,6,0,10106,A
2-PB1,195,10219,0,2,0,10221,A
2-PB1,196,1,3,0,10177,10181,C
2-PB1,197,2,10061,0,3,10066,T
2-PB1,198,7,0,1,10142,10150,C
2-PB1,199,9671,0,3,0,9674,A
2-PB1,200,9851,0,12,3,9866,A
2-PB1,201,0,1,1,9812,9814,C
2-PB1,202,9,1,0,9734,9744,C
2-PB1,203,22,3,0,9751,9776,C
2-PB1,204,9697,1,2,0,9700,A
2-PB1,205,9754,1,4,2,9761,A
2-PB1,206,0,9757,1,0,9758,T
2-PB1,207,2,9717,2,0,9721,T
2-PB1,208,2,5,9756,1,9764,G
2-PB1,209,9621,0,4,0,9625,A
2-PB1,210,1,9620,0,3,9624,T
2-PB1,211,4,5,9572,2,9583,G
2-PB1,212,1,7,9690,1,9699,G
2-PB1,213,9822,4,17,1,9844,A
2-PB1,214,0,1,0,9839,9840,C
2-PB1,215,9,5,0,9814,9828,C
2-PB1,216,9784,2,6,1,9793,A
2-PB1,217,0,1,0,10016,10017,C
2-PB1,218,1,10011,0,1,10013,T
2-PB1,219,10177,1,7,0,10185,A
2-PB1,220,2,1,0,10232,10235,C
2-PB1,221,7,2,1,10103,10113,C
2-PB1,222,2,9863,0,5,9870,T
2-PB1,223,2,5,9933,0,9940,G
2-PB1,224,9866,1,10,1,9878,A
2-PB1,225,3,4,9954,0,9961,G
2-PB1,226,0,2,9849,0,9851,G
2-PB1,227,9809,4,5,3,9821,A
2-PB1,228,0,9712,0,4,9716,T
2-PB1,229,9512,0,1,0,9513,A
2-PB1,230,9502,0,4,1,9507,A
2-PB1,231,1,9508,2,1,9512,T
2-PB1,232,0,6,9511,0,9517,G
2-PB1,233,9490,5,3,1,9499,A
2-PB1,234,9435,0,6,0,9441,A
2-PB1,235,2,1,0,9427,9430,C
2-PB1,236,8,1,0,9232,9241,C
2-PB1,237,9257,2,5,1,9265,A
2-PB1,238,9283,0,5,1,9289,A
2-PB1,239,0,2,9360,1,9363,G
2-PB1,240,0,9354,2,3,9359,T
2-PB1,241,0,6,9324,0,9330,G
2-PB1,242,2,6,9462,1,9471,G
2-PB1,243,9402,1,8,0,9411,A
2-PB1,244,0,9375,1,1,9377,T
2-PB1,245,9432,1,0,1,9434,A
2-PB1,246,1,9604,0,1,9606,T
2-PB1,247,5,0,9644,0,9649,G
2-PB1,248,3,2,1,9647,9653,C
2-PB1,249,9663,3,8,0,9674,A
2-PB1,250,2,2,1,9964,9969,C
2-PB1,251,9710,1,4,0,9715,A
2-PB1,252,9902,0,0,0,9902,A
2-PB1,253,9899,0,6,1,9906,A
2-PB1,254,0,0,0,9911,9911,C
2-PB1,255,9539,0,3,1,9543,A
2-PB1,256,1,5,9673,0,9679,G
2-PB1,257,9578,3,14,0,9595,A
2-PB1,258,2,0,0,9642,9644,C
2-PB1,259,0,9303,0,6,9309,T
2-PB1,260,3,1,9546,0,9550,G
2-PB1,261,3,9378,1,2,9384,T
2-PB1,262,1,1,9832,0,9834,G
2-PB1,263,3,9808,0,7,9818,T
2-PB1,264,8,0,1,9799,9808,C
2-PB1,265,5,2,0,9804,9811,C
2-PB1,266,2,9714,0,8,9724,T
2-PB1,267,1,4,9661,0,9666,G
2-PB1,268,1,8,9668,0,9677,G
2-PB1,269,9459,2,5,1,9467,A
2-PB1,270,0,2,9703,0,9705,G
2-PB1,271,3,5,9279,1,9288,G
2-PB1,272,0,2,0,9321,9323,C
2-PB1,273,1,9225,0,7,9233,T
2-PB1,274,9249,1,2,0,9252,A
2-PB1,275,1,9260,1,4,9266,T
2-PB1,276,8,3,9215,1,9227,G
2-PB1,277,0,2,9180,1,9183,G
2-PB1,278,5,1,0,9127,9133,C
2-PB1,279,5,0,0,8977,8982,C
2-PB1,280,0,8854,1,3,8858,T
2-PB1,281,2,9294,0,2,9298,T
2-PB1,282,3,2,0,9300,9305,C
2-PB1,283,5,1,0,9325,9331,C
2-PB1,284,0,9343,0,3,9346,T
2-PB1,285,3,9309,0,6,9318,T
2-PB1,286,4,3,9326,0,9333,G
2-PB1,287,9309,1,0,1,9311,A
2-PB1,288,9347,1,4,0,9352,A
2-PB1,289,1,3,9325,0,9329,G
2-PB1,290,8728,1,2,0,8731,A
2-PB1,291,8862,1,2,0,8865,A
2-PB1,292,1,8825,1,4,8831,T
2-PB1,293,6,6,0,8837,8849,C
2-PB1,294,4,1,1,8793,8799,C
2-PB1,295,8,2,0,8789,8799,C
2-PB1,296,8831,1,7,3,8842,A
2-PB1,297,2,4,0,8865,8871,C
2-PB1,298,4,2,0,8819,8825,C
2-PB1,299,9,0,0,8872,8881,C
2-PB1,300,8742,4,4,0,8750,A
2-PB1,301,2,2,8810,0,8814,G
2-PB1,302,0,4,8841,1,8846,G
2-PB1,303,2,8835,0,2,8839,T
2-PB1,304,8895,0,2,0,8897,A
2-PB1,305,3,8818,1,0,8822,T
2-PB1,306,3,2,0,8836,8841,C
2-PB1,307,0,8830,12,2,8844,T
2-PB1,308,1,8836,0,2,8839,T
2-PB1,309,1,8798,0,4,8803,T
2-PB1,310,1,13,8730,0,8744,G
2-PB1,311,8631,1,7,0,8639,A
2-PB1,312,0,5,8665,0,8670,G
2-PB1,313,8485,1,6,1,8493,A
2-PB1,314,8555,1,2,1,8559,A
2-PB1,315,0,1,0,8617,8618,C
2-PB1,316,0,8444,5,7,8456,T
2-PB1,317,13,1,0,8494,8508,C
2-PB1,318,8501,1,5,1,8508,A
2-PB1,319,1,8501,1,4,8507,T
2-PB1,320,2,5,8517,1,8525,G
2-PB1,321,2,2,0,8695,8699,C
2-PB1,322,5,0,0,8717,8722,C
2-PB1,323,3,8653,0,5,8661,T
2-PB1,324,1,8543,0,10,8554,T
2-PB1,325,1,1,8557,1,8560,G
2-PB1,326,8637,0,3,0,8640,A
2-PB1,327,8662,1,3,1,8667,A
2-PB1,328,8645,2,8,0,8655,A
2-PB1,329,0,2,0,8733,8735,C
2-PB1,330,8440,0,5,0,8445,A
2-PB1,331,8489,1,2,2,8494,A
2-PB1,332,1,8493,0,1,8495,T
2-PB1,333,2,6,8455,1,8464,G
2-PB1,334,0,2,8444,0,8446,G
2-PB1,335,8310,0,5,0,8315,A
2-PB1,336,8308,2,13,1,8324,A
2-PB1,337,1,2,8335,0,8338,G
2-PB1,338,4,3,1,8323,8331,C
2-PB1,339,2,2,2,8263,8269,C
2-PB1,340,3,0,8396,0,8399,G
2-PB1,341,1,8333,0,5,8339,T
2-PB1,342,2,8326,4,6,8338,T
2-PB1,343,9,0,0,8428,8437,C
2-PB1,344,8361,1,96,0,8458,A
2-PB1,345,8576,1,9,0,8586,A
2-PB1,346,0,0,0,8583,8583,C
2-PB1,347,8581,2,7,1,8591,A
2-PB1,348,2,8,8660,0,8670,G
2-PB1,349,8458,0,10,1,8469,A
2-PB1,350,0,2,0,8458,8460,C
2-PB1,351,8448,0,3,1,8452,A
2-PB1,352,8520,5,2,1,8528,A
2-PB1,353,1,9,8590,0,8600,G
2-PB1,354,2,6,8443,1,8452,G
2-PB1,355,4,2,8495,0,8501,G
2-PB1,356,1,8232,0,8,8241,T
2-PB1,357,1,14,8230,0,8245,G
2-PB1,358,1,3,8243,1,8248,G
2-PB1,359,8244,1,19,0,8264,A
2-PB1,360,1,0,0,8259,8260,C
2-PB1,361,8023,1,0,0,8024,A
2-PB1,362,8167,2,2,0,8171,A
2-PB1,363,8174,0,4,0,8178,A
2-PB1,364,1,1,0,8159,8161,C
2-PB1,365,0,8102,1,1,8104,T
2-PB1,366,8100,1,2,0,8103,A
2-PB1,367,8172,1,4,0,8177,A
2-PB1,368,1,1,0,8198,8200,C
2-PB1,369,3,2,1,8174,8180,C
2-PB1,370,11,0,0,8173,8184,C
2-PB1,371,7890,3,3,0,7896,A
2-PB1,372,7880,0,3,0,7883,A
2-PB1,373,1,4,7857,1,7863,G
2-PB1,374,1,0,7869,1,7871,G
2-PB1,375,0,7858,0,5,7863,T
2-PB1,376,12,2,1,7776,7791,C
2-PB1,377,2,0,7781,0,7783,G
2-PB1,378,1,0,0,7739,7740,C
2-PB1,379,2,2,1,7782,7787,C
2-PB1,380,7815,1,0,1,7817,A
2-PB1,381,1,6,7966,0,7973,G
2-PB1,382,8104,2,7,0,8113,A
2-PB1,383,1,1,1,8127,8130,C
2-PB1,384,1,8029,0,8,8038,T
2-PB1,385,0,8019,2,7,8028,T
2-PB1,386,8050,1,1,0,8052,A
2-PB1,387,2,8076,1,1,8080,T
2-PB1,388,1,4,8071,0,8076,G
2-PB1,389,8023,1,2,0,8026,A
2-PB1,390,0,7846,1,2,7849,T
2-PB1,391,0,7567,0,2,7569,T
2-PB1,392,3,7,7535,0,7545,G
2-PB1,393,1,12,7519,0,7532,G
2-PB1,394,7670,0,11,0,7681,A
2-PB1,395,0,1,0,7688,7689,C
2-PB1,396,7593,0,0,0,7593,A
2-PB1,397,0,7539,0,1,7540,T
2-PB1,398,1,7612,0,1,7614,T
2-PB1,399,7658,0,0,0,7658,A
2-PB1,400,7627,0,3,0,7630,A
2-PB1,401,7656,0,8,0,7664,A
2-PB1,402,0,2,0,7671,7673,C
2-PB1,403,7480,0,2,0,7482,A
2-PB1,404,1,3,7535,0,7539,G
2-PB1,405,7475,0,0,0,7475,A
2-PB1,406,7477,0,3,0,7480,A
2-PB1,407,7487,1,5,0,7493,A
2-PB1,408,2,7382,0,3,7387,T
2-PB1,409,3,1,0,7460,7464,C
2-PB1,410,7332,2,2,0,7336,A
2-PB1,411,7407,0,3,0,7410,A
2-PB1,412,2,4,0,7431,7437,C
2-PB1,413,0,0,0,7392,7392,C
2-PB1,414,2,3,7363,0,7368,G
2-PB1,415,3,0,7362,0,7365,G
2-PB1,416,3,3,1,7375,7382,C
2-PB1,417,7384,4,3,3,7394,A
2-PB1,418,6,0,7392,0,7398,G
2-PB1,419,1,3,0,7441,7445,C
2-PB1,420,7474,1,0,0,7475,A
2-PB1,421,7471,0,5,1,7477,A
2-PB1,422,0,0,0,7488,7488,C
2-PB1,423,1,7442,1,3,7447,T
2-PB1,424,1,0,7829,0,7830,G
2-PB1,425,1,2,0,7827,7830,C
2-PB1,426,7846,1,0,0,7847,A
2-PB1,427,1,7819,2,6,7828,T
2-PB1,428,0,7720,1,2,7723,T
2-PB1,429,8285,1,7,0,8293,A
2-PB1,430,1,0,8292,1,8294,G
2-PB1,431,2,2,0,8214,8218,C
2-PB1,432,7,3,1,8235,8246,C
2-PB1,433,7880,0,2,0,7882,A
2-PB1,434,7930,0,2,0,7932,A
2-PB1,435,3,0,0,7956,7959,C
2-PB1,436,7914,1,41,0,7956,A
2-PB1,437,2,0,1,8208,8211,C
2-PB1,438,3,0,1,7503,7507,C
2-PB1,439,7471,2,4,0,7477,A
2-PB1,440,1,7468,1,6,7476,T
2-PB1,441,7467,1,7,1,7476,A
2-PB1,442,1,2,7507,0,7510,G
2-PB1,443,7404,1,3,0,7408,A
2-PB1,444,7312,0,4,5,7321,A
2-PB1,445,1,1,7415,0,7417,G
2-PB1,446,1,7007,1,2,7011,T
2-PB1,447,1,6997,0,3,7001,T
2-PB1,448,0,7000,2,2,7004,T
2-PB1,449,0,7022,1,2,7025,T
2-PB1,450,0,7046,1,1,7048,T
2-PB1,451,7018,0,3,0,7021,A
2-PB1,452,1,3,7025,0,7029,G
2-PB1,453,6954,0,3,2,6959,A
2-PB1,454,2,6922,2,0,6926,T
2-PB1,455,3,2,0,6835,6840,C
2-PB1,456,2,4,6852,0,6858,G
2-PB1,457,6836,0,1,2,6839,A
2-PB1,458,6862,0,4,0,6866,A
2-PB1,459,0,0,0,6906,6906,C
2-PB1,460,0,5,6918,0,6923,G
2-PB1,461,2,4,7303,0,7309,G
2-PB1,462,7267,2,3,1,7273,A
2-PB1,463,1,7268,0,1,7270,T
2-PB1,464,2,7233,2,1,7238,T
2-PB1,465,7293,1,8,1,7303,A
2-PB1,466,7303,0,5,0,7308,A
2-PB1,467,1,1,0,7357,7359,C
2-PB1,468,7283,2,4,0,7289,A
2-PB1,469,2,2,7376,0,7380,G
2-PB1,470,4,1,0,6986,6991,C
2-PB1,471,1,6940,1,3,6945,T
2-PB1,472,6976,0,0,1,6977,A
2-PB1,473,6983,0,1,0,6984,A
2-PB1,474,1,6966,0,0,6967,T
2-PB1,475,2,8,7056,0,7066,G
2-PB1,476,7039,1,2,1,7043,A
2-PB1,477,7050,1,1,0,7052,A
2-PB1,478,0,6859,2,1,6862,T
2-PB1,479,7,1,0,6914,6922,C
2-PB1,480,6894,0,8,1,6903,A
2-PB1,481,1,5,6912,1,6919,G
2-PB1,482,1,2,6892,1,6896,G
2-PB1,483,6894,2,5,0,6901,A
2-PB1,484,6751,0,5,1,6757,A
2-PB1,485,1,5,7095,0,7101,G
2-PB1,486,1,1,7097,0,7099,G
2-PB1,487,2,1,0,7106,7109,C
2-PB1,488,0,7095,0,3,7098,T
2-PB1,489,7124,0,3,0,7127,A
2-PB1,490,7117,1,4,2,7124,A
2-PB1,491,2,7138,0,1,7141,T
2-PB1,492,7143,1,1,1,7146,A
2-PB1,493,0,4,7158,0,7162,G
2-PB1,494,6596,0,2,0,6598,A
2-PB1,495,2,6525,1,3,6531,T
2-PB1,496,1,6503,3,1,6508,T
2-PB1,497,1,6506,0,3,6510,T
2-PB1,498,4,1,1,6745,6751,C
2-PB1,499,4,3,1,6805,6813,C
2-PB1,500,1,6722,0,5,6728,T
2-PB1,501,2,0,1,6806,6809,C
2-PB1,502,6787,1,4,4,6796,A
2-PB1,503,6801,2,0,0,6803,A
2-PB1,504,1,7,6846,1,6855,G
2-PB1,505,0,2,6948,0,6950,G
2-PB1,506,6903,2,4,0,6909,A
2-PB1,507,2,6626,2,0,6630,T
2-PB1,508,1,0,6751,0,6752,G
2-PB1,509,0,6710,0,4,6714,T
2-PB1,510,0,0,6796,1,6797,G
2-PB1,511,6771,0,7,0,6778,A
2-PB1,512,1,6753,0,1,6755,T
2-PB1,513,1,1,6733,0,6735,G
2-PB1,514,3,7,6715,0,6725,G
2-PB1,515,6727,0,8,0,6735,A
2-PB1,516,6748,0,2,2,6752,A
2-PB1,517,1,6597,1,0,6599,T
2-PB1,518,14,0,0,6631,6645,C
2-PB1,519,6570,0,1,0,6571,A
2-PB1,520,6609,0,0,1,6610,A
2-PB1,521,0,6588,0,2,6590,T
2-PB1,522,2,2,6666,1,6671,G
2-PB1,523,0,2,6716,0,6718,G
2-PB1,524,6676,1,7,2,6686,A
2-PB1,525,2,6662,0,2,6666,T
2-PB1,526,6652,0,1,0,6653,A
2-PB1,527,6641,0,2,0,6643,A
2-PB1,528,6646,0,3,0,6649,A
2-PB1,529,0,2,6765,0,6767,G
2-PB1,530,6661,0,7,0,6668,A
2-PB1,531,0,4,6677,0,6681,G
2-PB1,532,1,6,6626,0,6633,G
2-PB1,533,6596,2,2,1,6601,A
2-PB1,534,6621,0,3,0,6624,A
2-PB1,535,6652,0,6,0,6658,A
2-PB1,536,1,6655,0,1,6657,T
2-PB1,537,1,5,6876,2,6884,G
2-PB1,538,3,5,6856,0,6864,G
2-PB1,539,6764,2,12,1,6779,A
2-PB1,540,0,3,6815,1,6819,G
2-PB1,541,6750,1,2,0,6753,A
2-PB1,542,2,6913,0,3,6918,T
2-PB1,543,6901,0,3,0,6904,A
2-PB1,544,6959,2,7,1,6969,A
2-PB1,545,1,1,0,6944,6946,C
2-PB1,546,6740,0,6,0,6746,A
2-PB1,547,4,0,6681,0,6685,G
2-PB1,548,0,6,0,6716,6722,C
2-PB1,549,6729,3,11,0,6743,A
2-PB1,550,0,0,0,6743,6743,C
2-PB1,551,6621,2,2,0,6625,A
2-PB1,552,1,0,0,6737,6738,C
2-PB1,553,3,6656,0,2,6661,T
2-PB1,554,1,6627,0,1,6629,T
2-PB1,555,0,6607,0,4,6611,T
2-PB1,556,4,2,0,6583,6589,C
2-PB1,557,6624,0,3,0,6627,A
2-PB1,558,6641,0,2,0,6643,A
2-PB1,559,6627,1,4,0,6632,A
2-PB1,560,0,5,6745,0,6750,G
2-PB1,561,6595,2,2,1,6600,A
2-PB1,562,6603,2,2,0,6607,A
2-PB1,563,6618,0,1,1,6620,A
2-PB1,564,6625,1,1,0,6627,A
2-PB1,565,6635,1,5,1,6642,A
2-PB1,566,2,4,6685,0,6691,G
2-PB1,567,1,6,6685,0,6692,G
2-PB1,568,6564,0,7,2,6573,A
2-PB1,569,0,4,6768,0,6772,G
2-PB1,570,6706,0,8,0,6714,A
2-PB1,571,1,0,7029,0,7030,G
2-PB1,572,1,6951,0,2,6954,T
2-PB1,573,6997,2,3,0,7002,A
2-PB1,574,6968,3,9,1,6981,A
2-PB1,575,1,11,7015,1,7028,G
2-PB1,576,4,5,7040,0,7049,G
2-PB1,577,2,4,7067,0,7073,G
2-PB1,578,6932,2,16,0,6950,A
2-PB1,579,2,1,0,7005,7008,C
2-PB1,580,6783,1,4,0,6788,A
2-PB1,581,6827,1,3,0,6831,A
2-PB1,582,1,1,0,6807,6809,C
2-PB1,583,6794,0,5,0,6799,A
2-PB1,584,1,6729,1,1,6732,T
2-PB1,585,5,17,6636,0,6658,G
2-PB1,586,6680,0,5,0,6685,A
2-PB1,587,2,1,0,6639,6642,C
2-PB1,588,3,1,0,6526,6530,C
2-PB1,589,6557,0,4,0,6561,A
2-PB1,590,6570,1,4,0,6575,A
2-PB1,591,0,2,6604,0,6606,G
2-PB1,592,6590,1,1,0,6592,A
2-PB1,593,6576,0,2,2,6580,A
2-PB1,594,6556,2,0,0,6558,A
2-PB1,595,6540,1,3,1,6545,A
2-PB1,596,0,6550,2,4,6556,T
2-PB1,597,1,6,6551,0,6558,G
2-PB1,598,4,1,6564,0,6569,G
2-PB1,599,4,6483,0,8,6495,T
2-PB1,600,11,0,0,6443,6454,C
2-PB1,601,6492,1,4,0,6497,A
2-PB1,602,0,0,0,6725,6725,C
2-PB1,603,6796,1,4,0,6801,A
2-PB1,604,0,0,0,6808,6808,C
2-PB1,605,6767,1,2,0,6770,A
2-PB1,606,6903,1,0,0,6904,A
2-PB1,607,6827,0,6,1,6834,A
2-PB1,608,1,5,7201,1,7208,G
2-PB1,609,7134,2,3,1,7140,A
2-PB1,610,7222,0,13,0,7235,A
2-PB1,611,0,0,0,7337,7337,C
2-PB1,612,7071,3,1,0,7075,A
2-PB1,613,7089,1,3,0,7093,A
2-PB1,614,0,7045,0,0,7045,T
2-PB1,615,6963,1,1,1,6966,A
2-PB1,616,0,11,6966,0,6977,G
2-PB1,617,3,6,6690,1,6700,G
2-PB1,618,1,1,6743,0,6745,G
2-PB1,619,6685,1,5,2,6693,A
2-PB1,620,6589,0,6,1,6596,A
2-PB1,621,0,3,6647,0,6650,G
2-PB1,622,6622,1,2,0,6625,A
2-PB1,623,6634,1,1,0,6636,A
2-PB1,624,6615,2,4,1,6622,A
2-PB1,625,6664,1,1,0,6666,A
2-PB1,626,6777,0,2,1,6780,A
2-PB1,627,6804,2,5,0,6811,A
2-PB1,628,0,1,1,6826,6828,C
2-PB1,629,6789,0,3,0,6792,A
2-PB1,630,6793,0,1,0,6794,A
2-PB1,631,6742,3,14,1,6760,A
2-PB1,632,0,4,6885,0,6889,G
2-PB1,633,6871,0,2,0,6873,A
2-PB1,634,0,0,7162,1,7163,G
2-PB1,635,0,7029,2,5,7036,T
2-PB1,636,1,6,7848,0,7855,G
2-PB1,637,7831,0,8,1,7840,A
2-PB1,638,7865,1,5,0,7871,A
2-PB1,639,2,7956,0,0,7958,T
2-PB1,640,7957,0,2,0,7959,A
2-PB1,641,7930,0,7,1,7938,A
2-PB1,642,0,6,7964,0,7970,G
2-PB1,643,7673,0,5,0,7678,A
2-PB1,644,2,1,7781,0,7784,G
2-PB1,645,7188,0,12,0,7200,A
2-PB1,646,0,1,7285,0,7286,G
2-PB1,647,4,2,7268,0,7274,G
2-PB1,648,1,1,0,7273,7275,C
2-PB1,649,0,7218,3,6,7227,T
2-PB1,650,7473,1,1,0,7475,A
2-PB1,651,1,1,0,7812,7814,C
2-PB1,652,3,1,0,7825,7829,C
2-PB1,653,1,7864,1,9,7875,T
2-PB1,654,8122,0,2,0,8124,A
2-PB1,655,8110,1,2,0,8113,A
2-PB1,656,0,8085,2,0,8087,T
2-PB1,657,8066,0,3,0,8069,A
2-PB1,658,8051,1,2,1,8055,A
2-PB1,659,0,3,8053,0,8056,G
2-PB1,660,7634,0,9,0,7643,A
2-PB1,661,0,2,7794,0,7796,G
2-PB1,662,1,1,0,7794,7796,C
2-PB1,663,1,7644,0,11,7656,T
2-PB1,664,0,7679,0,4,7683,T
2-PB1,665,1,7695,0,4,7700,T
2-PB1,666,3,12,7687,1,7703,G
2-PB1,667,7844,2,8,0,7854,A
2-PB1,668,0,2,0,7894,7896,C
2-PB1,669,7848,0,2,0,7850,A
2-PB1,670,1,7793,2,6,7802,T
2-PB1,671,1,7734,2,3,7740,T
2-PB1,672,1,6,7879,0,7886,G
2-PB1,673,7867,1,5,1,7874,A
2-PB1,674,7907,0,8,0,7915,A
2-PB1,675,1,4,0,7929,7934,C
2-PB1,676,7880,0,1,0,7881,A
2-PB1,677,0,1,1,7839,7841,C
2-PB1,678,0,11,7824,0,7835,G
2-PB1,679,7854,3,2,1,7860,A
2-PB1,680,2,7841,0,3,7846,T
2-PB1,681,2,14,8003,1,8020,G
2-PB1,682,8024,0,6,0,8030,A
2-PB1,683,1,0,1,8054,8056,C
2-PB1,684,7,1,1,8012,8021,C
2-PB1,685,8059,1,0,0,8060,A
2-PB1,686,8139,0,0,2,8141,A
2-PB1,687,8122,1,4,0,8127,A
2-PB1,688,0,1,8407,0,8408,G
2-PB1,689,8511,1,4,0,8516,A
2-PB1,690,0,8376,1,2,8379,T
2-PB1,691,10,1,8398,0,8409,G
2-PB1,692,2,2,1,8364,8369,C
2-PB1,693,8348,1,12,0,8361,A
2-PB1,694,0,6,8422,1,8429,G
2-PB1,695,8243,3,5,0,8251,A
2-PB1,696,0,3,8313,1,8317,G
2-PB1,697,7960,1,7,0,7968,A
2-PB1,698,0,2,8028,0,8030,G
2-PB1,699,7879,3,17,0,7899,A
2-PB1,700,1,5,7964,0,7970,G
2-PB1,701,8,1,7931,1,7941,G
2-PB1,702,5,1,1,7961,7968,C
2-PB1,703,7911,1,1,0,7913,A
2-PB1,704,7938,2,1,0,7941,A
2-PB1,705,7973,1,2,0,7976,A
2-PB1,706,1,7966,4,0,7971,T
2-PB1,707,0,7928,1,3,7932,T
2-PB1,708,7987,1,1,0,7989,A
2-PB1,709,7960,1,1,0,7962,A
2-PB1,710,7964,0,1,1,7966,A
2-PB1,711,7994,2,1,0,7997,A
2-PB1,712,8029,2,1,0,8032,A
2-PB1,713,0,1,8040,0,8041,G
2-PB1,714,7952,1,2,1,7956,A
2-PB1,715,7930,0,2,1,7933,A
2-PB1,716,0,13,8067,0,8080,G
2-PB1,717,1,3,8182,0,8186,G
2-PB1,718,1,2,8218,0,8221,G
2-PB1,719,2,5,0,8271,8278,C
2-PB1,720,1,8265,2,5,8273,T
2-PB1,721,8334,1,2,1,8338,A
2-PB1,722,0,8489,0,7,8496,T
2-PB1,723,0,8501,0,5,8506,T
2-PB1,724,3,2,8516,0,8521,G
2-PB1,725,2,1,0,8465,8468,C
2-PB1,726,8209,1,20,1,8231,A
2-PB1,727,8264,1,4,0,8269,A
2-PB1,728,1,1,0,8253,8255,C
2-PB1,729,8219,2,2,0,8223,A
2-PB1,730,3,1,0,8224,8228,C
2-PB1,731,6,22,0,7963,7991,C
2-PB1,732,14,6,0,7988,8008,C
2-PB1,733,2,13,7961,0,7976,G
2-PB1,734,1,7,7977,0,7985,G
2-PB1,735,1,3,8010,0,8014,G
2-PB1,736,8026,1,3,0,8030,A
2-PB1,737,1,7978,1,3,7983,T
2-PB1,738,4,1,8038,0,8043,G
2-PB1,739,2,3,0,7985,7990,C
2-PB1,740,8146,0,1,0,8147,A
2-PB1,741,8237,0,2,1,8240,A
2-PB1,742,8345,1,3,1,8350,A
2-PB1,743,0,8324,1,2,8327,T
2-PB1,744,0,8323,1,3,8327,T
2-PB1,745,8287,1,1,0,8289,A
2-PB1,746,0,2,8299,0,8301,G
2-PB1,747,8189,3,13,0,8205,A
2-PB1,748,1,13,8250,0,8264,G
2-PB1,749,1,3,8090,0,8094,G
2-PB1,750,2,1,8348,0,8351,G
2-PB1,751,0,8314,1,4,8319,T
2-PB1,752,2,8313,0,7,8322,T
2-PB1,753,8,2,1,8355,8366,C
2-PB1,754,1,1,8475,1,8478,G
2-PB1,755,2,8445,1,15,8463,T
2-PB1,756,4,0,8455,0,8459,G
2-PB1,757,1,8465,1,5,8472,T
2-PB1,758,8407,0,2,0,8409,A
2-PB1,759,1,2,1,8365,8369,C
2-PB1,760,0,7817,0,5,7822,T
2-PB1,761,1,7862,0,0,7863,T
2-PB1,762,2,1,0,7819,7822,C
2-PB1,763,3,1,7750,1,7755,G
2-PB1,764,0,7737,0,3,7740,T
2-PB1,765,0,7701,2,3,7706,T
2-PB1,766,0,2,7717,1,7720,G
2-PB1,767,7689,1,0,2,7692,A
2-PB1,768,7674,1,3,0,7678,A
2-PB1,769,7723,0,8,0,7731,A
2-PB1,770,2,0,0,7801,7803,C
2-PB1,771,0,7697,1,2,7700,T
2-PB1,772,1,7653,1,3,7658,T
2-PB1,773,1,7694,0,2,7697,T
2-PB1,774,7823,0,3,0,7826,A
2-PB1,775,1,2,7861,0,7864,G
2-PB1,776,2,29,0,7829,7860,C
2-PB1,777,0,7851,1,6,7858,T
2-PB1,778,7754,2,5,2,7763,A
2-PB1,779,0,4,7759,0,7763,G
2-PB1,780,7730,3,1,0,7734,A
2-PB1,781,7737,0,4,1,7742,A
2-PB1,782,1,0,7771,0,7772,G
2-PB1,783,1,1,1,7591,7594,C
2-PB1,784,7597,0,2,0,7599,A
2-PB1,785,1,7520,0,2,7523,T
2-PB1,786,1,7529,1,3,7534,T
2-PB1,787,0,7541,0,1,7542,T
2-PB1,788,1,0,7555,0,7556,G
2-PB1,789,1,3,1,7533,7538,C
2-PB1,790,1,7,7540,0,7548,G
2-PB1,791,7543,0,1,0,7544,A
2-PB1,792,7493,0,2,0,7495,A
2-PB1,793,7491,1,0,1,7493,A
2-PB1,794,7782,0,2,0,7784,A
2-PB1,795,1,0,7892,0,7893,G
2-PB1,796,1,1,0,7895,7897,C
2-PB1,797,0,7908,0,7,7915,T
2-PB1,798,2,7904,0,2,7908,T
2-PB1,799,0,16,7894,1,7911,G
2-PB1,800,7875,1,9,1,7886,A
2-PB1,801,7896,0,4,1,7901,A
2-PB1,802,0,3,0,7937,7940,C
2-PB1,803,7533,0,2,0,7535,A
2-PB1,804,1,1,8280,0,8282,G
2-PB1,805,0,8180,0,3,8183,T
2-PB1,806,7,1,0,8180,8188,C
2-PB1,807,4,8190,1,13,8208,T
2-PB1,808,4,6,8200,1,8211,G
2-PB1,809,0,8,8208,0,8216,G
2-PB1,810,8238,2,0,0,8240,A
2-PB1,811,2,3,0,8244,8249,C
2-PB1,812,0,7882,0,5,7887,T
2-PB1,813,1,7120,0,1,7122,T
2-PB1,814,3,2,0,7117,7122,C
2-PB1,815,2,1,0,7121,7124,C
2-PB1,816,2,3,7181,0,7186,G
2-PB1,817,2,0,7202,0,7204,G
2-PB1,818,0,7011,1,79,7091,T
2-PB1,819,0,7095,0,2,7097,T
2-PB1,820,1,11,7076,1,7089,G
2-PB1,821,1,6,7102,1,7110,G
2-PB1,822,3,10,7186,1,7200,G
2-PB1,823,2,0,7180,0,7182,G
2-PB1,824,1,1,7212,0,7214,G
2-PB1,825,2,7142,1,3,7148,T
2-PB1,826,7128,1,3,0,7132,A
2-PB1,827,7170,0,2,1,7173,A
2-PB1,828,3,7178,0,2,7183,T
2-PB1,829,3,8,7185,0,7196,G
2-PB1,830,7076,2,0,1,7079,A
2-PB1,831,6965,2,3,1,6971,A
2-PB1,832,6983,0,2,0,6985,A
2-PB1,833,6966,0,2,0,6968,A
2-PB1,834,0,2,6956,1,6959,G
2-PB1,835,6865,1,4,0,6870,A
2-PB1,836,6781,0,10,1,6792,A
2-PB1,837,2,5,6820,0,6827,G
2-PB1,838,1,1,6794,1,6797,G
2-PB1,839,0,1,0,6783,6784,C
2-PB1,840,6,2,0,6759,6767,C
2-PB1,841,6812,0,0,0,6812,A
2-PB1,842,6811,1,4,0,6816,A
2-PB1,843,6800,1,3,0,6804,A
2-PB1,844,0,0,0,6817,6817,C
2-PB1,845,0,6792,1,4,6797,T
2-PB1,846,2,4,6870,0,6876,G
2-PB1,847,4,0,6891,0,6895,G
2-PB1,848,2,2,0,6874,6878,C
2-PB1,849,6899,0,4,0,6903,A
2-PB1,850,6893,0,2,1,6896,A
2-PB1,851,6907,0,1,0,6908,A
2-PB1,852,0,6899,0,1,6900,T
2-PB1,853,1,0,6925,0,6926,G
2-PB1,854,2,6869,0,4,6875,T
2-PB1,855,2,6640,0,4,6646,T
2-PB1,856,1,0,6689,0,6690,G
2-PB1,857,1,6633,0,1,6635,T
2-PB1,858,1,2,6676,0,6679,G
2-PB1,859,6666,1,3,0,6670,A
2-PB1,860,1,2,6702,0,6705,G
2-PB1,861,6684,0,2,0,6686,A
2-PB1,862,6636,0,13,1,6650,A
2-PB1,863,6641,2,1,1,6645,A
2-PB1,864,6672,0,2,1,6675,A
2-PB1,865,6701,0,1,0,6702,A
2-PB1,866,0,6670,0,2,6672,T
2-PB1,867,1,2,6665,0,6668,G
2-PB1,868,6653,0,6,0,6659,A
2-PB1,869,0,6571,0,4,6575,T
2-PB1,870,1,8,6619,0,6628,G
2-PB1,871,6620,4,6,1,6631,A
2-PB1,872,1,1,0,6700,6702,C
2-PB1,873,2,6664,0,7,6673,T
2-PB1,874,6646,0,1,0,6647,A
2-PB1,875,6717,2,2,0,6721,A
2-PB1,876,1,6699,0,0,6700,T
2-PB1,877,1,6745,0,1,6747,T
2-PB1,878,15,1,0,6791,6807,C
2-PB1,879,6774,1,0,1,6776,A
2-PB1,880,2,2,0,6787,6791,C
2-PB1,881,6682,0,4,0,6686,A
2-PB1,882,6700,1,6,0,6707,A
2-PB1,883,2,3,6695,0,6700,G
2-PB1,884,6770,1,9,1,6781,A
2-PB1,885,1,1,0,6734,6736,C
2-PB1,886,6686,1,7,0,6694,A
2-PB1,887,1,1,0,6665,6667,C
2-PB1,888,6584,1,4,0,6589,A
2-PB1,889,1,2,6606,0,6609,G
2-PB1,890,6553,0,7,1,6561,A
2-PB1,891,2,1,6573,0,6576,G
2-PB1,892,1,0,0,6547,6548,C
2-PB1,893,1,6312,1,10,6324,T
2-PB1,894,0,6391,1,1,6393,T
2-PB1,895,1,6377,0,2,6380,T
2-PB1,896,3,1,0,6410,6414,C
2-PB1,897,0,6406,1,5,6412,T
2-PB1,898,3,6330,2,2,6337,T
2-PB1,899,5,6337,0,6,6348,T
2-PB1,900,3,0,0,6343,6346,C
2-PB1,901,6336,1,1,0,6338,A
2-PB1,902,0,1,0,6366,6367,C
2-PB1,903,6233,0,3,0,6236,A
2-PB1,904,6265,0,1,0,6266,A
2-PB1,905,0,6255,1,8,6264,T
2-PB1,906,4,1,0,6378,6383,C
2-PB1,907,6390,0,8,0,6398,A
2-PB1,908,2,3,0,6426,6431,C
2-PB1,909,1,6357,1,2,6361,T
2-PB1,910,11,3,6393,0,6407,G
2-PB1,911,3,7,6341,0,6351,G
2-PB1,912,0,5,6507,1,6513,G
2-PB1,913,1,2,6498,0,6501,G
2-PB1,914,6359,0,6,1,6366,A
2-PB1,915,3,4,2,6013,6022,C
2-PB1,916,6157,0,1,0,6158,A
2-PB1,917,6528,0,2,0,6530,A
2-PB1,918,2,0,0,6538,6540,C
2-PB1,919,6537,1,4,0,6542,A
2-PB1,920,0,0,0,6556,6556,C
2-PB1,921,0,6076,0,1,6077,T
2-PB1,922,6112,0,1,1,6114,A
2-PB1,923,6086,0,5,1,6092,A
2-PB1,924,2,2,6152,0,6156,G
2-PB1,925,0,6095,1,6,6102,T
2-PB1,926,1,2,5468,0,5471,G
2-PB1,927,0,3,5387,0,5390,G
2-PB1,928,5389,0,4,0,5393,A
2-PB1,929,5411,0,1,0,5412,A
2-PB1,930,1,5390,0,3,5394,T
2-PB1,931,1,1,5385,0,5387,G
2-PB1,932,5388,1,0,0,5389,A
2-PB1,933,5267,0,1,0,5268,A
2-PB1,934,5278,0,2,0,5280,A
2-PB1,935,5299,0,1,0,5300,A
2-PB1,936,2,5231,0,0,5233,T
2-PB1,937,9,1,0,5271,5281,C
2-PB1,938,5281,0,0,0,5281,A
2-PB1,939,5265,0,1,0,5266,A
2-PB1,940,5258,0,4,0,5262,A
2-PB1,941,5247,0,2,1,5250,A
2-PB1,942,0,0,0,5269,5269,C
2-PB1,943,3,1,0,5228,5232,C
2-PB1,944,6,0,0,5195,5201,C
2-PB1,945,2,5143,0,5,5150,T
2-PB1,946,2,0,0,5195,5197,C
2-PB1,947,4,5,5187,0,5196,G
2-PB1,948,5204,0,1,0,5205,A
2-PB1,949,5204,0,1,1,5206,A
2-PB1,950,0,5197,0,0,5197,T
2-PB1,951,1,1,5211,0,5213,G
2-PB1,952,0,5113,1,7,5121,T
2-PB1,953,0,5126,3,4,5133,T
2-PB1,954,0,5127,1,2,5130,T
2-PB1,955,2,5136,0,0,5138,T
2-PB1,956,0,5133,0,1,5134,T
2-PB1,957,0,3,5131,0,5134,G
2-PB1,958,1,2,5083,0,5086,G
2-PB1,959,1,1,1,5088,5091,C
2-PB1,960,2,0,5043,0,5045,G
2-PB1,961,5023,1,3,0,5027,A
2-PB1,962,0,5110,0,1,5111,T
2-PB1,963,1,0,5241,0,5242,G
2-PB1,964,5384,0,2,0,5386,A
2-PB1,965,0,5385,1,6,5392,T
2-PB1,966,0,5396,1,1,5398,T
2-PB1,967,5429,1,6,0,5436,A
2-PB1,968,0,3,0,5426,5429,C
2-PB1,969,5444,0,3,0,5447,A
2-PB1,970,0,5427,0,3,5430,T
2-PB1,971,5048,0,4,0,5052,A
2-PB1,972,0,2,0,5035,5037,C
2-PB1,973,4332,1,1,0,4334,A
2-PB1,974,1,4279,1,3,4284,T
2-PB1,975,1,0,0,4291,4292,C
2-PB1,976,4243,1,3,0,4247,A
2-PB1,977,1,2,0,4212,4215,C
2-PB1,978,4185,0,0,0,4185,A
2-PB1,979,4180,0,1,0,4181,A
2-PB1,980,4175,1,0,0,4176,A
2-PB1,981,0,0,3920,0,3920,G
2-PB1,982,4083,1,2,0,4086,A
2-PB1,983,4077,0,4,0,4081,A
2-PB1,984,3,4072,1,1,4077,T
2-PB1,985,4,0,0,4064,4068,C
2-PB1,986,4045,0,5,0,4050,A
2-PB1,987,4066,0,0,0,4066,A
2-PB1,988,1,1,0,4051,4053,C
2-PB1,989,0,1,0,4060,4061,C
2-PB1,990,2,3655,0,3,3660,T
2-PB1,991,0,3,3661,0,3664,G
2-PB1,992,3622,1,7,1,3631,A
2-PB1,993,0,0,3658,0,3658,G
2-PB1,994,0,3619,0,0,3619,T
2-PB1,995,0,3,3508,0,3511,G
2-PB1,996,1,0,3641,0,3642,G
2-PB1,997,0,3601,0,0,3601,T
2-PB1,998,0,3580,0,4,3584,T
2-PB1,999,3,0,0,3589,3592,C
2-PB1,1000,3506,1,3,0,3510,A
2-PB1,1001,1,3,3563,0,3567,G
2-PB1,1002,3544,1,10,0,3555,A
2-PB1,1003,3548,0,1,1,3550,A
2-PB1,1004,3503,0,0,0,3503,A
2-PB1,1005,0,0,0,2798,2798,C
2-PB1,1006,2766,0,1,0,2767,A
2-PB1,1007,1,2748,0,0,2749,T
2-PB1,1008,0,1,1,2769,2771,C
2-PB1,1009,3,1,0,2769,2773,C
2-PB1,1010,0,2560,0,3,2563,T
2-PB1,1011,1,2,2546,0,2549,G
2-PB1,1012,2491,0,2,0,2493,A
2-PB1,1013,0,0,2526,0,2526,G
2-PB1,1014,0,0,0,2463,2463,C
2-PB1,1015,2285,0,0,0,2285,A
2-PB1,1016,1,2287,0,1,2289,T
2-PB1,1017,2,2,0,2259,2263,C
2-PB1,1018,0,0,2263,0,2263,G
2-PB1,1019,0,0,0,2336,2336,C
2-PB1,1020,2349,1,2,0,2352,A
2-PB1,1021,0,2,0,2450,2452,C
2-PB1,1022,2,2,0,2456,2460,C
2-PB1,1023,2465,0,3,0,2468,A
2-PB1,1024,2510,0,1,0,2511,A
2-PB1,1025,0,2503,1,0,2504,T
2-PB1,1026,2504,0,0,0,2504,A
2-PB1,1027,2503,0,1,0,2504,A
2-PB1,1028,0,2407,0,0,2407,T
2-PB1,1029,0,0,2427,0,2427,G
2-PB1,1030,0,2362,0,0,2362,T
2-PB1,1031,1,2345,0,1,2347,T
2-PB1,1032,3,0,0,2347,2350,C
2-PB1,1033,2,2310,0,4,2316,T
2-PB1,1034,5,0,0,2319,2324,C
2-PB1,1035,2324,1,1,0,2326,A
2-PB1,1036,2328,0,1,0,2329,A
2-PB1,1037,2333,0,1,0,2334,A
2-PB1,1038,0,1,0,2338,2339,C
2-PB1,1039,2335,0,0,0,2335,A
2-PB1,1040,2332,0,0,0,2332,A
2-PB1,1041,2317,0,0,1,2318,A
2-PB1,1042,2330,0,1,0,2331,A
2-PB1,1043,0,2371,0,1,2372,T
2-PB1,1044,3,1,2375,0,2379,G
2-PB1,1045,1,1,2361,0,2363,G
2-PB1,1046,1,2,0,2354,2357,C
2-PB1,1047,2348,0,2,0,2350,A
2-PB1,1048,2373,1,0,0,2374,A
2-PB1,1049,0,0,2393,0,2393,G
2-PB1,1050,2401,1,1,0,2403,A
2-PB1,1051,2,0,0,2416,2418,C
2-PB1,1052,0,2374,0,2,2376,T
2-PB1,1053,0,0,2430,0,2430,G
2-PB1,1054,0,1,2423,0,2424,G
2-PB1,1055,1,1,2444,0,2446,G
2-PB1,1056,2444,0,1,0,2445,A
2-PB1,1057,2452,0,0,0,2452,A
2-PB1,1058,2434,1,1,0,2436,A
2-PB1,1059,2436,0,9,2,2447,A
2-PB1,1060,1,0,2531,0,2532,G
2-PB1,1061,0,1,2525,1,2527,G
2-PB1,1062,2523,0,2,0,2525,A
2-PB1,1063,0,2509,0,3,2512,T
2-PB1,1064,2498,0,0,1,2499,A
2-PB1,1065,0,3,0,2504,2507,C
2-PB1,1066,2527,0,0,0,2527,A
2-PB1,1067,0,2523,0,0,2523,T
2-PB1,1068,0,0,2559,0,2559,G
2-PB1,1069,2,2489,2,1,2494,T
2-PB1,1070,0,2477,0,1,2478,T
2-PB1,1071,3,1,0,2475,2479,C
2-PB1,1072,1,1,2481,0,2483,G
2-PB1,1073,2465,1,3,0,2469,A
2-PB1,1074,0,2,2529,0,2531,G
2-PB1,1075,2488,0,0,0,2488,A
2-PB1,1076,0,0,2528,0,2528,G
2-PB1,1077,0,2506,0,1,2507,T
2-PB1,1078,2510,0,0,0,2510,A
2-PB1,1079,2506,0,3,1,2510,A
2-PB1,1080,0,1,2522,0,2523,G
2-PB1,1081,2494,0,7,0,2501,A
2-PB1,1082,0,28,2523,0,2551,G
2-PB1,1083,2491,0,0,0,2491,A
2-PB1,1084,2505,0,2,1,2508,A
2-PB1,1085,0,2474,0,4,2478,T
2-PB1,1086,0,0,2474,0,2474,G
2-PB1,1087,2470,1,2,0,2473,A
2-PB1,1088,2452,0,3,0,2455,A
2-PB1,1089,0,1,2481,0,2482,G
2-PB1,1090,1,0,0,2470,2471,C
2-PB1,1091,0,2399,0,1,2400,T
2-PB1,1092,1,0,0,2440,2441,C
2-PB1,1093,1,2,0,2438,2441,C
2-PB1,1094,2,1,2438,0,2441,G
2-PB1,1095,0,1,2444,0,2445,G
2-PB1,1096,2456,1,5,0,2462,A
2-PB1,1097,0,0,0,2496,2496,C
2-PB1,1098,2494,1,2,0,2497,A
2-PB1,1099,0,0,0,2532,2532,C
2-PB1,1100,2531,0,1,0,2532,A
2-PB1,1101,2529,0,1,0,2530,A
2-PB1,1102,2524,0,1,0,2525,A
2-PB1,1103,0,2541,0,0,2541,T
2-PB1,1104,2539,0,0,0,2539,A
2-PB1,1105,0,0,0,2539,2539,C
2-PB1,1106,1,26,0,2486,2513,C
2-PB1,1107,1,2470,0,6,2477,T
2-PB1,1108,0,0,2477,0,2477,G
2-PB1,1109,0,2,0,2484,2486,C
2-PB1,1110,2484,1,0,0,2485,A
2-PB1,1111,0,0,2483,0,2483,G
2-PB1,1112,2456,1,1,0,2458,A
2-PB1,1113,2455,0,0,0,2455,A
2-PB1,1114,2470,0,0,0,2470,A
2-PB1,1115,0,2456,0,1,2457,T
2-PB1,1116,0,0,2467,0,2467,G
2-PB1,1117,0,0,0,2459,2459,C
2-PB1,1118,1,2457,0,3,2461,T
2-PB1,1119,2501,0,10,0,2511,A
2-PB1,1120,0,0,2507,0,2507,G
2-PB1,1121,0,0,0,2501,2501,C
2-PB1,1122,2504,0,2,0,2506,A
2-PB1,1123,2491,0,1,0,2492,A
2-PB1,1124,1,1,2480,0,2482,G
2-PB1,1125,1,0,0,2474,2475,C
2-PB1,1126,2443,1,1,0,2445,A
2-PB1,1127,0,2502,0,3,2505,T
2-PB1,1128,0,2508,2,2,2512,T
2-PB1,1129,1,2,2608,0,2611,G
2-PB1,1130,2648,0,2,0,2650,A
2-PB1,1131,1,1,0,2620,2622,C
2-PB1,1132,1,2,0,2644,2647,C
2-PB1,1133,1,2566,0,5,2572,T
2-PB1,1134,1,0,2630,0,2631,G
2-PB1,1135,2626,0,2,0,2628,A
2-PB1,1136,2638,0,2,0,2640,A
2-PB1,1137,0,0,2692,0,2692,G
2-PB1,1138,0,2599,0,0,2599,T
2-PB1,1139,2598,1,0,0,2599,A
2-PB1,1140,0,2578,0,1,2579,T
2-PB1,1141,0,2568,0,3,2571,T
2-PB1,1142,1,2582,0,1,2584,T
2-PB1,1143,0,0,0,2541,2541,C
2-PB1,1144,2536,0,1,0,2537,A
2-PB1,1145,2538,0,0,0,2538,A
2-PB1,1146,1,2490,0,2,2493,T
2-PB1,1147,0,2,2509,1,2512,G
2-PB1,1148,2494,0,0,0,2494,A
2-PB1,1149,2502,0,2,0,2504,A
2-PB1,1150,3,2480,1,0,2484,T
2-PB1,1151,3,0,0,2515,2518,C
2-PB1,1152,2529,0,1,0,2530,A
2-PB1,1153,2538,0,1,1,2540,A
2-PB1,1154,1,0,0,2527,2528,C
2-PB1,1155,2518,0,2,0,2520,A
2-PB1,1156,2498,1,1,2,2502,A
2-PB1,1157,2,2,2511,0,2515,G
2-PB1,1158,1,3,2529,0,2533,G
2-PB1,1159,2518,2,1,0,2521,A
2-PB1,1160,2529,2,3,1,2535,A
2-PB1,1161,1,1,2534,0,2536,G
2-PB1,1162,2518,0,4,0,2522,A
2-PB1,1163,2521,0,1,0,2522,A
2-PB1,1164,2530,0,0,0,2530,A
2-PB1,1165,2528,0,1,0,2529,A
2-PB1,1166,2,2515,1,0,2518,T
2-PB1,1167,0,2485,0,0,2485,T
2-PB1,1168,1,0,2501,0,2502,G
2-PB1,1169,2472,2,2,1,2477,A
2-PB1,1170,0,0,2487,0,2487,G
2-PB1,1171,2486,0,0,0,2486,A
2-PB1,1172,2506,0,0,0,2506,A
2-PB1,1173,2545,1,0,0,2546,A
2-PB1,1174,2559,0,0,0,2559,A
2-PB1,1175,0,2558,0,0,2558,T
2-PB1,1176,2554,0,1,0,2555,A
2-PB1,1177,2551,0,3,0,2554,A
2-PB1,1178,1,2,2556,0,2559,G
2-PB1,1179,1,1,2556,0,2558,G
2-PB1,1180,0,0,0,2546,2546,C
2-PB1,1181,0,0,0,2543,2543,C
2-PB1,1182,1,2502,2,11,2516,T
2-PB1,1183,0,0,0,2911,2911,C
2-PB1,1184,0,2956,1,1,2958,T
2-PB1,1185,0,2964,0,1,2965,T
2-PB1,1186,2,1,0,3030,3033,C
2-PB1,1187,0,3010,0,4,3014,T
2-PB1,1188,3030,0,2,0,3032,A
2-PB1,1189,3025,0,4,0,3029,A
2-PB1,1190,1,3026,0,0,3027,T
2-PB1,1191,3033,1,0,1,3035,A
2-PB1,1192,0,3,2968,0,2971,G
2-PB1,1193,2720,0,0,0,2720,A
2-PB1,1194,0,2712,0,3,2715,T
2-PB1,1195,0,2,2665,0,2667,G
2-PB1,1196,2,0,2709,0,2711,G
2-PB1,1197,3,1,1,2698,2703,C
2-PB1,1198,2721,0,0,0,2721,A
2-PB1,1199,0,0,0,2714,2714,C
2-PB1,1200,2661,0,1,0,2662,A
2-PB1,1201,1,0,2789,0,2790,G
2-PB1,1202,1,0,0,2787,2788,C
2-PB1,1203,2787,0,2,0,2789,A
2-PB1,1204,2,2847,0,2,2851,T
2-PB1,1205,2,0,0,2829,2831,C
2-PB1,1206,2850,1,2,0,2853,A
2-PB1,1207,1,2834,1,0,2836,T
2-PB1,1208,0,2832,0,0,2832,T
2-PB1,1209,1,4,2800,0,2805,G
2-PB1,1210,2742,0,4,1,2747,A
2-PB1,1211,1,1,2842,0,2844,G
2-PB1,1212,5,0,0,2828,2833,C
2-PB1,1213,5,0,0,2754,2759,C
2-PB1,1214,2,0,0,2789,2791,C
2-PB1,1215,1,2716,1,5,2723,T
2-PB1,1216,0,1,2970,0,2971,G
2-PB1,1217,1,2,3046,0,3049,G
2-PB1,1218,3017,1,11,0,3029,A
2-PB1,1219,3158,0,0,0,3158,A
2-PB1,1220,0,3057,0,1,3058,T
2-PB1,1221,0,0,3193,0,3193,G
2-PB1,1222,3242,0,6,0,3248,A
2-PB1,1223,0,3245,2,6,3253,T
2-PB1,1224,2,2,3263,0,3267,G
2-PB1,1225,3228,0,0,1,3229,A
2-PB1,1226,0,3199,0,1,3200,T
2-PB1,1227,0,2,3212,0,3214,G
2-PB1,1228,3,1,3247,0,3251,G
2-PB1,1229,1,1,3269,1,3272,G
2-PB1,1230,0,1,0,3245,3246,C
2-PB1,1231,3272,0,1,0,3273,A
2-PB1,1232,0,3299,1,2,3302,T
2-PB1,1233,0,0,3424,0,3424,G
2-PB1,1234,1,3426,0,4,3431,T
2-PB1,1235,1,3442,0,1,3444,T
2-PB1,1236,6,1,0,3443,3450,C
2-PB1,1237,3425,0,2,0,3427,A
2-PB1,1238,3429,0,6,0,3435,A
2-PB1,1239,2,0,0,3432,3434,C
2-PB1,1240,3451,0,1,0,3452,A
2-PB1,1241,0,3461,0,2,3463,T
2-PB1,1242,0,0,3513,0,3513,G
2-PB1,1243,0,0,0,3519,3519,C
2-PB1,1244,0,3514,0,5,3519,T
2-PB1,1245,3563,0,2,0,3565,A
2-PB1,1246,3543,0,1,0,3544,A
2-PB1,1247,0,1,3637,0,3638,G
2-PB1,1248,2,3626,0,1,3629,T
2-PB1,1249,3603,0,2,0,3605,A
2-PB1,1250,0,0,0,3647,3647,C
2-PB1,1251,0,3,3667,0,3670,G
2-PB1,1252,3,3,3934,0,3940,G
2-PB1,1253,0,3914,0,4,3918,T
2-PB1,1254,0,3908,0,0,3908,T
2-PB1,1255,1,3901,0,1,3903,T
2-PB1,1256,0,3901,0,1,3902,T
2-PB1,1257,3915,0,4,0,3919,A
2-PB1,1258,0,4,3905,1,3910,G
2-PB1,1259,0,1,3898,1,3900,G
2-PB1,1260,3785,0,6,0,3791,A
2-PB1,1261,1,0,3782,0,3783,G
2-PB1,1262,1,3836,0,2,3839,T
2-PB1,1263,0,0,0,3848,3848,C
2-PB1,1264,1,3856,0,0,3857,T
2-PB1,1265,2,4,0,3853,3859,C
2-PB1,1266,2,2,3868,0,3872,G
2-PB1,1267,4003,1,1,0,4005,A
2-PB1,1268,0,4019,0,2,4021,T
2-PB1,1269,4043,0,1,0,4044,A
2-PB1,1270,1,0,0,4047,4048,C
2-PB1,1271,0,3975,0,9,3984,T
2-PB1,1272,1,4,3992,0,3997,G
2-PB1,1273,3988,0,1,0,3989,A
2-PB1,1274,4043,0,1,2,4046,A
2-PB1,1275,0,4050,0,1,4051,T
2-PB1,1276,3,0,0,3958,3961,C
2-PB1,1277,0,3941,0,4,3945,T
2-PB1,1278,0,3938,0,1,3939,T
2-PB1,1279,1,4,3939,0,3944,G
2-PB1,1280,2,4,3949,0,3955,G
2-PB1,1281,3935,1,9,2,3947,A
2-PB1,1282,0,1,1,3960,3962,C
2-PB1,1283,3890,1,1,0,3892,A
2-PB1,1284,3913,1,2,1,3917,A
2-PB1,1285,3936,1,1,0,3938,A
2-PB1,1286,3960,3,6,0,3969,A
2-PB1,1287,1,4,4064,0,4069,G
2-PB1,1288,4067,0,4,0,4071,A
2-PB1,1289,4064,1,8,0,4073,A
2-PB1,1290,4063,0,6,0,4069,A
2-PB1,1291,0,4070,1,2,4073,T
2-PB1,1292,4083,0,3,0,4086,A
2-PB1,1293,1,2,0,4258,4261,C
2-PB1,1294,4227,1,1,0,4229,A
2-PB1,1295,0,1,0,4252,4253,C
2-PB1,1296,0,0,0,4173,4173,C
2-PB1,1297,4188,2,0,0,4190,A
2-PB1,1298,4261,1,1,0,4263,A
2-PB1,1299,1,5,4442,0,4448,G
2-PB1,1300,4498,1,5,1,4505,A
2-PB1,1301,0,2,0,4559,4561,C
2-PB1,1302,4448,0,3,0,4451,A
2-PB1,1303,4618,0,5,1,4624,A
2-PB1,1304,0,1,0,4643,4644,C
2-PB1,1305,4721,0,1,1,4723,A
2-PB1,1306,0,4759,0,2,4761,T
2-PB1,1307,4712,0,2,0,4714,A
2-PB1,1308,0,0,0,4832,4832,C
2-PB1,1309,0,4678,0,1,4679,T
2-PB1,1310,1,0,4783,0,4784,G
2-PB1,1311,1,0,4776,0,4777,G
2-PB1,1312,0,4646,0,1,4647,T
2-PB1,1313,0,8,4610,0,4618,G
2-PB1,1314,0,3,4566,0,4569,G
2-PB1,1315,1,3,4601,0,4605,G
2-PB1,1316,4577,1,5,0,4583,A
2-PB1,1317,0,4517,0,1,4518,T
2-PB1,1318,2,8,4495,1,4506,G
2-PB1,1319,0,1,4467,0,4468,G
2-PB1,1320,2,0,4521,0,4523,G
2-PB1,1321,1,0,0,4605,4606,C
2-PB1,1322,0,4545,0,8,4553,T
2-PB1,1323,4,0,0,4601,4605,C
2-PB1,1324,2,0,0,4584,4586,C
2-PB1,1325,4607,0,3,0,4610,A
2-PB1,1326,4596,0,4,0,4600,A
2-PB1,1327,0,4581,0,0,4581,T
2-PB1,1328,2,1,0,4573,4576,C
2-PB1,1329,5,1,0,4540,4546,C
2-PB1,1330,0,4497,0,2,4499,T
2-PB1,1331,0,1,1,4472,4474,C
2-PB1,1332,2,1,0,4465,4468,C
2-PB1,1333,2,2,4469,0,4473,G
2-PB1,1334,4472,0,1,0,4473,A
2-PB1,1335,0,3,1,4469,4473,C
2-PB1,1336,1,0,4484,0,4485,G
2-PB1,1337,4523,0,0,0,4523,A
2-PB1,1338,0,4496,1,1,4498,T
2-PB1,1339,1,4499,0,0,4500,T
2-PB1,1340,0,4498,1,3,4502,T
2-PB1,1341,2,4505,0,2,4509,T
2-PB1,1342,2,0,4525,0,4527,G
2-PB1,1343,1,1,0,4576,4578,C
2-PB1,1344,5,0,0,4564,4569,C
2-PB1,1345,6,0,0,4736,4742,C
2-PB1,1346,3,4663,0,6,4672,T
2-PB1,1347,68,0,0,4825,4893,C
2-PB1,1348,4946,1,2,0,4949,A
2-PB1,1349,2,4972,0,0,4974,T
2-PB1,1350,4961,0,0,0,4961,A
2-PB1,1351,1,0,5010,0,5011,G
2-PB1,1352,0,4868,0,0,4868,T
2-PB1,1353,0,2,4910,0,4912,G
2-PB1,1354,4706,4,0,0,4710,A
2-PB1,1355,4742,0,2,0,4744,A
2-PB1,1356,0,4503,1,0,4504,T
2-PB1,1357,0,0,4488,1,4489,G
2-PB1,1358,2,2,0,4527,4531,C
2-PB1,1359,4547,0,6,0,4553,A
2-PB1,1360,0,3,1,4550,4554,C
2-PB1,1361,3,1,0,4509,4513,C
2-PB1,1362,4490,0,0,0,4490,A
2-PB1,1363,4494,0,2,0,4496,A
2-PB1,1364,4478,0,0,0,4478,A
2-PB1,1365,3,4325,0,2,4330,T
2-PB1,1366,2,0,0,4503,4505,C
2-PB1,1367,4504,0,2,0,4506,A
2-PB1,1368,0,4496,0,2,4498,T
2-PB1,1369,0,4,4511,0,4515,G
2-PB1,1370,4492,2,12,0,4506,A
2-PB1,1371,0,3,4604,0,4607,G
2-PB1,1372,1,3,4641,1,4646,G
2-PB1,1373,0,6,4676,0,4682,G
2-PB1,1374,4637,1,12,1,4651,A
2-PB1,1375,4765,1,2,0,4768,A
2-PB1,1376,0,4784,0,3,4787,T
2-PB1,1377,4781,1,2,0,4784,A
2-PB1,1378,0,0,0,4784,4784,C
2-PB1,1379,4776,0,2,43,4821,A
2-PB1,1380,4800,0,3,1,4804,A
2-PB1,1381,0,0,4801,0,4801,G
2-PB1,1382,0,0,0,4756,4756,C
2-PB1,1383,4724,1,3,1,4729,A
2-PB1,1384,0,0,4759,0,4759,G
2-PB1,1385,2,3,4745,1,4751,G
2-PB1,1386,4683,0,3,0,4686,A
2-PB1,1387,0,8,4764,0,4772,G
2-PB1,1388,0,4677,0,2,4679,T
2-PB1,1389,0,1,4798,0,4799,G
2-PB1,1390,0,2,4833,0,4835,G
2-PB1,1391,4802,1,7,0,4810,A
2-PB1,1392,0,4817,0,1,4818,T
2-PB1,1393,4710,1,1,0,4712,A
2-PB1,1394,0,1,4741,0,4742,G
2-PB1,1395,4856,0,4,0,4860,A
2-PB1,1396,0,4856,1,3,4860,T
2-PB1,1397,0,4832,1,1,4834,T
2-PB1,1398,1,0,0,5065,5066,C
2-PB1,1399,0,5017,0,3,5020,T
2-PB1,1400,5033,1,1,0,5035,A
2-PB1,1401,0,0,0,5028,5028,C
2-PB1,1402,4942,0,5,0,4947,A
2-PB1,1403,2,4,4937,0,4943,G
2-PB1,1404,0,8,4809,0,4817,G
2-PB1,1405,4877,1,7,0,4885,A
2-PB1,1406,2,1,0,4848,4851,C
2-PB1,1407,0,1,0,4771,4772,C
2-PB1,1408,1,4720,1,11,4733,T
2-PB1,1409,0,2,4758,1,4761,G
2-PB1,1410,0,1,1,4740,4742,C
2-PB1,1411,4759,1,1,1,4762,A
2-PB1,1412,4806,0,2,1,4809,A
2-PB1,1413,2,1,4809,0,4812,G
2-PB1,1414,0,4712,0,1,4713,T
2-PB1,1415,0,4704,0,1,4705,T
2-PB1,1416,4639,1,4,0,4644,A
2-PB1,1417,0,0,4668,0,4668,G
2-PB1,1418,2,4634,2,3,4641,T
2-PB1,1419,1,6,4622,0,4629,G
2-PB1,1420,2,4,4600,1,4607,G
2-PB1,1421,3,5,4629,0,4637,G
2-PB1,1422,4610,0,3,0,4613,A
2-PB1,1423,4641,2,2,0,4645,A
2-PB1,1424,0,4612,0,6,4618,T
2-PB1,1425,4,1,0,4640,4645,C
2-PB1,1426,4652,0,7,0,4659,A
2-PB1,1427,4682,0,4,0,4686,A
2-PB1,1428,0,1,0,4665,4666,C
2-PB1,1429,4660,2,2,0,4664,A
2-PB1,1430,1,4526,0,0,4527,T
2-PB1,1431,1,5,4535,0,4541,G
2-PB1,1432,4514,0,8,0,4522,A
2-PB1,1433,4,0,4573,0,4577,G
2-PB1,1434,2,2,0,4540,4544,C
2-PB1,1435,4542,0,2,0,4544,A
2-PB1,1436,4554,0,3,0,4557,A
2-PB1,1437,4554,0,1,0,4555,A
2-PB1,1438,4575,1,2,0,4578,A
2-PB1,1439,4591,0,2,0,4593,A
2-PB1,1440,0,1,4587,0,4588,G
2-PB1,1441,4540,0,2,0,4542,A
2-PB1,1442,4483,0,9,0,4492,A
2-PB1,1443,93,0,4601,0,4694,G
2-PB1,1444,0,4683,0,3,4686,T
2-PB1,1445,2,1,0,4680,4683,C
2-PB1,1446,7,2,0,4708,4717,C
2-PB1,1447,1,4654,0,3,4658,T
2-PB1,1448,4741,0,1,0,4742,A
2-PB1,1449,0,4718,0,0,4718,T
2-PB1,1450,4719,1,0,1,4721,A
2-PB1,1451,0,4721,2,0,4723,T
2-PB1,1452,4589,0,1,0,4590,A
2-PB1,1453,4594,0,2,1,4597,A
2-PB1,1454,4593,0,0,0,4593,A
2-PB1,1455,0,4587,0,1,4588,T
2-PB1,1456,4540,0,2,0,4542,A
2-PB1,1457,4528,0,1,0,4529,A
2-PB1,1458,4537,1,2,0,4540,A
2-PB1,1459,4569,0,3,2,4574,A
2-PB1,1460,0,1,0,4575,4576,C
2-PB1,1461,4372,1,1,1,4375,A
2-PB1,1462,0,6,4364,0,4370,G
2-PB1,1463,1,4,4368,1,4374,G
2-PB1,1464,0,2,4379,0,4381,G
2-PB1,1465,4363,0,5,0,4368,A
2-PB1,1466,0,0,0,4421,4421,C
2-PB1,1467,4389,1,3,1,4394,A
2-PB1,1468,0,4416,1,1,4418,T
2-PB1,1469,1,4413,0,3,4417,T
2-PB1,1470,1,4426,0,3,4430,T
2-PB1,1471,0,5,4439,0,4444,G
2-PB1,1472,4372,1,4,0,4377,A
2-PB1,1473,4406,0,0,0,4406,A
2-PB1,1474,1,4400,0,1,4402,T
2-PB1,1475,0,4293,0,1,4294,T
2-PB1,1476,2,0,0,4357,4359,C
2-PB1,1477,4341,0,5,0,4346,A
2-PB1,1478,0,0,0,4355,4355,C
2-PB1,1479,2,4350,0,1,4353,T
2-PB1,1480,4375,0,1,0,4376,A
2-PB1,1481,0,0,4374,0,4374,G
2-PB1,1482,2,1,0,4383,4386,C
2-PB1,1483,0,4333,0,6,4339,T
2-PB1,1484,0,4399,1,0,4400,T
2-PB1,1485,0,4375,0,1,4376,T
2-PB1,1486,0,4377,1,0,4378,T
2-PB1,1487,0,4373,1,0,4374,T
2-PB1,1488,0,4372,0,0,4372,T
2-PB1,1489,0,4360,0,0,4360,T
2-PB1,1490,4347,0,1,1,4349,A
2-PB1,1491,0,4324,0,2,4326,T
2-PB1,1492,6,0,0,4348,4354,C
2-PB1,1493,1,3,4364,0,4368,G
2-PB1,1494,4512,1,0,0,4513,A
2-PB1,1495,0,4543,0,2,4545,T
2-PB1,1496,4555,1,0,0,4556,A
2-PB1,1497,1,4614,0,2,4617,T
2-PB1,1498,1,1,4592,0,4594,G
2-PB1,1499,0,1,4626,0,4627,G
2-PB1,1500,4604,1,7,0,4612,A
2-PB1,1501,0,4585,1,3,4589,T
2-PB1,1502,0,4575,0,1,4576,T
2-PB1,1503,0,4441,0,2,4443,T
2-PB1,1504,10,2,4444,1,4457,G
2-PB1,1505,1,4446,0,2,4449,T
2-PB1,1506,0,2,4412,0,4414,G
2-PB1,1507,2,0,4435,0,4437,G
2-PB1,1508,0,2,1,4379,4382,C
2-PB1,1509,1,4388,0,1,4390,T
2-PB1,1510,4421,1,0,0,4422,A
2-PB1,1511,4436,1,0,1,4438,A
2-PB1,1512,0,4471,0,1,4472,T
2-PB1,1513,1,4463,1,5,4470,T
2-PB1,1514,2,4472,1,0,4475,T
2-PB1,1515,0,4483,0,1,4484,T
2-PB1,1516,4464,1,2,0,4467,A
2-PB1,1517,2,1,4529,1,4533,G
2-PB1,1518,0,2,0,4518,4520,C
2-PB1,1519,4514,1,2,0,4517,A
2-PB1,1520,1,4482,0,1,4484,T
2-PB1,1521,1,2,4425,0,4428,G
2-PB1,1522,0,0,4514,0,4514,G
2-PB1,1523,4452,1,6,0,4459,A
2-PB1,1524,1,0,4510,0,4511,G
2-PB1,1525,1,0,0,4485,4486,C
2-PB1,1526,0,4433,0,1,4434,T
2-PB1,1527,1,0,4476,0,4477,G
2-PB1,1528,1,2,1,4456,4460,C
2-PB1,1529,4,1,0,4453,4458,C
2-PB1,1530,4,0,0,4487,4491,C
2-PB1,1531,4376,0,2,0,4378,A
2-PB1,1532,0,2,4740,0,4742,G
2-PB1,1533,0,4716,0,2,4718,T
2-PB1,1534,1,4712,0,2,4715,T
2-PB1,1535,0,4739,1,2,4742,T
2-PB1,1536,0,4677,0,1,4678,T
2-PB1,1537,1,5,4654,0,4660,G
2-PB1,1538,0,4,4645,0,4649,G
2-PB1,1539,4618,0,5,0,4623,A
2-PB1,1540,1,0,4674,0,4675,G
2-PB1,1541,1,4238,0,1,4240,T
2-PB1,1542,0,1,4488,1,4490,G
2-PB1,1543,0,4460,0,3,4463,T
2-PB1,1544,4,0,0,4455,4459,C
2-PB1,1545,1,4463,1,9,4474,T
2-PB1,1546,1,2,4498,0,4501,G
2-PB1,1547,1,3,4549,0,4553,G
2-PB1,1548,4565,0,1,0,4566,A
2-PB1,1549,4582,0,4,0,4586,A
2-PB1,1550,0,4549,0,1,4550,T
2-PB1,1551,4190,0,2,0,4192,A
2-PB1,1552,4186,0,2,0,4188,A
2-PB1,1553,4181,0,2,1,4184,A
2-PB1,1554,0,1,0,4193,4194,C
2-PB1,1555,1,3,4137,0,4141,G
2-PB1,1556,4060,0,5,1,4066,A
2-PB1,1557,1,0,4061,0,4062,G
2-PB1,1558,1,4055,2,3,4061,T
2-PB1,1559,6,0,1,4078,4085,C
2-PB1,1560,4071,1,7,0,4079,A
2-PB1,1561,0,0,4154,0,4154,G
2-PB1,1562,1,1,0,4147,4149,C
2-PB1,1563,0,4142,2,6,4150,T
2-PB1,1564,0,0,4285,1,4286,G
2-PB1,1565,4252,0,4,1,4257,A
2-PB1,1566,1,4268,1,0,4270,T
2-PB1,1567,4269,0,6,0,4275,A
2-PB1,1568,0,4208,0,0,4208,T
2-PB1,1569,1,3,4219,0,4223,G
2-PB1,1570,4019,0,3,0,4022,A
2-PB1,1571,2,0,4126,0,4128,G
2-PB1,1572,0,0,0,4130,4130,C
2-PB1,1573,3850,0,0,0,3850,A
2-PB1,1574,0,3833,0,0,3833,T
2-PB1,1575,2,3829,0,1,3832,T
2-PB1,1576,3,5,3858,0,3866,G
2-PB1,1577,2,3,4048,0,4053,G
2-PB1,1578,3994,0,7,0,4001,A
2-PB1,1579,0,0,4032,0,4032,G
2-PB1,1580,1,3832,0,3,3836,T
2-PB1,1581,3832,0,0,0,3832,A
2-PB1,1582,3833,3,5,1,3842,A
2-PB1,1583,0,1,0,3852,3853,C
2-PB1,1584,3834,0,1,0,3835,A
2-PB1,1585,1,1,3905,0,3907,G
2-PB1,1586,0,3420,0,0,3420,T
2-PB1,1587,0,1,3456,0,3457,G
2-PB1,1588,3500,1,6,0,3507,A
2-PB1,1589,0,3502,0,0,3502,T
2-PB1,1590,3496,0,1,1,3498,A
2-PB1,1591,3490,1,0,0,3491,A
2-PB1,1592,3398,1,9,0,3408,A
2-PB1,1593,0,1,3455,1,3457,G
2-PB1,1594,3277,1,4,1,3283,A
2-PB1,1595,3290,0,4,0,3294,A
2-PB1,1596,0,1,0,3303,3304,C
2-PB1,1597,3180,1,3,1,3185,A
2-PB1,1598,3226,1,1,0,3228,A
2-PB1,1599,1,1,0,3236,3238,C
2-PB1,1600,3260,0,0,0,3260,A
2-PB1,1601,0,3242,16,0,3258,T
2-PB1,1602,0,1,3205,0,3206,G
2-PB1,1603,3196,0,5,0,3201,A
2-PB1,1604,0,3192,1,2,3195,T
2-PB1,1605,3155,0,2,0,3157,A
2-PB1,1606,3177,0,3,0,3180,A
2-PB1,1607,3182,0,4,0,3186,A
2-PB1,1608,1,0,0,3225,3226,C
2-PB1,1609,3082,0,0,0,3082,A
2-PB1,1610,3058,0,25,1,3084,A
2-PB1,1611,0,3017,0,0,3017,T
2-PB1,1612,0,5,3019,0,3024,G
2-PB1,1613,3102,1,7,0,3110,A
2-PB1,1614,1,0,0,3159,3160,C
2-PB1,1615,1,0,0,3105,3106,C
2-PB1,1616,0,2987,0,0,2987,T
2-PB1,1617,2,2927,0,0,2929,T
2-PB1,1618,1,3,2931,0,2935,G
2-PB1,1619,2,3,2949,0,2954,G
2-PB1,1620,2989,1,3,0,2993,A
2-PB1,1621,0,0,0,2984,2984,C
2-PB1,1622,1,1,0,2928,2930,C
2-PB1,1623,2900,0,5,0,2905,A
2-PB1,1624,0,0,2931,1,2932,G
2-PB1,1625,1,1,0,2937,2939,C
2-PB1,1626,2950,0,0,1,2951,A
2-PB1,1627,2951,0,0,0,2951,A
2-PB1,1628,0,0,0,2932,2932,C
2-PB1,1629,2889,0,1,0,2890,A
2-PB1,1630,0,1,2974,0,2975,G
2-PB1,1631,1,0,0,2968,2969,C
2-PB1,1632,4,1,0,2959,2964,C
2-PB1,1633,5,2,0,2953,2960,C
2-PB1,1634,2968,0,1,0,2969,A
2-PB1,1635,2952,1,0,1,2954,A
2-PB1,1636,2954,0,0,0,2954,A
2-PB1,1637,0,2959,1,0,2960,T
2-PB1,1638,0,0,2944,0,2944,G
2-PB1,1639,0,1,2887,0,2888,G
2-PB1,1640,2,0,1,2882,2885,C
2-PB1,1641,0,2819,0,5,2824,T
2-PB1,1642,7,0,0,2938,2945,C
2-PB1,1643,0,2908,0,2,2910,T
2-PB1,1644,3,0,0,2955,2958,C
2-PB1,1645,2,6,0,2957,2965,C
2-PB1,1646,2970,1,1,0,2972,A
2-PB1,1647,2978,2,0,0,2980,A
2-PB1,1648,1,2967,0,0,2968,T
2-PB1,1649,0,2938,1,1,2940,T
2-PB1,1650,2,0,2951,0,2953,G
2-PB1,1651,0,2874,0,6,2880,T
2-PB1,1652,0,2868,0,1,2869,T
2-PB1,1653,4,12,0,2862,2878,C
2-PB1,1654,2871,1,1,0,2873,A
2-PB1,1655,1,2860,0,0,2861,T
2-PB1,1656,2,0,0,2875,2877,C
2-PB1,1657,2878,0,0,0,2878,A
2-PB1,1658,2884,0,0,0,2884,A
2-PB1,1659,2867,0,7,1,2875,A
2-PB1,1660,1,0,2933,0,2934,G
2-PB1,1661,2929,1,2,0,2932,A
2-PB1,1662,0,2940,0,1,2941,T
2-PB1,1663,0,2931,0,2,2933,T
2-PB1,1664,2949,0,2,0,2951,A
2-PB1,1665,0,3,0,2997,3000,C
2-PB1,1666,2986,0,2,0,2988,A
2-PB1,1667,0,1,3036,0,3037,G
2-PB1,1668,3011,0,8,1,3020,A
2-PB1,1669,0,3092,0,1,3093,T
2-PB1,1670,3110,0,1,0,3111,A
2-PB1,1671,0,1,0,3301,3302,C
2-PB1,1672,3364,0,4,0,3368,A
2-PB1,1673,0,0,1,3642,3643,C
2-PB1,1674,3577,0,2,0,3579,A
2-PB1,1675,0,3591,0,3,3594,T
2-PB1,1676,3563,0,1,0,3564,A
2-PB1,1677,1,3537,0,0,3538,T
2-PB1,1678,3439,2,3,0,3444,A
2-PB1,1679,2,2,3436,0,3440,G
2-PB1,1680,1,2,3404,0,3407,G
2-PB1,1681,2,3219,0,2,3223,T
2-PB1,1682,1,1,3159,1,3162,G
2-PB1,1683,1,4,2,3287,3294,C
2-PB1,1684,0,0,0,3295,3295,C
2-PB1,1685,3365,0,2,0,3367,A
2-PB1,1686,0,3357,2,1,3360,T
2-PB1,1687,3371,1,0,0,3372,A
2-PB1,1688,1,0,3383,0,3384,G
2-PB1,1689,3276,2,5,1,3284,A
2-PB1,1690,0,2,3305,0,3307,G
2-PB1,1691,1,1,3298,0,3300,G
2-PB1,1692,3115,2,3,0,3120,A
2-PB1,1693,2,1,3162,0,3165,G
2-PB1,1694,3120,1,2,0,3123,A
2-PB1,1695,0,0,0,3150,3150,C
2-PB1,1696,3151,1,1,1,3154,A
2-PB1,1697,0,2,0,3185,3187,C
2-PB1,1698,3169,0,1,0,3170,A
2-PB1,1699,0,0,0,3187,3187,C
2-PB1,1700,3160,0,0,0,3160,A
2-PB1,1701,3175,0,1,0,3176,A
2-PB1,1702,3200,2,2,0,3204,A
2-PB1,1703,0,3201,0,0,3201,T
2-PB1,1704,3,0,0,3219,3222,C
2-PB1,1705,2,2,0,3216,3220,C
2-PB1,1706,3181,0,1,0,3182,A
2-PB1,1707,0,2,3179,0,3181,G
2-PB1,1708,3170,0,1,0,3171,A
2-PB1,1709,1,0,0,3213,3214,C
2-PB1,1710,1,4,3190,0,3195,G
2-PB1,1711,3147,1,0,0,3148,A
2-PB1,1712,0,1,3177,0,3178,G
2-PB1,1713,3166,0,4,0,3170,A
2-PB1,1714,3192,0,0,0,3192,A
2-PB1,1715,0,1,3212,0,3213,G
2-PB1,1716,3184,0,1,0,3185,A
2-PB1,1717,0,3144,1,4,3149,T
2-PB1,1718,0,0,0,3154,3154,C
2-PB1,1719,3172,0,1,0,3173,A
2-PB1,1720,2,3133,1,0,3136,T
2-PB1,1721,1,3125,1,1,3128,T
2-PB1,1722,2,2,0,3138,3142,C
2-PB1,1723,1,3,3149,0,3153,G
2-PB1,1724,3115,2,0,0,3117,A
2-PB1,1725,0,1,3127,0,3128,G
2-PB1,1726,3108,0,3,0,3111,A
2-PB1,1727,0,3186,0,1,3187,T
2-PB1,1728,3204,0,3,1,3208,A
2-PB1,1729,3220,0,0,1,3221,A
2-PB1,1730,3209,0,1,0,3210,A
2-PB1,1731,3188,0,1,0,3189,A
2-PB1,1732,3204,0,0,0,3204,A
2-PB1,1733,3213,0,2,0,3215,A
2-PB1,1734,0,1,3213,0,3214,G
2-PB1,1735,0,1,0,3228,3229,C
2-PB1,1736,0,3166,0,2,3168,T
2-PB1,1737,0,0,3193,0,3193,G
2-PB1,1738,0,3175,0,1,3176,T
2-PB1,1739,2,4,3157,0,3163,G
2-PB1,1740,0,6,3183,0,3189,G
2-PB1,1741,1,4,3196,0,3201,G
2-PB1,1742,3207,1,2,0,3210,A
2-PB1,1743,0,3171,0,0,3171,T
2-PB1,1744,1,0,0,3208,3209,C
2-PB1,1745,3222,0,0,0,3222,A
2-PB1,1746,3263,0,1,0,3264,A
2-PB1,1747,3282,0,1,1,3284,A
2-PB1,1748,0,2,0,3258,3260,C
2-PB1,1749,3,1,0,3234,3238,C
2-PB1,1750,1,0,0,3230,3231,C
2-PB1,1751,3204,0,18,0,3222,A
2-PB1,1752,3305,1,2,0,3308,A
2-PB1,1753,0,3282,0,3,3285,T
2-PB1,1754,0,0,0,3302,3302,C
2-PB1,1755,3267,0,3,0,3270,A
2-PB1,1756,3248,0,5,0,3253,A
2-PB1,1757,0,3,3286,0,3289,G
2-PB1,1758,0,4,3248,0,3252,G
2-PB1,1759,1,0,3253,0,3254,G
2-PB1,1760,1,0,0,3260,3261,C
2-PB1,1761,3187,0,6,0,3193,A
2-PB1,1762,0,1,3296,0,3297,G
2-PB1,1763,0,0,3304,5,3309,G
2-PB1,1764,3332,0,1,0,3333,A
2-PB1,1765,0,2,0,3376,3378,C
2-PB1,1766,0,3291,0,1,3292,T
2-PB1,1767,3385,6,3,0,3394,A
2-PB1,1768,0,3366,0,6,3372,T
2-PB1,1769,0,3369,0,2,3371,T
2-PB1,1770,0,1,3367,0,3368,G
2-PB1,1771,1,2,3418,0,3421,G
2-PB1,1772,1,3347,1,4,3353,T
2-PB1,1773,3365,0,1,0,3366,A
2-PB1,1774,1,3307,0,1,3309,T
2-PB1,1775,1,1,0,3314,3316,C
2-PB1,1776,3219,0,3,0,3222,A
2-PB1,1777,0,1,3267,0,3268,G
2-PB1,1778,3267,0,0,0,3267,A
2-PB1,1779,1,3245,0,0,3246,T
2-PB1,1780,1,7,3098,0,3106,G
2-PB1,1781,2,3,3096,0,3101,G
2-PB1,1782,2,10,3073,0,3085,G
2-PB1,1783,0,2,3098,0,3100,G
2-PB1,1784,1,7,3095,0,3103,G
2-PB1,1785,3092,0,4,0,3096,A
2-PB1,1786,0,0,0,3072,3072,C
2-PB1,1787,1,1,0,3055,3057,C
2-PB1,1788,3063,0,2,0,3065,A
2-PB1,1789,3341,0,0,0,3341,A
2-PB1,1790,3352,0,0,0,3352,A
2-PB1,1791,0,0,0,3420,3420,C
2-PB1,1792,0,3372,2,3,3377,T
2-PB1,1793,0,3370,0,1,3371,T
2-PB1,1794,3379,1,2,0,3382,A
2-PB1,1795,0,3389,0,2,3391,T
2-PB1,1796,3390,0,3,0,3393,A
2-PB1,1797,0,1,0,3400,3401,C
2-PB1,1798,3103,2,4,1,3110,A
2-PB1,1799,3135,0,0,0,3135,A
2-PB1,1800,2,3027,0,1,3030,T
2-PB1,1801,3078,0,0,0,3078,A
2-PB1,1802,1,3078,0,0,3079,T
2-PB1,1803,1,3,0,3064,3068,C
2-PB1,1804,1,0,1,3051,3053,C
2-PB1,1805,1,3,3057,0,3061,G
2-PB1,1806,1,3,3069,0,3073,G
2-PB1,1807,3070,0,1,0,3071,A
2-PB1,1808,3081,0,1,0,3082,A
2-PB1,1809,1,3064,0,1,3066,T
2-PB1,1810,2,0,0,3097,3099,C
2-PB1,1811,2,3084,1,4,3091,T
2-PB1,1812,0,3106,1,2,3109,T
2-PB1,1813,1,0,0,3094,3095,C
2-PB1,1814,3103,1,1,0,3105,A
2-PB1,1815,0,3,0,3126,3129,C
2-PB1,1816,3109,0,1,0,3110,A
2-PB1,1817,0,3397,1,0,3398,T
2-PB1,1818,2,0,0,3402,3404,C
2-PB1,1819,3,1,0,3404,3408,C
2-PB1,1820,7,0,0,3438,3445,C
2-PB1,1821,0,3434,1,6,3441,T
2-PB1,1822,0,3,3449,0,3452,G
2-PB1,1823,3444,0,0,0,3444,A
2-PB1,1824,3434,1,5,0,3440,A
2-PB1,1825,0,0,3448,0,3448,G
2-PB1,1826,0,3152,0,5,3157,T
2-PB1,1827,1,0,0,3179,3180,C
2-PB1,1828,0,3117,0,1,3118,T
2-PB1,1829,2,1,3249,0,3252,G
2-PB1,1830,0,1,0,3250,3251,C
2-PB1,1831,0,3240,0,3,3243,T
2-PB1,1832,1,3223,2,1,3227,T
2-PB1,1833,3259,0,1,0,3260,A
2-PB1,1834,3239,1,4,0,3244,A
2-PB1,1835,3251,0,7,0,3258,A
2-PB1,1836,0,0,3297,0,3297,G
2-PB1,1837,2,3236,0,2,3240,T
2-PB1,1838,1,2,3174,0,3177,G
2-PB1,1839,1,3,3165,0,3169,G
2-PB1,1840,2,5,3196,0,3203,G
2-PB1,1841,3163,0,3,1,3167,A
2-PB1,1842,1,0,3194,0,3195,G
2-PB1,1843,12,0,0,3175,3187,C
2-PB1,1844,2,3179,1,2,3184,T
2-PB1,1845,0,1,3185,0,3186,G
2-PB1,1846,3178,0,1,2,3181,A
2-PB1,1847,0,3180,1,1,3182,T
2-PB1,1848,1,4,3192,0,3197,G
2-PB1,1849,0,1,3202,0,3203,G
2-PB1,1850,3193,2,0,0,3195,A
2-PB1,1851,0,3190,0,1,3191,T
2-PB1,1852,0,2,3189,0,3191,G
2-PB1,1853,3164,0,7,0,3171,A
2-PB1,1854,1,3,3238,0,3242,G
2-PB1,1855,3220,0,1,0,3221,A
2-PB1,1856,3238,0,0,0,3238,A
2-PB1,1857,0,3229,0,0,3229,T
2-PB1,1858,0,3198,0,2,3200,T
2-PB1,1859,3222,0,1,0,3223,A
2-PB1,1860,1,3210,0,2,3213,T
2-PB1,1861,2,0,0,3216,3218,C
2-PB1,1862,0,4,3243,0,3247,G
2-PB1,1863,0,4,3213,0,3217,G
2-PB1,1864,0,0,3196,0,3196,G
2-PB1,1865,2,0,3212,0,3214,G
2-PB1,1866,3199,0,1,0,3200,A
2-PB1,1867,3209,1,1,0,3211,A
2-PB1,1868,0,5,3253,0,3258,G
2-PB1,1869,3288,0,3,0,3291,A
2-PB1,1870,0,0,0,3325,3325,C
2-PB1,1871,0,3258,2,2,3262,T
2-PB1,1872,1,3344,0,3,3348,T
2-PB1,1873,0,3353,0,1,3354,T
2-PB1,1874,1,0,3386,0,3387,G
2-PB1,1875,0,3382,1,3,3386,T
2-PB1,1876,3359,0,1,0,3360,A
2-PB1,1877,3352,0,0,0,3352,A
2-PB1,1878,0,3272,0,2,3274,T
2-PB1,1879,4,0,0,3329,3333,C
2-PB1,1880,3,0,0,3306,3309,C
2-PB1,1881,4,1,0,3303,3308,C
2-PB1,1882,10,0,1,3336,3347,C
2-PB1,1883,1,3333,0,5,3339,T
2-PB1,1884,1,3,3349,0,3353,G
2-PB1,1885,3335,1,1,0,3337,A
2-PB1,1886,3355,0,1,0,3356,A
2-PB1,1887,0,3344,0,2,3346,T
2-PB1,1888,5,0,0,3292,3297,C
2-PB1,1889,2,0,0,3299,3301,C
2-PB1,1890,3,0,0,3289,3292,C
2-PB1,1891,0,3271,1,4,3276,T
2-PB1,1892,1,3283,0,2,3286,T
2-PB1,1893,1,3271,0,0,3272,T
2-PB1,1894,0,0,3275,0,3275,G
2-PB1,1895,0,3254,1,6,3261,T
2-PB1,1896,5,1,0,3253,3259,C
2-PB1,1897,3213,0,7,0,3220,A
2-PB1,1898,1,0,3278,0,3279,G
2-PB1,1899,4,1,0,3262,3267,C
2-PB1,1900,0,1,0,3268,3269,C
2-PB1,1901,3285,0,2,0,3287,A
2-PB1,1902,0,3290,0,0,3290,T
2-PB1,1903,3297,0,2,0,3299,A
2-PB1,1904,3298,0,2,0,3300,A
2-PB1,1905,3294,1,5,0,3300,A
2-PB1,1906,0,1,3363,0,3364,G
2-PB1,1907,3269,0,0,0,3269,A
2-PB1,1908,3264,2,1,0,3267,A
2-PB1,1909,3275,0,3,0,3278,A
2-PB1,1910,0,3264,0,0,3264,T
2-PB1,1911,1,3252,1,0,3254,T
2-PB1,1912,1,1,3271,0,3273,G
2-PB1,1913,3236,0,2,0,3238,A
2-PB1,1914,1,0,3309,0,3310,G
2-PB1,1915,0,3290,0,3,3293,T
2-PB1,1916,0,0,1,3335,3336,C
2-PB1,1917,1,3324,0,3,3328,T
2-PB1,1918,0,0,3426,0,3426,G
2-PB1,1919,0,3404,1,1,3406,T
2-PB1,1920,3478,1,1,0,3480,A
2-PB1,1921,3460,0,3,1,3464,A
2-PB1,1922,3465,0,0,0,3465,A
2-PB1,1923,0,0,0,3461,3461,C
2-PB1,1924,3336,1,1,0,3338,A
2-PB1,1925,3470,0,0,0,3470,A
2-PB1,1926,0,3457,0,1,3458,T
2-PB1,1927,0,0,3446,0,3446,G
2-PB1,1928,2,0,0,3475,3477,C
2-PB1,1929,0,3420,1,4,3425,T
2-PB1,1930,2,0,3592,0,3594,G
2-PB1,1931,0,3578,0,4,3582,T
2-PB1,1932,3664,0,3,0,3667,A
2-PB1,1933,2,1,3674,0,3677,G
2-PB1,1934,1,3569,0,7,3577,T
2-PB1,1935,3557,0,1,0,3558,A
2-PB1,1936,3536,0,2,1,3539,A
2-PB1,1937,0,3527,0,0,3527,T
2-PB1,1938,0,1,3501,0,3502,G
2-PB1,1939,0,4,0,3443,3447,C
2-PB1,1940,2,1,0,3406,3409,C
2-PB1,1941,3345,2,3,1,3351,A
2-PB1,1942,1,0,3381,0,3382,G
2-PB1,1943,0,2,0,3512,3514,C
2-PB1,1944,1,3,0,3494,3498,C
2-PB1,1945,7,0,0,3501,3508,C
2-PB1,1946,3492,0,1,0,3493,A
2-PB1,1947,0,3478,1,6,3485,T
2-PB1,1948,0,6,3483,1,3490,G
2-PB1,1949,0,0,3485,0,3485,G
2-PB1,1950,0,3475,0,4,3479,T
2-PB1,1951,5,0,0,3420,3425,C
2-PB1,1952,1,2,0,3288,3291,C
2-PB1,1953,0,2,3332,0,3334,G
2-PB1,1954,0,1,3342,0,3343,G
2-PB1,1955,2,2,0,3317,3321,C
2-PB1,1956,2,4,0,3331,3337,C
2-PB1,1957,3356,1,0,0,3357,A
2-PB1,1958,3369,1,0,0,3370,A
2-PB1,1959,3368,0,0,1,3369,A
2-PB1,1960,3387,0,1,0,3388,A
2-PB1,1961,5,0,3454,0,3459,G
2-PB1,1962,0,3357,1,0,3358,T
2-PB1,1963,3379,2,2,0,3383,A
2-PB1,1964,0,3384,0,1,3385,T
2-PB1,1965,0,2,3380,1,3383,G
2-PB1,1966,0,1,3468,0,3469,G
2-PB1,1967,3440,0,1,0,3441,A
2-PB1,1968,3488,0,3,0,3491,A
2-PB1,1969,0,3468,1,0,3469,T
2-PB1,1970,3422,0,2,0,3424,A
2-PB1,1971,2,3427,0,5,3434,T
2-PB1,1972,1,1,3388,0,3390,G
2-PB1,1973,3391,1,0,1,3393,A
2-PB1,1974,1,3372,0,0,3373,T
2-PB1,1975,0,2,3263,0,3265,G
2-PB1,1976,1,2,0,3271,3274,C
2-PB1,1977,1,1,0,3258,3260,C
2-PB1,1978,1,1,3276,0,3278,G
2-PB1,1979,1,3258,0,2,3261,T
2-PB1,1980,1,3260,0,2,3263,T
2-PB1,1981,2,2,3266,0,3270,G
2-PB1,1982,1,0,0,3371,3372,C
2-PB1,1983,3374,0,0,0,3374,A
2-PB1,1984,3455,1,0,0,3456,A
2-PB1,1985,0,2,0,3465,3467,C
2-PB1,1986,0,3422,0,1,3423,T
2-PB1,1987,3451,0,0,1,3452,A
2-PB1,1988,1,2,0,3445,3448,C
2-PB1,1989,3429,1,4,0,3434,A
2-PB1,1990,0,0,0,3446,3446,C
2-PB1,1991,3296,0,0,0,3296,A
2-PB1,1992,0,0,0,3624,3624,C
2-PB1,1993,1,3505,1,2,3509,T
2-PB1,1994,2,2,0,3554,3558,C
2-PB1,1995,1,1,0,3555,3557,C
2-PB1,1996,0,3538,1,1,3540,T
2-PB1,1997,1,4,3523,0,3528,G
2-PB1,1998,1,4,3533,0,3538,G
2-PB1,1999,3525,0,1,0,3526,A
2-PB1,2000,2,3530,0,0,3532,T
2-PB1,2001,0,3123,0,3,3126,T
2-PB1,2002,3,0,0,3182,3185,C
2-PB1,2003,1,0,0,3146,3147,C
2-PB1,2004,6,2,0,3168,3176,C
2-PB1,2005,3191,0,3,0,3194,A
2-PB1,2006,3182,0,0,0,3182,A
2-PB1,2007,0,1,3173,0,3174,G
2-PB1,2008,3168,0,3,0,3171,A
2-PB1,2009,0,2,3173,0,3175,G
2-PB1,2010,2,2,3168,2,3174,G
2-PB1,2011,3117,0,0,0,3117,A
2-PB1,2012,3118,1,4,1,3124,A
2-PB1,2013,0,0,0,3111,3111,C
2-PB1,2014,0,1,0,3072,3073,C
2-PB1,2015,3,0,3157,1,3161,G
2-PB1,2016,1,1,0,3147,3149,C
2-PB1,2017,0,3116,0,8,3124,T
2-PB1,2018,2,0,0,3166,3168,C
2-PB1,2019,0,3132,0,3,3135,T
2-PB1,2020,3455,0,1,0,3456,A
2-PB1,2021,0,3446,0,7,3453,T
2-PB1,2022,1,3454,0,0,3455,T
2-PB1,2023,1,2,0,3481,3484,C
2-PB1,2024,1,3354,0,6,3361,T
2-PB1,2025,3379,0,0,0,3379,A
2-PB1,2026,3369,0,0,0,3369,A
2-PB1,2027,3370,0,1,0,3371,A
2-PB1,2028,0,2,0,3379,3381,C
2-PB1,2029,3090,0,0,0,3090,A
2-PB1,2030,0,1,0,3086,3087,C
2-PB1,2031,3044,0,3,0,3047,A
2-PB1,2032,3090,0,5,0,3095,A
2-PB1,2033,0,0,3123,0,3123,G
2-PB1,2034,2,1,0,3103,3106,C
2-PB1,2035,1,0,0,3126,3127,C
2-PB1,2036,3102,0,2,0,3104,A
2-PB1,2037,3097,0,2,0,3099,A
2-PB1,2038,3092,0,2,0,3094,A
2-PB1,2039,0,3,3137,0,3140,G
2-PB1,2040,1,0,3132,1,3134,G
2-PB1,2041,0,0,3066,1,3067,G
2-PB1,2042,1,4,3078,0,3083,G
2-PB1,2043,3048,1,3,1,3053,A
2-PB1,2044,3085,1,1,0,3087,A
2-PB1,2045,0,3084,0,1,3085,T
2-PB1,2046,1,3074,0,0,3075,T
2-PB1,2047,0,0,0,3107,3107,C
2-PB1,2048,1,3081,0,2,3084,T
2-PB1,2049,0,3078,0,0,3078,T
2-PB1,2050,0,1,3091,0,3092,G
2-PB1,2051,3062,0,5,0,3067,A
2-PB1,2052,2,0,3098,0,3100,G
2-PB1,2053,0,3,3093,0,3096,G
2-PB1,2054,3089,0,0,0,3089,A
2-PB1,2055,0,3084,0,2,3086,T
2-PB1,2056,1,9,3092,2,3104,G
2-PB1,2057,3097,1,3,0,3101,A
2-PB1,2058,3109,1,3,0,3113,A
2-PB1,2059,0,0,0,3125,3125,C
2-PB1,2060,3076,0,2,1,3079,A
2-PB1,2061,1,1,3147,0,3149,G
2-PB1,2062,3123,0,0,0,3123,A
2-PB1,2063,0,3124,0,2,3126,T
2-PB1,2064,0,0,3131,0,3131,G
2-PB1,2065,1,3242,0,2,3245,T
2-PB1,2066,3251,0,5,0,3256,A
2-PB1,2067,0,1,0,3236,3237,C
2-PB1,2068,2,2,0,3211,3215,C
2-PB1,2069,3192,1,0,0,3193,A
2-PB1,2070,0,1,3156,0,3157,G
2-PB1,2071,3096,1,4,0,3101,A
2-PB1,2072,3086,0,0,0,3086,A
2-PB1,2073,1,0,3125,0,3126,G
2-PB1,2074,1,2927,1,1,2930,T
2-PB1,2075,0,0,2932,1,2933,G
2-PB1,2076,0,0,0,2931,2931,C
2-PB1,2077,1,2923,2,4,2930,T
2-PB1,2078,0,1,2930,0,2931,G
2-PB1,2079,0,0,0,2930,2930,C
2-PB1,2080,2929,1,0,1,2931,A
2-PB1,2081,2942,0,4,0,2946,A
2-PB1,2082,0,0,1,2897,2898,C
2-PB1,2083,1,2857,0,26,2884,T
2-PB1,2084,0,2852,0,1,2853,T
2-PB1,2085,0,0,2859,0,2859,G
2-PB1,2086,0,2847,1,2,2850,T
2-PB1,2087,0,2850,0,1,2851,T
2-PB1,2088,3,0,0,2825,2828,C
2-PB1,2089,0,1,2828,0,2829,G
2-PB1,2090,2827,0,1,0,2828,A
2-PB1,2091,1,1,2826,0,2828,G
2-PB1,2092,2825,0,0,0,2825,A
2-PB1,2093,2834,0,1,0,2835,A
2-PB1,2094,2823,0,0,0,2823,A
2-PB1,2095,0,2827,0,0,2827,T
2-PB1,2096,0,2823,0,1,2824,T
2-PB1,2097,0,2813,0,1,2814,T
2-PB1,2098,0,2830,0,0,2830,T
2-PB1,2099,1,2813,0,0,2814,T
2-PB1,2100,0,2,0,2837,2839,C
2-PB1,2101,0,3,0,2831,2834,C
2-PB1,2102,0,0,0,2850,2850,C
2-PB1,2103,0,2846,0,7,2853,T
2-PB1,2104,2867,0,0,0,2867,A
2-PB1,2105,0,0,2873,0,2873,G
2-PB1,2106,0,2869,0,1,2870,T
2-PB1,2107,2902,0,3,0,2905,A
2-PB1,2108,0,0,2934,0,2934,G
2-PB1,2109,0,2899,0,1,2900,T
2-PB1,2110,1,3000,0,2,3003,T
2-PB1,2111,4,1,0,3033,3038,C
2-PB1,2112,3099,0,3,0,3102,A
2-PB1,2113,0,3110,0,1,3111,T
2-PB1,2114,3104,0,3,0,3107,A
2-PB1,2115,0,3111,0,1,3112,T
2-PB1,2116,3007,0,2,0,3009,A
2-PB1,2117,1,2,2992,0,2995,G
2-PB1,2118,1,0,2984,0,2985,G
2-PB1,2119,2665,0,3,0,2668,A
2-PB1,2120,0,0,2687,0,2687,G
2-PB1,2121,2503,0,1,0,2504,A
2-PB1,2122,1,1,0,2504,2506,C
2-PB1,2123,1,0,0,2412,2413,C
2-PB1,2124,0,3,2421,0,2424,G
2-PB1,2125,2412,0,0,0,2412,A
2-PB1,2126,0,2390,0,0,2390,T
2-PB1,2127,1,2396,0,3,2400,T
2-PB1,2128,0,1,2400,1,2402,G
2-PB1,2129,0,0,2400,0,2400,G
2-PB1,2130,2395,0,1,0,2396,A
2-PB1,2131,2403,0,1,1,2405,A
2-PB1,2132,0,2383,0,0,2383,T
2-PB1,2133,0,2388,2,1,2391,T
2-PB1,2134,0,2391,0,0,2391,T
2-PB1,2135,2,0,0,2396,2398,C
2-PB1,2136,0,2399,0,0,2399,T
2-PB1,2137,2390,0,1,1,2392,A
2-PB1,2138,3,0,2400,0,2403,G
2-PB1,2139,0,0,0,2391,2391,C
2-PB1,2140,2390,0,0,0,2390,A
2-PB1,2141,0,2393,0,1,2394,T
2-PB1,2142,1,2,2348,0,2351,G
2-PB1,2143,0,0,2442,0,2442,G
2-PB1,2144,0,2436,0,0,2436,T
2-PB1,2145,0,3,2424,0,2427,G
2-PB1,2146,1,1,2421,0,2423,G
2-PB1,2147,2402,0,7,1,2410,A
2-PB1,2148,0,1,2433,0,2434,G
2-PB1,2149,1,0,2433,0,2434,G
2-PB1,2150,1,0,1,2388,2390,C
2-PB1,2151,1,0,0,2384,2385,C
2-PB1,2152,2209,0,0,1,2210,A
2-PB1,2153,0,2202,0,3,2205,T
2-PB1,2154,1,2,2212,0,2215,G
2-PB1,2155,1,0,2237,0,2238,G
2-PB1,2156,0,2170,0,7,2177,T
2-PB1,2157,1,0,2222,0,2223,G
2-PB1,2158,0,2162,0,3,2165,T
2-PB1,2159,2,0,2,2144,2148,C
2-PB1,2160,0,2140,0,3,2143,T
2-PB1,2161,2118,0,0,0,2118,A
2-PB1,2162,1,3,2111,0,2115,G
2-PB1,2163,0,0,2043,0,2043,G
2-PB1,2164,1,3,2037,0,2041,G
2-PB1,2165,0,0,0,1990,1990,C
2-PB1,2166,1,1,1,1853,1856,C
2-PB1,2167,1,4,0,1832,1837,C
2-PB1,2168,1,0,1838,1,1840,G
2-PB1,2169,0,0,1849,0,1849,G
2-PB1,2170,1847,0,1,0,1848,A
2-PB1,2171,0,1841,0,0,1841,T
2-PB1,2172,0,1783,0,0,1783,T
2-PB1,2173,1,1,1755,0,1757,G
2-PB1,2174,1752,0,1,0,1753,A
2-PB1,2175,0,1754,0,1,1755,T
2-PB1,2176,0,0,1751,0,1751,G
2-PB1,2177,0,0,0,1725,1725,C
2-PB1,2178,0,0,0,1716,1716,C
2-PB1,2179,1721,0,1,0,1722,A
2-PB1,2180,0,1,1721,0,1722,G
2-PB1,2181,1712,1,0,0,1713,A
2-PB1,2182,1713,0,1,0,1714,A
2-PB1,2183,0,1719,0,0,1719,T
2-PB1,2184,0,1683,0,1,1684,T
2-PB1,2185,0,0,1674,0,1674,G
2-PB1,2186,1670,0,0,0,1670,A
2-PB1,2187,0,1,0,1671,1672,C
2-PB1,2188,1,1653,0,5,1659,T
2-PB1,2189,0,1642,0,0,1642,T
2-PB1,2190,2,1,0,1629,1632,C
2-PB1,2191,0,0,1636,0,1636,G
2-PB1,2192,1624,1,4,0,1629,A
2-PB1,2193,0,0,1607,0,1607,G
2-PB1,2194,0,1619,0,0,1619,T
2-PB1,2195,1,0,0,1617,1618,C
2-PB1,2196,0,1625,0,2,1627,T
2-PB1,2197,1,0,1617,0,1618,G
2-PB1,2198,0,1,1619,0,1620,G
2-PB1,2199,1622,0,0,0,1622,A
2-PB1,2200,1513,0,0,0,1513,A
2-PB1,2201,1,1,1526,0,1528,G
2-PB1,2202,0,0,1538,0,1538,G
2-PB1,2203,1541,0,0,0,1541,A
2-PB1,2204,0,1531,0,0,1531,T
2-PB1,2205,0,1514,0,29,1543,T
2-PB1,2206,1531,0,0,0,1531,A
2-PB1,2207,1532,0,1,0,1533,A
2-PB1,2208,0,0,1533,0,1533,G
2-PB1,2209,1526,0,3,0,1529,A
2-PB1,2210,1425,0,0,0,1425,A
2-PB1,2211,0,0,1314,1,1315,G
2-PB1,2212,0,1,1311,0,1312,G
2-PB1,2213,1312,1,1,0,1314,A
2-PB1,2214,1310,0,1,0,1311,A
2-PB1,2215,0,0,1311,0,1311,G
2-PB1,2216,1240,0,1,0,1241,A
2-PB1,2217,1,0,1245,0,1246,G
2-PB1,2218,0,1185,0,3,1188,T
2-PB1,2219,0,1181,0,1,1182,T
2-PB1,2220,0,1,0,1192,1193,C
2-PB1,2221,0,1157,0,0,1157,T
2-PB1,2222,2,0,0,1160,1162,C
2-PB1,2223,0,1154,0,1,1155,T
2-PB1,2224,0,0,1158,0,1158,G
2-PB1,2225,1133,1,0,0,1134,A
2-PB1,2226,1,0,1118,0,1119,G
2-PB1,2227,1106,0,1,0,1107,A
2-PB1,2228,0,1083,0,1,1084,T
2-PB1,2229,0,1,0,1029,1030,C
2-PB1,2230,1029,0,0,0,1029,A
2-PB1,2231,1,1021,0,0,1022,T
2-PB1,2232,0,0,1026,0,1026,G
2-PB1,2233,1012,0,0,0,1012,A
2-PB1,2234,0,0,961,0,961,G
2-PB1,2235,2,0,959,0,961,G
2-PB1,2236,967,0,0,0,967,A
2-PB1,2237,0,963,0,0,963,T
2-PB1,2238,0,1,0,939,940,C
2-PB1,2239,0,903,0,0,903,T
2-PB1,2240,1,0,908,0,909,G
2-PB1,2241,0,901,0,2,903,T
2-PB1,2242,0,886,0,2,888,T
2-PB1,2243,0,0,1,880,881,C
2-PB1,2244,1,1,0,840,842,C
2-PB1,2245,839,0,0,0,839,A
2-PB1,2246,1,0,0,836,837,C
2-PB1,2247,0,0,0,782,782,C
2-PB1,2248,760,0,0,0,760,A
2-PB1,2249,0,690,0,0,690,T
2-PB1,2250,0,663,0,0,663,T
2-PB1,2251,0,0,662,0,662,G
2-PB1,2252,650,1,4,0,655,A
2-PB1,2253,655,0,0,0,655,A
2-PB1,2254,0,0,653,0,653,G
2-PB1,2255,558,0,0,0,558,A
2-PB1,2256,558,0,1,0,559,A
2-PB1,2257,0,0,0,550,550,C
2-PB1,2258,0,527,0,0,527,T
2-PB1,2259,2,0,0,527,529,C
2-PB1,2260,504,0,0,0,504,A
2-PB1,2261,0,0,504,0,504,G
2-PB1,2262,498,1,0,0,499,A
2-PB1,2263,0,0,0,487,487,C
2-PB1,2264,1,0,470,0,471,G
2-PB1,2265,0,0,459,0,459,G
2-PB1,2266,0,1,0,456,457,C
2-PB1,2267,459,0,0,0,459,A
2-PB1,2268,457,0,1,0,458,A
2-PB1,2269,455,0,0,0,455,A
2-PB1,2270,457,0,0,0,457,A
2-PB1,2271,457,0,0,0,457,A
2-PB1,2272,0,446,0,0,446,T
2-PB1,2273,424,0,0,0,424,A
2-PB1,2274,427,0,0,0,427,A
3-PA,1,84,0,0,0,84,A
3-PA,2,0,84,0,0,84,T
3-PA,3,0,0,94,0,94,G
3-PA,4,0,0,92,0,92,G
3-PA,5,94,0,0,0,94,A
3-PA,6,92,0,1,0,93,A
3-PA,7,0,0,97,0,97,G
3-PA,8,101,0,0,0,101,A
3-PA,9,0,102,0,0,102,T
3-PA,10,0,101,0,0,101,T
3-PA,11,0,110,0,0,110,T
3-PA,12,0,110,0,0,110,T
3-PA,13,0,0,116,0,116,G
3-PA,14,0,116,0,0,116,T
3-PA,15,0,1,113,0,114,G
3-PA,16,1,0,0,117,118,C
3-PA,17,0,1,118,0,119,G
3-PA,18,127,0,0,0,127,A
3-PA,19,0,0,0,131,131,C
3-PA,20,131,0,0,0,131,A
3-PA,21,133,0,0,0,133,A
3-PA,22,0,136,0,0,136,T
3-PA,23,0,0,172,0,172,G
3-PA,24,0,0,0,177,177,C
3-PA,25,0,178,0,0,178,T
3-PA,26,0,178,0,0,178,T
3-PA,27,0,0,0,179,179,C
3-PA,28,182,0,0,0,182,A
3-PA,29,191,0,0,0,191,A
3-PA,30,0,0,0,200,200,C
3-PA,31,0,0,0,198,198,C
3-PA,32,1,0,0,198,199,C
3-PA,33,0,0,204,0,204,G
3-PA,34,198,0,0,0,198,A
3-PA,35,0,200,0,0,200,T
3-PA,36,0,0,203,0,203,G
3-PA,37,201,0,0,0,201,A
3-PA,38,0,207,0,0,207,T
3-PA,39,0,209,0,0,209,T
3-PA,40,0,0,212,0,212,G
3-PA,41,0,207,0,4,211,T
3-PA,42,0,0,0,211,211,C
3-PA,43,0,0,212,0,212,G
3-PA,44,211,0,0,0,211,A
3-PA,45,212,0,0,0,212,A
3-PA,46,0,0,0,214,214,C
3-PA,47,0,217,0,0,217,T
3-PA,48,0,217,0,0,217,T
3-PA,49,0,0,215,0,215,G
3-PA,50,0,0,0,217,217,C
3-PA,51,216,0,0,0,216,A
3-PA,52,0,0,221,0,221,G
3-PA,53,219,0,1,0,220,A
3-PA,54,219,0,0,0,219,A
3-PA,55,215,0,0,0,215,A
3-PA,56,222,0,0,0,222,A
3-PA,57,227,0,2,0,229,A
3-PA,58,1,0,229,0,230,G
3-PA,59,0,0,0,238,238,C
3-PA,60,237,0,0,0,237,A
3-PA,61,248,1,0,0,249,A
3-PA,62,0,251,0,0,251,T
3-PA,63,0,0,255,0,255,G
3-PA,64,264,0,0,0,264,A
3-PA,65,265,0,0,0,265,A
3-PA,66,268,0,2,0,270,A
3-PA,67,0,0,292,0,292,G
3-PA,68,306,0,1,0,307,A
3-PA,69,0,0,359,0,359,G
3-PA,70,0,357,0,0,357,T
3-PA,71,361,0,0,0,361,A
3-PA,72,0,361,0,0,361,T
3-PA,73,0,1,358,0,359,G
3-PA,74,0,0,366,0,366,G
3-PA,75,0,0,360,0,360,G
3-PA,76,0,0,363,0,363,G
3-PA,77,362,0,0,0,362,A
3-PA,78,0,0,365,0,365,G
3-PA,79,0,1,367,0,368,G
3-PA,80,367,0,0,0,367,A
3-PA,81,0,375,0,0,375,T
3-PA,82,0,0,0,372,372,C
3-PA,83,1,374,0,1,376,T
3-PA,84,0,0,370,0,370,G
3-PA,85,366,0,0,0,366,A
3-PA,86,370,0,0,0,370,A
3-PA,87,374,0,0,0,374,A
3-PA,88,373,0,0,0,373,A
3-PA,89,0,375,0,0,375,T
3-PA,90,0,373,0,0,373,T
3-PA,91,0,0,371,0,371,G
3-PA,92,370,1,0,0,371,A
3-PA,93,374,0,0,0,374,A
3-PA,94,370,0,1,0,371,A
3-PA,95,0,0,0,373,373,C
3-PA,96,1,0,0,369,370,C
3-PA,97,380,0,0,0,380,A
3-PA,98,382,0,1,0,383,A
3-PA,99,0,0,0,385,385,C
3-PA,100,381,0,0,0,381,A
3-PA,101,384,0,0,0,384,A
3-PA,102,388,0,1,0,389,A
3-PA,103,0,386,0,0,386,T
3-PA,104,0,387,0,0,387,T
3-PA,105,0,385,0,1,386,T
3-PA,106,0,0,386,0,386,G
3-PA,107,0,2,0,384,386,C
3-PA,108,387,0,1,0,388,A
3-PA,109,0,0,406,0,406,G
3-PA,110,0,0,0,408,408,C
3-PA,111,440,0,0,0,440,A
3-PA,112,439,0,0,0,439,A
3-PA,113,0,447,0,0,447,T
3-PA,114,455,0,0,0,455,A
3-PA,115,0,459,0,0,459,T
3-PA,116,0,0,468,0,468,G
3-PA,117,0,1,0,464,465,C
3-PA,118,461,0,0,0,461,A
3-PA,119,0,0,0,468,468,C
3-PA,120,0,465,0,0,465,T
3-PA,121,1,0,0,597,598,C
3-PA,122,614,0,0,0,614,A
3-PA,123,0,0,0,629,629,C
3-PA,124,0,623,0,0,623,T
3-PA,125,0,626,0,0,626,T
3-PA,126,0,0,627,0,627,G
3-PA,127,0,0,643,0,643,G
3-PA,128,629,0,0,0,629,A
3-PA,129,1,0,637,0,638,G
3-PA,130,0,0,639,0,639,G
3-PA,131,0,606,0,1,607,T
3-PA,132,0,1,617,0,618,G
3-PA,133,0,621,0,0,621,T
3-PA,134,0,0,615,0,615,G
3-PA,135,0,0,1,614,615,C
3-PA,136,0,631,0,0,631,T
3-PA,137,0,631,0,1,632,T
3-PA,138,0,0,0,639,639,C
3-PA,139,642,0,1,0,643,A
3-PA,140,0,642,0,0,642,T
3-PA,141,0,0,650,0,650,G
3-PA,142,0,653,0,0,653,T
3-PA,143,651,0,0,0,651,A
3-PA,144,0,648,0,0,648,T
3-PA,145,0,649,0,1,650,T
3-PA,146,0,0,0,649,649,C
3-PA,147,646,0,0,0,646,A
3-PA,148,0,0,651,0,651,G
3-PA,149,648,0,0,0,648,A
3-PA,150,0,651,0,0,651,T
3-PA,151,0,648,0,1,649,T
3-PA,152,0,646,0,0,646,T
3-PA,153,1,0,0,651,652,C
3-PA,154,0,0,0,661,661,C
3-PA,155,663,0,0,0,663,A
3-PA,156,0,661,0,0,661,T
3-PA,157,0,656,0,0,656,T
3-PA,158,0,657,0,1,658,T
3-PA,159,0,0,0,660,660,C
3-PA,160,662,0,1,0,663,A
3-PA,161,0,688,0,0,688,T
3-PA,162,1,0,0,688,689,C
3-PA,163,686,0,0,0,686,A
3-PA,164,693,0,0,0,693,A
3-PA,165,0,691,0,0,691,T
3-PA,166,0,3,719,0,722,G
3-PA,167,728,0,0,0,728,A
3-PA,168,725,0,3,0,728,A
3-PA,169,0,1,0,720,721,C
3-PA,170,718,0,1,0,719,A
3-PA,171,725,0,3,0,728,A
3-PA,172,0,0,730,0,730,G
3-PA,173,0,0,726,0,726,G
3-PA,174,0,0,0,729,729,C
3-PA,175,0,0,716,0,716,G
3-PA,176,763,0,1,0,764,A
3-PA,177,765,0,1,0,766,A
3-PA,178,0,764,0,0,764,T
3-PA,179,0,1,0,788,789,C
3-PA,180,787,0,0,0,787,A
3-PA,181,794,0,0,0,794,A
3-PA,182,0,796,0,1,797,T
3-PA,183,794,0,0,0,794,A
3-PA,184,0,0,814,0,814,G
3-PA,185,1,794,0,1,796,T
3-PA,186,0,0,804,0,804,G
3-PA,187,0,0,808,0,808,G
3-PA,188,0,802,0,0,802,T
3-PA,189,798,0,0,0,798,A
3-PA,190,0,1,814,0,815,G
3-PA,191,807,0,0,0,807,A
3-PA,192,815,0,0,0,815,A
3-PA,193,0,0,0,813,813,C
3-PA,194,0,802,0,0,802,T
3-PA,195,0,799,0,0,799,T
3-PA,196,0,0,804,0,804,G
3-PA,197,793,0,5,0,798,A
3-PA,198,0,1,0,803,804,C
3-PA,199,0,1,795,0,796,G
3-PA,200,817,0,0,0,817,A
3-PA,201,0,823,0,0,823,T
3-PA,202,1,0,1,831,833,C
3-PA,203,0,0,0,838,838,C
3-PA,204,839,0,0,0,839,A
3-PA,205,840,0,0,0,840,A
3-PA,206,838,0,0,0,838,A
3-PA,207,0,841,0,0,841,T
3-PA,208,0,0,845,0,845,G
3-PA,209,0,1,0,828,829,C
3-PA,210,826,0,0,0,826,A
3-PA,211,0,1,0,853,854,C
3-PA,212,0,843,0,0,843,T
3-PA,213,0,1,962,0,963,G
3-PA,214,0,962,0,0,962,T
3-PA,215,0,965,0,0,965,T
3-PA,216,964,0,0,0,964,A
3-PA,217,965,0,1,0,966,A
3-PA,218,961,0,1,0,962,A
3-PA,219,0,0,967,0,967,G
3-PA,220,0,1,0,948,949,C
3-PA,221,940,0,1,0,941,A
3-PA,222,0,0,0,941,941,C
3-PA,223,864,0,1,1,866,A
3-PA,224,0,0,896,0,896,G
3-PA,225,893,0,0,0,893,A
3-PA,226,0,889,0,0,889,T
3-PA,227,0,890,0,0,890,T
3-PA,228,0,888,0,0,888,T
3-PA,229,0,2,888,0,890,G
3-PA,230,896,0,2,0,898,A
3-PA,231,897,0,0,0,897,A
3-PA,232,900,0,2,0,902,A
3-PA,233,0,876,0,0,876,T
3-PA,234,875,0,0,0,875,A
3-PA,235,879,0,0,0,879,A
3-PA,236,0,878,0,0,878,T
3-PA,237,0,1,0,878,879,C
3-PA,238,1,0,880,0,881,G
3-PA,239,867,0,0,0,867,A
3-PA,240,0,2,878,0,880,G
3-PA,241,0,2,899,0,901,G
3-PA,242,0,0,901,0,901,G
3-PA,243,0,0,905,0,905,G
3-PA,244,884,2,0,0,886,A
3-PA,245,0,0,896,0,896,G
3-PA,246,908,0,1,0,909,A
3-PA,247,0,1,923,0,924,G
3-PA,248,923,0,2,0,925,A
3-PA,249,0,0,0,929,929,C
3-PA,250,922,0,1,0,923,A
3-PA,251,0,0,944,0,944,G
3-PA,252,947,0,0,0,947,A
3-PA,253,964,0,0,0,964,A
3-PA,254,0,0,0,961,961,C
3-PA,255,933,0,1,0,934,A
3-PA,256,927,0,0,0,927,A
3-PA,257,0,928,0,0,928,T
3-PA,258,0,1,960,0,961,G
3-PA,259,1,0,962,0,963,G
3-PA,260,0,0,0,953,953,C
3-PA,261,0,0,0,956,956,C
3-PA,262,0,945,0,0,945,T
3-PA,263,0,0,971,0,971,G
3-PA,264,0,0,968,0,968,G
3-PA,265,967,0,3,0,970,A
3-PA,266,0,4,0,976,980,C
3-PA,267,928,0,2,0,930,A
3-PA,268,0,0,1073,0,1073,G
3-PA,269,0,1077,0,0,1077,T
3-PA,270,1088,0,0,0,1088,A
3-PA,271,0,0,1084,0,1084,G
3-PA,272,0,1052,0,0,1052,T
3-PA,273,1057,0,0,0,1057,A
3-PA,274,1057,0,0,0,1057,A
3-PA,275,1055,0,0,0,1055,A
3-PA,276,0,0,0,1073,1073,C
3-PA,277,971,0,0,0,971,A
3-PA,278,0,0,999,0,999,G
3-PA,279,0,982,0,0,982,T
3-PA,280,1006,0,0,0,1006,A
3-PA,281,0,999,0,0,999,T
3-PA,282,0,0,0,1021,1021,C
3-PA,283,1,1018,0,1,1020,T
3-PA,284,0,1,1022,0,1023,G
3-PA,285,1,0,0,1014,1015,C
3-PA,286,1008,0,0,0,1008,A
3-PA,287,1005,0,1,0,1006,A
3-PA,288,0,0,0,1006,1006,C
3-PA,289,1004,0,0,0,1004,A
3-PA,290,0,0,0,1049,1049,C
3-PA,291,0,1034,0,1,1035,T
3-PA,292,1034,0,0,0,1034,A
3-PA,293,0,1,0,1034,1035,C
3-PA,294,0,1033,0,1,1034,T
3-PA,295,0,0,1027,0,1027,G
3-PA,296,0,1,1018,0,1019,G
3-PA,297,1012,0,0,0,1012,A
3-PA,298,0,0,1019,0,1019,G
3-PA,299,0,0,0,989,989,C
3-PA,300,0,993,0,3,996,T
3-PA,301,0,1,989,0,990,G
3-PA,302,0,1,986,0,987,G
3-PA,303,985,1,1,0,987,A
3-PA,304,987,0,1,0,988,A
3-PA,305,985,0,1,0,986,A
3-PA,306,988,2,1,0,991,A
3-PA,307,0,0,0,984,984,C
3-PA,308,0,0,0,988,988,C
3-PA,309,1,1,989,0,991,G
3-PA,310,983,0,0,0,983,A
3-PA,311,987,0,0,0,987,A
3-PA,312,0,0,1001,0,1001,G
3-PA,313,0,999,0,2,1001,T
3-PA,314,0,998,0,2,1000,T
3-PA,315,0,1000,0,1,1001,T
3-PA,316,0,0,1,1005,1006,C
3-PA,317,1,1002,0,0,1003,T
3-PA,318,1008,0,0,0,1008,A
3-PA,319,0,0,0,1004,1004,C
3-PA,320,1,0,1,1002,1004,C
3-PA,321,999,0,0,0,999,A
3-PA,322,0,0,1019,0,1019,G
3-PA,323,1019,0,0,0,1019,A
3-PA,324,0,1014,1,0,1015,T
3-PA,325,0,1020,0,1,1021,T
3-PA,326,0,1022,0,0,1022,T
3-PA,327,0,0,1024,0,1024,G
3-PA,328,0,1022,0,0,1022,T
3-PA,329,1020,0,2,1,1023,A
3-PA,330,0,1025,0,0,1025,T
3-PA,331,0,0,1007,0,1007,G
3-PA,332,1056,0,0,0,1056,A
3-PA,333,0,1053,0,0,1053,T
3-PA,334,0,1059,0,0,1059,T
3-PA,335,1064,0,1,0,1065,A
3-PA,336,0,0,0,1062,1062,C
3-PA,337,1064,0,0,0,1064,A
3-PA,338,1066,0,1,0,1067,A
3-PA,339,3,0,1069,0,1072,G
3-PA,340,0,0,1085,0,1085,G
3-PA,341,1030,0,4,0,1034,A
3-PA,342,0,3,1039,0,1042,G
3-PA,343,1039,0,1,0,1040,A
3-PA,344,1042,0,1,0,1043,A
3-PA,345,0,0,0,1045,1045,C
3-PA,346,1032,0,1,0,1033,A
3-PA,347,0,0,1039,0,1039,G
3-PA,348,1029,0,0,0,1029,A
3-PA,349,0,1018,0,0,1018,T
3-PA,350,0,1009,0,0,1009,T
3-PA,351,0,0,0,988,988,C
3-PA,352,992,0,1,0,993,A
3-PA,353,0,982,0,0,982,T
3-PA,354,0,0,0,989,989,C
3-PA,355,0,2,983,0,985,G
3-PA,356,997,1,0,0,998,A
3-PA,357,997,0,0,0,997,A
3-PA,358,995,0,1,0,996,A
3-PA,359,0,990,0,0,990,T
3-PA,360,0,993,0,0,993,T
3-PA,361,0,0,996,0,996,G
3-PA,362,0,1,991,0,992,G
3-PA,363,977,0,1,0,978,A
3-PA,364,0,0,988,0,988,G
3-PA,365,0,979,0,1,980,T
3-PA,366,1,0,1013,0,1014,G
3-PA,367,1021,0,0,0,1021,A
3-PA,368,0,0,0,1027,1027,C
3-PA,369,1038,0,0,0,1038,A
3-PA,370,1037,0,0,0,1037,A
3-PA,371,1,0,1051,0,1052,G
3-PA,372,0,1,1055,1,1057,G
3-PA,373,1039,1,1,0,1041,A
3-PA,374,0,3,1049,0,1052,G
3-PA,375,1014,0,3,0,1017,A
3-PA,376,0,0,1025,0,1025,G
3-PA,377,1010,0,0,0,1010,A
3-PA,378,1014,1,3,0,1018,A
3-PA,379,0,0,1047,0,1047,G
3-PA,380,1,1015,0,0,1016,T
3-PA,381,1,0,0,1026,1027,C
3-PA,382,1,0,0,1025,1026,C
3-PA,383,1033,0,1,1,1035,A
3-PA,384,0,0,0,1056,1056,C
3-PA,385,1072,0,0,0,1072,A
3-PA,386,0,1090,0,0,1090,T
3-PA,387,1106,0,0,0,1106,A
3-PA,388,0,1053,0,0,1053,T
3-PA,389,1042,0,0,0,1042,A
3-PA,390,0,1029,0,0,1029,T
3-PA,391,0,1030,0,0,1030,T
3-PA,392,1050,0,0,0,1050,A
3-PA,393,0,0,0,1043,1043,C
3-PA,394,1,0,0,994,995,C
3-PA,395,0,973,0,2,975,T
3-PA,396,0,961,0,1,962,T
3-PA,397,1,2,969,0,972,G
3-PA,398,973,0,2,0,975,A
3-PA,399,974,0,0,0,974,A
3-PA,400,973,0,0,0,973,A
3-PA,401,938,0,1,0,939,A
3-PA,402,4,0,942,0,946,G
3-PA,403,0,0,951,0,951,G
3-PA,404,0,1,0,946,947,C
3-PA,405,0,0,0,952,952,C
3-PA,406,953,0,1,0,954,A
3-PA,407,955,0,1,0,956,A
3-PA,408,0,958,0,0,958,T
3-PA,409,959,0,0,0,959,A
3-PA,410,957,0,0,0,957,A
3-PA,411,1,0,975,0,976,G
3-PA,412,969,0,0,0,969,A
3-PA,413,0,968,0,0,968,T
3-PA,414,0,969,0,0,969,T
3-PA,415,972,0,0,0,972,A
3-PA,416,971,0,0,0,971,A
3-PA,417,972,0,0,0,972,A
3-PA,418,0,980,1,0,981,T
3-PA,419,0,0,0,982,982,C
3-PA,420,0,953,0,0,953,T
3-PA,421,0,0,957,0,957,G
3-PA,422,955,0,0,0,955,A
3-PA,423,0,1,965,0,966,G
3-PA,424,960,0,1,0,961,A
3-PA,425,964,0,0,0,964,A
3-PA,426,0,0,0,969,969,C
3-PA,427,965,0,0,0,965,A
3-PA,428,0,0,0,970,970,C
3-PA,429,968,0,2,0,970,A
3-PA,430,0,0,0,981,981,C
3-PA,431,969,0,2,0,971,A
3-PA,432,0,0,0,995,995,C
3-PA,433,990,0,0,0,990,A
3-PA,434,0,989,0,0,989,T
3-PA,435,0,983,0,0,983,T
3-PA,436,0,0,0,986,986,C
3-PA,437,983,0,1,0,984,A
3-PA,438,0,0,0,995,995,C
3-PA,439,979,1,1,0,981,A
3-PA,440,0,981,0,0,981,T
3-PA,441,0,938,0,1,939,T
3-PA,442,0,949,0,0,949,T
3-PA,443,0,950,0,0,950,T
3-PA,444,0,0,0,962,962,C
3-PA,445,0,951,1,1,953,T
3-PA,446,2,1,0,954,957,C
3-PA,447,954,0,1,1,956,A
3-PA,448,0,954,0,1,955,T
3-PA,449,0,962,0,0,962,T
3-PA,450,4,0,0,970,974,C
3-PA,451,959,0,0,1,960,A
3-PA,452,0,0,0,968,968,C
3-PA,453,0,958,0,0,958,T
3-PA,454,0,2,982,0,984,G
3-PA,455,0,0,971,0,971,G
3-PA,456,1,1,978,0,980,G
3-PA,457,0,1,989,0,990,G
3-PA,458,973,0,1,0,974,A
3-PA,459,0,0,979,0,979,G
3-PA,460,0,0,980,0,980,G
3-PA,461,981,0,0,0,981,A
3-PA,462,971,0,0,0,971,A
3-PA,463,966,0,1,0,967,A
3-PA,464,0,958,0,0,958,T
3-PA,465,0,1,950,0,951,G
3-PA,466,0,0,955,0,955,G
3-PA,467,0,0,0,958,958,C
3-PA,468,0,0,0,949,949,C
3-PA,469,951,1,1,0,953,A
3-PA,470,0,0,0,956,956,C
3-PA,471,951,0,0,0,951,A
3-PA,472,960,0,0,0,960,A
3-PA,473,966,0,0,0,966,A
3-PA,474,0,0,973,0,973,G
3-PA,475,0,0,967,0,967,G
3-PA,476,0,1,0,974,975,C
3-PA,477,973,0,1,0,974,A
3-PA,478,0,2,981,0,983,G
3-PA,479,985,0,1,0,986,A
3-PA,480,0,0,0,988,988,C
3-PA,481,0,990,0,1,991,T
3-PA,482,991,0,1,0,992,A
3-PA,483,0,0,0,989,989,C
3-PA,484,979,0,0,0,979,A
3-PA,485,0,0,0,990,990,C
3-PA,486,0,940,0,0,940,T
3-PA,487,0,0,0,963,963,C
3-PA,488,0,940,0,3,943,T
3-PA,489,0,0,0,939,939,C
3-PA,490,0,1,949,0,950,G
3-PA,491,945,0,0,0,945,A
3-PA,492,0,1,0,938,939,C
3-PA,493,0,1,950,0,951,G
3-PA,494,946,0,0,0,946,A
3-PA,495,0,1,951,0,952,G
3-PA,496,0,0,952,0,952,G
3-PA,497,948,0,0,0,948,A
3-PA,498,943,2,0,0,945,A
3-PA,499,945,0,3,0,948,A
3-PA,500,0,0,940,0,940,G
3-PA,501,0,0,0,940,940,C
3-PA,502,912,0,1,0,913,A
3-PA,503,0,0,933,0,933,G
3-PA,504,0,0,928,0,928,G
3-PA,505,1,0,930,0,931,G
3-PA,506,0,0,0,918,918,C
3-PA,507,0,907,0,1,908,T
3-PA,508,907,0,0,0,907,A
3-PA,509,0,0,922,0,922,G
3-PA,510,0,0,969,0,969,G
3-PA,511,971,0,0,0,971,A
3-PA,512,1,949,0,1,951,T
3-PA,513,1,929,0,0,930,T
3-PA,514,936,0,1,0,937,A
3-PA,515,946,0,0,0,946,A
3-PA,516,0,2,949,0,951,G
3-PA,517,944,0,1,0,945,A
3-PA,518,0,0,0,944,944,C
3-PA,519,0,0,0,822,822,C
3-PA,520,816,0,0,0,816,A
3-PA,521,0,0,827,0,827,G
3-PA,522,0,0,826,0,826,G
3-PA,523,0,0,0,830,830,C
3-PA,524,0,805,1,0,806,T
3-PA,525,0,0,829,0,829,G
3-PA,526,0,828,0,0,828,T
3-PA,527,0,825,0,1,826,T
3-PA,528,0,827,0,1,828,T
3-PA,529,827,0,0,0,827,A
3-PA,530,1,0,0,837,838,C
3-PA,531,0,1,0,827,828,C
3-PA,532,819,0,0,0,819,A
3-PA,533,0,827,0,0,827,T
3-PA,534,766,0,0,0,766,A
3-PA,535,765,0,1,0,766,A
3-PA,536,0,1,769,0,770,G
3-PA,537,773,0,0,0,773,A
3-PA,538,1,0,0,771,772,C
3-PA,539,749,0,0,0,749,A
3-PA,540,741,0,1,0,742,A
3-PA,541,1,0,753,0,754,G
3-PA,542,748,0,0,0,748,A
3-PA,543,745,0,0,0,745,A
3-PA,544,735,0,0,0,735,A
3-PA,545,1,714,0,1,716,T
3-PA,546,1,0,739,0,740,G
3-PA,547,1,0,732,0,733,G
3-PA,548,0,1,0,728,729,C
3-PA,549,0,0,0,735,735,C
3-PA,550,720,0,1,0,721,A
3-PA,551,748,0,0,0,748,A
3-PA,552,0,0,0,741,741,C
3-PA,553,741,0,0,0,741,A
3-PA,554,0,0,740,0,740,G
3-PA,555,712,0,0,0,712,A
3-PA,556,0,0,712,0,712,G
3-PA,557,1,0,712,0,713,G
3-PA,558,0,0,0,723,723,C
3-PA,559,1,0,0,723,724,C
3-PA,560,0,694,0,1,695,T
3-PA,561,1,0,0,710,711,C
3-PA,562,0,709,0,0,709,T
3-PA,563,0,0,714,0,714,G
3-PA,564,0,1,710,0,711,G
3-PA,565,0,1,700,0,701,G
3-PA,566,694,0,0,0,694,A
3-PA,567,0,662,0,0,662,T
3-PA,568,0,649,0,0,649,T
3-PA,569,1,0,0,749,750,C
3-PA,570,0,0,0,738,738,C
3-PA,571,0,709,0,1,710,T
3-PA,572,0,708,0,1,709,T
3-PA,573,0,713,0,0,713,T
3-PA,574,0,1,0,724,725,C
3-PA,575,0,0,725,0,725,G
3-PA,576,0,724,0,0,724,T
3-PA,577,0,0,0,722,722,C
3-PA,578,698,0,0,0,698,A
3-PA,579,0,0,848,0,848,G
3-PA,580,1,852,0,0,853,T
3-PA,581,0,1,0,855,856,C
3-PA,582,0,0,0,865,865,C
3-PA,583,1,1,867,0,869,G
3-PA,584,867,0,0,0,867,A
3-PA,585,869,0,0,0,869,A
3-PA,586,870,0,1,0,871,A
3-PA,587,0,0,912,0,912,G
3-PA,588,866,0,1,1,868,A
3-PA,589,0,0,887,0,887,G
3-PA,590,0,0,895,0,895,G
3-PA,591,0,0,0,893,893,C
3-PA,592,1,0,897,0,898,G
3-PA,593,901,0,0,0,901,A
3-PA,594,903,0,0,0,903,A
3-PA,595,0,1,907,0,908,G
3-PA,596,915,0,0,0,915,A
3-PA,597,911,0,2,0,913,A
3-PA,598,913,0,0,0,913,A
3-PA,599,0,0,0,922,922,C
3-PA,600,914,0,0,2,916,A
3-PA,601,916,0,0,0,916,A
3-PA,602,0,909,1,1,911,T
3-PA,603,0,916,0,0,916,T
3-PA,604,1,1,913,0,915,G
3-PA,605,903,0,1,0,904,A
3-PA,606,902,0,2,0,904,A
3-PA,607,0,0,914,0,914,G
3-PA,608,906,0,0,1,907,A
3-PA,609,908,0,0,0,908,A
3-PA,610,902,0,1,0,903,A
3-PA,611,911,0,0,0,911,A
3-PA,612,914,0,0,0,914,A
3-PA,613,0,919,0,0,919,T
3-PA,614,0,924,0,0,924,T
3-PA,615,0,925,0,2,927,T
3-PA,616,0,0,924,1,925,G
3-PA,617,923,0,1,0,924,A
3-PA,618,929,0,0,0,929,A
3-PA,619,926,0,0,0,926,A
3-PA,620,2,940,0,0,942,T
3-PA,621,1,0,0,1057,1058,C
3-PA,622,1051,0,0,0,1051,A
3-PA,623,0,0,0,1070,1070,C
3-PA,624,1061,1,1,0,1063,A
3-PA,625,0,0,1101,0,1101,G
3-PA,626,0,1,1149,0,1150,G
3-PA,627,1179,0,0,1,1180,A
3-PA,628,1193,0,1,0,1194,A
3-PA,629,0,1,0,1215,1216,C
3-PA,630,0,1172,0,1,1173,T
3-PA,631,1307,0,0,0,1307,A
3-PA,632,0,1321,0,1,1322,T
3-PA,633,0,0,1392,0,1392,G
3-PA,634,0,1,0,1378,1379,C
3-PA,635,0,1,1367,0,1368,G
3-PA,636,0,1361,0,1,1362,T
3-PA,637,1354,0,1,0,1355,A
3-PA,638,0,0,1371,0,1371,G
3-PA,639,0,0,1364,1,1365,G
3-PA,640,0,1,0,1342,1343,C
3-PA,641,0,1325,0,0,1325,T
3-PA,642,0,1308,0,1,1309,T
3-PA,643,1,1,1304,0,1306,G
3-PA,644,1,1,0,1305,1307,C
3-PA,645,0,0,0,1305,1305,C
3-PA,646,0,1,1320,0,1321,G
3-PA,647,1330,0,0,0,1330,A
3-PA,648,0,0,0,1335,1335,C
3-PA,649,1,1,0,1337,1339,C
3-PA,650,1340,0,1,0,1341,A
3-PA,651,1340,0,1,0,1341,A
3-PA,652,1339,0,1,0,1340,A
3-PA,653,2,0,1369,0,1371,G
3-PA,654,2,1363,1,1,1367,T
3-PA,655,2,0,0,1366,1368,C
3-PA,656,0,1349,0,2,1351,T
3-PA,657,2,1,0,1355,1358,C
3-PA,658,0,0,0,1366,1366,C
3-PA,659,3,0,0,1377,1380,C
3-PA,660,1385,0,1,0,1386,A
3-PA,661,1,0,0,1390,1391,C
3-PA,662,2,0,0,1375,1377,C
3-PA,663,0,0,1388,0,1388,G
3-PA,664,1401,0,0,0,1401,A
3-PA,665,1412,0,0,0,1412,A
3-PA,666,0,0,0,1434,1434,C
3-PA,667,0,1411,0,1,1412,T
3-PA,668,0,1430,0,0,1430,T
3-PA,669,0,0,0,1459,1459,C
3-PA,670,0,1430,0,1,1431,T
3-PA,671,1,0,0,1453,1454,C
3-PA,672,1,1,0,1448,1450,C
3-PA,673,0,1443,0,1,1444,T
3-PA,674,0,0,1463,0,1463,G
3-PA,675,0,1,0,1458,1459,C
3-PA,676,0,0,0,1466,1466,C
3-PA,677,0,1455,0,0,1455,T
3-PA,678,0,1430,0,1,1431,T
3-PA,679,0,2,1432,0,1434,G
3-PA,680,1437,0,1,0,1438,A
3-PA,681,0,0,1468,0,1468,G
3-PA,682,1474,0,5,0,1479,A
3-PA,683,1494,0,1,0,1495,A
3-PA,684,0,1527,0,0,1527,T
3-PA,685,0,1531,0,0,1531,T
3-PA,686,0,1531,0,0,1531,T
3-PA,687,0,1540,0,0,1540,T
3-PA,688,1533,0,0,0,1533,A
3-PA,689,2,1,1521,0,1524,G
3-PA,690,1507,2,4,0,1513,A
3-PA,691,1,0,1578,0,1579,G
3-PA,692,1,0,0,1566,1567,C
3-PA,693,0,0,0,1566,1566,C
3-PA,694,0,1613,0,2,1615,T
3-PA,695,1695,1,1,0,1697,A
3-PA,696,0,1704,0,1,1705,T
3-PA,697,0,0,1723,0,1723,G
3-PA,698,0,1716,0,1,1717,T
3-PA,699,1,4,1710,0,1715,G
3-PA,700,0,0,1683,0,1683,G
3-PA,701,1673,0,2,0,1675,A
3-PA,702,0,1653,0,2,1655,T
3-PA,703,2,0,1628,0,1630,G
3-PA,704,0,1,1674,0,1675,G
3-PA,705,1675,0,2,0,1677,A
3-PA,706,0,1671,0,0,1671,T
3-PA,707,0,1665,0,1,1666,T
3-PA,708,0,0,0,1663,1663,C
3-PA,709,1,2,1667,0,1670,G
3-PA,710,1677,0,1,0,1678,A
3-PA,711,1677,0,0,0,1677,A
3-PA,712,0,1,0,1690,1691,C
3-PA,713,1,2,0,1623,1626,C
3-PA,714,0,1,1630,0,1631,G
3-PA,715,1629,0,0,0,1629,A
3-PA,716,1633,0,0,0,1633,A
3-PA,717,0,2,0,1660,1662,C
3-PA,718,0,0,1646,0,1646,G
3-PA,719,0,1,1725,0,1726,G
3-PA,720,0,0,0,1726,1726,C
3-PA,721,0,1727,0,2,1729,T
3-PA,722,0,0,1799,0,1799,G
3-PA,723,0,1,0,1797,1798,C
3-PA,724,1820,0,0,0,1820,A
3-PA,725,0,1815,0,0,1815,T
3-PA,726,0,1805,0,0,1805,T
3-PA,727,0,1,1796,0,1797,G
3-PA,728,1742,1,1,0,1744,A
3-PA,729,1,2,1788,0,1791,G
3-PA,730,0,0,1774,1,1775,G
3-PA,731,2,0,1764,0,1766,G
3-PA,732,0,1,0,1767,1768,C
3-PA,733,1758,0,0,0,1758,A
3-PA,734,1767,0,2,0,1769,A
3-PA,735,0,1,1775,0,1776,G
3-PA,736,0,1,0,1777,1778,C
3-PA,737,0,1780,1,1,1782,T
3-PA,738,0,1767,1,0,1768,T
3-PA,739,0,1779,0,2,1781,T
3-PA,740,0,1,0,1785,1786,C
3-PA,741,0,1776,0,0,1776,T
3-PA,742,2,0,0,1791,1793,C
3-PA,743,1792,0,0,0,1792,A
3-PA,744,1794,0,1,0,1795,A
3-PA,745,1794,0,0,0,1794,A
3-PA,746,0,1787,0,0,1787,T
3-PA,747,0,0,1866,0,1866,G
3-PA,748,0,1848,0,3,1851,T
3-PA,749,0,0,0,1865,1865,C
3-PA,750,3,0,0,1872,1875,C
3-PA,751,1877,0,0,0,1877,A
3-PA,752,1882,0,0,0,1882,A
3-PA,753,1875,0,0,0,1875,A
3-PA,754,0,2,1925,0,1927,G
3-PA,755,1906,0,1,2,1909,A
3-PA,756,1852,0,2,0,1854,A
3-PA,757,1,0,1869,1,1871,G
3-PA,758,2,1839,0,2,1843,T
3-PA,759,0,1,1848,0,1849,G
3-PA,760,1832,1,6,0,1839,A
3-PA,761,1838,0,0,1,1839,A
3-PA,762,1,1848,0,1,1850,T
3-PA,763,1,0,1842,1,1844,G
3-PA,764,1,0,0,1841,1842,C
3-PA,765,2,1,0,1838,1841,C
3-PA,766,3,1,0,1839,1843,C
3-PA,767,1869,1,0,0,1870,A
3-PA,768,1890,0,0,0,1890,A
3-PA,769,1909,0,0,0,1909,A
3-PA,770,0,1909,0,0,1909,T
3-PA,771,1,1900,1,0,1902,T
3-PA,772,0,3,1903,0,1906,G
3-PA,773,1895,0,2,0,1897,A
3-PA,774,1898,0,3,0,1901,A
3-PA,775,0,0,0,1901,1901,C
3-PA,776,3,0,1,1901,1905,C
3-PA,777,0,1870,0,2,1872,T
3-PA,778,0,1932,0,1,1933,T
3-PA,779,0,1940,0,0,1940,T
3-PA,780,1,1978,0,0,1979,T
3-PA,781,1,1,0,1988,1990,C
3-PA,782,0,1989,0,1,1990,T
3-PA,783,0,0,1997,0,1997,G
3-PA,784,1991,0,1,0,1992,A
3-PA,785,2016,0,2,1,2019,A
3-PA,786,0,1,2031,0,2032,G
3-PA,787,2005,0,0,0,2005,A
3-PA,788,0,1,0,2003,2004,C
3-PA,789,1979,1,0,0,1980,A
3-PA,790,1998,0,2,0,2000,A
3-PA,791,0,0,0,2296,2296,C
3-PA,792,2310,1,2,0,2313,A
3-PA,793,0,0,0,2311,2311,C
3-PA,794,1,0,0,2291,2292,C
3-PA,795,2288,1,0,0,2289,A
3-PA,796,2284,0,2,0,2286,A
3-PA,797,0,2,2294,0,2296,G
3-PA,798,2287,0,2,1,2290,A
3-PA,799,1,1,0,2293,2295,C
3-PA,800,2,0,0,2079,2081,C
3-PA,801,2085,0,1,0,2086,A
3-PA,802,2081,0,1,0,2082,A
3-PA,803,0,2070,0,0,2070,T
3-PA,804,2,0,0,2084,2086,C
3-PA,805,2070,0,0,0,2070,A
3-PA,806,2061,0,0,0,2061,A
3-PA,807,2062,0,0,0,2062,A
3-PA,808,0,0,0,2091,2091,C
3-PA,809,0,2070,1,1,2072,T
3-PA,810,0,2071,0,0,2071,T
3-PA,811,0,1,0,2086,2087,C
3-PA,812,0,0,0,2086,2086,C
3-PA,813,1,2,2102,0,2105,G
3-PA,814,2100,0,0,0,2100,A
3-PA,815,2108,0,0,0,2108,A
3-PA,816,0,2109,1,1,2111,T
3-PA,817,2,2,2072,0,2076,G
3-PA,818,0,1,2076,0,2077,G
3-PA,819,2083,0,2,0,2085,A
3-PA,820,1,0,0,2097,2098,C
3-PA,821,3,1,1,2093,2098,C
3-PA,822,0,2135,1,1,2137,T
3-PA,823,1,0,0,2208,2209,C
3-PA,824,1,1,0,2224,2226,C
3-PA,825,1,2212,0,0,2213,T
3-PA,826,0,2220,1,0,2221,T
3-PA,827,1,0,2348,0,2349,G
3-PA,828,0,2318,0,0,2318,T
3-PA,829,0,2310,0,0,2310,T
3-PA,830,2306,2,0,0,2308,A
3-PA,831,0,2220,0,1,2221,T
3-PA,832,1,0,0,2202,2203,C
3-PA,833,2135,0,3,0,2138,A
3-PA,834,0,0,2137,0,2137,G
3-PA,835,0,1,0,2129,2130,C
3-PA,836,0,0,2066,0,2066,G
3-PA,837,0,0,2124,0,2124,G
3-PA,838,1,2124,2,3,2130,T
3-PA,839,0,0,0,2119,2119,C
3-PA,840,2,0,0,2124,2126,C
3-PA,841,2140,0,0,0,2140,A
3-PA,842,2143,0,0,0,2143,A
3-PA,843,2145,0,1,2,2148,A
3-PA,844,0,2144,1,2,2147,T
3-PA,845,1,2142,0,0,2143,T
3-PA,846,3,0,0,2113,2116,C
3-PA,847,1,1,1,2092,2095,C
3-PA,848,0,2076,0,4,2080,T
3-PA,849,1,0,0,2096,2097,C
3-PA,850,2,0,1,2095,2098,C
3-PA,851,2,2084,0,3,2089,T
3-PA,852,0,1,2097,0,2098,G
3-PA,853,2091,0,2,0,2093,A
3-PA,854,1,2084,0,0,2085,T
3-PA,855,1,1,2070,0,2072,G
3-PA,856,0,1,2045,0,2046,G
3-PA,857,2029,1,6,0,2036,A
3-PA,858,0,2014,0,1,2015,T
3-PA,859,0,0,2033,0,2033,G
3-PA,860,0,0,1,2148,2149,C
3-PA,861,0,2139,0,0,2139,T
3-PA,862,1,2132,0,5,2138,T
3-PA,863,0,2148,0,0,2148,T
3-PA,864,2146,0,1,0,2147,A
3-PA,865,2148,0,1,0,2149,A
3-PA,866,2151,0,0,0,2151,A
3-PA,867,2156,0,0,0,2156,A
3-PA,868,0,2161,0,0,2161,T
3-PA,869,1,1994,0,0,1995,T
3-PA,870,0,3,1987,0,1990,G
3-PA,871,1963,0,16,0,1979,A
3-PA,872,0,0,2000,0,2000,G
3-PA,873,1,3,0,2005,2009,C
3-PA,874,2009,0,0,0,2009,A
3-PA,875,0,2063,0,0,2063,T
3-PA,876,0,2051,0,1,2052,T
3-PA,877,0,1,2042,0,2043,G
3-PA,878,2055,0,1,0,2056,A
3-PA,879,2041,0,6,0,2047,A
3-PA,880,0,2,2041,1,2044,G
3-PA,881,2002,0,5,0,2007,A
3-PA,882,1,0,0,2017,2018,C
3-PA,883,2,0,0,1999,2001,C
3-PA,884,3,1,0,1954,1958,C
3-PA,885,1945,1,2,0,1948,A
3-PA,886,1954,2,0,0,1956,A
3-PA,887,0,0,1973,0,1973,G
3-PA,888,0,1981,0,0,1981,T
3-PA,889,3,0,0,1982,1985,C
3-PA,890,1986,1,0,0,1987,A
3-PA,891,1,0,0,1996,1997,C
3-PA,892,2,0,2004,0,2006,G
3-PA,893,2038,0,0,0,2038,A
3-PA,894,2039,0,2,0,2041,A
3-PA,895,1,0,2103,0,2104,G
3-PA,896,1,0,2108,0,2109,G
3-PA,897,2084,0,3,0,2087,A
3-PA,898,0,2,2111,0,2113,G
3-PA,899,2110,0,1,0,2111,A
3-PA,900,2099,0,5,0,2104,A
3-PA,901,1,2,2102,0,2105,G
3-PA,902,2,1,2072,0,2075,G
3-PA,903,1,1,2087,0,2089,G
3-PA,904,2015,0,1,0,2016,A
3-PA,905,0,2002,0,3,2005,T
3-PA,906,2,0,0,2021,2023,C
3-PA,907,3,0,1,2179,2183,C
3-PA,908,3,0,0,2210,2213,C
3-PA,909,2238,0,1,0,2239,A
3-PA,910,1,2233,0,0,2234,T
3-PA,911,1,2242,0,2,2245,T
3-PA,912,2295,0,0,1,2296,A
3-PA,913,0,2292,0,2,2294,T
3-PA,914,2286,0,1,0,2287,A
3-PA,915,0,2272,0,1,2273,T
3-PA,916,3,2,2024,0,2029,G
3-PA,917,2028,0,1,0,2029,A
3-PA,918,0,2011,0,0,2011,T
3-PA,919,0,2,2024,0,2026,G
3-PA,920,1,1,2,1989,1993,C
3-PA,921,2,3,1985,0,1990,G
3-PA,922,2013,1,1,0,2015,A
3-PA,923,1,1995,0,0,1996,T
3-PA,924,2,0,1,2004,2007,C
3-PA,925,2017,0,1,0,2018,A
3-PA,926,1978,0,23,0,2001,A
3-PA,927,1,2,2012,0,2015,G
3-PA,928,1,1991,0,0,1992,T
3-PA,929,0,0,2001,0,2001,G
3-PA,930,0,2,0,2005,2007,C
3-PA,931,1994,0,2,1,1997,A
3-PA,932,1,2001,0,1,2003,T
3-PA,933,2003,0,0,0,2003,A
3-PA,934,2023,1,0,0,2024,A
3-PA,935,2020,0,0,0,2020,A
3-PA,936,2011,1,0,0,2012,A
3-PA,937,2017,0,0,0,2017,A
3-PA,938,0,3,0,2006,2009,C
3-PA,939,1986,1,0,0,1987,A
3-PA,940,1,2014,0,1,2016,T
3-PA,941,0,2006,0,0,2006,T
3-PA,942,1,0,0,2020,2021,C
3-PA,943,0,1996,0,1,1997,T
3-PA,944,0,1992,0,0,1992,T
3-PA,945,0,1991,0,0,1991,T
3-PA,946,0,0,2007,0,2007,G
3-PA,947,0,0,1994,0,1994,G
3-PA,948,1983,1,4,0,1988,A
3-PA,949,0,1975,0,1,1976,T
3-PA,950,1,3,2011,0,2015,G
3-PA,951,0,2,2057,0,2059,G
3-PA,952,2049,0,2,1,2052,A
3-PA,953,2061,0,3,0,2064,A
3-PA,954,2066,0,3,1,2070,A
3-PA,955,0,1,2073,0,2074,G
3-PA,956,2069,0,0,0,2069,A
3-PA,957,2291,0,5,0,2296,A
3-PA,958,0,0,0,2308,2308,C
3-PA,959,1,2,0,2312,2315,C
3-PA,960,0,2292,0,1,2293,T
3-PA,961,0,2337,0,0,2337,T
3-PA,962,2352,0,1,0,2353,A
3-PA,963,0,2354,0,0,2354,T
3-PA,964,2332,1,0,0,2333,A
3-PA,965,0,2356,0,0,2356,T
3-PA,966,2152,2,1,0,2155,A
3-PA,967,21,0,2157,0,2178,G
3-PA,968,1,2156,0,2,2159,T
3-PA,969,0,1,0,2145,2146,C
3-PA,970,2114,0,0,1,2115,A
3-PA,971,2127,0,3,0,2130,A
3-PA,972,2122,1,1,0,2124,A
3-PA,973,1,0,0,2134,2135,C
3-PA,974,0,1,0,2092,2093,C
3-PA,975,2060,0,0,0,2060,A
3-PA,976,0,0,1,2091,2092,C
3-PA,977,2084,0,3,0,2087,A
3-PA,978,1,0,0,2109,2110,C
3-PA,979,0,1,2111,0,2112,G
3-PA,980,2085,0,0,0,2085,A
3-PA,981,2089,0,0,0,2089,A
3-PA,982,2079,2,2,0,2083,A
3-PA,983,2086,0,1,0,2087,A
3-PA,984,0,5,2091,0,2096,G
3-PA,985,0,0,2093,0,2093,G
3-PA,986,1,4,2102,1,2108,G
3-PA,987,2094,1,1,0,2096,A
3-PA,988,2115,0,0,1,2116,A
3-PA,989,1,2104,0,0,2105,T
3-PA,990,2107,0,1,0,2108,A
3-PA,991,2106,0,0,0,2106,A
3-PA,992,2133,0,0,0,2133,A
3-PA,993,0,2114,0,0,2114,T
3-PA,994,1,2114,0,0,2115,T
3-PA,995,2,1,0,2126,2129,C
3-PA,996,2129,0,0,0,2129,A
3-PA,997,2126,1,1,1,2129,A
3-PA,998,2131,0,0,0,2131,A
3-PA,999,0,2128,0,1,2129,T
3-PA,1000,1,2130,0,1,2132,T
3-PA,1001,2146,0,0,0,2146,A
3-PA,1002,0,0,0,2143,2143,C
3-PA,1003,2,0,0,2146,2148,C
3-PA,1004,0,2095,0,3,2098,T
3-PA,1005,0,0,2122,0,2122,G
3-PA,1006,0,1,0,2123,2124,C
3-PA,1007,0,2125,0,2,2127,T
3-PA,1008,0,0,2174,0,2174,G
3-PA,1009,1,2170,0,0,2171,T
3-PA,1010,1,3,1,2171,2176,C
3-PA,1011,2183,0,3,0,2186,A
3-PA,1012,1,2189,0,3,2193,T
3-PA,1013,1,3,2187,0,2191,G
3-PA,1014,2,0,2182,0,2184,G
3-PA,1015,2189,2,0,0,2191,A
3-PA,1016,2245,0,3,0,2248,A
3-PA,1017,0,0,2232,0,2232,G
3-PA,1018,0,0,0,2229,2229,C
3-PA,1019,2223,0,0,0,2223,A
3-PA,1020,2216,0,2,1,2219,A
3-PA,1021,1,2,2252,0,2255,G
3-PA,1022,0,2257,0,1,2258,T
3-PA,1023,2248,0,0,0,2248,A
3-PA,1024,0,0,0,2244,2244,C
3-PA,1025,0,2183,0,1,2184,T
3-PA,1026,0,0,2212,0,2212,G
3-PA,1027,0,2187,0,1,2188,T
3-PA,1028,1,1,0,2186,2188,C
3-PA,1029,2189,0,0,0,2189,A
3-PA,1030,0,0,2231,1,2232,G
3-PA,1031,2222,0,0,0,2222,A
3-PA,1032,2223,0,1,0,2224,A
3-PA,1033,1,2263,0,1,2265,T
3-PA,1034,1,2238,0,2,2241,T
3-PA,1035,1,0,2240,0,2241,G
3-PA,1036,0,0,0,2237,2237,C
3-PA,1037,2234,0,6,0,2240,A
3-PA,1038,0,3,2262,0,2265,G
3-PA,1039,0,3,2248,0,2251,G
3-PA,1040,2267,1,4,0,2272,A
3-PA,1041,0,2,0,2285,2287,C
3-PA,1042,2228,0,5,0,2233,A
3-PA,1043,0,2270,1,1,2272,T
3-PA,1044,0,2258,0,0,2258,T
3-PA,1045,0,0,2289,0,2289,G
3-PA,1046,2281,1,1,1,2284,A
3-PA,1047,2281,0,0,0,2281,A
3-PA,1048,2273,0,2,0,2275,A
3-PA,1049,2272,0,1,0,2273,A
3-PA,1050,0,2228,0,0,2228,T
3-PA,1051,2,1,2263,0,2266,G
3-PA,1052,2242,0,3,0,2245,A
3-PA,1053,5,0,2260,0,2265,G
3-PA,1054,0,1,2259,0,2260,G
3-PA,1055,2237,0,0,1,2238,A
3-PA,1056,0,2,2259,0,2261,G
3-PA,1057,2255,0,0,0,2255,A
3-PA,1058,2257,0,4,0,2261,A
3-PA,1059,0,2,2262,0,2264,G
3-PA,1060,2243,0,3,0,2246,A
3-PA,1061,1,2238,0,1,2240,T
3-PA,1062,1,2229,0,1,2231,T
3-PA,1063,2,3,0,2245,2250,C
3-PA,1064,0,0,0,2259,2259,C
3-PA,1065,2249,0,2,0,2251,A
3-PA,1066,2246,0,1,0,2247,A
3-PA,1067,0,3,2246,0,2249,G
3-PA,1068,2208,1,0,0,2209,A
3-PA,1069,2267,0,1,0,2268,A
3-PA,1070,0,0,0,2278,2278,C
3-PA,1071,1,2273,0,1,2275,T
3-PA,1072,2288,0,0,0,2288,A
3-PA,1073,2284,0,2,0,2286,A
3-PA,1074,2276,0,0,0,2276,A
3-PA,1075,2287,0,1,1,2289,A
3-PA,1076,2274,0,0,0,2274,A
3-PA,1077,0,2,0,2280,2282,C
3-PA,1078,2265,1,1,0,2267,A
3-PA,1079,0,2245,0,1,2246,T
3-PA,1080,0,2,2269,0,2271,G
3-PA,1081,2264,0,2,0,2266,A
3-PA,1082,2264,1,5,0,2270,A
3-PA,1083,0,0,2294,0,2294,G
3-PA,1084,2289,0,0,0,2289,A
3-PA,1085,2290,0,0,0,2290,A
3-PA,1086,2272,0,3,0,2275,A
3-PA,1087,2266,0,6,1,2273,A
3-PA,1088,0,0,0,2290,2290,C
3-PA,1089,0,1,2285,0,2286,G
3-PA,1090,2288,0,1,0,2289,A
3-PA,1091,1,1,2293,0,2295,G
3-PA,1092,1,2268,1,1,2271,T
3-PA,1093,0,0,0,2329,2329,C
3-PA,1094,2340,0,1,0,2341,A
3-PA,1095,2372,0,1,0,2373,A
3-PA,1096,0,0,0,2377,2377,C
3-PA,1097,0,2380,0,1,2381,T
3-PA,1098,0,1,2423,0,2424,G
3-PA,1099,2404,1,0,0,2405,A
3-PA,1100,2407,1,4,0,2412,A
3-PA,1101,1,0,2432,0,2433,G
3-PA,1102,0,2378,0,1,2379,T
3-PA,1103,1,3,2362,0,2366,G
3-PA,1104,1,2,2330,0,2333,G
3-PA,1105,1,1,2360,0,2362,G
3-PA,1106,0,1,0,2351,2352,C
3-PA,1107,0,2300,0,1,2301,T
3-PA,1108,2,0,0,2321,2323,C
3-PA,1109,1,2294,1,0,2296,T
3-PA,1110,0,2295,0,0,2295,T
3-PA,1111,0,2,2346,0,2348,G
3-PA,1112,0,2,2363,0,2365,G
3-PA,1113,0,2341,0,2,2343,T
3-PA,1114,0,1,2337,0,2338,G
3-PA,1115,2324,1,2,0,2327,A
3-PA,1116,2341,1,3,0,2345,A
3-PA,1117,2336,0,1,1,2338,A
3-PA,1118,2353,1,0,0,2354,A
3-PA,1119,1,0,0,2379,2380,C
3-PA,1120,2295,0,2,0,2297,A
3-PA,1121,1,2285,1,0,2287,T
3-PA,1122,0,0,2275,0,2275,G
3-PA,1123,1,0,2323,0,2324,G
3-PA,1124,1,1,0,2333,2335,C
3-PA,1125,2349,0,4,0,2353,A
3-PA,1126,0,2,0,2363,2365,C
3-PA,1127,2,0,0,2369,2371,C
3-PA,1128,2415,0,3,0,2418,A
3-PA,1129,0,2,2455,0,2457,G
3-PA,1130,2427,1,4,0,2432,A
3-PA,1131,4,0,2476,0,2480,G
3-PA,1132,2463,0,1,0,2464,A
3-PA,1133,2478,0,1,0,2479,A
3-PA,1134,1,0,2503,0,2504,G
3-PA,1135,0,0,2493,0,2493,G
3-PA,1136,0,2481,0,2,2483,T
3-PA,1137,2436,0,0,0,2436,A
3-PA,1138,0,2,2424,0,2426,G
3-PA,1139,2437,0,3,0,2440,A
3-PA,1140,0,2,0,2460,2462,C
3-PA,1141,2,2413,0,0,2415,T
3-PA,1142,0,2469,0,1,2470,T
3-PA,1143,1,2477,1,0,2479,T
3-PA,1144,1,0,2489,0,2490,G
3-PA,1145,2481,1,4,0,2486,A
3-PA,1146,2501,0,0,0,2501,A
3-PA,1147,2491,0,5,0,2496,A
3-PA,1148,2476,1,1,0,2478,A
3-PA,1149,0,1,1,2567,2569,C
3-PA,1150,0,2551,0,2,2553,T
3-PA,1151,0,0,2588,0,2588,G
3-PA,1152,0,0,0,2595,2595,C
3-PA,1153,2584,1,1,0,2586,A
3-PA,1154,1,0,2595,0,2596,G
3-PA,1155,2568,1,1,1,2571,A
3-PA,1156,0,1,2736,0,2737,G
3-PA,1157,2750,0,0,0,2750,A
3-PA,1158,0,0,0,2726,2726,C
3-PA,1159,2716,0,3,2,2721,A
3-PA,1160,0,2688,0,0,2688,T
3-PA,1161,2677,1,0,0,2678,A
3-PA,1162,2678,0,4,0,2682,A
3-PA,1163,0,1,2686,0,2687,G
3-PA,1164,1,3,1,2684,2689,C
3-PA,1165,1,3,2624,0,2628,G
3-PA,1166,2679,0,1,0,2680,A
3-PA,1167,0,2653,0,2,2655,T
3-PA,1168,1,2654,0,0,2655,T
3-PA,1169,1,2675,0,0,2676,T
3-PA,1170,0,1,2673,0,2674,G
3-PA,1171,2683,1,5,0,2689,A
3-PA,1172,2681,1,6,0,2688,A
3-PA,1173,1,1,2706,0,2708,G
3-PA,1174,1,0,0,2796,2797,C
3-PA,1175,2786,0,0,0,2786,A
3-PA,1176,3020,0,2,0,3022,A
3-PA,1177,0,3023,0,1,3024,T
3-PA,1178,3031,0,2,0,3033,A
3-PA,1179,0,3056,1,4,3061,T
3-PA,1180,0,1,3070,0,3071,G
3-PA,1181,3094,2,3,0,3099,A
3-PA,1182,0,3102,0,0,3102,T
3-PA,1183,2999,0,1,0,3000,A
3-PA,1184,0,0,3018,0,3018,G
3-PA,1185,0,2891,0,3,2894,T
3-PA,1186,0,2,2890,0,2892,G
3-PA,1187,2891,0,3,0,2894,A
3-PA,1188,0,0,0,2875,2875,C
3-PA,1189,0,3,2863,0,2866,G
3-PA,1190,2877,0,1,0,2878,A
3-PA,1191,2879,1,1,0,2881,A
3-PA,1192,0,1,1,2904,2906,C
3-PA,1193,4,0,0,2910,2914,C
3-PA,1194,0,2884,0,6,2890,T
3-PA,1195,1,3,3015,0,3019,G
3-PA,1196,2998,1,0,0,2999,A
3-PA,1197,3028,1,0,1,3030,A
3-PA,1198,0,3020,0,1,3021,T
3-PA,1199,0,2996,0,1,2997,T
3-PA,1200,3000,0,1,0,3001,A
3-PA,1201,2968,1,1,0,2970,A
3-PA,1202,2,0,2977,0,2979,G
3-PA,1203,1,0,2975,0,2976,G
3-PA,1204,0,2913,0,3,2916,T
3-PA,1205,5,0,0,2902,2907,C
3-PA,1206,2927,1,0,0,2928,A
3-PA,1207,0,0,0,3069,3069,C
3-PA,1208,1,3080,0,4,3085,T
3-PA,1209,0,3095,0,0,3095,T
3-PA,1210,0,3088,0,2,3090,T
3-PA,1211,2,1,1,3075,3079,C
3-PA,1212,3074,1,5,0,3080,A
3-PA,1213,3082,1,3,0,3086,A
3-PA,1214,0,0,3134,0,3134,G
3-PA,1215,0,0,0,3136,3136,C
3-PA,1216,0,3061,0,0,3061,T
3-PA,1217,0,2,3153,0,3155,G
3-PA,1218,0,2,3171,0,3173,G
3-PA,1219,3212,1,3,1,3217,A
3-PA,1220,0,3270,0,1,3271,T
3-PA,1221,3268,0,1,0,3269,A
3-PA,1222,0,0,0,3293,3293,C
3-PA,1223,3237,1,1,0,3239,A
3-PA,1224,0,5,3279,0,3284,G
3-PA,1225,3260,0,2,0,3262,A
3-PA,1226,3215,1,0,0,3216,A
3-PA,1227,0,3186,0,0,3186,T
3-PA,1228,0,2,3205,0,3207,G
3-PA,1229,3172,0,2,0,3174,A
3-PA,1230,2,0,3234,0,3236,G
3-PA,1231,0,3202,0,4,3206,T
3-PA,1232,0,3189,0,3,3192,T
3-PA,1233,2,0,0,3259,3261,C
3-PA,1234,3308,0,2,0,3310,A
3-PA,1235,3320,2,1,1,3324,A
3-PA,1236,0,0,2,3326,3328,C
3-PA,1237,3263,0,2,0,3265,A
3-PA,1238,3271,0,2,0,3273,A
3-PA,1239,0,4,3269,0,3273,G
3-PA,1240,2,6,3294,0,3302,G
3-PA,1241,1,0,0,3336,3337,C
3-PA,1242,3,0,0,3314,3317,C
3-PA,1243,2,3285,0,5,3292,T
3-PA,1244,0,0,3324,0,3324,G
3-PA,1245,0,3319,0,4,3323,T
3-PA,1246,0,6,3338,0,3344,G
3-PA,1247,3330,1,2,0,3333,A
3-PA,1248,2,0,3352,0,3354,G
3-PA,1249,1,1,0,3336,3338,C
3-PA,1250,0,3297,0,1,3298,T
3-PA,1251,3403,0,1,0,3404,A
3-PA,1252,3412,1,1,0,3414,A
3-PA,1253,0,1,0,3433,3434,C
3-PA,1254,1,3393,1,1,3396,T
3-PA,1255,1,1,3406,4,3412,G
3-PA,1256,3402,0,2,0,3404,A
3-PA,1257,0,3410,0,2,3412,T
3-PA,1258,4,3400,0,2,3406,T
3-PA,1259,4,0,0,3425,3429,C
3-PA,1260,3555,2,1,0,3558,A
3-PA,1261,0,3,3675,0,3678,G
3-PA,1262,0,3652,0,4,3656,T
3-PA,1263,3,0,0,3666,3669,C
3-PA,1264,1,3638,0,3,3642,T
3-PA,1265,2,2,3839,0,3843,G
3-PA,1266,0,0,3836,0,3836,G
3-PA,1267,3847,2,2,0,3851,A
3-PA,1268,0,3863,0,0,3863,T
3-PA,1269,3683,1,0,0,3684,A
3-PA,1270,0,2,3661,0,3663,G
3-PA,1271,3620,1,7,0,3628,A
3-PA,1272,1,0,3657,0,3658,G
3-PA,1273,1,0,1,3643,3645,C
3-PA,1274,0,3540,0,7,3547,T
3-PA,1275,1,3,0,3578,3582,C
3-PA,1276,3,2,3593,0,3598,G
3-PA,1277,3599,0,1,0,3600,A
3-PA,1278,0,3611,0,2,3613,T
3-PA,1279,0,1,3601,0,3602,G
3-PA,1280,3661,1,0,0,3662,A
3-PA,1281,3653,0,2,2,3657,A
3-PA,1282,3676,1,2,1,3680,A
3-PA,1283,1,3659,0,1,3661,T
3-PA,1284,0,3643,0,1,3644,T
3-PA,1285,1,6,3710,0,3717,G
3-PA,1286,0,0,3704,0,3704,G
3-PA,1287,3674,1,7,0,3682,A
3-PA,1288,2,1,3716,0,3719,G
3-PA,1289,3630,0,38,1,3669,A
3-PA,1290,0,5,3715,0,3720,G
3-PA,1291,0,3,3743,0,3746,G
3-PA,1292,3799,1,0,0,3800,A
3-PA,1293,0,1,0,3808,3809,C
3-PA,1294,1,0,3769,1,3771,G
3-PA,1295,0,3779,0,1,3780,T
3-PA,1296,3800,0,5,1,3806,A
3-PA,1297,1,0,3839,0,3840,G
3-PA,1298,1,1,0,3841,3843,C
3-PA,1299,1,0,0,3804,3805,C
3-PA,1300,7,2,0,3800,3809,C
3-PA,1301,2,1,0,3802,3805,C
3-PA,1302,3817,0,2,0,3819,A
3-PA,1303,3978,1,0,0,3979,A
3-PA,1304,0,3975,0,0,3975,T
3-PA,1305,0,3956,0,0,3956,T
3-PA,1306,1,5,3941,2,3949,G
3-PA,1307,3863,0,6,0,3869,A
3-PA,1308,1,0,3905,0,3906,G
3-PA,1309,1,0,0,3892,3893,C
3-PA,1310,3902,0,3,0,3905,A
3-PA,1311,2,1,0,4000,4003,C
3-PA,1312,3895,0,2,0,3897,A
3-PA,1313,1,4016,1,3,4021,T
3-PA,1314,1,4028,0,1,4030,T
3-PA,1315,0,0,4024,0,4024,G
3-PA,1316,0,3,0,4017,4020,C
3-PA,1317,4019,0,2,0,4021,A
3-PA,1318,4026,0,4,0,4030,A
3-PA,1319,1,0,4035,0,4036,G
3-PA,1320,2,0,0,3975,3977,C
3-PA,1321,3981,0,3,0,3984,A
3-PA,1322,0,3849,22,4,3875,T
3-PA,1323,0,3,3902,0,3905,G
3-PA,1324,3864,1,2,0,3867,A
3-PA,1325,1,1,3891,1,3894,G
3-PA,1326,3890,0,3,0,3893,A
3-PA,1327,3899,0,3,0,3902,A
3-PA,1328,3,1,3883,0,3887,G
3-PA,1329,2,1,3871,1,3875,G
3-PA,1330,3862,1,7,0,3870,A
3-PA,1331,3865,0,4,0,3869,A
3-PA,1332,0,3877,0,5,3882,T
3-PA,1333,0,3888,0,1,3889,T
3-PA,1334,3914,0,0,0,3914,A
3-PA,1335,1,3933,0,2,3936,T
3-PA,1336,1,3919,0,1,3921,T
3-PA,1337,0,3927,1,2,3930,T
3-PA,1338,3,0,0,3901,3904,C
3-PA,1339,3899,0,3,0,3902,A
3-PA,1340,0,0,0,4011,4011,C
3-PA,1341,4002,0,2,0,4004,A
3-PA,1342,0,0,4058,0,4058,G
3-PA,1343,1,0,0,4051,4052,C
3-PA,1344,4028,1,0,0,4029,A
3-PA,1345,0,0,4065,0,4065,G
3-PA,1346,4030,0,6,0,4036,A
3-PA,1347,1,4,4048,0,4053,G
3-PA,1348,1,0,4072,0,4073,G
3-PA,1349,1,3937,0,3,3941,T
3-PA,1350,3,0,4005,1,4009,G
3-PA,1351,1,3965,0,6,3972,T
3-PA,1352,2,0,0,3960,3962,C
3-PA,1353,5,0,0,3992,3997,C
3-PA,1354,7,1,0,3977,3985,C
3-PA,1355,4016,0,3,1,4020,A
3-PA,1356,1,4070,0,3,4074,T
3-PA,1357,0,4029,1,1,4031,T
3-PA,1358,0,0,4058,0,4058,G
3-PA,1359,0,4006,0,1,4007,T
3-PA,1360,3950,0,1,0,3951,A
3-PA,1361,0,0,3932,0,3932,G
3-PA,1362,3832,1,3,0,3836,A
3-PA,1363,0,1,3854,0,3855,G
3-PA,1364,1,1,0,3799,3801,C
3-PA,1365,2,1,0,3739,3742,C
3-PA,1366,3803,0,5,0,3808,A
3-PA,1367,0,0,0,3790,3790,C
3-PA,1368,0,3776,0,1,3777,T
3-PA,1369,2,1,3768,0,3771,G
3-PA,1370,3759,0,0,1,3760,A
3-PA,1371,3703,0,1,0,3704,A
3-PA,1372,0,3805,0,0,3805,T
3-PA,1373,3845,1,5,0,3851,A
3-PA,1374,0,2,0,3897,3899,C
3-PA,1375,3807,0,3,0,3810,A
3-PA,1376,0,3820,1,3,3824,T
3-PA,1377,3792,0,3,0,3795,A
3-PA,1378,3813,0,0,2,3815,A
3-PA,1379,0,3807,0,2,3809,T
3-PA,1380,0,2,3754,0,3756,G
3-PA,1381,3719,0,1,0,3720,A
3-PA,1382,3656,0,4,0,3660,A
3-PA,1383,0,5,3662,0,3667,G
3-PA,1384,2,6,3645,0,3653,G
3-PA,1385,0,6,3698,1,3705,G
3-PA,1386,2,0,3717,1,3720,G
3-PA,1387,1,0,3758,0,3759,G
3-PA,1388,0,3710,0,3,3713,T
3-PA,1389,3749,0,1,0,3750,A
3-PA,1390,0,3771,0,1,3772,T
3-PA,1391,3836,0,2,0,3838,A
3-PA,1392,0,0,0,4219,4219,C
3-PA,1393,4110,0,3,0,4113,A
3-PA,1394,1,4024,1,0,4026,T
3-PA,1395,1,3952,0,0,3953,T
3-PA,1396,3924,0,0,0,3924,A
3-PA,1397,4000,1,2,1,4004,A
3-PA,1398,0,2,0,3997,3999,C
3-PA,1399,3920,0,1,0,3921,A
3-PA,1400,1,0,0,3920,3921,C
3-PA,1401,0,3476,0,2,3478,T
3-PA,1402,0,2,3617,0,3619,G
3-PA,1403,0,1,0,3592,3593,C
3-PA,1404,2,2,0,3574,3578,C
3-PA,1405,2,1,0,3613,3616,C
3-PA,1406,0,3504,0,2,3506,T
3-PA,1407,1,1,3656,0,3658,G
3-PA,1408,0,2,0,3665,3667,C
3-PA,1409,0,3623,0,9,3632,T
3-PA,1410,6,1,0,3756,3763,C
3-PA,1411,3612,2,1,0,3615,A
3-PA,1412,3642,0,2,1,3645,A
3-PA,1413,0,3659,0,1,3660,T
3-PA,1414,0,0,3642,0,3642,G
3-PA,1415,1,2,0,3639,3642,C
3-PA,1416,3545,0,2,0,3547,A
3-PA,1417,0,3527,2,6,3535,T
3-PA,1418,0,1,0,3526,3527,C
3-PA,1419,2,1,0,3562,3565,C
3-PA,1420,0,3419,0,2,3421,T
3-PA,1421,2,0,3522,0,3524,G
3-PA,1422,0,3505,0,4,3509,T
3-PA,1423,0,0,3491,0,3491,G
3-PA,1424,2,2,0,3489,3493,C
3-PA,1425,3441,0,3,1,3445,A
3-PA,1426,0,1,3488,0,3489,G
3-PA,1427,0,0,1,3479,3480,C
3-PA,1428,3421,2,1,0,3424,A
3-PA,1429,3424,1,0,0,3425,A
3-PA,1430,0,3268,0,0,3268,T
3-PA,1431,0,1,3263,1,3265,G
3-PA,1432,0,3,3251,1,3255,G
3-PA,1433,3265,0,3,0,3268,A
3-PA,1434,0,1,0,3270,3271,C
3-PA,1435,0,1,3237,0,3238,G
3-PA,1436,3249,0,0,0,3249,A
3-PA,1437,1,3243,0,1,3245,T
3-PA,1438,0,3250,0,1,3251,T
3-PA,1439,1,3243,0,0,3244,T
3-PA,1440,1,3238,0,2,3241,T
3-PA,1441,1,1,0,3244,3246,C
3-PA,1442,3247,1,1,0,3249,A
3-PA,1443,3267,0,1,0,3268,A
3-PA,1444,0,0,0,3262,3262,C
3-PA,1445,0,3199,0,1,3200,T
3-PA,1446,3187,0,1,1,3189,A
3-PA,1447,3210,0,0,1,3211,A
3-PA,1448,1,3204,1,0,3206,T
3-PA,1449,1,3199,0,2,3202,T
3-PA,1450,3,0,0,3206,3209,C
3-PA,1451,5,0,0,3185,3190,C
3-PA,1452,4,0,1,3165,3170,C
3-PA,1453,3176,0,0,0,3176,A
3-PA,1454,0,3218,1,1,3220,T
3-PA,1455,0,2,3225,0,3227,G
3-PA,1456,3209,2,1,0,3212,A
3-PA,1457,1,3225,0,1,3227,T
3-PA,1458,3212,0,2,0,3214,A
3-PA,1459,3207,0,2,0,3209,A
3-PA,1460,1,0,3212,0,3213,G
3-PA,1461,0,0,0,3204,3204,C
3-PA,1462,3189,3,1,1,3194,A
3-PA,1463,3093,0,1,0,3094,A
3-PA,1464,2,0,3131,0,3133,G
3-PA,1465,1,3122,0,2,3125,T
3-PA,1466,1,1,3103,0,3105,G
3-PA,1467,0,1,0,3100,3101,C
3-PA,1468,3072,1,3,0,3076,A
3-PA,1469,2,1,3123,0,3126,G
3-PA,1470,3111,0,3,1,3115,A
3-PA,1471,3156,0,2,0,3158,A
3-PA,1472,1,1,1,3154,3157,C
3-PA,1473,0,3052,1,3,3056,T
3-PA,1474,3087,0,2,0,3089,A
3-PA,1475,3069,0,1,0,3070,A
3-PA,1476,3065,0,5,0,3070,A
3-PA,1477,0,2,3096,0,3098,G
3-PA,1478,2908,0,1,0,2909,A
3-PA,1479,0,8,2921,0,2929,G
3-PA,1480,0,2,2845,0,2847,G
3-PA,1481,1,0,2850,0,2851,G
3-PA,1482,2813,0,2,0,2815,A
3-PA,1483,2756,1,2,0,2759,A
3-PA,1484,0,1,2746,0,2747,G
3-PA,1485,1,0,2751,0,2752,G
3-PA,1486,1,1,0,2755,2757,C
3-PA,1487,0,3,2759,0,2762,G
3-PA,1488,2755,1,1,0,2757,A
3-PA,1489,2756,1,0,0,2757,A
3-PA,1490,2752,1,0,0,2753,A
3-PA,1491,2754,0,1,0,2755,A
3-PA,1492,2764,0,5,1,2770,A
3-PA,1493,0,0,0,2770,2770,C
3-PA,1494,2,1,1,2748,2752,C
3-PA,1495,2739,0,0,1,2740,A
3-PA,1496,2752,0,0,1,2753,A
3-PA,1497,0,2749,0,0,2749,T
3-PA,1498,0,2751,0,0,2751,T
3-PA,1499,1,2763,0,2,2766,T
3-PA,1500,2776,0,0,2,2778,A
3-PA,1501,0,2778,0,0,2778,T
3-PA,1502,2766,1,1,0,2768,A
3-PA,1503,0,2757,0,1,2758,T
3-PA,1504,0,1,2724,1,2726,G
3-PA,1505,1,2,2684,0,2687,G
3-PA,1506,2666,2,1,1,2670,A
3-PA,1507,0,2664,0,1,2665,T
3-PA,1508,1,2644,1,1,2647,T
3-PA,1509,1,1,0,2651,2653,C
3-PA,1510,2662,0,0,0,2662,A
3-PA,1511,0,2674,2,6,2682,T
3-PA,1512,1,0,0,2696,2697,C
3-PA,1513,2688,0,1,0,2689,A
3-PA,1514,1,2651,0,1,2653,T
3-PA,1515,2636,0,0,0,2636,A
3-PA,1516,2629,0,0,0,2629,A
3-PA,1517,2626,0,2,0,2628,A
3-PA,1518,0,7,2616,0,2623,G
3-PA,1519,0,4,2572,0,2576,G
3-PA,1520,0,0,2551,0,2551,G
3-PA,1521,2542,1,0,1,2544,A
3-PA,1522,2513,0,1,0,2514,A
3-PA,1523,0,1,2514,0,2515,G
3-PA,1524,2501,0,2,0,2503,A
3-PA,1525,1,2464,1,24,2490,T
3-PA,1526,0,0,0,2487,2487,C
3-PA,1527,1,2416,1,4,2422,T
3-PA,1528,3,0,0,2469,2472,C
3-PA,1529,2459,0,0,0,2459,A
3-PA,1530,0,2445,0,0,2445,T
3-PA,1531,1,2444,0,0,2445,T
3-PA,1532,0,2417,0,0,2417,T
3-PA,1533,2385,0,6,0,2391,A
3-PA,1534,2398,0,1,0,2399,A
3-PA,1535,0,2,2403,0,2405,G
3-PA,1536,0,1,2435,0,2436,G
3-PA,1537,2299,1,1,0,2301,A
3-PA,1538,2309,0,0,0,2309,A
3-PA,1539,0,2303,3,1,2307,T
3-PA,1540,0,4,2322,0,2326,G
3-PA,1541,2372,0,2,0,2374,A
3-PA,1542,0,1,1,2364,2366,C
3-PA,1543,2356,1,3,0,2360,A
3-PA,1544,1,0,0,2358,2359,C
3-PA,1545,2260,0,3,0,2263,A
3-PA,1546,0,1,2273,0,2274,G
3-PA,1547,2250,0,0,0,2250,A
3-PA,1548,0,1,1,2227,2229,C
3-PA,1549,1,0,2193,0,2194,G
3-PA,1550,0,1967,0,1,1968,T
3-PA,1551,0,2,1969,0,1971,G
3-PA,1552,0,0,1987,0,1987,G
3-PA,1553,0,1987,0,2,1989,T
3-PA,1554,1985,0,0,0,1985,A
3-PA,1555,1947,0,0,0,1947,A
3-PA,1556,1946,0,6,0,1952,A
3-PA,1557,0,1942,0,2,1944,T
3-PA,1558,0,1902,0,1,1903,T
3-PA,1559,0,1905,0,1,1906,T
3-PA,1560,0,1880,0,2,1882,T
3-PA,1561,0,0,1882,0,1882,G
3-PA,1562,1,1830,0,1,1832,T
3-PA,1563,0,3,1834,0,1837,G
3-PA,1564,1816,2,2,0,1820,A
3-PA,1565,0,1,1835,0,1836,G
3-PA,1566,2,0,0,1826,1828,C
3-PA,1567,1833,0,2,0,1835,A
3-PA,1568,1,1830,0,1,1832,T
3-PA,1569,0,2,1831,0,1833,G
3-PA,1570,1,1,1838,0,1840,G
3-PA,1571,1838,1,0,0,1839,A
3-PA,1572,0,0,1843,0,1843,G
3-PA,1573,0,1811,0,1,1812,T
3-PA,1574,0,1772,0,0,1772,T
3-PA,1575,0,1775,1,3,1779,T
3-PA,1576,0,1772,0,1,1773,T
3-PA,1577,2,15,0,1764,1781,C
3-PA,1578,0,1760,1,0,1761,T
3-PA,1579,4,1,0,1764,1769,C
3-PA,1580,1,1690,0,2,1693,T
3-PA,1581,5,0,0,1696,1701,C
3-PA,1582,1691,0,0,0,1691,A
3-PA,1583,0,0,0,1686,1686,C
3-PA,1584,1,1620,0,3,1624,T
3-PA,1585,0,2,1623,1,1626,G
3-PA,1586,1617,0,1,0,1618,A
3-PA,1587,1,4,0,1614,1619,C
3-PA,1588,2,0,1,1605,1608,C
3-PA,1589,5,0,0,1589,1594,C
3-PA,1590,0,1,1584,1,1586,G
3-PA,1591,1561,0,2,0,1563,A
3-PA,1592,4,0,1577,0,1581,G
3-PA,1593,1578,0,0,1,1579,A
3-PA,1594,0,1,0,1531,1532,C
3-PA,1595,0,1477,0,4,1481,T
3-PA,1596,0,1392,0,0,1392,T
3-PA,1597,0,0,1383,0,1383,G
3-PA,1598,1354,0,6,1,1361,A
3-PA,1599,0,0,1387,0,1387,G
3-PA,1600,1,0,0,1372,1373,C
3-PA,1601,0,0,0,1314,1314,C
3-PA,1602,1321,0,1,0,1322,A
3-PA,1603,0,1,0,1322,1323,C
3-PA,1604,1321,0,0,0,1321,A
3-PA,1605,0,1308,0,10,1318,T
3-PA,1606,1300,0,0,0,1300,A
3-PA,1607,1298,0,0,0,1298,A
3-PA,1608,1301,0,2,0,1303,A
3-PA,1609,0,1289,0,0,1289,T
3-PA,1610,0,2,1283,0,1285,G
3-PA,1611,1,0,1132,0,1133,G
3-PA,1612,0,0,1118,0,1118,G
3-PA,1613,1080,0,0,0,1080,A
3-PA,1614,0,1,1098,0,1099,G
3-PA,1615,1074,0,0,0,1074,A
3-PA,1616,1056,0,1,0,1057,A
3-PA,1617,1061,0,0,0,1061,A
3-PA,1618,0,1056,0,1,1057,T
3-PA,1619,1047,0,0,0,1047,A
3-PA,1620,3,0,0,1052,1055,C
3-PA,1621,1,592,0,0,593,T
3-PA,1622,0,1,596,0,597,G
3-PA,1623,0,451,0,0,451,T
3-PA,1624,0,0,456,0,456,G
3-PA,1625,0,437,0,0,437,T
3-PA,1626,0,0,0,341,341,C
3-PA,1627,1,0,0,328,329,C
3-PA,1628,0,314,0,0,314,T
3-PA,1629,0,311,0,0,311,T
3-PA,1630,0,0,331,0,331,G
3-PA,1631,321,0,1,0,322,A
3-PA,1632,0,0,339,0,339,G
3-PA,1633,323,0,0,0,323,A
3-PA,1634,0,327,0,0,327,T
3-PA,1635,324,0,1,0,325,A
3-PA,1636,0,1,337,0,338,G
3-PA,1637,0,0,336,0,336,G
3-PA,1638,327,0,0,0,327,A
3-PA,1639,0,0,329,0,329,G
3-PA,1640,316,0,0,0,316,A
3-PA,1641,0,320,0,0,320,T
3-PA,1642,320,0,0,0,320,A
3-PA,1643,0,320,0,0,320,T
3-PA,1644,0,0,326,0,326,G
3-PA,1645,0,323,0,0,323,T
3-PA,1646,0,321,1,0,322,T
3-PA,1647,329,0,0,0,329,A
3-PA,1648,0,0,0,330,330,C
3-PA,1649,0,325,0,0,325,T
3-PA,1650,327,0,0,0,327,A
3-PA,1651,321,0,0,0,321,A
3-PA,1652,0,0,330,0,330,G
3-PA,1653,326,0,0,0,326,A
3-PA,1654,322,0,1,0,323,A
3-PA,1655,0,0,315,0,315,G
3-PA,1656,0,319,0,0,319,T
3-PA,1657,0,2,318,0,320,G
3-PA,1658,0,0,0,321,321,C
3-PA,1659,0,0,0,322,322,C
3-PA,1660,323,0,0,0,323,A
3-PA,1661,0,321,0,0,321,T
3-PA,1662,322,0,0,0,322,A
3-PA,1663,0,0,323,0,323,G
3-PA,1664,1,0,318,0,319,G
3-PA,1665,2,0,0,316,318,C
3-PA,1666,1,0,0,318,319,C
3-PA,1667,319,0,0,0,319,A
3-PA,1668,320,0,0,0,320,A
3-PA,1669,315,0,0,0,315,A
3-PA,1670,0,323,0,0,323,T
3-PA,1671,0,321,0,0,321,T
3-PA,1672,0,323,0,0,323,T
3-PA,1673,0,0,0,321,321,C
3-PA,1674,311,0,0,0,311,A
3-PA,1675,316,0,0,1,317,A
3-PA,1676,0,1,318,0,319,G
3-PA,1677,0,0,319,0,319,G
3-PA,1678,1,0,0,316,317,C
3-PA,1679,0,0,0,311,311,C
3-PA,1680,0,0,309,0,309,G
3-PA,1681,332,0,0,0,332,A
3-PA,1682,0,336,0,0,336,T
3-PA,1683,0,0,337,0,337,G
3-PA,1684,0,335,0,0,335,T
3-PA,1685,331,0,0,0,331,A
3-PA,1686,0,0,0,351,351,C
3-PA,1687,0,352,0,1,353,T
3-PA,1688,0,353,0,0,353,T
3-PA,1689,0,0,361,0,361,G
3-PA,1690,0,350,0,0,350,T
3-PA,1691,346,0,0,0,346,A
3-PA,1692,0,334,0,0,334,T
3-PA,1693,0,0,338,0,338,G
3-PA,1694,0,326,0,0,326,T
3-PA,1695,1,0,324,0,325,G
3-PA,1696,311,0,0,0,311,A
3-PA,1697,0,1,312,0,313,G
3-PA,1698,0,0,312,0,312,G
3-PA,1699,316,0,0,0,316,A
3-PA,1700,0,0,0,317,317,C
3-PA,1701,316,0,0,0,316,A
3-PA,1702,314,0,0,0,314,A
3-PA,1703,316,0,0,0,316,A
3-PA,1704,0,0,0,314,314,C
3-PA,1705,0,1,316,0,317,G
3-PA,1706,0,1,313,0,314,G
3-PA,1707,312,0,1,0,313,A
3-PA,1708,318,0,0,0,318,A
3-PA,1709,0,0,0,320,320,C
3-PA,1710,321,0,0,0,321,A
3-PA,1711,0,324,0,0,324,T
3-PA,1712,1,0,0,321,322,C
3-PA,1713,325,0,0,0,325,A
3-PA,1714,321,0,0,0,321,A
3-PA,1715,317,0,0,0,317,A
3-PA,1716,0,0,322,0,322,G
3-PA,1717,0,0,321,0,321,G
3-PA,1718,0,317,0,0,317,T
3-PA,1719,0,0,0,316,316,C
3-PA,1720,321,0,0,0,321,A
3-PA,1721,322,0,0,0,322,A
3-PA,1722,319,0,0,0,319,A
3-PA,1723,321,0,0,0,321,A
3-PA,1724,0,323,0,1,324,T
3-PA,1725,0,0,328,0,328,G
3-PA,1726,319,0,0,0,319,A
3-PA,1727,323,0,0,0,323,A
3-PA,1728,324,0,0,0,324,A
3-PA,1729,0,326,0,0,326,T
3-PA,1730,0,0,326,0,326,G
3-PA,1731,0,1,328,0,329,G
3-PA,1732,0,1,328,0,329,G
3-PA,1733,0,0,339,0,339,G
3-PA,1734,334,0,0,0,334,A
3-PA,1735,337,0,0,0,337,A
3-PA,1736,0,338,0,0,338,T
3-PA,1737,0,0,335,0,335,G
3-PA,1738,0,0,336,0,336,G
3-PA,1739,331,0,0,0,331,A
3-PA,1740,0,0,337,0,337,G
3-PA,1741,338,0,0,0,338,A
3-PA,1742,0,333,0,0,333,T
3-PA,1743,0,0,334,0,334,G
3-PA,1744,330,0,0,0,330,A
3-PA,1745,0,0,327,0,327,G
3-PA,1746,329,0,0,0,329,A
3-PA,1747,0,0,0,326,326,C
3-PA,1748,0,0,324,0,324,G
3-PA,1749,0,322,0,0,322,T
3-PA,1750,0,323,0,0,323,T
3-PA,1751,0,0,320,0,320,G
3-PA,1752,0,0,0,320,320,C
3-PA,1753,0,0,0,320,320,C
3-PA,1754,0,319,0,0,319,T
3-PA,1755,2,0,0,341,343,C
3-PA,1756,0,0,0,340,340,C
3-PA,1757,0,338,0,0,338,T
3-PA,1758,0,340,0,0,340,T
3-PA,1759,0,1,0,339,340,C
3-PA,1760,338,0,0,0,338,A
3-PA,1761,0,0,340,0,340,G
3-PA,1762,1,338,0,0,339,T
3-PA,1763,1,1,0,339,341,C
3-PA,1764,333,0,0,0,333,A
3-PA,1765,0,0,0,356,356,C
3-PA,1766,0,354,0,0,354,T
3-PA,1767,0,0,0,350,350,C
3-PA,1768,0,0,0,357,357,C
3-PA,1769,357,0,1,0,358,A
3-PA,1770,0,0,357,0,357,G
3-PA,1771,1,0,0,359,360,C
3-PA,1772,355,0,0,0,355,A
3-PA,1773,0,0,360,0,360,G
3-PA,1774,335,0,1,0,336,A
3-PA,1775,0,329,0,0,329,T
3-PA,1776,0,0,0,334,334,C
3-PA,1777,0,0,334,0,334,G
3-PA,1778,326,0,0,0,326,A
3-PA,1779,0,0,332,0,332,G
3-PA,1780,330,0,0,0,330,A
3-PA,1781,0,0,332,0,332,G
3-PA,1782,0,0,0,328,328,C
3-PA,1783,329,0,0,0,329,A
3-PA,1784,0,330,0,0,330,T
3-PA,1785,2,0,336,0,338,G
3-PA,1786,341,0,0,1,342,A
3-PA,1787,0,339,0,0,339,T
3-PA,1788,0,339,0,0,339,T
3-PA,1789,0,0,338,0,338,G
3-PA,1790,334,0,1,0,335,A
3-PA,1791,337,0,0,0,337,A
3-PA,1792,0,0,339,0,339,G
3-PA,1793,0,0,0,337,337,C
3-PA,1794,0,0,0,331,331,C
3-PA,1795,0,0,333,0,333,G
3-PA,1796,332,0,0,0,332,A
3-PA,1797,0,0,335,0,335,G
3-PA,1798,0,331,0,1,332,T
3-PA,1799,0,0,0,332,332,C
3-PA,1800,0,0,0,338,338,C
3-PA,1801,0,331,0,0,331,T
3-PA,1802,0,0,0,340,340,C
3-PA,1803,0,0,342,0,342,G
3-PA,1804,0,0,357,0,357,G
3-PA,1805,1,354,0,0,355,T
3-PA,1806,0,356,0,0,356,T
3-PA,1807,356,0,0,0,356,A
3-PA,1808,356,0,0,0,356,A
3-PA,1809,355,0,1,0,356,A
3-PA,1810,0,0,363,0,363,G
3-PA,1811,359,0,0,0,359,A
3-PA,1812,0,0,359,0,359,G
3-PA,1813,343,0,0,0,343,A
3-PA,1814,345,0,0,0,345,A
3-PA,1815,350,0,0,0,350,A
3-PA,1816,0,0,351,0,351,G
3-PA,1817,350,0,0,0,350,A
3-PA,1818,0,0,0,350,350,C
3-PA,1819,347,0,0,0,347,A
3-PA,1820,0,345,0,0,345,T
3-PA,1821,1,1,348,0,350,G
3-PA,1822,354,0,1,0,355,A
3-PA,1823,0,0,0,354,354,C
3-PA,1824,0,0,0,350,350,C
3-PA,1825,350,0,0,0,350,A
3-PA,1826,350,0,0,0,350,A
3-PA,1827,346,0,0,0,346,A
3-PA,1828,0,0,349,0,349,G
3-PA,1829,344,0,0,0,344,A
3-PA,1830,0,0,348,0,348,G
3-PA,1831,0,337,0,0,337,T
3-PA,1832,0,335,0,0,335,T
3-PA,1833,0,334,0,0,334,T
3-PA,1834,0,340,0,0,340,T
3-PA,1835,0,340,0,0,340,T
3-PA,1836,0,338,0,0,338,T
3-PA,1837,0,1,336,0,337,G
3-PA,1838,337,0,1,0,338,A
3-PA,1839,0,1,337,0,338,G
3-PA,1840,337,0,0,0,337,A
3-PA,1841,341,0,0,0,341,A
3-PA,1842,0,333,0,6,339,T
3-PA,1843,339,0,0,0,339,A
3-PA,1844,344,0,0,0,344,A
3-PA,1845,348,0,0,0,348,A
3-PA,1846,0,346,0,0,346,T
3-PA,1847,0,0,0,348,348,C
3-PA,1848,348,0,0,0,348,A
3-PA,1849,0,0,346,0,346,G
3-PA,1850,344,0,2,0,346,A
3-PA,1851,347,0,3,0,350,A
3-PA,1852,0,0,352,0,352,G
3-PA,1853,0,0,0,343,343,C
3-PA,1854,342,0,0,0,342,A
3-PA,1855,0,345,0,0,345,T
3-PA,1856,0,0,343,0,343,G
3-PA,1857,1,0,353,0,354,G
3-PA,1858,1,0,0,353,354,C
3-PA,1859,1,0,0,360,361,C
3-PA,1860,2,0,0,361,363,C
3-PA,1861,372,0,0,0,372,A
3-PA,1862,0,372,0,0,372,T
3-PA,1863,0,373,0,0,373,T
3-PA,1864,0,1,374,0,375,G
3-PA,1865,0,0,374,0,374,G
3-PA,1866,0,1,367,0,368,G
3-PA,1867,0,0,368,0,368,G
3-PA,1868,345,0,0,0,345,A
3-PA,1869,0,0,349,0,349,G
3-PA,1870,0,340,0,1,341,T
3-PA,1871,1,0,0,341,342,C
3-PA,1872,0,0,0,374,374,C
3-PA,1873,0,0,0,371,371,C
3-PA,1874,0,1,0,371,372,C
3-PA,1875,2,0,0,372,374,C
3-PA,1876,375,0,0,0,375,A
3-PA,1877,372,0,0,0,372,A
3-PA,1878,0,0,373,0,373,G
3-PA,1879,0,1,355,0,356,G
3-PA,1880,0,0,360,0,360,G
3-PA,1881,321,0,1,0,322,A
3-PA,1882,0,0,330,0,330,G
3-PA,1883,1,328,0,0,329,T
3-PA,1884,0,0,333,0,333,G
3-PA,1885,0,1,333,0,334,G
3-PA,1886,331,0,0,0,331,A
3-PA,1887,328,0,0,1,329,A
3-PA,1888,0,0,328,0,328,G
3-PA,1889,330,0,1,0,331,A
3-PA,1890,329,0,1,0,330,A
3-PA,1891,0,0,327,0,327,G
3-PA,1892,0,0,327,0,327,G
3-PA,1893,0,321,0,0,321,T
3-PA,1894,0,316,0,0,316,T
3-PA,1895,1,2,0,316,319,C
3-PA,1896,0,0,0,321,321,C
3-PA,1897,319,0,0,0,319,A
3-PA,1898,0,322,0,0,322,T
3-PA,1899,0,321,0,0,321,T
3-PA,1900,0,1,320,0,321,G
3-PA,1901,0,0,322,0,322,G
3-PA,1902,0,0,316,0,316,G
3-PA,1903,322,0,0,0,322,A
3-PA,1904,321,0,0,0,321,A
3-PA,1905,324,0,0,0,324,A
3-PA,1906,0,0,336,0,336,G
3-PA,1907,0,332,0,0,332,T
3-PA,1908,0,0,0,335,335,C
3-PA,1909,0,331,0,0,331,T
3-PA,1910,0,0,331,0,331,G
3-PA,1911,0,333,0,0,333,T
3-PA,1912,333,0,0,0,333,A
3-PA,1913,0,1,334,0,335,G
3-PA,1914,0,1,328,0,329,G
3-PA,1915,318,0,0,0,318,A
3-PA,1916,0,0,0,318,318,C
3-PA,1917,0,306,0,0,306,T
3-PA,1918,0,0,0,326,326,C
3-PA,1919,0,321,0,0,321,T
3-PA,1920,323,0,0,0,323,A
3-PA,1921,0,321,0,0,321,T
3-PA,1922,0,320,0,0,320,T
3-PA,1923,0,0,325,1,326,G
3-PA,1924,0,0,322,0,322,G
3-PA,1925,0,0,0,318,318,C
3-PA,1926,0,314,0,0,314,T
3-PA,1927,295,0,1,0,296,A
3-PA,1928,295,0,0,0,295,A
3-PA,1929,0,0,297,0,297,G
3-PA,1930,0,296,0,0,296,T
3-PA,1931,0,0,0,298,298,C
3-PA,1932,290,0,0,0,290,A
3-PA,1933,0,0,306,0,306,G
3-PA,1934,0,305,0,0,305,T
3-PA,1935,318,0,0,0,318,A
3-PA,1936,0,318,0,0,318,T
3-PA,1937,0,316,0,0,316,T
3-PA,1938,1,1,0,316,318,C
3-PA,1939,316,0,0,0,316,A
3-PA,1940,319,0,0,0,319,A
3-PA,1941,0,316,1,0,317,T
3-PA,1942,310,0,0,0,310,A
3-PA,1943,0,0,309,0,309,G
3-PA,1944,0,0,0,306,306,C
3-PA,1945,0,0,0,309,309,C
3-PA,1946,0,303,0,0,303,T
3-PA,1947,0,0,307,0,307,G
3-PA,1948,0,309,0,0,309,T
3-PA,1949,310,0,0,0,310,A
3-PA,1950,0,307,0,1,308,T
3-PA,1951,0,0,304,0,304,G
3-PA,1952,0,0,0,301,301,C
3-PA,1953,297,0,0,0,297,A
3-PA,1954,0,292,0,0,292,T
3-PA,1955,0,0,0,292,292,C
3-PA,1956,289,0,0,0,289,A
3-PA,1957,0,0,0,295,295,C
3-PA,1958,1,0,0,293,294,C
3-PA,1959,293,0,0,0,293,A
3-PA,1960,0,0,0,298,298,C
3-PA,1961,289,0,0,0,289,A
3-PA,1962,294,0,0,0,294,A
3-PA,1963,0,291,0,0,291,T
3-PA,1964,0,290,0,0,290,T
3-PA,1965,0,0,290,0,290,G
3-PA,1966,0,1,282,0,283,G
3-PA,1967,281,1,0,0,282,A
3-PA,1968,280,0,0,0,280,A
3-PA,1969,0,0,277,0,277,G
3-PA,1970,0,0,281,0,281,G
3-PA,1971,279,0,0,0,279,A
3-PA,1972,0,279,0,0,279,T
3-PA,1973,0,279,1,0,280,T
3-PA,1974,0,279,0,0,279,T
3-PA,1975,0,277,0,0,277,T
3-PA,1976,0,0,0,277,277,C
3-PA,1977,278,0,0,0,278,A
3-PA,1978,0,0,279,0,279,G
3-PA,1979,0,0,0,273,273,C
3-PA,1980,1,1,271,0,273,G
3-PA,1981,0,0,274,0,274,G
3-PA,1982,274,1,0,0,275,A
3-PA,1983,0,0,281,0,281,G
3-PA,1984,0,278,0,1,279,T
3-PA,1985,0,0,0,286,286,C
3-PA,1986,286,0,2,0,288,A
3-PA,1987,289,0,0,0,289,A
3-PA,1988,0,1,289,0,290,G
3-PA,1989,289,0,0,0,289,A
3-PA,1990,285,0,0,0,285,A
3-PA,1991,285,0,0,0,285,A
3-PA,1992,279,0,0,0,279,A
3-PA,1993,0,0,0,282,282,C
3-PA,1994,0,275,0,0,275,T
3-PA,1995,0,1,279,0,280,G
3-PA,1996,0,0,0,275,275,C
3-PA,1997,0,274,0,0,274,T
3-PA,1998,1,0,0,271,272,C
3-PA,1999,0,0,0,275,275,C
3-PA,2000,0,276,0,0,276,T
3-PA,2001,1,275,0,0,276,T
3-PA,2002,0,0,277,0,277,G
3-PA,2003,0,276,0,0,276,T
3-PA,2004,0,271,0,0,271,T
3-PA,2005,0,0,273,0,273,G
3-PA,2006,1,269,0,0,270,T
3-PA,2007,0,266,0,0,266,T
3-PA,2008,1,0,0,268,269,C
3-PA,2009,262,0,0,0,262,A
3-PA,2010,0,0,260,0,260,G
3-PA,2011,0,0,259,0,259,G
3-PA,2012,0,0,0,262,262,C
3-PA,2013,0,252,0,0,252,T
3-PA,2014,0,0,0,262,262,C
3-PA,2015,0,262,0,0,262,T
3-PA,2016,0,262,0,0,262,T
3-PA,2017,264,0,0,0,264,A
3-PA,2018,0,1,260,0,261,G
3-PA,2019,0,0,254,0,254,G
3-PA,2020,0,0,250,0,250,G
3-PA,2021,244,0,0,0,244,A
3-PA,2022,0,0,0,243,243,C
3-PA,2023,220,0,0,0,220,A
3-PA,2024,224,0,0,0,224,A
3-PA,2025,0,0,0,226,226,C
3-PA,2026,0,0,0,226,226,C
3-PA,2027,0,226,0,0,226,T
3-PA,2028,0,0,0,223,223,C
3-PA,2029,0,0,223,0,223,G
3-PA,2030,224,0,0,0,224,A
3-PA,2031,222,0,0,0,222,A
3-PA,2032,0,0,0,222,222,C
3-PA,2033,1,0,0,211,212,C
3-PA,2034,0,208,0,0,208,T
3-PA,2035,0,0,207,0,207,G
3-PA,2036,0,0,205,0,205,G
3-PA,2037,0,0,207,0,207,G
3-PA,2038,206,0,0,0,206,A
3-PA,2039,0,0,0,205,205,C
3-PA,2040,0,0,0,203,203,C
3-PA,2041,0,182,0,0,182,T
3-PA,2042,0,181,0,0,181,T
3-PA,2043,0,183,0,0,183,T
3-PA,2044,0,1,183,0,184,G
3-PA,2045,183,0,0,0,183,A
3-PA,2046,0,183,0,0,183,T
3-PA,2047,0,0,0,184,184,C
3-PA,2048,0,178,0,0,178,T
3-PA,2049,0,177,0,0,177,T
3-PA,2050,0,0,177,0,177,G
3-PA,2051,0,0,175,0,175,G
3-PA,2052,0,0,174,0,174,G
3-PA,2053,0,0,176,0,176,G
3-PA,2054,0,0,168,0,168,G
3-PA,2055,1,0,172,0,173,G
3-PA,2056,0,0,0,173,173,C
3-PA,2057,0,170,0,0,170,T
3-PA,2058,175,0,0,0,175,A
3-PA,2059,0,174,0,0,174,T
3-PA,2060,175,0,0,0,175,A
3-PA,2061,0,173,0,0,173,T
3-PA,2062,0,0,166,0,166,G
3-PA,2063,164,0,0,1,165,A
3-PA,2064,157,0,1,0,158,A
3-PA,2065,0,0,160,0,160,G
3-PA,2066,0,0,0,160,160,C
3-PA,2067,154,0,0,0,154,A
3-PA,2068,159,0,0,0,159,A
3-PA,2069,0,158,0,0,158,T
3-PA,2070,0,157,0,0,157,T
3-PA,2071,0,0,160,0,160,G
3-PA,2072,155,0,0,0,155,A
3-PA,2073,0,0,156,0,156,G
3-PA,2074,0,0,157,0,157,G
3-PA,2075,142,0,0,0,142,A
3-PA,2076,0,0,148,0,148,G
3-PA,2077,0,128,0,0,128,T
3-PA,2078,0,0,126,0,126,G
3-PA,2079,0,0,0,123,123,C
3-PA,2080,0,0,0,127,127,C
3-PA,2081,0,127,0,0,127,T
3-PA,2082,0,0,128,0,128,G
3-PA,2083,127,0,0,0,127,A
3-PA,2084,0,127,0,0,127,T
3-PA,2085,0,122,0,0,122,T
3-PA,2086,120,0,0,0,120,A
3-PA,2087,121,0,0,0,121,A
3-PA,2088,0,118,0,0,118,T
3-PA,2089,0,1,113,0,114,G
3-PA,2090,113,0,0,0,113,A
3-PA,2091,0,114,0,0,114,T
3-PA,2092,0,0,0,114,114,C
3-PA,2093,0,0,0,114,114,C
3-PA,2094,0,0,0,112,112,C
3-PA,2095,0,109,0,0,109,T
3-PA,2096,0,0,110,0,110,G
3-PA,2097,0,0,110,0,110,G
3-PA,2098,0,0,110,0,110,G
3-PA,2099,0,111,0,0,111,T
3-PA,2100,0,104,0,0,104,T
3-PA,2101,0,103,0,0,103,T
3-PA,2102,1,102,0,0,103,T
3-PA,2103,0,0,102,0,102,G
3-PA,2104,0,0,0,104,104,C
3-PA,2105,0,100,0,0,100,T
3-PA,2106,0,0,0,98,98,C
3-PA,2107,91,0,0,0,91,A
3-PA,2108,92,0,0,0,92,A
3-PA,2109,0,92,0,0,92,T
3-PA,2110,0,0,91,0,91,G
3-PA,2111,0,0,0,91,91,C
3-PA,2112,0,0,89,0,89,G
3-PA,2113,0,88,0,1,89,T
3-PA,2114,0,0,0,91,91,C
3-PA,2115,0,88,0,0,88,T
3-PA,2116,0,87,0,0,87,T
3-PA,2117,0,0,85,0,85,G
3-PA,2118,0,0,88,0,88,G
3-PA,2119,0,87,0,0,87,T
3-PA,2120,0,88,0,0,88,T
3-PA,2121,1,0,0,85,86,C
3-PA,2122,83,1,0,0,84,A
3-PA,2123,87,0,0,0,87,A
3-PA,2124,0,0,0,84,84,C
3-PA,2125,0,85,0,0,85,T
3-PA,2126,0,0,0,83,83,C
3-PA,2127,0,0,0,79,79,C
3-PA,2128,0,78,0,0,78,T
3-PA,2129,0,78,0,0,78,T
3-PA,2130,0,0,0,78,78,C
3-PA,2131,0,0,0,78,78,C
3-PA,2132,0,76,0,0,76,T
3-PA,2133,0,0,77,0,77,G
3-PA,2134,75,0,0,0,75,A
3-PA,2135,0,0,0,76,76,C
3-PA,2136,68,0,0,0,68,A
3-PA,2137,0,0,0,58,58,C
3-PA,2138,56,0,0,0,56,A
3-PA,2139,0,56,0,0,56,T
3-PA,2140,0,0,56,0,56,G
3-PA,2141,0,0,0,54,54,C
3-PA,2142,53,0,0,0,53,A
3-PA,2143,0,53,0,0,53,T
3-PA,2144,1,50,0,0,51,T
3-PA,2145,51,0,0,0,51,A
3-PA,2146,51,0,0,0,51,A
3-PA,2147,52,0,0,0,52,A
3-PA,2148,52,0,0,0,52,A
3-PA,2149,0,51,0,0,51,T
3-PA,2150,35,0,0,0,35,A
3-PA,2151,0,0,35,0,35,G
4-HA,1,413,0,0,0,413,A
4-HA,2,0,413,0,0,413,T
4-HA,3,0,0,421,0,421,G
4-HA,4,429,0,0,0,429,A
4-HA,5,438,0,0,0,438,A
4-HA,6,0,0,471,0,471,G
4-HA,7,473,0,0,0,473,A
4-HA,8,0,1,0,511,512,C
4-HA,9,0,513,0,0,513,T
4-HA,10,528,0,0,0,528,A
4-HA,11,0,558,0,0,558,T
4-HA,12,0,0,0,557,557,C
4-HA,13,558,0,0,0,558,A
4-HA,14,0,558,0,1,559,T
4-HA,15,0,561,0,0,561,T
4-HA,16,0,0,615,0,615,G
4-HA,17,0,0,0,612,612,C
4-HA,18,0,618,0,0,618,T
4-HA,19,1,614,0,0,615,T
4-HA,20,0,621,0,0,621,T
4-HA,21,0,0,675,0,675,G
4-HA,22,680,0,1,0,681,A
4-HA,23,0,0,701,0,701,G
4-HA,24,0,0,0,697,697,C
4-HA,25,0,704,0,0,704,T
4-HA,26,757,0,1,0,758,A
4-HA,27,0,0,0,771,771,C
4-HA,28,785,0,0,0,785,A
4-HA,29,0,843,0,0,843,T
4-HA,30,0,834,0,3,837,T
4-HA,31,0,0,0,850,850,C
4-HA,32,0,845,0,0,845,T
4-HA,33,851,0,0,0,851,A
4-HA,34,0,856,0,0,856,T
4-HA,35,0,0,866,0,866,G
4-HA,36,0,863,0,0,863,T
4-HA,37,0,0,0,863,863,C
4-HA,38,0,863,0,1,864,T
4-HA,39,1,1,861,0,863,G
4-HA,40,0,1,858,1,860,G
4-HA,41,0,863,0,0,863,T
4-HA,42,0,860,0,0,860,T
4-HA,43,0,858,0,0,858,T
4-HA,44,0,862,0,0,862,T
4-HA,45,0,0,0,863,863,C
4-HA,46,1,1,861,0,863,G
4-HA,47,0,0,0,876,876,C
4-HA,48,1,863,0,2,866,T
4-HA,49,2,0,0,876,878,C
4-HA,50,880,1,0,0,881,A
4-HA,51,885,0,0,0,885,A
4-HA,52,883,0,0,0,883,A
4-HA,53,885,0,0,0,885,A
4-HA,54,882,0,0,1,883,A
4-HA,55,0,0,0,898,898,C
4-HA,56,0,893,0,0,893,T
4-HA,57,0,893,0,0,893,T
4-HA,58,0,2,0,892,894,C
4-HA,59,0,0,0,896,896,C
4-HA,60,0,895,0,0,895,T
4-HA,61,3,0,901,0,904,G
4-HA,62,0,0,901,0,901,G
4-HA,63,906,0,0,1,907,A
4-HA,64,918,0,0,0,918,A
4-HA,65,918,0,0,0,918,A
4-HA,66,0,935,0,0,935,T
4-HA,67,0,1,945,0,946,G
4-HA,68,944,0,0,1,945,A
4-HA,69,0,0,0,966,966,C
4-HA,70,962,0,0,0,962,A
4-HA,71,961,0,0,1,962,A
4-HA,72,0,1,0,979,980,C
4-HA,73,977,0,0,0,977,A
4-HA,74,0,0,987,0,987,G
4-HA,75,0,0,0,980,980,C
4-HA,76,984,0,1,0,985,A
4-HA,77,0,0,0,1037,1037,C
4-HA,78,0,0,1037,0,1037,G
4-HA,79,1,0,1043,0,1044,G
4-HA,80,0,0,0,1052,1052,C
4-HA,81,1049,0,0,0,1049,A
4-HA,82,1066,0,0,0,1066,A
4-HA,83,0,0,0,1077,1077,C
4-HA,84,0,0,1096,0,1096,G
4-HA,85,1,0,0,1100,1101,C
4-HA,86,0,1082,0,0,1082,T
4-HA,87,0,0,1099,0,1099,G
4-HA,88,0,1095,0,0,1095,T
4-HA,89,1,0,1145,0,1146,G
4-HA,90,0,0,0,1159,1159,C
4-HA,91,1,0,0,1192,1193,C
4-HA,92,0,1191,0,1,1192,T
4-HA,93,0,1184,0,0,1184,T
4-HA,94,1,0,1188,0,1189,G
4-HA,95,0,1,1194,0,1195,G
4-HA,96,1,0,1208,0,1209,G
4-HA,97,0,1,0,1207,1208,C
4-HA,98,1210,0,0,0,1210,A
4-HA,99,0,1,0,1217,1218,C
4-HA,100,0,0,0,1201,1201,C
4-HA,101,1323,0,3,0,1326,A
4-HA,102,0,1334,0,0,1334,T
4-HA,103,0,1,1335,0,1336,G
4-HA,104,0,0,0,1337,1337,C
4-HA,105,1313,0,1,0,1314,A
4-HA,106,0,0,1398,0,1398,G
4-HA,107,0,1399,0,0,1399,T
4-HA,108,1407,0,0,0,1407,A
4-HA,109,0,0,0,1397,1397,C
4-HA,110,0,0,0,1341,1341,C
4-HA,111,1343,0,0,0,1343,A
4-HA,112,1342,0,0,0,1342,A
4-HA,113,1344,0,0,0,1344,A
4-HA,114,0,2,0,1346,1348,C
4-HA,115,0,0,1306,0,1306,G
4-HA,116,0,3,1315,0,1318,G
4-HA,117,1308,0,2,1,1311,A
4-HA,118,1314,0,1,0,1315,A
4-HA,119,0,0,0,1316,1316,C
4-HA,120,0,3,1318,0,1321,G
4-HA,121,1328,0,0,0,1328,A
4-HA,122,0,1336,0,0,1336,T
4-HA,123,1338,0,0,0,1338,A
4-HA,124,0,0,1343,0,1343,G
4-HA,125,1,1321,0,0,1322,T
4-HA,126,0,1,1327,0,1328,G
4-HA,127,1329,0,0,0,1329,A
4-HA,128,1336,0,0,0,1336,A
4-HA,129,1333,1,0,0,1334,A
4-HA,130,1334,0,1,0,1335,A
4-HA,131,0,0,0,1352,1352,C
4-HA,132,1353,1,0,0,1354,A
4-HA,133,1356,0,0,0,1356,A
4-HA,134,1,1338,0,2,1341,T
4-HA,135,0,0,0,1345,1345,C
4-HA,136,1346,0,0,0,1346,A
4-HA,137,1,0,0,1354,1355,C
4-HA,138,1,1,1348,0,1350,G
4-HA,139,1344,1,1,0,1346,A
4-HA,140,1342,0,1,0,1343,A
4-HA,141,0,1342,0,0,1342,T
4-HA,142,0,2,1341,0,1343,G
4-HA,143,1348,1,0,0,1349,A
4-HA,144,0,0,0,1346,1346,C
4-HA,145,1,1,0,1343,1345,C
4-HA,146,1365,0,0,0,1365,A
4-HA,147,1371,0,0,0,1371,A
4-HA,148,1369,0,0,0,1369,A
4-HA,149,0,1375,0,0,1375,T
4-HA,150,1,1361,0,0,1362,T
4-HA,151,1,0,1379,0,1380,G
4-HA,152,1368,0,0,0,1368,A
4-HA,153,1364,0,10,0,1374,A
4-HA,154,0,0,1380,0,1380,G
4-HA,155,0,1379,0,0,1379,T
4-HA,156,0,1417,0,0,1417,T
4-HA,157,1425,0,0,0,1425,A
4-HA,158,0,0,0,1432,1432,C
4-HA,159,0,1435,0,0,1435,T
4-HA,160,1428,0,2,0,1430,A
4-HA,161,1469,0,1,0,1470,A
4-HA,162,0,1471,0,0,1471,T
4-HA,163,1,0,1472,0,1473,G
4-HA,164,0,0,0,1527,1527,C
4-HA,165,0,1506,0,1,1507,T
4-HA,166,1508,1,2,0,1511,A
4-HA,167,0,0,0,1504,1504,C
4-HA,168,0,1501,0,0,1501,T
4-HA,169,0,3,1509,0,1512,G
4-HA,170,1486,1,1,0,1488,A
4-HA,171,1,0,1502,0,1503,G
4-HA,172,0,0,0,1497,1497,C
4-HA,173,0,1450,0,0,1450,T
4-HA,174,1,0,1493,0,1494,G
4-HA,175,1,0,1521,0,1522,G
4-HA,176,0,1529,1,0,1530,T
4-HA,177,0,1525,0,1,1526,T
4-HA,178,1,0,0,1524,1525,C
4-HA,179,1512,0,3,0,1515,A
4-HA,180,0,1,1518,0,1519,G
4-HA,181,1519,0,1,0,1520,A
4-HA,182,0,0,1552,0,1552,G
4-HA,183,0,1523,0,2,1525,T
4-HA,184,0,1491,0,1,1492,T
4-HA,185,0,0,0,1488,1488,C
4-HA,186,1,0,0,1505,1506,C
4-HA,187,0,1482,0,0,1482,T
4-HA,188,0,0,0,1509,1509,C
4-HA,189,1505,0,0,0,1505,A
4-HA,190,1505,0,0,0,1505,A
4-HA,191,0,0,0,1513,1513,C
4-HA,192,1478,0,1,0,1479,A
4-HA,193,0,1,1507,0,1508,G
4-HA,194,0,0,1506,0,1506,G
4-HA,195,0,1498,1,0,1499,T
4-HA,196,1,2,1501,0,1504,G
4-HA,197,1508,0,3,0,1511,A
4-HA,198,1509,0,0,0,1509,A
4-HA,199,1552,1,1,0,1554,A
4-HA,200,0,1551,0,0,1551,T
4-HA,201,1575,0,0,0,1575,A
4-HA,202,2,1547,0,0,1549,T
4-HA,203,1,0,1545,0,1546,G
4-HA,204,0,5,0,1547,1552,C
4-HA,205,0,3,1554,0,1557,G
4-HA,206,1551,1,0,0,1552,A
4-HA,207,0,0,0,1551,1551,C
4-HA,208,1511,0,0,0,1511,A
4-HA,209,0,0,1623,0,1623,G
4-HA,210,0,1608,1,3,1612,T
4-HA,211,3,0,0,1626,1629,C
4-HA,212,2,0,0,1625,1627,C
4-HA,213,0,1613,0,1,1614,T
4-HA,214,1,0,0,1641,1642,C
4-HA,215,1641,0,1,0,1642,A
4-HA,216,0,1644,0,0,1644,T
4-HA,217,0,2,0,1644,1646,C
4-HA,218,1570,0,0,0,1570,A
4-HA,219,1,1,1581,0,1583,G
4-HA,220,1552,0,0,0,1552,A
4-HA,221,1,1554,0,0,1555,T
4-HA,222,0,0,0,1575,1575,C
4-HA,223,1,1,0,1542,1544,C
4-HA,224,0,1541,0,0,1541,T
4-HA,225,0,1541,1,2,1544,T
4-HA,226,0,0,1544,0,1544,G
4-HA,227,1543,2,1,0,1546,A
4-HA,228,0,1540,0,1,1541,T
4-HA,229,0,1,1544,0,1545,G
4-HA,230,0,0,1549,0,1549,G
4-HA,231,1531,1,3,0,1535,A
4-HA,232,0,1,1538,0,1539,G
4-HA,233,1529,0,2,0,1531,A
4-HA,234,1526,0,0,0,1526,A
4-HA,235,1535,0,0,0,1535,A
4-HA,236,1541,0,1,0,1542,A
4-HA,237,0,0,0,1558,1558,C
4-HA,238,0,1543,0,0,1543,T
4-HA,239,0,0,1544,0,1544,G
4-HA,240,0,1,1,1535,1537,C
4-HA,241,1543,0,0,0,1543,A
4-HA,242,0,1,0,1612,1613,C
4-HA,243,1612,0,1,0,1613,A
4-HA,244,0,0,0,1866,1866,C
4-HA,245,0,1860,1,1,1862,T
4-HA,246,1902,0,1,0,1903,A
4-HA,247,1903,0,0,0,1903,A
4-HA,248,1,1900,0,0,1901,T
4-HA,249,1878,0,0,1,1879,A
4-HA,250,0,0,1887,0,1887,G
4-HA,251,1853,0,0,0,1853,A
4-HA,252,0,1830,0,1,1831,T
4-HA,253,1,1,1726,0,1728,G
4-HA,254,0,0,0,1738,1738,C
4-HA,255,0,1711,1,1,1713,T
4-HA,256,0,0,0,1882,1882,C
4-HA,257,0,1877,0,1,1878,T
4-HA,258,1940,0,1,0,1941,A
4-HA,259,0,1934,0,1,1935,T
4-HA,260,0,1934,0,0,1934,T
4-HA,261,0,0,1949,0,1949,G
4-HA,262,1,2,1937,0,1940,G
4-HA,263,0,2,1942,0,1944,G
4-HA,264,1899,0,3,0,1902,A
4-HA,265,0,0,1875,0,1875,G
4-HA,266,1813,0,4,0,1817,A
4-HA,267,0,1,1,2094,2096,C
4-HA,268,2,2,0,2135,2139,C
4-HA,269,3,0,0,2156,2159,C
4-HA,270,1,2139,0,0,2140,T
4-HA,271,2,0,0,2216,2218,C
4-HA,272,2213,0,2,0,2215,A
4-HA,273,0,0,2372,0,2372,G
4-HA,274,0,2370,0,0,2370,T
4-HA,275,0,1,2397,0,2398,G
4-HA,276,1,2328,1,0,2330,T
4-HA,277,0,0,2312,0,2312,G
4-HA,278,2309,1,5,0,2315,A
4-HA,279,0,2312,0,0,2312,T
4-HA,280,0,1,2285,0,2286,G
4-HA,281,0,0,2276,0,2276,G
4-HA,282,1,1,0,2244,2246,C
4-HA,283,0,2248,0,2,2250,T
4-HA,284,0,2245,0,1,2246,T
4-HA,285,0,0,0,2244,2244,C
4-HA,286,0,0,0,2242,2242,C
4-HA,287,2253,0,0,0,2253,A
4-HA,288,2253,2,2,0,2257,A
4-HA,289,2255,0,0,0,2255,A
4-HA,290,2265,0,1,0,2266,A
4-HA,291,0,2271,0,0,2271,T
4-HA,292,2266,0,0,0,2266,A
4-HA,293,2270,0,0,0,2270,A
4-HA,294,0,3,2290,0,2293,G
4-HA,295,2283,0,1,0,2284,A
4-HA,296,2303,0,0,0,2303,A
4-HA,297,2303,0,2,0,2305,A
4-HA,298,0,2307,0,0,2307,T
4-HA,299,1,5,2295,0,2301,G
4-HA,300,1,4,2279,0,2284,G
4-HA,301,1,2,2277,0,2280,G
4-HA,302,2287,0,2,0,2289,A
4-HA,303,0,0,0,2310,2310,C
4-HA,304,2,0,0,2312,2314,C
4-HA,305,1,2347,0,2,2350,T
4-HA,306,0,2352,0,0,2352,T
4-HA,307,0,2345,0,0,2345,T
4-HA,308,0,2368,0,1,2369,T
4-HA,309,0,2376,0,1,2377,T
4-HA,310,0,0,2394,0,2394,G
4-HA,311,0,2389,0,1,2390,T
4-HA,312,0,2372,0,1,2373,T
4-HA,313,2,1,2372,0,2375,G
4-HA,314,2348,0,0,0,2348,A
4-HA,315,2367,0,2,0,2369,A
4-HA,316,1,1,0,2375,2377,C
4-HA,317,0,0,2370,0,2370,G
4-HA,318,0,0,0,2427,2427,C
4-HA,319,2429,1,1,0,2431,A
4-HA,320,1,0,2447,0,2448,G
4-HA,321,2,3,0,2442,2447,C
4-HA,322,2451,0,1,0,2452,A
4-HA,323,2444,0,0,0,2444,A
4-HA,324,2438,0,2,0,2440,A
4-HA,325,0,0,2581,0,2581,G
4-HA,326,1,0,0,2579,2580,C
4-HA,327,0,0,0,2572,2572,C
4-HA,328,0,2573,0,1,2574,T
4-HA,329,2571,0,0,0,2571,A
4-HA,330,0,1,0,2600,2601,C
4-HA,331,2593,1,2,0,2596,A
4-HA,332,2,0,2588,0,2590,G
4-HA,333,0,0,0,2582,2582,C
4-HA,334,2497,2,0,0,2499,A
4-HA,335,2528,0,3,0,2531,A
4-HA,336,0,0,0,2650,2650,C
4-HA,337,0,2641,0,1,2642,T
4-HA,338,0,2,2654,0,2656,G
4-HA,339,0,2626,0,1,2627,T
4-HA,340,0,2619,0,0,2619,T
4-HA,341,2623,0,1,0,2624,A
4-HA,342,1,0,0,2888,2889,C
4-HA,343,4,0,0,2897,2901,C
4-HA,344,7,1,0,2973,2981,C
4-HA,345,0,2841,0,1,2842,T
4-HA,346,0,2852,0,1,2853,T
4-HA,347,2863,0,0,0,2863,A
4-HA,348,0,2860,0,1,2861,T
4-HA,349,0,0,2856,0,2856,G
4-HA,350,2832,0,1,1,2834,A
4-HA,351,0,2617,0,0,2617,T
4-HA,352,1,0,2630,0,2631,G
4-HA,353,0,2585,0,1,2586,T
4-HA,354,0,0,2571,0,2571,G
4-HA,355,2,2,0,2567,2571,C
4-HA,356,2,2,0,2580,2584,C
4-HA,357,1,3,2658,0,2662,G
4-HA,358,0,4,2682,0,2686,G
4-HA,359,2692,0,0,0,2692,A
4-HA,360,0,2692,1,0,2693,T
4-HA,361,0,2662,0,1,2663,T
4-HA,362,2674,1,2,1,2678,A
4-HA,363,0,2681,0,0,2681,T
4-HA,364,1,0,2668,0,2669,G
4-HA,365,1,1,0,2666,2668,C
4-HA,366,1,0,0,2663,2664,C
4-HA,367,0,2658,0,6,2664,T
4-HA,368,2,0,0,2825,2827,C
4-HA,369,3,1,0,2830,2834,C
4-HA,370,6,0,0,2848,2854,C
4-HA,371,0,2831,0,3,2834,T
4-HA,372,0,2859,0,0,2859,T
4-HA,373,2839,0,0,0,2839,A
4-HA,374,0,2,2913,0,2915,G
4-HA,375,1,0,2908,0,2909,G
4-HA,376,1,2883,0,0,2884,T
4-HA,377,5,1,0,2808,2814,C
4-HA,378,2797,0,0,0,2797,A
4-HA,379,0,0,1,2884,2885,C
4-HA,380,1,2887,0,0,2888,T
4-HA,381,2895,1,1,1,2898,A
4-HA,382,1,0,2887,0,2888,G
4-HA,383,0,2848,0,1,2849,T
4-HA,384,1,2826,0,0,2827,T
4-HA,385,1,1,2850,0,2852,G
4-HA,386,0,0,0,2854,2854,C
4-HA,387,1,1,0,2852,2854,C
4-HA,388,0,2822,0,1,2823,T
4-HA,389,1,1,0,2844,2846,C
4-HA,390,2960,0,0,0,2960,A
4-HA,391,1,2961,0,2,2964,T
4-HA,392,1,1,0,2959,2961,C
4-HA,393,2,1,0,2965,2968,C
4-HA,394,2,2,2944,0,2948,G
4-HA,395,1,0,2957,0,2958,G
4-HA,396,1,1,0,2966,2968,C
4-HA,397,2995,1,2,0,2998,A
4-HA,398,0,0,0,3040,3040,C
4-HA,399,2967,0,0,0,2967,A
4-HA,400,1,0,0,2982,2983,C
4-HA,401,1,2980,0,1,2982,T
4-HA,402,2,1,2998,0,3001,G
4-HA,403,1,3,3035,0,3039,G
4-HA,404,3002,0,3,0,3005,A
4-HA,405,0,0,3081,0,3081,G
4-HA,406,0,3038,0,0,3038,T
4-HA,407,2,3005,0,0,3007,T
4-HA,408,0,2997,0,15,3012,T
4-HA,409,3000,0,11,1,3012,A
4-HA,410,3014,0,5,0,3019,A
4-HA,411,0,0,0,3040,3040,C
4-HA,412,2990,0,0,0,2990,A
4-HA,413,2982,1,9,0,2992,A
4-HA,414,0,2969,0,2,2971,T
4-HA,415,0,3,2969,1,2973,G
4-HA,416,2952,0,2,0,2954,A
4-HA,417,2959,0,0,0,2959,A
4-HA,418,2945,1,4,1,2951,A
4-HA,419,0,2,2971,0,2973,G
4-HA,420,0,1,0,2991,2992,C
4-HA,421,0,2980,0,4,2984,T
4-HA,422,0,2983,0,1,2984,T
4-HA,423,1,0,0,3008,3009,C
4-HA,424,3031,0,1,0,3032,A
4-HA,425,3040,0,1,0,3041,A
4-HA,426,0,3038,0,2,3040,T
4-HA,427,0,3039,0,0,3039,T
4-HA,428,0,6,3077,1,3084,G
4-HA,429,0,5,3114,1,3120,G
4-HA,430,3126,0,3,0,3129,A
4-HA,431,0,0,0,3133,3133,C
4-HA,432,1,3094,0,2,3097,T
4-HA,433,0,2,3100,1,3103,G
4-HA,434,0,3,3114,0,3117,G
4-HA,435,3092,0,3,0,3095,A
4-HA,436,0,0,3123,0,3123,G
4-HA,437,0,3016,0,2,3018,T
4-HA,438,2,0,0,2964,2966,C
4-HA,439,3012,1,1,0,3014,A
4-HA,440,0,0,0,3033,3033,C
4-HA,441,0,2989,1,1,2991,T
4-HA,442,5,1,0,3013,3019,C
4-HA,443,2975,0,1,0,2976,A
4-HA,444,2998,0,0,1,2999,A
4-HA,445,2983,1,1,0,2985,A
4-HA,446,2998,1,2,1,3002,A
4-HA,447,0,0,0,3014,3014,C
4-HA,448,1,5,2969,0,2975,G
4-HA,449,0,2,3013,0,3015,G
4-HA,450,3010,0,1,1,3012,A
4-HA,451,3008,0,9,0,3017,A
4-HA,452,0,1,0,3032,3033,C
4-HA,453,2999,0,1,0,3000,A
4-HA,454,3040,0,0,0,3040,A
4-HA,455,0,1,3071,0,3072,G
4-HA,456,0,1,0,3074,3075,C
4-HA,457,1,3034,0,2,3037,T
4-HA,458,3,1,0,3071,3075,C
4-HA,459,0,3034,0,2,3036,T
4-HA,460,1,1,3037,0,3039,G
4-HA,461,1,0,0,3056,3057,C
4-HA,462,0,3050,0,3,3053,T
4-HA,463,0,3011,0,3,3014,T
4-HA,464,2,1,3045,0,3048,G
4-HA,465,1,2,0,3051,3054,C
4-HA,466,3060,0,0,0,3060,A
4-HA,467,0,3027,1,2,3030,T
4-HA,468,3013,1,0,1,3015,A
4-HA,469,3010,0,1,0,3011,A
4-HA,470,1,3,3011,0,3015,G
4-HA,471,0,6,3005,0,3011,G
4-HA,472,2973,1,0,0,2974,A
4-HA,473,2880,0,1,1,2882,A
4-HA,474,2899,0,2,1,2902,A
4-HA,475,0,3033,0,0,3033,T
4-HA,476,1,0,0,3083,3084,C
4-HA,477,1,3071,0,1,3073,T
4-HA,478,3067,0,2,0,3069,A
4-HA,479,3065,0,0,0,3065,A
4-HA,480,0,3062,0,1,3063,T
4-HA,481,3059,0,1,1,3061,A
4-HA,482,3063,0,0,0,3063,A
4-HA,483,0,0,0,3092,3092,C
4-HA,484,2962,1,2,0,2965,A
4-HA,485,0,0,3018,0,3018,G
4-HA,486,0,2978,0,1,2979,T
4-HA,487,0,3026,1,0,3027,T
4-HA,488,1,3024,1,1,3027,T
4-HA,489,1,1,0,3125,3127,C
4-HA,490,0,3123,1,1,3125,T
4-HA,491,0,3130,0,0,3130,T
4-HA,492,0,3130,0,0,3130,T
4-HA,493,3114,1,0,0,3115,A
4-HA,494,1,0,3115,1,3117,G
4-HA,495,0,3110,0,0,3110,T
4-HA,496,3079,0,0,0,3079,A
4-HA,497,0,3,3092,0,3095,G
4-HA,498,3025,1,1,0,3027,A
4-HA,499,0,3029,0,5,3034,T
4-HA,500,0,3021,0,2,3023,T
4-HA,501,0,1,3117,0,3118,G
4-HA,502,3100,1,1,0,3102,A
4-HA,503,3109,0,3,0,3112,A
4-HA,504,0,3113,0,0,3113,T
4-HA,505,0,3064,0,0,3064,T
4-HA,506,4,2,3116,0,3122,G
4-HA,507,1,1,3118,0,3120,G
4-HA,508,0,3115,0,1,3116,T
4-HA,509,0,3107,0,1,3108,T
4-HA,510,1,4,3057,0,3062,G
4-HA,511,3063,1,3,1,3068,A
4-HA,512,1,1,0,3064,3066,C
4-HA,513,2,2,0,3041,3045,C
4-HA,514,6,0,0,3037,3043,C
4-HA,515,3029,1,6,0,3036,A
4-HA,516,0,0,0,3058,3058,C
4-HA,517,0,3042,0,1,3043,T
4-HA,518,0,3041,1,1,3043,T
4-HA,519,3055,0,2,0,3057,A
4-HA,520,3053,1,0,0,3054,A
4-HA,521,3052,0,0,1,3053,A
4-HA,522,3067,0,2,0,3069,A
4-HA,523,0,3109,0,0,3109,T
4-HA,524,0,3070,0,0,3070,T
4-HA,525,6,1,1,3101,3109,C
4-HA,526,3098,0,0,0,3098,A
4-HA,527,3094,0,1,1,3096,A
4-HA,528,3109,0,1,0,3110,A
4-HA,529,0,3107,0,1,3108,T
4-HA,530,3189,0,0,0,3189,A
4-HA,531,0,0,0,3188,3188,C
4-HA,532,0,0,0,3130,3130,C
4-HA,533,0,0,0,3146,3146,C
4-HA,534,3122,0,1,0,3123,A
4-HA,535,2,1,3313,0,3316,G
4-HA,536,2,1,0,3321,3324,C
4-HA,537,3329,0,0,0,3329,A
4-HA,538,0,3314,0,0,3314,T
4-HA,539,1,3248,0,1,3250,T
4-HA,540,1,3,3403,0,3407,G
4-HA,541,3410,0,3,0,3413,A
4-HA,542,3405,0,5,0,3410,A
4-HA,543,2,0,0,3419,3421,C
4-HA,544,1,0,3308,0,3309,G
4-HA,545,0,3336,0,2,3338,T
4-HA,546,0,8,3326,0,3334,G
4-HA,547,3343,0,5,1,3349,A
4-HA,548,0,2,0,3348,3350,C
4-HA,549,0,3199,0,1,3200,T
4-HA,550,3338,0,0,0,3338,A
4-HA,551,0,3324,1,0,3325,T
4-HA,552,1,1,3361,0,3363,G
4-HA,553,1,2,0,3348,3351,C
4-HA,554,3,1,0,3304,3308,C
4-HA,555,3317,0,1,0,3318,A
4-HA,556,3315,0,2,0,3317,A
4-HA,557,3368,1,2,1,3372,A
4-HA,558,0,0,0,3373,3373,C
4-HA,559,3270,0,2,0,3272,A
4-HA,560,3285,1,1,0,3287,A
4-HA,561,0,3245,0,3,3248,T
4-HA,562,0,6,3248,0,3254,G
4-HA,563,3246,0,1,0,3247,A
4-HA,564,3249,0,2,0,3251,A
4-HA,565,0,0,0,3167,3167,C
4-HA,566,3185,0,0,1,3186,A
4-HA,567,3211,0,1,0,3212,A
4-HA,568,0,3200,0,0,3200,T
4-HA,569,1,3205,0,0,3206,T
4-HA,570,1,3196,1,0,3198,T
4-HA,571,0,1,3205,0,3206,G
4-HA,572,3216,2,1,0,3219,A
4-HA,573,0,1,0,3221,3222,C
4-HA,574,3209,0,0,0,3209,A
4-HA,575,3213,0,0,0,3213,A
4-HA,576,3259,0,1,0,3260,A
4-HA,577,1,3270,0,1,3272,T
4-HA,578,2,3262,0,1,3265,T
4-HA,579,1,1,3298,0,3300,G
4-HA,580,0,3294,1,1,3296,T
4-HA,581,3303,0,5,0,3308,A
4-HA,582,1,0,0,3372,3373,C
4-HA,583,3398,0,0,0,3398,A
4-HA,584,0,3446,1,1,3448,T
4-HA,585,0,3395,0,1,3396,T
4-HA,586,2,3379,0,0,3381,T
4-HA,587,1,3,3348,1,3353,G
4-HA,588,0,2,3333,0,3335,G
4-HA,589,2,7,3336,0,3345,G
4-HA,590,1,3,3354,0,3358,G
4-HA,591,1,6,3315,0,3322,G
4-HA,592,2,0,3415,1,3418,G
4-HA,593,0,3371,0,4,3375,T
4-HA,594,1,3382,0,1,3384,T
4-HA,595,3,0,0,3387,3390,C
4-HA,596,3403,1,5,0,3409,A
4-HA,597,1,0,0,3428,3429,C
4-HA,598,1,2,0,3429,3432,C
4-HA,599,3443,1,2,0,3446,A
4-HA,600,1,0,0,3479,3480,C
4-HA,601,2,1,0,3422,3425,C
4-HA,602,5,0,0,3384,3389,C
4-HA,603,1,4,3388,0,3393,G
4-HA,604,2,3,3597,0,3602,G
4-HA,605,0,1,3633,0,3634,G
4-HA,606,0,3609,1,6,3616,T
4-HA,607,3638,0,0,0,3638,A
4-HA,608,0,6,0,3592,3598,C
4-HA,609,0,4,3553,0,3557,G
4-HA,610,1,0,3599,0,3600,G
4-HA,611,3613,1,2,0,3616,A
4-HA,612,2,3,0,3594,3599,C
4-HA,613,3388,0,1,0,3389,A
4-HA,614,3392,0,1,0,3393,A
4-HA,615,0,3399,0,1,3400,T
4-HA,616,1,3,3440,0,3444,G
4-HA,617,3443,2,2,0,3447,A
4-HA,618,0,0,0,3429,3429,C
4-HA,619,4,0,1,3383,3388,C
4-HA,620,3397,0,0,0,3397,A
4-HA,621,3382,0,0,0,3382,A
4-HA,622,3434,1,1,0,3436,A
4-HA,623,1,3424,0,0,3425,T
4-HA,624,1,0,0,3468,3469,C
4-HA,625,0,3262,2,2,3266,T
4-HA,626,0,3237,2,0,3239,T
4-HA,627,2,0,0,3295,3297,C
4-HA,628,2,2,0,3314,3318,C
4-HA,629,0,3302,0,2,3304,T
4-HA,630,1,0,3327,0,3328,G
4-HA,631,1,3271,0,2,3274,T
4-HA,632,3299,0,1,0,3300,A
4-HA,633,1,3268,0,1,3270,T
4-HA,634,0,0,3306,0,3306,G
4-HA,635,0,0,1,3318,3319,C
4-HA,636,0,3294,0,0,3294,T
4-HA,637,5,3,0,3299,3307,C
4-HA,638,3317,1,2,0,3320,A
4-HA,639,3285,0,9,1,3295,A
4-HA,640,0,0,3315,0,3315,G
4-HA,641,0,0,0,3310,3310,C
4-HA,642,3309,0,1,1,3311,A
4-HA,643,0,3275,1,1,3277,T
4-HA,644,1,3,0,3237,3241,C
4-HA,645,3251,0,5,0,3256,A
4-HA,646,1,2,3275,0,3278,G
4-HA,647,0,4,3273,0,3277,G
4-HA,648,3259,1,0,0,3260,A
4-HA,649,3244,1,2,0,3247,A
4-HA,650,0,1,3311,0,3312,G
4-HA,651,3310,0,0,0,3310,A
4-HA,652,3347,0,2,0,3349,A
4-HA,653,1,3356,0,2,3359,T
4-HA,654,6,0,1,3357,3364,C
4-HA,655,3348,1,1,0,3350,A
4-HA,656,2,0,1,3345,3348,C
4-HA,657,3335,0,1,0,3336,A
4-HA,658,0,0,3417,0,3417,G
4-HA,659,0,3336,0,1,3337,T
4-HA,660,2,0,0,3376,3378,C
4-HA,661,0,3292,0,1,3293,T
4-HA,662,3,0,0,3432,3435,C
4-HA,663,1,3446,0,1,3448,T
4-HA,664,3480,0,1,0,3481,A
4-HA,665,0,0,0,3464,3464,C
4-HA,666,0,3,0,3460,3463,C
4-HA,667,3415,0,1,0,3416,A
4-HA,668,3415,0,1,0,3416,A
4-HA,669,3391,0,0,1,3392,A
4-HA,670,3391,0,4,0,3395,A
4-HA,671,0,0,3408,0,3408,G
4-HA,672,3308,0,2,0,3310,A
4-HA,673,3304,0,2,0,3306,A
4-HA,674,4,1,3309,0,3314,G
4-HA,675,3,0,1,3319,3323,C
4-HA,676,0,1,0,3320,3321,C
4-HA,677,3324,0,0,0,3324,A
4-HA,678,3334,10,1,0,3345,A
4-HA,679,0,2,0,3344,3346,C
4-HA,680,3341,1,0,0,3342,A
4-HA,681,3312,0,2,10,3324,A
4-HA,682,3346,0,2,0,3348,A
4-HA,683,1,1,0,3446,3448,C
4-HA,684,0,3395,1,1,3397,T
4-HA,685,1,1,3429,0,3431,G
4-HA,686,0,3418,1,1,3420,T
4-HA,687,3409,0,1,0,3410,A
4-HA,688,3415,0,1,0,3416,A
4-HA,689,0,3382,0,2,3384,T
4-HA,690,2,1,0,3421,3424,C
4-HA,691,4,1,1,3413,3419,C
4-HA,692,7,3,0,3328,3338,C
4-HA,693,0,2,3351,0,3353,G
4-HA,694,3337,0,1,1,3339,A
4-HA,695,3345,1,1,0,3347,A
4-HA,696,0,3343,1,0,3344,T
4-HA,697,3357,1,0,0,3358,A
4-HA,698,2,3332,0,1,3335,T
4-HA,699,3,0,0,3325,3328,C
4-HA,700,1,4,3324,0,3329,G
4-HA,701,0,0,3430,0,3430,G
4-HA,702,3432,0,1,0,3433,A
4-HA,703,0,3469,0,0,3469,T
4-HA,704,1,1,0,3490,3492,C
4-HA,705,0,3476,0,2,3478,T
4-HA,706,3469,0,0,0,3469,A
4-HA,707,2,4,3486,0,3492,G
4-HA,708,3504,1,8,0,3513,A
4-HA,709,0,1,0,3491,3492,C
4-HA,710,1,0,0,3340,3341,C
4-HA,711,10,0,0,3352,3362,C
4-HA,712,3321,1,1,0,3323,A
4-HA,713,1,3,3541,1,3546,G
4-HA,714,3534,0,3,1,3538,A
4-HA,715,2,2,3602,0,3606,G
4-HA,716,0,3554,0,0,3554,T
4-HA,717,3532,0,2,0,3534,A
4-HA,718,3521,2,2,0,3525,A
4-HA,719,1,0,3576,0,3577,G
4-HA,720,1,4,3606,0,3611,G
4-HA,721,3557,0,1,2,3560,A
4-HA,722,3275,0,3,1,3279,A
4-HA,723,0,3253,0,0,3253,T
4-HA,724,3266,0,1,0,3267,A
4-HA,725,1,3235,0,0,3236,T
4-HA,726,0,1,0,3279,3280,C
4-HA,727,2,2,0,3261,3265,C
4-HA,728,7,1,0,3194,3202,C
4-HA,729,0,3174,1,1,3176,T
4-HA,730,3188,0,2,0,3190,A
4-HA,731,0,0,3194,0,3194,G
4-HA,732,3,0,0,3203,3206,C
4-HA,733,3122,0,0,0,3122,A
4-HA,734,0,3,3207,0,3210,G
4-HA,735,3154,0,1,0,3155,A
4-HA,736,3153,0,1,0,3154,A
4-HA,737,0,3151,0,0,3151,T
4-HA,738,3155,0,1,0,3156,A
4-HA,739,3157,0,2,0,3159,A
4-HA,740,0,0,3143,0,3143,G
4-HA,741,0,0,0,3163,3163,C
4-HA,742,3167,0,1,0,3168,A
4-HA,743,0,3058,0,3,3061,T
4-HA,744,1,0,0,3243,3244,C
4-HA,745,0,3240,0,4,3244,T
4-HA,746,3258,4,1,0,3263,A
4-HA,747,1,3239,0,1,3241,T
4-HA,748,0,3221,1,1,3223,T
4-HA,749,1,4,3237,0,3242,G
4-HA,750,0,1,3222,0,3223,G
4-HA,751,3214,0,0,0,3214,A
4-HA,752,1,1,0,3207,3209,C
4-HA,753,2865,1,2,0,2868,A
4-HA,754,2949,0,1,0,2950,A
4-HA,755,0,3126,0,0,3126,T
4-HA,756,3176,0,3,0,3179,A
4-HA,757,2,1,3223,0,3226,G
4-HA,758,1,3191,0,1,3193,T
4-HA,759,3191,0,0,0,3191,A
4-HA,760,3191,0,1,0,3192,A
4-HA,761,3266,0,0,1,3267,A
4-HA,762,3305,0,3,1,3309,A
4-HA,763,0,0,0,3359,3359,C
4-HA,764,3,1,0,3165,3169,C
4-HA,765,4,5,3160,0,3169,G
4-HA,766,1,1,3195,0,3197,G
4-HA,767,0,2,3252,0,3254,G
4-HA,768,3237,0,1,1,3239,A
4-HA,769,1,1,3303,0,3305,G
4-HA,770,3386,0,2,0,3388,A
4-HA,771,0,6,0,3397,3403,C
4-HA,772,3411,0,2,5,3418,A
4-HA,773,0,3425,0,1,3426,T
4-HA,774,3436,0,2,0,3438,A
4-HA,775,0,0,0,3531,3531,C
4-HA,776,2,3486,0,4,3492,T
4-HA,777,0,3533,0,2,3535,T
4-HA,778,0,3562,1,4,3567,T
4-HA,779,0,3523,0,1,3524,T
4-HA,780,0,6,3605,0,3611,G
4-HA,781,3613,0,0,0,3613,A
4-HA,782,0,3625,1,2,3628,T
4-HA,783,2,3767,0,0,3769,T
4-HA,784,3750,0,1,0,3751,A
4-HA,785,3776,0,1,0,3777,A
4-HA,786,0,0,2,3834,3836,C
4-HA,787,3816,1,6,1,3824,A
4-HA,788,1,2,4084,0,4087,G
4-HA,789,1,1,0,4056,4058,C
4-HA,790,4070,1,0,1,4072,A
4-HA,791,0,2,0,4109,4111,C
4-HA,792,4074,0,7,0,4081,A
4-HA,793,1,8,4161,0,4170,G
4-HA,794,3,7,4154,1,4165,G
4-HA,795,0,2,4356,0,4358,G
4-HA,796,4297,2,1,0,4300,A
4-HA,797,4420,0,8,0,4428,A
4-HA,798,0,4437,1,4,4442,T
4-HA,799,3,0,0,4460,4463,C
4-HA,800,0,4520,0,2,4522,T
4-HA,801,4539,0,2,1,4542,A
4-HA,802,4524,0,1,0,4525,A
4-HA,803,0,4519,0,1,4520,T
4-HA,804,0,4380,0,2,4382,T
4-HA,805,1,2,4443,0,4446,G
4-HA,806,1,2,0,4591,4594,C
4-HA,807,1,4689,0,3,4693,T
4-HA,808,7,1,0,4898,4906,C
4-HA,809,2,2,0,4905,4909,C
4-HA,810,0,4877,0,1,4878,T
4-HA,811,4898,0,0,0,4898,A
4-HA,812,5,8,4891,1,4905,G
4-HA,813,0,8,4956,0,4964,G
4-HA,814,0,5,4989,0,4994,G
4-HA,815,6,1,4961,0,4968,G
4-HA,816,0,4886,0,1,4887,T
4-HA,817,0,4844,0,2,4846,T
4-HA,818,4833,0,1,1,4835,A
4-HA,819,0,4805,1,1,4807,T
4-HA,820,1,4842,0,2,4845,T
4-HA,821,1,4858,0,2,4861,T
4-HA,822,1,11,1,4841,4854,C
4-HA,823,4847,0,1,0,4848,A
4-HA,824,4855,0,1,0,4856,A
4-HA,825,4876,1,2,0,4879,A
4-HA,826,4936,0,0,1,4937,A
4-HA,827,0,4941,1,1,4943,T
4-HA,828,4953,0,0,0,4953,A
4-HA,829,0,1,0,4940,4941,C
4-HA,830,0,5,4942,0,4947,G
4-HA,831,4935,0,12,0,4947,A
4-HA,832,4939,1,2,0,4942,A
4-HA,833,1,1,5060,0,5062,G
4-HA,834,0,5060,2,3,5065,T
4-HA,835,2,7,5131,1,5141,G
4-HA,836,0,1,5145,1,5147,G
4-HA,837,4,2,5151,2,5159,G
4-HA,838,5152,0,3,0,5155,A
4-HA,839,5169,0,2,0,5171,A
4-HA,840,5191,0,4,0,5195,A
4-HA,841,5148,0,7,0,5155,A
4-HA,842,0,0,5321,1,5322,G
4-HA,843,0,21,0,5316,5337,C
4-HA,844,1,5259,0,4,5264,T
4-HA,845,4,2,0,5366,5372,C
4-HA,846,5393,0,6,0,5399,A
4-HA,847,5475,0,1,1,5477,A
4-HA,848,0,5462,1,0,5463,T
4-HA,849,5520,4,1,1,5526,A
4-HA,850,5529,1,2,1,5533,A
4-HA,851,0,5433,0,2,5435,T
4-HA,852,3,5,5445,1,5454,G
4-HA,853,5407,4,5,1,5417,A
4-HA,854,0,3,5658,0,5661,G
4-HA,855,5662,0,2,0,5664,A
4-HA,856,2,5596,1,2,5601,T
4-HA,857,4,0,0,5759,5763,C
4-HA,858,5755,0,2,0,5757,A
4-HA,859,0,2,5910,0,5912,G
4-HA,860,5898,0,2,1,5901,A
4-HA,861,0,5898,0,3,5901,T
4-HA,862,4,1,5883,0,5888,G
4-HA,863,2,1,0,5789,5792,C
4-HA,864,5809,0,3,0,5812,A
4-HA,865,1,2,0,5920,5923,C
4-HA,866,7,1,0,5834,5842,C
4-HA,867,17,0,0,5867,5884,C
4-HA,868,5773,0,1,0,5774,A
4-HA,869,0,5759,0,1,5760,T
4-HA,870,1,5764,0,3,5768,T
4-HA,871,0,3,5851,0,5854,G
4-HA,872,4,2,5827,1,5834,G
4-HA,873,2,2,0,5847,5851,C
4-HA,874,5732,1,0,0,5733,A
4-HA,875,5733,0,3,0,5736,A
4-HA,876,5889,0,1,0,5890,A
4-HA,877,0,5894,1,3,5898,T
4-HA,878,1,0,5899,0,5900,G
4-HA,879,0,3,0,5890,5893,C
4-HA,880,5853,0,1,0,5854,A
4-HA,881,6045,1,2,0,6048,A
4-HA,882,1,6042,0,0,6043,T
4-HA,883,0,6081,0,1,6082,T
4-HA,884,8,0,0,6100,6108,C
4-HA,885,1,5983,1,2,5987,T
4-HA,886,2,3,6061,0,6066,G
4-HA,887,6047,0,2,0,6049,A
4-HA,888,6077,0,3,1,6081,A
4-HA,889,0,6082,0,4,6086,T
4-HA,890,1,1,5989,0,5991,G
4-HA,891,1,2,0,6025,6028,C
4-HA,892,6030,0,2,0,6032,A
4-HA,893,2,6002,0,4,6008,T
4-HA,894,4,1,0,6006,6011,C
4-HA,895,6010,0,2,0,6012,A
4-HA,896,1,0,0,6342,6343,C
4-HA,897,1,6273,1,7,6282,T
4-HA,898,6,2,0,6309,6317,C
4-HA,899,7,0,1,6303,6311,C
4-HA,900,6358,0,1,0,6359,A
4-HA,901,6341,1,2,0,6344,A
4-HA,902,6349,2,2,1,6354,A
4-HA,903,0,6049,0,2,6051,T
4-HA,904,1,3,6099,0,6103,G
4-HA,905,0,1,6104,0,6105,G
4-HA,906,6119,1,9,0,6129,A
4-HA,907,6102,0,7,1,6110,A
4-HA,908,0,2,6109,0,6111,G
4-HA,909,1,1,0,6054,6056,C
4-HA,910,6037,1,3,0,6041,A
4-HA,911,0,6046,1,2,6049,T
4-HA,912,0,6047,1,1,6049,T
4-HA,913,4,0,0,6279,6283,C
4-HA,914,8,1,0,6234,6243,C
4-HA,915,8,3,0,6274,6285,C
4-HA,916,6285,0,1,0,6286,A
4-HA,917,6390,0,1,8,6399,A
4-HA,918,1,6516,1,7,6525,T
4-HA,919,0,8,6526,0,6534,G
4-HA,920,6531,1,10,0,6542,A
4-HA,921,1,2,0,6540,6543,C
4-HA,922,6349,1,2,0,6352,A
4-HA,923,6298,0,58,0,6356,A
4-HA,924,6341,2,2,1,6346,A
4-HA,925,2,1,0,6410,6413,C
4-HA,926,8,0,0,6316,6324,C
4-HA,927,6152,0,0,0,6152,A
4-HA,928,0,6129,2,3,6134,T
4-HA,929,3,6102,0,7,6112,T
4-HA,930,4,0,0,6167,6171,C
4-HA,931,9,3,0,6158,6170,C
4-HA,932,6179,0,0,0,6179,A
4-HA,933,6166,0,0,0,6166,A
4-HA,934,6134,1,3,0,6138,A
4-HA,935,6276,0,1,0,6277,A
4-HA,936,0,6250,0,1,6251,T
4-HA,937,2,0,6280,0,6282,G
4-HA,938,1,6266,0,2,6269,T
4-HA,939,6303,0,1,1,6305,A
4-HA,940,6285,1,0,1,6287,A
4-HA,941,6283,0,2,0,6285,A
4-HA,942,2,0,1,6331,6334,C
4-HA,943,6204,0,2,0,6206,A
4-HA,944,1,6,6366,0,6373,G
4-HA,945,0,5,6368,0,6373,G
4-HA,946,6525,0,13,1,6539,A
4-HA,947,2,6529,0,3,6534,T
4-HA,948,5,3,0,6636,6644,C
4-HA,949,6698,1,7,1,6707,A
4-HA,950,1,0,0,6980,6981,C
4-HA,951,6976,0,2,0,6978,A
4-HA,952,0,7230,0,1,7231,T
4-HA,953,7035,0,1,0,7036,A
4-HA,954,1,5,0,6962,6968,C
4-HA,955,1,7,6752,0,6760,G
4-HA,956,5,9,6740,0,6754,G
4-HA,957,3,4,6682,1,6690,G
4-HA,958,3,2,6712,0,6717,G
4-HA,959,0,4,0,6521,6525,C
4-HA,960,3,2,1,6544,6550,C
4-HA,961,0,6356,1,14,6371,T
4-HA,962,2,0,7114,0,7116,G
4-HA,963,3,7089,1,9,7102,T
4-HA,964,13,3,0,7123,7139,C
4-HA,965,4,1,0,7106,7111,C
4-HA,966,10,2,0,7090,7102,C
4-HA,967,7066,1,3,0,7070,A
4-HA,968,0,2,7122,0,7124,G
4-HA,969,7094,1,1,0,7096,A
4-HA,970,0,7085,1,1,7087,T
4-HA,971,6477,2,1,0,6480,A
4-HA,972,0,6369,0,1,6370,T
4-HA,973,1,0,6435,1,6437,G
4-HA,974,0,6405,0,3,6408,T
4-HA,975,3,6298,0,0,6301,T
4-HA,976,6355,1,2,0,6358,A
4-HA,977,6273,1,3,1,6278,A
4-HA,978,2,5,6357,1,6365,G
4-HA,979,1,3,0,6339,6343,C
4-HA,980,6236,2,5,0,6243,A
4-HA,981,6243,2,1,0,6246,A
4-HA,982,6188,1,1,0,6190,A
4-HA,983,6209,0,5,0,6214,A
4-HA,984,0,1,0,6207,6208,C
4-HA,985,6148,0,1,0,6149,A
4-HA,986,1,0,0,6218,6219,C
4-HA,987,1,6012,2,8,6023,T
4-HA,988,1,0,0,6118,6119,C
4-HA,989,1,6107,0,9,6117,T
4-HA,990,1,3,6173,0,6177,G
4-HA,991,6136,4,1,0,6141,A
4-HA,992,6133,0,1,0,6134,A
4-HA,993,6142,0,3,0,6145,A
4-HA,994,1,6095,3,3,6102,T
4-HA,995,0,6012,0,4,6016,T
4-HA,996,1,3,6046,0,6050,G
4-HA,997,0,2,6066,0,6068,G
4-HA,998,2,3,0,6083,6088,C
4-HA,999,6057,2,3,0,6062,A
4-HA,1000,6082,0,3,0,6085,A
4-HA,1001,0,2,0,6065,6067,C
4-HA,1002,6065,2,2,0,6069,A
4-HA,1003,4,8,6122,0,6134,G
4-HA,1004,0,9,6070,0,6079,G
4-HA,1005,1,5,6039,0,6045,G
4-HA,1006,6017,1,7,0,6025,A
4-HA,1007,0,6034,0,6,6040,T
4-HA,1008,1,0,6037,0,6038,G
4-HA,1009,1,3,0,6037,6041,C
4-HA,1010,2,3,6055,0,6060,G
4-HA,1011,6108,3,2,1,6114,A
4-HA,1012,5962,2,1,0,5965,A
4-HA,1013,6048,1,2,1,6052,A
4-HA,1014,1,5978,1,0,5980,T
4-HA,1015,3,0,6102,0,6105,G
4-HA,1016,2,6093,0,6,6101,T
4-HA,1017,6070,1,6,0,6077,A
4-HA,1018,1,2,0,6040,6043,C
4-HA,1019,3,2,1,5992,5998,C
4-HA,1020,5908,0,0,0,5908,A
4-HA,1021,1,5,5910,0,5916,G
4-HA,1022,5660,0,3,1,5664,A
4-HA,1023,0,5,5765,0,5770,G
4-HA,1024,5617,0,0,0,5617,A
4-HA,1025,5619,0,1,0,5620,A
4-HA,1026,5626,0,6,1,5633,A
4-HA,1027,0,1,0,5633,5634,C
4-HA,1028,5558,2,0,0,5560,A
4-HA,1029,5661,1,1,0,5663,A
4-HA,1030,5650,2,4,0,5656,A
4-HA,1031,0,1,0,5721,5722,C
4-HA,1032,0,5649,0,2,5651,T
4-HA,1033,5558,1,0,0,5559,A
4-HA,1034,0,1,5576,0,5577,G
4-HA,1035,5464,2,5,0,5471,A
4-HA,1036,0,4,5665,0,5669,G
4-HA,1037,3,1,5639,0,5643,G
4-HA,1038,2,0,0,5517,5519,C
4-HA,1039,5530,1,3,1,5535,A
4-HA,1040,1,5526,2,3,5532,T
4-HA,1041,5585,0,2,0,5587,A
4-HA,1042,1,5549,0,3,5553,T
4-HA,1043,0,5529,1,1,5531,T
4-HA,1044,1,5531,0,2,5534,T
4-HA,1045,2,4,5348,1,5355,G
4-HA,1046,2,4,5368,0,5374,G
4-HA,1047,0,7,0,5343,5350,C
4-HA,1048,2,0,5353,1,5356,G
4-HA,1049,2,1,0,5294,5297,C
4-HA,1050,5274,0,2,0,5276,A
4-HA,1051,5334,0,0,1,5335,A
4-HA,1052,0,5286,0,1,5287,T
4-HA,1053,3,2,0,5330,5335,C
4-HA,1054,3,0,5337,0,5340,G
4-HA,1055,2,3,0,5309,5314,C
4-HA,1056,7,5,5319,0,5331,G
4-HA,1057,0,4,5350,0,5354,G
4-HA,1058,1,0,5389,0,5390,G
4-HA,1059,0,5338,1,5,5344,T
4-HA,1060,0,5295,0,2,5297,T
4-HA,1061,0,5285,0,3,5288,T
4-HA,1062,2,0,0,5327,5329,C
4-HA,1063,5365,0,1,1,5367,A
4-HA,1064,0,5336,1,2,5339,T
4-HA,1065,5349,0,1,1,5351,A
4-HA,1066,1,1,5404,0,5406,G
4-HA,1067,5229,1,0,0,5230,A
4-HA,1068,5229,2,1,0,5232,A
4-HA,1069,5219,1,1,0,5221,A
4-HA,1070,5249,1,4,0,5254,A
4-HA,1071,1,5235,0,2,5238,T
4-HA,1072,2,0,5322,0,5324,G
4-HA,1073,3,2,5341,1,5347,G
4-HA,1074,0,5282,0,2,5284,T
4-HA,1075,0,5163,0,1,5164,T
4-HA,1076,1,16,5151,0,5168,G
4-HA,1077,3,3,5225,0,5231,G
4-HA,1078,1,3,5285,0,5289,G
4-HA,1079,5221,6,6,1,5234,A
4-HA,1080,2,6,5345,1,5354,G
4-HA,1081,2,6,5274,0,5282,G
4-HA,1082,2,7,5463,0,5472,G
4-HA,1083,5423,1,4,2,5430,A
4-HA,1084,5517,0,5,0,5522,A
4-HA,1085,2,5519,0,2,5523,T
4-HA,1086,1,8,5506,0,5515,G
4-HA,1087,2,2,5646,0,5650,G
4-HA,1088,2,5594,0,1,5597,T
4-HA,1089,2,5,5574,0,5581,G
4-HA,1090,1,0,5555,0,5556,G
4-HA,1091,5386,2,11,0,5399,A
4-HA,1092,1,5433,0,0,5434,T
4-HA,1093,3,6,5537,1,5547,G
4-HA,1094,2,2,5632,1,5637,G
4-HA,1095,1,5562,0,1,5564,T
4-HA,1096,1,5394,3,3,5401,T
4-HA,1097,3,4,5382,0,5389,G
4-HA,1098,1,1,5478,0,5480,G
4-HA,1099,1,5470,0,2,5473,T
4-HA,1100,5490,0,1,1,5492,A
4-HA,1101,3,3,0,5159,5165,C
4-HA,1102,0,1,5215,2,5218,G
4-HA,1103,3,0,5443,0,5446,G
4-HA,1104,1,5422,1,4,5428,T
4-HA,1105,0,5427,0,2,5429,T
4-HA,1106,0,5396,0,0,5396,T
4-HA,1107,6,0,0,5323,5329,C
4-HA,1108,5310,0,22,0,5332,A
4-HA,1109,0,3,5306,0,5309,G
4-HA,1110,2,0,5295,1,5298,G
4-HA,1111,2,0,1,5266,5269,C
4-HA,1112,5051,0,4,0,5055,A
4-HA,1113,1,5106,1,0,5108,T
4-HA,1114,4,0,0,5126,5130,C
4-HA,1115,5142,0,1,0,5143,A
4-HA,1116,5144,2,2,1,5149,A
4-HA,1117,5146,0,1,0,5147,A
4-HA,1118,5156,0,1,0,5157,A
4-HA,1119,1,5179,0,1,5181,T
4-HA,1120,0,5147,1,3,5151,T
4-HA,1121,3,2,0,5165,5170,C
4-HA,1122,0,5117,0,1,5118,T
4-HA,1123,2,5,5124,0,5131,G
4-HA,1124,5076,1,4,1,5082,A
4-HA,1125,2,5,5167,0,5174,G
4-HA,1126,1,1,5163,1,5166,G
4-HA,1127,0,2,5197,0,5199,G
4-HA,1128,5157,0,3,0,5160,A
4-HA,1129,5165,0,7,0,5172,A
4-HA,1130,0,2,5152,0,5154,G
4-HA,1131,5216,0,10,1,5227,A
4-HA,1132,3,2,5304,0,5309,G
4-HA,1133,2,4,5303,0,5309,G
4-HA,1134,5281,3,5,0,5289,A
4-HA,1135,0,1,0,5293,5294,C
4-HA,1136,5238,1,1,0,5240,A
4-HA,1137,5215,1,13,1,5230,A
4-HA,1138,2,3,5237,1,5243,G
4-HA,1139,1,4,1,5265,5271,C
4-HA,1140,5196,0,1,0,5197,A
4-HA,1141,0,0,5197,0,5197,G
4-HA,1142,0,2,0,5159,5161,C
4-HA,1143,5146,0,3,0,5149,A
4-HA,1144,0,0,5217,0,5217,G
4-HA,1145,5159,1,2,1,5163,A
4-HA,1146,2,5304,1,0,5307,T
4-HA,1147,3,1,0,5339,5343,C
4-HA,1148,1,5243,0,10,5254,T
4-HA,1149,4,2,0,5329,5335,C
4-HA,1150,5335,0,2,1,5338,A
4-HA,1151,5349,1,0,0,5350,A
4-HA,1152,5339,1,1,1,5342,A
4-HA,1153,5226,1,4,0,5231,A
4-HA,1154,1,0,5240,0,5241,G
4-HA,1155,0,0,0,5154,5154,C
4-HA,1156,5107,1,0,0,5108,A
4-HA,1157,2,1,0,5228,5231,C
4-HA,1158,2,5111,0,6,5119,T
4-HA,1159,10,0,0,5155,5165,C
4-HA,1160,5156,0,1,0,5157,A
4-HA,1161,5277,0,8,0,5285,A
4-HA,1162,5,0,5297,0,5302,G
4-HA,1163,3,1,0,5271,5275,C
4-HA,1164,5221,0,1,1,5223,A
4-HA,1165,0,0,5269,0,5269,G
4-HA,1166,0,0,0,5133,5133,C
4-HA,1167,5141,0,4,0,5145,A
4-HA,1168,5124,0,2,0,5126,A
4-HA,1169,1,5102,1,1,5105,T
4-HA,1170,3,1,0,4967,4971,C
4-HA,1171,0,5,5002,0,5007,G
4-HA,1172,4998,2,1,0,5001,A
4-HA,1173,0,4964,0,5,4969,T
4-HA,1174,6,0,1,4962,4969,C
4-HA,1175,4938,3,2,0,4943,A
4-HA,1176,5120,1,3,0,5124,A
4-HA,1177,5138,1,3,0,5142,A
4-HA,1178,0,5110,0,3,5113,T
4-HA,1179,2,0,0,5151,5153,C
4-HA,1180,5029,1,0,0,5030,A
4-HA,1181,5072,0,4,2,5078,A
4-HA,1182,0,5068,0,2,5070,T
4-HA,1183,0,7,5101,0,5108,G
4-HA,1184,0,2,5085,0,5087,G
4-HA,1185,2,0,5008,0,5010,G
4-HA,1186,5012,0,7,0,5019,A
4-HA,1187,5038,0,9,1,5048,A
4-HA,1188,1,2,5163,0,5166,G
4-HA,1189,0,0,0,5181,5181,C
4-HA,1190,0,5112,1,3,5116,T
4-HA,1191,0,2,5375,0,5377,G
4-HA,1192,5361,0,2,0,5363,A
4-HA,1193,5363,0,6,0,5369,A
4-HA,1194,0,5358,0,1,5359,T
4-HA,1195,5233,1,2,2,5238,A
4-HA,1196,0,3,5225,0,5228,G
4-HA,1197,4785,0,9,0,4794,A
4-HA,1198,0,4821,0,4,4825,T
4-HA,1199,0,4832,1,0,4833,T
4-HA,1200,0,5,4872,1,4878,G
4-HA,1201,4854,0,1,0,4855,A
4-HA,1202,2,4835,1,0,4838,T
4-HA,1203,6,0,0,4853,4859,C
4-HA,1204,3,4,4850,0,4857,G
4-HA,1205,1,4,4842,0,4847,G
4-HA,1206,0,2,4867,0,4869,G
4-HA,1207,4860,1,0,1,4862,A
4-HA,1208,4871,0,0,0,4871,A
4-HA,1209,4847,0,4,0,4851,A
4-HA,1210,4870,1,2,0,4873,A
4-HA,1211,0,1,0,4901,4902,C
4-HA,1212,3,0,0,4899,4902,C
4-HA,1213,4856,0,2,0,4858,A
4-HA,1214,4849,0,4,0,4853,A
4-HA,1215,0,26,0,4851,4877,C
4-HA,1216,2,8,4889,0,4899,G
4-HA,1217,4865,1,5,0,4871,A
4-HA,1218,3,2,4892,0,4897,G
4-HA,1219,4874,0,2,0,4876,A
4-HA,1220,4878,0,1,0,4879,A
4-HA,1221,4882,0,2,0,4884,A
4-HA,1222,2,4891,2,2,4897,T
4-HA,1223,0,4865,0,4,4869,T
4-HA,1224,2,0,0,4913,4915,C
4-HA,1225,2,2,0,4897,4901,C
4-HA,1226,4890,1,3,1,4895,A
4-HA,1227,1,4863,1,4,4869,T
4-HA,1228,1,0,0,4891,4892,C
4-HA,1229,4862,0,1,0,4863,A
4-HA,1230,0,2,4919,0,4921,G
4-HA,1231,4881,0,4,1,4886,A
4-HA,1232,2,4878,0,0,4880,T
4-HA,1233,1,4836,0,3,4840,T
4-HA,1234,2,2,4908,0,4912,G
4-HA,1235,4897,1,2,1,4901,A
4-HA,1236,4861,0,1,41,4903,A
4-HA,1237,4905,0,4,0,4909,A
4-HA,1238,4916,0,0,0,4916,A
4-HA,1239,4869,0,10,0,4879,A
4-HA,1240,1,2,4879,1,4883,G
4-HA,1241,4862,0,4,1,4867,A
4-HA,1242,4892,0,2,0,4894,A
4-HA,1243,0,4801,1,2,4804,T
4-HA,1244,1,4809,2,0,4812,T
4-HA,1245,4,1,0,4823,4828,C
4-HA,1246,1,4826,0,1,4828,T
4-HA,1247,3,0,1,4823,4827,C
4-HA,1248,4819,1,2,0,4822,A
4-HA,1249,2,2,4823,1,4828,G
4-HA,1250,4803,1,1,0,4805,A
4-HA,1251,4779,0,10,0,4789,A
4-HA,1252,1,0,4903,1,4905,G
4-HA,1253,0,4843,0,1,4844,T
4-HA,1254,2,1,0,4855,4858,C
4-HA,1255,2,1,4874,0,4877,G
4-HA,1256,4856,0,4,3,4863,A
4-HA,1257,4850,2,10,0,4862,A
4-HA,1258,0,9,4846,0,4855,G
4-HA,1259,4,1,4854,0,4859,G
4-HA,1260,0,1,4871,0,4872,G
4-HA,1261,4702,1,5,0,4708,A
4-HA,1262,0,2,4703,0,4705,G
4-HA,1263,6,5,4674,0,4685,G
4-HA,1264,5210,1,0,0,5211,A
4-HA,1265,0,5219,1,3,5223,T
4-HA,1266,0,5228,0,1,5229,T
4-HA,1267,1,2,0,5252,5255,C
4-HA,1268,5187,2,9,0,5198,A
4-HA,1269,0,5,5189,0,5194,G
4-HA,1270,0,3,5164,0,5167,G
4-HA,1271,5158,1,3,0,5162,A
4-HA,1272,3,1,1,5146,5151,C
4-HA,1273,5,0,0,4635,4640,C
4-HA,1274,2,4606,0,1,4609,T
4-HA,1275,2,4517,0,114,4633,T
4-HA,1276,0,4,4668,0,4672,G
4-HA,1277,4653,0,4,0,4657,A
4-HA,1278,0,1,4788,0,4789,G
4-HA,1279,4731,0,1,0,4732,A
4-HA,1280,4465,0,3,0,4468,A
4-HA,1281,4456,1,3,0,4460,A
4-HA,1282,0,4411,0,1,4412,T
4-HA,1283,4598,1,4,0,4603,A
4-HA,1284,0,4577,0,1,4578,T
4-HA,1285,0,1,4642,0,4643,G
4-HA,1286,0,4626,0,5,4631,T
4-HA,1287,0,4483,1,1,4485,T
4-HA,1288,1,3,4527,0,4531,G
4-HA,1289,4476,0,4,1,4481,A
4-HA,1290,6,4,4614,0,4624,G
4-HA,1291,1,10,4592,1,4604,G
4-HA,1292,4531,1,3,0,4535,A
4-HA,1293,1,2,1,4688,4692,C
4-HA,1294,4656,1,2,1,4660,A
4-HA,1295,1,0,0,4777,4778,C
4-HA,1296,3,3,0,4770,4776,C
4-HA,1297,4792,1,1,0,4794,A
4-HA,1298,4922,0,1,0,4923,A
4-HA,1299,4894,1,0,0,4895,A
4-HA,1300,4966,0,4,0,4970,A
4-HA,1301,0,4972,0,1,4973,T
4-HA,1302,4853,0,0,0,4853,A
4-HA,1303,1,1,4880,0,4882,G
4-HA,1304,4758,1,4,0,4763,A
4-HA,1305,2,4821,1,1,4825,T
4-HA,1306,1,0,1,4835,4837,C
4-HA,1307,3,4713,2,6,4724,T
4-HA,1308,2,0,0,4890,4892,C
4-HA,1309,0,4894,0,3,4897,T
4-HA,1310,1,0,4982,1,4984,G
4-HA,1311,0,0,5105,0,5105,G
4-HA,1312,1,5103,0,3,5107,T
4-HA,1313,11,0,0,5092,5103,C
4-HA,1314,5139,1,2,1,5143,A
4-HA,1315,1,5152,0,4,5157,T
4-HA,1316,5162,0,4,0,5166,A
4-HA,1317,0,2,0,5143,5145,C
4-HA,1318,4965,0,3,1,4969,A
4-HA,1319,5013,0,5,0,5018,A
4-HA,1320,0,1,0,4870,4871,C
4-HA,1321,0,1,4849,0,4850,G
4-HA,1322,1,0,0,4848,4849,C
4-HA,1323,2,3,4807,1,4813,G
4-HA,1324,1,4,4831,0,4836,G
4-HA,1325,4798,1,4,0,4803,A
4-HA,1326,2,2,4920,0,4924,G
4-HA,1327,1,2,1,4937,4941,C
4-HA,1328,0,4877,3,25,4905,T
4-HA,1329,0,4927,0,7,4934,T
4-HA,1330,0,0,0,4939,4939,C
4-HA,1331,1,4980,0,6,4987,T
4-HA,1332,1,4988,0,2,4991,T
4-HA,1333,1,0,4967,1,4969,G
4-HA,1334,2,4943,0,4,4949,T
4-HA,1335,0,4826,0,3,4829,T
4-HA,1336,0,2,4932,0,4934,G
4-HA,1337,2,4,0,4903,4909,C
4-HA,1338,5,0,0,4892,4897,C
4-HA,1339,6,0,0,4948,4954,C
4-HA,1340,1,4939,0,7,4947,T
4-HA,1341,3,1,4995,1,5000,G
4-HA,1342,0,3,4996,1,5000,G
4-HA,1343,4977,0,1,0,4978,A
4-HA,1344,0,3,5033,0,5036,G
4-HA,1345,4894,1,8,0,4903,A
4-HA,1346,4933,0,4,0,4937,A
4-HA,1347,1,0,0,4999,5000,C
4-HA,1348,4,3,0,4985,4992,C
4-HA,1349,4983,0,3,0,4986,A
4-HA,1350,5245,0,3,0,5248,A
4-HA,1351,0,4,0,5268,5272,C
4-HA,1352,5283,1,3,0,5287,A
4-HA,1353,0,5273,0,4,5277,T
4-HA,1354,5258,0,3,1,5262,A
4-HA,1355,0,35,1,5322,5358,C
4-HA,1356,5236,1,0,0,5237,A
4-HA,1357,5240,1,2,0,5243,A
4-HA,1358,0,5230,0,4,5234,T
4-HA,1359,0,4988,0,1,4989,T
4-HA,1360,0,4,5037,0,5041,G
4-HA,1361,5081,0,0,0,5081,A
4-HA,1362,3,5056,0,7,5066,T
4-HA,1363,1,1,0,5130,5132,C
4-HA,1364,0,4993,1,5,4999,T
4-HA,1365,5081,0,1,0,5082,A
4-HA,1366,5078,1,0,0,5079,A
4-HA,1367,0,2,0,5084,5086,C
4-HA,1368,1,5025,0,1,5027,T
4-HA,1369,1,7,4970,0,4978,G
4-HA,1370,5012,0,0,0,5012,A
4-HA,1371,0,2,0,5031,5033,C
4-HA,1372,3,4967,0,4,4974,T
4-HA,1373,2,0,0,5030,5032,C
4-HA,1374,5021,0,3,0,5024,A
4-HA,1375,0,4,5093,0,5097,G
4-HA,1376,5096,0,2,0,5098,A
4-HA,1377,5095,1,3,2,5101,A
4-HA,1378,5111,1,1,1,5114,A
4-HA,1379,1,5059,1,4,5065,T
4-HA,1380,1,8,5120,0,5129,G
4-HA,1381,5112,0,6,0,5118,A
4-HA,1382,5142,1,6,0,5149,A
4-HA,1383,1,3,1,5138,5143,C
4-HA,1384,5049,3,1,0,5053,A
4-HA,1385,5056,0,3,0,5059,A
4-HA,1386,5028,2,2,1,5033,A
4-HA,1387,0,2,0,5076,5078,C
4-HA,1388,0,5013,0,1,5014,T
4-HA,1389,0,0,5051,0,5051,G
4-HA,1390,0,4985,0,0,4985,T
4-HA,1391,0,4963,0,3,4966,T
4-HA,1392,0,4991,0,3,4994,T
4-HA,1393,1,2,4996,0,4999,G
4-HA,1394,4986,2,0,2,4990,A
4-HA,1395,5006,0,2,0,5008,A
4-HA,1396,4984,0,1,0,4985,A
4-HA,1397,4985,0,1,2,4988,A
4-HA,1398,4954,0,4,0,4958,A
4-HA,1399,4990,2,3,1,4996,A
4-HA,1400,0,2,0,5021,5023,C
4-HA,1401,5012,1,1,0,5014,A
4-HA,1402,5020,0,0,0,5020,A
4-HA,1403,5006,0,4,0,5010,A
4-HA,1404,1,2,5049,0,5052,G
4-HA,1405,5062,0,1,0,5063,A
4-HA,1406,5040,0,6,0,5046,A
4-HA,1407,2,1,5035,0,5038,G
4-HA,1408,1,2,0,5015,5018,C
4-HA,1409,5021,1,0,0,5022,A
4-HA,1410,5053,0,3,1,5057,A
4-HA,1411,1,0,0,5064,5065,C
4-HA,1412,0,5009,0,2,5011,T
4-HA,1413,1,3,5078,1,5083,G
4-HA,1414,4985,1,4,1,4991,A
4-HA,1415,0,5,5075,0,5080,G
4-HA,1416,2,4,5077,0,5083,G
4-HA,1417,2,2,5087,1,5092,G
4-HA,1418,5101,0,2,0,5103,A
4-HA,1419,5058,3,0,0,5061,A
4-HA,1420,5067,0,8,0,5075,A
4-HA,1421,5159,0,1,0,5160,A
4-HA,1422,1,5146,1,0,5148,T
4-HA,1423,2,14,5178,0,5194,G
4-HA,1424,1,0,0,5207,5208,C
4-HA,1425,0,5109,0,3,5112,T
4-HA,1426,1,0,5142,0,5143,G
4-HA,1427,5122,2,1,1,5126,A
4-HA,1428,2,4,5495,1,5502,G
4-HA,1429,0,3,5578,0,5581,G
4-HA,1430,5497,0,0,0,5497,A
4-HA,1431,0,5490,0,1,5491,T
4-HA,1432,5467,0,6,0,5473,A
4-HA,1433,3,5431,1,5,5440,T
4-HA,1434,0,10,5486,0,5496,G
4-HA,1435,3,2,5557,0,5562,G
4-HA,1436,1,0,5561,1,5563,G
4-HA,1437,4,0,0,5269,5273,C
4-HA,1438,5133,0,1,0,5134,A
4-HA,1439,5136,0,0,1,5137,A
4-HA,1440,0,5132,0,1,5133,T
4-HA,1441,1,1,5157,0,5159,G
4-HA,1442,1,1,5166,0,5168,G
4-HA,1443,0,5065,0,4,5069,T
4-HA,1444,1,4927,0,0,4928,T
4-HA,1445,0,0,4988,0,4988,G
4-HA,1446,2,5012,0,3,5017,T
4-HA,1447,0,4990,0,4,4994,T
4-HA,1448,0,4999,1,2,5002,T
4-HA,1449,5,2,0,5018,5025,C
4-HA,1450,5027,0,2,0,5029,A
4-HA,1451,5054,0,0,0,5054,A
4-HA,1452,5044,1,0,0,5045,A
4-HA,1453,5112,0,0,0,5112,A
4-HA,1454,0,5074,0,0,5074,T
4-HA,1455,5031,1,0,0,5032,A
4-HA,1456,0,5046,1,1,5048,T
4-HA,1457,5050,0,1,0,5051,A
4-HA,1458,0,0,0,5131,5131,C
4-HA,1459,2,9,0,5081,5092,C
4-HA,1460,5079,0,4,1,5084,A
4-HA,1461,0,2,0,5102,5104,C
4-HA,1462,5085,0,1,0,5086,A
4-HA,1463,5086,0,2,0,5088,A
4-HA,1464,5114,0,1,0,5115,A
4-HA,1465,0,5111,0,1,5112,T
4-HA,1466,1,0,5151,0,5152,G
4-HA,1467,3,5062,0,6,5071,T
4-HA,1468,0,6,5117,0,5123,G
4-HA,1469,5147,0,4,0,5151,A
4-HA,1470,0,1,1,5128,5130,C
4-HA,1471,5047,0,0,0,5047,A
4-HA,1472,5055,0,0,0,5055,A
4-HA,1473,2,5150,0,3,5155,T
4-HA,1474,3,0,5207,0,5210,G
4-HA,1475,3,1,0,5153,5157,C
4-HA,1476,4,0,1,5175,5180,C
4-HA,1477,3,5132,0,7,5142,T
4-HA,1478,3,0,5398,0,5401,G
4-HA,1479,1,2,1,5402,5406,C
4-HA,1480,5423,1,3,0,5427,A
4-HA,1481,1,5411,0,0,5412,T
4-HA,1482,5220,0,4,0,5224,A
4-HA,1483,1,4,5239,1,5245,G
4-HA,1484,3,4,5210,0,5217,G
4-HA,1485,5203,0,1,0,5204,A
4-HA,1486,1,5165,1,3,5170,T
4-HA,1487,2,0,0,4891,4893,C
4-HA,1488,4907,0,4,0,4911,A
4-HA,1489,4928,1,1,0,4930,A
4-HA,1490,1,4888,0,2,4891,T
4-HA,1491,3,0,0,4920,4923,C
4-HA,1492,4824,0,0,0,4824,A
4-HA,1493,1,3,4871,1,4876,G
4-HA,1494,4866,0,0,0,4866,A
4-HA,1495,4886,0,0,1,4887,A
4-HA,1496,4872,0,0,0,4872,A
4-HA,1497,0,4864,0,0,4864,T
4-HA,1498,1,2,4830,0,4833,G
4-HA,1499,2,5,4831,0,4838,G
4-HA,1500,4820,0,5,0,4825,A
4-HA,1501,4876,2,2,0,4880,A
4-HA,1502,1,2,0,4873,4876,C
4-HA,1503,0,4812,1,3,4816,T
4-HA,1504,1,4848,0,2,4851,T
4-HA,1505,4871,0,0,1,4872,A
4-HA,1506,1,4851,1,1,4854,T
4-HA,1507,3,7,4852,1,4863,G
4-HA,1508,4867,2,4,0,4873,A
4-HA,1509,2,4,0,4842,4848,C
4-HA,1510,1,0,0,4780,4781,C
4-HA,1511,4793,0,1,0,4794,A
4-HA,1512,0,3,0,4955,4958,C
4-HA,1513,0,2,5125,0,5127,G
4-HA,1514,5281,1,4,0,5286,A
4-HA,1515,0,5383,0,1,5384,T
4-HA,1516,1,0,5620,0,5621,G
4-HA,1517,0,5590,0,0,5590,T
4-HA,1518,5832,2,5,0,5839,A
4-HA,1519,0,5831,0,5,5836,T
4-HA,1520,5837,0,3,0,5840,A
4-HA,1521,0,2,1,5822,5825,C
4-HA,1522,5187,1,1,0,5189,A
4-HA,1523,1,4,5228,0,5233,G
4-HA,1524,4853,1,1,0,4855,A
4-HA,1525,0,4,4726,0,4730,G
4-HA,1526,4699,0,2,1,4702,A
4-HA,1527,0,4347,0,0,4347,T
4-HA,1528,1,6,4342,0,4349,G
4-HA,1529,4328,0,2,0,4330,A
4-HA,1530,4331,0,5,0,4336,A
4-HA,1531,0,0,4449,0,4449,G
4-HA,1532,0,1,0,4338,4339,C
4-HA,1533,4358,1,3,0,4362,A
4-HA,1534,0,4319,0,1,4320,T
4-HA,1535,0,4305,2,0,4307,T
4-HA,1536,4353,0,1,0,4354,A
4-HA,1537,4336,0,0,0,4336,A
4-HA,1538,4336,0,2,2,4340,A
4-HA,1539,1,0,0,4349,4350,C
4-HA,1540,4182,0,2,1,4185,A
4-HA,1541,4210,0,2,0,4212,A
4-HA,1542,0,1,0,4195,4196,C
4-HA,1543,3,3,0,4174,4180,C
4-HA,1544,2,6,4164,0,4172,G
4-HA,1545,1,0,4273,0,4274,G
4-HA,1546,0,4285,1,2,4288,T
4-HA,1547,2,4240,1,2,4245,T
4-HA,1548,4,0,0,4250,4254,C
4-HA,1549,5,3,0,4265,4273,C
4-HA,1550,4249,1,7,0,4257,A
4-HA,1551,0,4,4305,0,4309,G
4-HA,1552,4295,0,2,0,4297,A
4-HA,1553,0,4279,2,3,4284,T
4-HA,1554,5,1,0,4116,4122,C
4-HA,1555,4107,0,1,0,4108,A
4-HA,1556,4109,0,3,0,4112,A
4-HA,1557,1,6,4096,0,4103,G
4-HA,1558,0,3,4089,0,4092,G
4-HA,1559,0,4,4096,1,4101,G
4-HA,1560,3904,0,2,1,3907,A
4-HA,1561,1,0,3976,0,3977,G
4-HA,1562,0,3983,0,0,3983,T
4-HA,1563,0,3955,0,1,3956,T
4-HA,1564,0,3,4007,0,4010,G
4-HA,1565,3965,0,6,1,3972,A
4-HA,1566,1,1,4007,0,4009,G
4-HA,1567,1,1,0,3997,3999,C
4-HA,1568,0,3936,0,5,3941,T
4-HA,1569,1,3,3956,0,3960,G
4-HA,1570,3939,0,0,0,3939,A
4-HA,1571,3940,1,8,0,3949,A
4-HA,1572,0,0,3965,0,3965,G
4-HA,1573,1,3864,0,3,3868,T
4-HA,1574,5,0,0,3860,3865,C
4-HA,1575,3793,0,4,0,3797,A
4-HA,1576,2,5,3792,0,3799,G
4-HA,1577,0,8,3769,0,3777,G
4-HA,1578,3,2,3694,0,3699,G
4-HA,1579,0,3857,0,1,3858,T
4-HA,1580,3868,1,0,0,3869,A
4-HA,1581,0,2,0,3847,3849,C
4-HA,1582,3841,0,0,0,3841,A
4-HA,1583,3830,0,0,1,3831,A
4-HA,1584,3813,1,0,0,3814,A
4-HA,1585,2,3,3839,0,3844,G
4-HA,1586,3726,0,2,0,3728,A
4-HA,1587,0,3614,1,0,3615,T
4-HA,1588,0,3555,0,1,3556,T
4-HA,1589,0,1,3552,0,3553,G
4-HA,1590,0,1,3541,0,3542,G
4-HA,1591,3511,1,2,0,3514,A
4-HA,1592,1,3462,49,0,3512,T
4-HA,1593,3,0,0,3524,3527,C
4-HA,1594,5,0,0,3465,3470,C
4-HA,1595,0,3437,0,4,3441,T
4-HA,1596,3467,0,0,0,3467,A
4-HA,1597,3,3437,0,4,3444,T
4-HA,1598,0,1,3454,0,3455,G
4-HA,1599,0,1,3447,0,3448,G
4-HA,1600,3339,1,1,1,3342,A
4-HA,1601,1,3328,0,8,3337,T
4-HA,1602,0,3270,0,0,3270,T
4-HA,1603,1,3247,0,1,3249,T
4-HA,1604,1,0,0,3276,3277,C
4-HA,1605,1,1,0,3264,3266,C
4-HA,1606,0,3203,3,2,3208,T
4-HA,1607,3,3216,0,2,3221,T
4-HA,1608,0,3188,1,0,3189,T
4-HA,1609,0,0,3207,0,3207,G
4-HA,1610,1,7,0,3194,3202,C
4-HA,1611,1,3,0,3194,3198,C
4-HA,1612,3137,0,1,0,3138,A
4-HA,1613,1,3109,0,0,3110,T
4-HA,1614,3137,1,1,0,3139,A
4-HA,1615,0,3134,0,1,3135,T
4-HA,1616,2,0,0,3113,3115,C
4-HA,1617,3118,0,1,0,3119,A
4-HA,1618,1,3073,0,1,3075,T
4-HA,1619,0,0,3108,0,3108,G
4-HA,1620,0,3084,1,3,3088,T
4-HA,1621,0,3043,0,0,3043,T
4-HA,1622,0,3020,0,14,3034,T
4-HA,1623,2,2943,0,1,2946,T
4-HA,1624,0,2939,0,0,2939,T
4-HA,1625,1,2939,0,0,2940,T
4-HA,1626,0,0,2933,0,2933,G
4-HA,1627,0,0,0,2925,2925,C
4-HA,1628,1,2815,0,5,2821,T
4-HA,1629,0,2821,0,2,2823,T
4-HA,1630,0,2826,0,1,2827,T
4-HA,1631,1,1,2877,0,2879,G
4-HA,1632,1,2880,0,3,2884,T
4-HA,1633,0,0,2888,0,2888,G
4-HA,1634,0,2878,0,5,2883,T
4-HA,1635,1,2809,0,0,2810,T
4-HA,1636,1,0,2840,0,2841,G
4-HA,1637,0,1,0,2820,2821,C
4-HA,1638,0,2805,0,2,2807,T
4-HA,1639,0,2833,0,0,2833,T
4-HA,1640,0,2664,0,1,2665,T
4-HA,1641,2,1,2664,0,2667,G
4-HA,1642,0,2678,0,1,2679,T
4-HA,1643,0,2671,1,3,2675,T
4-HA,1644,2,1,2657,0,2660,G
4-HA,1645,0,7,2575,2,2584,G
4-HA,1646,1,1,2595,0,2597,G
4-HA,1647,1,1,2596,1,2599,G
4-HA,1648,0,2523,0,1,2524,T
4-HA,1649,0,2499,0,3,2502,T
4-HA,1650,3,1,0,2451,2455,C
4-HA,1651,2419,0,0,0,2419,A
4-HA,1652,0,2423,1,3,2427,T
4-HA,1653,1,1,0,2443,2445,C
4-HA,1654,2411,0,3,0,2414,A
4-HA,1655,0,2351,0,0,2351,T
4-HA,1656,0,1,2327,0,2328,G
4-HA,1657,0,2281,0,2,2283,T
4-HA,1658,3,0,2258,0,2261,G
4-HA,1659,1,0,2171,0,2172,G
4-HA,1660,1,0,2162,0,2163,G
4-HA,1661,2,2,0,2109,2113,C
4-HA,1662,3,0,0,2046,2049,C
4-HA,1663,0,1911,0,3,1914,T
4-HA,1664,3,0,1917,0,1920,G
4-HA,1665,0,0,0,1900,1900,C
4-HA,1666,1,0,0,1917,1918,C
4-HA,1667,1922,1,0,0,1923,A
4-HA,1668,1905,0,0,0,1905,A
4-HA,1669,1900,0,1,0,1901,A
4-HA,1670,1898,0,0,0,1898,A
4-HA,1671,1888,0,4,0,1892,A
4-HA,1672,0,0,1888,0,1888,G
4-HA,1673,0,1,1823,0,1824,G
4-HA,1674,0,0,0,1788,1788,C
4-HA,1675,1791,1,3,0,1795,A
4-HA,1676,1801,1,3,0,1805,A
4-HA,1677,0,0,0,1796,1796,C
4-HA,1678,1804,0,0,0,1804,A
4-HA,1679,1,1797,0,0,1798,T
4-HA,1680,0,1773,0,0,1773,T
4-HA,1681,1715,0,0,0,1715,A
4-HA,1682,0,0,1709,0,1709,G
4-HA,1683,0,0,1711,0,1711,G
4-HA,1684,2,1636,0,3,1641,T
4-HA,1685,0,1,1521,1,1523,G
4-HA,1686,0,0,0,1461,1461,C
4-HA,1687,1449,1,3,0,1453,A
4-HA,1688,1452,1,0,0,1453,A
4-HA,1689,0,0,0,1450,1450,C
4-HA,1690,1431,0,0,1,1432,A
4-HA,1691,0,1401,0,0,1401,T
4-HA,1692,0,1317,1,1,1319,T
4-HA,1693,0,1324,0,1,1325,T
4-HA,1694,1,0,1316,0,1317,G
4-HA,1695,0,1,0,1295,1296,C
4-HA,1696,1285,0,1,0,1286,A
4-HA,1697,0,1186,0,2,1188,T
4-HA,1698,0,1134,1,1,1136,T
4-HA,1699,0,1105,0,0,1105,T
4-HA,1700,0,0,1097,0,1097,G
4-HA,1701,1028,0,0,0,1028,A
5-NP,1,957,0,0,0,957,A
5-NP,2,0,962,0,0,962,T
5-NP,3,0,0,952,0,952,G
5-NP,4,0,1,956,0,957,G
5-NP,5,1,1,0,969,971,C
5-NP,6,0,0,992,0,992,G
5-NP,7,0,1058,0,3,1061,T
5-NP,8,0,0,0,1066,1066,C
5-NP,9,0,0,0,1070,1070,C
5-NP,10,1,0,0,1072,1073,C
5-NP,11,1073,0,1,0,1074,A
5-NP,12,1081,0,2,0,1083,A
5-NP,13,1,1,1082,0,1084,G
5-NP,14,0,2,1125,0,1127,G
5-NP,15,0,0,0,1144,1144,C
5-NP,16,1150,0,1,1,1152,A
5-NP,17,1,0,0,1165,1166,C
5-NP,18,1,0,0,1162,1163,C
5-NP,19,1175,0,0,1,1176,A
5-NP,20,1171,0,0,0,1171,A
5-NP,21,1182,0,0,0,1182,A
5-NP,22,0,0,0,1185,1185,C
5-NP,23,0,1,1185,0,1186,G
5-NP,24,0,1,1293,0,1294,G
5-NP,25,0,1278,0,2,1280,T
5-NP,26,3,0,0,1419,1422,C
5-NP,27,0,1425,0,1,1426,T
5-NP,28,0,1448,0,0,1448,T
5-NP,29,1454,0,1,0,1455,A
5-NP,30,0,1451,0,0,1451,T
5-NP,31,0,2,1470,0,1472,G
5-NP,32,1460,0,3,0,1463,A
5-NP,33,1445,0,2,0,1447,A
5-NP,34,0,0,0,1454,1454,C
5-NP,35,1407,0,0,0,1407,A
5-NP,36,0,0,1540,0,1540,G
5-NP,37,1515,0,1,0,1516,A
5-NP,38,0,1534,0,1,1535,T
5-NP,39,0,0,1536,0,1536,G
5-NP,40,0,1,1539,0,1540,G
5-NP,41,1540,0,0,1,1541,A
5-NP,42,1546,0,1,0,1547,A
5-NP,43,1563,0,0,0,1563,A
5-NP,44,0,0,0,1614,1614,C
5-NP,45,1,1590,0,0,1591,T
5-NP,46,0,0,1621,0,1621,G
5-NP,47,1597,1,4,0,1602,A
5-NP,48,0,1613,0,0,1613,T
5-NP,49,0,1,1622,0,1623,G
5-NP,50,0,2,1619,0,1621,G
5-NP,51,1,0,1609,0,1610,G
5-NP,52,0,3,1620,0,1623,G
5-NP,53,1597,0,0,0,1597,A
5-NP,54,0,1598,0,2,1600,T
5-NP,55,0,1,0,1616,1617,C
5-NP,56,0,0,1630,0,1630,G
5-NP,57,0,0,0,1648,1648,C
5-NP,58,1,1,0,1652,1654,C
5-NP,59,1651,0,0,0,1651,A
5-NP,60,0,0,1664,0,1664,G
5-NP,61,1668,0,0,0,1668,A
5-NP,62,1696,0,0,0,1696,A
5-NP,63,0,1694,0,2,1696,T
5-NP,64,1,0,1690,1,1692,G
5-NP,65,0,0,0,1709,1709,C
5-NP,66,1685,0,0,0,1685,A
5-NP,67,1729,1,0,0,1730,A
5-NP,68,0,0,0,1732,1732,C
5-NP,69,0,1711,0,0,1711,T
5-NP,70,0,0,1737,1,1738,G
5-NP,71,1743,0,1,1,1745,A
5-NP,72,0,3,1897,0,1900,G
5-NP,73,1868,0,1,0,1869,A
5-NP,74,0,1869,0,0,1869,T
5-NP,75,0,1873,0,0,1873,T
5-NP,76,1866,0,1,0,1867,A
5-NP,77,0,4,1877,0,1881,G
5-NP,78,0,1,1873,0,1874,G
5-NP,79,2,1,1868,0,1871,G
5-NP,80,0,0,0,1838,1838,C
5-NP,81,1813,0,1,0,1814,A
5-NP,82,0,1818,0,0,1818,T
5-NP,83,1,0,0,1823,1824,C
5-NP,84,2,0,0,1825,1827,C
5-NP,85,2,0,1865,0,1867,G
5-NP,86,0,1850,0,1,1851,T
5-NP,87,2,0,0,1848,1850,C
5-NP,88,0,0,1857,0,1857,G
5-NP,89,0,0,1860,0,1860,G
5-NP,90,1,0,1871,0,1872,G
5-NP,91,1850,1,1,0,1852,A
5-NP,92,1869,0,1,0,1870,A
5-NP,93,0,1,1882,0,1883,G
5-NP,94,1853,0,0,0,1853,A
5-NP,95,0,1869,0,0,1869,T
5-NP,96,0,1,1891,0,1892,G
5-NP,97,1880,0,0,0,1880,A
5-NP,98,0,1897,0,0,1897,T
5-NP,99,0,1889,0,1,1890,T
5-NP,100,87,1,1798,0,1886,G
5-NP,101,1878,1,0,0,1879,A
5-NP,102,0,1870,1,1,1872,T
5-NP,103,1,0,1889,0,1890,G
5-NP,104,1,0,1949,0,1950,G
5-NP,105,1930,0,2,0,1932,A
5-NP,106,1942,0,1,0,1943,A
5-NP,107,0,1953,0,1,1954,T
5-NP,108,0,1956,0,0,1956,T
5-NP,109,1,6,1956,0,1963,G
5-NP,110,1,0,1943,0,1944,G
5-NP,111,1,1,1945,0,1947,G
5-NP,112,1932,1,4,0,1937,A
5-NP,113,0,0,1898,0,1898,G
5-NP,114,1,0,1897,0,1898,G
5-NP,115,0,2039,0,3,2042,T
5-NP,116,0,2044,0,0,2044,T
5-NP,117,2,0,0,2051,2053,C
5-NP,118,0,2053,0,2,2055,T
5-NP,119,2117,0,1,0,2118,A
5-NP,120,0,0,0,2111,2111,C
5-NP,121,2174,0,0,0,2174,A
5-NP,122,0,2172,0,1,2173,T
5-NP,123,1,1,0,2119,2121,C
5-NP,124,2,1,0,2125,2128,C
5-NP,125,2139,0,0,0,2139,A
5-NP,126,2174,0,1,0,2175,A
5-NP,127,2170,0,0,0,2170,A
5-NP,128,0,2150,0,1,2151,T
5-NP,129,2,0,2164,0,2166,G
5-NP,130,0,2112,0,2,2114,T
5-NP,131,0,1,2115,0,2116,G
5-NP,132,0,2,1,2112,2115,C
5-NP,133,2123,0,2,0,2125,A
5-NP,134,0,1,0,2123,2124,C
5-NP,135,0,2093,0,1,2094,T
5-NP,136,0,0,2208,1,2209,G
5-NP,137,2245,0,2,0,2247,A
5-NP,138,2303,0,0,0,2303,A
5-NP,139,0,0,0,2333,2333,C
5-NP,140,0,2295,0,4,2299,T
5-NP,141,0,2315,0,1,2316,T
5-NP,142,2321,1,1,0,2323,A
5-NP,143,2324,0,2,0,2326,A
5-NP,144,2329,1,0,0,2330,A
5-NP,145,0,0,0,2334,2334,C
5-NP,146,0,2236,0,0,2236,T
5-NP,147,0,0,0,2253,2253,C
5-NP,148,2245,1,0,0,2246,A
5-NP,149,0,0,2275,0,2275,G
5-NP,150,0,2272,0,1,2273,T
5-NP,151,1,4,2291,0,2296,G
5-NP,152,2309,0,1,0,2310,A
5-NP,153,0,2319,0,0,2319,T
5-NP,154,2,0,0,2330,2332,C
5-NP,155,2354,1,1,0,2356,A
5-NP,156,0,2347,1,1,2349,T
5-NP,157,0,2,2354,0,2356,G
5-NP,158,2362,0,1,0,2363,A
5-NP,159,2333,0,6,0,2339,A
5-NP,160,0,1,2344,0,2345,G
5-NP,161,0,1,2311,0,2312,G
5-NP,162,2269,0,7,0,2276,A
5-NP,163,1,1,0,2340,2342,C
5-NP,164,0,0,2364,0,2364,G
5-NP,165,0,0,2383,0,2383,G
5-NP,166,0,2376,0,1,2377,T
5-NP,167,0,2366,0,0,2366,T
5-NP,168,0,1,2372,0,2373,G
5-NP,169,2649,0,2,0,2651,A
5-NP,170,0,2651,0,2,2653,T
5-NP,171,2,0,0,2652,2654,C
5-NP,172,0,1,0,2661,2662,C
5-NP,173,2641,0,1,0,2642,A
5-NP,174,0,1,2659,0,2660,G
5-NP,175,2640,0,1,1,2642,A
5-NP,176,2656,0,0,0,2656,A
5-NP,177,0,0,1,2681,2682,C
5-NP,178,2450,0,1,0,2451,A
5-NP,179,0,0,2478,0,2478,G
5-NP,180,2,0,0,2472,2474,C
5-NP,181,0,2462,0,0,2462,T
5-NP,182,0,2485,0,1,2486,T
5-NP,183,1,2,2491,0,2494,G
5-NP,184,2492,0,3,0,2495,A
5-NP,185,1,0,0,2528,2529,C
5-NP,186,2513,0,0,0,2513,A
5-NP,187,2530,0,0,0,2530,A
5-NP,188,0,2500,0,0,2500,T
5-NP,189,2476,0,1,0,2477,A
5-NP,190,0,4,2479,0,2483,G
5-NP,191,2465,1,4,0,2470,A
5-NP,192,0,1,2499,0,2500,G
5-NP,193,2468,0,11,0,2479,A
5-NP,194,2534,2,1,0,2537,A
5-NP,195,2535,1,1,0,2537,A
5-NP,196,2604,0,1,0,2605,A
5-NP,197,0,2593,0,1,2594,T
5-NP,198,0,1,2597,0,2598,G
5-NP,199,0,0,2598,0,2598,G
5-NP,200,0,2591,0,1,2592,T
5-NP,201,2521,0,1,1,2523,A
5-NP,202,0,0,0,2546,2546,C
5-NP,203,0,2538,0,1,2539,T
5-NP,204,1,0,0,2585,2586,C
5-NP,205,0,2522,0,3,2525,T
5-NP,206,1,1,0,2566,2568,C
5-NP,207,1,2562,1,1,2565,T
5-NP,208,1,0,2569,1,2571,G
5-NP,209,1,0,0,2570,2571,C
5-NP,210,0,2555,0,0,2555,T
5-NP,211,0,2539,0,1,2540,T
5-NP,212,0,2542,0,0,2542,T
5-NP,213,2,2524,0,0,2526,T
5-NP,214,0,2,2543,0,2545,G
5-NP,215,2505,0,3,1,2509,A
5-NP,216,0,2524,0,1,2525,T
5-NP,217,0,4,2518,1,2523,G
5-NP,218,2504,1,1,0,2506,A
5-NP,219,2520,0,1,0,2521,A
5-NP,220,2516,0,0,0,2516,A
5-NP,221,0,0,2527,0,2527,G
5-NP,222,2522,1,1,1,2525,A
5-NP,223,2519,1,2,0,2522,A
5-NP,224,0,1,2538,0,2539,G
5-NP,225,0,0,2640,0,2640,G
5-NP,226,2662,0,0,0,2662,A
5-NP,227,2671,0,0,0,2671,A
5-NP,228,0,2658,0,2,2660,T
5-NP,229,2670,1,1,0,2672,A
5-NP,230,2665,0,0,0,2665,A
5-NP,231,2671,2,0,0,2673,A
5-NP,232,0,2669,0,0,2669,T
5-NP,233,2672,0,0,0,2672,A
5-NP,234,0,1,0,2670,2671,C
5-NP,235,1,0,0,2622,2623,C
5-NP,236,0,2610,0,1,2611,T
5-NP,237,1,2,2621,0,2624,G
5-NP,238,0,0,2649,0,2649,G
5-NP,239,2645,0,0,0,2645,A
5-NP,240,2646,0,2,0,2648,A
5-NP,241,0,3,2677,0,2680,G
5-NP,242,2656,1,1,0,2658,A
5-NP,243,2657,0,2,0,2659,A
5-NP,244,0,1,0,2661,2662,C
5-NP,245,2652,0,1,0,2653,A
5-NP,246,1,2,0,2725,2728,C
5-NP,247,1,1,0,2674,2676,C
5-NP,248,6,0,0,2660,2666,C
5-NP,249,1,0,0,2680,2681,C
5-NP,250,2637,0,3,0,2640,A
5-NP,251,0,1,2654,1,2656,G
5-NP,252,0,1,0,2648,2649,C
5-NP,253,2,1,2650,0,2653,G
5-NP,254,0,3,0,2637,2640,C
5-NP,255,0,3,2600,0,2603,G
5-NP,256,0,0,2632,0,2632,G
5-NP,257,3,0,2623,0,2626,G
5-NP,258,0,1,2635,0,2636,G
5-NP,259,2630,0,2,1,2633,A
5-NP,260,2624,0,1,0,2625,A
5-NP,261,2624,0,1,0,2625,A
5-NP,262,0,0,2634,0,2634,G
5-NP,263,2612,0,1,0,2613,A
5-NP,264,2,2602,1,1,2606,T
5-NP,265,2,0,0,2591,2593,C
5-NP,266,3,0,0,2575,2578,C
5-NP,267,3,1,0,2591,2595,C
5-NP,268,2618,1,0,0,2619,A
5-NP,269,2606,0,0,0,2606,A
5-NP,270,0,2,2627,0,2629,G
5-NP,271,2599,1,0,0,2600,A
5-NP,272,2631,0,4,1,2636,A
5-NP,273,2637,1,0,1,2639,A
5-NP,274,2646,0,1,0,2647,A
5-NP,275,0,1,0,2658,2659,C
5-NP,276,0,2634,0,2,2636,T
5-NP,277,0,1,2652,0,2653,G
5-NP,278,0,1,2629,0,2630,G
5-NP,279,2599,0,7,0,2606,A
5-NP,280,1,2,2608,0,2611,G
5-NP,281,1,0,2656,0,2657,G
5-NP,282,5,1,2734,0,2740,G
5-NP,283,1,0,0,3033,3034,C
5-NP,284,3,1,0,3018,3022,C
5-NP,285,3,2,1,3057,3063,C
5-NP,286,3478,1,0,0,3479,A
5-NP,287,0,3494,0,3,3497,T
5-NP,288,3695,0,0,0,3695,A
5-NP,289,0,3706,0,0,3706,T
5-NP,290,3646,1,1,0,3648,A
5-NP,291,0,2,0,3661,3663,C
5-NP,292,3311,0,2,0,3313,A
5-NP,293,0,3,3381,0,3384,G
5-NP,294,0,2,3371,0,3373,G
5-NP,295,3049,1,0,0,3050,A
5-NP,296,0,1,3117,1,3119,G
5-NP,297,2915,1,0,0,2916,A
5-NP,298,0,2,2975,0,2977,G
5-NP,299,1,2958,0,1,2960,T
5-NP,300,2941,0,0,0,2941,A
5-NP,301,0,1,2952,0,2953,G
5-NP,302,2895,0,1,0,2896,A
5-NP,303,1,2891,0,2,2894,T
5-NP,304,2,1,2894,0,2897,G
5-NP,305,1,1,2901,0,2903,G
5-NP,306,2900,1,0,0,2901,A
5-NP,307,2880,0,1,0,2881,A
5-NP,308,2872,0,1,0,2873,A
5-NP,309,2870,0,0,0,2870,A
5-NP,310,0,2874,0,1,2875,T
5-NP,311,1,1,2909,0,2911,G
5-NP,312,0,0,2921,0,2921,G
5-NP,313,2907,1,1,0,2909,A
5-NP,314,0,2893,0,2,2895,T
5-NP,315,1,5,2891,0,2897,G
5-NP,316,2900,1,0,2,2903,A
5-NP,317,0,4,2916,0,2920,G
5-NP,318,1,2,2885,1,2889,G
5-NP,319,2,4,2909,0,2915,G
5-NP,320,2996,0,4,0,3000,A
5-NP,321,3014,1,1,0,3016,A
5-NP,322,0,0,0,3080,3080,C
5-NP,323,0,3066,0,3,3069,T
5-NP,324,0,2,0,3135,3137,C
5-NP,325,0,0,3159,0,3159,G
5-NP,326,1,3204,0,0,3205,T
5-NP,327,5,0,0,3208,3213,C
5-NP,328,2,0,0,3668,3670,C
5-NP,329,0,3671,0,2,3673,T
5-NP,330,1,3693,0,0,3694,T
5-NP,331,0,3695,0,3,3698,T
5-NP,332,3710,0,0,1,3711,A
5-NP,333,1,3699,0,2,3702,T
5-NP,334,1,0,3707,0,3708,G
5-NP,335,3756,0,1,0,3757,A
5-NP,336,0,1,0,3759,3760,C
5-NP,337,3689,0,1,0,3690,A
5-NP,338,3703,0,0,0,3703,A
5-NP,339,3725,0,1,1,3727,A
5-NP,340,2,0,3956,0,3958,G
5-NP,341,3939,1,3,1,3944,A
5-NP,342,3955,0,2,0,3957,A
5-NP,343,0,1,4212,0,4213,G
5-NP,344,4237,0,3,1,4241,A
5-NP,345,4263,1,1,0,4265,A
5-NP,346,4262,0,1,0,4263,A
5-NP,347,0,4247,1,8,4256,T
5-NP,348,4249,0,3,0,4252,A
5-NP,349,4239,0,1,0,4240,A
5-NP,350,1,0,4306,0,4307,G
5-NP,351,0,1,4288,0,4289,G
5-NP,352,0,2,0,4268,4270,C
5-NP,353,1,0,4267,0,4268,G
5-NP,354,4289,1,0,0,4290,A
5-NP,355,4354,0,0,0,4354,A
5-NP,356,0,4364,0,1,4365,T
5-NP,357,0,0,0,4377,4377,C
5-NP,358,2,4364,0,4,4370,T
5-NP,359,1,2,4363,0,4366,G
5-NP,360,4,1,4362,0,4367,G
5-NP,361,1,1,0,4382,4384,C
5-NP,362,4,1,4381,0,4386,G
5-NP,363,0,0,0,4382,4382,C
5-NP,364,3,2,0,4361,4366,C
5-NP,365,4394,3,2,0,4399,A
5-NP,366,4493,1,2,0,4496,A
5-NP,367,1,0,4651,0,4652,G
5-NP,368,2,0,0,4658,4660,C
5-NP,369,1,0,1,4745,4747,C
5-NP,370,4764,0,2,0,4766,A
5-NP,371,4860,1,4,0,4865,A
5-NP,372,1,2,0,4927,4930,C
5-NP,373,4934,0,2,0,4936,A
5-NP,374,5069,1,1,0,5071,A
5-NP,375,0,5049,1,1,5051,T
5-NP,376,1,5,5165,1,5172,G
5-NP,377,2,1,5164,0,5167,G
5-NP,378,0,5139,0,3,5142,T
5-NP,379,0,3,5140,0,5143,G
5-NP,380,5083,1,9,0,5093,A
5-NP,381,1,5,5251,0,5257,G
5-NP,382,1,4,5259,0,5264,G
5-NP,383,5344,0,0,0,5344,A
5-NP,384,2,5946,0,0,5948,T
5-NP,385,0,1,6054,0,6055,G
5-NP,386,2,1,0,6069,6072,C
5-NP,387,1,6096,0,7,6104,T
5-NP,388,6159,0,3,0,6162,A
5-NP,389,0,2,0,6245,6247,C
5-NP,390,6194,1,2,0,6197,A
5-NP,391,1,6171,1,6,6179,T
5-NP,392,1,0,0,6156,6157,C
5-NP,393,1,5870,0,2,5873,T
5-NP,394,1,5,6159,0,6165,G
5-NP,395,1,1,6299,0,6301,G
5-NP,396,1,6304,0,6,6311,T
5-NP,397,5,0,0,6308,6313,C
5-NP,398,0,6275,0,5,6280,T
5-NP,399,6353,0,1,0,6354,A
5-NP,400,6374,0,2,1,6377,A
5-NP,401,1,0,0,6420,6421,C
5-NP,402,0,6360,0,4,6364,T
5-NP,403,8,0,1,6430,6439,C
5-NP,404,6369,2,3,0,6374,A
5-NP,405,0,2,0,6669,6671,C
5-NP,406,6663,0,2,0,6665,A
5-NP,407,0,6689,0,2,6691,T
5-NP,408,6621,0,0,0,6621,A
5-NP,409,6629,1,1,0,6631,A
5-NP,410,1,6684,0,2,6687,T
5-NP,411,0,6,6762,1,6769,G
5-NP,412,6692,0,2,1,6695,A
5-NP,413,0,6634,0,1,6635,T
5-NP,414,0,6528,0,1,6529,T
5-NP,415,1,6535,1,2,6539,T
5-NP,416,1,11,6490,0,6502,G
5-NP,417,4,6,6509,0,6519,G
5-NP,418,0,5,1,6545,6551,C
5-NP,419,6538,1,1,0,6540,A
5-NP,420,0,6505,0,3,6508,T
5-NP,421,0,6476,0,6,6482,T
5-NP,422,4,2,0,6498,6504,C
5-NP,423,3,2,2,6524,6531,C
5-NP,424,6668,1,2,1,6672,A
5-NP,425,6671,0,2,1,6674,A
5-NP,426,2,6667,1,0,6670,T
5-NP,427,1,6652,0,2,6655,T
5-NP,428,0,6661,0,3,6664,T
5-NP,429,2,5,6739,1,6747,G
5-NP,430,6715,1,6,0,6722,A
5-NP,431,6735,1,0,0,6736,A
5-NP,432,0,6779,0,4,6783,T
5-NP,433,1,6,6721,0,6728,G
5-NP,434,7060,0,4,1,7065,A
5-NP,435,1,7088,0,3,7092,T
5-NP,436,3,2,7095,1,7101,G
5-NP,437,0,2,0,7326,7328,C
5-NP,438,7325,1,7,1,7334,A
5-NP,439,7782,1,6,0,7789,A
5-NP,440,1,1,0,7785,7787,C
5-NP,441,7912,1,2,1,7916,A
5-NP,442,2,8102,0,2,8106,T
5-NP,443,7961,0,1,0,7962,A
5-NP,444,1,3,0,8085,8089,C
5-NP,445,3,0,0,8080,8083,C
5-NP,446,7938,0,4,1,7943,A
5-NP,447,1,3,8031,0,8035,G
5-NP,448,7810,1,6,1,7818,A
5-NP,449,1,4,8060,1,8066,G
5-NP,450,4,5,7977,0,7986,G
5-NP,451,7887,0,22,2,7911,A
5-NP,452,2,1,0,8000,8003,C
5-NP,453,7944,0,2,1,7947,A
5-NP,454,7937,1,10,0,7948,A
5-NP,455,2,8,7947,0,7957,G
5-NP,456,7770,2,9,3,7784,A
5-NP,457,0,0,7902,0,7902,G
5-NP,458,0,2,0,7817,7819,C
5-NP,459,3,7683,1,21,7708,T
5-NP,460,11,1,1,7836,7849,C
5-NP,461,0,7830,0,5,7835,T
5-NP,462,2,7851,1,1,7855,T
5-NP,463,0,1,7879,1,7881,G
5-NP,464,0,7840,1,1,7842,T
5-NP,465,1,7803,0,9,7813,T
5-NP,466,8,2,0,7797,7807,C
5-NP,467,0,4,7794,0,7798,G
5-NP,468,7934,0,1,0,7935,A
5-NP,469,7934,5,1,1,7941,A
5-NP,470,2,0,1,7986,7989,C
5-NP,471,0,7954,2,4,7960,T
5-NP,472,1,1,8074,0,8076,G
5-NP,473,1,3,8076,0,8080,G
5-NP,474,8077,3,4,0,8084,A
5-NP,475,8113,0,5,0,8118,A
5-NP,476,0,8111,0,1,8112,T
5-NP,477,1,12,8047,0,8060,G
5-NP,478,2,4,8069,0,8075,G
5-NP,479,8124,3,5,0,8132,A
5-NP,480,2,8203,1,3,8209,T
5-NP,481,9,1,0,8220,8230,C
5-NP,482,5,1,0,8218,8224,C
5-NP,483,4,38,0,8255,8297,C
5-NP,484,8420,1,1,1,8423,A
5-NP,485,0,7,8555,0,8562,G
5-NP,486,8553,0,1,0,8554,A
5-NP,487,8548,0,0,0,8548,A
5-NP,488,0,8458,0,1,8459,T
5-NP,489,2,1,8576,0,8579,G
5-NP,490,1,8528,0,5,8534,T
5-NP,491,2,3,8587,1,8593,G
5-NP,492,0,2,0,8619,8621,C
5-NP,493,2,8516,0,12,8530,T
5-NP,494,7,0,0,9329,9336,C
5-NP,495,0,9175,1,60,9236,T
5-NP,496,2,3,0,9735,9740,C
5-NP,497,2,9719,0,5,9726,T
5-NP,498,1,7,9771,0,9779,G
5-NP,499,9856,1,2,0,9859,A
5-NP,500,3,9836,0,3,9842,T
5-NP,501,2,1,9815,0,9818,G
5-NP,502,2,2,0,9788,9792,C
5-NP,503,9386,3,8,0,9397,A
5-NP,504,2,10,9697,0,9709,G
5-NP,505,2,3,9453,0,9458,G
5-NP,506,3,2,9588,0,9593,G
5-NP,507,2,3,0,9573,9578,C
5-NP,508,1,9525,1,9,9536,T
5-NP,509,6,6,1,9580,9593,C
5-NP,510,4,10,9629,0,9643,G
5-NP,511,9801,3,3,0,9807,A
5-NP,512,0,2,0,9826,9828,C
5-NP,513,2,9591,0,7,9600,T
5-NP,514,8,0,0,10127,10135,C
5-NP,515,3,9944,2,25,9974,T
5-NP,516,9,1,1,11746,11757,C
5-NP,517,7,3,0,11758,11768,C
5-NP,518,23,0,1,11812,11836,C
5-NP,519,1,11800,0,8,11809,T
5-NP,520,11721,2,2,0,11725,A
5-NP,521,0,4,11718,0,11722,G
5-NP,522,11713,1,0,2,11716,A
5-NP,523,11297,1,6,0,11304,A
5-NP,524,3,4,11339,1,11347,G
5-NP,525,2,3,10992,1,10998,G
5-NP,526,4,10828,0,3,10835,T
5-NP,527,7,2,0,10817,10826,C
5-NP,528,7,3,0,10820,10830,C
5-NP,529,3,7,10841,0,10851,G
5-NP,530,2,8,10951,0,10961,G
5-NP,531,10849,1,11,4,10865,A
5-NP,532,1,0,11081,1,11083,G
5-NP,533,1,0,0,11117,11118,C
5-NP,534,3,10921,0,13,10937,T
5-NP,535,6,2,10938,0,10946,G
5-NP,536,0,6,0,10967,10973,C
5-NP,537,10925,1,14,1,10941,A
5-NP,538,3,4,10986,0,10993,G
5-NP,539,3,4,11023,0,11030,G
5-NP,540,2,11019,1,3,11025,T
5-NP,541,4,11,10805,0,10820,G
5-NP,542,0,4,0,10942,10946,C
5-NP,543,3,10932,0,17,10952,T
5-NP,544,4,0,10980,0,10984,G
5-NP,545,0,3,0,10963,10966,C
5-NP,546,11098,2,6,0,11106,A
5-NP,547,1,1,11339,0,11341,G
5-NP,548,0,11199,0,7,11206,T
5-NP,549,12,1,0,11217,11230,C
5-NP,550,11247,3,3,2,11255,A
5-NP,551,11264,2,6,0,11272,A
5-NP,552,11252,2,16,3,11273,A
5-NP,553,1,4,11314,0,11319,G
5-NP,554,2,9,11331,1,11343,G
5-NP,555,11251,2,8,1,11262,A
5-NP,556,11198,1,5,0,11204,A
5-NP,557,1,11207,0,1,11209,T
5-NP,558,5,5,0,11184,11194,C
5-NP,559,2,14,11188,1,11205,G
5-NP,560,4,10,11610,1,11625,G
5-NP,561,1,8,11633,0,11642,G
5-NP,562,11563,7,6,0,11576,A
5-NP,563,3,3,1,11618,11625,C
5-NP,564,11484,0,3,1,11488,A
5-NP,565,11681,1,2,86,11770,A
5-NP,566,0,11785,0,2,11787,T
5-NP,567,1,5,11902,0,11908,G
5-NP,568,5,3,12218,0,12226,G
5-NP,569,1,12030,0,4,12035,T
5-NP,570,3,3,12066,0,12072,G
5-NP,571,12021,3,9,1,12034,A
5-NP,572,2,12038,0,5,12045,T
5-NP,573,1,6,12088,0,12095,G
5-NP,574,3,10,12191,1,12205,G
5-NP,575,12107,2,11,1,12121,A
5-NP,576,12159,0,5,0,12164,A
5-NP,577,1,2,0,12145,12148,C
5-NP,578,0,11682,0,0,11682,T
5-NP,579,3,12,12361,0,12376,G
5-NP,580,12296,3,11,2,12312,A
5-NP,581,3,12252,0,3,12258,T
5-NP,582,11,1,1,12344,12357,C
5-NP,583,12051,1,4,2,12058,A
5-NP,584,2,3,12448,1,12454,G
5-NP,585,12313,1,3,2,12319,A
5-NP,586,12387,0,3,1,12391,A
5-NP,587,1,12406,1,2,12410,T
5-NP,588,1,15,11974,0,11990,G
5-NP,589,3,1,12185,0,12189,G
5-NP,590,3,12160,3,13,12179,T
5-NP,591,19,2,1,12155,12177,C
5-NP,592,12180,1,1,1,12183,A
5-NP,593,12063,4,4,0,12071,A
5-NP,594,12114,1,2,1,12118,A
5-NP,595,1,3,0,12104,12108,C
5-NP,596,1,18,12051,1,12071,G
5-NP,597,2,21,12092,1,12116,G
5-NP,598,1,12,11933,0,11946,G
5-NP,599,0,9,11989,0,11998,G
5-NP,600,2,5,12073,0,12080,G
5-NP,601,12049,1,13,0,12063,A
5-NP,602,2,11919,2,4,11927,T
5-NP,603,11,1,1,11980,11993,C
5-NP,604,12022,0,8,0,12030,A
5-NP,605,12074,0,7,0,12081,A
5-NP,606,2,3,0,11951,11956,C
5-NP,607,1,11,11886,0,11898,G
5-NP,608,11793,3,5,0,11801,A
5-NP,609,2,11783,0,4,11789,T
5-NP,610,13,5,0,11830,11848,C
5-NP,611,3,2,11867,0,11872,G
5-NP,612,11844,1,1,2,11848,A
5-NP,613,11849,3,6,0,11858,A
5-NP,614,11863,2,2,2,11869,A
5-NP,615,0,12026,1,1,12028,T
5-NP,616,2,11947,0,4,11953,T
5-NP,617,0,11963,3,2,11968,T
5-NP,618,0,12000,2,2,12004,T
5-NP,619,4,12047,1,2,12054,T
5-NP,620,3,8,12041,1,12053,G
5-NP,621,0,8,12065,0,12073,G
5-NP,622,11812,3,23,1,11839,A
5-NP,623,0,4,12084,0,12088,G
5-NP,624,11755,2,7,0,11764,A
5-NP,625,1,5,12303,0,12309,G
5-NP,626,2,1,12403,0,12406,G
5-NP,627,1,12320,0,10,12331,T
5-NP,628,1,2,12343,2,12348,G
5-NP,629,12349,5,19,1,12374,A
5-NP,630,12280,2,11,1,12294,A
5-NP,631,12308,0,9,1,12318,A
5-NP,632,12353,0,4,0,12357,A
5-NP,633,0,12358,0,3,12361,T
5-NP,634,1,21,12089,0,12111,G
5-NP,635,4,4,11798,0,11806,G
5-NP,636,5,3,11801,1,11810,G
5-NP,637,0,4,1,11843,11848,C
5-NP,638,3,10,11834,1,11848,G
5-NP,639,2,3,11954,2,11961,G
5-NP,640,11945,0,0,0,11945,A
5-NP,641,11971,2,7,0,11980,A
5-NP,642,12207,1,4,1,12213,A
5-NP,643,12287,0,11,6,12304,A
5-NP,644,1,2,0,12409,12412,C
5-NP,645,12374,0,8,0,12382,A
5-NP,646,12360,0,9,0,12369,A
5-NP,647,0,2,12382,0,12384,G
5-NP,648,11907,0,12,0,11919,A
5-NP,649,12005,0,3,3,12011,A
5-NP,650,0,0,12403,0,12403,G
5-NP,651,2,12329,1,5,12337,T
5-NP,652,1,1,13135,0,13137,G
5-NP,653,3,1,0,13067,13071,C
5-NP,654,4,13057,2,15,13078,T
5-NP,655,0,13133,1,5,13139,T
5-NP,656,13351,1,0,0,13352,A
5-NP,657,2,13366,0,4,13372,T
5-NP,658,4,7,13409,0,13420,G
5-NP,659,12975,4,27,3,13009,A
5-NP,660,1,15,13100,2,13118,G
5-NP,661,12273,1,13,1,12288,A
5-NP,662,3,6,12427,0,12436,G
5-NP,663,12357,2,6,0,12365,A
5-NP,664,12519,2,2,0,12523,A
5-NP,665,2,12408,0,1,12411,T
5-NP,666,2,3,12625,0,12630,G
5-NP,667,1,12548,0,12,12561,T
5-NP,668,6,3,12577,1,12587,G
5-NP,669,1,5,1,12545,12552,C
5-NP,670,12547,0,9,0,12556,A
5-NP,671,12589,0,15,0,12604,A
5-NP,672,0,2,0,12574,12576,C
5-NP,673,12462,1,0,0,12463,A
5-NP,674,2,12513,0,2,12517,T
5-NP,675,1,12339,0,25,12365,T
5-NP,676,6,2,0,12411,12419,C
5-NP,677,1,12354,0,4,12359,T
5-NP,678,2,12339,1,5,12347,T
5-NP,679,12392,2,0,3,12397,A
5-NP,680,12274,2,4,1,12281,A
5-NP,681,12323,1,11,0,12335,A
5-NP,682,0,8,12349,2,12359,G
5-NP,683,3,5,12298,0,12306,G
5-NP,684,12254,3,3,0,12260,A
5-NP,685,12224,1,7,2,12234,A
5-NP,686,12229,0,4,2,12235,A
5-NP,687,12465,1,3,0,12469,A
5-NP,688,2,12426,3,1,12432,T
5-NP,689,0,12435,1,6,12442,T
5-NP,690,3,12486,0,0,12489,T
5-NP,691,6,1,1,12506,12514,C
5-NP,692,12508,2,2,0,12512,A
5-NP,693,12504,2,3,0,12509,A
5-NP,694,12470,0,13,1,12484,A
5-NP,695,2,0,0,12684,12686,C
5-NP,696,12483,0,0,1,12484,A
5-NP,697,1,3,12787,0,12791,G
5-NP,698,2,1,0,12805,12808,C
5-NP,699,0,12781,2,6,12789,T
5-NP,700,6,0,13048,0,13054,G
5-NP,701,2,7,0,13035,13044,C
5-NP,702,13147,3,15,1,13166,A
5-NP,703,3,1,0,13194,13198,C
5-NP,704,13060,2,4,0,13066,A
5-NP,705,13122,3,12,1,13138,A
5-NP,706,12766,1,14,3,12784,A
5-NP,707,2,15,13522,0,13539,G
5-NP,708,13396,2,24,0,13422,A
5-NP,709,20,3,13540,0,13563,G
5-NP,710,2,2,3,13510,13517,C
5-NP,711,13521,0,6,0,13527,A
5-NP,712,14093,0,6,2,14101,A
5-NP,713,2,14088,0,4,14094,T
5-NP,714,1,18,14150,0,14169,G
5-NP,715,1,1,14276,0,14278,G
5-NP,716,1,13665,2,18,13686,T
5-NP,717,27,11,13642,0,13680,G
5-NP,718,3,12,13796,0,13811,G
5-NP,719,13787,2,8,0,13797,A
5-NP,720,2,13726,1,4,13733,T
5-NP,721,7,1,1,13303,13312,C
5-NP,722,13429,0,5,1,13435,A
5-NP,723,13580,5,8,1,13594,A
5-NP,724,0,2,13685,0,13687,G
5-NP,725,2,13520,1,2,13525,T
5-NP,726,3,11,13505,0,13519,G
5-NP,727,13266,2,7,0,13275,A
5-NP,728,4,12,13368,0,13384,G
5-NP,729,13254,1,23,1,13279,A
5-NP,730,2,5,13383,1,13391,G
5-NP,731,13229,4,7,0,13240,A
5-NP,732,13007,0,1,0,13008,A
5-NP,733,13066,4,16,2,13088,A
5-NP,734,4,1,13207,0,13212,G
5-NP,735,2,13129,2,3,13136,T
5-NP,736,15,5,1,13141,13162,C
5-NP,737,3,8,13091,0,13102,G
5-NP,738,78,11,13031,0,13120,G
5-NP,739,13124,2,10,0,13136,A
5-NP,740,13259,2,4,1,13266,A
5-NP,741,4,3,0,13264,13271,C
5-NP,742,6,0,0,13147,13153,C
5-NP,743,17,4,2,13185,13208,C
5-NP,744,13180,1,14,1,13196,A
5-NP,745,3,4,13239,1,13247,G
5-NP,746,0,1,13251,0,13252,G
5-NP,747,13137,1,2,1,13141,A
5-NP,748,13149,0,3,1,13153,A
5-NP,749,13130,6,16,1,13153,A
5-NP,750,1,7,0,13241,13249,C
5-NP,751,4,4,13204,0,13212,G
5-NP,752,3,3,1,13184,13191,C
5-NP,753,0,13145,1,2,13148,T
5-NP,754,4,8,13162,2,13176,G
5-NP,755,13060,2,6,1,13069,A
5-NP,756,2,3,13339,0,13344,G
5-NP,757,13326,0,5,3,13334,A
5-NP,758,1,13319,2,1,13323,T
5-NP,759,11,4,1,13191,13207,C
5-NP,760,3,7,13265,0,13275,G
5-NP,761,13202,1,2,0,13205,A
5-NP,762,13151,1,11,2,13165,A
5-NP,763,1,1,13250,0,13252,G
5-NP,764,13206,3,6,1,13216,A
5-NP,765,0,13122,1,3,13126,T
5-NP,766,4,1,0,13291,13296,C
5-NP,767,1,13221,1,10,13233,T
5-NP,768,14,2,0,13390,13406,C
5-NP,769,13459,1,4,0,13464,A
5-NP,770,2,13443,0,1,13446,T
5-NP,771,13472,0,1,2,13475,A
5-NP,772,2,13442,2,4,13450,T
5-NP,773,0,13349,2,3,13354,T
5-NP,774,0,13224,1,2,13227,T
5-NP,775,3,13088,3,4,13098,T
5-NP,776,1,13143,0,3,13147,T
5-NP,777,13196,0,6,0,13202,A
5-NP,778,2,3,13185,1,13191,G
5-NP,779,0,2,1,13162,13165,C
5-NP,780,13134,1,0,0,13135,A
5-NP,781,13099,4,3,1,13107,A
5-NP,782,1,3,13682,0,13686,G
5-NP,783,13564,2,10,1,13577,A
5-NP,784,1,13611,0,2,13614,T
5-NP,785,3,2,0,13781,13786,C
5-NP,786,0,13714,1,14,13729,T
5-NP,787,5,2,14192,1,14200,G
5-NP,788,0,4,1,14263,14268,C
5-NP,789,14292,1,7,1,14301,A
5-NP,790,2,14494,0,1,14497,T
5-NP,791,1,13994,1,2,13998,T
5-NP,792,2,8,15064,1,15075,G
5-NP,793,15268,0,108,1,15377,A
5-NP,794,0,15431,1,4,15436,T
5-NP,795,15498,0,7,0,15505,A
5-NP,796,3,15188,0,13,15204,T
5-NP,797,2,15089,0,1,15092,T
5-NP,798,2,14,15166,0,15182,G
5-NP,799,14921,1,13,1,14936,A
5-NP,800,5,5,15148,1,15159,G
5-NP,801,14253,1,19,3,14276,A
5-NP,802,1,7,14114,0,14122,G
5-NP,803,5,11,14342,0,14358,G
5-NP,804,14262,2,12,0,14276,A
5-NP,805,2,14267,2,5,14276,T
5-NP,806,7,2,0,14389,14398,C
5-NP,807,14296,2,1,0,14299,A
5-NP,808,1,1,14373,0,14375,G
5-NP,809,4,14298,0,10,14312,T
5-NP,810,2,14200,0,3,14205,T
5-NP,811,1,5,14193,1,14200,G
5-NP,812,1,4,0,14024,14029,C
5-NP,813,2,13947,2,14,13965,T
5-NP,814,21,3,0,14081,14105,C
5-NP,815,14184,2,6,0,14192,A
5-NP,816,3,1,0,14118,14122,C
5-NP,817,14126,0,6,0,14132,A
5-NP,818,14247,1,0,0,14248,A
5-NP,819,14218,2,0,0,14220,A
5-NP,820,0,14179,0,1,14180,T
5-NP,821,2,6,0,14201,14209,C
5-NP,822,1,14162,0,10,14173,T
5-NP,823,1,14145,0,3,14149,T
5-NP,824,2,2,14178,1,14183,G
5-NP,825,3,5,4,14168,14180,C
5-NP,826,4,1,1,14447,14453,C
5-NP,827,0,14440,0,8,14448,T
5-NP,828,14576,1,2,0,14579,A
5-NP,829,3,2,1,14527,14533,C
5-NP,830,6,1,0,14508,14515,C
5-NP,831,2,14476,0,23,14501,T
5-NP,832,7,2,14741,0,14750,G
5-NP,833,6,4,0,14673,14683,C
5-NP,834,6,7,1,14718,14732,C
5-NP,835,0,14443,2,9,14454,T
5-NP,836,11,1,14672,0,14684,G
5-NP,837,3,14536,1,22,14562,T
5-NP,838,1,0,14736,0,14737,G
5-NP,839,1,9,0,14890,14900,C
5-NP,840,2,0,15183,0,15185,G
5-NP,841,3,14858,0,11,14872,T
5-NP,842,14846,0,1,2,14849,A
5-NP,843,2,14864,0,4,14870,T
5-NP,844,7,13,14830,0,14850,G
5-NP,845,1,11,15756,1,15769,G
5-NP,846,15753,2,15,0,15770,A
5-NP,847,11,2,0,15481,15494,C
5-NP,848,13,1,0,15498,15512,C
5-NP,849,0,15307,1,21,15329,T
5-NP,850,5,5,16323,2,16335,G
5-NP,851,4,6,0,16338,16348,C
5-NP,852,16381,4,9,0,16394,A
5-NP,853,2,0,16781,0,16783,G
5-NP,854,0,15797,1,5,15803,T
5-NP,855,16545,1,4,0,16550,A
5-NP,856,2,16413,0,11,16426,T
5-NP,857,6,10,1,16384,16401,C
5-NP,858,8,4,0,16459,16471,C
5-NP,859,15651,2,20,1,15674,A
5-NP,860,3,1,15777,1,15782,G
5-NP,861,1,15649,0,4,15654,T
5-NP,862,5,25,15877,0,15907,G
5-NP,863,4,9,15848,1,15862,G
5-NP,864,3,3,15554,1,15561,G
5-NP,865,3,15578,0,7,15588,T
5-NP,866,15556,1,1,2,15560,A
5-NP,867,1,6,0,15518,15525,C
5-NP,868,4,13,15471,1,15489,G
5-NP,869,15387,2,12,1,15402,A
5-NP,870,1,3,1,15388,15393,C
5-NP,871,0,14953,1,5,14959,T
5-NP,872,2,15010,2,3,15017,T
5-NP,873,10,5,0,14975,14990,C
5-NP,874,5,6,15008,0,15019,G
5-NP,875,14996,0,3,1,15000,A
5-NP,876,15010,0,2,0,15012,A
5-NP,877,15039,0,2,3,15044,A
5-NP,878,15011,1,2,0,15014,A
5-NP,879,14984,1,11,1,14997,A
5-NP,880,50,6,14988,0,15044,G
5-NP,881,14921,5,25,1,14952,A
5-NP,882,1,30,15107,0,15138,G
5-NP,883,3,13,15244,0,15260,G
5-NP,884,2,3,15293,0,15298,G
5-NP,885,15302,3,15,0,15320,A
5-NP,886,3,15346,1,6,15356,T
5-NP,887,15437,3,6,1,15447,A
5-NP,888,0,15418,4,3,15425,T
5-NP,889,5,15304,4,127,15440,T
5-NP,890,17,0,0,15615,15632,C
5-NP,891,8,1,0,15521,15530,C
5-NP,892,4,15301,0,6,15311,T
5-NP,893,3,15325,0,5,15333,T
5-NP,894,2,3,15465,1,15471,G
5-NP,895,3,3,15552,0,15558,G
5-NP,896,2,15504,2,10,15518,T
5-NP,897,4,15,15389,1,15409,G
5-NP,898,4,6,15345,1,15356,G
5-NP,899,5,8,16269,0,16282,G
5-NP,900,16274,1,3,2,16280,A
5-NP,901,16313,1,4,0,16318,A
5-NP,902,1,16333,0,0,16334,T
5-NP,903,16052,1,9,3,16065,A
5-NP,904,3,6,16029,1,16039,G
5-NP,905,15887,3,17,1,15908,A
5-NP,906,6,5,0,15780,15791,C
5-NP,907,18,0,0,15602,15620,C
5-NP,908,27,1,0,15044,15072,C
5-NP,909,2,15271,4,24,15301,T
5-NP,910,1,15281,0,9,15291,T
5-NP,911,1,15320,1,8,15330,T
5-NP,912,10,5,0,15335,15350,C
5-NP,913,15312,0,2,0,15314,A
5-NP,914,15299,1,2,1,15303,A
5-NP,915,15285,2,6,1,15294,A
5-NP,916,1,1,0,15317,15319,C
5-NP,917,3,14877,2,2,14884,T
5-NP,918,14819,0,6,0,14825,A
5-NP,919,1,0,1,15023,15025,C
5-NP,920,1,14839,1,14,14855,T
5-NP,921,4,14800,1,9,14814,T
5-NP,922,8,3,0,14938,14949,C
5-NP,923,14924,3,1,3,14931,A
5-NP,924,14908,0,2,0,14910,A
5-NP,925,14846,3,7,0,14856,A
5-NP,926,14868,0,4,3,14875,A
5-NP,927,0,14754,2,2,14758,T
5-NP,928,14523,2,13,0,14538,A
5-NP,929,3,4,14780,0,14787,G
5-NP,930,0,4,0,14817,14821,C
5-NP,931,13,0,0,15025,15038,C
5-NP,932,15079,2,1,0,15082,A
5-NP,933,15108,1,2,0,15111,A
5-NP,934,15632,3,3,2,15640,A
5-NP,935,2,15701,0,3,15706,T
5-NP,936,15762,4,12,1,15779,A
5-NP,937,0,15787,1,2,15790,T
5-NP,938,15557,3,4,2,15566,A
5-NP,939,0,1,0,15617,15618,C
5-NP,940,15277,0,10,0,15287,A
5-NP,941,4,3,15785,0,15792,G
5-NP,942,3,1,0,15750,15754,C
5-NP,943,2,15195,2,7,15206,T
5-NP,944,3,15397,1,1,15402,T
5-NP,945,15522,2,3,1,15528,A
5-NP,946,15546,2,2,0,15550,A
5-NP,947,2,15480,2,2,15486,T
5-NP,948,15,6,1,15493,15515,C
5-NP,949,14936,0,11,1,14948,A
5-NP,950,2,9,15211,0,15222,G
5-NP,951,15212,0,19,0,15231,A
5-NP,952,0,1,1,15372,15374,C
5-NP,953,11,1,0,15284,15296,C
5-NP,954,0,15060,1,21,15082,T
5-NP,955,15215,1,8,2,15226,A
5-NP,956,15220,0,3,0,15223,A
5-NP,957,3,9,0,15310,15322,C
5-NP,958,1,16,15316,0,15333,G
5-NP,959,14891,2,8,0,14901,A
5-NP,960,0,14,14966,0,14980,G
5-NP,961,14796,3,10,1,14810,A
5-NP,962,14998,4,8,1,15011,A
5-NP,963,5,14957,2,4,14968,T
5-NP,964,5,0,2,14870,14877,C
5-NP,965,9,4,1,14870,14884,C
5-NP,966,14473,0,29,0,14502,A
5-NP,967,9,4,14605,0,14618,G
5-NP,968,2,7,2,14591,14602,C
5-NP,969,14803,2,6,0,14811,A
5-NP,970,0,8,1,14912,14921,C
5-NP,971,14720,6,11,0,14737,A
5-NP,972,0,2,0,14748,14750,C
5-NP,973,14700,2,3,0,14705,A
5-NP,974,14795,0,20,1,14816,A
5-NP,975,1,10,14824,3,14838,G
5-NP,976,14608,4,10,1,14623,A
5-NP,977,1,1,14736,0,14738,G
5-NP,978,2,14387,0,9,14398,T
5-NP,979,19,4,0,14417,14440,C
5-NP,980,14407,3,12,2,14424,A
5-NP,981,3,2,14471,0,14476,G
5-NP,982,2,6,0,14434,14442,C
5-NP,983,0,14280,0,7,14287,T
5-NP,984,8,9,14874,1,14892,G
5-NP,985,1,3,15006,1,15011,G
5-NP,986,1,14869,1,3,14874,T
5-NP,987,984,2,14052,0,15038,G
5-NP,988,1,14902,0,12,14915,T
5-NP,989,3,14,14862,0,14879,G
5-NP,990,3,0,14865,0,14868,G
5-NP,991,14733,4,5,1,14743,A
5-NP,992,4,14837,1,9,14851,T
5-NP,993,1,14,13774,0,13789,G
5-NP,994,12,2,13689,0,13703,G
5-NP,995,0,3,1,13705,13709,C
5-NP,996,13616,1,8,1,13626,A
5-NP,997,2,13621,1,10,13634,T
5-NP,998,3,1,13519,0,13523,G
5-NP,999,6,3,1,13603,13613,C
5-NP,1000,7,3,1,13670,13681,C
5-NP,1001,13722,2,2,0,13726,A
5-NP,1002,3,13694,1,5,13703,T
5-NP,1003,2,13526,1,7,13536,T
5-NP,1004,6,0,1,13584,13591,C
5-NP,1005,2,13421,0,6,13429,T
5-NP,1006,6,4,13388,0,13398,G
5-NP,1007,0,2,0,13379,13381,C
5-NP,1008,0,12965,0,23,12988,T
5-NP,1009,4,3,13094,0,13101,G
5-NP,1010,1,4,0,12875,12880,C
5-NP,1011,12891,0,4,3,12898,A
5-NP,1012,2,12892,0,6,12900,T
5-NP,1013,1,12786,2,2,12791,T
5-NP,1014,0,12775,0,6,12781,T
5-NP,1015,1,11,12790,0,12802,G
5-NP,1016,12783,1,3,0,12787,A
5-NP,1017,12758,2,8,2,12770,A
5-NP,1018,2,3,12936,1,12942,G
5-NP,1019,12884,1,3,0,12888,A
5-NP,1020,0,12840,0,8,12848,T
5-NP,1021,1,12838,1,2,12842,T
5-NP,1022,1,12870,0,2,12873,T
5-NP,1023,12885,0,2,0,12887,A
5-NP,1024,12871,0,3,1,12875,A
5-NP,1025,0,4,12910,0,12914,G
5-NP,1026,12802,0,2,0,12804,A
5-NP,1027,2,12852,3,3,12860,T
5-NP,1028,1,12609,1,4,12615,T
5-NP,1029,3,2,12740,0,12745,G
5-NP,1030,0,12742,4,11,12757,T
5-NP,1031,2,12714,0,4,12720,T
5-NP,1032,12712,2,9,1,12724,A
5-NP,1033,12768,1,5,0,12774,A
5-NP,1034,5,3,12822,0,12830,G
5-NP,1035,1,2,0,12862,12865,C
5-NP,1036,0,12567,1,12,12580,T
5-NP,1037,3,12593,0,7,12603,T
5-NP,1038,6,3,0,12720,12729,C
5-NP,1039,12747,2,7,0,12756,A
5-NP,1040,4,12715,1,4,12724,T
5-NP,1041,7,4,0,12770,12781,C
5-NP,1042,12579,0,9,0,12588,A
5-NP,1043,0,9,12651,0,12660,G
5-NP,1044,12415,5,17,2,12439,A
5-NP,1045,1,23,12574,0,12598,G
5-NP,1046,1,11,12745,1,12758,G
5-NP,1047,24,5,12698,0,12727,G
5-NP,1048,12755,1,28,1,12785,A
5-NP,1049,2,4,1,12763,12770,C
5-NP,1050,12767,0,7,1,12775,A
5-NP,1051,12770,1,10,0,12781,A
5-NP,1052,0,13,12076,0,12089,G
5-NP,1053,12308,3,23,0,12334,A
5-NP,1054,2,0,12482,0,12484,G
5-NP,1055,0,12463,2,7,12472,T
5-NP,1056,12362,0,7,0,12369,A
5-NP,1057,2,12254,0,15,12271,T
5-NP,1058,3,0,0,12263,12266,C
5-NP,1059,2,12069,0,13,12084,T
5-NP,1060,13,1,1,12207,12222,C
5-NP,1061,9,0,0,11842,11851,C
5-NP,1062,1,11442,2,1,11446,T
5-NP,1063,6,4,1,11502,11513,C
5-NP,1064,5,18,11434,0,11457,G
5-NP,1065,4,8,11530,0,11542,G
5-NP,1066,3,7,11527,0,11537,G
5-NP,1067,4,5,11461,0,11470,G
5-NP,1068,12,6,11479,2,11499,G
5-NP,1069,11274,1,0,1,11276,A
5-NP,1070,11302,1,2,1,11306,A
5-NP,1071,11320,1,4,1,11326,A
5-NP,1072,1,1,0,11444,11446,C
5-NP,1073,0,11402,0,6,11408,T
5-NP,1074,5,0,11484,0,11489,G
5-NP,1075,1,11345,0,10,11356,T
5-NP,1076,16,2,0,11339,11357,C
5-NP,1077,11519,0,4,0,11523,A
5-NP,1078,11548,0,3,0,11551,A
5-NP,1079,3,1,0,11447,11451,C
5-NP,1080,6,1,0,11074,11081,C
5-NP,1081,11169,0,6,0,11175,A
5-NP,1082,0,5,11241,0,11246,G
5-NP,1083,11185,0,4,0,11189,A
5-NP,1084,5,6,11236,0,11247,G
5-NP,1085,3,3,11292,2,11300,G
5-NP,1086,10881,0,9,0,10890,A
5-NP,1087,0,0,11103,0,11103,G
5-NP,1088,1,10990,1,11,11003,T
5-NP,1089,11051,1,6,0,11058,A
5-NP,1090,1,1,1,11013,11016,C
5-NP,1091,10874,2,1,0,10877,A
5-NP,1092,10884,0,2,0,10886,A
5-NP,1093,10715,0,4,1,10720,A
5-NP,1094,1,10598,1,2,10602,T
5-NP,1095,0,10539,0,1,10540,T
5-NP,1096,3,1,10286,0,10290,G
5-NP,1097,1,3,0,10185,10189,C
5-NP,1098,0,10129,0,27,10156,T
5-NP,1099,1,10113,1,6,10121,T
5-NP,1100,9,4,2,10130,10145,C
5-NP,1101,10188,1,3,0,10192,A
5-NP,1102,10238,2,0,0,10240,A
5-NP,1103,10222,2,0,0,10224,A
5-NP,1104,0,10234,1,2,10237,T
5-NP,1105,2,3,10226,0,10231,G
5-NP,1106,10002,1,13,3,10019,A
5-NP,1107,0,7,10097,0,10104,G
5-NP,1108,10121,2,16,0,10139,A
5-NP,1109,10111,1,7,0,10119,A
5-NP,1110,1,5,0,10110,10116,C
5-NP,1111,9990,0,49,0,10039,A
5-NP,1112,1,10031,1,2,10035,T
5-NP,1113,1,4,10186,0,10191,G
5-NP,1114,4,2,10262,0,10268,G
5-NP,1115,10224,3,17,3,10247,A
5-NP,1116,0,10070,0,4,10074,T
5-NP,1117,9977,1,1,0,9979,A
5-NP,1118,10684,0,4,0,10688,A
5-NP,1119,1,10486,2,0,10489,T
5-NP,1120,10505,1,6,0,10512,A
5-NP,1121,2,10453,0,2,10457,T
5-NP,1122,3,14,9777,0,9794,G
5-NP,1123,2,11,9553,1,9567,G
5-NP,1124,3,2,9546,0,9551,G
5-NP,1125,9523,3,6,0,9532,A
5-NP,1126,4,9476,1,3,9484,T
5-NP,1127,5,3,0,7709,7717,C
5-NP,1128,3,8,7708,0,7719,G
5-NP,1129,7706,0,4,0,7710,A
5-NP,1130,5,1,7704,0,7710,G
5-NP,1131,2,2,0,7686,7690,C
5-NP,1132,7641,1,2,0,7644,A
5-NP,1133,0,1,0,8109,8110,C
5-NP,1134,3,7947,0,5,7955,T
5-NP,1135,5,1,0,8043,8049,C
5-NP,1136,1,7991,1,12,8005,T
5-NP,1137,0,7930,0,0,7930,T
5-NP,1138,2,2,7918,0,7922,G
5-NP,1139,7893,1,2,0,7896,A
5-NP,1140,7960,0,2,1,7963,A
5-NP,1141,0,1,0,7943,7944,C
5-NP,1142,1,6366,1,2,6370,T
5-NP,1143,1,6,6406,1,6414,G
5-NP,1144,6179,0,5,0,6184,A
5-NP,1145,1,0,6252,0,6253,G
5-NP,1146,6235,1,0,1,6237,A
5-NP,1147,6235,0,2,0,6237,A
5-NP,1148,1,0,6252,0,6253,G
5-NP,1149,3,5,0,6165,6173,C
5-NP,1150,158,4,6022,1,6185,G
5-NP,1151,4,3,6208,0,6215,G
5-NP,1152,0,0,6283,0,6283,G
5-NP,1153,0,6270,0,1,6271,T
5-NP,1154,6181,1,3,0,6185,A
5-NP,1155,0,1,0,6162,6163,C
5-NP,1156,1,5616,1,0,5618,T
5-NP,1157,3,6,5726,0,5735,G
5-NP,1158,3,4,5687,0,5694,G
5-NP,1159,2,0,5761,1,5764,G
5-NP,1160,4,3,0,5687,5694,C
5-NP,1161,2,2,0,5412,5416,C
5-NP,1162,5481,0,2,0,5483,A
5-NP,1163,1,5471,0,2,5474,T
5-NP,1164,5490,0,1,0,5491,A
5-NP,1165,5480,1,3,1,5485,A
5-NP,1166,1,3,5371,0,5375,G
5-NP,1167,1,4,5495,0,5500,G
5-NP,1168,5388,0,3,1,5392,A
5-NP,1169,3,3,0,5361,5367,C
5-NP,1170,2,0,0,5384,5386,C
5-NP,1171,5365,1,4,1,5371,A
5-NP,1172,0,0,5361,0,5361,G
5-NP,1173,5109,2,1,0,5112,A
5-NP,1174,5248,1,0,1,5250,A
5-NP,1175,0,0,5288,0,5288,G
5-NP,1176,0,5250,1,0,5251,T
5-NP,1177,1,0,5267,0,5268,G
5-NP,1178,2,2,5336,1,5341,G
5-NP,1179,5291,1,3,0,5295,A
5-NP,1180,0,4,5337,2,5343,G
5-NP,1181,1,4,5233,0,5238,G
5-NP,1182,5236,1,0,1,5238,A
5-NP,1183,5219,2,5,0,5226,A
5-NP,1184,5236,2,4,0,5242,A
5-NP,1185,2,2,0,5263,5267,C
5-NP,1186,5254,1,1,4,5260,A
5-NP,1187,1,0,0,5403,5404,C
5-NP,1188,1,5322,0,0,5323,T
5-NP,1189,5466,0,2,1,5469,A
5-NP,1190,5473,0,0,0,5473,A
5-NP,1191,2,5453,0,2,5457,T
5-NP,1192,7,0,0,5502,5509,C
5-NP,1193,5433,0,2,1,5436,A
5-NP,1194,5512,1,0,0,5513,A
5-NP,1195,2,1,0,5535,5538,C
5-NP,1196,5379,1,2,0,5382,A
5-NP,1197,0,1,5390,0,5391,G
5-NP,1198,5172,0,3,1,5176,A
5-NP,1199,1,3,5225,0,5229,G
5-NP,1200,1,3,5208,0,5212,G
5-NP,1201,2,2,5188,1,5193,G
5-NP,1202,0,1,1,5194,5196,C
5-NP,1203,3,1,1,5183,5188,C
5-NP,1204,0,5087,0,6,5093,T
5-NP,1205,2,0,0,5169,5171,C
5-NP,1206,4,0,0,5166,5170,C
5-NP,1207,3,2,5187,0,5192,G
5-NP,1208,1,0,0,5171,5172,C
5-NP,1209,5110,2,3,0,5115,A
5-NP,1210,1,2,5352,0,5355,G
5-NP,1211,1,0,5331,0,5332,G
5-NP,1212,2,3,1,5357,5363,C
5-NP,1213,0,1,0,5361,5362,C
5-NP,1214,5304,0,0,0,5304,A
5-NP,1215,5332,0,2,0,5334,A
5-NP,1216,5325,0,7,0,5332,A
5-NP,1217,0,1,0,5366,5367,C
5-NP,1218,1,2,0,5376,5379,C
5-NP,1219,4948,0,1,1,4950,A
5-NP,1220,0,12,5055,0,5067,G
5-NP,1221,0,4981,0,5,4986,T
5-NP,1222,5,0,5004,1,5010,G
5-NP,1223,0,5007,0,3,5010,T
5-NP,1224,1,0,4967,1,4969,G
5-NP,1225,0,0,0,4979,4979,C
5-NP,1226,4903,0,0,0,4903,A
5-NP,1227,4991,0,6,2,4999,A
5-NP,1228,0,0,0,4984,4984,C
5-NP,1229,1,2,0,4958,4961,C
5-NP,1230,0,4872,0,1,4873,T
5-NP,1231,4855,1,0,0,4856,A
5-NP,1232,0,1,0,4839,4840,C
5-NP,1233,3,0,4847,1,4851,G
5-NP,1234,2,4780,2,5,4789,T
5-NP,1235,0,4813,0,1,4814,T
5-NP,1236,1,4734,1,1,4737,T
5-NP,1237,1,4691,1,2,4695,T
5-NP,1238,1,1,0,4702,4704,C
5-NP,1239,0,4632,0,1,4633,T
5-NP,1240,1,0,4774,0,4775,G
5-NP,1241,0,4736,1,0,4737,T
5-NP,1242,4754,0,2,0,4756,A
5-NP,1243,0,0,0,4760,4760,C
5-NP,1244,4686,0,0,0,4686,A
5-NP,1245,4693,1,0,0,4694,A
5-NP,1246,4695,0,3,2,4700,A
5-NP,1247,1,4,4699,0,4704,G
5-NP,1248,4665,1,1,0,4667,A
5-NP,1249,4510,1,0,0,4511,A
5-NP,1250,4506,0,5,0,4511,A
5-NP,1251,1,0,0,4515,4516,C
5-NP,1252,2,0,0,4455,4457,C
5-NP,1253,1,4392,0,7,4400,T
5-NP,1254,2,1,0,4418,4421,C
5-NP,1255,1,0,0,4429,4430,C
5-NP,1256,7,1,0,4416,4424,C
5-NP,1257,4418,0,3,0,4421,A
5-NP,1258,0,4443,0,1,4444,T
5-NP,1259,1,4444,1,2,4448,T
5-NP,1260,1,4419,0,2,4422,T
5-NP,1261,1,4,4441,0,4446,G
5-NP,1262,4420,0,4,0,4424,A
5-NP,1263,4292,1,125,0,4418,A
5-NP,1264,4408,1,1,2,4412,A
5-NP,1265,4398,0,0,0,4398,A
5-NP,1266,2,1,4473,1,4477,G
5-NP,1267,0,4405,0,4,4409,T
5-NP,1268,2,1,0,4407,4410,C
5-NP,1269,4417,0,3,0,4420,A
5-NP,1270,4444,0,2,0,4446,A
5-NP,1271,1,1,0,4427,4429,C
5-NP,1272,2,1,0,4509,4512,C
5-NP,1273,4503,0,0,0,4503,A
5-NP,1274,1,4476,0,4,4481,T
5-NP,1275,2,2,0,4440,4444,C
5-NP,1276,4403,0,5,1,4409,A
5-NP,1277,1,4449,1,3,4454,T
5-NP,1278,0,3,4457,0,4460,G
5-NP,1279,2,0,4444,0,4446,G
5-NP,1280,0,1,0,4436,4437,C
5-NP,1281,4316,0,2,0,4318,A
5-NP,1282,0,2,4320,0,4322,G
5-NP,1283,2,1,0,4281,4284,C
5-NP,1284,4300,0,0,1,4301,A
5-NP,1285,1,4281,0,1,4283,T
5-NP,1286,1,4226,0,2,4229,T
5-NP,1287,3,1,0,4249,4253,C
5-NP,1288,4214,0,1,0,4215,A
5-NP,1289,0,0,0,4252,4252,C
5-NP,1290,1,4236,0,2,4239,T
5-NP,1291,3,1,4253,0,4257,G
5-NP,1292,0,2,4258,0,4260,G
5-NP,1293,4229,2,3,1,4235,A
5-NP,1294,4243,0,0,0,4243,A
5-NP,1295,4253,0,0,0,4253,A
5-NP,1296,0,4213,0,1,4214,T
5-NP,1297,4225,0,2,0,4227,A
5-NP,1298,2,0,0,4222,4224,C
5-NP,1299,38,1,4104,0,4143,G
5-NP,1300,0,3,4125,0,4128,G
5-NP,1301,4067,1,1,0,4069,A
5-NP,1302,4005,1,3,0,4009,A
5-NP,1303,1,5,4069,0,4075,G
5-NP,1304,1,0,4098,0,4099,G
5-NP,1305,4102,0,0,0,4102,A
5-NP,1306,4100,1,2,1,4104,A
5-NP,1307,1,3,4113,0,4117,G
5-NP,1308,4098,0,1,0,4099,A
5-NP,1309,4097,1,0,0,4098,A
5-NP,1310,0,0,1,4181,4182,C
5-NP,1311,1,4101,1,7,4110,T
5-NP,1312,0,4151,0,1,4152,T
5-NP,1313,1,3,0,4163,4167,C
5-NP,1314,4159,0,4,0,4163,A
5-NP,1315,0,2,4185,0,4187,G
5-NP,1316,4155,2,2,0,4159,A
5-NP,1317,0,3,0,4173,4176,C
5-NP,1318,4141,0,0,0,4141,A
5-NP,1319,0,4006,0,3,4009,T
5-NP,1320,3,3,4024,0,4030,G
5-NP,1321,3910,1,9,0,3920,A
5-NP,1322,3,4,3972,1,3980,G
5-NP,1323,2,2,3980,0,3984,G
5-NP,1324,2,0,3963,0,3965,G
5-NP,1325,0,1,0,3972,3973,C
5-NP,1326,3943,0,1,0,3944,A
5-NP,1327,0,0,3947,0,3947,G
5-NP,1328,3924,0,1,0,3925,A
5-NP,1329,3974,1,2,0,3977,A
5-NP,1330,3982,2,0,0,3984,A
5-NP,1331,2,3936,0,0,3938,T
5-NP,1332,6,1,0,3966,3973,C
5-NP,1333,3873,3,4,0,3880,A
5-NP,1334,0,3947,0,2,3949,T
5-NP,1335,3959,0,0,0,3959,A
5-NP,1336,3927,0,2,0,3929,A
5-NP,1337,0,5,4010,0,4015,G
5-NP,1338,3926,0,4,1,3931,A
5-NP,1339,3993,0,0,0,3993,A
5-NP,1340,0,3881,0,2,3883,T
5-NP,1341,1,1,3902,0,3904,G
5-NP,1342,3872,2,7,0,3881,A
5-NP,1343,1,3876,0,2,3879,T
5-NP,1344,0,1,3882,0,3883,G
5-NP,1345,2,0,3875,0,3877,G
5-NP,1346,3739,0,26,0,3765,A
5-NP,1347,3737,1,3,0,3741,A
5-NP,1348,0,2,3610,0,3612,G
5-NP,1349,1,0,3741,0,3742,G
5-NP,1350,2,3649,0,5,3656,T
5-NP,1351,3,1,3658,0,3662,G
5-NP,1352,1,3,1,3659,3664,C
5-NP,1353,3667,1,0,0,3668,A
5-NP,1354,3667,0,2,1,3670,A
5-NP,1355,3656,0,0,0,3656,A
5-NP,1356,3707,1,4,0,3712,A
5-NP,1357,0,61,0,3663,3724,C
5-NP,1358,4,1,0,3653,3658,C
5-NP,1359,3571,0,0,0,3571,A
5-NP,1360,0,0,3594,0,3594,G
5-NP,1361,3591,1,0,0,3592,A
5-NP,1362,3572,2,0,1,3575,A
5-NP,1363,1,1,3594,0,3596,G
5-NP,1364,3545,0,1,0,3546,A
5-NP,1365,3460,1,3,0,3464,A
5-NP,1366,0,0,3532,0,3532,G
5-NP,1367,0,3470,0,3,3473,T
5-NP,1368,0,2,3501,0,3503,G
5-NP,1369,1,3457,0,5,3463,T
5-NP,1370,2,0,0,3461,3463,C
5-NP,1371,3490,1,1,0,3492,A
5-NP,1372,0,3545,0,1,3546,T
5-NP,1373,0,3523,0,2,3525,T
5-NP,1374,0,1,0,3532,3533,C
5-NP,1375,4,2,0,3442,3448,C
5-NP,1376,2,1,3447,2,3452,G
5-NP,1377,0,2,3457,0,3459,G
5-NP,1378,0,7,3442,0,3449,G
5-NP,1379,0,4,3458,0,3462,G
5-NP,1380,1,2,3450,0,3453,G
5-NP,1381,3301,0,4,0,3305,A
5-NP,1382,1,1,3351,0,3353,G
5-NP,1383,0,2,3328,0,3330,G
5-NP,1384,1,3,3304,0,3308,G
5-NP,1385,3,0,3332,1,3336,G
5-NP,1386,3299,0,3,0,3302,A
5-NP,1387,0,0,3340,0,3340,G
5-NP,1388,0,3293,0,2,3295,T
5-NP,1389,1,3268,0,4,3273,T
5-NP,1390,0,3284,0,1,3285,T
5-NP,1391,1,3281,0,0,3282,T
5-NP,1392,1,2,0,3289,3292,C
5-NP,1393,0,3,3295,0,3298,G
5-NP,1394,3275,0,1,0,3276,A
5-NP,1395,0,1,3336,0,3337,G
5-NP,1396,0,3,0,3290,3293,C
5-NP,1397,1,3276,0,6,3283,T
5-NP,1398,1,1,0,3338,3340,C
5-NP,1399,0,3312,0,0,3312,T
5-NP,1400,0,0,0,3351,3351,C
5-NP,1401,3354,0,0,1,3355,A
5-NP,1402,0,1,3378,0,3379,G
5-NP,1403,3384,0,2,0,3386,A
5-NP,1404,0,0,0,3352,3352,C
5-NP,1405,0,8,3338,0,3346,G
5-NP,1406,3249,2,5,2,3258,A
5-NP,1407,0,0,3287,0,3287,G
5-NP,1408,3251,0,1,0,3252,A
5-NP,1409,3236,1,2,0,3239,A
5-NP,1410,1,1,3244,0,3246,G
5-NP,1411,2,0,3190,0,3192,G
5-NP,1412,2,0,0,3191,3193,C
5-NP,1413,3189,0,0,0,3189,A
5-NP,1414,3194,0,4,0,3198,A
5-NP,1415,0,0,0,3186,3186,C
5-NP,1416,2,1,3190,0,3193,G
5-NP,1417,3206,1,0,0,3207,A
5-NP,1418,3187,1,1,0,3189,A
5-NP,1419,1,1,0,3170,3172,C
5-NP,1420,2,1,0,3154,3157,C
5-NP,1421,3,1,0,3127,3131,C
5-NP,1422,1,0,3134,0,3135,G
5-NP,1423,3133,0,1,0,3134,A
5-NP,1424,1,3129,0,2,3132,T
5-NP,1425,4,1,1,3070,3076,C
5-NP,1426,1,1,3071,1,3074,G
5-NP,1427,0,3053,0,1,3054,T
5-NP,1428,2,0,3059,0,3061,G
5-NP,1429,2,1,0,3025,3028,C
5-NP,1430,6,1,0,3031,3038,C
5-NP,1431,12,1,0,3034,3047,C
5-NP,1432,1,2961,0,22,2984,T
5-NP,1433,1,0,0,3101,3102,C
5-NP,1434,0,3090,0,2,3092,T
5-NP,1435,0,3082,1,0,3083,T
5-NP,1436,0,3090,0,1,3091,T
5-NP,1437,1,3067,0,0,3068,T
5-NP,1438,0,2,3098,0,3100,G
5-NP,1439,3073,0,2,0,3075,A
5-NP,1440,0,3053,0,1,3054,T
5-NP,1441,3049,0,1,0,3050,A
5-NP,1442,0,2547,0,0,2547,T
5-NP,1443,1,4,2593,0,2598,G
5-NP,1444,2544,0,0,0,2544,A
5-NP,1445,0,1,2579,0,2580,G
5-NP,1446,0,2571,0,3,2574,T
5-NP,1447,2494,0,1,0,2495,A
5-NP,1448,2503,0,1,0,2504,A
5-NP,1449,1,2493,1,0,2495,T
5-NP,1450,0,2,2490,0,2492,G
5-NP,1451,2469,0,1,1,2471,A
5-NP,1452,2156,0,3,0,2159,A
5-NP,1453,0,3,2153,0,2156,G
5-NP,1454,1,1,2006,0,2008,G
5-NP,1455,1989,0,0,0,1989,A
5-NP,1456,2,1980,1,2,1985,T
5-NP,1457,0,1,2,1983,1986,C
5-NP,1458,0,1979,0,2,1981,T
5-NP,1459,0,1978,0,2,1980,T
5-NP,1460,1986,1,0,0,1987,A
5-NP,1461,0,1972,0,1,1973,T
5-NP,1462,0,1950,0,2,1952,T
5-NP,1463,1,1920,0,1,1922,T
5-NP,1464,1,0,0,1874,1875,C
5-NP,1465,1,1785,1,0,1787,T
5-NP,1466,1,1779,0,0,1780,T
5-NP,1467,0,0,0,1783,1783,C
5-NP,1468,0,1,1763,0,1764,G
5-NP,1469,0,1,1762,0,1763,G
5-NP,1470,1735,0,2,0,1737,A
5-NP,1471,0,1,1762,0,1763,G
5-NP,1472,1753,0,0,0,1753,A
5-NP,1473,2,0,0,1717,1719,C
5-NP,1474,1644,0,0,0,1644,A
5-NP,1475,1646,0,2,0,1648,A
5-NP,1476,0,1641,0,0,1641,T
5-NP,1477,0,1,1646,0,1647,G
5-NP,1478,1,0,0,1635,1636,C
5-NP,1479,1523,0,53,0,1576,A
5-NP,1480,0,1,1578,0,1579,G
5-NP,1481,1573,0,1,0,1574,A
5-NP,1482,1469,0,1,0,1470,A
5-NP,1483,0,0,1463,0,1463,G
5-NP,1484,878,0,2,0,880,A
5-NP,1485,0,0,884,0,884,G
5-NP,1486,0,814,1,0,815,T
5-NP,1487,812,0,0,1,813,A
5-NP,1488,0,0,0,809,809,C
5-NP,1489,0,0,747,0,747,G
5-NP,1490,742,0,0,0,742,A
5-NP,1491,0,0,0,727,727,C
5-NP,1492,488,0,1,0,489,A
5-NP,1493,486,0,0,0,486,A
5-NP,1494,0,412,0,0,412,T
5-NP,1495,0,394,0,0,394,T
5-NP,1496,391,0,0,0,391,A
5-NP,1497,378,0,0,0,378,A
6-NA,1,11,0,0,0,11,A
6-NA,2,0,11,0,0,11,T
6-NA,3,0,0,11,0,11,G
6-NA,4,11,0,0,0,11,A
6-NA,5,13,0,0,0,13,A
6-NA,6,0,13,0,0,13,T
6-NA,7,1,0,0,12,13,C
6-NA,8,0,0,0,13,13,C
6-NA,9,13,0,0,0,13,A
6-NA,10,14,0,0,0,14,A
6-NA,11,15,0,0,0,15,A
6-NA,12,0,15,0,0,15,T
6-NA,13,0,0,0,15,15,C
6-NA,14,15,0,0,0,15,A
6-NA,15,15,0,0,0,15,A
6-NA,16,15,0,0,0,15,A
6-NA,17,23,0,0,0,23,A
6-NA,18,0,0,25,0,25,G
6-NA,19,27,0,0,0,27,A
6-NA,20,0,27,0,0,27,T
6-NA,21,27,0,0,0,27,A
6-NA,22,27,0,0,0,27,A
6-NA,23,0,26,0,0,26,T
6-NA,24,20,0,0,7,27,A
6-NA,25,27,0,0,0,27,A
6-NA,26,0,0,0,28,28,C
6-NA,27,0,0,30,0,30,G
6-NA,28,30,0,0,0,30,A
6-NA,29,0,30,0,0,30,T
6-NA,30,0,30,0,0,30,T
6-NA,31,0,0,29,0,29,G
6-NA,32,0,0,30,0,30,G
6-NA,33,0,0,0,30,30,C
6-NA,34,0,30,0,0,30,T
6-NA,35,0,0,0,31,31,C
6-NA,36,0,31,0,0,31,T
6-NA,37,0,0,33,0,33,G
6-NA,38,0,33,0,0,33,T
6-NA,39,0,33,0,0,33,T
6-NA,40,0,34,0,0,34,T
6-NA,41,0,0,0,36,36,C
6-NA,42,0,36,0,0,36,T
6-NA,43,0,0,0,36,36,C
6-NA,44,0,36,0,0,36,T
6-NA,45,0,0,0,37,37,C
6-NA,46,37,0,0,0,37,A
6-NA,47,0,0,0,39,39,C
6-NA,48,0,0,0,39,39,C
6-NA,49,39,0,0,0,39,A
6-NA,50,0,40,0,0,40,T
6-NA,51,0,39,0,0,39,T
6-NA,52,0,40,0,0,40,T
6-NA,53,0,0,0,40,40,C
6-NA,54,0,0,0,40,40,C
6-NA,55,41,0,0,0,41,A
6-NA,56,0,0,0,44,44,C
6-NA,57,44,0,0,0,44,A
6-NA,58,45,0,0,0,45,A
6-NA,59,0,45,0,0,45,T
6-NA,60,46,0,0,0,46,A
6-NA,61,0,46,0,0,46,T
6-NA,62,0,0,46,0,46,G
6-NA,63,0,0,0,47,47,C
6-NA,64,0,47,0,0,47,T
6-NA,65,0,47,0,0,47,T
6-NA,66,0,0,0,47,47,C
6-NA,67,0,46,0,0,46,T
6-NA,68,0,47,0,0,47,T
6-NA,69,0,0,0,46,46,C
6-NA,70,46,0,0,0,46,A
6-NA,71,0,46,0,0,46,T
6-NA,72,0,0,47,0,47,G
6-NA,73,0,0,0,47,47,C
6-NA,74,47,0,0,0,47,A
6-NA,75,47,0,0,0,47,A
6-NA,76,47,0,0,0,47,A
6-NA,77,0,48,0,0,48,T
6-NA,78,0,48,0,0,48,T
6-NA,79,0,0,50,0,50,G
6-NA,80,0,1,0,49,50,C
6-NA,81,0,0,0,50,50,C
6-NA,82,50,0,0,0,50,A
6-NA,83,0,49,0,0,49,T
6-NA,84,0,0,0,56,56,C
6-NA,85,0,58,0,0,58,T
6-NA,86,0,58,0,0,58,T
6-NA,87,0,0,59,0,59,G
6-NA,88,60,0,0,0,60,A
6-NA,89,0,61,0,0,61,T
6-NA,90,62,0,0,0,62,A
6-NA,91,62,0,0,0,62,A
6-NA,92,0,0,0,70,70,C
6-NA,93,0,65,0,1,66,T
6-NA,94,67,0,0,0,67,A
6-NA,95,0,0,0,69,69,C
6-NA,96,0,69,0,0,69,T
6-NA,97,0,0,71,0,71,G
6-NA,98,0,71,0,0,71,T
6-NA,99,71,0,0,0,71,A
6-NA,100,71,0,0,0,71,A
6-NA,101,0,0,0,69,69,C
6-NA,102,67,0,0,0,67,A
6-NA,103,0,66,0,1,67,T
6-NA,104,0,64,0,0,64,T
6-NA,105,0,0,64,0,64,G
6-NA,106,0,1,0,63,64,C
6-NA,107,63,0,0,0,63,A
6-NA,108,0,64,0,0,64,T
6-NA,109,0,64,0,0,64,T
6-NA,110,0,64,0,0,64,T
6-NA,111,0,0,0,64,64,C
6-NA,112,63,0,0,0,63,A
6-NA,113,64,0,0,0,64,A
6-NA,114,0,0,64,0,64,G
6-NA,115,0,0,0,62,62,C
6-NA,116,62,0,0,0,62,A
6-NA,117,65,0,0,0,65,A
6-NA,118,0,65,0,0,65,T
6-NA,119,65,0,0,0,65,A
6-NA,120,0,65,0,0,65,T
6-NA,121,0,0,68,0,68,G
6-NA,122,67,0,0,0,67,A
6-NA,123,70,0,0,0,70,A
6-NA,124,0,68,0,0,68,T
6-NA,125,0,67,0,1,68,T
6-NA,126,0,0,0,67,67,C
6-NA,127,68,0,0,0,68,A
6-NA,128,67,0,0,0,67,A
6-NA,129,0,0,0,68,68,C
6-NA,130,0,67,0,0,67,T
6-NA,131,0,0,0,66,66,C
6-NA,132,0,0,0,67,67,C
6-NA,133,0,0,0,70,70,C
6-NA,134,0,0,0,70,70,C
6-NA,135,0,0,0,72,72,C
6-NA,136,0,0,0,74,74,C
6-NA,137,0,0,0,75,75,C
6-NA,138,76,0,0,0,76,A
6-NA,139,74,0,0,0,74,A
6-NA,140,72,0,0,2,74,A
6-NA,141,0,0,0,78,78,C
6-NA,142,76,0,0,0,76,A
6-NA,143,79,0,0,0,79,A
6-NA,144,0,0,0,80,80,C
6-NA,145,0,0,0,80,80,C
6-NA,146,80,0,0,0,80,A
6-NA,147,82,0,0,0,82,A
6-NA,148,0,0,85,0,85,G
6-NA,149,0,85,0,0,85,T
6-NA,150,0,0,86,0,86,G
6-NA,151,86,0,0,0,86,A
6-NA,152,1,83,0,0,84,T
6-NA,153,0,0,82,0,82,G
6-NA,154,0,0,0,82,82,C
6-NA,155,0,82,0,0,82,T
6-NA,156,0,0,90,0,90,G
6-NA,157,1,87,0,0,88,T
6-NA,158,0,0,89,0,89,G
6-NA,159,0,90,0,0,90,T
6-NA,160,0,0,86,0,86,G
6-NA,161,85,0,0,0,85,A
6-NA,162,88,0,0,0,88,A
6-NA,163,0,0,0,87,87,C
6-NA,164,0,0,0,86,86,C
6-NA,165,90,0,0,0,90,A
6-NA,166,90,0,0,0,90,A
6-NA,167,0,0,0,91,91,C
6-NA,168,92,0,0,0,92,A
6-NA,169,92,0,0,0,92,A
6-NA,170,0,94,0,0,94,T
6-NA,171,93,0,0,0,93,A
6-NA,172,93,0,0,0,93,A
6-NA,173,0,93,0,0,93,T
6-NA,174,93,0,0,0,93,A
6-NA,175,0,0,93,0,93,G
6-NA,176,92,0,0,0,92,A
6-NA,177,92,0,0,0,92,A
6-NA,178,92,0,0,0,92,A
6-NA,179,0,0,91,0,91,G
6-NA,180,94,0,0,0,94,A
6-NA,181,95,0,0,0,95,A
6-NA,182,97,0,0,0,97,A
6-NA,183,0,0,0,98,98,C
6-NA,184,99,0,0,0,99,A
6-NA,185,0,102,0,0,102,T
6-NA,186,101,0,0,0,101,A
6-NA,187,103,0,0,0,103,A
6-NA,188,0,0,0,105,105,C
6-NA,189,100,0,0,0,100,A
6-NA,190,0,0,102,0,102,G
6-NA,191,102,0,1,0,103,A
6-NA,192,0,0,105,0,105,G
6-NA,193,104,0,0,0,104,A
6-NA,194,0,110,0,0,110,T
6-NA,195,110,0,0,0,110,A
6-NA,196,0,0,112,0,112,G
6-NA,197,0,108,0,0,108,T
6-NA,198,0,0,112,0,112,G
6-NA,199,0,112,0,0,112,T
6-NA,200,111,0,0,0,111,A
6-NA,201,0,112,0,0,112,T
6-NA,202,0,0,0,112,112,C
6-NA,203,0,109,0,0,109,T
6-NA,204,0,0,111,0,111,G
6-NA,205,112,0,0,0,112,A
6-NA,206,0,0,0,111,111,C
6-NA,207,0,0,0,111,111,C
6-NA,208,111,0,0,0,111,A
6-NA,209,112,0,0,0,112,A
6-NA,210,0,0,0,115,115,C
6-NA,211,114,0,0,0,114,A
6-NA,212,0,0,0,118,118,C
6-NA,213,0,0,0,114,114,C
6-NA,214,118,0,0,0,118,A
6-NA,215,0,0,0,121,121,C
6-NA,216,0,0,0,121,121,C
6-NA,217,125,0,0,0,125,A
6-NA,218,0,125,0,0,125,T
6-NA,219,123,0,0,0,123,A
6-NA,220,0,0,121,0,121,G
6-NA,221,118,0,1,0,119,A
6-NA,222,0,0,120,0,120,G
6-NA,223,119,0,0,0,119,A
6-NA,224,121,0,0,0,121,A
6-NA,225,0,0,119,0,119,G
6-NA,226,0,0,121,0,121,G
6-NA,227,119,0,0,0,119,A
6-NA,228,122,0,0,0,122,A
6-NA,229,123,0,0,0,123,A
6-NA,230,0,125,0,0,125,T
6-NA,231,124,0,0,0,124,A
6-NA,232,0,123,0,0,123,T
6-NA,233,0,0,122,0,122,G
6-NA,234,0,0,0,123,123,C
6-NA,235,0,1,0,117,118,C
6-NA,236,0,0,0,120,120,C
6-NA,237,0,0,0,121,121,C
6-NA,238,122,0,0,0,122,A
6-NA,239,128,0,0,0,128,A
6-NA,240,127,0,0,0,127,A
6-NA,241,0,0,0,129,129,C
6-NA,242,0,128,0,0,128,T
6-NA,243,127,0,0,0,127,A
6-NA,244,0,0,130,0,130,G
6-NA,245,0,0,0,130,130,C
6-NA,246,128,0,0,0,128,A
6-NA,247,0,0,131,0,131,G
6-NA,248,128,0,0,0,128,A
6-NA,249,132,0,0,0,132,A
6-NA,250,1,130,0,0,131,T
6-NA,251,132,0,0,0,132,A
6-NA,252,0,0,0,133,133,C
6-NA,253,130,0,1,0,131,A
6-NA,254,0,0,131,0,131,G
6-NA,255,131,0,0,0,131,A
6-NA,256,127,0,0,0,127,A
6-NA,257,129,0,0,0,129,A
6-NA,258,0,126,0,0,126,T
6-NA,259,0,127,0,0,127,T
6-NA,260,0,0,126,0,126,G
6-NA,261,0,0,125,0,125,G
6-NA,262,0,125,1,0,126,T
6-NA,263,0,0,0,126,126,C
6-NA,264,126,0,0,0,126,A
6-NA,265,127,0,0,0,127,A
6-NA,266,125,0,0,0,125,A
6-NA,267,0,0,127,0,127,G
6-NA,268,0,0,0,126,126,C
6-NA,269,0,0,0,125,125,C
6-NA,270,0,0,124,0,124,G
6-NA,271,0,0,0,127,127,C
6-NA,272,126,0,1,0,127,A
6-NA,273,130,0,0,0,130,A
6-NA,274,0,130,0,0,130,T
6-NA,275,0,0,130,0,130,G
6-NA,276,0,129,0,0,129,T
6-NA,277,0,0,129,0,129,G
6-NA,278,130,0,0,0,130,A
6-NA,279,0,0,0,130,130,C
6-NA,280,131,0,0,0,131,A
6-NA,281,1,130,0,1,132,T
6-NA,282,0,127,0,0,127,T
6-NA,283,131,0,0,0,131,A
6-NA,284,0,0,0,129,129,C
6-NA,285,129,0,0,0,129,A
6-NA,286,0,0,133,0,133,G
6-NA,287,0,0,132,0,132,G
6-NA,288,129,0,0,0,129,A
6-NA,289,0,131,0,0,131,T
6-NA,290,0,131,0,0,131,T
6-NA,291,0,129,0,0,129,T
6-NA,292,0,0,128,0,128,G
6-NA,293,0,0,0,129,129,C
6-NA,294,131,0,0,0,131,A
6-NA,295,0,0,0,133,133,C
6-NA,296,0,0,0,131,131,C
6-NA,297,0,131,0,0,131,T
6-NA,298,0,131,0,0,131,T
6-NA,299,0,132,0,0,132,T
6-NA,300,0,130,0,0,130,T
6-NA,301,0,130,0,0,130,T
6-NA,302,0,0,0,132,132,C
6-NA,303,0,135,0,0,135,T
6-NA,304,133,0,0,0,133,A
6-NA,305,132,0,0,0,132,A
6-NA,306,0,0,133,0,133,G
6-NA,307,0,0,131,0,131,G
6-NA,308,129,0,0,0,129,A
6-NA,309,0,0,0,128,128,C
6-NA,310,127,0,0,0,127,A
6-NA,311,125,0,0,0,125,A
6-NA,312,0,122,0,0,122,T
6-NA,313,0,126,0,0,126,T
6-NA,314,0,0,0,125,125,C
6-NA,315,0,0,127,0,127,G
6-NA,316,127,0,0,0,127,A
6-NA,317,0,129,0,0,129,T
6-NA,318,0,129,0,0,129,T
6-NA,319,128,0,0,0,128,A
6-NA,320,0,0,127,1,128,G
6-NA,321,0,0,128,0,128,G
6-NA,322,1,0,0,126,127,C
6-NA,323,0,123,0,0,123,T
6-NA,324,0,125,0,0,125,T
6-NA,325,0,126,0,0,126,T
6-NA,326,0,0,0,125,125,C
6-NA,327,0,0,0,125,125,C
6-NA,328,0,0,126,0,126,G
6-NA,329,0,0,0,128,128,C
6-NA,330,0,126,0,0,126,T
6-NA,331,0,0,127,0,127,G
6-NA,332,0,0,126,0,126,G
6-NA,333,0,123,0,0,123,T
6-NA,334,0,0,124,0,124,G
6-NA,335,0,1,124,0,125,G
6-NA,336,0,0,124,0,124,G
6-NA,337,0,0,126,0,126,G
6-NA,338,126,0,0,0,126,A
6-NA,339,0,0,0,129,129,C
6-NA,340,123,0,0,0,123,A
6-NA,341,0,122,0,0,122,T
6-NA,342,0,0,0,125,125,C
6-NA,343,0,124,0,0,124,T
6-NA,344,0,0,123,0,123,G
6-NA,345,0,0,123,0,123,G
6-NA,346,0,0,122,0,122,G
6-NA,347,0,121,0,1,122,T
6-NA,348,0,0,117,0,117,G
6-NA,349,117,0,0,0,117,A
6-NA,350,0,0,0,128,128,C
6-NA,351,130,0,0,0,130,A
6-NA,352,171,0,0,0,171,A
6-NA,353,0,0,189,0,189,G
6-NA,354,187,0,0,0,187,A
6-NA,355,0,0,225,0,225,G
6-NA,356,250,0,0,0,250,A
6-NA,357,328,0,0,0,328,A
6-NA,358,0,0,0,617,617,C
6-NA,359,0,0,0,718,718,C
6-NA,360,0,719,0,0,719,T
6-NA,361,0,738,0,1,739,T
6-NA,362,731,0,0,0,731,A
6-NA,363,0,745,0,0,745,T
6-NA,364,0,1,844,0,845,G
6-NA,365,0,852,0,0,852,T
6-NA,366,0,0,898,0,898,G
6-NA,367,0,907,0,0,907,T
6-NA,368,1,0,0,899,900,C
6-NA,369,914,0,0,5,919,A
6-NA,370,0,925,0,1,926,T
6-NA,371,0,2,914,0,916,G
6-NA,372,0,0,0,923,923,C
6-NA,373,1,2,919,0,922,G
6-NA,374,1158,0,0,0,1158,A
6-NA,375,0,1155,0,0,1155,T
6-NA,376,1,0,0,1197,1198,C
6-NA,377,0,0,0,1201,1201,C
6-NA,378,0,1246,0,4,1250,T
6-NA,379,0,2,1274,0,1276,G
6-NA,380,1282,0,0,0,1282,A
6-NA,381,0,0,0,1285,1285,C
6-NA,382,1283,1,1,0,1285,A
6-NA,383,1285,0,1,1,1287,A
6-NA,384,0,0,1375,0,1375,G
6-NA,385,1,1383,0,0,1384,T
6-NA,386,0,0,1400,0,1400,G
6-NA,387,1,1408,0,1,1410,T
6-NA,388,0,1405,0,0,1405,T
6-NA,389,1408,1,0,0,1409,A
6-NA,390,0,1405,0,0,1405,T
6-NA,391,2,2,0,1444,1448,C
6-NA,392,1457,0,0,0,1457,A
6-NA,393,1460,0,0,0,1460,A
6-NA,394,1,1461,0,0,1462,T
6-NA,395,0,1453,0,2,1455,T
6-NA,396,0,1461,0,0,1461,T
6-NA,397,0,0,1476,0,1476,G
6-NA,398,1,0,0,1617,1618,C
6-NA,399,1,1,0,1613,1615,C
6-NA,400,5,2,0,1618,1625,C
6-NA,401,0,1628,0,1,1629,T
6-NA,402,0,1642,1,0,1643,T
6-NA,403,0,3,1661,0,1664,G
6-NA,404,0,2,1655,0,1657,G
6-NA,405,1676,0,2,0,1678,A
6-NA,406,0,0,0,1681,1681,C
6-NA,407,1652,0,3,0,1655,A
6-NA,408,1,1,1717,0,1719,G
6-NA,409,0,0,1717,0,1717,G
6-NA,410,1,4,1803,0,1808,G
6-NA,411,1803,0,1,2,1806,A
6-NA,412,1811,1,2,0,1814,A
6-NA,413,0,0,0,1820,1820,C
6-NA,414,1812,0,3,0,1815,A
6-NA,415,2069,0,0,0,2069,A
6-NA,416,0,0,0,2098,2098,C
6-NA,417,2101,1,1,0,2103,A
6-NA,418,0,0,0,2133,2133,C
6-NA,419,0,2100,0,0,2100,T
6-NA,420,2128,0,0,0,2128,A
6-NA,421,2124,1,3,0,2128,A
6-NA,422,2137,0,0,0,2137,A
6-NA,423,0,30,0,2108,2138,C
6-NA,424,2069,0,1,0,2070,A
6-NA,425,2073,0,0,0,2073,A
6-NA,426,0,2,1,2071,2074,C
6-NA,427,3,0,2074,0,2077,G
6-NA,428,0,2068,0,0,2068,T
6-NA,429,0,0,2057,0,2057,G
6-NA,430,0,1,0,2095,2096,C
6-NA,431,2103,0,0,0,2103,A
6-NA,432,0,2104,0,0,2104,T
6-NA,433,0,2110,0,1,2111,T
6-NA,434,3,0,0,2146,2149,C
6-NA,435,2170,0,0,0,2170,A
6-NA,436,2183,1,3,0,2187,A
6-NA,437,2192,0,1,1,2194,A
6-NA,438,0,2208,0,0,2208,T
6-NA,439,1,5,2194,0,2200,G
6-NA,440,2231,0,0,0,2231,A
6-NA,441,0,3,0,2233,2236,C
6-NA,442,2234,0,8,0,2242,A
6-NA,443,1,2,0,2278,2281,C
6-NA,444,2248,1,2,0,2251,A
6-NA,445,0,0,2954,0,2954,G
6-NA,446,0,2952,0,0,2952,T
6-NA,447,2997,0,2,0,2999,A
6-NA,448,0,1,0,3001,3002,C
6-NA,449,3,0,2997,0,3000,G
6-NA,450,0,3114,0,2,3116,T
6-NA,451,0,4,3116,0,3120,G
6-NA,452,3112,1,1,0,3114,A
6-NA,453,0,3135,1,1,3137,T
6-NA,454,2829,1,1,0,2831,A
6-NA,455,1,2,2824,0,2827,G
6-NA,456,1,5,2803,0,2809,G
6-NA,457,2829,1,3,0,2833,A
6-NA,458,0,2,0,2876,2878,C
6-NA,459,2,3,0,2816,2821,C
6-NA,460,3,0,0,2861,2864,C
6-NA,461,6,0,0,2866,2872,C
6-NA,462,0,2887,1,2,2890,T
6-NA,463,0,2926,0,1,2927,T
6-NA,464,2956,0,0,0,2956,A
6-NA,465,2,2947,0,1,2950,T
6-NA,466,2,2,0,2955,2959,C
6-NA,467,0,1,2921,0,2922,G
6-NA,468,2,4,2913,0,2919,G
6-NA,469,2922,0,1,0,2923,A
6-NA,470,0,1,1,2945,2947,C
6-NA,471,3,0,0,2923,2926,C
6-NA,472,3,0,0,3092,3095,C
6-NA,473,0,3086,0,2,3088,T
6-NA,474,3125,0,0,1,3126,A
6-NA,475,0,3141,0,0,3141,T
6-NA,476,0,3149,0,0,3149,T
6-NA,477,0,0,3146,0,3146,G
6-NA,478,3140,0,3,0,3143,A
6-NA,479,0,3142,0,1,3143,T
6-NA,480,1,1,3135,0,3137,G
6-NA,481,3028,0,0,1,3029,A
6-NA,482,3040,1,0,0,3041,A
6-NA,483,0,3043,1,0,3044,T
6-NA,484,0,4,3109,0,3113,G
6-NA,485,3118,1,3,2,3124,A
6-NA,486,0,0,3193,0,3193,G
6-NA,487,0,3159,1,3,3163,T
6-NA,488,0,3181,0,0,3181,T
6-NA,489,3181,1,7,0,3189,A
6-NA,490,0,2,3209,0,3211,G
6-NA,491,0,1,3216,0,3217,G
6-NA,492,0,3199,0,6,3205,T
6-NA,493,1,0,3183,0,3184,G
6-NA,494,0,3170,0,2,3172,T
6-NA,495,1,3157,0,1,3159,T
6-NA,496,2,0,0,3199,3201,C
6-NA,497,5,0,0,3223,3228,C
6-NA,498,0,3211,0,2,3213,T
6-NA,499,0,3221,0,1,3222,T
6-NA,500,1,3199,0,3,3203,T
6-NA,501,0,3210,0,0,3210,T
6-NA,502,2,1,0,3211,3214,C
6-NA,503,3218,0,0,0,3218,A
6-NA,504,0,3291,3,3,3297,T
6-NA,505,0,0,0,3301,3301,C
6-NA,506,1,3270,1,0,3272,T
6-NA,507,1,5,3261,0,3267,G
6-NA,508,1,3,3228,0,3232,G
6-NA,509,5,1,3228,0,3234,G
6-NA,510,0,4,3274,1,3279,G
6-NA,511,3288,0,3,0,3291,A
6-NA,512,0,1,1,3331,3333,C
6-NA,513,3,0,0,3273,3276,C
6-NA,514,3332,0,7,0,3339,A
6-NA,515,3338,0,4,0,3342,A
6-NA,516,1,0,3324,0,3325,G
6-NA,517,1,0,0,3328,3329,C
6-NA,518,3336,1,3,0,3340,A
6-NA,519,3378,0,4,0,3382,A
6-NA,520,1,0,3421,0,3422,G
6-NA,521,0,3400,0,0,3400,T
6-NA,522,1,0,3486,1,3488,G
6-NA,523,0,3472,0,1,3473,T
6-NA,524,1,0,3572,0,3573,G
6-NA,525,1,2,0,3575,3578,C
6-NA,526,3577,1,2,1,3581,A
6-NA,527,0,3618,0,1,3619,T
6-NA,528,3524,0,0,0,3524,A
6-NA,529,0,1,3636,0,3637,G
6-NA,530,0,1,0,3616,3617,C
6-NA,531,3539,0,1,0,3540,A
6-NA,532,0,3532,0,0,3532,T
6-NA,533,0,5,3383,0,3388,G
6-NA,534,0,0,3724,0,3724,G
6-NA,535,0,3729,0,28,3757,T
6-NA,536,2,0,0,3708,3710,C
6-NA,537,1,1,0,3753,3755,C
6-NA,538,3736,0,3,0,3739,A
6-NA,539,1,0,3899,0,3900,G
6-NA,540,0,0,0,3907,3907,C
6-NA,541,1,3868,0,1,3870,T
6-NA,542,4,3,0,3908,3915,C
6-NA,543,3778,0,2,0,3780,A
6-NA,544,3835,1,2,1,3839,A
6-NA,545,2,0,3869,0,3871,G
6-NA,546,1,3873,0,3,3877,T
6-NA,547,0,3850,0,3,3853,T
6-NA,548,0,0,3847,0,3847,G
6-NA,549,1,3830,0,1,3832,T
6-NA,550,6,0,0,3815,3821,C
6-NA,551,3846,0,1,0,3847,A
6-NA,552,0,1,0,3877,3878,C
6-NA,553,6,2,3873,0,3881,G
6-NA,554,3967,0,1,3,3971,A
6-NA,555,0,3976,0,1,3977,T
6-NA,556,2,0,4082,0,4084,G
6-NA,557,0,0,4116,1,4117,G
6-NA,558,4104,1,9,0,4114,A
6-NA,559,4117,0,5,0,4122,A
6-NA,560,4200,1,1,0,4202,A
6-NA,561,4196,0,8,0,4204,A
6-NA,562,2,0,4276,1,4279,G
6-NA,563,0,1,0,4267,4268,C
6-NA,564,4251,0,7,0,4258,A
6-NA,565,3,4249,1,2,4255,T
6-NA,566,0,4,4313,0,4317,G
6-NA,567,2,0,4354,0,4356,G
6-NA,568,1,0,0,4444,4445,C
6-NA,569,1,4436,0,2,4439,T
6-NA,570,1,1,4472,1,4475,G
6-NA,571,0,2,0,4461,4463,C
6-NA,572,4479,0,0,0,4479,A
6-NA,573,0,4700,0,1,4701,T
6-NA,574,0,5,4720,0,4725,G
6-NA,575,1,4787,1,2,4791,T
6-NA,576,0,4886,0,1,4887,T
6-NA,577,0,4879,0,3,4882,T
6-NA,578,2,0,5245,0,5247,G
6-NA,579,1,5191,1,37,5230,T
6-NA,580,5236,0,1,0,5237,A
6-NA,581,0,5251,0,0,5251,T
6-NA,582,5165,0,0,0,5165,A
6-NA,583,5203,1,2,1,5207,A
6-NA,584,0,1,0,5165,5166,C
6-NA,585,0,9,5122,0,5131,G
6-NA,586,1,5,5126,0,5132,G
6-NA,587,1,8,5022,0,5031,G
6-NA,588,1,1,5060,0,5062,G
6-NA,589,2,3,5093,0,5098,G
6-NA,590,5039,0,10,2,5051,A
6-NA,591,1,5107,0,2,5110,T
6-NA,592,0,2,5137,0,5139,G
6-NA,593,5185,0,9,0,5194,A
6-NA,594,0,5226,1,1,5228,T
6-NA,595,5219,0,1,0,5220,A
6-NA,596,5398,0,1,1,5400,A
6-NA,597,5397,0,2,1,5400,A
6-NA,598,5404,0,2,0,5406,A
6-NA,599,5436,0,2,0,5438,A
6-NA,600,0,5438,0,1,5439,T
6-NA,601,1,1,5437,0,5439,G
6-NA,602,2,2,0,5432,5436,C
6-NA,603,5403,0,2,0,5405,A
6-NA,604,5448,1,3,1,5453,A
6-NA,605,1,0,0,5523,5524,C
6-NA,606,0,5503,0,0,5503,T
6-NA,607,0,0,5519,0,5519,G
6-NA,608,0,1,0,5533,5534,C
6-NA,609,0,5531,1,0,5532,T
6-NA,610,5533,2,1,0,5536,A
6-NA,611,5,1,5547,0,5553,G
6-NA,612,1,1,1,5620,5623,C
6-NA,613,1,5611,1,11,5624,T
6-NA,614,0,5600,0,3,5603,T
6-NA,615,2,3,1,5694,5700,C
6-NA,616,5760,1,0,1,5762,A
6-NA,617,1,5771,0,2,5774,T
6-NA,618,1,5767,1,2,5771,T
6-NA,619,1,5817,0,3,5821,T
6-NA,620,5856,0,2,0,5858,A
6-NA,621,0,1,0,5920,5921,C
6-NA,622,5861,0,3,0,5864,A
6-NA,623,5943,1,2,0,5946,A
6-NA,624,2,5892,0,2,5896,T
6-NA,625,0,8,5874,0,5882,G
6-NA,626,2,4,5849,0,5855,G
6-NA,627,0,3,5847,0,5850,G
6-NA,628,5806,0,6,0,5812,A
6-NA,629,0,0,6058,0,6058,G
6-NA,630,0,4,6116,0,6120,G
6-NA,631,0,2,0,6755,6757,C
6-NA,632,2,6776,1,5,6784,T
6-NA,633,0,6871,1,2,6874,T
6-NA,634,2,0,6957,0,6959,G
6-NA,635,0,6968,1,0,6969,T
6-NA,636,7129,1,3,0,7133,A
6-NA,637,1,2,7178,1,7182,G
6-NA,638,7003,2,5,2,7012,A
6-NA,639,0,7041,1,1,7043,T
6-NA,640,6529,0,0,1,6530,A
6-NA,641,1,1,6551,0,6553,G
6-NA,642,0,6500,0,3,6503,T
6-NA,643,2,0,6394,0,6396,G
6-NA,644,1,6739,0,6,6746,T
6-NA,645,0,6740,0,4,6744,T
6-NA,646,1,0,6876,0,6877,G
6-NA,647,1,6866,0,5,6872,T
6-NA,648,0,6865,0,2,6867,T
6-NA,649,2,6885,0,4,6891,T
6-NA,650,4,1,0,6762,6767,C
6-NA,651,6750,0,10,0,6760,A
6-NA,652,0,6739,2,4,6745,T
6-NA,653,2,7,6702,0,6711,G
6-NA,654,1,2,7224,0,7227,G
6-NA,655,2,7169,0,10,7181,T
6-NA,656,7,0,0,7157,7164,C
6-NA,657,5,3,0,7167,7175,C
6-NA,658,7236,3,1,1,7241,A
6-NA,659,7278,1,5,1,7285,A
6-NA,660,7297,1,6,0,7304,A
6-NA,661,0,4,7351,0,7355,G
6-NA,662,7298,1,4,0,7303,A
6-NA,663,7081,0,2,1,7084,A
6-NA,664,7051,0,6,0,7057,A
6-NA,665,0,7068,1,0,7069,T
6-NA,666,0,0,0,7371,7371,C
6-NA,667,4,2,2,7358,7366,C
6-NA,668,2,7311,1,6,7320,T
6-NA,669,3,1,0,7362,7366,C
6-NA,670,7356,2,6,2,7366,A
6-NA,671,4,5,7421,0,7430,G
6-NA,672,3,5,7396,1,7405,G
6-NA,673,7686,3,10,0,7699,A
6-NA,674,1,0,0,7695,7696,C
6-NA,675,3,3,0,7530,7536,C
6-NA,676,7,0,0,7590,7597,C
6-NA,677,7607,2,7,0,7616,A
6-NA,678,3,4,7613,0,7620,G
6-NA,679,0,3,7636,0,7639,G
6-NA,680,7557,3,11,0,7571,A
6-NA,681,3,1,7693,0,7697,G
6-NA,682,0,7533,2,4,7539,T
6-NA,683,6,0,0,7591,7597,C
6-NA,684,7591,0,5,1,7597,A
6-NA,685,3,5,7655,0,7663,G
6-NA,686,7590,1,5,0,7596,A
6-NA,687,7612,0,3,0,7615,A
6-NA,688,1,7608,0,2,7611,T
6-NA,689,1,1,7647,0,7649,G
6-NA,690,1,2,0,7654,7657,C
6-NA,691,9,1,7718,0,7728,G
6-NA,692,0,7670,0,5,7675,T
6-NA,693,2,7701,0,3,7706,T
6-NA,694,1,7663,0,2,7666,T
6-NA,695,0,0,7739,0,7739,G
6-NA,696,1,7761,1,7,7770,T
6-NA,697,7761,1,1,0,7763,A
6-NA,698,1,7736,0,2,7739,T
6-NA,699,2,0,0,7752,7754,C
6-NA,700,7731,0,1,0,7732,A
6-NA,701,7740,0,2,2,7744,A
6-NA,702,0,7747,0,2,7749,T
6-NA,703,2,4,7728,0,7734,G
6-NA,704,2,4,7760,0,7766,G
6-NA,705,7913,1,8,0,7922,A
6-NA,706,7945,2,2,0,7949,A
6-NA,707,0,0,0,8055,8055,C
6-NA,708,1,8059,1,6,8067,T
6-NA,709,1,8066,0,1,8068,T
6-NA,710,2,1,8390,1,8394,G
6-NA,711,1,8422,0,1,8424,T
6-NA,712,8417,0,4,0,8421,A
6-NA,713,0,1,0,8563,8564,C
6-NA,714,8333,3,4,0,8340,A
6-NA,715,0,1,9076,0,9077,G
6-NA,716,1,9005,0,5,9011,T
6-NA,717,9423,0,4,0,9427,A
6-NA,718,5,0,9444,1,9450,G
6-NA,719,1,9254,0,3,9258,T
6-NA,720,9232,0,5,0,9237,A
6-NA,721,9213,1,2,1,9217,A
6-NA,722,0,9179,0,2,9181,T
6-NA,723,2,11,9202,0,9215,G
6-NA,724,8932,1,4,0,8937,A
6-NA,725,2,0,0,9062,9064,C
6-NA,726,0,8719,0,3,8722,T
6-NA,727,5,5,8784,2,8796,G
6-NA,728,8713,2,13,3,8731,A
6-NA,729,3,8789,0,4,8796,T
6-NA,730,3,13,8798,0,8814,G
6-NA,731,2,7,8720,1,8730,G
6-NA,732,5,4,8775,1,8785,G
6-NA,733,8601,1,6,0,8608,A
6-NA,734,2,0,8633,0,8635,G
6-NA,735,0,8609,0,5,8614,T
6-NA,736,1,4,8634,0,8639,G
6-NA,737,0,0,0,8743,8743,C
6-NA,738,1,8726,3,4,8734,T
6-NA,739,2,8716,0,7,8725,T
6-NA,740,4,1,2,8727,8734,C
6-NA,741,8715,0,16,1,8732,A
6-NA,742,1,3,8795,0,8799,G
6-NA,743,2,7,8767,0,8776,G
6-NA,744,8773,0,3,0,8776,A
6-NA,745,8685,0,1,1,8687,A
6-NA,746,8592,0,5,0,8597,A
6-NA,747,8638,0,20,1,8659,A
6-NA,748,1,0,8714,0,8715,G
6-NA,749,0,1,0,8707,8708,C
6-NA,750,0,8663,0,6,8669,T
6-NA,751,3,2,8655,0,8660,G
6-NA,752,8589,1,32,1,8623,A
6-NA,753,1,8740,0,1,8742,T
6-NA,754,8798,2,5,0,8805,A
6-NA,755,2,0,2,9235,9239,C
6-NA,756,1,9182,1,4,9188,T
6-NA,757,9200,0,1,1,9202,A
6-NA,758,9154,3,0,2,9159,A
6-NA,759,9176,2,3,1,9182,A
6-NA,760,9442,0,4,1,9447,A
6-NA,761,0,9453,0,3,9456,T
6-NA,762,9446,2,7,0,9455,A
6-NA,763,1,15,0,9498,9514,C
6-NA,764,0,9098,1,5,9104,T
6-NA,765,9202,0,3,1,9206,A
6-NA,766,0,9120,1,9,9130,T
6-NA,767,2,9535,1,5,9543,T
6-NA,768,3,0,0,9637,9640,C
6-NA,769,9426,1,1,0,9428,A
6-NA,770,0,9397,0,2,9399,T
6-NA,771,1,9338,3,5,9347,T
6-NA,772,5,2,9419,0,9426,G
6-NA,773,9292,4,10,0,9306,A
6-NA,774,1,5,9313,0,9319,G
6-NA,775,0,5,9300,1,9306,G
6-NA,776,8874,1,8,1,8884,A
6-NA,777,2,13,9094,0,9109,G
6-NA,778,3,12,9112,0,9127,G
6-NA,779,17,2,9103,0,9122,G
6-NA,780,1,3,9147,1,9152,G
6-NA,781,9052,1,12,0,9065,A
6-NA,782,9106,0,5,0,9111,A
6-NA,783,9072,2,4,0,9078,A
6-NA,784,9056,1,4,0,9061,A
6-NA,785,3,9066,0,2,9071,T
6-NA,786,8,1,0,9003,9012,C
6-NA,787,3,0,9121,0,9124,G
6-NA,788,2,9111,0,0,9113,T
6-NA,789,3,9063,0,7,9073,T
6-NA,790,8,2,0,9095,9105,C
6-NA,791,9114,4,4,1,9123,A
6-NA,792,1,9852,1,1,9855,T
6-NA,793,9840,0,2,0,9842,A
6-NA,794,0,1,0,9916,9917,C
6-NA,795,3,9883,0,9,9895,T
6-NA,796,9889,3,4,0,9896,A
6-NA,797,2,2,9858,0,9862,G
6-NA,798,1,5,0,9856,9862,C
6-NA,799,9888,0,1,2,9891,A
6-NA,800,1,1,0,9911,9913,C
6-NA,801,9454,0,0,0,9454,A
6-NA,802,1,9609,1,3,9614,T
6-NA,803,1,9554,2,6,9563,T
6-NA,804,4,0,10341,0,10345,G
6-NA,805,6,10301,1,15,10323,T
6-NA,806,8,1,0,10301,10310,C
6-NA,807,10293,2,12,1,10308,A
6-NA,808,1,7,10320,1,10329,G
6-NA,809,2,2,10336,1,10341,G
6-NA,810,10291,2,1,2,10296,A
6-NA,811,10128,1,5,0,10134,A
6-NA,812,1,1,10292,0,10294,G
6-NA,813,0,9686,0,4,9690,T
6-NA,814,1,1,9726,0,9728,G
6-NA,815,0,6,0,9732,9738,C
6-NA,816,1,9668,1,8,9678,T
6-NA,817,8,2,0,9754,9764,C
6-NA,818,9715,1,12,0,9728,A
6-NA,819,1,2,9799,0,9802,G
6-NA,820,2,1,9,9817,9829,C
6-NA,821,9749,1,8,1,9759,A
6-NA,822,0,9748,0,0,9748,T
6-NA,823,14,0,10144,1,10159,G
6-NA,824,1,10133,1,7,10142,T
6-NA,825,10,1,0,10151,10162,C
6-NA,826,5,6,10144,0,10155,G
6-NA,827,10089,2,2,1,10094,A
6-NA,828,4,8,10047,0,10059,G
6-NA,829,2,10,10040,0,10052,G
6-NA,830,9903,3,10,1,9917,A
6-NA,831,3,1,10134,0,10138,G
6-NA,832,2,9719,0,5,9726,T
6-NA,833,3,1,9714,0,9718,G
6-NA,834,1,10,0,9879,9890,C
6-NA,835,4,9831,0,4,9839,T
6-NA,836,7,2,0,9934,9943,C
6-NA,837,2,2,0,9979,9983,C
6-NA,838,2,10010,1,6,10019,T
6-NA,839,4,1,10020,0,10025,G
6-NA,840,1,2,0,9896,9899,C
6-NA,841,0,9820,0,6,9826,T
6-NA,842,9947,0,2,1,9950,A
6-NA,843,3,9689,0,7,9699,T
6-NA,844,3,2,1,9767,9773,C
6-NA,845,6,1,0,9746,9753,C
6-NA,846,1,9721,1,9,9732,T
6-NA,847,2,2,1,9813,9818,C
6-NA,848,1,10,9777,2,9790,G
6-NA,849,9896,3,6,1,9906,A
6-NA,850,0,9921,0,16,9937,T
6-NA,851,9921,2,1,1,9925,A
6-NA,852,0,9889,1,0,9890,T
6-NA,853,1,0,12,9869,9882,C
6-NA,854,4,1,0,9875,9880,C
6-NA,855,0,9801,1,3,9805,T
6-NA,856,1,4,9855,0,9860,G
6-NA,857,3,6,9893,0,9902,G
6-NA,858,4,10082,0,9,10095,T
6-NA,859,1,1,10064,1,10067,G
6-NA,860,1,10008,0,7,10016,T
6-NA,861,8,5,0,9988,10001,C
6-NA,862,10006,0,5,0,10011,A
6-NA,863,2,3,10025,0,10030,G
6-NA,864,10002,3,6,1,10012,A
6-NA,865,1,9919,1,4,9925,T
6-NA,866,4,0,9929,0,9933,G
6-NA,867,1,9775,0,3,9779,T
6-NA,868,3,3,9789,2,9797,G
6-NA,869,2,9770,1,9,9782,T
6-NA,870,6,0,0,9831,9837,C
6-NA,871,0,9781,0,14,9795,T
6-NA,872,4,0,9816,0,9820,G
6-NA,873,0,3,0,9805,9808,C
6-NA,874,9780,1,11,0,9792,A
6-NA,875,2,7,9799,1,9809,G
6-NA,876,9445,2,20,0,9467,A
6-NA,877,1,3,9507,2,9513,G
6-NA,878,9491,2,9,0,9502,A
6-NA,879,2,0,0,9579,9581,C
6-NA,880,9584,1,8,0,9593,A
6-NA,881,9662,3,4,0,9669,A
6-NA,882,1,4,1,9700,9706,C
6-NA,883,1,9699,1,4,9705,T
6-NA,884,2,5,9688,0,9695,G
6-NA,885,1,2,9674,0,9677,G
6-NA,886,9664,3,4,0,9671,A
6-NA,887,9654,1,5,0,9660,A
6-NA,888,9388,1,11,0,9400,A
6-NA,889,2,3,9550,0,9555,G
6-NA,890,3,3,9467,0,9473,G
6-NA,891,4,4,0,9465,9473,C
6-NA,892,1,9346,1,21,9369,T
6-NA,893,7,1,1,9668,9677,C
6-NA,894,4,2,0,9783,9789,C
6-NA,895,9844,0,4,1,9849,A
6-NA,896,9829,1,3,1,9834,A
6-NA,897,2,9845,1,2,9850,T
6-NA,898,9479,1,3,0,9483,A
6-NA,899,0,4,9427,0,9431,G
6-NA,900,3,0,9408,0,9411,G
6-NA,901,1,6,0,9419,9426,C
6-NA,902,4,5,2,9120,9131,C
6-NA,903,4,2,1,9045,9052,C
6-NA,904,9172,0,3,1,9176,A
6-NA,905,4,9190,1,18,9213,T
6-NA,906,3,4,1,9235,9243,C
6-NA,907,0,0,9283,0,9283,G
6-NA,908,2,9238,0,0,9240,T
6-NA,909,8996,0,8,1,9005,A
6-NA,910,1,2,9233,0,9236,G
6-NA,911,9231,3,5,0,9239,A
6-NA,912,0,9286,0,2,9288,T
6-NA,913,9111,0,2,0,9113,A
6-NA,914,1,8966,0,4,8971,T
6-NA,915,8972,0,2,0,8974,A
6-NA,916,8928,1,10,0,8939,A
6-NA,917,9211,0,5,0,9216,A
6-NA,918,2,2,0,9470,9474,C
6-NA,919,9163,0,1,0,9164,A
6-NA,920,1,9148,1,2,9152,T
6-NA,921,8954,0,86,0,9040,A
6-NA,922,9018,0,6,1,9025,A
6-NA,923,9023,0,14,0,9037,A
6-NA,924,4,10,9112,0,9126,G
6-NA,925,0,4,9204,0,9208,G
6-NA,926,8836,5,3,2,8846,A
6-NA,927,2,8778,0,6,8786,T
6-NA,928,5,3,0,8872,8880,C
6-NA,929,8924,0,5,1,8930,A
6-NA,930,1,8941,1,4,8947,T
6-NA,931,8918,0,6,0,8924,A
6-NA,932,3,2,8981,0,8986,G
6-NA,933,2,2,1,8875,8880,C
6-NA,934,8692,0,2,0,8694,A
6-NA,935,1,8376,1,5,8383,T
6-NA,936,3,8423,0,1,8427,T
6-NA,937,0,4,8685,0,8689,G
6-NA,938,2,8727,1,1,8731,T
6-NA,939,2,8830,0,9,8841,T
6-NA,940,0,8824,0,7,8831,T
6-NA,941,4,4,0,8792,8800,C
6-NA,942,7,2,0,8848,8857,C
6-NA,943,9012,1,1,1,9015,A
6-NA,944,1,1,9148,1,9151,G
6-NA,945,0,9133,1,11,9145,T
6-NA,946,1,8865,0,4,8870,T
6-NA,947,8888,0,2,0,8890,A
6-NA,948,1,8773,0,2,8776,T
6-NA,949,4,1,8768,0,8773,G
6-NA,950,0,8715,0,7,8722,T
6-NA,951,2,1,8775,0,8778,G
6-NA,952,1,8531,0,6,8538,T
6-NA,953,6,1,8805,0,8812,G
6-NA,954,2,8797,0,7,8806,T
6-NA,955,2,8718,4,9,8733,T
6-NA,956,6,2,0,8729,8737,C
6-NA,957,8671,1,8,2,8682,A
6-NA,958,7,7,8751,0,8765,G
6-NA,959,2,5,8747,1,8755,G
6-NA,960,8616,1,11,0,8628,A
6-NA,961,0,1,0,8680,8681,C
6-NA,962,0,8398,0,6,8404,T
6-NA,963,1,8429,0,1,8431,T
6-NA,964,0,2,8848,0,8850,G
6-NA,965,0,8862,0,4,8866,T
6-NA,966,0,8844,1,5,8850,T
6-NA,967,1,4,8804,0,8809,G
6-NA,968,1,12,8795,0,8808,G
6-NA,969,8732,1,15,0,8748,A
6-NA,970,2,8,8831,0,8841,G
6-NA,971,8801,1,17,0,8819,A
6-NA,972,1,4,1,8827,8833,C
6-NA,973,8504,0,8,0,8512,A
6-NA,974,0,3,1,8548,8552,C
6-NA,975,8570,0,10,23,8603,A
6-NA,976,4,3,0,8688,8695,C
6-NA,977,5,3,1,8606,8615,C
6-NA,978,14,0,0,8637,8651,C
6-NA,979,8652,0,9,0,8661,A
6-NA,980,0,4,8704,0,8708,G
6-NA,981,8683,0,2,1,8686,A
6-NA,982,8723,1,2,0,8726,A
6-NA,983,8679,1,0,0,8680,A
6-NA,984,8643,1,3,0,8647,A
6-NA,985,8569,0,4,1,8574,A
6-NA,986,8607,0,2,0,8609,A
6-NA,987,0,1,0,8662,8663,C
6-NA,988,2,9,8625,0,8636,G
6-NA,989,8562,0,27,1,8590,A
6-NA,990,0,2,1,8591,8594,C
6-NA,991,8547,1,3,0,8551,A
6-NA,992,2,1,8668,1,8672,G
6-NA,993,4,3,0,9026,9033,C
6-NA,994,1,8922,0,10,8933,T
6-NA,995,6,0,0,9005,9011,C
6-NA,996,3,3,0,9050,9056,C
6-NA,997,9067,1,8,0,9076,A
6-NA,998,5,0,9175,0,9180,G
6-NA,999,1,2,0,9187,9190,C
6-NA,1000,9166,1,4,0,9171,A
6-NA,1001,3,0,9144,0,9147,G
6-NA,1002,0,8711,0,2,8713,T
6-NA,1003,8724,2,4,0,8730,A
6-NA,1004,1,1,8764,0,8766,G
6-NA,1005,2,2,0,8720,8724,C
6-NA,1006,8,3,1,8730,8742,C
6-NA,1007,8556,0,2,0,8558,A
6-NA,1008,0,8559,2,7,8568,T
6-NA,1009,1,8573,1,6,8581,T
6-NA,1010,1,0,8858,0,8859,G
6-NA,1011,1,8766,0,9,8776,T
6-NA,1012,1,8770,1,5,8777,T
6-NA,1013,1,8740,0,0,8741,T
6-NA,1014,2,4,8642,3,8651,G
6-NA,1015,2,3,8709,2,8716,G
6-NA,1016,8622,2,5,1,8630,A
6-NA,1017,0,8679,0,6,8685,T
6-NA,1018,7,1,1,8738,8747,C
6-NA,1019,7,2,1,8607,8617,C
6-NA,1020,0,8624,0,2,8626,T
6-NA,1021,8628,0,5,1,8634,A
6-NA,1022,8626,1,2,2,8631,A
6-NA,1023,0,8370,0,10,8380,T
6-NA,1024,8513,0,2,1,8516,A
6-NA,1025,8572,2,3,0,8577,A
6-NA,1026,0,8661,0,2,8663,T
6-NA,1027,3,6,8766,0,8775,G
6-NA,1028,8643,0,6,0,8649,A
6-NA,1029,8589,1,11,0,8601,A
6-NA,1030,33,2,8616,0,8651,G
6-NA,1031,8519,0,9,1,8529,A
6-NA,1032,8507,1,7,1,8516,A
6-NA,1033,1,4,8561,0,8566,G
6-NA,1034,2,0,8582,0,8584,G
6-NA,1035,1,8459,0,13,8473,T
6-NA,1036,4,6,8460,1,8471,G
6-NA,1037,0,0,8829,0,8829,G
6-NA,1038,2,8771,1,7,8781,T
6-NA,1039,16,2,0,8718,8736,C
6-NA,1040,8758,0,4,0,8762,A
6-NA,1041,1,8717,0,5,8723,T
6-NA,1042,5,7,8743,0,8755,G
6-NA,1043,0,9,8843,0,8852,G
6-NA,1044,8696,0,8,0,8704,A
6-NA,1045,0,0,9123,2,9125,G
6-NA,1046,0,8691,1,6,8698,T
6-NA,1047,2,6,8713,0,8721,G
6-NA,1048,8683,1,6,0,8690,A
6-NA,1049,8680,0,6,1,8687,A
6-NA,1050,8704,2,19,0,8725,A
6-NA,1051,1,5,8770,1,8777,G
6-NA,1052,1,1,8681,1,8684,G
6-NA,1053,0,1,0,8680,8681,C
6-NA,1054,0,8279,0,8,8287,T
6-NA,1055,4,10,8294,1,8309,G
6-NA,1056,3,3,8267,0,8273,G
6-NA,1057,6,1,8387,0,8394,G
6-NA,1058,4,3,0,8386,8393,C
6-NA,1059,1,7,2,8403,8413,C
6-NA,1060,0,8298,0,14,8312,T
6-NA,1061,0,8309,0,5,8314,T
6-NA,1062,1,8337,2,3,8343,T
6-NA,1063,0,5,8377,0,8382,G
6-NA,1064,8351,1,6,0,8358,A
6-NA,1065,0,8281,0,3,8284,T
6-NA,1066,2,4,8087,0,8093,G
6-NA,1067,7956,0,11,1,7968,A
6-NA,1068,2,7973,0,4,7979,T
6-NA,1069,2,2,8025,0,8029,G
6-NA,1070,3,4,8150,0,8157,G
6-NA,1071,8116,1,2,2,8121,A
6-NA,1072,8119,2,4,1,8126,A
6-NA,1073,8125,0,7,0,8132,A
6-NA,1074,0,8115,1,3,8119,T
6-NA,1075,2,7,8194,0,8203,G
6-NA,1076,8168,1,12,0,8181,A
6-NA,1077,1,4,0,8159,8164,C
6-NA,1078,6,0,8208,0,8214,G
6-NA,1079,0,7934,1,6,7941,T
6-NA,1080,1,0,8025,0,8026,G
6-NA,1081,0,8010,0,4,8014,T
6-NA,1082,1,6,8014,1,8022,G
6-NA,1083,0,3,8065,0,8068,G
6-NA,1084,7955,0,10,1,7966,A
6-NA,1085,2,7993,0,4,7999,T
6-NA,1086,1,16,7979,0,7996,G
6-NA,1087,3,7,7968,0,7978,G
6-NA,1088,3,0,8014,1,8018,G
6-NA,1089,7953,0,4,1,7958,A
6-NA,1090,7945,0,8,0,7953,A
6-NA,1091,17,7,7951,0,7975,G
6-NA,1092,7826,1,2,1,7830,A
6-NA,1093,7848,0,4,0,7852,A
6-NA,1094,0,4,0,7810,7814,C
6-NA,1095,2,1,7771,0,7774,G
6-NA,1096,7735,2,3,0,7740,A
6-NA,1097,1,7589,0,1,7591,T
6-NA,1098,5,1,0,7635,7641,C
6-NA,1099,7657,0,8,2,7667,A
6-NA,1100,2,2,7693,1,7698,G
6-NA,1101,1,4,0,7660,7665,C
6-NA,1102,1,6,7699,1,7707,G
6-NA,1103,7622,2,7,0,7631,A
6-NA,1104,1,1,7665,0,7667,G
6-NA,1105,7639,0,4,1,7644,A
6-NA,1106,7654,1,7,1,7663,A
6-NA,1107,1,1,7762,1,7765,G
6-NA,1108,3,7676,0,4,7683,T
6-NA,1109,11,0,0,7594,7605,C
6-NA,1110,7626,0,4,0,7630,A
6-NA,1111,1,1,0,7974,7976,C
6-NA,1112,3,0,7990,1,7994,G
6-NA,1113,3,0,0,7987,7990,C
6-NA,1114,1,7908,1,5,7915,T
6-NA,1115,0,7962,1,2,7965,T
6-NA,1116,7813,0,4,0,7817,A
6-NA,1117,0,10,8334,0,8344,G
6-NA,1118,4,5,8317,0,8326,G
6-NA,1119,1,2,8505,1,8509,G
6-NA,1120,1,7946,0,3,7950,T
6-NA,1121,7930,0,2,0,7932,A
6-NA,1122,1,7883,0,5,7889,T
6-NA,1123,2,6,7886,0,7894,G
6-NA,1124,7859,1,5,0,7865,A
6-NA,1125,7849,0,1,0,7850,A
6-NA,1126,7460,1,6,1,7468,A
6-NA,1127,4,2,0,7504,7510,C
6-NA,1128,2,4,1,7283,7290,C
6-NA,1129,1,7187,0,8,7196,T
6-NA,1130,4,7182,1,7,7194,T
6-NA,1131,1,1,0,7180,7182,C
6-NA,1132,7210,0,1,0,7211,A
6-NA,1133,7215,1,0,0,7216,A
6-NA,1134,7219,1,4,1,7225,A
6-NA,1135,0,0,7303,1,7304,G
6-NA,1136,3,7145,0,7,7155,T
6-NA,1137,15,1,0,7163,7179,C
6-NA,1138,7350,2,5,0,7357,A
6-NA,1139,0,7334,1,9,7344,T
6-NA,1140,1,7346,0,4,7351,T
6-NA,1141,4,1,7343,0,7348,G
6-NA,1142,7320,1,9,0,7330,A
6-NA,1143,7359,1,12,0,7372,A
6-NA,1144,2,1,7639,0,7642,G
6-NA,1145,0,5,7626,2,7633,G
6-NA,1146,0,0,0,7611,7611,C
6-NA,1147,0,7383,0,4,7387,T
6-NA,1148,2,4,7432,0,7438,G
6-NA,1149,4,4,7633,0,7641,G
6-NA,1150,3,7640,0,10,7653,T
6-NA,1151,11,5,0,7578,7594,C
6-NA,1152,2,2,0,7566,7570,C
6-NA,1153,7567,2,2,1,7572,A
6-NA,1154,7627,3,3,1,7634,A
6-NA,1155,3,1,0,7667,7671,C
6-NA,1156,6,1,0,7648,7655,C
6-NA,1157,7,7,0,7652,7666,C
6-NA,1158,1,7275,0,4,7280,T
6-NA,1159,7283,0,1,0,7284,A
6-NA,1160,7269,0,3,0,7272,A
6-NA,1161,0,1,7367,1,7369,G
6-NA,1162,2,7290,0,16,7308,T
6-NA,1163,3,0,0,7253,7256,C
6-NA,1164,8,1,0,7107,7116,C
6-NA,1165,7102,0,0,2,7104,A
6-NA,1166,7073,0,1,0,7074,A
6-NA,1167,7079,2,1,3,7085,A
6-NA,1168,0,7073,0,38,7111,T
6-NA,1169,1,7088,2,3,7094,T
6-NA,1170,1,2,7081,1,7085,G
6-NA,1171,0,1,0,7056,7057,C
6-NA,1172,7029,1,13,1,7044,A
6-NA,1173,0,0,7095,0,7095,G
6-NA,1174,7046,0,1,0,7047,A
6-NA,1175,1,7214,0,1,7216,T
6-NA,1176,7252,0,2,2,7256,A
6-NA,1177,7224,0,2,0,7226,A
6-NA,1178,7222,0,8,1,7231,A
6-NA,1179,1,7211,1,0,7213,T
6-NA,1180,7193,0,2,0,7195,A
6-NA,1181,0,2,7203,0,7205,G
6-NA,1182,3,1,7135,1,7140,G
6-NA,1183,2,2,0,7135,7139,C
6-NA,1184,6894,0,3,0,6897,A
6-NA,1185,6970,1,8,1,6980,A
6-NA,1186,1,1,7057,1,7060,G
6-NA,1187,0,7029,0,4,7033,T
6-NA,1188,10,2,0,7040,7052,C
6-NA,1189,7068,0,4,0,7072,A
6-NA,1190,2,7082,0,1,7085,T
6-NA,1191,7142,1,4,0,7147,A
6-NA,1192,1,0,7175,0,7176,G
6-NA,1193,3,7160,0,5,7168,T
6-NA,1194,1,6894,1,1,6897,T
6-NA,1195,36,9,6741,0,6786,G
6-NA,1196,6747,3,11,1,6762,A
6-NA,1197,1,1,0,6773,6775,C
6-NA,1198,6663,0,9,0,6672,A
6-NA,1199,0,0,6783,0,6783,G
6-NA,1200,6614,0,5,1,6620,A
6-NA,1201,0,0,6983,0,6983,G
6-NA,1202,1,1,7005,1,7008,G
6-NA,1203,0,6994,1,5,7000,T
6-NA,1204,6946,1,1,0,6948,A
6-NA,1205,6937,3,4,1,6945,A
6-NA,1206,0,6875,0,87,6962,T
6-NA,1207,6944,0,6,1,6951,A
6-NA,1208,2,3,6822,0,6827,G
6-NA,1209,3,1,6644,0,6648,G
6-NA,1210,1,5954,0,4,5959,T
6-NA,1211,3,1,0,5867,5871,C
6-NA,1212,5,9,0,5900,5914,C
6-NA,1213,4,0,5966,0,5970,G
6-NA,1214,1,1,5999,0,6001,G
6-NA,1215,2,5931,0,6,5939,T
6-NA,1216,0,5856,0,74,5930,T
6-NA,1217,5880,1,0,0,5881,A
6-NA,1218,1,5783,0,0,5784,T
6-NA,1219,0,5774,0,0,5774,T
6-NA,1220,0,1,1,5797,5799,C
6-NA,1221,0,5567,0,7,5574,T
6-NA,1222,1,2,5649,0,5652,G
6-NA,1223,3,0,5681,0,5684,G
6-NA,1224,0,5689,0,4,5693,T
6-NA,1225,5612,0,79,0,5691,A
6-NA,1226,2,5618,1,4,5625,T
6-NA,1227,0,5615,0,2,5617,T
6-NA,1228,1,5599,0,7,5607,T
6-NA,1229,3,5664,1,1,5669,T
6-NA,1230,2,0,0,5662,5664,C
6-NA,1231,0,5566,0,7,5573,T
6-NA,1232,2,1,0,5622,5625,C
6-NA,1233,1,5592,0,3,5596,T
6-NA,1234,3,0,5730,0,5733,G
6-NA,1235,1,5718,0,10,5729,T
6-NA,1236,1,5651,0,9,5661,T
6-NA,1237,0,2,5669,0,5671,G
6-NA,1238,5608,0,1,0,5609,A
6-NA,1239,5590,0,8,2,5600,A
6-NA,1240,1,3,5686,0,5690,G
6-NA,1241,1,2,5656,0,5659,G
6-NA,1242,0,2,0,5667,5669,C
6-NA,1243,5562,1,3,0,5566,A
6-NA,1244,5554,1,7,2,5564,A
6-NA,1245,5562,2,3,1,5568,A
6-NA,1246,5592,0,9,1,5602,A
6-NA,1247,0,0,5606,0,5606,G
6-NA,1248,2,0,0,5612,5614,C
6-NA,1249,0,5507,0,6,5513,T
6-NA,1250,1,0,5633,0,5634,G
6-NA,1251,2,2,0,5612,5616,C
6-NA,1252,5645,1,2,0,5648,A
6-NA,1253,0,5613,1,4,5618,T
6-NA,1254,0,2,0,5576,5578,C
6-NA,1255,5580,0,1,0,5581,A
6-NA,1256,5584,0,0,0,5584,A
6-NA,1257,1,5565,0,2,5568,T
6-NA,1258,2,2,0,5595,5599,C
6-NA,1259,1,33,5476,0,5510,G
6-NA,1260,1,1,5609,0,5611,G
6-NA,1261,0,5597,0,5,5602,T
6-NA,1262,3,0,5632,0,5635,G
6-NA,1263,0,2,1,5670,5673,C
6-NA,1264,0,5612,0,14,5626,T
6-NA,1265,1,5691,0,4,5696,T
6-NA,1266,0,5702,0,4,5706,T
6-NA,1267,0,5745,1,1,5747,T
6-NA,1268,5783,1,0,0,5784,A
6-NA,1269,2,5551,1,1,5555,T
6-NA,1270,0,1,5562,0,5563,G
6-NA,1271,0,5502,0,3,5505,T
6-NA,1272,2,5,5416,0,5423,G
6-NA,1273,0,3,5547,0,5550,G
6-NA,1274,5353,1,2,0,5356,A
6-NA,1275,2,0,5478,0,5480,G
6-NA,1276,0,5450,0,5,5455,T
6-NA,1277,3,5397,0,8,5408,T
6-NA,1278,1,5,5485,1,5492,G
6-NA,1279,5466,1,3,2,5472,A
6-NA,1280,1,5472,0,1,5474,T
6-NA,1281,5463,0,3,0,5466,A
6-NA,1282,5263,0,8,1,5272,A
6-NA,1283,1,6,5346,0,5353,G
6-NA,1284,2,5,5241,0,5248,G
6-NA,1285,0,1,5203,0,5204,G
6-NA,1286,1,2,5206,0,5209,G
6-NA,1287,5107,0,6,0,5113,A
6-NA,1288,5124,0,5,0,5129,A
6-NA,1289,3,1,5171,0,5175,G
6-NA,1290,5161,2,3,0,5166,A
6-NA,1291,5154,1,4,0,5159,A
6-NA,1292,5093,0,2,0,5095,A
6-NA,1293,5006,0,5,0,5011,A
6-NA,1294,0,1,5025,0,5026,G
6-NA,1295,4939,1,21,0,4961,A
6-NA,1296,0,2,4951,1,4954,G
6-NA,1297,1,1,4961,0,4963,G
6-NA,1298,4887,0,2,0,4889,A
6-NA,1299,4893,0,5,0,4898,A
6-NA,1300,4908,0,4,0,4912,A
6-NA,1301,0,2,0,4957,4959,C
6-NA,1302,0,4934,1,1,4936,T
6-NA,1303,1,2,4946,0,4949,G
6-NA,1304,4929,0,2,0,4931,A
6-NA,1305,4916,2,1,0,4919,A
6-NA,1306,0,0,4980,0,4980,G
6-NA,1307,2,4904,0,7,4913,T
6-NA,1308,3,1,0,4978,4982,C
6-NA,1309,1,4974,0,10,4985,T
6-NA,1310,0,4934,0,3,4937,T
6-NA,1311,1,0,4947,0,4948,G
6-NA,1312,1,4920,0,5,4926,T
6-NA,1313,1,4,4901,0,4906,G
6-NA,1314,2,3,4906,0,4911,G
6-NA,1315,4870,0,4,0,4874,A
6-NA,1316,3,0,0,4895,4898,C
6-NA,1317,4,0,1,4765,4770,C
6-NA,1318,4,4775,0,3,4782,T
6-NA,1319,3,0,0,4797,4800,C
6-NA,1320,4820,0,0,0,4820,A
6-NA,1321,4815,0,0,0,4815,A
6-NA,1322,4799,0,6,0,4805,A
6-NA,1323,2,1,0,4881,4884,C
6-NA,1324,4727,0,1,0,4728,A
6-NA,1325,1,0,4849,0,4850,G
6-NA,1326,1,4755,1,3,4760,T
6-NA,1327,4784,1,1,0,4786,A
6-NA,1328,1,4767,1,1,4770,T
6-NA,1329,2,4705,0,1,4708,T
6-NA,1330,1,0,4764,0,4765,G
6-NA,1331,1,4746,0,6,4753,T
6-NA,1332,0,4533,0,7,4540,T
6-NA,1333,1,0,4548,0,4549,G
6-NA,1334,1,4226,0,6,4233,T
6-NA,1335,3,0,4250,0,4253,G
6-NA,1336,1,4217,0,6,4224,T
6-NA,1337,1,4165,0,5,4171,T
6-NA,1338,0,4185,0,2,4187,T
6-NA,1339,0,4067,0,4,4071,T
6-NA,1340,0,2,4070,0,4072,G
6-NA,1341,0,4072,0,3,4075,T
6-NA,1342,1,4,4047,1,4053,G
6-NA,1343,1,0,4048,1,4050,G
6-NA,1344,2,0,0,3949,3951,C
6-NA,1345,3982,0,4,0,3986,A
6-NA,1346,0,0,0,4011,4011,C
6-NA,1347,4,0,0,3983,3987,C
6-NA,1348,1,3970,0,6,3977,T
6-NA,1349,2,2,0,4004,4008,C
6-NA,1350,4007,0,5,1,4013,A
6-NA,1351,0,2,4071,0,4073,G
6-NA,1352,1,0,4077,0,4078,G
6-NA,1353,0,4063,0,0,4063,T
6-NA,1354,4056,0,1,0,4057,A
6-NA,1355,1,0,2,3862,3865,C
6-NA,1356,3900,0,3,0,3903,A
6-NA,1357,0,3897,0,0,3897,T
6-NA,1358,3756,0,45,0,3801,A
6-NA,1359,1,3782,0,0,3783,T
6-NA,1360,2,3,3540,0,3545,G
6-NA,1361,2,2,3553,0,3557,G
6-NA,1362,3532,0,0,0,3532,A
6-NA,1363,3492,0,2,0,3494,A
6-NA,1364,0,0,0,3452,3452,C
6-NA,1365,2943,0,0,0,2943,A
6-NA,1366,0,0,2938,0,2938,G
6-NA,1367,0,0,2924,0,2924,G
6-NA,1368,0,1,0,2920,2921,C
6-NA,1369,0,2918,0,2,2920,T
6-NA,1370,4,3,0,2755,2762,C
6-NA,1371,2761,1,3,1,2766,A
6-NA,1372,0,2759,0,2,2761,T
6-NA,1373,0,0,2760,0,2760,G
6-NA,1374,2,0,2753,0,2755,G
6-NA,1375,1,1,0,2636,2638,C
6-NA,1376,3,0,0,2620,2623,C
6-NA,1377,0,2463,0,0,2463,T
6-NA,1378,1,1,2456,0,2458,G
6-NA,1379,2436,0,0,0,2436,A
6-NA,1380,0,2448,0,0,2448,T
6-NA,1381,0,3,2405,0,2408,G
6-NA,1382,0,2,2332,0,2334,G
6-NA,1383,0,0,2172,0,2172,G
6-NA,1384,0,0,2194,0,2194,G
6-NA,1385,1,0,0,2137,2138,C
6-NA,1386,3,0,2135,1,2139,G
6-NA,1387,0,1,2120,0,2121,G
6-NA,1388,2116,0,2,0,2118,A
6-NA,1389,0,0,0,2099,2099,C
6-NA,1390,2113,0,0,0,2113,A
6-NA,1391,1,2068,0,3,2072,T
6-NA,1392,1,0,0,2044,2045,C
6-NA,1393,2033,0,2,0,2035,A
6-NA,1394,2031,0,1,0,2032,A
6-NA,1395,0,2029,0,0,2029,T
6-NA,1396,2,1,0,1971,1974,C
6-NA,1397,0,1906,0,3,1909,T
6-NA,1398,0,0,0,1621,1621,C
6-NA,1399,1618,0,1,0,1619,A
6-NA,1400,0,1591,0,7,1598,T
6-NA,1401,0,0,1594,0,1594,G
6-NA,1402,1,0,0,1581,1582,C
6-NA,1403,1,0,0,1524,1525,C
6-NA,1404,1,1352,1,2,1356,T
6-NA,1405,1337,0,1,0,1338,A
6-NA,1406,0,1336,0,0,1336,T
6-NA,1407,1322,0,1,0,1323,A
6-NA,1408,0,1315,0,0,1315,T
6-NA,1409,1208,0,0,0,1208,A
6-NA,1410,1159,0,0,0,1159,A
7-M,1,87,0,0,0,87,A
7-M,2,0,87,0,0,87,T
7-M,3,0,0,84,0,84,G
7-M,4,89,0,0,0,89,A
7-M,5,0,0,98,0,98,G
7-M,6,1,0,0,105,106,C
7-M,7,0,0,0,107,107,C
7-M,8,0,140,0,0,140,T
7-M,9,0,140,0,0,140,T
7-M,10,0,0,0,143,143,C
7-M,11,0,141,0,0,141,T
7-M,12,144,0,0,0,144,A
7-M,13,145,0,0,0,145,A
7-M,14,0,0,0,144,144,C
7-M,15,0,0,0,142,142,C
7-M,16,0,0,144,0,144,G
7-M,17,142,0,0,0,142,A
7-M,18,0,1,147,0,148,G
7-M,19,0,1,151,0,152,G
7-M,20,0,153,0,0,153,T
7-M,21,0,0,0,153,153,C
7-M,22,0,0,155,0,155,G
7-M,23,157,0,0,0,157,A
7-M,24,157,0,0,0,157,A
7-M,25,160,0,0,0,160,A
7-M,26,0,0,0,185,185,C
7-M,27,0,0,187,0,187,G
7-M,28,0,192,0,0,192,T
7-M,29,192,0,0,0,192,A
7-M,30,0,192,0,0,192,T
7-M,31,0,0,201,0,201,G
7-M,32,0,201,0,1,202,T
7-M,33,0,216,0,0,216,T
7-M,34,0,0,0,223,223,C
7-M,35,0,227,0,0,227,T
7-M,36,0,0,0,243,243,C
7-M,37,0,238,0,0,238,T
7-M,38,0,0,0,262,262,C
7-M,39,0,262,0,0,262,T
7-M,40,264,0,0,0,264,A
7-M,41,0,264,0,0,264,T
7-M,42,0,0,0,269,269,C
7-M,43,0,0,270,0,270,G
7-M,44,0,272,0,0,272,T
7-M,45,0,271,0,0,271,T
7-M,46,0,0,0,274,274,C
7-M,47,0,0,0,289,289,C
7-M,48,293,0,0,0,293,A
7-M,49,0,293,0,0,293,T
7-M,50,0,0,0,292,292,C
7-M,51,293,0,1,0,294,A
7-M,52,0,0,294,0,294,G
7-M,53,1,0,290,0,291,G
7-M,54,0,0,0,295,295,C
7-M,55,0,0,0,292,292,C
7-M,56,0,0,0,292,292,C
7-M,57,0,1,0,313,314,C
7-M,58,0,0,0,315,315,C
7-M,59,0,312,0,1,313,T
7-M,60,0,0,0,319,319,C
7-M,61,319,0,0,0,319,A
7-M,62,315,0,0,0,315,A
7-M,63,322,0,0,0,322,A
7-M,64,0,0,329,0,329,G
7-M,65,0,0,0,329,329,C
7-M,66,0,1,0,327,328,C
7-M,67,0,0,326,0,326,G
7-M,68,324,0,0,0,324,A
7-M,69,0,0,328,0,328,G
7-M,70,332,0,0,0,332,A
7-M,71,0,333,0,0,333,T
7-M,72,0,0,0,332,332,C
7-M,73,0,1,333,0,334,G
7-M,74,0,0,0,336,336,C
7-M,75,0,0,335,0,335,G
7-M,76,0,0,0,337,337,C
7-M,77,331,0,0,0,331,A
7-M,78,0,0,337,0,337,G
7-M,79,325,1,0,0,326,A
7-M,80,0,0,365,0,365,G
7-M,81,361,0,0,0,361,A
7-M,82,0,0,0,370,370,C
7-M,83,0,372,0,0,372,T
7-M,84,1,370,0,0,371,T
7-M,85,0,1,372,0,373,G
7-M,86,377,0,0,0,377,A
7-M,87,375,0,0,0,375,A
7-M,88,0,0,373,0,373,G
7-M,89,363,0,0,0,363,A
7-M,90,0,372,0,0,372,T
7-M,91,0,0,373,0,373,G
7-M,92,0,380,0,0,380,T
7-M,93,0,0,0,374,374,C
7-M,94,0,372,0,0,372,T
7-M,95,0,379,0,0,379,T
7-M,96,0,376,0,0,376,T
7-M,97,0,0,375,0,375,G
7-M,98,0,0,0,378,378,C
7-M,99,0,372,0,0,372,T
7-M,100,0,0,377,0,377,G
7-M,101,0,0,376,0,376,G
7-M,102,0,0,380,0,380,G
7-M,103,376,0,0,0,376,A
7-M,104,378,0,0,0,378,A
7-M,105,376,0,0,0,376,A
7-M,106,378,0,1,0,379,A
7-M,107,384,0,0,1,385,A
7-M,108,0,0,0,388,388,C
7-M,109,385,0,1,0,386,A
7-M,110,0,1,0,389,390,C
7-M,111,387,0,0,0,387,A
7-M,112,0,1,390,0,391,G
7-M,113,393,0,1,0,394,A
7-M,114,0,405,0,0,405,T
7-M,115,0,0,0,414,414,C
7-M,116,0,410,0,0,410,T
7-M,117,0,413,0,0,413,T
7-M,118,0,1,410,0,411,G
7-M,119,403,0,1,0,404,A
7-M,120,0,0,409,0,409,G
7-M,121,0,0,406,0,406,G
7-M,122,1,0,0,410,411,C
7-M,123,0,404,0,1,405,T
7-M,124,0,0,0,465,465,C
7-M,125,0,464,0,0,464,T
7-M,126,0,0,0,472,472,C
7-M,127,467,0,0,0,467,A
7-M,128,0,476,0,0,476,T
7-M,129,1,0,474,0,475,G
7-M,130,0,0,474,0,474,G
7-M,131,467,0,0,0,467,A
7-M,132,474,0,0,0,474,A
7-M,133,0,455,0,0,455,T
7-M,134,1,0,469,0,470,G
7-M,135,0,0,504,0,504,G
7-M,136,0,0,0,506,506,C
7-M,137,0,511,0,0,511,T
7-M,138,512,0,0,0,512,A
7-M,139,511,0,0,0,511,A
7-M,140,529,0,0,0,529,A
7-M,141,0,0,533,0,533,G
7-M,142,529,0,0,0,529,A
7-M,143,0,1,0,530,531,C
7-M,144,516,0,0,0,516,A
7-M,145,514,0,0,0,514,A
7-M,146,0,0,532,0,532,G
7-M,147,536,0,0,0,536,A
7-M,148,0,0,0,539,539,C
7-M,149,1,1,0,533,535,C
7-M,150,534,0,0,0,534,A
7-M,151,534,1,0,0,535,A
7-M,152,0,532,0,0,532,T
7-M,153,0,535,0,0,535,T
7-M,154,1,0,0,536,537,C
7-M,155,0,539,0,0,539,T
7-M,156,1,0,540,0,541,G
7-M,157,0,540,0,0,540,T
7-M,158,0,1,0,540,541,C
7-M,159,537,0,0,0,537,A
7-M,160,0,0,0,554,554,C
7-M,161,0,1,0,553,554,C
7-M,162,0,543,0,0,543,T
7-M,163,0,0,0,552,552,C
7-M,164,0,546,0,1,547,T
7-M,165,0,0,562,0,562,G
7-M,166,567,0,1,0,568,A
7-M,167,0,0,0,570,570,C
7-M,168,0,568,0,0,568,T
7-M,169,553,0,0,0,553,A
7-M,170,548,0,0,0,548,A
7-M,171,0,0,549,0,549,G
7-M,172,0,1,552,0,553,G
7-M,173,0,0,550,0,550,G
7-M,174,1,0,547,0,548,G
7-M,175,547,0,0,1,548,A
7-M,176,0,553,0,0,553,T
7-M,177,0,554,0,0,554,T
7-M,178,0,553,0,1,554,T
7-M,179,0,556,0,0,556,T
7-M,180,1,1,559,0,561,G
7-M,181,0,2,559,0,561,G
7-M,182,0,0,566,0,566,G
7-M,183,0,0,568,0,568,G
7-M,184,0,553,0,0,553,T
7-M,185,0,555,0,0,555,T
7-M,186,0,555,0,0,555,T
7-M,187,0,0,572,0,572,G
7-M,188,0,575,0,0,575,T
7-M,189,0,0,576,0,576,G
7-M,190,0,577,0,0,577,T
7-M,191,0,575,0,0,575,T
7-M,192,0,0,0,577,577,C
7-M,193,578,0,0,0,578,A
7-M,194,0,0,0,599,599,C
7-M,195,0,0,596,1,597,G
7-M,196,0,0,0,595,595,C
7-M,197,0,584,0,1,585,T
7-M,198,2,0,0,609,611,C
7-M,199,614,0,0,0,614,A
7-M,200,0,0,0,628,628,C
7-M,201,1,0,0,622,623,C
7-M,202,0,0,623,0,623,G
7-M,203,0,629,0,0,629,T
7-M,204,0,0,628,0,628,G
7-M,205,0,0,0,629,629,C
7-M,206,1,1,0,623,625,C
7-M,207,0,0,0,640,640,C
7-M,208,628,0,0,0,628,A
7-M,209,0,0,644,0,644,G
7-M,210,0,643,0,0,643,T
7-M,211,0,1,639,0,640,G
7-M,212,640,1,1,0,642,A
7-M,213,1,0,647,0,648,G
7-M,214,0,0,0,647,647,C
7-M,215,1,0,644,0,645,G
7-M,216,640,0,2,0,642,A
7-M,217,0,0,651,0,651,G
7-M,218,0,1,655,0,656,G
7-M,219,645,1,0,0,646,A
7-M,220,0,0,0,665,665,C
7-M,221,0,649,0,0,649,T
7-M,222,0,1,651,0,652,G
7-M,223,0,0,0,648,648,C
7-M,224,650,0,0,0,650,A
7-M,225,0,0,668,0,668,G
7-M,226,0,0,0,661,661,C
7-M,227,1,0,668,0,669,G
7-M,228,0,668,0,0,668,T
7-M,229,658,0,0,0,658,A
7-M,230,0,0,657,0,657,G
7-M,231,659,0,0,0,659,A
7-M,232,0,0,0,659,659,C
7-M,233,0,0,665,0,665,G
7-M,234,0,0,0,652,652,C
7-M,235,0,642,0,2,644,T
7-M,236,0,646,0,0,646,T
7-M,237,0,642,0,0,642,T
7-M,238,0,0,663,0,663,G
7-M,239,0,660,0,1,661,T
7-M,240,0,0,0,663,663,C
7-M,241,0,0,0,662,662,C
7-M,242,664,0,0,0,664,A
7-M,243,662,0,0,0,662,A
7-M,244,665,0,0,0,665,A
7-M,245,660,0,0,0,660,A
7-M,246,0,663,0,0,663,T
7-M,247,0,0,649,0,649,G
7-M,248,0,3,0,642,645,C
7-M,249,1,2,0,637,640,C
7-M,250,2,0,0,652,654,C
7-M,251,0,647,0,1,648,T
7-M,252,0,0,0,669,669,C
7-M,253,672,0,0,0,672,A
7-M,254,673,0,0,0,673,A
7-M,255,0,678,0,1,679,T
7-M,256,0,1,682,0,683,G
7-M,257,0,1,687,0,688,G
7-M,258,0,1,694,0,695,G
7-M,259,687,0,0,0,687,A
7-M,260,687,0,1,0,688,A
7-M,261,0,669,0,0,669,T
7-M,262,0,1,669,0,670,G
7-M,263,0,1,664,0,665,G
7-M,264,650,0,4,0,654,A
7-M,265,0,2,657,0,659,G
7-M,266,647,0,1,0,648,A
7-M,267,1,4,0,632,637,C
7-M,268,0,0,0,669,669,C
7-M,269,3,0,0,669,672,C
7-M,270,692,0,0,0,692,A
7-M,271,692,0,0,0,692,A
7-M,272,692,0,0,0,692,A
7-M,273,0,693,0,0,693,T
7-M,274,712,0,0,0,712,A
7-M,275,708,0,2,0,710,A
7-M,276,0,0,0,700,700,C
7-M,277,695,0,1,0,696,A
7-M,278,0,683,0,1,684,T
7-M,279,0,1,695,0,696,G
7-M,280,0,0,700,0,700,G
7-M,281,700,0,1,0,701,A
7-M,282,0,0,0,700,700,C
7-M,283,685,0,0,0,685,A
7-M,284,688,0,0,0,688,A
7-M,285,683,0,0,0,683,A
7-M,286,0,1,695,0,696,G
7-M,287,0,0,0,721,721,C
7-M,288,711,0,0,0,711,A
7-M,289,0,0,728,0,728,G
7-M,290,0,728,0,0,728,T
7-M,291,0,722,0,0,722,T
7-M,292,736,0,0,0,736,A
7-M,293,732,0,1,0,733,A
7-M,294,729,0,0,0,729,A
7-M,295,2,0,0,744,746,C
7-M,296,0,718,0,0,718,T
7-M,297,0,0,821,0,821,G
7-M,298,0,805,0,0,805,T
7-M,299,810,0,0,0,810,A
7-M,300,0,809,0,0,809,T
7-M,301,807,1,0,0,808,A
7-M,302,0,0,809,0,809,G
7-M,303,0,0,801,0,801,G
7-M,304,798,1,0,0,799,A
7-M,305,794,0,0,0,794,A
7-M,306,754,0,0,0,754,A
7-M,307,0,0,0,763,763,C
7-M,308,0,765,0,0,765,T
7-M,309,0,764,0,0,764,T
7-M,310,767,0,0,0,767,A
7-M,311,766,0,0,0,766,A
7-M,312,0,1,766,0,767,G
7-M,313,763,0,0,0,763,A
7-M,314,0,4,765,0,769,G
7-M,315,0,0,774,0,774,G
7-M,316,1,0,783,0,784,G
7-M,317,783,0,0,0,783,A
7-M,318,0,1,793,0,794,G
7-M,319,798,0,1,0,799,A
7-M,320,0,798,0,0,798,T
7-M,321,795,0,1,0,796,A
7-M,322,799,0,4,0,803,A
7-M,323,0,0,0,808,808,C
7-M,324,0,0,798,0,798,G
7-M,325,0,807,0,0,807,T
7-M,326,0,798,0,0,798,T
7-M,327,2,0,0,797,799,C
7-M,328,0,1,0,799,800,C
7-M,329,799,0,1,0,800,A
7-M,330,0,797,0,0,797,T
7-M,331,0,2,791,0,793,G
7-M,332,0,1,796,0,797,G
7-M,333,0,0,782,0,782,G
7-M,334,1,0,780,0,781,G
7-M,335,0,1,0,780,781,C
7-M,336,0,0,0,781,781,C
7-M,337,785,0,0,0,785,A
7-M,338,797,0,1,0,798,A
7-M,339,800,0,0,0,800,A
7-M,340,0,0,814,0,814,G
7-M,341,804,1,0,0,805,A
7-M,342,796,0,0,0,796,A
7-M,343,797,0,2,0,799,A
7-M,344,0,796,0,2,798,T
7-M,345,793,0,2,0,795,A
7-M,346,0,0,805,0,805,G
7-M,347,0,1,0,799,800,C
7-M,348,0,774,0,12,786,T
7-M,349,0,1,0,794,795,C
7-M,350,0,791,0,0,791,T
7-M,351,0,0,0,825,825,C
7-M,352,829,0,0,0,829,A
7-M,353,0,0,828,0,828,G
7-M,354,0,814,0,0,814,T
7-M,355,0,830,0,0,830,T
7-M,356,834,0,0,0,834,A
7-M,357,0,835,0,0,835,T
7-M,358,0,828,0,2,830,T
7-M,359,0,0,0,836,836,C
7-M,360,0,813,0,1,814,T
7-M,361,0,0,824,0,824,G
7-M,362,1,1,0,817,819,C
7-M,363,0,815,0,0,815,T
7-M,364,0,1,814,0,815,G
7-M,365,1,0,818,0,819,G
7-M,366,0,815,0,1,816,T
7-M,367,1,1,808,0,810,G
7-M,368,0,0,0,808,808,C
7-M,369,813,0,0,0,813,A
7-M,370,0,1,0,821,822,C
7-M,371,1,807,0,0,808,T
7-M,372,0,819,0,0,819,T
7-M,373,3,0,814,0,817,G
7-M,374,0,0,0,815,815,C
7-M,375,0,0,0,819,819,C
7-M,376,824,0,0,0,824,A
7-M,377,0,0,829,0,829,G
7-M,378,0,825,0,1,826,T
7-M,379,0,825,0,0,825,T
7-M,380,1,1,826,0,828,G
7-M,381,1,0,0,821,822,C
7-M,382,824,0,0,0,824,A
7-M,383,0,823,0,0,823,T
7-M,384,0,0,816,0,816,G
7-M,385,0,0,828,0,828,G
7-M,386,0,0,836,0,836,G
7-M,387,0,0,0,827,827,C
7-M,388,0,0,0,871,871,C
7-M,389,0,861,0,3,864,T
7-M,390,0,0,0,880,880,C
7-M,391,937,0,0,0,937,A
7-M,392,0,938,0,0,938,T
7-M,393,963,0,0,0,963,A
7-M,394,0,952,0,0,952,T
7-M,395,931,0,0,0,931,A
7-M,396,0,0,0,984,984,C
7-M,397,954,0,0,0,954,A
7-M,398,963,0,0,0,963,A
7-M,399,0,951,0,0,951,T
7-M,400,902,0,0,0,902,A
7-M,401,0,1,916,0,917,G
7-M,402,0,0,909,0,909,G
7-M,403,901,0,2,0,903,A
7-M,404,0,906,0,0,906,T
7-M,405,0,1,838,0,839,G
7-M,406,0,0,837,0,837,G
7-M,407,0,1,840,0,841,G
7-M,408,1,1,847,0,849,G
7-M,409,0,0,849,0,849,G
7-M,410,0,0,0,847,847,C
7-M,411,0,830,0,1,831,T
7-M,412,0,0,835,0,835,G
7-M,413,0,838,0,0,838,T
7-M,414,841,0,0,0,841,A
7-M,415,842,0,1,0,843,A
7-M,416,0,0,0,838,838,C
7-M,417,0,0,0,833,833,C
7-M,418,828,0,0,0,828,A
7-M,419,0,0,0,836,836,C
7-M,420,0,831,0,1,832,T
7-M,421,0,1,831,0,832,G
7-M,422,826,0,0,0,826,A
7-M,423,831,0,0,0,831,A
7-M,424,0,0,836,0,836,G
7-M,425,0,823,0,0,823,T
7-M,426,0,0,821,0,821,G
7-M,427,0,0,822,0,822,G
7-M,428,0,0,0,831,831,C
7-M,429,832,0,0,0,832,A
7-M,430,0,815,0,0,815,T
7-M,431,0,821,0,0,821,T
7-M,432,0,824,0,0,824,T
7-M,433,0,0,848,0,848,G
7-M,434,0,1,840,1,842,G
7-M,435,0,0,0,849,849,C
7-M,436,2,2,0,836,840,C
7-M,437,0,836,0,2,838,T
7-M,438,0,1,880,0,881,G
7-M,439,0,0,891,0,891,G
7-M,440,0,889,0,0,889,T
7-M,441,893,0,0,0,893,A
7-M,442,0,853,0,0,853,T
7-M,443,0,0,875,1,876,G
7-M,444,0,875,0,0,875,T
7-M,445,0,0,869,0,869,G
7-M,446,0,0,0,870,870,C
7-M,447,833,0,0,0,833,A
7-M,448,830,0,0,0,830,A
7-M,449,0,0,0,841,841,C
7-M,450,834,0,0,0,834,A
7-M,451,0,837,0,1,838,T
7-M,452,1,0,830,0,831,G
7-M,453,0,805,0,1,806,T
7-M,454,1,0,801,0,802,G
7-M,455,799,0,1,0,800,A
7-M,456,0,0,806,0,806,G
7-M,457,0,2,0,804,806,C
7-M,458,786,1,0,1,788,A
7-M,459,0,0,798,0,798,G
7-M,460,790,0,0,1,791,A
7-M,461,1,793,0,0,794,T
7-M,462,0,793,0,0,793,T
7-M,463,1,0,797,0,798,G
7-M,464,0,1,0,800,801,C
7-M,465,0,796,0,0,796,T
7-M,466,1,2,798,0,801,G
7-M,467,790,0,0,1,791,A
7-M,468,0,0,0,832,832,C
7-M,469,0,827,0,1,828,T
7-M,470,1,0,0,826,827,C
7-M,471,1,0,0,818,819,C
7-M,472,0,0,0,830,830,C
7-M,473,826,0,2,0,828,A
7-M,474,0,0,836,0,836,G
7-M,475,1,0,0,828,829,C
7-M,476,840,0,0,0,840,A
7-M,477,0,1,0,834,835,C
7-M,478,759,0,0,0,759,A
7-M,479,0,0,780,0,780,G
7-M,480,0,0,785,0,785,G
7-M,481,0,780,0,0,780,T
7-M,482,0,0,0,796,796,C
7-M,483,0,782,0,0,782,T
7-M,484,0,0,0,787,787,C
7-M,485,785,0,0,0,785,A
7-M,486,1,786,0,0,787,T
7-M,487,788,1,0,0,789,A
7-M,488,1,0,768,0,769,G
7-M,489,0,0,766,0,766,G
7-M,490,0,0,0,767,767,C
7-M,491,733,0,0,0,733,A
7-M,492,1,0,728,0,729,G
7-M,493,726,0,1,0,727,A
7-M,494,0,726,0,0,726,T
7-M,495,0,1,724,0,725,G
7-M,496,0,0,725,0,725,G
7-M,497,0,708,0,1,709,T
7-M,498,1,0,717,0,718,G
7-M,499,0,0,724,0,724,G
7-M,500,0,0,1,722,723,C
7-M,501,720,0,0,0,720,A
7-M,502,715,1,1,0,717,A
7-M,503,0,0,0,716,716,C
7-M,504,716,0,0,0,716,A
7-M,505,714,0,0,0,714,A
7-M,506,0,0,0,718,718,C
7-M,507,0,0,0,709,709,C
7-M,508,699,0,0,0,699,A
7-M,509,697,0,0,0,697,A
7-M,510,0,698,0,0,698,T
7-M,511,0,0,0,699,699,C
7-M,512,1,0,0,690,691,C
7-M,513,683,0,0,0,683,A
7-M,514,0,677,0,0,677,T
7-M,515,0,675,1,0,676,T
7-M,516,679,0,0,0,679,A
7-M,517,679,0,0,0,679,A
7-M,518,0,681,0,0,681,T
7-M,519,679,0,0,0,679,A
7-M,520,673,0,1,0,674,A
7-M,521,657,0,1,0,658,A
7-M,522,666,0,0,0,666,A
7-M,523,0,0,0,680,680,C
7-M,524,678,0,0,0,678,A
7-M,525,0,673,1,0,674,T
7-M,526,0,0,667,0,667,G
7-M,527,665,0,3,0,668,A
7-M,528,1,0,678,0,679,G
7-M,529,669,0,0,1,670,A
7-M,530,672,0,0,0,672,A
7-M,531,0,0,0,678,678,C
7-M,532,644,0,1,0,645,A
7-M,533,0,0,660,0,660,G
7-M,534,657,0,0,0,657,A
7-M,535,654,0,2,0,656,A
7-M,536,1,646,0,0,647,T
7-M,537,1,1,646,0,648,G
7-M,538,0,0,651,0,651,G
7-M,539,0,650,0,0,650,T
7-M,540,0,629,0,1,630,T
7-M,541,0,650,0,0,650,T
7-M,542,0,651,0,0,651,T
7-M,543,0,0,652,0,652,G
7-M,544,0,0,654,0,654,G
7-M,545,0,0,0,653,653,C
7-M,546,0,1,0,647,648,C
7-M,547,642,0,0,1,643,A
7-M,548,2,0,671,0,673,G
7-M,549,1,2,0,670,673,C
7-M,550,685,0,0,0,685,A
7-M,551,0,0,0,695,695,C
7-M,552,0,687,0,0,687,T
7-M,553,691,0,0,0,691,A
7-M,554,0,1,0,693,694,C
7-M,555,698,0,1,0,699,A
7-M,556,0,0,703,0,703,G
7-M,557,0,0,0,662,662,C
7-M,558,0,644,0,0,644,T
7-M,559,648,0,0,0,648,A
7-M,560,628,0,1,0,629,A
7-M,561,0,0,640,0,640,G
7-M,562,1,0,646,0,647,G
7-M,563,0,0,0,642,642,C
7-M,564,0,589,0,2,591,T
7-M,565,586,0,0,0,586,A
7-M,566,0,586,0,0,586,T
7-M,567,0,2,581,0,583,G
7-M,568,1,0,584,0,585,G
7-M,569,564,0,1,0,565,A
7-M,570,0,0,580,0,580,G
7-M,571,0,1,0,562,563,C
7-M,572,557,1,0,0,558,A
7-M,573,560,1,0,0,561,A
7-M,574,558,0,0,0,558,A
7-M,575,0,564,0,0,564,T
7-M,576,0,0,562,0,562,G
7-M,577,0,0,559,0,559,G
7-M,578,0,1,0,558,559,C
7-M,579,0,540,0,0,540,T
7-M,580,0,0,548,0,548,G
7-M,581,0,2,557,0,559,G
7-M,582,554,0,0,0,554,A
7-M,583,0,552,0,0,552,T
7-M,584,0,0,0,556,556,C
7-M,585,554,0,0,0,554,A
7-M,586,558,0,0,0,558,A
7-M,587,0,0,564,0,564,G
7-M,588,0,563,0,0,563,T
7-M,589,0,2,558,0,560,G
7-M,590,524,0,3,0,527,A
7-M,591,1,0,540,0,541,G
7-M,592,0,0,0,537,537,C
7-M,593,537,0,0,0,537,A
7-M,594,0,0,537,0,537,G
7-M,595,0,0,532,0,532,G
7-M,596,0,0,0,529,529,C
7-M,597,530,0,1,0,531,A
7-M,598,0,0,537,0,537,G
7-M,599,0,0,0,533,533,C
7-M,600,3,0,535,0,538,G
7-M,601,0,0,537,0,537,G
7-M,602,532,0,0,0,532,A
7-M,603,0,0,536,1,537,G
7-M,604,0,0,550,0,550,G
7-M,605,0,0,0,552,552,C
7-M,606,0,0,0,550,550,C
7-M,607,548,0,0,0,548,A
7-M,608,0,549,0,0,549,T
7-M,609,1,0,553,0,554,G
7-M,610,0,0,556,0,556,G
7-M,611,552,0,1,0,553,A
7-M,612,0,0,556,0,556,G
7-M,613,538,0,0,0,538,A
7-M,614,0,548,0,0,548,T
7-M,615,0,555,0,0,555,T
7-M,616,1,0,555,0,556,G
7-M,617,0,0,0,554,554,C
7-M,618,0,557,0,1,558,T
7-M,619,551,0,0,0,551,A
7-M,620,0,0,555,0,555,G
7-M,621,0,549,0,0,549,T
7-M,622,0,0,0,550,550,C
7-M,623,542,0,0,0,542,A
7-M,624,0,0,552,0,552,G
7-M,625,0,0,553,0,553,G
7-M,626,0,0,0,548,548,C
7-M,627,0,1,0,546,547,C
7-M,628,549,0,0,0,549,A
7-M,629,0,0,555,0,555,G
7-M,630,1,0,559,0,560,G
7-M,631,1,0,0,558,559,C
7-M,632,559,0,1,0,560,A
7-M,633,0,0,558,0,558,G
7-M,634,556,0,0,0,556,A
7-M,635,0,554,0,0,554,T
7-M,636,0,0,552,0,552,G
7-M,637,0,0,590,1,591,G
7-M,638,0,569,0,1,570,T
7-M,639,0,0,568,0,568,G
7-M,640,0,0,0,565,565,C
7-M,641,563,0,1,0,564,A
7-M,642,0,0,570,0,570,G
7-M,643,0,0,569,0,569,G
7-M,644,0,0,0,572,572,C
7-M,645,568,1,0,0,569,A
7-M,646,558,0,0,0,558,A
7-M,647,0,544,0,0,544,T
7-M,648,0,0,548,0,548,G
7-M,649,537,0,2,0,539,A
7-M,650,0,0,547,0,547,G
7-M,651,533,0,2,0,535,A
7-M,652,0,0,536,0,536,G
7-M,653,0,0,0,550,550,C
7-M,654,0,1,0,563,564,C
7-M,655,564,0,0,1,565,A
7-M,656,0,558,0,1,559,T
7-M,657,0,559,0,0,559,T
7-M,658,0,0,563,0,563,G
7-M,659,0,2,557,0,559,G
7-M,660,0,0,560,0,560,G
7-M,661,559,0,0,1,560,A
7-M,662,0,0,0,551,551,C
7-M,663,0,536,0,0,536,T
7-M,664,1,0,0,549,550,C
7-M,665,553,0,0,0,553,A
7-M,666,0,570,0,0,570,T
7-M,667,1,0,0,574,575,C
7-M,668,0,0,0,574,574,C
7-M,669,0,577,0,0,577,T
7-M,670,572,0,0,0,572,A
7-M,671,0,0,591,0,591,G
7-M,672,0,659,0,0,659,T
7-M,673,0,648,1,0,649,T
7-M,674,0,0,1,646,647,C
7-M,675,3,2,0,625,630,C
7-M,676,629,0,0,0,629,A
7-M,677,0,0,644,0,644,G
7-M,678,0,638,0,0,638,T
7-M,679,635,0,1,0,636,A
7-M,680,0,0,0,632,632,C
7-M,681,0,532,0,2,534,T
7-M,682,0,0,559,0,559,G
7-M,683,0,0,576,0,576,G
7-M,684,0,570,0,1,571,T
7-M,685,0,0,0,572,572,C
7-M,686,0,564,0,1,565,T
7-M,687,549,12,0,0,561,A
7-M,688,564,0,0,0,564,A
7-M,689,0,2,562,0,564,G
7-M,690,557,0,0,0,557,A
7-M,691,0,0,540,0,540,G
7-M,692,506,0,0,0,506,A
7-M,693,0,503,0,0,503,T
7-M,694,0,0,500,0,500,G
7-M,695,496,0,0,0,496,A
7-M,696,0,496,0,0,496,T
7-M,697,1,0,0,495,496,C
7-M,698,0,491,0,0,491,T
7-M,699,1,487,0,0,488,T
7-M,700,0,0,0,491,491,C
7-M,701,0,491,0,0,491,T
7-M,702,0,488,0,0,488,T
7-M,703,0,0,490,0,490,G
7-M,704,489,1,0,0,490,A
7-M,705,489,0,0,0,489,A
7-M,706,493,0,0,0,493,A
7-M,707,493,0,0,0,493,A
7-M,708,0,489,0,0,489,T
7-M,709,0,496,0,0,496,T
7-M,710,0,498,0,0,498,T
7-M,711,1,0,496,0,497,G
7-M,712,0,0,0,495,495,C
7-M,713,496,0,0,0,496,A
7-M,714,0,0,492,0,492,G
7-M,715,497,0,0,0,497,A
7-M,716,0,0,0,511,511,C
7-M,717,0,0,0,506,506,C
7-M,718,0,508,0,1,509,T
7-M,719,518,0,0,0,518,A
7-M,720,0,516,0,0,516,T
7-M,721,0,0,0,520,520,C
7-M,722,521,0,0,0,521,A
7-M,723,0,1,520,0,521,G
7-M,724,521,0,0,0,521,A
7-M,725,500,0,0,0,500,A
7-M,726,504,0,0,0,504,A
7-M,727,0,1,0,509,510,C
7-M,728,0,3,509,0,512,G
7-M,729,504,0,1,0,505,A
7-M,730,507,0,0,0,507,A
7-M,731,0,506,0,0,506,T
7-M,732,0,1,509,0,510,G
7-M,733,0,0,512,0,512,G
7-M,734,0,1,520,0,521,G
7-M,735,0,0,521,0,521,G
7-M,736,0,0,535,0,535,G
7-M,737,0,517,0,1,518,T
7-M,738,1,0,513,0,514,G
7-M,739,1,2,0,515,518,C
7-M,740,520,0,0,0,520,A
7-M,741,0,0,525,0,525,G
7-M,742,515,0,0,0,515,A
7-M,743,0,519,1,0,520,T
7-M,744,0,0,518,0,518,G
7-M,745,0,0,0,508,508,C
7-M,746,511,0,1,0,512,A
7-M,747,511,0,1,0,512,A
7-M,748,0,0,0,520,520,C
7-M,749,0,0,519,0,519,G
7-M,750,523,0,1,0,524,A
7-M,751,0,521,0,0,521,T
7-M,752,0,520,0,0,520,T
7-M,753,0,0,0,528,528,C
7-M,754,521,0,1,1,523,A
7-M,755,527,0,1,0,528,A
7-M,756,0,0,529,0,529,G
7-M,757,0,518,0,0,518,T
7-M,758,0,0,513,0,513,G
7-M,759,508,0,0,0,508,A
7-M,760,0,0,0,510,510,C
7-M,761,0,0,0,506,506,C
7-M,762,0,0,0,505,505,C
7-M,763,0,0,502,0,502,G
7-M,764,0,0,0,505,505,C
7-M,765,0,499,0,0,499,T
7-M,766,0,504,0,0,504,T
7-M,767,0,0,504,0,504,G
7-M,768,0,504,0,1,505,T
7-M,769,0,502,0,1,503,T
7-M,770,0,0,505,0,505,G
7-M,771,0,497,0,0,497,T
7-M,772,0,494,0,0,494,T
7-M,773,6,0,486,0,492,G
7-M,774,0,0,0,487,487,C
7-M,775,1,0,0,486,487,C
7-M,776,0,0,491,0,491,G
7-M,777,1,0,0,485,486,C
7-M,778,0,1,489,0,490,G
7-M,779,489,0,0,0,489,A
7-M,780,497,0,0,0,497,A
7-M,781,0,497,1,0,498,T
7-M,782,501,0,0,0,501,A
7-M,783,0,499,0,0,499,T
7-M,784,0,0,0,513,513,C
7-M,785,514,0,0,0,514,A
7-M,786,0,513,0,0,513,T
7-M,787,0,514,0,0,514,T
7-M,788,0,0,512,0,512,G
7-M,789,0,3,505,0,508,G
7-M,790,0,0,508,0,508,G
7-M,791,511,0,0,1,512,A
7-M,792,0,513,0,0,513,T
7-M,793,0,1,0,492,493,C
7-M,794,0,496,0,1,497,T
7-M,795,0,496,0,1,497,T
7-M,796,0,0,499,0,499,G
7-M,797,0,0,0,502,502,C
7-M,798,501,0,0,0,501,A
7-M,799,0,0,0,503,503,C
7-M,800,1,497,0,0,498,T
7-M,801,0,499,0,0,499,T
7-M,802,0,1,500,0,501,G
7-M,803,509,0,1,0,510,A
7-M,804,0,516,0,0,516,T
7-M,805,500,0,0,0,500,A
7-M,806,0,498,0,0,498,T
7-M,807,0,492,0,0,492,T
7-M,808,0,0,496,0,496,G
7-M,809,0,488,0,2,490,T
7-M,810,0,1,479,0,480,G
7-M,811,0,0,483,0,483,G
7-M,812,475,0,0,0,475,A
7-M,813,0,480,0,0,480,T
7-M,814,0,475,0,0,475,T
7-M,815,0,1,0,479,480,C
7-M,816,0,480,0,1,481,T
7-M,817,0,472,0,2,474,T
7-M,818,0,0,476,0,476,G
7-M,819,469,0,0,0,469,A
7-M,820,0,470,0,0,470,T
7-M,821,0,0,0,468,468,C
7-M,822,1,0,464,0,465,G
7-M,823,0,460,0,1,461,T
7-M,824,1,0,0,462,463,C
7-M,825,0,459,0,0,459,T
7-M,826,0,463,0,0,463,T
7-M,827,0,460,0,0,460,T
7-M,828,0,463,0,0,463,T
7-M,829,0,463,0,0,463,T
7-M,830,0,460,0,0,460,T
7-M,831,0,460,0,0,460,T
7-M,832,0,0,0,457,457,C
7-M,833,460,0,0,0,460,A
7-M,834,456,0,0,0,456,A
7-M,835,458,0,0,0,458,A
7-M,836,0,462,0,0,462,T
7-M,837,0,0,465,0,465,G
7-M,838,0,0,0,467,467,C
7-M,839,0,0,465,0,465,G
7-M,840,0,482,0,1,483,T
7-M,841,1,0,0,482,483,C
7-M,842,0,481,0,0,481,T
7-M,843,484,0,0,0,484,A
7-M,844,1,464,1,17,483,T
7-M,845,0,0,0,480,480,C
7-M,846,1,1,483,0,485,G
7-M,847,485,0,0,0,485,A
7-M,848,0,0,0,484,484,C
7-M,849,0,468,0,0,468,T
7-M,850,0,0,0,489,489,C
7-M,851,0,483,0,0,483,T
7-M,852,0,484,0,0,484,T
7-M,853,0,0,0,485,485,C
7-M,854,484,0,0,0,484,A
7-M,855,487,0,0,0,487,A
7-M,856,481,0,0,0,481,A
7-M,857,0,0,0,480,480,C
7-M,858,478,0,0,0,478,A
7-M,859,0,0,0,463,463,C
7-M,860,0,0,451,0,451,G
7-M,861,0,0,477,0,477,G
7-M,862,0,0,0,476,476,C
7-M,863,0,0,0,479,479,C
7-M,864,0,479,0,0,479,T
7-M,865,0,483,0,0,483,T
7-M,866,483,0,1,0,484,A
7-M,867,486,0,0,0,486,A
7-M,868,483,0,0,0,483,A
7-M,869,480,0,1,0,481,A
7-M,870,0,0,478,0,478,G
7-M,871,398,0,1,0,399,A
7-M,872,0,0,397,0,397,G
7-M,873,0,0,396,0,396,G
7-M,874,0,0,0,396,396,C
7-M,875,0,0,0,392,392,C
7-M,876,0,0,0,397,397,C
7-M,877,0,399,0,0,399,T
7-M,878,0,406,0,0,406,T
7-M,879,0,0,0,405,405,C
7-M,880,0,400,0,0,400,T
7-M,881,404,0,0,0,404,A
7-M,882,0,0,0,405,405,C
7-M,883,0,0,397,0,397,G
7-M,884,0,0,400,0,400,G
7-M,885,386,0,0,0,386,A
7-M,886,384,0,1,0,385,A
7-M,887,0,1,386,0,387,G
7-M,888,0,0,392,0,392,G
7-M,889,386,0,1,0,387,A
7-M,890,0,0,392,0,392,G
7-M,891,0,388,0,0,388,T
7-M,892,390,0,1,0,391,A
7-M,893,0,0,0,388,388,C
7-M,894,0,0,0,388,388,C
7-M,895,0,385,0,1,386,T
7-M,896,0,1,382,0,383,G
7-M,897,373,0,0,0,373,A
7-M,898,0,0,382,0,382,G
7-M,899,0,368,0,0,368,T
7-M,900,0,0,0,370,370,C
7-M,901,0,366,0,0,366,T
7-M,902,367,0,0,0,367,A
7-M,903,0,365,0,0,365,T
7-M,904,0,0,365,0,365,G
7-M,905,357,0,0,0,357,A
7-M,906,0,0,358,0,358,G
7-M,907,0,0,329,0,329,G
7-M,908,0,0,327,0,327,G
7-M,909,321,0,0,0,321,A
7-M,910,318,0,0,0,318,A
7-M,911,0,0,321,0,321,G
7-M,912,316,0,0,0,316,A
7-M,913,320,0,0,0,320,A
7-M,914,0,316,0,0,316,T
7-M,915,316,0,0,0,316,A
7-M,916,0,308,0,0,308,T
7-M,917,0,0,0,305,305,C
7-M,918,0,0,307,0,307,G
7-M,919,303,0,0,0,303,A
7-M,920,300,0,1,0,301,A
7-M,921,301,0,0,0,301,A
7-M,922,0,0,302,0,302,G
7-M,923,0,0,304,0,304,G
7-M,924,303,0,0,0,303,A
7-M,925,302,0,1,0,303,A
7-M,926,0,0,0,302,302,C
7-M,927,297,0,0,0,297,A
7-M,928,0,0,295,0,295,G
7-M,929,0,0,0,294,294,C
7-M,930,296,0,0,0,296,A
7-M,931,0,1,297,0,298,G
7-M,932,273,0,0,0,273,A
7-M,933,273,0,0,0,273,A
7-M,934,0,275,0,0,275,T
7-M,935,0,0,272,0,272,G
7-M,936,0,0,0,271,271,C
7-M,937,0,250,0,0,250,T
7-M,938,0,0,250,0,250,G
7-M,939,0,247,0,0,247,T
7-M,940,0,0,242,0,242,G
7-M,941,0,0,240,0,240,G
7-M,942,234,0,0,0,234,A
7-M,943,0,233,0,0,233,T
7-M,944,0,0,229,0,229,G
7-M,945,0,0,0,222,222,C
7-M,946,0,195,0,0,195,T
7-M,947,0,0,190,0,190,G
7-M,948,189,0,0,0,189,A
7-M,949,0,0,0,189,189,C
7-M,950,0,1,186,0,187,G
7-M,951,186,0,0,0,186,A
7-M,952,0,0,0,187,187,C
7-M,953,180,0,0,0,180,A
7-M,954,0,0,180,0,180,G
7-M,955,0,180,0,0,180,T
7-M,956,0,0,0,177,177,C
7-M,957,178,0,0,0,178,A
7-M,958,0,174,0,0,174,T
7-M,959,0,176,0,0,176,T
7-M,960,0,175,0,0,175,T
7-M,961,0,169,0,0,169,T
7-M,962,0,0,169,0,169,G
7-M,963,0,159,0,1,160,T
7-M,964,0,0,0,161,161,C
7-M,965,150,0,1,0,151,A
7-M,966,0,0,150,0,150,G
7-M,967,0,0,0,148,148,C
7-M,968,148,0,0,0,148,A
7-M,969,0,150,0,0,150,T
7-M,970,139,0,0,0,139,A
7-M,971,0,0,139,0,139,G
7-M,972,137,0,0,0,137,A
7-M,973,0,0,136,0,136,G
7-M,974,0,133,0,0,133,T
7-M,975,0,82,0,0,82,T
7-M,976,0,0,82,0,82,G
7-M,977,0,0,78,0,78,G
7-M,978,76,0,0,0,76,A
7-M,979,0,0,76,0,76,G
7-M,980,0,50,0,0,50,T
7-M,981,49,0,0,0,49,A
7-M,982,49,0,0,0,49,A
8-NS,1,676,0,0,0,676,A
8-NS,2,0,685,0,0,685,T
8-NS,3,0,0,725,0,725,G
8-NS,4,0,2,799,0,801,G
8-NS,5,824,0,0,0,824,A
8-NS,6,0,834,0,0,834,T
8-NS,7,0,833,0,0,833,T
8-NS,8,0,835,0,0,835,T
8-NS,9,0,1,0,1436,1437,C
8-NS,10,1448,0,0,0,1448,A
8-NS,11,1471,0,0,0,1471,A
8-NS,12,0,0,0,1474,1474,C
8-NS,13,1472,0,1,0,1473,A
8-NS,14,0,0,0,1499,1499,C
8-NS,15,0,1496,0,0,1496,T
8-NS,16,0,0,1764,0,1764,G
8-NS,17,0,1766,0,1,1767,T
8-NS,18,0,1,1792,0,1793,G
8-NS,19,0,1804,0,3,1807,T
8-NS,20,2,1,0,1804,1807,C
8-NS,21,1797,0,5,0,1802,A
8-NS,22,1811,0,3,0,1814,A
8-NS,23,0,0,1843,0,1843,G
8-NS,24,0,1886,1,0,1887,T
8-NS,25,0,1883,0,1,1884,T
8-NS,26,0,1900,0,0,1900,T
8-NS,27,0,0,0,1895,1895,C
8-NS,28,0,0,0,1896,1896,C
8-NS,29,1894,1,1,0,1896,A
8-NS,30,0,0,1936,0,1936,G
8-NS,31,1,1,1935,0,1937,G
8-NS,32,0,1938,0,1,1939,T
8-NS,33,1940,0,2,0,1942,A
8-NS,34,0,1,1978,0,1979,G
8-NS,35,1954,3,3,1,1961,A
8-NS,36,0,1982,0,0,1982,T
8-NS,37,0,1978,0,0,1978,T
8-NS,38,0,0,2021,0,2021,G
8-NS,39,0,0,0,2025,2025,C
8-NS,40,0,2022,0,2,2024,T
8-NS,41,0,2040,0,2,2042,T
8-NS,42,0,2055,0,0,2055,T
8-NS,43,0,0,0,2093,2093,C
8-NS,44,0,2087,0,5,2092,T
8-NS,45,0,2091,0,1,2092,T
8-NS,46,0,2088,0,1,2089,T
8-NS,47,0,1,2108,0,2109,G
8-NS,48,0,0,2109,0,2109,G
8-NS,49,0,1,0,2120,2121,C
8-NS,50,2116,0,1,0,2117,A
8-NS,51,0,2128,1,1,2130,T
8-NS,52,2143,0,0,0,2143,A
8-NS,53,1,2206,0,0,2207,T
8-NS,54,0,0,0,2223,2223,C
8-NS,55,1,2,0,2212,2215,C
8-NS,56,2,0,2217,0,2219,G
8-NS,57,1,2,2225,0,2228,G
8-NS,58,2228,0,0,0,2228,A
8-NS,59,2237,0,1,0,2238,A
8-NS,60,2249,1,2,0,2252,A
8-NS,61,0,0,0,2290,2290,C
8-NS,62,2294,0,1,0,2295,A
8-NS,63,2298,0,1,0,2299,A
8-NS,64,1,0,2431,0,2432,G
8-NS,65,0,2446,1,1,2448,T
8-NS,66,0,2432,0,1,2433,T
8-NS,67,1,0,2441,0,2442,G
8-NS,68,1,2440,0,2,2443,T
8-NS,69,2435,0,6,0,2441,A
8-NS,70,0,6,2452,0,2458,G
8-NS,71,2622,1,4,0,2627,A
8-NS,72,0,1,0,2660,2661,C
8-NS,73,1,2,0,2628,2631,C
8-NS,74,2637,0,0,0,2637,A
8-NS,75,2631,0,1,0,2632,A
8-NS,76,2,1,2832,0,2835,G
8-NS,77,2835,0,3,0,2838,A
8-NS,78,2865,0,1,0,2866,A
8-NS,79,0,0,0,2877,2877,C
8-NS,80,0,2799,0,0,2799,T
8-NS,81,0,5,2846,0,2851,G
8-NS,82,2833,0,3,1,2837,A
8-NS,83,0,0,2919,0,2919,G
8-NS,84,1,2910,0,1,2912,T
8-NS,85,0,2,2859,0,2861,G
8-NS,86,2869,1,3,0,2873,A
8-NS,87,0,2885,0,1,2886,T
8-NS,88,1,1,2898,0,2900,G
8-NS,89,0,0,1,2977,2978,C
8-NS,90,0,2,0,2960,2962,C
8-NS,91,2,0,0,2996,2998,C
8-NS,92,4,0,0,2985,2989,C
8-NS,93,3005,0,0,0,3005,A
8-NS,94,0,3037,0,1,3038,T
8-NS,95,0,3081,0,1,3082,T
8-NS,96,2,0,0,3106,3108,C
8-NS,97,4,1,0,3076,3081,C
8-NS,98,0,3070,0,4,3074,T
8-NS,99,0,3067,0,1,3068,T
8-NS,100,2,2,3054,0,3058,G
8-NS,101,3030,0,0,0,3030,A
8-NS,102,1,3044,0,2,3047,T
8-NS,103,2,3,0,3037,3042,C
8-NS,104,1,1,3013,0,3015,G
8-NS,105,1,2,3046,0,3049,G
8-NS,106,1,0,0,3054,3055,C
8-NS,107,0,3039,0,3,3042,T
8-NS,108,0,3059,0,2,3061,T
8-NS,109,2,0,0,3065,3067,C
8-NS,110,2,0,3077,0,3079,G
8-NS,111,0,1,0,3072,3073,C
8-NS,112,0,1,0,3083,3084,C
8-NS,113,2,1,3085,0,3088,G
8-NS,114,3034,0,1,1,3036,A
8-NS,115,1,2,3190,0,3193,G
8-NS,116,3180,3,0,1,3184,A
8-NS,117,0,3206,0,0,3206,T
8-NS,118,1,1,1,3197,3200,C
8-NS,119,3191,0,3,0,3194,A
8-NS,120,0,0,3205,0,3205,G
8-NS,121,3200,0,2,0,3202,A
8-NS,122,1,0,3221,0,3222,G
8-NS,123,0,0,3275,0,3275,G
8-NS,124,1,3250,0,3,3254,T
8-NS,125,1,0,1,3455,3457,C
8-NS,126,0,0,0,3466,3466,C
8-NS,127,3,0,0,3508,3511,C
8-NS,128,0,3506,0,1,3507,T
8-NS,129,3518,0,0,0,3518,A
8-NS,130,3500,0,3,0,3503,A
8-NS,131,1,8,3561,0,3570,G
8-NS,132,2,6,3570,0,3578,G
8-NS,133,1,1,3551,0,3553,G
8-NS,134,0,2,3427,0,3429,G
8-NS,135,3384,4,0,2,3390,A
8-NS,136,3406,0,2,0,3408,A
8-NS,137,0,1,3446,0,3447,G
8-NS,138,3533,0,8,0,3541,A
8-NS,139,1,1,3588,0,3590,G
8-NS,140,1,1,3571,0,3573,G
8-NS,141,0,3,1,3536,3540,C
8-NS,142,3552,0,3,0,3555,A
8-NS,143,3564,0,1,0,3565,A
8-NS,144,0,3566,0,1,3567,T
8-NS,145,3599,0,3,1,3603,A
8-NS,146,0,1,0,3660,3661,C
8-NS,147,0,3531,0,7,3538,T
8-NS,148,1,0,0,3541,3542,C
8-NS,149,0,3464,0,2,3466,T
8-NS,150,3,3,0,3523,3529,C
8-NS,151,0,4,3548,2,3554,G
8-NS,152,1,0,3769,0,3770,G
8-NS,153,2,3767,0,1,3770,T
8-NS,154,7,1,0,3771,3779,C
8-NS,155,0,3753,0,1,3754,T
8-NS,156,3783,2,5,0,3790,A
8-NS,157,1,5,3790,0,3796,G
8-NS,158,3796,0,1,0,3797,A
8-NS,159,0,0,0,3930,3930,C
8-NS,160,3827,1,21,0,3849,A
8-NS,161,0,3747,0,1,3748,T
8-NS,162,3,0,1,3750,3754,C
8-NS,163,3759,1,0,0,3760,A
8-NS,164,3751,0,1,0,3752,A
8-NS,165,3703,0,8,0,3711,A
8-NS,166,0,0,3723,0,3723,G
8-NS,167,0,1,0,3745,3746,C
8-NS,168,3668,2,1,0,3671,A
8-NS,169,2,3,3679,0,3684,G
8-NS,170,0,3,0,3667,3670,C
8-NS,171,2,1,0,3680,3683,C
8-NS,172,3724,1,2,1,3728,A
8-NS,173,0,0,0,3763,3763,C
8-NS,174,6,2,0,3765,3773,C
8-NS,175,6,0,0,3779,3785,C
8-NS,176,3840,0,0,0,3840,A
8-NS,177,1,3839,0,1,3841,T
8-NS,178,2,0,3857,0,3859,G
8-NS,179,1,3837,0,2,3840,T
8-NS,180,1,3809,1,5,3816,T
8-NS,181,1,3,3812,1,3817,G
8-NS,182,1,1,3775,0,3777,G
8-NS,183,3760,1,6,0,3767,A
8-NS,184,3761,0,0,1,3762,A
8-NS,185,3671,0,3,0,3674,A
8-NS,186,0,0,3715,0,3715,G
8-NS,187,2,1,0,3697,3700,C
8-NS,188,3684,0,0,0,3684,A
8-NS,189,3677,0,0,1,3678,A
8-NS,190,3678,0,2,0,3680,A
8-NS,191,0,3704,1,1,3706,T
8-NS,192,0,3689,0,1,3690,T
8-NS,193,0,0,3772,0,3772,G
8-NS,194,0,3769,1,4,3774,T
8-NS,195,3756,1,4,0,3761,A
8-NS,196,1,0,3762,0,3763,G
8-NS,197,3746,2,0,0,3748,A
8-NS,198,3746,0,0,0,3746,A
8-NS,199,3743,0,3,2,3748,A
8-NS,200,3714,0,4,0,3718,A
8-NS,201,0,0,3737,0,3737,G
8-NS,202,3695,0,0,0,3695,A
8-NS,203,0,3691,0,0,3691,T
8-NS,204,0,3693,1,0,3694,T
8-NS,205,4,0,0,3714,3718,C
8-NS,206,1,3703,0,2,3706,T
8-NS,207,0,1,3716,1,3718,G
8-NS,208,3722,2,0,1,3725,A
8-NS,209,3710,0,0,0,3710,A
8-NS,210,3693,0,3,0,3696,A
8-NS,211,0,2,3714,0,3716,G
8-NS,212,3705,0,0,0,3705,A
8-NS,213,3710,0,3,0,3713,A
8-NS,214,1,1,3743,0,3745,G
8-NS,215,3767,0,3,1,3771,A
8-NS,216,3781,0,8,0,3789,A
8-NS,217,0,3779,0,0,3779,T
8-NS,218,4,0,0,3824,3828,C
8-NS,219,0,3817,0,3,3820,T
8-NS,220,1,2,3840,0,3843,G
8-NS,221,3827,2,4,0,3833,A
8-NS,222,0,3841,0,0,3841,T
8-NS,223,0,0,3815,0,3815,G
8-NS,224,3761,1,2,1,3765,A
8-NS,225,1,4,3759,0,3764,G
8-NS,226,1,1,3759,0,3761,G
8-NS,227,0,2,0,3753,3755,C
8-NS,228,3763,0,12,0,3775,A
8-NS,229,1,1,0,3891,3893,C
8-NS,230,0,3887,0,3,3890,T
8-NS,231,0,3912,0,0,3912,T
8-NS,232,3940,0,2,0,3942,A
8-NS,233,3948,1,1,0,3950,A
8-NS,234,3925,0,1,0,3926,A
8-NS,235,3914,1,8,1,3924,A
8-NS,236,0,3912,1,2,3915,T
8-NS,237,0,2,3921,0,3923,G
8-NS,238,3902,0,0,0,3902,A
8-NS,239,0,0,0,3902,3902,C
8-NS,240,4,1,0,3870,3875,C
8-NS,241,3887,1,1,1,3890,A
8-NS,242,1,3887,1,2,3891,T
8-NS,243,2,4,3988,0,3994,G
8-NS,244,0,0,4041,0,4041,G
8-NS,245,1,4060,0,3,4064,T
8-NS,246,2,1,0,4305,4308,C
8-NS,247,0,4265,0,1,4266,T
8-NS,248,2,1,0,4339,4342,C
8-NS,249,1,2,1,4330,4334,C
8-NS,250,4362,0,8,0,4370,A
8-NS,251,3,0,0,4413,4416,C
8-NS,252,4315,0,2,0,4317,A
8-NS,253,0,0,1,4316,4317,C
8-NS,254,1,82,0,4179,4262,C
8-NS,255,1,4027,0,6,4034,T
8-NS,256,3,2,4028,1,4034,G
8-NS,257,1,1,0,4013,4015,C
8-NS,258,0,3962,0,4,3966,T
8-NS,259,0,3970,0,0,3970,T
8-NS,260,1,0,0,3938,3939,C
8-NS,261,3,1,3942,0,3946,G
8-NS,262,0,3,0,3941,3944,C
8-NS,263,3,1,3945,0,3949,G
8-NS,264,4199,1,5,1,4206,A
8-NS,265,0,4198,0,2,4200,T
8-NS,266,4349,0,0,0,4349,A
8-NS,267,0,1,1,4372,4374,C
8-NS,268,4362,1,2,0,4365,A
8-NS,269,0,4463,0,2,4465,T
8-NS,270,4433,1,3,0,4437,A
8-NS,271,4441,2,4,0,4447,A
8-NS,272,0,2,0,4458,4460,C
8-NS,273,0,4245,0,3,4248,T
8-NS,274,1,3,4308,0,4312,G
8-NS,275,4214,1,3,1,4219,A
8-NS,276,0,2,0,4253,4255,C
8-NS,277,4244,0,5,0,4249,A
8-NS,278,0,4183,0,6,4189,T
8-NS,279,0,5,4181,0,4186,G
8-NS,280,4164,1,7,0,4172,A
8-NS,281,1,3,0,4336,4340,C
8-NS,282,0,4306,0,2,4308,T
8-NS,283,4360,0,0,0,4360,A
8-NS,284,0,4359,0,2,4361,T
8-NS,285,2,4310,0,3,4315,T
8-NS,286,1,3,4303,1,4308,G
8-NS,287,4269,1,4,0,4274,A
8-NS,288,1,4,4267,0,4272,G
8-NS,289,1,3,4249,0,4253,G
8-NS,290,4135,0,0,0,4135,A
8-NS,291,4168,0,0,0,4168,A
8-NS,292,0,4075,0,1,4076,T
8-NS,293,1,4081,0,2,4084,T
8-NS,294,2,0,4144,0,4146,G
8-NS,295,0,4142,0,7,4149,T
8-NS,296,7,1,0,4145,4153,C
8-NS,297,4149,0,3,0,4152,A
8-NS,298,4150,0,2,0,4152,A
8-NS,299,0,1,4153,0,4154,G
8-NS,300,4186,1,2,0,4189,A
8-NS,301,4182,1,0,2,4185,A
8-NS,302,4192,1,0,0,4193,A
8-NS,303,1,0,0,4186,4187,C
8-NS,304,0,4116,0,0,4116,T
8-NS,305,1,1,4189,0,4191,G
8-NS,306,1,1,4220,0,4222,G
8-NS,307,1,4236,0,2,4239,T
8-NS,308,1,4217,1,6,4225,T
8-NS,309,3,0,2,4205,4210,C
8-NS,310,4235,0,1,0,4236,A
8-NS,311,1,4286,0,4,4291,T
8-NS,312,1,2,4330,0,4333,G
8-NS,313,1,4,0,4368,4373,C
8-NS,314,0,4291,0,6,4297,T
8-NS,315,4247,0,5,0,4252,A
8-NS,316,4352,1,1,0,4354,A
8-NS,317,0,4391,0,0,4391,T
8-NS,318,0,1,4393,0,4394,G
8-NS,319,0,0,0,4393,4393,C
8-NS,320,3,0,0,4301,4304,C
8-NS,321,3,2,1,4302,4308,C
8-NS,322,4292,0,2,1,4295,A
8-NS,323,4323,0,2,0,4325,A
8-NS,324,0,0,4349,0,4349,G
8-NS,325,0,2,0,4357,4359,C
8-NS,326,4352,1,2,0,4355,A
8-NS,327,2,4,4373,0,4379,G
8-NS,328,4351,2,3,0,4356,A
8-NS,329,4385,0,1,0,4386,A
8-NS,330,4378,1,7,3,4389,A
8-NS,331,2,0,4493,0,4495,G
8-NS,332,2,4451,0,2,4455,T
8-NS,333,2,4,4420,0,4426,G
8-NS,334,0,1,4441,0,4442,G
8-NS,335,4424,2,2,0,4428,A
8-NS,336,4412,0,4,0,4416,A
8-NS,337,1,4,4397,0,4402,G
8-NS,338,0,2,4439,0,4441,G
8-NS,339,4444,0,5,1,4450,A
8-NS,340,0,2,0,4429,4431,C
8-NS,341,0,1,0,4375,4376,C
8-NS,342,1,4357,0,2,4360,T
8-NS,343,0,1,0,4477,4478,C
8-NS,344,0,4453,0,3,4456,T
8-NS,345,0,4475,0,0,4475,T
8-NS,346,0,4461,0,1,4462,T
8-NS,347,0,3,4454,0,4457,G
8-NS,348,0,0,0,4516,4516,C
8-NS,349,4478,1,5,0,4484,A
8-NS,350,1,4453,0,6,4460,T
8-NS,351,0,7,0,4483,4490,C
8-NS,352,4502,1,3,0,4506,A
8-NS,353,1,2,4667,0,4670,G
8-NS,354,4646,0,0,7,4653,A
8-NS,355,4654,0,3,0,4657,A
8-NS,356,0,4651,0,0,4651,T
8-NS,357,0,3,4576,1,4580,G
8-NS,358,11,3,4612,0,4626,G
8-NS,359,4637,0,0,0,4637,A
8-NS,360,1,2,0,4619,4622,C
8-NS,361,2,1,0,4503,4506,C
8-NS,362,4380,1,4,2,4387,A
8-NS,363,1,3,4452,0,4456,G
8-NS,364,3,1,4446,0,4450,G
8-NS,365,2,0,0,4460,4462,C
8-NS,366,4432,0,0,0,4432,A
8-NS,367,4435,1,1,0,4437,A
8-NS,368,2,4422,0,0,4424,T
8-NS,369,3,1,0,4429,4433,C
8-NS,370,4431,0,1,0,4432,A
8-NS,371,0,4394,0,1,4395,T
8-NS,372,2,3,4338,0,4343,G
8-NS,373,0,3,4354,0,4357,G
8-NS,374,4306,0,7,0,4313,A
8-NS,375,0,0,4381,0,4381,G
8-NS,376,4315,1,0,0,4316,A
8-NS,377,4317,0,1,0,4318,A
8-NS,378,4323,0,1,0,4324,A
8-NS,379,4314,0,3,0,4317,A
8-NS,380,4354,0,10,2,4366,A
8-NS,381,0,0,0,4401,4401,C
8-NS,382,4366,2,4,0,4372,A
8-NS,383,1,4340,0,1,4342,T
8-NS,384,4,0,0,4311,4315,C
8-NS,385,4307,0,3,0,4310,A
8-NS,386,0,4327,0,0,4327,T
8-NS,387,1,0,4344,0,4345,G
8-NS,388,0,4346,0,2,4348,T
8-NS,389,1,4312,0,2,4315,T
8-NS,390,0,0,4307,5,4312,G
8-NS,391,4298,0,4,0,4302,A
8-NS,392,4290,0,3,1,4294,A
8-NS,393,4271,2,3,0,4276,A
8-NS,394,0,0,4307,1,4308,G
8-NS,395,0,2,0,4270,4272,C
8-NS,396,2,5,4293,1,4301,G
8-NS,397,4280,2,4,0,4286,A
8-NS,398,4296,4,0,0,4300,A
8-NS,399,1,4280,3,0,4284,T
8-NS,400,0,4287,0,9,4296,T
8-NS,401,4,4290,0,3,4297,T
8-NS,402,3,3,0,4310,4316,C
8-NS,403,4290,1,0,1,4292,A
8-NS,404,0,1,4306,1,4308,G
8-NS,405,0,4288,0,3,4291,T
8-NS,406,0,0,4296,0,4296,G
8-NS,407,2,4279,0,5,4286,T
8-NS,408,1,3,4301,0,4305,G
8-NS,409,4332,1,1,0,4334,A
8-NS,410,1,4312,2,2,4317,T
8-NS,411,1,4317,0,3,4321,T
8-NS,412,1,4314,1,3,4319,T
8-NS,413,0,4302,2,0,4304,T
8-NS,414,1,4310,1,2,4314,T
8-NS,415,4,6,4279,0,4289,G
8-NS,416,3,0,4220,0,4223,G
8-NS,417,1,7,0,4238,4246,C
8-NS,418,1,2,1,4258,4262,C
8-NS,419,0,2,4300,0,4302,G
8-NS,420,4489,0,0,0,4489,A
8-NS,421,0,1,0,4591,4592,C
8-NS,422,1,4602,0,4,4607,T
8-NS,423,4634,0,4,0,4638,A
8-NS,424,1,2,4631,0,4634,G
8-NS,425,4625,0,7,0,4632,A
8-NS,426,1,4,4677,0,4682,G
8-NS,427,4686,0,3,0,4689,A
8-NS,428,1,1,0,4866,4868,C
8-NS,429,1,1,0,4734,4736,C
8-NS,430,4614,1,2,0,4617,A
8-NS,431,0,4900,0,2,4902,T
8-NS,432,4891,0,4,0,4895,A
8-NS,433,1,0,5386,0,5387,G
8-NS,434,1,5357,0,2,5360,T
8-NS,435,5306,0,0,0,5306,A
8-NS,436,0,5296,0,3,5299,T
8-NS,437,0,5156,0,2,5158,T
8-NS,438,5333,1,2,0,5336,A
8-NS,439,0,0,1,5314,5315,C
8-NS,440,0,5024,0,4,5028,T
8-NS,441,5010,0,1,1,5012,A
8-NS,442,4507,1,1,0,4509,A
8-NS,443,1,5,4530,0,4536,G
8-NS,444,1,4,4500,0,4505,G
8-NS,445,1,0,4513,0,4514,G
8-NS,446,1,1,0,4471,4473,C
8-NS,447,2,4346,1,13,4362,T
8-NS,448,0,4360,0,3,4363,T
8-NS,449,1,4434,0,0,4435,T
8-NS,450,3,0,0,4456,4459,C
8-NS,451,4531,0,2,1,4534,A
8-NS,452,0,1,0,4545,4546,C
8-NS,453,3,3,0,4473,4479,C
8-NS,454,1,2,4490,0,4493,G
8-NS,455,4459,0,0,0,4459,A
8-NS,456,4454,8,1,0,4463,A
8-NS,457,0,2,4492,0,4494,G
8-NS,458,4424,2,4,0,4430,A
8-NS,459,0,3,4445,0,4448,G
8-NS,460,2,6,4335,0,4343,G
8-NS,461,3,7,4368,0,4378,G
8-NS,462,4349,0,11,0,4360,A
8-NS,463,2,1,4385,0,4388,G
8-NS,464,1,2,0,4362,4365,C
8-NS,465,4374,2,5,0,4381,A
8-NS,466,4377,0,2,0,4379,A
8-NS,467,1,4390,1,1,4393,T
8-NS,468,0,4353,1,1,4355,T
8-NS,469,1,1,4360,2,4364,G
8-NS,470,0,4310,0,2,4312,T
8-NS,471,1,4308,0,3,4312,T
8-NS,472,1,1,4294,0,4296,G
8-NS,473,3,1,4304,0,4308,G
8-NS,474,0,2,1,4305,4308,C
8-NS,475,2,4,4303,1,4310,G
8-NS,476,4320,2,1,0,4323,A
8-NS,477,4344,1,1,0,4346,A
8-NS,478,4363,0,0,0,4363,A
8-NS,479,0,4388,0,0,4388,T
8-NS,480,2,1,0,4388,4391,C
8-NS,481,0,4338,0,7,4345,T
8-NS,482,1,2,1,4379,4383,C
8-NS,483,4391,0,5,0,4396,A
8-NS,484,2,2,0,4414,4418,C
8-NS,485,3,3,0,4409,4415,C
8-NS,486,4381,0,2,0,4383,A
8-NS,487,1,4369,0,1,4371,T
8-NS,488,0,4331,0,2,4333,T
8-NS,489,4,1,4333,0,4338,G
8-NS,490,0,1,0,4323,4324,C
8-NS,491,2,0,0,4319,4321,C
8-NS,492,1,4328,0,4,4333,T
8-NS,493,1,4310,0,4,4315,T
8-NS,494,0,0,0,4349,4349,C
8-NS,495,0,4333,0,4,4337,T
8-NS,496,0,4336,1,0,4337,T
8-NS,497,0,4418,1,2,4421,T
8-NS,498,2,4396,0,1,4399,T
8-NS,499,2,0,0,4411,4413,C
8-NS,500,6,1,1,4387,4395,C
8-NS,501,4392,1,3,1,4397,A
8-NS,502,0,4,4454,0,4458,G
8-NS,503,2,5,4412,2,4421,G
8-NS,504,4537,2,1,1,4541,A
8-NS,505,1,1,0,4540,4542,C
8-NS,506,4594,0,1,0,4595,A
8-NS,507,1,4603,0,2,4606,T
8-NS,508,4623,0,2,0,4625,A
8-NS,509,0,1,0,5034,5035,C
8-NS,510,1,5024,0,1,5026,T
8-NS,511,5000,0,1,0,5001,A
8-NS,512,0,4979,0,4,4983,T
8-NS,513,0,4781,0,3,4784,T
8-NS,514,1,2,4763,0,4766,G
8-NS,515,4558,2,8,2,4570,A
8-NS,516,1,3,4601,0,4605,G
8-NS,517,0,0,4561,0,4561,G
8-NS,518,4088,2,0,2,4092,A
8-NS,519,1,4095,0,11,4107,T
8-NS,520,2,1,4163,0,4166,G
8-NS,521,2,4146,0,3,4151,T
8-NS,522,7,0,1,4155,4163,C
8-NS,523,4197,0,1,0,4198,A
8-NS,524,4191,1,2,0,4194,A
8-NS,525,4181,0,1,1,4183,A
8-NS,526,4157,0,0,1,4158,A
8-NS,527,4188,0,2,0,4190,A
8-NS,528,0,4179,0,2,4181,T
8-NS,529,2,0,4179,0,4181,G
8-NS,530,0,2,0,4210,4212,C
8-NS,531,4194,1,1,1,4197,A
8-NS,532,4252,0,3,0,4255,A
8-NS,533,0,4256,0,1,4257,T
8-NS,534,0,4272,3,2,4277,T
8-NS,535,1,1,4265,0,4267,G
8-NS,536,3,6,4225,0,4234,G
8-NS,537,83,1,4153,0,4237,G
8-NS,538,0,0,4289,0,4289,G
8-NS,539,1,4200,0,1,4202,T
8-NS,540,8,0,0,4254,4262,C
8-NS,541,1,1,0,4279,4281,C
8-NS,542,1,4256,1,7,4265,T
8-NS,543,0,0,0,4330,4330,C
8-NS,544,4308,8,3,0,4319,A
8-NS,545,1,4312,1,3,4317,T
8-NS,546,2,1,0,4329,4332,C
8-NS,547,1,5,4296,0,4302,G
8-NS,548,1,0,4301,0,4302,G
8-NS,549,4206,0,4,0,4210,A
8-NS,550,2,3,4217,0,4222,G
8-NS,551,0,2,4259,0,4261,G
8-NS,552,4187,1,2,1,4191,A
8-NS,553,1,0,0,4251,4252,C
8-NS,554,1,4235,0,5,4241,T
8-NS,555,1,4224,0,0,4225,T
8-NS,556,1,3,4280,0,4284,G
8-NS,557,4263,0,3,1,4267,A
8-NS,558,4273,0,3,0,4276,A
8-NS,559,0,4259,0,0,4259,T
8-NS,560,2,1,4149,0,4152,G
8-NS,561,2,0,4224,0,4226,G
8-NS,562,4140,1,0,0,4141,A
8-NS,563,4203,0,2,1,4206,A
8-NS,564,0,4403,0,0,4403,T
8-NS,565,0,3,4443,0,4446,G
8-NS,566,4466,0,3,0,4469,A
8-NS,567,0,4479,0,0,4479,T
8-NS,568,4455,1,6,1,4463,A
8-NS,569,4494,0,3,0,4497,A
8-NS,570,2,2,0,4436,4440,C
8-NS,571,4355,1,1,1,4358,A
8-NS,572,0,1,0,4388,4389,C
8-NS,573,4004,0,1,0,4005,A
8-NS,574,0,0,4091,0,4091,G
8-NS,575,0,4045,0,2,4047,T
8-NS,576,0,4036,0,3,4039,T
8-NS,577,5,0,1,4020,4026,C
8-NS,578,2,3,4004,0,4009,G
8-NS,579,3998,1,2,1,4002,A
8-NS,580,7,0,3999,0,4006,G
8-NS,581,0,3944,0,5,3949,T
8-NS,582,4,1,0,3965,3970,C
8-NS,583,2,3848,1,6,3857,T
8-NS,584,2,0,0,3927,3929,C
8-NS,585,0,3936,0,0,3936,T
8-NS,586,3941,0,1,0,3942,A
8-NS,587,3941,0,3,1,3945,A
8-NS,588,3925,0,1,1,3927,A
8-NS,589,3958,0,9,0,3967,A
8-NS,590,3987,2,0,0,3989,A
8-NS,591,0,3945,2,2,3949,T
8-NS,592,2,0,0,3985,3987,C
8-NS,593,0,3944,0,2,3946,T
8-NS,594,3974,0,0,0,3974,A
8-NS,595,1,0,1,3970,3972,C
8-NS,596,3965,0,2,0,3967,A
8-NS,597,0,1,3977,0,3978,G
8-NS,598,3870,2,1,0,3873,A
8-NS,599,1,3,3929,0,3933,G
8-NS,600,3913,0,0,0,3913,A
8-NS,601,0,3849,0,3,3852,T
8-NS,602,3,3865,0,1,3869,T
8-NS,603,2,0,0,3876,3878,C
8-NS,604,1,1,3881,0,3883,G
8-NS,605,0,0,0,3888,3888,C
8-NS,606,0,3871,0,2,3873,T
8-NS,607,0,3902,0,1,3903,T
8-NS,608,1,0,3872,0,3873,G
8-NS,609,0,1,3889,0,3890,G
8-NS,610,3869,0,4,0,3873,A
8-NS,611,1,1,3891,0,3893,G
8-NS,612,3874,1,1,0,3876,A
8-NS,613,3836,0,5,0,3841,A
8-NS,614,0,0,3930,0,3930,G
8-NS,615,1,1,0,3938,3940,C
8-NS,616,3948,0,2,0,3950,A
8-NS,617,1,0,4057,0,4058,G
8-NS,618,0,4015,0,0,4015,T
8-NS,619,4048,0,2,0,4050,A
8-NS,620,4056,0,0,0,4056,A
8-NS,621,0,4029,0,2,4031,T
8-NS,622,0,5,4063,0,4068,G
8-NS,623,3876,0,2,0,3878,A
8-NS,624,0,3,3966,0,3969,G
8-NS,625,3933,0,6,0,3939,A
8-NS,626,3763,0,1,1,3765,A
8-NS,627,0,3767,0,1,3768,T
8-NS,628,0,6,3716,0,3722,G
8-NS,629,1,7,3709,0,3717,G
8-NS,630,2,3,3699,0,3704,G
8-NS,631,2,1,3683,1,3687,G
8-NS,632,1,1,3695,0,3697,G
8-NS,633,3613,0,2,0,3615,A
8-NS,634,1,1,0,3635,3637,C
8-NS,635,4,0,0,3649,3653,C
8-NS,636,1,3580,1,16,3598,T
8-NS,637,0,1,1,3622,3624,C
8-NS,638,5,0,0,3628,3633,C
8-NS,639,3655,0,2,0,3657,A
8-NS,640,0,0,0,3651,3651,C
8-NS,641,0,3572,0,6,3578,T
8-NS,642,0,3575,1,1,3577,T
8-NS,643,3475,0,3,0,3478,A
8-NS,644,0,0,0,3524,3524,C
8-NS,645,0,3481,0,3,3484,T
8-NS,646,1,3,0,3472,3476,C
8-NS,647,1,2,1,3437,3441,C
8-NS,648,3437,0,0,0,3437,A
8-NS,649,3433,0,1,0,3434,A
8-NS,650,3430,0,5,0,3435,A
8-NS,651,3440,0,1,1,3442,A
8-NS,652,0,1,0,3448,3449,C
8-NS,653,3326,0,1,0,3327,A
8-NS,654,0,1,3344,0,3345,G
8-NS,655,3328,0,3,0,3331,A
8-NS,656,3329,1,5,0,3335,A
8-NS,657,3346,1,1,0,3348,A
8-NS,658,0,2,0,3349,3351,C
8-NS,659,1,4,3344,0,3349,G
8-NS,660,1,4,3351,1,3357,G
8-NS,661,0,0,3356,0,3356,G
8-NS,662,3350,0,0,0,3350,A
8-NS,663,3325,0,4,0,3329,A
8-NS,664,3330,0,7,0,3337,A
8-NS,665,0,3321,0,1,3322,T
8-NS,666,0,4,3360,0,3364,G
8-NS,667,0,2,3358,0,3360,G
8-NS,668,2,1,0,3303,3306,C
8-NS,669,1,2,3312,0,3315,G
8-NS,670,3284,1,3,0,3288,A
8-NS,671,1,5,3320,0,3326,G
8-NS,672,3319,0,0,2,3321,A
8-NS,673,3318,0,0,0,3318,A
8-NS,674,1,1,0,3347,3349,C
8-NS,675,3261,0,2,0,3263,A
8-NS,676,0,0,3259,0,3259,G
8-NS,677,0,3,0,3244,3247,C
8-NS,678,0,3238,0,3,3241,T
8-NS,679,3243,0,1,0,3244,A
8-NS,680,0,0,3222,0,3222,G
8-NS,681,2,0,3229,0,3231,G
8-NS,682,0,3215,0,5,3220,T
8-NS,683,2,1,0,3155,3158,C
8-NS,684,3183,0,0,0,3183,A
8-NS,685,3178,0,0,0,3178,A
8-NS,686,3169,0,0,1,3170,A
8-NS,687,3204,0,3,0,3207,A
8-NS,688,1,0,3223,0,3224,G
8-NS,689,0,3122,0,3,3125,T
8-NS,690,0,3122,1,0,3123,T
8-NS,691,0,3121,0,1,3122,T
8-NS,692,0,2,3140,0,3142,G
8-NS,693,3129,0,3,0,3132,A
8-NS,694,3135,0,1,0,3136,A
8-NS,695,1,3,3157,0,3161,G
8-NS,696,3086,0,1,0,3087,A
8-NS,697,0,1,3126,0,3127,G
8-NS,698,3118,1,1,0,3120,A
8-NS,699,0,3132,0,0,3132,T
8-NS,700,3118,0,5,0,3123,A
8-NS,701,3115,2,3,0,3120,A
8-NS,702,1,0,3116,0,3117,G
8-NS,703,2872,0,5,0,2877,A
8-NS,704,0,2894,0,0,2894,T
8-NS,705,0,1,2913,0,2914,G
8-NS,706,0,0,2924,0,2924,G
8-NS,707,1,1,0,2908,2910,C
8-NS,708,0,2901,0,3,2904,T
8-NS,709,2923,0,0,0,2923,A
8-NS,710,2916,0,1,0,2917,A
8-NS,711,0,2921,1,0,2922,T
8-NS,712,0,2927,1,0,2928,T
8-NS,713,0,1,2943,0,2944,G
8-NS,714,2887,0,1,0,2888,A
8-NS,715,2885,0,3,0,2888,A
8-NS,716,1,0,2894,0,2895,G
8-NS,717,2894,1,0,0,2895,A
8-NS,718,2849,0,3,0,2852,A
8-NS,719,1,0,2885,0,2886,G
8-NS,720,2,2819,0,3,2824,T
8-NS,721,2,2,2820,0,2824,G
8-NS,722,2789,0,3,0,2792,A
8-NS,723,1,0,2809,0,2810,G
8-NS,724,2816,1,8,0,2825,A
8-NS,725,0,0,0,2802,2802,C
8-NS,726,2783,0,2,0,2785,A
8-NS,727,0,1,0,2789,2790,C
8-NS,728,2640,1,2,0,2643,A
8-NS,729,0,1,2781,0,2782,G
8-NS,730,2780,0,0,0,2780,A
8-NS,731,1,2742,0,0,2743,T
8-NS,732,1,2733,0,0,2734,T
8-NS,733,2740,0,0,0,2740,A
8-NS,734,2726,0,1,0,2727,A
8-NS,735,0,3,2373,0,2376,G
8-NS,736,2364,0,3,0,2367,A
8-NS,737,2384,0,0,0,2384,A
8-NS,738,0,0,0,2377,2377,C
8-NS,739,2284,0,3,1,2288,A
8-NS,740,2312,0,1,0,2313,A
8-NS,741,0,0,0,2305,2305,C
8-NS,742,0,2295,0,1,2296,T
8-NS,743,4,1,2310,0,2315,G
8-NS,744,2292,1,2,0,2295,A
8-NS,745,2295,0,1,0,2296,A
8-NS,746,2290,0,1,0,2291,A
8-NS,747,2254,0,0,0,2254,A
8-NS,748,0,2238,0,1,2239,T
8-NS,749,2174,0,0,0,2174,A
8-NS,750,0,1,2186,0,2187,G
8-NS,751,1,0,0,2182,2183,C
8-NS,752,0,2135,0,0,2135,T
8-NS,753,0,2136,0,1,2137,T
8-NS,754,0,2126,0,0,2126,T
8-NS,755,0,4,2130,0,2134,G
8-NS,756,2134,0,0,0,2134,A
8-NS,757,2136,0,0,0,2136,A
8-NS,758,0,1,0,2142,2143,C
8-NS,759,2092,1,0,0,2093,A
8-NS,760,2095,0,2,2,2099,A
8-NS,761,2100,1,0,0,2101,A
8-NS,762,0,2095,0,1,2096,T
8-NS,763,2098,0,1,0,2099,A
8-NS,764,2067,0,0,0,2067,A
8-NS,765,0,0,0,2067,2067,C
8-NS,766,2067,0,0,0,2067,A
8-NS,767,0,2026,0,0,2026,T
8-NS,768,0,1996,0,3,1999,T
8-NS,769,1,0,0,1983,1984,C
8-NS,770,1970,0,0,0,1970,A
8-NS,771,0,1958,0,0,1958,T
8-NS,772,0,0,1958,0,1958,G
8-NS,773,0,0,0,1920,1920,C
8-NS,774,1895,0,1,0,1896,A
8-NS,775,1891,0,5,0,1896,A
8-NS,776,1,1,1885,0,1887,G
8-NS,777,0,2,0,1928,1930,C
8-NS,778,1911,0,0,0,1911,A
8-NS,779,0,1912,0,1,1913,T
8-NS,780,0,1913,0,1,1914,T
8-NS,781,1912,0,2,0,1914,A
8-NS,782,0,2,0,1907,1909,C
8-NS,783,1887,0,2,0,1889,A
8-NS,784,1869,0,1,0,1870,A
8-NS,785,1,0,0,1858,1859,C
8-NS,786,0,1585,0,0,1585,T
8-NS,787,1,0,1582,0,1583,G
8-NS,788,0,0,0,1551,1551,C
8-NS,789,0,1505,0,0,1505,T
8-NS,790,0,0,1512,0,1512,G
8-NS,791,0,1475,0,3,1478,T
8-NS,792,0,1471,0,0,1471,T
8-NS,793,0,1474,0,2,1476,T
8-NS,794,0,0,1456,0,1456,G
8-NS,795,1459,0,0,0,1459,A
8-NS,796,1427,1,0,0,1428,A
8-NS,797,0,0,1424,0,1424,G
8-NS,798,0,1398,0,0,1398,T
8-NS,799,0,0,1315,0,1315,G
8-NS,800,0,0,1333,0,1333,G
8-NS,801,1332,0,2,0,1334,A
8-NS,802,1332,1,1,0,1334,A
8-NS,803,0,0,0,1328,1328,C
8-NS,804,1289,0,2,0,1291,A
8-NS,805,1,1,1291,0,1293,G
8-NS,806,0,0,1266,0,1266,G
8-NS,807,1236,0,2,0,1238,A
8-NS,808,0,0,1254,0,1254,G
8-NS,809,1028,0,1,0,1029,A
8-NS,810,0,1033,0,0,1033,T
8-NS,811,1029,0,0,0,1029,A
8-NS,812,1024,0,1,0,1025,A
8-NS,813,0,0,1022,0,1022,G
8-NS,814,916,0,0,0,916,A
8-NS,815,909,0,0,0,909,A
8-NS,816,0,2,0,897,899,C
8-NS,817,0,769,0,1,770,T
8-NS,818,0,758,1,0,759,T
8-NS,819,0,754,0,3,757,T
8-NS,820,0,0,0,765,765,C
8-NS,821,0,750,1,0,751,T
8-NS,822,0,0,0,749,749,C
8-NS,823,734,0,0,0,734,A
8-NS,824,0,728,0,1,729,T
8-NS,825,0,715,0,1,716,T
8-NS,826,2,707,0,0,709,T
8-NS,827,0,0,0,712,712,C
8-NS,828,680,2,1,0,683,A
8-NS,829,0,0,678,0,678,G
8-NS,830,2,0,0,673,675,C
8-NS,831,0,616,0,0,616,T
8-NS,832,0,615,0,0,615,T
8-NS,833,598,0,0,0,598,A
8-NS,834,0,593,0,0,593,T
8-NS,835,0,591,0,0,591,T
8-NS,836,0,594,0,0,594,T
8-NS,837,571,0,0,0,571,A
8-NS,838,556,0,0,0,556,A
8-NS,839,0,543,0,0,543,T
8-NS,840,0,0,544,0,544,G
8-NS,841,520,0,0,0,520,A
8-NS,842,1,467,0,0,468,T
8-NS,843,462,0,1,0,463,A
8-NS,844,463,0,0,0,463,A
8-NS,845,461,0,0,0,461,A
8-NS,846,460,0,0,0,460,A
8-NS,847,453,0,1,0,454,A
8-NS,848,444,0,1,0,445,A
8-NS,849,0,0,0,444,444,C
8-NS,850,370,0,0,0,370,A
8-NS,851,0,0,0,369,369,C
8-NS,852,0,0,0,354,354,C
8-NS,853,1,0,0,340,341,C
8-NS,854,0,322,0,0,322,T
8-NS,855,0,311,0,0,311,T
8-NS,856,0,0,309,0,309,G
8-NS,857,0,293,1,0,294,T
8-NS,858,0,290,0,0,290,T
8-NS,859,0,281,0,0,281,T
8-NS,860,0,0,1,113,114,C
8-NS,861,0,83,0,0,83,T
8-NS,862,76,0,0,0,76,A
8-NS,863,0,0,0,76,76,C
