Gene,Position,A,T,G,C,Coverage,Consensus
1-PB2,1,347,0,0,0,347,A
1-PB2,2,0,349,0,0,349,T
1-PB2,3,0,0,356,0,356,G
1-PB2,4,0,0,357,0,357,G
1-PB2,5,355,0,0,0,355,A
1-PB2,6,355,0,0,0,355,A
1-PB2,7,356,0,0,0,356,A
1-PB2,8,0,1,395,0,396,G
1-PB2,9,395,0,0,0,395,A
1-PB2,10,394,1,0,0,395,A
1-PB2,11,0,408,1,0,409,T
1-PB2,12,410,0,0,0,410,A
1-PB2,13,407,0,1,0,408,A
1-PB2,14,412,0,1,0,413,A
1-PB2,15,413,0,1,0,414,A
1-PB2,16,0,0,427,0,427,G
1-PB2,17,428,0,0,0,428,A
1-PB2,18,433,0,0,0,433,A
1-PB2,19,0,0,0,442,442,C
1-PB2,20,0,444,0,0,444,T
1-PB2,21,451,0,1,0,452,A
1-PB2,22,0,0,0,449,449,C
1-PB2,23,0,1,450,0,451,G
1-PB2,24,0,0,460,0,460,G
1-PB2,25,458,0,0,0,458,A
1-PB2,26,473,0,0,0,473,A
1-PB2,27,0,474,0,0,474,T
1-PB2,28,1,0,0,478,479,C
1-PB2,29,0,477,0,0,477,T
1-PB2,30,0,0,481,0,481,G
1-PB2,31,486,0,1,0,487,A
1-PB2,32,0,491,0,0,491,T
1-PB2,33,0,0,493,0,493,G
1-PB2,34,0,497,0,2,499,T
1-PB2,35,0,40,0,459,499,C
1-PB2,36,0,0,503,0,503,G
1-PB2,37,0,0,0,505,505,C
1-PB2,38,505,0,1,0,506,A
1-PB2,39,0,0,538,0,538,G
1-PB2,40,0,540,0,1,541,T
1-PB2,41,0,0,0,542,542,C
1-PB2,42,0,542,0,1,543,T
1-PB2,43,0,1,0,540,541,C
1-PB2,44,0,2,538,0,540,G
1-PB2,45,1,0,0,542,543,C
1-PB2,46,542,0,0,0,542,A
1-PB2,47,0,0,0,552,552,C
1-PB2,48,0,553,0,1,554,T
1-PB2,49,0,1,0,569,570,C
1-PB2,50,0,0,575,0,575,G
1-PB2,51,1,0,0,574,575,C
1-PB2,52,0,0,575,0,575,G
1-PB2,53,575,0,2,0,577,A
1-PB2,54,0,0,581,0,581,G
1-PB2,55,594,0,0,0,594,A
1-PB2,56,0,592,0,0,592,T
1-PB2,57,595,0,0,0,595,A
1-PB2,58,1,0,0,592,593,C
1-PB2,59,0,589,0,1,590,T
1-PB2,60,0,0,598,0,598,G
1-PB2,61,600,0,1,0,601,A
1-PB2,62,0,0,0,608,608,C
1-PB2,63,611,0,0,0,611,A
1-PB2,64,609,0,0,0,609,A
1-PB2,65,619,0,1,0,620,A
1-PB2,66,624,0,1,0,625,A
1-PB2,67,627,1,1,0,629,A
1-PB2,68,0,0,0,637,637,C
1-PB2,69,0,0,0,635,635,C
1-PB2,70,664,0,1,0,665,A
1-PB2,71,0,0,0,674,674,C
1-PB2,72,672,0,0,0,672,A
1-PB2,73,0,2,696,0,698,G
1-PB2,74,0,695,0,0,695,T
1-PB2,75,0,0,720,0,720,G
1-PB2,76,0,1,726,0,727,G
1-PB2,77,726,0,2,0,728,A
1-PB2,78,0,0,0,755,755,C
1-PB2,79,0,0,0,752,752,C
1-PB2,80,770,0,1,0,771,A
1-PB2,81,1,771,0,0,772,T
1-PB2,82,761,0,0,0,761,A
1-PB2,83,0,759,0,0,759,T
1-PB2,84,0,0,745,0,745,G
1-PB2,85,1,0,744,0,745,G
1-PB2,86,1,0,0,747,748,C
1-PB2,87,0,0,0,734,734,C
1-PB2,88,736,0,0,0,736,A
1-PB2,89,0,749,0,1,750,T
1-PB2,90,752,0,0,0,752,A
1-PB2,91,777,1,0,0,778,A
1-PB2,92,0,780,0,0,780,T
1-PB2,93,0,772,1,1,774,T
1-PB2,94,773,0,0,0,773,A
1-PB2,95,773,0,0,0,773,A
1-PB2,96,759,0,0,0,759,A
1-PB2,97,781,0,0,0,781,A
1-PB2,98,781,0,0,0,781,A
1-PB2,99,0,2,801,0,803,G
1-PB2,100,0,801,0,1,802,T
1-PB2,101,801,0,1,0,802,A
1-PB2,102,0,0,0,806,806,C
1-PB2,103,809,0,2,0,811,A
1-PB2,104,0,2,0,838,840,C
1-PB2,105,842,0,0,0,842,A
1-PB2,106,0,846,0,1,847,T
1-PB2,107,0,0,0,850,850,C
1-PB2,108,10,1,832,0,843,G
1-PB2,109,0,2,843,0,845,G
1-PB2,110,0,2,847,0,849,G
1-PB2,111,0,2,847,0,849,G
1-PB2,112,845,0,0,0,845,A
1-PB2,113,0,1,843,0,844,G
1-PB2,114,840,0,0,0,840,A
1-PB2,115,0,0,0,846,846,C
1-PB2,116,839,0,1,0,840,A
1-PB2,117,0,0,857,0,857,G
1-PB2,118,0,1,878,0,879,G
1-PB2,119,875,0,2,0,877,A
1-PB2,120,875,0,1,0,876,A
1-PB2,121,874,0,1,0,875,A
1-PB2,122,873,0,1,0,874,A
1-PB2,123,0,1,881,0,882,G
1-PB2,124,872,0,1,0,873,A
1-PB2,125,880,0,1,0,881,A
1-PB2,126,1,0,0,878,879,C
1-PB2,127,3,0,0,872,875,C
1-PB2,128,1,0,0,868,869,C
1-PB2,129,0,2,870,0,872,G
1-PB2,130,1,870,0,2,873,T
1-PB2,131,1,0,0,877,878,C
1-PB2,132,890,0,0,0,890,A
1-PB2,133,2,0,0,895,897,C
1-PB2,134,0,894,0,0,894,T
1-PB2,135,0,894,0,0,894,T
1-PB2,136,897,0,0,0,897,A
1-PB2,137,0,1,909,1,911,G
1-PB2,138,0,2,900,0,902,G
1-PB2,139,897,0,4,0,901,A
1-PB2,140,0,902,0,0,902,T
1-PB2,141,0,0,911,0,911,G
1-PB2,142,920,0,0,0,920,A
1-PB2,143,922,0,1,0,923,A
1-PB2,144,922,0,3,0,925,A
1-PB2,145,0,925,0,0,925,T
1-PB2,146,0,1,931,0,932,G
1-PB2,147,0,1,936,0,937,G
1-PB2,148,934,0,0,0,934,A
1-PB2,149,0,938,0,1,939,T
1-PB2,150,0,0,930,0,930,G
1-PB2,151,921,0,3,0,924,A
1-PB2,152,1,921,0,0,922,T
1-PB2,153,0,0,925,0,925,G
1-PB2,154,1,0,926,0,927,G
1-PB2,155,0,0,0,928,928,C
1-PB2,156,917,0,0,0,917,A
1-PB2,157,927,0,0,0,927,A
1-PB2,158,0,930,0,0,930,T
1-PB2,159,0,0,961,0,961,G
1-PB2,160,958,1,0,0,959,A
1-PB2,161,958,0,0,0,958,A
1-PB2,162,967,2,0,0,969,A
1-PB2,163,0,972,0,0,972,T
1-PB2,164,976,1,1,0,978,A
1-PB2,165,0,0,0,999,999,C
1-PB2,166,2,0,0,992,994,C
1-PB2,167,3,2,0,993,998,C
1-PB2,168,999,0,0,0,999,A
1-PB2,169,998,0,1,0,999,A
1-PB2,170,0,1003,0,0,1003,T
1-PB2,171,1,0,0,1002,1003,C
1-PB2,172,1000,0,0,0,1000,A
1-PB2,173,1,0,0,1018,1019,C
1-PB2,174,0,1003,0,0,1003,T
1-PB2,175,0,0,1003,0,1003,G
1-PB2,176,0,0,0,1003,1003,C
1-PB2,177,1,998,0,1,1000,T
1-PB2,178,0,1,1005,1,1007,G
1-PB2,179,1006,0,1,0,1007,A
1-PB2,180,1,0,0,1014,1015,C
1-PB2,181,1015,0,1,0,1016,A
1-PB2,182,1002,0,0,0,1002,A
1-PB2,183,1005,0,1,0,1006,A
1-PB2,184,1001,0,0,0,1001,A
1-PB2,185,1,2,1022,0,1025,G
1-PB2,186,0,1,1026,0,1027,G
1-PB2,187,1018,1,1,0,1020,A
1-PB2,188,0,1026,0,0,1026,T
1-PB2,189,1023,0,0,0,1023,A
1-PB2,190,1025,0,1,0,1026,A
1-PB2,191,0,0,0,1039,1039,C
1-PB2,192,1034,0,3,0,1037,A
1-PB2,193,0,0,1043,0,1043,G
1-PB2,194,1028,0,0,0,1028,A
1-PB2,195,1028,0,0,0,1028,A
1-PB2,196,1029,0,0,0,1029,A
1-PB2,197,0,1023,0,0,1023,T
1-PB2,198,0,0,1025,0,1025,G
1-PB2,199,0,0,1031,0,1031,G
1-PB2,200,0,1025,0,0,1025,T
1-PB2,201,0,1022,0,0,1022,T
1-PB2,202,0,1,0,1020,1021,C
1-PB2,203,0,0,0,1020,1020,C
1-PB2,204,0,2,1022,0,1024,G
1-PB2,205,0,3,1016,0,1019,G
1-PB2,206,1024,0,0,0,1024,A
1-PB2,207,0,0,1030,0,1030,G
1-PB2,208,1016,0,2,0,1018,A
1-PB2,209,1,0,1030,1,1032,G
1-PB2,210,1032,0,1,0,1033,A
1-PB2,211,1033,0,0,0,1033,A
1-PB2,212,1032,0,1,0,1033,A
1-PB2,213,0,1027,0,0,1027,T
1-PB2,214,0,2,1044,0,1046,G
1-PB2,215,1052,0,1,0,1053,A
1-PB2,216,1051,0,2,0,1053,A
1-PB2,217,0,1,0,1051,1052,C
1-PB2,218,1042,1,0,0,1043,A
1-PB2,219,1041,0,2,0,1043,A
1-PB2,220,0,0,1066,0,1066,G
1-PB2,221,1,1,1075,0,1077,G
1-PB2,222,1073,1,1,1,1076,A
1-PB2,223,1,0,0,1068,1069,C
1-PB2,224,1065,0,0,0,1065,A
1-PB2,225,1070,1,1,0,1072,A
1-PB2,226,1073,0,0,0,1073,A
1-PB2,227,1,0,0,1068,1069,C
1-PB2,228,3,0,0,1032,1035,C
1-PB2,229,0,0,0,1111,1111,C
1-PB2,230,1,1110,0,0,1111,T
1-PB2,231,1118,0,0,0,1118,A
1-PB2,232,0,1114,0,0,1114,T
1-PB2,233,0,1,1119,0,1120,G
1-PB2,234,0,2,1154,0,1156,G
1-PB2,235,1108,0,0,0,1108,A
1-PB2,236,0,1,1116,0,1117,G
1-PB2,237,0,1115,0,0,1115,T
1-PB2,238,1112,0,0,0,1112,A
1-PB2,239,1118,0,0,0,1118,A
1-PB2,240,1115,0,0,0,1115,A
1-PB2,241,1114,0,1,1,1116,A
1-PB2,242,0,1108,0,1,1109,T
1-PB2,243,0,0,1100,0,1100,G
1-PB2,244,1081,0,0,0,1081,A
1-PB2,245,0,3,1082,0,1085,G
1-PB2,246,0,1076,0,2,1078,T
1-PB2,247,1,1,1078,0,1080,G
1-PB2,248,1096,0,2,0,1098,A
1-PB2,249,0,1102,0,0,1102,T
1-PB2,250,1,0,1097,0,1098,G
1-PB2,251,1,0,0,1100,1101,C
1-PB2,252,0,1097,0,1,1098,T
1-PB2,253,0,5,1132,0,1137,G
1-PB2,254,1,2,1132,0,1135,G
1-PB2,255,1142,0,10,0,1152,A
1-PB2,256,0,1150,0,0,1150,T
1-PB2,257,1,1,0,1141,1143,C
1-PB2,258,1149,0,0,0,1149,A
1-PB2,259,0,3,1171,0,1174,G
1-PB2,260,1178,0,1,0,1179,A
1-PB2,261,1,1175,0,0,1176,T
1-PB2,262,1153,0,1,0,1154,A
1-PB2,263,0,0,1174,0,1174,G
1-PB2,264,1168,0,3,0,1171,A
1-PB2,265,0,1,1190,0,1191,G
1-PB2,266,0,1163,0,1,1164,T
1-PB2,267,0,0,1151,0,1151,G
1-PB2,268,1132,0,0,0,1132,A
1-PB2,269,1,1136,0,0,1137,T
1-PB2,270,0,4,1159,0,1163,G
1-PB2,271,0,1,1183,0,1184,G
1-PB2,272,0,1162,0,2,1164,T
1-PB2,273,1163,0,1,0,1164,A
1-PB2,274,0,1142,1,4,1147,T
1-PB2,275,2,0,0,1145,1147,C
1-PB2,276,1160,0,0,0,1160,A
1-PB2,277,3,0,0,1174,1177,C
1-PB2,278,3,10,0,1166,1179,C
1-PB2,279,0,1162,0,0,1162,T
1-PB2,280,0,1157,0,0,1157,T
1-PB2,281,0,1153,0,0,1153,T
1-PB2,282,0,2,1159,1,1162,G
1-PB2,283,1,1,1159,0,1161,G
1-PB2,284,1,0,0,1173,1174,C
1-PB2,285,0,1154,0,1,1155,T
1-PB2,286,0,0,1168,0,1168,G
1-PB2,287,0,1171,0,1,1172,T
1-PB2,288,1172,0,1,0,1173,A
1-PB2,289,1182,0,0,0,1182,A
1-PB2,290,2,1,0,1177,1180,C
1-PB2,291,1164,0,1,0,1165,A
1-PB2,292,1,1160,0,0,1161,T
1-PB2,293,0,2,1145,0,1147,G
1-PB2,294,0,1,1172,0,1173,G
1-PB2,295,0,1168,0,0,1168,T
1-PB2,296,0,2,1159,0,1161,G
1-PB2,297,1,0,1182,0,1183,G
1-PB2,298,1182,0,1,0,1183,A
1-PB2,299,1184,0,1,0,1185,A
1-PB2,300,0,1187,0,0,1187,T
1-PB2,301,1176,0,2,0,1178,A
1-PB2,302,0,1,1198,0,1199,G
1-PB2,303,1193,0,0,0,1193,A
1-PB2,304,1191,0,1,0,1192,A
1-PB2,305,1192,0,1,1,1194,A
1-PB2,306,0,1177,0,0,1177,T
1-PB2,307,0,2,1172,0,1174,G
1-PB2,308,0,2,1173,0,1175,G
1-PB2,309,1177,0,3,0,1180,A
1-PB2,310,1,0,0,1178,1179,C
1-PB2,311,2,0,0,1163,1165,C
1-PB2,312,3,2,0,1158,1163,C
1-PB2,313,0,0,1172,0,1172,G
1-PB2,314,0,1175,0,1,1176,T
1-PB2,315,0,0,1203,1,1204,G
1-PB2,316,1203,0,1,0,1204,A
1-PB2,317,1,0,0,1202,1203,C
1-PB2,318,1208,0,0,0,1208,A
1-PB2,319,1200,0,1,0,1201,A
1-PB2,320,0,2,1251,0,1253,G
1-PB2,321,0,1246,0,0,1246,T
1-PB2,322,1243,0,0,0,1243,A
1-PB2,323,1,1,0,1236,1238,C
1-PB2,324,0,2,1215,0,1217,G
1-PB2,325,0,0,1257,0,1257,G
1-PB2,326,0,1235,0,16,1251,T
1-PB2,327,1,0,0,1267,1268,C
1-PB2,328,3,0,0,1258,1261,C
1-PB2,329,1227,0,1,0,1228,A
1-PB2,330,1,1233,0,0,1234,T
1-PB2,331,0,1229,0,0,1229,T
1-PB2,332,1301,0,2,0,1303,A
1-PB2,333,1,0,0,1302,1303,C
1-PB2,334,1,0,0,1268,1269,C
1-PB2,335,1,0,0,1268,1269,C
1-PB2,336,1262,0,1,0,1263,A
1-PB2,337,1262,0,0,0,1262,A
1-PB2,338,1268,0,0,0,1268,A
1-PB2,339,1269,0,0,0,1269,A
1-PB2,340,0,0,1291,0,1291,G
1-PB2,341,0,1234,0,0,1234,T
1-PB2,342,1,0,1260,0,1261,G
1-PB2,343,1,1258,0,0,1259,T
1-PB2,344,1257,0,2,0,1259,A
1-PB2,345,0,0,0,1259,1259,C
1-PB2,346,1249,0,0,0,1249,A
1-PB2,347,1249,0,1,0,1250,A
1-PB2,348,0,1,1256,0,1257,G
1-PB2,349,1237,2,0,0,1239,A
1-PB2,350,0,0,0,1237,1237,C
1-PB2,351,1,1205,0,2,1208,T
1-PB2,352,0,1220,1,2,1223,T
1-PB2,353,1223,0,0,0,1223,A
1-PB2,354,0,1221,0,0,1221,T
1-PB2,355,0,1220,0,0,1220,T
1-PB2,356,0,1220,0,0,1220,T
1-PB2,357,1,0,0,1213,1214,C
1-PB2,358,1,0,1212,0,1213,G
1-PB2,359,1213,0,1,0,1214,A
1-PB2,360,0,0,0,1209,1209,C
1-PB2,361,1205,0,1,0,1206,A
1-PB2,362,1213,0,0,0,1213,A
1-PB2,363,1205,0,1,0,1206,A
1-PB2,364,0,0,1223,0,1223,G
1-PB2,365,1,1225,0,1,1227,T
1-PB2,366,0,1,0,1223,1224,C
1-PB2,367,1,2,1223,0,1226,G
1-PB2,368,1225,0,0,0,1225,A
1-PB2,369,1219,0,1,0,1220,A
1-PB2,370,1221,0,2,0,1223,A
1-PB2,371,0,1,1256,0,1257,G
1-PB2,372,0,0,1262,0,1262,G
1-PB2,373,0,1244,0,1,1245,T
1-PB2,374,1,1244,0,1,1246,T
1-PB2,375,1246,0,0,0,1246,A
1-PB2,376,1242,0,1,0,1243,A
1-PB2,377,1244,0,0,0,1244,A
1-PB2,378,1245,0,3,0,1248,A
1-PB2,379,1,1,0,1260,1262,C
1-PB2,380,1247,0,0,0,1247,A
1-PB2,381,0,1239,0,0,1239,T
1-PB2,382,2,3,1230,0,1235,G
1-PB2,383,0,1,1239,0,1240,G
1-PB2,384,1240,0,0,0,1240,A
1-PB2,385,1244,0,2,0,1246,A
1-PB2,386,0,0,0,1279,1279,C
1-PB2,387,1,0,0,1283,1284,C
1-PB2,388,0,1271,0,3,1274,T
1-PB2,389,1,1272,0,1,1274,T
1-PB2,390,0,1274,1,1,1276,T
1-PB2,391,1,2,1267,0,1270,G
1-PB2,392,0,1,1275,0,1276,G
1-PB2,393,1,2,0,1267,1270,C
1-PB2,394,3,0,0,1259,1262,C
1-PB2,395,2,0,0,1260,1262,C
1-PB2,396,0,1216,0,1,1217,T
1-PB2,397,0,0,1234,1,1235,G
1-PB2,398,0,1231,0,4,1235,T
1-PB2,399,0,1233,0,2,1235,T
1-PB2,400,3,0,0,1236,1239,C
1-PB2,401,1223,0,1,0,1224,A
1-PB2,402,0,1221,0,2,1223,T
1-PB2,403,0,1221,0,1,1222,T
1-PB2,404,0,1224,0,1,1225,T
1-PB2,405,0,1230,0,0,1230,T
1-PB2,406,1212,0,0,0,1212,A
1-PB2,407,0,0,1209,0,1209,G
1-PB2,408,1210,0,0,0,1210,A
1-PB2,409,1209,0,0,0,1209,A
1-PB2,410,1210,0,0,0,1210,A
1-PB2,411,0,1207,0,1,1208,T
1-PB2,412,1,2,0,1210,1213,C
1-PB2,413,1210,0,0,0,1210,A
1-PB2,414,1217,1,0,0,1218,A
1-PB2,415,0,0,1223,0,1223,G
1-PB2,416,0,1220,0,0,1220,T
1-PB2,417,4,1,0,1218,1223,C
1-PB2,418,1231,0,0,0,1231,A
1-PB2,419,1229,0,0,0,1229,A
1-PB2,420,0,0,1232,0,1232,G
1-PB2,421,1230,1,0,0,1231,A
1-PB2,422,0,1231,0,0,1231,T
1-PB2,423,1240,0,0,0,1240,A
1-PB2,424,0,1,0,1234,1235,C
1-PB2,425,2,0,1235,0,1237,G
1-PB2,426,0,0,0,1265,1265,C
1-PB2,427,1252,0,1,0,1253,A
1-PB2,428,0,0,1260,0,1260,G
1-PB2,429,1255,0,0,0,1255,A
1-PB2,430,1263,0,1,0,1264,A
1-PB2,431,0,1,1291,0,1292,G
1-PB2,432,1272,0,0,0,1272,A
1-PB2,433,0,0,1274,0,1274,G
1-PB2,434,0,1266,0,0,1266,T
1-PB2,435,1257,0,0,0,1257,A
1-PB2,436,1,0,1268,0,1269,G
1-PB2,437,1262,0,1,0,1263,A
1-PB2,438,0,0,0,1324,1324,C
1-PB2,439,1296,0,0,0,1296,A
1-PB2,440,0,1276,0,0,1276,T
1-PB2,441,1273,0,0,0,1273,A
1-PB2,442,1275,0,0,0,1275,A
1-PB2,443,1282,0,0,0,1282,A
1-PB2,444,0,0,0,1287,1287,C
1-PB2,445,3,0,0,1271,1274,C
1-PB2,446,3,0,0,1272,1275,C
1-PB2,447,0,1188,0,0,1188,T
1-PB2,448,0,0,1192,1,1193,G
1-PB2,449,1,2,1211,0,1214,G
1-PB2,450,0,1212,0,2,1214,T
1-PB2,451,3,0,0,1206,1209,C
1-PB2,452,1218,0,1,0,1219,A
1-PB2,453,0,1212,0,0,1212,T
1-PB2,454,1,1,1221,1,1224,G
1-PB2,455,1,1,0,1221,1223,C
1-PB2,456,1211,1,2,0,1214,A
1-PB2,457,1,1,1219,0,1221,G
1-PB2,458,1192,0,1,0,1193,A
1-PB2,459,0,0,0,1223,1223,C
1-PB2,460,0,0,1,1215,1216,C
1-PB2,461,0,1179,0,1,1180,T
1-PB2,462,2,0,0,1182,1184,C
1-PB2,463,1160,0,0,0,1160,A
1-PB2,464,1,0,1190,0,1191,G
1-PB2,465,0,1186,0,1,1187,T
1-PB2,466,1,0,1185,1,1187,G
1-PB2,467,2,1,0,1180,1183,C
1-PB2,468,1,0,0,1149,1150,C
1-PB2,469,1149,0,1,0,1150,A
1-PB2,470,1157,0,0,0,1157,A
1-PB2,471,1146,0,1,0,1147,A
1-PB2,472,0,1,1152,0,1153,G
1-PB2,473,1123,0,1,1,1125,A
1-PB2,474,0,2,1130,0,1132,G
1-PB2,475,0,0,1139,0,1139,G
1-PB2,476,2,2,0,1135,1139,C
1-PB2,477,1140,1,0,0,1141,A
1-PB2,478,0,0,0,1143,1143,C
1-PB2,479,1140,1,0,0,1141,A
1-PB2,480,1168,0,3,0,1171,A
1-PB2,481,1,0,1187,0,1188,G
1-PB2,482,1204,0,2,0,1206,A
1-PB2,483,0,1189,0,0,1189,T
1-PB2,484,0,1,1187,0,1188,G
1-PB2,485,0,1185,0,0,1185,T
1-PB2,486,1185,0,2,0,1187,A
1-PB2,487,1185,0,0,0,1185,A
1-PB2,488,1,1180,0,1,1182,T
1-PB2,489,2,0,0,1104,1106,C
1-PB2,490,1118,0,0,0,1118,A
1-PB2,491,1,1116,0,0,1117,T
1-PB2,492,0,0,1116,0,1116,G
1-PB2,493,0,1,1119,0,1120,G
1-PB2,494,1123,0,0,0,1123,A
1-PB2,495,1112,0,0,0,1112,A
1-PB2,496,0,1,1112,0,1113,G
1-PB2,497,0,1107,1,0,1108,T
1-PB2,498,0,1105,0,1,1106,T
1-PB2,499,0,2,1115,0,1117,G
1-PB2,500,0,1114,0,1,1115,T
1-PB2,501,0,1116,0,0,1116,T
1-PB2,502,0,1111,0,2,1113,T
1-PB2,503,0,1111,0,0,1111,T
1-PB2,504,1,1111,0,1,1113,T
1-PB2,505,1,0,0,1113,1114,C
1-PB2,506,3,0,0,1113,1116,C
1-PB2,507,1,0,0,1121,1122,C
1-PB2,508,1118,0,0,0,1118,A
1-PB2,509,1125,0,1,0,1126,A
1-PB2,510,0,1123,0,1,1124,T
1-PB2,511,0,0,1129,0,1129,G
1-PB2,512,1128,0,1,0,1129,A
1-PB2,513,1127,0,2,0,1129,A
1-PB2,514,0,1,1140,0,1141,G
1-PB2,515,0,1135,0,1,1136,T
1-PB2,516,0,2,1134,0,1136,G
1-PB2,517,0,2,1133,0,1135,G
1-PB2,518,1,0,1134,0,1135,G
1-PB2,519,1137,0,1,0,1138,A
1-PB2,520,1,0,1126,0,1127,G
1-PB2,521,0,0,0,1127,1127,C
1-PB2,522,0,0,0,1133,1133,C
1-PB2,523,1128,0,3,0,1131,A
1-PB2,524,0,1,1154,0,1155,G
1-PB2,525,0,0,1161,1,1162,G
1-PB2,526,1169,0,0,0,1169,A
1-PB2,527,1,1161,0,0,1162,T
1-PB2,528,1159,0,0,0,1159,A
1-PB2,529,0,0,0,1157,1157,C
1-PB2,530,0,1153,0,1,1154,T
1-PB2,531,1155,0,0,0,1155,A
1-PB2,532,1150,0,0,0,1150,A
1-PB2,533,0,0,0,1156,1156,C
1-PB2,534,1135,0,0,0,1135,A
1-PB2,535,0,1123,1,2,1126,T
1-PB2,536,1,0,0,1129,1130,C
1-PB2,537,1113,0,1,1,1115,A
1-PB2,538,0,0,1121,0,1121,G
1-PB2,539,1123,0,0,0,1123,A
1-PB2,540,1115,0,1,1,1117,A
1-PB2,541,0,1114,0,1,1115,T
1-PB2,542,3,1,0,1089,1093,C
1-PB2,543,1092,0,2,0,1094,A
1-PB2,544,0,0,0,1116,1116,C
1-PB2,545,1115,0,0,1,1116,A
1-PB2,546,1132,0,0,1,1133,A
1-PB2,547,0,1116,0,1,1117,T
1-PB2,548,0,1123,0,0,1123,T
1-PB2,549,1125,0,0,0,1125,A
1-PB2,550,1133,0,0,0,1133,A
1-PB2,551,0,0,0,1136,1136,C
1-PB2,552,1121,0,2,0,1123,A
1-PB2,553,1105,2,0,1,1108,A
1-PB2,554,0,1126,0,1,1127,T
1-PB2,555,1127,0,0,0,1127,A
1-PB2,556,1126,0,0,0,1126,A
1-PB2,557,1,0,0,1133,1134,C
1-PB2,558,0,1129,0,0,1129,T
1-PB2,559,1127,0,1,0,1128,A
1-PB2,560,1118,1,0,0,1119,A
1-PB2,561,1120,0,1,0,1121,A
1-PB2,562,0,1,1116,0,1117,G
1-PB2,563,1096,1,0,0,1097,A
1-PB2,564,0,1,1100,0,1101,G
1-PB2,565,1099,1,0,0,1100,A
1-PB2,566,1104,0,0,0,1104,A
1-PB2,567,1104,0,1,0,1105,A
1-PB2,568,1104,0,0,0,1104,A
1-PB2,569,1119,0,0,0,1119,A
1-PB2,570,1117,0,2,0,1119,A
1-PB2,571,0,0,1124,0,1124,G
1-PB2,572,1118,1,3,0,1122,A
1-PB2,573,1108,0,0,0,1108,A
1-PB2,574,0,1,1110,0,1111,G
1-PB2,575,1112,1,2,0,1115,A
1-PB2,576,1119,0,2,0,1121,A
1-PB2,577,0,0,0,1136,1136,C
1-PB2,578,0,1112,0,1,1113,T
1-PB2,579,0,0,0,1126,1126,C
1-PB2,580,3,1,0,1119,1123,C
1-PB2,581,0,0,1119,0,1119,G
1-PB2,582,1119,0,0,0,1119,A
1-PB2,583,0,0,1124,0,1124,G
1-PB2,584,1116,1,1,0,1118,A
1-PB2,585,1,1119,0,0,1120,T
1-PB2,586,0,1106,0,1,1107,T
1-PB2,587,0,0,1107,0,1107,G
1-PB2,588,1,0,0,1105,1106,C
1-PB2,589,1110,0,0,0,1110,A
1-PB2,590,1111,0,0,0,1111,A
1-PB2,591,1110,0,1,0,1111,A
1-PB2,592,1118,1,1,0,1120,A
1-PB2,593,0,1118,0,1,1119,T
1-PB2,594,0,1115,0,0,1115,T
1-PB2,595,0,1113,0,0,1113,T
1-PB2,596,2,0,0,1111,1113,C
1-PB2,597,0,1110,0,0,1110,T
1-PB2,598,1,1,0,1247,1249,C
1-PB2,599,0,0,0,1253,1253,C
1-PB2,600,2,0,0,1426,1428,C
1-PB2,601,0,1425,0,1,1426,T
1-PB2,602,0,1445,0,2,1447,T
1-PB2,603,0,3,1458,0,1461,G
1-PB2,604,1463,0,0,0,1463,A
1-PB2,605,0,1489,0,0,1489,T
1-PB2,606,0,6,1527,1,1534,G
1-PB2,607,3,1,1797,0,1801,G
1-PB2,608,0,1841,0,0,1841,T
1-PB2,609,0,1837,1,0,1838,T
1-PB2,610,0,0,2049,0,2049,G
1-PB2,611,1,1,0,2055,2057,C
1-PB2,612,2126,0,0,0,2126,A
1-PB2,613,0,2124,0,2,2126,T
1-PB2,614,2149,0,2,6,2157,A
1-PB2,615,0,1,0,2281,2282,C
1-PB2,616,2667,0,0,2,2669,A
1-PB2,617,0,2743,0,0,2743,T
1-PB2,618,0,3,2907,0,2910,G
1-PB2,619,0,2896,0,0,2896,T
1-PB2,620,0,2904,0,0,2904,T
1-PB2,621,2907,2,0,0,2909,A
1-PB2,622,0,8,2907,0,2915,G
1-PB2,623,2951,0,9,0,2960,A
1-PB2,624,14,7,3000,0,3021,G
1-PB2,625,2924,0,3,0,2927,A
1-PB2,626,0,3,2944,0,2947,G
1-PB2,627,2910,1,2,1,2914,A
1-PB2,628,12,4,2912,0,2928,G
1-PB2,629,2946,0,7,0,2953,A
1-PB2,630,2950,0,8,1,2959,A
1-PB2,631,0,0,0,2985,2985,C
1-PB2,632,0,2959,1,1,2961,T
1-PB2,633,0,2954,0,2,2956,T
1-PB2,634,0,3,2959,0,2962,G
1-PB2,635,0,2964,0,0,2964,T
1-PB2,636,2965,0,2,0,2967,A
1-PB2,637,0,0,0,2962,2962,C
1-PB2,638,1,3,2954,0,2958,G
1-PB2,639,2975,1,2,0,2978,A
1-PB2,640,2957,0,1,0,2958,A
1-PB2,641,3008,0,3,0,3011,A
1-PB2,642,3010,0,0,0,3010,A
1-PB2,643,2988,0,22,0,3010,A
1-PB2,644,0,2,0,3021,3023,C
1-PB2,645,3024,1,0,0,3025,A
1-PB2,646,3025,3,0,1,3029,A
1-PB2,647,0,2,3055,0,3057,G
1-PB2,648,3048,0,18,0,3066,A
1-PB2,649,0,3066,0,2,3068,T
1-PB2,650,1,3068,0,1,3070,T
1-PB2,651,0,3075,1,0,3076,T
1-PB2,652,1,0,0,3092,3093,C
1-PB2,653,0,3095,0,4,3099,T
1-PB2,654,2,0,0,3097,3099,C
1-PB2,655,1,1,0,3098,3100,C
1-PB2,656,6,1,0,3101,3108,C
1-PB2,657,3099,0,5,1,3105,A
1-PB2,658,0,0,3145,0,3145,G
1-PB2,659,0,3142,0,3,3145,T
1-PB2,660,1,3131,0,3,3135,T
1-PB2,661,0,1,3135,0,3136,G
1-PB2,662,0,1,0,3138,3139,C
1-PB2,663,0,3135,0,1,3136,T
1-PB2,664,0,1,3140,0,3141,G
1-PB2,665,1,0,3138,0,3139,G
1-PB2,666,0,3,0,3129,3132,C
1-PB2,667,2,3,3142,0,3147,G
1-PB2,668,0,4,3178,0,3182,G
1-PB2,669,3194,1,4,0,3199,A
1-PB2,670,3198,0,5,0,3203,A
1-PB2,671,0,0,0,3208,3208,C
1-PB2,672,3228,0,3,1,3232,A
1-PB2,673,3235,0,2,0,3237,A
1-PB2,674,3,1,3392,0,3396,G
1-PB2,675,0,1,0,3457,3458,C
1-PB2,676,3490,1,0,0,3491,A
1-PB2,677,0,3,4395,0,4398,G
1-PB2,678,0,4367,0,19,4386,T
1-PB2,679,4442,1,0,0,4443,A
1-PB2,680,1,4434,0,2,4437,T
1-PB2,681,4454,0,2,0,4456,A
1-PB2,682,2,4426,0,24,4452,T
1-PB2,683,4365,1,0,0,4366,A
1-PB2,684,2,24,0,4389,4415,C
1-PB2,685,4223,1,1,0,4225,A
1-PB2,686,0,4015,0,2,4017,T
1-PB2,687,1,3897,0,1,3899,T
1-PB2,688,0,4,3907,0,3911,G
1-PB2,689,3903,1,2,0,3906,A
1-PB2,690,3889,0,1,0,3890,A
1-PB2,691,1,1,3961,0,3963,G
1-PB2,692,0,3944,1,2,3947,T
1-PB2,693,1,3920,0,3,3924,T
1-PB2,694,0,3922,0,4,3926,T
1-PB2,695,0,3924,1,2,3927,T
1-PB2,696,3957,1,3,0,3961,A
1-PB2,697,2,2,0,3985,3989,C
1-PB2,698,3998,0,0,0,3998,A
1-PB2,699,0,3990,1,1,3992,T
1-PB2,700,0,3966,0,0,3966,T
1-PB2,701,0,3969,0,3,3972,T
1-PB2,702,0,5,4022,1,4028,G
1-PB2,703,4044,1,2,0,4047,A
1-PB2,704,1,1,0,4080,4082,C
1-PB2,705,2,4057,0,3,4062,T
1-PB2,706,2,1,0,4057,4060,C
1-PB2,707,4044,0,9,0,4053,A
1-PB2,708,0,6,4019,2,4027,G
1-PB2,709,2,5,4114,0,4121,G
1-PB2,710,3,6,4123,1,4133,G
1-PB2,711,4134,0,4,0,4138,A
1-PB2,712,4130,1,13,1,4145,A
1-PB2,713,5,2,0,4141,4148,C
1-PB2,714,0,1,4194,0,4195,G
1-PB2,715,0,4197,0,0,4197,T
1-PB2,716,1,6,4209,0,4216,G
1-PB2,717,1,4183,0,1,4185,T
1-PB2,718,0,4181,0,0,4181,T
1-PB2,719,2,7,4183,0,4192,G
1-PB2,720,0,7,4172,0,4179,G
1-PB2,721,2,1,4226,0,4229,G
1-PB2,722,4205,0,4,1,4210,A
1-PB2,723,4187,0,6,0,4193,A
1-PB2,724,3,3,0,4299,4305,C
1-PB2,725,4282,0,0,0,4282,A
1-PB2,726,4405,0,1,0,4406,A
1-PB2,727,4424,2,2,0,4428,A
1-PB2,728,0,4444,0,1,4445,T
1-PB2,729,3,2,4514,0,4519,G
1-PB2,730,0,4486,0,2,4488,T
1-PB2,731,4486,2,4,0,4492,A
1-PB2,732,3,2,0,4503,4508,C
1-PB2,733,4435,0,2,0,4437,A
1-PB2,734,5,0,0,4431,4436,C
1-PB2,735,1,4323,0,6,4330,T
1-PB2,736,10,0,0,4751,4761,C
1-PB2,737,3,1,0,4767,4771,C
1-PB2,738,4844,1,2,0,4847,A
1-PB2,739,0,8,4875,0,4883,G
1-PB2,740,0,4,5039,0,5043,G
1-PB2,741,0,5029,0,2,5031,T
1-PB2,742,2,4,5024,0,5030,G
1-PB2,743,1,7,4884,17,4909,G
1-PB2,744,4847,0,7,0,4854,A
1-PB2,745,1,10,4876,1,4888,G
1-PB2,746,0,9,4882,0,4891,G
1-PB2,747,4857,0,6,0,4863,A
1-PB2,748,3,1,4911,1,4916,G
1-PB2,749,2,4805,0,1,4808,T
1-PB2,750,1,7,4832,0,4840,G
1-PB2,751,4839,0,5,0,4844,A
1-PB2,752,1,4,4845,0,4850,G
1-PB2,753,0,3,4872,0,4875,G
1-PB2,754,4839,1,3,0,4843,A
1-PB2,755,4845,0,3,1,4849,A
1-PB2,756,0,4844,0,1,4845,T
1-PB2,757,1,2,4825,0,4828,G
1-PB2,758,4821,1,7,0,4829,A
1-PB2,759,1,1,0,4807,4809,C
1-PB2,760,2,3,4808,1,4814,G
1-PB2,761,4864,0,2,0,4866,A
1-PB2,762,0,4844,0,0,4844,T
1-PB2,763,2,1,4883,0,4886,G
1-PB2,764,1,4870,1,7,4879,T
1-PB2,765,1,4814,0,2,4817,T
1-PB2,766,2,5,4854,1,4862,G
1-PB2,767,4870,0,7,0,4877,A
1-PB2,768,2,1,0,4878,4881,C
1-PB2,769,10,0,0,4863,4873,C
1-PB2,770,4821,1,1,0,4823,A
1-PB2,771,4827,0,0,0,4827,A
1-PB2,772,4833,0,3,0,4836,A
1-PB2,773,1,1,4943,0,4945,G
1-PB2,774,2,0,0,4948,4950,C
1-PB2,775,7,1,0,4920,4928,C
1-PB2,776,1,4942,0,1,4944,T
1-PB2,777,4957,0,0,1,4958,A
1-PB2,778,4950,1,2,0,4953,A
1-PB2,779,0,4962,0,0,4962,T
1-PB2,780,0,4957,0,1,4958,T
1-PB2,781,4924,0,1,0,4925,A
1-PB2,782,1,4825,0,1,4827,T
1-PB2,783,0,4808,0,1,4809,T
1-PB2,784,0,1,4786,0,4787,G
1-PB2,785,3,3,0,4767,4773,C
1-PB2,786,1,6,4768,0,4775,G
1-PB2,787,1,6,4871,1,4879,G
1-PB2,788,1,1,0,4872,4874,C
1-PB2,789,2,1,0,4903,4906,C
1-PB2,790,4900,0,1,0,4901,A
1-PB2,791,0,4,4968,0,4972,G
1-PB2,792,0,3,5007,1,5011,G
1-PB2,793,5009,1,6,0,5016,A
1-PB2,794,5033,0,7,0,5040,A
1-PB2,795,2,1,0,5060,5063,C
1-PB2,796,5010,0,2,0,5012,A
1-PB2,797,0,5089,0,0,5089,T
1-PB2,798,5143,0,3,0,5146,A
1-PB2,799,1,4,5194,0,5199,G
1-PB2,800,0,5141,0,1,5142,T
1-PB2,801,5104,0,1,1,5106,A
1-PB2,802,5090,0,1,0,5091,A
1-PB2,803,0,3,5101,0,5104,G
1-PB2,804,5082,0,1,0,5083,A
1-PB2,805,4996,3,3,0,5002,A
1-PB2,806,1,1,4987,0,4989,G
1-PB2,807,4857,1,9,0,4867,A
1-PB2,808,1,1,4864,0,4866,G
1-PB2,809,4,1,1,4874,4880,C
1-PB2,810,12,2,0,4855,4869,C
1-PB2,811,1,0,4879,0,4880,G
1-PB2,812,2,2,1,4903,4908,C
1-PB2,813,4924,1,1,0,4926,A
1-PB2,814,1,3,5250,1,5255,G
1-PB2,815,0,5253,0,4,5257,T
1-PB2,816,5271,1,2,0,5274,A
1-PB2,817,0,5244,0,1,5245,T
1-PB2,818,3,1,0,5285,5289,C
1-PB2,819,5267,0,5,0,5272,A
1-PB2,820,0,1,5275,0,5276,G
1-PB2,821,2,0,0,5283,5285,C
1-PB2,822,5064,0,2,0,5066,A
1-PB2,823,1,3,5012,0,5016,G
1-PB2,824,5031,1,5,0,5037,A
1-PB2,825,0,5011,1,1,5013,T
1-PB2,826,6,0,0,5027,5033,C
1-PB2,827,7,3,0,5033,5043,C
1-PB2,828,5050,2,3,0,5055,A
1-PB2,829,3,2,0,5058,5063,C
1-PB2,830,0,5042,0,1,5043,T
1-PB2,831,5074,1,5,0,5080,A
1-PB2,832,1,0,5063,1,5065,G
1-PB2,833,1,1,0,5038,5040,C
1-PB2,834,5028,0,2,0,5030,A
1-PB2,835,1,5045,0,2,5048,T
1-PB2,836,3,0,0,5107,5110,C
1-PB2,837,0,5081,0,8,5089,T
1-PB2,838,0,5215,1,0,5216,T
1-PB2,839,1,5232,0,1,5234,T
1-PB2,840,5229,0,2,0,5231,A
1-PB2,841,0,5228,0,0,5228,T
1-PB2,842,1,5207,0,1,5209,T
1-PB2,843,2,8,5192,1,5203,G
1-PB2,844,0,3,5209,0,5212,G
1-PB2,845,5124,1,8,0,5133,A
1-PB2,846,1,1,5153,0,5155,G
1-PB2,847,5085,2,1,1,5089,A
1-PB2,848,0,5059,0,1,5060,T
1-PB2,849,0,1,5180,0,5181,G
1-PB2,850,0,5182,0,5,5187,T
1-PB2,851,1,3,5164,0,5168,G
1-PB2,852,3,1,0,5185,5189,C
1-PB2,853,5,1,0,5172,5178,C
1-PB2,854,5170,1,5,0,5176,A
1-PB2,855,2,1,0,5169,5172,C
1-PB2,856,5085,1,3,0,5089,A
1-PB2,857,2,1,5156,0,5159,G
1-PB2,858,1,1,0,5021,5023,C
1-PB2,859,5033,1,8,0,5042,A
1-PB2,860,4,1,0,5031,5036,C
1-PB2,861,5022,2,4,0,5028,A
1-PB2,862,3,1,0,5063,5067,C
1-PB2,863,5042,0,0,1,5043,A
1-PB2,864,5053,1,0,0,5054,A
1-PB2,865,5057,0,1,0,5058,A
1-PB2,866,0,4956,1,1,4958,T
1-PB2,867,0,4950,0,1,4951,T
1-PB2,868,2,2,4936,0,4940,G
1-PB2,869,3,2,4932,0,4937,G
1-PB2,870,1,2,1,4940,4944,C
1-PB2,871,3,6,4900,0,4909,G
1-PB2,872,0,2,4905,1,4908,G
1-PB2,873,4888,1,2,0,4891,A
1-PB2,874,5034,3,3,0,5040,A
1-PB2,875,1,1,0,5044,5046,C
1-PB2,876,5040,0,14,0,5054,A
1-PB2,877,5055,2,3,0,5060,A
1-PB2,878,1,6,5076,0,5083,G
1-PB2,879,2,5,5088,0,5095,G
1-PB2,880,5113,0,1,1,5115,A
1-PB2,881,0,4884,0,1,4885,T
1-PB2,882,1,8,4891,0,4900,G
1-PB2,883,2,1,4917,1,4921,G
1-PB2,884,0,4876,0,4,4880,T
1-PB2,885,2,3,4873,0,4878,G
1-PB2,886,0,4,4853,1,4858,G
1-PB2,887,4825,0,10,0,4835,A
1-PB2,888,1,1,0,4839,4841,C
1-PB2,889,4783,0,2,0,4785,A
1-PB2,890,0,5467,0,2,5469,T
1-PB2,891,0,5431,0,21,5452,T
1-PB2,892,5,0,0,5472,5477,C
1-PB2,893,1,5448,0,4,5453,T
1-PB2,894,0,5442,0,0,5442,T
1-PB2,895,5441,3,1,0,5445,A
1-PB2,896,2,3,5468,0,5473,G
1-PB2,897,5439,0,9,0,5448,A
1-PB2,898,0,0,0,5448,5448,C
1-PB2,899,4539,0,2,0,4541,A
1-PB2,900,1,4,4616,0,4621,G
1-PB2,901,4587,0,8,0,4595,A
1-PB2,902,4610,0,1,0,4611,A
1-PB2,903,6,3,1,4593,4603,C
1-PB2,904,7,1,0,4594,4602,C
1-PB2,905,6,1,0,4591,4598,C
1-PB2,906,2,5,4588,1,4596,G
1-PB2,907,4593,1,3,0,4597,A
1-PB2,908,6,0,0,4605,4611,C
1-PB2,909,1,4543,1,6,4551,T
1-PB2,910,0,3,4587,0,4590,G
1-PB2,911,4584,1,3,0,4588,A
1-PB2,912,4608,1,5,0,4614,A
1-PB2,913,1,9,4618,0,4628,G
1-PB2,914,4610,1,1,0,4612,A
1-PB2,915,4608,1,4,0,4613,A
1-PB2,916,1,0,0,4613,4614,C
1-PB2,917,4585,1,5,0,4591,A
1-PB2,918,4612,0,4,0,4616,A
1-PB2,919,17,0,4652,0,4669,G
1-PB2,920,0,1,0,4695,4696,C
1-PB2,921,0,4661,1,1,4663,T
1-PB2,922,0,4,4725,0,4729,G
1-PB2,923,3,4704,1,3,4711,T
1-PB2,924,4,8,4780,0,4792,G
1-PB2,925,0,4,4962,0,4966,G
1-PB2,926,4951,2,5,0,4958,A
1-PB2,927,1,4952,0,1,4954,T
1-PB2,928,4916,0,2,0,4918,A
1-PB2,929,0,4856,0,0,4856,T
1-PB2,930,5009,0,0,0,5009,A
1-PB2,931,0,4918,0,4,4922,T
1-PB2,932,1,1,4910,0,4912,G
1-PB2,933,3,1,1,4843,4848,C
1-PB2,934,4684,0,2,0,4686,A
1-PB2,935,4678,0,4,0,4682,A
1-PB2,936,0,2,4668,0,4670,G
1-PB2,937,0,3,4664,0,4667,G
1-PB2,938,0,0,0,4689,4689,C
1-PB2,939,0,4557,1,6,4564,T
1-PB2,940,3,1,4583,0,4587,G
1-PB2,941,0,2,0,4592,4594,C
1-PB2,942,4594,1,2,0,4597,A
1-PB2,943,4605,1,2,0,4608,A
1-PB2,944,1,4582,0,1,4584,T
1-PB2,945,3,12,4585,0,4600,G
1-PB2,946,3,8,4555,0,4566,G
1-PB2,947,0,2,4569,1,4572,G
1-PB2,948,4572,0,7,0,4579,A
1-PB2,949,0,4553,0,3,4556,T
1-PB2,950,1,4519,1,1,4522,T
1-PB2,951,3,5,4532,0,4540,G
1-PB2,952,4521,1,14,0,4536,A
1-PB2,953,2,4,4585,0,4591,G
1-PB2,954,4555,1,2,0,4558,A
1-PB2,955,4516,0,0,0,4516,A
1-PB2,956,2,4477,0,0,4479,T
1-PB2,957,4,1,0,4501,4506,C
1-PB2,958,4501,0,1,0,4502,A
1-PB2,959,2,1,4537,0,4540,G
1-PB2,960,2,0,0,4531,4533,C
1-PB2,961,0,4508,0,7,4515,T
1-PB2,962,3,0,2,4504,4509,C
1-PB2,963,4494,1,6,0,4501,A
1-PB2,964,2,4562,0,3,4567,T
1-PB2,965,4,0,0,4575,4579,C
1-PB2,966,8,1,0,4598,4607,C
1-PB2,967,1,4588,1,5,4595,T
1-PB2,968,1,4560,0,12,4573,T
1-PB2,969,3,0,0,4581,4584,C
1-PB2,970,4572,1,8,0,4581,A
1-PB2,971,0,3,4624,2,4629,G
1-PB2,972,0,0,0,4630,4630,C
1-PB2,973,0,4518,0,2,4520,T
1-PB2,974,1,4518,0,2,4521,T
1-PB2,975,1,4497,0,0,4498,T
1-PB2,976,0,9,4495,0,4504,G
1-PB2,977,2,2,4504,0,4508,G
1-PB2,978,1,4487,0,9,4497,T
1-PB2,979,0,12,4501,0,4513,G
1-PB2,980,0,5,4503,0,4508,G
1-PB2,981,3,2,4533,0,4538,G
1-PB2,982,0,4505,0,5,4510,T
1-PB2,983,0,4483,2,2,4487,T
1-PB2,984,0,4489,0,1,4490,T
1-PB2,985,4516,0,1,0,4517,A
1-PB2,986,3,2,0,4521,4526,C
1-PB2,987,4516,0,4,0,4520,A
1-PB2,988,0,4488,0,0,4488,T
1-PB2,989,1,4406,0,0,4407,T
1-PB2,990,1,4403,0,1,4405,T
1-PB2,991,4400,0,2,1,4403,A
1-PB2,992,4400,0,4,0,4404,A
1-PB2,993,4403,0,3,0,4406,A
1-PB2,994,4375,0,10,0,4385,A
1-PB2,995,0,3,4429,0,4432,G
1-PB2,996,4383,0,2,2,4387,A
1-PB2,997,4399,1,4,0,4404,A
1-PB2,998,2,2,1,4404,4409,C
1-PB2,999,4391,3,3,0,4397,A
1-PB2,1000,4392,0,2,0,4394,A
1-PB2,1001,0,0,4395,0,4395,G
1-PB2,1002,1,31,0,4361,4393,C
1-PB2,1003,4,6,4388,1,4399,G
1-PB2,1004,0,8,4412,0,4420,G
1-PB2,1005,0,2,4433,0,4435,G
1-PB2,1006,3,4417,0,2,4422,T
1-PB2,1007,6,1,0,4399,4406,C
1-PB2,1008,4421,0,3,0,4424,A
1-PB2,1009,0,4406,0,5,4411,T
1-PB2,1010,2,2,0,4413,4417,C
1-PB2,1011,4392,0,4,0,4396,A
1-PB2,1012,0,46,4408,0,4454,G
1-PB2,1013,0,4403,0,3,4406,T
1-PB2,1014,5,2,1,4395,4403,C
1-PB2,1015,4411,0,1,0,4412,A
1-PB2,1016,4415,1,4,0,4420,A
1-PB2,1017,4420,1,0,0,4421,A
1-PB2,1018,4406,0,5,0,4411,A
1-PB2,1019,4433,0,1,0,4434,A
1-PB2,1020,4411,0,25,0,4436,A
1-PB2,1021,1,5,4446,1,4453,G
1-PB2,1022,4427,0,1,0,4428,A
1-PB2,1023,4415,0,10,0,4425,A
1-PB2,1024,8,5,4410,0,4423,G
1-PB2,1025,4407,0,2,0,4409,A
1-PB2,1026,4332,0,4,0,4336,A
1-PB2,1027,1,3,4335,0,4339,G
1-PB2,1028,4326,0,2,0,4328,A
1-PB2,1029,29,2,4308,0,4339,G
1-PB2,1030,0,0,4391,0,4391,G
1-PB2,1031,0,4393,0,3,4396,T
1-PB2,1032,0,3,4482,0,4485,G
1-PB2,1033,0,1,1,4500,4502,C
1-PB2,1034,0,4496,0,6,4502,T
1-PB2,1035,0,4511,1,1,4513,T
1-PB2,1036,4514,0,1,0,4515,A
1-PB2,1037,1,2,0,4515,4518,C
1-PB2,1038,4459,1,4,1,4465,A
1-PB2,1039,3,1,4458,0,4462,G
1-PB2,1040,4,1,4445,1,4451,G
1-PB2,1041,0,0,0,4397,4397,C
1-PB2,1042,4348,0,1,0,4349,A
1-PB2,1043,4354,0,4,0,4358,A
1-PB2,1044,0,4427,0,1,4428,T
1-PB2,1045,5,1,0,4474,4480,C
1-PB2,1046,1,4439,0,11,4451,T
1-PB2,1047,5,0,1,4467,4473,C
1-PB2,1048,5,1,1,4460,4467,C
1-PB2,1049,4459,0,6,0,4465,A
1-PB2,1050,4469,0,1,1,4471,A
1-PB2,1051,4429,1,35,3,4468,A
1-PB2,1052,1,1,1,4487,4490,C
1-PB2,1053,4367,0,0,0,4367,A
1-PB2,1054,0,4320,0,2,4322,T
1-PB2,1055,1,4273,0,1,4275,T
1-PB2,1056,1,2,4279,0,4282,G
1-PB2,1057,4259,0,2,0,4261,A
1-PB2,1058,1,1,4209,0,4211,G
1-PB2,1059,4387,1,0,0,4388,A
1-PB2,1060,4388,1,4,1,4394,A
1-PB2,1061,1,4430,0,0,4431,T
1-PB2,1062,4423,0,3,0,4426,A
1-PB2,1063,4431,1,3,0,4435,A
1-PB2,1064,0,24,4551,0,4575,G
1-PB2,1065,4476,1,10,0,4487,A
1-PB2,1066,1,1,4633,0,4635,G
1-PB2,1067,0,4504,0,5,4509,T
1-PB2,1068,4531,0,2,1,4534,A
1-PB2,1069,3,4,0,4616,4623,C
1-PB2,1070,4577,0,2,0,4579,A
1-PB2,1071,3,4587,0,3,4593,T
1-PB2,1072,2,6,4558,0,4566,G
1-PB2,1073,4436,1,6,0,4443,A
1-PB2,1074,3,12,4462,0,4477,G
1-PB2,1075,3,12,4476,0,4491,G
1-PB2,1076,0,8,4682,1,4691,G
1-PB2,1077,3,3,4731,0,4737,G
1-PB2,1078,1,4637,0,1,4639,T
1-PB2,1079,4647,0,5,0,4652,A
1-PB2,1080,1,4626,0,1,4628,T
1-PB2,1081,1,4,4634,1,4640,G
1-PB2,1082,4603,0,5,1,4609,A
1-PB2,1083,1,8,4586,0,4595,G
1-PB2,1084,4,8,4568,0,4580,G
1-PB2,1085,4210,1,5,0,4216,A
1-PB2,1086,3,1,4361,0,4365,G
1-PB2,1087,3,4339,2,3,4347,T
1-PB2,1088,1,4462,0,6,4469,T
1-PB2,1089,2,0,0,4497,4499,C
1-PB2,1090,4491,0,10,0,4501,A
1-PB2,1091,2,0,0,4497,4499,C
1-PB2,1092,4493,0,2,0,4495,A
1-PB2,1093,4511,0,0,0,4511,A
1-PB2,1094,0,4506,0,0,4506,T
1-PB2,1095,2,9,4402,2,4415,G
1-PB2,1096,0,4,4440,1,4445,G
1-PB2,1097,2,4339,0,5,4346,T
1-PB2,1098,3,7,4348,1,4359,G
1-PB2,1099,0,6,4359,2,4367,G
1-PB2,1100,1,5,4354,1,4361,G
1-PB2,1101,5,3,4379,2,4389,G
1-PB2,1102,4348,1,7,0,4356,A
1-PB2,1103,4362,0,4,0,4366,A
1-PB2,1104,4350,1,2,0,4353,A
1-PB2,1105,4253,0,10,0,4263,A
1-PB2,1106,2,4,4304,0,4310,G
1-PB2,1107,4279,0,7,1,4287,A
1-PB2,1108,2,1,4289,0,4292,G
1-PB2,1109,3,1,0,4279,4283,C
1-PB2,1110,4276,0,1,0,4277,A
1-PB2,1111,4275,0,5,0,4280,A
1-PB2,1112,4,0,1,4411,4416,C
1-PB2,1113,4413,0,2,0,4415,A
1-PB2,1114,0,2,4484,0,4486,G
1-PB2,1115,1,1,1,4440,4443,C
1-PB2,1116,0,4431,0,3,4434,T
1-PB2,1117,4589,0,0,0,4589,A
1-PB2,1118,0,4579,0,1,4580,T
1-PB2,1119,4601,0,6,0,4607,A
1-PB2,1120,2,2,0,4599,4603,C
1-PB2,1121,0,4376,0,1,4377,T
1-PB2,1122,4388,0,2,0,4390,A
1-PB2,1123,4300,0,0,0,4300,A
1-PB2,1124,2,2,4313,0,4317,G
1-PB2,1125,4310,1,2,0,4313,A
1-PB2,1126,4172,0,0,2,4174,A
1-PB2,1127,4170,2,2,0,4174,A
1-PB2,1128,4147,0,4,0,4151,A
1-PB2,1129,0,2,4158,0,4160,G
1-PB2,1130,1,0,0,4151,4152,C
1-PB2,1131,4144,0,1,0,4145,A
1-PB2,1132,4151,0,4,1,4156,A
1-PB2,1133,5,0,0,4164,4169,C
1-PB2,1134,3,1,1,4169,4174,C
1-PB2,1135,4178,0,0,1,4179,A
1-PB2,1136,0,3,4192,0,4195,G
1-PB2,1137,4187,1,4,0,4192,A
1-PB2,1138,4195,0,1,0,4196,A
1-PB2,1139,1,2,4220,1,4224,G
1-PB2,1140,4210,1,3,0,4214,A
1-PB2,1141,0,4188,0,3,4191,T
1-PB2,1142,0,4162,0,3,4165,T
1-PB2,1143,0,8,4175,0,4183,G
1-PB2,1144,3,2,4243,0,4248,G
1-PB2,1145,3,4223,0,14,4240,T
1-PB2,1146,2,4209,1,1,4213,T
1-PB2,1147,4,0,0,4205,4209,C
1-PB2,1148,4199,0,4,1,4204,A
1-PB2,1149,4190,0,4,0,4194,A
1-PB2,1150,1,18,0,4521,4540,C
1-PB2,1151,1,4539,0,2,4542,T
1-PB2,1152,8,0,1,4563,4572,C
1-PB2,1153,4492,1,2,1,4496,A
1-PB2,1154,0,4499,0,1,4500,T
1-PB2,1155,4501,1,5,2,4509,A
1-PB2,1156,2,1,4535,0,4538,G
1-PB2,1157,0,4392,0,5,4397,T
1-PB2,1158,1,10,4440,0,4451,G
1-PB2,1159,4246,0,2,0,4248,A
1-PB2,1160,0,2,4323,1,4326,G
1-PB2,1161,0,4280,2,2,4284,T
1-PB2,1162,0,5,4282,1,4288,G
1-PB2,1163,0,3,4326,0,4329,G
1-PB2,1164,4326,0,1,1,4328,A
1-PB2,1165,4296,1,8,0,4305,A
1-PB2,1166,0,5,4319,1,4325,G
1-PB2,1167,4244,1,4,0,4249,A
1-PB2,1168,0,1,4283,0,4284,G
1-PB2,1169,4228,2,5,0,4235,A
1-PB2,1170,1,2,0,4227,4230,C
1-PB2,1171,0,5,4217,0,4222,G
1-PB2,1172,4174,3,4,0,4181,A
1-PB2,1173,4201,1,5,0,4207,A
1-PB2,1174,2,3,0,4200,4205,C
1-PB2,1175,4170,0,2,0,4172,A
1-PB2,1176,2,3,4388,0,4393,G
1-PB2,1177,2,4366,0,5,4373,T
1-PB2,1178,2,0,0,4366,4368,C
1-PB2,1179,4364,0,3,0,4367,A
1-PB2,1180,4371,0,2,0,4373,A
1-PB2,1181,0,4368,0,0,4368,T
1-PB2,1182,4356,1,2,0,4359,A
1-PB2,1183,0,0,4348,0,4348,G
1-PB2,1184,2,1,0,4328,4331,C
1-PB2,1185,3,1,0,4172,4176,C
1-PB2,1186,2,2,4143,0,4147,G
1-PB2,1187,4144,1,1,0,4146,A
1-PB2,1188,4155,0,1,0,4156,A
1-PB2,1189,0,0,4202,0,4202,G
1-PB2,1190,0,1,0,4268,4269,C
1-PB2,1191,4272,0,1,0,4273,A
1-PB2,1192,4263,2,2,0,4267,A
1-PB2,1193,0,4267,0,1,4268,T
1-PB2,1194,4284,0,1,0,4285,A
1-PB2,1195,4322,2,3,0,4327,A
1-PB2,1196,1,4306,1,1,4309,T
1-PB2,1197,2,2,1,4286,4291,C
1-PB2,1198,2,1,4266,0,4269,G
1-PB2,1199,1,4161,0,6,4168,T
1-PB2,1200,2,0,4157,1,4160,G
1-PB2,1201,0,2,4206,0,4208,G
1-PB2,1202,2,1,0,4192,4195,C
1-PB2,1203,2,2,1,4189,4194,C
1-PB2,1204,4156,2,2,1,4161,A
1-PB2,1205,2,4150,0,2,4154,T
1-PB2,1206,2,7,4150,0,4159,G
1-PB2,1207,0,5,4203,0,4208,G
1-PB2,1208,1,4177,0,4,4182,T
1-PB2,1209,1,1,4202,0,4204,G
1-PB2,1210,0,4081,0,7,4088,T
1-PB2,1211,0,4083,1,2,4086,T
1-PB2,1212,1,4087,0,1,4089,T
1-PB2,1213,1,4076,0,2,4079,T
1-PB2,1214,4,2,2,4114,4122,C
1-PB2,1215,4084,2,2,0,4088,A
1-PB2,1216,4,0,0,4166,4170,C
1-PB2,1217,4069,1,0,1,4071,A
1-PB2,1218,4034,0,0,0,4034,A
1-PB2,1219,1,1,4034,0,4036,G
1-PB2,1220,4010,2,2,0,4014,A
1-PB2,1221,3880,2,73,0,3955,A
1-PB2,1222,1,2,3997,1,4001,G
1-PB2,1223,3987,0,5,0,3992,A
1-PB2,1224,1,4012,0,0,4013,T
1-PB2,1225,2,3873,0,2,3877,T
1-PB2,1226,1,1,3865,0,3867,G
1-PB2,1227,3,2,0,3811,3816,C
1-PB2,1228,3834,1,1,2,3838,A
1-PB2,1229,1,3852,0,2,3855,T
1-PB2,1230,2,1,3998,0,4001,G
1-PB2,1231,4021,0,2,0,4023,A
1-PB2,1232,0,4045,0,1,4046,T
1-PB2,1233,4026,0,2,0,4028,A
1-PB2,1234,4016,2,1,0,4019,A
1-PB2,1235,4038,0,0,0,4038,A
1-PB2,1236,4037,0,4,2,4043,A
1-PB2,1237,0,3,4050,0,4053,G
1-PB2,1238,1,0,0,4145,4146,C
1-PB2,1239,4159,1,1,1,4162,A
1-PB2,1240,0,3,4292,0,4295,G
1-PB2,1241,0,4280,1,5,4286,T
1-PB2,1242,0,4287,0,3,4290,T
1-PB2,1243,4286,0,3,0,4289,A
1-PB2,1244,0,3,4304,0,4307,G
1-PB2,1245,4272,1,2,0,4275,A
1-PB2,1246,2,10,4258,0,4270,G
1-PB2,1247,3,2,4256,0,4261,G
1-PB2,1248,0,4042,0,5,4047,T
1-PB2,1249,1,5,4081,1,4088,G
1-PB2,1250,4087,1,6,0,4094,A
1-PB2,1251,2,1,1,4109,4113,C
1-PB2,1252,6,1,0,4115,4122,C
1-PB2,1253,1,4083,0,20,4104,T
1-PB2,1254,0,0,4136,0,4136,G
1-PB2,1255,4133,0,1,0,4134,A
1-PB2,1256,4137,0,1,0,4138,A
1-PB2,1257,1,4125,0,3,4129,T
1-PB2,1258,1,4158,1,2,4162,T
1-PB2,1259,2,4169,0,2,4173,T
1-PB2,1260,2,1,0,4155,4158,C
1-PB2,1261,3,0,4157,0,4160,G
1-PB2,1262,0,4153,0,1,4154,T
1-PB2,1263,5,2,0,4156,4163,C
1-PB2,1264,4152,0,3,0,4155,A
1-PB2,1265,4159,0,2,0,4161,A
1-PB2,1266,3,2,0,4155,4160,C
1-PB2,1267,4097,0,3,0,4100,A
1-PB2,1268,2,6,4139,1,4148,G
1-PB2,1269,4113,0,10,0,4123,A
1-PB2,1270,1,4,4126,0,4131,G
1-PB2,1271,2,0,1,4134,4137,C
1-PB2,1272,4130,1,1,0,4132,A
1-PB2,1273,4179,0,3,0,4182,A
1-PB2,1274,4183,1,2,0,4186,A
1-PB2,1275,1,4165,1,2,4169,T
1-PB2,1276,2,0,1,4179,4182,C
1-PB2,1277,4134,0,3,1,4138,A
1-PB2,1278,0,0,4141,0,4141,G
1-PB2,1279,2,1,0,4158,4161,C
1-PB2,1280,14,13,4143,0,4170,G
1-PB2,1281,21,0,4412,0,4433,G
1-PB2,1282,0,4403,0,4,4407,T
1-PB2,1283,0,4403,0,3,4406,T
1-PB2,1284,3,4,4404,0,4411,G
1-PB2,1285,4416,0,7,0,4423,A
1-PB2,1286,4464,0,5,0,4469,A
1-PB2,1287,3,7,0,4488,4498,C
1-PB2,1288,5,1,0,4454,4460,C
1-PB2,1289,10,1,0,4486,4497,C
1-PB2,1290,8,1,0,4290,4299,C
1-PB2,1291,4314,0,4,0,4318,A
1-PB2,1292,0,4333,0,2,4335,T
1-PB2,1293,0,2,4341,0,4343,G
1-PB2,1294,2,1,0,4360,4363,C
1-PB2,1295,4335,1,2,0,4338,A
1-PB2,1296,2,4307,0,3,4312,T
1-PB2,1297,2,0,0,4304,4306,C
1-PB2,1298,4253,0,3,0,4256,A
1-PB2,1299,1,1,4327,0,4329,G
1-PB2,1300,1,1,0,4333,4335,C
1-PB2,1301,0,4318,0,9,4327,T
1-PB2,1302,1,4326,0,0,4327,T
1-PB2,1303,0,4315,1,0,4316,T
1-PB2,1304,0,4317,0,3,4320,T
1-PB2,1305,4323,0,1,1,4325,A
1-PB2,1306,4316,0,3,1,4320,A
1-PB2,1307,1,6,4312,0,4319,G
1-PB2,1308,4,2,4282,0,4288,G
1-PB2,1309,1,2,0,4265,4268,C
1-PB2,1310,4251,1,0,1,4253,A
1-PB2,1311,0,4252,0,1,4253,T
1-PB2,1312,0,4269,0,6,4275,T
1-PB2,1313,0,4276,0,0,4276,T
1-PB2,1314,0,4298,1,2,4301,T
1-PB2,1315,3,1,0,4295,4299,C
1-PB2,1316,4290,0,2,2,4294,A
1-PB2,1317,0,3,4284,0,4287,G
1-PB2,1318,4279,0,4,1,4284,A
1-PB2,1319,4284,0,2,1,4287,A
1-PB2,1320,4278,0,3,1,4282,A
1-PB2,1321,0,2,4292,0,4294,G
1-PB2,1322,4328,0,3,1,4332,A
1-PB2,1323,0,4313,0,1,4314,T
1-PB2,1324,0,2,4329,0,4331,G
1-PB2,1325,0,3,0,4328,4331,C
1-PB2,1326,0,4,4330,0,4334,G
1-PB2,1327,4330,1,3,0,4334,A
1-PB2,1328,4331,0,0,1,4332,A
1-PB2,1329,4321,0,2,1,4324,A
1-PB2,1330,2,1,4326,0,4329,G
1-PB2,1331,2,4274,0,8,4284,T
1-PB2,1332,1,2,4286,0,4289,G
1-PB2,1333,2,0,0,4278,4280,C
1-PB2,1334,0,4277,0,7,4284,T
1-PB2,1335,0,4278,0,0,4278,T
1-PB2,1336,0,4281,0,3,4284,T
1-PB2,1337,1,4280,0,2,4283,T
1-PB2,1338,0,4278,0,3,4281,T
1-PB2,1339,0,1,0,4279,4280,C
1-PB2,1340,4287,1,1,0,4289,A
1-PB2,1341,4303,0,0,0,4303,A
1-PB2,1342,4290,0,3,0,4293,A
1-PB2,1343,4309,1,0,0,4310,A
1-PB2,1344,0,4298,1,1,4300,T
1-PB2,1345,0,4293,0,3,4296,T
1-PB2,1346,1,3,4291,0,4295,G
1-PB2,1347,2,10,4288,0,4300,G
1-PB2,1348,1,9,4278,1,4289,G
1-PB2,1349,1,4,4352,1,4358,G
1-PB2,1350,4314,0,8,0,4322,A
1-PB2,1351,0,1,4414,0,4415,G
1-PB2,1352,0,4399,0,3,4402,T
1-PB2,1353,1,4388,0,6,4395,T
1-PB2,1354,1,6,4404,0,4411,G
1-PB2,1355,4404,1,4,0,4409,A
1-PB2,1356,4405,0,11,0,4416,A
1-PB2,1357,4,1,0,4566,4571,C
1-PB2,1358,4506,1,8,0,4515,A
1-PB2,1359,2,2,0,4637,4641,C
1-PB2,1360,4584,1,3,0,4588,A
1-PB2,1361,1,4604,1,2,4608,T
1-PB2,1362,2,1,1,4616,4620,C
1-PB2,1363,2,4,4605,0,4611,G
1-PB2,1364,4605,0,25,0,4630,A
1-PB2,1365,3,1,1,4616,4621,C
1-PB2,1366,4475,0,3,0,4478,A
1-PB2,1367,0,4,4631,0,4635,G
1-PB2,1368,0,4523,0,1,4524,T
1-PB2,1369,1,4,4611,0,4616,G
1-PB2,1370,1,4576,0,3,4580,T
1-PB2,1371,0,2,4590,2,4594,G
1-PB2,1372,4591,0,6,0,4597,A
1-PB2,1373,1,4558,0,2,4561,T
1-PB2,1374,1,8,4561,0,4570,G
1-PB2,1375,0,3,4561,1,4565,G
1-PB2,1376,1,5,4464,2,4472,G
1-PB2,1377,4432,0,2,0,4434,A
1-PB2,1378,4389,0,1,0,4390,A
1-PB2,1379,1,4396,0,1,4398,T
1-PB2,1380,0,5,4446,0,4451,G
1-PB2,1381,4465,0,1,0,4466,A
1-PB2,1382,0,4458,0,1,4459,T
1-PB2,1383,0,4448,0,5,4453,T
1-PB2,1384,0,11,4428,0,4439,G
1-PB2,1385,1,7,4541,0,4549,G
1-PB2,1386,4541,1,4,0,4546,A
1-PB2,1387,3,2,4583,0,4588,G
1-PB2,1388,1,4546,0,1,4548,T
1-PB2,1389,4544,0,2,0,4546,A
1-PB2,1390,1,4553,0,7,4561,T
1-PB2,1391,0,4589,0,4,4593,T
1-PB2,1392,4656,0,4,0,4660,A
1-PB2,1393,4,4,0,4654,4662,C
1-PB2,1394,12,0,2,4572,4586,C
1-PB2,1395,4551,2,0,0,4553,A
1-PB2,1396,0,4,4558,0,4562,G
1-PB2,1397,4623,0,6,0,4629,A
1-PB2,1398,0,4586,0,2,4588,T
1-PB2,1399,4546,2,0,0,4548,A
1-PB2,1400,1,4507,1,0,4509,T
1-PB2,1401,1,4,4483,0,4488,G
1-PB2,1402,4487,1,4,1,4493,A
1-PB2,1403,1,3,0,4516,4520,C
1-PB2,1404,3,4503,0,9,4515,T
1-PB2,1405,6,0,0,4503,4509,C
1-PB2,1406,12,1,0,4436,4449,C
1-PB2,1407,4456,0,3,0,4459,A
1-PB2,1408,4479,1,3,0,4483,A
1-PB2,1409,0,0,4576,1,4577,G
1-PB2,1410,1,0,0,4543,4544,C
1-PB2,1411,4554,1,2,0,4557,A
1-PB2,1412,2,4,0,4561,4567,C
1-PB2,1413,4529,0,2,1,4532,A
1-PB2,1414,2,2,4545,0,4549,G
1-PB2,1415,4519,1,5,0,4525,A
1-PB2,1416,0,2,4562,0,4564,G
1-PB2,1417,4558,1,2,0,4561,A
1-PB2,1418,1,4410,0,2,4413,T
1-PB2,1419,2,1,4457,1,4461,G
1-PB2,1420,1,4440,0,6,4447,T
1-PB2,1421,2,1,1,4442,4446,C
1-PB2,1422,4449,1,2,0,4452,A
1-PB2,1423,4439,0,2,0,4441,A
1-PB2,1424,0,4437,0,0,4437,T
1-PB2,1425,1,4,4426,1,4432,G
1-PB2,1426,4376,1,4,0,4381,A
1-PB2,1427,0,2,4400,0,4402,G
1-PB2,1428,4322,0,5,0,4327,A
1-PB2,1429,0,5,4342,0,4347,G
1-PB2,1430,1,0,4555,0,4556,G
1-PB2,1431,4551,4,0,0,4555,A
1-PB2,1432,4567,0,3,0,4570,A
1-PB2,1433,0,4558,0,2,4560,T
1-PB2,1434,4556,0,2,0,4558,A
1-PB2,1435,4553,0,4,1,4558,A
1-PB2,1436,0,6,4549,0,4555,G
1-PB2,1437,4525,0,6,0,4531,A
1-PB2,1438,2,2,4532,0,4536,G
1-PB2,1439,0,4225,0,1,4226,T
1-PB2,1440,5,2,0,4245,4252,C
1-PB2,1441,4246,0,3,0,4249,A
1-PB2,1442,1,0,4284,0,4285,G
1-PB2,1443,1,2,0,4291,4294,C
1-PB2,1444,4296,0,1,0,4297,A
1-PB2,1445,4309,0,1,0,4310,A
1-PB2,1446,4289,1,1,0,4291,A
1-PB2,1447,4293,0,7,0,4300,A
1-PB2,1448,0,4292,1,1,4294,T
1-PB2,1449,1,6,4306,0,4313,G
1-PB2,1450,0,10,4309,0,4319,G
1-PB2,1451,1,1,4337,0,4339,G
1-PB2,1452,0,4276,0,3,4279,T
1-PB2,1453,0,1,4288,0,4289,G
1-PB2,1454,0,4265,0,5,4270,T
1-PB2,1455,0,4,4275,0,4279,G
1-PB2,1456,1,0,4335,0,4336,G
1-PB2,1457,4330,0,2,0,4332,A
1-PB2,1458,0,4305,1,1,4307,T
1-PB2,1459,1,2,4320,2,4325,G
1-PB2,1460,4292,3,2,0,4297,A
1-PB2,1461,4312,0,2,0,4314,A
1-PB2,1462,0,4304,0,2,4306,T
1-PB2,1463,4274,2,1,0,4277,A
1-PB2,1464,2,0,0,4625,4627,C
1-PB2,1465,0,4519,0,2,4521,T
1-PB2,1466,10,1,1,4577,4589,C
1-PB2,1467,3,0,0,4585,4588,C
1-PB2,1468,4556,0,3,0,4559,A
1-PB2,1469,0,3,4735,1,4739,G
1-PB2,1470,0,4711,0,2,4713,T
1-PB2,1471,4738,0,1,0,4739,A
1-PB2,1472,2,2,0,4747,4751,C
1-PB2,1473,4284,0,2,0,4286,A
1-PB2,1474,1,6,4290,0,4297,G
1-PB2,1475,4188,1,1,0,4190,A
1-PB2,1476,0,2,4207,0,4209,G
1-PB2,1477,4075,0,7,0,4082,A
1-PB2,1478,0,10,3937,0,3947,G
1-PB2,1479,1,8,3928,0,3937,G
1-PB2,1480,0,1,3936,0,3937,G
1-PB2,1481,0,3885,0,4,3889,T
1-PB2,1482,2,4,3868,1,3875,G
1-PB2,1483,2,1,3880,0,3883,G
1-PB2,1484,1,3864,0,2,3867,T
1-PB2,1485,3,4,3981,1,3989,G
1-PB2,1486,3,0,3986,0,3989,G
1-PB2,1487,0,3881,0,2,3883,T
1-PB2,1488,0,3875,0,2,3877,T
1-PB2,1489,3826,4,1,0,3831,A
1-PB2,1490,0,0,3860,0,3860,G
1-PB2,1491,1,1,0,3845,3847,C
1-PB2,1492,3816,0,0,0,3816,A
1-PB2,1493,0,3808,0,2,3810,T
1-PB2,1494,0,3573,0,2,3575,T
1-PB2,1495,0,8,3574,0,3582,G
1-PB2,1496,3579,1,0,0,3580,A
1-PB2,1497,0,3572,0,3,3575,T
1-PB2,1498,5,1,0,3573,3579,C
1-PB2,1499,1,3,3529,1,3534,G
1-PB2,1500,0,2,3577,0,3579,G
1-PB2,1501,0,3570,1,2,3573,T
1-PB2,1502,0,3572,1,0,3573,T
1-PB2,1503,0,3566,2,1,3569,T
1-PB2,1504,0,3566,0,0,3566,T
1-PB2,1505,1,3556,0,3,3560,T
1-PB2,1506,1,3,3562,0,3566,G
1-PB2,1507,3553,1,3,0,3557,A
1-PB2,1508,0,5,3578,0,3583,G
1-PB2,1509,3453,0,5,0,3458,A
1-PB2,1510,0,3,3479,0,3482,G
1-PB2,1511,0,3469,0,5,3474,T
1-PB2,1512,0,3469,0,2,3471,T
1-PB2,1513,3455,0,0,0,3455,A
1-PB2,1514,1,2,3485,0,3488,G
1-PB2,1515,3446,0,37,0,3483,A
1-PB2,1516,0,4,3489,0,3493,G
1-PB2,1517,3454,0,6,0,3460,A
1-PB2,1518,1,1,0,3462,3464,C
1-PB2,1519,4,0,0,3435,3439,C
1-PB2,1520,3361,1,3,0,3365,A
1-PB2,1521,3405,0,3,0,3408,A
1-PB2,1522,0,0,0,3400,3400,C
1-PB2,1523,0,0,3409,0,3409,G
1-PB2,1524,0,3391,0,1,3392,T
1-PB2,1525,1,3,3361,0,3365,G
1-PB2,1526,0,2,3370,0,3372,G
1-PB2,1527,3,8,3365,0,3376,G
1-PB2,1528,3341,1,2,1,3345,A
1-PB2,1529,3355,1,0,0,3356,A
1-PB2,1530,2,3238,1,2,3243,T
1-PB2,1531,1,1,3350,0,3352,G
1-PB2,1532,1,3325,0,2,3328,T
1-PB2,1533,3322,0,2,0,3324,A
1-PB2,1534,0,3317,0,1,3318,T
1-PB2,1535,0,3289,0,0,3289,T
1-PB2,1536,3309,0,0,0,3309,A
1-PB2,1537,0,3282,0,1,3283,T
1-PB2,1538,0,3258,0,1,3259,T
1-PB2,1539,3251,0,0,0,3251,A
1-PB2,1540,0,2854,0,2,2856,T
1-PB2,1541,2,0,1,2964,2967,C
1-PB2,1542,0,2930,1,2,2933,T
1-PB2,1543,3,0,0,2920,2923,C
1-PB2,1544,3,1,0,2919,2923,C
1-PB2,1545,0,2850,0,0,2850,T
1-PB2,1546,0,2,2861,0,2863,G
1-PB2,1547,2841,1,4,0,2846,A
1-PB2,1548,0,4,2847,0,2851,G
1-PB2,1549,0,0,2845,0,2845,G
1-PB2,1550,2467,0,2,0,2469,A
1-PB2,1551,0,0,2498,0,2498,G
1-PB2,1552,2,1,2470,0,2473,G
1-PB2,1553,0,2398,1,3,2402,T
1-PB2,1554,6,1,0,2411,2418,C
1-PB2,1555,2381,2,4,0,2387,A
1-PB2,1556,0,2,2413,0,2415,G
1-PB2,1557,0,2398,0,1,2399,T
1-PB2,1558,2,1,2398,0,2401,G
1-PB2,1559,2401,2,2,0,2405,A
1-PB2,1560,2266,0,14,0,2280,A
1-PB2,1561,2285,0,5,0,2290,A
1-PB2,1562,0,0,0,2292,2292,C
1-PB2,1563,2270,1,1,0,2272,A
1-PB2,1564,0,1,0,2268,2269,C
1-PB2,1565,2144,0,2,0,2146,A
1-PB2,1566,0,2,2156,0,2158,G
1-PB2,1567,0,5,2144,0,2149,G
1-PB2,1568,0,2,2170,0,2172,G
1-PB2,1569,2164,0,2,0,2166,A
1-PB2,1570,2129,1,2,0,2132,A
1-PB2,1571,2,2,0,2141,2145,C
1-PB2,1572,0,2091,0,2,2093,T
1-PB2,1573,2,1,2098,0,2101,G
1-PB2,1574,2075,0,3,0,2078,A
1-PB2,1575,0,1,2078,0,2079,G
1-PB2,1576,2012,0,4,0,2016,A
1-PB2,1577,1,1,1923,0,1925,G
1-PB2,1578,1916,0,3,0,1919,A
1-PB2,1579,1,1,0,1915,1917,C
1-PB2,1580,0,1824,0,0,1824,T
1-PB2,1581,0,0,1855,0,1855,G
1-PB2,1582,1843,2,5,0,1850,A
1-PB2,1583,0,0,1,1854,1855,C
1-PB2,1584,1835,0,0,0,1835,A
1-PB2,1585,1838,0,0,1,1839,A
1-PB2,1586,0,1832,0,0,1832,T
1-PB2,1587,1820,0,3,0,1823,A
1-PB2,1588,1820,0,1,0,1821,A
1-PB2,1589,0,0,0,1829,1829,C
1-PB2,1590,0,1691,1,1,1693,T
1-PB2,1591,0,1675,0,0,1675,T
1-PB2,1592,1650,1,0,0,1651,A
1-PB2,1593,0,1649,0,2,1651,T
1-PB2,1594,0,1646,0,1,1647,T
1-PB2,1595,0,0,0,1645,1645,C
1-PB2,1596,1511,0,0,0,1511,A
1-PB2,1597,0,1509,1,1,1511,T
1-PB2,1598,1,0,0,1434,1435,C
1-PB2,1599,0,0,1436,0,1436,G
1-PB2,1600,0,1445,0,2,1447,T
1-PB2,1601,3,0,0,1417,1420,C
1-PB2,1602,1,0,1418,0,1419,G
1-PB2,1603,1418,0,0,0,1418,A
1-PB2,1604,1,1409,0,5,1415,T
1-PB2,1605,0,0,1407,0,1407,G
1-PB2,1606,1405,0,0,0,1405,A
1-PB2,1607,0,1395,0,0,1395,T
1-PB2,1608,3,0,1384,1,1388,G
1-PB2,1609,1,1304,0,5,1310,T
1-PB2,1610,1,1,1308,0,1310,G
1-PB2,1611,1,1,1305,0,1307,G
1-PB2,1612,0,1,1302,0,1303,G
1-PB2,1613,1249,0,2,0,1251,A
1-PB2,1614,1,0,1230,0,1231,G
1-PB2,1615,1103,0,1,1,1105,A
1-PB2,1616,0,1054,0,0,1054,T
1-PB2,1617,0,995,1,0,996,T
1-PB2,1618,986,1,0,0,987,A
1-PB2,1619,981,0,1,0,982,A
1-PB2,1620,0,0,0,964,964,C
1-PB2,1621,0,1,841,0,842,G
1-PB2,1622,0,1,823,0,824,G
1-PB2,1623,1,665,0,1,667,T
1-PB2,1624,2,0,0,651,653,C
1-PB2,1625,2,1,0,648,651,C
1-PB2,1626,0,585,0,0,585,T
1-PB2,1627,0,3,585,0,588,G
1-PB2,1628,591,0,0,0,591,A
1-PB2,1629,0,0,586,0,586,G
1-PB2,1630,0,583,0,0,583,T
1-PB2,1631,0,0,0,558,558,C
1-PB2,1632,1,0,554,1,556,G
1-PB2,1633,0,0,571,0,571,G
1-PB2,1634,0,566,0,0,566,T
1-PB2,1635,0,569,0,0,569,T
1-PB2,1636,0,564,0,0,564,T
1-PB2,1637,0,562,0,0,562,T
1-PB2,1638,0,2,587,0,589,G
1-PB2,1639,0,0,592,0,592,G
1-PB2,1640,0,589,0,3,592,T
1-PB2,1641,1,1,0,590,592,C
1-PB2,1642,577,0,0,0,577,A
1-PB2,1643,609,0,0,0,609,A
1-PB2,1644,0,607,0,0,607,T
1-PB2,1645,608,0,1,0,609,A
1-PB2,1646,1,0,0,619,620,C
1-PB2,1647,1,1,0,589,591,C
1-PB2,1648,0,590,0,0,590,T
1-PB2,1649,602,1,1,0,604,A
1-PB2,1650,0,603,0,1,604,T
1-PB2,1651,0,0,0,606,606,C
1-PB2,1652,584,0,0,0,584,A
1-PB2,1653,582,0,0,0,582,A
1-PB2,1654,0,580,0,0,580,T
1-PB2,1655,0,1,557,0,558,G
1-PB2,1656,0,2,561,0,563,G
1-PB2,1657,559,0,0,0,559,A
1-PB2,1658,0,544,0,0,544,T
1-PB2,1659,2,1,0,544,547,C
1-PB2,1660,550,0,1,0,551,A
1-PB2,1661,0,552,0,0,552,T
1-PB2,1662,1,0,0,552,553,C
1-PB2,1663,552,0,1,0,553,A
1-PB2,1664,0,0,554,0,554,G
1-PB2,1665,544,0,2,1,547,A
1-PB2,1666,550,0,1,1,552,A
1-PB2,1667,556,0,0,0,556,A
1-PB2,1668,0,560,0,0,560,T
1-PB2,1669,0,552,0,0,552,T
1-PB2,1670,0,0,552,0,552,G
1-PB2,1671,0,0,544,0,544,G
1-PB2,1672,0,1,547,0,548,G
1-PB2,1673,548,1,0,0,549,A
1-PB2,1674,545,0,1,0,546,A
1-PB2,1675,0,0,546,0,546,G
1-PB2,1676,0,0,0,547,547,C
1-PB2,1677,0,544,0,0,544,T
1-PB2,1678,0,0,552,0,552,G
1-PB2,1679,0,552,0,1,553,T
1-PB2,1680,0,0,0,551,551,C
1-PB2,1681,553,0,0,0,553,A
1-PB2,1682,554,0,0,0,554,A
1-PB2,1683,549,0,1,0,550,A
1-PB2,1684,551,0,0,0,551,A
1-PB2,1685,0,551,0,0,551,T
1-PB2,1686,1,548,0,1,550,T
1-PB2,1687,1,0,0,547,548,C
1-PB2,1688,546,0,0,0,546,A
1-PB2,1689,546,0,0,0,546,A
1-PB2,1690,0,545,0,0,545,T
1-PB2,1691,0,3,537,0,540,G
1-PB2,1692,0,0,549,0,549,G
1-PB2,1693,0,562,0,2,564,T
1-PB2,1694,1,0,0,565,566,C
1-PB2,1695,0,568,0,1,569,T
1-PB2,1696,0,0,1,568,569,C
1-PB2,1697,569,0,0,0,569,A
1-PB2,1698,0,0,572,0,572,G
1-PB2,1699,571,0,0,0,571,A
1-PB2,1700,576,0,0,0,576,A
1-PB2,1701,1,569,0,0,570,T
1-PB2,1702,0,0,0,556,556,C
1-PB2,1703,3,0,0,559,562,C
1-PB2,1704,0,562,0,0,562,T
1-PB2,1705,0,0,561,1,562,G
1-PB2,1706,0,0,0,562,562,C
1-PB2,1707,558,0,0,0,558,A
1-PB2,1708,562,0,0,0,562,A
1-PB2,1709,0,559,0,0,559,T
1-PB2,1710,0,0,576,0,576,G
1-PB2,1711,0,578,0,1,579,T
1-PB2,1712,0,559,0,0,559,T
1-PB2,1713,0,0,572,0,572,G
1-PB2,1714,1,571,0,0,572,T
1-PB2,1715,570,0,0,0,570,A
1-PB2,1716,0,0,0,570,570,C
1-PB2,1717,562,0,0,0,562,A
1-PB2,1718,565,0,0,0,565,A
1-PB2,1719,0,0,0,557,557,C
1-PB2,1720,547,0,0,1,548,A
1-PB2,1721,547,0,0,0,547,A
1-PB2,1722,538,1,0,0,539,A
1-PB2,1723,536,0,0,1,537,A
1-PB2,1724,0,539,0,0,539,T
1-PB2,1725,0,1,537,0,538,G
1-PB2,1726,0,0,537,0,537,G
1-PB2,1727,534,1,1,0,536,A
1-PB2,1728,536,0,0,0,536,A
1-PB2,1729,0,535,0,0,535,T
1-PB2,1730,0,538,0,0,538,T
1-PB2,1731,0,537,0,0,537,T
1-PB2,1732,0,1,534,0,535,G
1-PB2,1733,534,0,1,0,535,A
1-PB2,1734,539,0,0,0,539,A
1-PB2,1735,1,0,0,535,536,C
1-PB2,1736,1,0,0,530,531,C
1-PB2,1737,533,0,0,0,533,A
1-PB2,1738,0,538,0,0,538,T
1-PB2,1739,0,540,0,0,540,T
1-PB2,1740,0,541,0,0,541,T
1-PB2,1741,1,0,0,536,537,C
1-PB2,1742,538,0,0,0,538,A
1-PB2,1743,537,0,0,0,537,A
1-PB2,1744,0,535,0,0,535,T
1-PB2,1745,0,0,0,550,550,C
1-PB2,1746,0,541,0,1,542,T
1-PB2,1747,1,538,0,0,539,T
1-PB2,1748,0,539,0,0,539,T
1-PB2,1749,536,0,0,0,536,A
1-PB2,1750,1,0,537,0,538,G
1-PB2,1751,0,541,0,1,542,T
1-PB2,1752,0,3,0,552,555,C
1-PB2,1753,0,0,0,555,555,C
1-PB2,1754,0,0,0,547,547,C
1-PB2,1755,2,0,0,545,547,C
1-PB2,1756,546,0,0,0,546,A
1-PB2,1757,546,0,0,0,546,A
1-PB2,1758,1,2,550,0,553,G
1-PB2,1759,0,0,551,0,551,G
1-PB2,1760,0,0,0,550,550,C
1-PB2,1761,0,0,0,542,542,C
1-PB2,1762,548,0,0,0,548,A
1-PB2,1763,0,555,0,2,557,T
1-PB2,1764,1,555,0,0,556,T
1-PB2,1765,556,0,2,0,558,A
1-PB2,1766,0,0,557,0,557,G
1-PB2,1767,545,0,1,0,546,A
1-PB2,1768,571,0,0,0,571,A
1-PB2,1769,0,0,581,0,581,G
1-PB2,1770,0,0,0,584,584,C
1-PB2,1771,1,2,0,579,582,C
1-PB2,1772,575,0,0,0,575,A
1-PB2,1773,579,0,0,1,580,A
1-PB2,1774,0,578,0,0,578,T
1-PB2,1775,587,1,1,0,589,A
1-PB2,1776,0,0,0,591,591,C
1-PB2,1777,545,1,0,0,546,A
1-PB2,1778,0,0,548,0,548,G
1-PB2,1779,0,536,0,1,537,T
1-PB2,1780,0,1,544,0,545,G
1-PB2,1781,0,1,545,0,546,G
1-PB2,1782,0,0,543,0,543,G
1-PB2,1783,0,540,0,0,540,T
1-PB2,1784,0,537,0,0,537,T
1-PB2,1785,0,542,0,0,542,T
1-PB2,1786,0,0,547,0,547,G
1-PB2,1787,0,542,0,1,543,T
1-PB2,1788,0,0,0,540,540,C
1-PB2,1789,533,0,0,0,533,A
1-PB2,1790,0,1,535,0,536,G
1-PB2,1791,528,0,0,0,528,A
1-PB2,1792,530,0,0,0,530,A
1-PB2,1793,0,0,0,528,528,C
1-PB2,1794,0,510,0,1,511,T
1-PB2,1795,0,0,0,529,529,C
1-PB2,1796,0,531,0,0,531,T
1-PB2,1797,532,0,0,0,532,A
1-PB2,1798,0,532,0,0,532,T
1-PB2,1799,0,532,0,1,533,T
1-PB2,1800,0,0,0,532,532,C
1-PB2,1801,0,1,0,530,531,C
1-PB2,1802,528,0,1,0,529,A
1-PB2,1803,532,0,0,0,532,A
1-PB2,1804,1,1,0,529,531,C
1-PB2,1805,521,0,1,0,522,A
1-PB2,1806,518,0,0,0,518,A
1-PB2,1807,518,0,0,0,518,A
1-PB2,1808,0,518,0,0,518,T
1-PB2,1809,0,2,520,0,522,G
1-PB2,1810,516,0,0,0,516,A
1-PB2,1811,0,0,530,0,530,G
1-PB2,1812,527,0,0,0,527,A
1-PB2,1813,0,0,528,0,528,G
1-PB2,1814,525,0,1,0,526,A
1-PB2,1815,0,0,0,523,523,C
1-PB2,1816,0,0,527,0,527,G
1-PB2,1817,0,529,0,0,529,T
1-PB2,1818,530,0,0,0,530,A
1-PB2,1819,2,0,0,528,530,C
1-PB2,1820,0,524,0,0,524,T
1-PB2,1821,0,526,0,0,526,T
1-PB2,1822,0,2,523,0,525,G
1-PB2,1823,0,2,524,0,526,G
1-PB2,1824,0,1,522,0,523,G
1-PB2,1825,521,0,0,0,521,A
1-PB2,1826,0,1,0,526,527,C
1-PB2,1827,522,0,0,0,522,A
1-PB2,1828,0,527,1,0,528,T
1-PB2,1829,0,528,0,0,528,T
1-PB2,1830,0,529,0,0,529,T
1-PB2,1831,0,0,531,0,531,G
1-PB2,1832,537,0,0,0,537,A
1-PB2,1833,1,0,0,536,537,C
1-PB2,1834,539,0,0,0,539,A
1-PB2,1835,0,0,0,538,538,C
1-PB2,1836,0,0,0,530,530,C
1-PB2,1837,543,0,0,0,543,A
1-PB2,1838,0,0,0,542,542,C
1-PB2,1839,0,0,0,540,540,C
1-PB2,1840,0,0,0,541,541,C
1-PB2,1841,540,0,0,0,540,A
1-PB2,1842,0,0,547,0,547,G
1-PB2,1843,546,0,0,0,546,A
1-PB2,1844,0,580,0,0,580,T
1-PB2,1845,573,0,0,0,573,A
1-PB2,1846,568,0,0,0,568,A
1-PB2,1847,0,569,0,0,569,T
1-PB2,1848,563,0,0,0,563,A
1-PB2,1849,563,0,0,0,563,A
1-PB2,1850,561,0,0,1,562,A
1-PB2,1851,0,0,565,0,565,G
1-PB2,1852,0,0,0,568,568,C
1-PB2,1853,0,552,0,1,553,T
1-PB2,1854,0,554,0,0,554,T
1-PB2,1855,0,0,0,553,553,C
1-PB2,1856,1,548,0,0,549,T
1-PB2,1857,0,0,0,561,561,C
1-PB2,1858,0,0,0,560,560,C
1-PB2,1859,0,0,0,559,559,C
1-PB2,1860,2,1,1,548,552,C
1-PB2,1861,0,568,0,0,568,T
1-PB2,1862,0,564,0,1,565,T
1-PB2,1863,0,567,0,0,567,T
1-PB2,1864,0,0,565,0,565,G
1-PB2,1865,2,0,0,566,568,C
1-PB2,1866,558,0,1,0,559,A
1-PB2,1867,1,0,562,0,563,G
1-PB2,1868,0,0,0,564,564,C
1-PB2,1869,0,557,0,0,557,T
1-PB2,1870,0,0,559,1,560,G
1-PB2,1871,0,0,0,563,563,C
1-PB2,1872,0,556,0,2,558,T
1-PB2,1873,0,0,0,562,562,C
1-PB2,1874,0,0,0,565,565,C
1-PB2,1875,563,0,1,0,564,A
1-PB2,1876,0,0,0,563,563,C
1-PB2,1877,0,0,0,565,565,C
1-PB2,1878,562,0,0,0,562,A
1-PB2,1879,555,0,0,0,555,A
1-PB2,1880,559,0,0,0,559,A
1-PB2,1881,0,1,562,0,563,G
1-PB2,1882,0,0,0,560,560,C
1-PB2,1883,551,0,0,1,552,A
1-PB2,1884,554,0,0,0,554,A
1-PB2,1885,552,0,0,0,552,A
1-PB2,1886,0,0,558,0,558,G
1-PB2,1887,0,0,0,561,561,C
1-PB2,1888,554,0,0,0,554,A
1-PB2,1889,0,0,553,0,553,G
1-PB2,1890,549,0,0,0,549,A
1-PB2,1891,554,0,0,0,554,A
1-PB2,1892,0,555,0,0,555,T
1-PB2,1893,0,0,554,0,554,G
1-PB2,1894,0,0,0,555,555,C
1-PB2,1895,542,0,0,0,542,A
1-PB2,1896,0,1,549,0,550,G
1-PB2,1897,1,547,1,2,551,T
1-PB2,1898,1,561,0,1,563,T
1-PB2,1899,0,0,0,567,567,C
1-PB2,1900,0,556,0,4,560,T
1-PB2,1901,1,0,0,576,577,C
1-PB2,1902,0,572,0,3,575,T
1-PB2,1903,1,571,0,1,573,T
1-PB2,1904,2,0,0,574,576,C
1-PB2,1905,569,0,0,0,569,A
1-PB2,1906,1,0,0,570,571,C
1-PB2,1907,0,548,0,0,548,T
1-PB2,1908,0,1,553,0,554,G
1-PB2,1909,550,0,1,0,551,A
1-PB2,1910,0,0,0,559,559,C
1-PB2,1911,0,557,0,0,557,T
1-PB2,1912,0,0,560,0,560,G
1-PB2,1913,0,557,0,0,557,T
1-PB2,1914,0,0,571,0,571,G
1-PB2,1915,567,0,1,0,568,A
1-PB2,1916,576,0,0,0,576,A
1-PB2,1917,0,568,0,0,568,T
1-PB2,1918,0,0,570,0,570,G
1-PB2,1919,0,557,0,1,558,T
1-PB2,1920,526,0,0,0,526,A
1-PB2,1921,525,1,0,0,526,A
1-PB2,1922,1,0,526,0,527,G
1-PB2,1923,524,0,3,0,527,A
1-PB2,1924,0,1,535,0,536,G
1-PB2,1925,0,0,550,0,550,G
1-PB2,1926,550,0,0,0,550,A
1-PB2,1927,0,545,0,0,545,T
1-PB2,1928,0,0,1,543,544,C
1-PB2,1929,543,0,2,0,545,A
1-PB2,1930,0,0,552,0,552,G
1-PB2,1931,0,0,549,0,549,G
1-PB2,1932,0,1,551,0,552,G
1-PB2,1933,551,0,0,0,551,A
1-PB2,1934,0,538,0,1,539,T
1-PB2,1935,0,0,540,0,540,G
1-PB2,1936,534,0,0,0,534,A
1-PB2,1937,0,0,549,0,549,G
1-PB2,1938,548,0,0,0,548,A
1-PB2,1939,537,0,0,0,537,A
1-PB2,1940,0,544,0,0,544,T
1-PB2,1941,539,0,0,0,539,A
1-PB2,1942,0,0,0,544,544,C
1-PB2,1943,0,536,0,1,537,T
1-PB2,1944,0,533,0,0,533,T
1-PB2,1945,0,0,541,0,541,G
1-PB2,1946,0,531,0,0,531,T
1-PB2,1947,530,0,1,0,531,A
1-PB2,1948,529,0,0,0,529,A
1-PB2,1949,1,0,518,0,519,G
1-PB2,1950,0,0,519,0,519,G
1-PB2,1951,0,0,511,0,511,G
1-PB2,1952,1,0,512,0,513,G
1-PB2,1953,0,0,0,518,518,C
1-PB2,1954,514,0,1,0,515,A
1-PB2,1955,524,0,0,0,524,A
1-PB2,1956,0,524,0,0,524,T
1-PB2,1957,0,524,0,0,524,T
1-PB2,1958,1,0,0,533,534,C
1-PB2,1959,0,524,0,0,524,T
1-PB2,1960,0,0,0,530,530,C
1-PB2,1961,0,0,0,531,531,C
1-PB2,1962,0,529,0,0,529,T
1-PB2,1963,0,0,541,0,541,G
1-PB2,1964,0,529,0,0,529,T
1-PB2,1965,529,0,0,0,529,A
1-PB2,1966,0,533,0,0,533,T
1-PB2,1967,2,524,0,0,526,T
1-PB2,1968,1,0,0,526,527,C
1-PB2,1969,524,0,0,0,524,A
1-PB2,1970,532,0,0,0,532,A
1-PB2,1971,0,0,0,533,533,C
1-PB2,1972,0,524,0,0,524,T
1-PB2,1973,526,0,0,0,526,A
1-PB2,1974,0,0,0,537,537,C
1-PB2,1975,533,1,0,1,535,A
1-PB2,1976,536,0,1,1,538,A
1-PB2,1977,0,0,0,537,537,C
1-PB2,1978,532,0,0,1,533,A
1-PB2,1979,531,0,0,1,532,A
1-PB2,1980,0,1,532,0,533,G
1-PB2,1981,531,0,0,1,532,A
1-PB2,1982,1,0,0,535,536,C
1-PB2,1983,1,0,1,520,522,C
1-PB2,1984,523,0,2,0,525,A
1-PB2,1985,0,0,0,541,541,C
1-PB2,1986,0,540,0,0,540,T
1-PB2,1987,541,0,0,0,541,A
1-PB2,1988,540,0,0,0,540,A
1-PB2,1989,538,0,0,0,538,A
1-PB2,1990,539,0,1,0,540,A
1-PB2,1991,1,0,544,0,545,G
1-PB2,1992,544,0,0,0,544,A
1-PB2,1993,1,0,0,542,543,C
1-PB2,1994,0,530,0,0,530,T
1-PB2,1995,529,0,0,0,529,A
1-PB2,1996,525,0,1,0,526,A
1-PB2,1997,0,0,0,529,529,C
1-PB2,1998,530,0,0,0,530,A
1-PB2,1999,531,0,0,0,531,A
1-PB2,2000,0,520,1,0,521,T
1-PB2,2001,0,521,1,0,522,T
1-PB2,2002,2,0,0,525,527,C
1-PB2,2003,0,520,0,1,521,T
1-PB2,2004,1,0,0,521,522,C
1-PB2,2005,0,0,523,0,523,G
1-PB2,2006,0,0,527,0,527,G
1-PB2,2007,525,1,0,0,526,A
1-PB2,2008,528,0,0,0,528,A
1-PB2,2009,528,0,0,0,528,A
1-PB2,2010,527,0,0,0,527,A
1-PB2,2011,0,0,528,0,528,G
1-PB2,2012,524,0,0,0,524,A
1-PB2,2013,0,525,0,1,526,T
1-PB2,2014,0,0,523,0,523,G
1-PB2,2015,0,0,0,523,523,C
1-PB2,2016,0,0,0,522,522,C
1-PB2,2017,1,0,522,0,523,G
1-PB2,2018,0,0,523,0,523,G
1-PB2,2019,0,0,0,520,520,C
1-PB2,2020,522,0,0,0,522,A
1-PB2,2021,0,0,0,532,532,C
1-PB2,2022,0,532,1,0,533,T
1-PB2,2023,0,532,0,1,533,T
1-PB2,2024,1,532,0,0,533,T
1-PB2,2025,532,0,1,0,533,A
1-PB2,2026,537,0,0,0,537,A
1-PB2,2027,0,534,0,0,534,T
1-PB2,2028,0,537,0,0,537,T
1-PB2,2029,0,0,535,0,535,G
1-PB2,2030,518,0,0,0,518,A
1-PB2,2031,515,0,0,0,515,A
1-PB2,2032,0,1,515,0,516,G
1-PB2,2033,522,0,1,0,523,A
1-PB2,2034,0,0,0,523,523,C
1-PB2,2035,2,0,0,517,519,C
1-PB2,2036,0,0,0,516,516,C
1-PB2,2037,520,0,0,0,520,A
1-PB2,2038,0,0,525,0,525,G
1-PB2,2039,525,0,0,0,525,A
1-PB2,2040,1,525,0,0,526,T
1-PB2,2041,0,0,526,0,526,G
1-PB2,2042,519,0,0,0,519,A
1-PB2,2043,518,0,0,0,518,A
1-PB2,2044,513,0,7,0,520,A
1-PB2,2045,0,0,523,0,523,G
1-PB2,2046,0,0,0,520,520,C
1-PB2,2047,514,0,0,0,514,A
1-PB2,2048,0,0,0,515,515,C
1-PB2,2049,515,0,1,1,517,A
1-PB2,2050,1,512,0,0,513,T
1-PB2,2051,0,0,0,520,520,C
1-PB2,2052,0,0,0,519,519,C
1-PB2,2053,0,0,514,1,515,G
1-PB2,2054,0,0,517,1,518,G
1-PB2,2055,515,0,0,0,515,A
1-PB2,2056,0,0,520,0,520,G
1-PB2,2057,0,508,1,0,509,T
1-PB2,2058,2,0,513,0,515,G
1-PB2,2059,1,0,517,0,518,G
1-PB2,2060,508,0,2,0,510,A
1-PB2,2061,0,1,510,0,511,G
1-PB2,2062,0,502,0,0,502,T
1-PB2,2063,0,0,0,499,499,C
1-PB2,2064,0,0,0,501,501,C
1-PB2,2065,1,0,499,0,500,G
1-PB2,2066,0,0,0,498,498,C
1-PB2,2067,0,0,0,496,496,C
1-PB2,2068,0,0,501,0,501,G
1-PB2,2069,0,499,0,1,500,T
1-PB2,2070,0,0,0,505,505,C
1-PB2,2071,0,502,2,0,504,T
1-PB2,2072,0,502,0,2,504,T
1-PB2,2073,0,0,506,0,506,G
1-PB2,2074,501,0,0,0,501,A
1-PB2,2075,1,1,501,0,503,G
1-PB2,2076,499,0,0,0,499,A
1-PB2,2077,1,1,480,0,482,G
1-PB2,2078,0,1,477,0,478,G
1-PB2,2079,0,0,479,0,479,G
1-PB2,2080,0,476,0,0,476,T
1-PB2,2081,0,472,0,1,473,T
1-PB2,2082,0,475,0,0,475,T
1-PB2,2083,0,0,0,475,475,C
1-PB2,2084,0,473,0,0,473,T
1-PB2,2085,0,0,0,488,488,C
1-PB2,2086,492,0,0,0,492,A
1-PB2,2087,0,485,0,0,485,T
1-PB2,2088,0,481,0,0,481,T
1-PB2,2089,480,0,0,1,481,A
1-PB2,2090,0,481,0,0,481,T
1-PB2,2091,471,0,0,0,471,A
1-PB2,2092,0,1,473,0,474,G
1-PB2,2093,1,0,473,0,474,G
1-PB2,2094,0,452,0,0,452,T
1-PB2,2095,446,0,0,0,446,A
1-PB2,2096,439,0,0,0,439,A
1-PB2,2097,0,0,444,0,444,G
1-PB2,2098,0,0,445,0,445,G
1-PB2,2099,435,0,1,0,436,A
1-PB2,2100,428,0,1,0,429,A
1-PB2,2101,0,0,431,0,431,G
1-PB2,2102,428,1,0,0,429,A
1-PB2,2103,1,0,0,429,430,C
1-PB2,2104,426,0,0,0,426,A
1-PB2,2105,0,1,426,0,427,G
1-PB2,2106,421,0,2,0,423,A
1-PB2,2107,416,0,0,0,416,A
1-PB2,2108,0,0,416,0,416,G
1-PB2,2109,0,1,411,0,412,G
1-PB2,2110,0,428,0,0,428,T
1-PB2,2111,427,0,1,0,428,A
1-PB2,2112,0,0,0,427,427,C
1-PB2,2113,1,1,425,0,427,G
1-PB2,2114,1,1,445,0,447,G
1-PB2,2115,442,1,1,0,444,A
1-PB2,2116,0,0,0,441,441,C
1-PB2,2117,1,0,0,437,438,C
1-PB2,2118,418,0,1,0,419,A
1-PB2,2119,0,0,436,0,436,G
1-PB2,2120,1,0,0,436,437,C
1-PB2,2121,436,0,0,0,436,A
1-PB2,2122,0,435,0,0,435,T
1-PB2,2123,0,411,0,0,411,T
1-PB2,2124,412,0,0,1,413,A
1-PB2,2125,406,0,1,1,408,A
1-PB2,2126,0,0,409,0,409,G
1-PB2,2127,1,0,0,409,410,C
1-PB2,2128,385,0,0,0,385,A
1-PB2,2129,0,396,0,0,396,T
1-PB2,2130,1,0,0,396,397,C
1-PB2,2131,397,0,0,0,397,A
1-PB2,2132,399,0,0,0,399,A
1-PB2,2133,0,398,0,0,398,T
1-PB2,2134,0,0,398,0,398,G
1-PB2,2135,397,0,0,0,397,A
1-PB2,2136,393,0,0,0,393,A
1-PB2,2137,0,0,0,400,400,C
1-PB2,2138,0,378,0,0,378,T
1-PB2,2139,0,1,392,0,393,G
1-PB2,2140,387,0,0,0,387,A
1-PB2,2141,0,0,391,0,391,G
1-PB2,2142,1,389,0,0,390,T
1-PB2,2143,385,0,0,0,385,A
1-PB2,2144,387,0,0,0,387,A
1-PB2,2145,0,0,0,387,387,C
1-PB2,2146,0,0,0,378,378,C
1-PB2,2147,0,375,0,1,376,T
1-PB2,2148,0,363,0,1,364,T
1-PB2,2149,0,0,363,0,363,G
1-PB2,2150,0,0,0,362,362,C
1-PB2,2151,364,0,0,0,364,A
1-PB2,2152,363,0,0,0,363,A
1-PB2,2153,360,0,0,0,360,A
1-PB2,2154,355,0,1,0,356,A
1-PB2,2155,1,1,354,0,356,G
1-PB2,2156,1,2,349,0,352,G
1-PB2,2157,0,0,351,0,351,G
1-PB2,2158,0,0,349,1,350,G
1-PB2,2159,350,0,0,0,350,A
1-PB2,2160,351,0,0,0,351,A
1-PB2,2161,349,0,0,0,349,A
1-PB2,2162,352,0,1,0,353,A
1-PB2,2163,0,0,356,0,356,G
1-PB2,2164,0,0,355,0,355,G
1-PB2,2165,0,0,0,350,350,C
1-PB2,2166,0,351,0,0,351,T
1-PB2,2167,349,0,0,0,349,A
1-PB2,2168,351,0,0,0,351,A
1-PB2,2169,0,349,0,0,349,T
1-PB2,2170,0,0,353,0,353,G
1-PB2,2171,0,338,0,0,338,T
1-PB2,2172,0,0,336,0,336,G
1-PB2,2173,0,0,0,334,334,C
1-PB2,2174,0,328,0,0,328,T
1-PB2,2175,330,0,0,0,330,A
1-PB2,2176,330,0,0,0,330,A
1-PB2,2177,0,327,1,0,328,T
1-PB2,2178,0,0,0,325,325,C
1-PB2,2179,0,1,315,0,316,G
1-PB2,2180,0,0,318,0,318,G
1-PB2,2181,0,0,320,0,320,G
1-PB2,2182,0,0,0,319,319,C
1-PB2,2183,318,0,0,0,318,A
1-PB2,2184,314,0,1,0,315,A
1-PB2,2185,0,0,319,0,319,G
1-PB2,2186,0,0,320,0,320,G
1-PB2,2187,317,0,0,0,317,A
1-PB2,2188,0,0,320,0,320,G
1-PB2,2189,312,0,1,0,313,A
1-PB2,2190,0,0,0,312,312,C
1-PB2,2191,0,1,310,0,311,G
1-PB2,2192,0,308,0,0,308,T
1-PB2,2193,0,0,306,0,306,G
1-PB2,2194,0,0,312,0,312,G
1-PB2,2195,0,307,0,0,307,T
1-PB2,2196,0,0,310,0,310,G
1-PB2,2197,0,303,1,0,304,T
1-PB2,2198,0,296,0,0,296,T
1-PB2,2199,1,0,299,0,300,G
1-PB2,2200,0,0,299,0,299,G
1-PB2,2201,0,299,0,0,299,T
1-PB2,2202,287,0,0,0,287,A
1-PB2,2203,282,0,0,0,282,A
1-PB2,2204,1,275,0,0,276,T
1-PB2,2205,0,0,268,0,268,G
1-PB2,2206,266,0,0,1,267,A
1-PB2,2207,265,0,0,0,265,A
1-PB2,2208,265,0,0,0,265,A
1-PB2,2209,0,0,0,265,265,C
1-PB2,2210,0,0,265,0,265,G
1-PB2,2211,265,0,0,0,265,A
1-PB2,2212,263,0,0,0,263,A
1-PB2,2213,265,0,0,0,265,A
1-PB2,2214,266,0,0,0,266,A
1-PB2,2215,0,0,0,265,265,C
1-PB2,2216,0,1,265,0,266,G
1-PB2,2217,0,0,267,0,267,G
1-PB2,2218,0,0,265,0,265,G
1-PB2,2219,265,0,1,0,266,A
1-PB2,2220,0,0,0,266,266,C
1-PB2,2221,0,265,0,0,265,T
1-PB2,2222,0,0,0,269,269,C
1-PB2,2223,0,268,0,1,269,T
1-PB2,2224,269,0,0,0,269,A
1-PB2,2225,0,0,269,0,269,G
1-PB2,2226,0,0,0,265,265,C
1-PB2,2227,264,0,0,0,264,A
1-PB2,2228,0,266,0,0,266,T
1-PB2,2229,255,0,0,0,255,A
1-PB2,2230,0,0,0,257,257,C
1-PB2,2231,0,223,0,0,223,T
1-PB2,2232,0,223,0,0,223,T
1-PB2,2233,216,0,1,0,217,A
1-PB2,2234,1,0,0,217,218,C
1-PB2,2235,0,209,0,2,211,T
1-PB2,2236,0,0,211,0,211,G
1-PB2,2237,208,0,0,0,208,A
1-PB2,2238,0,0,0,208,208,C
1-PB2,2239,184,0,0,0,184,A
1-PB2,2240,1,0,186,0,187,G
1-PB2,2241,0,0,0,186,186,C
1-PB2,2242,0,0,0,187,187,C
1-PB2,2243,184,0,0,0,184,A
1-PB2,2244,0,0,187,0,187,G
1-PB2,2245,186,0,0,0,186,A
1-PB2,2246,0,0,0,185,185,C
1-PB2,2247,175,0,0,0,175,A
1-PB2,2248,0,0,176,0,176,G
1-PB2,2249,0,0,0,163,163,C
1-PB2,2250,0,0,162,0,162,G
1-PB2,2251,161,0,0,0,161,A
1-PB2,2252,0,0,0,161,161,C
1-PB2,2253,0,0,0,158,158,C
1-PB2,2254,157,0,0,0,157,A
1-PB2,2255,156,0,0,0,156,A
1-PB2,2256,156,0,0,0,156,A
1-PB2,2257,155,0,0,0,155,A
1-PB2,2258,0,0,156,0,156,G
1-PB2,2259,153,0,0,0,153,A
1-PB2,2260,153,0,0,0,153,A
1-PB2,2261,0,150,0,0,150,T
1-PB2,2262,0,151,0,0,151,T
1-PB2,2263,0,0,0,151,151,C
1-PB2,2264,0,0,149,0,149,G
1-PB2,2265,0,0,149,0,149,G
1-PB2,2266,149,0,0,0,149,A
1-PB2,2267,0,142,0,0,142,T
1-PB2,2268,0,0,142,0,142,G
1-PB2,2269,0,0,139,0,139,G
1-PB2,2270,0,0,0,138,138,C
1-PB2,2271,1,0,1,135,137,C
1-PB2,2272,137,0,0,0,137,A
1-PB2,2273,0,136,0,1,137,T
1-PB2,2274,0,0,0,137,137,C
1-PB2,2275,136,0,0,0,136,A
1-PB2,2276,136,0,0,0,136,A
1-PB2,2277,0,133,0,0,133,T
1-PB2,2278,0,119,0,0,119,T
1-PB2,2279,109,0,0,0,109,A
1-PB2,2280,106,0,0,0,106,A
2-PB1,1,130,0,0,0,130,A
2-PB1,2,0,130,0,0,130,T
2-PB1,3,0,0,132,0,132,G
2-PB1,4,0,0,151,0,151,G
2-PB1,5,174,0,0,0,174,A
2-PB1,6,0,186,0,0,186,T
2-PB1,7,0,0,187,0,187,G
2-PB1,8,0,188,0,0,188,T
2-PB1,9,0,0,0,207,207,C
2-PB1,10,208,0,0,0,208,A
2-PB1,11,215,0,0,0,215,A
2-PB1,12,0,216,0,0,216,T
2-PB1,13,0,0,0,218,218,C
2-PB1,14,0,0,0,239,239,C
2-PB1,15,0,0,248,0,248,G
2-PB1,16,281,0,0,0,281,A
2-PB1,17,0,0,0,283,283,C
2-PB1,18,0,284,0,0,284,T
2-PB1,19,0,6,0,328,334,C
2-PB1,20,0,334,0,0,334,T
2-PB1,21,336,1,0,0,337,A
2-PB1,22,0,0,0,338,338,C
2-PB1,23,0,338,0,0,338,T
2-PB1,24,0,0,388,1,389,G
2-PB1,25,0,391,0,0,391,T
2-PB1,26,0,392,0,0,392,T
2-PB1,27,1,0,0,390,391,C
2-PB1,28,0,0,0,392,392,C
2-PB1,29,0,454,0,0,454,T
2-PB1,30,462,0,0,0,462,A
2-PB1,31,462,0,0,0,462,A
2-PB1,32,464,0,0,0,464,A
2-PB1,33,0,0,469,0,469,G
2-PB1,34,0,2,470,0,472,G
2-PB1,35,0,472,0,0,472,T
2-PB1,36,0,473,0,0,473,T
2-PB1,37,1,0,0,472,473,C
2-PB1,38,1,0,0,473,474,C
2-PB1,39,473,0,0,0,473,A
2-PB1,40,0,0,479,0,479,G
2-PB1,41,1,1,0,476,478,C
2-PB1,42,0,0,481,0,481,G
2-PB1,43,0,0,0,482,482,C
2-PB1,44,482,0,0,0,482,A
2-PB1,45,487,0,0,0,487,A
2-PB1,46,485,0,0,0,485,A
2-PB1,47,489,0,1,0,490,A
2-PB1,48,0,495,0,0,495,T
2-PB1,49,0,0,513,0,513,G
2-PB1,50,0,0,0,515,515,C
2-PB1,51,0,0,0,520,520,C
2-PB1,52,522,0,0,0,522,A
2-PB1,53,0,523,0,0,523,T
2-PB1,54,560,0,0,0,560,A
2-PB1,55,560,0,0,0,560,A
2-PB1,56,0,1,582,0,583,G
2-PB1,57,0,0,0,585,585,C
2-PB1,58,581,0,1,0,582,A
2-PB1,59,0,0,0,608,608,C
2-PB1,60,606,0,1,0,607,A
2-PB1,61,636,1,2,0,639,A
2-PB1,62,0,1,0,643,644,C
2-PB1,63,648,0,0,0,648,A
2-PB1,64,0,657,0,0,657,T
2-PB1,65,0,654,0,1,655,T
2-PB1,66,2,0,0,843,845,C
2-PB1,67,0,0,0,848,848,C
2-PB1,68,0,0,0,854,854,C
2-PB1,69,0,869,0,0,869,T
2-PB1,70,0,865,0,1,866,T
2-PB1,71,948,0,0,0,948,A
2-PB1,72,0,954,0,0,954,T
2-PB1,73,959,0,0,0,959,A
2-PB1,74,1,1,0,967,969,C
2-PB1,75,0,942,0,2,944,T
2-PB1,76,0,2,959,1,962,G
2-PB1,77,1,1,962,0,964,G
2-PB1,78,961,0,0,0,961,A
2-PB1,79,0,0,964,1,965,G
2-PB1,80,967,0,0,0,967,A
2-PB1,81,0,970,0,1,971,T
2-PB1,82,0,0,0,1023,1023,C
2-PB1,83,3,0,0,1022,1025,C
2-PB1,84,0,1023,0,1,1024,T
2-PB1,85,0,0,0,1105,1105,C
2-PB1,86,0,0,0,1104,1104,C
2-PB1,87,1111,0,0,0,1111,A
2-PB1,88,0,1108,0,1,1109,T
2-PB1,89,1104,0,2,0,1106,A
2-PB1,90,0,1,0,1116,1117,C
2-PB1,91,1103,0,0,0,1103,A
2-PB1,92,0,0,1162,0,1162,G
2-PB1,93,0,0,0,1171,1171,C
2-PB1,94,0,0,0,1167,1167,C
2-PB1,95,1169,0,0,0,1169,A
2-PB1,96,0,1167,0,2,1169,T
2-PB1,97,0,2,1171,0,1173,G
2-PB1,98,0,1,1238,0,1239,G
2-PB1,99,1242,0,0,0,1242,A
2-PB1,100,1248,0,0,0,1248,A
2-PB1,101,3,0,0,1242,1245,C
2-PB1,102,1235,0,3,0,1238,A
2-PB1,103,0,5,1271,0,1276,G
2-PB1,104,0,1,1299,0,1300,G
2-PB1,105,1303,0,0,0,1303,A
2-PB1,106,1305,1,1,0,1307,A
2-PB1,107,1,2,0,1309,1312,C
2-PB1,108,1303,0,0,0,1303,A
2-PB1,109,0,2,1487,0,1489,G
2-PB1,110,0,2,1485,0,1487,G
2-PB1,111,1,3,1510,0,1514,G
2-PB1,112,1,1507,0,0,1508,T
2-PB1,113,1505,0,0,0,1505,A
2-PB1,114,1,0,0,1519,1520,C
2-PB1,115,1585,1,1,0,1587,A
2-PB1,116,0,0,0,1646,1646,C
2-PB1,117,1,1,0,1633,1635,C
2-PB1,118,1586,0,0,0,1586,A
2-PB1,119,0,1581,0,0,1581,T
2-PB1,120,0,4,1576,1,1581,G
2-PB1,121,0,3,1583,1,1587,G
2-PB1,122,1582,1,4,0,1587,A
2-PB1,123,0,1,0,1588,1589,C
2-PB1,124,1554,1,2,0,1557,A
2-PB1,125,0,0,0,1583,1583,C
2-PB1,126,1572,0,2,0,1574,A
2-PB1,127,0,1,1602,0,1603,G
2-PB1,128,1,1596,0,1,1598,T
2-PB1,129,0,1,0,1659,1660,C
2-PB1,130,1660,0,0,0,1660,A
2-PB1,131,1682,0,2,0,1684,A
2-PB1,132,1,0,0,1682,1683,C
2-PB1,133,1671,0,2,0,1673,A
2-PB1,134,16,3,1670,0,1689,G
2-PB1,135,1662,1,1,0,1664,A
2-PB1,136,1665,0,3,0,1668,A
2-PB1,137,0,0,0,1666,1666,C
2-PB1,138,1636,0,2,0,1638,A
2-PB1,139,2,0,0,1633,1635,C
2-PB1,140,1634,0,0,0,1634,A
2-PB1,141,1,1615,0,0,1616,T
2-PB1,142,0,1,0,1724,1725,C
2-PB1,143,1727,0,0,1,1728,A
2-PB1,144,1752,0,0,0,1752,A
2-PB1,145,0,1766,0,0,1766,T
2-PB1,146,1829,0,1,0,1830,A
2-PB1,147,0,1831,0,0,1831,T
2-PB1,148,0,1790,0,0,1790,T
2-PB1,149,0,0,0,1788,1788,C
2-PB1,150,1763,1,2,0,1766,A
2-PB1,151,0,3,1762,0,1765,G
2-PB1,152,1757,0,1,0,1758,A
2-PB1,153,0,4,1755,0,1759,G
2-PB1,154,1731,0,2,0,1733,A
2-PB1,155,1,5,1689,0,1695,G
2-PB1,156,0,4,1691,0,1695,G
2-PB1,157,0,4,1773,0,1777,G
2-PB1,158,1,0,1774,0,1775,G
2-PB1,159,0,1,1790,0,1791,G
2-PB1,160,1788,0,1,0,1789,A
2-PB1,161,1790,0,2,0,1792,A
2-PB1,162,0,1,1802,0,1803,G
2-PB1,163,0,1793,0,1,1794,T
2-PB1,164,1,1,1787,0,1789,G
2-PB1,165,0,1,1785,0,1786,G
2-PB1,166,1785,0,3,0,1788,A
2-PB1,167,0,2,0,1797,1799,C
2-PB1,168,0,1,1803,0,1804,G
2-PB1,169,1815,1,1,0,1817,A
2-PB1,170,0,0,0,1832,1832,C
2-PB1,171,1820,0,0,0,1820,A
2-PB1,172,1819,1,0,0,1820,A
2-PB1,173,1834,0,0,0,1834,A
2-PB1,174,0,1852,0,3,1855,T
2-PB1,175,1856,1,1,0,1858,A
2-PB1,176,2,1,0,1860,1863,C
2-PB1,177,1835,1,1,0,1837,A
2-PB1,178,0,1,1850,0,1851,G
2-PB1,179,1833,0,0,0,1833,A
2-PB1,180,1852,0,0,0,1852,A
2-PB1,181,1853,0,0,0,1853,A
2-PB1,182,3,0,0,1849,1852,C
2-PB1,183,0,1827,0,2,1829,T
2-PB1,184,1,4,1825,0,1830,G
2-PB1,185,0,4,1817,1,1822,G
2-PB1,186,1,3,1816,0,1820,G
2-PB1,187,2,1,1812,0,1815,G
2-PB1,188,0,1,0,1826,1827,C
2-PB1,189,1815,0,2,1,1818,A
2-PB1,190,0,0,0,1893,1893,C
2-PB1,191,4,0,1,1878,1883,C
2-PB1,192,4,2,0,1879,1885,C
2-PB1,193,6,1,0,1883,1890,C
2-PB1,194,1881,0,0,11,1892,A
2-PB1,195,1902,1,1,0,1904,A
2-PB1,196,3,1,0,1904,1908,C
2-PB1,197,0,1898,0,0,1898,T
2-PB1,198,0,0,0,1907,1907,C
2-PB1,199,1838,0,4,0,1842,A
2-PB1,200,1881,0,1,0,1882,A
2-PB1,201,1,1,0,1878,1880,C
2-PB1,202,2,0,0,1869,1871,C
2-PB1,203,3,2,0,1869,1874,C
2-PB1,204,1865,0,0,0,1865,A
2-PB1,205,1875,0,0,0,1875,A
2-PB1,206,0,1890,0,0,1890,T
2-PB1,207,0,1884,0,0,1884,T
2-PB1,208,0,3,1883,1,1887,G
2-PB1,209,1839,0,28,0,1867,A
2-PB1,210,1,1864,0,2,1867,T
2-PB1,211,1,0,1863,1,1865,G
2-PB1,212,1,2,1875,0,1878,G
2-PB1,213,1897,0,0,0,1897,A
2-PB1,214,0,0,0,1902,1902,C
2-PB1,215,2,0,0,1893,1895,C
2-PB1,216,1895,0,1,0,1896,A
2-PB1,217,1,0,0,1956,1957,C
2-PB1,218,0,1955,0,1,1956,T
2-PB1,219,1977,0,1,0,1978,A
2-PB1,220,0,0,0,1996,1996,C
2-PB1,221,5,0,0,1967,1972,C
2-PB1,222,0,1946,0,0,1946,T
2-PB1,223,0,2,1946,0,1948,G
2-PB1,224,1939,2,2,0,1943,A
2-PB1,225,0,4,1958,0,1962,G
2-PB1,226,0,0,1956,0,1956,G
2-PB1,227,1952,0,2,0,1954,A
2-PB1,228,0,1946,0,0,1946,T
2-PB1,229,1912,0,0,0,1912,A
2-PB1,230,1917,0,0,0,1917,A
2-PB1,231,0,1915,0,0,1915,T
2-PB1,232,1,4,1905,1,1911,G
2-PB1,233,1911,0,1,0,1912,A
2-PB1,234,1903,0,1,1,1905,A
2-PB1,235,1,0,0,1907,1908,C
2-PB1,236,3,0,0,1884,1887,C
2-PB1,237,1894,0,0,0,1894,A
2-PB1,238,1892,1,1,0,1894,A
2-PB1,239,1,1,1905,0,1907,G
2-PB1,240,2,1912,1,0,1915,T
2-PB1,241,0,5,1905,0,1910,G
2-PB1,242,0,2,1934,0,1936,G
2-PB1,243,1933,0,2,0,1935,A
2-PB1,244,1,1929,1,0,1931,T
2-PB1,245,1937,0,0,0,1937,A
2-PB1,246,0,1972,1,1,1974,T
2-PB1,247,0,0,1976,1,1977,G
2-PB1,248,2,1,1,1967,1971,C
2-PB1,249,1969,1,2,0,1972,A
2-PB1,250,1,0,0,2031,2032,C
2-PB1,251,1995,1,0,0,1996,A
2-PB1,252,2023,0,1,0,2024,A
2-PB1,253,2022,0,0,0,2022,A
2-PB1,254,1,2,0,2027,2030,C
2-PB1,255,1971,1,0,1,1973,A
2-PB1,256,0,1,1996,0,1997,G
2-PB1,257,1994,1,0,0,1995,A
2-PB1,258,2,0,0,1995,1997,C
2-PB1,259,0,1936,0,1,1937,T
2-PB1,260,0,1,1995,1,1997,G
2-PB1,261,1,1964,0,3,1968,T
2-PB1,262,1,0,2068,0,2069,G
2-PB1,263,1,2062,0,1,2064,T
2-PB1,264,4,0,0,2061,2065,C
2-PB1,265,1,0,0,2051,2052,C
2-PB1,266,0,2024,0,0,2024,T
2-PB1,267,0,3,2023,0,2026,G
2-PB1,268,0,1,2021,1,2023,G
2-PB1,269,1998,1,1,0,2000,A
2-PB1,270,1,3,2019,0,2023,G
2-PB1,271,0,0,1939,0,1939,G
2-PB1,272,0,0,0,1948,1948,C
2-PB1,273,0,1932,0,0,1932,T
2-PB1,274,1939,1,1,0,1941,A
2-PB1,275,0,1938,0,2,1940,T
2-PB1,276,2,0,1943,0,1945,G
2-PB1,277,1,0,1944,0,1945,G
2-PB1,278,0,0,0,1937,1937,C
2-PB1,279,1,0,0,1918,1919,C
2-PB1,280,1,1891,0,2,1894,T
2-PB1,281,0,2008,0,1,2009,T
2-PB1,282,1,2,1,2008,2012,C
2-PB1,283,0,0,0,2014,2014,C
2-PB1,284,0,2013,0,0,2013,T
2-PB1,285,0,2015,0,1,2016,T
2-PB1,286,1,0,2018,0,2019,G
2-PB1,287,2018,0,2,0,2020,A
2-PB1,288,2023,0,0,0,2023,A
2-PB1,289,2,0,2031,1,2034,G
2-PB1,290,1938,0,0,0,1938,A
2-PB1,291,1958,0,1,0,1959,A
2-PB1,292,0,1956,0,0,1956,T
2-PB1,293,2,0,0,1952,1954,C
2-PB1,294,1,0,0,1953,1954,C
2-PB1,295,5,1,0,1942,1948,C
2-PB1,296,1953,0,1,1,1955,A
2-PB1,297,1,0,0,1965,1966,C
2-PB1,298,4,0,0,1969,1973,C
2-PB1,299,4,1,0,1970,1975,C
2-PB1,300,1938,0,6,0,1944,A
2-PB1,301,1,2,1964,0,1967,G
2-PB1,302,1,1,1968,0,1970,G
2-PB1,303,0,1969,0,0,1969,T
2-PB1,304,1975,0,1,0,1976,A
2-PB1,305,0,1965,0,0,1965,T
2-PB1,306,1,0,0,1971,1972,C
2-PB1,307,1,1961,0,1,1963,T
2-PB1,308,0,1957,0,0,1957,T
2-PB1,309,1,1950,0,2,1953,T
2-PB1,310,1,2,1948,0,1951,G
2-PB1,311,1933,0,0,0,1933,A
2-PB1,312,0,0,1940,0,1940,G
2-PB1,313,1920,2,0,0,1922,A
2-PB1,314,1921,0,1,0,1922,A
2-PB1,315,3,0,0,1930,1933,C
2-PB1,316,0,1910,0,2,1912,T
2-PB1,317,0,0,0,1913,1913,C
2-PB1,318,1915,0,0,2,1917,A
2-PB1,319,2,1907,0,1,1910,T
2-PB1,320,0,0,1921,0,1921,G
2-PB1,321,1,0,0,1955,1956,C
2-PB1,322,2,0,0,1959,1961,C
2-PB1,323,0,1949,0,0,1949,T
2-PB1,324,0,1932,0,1,1933,T
2-PB1,325,1,1,1940,0,1942,G
2-PB1,326,1949,0,1,0,1950,A
2-PB1,327,1948,0,2,0,1950,A
2-PB1,328,1948,0,2,0,1950,A
2-PB1,329,0,0,0,1963,1963,C
2-PB1,330,1921,0,0,0,1921,A
2-PB1,331,1934,0,0,0,1934,A
2-PB1,332,0,1931,0,0,1931,T
2-PB1,333,2,0,1932,0,1934,G
2-PB1,334,0,3,1925,0,1928,G
2-PB1,335,1914,0,0,0,1914,A
2-PB1,336,1910,2,0,0,1912,A
2-PB1,337,1,0,1915,0,1916,G
2-PB1,338,0,0,0,1916,1916,C
2-PB1,339,1,0,0,1895,1896,C
2-PB1,340,0,1,1920,0,1921,G
2-PB1,341,1,1919,0,2,1922,T
2-PB1,342,0,1920,0,3,1923,T
2-PB1,343,1,2,0,1937,1940,C
2-PB1,344,1937,0,0,0,1937,A
2-PB1,345,1967,0,0,0,1967,A
2-PB1,346,0,0,0,1968,1968,C
2-PB1,347,1960,0,1,0,1961,A
2-PB1,348,0,0,1966,0,1966,G
2-PB1,349,1931,0,2,0,1933,A
2-PB1,350,0,0,0,1933,1933,C
2-PB1,351,1931,0,0,0,1931,A
2-PB1,352,1946,1,2,0,1949,A
2-PB1,353,0,2,1970,0,1972,G
2-PB1,354,0,2,1947,0,1949,G
2-PB1,355,0,1,1952,0,1953,G
2-PB1,356,0,1914,0,3,1917,T
2-PB1,357,0,0,1909,0,1909,G
2-PB1,358,0,4,1902,0,1906,G
2-PB1,359,1903,0,2,0,1905,A
2-PB1,360,2,0,0,1902,1904,C
2-PB1,361,1865,1,1,0,1867,A
2-PB1,362,1892,0,0,0,1892,A
2-PB1,363,1891,0,1,0,1892,A
2-PB1,364,0,0,0,1893,1893,C
2-PB1,365,0,1882,0,0,1882,T
2-PB1,366,1890,0,0,0,1890,A
2-PB1,367,1902,0,0,0,1902,A
2-PB1,368,3,0,0,1901,1904,C
2-PB1,369,1,0,0,1907,1908,C
2-PB1,370,10,1,0,1892,1903,C
2-PB1,371,1835,0,0,0,1835,A
2-PB1,372,1838,0,0,0,1838,A
2-PB1,373,0,4,1843,0,1847,G
2-PB1,374,0,0,1843,0,1843,G
2-PB1,375,0,1845,0,0,1845,T
2-PB1,376,2,0,0,1829,1831,C
2-PB1,377,0,3,1824,0,1827,G
2-PB1,378,0,1,0,1821,1822,C
2-PB1,379,2,1,0,1827,1830,C
2-PB1,380,1822,0,1,0,1823,A
2-PB1,381,1,1,1851,0,1853,G
2-PB1,382,1884,0,1,0,1885,A
2-PB1,383,0,0,0,1890,1890,C
2-PB1,384,0,1884,0,1,1885,T
2-PB1,385,0,1879,0,0,1879,T
2-PB1,386,1882,0,0,0,1882,A
2-PB1,387,1,1884,0,1,1886,T
2-PB1,388,1,3,1877,0,1881,G
2-PB1,389,1876,0,1,0,1877,A
2-PB1,390,1,1842,0,0,1843,T
2-PB1,391,0,1801,0,0,1801,T
2-PB1,392,0,4,1793,0,1797,G
2-PB1,393,1,0,1796,0,1797,G
2-PB1,394,1821,0,0,0,1821,A
2-PB1,395,1,0,0,1818,1819,C
2-PB1,396,1798,0,3,0,1801,A
2-PB1,397,0,1787,0,1,1788,T
2-PB1,398,0,1811,0,0,1811,T
2-PB1,399,1821,0,0,0,1821,A
2-PB1,400,1815,0,2,1,1818,A
2-PB1,401,1811,1,2,1,1815,A
2-PB1,402,0,0,0,1822,1822,C
2-PB1,403,1786,1,0,1,1788,A
2-PB1,404,0,0,1804,0,1804,G
2-PB1,405,1791,0,0,1,1792,A
2-PB1,406,1787,2,1,0,1790,A
2-PB1,407,1790,0,2,0,1792,A
2-PB1,408,1,1776,0,0,1777,T
2-PB1,409,0,0,0,1777,1777,C
2-PB1,410,1777,0,0,0,1777,A
2-PB1,411,1784,0,0,0,1784,A
2-PB1,412,0,2,0,1778,1780,C
2-PB1,413,2,0,0,1762,1764,C
2-PB1,414,0,1,1769,2,1772,G
2-PB1,415,1,0,1771,0,1772,G
2-PB1,416,0,1,0,1768,1769,C
2-PB1,417,1775,0,0,0,1775,A
2-PB1,418,0,0,1783,0,1783,G
2-PB1,419,1,0,0,1795,1796,C
2-PB1,420,1794,0,1,0,1795,A
2-PB1,421,1801,0,0,0,1801,A
2-PB1,422,1,0,0,1808,1809,C
2-PB1,423,0,1793,0,0,1793,T
2-PB1,424,1,0,1847,0,1848,G
2-PB1,425,0,1,0,1847,1848,C
2-PB1,426,1846,1,0,1,1848,A
2-PB1,427,0,1848,1,2,1851,T
2-PB1,428,0,1818,0,0,1818,T
2-PB1,429,1935,0,1,1,1937,A
2-PB1,430,1,1,1945,0,1947,G
2-PB1,431,1,1,0,1930,1932,C
2-PB1,432,0,2,1,1931,1934,C
2-PB1,433,1844,0,1,1,1846,A
2-PB1,434,1854,1,1,0,1856,A
2-PB1,435,3,0,0,1870,1873,C
2-PB1,436,1875,0,1,0,1876,A
2-PB1,437,0,0,0,1946,1946,C
2-PB1,438,9,1,1,1800,1811,C
2-PB1,439,1803,0,0,0,1803,A
2-PB1,440,18,1779,0,1,1798,T
2-PB1,441,1802,0,0,0,1802,A
2-PB1,442,0,1,1801,1,1803,G
2-PB1,443,1790,0,0,1,1791,A
2-PB1,444,1773,1,3,0,1777,A
2-PB1,445,1,0,1793,0,1794,G
2-PB1,446,1,1716,0,1,1718,T
2-PB1,447,0,1709,0,1,1710,T
2-PB1,448,1,1709,1,0,1711,T
2-PB1,449,0,1712,0,1,1713,T
2-PB1,450,0,1718,0,1,1719,T
2-PB1,451,1711,1,1,0,1713,A
2-PB1,452,0,1,1714,1,1716,G
2-PB1,453,1705,1,0,0,1706,A
2-PB1,454,0,1700,1,1,1702,T
2-PB1,455,1,1,0,1681,1683,C
2-PB1,456,0,2,1686,1,1689,G
2-PB1,457,1687,0,2,0,1689,A
2-PB1,458,1691,0,0,0,1691,A
2-PB1,459,1,2,0,1697,1700,C
2-PB1,460,1,2,1692,0,1695,G
2-PB1,461,0,0,1779,0,1779,G
2-PB1,462,1773,0,3,0,1776,A
2-PB1,463,1,1769,0,0,1770,T
2-PB1,464,1,1774,0,1,1776,T
2-PB1,465,1772,0,1,0,1773,A
2-PB1,466,1772,0,1,0,1773,A
2-PB1,467,2,0,0,1782,1784,C
2-PB1,468,1764,1,0,0,1765,A
2-PB1,469,0,0,1779,0,1779,G
2-PB1,470,0,1,0,1722,1723,C
2-PB1,471,0,1719,0,0,1719,T
2-PB1,472,1714,0,1,0,1715,A
2-PB1,473,1719,0,0,0,1719,A
2-PB1,474,0,1714,0,2,1716,T
2-PB1,475,0,3,1727,0,1730,G
2-PB1,476,1727,0,0,0,1727,A
2-PB1,477,1727,0,0,0,1727,A
2-PB1,478,1,1698,0,0,1699,T
2-PB1,479,3,0,1,1702,1706,C
2-PB1,480,1702,0,1,0,1703,A
2-PB1,481,0,4,1700,0,1704,G
2-PB1,482,0,0,1703,0,1703,G
2-PB1,483,1703,0,1,0,1704,A
2-PB1,484,1673,0,0,1,1674,A
2-PB1,485,1,0,1745,0,1746,G
2-PB1,486,0,0,1744,0,1744,G
2-PB1,487,0,2,0,1737,1739,C
2-PB1,488,0,1739,0,0,1739,T
2-PB1,489,1738,0,1,0,1739,A
2-PB1,490,1743,0,0,0,1743,A
2-PB1,491,0,1743,0,0,1743,T
2-PB1,492,1746,0,0,0,1746,A
2-PB1,493,0,0,1748,0,1748,G
2-PB1,494,1643,0,0,0,1643,A
2-PB1,495,1,1623,0,3,1627,T
2-PB1,496,0,1621,1,2,1624,T
2-PB1,497,0,1622,0,2,1624,T
2-PB1,498,2,0,0,1676,1678,C
2-PB1,499,3,0,0,1680,1683,C
2-PB1,500,1,1682,0,0,1683,T
2-PB1,501,3,0,0,1684,1687,C
2-PB1,502,1684,1,3,0,1688,A
2-PB1,503,1690,0,2,0,1692,A
2-PB1,504,0,1,1696,0,1697,G
2-PB1,505,0,2,1710,0,1712,G
2-PB1,506,1710,0,0,0,1710,A
2-PB1,507,0,1644,0,0,1644,T
2-PB1,508,0,1,1659,0,1660,G
2-PB1,509,0,1655,0,1,1656,T
2-PB1,510,1,0,1674,0,1675,G
2-PB1,511,1669,1,4,0,1674,A
2-PB1,512,1,1669,0,0,1670,T
2-PB1,513,1,2,1662,0,1665,G
2-PB1,514,2,1,1652,0,1655,G
2-PB1,515,1660,0,0,0,1660,A
2-PB1,516,1656,0,2,0,1658,A
2-PB1,517,0,1637,0,1,1638,T
2-PB1,518,2,0,1,1633,1636,C
2-PB1,519,1610,0,1,0,1611,A
2-PB1,520,1612,0,1,0,1613,A
2-PB1,521,0,1613,0,0,1613,T
2-PB1,522,0,5,1625,0,1630,G
2-PB1,523,0,0,1633,0,1633,G
2-PB1,524,1629,0,0,0,1629,A
2-PB1,525,0,1627,0,0,1627,T
2-PB1,526,1625,1,1,0,1627,A
2-PB1,527,1621,0,0,0,1621,A
2-PB1,528,1613,0,2,0,1615,A
2-PB1,529,0,0,1633,0,1633,G
2-PB1,530,1618,0,0,0,1618,A
2-PB1,531,1,0,1603,0,1604,G
2-PB1,532,0,0,1604,0,1604,G
2-PB1,533,1591,1,2,0,1594,A
2-PB1,534,1588,0,6,0,1594,A
2-PB1,535,1595,0,0,0,1595,A
2-PB1,536,0,1594,0,0,1594,T
2-PB1,537,1,2,1622,1,1626,G
2-PB1,538,0,1,1616,0,1617,G
2-PB1,539,1597,0,1,0,1598,A
2-PB1,540,0,0,1607,0,1607,G
2-PB1,541,1585,0,2,0,1587,A
2-PB1,542,0,1606,0,1,1607,T
2-PB1,543,1601,0,2,0,1603,A
2-PB1,544,1621,0,0,0,1621,A
2-PB1,545,1,0,0,1628,1629,C
2-PB1,546,1601,1,0,0,1602,A
2-PB1,547,1609,0,0,0,1609,A
2-PB1,548,2,0,0,1609,1611,C
2-PB1,549,1600,0,1,0,1601,A
2-PB1,550,2,0,0,1605,1607,C
2-PB1,551,1569,0,1,0,1570,A
2-PB1,552,3,0,0,1575,1578,C
2-PB1,553,0,1552,0,0,1552,T
2-PB1,554,0,1555,0,1,1556,T
2-PB1,555,0,1560,0,1,1561,T
2-PB1,556,1,0,0,1549,1550,C
2-PB1,557,1558,0,0,0,1558,A
2-PB1,558,1560,1,0,0,1561,A
2-PB1,559,1565,0,1,0,1566,A
2-PB1,560,0,0,1579,1,1580,G
2-PB1,561,1561,0,0,0,1561,A
2-PB1,562,1565,0,0,0,1565,A
2-PB1,563,1563,0,0,0,1563,A
2-PB1,564,1564,1,2,0,1567,A
2-PB1,565,1568,1,2,0,1571,A
2-PB1,566,0,2,1570,0,1572,G
2-PB1,567,0,2,1573,0,1575,G
2-PB1,568,1553,0,1,1,1555,A
2-PB1,569,0,2,1581,0,1583,G
2-PB1,570,1576,0,0,0,1576,A
2-PB1,571,0,1,1630,1,1632,G
2-PB1,572,2,1626,0,0,1628,T
2-PB1,573,1633,0,0,0,1633,A
2-PB1,574,1633,0,1,0,1634,A
2-PB1,575,0,4,1633,0,1637,G
2-PB1,576,0,4,1639,0,1643,G
2-PB1,577,0,0,1644,0,1644,G
2-PB1,578,1609,1,5,0,1615,A
2-PB1,579,0,0,0,1624,1624,C
2-PB1,580,1568,0,1,0,1569,A
2-PB1,581,1566,0,7,0,1573,A
2-PB1,582,2,0,0,1567,1569,C
2-PB1,583,1562,0,1,0,1563,A
2-PB1,584,0,1549,0,0,1549,T
2-PB1,585,0,0,1542,0,1542,G
2-PB1,586,1540,0,3,0,1543,A
2-PB1,587,0,0,0,1538,1538,C
2-PB1,588,1,1,0,1507,1509,C
2-PB1,589,1515,0,1,0,1516,A
2-PB1,590,1512,0,0,0,1512,A
2-PB1,591,0,0,1526,0,1526,G
2-PB1,592,1527,0,0,0,1527,A
2-PB1,593,1528,0,0,0,1528,A
2-PB1,594,1515,0,2,0,1517,A
2-PB1,595,1515,1,2,0,1518,A
2-PB1,596,0,1516,0,0,1516,T
2-PB1,597,0,1,1517,0,1518,G
2-PB1,598,1,0,1520,0,1521,G
2-PB1,599,0,1513,0,2,1515,T
2-PB1,600,1,1,0,1504,1506,C
2-PB1,601,1523,1,1,0,1525,A
2-PB1,602,0,0,0,1638,1638,C
2-PB1,603,1656,0,1,0,1657,A
2-PB1,604,0,0,0,1660,1660,C
2-PB1,605,1641,0,1,0,1642,A
2-PB1,606,1714,0,1,0,1715,A
2-PB1,607,1698,0,2,1,1701,A
2-PB1,608,0,2,1768,0,1770,G
2-PB1,609,189,0,1511,0,1700,G
2-PB1,610,1764,0,1,0,1765,A
2-PB1,611,4,2,0,1811,1817,C
2-PB1,612,1820,0,1,0,1821,A
2-PB1,613,1836,1,2,0,1839,A
2-PB1,614,0,1834,0,1,1835,T
2-PB1,615,1810,0,1,0,1811,A
2-PB1,616,0,4,1807,0,1811,G
2-PB1,617,2,6,1740,0,1748,G
2-PB1,618,0,1,1755,0,1756,G
2-PB1,619,1750,1,0,0,1751,A
2-PB1,620,1725,0,2,0,1727,A
2-PB1,621,1,1,1744,0,1746,G
2-PB1,622,1741,0,1,0,1742,A
2-PB1,623,1743,0,0,0,1743,A
2-PB1,624,1747,1,2,0,1750,A
2-PB1,625,1756,0,1,1,1758,A
2-PB1,626,1789,0,0,0,1789,A
2-PB1,627,1793,1,0,0,1794,A
2-PB1,628,0,0,0,1795,1795,C
2-PB1,629,1785,1,1,0,1787,A
2-PB1,630,1789,1,0,0,1790,A
2-PB1,631,1780,0,0,0,1780,A
2-PB1,632,1,2,1815,1,1819,G
2-PB1,633,1818,0,2,0,1820,A
2-PB1,634,0,0,1887,0,1887,G
2-PB1,635,0,1863,2,0,1865,T
2-PB1,636,0,2,2107,0,2109,G
2-PB1,637,2111,0,2,0,2113,A
2-PB1,638,2115,0,0,0,2115,A
2-PB1,639,0,2149,1,1,2151,T
2-PB1,640,2154,0,0,0,2154,A
2-PB1,641,2149,0,1,0,2150,A
2-PB1,642,0,2,2153,0,2155,G
2-PB1,643,2097,1,4,0,2102,A
2-PB1,644,0,3,2107,3,2113,G
2-PB1,645,1994,0,4,0,1998,A
2-PB1,646,0,0,2017,0,2017,G
2-PB1,647,0,0,2030,0,2030,G
2-PB1,648,0,0,0,2025,2025,C
2-PB1,649,0,2015,0,0,2015,T
2-PB1,650,2073,0,0,0,2073,A
2-PB1,651,1,0,0,2164,2165,C
2-PB1,652,5,0,0,2157,2162,C
2-PB1,653,1,2179,0,1,2181,T
2-PB1,654,2255,0,1,0,2256,A
2-PB1,655,2250,1,1,0,2252,A
2-PB1,656,0,2253,0,0,2253,T
2-PB1,657,2245,0,0,0,2245,A
2-PB1,658,2239,1,2,1,2243,A
2-PB1,659,0,0,2239,0,2239,G
2-PB1,660,2164,0,3,0,2167,A
2-PB1,661,0,1,2187,0,2188,G
2-PB1,662,0,0,0,2199,2199,C
2-PB1,663,0,2161,0,2,2163,T
2-PB1,664,0,2175,0,2,2177,T
2-PB1,665,0,2175,0,0,2175,T
2-PB1,666,0,3,2173,0,2176,G
2-PB1,667,2208,0,2,0,2210,A
2-PB1,668,0,0,0,2217,2217,C
2-PB1,669,2215,0,2,0,2217,A
2-PB1,670,0,2198,1,1,2200,T
2-PB1,671,0,2184,0,2,2186,T
2-PB1,672,0,2,2240,0,2242,G
2-PB1,673,2232,1,3,0,2236,A
2-PB1,674,2235,0,1,0,2236,A
2-PB1,675,1,1,0,2249,2251,C
2-PB1,676,2226,0,1,0,2227,A
2-PB1,677,0,0,0,2233,2233,C
2-PB1,678,1,4,2223,0,2228,G
2-PB1,679,2226,0,8,0,2234,A
2-PB1,680,1,2234,1,1,2237,T
2-PB1,681,0,1,2271,0,2272,G
2-PB1,682,2280,0,1,1,2282,A
2-PB1,683,1,1,0,2285,2287,C
2-PB1,684,2,2,0,2276,2280,C
2-PB1,685,2281,0,2,0,2283,A
2-PB1,686,2310,0,0,0,2310,A
2-PB1,687,2312,0,5,0,2317,A
2-PB1,688,0,1,2379,1,2381,G
2-PB1,689,2402,1,0,0,2403,A
2-PB1,690,0,2375,0,1,2376,T
2-PB1,691,0,0,2372,0,2372,G
2-PB1,692,0,1,0,2364,2365,C
2-PB1,693,2363,0,2,0,2365,A
2-PB1,694,0,2,2387,0,2389,G
2-PB1,695,2366,0,2,0,2368,A
2-PB1,696,1,2,2363,0,2366,G
2-PB1,697,2303,1,0,0,2304,A
2-PB1,698,0,1,2294,0,2295,G
2-PB1,699,2269,0,1,0,2270,A
2-PB1,700,0,1,2264,0,2265,G
2-PB1,701,0,1,2260,1,2262,G
2-PB1,702,1,0,0,2257,2258,C
2-PB1,703,2249,1,2,0,2252,A
2-PB1,704,2260,0,1,0,2261,A
2-PB1,705,2265,0,0,1,2266,A
2-PB1,706,1,2264,0,2,2267,T
2-PB1,707,1,2255,0,1,2257,T
2-PB1,708,2269,1,0,0,2270,A
2-PB1,709,2261,1,3,0,2265,A
2-PB1,710,2269,0,1,0,2270,A
2-PB1,711,2271,0,0,0,2271,A
2-PB1,712,2268,0,3,0,2271,A
2-PB1,713,0,3,2267,0,2270,G
2-PB1,714,2253,0,0,0,2253,A
2-PB1,715,2243,0,1,0,2244,A
2-PB1,716,0,5,2281,0,2286,G
2-PB1,717,0,3,2332,0,2335,G
2-PB1,718,1,1,2336,0,2338,G
2-PB1,719,1,0,1,2355,2357,C
2-PB1,720,1,2353,0,1,2355,T
2-PB1,721,2379,1,1,0,2381,A
2-PB1,722,0,2422,0,0,2422,T
2-PB1,723,0,2417,0,3,2420,T
2-PB1,724,0,0,2435,0,2435,G
2-PB1,725,0,1,0,2414,2415,C
2-PB1,726,2363,0,1,0,2364,A
2-PB1,727,2367,0,2,0,2369,A
2-PB1,728,1,1,0,2358,2360,C
2-PB1,729,2354,0,2,0,2356,A
2-PB1,730,1,2,0,2362,2365,C
2-PB1,731,1,2,0,2305,2308,C
2-PB1,732,3,1,0,2314,2318,C
2-PB1,733,2,4,2308,0,2314,G
2-PB1,734,0,2,2311,0,2313,G
2-PB1,735,0,4,2317,0,2321,G
2-PB1,736,2325,0,2,0,2327,A
2-PB1,737,0,2320,0,1,2321,T
2-PB1,738,1,1,2323,0,2325,G
2-PB1,739,0,0,0,2316,2316,C
2-PB1,740,2333,0,2,0,2335,A
2-PB1,741,2378,0,2,0,2380,A
2-PB1,742,2403,0,0,1,2404,A
2-PB1,743,0,2406,0,0,2406,T
2-PB1,744,0,2405,0,1,2406,T
2-PB1,745,2379,1,1,0,2381,A
2-PB1,746,0,3,2378,1,2382,G
2-PB1,747,2358,0,5,0,2363,A
2-PB1,748,0,1,2387,0,2388,G
2-PB1,749,0,2,2347,0,2349,G
2-PB1,750,1,0,2416,0,2417,G
2-PB1,751,0,2399,0,4,2403,T
2-PB1,752,0,2404,0,1,2405,T
2-PB1,753,2,0,0,2395,2397,C
2-PB1,754,0,2,2419,0,2421,G
2-PB1,755,0,2420,0,1,2421,T
2-PB1,756,15,0,2408,0,2423,G
2-PB1,757,0,2414,0,0,2414,T
2-PB1,758,2400,0,0,0,2400,A
2-PB1,759,0,0,0,2391,2391,C
2-PB1,760,0,2256,0,1,2257,T
2-PB1,761,0,2276,0,1,2277,T
2-PB1,762,2,0,0,2255,2257,C
2-PB1,763,1,0,2242,0,2243,G
2-PB1,764,1,2243,0,1,2245,T
2-PB1,765,1,2234,0,4,2239,T
2-PB1,766,1,0,2237,0,2238,G
2-PB1,767,2231,0,0,0,2231,A
2-PB1,768,2230,0,2,0,2232,A
2-PB1,769,2249,0,1,0,2250,A
2-PB1,770,1,0,0,2256,2257,C
2-PB1,771,0,2236,0,1,2237,T
2-PB1,772,0,2230,0,0,2230,T
2-PB1,773,0,2229,0,0,2229,T
2-PB1,774,2263,1,3,0,2267,A
2-PB1,775,0,1,2274,0,2275,G
2-PB1,776,0,1,0,2284,2285,C
2-PB1,777,0,2284,0,2,2286,T
2-PB1,778,2273,0,1,2,2276,A
2-PB1,779,0,1,2265,1,2267,G
2-PB1,780,2267,0,0,0,2267,A
2-PB1,781,2260,1,5,1,2267,A
2-PB1,782,0,1,2270,1,2272,G
2-PB1,783,0,3,0,2231,2234,C
2-PB1,784,2227,0,2,0,2229,A
2-PB1,785,0,2229,0,1,2230,T
2-PB1,786,0,2227,0,0,2227,T
2-PB1,787,0,2223,0,0,2223,T
2-PB1,788,0,0,2236,0,2236,G
2-PB1,789,0,21,0,2218,2239,C
2-PB1,790,1,3,2238,0,2242,G
2-PB1,791,2240,0,0,0,2240,A
2-PB1,792,2230,0,1,0,2231,A
2-PB1,793,2236,0,1,0,2237,A
2-PB1,794,2298,0,2,0,2300,A
2-PB1,795,0,1,2341,0,2342,G
2-PB1,796,1,1,0,2349,2351,C
2-PB1,797,1,2348,0,1,2350,T
2-PB1,798,0,2347,0,2,2349,T
2-PB1,799,0,0,2351,0,2351,G
2-PB1,800,2345,0,2,0,2347,A
2-PB1,801,2351,0,3,0,2354,A
2-PB1,802,1,1,1,2365,2368,C
2-PB1,803,2271,0,1,0,2272,A
2-PB1,804,0,1,2481,0,2482,G
2-PB1,805,0,2462,0,1,2463,T
2-PB1,806,1,0,0,2474,2475,C
2-PB1,807,0,2477,0,2,2479,T
2-PB1,808,0,1,2479,0,2480,G
2-PB1,809,0,0,2480,0,2480,G
2-PB1,810,2462,1,21,0,2484,A
2-PB1,811,1,2,1,2493,2497,C
2-PB1,812,0,2391,1,1,2393,T
2-PB1,813,0,2251,0,0,2251,T
2-PB1,814,3,0,0,2244,2247,C
2-PB1,815,3,1,0,2245,2249,C
2-PB1,816,0,1,2254,0,2255,G
2-PB1,817,1,1,2268,0,2270,G
2-PB1,818,0,2247,0,5,2252,T
2-PB1,819,0,2247,0,1,2248,T
2-PB1,820,0,2,2232,0,2234,G
2-PB1,821,2,6,2258,0,2266,G
2-PB1,822,2,6,2270,1,2279,G
2-PB1,823,1,4,2262,0,2267,G
2-PB1,824,1,2,2288,1,2292,G
2-PB1,825,0,2261,1,3,2265,T
2-PB1,826,2252,0,1,0,2253,A
2-PB1,827,2271,0,1,0,2272,A
2-PB1,828,0,2267,0,1,2268,T
2-PB1,829,0,1,2274,0,2275,G
2-PB1,830,2246,2,3,0,2251,A
2-PB1,831,2225,1,0,0,2226,A
2-PB1,832,2230,0,0,0,2230,A
2-PB1,833,2219,0,1,0,2220,A
2-PB1,834,1,0,2224,0,2225,G
2-PB1,835,2207,1,1,1,2210,A
2-PB1,836,2199,0,1,0,2200,A
2-PB1,837,1,1,2208,0,2210,G
2-PB1,838,2,2,2197,0,2201,G
2-PB1,839,1,1,1,2192,2195,C
2-PB1,840,1,0,0,2189,2190,C
2-PB1,841,2188,1,0,1,2190,A
2-PB1,842,2191,1,1,0,2193,A
2-PB1,843,2192,0,2,1,2195,A
2-PB1,844,0,0,0,2194,2194,C
2-PB1,845,0,2183,0,3,2186,T
2-PB1,846,0,0,2218,0,2218,G
2-PB1,847,1,1,2212,0,2214,G
2-PB1,848,0,0,1,2216,2217,C
2-PB1,849,2223,0,0,0,2223,A
2-PB1,850,2220,0,1,0,2221,A
2-PB1,851,2225,0,3,0,2228,A
2-PB1,852,0,2226,0,1,2227,T
2-PB1,853,1,0,2233,0,2234,G
2-PB1,854,0,2222,0,0,2222,T
2-PB1,855,1,2164,0,0,2165,T
2-PB1,856,0,1,2168,0,2169,G
2-PB1,857,0,2170,0,1,2171,T
2-PB1,858,1,3,2166,0,2170,G
2-PB1,859,2165,0,2,0,2167,A
2-PB1,860,0,1,2171,1,2173,G
2-PB1,861,2169,1,0,0,2170,A
2-PB1,862,2156,1,0,0,2157,A
2-PB1,863,2158,0,0,0,2158,A
2-PB1,864,2162,0,0,0,2162,A
2-PB1,865,2174,0,1,0,2175,A
2-PB1,866,0,2168,0,1,2169,T
2-PB1,867,0,3,2156,0,2159,G
2-PB1,868,2160,0,4,0,2164,A
2-PB1,869,0,2147,0,0,2147,T
2-PB1,870,1,2,2162,1,2166,G
2-PB1,871,2162,0,4,0,2166,A
2-PB1,872,1,0,0,2194,2195,C
2-PB1,873,1,2190,0,0,2191,T
2-PB1,874,2187,0,0,0,2187,A
2-PB1,875,2209,0,1,1,2211,A
2-PB1,876,1,2203,0,0,2204,T
2-PB1,877,0,2237,0,1,2238,T
2-PB1,878,1,1,0,2250,2252,C
2-PB1,879,2244,1,0,0,2245,A
2-PB1,880,3,1,0,2248,2252,C
2-PB1,881,2225,1,1,0,2227,A
2-PB1,882,2236,1,1,1,2239,A
2-PB1,883,0,4,2228,1,2233,G
2-PB1,884,2257,0,1,0,2258,A
2-PB1,885,2,1,0,2255,2258,C
2-PB1,886,2248,0,3,0,2251,A
2-PB1,887,3,3,0,2248,2254,C
2-PB1,888,2225,0,1,0,2226,A
2-PB1,889,1,0,2240,0,2241,G
2-PB1,890,2227,1,5,0,2233,A
2-PB1,891,2,0,2238,0,2240,G
2-PB1,892,1,1,0,2221,2223,C
2-PB1,893,1,2168,0,4,2173,T
2-PB1,894,1,2187,0,0,2188,T
2-PB1,895,0,2191,0,1,2192,T
2-PB1,896,0,0,0,2204,2204,C
2-PB1,897,1,2200,0,3,2204,T
2-PB1,898,0,2191,0,1,2192,T
2-PB1,899,2,2189,0,3,2194,T
2-PB1,900,0,1,0,2187,2188,C
2-PB1,901,2175,1,1,0,2177,A
2-PB1,902,2,1,0,2185,2188,C
2-PB1,903,2163,0,1,0,2164,A
2-PB1,904,2182,1,1,0,2184,A
2-PB1,905,0,2206,0,2,2208,T
2-PB1,906,1,0,1,2246,2248,C
2-PB1,907,2251,0,1,0,2252,A
2-PB1,908,1,0,1,2267,2269,C
2-PB1,909,1,2247,0,1,2249,T
2-PB1,910,0,4,2260,2,2266,G
2-PB1,911,0,3,2253,1,2257,G
2-PB1,912,0,2,2315,0,2317,G
2-PB1,913,0,0,2307,0,2307,G
2-PB1,914,2253,1,5,0,2259,A
2-PB1,915,2,1,0,2166,2169,C
2-PB1,916,2202,1,0,0,2203,A
2-PB1,917,2336,0,1,0,2337,A
2-PB1,918,1,0,0,2357,2358,C
2-PB1,919,2354,0,0,0,2354,A
2-PB1,920,1,0,0,2350,2351,C
2-PB1,921,0,2234,0,1,2235,T
2-PB1,922,2249,0,1,0,2250,A
2-PB1,923,2241,0,1,0,2242,A
2-PB1,924,0,0,2264,0,2264,G
2-PB1,925,0,2244,0,3,2247,T
2-PB1,926,7,3,2067,0,2077,G
2-PB1,927,0,1,2054,0,2055,G
2-PB1,928,2033,0,1,0,2034,A
2-PB1,929,2038,1,2,1,2042,A
2-PB1,930,1,2039,0,1,2041,T
2-PB1,931,1,2,2026,0,2029,G
2-PB1,932,2026,0,2,0,2028,A
2-PB1,933,2000,0,2,0,2002,A
2-PB1,934,2011,0,2,0,2013,A
2-PB1,935,2013,3,0,0,2016,A
2-PB1,936,0,2002,0,4,2006,T
2-PB1,937,1,0,0,2011,2012,C
2-PB1,938,2006,0,2,0,2008,A
2-PB1,939,2008,0,3,0,2011,A
2-PB1,940,2003,0,0,2,2005,A
2-PB1,941,2003,0,1,0,2004,A
2-PB1,942,1,1,0,2010,2012,C
2-PB1,943,2,0,0,1999,2001,C
2-PB1,944,3,0,0,1987,1990,C
2-PB1,945,0,1975,0,2,1977,T
2-PB1,946,3,0,0,1983,1986,C
2-PB1,947,0,1,1987,0,1988,G
2-PB1,948,1988,0,0,0,1988,A
2-PB1,949,1989,1,0,0,1990,A
2-PB1,950,0,1984,0,1,1985,T
2-PB1,951,1,1,1992,0,1994,G
2-PB1,952,0,1984,2,0,1986,T
2-PB1,953,0,1967,1,1,1969,T
2-PB1,954,0,1976,0,2,1978,T
2-PB1,955,1,1973,0,1,1975,T
2-PB1,956,0,1980,0,0,1980,T
2-PB1,957,1,1,1980,0,1982,G
2-PB1,958,0,1,1976,0,1977,G
2-PB1,959,0,0,0,1972,1972,C
2-PB1,960,0,1,1964,0,1965,G
2-PB1,961,1967,1,0,0,1968,A
2-PB1,962,2,2020,0,0,2022,T
2-PB1,963,0,0,2094,0,2094,G
2-PB1,964,2177,0,1,0,2178,A
2-PB1,965,2,2175,0,2,2179,T
2-PB1,966,0,2181,1,0,2182,T
2-PB1,967,2189,0,5,0,2194,A
2-PB1,968,1,0,0,2196,2197,C
2-PB1,969,2195,0,2,0,2197,A
2-PB1,970,1,2190,1,0,2192,T
2-PB1,971,2072,0,3,0,2075,A
2-PB1,972,1,0,0,2094,2095,C
2-PB1,973,1854,0,0,0,1854,A
2-PB1,974,1,1849,0,3,1853,T
2-PB1,975,1,0,0,1856,1857,C
2-PB1,976,1840,0,1,0,1841,A
2-PB1,977,1,0,0,1846,1847,C
2-PB1,978,1824,0,0,0,1824,A
2-PB1,979,1821,1,0,0,1822,A
2-PB1,980,1816,0,0,0,1816,A
2-PB1,981,0,0,1771,0,1771,G
2-PB1,982,1845,0,0,0,1845,A
2-PB1,983,1846,2,1,0,1849,A
2-PB1,984,0,1850,0,0,1850,T
2-PB1,985,2,1,0,1846,1849,C
2-PB1,986,1853,1,5,0,1859,A
2-PB1,987,1875,0,0,0,1875,A
2-PB1,988,0,0,0,1882,1882,C
2-PB1,989,2,0,0,1881,1883,C
2-PB1,990,0,1756,2,2,1760,T
2-PB1,991,1,3,1778,0,1782,G
2-PB1,992,1773,0,2,0,1775,A
2-PB1,993,0,0,1773,0,1773,G
2-PB1,994,0,1760,0,2,1762,T
2-PB1,995,0,3,1729,0,1732,G
2-PB1,996,1,2,1818,0,1821,G
2-PB1,997,0,1812,0,2,1814,T
2-PB1,998,0,1811,0,2,1813,T
2-PB1,999,3,1,2,1811,1817,C
2-PB1,1000,1779,1,4,0,1784,A
2-PB1,1001,1,1,1823,0,1825,G
2-PB1,1002,1814,0,9,0,1823,A
2-PB1,1003,1828,0,1,0,1829,A
2-PB1,1004,1822,1,0,0,1823,A
2-PB1,1005,1,0,0,1646,1647,C
2-PB1,1006,1662,0,0,0,1662,A
2-PB1,1007,0,1663,0,0,1663,T
2-PB1,1008,2,1,0,1680,1683,C
2-PB1,1009,2,0,0,1685,1687,C
2-PB1,1010,0,1602,0,3,1605,T
2-PB1,1011,1,0,1610,0,1611,G
2-PB1,1012,1596,0,1,0,1597,A
2-PB1,1013,0,0,1616,0,1616,G
2-PB1,1014,0,0,0,1602,1602,C
2-PB1,1015,1551,0,1,0,1552,A
2-PB1,1016,0,1555,0,1,1556,T
2-PB1,1017,2,0,0,1546,1548,C
2-PB1,1018,0,1,1555,1,1557,G
2-PB1,1019,1,0,0,1602,1603,C
2-PB1,1020,1607,0,3,0,1610,A
2-PB1,1021,0,1,0,1671,1672,C
2-PB1,1022,3,1,0,1662,1666,C
2-PB1,1023,1667,0,3,0,1670,A
2-PB1,1024,1688,0,3,0,1691,A
2-PB1,1025,0,1687,0,0,1687,T
2-PB1,1026,1685,0,3,0,1688,A
2-PB1,1027,1687,0,0,1,1688,A
2-PB1,1028,0,1629,0,3,1632,T
2-PB1,1029,1,1,1635,0,1637,G
2-PB1,1030,0,1607,0,0,1607,T
2-PB1,1031,1,1586,0,2,1589,T
2-PB1,1032,0,1,1,1597,1599,C
2-PB1,1033,0,1589,0,0,1589,T
2-PB1,1034,2,0,0,1589,1591,C
2-PB1,1035,1582,0,2,0,1584,A
2-PB1,1036,1589,0,1,0,1590,A
2-PB1,1037,1588,1,0,0,1589,A
2-PB1,1038,0,0,0,1595,1595,C
2-PB1,1039,1587,0,0,0,1587,A
2-PB1,1040,1586,0,0,0,1586,A
2-PB1,1041,1583,0,1,0,1584,A
2-PB1,1042,1583,0,3,0,1586,A
2-PB1,1043,0,1589,0,0,1589,T
2-PB1,1044,1,0,1588,1,1590,G
2-PB1,1045,1,2,1587,1,1591,G
2-PB1,1046,1,0,0,1584,1585,C
2-PB1,1047,1586,0,0,0,1586,A
2-PB1,1048,1592,0,1,0,1593,A
2-PB1,1049,1,0,1593,0,1594,G
2-PB1,1050,1586,2,1,0,1589,A
2-PB1,1051,0,1575,0,1,1576,T
2-PB1,1052,0,1595,1,2,1598,T
2-PB1,1053,0,2,1613,0,1615,G
2-PB1,1054,0,4,1618,0,1622,G
2-PB1,1055,0,2,1623,0,1625,G
2-PB1,1056,1624,1,0,1,1626,A
2-PB1,1057,1616,0,0,1,1617,A
2-PB1,1058,1612,0,1,1,1614,A
2-PB1,1059,1598,0,5,0,1603,A
2-PB1,1060,0,2,1647,0,1649,G
2-PB1,1061,0,0,1647,0,1647,G
2-PB1,1062,1641,0,5,0,1646,A
2-PB1,1063,0,1640,0,1,1641,T
2-PB1,1064,1635,0,2,1,1638,A
2-PB1,1065,1,0,0,1642,1643,C
2-PB1,1066,1646,1,1,0,1648,A
2-PB1,1067,0,1646,0,0,1646,T
2-PB1,1068,0,2,1659,0,1661,G
2-PB1,1069,0,1620,0,0,1620,T
2-PB1,1070,0,1622,0,0,1622,T
2-PB1,1071,2,1,0,1617,1620,C
2-PB1,1072,0,2,1617,0,1619,G
2-PB1,1073,1613,0,7,0,1620,A
2-PB1,1074,0,1,1644,1,1646,G
2-PB1,1075,1615,0,3,0,1618,A
2-PB1,1076,0,0,1649,0,1649,G
2-PB1,1077,0,1628,0,0,1628,T
2-PB1,1078,1623,0,0,0,1623,A
2-PB1,1079,1630,0,3,0,1633,A
2-PB1,1080,0,1,1637,0,1638,G
2-PB1,1081,1630,2,3,0,1635,A
2-PB1,1082,0,1,1651,0,1652,G
2-PB1,1083,1616,0,1,0,1617,A
2-PB1,1084,1629,0,1,0,1630,A
2-PB1,1085,0,1609,0,1,1610,T
2-PB1,1086,0,1,1607,0,1608,G
2-PB1,1087,1605,0,1,1,1607,A
2-PB1,1088,1595,0,4,0,1599,A
2-PB1,1089,0,0,1599,0,1599,G
2-PB1,1090,0,0,0,1595,1595,C
2-PB1,1091,0,1576,0,2,1578,T
2-PB1,1092,2,0,0,1584,1586,C
2-PB1,1093,2,3,0,1579,1584,C
2-PB1,1094,1,2,1584,0,1587,G
2-PB1,1095,2,1,1590,0,1593,G
2-PB1,1096,1598,1,1,0,1600,A
2-PB1,1097,1,1,0,1622,1624,C
2-PB1,1098,1629,0,1,0,1630,A
2-PB1,1099,1,2,0,1641,1644,C
2-PB1,1100,1638,0,0,0,1638,A
2-PB1,1101,1637,0,9,0,1646,A
2-PB1,1102,1648,0,0,1,1649,A
2-PB1,1103,0,1655,0,0,1655,T
2-PB1,1104,1662,0,0,0,1662,A
2-PB1,1105,0,2,0,1655,1657,C
2-PB1,1106,2,1,0,1630,1633,C
2-PB1,1107,0,1616,0,3,1619,T
2-PB1,1108,0,2,1625,0,1627,G
2-PB1,1109,2,0,0,1628,1630,C
2-PB1,1110,1630,0,0,0,1630,A
2-PB1,1111,0,0,1633,0,1633,G
2-PB1,1112,1622,0,0,1,1623,A
2-PB1,1113,1616,1,0,0,1617,A
2-PB1,1114,1626,0,1,0,1627,A
2-PB1,1115,0,1620,0,1,1621,T
2-PB1,1116,1,0,1623,0,1624,G
2-PB1,1117,0,1,0,1618,1619,C
2-PB1,1118,0,1620,0,0,1620,T
2-PB1,1119,1641,0,2,0,1643,A
2-PB1,1120,0,0,1643,0,1643,G
2-PB1,1121,1,0,0,1635,1636,C
2-PB1,1122,1637,0,0,0,1637,A
2-PB1,1123,1638,0,0,0,1638,A
2-PB1,1124,0,1,1629,0,1630,G
2-PB1,1125,0,0,0,1630,1630,C
2-PB1,1126,1610,0,1,0,1611,A
2-PB1,1127,0,1640,0,2,1642,T
2-PB1,1128,0,1642,0,0,1642,T
2-PB1,1129,0,4,1694,0,1698,G
2-PB1,1130,1716,0,0,0,1716,A
2-PB1,1131,2,0,1,1709,1712,C
2-PB1,1132,3,0,0,1718,1721,C
2-PB1,1133,0,1676,0,2,1678,T
2-PB1,1134,0,2,1707,0,1709,G
2-PB1,1135,1712,0,1,0,1713,A
2-PB1,1136,1708,0,1,0,1709,A
2-PB1,1137,0,1,1728,0,1729,G
2-PB1,1138,0,1677,0,2,1679,T
2-PB1,1139,1675,1,0,0,1676,A
2-PB1,1140,0,1659,0,1,1660,T
2-PB1,1141,0,1653,0,6,1659,T
2-PB1,1142,2,1656,0,0,1658,T
2-PB1,1143,2,0,0,1627,1629,C
2-PB1,1144,1630,1,0,0,1631,A
2-PB1,1145,1632,0,0,0,1632,A
2-PB1,1146,0,1607,0,0,1607,T
2-PB1,1147,1,1,1605,1,1608,G
2-PB1,1148,1592,2,1,0,1595,A
2-PB1,1149,1601,0,1,0,1602,A
2-PB1,1150,0,1599,0,0,1599,T
2-PB1,1151,0,1,0,1610,1611,C
2-PB1,1152,1611,0,3,0,1614,A
2-PB1,1153,1614,1,1,0,1616,A
2-PB1,1154,0,0,0,1614,1614,C
2-PB1,1155,1608,1,2,0,1611,A
2-PB1,1156,1606,0,0,0,1606,A
2-PB1,1157,1,1,1606,0,1608,G
2-PB1,1158,0,4,1610,0,1614,G
2-PB1,1159,1608,1,1,0,1610,A
2-PB1,1160,1604,1,3,0,1608,A
2-PB1,1161,0,1,1609,0,1610,G
2-PB1,1162,1608,0,1,0,1609,A
2-PB1,1163,1609,0,1,0,1610,A
2-PB1,1164,1607,0,2,1,1610,A
2-PB1,1165,1609,0,0,0,1609,A
2-PB1,1166,0,1608,0,0,1608,T
2-PB1,1167,0,1589,0,0,1589,T
2-PB1,1168,0,2,1590,0,1592,G
2-PB1,1169,1554,0,34,0,1588,A
2-PB1,1170,0,0,1594,0,1594,G
2-PB1,1171,1591,0,0,0,1591,A
2-PB1,1172,1604,0,0,0,1604,A
2-PB1,1173,1630,0,1,0,1631,A
2-PB1,1174,1631,0,0,0,1631,A
2-PB1,1175,0,1631,0,0,1631,T
2-PB1,1176,1634,0,0,0,1634,A
2-PB1,1177,1631,0,0,0,1631,A
2-PB1,1178,0,1,1637,0,1638,G
2-PB1,1179,0,0,1635,0,1635,G
2-PB1,1180,1,0,0,1633,1634,C
2-PB1,1181,0,0,0,1632,1632,C
2-PB1,1182,0,1629,0,0,1629,T
2-PB1,1183,1,0,0,1830,1831,C
2-PB1,1184,0,1865,0,0,1865,T
2-PB1,1185,0,1861,0,0,1861,T
2-PB1,1186,1,0,0,1903,1904,C
2-PB1,1187,1,1892,0,1,1894,T
2-PB1,1188,1902,0,0,0,1902,A
2-PB1,1189,1921,0,1,0,1922,A
2-PB1,1190,0,1924,0,0,1924,T
2-PB1,1191,1924,0,1,1,1926,A
2-PB1,1192,1,0,1892,0,1893,G
2-PB1,1193,1639,0,111,0,1750,A
2-PB1,1194,1,1748,0,0,1749,T
2-PB1,1195,0,3,1727,1,1731,G
2-PB1,1196,0,2,1762,0,1764,G
2-PB1,1197,1,2,0,1754,1757,C
2-PB1,1198,1745,0,1,0,1746,A
2-PB1,1199,0,0,0,1748,1748,C
2-PB1,1200,1720,0,0,0,1720,A
2-PB1,1201,1,0,1766,0,1767,G
2-PB1,1202,1,3,0,1762,1766,C
2-PB1,1203,1761,1,2,1,1765,A
2-PB1,1204,0,1813,0,1,1814,T
2-PB1,1205,0,2,0,1791,1793,C
2-PB1,1206,1817,0,0,0,1817,A
2-PB1,1207,0,1814,0,2,1816,T
2-PB1,1208,1,1807,0,0,1808,T
2-PB1,1209,1,0,1804,0,1805,G
2-PB1,1210,1732,0,7,0,1739,A
2-PB1,1211,0,0,1801,0,1801,G
2-PB1,1212,0,0,0,1791,1791,C
2-PB1,1213,2,1,0,1776,1779,C
2-PB1,1214,5,0,0,1801,1806,C
2-PB1,1215,0,1789,1,3,1793,T
2-PB1,1216,1,0,1957,0,1958,G
2-PB1,1217,0,0,1996,0,1996,G
2-PB1,1218,1993,1,6,0,2000,A
2-PB1,1219,2065,0,1,0,2066,A
2-PB1,1220,0,2010,0,0,2010,T
2-PB1,1221,0,2,2079,0,2081,G
2-PB1,1222,2111,0,8,0,2119,A
2-PB1,1223,0,2132,0,0,2132,T
2-PB1,1224,0,2,2147,0,2149,G
2-PB1,1225,2123,0,3,0,2126,A
2-PB1,1226,0,2099,0,2,2101,T
2-PB1,1227,1,6,2106,0,2113,G
2-PB1,1228,0,2,2164,0,2166,G
2-PB1,1229,2,1,2162,0,2165,G
2-PB1,1230,3,0,0,2152,2155,C
2-PB1,1231,2148,0,3,0,2151,A
2-PB1,1232,0,2165,0,0,2165,T
2-PB1,1233,0,0,2253,0,2253,G
2-PB1,1234,0,2252,0,6,2258,T
2-PB1,1235,0,2272,0,1,2273,T
2-PB1,1236,3,1,0,2271,2275,C
2-PB1,1237,2271,0,0,0,2271,A
2-PB1,1238,2291,0,2,0,2293,A
2-PB1,1239,1,0,0,2293,2294,C
2-PB1,1240,2303,0,2,0,2305,A
2-PB1,1241,0,2312,0,1,2313,T
2-PB1,1242,0,0,2340,0,2340,G
2-PB1,1243,0,1,0,2343,2344,C
2-PB1,1244,0,2347,0,1,2348,T
2-PB1,1245,2371,0,1,0,2372,A
2-PB1,1246,2371,0,0,0,2371,A
2-PB1,1247,1,2,2425,0,2428,G
2-PB1,1248,0,2425,0,0,2425,T
2-PB1,1249,2414,0,1,0,2415,A
2-PB1,1250,0,1,0,2430,2431,C
2-PB1,1251,2,4,2424,1,2431,G
2-PB1,1252,0,4,2588,0,2592,G
2-PB1,1253,0,2586,0,0,2586,T
2-PB1,1254,0,2574,0,0,2574,T
2-PB1,1255,0,2572,0,1,2573,T
2-PB1,1256,0,2557,1,1,2559,T
2-PB1,1257,2558,0,2,0,2560,A
2-PB1,1258,0,1,2559,0,2560,G
2-PB1,1259,1,3,2559,0,2563,G
2-PB1,1260,2512,0,4,0,2516,A
2-PB1,1261,0,1,2495,0,2496,G
2-PB1,1262,0,2519,1,1,2521,T
2-PB1,1263,0,0,0,2532,2532,C
2-PB1,1264,1,2529,0,3,2533,T
2-PB1,1265,2,2,0,2539,2543,C
2-PB1,1266,0,4,2541,0,2545,G
2-PB1,1267,2643,1,0,0,2644,A
2-PB1,1268,0,2646,0,2,2648,T
2-PB1,1269,2666,2,1,0,2669,A
2-PB1,1270,1,1,0,2665,2667,C
2-PB1,1271,0,2618,1,2,2621,T
2-PB1,1272,1,4,2626,0,2631,G
2-PB1,1273,2621,2,2,0,2625,A
2-PB1,1274,2667,1,2,1,2671,A
2-PB1,1275,0,2673,0,0,2673,T
2-PB1,1276,3,0,0,2612,2615,C
2-PB1,1277,0,2606,1,2,2609,T
2-PB1,1278,0,2595,0,1,2596,T
2-PB1,1279,0,2,2597,0,2599,G
2-PB1,1280,0,4,2602,0,2606,G
2-PB1,1281,2597,0,3,0,2600,A
2-PB1,1282,1,7,1,2599,2608,C
2-PB1,1283,2566,2,1,0,2569,A
2-PB1,1284,2596,0,1,0,2597,A
2-PB1,1285,2601,0,0,0,2601,A
2-PB1,1286,2600,0,6,0,2606,A
2-PB1,1287,0,2,2651,0,2653,G
2-PB1,1288,2652,0,4,0,2656,A
2-PB1,1289,2661,0,2,0,2663,A
2-PB1,1290,2661,0,3,0,2664,A
2-PB1,1291,0,2666,0,0,2666,T
2-PB1,1292,2677,1,3,0,2681,A
2-PB1,1293,1,1,2,2783,2787,C
2-PB1,1294,2756,1,2,0,2759,A
2-PB1,1295,0,1,0,2770,2771,C
2-PB1,1296,5,1,1,2744,2751,C
2-PB1,1297,2730,2,2,0,2734,A
2-PB1,1298,2773,0,0,0,2773,A
2-PB1,1299,0,3,2861,0,2864,G
2-PB1,1300,2902,0,1,0,2903,A
2-PB1,1301,2,1,0,2930,2933,C
2-PB1,1302,2869,0,1,0,2870,A
2-PB1,1303,2977,1,2,0,2980,A
2-PB1,1304,1,2,0,2993,2996,C
2-PB1,1305,3037,0,4,0,3041,A
2-PB1,1306,0,3058,0,1,3059,T
2-PB1,1307,3027,0,0,0,3027,A
2-PB1,1308,3,0,0,3087,3090,C
2-PB1,1309,2,2998,0,1,3001,T
2-PB1,1310,1,6,3041,0,3048,G
2-PB1,1311,0,2,3046,0,3048,G
2-PB1,1312,1,2980,0,3,2984,T
2-PB1,1313,1,7,2976,1,2985,G
2-PB1,1314,4,4,2951,1,2960,G
2-PB1,1315,0,2,2973,0,2975,G
2-PB1,1316,2967,0,2,1,2970,A
2-PB1,1317,1,2909,0,0,2910,T
2-PB1,1318,0,5,2903,0,2908,G
2-PB1,1319,2,2,2880,0,2884,G
2-PB1,1320,0,2,2900,0,2902,G
2-PB1,1321,1,1,0,2938,2940,C
2-PB1,1322,1,2920,0,5,2926,T
2-PB1,1323,3,2,0,2950,2955,C
2-PB1,1324,2,0,0,2944,2946,C
2-PB1,1325,2950,0,1,0,2951,A
2-PB1,1326,2953,0,2,1,2956,A
2-PB1,1327,0,2946,1,1,2948,T
2-PB1,1328,1,1,2,2930,2934,C
2-PB1,1329,1,0,0,2914,2915,C
2-PB1,1330,0,2884,0,4,2888,T
2-PB1,1331,3,0,1,2879,2883,C
2-PB1,1332,4,0,0,2878,2882,C
2-PB1,1333,2,3,2880,1,2886,G
2-PB1,1334,2882,0,0,0,2882,A
2-PB1,1335,1,2,0,2877,2880,C
2-PB1,1336,0,2,2883,1,2886,G
2-PB1,1337,2910,0,1,0,2911,A
2-PB1,1338,0,2900,1,2,2903,T
2-PB1,1339,0,2905,1,1,2907,T
2-PB1,1340,0,2901,0,3,2904,T
2-PB1,1341,1,2907,0,0,2908,T
2-PB1,1342,1,2,2909,1,2913,G
2-PB1,1343,1,1,0,2932,2934,C
2-PB1,1344,5,2,2,2920,2929,C
2-PB1,1345,7,1,0,3037,3045,C
2-PB1,1346,0,2985,0,15,3000,T
2-PB1,1347,2,1,0,3129,3132,C
2-PB1,1348,3154,1,1,0,3156,A
2-PB1,1349,1,3162,0,1,3164,T
2-PB1,1350,3165,0,0,0,3165,A
2-PB1,1351,2,3,3187,0,3192,G
2-PB1,1352,0,3152,0,2,3154,T
2-PB1,1353,1,3,3171,0,3175,G
2-PB1,1354,3068,2,1,1,3072,A
2-PB1,1355,3079,0,1,0,3080,A
2-PB1,1356,0,2933,0,0,2933,T
2-PB1,1357,2,2,2923,0,2927,G
2-PB1,1358,1,0,0,2964,2965,C
2-PB1,1359,2961,1,3,0,2965,A
2-PB1,1360,2,0,0,2966,2968,C
2-PB1,1361,7,3,1,2938,2949,C
2-PB1,1362,2926,0,0,0,2926,A
2-PB1,1363,2928,0,0,0,2928,A
2-PB1,1364,2914,0,2,0,2916,A
2-PB1,1365,0,2853,0,0,2853,T
2-PB1,1366,3,1,0,2935,2939,C
2-PB1,1367,2944,0,0,0,2944,A
2-PB1,1368,0,2941,1,1,2943,T
2-PB1,1369,0,3,2947,0,2950,G
2-PB1,1370,2952,1,4,1,2958,A
2-PB1,1371,0,8,2964,1,2973,G
2-PB1,1372,0,6,2953,0,2959,G
2-PB1,1373,1,2,2964,0,2967,G
2-PB1,1374,2943,1,7,0,2951,A
2-PB1,1375,3001,0,1,0,3002,A
2-PB1,1376,1,3009,0,1,3011,T
2-PB1,1377,3019,1,1,0,3021,A
2-PB1,1378,3,1,0,3027,3031,C
2-PB1,1379,3024,3,0,0,3027,A
2-PB1,1380,3021,0,4,0,3025,A
2-PB1,1381,0,2,3019,0,3021,G
2-PB1,1382,1,2,0,2993,2996,C
2-PB1,1383,2983,0,2,1,2986,A
2-PB1,1384,0,2,3025,0,3027,G
2-PB1,1385,0,3,3021,0,3024,G
2-PB1,1386,3005,0,5,0,3010,A
2-PB1,1387,0,7,3018,0,3025,G
2-PB1,1388,1,2977,0,0,2978,T
2-PB1,1389,0,4,3021,0,3025,G
2-PB1,1390,0,1,3030,0,3031,G
2-PB1,1391,3025,0,2,0,3027,A
2-PB1,1392,0,3025,0,0,3025,T
2-PB1,1393,2971,0,1,0,2972,A
2-PB1,1394,1,2,2995,0,2998,G
2-PB1,1395,3050,1,1,0,3052,A
2-PB1,1396,0,3037,0,2,3039,T
2-PB1,1397,1,3034,0,0,3035,T
2-PB1,1398,0,0,1,3138,3139,C
2-PB1,1399,0,3123,0,0,3123,T
2-PB1,1400,3116,1,1,0,3118,A
2-PB1,1401,2,3,0,3109,3114,C
2-PB1,1402,3050,0,4,0,3054,A
2-PB1,1403,1,5,3055,0,3061,G
2-PB1,1404,30,5,2986,0,3021,G
2-PB1,1405,3062,0,1,0,3063,A
2-PB1,1406,1,0,1,3052,3054,C
2-PB1,1407,2,0,0,2975,2977,C
2-PB1,1408,6,2926,0,10,2942,T
2-PB1,1409,3,1,2946,0,2950,G
2-PB1,1410,1,0,0,2954,2955,C
2-PB1,1411,2952,0,6,0,2958,A
2-PB1,1412,2979,0,1,0,2980,A
2-PB1,1413,0,0,2991,0,2991,G
2-PB1,1414,0,2923,0,2,2925,T
2-PB1,1415,0,2934,0,0,2934,T
2-PB1,1416,2898,1,1,0,2900,A
2-PB1,1417,1,3,2911,0,2915,G
2-PB1,1418,0,2895,0,5,2900,T
2-PB1,1419,1,6,2890,0,2897,G
2-PB1,1420,0,4,2893,0,2897,G
2-PB1,1421,2,3,2904,0,2909,G
2-PB1,1422,2901,0,1,0,2902,A
2-PB1,1423,2907,2,2,0,2911,A
2-PB1,1424,0,2902,0,2,2904,T
2-PB1,1425,3,0,0,2900,2903,C
2-PB1,1426,2905,1,2,0,2908,A
2-PB1,1427,2911,1,4,0,2916,A
2-PB1,1428,2,0,0,2914,2916,C
2-PB1,1429,2909,0,2,0,2911,A
2-PB1,1430,0,2852,0,2,2854,T
2-PB1,1431,0,5,2852,0,2857,G
2-PB1,1432,2861,0,3,1,2865,A
2-PB1,1433,0,2,2891,0,2893,G
2-PB1,1434,2,0,0,2885,2887,C
2-PB1,1435,2878,0,2,0,2880,A
2-PB1,1436,2887,0,0,1,2888,A
2-PB1,1437,2888,0,0,1,2889,A
2-PB1,1438,2905,1,1,0,2907,A
2-PB1,1439,2893,0,15,0,2908,A
2-PB1,1440,0,3,2909,0,2912,G
2-PB1,1441,2880,0,1,1,2882,A
2-PB1,1442,2853,1,6,0,2860,A
2-PB1,1443,0,1,2980,0,2981,G
2-PB1,1444,1,2968,0,0,2969,T
2-PB1,1445,1,0,0,2961,2962,C
2-PB1,1446,2,1,0,2973,2976,C
2-PB1,1447,2,2955,0,4,2961,T
2-PB1,1448,3004,1,0,0,3005,A
2-PB1,1449,0,3000,0,0,3000,T
2-PB1,1450,3007,0,0,0,3007,A
2-PB1,1451,0,3012,0,1,3013,T
2-PB1,1452,2944,1,0,0,2945,A
2-PB1,1453,2942,0,3,0,2945,A
2-PB1,1454,2944,0,0,0,2944,A
2-PB1,1455,0,2939,1,0,2940,T
2-PB1,1456,2914,0,0,0,2914,A
2-PB1,1457,2876,0,4,1,2881,A
2-PB1,1458,2897,1,1,0,2899,A
2-PB1,1459,2906,0,1,1,2908,A
2-PB1,1460,0,1,0,2908,2909,C
2-PB1,1461,2800,0,3,1,2804,A
2-PB1,1462,1,8,2795,0,2804,G
2-PB1,1463,0,11,2784,3,2798,G
2-PB1,1464,3,1,2799,0,2803,G
2-PB1,1465,2803,0,2,0,2805,A
2-PB1,1466,2,1,0,2810,2813,C
2-PB1,1467,2793,1,0,0,2794,A
2-PB1,1468,0,2802,0,3,2805,T
2-PB1,1469,0,2798,0,2,2800,T
2-PB1,1470,0,2801,0,1,2802,T
2-PB1,1471,0,1,2807,0,2808,G
2-PB1,1472,2796,0,0,0,2796,A
2-PB1,1473,2800,0,2,1,2803,A
2-PB1,1474,1,2796,0,2,2799,T
2-PB1,1475,0,2757,0,1,2758,T
2-PB1,1476,5,0,0,2771,2776,C
2-PB1,1477,2744,0,2,0,2746,A
2-PB1,1478,1,1,0,2750,2752,C
2-PB1,1479,1,2748,0,0,2749,T
2-PB1,1480,2739,0,2,1,2742,A
2-PB1,1481,0,0,2745,0,2745,G
2-PB1,1482,1,0,0,2744,2745,C
2-PB1,1483,0,2706,0,4,2710,T
2-PB1,1484,0,2745,0,1,2746,T
2-PB1,1485,0,2733,0,1,2734,T
2-PB1,1486,1,2729,0,1,2731,T
2-PB1,1487,0,2733,0,0,2733,T
2-PB1,1488,0,2730,0,2,2732,T
2-PB1,1489,0,2723,0,1,2724,T
2-PB1,1490,2725,2,0,0,2727,A
2-PB1,1491,0,2724,0,0,2724,T
2-PB1,1492,2,0,0,2724,2726,C
2-PB1,1493,0,2,2732,0,2734,G
2-PB1,1494,2808,0,1,0,2809,A
2-PB1,1495,2,2817,0,0,2819,T
2-PB1,1496,2811,0,0,3,2814,A
2-PB1,1497,0,2833,0,1,2834,T
2-PB1,1498,2,1,2830,0,2833,G
2-PB1,1499,1,2,2845,0,2848,G
2-PB1,1500,2844,0,3,1,2848,A
2-PB1,1501,0,2830,0,3,2833,T
2-PB1,1502,0,2799,0,2,2801,T
2-PB1,1503,1,2712,0,0,2713,T
2-PB1,1504,0,0,2713,0,2713,G
2-PB1,1505,0,2709,0,0,2709,T
2-PB1,1506,0,2,2707,0,2709,G
2-PB1,1507,0,0,2710,0,2710,G
2-PB1,1508,0,0,0,2672,2672,C
2-PB1,1509,0,2668,0,6,2674,T
2-PB1,1510,2681,0,1,0,2682,A
2-PB1,1511,2705,0,0,0,2705,A
2-PB1,1512,0,2724,0,0,2724,T
2-PB1,1513,1,2717,0,1,2719,T
2-PB1,1514,0,2731,0,0,2731,T
2-PB1,1515,0,2728,0,2,2730,T
2-PB1,1516,2733,0,2,0,2735,A
2-PB1,1517,0,0,2761,0,2761,G
2-PB1,1518,1,1,0,2755,2757,C
2-PB1,1519,2753,0,1,0,2754,A
2-PB1,1520,1,2728,0,0,2729,T
2-PB1,1521,0,3,2698,0,2701,G
2-PB1,1522,1,2,2746,0,2749,G
2-PB1,1523,2734,0,3,0,2737,A
2-PB1,1524,0,1,2738,0,2739,G
2-PB1,1525,1,2,0,2741,2744,C
2-PB1,1526,0,2712,0,1,2713,T
2-PB1,1527,2,1,2736,0,2739,G
2-PB1,1528,1,0,0,2726,2727,C
2-PB1,1529,3,1,0,2715,2719,C
2-PB1,1530,1,0,0,2739,2740,C
2-PB1,1531,2674,0,1,0,2675,A
2-PB1,1532,0,1,2822,0,2823,G
2-PB1,1533,0,2815,1,1,2817,T
2-PB1,1534,0,2814,0,1,2815,T
2-PB1,1535,0,2818,0,0,2818,T
2-PB1,1536,0,2784,1,4,2789,T
2-PB1,1537,2,3,2778,0,2783,G
2-PB1,1538,0,2,2780,0,2782,G
2-PB1,1539,2773,0,5,0,2778,A
2-PB1,1540,1,1,2781,0,2783,G
2-PB1,1541,0,2561,1,1,2563,T
2-PB1,1542,1,1,2699,0,2701,G
2-PB1,1543,1,2694,0,5,2700,T
2-PB1,1544,1,0,1,2702,2704,C
2-PB1,1545,2,2699,0,3,2704,T
2-PB1,1546,1,4,2710,0,2715,G
2-PB1,1547,0,0,2747,0,2747,G
2-PB1,1548,2736,0,5,0,2741,A
2-PB1,1549,2742,1,4,0,2747,A
2-PB1,1550,1,2744,0,0,2745,T
2-PB1,1551,2527,0,0,0,2527,A
2-PB1,1552,2516,1,2,0,2519,A
2-PB1,1553,2517,0,1,2,2520,A
2-PB1,1554,1,1,0,2521,2523,C
2-PB1,1555,0,1,2498,0,2499,G
2-PB1,1556,2459,0,1,0,2460,A
2-PB1,1557,0,0,2463,0,2463,G
2-PB1,1558,1,2457,0,0,2458,T
2-PB1,1559,3,0,0,2475,2478,C
2-PB1,1560,2470,0,1,0,2471,A
2-PB1,1561,0,1,2497,0,2498,G
2-PB1,1562,1,0,0,2499,2500,C
2-PB1,1563,0,2490,0,2,2492,T
2-PB1,1564,1,0,2558,0,2559,G
2-PB1,1565,2538,1,3,0,2542,A
2-PB1,1566,0,2545,1,0,2546,T
2-PB1,1567,2544,0,2,0,2546,A
2-PB1,1568,1,2507,0,2,2510,T
2-PB1,1569,2,2,2506,0,2510,G
2-PB1,1570,2423,0,3,0,2426,A
2-PB1,1571,0,0,2463,0,2463,G
2-PB1,1572,0,0,0,2472,2472,C
2-PB1,1573,2347,0,2,0,2349,A
2-PB1,1574,0,2352,2,1,2355,T
2-PB1,1575,0,2352,0,0,2352,T
2-PB1,1576,0,2,2387,0,2389,G
2-PB1,1577,1,6,2467,0,2474,G
2-PB1,1578,2433,2,5,0,2440,A
2-PB1,1579,14,1,2427,2,2444,G
2-PB1,1580,0,2364,0,1,2365,T
2-PB1,1581,2364,0,1,0,2365,A
2-PB1,1582,2351,1,11,0,2363,A
2-PB1,1583,1,0,0,2379,2380,C
2-PB1,1584,2341,0,0,0,2341,A
2-PB1,1585,2,2,2384,0,2388,G
2-PB1,1586,1,2132,0,2,2135,T
2-PB1,1587,1,2,2150,0,2153,G
2-PB1,1588,2185,1,4,0,2190,A
2-PB1,1589,1,2188,0,1,2190,T
2-PB1,1590,2181,0,3,0,2184,A
2-PB1,1591,2177,0,1,0,2178,A
2-PB1,1592,2120,0,1,0,2121,A
2-PB1,1593,0,1,2150,0,2151,G
2-PB1,1594,2053,0,1,0,2054,A
2-PB1,1595,2049,0,2,0,2051,A
2-PB1,1596,2,0,1,2045,2048,C
2-PB1,1597,1987,1,0,0,1988,A
2-PB1,1598,2005,0,1,1,2007,A
2-PB1,1599,3,0,0,1998,2001,C
2-PB1,1600,2029,0,2,0,2031,A
2-PB1,1601,0,2021,4,3,2028,T
2-PB1,1602,0,2,2001,0,2003,G
2-PB1,1603,2004,1,5,0,2010,A
2-PB1,1604,0,1999,0,2,2001,T
2-PB1,1605,1984,1,0,0,1985,A
2-PB1,1606,1986,0,2,1,1989,A
2-PB1,1607,1982,0,2,0,1984,A
2-PB1,1608,0,2,0,1980,1982,C
2-PB1,1609,1902,0,0,0,1902,A
2-PB1,1610,1899,1,0,0,1900,A
2-PB1,1611,0,1870,0,0,1870,T
2-PB1,1612,0,1,1867,0,1868,G
2-PB1,1613,1908,0,2,0,1910,A
2-PB1,1614,1,0,0,1930,1931,C
2-PB1,1615,0,1,1,1901,1903,C
2-PB1,1616,0,1847,0,2,1849,T
2-PB1,1617,0,1817,0,1,1818,T
2-PB1,1618,1,1,1823,0,1825,G
2-PB1,1619,0,0,1844,1,1845,G
2-PB1,1620,1850,1,2,0,1853,A
2-PB1,1621,2,1,0,1853,1856,C
2-PB1,1622,3,0,0,1814,1817,C
2-PB1,1623,1803,0,5,0,1808,A
2-PB1,1624,2,0,1822,0,1824,G
2-PB1,1625,0,0,0,1825,1825,C
2-PB1,1626,1825,0,1,0,1826,A
2-PB1,1627,1820,0,1,0,1821,A
2-PB1,1628,0,0,0,1807,1807,C
2-PB1,1629,1778,0,7,0,1785,A
2-PB1,1630,1,0,1837,0,1838,G
2-PB1,1631,1,0,0,1836,1837,C
2-PB1,1632,1,2,0,1830,1833,C
2-PB1,1633,3,1,0,1829,1833,C
2-PB1,1634,1831,0,1,0,1832,A
2-PB1,1635,1828,0,2,0,1830,A
2-PB1,1636,1831,0,0,1,1832,A
2-PB1,1637,0,1830,0,2,1832,T
2-PB1,1638,2,2,1820,2,1826,G
2-PB1,1639,1,2,1801,0,1804,G
2-PB1,1640,0,2,0,1796,1798,C
2-PB1,1641,0,1788,0,3,1791,T
2-PB1,1642,0,0,0,1839,1839,C
2-PB1,1643,0,1840,0,3,1843,T
2-PB1,1644,3,0,1,1854,1858,C
2-PB1,1645,4,0,0,1858,1862,C
2-PB1,1646,1857,0,3,0,1860,A
2-PB1,1647,1859,0,0,0,1859,A
2-PB1,1648,0,1851,0,1,1852,T
2-PB1,1649,0,1831,0,0,1831,T
2-PB1,1650,0,1,1851,0,1852,G
2-PB1,1651,0,1802,0,1,1803,T
2-PB1,1652,0,1800,0,2,1802,T
2-PB1,1653,4,4,0,1794,1802,C
2-PB1,1654,1793,0,1,0,1794,A
2-PB1,1655,1,1798,0,3,1802,T
2-PB1,1656,1,0,0,1797,1798,C
2-PB1,1657,1807,0,0,0,1807,A
2-PB1,1658,1804,1,0,1,1806,A
2-PB1,1659,1793,1,4,0,1798,A
2-PB1,1660,0,2,1850,0,1852,G
2-PB1,1661,1850,0,0,0,1850,A
2-PB1,1662,0,1851,1,2,1854,T
2-PB1,1663,0,1854,1,1,1856,T
2-PB1,1664,1860,0,2,0,1862,A
2-PB1,1665,2,0,0,1886,1888,C
2-PB1,1666,1878,0,0,1,1879,A
2-PB1,1667,0,1,1902,0,1903,G
2-PB1,1668,1885,0,2,0,1887,A
2-PB1,1669,0,1916,0,0,1916,T
2-PB1,1670,1912,1,2,0,1915,A
2-PB1,1671,0,1,0,2024,2025,C
2-PB1,1672,2063,0,1,0,2064,A
2-PB1,1673,3,0,0,2184,2187,C
2-PB1,1674,2140,0,1,0,2141,A
2-PB1,1675,0,2161,0,0,2161,T
2-PB1,1676,2138,0,0,0,2138,A
2-PB1,1677,0,2125,0,0,2125,T
2-PB1,1678,2066,1,3,0,2070,A
2-PB1,1679,1,3,2065,0,2069,G
2-PB1,1680,0,0,2044,0,2044,G
2-PB1,1681,1,1943,0,4,1948,T
2-PB1,1682,0,1,1918,0,1919,G
2-PB1,1683,0,1,0,1985,1986,C
2-PB1,1684,1,0,0,1974,1975,C
2-PB1,1685,2005,0,1,0,2006,A
2-PB1,1686,0,2006,0,0,2006,T
2-PB1,1687,2007,1,0,0,2008,A
2-PB1,1688,0,1,2018,0,2019,G
2-PB1,1689,1956,1,4,0,1961,A
2-PB1,1690,0,2,1963,0,1965,G
2-PB1,1691,0,1,1961,0,1962,G
2-PB1,1692,1888,4,4,0,1896,A
2-PB1,1693,1,1,1896,1,1899,G
2-PB1,1694,1873,1,6,0,1880,A
2-PB1,1695,2,0,0,1880,1882,C
2-PB1,1696,1871,1,3,0,1875,A
2-PB1,1697,1,0,1,1897,1899,C
2-PB1,1698,1893,1,2,0,1896,A
2-PB1,1699,1,1,0,1898,1900,C
2-PB1,1700,1881,0,0,0,1881,A
2-PB1,1701,1910,0,2,0,1912,A
2-PB1,1702,1923,0,0,0,1923,A
2-PB1,1703,0,1920,1,0,1921,T
2-PB1,1704,1,1,0,1911,1913,C
2-PB1,1705,4,0,0,1907,1911,C
2-PB1,1706,1894,0,1,1,1896,A
2-PB1,1707,1,2,1896,0,1899,G
2-PB1,1708,1898,0,1,0,1899,A
2-PB1,1709,0,0,0,1941,1941,C
2-PB1,1710,0,2,1908,0,1910,G
2-PB1,1711,1906,1,1,0,1908,A
2-PB1,1712,1,1906,0,0,1907,T
2-PB1,1713,1917,0,2,0,1919,A
2-PB1,1714,1920,1,5,1,1927,A
2-PB1,1715,1,0,1946,0,1947,G
2-PB1,1716,1931,0,2,0,1933,A
2-PB1,1717,0,1932,0,1,1933,T
2-PB1,1718,1,1,0,1876,1878,C
2-PB1,1719,1878,0,1,0,1879,A
2-PB1,1720,0,1864,0,1,1865,T
2-PB1,1721,0,1871,0,0,1871,T
2-PB1,1722,2,0,0,1871,1873,C
2-PB1,1723,0,2,1867,0,1869,G
2-PB1,1724,1854,0,1,0,1855,A
2-PB1,1725,0,0,1859,0,1859,G
2-PB1,1726,1842,0,1,0,1843,A
2-PB1,1727,0,1910,0,0,1910,T
2-PB1,1728,1912,0,0,1,1913,A
2-PB1,1729,1915,2,0,0,1917,A
2-PB1,1730,1917,0,3,0,1920,A
2-PB1,1731,1,0,1922,0,1923,G
2-PB1,1732,1911,0,1,0,1912,A
2-PB1,1733,1866,0,1,0,1867,A
2-PB1,1734,2,0,1868,0,1870,G
2-PB1,1735,0,0,0,1875,1875,C
2-PB1,1736,0,1853,0,5,1858,T
2-PB1,1737,1,0,1870,3,1874,G
2-PB1,1738,0,1869,1,0,1870,T
2-PB1,1739,2,4,1850,0,1856,G
2-PB1,1740,0,2,1866,0,1868,G
2-PB1,1741,0,2,1887,0,1889,G
2-PB1,1742,1890,0,1,0,1891,A
2-PB1,1743,0,1876,0,2,1878,T
2-PB1,1744,1,0,0,1866,1867,C
2-PB1,1745,1863,0,0,0,1863,A
2-PB1,1746,1874,0,1,1,1876,A
2-PB1,1747,1883,0,1,0,1884,A
2-PB1,1748,0,0,0,1884,1884,C
2-PB1,1749,0,1,1,1882,1884,C
2-PB1,1750,9,1,0,1864,1874,C
2-PB1,1751,1876,0,0,0,1876,A
2-PB1,1752,1915,1,0,0,1916,A
2-PB1,1753,0,1912,1,1,1914,T
2-PB1,1754,3,1,0,1910,1914,C
2-PB1,1755,1898,0,0,0,1898,A
2-PB1,1756,1880,0,3,0,1883,A
2-PB1,1757,0,4,1917,0,1921,G
2-PB1,1758,1,2,1911,0,1914,G
2-PB1,1759,1,0,1915,0,1916,G
2-PB1,1760,0,1,0,1914,1915,C
2-PB1,1761,1874,0,2,0,1876,A
2-PB1,1762,1,2,1914,0,1917,G
2-PB1,1763,1,2,1923,0,1926,G
2-PB1,1764,1933,0,2,0,1935,A
2-PB1,1765,2,0,0,1953,1955,C
2-PB1,1766,0,1911,0,0,1911,T
2-PB1,1767,1924,0,0,0,1924,A
2-PB1,1768,0,1914,0,2,1916,T
2-PB1,1769,0,1918,0,0,1918,T
2-PB1,1770,0,5,1924,2,1931,G
2-PB1,1771,0,0,1896,0,1896,G
2-PB1,1772,1,1865,0,7,1873,T
2-PB1,1773,0,1822,0,0,1822,T
2-PB1,1774,0,1846,0,2,1848,T
2-PB1,1775,1,0,0,1854,1855,C
2-PB1,1776,1855,0,0,0,1855,A
2-PB1,1777,0,1,1877,0,1878,G
2-PB1,1778,1875,0,0,0,1875,A
2-PB1,1779,0,1861,1,2,1864,T
2-PB1,1780,0,3,1830,0,1833,G
2-PB1,1781,0,5,1834,0,1839,G
2-PB1,1782,2,1,1829,1,1833,G
2-PB1,1783,0,0,1845,0,1845,G
2-PB1,1784,1,1,1853,0,1855,G
2-PB1,1785,1850,0,3,0,1853,A
2-PB1,1786,0,0,0,1847,1847,C
2-PB1,1787,5,1,0,1836,1842,C
2-PB1,1788,1843,0,0,0,1843,A
2-PB1,1789,1998,0,1,1,2000,A
2-PB1,1790,2007,0,2,1,2010,A
2-PB1,1791,0,0,0,2053,2053,C
2-PB1,1792,0,2025,0,1,2026,T
2-PB1,1793,0,2014,0,0,2014,T
2-PB1,1794,2032,0,1,0,2033,A
2-PB1,1795,0,2029,0,2,2031,T
2-PB1,1796,2035,0,3,0,2038,A
2-PB1,1797,1,0,1,2040,2042,C
2-PB1,1798,1892,0,1,1,1894,A
2-PB1,1799,1896,0,1,0,1897,A
2-PB1,1800,1,1845,0,0,1846,T
2-PB1,1801,1879,0,0,0,1879,A
2-PB1,1802,1,1881,0,0,1882,T
2-PB1,1803,1,0,0,1881,1882,C
2-PB1,1804,0,0,0,1871,1871,C
2-PB1,1805,0,1,1872,0,1873,G
2-PB1,1806,1,5,1872,0,1878,G
2-PB1,1807,1881,0,0,0,1881,A
2-PB1,1808,1885,0,1,0,1886,A
2-PB1,1809,0,1883,0,1,1884,T
2-PB1,1810,2,0,0,1909,1911,C
2-PB1,1811,0,1905,1,1,1907,T
2-PB1,1812,0,1919,1,2,1922,T
2-PB1,1813,0,1,0,1921,1922,C
2-PB1,1814,1919,0,2,0,1921,A
2-PB1,1815,0,0,0,1931,1931,C
2-PB1,1816,1924,1,0,0,1925,A
2-PB1,1817,0,2146,0,1,2147,T
2-PB1,1818,1,0,0,2145,2146,C
2-PB1,1819,1,2,0,2160,2163,C
2-PB1,1820,2,0,0,2169,2171,C
2-PB1,1821,0,2164,0,5,2169,T
2-PB1,1822,0,2,2173,0,2175,G
2-PB1,1823,2166,1,0,0,2167,A
2-PB1,1824,2157,0,2,0,2159,A
2-PB1,1825,0,0,2170,0,2170,G
2-PB1,1826,0,2028,0,0,2028,T
2-PB1,1827,1,1,0,2030,2032,C
2-PB1,1828,2,1993,0,1,1996,T
2-PB1,1829,1,1,2048,0,2050,G
2-PB1,1830,0,1,0,2052,2053,C
2-PB1,1831,0,2045,0,3,2048,T
2-PB1,1832,0,2055,0,0,2055,T
2-PB1,1833,2058,0,0,0,2058,A
2-PB1,1834,2052,2,0,0,2054,A
2-PB1,1835,2051,0,1,0,2052,A
2-PB1,1836,1999,1,1,0,2001,A
2-PB1,1837,0,2025,0,1,2026,T
2-PB1,1838,1,4,2023,1,2029,G
2-PB1,1839,0,3,2042,0,2045,G
2-PB1,1840,1,1,2047,0,2049,G
2-PB1,1841,2034,1,5,0,2040,A
2-PB1,1842,0,0,2043,0,2043,G
2-PB1,1843,4,26,0,2012,2042,C
2-PB1,1844,0,2039,0,1,2040,T
2-PB1,1845,0,3,2050,0,2053,G
2-PB1,1846,2051,1,1,0,2053,A
2-PB1,1847,0,2048,0,0,2048,T
2-PB1,1848,1,2,2051,0,2054,G
2-PB1,1849,1,3,2058,0,2062,G
2-PB1,1850,2057,0,0,1,2058,A
2-PB1,1851,1,2049,0,1,2051,T
2-PB1,1852,2,1,2051,0,2054,G
2-PB1,1853,2040,0,2,1,2043,A
2-PB1,1854,0,1,2077,0,2078,G
2-PB1,1855,2078,1,0,0,2079,A
2-PB1,1856,2077,0,0,0,2077,A
2-PB1,1857,0,2070,0,1,2071,T
2-PB1,1858,1,2060,0,0,2061,T
2-PB1,1859,2065,0,0,0,2065,A
2-PB1,1860,0,2071,0,0,2071,T
2-PB1,1861,0,1,0,2063,2064,C
2-PB1,1862,0,1,2083,0,2084,G
2-PB1,1863,0,9,2057,0,2066,G
2-PB1,1864,1,3,2059,0,2063,G
2-PB1,1865,1,2,2070,0,2073,G
2-PB1,1866,2067,0,1,0,2068,A
2-PB1,1867,2064,0,6,0,2070,A
2-PB1,1868,0,0,2088,0,2088,G
2-PB1,1869,2113,0,1,0,2114,A
2-PB1,1870,1,0,0,2131,2132,C
2-PB1,1871,0,2103,1,2,2106,T
2-PB1,1872,0,2140,0,0,2140,T
2-PB1,1873,0,2150,0,2,2152,T
2-PB1,1874,1,0,2172,0,2173,G
2-PB1,1875,0,2170,1,0,2171,T
2-PB1,1876,2162,0,0,0,2162,A
2-PB1,1877,2154,1,0,0,2155,A
2-PB1,1878,0,2123,0,1,2124,T
2-PB1,1879,0,0,0,2152,2152,C
2-PB1,1880,2,0,0,2158,2160,C
2-PB1,1881,8,1,0,2127,2136,C
2-PB1,1882,1,2,0,2146,2149,C
2-PB1,1883,0,2132,0,1,2133,T
2-PB1,1884,0,1,2140,0,2141,G
2-PB1,1885,2138,0,1,1,2140,A
2-PB1,1886,2148,0,1,0,2149,A
2-PB1,1887,0,2147,0,3,2150,T
2-PB1,1888,2,0,0,2135,2137,C
2-PB1,1889,0,1,0,2130,2131,C
2-PB1,1890,3,0,0,2126,2129,C
2-PB1,1891,1,2115,0,4,2120,T
2-PB1,1892,0,2127,0,2,2129,T
2-PB1,1893,0,2107,1,16,2124,T
2-PB1,1894,1,2,2128,0,2131,G
2-PB1,1895,0,2119,1,2,2122,T
2-PB1,1896,1,0,0,2115,2116,C
2-PB1,1897,2095,1,3,0,2099,A
2-PB1,1898,0,0,2131,0,2131,G
2-PB1,1899,1,0,0,2128,2129,C
2-PB1,1900,2,1,0,2120,2123,C
2-PB1,1901,2126,1,2,0,2129,A
2-PB1,1902,0,2132,0,0,2132,T
2-PB1,1903,2129,0,1,0,2130,A
2-PB1,1904,2128,0,3,1,2132,A
2-PB1,1905,2139,0,1,0,2140,A
2-PB1,1906,0,0,2154,0,2154,G
2-PB1,1907,2116,0,0,0,2116,A
2-PB1,1908,2117,0,1,0,2118,A
2-PB1,1909,2126,0,1,0,2127,A
2-PB1,1910,0,2118,0,0,2118,T
2-PB1,1911,1,2116,0,1,2118,T
2-PB1,1912,0,5,2118,0,2123,G
2-PB1,1913,2107,0,3,1,2111,A
2-PB1,1914,0,1,2140,0,2141,G
2-PB1,1915,0,2154,0,0,2154,T
2-PB1,1916,4,0,0,2163,2167,C
2-PB1,1917,0,2157,0,0,2157,T
2-PB1,1918,1,1,2196,0,2198,G
2-PB1,1919,1,2198,0,0,2199,T
2-PB1,1920,2234,0,0,0,2234,A
2-PB1,1921,2231,0,1,0,2232,A
2-PB1,1922,2225,1,3,0,2229,A
2-PB1,1923,0,0,0,2249,2249,C
2-PB1,1924,2178,1,1,0,2180,A
2-PB1,1925,2230,0,1,0,2231,A
2-PB1,1926,0,2237,0,1,2238,T
2-PB1,1927,0,1,2233,0,2234,G
2-PB1,1928,0,1,0,2253,2254,C
2-PB1,1929,1,2227,0,3,2231,T
2-PB1,1930,0,1,2327,0,2328,G
2-PB1,1931,0,2326,0,0,2326,T
2-PB1,1932,2354,0,3,0,2357,A
2-PB1,1933,0,3,2359,0,2362,G
2-PB1,1934,0,2297,0,0,2297,T
2-PB1,1935,2289,0,0,0,2289,A
2-PB1,1936,2276,0,1,0,2277,A
2-PB1,1937,0,2252,0,0,2252,T
2-PB1,1938,0,0,2246,0,2246,G
2-PB1,1939,0,0,0,2222,2222,C
2-PB1,1940,2,1,1,2194,2198,C
2-PB1,1941,2155,0,2,0,2157,A
2-PB1,1942,1,0,2214,0,2215,G
2-PB1,1943,0,1,0,2245,2246,C
2-PB1,1944,0,0,0,2255,2255,C
2-PB1,1945,3,0,1,2243,2247,C
2-PB1,1946,2240,0,4,0,2244,A
2-PB1,1947,0,2245,0,2,2247,T
2-PB1,1948,0,2,2245,0,2247,G
2-PB1,1949,1,0,2282,0,2283,G
2-PB1,1950,0,2271,3,1,2275,T
2-PB1,1951,0,0,1,2225,2226,C
2-PB1,1952,4,0,0,2192,2196,C
2-PB1,1953,2,2186,0,1,2189,T
2-PB1,1954,1,0,2229,0,2230,G
2-PB1,1955,1,2,0,2213,2216,C
2-PB1,1956,0,0,0,2227,2227,C
2-PB1,1957,2217,0,1,0,2218,A
2-PB1,1958,2190,0,1,0,2191,A
2-PB1,1959,2194,0,0,1,2195,A
2-PB1,1960,2197,0,2,0,2199,A
2-PB1,1961,0,0,2220,0,2220,G
2-PB1,1962,0,2178,0,1,2179,T
2-PB1,1963,2166,0,0,0,2166,A
2-PB1,1964,0,2170,0,1,2171,T
2-PB1,1965,2,4,2172,0,2178,G
2-PB1,1966,1,4,2220,0,2225,G
2-PB1,1967,2213,0,1,0,2214,A
2-PB1,1968,2234,1,1,0,2236,A
2-PB1,1969,0,2230,0,0,2230,T
2-PB1,1970,2204,0,0,0,2204,A
2-PB1,1971,1,2200,0,0,2201,T
2-PB1,1972,0,2,2179,0,2181,G
2-PB1,1973,2178,1,1,0,2180,A
2-PB1,1974,0,2173,0,1,2174,T
2-PB1,1975,0,1,2114,0,2115,G
2-PB1,1976,1,1,0,2112,2114,C
2-PB1,1977,1,3,0,2091,2095,C
2-PB1,1978,0,0,2096,0,2096,G
2-PB1,1979,0,2090,0,0,2090,T
2-PB1,1980,0,2089,0,3,2092,T
2-PB1,1981,1,0,2100,0,2101,G
2-PB1,1982,1,2,0,2137,2140,C
2-PB1,1983,2137,0,4,0,2141,A
2-PB1,1984,2174,0,1,1,2176,A
2-PB1,1985,2,0,0,2180,2182,C
2-PB1,1986,0,2160,0,5,2165,T
2-PB1,1987,2143,1,34,0,2178,A
2-PB1,1988,2,0,0,2169,2171,C
2-PB1,1989,2167,1,3,0,2171,A
2-PB1,1990,1,0,0,2168,2169,C
2-PB1,1991,2093,0,1,0,2094,A
2-PB1,1992,3,0,0,2283,2286,C
2-PB1,1993,0,2243,0,1,2244,T
2-PB1,1994,7,0,0,2262,2269,C
2-PB1,1995,4,0,0,2263,2267,C
2-PB1,1996,2,2238,0,7,2247,T
2-PB1,1997,0,3,2245,0,2248,G
2-PB1,1998,2,2,2246,0,2250,G
2-PB1,1999,2060,1,160,0,2221,A
2-PB1,2000,0,2227,0,1,2228,T
2-PB1,2001,0,2017,0,4,2021,T
2-PB1,2002,1,2,0,2052,2055,C
2-PB1,2003,4,1,0,2030,2035,C
2-PB1,2004,7,0,0,2035,2042,C
2-PB1,2005,2059,0,2,0,2061,A
2-PB1,2006,2060,0,1,0,2061,A
2-PB1,2007,0,1,2067,0,2068,G
2-PB1,2008,2059,0,3,0,2062,A
2-PB1,2009,79,2,1980,0,2061,G
2-PB1,2010,1,1,2069,0,2071,G
2-PB1,2011,2027,0,1,0,2028,A
2-PB1,2012,2029,0,2,0,2031,A
2-PB1,2013,1,1,0,2026,2028,C
2-PB1,2014,3,2,1,1980,1986,C
2-PB1,2015,1,1,2008,0,2010,G
2-PB1,2016,0,0,0,2003,2003,C
2-PB1,2017,1,2000,0,2,2003,T
2-PB1,2018,2,0,0,2012,2014,C
2-PB1,2019,0,1998,0,3,2001,T
2-PB1,2020,2158,0,1,0,2159,A
2-PB1,2021,0,2152,0,3,2155,T
2-PB1,2022,0,2167,0,1,2168,T
2-PB1,2023,2,0,0,2165,2167,C
2-PB1,2024,0,2107,0,3,2110,T
2-PB1,2025,2110,0,1,0,2111,A
2-PB1,2026,2108,0,0,1,2109,A
2-PB1,2027,2112,1,0,0,2113,A
2-PB1,2028,0,0,0,2116,2116,C
2-PB1,2029,1955,2,0,0,1957,A
2-PB1,2030,0,1,0,1955,1956,C
2-PB1,2031,1924,0,0,1,1925,A
2-PB1,2032,1949,0,3,0,1952,A
2-PB1,2033,1,0,1956,0,1957,G
2-PB1,2034,0,0,0,1964,1964,C
2-PB1,2035,1,0,0,1964,1965,C
2-PB1,2036,1934,0,8,0,1942,A
2-PB1,2037,1948,1,0,0,1949,A
2-PB1,2038,1946,0,1,0,1947,A
2-PB1,2039,0,1,1957,0,1958,G
2-PB1,2040,2,4,1946,0,1952,G
2-PB1,2041,0,2,1918,0,1920,G
2-PB1,2042,1,0,1923,0,1924,G
2-PB1,2043,1913,0,0,0,1913,A
2-PB1,2044,1925,0,1,0,1926,A
2-PB1,2045,1,1922,0,0,1923,T
2-PB1,2046,0,1926,0,1,1927,T
2-PB1,2047,1,0,0,1937,1938,C
2-PB1,2048,0,1905,0,11,1916,T
2-PB1,2049,0,1914,0,1,1915,T
2-PB1,2050,0,1,1915,0,1916,G
2-PB1,2051,1909,0,6,0,1915,A
2-PB1,2052,2,1,1915,0,1918,G
2-PB1,2053,0,0,1909,0,1909,G
2-PB1,2054,1905,0,0,0,1905,A
2-PB1,2055,0,1899,0,3,1902,T
2-PB1,2056,1,1,1917,0,1919,G
2-PB1,2057,1917,0,1,0,1918,A
2-PB1,2058,1910,0,7,0,1917,A
2-PB1,2059,1,2,0,1932,1935,C
2-PB1,2060,1907,1,3,0,1911,A
2-PB1,2061,0,2,1929,0,1931,G
2-PB1,2062,1910,0,14,1,1925,A
2-PB1,2063,0,1916,0,5,1921,T
2-PB1,2064,0,1,1927,0,1928,G
2-PB1,2065,1,1965,1,0,1967,T
2-PB1,2066,1969,0,2,0,1971,A
2-PB1,2067,0,0,0,1972,1972,C
2-PB1,2068,11,0,0,1942,1953,C
2-PB1,2069,1933,0,1,1,1935,A
2-PB1,2070,0,2,1908,0,1910,G
2-PB1,2071,1887,0,1,0,1888,A
2-PB1,2072,1877,0,2,0,1879,A
2-PB1,2073,1,0,1887,1,1889,G
2-PB1,2074,0,1770,0,1,1771,T
2-PB1,2075,0,1,1775,0,1776,G
2-PB1,2076,4,0,0,1770,1774,C
2-PB1,2077,1,1766,0,2,1769,T
2-PB1,2078,1,0,1769,0,1770,G
2-PB1,2079,0,2,0,1768,1770,C
2-PB1,2080,1767,0,0,0,1767,A
2-PB1,2081,1769,0,1,1,1771,A
2-PB1,2082,0,0,0,1748,1748,C
2-PB1,2083,1,1732,0,1,1734,T
2-PB1,2084,0,1715,0,2,1717,T
2-PB1,2085,0,0,1713,1,1714,G
2-PB1,2086,0,1715,0,1,1716,T
2-PB1,2087,0,1715,0,1,1716,T
2-PB1,2088,0,0,0,1715,1715,C
2-PB1,2089,0,2,1712,0,1714,G
2-PB1,2090,1708,2,1,0,1711,A
2-PB1,2091,0,2,1706,0,1708,G
2-PB1,2092,1708,0,0,0,1708,A
2-PB1,2093,1704,0,2,0,1706,A
2-PB1,2094,1709,0,2,0,1711,A
2-PB1,2095,0,1710,0,0,1710,T
2-PB1,2096,0,1702,0,0,1702,T
2-PB1,2097,0,1710,0,1,1711,T
2-PB1,2098,0,1709,0,0,1709,T
2-PB1,2099,1,1704,0,4,1709,T
2-PB1,2100,0,0,0,1712,1712,C
2-PB1,2101,5,0,0,1705,1710,C
2-PB1,2102,4,1,0,1706,1711,C
2-PB1,2103,0,1705,0,2,1707,T
2-PB1,2104,1708,0,1,0,1709,A
2-PB1,2105,0,3,1719,0,1722,G
2-PB1,2106,0,1723,0,0,1723,T
2-PB1,2107,1726,1,1,0,1728,A
2-PB1,2108,0,1,1736,0,1737,G
2-PB1,2109,0,1719,0,1,1720,T
2-PB1,2110,0,1785,0,1,1786,T
2-PB1,2111,0,0,0,1796,1796,C
2-PB1,2112,1834,0,1,0,1835,A
2-PB1,2113,0,1836,0,1,1837,T
2-PB1,2114,1834,0,0,0,1834,A
2-PB1,2115,0,1830,0,1,1831,T
2-PB1,2116,1776,0,1,0,1777,A
2-PB1,2117,0,3,1767,0,1770,G
2-PB1,2118,1,1,1757,0,1759,G
2-PB1,2119,1581,0,3,0,1584,A
2-PB1,2120,0,1,1584,0,1585,G
2-PB1,2121,1488,0,1,0,1489,A
2-PB1,2122,2,7,0,1476,1485,C
2-PB1,2123,4,0,0,1424,1428,C
2-PB1,2124,0,1,1425,0,1426,G
2-PB1,2125,1421,0,1,0,1422,A
2-PB1,2126,0,1410,0,0,1410,T
2-PB1,2127,1,1413,0,0,1414,T
2-PB1,2128,0,1,1414,0,1415,G
2-PB1,2129,0,3,1412,0,1415,G
2-PB1,2130,1416,0,1,0,1417,A
2-PB1,2131,1411,0,0,0,1411,A
2-PB1,2132,0,1411,1,0,1412,T
2-PB1,2133,0,1402,0,0,1402,T
2-PB1,2134,1,1403,0,0,1404,T
2-PB1,2135,0,0,0,1406,1406,C
2-PB1,2136,0,1403,0,0,1403,T
2-PB1,2137,1395,0,2,0,1397,A
2-PB1,2138,0,1,1406,0,1407,G
2-PB1,2139,2,0,0,1396,1398,C
2-PB1,2140,1396,0,1,0,1397,A
2-PB1,2141,0,1392,0,0,1392,T
2-PB1,2142,7,0,1377,0,1384,G
2-PB1,2143,1,0,1424,0,1425,G
2-PB1,2144,0,1414,0,1,1415,T
2-PB1,2145,0,1,1414,0,1415,G
2-PB1,2146,1,0,1412,1,1414,G
2-PB1,2147,1388,0,2,0,1390,A
2-PB1,2148,0,2,1391,0,1393,G
2-PB1,2149,0,0,1386,0,1386,G
2-PB1,2150,0,0,0,1379,1379,C
2-PB1,2151,0,0,0,1368,1368,C
2-PB1,2152,1234,0,2,0,1236,A
2-PB1,2153,0,1224,0,8,1232,T
2-PB1,2154,2,0,1243,0,1245,G
2-PB1,2155,1,0,1251,0,1252,G
2-PB1,2156,0,1220,0,1,1221,T
2-PB1,2157,1,0,1242,0,1243,G
2-PB1,2158,0,1219,0,0,1219,T
2-PB1,2159,2,0,0,1197,1199,C
2-PB1,2160,0,1198,0,3,1201,T
2-PB1,2161,1176,0,3,0,1179,A
2-PB1,2162,0,2,1178,0,1180,G
2-PB1,2163,0,0,1147,0,1147,G
2-PB1,2164,2,0,1127,0,1129,G
2-PB1,2165,0,0,0,1090,1090,C
2-PB1,2166,0,0,0,1040,1040,C
2-PB1,2167,3,0,0,1014,1017,C
2-PB1,2168,0,1,1020,0,1021,G
2-PB1,2169,0,1,1025,0,1026,G
2-PB1,2170,1025,0,0,0,1025,A
2-PB1,2171,0,1020,0,0,1020,T
2-PB1,2172,0,974,0,0,974,T
2-PB1,2173,0,1,963,0,964,G
2-PB1,2174,962,0,0,0,962,A
2-PB1,2175,0,967,1,0,968,T
2-PB1,2176,0,0,965,0,965,G
2-PB1,2177,3,0,0,957,960,C
2-PB1,2178,0,0,0,951,951,C
2-PB1,2179,941,0,0,0,941,A
2-PB1,2180,0,0,943,0,943,G
2-PB1,2181,941,0,1,0,942,A
2-PB1,2182,943,0,0,0,943,A
2-PB1,2183,0,939,1,0,940,T
2-PB1,2184,0,922,0,3,925,T
2-PB1,2185,0,1,926,0,927,G
2-PB1,2186,916,0,0,0,916,A
2-PB1,2187,0,0,0,915,915,C
2-PB1,2188,0,907,0,1,908,T
2-PB1,2189,0,904,0,1,905,T
2-PB1,2190,2,0,0,902,904,C
2-PB1,2191,0,2,903,0,905,G
2-PB1,2192,899,0,2,0,901,A
2-PB1,2193,1,0,853,0,854,G
2-PB1,2194,628,200,0,33,861,A
2-PB1,2195,1,0,0,871,872,C
2-PB1,2196,0,873,0,1,874,T
2-PB1,2197,0,0,872,0,872,G
2-PB1,2198,0,0,874,0,874,G
2-PB1,2199,873,0,0,0,873,A
2-PB1,2200,786,0,1,1,788,A
2-PB1,2201,0,1,787,0,788,G
2-PB1,2202,0,0,802,0,802,G
2-PB1,2203,801,0,0,0,801,A
2-PB1,2204,0,794,0,0,794,T
2-PB1,2205,0,788,0,0,788,T
2-PB1,2206,790,0,0,0,790,A
2-PB1,2207,787,0,1,0,788,A
2-PB1,2208,729,0,0,0,729,A
2-PB1,2209,740,0,0,0,740,A
2-PB1,2210,741,0,0,0,741,A
2-PB1,2211,0,0,742,0,742,G
2-PB1,2212,1,1,735,0,737,G
2-PB1,2213,733,0,1,0,734,A
2-PB1,2214,736,0,1,0,737,A
2-PB1,2215,0,0,740,0,740,G
2-PB1,2216,713,0,0,0,713,A
2-PB1,2217,0,1,716,0,717,G
2-PB1,2218,0,706,0,1,707,T
2-PB1,2219,1,704,0,0,705,T
2-PB1,2220,0,0,1,710,711,C
2-PB1,2221,0,690,0,0,690,T
2-PB1,2222,0,0,0,695,695,C
2-PB1,2223,0,693,0,0,693,T
2-PB1,2224,1,0,686,0,687,G
2-PB1,2225,668,1,0,0,669,A
2-PB1,2226,0,0,658,0,658,G
2-PB1,2227,646,0,0,0,646,A
2-PB1,2228,0,633,0,3,636,T
2-PB1,2229,2,0,0,600,602,C
2-PB1,2230,600,0,1,0,601,A
2-PB1,2231,0,596,1,1,598,T
2-PB1,2232,0,0,599,0,599,G
2-PB1,2233,595,2,1,0,598,A
2-PB1,2234,596,0,0,0,596,A
2-PB1,2235,0,1,583,0,584,G
2-PB1,2236,574,0,0,0,574,A
2-PB1,2237,0,572,0,0,572,T
2-PB1,2238,1,0,0,567,568,C
2-PB1,2239,0,528,0,0,528,T
2-PB1,2240,0,0,535,0,535,G
2-PB1,2241,0,532,0,0,532,T
2-PB1,2242,0,531,0,1,532,T
2-PB1,2243,2,0,0,524,526,C
2-PB1,2244,1,0,0,495,496,C
2-PB1,2245,497,0,0,0,497,A
2-PB1,2246,0,0,0,496,496,C
2-PB1,2247,0,0,0,480,480,C
2-PB1,2248,463,0,1,0,464,A
2-PB1,2249,0,429,0,0,429,T
2-PB1,2250,0,420,0,0,420,T
2-PB1,2251,0,0,419,0,419,G
2-PB1,2252,406,0,10,0,416,A
2-PB1,2253,411,0,0,0,411,A
2-PB1,2254,0,2,409,0,411,G
2-PB1,2255,353,0,0,0,353,A
2-PB1,2256,349,0,1,0,350,A
2-PB1,2257,1,0,0,342,343,C
2-PB1,2258,0,321,0,0,321,T
2-PB1,2259,0,0,0,322,322,C
2-PB1,2260,306,0,0,0,306,A
2-PB1,2261,0,0,306,0,306,G
2-PB1,2262,304,0,0,0,304,A
2-PB1,2263,1,0,0,292,293,C
2-PB1,2264,0,0,288,0,288,G
2-PB1,2265,0,0,281,0,281,G
2-PB1,2266,0,0,0,280,280,C
2-PB1,2267,280,0,1,0,281,A
2-PB1,2268,281,0,0,0,281,A
2-PB1,2269,278,0,1,0,279,A
2-PB1,2270,279,0,1,0,280,A
2-PB1,2271,279,0,0,0,279,A
2-PB1,2272,0,276,0,0,276,T
2-PB1,2273,268,0,0,0,268,A
2-PB1,2274,267,0,0,0,267,A
3-PA,1,23,0,0,0,23,A
3-PA,2,0,23,0,0,23,T
3-PA,3,0,0,28,0,28,G
3-PA,4,0,0,28,0,28,G
3-PA,5,28,0,0,0,28,A
3-PA,6,27,0,1,0,28,A
3-PA,7,0,0,28,0,28,G
3-PA,8,29,0,0,0,29,A
3-PA,9,0,29,0,0,29,T
3-PA,10,0,29,0,0,29,T
3-PA,11,0,31,0,0,31,T
3-PA,12,0,31,0,0,31,T
3-PA,13,0,0,32,0,32,G
3-PA,14,0,32,0,0,32,T
3-PA,15,0,0,32,0,32,G
3-PA,16,0,0,0,34,34,C
3-PA,17,0,0,34,0,34,G
3-PA,18,36,0,0,0,36,A
3-PA,19,0,0,0,38,38,C
3-PA,20,38,0,0,0,38,A
3-PA,21,39,0,0,0,39,A
3-PA,22,0,39,0,0,39,T
3-PA,23,0,0,44,0,44,G
3-PA,24,0,0,0,44,44,C
3-PA,25,0,44,0,0,44,T
3-PA,26,0,45,0,0,45,T
3-PA,27,0,0,0,45,45,C
3-PA,28,46,0,0,0,46,A
3-PA,29,47,0,0,0,47,A
3-PA,30,0,0,0,48,48,C
3-PA,31,0,0,0,49,49,C
3-PA,32,0,0,0,48,48,C
3-PA,33,0,0,48,0,48,G
3-PA,34,48,0,0,0,48,A
3-PA,35,0,48,0,0,48,T
3-PA,36,0,0,48,0,48,G
3-PA,37,48,0,0,0,48,A
3-PA,38,0,48,0,0,48,T
3-PA,39,0,49,0,0,49,T
3-PA,40,0,0,49,0,49,G
3-PA,41,0,48,0,1,49,T
3-PA,42,0,0,0,49,49,C
3-PA,43,0,0,49,0,49,G
3-PA,44,49,0,0,0,49,A
3-PA,45,49,0,0,0,49,A
3-PA,46,0,0,0,49,49,C
3-PA,47,0,50,0,0,50,T
3-PA,48,0,51,0,0,51,T
3-PA,49,0,0,50,0,50,G
3-PA,50,0,0,0,52,52,C
3-PA,51,53,0,0,0,53,A
3-PA,52,0,0,53,0,53,G
3-PA,53,53,0,0,0,53,A
3-PA,54,52,0,1,0,53,A
3-PA,55,53,0,0,0,53,A
3-PA,56,53,0,0,0,53,A
3-PA,57,53,0,0,0,53,A
3-PA,58,0,0,53,0,53,G
3-PA,59,0,0,0,54,54,C
3-PA,60,56,0,0,0,56,A
3-PA,61,61,0,0,0,61,A
3-PA,62,0,62,0,0,62,T
3-PA,63,0,0,64,0,64,G
3-PA,64,65,0,0,0,65,A
3-PA,65,64,0,0,0,64,A
3-PA,66,66,0,0,0,66,A
3-PA,67,0,0,70,0,70,G
3-PA,68,74,0,0,0,74,A
3-PA,69,0,0,90,0,90,G
3-PA,70,0,89,0,0,89,T
3-PA,71,88,0,0,0,88,A
3-PA,72,0,88,0,0,88,T
3-PA,73,0,1,87,0,88,G
3-PA,74,0,0,89,0,89,G
3-PA,75,0,0,89,0,89,G
3-PA,76,0,0,89,0,89,G
3-PA,77,87,0,0,0,87,A
3-PA,78,0,0,88,0,88,G
3-PA,79,0,0,91,0,91,G
3-PA,80,91,0,0,0,91,A
3-PA,81,0,96,0,0,96,T
3-PA,82,0,0,0,96,96,C
3-PA,83,0,95,0,0,95,T
3-PA,84,0,0,95,0,95,G
3-PA,85,95,0,0,0,95,A
3-PA,86,95,0,0,0,95,A
3-PA,87,94,0,0,0,94,A
3-PA,88,95,0,0,0,95,A
3-PA,89,0,94,0,0,94,T
3-PA,90,0,95,0,0,95,T
3-PA,91,0,0,93,0,93,G
3-PA,92,95,0,0,0,95,A
3-PA,93,95,0,0,0,95,A
3-PA,94,94,0,1,0,95,A
3-PA,95,0,0,0,95,95,C
3-PA,96,96,0,0,0,96,A
3-PA,97,96,0,0,0,96,A
3-PA,98,95,0,0,0,95,A
3-PA,99,0,0,0,96,96,C
3-PA,100,97,0,0,0,97,A
3-PA,101,97,0,0,0,97,A
3-PA,102,97,0,0,0,97,A
3-PA,103,0,97,0,0,97,T
3-PA,104,0,97,0,0,97,T
3-PA,105,0,96,0,0,96,T
3-PA,106,0,0,97,0,97,G
3-PA,107,0,0,0,99,99,C
3-PA,108,98,0,0,0,98,A
3-PA,109,0,0,104,0,104,G
3-PA,110,0,0,0,104,104,C
3-PA,111,112,0,0,0,112,A
3-PA,112,114,0,0,0,114,A
3-PA,113,0,115,0,0,115,T
3-PA,114,116,0,0,0,116,A
3-PA,115,0,117,0,0,117,T
3-PA,116,1,0,118,0,119,G
3-PA,117,0,0,0,118,118,C
3-PA,118,117,0,1,0,118,A
3-PA,119,0,1,0,118,119,C
3-PA,120,0,113,0,1,114,T
3-PA,121,0,0,0,134,134,C
3-PA,122,137,0,1,0,138,A
3-PA,123,0,0,0,141,141,C
3-PA,124,0,142,0,0,142,T
3-PA,125,0,142,0,0,142,T
3-PA,126,0,0,141,0,141,G
3-PA,127,0,0,143,0,143,G
3-PA,128,141,0,1,0,142,A
3-PA,129,0,0,145,0,145,G
3-PA,130,0,0,144,0,144,G
3-PA,131,0,140,0,0,140,T
3-PA,132,0,0,147,0,147,G
3-PA,133,0,150,0,0,150,T
3-PA,134,0,0,151,0,151,G
3-PA,135,0,151,0,0,151,T
3-PA,136,0,151,0,0,151,T
3-PA,137,0,151,0,0,151,T
3-PA,138,0,0,0,150,150,C
3-PA,139,151,0,0,0,151,A
3-PA,140,0,151,0,0,151,T
3-PA,141,0,1,154,0,155,G
3-PA,142,0,155,0,0,155,T
3-PA,143,156,0,0,0,156,A
3-PA,144,0,156,0,0,156,T
3-PA,145,0,156,0,0,156,T
3-PA,146,0,0,0,157,157,C
3-PA,147,156,0,0,0,156,A
3-PA,148,0,0,158,0,158,G
3-PA,149,158,0,0,0,158,A
3-PA,150,0,158,0,0,158,T
3-PA,151,0,158,0,0,158,T
3-PA,152,0,158,0,0,158,T
3-PA,153,0,0,0,158,158,C
3-PA,154,0,0,0,159,159,C
3-PA,155,159,0,0,0,159,A
3-PA,156,0,158,0,1,159,T
3-PA,157,0,154,0,0,154,T
3-PA,158,0,157,0,0,157,T
3-PA,159,1,0,0,157,158,C
3-PA,160,159,0,0,0,159,A
3-PA,161,0,168,0,0,168,T
3-PA,162,0,0,0,169,169,C
3-PA,163,169,0,0,0,169,A
3-PA,164,171,0,0,0,171,A
3-PA,165,0,169,0,0,169,T
3-PA,166,0,0,174,0,174,G
3-PA,167,175,0,0,0,175,A
3-PA,168,175,0,0,0,175,A
3-PA,169,0,0,0,173,173,C
3-PA,170,175,0,0,0,175,A
3-PA,171,176,0,0,0,176,A
3-PA,172,0,0,177,0,177,G
3-PA,173,0,0,178,0,178,G
3-PA,174,0,0,0,177,177,C
3-PA,175,0,0,176,0,176,G
3-PA,176,188,0,0,0,188,A
3-PA,177,189,0,0,0,189,A
3-PA,178,0,191,0,0,191,T
3-PA,179,0,0,0,197,197,C
3-PA,180,196,0,0,0,196,A
3-PA,181,195,0,1,0,196,A
3-PA,182,0,198,0,0,198,T
3-PA,183,198,0,0,0,198,A
3-PA,184,0,0,205,0,205,G
3-PA,185,0,205,0,0,205,T
3-PA,186,0,1,203,0,204,G
3-PA,187,0,0,208,0,208,G
3-PA,188,0,205,0,1,206,T
3-PA,189,203,0,1,0,204,A
3-PA,190,0,0,205,0,205,G
3-PA,191,205,0,0,0,205,A
3-PA,192,206,0,0,0,206,A
3-PA,193,0,0,0,207,207,C
3-PA,194,1,202,0,0,203,T
3-PA,195,0,200,0,0,200,T
3-PA,196,0,0,203,0,203,G
3-PA,197,203,0,0,0,203,A
3-PA,198,1,0,0,202,203,C
3-PA,199,0,0,203,0,203,G
3-PA,200,207,0,0,0,207,A
3-PA,201,0,212,0,0,212,T
3-PA,202,0,0,0,212,212,C
3-PA,203,0,0,0,212,212,C
3-PA,204,214,0,0,0,214,A
3-PA,205,212,0,2,0,214,A
3-PA,206,214,0,0,0,214,A
3-PA,207,0,214,0,1,215,T
3-PA,208,0,0,215,0,215,G
3-PA,209,0,0,0,212,212,C
3-PA,210,210,0,0,0,210,A
3-PA,211,0,0,0,218,218,C
3-PA,212,0,217,0,0,217,T
3-PA,213,0,0,247,0,247,G
3-PA,214,0,246,0,1,247,T
3-PA,215,0,246,0,0,246,T
3-PA,216,245,1,0,0,246,A
3-PA,217,243,0,0,0,243,A
3-PA,218,242,0,3,0,245,A
3-PA,219,0,0,246,0,246,G
3-PA,220,0,0,0,241,241,C
3-PA,221,241,0,0,0,241,A
3-PA,222,0,0,0,241,241,C
3-PA,223,223,0,0,0,223,A
3-PA,224,1,0,229,0,230,G
3-PA,225,229,0,0,0,229,A
3-PA,226,0,229,0,0,229,T
3-PA,227,0,230,0,0,230,T
3-PA,228,0,229,0,0,229,T
3-PA,229,0,1,229,0,230,G
3-PA,230,229,0,0,0,229,A
3-PA,231,228,0,0,0,228,A
3-PA,232,228,0,0,0,228,A
3-PA,233,0,225,0,0,225,T
3-PA,234,225,0,0,0,225,A
3-PA,235,228,0,0,0,228,A
3-PA,236,0,227,0,0,227,T
3-PA,237,0,0,0,227,227,C
3-PA,238,0,0,227,0,227,G
3-PA,239,227,0,1,0,228,A
3-PA,240,0,0,228,0,228,G
3-PA,241,0,0,230,0,230,G
3-PA,242,0,0,231,0,231,G
3-PA,243,0,0,230,0,230,G
3-PA,244,227,0,0,0,227,A
3-PA,245,0,0,231,0,231,G
3-PA,246,232,0,1,0,233,A
3-PA,247,1,0,233,0,234,G
3-PA,248,233,0,0,0,233,A
3-PA,249,0,0,1,234,235,C
3-PA,250,232,0,0,0,232,A
3-PA,251,0,0,236,0,236,G
3-PA,252,235,0,0,0,235,A
3-PA,253,238,0,0,0,238,A
3-PA,254,0,0,0,237,237,C
3-PA,255,230,0,0,0,230,A
3-PA,256,232,0,0,0,232,A
3-PA,257,0,227,0,0,227,T
3-PA,258,0,0,247,0,247,G
3-PA,259,0,0,246,0,246,G
3-PA,260,0,0,0,242,242,C
3-PA,261,0,0,0,245,245,C
3-PA,262,0,241,0,0,241,T
3-PA,263,0,0,248,0,248,G
3-PA,264,0,0,248,0,248,G
3-PA,265,246,0,0,0,246,A
3-PA,266,0,0,0,246,246,C
3-PA,267,233,0,0,0,233,A
3-PA,268,1,0,232,0,233,G
3-PA,269,0,231,0,0,231,T
3-PA,270,0,0,229,0,229,G
3-PA,271,0,0,253,0,253,G
3-PA,272,0,253,0,0,253,T
3-PA,273,252,0,0,0,252,A
3-PA,274,253,0,0,0,253,A
3-PA,275,248,0,0,0,248,A
3-PA,276,0,0,0,251,251,C
3-PA,277,229,0,0,0,229,A
3-PA,278,0,0,233,0,233,G
3-PA,279,0,223,0,0,223,T
3-PA,280,229,0,0,0,229,A
3-PA,281,0,229,0,0,229,T
3-PA,282,1,0,0,232,233,C
3-PA,283,0,233,0,0,233,T
3-PA,284,0,0,234,0,234,G
3-PA,285,0,0,0,230,230,C
3-PA,286,230,0,0,0,230,A
3-PA,287,228,0,0,0,228,A
3-PA,288,1,0,0,232,233,C
3-PA,289,230,0,0,0,230,A
3-PA,290,0,0,0,248,248,C
3-PA,291,0,245,0,0,245,T
3-PA,292,246,0,0,0,246,A
3-PA,293,1,0,0,245,246,C
3-PA,294,0,246,0,0,246,T
3-PA,295,0,0,246,0,246,G
3-PA,296,0,0,246,0,246,G
3-PA,297,246,0,0,0,246,A
3-PA,298,1,0,246,0,247,G
3-PA,299,0,0,0,240,240,C
3-PA,300,0,237,0,0,237,T
3-PA,301,0,0,236,0,236,G
3-PA,302,0,0,237,0,237,G
3-PA,303,1,0,236,0,237,G
3-PA,304,238,0,0,0,238,A
3-PA,305,236,1,0,0,237,A
3-PA,306,237,0,0,0,237,A
3-PA,307,1,0,0,235,236,C
3-PA,308,1,1,0,236,238,C
3-PA,309,0,0,238,0,238,G
3-PA,310,237,0,0,0,237,A
3-PA,311,238,0,0,0,238,A
3-PA,312,0,0,239,0,239,G
3-PA,313,0,237,0,0,237,T
3-PA,314,0,238,0,0,238,T
3-PA,315,0,236,0,0,236,T
3-PA,316,1,0,0,236,237,C
3-PA,317,0,238,0,0,238,T
3-PA,318,237,0,0,0,237,A
3-PA,319,0,1,0,236,237,C
3-PA,320,1,0,0,236,237,C
3-PA,321,239,0,0,0,239,A
3-PA,322,0,0,253,0,253,G
3-PA,323,253,0,0,0,253,A
3-PA,324,0,252,0,0,252,T
3-PA,325,0,255,0,0,255,T
3-PA,326,0,255,0,0,255,T
3-PA,327,254,0,0,0,254,A
3-PA,328,0,257,0,0,257,T
3-PA,329,256,0,0,0,256,A
3-PA,330,0,256,0,0,256,T
3-PA,331,0,0,249,0,249,G
3-PA,332,267,0,0,0,267,A
3-PA,333,0,265,0,0,265,T
3-PA,334,0,264,0,0,264,T
3-PA,335,266,0,0,0,266,A
3-PA,336,0,0,0,265,265,C
3-PA,337,264,0,0,0,264,A
3-PA,338,262,0,0,0,262,A
3-PA,339,0,1,265,0,266,G
3-PA,340,0,0,271,0,271,G
3-PA,341,259,0,0,0,259,A
3-PA,342,0,0,262,0,262,G
3-PA,343,262,0,0,0,262,A
3-PA,344,262,0,1,0,263,A
3-PA,345,0,0,0,263,263,C
3-PA,346,258,0,0,0,258,A
3-PA,347,0,0,259,0,259,G
3-PA,348,257,0,1,0,258,A
3-PA,349,0,253,0,0,253,T
3-PA,350,0,255,0,0,255,T
3-PA,351,0,0,0,249,249,C
3-PA,352,247,1,0,0,248,A
3-PA,353,0,248,0,0,248,T
3-PA,354,1,0,0,248,249,C
3-PA,355,0,0,248,0,248,G
3-PA,356,247,0,0,0,247,A
3-PA,357,244,0,0,0,244,A
3-PA,358,245,0,0,0,245,A
3-PA,359,0,247,0,0,247,T
3-PA,360,0,245,0,0,245,T
3-PA,361,0,2,244,0,246,G
3-PA,362,0,2,245,0,247,G
3-PA,363,0,0,247,0,247,G
3-PA,364,0,0,249,0,249,G
3-PA,365,0,244,0,1,245,T
3-PA,366,0,0,250,0,250,G
3-PA,367,250,0,0,0,250,A
3-PA,368,0,0,0,256,256,C
3-PA,369,256,0,0,0,256,A
3-PA,370,256,0,0,0,256,A
3-PA,371,0,1,258,0,259,G
3-PA,372,0,0,259,0,259,G
3-PA,373,256,0,0,0,256,A
3-PA,374,0,1,256,0,257,G
3-PA,375,256,0,0,0,256,A
3-PA,376,0,0,256,0,256,G
3-PA,377,253,0,0,0,253,A
3-PA,378,248,0,0,0,248,A
3-PA,379,0,0,252,0,252,G
3-PA,380,0,245,0,0,245,T
3-PA,381,0,0,0,251,251,C
3-PA,382,0,0,0,250,250,C
3-PA,383,251,0,0,0,251,A
3-PA,384,0,0,0,253,253,C
3-PA,385,255,0,0,0,255,A
3-PA,386,0,261,0,0,261,T
3-PA,387,275,0,0,0,275,A
3-PA,388,0,270,0,0,270,T
3-PA,389,269,0,0,0,269,A
3-PA,390,0,265,0,0,265,T
3-PA,391,0,266,0,0,266,T
3-PA,392,284,0,0,0,284,A
3-PA,393,0,0,0,282,282,C
3-PA,394,1,0,0,269,270,C
3-PA,395,0,263,0,0,263,T
3-PA,396,0,256,0,0,256,T
3-PA,397,0,0,257,0,257,G
3-PA,398,256,0,0,0,256,A
3-PA,399,0,0,241,0,241,G
3-PA,400,243,0,0,0,243,A
3-PA,401,242,0,0,0,242,A
3-PA,402,0,0,244,0,244,G
3-PA,403,0,0,246,0,246,G
3-PA,404,0,0,0,248,248,C
3-PA,405,0,0,0,246,246,C
3-PA,406,247,0,0,0,247,A
3-PA,407,246,0,1,0,247,A
3-PA,408,0,247,0,0,247,T
3-PA,409,245,0,0,0,245,A
3-PA,410,246,0,0,0,246,A
3-PA,411,0,1,251,0,252,G
3-PA,412,251,0,0,0,251,A
3-PA,413,0,251,0,0,251,T
3-PA,414,0,250,0,0,250,T
3-PA,415,251,0,0,0,251,A
3-PA,416,252,0,0,0,252,A
3-PA,417,251,0,0,0,251,A
3-PA,418,0,254,0,0,254,T
3-PA,419,0,0,0,254,254,C
3-PA,420,0,244,0,1,245,T
3-PA,421,0,1,245,0,246,G
3-PA,422,247,0,0,0,247,A
3-PA,423,0,0,247,0,247,G
3-PA,424,249,0,0,0,249,A
3-PA,425,253,0,0,0,253,A
3-PA,426,0,0,0,253,253,C
3-PA,427,252,0,0,0,252,A
3-PA,428,0,0,0,255,255,C
3-PA,429,254,0,0,0,254,A
3-PA,430,1,1,0,255,257,C
3-PA,431,255,0,0,0,255,A
3-PA,432,0,0,0,262,262,C
3-PA,433,260,0,0,0,260,A
3-PA,434,0,257,0,1,258,T
3-PA,435,0,256,0,0,256,T
3-PA,436,0,0,0,256,256,C
3-PA,437,256,0,0,0,256,A
3-PA,438,0,0,0,258,258,C
3-PA,439,256,0,0,0,256,A
3-PA,440,0,257,0,0,257,T
3-PA,441,0,248,0,0,248,T
3-PA,442,0,249,0,0,249,T
3-PA,443,0,250,0,1,251,T
3-PA,444,0,0,0,251,251,C
3-PA,445,0,251,0,0,251,T
3-PA,446,1,0,1,250,252,C
3-PA,447,253,0,0,0,253,A
3-PA,448,0,252,0,1,253,T
3-PA,449,0,260,0,0,260,T
3-PA,450,0,0,0,260,260,C
3-PA,451,257,0,2,0,259,A
3-PA,452,0,0,0,262,262,C
3-PA,453,0,262,0,0,262,T
3-PA,454,0,1,257,1,259,G
3-PA,455,0,0,262,0,262,G
3-PA,456,258,0,0,0,258,A
3-PA,457,0,0,266,0,266,G
3-PA,458,266,0,0,0,266,A
3-PA,459,0,0,266,0,266,G
3-PA,460,0,1,265,0,266,G
3-PA,461,263,0,0,0,263,A
3-PA,462,261,1,1,0,263,A
3-PA,463,259,0,0,0,259,A
3-PA,464,0,255,0,0,255,T
3-PA,465,0,0,258,0,258,G
3-PA,466,0,0,258,0,258,G
3-PA,467,0,0,0,259,259,C
3-PA,468,1,0,0,256,257,C
3-PA,469,255,0,0,0,255,A
3-PA,470,1,0,0,254,255,C
3-PA,471,256,0,0,0,256,A
3-PA,472,254,0,0,0,254,A
3-PA,473,257,0,0,0,257,A
3-PA,474,0,0,259,0,259,G
3-PA,475,0,0,260,0,260,G
3-PA,476,0,0,0,260,260,C
3-PA,477,263,0,0,0,263,A
3-PA,478,0,0,270,0,270,G
3-PA,479,271,0,0,0,271,A
3-PA,480,0,0,0,278,278,C
3-PA,481,0,276,0,0,276,T
3-PA,482,273,0,0,0,273,A
3-PA,483,0,0,0,273,273,C
3-PA,484,270,0,0,0,270,A
3-PA,485,0,0,0,272,272,C
3-PA,486,0,264,0,0,264,T
3-PA,487,1,0,0,263,264,C
3-PA,488,0,264,0,0,264,T
3-PA,489,0,0,0,259,259,C
3-PA,490,0,1,259,0,260,G
3-PA,491,261,0,0,0,261,A
3-PA,492,1,0,0,260,261,C
3-PA,493,0,1,260,0,261,G
3-PA,494,258,0,0,0,258,A
3-PA,495,0,0,260,0,260,G
3-PA,496,0,0,261,0,261,G
3-PA,497,261,0,0,0,261,A
3-PA,498,261,0,0,0,261,A
3-PA,499,263,0,0,0,263,A
3-PA,500,0,0,263,0,263,G
3-PA,501,0,0,0,260,260,C
3-PA,502,258,0,0,0,258,A
3-PA,503,0,1,258,0,259,G
3-PA,504,0,0,257,0,257,G
3-PA,505,0,0,259,0,259,G
3-PA,506,0,1,0,258,259,C
3-PA,507,0,258,0,0,258,T
3-PA,508,257,0,0,0,257,A
3-PA,509,0,1,260,0,261,G
3-PA,510,0,0,269,0,269,G
3-PA,511,270,0,0,0,270,A
3-PA,512,0,260,0,0,260,T
3-PA,513,0,260,0,0,260,T
3-PA,514,260,0,0,0,260,A
3-PA,515,260,0,1,0,261,A
3-PA,516,0,0,262,0,262,G
3-PA,517,261,0,0,0,261,A
3-PA,518,0,0,0,260,260,C
3-PA,519,1,0,0,236,237,C
3-PA,520,233,0,0,0,233,A
3-PA,521,0,1,237,0,238,G
3-PA,522,0,0,239,0,239,G
3-PA,523,0,0,0,238,238,C
3-PA,524,0,232,0,1,233,T
3-PA,525,0,0,242,0,242,G
3-PA,526,0,242,0,0,242,T
3-PA,527,0,239,0,0,239,T
3-PA,528,0,240,0,0,240,T
3-PA,529,240,0,0,0,240,A
3-PA,530,0,0,0,243,243,C
3-PA,531,1,0,0,241,242,C
3-PA,532,240,0,0,0,240,A
3-PA,533,0,239,0,0,239,T
3-PA,534,223,0,0,0,223,A
3-PA,535,227,0,0,0,227,A
3-PA,536,0,0,231,0,231,G
3-PA,537,230,0,0,0,230,A
3-PA,538,0,1,0,229,230,C
3-PA,539,222,0,0,0,222,A
3-PA,540,222,0,0,0,222,A
3-PA,541,0,0,227,0,227,G
3-PA,542,226,0,0,0,226,A
3-PA,543,226,0,0,0,226,A
3-PA,544,227,0,0,0,227,A
3-PA,545,1,223,0,0,224,T
3-PA,546,0,0,233,0,233,G
3-PA,547,0,0,231,0,231,G
3-PA,548,0,0,0,228,228,C
3-PA,549,0,0,0,233,233,C
3-PA,550,231,0,0,0,231,A
3-PA,551,238,0,0,0,238,A
3-PA,552,0,0,0,240,240,C
3-PA,553,239,0,0,0,239,A
3-PA,554,0,1,237,1,239,G
3-PA,555,235,0,0,0,235,A
3-PA,556,0,1,237,0,238,G
3-PA,557,0,0,240,0,240,G
3-PA,558,0,0,1,233,234,C
3-PA,559,0,0,0,237,237,C
3-PA,560,0,226,0,0,226,T
3-PA,561,225,0,0,0,225,A
3-PA,562,0,230,0,0,230,T
3-PA,563,0,0,230,0,230,G
3-PA,564,0,0,231,0,231,G
3-PA,565,0,0,221,0,221,G
3-PA,566,215,0,0,0,215,A
3-PA,567,0,214,0,0,214,T
3-PA,568,0,208,0,0,208,T
3-PA,569,0,0,0,241,241,C
3-PA,570,0,0,0,235,235,C
3-PA,571,0,234,0,1,235,T
3-PA,572,0,232,0,1,233,T
3-PA,573,0,233,0,0,233,T
3-PA,574,0,0,0,237,237,C
3-PA,575,0,0,238,0,238,G
3-PA,576,0,237,0,0,237,T
3-PA,577,0,0,0,237,237,C
3-PA,578,231,0,0,0,231,A
3-PA,579,2,0,282,0,284,G
3-PA,580,0,286,0,0,286,T
3-PA,581,0,0,0,286,286,C
3-PA,582,0,0,0,292,292,C
3-PA,583,1,0,294,0,295,G
3-PA,584,293,0,1,0,294,A
3-PA,585,295,0,0,0,295,A
3-PA,586,295,0,0,0,295,A
3-PA,587,0,0,299,0,299,G
3-PA,588,290,0,0,0,290,A
3-PA,589,0,0,293,0,293,G
3-PA,590,0,0,294,0,294,G
3-PA,591,0,1,1,292,294,C
3-PA,592,0,1,294,0,295,G
3-PA,593,295,0,0,0,295,A
3-PA,594,296,0,0,0,296,A
3-PA,595,0,1,299,0,300,G
3-PA,596,302,0,0,0,302,A
3-PA,597,302,0,0,0,302,A
3-PA,598,301,0,0,0,301,A
3-PA,599,1,0,0,304,305,C
3-PA,600,302,0,0,0,302,A
3-PA,601,301,1,0,0,302,A
3-PA,602,0,302,0,0,302,T
3-PA,603,0,301,0,1,302,T
3-PA,604,0,0,303,0,303,G
3-PA,605,302,0,0,0,302,A
3-PA,606,303,0,1,1,305,A
3-PA,607,0,0,304,0,304,G
3-PA,608,305,0,0,0,305,A
3-PA,609,305,0,0,0,305,A
3-PA,610,303,0,1,0,304,A
3-PA,611,306,1,0,0,307,A
3-PA,612,306,0,0,0,306,A
3-PA,613,0,308,1,0,309,T
3-PA,614,0,308,0,0,308,T
3-PA,615,0,309,0,0,309,T
3-PA,616,0,1,308,0,309,G
3-PA,617,310,0,0,0,310,A
3-PA,618,310,0,0,0,310,A
3-PA,619,310,0,0,0,310,A
3-PA,620,0,316,0,1,317,T
3-PA,621,1,0,0,362,363,C
3-PA,622,366,0,0,0,366,A
3-PA,623,0,0,0,371,371,C
3-PA,624,369,1,0,0,370,A
3-PA,625,0,0,378,0,378,G
3-PA,626,0,1,401,0,402,G
3-PA,627,410,0,0,0,410,A
3-PA,628,414,0,1,0,415,A
3-PA,629,0,0,0,420,420,C
3-PA,630,0,412,0,0,412,T
3-PA,631,452,0,1,0,453,A
3-PA,632,0,462,0,1,463,T
3-PA,633,0,0,481,0,481,G
3-PA,634,0,1,0,480,481,C
3-PA,635,0,0,481,0,481,G
3-PA,636,0,480,0,0,480,T
3-PA,637,478,0,1,0,479,A
3-PA,638,0,0,485,0,485,G
3-PA,639,0,0,481,0,481,G
3-PA,640,0,0,0,475,475,C
3-PA,641,0,470,0,0,470,T
3-PA,642,0,466,0,0,466,T
3-PA,643,1,0,465,0,466,G
3-PA,644,0,0,0,466,466,C
3-PA,645,0,0,0,465,465,C
3-PA,646,0,2,467,0,469,G
3-PA,647,470,1,1,0,472,A
3-PA,648,0,0,0,471,471,C
3-PA,649,0,0,0,477,477,C
3-PA,650,474,0,1,0,475,A
3-PA,651,474,0,1,0,475,A
3-PA,652,470,0,0,0,470,A
3-PA,653,0,0,489,0,489,G
3-PA,654,0,488,0,0,488,T
3-PA,655,1,0,0,491,492,C
3-PA,656,0,493,0,0,493,T
3-PA,657,0,0,0,495,495,C
3-PA,658,1,1,0,497,499,C
3-PA,659,1,0,0,500,501,C
3-PA,660,505,0,0,0,505,A
3-PA,661,0,0,0,507,507,C
3-PA,662,0,0,0,502,502,C
3-PA,663,0,0,507,0,507,G
3-PA,664,512,0,2,0,514,A
3-PA,665,513,0,2,0,515,A
3-PA,666,1,0,0,519,520,C
3-PA,667,0,517,0,1,518,T
3-PA,668,0,530,0,1,531,T
3-PA,669,0,0,0,544,544,C
3-PA,670,0,539,0,0,539,T
3-PA,671,1,0,0,540,541,C
3-PA,672,0,0,0,539,539,C
3-PA,673,0,539,0,1,540,T
3-PA,674,0,0,543,0,543,G
3-PA,675,0,0,0,545,545,C
3-PA,676,0,0,0,545,545,C
3-PA,677,0,545,0,0,545,T
3-PA,678,0,540,0,0,540,T
3-PA,679,0,1,539,0,540,G
3-PA,680,541,0,0,0,541,A
3-PA,681,0,1,549,0,550,G
3-PA,682,548,0,2,0,550,A
3-PA,683,557,0,0,0,557,A
3-PA,684,0,564,0,0,564,T
3-PA,685,0,569,0,0,569,T
3-PA,686,0,572,0,0,572,T
3-PA,687,0,571,0,0,571,T
3-PA,688,569,0,0,0,569,A
3-PA,689,1,0,570,0,571,G
3-PA,690,573,0,0,0,573,A
3-PA,691,1,0,590,0,591,G
3-PA,692,0,0,0,591,591,C
3-PA,693,1,0,0,590,591,C
3-PA,694,0,599,0,0,599,T
3-PA,695,635,0,0,0,635,A
3-PA,696,0,634,0,0,634,T
3-PA,697,0,0,636,0,636,G
3-PA,698,0,635,0,0,635,T
3-PA,699,1,1,642,0,644,G
3-PA,700,0,0,638,0,638,G
3-PA,701,637,0,2,0,639,A
3-PA,702,0,628,0,2,630,T
3-PA,703,0,0,619,0,619,G
3-PA,704,0,0,637,0,637,G
3-PA,705,636,0,0,0,636,A
3-PA,706,0,630,0,0,630,T
3-PA,707,0,631,0,0,631,T
3-PA,708,0,1,0,628,629,C
3-PA,709,0,0,629,0,629,G
3-PA,710,630,0,0,0,630,A
3-PA,711,628,0,3,0,631,A
3-PA,712,1,0,0,635,636,C
3-PA,713,0,0,0,620,620,C
3-PA,714,0,2,621,0,623,G
3-PA,715,624,0,0,0,624,A
3-PA,716,622,0,0,0,622,A
3-PA,717,0,0,0,632,632,C
3-PA,718,0,0,631,0,631,G
3-PA,719,0,0,653,0,653,G
3-PA,720,0,0,0,653,653,C
3-PA,721,0,649,0,0,649,T
3-PA,722,0,1,663,0,664,G
3-PA,723,0,0,0,667,667,C
3-PA,724,672,0,0,0,672,A
3-PA,725,0,672,0,1,673,T
3-PA,726,0,662,0,0,662,T
3-PA,727,0,0,666,0,666,G
3-PA,728,649,0,0,0,649,A
3-PA,729,0,0,663,0,663,G
3-PA,730,1,0,660,0,661,G
3-PA,731,0,0,658,1,659,G
3-PA,732,1,0,0,659,660,C
3-PA,733,649,0,0,0,649,A
3-PA,734,654,0,0,0,654,A
3-PA,735,0,0,659,0,659,G
3-PA,736,0,0,0,660,660,C
3-PA,737,0,657,0,0,657,T
3-PA,738,0,658,0,0,658,T
3-PA,739,0,664,0,0,664,T
3-PA,740,0,0,0,667,667,C
3-PA,741,0,664,0,1,665,T
3-PA,742,1,0,0,666,667,C
3-PA,743,664,0,0,0,664,A
3-PA,744,664,0,0,0,664,A
3-PA,745,665,0,0,0,665,A
3-PA,746,0,662,0,0,662,T
3-PA,747,0,0,677,0,677,G
3-PA,748,0,680,0,2,682,T
3-PA,749,0,0,0,684,684,C
3-PA,750,1,0,0,690,691,C
3-PA,751,692,0,0,0,692,A
3-PA,752,694,0,0,0,694,A
3-PA,753,688,0,0,0,688,A
3-PA,754,0,1,699,0,700,G
3-PA,755,698,0,0,0,698,A
3-PA,756,683,0,2,0,685,A
3-PA,757,0,0,692,0,692,G
3-PA,758,0,684,0,1,685,T
3-PA,759,0,0,686,0,686,G
3-PA,760,681,0,0,0,681,A
3-PA,761,683,0,0,0,683,A
3-PA,762,0,682,0,0,682,T
3-PA,763,0,0,678,0,678,G
3-PA,764,0,0,0,677,677,C
3-PA,765,2,0,0,679,681,C
3-PA,766,2,0,0,678,680,C
3-PA,767,683,0,0,0,683,A
3-PA,768,687,0,0,1,688,A
3-PA,769,689,0,0,0,689,A
3-PA,770,0,690,0,0,690,T
3-PA,771,0,687,0,1,688,T
3-PA,772,0,0,688,0,688,G
3-PA,773,687,0,0,0,687,A
3-PA,774,686,1,0,0,687,A
3-PA,775,0,0,0,686,686,C
3-PA,776,1,0,0,687,688,C
3-PA,777,0,680,0,0,680,T
3-PA,778,0,694,0,0,694,T
3-PA,779,0,696,0,0,696,T
3-PA,780,0,712,0,0,712,T
3-PA,781,0,0,0,715,715,C
3-PA,782,0,712,0,0,712,T
3-PA,783,0,0,719,0,719,G
3-PA,784,715,1,0,0,716,A
3-PA,785,727,0,1,0,728,A
3-PA,786,0,0,733,0,733,G
3-PA,787,722,0,1,0,723,A
3-PA,788,0,1,0,726,727,C
3-PA,789,717,0,1,0,718,A
3-PA,790,728,0,0,0,728,A
3-PA,791,0,0,0,805,805,C
3-PA,792,807,0,0,1,808,A
3-PA,793,1,0,0,809,810,C
3-PA,794,2,1,0,797,800,C
3-PA,795,797,0,0,1,798,A
3-PA,796,797,0,1,0,798,A
3-PA,797,4,1,790,0,795,G
3-PA,798,796,1,1,0,798,A
3-PA,799,1,0,0,795,796,C
3-PA,800,2,1,0,732,735,C
3-PA,801,735,0,0,0,735,A
3-PA,802,735,1,0,0,736,A
3-PA,803,0,733,0,1,734,T
3-PA,804,0,0,0,736,736,C
3-PA,805,735,0,0,0,735,A
3-PA,806,735,0,0,0,735,A
3-PA,807,735,0,1,0,736,A
3-PA,808,0,1,0,745,746,C
3-PA,809,0,740,0,0,740,T
3-PA,810,0,742,0,0,742,T
3-PA,811,0,0,0,743,743,C
3-PA,812,2,1,1,736,740,C
3-PA,813,0,1,741,1,743,G
3-PA,814,744,0,0,0,744,A
3-PA,815,744,0,0,0,744,A
3-PA,816,0,745,0,1,746,T
3-PA,817,0,2,739,0,741,G
3-PA,818,1,1,738,0,740,G
3-PA,819,747,0,0,0,747,A
3-PA,820,0,0,0,755,755,C
3-PA,821,1,0,0,754,755,C
3-PA,822,0,771,0,0,771,T
3-PA,823,1,0,0,792,793,C
3-PA,824,0,1,0,797,798,C
3-PA,825,0,795,0,0,795,T
3-PA,826,1,795,0,0,796,T
3-PA,827,0,1,836,0,837,G
3-PA,828,1,832,0,0,833,T
3-PA,829,0,834,0,0,834,T
3-PA,830,832,0,0,0,832,A
3-PA,831,1,794,0,0,795,T
3-PA,832,1,1,0,791,793,C
3-PA,833,778,0,0,0,778,A
3-PA,834,1,0,777,0,778,G
3-PA,835,0,1,0,773,774,C
3-PA,836,0,2,748,0,750,G
3-PA,837,0,0,770,0,770,G
3-PA,838,1,771,0,0,772,T
3-PA,839,0,0,0,773,773,C
3-PA,840,1,0,0,772,773,C
3-PA,841,776,0,1,1,778,A
3-PA,842,783,0,0,0,783,A
3-PA,843,785,0,0,0,785,A
3-PA,844,0,784,0,0,784,T
3-PA,845,0,782,0,0,782,T
3-PA,846,0,0,0,778,778,C
3-PA,847,0,0,0,771,771,C
3-PA,848,0,767,0,0,767,T
3-PA,849,0,0,0,774,774,C
3-PA,850,0,0,1,778,779,C
3-PA,851,1,780,0,1,782,T
3-PA,852,0,1,782,0,783,G
3-PA,853,782,0,1,0,783,A
3-PA,854,0,781,0,2,783,T
3-PA,855,0,0,777,0,777,G
3-PA,856,0,0,766,0,766,G
3-PA,857,764,0,2,0,766,A
3-PA,858,0,762,0,0,762,T
3-PA,859,0,0,768,0,768,G
3-PA,860,1,0,0,810,811,C
3-PA,861,0,801,0,0,801,T
3-PA,862,0,796,1,6,803,T
3-PA,863,0,804,0,0,804,T
3-PA,864,801,0,0,0,801,A
3-PA,865,802,0,0,0,802,A
3-PA,866,803,0,0,1,804,A
3-PA,867,803,0,0,0,803,A
3-PA,868,0,801,0,1,802,T
3-PA,869,0,733,0,0,733,T
3-PA,870,0,0,731,0,731,G
3-PA,871,725,0,2,0,727,A
3-PA,872,0,0,735,0,735,G
3-PA,873,0,0,0,736,736,C
3-PA,874,735,0,0,0,735,A
3-PA,875,1,747,0,0,748,T
3-PA,876,0,747,0,0,747,T
3-PA,877,1,0,749,0,750,G
3-PA,878,751,0,0,0,751,A
3-PA,879,745,0,2,0,747,A
3-PA,880,0,0,752,0,752,G
3-PA,881,743,0,0,0,743,A
3-PA,882,0,0,0,757,757,C
3-PA,883,0,0,0,752,752,C
3-PA,884,0,0,0,742,742,C
3-PA,885,744,0,0,0,744,A
3-PA,886,781,0,0,0,781,A
3-PA,887,0,1,808,0,809,G
3-PA,888,0,806,3,1,810,T
3-PA,889,0,0,0,822,822,C
3-PA,890,825,0,1,0,826,A
3-PA,891,0,0,0,830,830,C
3-PA,892,0,0,824,0,824,G
3-PA,893,835,0,1,0,836,A
3-PA,894,838,0,0,0,838,A
3-PA,895,1,0,873,0,874,G
3-PA,896,0,1,867,0,868,G
3-PA,897,869,0,2,0,871,A
3-PA,898,0,0,877,0,877,G
3-PA,899,878,0,1,0,879,A
3-PA,900,875,1,1,0,877,A
3-PA,901,0,1,881,0,882,G
3-PA,902,0,1,874,0,875,G
3-PA,903,0,0,882,0,882,G
3-PA,904,864,0,0,0,864,A
3-PA,905,0,863,0,0,863,T
3-PA,906,4,0,0,860,864,C
3-PA,907,0,0,0,930,930,C
3-PA,908,1,0,0,942,943,C
3-PA,909,954,0,0,0,954,A
3-PA,910,0,953,0,1,954,T
3-PA,911,0,958,0,0,958,T
3-PA,912,987,0,0,0,987,A
3-PA,913,0,985,0,3,988,T
3-PA,914,985,0,0,0,985,A
3-PA,915,0,985,0,0,985,T
3-PA,916,0,1,894,0,895,G
3-PA,917,895,0,0,0,895,A
3-PA,918,0,890,0,0,890,T
3-PA,919,0,1,894,0,895,G
3-PA,920,0,1,0,884,885,C
3-PA,921,0,0,884,0,884,G
3-PA,922,891,1,0,0,892,A
3-PA,923,0,890,0,0,890,T
3-PA,924,0,0,0,893,893,C
3-PA,925,891,0,1,0,892,A
3-PA,926,889,0,1,0,890,A
3-PA,927,0,0,898,0,898,G
3-PA,928,0,894,0,0,894,T
3-PA,929,1,0,901,0,902,G
3-PA,930,0,0,0,906,906,C
3-PA,931,907,0,0,0,907,A
3-PA,932,0,910,0,0,910,T
3-PA,933,907,0,0,0,907,A
3-PA,934,919,0,0,0,919,A
3-PA,935,915,0,0,0,915,A
3-PA,936,912,0,0,0,912,A
3-PA,937,912,0,1,0,913,A
3-PA,938,0,0,0,912,912,C
3-PA,939,901,0,0,0,901,A
3-PA,940,0,911,0,0,911,T
3-PA,941,0,911,0,0,911,T
3-PA,942,0,0,0,913,913,C
3-PA,943,0,898,0,0,898,T
3-PA,944,0,898,0,0,898,T
3-PA,945,0,895,0,0,895,T
3-PA,946,0,0,899,0,899,G
3-PA,947,0,0,899,0,899,G
3-PA,948,896,0,0,0,896,A
3-PA,949,0,895,0,0,895,T
3-PA,950,0,1,910,0,911,G
3-PA,951,0,0,928,0,928,G
3-PA,952,925,0,2,0,927,A
3-PA,953,929,0,1,0,930,A
3-PA,954,930,0,0,0,930,A
3-PA,955,0,0,937,0,937,G
3-PA,956,937,0,0,0,937,A
3-PA,957,1012,0,0,0,1012,A
3-PA,958,2,0,0,1027,1029,C
3-PA,959,0,1,0,1022,1023,C
3-PA,960,0,1011,0,1,1012,T
3-PA,961,0,1025,0,1,1026,T
3-PA,962,1026,0,1,0,1027,A
3-PA,963,0,1027,0,0,1027,T
3-PA,964,1013,0,0,0,1013,A
3-PA,965,0,1037,0,0,1037,T
3-PA,966,950,0,0,0,950,A
3-PA,967,0,0,968,0,968,G
3-PA,968,1,962,0,0,963,T
3-PA,969,0,0,0,958,958,C
3-PA,970,943,0,1,0,944,A
3-PA,971,944,0,1,0,945,A
3-PA,972,943,0,1,0,944,A
3-PA,973,0,0,0,945,945,C
3-PA,974,2,1,0,931,934,C
3-PA,975,922,0,0,0,922,A
3-PA,976,0,0,0,929,929,C
3-PA,977,931,0,1,0,932,A
3-PA,978,0,0,0,932,932,C
3-PA,979,0,0,934,0,934,G
3-PA,980,929,1,1,0,931,A
3-PA,981,935,0,0,0,935,A
3-PA,982,931,0,0,0,931,A
3-PA,983,933,0,1,0,934,A
3-PA,984,0,2,935,0,937,G
3-PA,985,0,2,935,0,937,G
3-PA,986,0,2,939,0,941,G
3-PA,987,933,1,1,0,935,A
3-PA,988,935,0,1,0,936,A
3-PA,989,0,933,0,0,933,T
3-PA,990,934,0,0,0,934,A
3-PA,991,936,0,0,0,936,A
3-PA,992,938,0,0,0,938,A
3-PA,993,0,931,0,0,931,T
3-PA,994,1,925,0,0,926,T
3-PA,995,2,0,0,946,948,C
3-PA,996,946,0,0,0,946,A
3-PA,997,957,0,1,0,958,A
3-PA,998,959,0,1,0,960,A
3-PA,999,0,958,0,0,958,T
3-PA,1000,0,962,0,0,962,T
3-PA,1001,969,0,0,0,969,A
3-PA,1002,1,0,0,965,966,C
3-PA,1003,1,0,0,967,968,C
3-PA,1004,2,960,0,0,962,T
3-PA,1005,0,0,964,0,964,G
3-PA,1006,0,0,0,970,970,C
3-PA,1007,0,970,0,1,971,T
3-PA,1008,1,0,977,0,978,G
3-PA,1009,0,977,0,1,978,T
3-PA,1010,0,0,0,978,978,C
3-PA,1011,977,0,5,0,982,A
3-PA,1012,0,981,0,0,981,T
3-PA,1013,0,0,979,0,979,G
3-PA,1014,0,0,977,0,977,G
3-PA,1015,974,2,2,0,978,A
3-PA,1016,1003,0,2,0,1005,A
3-PA,1017,0,0,1000,0,1000,G
3-PA,1018,0,0,0,1000,1000,C
3-PA,1019,996,0,0,0,996,A
3-PA,1020,1004,0,1,0,1005,A
3-PA,1021,0,1,1012,0,1013,G
3-PA,1022,0,1014,0,0,1014,T
3-PA,1023,1001,0,0,0,1001,A
3-PA,1024,3,0,0,1001,1004,C
3-PA,1025,1,972,0,0,973,T
3-PA,1026,1,0,982,0,983,G
3-PA,1027,0,976,0,1,977,T
3-PA,1028,1,0,0,978,979,C
3-PA,1029,976,0,2,0,978,A
3-PA,1030,0,3,986,0,989,G
3-PA,1031,989,1,0,0,990,A
3-PA,1032,992,0,0,0,992,A
3-PA,1033,0,1004,0,1,1005,T
3-PA,1034,0,1000,0,0,1000,T
3-PA,1035,0,0,995,0,995,G
3-PA,1036,1,0,0,990,991,C
3-PA,1037,986,0,2,0,988,A
3-PA,1038,0,2,985,0,987,G
3-PA,1039,0,0,984,0,984,G
3-PA,1040,982,1,0,0,983,A
3-PA,1041,0,0,0,980,980,C
3-PA,1042,0,1,953,0,954,G
3-PA,1043,1,974,0,1,976,T
3-PA,1044,0,976,0,1,977,T
3-PA,1045,0,1,976,0,977,G
3-PA,1046,977,0,2,0,979,A
3-PA,1047,980,0,2,0,982,A
3-PA,1048,985,0,0,1,986,A
3-PA,1049,986,0,1,0,987,A
3-PA,1050,0,976,0,0,976,T
3-PA,1051,0,1,983,0,984,G
3-PA,1052,980,0,2,0,982,A
3-PA,1053,1,1,985,0,987,G
3-PA,1054,0,1,985,0,986,G
3-PA,1055,983,0,1,0,984,A
3-PA,1056,0,2,982,0,984,G
3-PA,1057,983,0,0,0,983,A
3-PA,1058,985,0,0,0,985,A
3-PA,1059,0,0,986,0,986,G
3-PA,1060,0,0,979,0,979,G
3-PA,1061,0,1015,0,0,1015,T
3-PA,1062,0,1017,0,0,1017,T
3-PA,1063,2,0,1,1016,1019,C
3-PA,1064,0,0,0,1023,1023,C
3-PA,1065,1020,0,0,0,1020,A
3-PA,1066,1018,0,0,0,1018,A
3-PA,1067,0,3,1020,0,1023,G
3-PA,1068,0,0,1041,0,1041,G
3-PA,1069,1022,0,1,0,1023,A
3-PA,1070,0,0,0,1028,1028,C
3-PA,1071,0,1024,0,0,1024,T
3-PA,1072,1028,0,0,0,1028,A
3-PA,1073,1024,0,0,1,1025,A
3-PA,1074,1024,0,0,0,1024,A
3-PA,1075,1026,0,0,0,1026,A
3-PA,1076,1017,0,0,0,1017,A
3-PA,1077,2,0,0,1014,1016,C
3-PA,1078,1010,0,0,0,1010,A
3-PA,1079,0,1008,0,0,1008,T
3-PA,1080,0,0,1020,0,1020,G
3-PA,1081,1018,0,0,0,1018,A
3-PA,1082,1020,0,1,0,1021,A
3-PA,1083,0,0,1021,0,1021,G
3-PA,1084,1018,0,0,0,1018,A
3-PA,1085,1025,0,0,0,1025,A
3-PA,1086,1020,1,0,0,1021,A
3-PA,1087,1015,0,4,1,1020,A
3-PA,1088,0,1,0,1022,1023,C
3-PA,1089,0,0,1017,0,1017,G
3-PA,1090,1020,0,0,0,1020,A
3-PA,1091,0,2,1023,0,1025,G
3-PA,1092,1,1012,0,1,1014,T
3-PA,1093,2,0,0,1033,1035,C
3-PA,1094,1034,0,1,0,1035,A
3-PA,1095,1053,0,0,0,1053,A
3-PA,1096,0,0,0,1054,1054,C
3-PA,1097,1,1049,0,0,1050,T
3-PA,1098,0,0,1066,0,1066,G
3-PA,1099,1059,0,0,0,1059,A
3-PA,1100,1067,0,1,0,1068,A
3-PA,1101,0,1,1068,1,1070,G
3-PA,1102,0,1046,0,1,1047,T
3-PA,1103,0,2,1048,0,1050,G
3-PA,1104,0,2,1041,0,1043,G
3-PA,1105,0,1,1047,0,1048,G
3-PA,1106,1,0,0,1052,1053,C
3-PA,1107,0,1034,0,0,1034,T
3-PA,1108,1,0,0,1038,1039,C
3-PA,1109,1,1033,0,1,1035,T
3-PA,1110,0,1032,0,0,1032,T
3-PA,1111,0,1,1051,0,1052,G
3-PA,1112,0,2,1059,0,1061,G
3-PA,1113,0,1054,0,1,1055,T
3-PA,1114,0,0,1052,1,1053,G
3-PA,1115,1044,0,0,0,1044,A
3-PA,1116,1041,0,13,0,1054,A
3-PA,1117,1046,0,2,0,1048,A
3-PA,1118,1052,1,2,0,1055,A
3-PA,1119,2,0,0,1058,1060,C
3-PA,1120,1033,1,0,0,1034,A
3-PA,1121,0,1032,0,0,1032,T
3-PA,1122,2,4,1026,0,1032,G
3-PA,1123,0,0,1048,0,1048,G
3-PA,1124,0,0,0,1049,1049,C
3-PA,1125,1051,0,1,0,1052,A
3-PA,1126,0,0,0,1057,1057,C
3-PA,1127,2,0,0,1059,1061,C
3-PA,1128,1068,0,0,0,1068,A
3-PA,1129,0,0,1079,0,1079,G
3-PA,1130,1075,0,0,0,1075,A
3-PA,1131,2,0,1086,0,1088,G
3-PA,1132,1082,0,0,0,1082,A
3-PA,1133,1083,0,1,0,1084,A
3-PA,1134,0,6,1082,0,1088,G
3-PA,1135,0,1,1085,0,1086,G
3-PA,1136,0,1080,0,1,1081,T
3-PA,1137,1069,0,0,0,1069,A
3-PA,1138,0,0,1071,0,1071,G
3-PA,1139,1061,1,1,0,1063,A
3-PA,1140,0,1,0,1073,1074,C
3-PA,1141,1,1049,0,1,1051,T
3-PA,1142,0,1049,0,0,1049,T
3-PA,1143,0,1047,0,0,1047,T
3-PA,1144,0,0,1053,0,1053,G
3-PA,1145,1052,0,0,0,1052,A
3-PA,1146,1053,1,0,0,1054,A
3-PA,1147,1049,0,1,0,1050,A
3-PA,1148,1043,0,1,0,1044,A
3-PA,1149,0,0,0,1077,1077,C
3-PA,1150,0,1071,0,0,1071,T
3-PA,1151,1,1,1080,0,1082,G
3-PA,1152,1,1,0,1079,1081,C
3-PA,1153,1079,0,4,0,1083,A
3-PA,1154,0,0,1083,0,1083,G
3-PA,1155,1082,0,1,0,1083,A
3-PA,1156,0,2,1119,0,1121,G
3-PA,1157,1129,0,0,0,1129,A
3-PA,1158,0,0,0,1116,1116,C
3-PA,1159,1112,0,2,1,1115,A
3-PA,1160,0,1111,0,1,1112,T
3-PA,1161,1110,0,0,0,1110,A
3-PA,1162,1104,0,2,0,1106,A
3-PA,1163,0,0,1107,0,1107,G
3-PA,1164,0,1,0,1110,1111,C
3-PA,1165,0,0,1092,0,1092,G
3-PA,1166,1118,0,1,0,1119,A
3-PA,1167,0,1105,0,0,1105,T
3-PA,1168,1,1101,0,1,1103,T
3-PA,1169,0,1108,0,0,1108,T
3-PA,1170,0,0,1109,0,1109,G
3-PA,1171,1110,0,2,0,1112,A
3-PA,1172,1111,1,2,0,1114,A
3-PA,1173,0,0,1119,0,1119,G
3-PA,1174,1,1,0,1134,1136,C
3-PA,1175,1126,0,1,0,1127,A
3-PA,1176,1214,0,2,0,1216,A
3-PA,1177,0,1217,0,0,1217,T
3-PA,1178,1225,0,1,0,1226,A
3-PA,1179,1,1225,0,1,1227,T
3-PA,1180,0,3,1232,1,1236,G
3-PA,1181,1246,0,0,0,1246,A
3-PA,1182,1,1241,0,0,1242,T
3-PA,1183,1212,0,0,0,1212,A
3-PA,1184,0,0,1217,0,1217,G
3-PA,1185,0,1168,0,0,1168,T
3-PA,1186,0,1,1172,0,1173,G
3-PA,1187,1170,0,1,0,1171,A
3-PA,1188,0,0,0,1170,1170,C
3-PA,1189,0,1,1167,0,1168,G
3-PA,1190,1172,0,1,0,1173,A
3-PA,1191,1173,0,1,0,1174,A
3-PA,1192,0,0,0,1184,1184,C
3-PA,1193,2,1,0,1181,1184,C
3-PA,1194,0,1180,0,3,1183,T
3-PA,1195,0,0,1226,0,1226,G
3-PA,1196,1232,0,0,0,1232,A
3-PA,1197,1229,0,3,0,1232,A
3-PA,1198,0,1230,0,1,1231,T
3-PA,1199,0,1221,0,2,1223,T
3-PA,1200,1221,0,1,0,1222,A
3-PA,1201,1207,0,1,0,1208,A
3-PA,1202,0,5,1203,0,1208,G
3-PA,1203,2,0,1207,0,1209,G
3-PA,1204,1,1178,0,0,1179,T
3-PA,1205,1,0,0,1177,1178,C
3-PA,1206,1178,0,0,0,1178,A
3-PA,1207,0,1,0,1215,1216,C
3-PA,1208,0,1217,0,0,1217,T
3-PA,1209,0,1220,0,1,1221,T
3-PA,1210,0,1218,0,1,1219,T
3-PA,1211,0,0,0,1221,1221,C
3-PA,1212,1212,0,6,0,1218,A
3-PA,1213,1219,1,3,0,1223,A
3-PA,1214,0,0,1235,0,1235,G
3-PA,1215,0,0,0,1233,1233,C
3-PA,1216,0,1212,0,2,1214,T
3-PA,1217,1,1,1258,0,1260,G
3-PA,1218,0,4,1265,0,1269,G
3-PA,1219,1288,0,0,0,1288,A
3-PA,1220,1,1298,0,0,1299,T
3-PA,1221,1297,0,1,0,1298,A
3-PA,1222,1,1,0,1301,1303,C
3-PA,1223,1260,0,1,0,1261,A
3-PA,1224,0,1,1271,0,1272,G
3-PA,1225,1266,0,1,0,1267,A
3-PA,1226,1238,0,2,0,1240,A
3-PA,1227,0,1224,1,0,1225,T
3-PA,1228,0,0,1226,0,1226,G
3-PA,1229,1216,0,0,0,1216,A
3-PA,1230,0,1,1232,0,1233,G
3-PA,1231,0,1225,0,1,1226,T
3-PA,1232,0,1219,0,3,1222,T
3-PA,1233,0,0,2,1229,1231,C
3-PA,1234,1243,0,1,0,1244,A
3-PA,1235,1243,0,0,0,1243,A
3-PA,1236,0,0,0,1246,1246,C
3-PA,1237,1230,0,1,0,1231,A
3-PA,1238,1234,0,0,0,1234,A
3-PA,1239,0,0,1226,0,1226,G
3-PA,1240,0,2,1232,1,1235,G
3-PA,1241,0,0,0,1238,1238,C
3-PA,1242,3,0,0,1226,1229,C
3-PA,1243,0,1218,0,1,1219,T
3-PA,1244,0,0,1235,0,1235,G
3-PA,1245,0,1230,0,0,1230,T
3-PA,1246,0,0,1250,0,1250,G
3-PA,1247,1248,0,1,0,1249,A
3-PA,1248,1,0,1248,0,1249,G
3-PA,1249,0,0,0,1238,1238,C
3-PA,1250,0,1214,0,7,1221,T
3-PA,1251,1245,0,0,0,1245,A
3-PA,1252,1232,0,10,0,1242,A
3-PA,1253,0,0,0,1249,1249,C
3-PA,1254,0,1231,0,1,1232,T
3-PA,1255,0,0,1230,3,1233,G
3-PA,1256,1228,0,1,0,1229,A
3-PA,1257,0,1229,0,0,1229,T
3-PA,1258,0,1227,0,1,1228,T
3-PA,1259,0,1,0,1231,1232,C
3-PA,1260,1257,2,1,0,1260,A
3-PA,1261,0,2,1298,0,1300,G
3-PA,1262,0,1299,0,1,1300,T
3-PA,1263,1,0,0,1298,1299,C
3-PA,1264,0,1291,0,0,1291,T
3-PA,1265,0,1,1364,0,1365,G
3-PA,1266,0,2,1363,1,1366,G
3-PA,1267,1366,1,1,0,1368,A
3-PA,1268,0,1366,0,0,1366,T
3-PA,1269,1307,1,0,0,1308,A
3-PA,1270,0,0,1313,0,1313,G
3-PA,1271,1289,0,2,0,1291,A
3-PA,1272,1,0,1292,0,1293,G
3-PA,1273,0,0,0,1294,1294,C
3-PA,1274,0,1271,0,2,1273,T
3-PA,1275,2,0,0,1271,1273,C
3-PA,1276,1,3,1268,0,1272,G
3-PA,1277,1273,1,0,0,1274,A
3-PA,1278,0,1273,0,3,1276,T
3-PA,1279,1,3,1273,0,1277,G
3-PA,1280,1289,0,1,0,1290,A
3-PA,1281,1289,0,1,0,1290,A
3-PA,1282,1298,0,1,0,1299,A
3-PA,1283,0,1299,0,0,1299,T
3-PA,1284,1,1295,0,1,1297,T
3-PA,1285,2,0,1317,0,1319,G
3-PA,1286,0,1,1320,0,1321,G
3-PA,1287,1319,0,3,0,1322,A
3-PA,1288,0,1,1322,0,1323,G
3-PA,1289,1302,0,1,0,1303,A
3-PA,1290,0,2,1311,0,1313,G
3-PA,1291,0,3,1318,0,1321,G
3-PA,1292,1332,0,0,0,1332,A
3-PA,1293,0,1,0,1333,1334,C
3-PA,1294,0,0,1320,0,1320,G
3-PA,1295,0,1320,0,1,1321,T
3-PA,1296,1325,0,1,0,1326,A
3-PA,1297,0,0,1345,0,1345,G
3-PA,1298,1,0,0,1351,1352,C
3-PA,1299,1,3,1,1339,1344,C
3-PA,1300,2,0,0,1327,1329,C
3-PA,1301,4,0,0,1331,1335,C
3-PA,1302,1329,0,1,0,1330,A
3-PA,1303,1383,0,0,0,1383,A
3-PA,1304,2,1376,0,0,1378,T
3-PA,1305,1,1370,0,0,1371,T
3-PA,1306,1,2,1363,0,1366,G
3-PA,1307,1343,0,4,0,1347,A
3-PA,1308,0,2,1346,0,1348,G
3-PA,1309,1,1,0,1347,1349,C
3-PA,1310,1337,0,0,0,1337,A
3-PA,1311,1,0,0,1370,1371,C
3-PA,1312,1329,0,0,0,1329,A
3-PA,1313,0,1364,0,1,1365,T
3-PA,1314,0,1366,0,0,1366,T
3-PA,1315,0,1,1374,0,1375,G
3-PA,1316,1,0,0,1375,1376,C
3-PA,1317,1372,0,2,0,1374,A
3-PA,1318,1373,0,1,0,1374,A
3-PA,1319,0,1,1376,0,1377,G
3-PA,1320,2,0,0,1360,1362,C
3-PA,1321,1357,0,0,1,1358,A
3-PA,1322,0,1320,0,1,1321,T
3-PA,1323,0,2,1322,0,1324,G
3-PA,1324,1322,0,1,0,1323,A
3-PA,1325,0,0,1325,0,1325,G
3-PA,1326,1321,0,3,0,1324,A
3-PA,1327,1326,0,0,0,1326,A
3-PA,1328,0,1,1323,0,1324,G
3-PA,1329,0,2,1314,0,1316,G
3-PA,1330,1315,0,2,0,1317,A
3-PA,1331,1314,0,0,0,1314,A
3-PA,1332,0,1315,0,0,1315,T
3-PA,1333,0,1317,0,0,1317,T
3-PA,1334,1324,0,0,0,1324,A
3-PA,1335,0,1326,0,1,1327,T
3-PA,1336,0,1327,0,0,1327,T
3-PA,1337,0,1335,0,0,1335,T
3-PA,1338,1,0,1,1326,1328,C
3-PA,1339,1316,1,2,0,1319,A
3-PA,1340,0,2,0,1345,1347,C
3-PA,1341,1342,0,0,0,1342,A
3-PA,1342,0,0,1355,0,1355,G
3-PA,1343,2,0,0,1350,1352,C
3-PA,1344,1346,0,0,0,1346,A
3-PA,1345,0,0,1354,0,1354,G
3-PA,1346,1351,1,2,0,1354,A
3-PA,1347,1,2,1356,0,1359,G
3-PA,1348,0,0,1365,0,1365,G
3-PA,1349,0,1335,0,2,1337,T
3-PA,1350,0,1,1352,0,1353,G
3-PA,1351,1,1350,0,0,1351,T
3-PA,1352,0,1,0,1350,1351,C
3-PA,1353,3,0,0,1369,1372,C
3-PA,1354,4,0,0,1360,1364,C
3-PA,1355,1375,0,1,0,1376,A
3-PA,1356,0,1397,0,0,1397,T
3-PA,1357,0,1380,0,2,1382,T
3-PA,1358,0,2,1387,0,1389,G
3-PA,1359,0,1356,1,0,1357,T
3-PA,1360,1332,0,1,0,1333,A
3-PA,1361,0,2,1333,0,1335,G
3-PA,1362,1297,0,2,0,1299,A
3-PA,1363,1,0,1304,0,1305,G
3-PA,1364,1,4,0,1274,1279,C
3-PA,1365,2,0,0,1252,1254,C
3-PA,1366,1270,0,0,0,1270,A
3-PA,1367,1,0,0,1274,1275,C
3-PA,1368,0,1265,0,1,1266,T
3-PA,1369,0,0,1264,0,1264,G
3-PA,1370,1258,0,0,0,1258,A
3-PA,1371,1243,0,1,0,1244,A
3-PA,1372,0,1277,0,2,1279,T
3-PA,1373,1288,0,1,0,1289,A
3-PA,1374,0,0,0,1309,1309,C
3-PA,1375,1275,0,0,0,1275,A
3-PA,1376,1,1283,0,1,1285,T
3-PA,1377,1279,0,0,0,1279,A
3-PA,1378,1278,0,1,1,1280,A
3-PA,1379,0,1274,1,0,1275,T
3-PA,1380,0,2,1253,0,1255,G
3-PA,1381,1246,0,2,0,1248,A
3-PA,1382,1219,0,3,0,1222,A
3-PA,1383,0,0,1223,0,1223,G
3-PA,1384,0,4,1227,0,1231,G
3-PA,1385,0,1,1251,0,1252,G
3-PA,1386,1,1,1246,0,1248,G
3-PA,1387,2,1,1254,0,1257,G
3-PA,1388,0,1234,0,1,1235,T
3-PA,1389,1246,0,1,0,1247,A
3-PA,1390,0,1249,0,2,1251,T
3-PA,1391,1265,0,1,0,1266,A
3-PA,1392,0,0,0,1378,1378,C
3-PA,1393,1320,0,0,0,1320,A
3-PA,1394,0,1305,0,2,1307,T
3-PA,1395,0,1296,0,0,1296,T
3-PA,1396,1280,0,0,0,1280,A
3-PA,1397,1317,0,0,0,1317,A
3-PA,1398,1,1,0,1311,1313,C
3-PA,1399,1286,0,0,0,1286,A
3-PA,1400,0,0,0,1288,1288,C
3-PA,1401,1,1155,0,0,1156,T
3-PA,1402,0,0,1206,0,1206,G
3-PA,1403,1,0,0,1205,1206,C
3-PA,1404,3,1,0,1200,1204,C
3-PA,1405,1,0,0,1206,1207,C
3-PA,1406,0,1165,0,0,1165,T
3-PA,1407,1,2,1205,0,1208,G
3-PA,1408,0,0,0,1211,1211,C
3-PA,1409,0,1203,0,1,1204,T
3-PA,1410,2,1,0,1230,1233,C
3-PA,1411,1185,0,2,0,1187,A
3-PA,1412,1199,0,0,0,1199,A
3-PA,1413,0,1197,0,2,1199,T
3-PA,1414,1,0,1199,0,1200,G
3-PA,1415,0,0,0,1195,1195,C
3-PA,1416,1171,0,1,0,1172,A
3-PA,1417,0,1167,0,2,1169,T
3-PA,1418,0,0,0,1172,1172,C
3-PA,1419,0,0,0,1181,1181,C
3-PA,1420,0,1125,0,3,1128,T
3-PA,1421,1,1,1159,0,1161,G
3-PA,1422,0,1156,0,1,1157,T
3-PA,1423,0,0,1158,0,1158,G
3-PA,1424,0,1,0,1155,1156,C
3-PA,1425,1145,0,0,0,1145,A
3-PA,1426,0,0,1156,0,1156,G
3-PA,1427,1,0,0,1154,1155,C
3-PA,1428,1138,0,0,0,1138,A
3-PA,1429,1134,1,0,0,1135,A
3-PA,1430,0,1088,0,0,1088,T
3-PA,1431,1,1,1087,0,1089,G
3-PA,1432,0,3,1085,0,1088,G
3-PA,1433,1091,0,0,0,1091,A
3-PA,1434,1,2,0,1087,1090,C
3-PA,1435,2,0,1074,0,1076,G
3-PA,1436,1086,0,0,0,1086,A
3-PA,1437,0,1083,0,0,1083,T
3-PA,1438,0,1083,0,0,1083,T
3-PA,1439,0,1073,0,1,1074,T
3-PA,1440,0,1081,0,1,1082,T
3-PA,1441,1,0,0,1081,1082,C
3-PA,1442,1082,0,1,0,1083,A
3-PA,1443,1083,0,0,0,1083,A
3-PA,1444,1,0,0,1085,1086,C
3-PA,1445,0,1068,0,1,1069,T
3-PA,1446,1067,0,0,0,1067,A
3-PA,1447,1065,0,0,0,1065,A
3-PA,1448,32,1033,0,1,1066,T
3-PA,1449,0,1066,0,0,1066,T
3-PA,1450,1,0,0,1071,1072,C
3-PA,1451,0,1,0,1066,1067,C
3-PA,1452,2,1,0,1060,1063,C
3-PA,1453,1061,0,1,0,1062,A
3-PA,1454,0,1075,1,0,1076,T
3-PA,1455,0,1,1081,0,1082,G
3-PA,1456,1082,0,0,1,1083,A
3-PA,1457,1,1075,0,0,1076,T
3-PA,1458,1073,0,2,0,1075,A
3-PA,1459,1069,0,3,0,1072,A
3-PA,1460,2,0,1073,0,1075,G
3-PA,1461,2,0,0,1078,1080,C
3-PA,1462,1072,0,0,0,1072,A
3-PA,1463,1040,0,2,0,1042,A
3-PA,1464,84,1,965,0,1050,G
3-PA,1465,0,1041,0,0,1041,T
3-PA,1466,0,0,1042,0,1042,G
3-PA,1467,1,1,0,1041,1043,C
3-PA,1468,1024,0,0,0,1024,A
3-PA,1469,1,1,1040,0,1042,G
3-PA,1470,1030,0,0,0,1030,A
3-PA,1471,1041,0,2,0,1043,A
3-PA,1472,3,0,0,1040,1043,C
3-PA,1473,0,1005,1,1,1007,T
3-PA,1474,1010,0,0,0,1010,A
3-PA,1475,1008,0,0,0,1008,A
3-PA,1476,1007,0,1,0,1008,A
3-PA,1477,9,0,998,0,1007,G
3-PA,1478,967,0,0,0,967,A
3-PA,1479,0,1,967,0,968,G
3-PA,1480,0,3,947,0,950,G
3-PA,1481,0,0,943,0,943,G
3-PA,1482,931,2,0,0,933,A
3-PA,1483,908,0,2,0,910,A
3-PA,1484,0,0,911,0,911,G
3-PA,1485,0,0,911,0,911,G
3-PA,1486,0,1,0,904,905,C
3-PA,1487,0,0,908,0,908,G
3-PA,1488,900,0,1,0,901,A
3-PA,1489,906,0,0,0,906,A
3-PA,1490,906,0,1,0,907,A
3-PA,1491,904,1,0,0,905,A
3-PA,1492,908,0,0,0,908,A
3-PA,1493,1,0,0,905,906,C
3-PA,1494,1,0,0,895,896,C
3-PA,1495,896,0,1,0,897,A
3-PA,1496,911,0,0,0,911,A
3-PA,1497,0,914,0,0,914,T
3-PA,1498,0,914,0,2,916,T
3-PA,1499,0,917,0,0,917,T
3-PA,1500,918,0,0,0,918,A
3-PA,1501,0,917,0,1,918,T
3-PA,1502,915,1,1,0,917,A
3-PA,1503,0,916,0,0,916,T
3-PA,1504,0,4,902,0,906,G
3-PA,1505,0,0,881,0,881,G
3-PA,1506,0,0,836,0,836,G
3-PA,1507,0,849,0,3,852,T
3-PA,1508,0,852,0,0,852,T
3-PA,1509,1,0,0,856,857,C
3-PA,1510,851,0,1,0,852,A
3-PA,1511,0,862,0,0,862,T
3-PA,1512,0,0,0,862,862,C
3-PA,1513,864,0,0,0,864,A
3-PA,1514,0,854,0,0,854,T
3-PA,1515,826,0,0,0,826,A
3-PA,1516,820,0,2,0,822,A
3-PA,1517,823,0,1,0,824,A
3-PA,1518,0,2,818,0,820,G
3-PA,1519,0,0,801,0,801,G
3-PA,1520,0,1,788,0,789,G
3-PA,1521,777,1,0,0,778,A
3-PA,1522,760,0,4,0,764,A
3-PA,1523,0,2,761,0,763,G
3-PA,1524,755,0,0,0,755,A
3-PA,1525,0,753,0,0,753,T
3-PA,1526,0,1,0,751,752,C
3-PA,1527,2,733,0,1,736,T
3-PA,1528,1,1,0,745,747,C
3-PA,1529,742,0,0,0,742,A
3-PA,1530,0,738,0,0,738,T
3-PA,1531,0,738,0,0,738,T
3-PA,1532,0,727,0,0,727,T
3-PA,1533,722,0,0,0,722,A
3-PA,1534,724,0,0,0,724,A
3-PA,1535,0,2,721,0,723,G
3-PA,1536,1,0,728,0,729,G
3-PA,1537,689,0,0,0,689,A
3-PA,1538,689,0,0,0,689,A
3-PA,1539,0,681,3,0,684,T
3-PA,1540,1,2,682,0,685,G
3-PA,1541,699,0,1,0,700,A
3-PA,1542,0,1,0,698,699,C
3-PA,1543,692,0,0,0,692,A
3-PA,1544,0,0,0,693,693,C
3-PA,1545,666,0,0,0,666,A
3-PA,1546,0,3,666,0,669,G
3-PA,1547,653,0,0,0,653,A
3-PA,1548,0,0,0,640,640,C
3-PA,1549,0,0,629,0,629,G
3-PA,1550,0,560,0,1,561,T
3-PA,1551,0,2,559,0,561,G
3-PA,1552,0,0,561,0,561,G
3-PA,1553,0,560,0,1,561,T
3-PA,1554,560,0,0,0,560,A
3-PA,1555,546,0,0,0,546,A
3-PA,1556,545,0,0,0,545,A
3-PA,1557,0,546,0,0,546,T
3-PA,1558,0,530,0,0,530,T
3-PA,1559,0,527,0,0,527,T
3-PA,1560,0,519,0,0,519,T
3-PA,1561,1,0,517,0,518,G
3-PA,1562,0,511,0,1,512,T
3-PA,1563,1,0,509,0,510,G
3-PA,1564,504,0,1,0,505,A
3-PA,1565,0,0,507,0,507,G
3-PA,1566,0,0,0,502,502,C
3-PA,1567,499,1,0,0,500,A
3-PA,1568,0,500,0,0,500,T
3-PA,1569,0,0,499,0,499,G
3-PA,1570,0,0,499,0,499,G
3-PA,1571,500,0,0,0,500,A
3-PA,1572,0,0,501,0,501,G
3-PA,1573,1,495,0,0,496,T
3-PA,1574,0,483,0,1,484,T
3-PA,1575,0,485,0,0,485,T
3-PA,1576,0,485,0,0,485,T
3-PA,1577,0,0,0,485,485,C
3-PA,1578,0,478,0,2,480,T
3-PA,1579,1,0,0,477,478,C
3-PA,1580,0,459,0,0,459,T
3-PA,1581,2,0,0,453,455,C
3-PA,1582,452,0,0,0,452,A
3-PA,1583,0,1,0,450,451,C
3-PA,1584,0,439,0,0,439,T
3-PA,1585,0,0,437,0,437,G
3-PA,1586,437,0,0,0,437,A
3-PA,1587,0,0,0,435,435,C
3-PA,1588,2,0,0,423,425,C
3-PA,1589,3,0,0,416,419,C
3-PA,1590,0,0,417,0,417,G
3-PA,1591,412,0,1,0,413,A
3-PA,1592,0,0,415,0,415,G
3-PA,1593,413,0,1,0,414,A
3-PA,1594,0,1,0,405,406,C
3-PA,1595,0,398,0,1,399,T
3-PA,1596,0,367,0,0,367,T
3-PA,1597,0,0,366,0,366,G
3-PA,1598,363,0,1,0,364,A
3-PA,1599,0,0,365,0,365,G
3-PA,1600,0,0,0,363,363,C
3-PA,1601,1,0,0,334,335,C
3-PA,1602,332,0,0,0,332,A
3-PA,1603,0,0,0,331,331,C
3-PA,1604,331,0,0,0,331,A
3-PA,1605,0,332,0,0,332,T
3-PA,1606,326,0,0,0,326,A
3-PA,1607,322,0,0,0,322,A
3-PA,1608,322,0,0,0,322,A
3-PA,1609,0,322,0,0,322,T
3-PA,1610,0,1,317,0,318,G
3-PA,1611,1,0,274,0,275,G
3-PA,1612,0,0,269,0,269,G
3-PA,1613,258,0,1,0,259,A
3-PA,1614,1,0,256,0,257,G
3-PA,1615,249,0,1,0,250,A
3-PA,1616,247,0,0,0,247,A
3-PA,1617,244,0,0,0,244,A
3-PA,1618,0,247,0,0,247,T
3-PA,1619,244,0,0,0,244,A
3-PA,1620,2,0,0,240,242,C
3-PA,1621,0,138,0,0,138,T
3-PA,1622,0,0,139,0,139,G
3-PA,1623,0,89,0,0,89,T
3-PA,1624,0,0,90,0,90,G
3-PA,1625,0,84,0,0,84,T
3-PA,1626,0,0,0,62,62,C
3-PA,1627,1,0,0,53,54,C
3-PA,1628,0,48,0,0,48,T
3-PA,1629,0,48,0,0,48,T
3-PA,1630,0,0,49,0,49,G
3-PA,1631,49,0,0,0,49,A
3-PA,1632,0,0,50,0,50,G
3-PA,1633,47,0,1,0,48,A
3-PA,1634,0,48,0,0,48,T
3-PA,1635,47,0,0,0,47,A
3-PA,1636,0,0,48,0,48,G
3-PA,1637,0,0,48,0,48,G
3-PA,1638,48,0,0,0,48,A
3-PA,1639,0,0,48,0,48,G
3-PA,1640,48,0,0,0,48,A
3-PA,1641,0,48,0,0,48,T
3-PA,1642,48,0,0,0,48,A
3-PA,1643,0,48,0,0,48,T
3-PA,1644,0,0,49,0,49,G
3-PA,1645,0,49,0,0,49,T
3-PA,1646,0,49,0,0,49,T
3-PA,1647,50,0,0,0,50,A
3-PA,1648,0,0,0,50,50,C
3-PA,1649,0,49,0,0,49,T
3-PA,1650,49,0,0,0,49,A
3-PA,1651,49,0,0,0,49,A
3-PA,1652,0,0,48,0,48,G
3-PA,1653,49,0,0,0,49,A
3-PA,1654,47,0,0,0,47,A
3-PA,1655,0,0,46,0,46,G
3-PA,1656,0,48,0,0,48,T
3-PA,1657,0,0,48,0,48,G
3-PA,1658,0,0,0,49,49,C
3-PA,1659,0,0,0,49,49,C
3-PA,1660,49,0,0,0,49,A
3-PA,1661,0,49,0,0,49,T
3-PA,1662,49,0,0,0,49,A
3-PA,1663,0,1,48,0,49,G
3-PA,1664,0,0,48,0,48,G
3-PA,1665,0,0,0,48,48,C
3-PA,1666,0,0,0,47,47,C
3-PA,1667,47,0,0,0,47,A
3-PA,1668,47,0,0,0,47,A
3-PA,1669,46,0,0,0,46,A
3-PA,1670,0,46,0,0,46,T
3-PA,1671,0,46,0,0,46,T
3-PA,1672,0,46,0,0,46,T
3-PA,1673,0,0,0,46,46,C
3-PA,1674,46,1,0,0,47,A
3-PA,1675,47,0,0,0,47,A
3-PA,1676,0,0,47,0,47,G
3-PA,1677,0,0,47,0,47,G
3-PA,1678,0,0,0,48,48,C
3-PA,1679,0,0,0,48,48,C
3-PA,1680,48,0,0,0,48,A
3-PA,1681,49,0,0,0,49,A
3-PA,1682,0,49,0,0,49,T
3-PA,1683,0,0,51,0,51,G
3-PA,1684,0,51,0,0,51,T
3-PA,1685,0,52,0,0,52,T
3-PA,1686,0,0,0,54,54,C
3-PA,1687,0,53,0,0,53,T
3-PA,1688,0,52,0,0,52,T
3-PA,1689,48,0,0,0,48,A
3-PA,1690,0,50,0,0,50,T
3-PA,1691,50,0,0,0,50,A
3-PA,1692,0,50,0,0,50,T
3-PA,1693,0,0,50,0,50,G
3-PA,1694,0,47,0,0,47,T
3-PA,1695,0,0,48,0,48,G
3-PA,1696,47,0,0,0,47,A
3-PA,1697,0,0,47,0,47,G
3-PA,1698,0,0,48,0,48,G
3-PA,1699,48,0,0,0,48,A
3-PA,1700,0,0,0,49,49,C
3-PA,1701,49,0,0,0,49,A
3-PA,1702,49,0,0,0,49,A
3-PA,1703,49,0,0,0,49,A
3-PA,1704,0,0,0,49,49,C
3-PA,1705,0,0,47,0,47,G
3-PA,1706,0,0,50,0,50,G
3-PA,1707,50,0,0,0,50,A
3-PA,1708,50,0,0,0,50,A
3-PA,1709,0,0,0,50,50,C
3-PA,1710,50,0,0,0,50,A
3-PA,1711,0,50,0,0,50,T
3-PA,1712,0,0,0,50,50,C
3-PA,1713,49,0,1,0,50,A
3-PA,1714,50,0,0,0,50,A
3-PA,1715,49,0,0,0,49,A
3-PA,1716,0,0,49,0,49,G
3-PA,1717,0,0,50,0,50,G
3-PA,1718,0,50,0,0,50,T
3-PA,1719,0,0,0,50,50,C
3-PA,1720,50,0,0,0,50,A
3-PA,1721,50,0,0,0,50,A
3-PA,1722,49,0,0,0,49,A
3-PA,1723,50,0,0,0,50,A
3-PA,1724,0,50,0,0,50,T
3-PA,1725,0,0,51,0,51,G
3-PA,1726,51,0,0,0,51,A
3-PA,1727,51,0,0,0,51,A
3-PA,1728,51,0,0,0,51,A
3-PA,1729,0,50,0,0,50,T
3-PA,1730,0,1,49,0,50,G
3-PA,1731,0,0,51,0,51,G
3-PA,1732,0,0,51,0,51,G
3-PA,1733,0,0,52,0,52,G
3-PA,1734,51,0,0,0,51,A
3-PA,1735,52,0,0,0,52,A
3-PA,1736,0,52,0,0,52,T
3-PA,1737,0,0,54,0,54,G
3-PA,1738,0,0,55,0,55,G
3-PA,1739,54,0,0,0,54,A
3-PA,1740,0,1,57,0,58,G
3-PA,1741,58,0,0,0,58,A
3-PA,1742,0,58,0,0,58,T
3-PA,1743,0,0,58,0,58,G
3-PA,1744,56,0,1,0,57,A
3-PA,1745,0,0,57,0,57,G
3-PA,1746,57,0,0,0,57,A
3-PA,1747,0,0,0,56,56,C
3-PA,1748,0,1,55,0,56,G
3-PA,1749,0,55,0,0,55,T
3-PA,1750,0,55,0,0,55,T
3-PA,1751,0,0,55,0,55,G
3-PA,1752,0,0,0,55,55,C
3-PA,1753,0,0,0,55,55,C
3-PA,1754,0,55,0,0,55,T
3-PA,1755,0,0,0,57,57,C
3-PA,1756,0,0,0,57,57,C
3-PA,1757,0,56,0,0,56,T
3-PA,1758,0,58,0,0,58,T
3-PA,1759,0,0,0,58,58,C
3-PA,1760,58,0,0,0,58,A
3-PA,1761,0,0,58,0,58,G
3-PA,1762,0,58,0,0,58,T
3-PA,1763,1,0,0,57,58,C
3-PA,1764,56,0,0,0,56,A
3-PA,1765,0,0,0,60,60,C
3-PA,1766,0,60,0,0,60,T
3-PA,1767,0,0,0,60,60,C
3-PA,1768,0,0,0,59,59,C
3-PA,1769,59,0,0,0,59,A
3-PA,1770,0,0,59,0,59,G
3-PA,1771,0,0,0,59,59,C
3-PA,1772,59,0,0,0,59,A
3-PA,1773,0,0,59,0,59,G
3-PA,1774,56,0,0,0,56,A
3-PA,1775,0,55,0,0,55,T
3-PA,1776,0,0,0,54,54,C
3-PA,1777,0,0,54,0,54,G
3-PA,1778,54,0,0,0,54,A
3-PA,1779,0,0,54,0,54,G
3-PA,1780,53,0,0,0,53,A
3-PA,1781,0,0,55,0,55,G
3-PA,1782,0,0,0,54,54,C
3-PA,1783,54,0,0,0,54,A
3-PA,1784,0,54,0,0,54,T
3-PA,1785,0,0,54,0,54,G
3-PA,1786,55,0,0,0,55,A
3-PA,1787,0,54,0,0,54,T
3-PA,1788,0,54,0,0,54,T
3-PA,1789,0,0,54,0,54,G
3-PA,1790,54,0,0,0,54,A
3-PA,1791,54,0,0,0,54,A
3-PA,1792,0,0,54,0,54,G
3-PA,1793,0,0,0,53,53,C
3-PA,1794,0,0,0,52,52,C
3-PA,1795,0,0,52,0,52,G
3-PA,1796,52,0,0,0,52,A
3-PA,1797,0,0,52,0,52,G
3-PA,1798,0,52,0,0,52,T
3-PA,1799,0,0,0,51,51,C
3-PA,1800,0,0,0,52,52,C
3-PA,1801,0,52,0,0,52,T
3-PA,1802,0,0,0,52,52,C
3-PA,1803,0,0,52,0,52,G
3-PA,1804,0,0,54,0,54,G
3-PA,1805,0,54,0,0,54,T
3-PA,1806,0,53,0,0,53,T
3-PA,1807,53,0,0,0,53,A
3-PA,1808,53,0,0,0,53,A
3-PA,1809,52,0,0,0,52,A
3-PA,1810,0,1,52,0,53,G
3-PA,1811,52,0,0,0,52,A
3-PA,1812,0,0,53,0,53,G
3-PA,1813,51,0,0,0,51,A
3-PA,1814,51,0,0,0,51,A
3-PA,1815,51,0,0,0,51,A
3-PA,1816,0,0,51,0,51,G
3-PA,1817,51,0,0,0,51,A
3-PA,1818,0,0,0,51,51,C
3-PA,1819,48,0,0,0,48,A
3-PA,1820,0,47,0,0,47,T
3-PA,1821,0,0,47,0,47,G
3-PA,1822,51,0,0,0,51,A
3-PA,1823,0,0,0,51,51,C
3-PA,1824,0,0,0,51,51,C
3-PA,1825,51,0,0,0,51,A
3-PA,1826,51,0,0,0,51,A
3-PA,1827,51,0,0,0,51,A
3-PA,1828,0,0,51,0,51,G
3-PA,1829,51,0,0,0,51,A
3-PA,1830,0,0,51,0,51,G
3-PA,1831,0,50,1,0,51,T
3-PA,1832,0,51,0,0,51,T
3-PA,1833,0,50,0,0,50,T
3-PA,1834,0,50,0,0,50,T
3-PA,1835,0,51,0,0,51,T
3-PA,1836,0,51,0,0,51,T
3-PA,1837,0,0,51,0,51,G
3-PA,1838,51,0,0,0,51,A
3-PA,1839,0,0,53,0,53,G
3-PA,1840,52,0,0,0,52,A
3-PA,1841,52,0,0,0,52,A
3-PA,1842,0,52,0,0,52,T
3-PA,1843,52,0,0,0,52,A
3-PA,1844,55,0,0,0,55,A
3-PA,1845,54,0,0,0,54,A
3-PA,1846,0,55,0,0,55,T
3-PA,1847,0,0,0,55,55,C
3-PA,1848,54,0,0,0,54,A
3-PA,1849,0,0,54,0,54,G
3-PA,1850,54,0,0,0,54,A
3-PA,1851,55,0,0,0,55,A
3-PA,1852,0,0,55,0,55,G
3-PA,1853,0,0,0,55,55,C
3-PA,1854,55,0,0,0,55,A
3-PA,1855,0,54,0,0,54,T
3-PA,1856,0,1,53,0,54,G
3-PA,1857,0,0,55,0,55,G
3-PA,1858,0,1,0,55,56,C
3-PA,1859,0,0,0,56,56,C
3-PA,1860,0,0,0,56,56,C
3-PA,1861,56,0,0,0,56,A
3-PA,1862,0,56,0,0,56,T
3-PA,1863,0,55,0,0,55,T
3-PA,1864,0,0,57,0,57,G
3-PA,1865,0,1,56,0,57,G
3-PA,1866,0,0,57,0,57,G
3-PA,1867,0,0,57,0,57,G
3-PA,1868,55,0,1,0,56,A
3-PA,1869,0,0,56,0,56,G
3-PA,1870,0,57,0,0,57,T
3-PA,1871,0,0,0,58,58,C
3-PA,1872,0,0,0,59,59,C
3-PA,1873,0,0,0,59,59,C
3-PA,1874,0,0,0,59,59,C
3-PA,1875,0,0,0,59,59,C
3-PA,1876,59,0,0,0,59,A
3-PA,1877,59,0,0,0,59,A
3-PA,1878,0,0,59,0,59,G
3-PA,1879,0,1,57,0,58,G
3-PA,1880,0,0,59,0,59,G
3-PA,1881,52,1,0,0,53,A
3-PA,1882,0,0,54,0,54,G
3-PA,1883,0,54,0,0,54,T
3-PA,1884,0,0,54,0,54,G
3-PA,1885,0,0,54,0,54,G
3-PA,1886,54,0,0,0,54,A
3-PA,1887,54,0,0,0,54,A
3-PA,1888,0,0,52,0,52,G
3-PA,1889,51,0,0,0,51,A
3-PA,1890,51,0,0,0,51,A
3-PA,1891,0,0,49,0,49,G
3-PA,1892,1,1,47,0,49,G
3-PA,1893,0,49,0,0,49,T
3-PA,1894,0,49,0,0,49,T
3-PA,1895,0,0,0,50,50,C
3-PA,1896,0,0,0,51,51,C
3-PA,1897,49,0,0,0,49,A
3-PA,1898,0,50,0,0,50,T
3-PA,1899,0,50,0,0,50,T
3-PA,1900,0,0,51,0,51,G
3-PA,1901,0,0,51,0,51,G
3-PA,1902,0,0,51,0,51,G
3-PA,1903,50,0,1,0,51,A
3-PA,1904,51,0,0,0,51,A
3-PA,1905,52,0,0,0,52,A
3-PA,1906,0,0,53,0,53,G
3-PA,1907,0,53,0,0,53,T
3-PA,1908,0,0,0,53,53,C
3-PA,1909,1,50,0,0,51,T
3-PA,1910,0,0,51,0,51,G
3-PA,1911,0,51,0,0,51,T
3-PA,1912,51,0,0,0,51,A
3-PA,1913,0,0,52,0,52,G
3-PA,1914,0,0,52,0,52,G
3-PA,1915,48,0,0,0,48,A
3-PA,1916,1,0,0,48,49,C
3-PA,1917,0,49,0,0,49,T
3-PA,1918,0,0,0,52,52,C
3-PA,1919,0,52,0,0,52,T
3-PA,1920,53,0,0,0,53,A
3-PA,1921,0,53,0,0,53,T
3-PA,1922,0,53,0,0,53,T
3-PA,1923,0,0,56,0,56,G
3-PA,1924,0,0,55,0,55,G
3-PA,1925,0,0,0,56,56,C
3-PA,1926,0,56,0,0,56,T
3-PA,1927,51,0,0,0,51,A
3-PA,1928,51,0,0,0,51,A
3-PA,1929,0,0,51,0,51,G
3-PA,1930,0,50,0,0,50,T
3-PA,1931,0,0,0,51,51,C
3-PA,1932,51,0,0,0,51,A
3-PA,1933,0,0,52,0,52,G
3-PA,1934,0,52,0,0,52,T
3-PA,1935,54,0,0,0,54,A
3-PA,1936,0,55,0,0,55,T
3-PA,1937,0,53,0,0,53,T
3-PA,1938,0,0,0,53,53,C
3-PA,1939,51,0,0,0,51,A
3-PA,1940,51,0,0,0,51,A
3-PA,1941,0,51,0,0,51,T
3-PA,1942,49,0,0,0,49,A
3-PA,1943,0,0,49,0,49,G
3-PA,1944,0,0,0,48,48,C
3-PA,1945,0,0,0,48,48,C
3-PA,1946,0,46,0,0,46,T
3-PA,1947,0,0,47,0,47,G
3-PA,1948,0,47,0,0,47,T
3-PA,1949,47,0,0,0,47,A
3-PA,1950,0,47,0,0,47,T
3-PA,1951,0,0,45,0,45,G
3-PA,1952,0,0,0,43,43,C
3-PA,1953,43,0,0,0,43,A
3-PA,1954,0,43,0,0,43,T
3-PA,1955,0,0,0,44,44,C
3-PA,1956,41,0,0,0,41,A
3-PA,1957,0,0,0,41,41,C
3-PA,1958,0,0,0,41,41,C
3-PA,1959,41,0,0,0,41,A
3-PA,1960,0,0,0,41,41,C
3-PA,1961,40,0,0,0,40,A
3-PA,1962,40,0,0,0,40,A
3-PA,1963,0,38,0,0,38,T
3-PA,1964,0,40,0,0,40,T
3-PA,1965,0,1,39,0,40,G
3-PA,1966,0,0,39,0,39,G
3-PA,1967,39,0,0,0,39,A
3-PA,1968,39,0,0,0,39,A
3-PA,1969,0,0,38,0,38,G
3-PA,1970,0,0,38,0,38,G
3-PA,1971,38,0,0,0,38,A
3-PA,1972,0,38,0,0,38,T
3-PA,1973,0,38,0,0,38,T
3-PA,1974,0,38,0,0,38,T
3-PA,1975,0,38,0,0,38,T
3-PA,1976,0,0,0,38,38,C
3-PA,1977,38,0,0,0,38,A
3-PA,1978,0,0,37,0,37,G
3-PA,1979,0,0,0,35,35,C
3-PA,1980,0,0,35,0,35,G
3-PA,1981,0,0,36,0,36,G
3-PA,1982,37,0,0,0,37,A
3-PA,1983,0,0,37,0,37,G
3-PA,1984,0,37,0,0,37,T
3-PA,1985,0,0,0,37,37,C
3-PA,1986,38,0,0,0,38,A
3-PA,1987,38,0,0,0,38,A
3-PA,1988,0,0,38,0,38,G
3-PA,1989,37,0,0,0,37,A
3-PA,1990,38,0,0,0,38,A
3-PA,1991,38,0,0,0,38,A
3-PA,1992,37,0,1,0,38,A
3-PA,1993,0,0,0,38,38,C
3-PA,1994,0,38,0,0,38,T
3-PA,1995,0,0,38,0,38,G
3-PA,1996,0,0,0,38,38,C
3-PA,1997,0,38,0,0,38,T
3-PA,1998,0,0,0,38,38,C
3-PA,1999,0,0,0,38,38,C
3-PA,2000,0,39,0,0,39,T
3-PA,2001,0,39,0,0,39,T
3-PA,2002,0,0,39,0,39,G
3-PA,2003,0,39,0,0,39,T
3-PA,2004,0,38,0,0,38,T
3-PA,2005,0,0,38,0,38,G
3-PA,2006,0,38,0,0,38,T
3-PA,2007,0,38,0,0,38,T
3-PA,2008,0,0,0,38,38,C
3-PA,2009,37,0,0,0,37,A
3-PA,2010,0,0,37,0,37,G
3-PA,2011,0,0,36,0,36,G
3-PA,2012,0,0,0,37,37,C
3-PA,2013,0,37,0,0,37,T
3-PA,2014,0,0,0,39,39,C
3-PA,2015,0,39,0,0,39,T
3-PA,2016,0,39,0,0,39,T
3-PA,2017,40,0,0,0,40,A
3-PA,2018,0,0,40,0,40,G
3-PA,2019,0,0,39,0,39,G
3-PA,2020,0,0,39,0,39,G
3-PA,2021,40,0,0,0,40,A
3-PA,2022,0,0,0,39,39,C
3-PA,2023,37,0,0,0,37,A
3-PA,2024,38,0,0,0,38,A
3-PA,2025,0,0,0,37,37,C
3-PA,2026,0,0,0,37,37,C
3-PA,2027,0,37,0,0,37,T
3-PA,2028,0,0,0,37,37,C
3-PA,2029,0,0,38,0,38,G
3-PA,2030,38,0,0,0,38,A
3-PA,2031,37,0,0,0,37,A
3-PA,2032,0,0,0,37,37,C
3-PA,2033,0,0,0,36,36,C
3-PA,2034,0,34,1,0,35,T
3-PA,2035,0,0,35,0,35,G
3-PA,2036,0,0,35,0,35,G
3-PA,2037,0,0,35,0,35,G
3-PA,2038,33,0,0,0,33,A
3-PA,2039,0,0,0,35,35,C
3-PA,2040,0,0,0,34,34,C
3-PA,2041,0,34,0,0,34,T
3-PA,2042,0,33,0,0,33,T
3-PA,2043,0,33,0,0,33,T
3-PA,2044,0,0,34,0,34,G
3-PA,2045,34,0,0,0,34,A
3-PA,2046,0,34,0,0,34,T
3-PA,2047,0,0,0,33,33,C
3-PA,2048,0,34,0,0,34,T
3-PA,2049,0,33,0,1,34,T
3-PA,2050,0,0,34,0,34,G
3-PA,2051,0,0,33,0,33,G
3-PA,2052,0,0,33,0,33,G
3-PA,2053,0,0,33,0,33,G
3-PA,2054,0,0,34,0,34,G
3-PA,2055,0,0,34,0,34,G
3-PA,2056,0,0,0,34,34,C
3-PA,2057,0,33,0,0,33,T
3-PA,2058,33,0,0,0,33,A
3-PA,2059,0,34,0,0,34,T
3-PA,2060,34,0,0,0,34,A
3-PA,2061,0,34,0,0,34,T
3-PA,2062,0,0,34,0,34,G
3-PA,2063,33,0,0,0,33,A
3-PA,2064,30,0,0,0,30,A
3-PA,2065,0,0,32,0,32,G
3-PA,2066,0,0,0,32,32,C
3-PA,2067,30,0,0,0,30,A
3-PA,2068,32,0,0,0,32,A
3-PA,2069,0,31,0,0,31,T
3-PA,2070,0,31,0,0,31,T
3-PA,2071,0,0,31,0,31,G
3-PA,2072,30,0,0,0,30,A
3-PA,2073,0,0,30,0,30,G
3-PA,2074,0,0,30,0,30,G
3-PA,2075,30,0,0,0,30,A
3-PA,2076,0,0,30,0,30,G
3-PA,2077,0,26,0,0,26,T
3-PA,2078,0,0,26,0,26,G
3-PA,2079,0,0,0,25,25,C
3-PA,2080,0,0,0,26,26,C
3-PA,2081,0,26,0,0,26,T
3-PA,2082,0,0,26,0,26,G
3-PA,2083,26,0,0,0,26,A
3-PA,2084,0,26,0,0,26,T
3-PA,2085,0,25,0,0,25,T
3-PA,2086,25,0,0,0,25,A
3-PA,2087,25,0,0,0,25,A
3-PA,2088,0,25,0,0,25,T
3-PA,2089,0,0,25,0,25,G
3-PA,2090,25,0,0,0,25,A
3-PA,2091,0,24,0,0,24,T
3-PA,2092,0,0,0,24,24,C
3-PA,2093,0,0,0,24,24,C
3-PA,2094,0,0,0,24,24,C
3-PA,2095,0,23,0,0,23,T
3-PA,2096,0,0,23,0,23,G
3-PA,2097,0,0,22,0,22,G
3-PA,2098,0,0,23,0,23,G
3-PA,2099,0,23,0,0,23,T
3-PA,2100,0,21,0,0,21,T
3-PA,2101,0,21,0,0,21,T
3-PA,2102,0,21,0,0,21,T
3-PA,2103,0,0,22,0,22,G
3-PA,2104,0,0,0,23,23,C
3-PA,2105,0,23,0,0,23,T
3-PA,2106,0,0,0,23,23,C
3-PA,2107,23,0,0,0,23,A
3-PA,2108,23,0,0,0,23,A
3-PA,2109,0,22,0,1,23,T
3-PA,2110,0,0,22,0,22,G
3-PA,2111,0,0,0,22,22,C
3-PA,2112,0,0,22,0,22,G
3-PA,2113,0,22,0,0,22,T
3-PA,2114,0,0,0,22,22,C
3-PA,2115,0,22,0,0,22,T
3-PA,2116,0,22,0,0,22,T
3-PA,2117,0,0,21,0,21,G
3-PA,2118,0,0,21,0,21,G
3-PA,2119,0,20,0,0,20,T
3-PA,2120,0,20,0,0,20,T
3-PA,2121,0,0,0,20,20,C
3-PA,2122,19,0,0,0,19,A
3-PA,2123,20,0,0,0,20,A
3-PA,2124,0,0,0,20,20,C
3-PA,2125,0,20,0,0,20,T
3-PA,2126,0,0,0,20,20,C
3-PA,2127,0,0,0,18,18,C
3-PA,2128,0,18,0,0,18,T
3-PA,2129,0,17,0,0,17,T
3-PA,2130,0,0,0,18,18,C
3-PA,2131,0,0,0,18,18,C
3-PA,2132,0,17,0,0,17,T
3-PA,2133,0,0,17,0,17,G
3-PA,2134,16,0,0,0,16,A
3-PA,2135,0,0,0,16,16,C
3-PA,2136,15,0,0,0,15,A
3-PA,2137,0,0,0,15,15,C
3-PA,2138,15,0,0,0,15,A
3-PA,2139,0,15,0,0,15,T
3-PA,2140,0,0,15,0,15,G
3-PA,2141,0,0,0,15,15,C
3-PA,2142,15,0,0,0,15,A
3-PA,2143,0,15,0,0,15,T
3-PA,2144,0,15,0,0,15,T
3-PA,2145,15,0,0,0,15,A
3-PA,2146,14,0,0,0,14,A
3-PA,2147,14,0,0,0,14,A
3-PA,2148,14,0,0,0,14,A
3-PA,2149,0,14,0,0,14,T
3-PA,2150,11,0,0,0,11,A
3-PA,2151,0,0,11,0,11,G
4-HA,1,187,0,0,0,187,A
4-HA,2,0,187,0,0,187,T
4-HA,3,0,0,190,0,190,G
4-HA,4,193,0,0,0,193,A
4-HA,5,197,0,1,0,198,A
4-HA,6,0,0,215,0,215,G
4-HA,7,214,0,0,0,214,A
4-HA,8,0,0,0,240,240,C
4-HA,9,0,243,0,0,243,T
4-HA,10,247,0,1,0,248,A
4-HA,11,0,257,0,0,257,T
4-HA,12,1,0,0,257,258,C
4-HA,13,261,0,0,0,261,A
4-HA,14,0,260,0,0,260,T
4-HA,15,0,261,0,0,261,T
4-HA,16,0,0,288,0,288,G
4-HA,17,0,1,0,288,289,C
4-HA,18,0,291,0,0,291,T
4-HA,19,0,290,0,0,290,T
4-HA,20,0,290,0,0,290,T
4-HA,21,2,0,305,0,307,G
4-HA,22,309,0,1,0,310,A
4-HA,23,0,0,321,0,321,G
4-HA,24,0,0,0,323,323,C
4-HA,25,0,322,0,0,322,T
4-HA,26,349,0,0,0,349,A
4-HA,27,0,0,0,352,352,C
4-HA,28,360,0,0,0,360,A
4-HA,29,0,388,0,0,388,T
4-HA,30,0,388,0,0,388,T
4-HA,31,0,0,0,396,396,C
4-HA,32,0,394,0,0,394,T
4-HA,33,406,0,0,0,406,A
4-HA,34,0,408,0,0,408,T
4-HA,35,0,0,407,0,407,G
4-HA,36,0,405,0,1,406,T
4-HA,37,0,0,0,406,406,C
4-HA,38,0,403,0,0,403,T
4-HA,39,0,1,406,0,407,G
4-HA,40,0,1,405,0,406,G
4-HA,41,0,406,0,0,406,T
4-HA,42,0,409,0,0,409,T
4-HA,43,0,409,0,0,409,T
4-HA,44,0,410,0,0,410,T
4-HA,45,1,0,0,406,407,C
4-HA,46,0,0,409,0,409,G
4-HA,47,0,0,0,415,415,C
4-HA,48,0,410,0,3,413,T
4-HA,49,0,1,0,416,417,C
4-HA,50,417,0,0,0,417,A
4-HA,51,417,0,1,0,418,A
4-HA,52,418,0,0,0,418,A
4-HA,53,419,0,0,0,419,A
4-HA,54,419,0,0,0,419,A
4-HA,55,0,0,0,422,422,C
4-HA,56,0,419,0,0,419,T
4-HA,57,0,423,0,0,423,T
4-HA,58,1,0,0,420,421,C
4-HA,59,1,0,0,422,423,C
4-HA,60,0,422,0,0,422,T
4-HA,61,0,0,428,0,428,G
4-HA,62,0,0,431,0,431,G
4-HA,63,427,1,1,0,429,A
4-HA,64,433,0,0,0,433,A
4-HA,65,434,0,0,0,434,A
4-HA,66,0,443,0,1,444,T
4-HA,67,1,1,451,0,453,G
4-HA,68,451,0,0,0,451,A
4-HA,69,0,0,0,464,464,C
4-HA,70,462,0,0,0,462,A
4-HA,71,464,0,0,0,464,A
4-HA,72,0,0,0,475,475,C
4-HA,73,470,0,0,0,470,A
4-HA,74,0,0,472,0,472,G
4-HA,75,0,0,0,474,474,C
4-HA,76,475,0,0,0,475,A
4-HA,77,0,0,0,489,489,C
4-HA,78,0,1,488,0,489,G
4-HA,79,0,0,497,0,497,G
4-HA,80,0,0,0,496,496,C
4-HA,81,496,0,0,0,496,A
4-HA,82,500,0,0,0,500,A
4-HA,83,0,0,0,505,505,C
4-HA,84,0,0,511,0,511,G
4-HA,85,0,0,0,514,514,C
4-HA,86,0,509,0,0,509,T
4-HA,87,1,1,514,1,517,G
4-HA,88,0,513,0,1,514,T
4-HA,89,0,1,550,0,551,G
4-HA,90,0,0,0,554,554,C
4-HA,91,0,1,0,562,563,C
4-HA,92,0,560,0,1,561,T
4-HA,93,0,559,0,0,559,T
4-HA,94,0,2,559,0,561,G
4-HA,95,1,0,564,0,565,G
4-HA,96,1,0,569,0,570,G
4-HA,97,0,0,1,572,573,C
4-HA,98,567,0,0,0,567,A
4-HA,99,0,0,0,574,574,C
4-HA,100,1,0,0,565,566,C
4-HA,101,626,2,0,0,628,A
4-HA,102,0,628,0,0,628,T
4-HA,103,0,0,630,0,630,G
4-HA,104,0,0,1,629,630,C
4-HA,105,621,0,0,0,621,A
4-HA,106,0,0,661,0,661,G
4-HA,107,0,662,0,0,662,T
4-HA,108,667,0,1,0,668,A
4-HA,109,2,0,0,665,667,C
4-HA,110,1,0,0,650,651,C
4-HA,111,653,0,0,0,653,A
4-HA,112,654,0,0,0,654,A
4-HA,113,655,0,0,0,655,A
4-HA,114,0,0,0,657,657,C
4-HA,115,0,4,637,0,641,G
4-HA,116,1,1,647,0,649,G
4-HA,117,651,0,0,0,651,A
4-HA,118,655,0,0,0,655,A
4-HA,119,0,0,1,654,655,C
4-HA,120,1,0,646,0,647,G
4-HA,121,6,0,637,1,644,G
4-HA,122,0,682,0,0,682,T
4-HA,123,692,0,0,0,692,A
4-HA,124,0,0,692,0,692,G
4-HA,125,0,688,0,0,688,T
4-HA,126,1,0,688,0,689,G
4-HA,127,689,0,0,0,689,A
4-HA,128,693,0,1,0,694,A
4-HA,129,687,0,5,0,692,A
4-HA,130,675,0,1,0,676,A
4-HA,131,0,1,0,679,680,C
4-HA,132,682,0,0,0,682,A
4-HA,133,688,0,0,0,688,A
4-HA,134,0,690,0,0,690,T
4-HA,135,2,0,0,688,690,C
4-HA,136,688,0,1,0,689,A
4-HA,137,0,0,0,694,694,C
4-HA,138,1,1,693,0,695,G
4-HA,139,691,0,0,0,691,A
4-HA,140,689,0,1,0,690,A
4-HA,141,0,690,1,1,692,T
4-HA,142,1,1,689,0,691,G
4-HA,143,696,0,0,0,696,A
4-HA,144,0,0,0,692,692,C
4-HA,145,0,1,0,692,693,C
4-HA,146,699,0,0,0,699,A
4-HA,147,698,0,0,0,698,A
4-HA,148,700,0,3,0,703,A
4-HA,149,0,701,0,1,702,T
4-HA,150,0,703,0,0,703,T
4-HA,151,1,1,704,0,706,G
4-HA,152,699,0,0,0,699,A
4-HA,153,701,0,1,0,702,A
4-HA,154,1,0,704,0,705,G
4-HA,155,0,709,0,0,709,T
4-HA,156,0,727,0,0,727,T
4-HA,157,732,0,0,0,732,A
4-HA,158,0,0,0,736,736,C
4-HA,159,0,737,0,0,737,T
4-HA,160,732,0,0,0,732,A
4-HA,161,745,0,0,0,745,A
4-HA,162,0,743,0,0,743,T
4-HA,163,0,0,743,0,743,G
4-HA,164,1,0,0,774,775,C
4-HA,165,0,774,0,0,774,T
4-HA,166,772,0,1,0,773,A
4-HA,167,2,0,0,769,771,C
4-HA,168,0,770,0,0,770,T
4-HA,169,0,2,773,0,775,G
4-HA,170,760,0,1,0,761,A
4-HA,171,1,0,761,0,762,G
4-HA,172,1,0,0,761,762,C
4-HA,173,0,742,0,0,742,T
4-HA,174,0,3,768,0,771,G
4-HA,175,0,0,785,0,785,G
4-HA,176,0,786,0,0,786,T
4-HA,177,0,786,0,0,786,T
4-HA,178,1,0,0,786,787,C
4-HA,179,785,1,1,0,787,A
4-HA,180,0,2,792,0,794,G
4-HA,181,781,0,11,0,792,A
4-HA,182,0,6,805,0,811,G
4-HA,183,0,801,0,1,802,T
4-HA,184,0,796,0,0,796,T
4-HA,185,3,0,0,795,798,C
4-HA,186,0,0,0,802,802,C
4-HA,187,0,794,0,1,795,T
4-HA,188,2,0,0,798,800,C
4-HA,189,793,0,1,0,794,A
4-HA,190,794,0,7,0,801,A
4-HA,191,0,0,0,805,805,C
4-HA,192,788,0,0,0,788,A
4-HA,193,0,0,801,0,801,G
4-HA,194,1,1,792,1,795,G
4-HA,195,0,793,0,2,795,T
4-HA,196,0,0,794,0,794,G
4-HA,197,796,0,1,0,797,A
4-HA,198,791,0,1,0,792,A
4-HA,199,818,0,0,0,818,A
4-HA,200,0,813,0,0,813,T
4-HA,201,826,0,0,0,826,A
4-HA,202,0,813,0,0,813,T
4-HA,203,0,0,810,0,810,G
4-HA,204,0,3,0,812,815,C
4-HA,205,29,0,784,0,813,G
4-HA,206,811,1,0,0,812,A
4-HA,207,1,1,0,810,812,C
4-HA,208,799,0,0,0,799,A
4-HA,209,0,1,858,0,859,G
4-HA,210,0,856,0,0,856,T
4-HA,211,1,0,0,864,865,C
4-HA,212,0,2,0,863,865,C
4-HA,213,1,854,0,1,856,T
4-HA,214,0,0,0,876,876,C
4-HA,215,876,0,0,0,876,A
4-HA,216,0,875,0,2,877,T
4-HA,217,2,0,0,873,875,C
4-HA,218,824,0,0,0,824,A
4-HA,219,1,1,831,0,833,G
4-HA,220,823,0,0,0,823,A
4-HA,221,1,817,0,3,821,T
4-HA,222,1,1,0,821,823,C
4-HA,223,1,0,0,815,816,C
4-HA,224,0,815,0,0,815,T
4-HA,225,0,813,0,0,813,T
4-HA,226,0,2,809,0,811,G
4-HA,227,810,1,0,0,811,A
4-HA,228,0,807,0,0,807,T
4-HA,229,0,1,811,0,812,G
4-HA,230,0,1,810,0,811,G
4-HA,231,805,2,0,0,807,A
4-HA,232,806,0,1,0,807,A
4-HA,233,807,0,0,0,807,A
4-HA,234,809,0,2,1,812,A
4-HA,235,815,0,0,0,815,A
4-HA,236,813,0,1,0,814,A
4-HA,237,0,0,0,817,817,C
4-HA,238,0,811,0,0,811,T
4-HA,239,0,0,812,0,812,G
4-HA,240,0,0,0,812,812,C
4-HA,241,812,0,1,0,813,A
4-HA,242,2,0,0,836,838,C
4-HA,243,835,0,0,0,835,A
4-HA,244,1,0,0,931,932,C
4-HA,245,0,927,0,2,929,T
4-HA,246,944,0,0,1,945,A
4-HA,247,946,0,0,0,946,A
4-HA,248,0,949,0,1,950,T
4-HA,249,947,0,1,0,948,A
4-HA,250,0,0,948,0,948,G
4-HA,251,924,0,0,0,924,A
4-HA,252,1,910,0,0,911,T
4-HA,253,1,0,865,0,866,G
4-HA,254,0,3,0,870,873,C
4-HA,255,0,864,1,1,866,T
4-HA,256,2,0,0,931,933,C
4-HA,257,0,932,0,0,932,T
4-HA,258,958,0,0,0,958,A
4-HA,259,0,960,1,0,961,T
4-HA,260,0,956,1,1,958,T
4-HA,261,0,1,963,0,964,G
4-HA,262,0,2,956,1,959,G
4-HA,263,0,8,946,0,954,G
4-HA,264,939,0,1,0,940,A
4-HA,265,0,0,932,0,932,G
4-HA,266,913,0,2,0,915,A
4-HA,267,0,1,0,970,971,C
4-HA,268,1,0,0,987,988,C
4-HA,269,1,0,0,991,992,C
4-HA,270,0,984,1,0,985,T
4-HA,271,0,0,0,1004,1004,C
4-HA,272,1002,1,0,0,1003,A
4-HA,273,0,1,1045,1,1047,G
4-HA,274,0,1049,0,1,1050,T
4-HA,275,0,1,1053,0,1054,G
4-HA,276,0,1012,0,0,1012,T
4-HA,277,0,2,1005,1,1008,G
4-HA,278,1007,1,0,0,1008,A
4-HA,279,0,1008,0,0,1008,T
4-HA,280,0,0,1000,0,1000,G
4-HA,281,0,1,997,0,998,G
4-HA,282,0,0,0,972,972,C
4-HA,283,0,969,0,1,970,T
4-HA,284,1,963,0,1,965,T
4-HA,285,1,0,0,972,973,C
4-HA,286,2,0,1,970,973,C
4-HA,287,975,0,0,0,975,A
4-HA,288,976,0,0,0,976,A
4-HA,289,978,0,0,0,978,A
4-HA,290,978,0,0,0,978,A
4-HA,291,0,983,0,0,983,T
4-HA,292,979,0,0,0,979,A
4-HA,293,979,0,1,0,980,A
4-HA,294,0,2,982,0,984,G
4-HA,295,998,0,0,0,998,A
4-HA,296,996,0,0,0,996,A
4-HA,297,997,0,0,0,997,A
4-HA,298,0,998,1,0,999,T
4-HA,299,0,2,993,0,995,G
4-HA,300,0,2,987,0,989,G
4-HA,301,0,2,986,0,988,G
4-HA,302,988,2,1,0,991,A
4-HA,303,0,0,0,998,998,C
4-HA,304,0,1,0,996,997,C
4-HA,305,0,1006,0,0,1006,T
4-HA,306,0,1007,0,0,1007,T
4-HA,307,0,1006,0,1,1007,T
4-HA,308,0,1011,0,0,1011,T
4-HA,309,0,1013,0,0,1013,T
4-HA,310,0,0,1019,0,1019,G
4-HA,311,0,1020,0,1,1021,T
4-HA,312,0,1018,0,0,1018,T
4-HA,313,0,2,1015,0,1017,G
4-HA,314,1004,1,0,0,1005,A
4-HA,315,1015,0,0,0,1015,A
4-HA,316,0,0,0,1015,1015,C
4-HA,317,0,0,1013,0,1013,G
4-HA,318,2,0,0,1022,1024,C
4-HA,319,1022,1,0,0,1023,A
4-HA,320,0,0,1029,0,1029,G
4-HA,321,0,0,0,1025,1025,C
4-HA,322,1026,0,0,0,1026,A
4-HA,323,1026,0,0,0,1026,A
4-HA,324,1031,0,0,0,1031,A
4-HA,325,0,0,1072,0,1072,G
4-HA,326,0,0,0,1075,1075,C
4-HA,327,0,0,0,1068,1068,C
4-HA,328,0,1064,1,0,1065,T
4-HA,329,1063,0,0,0,1063,A
4-HA,330,0,1,1,1074,1076,C
4-HA,331,1073,0,3,0,1076,A
4-HA,332,0,0,1081,0,1081,G
4-HA,333,0,1,0,1072,1073,C
4-HA,334,1047,0,0,0,1047,A
4-HA,335,1060,0,0,0,1060,A
4-HA,336,0,0,0,1108,1108,C
4-HA,337,0,1105,0,0,1105,T
4-HA,338,0,0,1109,0,1109,G
4-HA,339,1,1100,0,0,1101,T
4-HA,340,0,1099,0,0,1099,T
4-HA,341,1102,0,1,0,1103,A
4-HA,342,1,0,0,1196,1197,C
4-HA,343,4,0,0,1202,1206,C
4-HA,344,3,0,0,1224,1227,C
4-HA,345,0,1189,0,2,1191,T
4-HA,346,0,1196,0,0,1196,T
4-HA,347,1200,0,0,0,1200,A
4-HA,348,1,1198,0,0,1199,T
4-HA,349,0,0,1197,0,1197,G
4-HA,350,1197,0,1,0,1198,A
4-HA,351,1,1108,0,0,1109,T
4-HA,352,0,0,1130,0,1130,G
4-HA,353,0,1105,0,0,1105,T
4-HA,354,0,0,1106,0,1106,G
4-HA,355,0,1,0,1106,1107,C
4-HA,356,1,0,0,1107,1108,C
4-HA,357,1,2,1130,0,1133,G
4-HA,358,0,1,1154,0,1155,G
4-HA,359,1150,0,0,0,1150,A
4-HA,360,0,1154,0,1,1155,T
4-HA,361,0,1139,0,0,1139,T
4-HA,362,1143,0,1,0,1144,A
4-HA,363,0,1144,0,0,1144,T
4-HA,364,0,0,1146,0,1146,G
4-HA,365,0,0,0,1141,1141,C
4-HA,366,0,0,0,1130,1130,C
4-HA,367,0,1140,0,0,1140,T
4-HA,368,1,0,0,1203,1204,C
4-HA,369,3,0,0,1216,1219,C
4-HA,370,5,0,0,1221,1226,C
4-HA,371,0,1216,0,0,1216,T
4-HA,372,0,1216,0,1,1217,T
4-HA,373,1210,0,0,1,1211,A
4-HA,374,0,1,1235,0,1236,G
4-HA,375,0,1,1242,1,1244,G
4-HA,376,0,1227,0,0,1227,T
4-HA,377,2,0,0,1195,1197,C
4-HA,378,1180,1,2,0,1183,A
4-HA,379,0,0,0,1200,1200,C
4-HA,380,0,1201,0,0,1201,T
4-HA,381,1198,0,0,0,1198,A
4-HA,382,0,0,1199,0,1199,G
4-HA,383,0,1192,0,0,1192,T
4-HA,384,1,1188,0,0,1189,T
4-HA,385,1,2,1204,0,1207,G
4-HA,386,2,1,0,1201,1204,C
4-HA,387,1,0,1,1206,1208,C
4-HA,388,0,1182,0,1,1183,T
4-HA,389,0,0,0,1195,1195,C
4-HA,390,1225,0,0,0,1225,A
4-HA,391,0,1226,0,0,1226,T
4-HA,392,0,1,0,1226,1227,C
4-HA,393,2,1,0,1225,1228,C
4-HA,394,0,1,1218,0,1219,G
4-HA,395,1,0,1229,0,1230,G
4-HA,396,0,0,0,1234,1234,C
4-HA,397,1246,0,0,0,1246,A
4-HA,398,0,1,0,1258,1259,C
4-HA,399,1229,0,0,0,1229,A
4-HA,400,1,0,0,1239,1240,C
4-HA,401,0,1236,0,0,1236,T
4-HA,402,0,1,1243,0,1244,G
4-HA,403,0,1,1261,0,1262,G
4-HA,404,1257,0,2,0,1259,A
4-HA,405,0,1,1285,0,1286,G
4-HA,406,0,1274,0,0,1274,T
4-HA,407,0,1265,0,1,1266,T
4-HA,408,0,1257,0,9,1266,T
4-HA,409,1262,0,1,0,1263,A
4-HA,410,1259,0,6,0,1265,A
4-HA,411,1,1,0,1276,1278,C
4-HA,412,1259,0,1,0,1260,A
4-HA,413,1258,1,3,0,1262,A
4-HA,414,0,1248,0,0,1248,T
4-HA,415,0,1,1248,0,1249,G
4-HA,416,1246,0,1,0,1247,A
4-HA,417,1240,0,1,0,1241,A
4-HA,418,1246,0,1,0,1247,A
4-HA,419,0,0,1255,0,1255,G
4-HA,420,0,0,0,1263,1263,C
4-HA,421,1,1256,0,1,1258,T
4-HA,422,0,1266,0,0,1266,T
4-HA,423,0,0,0,1279,1279,C
4-HA,424,1281,0,0,0,1281,A
4-HA,425,1281,0,0,0,1281,A
4-HA,426,2,1279,0,0,1281,T
4-HA,427,0,1277,0,0,1277,T
4-HA,428,1,1,1294,0,1296,G
4-HA,429,0,0,1316,0,1316,G
4-HA,430,1319,0,2,0,1321,A
4-HA,431,1,0,0,1319,1320,C
4-HA,432,0,1302,0,3,1305,T
4-HA,433,0,2,1306,0,1308,G
4-HA,434,0,1,1311,0,1312,G
4-HA,435,1311,0,1,0,1312,A
4-HA,436,0,0,1313,0,1313,G
4-HA,437,0,1287,0,2,1289,T
4-HA,438,0,0,0,1271,1271,C
4-HA,439,1285,0,1,0,1286,A
4-HA,440,3,0,0,1291,1294,C
4-HA,441,1,1289,0,0,1290,T
4-HA,442,1,0,0,1291,1292,C
4-HA,443,1284,0,0,0,1284,A
4-HA,444,1294,0,1,0,1295,A
4-HA,445,1289,0,2,0,1291,A
4-HA,446,1293,0,0,0,1293,A
4-HA,447,2,0,0,1297,1299,C
4-HA,448,1,1,1281,0,1283,G
4-HA,449,0,1,1309,0,1310,G
4-HA,450,1315,0,0,0,1315,A
4-HA,451,1316,0,0,0,1316,A
4-HA,452,1,0,0,1316,1317,C
4-HA,453,1306,0,0,0,1306,A
4-HA,454,1318,0,0,1,1319,A
4-HA,455,0,0,1326,0,1326,G
4-HA,456,0,1,0,1330,1331,C
4-HA,457,0,1318,0,2,1320,T
4-HA,458,1,0,0,1329,1330,C
4-HA,459,0,1316,0,1,1317,T
4-HA,460,0,0,1324,0,1324,G
4-HA,461,0,0,0,1322,1322,C
4-HA,462,1,1326,0,0,1327,T
4-HA,463,1,1343,0,1,1345,T
4-HA,464,0,1,1363,0,1364,G
4-HA,465,0,1,0,1378,1379,C
4-HA,466,1380,0,0,0,1380,A
4-HA,467,0,1371,0,0,1371,T
4-HA,468,1365,0,0,0,1365,A
4-HA,469,1357,0,2,0,1359,A
4-HA,470,0,1,1354,0,1355,G
4-HA,471,0,0,1357,0,1357,G
4-HA,472,1296,1,5,0,1302,A
4-HA,473,0,0,1280,0,1280,G
4-HA,474,1271,1,1,1,1274,A
4-HA,475,0,1304,1,1,1306,T
4-HA,476,0,0,0,1312,1312,C
4-HA,477,0,1313,0,0,1313,T
4-HA,478,1311,0,1,0,1312,A
4-HA,479,1305,0,1,1,1307,A
4-HA,480,1297,0,1,0,1298,A
4-HA,481,1294,0,1,0,1295,A
4-HA,482,1299,0,2,0,1301,A
4-HA,483,1,1,0,1307,1309,C
4-HA,484,1272,0,2,0,1274,A
4-HA,485,1,0,1284,0,1285,G
4-HA,486,0,1280,0,0,1280,T
4-HA,487,0,1300,0,0,1300,T
4-HA,488,0,1302,0,0,1302,T
4-HA,489,0,0,0,1325,1325,C
4-HA,490,0,1327,0,0,1327,T
4-HA,491,0,1329,1,0,1330,T
4-HA,492,0,1333,0,0,1333,T
4-HA,493,1329,1,2,0,1332,A
4-HA,494,0,1,1333,0,1334,G
4-HA,495,0,1328,0,1,1329,T
4-HA,496,1328,0,0,0,1328,A
4-HA,497,0,0,1333,0,1333,G
4-HA,498,1311,1,0,0,1312,A
4-HA,499,0,1311,0,0,1311,T
4-HA,500,0,1304,0,0,1304,T
4-HA,501,0,4,1319,0,1323,G
4-HA,502,1326,0,0,0,1326,A
4-HA,503,1321,0,0,0,1321,A
4-HA,504,0,1325,0,0,1325,T
4-HA,505,0,1308,0,0,1308,T
4-HA,506,0,3,1313,1,1317,G
4-HA,507,0,1,1315,0,1316,G
4-HA,508,0,1312,0,1,1313,T
4-HA,509,0,1311,0,0,1311,T
4-HA,510,0,0,1296,0,1296,G
4-HA,511,1301,0,2,0,1303,A
4-HA,512,2,0,0,1293,1295,C
4-HA,513,2,2,0,1290,1294,C
4-HA,514,4,0,0,1300,1304,C
4-HA,515,1295,0,1,1,1297,A
4-HA,516,1,0,0,1312,1313,C
4-HA,517,0,1312,0,0,1312,T
4-HA,518,0,1313,0,0,1313,T
4-HA,519,1315,0,1,0,1316,A
4-HA,520,1308,0,0,0,1308,A
4-HA,521,1306,0,1,0,1307,A
4-HA,522,0,1,0,1280,1281,C
4-HA,523,0,1325,0,0,1325,T
4-HA,524,0,1329,0,0,1329,T
4-HA,525,0,1,0,1340,1341,C
4-HA,526,1340,0,0,0,1340,A
4-HA,527,1340,0,0,1,1341,A
4-HA,528,1341,0,1,0,1342,A
4-HA,529,0,1343,0,0,1343,T
4-HA,530,1340,0,0,0,1340,A
4-HA,531,1,0,0,1334,1335,C
4-HA,532,0,1294,0,1,1295,T
4-HA,533,3,1,0,1318,1322,C
4-HA,534,1319,0,4,0,1323,A
4-HA,535,0,1,1382,0,1383,G
4-HA,536,0,0,0,1388,1388,C
4-HA,537,1379,0,0,0,1379,A
4-HA,538,0,1378,0,1,1379,T
4-HA,539,0,1366,0,0,1366,T
4-HA,540,1,1,1411,0,1413,G
4-HA,541,1413,0,1,0,1414,A
4-HA,542,1412,0,3,0,1415,A
4-HA,543,0,3,0,1413,1416,C
4-HA,544,1,0,1370,0,1371,G
4-HA,545,0,1376,0,1,1377,T
4-HA,546,0,0,1378,1,1379,G
4-HA,547,1375,0,4,0,1379,A
4-HA,548,3,1,2,1370,1376,C
4-HA,549,0,1318,0,1,1319,T
4-HA,550,1345,0,2,0,1347,A
4-HA,551,1,1341,0,0,1342,T
4-HA,552,1,0,1350,0,1351,G
4-HA,553,2,0,0,1345,1347,C
4-HA,554,0,2,0,1325,1327,C
4-HA,555,1328,0,1,0,1329,A
4-HA,556,1327,0,1,0,1328,A
4-HA,557,1338,0,2,0,1340,A
4-HA,558,0,0,0,1341,1341,C
4-HA,559,1301,0,0,0,1301,A
4-HA,560,1304,0,0,0,1304,A
4-HA,561,0,1296,0,0,1296,T
4-HA,562,0,2,1296,1,1299,G
4-HA,563,1296,1,2,0,1299,A
4-HA,564,1297,0,2,0,1299,A
4-HA,565,1,0,1,1269,1271,C
4-HA,566,1279,0,0,0,1279,A
4-HA,567,1286,0,0,0,1286,A
4-HA,568,0,1283,0,1,1284,T
4-HA,569,0,1285,0,1,1286,T
4-HA,570,1,1285,0,0,1286,T
4-HA,571,0,0,1288,0,1288,G
4-HA,572,1288,0,0,0,1288,A
4-HA,573,1,1,0,1285,1287,C
4-HA,574,1290,1,0,0,1291,A
4-HA,575,1291,0,0,0,1291,A
4-HA,576,1307,1,1,0,1309,A
4-HA,577,0,1318,0,0,1318,T
4-HA,578,0,1315,0,1,1316,T
4-HA,579,0,0,1329,0,1329,G
4-HA,580,0,1327,0,1,1328,T
4-HA,581,1327,0,1,0,1328,A
4-HA,582,1,0,0,1363,1364,C
4-HA,583,1371,0,0,0,1371,A
4-HA,584,0,1392,0,0,1392,T
4-HA,585,0,1375,1,0,1376,T
4-HA,586,1,1370,0,0,1371,T
4-HA,587,0,3,1361,0,1364,G
4-HA,588,1,3,1359,1,1364,G
4-HA,589,0,3,1362,0,1365,G
4-HA,590,0,2,1363,0,1365,G
4-HA,591,1,0,1346,0,1347,G
4-HA,592,0,0,1394,0,1394,G
4-HA,593,1,1373,0,2,1376,T
4-HA,594,0,1382,0,0,1382,T
4-HA,595,0,0,0,1380,1380,C
4-HA,596,1386,0,0,0,1386,A
4-HA,597,2,2,0,1391,1395,C
4-HA,598,2,0,0,1386,1388,C
4-HA,599,1394,0,1,0,1395,A
4-HA,600,0,0,0,1406,1406,C
4-HA,601,1,0,0,1383,1384,C
4-HA,602,4,0,0,1364,1368,C
4-HA,603,0,2,1376,0,1378,G
4-HA,604,0,2,1405,0,1407,G
4-HA,605,12,1,1398,0,1411,G
4-HA,606,0,1394,0,0,1394,T
4-HA,607,1394,0,0,0,1394,A
4-HA,608,0,0,0,1389,1389,C
4-HA,609,0,2,1369,0,1371,G
4-HA,610,0,1,1390,0,1391,G
4-HA,611,1390,0,0,0,1390,A
4-HA,612,0,1,0,1385,1386,C
4-HA,613,1345,0,0,0,1345,A
4-HA,614,1340,1,0,0,1341,A
4-HA,615,1335,0,5,0,1340,A
4-HA,616,0,1,1374,1,1376,G
4-HA,617,1378,0,0,0,1378,A
4-HA,618,0,2,0,1375,1377,C
4-HA,619,1,0,0,1351,1352,C
4-HA,620,1360,0,0,0,1360,A
4-HA,621,1358,1,0,0,1359,A
4-HA,622,1378,0,2,0,1380,A
4-HA,623,1,1384,0,0,1385,T
4-HA,624,0,0,0,1392,1392,C
4-HA,625,0,1369,0,3,1372,T
4-HA,626,0,1368,0,2,1370,T
4-HA,627,4,0,0,1377,1381,C
4-HA,628,2,0,0,1390,1392,C
4-HA,629,0,1384,0,1,1385,T
4-HA,630,0,2,1395,0,1397,G
4-HA,631,1,1374,0,0,1375,T
4-HA,632,1384,0,0,0,1384,A
4-HA,633,1,1375,0,1,1377,T
4-HA,634,0,1,1381,0,1382,G
4-HA,635,1,0,0,1383,1384,C
4-HA,636,0,1375,0,1,1376,T
4-HA,637,3,2,0,1369,1374,C
4-HA,638,1374,0,1,1,1376,A
4-HA,639,1374,0,1,0,1375,A
4-HA,640,0,1,1386,0,1387,G
4-HA,641,1,0,0,1395,1396,C
4-HA,642,1399,0,0,0,1399,A
4-HA,643,0,1386,0,1,1387,T
4-HA,644,1,0,0,1379,1380,C
4-HA,645,1380,0,0,0,1380,A
4-HA,646,0,3,1381,0,1384,G
4-HA,647,1,1,1388,0,1390,G
4-HA,648,1388,0,3,0,1391,A
4-HA,649,1374,0,1,0,1375,A
4-HA,650,0,0,1403,0,1403,G
4-HA,651,1395,0,3,0,1398,A
4-HA,652,1417,0,0,0,1417,A
4-HA,653,0,1427,0,1,1428,T
4-HA,654,1,0,0,1431,1432,C
4-HA,655,1423,0,1,0,1424,A
4-HA,656,2,0,0,1420,1422,C
4-HA,657,1418,0,1,0,1419,A
4-HA,658,0,0,1452,0,1452,G
4-HA,659,0,1432,0,1,1433,T
4-HA,660,1,0,0,1448,1449,C
4-HA,661,0,1425,0,0,1425,T
4-HA,662,0,0,0,1459,1459,C
4-HA,663,0,1460,0,0,1460,T
4-HA,664,1468,1,2,0,1471,A
4-HA,665,1,1,0,1466,1468,C
4-HA,666,4,0,0,1465,1469,C
4-HA,667,1449,0,1,0,1450,A
4-HA,668,1442,0,3,0,1445,A
4-HA,669,1438,0,0,0,1438,A
4-HA,670,1443,0,4,0,1447,A
4-HA,671,0,1,1450,0,1451,G
4-HA,672,1414,0,0,0,1414,A
4-HA,673,1409,0,0,0,1409,A
4-HA,674,0,1,1412,0,1413,G
4-HA,675,0,0,0,1417,1417,C
4-HA,676,0,0,0,1422,1422,C
4-HA,677,1422,0,1,0,1423,A
4-HA,678,1420,8,2,0,1430,A
4-HA,679,3,1,0,1427,1431,C
4-HA,680,1437,0,0,0,1437,A
4-HA,681,1430,0,0,7,1437,A
4-HA,682,1440,1,0,0,1441,A
4-HA,683,1,1,0,1495,1497,C
4-HA,684,0,1486,1,0,1487,T
4-HA,685,0,0,1493,0,1493,G
4-HA,686,1,1486,0,2,1489,T
4-HA,687,1489,0,1,0,1490,A
4-HA,688,1494,0,1,0,1495,A
4-HA,689,0,1487,0,2,1489,T
4-HA,690,2,1,0,1494,1497,C
4-HA,691,0,0,0,1499,1499,C
4-HA,692,4,0,0,1471,1475,C
4-HA,693,0,1,1479,0,1480,G
4-HA,694,1475,0,0,0,1475,A
4-HA,695,1479,0,0,0,1479,A
4-HA,696,0,1485,0,0,1485,T
4-HA,697,1478,0,0,0,1478,A
4-HA,698,0,1472,0,0,1472,T
4-HA,699,0,0,0,1464,1464,C
4-HA,700,0,1,1465,0,1466,G
4-HA,701,0,1,1518,0,1519,G
4-HA,702,1512,1,1,0,1514,A
4-HA,703,1,1531,0,1,1533,T
4-HA,704,1,2,0,1540,1543,C
4-HA,705,0,1537,0,0,1537,T
4-HA,706,1534,1,1,0,1536,A
4-HA,707,0,1,1540,0,1541,G
4-HA,708,1547,0,0,0,1547,A
4-HA,709,0,0,0,1542,1542,C
4-HA,710,1,0,0,1504,1505,C
4-HA,711,4,0,0,1505,1509,C
4-HA,712,1488,0,0,1,1489,A
4-HA,713,1,3,1559,0,1563,G
4-HA,714,1562,1,2,0,1565,A
4-HA,715,0,1,1588,0,1589,G
4-HA,716,0,1578,0,1,1579,T
4-HA,717,1569,0,0,0,1569,A
4-HA,718,1560,0,5,1,1566,A
4-HA,719,0,0,1585,0,1585,G
4-HA,720,0,2,1598,1,1601,G
4-HA,721,1577,0,0,0,1577,A
4-HA,722,1462,0,0,0,1462,A
4-HA,723,0,1456,0,1,1457,T
4-HA,724,1456,0,1,0,1457,A
4-HA,725,1,1448,1,2,1452,T
4-HA,726,1,1,0,1466,1468,C
4-HA,727,2,0,0,1461,1463,C
4-HA,728,5,0,0,1436,1441,C
4-HA,729,0,1431,0,1,1432,T
4-HA,730,1439,0,0,0,1439,A
4-HA,731,0,0,1446,0,1446,G
4-HA,732,0,0,0,1447,1447,C
4-HA,733,1411,1,0,0,1412,A
4-HA,734,0,0,1441,0,1441,G
4-HA,735,1422,0,1,0,1423,A
4-HA,736,1429,0,0,1,1430,A
4-HA,737,0,1429,0,0,1429,T
4-HA,738,1422,0,1,0,1423,A
4-HA,739,1422,1,0,0,1423,A
4-HA,740,0,0,1419,0,1419,G
4-HA,741,1,0,0,1417,1418,C
4-HA,742,1416,0,1,0,1417,A
4-HA,743,0,1386,0,0,1386,T
4-HA,744,0,0,0,1464,1464,C
4-HA,745,1,1460,0,1,1462,T
4-HA,746,1469,0,0,1,1470,A
4-HA,747,0,1469,0,1,1470,T
4-HA,748,1,1461,0,0,1462,T
4-HA,749,0,5,1468,0,1473,G
4-HA,750,0,1,1462,0,1463,G
4-HA,751,1469,0,0,0,1469,A
4-HA,752,1,1,0,1457,1459,C
4-HA,753,1327,0,0,0,1327,A
4-HA,754,1363,0,0,1,1364,A
4-HA,755,0,1421,0,0,1421,T
4-HA,756,1450,0,0,0,1450,A
4-HA,757,0,0,1475,0,1475,G
4-HA,758,0,1456,0,1,1457,T
4-HA,759,1459,1,1,0,1461,A
4-HA,760,1474,0,1,0,1475,A
4-HA,761,1515,0,1,0,1516,A
4-HA,762,1542,0,0,0,1542,A
4-HA,763,1,0,0,1565,1566,C
4-HA,764,1,2,0,1494,1497,C
4-HA,765,0,0,1500,1,1501,G
4-HA,766,2,1,1519,0,1522,G
4-HA,767,0,0,1548,1,1549,G
4-HA,768,1559,0,1,0,1560,A
4-HA,769,4,0,1574,1,1579,G
4-HA,770,1610,0,3,0,1613,A
4-HA,771,1,0,0,1620,1621,C
4-HA,772,1596,0,4,8,1608,A
4-HA,773,0,1609,0,2,1611,T
4-HA,774,1615,0,3,0,1618,A
4-HA,775,0,0,0,1652,1652,C
4-HA,776,0,1632,0,2,1634,T
4-HA,777,0,1646,1,1,1648,T
4-HA,778,0,1663,0,1,1664,T
4-HA,779,0,1660,0,1,1661,T
4-HA,780,1,1,1708,0,1710,G
4-HA,781,1718,0,1,0,1719,A
4-HA,782,0,1719,0,0,1719,T
4-HA,783,0,1799,0,0,1799,T
4-HA,784,1786,0,1,0,1787,A
4-HA,785,1803,0,2,0,1805,A
4-HA,786,0,0,0,1842,1842,C
4-HA,787,1842,0,0,0,1842,A
4-HA,788,0,0,1962,0,1962,G
4-HA,789,0,0,0,1957,1957,C
4-HA,790,1957,1,1,0,1959,A
4-HA,791,0,0,0,1983,1983,C
4-HA,792,1959,0,3,1,1963,A
4-HA,793,0,2,1988,0,1990,G
4-HA,794,0,4,1989,0,1993,G
4-HA,795,1,0,2110,0,2111,G
4-HA,796,2108,0,1,0,2109,A
4-HA,797,2118,2,2,0,2122,A
4-HA,798,0,2128,0,0,2128,T
4-HA,799,1,0,0,2130,2131,C
4-HA,800,0,2140,0,2,2142,T
4-HA,801,2161,0,1,0,2162,A
4-HA,802,2157,0,0,0,2157,A
4-HA,803,0,2153,0,1,2154,T
4-HA,804,0,2105,0,1,2106,T
4-HA,805,1,0,2129,0,2130,G
4-HA,806,4,0,0,2204,2208,C
4-HA,807,0,2302,0,3,2305,T
4-HA,808,2,2,0,2387,2391,C
4-HA,809,7,0,1,2388,2396,C
4-HA,810,0,2395,0,1,2396,T
4-HA,811,2396,0,2,1,2399,A
4-HA,812,0,6,2395,0,2401,G
4-HA,813,0,7,2429,1,2437,G
4-HA,814,1,6,2436,1,2444,G
4-HA,815,1,0,2420,0,2421,G
4-HA,816,0,2373,0,1,2374,T
4-HA,817,0,2361,0,0,2361,T
4-HA,818,2368,0,1,0,2369,A
4-HA,819,1,0,0,2429,2430,C
4-HA,820,0,2415,0,3,2418,T
4-HA,821,1,2427,0,2,2430,T
4-HA,822,2,1,0,2423,2426,C
4-HA,823,2411,0,16,0,2427,A
4-HA,824,2428,0,0,0,2428,A
4-HA,825,2447,0,0,0,2447,A
4-HA,826,2466,2,0,1,2469,A
4-HA,827,0,2470,0,0,2470,T
4-HA,828,2454,0,1,1,2456,A
4-HA,829,1,2,0,2449,2452,C
4-HA,830,1,3,2445,0,2449,G
4-HA,831,2455,0,2,0,2457,A
4-HA,832,2453,0,9,0,2462,A
4-HA,833,0,1,2516,0,2517,G
4-HA,834,0,2518,0,1,2519,T
4-HA,835,0,5,2534,0,2539,G
4-HA,836,0,1,2539,0,2540,G
4-HA,837,27,1,2526,0,2554,G
4-HA,838,2550,1,3,0,2554,A
4-HA,839,2554,0,2,0,2556,A
4-HA,840,2557,0,0,0,2557,A
4-HA,841,2545,0,6,0,2551,A
4-HA,842,2,0,2610,0,2612,G
4-HA,843,0,0,0,2609,2609,C
4-HA,844,0,2600,0,2,2602,T
4-HA,845,4,0,0,2653,2657,C
4-HA,846,2652,1,1,0,2654,A
4-HA,847,2691,0,0,0,2691,A
4-HA,848,0,2692,0,0,2692,T
4-HA,849,2729,0,1,0,2730,A
4-HA,850,2725,2,0,0,2727,A
4-HA,851,0,2681,0,0,2681,T
4-HA,852,1,1,2704,0,2706,G
4-HA,853,2677,0,7,0,2684,A
4-HA,854,0,1,2789,0,2790,G
4-HA,855,2785,0,3,1,2789,A
4-HA,856,0,2768,0,3,2771,T
4-HA,857,2,0,0,2840,2842,C
4-HA,858,2840,0,2,0,2842,A
4-HA,859,0,1,2917,0,2918,G
4-HA,860,2920,1,0,0,2921,A
4-HA,861,1,2910,0,2,2913,T
4-HA,862,2,1,2912,0,2915,G
4-HA,863,3,0,1,2880,2884,C
4-HA,864,2880,1,2,1,2884,A
4-HA,865,2,2,0,2949,2953,C
4-HA,866,2,0,1,2920,2923,C
4-HA,867,6,1,0,2924,2931,C
4-HA,868,2899,1,0,0,2900,A
4-HA,869,1,2891,0,1,2893,T
4-HA,870,0,2892,0,3,2895,T
4-HA,871,1,0,2929,1,2931,G
4-HA,872,3,0,2927,0,2930,G
4-HA,873,1,1,1,2926,2929,C
4-HA,874,2885,0,1,0,2886,A
4-HA,875,2885,0,1,0,2886,A
4-HA,876,2954,1,0,0,2955,A
4-HA,877,0,2954,0,2,2956,T
4-HA,878,0,4,2959,0,2963,G
4-HA,879,0,0,0,2968,2968,C
4-HA,880,2935,1,3,0,2939,A
4-HA,881,3017,0,1,0,3018,A
4-HA,882,1,3014,0,1,3016,T
4-HA,883,0,3045,0,0,3045,T
4-HA,884,3,1,1,3045,3050,C
4-HA,885,0,2994,0,2,2996,T
4-HA,886,1,1,3041,0,3043,G
4-HA,887,3045,0,0,0,3045,A
4-HA,888,3054,1,2,0,3057,A
4-HA,889,1,3051,0,3,3055,T
4-HA,890,2,3,3015,0,3020,G
4-HA,891,3,1,0,3037,3041,C
4-HA,892,3037,0,1,0,3038,A
4-HA,893,2,3043,0,3,3048,T
4-HA,894,4,1,0,3043,3048,C
4-HA,895,3042,0,1,0,3043,A
4-HA,896,1,0,0,3182,3183,C
4-HA,897,1,3157,0,8,3166,T
4-HA,898,4,0,0,3180,3184,C
4-HA,899,6,1,0,3161,3168,C
4-HA,900,3208,1,0,0,3209,A
4-HA,901,3202,0,1,0,3203,A
4-HA,902,3195,0,3,0,3198,A
4-HA,903,0,3092,0,1,3093,T
4-HA,904,1,6,3111,0,3118,G
4-HA,905,0,0,3120,1,3121,G
4-HA,906,3126,1,1,0,3128,A
4-HA,907,3118,0,7,0,3125,A
4-HA,908,0,1,3138,0,3139,G
4-HA,909,0,2,0,3109,3111,C
4-HA,910,3117,0,2,0,3119,A
4-HA,911,0,3135,0,1,3136,T
4-HA,912,0,3131,0,1,3132,T
4-HA,913,1,1,0,3223,3225,C
4-HA,914,2,0,1,3208,3211,C
4-HA,915,5,0,0,3216,3221,C
4-HA,916,3212,1,4,0,3217,A
4-HA,917,3300,0,1,2,3303,A
4-HA,918,1,3342,0,7,3350,T
4-HA,919,0,2,3362,0,3364,G
4-HA,920,3351,2,3,0,3356,A
4-HA,921,2,0,0,3357,3359,C
4-HA,922,3282,0,0,1,3283,A
4-HA,923,3291,0,2,0,3293,A
4-HA,924,3286,1,3,1,3291,A
4-HA,925,2,19,0,3296,3317,C
4-HA,926,7,0,0,3263,3270,C
4-HA,927,3223,1,1,0,3225,A
4-HA,928,0,3231,0,1,3232,T
4-HA,929,1,3221,0,1,3223,T
4-HA,930,2,0,1,3235,3238,C
4-HA,931,2,0,0,3232,3234,C
4-HA,932,3235,2,1,0,3238,A
4-HA,933,3231,1,2,0,3234,A
4-HA,934,3242,0,0,0,3242,A
4-HA,935,3323,0,1,2,3326,A
4-HA,936,1,3309,0,1,3311,T
4-HA,937,1,2,3338,1,3342,G
4-HA,938,0,3327,0,2,3329,T
4-HA,939,3338,0,21,0,3359,A
4-HA,940,3357,0,1,0,3358,A
4-HA,941,3351,2,5,0,3358,A
4-HA,942,1,0,0,3379,3380,C
4-HA,943,3336,0,1,0,3337,A
4-HA,944,1,5,3386,1,3393,G
4-HA,945,1,5,3413,0,3419,G
4-HA,946,3476,0,22,1,3499,A
4-HA,947,0,3509,0,1,3510,T
4-HA,948,5,1,1,3549,3556,C
4-HA,949,3567,0,3,0,3570,A
4-HA,950,4,1,1,3681,3687,C
4-HA,951,3684,0,2,0,3686,A
4-HA,952,1,3809,0,0,3810,T
4-HA,953,3715,1,2,0,3718,A
4-HA,954,2,1,0,3690,3693,C
4-HA,955,2,9,3593,0,3604,G
4-HA,956,4,5,3618,0,3627,G
4-HA,957,2,6,3608,0,3616,G
4-HA,958,0,0,3620,0,3620,G
4-HA,959,0,2,0,3531,3533,C
4-HA,960,1,0,0,3532,3533,C
4-HA,961,0,3430,1,5,3436,T
4-HA,962,1,1,3793,0,3795,G
4-HA,963,0,3796,0,5,3801,T
4-HA,964,0,1,0,3812,3813,C
4-HA,965,5,2,1,3790,3798,C
4-HA,966,8,2,0,3793,3803,C
4-HA,967,3786,1,9,1,3797,A
4-HA,968,0,2,3825,0,3827,G
4-HA,969,3813,0,3,0,3816,A
4-HA,970,0,3819,0,0,3819,T
4-HA,971,3530,0,0,0,3530,A
4-HA,972,2,3479,0,1,3482,T
4-HA,973,2,2,3490,0,3494,G
4-HA,974,0,3482,0,0,3482,T
4-HA,975,0,3439,0,3,3442,T
4-HA,976,3482,0,0,0,3482,A
4-HA,977,3446,2,1,0,3449,A
4-HA,978,0,1,3474,0,3475,G
4-HA,979,0,1,0,3477,3478,C
4-HA,980,3443,0,0,0,3443,A
4-HA,981,3436,2,4,0,3442,A
4-HA,982,3412,0,4,0,3416,A
4-HA,983,3423,2,5,1,3431,A
4-HA,984,0,1,0,3429,3430,C
4-HA,985,3388,1,4,0,3393,A
4-HA,986,3,2,0,3442,3447,C
4-HA,987,0,3395,0,2,3397,T
4-HA,988,4,1,0,3413,3418,C
4-HA,989,0,3414,0,1,3415,T
4-HA,990,1,6,3450,0,3457,G
4-HA,991,3453,1,2,0,3456,A
4-HA,992,3443,1,0,0,3444,A
4-HA,993,3397,0,49,0,3446,A
4-HA,994,0,3426,0,0,3426,T
4-HA,995,2,3400,0,0,3402,T
4-HA,996,0,7,3423,0,3430,G
4-HA,997,4,2,3429,0,3435,G
4-HA,998,0,2,0,3454,3456,C
4-HA,999,3414,1,0,0,3415,A
4-HA,1000,3433,0,0,1,3434,A
4-HA,1001,2,2,0,3436,3440,C
4-HA,1002,3426,1,0,0,3427,A
4-HA,1003,14,4,3451,0,3469,G
4-HA,1004,25,3,3414,0,3442,G
4-HA,1005,1,5,3435,0,3441,G
4-HA,1006,3436,1,7,0,3444,A
4-HA,1007,0,3422,0,3,3425,T
4-HA,1008,0,1,3429,1,3431,G
4-HA,1009,1,2,0,3430,3433,C
4-HA,1010,3,3,3428,0,3434,G
4-HA,1011,3456,0,3,1,3460,A
4-HA,1012,3404,0,1,2,3407,A
4-HA,1013,3429,0,4,1,3434,A
4-HA,1014,0,3416,0,1,3417,T
4-HA,1015,1,1,3485,0,3487,G
4-HA,1016,0,3476,0,1,3477,T
4-HA,1017,3463,0,2,1,3466,A
4-HA,1018,3,0,0,3463,3466,C
4-HA,1019,7,0,1,3440,3448,C
4-HA,1020,3392,1,2,0,3395,A
4-HA,1021,0,4,3417,0,3421,G
4-HA,1022,3348,0,3,0,3351,A
4-HA,1023,0,1,3380,0,3381,G
4-HA,1024,3305,1,2,0,3308,A
4-HA,1025,3291,0,3,2,3296,A
4-HA,1026,3311,1,3,0,3315,A
4-HA,1027,1,1,0,3317,3319,C
4-HA,1028,3249,0,3,0,3252,A
4-HA,1029,3306,1,0,1,3308,A
4-HA,1030,3287,0,3,0,3290,A
4-HA,1031,2,2,0,3311,3315,C
4-HA,1032,1,3289,0,1,3291,T
4-HA,1033,3239,1,0,0,3240,A
4-HA,1034,0,2,3254,0,3256,G
4-HA,1035,3228,1,6,0,3235,A
4-HA,1036,2,3,3292,0,3297,G
4-HA,1037,1,1,3285,1,3288,G
4-HA,1038,4,0,0,3220,3224,C
4-HA,1039,3224,0,1,0,3225,A
4-HA,1040,0,3220,1,2,3223,T
4-HA,1041,3252,0,1,1,3254,A
4-HA,1042,0,3237,1,3,3241,T
4-HA,1043,1,3225,1,0,3227,T
4-HA,1044,0,3227,0,2,3229,T
4-HA,1045,2,1,3141,0,3144,G
4-HA,1046,0,1,3148,0,3149,G
4-HA,1047,0,2,0,3136,3138,C
4-HA,1048,4,1,3136,1,3142,G
4-HA,1049,1,0,0,3127,3128,C
4-HA,1050,3110,0,0,0,3110,A
4-HA,1051,3143,0,0,0,3143,A
4-HA,1052,0,3128,1,5,3134,T
4-HA,1053,4,1,0,3145,3150,C
4-HA,1054,2,0,3150,0,3152,G
4-HA,1055,1,1,0,3135,3137,C
4-HA,1056,34,6,3098,0,3138,G
4-HA,1057,2,4,3164,0,3170,G
4-HA,1058,1,3,3188,1,3193,G
4-HA,1059,0,3182,1,1,3184,T
4-HA,1060,1,3146,0,0,3147,T
4-HA,1061,3,3131,1,2,3137,T
4-HA,1062,3,2,1,3143,3149,C
4-HA,1063,3160,0,0,0,3160,A
4-HA,1064,0,3156,0,0,3156,T
4-HA,1065,3152,0,4,0,3156,A
4-HA,1066,1,0,3192,0,3193,G
4-HA,1067,3134,0,1,0,3135,A
4-HA,1068,3156,1,1,1,3159,A
4-HA,1069,3148,0,3,1,3152,A
4-HA,1070,3175,1,0,0,3176,A
4-HA,1071,0,3171,1,0,3172,T
4-HA,1072,0,8,3203,0,3211,G
4-HA,1073,0,1,3232,0,3233,G
4-HA,1074,0,3209,0,1,3210,T
4-HA,1075,2,3156,1,1,3160,T
4-HA,1076,0,4,3161,0,3165,G
4-HA,1077,1,5,3206,0,3212,G
4-HA,1078,1,3,3230,0,3234,G
4-HA,1079,3199,0,5,0,3204,A
4-HA,1080,0,8,3223,0,3231,G
4-HA,1081,3,6,3174,0,3183,G
4-HA,1082,3,2,3241,0,3246,G
4-HA,1083,3230,0,7,0,3237,A
4-HA,1084,3285,1,1,0,3287,A
4-HA,1085,1,3281,1,1,3284,T
4-HA,1086,0,5,3259,0,3264,G
4-HA,1087,5,0,3327,1,3333,G
4-HA,1088,1,3293,1,0,3295,T
4-HA,1089,2,1,3285,0,3288,G
4-HA,1090,1,1,3270,0,3272,G
4-HA,1091,3201,0,2,0,3203,A
4-HA,1092,0,3202,1,1,3204,T
4-HA,1093,0,4,3257,0,3261,G
4-HA,1094,6,3,3283,0,3292,G
4-HA,1095,1,3260,1,2,3264,T
4-HA,1096,0,3179,0,1,3180,T
4-HA,1097,0,6,3176,0,3182,G
4-HA,1098,0,0,3234,1,3235,G
4-HA,1099,0,3228,0,1,3229,T
4-HA,1100,3226,0,1,0,3227,A
4-HA,1101,1,0,2,3042,3045,C
4-HA,1102,0,7,3062,2,3071,G
4-HA,1103,0,1,3198,0,3199,G
4-HA,1104,0,3189,1,7,3197,T
4-HA,1105,2,3195,0,1,3198,T
4-HA,1106,0,3182,2,1,3185,T
4-HA,1107,2,1,0,3143,3146,C
4-HA,1108,3132,0,5,0,3137,A
4-HA,1109,1,2,3137,0,3140,G
4-HA,1110,1,1,3132,0,3134,G
4-HA,1111,1,0,0,3136,3137,C
4-HA,1112,3019,1,1,0,3021,A
4-HA,1113,0,3068,0,3,3071,T
4-HA,1114,1,0,0,3069,3070,C
4-HA,1115,3072,0,1,0,3073,A
4-HA,1116,3077,0,1,1,3079,A
4-HA,1117,3082,0,0,1,3083,A
4-HA,1118,3090,1,1,2,3094,A
4-HA,1119,0,3092,1,1,3094,T
4-HA,1120,1,3091,1,1,3094,T
4-HA,1121,5,0,0,3104,3109,C
4-HA,1122,0,3087,1,1,3089,T
4-HA,1123,0,2,3098,0,3100,G
4-HA,1124,3095,0,3,0,3098,A
4-HA,1125,6,8,3104,0,3118,G
4-HA,1126,0,9,3108,1,3118,G
4-HA,1127,2,3,3138,0,3143,G
4-HA,1128,3138,1,1,0,3140,A
4-HA,1129,3123,1,2,1,3127,A
4-HA,1130,0,0,3108,0,3108,G
4-HA,1131,3149,0,5,0,3154,A
4-HA,1132,2,3,3178,0,3183,G
4-HA,1133,1,1,3197,0,3199,G
4-HA,1134,3181,0,3,0,3184,A
4-HA,1135,5,4,0,3171,3180,C
4-HA,1136,3149,1,5,2,3157,A
4-HA,1137,3157,2,4,0,3163,A
4-HA,1138,1,0,3163,1,3165,G
4-HA,1139,0,0,0,3169,3169,C
4-HA,1140,3128,1,3,0,3132,A
4-HA,1141,0,1,3130,0,3131,G
4-HA,1142,0,0,1,3124,3125,C
4-HA,1143,3110,0,3,0,3113,A
4-HA,1144,0,1,3143,0,3144,G
4-HA,1145,3118,0,1,0,3119,A
4-HA,1146,0,3205,0,0,3205,T
4-HA,1147,2,0,0,3211,3213,C
4-HA,1148,0,3183,0,3,3186,T
4-HA,1149,1,0,0,3218,3219,C
4-HA,1150,3204,1,1,0,3206,A
4-HA,1151,3211,0,5,0,3216,A
4-HA,1152,3211,1,1,0,3213,A
4-HA,1153,3141,0,7,0,3148,A
4-HA,1154,0,0,3155,0,3155,G
4-HA,1155,2,0,0,3087,3089,C
4-HA,1156,3071,0,0,1,3072,A
4-HA,1157,0,0,0,3149,3149,C
4-HA,1158,0,3118,0,2,3120,T
4-HA,1159,4,1,0,3119,3124,C
4-HA,1160,3125,0,1,0,3126,A
4-HA,1161,3183,0,4,0,3187,A
4-HA,1162,0,0,3195,0,3195,G
4-HA,1163,2,0,0,3182,3184,C
4-HA,1164,3159,0,1,0,3160,A
4-HA,1165,2,0,3168,0,3170,G
4-HA,1166,1,2,0,3128,3131,C
4-HA,1167,3117,1,1,0,3119,A
4-HA,1168,3114,0,0,0,3114,A
4-HA,1169,1,3102,1,0,3104,T
4-HA,1170,1,0,0,3020,3021,C
4-HA,1171,1,2,3035,0,3038,G
4-HA,1172,3037,1,0,0,3038,A
4-HA,1173,0,3028,0,4,3032,T
4-HA,1174,4,1,0,3015,3020,C
4-HA,1175,3022,0,0,0,3022,A
4-HA,1176,3075,1,4,0,3080,A
4-HA,1177,3085,0,1,0,3086,A
4-HA,1178,0,3081,0,3,3084,T
4-HA,1179,3,1,1,3086,3091,C
4-HA,1180,3057,0,9,1,3067,A
4-HA,1181,3094,0,0,0,3094,A
4-HA,1182,0,3085,0,3,3088,T
4-HA,1183,0,11,3091,0,3102,G
4-HA,1184,0,3,3089,1,3093,G
4-HA,1185,0,1,3064,0,3065,G
4-HA,1186,3071,0,1,0,3072,A
4-HA,1187,3070,0,5,0,3075,A
4-HA,1188,0,0,3118,0,3118,G
4-HA,1189,2,1,0,3123,3126,C
4-HA,1190,1,3086,0,5,3092,T
4-HA,1191,2,3,3244,0,3249,G
4-HA,1192,3245,0,4,0,3249,A
4-HA,1193,3244,1,4,0,3249,A
4-HA,1194,0,3251,0,1,3252,T
4-HA,1195,3165,0,0,0,3165,A
4-HA,1196,0,2,3159,0,3161,G
4-HA,1197,2938,2,2,0,2942,A
4-HA,1198,0,2960,0,7,2967,T
4-HA,1199,3,2966,0,1,2970,T
4-HA,1200,0,3,2982,0,2985,G
4-HA,1201,2976,0,0,0,2976,A
4-HA,1202,1,2964,0,0,2965,T
4-HA,1203,4,0,0,2967,2971,C
4-HA,1204,2,1,2970,0,2973,G
4-HA,1205,0,3,2968,1,2972,G
4-HA,1206,2,0,2977,0,2979,G
4-HA,1207,2975,0,1,0,2976,A
4-HA,1208,2972,0,7,0,2979,A
4-HA,1209,2959,0,4,1,2964,A
4-HA,1210,2978,2,2,0,2982,A
4-HA,1211,0,0,0,2980,2980,C
4-HA,1212,2,0,0,2978,2980,C
4-HA,1213,2956,0,2,0,2958,A
4-HA,1214,2951,0,4,0,2955,A
4-HA,1215,0,1,0,2954,2955,C
4-HA,1216,0,0,2967,0,2967,G
4-HA,1217,2961,0,2,0,2963,A
4-HA,1218,1,3,2959,0,2963,G
4-HA,1219,2956,1,3,0,2960,A
4-HA,1220,2956,0,0,0,2956,A
4-HA,1221,2952,1,2,0,2955,A
4-HA,1222,0,2966,1,1,2968,T
4-HA,1223,0,2965,0,2,2967,T
4-HA,1224,0,1,0,2976,2977,C
4-HA,1225,1,0,0,2970,2971,C
4-HA,1226,2976,0,1,2,2979,A
4-HA,1227,2,2970,0,1,2973,T
4-HA,1228,2,0,1,2966,2969,C
4-HA,1229,2958,0,1,0,2959,A
4-HA,1230,0,1,2976,0,2977,G
4-HA,1231,2953,0,1,0,2954,A
4-HA,1232,0,2959,0,1,2960,T
4-HA,1233,0,2938,0,1,2939,T
4-HA,1234,0,3,2960,0,2963,G
4-HA,1235,2967,0,1,0,2968,A
4-HA,1236,2964,0,1,0,2965,A
4-HA,1237,2968,0,1,0,2969,A
4-HA,1238,2971,0,1,0,2972,A
4-HA,1239,2937,0,2,0,2939,A
4-HA,1240,0,1,2948,0,2949,G
4-HA,1241,2929,0,9,0,2938,A
4-HA,1242,2941,0,2,0,2943,A
4-HA,1243,0,2902,1,0,2903,T
4-HA,1244,0,2918,0,2,2920,T
4-HA,1245,6,0,0,2916,2922,C
4-HA,1246,1,2919,0,0,2920,T
4-HA,1247,0,0,0,2917,2917,C
4-HA,1248,2916,1,2,1,2920,A
4-HA,1249,0,1,2916,0,2917,G
4-HA,1250,2916,0,1,1,2918,A
4-HA,1251,2907,0,3,0,2910,A
4-HA,1252,1,0,2936,0,2937,G
4-HA,1253,0,2919,1,6,2926,T
4-HA,1254,3,1,0,2914,2918,C
4-HA,1255,1,3,2912,0,2916,G
4-HA,1256,2911,0,1,1,2913,A
4-HA,1257,2910,0,3,0,2913,A
4-HA,1258,1,9,2907,0,2917,G
4-HA,1259,0,3,2929,0,2932,G
4-HA,1260,0,1,2940,1,2942,G
4-HA,1261,2892,0,12,0,2904,A
4-HA,1262,1,1,2928,0,2930,G
4-HA,1263,2919,0,4,0,2923,A
4-HA,1264,3099,0,2,1,3102,A
4-HA,1265,0,3096,0,6,3102,T
4-HA,1266,0,3092,0,2,3094,T
4-HA,1267,3,0,0,3093,3096,C
4-HA,1268,3030,2,4,0,3036,A
4-HA,1269,1,3,3034,2,3040,G
4-HA,1270,9,2,3026,0,3037,G
4-HA,1271,3042,1,3,0,3046,A
4-HA,1272,3,0,0,3054,3057,C
4-HA,1273,1,0,0,2844,2845,C
4-HA,1274,0,2829,1,5,2835,T
4-HA,1275,1,2812,0,37,2850,T
4-HA,1276,0,3,2869,0,2872,G
4-HA,1277,2855,1,9,0,2865,A
4-HA,1278,0,3,2936,0,2939,G
4-HA,1279,2918,1,2,0,2921,A
4-HA,1280,2850,1,1,0,2852,A
4-HA,1281,2847,0,4,0,2851,A
4-HA,1282,0,2822,0,1,2823,T
4-HA,1283,2918,0,2,0,2920,A
4-HA,1284,0,2918,0,2,2920,T
4-HA,1285,1,1,2957,0,2959,G
4-HA,1286,1,2945,1,6,2953,T
4-HA,1287,2,2875,0,0,2877,T
4-HA,1288,1,1,2878,1,2881,G
4-HA,1289,2848,2,1,0,2851,A
4-HA,1290,0,6,2872,0,2878,G
4-HA,1291,0,2,2860,0,2862,G
4-HA,1292,2813,1,3,0,2817,A
4-HA,1293,6,0,1,2933,2940,C
4-HA,1294,2883,0,1,0,2884,A
4-HA,1295,2,1,0,2878,2881,C
4-HA,1296,0,2864,0,4,2868,T
4-HA,1297,3007,1,1,0,3009,A
4-HA,1298,3050,2,0,0,3052,A
4-HA,1299,3061,0,1,0,3062,A
4-HA,1300,3080,0,5,0,3085,A
4-HA,1301,0,3089,0,0,3089,T
4-HA,1302,2957,1,1,0,2959,A
4-HA,1303,0,5,2963,0,2968,G
4-HA,1304,2908,1,2,1,2912,A
4-HA,1305,2,2927,0,3,2932,T
4-HA,1306,1,0,1,2934,2936,C
4-HA,1307,0,2888,0,2,2890,T
4-HA,1308,3,1,0,2964,2968,C
4-HA,1309,1,2964,0,0,2965,T
4-HA,1310,0,2,3026,0,3028,G
4-HA,1311,0,4,3107,0,3111,G
4-HA,1312,0,3090,0,1,3091,T
4-HA,1313,2,0,0,3094,3096,C
4-HA,1314,3118,1,1,0,3120,A
4-HA,1315,2,3124,0,3,3129,T
4-HA,1316,3127,1,1,0,3129,A
4-HA,1317,1,0,0,3125,3126,C
4-HA,1318,3041,1,1,0,3043,A
4-HA,1319,3062,0,3,0,3065,A
4-HA,1320,2,0,0,2989,2991,C
4-HA,1321,1,1,2989,0,2991,G
4-HA,1322,1,0,0,2992,2993,C
4-HA,1323,3,3,2974,1,2981,G
4-HA,1324,0,4,2995,0,2999,G
4-HA,1325,2994,0,3,0,2997,A
4-HA,1326,0,1,3042,0,3043,G
4-HA,1327,0,1,0,3041,3042,C
4-HA,1328,0,3024,1,2,3027,T
4-HA,1329,1,3031,0,4,3036,T
4-HA,1330,4,1,0,3037,3042,C
4-HA,1331,0,3068,0,4,3072,T
4-HA,1332,0,3070,1,1,3072,T
4-HA,1333,3,2,3067,0,3072,G
4-HA,1334,1,3056,0,6,3063,T
4-HA,1335,1,3011,0,1,3013,T
4-HA,1336,1,1,3068,0,3070,G
4-HA,1337,2,0,0,3057,3059,C
4-HA,1338,6,0,0,3037,3043,C
4-HA,1339,3,2,0,3071,3076,C
4-HA,1340,0,3063,2,3,3068,T
4-HA,1341,1,0,3100,0,3101,G
4-HA,1342,0,3,3102,0,3105,G
4-HA,1343,3092,1,2,1,3096,A
4-HA,1344,0,1,3121,0,3122,G
4-HA,1345,3065,1,3,4,3073,A
4-HA,1346,3076,0,5,1,3082,A
4-HA,1347,3,3,0,3120,3126,C
4-HA,1348,8,0,0,3117,3125,C
4-HA,1349,3116,0,3,1,3120,A
4-HA,1350,3235,1,3,0,3239,A
4-HA,1351,2,0,0,3251,3253,C
4-HA,1352,3275,0,2,0,3277,A
4-HA,1353,0,3265,1,1,3267,T
4-HA,1354,3261,0,0,0,3261,A
4-HA,1355,3,0,0,3317,3320,C
4-HA,1356,3256,0,2,1,3259,A
4-HA,1357,3254,1,0,2,3257,A
4-HA,1358,0,3243,1,2,3246,T
4-HA,1359,0,3113,2,0,3115,T
4-HA,1360,1,2,3170,0,3173,G
4-HA,1361,3185,0,0,1,3186,A
4-HA,1362,1,3184,1,3,3189,T
4-HA,1363,2,2,0,3199,3203,C
4-HA,1364,0,3127,0,3,3130,T
4-HA,1365,3171,0,0,0,3171,A
4-HA,1366,3170,0,0,1,3171,A
4-HA,1367,2,1,0,3170,3173,C
4-HA,1368,0,3141,0,3,3144,T
4-HA,1369,2,5,3115,0,3122,G
4-HA,1370,3146,0,3,0,3149,A
4-HA,1371,1,0,0,3143,3144,C
4-HA,1372,1,3132,0,4,3137,T
4-HA,1373,7,0,1,3138,3146,C
4-HA,1374,3130,0,3,0,3133,A
4-HA,1375,0,3,3194,0,3197,G
4-HA,1376,3188,1,1,0,3190,A
4-HA,1377,3184,1,3,1,3189,A
4-HA,1378,3186,0,0,1,3187,A
4-HA,1379,0,3154,0,1,3155,T
4-HA,1380,0,5,3193,0,3198,G
4-HA,1381,3193,2,7,0,3202,A
4-HA,1382,3198,0,4,0,3202,A
4-HA,1383,1,1,0,3199,3201,C
4-HA,1384,3157,0,0,0,3157,A
4-HA,1385,3160,0,1,1,3162,A
4-HA,1386,3158,1,1,1,3161,A
4-HA,1387,0,1,0,3168,3169,C
4-HA,1388,0,3146,0,1,3147,T
4-HA,1389,1,1,3164,0,3166,G
4-HA,1390,1,3127,0,5,3133,T
4-HA,1391,1,3122,0,3,3126,T
4-HA,1392,0,3137,0,2,3139,T
4-HA,1393,1,4,3137,1,3143,G
4-HA,1394,3139,0,3,0,3142,A
4-HA,1395,3141,2,2,0,3145,A
4-HA,1396,3134,1,0,0,3135,A
4-HA,1397,3135,0,1,0,3136,A
4-HA,1398,3116,2,1,0,3119,A
4-HA,1399,3128,1,2,1,3132,A
4-HA,1400,0,1,0,3136,3137,C
4-HA,1401,3135,1,0,0,3136,A
4-HA,1402,3140,1,1,0,3142,A
4-HA,1403,3141,0,3,0,3144,A
4-HA,1404,0,1,3161,0,3162,G
4-HA,1405,3167,0,3,0,3170,A
4-HA,1406,3157,0,5,0,3162,A
4-HA,1407,0,1,3166,0,3167,G
4-HA,1408,0,3,1,3162,3166,C
4-HA,1409,3162,1,3,0,3166,A
4-HA,1410,3177,0,2,0,3179,A
4-HA,1411,0,0,1,3187,3188,C
4-HA,1412,1,3179,0,0,3180,T
4-HA,1413,0,3,3185,0,3188,G
4-HA,1414,3171,1,2,0,3174,A
4-HA,1415,3,6,3181,0,3190,G
4-HA,1416,0,5,3196,0,3201,G
4-HA,1417,0,3,3192,0,3195,G
4-HA,1418,3188,0,4,0,3192,A
4-HA,1419,3173,0,2,0,3175,A
4-HA,1420,3169,1,2,0,3172,A
4-HA,1421,3223,0,0,0,3223,A
4-HA,1422,1,3212,0,0,3213,T
4-HA,1423,0,1,3233,0,3234,G
4-HA,1424,1,1,0,3229,3231,C
4-HA,1425,0,3193,0,3,3196,T
4-HA,1426,0,2,3211,0,3213,G
4-HA,1427,3205,1,0,0,3206,A
4-HA,1428,0,3,3374,0,3377,G
4-HA,1429,0,1,3440,0,3441,G
4-HA,1430,3392,1,2,0,3395,A
4-HA,1431,2,3399,0,1,3402,T
4-HA,1432,3382,0,4,0,3386,A
4-HA,1433,1,3373,0,1,3375,T
4-HA,1434,1,7,3413,0,3421,G
4-HA,1435,81,1,3348,0,3430,G
4-HA,1436,2,3,3427,0,3432,G
4-HA,1437,3,1,0,3280,3284,C
4-HA,1438,3174,2,2,0,3178,A
4-HA,1439,3178,0,3,0,3181,A
4-HA,1440,1,3165,0,1,3167,T
4-HA,1441,3,5,3172,0,3180,G
4-HA,1442,0,2,3173,0,3175,G
4-HA,1443,0,3131,1,0,3132,T
4-HA,1444,1,3070,0,1,3072,T
4-HA,1445,1,5,3087,0,3093,G
4-HA,1446,0,3113,1,2,3116,T
4-HA,1447,0,3103,0,5,3108,T
4-HA,1448,0,3113,0,2,3115,T
4-HA,1449,3,0,1,3112,3116,C
4-HA,1450,3112,1,0,1,3114,A
4-HA,1451,3122,1,0,0,3123,A
4-HA,1452,3079,0,47,0,3126,A
4-HA,1453,3162,0,2,1,3165,A
4-HA,1454,0,3153,0,1,3154,T
4-HA,1455,3133,1,0,0,3134,A
4-HA,1456,0,3145,1,1,3147,T
4-HA,1457,3124,0,0,0,3124,A
4-HA,1458,0,0,0,3153,3153,C
4-HA,1459,8,4,0,3127,3139,C
4-HA,1460,3111,1,10,6,3128,A
4-HA,1461,0,2,0,3145,3147,C
4-HA,1462,3118,0,1,0,3119,A
4-HA,1463,3124,0,1,0,3125,A
4-HA,1464,3130,0,1,0,3131,A
4-HA,1465,0,3141,0,1,3142,T
4-HA,1466,1,4,3159,0,3164,G
4-HA,1467,3,3121,0,2,3126,T
4-HA,1468,1,2,3153,0,3156,G
4-HA,1469,3151,0,6,0,3157,A
4-HA,1470,1,2,2,3146,3151,C
4-HA,1471,3104,0,1,0,3105,A
4-HA,1472,3102,2,1,0,3105,A
4-HA,1473,0,3153,0,0,3153,T
4-HA,1474,1,0,3180,1,3182,G
4-HA,1475,1,39,0,3127,3167,C
4-HA,1476,0,2,1,3159,3162,C
4-HA,1477,2,3145,1,3,3151,T
4-HA,1478,2,2,3273,1,3278,G
4-HA,1479,1,0,0,3284,3285,C
4-HA,1480,3286,1,1,0,3288,A
4-HA,1481,0,3285,0,1,3286,T
4-HA,1482,3175,1,4,1,3181,A
4-HA,1483,1,3,3194,1,3199,G
4-HA,1484,1,5,3174,0,3180,G
4-HA,1485,3169,0,7,0,3176,A
4-HA,1486,1,3164,0,2,3167,T
4-HA,1487,3,0,0,3014,3017,C
4-HA,1488,3005,0,0,0,3005,A
4-HA,1489,3013,0,0,1,3014,A
4-HA,1490,0,3009,0,1,3010,T
4-HA,1491,2,0,0,3005,3007,C
4-HA,1492,2948,1,0,0,2949,A
4-HA,1493,0,2,2970,0,2972,G
4-HA,1494,2974,0,1,0,2975,A
4-HA,1495,2978,1,0,0,2979,A
4-HA,1496,2969,0,0,1,2970,A
4-HA,1497,0,2962,0,2,2964,T
4-HA,1498,0,2,2938,1,2941,G
4-HA,1499,2,2,2955,0,2959,G
4-HA,1500,2948,0,3,0,2951,A
4-HA,1501,2964,0,4,0,2968,A
4-HA,1502,1,1,0,2958,2960,C
4-HA,1503,0,2924,0,16,2940,T
4-HA,1504,0,2958,0,1,2959,T
4-HA,1505,2955,0,0,0,2955,A
4-HA,1506,1,2946,0,3,2950,T
4-HA,1507,1,1,2953,0,2955,G
4-HA,1508,2959,0,3,0,2962,A
4-HA,1509,1,0,0,2956,2957,C
4-HA,1510,8,1,0,2905,2914,C
4-HA,1511,2913,0,2,0,2915,A
4-HA,1512,3,2,0,2982,2987,C
4-HA,1513,1,3,3069,0,3073,G
4-HA,1514,3130,2,3,0,3135,A
4-HA,1515,0,3166,0,1,3167,T
4-HA,1516,1,3,3294,0,3298,G
4-HA,1517,1,3274,0,5,3280,T
4-HA,1518,3413,1,1,0,3415,A
4-HA,1519,0,3408,0,1,3409,T
4-HA,1520,3400,1,1,0,3402,A
4-HA,1521,1,0,0,3403,3404,C
4-HA,1522,3052,0,1,0,3053,A
4-HA,1523,1,1,3067,0,3069,G
4-HA,1524,2900,0,1,0,2901,A
4-HA,1525,0,4,2808,1,2813,G
4-HA,1526,2794,0,3,0,2797,A
4-HA,1527,0,2558,0,1,2559,T
4-HA,1528,0,1,2555,0,2556,G
4-HA,1529,2548,1,1,0,2550,A
4-HA,1530,2538,0,3,0,2541,A
4-HA,1531,1,1,2601,0,2603,G
4-HA,1532,0,1,0,2523,2524,C
4-HA,1533,2517,0,0,0,2517,A
4-HA,1534,0,2503,1,0,2504,T
4-HA,1535,0,2498,0,0,2498,T
4-HA,1536,2506,0,0,0,2506,A
4-HA,1537,2506,0,0,0,2506,A
4-HA,1538,2505,0,4,0,2509,A
4-HA,1539,3,0,0,2508,2511,C
4-HA,1540,2393,1,0,0,2394,A
4-HA,1541,2389,0,1,0,2390,A
4-HA,1542,0,2360,0,6,2366,T
4-HA,1543,1,1,0,2381,2383,C
4-HA,1544,0,3,2378,1,2382,G
4-HA,1545,1,3,2413,0,2417,G
4-HA,1546,0,2417,0,1,2418,T
4-HA,1547,0,2413,0,2,2415,T
4-HA,1548,0,2383,1,3,2387,T
4-HA,1549,0,0,0,2405,2405,C
4-HA,1550,2405,1,2,0,2408,A
4-HA,1551,2,0,2438,0,2440,G
4-HA,1552,2433,0,1,0,2434,A
4-HA,1553,0,2428,0,0,2428,T
4-HA,1554,2,0,0,2345,2347,C
4-HA,1555,2341,0,1,0,2342,A
4-HA,1556,2351,0,0,0,2351,A
4-HA,1557,1,3,2343,0,2347,G
4-HA,1558,0,3,2344,0,2347,G
4-HA,1559,0,2,2348,0,2350,G
4-HA,1560,2255,0,1,1,2257,A
4-HA,1561,0,0,2282,0,2282,G
4-HA,1562,0,2274,1,6,2281,T
4-HA,1563,0,2276,1,1,2278,T
4-HA,1564,0,2,2299,0,2301,G
4-HA,1565,2273,0,1,0,2274,A
4-HA,1566,0,0,2282,0,2282,G
4-HA,1567,3,0,0,2276,2279,C
4-HA,1568,0,2250,0,2,2252,T
4-HA,1569,1,0,2257,0,2258,G
4-HA,1570,2248,0,0,0,2248,A
4-HA,1571,2262,0,3,1,2266,A
4-HA,1572,0,1,2262,0,2263,G
4-HA,1573,0,2203,0,1,2204,T
4-HA,1574,1,0,0,2205,2206,C
4-HA,1575,2179,0,2,1,2182,A
4-HA,1576,0,2,2175,0,2177,G
4-HA,1577,0,4,2171,0,2175,G
4-HA,1578,0,1,2115,0,2116,G
4-HA,1579,0,2171,0,3,2174,T
4-HA,1580,2169,0,3,0,2172,A
4-HA,1581,1,0,0,2179,2180,C
4-HA,1582,2166,0,0,0,2166,A
4-HA,1583,2163,0,1,1,2165,A
4-HA,1584,2156,0,2,1,2159,A
4-HA,1585,0,1,2172,1,2174,G
4-HA,1586,2114,0,1,0,2115,A
4-HA,1587,1,2039,0,1,2041,T
4-HA,1588,1,2014,0,2,2017,T
4-HA,1589,0,0,2007,0,2007,G
4-HA,1590,0,1,2012,1,2014,G
4-HA,1591,2018,0,1,0,2019,A
4-HA,1592,0,1995,0,24,2019,T
4-HA,1593,1,0,0,2013,2014,C
4-HA,1594,4,1,1,1969,1975,C
4-HA,1595,1,1955,0,0,1956,T
4-HA,1596,1964,1,0,0,1965,A
4-HA,1597,0,1967,0,0,1967,T
4-HA,1598,1,1,1964,0,1966,G
4-HA,1599,0,3,1962,0,1965,G
4-HA,1600,1925,1,0,0,1926,A
4-HA,1601,0,1915,0,0,1915,T
4-HA,1602,1,1904,0,0,1905,T
4-HA,1603,2,1889,0,5,1896,T
4-HA,1604,0,0,0,1904,1904,C
4-HA,1605,2,1,0,1896,1899,C
4-HA,1606,0,1875,0,0,1875,T
4-HA,1607,0,1872,0,2,1874,T
4-HA,1608,0,1862,1,0,1863,T
4-HA,1609,0,1,1877,0,1878,G
4-HA,1610,0,0,0,1871,1871,C
4-HA,1611,4,0,0,1866,1870,C
4-HA,1612,1828,0,0,0,1828,A
4-HA,1613,0,1809,1,3,1813,T
4-HA,1614,1826,0,1,0,1827,A
4-HA,1615,1,1822,1,2,1826,T
4-HA,1616,4,1,0,1811,1816,C
4-HA,1617,1808,0,3,0,1811,A
4-HA,1618,0,1780,1,2,1783,T
4-HA,1619,1,1,1785,0,1787,G
4-HA,1620,1,1777,0,1,1779,T
4-HA,1621,0,1751,0,1,1752,T
4-HA,1622,0,1750,0,4,1754,T
4-HA,1623,0,1706,0,0,1706,T
4-HA,1624,0,1703,0,1,1704,T
4-HA,1625,0,1703,0,0,1703,T
4-HA,1626,0,0,1710,0,1710,G
4-HA,1627,0,0,0,1711,1711,C
4-HA,1628,0,1648,0,19,1667,T
4-HA,1629,0,1669,0,1,1670,T
4-HA,1630,1,1660,0,0,1661,T
4-HA,1631,0,0,1697,0,1697,G
4-HA,1632,0,1697,0,1,1698,T
4-HA,1633,0,0,1695,1,1696,G
4-HA,1634,0,1694,0,2,1696,T
4-HA,1635,0,1648,0,0,1648,T
4-HA,1636,0,0,1659,0,1659,G
4-HA,1637,1,2,0,1652,1655,C
4-HA,1638,0,1630,0,7,1637,T
4-HA,1639,0,1642,0,1,1643,T
4-HA,1640,1,1543,0,1,1545,T
4-HA,1641,0,4,1549,0,1553,G
4-HA,1642,0,1547,0,1,1548,T
4-HA,1643,0,1544,0,1,1545,T
4-HA,1644,0,3,1536,0,1539,G
4-HA,1645,1,2,1505,0,1508,G
4-HA,1646,0,0,1513,0,1513,G
4-HA,1647,0,2,1520,0,1522,G
4-HA,1648,0,1479,0,0,1479,T
4-HA,1649,1,1466,0,0,1467,T
4-HA,1650,29,0,0,1419,1448,C
4-HA,1651,1421,0,0,0,1421,A
4-HA,1652,0,1421,0,3,1424,T
4-HA,1653,2,0,0,1405,1407,C
4-HA,1654,1399,0,2,0,1401,A
4-HA,1655,0,1343,0,1,1344,T
4-HA,1656,0,1,1330,0,1331,G
4-HA,1657,0,1291,0,2,1293,T
4-HA,1658,1,2,1275,0,1278,G
4-HA,1659,0,1,1243,0,1244,G
4-HA,1660,0,0,1231,0,1231,G
4-HA,1661,0,0,0,1205,1205,C
4-HA,1662,3,0,0,1165,1168,C
4-HA,1663,0,1094,0,3,1097,T
4-HA,1664,0,1,1099,0,1100,G
4-HA,1665,2,0,0,1093,1095,C
4-HA,1666,1,1,0,1095,1097,C
4-HA,1667,1094,0,0,0,1094,A
4-HA,1668,1089,1,0,0,1090,A
4-HA,1669,1088,0,0,0,1088,A
4-HA,1670,1085,0,0,0,1085,A
4-HA,1671,1082,0,3,0,1085,A
4-HA,1672,1,2,1083,0,1086,G
4-HA,1673,0,2,1046,0,1048,G
4-HA,1674,0,0,0,1028,1028,C
4-HA,1675,1024,0,2,0,1026,A
4-HA,1676,1030,0,1,0,1031,A
4-HA,1677,0,1,0,1031,1032,C
4-HA,1678,1026,0,1,0,1027,A
4-HA,1679,0,1026,0,0,1026,T
4-HA,1680,0,1017,0,1,1018,T
4-HA,1681,980,0,1,0,981,A
4-HA,1682,0,0,972,0,972,G
4-HA,1683,1,0,973,0,974,G
4-HA,1684,0,929,0,0,929,T
4-HA,1685,0,1,858,0,859,G
4-HA,1686,0,1,0,819,820,C
4-HA,1687,801,0,0,0,801,A
4-HA,1688,801,0,0,0,801,A
4-HA,1689,3,0,0,796,799,C
4-HA,1690,789,0,0,0,789,A
4-HA,1691,0,772,0,0,772,T
4-HA,1692,0,735,0,1,736,T
4-HA,1693,0,737,0,0,737,T
4-HA,1694,0,0,736,0,736,G
4-HA,1695,0,0,0,719,719,C
4-HA,1696,719,0,1,0,720,A
4-HA,1697,1,677,1,1,680,T
4-HA,1698,0,658,0,1,659,T
4-HA,1699,1,637,0,0,638,T
4-HA,1700,0,0,640,0,640,G
4-HA,1701,605,0,0,0,605,A
5-NP,1,553,0,0,0,553,A
5-NP,2,0,557,0,0,557,T
5-NP,3,0,0,551,0,551,G
5-NP,4,0,0,558,0,558,G
5-NP,5,0,0,0,564,564,C
5-NP,6,0,1,582,0,583,G
5-NP,7,0,619,0,1,620,T
5-NP,8,1,0,0,635,636,C
5-NP,9,0,0,0,639,639,C
5-NP,10,3,0,0,639,642,C
5-NP,11,641,1,1,0,643,A
5-NP,12,645,0,1,0,646,A
5-NP,13,0,0,655,0,655,G
5-NP,14,0,1,684,0,685,G
5-NP,15,0,0,0,685,685,C
5-NP,16,687,0,0,0,687,A
5-NP,17,0,0,0,696,696,C
5-NP,18,1,0,0,693,694,C
5-NP,19,701,0,0,0,701,A
5-NP,20,700,0,0,0,700,A
5-NP,21,698,0,1,0,699,A
5-NP,22,0,0,0,702,702,C
5-NP,23,0,1,703,0,704,G
5-NP,24,0,2,771,0,773,G
5-NP,25,0,770,0,1,771,T
5-NP,26,1,1,0,830,832,C
5-NP,27,0,834,0,1,835,T
5-NP,28,0,848,0,0,848,T
5-NP,29,851,0,0,0,851,A
5-NP,30,0,850,0,1,851,T
5-NP,31,0,1,864,0,865,G
5-NP,32,863,0,0,0,863,A
5-NP,33,848,0,0,0,848,A
5-NP,34,0,0,0,849,849,C
5-NP,35,829,0,1,0,830,A
5-NP,36,0,1,885,0,886,G
5-NP,37,880,0,0,0,880,A
5-NP,38,0,884,0,1,885,T
5-NP,39,0,0,886,0,886,G
5-NP,40,0,2,893,0,895,G
5-NP,41,899,1,1,0,901,A
5-NP,42,914,0,0,0,914,A
5-NP,43,914,0,3,0,917,A
5-NP,44,1,0,0,944,945,C
5-NP,45,0,924,0,1,925,T
5-NP,46,0,0,939,0,939,G
5-NP,47,937,0,1,0,938,A
5-NP,48,0,933,0,2,935,T
5-NP,49,0,0,936,0,936,G
5-NP,50,0,3,937,0,940,G
5-NP,51,0,3,939,0,942,G
5-NP,52,0,1,947,0,948,G
5-NP,53,940,1,2,0,943,A
5-NP,54,0,946,0,0,946,T
5-NP,55,0,0,0,941,941,C
5-NP,56,0,1,946,0,947,G
5-NP,57,0,0,0,963,963,C
5-NP,58,1,0,0,961,962,C
5-NP,59,961,0,1,0,962,A
5-NP,60,0,0,980,0,980,G
5-NP,61,979,0,0,0,979,A
5-NP,62,984,0,1,0,985,A
5-NP,63,0,987,0,0,987,T
5-NP,64,0,1,984,0,985,G
5-NP,65,0,0,0,991,991,C
5-NP,66,979,0,1,0,980,A
5-NP,67,1000,0,1,0,1001,A
5-NP,68,0,0,0,1001,1001,C
5-NP,69,0,996,0,0,996,T
5-NP,70,0,2,1003,0,1005,G
5-NP,71,1017,0,2,0,1019,A
5-NP,72,0,0,1071,0,1071,G
5-NP,73,1065,0,0,0,1065,A
5-NP,74,0,1060,0,0,1060,T
5-NP,75,0,1062,0,1,1063,T
5-NP,76,1059,0,1,0,1060,A
5-NP,77,0,2,1068,0,1070,G
5-NP,78,0,1,1066,0,1067,G
5-NP,79,2,2,1062,0,1066,G
5-NP,80,0,0,0,1051,1051,C
5-NP,81,1040,0,1,0,1041,A
5-NP,82,0,1044,0,1,1045,T
5-NP,83,0,0,0,1047,1047,C
5-NP,84,0,0,0,1049,1049,C
5-NP,85,0,0,1054,1,1055,G
5-NP,86,1,1049,0,2,1052,T
5-NP,87,2,0,0,1054,1056,C
5-NP,88,0,0,1056,0,1056,G
5-NP,89,0,0,1053,0,1053,G
5-NP,90,1,2,1056,0,1059,G
5-NP,91,1049,0,2,0,1051,A
5-NP,92,1051,0,0,0,1051,A
5-NP,93,0,0,1069,0,1069,G
5-NP,94,1057,0,1,3,1061,A
5-NP,95,0,1061,0,0,1061,T
5-NP,96,0,0,1067,0,1067,G
5-NP,97,1067,0,0,0,1067,A
5-NP,98,0,1069,0,0,1069,T
5-NP,99,0,1063,0,0,1063,T
5-NP,100,0,0,1061,0,1061,G
5-NP,101,1057,1,1,0,1059,A
5-NP,102,0,1057,1,0,1058,T
5-NP,103,0,6,1048,0,1054,G
5-NP,104,0,2,1043,0,1045,G
5-NP,105,0,1,1037,0,1038,G
5-NP,106,1123,0,0,0,1123,A
5-NP,107,0,1125,0,0,1125,T
5-NP,108,0,1127,0,1,1128,T
5-NP,109,0,1,1135,1,1137,G
5-NP,110,1,1,1127,0,1129,G
5-NP,111,0,0,1135,0,1135,G
5-NP,112,1132,0,3,0,1135,A
5-NP,113,1,2,1124,0,1127,G
5-NP,114,1122,1,1,0,1124,A
5-NP,115,0,1155,0,0,1155,T
5-NP,116,0,1153,0,0,1153,T
5-NP,117,0,0,0,1156,1156,C
5-NP,118,0,1154,0,0,1154,T
5-NP,119,1179,0,0,0,1179,A
5-NP,120,1,1,0,1179,1181,C
5-NP,121,1204,1,0,0,1205,A
5-NP,122,0,1219,0,0,1219,T
5-NP,123,1,0,0,1210,1211,C
5-NP,124,1,0,0,1203,1204,C
5-NP,125,1205,0,0,0,1205,A
5-NP,126,1225,0,0,0,1225,A
5-NP,127,1224,0,0,1,1225,A
5-NP,128,0,1218,0,0,1218,T
5-NP,129,1,0,1224,0,1225,G
5-NP,130,1,1210,0,0,1211,T
5-NP,131,0,0,1221,0,1221,G
5-NP,132,0,0,0,1221,1221,C
5-NP,133,1217,2,0,0,1219,A
5-NP,134,0,0,0,1218,1218,C
5-NP,135,0,1204,0,1,1205,T
5-NP,136,0,2,1257,0,1259,G
5-NP,137,1272,0,0,0,1272,A
5-NP,138,1289,0,2,0,1291,A
5-NP,139,0,0,0,1302,1302,C
5-NP,140,0,1295,0,0,1295,T
5-NP,141,1,1299,0,0,1300,T
5-NP,142,1299,0,0,0,1299,A
5-NP,143,1293,1,2,0,1296,A
5-NP,144,1311,0,1,0,1312,A
5-NP,145,1,0,0,1315,1316,C
5-NP,146,0,1264,0,0,1264,T
5-NP,147,1,3,0,1264,1268,C
5-NP,148,1264,0,0,0,1264,A
5-NP,149,0,2,1275,0,1277,G
5-NP,150,1,1276,0,1,1278,T
5-NP,151,0,2,1293,0,1295,G
5-NP,152,1315,1,0,0,1316,A
5-NP,153,0,1317,0,1,1318,T
5-NP,154,1,0,0,1340,1341,C
5-NP,155,1345,1,1,0,1347,A
5-NP,156,0,1343,0,0,1343,T
5-NP,157,0,0,1346,0,1346,G
5-NP,158,1335,1,1,0,1337,A
5-NP,159,1334,0,2,0,1336,A
5-NP,160,0,2,1331,1,1334,G
5-NP,161,0,1,1316,0,1317,G
5-NP,162,0,0,1322,0,1322,G
5-NP,163,0,0,0,1307,1307,C
5-NP,164,0,6,1318,0,1324,G
5-NP,165,1,1,1333,0,1335,G
5-NP,166,0,1331,0,1,1332,T
5-NP,167,0,1332,0,1,1333,T
5-NP,168,1,1,1335,0,1337,G
5-NP,169,1476,0,2,0,1478,A
5-NP,170,0,1469,0,0,1469,T
5-NP,171,1,1,0,1467,1469,C
5-NP,172,1,1,0,1471,1473,C
5-NP,173,1462,0,2,0,1464,A
5-NP,174,1,1,1468,0,1470,G
5-NP,175,1461,0,1,0,1462,A
5-NP,176,1468,0,0,0,1468,A
5-NP,177,1,1,0,1477,1479,C
5-NP,178,1381,1,0,0,1382,A
5-NP,179,0,0,1403,0,1403,G
5-NP,180,1,0,0,1399,1400,C
5-NP,181,1,1400,0,0,1401,T
5-NP,182,1,1397,2,0,1400,T
5-NP,183,0,0,1405,0,1405,G
5-NP,184,1412,2,3,0,1417,A
5-NP,185,2,0,1,1427,1430,C
5-NP,186,1415,0,0,0,1415,A
5-NP,187,1423,0,0,1,1424,A
5-NP,188,0,1416,0,0,1416,T
5-NP,189,1416,0,0,0,1416,A
5-NP,190,0,0,1425,0,1425,G
5-NP,191,1412,1,2,0,1415,A
5-NP,192,0,0,1423,1,1424,G
5-NP,193,1415,0,1,0,1416,A
5-NP,194,1430,0,0,0,1430,A
5-NP,195,1433,0,0,0,1433,A
5-NP,196,1435,0,1,1,1437,A
5-NP,197,1,1437,0,0,1438,T
5-NP,198,0,6,1427,0,1433,G
5-NP,199,1,0,1430,0,1431,G
5-NP,200,0,1428,0,1,1429,T
5-NP,201,1404,0,1,0,1405,A
5-NP,202,1,0,0,1426,1427,C
5-NP,203,0,1426,0,0,1426,T
5-NP,204,3,0,1,1422,1426,C
5-NP,205,0,1409,0,1,1410,T
5-NP,206,3,0,0,1411,1414,C
5-NP,207,0,0,1405,0,1405,G
5-NP,208,0,0,1418,0,1418,G
5-NP,209,0,0,0,1422,1422,C
5-NP,210,0,1414,0,1,1415,T
5-NP,211,0,1408,0,1,1409,T
5-NP,212,0,1411,0,0,1411,T
5-NP,213,0,1418,0,0,1418,T
5-NP,214,0,0,1419,0,1419,G
5-NP,215,1416,1,0,0,1417,A
5-NP,216,0,1418,0,0,1418,T
5-NP,217,0,0,1418,0,1418,G
5-NP,218,1415,0,0,0,1415,A
5-NP,219,1419,0,1,0,1420,A
5-NP,220,1419,0,1,0,1420,A
5-NP,221,0,1,1418,0,1419,G
5-NP,222,1422,0,2,0,1424,A
5-NP,223,1416,1,2,0,1419,A
5-NP,224,0,1,1438,0,1439,G
5-NP,225,0,2,1475,0,1477,G
5-NP,226,1482,0,1,0,1483,A
5-NP,227,1499,1,0,0,1500,A
5-NP,228,0,1500,0,1,1501,T
5-NP,229,1503,0,1,0,1504,A
5-NP,230,1502,0,2,0,1504,A
5-NP,231,1516,1,1,0,1518,A
5-NP,232,0,1519,0,0,1519,T
5-NP,233,1518,1,0,0,1519,A
5-NP,234,0,0,0,1507,1507,C
5-NP,235,3,1,0,1481,1485,C
5-NP,236,0,1483,0,1,1484,T
5-NP,237,0,3,1477,0,1480,G
5-NP,238,0,0,1512,0,1512,G
5-NP,239,1517,0,0,0,1517,A
5-NP,240,1512,0,3,0,1515,A
5-NP,241,2,0,1547,0,1549,G
5-NP,242,1538,0,1,0,1539,A
5-NP,243,1535,0,3,0,1538,A
5-NP,244,1,0,0,1537,1538,C
5-NP,245,1533,0,1,0,1534,A
5-NP,246,3,0,0,1568,1571,C
5-NP,247,2,0,0,1544,1546,C
5-NP,248,1,1,0,1545,1547,C
5-NP,249,3,0,1,1547,1551,C
5-NP,250,1521,0,1,0,1522,A
5-NP,251,1,0,1528,0,1529,G
5-NP,252,1,1,1,1524,1527,C
5-NP,253,0,1,1531,0,1532,G
5-NP,254,0,0,0,1533,1533,C
5-NP,255,3,3,1504,0,1510,G
5-NP,256,0,4,1518,0,1522,G
5-NP,257,1,2,1512,0,1515,G
5-NP,258,0,3,1526,0,1529,G
5-NP,259,1524,0,0,0,1524,A
5-NP,260,1515,0,1,0,1516,A
5-NP,261,1518,0,1,0,1519,A
5-NP,262,1,1,1520,0,1522,G
5-NP,263,1517,0,1,0,1518,A
5-NP,264,0,1514,0,1,1515,T
5-NP,265,1,1,1,1500,1503,C
5-NP,266,1,2,0,1502,1505,C
5-NP,267,2,0,0,1514,1516,C
5-NP,268,1516,0,1,0,1517,A
5-NP,269,1515,0,0,0,1515,A
5-NP,270,0,0,1529,0,1529,G
5-NP,271,1524,0,1,0,1525,A
5-NP,272,1525,0,0,0,1525,A
5-NP,273,1525,0,1,0,1526,A
5-NP,274,1531,0,1,0,1532,A
5-NP,275,0,0,0,1533,1533,C
5-NP,276,0,1520,0,0,1520,T
5-NP,277,1,2,1519,0,1522,G
5-NP,278,0,3,1517,0,1520,G
5-NP,279,0,4,1518,0,1522,G
5-NP,280,0,2,1516,0,1518,G
5-NP,281,0,1,1528,0,1529,G
5-NP,282,0,2,1547,0,1549,G
5-NP,283,1,0,1,1670,1672,C
5-NP,284,0,0,0,1661,1661,C
5-NP,285,4,0,0,1676,1680,C
5-NP,286,1887,0,1,0,1888,A
5-NP,287,0,1897,0,0,1897,T
5-NP,288,1996,0,0,1,1997,A
5-NP,289,0,1997,0,0,1997,T
5-NP,290,1976,0,0,0,1976,A
5-NP,291,0,0,0,1992,1992,C
5-NP,292,1815,1,0,0,1816,A
5-NP,293,0,4,1840,0,1844,G
5-NP,294,1,0,1846,0,1847,G
5-NP,295,1686,1,3,0,1690,A
5-NP,296,0,3,1702,0,1705,G
5-NP,297,1624,0,1,0,1625,A
5-NP,298,0,2,1635,0,1637,G
5-NP,299,0,1636,0,0,1636,T
5-NP,300,1619,0,0,0,1619,A
5-NP,301,0,1,1622,0,1623,G
5-NP,302,1604,1,0,0,1605,A
5-NP,303,1,1602,0,0,1603,T
5-NP,304,1,2,1604,0,1607,G
5-NP,305,0,1,1603,0,1604,G
5-NP,306,1596,0,2,0,1598,A
5-NP,307,1590,0,0,0,1590,A
5-NP,308,1585,0,0,0,1585,A
5-NP,309,1593,0,0,0,1593,A
5-NP,310,1,1596,0,0,1597,T
5-NP,311,1,5,1603,0,1609,G
5-NP,312,0,2,1606,0,1608,G
5-NP,313,1601,1,2,0,1604,A
5-NP,314,0,1592,0,0,1592,T
5-NP,315,0,1,1587,0,1588,G
5-NP,316,1585,0,1,0,1586,A
5-NP,317,1,1,1593,0,1595,G
5-NP,318,0,3,1580,0,1583,G
5-NP,319,1,2,1612,0,1615,G
5-NP,320,1677,0,0,0,1677,A
5-NP,321,1688,0,0,0,1688,A
5-NP,322,2,1,0,1758,1761,C
5-NP,323,0,1764,0,1,1765,T
5-NP,324,2,0,0,1831,1833,C
5-NP,325,0,0,1871,0,1871,G
5-NP,326,1,1891,0,5,1897,T
5-NP,327,2,0,0,1918,1920,C
5-NP,328,2,0,0,2353,2355,C
5-NP,329,0,2347,0,1,2348,T
5-NP,330,1,2381,0,1,2383,T
5-NP,331,0,2373,0,1,2374,T
5-NP,332,2392,0,1,1,2394,A
5-NP,333,1,2394,0,0,2395,T
5-NP,334,0,3,2401,1,2405,G
5-NP,335,2415,0,20,0,2435,A
5-NP,336,0,0,0,2446,2446,C
5-NP,337,2413,0,1,0,2414,A
5-NP,338,2430,0,0,0,2430,A
5-NP,339,2463,1,3,0,2467,A
5-NP,340,1,0,2675,0,2676,G
5-NP,341,2671,2,3,0,2676,A
5-NP,342,2684,0,3,0,2687,A
5-NP,343,2,6,2907,0,2915,G
5-NP,344,2953,0,1,1,2955,A
5-NP,345,2964,0,2,0,2966,A
5-NP,346,2962,0,2,1,2965,A
5-NP,347,0,2966,0,0,2966,T
5-NP,348,2969,0,2,1,2972,A
5-NP,349,2969,0,3,0,2972,A
5-NP,350,0,1,3032,0,3033,G
5-NP,351,1,1,3025,0,3027,G
5-NP,352,0,0,0,3017,3017,C
5-NP,353,1,1,3020,0,3022,G
5-NP,354,3041,0,2,0,3043,A
5-NP,355,3119,1,1,1,3122,A
5-NP,356,0,3130,0,4,3134,T
5-NP,357,0,0,1,3134,3135,C
5-NP,358,0,3127,0,5,3132,T
5-NP,359,2,7,3134,0,3143,G
5-NP,360,0,0,3152,0,3152,G
5-NP,361,0,2,1,3152,3155,C
5-NP,362,2,1,3158,0,3161,G
5-NP,363,1,0,0,3166,3167,C
5-NP,364,1,1,1,3164,3167,C
5-NP,365,3198,0,2,0,3200,A
5-NP,366,3269,0,2,0,3271,A
5-NP,367,1,0,3444,0,3445,G
5-NP,368,0,2,1,3438,3441,C
5-NP,369,1,11,0,3482,3494,C
5-NP,370,3502,0,2,0,3504,A
5-NP,371,3604,0,4,0,3608,A
5-NP,372,1,1,0,3700,3702,C
5-NP,373,3692,3,2,0,3697,A
5-NP,374,3827,0,1,1,3829,A
5-NP,375,0,3843,0,2,3845,T
5-NP,376,0,5,4001,1,4007,G
5-NP,377,1,3,4026,0,4030,G
5-NP,378,2,4010,0,3,4015,T
5-NP,379,1,4,4016,2,4023,G
5-NP,380,4003,0,6,0,4009,A
5-NP,381,0,7,4202,0,4209,G
5-NP,382,0,3,4215,0,4218,G
5-NP,383,4286,0,1,0,4287,A
5-NP,384,2,4863,0,2,4867,T
5-NP,385,1,0,4997,0,4998,G
5-NP,386,1,2,0,5032,5035,C
5-NP,387,1,5027,0,11,5039,T
5-NP,388,5098,0,2,0,5100,A
5-NP,389,1,1,0,5207,5209,C
5-NP,390,5231,1,2,0,5234,A
5-NP,391,0,5235,0,2,5237,T
5-NP,392,2,0,1,5222,5225,C
5-NP,393,0,5045,1,4,5050,T
5-NP,394,2,7,5334,0,5343,G
5-NP,395,0,2,5514,0,5516,G
5-NP,396,1,5513,0,8,5522,T
5-NP,397,7,1,0,5516,5524,C
5-NP,398,0,5497,1,5,5503,T
5-NP,399,5631,0,1,0,5632,A
5-NP,400,5622,1,7,0,5630,A
5-NP,401,2,0,0,5709,5711,C
5-NP,402,1,5694,0,7,5702,T
5-NP,403,6,1,2,5782,5791,C
5-NP,404,5786,1,3,0,5790,A
5-NP,405,2,0,2,6076,6080,C
5-NP,406,6069,4,3,0,6076,A
5-NP,407,0,6098,0,6,6104,T
5-NP,408,6063,0,3,0,6066,A
5-NP,409,6089,0,4,1,6094,A
5-NP,410,2,6134,0,3,6139,T
5-NP,411,0,9,6223,0,6232,G
5-NP,412,6205,1,5,0,6211,A
5-NP,413,1,6175,0,4,6180,T
5-NP,414,2,6122,0,1,6125,T
5-NP,415,0,6128,0,3,6131,T
5-NP,416,1,8,6112,1,6122,G
5-NP,417,1,3,6137,1,6142,G
5-NP,418,0,2,1,6155,6158,C
5-NP,419,6152,0,3,0,6155,A
5-NP,420,0,6167,0,2,6169,T
5-NP,421,0,6158,0,4,6162,T
5-NP,422,2,0,0,6174,6176,C
5-NP,423,7,4,0,6179,6190,C
5-NP,424,6305,2,2,1,6310,A
5-NP,425,6309,2,1,0,6312,A
5-NP,426,0,6306,0,2,6308,T
5-NP,427,1,6311,0,0,6312,T
5-NP,428,1,6297,0,4,6302,T
5-NP,429,0,3,6363,0,6366,G
5-NP,430,6355,2,3,0,6360,A
5-NP,431,6368,1,4,0,6373,A
5-NP,432,2,6415,0,0,6417,T
5-NP,433,4,7,6382,0,6393,G
5-NP,434,6718,3,1,2,6724,A
5-NP,435,0,6731,0,2,6733,T
5-NP,436,4,1,6751,1,6757,G
5-NP,437,0,0,0,6992,6992,C
5-NP,438,6966,2,11,0,6979,A
5-NP,439,7391,0,7,0,7398,A
5-NP,440,4,2,1,7403,7410,C
5-NP,441,7586,2,1,0,7589,A
5-NP,442,2,7781,0,1,7784,T
5-NP,443,7659,3,3,1,7666,A
5-NP,444,4,4,0,7815,7823,C
5-NP,445,15,5,1,7796,7817,C
5-NP,446,7698,0,2,2,7702,A
5-NP,447,1,6,7813,0,7820,G
5-NP,448,7670,1,10,1,7682,A
5-NP,449,3,13,7865,0,7881,G
5-NP,450,2,5,7825,0,7832,G
5-NP,451,7775,1,13,0,7789,A
5-NP,452,3,2,0,7856,7861,C
5-NP,453,7777,3,3,0,7783,A
5-NP,454,7777,1,8,0,7786,A
5-NP,455,0,9,7827,0,7836,G
5-NP,456,7745,0,15,0,7760,A
5-NP,457,2,0,7801,1,7804,G
5-NP,458,1,3,0,7802,7806,C
5-NP,459,3,7734,0,23,7760,T
5-NP,460,8,0,0,7808,7816,C
5-NP,461,2,7775,1,11,7789,T
5-NP,462,4,7823,0,1,7828,T
5-NP,463,5,7,7837,1,7850,G
5-NP,464,0,7824,0,2,7826,T
5-NP,465,1,7817,1,8,7827,T
5-NP,466,3,1,0,7792,7796,C
5-NP,467,3,17,7794,2,7816,G
5-NP,468,7989,2,1,0,7992,A
5-NP,469,7999,2,1,0,8002,A
5-NP,470,3,0,0,8052,8055,C
5-NP,471,1,8038,0,10,8049,T
5-NP,472,8,10,8189,4,8211,G
5-NP,473,0,3,8244,0,8247,G
5-NP,474,8235,4,12,1,8252,A
5-NP,475,8253,2,10,0,8265,A
5-NP,476,1,8254,0,1,8256,T
5-NP,477,4,7,8250,0,8261,G
5-NP,478,0,8,8290,2,8300,G
5-NP,479,8387,0,14,0,8401,A
5-NP,480,2,8475,0,10,8487,T
5-NP,481,6,0,1,8487,8494,C
5-NP,482,14,0,1,8464,8479,C
5-NP,483,12,1,0,8494,8507,C
5-NP,484,8560,0,7,1,8568,A
5-NP,485,0,5,8629,0,8634,G
5-NP,486,8624,0,2,0,8626,A
5-NP,487,8631,1,4,0,8636,A
5-NP,488,0,8559,0,3,8562,T
5-NP,489,1,4,8661,0,8666,G
5-NP,490,0,8597,1,5,8603,T
5-NP,491,3,3,8650,1,8657,G
5-NP,492,2,2,0,8661,8665,C
5-NP,493,1,8607,0,16,8624,T
5-NP,494,4,1,1,9110,9116,C
5-NP,495,2,9057,0,4,9063,T
5-NP,496,6,1,0,9421,9428,C
5-NP,497,4,9393,1,5,9403,T
5-NP,498,2,8,9420,1,9431,G
5-NP,499,9478,3,11,0,9492,A
5-NP,500,1,9468,0,1,9470,T
5-NP,501,0,1,9470,0,9471,G
5-NP,502,0,2,1,9456,9459,C
5-NP,503,9145,0,10,0,9155,A
5-NP,504,3,19,9371,0,9393,G
5-NP,505,2,8,9218,0,9228,G
5-NP,506,2,4,9334,0,9340,G
5-NP,507,2,2,0,9330,9334,C
5-NP,508,0,9278,0,9,9287,T
5-NP,509,3,3,0,9324,9330,C
5-NP,510,4,13,9310,1,9328,G
5-NP,511,9435,4,5,0,9444,A
5-NP,512,4,2,1,9444,9451,C
5-NP,513,4,9314,1,7,9326,T
5-NP,514,10,0,1,9829,9840,C
5-NP,515,0,9768,1,16,9785,T
5-NP,516,8,7,0,11118,11133,C
5-NP,517,19,3,0,11148,11170,C
5-NP,518,27,2,2,11159,11190,C
5-NP,519,0,11172,0,8,11180,T
5-NP,520,11118,1,3,2,11124,A
5-NP,521,1,14,11104,0,11119,G
5-NP,522,11090,4,5,0,11099,A
5-NP,523,10777,2,5,0,10784,A
5-NP,524,2,15,10792,1,10810,G
5-NP,525,3,10,10577,0,10590,G
5-NP,526,5,10430,0,15,10450,T
5-NP,527,5,0,0,10442,10447,C
5-NP,528,11,8,1,10419,10439,C
5-NP,529,3,13,10419,2,10437,G
5-NP,530,2,9,10505,0,10516,G
5-NP,531,10470,2,17,0,10489,A
5-NP,532,1,5,10631,0,10637,G
5-NP,533,6,1,0,10666,10673,C
5-NP,534,2,10469,1,12,10484,T
5-NP,535,3,3,10508,2,10516,G
5-NP,536,3,2,0,10543,10548,C
5-NP,537,10508,5,17,0,10530,A
5-NP,538,3,10,10561,0,10574,G
5-NP,539,3,7,10590,0,10600,G
5-NP,540,2,10584,0,5,10591,T
5-NP,541,0,3,10520,0,10523,G
5-NP,542,1,4,0,10537,10542,C
5-NP,543,1,10503,1,16,10521,T
5-NP,544,5,2,10540,2,10549,G
5-NP,545,3,2,1,10507,10513,C
5-NP,546,10591,1,12,0,10604,A
5-NP,547,0,6,10776,1,10783,G
5-NP,548,1,10681,0,11,10693,T
5-NP,549,7,3,1,10724,10735,C
5-NP,550,10717,1,0,1,10719,A
5-NP,551,10720,2,7,3,10732,A
5-NP,552,10694,4,21,3,10722,A
5-NP,553,2,11,10756,1,10770,G
5-NP,554,0,6,10820,1,10827,G
5-NP,555,10779,3,2,1,10785,A
5-NP,556,10722,0,2,2,10726,A
5-NP,557,2,10718,0,4,10724,T
5-NP,558,6,7,0,10700,10713,C
5-NP,559,4,18,10686,0,10708,G
5-NP,560,0,8,11030,1,11039,G
5-NP,561,2,11,11040,1,11054,G
5-NP,562,11002,2,7,1,11012,A
5-NP,563,4,1,1,11031,11037,C
5-NP,564,10918,0,3,0,10921,A
5-NP,565,11179,0,4,0,11183,A
5-NP,566,1,11195,0,4,11200,T
5-NP,567,2,14,11232,2,11250,G
5-NP,568,0,5,11361,1,11367,G
5-NP,569,2,11146,0,12,11160,T
5-NP,570,17,6,11155,1,11179,G
5-NP,571,11171,0,4,3,11178,A
5-NP,572,1,11139,0,4,11144,T
5-NP,573,4,12,11139,0,11155,G
5-NP,574,0,9,11350,1,11360,G
5-NP,575,11320,0,11,0,11331,A
5-NP,576,11325,1,8,0,11334,A
5-NP,577,7,2,0,11276,11285,C
5-NP,578,0,11160,2,3,11165,T
5-NP,579,11121,1,7,1,11130,A
5-NP,580,11612,0,4,0,11616,A
5-NP,581,3,11633,0,3,11639,T
5-NP,582,10,2,0,11653,11665,C
5-NP,583,11360,3,3,1,11367,A
5-NP,584,2,9,11478,0,11489,G
5-NP,585,11443,2,5,0,11450,A
5-NP,586,11458,1,8,1,11468,A
5-NP,587,1,11476,0,2,11479,T
5-NP,588,2,17,11347,0,11366,G
5-NP,589,10,7,11512,0,11529,G
5-NP,590,2,11505,0,22,11529,T
5-NP,591,11,3,1,11509,11524,C
5-NP,592,11528,3,3,0,11534,A
5-NP,593,11497,3,5,3,11508,A
5-NP,594,11519,3,7,2,11531,A
5-NP,595,5,2,0,11534,11541,C
5-NP,596,4,25,11476,1,11506,G
5-NP,597,1,16,11530,0,11547,G
5-NP,598,2,22,11428,1,11453,G
5-NP,599,5,13,11491,0,11509,G
5-NP,600,4,16,11488,2,11510,G
5-NP,601,11493,2,22,0,11517,A
5-NP,602,2,11412,2,14,11430,T
5-NP,603,5,3,1,11418,11427,C
5-NP,604,11426,1,11,0,11438,A
5-NP,605,11427,1,12,1,11441,A
5-NP,606,2,5,0,11343,11350,C
5-NP,607,1,6,11276,0,11283,G
5-NP,608,11243,4,7,0,11254,A
5-NP,609,1,11229,1,2,11233,T
5-NP,610,12,6,0,11215,11233,C
5-NP,611,3,4,11251,0,11258,G
5-NP,612,11245,1,3,1,11250,A
5-NP,613,11240,0,5,2,11247,A
5-NP,614,11233,0,4,1,11238,A
5-NP,615,3,11361,1,2,11367,T
5-NP,616,4,11365,3,2,11374,T
5-NP,617,1,11338,2,3,11344,T
5-NP,618,1,11370,1,2,11374,T
5-NP,619,4,11391,0,3,11398,T
5-NP,620,5,12,11401,0,11418,G
5-NP,621,0,14,11397,1,11412,G
5-NP,622,11322,2,26,0,11350,A
5-NP,623,1,8,11426,0,11435,G
5-NP,624,11281,1,7,0,11289,A
5-NP,625,3,14,11727,0,11744,G
5-NP,626,1,4,11780,0,11785,G
5-NP,627,2,11764,0,8,11774,T
5-NP,628,4,11,11778,0,11793,G
5-NP,629,11785,3,19,0,11807,A
5-NP,630,2,11,11859,0,11872,G
5-NP,631,11836,3,4,1,11844,A
5-NP,632,11804,0,6,1,11811,A
5-NP,633,1,11799,0,3,11803,T
5-NP,634,4,10,11393,1,11408,G
5-NP,635,2,6,11346,0,11354,G
5-NP,636,11228,2,37,0,11267,A
5-NP,637,4,10,0,11288,11302,C
5-NP,638,6,10,11302,0,11318,G
5-NP,639,2,6,11479,0,11487,G
5-NP,640,11479,1,6,0,11486,A
5-NP,641,11493,1,4,1,11499,A
5-NP,642,11606,0,8,0,11614,A
5-NP,643,11626,0,11,4,11641,A
5-NP,644,6,3,1,11705,11715,C
5-NP,645,11679,1,7,0,11687,A
5-NP,646,11649,2,20,0,11671,A
5-NP,647,1,15,11651,0,11667,G
5-NP,648,11291,1,9,1,11302,A
5-NP,649,11360,0,12,1,11373,A
5-NP,650,2,5,11604,0,11611,G
5-NP,651,1,11595,1,2,11599,T
5-NP,652,4,3,12150,0,12157,G
5-NP,653,2,2,1,12055,12060,C
5-NP,654,2,12076,3,10,12091,T
5-NP,655,0,12143,1,3,12147,T
5-NP,656,12286,0,2,1,12289,A
5-NP,657,1,12279,1,4,12285,T
5-NP,658,2,13,12327,0,12342,G
5-NP,659,12050,1,21,1,12073,A
5-NP,660,3,18,12100,0,12121,G
5-NP,661,11549,5,16,0,11570,A
5-NP,662,1,9,11617,0,11627,G
5-NP,663,11569,1,5,0,11575,A
5-NP,664,11695,1,4,0,11700,A
5-NP,665,0,11562,2,2,11566,T
5-NP,666,4,6,11731,2,11743,G
5-NP,667,5,11657,1,12,11675,T
5-NP,668,5,1,11705,1,11712,G
5-NP,669,2,7,0,11670,11679,C
5-NP,670,11662,1,6,0,11669,A
5-NP,671,11689,4,13,2,11708,A
5-NP,672,7,2,1,11661,11671,C
5-NP,673,11548,0,4,0,11552,A
5-NP,674,0,11570,0,11,11581,T
5-NP,675,1,11442,2,9,11454,T
5-NP,676,8,1,0,11473,11482,C
5-NP,677,2,11432,0,1,11435,T
5-NP,678,1,11448,1,2,11452,T
5-NP,679,11456,3,2,1,11462,A
5-NP,680,11392,2,2,1,11397,A
5-NP,681,11393,1,9,0,11403,A
5-NP,682,2,9,11390,3,11404,G
5-NP,683,0,6,11367,1,11374,G
5-NP,684,11322,3,6,0,11331,A
5-NP,685,11302,5,1,1,11309,A
5-NP,686,11309,1,7,0,11317,A
5-NP,687,11453,2,6,0,11461,A
5-NP,688,0,11427,2,3,11432,T
5-NP,689,2,11413,2,4,11421,T
5-NP,690,2,11477,1,5,11485,T
5-NP,691,3,3,2,11497,11505,C
5-NP,692,11495,1,6,1,11503,A
5-NP,693,11483,3,11,1,11498,A
5-NP,694,11485,1,9,2,11497,A
5-NP,695,4,2,0,11623,11629,C
5-NP,696,11467,1,6,2,11476,A
5-NP,697,1,2,11705,1,11709,G
5-NP,698,4,2,1,11704,11711,C
5-NP,699,0,11694,0,13,11707,T
5-NP,700,3,3,11898,1,11905,G
5-NP,701,4,6,0,11877,11887,C
5-NP,702,11955,2,11,1,11969,A
5-NP,703,8,6,1,11967,11982,C
5-NP,704,11879,1,3,1,11884,A
5-NP,705,11905,4,7,1,11917,A
5-NP,706,11624,2,14,0,11640,A
5-NP,707,2,19,12102,1,12124,G
5-NP,708,12078,3,20,1,12102,A
5-NP,709,2,4,12097,0,12103,G
5-NP,710,7,4,1,12009,12021,C
5-NP,711,11994,1,6,0,12001,A
5-NP,712,12387,3,12,5,12407,A
5-NP,713,0,12400,3,7,12410,T
5-NP,714,2,17,12401,3,12423,G
5-NP,715,4,8,12499,0,12511,G
5-NP,716,2,12137,1,11,12151,T
5-NP,717,63,13,12068,3,12147,G
5-NP,718,4,13,12220,1,12238,G
5-NP,719,12214,2,7,0,12223,A
5-NP,720,5,12170,1,13,12189,T
5-NP,721,9,1,0,11822,11832,C
5-NP,722,11850,1,5,1,11857,A
5-NP,723,11974,2,8,0,11984,A
5-NP,724,4,5,12017,0,12026,G
5-NP,725,4,11931,2,2,11939,T
5-NP,726,2,17,11921,0,11940,G
5-NP,727,11763,2,17,1,11783,A
5-NP,728,3,9,11812,0,11824,G
5-NP,729,11767,0,20,0,11787,A
5-NP,730,3,3,11806,2,11814,G
5-NP,731,11703,2,7,1,11713,A
5-NP,732,11511,2,1,0,11514,A
5-NP,733,11515,0,17,0,11532,A
5-NP,734,0,4,11567,1,11572,G
5-NP,735,2,11527,1,3,11533,T
5-NP,736,8,3,0,11494,11505,C
5-NP,737,7,12,11467,1,11487,G
5-NP,738,2,7,11535,0,11544,G
5-NP,739,11526,1,15,0,11542,A
5-NP,740,11601,2,6,0,11609,A
5-NP,741,10,0,0,11667,11677,C
5-NP,742,19,3,1,11550,11573,C
5-NP,743,15,4,0,11595,11614,C
5-NP,744,11563,2,14,2,11581,A
5-NP,745,0,7,11631,1,11639,G
5-NP,746,1,5,11612,2,11620,G
5-NP,747,11599,1,3,0,11603,A
5-NP,748,11593,0,4,1,11598,A
5-NP,749,11545,0,12,2,11559,A
5-NP,750,1,5,0,11597,11603,C
5-NP,751,1,1,11568,0,11570,G
5-NP,752,5,2,0,11532,11539,C
5-NP,753,0,11505,0,12,11517,T
5-NP,754,0,11,11561,0,11572,G
5-NP,755,11517,0,11,0,11528,A
5-NP,756,1,5,11706,0,11712,G
5-NP,757,11837,4,4,0,11845,A
5-NP,758,3,11847,0,3,11853,T
5-NP,759,11,7,1,11677,11696,C
5-NP,760,4,7,11687,0,11698,G
5-NP,761,11684,3,8,0,11695,A
5-NP,762,11666,0,11,1,11678,A
5-NP,763,2,6,11660,0,11668,G
5-NP,764,11623,4,6,0,11633,A
5-NP,765,5,3,0,11272,11280,C
5-NP,766,13,2,0,11631,11646,C
5-NP,767,3,11637,2,21,11663,T
5-NP,768,12,3,1,11707,11723,C
5-NP,769,11727,0,4,0,11731,A
5-NP,770,3,11731,1,4,11739,T
5-NP,771,11759,0,5,0,11764,A
5-NP,772,3,11747,1,4,11755,T
5-NP,773,1,11691,3,2,11697,T
5-NP,774,1,11489,0,4,11494,T
5-NP,775,1,11403,0,2,11406,T
5-NP,776,0,11428,0,3,11431,T
5-NP,777,11443,0,9,0,11452,A
5-NP,778,5,0,11444,0,11449,G
5-NP,779,3,2,1,11445,11451,C
5-NP,780,11402,2,5,0,11409,A
5-NP,781,11354,2,8,0,11364,A
5-NP,782,1,5,11782,0,11788,G
5-NP,783,11785,0,3,0,11788,A
5-NP,784,1,11792,0,2,11795,T
5-NP,785,2,2,0,11859,11863,C
5-NP,786,2,11816,0,14,11832,T
5-NP,787,4,3,12158,1,12166,G
5-NP,788,4,1,1,12185,12191,C
5-NP,789,12204,2,6,0,12212,A
5-NP,790,0,12316,3,5,12324,T
5-NP,791,0,11945,1,3,11949,T
5-NP,792,2,3,12731,1,12737,G
5-NP,793,13011,1,12,0,13024,A
5-NP,794,1,13003,0,4,13008,T
5-NP,795,13051,0,4,0,13055,A
5-NP,796,0,12808,0,3,12811,T
5-NP,797,2,12506,0,219,12727,T
5-NP,798,2,8,12806,3,12819,G
5-NP,799,12648,1,15,1,12665,A
5-NP,800,1,10,12756,1,12768,G
5-NP,801,12108,1,29,0,12138,A
5-NP,802,4,22,11883,1,11910,G
5-NP,803,2,6,12133,0,12141,G
5-NP,804,12087,2,5,2,12096,A
5-NP,805,7,12074,2,1,12084,T
5-NP,806,14,2,1,12107,12124,C
5-NP,807,11813,3,7,213,12036,A
5-NP,808,2,7,12087,0,12096,G
5-NP,809,3,12026,0,3,12032,T
5-NP,810,1,11949,0,4,11954,T
5-NP,811,2,5,11949,0,11956,G
5-NP,812,0,4,1,11783,11788,C
5-NP,813,3,11746,3,14,11766,T
5-NP,814,17,4,1,11822,11844,C
5-NP,815,11841,4,7,2,11854,A
5-NP,816,6,3,0,11880,11889,C
5-NP,817,11824,1,4,0,11829,A
5-NP,818,11891,0,3,1,11895,A
5-NP,819,11904,0,3,1,11908,A
5-NP,820,0,11892,0,4,11896,T
5-NP,821,5,1,1,11901,11908,C
5-NP,822,0,11858,0,18,11876,T
5-NP,823,0,11854,1,8,11863,T
5-NP,824,2,4,11900,1,11907,G
5-NP,825,2,7,0,11913,11922,C
5-NP,826,13,1,0,12109,12123,C
5-NP,827,0,12102,0,3,12105,T
5-NP,828,12166,1,5,0,12172,A
5-NP,829,4,3,0,12152,12159,C
5-NP,830,16,2,1,12152,12171,C
5-NP,831,1,12124,1,9,12135,T
5-NP,832,4,3,12334,1,12342,G
5-NP,833,4,1,1,12316,12322,C
5-NP,834,13,2,0,12311,12326,C
5-NP,835,2,12096,0,13,12111,T
5-NP,836,6,4,12251,0,12261,G
5-NP,837,1,12190,0,13,12204,T
5-NP,838,3,6,12331,0,12340,G
5-NP,839,6,12,1,12383,12402,C
5-NP,840,5,7,12562,0,12574,G
5-NP,841,2,12366,0,12,12380,T
5-NP,842,12352,1,1,0,12354,A
5-NP,843,0,12347,0,6,12353,T
5-NP,844,2,23,12327,1,12353,G
5-NP,845,3,9,12913,0,12925,G
5-NP,846,12837,4,14,1,12856,A
5-NP,847,7,3,0,12648,12658,C
5-NP,848,15,1,1,12631,12648,C
5-NP,849,36,12409,2,12,12459,T
5-NP,850,1,4,13087,2,13094,G
5-NP,851,7,13,2,13090,13112,C
5-NP,852,13111,4,8,0,13123,A
5-NP,853,2,7,13394,0,13403,G
5-NP,854,0,12705,0,3,12708,T
5-NP,855,13178,0,11,0,13189,A
5-NP,856,2,13129,0,12,13143,T
5-NP,857,11,3,0,13074,13088,C
5-NP,858,18,4,2,13092,13116,C
5-NP,859,12431,1,7,0,12439,A
5-NP,860,3,12,12505,0,12520,G
5-NP,861,1,12446,1,2,12450,T
5-NP,862,3,20,12617,1,12641,G
5-NP,863,0,22,12576,2,12600,G
5-NP,864,3,8,12365,1,12377,G
5-NP,865,0,12342,0,4,12346,T
5-NP,866,12301,2,5,0,12308,A
5-NP,867,2,6,0,12269,12277,C
5-NP,868,4,11,12212,0,12227,G
5-NP,869,12177,2,5,1,12185,A
5-NP,870,6,2,1,12183,12192,C
5-NP,871,0,11846,0,11,11857,T
5-NP,872,1,11851,1,27,11880,T
5-NP,873,5,3,0,11833,11841,C
5-NP,874,0,5,11855,0,11860,G
5-NP,875,11860,1,4,0,11865,A
5-NP,876,11851,1,1,0,11853,A
5-NP,877,11880,0,5,0,11885,A
5-NP,878,11863,0,0,0,11863,A
5-NP,879,11820,1,21,3,11845,A
5-NP,880,1,8,11905,0,11914,G
5-NP,881,11862,2,26,0,11890,A
5-NP,882,3,31,11946,0,11980,G
5-NP,883,3,6,12043,1,12053,G
5-NP,884,3,10,12083,0,12096,G
5-NP,885,12095,2,17,2,12116,A
5-NP,886,1,12121,1,5,12128,T
5-NP,887,12180,0,3,0,12183,A
5-NP,888,3,12167,0,12,12182,T
5-NP,889,2,12225,1,2,12230,T
5-NP,890,6,2,1,12287,12296,C
5-NP,891,10,0,0,12212,12222,C
5-NP,892,1,12064,0,3,12068,T
5-NP,893,6,12059,0,0,12065,T
5-NP,894,2,20,12143,2,12167,G
5-NP,895,1,5,12217,0,12223,G
5-NP,896,3,12139,0,10,12152,T
5-NP,897,2,18,12091,1,12112,G
5-NP,898,5,13,12025,1,12044,G
5-NP,899,6,12,12615,1,12634,G
5-NP,900,12617,1,9,1,12628,A
5-NP,901,12635,3,2,0,12640,A
5-NP,902,1,12646,0,1,12648,T
5-NP,903,12383,2,17,0,12402,A
5-NP,904,2,8,12401,1,12412,G
5-NP,905,12270,2,23,0,12295,A
5-NP,906,7,4,1,12268,12280,C
5-NP,907,20,3,0,12136,12159,C
5-NP,908,32,1,0,11676,11709,C
5-NP,909,0,11798,4,18,11820,T
5-NP,910,2,11848,2,7,11859,T
5-NP,911,3,11858,0,7,11868,T
5-NP,912,7,0,0,11865,11872,C
5-NP,913,11835,2,2,0,11839,A
5-NP,914,11850,1,4,0,11855,A
5-NP,915,11807,0,8,1,11816,A
5-NP,916,10,2,0,11821,11833,C
5-NP,917,0,11547,2,5,11554,T
5-NP,918,11465,1,2,0,11468,A
5-NP,919,2,0,0,11605,11607,C
5-NP,920,1,11547,1,8,11557,T
5-NP,921,4,11553,2,8,11567,T
5-NP,922,6,0,0,11593,11599,C
5-NP,923,11575,1,2,0,11578,A
5-NP,924,11581,1,1,0,11583,A
5-NP,925,11535,2,6,1,11544,A
5-NP,926,11549,1,3,0,11553,A
5-NP,927,2,11448,1,1,11452,T
5-NP,928,11277,1,7,1,11286,A
5-NP,929,4,1,11430,1,11436,G
5-NP,930,2,6,0,11445,11453,C
5-NP,931,6,0,2,11556,11564,C
5-NP,932,11566,2,2,1,11571,A
5-NP,933,11623,0,1,1,11625,A
5-NP,934,11967,0,1,0,11968,A
5-NP,935,1,11991,1,1,11994,T
5-NP,936,12048,2,1,0,12051,A
5-NP,937,2,12017,1,6,12026,T
5-NP,938,11862,3,3,0,11868,A
5-NP,939,4,4,0,11882,11890,C
5-NP,940,11597,0,53,0,11650,A
5-NP,941,1,4,11910,0,11915,G
5-NP,942,3,0,0,11881,11884,C
5-NP,943,1,11521,2,16,11540,T
5-NP,944,0,11632,4,5,11641,T
5-NP,945,11684,1,5,0,11690,A
5-NP,946,11699,2,1,1,11703,A
5-NP,947,3,11689,2,1,11695,T
5-NP,948,13,4,0,11666,11683,C
5-NP,949,11272,1,9,0,11282,A
5-NP,950,0,7,11370,2,11379,G
5-NP,951,11365,2,9,2,11378,A
5-NP,952,3,1,1,11434,11439,C
5-NP,953,16,9,0,11308,11333,C
5-NP,954,0,11177,3,7,11187,T
5-NP,955,11259,0,3,0,11262,A
5-NP,956,11255,2,3,0,11260,A
5-NP,957,3,6,0,11314,11323,C
5-NP,958,5,12,11299,0,11316,G
5-NP,959,11074,2,4,0,11080,A
5-NP,960,1,10,11115,0,11126,G
5-NP,961,10989,3,3,0,10995,A
5-NP,962,11114,1,4,0,11119,A
5-NP,963,1,11081,1,3,11086,T
5-NP,964,9,2,4,10964,10979,C
5-NP,965,6,1,1,10996,11004,C
5-NP,966,10901,3,15,3,10922,A
5-NP,967,2,2,10982,0,10986,G
5-NP,968,2,2,0,10979,10983,C
5-NP,969,11054,3,4,0,11061,A
5-NP,970,3,1,1,11106,11111,C
5-NP,971,10942,3,8,0,10953,A
5-NP,972,8,1,1,10963,10973,C
5-NP,973,10932,1,4,1,10938,A
5-NP,974,10979,0,22,0,11001,A
5-NP,975,1,12,11016,1,11030,G
5-NP,976,10879,1,16,1,10897,A
5-NP,977,0,4,10945,0,10949,G
5-NP,978,2,10715,0,15,10732,T
5-NP,979,15,2,1,10715,10733,C
5-NP,980,10680,1,17,0,10698,A
5-NP,981,1,2,10711,0,10714,G
5-NP,982,2,1,0,10694,10697,C
5-NP,983,1,10551,0,9,10561,T
5-NP,984,4,15,10667,0,10686,G
5-NP,985,1,5,10756,1,10763,G
5-NP,986,0,10674,1,5,10680,T
5-NP,987,2,5,10756,0,10763,G
5-NP,988,2,10610,0,9,10621,T
5-NP,989,2,12,10576,0,10590,G
5-NP,990,4,4,10546,0,10554,G
5-NP,991,10463,2,6,0,10471,A
5-NP,992,6,10468,0,11,10485,T
5-NP,993,8,8,10018,0,10034,G
5-NP,994,6,3,9931,0,9940,G
5-NP,995,2,5,0,9881,9888,C
5-NP,996,9794,3,5,0,9802,A
5-NP,997,1,9776,1,13,9791,T
5-NP,998,5,1,9730,2,9738,G
5-NP,999,4,1,0,9798,9803,C
5-NP,1000,6,1,0,9802,9809,C
5-NP,1001,9859,1,5,0,9865,A
5-NP,1002,0,9817,0,17,9834,T
5-NP,1003,1,9711,6,5,9723,T
5-NP,1004,8,1,0,9765,9774,C
5-NP,1005,2,9523,84,5,9614,T
5-NP,1006,1,2,9609,1,9613,G
5-NP,1007,2,2,0,9586,9590,C
5-NP,1008,2,9298,2,25,9327,T
5-NP,1009,5,4,9367,0,9376,G
5-NP,1010,2,0,0,9186,9188,C
5-NP,1011,9195,1,1,0,9197,A
5-NP,1012,0,9150,0,4,9154,T
5-NP,1013,1,9116,1,3,9121,T
5-NP,1014,1,9118,1,6,9126,T
5-NP,1015,1,2,9110,1,9114,G
5-NP,1016,9101,2,8,1,9112,A
5-NP,1017,9102,0,6,0,9108,A
5-NP,1018,1,2,9144,0,9147,G
5-NP,1019,9104,0,1,0,9105,A
5-NP,1020,4,9068,1,0,9073,T
5-NP,1021,0,9063,0,2,9065,T
5-NP,1022,1,9068,1,0,9070,T
5-NP,1023,9070,2,5,0,9077,A
5-NP,1024,9063,3,4,1,9071,A
5-NP,1025,0,4,9071,0,9075,G
5-NP,1026,9054,1,2,1,9058,A
5-NP,1027,3,9018,1,0,9022,T
5-NP,1028,0,8838,0,0,8838,T
5-NP,1029,0,6,8887,0,8893,G
5-NP,1030,2,8862,3,17,8884,T
5-NP,1031,1,8870,0,3,8874,T
5-NP,1032,8878,0,4,0,8882,A
5-NP,1033,8856,0,15,1,8872,A
5-NP,1034,0,0,8896,0,8896,G
5-NP,1035,2,2,0,8902,8906,C
5-NP,1036,2,8701,0,12,8715,T
5-NP,1037,1,8707,0,7,8715,T
5-NP,1038,2,1,0,8729,8732,C
5-NP,1039,8720,0,6,0,8726,A
5-NP,1040,1,8704,0,6,8711,T
5-NP,1041,2,0,0,8726,8728,C
5-NP,1042,8578,0,3,0,8581,A
5-NP,1043,1,8,8577,1,8587,G
5-NP,1044,8437,1,20,0,8458,A
5-NP,1045,0,16,8461,1,8478,G
5-NP,1046,3,7,8442,0,8452,G
5-NP,1047,3,5,8375,0,8383,G
5-NP,1048,8359,1,13,0,8373,A
5-NP,1049,3,5,0,8368,8376,C
5-NP,1050,8355,1,3,1,8360,A
5-NP,1051,8360,0,7,1,8368,A
5-NP,1052,8360,0,3,0,8363,A
5-NP,1053,8366,3,7,3,8379,A
5-NP,1054,0,3,8410,1,8414,G
5-NP,1055,1,8161,1,4,8167,T
5-NP,1056,8111,0,1,1,8113,A
5-NP,1057,0,8083,1,7,8091,T
5-NP,1058,3,2,1,8070,8076,C
5-NP,1059,0,8001,0,12,8013,T
5-NP,1060,9,0,0,8053,8062,C
5-NP,1061,8,1,0,7970,7979,C
5-NP,1062,2,7911,1,6,7920,T
5-NP,1063,15,2,0,7886,7903,C
5-NP,1064,3,12,7868,0,7883,G
5-NP,1065,1,14,7899,1,7915,G
5-NP,1066,3,10,7896,0,7909,G
5-NP,1067,2,9,7882,0,7893,G
5-NP,1068,4,4,7869,0,7877,G
5-NP,1069,7697,1,4,0,7702,A
5-NP,1070,7697,0,1,0,7698,A
5-NP,1071,7695,0,11,0,7706,A
5-NP,1072,6,1,2,7730,7739,C
5-NP,1073,2,7651,0,3,7656,T
5-NP,1074,0,1,7716,0,7717,G
5-NP,1075,3,7608,2,32,7645,T
5-NP,1076,8,2,0,7634,7644,C
5-NP,1077,7700,0,31,0,7731,A
5-NP,1078,7763,0,11,0,7774,A
5-NP,1079,4,4,0,7812,7820,C
5-NP,1080,2,7784,1,1,7788,T
5-NP,1081,7621,0,0,0,7621,A
5-NP,1082,1,7,7640,0,7648,G
5-NP,1083,7469,2,3,0,7474,A
5-NP,1084,0,15,7468,1,7484,G
5-NP,1085,0,4,7462,0,7466,G
5-NP,1086,7047,4,6,0,7057,A
5-NP,1087,1,4,7137,0,7142,G
5-NP,1088,1,7035,0,4,7040,T
5-NP,1089,7031,0,6,0,7037,A
5-NP,1090,6,4,0,7022,7032,C
5-NP,1091,6937,0,1,1,6939,A
5-NP,1092,6938,1,1,1,6941,A
5-NP,1093,6856,0,6,1,6863,A
5-NP,1094,1,6796,1,0,6798,T
5-NP,1095,0,6733,1,1,6735,T
5-NP,1096,6,3,6513,1,6523,G
5-NP,1097,2,2,1,6441,6446,C
5-NP,1098,0,6394,2,18,6414,T
5-NP,1099,1,6390,0,21,6412,T
5-NP,1100,6,1,0,6403,6410,C
5-NP,1101,6414,0,3,0,6417,A
5-NP,1102,6417,0,3,0,6420,A
5-NP,1103,6421,1,1,0,6423,A
5-NP,1104,0,6428,1,1,6430,T
5-NP,1105,0,6,6423,0,6429,G
5-NP,1106,6298,0,11,0,6309,A
5-NP,1107,0,1,6316,0,6317,G
5-NP,1108,6324,2,7,1,6334,A
5-NP,1109,6312,0,4,0,6316,A
5-NP,1110,3,1,0,6302,6306,C
5-NP,1111,6209,0,5,0,6214,A
5-NP,1112,0,6200,0,2,6202,T
5-NP,1113,3,4,6196,0,6203,G
5-NP,1114,2,0,6199,0,6201,G
5-NP,1115,6181,0,6,0,6187,A
5-NP,1116,1,6032,0,2,6035,T
5-NP,1117,5925,0,1,0,5926,A
5-NP,1118,6052,0,2,0,6054,A
5-NP,1119,0,5894,0,0,5894,T
5-NP,1120,5832,0,2,0,5834,A
5-NP,1121,0,5792,1,4,5797,T
5-NP,1122,2,9,5232,0,5243,G
5-NP,1123,1,5,5100,0,5106,G
5-NP,1124,0,5,5075,0,5080,G
5-NP,1125,5042,0,1,0,5043,A
5-NP,1126,0,5035,0,0,5035,T
5-NP,1127,2,0,0,3538,3540,C
5-NP,1128,0,4,3522,0,3526,G
5-NP,1129,3507,1,2,0,3510,A
5-NP,1130,0,0,3508,0,3508,G
5-NP,1131,0,2,0,3489,3491,C
5-NP,1132,3425,0,4,0,3429,A
5-NP,1133,3,0,0,3453,3456,C
5-NP,1134,3,3371,0,4,3378,T
5-NP,1135,3,0,0,3383,3386,C
5-NP,1136,3,3361,0,1,3365,T
5-NP,1137,0,3301,0,0,3301,T
5-NP,1138,0,4,3298,0,3302,G
5-NP,1139,3274,0,5,0,3279,A
5-NP,1140,3269,2,1,0,3272,A
5-NP,1141,2,1,0,3271,3274,C
5-NP,1142,0,2063,0,1,2064,T
5-NP,1143,0,0,2067,0,2067,G
5-NP,1144,1932,0,4,0,1936,A
5-NP,1145,0,1,1941,0,1942,G
5-NP,1146,1939,0,1,0,1940,A
5-NP,1147,1860,0,0,0,1860,A
5-NP,1148,1,0,1860,0,1861,G
5-NP,1149,2,0,1,1764,1767,C
5-NP,1150,1,6,1742,0,1749,G
5-NP,1151,0,2,1734,0,1736,G
5-NP,1152,2,1,1625,0,1628,G
5-NP,1153,0,1588,1,0,1589,T
5-NP,1154,1496,0,0,0,1496,A
5-NP,1155,1,0,0,1485,1486,C
5-NP,1156,0,757,0,0,757,T
5-NP,1157,1,3,687,0,691,G
5-NP,1158,0,0,612,0,612,G
5-NP,1159,0,0,563,0,563,G
5-NP,1160,1,0,0,533,534,C
5-NP,1161,0,0,0,384,384,C
5-NP,1162,387,0,0,0,387,A
5-NP,1163,0,385,0,1,386,T
5-NP,1164,387,0,0,0,387,A
5-NP,1165,387,0,1,0,388,A
5-NP,1166,0,0,387,0,387,G
5-NP,1167,0,0,401,0,401,G
5-NP,1168,398,0,0,0,398,A
5-NP,1169,0,0,0,398,398,C
5-NP,1170,0,0,0,397,397,C
5-NP,1171,391,0,0,0,391,A
5-NP,1172,0,0,400,0,400,G
5-NP,1173,0,0,403,0,403,G
5-NP,1174,400,0,0,0,400,A
5-NP,1175,0,0,405,0,405,G
5-NP,1176,0,387,0,0,387,T
5-NP,1177,0,0,387,0,387,G
5-NP,1178,0,1,389,0,390,G
5-NP,1179,389,0,1,0,390,A
5-NP,1180,0,1,390,0,391,G
5-NP,1181,0,0,381,0,381,G
5-NP,1182,378,0,0,0,378,A
5-NP,1183,377,0,0,0,377,A
5-NP,1184,375,0,0,0,375,A
5-NP,1185,0,0,0,378,378,C
5-NP,1186,378,0,0,0,378,A
5-NP,1187,1,0,0,385,386,C
5-NP,1188,0,379,0,0,379,T
5-NP,1189,391,0,0,0,391,A
5-NP,1190,391,0,0,0,391,A
5-NP,1191,0,388,0,0,388,T
5-NP,1192,0,0,0,391,391,C
5-NP,1193,383,0,0,1,384,A
5-NP,1194,393,0,0,0,393,A
5-NP,1195,0,0,0,394,394,C
5-NP,1196,381,0,0,0,381,A
5-NP,1197,0,0,383,0,383,G
5-NP,1198,379,0,2,0,381,A
5-NP,1199,0,0,383,0,383,G
5-NP,1200,0,0,382,0,382,G
5-NP,1201,0,0,383,0,383,G
5-NP,1202,0,0,0,378,378,C
5-NP,1203,0,0,0,376,376,C
5-NP,1204,0,371,0,2,373,T
5-NP,1205,0,0,0,381,381,C
5-NP,1206,0,0,0,381,381,C
5-NP,1207,0,0,381,0,381,G
5-NP,1208,0,0,0,383,383,C
5-NP,1209,376,0,0,0,376,A
5-NP,1210,0,0,390,0,390,G
5-NP,1211,0,0,390,0,390,G
5-NP,1212,0,0,0,386,386,C
5-NP,1213,0,1,0,387,388,C
5-NP,1214,383,0,0,0,383,A
5-NP,1215,383,0,0,0,383,A
5-NP,1216,384,0,0,0,384,A
5-NP,1217,0,0,0,383,383,C
5-NP,1218,2,0,0,383,385,C
5-NP,1219,361,0,0,0,361,A
5-NP,1220,0,1,372,0,373,G
5-NP,1221,0,365,0,1,366,T
5-NP,1222,0,0,371,0,371,G
5-NP,1223,0,370,0,0,370,T
5-NP,1224,0,0,370,0,370,G
5-NP,1225,0,0,0,370,370,C
5-NP,1226,363,0,0,0,363,A
5-NP,1227,371,0,0,0,371,A
5-NP,1228,0,0,0,370,370,C
5-NP,1229,0,0,0,368,368,C
5-NP,1230,0,365,0,0,365,T
5-NP,1231,364,0,0,0,364,A
5-NP,1232,0,0,0,364,364,C
5-NP,1233,0,0,365,0,365,G
5-NP,1234,0,361,0,0,361,T
5-NP,1235,0,368,1,0,369,T
5-NP,1236,0,366,0,0,366,T
5-NP,1237,0,366,0,0,366,T
5-NP,1238,1,0,0,368,369,C
5-NP,1239,0,362,0,0,362,T
5-NP,1240,0,0,371,0,371,G
5-NP,1241,0,370,0,0,370,T
5-NP,1242,368,1,0,0,369,A
5-NP,1243,0,0,0,372,372,C
5-NP,1244,365,0,1,0,366,A
5-NP,1245,366,0,0,0,366,A
5-NP,1246,367,0,0,0,367,A
5-NP,1247,0,1,369,0,370,G
5-NP,1248,371,0,0,0,371,A
5-NP,1249,365,0,0,0,365,A
5-NP,1250,366,0,0,0,366,A
5-NP,1251,0,0,0,366,366,C
5-NP,1252,0,0,0,362,362,C
5-NP,1253,0,358,0,2,360,T
5-NP,1254,1,0,0,357,358,C
5-NP,1255,1,0,0,359,360,C
5-NP,1256,2,0,0,359,361,C
5-NP,1257,359,0,0,0,359,A
5-NP,1258,0,361,1,0,362,T
5-NP,1259,0,361,0,0,361,T
5-NP,1260,0,357,0,0,357,T
5-NP,1261,0,0,356,0,356,G
5-NP,1262,356,0,0,0,356,A
5-NP,1263,355,0,0,0,355,A
5-NP,1264,357,0,0,0,357,A
5-NP,1265,357,0,0,0,357,A
5-NP,1266,0,0,361,0,361,G
5-NP,1267,0,357,0,1,358,T
5-NP,1268,0,0,0,358,358,C
5-NP,1269,356,0,0,0,356,A
5-NP,1270,358,0,1,0,359,A
5-NP,1271,0,1,0,357,358,C
5-NP,1272,0,0,0,362,362,C
5-NP,1273,365,0,0,0,365,A
5-NP,1274,0,367,0,0,367,T
5-NP,1275,0,0,0,372,372,C
5-NP,1276,368,0,1,0,369,A
5-NP,1277,0,370,0,0,370,T
5-NP,1278,0,1,367,0,368,G
5-NP,1279,0,0,370,0,370,G
5-NP,1280,0,0,0,368,368,C
5-NP,1281,362,0,0,0,362,A
5-NP,1282,0,0,361,0,361,G
5-NP,1283,0,0,0,361,361,C
5-NP,1284,359,0,1,0,360,A
5-NP,1285,0,359,0,0,359,T
5-NP,1286,1,355,0,0,356,T
5-NP,1287,0,0,0,358,358,C
5-NP,1288,355,0,1,0,356,A
5-NP,1289,0,0,0,359,359,C
5-NP,1290,0,358,0,0,358,T
5-NP,1291,0,0,360,0,360,G
5-NP,1292,0,1,359,0,360,G
5-NP,1293,355,0,2,0,357,A
5-NP,1294,357,0,0,0,357,A
5-NP,1295,358,0,0,0,358,A
5-NP,1296,0,352,0,0,352,T
5-NP,1297,353,0,0,0,353,A
5-NP,1298,0,0,0,351,351,C
5-NP,1299,0,1,344,0,345,G
5-NP,1300,0,0,346,0,346,G
5-NP,1301,337,0,1,0,338,A
5-NP,1302,0,2,340,0,342,G
5-NP,1303,1,1,342,0,344,G
5-NP,1304,0,0,343,0,343,G
5-NP,1305,343,0,0,0,343,A
5-NP,1306,342,0,0,0,342,A
5-NP,1307,0,0,341,0,341,G
5-NP,1308,342,0,0,0,342,A
5-NP,1309,338,0,0,0,338,A
5-NP,1310,0,0,0,337,337,C
5-NP,1311,0,332,0,0,332,T
5-NP,1312,0,332,0,0,332,T
5-NP,1313,0,0,0,331,331,C
5-NP,1314,330,0,0,0,330,A
5-NP,1315,0,1,331,0,332,G
5-NP,1316,330,0,0,0,330,A
5-NP,1317,0,0,0,331,331,C
5-NP,1318,327,0,0,0,327,A
5-NP,1319,0,314,0,1,315,T
5-NP,1320,0,0,317,0,317,G
5-NP,1321,313,0,0,0,313,A
5-NP,1322,0,0,312,0,312,G
5-NP,1323,0,1,311,0,312,G
5-NP,1324,0,0,311,0,311,G
5-NP,1325,0,0,0,311,311,C
5-NP,1326,303,1,2,0,306,A
5-NP,1327,0,0,308,0,308,G
5-NP,1328,305,0,0,0,305,A
5-NP,1329,309,0,0,0,309,A
5-NP,1330,308,0,0,1,309,A
5-NP,1331,0,308,0,0,308,T
5-NP,1332,0,0,0,311,311,C
5-NP,1333,309,0,0,0,309,A
5-NP,1334,0,308,0,0,308,T
5-NP,1335,310,0,0,0,310,A
5-NP,1336,308,0,0,0,308,A
5-NP,1337,0,0,311,0,311,G
5-NP,1338,309,0,0,0,309,A
5-NP,1339,313,0,0,0,313,A
5-NP,1340,0,306,0,0,306,T
5-NP,1341,0,0,305,0,305,G
5-NP,1342,303,0,0,0,303,A
5-NP,1343,0,301,0,0,301,T
5-NP,1344,0,0,300,0,300,G
5-NP,1345,0,0,301,0,301,G
5-NP,1346,292,0,0,0,292,A
5-NP,1347,292,0,0,0,292,A
5-NP,1348,276,0,1,0,277,A
5-NP,1349,0,0,280,0,280,G
5-NP,1350,0,279,0,0,279,T
5-NP,1351,0,0,280,0,280,G
5-NP,1352,0,0,0,279,279,C
5-NP,1353,278,0,0,0,278,A
5-NP,1354,277,0,0,0,277,A
5-NP,1355,275,0,0,0,275,A
5-NP,1356,277,0,0,0,277,A
5-NP,1357,0,0,0,278,278,C
5-NP,1358,0,0,0,278,278,C
5-NP,1359,277,0,0,0,277,A
5-NP,1360,0,1,276,1,278,G
5-NP,1361,277,0,0,0,277,A
5-NP,1362,278,0,0,0,278,A
5-NP,1363,0,0,278,0,278,G
5-NP,1364,274,0,0,0,274,A
5-NP,1365,263,0,2,0,265,A
5-NP,1366,0,0,265,0,265,G
5-NP,1367,0,266,0,0,266,T
5-NP,1368,0,0,264,0,264,G
5-NP,1369,0,264,0,0,264,T
5-NP,1370,0,0,0,265,265,C
5-NP,1371,267,0,0,0,267,A
5-NP,1372,0,268,0,0,268,T
5-NP,1373,0,267,0,0,267,T
5-NP,1374,0,0,0,267,267,C
5-NP,1375,1,0,0,257,258,C
5-NP,1376,0,1,256,0,257,G
5-NP,1377,0,0,263,0,263,G
5-NP,1378,0,0,263,0,263,G
5-NP,1379,0,0,263,0,263,G
5-NP,1380,256,0,0,0,256,A
5-NP,1381,255,1,0,0,256,A
5-NP,1382,0,0,257,0,257,G
5-NP,1383,0,1,257,0,258,G
5-NP,1384,0,0,258,0,258,G
5-NP,1385,0,1,259,0,260,G
5-NP,1386,257,0,0,0,257,A
5-NP,1387,1,0,256,0,257,G
5-NP,1388,0,251,0,0,251,T
5-NP,1389,0,0,0,248,248,C
5-NP,1390,0,251,0,0,251,T
5-NP,1391,1,249,0,1,251,T
5-NP,1392,0,0,0,250,250,C
5-NP,1393,0,2,248,0,250,G
5-NP,1394,250,0,0,0,250,A
5-NP,1395,1,0,252,0,253,G
5-NP,1396,0,0,0,251,251,C
5-NP,1397,0,249,0,1,250,T
5-NP,1398,0,0,0,251,251,C
5-NP,1399,0,249,0,0,249,T
5-NP,1400,1,0,0,249,250,C
5-NP,1401,250,0,0,0,250,A
5-NP,1402,0,0,252,0,252,G
5-NP,1403,252,0,0,0,252,A
5-NP,1404,0,0,0,250,250,C
5-NP,1405,0,1,248,0,249,G
5-NP,1406,250,0,0,0,250,A
5-NP,1407,0,1,248,0,249,G
5-NP,1408,247,0,0,0,247,A
5-NP,1409,248,0,0,0,248,A
5-NP,1410,0,0,249,0,249,G
5-NP,1411,0,0,245,0,245,G
5-NP,1412,0,0,0,246,246,C
5-NP,1413,247,0,0,0,247,A
5-NP,1414,246,0,0,0,246,A
5-NP,1415,0,0,0,248,248,C
5-NP,1416,0,1,247,0,248,G
5-NP,1417,245,0,1,0,246,A
5-NP,1418,245,0,0,0,245,A
5-NP,1419,0,0,0,247,247,C
5-NP,1420,0,0,0,245,245,C
5-NP,1421,0,0,0,244,244,C
5-NP,1422,0,0,244,0,244,G
5-NP,1423,244,0,0,0,244,A
5-NP,1424,0,244,0,0,244,T
5-NP,1425,0,0,0,237,237,C
5-NP,1426,0,0,237,0,237,G
5-NP,1427,0,236,0,0,236,T
5-NP,1428,0,0,236,0,236,G
5-NP,1429,0,0,0,232,232,C
5-NP,1430,2,0,0,234,236,C
5-NP,1431,0,0,0,235,235,C
5-NP,1432,0,232,0,0,232,T
5-NP,1433,0,0,0,235,235,C
5-NP,1434,0,234,0,0,234,T
5-NP,1435,0,231,0,0,231,T
5-NP,1436,0,230,0,0,230,T
5-NP,1437,1,225,0,0,226,T
5-NP,1438,0,0,227,0,227,G
5-NP,1439,226,0,0,0,226,A
5-NP,1440,0,225,0,1,226,T
5-NP,1441,225,0,0,0,225,A
5-NP,1442,0,193,0,1,194,T
5-NP,1443,0,0,195,0,195,G
5-NP,1444,193,0,0,0,193,A
5-NP,1445,0,0,196,0,196,G
5-NP,1446,0,194,0,1,195,T
5-NP,1447,190,0,0,0,190,A
5-NP,1448,191,0,0,0,191,A
5-NP,1449,0,189,0,0,189,T
5-NP,1450,0,0,187,0,187,G
5-NP,1451,187,0,0,0,187,A
5-NP,1452,168,0,0,0,168,A
5-NP,1453,0,0,166,0,166,G
5-NP,1454,0,0,153,0,153,G
5-NP,1455,152,0,1,0,153,A
5-NP,1456,0,155,0,0,155,T
5-NP,1457,1,0,0,152,153,C
5-NP,1458,0,151,0,0,151,T
5-NP,1459,0,150,0,0,150,T
5-NP,1460,150,0,0,0,150,A
5-NP,1461,0,150,0,0,150,T
5-NP,1462,0,149,0,0,149,T
5-NP,1463,0,149,0,0,149,T
5-NP,1464,0,0,0,146,146,C
5-NP,1465,0,139,0,0,139,T
5-NP,1466,0,138,0,0,138,T
5-NP,1467,0,0,0,139,139,C
5-NP,1468,0,0,139,0,139,G
5-NP,1469,0,0,139,0,139,G
5-NP,1470,139,0,0,0,139,A
5-NP,1471,0,0,139,0,139,G
5-NP,1472,139,0,0,0,139,A
5-NP,1473,0,0,0,138,138,C
5-NP,1474,128,0,0,0,128,A
5-NP,1475,128,0,0,0,128,A
5-NP,1476,0,128,0,0,128,T
5-NP,1477,0,0,128,0,128,G
5-NP,1478,0,0,0,127,127,C
5-NP,1479,122,0,0,0,122,A
5-NP,1480,0,0,122,0,122,G
5-NP,1481,120,0,0,0,120,A
5-NP,1482,114,0,0,0,114,A
5-NP,1483,0,0,114,0,114,G
5-NP,1484,88,0,0,0,88,A
5-NP,1485,0,0,88,0,88,G
5-NP,1486,0,77,0,0,77,T
5-NP,1487,77,0,0,0,77,A
5-NP,1488,0,71,0,0,71,T
5-NP,1489,0,0,71,0,71,G
5-NP,1490,71,0,0,0,71,A
5-NP,1491,0,0,0,71,71,C
5-NP,1492,50,0,0,0,50,A
5-NP,1493,50,0,0,0,50,A
5-NP,1494,0,33,0,0,33,T
5-NP,1495,0,31,0,0,31,T
5-NP,1496,30,0,0,0,30,A
5-NP,1497,30,0,0,0,30,A
6-NA,1,41,0,0,0,41,A
6-NA,2,0,41,0,0,41,T
6-NA,3,0,0,41,0,41,G
6-NA,4,41,0,0,0,41,A
6-NA,5,40,0,1,0,41,A
6-NA,6,0,41,0,0,41,T
6-NA,7,0,0,0,41,41,C
6-NA,8,0,0,0,43,43,C
6-NA,9,43,0,0,0,43,A
6-NA,10,45,0,0,0,45,A
6-NA,11,46,0,0,0,46,A
6-NA,12,0,47,0,0,47,T
6-NA,13,0,0,0,48,48,C
6-NA,14,48,0,0,0,48,A
6-NA,15,48,0,0,0,48,A
6-NA,16,48,0,0,0,48,A
6-NA,17,55,0,0,0,55,A
6-NA,18,0,0,57,0,57,G
6-NA,19,59,0,0,0,59,A
6-NA,20,0,59,0,0,59,T
6-NA,21,60,0,0,0,60,A
6-NA,22,61,0,0,0,61,A
6-NA,23,0,62,0,0,62,T
6-NA,24,62,0,0,0,62,A
6-NA,25,62,0,0,0,62,A
6-NA,26,0,0,0,67,67,C
6-NA,27,0,0,69,0,69,G
6-NA,28,69,0,0,0,69,A
6-NA,29,0,69,0,0,69,T
6-NA,30,0,68,0,1,69,T
6-NA,31,0,0,69,0,69,G
6-NA,32,0,0,73,0,73,G
6-NA,33,0,1,0,72,73,C
6-NA,34,0,73,0,0,73,T
6-NA,35,0,0,0,75,75,C
6-NA,36,0,75,0,0,75,T
6-NA,37,0,0,79,0,79,G
6-NA,38,0,79,0,0,79,T
6-NA,39,0,79,0,0,79,T
6-NA,40,0,78,0,0,78,T
6-NA,41,0,0,0,81,81,C
6-NA,42,0,81,0,0,81,T
6-NA,43,0,0,0,83,83,C
6-NA,44,0,83,0,0,83,T
6-NA,45,0,0,0,84,84,C
6-NA,46,81,0,2,0,83,A
6-NA,47,0,0,0,95,95,C
6-NA,48,0,0,0,95,95,C
6-NA,49,95,0,0,0,95,A
6-NA,50,0,97,0,0,97,T
6-NA,51,0,98,0,0,98,T
6-NA,52,0,98,0,0,98,T
6-NA,53,0,0,0,102,102,C
6-NA,54,0,0,0,101,101,C
6-NA,55,102,0,0,0,102,A
6-NA,56,0,0,0,106,106,C
6-NA,57,103,0,0,0,103,A
6-NA,58,111,0,0,0,111,A
6-NA,59,0,111,0,0,111,T
6-NA,60,116,0,0,0,116,A
6-NA,61,0,115,0,1,116,T
6-NA,62,0,0,118,0,118,G
6-NA,63,0,0,0,118,118,C
6-NA,64,0,117,0,0,117,T
6-NA,65,0,117,0,0,117,T
6-NA,66,0,0,0,115,115,C
6-NA,67,0,117,0,0,117,T
6-NA,68,0,117,0,0,117,T
6-NA,69,0,0,0,118,118,C
6-NA,70,118,0,0,0,118,A
6-NA,71,0,118,0,0,118,T
6-NA,72,0,0,117,0,117,G
6-NA,73,0,0,0,119,119,C
6-NA,74,118,0,0,0,118,A
6-NA,75,119,0,0,0,119,A
6-NA,76,118,0,0,0,118,A
6-NA,77,0,121,0,0,121,T
6-NA,78,0,120,0,0,120,T
6-NA,79,0,0,119,0,119,G
6-NA,80,0,0,0,121,121,C
6-NA,81,0,0,0,121,121,C
6-NA,82,123,0,0,0,123,A
6-NA,83,0,122,0,1,123,T
6-NA,84,0,0,0,134,134,C
6-NA,85,0,134,0,0,134,T
6-NA,86,0,136,0,0,136,T
6-NA,87,0,0,140,0,140,G
6-NA,88,141,0,0,0,141,A
6-NA,89,0,142,0,0,142,T
6-NA,90,142,0,0,0,142,A
6-NA,91,141,0,0,0,141,A
6-NA,92,0,0,0,169,169,C
6-NA,93,0,165,0,0,165,T
6-NA,94,165,0,0,0,165,A
6-NA,95,0,0,0,172,172,C
6-NA,96,0,172,0,0,172,T
6-NA,97,0,0,179,0,179,G
6-NA,98,0,178,0,1,179,T
6-NA,99,177,0,0,0,177,A
6-NA,100,180,0,0,0,180,A
6-NA,101,0,0,0,179,179,C
6-NA,102,178,0,0,0,178,A
6-NA,103,0,177,0,1,178,T
6-NA,104,0,177,0,0,177,T
6-NA,105,0,0,178,0,178,G
6-NA,106,0,0,0,177,177,C
6-NA,107,179,0,0,0,179,A
6-NA,108,0,178,0,0,178,T
6-NA,109,0,177,0,0,177,T
6-NA,110,0,176,0,0,176,T
6-NA,111,0,0,0,174,174,C
6-NA,112,177,0,0,0,177,A
6-NA,113,176,0,0,0,176,A
6-NA,114,176,0,0,0,176,A
6-NA,115,0,0,0,180,180,C
6-NA,116,180,0,0,0,180,A
6-NA,117,191,0,0,0,191,A
6-NA,118,0,191,0,0,191,T
6-NA,119,192,0,0,0,192,A
6-NA,120,0,191,0,1,192,T
6-NA,121,0,0,197,0,197,G
6-NA,122,198,0,0,0,198,A
6-NA,123,202,0,0,0,202,A
6-NA,124,0,201,0,0,201,T
6-NA,125,0,202,0,0,202,T
6-NA,126,0,0,0,200,200,C
6-NA,127,199,0,0,0,199,A
6-NA,128,199,0,0,0,199,A
6-NA,129,1,0,0,198,199,C
6-NA,130,0,198,0,1,199,T
6-NA,131,0,0,0,197,197,C
6-NA,132,0,0,0,196,196,C
6-NA,133,1,0,0,199,200,C
6-NA,134,1,0,0,200,201,C
6-NA,135,0,0,0,201,201,C
6-NA,136,0,0,0,207,207,C
6-NA,137,1,0,0,204,205,C
6-NA,138,205,0,0,0,205,A
6-NA,139,205,0,0,0,205,A
6-NA,140,205,0,0,0,205,A
6-NA,141,0,0,0,209,209,C
6-NA,142,207,0,0,0,207,A
6-NA,143,212,0,1,0,213,A
6-NA,144,0,0,0,213,213,C
6-NA,145,0,0,0,214,214,C
6-NA,146,223,0,0,0,223,A
6-NA,147,225,0,0,0,225,A
6-NA,148,0,0,226,0,226,G
6-NA,149,0,226,0,0,226,T
6-NA,150,0,0,225,0,225,G
6-NA,151,231,0,0,0,231,A
6-NA,152,0,228,0,1,229,T
6-NA,153,0,0,230,0,230,G
6-NA,154,0,0,0,230,230,C
6-NA,155,0,225,0,1,226,T
6-NA,156,0,0,243,0,243,G
6-NA,157,0,241,0,1,242,T
6-NA,158,0,0,243,0,243,G
6-NA,159,0,242,0,0,242,T
6-NA,160,0,0,237,0,237,G
6-NA,161,238,0,0,0,238,A
6-NA,162,237,0,1,0,238,A
6-NA,163,0,0,0,239,239,C
6-NA,164,0,0,0,239,239,C
6-NA,165,232,0,0,0,232,A
6-NA,166,235,0,0,0,235,A
6-NA,167,0,0,0,241,241,C
6-NA,168,242,0,0,0,242,A
6-NA,169,244,0,0,0,244,A
6-NA,170,0,245,0,0,245,T
6-NA,171,245,0,0,0,245,A
6-NA,172,245,0,0,0,245,A
6-NA,173,0,245,0,0,245,T
6-NA,174,243,0,1,0,244,A
6-NA,175,0,0,248,0,248,G
6-NA,176,250,0,0,0,250,A
6-NA,177,242,0,5,0,247,A
6-NA,178,245,0,1,0,246,A
6-NA,179,0,0,252,0,252,G
6-NA,180,251,1,0,0,252,A
6-NA,181,253,0,0,0,253,A
6-NA,182,260,0,0,0,260,A
6-NA,183,0,0,0,260,260,C
6-NA,184,261,0,0,0,261,A
6-NA,185,0,261,0,0,261,T
6-NA,186,262,0,2,0,264,A
6-NA,187,267,0,1,0,268,A
6-NA,188,0,0,0,273,273,C
6-NA,189,272,0,0,0,272,A
6-NA,190,0,1,283,0,284,G
6-NA,191,282,0,0,0,282,A
6-NA,192,0,0,282,0,282,G
6-NA,193,285,0,1,0,286,A
6-NA,194,0,294,0,0,294,T
6-NA,195,292,0,2,0,294,A
6-NA,196,0,0,310,0,310,G
6-NA,197,0,305,0,1,306,T
6-NA,198,0,1,317,0,318,G
6-NA,199,0,316,0,1,317,T
6-NA,200,316,0,0,0,316,A
6-NA,201,0,314,0,0,314,T
6-NA,202,1,0,0,312,313,C
6-NA,203,0,309,0,0,309,T
6-NA,204,0,0,313,1,314,G
6-NA,205,308,0,7,0,315,A
6-NA,206,0,0,0,314,314,C
6-NA,207,0,0,0,311,311,C
6-NA,208,312,0,0,0,312,A
6-NA,209,314,0,0,0,314,A
6-NA,210,0,0,0,320,320,C
6-NA,211,319,0,0,0,319,A
6-NA,212,0,0,0,323,323,C
6-NA,213,0,0,1,319,320,C
6-NA,214,326,0,1,0,327,A
6-NA,215,0,0,0,336,336,C
6-NA,216,0,0,0,332,332,C
6-NA,217,334,0,0,0,334,A
6-NA,218,0,334,0,0,334,T
6-NA,219,332,0,1,0,333,A
6-NA,220,0,0,337,0,337,G
6-NA,221,331,0,0,0,331,A
6-NA,222,0,0,336,0,336,G
6-NA,223,326,0,1,0,327,A
6-NA,224,322,0,0,0,322,A
6-NA,225,1,1,319,0,321,G
6-NA,226,0,0,319,0,319,G
6-NA,227,320,0,0,0,320,A
6-NA,228,325,0,1,0,326,A
6-NA,229,323,0,1,0,324,A
6-NA,230,0,322,0,1,323,T
6-NA,231,319,1,0,0,320,A
6-NA,232,0,319,0,0,319,T
6-NA,233,0,0,320,0,320,G
6-NA,234,0,0,0,321,321,C
6-NA,235,0,0,0,318,318,C
6-NA,236,1,0,0,320,321,C
6-NA,237,0,0,0,320,320,C
6-NA,238,326,0,0,0,326,A
6-NA,239,329,0,0,0,329,A
6-NA,240,330,0,1,0,331,A
6-NA,241,1,0,0,332,333,C
6-NA,242,1,330,0,1,332,T
6-NA,243,331,0,0,0,331,A
6-NA,244,0,0,331,0,331,G
6-NA,245,0,0,0,331,331,C
6-NA,246,331,0,0,0,331,A
6-NA,247,0,1,333,0,334,G
6-NA,248,328,0,0,0,328,A
6-NA,249,338,0,0,0,338,A
6-NA,250,1,337,0,0,338,T
6-NA,251,338,0,0,0,338,A
6-NA,252,1,0,0,333,334,C
6-NA,253,336,0,0,0,336,A
6-NA,254,0,1,333,0,334,G
6-NA,255,338,0,0,0,338,A
6-NA,256,327,0,0,0,327,A
6-NA,257,332,0,0,0,332,A
6-NA,258,0,321,0,0,321,T
6-NA,259,0,321,0,0,321,T
6-NA,260,0,0,318,0,318,G
6-NA,261,0,0,317,0,317,G
6-NA,262,0,317,0,2,319,T
6-NA,263,1,0,0,318,319,C
6-NA,264,317,1,0,0,318,A
6-NA,265,317,0,1,0,318,A
6-NA,266,320,0,0,0,320,A
6-NA,267,0,0,323,0,323,G
6-NA,268,0,0,0,321,321,C
6-NA,269,0,2,0,318,320,C
6-NA,270,0,0,320,0,320,G
6-NA,271,0,0,0,324,324,C
6-NA,272,326,0,0,0,326,A
6-NA,273,329,0,0,0,329,A
6-NA,274,0,329,0,0,329,T
6-NA,275,0,0,330,0,330,G
6-NA,276,0,332,0,1,333,T
6-NA,277,0,0,334,0,334,G
6-NA,278,340,0,0,0,340,A
6-NA,279,0,0,0,343,343,C
6-NA,280,353,0,0,0,353,A
6-NA,281,0,354,0,0,354,T
6-NA,282,0,350,0,0,350,T
6-NA,283,349,0,0,0,349,A
6-NA,284,0,0,0,349,349,C
6-NA,285,348,0,0,0,348,A
6-NA,286,0,2,345,0,347,G
6-NA,287,0,0,344,0,344,G
6-NA,288,0,0,336,0,336,G
6-NA,289,0,351,0,0,351,T
6-NA,290,0,353,0,0,353,T
6-NA,291,0,350,0,0,350,T
6-NA,292,0,1,352,0,353,G
6-NA,293,0,1,0,352,353,C
6-NA,294,353,0,0,0,353,A
6-NA,295,0,0,0,354,354,C
6-NA,296,1,0,0,347,348,C
6-NA,297,0,343,0,0,343,T
6-NA,298,0,343,0,0,343,T
6-NA,299,0,347,0,0,347,T
6-NA,300,0,347,0,0,347,T
6-NA,301,0,357,0,0,357,T
6-NA,302,1,0,0,356,357,C
6-NA,303,0,355,0,0,355,T
6-NA,304,356,0,0,0,356,A
6-NA,305,356,0,0,0,356,A
6-NA,306,0,0,357,0,357,G
6-NA,307,0,0,357,0,357,G
6-NA,308,356,0,0,0,356,A
6-NA,309,0,0,0,361,361,C
6-NA,310,356,0,0,0,356,A
6-NA,311,358,0,0,0,358,A
6-NA,312,0,358,0,0,358,T
6-NA,313,1,354,0,0,355,T
6-NA,314,0,0,0,360,360,C
6-NA,315,0,0,358,0,358,G
6-NA,316,359,1,0,0,360,A
6-NA,317,0,359,0,0,359,T
6-NA,318,0,357,0,0,357,T
6-NA,319,357,0,1,0,358,A
6-NA,320,0,0,364,0,364,G
6-NA,321,0,0,362,0,362,G
6-NA,322,1,0,0,364,365,C
6-NA,323,0,358,0,0,358,T
6-NA,324,0,358,0,1,359,T
6-NA,325,0,362,0,0,362,T
6-NA,326,0,0,0,365,365,C
6-NA,327,0,0,0,365,365,C
6-NA,328,0,1,363,0,364,G
6-NA,329,0,0,0,363,363,C
6-NA,330,0,363,0,0,363,T
6-NA,331,0,1,372,0,373,G
6-NA,332,0,0,374,0,374,G
6-NA,333,0,370,0,0,370,T
6-NA,334,0,1,368,0,369,G
6-NA,335,0,1,370,0,371,G
6-NA,336,0,0,372,0,372,G
6-NA,337,0,0,375,0,375,G
6-NA,338,375,0,0,0,375,A
6-NA,339,0,0,0,378,378,C
6-NA,340,371,0,0,0,371,A
6-NA,341,0,370,0,0,370,T
6-NA,342,0,0,1,370,371,C
6-NA,343,0,369,0,0,369,T
6-NA,344,0,0,366,0,366,G
6-NA,345,0,1,366,0,367,G
6-NA,346,0,0,369,0,369,G
6-NA,347,0,369,0,0,369,T
6-NA,348,0,0,361,0,361,G
6-NA,349,360,0,0,0,360,A
6-NA,350,0,0,0,371,371,C
6-NA,351,370,0,1,0,371,A
6-NA,352,400,0,1,0,401,A
6-NA,353,0,0,414,0,414,G
6-NA,354,412,0,0,0,412,A
6-NA,355,0,0,446,0,446,G
6-NA,356,464,0,2,0,466,A
6-NA,357,529,0,0,0,529,A
6-NA,358,0,0,0,734,734,C
6-NA,359,0,0,0,807,807,C
6-NA,360,0,812,0,0,812,T
6-NA,361,0,816,0,0,816,T
6-NA,362,822,0,0,0,822,A
6-NA,363,0,822,0,1,823,T
6-NA,364,0,0,903,0,903,G
6-NA,365,0,912,0,0,912,T
6-NA,366,0,0,941,0,941,G
6-NA,367,0,934,0,1,935,T
6-NA,368,0,1,0,926,927,C
6-NA,369,947,0,1,3,951,A
6-NA,370,0,956,0,0,956,T
6-NA,371,0,0,954,0,954,G
6-NA,372,0,0,0,954,954,C
6-NA,373,0,1,954,0,955,G
6-NA,374,1169,0,2,0,1171,A
6-NA,375,0,1170,0,1,1171,T
6-NA,376,1,0,0,1211,1212,C
6-NA,377,1,1,0,1209,1211,C
6-NA,378,0,1241,1,3,1245,T
6-NA,379,0,2,1256,0,1258,G
6-NA,380,1254,1,3,0,1258,A
6-NA,381,0,0,0,1261,1261,C
6-NA,382,1260,0,1,0,1261,A
6-NA,383,1253,0,1,0,1254,A
6-NA,384,0,1,1341,0,1342,G
6-NA,385,0,1336,0,1,1337,T
6-NA,386,0,0,1370,0,1370,G
6-NA,387,0,1362,0,0,1362,T
6-NA,388,0,1365,0,0,1365,T
6-NA,389,1366,0,0,0,1366,A
6-NA,390,0,1366,0,1,1367,T
6-NA,391,0,1,0,1403,1404,C
6-NA,392,1405,0,0,0,1405,A
6-NA,393,1410,0,0,1,1411,A
6-NA,394,0,1403,0,1,1404,T
6-NA,395,1,1404,0,1,1406,T
6-NA,396,0,1405,0,0,1405,T
6-NA,397,0,0,1416,0,1416,G
6-NA,398,0,4,0,1532,1536,C
6-NA,399,1,1,0,1535,1537,C
6-NA,400,5,2,0,1541,1548,C
6-NA,401,1,1533,0,12,1546,T
6-NA,402,0,1550,0,1,1551,T
6-NA,403,1,4,1580,0,1585,G
6-NA,404,0,4,1590,0,1594,G
6-NA,405,1597,2,1,0,1600,A
6-NA,406,0,0,0,1605,1605,C
6-NA,407,1556,0,9,0,1565,A
6-NA,408,1,3,1600,0,1604,G
6-NA,409,1,2,1598,0,1601,G
6-NA,410,0,0,1675,0,1675,G
6-NA,411,1668,1,1,1,1671,A
6-NA,412,1666,0,3,1,1670,A
6-NA,413,0,2,0,1671,1673,C
6-NA,414,1670,1,0,1,1672,A
6-NA,415,1878,0,3,0,1881,A
6-NA,416,0,0,0,1893,1893,C
6-NA,417,1876,0,2,0,1878,A
6-NA,418,1,0,0,1890,1891,C
6-NA,419,0,1860,0,1,1861,T
6-NA,420,1886,0,0,0,1886,A
6-NA,421,1884,0,0,0,1884,A
6-NA,422,1909,0,2,0,1911,A
6-NA,423,0,0,0,1916,1916,C
6-NA,424,1858,0,0,0,1858,A
6-NA,425,1894,0,1,0,1895,A
6-NA,426,0,0,0,1902,1902,C
6-NA,427,0,0,1897,0,1897,G
6-NA,428,0,1900,0,1,1901,T
6-NA,429,1876,0,3,0,1879,A
6-NA,430,0,0,0,1915,1915,C
6-NA,431,1917,0,1,0,1918,A
6-NA,432,0,1924,0,0,1924,T
6-NA,433,0,1931,0,0,1931,T
6-NA,434,0,0,2,2020,2022,C
6-NA,435,2088,0,1,0,2089,A
6-NA,436,2118,0,0,0,2118,A
6-NA,437,2118,0,0,0,2118,A
6-NA,438,1,2118,0,0,2119,T
6-NA,439,2105,0,0,0,2105,A
6-NA,440,2200,0,2,0,2202,A
6-NA,441,2,0,0,2217,2219,C
6-NA,442,2218,0,0,0,2218,A
6-NA,443,1,0,0,2259,2260,C
6-NA,444,2213,0,3,0,2216,A
6-NA,445,0,2,2708,0,2710,G
6-NA,446,0,2709,0,1,2710,T
6-NA,447,2747,1,0,0,2748,A
6-NA,448,0,1,0,2757,2758,C
6-NA,449,0,1,2750,0,2751,G
6-NA,450,0,2886,0,3,2889,T
6-NA,451,0,3,2890,0,2893,G
6-NA,452,2915,0,0,0,2915,A
6-NA,453,0,2931,0,1,2932,T
6-NA,454,2762,1,0,0,2763,A
6-NA,455,0,5,2769,0,2774,G
6-NA,456,0,2,2764,1,2767,G
6-NA,457,2775,0,1,0,2776,A
6-NA,458,0,1,0,2837,2838,C
6-NA,459,1,0,0,2801,2802,C
6-NA,460,5,0,0,2824,2829,C
6-NA,461,6,3,0,2837,2846,C
6-NA,462,0,2853,0,2,2855,T
6-NA,463,0,2911,0,0,2911,T
6-NA,464,2924,0,3,0,2927,A
6-NA,465,1,2929,0,0,2930,T
6-NA,466,3,2,1,2928,2934,C
6-NA,467,1,1,2909,0,2911,G
6-NA,468,0,4,2913,0,2917,G
6-NA,469,2920,0,0,0,2920,A
6-NA,470,2,0,0,2962,2964,C
6-NA,471,3,1,0,2956,2960,C
6-NA,472,2,1,0,3129,3132,C
6-NA,473,0,3116,0,3,3119,T
6-NA,474,3182,0,0,0,3182,A
6-NA,475,0,3184,0,2,3186,T
6-NA,476,2,3180,0,1,3183,T
6-NA,477,0,0,3191,0,3191,G
6-NA,478,3199,1,1,0,3201,A
6-NA,479,1,3194,0,1,3196,T
6-NA,480,0,0,3200,1,3201,G
6-NA,481,3113,1,3,0,3117,A
6-NA,482,3105,0,11,1,3117,A
6-NA,483,0,3112,0,2,3114,T
6-NA,484,1,5,3146,0,3152,G
6-NA,485,3209,0,1,0,3210,A
6-NA,486,1,0,3240,0,3241,G
6-NA,487,2,3228,0,3,3233,T
6-NA,488,1,3234,0,1,3236,T
6-NA,489,3245,1,3,1,3250,A
6-NA,490,0,6,3255,0,3261,G
6-NA,491,0,1,3265,0,3266,G
6-NA,492,0,3242,0,3,3245,T
6-NA,493,1,2,3239,0,3242,G
6-NA,494,2,3206,0,4,3212,T
6-NA,495,0,3179,0,17,3196,T
6-NA,496,1,0,1,3235,3237,C
6-NA,497,3,1,0,3246,3250,C
6-NA,498,0,3230,0,3,3233,T
6-NA,499,1,3231,2,2,3236,T
6-NA,500,0,3230,0,0,3230,T
6-NA,501,2,3229,1,3,3235,T
6-NA,502,1,1,0,3243,3245,C
6-NA,503,3239,0,1,0,3240,A
6-NA,504,0,3330,0,1,3331,T
6-NA,505,0,0,0,3332,3332,C
6-NA,506,0,3295,0,6,3301,T
6-NA,507,0,11,3285,0,3296,G
6-NA,508,0,15,3270,0,3285,G
6-NA,509,1,2,3297,0,3300,G
6-NA,510,1,2,3332,0,3335,G
6-NA,511,3322,0,2,0,3324,A
6-NA,512,1,1,0,3361,3363,C
6-NA,513,3,0,0,3308,3311,C
6-NA,514,3356,1,1,0,3358,A
6-NA,515,3361,0,3,0,3364,A
6-NA,516,0,0,3365,0,3365,G
6-NA,517,0,0,0,3371,3371,C
6-NA,518,3358,0,1,0,3359,A
6-NA,519,3397,1,0,0,3398,A
6-NA,520,0,2,3433,0,3435,G
6-NA,521,0,3407,0,3,3410,T
6-NA,522,2,2,3502,0,3506,G
6-NA,523,1,3473,0,3,3477,T
6-NA,524,1,0,3600,0,3601,G
6-NA,525,2,1,0,3599,3602,C
6-NA,526,3587,0,3,1,3591,A
6-NA,527,1,3622,0,2,3625,T
6-NA,528,3547,1,0,0,3548,A
6-NA,529,1,0,3687,0,3688,G
6-NA,530,0,0,0,3676,3676,C
6-NA,531,3599,1,1,0,3601,A
6-NA,532,1,3597,0,0,3598,T
6-NA,533,1,5,3528,0,3534,G
6-NA,534,1,2,3829,0,3832,G
6-NA,535,1,3832,0,6,3839,T
6-NA,536,4,1,0,3823,3828,C
6-NA,537,2,0,0,3857,3859,C
6-NA,538,3820,0,4,0,3824,A
6-NA,539,1,1,3975,0,3977,G
6-NA,540,1,0,0,3985,3986,C
6-NA,541,0,3975,0,8,3983,T
6-NA,542,1,4,0,3999,4004,C
6-NA,543,3896,1,0,0,3897,A
6-NA,544,3943,1,4,0,3948,A
6-NA,545,0,1,3964,0,3965,G
6-NA,546,1,3953,0,3,3957,T
6-NA,547,0,3943,0,8,3951,T
6-NA,548,1,4,3947,1,3953,G
6-NA,549,1,3955,0,1,3957,T
6-NA,550,5,0,0,3945,3950,C
6-NA,551,3957,0,3,0,3960,A
6-NA,552,1,1,0,3992,3994,C
6-NA,553,0,4,3975,0,3979,G
6-NA,554,4064,1,6,0,4071,A
6-NA,555,0,4079,0,3,4082,T
6-NA,556,16,0,4139,1,4156,G
6-NA,557,1,2,4184,0,4187,G
6-NA,558,4176,0,7,0,4183,A
6-NA,559,4195,0,1,0,4196,A
6-NA,560,4236,2,4,0,4242,A
6-NA,561,4238,0,9,1,4248,A
6-NA,562,0,0,4325,0,4325,G
6-NA,563,1,15,0,4293,4309,C
6-NA,564,4299,0,4,0,4303,A
6-NA,565,0,4313,1,8,4322,T
6-NA,566,0,6,4373,0,4379,G
6-NA,567,1,2,4410,0,4413,G
6-NA,568,1,0,0,4459,4460,C
6-NA,569,1,4440,1,8,4450,T
6-NA,570,0,1,4481,0,4482,G
6-NA,571,0,3,0,4455,4458,C
6-NA,572,4475,2,2,0,4479,A
6-NA,573,0,4705,1,1,4707,T
6-NA,574,2,1,4724,0,4727,G
6-NA,575,0,4769,0,3,4772,T
6-NA,576,0,4867,0,37,4904,T
6-NA,577,1,4893,0,8,4902,T
6-NA,578,0,1,5232,0,5233,G
6-NA,579,1,5216,0,9,5226,T
6-NA,580,5231,0,3,0,5234,A
6-NA,581,0,5256,0,1,5257,T
6-NA,582,5187,0,2,0,5189,A
6-NA,583,5217,1,5,0,5223,A
6-NA,584,2,2,0,5175,5179,C
6-NA,585,4,14,5109,0,5127,G
6-NA,586,1,9,5134,0,5144,G
6-NA,587,1,17,5044,1,5063,G
6-NA,588,1,7,5101,0,5109,G
6-NA,589,3,8,5103,2,5116,G
6-NA,590,5098,1,9,0,5108,A
6-NA,591,0,5122,0,0,5122,T
6-NA,592,1,4,5134,1,5140,G
6-NA,593,5147,2,14,0,5163,A
6-NA,594,1,5181,0,0,5182,T
6-NA,595,5158,1,2,0,5161,A
6-NA,596,5231,0,1,0,5232,A
6-NA,597,5246,1,3,1,5251,A
6-NA,598,5249,3,3,1,5256,A
6-NA,599,5275,0,1,0,5276,A
6-NA,600,1,5277,0,1,5279,T
6-NA,601,1,3,5281,0,5285,G
6-NA,602,2,3,0,5265,5270,C
6-NA,603,5262,0,2,0,5264,A
6-NA,604,5296,0,5,0,5301,A
6-NA,605,3,2,0,5360,5365,C
6-NA,606,3,5366,1,0,5370,T
6-NA,607,1,3,5401,0,5405,G
6-NA,608,2,1,1,5399,5403,C
6-NA,609,0,5399,0,7,5406,T
6-NA,610,5410,1,3,0,5414,A
6-NA,611,0,68,5352,0,5420,G
6-NA,612,5,0,0,5495,5500,C
6-NA,613,1,5481,8,7,5497,T
6-NA,614,1,5502,0,1,5504,T
6-NA,615,3,3,0,5571,5577,C
6-NA,616,5601,0,1,1,5603,A
6-NA,617,1,5604,1,0,5606,T
6-NA,618,1,5616,0,2,5619,T
6-NA,619,1,5658,0,5,5664,T
6-NA,620,5695,2,3,0,5700,A
6-NA,621,3,2,0,5762,5767,C
6-NA,622,5739,0,1,0,5740,A
6-NA,623,5781,0,6,1,5788,A
6-NA,624,0,5765,0,2,5767,T
6-NA,625,0,17,5749,0,5766,G
6-NA,626,2,9,5740,0,5751,G
6-NA,627,1,5,5753,1,5760,G
6-NA,628,5718,1,28,1,5748,A
6-NA,629,1,5,5890,0,5896,G
6-NA,630,1,2,5952,0,5955,G
6-NA,631,0,0,0,6480,6480,C
6-NA,632,1,6450,0,16,6467,T
6-NA,633,2,6536,0,5,6543,T
6-NA,634,1,5,6609,0,6615,G
6-NA,635,0,6627,0,1,6628,T
6-NA,636,6734,4,4,1,6743,A
6-NA,637,0,1,6778,0,6779,G
6-NA,638,6677,1,5,1,6684,A
6-NA,639,2,6684,1,1,6688,T
6-NA,640,6271,1,2,0,6274,A
6-NA,641,0,5,6274,1,6280,G
6-NA,642,1,6240,0,5,6246,T
6-NA,643,0,7,6113,0,6120,G
6-NA,644,0,6450,1,3,6454,T
6-NA,645,0,6451,1,2,6454,T
6-NA,646,2,4,6571,1,6578,G
6-NA,647,0,6532,0,21,6553,T
6-NA,648,0,6563,0,3,6566,T
6-NA,649,0,6570,0,5,6575,T
6-NA,650,5,2,1,6480,6488,C
6-NA,651,6440,1,27,1,6469,A
6-NA,652,0,6441,0,4,6445,T
6-NA,653,3,11,6436,0,6450,G
6-NA,654,0,5,6881,0,6886,G
6-NA,655,1,6850,0,2,6853,T
6-NA,656,8,1,1,6848,6858,C
6-NA,657,9,3,0,6839,6851,C
6-NA,658,6879,0,5,0,6884,A
6-NA,659,6922,1,4,0,6927,A
6-NA,660,6914,0,2,1,6917,A
6-NA,661,0,5,6966,1,6972,G
6-NA,662,6935,2,6,0,6943,A
6-NA,663,6736,1,2,0,6739,A
6-NA,664,6746,2,4,0,6752,A
6-NA,665,0,6755,1,1,6757,T
6-NA,666,7,2,0,7006,7015,C
6-NA,667,4,2,1,7007,7014,C
6-NA,668,2,6996,0,3,7001,T
6-NA,669,9,4,0,7002,7015,C
6-NA,670,6981,1,27,0,7009,A
6-NA,671,2,9,7086,0,7097,G
6-NA,672,1,6,7097,0,7104,G
6-NA,673,7295,1,12,1,7309,A
6-NA,674,5,3,1,7307,7316,C
6-NA,675,8,4,0,7170,7182,C
6-NA,676,12,0,1,7189,7202,C
6-NA,677,7201,2,4,1,7208,A
6-NA,678,2,4,7220,0,7226,G
6-NA,679,1,12,7246,0,7259,G
6-NA,680,7200,1,19,0,7220,A
6-NA,681,2,3,7300,0,7305,G
6-NA,682,1,7188,0,3,7192,T
6-NA,683,5,1,0,7216,7222,C
6-NA,684,7193,0,10,0,7203,A
6-NA,685,2,5,7261,0,7268,G
6-NA,686,7231,2,3,0,7236,A
6-NA,687,7242,1,1,1,7245,A
6-NA,688,0,7207,0,0,7207,T
6-NA,689,2,1,7235,1,7239,G
6-NA,690,4,2,1,7245,7252,C
6-NA,691,6,5,7278,0,7289,G
6-NA,692,2,7240,0,5,7247,T
6-NA,693,2,7268,1,3,7274,T
6-NA,694,1,7223,0,0,7224,T
6-NA,695,0,6,7296,0,7302,G
6-NA,696,0,7311,0,10,7321,T
6-NA,697,7314,3,3,0,7320,A
6-NA,698,0,7295,0,6,7301,T
6-NA,699,12,4,1,7297,7314,C
6-NA,700,7304,1,0,0,7305,A
6-NA,701,7310,0,2,1,7313,A
6-NA,702,1,7319,0,0,7320,T
6-NA,703,4,11,7281,0,7296,G
6-NA,704,1,11,7319,0,7331,G
6-NA,705,7484,2,6,1,7493,A
6-NA,706,7498,0,4,1,7503,A
6-NA,707,3,2,1,7566,7572,C
6-NA,708,4,7607,0,7,7618,T
6-NA,709,0,7601,0,6,7607,T
6-NA,710,1,2,7880,0,7883,G
6-NA,711,4,7881,0,0,7885,T
6-NA,712,7869,3,10,1,7883,A
6-NA,713,2,2,0,7942,7946,C
6-NA,714,7741,0,1,1,7743,A
6-NA,715,2,5,8298,0,8305,G
6-NA,716,2,8234,0,8,8244,T
6-NA,717,8719,0,1,1,8721,A
6-NA,718,0,6,8825,0,8831,G
6-NA,719,1,8699,0,2,8702,T
6-NA,720,8712,1,4,1,8718,A
6-NA,721,8709,0,2,0,8711,A
6-NA,722,1,8652,0,1,8654,T
6-NA,723,7918,0,6,0,7924,A
6-NA,724,8244,0,3,0,8247,A
6-NA,725,6,1,0,8350,8357,C
6-NA,726,0,8369,1,5,8375,T
6-NA,727,4,4,8415,1,8424,G
6-NA,728,8365,1,10,0,8376,A
6-NA,729,2,8387,0,2,8391,T
6-NA,730,0,15,8391,1,8407,G
6-NA,731,0,7,8332,0,8339,G
6-NA,732,3,9,8362,0,8374,G
6-NA,733,8251,0,9,1,8261,A
6-NA,734,2,11,8251,1,8265,G
6-NA,735,2,8187,0,4,8193,T
6-NA,736,0,1,8238,0,8239,G
6-NA,737,3,1,2,8304,8310,C
6-NA,738,0,8295,2,7,8304,T
6-NA,739,2,8293,1,5,8301,T
6-NA,740,6,0,0,8307,8313,C
6-NA,741,8300,2,12,0,8314,A
6-NA,742,0,5,8367,1,8373,G
6-NA,743,1,5,8364,0,8370,G
6-NA,744,8349,1,3,0,8353,A
6-NA,745,8296,2,2,1,8301,A
6-NA,746,8216,3,4,1,8224,A
6-NA,747,8245,1,12,3,8261,A
6-NA,748,0,2,8304,0,8306,G
6-NA,749,1,2,0,8295,8298,C
6-NA,750,0,8267,2,1,8270,T
6-NA,751,2,7,8258,0,8267,G
6-NA,752,8249,2,4,3,8258,A
6-NA,753,0,8337,0,1,8338,T
6-NA,754,8358,1,4,0,8363,A
6-NA,755,8,0,0,8751,8759,C
6-NA,756,0,8716,1,3,8720,T
6-NA,757,8734,0,0,0,8734,A
6-NA,758,8727,0,2,0,8729,A
6-NA,759,8744,0,4,1,8749,A
6-NA,760,9006,2,4,0,9012,A
6-NA,761,1,9007,3,2,9013,T
6-NA,762,9021,3,5,0,9029,A
6-NA,763,5,2,0,9059,9066,C
6-NA,764,0,8745,1,3,8749,T
6-NA,765,8838,0,4,0,8842,A
6-NA,766,3,8806,3,4,8816,T
6-NA,767,1,9167,1,4,9173,T
6-NA,768,5,1,0,9211,9217,C
6-NA,769,9069,1,2,0,9072,A
6-NA,770,0,9059,1,2,9062,T
6-NA,771,1,9032,1,2,9036,T
6-NA,772,0,6,9074,0,9080,G
6-NA,773,9013,0,17,0,9030,A
6-NA,774,1,11,8971,0,8983,G
6-NA,775,2,6,8977,0,8985,G
6-NA,776,8667,1,8,0,8676,A
6-NA,777,36,23,8766,1,8826,G
6-NA,778,2,13,8803,1,8819,G
6-NA,779,4,11,8805,0,8820,G
6-NA,780,1,4,8852,1,8858,G
6-NA,781,8786,4,3,1,8794,A
6-NA,782,8813,1,6,1,8821,A
6-NA,783,8786,1,8,0,8795,A
6-NA,784,8778,0,14,2,8794,A
6-NA,785,2,8794,0,4,8800,T
6-NA,786,5,2,0,8716,8723,C
6-NA,787,2,0,8816,0,8818,G
6-NA,788,0,8795,1,4,8800,T
6-NA,789,3,8786,0,7,8796,T
6-NA,790,12,1,1,8797,8811,C
6-NA,791,8822,1,1,1,8825,A
6-NA,792,0,9502,0,4,9506,T
6-NA,793,9493,1,1,0,9495,A
6-NA,794,8,0,0,9539,9547,C
6-NA,795,1,9526,0,2,9529,T
6-NA,796,9513,1,9,0,9523,A
6-NA,797,0,3,9526,0,9529,G
6-NA,798,4,3,0,9523,9530,C
6-NA,799,9532,2,7,0,9541,A
6-NA,800,4,2,0,9555,9561,C
6-NA,801,9117,0,6,0,9123,A
6-NA,802,1,9429,1,3,9434,T
6-NA,803,0,9393,1,6,9400,T
6-NA,804,2,5,10056,0,10063,G
6-NA,805,1,10011,0,13,10025,T
6-NA,806,11,268,0,9746,10025,C
6-NA,807,10012,1,8,0,10021,A
6-NA,808,1,7,10020,0,10028,G
6-NA,809,0,6,10027,0,10033,G
6-NA,810,9980,3,8,0,9991,A
6-NA,811,9687,0,9,0,9696,A
6-NA,812,1,6,9828,1,9836,G
6-NA,813,1,9306,1,2,9310,T
6-NA,814,0,3,9377,0,9380,G
6-NA,815,3,0,0,9379,9382,C
6-NA,816,0,9360,0,5,9365,T
6-NA,817,7,3,0,9385,9395,C
6-NA,818,9320,0,26,1,9347,A
6-NA,819,2,2,9431,0,9435,G
6-NA,820,1,2,2,9432,9437,C
6-NA,821,9409,1,5,0,9415,A
6-NA,822,0,9413,0,6,9419,T
6-NA,823,4,4,9794,1,9803,G
6-NA,824,1,9801,0,6,9808,T
6-NA,825,4,0,0,9790,9794,C
6-NA,826,6,10,9789,2,9807,G
6-NA,827,9772,3,11,0,9786,A
6-NA,828,1,13,9714,0,9728,G
6-NA,829,1,12,9745,0,9758,G
6-NA,830,9680,2,11,0,9693,A
6-NA,831,0,5,9848,0,9853,G
6-NA,832,3,9489,1,5,9498,T
6-NA,833,4,5,9541,0,9550,G
6-NA,834,5,4,1,9707,9717,C
6-NA,835,1,9681,3,10,9695,T
6-NA,836,12,3,3,9742,9760,C
6-NA,837,10,6,1,9766,9783,C
6-NA,838,2,9776,0,5,9783,T
6-NA,839,2,3,9833,0,9838,G
6-NA,840,7,2,0,9754,9763,C
6-NA,841,0,9671,1,10,9682,T
6-NA,842,9766,1,3,1,9771,A
6-NA,843,3,9594,0,5,9602,T
6-NA,844,3,2,0,9666,9671,C
6-NA,845,12,0,0,9659,9671,C
6-NA,846,2,9649,1,7,9659,T
6-NA,847,4,4,0,9708,9716,C
6-NA,848,2,3,9695,1,9701,G
6-NA,849,9821,0,6,0,9827,A
6-NA,850,1,9820,2,9,9832,T
6-NA,851,9878,3,1,0,9882,A
6-NA,852,1,9883,0,7,9891,T
6-NA,853,12,0,6,9855,9873,C
6-NA,854,12,0,0,9845,9857,C
6-NA,855,3,9785,0,6,9794,T
6-NA,856,4,12,9844,1,9861,G
6-NA,857,4,6,9897,0,9907,G
6-NA,858,1,9975,2,8,9986,T
6-NA,859,1,3,9999,0,10003,G
6-NA,860,0,9926,1,15,9942,T
6-NA,861,10,0,0,9919,9929,C
6-NA,862,9901,2,10,2,9915,A
6-NA,863,2,6,9928,0,9936,G
6-NA,864,9924,1,9,0,9934,A
6-NA,865,3,9792,1,7,9803,T
6-NA,866,4,3,9815,0,9822,G
6-NA,867,0,9716,2,3,9721,T
6-NA,868,3,0,9741,1,9745,G
6-NA,869,2,9702,1,4,9709,T
6-NA,870,11,2,0,9719,9732,C
6-NA,871,2,9708,1,8,9719,T
6-NA,872,6,2,9728,0,9736,G
6-NA,873,2,2,1,9714,9719,C
6-NA,874,9698,1,6,2,9707,A
6-NA,875,2,3,9712,1,9718,G
6-NA,876,9488,0,7,0,9495,A
6-NA,877,4,4,9527,3,9538,G
6-NA,878,9513,0,9,1,9523,A
6-NA,879,2,3,1,9579,9585,C
6-NA,880,9569,2,12,1,9584,A
6-NA,881,9667,4,6,0,9677,A
6-NA,882,5,3,0,9706,9714,C
6-NA,883,3,9690,0,1,9694,T
6-NA,884,3,10,9720,0,9733,G
6-NA,885,4,5,9710,1,9720,G
6-NA,886,9678,0,8,1,9687,A
6-NA,887,9666,0,10,0,9676,A
6-NA,888,9480,2,11,1,9494,A
6-NA,889,4,11,9457,0,9472,G
6-NA,890,3,6,9341,0,9350,G
6-NA,891,9173,3,52,0,9228,A
6-NA,892,4,9506,1,2,9513,T
6-NA,893,7,4,1,9556,9568,C
6-NA,894,10,2,0,9750,9762,C
6-NA,895,9775,1,3,1,9780,A
6-NA,896,9766,2,2,0,9770,A
6-NA,897,2,9783,0,1,9786,T
6-NA,898,9481,0,11,1,9493,A
6-NA,899,2,10,9451,0,9463,G
6-NA,900,0,1,9471,0,9472,G
6-NA,901,5,3,0,9458,9466,C
6-NA,902,10,4,0,9423,9437,C
6-NA,903,15,4,0,9217,9236,C
6-NA,904,9315,3,3,0,9321,A
6-NA,905,1,9377,0,12,9390,T
6-NA,906,7,5,0,9401,9413,C
6-NA,907,4,1,9440,0,9445,G
6-NA,908,0,9407,0,3,9410,T
6-NA,909,9248,0,2,1,9251,A
6-NA,910,1,4,9392,0,9397,G
6-NA,911,9408,1,19,0,9428,A
6-NA,912,1,9456,0,3,9460,T
6-NA,913,9281,0,3,1,9285,A
6-NA,914,0,9180,1,1,9182,T
6-NA,915,9178,0,5,0,9183,A
6-NA,916,9170,1,5,0,9176,A
6-NA,917,9354,0,12,3,9369,A
6-NA,918,6,3,0,9526,9535,C
6-NA,919,9264,2,1,0,9267,A
6-NA,920,0,9238,0,4,9242,T
6-NA,921,9173,0,1,0,9174,A
6-NA,922,9166,1,6,1,9174,A
6-NA,923,9160,6,11,1,9178,A
6-NA,924,2,15,9265,0,9282,G
6-NA,925,1,8,9374,0,9383,G
6-NA,926,9127,1,6,0,9134,A
6-NA,927,0,9142,1,6,9149,T
6-NA,928,6,1,0,9164,9171,C
6-NA,929,9227,3,12,0,9242,A
6-NA,930,3,9244,0,2,9249,T
6-NA,931,9218,1,11,0,9230,A
6-NA,932,0,5,9284,1,9290,G
6-NA,933,1,1,0,9174,9176,C
6-NA,934,9007,2,1,1,9011,A
6-NA,935,0,8697,3,4,8704,T
6-NA,936,0,8746,0,2,8748,T
6-NA,937,8,2,8712,0,8722,G
6-NA,938,3,8735,0,11,8749,T
6-NA,939,10,1,0,8631,8642,C
6-NA,940,1,9309,3,7,9320,T
6-NA,941,11,0,0,9406,9417,C
6-NA,942,13,2,0,9462,9477,C
6-NA,943,9566,3,10,0,9579,A
6-NA,944,0,4,9735,0,9739,G
6-NA,945,0,9727,1,4,9732,T
6-NA,946,1,9290,2,6,9299,T
6-NA,947,9301,1,2,0,9304,A
6-NA,948,0,9068,0,6,9074,T
6-NA,949,2,7,9070,0,9079,G
6-NA,950,1,8929,1,7,8938,T
6-NA,951,1,6,8962,1,8970,G
6-NA,952,2,8728,0,3,8733,T
6-NA,953,2,8,8910,0,8920,G
6-NA,954,2,8902,0,9,8913,T
6-NA,955,3,8871,2,7,8883,T
6-NA,956,5,3,2,8875,8885,C
6-NA,957,8796,2,6,1,8805,A
6-NA,958,2,19,8874,0,8895,G
6-NA,959,2,3,8873,1,8879,G
6-NA,960,8794,3,45,1,8843,A
6-NA,961,3,0,0,8861,8864,C
6-NA,962,0,8597,1,3,8601,T
6-NA,963,1,8635,1,6,8643,T
6-NA,964,2,3,8986,0,8991,G
6-NA,965,3,8974,0,7,8984,T
6-NA,966,2,8975,2,4,8983,T
6-NA,967,3,5,8923,1,8932,G
6-NA,968,4,16,8956,0,8976,G
6-NA,969,8942,2,13,1,8958,A
6-NA,970,3,7,8969,1,8980,G
6-NA,971,8936,3,7,1,8947,A
6-NA,972,4,5,0,8934,8943,C
6-NA,973,8642,1,6,0,8649,A
6-NA,974,3,4,0,8690,8697,C
6-NA,975,8667,2,12,39,8720,A
6-NA,976,6,3,0,8744,8753,C
6-NA,977,21,2,0,8649,8672,C
6-NA,978,20,1,0,8682,8703,C
6-NA,979,8677,2,5,0,8684,A
6-NA,980,1,5,8711,1,8718,G
6-NA,981,8700,2,4,0,8706,A
6-NA,982,8760,0,3,0,8763,A
6-NA,983,8692,2,0,0,8694,A
6-NA,984,8681,1,0,2,8684,A
6-NA,985,8638,0,5,1,8644,A
6-NA,986,8620,1,5,18,8644,A
6-NA,987,5,14,0,8637,8656,C
6-NA,988,2,8,8637,0,8647,G
6-NA,989,8609,2,7,0,8618,A
6-NA,990,6,0,0,8611,8617,C
6-NA,991,8587,0,6,1,8594,A
6-NA,992,4,1,8666,1,8672,G
6-NA,993,2,1,0,8948,8951,C
6-NA,994,1,8915,0,15,8931,T
6-NA,995,13,1,0,8942,8956,C
6-NA,996,11,2,0,8977,8990,C
6-NA,997,8990,0,8,1,8999,A
6-NA,998,2,1,9084,0,9087,G
6-NA,999,0,5,0,9079,9084,C
6-NA,1000,9034,1,4,0,9039,A
6-NA,1001,3,6,9033,0,9042,G
6-NA,1002,3,8609,0,4,8616,T
6-NA,1003,8609,4,5,0,8618,A
6-NA,1004,3,2,8630,0,8635,G
6-NA,1005,3,1,0,8629,8633,C
6-NA,1006,13,6,1,8623,8643,C
6-NA,1007,8512,4,4,2,8522,A
6-NA,1008,0,8513,0,0,8513,T
6-NA,1009,1,8513,1,1,8516,T
6-NA,1010,5,2,8674,1,8682,G
6-NA,1011,1,8619,1,6,8627,T
6-NA,1012,1,8607,0,5,8613,T
6-NA,1013,4,8596,0,2,8602,T
6-NA,1014,5,12,8530,0,8547,G
6-NA,1015,1,6,8634,0,8641,G
6-NA,1016,8606,4,6,1,8617,A
6-NA,1017,1,8672,0,4,8677,T
6-NA,1018,7,0,3,8643,8653,C
6-NA,1019,7,3,3,8551,8564,C
6-NA,1020,4,8545,0,7,8556,T
6-NA,1021,8564,1,8,0,8573,A
6-NA,1022,8589,0,7,0,8596,A
6-NA,1023,3,0,1,8707,8711,C
6-NA,1024,8532,3,1,1,8537,A
6-NA,1025,8560,0,1,0,8561,A
6-NA,1026,0,8509,1,3,8513,T
6-NA,1027,2,7,8511,0,8520,G
6-NA,1028,8426,0,5,0,8431,A
6-NA,1029,2,7,8135,1,8145,G
6-NA,1030,1,6,8285,0,8292,G
6-NA,1031,8272,0,6,0,8278,A
6-NA,1032,8281,0,18,0,8299,A
6-NA,1033,0,15,8306,0,8321,G
6-NA,1034,1,5,8358,1,8365,G
6-NA,1035,0,8265,0,10,8275,T
6-NA,1036,8,11,8240,0,8259,G
6-NA,1037,1,3,8443,0,8447,G
6-NA,1038,3,8352,0,14,8369,T
6-NA,1039,8,4,1,8318,8331,C
6-NA,1040,8324,1,2,0,8327,A
6-NA,1041,0,8289,1,1,8291,T
6-NA,1042,2,19,8230,1,8252,G
6-NA,1043,0,18,8157,0,8175,G
6-NA,1044,3,16,7825,0,7844,G
6-NA,1045,5,6,8179,0,8190,G
6-NA,1046,1,8184,0,8,8193,T
6-NA,1047,2,6,8190,2,8200,G
6-NA,1048,8177,2,3,1,8183,A
6-NA,1049,8187,0,6,0,8193,A
6-NA,1050,8198,0,18,0,8216,A
6-NA,1051,2,3,8239,0,8244,G
6-NA,1052,0,2,8190,0,8192,G
6-NA,1053,0,2,1,8153,8156,C
6-NA,1054,0,7859,1,6,7866,T
6-NA,1055,3,9,7870,0,7882,G
6-NA,1056,1,5,7874,1,7881,G
6-NA,1057,3,3,7927,0,7933,G
6-NA,1058,7,1,0,7919,7927,C
6-NA,1059,3,1,1,7906,7911,C
6-NA,1060,1,7755,0,11,7767,T
6-NA,1061,1,7780,0,2,7783,T
6-NA,1062,1,7785,1,3,7790,T
6-NA,1063,9,4,7812,1,7826,G
6-NA,1064,7802,0,5,0,7807,A
6-NA,1065,1,7743,1,2,7747,T
6-NA,1066,1,5,7625,0,7631,G
6-NA,1067,7515,2,12,0,7529,A
6-NA,1068,0,7545,0,4,7549,T
6-NA,1069,4,6,7533,1,7544,G
6-NA,1070,3,3,7625,0,7631,G
6-NA,1071,7604,3,6,0,7613,A
6-NA,1072,7588,0,7,1,7596,A
6-NA,1073,7611,0,3,0,7614,A
6-NA,1074,1,7606,2,1,7610,T
6-NA,1075,1,3,7634,0,7638,G
6-NA,1076,7641,1,3,0,7645,A
6-NA,1077,3,3,0,7599,7605,C
6-NA,1078,0,6,7632,0,7638,G
6-NA,1079,0,7469,0,4,7473,T
6-NA,1080,2,5,7509,1,7517,G
6-NA,1081,0,7499,0,3,7502,T
6-NA,1082,0,4,7514,0,7518,G
6-NA,1083,1,2,7563,0,7566,G
6-NA,1084,7506,1,3,0,7510,A
6-NA,1085,1,7489,1,2,7493,T
6-NA,1086,0,14,7458,0,7472,G
6-NA,1087,3,9,7438,0,7450,G
6-NA,1088,3,5,7482,0,7490,G
6-NA,1089,7421,1,3,0,7425,A
6-NA,1090,7400,1,8,0,7409,A
6-NA,1091,0,3,7408,0,7411,G
6-NA,1092,7279,2,3,0,7284,A
6-NA,1093,7286,1,6,0,7293,A
6-NA,1094,0,1,0,7236,7237,C
6-NA,1095,1,3,7195,0,7199,G
6-NA,1096,7175,4,2,2,7183,A
6-NA,1097,0,7052,0,3,7055,T
6-NA,1098,6,2,0,7060,7068,C
6-NA,1099,7079,0,3,0,7082,A
6-NA,1100,1,1,7101,1,7104,G
6-NA,1101,2,3,0,7072,7077,C
6-NA,1102,2,5,7062,0,7069,G
6-NA,1103,7059,2,1,0,7062,A
6-NA,1104,2,3,7063,0,7068,G
6-NA,1105,7054,1,3,0,7058,A
6-NA,1106,7039,3,9,0,7051,A
6-NA,1107,2,1,7102,0,7105,G
6-NA,1108,1,7041,0,13,7055,T
6-NA,1109,3,2,1,6985,6991,C
6-NA,1110,6970,2,2,0,6974,A
6-NA,1111,4,1,0,7177,7182,C
6-NA,1112,1,2,7189,0,7192,G
6-NA,1113,2,0,0,7194,7196,C
6-NA,1114,0,7136,0,6,7142,T
6-NA,1115,0,7171,0,1,7172,T
6-NA,1116,7091,0,3,0,7094,A
6-NA,1117,0,18,7248,0,7266,G
6-NA,1118,0,11,7265,0,7276,G
6-NA,1119,2,4,7397,0,7403,G
6-NA,1120,2,6933,1,5,6941,T
6-NA,1121,6909,1,3,0,6913,A
6-NA,1122,1,6886,0,3,6890,T
6-NA,1123,1,2,6877,0,6880,G
6-NA,1124,6853,1,5,0,6859,A
6-NA,1125,6846,2,0,0,6848,A
6-NA,1126,6522,1,6,0,6529,A
6-NA,1127,5,3,0,6543,6551,C
6-NA,1128,7,0,0,6377,6384,C
6-NA,1129,0,6312,1,11,6324,T
6-NA,1130,0,6314,1,9,6324,T
6-NA,1131,4,0,0,6329,6333,C
6-NA,1132,6312,2,7,0,6321,A
6-NA,1133,6327,2,1,1,6331,A
6-NA,1134,6325,2,7,1,6335,A
6-NA,1135,1,6,6366,0,6373,G
6-NA,1136,2,6233,0,5,6240,T
6-NA,1137,8,5,1,6228,6242,C
6-NA,1138,6345,2,3,0,6350,A
6-NA,1139,0,6352,0,2,6354,T
6-NA,1140,1,6358,1,4,6364,T
6-NA,1141,1,1,6368,0,6370,G
6-NA,1142,6357,0,3,1,6361,A
6-NA,1143,6367,2,6,2,6377,A
6-NA,1144,1,6,6339,0,6346,G
6-NA,1145,3,1,6320,0,6324,G
6-NA,1146,0,1,0,6304,6305,C
6-NA,1147,1,6073,0,3,6077,T
6-NA,1148,1,7,6117,1,6126,G
6-NA,1149,3,2,6294,0,6299,G
6-NA,1150,1,6281,1,14,6297,T
6-NA,1151,11,0,0,6267,6278,C
6-NA,1152,10,0,1,6226,6237,C
6-NA,1153,6193,0,5,0,6198,A
6-NA,1154,6233,1,7,0,6241,A
6-NA,1155,6,1,0,6267,6274,C
6-NA,1156,9,1,0,6265,6275,C
6-NA,1157,8,0,0,6270,6278,C
6-NA,1158,2,5957,0,2,5961,T
6-NA,1159,5976,1,1,1,5979,A
6-NA,1160,5978,0,1,0,5979,A
6-NA,1161,2,2,6009,0,6013,G
6-NA,1162,2,5988,0,6,5996,T
6-NA,1163,1,2,0,5951,5954,C
6-NA,1164,12,2,1,5819,5834,C
6-NA,1165,5825,1,1,1,5828,A
6-NA,1166,5824,0,2,0,5826,A
6-NA,1167,5826,0,0,1,5827,A
6-NA,1168,0,5830,0,5,5835,T
6-NA,1169,2,5809,0,2,5813,T
6-NA,1170,0,0,5782,1,5783,G
6-NA,1171,2,2,0,5757,5761,C
6-NA,1172,5751,1,5,1,5758,A
6-NA,1173,1,2,5793,0,5796,G
6-NA,1174,5788,0,3,1,5792,A
6-NA,1175,1,5887,0,0,5888,T
6-NA,1176,5896,1,1,0,5898,A
6-NA,1177,5876,0,1,0,5877,A
6-NA,1178,5872,3,9,0,5884,A
6-NA,1179,0,5851,0,0,5851,T
6-NA,1180,5824,0,4,0,5828,A
6-NA,1181,0,3,5829,1,5833,G
6-NA,1182,1,1,5781,0,5783,G
6-NA,1183,1,1,1,5768,5771,C
6-NA,1184,5565,2,0,0,5567,A
6-NA,1185,5594,1,5,0,5600,A
6-NA,1186,1,2,5645,1,5649,G
6-NA,1187,1,5616,0,7,5624,T
6-NA,1188,6,4,1,5616,5627,C
6-NA,1189,5656,0,3,0,5659,A
6-NA,1190,0,5635,1,2,5638,T
6-NA,1191,5667,0,5,0,5672,A
6-NA,1192,0,7,5688,0,5695,G
6-NA,1193,2,5681,0,6,5689,T
6-NA,1194,1,5469,0,2,5472,T
6-NA,1195,0,4,5406,0,5410,G
6-NA,1196,5386,3,4,0,5393,A
6-NA,1197,2,2,1,5386,5391,C
6-NA,1198,5288,1,3,0,5292,A
6-NA,1199,0,2,5361,0,5363,G
6-NA,1200,5303,0,5,0,5308,A
6-NA,1201,0,4,5479,1,5484,G
6-NA,1202,1,1,5488,1,5491,G
6-NA,1203,1,5455,0,4,5460,T
6-NA,1204,5443,0,2,0,5445,A
6-NA,1205,5425,1,4,0,5430,A
6-NA,1206,0,5434,0,1,5435,T
6-NA,1207,5400,0,1,0,5401,A
6-NA,1208,0,1,5249,0,5250,G
6-NA,1209,3,3,5101,0,5107,G
6-NA,1210,1,4618,1,11,4631,T
6-NA,1211,4,0,0,4588,4592,C
6-NA,1212,5,3,1,4560,4569,C
6-NA,1213,3,4,4560,1,4568,G
6-NA,1214,2,4,4577,0,4583,G
6-NA,1215,1,4566,0,4,4571,T
6-NA,1216,0,4549,0,2,4551,T
6-NA,1217,4507,1,1,0,4509,A
6-NA,1218,0,4398,0,1,4399,T
6-NA,1219,0,4390,0,5,4395,T
6-NA,1220,3,1,1,4389,4394,C
6-NA,1221,1,4210,0,7,4218,T
6-NA,1222,3,7,4235,0,4245,G
6-NA,1223,0,4,4253,0,4257,G
6-NA,1224,1,4246,0,1,4248,T
6-NA,1225,4248,1,1,0,4250,A
6-NA,1226,0,4165,0,3,4168,T
6-NA,1227,0,4162,0,1,4163,T
6-NA,1228,1,4128,0,27,4156,T
6-NA,1229,1,4176,1,3,4181,T
6-NA,1230,5,1,0,4180,4186,C
6-NA,1231,0,4120,0,5,4125,T
6-NA,1232,4,2,0,4141,4147,C
6-NA,1233,0,4118,0,0,4118,T
6-NA,1234,1,0,4185,0,4186,G
6-NA,1235,1,4171,0,6,4178,T
6-NA,1236,2,4142,0,5,4149,T
6-NA,1237,1,2,4151,3,4157,G
6-NA,1238,4106,1,1,0,4108,A
6-NA,1239,4108,0,4,0,4112,A
6-NA,1240,1,2,4147,1,4151,G
6-NA,1241,1,0,4137,0,4138,G
6-NA,1242,1,0,0,4148,4149,C
6-NA,1243,4073,1,2,0,4076,A
6-NA,1244,4069,1,5,0,4075,A
6-NA,1245,4077,2,7,0,4086,A
6-NA,1246,4085,0,3,0,4088,A
6-NA,1247,0,1,4091,0,4092,G
6-NA,1248,2,1,0,4084,4087,C
6-NA,1249,0,4027,1,3,4031,T
6-NA,1250,2,1,4065,0,4068,G
6-NA,1251,3,1,0,4057,4061,C
6-NA,1252,4074,1,2,0,4077,A
6-NA,1253,1,4062,0,3,4066,T
6-NA,1254,2,0,0,4032,4034,C
6-NA,1255,4023,0,0,1,4024,A
6-NA,1256,4033,1,1,0,4035,A
6-NA,1257,0,3981,0,39,4020,T
6-NA,1258,2,1,1,4028,4032,C
6-NA,1259,5,7,3959,0,3971,G
6-NA,1260,2,2,4027,0,4031,G
6-NA,1261,1,4029,1,2,4033,T
6-NA,1262,1,0,4041,0,4042,G
6-NA,1263,1,0,0,4052,4053,C
6-NA,1264,1,4025,1,9,4036,T
6-NA,1265,0,4086,1,0,4087,T
6-NA,1266,2,4075,0,3,4080,T
6-NA,1267,0,4105,0,0,4105,T
6-NA,1268,4119,0,3,0,4122,A
6-NA,1269,0,3968,0,3,3971,T
6-NA,1270,2,0,3972,0,3974,G
6-NA,1271,0,3919,0,4,3923,T
6-NA,1272,2,6,3860,0,3868,G
6-NA,1273,1,1,3923,0,3925,G
6-NA,1274,3830,0,3,0,3833,A
6-NA,1275,1,0,3885,1,3887,G
6-NA,1276,1,3862,0,1,3864,T
6-NA,1277,0,3843,0,4,3847,T
6-NA,1278,1,1,3885,0,3887,G
6-NA,1279,3877,2,4,0,3883,A
6-NA,1280,0,3878,0,1,3879,T
6-NA,1281,3860,0,1,0,3861,A
6-NA,1282,3728,1,8,0,3737,A
6-NA,1283,4,3,3774,1,3782,G
6-NA,1284,1,7,3716,0,3724,G
6-NA,1285,1,4,3682,0,3687,G
6-NA,1286,0,2,3679,0,3681,G
6-NA,1287,3617,0,1,0,3618,A
6-NA,1288,3603,0,2,0,3605,A
6-NA,1289,0,4,3629,0,3633,G
6-NA,1290,3627,1,0,0,3628,A
6-NA,1291,3616,0,3,1,3620,A
6-NA,1292,3579,0,2,1,3582,A
6-NA,1293,3514,0,3,0,3517,A
6-NA,1294,0,1,3520,0,3521,G
6-NA,1295,3467,0,5,0,3472,A
6-NA,1296,1,4,3474,0,3479,G
6-NA,1297,1,4,3471,0,3476,G
6-NA,1298,3436,0,1,0,3437,A
6-NA,1299,3443,0,1,0,3444,A
6-NA,1300,3452,0,2,0,3454,A
6-NA,1301,1,0,0,3472,3473,C
6-NA,1302,0,3468,0,2,3470,T
6-NA,1303,0,2,3466,0,3468,G
6-NA,1304,3451,1,3,0,3455,A
6-NA,1305,3452,0,5,0,3457,A
6-NA,1306,0,0,3492,0,3492,G
6-NA,1307,0,3450,0,7,3457,T
6-NA,1308,2,0,0,3505,3507,C
6-NA,1309,0,3456,1,39,3496,T
6-NA,1310,0,3464,0,0,3464,T
6-NA,1311,2,2,3466,1,3471,G
6-NA,1312,0,3445,1,1,3447,T
6-NA,1313,2,8,3433,0,3443,G
6-NA,1314,2,0,3438,1,3441,G
6-NA,1315,3383,1,4,0,3388,A
6-NA,1316,2,2,0,3398,3402,C
6-NA,1317,6,3,0,3287,3296,C
6-NA,1318,0,3297,0,3,3300,T
6-NA,1319,2,0,1,3297,3300,C
6-NA,1320,3300,0,2,0,3302,A
6-NA,1321,3300,0,1,0,3301,A
6-NA,1322,3296,1,1,0,3298,A
6-NA,1323,1,0,0,3333,3334,C
6-NA,1324,3227,1,0,0,3228,A
6-NA,1325,2,1,3290,0,3293,G
6-NA,1326,0,3250,0,2,3252,T
6-NA,1327,3254,0,1,0,3255,A
6-NA,1328,0,3257,0,2,3259,T
6-NA,1329,0,3196,0,1,3197,T
6-NA,1330,0,1,3205,0,3206,G
6-NA,1331,1,3187,1,5,3194,T
6-NA,1332,0,3060,0,3,3063,T
6-NA,1333,0,5,3063,1,3069,G
6-NA,1334,1,2863,0,2,2866,T
6-NA,1335,1,1,2880,0,2882,G
6-NA,1336,0,2864,1,4,2869,T
6-NA,1337,0,2837,1,2,2840,T
6-NA,1338,0,2845,1,1,2847,T
6-NA,1339,0,2775,0,0,2775,T
6-NA,1340,0,1,2778,1,2780,G
6-NA,1341,1,2771,0,1,2773,T
6-NA,1342,1,1,2757,0,2759,G
6-NA,1343,0,1,2754,1,2756,G
6-NA,1344,0,1,0,2703,2704,C
6-NA,1345,2709,2,1,0,2712,A
6-NA,1346,0,0,0,2737,2737,C
6-NA,1347,1,0,0,2718,2719,C
6-NA,1348,2,2712,1,4,2719,T
6-NA,1349,2,1,0,2726,2729,C
6-NA,1350,2718,2,4,0,2724,A
6-NA,1351,0,3,2750,0,2753,G
6-NA,1352,2,2,2752,0,2756,G
6-NA,1353,0,2740,0,0,2740,T
6-NA,1354,2719,1,2,0,2722,A
6-NA,1355,1,1,1,2579,2582,C
6-NA,1356,2544,0,1,0,2545,A
6-NA,1357,0,2535,1,2,2538,T
6-NA,1358,2464,1,4,0,2469,A
6-NA,1359,0,2461,0,2,2463,T
6-NA,1360,1,4,2293,1,2299,G
6-NA,1361,1,1,2312,0,2314,G
6-NA,1362,2292,0,0,0,2292,A
6-NA,1363,2263,0,2,0,2265,A
6-NA,1364,0,0,0,2244,2244,C
6-NA,1365,1857,1,1,0,1859,A
6-NA,1366,1,0,1868,0,1869,G
6-NA,1367,2,1,1861,0,1864,G
6-NA,1368,1,0,0,1865,1866,C
6-NA,1369,1,1861,1,2,1865,T
6-NA,1370,2,0,0,1773,1775,C
6-NA,1371,1759,0,0,0,1759,A
6-NA,1372,0,1752,0,3,1755,T
6-NA,1373,1,1,1753,0,1755,G
6-NA,1374,0,0,1758,0,1758,G
6-NA,1375,1,0,0,1700,1701,C
6-NA,1376,1,1,0,1679,1681,C
6-NA,1377,0,1569,1,1,1571,T
6-NA,1378,0,1,1571,0,1572,G
6-NA,1379,1570,0,1,0,1571,A
6-NA,1380,0,1568,1,0,1569,T
6-NA,1381,0,2,1545,0,1547,G
6-NA,1382,2,1,1513,0,1516,G
6-NA,1383,2,3,1416,0,1421,G
6-NA,1384,0,1,1422,0,1423,G
6-NA,1385,1,2,0,1387,1390,C
6-NA,1386,0,1,1382,0,1383,G
6-NA,1387,0,0,1372,0,1372,G
6-NA,1388,1346,0,3,0,1349,A
6-NA,1389,1,0,1,1343,1345,C
6-NA,1390,1339,1,1,1,1342,A
6-NA,1391,0,1319,0,0,1319,T
6-NA,1392,1,0,0,1297,1298,C
6-NA,1393,1283,0,0,0,1283,A
6-NA,1394,1279,0,0,0,1279,A
6-NA,1395,0,1273,0,0,1273,T
6-NA,1396,1,0,0,1251,1252,C
6-NA,1397,0,1219,0,0,1219,T
6-NA,1398,0,0,0,1056,1056,C
6-NA,1399,1049,0,0,0,1049,A
6-NA,1400,0,1035,0,1,1036,T
6-NA,1401,0,0,1034,0,1034,G
6-NA,1402,1,0,0,1031,1032,C
6-NA,1403,1,0,0,995,996,C
6-NA,1404,0,891,0,2,893,T
6-NA,1405,883,0,1,0,884,A
6-NA,1406,0,882,0,0,882,T
6-NA,1407,881,1,0,0,882,A
6-NA,1408,0,877,0,0,877,T
6-NA,1409,805,0,0,0,805,A
6-NA,1410,760,0,0,0,760,A
7-M,1,26,0,0,0,26,A
7-M,2,0,26,0,0,26,T
7-M,3,0,0,26,0,26,G
7-M,4,26,0,0,0,26,A
7-M,5,0,0,28,0,28,G
7-M,6,0,0,0,29,29,C
7-M,7,0,0,0,29,29,C
7-M,8,0,34,0,0,34,T
7-M,9,0,34,0,0,34,T
7-M,10,0,0,0,35,35,C
7-M,11,1,34,0,0,35,T
7-M,12,37,0,0,0,37,A
7-M,13,37,0,0,0,37,A
7-M,14,0,0,0,38,38,C
7-M,15,0,0,0,37,37,C
7-M,16,0,0,38,0,38,G
7-M,17,37,0,0,0,37,A
7-M,18,0,0,38,0,38,G
7-M,19,0,0,38,0,38,G
7-M,20,0,38,0,0,38,T
7-M,21,0,0,0,38,38,C
7-M,22,0,0,38,0,38,G
7-M,23,41,0,0,0,41,A
7-M,24,41,0,0,0,41,A
7-M,25,41,0,0,0,41,A
7-M,26,0,0,0,46,46,C
7-M,27,0,0,46,0,46,G
7-M,28,0,47,0,0,47,T
7-M,29,47,0,0,0,47,A
7-M,30,0,48,0,0,48,T
7-M,31,1,0,49,0,50,G
7-M,32,0,50,0,0,50,T
7-M,33,0,59,0,0,59,T
7-M,34,0,0,0,64,64,C
7-M,35,0,64,0,0,64,T
7-M,36,0,0,0,65,65,C
7-M,37,0,64,0,0,64,T
7-M,38,0,0,0,65,65,C
7-M,39,0,65,0,0,65,T
7-M,40,66,0,0,0,66,A
7-M,41,0,67,0,0,67,T
7-M,42,0,0,0,67,67,C
7-M,43,0,0,67,0,67,G
7-M,44,0,67,0,0,67,T
7-M,45,0,67,0,0,67,T
7-M,46,0,0,0,67,67,C
7-M,47,0,0,0,70,70,C
7-M,48,71,0,0,0,71,A
7-M,49,0,71,0,0,71,T
7-M,50,0,0,0,71,71,C
7-M,51,71,0,0,0,71,A
7-M,52,0,0,73,0,73,G
7-M,53,0,0,73,0,73,G
7-M,54,0,0,0,74,74,C
7-M,55,0,0,0,74,74,C
7-M,56,0,0,0,72,72,C
7-M,57,0,0,0,79,79,C
7-M,58,0,0,0,80,80,C
7-M,59,0,81,0,0,81,T
7-M,60,0,0,0,81,81,C
7-M,61,81,0,0,0,81,A
7-M,62,81,0,0,0,81,A
7-M,63,82,0,0,0,82,A
7-M,64,0,0,82,0,82,G
7-M,65,0,0,0,82,82,C
7-M,66,0,0,0,80,80,C
7-M,67,0,0,80,0,80,G
7-M,68,80,0,0,0,80,A
7-M,69,0,0,80,0,80,G
7-M,70,80,0,0,0,80,A
7-M,71,0,80,0,0,80,T
7-M,72,0,0,0,80,80,C
7-M,73,0,0,80,0,80,G
7-M,74,0,0,0,79,79,C
7-M,75,0,0,79,0,79,G
7-M,76,0,0,0,79,79,C
7-M,77,79,0,0,0,79,A
7-M,78,0,0,79,0,79,G
7-M,79,77,0,1,0,78,A
7-M,80,0,0,82,0,82,G
7-M,81,82,0,0,0,82,A
7-M,82,0,0,0,85,85,C
7-M,83,0,86,0,0,86,T
7-M,84,0,85,0,0,85,T
7-M,85,0,0,87,0,87,G
7-M,86,87,0,0,0,87,A
7-M,87,87,0,0,0,87,A
7-M,88,0,0,87,0,87,G
7-M,89,84,0,0,0,84,A
7-M,90,0,86,0,0,86,T
7-M,91,0,0,91,0,91,G
7-M,92,0,92,0,0,92,T
7-M,93,0,0,0,92,92,C
7-M,94,0,93,0,0,93,T
7-M,95,0,93,0,0,93,T
7-M,96,0,93,0,0,93,T
7-M,97,0,0,94,0,94,G
7-M,98,0,0,0,94,94,C
7-M,99,0,93,0,0,93,T
7-M,100,0,0,95,0,95,G
7-M,101,0,0,95,0,95,G
7-M,102,0,0,97,0,97,G
7-M,103,97,0,0,0,97,A
7-M,104,97,0,0,0,97,A
7-M,105,97,0,0,0,97,A
7-M,106,97,0,0,0,97,A
7-M,107,97,0,0,0,97,A
7-M,108,0,0,0,97,97,C
7-M,109,96,0,0,0,96,A
7-M,110,0,0,0,99,99,C
7-M,111,99,0,0,0,99,A
7-M,112,0,0,103,0,103,G
7-M,113,104,0,0,0,104,A
7-M,114,0,103,0,0,103,T
7-M,115,0,0,0,104,104,C
7-M,116,0,103,0,0,103,T
7-M,117,0,103,0,0,103,T
7-M,118,0,0,103,0,103,G
7-M,119,103,0,0,0,103,A
7-M,120,0,0,103,0,103,G
7-M,121,0,0,103,0,103,G
7-M,122,0,0,0,105,105,C
7-M,123,0,105,0,0,105,T
7-M,124,0,0,0,113,113,C
7-M,125,0,114,0,0,114,T
7-M,126,0,0,0,114,114,C
7-M,127,114,0,0,0,114,A
7-M,128,0,114,0,0,114,T
7-M,129,0,0,114,0,114,G
7-M,130,0,1,113,0,114,G
7-M,131,112,0,0,0,112,A
7-M,132,111,0,0,0,111,A
7-M,133,0,110,0,0,110,T
7-M,134,0,0,123,0,123,G
7-M,135,0,0,126,0,126,G
7-M,136,0,0,0,126,126,C
7-M,137,0,125,0,0,125,T
7-M,138,125,0,0,0,125,A
7-M,139,125,0,0,0,125,A
7-M,140,125,0,0,0,125,A
7-M,141,0,1,126,0,127,G
7-M,142,127,0,0,0,127,A
7-M,143,0,0,0,127,127,C
7-M,144,120,1,0,0,121,A
7-M,145,121,0,0,0,121,A
7-M,146,0,1,129,0,130,G
7-M,147,130,0,0,0,130,A
7-M,148,1,0,0,129,130,C
7-M,149,0,0,0,128,128,C
7-M,150,128,0,0,0,128,A
7-M,151,131,0,0,0,131,A
7-M,152,0,132,0,0,132,T
7-M,153,0,132,0,0,132,T
7-M,154,0,0,0,133,133,C
7-M,155,0,133,0,0,133,T
7-M,156,0,1,133,0,134,G
7-M,157,1,133,0,0,134,T
7-M,158,0,0,0,134,134,C
7-M,159,135,0,0,0,135,A
7-M,160,1,0,0,140,141,C
7-M,161,0,0,0,141,141,C
7-M,162,0,140,0,1,141,T
7-M,163,0,0,0,141,141,C
7-M,164,0,139,0,0,139,T
7-M,165,0,0,144,0,144,G
7-M,166,143,0,1,0,144,A
7-M,167,0,0,0,144,144,C
7-M,168,0,144,0,0,144,T
7-M,169,142,0,0,0,142,A
7-M,170,142,0,0,0,142,A
7-M,171,0,0,141,0,141,G
7-M,172,0,0,141,0,141,G
7-M,173,0,0,142,0,142,G
7-M,174,0,0,142,0,142,G
7-M,175,147,0,1,0,148,A
7-M,176,0,148,0,0,148,T
7-M,177,0,148,0,0,148,T
7-M,178,0,147,0,0,147,T
7-M,179,0,148,0,0,148,T
7-M,180,0,1,147,0,148,G
7-M,181,0,1,147,0,148,G
7-M,182,0,1,147,0,148,G
7-M,183,0,0,151,0,151,G
7-M,184,1,147,0,0,148,T
7-M,185,0,148,1,0,149,T
7-M,186,0,149,0,0,149,T
7-M,187,0,0,154,0,154,G
7-M,188,0,155,0,0,155,T
7-M,189,0,0,156,0,156,G
7-M,190,0,154,0,0,154,T
7-M,191,0,155,0,0,155,T
7-M,192,0,0,0,156,156,C
7-M,193,154,0,0,0,154,A
7-M,194,0,0,0,160,160,C
7-M,195,0,0,160,0,160,G
7-M,196,0,0,0,161,161,C
7-M,197,0,157,0,3,160,T
7-M,198,1,0,0,163,164,C
7-M,199,166,0,0,0,166,A
7-M,200,0,0,0,168,168,C
7-M,201,0,0,0,168,168,C
7-M,202,0,0,170,0,170,G
7-M,203,1,168,0,0,169,T
7-M,204,0,0,171,0,171,G
7-M,205,1,0,0,169,170,C
7-M,206,1,0,0,170,171,C
7-M,207,1,0,0,171,172,C
7-M,208,171,0,0,0,171,A
7-M,209,0,0,174,0,174,G
7-M,210,0,174,0,0,174,T
7-M,211,0,0,173,0,173,G
7-M,212,176,0,0,0,176,A
7-M,213,0,0,177,0,177,G
7-M,214,0,0,0,176,176,C
7-M,215,0,1,175,0,176,G
7-M,216,176,0,0,0,176,A
7-M,217,0,2,177,0,179,G
7-M,218,0,0,179,0,179,G
7-M,219,180,0,0,0,180,A
7-M,220,0,0,0,183,183,C
7-M,221,0,180,0,0,180,T
7-M,222,0,0,183,0,183,G
7-M,223,0,0,0,182,182,C
7-M,224,184,0,0,0,184,A
7-M,225,0,0,188,0,188,G
7-M,226,0,0,0,186,186,C
7-M,227,0,0,188,0,188,G
7-M,228,0,188,0,0,188,T
7-M,229,188,0,0,0,188,A
7-M,230,0,0,189,0,189,G
7-M,231,189,0,0,0,189,A
7-M,232,0,0,0,190,190,C
7-M,233,3,0,188,0,191,G
7-M,234,0,0,0,189,189,C
7-M,235,0,189,0,0,189,T
7-M,236,0,190,0,0,190,T
7-M,237,0,190,0,0,190,T
7-M,238,0,0,197,0,197,G
7-M,239,0,198,0,0,198,T
7-M,240,0,0,0,198,198,C
7-M,241,0,0,0,196,196,C
7-M,242,197,0,0,0,197,A
7-M,243,197,0,0,0,197,A
7-M,244,197,0,0,0,197,A
7-M,245,196,1,0,0,197,A
7-M,246,0,196,0,0,196,T
7-M,247,0,0,197,0,197,G
7-M,248,0,0,0,197,197,C
7-M,249,0,0,0,197,197,C
7-M,250,1,0,0,200,201,C
7-M,251,0,200,0,0,200,T
7-M,252,0,0,0,206,206,C
7-M,253,205,0,1,0,206,A
7-M,254,209,0,0,0,209,A
7-M,255,0,210,0,0,210,T
7-M,256,0,0,213,0,213,G
7-M,257,0,0,216,0,216,G
7-M,258,0,0,218,0,218,G
7-M,259,216,1,1,0,218,A
7-M,260,220,0,0,0,220,A
7-M,261,0,212,0,0,212,T
7-M,262,0,0,212,0,212,G
7-M,263,0,1,210,0,211,G
7-M,264,211,0,0,0,211,A
7-M,265,0,1,211,0,212,G
7-M,266,209,0,0,0,209,A
7-M,267,0,0,0,207,207,C
7-M,268,0,0,0,217,217,C
7-M,269,0,0,0,219,219,C
7-M,270,222,0,0,0,222,A
7-M,271,223,0,0,0,223,A
7-M,272,222,0,0,0,222,A
7-M,273,0,223,0,0,223,T
7-M,274,235,0,0,0,235,A
7-M,275,236,0,0,0,236,A
7-M,276,0,0,0,234,234,C
7-M,277,232,0,0,0,232,A
7-M,278,0,230,0,0,230,T
7-M,279,0,1,233,0,234,G
7-M,280,0,0,233,0,233,G
7-M,281,234,0,0,0,234,A
7-M,282,0,0,0,234,234,C
7-M,283,230,0,0,0,230,A
7-M,284,230,0,0,0,230,A
7-M,285,229,0,1,0,230,A
7-M,286,0,0,232,0,232,G
7-M,287,0,0,0,236,236,C
7-M,288,231,0,0,0,231,A
7-M,289,0,0,236,0,236,G
7-M,290,0,235,0,0,235,T
7-M,291,0,236,0,0,236,T
7-M,292,236,0,1,0,237,A
7-M,293,232,0,0,0,232,A
7-M,294,234,0,0,0,234,A
7-M,295,0,0,0,236,236,C
7-M,296,0,231,0,0,231,T
7-M,297,0,0,259,0,259,G
7-M,298,0,255,0,0,255,T
7-M,299,256,0,0,0,256,A
7-M,300,0,254,0,0,254,T
7-M,301,253,0,1,0,254,A
7-M,302,0,0,253,0,253,G
7-M,303,0,2,252,0,254,G
7-M,304,250,0,2,0,252,A
7-M,305,254,0,0,0,254,A
7-M,306,245,0,0,0,245,A
7-M,307,0,0,0,245,245,C
7-M,308,0,245,0,0,245,T
7-M,309,0,245,0,0,245,T
7-M,310,245,0,0,0,245,A
7-M,311,243,0,0,0,243,A
7-M,312,0,0,245,0,245,G
7-M,313,244,0,0,0,244,A
7-M,314,4,1,240,0,245,G
7-M,315,222,0,9,0,231,A
7-M,316,0,0,237,0,237,G
7-M,317,239,0,0,0,239,A
7-M,318,0,0,242,0,242,G
7-M,319,238,0,2,0,240,A
7-M,320,0,240,0,0,240,T
7-M,321,240,0,1,0,241,A
7-M,322,242,0,0,0,242,A
7-M,323,0,0,0,243,243,C
7-M,324,0,0,246,0,246,G
7-M,325,0,247,0,1,248,T
7-M,326,0,246,2,0,248,T
7-M,327,0,0,0,249,249,C
7-M,328,0,0,0,249,249,C
7-M,329,248,0,0,0,248,A
7-M,330,0,248,0,0,248,T
7-M,331,0,1,244,0,245,G
7-M,332,0,1,245,0,246,G
7-M,333,0,0,248,0,248,G
7-M,334,0,0,246,1,247,G
7-M,335,0,0,0,248,248,C
7-M,336,0,1,0,247,248,C
7-M,337,248,0,0,0,248,A
7-M,338,249,0,0,0,249,A
7-M,339,247,0,0,0,247,A
7-M,340,0,0,253,0,253,G
7-M,341,249,0,0,0,249,A
7-M,342,248,0,0,0,248,A
7-M,343,249,0,0,0,249,A
7-M,344,0,249,0,0,249,T
7-M,345,250,0,0,0,250,A
7-M,346,0,1,251,0,252,G
7-M,347,0,0,0,250,250,C
7-M,348,0,251,0,0,251,T
7-M,349,0,0,1,252,253,C
7-M,350,0,253,0,0,253,T
7-M,351,0,0,0,262,262,C
7-M,352,262,0,0,0,262,A
7-M,353,0,0,262,0,262,G
7-M,354,0,257,0,0,257,T
7-M,355,0,259,0,0,259,T
7-M,356,260,0,0,0,260,A
7-M,357,0,261,0,0,261,T
7-M,358,0,260,0,0,260,T
7-M,359,0,0,0,264,264,C
7-M,360,0,255,0,1,256,T
7-M,361,0,0,261,0,261,G
7-M,362,0,0,0,262,262,C
7-M,363,0,260,0,0,260,T
7-M,364,0,1,256,0,257,G
7-M,365,0,0,260,0,260,G
7-M,366,0,258,0,0,258,T
7-M,367,0,0,257,0,257,G
7-M,368,0,0,0,257,257,C
7-M,369,258,0,0,0,258,A
7-M,370,0,0,0,260,260,C
7-M,371,0,255,0,0,255,T
7-M,372,0,258,0,0,258,T
7-M,373,0,0,259,0,259,G
7-M,374,0,1,0,258,259,C
7-M,375,0,0,0,260,260,C
7-M,376,259,0,0,0,259,A
7-M,377,0,0,263,0,263,G
7-M,378,0,260,0,2,262,T
7-M,379,0,259,0,0,259,T
7-M,380,0,0,260,0,260,G
7-M,381,0,251,0,0,251,T
7-M,382,259,0,0,0,259,A
7-M,383,0,258,0,0,258,T
7-M,384,0,0,260,0,260,G
7-M,385,0,0,261,0,261,G
7-M,386,0,0,260,0,260,G
7-M,387,0,0,0,259,259,C
7-M,388,0,0,0,267,267,C
7-M,389,0,265,0,1,266,T
7-M,390,0,0,0,267,267,C
7-M,391,278,0,0,0,278,A
7-M,392,0,277,0,0,277,T
7-M,393,283,0,0,0,283,A
7-M,394,0,282,0,0,282,T
7-M,395,276,0,0,0,276,A
7-M,396,0,0,0,283,283,C
7-M,397,272,1,0,0,273,A
7-M,398,273,0,0,0,273,A
7-M,399,0,271,0,0,271,T
7-M,400,263,0,0,0,263,A
7-M,401,0,0,267,0,267,G
7-M,402,0,0,268,0,268,G
7-M,403,269,0,0,0,269,A
7-M,404,0,267,0,0,267,T
7-M,405,0,0,254,0,254,G
7-M,406,0,0,254,0,254,G
7-M,407,0,1,251,0,252,G
7-M,408,0,0,256,0,256,G
7-M,409,0,1,256,0,257,G
7-M,410,0,0,0,257,257,C
7-M,411,0,251,0,0,251,T
7-M,412,0,0,251,0,251,G
7-M,413,0,251,0,0,251,T
7-M,414,249,0,1,0,250,A
7-M,415,250,0,0,0,250,A
7-M,416,0,0,0,250,250,C
7-M,417,0,0,0,246,246,C
7-M,418,244,0,0,0,244,A
7-M,419,0,0,0,246,246,C
7-M,420,0,246,0,0,246,T
7-M,421,0,1,247,0,248,G
7-M,422,246,0,0,0,246,A
7-M,423,247,0,0,0,247,A
7-M,424,0,0,246,0,246,G
7-M,425,0,241,0,0,241,T
7-M,426,0,3,239,0,242,G
7-M,427,0,0,241,0,241,G
7-M,428,0,0,0,241,241,C
7-M,429,244,0,0,0,244,A
7-M,430,0,242,0,0,242,T
7-M,431,0,243,0,0,243,T
7-M,432,0,243,0,0,243,T
7-M,433,0,2,243,0,245,G
7-M,434,0,0,244,0,244,G
7-M,435,0,0,0,244,244,C
7-M,436,0,0,0,244,244,C
7-M,437,0,244,0,0,244,T
7-M,438,0,1,259,0,260,G
7-M,439,1,0,266,0,267,G
7-M,440,0,266,0,0,266,T
7-M,441,269,0,0,0,269,A
7-M,442,0,256,0,0,256,T
7-M,443,0,0,265,0,265,G
7-M,444,0,266,0,0,266,T
7-M,445,0,0,266,0,266,G
7-M,446,1,0,0,268,269,C
7-M,447,257,0,0,0,257,A
7-M,448,254,0,0,0,254,A
7-M,449,0,0,0,256,256,C
7-M,450,255,0,0,0,255,A
7-M,451,0,256,0,0,256,T
7-M,452,0,0,251,0,251,G
7-M,453,0,246,0,0,246,T
7-M,454,0,0,245,0,245,G
7-M,455,242,0,2,0,244,A
7-M,456,0,0,245,0,245,G
7-M,457,0,0,0,245,245,C
7-M,458,232,0,0,0,232,A
7-M,459,0,0,235,0,235,G
7-M,460,231,0,1,0,232,A
7-M,461,0,232,0,0,232,T
7-M,462,0,232,0,0,232,T
7-M,463,0,0,234,0,234,G
7-M,464,0,0,0,232,232,C
7-M,465,0,232,0,0,232,T
7-M,466,0,1,230,0,231,G
7-M,467,232,0,0,0,232,A
7-M,468,0,0,0,238,238,C
7-M,469,0,237,0,0,237,T
7-M,470,0,0,0,240,240,C
7-M,471,0,0,0,236,236,C
7-M,472,0,1,0,237,238,C
7-M,473,239,0,0,0,239,A
7-M,474,0,0,245,0,245,G
7-M,475,0,0,0,245,245,C
7-M,476,245,0,0,0,245,A
7-M,477,0,0,0,243,243,C
7-M,478,230,0,0,0,230,A
7-M,479,0,0,235,0,235,G
7-M,480,0,0,236,0,236,G
7-M,481,0,236,0,0,236,T
7-M,482,0,0,0,246,246,C
7-M,483,0,245,0,0,245,T
7-M,484,0,0,0,246,246,C
7-M,485,246,0,0,0,246,A
7-M,486,0,245,0,0,245,T
7-M,487,242,0,0,0,242,A
7-M,488,0,0,237,0,237,G
7-M,489,0,0,238,0,238,G
7-M,490,0,0,0,237,237,C
7-M,491,227,0,0,0,227,A
7-M,492,0,0,226,0,226,G
7-M,493,230,0,0,0,230,A
7-M,494,0,230,0,0,230,T
7-M,495,0,0,232,0,232,G
7-M,496,0,0,231,0,231,G
7-M,497,0,218,0,9,227,T
7-M,498,0,1,231,0,232,G
7-M,499,0,0,232,0,232,G
7-M,500,0,0,0,234,234,C
7-M,501,231,1,0,0,232,A
7-M,502,230,1,0,0,231,A
7-M,503,0,0,0,236,236,C
7-M,504,236,0,0,0,236,A
7-M,505,235,0,0,0,235,A
7-M,506,0,0,0,235,235,C
7-M,507,1,0,0,232,233,C
7-M,508,230,0,0,0,230,A
7-M,509,231,0,0,0,231,A
7-M,510,0,232,0,0,232,T
7-M,511,0,0,0,232,232,C
7-M,512,0,0,0,230,230,C
7-M,513,229,0,0,0,229,A
7-M,514,0,229,0,0,229,T
7-M,515,0,231,0,0,231,T
7-M,516,229,0,0,0,229,A
7-M,517,232,0,0,0,232,A
7-M,518,0,232,0,0,232,T
7-M,519,231,0,0,0,231,A
7-M,520,226,0,1,0,227,A
7-M,521,224,0,0,0,224,A
7-M,522,228,1,0,0,229,A
7-M,523,0,0,0,234,234,C
7-M,524,234,0,0,0,234,A
7-M,525,0,233,0,0,233,T
7-M,526,0,1,231,0,232,G
7-M,527,231,0,1,0,232,A
7-M,528,0,0,233,0,233,G
7-M,529,231,0,0,0,231,A
7-M,530,234,0,0,0,234,A
7-M,531,0,4,0,228,232,C
7-M,532,225,0,1,0,226,A
7-M,533,0,0,230,0,230,G
7-M,534,228,0,1,0,229,A
7-M,535,228,0,0,0,228,A
7-M,536,0,228,0,0,228,T
7-M,537,0,0,227,0,227,G
7-M,538,0,0,225,0,225,G
7-M,539,0,227,0,0,227,T
7-M,540,0,223,0,0,223,T
7-M,541,0,226,0,0,226,T
7-M,542,0,228,0,0,228,T
7-M,543,0,0,231,0,231,G
7-M,544,1,0,231,0,232,G
7-M,545,0,1,0,230,231,C
7-M,546,0,0,0,233,233,C
7-M,547,224,0,0,0,224,A
7-M,548,0,0,233,0,233,G
7-M,549,0,0,0,236,236,C
7-M,550,237,0,1,0,238,A
7-M,551,0,0,0,245,245,C
7-M,552,0,240,0,0,240,T
7-M,553,242,0,0,0,242,A
7-M,554,0,0,0,244,244,C
7-M,555,243,0,0,0,243,A
7-M,556,0,0,245,0,245,G
7-M,557,0,0,0,234,234,C
7-M,558,0,228,0,1,229,T
7-M,559,229,0,0,0,229,A
7-M,560,227,0,0,1,228,A
7-M,561,0,0,229,0,229,G
7-M,562,0,0,229,0,229,G
7-M,563,0,0,0,229,229,C
7-M,564,0,209,0,0,209,T
7-M,565,210,0,0,0,210,A
7-M,566,0,209,0,0,209,T
7-M,567,0,1,207,0,208,G
7-M,568,1,0,208,0,209,G
7-M,569,204,0,0,0,204,A
7-M,570,0,0,206,0,206,G
7-M,571,0,0,0,205,205,C
7-M,572,203,0,1,0,204,A
7-M,573,204,0,0,0,204,A
7-M,574,202,0,0,0,202,A
7-M,575,0,203,0,0,203,T
7-M,576,0,0,206,0,206,G
7-M,577,0,0,206,0,206,G
7-M,578,0,0,0,206,206,C
7-M,579,0,205,0,0,205,T
7-M,580,1,0,204,0,205,G
7-M,581,1,0,208,0,209,G
7-M,582,209,0,0,0,209,A
7-M,583,0,208,0,0,208,T
7-M,584,0,0,0,206,206,C
7-M,585,207,0,0,0,207,A
7-M,586,207,0,0,0,207,A
7-M,587,0,0,210,0,210,G
7-M,588,0,209,0,1,210,T
7-M,589,0,1,208,0,209,G
7-M,590,209,0,0,0,209,A
7-M,591,207,0,0,0,207,A
7-M,592,0,0,0,208,208,C
7-M,593,208,0,0,0,208,A
7-M,594,6,0,204,0,210,G
7-M,595,0,0,205,0,205,G
7-M,596,0,0,0,206,206,C
7-M,597,202,0,1,0,203,A
7-M,598,0,0,203,0,203,G
7-M,599,0,0,0,202,202,C
7-M,600,0,0,203,0,203,G
7-M,601,0,0,202,0,202,G
7-M,602,202,0,0,0,202,A
7-M,603,0,0,204,0,204,G
7-M,604,0,0,203,0,203,G
7-M,605,1,0,0,203,204,C
7-M,606,0,0,0,206,206,C
7-M,607,205,0,0,0,205,A
7-M,608,0,206,0,0,206,T
7-M,609,0,1,204,0,205,G
7-M,610,0,0,207,0,207,G
7-M,611,204,0,0,0,204,A
7-M,612,0,0,206,0,206,G
7-M,613,200,0,0,0,200,A
7-M,614,0,206,0,0,206,T
7-M,615,0,205,0,0,205,T
7-M,616,0,0,204,0,204,G
7-M,617,0,0,0,205,205,C
7-M,618,0,206,0,0,206,T
7-M,619,204,0,0,0,204,A
7-M,620,0,0,204,0,204,G
7-M,621,0,200,0,0,200,T
7-M,622,0,0,0,202,202,C
7-M,623,199,0,0,0,199,A
7-M,624,0,0,202,0,202,G
7-M,625,1,0,202,0,203,G
7-M,626,0,0,0,202,202,C
7-M,627,0,0,0,200,200,C
7-M,628,199,0,1,0,200,A
7-M,629,0,0,203,0,203,G
7-M,630,0,0,202,0,202,G
7-M,631,0,0,0,203,203,C
7-M,632,204,0,0,0,204,A
7-M,633,0,0,199,0,199,G
7-M,634,193,0,0,0,193,A
7-M,635,0,195,0,0,195,T
7-M,636,0,0,194,0,194,G
7-M,637,0,0,197,0,197,G
7-M,638,0,196,0,0,196,T
7-M,639,0,0,196,0,196,G
7-M,640,0,0,0,196,196,C
7-M,641,196,0,0,0,196,A
7-M,642,0,0,201,0,201,G
7-M,643,0,0,200,0,200,G
7-M,644,0,0,0,201,201,C
7-M,645,201,0,0,0,201,A
7-M,646,197,0,0,0,197,A
7-M,647,0,195,0,0,195,T
7-M,648,0,0,195,0,195,G
7-M,649,195,0,0,0,195,A
7-M,650,0,0,196,0,196,G
7-M,651,190,0,0,0,190,A
7-M,652,0,0,192,0,192,G
7-M,653,0,1,0,188,189,C
7-M,654,1,0,0,193,194,C
7-M,655,194,0,0,0,194,A
7-M,656,0,193,0,0,193,T
7-M,657,0,193,0,0,193,T
7-M,658,0,0,193,0,193,G
7-M,659,0,0,192,0,192,G
7-M,660,0,0,190,0,190,G
7-M,661,192,0,0,0,192,A
7-M,662,0,0,0,191,191,C
7-M,663,0,177,0,2,179,T
7-M,664,0,0,0,179,179,C
7-M,665,180,0,0,0,180,A
7-M,666,0,193,0,0,193,T
7-M,667,0,0,0,194,194,C
7-M,668,1,0,0,193,194,C
7-M,669,0,195,0,0,195,T
7-M,670,192,0,1,1,194,A
7-M,671,0,0,196,0,196,G
7-M,672,0,204,0,2,206,T
7-M,673,0,206,0,0,206,T
7-M,674,0,1,0,201,202,C
7-M,675,0,1,0,196,197,C
7-M,676,193,0,0,0,193,A
7-M,677,0,0,200,0,200,G
7-M,678,0,200,0,0,200,T
7-M,679,199,0,0,0,199,A
7-M,680,1,0,0,199,200,C
7-M,681,0,187,0,0,187,T
7-M,682,0,1,192,0,193,G
7-M,683,1,1,190,0,192,G
7-M,684,0,192,0,0,192,T
7-M,685,0,188,0,0,188,T
7-M,686,0,190,0,0,190,T
7-M,687,190,0,0,0,190,A
7-M,688,191,0,0,0,191,A
7-M,689,0,0,191,0,191,G
7-M,690,188,0,0,0,188,A
7-M,691,0,0,186,0,186,G
7-M,692,179,0,1,0,180,A
7-M,693,0,179,0,0,179,T
7-M,694,0,1,179,0,180,G
7-M,695,179,1,0,0,180,A
7-M,696,0,180,0,0,180,T
7-M,697,0,0,0,180,180,C
7-M,698,0,177,0,0,177,T
7-M,699,0,178,0,0,178,T
7-M,700,0,0,0,178,178,C
7-M,701,0,178,0,0,178,T
7-M,702,0,177,0,1,178,T
7-M,703,0,0,178,0,178,G
7-M,704,176,0,0,0,176,A
7-M,705,177,0,0,0,177,A
7-M,706,177,0,0,0,177,A
7-M,707,177,0,0,0,177,A
7-M,708,0,177,0,0,177,T
7-M,709,0,180,0,0,180,T
7-M,710,0,180,0,0,180,T
7-M,711,0,0,180,0,180,G
7-M,712,0,0,0,179,179,C
7-M,713,179,0,0,0,179,A
7-M,714,0,1,179,0,180,G
7-M,715,182,0,0,0,182,A
7-M,716,0,0,0,185,185,C
7-M,717,0,0,0,184,184,C
7-M,718,0,184,0,0,184,T
7-M,719,189,0,0,0,189,A
7-M,720,0,188,0,0,188,T
7-M,721,1,0,0,188,189,C
7-M,722,188,0,0,0,188,A
7-M,723,0,0,190,0,190,G
7-M,724,188,0,0,0,188,A
7-M,725,186,0,0,0,186,A
7-M,726,188,0,0,0,188,A
7-M,727,0,0,0,185,185,C
7-M,728,0,0,186,0,186,G
7-M,729,186,0,0,0,186,A
7-M,730,187,0,0,0,187,A
7-M,731,0,188,0,0,188,T
7-M,732,0,0,186,0,186,G
7-M,733,0,0,190,0,190,G
7-M,734,0,0,192,0,192,G
7-M,735,0,0,189,0,189,G
7-M,736,0,0,189,0,189,G
7-M,737,0,185,0,0,185,T
7-M,738,0,0,185,0,185,G
7-M,739,0,0,0,186,186,C
7-M,740,186,0,0,0,186,A
7-M,741,0,0,185,0,185,G
7-M,742,181,0,0,0,181,A
7-M,743,0,181,0,0,181,T
7-M,744,0,0,180,0,180,G
7-M,745,0,0,0,178,178,C
7-M,746,177,0,0,0,177,A
7-M,747,178,0,0,0,178,A
7-M,748,0,0,0,178,178,C
7-M,749,0,0,179,0,179,G
7-M,750,179,0,0,0,179,A
7-M,751,1,174,0,0,175,T
7-M,752,0,176,0,0,176,T
7-M,753,0,0,0,176,176,C
7-M,754,177,0,0,0,177,A
7-M,755,178,0,0,0,178,A
7-M,756,0,0,177,0,177,G
7-M,757,0,177,0,0,177,T
7-M,758,0,0,178,0,178,G
7-M,759,174,1,0,0,175,A
7-M,760,0,0,0,179,179,C
7-M,761,0,0,0,176,176,C
7-M,762,1,0,0,179,180,C
7-M,763,0,0,181,0,181,G
7-M,764,0,0,0,181,181,C
7-M,765,0,181,0,0,181,T
7-M,766,0,181,0,0,181,T
7-M,767,0,0,180,0,180,G
7-M,768,0,181,0,0,181,T
7-M,769,0,180,0,0,180,T
7-M,770,0,0,179,0,179,G
7-M,771,0,175,0,0,175,T
7-M,772,0,176,0,0,176,T
7-M,773,0,0,176,0,176,G
7-M,774,0,0,0,174,174,C
7-M,775,0,0,0,176,176,C
7-M,776,0,0,176,0,176,G
7-M,777,0,0,0,175,175,C
7-M,778,0,0,176,0,176,G
7-M,779,174,0,0,0,174,A
7-M,780,174,0,1,0,175,A
7-M,781,0,177,0,0,177,T
7-M,782,177,0,0,0,177,A
7-M,783,0,178,0,0,178,T
7-M,784,0,0,0,181,181,C
7-M,785,182,0,0,0,182,A
7-M,786,0,182,0,0,182,T
7-M,787,0,180,0,0,180,T
7-M,788,0,0,178,0,178,G
7-M,789,0,0,180,0,180,G
7-M,790,0,0,177,0,177,G
7-M,791,177,0,0,0,177,A
7-M,792,0,176,0,0,176,T
7-M,793,0,0,0,170,170,C
7-M,794,0,170,0,1,171,T
7-M,795,0,171,0,0,171,T
7-M,796,0,0,174,0,174,G
7-M,797,0,0,0,174,174,C
7-M,798,174,0,0,0,174,A
7-M,799,0,0,0,174,174,C
7-M,800,0,171,0,0,171,T
7-M,801,0,170,0,0,170,T
7-M,802,0,0,171,0,171,G
7-M,803,174,0,0,0,174,A
7-M,804,0,174,0,0,174,T
7-M,805,171,0,0,0,171,A
7-M,806,0,168,0,0,168,T
7-M,807,0,168,0,0,168,T
7-M,808,1,1,168,0,170,G
7-M,809,0,168,0,0,168,T
7-M,810,0,0,168,0,168,G
7-M,811,0,0,168,0,168,G
7-M,812,161,0,0,0,161,A
7-M,813,0,164,0,0,164,T
7-M,814,0,162,0,0,162,T
7-M,815,0,0,0,163,163,C
7-M,816,0,162,0,0,162,T
7-M,817,0,161,0,1,162,T
7-M,818,0,0,161,0,161,G
7-M,819,159,0,0,0,159,A
7-M,820,0,162,0,0,162,T
7-M,821,0,0,0,159,159,C
7-M,822,0,0,161,0,161,G
7-M,823,1,161,0,0,162,T
7-M,824,1,0,0,161,162,C
7-M,825,0,160,0,1,161,T
7-M,826,0,163,0,0,163,T
7-M,827,0,162,0,0,162,T
7-M,828,0,162,0,0,162,T
7-M,829,0,162,0,0,162,T
7-M,830,0,163,0,0,163,T
7-M,831,0,163,0,0,163,T
7-M,832,0,0,0,162,162,C
7-M,833,161,0,0,0,161,A
7-M,834,161,0,0,0,161,A
7-M,835,160,0,0,0,160,A
7-M,836,0,161,0,0,161,T
7-M,837,0,0,161,0,161,G
7-M,838,0,0,0,161,161,C
7-M,839,161,0,0,0,161,A
7-M,840,0,164,0,0,164,T
7-M,841,0,0,0,163,163,C
7-M,842,0,164,0,0,164,T
7-M,843,164,0,0,0,164,A
7-M,844,0,164,0,0,164,T
7-M,845,0,0,0,163,163,C
7-M,846,0,1,162,0,163,G
7-M,847,164,0,0,0,164,A
7-M,848,0,0,0,163,163,C
7-M,849,0,156,0,1,157,T
7-M,850,0,0,0,159,159,C
7-M,851,0,160,0,0,160,T
7-M,852,0,156,0,2,158,T
7-M,853,0,0,0,160,160,C
7-M,854,160,0,0,0,160,A
7-M,855,159,0,1,0,160,A
7-M,856,160,0,0,0,160,A
7-M,857,0,0,0,160,160,C
7-M,858,159,0,0,0,159,A
7-M,859,1,0,0,149,150,C
7-M,860,0,0,150,0,150,G
7-M,861,0,0,158,0,158,G
7-M,862,0,0,0,158,158,C
7-M,863,0,0,0,159,159,C
7-M,864,0,158,0,0,158,T
7-M,865,0,159,0,0,159,T
7-M,866,159,0,0,0,159,A
7-M,867,159,0,0,0,159,A
7-M,868,159,0,0,0,159,A
7-M,869,159,0,0,0,159,A
7-M,870,0,0,156,0,156,G
7-M,871,134,0,0,0,134,A
7-M,872,0,1,133,0,134,G
7-M,873,0,0,134,0,134,G
7-M,874,0,0,0,134,134,C
7-M,875,0,0,0,133,133,C
7-M,876,0,0,0,133,133,C
7-M,877,0,133,0,0,133,T
7-M,878,0,134,0,0,134,T
7-M,879,0,0,0,135,135,C
7-M,880,0,135,0,0,135,T
7-M,881,135,0,0,0,135,A
7-M,882,0,0,0,135,135,C
7-M,883,0,0,132,0,132,G
7-M,884,0,0,132,0,132,G
7-M,885,130,0,0,0,130,A
7-M,886,129,0,0,0,129,A
7-M,887,0,0,126,0,126,G
7-M,888,0,0,128,0,128,G
7-M,889,127,0,0,0,127,A
7-M,890,0,0,127,0,127,G
7-M,891,0,127,0,0,127,T
7-M,892,128,0,0,0,128,A
7-M,893,0,0,0,127,127,C
7-M,894,0,0,0,127,127,C
7-M,895,0,126,0,0,126,T
7-M,896,0,0,123,0,123,G
7-M,897,119,0,0,0,119,A
7-M,898,0,0,121,0,121,G
7-M,899,0,114,0,0,114,T
7-M,900,0,0,0,114,114,C
7-M,901,0,112,0,0,112,T
7-M,902,111,0,0,0,111,A
7-M,903,0,111,0,0,111,T
7-M,904,0,0,111,0,111,G
7-M,905,109,0,0,0,109,A
7-M,906,0,0,109,0,109,G
7-M,907,0,0,102,0,102,G
7-M,908,0,0,101,0,101,G
7-M,909,99,0,0,0,99,A
7-M,910,95,0,1,0,96,A
7-M,911,0,0,96,0,96,G
7-M,912,96,0,0,0,96,A
7-M,913,96,0,0,0,96,A
7-M,914,0,96,0,0,96,T
7-M,915,94,0,0,0,94,A
7-M,916,0,94,0,0,94,T
7-M,917,1,1,0,89,91,C
7-M,918,0,0,91,0,91,G
7-M,919,91,0,0,0,91,A
7-M,920,92,0,0,0,92,A
7-M,921,92,0,0,0,92,A
7-M,922,0,0,92,0,92,G
7-M,923,0,0,93,0,93,G
7-M,924,93,0,0,0,93,A
7-M,925,93,0,0,0,93,A
7-M,926,0,0,0,94,94,C
7-M,927,91,0,0,0,91,A
7-M,928,0,0,92,0,92,G
7-M,929,0,0,0,92,92,C
7-M,930,92,0,0,0,92,A
7-M,931,0,0,92,0,92,G
7-M,932,80,0,0,0,80,A
7-M,933,81,0,0,0,81,A
7-M,934,0,81,0,0,81,T
7-M,935,0,0,78,0,78,G
7-M,936,0,0,0,79,79,C
7-M,937,0,70,0,0,70,T
7-M,938,0,0,70,0,70,G
7-M,939,0,70,0,0,70,T
7-M,940,0,0,70,0,70,G
7-M,941,0,0,70,0,70,G
7-M,942,69,0,0,0,69,A
7-M,943,0,69,0,0,69,T
7-M,944,0,0,67,0,67,G
7-M,945,0,0,0,66,66,C
7-M,946,0,64,0,0,64,T
7-M,947,0,0,64,0,64,G
7-M,948,64,0,0,0,64,A
7-M,949,0,0,0,63,63,C
7-M,950,0,0,62,0,62,G
7-M,951,61,0,0,0,61,A
7-M,952,0,0,0,61,61,C
7-M,953,59,0,0,0,59,A
7-M,954,0,0,59,0,59,G
7-M,955,0,58,0,0,58,T
7-M,956,0,0,0,58,58,C
7-M,957,58,0,0,0,58,A
7-M,958,0,58,0,0,58,T
7-M,959,0,58,0,0,58,T
7-M,960,0,58,0,0,58,T
7-M,961,0,56,0,0,56,T
7-M,962,0,0,56,0,56,G
7-M,963,0,52,0,0,52,T
7-M,964,0,0,0,52,52,C
7-M,965,48,0,0,0,48,A
7-M,966,0,0,48,0,48,G
7-M,967,0,0,0,48,48,C
7-M,968,48,0,0,0,48,A
7-M,969,0,48,0,0,48,T
7-M,970,48,0,0,0,48,A
7-M,971,0,0,48,0,48,G
7-M,972,45,0,0,0,45,A
7-M,973,0,0,45,0,45,G
7-M,974,0,43,0,0,43,T
7-M,975,0,24,0,0,24,T
7-M,976,0,0,23,0,23,G
7-M,977,0,0,23,0,23,G
7-M,978,23,0,0,0,23,A
7-M,979,0,0,23,0,23,G
7-M,980,0,12,0,0,12,T
7-M,981,12,0,0,0,12,A
7-M,982,12,0,0,0,12,A
8-NS,1,494,0,0,0,494,A
8-NS,2,0,498,0,0,498,T
8-NS,3,0,0,540,0,540,G
8-NS,4,0,1,591,0,592,G
8-NS,5,634,0,0,0,634,A
8-NS,6,0,1324,0,1,1325,T
8-NS,7,0,1328,0,1,1329,T
8-NS,8,1,0,0,1374,1375,C
8-NS,9,0,0,0,1379,1379,C
8-NS,10,1381,0,0,0,1381,A
8-NS,11,1389,0,1,0,1390,A
8-NS,12,2,1,0,1392,1395,C
8-NS,13,1401,1,0,0,1402,A
8-NS,14,0,0,0,1418,1418,C
8-NS,15,0,1417,0,1,1418,T
8-NS,16,1,1,1563,0,1565,G
8-NS,17,1,1568,0,3,1572,T
8-NS,18,0,0,1583,0,1583,G
8-NS,19,1,1581,0,5,1587,T
8-NS,20,2,0,0,1581,1583,C
8-NS,21,1585,1,0,0,1586,A
8-NS,22,1586,0,0,0,1586,A
8-NS,23,0,2,1613,0,1615,G
8-NS,24,0,1648,0,1,1649,T
8-NS,25,0,1633,0,1,1634,T
8-NS,26,0,1660,0,0,1660,T
8-NS,27,0,0,0,1656,1656,C
8-NS,28,2,0,0,1662,1664,C
8-NS,29,1663,0,0,0,1663,A
8-NS,30,0,8,1674,0,1682,G
8-NS,31,1,1,1693,0,1695,G
8-NS,32,1,1691,0,2,1694,T
8-NS,33,1696,0,1,0,1697,A
8-NS,34,0,0,1712,0,1712,G
8-NS,35,1709,1,0,0,1710,A
8-NS,36,0,1719,0,0,1719,T
8-NS,37,0,1717,0,1,1718,T
8-NS,38,0,0,1738,0,1738,G
8-NS,39,0,0,0,1738,1738,C
8-NS,40,0,1735,0,4,1739,T
8-NS,41,0,1750,0,1,1751,T
8-NS,42,1,1752,0,3,1756,T
8-NS,43,0,0,0,1793,1793,C
8-NS,44,0,1791,0,0,1791,T
8-NS,45,0,1784,1,1,1786,T
8-NS,46,0,1791,1,0,1792,T
8-NS,47,0,4,1807,0,1811,G
8-NS,48,2,0,1824,0,1826,G
8-NS,49,0,1,0,1819,1820,C
8-NS,50,1818,0,2,0,1820,A
8-NS,51,0,1817,0,1,1818,T
8-NS,52,1830,1,0,0,1831,A
8-NS,53,0,1973,1,1,1975,T
8-NS,54,2,0,0,1984,1986,C
8-NS,55,1,0,0,1987,1988,C
8-NS,56,0,0,1987,0,1987,G
8-NS,57,0,1980,1,0,1981,T
8-NS,58,2007,1,2,0,2010,A
8-NS,59,2018,0,1,0,2019,A
8-NS,60,2024,0,1,0,2025,A
8-NS,61,1,0,0,2032,2033,C
8-NS,62,1997,1,2,0,2000,A
8-NS,63,2002,0,2,0,2004,A
8-NS,64,0,7,2092,0,2099,G
8-NS,65,0,2097,0,9,2106,T
8-NS,66,0,2102,1,0,2103,T
8-NS,67,0,2,2107,0,2109,G
8-NS,68,0,2103,0,2,2105,T
8-NS,69,2106,0,2,0,2108,A
8-NS,70,0,3,2120,0,2123,G
8-NS,71,2252,0,1,0,2253,A
8-NS,72,2,0,0,2274,2276,C
8-NS,73,4,1,0,2250,2255,C
8-NS,74,2254,0,5,0,2259,A
8-NS,75,2276,0,2,0,2278,A
8-NS,76,1,2,2395,0,2398,G
8-NS,77,2401,1,1,0,2403,A
8-NS,78,2425,1,1,1,2428,A
8-NS,79,0,4,0,2425,2429,C
8-NS,80,0,2372,0,1,2373,T
8-NS,81,0,4,2412,0,2416,G
8-NS,82,2411,0,2,0,2413,A
8-NS,83,0,1,2463,0,2464,G
8-NS,84,0,2459,0,3,2462,T
8-NS,85,0,2,2433,0,2435,G
8-NS,86,2444,0,4,0,2448,A
8-NS,87,2,2431,0,1,2434,T
8-NS,88,0,1,2470,0,2471,G
8-NS,89,1,1,0,2512,2514,C
8-NS,90,3,0,0,2509,2512,C
8-NS,91,3,1,0,2527,2531,C
8-NS,92,4,0,0,2516,2520,C
8-NS,93,2537,0,1,0,2538,A
8-NS,94,0,2584,0,1,2585,T
8-NS,95,0,2609,0,1,2610,T
8-NS,96,2,0,0,2623,2625,C
8-NS,97,2,0,0,2609,2611,C
8-NS,98,0,2609,0,7,2616,T
8-NS,99,1,2607,0,1,2609,T
8-NS,100,6,2,2609,0,2617,G
8-NS,101,2602,1,1,0,2604,A
8-NS,102,0,2610,0,2,2612,T
8-NS,103,0,0,0,2598,2598,C
8-NS,104,0,3,2586,0,2589,G
8-NS,105,4,1,2622,0,2627,G
8-NS,106,1,0,0,2625,2626,C
8-NS,107,0,2628,0,1,2629,T
8-NS,108,1,2631,0,0,2632,T
8-NS,109,1,0,0,2631,2632,C
8-NS,110,2,0,2646,0,2648,G
8-NS,111,1,1,1,2641,2644,C
8-NS,112,3,1,0,2642,2646,C
8-NS,113,1,0,2642,0,2643,G
8-NS,114,2627,1,1,0,2629,A
8-NS,115,1,1,2742,0,2744,G
8-NS,116,2736,1,3,0,2740,A
8-NS,117,0,2755,0,1,2756,T
8-NS,118,1,2,0,2760,2763,C
8-NS,119,2751,1,0,0,2752,A
8-NS,120,0,4,2761,0,2765,G
8-NS,121,2757,0,1,0,2758,A
8-NS,122,2,2,2780,0,2784,G
8-NS,123,0,0,2803,1,2804,G
8-NS,124,3,2805,0,2,2810,T
8-NS,125,0,2,0,2980,2982,C
8-NS,126,6,1,0,2984,2991,C
8-NS,127,3,0,0,3011,3014,C
8-NS,128,0,3012,0,1,3013,T
8-NS,129,3022,0,0,0,3022,A
8-NS,130,3011,0,1,1,3013,A
8-NS,131,0,7,3034,1,3042,G
8-NS,132,0,7,3025,0,3032,G
8-NS,133,0,2,3007,0,3009,G
8-NS,134,2,4,2924,0,2930,G
8-NS,135,2926,1,2,0,2929,A
8-NS,136,2912,1,6,0,2919,A
8-NS,137,0,1,2933,0,2934,G
8-NS,138,2989,1,8,0,2998,A
8-NS,139,1,5,3033,0,3039,G
8-NS,140,1,0,3023,0,3024,G
8-NS,141,0,2,0,3036,3038,C
8-NS,142,3028,0,3,0,3031,A
8-NS,143,3051,0,2,0,3053,A
8-NS,144,0,3048,0,4,3052,T
8-NS,145,3082,0,0,1,3083,A
8-NS,146,4,0,0,3118,3122,C
8-NS,147,0,3045,0,5,3050,T
8-NS,148,5,0,0,3046,3051,C
8-NS,149,1,3024,0,1,3026,T
8-NS,150,1,0,0,3054,3055,C
8-NS,151,1,6,3072,1,3080,G
8-NS,152,1,1,3263,0,3265,G
8-NS,153,1,3261,0,2,3264,T
8-NS,154,1,1,0,3275,3277,C
8-NS,155,0,3262,0,0,3262,T
8-NS,156,3284,1,2,0,3287,A
8-NS,157,1,4,3287,0,3292,G
8-NS,158,3276,1,3,0,3280,A
8-NS,159,1,1,0,3361,3363,C
8-NS,160,3312,0,0,0,3312,A
8-NS,161,0,3240,0,1,3241,T
8-NS,162,3,1,0,3236,3240,C
8-NS,163,3230,0,1,0,3231,A
8-NS,164,3228,1,1,0,3230,A
8-NS,165,3208,0,4,1,3213,A
8-NS,166,1,0,3230,0,3231,G
8-NS,167,2,0,0,3241,3243,C
8-NS,168,3198,1,5,0,3204,A
8-NS,169,1,0,3238,0,3239,G
8-NS,170,3,0,1,3235,3239,C
8-NS,171,2,0,1,3250,3253,C
8-NS,172,3264,0,2,0,3266,A
8-NS,173,4,2,0,3290,3296,C
8-NS,174,8,0,0,3277,3285,C
8-NS,175,14,1,0,3279,3294,C
8-NS,176,3310,2,1,0,3313,A
8-NS,177,1,3313,0,1,3315,T
8-NS,178,0,0,3315,0,3315,G
8-NS,179,0,3311,0,1,3312,T
8-NS,180,1,3299,0,1,3301,T
8-NS,181,2,4,3290,0,3296,G
8-NS,182,0,1,3283,0,3284,G
8-NS,183,3276,2,1,0,3279,A
8-NS,184,3272,1,2,1,3276,A
8-NS,185,3256,2,2,0,3260,A
8-NS,186,3234,1,3,4,3242,A
8-NS,187,6,0,0,3255,3261,C
8-NS,188,3267,0,0,0,3267,A
8-NS,189,3256,0,2,0,3258,A
8-NS,190,3255,0,1,0,3256,A
8-NS,191,0,3259,0,1,3260,T
8-NS,192,0,3260,1,1,3262,T
8-NS,193,0,2,3313,0,3315,G
8-NS,194,1,3314,0,1,3316,T
8-NS,195,3304,2,6,0,3312,A
8-NS,196,0,4,3312,0,3316,G
8-NS,197,3310,2,1,0,3313,A
8-NS,198,3302,0,1,0,3303,A
8-NS,199,3300,0,0,0,3300,A
8-NS,200,3291,3,1,2,3297,A
8-NS,201,0,1,3316,0,3317,G
8-NS,202,3269,1,1,0,3271,A
8-NS,203,0,3266,0,1,3267,T
8-NS,204,1,3266,0,2,3269,T
8-NS,205,3,0,0,3285,3288,C
8-NS,206,0,3277,0,0,3277,T
8-NS,207,2,1,3286,0,3289,G
8-NS,208,3288,0,2,0,3290,A
8-NS,209,3287,0,3,0,3290,A
8-NS,210,3269,1,3,1,3274,A
8-NS,211,0,1,3286,0,3287,G
8-NS,212,3287,0,1,0,3288,A
8-NS,213,3286,0,3,0,3289,A
8-NS,214,0,2,3298,0,3300,G
8-NS,215,3318,0,9,0,3327,A
8-NS,216,3324,0,4,0,3328,A
8-NS,217,0,3330,0,2,3332,T
8-NS,218,1,0,0,3360,3361,C
8-NS,219,0,3347,0,3,3350,T
8-NS,220,2,3,3363,0,3368,G
8-NS,221,3368,1,3,0,3372,A
8-NS,222,1,3365,1,2,3369,T
8-NS,223,1,4,3347,0,3352,G
8-NS,224,3309,1,7,1,3318,A
8-NS,225,2,4,3303,0,3309,G
8-NS,226,2,1,3306,0,3309,G
8-NS,227,0,0,0,3291,3291,C
8-NS,228,3297,0,1,1,3299,A
8-NS,229,1,1,0,3384,3386,C
8-NS,230,1,3377,1,0,3379,T
8-NS,231,0,3396,1,1,3398,T
8-NS,232,3410,0,0,0,3410,A
8-NS,233,3417,0,1,0,3418,A
8-NS,234,3406,0,3,0,3409,A
8-NS,235,3401,0,6,1,3408,A
8-NS,236,0,3409,0,1,3410,T
8-NS,237,1,2,3425,0,3428,G
8-NS,238,3413,0,1,0,3414,A
8-NS,239,1,0,0,3411,3412,C
8-NS,240,5,0,0,3408,3413,C
8-NS,241,3412,0,2,0,3414,A
8-NS,242,0,3410,0,5,3415,T
8-NS,243,2,3,3489,0,3494,G
8-NS,244,0,1,3541,0,3542,G
8-NS,245,1,3560,0,5,3566,T
8-NS,246,3,1,0,3766,3770,C
8-NS,247,0,3720,0,13,3733,T
8-NS,248,1,1,1,3806,3809,C
8-NS,249,6,1,0,3807,3814,C
8-NS,250,3809,1,9,0,3819,A
8-NS,251,4,1,0,3856,3861,C
8-NS,252,3776,0,8,0,3784,A
8-NS,253,0,0,0,3795,3795,C
8-NS,254,2,1,1,3749,3753,C
8-NS,255,0,3597,0,5,3602,T
8-NS,256,0,1,3614,0,3615,G
8-NS,257,1,0,1,3595,3597,C
8-NS,258,0,3560,0,1,3561,T
8-NS,259,1,3580,0,0,3581,T
8-NS,260,1,3,0,3550,3554,C
8-NS,261,4,0,3572,0,3576,G
8-NS,262,0,1,0,3564,3565,C
8-NS,263,1,7,3556,0,3564,G
8-NS,264,3749,0,3,0,3752,A
8-NS,265,0,3730,0,2,3732,T
8-NS,266,3850,1,5,0,3856,A
8-NS,267,1,0,0,3875,3876,C
8-NS,268,3857,3,2,0,3862,A
8-NS,269,0,3945,0,2,3947,T
8-NS,270,3932,0,2,1,3935,A
8-NS,271,3953,0,3,0,3956,A
8-NS,272,4,0,0,3954,3958,C
8-NS,273,0,3831,0,3,3834,T
8-NS,274,0,4,3873,3,3880,G
8-NS,275,3810,1,3,0,3814,A
8-NS,276,0,0,0,3838,3838,C
8-NS,277,3830,0,3,0,3833,A
8-NS,278,2,3779,0,1,3782,T
8-NS,279,0,1,3798,0,3799,G
8-NS,280,3789,1,4,0,3794,A
8-NS,281,4,0,0,3886,3890,C
8-NS,282,0,3870,0,1,3871,T
8-NS,283,3921,0,0,0,3921,A
8-NS,284,0,3915,0,1,3916,T
8-NS,285,0,3903,1,2,3906,T
8-NS,286,0,1,3910,0,3911,G
8-NS,287,3876,2,4,0,3882,A
8-NS,288,3,4,3868,0,3875,G
8-NS,289,1,2,3870,1,3874,G
8-NS,290,3763,0,3,0,3766,A
8-NS,291,3799,0,1,0,3800,A
8-NS,292,0,3716,0,2,3718,T
8-NS,293,1,3715,0,0,3716,T
8-NS,294,1,3,3782,0,3786,G
8-NS,295,1,3766,0,6,3773,T
8-NS,296,1,2,0,3769,3772,C
8-NS,297,3778,0,1,0,3779,A
8-NS,298,3782,0,2,0,3784,A
8-NS,299,0,1,3784,1,3786,G
8-NS,300,3803,0,2,1,3806,A
8-NS,301,3805,1,0,1,3807,A
8-NS,302,3808,0,3,0,3811,A
8-NS,303,3,0,0,3806,3809,C
8-NS,304,0,3746,0,1,3747,T
8-NS,305,0,5,3800,1,3806,G
8-NS,306,0,0,3879,0,3879,G
8-NS,307,0,3872,1,2,3875,T
8-NS,308,2,3867,0,6,3875,T
8-NS,309,3,1,0,3842,3846,C
8-NS,310,3848,0,3,0,3851,A
8-NS,311,0,3897,0,3,3900,T
8-NS,312,2,1,3931,0,3934,G
8-NS,313,3,1,0,3950,3954,C
8-NS,314,1,3910,1,5,3917,T
8-NS,315,3887,1,1,1,3890,A
8-NS,316,3932,0,0,1,3933,A
8-NS,317,1,3972,0,1,3974,T
8-NS,318,3,0,3972,0,3975,G
8-NS,319,1,1,0,3956,3958,C
8-NS,320,7,1,0,3903,3911,C
8-NS,321,9,1,0,3905,3915,C
8-NS,322,3896,0,0,0,3896,A
8-NS,323,3899,1,2,0,3902,A
8-NS,324,0,1,3915,1,3917,G
8-NS,325,1,0,0,3918,3919,C
8-NS,326,3900,0,3,0,3903,A
8-NS,327,1,2,3933,0,3936,G
8-NS,328,3924,0,4,0,3928,A
8-NS,329,3922,0,1,0,3923,A
8-NS,330,3920,1,1,1,3923,A
8-NS,331,3892,2,3,0,3897,A
8-NS,332,0,3938,1,0,3939,T
8-NS,333,1,6,3936,0,3943,G
8-NS,334,0,1,3943,0,3944,G
8-NS,335,3932,4,5,0,3941,A
8-NS,336,3891,0,8,0,3899,A
8-NS,337,1,4,3891,1,3897,G
8-NS,338,2,4,3909,0,3915,G
8-NS,339,3928,1,1,0,3930,A
8-NS,340,0,0,1,3932,3933,C
8-NS,341,3,0,1,3912,3916,C
8-NS,342,0,3911,1,4,3916,T
8-NS,343,0,1,0,3981,3982,C
8-NS,344,0,3969,0,4,3973,T
8-NS,345,0,3991,0,0,3991,T
8-NS,346,0,3984,0,2,3986,T
8-NS,347,1,1,3973,0,3975,G
8-NS,348,2,3,1,4022,4028,C
8-NS,349,3993,2,1,0,3996,A
8-NS,350,1,3988,1,2,3992,T
8-NS,351,2,3,0,3985,3990,C
8-NS,352,4036,0,2,0,4038,A
8-NS,353,0,3,4132,0,4135,G
8-NS,354,4108,1,2,2,4113,A
8-NS,355,4129,1,4,0,4134,A
8-NS,356,1,4124,1,1,4127,T
8-NS,357,0,4,4076,1,4081,G
8-NS,358,12,3,4111,0,4126,G
8-NS,359,4110,2,11,0,4123,A
8-NS,360,0,2,0,4119,4121,C
8-NS,361,2,1,0,4009,4012,C
8-NS,362,3917,0,9,0,3926,A
8-NS,363,0,1,3960,3,3964,G
8-NS,364,1,1,3963,0,3965,G
8-NS,365,1,0,0,3978,3979,C
8-NS,366,3959,0,2,1,3962,A
8-NS,367,3966,1,4,2,3973,A
8-NS,368,0,3963,2,3,3968,T
8-NS,369,5,0,0,3969,3974,C
8-NS,370,3975,1,1,0,3977,A
8-NS,371,0,3947,0,3,3950,T
8-NS,372,1,4,3917,1,3923,G
8-NS,373,0,3,3943,0,3946,G
8-NS,374,3919,1,4,0,3924,A
8-NS,375,2,2,3955,0,3959,G
8-NS,376,3896,0,1,0,3897,A
8-NS,377,3910,1,1,0,3912,A
8-NS,378,3906,0,0,0,3906,A
8-NS,379,3903,0,1,0,3904,A
8-NS,380,3917,0,5,3,3925,A
8-NS,381,3,0,0,3935,3938,C
8-NS,382,3903,1,1,0,3905,A
8-NS,383,0,3891,2,4,3897,T
8-NS,384,2,3,0,3867,3872,C
8-NS,385,3872,0,1,0,3873,A
8-NS,386,1,3883,1,2,3887,T
8-NS,387,3,0,3892,0,3895,G
8-NS,388,0,3890,0,3,3893,T
8-NS,389,1,3865,1,2,3869,T
8-NS,390,0,2,3863,0,3865,G
8-NS,391,3850,1,2,0,3853,A
8-NS,392,3855,0,1,0,3856,A
8-NS,393,3845,2,4,0,3851,A
8-NS,394,0,1,3870,1,3872,G
8-NS,395,1,3,0,3839,3843,C
8-NS,396,5,2,3855,0,3862,G
8-NS,397,3851,0,1,0,3852,A
8-NS,398,3868,0,2,0,3870,A
8-NS,399,0,3851,1,4,3856,T
8-NS,400,0,3864,0,2,3866,T
8-NS,401,1,3862,0,0,3863,T
8-NS,402,3,0,1,3860,3864,C
8-NS,403,3840,0,2,1,3843,A
8-NS,404,0,1,3844,0,3845,G
8-NS,405,2,3826,0,4,3832,T
8-NS,406,3,1,3834,0,3838,G
8-NS,407,2,3823,1,2,3828,T
8-NS,408,1,4,3844,0,3849,G
8-NS,409,3863,2,2,0,3867,A
8-NS,410,0,3859,0,4,3863,T
8-NS,411,0,3863,0,2,3865,T
8-NS,412,0,3854,1,3,3858,T
8-NS,413,3,3849,0,0,3852,T
8-NS,414,0,3850,1,2,3853,T
8-NS,415,1,3,3838,0,3842,G
8-NS,416,3848,0,7,1,3856,A
8-NS,417,5,1,0,3838,3844,C
8-NS,418,5,2,0,3801,3808,C
8-NS,419,2,3,3825,0,3830,G
8-NS,420,4082,0,2,0,4084,A
8-NS,421,2,0,0,4165,4167,C
8-NS,422,0,4160,1,3,4164,T
8-NS,423,4189,0,3,0,4192,A
8-NS,424,1,1,4191,0,4193,G
8-NS,425,4186,1,5,0,4192,A
8-NS,426,0,1,4221,0,4222,G
8-NS,427,4217,0,8,0,4225,A
8-NS,428,1,0,0,4329,4330,C
8-NS,429,6,0,0,4092,4098,C
8-NS,430,3965,0,2,0,3967,A
8-NS,431,0,4194,0,3,4197,T
8-NS,432,4169,1,5,0,4175,A
8-NS,433,1,1,4525,0,4527,G
8-NS,434,0,4497,0,1,4498,T
8-NS,435,4489,3,0,0,4492,A
8-NS,436,0,4499,0,2,4501,T
8-NS,437,0,4383,0,0,4383,T
8-NS,438,4501,0,3,0,4504,A
8-NS,439,4,1,0,4499,4504,C
8-NS,440,0,4287,0,4,4291,T
8-NS,441,4276,0,3,0,4279,A
8-NS,442,3932,0,1,0,3933,A
8-NS,443,1,10,3935,1,3947,G
8-NS,444,1,2,3930,0,3933,G
8-NS,445,1,3,3950,0,3954,G
8-NS,446,1,1,1,3914,3917,C
8-NS,447,0,3839,1,7,3847,T
8-NS,448,1,3834,0,3,3838,T
8-NS,449,3,3884,0,3,3890,T
8-NS,450,6,1,0,3892,3899,C
8-NS,451,3944,1,2,0,3947,A
8-NS,452,1,0,1,3957,3959,C
8-NS,453,6,3,1,3893,3903,C
8-NS,454,0,5,3913,0,3918,G
8-NS,455,3911,1,1,0,3913,A
8-NS,456,3916,2,0,0,3918,A
8-NS,457,0,2,3928,0,3930,G
8-NS,458,3890,0,4,0,3894,A
8-NS,459,1,6,3896,0,3903,G
8-NS,460,0,4,3846,0,3850,G
8-NS,461,2,1,3879,0,3882,G
8-NS,462,3854,0,10,0,3864,A
8-NS,463,0,0,3873,0,3873,G
8-NS,464,2,0,0,3868,3870,C
8-NS,465,3867,0,1,0,3868,A
8-NS,466,3878,0,0,0,3878,A
8-NS,467,2,3868,0,2,3872,T
8-NS,468,0,3847,0,0,3847,T
8-NS,469,0,5,3842,0,3847,G
8-NS,470,2,3785,0,1,3788,T
8-NS,471,0,3777,0,4,3781,T
8-NS,472,1,4,3777,0,3782,G
8-NS,473,0,2,3781,0,3783,G
8-NS,474,2,3,0,3775,3780,C
8-NS,475,1,1,3776,1,3779,G
8-NS,476,3789,0,0,0,3789,A
8-NS,477,3802,0,1,2,3805,A
8-NS,478,3821,0,0,0,3821,A
8-NS,479,1,3846,0,0,3847,T
8-NS,480,1,1,0,3849,3851,C
8-NS,481,0,3823,0,2,3825,T
8-NS,482,3,2,0,3836,3841,C
8-NS,483,3842,0,5,0,3847,A
8-NS,484,1,1,1,3854,3857,C
8-NS,485,3,1,0,3852,3856,C
8-NS,486,3808,0,5,0,3813,A
8-NS,487,0,3808,1,1,3810,T
8-NS,488,0,3790,0,2,3792,T
8-NS,489,1,0,3795,0,3796,G
8-NS,490,1,1,0,3781,3783,C
8-NS,491,7,0,1,3779,3787,C
8-NS,492,0,3798,0,7,3805,T
8-NS,493,0,3783,0,3,3786,T
8-NS,494,7,0,0,3821,3828,C
8-NS,495,0,3805,0,11,3816,T
8-NS,496,0,3749,0,73,3822,T
8-NS,497,1,3903,0,1,3905,T
8-NS,498,0,3880,1,1,3882,T
8-NS,499,2,0,1,3887,3890,C
8-NS,500,7,0,0,3874,3881,C
8-NS,501,3847,0,6,0,3853,A
8-NS,502,0,3,3900,0,3903,G
8-NS,503,0,2,3880,0,3882,G
8-NS,504,3945,0,2,0,3947,A
8-NS,505,0,2,0,3950,3952,C
8-NS,506,3953,1,2,0,3956,A
8-NS,507,0,3969,0,2,3971,T
8-NS,508,3973,1,1,0,3975,A
8-NS,509,2,1,0,4253,4256,C
8-NS,510,0,4235,0,3,4238,T
8-NS,511,4200,2,0,0,4202,A
8-NS,512,0,4185,2,3,4190,T
8-NS,513,1,4033,0,3,4037,T
8-NS,514,1,0,4031,0,4032,G
8-NS,515,3868,0,3,0,3871,A
8-NS,516,0,5,3866,0,3871,G
8-NS,517,1,3,3843,0,3847,G
8-NS,518,3448,1,2,0,3451,A
8-NS,519,0,3447,0,1,3448,T
8-NS,520,0,1,3428,0,3429,G
8-NS,521,0,3413,0,5,3418,T
8-NS,522,2,1,1,3427,3431,C
8-NS,523,3421,1,1,1,3424,A
8-NS,524,3432,0,0,0,3432,A
8-NS,525,3426,0,0,1,3427,A
8-NS,526,3412,0,0,1,3413,A
8-NS,527,3434,0,1,0,3435,A
8-NS,528,0,3420,0,0,3420,T
8-NS,529,0,1,3422,0,3423,G
8-NS,530,0,1,0,3453,3454,C
8-NS,531,3452,0,1,0,3453,A
8-NS,532,3475,0,0,0,3475,A
8-NS,533,0,3474,0,1,3475,T
8-NS,534,0,3474,0,0,3474,T
8-NS,535,1,8,3466,0,3475,G
8-NS,536,0,6,3450,1,3457,G
8-NS,537,0,2,3464,0,3466,G
8-NS,538,0,7,3478,0,3485,G
8-NS,539,2,3427,0,3,3432,T
8-NS,540,2,3,0,3455,3460,C
8-NS,541,3,2,0,3452,3457,C
8-NS,542,0,3435,0,5,3440,T
8-NS,543,1,0,0,3474,3475,C
8-NS,544,3473,0,0,0,3473,A
8-NS,545,0,3484,0,1,3485,T
8-NS,546,1,2,0,3476,3479,C
8-NS,547,3,1,3440,0,3444,G
8-NS,548,1,1,3443,1,3446,G
8-NS,549,3388,0,4,0,3392,A
8-NS,550,2,3,3381,0,3386,G
8-NS,551,0,3,3392,0,3395,G
8-NS,552,3341,0,2,0,3343,A
8-NS,553,1,1,0,3353,3355,C
8-NS,554,1,3340,0,1,3342,T
8-NS,555,0,3338,0,2,3340,T
8-NS,556,4,0,3357,0,3361,G
8-NS,557,3344,1,5,0,3350,A
8-NS,558,3341,0,3,0,3344,A
8-NS,559,1,3330,0,2,3333,T
8-NS,560,2,8,3258,0,3268,G
8-NS,561,0,3,3303,0,3306,G
8-NS,562,3260,2,1,0,3263,A
8-NS,563,3286,0,2,1,3289,A
8-NS,564,2,3433,0,1,3436,T
8-NS,565,3,4,3452,0,3459,G
8-NS,566,3462,1,1,0,3464,A
8-NS,567,0,3466,1,1,3468,T
8-NS,568,3456,0,3,0,3459,A
8-NS,569,3469,0,6,0,3475,A
8-NS,570,3,3,0,3434,3440,C
8-NS,571,3372,0,4,0,3376,A
8-NS,572,0,0,0,3395,3395,C
8-NS,573,3096,1,3,0,3100,A
8-NS,574,0,2,3139,0,3141,G
8-NS,575,0,3104,0,6,3110,T
8-NS,576,0,3104,1,1,3106,T
8-NS,577,2,3,0,3093,3098,C
8-NS,578,0,9,3072,0,3081,G
8-NS,579,3072,1,3,0,3076,A
8-NS,580,0,2,3077,0,3079,G
8-NS,581,0,3033,1,6,3040,T
8-NS,582,3,0,0,3053,3056,C
8-NS,583,1,2977,0,7,2985,T
8-NS,584,0,0,0,3022,3022,C
8-NS,585,0,3026,0,2,3028,T
8-NS,586,3026,0,1,0,3027,A
8-NS,587,3029,0,2,0,3031,A
8-NS,588,3017,0,0,0,3017,A
8-NS,589,3036,0,1,0,3037,A
8-NS,590,3044,1,0,0,3045,A
8-NS,591,0,3004,1,1,3006,T
8-NS,592,1,0,0,3037,3038,C
8-NS,593,0,3017,1,1,3019,T
8-NS,594,3030,1,1,0,3032,A
8-NS,595,2,0,0,3028,3030,C
8-NS,596,3032,0,0,0,3032,A
8-NS,597,0,3,3032,0,3035,G
8-NS,598,2971,1,3,0,2975,A
8-NS,599,0,2,2985,0,2987,G
8-NS,600,2970,0,2,0,2972,A
8-NS,601,1,2942,0,3,2946,T
8-NS,602,0,2937,0,12,2949,T
8-NS,603,4,1,0,2927,2932,C
8-NS,604,1,1,2936,1,2939,G
8-NS,605,1,0,0,2944,2945,C
8-NS,606,0,2926,1,4,2931,T
8-NS,607,0,2933,1,3,2937,T
8-NS,608,3,7,2904,0,2914,G
8-NS,609,0,6,2923,0,2929,G
8-NS,610,2925,0,0,0,2925,A
8-NS,611,0,1,2924,0,2925,G
8-NS,612,2901,2,2,0,2905,A
8-NS,613,2880,1,3,0,2884,A
8-NS,614,1,1,2924,0,2926,G
8-NS,615,0,0,0,2926,2926,C
8-NS,616,2922,2,1,0,2925,A
8-NS,617,0,1,2975,0,2976,G
8-NS,618,0,2949,0,1,2950,T
8-NS,619,2957,0,2,0,2959,A
8-NS,620,2960,1,1,0,2962,A
8-NS,621,0,2941,0,2,2943,T
8-NS,622,0,2,2963,0,2965,G
8-NS,623,2818,1,2,0,2821,A
8-NS,624,0,0,2868,0,2868,G
8-NS,625,2845,0,0,0,2845,A
8-NS,626,2748,0,1,0,2749,A
8-NS,627,0,2740,0,1,2741,T
8-NS,628,1,6,2688,0,2695,G
8-NS,629,0,9,2700,0,2709,G
8-NS,630,0,8,2691,0,2699,G
8-NS,631,1,1,2683,0,2685,G
8-NS,632,3,0,2667,0,2670,G
8-NS,633,2576,0,2,0,2578,A
8-NS,634,0,2519,0,3,2522,T
8-NS,635,3,0,1,2593,2597,C
8-NS,636,1,2591,0,4,2596,T
8-NS,637,5,1,1,2605,2612,C
8-NS,638,4,1,1,2603,2609,C
8-NS,639,2622,0,1,0,2623,A
8-NS,640,0,0,0,2615,2615,C
8-NS,641,1,2535,1,4,2541,T
8-NS,642,0,2525,0,2,2527,T
8-NS,643,2484,0,1,0,2485,A
8-NS,644,0,1,0,2501,2502,C
8-NS,645,0,2477,0,1,2478,T
8-NS,646,4,0,1,2461,2466,C
8-NS,647,4,0,0,2448,2452,C
8-NS,648,2428,0,0,0,2428,A
8-NS,649,2424,0,1,0,2425,A
8-NS,650,2427,0,1,0,2428,A
8-NS,651,2430,0,2,0,2432,A
8-NS,652,3,1,0,2428,2432,C
8-NS,653,2369,0,1,0,2370,A
8-NS,654,0,0,2383,1,2384,G
8-NS,655,2370,0,2,0,2372,A
8-NS,656,2370,0,0,0,2370,A
8-NS,657,2366,0,3,0,2369,A
8-NS,658,1,8,0,2356,2365,C
8-NS,659,5,3,2361,0,2369,G
8-NS,660,1,2,2366,0,2369,G
8-NS,661,1,0,2367,0,2368,G
8-NS,662,2367,0,2,0,2369,A
8-NS,663,2355,0,1,0,2356,A
8-NS,664,2352,0,1,1,2354,A
8-NS,665,0,2339,0,2,2341,T
8-NS,666,0,3,2370,0,2373,G
8-NS,667,0,1,2369,0,2370,G
8-NS,668,0,0,0,2357,2357,C
8-NS,669,0,3,2355,0,2358,G
8-NS,670,2348,1,3,0,2352,A
8-NS,671,0,2,2363,0,2365,G
8-NS,672,2364,0,2,0,2366,A
8-NS,673,2361,1,0,0,2362,A
8-NS,674,0,0,0,2373,2373,C
8-NS,675,2297,2,4,0,2303,A
8-NS,676,0,0,2302,0,2302,G
8-NS,677,0,2,0,2298,2300,C
8-NS,678,0,2292,0,1,2293,T
8-NS,679,2280,0,0,0,2280,A
8-NS,680,1,1,2262,0,2264,G
8-NS,681,43,0,2222,0,2265,G
8-NS,682,0,2263,0,5,2268,T
8-NS,683,2,0,0,2223,2225,C
8-NS,684,2213,0,3,0,2216,A
8-NS,685,2204,1,2,1,2208,A
8-NS,686,2213,0,0,0,2213,A
8-NS,687,2229,0,1,0,2230,A
8-NS,688,0,0,2236,0,2236,G
8-NS,689,1,2183,0,1,2185,T
8-NS,690,0,2177,1,0,2178,T
8-NS,691,0,2183,0,1,2184,T
8-NS,692,0,3,2185,0,2188,G
8-NS,693,2183,1,1,0,2185,A
8-NS,694,2185,0,2,0,2187,A
8-NS,695,0,2,2205,0,2207,G
8-NS,696,2147,0,2,0,2149,A
8-NS,697,0,1,2154,0,2155,G
8-NS,698,2149,1,2,0,2152,A
8-NS,699,1,2156,0,2,2159,T
8-NS,700,2159,1,0,0,2160,A
8-NS,701,2146,0,1,0,2147,A
8-NS,702,0,1,2146,0,2147,G
8-NS,703,2020,0,0,0,2020,A
8-NS,704,0,2019,0,0,2019,T
8-NS,705,1,2,2023,0,2026,G
8-NS,706,14,0,2015,0,2029,G
8-NS,707,1,1,0,2027,2029,C
8-NS,708,2,2021,0,0,2023,T
8-NS,709,2031,0,1,0,2032,A
8-NS,710,2021,1,1,0,2023,A
8-NS,711,0,2036,0,2,2038,T
8-NS,712,1,2036,0,0,2037,T
8-NS,713,0,1,2041,0,2042,G
8-NS,714,2012,0,0,0,2012,A
8-NS,715,2008,1,1,0,2010,A
8-NS,716,0,0,2020,0,2020,G
8-NS,717,2017,0,0,0,2017,A
8-NS,718,1972,0,1,0,1973,A
8-NS,719,0,1,2011,0,2012,G
8-NS,720,0,1973,0,0,1973,T
8-NS,721,0,2,1971,0,1973,G
8-NS,722,1941,0,5,0,1946,A
8-NS,723,1,5,1942,0,1948,G
8-NS,724,1951,0,3,0,1954,A
8-NS,725,1,0,0,1939,1940,C
8-NS,726,1927,0,1,0,1928,A
8-NS,727,1,0,0,1927,1928,C
8-NS,728,1772,1,4,0,1777,A
8-NS,729,0,1,1820,0,1821,G
8-NS,730,1815,0,0,0,1815,A
8-NS,731,0,1807,0,1,1808,T
8-NS,732,0,1802,0,2,1804,T
8-NS,733,1801,0,0,0,1801,A
8-NS,734,1798,0,1,0,1799,A
8-NS,735,1794,1,1,0,1796,A
8-NS,736,1793,0,0,0,1793,A
8-NS,737,1791,0,0,0,1791,A
8-NS,738,1,1,0,1735,1737,C
8-NS,739,1652,0,0,0,1652,A
8-NS,740,1652,0,2,0,1654,A
8-NS,741,2,0,0,1657,1659,C
8-NS,742,0,1646,0,1,1647,T
8-NS,743,1,1,1656,0,1658,G
8-NS,744,1649,0,1,0,1650,A
8-NS,745,1651,0,0,0,1651,A
8-NS,746,1652,0,1,0,1653,A
8-NS,747,1630,0,0,0,1630,A
8-NS,748,0,1632,0,0,1632,T
8-NS,749,1597,0,0,0,1597,A
8-NS,750,0,0,1608,0,1608,G
8-NS,751,0,0,0,1599,1599,C
8-NS,752,0,1567,0,2,1569,T
8-NS,753,1,1568,0,0,1569,T
8-NS,754,0,1552,1,0,1553,T
8-NS,755,0,1,1566,0,1567,G
8-NS,756,1568,0,0,0,1568,A
8-NS,757,1570,0,0,0,1570,A
8-NS,758,1,0,0,1573,1574,C
8-NS,759,1536,0,0,0,1536,A
8-NS,760,1546,1,2,0,1549,A
8-NS,761,1550,1,0,0,1551,A
8-NS,762,0,1549,0,0,1549,T
8-NS,763,1545,0,1,0,1546,A
8-NS,764,1526,0,0,0,1526,A
8-NS,765,1,0,0,1522,1523,C
8-NS,766,1514,0,1,0,1515,A
8-NS,767,0,1498,0,0,1498,T
8-NS,768,2,1470,0,1,1473,T
8-NS,769,3,0,0,1437,1440,C
8-NS,770,1428,0,0,1,1429,A
8-NS,771,0,1423,0,1,1424,T
8-NS,772,1,0,1423,0,1424,G
8-NS,773,0,2,0,1391,1393,C
8-NS,774,1373,0,0,0,1373,A
8-NS,775,1365,0,4,1,1370,A
8-NS,776,0,0,1364,0,1364,G
8-NS,777,1,0,0,1387,1388,C
8-NS,778,1365,0,0,0,1365,A
8-NS,779,0,1372,0,0,1372,T
8-NS,780,0,1372,0,0,1372,T
8-NS,781,1368,0,1,0,1369,A
8-NS,782,2,2,0,1367,1371,C
8-NS,783,1356,0,1,0,1357,A
8-NS,784,1350,0,0,0,1350,A
8-NS,785,0,0,0,1340,1340,C
8-NS,786,0,1144,0,0,1144,T
8-NS,787,1,0,1142,1,1144,G
8-NS,788,1,1,0,1117,1119,C
8-NS,789,1,1092,0,1,1094,T
8-NS,790,0,1,1096,0,1097,G
8-NS,791,0,1071,0,2,1073,T
8-NS,792,0,1072,0,2,1074,T
8-NS,793,0,1067,0,1,1068,T
8-NS,794,1,3,1052,0,1056,G
8-NS,795,1060,0,2,0,1062,A
8-NS,796,1035,0,0,1,1036,A
8-NS,797,0,1,1033,0,1034,G
8-NS,798,0,1022,0,0,1022,T
8-NS,799,0,1,971,0,972,G
8-NS,800,0,0,978,0,978,G
8-NS,801,971,0,0,0,971,A
8-NS,802,972,0,2,0,974,A
8-NS,803,0,1,0,968,969,C
8-NS,804,949,0,0,0,949,A
8-NS,805,0,0,948,0,948,G
8-NS,806,0,2,927,0,929,G
8-NS,807,908,0,2,0,910,A
8-NS,808,0,0,911,1,912,G
8-NS,809,756,0,1,0,757,A
8-NS,810,0,751,0,2,753,T
8-NS,811,745,0,1,0,746,A
8-NS,812,742,0,0,0,742,A
8-NS,813,0,0,740,0,740,G
8-NS,814,650,0,0,0,650,A
8-NS,815,645,0,0,0,645,A
8-NS,816,0,0,0,644,644,C
8-NS,817,0,565,0,0,565,T
8-NS,818,0,557,0,0,557,T
8-NS,819,0,555,0,1,556,T
8-NS,820,0,0,0,559,559,C
8-NS,821,0,555,0,0,555,T
8-NS,822,1,0,0,544,545,C
8-NS,823,535,0,0,0,535,A
8-NS,824,0,532,0,0,532,T
8-NS,825,0,527,0,0,527,T
8-NS,826,0,526,0,0,526,T
8-NS,827,0,0,0,520,520,C
8-NS,828,502,0,0,0,502,A
8-NS,829,0,0,501,0,501,G
8-NS,830,0,1,0,500,501,C
8-NS,831,0,473,0,1,474,T
8-NS,832,0,472,0,0,472,T
8-NS,833,458,0,0,0,458,A
8-NS,834,0,457,0,0,457,T
8-NS,835,0,453,0,0,453,T
8-NS,836,0,449,0,0,449,T
8-NS,837,431,0,0,0,431,A
8-NS,838,415,0,0,0,415,A
8-NS,839,0,402,0,0,402,T
8-NS,840,1,0,395,0,396,G
8-NS,841,382,0,0,0,382,A
8-NS,842,0,340,0,2,342,T
8-NS,843,336,0,0,0,336,A
8-NS,844,338,0,0,0,338,A
8-NS,845,337,0,1,0,338,A
8-NS,846,336,0,1,0,337,A
8-NS,847,333,0,0,0,333,A
8-NS,848,329,0,0,0,329,A
8-NS,849,0,0,0,326,326,C
8-NS,850,285,0,0,0,285,A
8-NS,851,0,0,0,282,282,C
8-NS,852,1,0,0,269,270,C
8-NS,853,2,0,0,261,263,C
8-NS,854,0,244,0,0,244,T
8-NS,855,0,240,0,0,240,T
8-NS,856,0,0,240,0,240,G
8-NS,857,0,227,0,0,227,T
8-NS,858,0,224,0,0,224,T
8-NS,859,0,218,0,0,218,T
8-NS,860,0,0,0,73,73,C
8-NS,861,0,48,0,0,48,T
8-NS,862,39,0,0,0,39,A
8-NS,863,0,0,0,38,38,C
