Gene,Position,A,T,G,C,Coverage,Consensus
1-PB2,1,655,0,0,0,655,A
1-PB2,2,0,656,0,0,656,T
1-PB2,3,0,0,671,0,671,G
1-PB2,4,0,0,673,0,673,G
1-PB2,5,672,0,0,0,672,A
1-PB2,6,671,0,3,0,674,A
1-PB2,7,674,0,1,0,675,A
1-PB2,8,0,4,744,0,748,G
1-PB2,9,755,0,1,0,756,A
1-PB2,10,757,0,0,0,757,A
1-PB2,11,1,778,0,0,779,T
1-PB2,12,779,0,0,0,779,A
1-PB2,13,783,0,0,0,783,A
1-PB2,14,782,0,0,0,782,A
1-PB2,15,782,0,1,0,783,A
1-PB2,16,1,1,811,0,813,G
1-PB2,17,814,0,1,0,815,A
1-PB2,18,816,0,0,0,816,A
1-PB2,19,0,1,0,831,832,C
1-PB2,20,0,832,0,0,832,T
1-PB2,21,845,1,1,0,847,A
1-PB2,22,0,1,0,849,850,C
1-PB2,23,0,1,849,0,850,G
1-PB2,24,0,5,856,0,861,G
1-PB2,25,864,0,0,0,864,A
1-PB2,26,892,0,0,0,892,A
1-PB2,27,0,892,0,0,892,T
1-PB2,28,1,0,0,896,897,C
1-PB2,29,0,898,0,0,898,T
1-PB2,30,0,2,905,0,907,G
1-PB2,31,912,0,2,0,914,A
1-PB2,32,1,915,0,0,916,T
1-PB2,33,0,0,924,0,924,G
1-PB2,34,0,939,0,2,941,T
1-PB2,35,2,0,0,934,936,C
1-PB2,36,1,0,938,0,939,G
1-PB2,37,0,0,1,942,943,C
1-PB2,38,941,0,0,0,941,A
1-PB2,39,0,0,1003,0,1003,G
1-PB2,40,0,1007,0,1,1008,T
1-PB2,41,2,0,0,1008,1010,C
1-PB2,42,0,1007,0,1,1008,T
1-PB2,43,3,2,0,1005,1010,C
1-PB2,44,0,0,1008,1,1009,G
1-PB2,45,0,0,0,1011,1011,C
1-PB2,46,1010,0,0,0,1010,A
1-PB2,47,0,0,0,1023,1023,C
1-PB2,48,0,1015,0,0,1015,T
1-PB2,49,1,1,0,1049,1051,C
1-PB2,50,0,2,1050,0,1052,G
1-PB2,51,0,7,0,1048,1055,C
1-PB2,52,3,2,1053,0,1058,G
1-PB2,53,1058,0,2,0,1060,A
1-PB2,54,0,0,1069,0,1069,G
1-PB2,55,1094,0,0,0,1094,A
1-PB2,56,0,1093,0,0,1093,T
1-PB2,57,1091,0,1,0,1092,A
1-PB2,58,1,0,0,1091,1092,C
1-PB2,59,1,1088,0,0,1089,T
1-PB2,60,0,4,1110,0,1114,G
1-PB2,61,1113,0,0,0,1113,A
1-PB2,62,0,0,0,1124,1124,C
1-PB2,63,1124,0,0,0,1124,A
1-PB2,64,1126,0,0,0,1126,A
1-PB2,65,1144,0,1,0,1145,A
1-PB2,66,1165,0,1,0,1166,A
1-PB2,67,1165,0,0,0,1165,A
1-PB2,68,0,0,0,1180,1180,C
1-PB2,69,1,0,0,1173,1174,C
1-PB2,70,1199,0,1,0,1200,A
1-PB2,71,0,0,0,1220,1220,C
1-PB2,72,1210,0,1,0,1211,A
1-PB2,73,0,0,1251,0,1251,G
1-PB2,74,2,1246,0,1,1249,T
1-PB2,75,0,2,1282,0,1284,G
1-PB2,76,0,3,1293,0,1296,G
1-PB2,77,1306,0,1,0,1307,A
1-PB2,78,0,1,0,1363,1364,C
1-PB2,79,4,0,0,1343,1347,C
1-PB2,80,1366,0,1,0,1367,A
1-PB2,81,0,1367,0,0,1367,T
1-PB2,82,1358,0,1,0,1359,A
1-PB2,83,0,1357,0,1,1358,T
1-PB2,84,2,5,1361,0,1368,G
1-PB2,85,1,0,1372,0,1373,G
1-PB2,86,0,0,0,1368,1368,C
1-PB2,87,0,0,0,1355,1355,C
1-PB2,88,1353,0,0,0,1353,A
1-PB2,89,0,1452,0,0,1452,T
1-PB2,90,1456,2,1,0,1459,A
1-PB2,91,1524,0,0,0,1524,A
1-PB2,92,0,1520,0,0,1520,T
1-PB2,93,0,1510,0,0,1510,T
1-PB2,94,1524,0,1,0,1525,A
1-PB2,95,1521,0,0,0,1521,A
1-PB2,96,0,2,1568,0,1570,G
1-PB2,97,1563,1,1,0,1565,A
1-PB2,98,1526,0,0,0,1526,A
1-PB2,99,0,0,1601,0,1601,G
1-PB2,100,0,1585,0,0,1585,T
1-PB2,101,1589,0,0,0,1589,A
1-PB2,102,0,0,0,1595,1595,C
1-PB2,103,1596,0,2,0,1598,A
1-PB2,104,2,0,0,1637,1639,C
1-PB2,105,1631,0,0,0,1631,A
1-PB2,106,0,1637,0,0,1637,T
1-PB2,107,4,2,0,1634,1640,C
1-PB2,108,0,2,1623,0,1625,G
1-PB2,109,1,1,1630,0,1632,G
1-PB2,110,0,2,1624,0,1626,G
1-PB2,111,0,4,1625,0,1629,G
1-PB2,112,1621,0,4,0,1625,A
1-PB2,113,0,4,1624,0,1628,G
1-PB2,114,1622,0,1,0,1623,A
1-PB2,115,1,1,0,1643,1645,C
1-PB2,116,1644,0,0,0,1644,A
1-PB2,117,0,2,1661,1,1664,G
1-PB2,118,1,6,1684,0,1691,G
1-PB2,119,1690,0,1,0,1691,A
1-PB2,120,1690,0,1,0,1691,A
1-PB2,121,1691,0,1,1,1693,A
1-PB2,122,1690,0,4,0,1694,A
1-PB2,123,1,3,1693,0,1697,G
1-PB2,124,1693,0,0,0,1693,A
1-PB2,125,1702,0,1,0,1703,A
1-PB2,126,0,1,0,1697,1698,C
1-PB2,127,3,0,0,1683,1686,C
1-PB2,128,2,0,0,1689,1691,C
1-PB2,129,0,0,1698,0,1698,G
1-PB2,130,0,1692,0,4,1696,T
1-PB2,131,7,0,0,1692,1699,C
1-PB2,132,1718,0,1,0,1719,A
1-PB2,133,0,0,0,1729,1729,C
1-PB2,134,0,1718,1,2,1721,T
1-PB2,135,1,1724,0,0,1725,T
1-PB2,136,1719,0,4,0,1723,A
1-PB2,137,1,2,1747,0,1750,G
1-PB2,138,0,2,1752,0,1754,G
1-PB2,139,1751,0,0,0,1751,A
1-PB2,140,0,1750,0,0,1750,T
1-PB2,141,0,2,1762,0,1764,G
1-PB2,142,1786,1,0,0,1787,A
1-PB2,143,1784,1,1,0,1786,A
1-PB2,144,1788,0,1,0,1789,A
1-PB2,145,1,1791,0,1,1793,T
1-PB2,146,0,3,1791,0,1794,G
1-PB2,147,2,2,1811,0,1815,G
1-PB2,148,1813,0,2,0,1815,A
1-PB2,149,0,1816,0,0,1816,T
1-PB2,150,0,4,1798,0,1802,G
1-PB2,151,1790,0,0,0,1790,A
1-PB2,152,0,1801,0,0,1801,T
1-PB2,153,0,9,1798,0,1807,G
1-PB2,154,0,1,1806,0,1807,G
1-PB2,155,2,0,0,1808,1810,C
1-PB2,156,1797,0,0,0,1797,A
1-PB2,157,1822,0,1,0,1823,A
1-PB2,158,1,1828,0,2,1831,T
1-PB2,159,0,2,1898,0,1900,G
1-PB2,160,1898,0,0,0,1898,A
1-PB2,161,1899,0,0,0,1899,A
1-PB2,162,1909,1,0,0,1910,A
1-PB2,163,0,1918,0,0,1918,T
1-PB2,164,1932,0,0,0,1932,A
1-PB2,165,1,0,0,1968,1969,C
1-PB2,166,4,2,0,1956,1962,C
1-PB2,167,6,0,0,1960,1966,C
1-PB2,168,1954,0,0,0,1954,A
1-PB2,169,1956,0,2,0,1958,A
1-PB2,170,0,1956,0,2,1958,T
1-PB2,171,7,2,0,1951,1960,C
1-PB2,172,1956,0,0,0,1956,A
1-PB2,173,2,0,0,1980,1982,C
1-PB2,174,0,1960,1,0,1961,T
1-PB2,175,0,0,1977,0,1977,G
1-PB2,176,0,0,1,1974,1975,C
1-PB2,177,2,1962,0,4,1968,T
1-PB2,178,1,6,1976,1,1984,G
1-PB2,179,1980,1,2,0,1983,A
1-PB2,180,1,3,0,1995,1999,C
1-PB2,181,1993,0,0,0,1993,A
1-PB2,182,1967,0,1,0,1968,A
1-PB2,183,1971,0,0,1,1972,A
1-PB2,184,1969,0,1,0,1970,A
1-PB2,185,0,2,2004,0,2006,G
1-PB2,186,0,1,1997,0,1998,G
1-PB2,187,1990,2,1,0,1993,A
1-PB2,188,0,2000,0,1,2001,T
1-PB2,189,1987,0,2,0,1989,A
1-PB2,190,2029,1,1,0,2031,A
1-PB2,191,0,3,0,2032,2035,C
1-PB2,192,2031,0,0,0,2031,A
1-PB2,193,0,5,2031,0,2036,G
1-PB2,194,2013,0,0,0,2013,A
1-PB2,195,2015,2,0,0,2017,A
1-PB2,196,2020,0,0,0,2020,A
1-PB2,197,0,2014,0,1,2015,T
1-PB2,198,0,10,2003,0,2013,G
1-PB2,199,1992,0,0,0,1992,A
1-PB2,200,0,2025,0,4,2029,T
1-PB2,201,0,2035,0,0,2035,T
1-PB2,202,5,0,0,2030,2035,C
1-PB2,203,0,2,0,2030,2032,C
1-PB2,204,2021,0,2,0,2023,A
1-PB2,205,0,3,2037,0,2040,G
1-PB2,206,2040,0,2,0,2042,A
1-PB2,207,0,7,2051,0,2058,G
1-PB2,208,2046,0,2,0,2048,A
1-PB2,209,0,4,2078,0,2082,G
1-PB2,210,2089,2,1,0,2092,A
1-PB2,211,2089,0,0,0,2089,A
1-PB2,212,2091,0,2,1,2094,A
1-PB2,213,2,2091,0,0,2093,T
1-PB2,214,0,12,2100,0,2112,G
1-PB2,215,2105,0,3,1,2109,A
1-PB2,216,2110,2,2,0,2114,A
1-PB2,217,0,1,0,2112,2113,C
1-PB2,218,2097,0,0,0,2097,A
1-PB2,219,2095,0,3,0,2098,A
1-PB2,220,0,3,2132,0,2135,G
1-PB2,221,0,8,2156,0,2164,G
1-PB2,222,2167,0,0,1,2168,A
1-PB2,223,0,1,0,2155,2156,C
1-PB2,224,2158,0,2,0,2160,A
1-PB2,225,2160,0,1,0,2161,A
1-PB2,226,2232,0,2,0,2234,A
1-PB2,227,0,1,0,2253,2254,C
1-PB2,228,0,2225,1,4,2230,T
1-PB2,229,9,0,0,2256,2265,C
1-PB2,230,1,2233,0,1,2235,T
1-PB2,231,2248,1,0,2,2251,A
1-PB2,232,0,2250,0,1,2251,T
1-PB2,233,2,4,2256,1,2263,G
1-PB2,234,0,6,2315,0,2321,G
1-PB2,235,2217,0,2,0,2219,A
1-PB2,236,0,2,2229,0,2231,G
1-PB2,237,0,2234,0,1,2235,T
1-PB2,238,2220,0,1,0,2221,A
1-PB2,239,2223,0,0,0,2223,A
1-PB2,240,2215,0,1,0,2216,A
1-PB2,241,2217,0,0,2,2219,A
1-PB2,242,0,2214,0,1,2215,T
1-PB2,243,0,11,2207,1,2219,G
1-PB2,244,2184,0,5,0,2189,A
1-PB2,245,0,1,2196,0,2197,G
1-PB2,246,0,2183,0,4,2187,T
1-PB2,247,0,3,2179,0,2182,G
1-PB2,248,2207,0,0,0,2207,A
1-PB2,249,1,2227,0,1,2229,T
1-PB2,250,0,3,2224,1,2228,G
1-PB2,251,1,0,0,2221,2222,C
1-PB2,252,1,2204,0,1,2206,T
1-PB2,253,0,1,2286,0,2287,G
1-PB2,254,0,2,2286,0,2288,G
1-PB2,255,2314,0,3,0,2317,A
1-PB2,256,1,2315,0,0,2316,T
1-PB2,257,5,3,1,2312,2321,C
1-PB2,258,2329,0,2,0,2331,A
1-PB2,259,0,4,2379,0,2383,G
1-PB2,260,2381,0,4,1,2386,A
1-PB2,261,0,2391,0,0,2391,T
1-PB2,262,2308,0,0,0,2308,A
1-PB2,263,0,11,2344,0,2355,G
1-PB2,264,2320,0,2,0,2322,A
1-PB2,265,0,0,2347,0,2347,G
1-PB2,266,0,2304,1,0,2305,T
1-PB2,267,3,2,2289,0,2294,G
1-PB2,268,2246,1,3,0,2250,A
1-PB2,269,0,2266,0,1,2267,T
1-PB2,270,0,3,2297,0,2300,G
1-PB2,271,0,1,2334,1,2336,G
1-PB2,272,0,2289,0,1,2290,T
1-PB2,273,2288,0,1,0,2289,A
1-PB2,274,1,2259,0,2,2262,T
1-PB2,275,7,2,0,2256,2265,C
1-PB2,276,2312,0,5,0,2317,A
1-PB2,277,0,1,0,2364,2365,C
1-PB2,278,5,1,0,2357,2363,C
1-PB2,279,1,2317,0,3,2321,T
1-PB2,280,0,2295,0,0,2295,T
1-PB2,281,0,2301,0,0,2301,T
1-PB2,282,2,2,2330,0,2334,G
1-PB2,283,1,0,2342,0,2343,G
1-PB2,284,3,0,0,2355,2358,C
1-PB2,285,0,2300,0,5,2305,T
1-PB2,286,0,0,2305,0,2305,G
1-PB2,287,1,2297,0,2,2300,T
1-PB2,288,2298,0,1,0,2299,A
1-PB2,289,2314,0,0,0,2314,A
1-PB2,290,0,1,0,2304,2305,C
1-PB2,291,2261,0,1,1,2263,A
1-PB2,292,0,2261,0,1,2262,T
1-PB2,293,4,6,2228,0,2238,G
1-PB2,294,0,0,2277,0,2277,G
1-PB2,295,0,2256,1,0,2257,T
1-PB2,296,1,6,2248,0,2255,G
1-PB2,297,0,1,2303,0,2304,G
1-PB2,298,2290,0,2,0,2292,A
1-PB2,299,2302,0,2,0,2304,A
1-PB2,300,0,2302,0,0,2302,T
1-PB2,301,2295,0,2,0,2297,A
1-PB2,302,0,1,2347,0,2348,G
1-PB2,303,2325,0,0,0,2325,A
1-PB2,304,2323,0,1,0,2324,A
1-PB2,305,2316,0,2,0,2318,A
1-PB2,306,0,2273,0,0,2273,T
1-PB2,307,0,2,2273,0,2275,G
1-PB2,308,1,6,2261,0,2268,G
1-PB2,309,2272,0,6,0,2278,A
1-PB2,310,1,1,0,2287,2289,C
1-PB2,311,8,0,0,2252,2260,C
1-PB2,312,6,0,0,2251,2257,C
1-PB2,313,3,1,2264,1,2269,G
1-PB2,314,0,2283,0,2,2285,T
1-PB2,315,1,14,2318,2,2335,G
1-PB2,316,2332,0,5,0,2337,A
1-PB2,317,0,2,0,2337,2339,C
1-PB2,318,2333,1,2,0,2336,A
1-PB2,319,2330,1,2,0,2333,A
1-PB2,320,1,0,2391,0,2392,G
1-PB2,321,1,2389,1,1,2392,T
1-PB2,322,2385,0,1,0,2386,A
1-PB2,323,0,1,0,2371,2372,C
1-PB2,324,2,6,2321,0,2329,G
1-PB2,325,0,0,2381,0,2381,G
1-PB2,326,0,2367,0,1,2368,T
1-PB2,327,9,1,0,2378,2388,C
1-PB2,328,7,1,0,2382,2390,C
1-PB2,329,2341,1,0,0,2342,A
1-PB2,330,0,2359,0,0,2359,T
1-PB2,331,0,2358,0,1,2359,T
1-PB2,332,2465,0,0,0,2465,A
1-PB2,333,1,0,0,2465,2466,C
1-PB2,334,6,7,1,2407,2421,C
1-PB2,335,8,0,0,2404,2412,C
1-PB2,336,2388,0,1,0,2389,A
1-PB2,337,2397,0,0,0,2397,A
1-PB2,338,2400,0,1,0,2401,A
1-PB2,339,2389,1,2,0,2392,A
1-PB2,340,1,0,2428,0,2429,G
1-PB2,341,1,2333,0,3,2337,T
1-PB2,342,1,0,2363,0,2364,G
1-PB2,343,0,2362,0,3,2365,T
1-PB2,344,2363,0,2,0,2365,A
1-PB2,345,0,1,0,2362,2363,C
1-PB2,346,2355,0,2,0,2357,A
1-PB2,347,2361,0,2,0,2363,A
1-PB2,348,1,4,2369,0,2374,G
1-PB2,349,2348,1,7,0,2356,A
1-PB2,350,1,1,0,2357,2359,C
1-PB2,351,1,2301,1,2,2305,T
1-PB2,352,0,2316,1,3,2320,T
1-PB2,353,2324,0,0,0,2324,A
1-PB2,354,0,2317,1,0,2318,T
1-PB2,355,0,2322,0,0,2322,T
1-PB2,356,1,2320,0,1,2322,T
1-PB2,357,3,0,0,2292,2295,C
1-PB2,358,0,9,2284,0,2293,G
1-PB2,359,2286,0,1,0,2287,A
1-PB2,360,0,0,0,2292,2292,C
1-PB2,361,2275,0,1,0,2276,A
1-PB2,362,2282,1,0,0,2283,A
1-PB2,363,2282,0,1,0,2283,A
1-PB2,364,0,0,2309,0,2309,G
1-PB2,365,0,2303,0,9,2312,T
1-PB2,366,9,1,0,2298,2308,C
1-PB2,367,1,2,2307,0,2310,G
1-PB2,368,2304,0,3,0,2307,A
1-PB2,369,2305,0,0,0,2305,A
1-PB2,370,2308,1,0,0,2309,A
1-PB2,371,0,4,2383,0,2387,G
1-PB2,372,0,0,2402,1,2403,G
1-PB2,373,0,2395,0,0,2395,T
1-PB2,374,1,2393,0,0,2394,T
1-PB2,375,2384,0,3,0,2387,A
1-PB2,376,2391,0,2,0,2393,A
1-PB2,377,2385,0,4,1,2390,A
1-PB2,378,2410,1,1,0,2412,A
1-PB2,379,0,1,0,2440,2441,C
1-PB2,380,2372,0,0,1,2373,A
1-PB2,381,0,2356,0,0,2356,T
1-PB2,382,2,6,2341,1,2350,G
1-PB2,383,0,3,2351,0,2354,G
1-PB2,384,2353,0,0,0,2353,A
1-PB2,385,2368,1,0,0,2369,A
1-PB2,386,1,2,0,2435,2438,C
1-PB2,387,5,0,0,2458,2463,C
1-PB2,388,1,2439,0,4,2444,T
1-PB2,389,3,2437,0,0,2440,T
1-PB2,390,0,2440,0,1,2441,T
1-PB2,391,0,2,2436,0,2438,G
1-PB2,392,0,6,2444,0,2450,G
1-PB2,393,4,2,0,2442,2448,C
1-PB2,394,3,1,0,2429,2433,C
1-PB2,395,3,4,0,2404,2411,C
1-PB2,396,1,2332,0,2,2335,T
1-PB2,397,0,1,2371,0,2372,G
1-PB2,398,0,2369,0,1,2370,T
1-PB2,399,1,2362,0,2,2365,T
1-PB2,400,5,0,0,2361,2366,C
1-PB2,401,2344,0,2,0,2346,A
1-PB2,402,0,2345,0,1,2346,T
1-PB2,403,0,2343,0,0,2343,T
1-PB2,404,0,2351,0,0,2351,T
1-PB2,405,0,2355,0,1,2356,T
1-PB2,406,2334,0,1,1,2336,A
1-PB2,407,0,2,2334,0,2336,G
1-PB2,408,2332,0,0,0,2332,A
1-PB2,409,2332,0,0,0,2332,A
1-PB2,410,2341,0,1,0,2342,A
1-PB2,411,0,2338,0,0,2338,T
1-PB2,412,7,0,0,2332,2339,C
1-PB2,413,2331,2,2,0,2335,A
1-PB2,414,2344,1,3,1,2349,A
1-PB2,415,0,1,2357,0,2358,G
1-PB2,416,0,2355,0,0,2355,T
1-PB2,417,9,1,0,2349,2359,C
1-PB2,418,2370,0,2,0,2372,A
1-PB2,419,2380,1,2,0,2383,A
1-PB2,420,0,2,2388,0,2390,G
1-PB2,421,2395,0,3,0,2398,A
1-PB2,422,0,2403,0,0,2403,T
1-PB2,423,2425,0,2,0,2427,A
1-PB2,424,0,1,0,2413,2414,C
1-PB2,425,1,0,2419,0,2420,G
1-PB2,426,2,1,0,2433,2436,C
1-PB2,427,2405,1,1,1,2408,A
1-PB2,428,0,2,2444,1,2447,G
1-PB2,429,2441,0,0,0,2441,A
1-PB2,430,2449,0,2,0,2451,A
1-PB2,431,0,5,2486,0,2491,G
1-PB2,432,2442,0,5,0,2447,A
1-PB2,433,0,1,2467,0,2468,G
1-PB2,434,2,2453,0,0,2455,T
1-PB2,435,2442,0,3,1,2446,A
1-PB2,436,1,5,2469,0,2475,G
1-PB2,437,2454,0,3,0,2457,A
1-PB2,438,3,0,0,2558,2561,C
1-PB2,439,2526,2,1,0,2529,A
1-PB2,440,0,2483,0,0,2483,T
1-PB2,441,2475,0,0,1,2476,A
1-PB2,442,2469,0,0,2,2471,A
1-PB2,443,2492,0,1,2,2495,A
1-PB2,444,1,2,0,2503,2506,C
1-PB2,445,2,0,1,2472,2475,C
1-PB2,446,7,0,0,2447,2454,C
1-PB2,447,1,2317,0,2,2320,T
1-PB2,448,1,4,2340,0,2345,G
1-PB2,449,0,2,2375,0,2377,G
1-PB2,450,0,2377,0,1,2378,T
1-PB2,451,16,0,1,2361,2378,C
1-PB2,452,2395,1,0,0,2396,A
1-PB2,453,0,2383,0,4,2387,T
1-PB2,454,1,0,2409,0,2410,G
1-PB2,455,1,2,0,2413,2416,C
1-PB2,456,2393,0,1,0,2394,A
1-PB2,457,1,2,2394,0,2397,G
1-PB2,458,2359,1,1,0,2361,A
1-PB2,459,0,1,0,2386,2387,C
1-PB2,460,5,0,0,2384,2389,C
1-PB2,461,1,2346,0,5,2352,T
1-PB2,462,2,1,0,2344,2347,C
1-PB2,463,2322,0,1,0,2323,A
1-PB2,464,0,1,2375,0,2376,G
1-PB2,465,0,2371,0,2,2373,T
1-PB2,466,3,1,2364,0,2368,G
1-PB2,467,2,1,0,2357,2360,C
1-PB2,468,3,2,0,2317,2322,C
1-PB2,469,2325,0,2,0,2327,A
1-PB2,470,2334,0,0,0,2334,A
1-PB2,471,2318,0,3,0,2321,A
1-PB2,472,0,2,2325,0,2327,G
1-PB2,473,2265,0,3,0,2268,A
1-PB2,474,0,4,2278,0,2282,G
1-PB2,475,0,0,2273,0,2273,G
1-PB2,476,1,4,0,2259,2264,C
1-PB2,477,2277,1,3,0,2281,A
1-PB2,478,0,0,1,2281,2282,C
1-PB2,479,2282,0,1,0,2283,A
1-PB2,480,2331,0,0,0,2331,A
1-PB2,481,0,3,2345,0,2348,G
1-PB2,482,2382,0,0,0,2382,A
1-PB2,483,0,2345,0,1,2346,T
1-PB2,484,1,0,2350,0,2351,G
1-PB2,485,0,2355,0,1,2356,T
1-PB2,486,2359,0,1,0,2360,A
1-PB2,487,2356,0,0,1,2357,A
1-PB2,488,0,2353,0,1,2354,T
1-PB2,489,0,2272,1,1,2274,T
1-PB2,490,2258,3,0,0,2261,A
1-PB2,491,1,2210,0,1,2212,T
1-PB2,492,3,1,2207,0,2211,G
1-PB2,493,0,5,2202,0,2207,G
1-PB2,494,2199,1,5,0,2205,A
1-PB2,495,2192,0,2,0,2194,A
1-PB2,496,0,0,2194,0,2194,G
1-PB2,497,1,2184,0,3,2188,T
1-PB2,498,0,2186,0,1,2187,T
1-PB2,499,2,2,2196,0,2200,G
1-PB2,500,0,2174,1,8,2183,T
1-PB2,501,2,2183,0,1,2186,T
1-PB2,502,1,2179,0,0,2180,T
1-PB2,503,1,2176,0,0,2177,T
1-PB2,504,0,2188,0,1,2189,T
1-PB2,505,3,0,0,2190,2193,C
1-PB2,506,8,1,1,2178,2188,C
1-PB2,507,3,2,0,2201,2206,C
1-PB2,508,2196,1,0,0,2197,A
1-PB2,509,2199,0,0,0,2199,A
1-PB2,510,2,2202,0,0,2204,T
1-PB2,511,0,1,2224,0,2225,G
1-PB2,512,2222,1,2,0,2225,A
1-PB2,513,2216,0,1,0,2217,A
1-PB2,514,0,0,2229,0,2229,G
1-PB2,515,1,2214,0,4,2219,T
1-PB2,516,0,3,2200,0,2203,G
1-PB2,517,2,1,2203,0,2206,G
1-PB2,518,2,5,2188,1,2196,G
1-PB2,519,2221,1,2,0,2224,A
1-PB2,520,0,2,2220,0,2222,G
1-PB2,521,0,0,0,2218,2218,C
1-PB2,522,3,0,0,2212,2215,C
1-PB2,523,2212,0,2,0,2214,A
1-PB2,524,1,1,2247,0,2249,G
1-PB2,525,0,3,2257,0,2260,G
1-PB2,526,2267,1,0,0,2268,A
1-PB2,527,0,2247,0,2,2249,T
1-PB2,528,2253,0,1,0,2254,A
1-PB2,529,0,0,0,2245,2245,C
1-PB2,530,0,2237,0,2,2239,T
1-PB2,531,2230,0,2,0,2232,A
1-PB2,532,2226,0,1,0,2227,A
1-PB2,533,2,0,0,2222,2224,C
1-PB2,534,2173,0,1,0,2174,A
1-PB2,535,1,2149,0,4,2154,T
1-PB2,536,3,1,0,2153,2157,C
1-PB2,537,2127,0,4,0,2131,A
1-PB2,538,5,4,2135,0,2144,G
1-PB2,539,2149,0,0,0,2149,A
1-PB2,540,2139,1,1,0,2141,A
1-PB2,541,0,2136,0,3,2139,T
1-PB2,542,5,1,0,2090,2096,C
1-PB2,543,2101,1,1,0,2103,A
1-PB2,544,2,2,0,2136,2140,C
1-PB2,545,2143,0,1,0,2144,A
1-PB2,546,2159,0,1,0,2160,A
1-PB2,547,0,2130,0,0,2130,T
1-PB2,548,1,2137,0,1,2139,T
1-PB2,549,2143,0,1,0,2144,A
1-PB2,550,2155,0,3,0,2158,A
1-PB2,551,2,0,0,2163,2165,C
1-PB2,552,2143,1,1,0,2145,A
1-PB2,553,2133,0,0,0,2133,A
1-PB2,554,0,2142,0,0,2142,T
1-PB2,555,2132,0,1,0,2133,A
1-PB2,556,2137,0,0,0,2137,A
1-PB2,557,0,0,0,2140,2140,C
1-PB2,558,0,2128,0,0,2128,T
1-PB2,559,2123,0,1,0,2124,A
1-PB2,560,2112,0,0,0,2112,A
1-PB2,561,2113,0,5,0,2118,A
1-PB2,562,1,2,2117,0,2120,G
1-PB2,563,2090,1,1,0,2092,A
1-PB2,564,0,4,2102,0,2106,G
1-PB2,565,2096,1,3,0,2100,A
1-PB2,566,2106,0,0,0,2106,A
1-PB2,567,2105,1,0,0,2106,A
1-PB2,568,2107,1,0,0,2108,A
1-PB2,569,2111,1,1,0,2113,A
1-PB2,570,2112,1,3,1,2117,A
1-PB2,571,0,2,2115,0,2117,G
1-PB2,572,2115,0,1,1,2117,A
1-PB2,573,2099,0,3,0,2102,A
1-PB2,574,1,5,2101,0,2107,G
1-PB2,575,2113,0,2,0,2115,A
1-PB2,576,2110,0,4,0,2114,A
1-PB2,577,0,0,0,2132,2132,C
1-PB2,578,0,2108,2,3,2113,T
1-PB2,579,4,0,0,2115,2119,C
1-PB2,580,2,1,0,2114,2117,C
1-PB2,581,0,5,2114,0,2119,G
1-PB2,582,2118,0,0,0,2118,A
1-PB2,583,0,2,2121,0,2123,G
1-PB2,584,2113,1,1,0,2115,A
1-PB2,585,1,2105,1,0,2107,T
1-PB2,586,1,2091,0,0,2092,T
1-PB2,587,0,0,2085,1,2086,G
1-PB2,588,2,0,0,2088,2090,C
1-PB2,589,2090,0,1,0,2091,A
1-PB2,590,2089,0,0,0,2089,A
1-PB2,591,2088,0,0,0,2088,A
1-PB2,592,2102,0,0,0,2102,A
1-PB2,593,0,2094,0,0,2094,T
1-PB2,594,2,2091,0,2,2095,T
1-PB2,595,0,2091,1,2,2094,T
1-PB2,596,2,0,1,2077,2080,C
1-PB2,597,1,2068,0,4,2073,T
1-PB2,598,5,0,0,2214,2219,C
1-PB2,599,5,1,1,2218,2225,C
1-PB2,600,2,0,0,2411,2413,C
1-PB2,601,2,2377,0,2,2381,T
1-PB2,602,1,2408,0,0,2409,T
1-PB2,603,1,2,2415,0,2418,G
1-PB2,604,2414,0,3,1,2418,A
1-PB2,605,0,2457,0,1,2458,T
1-PB2,606,1,6,2485,1,2493,G
1-PB2,607,0,1,2761,0,2762,G
1-PB2,608,0,2822,0,3,2825,T
1-PB2,609,0,2812,0,2,2814,T
1-PB2,610,0,1,3044,0,3045,G
1-PB2,611,3,3,0,3062,3068,C
1-PB2,612,3166,0,2,0,3168,A
1-PB2,613,0,3165,0,2,3167,T
1-PB2,614,3196,1,2,0,3199,A
1-PB2,615,0,1,0,3341,3342,C
1-PB2,616,3710,3,1,17,3731,A
1-PB2,617,0,3803,0,1,3804,T
1-PB2,618,0,0,3986,0,3986,G
1-PB2,619,1,3945,0,6,3952,T
1-PB2,620,0,3962,0,0,3962,T
1-PB2,621,3957,1,1,1,3960,A
1-PB2,622,2,10,3962,0,3974,G
1-PB2,623,4024,0,4,0,4028,A
1-PB2,624,1,6,4068,0,4075,G
1-PB2,625,3912,0,3,0,3915,A
1-PB2,626,0,5,3927,0,3932,G
1-PB2,627,3878,1,4,1,3884,A
1-PB2,628,3,10,3899,0,3912,G
1-PB2,629,3924,0,9,0,3933,A
1-PB2,630,3930,0,6,0,3936,A
1-PB2,631,1,1,0,3947,3949,C
1-PB2,632,0,3930,0,3,3933,T
1-PB2,633,3,3914,2,1,3920,T
1-PB2,634,0,0,3927,0,3927,G
1-PB2,635,0,3916,0,3,3919,T
1-PB2,636,3929,0,1,0,3930,A
1-PB2,637,2,0,0,3914,3916,C
1-PB2,638,2,8,3912,0,3922,G
1-PB2,639,3920,2,4,1,3927,A
1-PB2,640,3921,1,1,0,3923,A
1-PB2,641,3970,0,0,1,3971,A
1-PB2,642,3967,3,0,0,3970,A
1-PB2,643,3969,0,10,0,3979,A
1-PB2,644,0,1,0,3985,3986,C
1-PB2,645,3983,1,0,0,3984,A
1-PB2,646,3991,0,2,0,3993,A
1-PB2,647,1,6,4000,0,4007,G
1-PB2,648,4018,2,3,0,4023,A
1-PB2,649,0,4018,1,1,4020,T
1-PB2,650,1,4013,0,1,4015,T
1-PB2,651,0,4032,0,1,4033,T
1-PB2,652,4,1,0,4031,4036,C
1-PB2,653,3,4039,0,4,4046,T
1-PB2,654,5,1,0,4049,4055,C
1-PB2,655,5,1,2,4040,4048,C
1-PB2,656,6,3,1,4057,4067,C
1-PB2,657,4062,0,1,0,4063,A
1-PB2,658,1,1,4095,0,4097,G
1-PB2,659,0,4100,0,2,4102,T
1-PB2,660,0,4091,0,0,4091,T
1-PB2,661,2,1,4085,0,4088,G
1-PB2,662,2,1,0,4084,4087,C
1-PB2,663,2,4080,0,3,4085,T
1-PB2,664,2,4,4083,0,4089,G
1-PB2,665,0,1,4073,1,4075,G
1-PB2,666,1,4,0,4074,4079,C
1-PB2,667,5,4,4089,0,4098,G
1-PB2,668,0,12,4144,0,4156,G
1-PB2,669,4160,1,9,0,4170,A
1-PB2,670,4174,0,3,0,4177,A
1-PB2,671,0,3,0,4172,4175,C
1-PB2,672,4206,2,2,0,4210,A
1-PB2,673,4206,1,8,0,4215,A
1-PB2,674,1,0,4383,0,4384,G
1-PB2,675,1,0,0,4456,4457,C
1-PB2,676,4472,0,2,0,4474,A
1-PB2,677,2,0,5632,1,5635,G
1-PB2,678,0,5619,0,0,5619,T
1-PB2,679,5653,1,1,0,5655,A
1-PB2,680,0,5645,0,1,5646,T
1-PB2,681,5666,0,5,0,5671,A
1-PB2,682,0,5656,0,3,5659,T
1-PB2,683,5576,1,2,0,5579,A
1-PB2,684,1,0,0,5644,5645,C
1-PB2,685,5400,0,1,0,5401,A
1-PB2,686,0,5138,0,3,5141,T
1-PB2,687,0,4983,0,4,4987,T
1-PB2,688,1,8,4981,1,4991,G
1-PB2,689,4979,1,3,1,4984,A
1-PB2,690,4974,0,3,1,4978,A
1-PB2,691,0,1,5058,0,5059,G
1-PB2,692,0,5031,1,5,5037,T
1-PB2,693,0,4990,1,0,4991,T
1-PB2,694,0,4993,1,6,5000,T
1-PB2,695,0,5005,0,2,5007,T
1-PB2,696,5045,1,9,0,5055,A
1-PB2,697,2,0,1,5090,5093,C
1-PB2,698,5084,1,2,0,5087,A
1-PB2,699,1,5081,1,4,5087,T
1-PB2,700,0,5048,0,3,5051,T
1-PB2,701,0,5057,1,2,5060,T
1-PB2,702,1,34,5088,0,5123,G
1-PB2,703,5138,2,1,0,5141,A
1-PB2,704,1,1,0,5172,5174,C
1-PB2,705,0,5140,0,7,5147,T
1-PB2,706,10,0,0,5128,5138,C
1-PB2,707,5125,0,4,0,5129,A
1-PB2,708,10,11,5068,1,5090,G
1-PB2,709,1,9,5194,0,5204,G
1-PB2,710,2,23,5187,0,5212,G
1-PB2,711,5219,1,1,1,5222,A
1-PB2,712,5224,0,5,0,5229,A
1-PB2,713,1,0,0,5223,5224,C
1-PB2,714,2,3,5277,0,5282,G
1-PB2,715,0,5273,0,1,5274,T
1-PB2,716,1,6,5310,0,5317,G
1-PB2,717,1,5280,0,2,5283,T
1-PB2,718,0,5278,0,2,5280,T
1-PB2,719,0,11,5292,0,5303,G
1-PB2,720,2,11,5278,0,5291,G
1-PB2,721,6,10,5330,1,5347,G
1-PB2,722,5316,3,4,0,5323,A
1-PB2,723,5286,1,7,0,5294,A
1-PB2,724,1,1,0,5446,5448,C
1-PB2,725,5413,0,0,0,5413,A
1-PB2,726,5583,1,1,0,5585,A
1-PB2,727,5599,0,0,5,5604,A
1-PB2,728,1,5640,0,1,5642,T
1-PB2,729,2,2,5716,0,5720,G
1-PB2,730,0,5678,0,5,5683,T
1-PB2,731,5681,2,8,0,5691,A
1-PB2,732,0,2,0,5698,5700,C
1-PB2,733,5608,0,1,0,5609,A
1-PB2,734,2,2,0,5599,5603,C
1-PB2,735,1,5438,0,8,5447,T
1-PB2,736,15,0,0,5914,5929,C
1-PB2,737,2,2,1,5931,5936,C
1-PB2,738,6035,1,10,0,6046,A
1-PB2,739,3,6,6085,1,6095,G
1-PB2,740,1,2,6228,1,6232,G
1-PB2,741,2,6197,7,3,6209,T
1-PB2,742,3,14,6193,0,6210,G
1-PB2,743,1,11,6083,0,6095,G
1-PB2,744,6036,0,11,2,6049,A
1-PB2,745,1,5,6058,0,6064,G
1-PB2,746,1,18,6045,0,6064,G
1-PB2,747,5951,1,4,0,5956,A
1-PB2,748,3,3,5986,0,5992,G
1-PB2,749,0,5870,0,2,5872,T
1-PB2,750,0,7,5896,1,5904,G
1-PB2,751,5891,0,11,0,5902,A
1-PB2,752,2,10,5913,0,5925,G
1-PB2,753,1,14,5942,0,5957,G
1-PB2,754,5909,2,2,1,5914,A
1-PB2,755,5918,0,5,0,5923,A
1-PB2,756,1,5902,0,2,5905,T
1-PB2,757,2,12,5869,1,5884,G
1-PB2,758,5883,0,9,0,5892,A
1-PB2,759,2,2,1,5866,5871,C
1-PB2,760,3,8,5860,0,5871,G
1-PB2,761,5950,1,1,1,5953,A
1-PB2,762,0,5923,0,2,5925,T
1-PB2,763,2,3,5962,1,5968,G
1-PB2,764,0,5955,0,2,5957,T
1-PB2,765,1,5900,0,2,5903,T
1-PB2,766,2,28,5931,0,5961,G
1-PB2,767,5952,4,8,0,5964,A
1-PB2,768,2,1,0,5963,5966,C
1-PB2,769,12,1,0,5945,5958,C
1-PB2,770,5899,1,1,0,5901,A
1-PB2,771,5908,1,3,0,5912,A
1-PB2,772,5935,0,3,1,5939,A
1-PB2,773,0,1,6069,0,6070,G
1-PB2,774,4,4,0,6057,6065,C
1-PB2,775,10,0,0,6036,6046,C
1-PB2,776,1,6061,0,2,6064,T
1-PB2,777,6080,1,2,0,6083,A
1-PB2,778,6078,1,2,0,6081,A
1-PB2,779,0,6103,0,4,6107,T
1-PB2,780,0,6082,0,1,6083,T
1-PB2,781,6025,0,0,0,6025,A
1-PB2,782,1,5922,0,3,5926,T
1-PB2,783,0,5889,0,0,5889,T
1-PB2,784,2,0,5861,0,5863,G
1-PB2,785,3,3,0,5839,5845,C
1-PB2,786,2,7,5836,0,5845,G
1-PB2,787,1,1,5945,0,5947,G
1-PB2,788,1,0,0,5933,5934,C
1-PB2,789,6,2,0,5953,5961,C
1-PB2,790,5966,1,1,1,5969,A
1-PB2,791,1,4,6027,0,6032,G
1-PB2,792,4,20,6059,0,6083,G
1-PB2,793,6079,2,7,0,6088,A
1-PB2,794,6121,1,2,0,6124,A
1-PB2,795,2,3,0,6155,6160,C
1-PB2,796,6065,1,3,0,6069,A
1-PB2,797,1,6155,0,7,6163,T
1-PB2,798,6251,0,2,1,6254,A
1-PB2,799,3,1,6307,0,6311,G
1-PB2,800,2,6233,0,4,6239,T
1-PB2,801,6198,1,2,0,6201,A
1-PB2,802,6179,3,1,2,6185,A
1-PB2,803,0,10,6192,0,6202,G
1-PB2,804,6149,1,2,0,6152,A
1-PB2,805,6065,1,4,2,6072,A
1-PB2,806,2,12,6035,0,6049,G
1-PB2,807,5873,2,12,0,5887,A
1-PB2,808,2,3,5884,0,5889,G
1-PB2,809,2,4,0,5882,5888,C
1-PB2,810,9,2,0,5870,5881,C
1-PB2,811,1,2,5892,0,5895,G
1-PB2,812,0,1,0,5933,5934,C
1-PB2,813,5953,1,0,1,5955,A
1-PB2,814,1,3,6345,0,6349,G
1-PB2,815,1,6322,1,7,6331,T
1-PB2,816,6342,0,1,1,6344,A
1-PB2,817,0,6309,1,3,6313,T
1-PB2,818,12,3,0,6342,6357,C
1-PB2,819,6341,1,4,1,6347,A
1-PB2,820,4,0,6355,0,6359,G
1-PB2,821,0,2,0,6342,6344,C
1-PB2,822,6114,0,4,0,6118,A
1-PB2,823,0,10,6021,0,6031,G
1-PB2,824,6054,0,5,1,6060,A
1-PB2,825,1,6035,0,12,6048,T
1-PB2,826,6,3,0,6064,6073,C
1-PB2,827,4,4,0,6061,6069,C
1-PB2,828,6073,0,4,0,6077,A
1-PB2,829,5,14,0,6076,6095,C
1-PB2,830,1,6079,0,2,6082,T
1-PB2,831,6088,2,2,0,6092,A
1-PB2,832,1,2,6073,0,6076,G
1-PB2,833,2,2,1,6017,6022,C
1-PB2,834,6011,0,2,1,6014,A
1-PB2,835,4,6038,2,4,6048,T
1-PB2,836,8,3,0,6086,6097,C
1-PB2,837,1,6065,0,4,6070,T
1-PB2,838,0,6216,0,0,6216,T
1-PB2,839,0,6240,0,0,6240,T
1-PB2,840,6236,0,2,0,6238,A
1-PB2,841,1,6256,1,1,6259,T
1-PB2,842,0,6236,0,4,6240,T
1-PB2,843,12,7,6212,0,6231,G
1-PB2,844,0,5,6232,1,6238,G
1-PB2,845,6128,0,3,0,6131,A
1-PB2,846,0,7,6128,0,6135,G
1-PB2,847,6064,0,2,0,6066,A
1-PB2,848,0,6032,0,1,6033,T
1-PB2,849,1,0,6149,0,6150,G
1-PB2,850,2,6127,0,7,6136,T
1-PB2,851,3,5,6123,0,6131,G
1-PB2,852,2,2,1,6153,6158,C
1-PB2,853,12,2,0,6121,6135,C
1-PB2,854,6123,2,3,2,6130,A
1-PB2,855,1,2,0,6134,6137,C
1-PB2,856,6068,0,1,0,6069,A
1-PB2,857,1,2,6161,0,6164,G
1-PB2,858,2,1,1,6030,6034,C
1-PB2,859,6009,0,6,0,6015,A
1-PB2,860,2,0,0,6007,6009,C
1-PB2,861,5997,1,6,0,6004,A
1-PB2,862,1,2,0,6042,6045,C
1-PB2,863,6029,1,0,0,6030,A
1-PB2,864,6028,2,3,2,6035,A
1-PB2,865,6035,0,1,2,6038,A
1-PB2,866,0,5908,1,3,5912,T
1-PB2,867,0,5904,0,3,5907,T
1-PB2,868,3,13,5878,1,5895,G
1-PB2,869,2,2,5877,0,5881,G
1-PB2,870,2,5,0,5877,5884,C
1-PB2,871,2,10,5811,0,5823,G
1-PB2,872,3,7,5916,0,5926,G
1-PB2,873,3,8,5935,1,5947,G
1-PB2,874,5949,0,4,0,5953,A
1-PB2,875,2,1,0,5961,5964,C
1-PB2,876,5963,0,5,0,5968,A
1-PB2,877,5969,3,9,0,5981,A
1-PB2,878,3,10,6014,1,6028,G
1-PB2,879,2,5,6024,0,6031,G
1-PB2,880,6049,0,5,0,6054,A
1-PB2,881,1,5818,1,1,5821,T
1-PB2,882,0,7,5731,0,5738,G
1-PB2,883,0,0,5777,0,5777,G
1-PB2,884,0,5725,0,1,5726,T
1-PB2,885,4,16,5701,0,5721,G
1-PB2,886,6,7,5677,1,5691,G
1-PB2,887,5605,3,7,2,5617,A
1-PB2,888,0,3,0,5610,5613,C
1-PB2,889,5547,1,0,0,5548,A
1-PB2,890,2,6218,0,1,6221,T
1-PB2,891,1,6182,0,2,6185,T
1-PB2,892,10,0,0,6199,6209,C
1-PB2,893,1,6144,1,5,6151,T
1-PB2,894,0,6133,2,4,6139,T
1-PB2,895,6153,0,1,0,6154,A
1-PB2,896,0,10,6165,0,6175,G
1-PB2,897,6149,1,8,0,6158,A
1-PB2,898,0,3,0,6157,6160,C
1-PB2,899,5154,1,0,0,5155,A
1-PB2,900,0,7,5241,0,5248,G
1-PB2,901,5212,0,4,0,5216,A
1-PB2,902,5220,2,4,0,5226,A
1-PB2,903,2,0,0,5218,5220,C
1-PB2,904,6,3,1,5208,5218,C
1-PB2,905,10,3,0,5197,5210,C
1-PB2,906,5,27,5181,0,5213,G
1-PB2,907,5223,2,4,1,5230,A
1-PB2,908,0,0,0,5248,5248,C
1-PB2,909,2,5186,1,6,5195,T
1-PB2,910,3,6,5222,0,5231,G
1-PB2,911,5216,1,1,2,5220,A
1-PB2,912,5245,0,8,1,5254,A
1-PB2,913,0,12,5261,0,5273,G
1-PB2,914,5263,0,1,0,5264,A
1-PB2,915,5264,2,0,0,5266,A
1-PB2,916,0,1,0,5256,5257,C
1-PB2,917,5229,3,0,0,5232,A
1-PB2,918,5259,0,6,0,5265,A
1-PB2,919,2,0,5304,0,5306,G
1-PB2,920,3,2,0,5333,5338,C
1-PB2,921,0,5292,1,1,5294,T
1-PB2,922,4,1,5355,0,5360,G
1-PB2,923,1,5340,0,3,5344,T
1-PB2,924,3,3,5430,0,5436,G
1-PB2,925,1,4,5627,0,5632,G
1-PB2,926,5650,1,5,1,5657,A
1-PB2,927,0,5627,0,0,5627,T
1-PB2,928,5596,1,2,0,5599,A
1-PB2,929,2,5524,0,2,5528,T
1-PB2,930,5701,1,1,2,5705,A
1-PB2,931,0,5611,0,2,5613,T
1-PB2,932,1,2,5596,2,5601,G
1-PB2,933,2,4,0,5536,5542,C
1-PB2,934,5311,1,3,0,5315,A
1-PB2,935,5322,3,2,1,5328,A
1-PB2,936,6,6,5306,0,5318,G
1-PB2,937,2,2,5326,0,5330,G
1-PB2,938,1,1,0,5338,5340,C
1-PB2,939,0,5238,0,6,5244,T
1-PB2,940,3,1,5264,0,5268,G
1-PB2,941,1,1,0,5283,5285,C
1-PB2,942,5283,3,2,0,5288,A
1-PB2,943,5294,1,1,1,5297,A
1-PB2,944,0,5273,0,1,5274,T
1-PB2,945,6,10,5278,0,5294,G
1-PB2,946,0,15,5245,0,5260,G
1-PB2,947,2,7,5258,0,5267,G
1-PB2,948,5269,1,6,0,5276,A
1-PB2,949,0,5237,0,1,5238,T
1-PB2,950,1,5213,0,1,5215,T
1-PB2,951,1,19,5208,1,5229,G
1-PB2,952,5215,2,2,0,5219,A
1-PB2,953,2,9,5245,0,5256,G
1-PB2,954,5211,2,6,0,5219,A
1-PB2,955,5177,1,2,0,5180,A
1-PB2,956,1,5152,0,1,5154,T
1-PB2,957,10,1,0,5168,5179,C
1-PB2,958,5153,0,9,1,5163,A
1-PB2,959,0,1,5199,1,5201,G
1-PB2,960,0,1,2,5185,5188,C
1-PB2,961,1,5162,0,5,5168,T
1-PB2,962,24,1,0,5131,5156,C
1-PB2,963,5147,0,2,0,5149,A
1-PB2,964,4,5253,0,2,5259,T
1-PB2,965,14,0,0,5256,5270,C
1-PB2,966,13,1,0,5321,5335,C
1-PB2,967,0,5294,0,8,5302,T
1-PB2,968,0,5263,0,4,5267,T
1-PB2,969,9,2,0,5261,5272,C
1-PB2,970,5276,0,3,1,5280,A
1-PB2,971,0,0,5354,0,5354,G
1-PB2,972,0,1,0,5332,5333,C
1-PB2,973,1,5232,0,4,5237,T
1-PB2,974,1,5239,0,1,5241,T
1-PB2,975,1,5206,0,0,5207,T
1-PB2,976,0,9,5206,0,5215,G
1-PB2,977,1,0,5221,0,5222,G
1-PB2,978,1,5205,0,9,5215,T
1-PB2,979,5,14,5205,1,5225,G
1-PB2,980,0,5,5224,0,5229,G
1-PB2,981,1,0,5267,0,5268,G
1-PB2,982,0,5248,1,6,5255,T
1-PB2,983,1,5238,0,1,5240,T
1-PB2,984,0,5234,0,2,5236,T
1-PB2,985,5258,0,3,0,5261,A
1-PB2,986,3,3,1,5268,5275,C
1-PB2,987,5287,0,0,0,5287,A
1-PB2,988,1,5248,0,1,5250,T
1-PB2,989,0,5146,0,4,5150,T
1-PB2,990,0,5122,0,14,5136,T
1-PB2,991,5127,0,0,0,5127,A
1-PB2,992,5124,0,1,1,5126,A
1-PB2,993,5127,1,2,1,5131,A
1-PB2,994,5101,0,8,0,5109,A
1-PB2,995,1,14,5134,0,5149,G
1-PB2,996,5112,1,2,0,5115,A
1-PB2,997,5112,2,3,0,5117,A
1-PB2,998,2,3,0,5123,5128,C
1-PB2,999,5097,2,1,0,5100,A
1-PB2,1000,5114,0,2,0,5116,A
1-PB2,1001,1,2,5118,0,5121,G
1-PB2,1002,3,1,0,5124,5128,C
1-PB2,1003,3,7,5113,1,5124,G
1-PB2,1004,4,11,5121,0,5136,G
1-PB2,1005,0,0,5139,0,5139,G
1-PB2,1006,3,5127,1,4,5135,T
1-PB2,1007,33,1,1,5085,5120,C
1-PB2,1008,5125,0,4,0,5129,A
1-PB2,1009,2,5106,0,2,5110,T
1-PB2,1010,10,3,1,5103,5117,C
1-PB2,1011,5090,2,2,0,5094,A
1-PB2,1012,0,1,5172,0,5173,G
1-PB2,1013,2,5111,0,2,5115,T
1-PB2,1014,25,1,1,5090,5117,C
1-PB2,1015,5116,1,1,0,5118,A
1-PB2,1016,5127,2,6,0,5135,A
1-PB2,1017,5114,7,4,2,5127,A
1-PB2,1018,5119,0,1,2,5122,A
1-PB2,1019,5146,1,4,0,5151,A
1-PB2,1020,5142,1,5,0,5148,A
1-PB2,1021,1,9,5167,0,5177,G
1-PB2,1022,5147,1,4,0,5152,A
1-PB2,1023,5140,1,7,1,5149,A
1-PB2,1024,0,5,5146,0,5151,G
1-PB2,1025,5132,1,1,0,5134,A
1-PB2,1026,5006,0,10,0,5016,A
1-PB2,1027,0,5,5005,0,5010,G
1-PB2,1028,4992,3,2,0,4997,A
1-PB2,1029,2,6,4994,0,5002,G
1-PB2,1030,0,2,5090,2,5094,G
1-PB2,1031,0,5091,0,3,5094,T
1-PB2,1032,1,3,5193,0,5197,G
1-PB2,1033,1,1,1,5222,5225,C
1-PB2,1034,6,5211,1,7,5225,T
1-PB2,1035,2,5251,0,1,5254,T
1-PB2,1036,5242,1,5,0,5248,A
1-PB2,1037,2,2,0,5247,5251,C
1-PB2,1038,5200,9,3,0,5212,A
1-PB2,1039,8,7,5199,2,5216,G
1-PB2,1040,2,2,5203,0,5207,G
1-PB2,1041,1,9,0,5103,5113,C
1-PB2,1042,5045,0,2,1,5048,A
1-PB2,1043,5085,0,0,0,5085,A
1-PB2,1044,0,5188,0,6,5194,T
1-PB2,1045,14,0,0,5224,5238,C
1-PB2,1046,0,5206,2,8,5216,T
1-PB2,1047,16,2,0,5199,5217,C
1-PB2,1048,6,0,0,5201,5207,C
1-PB2,1049,5205,0,1,0,5206,A
1-PB2,1050,5200,0,0,1,5201,A
1-PB2,1051,5210,2,4,0,5216,A
1-PB2,1052,1,1,0,5222,5224,C
1-PB2,1053,5081,0,0,0,5081,A
1-PB2,1054,2,5045,0,0,5047,T
1-PB2,1055,0,5015,0,1,5016,T
1-PB2,1056,2,3,5057,0,5062,G
1-PB2,1057,5057,1,2,1,5061,A
1-PB2,1058,5105,1,2,0,5108,A
1-PB2,1059,5112,0,3,0,5115,A
1-PB2,1060,5115,0,0,0,5115,A
1-PB2,1061,1,5120,0,1,5122,T
1-PB2,1062,5120,1,1,0,5122,A
1-PB2,1063,5111,2,8,0,5121,A
1-PB2,1064,0,11,5210,1,5222,G
1-PB2,1065,5131,1,13,0,5145,A
1-PB2,1066,0,2,5321,0,5323,G
1-PB2,1067,2,5254,0,2,5258,T
1-PB2,1068,5294,0,4,0,5298,A
1-PB2,1069,1,11,0,5408,5420,C
1-PB2,1070,5377,2,5,0,5384,A
1-PB2,1071,0,5366,1,3,5370,T
1-PB2,1072,1,12,5363,0,5376,G
1-PB2,1073,5267,1,6,1,5275,A
1-PB2,1074,2,16,5296,0,5314,G
1-PB2,1075,3,17,5290,0,5310,G
1-PB2,1076,1,8,5536,1,5546,G
1-PB2,1077,2,2,5558,0,5562,G
1-PB2,1078,0,5446,0,10,5456,T
1-PB2,1079,5470,0,2,0,5472,A
1-PB2,1080,1,5450,0,0,5451,T
1-PB2,1081,12,11,5435,0,5458,G
1-PB2,1082,5432,0,3,0,5435,A
1-PB2,1083,4,8,5403,2,5417,G
1-PB2,1084,1,18,5346,0,5365,G
1-PB2,1085,4973,0,4,0,4977,A
1-PB2,1086,0,1,5148,0,5149,G
1-PB2,1087,1,5100,0,4,5105,T
1-PB2,1088,0,5261,0,7,5268,T
1-PB2,1089,17,2,0,5281,5300,C
1-PB2,1090,5279,1,7,2,5289,A
1-PB2,1091,0,6,0,5290,5296,C
1-PB2,1092,5281,1,0,0,5282,A
1-PB2,1093,5294,0,6,0,5300,A
1-PB2,1094,0,5288,0,0,5288,T
1-PB2,1095,0,9,5168,0,5177,G
1-PB2,1096,1,1,5223,1,5226,G
1-PB2,1097,0,5064,0,2,5066,T
1-PB2,1098,1,4,5070,1,5076,G
1-PB2,1099,0,8,5071,0,5079,G
1-PB2,1100,2,5,5079,0,5086,G
1-PB2,1101,3,6,5112,0,5121,G
1-PB2,1102,5089,0,1,0,5090,A
1-PB2,1103,5095,1,1,1,5098,A
1-PB2,1104,5090,1,1,0,5092,A
1-PB2,1105,4995,2,12,0,5009,A
1-PB2,1106,2,10,5068,0,5080,G
1-PB2,1107,5043,0,7,0,5050,A
1-PB2,1108,1,0,5048,0,5049,G
1-PB2,1109,1,1,0,5033,5035,C
1-PB2,1110,4989,3,2,0,4994,A
1-PB2,1111,4997,2,6,0,5005,A
1-PB2,1112,1,0,0,5157,5158,C
1-PB2,1113,5143,1,3,2,5149,A
1-PB2,1114,2,1,5267,1,5271,G
1-PB2,1115,0,0,0,5227,5227,C
1-PB2,1116,0,5216,0,4,5220,T
1-PB2,1117,5364,0,9,0,5373,A
1-PB2,1118,1,5362,0,3,5366,T
1-PB2,1119,5400,1,2,0,5403,A
1-PB2,1120,8,0,1,5397,5406,C
1-PB2,1121,1,5118,0,1,5120,T
1-PB2,1122,5160,1,1,0,5162,A
1-PB2,1123,5048,2,2,0,5052,A
1-PB2,1124,2,8,5066,0,5076,G
1-PB2,1125,5074,0,0,0,5074,A
1-PB2,1126,4917,0,2,4,4923,A
1-PB2,1127,4913,2,5,1,4921,A
1-PB2,1128,4898,0,10,1,4909,A
1-PB2,1129,0,2,4920,0,4922,G
1-PB2,1130,1,4,1,4909,4915,C
1-PB2,1131,4903,2,2,1,4908,A
1-PB2,1132,4907,3,5,2,4917,A
1-PB2,1133,1,1,0,4926,4928,C
1-PB2,1134,8,3,0,4921,4932,C
1-PB2,1135,4928,1,4,0,4933,A
1-PB2,1136,1,5,4949,0,4955,G
1-PB2,1137,4943,3,2,0,4948,A
1-PB2,1138,4925,1,6,1,4933,A
1-PB2,1139,0,8,4988,0,4996,G
1-PB2,1140,4971,3,2,0,4976,A
1-PB2,1141,0,4958,1,5,4964,T
1-PB2,1142,1,4939,0,2,4942,T
1-PB2,1143,1,6,4941,0,4948,G
1-PB2,1144,1,5,5038,0,5044,G
1-PB2,1145,0,5015,0,6,5021,T
1-PB2,1146,1,5004,0,8,5013,T
1-PB2,1147,19,0,0,4993,5012,C
1-PB2,1148,5081,0,4,0,5085,A
1-PB2,1149,1,1,5277,0,5279,G
1-PB2,1150,1,0,1,5326,5328,C
1-PB2,1151,2,5306,1,3,5312,T
1-PB2,1152,15,2,0,5351,5368,C
1-PB2,1153,5292,0,2,0,5294,A
1-PB2,1154,0,5310,0,2,5312,T
1-PB2,1155,5317,1,1,0,5319,A
1-PB2,1156,2,2,5345,0,5349,G
1-PB2,1157,0,5090,0,2,5092,T
1-PB2,1158,2,18,5085,1,5106,G
1-PB2,1159,4965,0,5,0,4970,A
1-PB2,1160,0,0,5038,0,5038,G
1-PB2,1161,0,4990,0,7,4997,T
1-PB2,1162,1,6,4982,2,4991,G
1-PB2,1163,2,5,5032,1,5040,G
1-PB2,1164,5040,1,4,0,5045,A
1-PB2,1165,5000,0,9,0,5009,A
1-PB2,1166,0,13,5027,0,5040,G
1-PB2,1167,4942,0,10,2,4954,A
1-PB2,1168,0,5,4994,0,4999,G
1-PB2,1169,4947,0,5,1,4953,A
1-PB2,1170,1,0,0,4949,4950,C
1-PB2,1171,5,19,4927,0,4951,G
1-PB2,1172,4904,3,3,1,4911,A
1-PB2,1173,4917,1,9,0,4927,A
1-PB2,1174,0,1,0,4943,4944,C
1-PB2,1175,4899,0,3,2,4904,A
1-PB2,1176,2,0,5226,0,5228,G
1-PB2,1177,1,5187,0,7,5195,T
1-PB2,1178,18,2,0,5175,5195,C
1-PB2,1179,5192,1,4,0,5197,A
1-PB2,1180,5181,0,4,1,5186,A
1-PB2,1181,2,5190,0,0,5192,T
1-PB2,1182,5158,1,5,0,5164,A
1-PB2,1183,1,1,5156,0,5158,G
1-PB2,1184,0,3,0,5139,5142,C
1-PB2,1185,6,2,0,4974,4982,C
1-PB2,1186,3,6,4948,0,4957,G
1-PB2,1187,4968,1,3,1,4973,A
1-PB2,1188,4976,0,5,0,4981,A
1-PB2,1189,0,2,5026,1,5029,G
1-PB2,1190,2,1,0,5142,5145,C
1-PB2,1191,5139,0,3,0,5142,A
1-PB2,1192,5139,2,5,0,5146,A
1-PB2,1193,0,5134,1,3,5138,T
1-PB2,1194,5159,0,1,0,5160,A
1-PB2,1195,5208,0,3,0,5211,A
1-PB2,1196,2,5197,0,3,5202,T
1-PB2,1197,10,2,0,5166,5178,C
1-PB2,1198,5,0,5140,1,5146,G
1-PB2,1199,1,5028,1,5,5035,T
1-PB2,1200,1,7,5009,1,5018,G
1-PB2,1201,1,4,5079,0,5084,G
1-PB2,1202,3,2,2,5060,5067,C
1-PB2,1203,12,4,0,5050,5066,C
1-PB2,1204,5036,1,1,0,5038,A
1-PB2,1205,0,5020,1,6,5027,T
1-PB2,1206,8,10,5018,0,5036,G
1-PB2,1207,0,3,5126,1,5130,G
1-PB2,1208,0,5102,1,3,5106,T
1-PB2,1209,2,0,5142,2,5146,G
1-PB2,1210,0,5042,1,2,5045,T
1-PB2,1211,3,5076,1,10,5090,T
1-PB2,1212,1,5096,1,2,5100,T
1-PB2,1213,3,5101,0,5,5109,T
1-PB2,1214,7,2,0,5163,5172,C
1-PB2,1215,5149,3,8,0,5160,A
1-PB2,1216,1,4,0,5339,5344,C
1-PB2,1217,5266,0,0,0,5266,A
1-PB2,1218,5280,1,2,0,5283,A
1-PB2,1219,0,3,5303,0,5306,G
1-PB2,1220,5263,0,4,0,5267,A
1-PB2,1221,181,8,5153,1,5343,G
1-PB2,1222,1,6,5356,0,5363,G
1-PB2,1223,5325,1,1,0,5327,A
1-PB2,1224,1,5342,0,3,5346,T
1-PB2,1225,0,5282,0,1,5283,T
1-PB2,1226,0,5,5273,0,5278,G
1-PB2,1227,4,4,0,5178,5186,C
1-PB2,1228,5224,1,2,0,5227,A
1-PB2,1229,1,5263,0,1,5265,T
1-PB2,1230,0,11,5417,0,5428,G
1-PB2,1231,5468,0,2,0,5470,A
1-PB2,1232,0,5494,2,2,5498,T
1-PB2,1233,5477,0,2,1,5480,A
1-PB2,1234,5478,0,2,1,5481,A
1-PB2,1235,5474,1,1,0,5476,A
1-PB2,1236,5468,3,15,2,5488,A
1-PB2,1237,1,4,5493,0,5498,G
1-PB2,1238,2,3,0,5583,5588,C
1-PB2,1239,5664,1,0,0,5665,A
1-PB2,1240,2,0,5812,0,5814,G
1-PB2,1241,0,5794,0,4,5798,T
1-PB2,1242,0,5801,0,0,5801,T
1-PB2,1243,5805,1,2,0,5808,A
1-PB2,1244,0,10,5831,0,5841,G
1-PB2,1245,5803,1,3,2,5809,A
1-PB2,1246,0,18,5799,1,5818,G
1-PB2,1247,1,3,5781,0,5785,G
1-PB2,1248,0,5595,0,6,5601,T
1-PB2,1249,3,27,5592,2,5624,G
1-PB2,1250,5631,1,9,0,5641,A
1-PB2,1251,2,3,0,5672,5677,C
1-PB2,1252,8,2,0,5672,5682,C
1-PB2,1253,2,5579,1,10,5592,T
1-PB2,1254,49,22,5555,0,5626,G
1-PB2,1255,5625,1,1,0,5627,A
1-PB2,1256,5619,1,1,2,5623,A
1-PB2,1257,0,5612,1,0,5613,T
1-PB2,1258,1,5660,1,4,5666,T
1-PB2,1259,0,5667,0,0,5667,T
1-PB2,1260,14,2,0,5635,5651,C
1-PB2,1261,4,0,5648,0,5652,G
1-PB2,1262,1,5637,0,9,5647,T
1-PB2,1263,15,3,0,5637,5655,C
1-PB2,1264,5644,0,3,0,5647,A
1-PB2,1265,5656,1,3,0,5660,A
1-PB2,1266,2,0,0,5661,5663,C
1-PB2,1267,5597,0,1,1,5599,A
1-PB2,1268,1,9,5644,0,5654,G
1-PB2,1269,5626,0,6,0,5632,A
1-PB2,1270,1,1,5644,0,5646,G
1-PB2,1271,5,2,0,5645,5652,C
1-PB2,1272,5644,1,2,0,5647,A
1-PB2,1273,5701,0,4,0,5705,A
1-PB2,1274,5705,1,2,0,5708,A
1-PB2,1275,1,5693,0,1,5695,T
1-PB2,1276,11,0,0,5697,5708,C
1-PB2,1277,5642,1,8,1,5652,A
1-PB2,1278,1,0,5657,0,5658,G
1-PB2,1279,2,10,0,5663,5675,C
1-PB2,1280,3,7,5675,0,5685,G
1-PB2,1281,4,0,5974,1,5979,G
1-PB2,1282,0,5932,0,7,5939,T
1-PB2,1283,0,5936,0,4,5940,T
1-PB2,1284,0,12,5947,3,5962,G
1-PB2,1285,5972,3,2,0,5977,A
1-PB2,1286,5999,0,11,0,6010,A
1-PB2,1287,1,1,0,6049,6051,C
1-PB2,1288,13,2,0,5992,6007,C
1-PB2,1289,15,2,3,6030,6050,C
1-PB2,1290,13,2,0,5831,5846,C
1-PB2,1291,5877,1,2,1,5881,A
1-PB2,1292,0,5895,0,5,5900,T
1-PB2,1293,1,2,5908,1,5912,G
1-PB2,1294,5,3,0,5909,5917,C
1-PB2,1295,5898,2,3,1,5904,A
1-PB2,1296,3,5858,1,4,5866,T
1-PB2,1297,7,0,0,5840,5847,C
1-PB2,1298,5812,0,0,0,5812,A
1-PB2,1299,1,1,5871,1,5874,G
1-PB2,1300,0,0,0,5881,5881,C
1-PB2,1301,2,5808,1,20,5831,T
1-PB2,1302,0,5848,1,3,5852,T
1-PB2,1303,1,5829,0,2,5832,T
1-PB2,1304,2,5834,0,0,5836,T
1-PB2,1305,5827,1,7,0,5835,A
1-PB2,1306,5819,0,10,2,5831,A
1-PB2,1307,1,12,5826,0,5839,G
1-PB2,1308,2,1,5796,0,5799,G
1-PB2,1309,2,0,0,5766,5768,C
1-PB2,1310,5741,1,1,0,5743,A
1-PB2,1311,2,5743,1,0,5746,T
1-PB2,1312,0,5761,0,3,5764,T
1-PB2,1313,0,5773,0,3,5776,T
1-PB2,1314,1,5796,0,5,5802,T
1-PB2,1315,11,2,1,5782,5796,C
1-PB2,1316,5788,2,2,0,5792,A
1-PB2,1317,1,6,5789,0,5796,G
1-PB2,1318,5789,0,2,0,5791,A
1-PB2,1319,5777,0,2,0,5779,A
1-PB2,1320,5777,0,4,0,5781,A
1-PB2,1321,9,3,5767,0,5779,G
1-PB2,1322,5816,0,1,0,5817,A
1-PB2,1323,1,5810,0,1,5812,T
1-PB2,1324,2,1,5810,0,5813,G
1-PB2,1325,2,4,0,5817,5823,C
1-PB2,1326,0,7,5818,0,5825,G
1-PB2,1327,5811,0,2,1,5814,A
1-PB2,1328,5812,0,2,1,5815,A
1-PB2,1329,5814,0,1,0,5815,A
1-PB2,1330,1,3,5821,1,5826,G
1-PB2,1331,1,5749,0,2,5752,T
1-PB2,1332,3,0,5754,0,5757,G
1-PB2,1333,2,1,0,5743,5746,C
1-PB2,1334,0,5726,1,5,5732,T
1-PB2,1335,1,5733,0,1,5735,T
1-PB2,1336,0,5746,0,2,5748,T
1-PB2,1337,0,5741,0,3,5744,T
1-PB2,1338,1,5740,1,4,5746,T
1-PB2,1339,15,4,0,5727,5746,C
1-PB2,1340,5742,0,2,0,5744,A
1-PB2,1341,5754,2,4,0,5760,A
1-PB2,1342,5755,0,1,1,5757,A
1-PB2,1343,5772,0,3,1,5776,A
1-PB2,1344,1,5738,1,2,5742,T
1-PB2,1345,2,5765,2,1,5770,T
1-PB2,1346,1,10,5759,0,5770,G
1-PB2,1347,2,14,5765,0,5781,G
1-PB2,1348,2,10,5755,1,5768,G
1-PB2,1349,1,20,5808,0,5829,G
1-PB2,1350,5796,0,3,0,5799,A
1-PB2,1351,2,1,5902,0,5905,G
1-PB2,1352,1,5888,0,8,5897,T
1-PB2,1353,0,5898,0,2,5900,T
1-PB2,1354,3,14,5891,0,5908,G
1-PB2,1355,5886,2,13,0,5901,A
1-PB2,1356,5922,1,9,0,5932,A
1-PB2,1357,1,3,1,6126,6131,C
1-PB2,1358,6080,0,0,0,6080,A
1-PB2,1359,1,0,0,6240,6241,C
1-PB2,1360,6140,0,0,0,6140,A
1-PB2,1361,0,6120,1,1,6122,T
1-PB2,1362,1,6086,0,5,6092,T
1-PB2,1363,3,21,6157,1,6182,G
1-PB2,1364,6178,2,14,1,6195,A
1-PB2,1365,0,1,0,6180,6181,C
1-PB2,1366,5939,0,1,0,5940,A
1-PB2,1367,4,5,6053,0,6062,G
1-PB2,1368,0,5887,0,2,5889,T
1-PB2,1369,2,0,5972,1,5975,G
1-PB2,1370,1,5946,0,2,5949,T
1-PB2,1371,2,7,5952,0,5961,G
1-PB2,1372,5947,1,2,0,5950,A
1-PB2,1373,1,5933,0,0,5934,T
1-PB2,1374,2,11,5930,0,5943,G
1-PB2,1375,2,12,5925,0,5939,G
1-PB2,1376,2,13,5879,0,5894,G
1-PB2,1377,5845,0,5,1,5851,A
1-PB2,1378,5811,1,0,0,5812,A
1-PB2,1379,1,5835,1,1,5838,T
1-PB2,1380,6,11,5883,1,5901,G
1-PB2,1381,5914,0,1,0,5915,A
1-PB2,1382,0,5903,1,0,5904,T
1-PB2,1383,0,5879,0,2,5881,T
1-PB2,1384,1,12,5838,0,5851,G
1-PB2,1385,1,6,5808,0,5815,G
1-PB2,1386,1,8,5656,1,5666,G
1-PB2,1387,2,2,5876,1,5881,G
1-PB2,1388,0,5893,0,0,5893,T
1-PB2,1389,5876,0,48,1,5925,A
1-PB2,1390,1,5924,0,2,5927,T
1-PB2,1391,1,5980,1,4,5986,T
1-PB2,1392,6056,0,5,0,6061,A
1-PB2,1393,6,1,0,6049,6056,C
1-PB2,1394,16,3,0,5942,5961,C
1-PB2,1395,5851,1,2,0,5854,A
1-PB2,1396,0,6,5884,0,5890,G
1-PB2,1397,5986,0,2,0,5988,A
1-PB2,1398,1,5951,0,5,5957,T
1-PB2,1399,5925,0,1,1,5927,A
1-PB2,1400,0,5841,1,6,5848,T
1-PB2,1401,0,19,5780,2,5801,G
1-PB2,1402,5800,2,6,0,5808,A
1-PB2,1403,2,2,0,5840,5844,C
1-PB2,1404,2,5825,1,5,5833,T
1-PB2,1405,10,0,0,5820,5830,C
1-PB2,1406,11,2,1,5749,5763,C
1-PB2,1407,5769,0,9,0,5778,A
1-PB2,1408,5800,1,6,2,5809,A
1-PB2,1409,8,0,5915,0,5923,G
1-PB2,1410,5,9,0,5891,5905,C
1-PB2,1411,5885,2,0,0,5887,A
1-PB2,1412,1,2,1,5880,5884,C
1-PB2,1413,5803,1,14,0,5818,A
1-PB2,1414,0,15,5818,0,5833,G
1-PB2,1415,5796,2,2,1,5801,A
1-PB2,1416,0,8,5837,0,5845,G
1-PB2,1417,5863,0,1,0,5864,A
1-PB2,1418,0,5696,0,5,5701,T
1-PB2,1419,2,3,5751,0,5756,G
1-PB2,1420,0,5703,1,8,5712,T
1-PB2,1421,17,2,1,5648,5668,C
1-PB2,1422,5706,0,4,0,5710,A
1-PB2,1423,5686,0,1,0,5687,A
1-PB2,1424,2,5685,0,1,5688,T
1-PB2,1425,1,11,5663,1,5676,G
1-PB2,1426,5595,1,3,0,5599,A
1-PB2,1427,0,3,5632,0,5635,G
1-PB2,1428,5539,0,7,0,5546,A
1-PB2,1429,1,10,5556,0,5567,G
1-PB2,1430,0,8,5780,0,5788,G
1-PB2,1431,5772,0,3,0,5775,A
1-PB2,1432,5780,1,4,1,5786,A
1-PB2,1433,0,5784,0,0,5784,T
1-PB2,1434,5767,0,4,0,5771,A
1-PB2,1435,5766,0,5,0,5771,A
1-PB2,1436,0,15,5747,0,5762,G
1-PB2,1437,5731,0,4,0,5735,A
1-PB2,1438,5,1,5737,0,5743,G
1-PB2,1439,1,5384,0,2,5387,T
1-PB2,1440,21,0,4,5378,5403,C
1-PB2,1441,5394,1,6,0,5401,A
1-PB2,1442,4,1,5434,0,5439,G
1-PB2,1443,0,5,1,5449,5455,C
1-PB2,1444,5461,0,0,0,5461,A
1-PB2,1445,5467,0,2,2,5471,A
1-PB2,1446,5455,0,3,0,5458,A
1-PB2,1447,5455,0,3,0,5458,A
1-PB2,1448,0,5452,0,0,5452,T
1-PB2,1449,2,9,5440,0,5451,G
1-PB2,1450,1,10,5458,0,5469,G
1-PB2,1451,1,1,5491,1,5494,G
1-PB2,1452,0,5417,1,3,5421,T
1-PB2,1453,1,2,5424,1,5428,G
1-PB2,1454,1,5403,1,7,5412,T
1-PB2,1455,1,4,5420,0,5425,G
1-PB2,1456,1,2,5484,1,5488,G
1-PB2,1457,5489,0,1,0,5490,A
1-PB2,1458,1,5449,1,2,5453,T
1-PB2,1459,1,9,5468,0,5478,G
1-PB2,1460,5431,0,6,0,5437,A
1-PB2,1461,5453,0,4,0,5457,A
1-PB2,1462,1,5434,0,2,5437,T
1-PB2,1463,5418,0,1,0,5419,A
1-PB2,1464,2,0,0,5688,5690,C
1-PB2,1465,0,5532,0,8,5540,T
1-PB2,1466,11,0,0,5572,5583,C
1-PB2,1467,2,3,0,5583,5588,C
1-PB2,1468,5614,1,0,0,5615,A
1-PB2,1469,1,0,5743,0,5744,G
1-PB2,1470,2,5712,0,2,5716,T
1-PB2,1471,5729,1,2,0,5732,A
1-PB2,1472,2,2,0,5746,5750,C
1-PB2,1473,5184,2,1,0,5187,A
1-PB2,1474,1,6,5195,0,5202,G
1-PB2,1475,5116,0,2,0,5118,A
1-PB2,1476,2,4,5138,0,5144,G
1-PB2,1477,4939,0,3,1,4943,A
1-PB2,1478,1,9,4809,0,4819,G
1-PB2,1479,4595,1,15,0,4611,A
1-PB2,1480,5,0,4730,0,4735,G
1-PB2,1481,13,4708,0,0,4721,T
1-PB2,1482,1,5,4727,0,4733,G
1-PB2,1483,0,4,4754,2,4760,G
1-PB2,1484,3,4677,0,2,4682,T
1-PB2,1485,0,8,4736,0,4744,G
1-PB2,1486,0,2,4749,0,4751,G
1-PB2,1487,1,4646,0,3,4650,T
1-PB2,1488,0,4648,0,3,4651,T
1-PB2,1489,4570,2,5,0,4577,A
1-PB2,1490,1,1,4604,0,4606,G
1-PB2,1491,5,0,0,4588,4593,C
1-PB2,1492,4550,1,5,0,4556,A
1-PB2,1493,1,4543,0,3,4547,T
1-PB2,1494,0,4322,0,0,4322,T
1-PB2,1495,1,17,4305,0,4323,G
1-PB2,1496,4312,2,2,0,4316,A
1-PB2,1497,0,4321,0,2,4323,T
1-PB2,1498,9,2,0,4309,4320,C
1-PB2,1499,2,7,4264,0,4273,G
1-PB2,1500,1,1,4340,1,4343,G
1-PB2,1501,1,4333,1,1,4336,T
1-PB2,1502,0,4326,1,2,4329,T
1-PB2,1503,0,4328,0,1,4329,T
1-PB2,1504,0,4327,0,4,4331,T
1-PB2,1505,1,4334,0,0,4335,T
1-PB2,1506,2,11,4328,0,4341,G
1-PB2,1507,4318,1,3,0,4322,A
1-PB2,1508,1,4,4326,0,4331,G
1-PB2,1509,4168,0,1,0,4169,A
1-PB2,1510,0,1,4199,0,4200,G
1-PB2,1511,2,4206,0,1,4209,T
1-PB2,1512,1,4184,3,5,4193,T
1-PB2,1513,18,1,0,4182,4201,C
1-PB2,1514,3,5,4201,0,4209,G
1-PB2,1515,4209,0,7,0,4216,A
1-PB2,1516,1,14,4197,0,4212,G
1-PB2,1517,4214,0,2,0,4216,A
1-PB2,1518,1,3,1,4202,4207,C
1-PB2,1519,9,1,1,4149,4160,C
1-PB2,1520,4120,3,3,0,4126,A
1-PB2,1521,4148,0,2,0,4150,A
1-PB2,1522,1,5,0,4158,4164,C
1-PB2,1523,6,0,4169,0,4175,G
1-PB2,1524,1,4145,0,3,4149,T
1-PB2,1525,1,7,4134,0,4142,G
1-PB2,1526,2,4,4155,0,4161,G
1-PB2,1527,0,10,4148,2,4160,G
1-PB2,1528,4116,0,4,0,4120,A
1-PB2,1529,4105,0,2,0,4107,A
1-PB2,1530,1,3931,0,1,3933,T
1-PB2,1531,0,1,4066,0,4067,G
1-PB2,1532,2,4036,0,1,4039,T
1-PB2,1533,4044,0,2,1,4047,A
1-PB2,1534,2,4052,0,1,4055,T
1-PB2,1535,0,3982,0,1,3983,T
1-PB2,1536,4026,1,0,0,4027,A
1-PB2,1537,1,4000,0,0,4001,T
1-PB2,1538,0,3948,0,2,3950,T
1-PB2,1539,3942,0,0,0,3942,A
1-PB2,1540,0,3457,1,8,3466,T
1-PB2,1541,3,0,0,3545,3548,C
1-PB2,1542,0,3507,0,5,3512,T
1-PB2,1543,10,0,0,3511,3521,C
1-PB2,1544,3,0,0,3527,3530,C
1-PB2,1545,0,3433,0,4,3437,T
1-PB2,1546,0,2,3453,0,3455,G
1-PB2,1547,3432,0,6,0,3438,A
1-PB2,1548,2,2,3431,0,3435,G
1-PB2,1549,0,3,3428,0,3431,G
1-PB2,1550,2942,2,3,0,2947,A
1-PB2,1551,1,3,2979,0,2983,G
1-PB2,1552,1,3,2942,0,2946,G
1-PB2,1553,1,2811,0,10,2822,T
1-PB2,1554,10,1,1,2810,2822,C
1-PB2,1555,2769,0,5,0,2774,A
1-PB2,1556,1,0,2795,0,2796,G
1-PB2,1557,0,2779,0,5,2784,T
1-PB2,1558,2,4,2775,0,2781,G
1-PB2,1559,2776,0,3,0,2779,A
1-PB2,1560,2619,1,2,0,2622,A
1-PB2,1561,2630,0,4,0,2634,A
1-PB2,1562,0,0,0,2633,2633,C
1-PB2,1563,2615,1,1,0,2617,A
1-PB2,1564,0,0,0,2614,2614,C
1-PB2,1565,2523,1,3,0,2527,A
1-PB2,1566,2502,0,9,0,2511,A
1-PB2,1567,0,2,2530,0,2532,G
1-PB2,1568,2,2,2529,0,2533,G
1-PB2,1569,2536,0,0,0,2536,A
1-PB2,1570,2487,0,2,0,2489,A
1-PB2,1571,2433,0,3,1,2437,A
1-PB2,1572,0,2458,0,1,2459,T
1-PB2,1573,1,6,2454,0,2461,G
1-PB2,1574,2455,0,4,0,2459,A
1-PB2,1575,0,1,2464,0,2465,G
1-PB2,1576,2340,0,2,0,2342,A
1-PB2,1577,0,3,2325,0,2328,G
1-PB2,1578,2314,0,0,0,2314,A
1-PB2,1579,1,0,0,2315,2316,C
1-PB2,1580,0,2268,0,1,2269,T
1-PB2,1581,2,4,2292,1,2299,G
1-PB2,1582,2292,2,3,0,2297,A
1-PB2,1583,0,0,0,2306,2306,C
1-PB2,1584,2286,0,2,0,2288,A
1-PB2,1585,2278,0,1,1,2280,A
1-PB2,1586,0,2269,0,0,2269,T
1-PB2,1587,2269,0,0,0,2269,A
1-PB2,1588,2270,0,1,0,2271,A
1-PB2,1589,1,2,0,2274,2277,C
1-PB2,1590,0,2118,0,1,2119,T
1-PB2,1591,0,2087,0,0,2087,T
1-PB2,1592,2046,0,0,0,2046,A
1-PB2,1593,1,2046,0,0,2047,T
1-PB2,1594,0,2033,0,0,2033,T
1-PB2,1595,8,2,0,2024,2034,C
1-PB2,1596,1873,1,2,0,1876,A
1-PB2,1597,0,1873,0,1,1874,T
1-PB2,1598,2,2,0,1786,1790,C
1-PB2,1599,0,1,1795,0,1796,G
1-PB2,1600,0,1797,0,2,1799,T
1-PB2,1601,2,0,0,1763,1765,C
1-PB2,1602,4,2,1763,0,1769,G
1-PB2,1603,1771,0,2,0,1773,A
1-PB2,1604,1,1773,0,0,1774,T
1-PB2,1605,0,3,1765,0,1768,G
1-PB2,1606,1776,0,1,0,1777,A
1-PB2,1607,0,1777,0,0,1777,T
1-PB2,1608,1,0,1763,0,1764,G
1-PB2,1609,0,1681,0,1,1682,T
1-PB2,1610,3,8,1661,0,1672,G
1-PB2,1611,0,0,1677,0,1677,G
1-PB2,1612,2,1,1668,0,1671,G
1-PB2,1613,1630,0,1,0,1631,A
1-PB2,1614,1,2,1608,0,1611,G
1-PB2,1615,1461,0,0,0,1461,A
1-PB2,1616,0,1402,0,1,1403,T
1-PB2,1617,0,1353,1,0,1354,T
1-PB2,1618,1340,0,1,0,1341,A
1-PB2,1619,1333,0,1,0,1334,A
1-PB2,1620,1,0,0,1315,1316,C
1-PB2,1621,1,2,1208,1,1212,G
1-PB2,1622,0,1,1219,0,1220,G
1-PB2,1623,2,1044,0,2,1048,T
1-PB2,1624,2,0,0,1028,1030,C
1-PB2,1625,4,0,0,1022,1026,C
1-PB2,1626,0,951,0,1,952,T
1-PB2,1627,0,2,958,0,960,G
1-PB2,1628,962,0,0,0,962,A
1-PB2,1629,0,0,959,0,959,G
1-PB2,1630,0,963,0,0,963,T
1-PB2,1631,6,0,0,928,934,C
1-PB2,1632,2,0,933,0,935,G
1-PB2,1633,0,2,958,0,960,G
1-PB2,1634,0,959,0,0,959,T
1-PB2,1635,0,957,0,0,957,T
1-PB2,1636,0,958,0,0,958,T
1-PB2,1637,0,953,0,1,954,T
1-PB2,1638,9,3,963,0,975,G
1-PB2,1639,0,1,980,0,981,G
1-PB2,1640,0,978,0,0,978,T
1-PB2,1641,6,3,0,975,984,C
1-PB2,1642,965,0,0,0,965,A
1-PB2,1643,993,0,0,0,993,A
1-PB2,1644,1,994,0,0,995,T
1-PB2,1645,996,0,0,0,996,A
1-PB2,1646,0,1,0,1017,1018,C
1-PB2,1647,1,0,0,975,976,C
1-PB2,1648,0,974,1,1,976,T
1-PB2,1649,996,0,0,0,996,A
1-PB2,1650,0,1000,0,0,1000,T
1-PB2,1651,0,0,0,1001,1001,C
1-PB2,1652,958,0,0,0,958,A
1-PB2,1653,964,0,0,0,964,A
1-PB2,1654,0,959,0,0,959,T
1-PB2,1655,0,2,935,0,937,G
1-PB2,1656,0,3,941,0,944,G
1-PB2,1657,939,0,1,0,940,A
1-PB2,1658,0,916,0,0,916,T
1-PB2,1659,4,0,0,913,917,C
1-PB2,1660,914,0,0,0,914,A
1-PB2,1661,0,913,0,1,914,T
1-PB2,1662,3,0,0,909,912,C
1-PB2,1663,915,0,0,0,915,A
1-PB2,1664,0,2,915,0,917,G
1-PB2,1665,914,0,1,0,915,A
1-PB2,1666,915,0,0,0,915,A
1-PB2,1667,919,0,0,0,919,A
1-PB2,1668,0,915,0,1,916,T
1-PB2,1669,0,917,0,0,917,T
1-PB2,1670,0,3,907,0,910,G
1-PB2,1671,2,1,907,0,910,G
1-PB2,1672,0,0,905,0,905,G
1-PB2,1673,912,0,0,0,912,A
1-PB2,1674,906,0,1,0,907,A
1-PB2,1675,1,0,909,0,910,G
1-PB2,1676,1,1,0,909,911,C
1-PB2,1677,0,909,0,0,909,T
1-PB2,1678,0,0,924,0,924,G
1-PB2,1679,0,919,0,2,921,T
1-PB2,1680,1,1,0,917,919,C
1-PB2,1681,918,1,1,0,920,A
1-PB2,1682,919,0,0,0,919,A
1-PB2,1683,921,0,0,0,921,A
1-PB2,1684,927,1,0,0,928,A
1-PB2,1685,1,927,1,0,929,T
1-PB2,1686,0,926,0,0,926,T
1-PB2,1687,1,0,1,912,914,C
1-PB2,1688,912,1,1,0,914,A
1-PB2,1689,916,0,0,0,916,A
1-PB2,1690,0,914,0,1,915,T
1-PB2,1691,0,2,918,0,920,G
1-PB2,1692,0,0,926,0,926,G
1-PB2,1693,0,938,0,0,938,T
1-PB2,1694,2,0,0,944,946,C
1-PB2,1695,0,947,0,1,948,T
1-PB2,1696,2,0,0,947,949,C
1-PB2,1697,952,0,0,0,952,A
1-PB2,1698,0,0,955,0,955,G
1-PB2,1699,953,1,0,0,954,A
1-PB2,1700,955,0,0,0,955,A
1-PB2,1701,0,940,0,0,940,T
1-PB2,1702,0,0,0,936,936,C
1-PB2,1703,2,0,0,944,946,C
1-PB2,1704,0,942,0,2,944,T
1-PB2,1705,1,0,938,0,939,G
1-PB2,1706,0,0,0,944,944,C
1-PB2,1707,941,0,0,0,941,A
1-PB2,1708,958,0,0,0,958,A
1-PB2,1709,0,938,0,0,938,T
1-PB2,1710,0,0,957,0,957,G
1-PB2,1711,0,958,0,2,960,T
1-PB2,1712,0,938,0,0,938,T
1-PB2,1713,1,0,945,0,946,G
1-PB2,1714,0,947,0,0,947,T
1-PB2,1715,947,0,0,0,947,A
1-PB2,1716,0,0,0,946,946,C
1-PB2,1717,933,1,1,0,935,A
1-PB2,1718,941,1,0,0,942,A
1-PB2,1719,1,0,0,933,934,C
1-PB2,1720,908,0,0,0,908,A
1-PB2,1721,906,0,0,0,906,A
1-PB2,1722,894,0,0,0,894,A
1-PB2,1723,892,0,1,0,893,A
1-PB2,1724,1,891,0,1,893,T
1-PB2,1725,0,2,889,0,891,G
1-PB2,1726,0,2,892,0,894,G
1-PB2,1727,888,1,0,0,889,A
1-PB2,1728,892,0,2,0,894,A
1-PB2,1729,0,894,0,0,894,T
1-PB2,1730,0,892,0,0,892,T
1-PB2,1731,0,893,0,0,893,T
1-PB2,1732,1,5,887,0,893,G
1-PB2,1733,895,0,1,0,896,A
1-PB2,1734,894,0,1,0,895,A
1-PB2,1735,0,0,0,890,890,C
1-PB2,1736,6,0,0,873,879,C
1-PB2,1737,887,0,0,0,887,A
1-PB2,1738,1,898,0,0,899,T
1-PB2,1739,0,894,0,0,894,T
1-PB2,1740,0,899,0,1,900,T
1-PB2,1741,1,2,1,898,902,C
1-PB2,1742,899,0,0,0,899,A
1-PB2,1743,897,0,0,0,897,A
1-PB2,1744,0,899,0,2,901,T
1-PB2,1745,1,0,0,910,911,C
1-PB2,1746,0,892,0,1,893,T
1-PB2,1747,0,892,0,0,892,T
1-PB2,1748,0,894,0,0,894,T
1-PB2,1749,893,0,0,0,893,A
1-PB2,1750,0,0,897,0,897,G
1-PB2,1751,0,891,0,1,892,T
1-PB2,1752,2,0,0,907,909,C
1-PB2,1753,4,0,0,904,908,C
1-PB2,1754,3,0,0,896,899,C
1-PB2,1755,2,0,0,902,904,C
1-PB2,1756,900,0,0,0,900,A
1-PB2,1757,897,1,0,0,898,A
1-PB2,1758,0,1,921,0,922,G
1-PB2,1759,0,1,917,0,918,G
1-PB2,1760,0,0,0,912,912,C
1-PB2,1761,2,0,0,896,898,C
1-PB2,1762,904,0,0,0,904,A
1-PB2,1763,0,912,0,2,914,T
1-PB2,1764,0,912,0,1,913,T
1-PB2,1765,914,0,0,0,914,A
1-PB2,1766,0,0,914,0,914,G
1-PB2,1767,900,0,0,0,900,A
1-PB2,1768,939,0,1,0,940,A
1-PB2,1769,0,0,949,0,949,G
1-PB2,1770,2,0,0,950,952,C
1-PB2,1771,1,0,0,955,956,C
1-PB2,1772,943,0,0,3,946,A
1-PB2,1773,954,0,0,0,954,A
1-PB2,1774,0,961,0,0,961,T
1-PB2,1775,961,0,0,0,961,A
1-PB2,1776,1,0,0,960,961,C
1-PB2,1777,866,0,1,2,869,A
1-PB2,1778,0,0,876,0,876,G
1-PB2,1779,1,855,0,1,857,T
1-PB2,1780,1,1,860,0,862,G
1-PB2,1781,0,3,867,0,870,G
1-PB2,1782,0,0,868,0,868,G
1-PB2,1783,1,868,0,0,869,T
1-PB2,1784,0,860,0,0,860,T
1-PB2,1785,0,864,0,0,864,T
1-PB2,1786,0,0,868,0,868,G
1-PB2,1787,0,870,0,1,871,T
1-PB2,1788,1,0,0,869,870,C
1-PB2,1789,860,0,1,0,861,A
1-PB2,1790,0,0,861,0,861,G
1-PB2,1791,855,0,0,0,855,A
1-PB2,1792,857,0,0,0,857,A
1-PB2,1793,0,0,0,856,856,C
1-PB2,1794,0,833,0,2,835,T
1-PB2,1795,1,0,0,858,859,C
1-PB2,1796,0,865,0,0,865,T
1-PB2,1797,866,0,1,0,867,A
1-PB2,1798,0,865,0,0,865,T
1-PB2,1799,0,862,0,1,863,T
1-PB2,1800,2,0,0,861,863,C
1-PB2,1801,1,0,0,851,852,C
1-PB2,1802,846,0,1,0,847,A
1-PB2,1803,847,1,2,0,850,A
1-PB2,1804,0,1,0,846,847,C
1-PB2,1805,841,0,0,0,841,A
1-PB2,1806,836,1,1,0,838,A
1-PB2,1807,844,0,0,0,844,A
1-PB2,1808,0,845,0,0,845,T
1-PB2,1809,0,1,845,0,846,G
1-PB2,1810,837,0,1,0,838,A
1-PB2,1811,0,0,846,0,846,G
1-PB2,1812,844,0,1,0,845,A
1-PB2,1813,0,1,841,0,842,G
1-PB2,1814,841,0,0,0,841,A
1-PB2,1815,0,1,0,836,837,C
1-PB2,1816,2,0,848,0,850,G
1-PB2,1817,0,852,0,0,852,T
1-PB2,1818,859,0,0,0,859,A
1-PB2,1819,1,0,0,862,863,C
1-PB2,1820,0,852,0,0,852,T
1-PB2,1821,0,856,0,0,856,T
1-PB2,1822,1,1,845,0,847,G
1-PB2,1823,1,3,842,0,846,G
1-PB2,1824,0,0,852,0,852,G
1-PB2,1825,852,0,0,0,852,A
1-PB2,1826,0,0,0,854,854,C
1-PB2,1827,858,0,1,0,859,A
1-PB2,1828,0,861,0,0,861,T
1-PB2,1829,0,862,1,0,863,T
1-PB2,1830,0,866,0,0,866,T
1-PB2,1831,0,0,864,0,864,G
1-PB2,1832,864,1,1,0,866,A
1-PB2,1833,0,1,0,867,868,C
1-PB2,1834,862,0,0,0,862,A
1-PB2,1835,0,0,0,871,871,C
1-PB2,1836,0,0,0,858,858,C
1-PB2,1837,856,0,1,0,857,A
1-PB2,1838,0,0,0,862,862,C
1-PB2,1839,0,1,1,858,860,C
1-PB2,1840,2,0,0,862,864,C
1-PB2,1841,857,0,0,0,857,A
1-PB2,1842,0,1,867,0,868,G
1-PB2,1843,869,0,0,0,869,A
1-PB2,1844,0,914,0,0,914,T
1-PB2,1845,901,0,0,0,901,A
1-PB2,1846,892,0,0,0,892,A
1-PB2,1847,0,886,0,0,886,T
1-PB2,1848,882,0,0,0,882,A
1-PB2,1849,878,2,0,1,881,A
1-PB2,1850,879,0,0,0,879,A
1-PB2,1851,1,0,878,0,879,G
1-PB2,1852,0,0,0,871,871,C
1-PB2,1853,0,848,0,1,849,T
1-PB2,1854,0,846,0,0,846,T
1-PB2,1855,2,0,0,848,850,C
1-PB2,1856,0,848,0,3,851,T
1-PB2,1857,1,0,0,865,866,C
1-PB2,1858,3,0,0,858,861,C
1-PB2,1859,1,0,0,876,877,C
1-PB2,1860,0,869,1,0,870,T
1-PB2,1861,1,873,0,0,874,T
1-PB2,1862,0,875,0,1,876,T
1-PB2,1863,0,873,0,1,874,T
1-PB2,1864,0,0,877,0,877,G
1-PB2,1865,0,3,1,873,877,C
1-PB2,1866,869,0,0,0,869,A
1-PB2,1867,0,0,872,0,872,G
1-PB2,1868,0,0,0,868,868,C
1-PB2,1869,0,860,0,0,860,T
1-PB2,1870,0,1,866,0,867,G
1-PB2,1871,0,0,0,866,866,C
1-PB2,1872,0,863,0,0,863,T
1-PB2,1873,2,0,0,872,874,C
1-PB2,1874,0,0,0,877,877,C
1-PB2,1875,881,0,1,0,882,A
1-PB2,1876,3,0,0,874,877,C
1-PB2,1877,3,2,0,872,877,C
1-PB2,1878,871,0,0,0,871,A
1-PB2,1879,878,0,0,0,878,A
1-PB2,1880,878,0,0,0,878,A
1-PB2,1881,0,0,883,0,883,G
1-PB2,1882,0,0,0,884,884,C
1-PB2,1883,866,0,2,0,868,A
1-PB2,1884,872,0,1,0,873,A
1-PB2,1885,868,0,2,0,870,A
1-PB2,1886,0,0,886,0,886,G
1-PB2,1887,0,0,0,883,883,C
1-PB2,1888,879,0,1,0,880,A
1-PB2,1889,0,4,882,0,886,G
1-PB2,1890,872,0,1,0,873,A
1-PB2,1891,887,0,0,0,887,A
1-PB2,1892,0,886,0,1,887,T
1-PB2,1893,0,0,888,0,888,G
1-PB2,1894,0,0,0,889,889,C
1-PB2,1895,872,0,0,0,872,A
1-PB2,1896,0,0,889,0,889,G
1-PB2,1897,0,888,0,0,888,T
1-PB2,1898,1,914,0,0,915,T
1-PB2,1899,0,0,0,917,917,C
1-PB2,1900,1,911,0,0,912,T
1-PB2,1901,2,0,0,929,931,C
1-PB2,1902,0,930,0,0,930,T
1-PB2,1903,0,926,0,2,928,T
1-PB2,1904,3,0,1,925,929,C
1-PB2,1905,926,0,0,0,926,A
1-PB2,1906,0,0,0,928,928,C
1-PB2,1907,0,890,0,0,890,T
1-PB2,1908,0,1,903,0,904,G
1-PB2,1909,902,0,0,0,902,A
1-PB2,1910,0,0,0,932,932,C
1-PB2,1911,0,925,0,0,925,T
1-PB2,1912,0,0,931,1,932,G
1-PB2,1913,1,930,0,0,931,T
1-PB2,1914,72,2,863,0,937,G
1-PB2,1915,938,0,1,0,939,A
1-PB2,1916,946,0,0,0,946,A
1-PB2,1917,1,922,0,0,923,T
1-PB2,1918,1,0,919,0,920,G
1-PB2,1919,0,891,0,1,892,T
1-PB2,1920,0,3,893,0,896,G
1-PB2,1921,881,0,0,0,881,A
1-PB2,1922,0,0,884,0,884,G
1-PB2,1923,0,0,882,0,882,G
1-PB2,1924,0,2,878,0,880,G
1-PB2,1925,0,4,904,0,908,G
1-PB2,1926,907,0,0,0,907,A
1-PB2,1927,0,902,0,0,902,T
1-PB2,1928,1,0,0,902,903,C
1-PB2,1929,904,0,0,0,904,A
1-PB2,1930,1,1,919,0,921,G
1-PB2,1931,0,3,919,0,922,G
1-PB2,1932,1,1,922,0,924,G
1-PB2,1933,921,0,1,0,922,A
1-PB2,1934,1,872,0,2,875,T
1-PB2,1935,0,1,872,0,873,G
1-PB2,1936,869,0,1,1,871,A
1-PB2,1937,0,1,893,0,894,G
1-PB2,1938,895,0,0,0,895,A
1-PB2,1939,878,0,0,0,878,A
1-PB2,1940,0,884,0,0,884,T
1-PB2,1941,877,0,0,0,877,A
1-PB2,1942,0,0,0,892,892,C
1-PB2,1943,0,881,0,0,881,T
1-PB2,1944,0,879,0,0,879,T
1-PB2,1945,0,0,880,0,880,G
1-PB2,1946,0,854,0,1,855,T
1-PB2,1947,851,0,0,0,851,A
1-PB2,1948,849,1,0,0,850,A
1-PB2,1949,0,2,827,0,829,G
1-PB2,1950,1,2,838,0,841,G
1-PB2,1951,1,0,824,0,825,G
1-PB2,1952,0,1,826,0,827,G
1-PB2,1953,0,0,0,837,837,C
1-PB2,1954,836,0,0,0,836,A
1-PB2,1955,852,0,0,0,852,A
1-PB2,1956,0,852,0,0,852,T
1-PB2,1957,0,849,0,2,851,T
1-PB2,1958,3,0,0,862,865,C
1-PB2,1959,0,851,0,2,853,T
1-PB2,1960,1,0,0,863,864,C
1-PB2,1961,0,0,0,865,865,C
1-PB2,1962,1,860,0,0,861,T
1-PB2,1963,0,0,879,0,879,G
1-PB2,1964,0,861,0,1,862,T
1-PB2,1965,869,0,1,0,870,A
1-PB2,1966,0,870,0,0,870,T
1-PB2,1967,0,862,0,0,862,T
1-PB2,1968,3,1,0,869,873,C
1-PB2,1969,858,0,0,0,858,A
1-PB2,1970,868,1,0,0,869,A
1-PB2,1971,1,0,0,868,869,C
1-PB2,1972,0,854,0,0,854,T
1-PB2,1973,859,0,0,0,859,A
1-PB2,1974,0,0,0,878,878,C
1-PB2,1975,881,0,1,0,882,A
1-PB2,1976,882,0,0,0,882,A
1-PB2,1977,0,0,1,875,876,C
1-PB2,1978,869,0,1,0,870,A
1-PB2,1979,860,1,1,0,862,A
1-PB2,1980,0,6,859,0,865,G
1-PB2,1981,864,0,1,0,865,A
1-PB2,1982,0,0,0,866,866,C
1-PB2,1983,2,0,0,844,846,C
1-PB2,1984,847,0,0,0,847,A
1-PB2,1985,1,0,0,873,874,C
1-PB2,1986,0,872,0,0,872,T
1-PB2,1987,874,0,0,0,874,A
1-PB2,1988,873,0,0,0,873,A
1-PB2,1989,873,0,0,0,873,A
1-PB2,1990,871,0,1,0,872,A
1-PB2,1991,0,2,874,0,876,G
1-PB2,1992,876,0,0,0,876,A
1-PB2,1993,0,1,0,875,876,C
1-PB2,1994,0,855,0,1,856,T
1-PB2,1995,860,0,0,0,860,A
1-PB2,1996,859,0,0,0,859,A
1-PB2,1997,0,0,0,859,859,C
1-PB2,1998,860,0,0,0,860,A
1-PB2,1999,851,0,0,0,851,A
1-PB2,2000,0,852,0,0,852,T
1-PB2,2001,0,849,1,0,850,T
1-PB2,2002,0,2,0,850,852,C
1-PB2,2003,0,842,1,2,845,T
1-PB2,2004,4,1,0,847,852,C
1-PB2,2005,0,1,851,0,852,G
1-PB2,2006,0,0,853,0,853,G
1-PB2,2007,853,0,0,0,853,A
1-PB2,2008,851,0,0,0,851,A
1-PB2,2009,851,0,0,0,851,A
1-PB2,2010,846,0,0,1,847,A
1-PB2,2011,0,0,853,0,853,G
1-PB2,2012,851,0,0,0,851,A
1-PB2,2013,0,857,0,0,857,T
1-PB2,2014,1,0,855,0,856,G
1-PB2,2015,0,1,0,854,855,C
1-PB2,2016,1,1,0,850,852,C
1-PB2,2017,0,1,853,0,854,G
1-PB2,2018,0,0,850,0,850,G
1-PB2,2019,0,0,0,856,856,C
1-PB2,2020,856,0,0,0,856,A
1-PB2,2021,0,0,0,895,895,C
1-PB2,2022,0,893,0,0,893,T
1-PB2,2023,0,896,0,1,897,T
1-PB2,2024,0,898,0,0,898,T
1-PB2,2025,898,0,0,0,898,A
1-PB2,2026,898,0,0,0,898,A
1-PB2,2027,1,897,0,1,899,T
1-PB2,2028,827,0,1,0,828,A
1-PB2,2029,0,0,828,0,828,G
1-PB2,2030,831,0,0,0,831,A
1-PB2,2031,828,0,0,0,828,A
1-PB2,2032,0,0,830,0,830,G
1-PB2,2033,836,0,2,0,838,A
1-PB2,2034,0,0,0,837,837,C
1-PB2,2035,0,0,0,834,834,C
1-PB2,2036,1,1,0,829,831,C
1-PB2,2037,834,0,0,0,834,A
1-PB2,2038,0,0,846,0,846,G
1-PB2,2039,844,0,0,0,844,A
1-PB2,2040,0,846,0,0,846,T
1-PB2,2041,1,1,846,0,848,G
1-PB2,2042,824,0,1,0,825,A
1-PB2,2043,827,0,0,1,828,A
1-PB2,2044,829,0,0,0,829,A
1-PB2,2045,0,0,826,0,826,G
1-PB2,2046,0,0,0,827,827,C
1-PB2,2047,811,0,0,0,811,A
1-PB2,2048,0,0,1,816,817,C
1-PB2,2049,817,0,1,0,818,A
1-PB2,2050,0,815,0,1,816,T
1-PB2,2051,2,0,0,823,825,C
1-PB2,2052,1,1,0,822,824,C
1-PB2,2053,1,2,825,0,828,G
1-PB2,2054,0,1,829,0,830,G
1-PB2,2055,821,0,0,0,821,A
1-PB2,2056,0,0,829,0,829,G
1-PB2,2057,0,812,0,0,812,T
1-PB2,2058,0,2,813,0,815,G
1-PB2,2059,0,0,811,0,811,G
1-PB2,2060,795,0,2,0,797,A
1-PB2,2061,0,1,797,0,798,G
1-PB2,2062,0,788,0,0,788,T
1-PB2,2063,3,0,0,784,787,C
1-PB2,2064,1,0,0,784,785,C
1-PB2,2065,0,0,784,0,784,G
1-PB2,2066,0,0,0,786,786,C
1-PB2,2067,3,0,0,780,783,C
1-PB2,2068,0,0,791,0,791,G
1-PB2,2069,0,791,0,0,791,T
1-PB2,2070,2,0,0,800,802,C
1-PB2,2071,0,801,0,0,801,T
1-PB2,2072,0,800,0,1,801,T
1-PB2,2073,0,1,801,0,802,G
1-PB2,2074,795,0,1,0,796,A
1-PB2,2075,0,3,796,0,799,G
1-PB2,2076,792,0,0,0,792,A
1-PB2,2077,0,0,773,0,773,G
1-PB2,2078,0,1,774,0,775,G
1-PB2,2079,0,1,774,0,775,G
1-PB2,2080,1,768,1,0,770,T
1-PB2,2081,0,772,0,0,772,T
1-PB2,2082,0,775,0,1,776,T
1-PB2,2083,3,0,0,776,779,C
1-PB2,2084,2,776,0,0,778,T
1-PB2,2085,5,0,0,791,796,C
1-PB2,2086,789,0,1,0,790,A
1-PB2,2087,0,779,0,2,781,T
1-PB2,2088,0,777,0,0,777,T
1-PB2,2089,779,0,0,0,779,A
1-PB2,2090,0,776,0,0,776,T
1-PB2,2091,763,0,0,0,763,A
1-PB2,2092,0,2,762,0,764,G
1-PB2,2093,0,0,761,0,761,G
1-PB2,2094,0,1,0,721,722,C
1-PB2,2095,736,0,0,0,736,A
1-PB2,2096,735,0,0,0,735,A
1-PB2,2097,0,1,733,0,734,G
1-PB2,2098,0,2,741,0,743,G
1-PB2,2099,744,1,0,0,745,A
1-PB2,2100,742,0,1,1,744,A
1-PB2,2101,0,4,737,0,741,G
1-PB2,2102,735,1,0,0,736,A
1-PB2,2103,0,0,0,738,738,C
1-PB2,2104,728,0,0,0,728,A
1-PB2,2105,0,0,735,0,735,G
1-PB2,2106,729,0,2,0,731,A
1-PB2,2107,724,0,2,0,726,A
1-PB2,2108,0,0,728,0,728,G
1-PB2,2109,722,0,0,0,722,A
1-PB2,2110,0,723,0,0,723,T
1-PB2,2111,720,0,0,0,720,A
1-PB2,2112,0,0,0,720,720,C
1-PB2,2113,0,3,710,0,713,G
1-PB2,2114,0,1,726,0,727,G
1-PB2,2115,725,0,1,0,726,A
1-PB2,2116,1,0,0,718,719,C
1-PB2,2117,2,0,0,715,717,C
1-PB2,2118,702,0,0,0,702,A
1-PB2,2119,0,0,730,0,730,G
1-PB2,2120,1,0,0,729,730,C
1-PB2,2121,730,0,0,0,730,A
1-PB2,2122,0,728,0,0,728,T
1-PB2,2123,0,699,0,0,699,T
1-PB2,2124,700,0,0,0,700,A
1-PB2,2125,698,0,0,0,698,A
1-PB2,2126,0,1,702,0,703,G
1-PB2,2127,0,0,0,701,701,C
1-PB2,2128,651,0,0,0,651,A
1-PB2,2129,0,667,0,0,667,T
1-PB2,2130,0,0,0,669,669,C
1-PB2,2131,668,0,0,0,668,A
1-PB2,2132,666,0,0,0,666,A
1-PB2,2133,0,668,0,0,668,T
1-PB2,2134,0,2,670,0,672,G
1-PB2,2135,664,0,0,0,664,A
1-PB2,2136,664,0,0,0,664,A
1-PB2,2137,0,0,0,671,671,C
1-PB2,2138,0,626,0,0,626,T
1-PB2,2139,0,0,649,0,649,G
1-PB2,2140,643,0,0,0,643,A
1-PB2,2141,0,0,643,0,643,G
1-PB2,2142,0,643,0,0,643,T
1-PB2,2143,635,0,0,0,635,A
1-PB2,2144,639,1,0,0,640,A
1-PB2,2145,0,0,0,639,639,C
1-PB2,2146,1,0,0,614,615,C
1-PB2,2147,0,611,0,0,611,T
1-PB2,2148,0,594,0,0,594,T
1-PB2,2149,1,0,592,0,593,G
1-PB2,2150,0,0,0,594,594,C
1-PB2,2151,593,0,0,0,593,A
1-PB2,2152,592,0,0,0,592,A
1-PB2,2153,574,1,0,0,575,A
1-PB2,2154,571,0,1,0,572,A
1-PB2,2155,0,1,572,0,573,G
1-PB2,2156,0,1,570,0,571,G
1-PB2,2157,0,1,570,0,571,G
1-PB2,2158,0,0,571,0,571,G
1-PB2,2159,572,0,0,0,572,A
1-PB2,2160,572,0,0,0,572,A
1-PB2,2161,571,0,0,0,571,A
1-PB2,2162,576,0,1,0,577,A
1-PB2,2163,0,0,581,0,581,G
1-PB2,2164,0,0,582,0,582,G
1-PB2,2165,0,0,0,581,581,C
1-PB2,2166,1,573,0,0,574,T
1-PB2,2167,574,0,0,0,574,A
1-PB2,2168,575,0,0,0,575,A
1-PB2,2169,0,570,0,0,570,T
1-PB2,2170,0,0,576,0,576,G
1-PB2,2171,0,557,0,0,557,T
1-PB2,2172,0,0,551,0,551,G
1-PB2,2173,1,0,0,551,552,C
1-PB2,2174,0,546,0,0,546,T
1-PB2,2175,546,0,0,0,546,A
1-PB2,2176,544,0,0,0,544,A
1-PB2,2177,0,542,0,0,542,T
1-PB2,2178,1,0,0,538,539,C
1-PB2,2179,0,1,512,0,513,G
1-PB2,2180,0,1,513,0,514,G
1-PB2,2181,2,0,512,0,514,G
1-PB2,2182,0,0,0,514,514,C
1-PB2,2183,515,0,0,0,515,A
1-PB2,2184,508,0,0,0,508,A
1-PB2,2185,0,0,511,0,511,G
1-PB2,2186,0,0,514,0,514,G
1-PB2,2187,516,0,0,0,516,A
1-PB2,2188,0,2,510,0,512,G
1-PB2,2189,503,0,0,0,503,A
1-PB2,2190,0,0,0,500,500,C
1-PB2,2191,0,1,498,0,499,G
1-PB2,2192,0,495,0,0,495,T
1-PB2,2193,0,1,491,0,492,G
1-PB2,2194,2,0,497,0,499,G
1-PB2,2195,1,487,0,0,488,T
1-PB2,2196,0,0,488,0,488,G
1-PB2,2197,0,477,0,0,477,T
1-PB2,2198,0,469,1,1,471,T
1-PB2,2199,0,1,470,0,471,G
1-PB2,2200,0,1,467,0,468,G
1-PB2,2201,1,466,0,0,467,T
1-PB2,2202,459,0,0,0,459,A
1-PB2,2203,446,0,0,0,446,A
1-PB2,2204,0,433,0,0,433,T
1-PB2,2205,0,1,428,0,429,G
1-PB2,2206,428,0,0,0,428,A
1-PB2,2207,424,0,0,0,424,A
1-PB2,2208,423,0,1,0,424,A
1-PB2,2209,0,0,0,419,419,C
1-PB2,2210,0,0,420,0,420,G
1-PB2,2211,417,0,0,1,418,A
1-PB2,2212,420,0,0,0,420,A
1-PB2,2213,419,0,0,0,419,A
1-PB2,2214,418,1,0,1,420,A
1-PB2,2215,0,1,0,419,420,C
1-PB2,2216,0,0,417,0,417,G
1-PB2,2217,0,1,418,0,419,G
1-PB2,2218,0,0,419,0,419,G
1-PB2,2219,417,0,0,0,417,A
1-PB2,2220,0,0,0,418,418,C
1-PB2,2221,0,410,0,0,410,T
1-PB2,2222,0,0,0,418,418,C
1-PB2,2223,0,417,0,0,417,T
1-PB2,2224,416,0,0,0,416,A
1-PB2,2225,0,0,418,0,418,G
1-PB2,2226,0,0,0,413,413,C
1-PB2,2227,409,0,0,0,409,A
1-PB2,2228,0,403,0,0,403,T
1-PB2,2229,389,0,0,0,389,A
1-PB2,2230,0,1,0,388,389,C
1-PB2,2231,0,343,0,0,343,T
1-PB2,2232,0,344,0,0,344,T
1-PB2,2233,331,0,0,0,331,A
1-PB2,2234,0,0,0,331,331,C
1-PB2,2235,0,327,0,1,328,T
1-PB2,2236,0,0,329,0,329,G
1-PB2,2237,318,0,0,0,318,A
1-PB2,2238,0,0,0,321,321,C
1-PB2,2239,287,0,0,0,287,A
1-PB2,2240,0,0,288,0,288,G
1-PB2,2241,0,0,0,287,287,C
1-PB2,2242,0,0,0,285,285,C
1-PB2,2243,284,0,0,0,284,A
1-PB2,2244,0,0,284,0,284,G
1-PB2,2245,280,0,0,0,280,A
1-PB2,2246,0,0,0,280,280,C
1-PB2,2247,253,0,0,0,253,A
1-PB2,2248,0,0,253,0,253,G
1-PB2,2249,0,1,0,236,237,C
1-PB2,2250,0,0,236,1,237,G
1-PB2,2251,237,0,0,0,237,A
1-PB2,2252,0,0,0,235,235,C
1-PB2,2253,0,0,0,235,235,C
1-PB2,2254,236,0,0,0,236,A
1-PB2,2255,236,0,0,0,236,A
1-PB2,2256,233,0,0,0,233,A
1-PB2,2257,237,0,0,0,237,A
1-PB2,2258,0,0,235,0,235,G
1-PB2,2259,231,0,0,0,231,A
1-PB2,2260,230,0,0,0,230,A
1-PB2,2261,0,228,0,0,228,T
1-PB2,2262,0,226,0,0,226,T
1-PB2,2263,1,1,0,226,228,C
1-PB2,2264,0,0,224,0,224,G
1-PB2,2265,0,0,224,0,224,G
1-PB2,2266,222,0,0,0,222,A
1-PB2,2267,0,218,0,0,218,T
1-PB2,2268,0,1,217,0,218,G
1-PB2,2269,1,0,215,0,216,G
1-PB2,2270,0,0,0,217,217,C
1-PB2,2271,0,0,0,215,215,C
1-PB2,2272,215,1,0,0,216,A
1-PB2,2273,0,214,0,1,215,T
1-PB2,2274,0,0,0,212,212,C
1-PB2,2275,213,0,0,0,213,A
1-PB2,2276,213,0,0,0,213,A
1-PB2,2277,0,212,0,0,212,T
1-PB2,2278,0,193,0,0,193,T
1-PB2,2279,186,0,0,0,186,A
1-PB2,2280,181,0,0,0,181,A
2-PB1,1,320,0,0,0,320,A
2-PB1,2,0,320,0,0,320,T
2-PB1,3,0,0,326,0,326,G
2-PB1,4,0,0,354,0,354,G
2-PB1,5,404,1,0,0,405,A
2-PB1,6,0,433,0,0,433,T
2-PB1,7,0,0,439,0,439,G
2-PB1,8,0,440,0,1,441,T
2-PB1,9,1,1,0,465,467,C
2-PB1,10,470,0,1,0,471,A
2-PB1,11,491,0,0,0,491,A
2-PB1,12,0,492,0,0,492,T
2-PB1,13,0,0,0,497,497,C
2-PB1,14,0,0,0,520,520,C
2-PB1,15,0,2,531,0,533,G
2-PB1,16,616,0,0,0,616,A
2-PB1,17,0,0,0,622,622,C
2-PB1,18,0,618,0,1,619,T
2-PB1,19,4,0,0,709,713,C
2-PB1,20,0,714,0,0,714,T
2-PB1,21,723,0,0,0,723,A
2-PB1,22,1,0,0,723,724,C
2-PB1,23,0,725,0,0,725,T
2-PB1,24,0,1,840,0,841,G
2-PB1,25,0,849,0,0,849,T
2-PB1,26,0,849,0,1,850,T
2-PB1,27,1,0,1,846,848,C
2-PB1,28,0,0,0,848,848,C
2-PB1,29,0,1007,0,0,1007,T
2-PB1,30,1013,0,0,0,1013,A
2-PB1,31,1013,0,0,0,1013,A
2-PB1,32,1020,1,2,0,1023,A
2-PB1,33,0,1,1029,0,1030,G
2-PB1,34,0,1,1040,0,1041,G
2-PB1,35,1,1044,0,1,1046,T
2-PB1,36,0,1048,0,0,1048,T
2-PB1,37,1,1,0,1050,1052,C
2-PB1,38,0,0,0,1052,1052,C
2-PB1,39,1051,0,1,0,1052,A
2-PB1,40,2,2,1062,0,1066,G
2-PB1,41,0,3,0,1066,1069,C
2-PB1,42,1,0,1072,2,1075,G
2-PB1,43,1,0,0,1075,1076,C
2-PB1,44,1077,0,0,0,1077,A
2-PB1,45,1078,1,0,0,1079,A
2-PB1,46,1077,1,0,0,1078,A
2-PB1,47,1083,0,1,0,1084,A
2-PB1,48,0,1091,0,0,1091,T
2-PB1,49,0,0,1139,0,1139,G
2-PB1,50,0,0,0,1144,1144,C
2-PB1,51,1,1,0,1150,1152,C
2-PB1,52,1153,1,0,0,1154,A
2-PB1,53,0,1154,0,1,1155,T
2-PB1,54,1238,0,0,0,1238,A
2-PB1,55,1245,0,1,0,1246,A
2-PB1,56,0,2,1301,0,1303,G
2-PB1,57,0,2,0,1303,1305,C
2-PB1,58,1298,0,2,0,1300,A
2-PB1,59,0,0,0,1344,1344,C
2-PB1,60,1342,1,0,0,1343,A
2-PB1,61,1416,0,1,0,1417,A
2-PB1,62,1,0,0,1420,1421,C
2-PB1,63,1417,0,1,0,1418,A
2-PB1,64,0,1434,0,0,1434,T
2-PB1,65,1,1421,0,2,1424,T
2-PB1,66,3,0,0,1787,1790,C
2-PB1,67,4,0,0,1781,1785,C
2-PB1,68,4,1,0,1803,1808,C
2-PB1,69,0,1823,0,2,1825,T
2-PB1,70,0,1819,0,1,1820,T
2-PB1,71,2010,0,1,0,2011,A
2-PB1,72,0,2027,0,0,2027,T
2-PB1,73,2032,0,0,0,2032,A
2-PB1,74,0,0,1,2058,2059,C
2-PB1,75,0,1992,0,6,1998,T
2-PB1,76,9,3,2020,0,2032,G
2-PB1,77,0,4,2030,0,2034,G
2-PB1,78,2031,0,0,1,2032,A
2-PB1,79,0,5,2037,0,2042,G
2-PB1,80,2034,0,2,0,2036,A
2-PB1,81,0,2036,0,0,2036,T
2-PB1,82,3,0,0,2155,2158,C
2-PB1,83,3,0,0,2160,2163,C
2-PB1,84,1,2171,0,2,2174,T
2-PB1,85,2,1,0,2330,2333,C
2-PB1,86,2,3,0,2325,2330,C
2-PB1,87,2344,0,0,1,2345,A
2-PB1,88,1,2348,0,0,2349,T
2-PB1,89,2341,0,1,1,2343,A
2-PB1,90,0,0,0,2352,2352,C
2-PB1,91,2329,0,0,1,2330,A
2-PB1,92,0,2,2442,0,2444,G
2-PB1,93,1,1,0,2458,2460,C
2-PB1,94,6,1,0,2436,2443,C
2-PB1,95,2447,0,3,0,2450,A
2-PB1,96,0,2444,0,1,2445,T
2-PB1,97,0,1,2447,0,2448,G
2-PB1,98,0,13,2576,1,2590,G
2-PB1,99,2605,1,1,0,2607,A
2-PB1,100,2609,0,1,0,2610,A
2-PB1,101,0,0,0,2609,2609,C
2-PB1,102,2600,0,0,0,2600,A
2-PB1,103,0,2,2651,0,2653,G
2-PB1,104,0,10,2692,0,2702,G
2-PB1,105,2698,0,3,0,2701,A
2-PB1,106,2714,0,1,0,2715,A
2-PB1,107,0,0,0,2729,2729,C
2-PB1,108,2697,0,2,0,2699,A
2-PB1,109,1,8,3066,0,3075,G
2-PB1,110,0,10,3072,0,3082,G
2-PB1,111,1,3,3126,0,3130,G
2-PB1,112,2,3124,0,1,3127,T
2-PB1,113,3120,0,0,1,3121,A
2-PB1,114,0,2,0,3152,3154,C
2-PB1,115,3266,1,2,1,3270,A
2-PB1,116,0,0,1,3380,3381,C
2-PB1,117,2,3,0,3350,3355,C
2-PB1,118,3270,0,2,2,3274,A
2-PB1,119,0,3277,0,1,3278,T
2-PB1,120,2,11,3262,1,3276,G
2-PB1,121,1,19,3263,0,3283,G
2-PB1,122,3281,0,2,2,3285,A
2-PB1,123,0,2,0,3296,3298,C
2-PB1,124,3227,0,2,0,3229,A
2-PB1,125,0,0,0,3292,3292,C
2-PB1,126,3289,1,2,0,3292,A
2-PB1,127,1,0,3367,0,3368,G
2-PB1,128,3,3354,0,1,3358,T
2-PB1,129,13,0,0,3442,3455,C
2-PB1,130,3445,1,3,0,3449,A
2-PB1,131,3481,1,1,0,3483,A
2-PB1,132,0,1,0,3487,3488,C
2-PB1,133,3472,0,0,1,3473,A
2-PB1,134,2,8,3530,0,3540,G
2-PB1,135,3497,1,3,1,3502,A
2-PB1,136,3489,0,2,1,3492,A
2-PB1,137,0,0,0,3495,3495,C
2-PB1,138,3455,0,2,1,3458,A
2-PB1,139,0,2,0,3560,3562,C
2-PB1,140,3552,0,2,0,3554,A
2-PB1,141,1,1,0,3706,3708,C
2-PB1,142,4,0,0,3699,3703,C
2-PB1,143,3706,0,2,0,3708,A
2-PB1,144,3732,0,1,1,3734,A
2-PB1,145,2,3810,0,0,3812,T
2-PB1,146,3897,0,0,0,3897,A
2-PB1,147,0,3906,0,0,3906,T
2-PB1,148,0,3849,0,1,3850,T
2-PB1,149,5,2,1,3853,3861,C
2-PB1,150,3793,0,4,0,3797,A
2-PB1,151,0,6,3793,0,3799,G
2-PB1,152,3771,2,0,0,3773,A
2-PB1,153,0,6,3776,0,3782,G
2-PB1,154,3710,0,5,0,3715,A
2-PB1,155,2,8,3662,1,3673,G
2-PB1,156,0,7,3665,0,3672,G
2-PB1,157,0,5,3802,0,3807,G
2-PB1,158,2,4,3792,0,3798,G
2-PB1,159,1,7,3819,1,3828,G
2-PB1,160,3821,0,1,1,3823,A
2-PB1,161,3827,0,1,0,3828,A
2-PB1,162,2,0,3867,0,3869,G
2-PB1,163,0,3851,0,1,3852,T
2-PB1,164,1,12,3820,0,3833,G
2-PB1,165,9,8,3802,2,3821,G
2-PB1,166,3811,1,7,0,3819,A
2-PB1,167,0,0,0,3835,3835,C
2-PB1,168,9,11,3826,1,3847,G
2-PB1,169,3862,1,4,0,3867,A
2-PB1,170,1,1,0,3874,3876,C
2-PB1,171,3864,0,0,0,3864,A
2-PB1,172,3861,1,1,0,3863,A
2-PB1,173,3885,0,0,0,3885,A
2-PB1,174,0,3930,0,0,3930,T
2-PB1,175,3944,0,0,0,3944,A
2-PB1,176,2,1,0,3952,3955,C
2-PB1,177,3922,0,4,0,3926,A
2-PB1,178,1,9,3923,0,3933,G
2-PB1,179,3920,1,2,0,3923,A
2-PB1,180,3961,0,2,0,3963,A
2-PB1,181,3959,2,0,0,3961,A
2-PB1,182,0,2,0,3969,3971,C
2-PB1,183,1,3918,0,1,3920,T
2-PB1,184,1,4,3915,0,3920,G
2-PB1,185,1,6,3912,1,3920,G
2-PB1,186,3,6,3903,1,3913,G
2-PB1,187,4,3,3909,0,3916,G
2-PB1,188,2,9,0,3909,3920,C
2-PB1,189,3910,0,0,0,3910,A
2-PB1,190,2,7,0,4010,4019,C
2-PB1,191,6,0,0,4015,4021,C
2-PB1,192,4,3,2,4013,4022,C
2-PB1,193,9,1,1,4032,4043,C
2-PB1,194,4048,0,1,0,4049,A
2-PB1,195,4080,2,0,0,4082,A
2-PB1,196,0,0,1,4078,4079,C
2-PB1,197,0,4057,0,2,4059,T
2-PB1,198,9,1,0,4067,4077,C
2-PB1,199,3953,0,0,0,3953,A
2-PB1,200,4013,0,4,0,4017,A
2-PB1,201,1,1,0,4016,4018,C
2-PB1,202,14,0,1,3986,4001,C
2-PB1,203,13,0,0,4005,4018,C
2-PB1,204,3993,0,0,1,3994,A
2-PB1,205,4002,1,1,0,4004,A
2-PB1,206,0,4005,1,0,4006,T
2-PB1,207,0,3998,0,3,4001,T
2-PB1,208,0,7,4015,0,4022,G
2-PB1,209,3978,1,1,0,3980,A
2-PB1,210,0,3976,0,1,3977,T
2-PB1,211,2,8,3964,0,3974,G
2-PB1,212,2,10,3987,0,3999,G
2-PB1,213,4041,0,7,1,4049,A
2-PB1,214,0,0,1,4084,4085,C
2-PB1,215,10,1,0,4057,4068,C
2-PB1,216,4049,1,5,0,4055,A
2-PB1,217,0,0,0,4137,4137,C
2-PB1,218,0,4148,0,0,4148,T
2-PB1,219,4192,3,0,0,4195,A
2-PB1,220,3,2,0,4223,4228,C
2-PB1,221,3,1,0,4198,4202,C
2-PB1,222,1,4128,0,2,4131,T
2-PB1,223,0,3,4148,0,4151,G
2-PB1,224,4136,0,3,0,4139,A
2-PB1,225,1,8,4162,0,4171,G
2-PB1,226,2,6,4128,0,4136,G
2-PB1,227,4133,1,0,0,4134,A
2-PB1,228,0,4110,0,2,4112,T
2-PB1,229,4074,0,0,0,4074,A
2-PB1,230,4070,0,4,0,4074,A
2-PB1,231,2,4071,0,0,4073,T
2-PB1,232,1,16,4051,0,4068,G
2-PB1,233,4059,1,0,1,4061,A
2-PB1,234,4036,0,8,1,4045,A
2-PB1,235,2,2,0,4045,4049,C
2-PB1,236,10,0,0,4000,4010,C
2-PB1,237,4009,1,3,0,4013,A
2-PB1,238,4017,0,1,0,4018,A
2-PB1,239,0,2,4043,0,4045,G
2-PB1,240,1,4044,0,2,4047,T
2-PB1,241,2,8,4039,0,4049,G
2-PB1,242,1,5,4092,0,4098,G
2-PB1,243,4095,0,6,1,4102,A
2-PB1,244,0,4078,0,0,4078,T
2-PB1,245,4084,0,2,0,4086,A
2-PB1,246,0,4151,0,4,4155,T
2-PB1,247,3,3,4145,1,4152,G
2-PB1,248,1,3,0,4160,4164,C
2-PB1,249,4156,2,4,2,4164,A
2-PB1,250,2,1,0,4274,4277,C
2-PB1,251,4191,1,1,0,4193,A
2-PB1,252,4261,0,2,0,4263,A
2-PB1,253,4264,0,1,1,4266,A
2-PB1,254,0,0,0,4273,4273,C
2-PB1,255,4156,0,2,0,4158,A
2-PB1,256,5,7,4187,0,4199,G
2-PB1,257,4182,0,0,0,4182,A
2-PB1,258,0,0,0,4189,4189,C
2-PB1,259,0,4072,1,2,4075,T
2-PB1,260,3,1,4155,0,4159,G
2-PB1,261,0,4101,1,1,4103,T
2-PB1,262,5,1,4314,0,4320,G
2-PB1,263,2,4308,0,3,4313,T
2-PB1,264,9,1,0,4327,4337,C
2-PB1,265,5,0,0,4328,4333,C
2-PB1,266,1,4301,0,6,4308,T
2-PB1,267,6,4,4287,2,4299,G
2-PB1,268,1,4,4301,0,4306,G
2-PB1,269,4220,0,0,0,4220,A
2-PB1,270,0,1,4294,0,4295,G
2-PB1,271,1,0,4187,0,4188,G
2-PB1,272,1,2,0,4188,4191,C
2-PB1,273,0,4165,0,0,4165,T
2-PB1,274,4167,0,2,0,4169,A
2-PB1,275,0,4170,0,2,4172,T
2-PB1,276,2,8,4156,2,4168,G
2-PB1,277,3,1,4167,0,4171,G
2-PB1,278,1,0,0,4163,4164,C
2-PB1,279,4,0,0,4108,4112,C
2-PB1,280,0,4084,0,1,4085,T
2-PB1,281,0,4288,0,1,4289,T
2-PB1,282,5,0,0,4301,4306,C
2-PB1,283,4,11,0,4302,4317,C
2-PB1,284,0,4322,0,0,4322,T
2-PB1,285,1,4306,0,2,4309,T
2-PB1,286,0,5,4330,0,4335,G
2-PB1,287,4333,1,0,0,4334,A
2-PB1,288,4323,0,4,0,4327,A
2-PB1,289,0,8,4330,0,4338,G
2-PB1,290,4153,0,0,1,4154,A
2-PB1,291,4182,0,5,1,4188,A
2-PB1,292,1,4182,0,0,4183,T
2-PB1,293,6,0,0,4187,4193,C
2-PB1,294,5,0,0,4170,4175,C
2-PB1,295,9,1,2,4153,4165,C
2-PB1,296,4175,0,7,0,4182,A
2-PB1,297,3,7,0,4190,4200,C
2-PB1,298,4,0,0,4187,4191,C
2-PB1,299,15,0,0,4187,4202,C
2-PB1,300,4144,1,4,0,4149,A
2-PB1,301,0,3,4170,0,4173,G
2-PB1,302,3,1,4189,0,4193,G
2-PB1,303,0,4190,0,2,4192,T
2-PB1,304,4224,0,0,1,4225,A
2-PB1,305,2,4206,0,1,4209,T
2-PB1,306,4,1,0,4202,4207,C
2-PB1,307,0,4199,0,4,4203,T
2-PB1,308,0,4205,0,5,4210,T
2-PB1,309,0,4203,0,3,4206,T
2-PB1,310,1,11,4178,1,4191,G
2-PB1,311,4146,0,2,0,4148,A
2-PB1,312,0,11,4149,0,4160,G
2-PB1,313,4112,1,1,1,4115,A
2-PB1,314,4113,1,0,0,4114,A
2-PB1,315,1,1,0,4141,4143,C
2-PB1,316,0,4110,2,5,4117,T
2-PB1,317,6,0,0,4104,4110,C
2-PB1,318,4117,0,1,0,4118,A
2-PB1,319,0,4115,1,1,4117,T
2-PB1,320,4,1,4116,0,4121,G
2-PB1,321,0,4036,0,2,4038,T
2-PB1,322,8,0,0,4134,4142,C
2-PB1,323,0,4137,0,1,4138,T
2-PB1,324,0,4137,1,2,4140,T
2-PB1,325,1,10,4133,0,4144,G
2-PB1,326,4158,0,0,0,4158,A
2-PB1,327,4158,0,3,0,4161,A
2-PB1,328,4144,1,11,0,4156,A
2-PB1,329,0,0,0,4195,4195,C
2-PB1,330,4141,0,0,0,4141,A
2-PB1,331,4163,0,1,0,4164,A
2-PB1,332,0,4166,0,1,4167,T
2-PB1,333,2,3,4158,0,4163,G
2-PB1,334,2,9,4153,1,4165,G
2-PB1,335,4125,0,15,0,4140,A
2-PB1,336,4127,1,6,0,4134,A
2-PB1,337,0,0,4134,0,4134,G
2-PB1,338,0,3,0,4143,4146,C
2-PB1,339,6,3,0,4116,4125,C
2-PB1,340,7,0,4168,0,4175,G
2-PB1,341,0,4158,0,2,4160,T
2-PB1,342,0,4167,0,0,4167,T
2-PB1,343,15,2,1,4177,4195,C
2-PB1,344,4202,1,0,0,4203,A
2-PB1,345,4228,0,3,0,4231,A
2-PB1,346,0,1,0,4238,4239,C
2-PB1,347,4214,0,1,0,4215,A
2-PB1,348,1,6,4244,0,4251,G
2-PB1,349,4190,0,6,0,4196,A
2-PB1,350,0,1,0,4194,4195,C
2-PB1,351,4178,1,8,0,4187,A
2-PB1,352,4195,0,1,0,4196,A
2-PB1,353,1,5,4234,0,4240,G
2-PB1,354,1,9,4182,0,4192,G
2-PB1,355,2,1,4193,0,4196,G
2-PB1,356,0,4116,2,1,4119,T
2-PB1,357,0,5,4101,0,4106,G
2-PB1,358,2,7,4106,0,4115,G
2-PB1,359,4106,3,7,0,4116,A
2-PB1,360,0,1,0,4118,4119,C
2-PB1,361,4035,0,1,0,4036,A
2-PB1,362,4093,0,0,0,4093,A
2-PB1,363,4089,2,0,0,4091,A
2-PB1,364,0,0,0,4084,4084,C
2-PB1,365,1,4073,0,1,4075,T
2-PB1,366,4073,0,1,0,4074,A
2-PB1,367,4099,1,1,0,4101,A
2-PB1,368,2,1,0,4091,4094,C
2-PB1,369,6,5,1,4082,4094,C
2-PB1,370,11,1,0,4090,4102,C
2-PB1,371,4009,0,0,0,4009,A
2-PB1,372,4006,1,2,0,4009,A
2-PB1,373,0,6,4005,0,4011,G
2-PB1,374,0,1,4026,0,4027,G
2-PB1,375,1,4000,1,4,4006,T
2-PB1,376,17,1,1,3966,3985,C
2-PB1,377,0,5,3983,0,3988,G
2-PB1,378,1,5,0,3967,3973,C
2-PB1,379,5,0,0,3987,3992,C
2-PB1,380,3985,2,3,1,3991,A
2-PB1,381,0,8,4069,0,4077,G
2-PB1,382,4134,0,2,0,4136,A
2-PB1,383,0,0,0,4150,4150,C
2-PB1,384,0,4119,1,2,4122,T
2-PB1,385,0,4110,0,2,4112,T
2-PB1,386,4115,0,4,0,4119,A
2-PB1,387,0,4128,0,1,4129,T
2-PB1,388,1,10,4125,0,4136,G
2-PB1,389,4133,0,1,0,4134,A
2-PB1,390,0,4054,0,0,4054,T
2-PB1,391,3,3956,0,0,3959,T
2-PB1,392,0,11,3941,0,3952,G
2-PB1,393,1,5,3954,0,3960,G
2-PB1,394,4003,1,3,0,4007,A
2-PB1,395,0,0,0,4009,4009,C
2-PB1,396,3956,2,2,0,3960,A
2-PB1,397,0,3940,0,0,3940,T
2-PB1,398,4,3972,1,0,3977,T
2-PB1,399,3992,1,3,0,3996,A
2-PB1,400,3993,1,1,0,3995,A
2-PB1,401,3996,0,3,0,3999,A
2-PB1,402,0,2,0,3999,4001,C
2-PB1,403,3926,0,1,0,3927,A
2-PB1,404,1,10,3945,0,3956,G
2-PB1,405,3925,0,6,1,3932,A
2-PB1,406,3940,1,0,0,3941,A
2-PB1,407,3942,1,7,1,3951,A
2-PB1,408,1,3906,0,1,3908,T
2-PB1,409,11,0,0,3903,3914,C
2-PB1,410,3901,0,2,0,3903,A
2-PB1,411,3903,1,0,0,3904,A
2-PB1,412,3,1,0,3884,3888,C
2-PB1,413,8,0,0,3861,3869,C
2-PB1,414,3,7,3867,2,3879,G
2-PB1,415,0,0,3882,0,3882,G
2-PB1,416,3,3,0,3877,3883,C
2-PB1,417,3881,1,2,0,3884,A
2-PB1,418,2,0,3879,0,3881,G
2-PB1,419,0,2,0,3892,3894,C
2-PB1,420,3894,1,2,0,3897,A
2-PB1,421,3898,3,0,0,3901,A
2-PB1,422,2,0,0,3907,3909,C
2-PB1,423,1,3889,0,1,3891,T
2-PB1,424,2,0,4045,0,4047,G
2-PB1,425,1,4,1,4030,4036,C
2-PB1,426,4032,3,0,0,4035,A
2-PB1,427,1,4020,1,1,4023,T
2-PB1,428,2,3968,0,7,3977,T
2-PB1,429,4178,2,2,0,4182,A
2-PB1,430,0,2,4183,1,4186,G
2-PB1,431,1,2,0,4159,4162,C
2-PB1,432,4,1,0,4153,4158,C
2-PB1,433,4003,0,0,0,4003,A
2-PB1,434,4026,0,2,1,4029,A
2-PB1,435,3,0,0,4043,4046,C
2-PB1,436,4042,1,3,1,4047,A
2-PB1,437,2,0,0,4142,4144,C
2-PB1,438,2,0,0,3882,3884,C
2-PB1,439,3871,0,4,0,3875,A
2-PB1,440,1,3867,0,0,3868,T
2-PB1,441,3864,1,1,0,3866,A
2-PB1,442,0,4,3863,0,3867,G
2-PB1,443,3827,0,0,1,3828,A
2-PB1,444,3791,0,3,1,3795,A
2-PB1,445,2,0,3818,0,3820,G
2-PB1,446,0,3687,3,1,3691,T
2-PB1,447,0,3689,0,1,3690,T
2-PB1,448,0,3695,0,1,3696,T
2-PB1,449,0,3694,1,2,3697,T
2-PB1,450,0,3714,1,0,3715,T
2-PB1,451,3706,0,0,0,3706,A
2-PB1,452,0,4,3700,1,3705,G
2-PB1,453,3687,1,1,0,3689,A
2-PB1,454,1,3677,1,1,3680,T
2-PB1,455,9,6,0,3639,3654,C
2-PB1,456,0,11,3644,0,3655,G
2-PB1,457,3664,0,0,0,3664,A
2-PB1,458,3663,1,1,0,3665,A
2-PB1,459,0,1,0,3685,3686,C
2-PB1,460,1,2,3688,0,3691,G
2-PB1,461,0,4,3828,0,3832,G
2-PB1,462,3831,1,3,0,3835,A
2-PB1,463,1,3825,0,0,3826,T
2-PB1,464,1,3827,0,2,3830,T
2-PB1,465,3817,1,9,1,3828,A
2-PB1,466,3824,0,0,0,3824,A
2-PB1,467,1,1,0,3845,3847,C
2-PB1,468,3812,0,2,0,3814,A
2-PB1,469,0,1,3849,0,3850,G
2-PB1,470,0,0,0,3677,3677,C
2-PB1,471,0,3670,0,1,3671,T
2-PB1,472,3674,0,2,0,3676,A
2-PB1,473,3673,0,1,0,3674,A
2-PB1,474,0,3663,0,2,3665,T
2-PB1,475,1,12,3686,1,3700,G
2-PB1,476,3685,1,1,0,3687,A
2-PB1,477,3689,1,4,0,3694,A
2-PB1,478,1,3633,0,2,3636,T
2-PB1,479,7,1,0,3646,3654,C
2-PB1,480,3643,0,4,0,3647,A
2-PB1,481,2,3,3643,0,3648,G
2-PB1,482,0,2,3642,0,3644,G
2-PB1,483,3626,0,1,0,3627,A
2-PB1,484,3582,2,4,0,3588,A
2-PB1,485,0,3,3735,0,3738,G
2-PB1,486,1,0,3743,0,3744,G
2-PB1,487,2,0,1,3748,3751,C
2-PB1,488,0,3733,1,6,3740,T
2-PB1,489,3741,0,1,0,3742,A
2-PB1,490,3747,0,1,0,3748,A
2-PB1,491,2,3748,0,0,3750,T
2-PB1,492,3753,0,2,0,3755,A
2-PB1,493,0,2,3756,0,3758,G
2-PB1,494,3516,2,1,0,3519,A
2-PB1,495,0,3496,1,3,3500,T
2-PB1,496,0,3491,0,0,3491,T
2-PB1,497,2,3493,0,0,3495,T
2-PB1,498,7,13,0,3548,3568,C
2-PB1,499,6,0,1,3577,3584,C
2-PB1,500,1,3573,0,4,3578,T
2-PB1,501,2,0,0,3586,3588,C
2-PB1,502,3575,1,1,1,3578,A
2-PB1,503,3583,0,2,4,3589,A
2-PB1,504,1,5,3594,0,3600,G
2-PB1,505,1,4,3624,0,3629,G
2-PB1,506,3625,1,0,0,3626,A
2-PB1,507,2,3510,0,0,3512,T
2-PB1,508,1,0,3543,0,3544,G
2-PB1,509,2,3519,1,3,3525,T
2-PB1,510,1,5,3551,0,3557,G
2-PB1,511,3553,1,4,0,3558,A
2-PB1,512,2,3533,0,1,3536,T
2-PB1,513,1,4,3512,0,3517,G
2-PB1,514,3,10,3485,1,3499,G
2-PB1,515,3490,0,3,0,3493,A
2-PB1,516,3494,0,1,1,3496,A
2-PB1,517,0,3445,1,0,3446,T
2-PB1,518,7,1,1,3444,3453,C
2-PB1,519,3418,0,3,0,3421,A
2-PB1,520,3425,1,1,0,3427,A
2-PB1,521,0,3430,0,1,3431,T
2-PB1,522,0,4,3458,0,3462,G
2-PB1,523,0,4,3473,0,3477,G
2-PB1,524,3465,2,2,0,3469,A
2-PB1,525,1,3466,1,0,3468,T
2-PB1,526,3465,0,0,0,3465,A
2-PB1,527,3455,2,0,0,3457,A
2-PB1,528,3447,1,0,0,3448,A
2-PB1,529,6,7,3462,1,3476,G
2-PB1,530,3453,1,2,0,3456,A
2-PB1,531,1,2,3421,1,3425,G
2-PB1,532,0,3,3417,0,3420,G
2-PB1,533,3399,0,0,0,3399,A
2-PB1,534,3392,1,1,0,3394,A
2-PB1,535,3404,0,3,0,3407,A
2-PB1,536,1,3398,0,2,3401,T
2-PB1,537,1,2,3445,0,3448,G
2-PB1,538,0,8,3440,0,3448,G
2-PB1,539,3399,2,3,0,3404,A
2-PB1,540,0,6,3422,0,3428,G
2-PB1,541,3381,0,0,0,3381,A
2-PB1,542,0,3441,0,0,3441,T
2-PB1,543,3433,0,1,0,3434,A
2-PB1,544,3469,0,2,0,3471,A
2-PB1,545,1,0,0,3480,3481,C
2-PB1,546,3418,0,0,0,3418,A
2-PB1,547,3427,1,0,1,3429,A
2-PB1,548,1,0,0,3426,3427,C
2-PB1,549,3401,0,2,0,3403,A
2-PB1,550,1,0,0,3404,3405,C
2-PB1,551,3318,0,1,0,3319,A
2-PB1,552,0,0,0,3337,3337,C
2-PB1,553,0,3283,0,3,3286,T
2-PB1,554,1,3265,0,0,3266,T
2-PB1,555,0,3276,0,0,3276,T
2-PB1,556,6,1,3,3266,3276,C
2-PB1,557,3282,0,1,0,3283,A
2-PB1,558,3284,0,2,0,3286,A
2-PB1,559,3289,0,3,0,3292,A
2-PB1,560,1,3,3320,0,3324,G
2-PB1,561,3293,0,2,0,3295,A
2-PB1,562,3297,1,2,1,3301,A
2-PB1,563,3302,0,2,0,3304,A
2-PB1,564,3302,1,1,1,3305,A
2-PB1,565,3300,1,5,0,3306,A
2-PB1,566,0,0,3330,0,3330,G
2-PB1,567,1,5,3327,0,3333,G
2-PB1,568,3277,2,8,0,3287,A
2-PB1,569,0,5,3343,0,3348,G
2-PB1,570,3322,0,6,0,3328,A
2-PB1,571,2,0,3447,0,3449,G
2-PB1,572,0,3449,0,0,3449,T
2-PB1,573,3437,0,2,0,3439,A
2-PB1,574,3448,0,6,0,3454,A
2-PB1,575,0,4,3448,0,3452,G
2-PB1,576,0,3,3473,0,3476,G
2-PB1,577,2,13,3464,0,3479,G
2-PB1,578,3426,1,4,0,3431,A
2-PB1,579,1,2,1,3458,3462,C
2-PB1,580,3344,0,2,0,3346,A
2-PB1,581,3359,1,2,0,3362,A
2-PB1,582,1,0,0,3358,3359,C
2-PB1,583,3339,1,2,5,3347,A
2-PB1,584,0,3305,2,1,3308,T
2-PB1,585,0,19,3280,0,3299,G
2-PB1,586,3297,2,1,0,3300,A
2-PB1,587,0,0,0,3303,3303,C
2-PB1,588,8,0,0,3252,3260,C
2-PB1,589,3260,1,1,0,3262,A
2-PB1,590,3264,0,1,0,3265,A
2-PB1,591,5,3,3277,0,3285,G
2-PB1,592,3285,0,1,0,3286,A
2-PB1,593,3282,0,0,0,3282,A
2-PB1,594,3265,0,1,0,3266,A
2-PB1,595,3263,1,0,0,3264,A
2-PB1,596,0,3261,0,1,3262,T
2-PB1,597,1,1,3254,0,3256,G
2-PB1,598,1,2,3269,0,3272,G
2-PB1,599,0,3205,0,3,3208,T
2-PB1,600,17,0,0,3166,3183,C
2-PB1,601,3194,0,1,0,3195,A
2-PB1,602,17,1,0,3430,3448,C
2-PB1,603,3517,2,1,0,3520,A
2-PB1,604,1,1,0,3534,3536,C
2-PB1,605,3511,0,1,0,3512,A
2-PB1,606,3651,0,1,0,3652,A
2-PB1,607,3624,0,2,1,3627,A
2-PB1,608,0,6,3930,2,3938,G
2-PB1,609,3938,0,1,0,3939,A
2-PB1,610,3962,0,1,1,3964,A
2-PB1,611,0,1,0,4110,4111,C
2-PB1,612,4002,0,0,0,4002,A
2-PB1,613,4035,1,0,0,4036,A
2-PB1,614,0,4031,0,2,4033,T
2-PB1,615,3973,0,2,0,3975,A
2-PB1,616,0,7,3972,0,3979,G
2-PB1,617,1,9,3859,0,3869,G
2-PB1,618,1,6,3871,0,3878,G
2-PB1,619,3867,1,1,0,3869,A
2-PB1,620,3814,0,3,0,3817,A
2-PB1,621,0,8,3853,0,3861,G
2-PB1,622,3858,1,3,0,3862,A
2-PB1,623,3866,1,0,1,3868,A
2-PB1,624,3891,0,1,0,3892,A
2-PB1,625,3886,1,4,2,3893,A
2-PB1,626,4010,0,4,1,4015,A
2-PB1,627,4014,0,2,1,4017,A
2-PB1,628,2,0,1,4021,4024,C
2-PB1,629,4022,0,0,0,4022,A
2-PB1,630,4013,1,1,0,4015,A
2-PB1,631,3986,1,8,0,3995,A
2-PB1,632,0,9,4112,0,4121,G
2-PB1,633,4110,1,0,0,4111,A
2-PB1,634,2,0,4334,0,4336,G
2-PB1,635,0,4284,1,0,4285,T
2-PB1,636,0,7,5000,0,5007,G
2-PB1,637,5015,1,3,0,5019,A
2-PB1,638,5031,0,3,0,5034,A
2-PB1,639,0,5110,0,0,5110,T
2-PB1,640,5132,0,0,2,5134,A
2-PB1,641,5136,0,7,0,5143,A
2-PB1,642,0,11,5143,0,5154,G
2-PB1,643,5046,1,7,0,5054,A
2-PB1,644,2,5,5090,0,5097,G
2-PB1,645,4864,2,7,1,4874,A
2-PB1,646,1,8,4925,1,4935,G
2-PB1,647,0,1,4932,1,4934,G
2-PB1,648,4,0,1,4929,4934,C
2-PB1,649,0,4922,0,1,4923,T
2-PB1,650,5080,0,5,0,5085,A
2-PB1,651,1,0,0,5377,5378,C
2-PB1,652,10,0,0,5382,5392,C
2-PB1,653,1,5423,0,1,5425,T
2-PB1,654,5647,0,3,0,5650,A
2-PB1,655,5637,1,3,1,5642,A
2-PB1,656,0,5641,1,1,5643,T
2-PB1,657,5642,0,0,0,5642,A
2-PB1,658,5625,2,2,0,5629,A
2-PB1,659,0,22,5616,0,5638,G
2-PB1,660,5465,3,6,0,5474,A
2-PB1,661,1,1,5527,0,5529,G
2-PB1,662,1,0,0,5560,5561,C
2-PB1,663,0,5456,1,7,5464,T
2-PB1,664,0,5481,0,1,5482,T
2-PB1,665,7,5475,0,2,5484,T
2-PB1,666,3,20,5475,0,5498,G
2-PB1,667,5589,2,5,0,5596,A
2-PB1,668,1,3,0,5617,5621,C
2-PB1,669,5611,1,2,0,5614,A
2-PB1,670,0,5595,2,4,5601,T
2-PB1,671,2,5580,0,5,5587,T
2-PB1,672,1,22,5698,2,5723,G
2-PB1,673,5701,1,7,2,5711,A
2-PB1,674,5711,0,9,1,5721,A
2-PB1,675,3,1,1,5730,5735,C
2-PB1,676,5693,1,1,0,5695,A
2-PB1,677,0,4,0,5708,5712,C
2-PB1,678,4,8,5691,1,5704,G
2-PB1,679,5729,0,7,1,5737,A
2-PB1,680,1,5734,1,1,5737,T
2-PB1,681,2,24,5846,0,5872,G
2-PB1,682,5878,0,6,1,5885,A
2-PB1,683,4,1,0,5907,5912,C
2-PB1,684,10,6,0,5898,5914,C
2-PB1,685,5915,1,4,0,5920,A
2-PB1,686,5985,3,0,2,5990,A
2-PB1,687,5992,0,7,1,6000,A
2-PB1,688,1,5,6148,0,6154,G
2-PB1,689,6216,2,1,1,6220,A
2-PB1,690,2,6157,1,3,6163,T
2-PB1,691,4,5,6167,1,6177,G
2-PB1,692,1,3,1,6147,6152,C
2-PB1,693,6145,0,7,3,6155,A
2-PB1,694,1,12,6185,0,6198,G
2-PB1,695,6128,0,2,0,6130,A
2-PB1,696,0,11,6135,0,6146,G
2-PB1,697,6016,1,2,0,6019,A
2-PB1,698,0,7,6007,0,6014,G
2-PB1,699,5951,1,5,0,5957,A
2-PB1,700,1,10,5946,1,5958,G
2-PB1,701,3,1,5961,0,5965,G
2-PB1,702,0,2,1,5953,5956,C
2-PB1,703,5924,1,3,0,5928,A
2-PB1,704,5944,0,0,0,5944,A
2-PB1,705,5972,1,4,0,5977,A
2-PB1,706,1,5982,1,1,5985,T
2-PB1,707,1,5966,1,1,5969,T
2-PB1,708,5997,3,2,0,6002,A
2-PB1,709,5981,0,3,1,5985,A
2-PB1,710,6005,0,3,0,6008,A
2-PB1,711,6011,1,5,0,6017,A
2-PB1,712,6024,2,0,0,6026,A
2-PB1,713,1,6,6033,0,6040,G
2-PB1,714,5994,2,1,0,5997,A
2-PB1,715,5975,1,5,1,5982,A
2-PB1,716,1,8,6078,1,6088,G
2-PB1,717,8,3,6183,0,6194,G
2-PB1,718,2,3,6190,0,6195,G
2-PB1,719,1,1,0,6248,6250,C
2-PB1,720,0,6236,0,4,6240,T
2-PB1,721,6296,1,0,0,6297,A
2-PB1,722,1,6388,1,1,6391,T
2-PB1,723,1,6407,0,4,6412,T
2-PB1,724,1,2,6446,1,6450,G
2-PB1,725,1,2,0,6418,6421,C
2-PB1,726,6282,2,2,0,6286,A
2-PB1,727,6300,0,4,3,6307,A
2-PB1,728,5,3,0,6296,6304,C
2-PB1,729,6313,0,2,0,6315,A
2-PB1,730,2,1,0,6303,6306,C
2-PB1,731,11,1,0,6189,6201,C
2-PB1,732,9,7,0,6198,6214,C
2-PB1,733,5,11,6184,1,6201,G
2-PB1,734,1,6,6218,1,6226,G
2-PB1,735,2,8,6233,0,6243,G
2-PB1,736,6271,0,4,0,6275,A
2-PB1,737,0,6231,0,0,6231,T
2-PB1,738,3,3,6254,0,6260,G
2-PB1,739,1,2,0,6230,6233,C
2-PB1,740,6325,3,2,1,6331,A
2-PB1,741,6427,1,2,0,6430,A
2-PB1,742,6484,0,2,3,6489,A
2-PB1,743,0,6490,1,0,6491,T
2-PB1,744,0,6487,1,1,6489,T
2-PB1,745,6450,1,1,0,6452,A
2-PB1,746,1,9,6451,0,6461,G
2-PB1,747,6407,2,13,0,6422,A
2-PB1,748,0,8,6457,0,6465,G
2-PB1,749,0,10,6373,0,6383,G
2-PB1,750,0,4,6559,1,6564,G
2-PB1,751,0,6563,0,1,6564,T
2-PB1,752,5,6555,0,3,6563,T
2-PB1,753,22,1,0,6568,6591,C
2-PB1,754,4,3,6664,0,6671,G
2-PB1,755,0,6655,0,9,6664,T
2-PB1,756,2,1,6676,1,6680,G
2-PB1,757,1,6668,0,2,6671,T
2-PB1,758,6642,1,0,0,6643,A
2-PB1,759,2,1,0,6632,6635,C
2-PB1,760,7,6350,0,4,6361,T
2-PB1,761,0,6379,1,0,6380,T
2-PB1,762,8,0,0,6328,6336,C
2-PB1,763,0,1,6314,0,6315,G
2-PB1,764,1,6299,0,4,6304,T
2-PB1,765,1,6284,1,9,6295,T
2-PB1,766,2,14,6283,0,6299,G
2-PB1,767,6293,0,1,1,6295,A
2-PB1,768,6292,0,2,1,6295,A
2-PB1,769,6334,3,3,0,6340,A
2-PB1,770,1,0,0,6365,6366,C
2-PB1,771,0,6305,0,2,6307,T
2-PB1,772,0,6294,0,3,6297,T
2-PB1,773,2,6300,0,0,6302,T
2-PB1,774,6394,0,5,0,6399,A
2-PB1,775,0,1,6411,1,6413,G
2-PB1,776,1,2,0,6417,6420,C
2-PB1,777,2,6420,0,3,6425,T
2-PB1,778,6378,2,2,0,6382,A
2-PB1,779,2,6,6354,1,6363,G
2-PB1,780,6359,4,2,1,6366,A
2-PB1,781,6364,0,3,0,6367,A
2-PB1,782,1,1,6387,1,6390,G
2-PB1,783,3,2,1,6288,6294,C
2-PB1,784,6283,0,0,0,6283,A
2-PB1,785,3,6262,0,1,6266,T
2-PB1,786,1,6259,0,2,6262,T
2-PB1,787,1,6276,0,3,6280,T
2-PB1,788,5,4,6290,1,6300,G
2-PB1,789,2,2,0,6282,6286,C
2-PB1,790,4,14,6273,0,6291,G
2-PB1,791,6280,0,2,0,6282,A
2-PB1,792,6258,0,3,0,6261,A
2-PB1,793,6263,1,4,0,6268,A
2-PB1,794,6470,1,1,0,6472,A
2-PB1,795,1,2,6554,0,6557,G
2-PB1,796,0,1,0,6560,6561,C
2-PB1,797,0,6551,2,2,6555,T
2-PB1,798,1,6552,0,1,6554,T
2-PB1,799,2,32,6537,2,6573,G
2-PB1,800,6564,0,9,0,6573,A
2-PB1,801,6571,1,5,1,6578,A
2-PB1,802,1,1,0,6603,6605,C
2-PB1,803,6472,0,0,0,6472,A
2-PB1,804,1,1,7085,0,7087,G
2-PB1,805,0,7014,0,6,7020,T
2-PB1,806,19,0,1,7025,7045,C
2-PB1,807,3,7037,0,2,7042,T
2-PB1,808,3,16,7043,0,7062,G
2-PB1,809,3,17,7038,0,7058,G
2-PB1,810,7078,0,5,0,7083,A
2-PB1,811,1,1,0,7091,7093,C
2-PB1,812,0,6874,0,2,6876,T
2-PB1,813,0,6472,0,3,6475,T
2-PB1,814,11,3,1,6446,6461,C
2-PB1,815,6,8,0,6456,6470,C
2-PB1,816,5,7,6495,0,6507,G
2-PB1,817,6,2,6520,0,6528,G
2-PB1,818,1,6489,0,2,6492,T
2-PB1,819,1,6477,1,4,6483,T
2-PB1,820,1,9,6456,0,6466,G
2-PB1,821,2,11,6478,0,6491,G
2-PB1,822,3,18,6523,0,6544,G
2-PB1,823,1,8,6525,0,6534,G
2-PB1,824,0,7,6563,2,6572,G
2-PB1,825,0,6528,1,2,6531,T
2-PB1,826,6528,0,1,0,6529,A
2-PB1,827,6567,0,2,1,6570,A
2-PB1,828,2,6573,0,2,6577,T
2-PB1,829,1,14,6578,1,6594,G
2-PB1,830,6546,1,1,0,6548,A
2-PB1,831,6496,1,2,0,6499,A
2-PB1,832,6498,1,4,2,6505,A
2-PB1,833,6472,1,7,0,6480,A
2-PB1,834,1,9,6473,1,6484,G
2-PB1,835,6430,1,3,0,6434,A
2-PB1,836,6382,1,8,2,6393,A
2-PB1,837,0,11,6424,0,6435,G
2-PB1,838,3,3,6412,0,6418,G
2-PB1,839,3,2,0,6394,6399,C
2-PB1,840,9,1,1,6387,6398,C
2-PB1,841,6416,1,1,0,6418,A
2-PB1,842,6419,0,2,0,6421,A
2-PB1,843,6408,1,9,0,6418,A
2-PB1,844,2,0,0,6437,6439,C
2-PB1,845,3,6424,0,4,6431,T
2-PB1,846,3,9,6492,0,6504,G
2-PB1,847,7,1,6488,1,6497,G
2-PB1,848,2,2,2,6492,6498,C
2-PB1,849,6517,2,5,0,6524,A
2-PB1,850,6513,1,1,0,6515,A
2-PB1,851,6512,1,2,0,6515,A
2-PB1,852,1,6512,0,2,6515,T
2-PB1,853,0,1,6532,1,6534,G
2-PB1,854,2,6483,0,5,6490,T
2-PB1,855,2,6362,0,0,6364,T
2-PB1,856,4,1,6363,0,6368,G
2-PB1,857,0,6345,0,5,6350,T
2-PB1,858,0,15,6356,0,6371,G
2-PB1,859,6356,3,8,0,6367,A
2-PB1,860,3,7,6378,0,6388,G
2-PB1,861,6371,0,4,0,6375,A
2-PB1,862,6340,3,0,0,6343,A
2-PB1,863,6342,0,0,0,6342,A
2-PB1,864,6349,0,3,0,6352,A
2-PB1,865,6382,1,1,0,6384,A
2-PB1,866,1,6356,2,1,6360,T
2-PB1,867,1,11,6352,0,6364,G
2-PB1,868,6351,2,3,0,6356,A
2-PB1,869,2,6283,0,3,6288,T
2-PB1,870,0,25,6310,0,6335,G
2-PB1,871,6317,2,11,1,6331,A
2-PB1,872,0,0,0,6393,6393,C
2-PB1,873,1,6369,0,6,6376,T
2-PB1,874,6364,0,1,0,6365,A
2-PB1,875,6427,0,4,0,6431,A
2-PB1,876,0,6404,0,5,6409,T
2-PB1,877,0,6470,0,5,6475,T
2-PB1,878,30,0,1,6491,6522,C
2-PB1,879,6501,2,1,0,6504,A
2-PB1,880,0,2,0,6537,6539,C
2-PB1,881,6466,0,2,0,6468,A
2-PB1,882,6461,0,11,0,6472,A
2-PB1,883,2,16,6468,0,6486,G
2-PB1,884,6578,3,7,1,6589,A
2-PB1,885,1,2,0,6579,6582,C
2-PB1,886,6523,3,7,1,6534,A
2-PB1,887,3,2,0,6527,6532,C
2-PB1,888,6469,0,5,0,6474,A
2-PB1,889,1,13,6482,0,6496,G
2-PB1,890,6460,0,11,0,6471,A
2-PB1,891,0,1,6521,0,6522,G
2-PB1,892,1,1,0,6468,6470,C
2-PB1,893,0,6325,2,11,6338,T
2-PB1,894,0,6406,0,3,6409,T
2-PB1,895,1,6412,0,0,6413,T
2-PB1,896,14,4,0,6419,6437,C
2-PB1,897,1,6397,6,6,6410,T
2-PB1,898,0,6383,2,2,6387,T
2-PB1,899,1,6383,0,4,6388,T
2-PB1,900,8,1,0,6398,6407,C
2-PB1,901,6405,1,5,0,6411,A
2-PB1,902,2,2,0,6436,6440,C
2-PB1,903,6338,2,2,0,6342,A
2-PB1,904,6384,0,2,0,6386,A
2-PB1,905,2,6450,1,2,6455,T
2-PB1,906,15,1,0,6505,6521,C
2-PB1,907,6547,0,8,0,6555,A
2-PB1,908,2,1,0,6600,6603,C
2-PB1,909,0,6554,0,2,6556,T
2-PB1,910,3,5,6577,1,6586,G
2-PB1,911,1,8,6560,0,6569,G
2-PB1,912,5,9,6752,0,6766,G
2-PB1,913,2,16,6728,0,6746,G
2-PB1,914,6657,2,11,0,6670,A
2-PB1,915,4,4,1,6397,6406,C
2-PB1,916,6472,0,3,0,6475,A
2-PB1,917,6896,1,7,0,6904,A
2-PB1,918,3,1,0,6959,6963,C
2-PB1,919,6932,1,5,0,6938,A
2-PB1,920,1,1,0,6929,6931,C
2-PB1,921,0,6619,0,10,6629,T
2-PB1,922,6644,0,2,1,6647,A
2-PB1,923,6634,2,5,0,6641,A
2-PB1,924,0,3,6700,0,6703,G
2-PB1,925,1,6669,0,2,6672,T
2-PB1,926,2,15,6194,2,6213,G
2-PB1,927,1,13,6147,1,6162,G
2-PB1,928,6131,1,7,1,6140,A
2-PB1,929,6140,0,8,0,6148,A
2-PB1,930,2,6133,0,3,6138,T
2-PB1,931,6,12,6111,0,6129,G
2-PB1,932,6114,1,2,3,6120,A
2-PB1,933,6046,0,1,0,6047,A
2-PB1,934,6090,1,3,1,6095,A
2-PB1,935,6109,0,3,1,6113,A
2-PB1,936,2,6098,0,2,6102,T
2-PB1,937,24,2,0,6077,6103,C
2-PB1,938,6091,2,1,0,6094,A
2-PB1,939,6091,0,4,1,6096,A
2-PB1,940,6074,0,2,1,6077,A
2-PB1,941,6083,1,1,1,6086,A
2-PB1,942,7,0,0,6091,6098,C
2-PB1,943,18,0,0,6041,6059,C
2-PB1,944,18,1,0,6023,6042,C
2-PB1,945,1,6032,0,9,6042,T
2-PB1,946,6,0,1,6050,6057,C
2-PB1,947,1,10,6043,1,6055,G
2-PB1,948,6051,0,3,3,6057,A
2-PB1,949,6045,1,1,1,6048,A
2-PB1,950,0,6063,0,0,6063,T
2-PB1,951,1,1,6091,1,6094,G
2-PB1,952,0,6040,1,5,6046,T
2-PB1,953,1,6048,0,5,6054,T
2-PB1,954,2,6047,0,3,6052,T
2-PB1,955,0,6057,1,1,6059,T
2-PB1,956,1,6051,1,5,6058,T
2-PB1,957,2,12,6028,0,6042,G
2-PB1,958,0,0,6033,0,6033,G
2-PB1,959,3,1,0,6024,6028,C
2-PB1,960,1,4,5965,0,5970,G
2-PB1,961,5974,0,3,1,5978,A
2-PB1,962,0,6141,0,1,6142,T
2-PB1,963,1,14,6310,1,6326,G
2-PB1,964,6620,0,1,1,6622,A
2-PB1,965,1,6642,0,4,6647,T
2-PB1,966,0,6647,0,0,6647,T
2-PB1,967,6676,0,11,0,6687,A
2-PB1,968,4,2,0,6698,6704,C
2-PB1,969,6710,0,5,0,6715,A
2-PB1,970,0,6705,1,2,6708,T
2-PB1,971,6388,1,5,0,6394,A
2-PB1,972,1,0,0,6464,6465,C
2-PB1,973,5899,0,1,1,5901,A
2-PB1,974,1,5872,2,4,5879,T
2-PB1,975,9,1,0,5868,5878,C
2-PB1,976,5837,2,4,0,5843,A
2-PB1,977,1,2,0,5857,5860,C
2-PB1,978,5809,0,0,0,5809,A
2-PB1,979,5802,0,1,0,5803,A
2-PB1,980,5802,0,3,0,5805,A
2-PB1,981,1,12,5623,0,5636,G
2-PB1,982,5867,1,2,0,5870,A
2-PB1,983,5875,2,4,0,5881,A
2-PB1,984,1,5877,0,0,5878,T
2-PB1,985,20,0,2,5849,5871,C
2-PB1,986,5915,1,5,0,5921,A
2-PB1,987,5939,1,4,1,5945,A
2-PB1,988,2,0,1,5956,5959,C
2-PB1,989,8,2,0,5951,5961,C
2-PB1,990,0,5666,1,4,5671,T
2-PB1,991,2,17,5708,0,5727,G
2-PB1,992,5698,0,9,0,5707,A
2-PB1,993,0,5,5712,0,5717,G
2-PB1,994,2,5690,0,2,5694,T
2-PB1,995,2,12,5555,0,5569,G
2-PB1,996,0,2,5885,1,5888,G
2-PB1,997,0,5838,1,5,5844,T
2-PB1,998,0,5844,0,3,5847,T
2-PB1,999,17,1,0,5835,5853,C
2-PB1,1000,5779,1,2,0,5782,A
2-PB1,1001,1,4,5903,0,5908,G
2-PB1,1002,5901,0,4,0,5905,A
2-PB1,1003,5902,0,1,0,5903,A
2-PB1,1004,5882,0,2,0,5884,A
2-PB1,1005,2,8,1,5464,5475,C
2-PB1,1006,5502,1,2,0,5505,A
2-PB1,1007,1,5493,0,6,5500,T
2-PB1,1008,3,1,0,5538,5542,C
2-PB1,1009,7,0,2,5544,5553,C
2-PB1,1010,2,5372,0,3,5377,T
2-PB1,1011,2,10,5372,0,5384,G
2-PB1,1012,5349,2,6,0,5357,A
2-PB1,1013,1,3,5403,0,5407,G
2-PB1,1014,1,3,0,5375,5379,C
2-PB1,1015,5232,1,1,0,5234,A
2-PB1,1016,2,5244,0,3,5249,T
2-PB1,1017,8,0,0,5199,5207,C
2-PB1,1018,5,2,5210,0,5217,G
2-PB1,1019,3,1,0,5351,5355,C
2-PB1,1020,5371,3,7,0,5381,A
2-PB1,1021,7,0,0,5535,5542,C
2-PB1,1022,9,1,0,5519,5529,C
2-PB1,1023,5529,1,4,1,5535,A
2-PB1,1024,5607,2,3,0,5612,A
2-PB1,1025,1,5598,0,2,5601,T
2-PB1,1026,5590,0,4,0,5594,A
2-PB1,1027,5581,1,2,1,5585,A
2-PB1,1028,0,5403,0,0,5403,T
2-PB1,1029,5,2,5420,0,5427,G
2-PB1,1030,1,5310,0,2,5313,T
2-PB1,1031,0,5269,0,7,5276,T
2-PB1,1032,14,0,0,5276,5290,C
2-PB1,1033,0,5263,0,6,5269,T
2-PB1,1034,13,1,0,5260,5274,C
2-PB1,1035,5287,0,1,0,5288,A
2-PB1,1036,5277,1,2,0,5280,A
2-PB1,1037,5288,0,1,1,5290,A
2-PB1,1038,1,1,0,5310,5312,C
2-PB1,1039,5293,0,2,0,5295,A
2-PB1,1040,5280,2,4,1,5287,A
2-PB1,1041,5276,1,0,0,5277,A
2-PB1,1042,5294,2,3,0,5299,A
2-PB1,1043,1,5353,0,1,5355,T
2-PB1,1044,2,14,5338,0,5354,G
2-PB1,1045,2,6,5346,0,5354,G
2-PB1,1046,3,3,0,5342,5348,C
2-PB1,1047,5344,2,7,0,5353,A
2-PB1,1048,5350,3,8,1,5362,A
2-PB1,1049,1,17,5384,0,5402,G
2-PB1,1050,5412,1,3,0,5416,A
2-PB1,1051,2,3,0,5413,5418,C
2-PB1,1052,1,5340,1,2,5344,T
2-PB1,1053,1,8,5403,0,5412,G
2-PB1,1054,0,7,5406,0,5413,G
2-PB1,1055,2,2,5447,0,5451,G
2-PB1,1056,5444,1,6,0,5451,A
2-PB1,1057,5440,0,0,0,5440,A
2-PB1,1058,5413,2,0,0,5415,A
2-PB1,1059,5386,1,16,0,5403,A
2-PB1,1060,3,6,5560,0,5569,G
2-PB1,1061,2,16,5541,0,5559,G
2-PB1,1062,5526,1,2,1,5530,A
2-PB1,1063,0,5508,0,2,5510,T
2-PB1,1064,5472,0,9,0,5481,A
2-PB1,1065,5,2,0,5486,5493,C
2-PB1,1066,5539,0,0,0,5539,A
2-PB1,1067,0,5516,1,2,5519,T
2-PB1,1068,0,1,5576,0,5577,G
2-PB1,1069,2,5444,1,4,5451,T
2-PB1,1070,1,5430,0,17,5448,T
2-PB1,1071,23,8,0,5400,5431,C
2-PB1,1072,2,5,5429,1,5437,G
2-PB1,1073,5439,1,2,1,5443,A
2-PB1,1074,1,12,5546,0,5559,G
2-PB1,1075,5475,1,5,1,5482,A
2-PB1,1076,1,4,5526,1,5532,G
2-PB1,1077,0,5497,0,1,5498,T
2-PB1,1078,5480,0,0,0,5480,A
2-PB1,1079,5489,1,11,0,5501,A
2-PB1,1080,0,21,5503,0,5524,G
2-PB1,1081,5503,1,9,0,5513,A
2-PB1,1082,3,8,5576,0,5587,G
2-PB1,1083,5439,0,9,1,5449,A
2-PB1,1084,5479,1,1,0,5481,A
2-PB1,1085,2,5416,0,4,5422,T
2-PB1,1086,1,16,5396,0,5413,G
2-PB1,1087,5406,1,6,1,5414,A
2-PB1,1088,5379,0,4,0,5383,A
2-PB1,1089,4,2,5395,0,5401,G
2-PB1,1090,1,0,0,5384,5385,C
2-PB1,1091,0,5310,2,3,5315,T
2-PB1,1092,9,0,0,5341,5350,C
2-PB1,1093,9,4,0,5320,5333,C
2-PB1,1094,3,7,5357,0,5367,G
2-PB1,1095,0,17,5353,1,5371,G
2-PB1,1096,5384,2,2,0,5388,A
2-PB1,1097,1,2,1,5436,5440,C
2-PB1,1098,5445,1,15,0,5461,A
2-PB1,1099,2,4,0,5509,5515,C
2-PB1,1100,5501,2,2,0,5505,A
2-PB1,1101,5513,0,9,0,5522,A
2-PB1,1102,5517,0,3,1,5521,A
2-PB1,1103,0,5518,0,1,5519,T
2-PB1,1104,5515,2,1,0,5518,A
2-PB1,1105,5,3,1,5500,5509,C
2-PB1,1106,7,1,0,5467,5475,C
2-PB1,1107,1,5389,0,7,5397,T
2-PB1,1108,4,1,5438,0,5443,G
2-PB1,1109,1,0,0,5440,5441,C
2-PB1,1110,5439,0,0,0,5439,A
2-PB1,1111,0,6,5436,0,5442,G
2-PB1,1112,5424,0,3,0,5427,A
2-PB1,1113,5414,1,2,2,5419,A
2-PB1,1114,5420,0,7,0,5427,A
2-PB1,1115,0,5432,0,1,5433,T
2-PB1,1116,1,1,5435,0,5437,G
2-PB1,1117,3,1,1,5417,5422,C
2-PB1,1118,2,5422,0,1,5425,T
2-PB1,1119,5484,0,4,0,5488,A
2-PB1,1120,0,2,5482,0,5484,G
2-PB1,1121,1,0,0,5478,5479,C
2-PB1,1122,5475,1,7,0,5483,A
2-PB1,1123,5441,3,5,0,5449,A
2-PB1,1124,1,3,5414,0,5418,G
2-PB1,1125,5,0,0,5400,5405,C
2-PB1,1126,5345,0,1,0,5346,A
2-PB1,1127,1,5442,0,2,5445,T
2-PB1,1128,1,5449,0,4,5454,T
2-PB1,1129,1,8,5594,1,5604,G
2-PB1,1130,5668,0,3,0,5671,A
2-PB1,1131,1,1,0,5648,5650,C
2-PB1,1132,6,3,0,5660,5669,C
2-PB1,1133,2,5557,1,4,5564,T
2-PB1,1134,0,4,5662,0,5666,G
2-PB1,1135,5680,0,3,2,5685,A
2-PB1,1136,5676,0,5,0,5681,A
2-PB1,1137,1,0,5750,0,5751,G
2-PB1,1138,1,5587,0,1,5589,T
2-PB1,1139,5618,1,0,0,5619,A
2-PB1,1140,3,5581,0,1,5585,T
2-PB1,1141,0,5582,0,7,5589,T
2-PB1,1142,1,5582,1,1,5585,T
2-PB1,1143,14,0,0,5513,5527,C
2-PB1,1144,5521,2,6,0,5529,A
2-PB1,1145,5535,0,0,0,5535,A
2-PB1,1146,1,5466,1,0,5468,T
2-PB1,1147,2,14,5474,0,5490,G
2-PB1,1148,5440,2,2,0,5444,A
2-PB1,1149,5464,2,1,0,5467,A
2-PB1,1150,2,5432,0,5,5439,T
2-PB1,1151,17,0,1,5460,5478,C
2-PB1,1152,5478,1,1,1,5481,A
2-PB1,1153,5485,0,1,1,5487,A
2-PB1,1154,2,0,0,5472,5474,C
2-PB1,1155,5478,0,0,1,5479,A
2-PB1,1156,5448,0,12,1,5461,A
2-PB1,1157,5,5,5442,0,5452,G
2-PB1,1158,2,0,5484,0,5486,G
2-PB1,1159,5477,1,3,0,5481,A
2-PB1,1160,5466,0,5,0,5471,A
2-PB1,1161,0,7,5467,1,5475,G
2-PB1,1162,5449,0,5,0,5454,A
2-PB1,1163,5465,0,1,0,5466,A
2-PB1,1164,5454,1,3,0,5458,A
2-PB1,1165,5471,1,2,0,5474,A
2-PB1,1166,1,5438,1,1,5441,T
2-PB1,1167,1,5398,0,5,5404,T
2-PB1,1168,1,13,5404,1,5419,G
2-PB1,1169,5407,3,7,0,5417,A
2-PB1,1170,0,12,5422,0,5434,G
2-PB1,1171,5435,1,2,0,5438,A
2-PB1,1172,5461,0,1,0,5462,A
2-PB1,1173,5530,6,4,0,5540,A
2-PB1,1174,5550,12,0,0,5562,A
2-PB1,1175,1,5557,1,0,5559,T
2-PB1,1176,5562,2,1,0,5565,A
2-PB1,1177,5562,3,4,0,5569,A
2-PB1,1178,1,9,5579,0,5589,G
2-PB1,1179,5,0,5567,0,5572,G
2-PB1,1180,4,2,0,5541,5547,C
2-PB1,1181,4,3,0,5521,5528,C
2-PB1,1182,0,5484,0,9,5493,T
2-PB1,1183,10,0,0,6114,6124,C
2-PB1,1184,1,6192,0,8,6201,T
2-PB1,1185,2,6222,1,2,6227,T
2-PB1,1186,6,2,0,6318,6326,C
2-PB1,1187,1,6297,0,0,6298,T
2-PB1,1188,6302,0,0,0,6302,A
2-PB1,1189,6315,0,2,0,6317,A
2-PB1,1190,0,6313,0,2,6315,T
2-PB1,1191,6357,1,1,0,6359,A
2-PB1,1192,0,5,6208,0,6213,G
2-PB1,1193,5671,0,1,0,5672,A
2-PB1,1194,0,5656,0,4,5660,T
2-PB1,1195,8,18,5561,0,5587,G
2-PB1,1196,0,4,5660,0,5664,G
2-PB1,1197,4,1,0,5644,5649,C
2-PB1,1198,5661,0,3,0,5664,A
2-PB1,1199,0,3,0,5667,5670,C
2-PB1,1200,5568,0,6,1,5575,A
2-PB1,1201,2,4,5785,0,5791,G
2-PB1,1202,2,3,0,5763,5768,C
2-PB1,1203,5774,1,1,1,5777,A
2-PB1,1204,2,5909,0,5,5916,T
2-PB1,1205,17,0,0,5817,5834,C
2-PB1,1206,5895,1,4,1,5901,A
2-PB1,1207,2,5898,0,1,5901,T
2-PB1,1208,1,5869,0,1,5871,T
2-PB1,1209,0,15,5844,1,5860,G
2-PB1,1210,5669,2,4,0,5675,A
2-PB1,1211,0,2,5827,2,5831,G
2-PB1,1212,3,8,0,5797,5808,C
2-PB1,1213,14,2,0,5712,5728,C
2-PB1,1214,12,5,1,5796,5814,C
2-PB1,1215,2,5775,2,7,5786,T
2-PB1,1216,1,6,6148,1,6156,G
2-PB1,1217,1,13,6229,0,6243,G
2-PB1,1218,6237,1,7,0,6245,A
2-PB1,1219,6385,0,2,0,6387,A
2-PB1,1220,1,6196,0,1,6198,T
2-PB1,1221,2,16,6329,0,6347,G
2-PB1,1222,6412,1,3,0,6416,A
2-PB1,1223,0,6417,1,1,6419,T
2-PB1,1224,1,8,6432,1,6442,G
2-PB1,1225,6375,2,14,1,6392,A
2-PB1,1226,2,6305,0,1,6308,T
2-PB1,1227,2,15,6304,0,6321,G
2-PB1,1228,2,18,6383,1,6404,G
2-PB1,1229,1,0,6421,2,6424,G
2-PB1,1230,3,1,0,6364,6368,C
2-PB1,1231,6375,1,4,1,6381,A
2-PB1,1232,3,6393,1,4,6401,T
2-PB1,1233,2,0,6605,0,6607,G
2-PB1,1234,1,6600,0,12,6613,T
2-PB1,1235,0,6630,2,4,6636,T
2-PB1,1236,25,1,1,6625,6652,C
2-PB1,1237,6604,1,3,1,6609,A
2-PB1,1238,6617,2,5,1,6625,A
2-PB1,1239,1,3,0,6636,6640,C
2-PB1,1240,6670,1,5,0,6676,A
2-PB1,1241,1,6664,0,5,6670,T
2-PB1,1242,1,1,6723,0,6725,G
2-PB1,1243,1,1,0,6727,6729,C
2-PB1,1244,0,6728,0,2,6730,T
2-PB1,1245,6758,0,1,0,6759,A
2-PB1,1246,6757,3,1,0,6761,A
2-PB1,1247,0,5,6859,0,6864,G
2-PB1,1248,3,6854,0,1,6858,T
2-PB1,1249,6822,2,3,0,6827,A
2-PB1,1250,0,5,0,6847,6852,C
2-PB1,1251,1,21,6827,0,6849,G
2-PB1,1252,3,0,7256,1,7260,G
2-PB1,1253,0,7249,0,1,7250,T
2-PB1,1254,0,7198,0,8,7206,T
2-PB1,1255,0,7202,1,5,7208,T
2-PB1,1256,0,7168,1,0,7169,T
2-PB1,1257,7163,1,3,0,7167,A
2-PB1,1258,0,9,7167,0,7176,G
2-PB1,1259,0,17,7140,0,7157,G
2-PB1,1260,7009,2,4,1,7016,A
2-PB1,1261,1,3,6960,0,6964,G
2-PB1,1262,5,7025,0,0,7030,T
2-PB1,1263,11,0,0,7032,7043,C
2-PB1,1264,1,7053,1,6,7061,T
2-PB1,1265,15,2,0,7057,7074,C
2-PB1,1266,20,13,7047,0,7080,G
2-PB1,1267,7268,3,0,0,7271,A
2-PB1,1268,1,7271,0,15,7287,T
2-PB1,1269,7316,0,1,0,7317,A
2-PB1,1270,3,0,0,7313,7316,C
2-PB1,1271,2,7179,0,11,7192,T
2-PB1,1272,2,24,7186,0,7212,G
2-PB1,1273,7192,0,2,1,7195,A
2-PB1,1274,7287,2,2,0,7291,A
2-PB1,1275,0,7288,2,3,7293,T
2-PB1,1276,14,0,0,7154,7168,C
2-PB1,1277,2,7125,0,6,7133,T
2-PB1,1278,0,7120,0,0,7120,T
2-PB1,1279,1,11,7119,1,7132,G
2-PB1,1280,2,12,7127,0,7141,G
2-PB1,1281,7115,3,7,0,7125,A
2-PB1,1282,1,3,0,7136,7140,C
2-PB1,1283,7053,0,2,1,7056,A
2-PB1,1284,7105,0,2,1,7108,A
2-PB1,1285,7126,1,4,0,7131,A
2-PB1,1286,7130,2,14,1,7147,A
2-PB1,1287,1,7,7265,0,7273,G
2-PB1,1288,7264,2,6,2,7274,A
2-PB1,1289,7261,0,3,2,7266,A
2-PB1,1290,7280,6,3,1,7290,A
2-PB1,1291,0,7276,0,1,7277,T
2-PB1,1292,7286,1,5,0,7292,A
2-PB1,1293,2,1,1,7511,7515,C
2-PB1,1294,7461,4,4,0,7469,A
2-PB1,1295,2,2,1,7496,7501,C
2-PB1,1296,15,1,1,7414,7431,C
2-PB1,1297,7407,2,1,1,7411,A
2-PB1,1298,7490,2,7,1,7500,A
2-PB1,1299,0,21,7683,1,7705,G
2-PB1,1300,7756,0,14,0,7770,A
2-PB1,1301,2,4,0,7830,7836,C
2-PB1,1302,7657,1,6,0,7664,A
2-PB1,1303,7890,0,19,0,7909,A
2-PB1,1304,0,3,0,7919,7922,C
2-PB1,1305,8038,0,3,0,8041,A
2-PB1,1306,0,8067,0,3,8070,T
2-PB1,1307,8016,1,2,0,8019,A
2-PB1,1308,4,0,0,8165,8169,C
2-PB1,1309,0,7947,1,1,7949,T
2-PB1,1310,3,8,8051,0,8062,G
2-PB1,1311,1,1,8054,1,8057,G
2-PB1,1312,4,7883,0,7,7894,T
2-PB1,1313,1,15,7860,1,7877,G
2-PB1,1314,2,9,7775,2,7788,G
2-PB1,1315,0,11,7823,1,7835,G
2-PB1,1316,7817,3,4,0,7824,A
2-PB1,1317,2,7668,0,3,7673,T
2-PB1,1318,2,19,7648,0,7669,G
2-PB1,1319,7,16,7608,1,7632,G
2-PB1,1320,3,1,7695,0,7699,G
2-PB1,1321,3,2,0,7780,7785,C
2-PB1,1322,1,7741,0,12,7754,T
2-PB1,1323,15,1,1,7768,7785,C
2-PB1,1324,12,2,2,7741,7757,C
2-PB1,1325,7765,0,3,0,7768,A
2-PB1,1326,7776,0,2,1,7779,A
2-PB1,1327,2,7742,1,2,7747,T
2-PB1,1328,18,1,2,7691,7712,C
2-PB1,1329,10,5,1,7640,7656,C
2-PB1,1330,2,7557,1,6,7566,T
2-PB1,1331,3,0,1,7557,7561,C
2-PB1,1332,2,2,0,7523,7527,C
2-PB1,1333,8,9,7519,0,7536,G
2-PB1,1334,7533,0,5,0,7538,A
2-PB1,1335,0,3,2,7534,7539,C
2-PB1,1336,5,10,7535,1,7551,G
2-PB1,1337,7579,1,2,0,7582,A
2-PB1,1338,1,7570,1,1,7573,T
2-PB1,1339,1,7555,0,3,7559,T
2-PB1,1340,0,7547,2,4,7553,T
2-PB1,1341,2,7573,0,1,7576,T
2-PB1,1342,5,0,7583,0,7588,G
2-PB1,1343,1,9,0,7618,7628,C
2-PB1,1344,12,2,0,7611,7625,C
2-PB1,1345,15,2,1,7814,7832,C
2-PB1,1346,0,7707,1,13,7721,T
2-PB1,1347,5,1,0,8027,8033,C
2-PB1,1348,8088,0,2,0,8090,A
2-PB1,1349,0,8119,0,0,8119,T
2-PB1,1350,8120,0,2,0,8122,A
2-PB1,1351,1,3,8181,0,8185,G
2-PB1,1352,0,8091,0,4,8095,T
2-PB1,1353,2,24,8101,2,8129,G
2-PB1,1354,7881,0,1,2,7884,A
2-PB1,1355,7892,3,0,0,7895,A
2-PB1,1356,2,7529,0,2,7533,T
2-PB1,1357,10,3,7508,1,7522,G
2-PB1,1358,2,3,0,7567,7572,C
2-PB1,1359,7576,2,5,0,7583,A
2-PB1,1360,1,10,0,7587,7598,C
2-PB1,1361,13,2,1,7519,7535,C
2-PB1,1362,7477,0,1,0,7478,A
2-PB1,1363,7475,1,2,1,7479,A
2-PB1,1364,7468,0,0,0,7468,A
2-PB1,1365,1,7291,2,1,7295,T
2-PB1,1366,24,2,0,7487,7513,C
2-PB1,1367,7514,1,2,1,7518,A
2-PB1,1368,0,7499,1,4,7504,T
2-PB1,1369,3,9,7502,0,7514,G
2-PB1,1370,7505,2,10,0,7517,A
2-PB1,1371,0,19,7557,0,7576,G
2-PB1,1372,6,7,7528,0,7541,G
2-PB1,1373,5,19,7545,0,7569,G
2-PB1,1374,7515,0,10,0,7525,A
2-PB1,1375,7637,0,3,0,7640,A
2-PB1,1376,2,7650,0,1,7653,T
2-PB1,1377,7682,0,6,0,7688,A
2-PB1,1378,4,2,1,7686,7693,C
2-PB1,1379,7686,6,5,0,7697,A
2-PB1,1380,7673,1,7,2,7683,A
2-PB1,1381,0,5,7659,0,7664,G
2-PB1,1382,2,2,1,7615,7620,C
2-PB1,1383,7581,1,3,0,7585,A
2-PB1,1384,4,12,7645,0,7661,G
2-PB1,1385,0,27,7643,1,7671,G
2-PB1,1386,7668,0,4,0,7672,A
2-PB1,1387,2,19,7689,0,7710,G
2-PB1,1388,2,7574,0,5,7581,T
2-PB1,1389,4,12,7641,1,7658,G
2-PB1,1390,104,11,7556,0,7671,G
2-PB1,1391,7663,2,3,0,7668,A
2-PB1,1392,1,7654,1,9,7665,T
2-PB1,1393,7550,1,4,0,7555,A
2-PB1,1394,1,8,7602,0,7611,G
2-PB1,1395,7654,1,2,0,7657,A
2-PB1,1396,0,7647,1,3,7651,T
2-PB1,1397,1,7600,0,3,7604,T
2-PB1,1398,26,1,0,7788,7815,C
2-PB1,1399,2,7762,0,4,7768,T
2-PB1,1400,7767,2,1,1,7771,A
2-PB1,1401,0,4,0,7757,7761,C
2-PB1,1402,7624,1,7,1,7633,A
2-PB1,1403,1,9,7621,0,7631,G
2-PB1,1404,0,29,7475,0,7504,G
2-PB1,1405,7553,0,15,0,7568,A
2-PB1,1406,1,1,2,7541,7545,C
2-PB1,1407,11,1,0,7354,7366,C
2-PB1,1408,3,7279,3,8,7293,T
2-PB1,1409,0,1,7299,0,7300,G
2-PB1,1410,5,2,0,7276,7283,C
2-PB1,1411,7305,1,3,0,7309,A
2-PB1,1412,7309,1,13,1,7324,A
2-PB1,1413,0,4,7352,0,7356,G
2-PB1,1414,1,7221,1,4,7227,T
2-PB1,1415,0,7231,1,2,7234,T
2-PB1,1416,7131,0,1,1,7133,A
2-PB1,1417,14,1,7146,0,7161,G
2-PB1,1418,0,7115,2,9,7126,T
2-PB1,1419,2,16,7104,0,7122,G
2-PB1,1420,6,5,7098,0,7109,G
2-PB1,1421,2,18,7110,1,7131,G
2-PB1,1422,7094,3,18,0,7115,A
2-PB1,1423,7138,0,1,0,7139,A
2-PB1,1424,3,7118,1,3,7125,T
2-PB1,1425,35,2,0,7097,7134,C
2-PB1,1426,7123,0,4,1,7128,A
2-PB1,1427,7137,1,3,0,7141,A
2-PB1,1428,3,3,1,7126,7133,C
2-PB1,1429,7110,4,4,0,7118,A
2-PB1,1430,1,6946,1,2,6950,T
2-PB1,1431,0,23,6961,0,6984,G
2-PB1,1432,6962,0,6,0,6968,A
2-PB1,1433,2,2,7001,0,7005,G
2-PB1,1434,3,1,0,6959,6963,C
2-PB1,1435,6943,2,2,0,6947,A
2-PB1,1436,6956,0,0,1,6957,A
2-PB1,1437,6964,1,2,1,6968,A
2-PB1,1438,7018,0,1,0,7019,A
2-PB1,1439,7009,3,1,1,7014,A
2-PB1,1440,0,6,7009,0,7015,G
2-PB1,1441,6923,0,11,2,6936,A
2-PB1,1442,6844,0,13,1,6858,A
2-PB1,1443,1,0,7115,0,7116,G
2-PB1,1444,1,7104,0,3,7108,T
2-PB1,1445,29,0,1,7067,7097,C
2-PB1,1446,17,0,2,7101,7120,C
2-PB1,1447,0,7073,0,15,7088,T
2-PB1,1448,7170,0,3,1,7174,A
2-PB1,1449,0,7153,0,1,7154,T
2-PB1,1450,7166,2,0,0,7168,A
2-PB1,1451,3,7163,0,0,7166,T
2-PB1,1452,6999,0,1,0,7000,A
2-PB1,1453,7013,1,2,1,7017,A
2-PB1,1454,7007,1,1,0,7009,A
2-PB1,1455,0,6985,0,2,6987,T
2-PB1,1456,6948,0,0,1,6949,A
2-PB1,1457,6907,2,3,0,6912,A
2-PB1,1458,6929,0,3,0,6932,A
2-PB1,1459,6930,1,6,1,6938,A
2-PB1,1460,1,1,0,6943,6945,C
2-PB1,1461,6643,0,12,0,6655,A
2-PB1,1462,3,12,6641,0,6656,G
2-PB1,1463,4,14,6617,0,6635,G
2-PB1,1464,2,12,6623,0,6637,G
2-PB1,1465,6640,2,6,0,6648,A
2-PB1,1466,0,2,0,6678,6680,C
2-PB1,1467,6635,0,1,0,6636,A
2-PB1,1468,0,6665,1,3,6669,T
2-PB1,1469,0,6652,0,4,6656,T
2-PB1,1470,0,6668,0,12,6680,T
2-PB1,1471,2,23,6652,0,6677,G
2-PB1,1472,6634,1,1,0,6636,A
2-PB1,1473,6622,2,5,1,6630,A
2-PB1,1474,0,6633,0,1,6634,T
2-PB1,1475,0,6502,1,1,6504,T
2-PB1,1476,18,5,2,6495,6520,C
2-PB1,1477,6464,4,0,0,6468,A
2-PB1,1478,1,0,0,6468,6469,C
2-PB1,1479,0,6460,0,1,6461,T
2-PB1,1480,6466,1,4,0,6471,A
2-PB1,1481,0,1,6468,0,6469,G
2-PB1,1482,5,2,1,6459,6467,C
2-PB1,1483,0,6387,1,17,6405,T
2-PB1,1484,1,6467,0,1,6469,T
2-PB1,1485,2,6456,0,11,6469,T
2-PB1,1486,2,6455,1,1,6459,T
2-PB1,1487,0,6447,1,1,6449,T
2-PB1,1488,0,6454,0,2,6456,T
2-PB1,1489,0,6418,0,1,6419,T
2-PB1,1490,6402,2,2,0,6406,A
2-PB1,1491,2,6378,0,2,6382,T
2-PB1,1492,11,3,0,6374,6388,C
2-PB1,1493,1,8,6405,0,6414,G
2-PB1,1494,6576,0,1,0,6577,A
2-PB1,1495,1,6588,0,3,6592,T
2-PB1,1496,6577,2,1,1,6581,A
2-PB1,1497,2,6624,0,4,6630,T
2-PB1,1498,0,13,6610,1,6624,G
2-PB1,1499,8,12,6633,1,6654,G
2-PB1,1500,6654,1,6,1,6662,A
2-PB1,1501,1,6604,7,3,6615,T
2-PB1,1502,0,6571,0,2,6573,T
2-PB1,1503,1,6344,1,14,6360,T
2-PB1,1504,1,0,6367,0,6368,G
2-PB1,1505,1,6334,0,5,6340,T
2-PB1,1506,0,7,6307,0,6314,G
2-PB1,1507,2,0,6327,0,6329,G
2-PB1,1508,0,4,0,6262,6266,C
2-PB1,1509,0,6261,0,4,6265,T
2-PB1,1510,6288,1,2,0,6291,A
2-PB1,1511,6324,2,0,0,6326,A
2-PB1,1512,1,6347,0,10,6358,T
2-PB1,1513,0,6362,0,4,6366,T
2-PB1,1514,0,6367,1,2,6370,T
2-PB1,1515,0,6368,0,2,6370,T
2-PB1,1516,6364,0,5,1,6370,A
2-PB1,1517,1,0,6422,0,6423,G
2-PB1,1518,2,2,1,6412,6417,C
2-PB1,1519,6387,2,2,0,6391,A
2-PB1,1520,0,6318,0,6,6324,T
2-PB1,1521,1,6,6235,0,6242,G
2-PB1,1522,1,10,6314,0,6325,G
2-PB1,1523,6305,0,6,0,6311,A
2-PB1,1524,1,1,6322,0,6324,G
2-PB1,1525,2,2,0,6289,6293,C
2-PB1,1526,1,6192,0,7,6200,T
2-PB1,1527,3,3,6255,0,6261,G
2-PB1,1528,1,1,0,6230,6232,C
2-PB1,1529,13,4,1,6196,6214,C
2-PB1,1530,15,4,1,6225,6245,C
2-PB1,1531,6044,0,5,3,6052,A
2-PB1,1532,2,1,6310,0,6313,G
2-PB1,1533,0,6291,1,1,6293,T
2-PB1,1534,0,6289,1,2,6292,T
2-PB1,1535,0,6282,0,4,6286,T
2-PB1,1536,1,6187,1,2,6191,T
2-PB1,1537,0,7,6168,0,6175,G
2-PB1,1538,5,12,6160,1,6178,G
2-PB1,1539,6156,1,8,0,6165,A
2-PB1,1540,1,1,6166,0,6168,G
2-PB1,1541,0,5702,1,1,5704,T
2-PB1,1542,5686,0,0,0,5686,A
2-PB1,1543,0,5835,1,2,5838,T
2-PB1,1544,6,1,0,5841,5848,C
2-PB1,1545,0,5846,1,3,5850,T
2-PB1,1546,5,3,5876,1,5885,G
2-PB1,1547,3,11,5903,0,5917,G
2-PB1,1548,5907,0,5,0,5912,A
2-PB1,1549,5927,0,2,0,5929,A
2-PB1,1550,1,5904,0,5,5910,T
2-PB1,1551,5692,1,2,0,5695,A
2-PB1,1552,5688,0,4,0,5692,A
2-PB1,1553,5684,1,7,0,5692,A
2-PB1,1554,0,2,0,5703,5705,C
2-PB1,1555,5,19,5604,0,5628,G
2-PB1,1556,5555,1,3,0,5559,A
2-PB1,1557,1,0,5550,0,5551,G
2-PB1,1558,0,5529,0,3,5532,T
2-PB1,1559,26,0,0,5528,5554,C
2-PB1,1560,5526,0,3,0,5529,A
2-PB1,1561,2,2,5607,0,5611,G
2-PB1,1562,3,2,1,5597,5603,C
2-PB1,1563,0,5588,0,5,5593,T
2-PB1,1564,4,8,5757,1,5770,G
2-PB1,1565,5717,1,6,0,5724,A
2-PB1,1566,0,5719,1,0,5720,T
2-PB1,1567,5728,0,5,1,5734,A
2-PB1,1568,1,5636,0,2,5639,T
2-PB1,1569,1,21,5647,0,5669,G
2-PB1,1570,5426,1,7,0,5434,A
2-PB1,1571,1,1,5515,1,5518,G
2-PB1,1572,3,2,1,5516,5522,C
2-PB1,1573,5129,2,2,0,5133,A
2-PB1,1574,0,5120,0,2,5122,T
2-PB1,1575,0,5114,0,3,5117,T
2-PB1,1576,0,3,5162,0,5165,G
2-PB1,1577,1,11,5308,1,5321,G
2-PB1,1578,5206,1,7,0,5214,A
2-PB1,1579,0,2,5238,0,5240,G
2-PB1,1580,0,5018,0,5,5023,T
2-PB1,1581,5003,0,5,0,5008,A
2-PB1,1582,5013,1,2,0,5016,A
2-PB1,1583,0,1,0,5045,5046,C
2-PB1,1584,4988,0,5,0,4993,A
2-PB1,1585,1,2,5065,0,5068,G
2-PB1,1586,0,4448,0,1,4449,T
2-PB1,1587,1,6,4474,0,4481,G
2-PB1,1588,4513,2,5,0,4520,A
2-PB1,1589,1,4511,0,1,4513,T
2-PB1,1590,4504,1,0,0,4505,A
2-PB1,1591,4506,0,1,0,4507,A
2-PB1,1592,4345,2,12,0,4359,A
2-PB1,1593,0,10,4388,1,4399,G
2-PB1,1594,4170,2,2,1,4175,A
2-PB1,1595,4161,0,6,0,4167,A
2-PB1,1596,1,0,0,4174,4175,C
2-PB1,1597,4001,0,4,1,4006,A
2-PB1,1598,4029,2,3,2,4036,A
2-PB1,1599,0,2,0,4054,4056,C
2-PB1,1600,4082,0,3,0,4085,A
2-PB1,1601,0,4083,9,1,4093,T
2-PB1,1602,0,9,3989,0,3998,G
2-PB1,1603,3994,1,5,0,4000,A
2-PB1,1604,1,3998,0,0,3999,T
2-PB1,1605,3945,0,1,1,3947,A
2-PB1,1606,3967,1,2,0,3970,A
2-PB1,1607,3934,1,1,0,3936,A
2-PB1,1608,1,0,0,3945,3946,C
2-PB1,1609,3740,2,2,0,3744,A
2-PB1,1610,3733,2,0,0,3735,A
2-PB1,1611,0,3639,1,0,3640,T
2-PB1,1612,1,18,3623,0,3642,G
2-PB1,1613,3729,1,3,0,3733,A
2-PB1,1614,1,2,0,3766,3769,C
2-PB1,1615,2,1,0,3702,3705,C
2-PB1,1616,1,3570,1,1,3573,T
2-PB1,1617,2,3480,0,3,3485,T
2-PB1,1618,1,7,3483,0,3491,G
2-PB1,1619,0,14,3497,0,3511,G
2-PB1,1620,3542,2,6,0,3550,A
2-PB1,1621,3,1,0,3536,3540,C
2-PB1,1622,2,0,1,3494,3497,C
2-PB1,1623,3469,1,2,0,3472,A
2-PB1,1624,3,1,3522,0,3526,G
2-PB1,1625,3,3,0,3527,3533,C
2-PB1,1626,3529,0,2,0,3531,A
2-PB1,1627,3522,2,1,0,3525,A
2-PB1,1628,1,0,0,3508,3509,C
2-PB1,1629,3479,0,1,0,3480,A
2-PB1,1630,0,0,3553,0,3553,G
2-PB1,1631,2,0,1,3545,3548,C
2-PB1,1632,8,1,1,3548,3558,C
2-PB1,1633,7,1,0,3534,3542,C
2-PB1,1634,3538,0,3,0,3541,A
2-PB1,1635,3538,0,0,0,3538,A
2-PB1,1636,3537,2,1,0,3540,A
2-PB1,1637,0,3544,0,0,3544,T
2-PB1,1638,0,8,3516,0,3524,G
2-PB1,1639,6,2,3501,0,3509,G
2-PB1,1640,1,0,0,3510,3511,C
2-PB1,1641,1,3483,0,4,3488,T
2-PB1,1642,4,0,0,3571,3575,C
2-PB1,1643,4,3543,0,12,3559,T
2-PB1,1644,7,2,0,3589,3598,C
2-PB1,1645,6,2,0,3589,3597,C
2-PB1,1646,3602,1,1,0,3604,A
2-PB1,1647,3610,0,0,1,3611,A
2-PB1,1648,0,3588,0,10,3598,T
2-PB1,1649,2,3557,1,0,3560,T
2-PB1,1650,1,2,3581,0,3584,G
2-PB1,1651,0,3494,0,8,3502,T
2-PB1,1652,0,3508,0,2,3510,T
2-PB1,1653,19,6,1,3493,3519,C
2-PB1,1654,3498,0,2,0,3500,A
2-PB1,1655,0,3505,0,4,3509,T
2-PB1,1656,4,0,0,3505,3509,C
2-PB1,1657,3514,1,2,0,3517,A
2-PB1,1658,3519,0,1,0,3520,A
2-PB1,1659,3507,1,3,0,3511,A
2-PB1,1660,1,3,3587,0,3591,G
2-PB1,1661,3592,0,2,0,3594,A
2-PB1,1662,0,3593,0,0,3593,T
2-PB1,1663,0,3598,0,0,3598,T
2-PB1,1664,3614,0,0,0,3614,A
2-PB1,1665,0,1,0,3690,3691,C
2-PB1,1666,3689,0,3,0,3692,A
2-PB1,1667,0,5,3722,0,3727,G
2-PB1,1668,3716,1,1,1,3719,A
2-PB1,1669,0,3789,0,1,3790,T
2-PB1,1670,3810,0,0,0,3810,A
2-PB1,1671,2,0,0,4001,4003,C
2-PB1,1672,4092,0,4,0,4096,A
2-PB1,1673,1,0,0,4352,4353,C
2-PB1,1674,4286,0,0,0,4286,A
2-PB1,1675,0,4317,0,1,4318,T
2-PB1,1676,4282,2,1,0,4285,A
2-PB1,1677,1,4281,0,1,4283,T
2-PB1,1678,4173,1,5,1,4180,A
2-PB1,1679,0,5,4176,0,4181,G
2-PB1,1680,1,0,4133,0,4134,G
2-PB1,1681,0,3952,0,1,3953,T
2-PB1,1682,0,3,3879,0,3882,G
2-PB1,1683,5,2,0,4018,4025,C
2-PB1,1684,10,2,0,4004,4016,C
2-PB1,1685,4069,0,1,0,4070,A
2-PB1,1686,0,4072,0,1,4073,T
2-PB1,1687,4082,0,1,0,4083,A
2-PB1,1688,1,9,4090,0,4100,G
2-PB1,1689,4005,2,9,0,4016,A
2-PB1,1690,0,3,4039,1,4043,G
2-PB1,1691,1,8,4015,1,4025,G
2-PB1,1692,3877,1,2,1,3881,A
2-PB1,1693,2,9,3882,0,3893,G
2-PB1,1694,3856,0,8,0,3864,A
2-PB1,1695,2,0,0,3878,3880,C
2-PB1,1696,3870,2,6,0,3878,A
2-PB1,1697,1,0,0,3898,3899,C
2-PB1,1698,3907,0,1,0,3908,A
2-PB1,1699,0,2,1,3901,3904,C
2-PB1,1700,3883,0,0,0,3883,A
2-PB1,1701,3900,0,3,0,3903,A
2-PB1,1702,3914,1,2,1,3918,A
2-PB1,1703,3,3912,0,2,3917,T
2-PB1,1704,9,0,0,3913,3922,C
2-PB1,1705,2,2,0,3919,3923,C
2-PB1,1706,3882,1,3,0,3886,A
2-PB1,1707,0,3,3902,0,3905,G
2-PB1,1708,3893,0,4,0,3897,A
2-PB1,1709,0,9,0,3921,3930,C
2-PB1,1710,0,15,3904,0,3919,G
2-PB1,1711,3908,0,1,0,3909,A
2-PB1,1712,1,9,3904,0,3914,G
2-PB1,1713,3917,0,0,0,3917,A
2-PB1,1714,3911,0,6,0,3917,A
2-PB1,1715,3,6,3921,0,3930,G
2-PB1,1716,3916,1,1,0,3918,A
2-PB1,1717,1,3916,0,3,3920,T
2-PB1,1718,10,1,0,3883,3894,C
2-PB1,1719,3900,1,3,0,3904,A
2-PB1,1720,0,3894,1,3,3898,T
2-PB1,1721,1,3890,0,0,3891,T
2-PB1,1722,9,0,0,3886,3895,C
2-PB1,1723,1,8,3895,0,3904,G
2-PB1,1724,3876,1,3,1,3881,A
2-PB1,1725,0,1,3883,0,3884,G
2-PB1,1726,3857,0,3,0,3860,A
2-PB1,1727,1,3973,0,0,3974,T
2-PB1,1728,3981,0,4,1,3986,A
2-PB1,1729,3995,1,1,1,3998,A
2-PB1,1730,3987,0,8,0,3995,A
2-PB1,1731,0,6,4006,0,4012,G
2-PB1,1732,3990,0,3,1,3994,A
2-PB1,1733,3950,1,1,0,3952,A
2-PB1,1734,3896,1,3,1,3901,A
2-PB1,1735,8,0,0,3942,3950,C
2-PB1,1736,3,3942,0,1,3946,T
2-PB1,1737,0,0,3959,0,3959,G
2-PB1,1738,1,3933,0,3,3937,T
2-PB1,1739,1,15,3911,0,3927,G
2-PB1,1740,1,3,3916,0,3920,G
2-PB1,1741,3,8,3943,2,3956,G
2-PB1,1742,3971,1,2,0,3974,A
2-PB1,1743,0,3965,0,1,3966,T
2-PB1,1744,9,0,0,3939,3948,C
2-PB1,1745,3947,1,2,0,3950,A
2-PB1,1746,3967,0,5,3,3975,A
2-PB1,1747,4003,0,1,1,4005,A
2-PB1,1748,2,3,0,4008,4013,C
2-PB1,1749,3,0,0,3992,3995,C
2-PB1,1750,10,1,0,3965,3976,C
2-PB1,1751,3969,0,2,0,3971,A
2-PB1,1752,4050,0,1,1,4052,A
2-PB1,1753,0,4045,0,0,4045,T
2-PB1,1754,7,2,0,4036,4045,C
2-PB1,1755,4004,2,1,1,4008,A
2-PB1,1756,3984,0,8,1,3993,A
2-PB1,1757,0,7,4040,0,4047,G
2-PB1,1758,0,5,4036,1,4042,G
2-PB1,1759,0,1,4046,0,4047,G
2-PB1,1760,3,2,1,4031,4037,C
2-PB1,1761,3960,0,3,0,3963,A
2-PB1,1762,1,7,4094,0,4102,G
2-PB1,1763,1,8,4125,1,4135,G
2-PB1,1764,4138,0,4,1,4143,A
2-PB1,1765,1,2,0,4186,4189,C
2-PB1,1766,0,4138,0,2,4140,T
2-PB1,1767,4230,2,2,0,4234,A
2-PB1,1768,1,4226,0,3,4230,T
2-PB1,1769,0,4232,0,0,4232,T
2-PB1,1770,0,7,4232,0,4239,G
2-PB1,1771,1,2,4235,0,4238,G
2-PB1,1772,0,4169,0,3,4172,T
2-PB1,1773,4172,1,2,0,4175,A
2-PB1,1774,0,4101,0,5,4106,T
2-PB1,1775,9,0,0,4109,4118,C
2-PB1,1776,4017,0,0,0,4017,A
2-PB1,1777,1,3,4056,0,4060,G
2-PB1,1778,4061,0,2,0,4063,A
2-PB1,1779,2,4018,0,2,4022,T
2-PB1,1780,1,12,3865,0,3878,G
2-PB1,1781,1,5,3872,0,3878,G
2-PB1,1782,1,11,3863,0,3875,G
2-PB1,1783,2,7,3875,0,3884,G
2-PB1,1784,0,13,3887,0,3900,G
2-PB1,1785,3887,1,5,0,3893,A
2-PB1,1786,2,2,0,3859,3863,C
2-PB1,1787,4,2,0,3855,3861,C
2-PB1,1788,3857,0,2,2,3861,A
2-PB1,1789,4153,0,2,0,4155,A
2-PB1,1790,4172,0,0,0,4172,A
2-PB1,1791,1,0,0,4263,4264,C
2-PB1,1792,0,4226,2,7,4235,T
2-PB1,1793,0,4222,0,0,4222,T
2-PB1,1794,4229,1,11,0,4241,A
2-PB1,1795,1,4236,0,4,4241,T
2-PB1,1796,4248,0,2,0,4250,A
2-PB1,1797,0,0,1,4252,4253,C
2-PB1,1798,3946,0,0,1,3947,A
2-PB1,1799,3952,1,0,0,3953,A
2-PB1,1800,0,3866,1,0,3867,T
2-PB1,1801,3919,0,0,0,3919,A
2-PB1,1802,1,3905,0,1,3907,T
2-PB1,1803,4,0,1,3890,3895,C
2-PB1,1804,3,0,0,3902,3905,C
2-PB1,1805,2,5,3902,0,3909,G
2-PB1,1806,1,10,3901,0,3912,G
2-PB1,1807,3909,1,4,0,3914,A
2-PB1,1808,3904,1,1,2,3908,A
2-PB1,1809,0,3905,0,1,3906,T
2-PB1,1810,4,2,0,3915,3921,C
2-PB1,1811,1,3904,2,6,3913,T
2-PB1,1812,0,3942,0,3,3945,T
2-PB1,1813,5,1,0,3936,3942,C
2-PB1,1814,3935,0,3,0,3938,A
2-PB1,1815,0,1,0,3955,3956,C
2-PB1,1816,3938,0,2,1,3941,A
2-PB1,1817,0,4242,0,5,4247,T
2-PB1,1818,7,7,1,4236,4251,C
2-PB1,1819,8,0,0,4252,4260,C
2-PB1,1820,7,4,0,4274,4285,C
2-PB1,1821,1,4268,0,3,4272,T
2-PB1,1822,2,4,4268,0,4274,G
2-PB1,1823,4267,0,1,0,4268,A
2-PB1,1824,4258,0,1,0,4259,A
2-PB1,1825,2,1,4277,0,4280,G
2-PB1,1826,0,4021,0,3,4024,T
2-PB1,1827,7,0,0,4017,4024,C
2-PB1,1828,0,3951,0,4,3955,T
2-PB1,1829,3,1,4052,0,4056,G
2-PB1,1830,0,1,0,4053,4054,C
2-PB1,1831,1,4046,0,8,4055,T
2-PB1,1832,1,4057,0,2,4060,T
2-PB1,1833,4050,1,2,0,4053,A
2-PB1,1834,4055,0,0,1,4056,A
2-PB1,1835,4077,0,2,0,4079,A
2-PB1,1836,0,3,4095,0,4098,G
2-PB1,1837,0,4062,0,3,4065,T
2-PB1,1838,2,9,3986,0,3997,G
2-PB1,1839,0,6,3983,0,3989,G
2-PB1,1840,0,11,3996,0,4007,G
2-PB1,1841,3990,1,6,1,3998,A
2-PB1,1842,1,2,4004,0,4007,G
2-PB1,1843,6,1,0,4006,4013,C
2-PB1,1844,0,3987,1,2,3990,T
2-PB1,1845,0,12,3989,1,4002,G
2-PB1,1846,3994,0,4,0,3998,A
2-PB1,1847,0,3996,0,1,3997,T
2-PB1,1848,3,3,3994,0,4000,G
2-PB1,1849,1,4,4011,1,4017,G
2-PB1,1850,4000,1,6,1,4008,A
2-PB1,1851,0,3988,0,2,3990,T
2-PB1,1852,2,13,3971,0,3986,G
2-PB1,1853,3971,1,6,1,3979,A
2-PB1,1854,2,9,4029,0,4040,G
2-PB1,1855,4030,0,2,2,4034,A
2-PB1,1856,4030,0,3,1,4034,A
2-PB1,1857,0,4029,0,5,4034,T
2-PB1,1858,1,4014,0,0,4015,T
2-PB1,1859,4019,0,3,0,4022,A
2-PB1,1860,1,4011,0,1,4013,T
2-PB1,1861,6,5,0,3996,4007,C
2-PB1,1862,9,7,4007,0,4023,G
2-PB1,1863,3,7,3981,1,3992,G
2-PB1,1864,2,4,3976,0,3982,G
2-PB1,1865,2,4,3990,0,3996,G
2-PB1,1866,3984,0,1,0,3985,A
2-PB1,1867,3977,3,9,0,3989,A
2-PB1,1868,0,7,4004,0,4011,G
2-PB1,1869,4051,0,1,1,4053,A
2-PB1,1870,0,0,0,4073,4073,C
2-PB1,1871,0,4041,0,1,4042,T
2-PB1,1872,0,4111,0,1,4112,T
2-PB1,1873,2,4119,0,2,4123,T
2-PB1,1874,2,2,4151,0,4155,G
2-PB1,1875,2,4149,0,3,4154,T
2-PB1,1876,4127,0,3,0,4130,A
2-PB1,1877,4115,1,3,1,4120,A
2-PB1,1878,0,4049,0,1,4050,T
2-PB1,1879,4,0,0,4061,4065,C
2-PB1,1880,7,0,0,4049,4056,C
2-PB1,1881,11,1,0,4029,4041,C
2-PB1,1882,6,0,0,4065,4071,C
2-PB1,1883,1,4038,0,8,4047,T
2-PB1,1884,2,9,4047,1,4059,G
2-PB1,1885,4051,0,0,0,4051,A
2-PB1,1886,4069,0,2,0,4071,A
2-PB1,1887,0,4066,0,1,4067,T
2-PB1,1888,6,0,0,4034,4040,C
2-PB1,1889,7,2,0,4017,4026,C
2-PB1,1890,10,0,1,3993,4004,C
2-PB1,1891,1,3982,1,9,3993,T
2-PB1,1892,1,4003,0,1,4005,T
2-PB1,1893,0,3994,0,1,3995,T
2-PB1,1894,2,1,3998,1,4002,G
2-PB1,1895,1,3987,2,4,3994,T
2-PB1,1896,11,0,1,3972,3984,C
2-PB1,1897,3954,1,1,0,3956,A
2-PB1,1898,0,4,3996,0,4000,G
2-PB1,1899,1,1,0,4005,4007,C
2-PB1,1900,9,2,0,3984,3995,C
2-PB1,1901,4011,0,0,0,4011,A
2-PB1,1902,0,4006,0,1,4007,T
2-PB1,1903,4011,0,0,0,4011,A
2-PB1,1904,4006,1,3,0,4010,A
2-PB1,1905,4003,1,3,1,4008,A
2-PB1,1906,0,6,4019,0,4025,G
2-PB1,1907,3939,1,1,0,3941,A
2-PB1,1908,3940,0,11,0,3951,A
2-PB1,1909,3948,1,1,1,3951,A
2-PB1,1910,1,3945,0,2,3948,T
2-PB1,1911,0,3942,0,2,3944,T
2-PB1,1912,1,13,3927,1,3942,G
2-PB1,1913,3929,0,1,1,3931,A
2-PB1,1914,3885,0,1,0,3886,A
2-PB1,1915,1,4001,0,0,4002,T
2-PB1,1916,7,0,0,4021,4028,C
2-PB1,1917,0,4025,1,6,4032,T
2-PB1,1918,1,2,4096,0,4099,G
2-PB1,1919,1,4095,1,0,4097,T
2-PB1,1920,4137,0,1,0,4138,A
2-PB1,1921,4122,0,6,1,4129,A
2-PB1,1922,4125,0,2,1,4128,A
2-PB1,1923,1,1,0,4139,4141,C
2-PB1,1924,4013,0,0,0,4013,A
2-PB1,1925,4111,0,0,0,4111,A
2-PB1,1926,2,4103,0,1,4106,T
2-PB1,1927,0,1,4084,2,4087,G
2-PB1,1928,0,0,0,4130,4130,C
2-PB1,1929,0,4085,0,3,4088,T
2-PB1,1930,1,3,4240,0,4244,G
2-PB1,1931,0,4240,0,4,4244,T
2-PB1,1932,4314,1,2,0,4317,A
2-PB1,1933,0,2,4325,0,4327,G
2-PB1,1934,0,4227,1,0,4228,T
2-PB1,1935,4218,0,0,0,4218,A
2-PB1,1936,4194,1,0,0,4195,A
2-PB1,1937,0,4164,0,0,4164,T
2-PB1,1938,1,2,4147,0,4150,G
2-PB1,1939,2,0,0,4096,4098,C
2-PB1,1940,5,4,0,4033,4042,C
2-PB1,1941,3971,0,4,0,3975,A
2-PB1,1942,0,1,3998,0,3999,G
2-PB1,1943,1,2,0,4108,4111,C
2-PB1,1944,5,1,0,4096,4102,C
2-PB1,1945,14,0,1,4066,4081,C
2-PB1,1946,4062,0,2,1,4065,A
2-PB1,1947,0,4062,1,1,4064,T
2-PB1,1948,1,8,4053,0,4062,G
2-PB1,1949,0,2,4064,0,4066,G
2-PB1,1950,2,4037,0,3,4042,T
2-PB1,1951,4,2,0,4008,4014,C
2-PB1,1952,7,1,0,3864,3872,C
2-PB1,1953,3,6,3919,0,3928,G
2-PB1,1954,1,0,3930,0,3931,G
2-PB1,1955,2,1,1,3912,3916,C
2-PB1,1956,3,0,0,3930,3933,C
2-PB1,1957,3920,0,0,0,3920,A
2-PB1,1958,3927,0,1,0,3928,A
2-PB1,1959,3937,0,0,0,3937,A
2-PB1,1960,3946,0,1,0,3947,A
2-PB1,1961,0,1,4014,0,4015,G
2-PB1,1962,0,3913,0,0,3913,T
2-PB1,1963,3926,1,0,0,3927,A
2-PB1,1964,0,3925,0,1,3926,T
2-PB1,1965,0,2,3930,0,3932,G
2-PB1,1966,2,6,3990,0,3998,G
2-PB1,1967,3969,0,1,0,3970,A
2-PB1,1968,4018,0,4,4,4026,A
2-PB1,1969,0,4005,1,1,4007,T
2-PB1,1970,3955,0,0,0,3955,A
2-PB1,1971,0,3941,0,2,3943,T
2-PB1,1972,2,7,3907,1,3917,G
2-PB1,1973,3929,0,1,0,3930,A
2-PB1,1974,0,3902,0,3,3905,T
2-PB1,1975,0,0,3815,0,3815,G
2-PB1,1976,0,2,0,3822,3824,C
2-PB1,1977,7,1,0,3775,3783,C
2-PB1,1978,3,0,3817,0,3820,G
2-PB1,1979,0,3804,0,3,3807,T
2-PB1,1980,0,3809,0,3,3812,T
2-PB1,1981,0,2,3803,2,3807,G
2-PB1,1982,2,0,0,3836,3838,C
2-PB1,1983,3842,0,0,1,3843,A
2-PB1,1984,3838,1,2,0,3841,A
2-PB1,1985,2,0,0,3838,3840,C
2-PB1,1986,7,2,1,3763,3773,C
2-PB1,1987,3874,0,0,0,3874,A
2-PB1,1988,0,1,0,3871,3872,C
2-PB1,1989,3871,0,3,1,3875,A
2-PB1,1990,1,0,0,3876,3877,C
2-PB1,1991,3806,0,1,0,3807,A
2-PB1,1992,2,0,1,4112,4115,C
2-PB1,1993,0,4021,0,4,4025,T
2-PB1,1994,10,0,0,4051,4061,C
2-PB1,1995,4,0,0,4052,4056,C
2-PB1,1996,0,4038,0,3,4041,T
2-PB1,1997,0,2,4041,1,4044,G
2-PB1,1998,1,3,4036,0,4040,G
2-PB1,1999,4030,2,0,0,4032,A
2-PB1,2000,2,4016,0,5,4023,T
2-PB1,2001,0,3654,0,1,3655,T
2-PB1,2002,7,2,1,3681,3691,C
2-PB1,2003,4,1,0,3661,3666,C
2-PB1,2004,7,0,0,3682,3689,C
2-PB1,2005,3694,2,1,0,3697,A
2-PB1,2006,3680,0,4,0,3684,A
2-PB1,2007,0,7,3683,0,3690,G
2-PB1,2008,3665,2,7,0,3674,A
2-PB1,2009,0,2,3667,1,3670,G
2-PB1,2010,0,11,3680,0,3691,G
2-PB1,2011,3633,0,3,0,3636,A
2-PB1,2012,3635,0,5,0,3640,A
2-PB1,2013,1,1,0,3631,3633,C
2-PB1,2014,2,0,0,3619,3621,C
2-PB1,2015,2,0,3662,0,3664,G
2-PB1,2016,0,0,0,3657,3657,C
2-PB1,2017,0,3639,0,2,3641,T
2-PB1,2018,9,1,0,3653,3663,C
2-PB1,2019,1,3648,0,1,3650,T
2-PB1,2020,3859,0,0,0,3859,A
2-PB1,2021,0,3858,0,4,3862,T
2-PB1,2022,1,3868,0,2,3871,T
2-PB1,2023,7,0,1,3871,3879,C
2-PB1,2024,0,3729,0,2,3731,T
2-PB1,2025,3736,0,0,0,3736,A
2-PB1,2026,3736,0,1,0,3737,A
2-PB1,2027,3738,1,2,0,3741,A
2-PB1,2028,1,1,0,3745,3747,C
2-PB1,2029,3496,1,0,0,3497,A
2-PB1,2030,1,0,0,3499,3500,C
2-PB1,2031,3438,0,5,1,3444,A
2-PB1,2032,3458,0,10,1,3469,A
2-PB1,2033,0,0,3488,0,3488,G
2-PB1,2034,0,1,0,3478,3479,C
2-PB1,2035,4,1,0,3491,3496,C
2-PB1,2036,3458,1,0,0,3459,A
2-PB1,2037,3462,0,1,0,3463,A
2-PB1,2038,3460,0,3,0,3463,A
2-PB1,2039,0,4,3481,0,3485,G
2-PB1,2040,1,5,3469,0,3475,G
2-PB1,2041,1,4,3426,0,3431,G
2-PB1,2042,2,10,3413,0,3425,G
2-PB1,2043,3402,1,1,0,3404,A
2-PB1,2044,3408,1,0,1,3410,A
2-PB1,2045,0,3406,1,2,3409,T
2-PB1,2046,0,3415,0,1,3416,T
2-PB1,2047,6,1,0,3427,3434,C
2-PB1,2048,1,3397,1,1,3400,T
2-PB1,2049,0,3393,0,2,3395,T
2-PB1,2050,0,4,3398,0,3402,G
2-PB1,2051,3396,0,4,0,3400,A
2-PB1,2052,0,3,3404,0,3407,G
2-PB1,2053,1,3,3394,0,3398,G
2-PB1,2054,3398,2,0,1,3401,A
2-PB1,2055,1,3371,1,0,3373,T
2-PB1,2056,0,16,3351,9,3376,G
2-PB1,2057,3371,0,1,0,3372,A
2-PB1,2058,3365,1,3,0,3369,A
2-PB1,2059,0,4,1,3383,3388,C
2-PB1,2060,3337,2,1,0,3340,A
2-PB1,2061,0,4,3371,0,3375,G
2-PB1,2062,3341,2,3,0,3346,A
2-PB1,2063,1,3349,0,1,3351,T
2-PB1,2064,1,0,3366,0,3367,G
2-PB1,2065,0,3418,1,1,3420,T
2-PB1,2066,3419,0,7,0,3426,A
2-PB1,2067,4,2,0,3411,3417,C
2-PB1,2068,8,0,0,3382,3390,C
2-PB1,2069,3348,0,14,0,3362,A
2-PB1,2070,0,1,3318,0,3319,G
2-PB1,2071,3263,0,3,0,3266,A
2-PB1,2072,3258,1,0,0,3259,A
2-PB1,2073,0,0,3278,0,3278,G
2-PB1,2074,0,3082,0,0,3082,T
2-PB1,2075,2,1,3084,0,3087,G
2-PB1,2076,1,1,2,3090,3094,C
2-PB1,2077,2,3079,1,7,3089,T
2-PB1,2078,2,2,3081,0,3085,G
2-PB1,2079,1,0,0,3070,3071,C
2-PB1,2080,3068,1,2,0,3071,A
2-PB1,2081,3068,0,8,0,3076,A
2-PB1,2082,0,1,0,3033,3034,C
2-PB1,2083,0,3016,2,3,3021,T
2-PB1,2084,0,2994,0,1,2995,T
2-PB1,2085,0,0,2996,0,2996,G
2-PB1,2086,0,2983,0,4,2987,T
2-PB1,2087,1,2991,0,0,2992,T
2-PB1,2088,13,2,1,2969,2985,C
2-PB1,2089,2,5,2970,0,2977,G
2-PB1,2090,2981,1,2,0,2984,A
2-PB1,2091,0,1,2985,0,2986,G
2-PB1,2092,2979,0,2,0,2981,A
2-PB1,2093,2977,1,1,0,2979,A
2-PB1,2094,2976,0,1,0,2977,A
2-PB1,2095,0,2980,1,0,2981,T
2-PB1,2096,0,2977,1,0,2978,T
2-PB1,2097,1,2969,0,2,2972,T
2-PB1,2098,0,2978,0,1,2979,T
2-PB1,2099,1,2970,1,0,2972,T
2-PB1,2100,5,4,0,2981,2990,C
2-PB1,2101,2,1,1,2977,2981,C
2-PB1,2102,4,0,0,2984,2988,C
2-PB1,2103,0,2978,0,2,2980,T
2-PB1,2104,2983,1,1,0,2985,A
2-PB1,2105,1,1,3001,0,3003,G
2-PB1,2106,0,2998,0,1,2999,T
2-PB1,2107,3029,0,2,0,3031,A
2-PB1,2108,0,0,3050,0,3050,G
2-PB1,2109,1,3024,0,0,3025,T
2-PB1,2110,2,3109,0,4,3115,T
2-PB1,2111,15,2,1,3107,3125,C
2-PB1,2112,3177,0,0,1,3178,A
2-PB1,2113,0,3178,0,2,3180,T
2-PB1,2114,3183,0,1,0,3184,A
2-PB1,2115,0,3184,0,2,3186,T
2-PB1,2116,3084,0,2,0,3086,A
2-PB1,2117,0,5,3056,0,3061,G
2-PB1,2118,0,5,3037,0,3042,G
2-PB1,2119,2740,0,2,0,2742,A
2-PB1,2120,0,7,2733,0,2740,G
2-PB1,2121,2566,0,3,0,2569,A
2-PB1,2122,0,0,0,2557,2557,C
2-PB1,2123,5,0,0,2460,2465,C
2-PB1,2124,1,3,2458,1,2463,G
2-PB1,2125,2455,1,0,0,2456,A
2-PB1,2126,0,2447,0,0,2447,T
2-PB1,2127,0,2443,1,1,2445,T
2-PB1,2128,3,2,2440,2,2447,G
2-PB1,2129,0,4,2436,0,2440,G
2-PB1,2130,2444,1,1,0,2446,A
2-PB1,2131,2450,1,0,0,2451,A
2-PB1,2132,1,2444,0,0,2445,T
2-PB1,2133,1,2454,1,1,2457,T
2-PB1,2134,1,2451,0,0,2452,T
2-PB1,2135,0,0,0,2446,2446,C
2-PB1,2136,1,2421,0,28,2450,T
2-PB1,2137,2445,0,1,0,2446,A
2-PB1,2138,4,1,2444,0,2449,G
2-PB1,2139,1,1,0,2445,2447,C
2-PB1,2140,2452,0,0,0,2452,A
2-PB1,2141,0,2430,0,1,2431,T
2-PB1,2142,0,3,2389,0,2392,G
2-PB1,2143,0,1,2451,0,2452,G
2-PB1,2144,0,2446,0,1,2447,T
2-PB1,2145,2,3,2437,0,2442,G
2-PB1,2146,0,3,2437,0,2440,G
2-PB1,2147,2395,0,4,0,2399,A
2-PB1,2148,0,3,2404,0,2407,G
2-PB1,2149,0,0,2403,0,2403,G
2-PB1,2150,2,0,0,2371,2373,C
2-PB1,2151,5,0,0,2346,2351,C
2-PB1,2152,2191,0,2,1,2194,A
2-PB1,2153,1,2184,0,2,2187,T
2-PB1,2154,1,2,2199,0,2202,G
2-PB1,2155,1,1,2217,0,2219,G
2-PB1,2156,1,2155,0,4,2160,T
2-PB1,2157,1,0,2183,0,2184,G
2-PB1,2158,0,2142,0,1,2143,T
2-PB1,2159,2,1,0,2117,2120,C
2-PB1,2160,0,2125,0,2,2127,T
2-PB1,2161,2087,0,2,0,2089,A
2-PB1,2162,0,2,2086,0,2088,G
2-PB1,2163,1,3,2014,0,2018,G
2-PB1,2164,1,0,1993,0,1994,G
2-PB1,2165,0,0,0,1952,1952,C
2-PB1,2166,2,2,0,1849,1853,C
2-PB1,2167,1,0,0,1822,1823,C
2-PB1,2168,0,2,1805,0,1807,G
2-PB1,2169,0,2,1812,0,1814,G
2-PB1,2170,1815,0,0,0,1815,A
2-PB1,2171,0,1810,0,0,1810,T
2-PB1,2172,1,1748,0,0,1749,T
2-PB1,2173,0,4,1730,0,1734,G
2-PB1,2174,1730,1,0,0,1731,A
2-PB1,2175,0,1730,0,1,1731,T
2-PB1,2176,0,0,1729,1,1730,G
2-PB1,2177,0,2,0,1715,1717,C
2-PB1,2178,0,1,0,1703,1704,C
2-PB1,2179,1689,0,1,0,1690,A
2-PB1,2180,0,5,1687,0,1692,G
2-PB1,2181,1683,0,0,0,1683,A
2-PB1,2182,1684,0,1,0,1685,A
2-PB1,2183,0,1674,0,1,1675,T
2-PB1,2184,0,1630,0,0,1630,T
2-PB1,2185,1,4,1624,1,1630,G
2-PB1,2186,1618,0,0,0,1618,A
2-PB1,2187,0,2,0,1613,1615,C
2-PB1,2188,0,1608,0,1,1609,T
2-PB1,2189,0,1598,0,1,1599,T
2-PB1,2190,1,1,0,1583,1585,C
2-PB1,2191,0,4,1580,0,1584,G
2-PB1,2192,1579,0,0,0,1579,A
2-PB1,2193,0,0,1553,1,1554,G
2-PB1,2194,0,1562,0,5,1567,T
2-PB1,2195,3,0,0,1565,1568,C
2-PB1,2196,0,1559,1,4,1564,T
2-PB1,2197,0,0,1566,0,1566,G
2-PB1,2198,0,1,1563,0,1564,G
2-PB1,2199,1565,1,0,0,1566,A
2-PB1,2200,1435,1,4,0,1440,A
2-PB1,2201,1,1,1443,0,1445,G
2-PB1,2202,0,1,1460,0,1461,G
2-PB1,2203,1461,0,1,0,1462,A
2-PB1,2204,0,1453,0,1,1454,T
2-PB1,2205,0,1452,0,0,1452,T
2-PB1,2206,1441,0,0,0,1441,A
2-PB1,2207,1443,0,3,0,1446,A
2-PB1,2208,1,1,1447,0,1449,G
2-PB1,2209,1441,0,0,0,1441,A
2-PB1,2210,1377,0,1,0,1378,A
2-PB1,2211,2,0,1276,0,1278,G
2-PB1,2212,0,3,1276,0,1279,G
2-PB1,2213,1273,0,1,0,1274,A
2-PB1,2214,1270,0,1,0,1271,A
2-PB1,2215,0,3,1273,0,1276,G
2-PB1,2216,1222,0,0,0,1222,A
2-PB1,2217,1,0,1222,0,1223,G
2-PB1,2218,0,1181,0,1,1182,T
2-PB1,2219,0,1175,0,0,1175,T
2-PB1,2220,0,0,0,1190,1190,C
2-PB1,2221,0,1142,0,1,1143,T
2-PB1,2222,2,0,0,1142,1144,C
2-PB1,2223,0,1141,0,1,1142,T
2-PB1,2224,1,2,1133,0,1136,G
2-PB1,2225,1104,1,0,0,1105,A
2-PB1,2226,0,0,1077,0,1077,G
2-PB1,2227,1063,0,0,0,1063,A
2-PB1,2228,0,1033,0,1,1034,T
2-PB1,2229,3,0,0,966,969,C
2-PB1,2230,967,0,2,0,969,A
2-PB1,2231,0,962,0,1,963,T
2-PB1,2232,3,2,961,0,966,G
2-PB1,2233,959,0,3,0,962,A
2-PB1,2234,954,0,1,0,955,A
2-PB1,2235,0,1,941,0,942,G
2-PB1,2236,926,0,1,0,927,A
2-PB1,2237,0,913,0,1,914,T
2-PB1,2238,2,0,0,901,903,C
2-PB1,2239,0,832,0,0,832,T
2-PB1,2240,1,0,835,0,836,G
2-PB1,2241,0,830,0,1,831,T
2-PB1,2242,0,822,0,2,824,T
2-PB1,2243,3,1,0,821,825,C
2-PB1,2244,2,1,0,789,792,C
2-PB1,2245,788,0,1,1,790,A
2-PB1,2246,0,0,0,796,796,C
2-PB1,2247,1,0,0,759,760,C
2-PB1,2248,747,0,0,0,747,A
2-PB1,2249,0,699,0,0,699,T
2-PB1,2250,0,669,0,0,669,T
2-PB1,2251,0,0,672,0,672,G
2-PB1,2252,664,0,2,0,666,A
2-PB1,2253,665,0,0,0,665,A
2-PB1,2254,0,0,662,0,662,G
2-PB1,2255,558,0,1,0,559,A
2-PB1,2256,557,0,2,0,559,A
2-PB1,2257,0,0,0,550,550,C
2-PB1,2258,0,527,0,1,528,T
2-PB1,2259,0,1,0,528,529,C
2-PB1,2260,502,0,0,0,502,A
2-PB1,2261,0,0,501,0,501,G
2-PB1,2262,501,0,0,0,501,A
2-PB1,2263,0,0,0,485,485,C
2-PB1,2264,0,1,478,0,479,G
2-PB1,2265,0,0,469,0,469,G
2-PB1,2266,0,0,0,466,466,C
2-PB1,2267,467,0,1,0,468,A
2-PB1,2268,465,0,2,0,467,A
2-PB1,2269,465,0,1,0,466,A
2-PB1,2270,466,0,0,0,466,A
2-PB1,2271,465,0,0,1,466,A
2-PB1,2272,0,457,0,0,457,T
2-PB1,2273,445,0,0,0,445,A
2-PB1,2274,444,0,0,0,444,A
3-PA,1,153,0,0,0,153,A
3-PA,2,0,154,0,0,154,T
3-PA,3,0,0,173,0,173,G
3-PA,4,0,0,176,0,176,G
3-PA,5,176,0,0,0,176,A
3-PA,6,175,1,0,0,176,A
3-PA,7,1,0,181,0,182,G
3-PA,8,190,0,0,0,190,A
3-PA,9,0,187,0,0,187,T
3-PA,10,0,190,0,0,190,T
3-PA,11,0,196,0,0,196,T
3-PA,12,0,196,0,0,196,T
3-PA,13,0,0,200,0,200,G
3-PA,14,0,199,0,0,199,T
3-PA,15,0,0,198,0,198,G
3-PA,16,2,0,0,200,202,C
3-PA,17,0,1,202,0,203,G
3-PA,18,226,0,0,0,226,A
3-PA,19,0,0,0,230,230,C
3-PA,20,228,0,1,0,229,A
3-PA,21,231,0,0,0,231,A
3-PA,22,0,240,0,1,241,T
3-PA,23,0,0,292,0,292,G
3-PA,24,0,1,0,295,296,C
3-PA,25,0,294,0,0,294,T
3-PA,26,0,294,1,0,295,T
3-PA,27,1,0,0,295,296,C
3-PA,28,298,0,0,0,298,A
3-PA,29,307,0,0,0,307,A
3-PA,30,0,0,0,328,328,C
3-PA,31,0,0,0,327,327,C
3-PA,32,0,0,1,327,328,C
3-PA,33,0,0,335,0,335,G
3-PA,34,336,0,0,0,336,A
3-PA,35,0,337,0,0,337,T
3-PA,36,0,2,337,0,339,G
3-PA,37,341,0,0,0,341,A
3-PA,38,0,345,1,0,346,T
3-PA,39,0,346,0,0,346,T
3-PA,40,0,0,348,0,348,G
3-PA,41,0,348,0,0,348,T
3-PA,42,1,0,0,349,350,C
3-PA,43,0,0,348,0,348,G
3-PA,44,354,0,0,0,354,A
3-PA,45,353,0,0,0,353,A
3-PA,46,0,0,1,352,353,C
3-PA,47,0,352,0,1,353,T
3-PA,48,0,354,0,0,354,T
3-PA,49,0,0,354,0,354,G
3-PA,50,0,0,0,358,358,C
3-PA,51,355,0,1,0,356,A
3-PA,52,0,1,358,0,359,G
3-PA,53,359,0,0,0,359,A
3-PA,54,359,1,0,0,360,A
3-PA,55,357,0,0,1,358,A
3-PA,56,358,0,2,0,360,A
3-PA,57,361,0,0,0,361,A
3-PA,58,2,0,362,0,364,G
3-PA,59,0,0,0,375,375,C
3-PA,60,374,0,0,0,374,A
3-PA,61,400,0,0,0,400,A
3-PA,62,0,400,0,0,400,T
3-PA,63,2,2,402,0,406,G
3-PA,64,418,0,0,0,418,A
3-PA,65,415,0,0,0,415,A
3-PA,66,424,0,1,0,425,A
3-PA,67,0,2,444,0,446,G
3-PA,68,481,0,1,0,482,A
3-PA,69,1,0,575,0,576,G
3-PA,70,0,582,0,0,582,T
3-PA,71,588,0,0,0,588,A
3-PA,72,0,588,0,0,588,T
3-PA,73,0,0,592,0,592,G
3-PA,74,0,5,587,0,592,G
3-PA,75,0,1,592,0,593,G
3-PA,76,0,0,595,0,595,G
3-PA,77,593,0,0,0,593,A
3-PA,78,0,0,596,0,596,G
3-PA,79,0,0,604,0,604,G
3-PA,80,602,0,0,0,602,A
3-PA,81,0,606,0,1,607,T
3-PA,82,0,0,0,610,610,C
3-PA,83,0,608,0,1,609,T
3-PA,84,0,1,607,0,608,G
3-PA,85,607,0,0,0,607,A
3-PA,86,607,0,0,0,607,A
3-PA,87,606,0,0,0,606,A
3-PA,88,605,1,0,0,606,A
3-PA,89,0,607,0,0,607,T
3-PA,90,0,606,0,0,606,T
3-PA,91,0,2,605,0,607,G
3-PA,92,607,0,0,0,607,A
3-PA,93,607,0,1,0,608,A
3-PA,94,608,0,0,0,608,A
3-PA,95,0,0,0,609,609,C
3-PA,96,611,0,0,0,611,A
3-PA,97,615,0,1,0,616,A
3-PA,98,615,0,1,0,616,A
3-PA,99,0,0,0,621,621,C
3-PA,100,619,0,0,0,619,A
3-PA,101,626,1,0,0,627,A
3-PA,102,631,0,0,0,631,A
3-PA,103,0,629,0,0,629,T
3-PA,104,0,628,0,1,629,T
3-PA,105,0,631,0,0,631,T
3-PA,106,1,0,629,0,630,G
3-PA,107,0,1,0,631,632,C
3-PA,108,634,0,1,0,635,A
3-PA,109,0,0,652,0,652,G
3-PA,110,0,0,0,659,659,C
3-PA,111,706,0,1,0,707,A
3-PA,112,726,0,0,0,726,A
3-PA,113,0,731,0,0,731,T
3-PA,114,745,0,1,0,746,A
3-PA,115,1,743,0,0,744,T
3-PA,116,1,0,756,0,757,G
3-PA,117,0,1,0,758,759,C
3-PA,118,759,0,0,1,760,A
3-PA,119,0,0,0,774,774,C
3-PA,120,1,761,0,0,762,T
3-PA,121,2,0,0,900,902,C
3-PA,122,920,0,1,0,921,A
3-PA,123,0,0,0,936,936,C
3-PA,124,0,932,0,0,932,T
3-PA,125,0,930,0,0,930,T
3-PA,126,0,1,930,0,931,G
3-PA,127,0,1,945,0,946,G
3-PA,128,942,0,1,0,943,A
3-PA,129,0,0,963,0,963,G
3-PA,130,0,1,964,0,965,G
3-PA,131,0,930,0,1,931,T
3-PA,132,0,1,985,0,986,G
3-PA,133,0,981,0,2,983,T
3-PA,134,0,0,1005,0,1005,G
3-PA,135,0,1009,0,0,1009,T
3-PA,136,1,1002,0,0,1003,T
3-PA,137,0,1007,0,0,1007,T
3-PA,138,2,0,0,1020,1022,C
3-PA,139,1023,0,1,0,1024,A
3-PA,140,0,1025,0,0,1025,T
3-PA,141,0,1,1044,0,1045,G
3-PA,142,0,1031,0,0,1031,T
3-PA,143,1028,0,0,0,1028,A
3-PA,144,0,1025,0,0,1025,T
3-PA,145,0,1027,0,0,1027,T
3-PA,146,3,0,0,1027,1030,C
3-PA,147,1024,0,0,0,1024,A
3-PA,148,0,2,1038,0,1040,G
3-PA,149,1040,0,1,0,1041,A
3-PA,150,0,1038,0,0,1038,T
3-PA,151,0,1030,0,3,1033,T
3-PA,152,0,1034,0,1,1035,T
3-PA,153,0,0,0,1031,1031,C
3-PA,154,0,0,0,1064,1064,C
3-PA,155,1065,0,0,0,1065,A
3-PA,156,0,1065,0,1,1066,T
3-PA,157,0,1060,0,0,1060,T
3-PA,158,0,1064,0,0,1064,T
3-PA,159,0,1,0,1065,1066,C
3-PA,160,1066,0,0,0,1066,A
3-PA,161,0,1098,0,0,1098,T
3-PA,162,1,0,0,1093,1094,C
3-PA,163,1097,0,0,0,1097,A
3-PA,164,1098,0,0,0,1098,A
3-PA,165,0,1096,0,2,1098,T
3-PA,166,0,4,1137,0,1141,G
3-PA,167,1137,0,2,0,1139,A
3-PA,168,1139,0,1,0,1140,A
3-PA,169,0,0,0,1141,1141,C
3-PA,170,1129,1,0,0,1130,A
3-PA,171,1145,0,0,0,1145,A
3-PA,172,0,1,1144,0,1145,G
3-PA,173,1,0,1146,0,1147,G
3-PA,174,1,0,0,1146,1147,C
3-PA,175,1,3,1133,0,1137,G
3-PA,176,1191,0,0,0,1191,A
3-PA,177,1197,0,1,0,1198,A
3-PA,178,0,1195,0,0,1195,T
3-PA,179,0,0,0,1215,1215,C
3-PA,180,1214,1,0,0,1215,A
3-PA,181,1216,0,1,0,1217,A
3-PA,182,1,1222,0,0,1223,T
3-PA,183,1223,0,0,0,1223,A
3-PA,184,0,1,1246,0,1247,G
3-PA,185,0,1247,0,0,1247,T
3-PA,186,0,4,1249,1,1254,G
3-PA,187,0,1,1251,0,1252,G
3-PA,188,0,1244,0,2,1246,T
3-PA,189,1241,0,1,0,1242,A
3-PA,190,0,3,1258,0,1261,G
3-PA,191,1256,0,0,0,1256,A
3-PA,192,1261,0,0,0,1261,A
3-PA,193,1,1,0,1259,1261,C
3-PA,194,0,1242,0,0,1242,T
3-PA,195,0,1241,0,2,1243,T
3-PA,196,0,4,1236,0,1240,G
3-PA,197,1241,0,1,0,1242,A
3-PA,198,0,0,0,1243,1243,C
3-PA,199,0,3,1229,0,1232,G
3-PA,200,1270,0,0,1,1271,A
3-PA,201,0,1278,0,1,1279,T
3-PA,202,2,0,0,1289,1291,C
3-PA,203,3,0,0,1303,1306,C
3-PA,204,1310,0,0,0,1310,A
3-PA,205,1308,0,0,0,1308,A
3-PA,206,1311,0,0,0,1311,A
3-PA,207,0,1313,0,0,1313,T
3-PA,208,0,0,1316,0,1316,G
3-PA,209,1,0,0,1299,1300,C
3-PA,210,1291,0,0,0,1291,A
3-PA,211,0,0,0,1329,1329,C
3-PA,212,0,1317,0,3,1320,T
3-PA,213,0,1,1550,0,1551,G
3-PA,214,0,1552,0,1,1553,T
3-PA,215,0,1554,0,0,1554,T
3-PA,216,1552,2,0,0,1554,A
3-PA,217,1556,0,1,1,1558,A
3-PA,218,1552,0,2,0,1554,A
3-PA,219,0,1,1568,0,1569,G
3-PA,220,0,0,0,1546,1546,C
3-PA,221,1529,1,1,0,1531,A
3-PA,222,0,0,0,1534,1534,C
3-PA,223,1457,0,2,0,1459,A
3-PA,224,0,3,1494,0,1497,G
3-PA,225,1496,0,0,0,1496,A
3-PA,226,1,1492,0,0,1493,T
3-PA,227,2,1493,0,0,1495,T
3-PA,228,0,1492,0,0,1492,T
3-PA,229,1,6,1494,0,1501,G
3-PA,230,1510,0,0,0,1510,A
3-PA,231,1509,0,1,1,1511,A
3-PA,232,1510,1,0,1,1512,A
3-PA,233,0,1487,0,0,1487,T
3-PA,234,1487,0,0,0,1487,A
3-PA,235,1515,1,0,1,1517,A
3-PA,236,0,1518,0,0,1518,T
3-PA,237,1,2,0,1516,1519,C
3-PA,238,1,2,1514,0,1517,G
3-PA,239,1505,0,2,0,1507,A
3-PA,240,1,2,1513,0,1516,G
3-PA,241,0,2,1534,0,1536,G
3-PA,242,0,0,1535,0,1535,G
3-PA,243,0,2,1537,0,1539,G
3-PA,244,1529,0,1,0,1530,A
3-PA,245,0,5,1534,0,1539,G
3-PA,246,1578,0,5,1,1584,A
3-PA,247,0,2,1591,0,1593,G
3-PA,248,1590,0,2,0,1592,A
3-PA,249,0,0,0,1589,1589,C
3-PA,250,1570,0,3,0,1573,A
3-PA,251,0,2,1606,0,1608,G
3-PA,252,1597,1,2,0,1600,A
3-PA,253,1624,0,2,0,1626,A
3-PA,254,0,0,0,1628,1628,C
3-PA,255,1581,1,0,0,1582,A
3-PA,256,1584,0,1,0,1585,A
3-PA,257,0,1584,0,0,1584,T
3-PA,258,0,1,1654,0,1655,G
3-PA,259,0,0,1662,0,1662,G
3-PA,260,2,1,0,1639,1642,C
3-PA,261,1,0,0,1650,1651,C
3-PA,262,0,1630,0,2,1632,T
3-PA,263,1,4,1672,0,1677,G
3-PA,264,2,4,1671,0,1677,G
3-PA,265,1675,0,3,0,1678,A
3-PA,266,0,0,0,1694,1694,C
3-PA,267,1640,0,1,0,1641,A
3-PA,268,1,0,1847,0,1848,G
3-PA,269,0,1853,0,1,1854,T
3-PA,270,1881,0,0,0,1881,A
3-PA,271,1,3,1879,0,1883,G
3-PA,272,0,1851,0,0,1851,T
3-PA,273,1860,0,1,1,1862,A
3-PA,274,1859,0,5,0,1864,A
3-PA,275,1847,1,3,0,1851,A
3-PA,276,2,0,0,1866,1868,C
3-PA,277,1742,0,0,0,1742,A
3-PA,278,0,0,1793,0,1793,G
3-PA,279,1,1770,3,1,1775,T
3-PA,280,1806,0,0,0,1806,A
3-PA,281,0,1804,0,1,1805,T
3-PA,282,3,0,0,1813,1816,C
3-PA,283,0,1809,0,2,1811,T
3-PA,284,1,0,1810,0,1811,G
3-PA,285,1,2,0,1807,1810,C
3-PA,286,1794,0,1,0,1795,A
3-PA,287,1794,0,4,0,1798,A
3-PA,288,0,0,0,1810,1810,C
3-PA,289,1792,1,2,0,1795,A
3-PA,290,0,1,0,1855,1856,C
3-PA,291,0,1837,0,1,1838,T
3-PA,292,1842,0,1,0,1843,A
3-PA,293,1,0,0,1842,1843,C
3-PA,294,0,1838,0,0,1838,T
3-PA,295,1,0,1833,0,1834,G
3-PA,296,2,3,1828,0,1833,G
3-PA,297,1825,1,1,0,1827,A
3-PA,298,0,0,1827,0,1827,G
3-PA,299,0,1,0,1794,1795,C
3-PA,300,0,1799,0,1,1800,T
3-PA,301,0,1,1798,0,1799,G
3-PA,302,0,2,1795,0,1797,G
3-PA,303,1795,1,0,0,1796,A
3-PA,304,1799,0,0,0,1799,A
3-PA,305,1797,0,1,0,1798,A
3-PA,306,1801,0,0,0,1801,A
3-PA,307,0,0,0,1799,1799,C
3-PA,308,3,0,0,1798,1801,C
3-PA,309,2,0,1806,0,1808,G
3-PA,310,1804,1,1,0,1806,A
3-PA,311,1806,0,0,0,1806,A
3-PA,312,0,0,1822,0,1822,G
3-PA,313,1,1816,0,0,1817,T
3-PA,314,0,1820,0,1,1821,T
3-PA,315,1,1814,0,1,1816,T
3-PA,316,3,1,0,1834,1838,C
3-PA,317,0,1845,0,1,1846,T
3-PA,318,1847,0,1,0,1848,A
3-PA,319,2,0,0,1832,1834,C
3-PA,320,0,1,0,1847,1848,C
3-PA,321,1826,0,1,0,1827,A
3-PA,322,0,3,1826,0,1829,G
3-PA,323,1821,0,5,0,1826,A
3-PA,324,1,1,0,1803,1805,C
3-PA,325,0,1868,1,1,1870,T
3-PA,326,0,1875,0,1,1876,T
3-PA,327,2,0,1903,0,1905,G
3-PA,328,0,1904,0,1,1905,T
3-PA,329,1901,0,1,1,1903,A
3-PA,330,0,1910,0,0,1910,T
3-PA,331,0,8,1879,0,1887,G
3-PA,332,1949,1,0,0,1950,A
3-PA,333,1,1931,0,0,1932,T
3-PA,334,4,1931,0,1,1936,T
3-PA,335,1931,0,0,0,1931,A
3-PA,336,1,0,1,1921,1923,C
3-PA,337,1925,0,4,0,1929,A
3-PA,338,1925,0,4,0,1929,A
3-PA,339,0,0,1940,0,1940,G
3-PA,340,1,5,1944,0,1950,G
3-PA,341,1872,0,2,4,1878,A
3-PA,342,2,6,1903,0,1911,G
3-PA,343,1904,0,4,0,1908,A
3-PA,344,1906,0,4,0,1910,A
3-PA,345,2,1,0,1904,1907,C
3-PA,346,1887,1,1,1,1890,A
3-PA,347,1,5,1884,0,1890,G
3-PA,348,1881,0,1,0,1882,A
3-PA,349,0,1854,1,0,1855,T
3-PA,350,0,1855,0,1,1856,T
3-PA,351,6,0,0,1831,1837,C
3-PA,352,4,2,1835,0,1841,G
3-PA,353,0,1849,0,0,1849,T
3-PA,354,2,0,0,1846,1848,C
3-PA,355,0,2,1849,0,1851,G
3-PA,356,1861,0,0,0,1861,A
3-PA,357,1862,0,0,0,1862,A
3-PA,358,1863,0,1,0,1864,A
3-PA,359,0,1861,0,0,1861,T
3-PA,360,0,1854,1,1,1856,T
3-PA,361,2,2,1859,0,1863,G
3-PA,362,2,8,1849,0,1859,G
3-PA,363,2,2,1847,2,1853,G
3-PA,364,1,1,1864,0,1866,G
3-PA,365,0,1857,0,0,1857,T
3-PA,366,0,8,1869,0,1877,G
3-PA,367,1879,0,3,0,1882,A
3-PA,368,0,1,0,1897,1898,C
3-PA,369,1903,0,0,0,1903,A
3-PA,370,1899,0,1,0,1900,A
3-PA,371,0,3,1929,0,1932,G
3-PA,372,1,1,1934,0,1936,G
3-PA,373,1916,0,2,0,1918,A
3-PA,374,0,5,1918,0,1923,G
3-PA,375,1890,0,1,0,1891,A
3-PA,376,2,2,1892,0,1896,G
3-PA,377,1870,0,1,0,1871,A
3-PA,378,1863,0,3,0,1866,A
3-PA,379,0,0,1925,0,1925,G
3-PA,380,0,1887,0,0,1887,T
3-PA,381,2,0,0,1903,1905,C
3-PA,382,2,1,0,1894,1897,C
3-PA,383,1913,0,1,0,1914,A
3-PA,384,1,0,0,1960,1961,C
3-PA,385,2008,0,0,0,2008,A
3-PA,386,1,2040,0,0,2041,T
3-PA,387,2058,0,1,0,2059,A
3-PA,388,0,2005,0,1,2006,T
3-PA,389,1990,0,1,0,1991,A
3-PA,390,0,1964,1,0,1965,T
3-PA,391,0,1959,0,1,1960,T
3-PA,392,2005,0,1,0,2006,A
3-PA,393,0,1,0,1986,1987,C
3-PA,394,4,1,0,1926,1931,C
3-PA,395,1,1899,0,0,1900,T
3-PA,396,0,1866,0,0,1866,T
3-PA,397,0,0,1878,0,1878,G
3-PA,398,1881,0,1,0,1882,A
3-PA,399,1877,0,2,0,1879,A
3-PA,400,1881,0,0,0,1881,A
3-PA,401,1801,0,4,0,1805,A
3-PA,402,0,3,1807,0,1810,G
3-PA,403,1,1,1814,0,1816,G
3-PA,404,1,0,0,1812,1813,C
3-PA,405,0,0,0,1815,1815,C
3-PA,406,1816,0,0,0,1816,A
3-PA,407,1813,2,0,0,1815,A
3-PA,408,0,1819,0,0,1819,T
3-PA,409,1819,0,0,0,1819,A
3-PA,410,1820,0,1,0,1821,A
3-PA,411,1,1,1859,1,1862,G
3-PA,412,1852,0,0,0,1852,A
3-PA,413,0,1842,1,0,1843,T
3-PA,414,0,1842,0,4,1846,T
3-PA,415,1841,1,2,0,1844,A
3-PA,416,1844,0,0,0,1844,A
3-PA,417,1844,0,0,0,1844,A
3-PA,418,0,1857,0,0,1857,T
3-PA,419,2,0,0,1855,1857,C
3-PA,420,0,1807,0,0,1807,T
3-PA,421,1,7,1813,0,1821,G
3-PA,422,1819,0,1,0,1820,A
3-PA,423,0,11,1828,0,1839,G
3-PA,424,1839,0,2,0,1841,A
3-PA,425,1836,0,1,1,1838,A
3-PA,426,0,0,0,1837,1837,C
3-PA,427,1833,1,1,0,1835,A
3-PA,428,0,0,0,1841,1841,C
3-PA,429,1840,0,1,0,1841,A
3-PA,430,0,0,0,1851,1851,C
3-PA,431,1845,1,2,0,1848,A
3-PA,432,0,0,0,1880,1880,C
3-PA,433,1871,0,1,0,1872,A
3-PA,434,0,1867,0,1,1868,T
3-PA,435,2,1856,0,1,1859,T
3-PA,436,10,0,0,1857,1867,C
3-PA,437,1861,0,1,0,1862,A
3-PA,438,1,0,1,1871,1873,C
3-PA,439,1856,0,0,0,1856,A
3-PA,440,0,1854,0,0,1854,T
3-PA,441,0,1789,0,2,1791,T
3-PA,442,1,1813,0,0,1814,T
3-PA,443,0,1809,0,3,1812,T
3-PA,444,5,2,0,1822,1829,C
3-PA,445,0,1820,0,3,1823,T
3-PA,446,6,0,0,1834,1840,C
3-PA,447,1842,0,1,0,1843,A
3-PA,448,0,1833,0,0,1833,T
3-PA,449,1,1847,0,0,1848,T
3-PA,450,3,1,0,1850,1854,C
3-PA,451,1838,1,0,0,1839,A
3-PA,452,2,0,0,1850,1852,C
3-PA,453,0,1835,1,0,1836,T
3-PA,454,0,6,1861,0,1867,G
3-PA,455,0,5,1860,0,1865,G
3-PA,456,1,4,1855,0,1860,G
3-PA,457,1,4,1863,0,1868,G
3-PA,458,1843,0,3,0,1846,A
3-PA,459,0,0,1851,0,1851,G
3-PA,460,0,4,1851,0,1855,G
3-PA,461,1844,0,1,0,1845,A
3-PA,462,1843,1,4,0,1848,A
3-PA,463,1820,1,0,0,1821,A
3-PA,464,0,1789,0,0,1789,T
3-PA,465,0,2,1780,0,1782,G
3-PA,466,1,0,1783,0,1784,G
3-PA,467,0,0,0,1783,1783,C
3-PA,468,5,0,0,1782,1787,C
3-PA,469,1783,0,0,0,1783,A
3-PA,470,0,1,0,1785,1786,C
3-PA,471,1784,0,0,0,1784,A
3-PA,472,1783,0,1,0,1784,A
3-PA,473,1790,0,1,0,1791,A
3-PA,474,0,3,1800,0,1803,G
3-PA,475,0,0,1806,0,1806,G
3-PA,476,0,0,0,1809,1809,C
3-PA,477,1814,0,1,0,1815,A
3-PA,478,0,4,1830,1,1835,G
3-PA,479,1834,0,3,0,1837,A
3-PA,480,0,0,0,1860,1860,C
3-PA,481,0,1844,1,3,1848,T
3-PA,482,1849,0,2,0,1851,A
3-PA,483,1,1,0,1845,1847,C
3-PA,484,1828,0,3,0,1831,A
3-PA,485,0,0,0,1845,1845,C
3-PA,486,0,1774,0,0,1774,T
3-PA,487,4,0,0,1772,1776,C
3-PA,488,0,1753,0,2,1755,T
3-PA,489,3,1,0,1734,1738,C
3-PA,490,0,2,1740,0,1742,G
3-PA,491,1733,0,1,0,1734,A
3-PA,492,0,0,0,1733,1733,C
3-PA,493,0,5,1735,1,1741,G
3-PA,494,1731,0,1,0,1732,A
3-PA,495,0,2,1739,0,1741,G
3-PA,496,0,2,1732,0,1734,G
3-PA,497,1733,1,0,0,1734,A
3-PA,498,1749,0,1,0,1750,A
3-PA,499,1744,1,3,0,1748,A
3-PA,500,0,0,1748,0,1748,G
3-PA,501,1,0,0,1747,1748,C
3-PA,502,1728,0,2,0,1730,A
3-PA,503,0,5,1767,0,1772,G
3-PA,504,0,2,1775,1,1778,G
3-PA,505,0,0,1789,0,1789,G
3-PA,506,1,0,0,1789,1790,C
3-PA,507,0,1781,0,1,1782,T
3-PA,508,1777,0,0,0,1777,A
3-PA,509,1,3,1798,1,1803,G
3-PA,510,0,4,1887,0,1891,G
3-PA,511,1906,0,0,0,1906,A
3-PA,512,0,1851,0,1,1852,T
3-PA,513,0,1826,0,0,1826,T
3-PA,514,1817,0,2,0,1819,A
3-PA,515,1835,0,1,0,1836,A
3-PA,516,0,3,1841,0,1844,G
3-PA,517,1843,0,1,0,1844,A
3-PA,518,0,0,1,1836,1837,C
3-PA,519,3,0,0,1708,1711,C
3-PA,520,1696,0,0,0,1696,A
3-PA,521,0,3,1703,0,1706,G
3-PA,522,1,1,1707,0,1709,G
3-PA,523,2,0,0,1714,1716,C
3-PA,524,0,1701,0,0,1701,T
3-PA,525,0,0,1758,0,1758,G
3-PA,526,0,1754,0,1,1755,T
3-PA,527,2,1752,0,0,1754,T
3-PA,528,0,1759,0,0,1759,T
3-PA,529,1743,1,0,0,1744,A
3-PA,530,2,0,1,1773,1776,C
3-PA,531,4,0,0,1753,1757,C
3-PA,532,1743,1,0,0,1744,A
3-PA,533,0,1738,0,2,1740,T
3-PA,534,1665,0,0,0,1665,A
3-PA,535,1672,0,0,0,1672,A
3-PA,536,2,4,1701,0,1707,G
3-PA,537,1703,0,2,0,1705,A
3-PA,538,0,2,0,1697,1699,C
3-PA,539,1659,0,1,0,1660,A
3-PA,540,1661,3,0,1,1665,A
3-PA,541,0,1,1674,0,1675,G
3-PA,542,1664,1,1,0,1666,A
3-PA,543,1666,0,1,1,1668,A
3-PA,544,1656,0,0,0,1656,A
3-PA,545,0,1620,0,0,1620,T
3-PA,546,2,1,1666,0,1669,G
3-PA,547,0,0,1671,0,1671,G
3-PA,548,3,0,0,1669,1672,C
3-PA,549,2,0,0,1674,1676,C
3-PA,550,1661,1,0,0,1662,A
3-PA,551,1661,0,0,0,1661,A
3-PA,552,0,1589,0,0,1589,T
3-PA,553,1630,0,1,0,1631,A
3-PA,554,0,0,1633,0,1633,G
3-PA,555,1630,1,4,0,1635,A
3-PA,556,0,0,1638,0,1638,G
3-PA,557,0,0,1635,0,1635,G
3-PA,558,0,0,1,1633,1634,C
3-PA,559,1,1,0,1633,1635,C
3-PA,560,0,1589,0,0,1589,T
3-PA,561,1,0,0,1600,1601,C
3-PA,562,1,1600,0,3,1604,T
3-PA,563,0,3,1602,0,1605,G
3-PA,564,0,3,1600,0,1603,G
3-PA,565,0,2,1592,0,1594,G
3-PA,566,1575,0,1,0,1576,A
3-PA,567,0,1537,1,1,1539,T
3-PA,568,0,1487,0,0,1487,T
3-PA,569,6,0,0,1673,1679,C
3-PA,570,1,0,0,1596,1597,C
3-PA,571,0,1519,0,0,1519,T
3-PA,572,1,1512,0,0,1513,T
3-PA,573,1,1515,1,0,1517,T
3-PA,574,1,1,0,1535,1537,C
3-PA,575,0,0,1539,0,1539,G
3-PA,576,0,1537,0,3,1540,T
3-PA,577,2,0,0,1536,1538,C
3-PA,578,1506,0,1,0,1507,A
3-PA,579,0,0,1751,0,1751,G
3-PA,580,1,1752,0,4,1757,T
3-PA,581,2,1,0,1753,1756,C
3-PA,582,3,0,0,1765,1768,C
3-PA,583,0,4,1775,2,1781,G
3-PA,584,1771,1,1,10,1783,A
3-PA,585,1782,0,0,0,1782,A
3-PA,586,1783,0,1,0,1784,A
3-PA,587,0,3,1798,0,1801,G
3-PA,588,1751,0,2,0,1753,A
3-PA,589,0,0,1772,0,1772,G
3-PA,590,0,1,1776,0,1777,G
3-PA,591,2,0,0,1771,1773,C
3-PA,592,1,4,1785,0,1790,G
3-PA,593,1786,0,3,1,1790,A
3-PA,594,1795,0,1,0,1796,A
3-PA,595,0,2,1806,0,1808,G
3-PA,596,1816,0,0,0,1816,A
3-PA,597,1813,0,4,0,1817,A
3-PA,598,1804,1,1,0,1806,A
3-PA,599,0,1,0,1819,1820,C
3-PA,600,1817,0,0,0,1817,A
3-PA,601,1818,1,1,0,1820,A
3-PA,602,0,1814,0,1,1815,T
3-PA,603,0,1816,0,0,1816,T
3-PA,604,0,1,1814,0,1815,G
3-PA,605,1811,1,0,0,1812,A
3-PA,606,1803,0,4,0,1807,A
3-PA,607,0,5,1812,0,1817,G
3-PA,608,1811,0,1,0,1812,A
3-PA,609,1812,0,1,0,1813,A
3-PA,610,1804,0,1,0,1805,A
3-PA,611,1814,1,0,0,1815,A
3-PA,612,1825,0,0,0,1825,A
3-PA,613,1,1819,0,0,1820,T
3-PA,614,0,1819,1,0,1820,T
3-PA,615,0,1823,0,1,1824,T
3-PA,616,1,5,1822,0,1828,G
3-PA,617,1823,0,0,1,1824,A
3-PA,618,1824,0,1,1,1826,A
3-PA,619,1830,0,1,0,1831,A
3-PA,620,1,1868,0,0,1869,T
3-PA,621,5,0,0,2042,2047,C
3-PA,622,2059,0,0,0,2059,A
3-PA,623,1,0,0,2082,2083,C
3-PA,624,2078,1,1,1,2081,A
3-PA,625,0,0,2129,0,2129,G
3-PA,626,2,15,2183,1,2201,G
3-PA,627,2246,0,1,0,2247,A
3-PA,628,2279,0,2,0,2281,A
3-PA,629,1,0,0,2314,2315,C
3-PA,630,0,2240,0,3,2243,T
3-PA,631,2456,0,0,0,2456,A
3-PA,632,0,2487,0,0,2487,T
3-PA,633,0,0,2584,0,2584,G
3-PA,634,0,1,0,2569,2570,C
3-PA,635,9,3,2542,0,2554,G
3-PA,636,0,2541,0,0,2541,T
3-PA,637,2518,0,0,0,2518,A
3-PA,638,0,2,2545,0,2547,G
3-PA,639,0,1,2539,0,2540,G
3-PA,640,0,0,0,2519,2519,C
3-PA,641,0,2483,0,3,2486,T
3-PA,642,1,2454,0,0,2455,T
3-PA,643,2,1,2452,0,2455,G
3-PA,644,0,3,0,2460,2463,C
3-PA,645,4,2,0,2449,2455,C
3-PA,646,2,10,2487,0,2499,G
3-PA,647,2501,0,1,1,2503,A
3-PA,648,1,0,0,2519,2520,C
3-PA,649,12,0,1,2508,2521,C
3-PA,650,2523,0,2,0,2525,A
3-PA,651,2526,1,1,1,2529,A
3-PA,652,2519,0,4,1,2524,A
3-PA,653,0,2,2601,0,2603,G
3-PA,654,0,2597,0,1,2598,T
3-PA,655,10,0,0,2598,2608,C
3-PA,656,0,2598,0,1,2599,T
3-PA,657,4,0,0,2611,2615,C
3-PA,658,4,1,0,2616,2621,C
3-PA,659,7,1,0,2628,2636,C
3-PA,660,2641,0,3,0,2644,A
3-PA,661,1,1,1,2649,2652,C
3-PA,662,5,2,0,2616,2623,C
3-PA,663,0,9,2633,0,2642,G
3-PA,664,2683,0,0,0,2683,A
3-PA,665,2684,2,2,1,2689,A
3-PA,666,0,2,0,2701,2703,C
3-PA,667,0,2671,0,3,2674,T
3-PA,668,0,2713,0,3,2716,T
3-PA,669,1,0,0,2759,2760,C
3-PA,670,1,2743,0,3,2747,T
3-PA,671,5,3,0,2748,2756,C
3-PA,672,3,0,0,2744,2747,C
3-PA,673,0,2732,0,4,2736,T
3-PA,674,2,0,2764,0,2766,G
3-PA,675,1,0,0,2755,2756,C
3-PA,676,5,0,0,2758,2763,C
3-PA,677,1,2749,0,3,2753,T
3-PA,678,0,2729,0,4,2733,T
3-PA,679,1,4,2736,1,2742,G
3-PA,680,2740,0,2,0,2742,A
3-PA,681,1,10,2770,0,2781,G
3-PA,682,2771,0,4,1,2776,A
3-PA,683,2790,0,2,0,2792,A
3-PA,684,0,2859,0,0,2859,T
3-PA,685,1,2879,0,1,2881,T
3-PA,686,0,2879,0,2,2881,T
3-PA,687,0,2887,0,1,2888,T
3-PA,688,2874,0,3,0,2877,A
3-PA,689,2,1,2885,0,2888,G
3-PA,690,2868,0,7,0,2875,A
3-PA,691,0,0,2977,0,2977,G
3-PA,692,0,0,0,2978,2978,C
3-PA,693,4,0,0,2997,3001,C
3-PA,694,0,3068,0,3,3071,T
3-PA,695,3204,1,0,0,3205,A
3-PA,696,0,3208,0,2,3210,T
3-PA,697,3,0,3230,0,3233,G
3-PA,698,0,3232,0,0,3232,T
3-PA,699,0,4,3248,0,3252,G
3-PA,700,2,4,3213,0,3219,G
3-PA,701,3211,0,0,0,3211,A
3-PA,702,0,3184,0,1,3185,T
3-PA,703,1,3,3119,1,3124,G
3-PA,704,0,6,3193,0,3199,G
3-PA,705,3207,0,0,1,3208,A
3-PA,706,0,3194,0,0,3194,T
3-PA,707,0,3192,1,1,3194,T
3-PA,708,10,3,0,3159,3172,C
3-PA,709,3,15,3168,0,3186,G
3-PA,710,3196,1,0,1,3198,A
3-PA,711,3196,1,2,0,3199,A
3-PA,712,0,2,0,3221,3223,C
3-PA,713,7,1,0,3120,3128,C
3-PA,714,2,10,3139,0,3151,G
3-PA,715,3144,1,1,0,3146,A
3-PA,716,3139,1,11,0,3151,A
3-PA,717,2,4,0,3180,3186,C
3-PA,718,0,5,3164,0,3169,G
3-PA,719,0,0,3266,0,3266,G
3-PA,720,1,1,0,3275,3277,C
3-PA,721,0,3268,0,2,3270,T
3-PA,722,2,2,3376,0,3380,G
3-PA,723,0,2,0,3377,3379,C
3-PA,724,3403,0,1,0,3404,A
3-PA,725,0,3398,0,1,3399,T
3-PA,726,0,3370,0,0,3370,T
3-PA,727,0,4,3380,0,3384,G
3-PA,728,3289,0,2,0,3291,A
3-PA,729,1,8,3325,0,3334,G
3-PA,730,2,5,3326,0,3333,G
3-PA,731,1,2,3305,0,3308,G
3-PA,732,6,1,1,3293,3301,C
3-PA,733,3275,1,0,0,3276,A
3-PA,734,3282,0,4,0,3286,A
3-PA,735,0,0,3307,0,3307,G
3-PA,736,0,0,0,3317,3317,C
3-PA,737,0,3317,0,2,3319,T
3-PA,738,0,3324,0,0,3324,T
3-PA,739,0,3342,1,2,3345,T
3-PA,740,5,0,0,3346,3351,C
3-PA,741,1,3343,0,8,3352,T
3-PA,742,7,0,0,3364,3371,C
3-PA,743,3354,0,1,0,3355,A
3-PA,744,3340,1,0,0,3341,A
3-PA,745,3336,1,1,0,3338,A
3-PA,746,0,3336,0,0,3336,T
3-PA,747,2,3,3436,0,3441,G
3-PA,748,1,3425,0,3,3429,T
3-PA,749,4,3,0,3469,3476,C
3-PA,750,7,1,0,3470,3478,C
3-PA,751,3487,2,2,0,3491,A
3-PA,752,3498,0,0,0,3498,A
3-PA,753,3493,0,2,0,3495,A
3-PA,754,0,4,3532,0,3536,G
3-PA,755,3518,1,1,1,3521,A
3-PA,756,3437,0,2,0,3439,A
3-PA,757,0,1,3469,0,3470,G
3-PA,758,0,3440,0,0,3440,T
3-PA,759,0,16,3416,0,3432,G
3-PA,760,3427,1,0,0,3428,A
3-PA,761,3423,0,2,1,3426,A
3-PA,762,0,3439,0,0,3439,T
3-PA,763,0,0,3454,0,3454,G
3-PA,764,2,4,0,3458,3464,C
3-PA,765,6,2,0,3446,3454,C
3-PA,766,5,1,0,3458,3464,C
3-PA,767,3473,1,1,0,3475,A
3-PA,768,3505,0,0,0,3505,A
3-PA,769,3523,0,2,1,3526,A
3-PA,770,0,3519,0,0,3519,T
3-PA,771,0,3517,0,1,3518,T
3-PA,772,1,16,3497,0,3514,G
3-PA,773,3503,0,3,0,3506,A
3-PA,774,3513,1,2,0,3516,A
3-PA,775,1,0,0,3518,3519,C
3-PA,776,2,0,0,3511,3513,C
3-PA,777,0,3481,0,2,3483,T
3-PA,778,0,3558,0,0,3558,T
3-PA,779,0,3569,0,1,3570,T
3-PA,780,2,3632,0,1,3635,T
3-PA,781,2,3,0,3652,3657,C
3-PA,782,0,3646,0,0,3646,T
3-PA,783,1,6,3651,0,3658,G
3-PA,784,3650,0,3,0,3653,A
3-PA,785,3672,0,4,0,3676,A
3-PA,786,1,7,3698,0,3706,G
3-PA,787,3637,1,3,0,3641,A
3-PA,788,2,1,0,3659,3662,C
3-PA,789,3607,1,1,0,3609,A
3-PA,790,3643,0,3,0,3646,A
3-PA,791,2,1,0,3988,3991,C
3-PA,792,4012,0,2,0,4014,A
3-PA,793,4,2,0,4006,4012,C
3-PA,794,4,1,1,3976,3982,C
3-PA,795,3964,0,7,0,3971,A
3-PA,796,3961,0,4,0,3965,A
3-PA,797,2,20,3948,0,3970,G
3-PA,798,3949,0,14,0,3963,A
3-PA,799,1,2,0,3970,3973,C
3-PA,800,8,2,0,3652,3662,C
3-PA,801,3658,0,0,0,3658,A
3-PA,802,3660,0,3,0,3663,A
3-PA,803,1,3666,0,1,3668,T
3-PA,804,14,1,0,3652,3667,C
3-PA,805,3664,0,0,0,3664,A
3-PA,806,3653,0,1,0,3654,A
3-PA,807,3651,0,3,2,3656,A
3-PA,808,0,1,0,3681,3682,C
3-PA,809,0,3641,1,2,3644,T
3-PA,810,0,3674,1,0,3675,T
3-PA,811,7,0,0,3671,3678,C
3-PA,812,5,2,0,3686,3693,C
3-PA,813,2,17,3700,0,3719,G
3-PA,814,3715,2,0,0,3717,A
3-PA,815,3726,0,1,1,3728,A
3-PA,816,0,3729,1,0,3730,T
3-PA,817,1,8,3683,0,3692,G
3-PA,818,4,12,3699,0,3715,G
3-PA,819,3734,1,5,0,3740,A
3-PA,820,1,2,0,3742,3745,C
3-PA,821,7,1,0,3733,3741,C
3-PA,822,0,3806,0,4,3810,T
3-PA,823,8,0,0,3895,3903,C
3-PA,824,2,0,0,3922,3924,C
3-PA,825,0,3911,0,1,3912,T
3-PA,826,1,3918,0,3,3922,T
3-PA,827,0,1,4102,0,4103,G
3-PA,828,1,4061,0,1,4063,T
3-PA,829,0,4056,0,2,4058,T
3-PA,830,4057,1,0,1,4059,A
3-PA,831,1,3919,0,0,3920,T
3-PA,832,1,0,2,3904,3907,C
3-PA,833,3829,0,0,1,3830,A
3-PA,834,1,1,3831,1,3834,G
3-PA,835,0,4,0,3817,3821,C
3-PA,836,3,6,3691,0,3700,G
3-PA,837,2,1,3796,0,3799,G
3-PA,838,0,3797,0,1,3798,T
3-PA,839,13,0,0,3791,3804,C
3-PA,840,8,0,0,3808,3816,C
3-PA,841,3816,1,6,0,3823,A
3-PA,842,3840,1,1,1,3843,A
3-PA,843,3851,0,0,0,3851,A
3-PA,844,0,3848,0,4,3852,T
3-PA,845,2,3832,0,9,3843,T
3-PA,846,14,1,1,3795,3811,C
3-PA,847,7,1,0,3763,3771,C
3-PA,848,0,3751,0,8,3759,T
3-PA,849,9,1,0,3779,3789,C
3-PA,850,2,1,1,3789,3793,C
3-PA,851,1,3777,0,3,3781,T
3-PA,852,1,2,3799,0,3802,G
3-PA,853,3793,1,1,0,3795,A
3-PA,854,0,3798,0,0,3798,T
3-PA,855,1,7,3762,0,3770,G
3-PA,856,2,4,3704,0,3710,G
3-PA,857,3695,3,3,0,3701,A
3-PA,858,2,3662,0,1,3665,T
3-PA,859,1,0,3676,0,3677,G
3-PA,860,0,0,0,3845,3845,C
3-PA,861,1,3821,0,1,3823,T
3-PA,862,2,3827,0,6,3835,T
3-PA,863,1,3838,0,0,3839,T
3-PA,864,3838,0,1,1,3840,A
3-PA,865,3854,0,0,0,3854,A
3-PA,866,3849,1,0,0,3850,A
3-PA,867,3860,0,2,0,3862,A
3-PA,868,0,3848,0,2,3850,T
3-PA,869,0,3592,0,0,3592,T
3-PA,870,1,15,3588,0,3604,G
3-PA,871,3585,3,4,0,3592,A
3-PA,872,0,1,3625,0,3626,G
3-PA,873,1,4,1,3627,3633,C
3-PA,874,3615,0,1,0,3616,A
3-PA,875,0,3693,1,1,3695,T
3-PA,876,1,3685,0,1,3687,T
3-PA,877,2,4,3674,0,3680,G
3-PA,878,3682,1,5,1,3689,A
3-PA,879,3652,0,8,0,3660,A
3-PA,880,0,10,3664,0,3674,G
3-PA,881,3595,1,13,0,3609,A
3-PA,882,3,0,0,3631,3634,C
3-PA,883,6,0,0,3609,3615,C
3-PA,884,9,0,0,3544,3553,C
3-PA,885,3538,0,2,0,3540,A
3-PA,886,3573,1,4,0,3578,A
3-PA,887,0,1,3599,0,3600,G
3-PA,888,1,3620,1,0,3622,T
3-PA,889,15,2,0,3604,3621,C
3-PA,890,3613,1,3,1,3618,A
3-PA,891,0,2,0,3614,3616,C
3-PA,892,2,2,3605,0,3609,G
3-PA,893,3685,0,2,0,3687,A
3-PA,894,3678,0,4,0,3682,A
3-PA,895,1,7,3788,0,3796,G
3-PA,896,0,9,3772,0,3781,G
3-PA,897,3767,1,2,1,3771,A
3-PA,898,0,2,3814,1,3817,G
3-PA,899,3795,0,4,0,3799,A
3-PA,900,3798,1,9,2,3810,A
3-PA,901,1,11,3813,0,3825,G
3-PA,902,0,4,3793,1,3798,G
3-PA,903,0,8,3795,0,3803,G
3-PA,904,3700,1,2,1,3704,A
3-PA,905,0,3699,1,2,3702,T
3-PA,906,7,3,0,3705,3715,C
3-PA,907,7,4,2,3983,3996,C
3-PA,908,6,0,0,4039,4045,C
3-PA,909,4088,0,1,0,4089,A
3-PA,910,0,4096,1,2,4099,T
3-PA,911,0,4102,1,2,4105,T
3-PA,912,4217,0,2,0,4219,A
3-PA,913,0,4210,0,0,4210,T
3-PA,914,4204,0,5,1,4210,A
3-PA,915,1,4196,1,3,4201,T
3-PA,916,4,7,3776,0,3787,G
3-PA,917,3778,1,1,0,3780,A
3-PA,918,1,3740,0,4,3745,T
3-PA,919,10,1,3763,0,3774,G
3-PA,920,2,3,1,3707,3713,C
3-PA,921,2,14,3698,0,3714,G
3-PA,922,3777,1,0,0,3778,A
3-PA,923,0,3775,0,2,3777,T
3-PA,924,14,0,1,3773,3788,C
3-PA,925,3784,1,0,1,3786,A
3-PA,926,3713,1,41,2,3757,A
3-PA,927,0,0,3783,0,3783,G
3-PA,928,2,3759,0,1,3762,T
3-PA,929,2,0,3781,0,3783,G
3-PA,930,2,2,0,3780,3784,C
3-PA,931,3765,1,1,0,3767,A
3-PA,932,0,3777,0,2,3779,T
3-PA,933,3776,0,0,0,3776,A
3-PA,934,3817,1,0,0,3818,A
3-PA,935,3815,1,2,0,3818,A
3-PA,936,3798,1,0,0,3799,A
3-PA,937,3807,0,1,1,3809,A
3-PA,938,0,0,0,3808,3808,C
3-PA,939,3757,0,0,0,3757,A
3-PA,940,0,3778,0,0,3778,T
3-PA,941,1,3772,0,1,3774,T
3-PA,942,3,1,0,3787,3791,C
3-PA,943,0,3734,0,1,3735,T
3-PA,944,1,3730,0,3,3734,T
3-PA,945,0,3732,0,1,3733,T
3-PA,946,1,5,3738,2,3746,G
3-PA,947,0,4,3749,0,3753,G
3-PA,948,3740,0,8,1,3749,A
3-PA,949,3,3738,0,1,3742,T
3-PA,950,6,6,3749,2,3763,G
3-PA,951,1,6,3817,0,3824,G
3-PA,952,3828,0,2,1,3831,A
3-PA,953,3826,1,1,1,3829,A
3-PA,954,3825,0,8,0,3833,A
3-PA,955,0,6,3851,0,3857,G
3-PA,956,3847,0,2,0,3849,A
3-PA,957,4237,0,6,0,4243,A
3-PA,958,1,2,0,4284,4287,C
3-PA,959,4,0,0,4305,4309,C
3-PA,960,0,4272,0,5,4277,T
3-PA,961,0,4363,0,1,4364,T
3-PA,962,4376,0,0,1,4377,A
3-PA,963,0,4378,0,1,4379,T
3-PA,964,4341,1,2,0,4344,A
3-PA,965,0,4411,0,1,4412,T
3-PA,966,4101,1,0,0,4102,A
3-PA,967,0,1,4143,0,4144,G
3-PA,968,0,4096,0,7,4103,T
3-PA,969,9,0,0,4075,4084,C
3-PA,970,4036,1,4,1,4042,A
3-PA,971,4054,1,2,0,4057,A
3-PA,972,4051,0,3,2,4056,A
3-PA,973,2,0,0,4063,4065,C
3-PA,974,10,1,1,3997,4009,C
3-PA,975,3958,0,3,1,3962,A
3-PA,976,3,1,0,3999,4003,C
3-PA,977,3991,0,7,0,3998,A
3-PA,978,1,3,0,4022,4026,C
3-PA,979,1,6,4012,0,4019,G
3-PA,980,4009,1,1,0,4011,A
3-PA,981,4006,1,4,0,4011,A
3-PA,982,3994,1,3,0,3998,A
3-PA,983,3994,0,4,2,4000,A
3-PA,984,0,6,4022,0,4028,G
3-PA,985,4,4,3972,0,3980,G
3-PA,986,0,12,4001,1,4014,G
3-PA,987,4014,1,1,1,4017,A
3-PA,988,4015,0,4,1,4020,A
3-PA,989,0,4017,1,2,4020,T
3-PA,990,4021,0,0,0,4021,A
3-PA,991,4022,0,1,0,4023,A
3-PA,992,4031,0,0,0,4031,A
3-PA,993,0,4019,0,1,4020,T
3-PA,994,0,3992,0,1,3993,T
3-PA,995,11,1,0,4005,4017,C
3-PA,996,4016,1,3,0,4020,A
3-PA,997,4029,1,1,1,4032,A
3-PA,998,4026,0,4,0,4030,A
3-PA,999,2,4030,0,2,4034,T
3-PA,1000,0,4052,0,0,4052,T
3-PA,1001,4065,1,1,1,4068,A
3-PA,1002,0,0,0,4061,4061,C
3-PA,1003,2,1,0,4059,4062,C
3-PA,1004,1,4041,0,2,4044,T
3-PA,1005,4,0,4089,0,4093,G
3-PA,1006,0,0,12,4096,4108,C
3-PA,1007,0,4099,0,3,4102,T
3-PA,1008,2,2,4196,0,4200,G
3-PA,1009,2,4192,0,5,4199,T
3-PA,1010,27,2,1,4169,4199,C
3-PA,1011,4202,0,7,0,4209,A
3-PA,1012,0,4204,0,1,4205,T
3-PA,1013,0,7,4189,2,4198,G
3-PA,1014,3,6,4193,0,4202,G
3-PA,1015,4212,0,1,0,4213,A
3-PA,1016,4325,0,9,0,4334,A
3-PA,1017,2,2,4305,0,4309,G
3-PA,1018,2,2,0,4292,4296,C
3-PA,1019,4276,2,3,0,4281,A
3-PA,1020,4271,1,6,1,4279,A
3-PA,1021,2,1,4322,0,4325,G
3-PA,1022,0,4319,0,4,4323,T
3-PA,1023,4309,1,1,0,4311,A
3-PA,1024,2,1,0,4320,4323,C
3-PA,1025,2,4200,0,2,4204,T
3-PA,1026,0,1,4246,1,4248,G
3-PA,1027,0,4214,0,7,4221,T
3-PA,1028,12,4,0,4202,4218,C
3-PA,1029,2,7,4183,1,4193,G
3-PA,1030,2,7,4226,1,4236,G
3-PA,1031,4238,0,3,1,4242,A
3-PA,1032,4251,0,0,0,4251,A
3-PA,1033,0,4320,0,1,4321,T
3-PA,1034,0,4316,0,1,4317,T
3-PA,1035,1,0,4301,1,4303,G
3-PA,1036,3,1,1,4303,4308,C
3-PA,1037,4294,2,12,1,4309,A
3-PA,1038,2,4,4324,0,4330,G
3-PA,1039,8,12,4270,0,4290,G
3-PA,1040,4312,0,6,0,4318,A
3-PA,1041,0,1,0,4354,4355,C
3-PA,1042,4261,0,2,0,4263,A
3-PA,1043,0,4306,1,3,4310,T
3-PA,1044,1,4302,1,2,4306,T
3-PA,1045,0,8,4319,0,4327,G
3-PA,1046,4332,0,5,0,4337,A
3-PA,1047,4316,0,5,0,4321,A
3-PA,1048,4314,0,0,2,4316,A
3-PA,1049,4306,0,2,1,4309,A
3-PA,1050,1,4289,0,1,4291,T
3-PA,1051,1,16,4311,0,4328,G
3-PA,1052,4298,2,5,1,4306,A
3-PA,1053,0,5,4329,0,4334,G
3-PA,1054,1,8,4336,0,4345,G
3-PA,1055,4305,2,2,1,4310,A
3-PA,1056,0,3,4320,0,4323,G
3-PA,1057,4332,0,0,0,4332,A
3-PA,1058,4310,3,7,0,4320,A
3-PA,1059,2,2,4316,0,4320,G
3-PA,1060,0,2,4275,1,4278,G
3-PA,1061,0,4425,1,4,4430,T
3-PA,1062,0,4442,0,4,4446,T
3-PA,1063,7,0,1,4433,4441,C
3-PA,1064,7,2,1,4437,4447,C
3-PA,1065,4433,0,5,0,4438,A
3-PA,1066,4430,0,4,0,4434,A
3-PA,1067,1,9,4468,0,4478,G
3-PA,1068,0,8,4511,0,4519,G
3-PA,1069,4453,2,5,0,4460,A
3-PA,1070,0,2,0,4482,4484,C
3-PA,1071,0,4482,1,2,4485,T
3-PA,1072,4486,0,1,0,4487,A
3-PA,1073,4486,0,0,0,4486,A
3-PA,1074,4481,0,0,2,4483,A
3-PA,1075,4495,1,4,0,4500,A
3-PA,1076,4472,1,2,4,4479,A
3-PA,1077,1,1,0,4420,4422,C
3-PA,1078,4392,0,3,1,4396,A
3-PA,1079,0,4372,0,0,4372,T
3-PA,1080,0,10,4394,0,4404,G
3-PA,1081,4401,3,4,0,4408,A
3-PA,1082,4406,0,1,0,4407,A
3-PA,1083,0,7,4429,0,4436,G
3-PA,1084,4427,1,0,1,4429,A
3-PA,1085,4427,0,2,1,4430,A
3-PA,1086,4397,1,5,0,4403,A
3-PA,1087,4391,0,6,5,4402,A
3-PA,1088,0,1,0,4418,4419,C
3-PA,1089,2,20,4388,0,4410,G
3-PA,1090,4427,1,3,0,4431,A
3-PA,1091,0,2,4434,0,4436,G
3-PA,1092,3,4395,0,10,4408,T
3-PA,1093,14,3,0,4502,4519,C
3-PA,1094,4509,1,4,0,4514,A
3-PA,1095,4603,0,1,0,4604,A
3-PA,1096,0,1,0,4604,4605,C
3-PA,1097,0,4591,0,1,4592,T
3-PA,1098,0,5,4662,0,4667,G
3-PA,1099,4655,1,4,0,4660,A
3-PA,1100,4664,2,6,0,4672,A
3-PA,1101,0,2,4682,0,4684,G
3-PA,1102,0,4576,0,0,4576,T
3-PA,1103,1,9,4562,0,4572,G
3-PA,1104,0,3,4550,0,4553,G
3-PA,1105,1,4,4557,1,4563,G
3-PA,1106,0,0,0,4579,4579,C
3-PA,1107,0,4546,0,2,4548,T
3-PA,1108,8,5,0,4576,4589,C
3-PA,1109,0,4565,0,1,4566,T
3-PA,1110,1,4570,1,2,4574,T
3-PA,1111,0,8,4668,0,4676,G
3-PA,1112,2,1,4686,0,4689,G
3-PA,1113,4,4669,0,3,4676,T
3-PA,1114,8,10,4650,0,4668,G
3-PA,1115,4640,0,2,0,4642,A
3-PA,1116,4678,0,3,1,4682,A
3-PA,1117,4654,0,1,1,4656,A
3-PA,1118,4667,1,2,15,4685,A
3-PA,1119,0,2,1,4695,4698,C
3-PA,1120,4640,1,3,0,4644,A
3-PA,1121,1,4641,7,5,4654,T
3-PA,1122,2,11,4630,1,4644,G
3-PA,1123,3,1,4729,0,4733,G
3-PA,1124,3,2,0,4736,4741,C
3-PA,1125,4745,1,6,3,4755,A
3-PA,1126,5,1,0,4750,4756,C
3-PA,1127,12,1,0,4754,4767,C
3-PA,1128,4827,2,4,0,4833,A
3-PA,1129,0,10,4866,0,4876,G
3-PA,1130,4863,0,2,0,4865,A
3-PA,1131,2,5,4894,0,4901,G
3-PA,1132,4876,0,3,0,4879,A
3-PA,1133,4859,0,5,0,4864,A
3-PA,1134,1,10,4876,0,4887,G
3-PA,1135,2,0,4862,1,4865,G
3-PA,1136,1,4865,0,1,4867,T
3-PA,1137,4809,0,0,2,4811,A
3-PA,1138,1,14,4791,0,4806,G
3-PA,1139,4804,2,0,0,4806,A
3-PA,1140,1,0,0,4826,4827,C
3-PA,1141,1,4744,0,3,4748,T
3-PA,1142,1,4741,0,2,4744,T
3-PA,1143,1,4759,0,4,4764,T
3-PA,1144,1,11,4763,1,4776,G
3-PA,1145,4761,1,11,0,4773,A
3-PA,1146,4787,1,0,0,4788,A
3-PA,1147,4773,0,4,1,4778,A
3-PA,1148,4753,1,2,0,4756,A
3-PA,1149,0,0,0,4866,4866,C
3-PA,1150,1,4836,1,2,4840,T
3-PA,1151,1,2,4890,1,4894,G
3-PA,1152,3,4,1,4889,4897,C
3-PA,1153,4895,1,9,0,4905,A
3-PA,1154,0,2,4888,0,4890,G
3-PA,1155,4878,1,5,0,4884,A
3-PA,1156,1,5,5104,0,5110,G
3-PA,1157,5101,2,5,0,5108,A
3-PA,1158,0,3,1,5054,5058,C
3-PA,1159,5046,2,7,0,5055,A
3-PA,1160,1,5030,0,2,5033,T
3-PA,1161,5029,1,1,1,5032,A
3-PA,1162,5016,0,19,0,5035,A
3-PA,1163,2,4,5026,0,5032,G
3-PA,1164,2,4,0,5019,5025,C
3-PA,1165,2,10,4923,0,4935,G
3-PA,1166,5021,2,1,1,5025,A
3-PA,1167,0,4970,0,0,4970,T
3-PA,1168,0,4970,1,9,4980,T
3-PA,1169,0,4979,0,0,4979,T
3-PA,1170,1,11,4983,0,4995,G
3-PA,1171,5012,1,5,0,5018,A
3-PA,1172,5013,1,7,0,5021,A
3-PA,1173,0,4,5033,0,5037,G
3-PA,1174,2,1,0,5125,5128,C
3-PA,1175,5057,2,0,2,5061,A
3-PA,1176,5430,1,2,2,5435,A
3-PA,1177,1,5451,0,1,5453,T
3-PA,1178,5459,1,6,0,5466,A
3-PA,1179,1,5493,0,5,5499,T
3-PA,1180,19,9,5475,0,5503,G
3-PA,1181,5540,1,7,0,5548,A
3-PA,1182,1,5542,0,1,5544,T
3-PA,1183,5368,1,3,0,5372,A
3-PA,1184,0,1,5400,0,5401,G
3-PA,1185,3,5170,0,3,5176,T
3-PA,1186,0,14,5153,1,5168,G
3-PA,1187,5169,2,2,0,5173,A
3-PA,1188,1,2,0,5145,5148,C
3-PA,1189,3,20,5107,0,5130,G
3-PA,1190,5150,1,1,1,5153,A
3-PA,1191,5150,0,8,0,5158,A
3-PA,1192,0,2,0,5216,5218,C
3-PA,1193,8,2,9,5202,5221,C
3-PA,1194,1,5203,0,4,5208,T
3-PA,1195,1,15,5330,1,5347,G
3-PA,1196,5329,3,4,1,5337,A
3-PA,1197,5351,3,0,0,5354,A
3-PA,1198,1,5341,0,2,5344,T
3-PA,1199,1,5309,13,2,5325,T
3-PA,1200,5315,1,1,1,5318,A
3-PA,1201,5246,0,1,1,5248,A
3-PA,1202,1,6,5264,1,5272,G
3-PA,1203,0,1,5283,1,5285,G
3-PA,1204,1,5180,0,13,5194,T
3-PA,1205,21,1,0,5170,5192,C
3-PA,1206,5193,0,3,0,5196,A
3-PA,1207,2,1,0,5327,5330,C
3-PA,1208,0,5332,1,3,5336,T
3-PA,1209,2,5344,0,0,5346,T
3-PA,1210,1,5338,0,5,5344,T
3-PA,1211,8,6,0,5327,5341,C
3-PA,1212,5329,0,4,1,5334,A
3-PA,1213,5330,2,2,0,5334,A
3-PA,1214,1,1,5393,0,5395,G
3-PA,1215,1,3,0,5387,5391,C
3-PA,1216,0,5271,0,0,5271,T
3-PA,1217,0,4,5402,1,5407,G
3-PA,1218,2,8,5416,0,5426,G
3-PA,1219,5498,0,6,1,5505,A
3-PA,1220,2,5547,0,1,5550,T
3-PA,1221,5546,0,4,0,5550,A
3-PA,1222,1,5,0,5571,5577,C
3-PA,1223,5447,1,1,0,5449,A
3-PA,1224,1,11,5487,0,5499,G
3-PA,1225,5486,1,2,0,5489,A
3-PA,1226,5399,0,3,0,5402,A
3-PA,1227,1,5317,0,8,5326,T
3-PA,1228,0,10,5332,0,5342,G
3-PA,1229,5303,0,6,0,5309,A
3-PA,1230,1,2,5373,0,5376,G
3-PA,1231,0,5334,0,4,5338,T
3-PA,1232,0,5336,0,3,5339,T
3-PA,1233,26,1,0,5367,5394,C
3-PA,1234,5432,1,2,0,5435,A
3-PA,1235,5445,0,1,0,5446,A
3-PA,1236,2,1,0,5435,5438,C
3-PA,1237,5403,1,2,0,5406,A
3-PA,1238,5400,0,2,0,5402,A
3-PA,1239,0,6,5356,0,5362,G
3-PA,1240,4,1,5414,0,5419,G
3-PA,1241,3,0,0,5442,5445,C
3-PA,1242,4,1,0,5403,5408,C
3-PA,1243,0,5384,0,7,5391,T
3-PA,1244,0,2,5432,0,5434,G
3-PA,1245,1,5419,0,0,5420,T
3-PA,1246,2,9,5477,1,5489,G
3-PA,1247,5479,0,11,1,5491,A
3-PA,1248,3,0,5480,0,5483,G
3-PA,1249,2,4,0,5448,5454,C
3-PA,1250,0,5403,0,2,5405,T
3-PA,1251,5529,1,0,0,5530,A
3-PA,1252,5532,1,1,0,5534,A
3-PA,1253,0,1,0,5546,5547,C
3-PA,1254,0,5507,1,1,5509,T
3-PA,1255,2,17,5495,1,5515,G
3-PA,1256,5500,0,0,0,5500,A
3-PA,1257,0,5473,0,12,5485,T
3-PA,1258,0,5479,0,2,5481,T
3-PA,1259,18,1,0,5474,5493,C
3-PA,1260,5572,0,2,0,5574,A
3-PA,1261,0,2,5679,0,5681,G
3-PA,1262,1,5643,0,4,5648,T
3-PA,1263,7,1,0,5656,5664,C
3-PA,1264,1,5621,1,5,5628,T
3-PA,1265,2,9,5900,0,5911,G
3-PA,1266,2,6,5900,0,5908,G
3-PA,1267,5902,0,3,1,5906,A
3-PA,1268,1,5909,1,4,5915,T
3-PA,1269,5651,1,1,0,5653,A
3-PA,1270,3,9,5652,0,5664,G
3-PA,1271,5631,0,7,0,5638,A
3-PA,1272,0,5,5666,0,5671,G
3-PA,1273,0,1,0,5654,5655,C
3-PA,1274,0,5494,0,7,5501,T
3-PA,1275,1,5485,0,3,5489,T
3-PA,1276,3,8,5508,2,5521,G
3-PA,1277,5518,0,1,1,5520,A
3-PA,1278,1,5525,0,1,5527,T
3-PA,1279,1,13,5489,1,5504,G
3-PA,1280,5552,1,1,1,5555,A
3-PA,1281,5551,0,2,0,5553,A
3-PA,1282,5552,2,3,0,5557,A
3-PA,1283,0,5553,0,3,5556,T
3-PA,1284,0,5547,0,4,5551,T
3-PA,1285,0,8,5593,2,5603,G
3-PA,1286,0,18,5592,0,5610,G
3-PA,1287,5588,1,8,0,5597,A
3-PA,1288,1,7,5603,0,5611,G
3-PA,1289,5533,1,5,1,5540,A
3-PA,1290,2,7,5580,0,5589,G
3-PA,1291,3,12,5610,0,5625,G
3-PA,1292,5681,1,4,0,5686,A
3-PA,1293,1,4,1,5687,5693,C
3-PA,1294,2,3,5630,0,5635,G
3-PA,1295,2,5631,0,1,5634,T
3-PA,1296,5672,0,2,0,5674,A
3-PA,1297,3,1,5721,0,5725,G
3-PA,1298,3,2,1,5751,5757,C
3-PA,1299,10,1,1,5700,5712,C
3-PA,1300,10,2,0,5677,5689,C
3-PA,1301,12,0,0,5685,5697,C
3-PA,1302,5712,0,2,0,5714,A
3-PA,1303,5870,1,2,0,5873,A
3-PA,1304,1,5863,0,0,5864,T
3-PA,1305,2,5832,0,2,5836,T
3-PA,1306,0,22,5804,0,5826,G
3-PA,1307,5713,0,12,0,5725,A
3-PA,1308,2,2,5737,0,5741,G
3-PA,1309,6,2,2,5723,5733,C
3-PA,1310,5698,1,2,0,5701,A
3-PA,1311,3,0,0,5820,5823,C
3-PA,1312,5692,0,1,0,5693,A
3-PA,1313,1,5849,0,8,5858,T
3-PA,1314,1,5858,0,2,5861,T
3-PA,1315,4,2,5867,0,5873,G
3-PA,1316,5,3,0,5857,5865,C
3-PA,1317,5842,1,6,1,5850,A
3-PA,1318,5837,0,8,0,5845,A
3-PA,1319,3,2,5849,0,5854,G
3-PA,1320,3,8,0,5785,5796,C
3-PA,1321,5793,0,2,0,5795,A
3-PA,1322,0,5626,0,4,5630,T
3-PA,1323,9,13,5618,0,5640,G
3-PA,1324,5616,0,6,0,5622,A
3-PA,1325,0,5,5633,0,5638,G
3-PA,1326,5634,1,7,0,5642,A
3-PA,1327,5634,1,3,0,5638,A
3-PA,1328,1,7,5631,0,5639,G
3-PA,1329,1,8,5627,0,5636,G
3-PA,1330,5639,1,3,1,5644,A
3-PA,1331,5639,0,3,1,5643,A
3-PA,1332,0,5657,0,2,5659,T
3-PA,1333,1,5646,0,1,5648,T
3-PA,1334,5671,1,0,1,5673,A
3-PA,1335,0,5678,0,21,5699,T
3-PA,1336,0,5690,0,2,5692,T
3-PA,1337,1,5692,0,5,5698,T
3-PA,1338,7,1,0,5657,5665,C
3-PA,1339,5629,1,3,0,5633,A
3-PA,1340,0,1,0,5751,5752,C
3-PA,1341,5706,2,2,1,5711,A
3-PA,1342,2,1,5763,0,5766,G
3-PA,1343,4,1,0,5743,5748,C
3-PA,1344,5705,1,2,0,5708,A
3-PA,1345,0,8,5741,0,5749,G
3-PA,1346,5707,1,7,2,5717,A
3-PA,1347,1,6,5753,0,5760,G
3-PA,1348,0,1,5779,0,5780,G
3-PA,1349,2,5614,0,8,5624,T
3-PA,1350,2,3,5737,0,5742,G
3-PA,1351,1,5685,0,13,5699,T
3-PA,1352,9,2,0,5685,5696,C
3-PA,1353,9,1,0,5734,5744,C
3-PA,1354,9,3,0,5704,5716,C
3-PA,1355,5760,2,1,2,5765,A
3-PA,1356,1,5828,1,7,5837,T
3-PA,1357,1,5796,0,5,5802,T
3-PA,1358,5,4,5824,1,5834,G
3-PA,1359,1,5718,0,5,5724,T
3-PA,1360,5647,0,1,0,5648,A
3-PA,1361,0,8,5630,0,5638,G
3-PA,1362,5512,0,9,0,5521,A
3-PA,1363,1,1,5534,0,5536,G
3-PA,1364,1,2,0,5465,5468,C
3-PA,1365,4,3,1,5373,5381,C
3-PA,1366,5463,0,2,0,5465,A
3-PA,1367,5,0,0,5470,5475,C
3-PA,1368,0,5439,9,0,5448,T
3-PA,1369,0,14,5427,0,5441,G
3-PA,1370,5423,1,0,0,5424,A
3-PA,1371,5326,1,6,1,5334,A
3-PA,1372,3,5457,0,0,5460,T
3-PA,1373,5506,1,3,0,5510,A
3-PA,1374,1,2,0,5559,5562,C
3-PA,1375,5438,1,2,0,5441,A
3-PA,1376,1,5454,1,8,5464,T
3-PA,1377,5434,0,9,0,5443,A
3-PA,1378,5455,1,3,1,5460,A
3-PA,1379,0,5451,0,2,5453,T
3-PA,1380,3,2,5378,0,5383,G
3-PA,1381,5363,0,5,2,5370,A
3-PA,1382,5292,0,1,0,5293,A
3-PA,1383,3,9,5290,0,5302,G
3-PA,1384,1,10,5280,0,5291,G
3-PA,1385,0,13,5330,0,5343,G
3-PA,1386,2,11,5324,1,5338,G
3-PA,1387,2,2,5399,1,5404,G
3-PA,1388,2,5317,0,3,5322,T
3-PA,1389,5348,0,2,2,5352,A
3-PA,1390,0,5369,0,3,5372,T
3-PA,1391,5427,0,1,0,5428,A
3-PA,1392,2,4,0,5879,5885,C
3-PA,1393,5695,0,1,0,5696,A
3-PA,1394,0,5594,0,2,5596,T
3-PA,1395,0,5526,0,2,5528,T
3-PA,1396,5478,0,0,1,5479,A
3-PA,1397,5567,1,0,0,5568,A
3-PA,1398,2,7,0,5560,5569,C
3-PA,1399,5480,0,0,1,5481,A
3-PA,1400,2,0,1,5483,5486,C
3-PA,1401,1,4900,0,1,4902,T
3-PA,1402,3,0,5085,0,5088,G
3-PA,1403,2,2,0,5082,5086,C
3-PA,1404,8,0,0,5059,5067,C
3-PA,1405,5,0,1,5095,5101,C
3-PA,1406,0,4939,1,1,4941,T
3-PA,1407,7,1,5088,0,5096,G
3-PA,1408,1,0,0,5095,5096,C
3-PA,1409,1,5088,0,3,5092,T
3-PA,1410,14,1,1,5182,5198,C
3-PA,1411,5002,1,1,0,5004,A
3-PA,1412,5059,0,1,0,5060,A
3-PA,1413,0,5053,0,2,5055,T
3-PA,1414,5,2,5047,0,5054,G
3-PA,1415,5,1,0,5043,5049,C
3-PA,1416,4923,0,0,1,4924,A
3-PA,1417,1,4905,0,6,4912,T
3-PA,1418,8,0,1,4906,4915,C
3-PA,1419,4,0,0,4944,4948,C
3-PA,1420,1,4750,1,3,4755,T
3-PA,1421,2,1,4842,0,4845,G
3-PA,1422,0,4828,0,3,4831,T
3-PA,1423,3,1,4815,0,4819,G
3-PA,1424,2,2,0,4821,4825,C
3-PA,1425,4739,1,5,2,4747,A
3-PA,1426,0,2,4802,0,4804,G
3-PA,1427,2,1,0,4782,4785,C
3-PA,1428,4724,0,0,0,4724,A
3-PA,1429,4726,2,0,0,4728,A
3-PA,1430,0,4534,0,7,4541,T
3-PA,1431,1,7,4544,0,4552,G
3-PA,1432,1,4,4542,0,4547,G
3-PA,1433,4549,0,2,0,4551,A
3-PA,1434,2,3,0,4538,4543,C
3-PA,1435,2,11,4495,0,4508,G
3-PA,1436,4559,0,1,0,4560,A
3-PA,1437,1,4547,1,1,4550,T
3-PA,1438,1,4544,0,4,4549,T
3-PA,1439,0,4538,1,1,4540,T
3-PA,1440,1,4537,1,3,4542,T
3-PA,1441,11,0,0,4533,4544,C
3-PA,1442,4548,0,2,0,4550,A
3-PA,1443,4561,2,4,0,4567,A
3-PA,1444,2,0,1,4564,4567,C
3-PA,1445,0,4489,1,8,4498,T
3-PA,1446,4483,1,2,0,4486,A
3-PA,1447,4489,1,0,0,4490,A
3-PA,1448,0,4492,0,1,4493,T
3-PA,1449,0,4485,0,3,4488,T
3-PA,1450,14,5,0,4478,4497,C
3-PA,1451,4,1,0,4471,4476,C
3-PA,1452,12,3,0,4453,4468,C
3-PA,1453,4483,1,1,1,4486,A
3-PA,1454,3,4534,0,7,4544,T
3-PA,1455,2,4,4554,0,4560,G
3-PA,1456,4561,0,3,0,4564,A
3-PA,1457,0,4541,0,1,4542,T
3-PA,1458,4528,0,2,0,4530,A
3-PA,1459,4525,1,4,0,4530,A
3-PA,1460,0,0,4534,0,4534,G
3-PA,1461,2,3,0,4518,4523,C
3-PA,1462,4507,1,1,0,4509,A
3-PA,1463,4350,1,6,0,4357,A
3-PA,1464,1,1,4435,0,4437,G
3-PA,1465,0,4399,0,2,4401,T
3-PA,1466,1,0,4400,0,4401,G
3-PA,1467,4,0,0,4379,4383,C
3-PA,1468,4347,0,2,1,4350,A
3-PA,1469,1,7,4397,0,4405,G
3-PA,1470,4374,1,1,0,4376,A
3-PA,1471,4422,0,4,0,4426,A
3-PA,1472,2,1,0,4415,4418,C
3-PA,1473,0,4287,1,3,4291,T
3-PA,1474,4305,0,2,0,4307,A
3-PA,1475,4306,0,2,1,4309,A
3-PA,1476,4301,2,3,0,4306,A
3-PA,1477,1,6,4317,0,4324,G
3-PA,1478,4134,0,4,0,4138,A
3-PA,1479,0,11,4131,1,4143,G
3-PA,1480,0,2,4062,0,4064,G
3-PA,1481,0,2,4052,1,4055,G
3-PA,1482,4023,0,4,0,4027,A
3-PA,1483,3939,2,2,0,3943,A
3-PA,1484,1,9,3920,0,3930,G
3-PA,1485,4,2,3943,0,3949,G
3-PA,1486,1,0,0,3933,3934,C
3-PA,1487,2,8,3926,0,3936,G
3-PA,1488,3912,0,6,0,3918,A
3-PA,1489,3920,0,1,0,3921,A
3-PA,1490,3919,0,0,0,3919,A
3-PA,1491,3922,0,2,0,3924,A
3-PA,1492,3929,1,2,0,3932,A
3-PA,1493,0,5,0,3927,3932,C
3-PA,1494,10,2,0,3888,3900,C
3-PA,1495,3901,0,0,0,3901,A
3-PA,1496,3934,0,0,1,3935,A
3-PA,1497,0,3918,0,1,3919,T
3-PA,1498,0,3923,0,2,3925,T
3-PA,1499,1,3929,0,2,3932,T
3-PA,1500,3937,1,0,0,3938,A
3-PA,1501,1,3932,0,2,3935,T
3-PA,1502,3926,0,2,0,3928,A
3-PA,1503,1,3913,0,1,3915,T
3-PA,1504,2,4,3867,0,3873,G
3-PA,1505,1,9,3826,0,3836,G
3-PA,1506,3830,1,0,0,3831,A
3-PA,1507,0,3818,0,3,3821,T
3-PA,1508,0,3778,0,1,3779,T
3-PA,1509,10,0,0,3746,3756,C
3-PA,1510,3758,1,4,0,3763,A
3-PA,1511,2,3791,0,4,3797,T
3-PA,1512,8,0,0,3791,3799,C
3-PA,1513,3787,0,0,0,3787,A
3-PA,1514,1,3744,0,0,3745,T
3-PA,1515,3729,0,1,0,3730,A
3-PA,1516,3723,0,1,0,3724,A
3-PA,1517,3728,0,5,0,3733,A
3-PA,1518,0,11,3703,0,3714,G
3-PA,1519,2,37,3611,1,3651,G
3-PA,1520,1,5,3623,0,3629,G
3-PA,1521,3599,0,7,0,3606,A
3-PA,1522,3571,0,4,0,3575,A
3-PA,1523,0,4,3589,0,3593,G
3-PA,1524,3548,0,5,0,3553,A
3-PA,1525,3,3546,0,2,3551,T
3-PA,1526,6,0,1,3535,3542,C
3-PA,1527,1,3469,0,3,3473,T
3-PA,1528,11,3,1,3521,3536,C
3-PA,1529,3524,1,1,0,3526,A
3-PA,1530,1,3514,2,1,3518,T
3-PA,1531,2,3513,0,2,3517,T
3-PA,1532,0,3477,0,0,3477,T
3-PA,1533,3454,0,4,0,3458,A
3-PA,1534,3447,0,3,0,3450,A
3-PA,1535,1,4,3444,0,3449,G
3-PA,1536,0,6,3473,1,3480,G
3-PA,1537,3272,1,2,0,3275,A
3-PA,1538,3268,0,2,0,3270,A
3-PA,1539,0,3262,3,3,3268,T
3-PA,1540,0,6,3272,1,3279,G
3-PA,1541,3337,2,5,0,3344,A
3-PA,1542,0,0,0,3346,3346,C
3-PA,1543,3322,0,2,0,3324,A
3-PA,1544,0,1,0,3321,3322,C
3-PA,1545,3206,0,4,0,3210,A
3-PA,1546,0,6,3222,0,3228,G
3-PA,1547,3209,0,3,0,3212,A
3-PA,1548,0,1,0,3174,3175,C
3-PA,1549,1,0,3145,1,3147,G
3-PA,1550,1,2891,0,0,2892,T
3-PA,1551,0,4,2891,0,2895,G
3-PA,1552,2,0,2896,0,2898,G
3-PA,1553,0,2900,0,1,2901,T
3-PA,1554,2898,0,2,0,2900,A
3-PA,1555,2839,1,0,0,2840,A
3-PA,1556,2842,0,2,1,2845,A
3-PA,1557,1,2833,0,4,2838,T
3-PA,1558,0,2795,0,0,2795,T
3-PA,1559,0,2794,1,0,2795,T
3-PA,1560,1,2764,0,0,2765,T
3-PA,1561,1,0,2765,0,2766,G
3-PA,1562,0,2742,0,2,2744,T
3-PA,1563,1,5,2739,1,2746,G
3-PA,1564,2727,0,3,0,2730,A
3-PA,1565,0,0,2736,0,2736,G
3-PA,1566,1,3,0,2715,2719,C
3-PA,1567,2718,1,1,0,2720,A
3-PA,1568,0,2713,0,4,2717,T
3-PA,1569,0,2,2716,0,2718,G
3-PA,1570,0,4,2717,0,2721,G
3-PA,1571,2721,0,5,1,2727,A
3-PA,1572,0,0,2727,0,2727,G
3-PA,1573,0,2682,1,2,2685,T
3-PA,1574,1,2640,0,1,2642,T
3-PA,1575,0,2651,1,1,2653,T
3-PA,1576,0,2645,0,3,2648,T
3-PA,1577,7,2,0,2643,2652,C
3-PA,1578,0,2624,0,4,2628,T
3-PA,1579,5,0,0,2616,2621,C
3-PA,1580,0,2532,0,1,2533,T
3-PA,1581,7,0,0,2510,2517,C
3-PA,1582,2509,0,2,0,2511,A
3-PA,1583,1,2,0,2506,2509,C
3-PA,1584,0,2422,0,3,2425,T
3-PA,1585,2,9,2408,0,2419,G
3-PA,1586,2411,0,1,0,2412,A
3-PA,1587,0,0,0,2425,2425,C
3-PA,1588,7,1,0,2401,2409,C
3-PA,1589,6,1,0,2365,2372,C
3-PA,1590,0,3,2356,0,2359,G
3-PA,1591,2350,1,3,0,2354,A
3-PA,1592,0,0,2359,0,2359,G
3-PA,1593,2356,0,2,0,2358,A
3-PA,1594,1,0,0,2300,2301,C
3-PA,1595,0,2246,0,7,2253,T
3-PA,1596,1,2087,0,0,2088,T
3-PA,1597,0,5,2084,0,2089,G
3-PA,1598,2073,0,6,0,2079,A
3-PA,1599,0,0,2088,0,2088,G
3-PA,1600,1,1,0,2070,2072,C
3-PA,1601,3,5,1,1981,1990,C
3-PA,1602,1992,0,2,0,1994,A
3-PA,1603,0,1,0,1984,1985,C
3-PA,1604,1989,0,2,0,1991,A
3-PA,1605,0,1987,1,0,1988,T
3-PA,1606,1973,0,1,0,1974,A
3-PA,1607,1975,0,1,0,1976,A
3-PA,1608,1967,0,1,0,1968,A
3-PA,1609,0,1951,0,0,1951,T
3-PA,1610,4,2,1936,0,1942,G
3-PA,1611,0,2,1751,0,1753,G
3-PA,1612,0,2,1730,0,1732,G
3-PA,1613,1693,1,0,0,1694,A
3-PA,1614,0,2,1689,0,1691,G
3-PA,1615,1657,0,1,0,1658,A
3-PA,1616,1625,1,1,0,1627,A
3-PA,1617,1629,0,0,0,1629,A
3-PA,1618,0,1623,0,1,1624,T
3-PA,1619,1612,0,0,0,1612,A
3-PA,1620,6,0,0,1600,1606,C
3-PA,1621,0,1021,0,1,1022,T
3-PA,1622,0,1,1024,0,1025,G
3-PA,1623,0,783,0,0,783,T
3-PA,1624,0,0,811,0,811,G
3-PA,1625,0,787,0,0,787,T
3-PA,1626,2,0,0,659,661,C
3-PA,1627,0,1,0,644,645,C
3-PA,1628,1,617,0,2,620,T
3-PA,1629,0,619,0,0,619,T
3-PA,1630,0,2,631,0,633,G
3-PA,1631,635,0,1,0,636,A
3-PA,1632,0,1,645,0,646,G
3-PA,1633,622,0,1,0,623,A
3-PA,1634,0,622,0,0,622,T
3-PA,1635,614,0,0,0,614,A
3-PA,1636,0,0,626,0,626,G
3-PA,1637,0,3,625,0,628,G
3-PA,1638,624,0,0,0,624,A
3-PA,1639,0,1,623,0,624,G
3-PA,1640,615,0,0,0,615,A
3-PA,1641,0,611,0,0,611,T
3-PA,1642,615,0,1,0,616,A
3-PA,1643,0,616,0,0,616,T
3-PA,1644,0,0,620,0,620,G
3-PA,1645,0,616,0,0,616,T
3-PA,1646,0,619,0,0,619,T
3-PA,1647,633,0,0,0,633,A
3-PA,1648,0,0,0,633,633,C
3-PA,1649,0,631,0,0,631,T
3-PA,1650,634,0,0,0,634,A
3-PA,1651,620,0,0,0,620,A
3-PA,1652,0,1,624,0,625,G
3-PA,1653,618,0,1,0,619,A
3-PA,1654,615,0,0,0,615,A
3-PA,1655,0,1,599,0,600,G
3-PA,1656,0,604,0,0,604,T
3-PA,1657,1,0,608,0,609,G
3-PA,1658,0,0,0,610,610,C
3-PA,1659,5,2,0,605,612,C
3-PA,1660,607,0,0,0,607,A
3-PA,1661,0,603,0,0,603,T
3-PA,1662,603,0,0,0,603,A
3-PA,1663,0,2,603,1,606,G
3-PA,1664,0,1,602,0,603,G
3-PA,1665,0,0,0,603,603,C
3-PA,1666,1,0,0,592,593,C
3-PA,1667,595,0,1,0,596,A
3-PA,1668,596,0,0,0,596,A
3-PA,1669,594,0,0,0,594,A
3-PA,1670,0,606,0,0,606,T
3-PA,1671,0,604,0,0,604,T
3-PA,1672,0,605,0,0,605,T
3-PA,1673,1,0,0,606,607,C
3-PA,1674,587,0,1,0,588,A
3-PA,1675,592,0,0,0,592,A
3-PA,1676,0,0,592,0,592,G
3-PA,1677,0,0,593,0,593,G
3-PA,1678,1,0,0,592,593,C
3-PA,1679,0,0,0,578,578,C
3-PA,1680,0,2,577,0,579,G
3-PA,1681,596,0,0,0,596,A
3-PA,1682,0,597,0,0,597,T
3-PA,1683,0,1,606,0,607,G
3-PA,1684,0,609,0,0,609,T
3-PA,1685,0,626,0,0,626,T
3-PA,1686,3,0,0,631,634,C
3-PA,1687,0,623,0,6,629,T
3-PA,1688,1,632,0,0,633,T
3-PA,1689,0,0,636,0,636,G
3-PA,1690,0,625,0,0,625,T
3-PA,1691,629,1,1,0,631,A
3-PA,1692,0,612,0,0,612,T
3-PA,1693,1,0,610,0,611,G
3-PA,1694,1,596,0,1,598,T
3-PA,1695,0,0,594,0,594,G
3-PA,1696,591,0,3,0,594,A
3-PA,1697,0,2,596,0,598,G
3-PA,1698,0,2,591,0,593,G
3-PA,1699,593,0,0,0,593,A
3-PA,1700,0,2,0,587,589,C
3-PA,1701,590,0,0,0,590,A
3-PA,1702,588,1,0,0,589,A
3-PA,1703,590,0,0,0,590,A
3-PA,1704,0,0,0,592,592,C
3-PA,1705,0,2,589,0,591,G
3-PA,1706,0,1,591,0,592,G
3-PA,1707,586,0,1,0,587,A
3-PA,1708,589,1,0,0,590,A
3-PA,1709,0,2,0,587,589,C
3-PA,1710,588,0,0,0,588,A
3-PA,1711,0,589,0,0,589,T
3-PA,1712,0,0,0,588,588,C
3-PA,1713,588,0,0,0,588,A
3-PA,1714,587,0,0,0,587,A
3-PA,1715,577,0,0,0,577,A
3-PA,1716,0,3,581,0,584,G
3-PA,1717,0,1,582,0,583,G
3-PA,1718,0,578,0,1,579,T
3-PA,1719,3,0,0,574,577,C
3-PA,1720,578,0,0,0,578,A
3-PA,1721,580,0,0,0,580,A
3-PA,1722,579,0,0,0,579,A
3-PA,1723,581,0,0,0,581,A
3-PA,1724,0,582,0,0,582,T
3-PA,1725,0,4,575,0,579,G
3-PA,1726,573,0,0,0,573,A
3-PA,1727,571,0,0,0,571,A
3-PA,1728,572,0,0,0,572,A
3-PA,1729,0,571,0,1,572,T
3-PA,1730,1,0,575,0,576,G
3-PA,1731,0,2,575,0,577,G
3-PA,1732,0,1,578,0,579,G
3-PA,1733,0,2,583,0,585,G
3-PA,1734,577,0,0,0,577,A
3-PA,1735,583,0,0,0,583,A
3-PA,1736,1,582,0,0,583,T
3-PA,1737,0,1,583,0,584,G
3-PA,1738,0,0,590,0,590,G
3-PA,1739,588,0,0,0,588,A
3-PA,1740,0,0,593,0,593,G
3-PA,1741,587,0,2,0,589,A
3-PA,1742,0,588,0,0,588,T
3-PA,1743,0,1,587,0,588,G
3-PA,1744,580,0,2,0,582,A
3-PA,1745,0,0,588,0,588,G
3-PA,1746,583,0,0,0,583,A
3-PA,1747,0,1,0,578,579,C
3-PA,1748,0,0,571,0,571,G
3-PA,1749,0,564,0,0,564,T
3-PA,1750,0,564,0,1,565,T
3-PA,1751,0,1,564,0,565,G
3-PA,1752,0,0,0,562,562,C
3-PA,1753,0,0,0,566,566,C
3-PA,1754,0,560,0,0,560,T
3-PA,1755,1,1,0,571,573,C
3-PA,1756,2,0,0,572,574,C
3-PA,1757,0,575,0,0,575,T
3-PA,1758,0,576,0,0,576,T
3-PA,1759,0,0,0,577,577,C
3-PA,1760,571,0,0,0,571,A
3-PA,1761,0,0,572,0,572,G
3-PA,1762,1,566,2,0,569,T
3-PA,1763,3,0,0,572,575,C
3-PA,1764,563,1,0,0,564,A
3-PA,1765,0,0,0,588,588,C
3-PA,1766,0,586,0,0,586,T
3-PA,1767,2,0,0,590,592,C
3-PA,1768,0,0,0,591,591,C
3-PA,1769,586,0,2,0,588,A
3-PA,1770,0,0,589,0,589,G
3-PA,1771,0,0,0,587,587,C
3-PA,1772,581,0,0,0,581,A
3-PA,1773,0,2,584,0,586,G
3-PA,1774,567,0,0,0,567,A
3-PA,1775,0,567,0,0,567,T
3-PA,1776,0,0,0,565,565,C
3-PA,1777,1,1,563,0,565,G
3-PA,1778,561,0,0,0,561,A
3-PA,1779,0,0,562,0,562,G
3-PA,1780,561,0,0,0,561,A
3-PA,1781,3,0,564,0,567,G
3-PA,1782,0,0,0,558,558,C
3-PA,1783,554,0,1,1,556,A
3-PA,1784,0,560,0,0,560,T
3-PA,1785,0,0,573,0,573,G
3-PA,1786,577,0,0,0,577,A
3-PA,1787,0,577,0,0,577,T
3-PA,1788,0,574,0,0,574,T
3-PA,1789,0,0,572,0,572,G
3-PA,1790,562,0,0,0,562,A
3-PA,1791,563,0,0,0,563,A
3-PA,1792,0,0,564,0,564,G
3-PA,1793,0,0,0,563,563,C
3-PA,1794,1,0,0,555,556,C
3-PA,1795,0,1,553,0,554,G
3-PA,1796,551,0,0,0,551,A
3-PA,1797,0,1,550,0,551,G
3-PA,1798,0,546,0,0,546,T
3-PA,1799,0,0,0,552,552,C
3-PA,1800,1,0,0,550,551,C
3-PA,1801,0,549,0,1,550,T
3-PA,1802,0,0,0,549,549,C
3-PA,1803,3,1,547,0,551,G
3-PA,1804,0,0,550,0,550,G
3-PA,1805,0,547,0,1,548,T
3-PA,1806,2,2,0,534,538,C
3-PA,1807,556,0,0,0,556,A
3-PA,1808,559,0,0,0,559,A
3-PA,1809,561,0,0,0,561,A
3-PA,1810,0,0,568,0,568,G
3-PA,1811,564,0,0,0,564,A
3-PA,1812,0,1,563,1,565,G
3-PA,1813,547,0,0,0,547,A
3-PA,1814,549,0,0,0,549,A
3-PA,1815,549,0,0,0,549,A
3-PA,1816,0,0,553,0,553,G
3-PA,1817,549,0,1,0,550,A
3-PA,1818,0,0,0,553,553,C
3-PA,1819,541,0,0,0,541,A
3-PA,1820,0,534,0,0,534,T
3-PA,1821,0,3,531,0,534,G
3-PA,1822,539,0,0,0,539,A
3-PA,1823,0,0,0,536,536,C
3-PA,1824,0,0,0,531,531,C
3-PA,1825,526,0,0,0,526,A
3-PA,1826,528,1,0,0,529,A
3-PA,1827,525,0,1,0,526,A
3-PA,1828,0,0,533,0,533,G
3-PA,1829,527,0,0,0,527,A
3-PA,1830,0,0,529,0,529,G
3-PA,1831,0,520,1,0,521,T
3-PA,1832,0,517,0,1,518,T
3-PA,1833,0,516,0,0,516,T
3-PA,1834,0,518,0,0,518,T
3-PA,1835,0,522,0,1,523,T
3-PA,1836,0,521,0,0,521,T
3-PA,1837,0,1,518,0,519,G
3-PA,1838,517,0,1,0,518,A
3-PA,1839,0,0,525,0,525,G
3-PA,1840,523,0,0,0,523,A
3-PA,1841,523,0,0,0,523,A
3-PA,1842,0,518,0,0,518,T
3-PA,1843,518,0,0,0,518,A
3-PA,1844,520,0,0,0,520,A
3-PA,1845,0,0,514,0,514,G
3-PA,1846,0,535,0,0,535,T
3-PA,1847,4,0,0,535,539,C
3-PA,1848,538,0,0,0,538,A
3-PA,1849,0,1,539,0,540,G
3-PA,1850,539,0,0,0,539,A
3-PA,1851,541,0,1,0,542,A
3-PA,1852,0,0,545,0,545,G
3-PA,1853,1,1,0,525,527,C
3-PA,1854,522,1,0,0,523,A
3-PA,1855,0,517,0,0,517,T
3-PA,1856,0,2,517,0,519,G
3-PA,1857,2,0,524,0,526,G
3-PA,1858,1,0,0,522,523,C
3-PA,1859,1,1,0,535,537,C
3-PA,1860,1,1,0,536,538,C
3-PA,1861,548,0,0,0,548,A
3-PA,1862,0,547,0,0,547,T
3-PA,1863,0,549,0,0,549,T
3-PA,1864,0,0,551,0,551,G
3-PA,1865,0,1,547,0,548,G
3-PA,1866,1,0,545,0,546,G
3-PA,1867,2,0,543,0,545,G
3-PA,1868,519,0,0,0,519,A
3-PA,1869,0,0,526,0,526,G
3-PA,1870,0,518,0,2,520,T
3-PA,1871,1,0,0,526,527,C
3-PA,1872,1,1,0,542,544,C
3-PA,1873,0,0,0,551,551,C
3-PA,1874,1,0,0,551,552,C
3-PA,1875,1,1,0,549,551,C
3-PA,1876,552,0,0,0,552,A
3-PA,1877,554,0,0,0,554,A
3-PA,1878,0,4,550,0,554,G
3-PA,1879,0,1,545,1,547,G
3-PA,1880,0,1,552,0,553,G
3-PA,1881,518,0,0,0,518,A
3-PA,1882,0,0,525,0,525,G
3-PA,1883,0,524,0,0,524,T
3-PA,1884,0,0,523,0,523,G
3-PA,1885,0,1,525,0,526,G
3-PA,1886,525,0,0,0,525,A
3-PA,1887,527,0,0,0,527,A
3-PA,1888,0,3,521,0,524,G
3-PA,1889,516,0,0,0,516,A
3-PA,1890,515,0,0,0,515,A
3-PA,1891,0,1,513,0,514,G
3-PA,1892,0,0,516,0,516,G
3-PA,1893,0,513,0,0,513,T
3-PA,1894,0,512,0,0,512,T
3-PA,1895,2,0,0,509,511,C
3-PA,1896,0,0,0,511,511,C
3-PA,1897,511,0,0,0,511,A
3-PA,1898,0,513,0,0,513,T
3-PA,1899,0,508,0,0,508,T
3-PA,1900,0,0,515,0,515,G
3-PA,1901,0,2,511,0,513,G
3-PA,1902,0,1,514,0,515,G
3-PA,1903,515,0,0,0,515,A
3-PA,1904,511,0,1,0,512,A
3-PA,1905,514,0,0,0,514,A
3-PA,1906,0,1,522,0,523,G
3-PA,1907,0,521,0,0,521,T
3-PA,1908,2,0,0,523,525,C
3-PA,1909,0,521,0,0,521,T
3-PA,1910,0,0,526,0,526,G
3-PA,1911,0,525,0,1,526,T
3-PA,1912,525,0,0,0,525,A
3-PA,1913,0,0,526,0,526,G
3-PA,1914,0,0,518,0,518,G
3-PA,1915,500,0,1,0,501,A
3-PA,1916,0,0,0,502,502,C
3-PA,1917,0,489,0,0,489,T
3-PA,1918,0,0,0,514,514,C
3-PA,1919,0,512,0,0,512,T
3-PA,1920,514,0,0,0,514,A
3-PA,1921,0,513,0,1,514,T
3-PA,1922,0,506,0,0,506,T
3-PA,1923,0,0,511,0,511,G
3-PA,1924,1,1,501,0,503,G
3-PA,1925,1,0,0,505,506,C
3-PA,1926,0,499,0,0,499,T
3-PA,1927,464,0,0,0,464,A
3-PA,1928,467,0,0,0,467,A
3-PA,1929,0,0,471,0,471,G
3-PA,1930,0,468,0,0,468,T
3-PA,1931,0,0,0,466,466,C
3-PA,1932,458,0,0,0,458,A
3-PA,1933,0,0,468,0,468,G
3-PA,1934,0,466,0,0,466,T
3-PA,1935,477,0,0,0,477,A
3-PA,1936,0,479,0,0,479,T
3-PA,1937,1,480,0,0,481,T
3-PA,1938,0,0,0,486,486,C
3-PA,1939,479,0,0,0,479,A
3-PA,1940,478,0,0,0,478,A
3-PA,1941,0,479,0,0,479,T
3-PA,1942,465,0,1,0,466,A
3-PA,1943,0,0,472,0,472,G
3-PA,1944,0,1,0,459,460,C
3-PA,1945,0,0,0,465,465,C
3-PA,1946,0,448,0,0,448,T
3-PA,1947,0,0,467,0,467,G
3-PA,1948,0,467,0,0,467,T
3-PA,1949,469,0,0,0,469,A
3-PA,1950,0,469,0,0,469,T
3-PA,1951,0,1,461,0,462,G
3-PA,1952,0,0,0,466,466,C
3-PA,1953,451,0,0,0,451,A
3-PA,1954,0,447,0,0,447,T
3-PA,1955,0,0,0,449,449,C
3-PA,1956,430,0,0,0,430,A
3-PA,1957,0,0,0,438,438,C
3-PA,1958,2,0,0,433,435,C
3-PA,1959,436,0,0,0,436,A
3-PA,1960,0,0,0,437,437,C
3-PA,1961,433,0,0,0,433,A
3-PA,1962,436,0,1,0,437,A
3-PA,1963,1,432,0,0,433,T
3-PA,1964,0,431,0,0,431,T
3-PA,1965,1,0,428,0,429,G
3-PA,1966,0,2,424,0,426,G
3-PA,1967,424,0,0,0,424,A
3-PA,1968,426,0,0,0,426,A
3-PA,1969,0,0,425,0,425,G
3-PA,1970,0,1,421,0,422,G
3-PA,1971,421,0,0,0,421,A
3-PA,1972,0,423,0,0,423,T
3-PA,1973,0,424,0,0,424,T
3-PA,1974,0,424,0,0,424,T
3-PA,1975,0,426,0,0,426,T
3-PA,1976,0,0,0,424,424,C
3-PA,1977,426,0,0,0,426,A
3-PA,1978,0,0,426,0,426,G
3-PA,1979,0,0,0,424,424,C
3-PA,1980,0,0,422,0,422,G
3-PA,1981,0,1,419,0,420,G
3-PA,1982,415,1,1,0,417,A
3-PA,1983,0,1,421,0,422,G
3-PA,1984,0,423,0,0,423,T
3-PA,1985,1,0,0,422,423,C
3-PA,1986,423,0,1,0,424,A
3-PA,1987,424,0,0,0,424,A
3-PA,1988,0,2,423,0,425,G
3-PA,1989,425,0,0,0,425,A
3-PA,1990,422,0,0,0,422,A
3-PA,1991,422,0,0,0,422,A
3-PA,1992,417,0,0,0,417,A
3-PA,1993,0,1,0,415,416,C
3-PA,1994,0,404,0,0,404,T
3-PA,1995,1,0,405,0,406,G
3-PA,1996,0,0,0,407,407,C
3-PA,1997,0,407,0,0,407,T
3-PA,1998,0,0,0,408,408,C
3-PA,1999,0,0,0,405,405,C
3-PA,2000,0,407,0,0,407,T
3-PA,2001,0,408,0,0,408,T
3-PA,2002,0,0,409,0,409,G
3-PA,2003,0,409,0,0,409,T
3-PA,2004,0,401,0,0,401,T
3-PA,2005,0,0,405,0,405,G
3-PA,2006,0,406,0,0,406,T
3-PA,2007,0,404,0,0,404,T
3-PA,2008,0,1,0,404,405,C
3-PA,2009,390,0,0,0,390,A
3-PA,2010,0,0,395,0,395,G
3-PA,2011,0,0,395,0,395,G
3-PA,2012,0,0,0,394,394,C
3-PA,2013,0,390,0,0,390,T
3-PA,2014,1,0,0,402,403,C
3-PA,2015,0,399,0,0,399,T
3-PA,2016,0,398,0,0,398,T
3-PA,2017,399,0,1,0,400,A
3-PA,2018,0,1,399,0,400,G
3-PA,2019,1,0,392,0,393,G
3-PA,2020,2,0,394,0,396,G
3-PA,2021,389,0,0,0,389,A
3-PA,2022,0,0,0,387,387,C
3-PA,2023,365,0,0,0,365,A
3-PA,2024,373,0,0,0,373,A
3-PA,2025,0,0,0,375,375,C
3-PA,2026,0,3,0,369,372,C
3-PA,2027,0,371,0,0,371,T
3-PA,2028,0,0,0,368,368,C
3-PA,2029,0,1,368,0,369,G
3-PA,2030,368,0,0,0,368,A
3-PA,2031,368,1,0,0,369,A
3-PA,2032,0,0,0,369,369,C
3-PA,2033,1,0,0,359,360,C
3-PA,2034,0,344,0,0,344,T
3-PA,2035,0,1,345,1,347,G
3-PA,2036,0,0,346,0,346,G
3-PA,2037,0,1,346,0,347,G
3-PA,2038,348,0,0,0,348,A
3-PA,2039,0,0,0,350,350,C
3-PA,2040,2,0,0,347,349,C
3-PA,2041,0,338,0,0,338,T
3-PA,2042,0,338,0,0,338,T
3-PA,2043,0,338,0,0,338,T
3-PA,2044,0,0,338,0,338,G
3-PA,2045,339,0,0,0,339,A
3-PA,2046,0,338,0,0,338,T
3-PA,2047,1,0,0,337,338,C
3-PA,2048,0,332,0,0,332,T
3-PA,2049,0,330,0,0,330,T
3-PA,2050,0,0,326,0,326,G
3-PA,2051,0,1,327,0,328,G
3-PA,2052,0,1,329,0,330,G
3-PA,2053,0,1,330,0,331,G
3-PA,2054,0,0,326,0,326,G
3-PA,2055,0,0,325,0,325,G
3-PA,2056,0,0,0,323,323,C
3-PA,2057,0,317,0,0,317,T
3-PA,2058,324,0,0,0,324,A
3-PA,2059,0,321,0,0,321,T
3-PA,2060,324,0,0,0,324,A
3-PA,2061,0,323,0,1,324,T
3-PA,2062,0,1,308,0,309,G
3-PA,2063,306,0,0,0,306,A
3-PA,2064,297,0,0,0,297,A
3-PA,2065,0,0,298,0,298,G
3-PA,2066,0,0,0,303,303,C
3-PA,2067,277,0,0,0,277,A
3-PA,2068,280,0,0,1,281,A
3-PA,2069,0,281,0,0,281,T
3-PA,2070,0,280,0,0,280,T
3-PA,2071,0,2,279,0,281,G
3-PA,2072,277,0,0,0,277,A
3-PA,2073,0,0,278,0,278,G
3-PA,2074,0,0,276,0,276,G
3-PA,2075,265,0,0,0,265,A
3-PA,2076,0,0,267,0,267,G
3-PA,2077,0,243,0,0,243,T
3-PA,2078,0,0,244,0,244,G
3-PA,2079,1,0,0,244,245,C
3-PA,2080,1,0,0,244,245,C
3-PA,2081,0,245,0,0,245,T
3-PA,2082,0,0,249,0,249,G
3-PA,2083,249,0,0,0,249,A
3-PA,2084,0,251,0,0,251,T
3-PA,2085,0,244,1,0,245,T
3-PA,2086,244,0,0,0,244,A
3-PA,2087,243,0,0,0,243,A
3-PA,2088,0,242,0,0,242,T
3-PA,2089,0,3,240,0,243,G
3-PA,2090,238,0,1,0,239,A
3-PA,2091,0,232,0,0,232,T
3-PA,2092,0,0,0,231,231,C
3-PA,2093,0,0,0,229,229,C
3-PA,2094,0,0,0,230,230,C
3-PA,2095,0,227,0,1,228,T
3-PA,2096,0,0,228,0,228,G
3-PA,2097,0,0,228,0,228,G
3-PA,2098,0,0,229,0,229,G
3-PA,2099,0,224,0,0,224,T
3-PA,2100,0,210,0,0,210,T
3-PA,2101,0,209,0,0,209,T
3-PA,2102,0,209,0,0,209,T
3-PA,2103,0,0,211,0,211,G
3-PA,2104,0,0,0,210,210,C
3-PA,2105,0,210,0,0,210,T
3-PA,2106,0,2,0,208,210,C
3-PA,2107,198,0,0,0,198,A
3-PA,2108,198,0,0,0,198,A
3-PA,2109,0,199,0,0,199,T
3-PA,2110,0,0,199,0,199,G
3-PA,2111,0,0,0,198,198,C
3-PA,2112,0,0,194,0,194,G
3-PA,2113,0,194,0,0,194,T
3-PA,2114,0,0,0,194,194,C
3-PA,2115,0,191,0,1,192,T
3-PA,2116,0,191,0,0,191,T
3-PA,2117,0,0,190,0,190,G
3-PA,2118,0,0,193,0,193,G
3-PA,2119,0,192,0,0,192,T
3-PA,2120,0,189,0,0,189,T
3-PA,2121,1,0,0,186,187,C
3-PA,2122,181,0,2,0,183,A
3-PA,2123,183,0,0,0,183,A
3-PA,2124,0,0,0,183,183,C
3-PA,2125,0,178,0,0,178,T
3-PA,2126,1,0,0,178,179,C
3-PA,2127,1,0,0,176,177,C
3-PA,2128,0,175,0,0,175,T
3-PA,2129,0,176,0,0,176,T
3-PA,2130,0,0,0,172,172,C
3-PA,2131,1,0,0,173,174,C
3-PA,2132,0,172,0,0,172,T
3-PA,2133,0,0,170,1,171,G
3-PA,2134,170,0,0,0,170,A
3-PA,2135,0,0,0,168,168,C
3-PA,2136,160,0,0,0,160,A
3-PA,2137,0,0,0,151,151,C
3-PA,2138,150,0,0,0,150,A
3-PA,2139,0,146,0,0,146,T
3-PA,2140,0,0,146,0,146,G
3-PA,2141,0,0,0,146,146,C
3-PA,2142,143,0,0,0,143,A
3-PA,2143,0,143,0,0,143,T
3-PA,2144,0,141,0,0,141,T
3-PA,2145,142,0,0,0,142,A
3-PA,2146,142,0,0,0,142,A
3-PA,2147,142,0,0,0,142,A
3-PA,2148,139,0,0,0,139,A
3-PA,2149,0,134,0,0,134,T
3-PA,2150,106,0,0,0,106,A
3-PA,2151,0,0,106,0,106,G
4-HA,1,508,0,0,0,508,A
4-HA,2,0,511,0,0,511,T
4-HA,3,0,0,514,0,514,G
4-HA,4,522,0,0,0,522,A
4-HA,5,525,1,1,0,527,A
4-HA,6,0,1,562,0,563,G
4-HA,7,564,0,1,0,565,A
4-HA,8,0,0,0,619,619,C
4-HA,9,0,621,1,2,624,T
4-HA,10,648,0,2,0,650,A
4-HA,11,0,681,0,1,682,T
4-HA,12,1,0,0,688,689,C
4-HA,13,689,1,0,0,690,A
4-HA,14,0,691,0,0,691,T
4-HA,15,0,693,0,0,693,T
4-HA,16,0,1,757,0,758,G
4-HA,17,0,1,0,756,757,C
4-HA,18,0,760,0,0,760,T
4-HA,19,0,766,0,0,766,T
4-HA,20,0,767,0,0,767,T
4-HA,21,1,2,833,0,836,G
4-HA,22,838,1,1,0,840,A
4-HA,23,0,0,875,0,875,G
4-HA,24,0,0,0,879,879,C
4-HA,25,0,879,0,0,879,T
4-HA,26,939,0,0,0,939,A
4-HA,27,0,1,0,951,952,C
4-HA,28,966,0,0,0,966,A
4-HA,29,0,1035,0,0,1035,T
4-HA,30,1,1035,0,1,1037,T
4-HA,31,1,0,0,1050,1051,C
4-HA,32,0,1049,0,0,1049,T
4-HA,33,1071,0,0,0,1071,A
4-HA,34,0,1071,0,0,1071,T
4-HA,35,0,1,1079,0,1080,G
4-HA,36,0,1078,0,0,1078,T
4-HA,37,3,0,0,1070,1073,C
4-HA,38,0,1064,0,3,1067,T
4-HA,39,0,2,1069,0,1071,G
4-HA,40,4,0,1066,0,1070,G
4-HA,41,0,1071,0,0,1071,T
4-HA,42,0,1069,0,2,1071,T
4-HA,43,0,1066,0,0,1066,T
4-HA,44,0,1068,0,0,1068,T
4-HA,45,1,0,0,1064,1065,C
4-HA,46,0,0,1066,0,1066,G
4-HA,47,0,0,0,1083,1083,C
4-HA,48,2,1074,0,3,1079,T
4-HA,49,8,0,0,1085,1093,C
4-HA,50,1088,1,0,0,1089,A
4-HA,51,1094,0,0,0,1094,A
4-HA,52,1091,0,1,0,1092,A
4-HA,53,1089,0,0,0,1089,A
4-HA,54,1096,0,0,0,1096,A
4-HA,55,15,0,0,1093,1108,C
4-HA,56,0,1101,0,1,1102,T
4-HA,57,0,1108,0,1,1109,T
4-HA,58,0,1,0,1108,1109,C
4-HA,59,0,0,0,1110,1110,C
4-HA,60,0,1099,0,6,1105,T
4-HA,61,0,2,1114,0,1116,G
4-HA,62,0,0,1123,0,1123,G
4-HA,63,1126,0,0,0,1126,A
4-HA,64,1145,0,2,0,1147,A
4-HA,65,1148,0,0,0,1148,A
4-HA,66,0,1163,0,1,1164,T
4-HA,67,0,4,1167,0,1171,G
4-HA,68,1168,0,1,0,1169,A
4-HA,69,0,1,0,1197,1198,C
4-HA,70,1197,0,1,0,1198,A
4-HA,71,1199,0,1,0,1200,A
4-HA,72,0,1,0,1228,1229,C
4-HA,73,1223,0,0,1,1224,A
4-HA,74,1,0,1231,0,1232,G
4-HA,75,0,0,0,1229,1229,C
4-HA,76,1228,0,0,0,1228,A
4-HA,77,0,0,0,1268,1268,C
4-HA,78,1,2,1263,0,1266,G
4-HA,79,1,0,1276,0,1277,G
4-HA,80,0,0,0,1280,1280,C
4-HA,81,1275,0,0,0,1275,A
4-HA,82,1297,0,0,0,1297,A
4-HA,83,0,0,0,1308,1308,C
4-HA,84,1,0,1326,0,1327,G
4-HA,85,0,0,0,1332,1332,C
4-HA,86,0,1323,0,1,1324,T
4-HA,87,1,0,1338,0,1339,G
4-HA,88,0,1333,0,0,1333,T
4-HA,89,0,0,1386,0,1386,G
4-HA,90,0,0,0,1417,1417,C
4-HA,91,0,0,0,1457,1457,C
4-HA,92,0,1447,0,2,1449,T
4-HA,93,0,1442,0,0,1442,T
4-HA,94,1,1,1441,0,1443,G
4-HA,95,0,3,1445,1,1449,G
4-HA,96,1,0,1481,0,1482,G
4-HA,97,0,0,0,1485,1485,C
4-HA,98,1471,0,0,0,1471,A
4-HA,99,1,0,0,1493,1494,C
4-HA,100,1,0,0,1475,1476,C
4-HA,101,1605,1,1,0,1607,A
4-HA,102,0,1604,0,1,1605,T
4-HA,103,1,1,1612,0,1614,G
4-HA,104,0,0,1,1613,1614,C
4-HA,105,1601,0,0,0,1601,A
4-HA,106,0,1,1714,0,1715,G
4-HA,107,0,1712,0,0,1712,T
4-HA,108,1720,0,0,0,1720,A
4-HA,109,0,0,0,1721,1721,C
4-HA,110,1,0,0,1689,1690,C
4-HA,111,1700,1,0,0,1701,A
4-HA,112,1701,0,0,0,1701,A
4-HA,113,1704,0,0,0,1704,A
4-HA,114,0,4,0,1708,1712,C
4-HA,115,0,6,1667,0,1673,G
4-HA,116,0,4,1744,0,1748,G
4-HA,117,1741,1,0,0,1742,A
4-HA,118,1748,0,1,0,1749,A
4-HA,119,0,0,0,1750,1750,C
4-HA,120,1729,0,0,0,1729,A
4-HA,121,1778,0,1,0,1779,A
4-HA,122,0,1780,0,0,1780,T
4-HA,123,1805,0,1,2,1808,A
4-HA,124,1,0,1812,0,1813,G
4-HA,125,1,1780,0,4,1785,T
4-HA,126,11,1,1777,0,1789,G
4-HA,127,1785,0,1,0,1786,A
4-HA,128,1787,0,1,0,1788,A
4-HA,129,1790,0,2,0,1792,A
4-HA,130,1784,1,0,2,1787,A
4-HA,131,0,1,0,1820,1821,C
4-HA,132,1818,0,1,0,1819,A
4-HA,133,1824,0,0,0,1824,A
4-HA,134,0,1817,0,0,1817,T
4-HA,135,2,1,0,1819,1822,C
4-HA,136,1822,0,2,0,1824,A
4-HA,137,0,0,0,1827,1827,C
4-HA,138,0,4,1819,0,1823,G
4-HA,139,1825,0,0,0,1825,A
4-HA,140,1819,0,3,0,1822,A
4-HA,141,0,1831,0,0,1831,T
4-HA,142,1,10,1822,0,1833,G
4-HA,143,1840,0,5,0,1845,A
4-HA,144,0,0,0,1847,1847,C
4-HA,145,2,0,0,1835,1837,C
4-HA,146,1862,1,0,0,1863,A
4-HA,147,1862,0,2,0,1864,A
4-HA,148,1866,0,1,0,1867,A
4-HA,149,0,1875,0,0,1875,T
4-HA,150,0,1871,0,0,1871,T
4-HA,151,0,3,1875,0,1878,G
4-HA,152,1864,0,2,0,1866,A
4-HA,153,1870,0,1,0,1871,A
4-HA,154,0,0,1876,0,1876,G
4-HA,155,0,1878,0,0,1878,T
4-HA,156,0,1936,0,1,1937,T
4-HA,157,1947,0,0,0,1947,A
4-HA,158,0,1,0,1949,1950,C
4-HA,159,1,1950,0,1,1952,T
4-HA,160,1950,1,0,0,1951,A
4-HA,161,2002,0,1,0,2003,A
4-HA,162,0,1994,0,0,1994,T
4-HA,163,0,0,1998,0,1998,G
4-HA,164,0,1,0,2091,2092,C
4-HA,165,0,2070,0,2,2072,T
4-HA,166,2076,0,0,0,2076,A
4-HA,167,0,0,0,2077,2077,C
4-HA,168,0,2066,0,1,2067,T
4-HA,169,2,5,2076,0,2083,G
4-HA,170,2056,0,4,0,2060,A
4-HA,171,1,0,2066,0,2067,G
4-HA,172,0,1,0,2067,2068,C
4-HA,173,0,2031,0,0,2031,T
4-HA,174,0,2,2090,0,2092,G
4-HA,175,0,3,2136,0,2139,G
4-HA,176,0,2135,0,0,2135,T
4-HA,177,1,2138,0,1,2140,T
4-HA,178,8,0,0,2128,2136,C
4-HA,179,2129,0,1,0,2130,A
4-HA,180,0,3,2139,0,2142,G
4-HA,181,2136,1,5,1,2143,A
4-HA,182,1,0,2189,0,2190,G
4-HA,183,0,2175,0,2,2177,T
4-HA,184,0,2149,0,0,2149,T
4-HA,185,5,0,0,2154,2159,C
4-HA,186,2,0,0,2163,2165,C
4-HA,187,0,2158,0,1,2159,T
4-HA,188,3,0,0,2173,2176,C
4-HA,189,2168,0,2,0,2170,A
4-HA,190,2172,0,0,0,2172,A
4-HA,191,0,1,0,2189,2190,C
4-HA,192,2146,0,2,0,2148,A
4-HA,193,0,4,2191,0,2195,G
4-HA,194,0,0,2194,0,2194,G
4-HA,195,0,2191,0,1,2192,T
4-HA,196,0,8,2187,0,2195,G
4-HA,197,2190,0,3,0,2193,A
4-HA,198,2196,1,2,0,2199,A
4-HA,199,2245,1,1,0,2247,A
4-HA,200,1,2237,0,0,2238,T
4-HA,201,2259,0,0,0,2259,A
4-HA,202,0,2222,0,0,2222,T
4-HA,203,3,1,2215,0,2219,G
4-HA,204,2,2,1,2229,2234,C
4-HA,205,0,8,2219,0,2227,G
4-HA,206,2229,0,0,0,2229,A
4-HA,207,0,1,1,2233,2235,C
4-HA,208,2186,0,0,0,2186,A
4-HA,209,0,0,2331,0,2331,G
4-HA,210,0,2317,0,4,2321,T
4-HA,211,7,0,1,2337,2345,C
4-HA,212,1,1,0,2349,2351,C
4-HA,213,0,2329,0,4,2333,T
4-HA,214,1,0,0,2368,2369,C
4-HA,215,2366,0,0,1,2367,A
4-HA,216,1,2368,0,1,2370,T
4-HA,217,3,0,0,2370,2373,C
4-HA,218,2271,2,0,0,2273,A
4-HA,219,1,2,2288,0,2291,G
4-HA,220,2277,0,2,0,2279,A
4-HA,221,0,2281,0,2,2283,T
4-HA,222,2,0,0,2296,2298,C
4-HA,223,4,1,0,2278,2283,C
4-HA,224,0,2292,0,0,2292,T
4-HA,225,0,2290,1,1,2292,T
4-HA,226,0,1,2300,0,2301,G
4-HA,227,2315,0,1,0,2316,A
4-HA,228,1,2302,0,0,2303,T
4-HA,229,3,4,2328,0,2335,G
4-HA,230,1,6,2327,1,2335,G
4-HA,231,2322,0,1,0,2323,A
4-HA,232,0,4,2320,0,2324,G
4-HA,233,2300,1,3,0,2304,A
4-HA,234,0,6,2290,0,2296,G
4-HA,235,2338,0,1,0,2339,A
4-HA,236,2350,0,0,0,2350,A
4-HA,237,1,0,0,2368,2369,C
4-HA,238,0,2345,0,2,2347,T
4-HA,239,0,1,2379,0,2380,G
4-HA,240,0,0,0,2372,2372,C
4-HA,241,2375,0,2,0,2377,A
4-HA,242,1,0,0,2447,2448,C
4-HA,243,2406,0,0,0,2406,A
4-HA,244,1,0,0,2681,2682,C
4-HA,245,0,2669,0,1,2670,T
4-HA,246,2686,0,2,0,2688,A
4-HA,247,2686,0,2,0,2688,A
4-HA,248,0,2681,0,0,2681,T
4-HA,249,2668,1,0,0,2669,A
4-HA,250,1,3,2670,0,2674,G
4-HA,251,2615,0,5,0,2620,A
4-HA,252,0,2596,0,0,2596,T
4-HA,253,0,0,2488,0,2488,G
4-HA,254,1,0,0,2507,2508,C
4-HA,255,0,2491,1,6,2498,T
4-HA,256,7,0,0,2679,2686,C
4-HA,257,0,2680,1,0,2681,T
4-HA,258,2785,0,0,0,2785,A
4-HA,259,2,2781,0,1,2784,T
4-HA,260,0,2774,0,1,2775,T
4-HA,261,1,9,2781,2,2793,G
4-HA,262,0,4,2777,0,2781,G
4-HA,263,2,10,2757,0,2769,G
4-HA,264,2727,2,3,0,2732,A
4-HA,265,0,8,2681,0,2689,G
4-HA,266,2642,1,3,0,2646,A
4-HA,267,2,0,0,2861,2863,C
4-HA,268,5,1,0,2891,2897,C
4-HA,269,6,0,0,2929,2935,C
4-HA,270,0,2934,1,6,2941,T
4-HA,271,2,0,0,2963,2965,C
4-HA,272,2962,0,1,0,2963,A
4-HA,273,2564,1,376,0,2941,A
4-HA,274,0,3014,0,1,3015,T
4-HA,275,0,4,3035,0,3039,G
4-HA,276,0,3040,1,2,3043,T
4-HA,277,1,8,3023,1,3033,G
4-HA,278,3022,2,1,2,3027,A
4-HA,279,0,3027,0,1,3028,T
4-HA,280,0,2,3008,0,3010,G
4-HA,281,1,1,3002,0,3004,G
4-HA,282,0,0,0,2990,2990,C
4-HA,283,0,2988,0,3,2991,T
4-HA,284,1,2982,1,0,2984,T
4-HA,285,1,1,0,2982,2984,C
4-HA,286,3,0,0,2990,2993,C
4-HA,287,2998,0,0,0,2998,A
4-HA,288,3007,0,1,1,3009,A
4-HA,289,3003,1,0,0,3004,A
4-HA,290,3015,0,0,0,3015,A
4-HA,291,0,3038,0,0,3038,T
4-HA,292,3029,0,0,0,3029,A
4-HA,293,3033,1,1,1,3036,A
4-HA,294,0,7,3042,0,3049,G
4-HA,295,3068,3,0,1,3072,A
4-HA,296,3077,0,0,1,3078,A
4-HA,297,3070,0,3,0,3073,A
4-HA,298,0,3076,0,2,3078,T
4-HA,299,0,9,3060,0,3069,G
4-HA,300,1,6,3060,0,3067,G
4-HA,301,1,12,3055,0,3068,G
4-HA,302,3067,0,7,0,3074,A
4-HA,303,0,1,0,3096,3097,C
4-HA,304,1,0,0,3095,3096,C
4-HA,305,0,3135,0,4,3139,T
4-HA,306,0,3148,0,2,3150,T
4-HA,307,0,3139,1,1,3141,T
4-HA,308,0,3163,0,3,3166,T
4-HA,309,1,3164,0,1,3166,T
4-HA,310,1,2,3182,0,3185,G
4-HA,311,0,3180,0,4,3184,T
4-HA,312,0,3167,0,2,3169,T
4-HA,313,2,14,3156,0,3172,G
4-HA,314,3157,0,0,0,3157,A
4-HA,315,3166,0,1,0,3167,A
4-HA,316,0,0,0,3165,3165,C
4-HA,317,5,2,3149,0,3156,G
4-HA,318,1,0,0,3196,3197,C
4-HA,319,3183,0,1,0,3184,A
4-HA,320,1,0,3217,0,3218,G
4-HA,321,0,1,0,3217,3218,C
4-HA,322,3212,0,1,1,3214,A
4-HA,323,3207,0,5,1,3213,A
4-HA,324,3214,0,1,0,3215,A
4-HA,325,2,3,3338,0,3343,G
4-HA,326,0,1,0,3343,3344,C
4-HA,327,6,2,0,3323,3331,C
4-HA,328,1,3334,0,0,3335,T
4-HA,329,3328,1,3,0,3332,A
4-HA,330,1,1,0,3369,3371,C
4-HA,331,3364,0,3,0,3367,A
4-HA,332,0,0,3376,1,3377,G
4-HA,333,0,0,0,3365,3365,C
4-HA,334,3285,0,1,0,3286,A
4-HA,335,3314,0,1,0,3315,A
4-HA,336,1,0,0,3452,3453,C
4-HA,337,0,3430,0,2,3432,T
4-HA,338,0,0,3462,0,3462,G
4-HA,339,0,3422,0,4,3426,T
4-HA,340,0,3422,0,1,3423,T
4-HA,341,3425,0,2,0,3427,A
4-HA,342,3,1,0,3656,3660,C
4-HA,343,9,0,1,3657,3667,C
4-HA,344,9,0,0,3730,3739,C
4-HA,345,0,3620,0,2,3622,T
4-HA,346,2,3618,0,0,3620,T
4-HA,347,3628,0,0,0,3628,A
4-HA,348,0,3624,1,2,3627,T
4-HA,349,1,3,3622,0,3626,G
4-HA,350,3624,1,4,0,3629,A
4-HA,351,0,3428,0,0,3428,T
4-HA,352,0,1,3468,0,3469,G
4-HA,353,0,3404,0,1,3405,T
4-HA,354,0,2,3402,0,3404,G
4-HA,355,0,2,1,3406,3409,C
4-HA,356,6,7,0,3393,3406,C
4-HA,357,4,3,3476,0,3483,G
4-HA,358,0,3,3503,0,3506,G
4-HA,359,3513,0,1,0,3514,A
4-HA,360,0,3518,0,2,3520,T
4-HA,361,0,3471,1,2,3474,T
4-HA,362,3488,2,1,0,3491,A
4-HA,363,1,3483,0,2,3486,T
4-HA,364,0,2,3487,1,3490,G
4-HA,365,3,1,0,3491,3495,C
4-HA,366,1,0,0,3465,3466,C
4-HA,367,1,3476,0,2,3479,T
4-HA,368,3,0,0,3643,3646,C
4-HA,369,3,1,0,3680,3684,C
4-HA,370,10,0,1,3687,3698,C
4-HA,371,0,3685,0,0,3685,T
4-HA,372,0,3678,1,1,3680,T
4-HA,373,3674,0,1,0,3675,A
4-HA,374,0,3,3748,0,3751,G
4-HA,375,1,4,3755,0,3760,G
4-HA,376,1,3708,0,4,3713,T
4-HA,377,12,2,0,3635,3649,C
4-HA,378,3597,1,1,2,3601,A
4-HA,379,1,0,0,3681,3682,C
4-HA,380,0,3678,0,1,3679,T
4-HA,381,3677,3,1,1,3682,A
4-HA,382,1,1,3681,0,3683,G
4-HA,383,0,3624,0,0,3624,T
4-HA,384,2,3604,0,0,3606,T
4-HA,385,2,1,3637,0,3640,G
4-HA,386,1,0,0,3638,3639,C
4-HA,387,4,0,0,3633,3637,C
4-HA,388,0,3594,0,3,3597,T
4-HA,389,3,2,0,3611,3616,C
4-HA,390,3718,0,1,0,3719,A
4-HA,391,3,3716,0,4,3723,T
4-HA,392,1,1,0,3730,3732,C
4-HA,393,5,5,0,3714,3724,C
4-HA,394,2,6,3700,1,3709,G
4-HA,395,1,3,3724,0,3728,G
4-HA,396,9,2,0,3733,3744,C
4-HA,397,3774,0,0,0,3774,A
4-HA,398,0,0,0,3826,3826,C
4-HA,399,3728,0,6,0,3734,A
4-HA,400,1,0,0,3745,3746,C
4-HA,401,2,3736,1,6,3745,T
4-HA,402,0,4,3764,1,3769,G
4-HA,403,0,6,3799,0,3805,G
4-HA,404,3788,0,4,0,3792,A
4-HA,405,1,1,3840,0,3842,G
4-HA,406,0,3809,0,1,3810,T
4-HA,407,0,3792,0,2,3794,T
4-HA,408,0,3785,0,15,3800,T
4-HA,409,3780,1,3,1,3785,A
4-HA,410,3794,3,1,0,3798,A
4-HA,411,2,0,0,3818,3820,C
4-HA,412,3758,0,1,0,3759,A
4-HA,413,3750,0,12,0,3762,A
4-HA,414,0,3743,0,2,3745,T
4-HA,415,5,8,3728,0,3741,G
4-HA,416,3735,1,0,0,3736,A
4-HA,417,3732,0,0,0,3732,A
4-HA,418,3731,1,7,0,3739,A
4-HA,419,1,2,3752,0,3755,G
4-HA,420,0,3,0,3762,3765,C
4-HA,421,0,3752,0,2,3754,T
4-HA,422,0,3756,0,1,3757,T
4-HA,423,3,2,0,3791,3796,C
4-HA,424,3797,0,1,0,3798,A
4-HA,425,3800,1,2,0,3803,A
4-HA,426,1,3801,0,1,3803,T
4-HA,427,2,3797,0,1,3800,T
4-HA,428,3,9,3872,0,3884,G
4-HA,429,0,8,3926,0,3934,G
4-HA,430,3928,1,6,0,3935,A
4-HA,431,1,0,0,3938,3939,C
4-HA,432,0,3899,0,3,3902,T
4-HA,433,2,3,3913,2,3920,G
4-HA,434,0,5,3932,0,3937,G
4-HA,435,3922,0,2,0,3924,A
4-HA,436,0,1,3939,0,3940,G
4-HA,437,1,3846,0,4,3851,T
4-HA,438,16,0,1,3778,3795,C
4-HA,439,3830,0,3,0,3833,A
4-HA,440,1,2,0,3852,3855,C
4-HA,441,1,3835,0,7,3843,T
4-HA,442,9,1,1,3828,3839,C
4-HA,443,3814,1,0,0,3815,A
4-HA,444,3840,3,2,0,3845,A
4-HA,445,3838,1,2,1,3842,A
4-HA,446,3842,0,3,1,3846,A
4-HA,447,2,1,0,3855,3858,C
4-HA,448,2,4,3827,1,3834,G
4-HA,449,1,7,3881,0,3889,G
4-HA,450,3884,0,7,1,3892,A
4-HA,451,3891,3,3,0,3897,A
4-HA,452,1,2,0,3894,3897,C
4-HA,453,3881,1,2,1,3885,A
4-HA,454,3917,0,2,0,3919,A
4-HA,455,0,2,3945,0,3947,G
4-HA,456,3,0,0,3944,3947,C
4-HA,457,0,3915,0,4,3919,T
4-HA,458,4,2,0,3925,3931,C
4-HA,459,0,3903,0,0,3903,T
4-HA,460,1,0,3931,0,3932,G
4-HA,461,0,0,1,3922,3923,C
4-HA,462,1,3921,0,2,3924,T
4-HA,463,0,3992,0,2,3994,T
4-HA,464,1,0,4054,0,4055,G
4-HA,465,0,0,1,4094,4095,C
4-HA,466,4086,1,3,0,4090,A
4-HA,467,0,4059,0,2,4061,T
4-HA,468,4053,0,2,0,4055,A
4-HA,469,4035,1,2,0,4038,A
4-HA,470,0,2,4037,0,4039,G
4-HA,471,3,7,4031,0,4041,G
4-HA,472,3869,0,0,0,3869,A
4-HA,473,0,2,3875,1,3878,G
4-HA,474,3853,2,5,0,3860,A
4-HA,475,1,3998,0,3,4002,T
4-HA,476,1,0,0,4042,4043,C
4-HA,477,1,4068,1,2,4072,T
4-HA,478,4077,0,1,0,4078,A
4-HA,479,4080,0,0,0,4080,A
4-HA,480,0,3950,1,113,4064,T
4-HA,481,4067,1,0,0,4068,A
4-HA,482,4023,1,1,0,4025,A
4-HA,483,0,2,0,4046,4048,C
4-HA,484,3903,0,3,0,3906,A
4-HA,485,0,2,3933,0,3935,G
4-HA,486,1,3873,1,3,3878,T
4-HA,487,2,3928,0,1,3931,T
4-HA,488,1,3943,0,2,3946,T
4-HA,489,1,1,0,4017,4019,C
4-HA,490,1,4005,0,2,4008,T
4-HA,491,0,4021,1,1,4023,T
4-HA,492,0,4021,1,1,4023,T
4-HA,493,4016,0,2,0,4018,A
4-HA,494,2,2,4011,0,4015,G
4-HA,495,0,4010,1,1,4012,T
4-HA,496,3971,2,2,1,3976,A
4-HA,497,0,5,3982,0,3987,G
4-HA,498,3916,0,1,0,3917,A
4-HA,499,0,3923,1,1,3925,T
4-HA,500,1,3919,0,2,3922,T
4-HA,501,4,12,3948,1,3965,G
4-HA,502,3965,0,0,0,3965,A
4-HA,503,3969,0,2,0,3971,A
4-HA,504,1,3965,0,1,3967,T
4-HA,505,0,3944,1,0,3945,T
4-HA,506,2,7,4013,0,4022,G
4-HA,507,0,1,4024,0,4025,G
4-HA,508,0,4022,1,6,4029,T
4-HA,509,0,4023,1,1,4025,T
4-HA,510,2,12,3971,1,3986,G
4-HA,511,3985,0,3,1,3989,A
4-HA,512,1,0,0,3971,3972,C
4-HA,513,6,2,0,3945,3953,C
4-HA,514,16,3,2,3934,3955,C
4-HA,515,3917,0,2,0,3919,A
4-HA,516,0,2,0,3910,3912,C
4-HA,517,0,3901,1,2,3904,T
4-HA,518,10,1,2,3879,3892,C
4-HA,519,3931,0,1,1,3933,A
4-HA,520,3937,1,0,0,3938,A
4-HA,521,3937,0,0,0,3937,A
4-HA,522,3970,1,9,0,3980,A
4-HA,523,0,4040,1,0,4041,T
4-HA,524,1,4013,0,2,4016,T
4-HA,525,8,3,0,4016,4027,C
4-HA,526,4015,1,0,1,4017,A
4-HA,527,4019,1,2,0,4022,A
4-HA,528,4018,0,1,0,4019,A
4-HA,529,1,4025,0,2,4028,T
4-HA,530,4107,0,0,0,4107,A
4-HA,531,0,7,0,4102,4109,C
4-HA,532,6,1,0,4025,4032,C
4-HA,533,4,1,1,4036,4042,C
4-HA,534,4024,0,2,0,4026,A
4-HA,535,1,2,4186,0,4189,G
4-HA,536,1,1,0,4199,4201,C
4-HA,537,4193,1,1,5,4200,A
4-HA,538,0,4183,0,1,4184,T
4-HA,539,1,4099,2,3,4105,T
4-HA,540,4,13,4225,0,4242,G
4-HA,541,4257,0,4,0,4261,A
4-HA,542,4252,0,4,0,4256,A
4-HA,543,2,0,1,4254,4257,C
4-HA,544,1,1,4146,0,4148,G
4-HA,545,0,4172,1,2,4175,T
4-HA,546,2,15,4176,1,4194,G
4-HA,547,4190,0,2,1,4193,A
4-HA,548,2,0,0,4190,4192,C
4-HA,549,2,4067,1,4,4074,T
4-HA,550,4176,0,2,0,4178,A
4-HA,551,0,4172,0,2,4174,T
4-HA,552,2,2,4203,0,4207,G
4-HA,553,0,1,1,4196,4198,C
4-HA,554,7,2,0,4136,4145,C
4-HA,555,4134,1,3,0,4138,A
4-HA,556,4136,1,0,0,4137,A
4-HA,557,4179,0,3,7,4189,A
4-HA,558,0,1,0,4187,4188,C
4-HA,559,4080,0,2,0,4082,A
4-HA,560,4097,0,1,1,4099,A
4-HA,561,0,4055,0,0,4055,T
4-HA,562,2,19,4042,0,4063,G
4-HA,563,4052,4,6,0,4062,A
4-HA,564,4052,2,4,0,4058,A
4-HA,565,0,2,1,3970,3973,C
4-HA,566,3997,0,1,0,3998,A
4-HA,567,4024,0,0,0,4024,A
4-HA,568,0,4015,0,0,4015,T
4-HA,569,0,4016,0,1,4017,T
4-HA,570,1,4024,0,2,4027,T
4-HA,571,0,16,4007,1,4024,G
4-HA,572,4016,2,7,0,4025,A
4-HA,573,3,0,0,4034,4037,C
4-HA,574,4022,1,2,0,4025,A
4-HA,575,4028,1,1,0,4030,A
4-HA,576,4065,0,0,0,4065,A
4-HA,577,1,4082,0,0,4083,T
4-HA,578,0,4069,0,0,4069,T
4-HA,579,2,0,4104,0,4106,G
4-HA,580,1,4095,0,1,4097,T
4-HA,581,4100,2,3,0,4105,A
4-HA,582,2,3,0,4162,4167,C
4-HA,583,4163,0,0,0,4163,A
4-HA,584,1,4226,0,1,4228,T
4-HA,585,1,4169,1,2,4173,T
4-HA,586,1,4151,0,0,4152,T
4-HA,587,0,6,4139,0,4145,G
4-HA,588,1,5,4102,1,4109,G
4-HA,589,4,5,4110,0,4119,G
4-HA,590,0,11,4109,0,4120,G
4-HA,591,0,7,4064,0,4071,G
4-HA,592,0,2,4165,0,4167,G
4-HA,593,1,4100,0,4,4105,T
4-HA,594,2,4129,0,1,4132,T
4-HA,595,12,1,1,4115,4129,C
4-HA,596,4138,0,3,0,4141,A
4-HA,597,2,4,0,4150,4156,C
4-HA,598,7,2,0,4142,4151,C
4-HA,599,4155,0,4,0,4159,A
4-HA,600,1,1,0,4186,4188,C
4-HA,601,5,1,0,4133,4139,C
4-HA,602,9,4,2,4095,4110,C
4-HA,603,1,9,4102,0,4112,G
4-HA,604,0,11,4285,0,4296,G
4-HA,605,2,2,4302,0,4306,G
4-HA,606,0,4295,0,0,4295,T
4-HA,607,4302,0,1,0,4303,A
4-HA,608,4,6,0,4257,4267,C
4-HA,609,3,5,4219,0,4227,G
4-HA,610,0,6,4259,0,4265,G
4-HA,611,4259,1,0,0,4260,A
4-HA,612,2,2,0,4251,4255,C
4-HA,613,4040,1,4,0,4045,A
4-HA,614,4047,1,1,0,4049,A
4-HA,615,0,4046,2,3,4051,T
4-HA,616,1,20,4085,0,4106,G
4-HA,617,4103,2,0,0,4105,A
4-HA,618,1,0,1,4104,4106,C
4-HA,619,11,1,0,4046,4058,C
4-HA,620,4051,0,4,0,4055,A
4-HA,621,4050,2,1,0,4053,A
4-HA,622,4110,0,2,0,4112,A
4-HA,623,0,4094,0,0,4094,T
4-HA,624,8,0,0,4124,4132,C
4-HA,625,0,4025,2,6,4033,T
4-HA,626,2,4013,0,0,4015,T
4-HA,627,3,0,0,4064,4067,C
4-HA,628,5,2,0,4070,4077,C
4-HA,629,0,4063,1,3,4067,T
4-HA,630,7,1,4080,0,4088,G
4-HA,631,0,4020,0,1,4021,T
4-HA,632,4054,0,1,0,4055,A
4-HA,633,0,4029,1,1,4031,T
4-HA,634,3,0,4049,0,4052,G
4-HA,635,1,1,0,4065,4067,C
4-HA,636,0,4039,0,4,4043,T
4-HA,637,15,4,0,4017,4036,C
4-HA,638,4036,0,4,0,4040,A
4-HA,639,4034,0,3,0,4037,A
4-HA,640,3,0,4049,0,4052,G
4-HA,641,0,0,1,4056,4057,C
4-HA,642,4058,0,0,0,4058,A
4-HA,643,2,4008,0,3,4013,T
4-HA,644,8,3,0,3992,4003,C
4-HA,645,3994,1,3,0,3998,A
4-HA,646,0,4,4013,0,4017,G
4-HA,647,1,5,4023,2,4031,G
4-HA,648,4022,1,1,0,4024,A
4-HA,649,3987,0,2,0,3989,A
4-HA,650,5,10,4030,1,4046,G
4-HA,651,4040,0,1,0,4041,A
4-HA,652,4091,0,1,0,4092,A
4-HA,653,1,4106,0,3,4110,T
4-HA,654,8,2,0,4099,4109,C
4-HA,655,4084,1,7,1,4093,A
4-HA,656,3,2,0,4090,4095,C
4-HA,657,4088,2,1,1,4092,A
4-HA,658,3,1,4165,0,4169,G
4-HA,659,3,4093,1,1,4098,T
4-HA,660,7,0,0,4121,4128,C
4-HA,661,0,4061,0,3,4064,T
4-HA,662,7,0,1,4129,4137,C
4-HA,663,0,4143,0,3,4146,T
4-HA,664,4186,2,2,0,4190,A
4-HA,665,1,3,0,4176,4180,C
4-HA,666,6,1,0,4172,4179,C
4-HA,667,4088,2,1,0,4091,A
4-HA,668,4109,0,2,0,4111,A
4-HA,669,4083,0,3,0,4086,A
4-HA,670,4088,0,1,0,4089,A
4-HA,671,1,3,4091,0,4095,G
4-HA,672,4002,1,2,0,4005,A
4-HA,673,3998,0,2,1,4001,A
4-HA,674,5,3,4001,0,4009,G
4-HA,675,4,2,2,4006,4014,C
4-HA,676,5,2,0,4022,4029,C
4-HA,677,4019,2,0,0,4021,A
4-HA,678,4037,3,3,0,4043,A
4-HA,679,3,2,0,4033,4038,C
4-HA,680,4038,0,0,0,4038,A
4-HA,681,4062,0,0,2,4064,A
4-HA,682,4051,1,4,1,4057,A
4-HA,683,2,0,0,4129,4131,C
4-HA,684,0,4108,1,2,4111,T
4-HA,685,157,2,3961,0,4120,G
4-HA,686,0,4128,0,4,4132,T
4-HA,687,4124,0,2,0,4126,A
4-HA,688,4132,0,1,2,4135,A
4-HA,689,2,4104,0,3,4109,T
4-HA,690,9,2,0,4104,4115,C
4-HA,691,6,0,0,4109,4115,C
4-HA,692,3,7,0,4027,4037,C
4-HA,693,3,8,4034,0,4045,G
4-HA,694,4027,0,1,0,4028,A
4-HA,695,4030,0,1,1,4032,A
4-HA,696,0,4042,0,1,4043,T
4-HA,697,4039,1,1,0,4041,A
4-HA,698,0,4024,0,0,4024,T
4-HA,699,5,2,0,4005,4012,C
4-HA,700,2,12,3996,0,4010,G
4-HA,701,1,4,4098,0,4103,G
4-HA,702,4098,3,2,0,4103,A
4-HA,703,2,4130,0,4,4136,T
4-HA,704,3,0,0,4124,4127,C
4-HA,705,2,4115,0,2,4119,T
4-HA,706,4103,0,4,0,4107,A
4-HA,707,1,9,4121,0,4131,G
4-HA,708,4156,0,1,0,4157,A
4-HA,709,3,1,1,4143,4148,C
4-HA,710,5,1,0,4015,4021,C
4-HA,711,10,0,1,4016,4027,C
4-HA,712,3979,1,1,0,3981,A
4-HA,713,0,7,4237,0,4244,G
4-HA,714,4230,1,8,0,4239,A
4-HA,715,0,1,4302,0,4303,G
4-HA,716,1,4251,0,0,4252,T
4-HA,717,4212,0,0,0,4212,A
4-HA,718,4212,0,2,0,4214,A
4-HA,719,0,6,4271,0,4277,G
4-HA,720,2,16,4287,0,4305,G
4-HA,721,4248,0,0,0,4248,A
4-HA,722,3943,0,4,0,3947,A
4-HA,723,0,3938,0,0,3938,T
4-HA,724,3961,0,2,0,3963,A
4-HA,725,2,3937,0,1,3940,T
4-HA,726,6,0,0,3973,3979,C
4-HA,727,7,2,1,3964,3974,C
4-HA,728,10,0,0,3901,3911,C
4-HA,729,0,3867,1,2,3870,T
4-HA,730,3880,1,1,0,3882,A
4-HA,731,1,0,3895,1,3897,G
4-HA,732,2,1,0,3901,3904,C
4-HA,733,3800,1,1,0,3802,A
4-HA,734,0,7,3919,0,3926,G
4-HA,735,3863,0,3,0,3866,A
4-HA,736,3871,1,2,0,3874,A
4-HA,737,1,3862,0,4,3867,T
4-HA,738,3861,1,1,0,3863,A
4-HA,739,3864,0,4,0,3868,A
4-HA,740,0,2,3877,0,3879,G
4-HA,741,2,3,0,3881,3886,C
4-HA,742,3880,0,0,1,3881,A
4-HA,743,0,3772,0,1,3773,T
4-HA,744,6,0,0,3938,3944,C
4-HA,745,3,3940,0,0,3943,T
4-HA,746,3961,3,0,0,3964,A
4-HA,747,0,3961,0,0,3961,T
4-HA,748,0,3930,0,1,3931,T
4-HA,749,2,7,3944,0,3953,G
4-HA,750,0,9,3923,0,3932,G
4-HA,751,3933,3,0,0,3936,A
4-HA,752,2,2,0,3932,3936,C
4-HA,753,3674,0,0,0,3674,A
4-HA,754,3718,1,5,0,3724,A
4-HA,755,0,3871,0,0,3871,T
4-HA,756,3891,0,0,0,3891,A
4-HA,757,0,2,3927,0,3929,G
4-HA,758,0,3901,0,1,3902,T
4-HA,759,3894,0,9,1,3904,A
4-HA,760,3907,0,2,0,3909,A
4-HA,761,3937,0,0,0,3937,A
4-HA,762,3978,0,1,0,3979,A
4-HA,763,4,1,0,4007,4012,C
4-HA,764,7,3,0,3824,3834,C
4-HA,765,7,11,3813,1,3832,G
4-HA,766,2,3,3848,0,3853,G
4-HA,767,1,5,3892,0,3898,G
4-HA,768,3897,0,0,0,3897,A
4-HA,769,1,7,3930,0,3938,G
4-HA,770,3947,2,8,0,3957,A
4-HA,771,3,1,0,3964,3968,C
4-HA,772,3944,2,5,4,3955,A
4-HA,773,0,3956,0,3,3959,T
4-HA,774,3969,0,1,0,3970,A
4-HA,775,0,0,0,4040,4040,C
4-HA,776,1,4009,0,3,4013,T
4-HA,777,1,4024,1,0,4026,T
4-HA,778,0,4044,1,3,4048,T
4-HA,779,1,4012,0,2,4015,T
4-HA,780,0,19,4041,0,4060,G
4-HA,781,4081,0,0,1,4082,A
4-HA,782,0,4074,0,1,4075,T
4-HA,783,0,4190,0,1,4191,T
4-HA,784,4163,0,1,1,4165,A
4-HA,785,4185,0,4,0,4189,A
4-HA,786,0,1,0,4240,4241,C
4-HA,787,4211,1,3,1,4216,A
4-HA,788,5,0,4390,0,4395,G
4-HA,789,1,3,0,4362,4366,C
4-HA,790,4361,0,2,0,4363,A
4-HA,791,0,1,0,4394,4395,C
4-HA,792,4338,0,1,0,4339,A
4-HA,793,2,8,4396,0,4406,G
4-HA,794,0,9,4379,0,4388,G
4-HA,795,4,10,4532,0,4546,G
4-HA,796,4521,1,2,1,4525,A
4-HA,797,4551,3,1,0,4555,A
4-HA,798,1,4560,0,1,4562,T
4-HA,799,9,1,0,4568,4578,C
4-HA,800,0,4600,0,0,4600,T
4-HA,801,4608,0,3,0,4611,A
4-HA,802,4582,0,1,1,4584,A
4-HA,803,1,4582,0,0,4583,T
4-HA,804,1,4444,0,1,4446,T
4-HA,805,0,1,4493,0,4494,G
4-HA,806,3,0,0,4606,4609,C
4-HA,807,0,4773,0,7,4780,T
4-HA,808,11,0,2,4903,4916,C
4-HA,809,5,1,1,4916,4923,C
4-HA,810,1,4905,1,6,4913,T
4-HA,811,4923,2,1,0,4926,A
4-HA,812,1,13,4917,1,4932,G
4-HA,813,3,15,4957,1,4976,G
4-HA,814,5,5,4942,0,4952,G
4-HA,815,1,3,4891,0,4895,G
4-HA,816,0,4788,0,5,4793,T
4-HA,817,0,4743,0,2,4745,T
4-HA,818,4750,0,1,0,4751,A
4-HA,819,4,0,0,4822,4826,C
4-HA,820,0,4796,0,3,4799,T
4-HA,821,1,4820,0,1,4822,T
4-HA,822,11,2,0,4793,4806,C
4-HA,823,4794,0,1,0,4795,A
4-HA,824,4803,1,0,0,4804,A
4-HA,825,4805,0,1,1,4807,A
4-HA,826,4842,0,1,0,4843,A
4-HA,827,0,4841,0,1,4842,T
4-HA,828,4789,0,2,0,4791,A
4-HA,829,0,0,0,4798,4798,C
4-HA,830,4,7,4770,1,4782,G
4-HA,831,4785,0,1,0,4786,A
4-HA,832,4788,0,1,1,4790,A
4-HA,833,0,0,4847,0,4847,G
4-HA,834,1,4826,0,3,4830,T
4-HA,835,2,13,4847,0,4862,G
4-HA,836,1,11,4853,2,4867,G
4-HA,837,0,14,4871,0,4885,G
4-HA,838,4880,0,6,0,4886,A
4-HA,839,4890,2,2,0,4894,A
4-HA,840,4884,0,8,0,4892,A
4-HA,841,4855,0,18,1,4874,A
4-HA,842,0,1,4957,0,4958,G
4-HA,843,0,1,0,4950,4951,C
4-HA,844,1,4903,0,3,4907,T
4-HA,845,10,1,2,4965,4978,C
4-HA,846,4969,1,1,0,4971,A
4-HA,847,5027,0,0,0,5027,A
4-HA,848,0,5026,0,0,5026,T
4-HA,849,5070,0,0,0,5070,A
4-HA,850,5056,2,4,1,5063,A
4-HA,851,0,4997,0,0,4997,T
4-HA,852,3,13,4997,0,5013,G
4-HA,853,4986,1,1,0,4988,A
4-HA,854,1,9,5090,0,5100,G
4-HA,855,5095,1,3,0,5099,A
4-HA,856,0,5064,0,1,5065,T
4-HA,857,8,0,0,5174,5182,C
4-HA,858,5151,1,0,0,5152,A
4-HA,859,1,4,5269,0,5274,G
4-HA,860,5277,0,1,0,5278,A
4-HA,861,1,5262,0,1,5264,T
4-HA,862,3,4,5247,0,5254,G
4-HA,863,0,2,0,5179,5181,C
4-HA,864,5180,2,6,1,5189,A
4-HA,865,1,2,0,5297,5300,C
4-HA,866,7,0,1,5249,5257,C
4-HA,867,7,5,0,5257,5269,C
4-HA,868,5191,0,0,0,5191,A
4-HA,869,0,5170,0,1,5171,T
4-HA,870,0,5158,0,7,5165,T
4-HA,871,2,10,5206,0,5218,G
4-HA,872,3,2,5198,0,5203,G
4-HA,873,3,5,0,5206,5214,C
4-HA,874,5142,1,1,0,5144,A
4-HA,875,5126,1,1,0,5128,A
4-HA,876,5209,1,1,0,5211,A
4-HA,877,1,5216,0,0,5217,T
4-HA,878,1,0,5229,0,5230,G
4-HA,879,1,2,0,5222,5225,C
4-HA,880,5178,0,2,1,5181,A
4-HA,881,5303,0,4,0,5307,A
4-HA,882,0,5305,0,1,5306,T
4-HA,883,1,5339,0,2,5342,T
4-HA,884,10,0,0,5326,5336,C
4-HA,885,1,5240,0,7,5248,T
4-HA,886,6,7,5292,0,5305,G
4-HA,887,5300,0,1,0,5301,A
4-HA,888,5322,0,1,0,5323,A
4-HA,889,0,5321,0,3,5324,T
4-HA,890,2,0,5259,1,5262,G
4-HA,891,1,2,0,5283,5286,C
4-HA,892,5267,0,1,0,5268,A
4-HA,893,0,5266,0,3,5269,T
4-HA,894,20,1,0,5240,5261,C
4-HA,895,5245,2,3,0,5250,A
4-HA,896,4,0,0,5424,5428,C
4-HA,897,1,5396,0,4,5401,T
4-HA,898,14,0,0,5406,5420,C
4-HA,899,10,5,1,5380,5396,C
4-HA,900,5440,1,2,1,5444,A
4-HA,901,5440,0,3,0,5443,A
4-HA,902,5436,0,1,0,5437,A
4-HA,903,2,5246,0,1,5249,T
4-HA,904,1,5,5271,1,5278,G
4-HA,905,0,11,5274,0,5285,G
4-HA,906,5287,1,3,0,5291,A
4-HA,907,5279,2,10,0,5291,A
4-HA,908,4,0,5299,0,5303,G
4-HA,909,1,1,0,5255,5257,C
4-HA,910,5240,1,2,0,5243,A
4-HA,911,1,5250,0,1,5252,T
4-HA,912,1,5228,0,2,5231,T
4-HA,913,10,1,0,5363,5374,C
4-HA,914,8,0,0,5342,5350,C
4-HA,915,8,2,0,5356,5366,C
4-HA,916,5357,0,2,0,5359,A
4-HA,917,5422,2,2,2,5428,A
4-HA,918,3,5480,0,3,5486,T
4-HA,919,3,23,5453,2,5481,G
4-HA,920,5458,2,6,0,5466,A
4-HA,921,1,1,0,5473,5475,C
4-HA,922,5314,0,2,1,5317,A
4-HA,923,5323,0,1,5,5329,A
4-HA,924,5326,0,1,0,5327,A
4-HA,925,0,1,0,5362,5363,C
4-HA,926,18,2,0,5277,5297,C
4-HA,927,5220,1,6,0,5227,A
4-HA,928,1,5249,0,3,5253,T
4-HA,929,1,5257,0,4,5262,T
4-HA,930,12,3,0,5255,5270,C
4-HA,931,7,2,0,5265,5274,C
4-HA,932,5263,1,2,1,5267,A
4-HA,933,5257,1,3,0,5261,A
4-HA,934,5233,1,3,1,5238,A
4-HA,935,5329,1,1,1,5332,A
4-HA,936,0,5320,0,0,5320,T
4-HA,937,1,0,5300,0,5301,G
4-HA,938,2,5269,0,3,5274,T
4-HA,939,2,5249,0,4,5255,T
4-HA,940,5336,1,2,2,5341,A
4-HA,941,5339,0,2,2,5343,A
4-HA,942,2,1,0,5338,5341,C
4-HA,943,5288,2,2,0,5292,A
4-HA,944,2,14,5322,0,5338,G
4-HA,945,0,7,5376,1,5384,G
4-HA,946,5481,2,3,1,5487,A
4-HA,947,0,5489,0,2,5491,T
4-HA,948,11,2,0,5530,5543,C
4-HA,949,5570,0,2,1,5573,A
4-HA,950,0,2,0,5769,5771,C
4-HA,951,5774,0,1,0,5775,A
4-HA,952,1,5956,0,2,5959,T
4-HA,953,5851,1,1,0,5853,A
4-HA,954,0,17,0,5759,5776,C
4-HA,955,1,6,5585,0,5592,G
4-HA,956,1,8,5579,0,5588,G
4-HA,957,1,9,5539,0,5549,G
4-HA,958,2,4,5545,0,5551,G
4-HA,959,2,2,0,5411,5415,C
4-HA,960,7,4,0,5384,5395,C
4-HA,961,0,5243,0,4,5247,T
4-HA,962,3,0,5690,0,5693,G
4-HA,963,1,5699,1,8,5709,T
4-HA,964,21,1,0,5710,5732,C
4-HA,965,16,2,0,5706,5724,C
4-HA,966,12,3,1,5701,5717,C
4-HA,967,5704,1,1,0,5706,A
4-HA,968,0,7,5748,0,5755,G
4-HA,969,5734,2,1,1,5738,A
4-HA,970,0,5736,0,1,5737,T
4-HA,971,5341,0,0,0,5341,A
4-HA,972,0,5232,0,0,5232,T
4-HA,973,0,3,5250,0,5253,G
4-HA,974,2,5233,1,2,5238,T
4-HA,975,1,5150,2,0,5153,T
4-HA,976,5203,0,1,0,5204,A
4-HA,977,5140,1,2,0,5143,A
4-HA,978,1,3,5198,0,5202,G
4-HA,979,1,2,1,5191,5195,C
4-HA,980,5120,0,0,0,5120,A
4-HA,981,5114,2,3,0,5119,A
4-HA,982,5077,0,1,0,5078,A
4-HA,983,5077,2,7,0,5086,A
4-HA,984,0,3,0,5093,5096,C
4-HA,985,5048,1,2,0,5051,A
4-HA,986,2,1,0,5089,5092,C
4-HA,987,2,4998,0,3,5003,T
4-HA,988,10,0,0,5023,5033,C
4-HA,989,0,5022,2,3,5027,T
4-HA,990,1,4,5063,0,5068,G
4-HA,991,5059,0,1,0,5060,A
4-HA,992,5043,0,2,0,5045,A
4-HA,993,5046,0,1,0,5047,A
4-HA,994,0,4995,0,2,4997,T
4-HA,995,0,4951,0,1,4952,T
4-HA,996,6,10,4998,0,5014,G
4-HA,997,0,2,5004,0,5006,G
4-HA,998,1,2,1,5028,5032,C
4-HA,999,4984,1,4,1,4990,A
4-HA,1000,4994,2,0,0,4996,A
4-HA,1001,0,1,0,5002,5003,C
4-HA,1002,4982,0,3,1,4986,A
4-HA,1003,3,11,5016,0,5030,G
4-HA,1004,2,15,4984,0,5001,G
4-HA,1005,0,7,4975,1,4983,G
4-HA,1006,4979,2,4,0,4985,A
4-HA,1007,0,4942,0,6,4948,T
4-HA,1008,0,2,4952,1,4955,G
4-HA,1009,0,6,0,4938,4944,C
4-HA,1010,6,8,4957,0,4971,G
4-HA,1011,5014,2,1,0,5017,A
4-HA,1012,4923,0,3,0,4926,A
4-HA,1013,4979,1,1,0,4981,A
4-HA,1014,0,4917,0,1,4918,T
4-HA,1015,1,6,5010,0,5017,G
4-HA,1016,2,5003,0,1,5006,T
4-HA,1017,4993,1,3,0,4997,A
4-HA,1018,5,0,0,4989,4994,C
4-HA,1019,11,11,0,4943,4965,C
4-HA,1020,4871,1,1,1,4874,A
4-HA,1021,1,6,4886,0,4893,G
4-HA,1022,4826,1,2,0,4829,A
4-HA,1023,0,5,4863,0,4868,G
4-HA,1024,4792,0,2,0,4794,A
4-HA,1025,4786,1,4,0,4791,A
4-HA,1026,4801,0,4,1,4806,A
4-HA,1027,2,2,0,4795,4799,C
4-HA,1028,4763,0,10,0,4773,A
4-HA,1029,4845,0,1,0,4846,A
4-HA,1030,4830,1,3,1,4835,A
4-HA,1031,2,1,1,4859,4863,C
4-HA,1032,0,4827,0,1,4828,T
4-HA,1033,4774,3,1,0,4778,A
4-HA,1034,0,2,4791,0,4793,G
4-HA,1035,4762,2,3,0,4767,A
4-HA,1036,2,8,4829,0,4839,G
4-HA,1037,1,1,4823,1,4826,G
4-HA,1038,4,2,0,4720,4726,C
4-HA,1039,4721,1,4,1,4727,A
4-HA,1040,0,4724,0,4,4728,T
4-HA,1041,4756,2,1,0,4759,A
4-HA,1042,1,4739,1,2,4743,T
4-HA,1043,2,4729,1,0,4732,T
4-HA,1044,1,4726,0,0,4727,T
4-HA,1045,8,6,4562,0,4576,G
4-HA,1046,4,2,4568,0,4574,G
4-HA,1047,0,5,1,4555,4561,C
4-HA,1048,6,0,4557,1,4564,G
4-HA,1049,3,1,0,4547,4551,C
4-HA,1050,4502,0,1,7,4510,A
4-HA,1051,4535,2,0,0,4537,A
4-HA,1052,1,4540,0,0,4541,T
4-HA,1053,12,6,0,4525,4543,C
4-HA,1054,3,3,4544,0,4550,G
4-HA,1055,2,1,0,4530,4533,C
4-HA,1056,2,11,4530,0,4543,G
4-HA,1057,3,4,4548,1,4556,G
4-HA,1058,2,1,4574,0,4577,G
4-HA,1059,0,4546,0,0,4546,T
4-HA,1060,1,4510,0,0,4511,T
4-HA,1061,0,4506,0,6,4512,T
4-HA,1062,7,2,0,4510,4519,C
4-HA,1063,4523,1,4,0,4528,A
4-HA,1064,0,4533,0,1,4534,T
4-HA,1065,4531,1,0,0,4532,A
4-HA,1066,11,11,4552,1,4575,G
4-HA,1067,4456,1,1,0,4458,A
4-HA,1068,4465,1,0,0,4466,A
4-HA,1069,4461,1,1,0,4463,A
4-HA,1070,4452,2,5,9,4468,A
4-HA,1071,1,4456,1,1,4459,T
4-HA,1072,0,8,4486,0,4494,G
4-HA,1073,0,2,4515,0,4517,G
4-HA,1074,2,4464,0,1,4467,T
4-HA,1075,0,4383,0,1,4384,T
4-HA,1076,1,10,4372,0,4383,G
4-HA,1077,0,3,4400,0,4403,G
4-HA,1078,0,4,4423,0,4427,G
4-HA,1079,4356,1,7,0,4364,A
4-HA,1080,2,5,4386,0,4393,G
4-HA,1081,1,10,4325,0,4336,G
4-HA,1082,2,5,4438,0,4445,G
4-HA,1083,4432,1,3,0,4436,A
4-HA,1084,4490,0,4,0,4494,A
4-HA,1085,0,4488,0,1,4489,T
4-HA,1086,5,7,4473,0,4485,G
4-HA,1087,1,4,4552,0,4557,G
4-HA,1088,1,4507,1,0,4509,T
4-HA,1089,2,6,4485,0,4493,G
4-HA,1090,0,5,4467,1,4473,G
4-HA,1091,4390,1,4,1,4396,A
4-HA,1092,0,4398,0,2,4400,T
4-HA,1093,0,13,4485,0,4498,G
4-HA,1094,2,3,4572,0,4577,G
4-HA,1095,0,4511,0,1,4512,T
4-HA,1096,0,4384,4,4,4392,T
4-HA,1097,1,13,4387,0,4401,G
4-HA,1098,2,1,4445,0,4448,G
4-HA,1099,0,4445,1,1,4447,T
4-HA,1100,4439,2,1,0,4442,A
4-HA,1101,1,11,0,4231,4243,C
4-HA,1102,0,5,4265,0,4270,G
4-HA,1103,2,1,4417,0,4420,G
4-HA,1104,2,4407,0,6,4415,T
4-HA,1105,0,4406,0,2,4408,T
4-HA,1106,2,4385,1,1,4389,T
4-HA,1107,7,2,0,4327,4336,C
4-HA,1108,4322,1,2,0,4325,A
4-HA,1109,1,6,4318,0,4325,G
4-HA,1110,1,3,4305,0,4309,G
4-HA,1111,4,1,0,4284,4289,C
4-HA,1112,4161,0,1,0,4162,A
4-HA,1113,0,4182,1,7,4190,T
4-HA,1114,10,1,0,4181,4192,C
4-HA,1115,4204,0,1,0,4205,A
4-HA,1116,4198,1,1,0,4200,A
4-HA,1117,4203,0,2,0,4205,A
4-HA,1118,4212,1,0,1,4214,A
4-HA,1119,0,4203,0,1,4204,T
4-HA,1120,0,4192,0,4,4196,T
4-HA,1121,9,1,0,4202,4212,C
4-HA,1122,0,4181,1,0,4182,T
4-HA,1123,1,3,4182,0,4186,G
4-HA,1124,4181,0,3,0,4184,A
4-HA,1125,4146,1,1,1,4149,A
4-HA,1126,0,2,4184,0,4186,G
4-HA,1127,1,4,4230,0,4235,G
4-HA,1128,4236,0,1,0,4237,A
4-HA,1129,4223,1,3,0,4227,A
4-HA,1130,0,6,4183,0,4189,G
4-HA,1131,4244,1,6,0,4251,A
4-HA,1132,0,7,4284,0,4291,G
4-HA,1133,0,10,4299,1,4310,G
4-HA,1134,4308,0,3,0,4311,A
4-HA,1135,0,3,0,4301,4304,C
4-HA,1136,4261,1,2,0,4264,A
4-HA,1137,4256,0,3,1,4260,A
4-HA,1138,1,3,4260,0,4264,G
4-HA,1139,2,3,0,4259,4264,C
4-HA,1140,4213,1,4,0,4218,A
4-HA,1141,0,1,4233,0,4234,G
4-HA,1142,2,1,1,4223,4227,C
4-HA,1143,4207,0,0,0,4207,A
4-HA,1144,0,3,4250,0,4253,G
4-HA,1145,4225,0,1,0,4226,A
4-HA,1146,0,4330,0,0,4330,T
4-HA,1147,2,1,0,4353,4356,C
4-HA,1148,1,4333,0,5,4339,T
4-HA,1149,11,0,0,4365,4376,C
4-HA,1150,4361,1,0,0,4362,A
4-HA,1151,4357,0,2,0,4359,A
4-HA,1152,4357,2,2,0,4361,A
4-HA,1153,4285,0,5,0,4290,A
4-HA,1154,1,4,4301,0,4306,G
4-HA,1155,0,2,0,4222,4224,C
4-HA,1156,4184,0,4,1,4189,A
4-HA,1157,2,1,0,4257,4260,C
4-HA,1158,1,4219,1,6,4227,T
4-HA,1159,15,1,0,4223,4239,C
4-HA,1160,4229,0,4,0,4233,A
4-HA,1161,4301,1,11,0,4313,A
4-HA,1162,4,0,4322,0,4326,G
4-HA,1163,1,4,0,4305,4310,C
4-HA,1164,4265,0,4,0,4269,A
4-HA,1165,1,1,4287,0,4289,G
4-HA,1166,1,1,0,4221,4223,C
4-HA,1167,4209,0,1,0,4210,A
4-HA,1168,4206,0,2,0,4208,A
4-HA,1169,0,4191,0,2,4193,T
4-HA,1170,5,4,0,4060,4069,C
4-HA,1171,2,10,4071,0,4083,G
4-HA,1172,4078,0,2,0,4080,A
4-HA,1173,2,4060,0,10,4072,T
4-HA,1174,11,0,0,4038,4049,C
4-HA,1175,4036,1,1,0,4038,A
4-HA,1176,4104,1,1,0,4106,A
4-HA,1177,4119,1,3,0,4123,A
4-HA,1178,1,4116,0,0,4117,T
4-HA,1179,12,0,0,4104,4116,C
4-HA,1180,4067,2,2,0,4071,A
4-HA,1181,4090,0,3,0,4093,A
4-HA,1182,1,4097,0,0,4098,T
4-HA,1183,0,6,4099,1,4106,G
4-HA,1184,0,5,4091,1,4097,G
4-HA,1185,2,3,4043,0,4048,G
4-HA,1186,4068,1,2,0,4071,A
4-HA,1187,4055,1,7,0,4063,A
4-HA,1188,1,2,4127,0,4130,G
4-HA,1189,1,16,0,4104,4121,C
4-HA,1190,0,4081,0,6,4087,T
4-HA,1191,1,4,4245,0,4250,G
4-HA,1192,4237,1,0,0,4238,A
4-HA,1193,4237,0,5,1,4243,A
4-HA,1194,0,4244,0,1,4245,T
4-HA,1195,4152,0,0,0,4152,A
4-HA,1196,1,2,4154,0,4157,G
4-HA,1197,3819,3,5,0,3827,A
4-HA,1198,1,3834,0,2,3837,T
4-HA,1199,2,3847,0,0,3849,T
4-HA,1200,1,11,3859,0,3871,G
4-HA,1201,3854,1,2,1,3858,A
4-HA,1202,0,3835,0,1,3836,T
4-HA,1203,14,0,0,3828,3842,C
4-HA,1204,14,7,3831,0,3852,G
4-HA,1205,0,7,3842,1,3850,G
4-HA,1206,0,6,3857,0,3863,G
4-HA,1207,3843,0,5,0,3848,A
4-HA,1208,3858,0,0,0,3858,A
4-HA,1209,3829,1,3,1,3834,A
4-HA,1210,3839,0,2,0,3841,A
4-HA,1211,1,2,0,3848,3851,C
4-HA,1212,9,0,1,3828,3838,C
4-HA,1213,3827,1,1,0,3829,A
4-HA,1214,3818,0,4,0,3822,A
4-HA,1215,1,1,0,3830,3832,C
4-HA,1216,3,7,3832,0,3842,G
4-HA,1217,3835,1,2,0,3838,A
4-HA,1218,1,6,3828,0,3835,G
4-HA,1219,3812,3,2,0,3817,A
4-HA,1220,3819,0,1,0,3820,A
4-HA,1221,3815,0,4,0,3819,A
4-HA,1222,0,3820,0,1,3821,T
4-HA,1223,3,3821,0,0,3824,T
4-HA,1224,8,1,0,3825,3834,C
4-HA,1225,5,3,0,3806,3814,C
4-HA,1226,3810,2,1,0,3813,A
4-HA,1227,1,3806,0,0,3807,T
4-HA,1228,5,1,0,3796,3802,C
4-HA,1229,3776,0,0,0,3776,A
4-HA,1230,0,3,3799,0,3802,G
4-HA,1231,3772,1,0,1,3774,A
4-HA,1232,0,3774,0,2,3776,T
4-HA,1233,0,3765,0,0,3765,T
4-HA,1234,1,6,3793,0,3800,G
4-HA,1235,3795,0,1,0,3796,A
4-HA,1236,3797,0,1,0,3798,A
4-HA,1237,3798,0,3,0,3801,A
4-HA,1238,3803,0,0,0,3803,A
4-HA,1239,3764,1,3,1,3769,A
4-HA,1240,0,12,3761,0,3773,G
4-HA,1241,3761,1,1,0,3763,A
4-HA,1242,3760,0,1,0,3761,A
4-HA,1243,0,3725,0,0,3725,T
4-HA,1244,0,3721,0,2,3723,T
4-HA,1245,11,0,0,3731,3742,C
4-HA,1246,1,3733,1,4,3739,T
4-HA,1247,3,1,0,3735,3739,C
4-HA,1248,3736,3,3,0,3742,A
4-HA,1249,1,3,3737,0,3741,G
4-HA,1250,3730,0,0,0,3730,A
4-HA,1251,3705,1,1,0,3707,A
4-HA,1252,1,1,3750,0,3752,G
4-HA,1253,2,3724,0,3,3729,T
4-HA,1254,7,2,0,3721,3730,C
4-HA,1255,1,4,3726,0,3731,G
4-HA,1256,3728,0,4,1,3733,A
4-HA,1257,3731,1,2,0,3734,A
4-HA,1258,3,8,3717,0,3728,G
4-HA,1259,1,1,3762,0,3764,G
4-HA,1260,1,7,3752,0,3760,G
4-HA,1261,3665,3,7,0,3675,A
4-HA,1262,1,4,3692,0,3697,G
4-HA,1263,3670,1,4,1,3676,A
4-HA,1264,3922,0,0,0,3922,A
4-HA,1265,0,3922,1,5,3928,T
4-HA,1266,0,3916,1,3,3920,T
4-HA,1267,8,3,0,3900,3911,C
4-HA,1268,3855,1,6,0,3862,A
4-HA,1269,1,9,3853,0,3863,G
4-HA,1270,1,5,3858,0,3864,G
4-HA,1271,3855,0,1,0,3856,A
4-HA,1272,2,1,0,3852,3855,C
4-HA,1273,2,0,0,3602,3604,C
4-HA,1274,0,3578,1,3,3582,T
4-HA,1275,0,3523,0,74,3597,T
4-HA,1276,0,7,3613,0,3620,G
4-HA,1277,3609,0,7,0,3616,A
4-HA,1278,0,5,3678,0,3683,G
4-HA,1279,3660,0,1,0,3661,A
4-HA,1280,3435,0,0,0,3435,A
4-HA,1281,3423,1,3,0,3427,A
4-HA,1282,0,3380,0,1,3381,T
4-HA,1283,3467,1,1,0,3469,A
4-HA,1284,1,3453,0,1,3455,T
4-HA,1285,0,1,3472,0,3473,G
4-HA,1286,0,3464,0,2,3466,T
4-HA,1287,0,3363,0,3,3366,T
4-HA,1288,0,7,3364,0,3371,G
4-HA,1289,3341,0,1,0,3342,A
4-HA,1290,0,6,3354,0,3360,G
4-HA,1291,1,6,3335,1,3343,G
4-HA,1292,3295,0,3,0,3298,A
4-HA,1293,0,2,0,3397,3399,C
4-HA,1294,3357,2,0,0,3359,A
4-HA,1295,1,0,0,3450,3451,C
4-HA,1296,6,0,0,3449,3455,C
4-HA,1297,3462,1,0,0,3463,A
4-HA,1298,3530,0,2,0,3532,A
4-HA,1299,3519,0,1,0,3520,A
4-HA,1300,3550,0,0,0,3550,A
4-HA,1301,0,3547,0,1,3548,T
4-HA,1302,3438,1,1,0,3440,A
4-HA,1303,2,5,3456,0,3463,G
4-HA,1304,3391,0,1,0,3392,A
4-HA,1305,0,3413,0,1,3414,T
4-HA,1306,1,1,0,3420,3422,C
4-HA,1307,0,3355,0,7,3362,T
4-HA,1308,4,0,0,3420,3424,C
4-HA,1309,1,3419,4,0,3424,T
4-HA,1310,1,5,3501,0,3507,G
4-HA,1311,0,0,3585,0,3585,G
4-HA,1312,2,3553,0,6,3561,T
4-HA,1313,27,1,0,3542,3570,C
4-HA,1314,3593,1,0,0,3594,A
4-HA,1315,0,3597,1,4,3602,T
4-HA,1316,3603,1,2,0,3606,A
4-HA,1317,0,2,0,3597,3599,C
4-HA,1318,3505,0,0,0,3505,A
4-HA,1319,3531,1,4,0,3536,A
4-HA,1320,0,1,0,3426,3427,C
4-HA,1321,3,1,3419,0,3423,G
4-HA,1322,4,2,0,3417,3423,C
4-HA,1323,3,5,3386,0,3394,G
4-HA,1324,1,5,3410,0,3416,G
4-HA,1325,3399,2,0,0,3401,A
4-HA,1326,1,4,3438,0,3443,G
4-HA,1327,0,0,1,3440,3441,C
4-HA,1328,1,3417,1,1,3420,T
4-HA,1329,0,3433,1,2,3436,T
4-HA,1330,5,0,0,3442,3447,C
4-HA,1331,1,3469,0,0,3470,T
4-HA,1332,0,3479,1,0,3480,T
4-HA,1333,1,0,3465,0,3466,G
4-HA,1334,0,3457,0,5,3462,T
4-HA,1335,1,3407,0,2,3410,T
4-HA,1336,0,0,3472,0,3472,G
4-HA,1337,2,2,0,3459,3463,C
4-HA,1338,7,0,0,3442,3449,C
4-HA,1339,7,0,0,3473,3480,C
4-HA,1340,1,3459,0,5,3465,T
4-HA,1341,2,2,3486,0,3490,G
4-HA,1342,1,5,3494,1,3501,G
4-HA,1343,3493,0,3,0,3496,A
4-HA,1344,1,13,3495,0,3509,G
4-HA,1345,3439,0,1,0,3440,A
4-HA,1346,3460,1,2,0,3463,A
4-HA,1347,1,0,1,3506,3508,C
4-HA,1348,10,4,0,3485,3499,C
4-HA,1349,3506,0,1,0,3507,A
4-HA,1350,3657,0,2,0,3659,A
4-HA,1351,0,2,1,3666,3669,C
4-HA,1352,3685,0,2,0,3687,A
4-HA,1353,0,3679,0,1,3680,T
4-HA,1354,3660,0,4,1,3665,A
4-HA,1355,1,2,0,3733,3736,C
4-HA,1356,3653,1,0,0,3654,A
4-HA,1357,3651,0,3,0,3654,A
4-HA,1358,0,3637,1,1,3639,T
4-HA,1359,0,3518,0,2,3520,T
4-HA,1360,0,9,3569,0,3578,G
4-HA,1361,3609,0,0,0,3609,A
4-HA,1362,1,3596,0,4,3601,T
4-HA,1363,6,1,0,3601,3608,C
4-HA,1364,0,3534,0,2,3536,T
4-HA,1365,3567,0,1,0,3568,A
4-HA,1366,3566,0,0,0,3566,A
4-HA,1367,0,1,0,3567,3568,C
4-HA,1368,0,3540,3,1,3544,T
4-HA,1369,1,15,3496,0,3512,G
4-HA,1370,3528,1,1,0,3530,A
4-HA,1371,0,0,0,3517,3517,C
4-HA,1372,1,3522,0,2,3525,T
4-HA,1373,9,1,0,3514,3524,C
4-HA,1374,3512,2,2,0,3516,A
4-HA,1375,0,6,3561,0,3567,G
4-HA,1376,3561,1,3,0,3565,A
4-HA,1377,3559,0,1,0,3560,A
4-HA,1378,3566,0,1,0,3567,A
4-HA,1379,0,3545,0,0,3545,T
4-HA,1380,0,15,3562,0,3577,G
4-HA,1381,3572,2,0,0,3574,A
4-HA,1382,3570,2,6,1,3579,A
4-HA,1383,1,0,0,3581,3582,C
4-HA,1384,3522,0,1,1,3524,A
4-HA,1385,3520,1,1,0,3522,A
4-HA,1386,3520,0,0,1,3521,A
4-HA,1387,1,3,0,3534,3538,C
4-HA,1388,2,3508,1,1,3512,T
4-HA,1389,5,0,3529,0,3534,G
4-HA,1390,0,3496,1,3,3500,T
4-HA,1391,1,3485,0,7,3493,T
4-HA,1392,0,3500,0,3,3503,T
4-HA,1393,1,9,3498,1,3509,G
4-HA,1394,3504,0,4,1,3509,A
4-HA,1395,3505,0,1,0,3506,A
4-HA,1396,3496,0,2,0,3498,A
4-HA,1397,3502,0,0,0,3502,A
4-HA,1398,3493,1,0,2,3496,A
4-HA,1399,3498,3,0,1,3502,A
4-HA,1400,0,0,0,3509,3509,C
4-HA,1401,3501,2,0,0,3503,A
4-HA,1402,3504,0,1,1,3506,A
4-HA,1403,3503,0,1,0,3504,A
4-HA,1404,2,2,3516,0,3520,G
4-HA,1405,3531,0,3,0,3534,A
4-HA,1406,3519,0,3,0,3522,A
4-HA,1407,2,0,3518,0,3520,G
4-HA,1408,0,4,1,3509,3514,C
4-HA,1409,3525,0,1,0,3526,A
4-HA,1410,3534,0,3,0,3537,A
4-HA,1411,1,0,0,3545,3546,C
4-HA,1412,0,3523,1,1,3525,T
4-HA,1413,11,2,3524,0,3537,G
4-HA,1414,3497,0,3,0,3500,A
4-HA,1415,1,10,3518,0,3529,G
4-HA,1416,0,6,3531,0,3537,G
4-HA,1417,2,10,3516,1,3529,G
4-HA,1418,3536,1,3,0,3540,A
4-HA,1419,3519,0,0,0,3519,A
4-HA,1420,3504,1,4,1,3510,A
4-HA,1421,3532,1,0,0,3533,A
4-HA,1422,0,3525,0,0,3525,T
4-HA,1423,3,0,3542,0,3545,G
4-HA,1424,0,0,0,3552,3552,C
4-HA,1425,0,3523,0,1,3524,T
4-HA,1426,1,5,3529,0,3535,G
4-HA,1427,3520,2,2,0,3524,A
4-HA,1428,3,7,3674,0,3684,G
4-HA,1429,0,4,3728,0,3732,G
4-HA,1430,3681,0,4,0,3685,A
4-HA,1431,0,3678,0,3,3681,T
4-HA,1432,3656,1,3,1,3661,A
4-HA,1433,1,3644,1,1,3647,T
4-HA,1434,4,9,3658,1,3672,G
4-HA,1435,0,8,3688,0,3696,G
4-HA,1436,1,1,3688,0,3690,G
4-HA,1437,1,0,0,3514,3515,C
4-HA,1438,3428,1,0,0,3429,A
4-HA,1439,3430,1,2,0,3433,A
4-HA,1440,1,3422,0,2,3425,T
4-HA,1441,1,5,3432,0,3438,G
4-HA,1442,0,0,3436,1,3437,G
4-HA,1443,0,3391,0,2,3393,T
4-HA,1444,1,3313,0,0,3314,T
4-HA,1445,1,2,3323,0,3326,G
4-HA,1446,1,3337,0,10,3348,T
4-HA,1447,0,3341,0,1,3342,T
4-HA,1448,0,3335,0,6,3341,T
4-HA,1449,13,2,0,3340,3355,C
4-HA,1450,3341,0,1,0,3342,A
4-HA,1451,3352,1,0,0,3353,A
4-HA,1452,3353,0,0,0,3353,A
4-HA,1453,3387,0,1,0,3388,A
4-HA,1454,1,3372,0,1,3374,T
4-HA,1455,3345,0,1,0,3346,A
4-HA,1456,1,3352,0,5,3358,T
4-HA,1457,3353,0,2,0,3355,A
4-HA,1458,0,0,0,3376,3376,C
4-HA,1459,7,2,0,3366,3375,C
4-HA,1460,3371,1,3,0,3375,A
4-HA,1461,2,1,0,3386,3389,C
4-HA,1462,3365,0,1,0,3366,A
4-HA,1463,3380,0,2,0,3382,A
4-HA,1464,3395,0,0,0,3395,A
4-HA,1465,0,3388,0,0,3388,T
4-HA,1466,1,1,3398,0,3400,G
4-HA,1467,1,3349,0,5,3355,T
4-HA,1468,0,9,3376,0,3385,G
4-HA,1469,3389,0,3,1,3393,A
4-HA,1470,0,4,0,3384,3388,C
4-HA,1471,3328,0,4,0,3332,A
4-HA,1472,3329,0,2,0,3331,A
4-HA,1473,1,3362,0,2,3365,T
4-HA,1474,2,0,3367,0,3369,G
4-HA,1475,0,3,0,3331,3334,C
4-HA,1476,7,1,0,3342,3350,C
4-HA,1477,2,3313,0,8,3323,T
4-HA,1478,2,0,3460,0,3462,G
4-HA,1479,2,0,0,3462,3464,C
4-HA,1480,3463,1,2,0,3466,A
4-HA,1481,1,3460,0,2,3463,T
4-HA,1482,3331,0,1,0,3332,A
4-HA,1483,0,2,3350,0,3352,G
4-HA,1484,1,7,3334,0,3342,G
4-HA,1485,3329,0,1,0,3330,A
4-HA,1486,0,3317,0,0,3317,T
4-HA,1487,17,0,0,3139,3156,C
4-HA,1488,3154,0,1,0,3155,A
4-HA,1489,3170,0,3,0,3173,A
4-HA,1490,2,3165,0,1,3168,T
4-HA,1491,7,0,0,3168,3175,C
4-HA,1492,3106,0,1,0,3107,A
4-HA,1493,1,2,3131,1,3135,G
4-HA,1494,3139,0,1,0,3140,A
4-HA,1495,3143,0,2,0,3145,A
4-HA,1496,3140,0,2,0,3142,A
4-HA,1497,0,3127,0,1,3128,T
4-HA,1498,0,7,3114,0,3121,G
4-HA,1499,0,13,3110,0,3123,G
4-HA,1500,3111,1,1,1,3114,A
4-HA,1501,3133,0,1,0,3134,A
4-HA,1502,0,0,0,3113,3113,C
4-HA,1503,0,3085,0,1,3086,T
4-HA,1504,0,3097,0,2,3099,T
4-HA,1505,3104,0,2,0,3106,A
4-HA,1506,1,3099,1,2,3103,T
4-HA,1507,1,17,3089,0,3107,G
4-HA,1508,3096,3,0,0,3099,A
4-HA,1509,1,2,0,3096,3099,C
4-HA,1510,3,1,0,3066,3070,C
4-HA,1511,3060,1,1,0,3062,A
4-HA,1512,0,1,0,3135,3136,C
4-HA,1513,1,3,3209,0,3213,G
4-HA,1514,3268,1,3,0,3272,A
4-HA,1515,0,3302,0,0,3302,T
4-HA,1516,0,2,3417,0,3419,G
4-HA,1517,1,3389,0,0,3390,T
4-HA,1518,3495,0,2,0,3497,A
4-HA,1519,0,3498,0,2,3500,T
4-HA,1520,3491,0,2,0,3493,A
4-HA,1521,0,12,0,3481,3493,C
4-HA,1522,3119,0,0,0,3119,A
4-HA,1523,17,8,3118,0,3143,G
4-HA,1524,2947,1,1,0,2949,A
4-HA,1525,1,4,2848,0,2853,G
4-HA,1526,2826,0,2,0,2828,A
4-HA,1527,0,2596,0,0,2596,T
4-HA,1528,0,6,2581,1,2588,G
4-HA,1529,2585,0,0,0,2585,A
4-HA,1530,2577,0,3,0,2580,A
4-HA,1531,0,0,2637,1,2638,G
4-HA,1532,0,3,0,2584,2587,C
4-HA,1533,2582,0,0,0,2582,A
4-HA,1534,0,2565,0,4,2569,T
4-HA,1535,0,2570,0,1,2571,T
4-HA,1536,2576,0,2,0,2578,A
4-HA,1537,2577,0,2,1,2580,A
4-HA,1538,2578,0,2,1,2581,A
4-HA,1539,0,0,0,2583,2583,C
4-HA,1540,2485,0,1,1,2487,A
4-HA,1541,2488,0,1,0,2489,A
4-HA,1542,0,2,0,2480,2482,C
4-HA,1543,3,2,0,2465,2470,C
4-HA,1544,3,5,2465,0,2473,G
4-HA,1545,1,2,2503,0,2506,G
4-HA,1546,0,2504,0,4,2508,T
4-HA,1547,0,2506,0,1,2507,T
4-HA,1548,6,0,0,2495,2501,C
4-HA,1549,5,0,0,2503,2508,C
4-HA,1550,2489,1,5,0,2495,A
4-HA,1551,2,3,2520,0,2525,G
4-HA,1552,2526,1,0,0,2527,A
4-HA,1553,0,2520,0,1,2521,T
4-HA,1554,5,1,0,2408,2414,C
4-HA,1555,2398,1,1,0,2400,A
4-HA,1556,2406,0,2,0,2408,A
4-HA,1557,0,4,2394,0,2398,G
4-HA,1558,0,4,2390,0,2394,G
4-HA,1559,0,3,2392,0,2395,G
4-HA,1560,2282,1,2,0,2285,A
4-HA,1561,0,0,2304,1,2305,G
4-HA,1562,0,2304,0,2,2306,T
4-HA,1563,0,2300,0,0,2300,T
4-HA,1564,0,7,2310,0,2317,G
4-HA,1565,2306,0,2,0,2308,A
4-HA,1566,0,0,2322,0,2322,G
4-HA,1567,3,0,0,2324,2327,C
4-HA,1568,0,2288,0,2,2290,T
4-HA,1569,1,3,2297,0,2301,G
4-HA,1570,2298,0,0,0,2298,A
4-HA,1571,2300,0,4,0,2304,A
4-HA,1572,0,0,2309,0,2309,G
4-HA,1573,0,2246,2,2,2250,T
4-HA,1574,7,0,0,2235,2242,C
4-HA,1575,2215,0,3,0,2218,A
4-HA,1576,0,3,2212,0,2215,G
4-HA,1577,1,7,2202,0,2210,G
4-HA,1578,4,0,2162,0,2166,G
4-HA,1579,0,2229,0,2,2231,T
4-HA,1580,2233,0,0,0,2233,A
4-HA,1581,2,0,1,2224,2227,C
4-HA,1582,2221,1,0,0,2222,A
4-HA,1583,2222,0,1,0,2223,A
4-HA,1584,2217,0,3,0,2220,A
4-HA,1585,0,2,2220,0,2222,G
4-HA,1586,2156,1,0,0,2157,A
4-HA,1587,0,2081,0,1,2082,T
4-HA,1588,0,2044,0,0,2044,T
4-HA,1589,0,2,2040,0,2042,G
4-HA,1590,0,3,2031,0,2034,G
4-HA,1591,2042,1,0,0,2043,A
4-HA,1592,0,2039,0,0,2039,T
4-HA,1593,3,0,0,2027,2030,C
4-HA,1594,5,2,2,1980,1989,C
4-HA,1595,0,1958,0,3,1961,T
4-HA,1596,1970,0,0,0,1970,A
4-HA,1597,1,1969,0,0,1970,T
4-HA,1598,0,4,1967,0,1971,G
4-HA,1599,1,2,1964,0,1967,G
4-HA,1600,1929,0,0,0,1929,A
4-HA,1601,0,1913,0,2,1915,T
4-HA,1602,0,1890,0,0,1890,T
4-HA,1603,0,1874,0,1,1875,T
4-HA,1604,2,0,0,1881,1883,C
4-HA,1605,1,0,0,1875,1876,C
4-HA,1606,0,1851,0,0,1851,T
4-HA,1607,1,1843,0,1,1845,T
4-HA,1608,0,1833,0,0,1833,T
4-HA,1609,1,1,1841,0,1843,G
4-HA,1610,0,0,1,1842,1843,C
4-HA,1611,3,1,1,1840,1845,C
4-HA,1612,1811,0,0,0,1811,A
4-HA,1613,1,1793,0,5,1799,T
4-HA,1614,1804,0,0,4,1808,A
4-HA,1615,0,1807,0,0,1807,T
4-HA,1616,3,0,0,1795,1798,C
4-HA,1617,1789,0,0,0,1789,A
4-HA,1618,0,1757,0,2,1759,T
4-HA,1619,0,0,1769,0,1769,G
4-HA,1620,0,1761,0,2,1763,T
4-HA,1621,0,1741,0,1,1742,T
4-HA,1622,0,1740,0,0,1740,T
4-HA,1623,0,1700,0,0,1700,T
4-HA,1624,0,1694,0,1,1695,T
4-HA,1625,0,1692,0,5,1697,T
4-HA,1626,0,1,1703,0,1704,G
4-HA,1627,0,1,0,1700,1701,C
4-HA,1628,0,1650,0,2,1652,T
4-HA,1629,0,1652,0,0,1652,T
4-HA,1630,0,1644,0,1,1645,T
4-HA,1631,1,0,1664,0,1665,G
4-HA,1632,0,1663,0,0,1663,T
4-HA,1633,0,1,1665,0,1666,G
4-HA,1634,0,1663,0,3,1666,T
4-HA,1635,1,1644,0,2,1647,T
4-HA,1636,0,0,1658,0,1658,G
4-HA,1637,0,0,0,1658,1658,C
4-HA,1638,0,1640,1,5,1646,T
4-HA,1639,1,1642,0,0,1643,T
4-HA,1640,0,1557,0,0,1557,T
4-HA,1641,0,0,1566,0,1566,G
4-HA,1642,0,1564,0,0,1564,T
4-HA,1643,0,1551,0,1,1552,T
4-HA,1644,1,2,1545,1,1549,G
4-HA,1645,1,6,1515,0,1522,G
4-HA,1646,0,1,1509,0,1510,G
4-HA,1647,0,0,1519,0,1519,G
4-HA,1648,0,1470,0,1,1471,T
4-HA,1649,0,1465,0,0,1465,T
4-HA,1650,7,0,0,1431,1438,C
4-HA,1651,1414,0,1,0,1415,A
4-HA,1652,2,1416,0,1,1419,T
4-HA,1653,1,0,0,1408,1409,C
4-HA,1654,1399,0,0,0,1399,A
4-HA,1655,0,1346,0,0,1346,T
4-HA,1656,0,0,1336,0,1336,G
4-HA,1657,0,1298,0,3,1301,T
4-HA,1658,1,1,1287,0,1289,G
4-HA,1659,0,2,1248,0,1250,G
4-HA,1660,0,0,1246,0,1246,G
4-HA,1661,1,0,0,1207,1208,C
4-HA,1662,0,0,0,1171,1171,C
4-HA,1663,0,1098,0,0,1098,T
4-HA,1664,1,0,1107,0,1108,G
4-HA,1665,1,0,0,1100,1101,C
4-HA,1666,2,0,0,1103,1105,C
4-HA,1667,1102,0,2,0,1104,A
4-HA,1668,1093,1,0,0,1094,A
4-HA,1669,1097,0,0,0,1097,A
4-HA,1670,1095,0,0,0,1095,A
4-HA,1671,1089,0,2,0,1091,A
4-HA,1672,0,1,1089,1,1091,G
4-HA,1673,0,2,1060,0,1062,G
4-HA,1674,0,0,0,1043,1043,C
4-HA,1675,1042,0,0,0,1042,A
4-HA,1676,1047,0,0,0,1047,A
4-HA,1677,0,1,0,1047,1048,C
4-HA,1678,1046,0,0,0,1046,A
4-HA,1679,1,1044,0,0,1045,T
4-HA,1680,0,1030,0,0,1030,T
4-HA,1681,989,0,0,0,989,A
4-HA,1682,0,1,984,0,985,G
4-HA,1683,0,0,981,0,981,G
4-HA,1684,0,947,0,2,949,T
4-HA,1685,0,0,897,0,897,G
4-HA,1686,1,0,0,862,863,C
4-HA,1687,839,0,0,0,839,A
4-HA,1688,839,1,0,0,840,A
4-HA,1689,0,2,0,836,838,C
4-HA,1690,823,0,0,0,823,A
4-HA,1691,1,798,0,0,799,T
4-HA,1692,0,735,0,1,736,T
4-HA,1693,0,733,0,0,733,T
4-HA,1694,0,0,731,0,731,G
4-HA,1695,0,0,0,720,720,C
4-HA,1696,720,0,0,0,720,A
4-HA,1697,0,666,0,1,667,T
4-HA,1698,0,644,0,0,644,T
4-HA,1699,0,610,0,0,610,T
4-HA,1700,0,0,610,0,610,G
4-HA,1701,584,0,0,0,584,A
5-NP,1,240,0,0,0,240,A
5-NP,2,0,241,0,0,241,T
5-NP,3,0,0,239,0,239,G
5-NP,4,0,0,242,0,242,G
5-NP,5,0,0,0,242,242,C
5-NP,6,0,0,250,0,250,G
5-NP,7,0,258,0,0,258,T
5-NP,8,1,0,0,262,263,C
5-NP,9,0,0,0,266,266,C
5-NP,10,0,0,0,265,265,C
5-NP,11,264,0,2,0,266,A
5-NP,12,264,0,1,0,265,A
5-NP,13,0,0,272,0,272,G
5-NP,14,0,1,284,0,285,G
5-NP,15,0,0,0,287,287,C
5-NP,16,289,0,0,0,289,A
5-NP,17,0,0,0,291,291,C
5-NP,18,1,0,0,290,291,C
5-NP,19,293,0,0,0,293,A
5-NP,20,292,0,0,0,292,A
5-NP,21,294,0,0,0,294,A
5-NP,22,0,0,0,295,295,C
5-NP,23,0,0,293,0,293,G
5-NP,24,0,0,320,0,320,G
5-NP,25,0,323,0,0,323,T
5-NP,26,0,0,0,357,357,C
5-NP,27,0,352,0,1,353,T
5-NP,28,0,359,0,0,359,T
5-NP,29,362,0,0,0,362,A
5-NP,30,0,362,0,0,362,T
5-NP,31,0,1,365,0,366,G
5-NP,32,364,0,1,0,365,A
5-NP,33,362,0,0,0,362,A
5-NP,34,0,0,0,364,364,C
5-NP,35,358,0,0,0,358,A
5-NP,36,0,0,380,0,380,G
5-NP,37,377,0,0,0,377,A
5-NP,38,0,381,0,0,381,T
5-NP,39,0,1,379,1,381,G
5-NP,40,0,1,381,0,382,G
5-NP,41,382,0,0,0,382,A
5-NP,42,385,0,0,0,385,A
5-NP,43,386,0,0,0,386,A
5-NP,44,0,0,0,402,402,C
5-NP,45,0,398,0,0,398,T
5-NP,46,0,0,401,0,401,G
5-NP,47,400,0,0,0,400,A
5-NP,48,0,400,0,0,400,T
5-NP,49,0,0,400,0,400,G
5-NP,50,0,1,401,0,402,G
5-NP,51,0,2,398,0,400,G
5-NP,52,0,0,404,0,404,G
5-NP,53,401,0,0,0,401,A
5-NP,54,0,401,0,0,401,T
5-NP,55,0,0,0,401,401,C
5-NP,56,1,0,402,0,403,G
5-NP,57,0,0,0,404,404,C
5-NP,58,1,0,0,403,404,C
5-NP,59,403,0,0,0,403,A
5-NP,60,0,2,406,0,408,G
5-NP,61,407,0,0,0,407,A
5-NP,62,414,0,0,0,414,A
5-NP,63,0,414,0,0,414,T
5-NP,64,1,0,415,0,416,G
5-NP,65,0,0,0,417,417,C
5-NP,66,416,0,0,0,416,A
5-NP,67,421,1,1,0,423,A
5-NP,68,1,0,0,421,422,C
5-NP,69,0,420,0,0,420,T
5-NP,70,0,3,427,0,430,G
5-NP,71,441,0,0,0,441,A
5-NP,72,0,0,468,0,468,G
5-NP,73,461,1,1,0,463,A
5-NP,74,0,467,0,0,467,T
5-NP,75,0,467,0,1,468,T
5-NP,76,464,0,0,0,464,A
5-NP,77,0,4,463,0,467,G
5-NP,78,1,0,469,0,470,G
5-NP,79,0,0,467,0,467,G
5-NP,80,0,0,0,463,463,C
5-NP,81,461,0,0,0,461,A
5-NP,82,0,463,0,0,463,T
5-NP,83,0,1,0,462,463,C
5-NP,84,1,0,0,462,463,C
5-NP,85,0,1,475,0,476,G
5-NP,86,0,474,0,0,474,T
5-NP,87,0,0,0,472,472,C
5-NP,88,0,2,473,0,475,G
5-NP,89,0,0,476,0,476,G
5-NP,90,0,0,478,1,479,G
5-NP,91,480,0,0,0,480,A
5-NP,92,479,0,0,0,479,A
5-NP,93,0,0,478,0,478,G
5-NP,94,475,0,0,0,475,A
5-NP,95,0,472,0,0,472,T
5-NP,96,0,0,475,0,475,G
5-NP,97,478,0,0,0,478,A
5-NP,98,0,476,0,1,477,T
5-NP,99,0,475,0,0,475,T
5-NP,100,0,0,477,0,477,G
5-NP,101,474,0,0,0,474,A
5-NP,102,0,474,0,0,474,T
5-NP,103,0,0,472,0,472,G
5-NP,104,0,0,470,0,470,G
5-NP,105,0,0,468,0,468,G
5-NP,106,504,0,0,0,504,A
5-NP,107,0,502,0,0,502,T
5-NP,108,0,502,0,1,503,T
5-NP,109,0,0,506,0,506,G
5-NP,110,0,1,512,0,513,G
5-NP,111,0,1,514,1,516,G
5-NP,112,514,0,1,0,515,A
5-NP,113,0,0,508,0,508,G
5-NP,114,505,0,0,0,505,A
5-NP,115,0,516,0,0,516,T
5-NP,116,0,514,0,1,515,T
5-NP,117,0,0,0,518,518,C
5-NP,118,0,514,0,0,514,T
5-NP,119,520,0,1,0,521,A
5-NP,120,0,0,0,521,521,C
5-NP,121,531,1,0,0,532,A
5-NP,122,0,538,0,0,538,T
5-NP,123,0,0,0,534,534,C
5-NP,124,1,0,0,535,536,C
5-NP,125,535,0,0,0,535,A
5-NP,126,545,0,0,0,545,A
5-NP,127,548,0,0,0,548,A
5-NP,128,0,543,0,0,543,T
5-NP,129,0,0,546,0,546,G
5-NP,130,0,542,0,0,542,T
5-NP,131,0,0,545,0,545,G
5-NP,132,0,1,0,544,545,C
5-NP,133,544,0,0,0,544,A
5-NP,134,0,0,0,546,546,C
5-NP,135,0,541,0,0,541,T
5-NP,136,0,1,557,0,558,G
5-NP,137,558,0,0,0,558,A
5-NP,138,568,0,0,0,568,A
5-NP,139,1,0,0,570,571,C
5-NP,140,0,570,0,1,571,T
5-NP,141,0,573,0,0,573,T
5-NP,142,573,0,0,0,573,A
5-NP,143,571,0,0,1,572,A
5-NP,144,573,1,0,0,574,A
5-NP,145,1,0,0,581,582,C
5-NP,146,1,561,0,0,562,T
5-NP,147,2,0,0,568,570,C
5-NP,148,560,0,2,0,562,A
5-NP,149,1,0,567,0,568,G
5-NP,150,0,568,0,0,568,T
5-NP,151,0,2,574,0,576,G
5-NP,152,584,0,2,0,586,A
5-NP,153,0,586,0,0,586,T
5-NP,154,0,0,0,590,590,C
5-NP,155,591,0,0,0,591,A
5-NP,156,0,591,0,0,591,T
5-NP,157,0,0,595,0,595,G
5-NP,158,594,0,0,0,594,A
5-NP,159,594,0,0,0,594,A
5-NP,160,0,3,588,0,591,G
5-NP,161,0,1,587,0,588,G
5-NP,162,0,0,589,0,589,G
5-NP,163,0,0,0,587,587,C
5-NP,164,0,1,590,0,591,G
5-NP,165,1,0,594,0,595,G
5-NP,166,0,595,0,0,595,T
5-NP,167,0,595,0,0,595,T
5-NP,168,0,1,595,0,596,G
5-NP,169,663,0,0,0,663,A
5-NP,170,0,662,0,0,662,T
5-NP,171,1,0,0,660,661,C
5-NP,172,1,0,0,663,664,C
5-NP,173,660,0,0,0,660,A
5-NP,174,0,5,660,0,665,G
5-NP,175,661,0,0,0,661,A
5-NP,176,662,0,1,0,663,A
5-NP,177,0,0,0,666,666,C
5-NP,178,629,0,0,0,629,A
5-NP,179,0,1,632,0,633,G
5-NP,180,0,0,0,632,632,C
5-NP,181,0,633,0,1,634,T
5-NP,182,1,639,1,0,641,T
5-NP,183,0,1,641,0,642,G
5-NP,184,644,1,0,0,645,A
5-NP,185,0,0,0,652,652,C
5-NP,186,648,0,0,0,648,A
5-NP,187,648,0,0,0,648,A
5-NP,188,0,637,0,1,638,T
5-NP,189,636,0,0,0,636,A
5-NP,190,0,2,636,1,639,G
5-NP,191,636,0,1,0,637,A
5-NP,192,0,1,641,0,642,G
5-NP,193,641,0,0,0,641,A
5-NP,194,653,0,1,0,654,A
5-NP,195,652,0,1,0,653,A
5-NP,196,662,0,0,0,662,A
5-NP,197,0,666,0,0,666,T
5-NP,198,0,1,663,0,664,G
5-NP,199,0,0,663,0,663,G
5-NP,200,1,662,0,0,663,T
5-NP,201,652,0,0,0,652,A
5-NP,202,0,1,0,661,662,C
5-NP,203,0,669,0,0,669,T
5-NP,204,0,0,0,676,676,C
5-NP,205,0,666,0,0,666,T
5-NP,206,0,0,0,673,673,C
5-NP,207,0,669,0,1,670,T
5-NP,208,0,0,680,0,680,G
5-NP,209,0,0,0,684,684,C
5-NP,210,0,683,0,0,683,T
5-NP,211,0,682,0,0,682,T
5-NP,212,0,684,0,0,684,T
5-NP,213,0,679,0,0,679,T
5-NP,214,0,0,680,1,681,G
5-NP,215,673,0,1,2,676,A
5-NP,216,0,678,0,0,678,T
5-NP,217,0,1,676,0,677,G
5-NP,218,671,0,1,0,672,A
5-NP,219,675,0,0,0,675,A
5-NP,220,677,0,0,0,677,A
5-NP,221,0,0,676,0,676,G
5-NP,222,677,0,0,0,677,A
5-NP,223,673,1,0,0,674,A
5-NP,224,0,0,675,0,675,G
5-NP,225,0,2,692,0,694,G
5-NP,226,695,0,0,0,695,A
5-NP,227,704,0,0,0,704,A
5-NP,228,0,703,0,0,703,T
5-NP,229,701,0,0,0,701,A
5-NP,230,698,0,0,0,698,A
5-NP,231,701,1,0,0,702,A
5-NP,232,0,704,1,1,706,T
5-NP,233,708,0,0,0,708,A
5-NP,234,1,0,0,704,705,C
5-NP,235,0,0,0,697,697,C
5-NP,236,0,699,0,1,700,T
5-NP,237,0,0,700,0,700,G
5-NP,238,0,0,705,0,705,G
5-NP,239,706,1,0,0,707,A
5-NP,240,705,0,0,0,705,A
5-NP,241,0,0,716,0,716,G
5-NP,242,713,0,0,0,713,A
5-NP,243,708,0,0,0,708,A
5-NP,244,0,0,0,708,708,C
5-NP,245,708,0,0,0,708,A
5-NP,246,1,1,0,728,730,C
5-NP,247,0,0,0,720,720,C
5-NP,248,0,0,0,720,720,C
5-NP,249,1,0,1,722,724,C
5-NP,250,712,0,0,0,712,A
5-NP,251,0,0,716,0,716,G
5-NP,252,0,0,0,709,709,C
5-NP,253,23,0,690,0,713,G
5-NP,254,1,0,0,709,710,C
5-NP,255,2,3,696,0,701,G
5-NP,256,0,1,706,1,708,G
5-NP,257,2,0,704,0,706,G
5-NP,258,0,2,704,0,706,G
5-NP,259,707,0,1,0,708,A
5-NP,260,703,0,1,0,704,A
5-NP,261,703,0,0,0,703,A
5-NP,262,0,0,705,0,705,G
5-NP,263,698,0,2,0,700,A
5-NP,264,0,695,0,0,695,T
5-NP,265,1,0,0,688,689,C
5-NP,266,3,0,0,691,694,C
5-NP,267,0,0,0,698,698,C
5-NP,268,700,0,0,0,700,A
5-NP,269,700,0,0,1,701,A
5-NP,270,0,0,704,0,704,G
5-NP,271,702,0,0,0,702,A
5-NP,272,703,0,0,0,703,A
5-NP,273,705,0,1,0,706,A
5-NP,274,707,0,0,0,707,A
5-NP,275,0,1,0,706,707,C
5-NP,276,0,698,0,2,700,T
5-NP,277,0,0,703,0,703,G
5-NP,278,0,0,704,0,704,G
5-NP,279,0,0,701,0,701,G
5-NP,280,1,1,693,0,695,G
5-NP,281,2,2,691,0,695,G
5-NP,282,0,0,718,0,718,G
5-NP,283,0,0,0,766,766,C
5-NP,284,2,0,0,764,766,C
5-NP,285,4,1,0,765,770,C
5-NP,286,856,0,0,0,856,A
5-NP,287,0,859,0,0,859,T
5-NP,288,909,0,0,0,909,A
5-NP,289,0,908,0,0,908,T
5-NP,290,904,0,0,0,904,A
5-NP,291,0,1,0,907,908,C
5-NP,292,819,0,1,0,820,A
5-NP,293,0,1,839,0,840,G
5-NP,294,0,2,838,0,840,G
5-NP,295,739,0,0,0,739,A
5-NP,296,0,1,744,0,745,G
5-NP,297,710,0,0,0,710,A
5-NP,298,0,0,716,0,716,G
5-NP,299,0,711,0,0,711,T
5-NP,300,703,0,0,0,703,A
5-NP,301,0,0,705,0,705,G
5-NP,302,697,2,0,0,699,A
5-NP,303,0,698,0,0,698,T
5-NP,304,0,1,696,1,698,G
5-NP,305,1,1,692,0,694,G
5-NP,306,694,0,0,0,694,A
5-NP,307,694,1,0,0,695,A
5-NP,308,693,0,0,0,693,A
5-NP,309,697,0,1,0,698,A
5-NP,310,0,695,0,0,695,T
5-NP,311,0,5,698,0,703,G
5-NP,312,0,1,703,0,704,G
5-NP,313,706,0,0,0,706,A
5-NP,314,0,701,0,0,701,T
5-NP,315,0,0,701,0,701,G
5-NP,316,701,0,1,0,702,A
5-NP,317,0,1,706,0,707,G
5-NP,318,0,1,705,0,706,G
5-NP,319,1,2,715,0,718,G
5-NP,320,747,0,1,0,748,A
5-NP,321,756,0,0,0,756,A
5-NP,322,0,0,0,782,782,C
5-NP,323,0,782,0,0,782,T
5-NP,324,1,0,0,800,801,C
5-NP,325,0,0,816,0,816,G
5-NP,326,0,833,0,0,833,T
5-NP,327,2,1,0,846,849,C
5-NP,328,1,0,0,1045,1046,C
5-NP,329,0,1045,0,1,1046,T
5-NP,330,0,1055,1,1,1057,T
5-NP,331,0,1060,0,0,1060,T
5-NP,332,1063,0,0,0,1063,A
5-NP,333,1,1064,0,1,1066,T
5-NP,334,0,3,1062,0,1065,G
5-NP,335,1074,0,3,0,1077,A
5-NP,336,1,0,0,1076,1077,C
5-NP,337,1063,0,0,0,1063,A
5-NP,338,1066,0,0,0,1066,A
5-NP,339,1074,0,2,0,1076,A
5-NP,340,0,2,1173,0,1175,G
5-NP,341,1171,1,0,0,1172,A
5-NP,342,1172,0,2,0,1174,A
5-NP,343,0,1,1267,0,1268,G
5-NP,344,1286,0,0,0,1286,A
5-NP,345,1284,0,2,0,1286,A
5-NP,346,1290,0,1,0,1291,A
5-NP,347,0,1286,0,1,1287,T
5-NP,348,1295,0,0,0,1295,A
5-NP,349,1290,1,2,1,1294,A
5-NP,350,0,5,1312,0,1317,G
5-NP,351,0,1,1309,0,1310,G
5-NP,352,1,0,0,1304,1305,C
5-NP,353,0,3,1302,0,1305,G
5-NP,354,1324,1,0,0,1325,A
5-NP,355,1358,0,1,0,1359,A
5-NP,356,0,1367,0,1,1368,T
5-NP,357,3,0,0,1365,1368,C
5-NP,358,2,1363,0,3,1368,T
5-NP,359,0,2,1371,0,1373,G
5-NP,360,0,0,1375,0,1375,G
5-NP,361,1,2,0,1376,1379,C
5-NP,362,0,2,1377,0,1379,G
5-NP,363,0,0,0,1384,1384,C
5-NP,364,1,1,0,1379,1381,C
5-NP,365,1394,0,0,0,1394,A
5-NP,366,1420,0,0,0,1420,A
5-NP,367,0,0,1492,0,1492,G
5-NP,368,0,1,1,1492,1494,C
5-NP,369,1,0,0,1519,1520,C
5-NP,370,1529,1,1,0,1531,A
5-NP,371,1640,0,0,0,1640,A
5-NP,372,1,0,0,1679,1680,C
5-NP,373,1683,0,1,0,1684,A
5-NP,374,1737,1,0,0,1738,A
5-NP,375,0,1591,0,152,1743,T
5-NP,376,1,6,1808,0,1815,G
5-NP,377,1,1,1819,0,1821,G
5-NP,378,1,1807,0,1,1809,T
5-NP,379,0,5,1811,1,1817,G
5-NP,380,1808,0,1,0,1809,A
5-NP,381,0,3,1888,0,1891,G
5-NP,382,0,7,1888,0,1895,G
5-NP,383,1914,0,0,0,1914,A
5-NP,384,0,2179,0,0,2179,T
5-NP,385,2,3,2231,0,2236,G
5-NP,386,0,0,0,2247,2247,C
5-NP,387,0,2241,0,2,2243,T
5-NP,388,2267,0,0,0,2267,A
5-NP,389,0,2,0,2322,2324,C
5-NP,390,2323,0,0,1,2324,A
5-NP,391,0,2320,0,1,2321,T
5-NP,392,2,0,0,2313,2315,C
5-NP,393,0,2242,1,1,2244,T
5-NP,394,0,2,2360,0,2362,G
5-NP,395,5,1,2429,0,2435,G
5-NP,396,0,2430,1,3,2434,T
5-NP,397,13,0,1,2421,2435,C
5-NP,398,0,2422,0,1,2423,T
5-NP,399,2471,0,0,0,2471,A
5-NP,400,2469,0,1,0,2470,A
5-NP,401,2,0,0,2497,2499,C
5-NP,402,0,2490,1,1,2492,T
5-NP,403,5,0,0,2530,2535,C
5-NP,404,2532,0,0,1,2533,A
5-NP,405,0,0,0,2652,2652,C
5-NP,406,2653,0,0,0,2653,A
5-NP,407,1,2659,1,0,2661,T
5-NP,408,2647,0,2,0,2649,A
5-NP,409,2657,1,1,0,2659,A
5-NP,410,0,2681,1,0,2682,T
5-NP,411,1,5,2717,0,2723,G
5-NP,412,2704,0,0,0,2704,A
5-NP,413,0,2680,1,1,2682,T
5-NP,414,0,2656,2,2,2660,T
5-NP,415,0,2660,1,1,2662,T
5-NP,416,0,5,2645,1,2651,G
5-NP,417,1,1,2659,0,2661,G
5-NP,418,0,1,0,2662,2663,C
5-NP,419,2659,1,1,0,2661,A
5-NP,420,0,2664,0,1,2665,T
5-NP,421,0,2663,1,2,2666,T
5-NP,422,8,1,0,2662,2671,C
5-NP,423,2,1,0,2669,2672,C
5-NP,424,2730,1,0,0,2731,A
5-NP,425,2729,0,8,0,2737,A
5-NP,426,0,2737,0,2,2739,T
5-NP,427,0,2736,0,1,2737,T
5-NP,428,1,2735,0,0,2736,T
5-NP,429,0,8,2753,0,2761,G
5-NP,430,2758,1,1,0,2760,A
5-NP,431,2762,1,2,0,2765,A
5-NP,432,0,2778,0,1,2779,T
5-NP,433,1,9,2751,0,2761,G
5-NP,434,2893,0,5,0,2898,A
5-NP,435,0,2900,1,0,2901,T
5-NP,436,4,3,2915,1,2923,G
5-NP,437,0,0,0,2999,2999,C
5-NP,438,2989,0,1,1,2991,A
5-NP,439,3159,0,2,0,3161,A
5-NP,440,1,1,0,3168,3170,C
5-NP,441,3223,0,0,0,3223,A
5-NP,442,0,3316,0,0,3316,T
5-NP,443,3263,1,1,1,3266,A
5-NP,444,2,1,0,3337,3340,C
5-NP,445,4,0,0,3326,3330,C
5-NP,446,3268,0,3,1,3272,A
5-NP,447,0,4,3313,0,3317,G
5-NP,448,3250,1,2,0,3253,A
5-NP,449,0,11,3345,0,3356,G
5-NP,450,0,12,3341,0,3353,G
5-NP,451,3320,2,8,0,3330,A
5-NP,452,0,0,0,3366,3366,C
5-NP,453,3336,1,0,0,3337,A
5-NP,454,3327,0,5,0,3332,A
5-NP,455,0,5,3344,0,3349,G
5-NP,456,3321,0,2,0,3323,A
5-NP,457,0,0,3347,0,3347,G
5-NP,458,0,2,0,3351,3353,C
5-NP,459,0,3331,0,5,3336,T
5-NP,460,7,0,1,3353,3361,C
5-NP,461,1,3346,0,0,3347,T
5-NP,462,2,3364,0,2,3368,T
5-NP,463,0,2,3386,0,3388,G
5-NP,464,0,3378,0,0,3378,T
5-NP,465,0,3375,0,1,3376,T
5-NP,466,14,1,0,3361,3376,C
5-NP,467,1,23,3355,0,3379,G
5-NP,468,3455,0,0,0,3455,A
5-NP,469,3450,0,0,0,3450,A
5-NP,470,0,0,0,3475,3475,C
5-NP,471,0,3466,0,1,3467,T
5-NP,472,1,1,3525,0,3527,G
5-NP,473,0,6,3537,0,3543,G
5-NP,474,3536,1,2,0,3539,A
5-NP,475,3553,0,0,0,3553,A
5-NP,476,0,3550,0,0,3550,T
5-NP,477,0,7,3540,0,3547,G
5-NP,478,0,5,3551,0,3556,G
5-NP,479,3597,0,3,0,3600,A
5-NP,480,2,3621,0,5,3628,T
5-NP,481,8,0,1,3619,3628,C
5-NP,482,3,0,1,3622,3626,C
5-NP,483,4,1,0,3648,3653,C
5-NP,484,3698,0,1,0,3699,A
5-NP,485,1,8,3733,0,3742,G
5-NP,486,3741,0,1,0,3742,A
5-NP,487,3750,0,2,1,3753,A
5-NP,488,0,3713,0,0,3713,T
5-NP,489,0,0,3769,0,3769,G
5-NP,490,0,3747,0,1,3748,T
5-NP,491,2,0,3770,0,3772,G
5-NP,492,0,0,0,3778,3778,C
5-NP,493,0,3758,0,3,3761,T
5-NP,494,8,0,0,3994,4002,C
5-NP,495,0,3992,0,3,3995,T
5-NP,496,15,0,0,4158,4173,C
5-NP,497,1,4155,0,2,4158,T
5-NP,498,1,9,4160,0,4170,G
5-NP,499,4191,2,4,0,4197,A
5-NP,500,0,4201,0,0,4201,T
5-NP,501,0,4,4193,0,4197,G
5-NP,502,0,2,0,4188,4190,C
5-NP,503,4071,1,2,0,4074,A
5-NP,504,1,6,4172,1,4180,G
5-NP,505,1,7,4109,0,4117,G
5-NP,506,0,0,4146,0,4146,G
5-NP,507,2,1,2,4142,4147,C
5-NP,508,0,4128,0,2,4130,T
5-NP,509,5,5,0,4138,4148,C
5-NP,510,1,14,4133,0,4148,G
5-NP,511,4196,3,4,0,4203,A
5-NP,512,2,0,0,4199,4201,C
5-NP,513,0,4128,0,4,4132,T
5-NP,514,8,0,1,4352,4361,C
5-NP,515,2,4342,0,4,4348,T
5-NP,516,8,3,1,4967,4979,C
5-NP,517,9,1,0,4982,4992,C
5-NP,518,12,1,0,4998,5011,C
5-NP,519,0,5010,0,2,5012,T
5-NP,520,4991,0,1,0,4992,A
5-NP,521,0,6,4985,0,4991,G
5-NP,522,4985,1,0,1,4987,A
5-NP,523,4836,0,2,0,4838,A
5-NP,524,0,5,4843,0,4848,G
5-NP,525,1,4,4779,1,4785,G
5-NP,526,1,4715,0,0,4716,T
5-NP,527,11,1,0,4700,4712,C
5-NP,528,3,6,0,4706,4715,C
5-NP,529,0,5,4709,0,4714,G
5-NP,530,1,12,4733,0,4746,G
5-NP,531,4738,0,1,0,4739,A
5-NP,532,1,1,4792,0,4794,G
5-NP,533,2,1,0,4801,4804,C
5-NP,534,0,4755,0,13,4768,T
5-NP,535,1,1,4770,1,4773,G
5-NP,536,0,7,0,4782,4789,C
5-NP,537,4781,1,10,1,4793,A
5-NP,538,1,5,4804,0,4810,G
5-NP,539,0,1,4832,0,4833,G
5-NP,540,1,4831,0,0,4832,T
5-NP,541,1,0,4800,0,4801,G
5-NP,542,1,2,0,4810,4813,C
5-NP,543,0,4799,1,6,4806,T
5-NP,544,0,3,4820,2,4825,G
5-NP,545,5,2,0,4813,4820,C
5-NP,546,4879,0,1,0,4880,A
5-NP,547,1,2,4969,1,4973,G
5-NP,548,0,4940,0,3,4943,T
5-NP,549,13,1,0,4949,4963,C
5-NP,550,4958,0,3,0,4961,A
5-NP,551,4968,1,0,0,4969,A
5-NP,552,4953,5,6,0,4964,A
5-NP,553,4,6,4973,0,4983,G
5-NP,554,2,19,4988,1,5010,G
5-NP,555,4994,0,3,0,4997,A
5-NP,556,4978,0,0,0,4978,A
5-NP,557,0,4974,0,0,4974,T
5-NP,558,5,1,0,4963,4969,C
5-NP,559,2,9,4958,0,4969,G
5-NP,560,2,8,5108,1,5119,G
5-NP,561,2,15,5117,0,5134,G
5-NP,562,5106,0,8,0,5114,A
5-NP,563,3,1,0,5131,5135,C
5-NP,564,5075,3,3,0,5081,A
5-NP,565,5191,1,1,0,5193,A
5-NP,566,1,5200,0,2,5203,T
5-NP,567,0,7,5226,0,5233,G
5-NP,568,1,1,5334,0,5336,G
5-NP,569,1,5317,0,1,5319,T
5-NP,570,2,7,5319,1,5329,G
5-NP,571,5325,0,3,0,5328,A
5-NP,572,0,5309,2,3,5314,T
5-NP,573,0,11,5308,0,5319,G
5-NP,574,1,14,5371,0,5386,G
5-NP,575,5367,0,4,0,5371,A
5-NP,576,5363,0,1,0,5364,A
5-NP,577,0,0,0,5361,5361,C
5-NP,578,0,5194,0,2,5196,T
5-NP,579,1,15,5422,0,5438,G
5-NP,580,5436,1,2,0,5439,A
5-NP,581,1,5438,0,2,5441,T
5-NP,582,12,1,1,5437,5451,C
5-NP,583,5361,0,2,0,5363,A
5-NP,584,0,12,5500,0,5512,G
5-NP,585,5495,0,3,0,5498,A
5-NP,586,5497,1,2,0,5500,A
5-NP,587,2,5503,0,3,5508,T
5-NP,588,4,9,5393,0,5406,G
5-NP,589,2,1,5441,0,5444,G
5-NP,590,0,5429,1,11,5441,T
5-NP,591,20,1,0,5427,5448,C
5-NP,592,5450,0,0,0,5450,A
5-NP,593,5429,0,0,1,5430,A
5-NP,594,5431,0,2,1,5434,A
5-NP,595,3,4,0,5441,5448,C
5-NP,596,2,5,5427,0,5434,G
5-NP,597,0,9,5458,0,5467,G
5-NP,598,0,10,5393,0,5403,G
5-NP,599,1,15,5409,0,5425,G
5-NP,600,5391,1,2,0,5394,A
5-NP,601,5436,2,4,0,5442,A
5-NP,602,0,5437,0,2,5439,T
5-NP,603,6,0,1,5437,5444,C
5-NP,604,5440,0,3,0,5443,A
5-NP,605,5445,0,5,0,5450,A
5-NP,606,1,0,1,5414,5416,C
5-NP,607,2,15,5383,1,5401,G
5-NP,608,5380,0,4,0,5384,A
5-NP,609,3,5370,0,2,5375,T
5-NP,610,10,3,0,5364,5377,C
5-NP,611,0,15,5368,0,5383,G
5-NP,612,5377,1,3,0,5381,A
5-NP,613,5373,0,3,0,5376,A
5-NP,614,5368,0,0,2,5370,A
5-NP,615,0,5432,0,1,5433,T
5-NP,616,1,5446,0,1,5448,T
5-NP,617,0,5420,0,2,5422,T
5-NP,618,1,5456,0,0,5457,T
5-NP,619,0,5473,1,3,5477,T
5-NP,620,3,14,5460,0,5477,G
5-NP,621,1,14,5462,0,5477,G
5-NP,622,5435,0,6,1,5442,A
5-NP,623,0,4,5494,0,5498,G
5-NP,624,5415,0,4,0,5419,A
5-NP,625,0,6,5663,1,5670,G
5-NP,626,0,0,5693,0,5693,G
5-NP,627,0,5675,0,5,5680,T
5-NP,628,0,15,5678,0,5693,G
5-NP,629,5684,3,7,0,5694,A
5-NP,630,2,14,5705,1,5722,G
5-NP,631,5705,0,3,0,5708,A
5-NP,632,5694,0,4,0,5698,A
5-NP,633,1,5680,0,1,5682,T
5-NP,634,2,14,5468,1,5485,G
5-NP,635,0,6,5433,2,5441,G
5-NP,636,0,2,5452,0,5454,G
5-NP,637,3,3,0,5425,5431,C
5-NP,638,1,5,5441,0,5447,G
5-NP,639,3,6,5483,0,5492,G
5-NP,640,5482,1,0,0,5483,A
5-NP,641,5485,1,4,0,5490,A
5-NP,642,5572,0,1,1,5574,A
5-NP,643,5578,2,4,4,5588,A
5-NP,644,1,2,0,5615,5618,C
5-NP,645,5590,2,7,0,5599,A
5-NP,646,5593,0,1,1,5595,A
5-NP,647,0,6,5598,0,5604,G
5-NP,648,5459,2,4,0,5465,A
5-NP,649,5486,1,0,1,5488,A
5-NP,650,1,2,5617,0,5620,G
5-NP,651,2,5595,0,3,5600,T
5-NP,652,2,3,5839,0,5844,G
5-NP,653,2,2,0,5818,5822,C
5-NP,654,1,5806,0,9,5816,T
5-NP,655,0,5850,0,1,5851,T
5-NP,656,5899,0,6,1,5906,A
5-NP,657,0,5916,0,1,5917,T
5-NP,658,2,19,5912,0,5933,G
5-NP,659,5806,1,6,1,5814,A
5-NP,660,1,13,5820,0,5834,G
5-NP,661,5589,2,3,0,5594,A
5-NP,662,0,16,5604,1,5621,G
5-NP,663,5598,1,1,1,5601,A
5-NP,664,5663,0,1,0,5664,A
5-NP,665,1,5616,0,1,5618,T
5-NP,666,8,2,5674,0,5684,G
5-NP,667,1,5646,0,6,5653,T
5-NP,668,3,1,5675,0,5679,G
5-NP,669,5,1,0,5657,5663,C
5-NP,670,5639,2,2,1,5644,A
5-NP,671,5642,2,4,1,5649,A
5-NP,672,1,0,0,5633,5634,C
5-NP,673,5574,0,3,0,5577,A
5-NP,674,2,5572,0,2,5576,T
5-NP,675,1,5531,3,2,5537,T
5-NP,676,8,0,0,5537,5545,C
5-NP,677,0,5514,1,4,5519,T
5-NP,678,0,5538,0,1,5539,T
5-NP,679,5532,2,1,0,5535,A
5-NP,680,5505,0,2,0,5507,A
5-NP,681,5507,0,3,1,5511,A
5-NP,682,0,12,5501,0,5513,G
5-NP,683,0,7,5493,2,5502,G
5-NP,684,5485,4,1,1,5491,A
5-NP,685,5465,1,2,4,5472,A
5-NP,686,5474,1,0,0,5475,A
5-NP,687,5542,0,2,0,5544,A
5-NP,688,1,5519,1,3,5524,T
5-NP,689,0,5535,4,0,5539,T
5-NP,690,4,5538,1,2,5545,T
5-NP,691,11,1,1,5547,5560,C
5-NP,692,5556,0,3,1,5560,A
5-NP,693,5557,0,1,0,5558,A
5-NP,694,5547,1,6,0,5554,A
5-NP,695,1,10,0,5625,5636,C
5-NP,696,5566,1,0,0,5567,A
5-NP,697,0,2,5672,0,5674,G
5-NP,698,0,1,0,5668,5669,C
5-NP,699,1,5656,0,6,5663,T
5-NP,700,1,1,5758,0,5760,G
5-NP,701,3,4,0,5739,5746,C
5-NP,702,5781,3,6,1,5791,A
5-NP,703,1,3,0,5797,5801,C
5-NP,704,5751,0,6,0,5757,A
5-NP,705,5781,1,6,0,5788,A
5-NP,706,5674,0,4,0,5678,A
5-NP,707,2,16,5855,0,5873,G
5-NP,708,5845,3,4,10,5862,A
5-NP,709,2,2,5886,1,5891,G
5-NP,710,4,2,0,5861,5867,C
5-NP,711,5847,2,4,0,5853,A
5-NP,712,6031,1,4,1,6037,A
5-NP,713,0,6021,0,8,6029,T
5-NP,714,3,13,6042,1,6059,G
5-NP,715,1,1,6072,0,6074,G
5-NP,716,0,5939,0,5,5944,T
5-NP,717,4,11,5927,1,5943,G
5-NP,718,9,14,5978,1,6002,G
5-NP,719,5991,1,6,0,5998,A
5-NP,720,1,5973,0,3,5977,T
5-NP,721,15,3,0,5818,5836,C
5-NP,722,5858,1,2,0,5861,A
5-NP,723,5924,0,3,0,5927,A
5-NP,724,2,1,5950,0,5953,G
5-NP,725,2,5908,0,7,5917,T
5-NP,726,1,22,5900,0,5923,G
5-NP,727,5841,0,11,1,5853,A
5-NP,728,1,15,5868,0,5884,G
5-NP,729,5865,1,5,0,5871,A
5-NP,730,1,14,5852,0,5867,G
5-NP,731,5830,0,5,1,5836,A
5-NP,732,5724,0,2,0,5726,A
5-NP,733,5743,2,3,0,5748,A
5-NP,734,0,0,5778,0,5778,G
5-NP,735,1,5748,0,12,5761,T
5-NP,736,19,2,0,5730,5751,C
5-NP,737,2,5,5719,0,5726,G
5-NP,738,3,16,5725,0,5744,G
5-NP,739,5741,2,3,1,5747,A
5-NP,740,5781,0,1,0,5782,A
5-NP,741,1,0,0,5803,5804,C
5-NP,742,10,0,0,5743,5753,C
5-NP,743,12,3,0,5772,5787,C
5-NP,744,5778,1,4,0,5783,A
5-NP,745,2,4,5804,0,5810,G
5-NP,746,0,11,5798,1,5810,G
5-NP,747,5793,0,6,0,5799,A
5-NP,748,5792,0,3,0,5795,A
5-NP,749,5770,0,4,0,5774,A
5-NP,750,0,5,0,5762,5767,C
5-NP,751,3,2,5749,1,5755,G
5-NP,752,1,0,0,5745,5746,C
5-NP,753,2,5729,0,3,5734,T
5-NP,754,2,7,5754,0,5763,G
5-NP,755,5742,1,1,0,5744,A
5-NP,756,0,6,5829,0,5835,G
5-NP,757,5845,0,0,0,5845,A
5-NP,758,2,5833,0,1,5836,T
5-NP,759,20,1,0,5747,5768,C
5-NP,760,3,6,5768,0,5777,G
5-NP,761,5773,1,0,0,5774,A
5-NP,762,5767,1,1,0,5769,A
5-NP,763,0,6,5780,0,5786,G
5-NP,764,5785,2,3,0,5790,A
5-NP,765,0,5708,0,1,5709,T
5-NP,766,9,0,0,5739,5748,C
5-NP,767,1,5720,1,3,5725,T
5-NP,768,19,3,0,5751,5773,C
5-NP,769,5788,0,2,0,5790,A
5-NP,770,2,5779,0,0,5781,T
5-NP,771,5791,1,1,0,5793,A
5-NP,772,1,5773,2,3,5779,T
5-NP,773,0,5745,1,1,5747,T
5-NP,774,0,5731,1,2,5734,T
5-NP,775,0,5672,0,1,5673,T
5-NP,776,0,5680,1,1,5682,T
5-NP,777,5689,0,5,0,5694,A
5-NP,778,2,1,5694,0,5697,G
5-NP,779,0,5,0,5686,5691,C
5-NP,780,5663,1,3,1,5668,A
5-NP,781,5638,0,3,0,5641,A
5-NP,782,0,11,5803,0,5814,G
5-NP,783,5819,1,3,1,5824,A
5-NP,784,0,5818,1,3,5822,T
5-NP,785,4,1,0,5858,5863,C
5-NP,786,1,5842,0,2,5845,T
5-NP,787,1,1,5999,0,6001,G
5-NP,788,1,2,0,6007,6010,C
5-NP,789,6019,1,2,0,6022,A
5-NP,790,1,6062,1,0,6064,T
5-NP,791,2,5880,1,2,5885,T
5-NP,792,0,11,6224,0,6235,G
5-NP,793,6319,0,3,1,6323,A
5-NP,794,1,6316,0,1,6318,T
5-NP,795,6339,0,0,1,6340,A
5-NP,796,1,6196,1,12,6210,T
5-NP,797,2,6162,0,3,6167,T
5-NP,798,2,21,6170,1,6194,G
5-NP,799,6120,0,5,1,6126,A
5-NP,800,1,9,6156,0,6166,G
5-NP,801,5855,2,4,0,5861,A
5-NP,802,1,7,5759,0,5767,G
5-NP,803,1,5,5835,0,5841,G
5-NP,804,5835,2,2,0,5839,A
5-NP,805,1,5827,0,3,5831,T
5-NP,806,12,2,0,5839,5853,C
5-NP,807,5817,2,1,1,5821,A
5-NP,808,0,1,5835,0,5836,G
5-NP,809,0,5803,0,6,5809,T
5-NP,810,3,5764,1,2,5770,T
5-NP,811,1,3,5770,0,5774,G
5-NP,812,2,2,0,5720,5724,C
5-NP,813,1,5723,0,5,5729,T
5-NP,814,22,0,0,5739,5761,C
5-NP,815,5773,2,3,0,5778,A
5-NP,816,1,2,0,5780,5783,C
5-NP,817,5773,1,2,1,5777,A
5-NP,818,5799,0,2,1,5802,A
5-NP,819,5826,0,0,0,5826,A
5-NP,820,1,5808,0,3,5812,T
5-NP,821,6,1,0,5814,5821,C
5-NP,822,1,5805,1,2,5809,T
5-NP,823,0,5787,0,0,5787,T
5-NP,824,1,2,5813,1,5817,G
5-NP,825,3,3,0,5810,5816,C
5-NP,826,15,0,1,5885,5901,C
5-NP,827,1,5883,0,3,5887,T
5-NP,828,5897,2,5,0,5904,A
5-NP,829,2,2,0,5900,5904,C
5-NP,830,7,0,0,5899,5906,C
5-NP,831,1,5880,0,3,5884,T
5-NP,832,1,4,5954,0,5959,G
5-NP,833,0,3,1,5922,5926,C
5-NP,834,5,0,1,5935,5941,C
5-NP,835,0,5833,0,4,5837,T
5-NP,836,1,0,5909,0,5910,G
5-NP,837,0,5854,0,8,5862,T
5-NP,838,4,7,5916,2,5929,G
5-NP,839,5,6,2,5945,5958,C
5-NP,840,8,1,6036,0,6045,G
5-NP,841,1,5932,0,1,5934,T
5-NP,842,5916,1,2,2,5921,A
5-NP,843,0,5930,0,1,5931,T
5-NP,844,0,3,5929,0,5932,G
5-NP,845,0,15,6143,1,6159,G
5-NP,846,6143,0,4,0,6147,A
5-NP,847,4,1,0,6045,6050,C
5-NP,848,5,0,0,6033,6038,C
5-NP,849,2,5944,0,5,5951,T
5-NP,850,0,2,6242,0,6244,G
5-NP,851,1,2,1,6242,6246,C
5-NP,852,6256,1,4,1,6262,A
5-NP,853,1,2,6391,0,6394,G
5-NP,854,1,6098,0,2,6101,T
5-NP,855,6351,2,0,1,6354,A
5-NP,856,1,6343,0,2,6346,T
5-NP,857,5,2,0,6313,6320,C
5-NP,858,8,2,1,6318,6329,C
5-NP,859,6047,1,4,1,6053,A
5-NP,860,1,3,6075,1,6080,G
5-NP,861,0,6039,0,2,6041,T
5-NP,862,3,12,6108,0,6123,G
5-NP,863,0,12,6088,0,6100,G
5-NP,864,1,1,5999,1,6002,G
5-NP,865,0,5979,0,3,5982,T
5-NP,866,5974,0,0,0,5974,A
5-NP,867,3,4,0,5959,5966,C
5-NP,868,2,18,5918,0,5938,G
5-NP,869,5905,1,3,1,5910,A
5-NP,870,1,1,0,5908,5910,C
5-NP,871,0,5759,0,2,5761,T
5-NP,872,2,5779,0,0,5781,T
5-NP,873,5,2,0,5746,5753,C
5-NP,874,2,9,5740,0,5751,G
5-NP,875,5765,0,1,1,5767,A
5-NP,876,5762,0,2,1,5765,A
5-NP,877,5775,0,2,2,5779,A
5-NP,878,5769,3,3,2,5777,A
5-NP,879,5741,1,23,1,5766,A
5-NP,880,1,6,5768,0,5775,G
5-NP,881,5746,2,8,3,5759,A
5-NP,882,0,10,5793,0,5803,G
5-NP,883,3,17,5816,1,5837,G
5-NP,884,1,6,5836,0,5843,G
5-NP,885,5868,0,6,3,5877,A
5-NP,886,2,5864,1,4,5871,T
5-NP,887,5900,0,1,0,5901,A
5-NP,888,1,5891,3,2,5897,T
5-NP,889,0,5914,2,4,5920,T
5-NP,890,16,0,2,5940,5958,C
5-NP,891,6,0,1,5915,5922,C
5-NP,892,0,5851,1,4,5856,T
5-NP,893,1,5850,1,1,5853,T
5-NP,894,1,9,5905,1,5916,G
5-NP,895,2,0,5942,0,5944,G
5-NP,896,3,5896,0,4,5903,T
5-NP,897,2,8,5877,0,5887,G
5-NP,898,1,5,5862,0,5868,G
5-NP,899,2,13,6141,0,6156,G
5-NP,900,6143,4,4,0,6151,A
5-NP,901,6157,0,2,1,6160,A
5-NP,902,1,6154,0,4,6159,T
5-NP,903,6039,0,5,0,6044,A
5-NP,904,5,5,6041,1,6052,G
5-NP,905,5986,1,15,0,6002,A
5-NP,906,4,2,0,6002,6008,C
5-NP,907,13,1,0,5915,5929,C
5-NP,908,12,0,0,5728,5740,C
5-NP,909,0,5797,2,5,5804,T
5-NP,910,0,5799,1,2,5802,T
5-NP,911,0,5804,0,3,5807,T
5-NP,912,13,0,0,5797,5810,C
5-NP,913,5799,1,0,0,5800,A
5-NP,914,5809,0,1,0,5810,A
5-NP,915,5782,2,1,1,5786,A
5-NP,916,2,1,0,5800,5803,C
5-NP,917,0,5674,0,1,5675,T
5-NP,918,5624,0,17,0,5641,A
5-NP,919,1,2,0,5697,5700,C
5-NP,920,1,5670,0,5,5676,T
5-NP,921,1,5685,1,0,5687,T
5-NP,922,18,2,1,5670,5691,C
5-NP,923,5676,1,2,0,5679,A
5-NP,924,5676,0,3,1,5680,A
5-NP,925,5656,3,2,0,5661,A
5-NP,926,5659,1,3,0,5663,A
5-NP,927,0,5623,0,4,5627,T
5-NP,928,5547,0,4,0,5551,A
5-NP,929,2,0,5616,0,5618,G
5-NP,930,1,3,0,5623,5627,C
5-NP,931,15,2,1,5659,5677,C
5-NP,932,5683,2,2,0,5687,A
5-NP,933,5691,0,13,1,5705,A
5-NP,934,5874,1,1,1,5877,A
5-NP,935,0,5898,0,0,5898,T
5-NP,936,5908,1,0,0,5909,A
5-NP,937,1,5909,1,1,5912,T
5-NP,938,5823,1,2,1,5827,A
5-NP,939,3,1,0,5831,5835,C
5-NP,940,5680,0,3,0,5683,A
5-NP,941,0,1,5808,0,5809,G
5-NP,942,1,0,0,5788,5789,C
5-NP,943,0,5619,1,6,5626,T
5-NP,944,1,5651,0,1,5653,T
5-NP,945,5684,1,1,1,5687,A
5-NP,946,5686,2,2,0,5690,A
5-NP,947,0,5690,0,1,5691,T
5-NP,948,16,1,0,5676,5693,C
5-NP,949,5501,0,1,0,5502,A
5-NP,950,1,14,5553,0,5568,G
5-NP,951,5565,0,6,0,5571,A
5-NP,952,5,4,0,5594,5603,C
5-NP,953,9,1,4,5535,5549,C
5-NP,954,0,5493,2,0,5495,T
5-NP,955,5551,0,2,0,5553,A
5-NP,956,5551,1,1,0,5553,A
5-NP,957,1,0,0,5568,5569,C
5-NP,958,1,19,5554,0,5574,G
5-NP,959,5480,2,0,0,5482,A
5-NP,960,1,14,5477,0,5492,G
5-NP,961,5430,0,3,0,5433,A
5-NP,962,5471,1,0,0,5472,A
5-NP,963,1,5458,0,1,5460,T
5-NP,964,7,0,1,5403,5411,C
5-NP,965,3,1,0,5407,5411,C
5-NP,966,5319,2,6,0,5327,A
5-NP,967,1,2,5352,0,5355,G
5-NP,968,1,3,0,5352,5356,C
5-NP,969,5407,2,1,0,5410,A
5-NP,970,1,6,0,5425,5432,C
5-NP,971,5359,0,1,7,5367,A
5-NP,972,0,2,0,5371,5373,C
5-NP,973,5351,3,4,1,5359,A
5-NP,974,5375,1,4,0,5380,A
5-NP,975,1,12,5375,0,5388,G
5-NP,976,5317,0,7,0,5324,A
5-NP,977,1,1,5341,0,5343,G
5-NP,978,0,5222,2,2,5226,T
5-NP,979,17,2,0,5191,5210,C
5-NP,980,5195,1,4,0,5200,A
5-NP,981,1,1,5205,0,5207,G
5-NP,982,0,2,0,5202,5204,C
5-NP,983,2,5147,0,1,5150,T
5-NP,984,0,8,5208,2,5218,G
5-NP,985,2,4,5241,0,5247,G
5-NP,986,1,5208,1,1,5211,T
5-NP,987,3,1,5232,0,5236,G
5-NP,988,0,5196,0,1,5197,T
5-NP,989,2,11,5185,0,5198,G
5-NP,990,1,6,5182,2,5191,G
5-NP,991,5157,0,1,0,5158,A
5-NP,992,0,5170,1,2,5173,T
5-NP,993,12,13,4939,0,4964,G
5-NP,994,0,0,4942,0,4942,G
5-NP,995,2,1,0,4925,4928,C
5-NP,996,4876,2,1,0,4879,A
5-NP,997,3,4878,0,3,4884,T
5-NP,998,2,2,4851,0,4855,G
5-NP,999,2,0,0,4890,4892,C
5-NP,1000,13,2,1,4875,4891,C
5-NP,1001,4905,1,0,0,4906,A
5-NP,1002,0,4892,0,3,4895,T
5-NP,1003,2,4826,0,0,4828,T
5-NP,1004,6,1,0,4840,4847,C
5-NP,1005,1,4782,0,2,4785,T
5-NP,1006,0,2,4780,0,4782,G
5-NP,1007,0,3,1,4772,4776,C
5-NP,1008,4,4646,1,12,4663,T
5-NP,1009,3,1,4674,0,4678,G
5-NP,1010,2,2,1,4618,4623,C
5-NP,1011,4627,0,1,0,4628,A
5-NP,1012,1,4620,1,0,4622,T
5-NP,1013,0,4594,0,2,4596,T
5-NP,1014,1,4596,0,1,4598,T
5-NP,1015,1,9,4584,0,4594,G
5-NP,1016,4587,1,4,0,4592,A
5-NP,1017,4590,1,1,0,4592,A
5-NP,1018,0,6,4613,0,4619,G
5-NP,1019,4607,0,2,0,4609,A
5-NP,1020,1,4584,1,2,4588,T
5-NP,1021,0,4572,1,2,4575,T
5-NP,1022,1,4583,1,0,4585,T
5-NP,1023,4576,1,4,0,4581,A
5-NP,1024,4576,0,2,1,4579,A
5-NP,1025,0,4,4590,0,4594,G
5-NP,1026,4584,1,0,0,4585,A
5-NP,1027,0,4567,1,0,4568,T
5-NP,1028,0,4480,0,0,4480,T
5-NP,1029,0,0,4498,0,4498,G
5-NP,1030,0,4488,0,4,4492,T
5-NP,1031,1,4494,0,0,4495,T
5-NP,1032,4493,0,1,1,4495,A
5-NP,1033,4492,0,1,0,4493,A
5-NP,1034,1,1,4498,0,4500,G
5-NP,1035,1,1,0,4507,4509,C
5-NP,1036,1,4408,2,8,4419,T
5-NP,1037,3,4420,2,0,4425,T
5-NP,1038,8,1,1,4408,4418,C
5-NP,1039,4421,0,2,0,4423,A
5-NP,1040,0,4419,2,1,4422,T
5-NP,1041,4,0,0,4420,4424,C
5-NP,1042,4358,1,3,0,4362,A
5-NP,1043,0,3,4357,0,4360,G
5-NP,1044,4297,0,7,0,4304,A
5-NP,1045,1,11,4293,0,4305,G
5-NP,1046,2,7,4297,0,4306,G
5-NP,1047,2,4,4275,0,4281,G
5-NP,1048,4281,0,5,0,4286,A
5-NP,1049,6,0,0,4288,4294,C
5-NP,1050,4290,0,3,0,4293,A
5-NP,1051,4306,0,1,1,4308,A
5-NP,1052,4308,1,2,0,4311,A
5-NP,1053,4308,1,3,1,4313,A
5-NP,1054,1,0,4334,0,4335,G
5-NP,1055,1,4196,0,3,4200,T
5-NP,1056,4171,0,2,0,4173,A
5-NP,1057,1,4147,0,2,4150,T
5-NP,1058,3,0,0,4142,4145,C
5-NP,1059,1,4110,0,3,4114,T
5-NP,1060,9,0,1,4125,4135,C
5-NP,1061,5,1,2,4102,4110,C
5-NP,1062,1,4074,0,0,4075,T
5-NP,1063,13,1,1,4042,4057,C
5-NP,1064,1,10,4041,0,4052,G
5-NP,1065,2,5,4061,0,4068,G
5-NP,1066,0,9,4067,1,4077,G
5-NP,1067,0,9,4053,0,4062,G
5-NP,1068,2,8,4048,2,4060,G
5-NP,1069,4002,1,1,0,4004,A
5-NP,1070,3999,0,1,0,4000,A
5-NP,1071,3999,0,2,2,4003,A
5-NP,1072,1,1,0,4020,4022,C
5-NP,1073,1,3990,0,1,3992,T
5-NP,1074,2,0,4005,0,4007,G
5-NP,1075,1,3964,1,3,3969,T
5-NP,1076,22,0,2,3944,3968,C
5-NP,1077,4007,0,3,1,4011,A
5-NP,1078,4022,0,1,2,4025,A
5-NP,1079,3,0,0,4041,4044,C
5-NP,1080,2,4033,0,0,4035,T
5-NP,1081,3957,0,1,0,3958,A
5-NP,1082,0,4,3959,0,3963,G
5-NP,1083,3894,0,0,0,3894,A
5-NP,1084,1,2,3900,0,3903,G
5-NP,1085,1,8,3878,1,3888,G
5-NP,1086,3689,0,2,0,3691,A
5-NP,1087,1,1,3752,0,3754,G
5-NP,1088,0,3711,0,2,3713,T
5-NP,1089,3714,0,1,0,3715,A
5-NP,1090,0,4,0,3707,3711,C
5-NP,1091,3659,1,0,0,3660,A
5-NP,1092,3655,0,1,0,3656,A
5-NP,1093,3625,0,0,0,3625,A
5-NP,1094,1,3591,0,0,3592,T
5-NP,1095,0,3570,0,1,3571,T
5-NP,1096,0,0,3475,0,3475,G
5-NP,1097,2,0,0,3426,3428,C
5-NP,1098,0,3410,0,2,3412,T
5-NP,1099,2,3406,0,3,3411,T
5-NP,1100,2,0,0,3406,3408,C
5-NP,1101,3414,0,0,0,3414,A
5-NP,1102,3421,0,2,0,3423,A
5-NP,1103,3421,2,0,0,3423,A
5-NP,1104,2,3423,0,2,3427,T
5-NP,1105,1,14,3412,0,3427,G
5-NP,1106,3359,1,4,0,3364,A
5-NP,1107,0,12,3363,0,3375,G
5-NP,1108,3377,0,1,0,3378,A
5-NP,1109,3375,0,1,0,3376,A
5-NP,1110,3,3,0,3369,3375,C
5-NP,1111,3324,0,4,0,3328,A
5-NP,1112,0,3326,0,0,3326,T
5-NP,1113,1,8,3342,0,3351,G
5-NP,1114,0,5,3358,0,3363,G
5-NP,1115,3360,0,1,0,3361,A
5-NP,1116,0,3294,0,9,3303,T
5-NP,1117,3258,0,2,0,3260,A
5-NP,1118,3359,0,2,0,3361,A
5-NP,1119,0,3282,0,3,3285,T
5-NP,1120,3250,0,1,0,3251,A
5-NP,1121,1,3232,0,1,3234,T
5-NP,1122,1,3,2978,3,2985,G
5-NP,1123,2,6,2904,0,2912,G
5-NP,1124,0,3,2899,0,2902,G
5-NP,1125,2898,0,0,0,2898,A
5-NP,1126,0,2890,0,0,2890,T
5-NP,1127,0,0,0,2180,2180,C
5-NP,1128,1,4,2174,0,2179,G
5-NP,1129,2174,0,2,0,2176,A
5-NP,1130,1,0,2174,0,2175,G
5-NP,1131,0,0,0,2172,2172,C
5-NP,1132,2133,0,1,1,2135,A
5-NP,1133,2,0,0,2204,2206,C
5-NP,1134,0,2170,0,1,2171,T
5-NP,1135,11,0,0,2175,2186,C
5-NP,1136,1,2181,0,0,2182,T
5-NP,1137,1,2142,0,3,2146,T
5-NP,1138,5,6,2135,0,2146,G
5-NP,1139,2140,0,1,0,2141,A
5-NP,1140,2135,2,2,0,2139,A
5-NP,1141,0,2,0,2127,2129,C
5-NP,1142,0,1541,0,0,1541,T
5-NP,1143,0,3,1544,0,1547,G
5-NP,1144,1484,0,2,0,1486,A
5-NP,1145,1,0,1486,0,1487,G
5-NP,1146,1487,0,0,1,1488,A
5-NP,1147,1458,0,1,0,1459,A
5-NP,1148,0,1,1464,0,1465,G
5-NP,1149,0,1,0,1417,1418,C
5-NP,1150,14,2,1399,0,1415,G
5-NP,1151,0,2,1413,0,1415,G
5-NP,1152,1,0,1379,0,1380,G
5-NP,1153,0,1363,0,1,1364,T
5-NP,1154,1316,0,0,0,1316,A
5-NP,1155,1,0,0,1313,1314,C
5-NP,1156,0,1001,0,0,1001,T
5-NP,1157,0,2,991,0,993,G
5-NP,1158,0,1,976,0,977,G
5-NP,1159,1,0,961,1,963,G
5-NP,1160,0,0,0,940,940,C
5-NP,1161,0,1,1,855,857,C
5-NP,1162,865,0,1,0,866,A
5-NP,1163,0,866,0,0,866,T
5-NP,1164,864,0,0,0,864,A
5-NP,1165,865,0,0,0,865,A
5-NP,1166,0,0,852,0,852,G
5-NP,1167,0,6,879,0,885,G
5-NP,1168,872,0,1,0,873,A
5-NP,1169,0,0,1,875,876,C
5-NP,1170,2,0,0,877,879,C
5-NP,1171,871,0,1,0,872,A
5-NP,1172,0,2,883,0,885,G
5-NP,1173,0,4,892,0,896,G
5-NP,1174,887,0,0,0,887,A
5-NP,1175,1,1,892,0,894,G
5-NP,1176,0,858,0,1,859,T
5-NP,1177,0,3,850,0,853,G
5-NP,1178,0,1,863,0,864,G
5-NP,1179,863,0,0,0,863,A
5-NP,1180,0,1,865,0,866,G
5-NP,1181,0,3,842,1,846,G
5-NP,1182,840,0,1,0,841,A
5-NP,1183,845,0,0,0,845,A
5-NP,1184,850,0,3,0,853,A
5-NP,1185,1,0,0,858,859,C
5-NP,1186,855,0,0,0,855,A
5-NP,1187,0,1,1,877,879,C
5-NP,1188,0,863,0,0,863,T
5-NP,1189,885,0,0,0,885,A
5-NP,1190,882,1,0,0,883,A
5-NP,1191,0,885,0,0,885,T
5-NP,1192,1,1,0,893,895,C
5-NP,1193,883,0,2,0,885,A
5-NP,1194,892,0,0,0,892,A
5-NP,1195,0,0,0,894,894,C
5-NP,1196,874,0,0,0,874,A
5-NP,1197,0,1,873,0,874,G
5-NP,1198,856,0,0,0,856,A
5-NP,1199,0,0,855,0,855,G
5-NP,1200,1,3,855,0,859,G
5-NP,1201,0,0,853,1,854,G
5-NP,1202,0,0,0,856,856,C
5-NP,1203,1,0,0,849,850,C
5-NP,1204,0,839,0,2,841,T
5-NP,1205,0,0,0,853,853,C
5-NP,1206,1,1,0,851,853,C
5-NP,1207,2,0,849,0,851,G
5-NP,1208,0,0,0,852,852,C
5-NP,1209,841,0,0,0,841,A
5-NP,1210,0,2,866,0,868,G
5-NP,1211,1,0,863,0,864,G
5-NP,1212,0,0,0,873,873,C
5-NP,1213,1,1,0,872,874,C
5-NP,1214,849,0,1,0,850,A
5-NP,1215,869,0,0,0,869,A
5-NP,1216,867,0,0,0,867,A
5-NP,1217,1,1,0,877,879,C
5-NP,1218,1,0,0,878,879,C
5-NP,1219,829,0,0,0,829,A
5-NP,1220,0,1,839,1,841,G
5-NP,1221,0,834,0,0,834,T
5-NP,1222,0,0,839,0,839,G
5-NP,1223,0,837,0,1,838,T
5-NP,1224,0,1,830,0,831,G
5-NP,1225,0,0,0,838,838,C
5-NP,1226,822,1,0,0,823,A
5-NP,1227,832,1,1,0,834,A
5-NP,1228,0,0,0,838,838,C
5-NP,1229,1,0,0,830,831,C
5-NP,1230,0,828,0,0,828,T
5-NP,1231,823,0,0,0,823,A
5-NP,1232,0,1,0,815,816,C
5-NP,1233,1,0,819,0,820,G
5-NP,1234,0,815,1,2,818,T
5-NP,1235,0,819,0,0,819,T
5-NP,1236,0,808,0,0,808,T
5-NP,1237,0,802,0,0,802,T
5-NP,1238,3,0,0,797,800,C
5-NP,1239,0,794,0,0,794,T
5-NP,1240,0,0,808,0,808,G
5-NP,1241,0,803,0,1,804,T
5-NP,1242,805,0,1,0,806,A
5-NP,1243,0,0,0,811,811,C
5-NP,1244,804,0,0,0,804,A
5-NP,1245,807,0,0,0,807,A
5-NP,1246,806,0,0,0,806,A
5-NP,1247,0,0,811,0,811,G
5-NP,1248,809,0,1,0,810,A
5-NP,1249,791,0,0,0,791,A
5-NP,1250,788,0,3,0,791,A
5-NP,1251,1,1,0,794,796,C
5-NP,1252,0,0,0,784,784,C
5-NP,1253,0,781,0,0,781,T
5-NP,1254,3,0,0,780,783,C
5-NP,1255,0,1,0,778,779,C
5-NP,1256,3,0,0,778,781,C
5-NP,1257,780,0,0,0,780,A
5-NP,1258,1,776,0,0,777,T
5-NP,1259,1,778,0,0,779,T
5-NP,1260,0,778,0,0,778,T
5-NP,1261,0,1,777,0,778,G
5-NP,1262,778,1,0,0,779,A
5-NP,1263,778,0,0,0,778,A
5-NP,1264,778,0,0,0,778,A
5-NP,1265,772,0,0,0,772,A
5-NP,1266,0,0,781,0,781,G
5-NP,1267,1,777,0,2,780,T
5-NP,1268,1,0,0,779,780,C
5-NP,1269,781,0,1,0,782,A
5-NP,1270,787,0,0,0,787,A
5-NP,1271,1,0,0,786,787,C
5-NP,1272,3,0,0,790,793,C
5-NP,1273,797,0,0,0,797,A
5-NP,1274,0,795,0,1,796,T
5-NP,1275,1,0,0,787,788,C
5-NP,1276,782,1,1,0,784,A
5-NP,1277,0,784,0,0,784,T
5-NP,1278,0,5,780,1,786,G
5-NP,1279,0,0,783,0,783,G
5-NP,1280,0,0,0,781,781,C
5-NP,1281,765,0,0,0,765,A
5-NP,1282,0,0,762,1,763,G
5-NP,1283,0,0,0,762,762,C
5-NP,1284,763,0,0,0,763,A
5-NP,1285,0,763,0,0,763,T
5-NP,1286,0,749,0,0,749,T
5-NP,1287,2,0,0,750,752,C
5-NP,1288,747,0,0,0,747,A
5-NP,1289,0,1,0,745,746,C
5-NP,1290,0,745,0,0,745,T
5-NP,1291,0,1,745,0,746,G
5-NP,1292,0,0,751,0,751,G
5-NP,1293,749,0,0,0,749,A
5-NP,1294,746,0,0,0,746,A
5-NP,1295,747,0,0,0,747,A
5-NP,1296,0,743,0,0,743,T
5-NP,1297,745,1,0,0,746,A
5-NP,1298,0,0,0,740,740,C
5-NP,1299,1,0,728,1,730,G
5-NP,1300,0,1,732,0,733,G
5-NP,1301,718,0,2,0,720,A
5-NP,1302,0,1,727,0,728,G
5-NP,1303,0,1,724,0,725,G
5-NP,1304,0,2,721,0,723,G
5-NP,1305,721,0,3,0,724,A
5-NP,1306,723,1,0,0,724,A
5-NP,1307,0,3,722,0,725,G
5-NP,1308,722,0,0,0,722,A
5-NP,1309,720,0,0,0,720,A
5-NP,1310,0,0,0,729,729,C
5-NP,1311,0,712,0,0,712,T
5-NP,1312,0,725,0,0,725,T
5-NP,1313,1,0,0,721,722,C
5-NP,1314,724,0,1,0,725,A
5-NP,1315,0,0,724,0,724,G
5-NP,1316,719,0,0,0,719,A
5-NP,1317,1,0,0,719,720,C
5-NP,1318,711,0,0,0,711,A
5-NP,1319,0,690,0,0,690,T
5-NP,1320,0,3,691,0,694,G
5-NP,1321,684,0,0,0,684,A
5-NP,1322,0,2,688,0,690,G
5-NP,1323,0,2,689,0,691,G
5-NP,1324,0,0,692,0,692,G
5-NP,1325,0,0,0,694,694,C
5-NP,1326,688,0,1,0,689,A
5-NP,1327,0,3,686,0,689,G
5-NP,1328,689,0,0,0,689,A
5-NP,1329,694,0,0,0,694,A
5-NP,1330,692,0,0,0,692,A
5-NP,1331,0,698,0,0,698,T
5-NP,1332,0,0,0,698,698,C
5-NP,1333,699,0,0,0,699,A
5-NP,1334,0,697,0,0,697,T
5-NP,1335,697,1,0,0,698,A
5-NP,1336,698,0,0,0,698,A
5-NP,1337,0,0,700,1,701,G
5-NP,1338,696,0,1,0,697,A
5-NP,1339,712,0,1,0,713,A
5-NP,1340,0,697,0,0,697,T
5-NP,1341,0,3,692,0,695,G
5-NP,1342,696,0,0,0,696,A
5-NP,1343,0,694,0,0,694,T
5-NP,1344,0,0,695,0,695,G
5-NP,1345,0,2,692,0,694,G
5-NP,1346,680,0,1,0,681,A
5-NP,1347,671,0,0,0,671,A
5-NP,1348,0,1,661,0,662,G
5-NP,1349,0,0,677,0,677,G
5-NP,1350,1,663,0,1,665,T
5-NP,1351,0,0,664,0,664,G
5-NP,1352,2,0,0,662,664,C
5-NP,1353,660,0,0,0,660,A
5-NP,1354,660,0,0,0,660,A
5-NP,1355,659,0,0,0,659,A
5-NP,1356,668,0,0,0,668,A
5-NP,1357,0,0,0,666,666,C
5-NP,1358,3,0,0,656,659,C
5-NP,1359,645,0,0,0,645,A
5-NP,1360,0,1,643,0,644,G
5-NP,1361,644,0,0,0,644,A
5-NP,1362,643,0,1,0,644,A
5-NP,1363,1,1,642,0,644,G
5-NP,1364,639,0,0,0,639,A
5-NP,1365,629,1,1,0,631,A
5-NP,1366,0,0,633,0,633,G
5-NP,1367,0,624,0,1,625,T
5-NP,1368,0,0,624,1,625,G
5-NP,1369,0,620,0,1,621,T
5-NP,1370,5,1,0,618,624,C
5-NP,1371,622,0,0,0,622,A
5-NP,1372,0,628,0,0,628,T
5-NP,1373,0,620,0,1,621,T
5-NP,1374,0,0,0,629,629,C
5-NP,1375,1,0,1,616,618,C
5-NP,1376,2,1,612,0,615,G
5-NP,1377,0,2,608,0,610,G
5-NP,1378,0,0,614,0,614,G
5-NP,1379,0,0,612,0,612,G
5-NP,1380,0,1,606,0,607,G
5-NP,1381,577,1,6,0,584,A
5-NP,1382,0,2,587,0,589,G
5-NP,1383,0,2,586,0,588,G
5-NP,1384,0,1,585,0,586,G
5-NP,1385,0,2,584,0,586,G
5-NP,1386,584,0,0,0,584,A
5-NP,1387,1,0,587,0,588,G
5-NP,1388,0,583,1,0,584,T
5-NP,1389,0,580,0,1,581,T
5-NP,1390,0,580,0,1,581,T
5-NP,1391,0,579,0,0,579,T
5-NP,1392,1,0,0,579,580,C
5-NP,1393,0,4,576,0,580,G
5-NP,1394,578,0,0,0,578,A
5-NP,1395,0,0,587,0,587,G
5-NP,1396,0,0,0,578,578,C
5-NP,1397,1,578,0,0,579,T
5-NP,1398,1,0,0,577,578,C
5-NP,1399,0,575,0,0,575,T
5-NP,1400,0,0,0,578,578,C
5-NP,1401,578,0,0,0,578,A
5-NP,1402,0,1,580,0,581,G
5-NP,1403,582,0,0,0,582,A
5-NP,1404,1,0,0,575,576,C
5-NP,1405,0,2,576,0,578,G
5-NP,1406,568,0,1,0,569,A
5-NP,1407,0,0,569,0,569,G
5-NP,1408,564,0,1,0,565,A
5-NP,1409,562,0,0,0,562,A
5-NP,1410,0,1,562,0,563,G
5-NP,1411,0,0,560,0,560,G
5-NP,1412,0,0,0,560,560,C
5-NP,1413,557,0,0,0,557,A
5-NP,1414,557,0,0,0,557,A
5-NP,1415,0,0,0,551,551,C
5-NP,1416,0,2,551,0,553,G
5-NP,1417,554,0,0,0,554,A
5-NP,1418,555,0,0,0,555,A
5-NP,1419,0,0,1,549,550,C
5-NP,1420,3,0,0,541,544,C
5-NP,1421,0,0,0,539,539,C
5-NP,1422,0,1,538,0,539,G
5-NP,1423,537,0,0,0,537,A
5-NP,1424,0,535,0,0,535,T
5-NP,1425,1,0,0,527,528,C
5-NP,1426,0,0,530,0,530,G
5-NP,1427,0,524,0,0,524,T
5-NP,1428,1,0,524,0,525,G
5-NP,1429,0,0,0,526,526,C
5-NP,1430,1,1,0,523,525,C
5-NP,1431,2,0,0,525,527,C
5-NP,1432,0,519,0,0,519,T
5-NP,1433,1,0,0,531,532,C
5-NP,1434,0,527,0,1,528,T
5-NP,1435,0,529,0,0,529,T
5-NP,1436,0,530,0,0,530,T
5-NP,1437,0,522,0,0,522,T
5-NP,1438,0,0,524,0,524,G
5-NP,1439,523,0,0,0,523,A
5-NP,1440,1,519,0,0,520,T
5-NP,1441,520,0,0,0,520,A
5-NP,1442,0,436,0,0,436,T
5-NP,1443,0,1,444,0,445,G
5-NP,1444,442,0,0,0,442,A
5-NP,1445,1,0,445,0,446,G
5-NP,1446,1,446,0,0,447,T
5-NP,1447,431,0,0,0,431,A
5-NP,1448,430,0,0,0,430,A
5-NP,1449,0,429,0,0,429,T
5-NP,1450,0,0,429,0,429,G
5-NP,1451,427,0,1,0,428,A
5-NP,1452,378,0,0,0,378,A
5-NP,1453,0,0,378,0,378,G
5-NP,1454,0,0,352,0,352,G
5-NP,1455,351,0,0,0,351,A
5-NP,1456,0,347,1,1,349,T
5-NP,1457,0,0,0,348,348,C
5-NP,1458,0,343,0,0,343,T
5-NP,1459,0,343,0,0,343,T
5-NP,1460,342,0,0,0,342,A
5-NP,1461,0,343,0,0,343,T
5-NP,1462,0,340,0,0,340,T
5-NP,1463,0,337,0,0,337,T
5-NP,1464,1,0,0,328,329,C
5-NP,1465,0,318,0,0,318,T
5-NP,1466,0,316,0,1,317,T
5-NP,1467,1,0,0,315,316,C
5-NP,1468,0,0,316,0,316,G
5-NP,1469,0,1,315,0,316,G
5-NP,1470,316,0,1,0,317,A
5-NP,1471,0,1,316,0,317,G
5-NP,1472,313,0,0,0,313,A
5-NP,1473,0,1,0,312,313,C
5-NP,1474,295,0,1,0,296,A
5-NP,1475,296,0,0,0,296,A
5-NP,1476,0,296,0,0,296,T
5-NP,1477,0,0,295,0,295,G
5-NP,1478,1,0,0,292,293,C
5-NP,1479,283,0,0,0,283,A
5-NP,1480,0,0,282,0,282,G
5-NP,1481,282,0,0,0,282,A
5-NP,1482,265,0,0,0,265,A
5-NP,1483,0,1,264,0,265,G
5-NP,1484,153,0,0,0,153,A
5-NP,1485,0,0,153,0,153,G
5-NP,1486,0,147,0,0,147,T
5-NP,1487,146,0,0,0,146,A
5-NP,1488,1,0,0,144,145,C
5-NP,1489,0,0,129,0,129,G
5-NP,1490,129,0,0,0,129,A
5-NP,1491,0,0,0,126,126,C
5-NP,1492,96,0,0,0,96,A
5-NP,1493,96,0,0,0,96,A
5-NP,1494,0,75,0,0,75,T
5-NP,1495,0,74,0,0,74,T
5-NP,1496,73,0,0,0,73,A
5-NP,1497,67,0,0,0,67,A
6-NA,1,54,0,0,0,54,A
6-NA,2,0,55,0,0,55,T
6-NA,3,0,0,55,0,55,G
6-NA,4,56,0,0,0,56,A
6-NA,5,63,0,0,0,63,A
6-NA,6,0,63,0,0,63,T
6-NA,7,0,0,0,63,63,C
6-NA,8,0,0,0,64,64,C
6-NA,9,65,0,0,0,65,A
6-NA,10,68,0,0,0,68,A
6-NA,11,68,0,0,0,68,A
6-NA,12,0,67,0,0,67,T
6-NA,13,0,0,0,69,69,C
6-NA,14,68,0,0,0,68,A
6-NA,15,69,0,0,0,69,A
6-NA,16,69,0,0,0,69,A
6-NA,17,78,0,0,0,78,A
6-NA,18,0,0,87,0,87,G
6-NA,19,89,0,0,0,89,A
6-NA,20,0,90,0,0,90,T
6-NA,21,92,0,0,0,92,A
6-NA,22,94,0,0,0,94,A
6-NA,23,0,94,0,0,94,T
6-NA,24,95,0,0,0,95,A
6-NA,25,95,0,0,0,95,A
6-NA,26,0,0,0,100,100,C
6-NA,27,1,0,102,0,103,G
6-NA,28,103,0,0,0,103,A
6-NA,29,0,102,0,0,102,T
6-NA,30,0,104,0,0,104,T
6-NA,31,0,0,104,0,104,G
6-NA,32,0,0,104,0,104,G
6-NA,33,0,0,0,106,106,C
6-NA,34,0,105,0,1,106,T
6-NA,35,0,0,0,110,110,C
6-NA,36,0,110,0,0,110,T
6-NA,37,0,0,119,0,119,G
6-NA,38,0,119,0,0,119,T
6-NA,39,0,122,0,0,122,T
6-NA,40,0,130,0,0,130,T
6-NA,41,0,0,0,133,133,C
6-NA,42,0,134,0,0,134,T
6-NA,43,1,0,0,133,134,C
6-NA,44,0,132,0,0,132,T
6-NA,45,0,0,0,134,134,C
6-NA,46,134,0,0,0,134,A
6-NA,47,0,0,0,147,147,C
6-NA,48,0,0,0,148,148,C
6-NA,49,147,0,0,0,147,A
6-NA,50,0,149,0,0,149,T
6-NA,51,0,156,0,0,156,T
6-NA,52,0,158,0,0,158,T
6-NA,53,0,0,0,167,167,C
6-NA,54,0,0,0,166,166,C
6-NA,55,168,0,0,0,168,A
6-NA,56,0,0,0,176,176,C
6-NA,57,175,0,0,0,175,A
6-NA,58,180,0,0,0,180,A
6-NA,59,0,180,0,0,180,T
6-NA,60,185,0,0,0,185,A
6-NA,61,0,186,0,0,186,T
6-NA,62,0,0,187,0,187,G
6-NA,63,0,0,0,188,188,C
6-NA,64,0,188,0,0,188,T
6-NA,65,0,189,0,0,189,T
6-NA,66,0,0,0,190,190,C
6-NA,67,0,191,0,0,191,T
6-NA,68,0,191,0,0,191,T
6-NA,69,0,0,0,190,190,C
6-NA,70,190,0,0,0,190,A
6-NA,71,0,190,0,0,190,T
6-NA,72,0,0,191,0,191,G
6-NA,73,1,0,0,190,191,C
6-NA,74,193,0,0,0,193,A
6-NA,75,192,0,0,0,192,A
6-NA,76,191,0,0,0,191,A
6-NA,77,1,193,0,0,194,T
6-NA,78,0,193,0,0,193,T
6-NA,79,0,0,194,0,194,G
6-NA,80,0,0,0,196,196,C
6-NA,81,0,0,0,194,194,C
6-NA,82,199,0,0,0,199,A
6-NA,83,0,200,0,0,200,T
6-NA,84,0,0,0,216,216,C
6-NA,85,0,218,0,0,218,T
6-NA,86,0,216,0,0,216,T
6-NA,87,0,1,223,0,224,G
6-NA,88,225,0,0,0,225,A
6-NA,89,0,227,0,0,227,T
6-NA,90,228,0,0,0,228,A
6-NA,91,230,0,0,0,230,A
6-NA,92,0,0,0,261,261,C
6-NA,93,1,263,0,0,264,T
6-NA,94,270,0,0,0,270,A
6-NA,95,0,0,0,282,282,C
6-NA,96,0,281,0,0,281,T
6-NA,97,0,0,286,0,286,G
6-NA,98,0,285,0,0,285,T
6-NA,99,283,0,0,0,283,A
6-NA,100,286,0,0,0,286,A
6-NA,101,0,0,0,284,284,C
6-NA,102,279,0,0,0,279,A
6-NA,103,0,281,0,0,281,T
6-NA,104,0,278,0,0,278,T
6-NA,105,0,0,281,0,281,G
6-NA,106,0,0,0,280,280,C
6-NA,107,282,0,1,0,283,A
6-NA,108,0,282,0,1,283,T
6-NA,109,0,282,0,0,282,T
6-NA,110,0,281,0,0,281,T
6-NA,111,1,0,0,279,280,C
6-NA,112,283,0,0,0,283,A
6-NA,113,282,0,0,0,282,A
6-NA,114,0,1,284,0,285,G
6-NA,115,0,0,0,287,287,C
6-NA,116,283,0,0,0,283,A
6-NA,117,299,0,0,0,299,A
6-NA,118,0,299,0,0,299,T
6-NA,119,298,0,0,0,298,A
6-NA,120,0,299,0,0,299,T
6-NA,121,0,0,309,0,309,G
6-NA,122,307,0,0,0,307,A
6-NA,123,314,0,0,0,314,A
6-NA,124,0,314,0,0,314,T
6-NA,125,0,313,0,0,313,T
6-NA,126,1,0,0,312,313,C
6-NA,127,310,0,0,0,310,A
6-NA,128,312,1,0,0,313,A
6-NA,129,0,0,0,311,311,C
6-NA,130,0,311,0,1,312,T
6-NA,131,1,0,0,314,315,C
6-NA,132,0,1,0,313,314,C
6-NA,133,0,0,0,317,317,C
6-NA,134,0,0,0,320,320,C
6-NA,135,0,0,0,320,320,C
6-NA,136,0,1,0,324,325,C
6-NA,137,0,0,0,325,325,C
6-NA,138,325,0,1,0,326,A
6-NA,139,328,0,0,0,328,A
6-NA,140,326,0,0,0,326,A
6-NA,141,0,0,0,332,332,C
6-NA,142,327,0,0,0,327,A
6-NA,143,342,0,0,0,342,A
6-NA,144,0,0,0,345,345,C
6-NA,145,0,0,0,347,347,C
6-NA,146,360,0,0,0,360,A
6-NA,147,367,0,0,0,367,A
6-NA,148,0,0,371,0,371,G
6-NA,149,0,372,0,0,372,T
6-NA,150,0,2,368,0,370,G
6-NA,151,380,0,0,0,380,A
6-NA,152,0,377,0,0,377,T
6-NA,153,1,0,374,0,375,G
6-NA,154,0,0,0,380,380,C
6-NA,155,0,378,0,0,378,T
6-NA,156,0,0,413,0,413,G
6-NA,157,0,410,0,0,410,T
6-NA,158,0,0,412,0,412,G
6-NA,159,0,413,0,0,413,T
6-NA,160,0,2,412,0,414,G
6-NA,161,411,0,0,0,411,A
6-NA,162,415,0,0,0,415,A
6-NA,163,0,0,0,416,416,C
6-NA,164,0,0,0,417,417,C
6-NA,165,411,0,0,0,411,A
6-NA,166,412,0,0,0,412,A
6-NA,167,0,0,0,427,427,C
6-NA,168,426,0,1,0,427,A
6-NA,169,426,0,0,0,426,A
6-NA,170,0,426,0,1,427,T
6-NA,171,425,0,0,1,426,A
6-NA,172,429,0,0,0,429,A
6-NA,173,0,428,0,1,429,T
6-NA,174,426,0,0,1,427,A
6-NA,175,0,2,429,0,431,G
6-NA,176,423,0,0,0,423,A
6-NA,177,423,0,0,0,423,A
6-NA,178,423,0,0,0,423,A
6-NA,179,0,0,427,0,427,G
6-NA,180,438,0,0,0,438,A
6-NA,181,438,0,0,0,438,A
6-NA,182,459,0,0,0,459,A
6-NA,183,0,0,0,461,461,C
6-NA,184,459,1,0,0,460,A
6-NA,185,0,463,0,1,464,T
6-NA,186,467,0,1,0,468,A
6-NA,187,471,0,0,0,471,A
6-NA,188,0,0,0,475,475,C
6-NA,189,468,0,0,0,468,A
6-NA,190,1,1,485,0,487,G
6-NA,191,474,0,0,0,474,A
6-NA,192,0,2,475,0,477,G
6-NA,193,476,0,0,0,476,A
6-NA,194,0,495,0,1,496,T
6-NA,195,495,0,0,0,495,A
6-NA,196,0,0,511,0,511,G
6-NA,197,0,510,0,0,510,T
6-NA,198,0,0,524,0,524,G
6-NA,199,0,518,0,1,519,T
6-NA,200,520,0,0,0,520,A
6-NA,201,0,515,0,1,516,T
6-NA,202,0,0,0,512,512,C
6-NA,203,0,507,0,1,508,T
6-NA,204,0,6,516,0,522,G
6-NA,205,513,0,3,0,516,A
6-NA,206,1,0,0,514,515,C
6-NA,207,0,0,0,512,512,C
6-NA,208,516,0,0,0,516,A
6-NA,209,520,0,0,0,520,A
6-NA,210,0,0,0,529,529,C
6-NA,211,529,1,0,0,530,A
6-NA,212,0,0,0,550,550,C
6-NA,213,2,0,0,542,544,C
6-NA,214,560,0,0,0,560,A
6-NA,215,0,0,0,595,595,C
6-NA,216,1,1,0,594,596,C
6-NA,217,599,0,0,0,599,A
6-NA,218,0,601,0,0,601,T
6-NA,219,598,1,0,0,599,A
6-NA,220,0,1,598,0,599,G
6-NA,221,599,0,0,0,599,A
6-NA,222,0,0,609,0,609,G
6-NA,223,602,0,0,1,603,A
6-NA,224,590,1,1,0,592,A
6-NA,225,0,3,589,0,592,G
6-NA,226,0,2,598,0,600,G
6-NA,227,596,0,0,1,597,A
6-NA,228,599,0,0,1,600,A
6-NA,229,599,0,0,1,600,A
6-NA,230,0,597,1,0,598,T
6-NA,231,598,0,0,1,599,A
6-NA,232,0,595,0,0,595,T
6-NA,233,0,0,592,0,592,G
6-NA,234,0,1,0,593,594,C
6-NA,235,2,0,0,586,588,C
6-NA,236,2,0,0,590,592,C
6-NA,237,2,1,1,593,597,C
6-NA,238,597,0,1,1,599,A
6-NA,239,599,1,0,0,600,A
6-NA,240,601,0,0,0,601,A
6-NA,241,0,591,0,2,593,T
6-NA,242,0,605,0,0,605,T
6-NA,243,605,0,0,0,605,A
6-NA,244,0,1,606,0,607,G
6-NA,245,0,0,0,608,608,C
6-NA,246,608,0,0,0,608,A
6-NA,247,0,0,619,0,619,G
6-NA,248,611,0,0,1,612,A
6-NA,249,627,0,0,0,627,A
6-NA,250,0,631,1,0,632,T
6-NA,251,632,0,0,0,632,A
6-NA,252,0,1,0,630,631,C
6-NA,253,632,0,0,0,632,A
6-NA,254,0,0,632,0,632,G
6-NA,255,631,0,0,1,632,A
6-NA,256,621,0,0,0,621,A
6-NA,257,624,0,0,0,624,A
6-NA,258,0,609,0,0,609,T
6-NA,259,0,608,0,0,608,T
6-NA,260,0,0,614,0,614,G
6-NA,261,0,0,614,0,614,G
6-NA,262,0,615,0,0,615,T
6-NA,263,2,0,0,609,611,C
6-NA,264,612,0,1,0,613,A
6-NA,265,614,0,0,0,614,A
6-NA,266,614,0,0,1,615,A
6-NA,267,604,0,3,0,607,A
6-NA,268,0,1,0,617,618,C
6-NA,269,0,1,0,616,617,C
6-NA,270,0,0,618,0,618,G
6-NA,271,1,0,0,613,614,C
6-NA,272,619,0,0,0,619,A
6-NA,273,620,0,0,0,620,A
6-NA,274,0,619,0,0,619,T
6-NA,275,0,0,617,0,617,G
6-NA,276,0,1,0,612,613,C
6-NA,277,0,3,613,0,616,G
6-NA,278,629,0,0,0,629,A
6-NA,279,0,0,0,628,628,C
6-NA,280,635,0,0,0,635,A
6-NA,281,0,647,0,0,647,T
6-NA,282,0,646,0,0,646,T
6-NA,283,646,0,0,0,646,A
6-NA,284,0,0,0,648,648,C
6-NA,285,639,0,1,0,640,A
6-NA,286,0,2,640,0,642,G
6-NA,287,0,2,635,0,637,G
6-NA,288,640,0,0,0,640,A
6-NA,289,1,640,0,0,641,T
6-NA,290,0,629,0,0,629,T
6-NA,291,0,631,0,0,631,T
6-NA,292,1,0,631,0,632,G
6-NA,293,0,0,0,629,629,C
6-NA,294,631,0,0,0,631,A
6-NA,295,0,0,0,636,636,C
6-NA,296,1,0,0,637,638,C
6-NA,297,0,632,0,1,633,T
6-NA,298,1,636,0,0,637,T
6-NA,299,0,642,0,0,642,T
6-NA,300,0,644,0,0,644,T
6-NA,301,0,653,0,0,653,T
6-NA,302,2,0,0,652,654,C
6-NA,303,0,651,0,0,651,T
6-NA,304,647,0,0,0,647,A
6-NA,305,645,0,0,0,645,A
6-NA,306,0,0,651,0,651,G
6-NA,307,0,4,645,0,649,G
6-NA,308,648,0,0,0,648,A
6-NA,309,0,0,0,649,649,C
6-NA,310,641,0,0,0,641,A
6-NA,311,644,0,0,1,645,A
6-NA,312,0,646,0,0,646,T
6-NA,313,0,647,0,0,647,T
6-NA,314,3,0,0,652,655,C
6-NA,315,2,1,652,0,655,G
6-NA,316,654,0,0,0,654,A
6-NA,317,0,654,0,0,654,T
6-NA,318,0,652,0,1,653,T
6-NA,319,649,1,0,0,650,A
6-NA,320,0,0,656,0,656,G
6-NA,321,2,0,652,0,654,G
6-NA,322,1,0,0,655,656,C
6-NA,323,0,648,0,0,648,T
6-NA,324,0,651,0,0,651,T
6-NA,325,0,649,0,1,650,T
6-NA,326,0,0,0,659,659,C
6-NA,327,1,0,0,659,660,C
6-NA,328,0,0,662,0,662,G
6-NA,329,0,1,0,656,657,C
6-NA,330,0,651,0,0,651,T
6-NA,331,0,0,673,0,673,G
6-NA,332,0,0,675,0,675,G
6-NA,333,0,672,0,0,672,T
6-NA,334,0,1,675,0,676,G
6-NA,335,1,0,675,0,676,G
6-NA,336,0,2,676,0,678,G
6-NA,337,0,2,675,0,677,G
6-NA,338,678,0,1,0,679,A
6-NA,339,0,0,0,692,692,C
6-NA,340,686,0,0,0,686,A
6-NA,341,0,684,0,0,684,T
6-NA,342,0,0,0,688,688,C
6-NA,343,0,685,0,0,685,T
6-NA,344,0,1,690,0,691,G
6-NA,345,0,1,689,0,690,G
6-NA,346,0,1,695,0,696,G
6-NA,347,0,691,0,0,691,T
6-NA,348,3,5,672,0,680,G
6-NA,349,679,0,0,0,679,A
6-NA,350,1,0,0,689,690,C
6-NA,351,693,0,0,0,693,A
6-NA,352,734,0,0,0,734,A
6-NA,353,0,0,748,0,748,G
6-NA,354,744,0,0,0,744,A
6-NA,355,0,1,775,0,776,G
6-NA,356,806,0,2,1,809,A
6-NA,357,903,0,0,0,903,A
6-NA,358,0,1,0,1130,1131,C
6-NA,359,2,1,0,1230,1233,C
6-NA,360,0,1232,0,1,1233,T
6-NA,361,0,1245,0,0,1245,T
6-NA,362,1249,0,0,0,1249,A
6-NA,363,0,1253,0,0,1253,T
6-NA,364,0,0,1344,1,1345,G
6-NA,365,0,1335,0,4,1339,T
6-NA,366,0,1,1378,0,1379,G
6-NA,367,0,1360,0,2,1362,T
6-NA,368,4,2,0,1352,1358,C
6-NA,369,1374,1,1,6,1382,A
6-NA,370,0,1381,0,0,1381,T
6-NA,371,1,1,1380,0,1382,G
6-NA,372,0,1,0,1381,1382,C
6-NA,373,0,4,1378,0,1382,G
6-NA,374,1615,0,1,0,1616,A
6-NA,375,0,1614,0,0,1614,T
6-NA,376,1,0,0,1643,1644,C
6-NA,377,2,0,1,1645,1648,C
6-NA,378,0,1674,0,3,1677,T
6-NA,379,0,7,1698,0,1705,G
6-NA,380,1700,0,5,0,1705,A
6-NA,381,0,1,0,1702,1703,C
6-NA,382,1705,0,0,0,1705,A
6-NA,383,1693,0,1,0,1694,A
6-NA,384,1,0,1765,0,1766,G
6-NA,385,0,1764,0,0,1764,T
6-NA,386,1,0,1805,1,1807,G
6-NA,387,0,1803,0,1,1804,T
6-NA,388,1,1798,0,1,1800,T
6-NA,389,1803,0,2,0,1805,A
6-NA,390,0,1804,0,0,1804,T
6-NA,391,1,0,0,1825,1826,C
6-NA,392,1821,0,0,0,1821,A
6-NA,393,1819,0,0,1,1820,A
6-NA,394,0,1814,0,0,1814,T
6-NA,395,0,1806,0,1,1807,T
6-NA,396,0,1807,0,1,1808,T
6-NA,397,1,1,1827,1,1830,G
6-NA,398,0,0,0,1955,1955,C
6-NA,399,2,0,0,1957,1959,C
6-NA,400,2,0,0,1968,1970,C
6-NA,401,0,1961,0,3,1964,T
6-NA,402,1,1962,0,4,1967,T
6-NA,403,0,7,1996,0,2003,G
6-NA,404,0,5,2002,0,2007,G
6-NA,405,2013,0,4,0,2017,A
6-NA,406,1,1,0,2020,2022,C
6-NA,407,1989,0,0,0,1989,A
6-NA,408,1,5,2037,0,2043,G
6-NA,409,0,1,2040,0,2041,G
6-NA,410,0,10,2118,0,2128,G
6-NA,411,2127,0,4,0,2131,A
6-NA,412,2110,0,1,0,2111,A
6-NA,413,0,1,0,2116,2117,C
6-NA,414,2103,1,2,0,2106,A
6-NA,415,2361,0,2,0,2363,A
6-NA,416,1,1,0,2395,2397,C
6-NA,417,2393,1,2,0,2396,A
6-NA,418,0,0,0,2421,2421,C
6-NA,419,1,2380,0,8,2389,T
6-NA,420,2411,0,1,0,2412,A
6-NA,421,2414,0,1,0,2415,A
6-NA,422,2422,0,0,0,2422,A
6-NA,423,0,2,0,2424,2426,C
6-NA,424,2345,1,0,0,2346,A
6-NA,425,2350,0,0,0,2350,A
6-NA,426,0,2,0,2350,2352,C
6-NA,427,3,0,2352,0,2355,G
6-NA,428,0,2351,0,2,2353,T
6-NA,429,2,1,2352,0,2355,G
6-NA,430,1,1,0,2369,2371,C
6-NA,431,2371,1,1,0,2373,A
6-NA,432,0,2374,0,1,2375,T
6-NA,433,0,2381,0,0,2381,T
6-NA,434,3,0,1,2406,2410,C
6-NA,435,2459,0,0,0,2459,A
6-NA,436,2470,0,2,0,2472,A
6-NA,437,2483,2,0,1,2486,A
6-NA,438,0,2491,0,2,2493,T
6-NA,439,2,13,2470,1,2486,G
6-NA,440,2544,0,0,0,2544,A
6-NA,441,0,0,0,2551,2551,C
6-NA,442,2544,0,2,0,2546,A
6-NA,443,1,0,0,2599,2600,C
6-NA,444,2583,0,0,0,2583,A
6-NA,445,0,2,3255,0,3257,G
6-NA,446,1,3261,0,1,3263,T
6-NA,447,3301,1,0,0,3302,A
6-NA,448,1,1,0,3313,3315,C
6-NA,449,9,1,3302,1,3313,G
6-NA,450,0,3449,0,6,3455,T
6-NA,451,2,10,3456,1,3469,G
6-NA,452,3480,1,1,0,3482,A
6-NA,453,0,3496,0,3,3499,T
6-NA,454,3223,1,1,0,3225,A
6-NA,455,3,7,3226,1,3237,G
6-NA,456,1,6,3222,0,3229,G
6-NA,457,3240,1,3,0,3244,A
6-NA,458,1,1,0,3281,3283,C
6-NA,459,4,0,0,3228,3232,C
6-NA,460,4,0,0,3268,3272,C
6-NA,461,7,1,0,3278,3286,C
6-NA,462,0,3304,0,2,3306,T
6-NA,463,0,3348,0,0,3348,T
6-NA,464,3356,0,1,0,3357,A
6-NA,465,2,3364,0,0,3366,T
6-NA,466,4,3,0,3365,3372,C
6-NA,467,1,3,3344,0,3348,G
6-NA,468,2,9,3337,0,3348,G
6-NA,469,3348,2,3,0,3353,A
6-NA,470,2,1,0,3380,3383,C
6-NA,471,4,1,0,3362,3367,C
6-NA,472,4,1,0,3519,3524,C
6-NA,473,0,3516,0,1,3517,T
6-NA,474,3579,0,1,0,3580,A
6-NA,475,0,3588,0,0,3588,T
6-NA,476,0,3595,0,1,3596,T
6-NA,477,1,4,3594,1,3600,G
6-NA,478,3608,0,1,0,3609,A
6-NA,479,0,3599,0,4,3603,T
6-NA,480,1,13,3598,0,3612,G
6-NA,481,3520,0,1,0,3521,A
6-NA,482,3526,0,1,1,3528,A
6-NA,483,1,3514,0,0,3515,T
6-NA,484,1,7,3581,0,3589,G
6-NA,485,3644,0,1,0,3645,A
6-NA,486,0,1,3674,0,3675,G
6-NA,487,1,3661,0,2,3664,T
6-NA,488,0,3672,1,2,3675,T
6-NA,489,3685,2,3,0,3690,A
6-NA,490,1,3,3703,1,3708,G
6-NA,491,0,1,3718,0,3719,G
6-NA,492,0,3709,0,0,3709,T
6-NA,493,1,1,3709,0,3711,G
6-NA,494,0,3671,0,4,3675,T
6-NA,495,0,3656,0,3,3659,T
6-NA,496,7,0,0,3698,3705,C
6-NA,497,8,0,0,3720,3728,C
6-NA,498,0,3720,0,3,3723,T
6-NA,499,0,3726,0,3,3729,T
6-NA,500,0,3727,1,2,3730,T
6-NA,501,1,3728,0,2,3731,T
6-NA,502,7,0,0,3744,3751,C
6-NA,503,3745,0,1,0,3746,A
6-NA,504,0,3835,0,0,3835,T
6-NA,505,3,0,0,3832,3835,C
6-NA,506,0,3798,0,1,3799,T
6-NA,507,2,4,3793,0,3799,G
6-NA,508,0,5,3779,0,3784,G
6-NA,509,0,7,3792,1,3800,G
6-NA,510,5,16,3820,0,3841,G
6-NA,511,3832,0,5,0,3837,A
6-NA,512,3,0,1,3871,3875,C
6-NA,513,3,1,0,3818,3822,C
6-NA,514,3870,0,2,0,3872,A
6-NA,515,3881,1,5,0,3887,A
6-NA,516,0,0,3892,0,3892,G
6-NA,517,2,4,0,3894,3900,C
6-NA,518,3897,0,1,1,3899,A
6-NA,519,3963,1,2,0,3966,A
6-NA,520,2,20,3967,0,3989,G
6-NA,521,0,3958,1,0,3959,T
6-NA,522,1,1,4062,0,4064,G
6-NA,523,0,4026,0,3,4029,T
6-NA,524,7,0,4131,0,4138,G
6-NA,525,1,0,0,4138,4139,C
6-NA,526,4130,1,0,0,4131,A
6-NA,527,0,4165,1,0,4166,T
6-NA,528,4102,0,1,0,4103,A
6-NA,529,1,1,4195,0,4197,G
6-NA,530,0,4,1,4177,4182,C
6-NA,531,4110,0,1,0,4111,A
6-NA,532,1,4102,0,0,4103,T
6-NA,533,0,8,4016,0,4024,G
6-NA,534,0,1,4308,1,4310,G
6-NA,535,2,4315,0,6,4323,T
6-NA,536,10,0,0,4293,4303,C
6-NA,537,3,1,0,4338,4342,C
6-NA,538,4339,0,3,0,4342,A
6-NA,539,2,1,4481,0,4484,G
6-NA,540,2,1,0,4504,4507,C
6-NA,541,1,4480,0,14,4495,T
6-NA,542,13,2,0,4499,4514,C
6-NA,543,4399,2,2,0,4403,A
6-NA,544,4466,1,4,0,4471,A
6-NA,545,17,0,4473,0,4490,G
6-NA,546,0,4521,0,0,4521,T
6-NA,547,0,4517,1,2,4520,T
6-NA,548,2,4,4520,3,4529,G
6-NA,549,0,4520,1,4,4525,T
6-NA,550,18,2,0,4497,4517,C
6-NA,551,4521,0,3,0,4524,A
6-NA,552,2,1,0,4575,4578,C
6-NA,553,2,3,4546,0,4551,G
6-NA,554,4654,0,2,0,4656,A
6-NA,555,1,4667,0,0,4668,T
6-NA,556,10,3,4737,0,4750,G
6-NA,557,1,9,4776,0,4786,G
6-NA,558,4775,4,4,0,4783,A
6-NA,559,4788,0,1,1,4790,A
6-NA,560,4848,0,1,1,4850,A
6-NA,561,4854,0,8,0,4862,A
6-NA,562,3,2,4934,0,4939,G
6-NA,563,2,1,0,4921,4924,C
6-NA,564,4913,0,7,0,4920,A
6-NA,565,1,4903,0,1,4905,T
6-NA,566,2,16,4941,0,4959,G
6-NA,567,1,2,4984,1,4988,G
6-NA,568,2,2,0,5027,5031,C
6-NA,569,1,5002,0,4,5007,T
6-NA,570,7,2,5032,0,5041,G
6-NA,571,5,2,0,5017,5024,C
6-NA,572,5042,1,1,1,5045,A
6-NA,573,1,5237,0,0,5238,T
6-NA,574,0,1,5254,0,5255,G
6-NA,575,1,5298,1,0,5300,T
6-NA,576,2,5420,0,5,5427,T
6-NA,577,1,5405,0,2,5408,T
6-NA,578,2,1,5762,0,5765,G
6-NA,579,2,5746,0,3,5751,T
6-NA,580,5758,1,0,0,5759,A
6-NA,581,1,5778,0,1,5780,T
6-NA,582,5707,0,1,0,5708,A
6-NA,583,5732,0,2,0,5734,A
6-NA,584,4,4,0,5688,5696,C
6-NA,585,1,10,5638,1,5650,G
6-NA,586,2,8,5676,0,5686,G
6-NA,587,1,11,5599,0,5611,G
6-NA,588,1,14,5621,0,5636,G
6-NA,589,2,8,5639,1,5650,G
6-NA,590,5621,2,6,1,5630,A
6-NA,591,1,5648,1,2,5652,T
6-NA,592,1,14,5652,0,5667,G
6-NA,593,5687,1,9,0,5697,A
6-NA,594,2,5720,1,1,5724,T
6-NA,595,5710,0,5,1,5716,A
6-NA,596,5879,0,1,1,5881,A
6-NA,597,5890,2,1,1,5894,A
6-NA,598,5882,1,3,2,5888,A
6-NA,599,5908,1,7,0,5916,A
6-NA,600,1,5903,0,2,5906,T
6-NA,601,1,2,5910,0,5913,G
6-NA,602,1,2,0,5896,5899,C
6-NA,603,5898,1,1,0,5900,A
6-NA,604,5933,0,1,0,5934,A
6-NA,605,1,1,1,5983,5986,C
6-NA,606,0,5971,1,0,5972,T
6-NA,607,0,3,5997,1,6001,G
6-NA,608,3,3,0,5990,5996,C
6-NA,609,0,6005,0,0,6005,T
6-NA,610,6017,1,3,1,6022,A
6-NA,611,7,2,6027,0,6036,G
6-NA,612,3,5,1,6078,6087,C
6-NA,613,0,6085,0,4,6089,T
6-NA,614,0,6065,0,2,6067,T
6-NA,615,11,0,1,6126,6138,C
6-NA,616,6166,1,2,0,6169,A
6-NA,617,2,6183,0,1,6186,T
6-NA,618,0,6187,0,3,6190,T
6-NA,619,1,6238,0,0,6239,T
6-NA,620,6271,1,0,0,6272,A
6-NA,621,1,3,0,6329,6333,C
6-NA,622,6299,1,1,0,6301,A
6-NA,623,6341,1,9,0,6351,A
6-NA,624,0,6302,0,5,6307,T
6-NA,625,2,21,6282,0,6305,G
6-NA,626,1,10,6276,0,6287,G
6-NA,627,2,6,6283,0,6291,G
6-NA,628,6262,2,5,0,6269,A
6-NA,629,0,8,6438,0,6446,G
6-NA,630,4,0,6518,0,6522,G
6-NA,631,2,1,1,7050,7054,C
6-NA,632,1,7057,0,4,7062,T
6-NA,633,0,7152,2,4,7158,T
6-NA,634,2,4,7203,0,7209,G
6-NA,635,1,7200,0,1,7202,T
6-NA,636,7321,0,8,0,7329,A
6-NA,637,0,7,7356,1,7364,G
6-NA,638,7266,0,5,0,7271,A
6-NA,639,1,7293,0,1,7295,T
6-NA,640,6797,0,2,0,6799,A
6-NA,641,1,2,6800,0,6803,G
6-NA,642,0,6737,0,7,6744,T
6-NA,643,0,1,6640,0,6641,G
6-NA,644,1,6968,0,3,6972,T
6-NA,645,5,6970,1,1,6977,T
6-NA,646,1,2,7107,0,7110,G
6-NA,647,4,7095,0,13,7112,T
6-NA,648,1,7117,3,1,7122,T
6-NA,649,2,7121,0,8,7131,T
6-NA,650,15,3,0,7014,7032,C
6-NA,651,7017,2,8,0,7027,A
6-NA,652,0,7000,0,2,7002,T
6-NA,653,0,26,6987,0,7013,G
6-NA,654,2,3,7399,0,7404,G
6-NA,655,3,7329,0,7,7339,T
6-NA,656,17,2,0,7312,7331,C
6-NA,657,16,2,10,7296,7324,C
6-NA,658,7344,2,4,0,7350,A
6-NA,659,7390,1,4,1,7396,A
6-NA,660,7382,5,5,2,7394,A
6-NA,661,0,13,7427,0,7440,G
6-NA,662,7417,2,3,1,7423,A
6-NA,663,7205,2,3,0,7210,A
6-NA,664,7233,0,2,1,7236,A
6-NA,665,1,7216,0,5,7222,T
6-NA,666,12,0,1,7429,7442,C
6-NA,667,10,1,1,7425,7437,C
6-NA,668,1,7415,0,2,7418,T
6-NA,669,6,0,1,7426,7433,C
6-NA,670,7420,3,9,0,7432,A
6-NA,671,3,7,7504,0,7514,G
6-NA,672,3,16,7482,0,7501,G
6-NA,673,7665,3,10,1,7679,A
6-NA,674,4,1,1,7692,7698,C
6-NA,675,11,0,0,7589,7600,C
6-NA,676,10,2,0,7588,7600,C
6-NA,677,7607,0,10,0,7617,A
6-NA,678,4,12,7622,0,7638,G
6-NA,679,3,14,7656,1,7674,G
6-NA,680,7628,0,2,0,7630,A
6-NA,681,1,4,7731,0,7736,G
6-NA,682,1,7598,0,5,7604,T
6-NA,683,23,3,0,7596,7622,C
6-NA,684,7601,2,9,0,7612,A
6-NA,685,0,14,7655,0,7669,G
6-NA,686,7646,1,2,1,7650,A
6-NA,687,7661,0,2,0,7663,A
6-NA,688,1,7632,0,2,7635,T
6-NA,689,3,3,7656,1,7663,G
6-NA,690,2,3,0,7640,7645,C
6-NA,691,2,2,7697,0,7701,G
6-NA,692,0,7675,1,2,7678,T
6-NA,693,2,7676,0,4,7682,T
6-NA,694,1,7645,1,2,7649,T
6-NA,695,1,1,7706,0,7708,G
6-NA,696,1,7724,1,6,7732,T
6-NA,697,7729,1,6,1,7737,A
6-NA,698,0,7701,3,6,7710,T
6-NA,699,17,1,0,7714,7732,C
6-NA,700,7732,0,4,0,7736,A
6-NA,701,7733,2,2,0,7737,A
6-NA,702,1,7733,0,5,7739,T
6-NA,703,7,7,7724,1,7739,G
6-NA,704,3,24,7723,0,7750,G
6-NA,705,7885,1,3,0,7889,A
6-NA,706,7889,1,8,0,7898,A
6-NA,707,1,1,0,7973,7975,C
6-NA,708,1,7985,2,8,7996,T
6-NA,709,2,7982,1,1,7986,T
6-NA,710,0,0,8244,0,8244,G
6-NA,711,1,8234,0,1,8236,T
6-NA,712,8225,0,11,0,8236,A
6-NA,713,1,3,0,8355,8359,C
6-NA,714,8174,1,4,0,8179,A
6-NA,715,1,1,8715,0,8717,G
6-NA,716,0,8663,0,0,8663,T
6-NA,717,8999,1,5,0,9005,A
6-NA,718,2,5,9033,0,9040,G
6-NA,719,1,8883,0,1,8885,T
6-NA,720,8873,2,3,0,8878,A
6-NA,721,8882,0,2,0,8884,A
6-NA,722,1,8831,0,2,8834,T
6-NA,723,1,51,8819,3,8874,G
6-NA,724,8704,1,8,0,8713,A
6-NA,725,1,0,1,8784,8786,C
6-NA,726,0,8534,0,6,8540,T
6-NA,727,1,5,8565,1,8572,G
6-NA,728,8566,0,5,1,8572,A
6-NA,729,3,8596,0,12,8611,T
6-NA,730,2,15,8599,2,8618,G
6-NA,731,1,15,8538,0,8554,G
6-NA,732,3,22,8539,1,8565,G
6-NA,733,8439,1,4,0,8444,A
6-NA,734,2,3,8441,1,8447,G
6-NA,735,0,8375,0,7,8382,T
6-NA,736,5,5,8397,1,8408,G
6-NA,737,3,1,0,8410,8414,C
6-NA,738,2,8367,1,2,8372,T
6-NA,739,2,8363,0,3,8368,T
6-NA,740,11,0,0,8340,8351,C
6-NA,741,25,13,8288,1,8327,G
6-NA,742,1,8,8393,0,8402,G
6-NA,743,2,13,8402,1,8418,G
6-NA,744,8407,1,7,0,8415,A
6-NA,745,8367,1,1,0,8369,A
6-NA,746,8322,2,6,0,8330,A
6-NA,747,8375,0,17,1,8393,A
6-NA,748,1,3,8431,0,8435,G
6-NA,749,1,3,1,8436,8441,C
6-NA,750,1,8390,0,6,8397,T
6-NA,751,25,16,8363,0,8404,G
6-NA,752,8387,1,11,0,8399,A
6-NA,753,2,8469,0,14,8485,T
6-NA,754,8495,1,6,0,8502,A
6-NA,755,3,0,0,8881,8884,C
6-NA,756,1,8801,0,4,8806,T
6-NA,757,8823,0,1,0,8824,A
6-NA,758,8830,1,3,0,8834,A
6-NA,759,8820,0,4,0,8824,A
6-NA,760,8977,1,3,0,8981,A
6-NA,761,0,8981,1,0,8982,T
6-NA,762,8965,1,5,0,8971,A
6-NA,763,2,2,0,8999,9003,C
6-NA,764,2,8669,0,0,8671,T
6-NA,765,8771,0,3,0,8774,A
6-NA,766,0,8728,0,8,8736,T
6-NA,767,2,9362,1,3,9368,T
6-NA,768,18,3,0,9437,9458,C
6-NA,769,9349,0,1,0,9350,A
6-NA,770,0,9342,0,1,9343,T
6-NA,771,1,9330,0,2,9333,T
6-NA,772,9201,0,4,0,9205,A
6-NA,773,9232,0,3,0,9235,A
6-NA,774,0,10,9274,0,9284,G
6-NA,775,0,6,9288,1,9295,G
6-NA,776,8708,0,9,1,8718,A
6-NA,777,3,11,8780,1,8795,G
6-NA,778,3,18,8780,0,8801,G
6-NA,779,7,16,8777,1,8801,G
6-NA,780,3,20,8794,0,8817,G
6-NA,781,8765,4,5,1,8775,A
6-NA,782,8797,0,8,0,8805,A
6-NA,783,8789,0,5,1,8795,A
6-NA,784,8795,1,4,1,8801,A
6-NA,785,2,8805,0,1,8808,T
6-NA,786,25,3,0,8745,8773,C
6-NA,787,4,1,8854,0,8859,G
6-NA,788,1,8834,0,3,8838,T
6-NA,789,0,8832,0,8,8840,T
6-NA,790,35,4,0,8816,8855,C
6-NA,791,8859,0,1,0,8860,A
6-NA,792,1,9454,0,4,9459,T
6-NA,793,9445,0,2,0,9447,A
6-NA,794,2,2,0,9492,9496,C
6-NA,795,1,9461,1,6,9469,T
6-NA,796,9462,0,4,0,9466,A
6-NA,797,2,5,9456,0,9463,G
6-NA,798,4,6,1,9455,9466,C
6-NA,799,9467,0,3,0,9470,A
6-NA,800,2,1,0,9473,9476,C
6-NA,801,9068,1,1,0,9070,A
6-NA,802,0,9264,2,1,9267,T
6-NA,803,0,9213,1,0,9214,T
6-NA,804,9,1,9840,0,9850,G
6-NA,805,5,9808,1,6,9820,T
6-NA,806,30,8,1,9773,9812,C
6-NA,807,9782,3,11,0,9796,A
6-NA,808,23,7,9791,0,9821,G
6-NA,809,3,14,9804,0,9821,G
6-NA,810,9809,2,3,0,9814,A
6-NA,811,9624,1,3,0,9628,A
6-NA,812,2,4,9741,0,9747,G
6-NA,813,0,9259,0,2,9261,T
6-NA,814,0,3,9309,0,9312,G
6-NA,815,2,2,0,9315,9319,C
6-NA,816,3,9291,2,8,9304,T
6-NA,817,20,3,1,9315,9339,C
6-NA,818,9279,1,7,0,9287,A
6-NA,819,4,1,9369,0,9374,G
6-NA,820,8,3,2,9355,9368,C
6-NA,821,9312,1,7,0,9320,A
6-NA,822,0,9333,1,0,9334,T
6-NA,823,4,1,9620,0,9625,G
6-NA,824,1,9632,0,2,9635,T
6-NA,825,33,3,0,9596,9632,C
6-NA,826,10,9,9596,0,9615,G
6-NA,827,9586,3,3,1,9593,A
6-NA,828,3,12,9533,0,9548,G
6-NA,829,1,21,9531,1,9554,G
6-NA,830,9463,6,8,1,9478,A
6-NA,831,2,3,9622,0,9627,G
6-NA,832,0,9322,1,3,9326,T
6-NA,833,3,1,9341,0,9345,G
6-NA,834,3,2,0,9507,9512,C
6-NA,835,2,9483,0,7,9492,T
6-NA,836,23,1,1,9532,9557,C
6-NA,837,8,1,1,9583,9593,C
6-NA,838,2,9582,0,3,9587,T
6-NA,839,2,3,9617,0,9622,G
6-NA,840,0,1,0,9535,9536,C
6-NA,841,0,9461,0,5,9466,T
6-NA,842,9548,2,0,0,9550,A
6-NA,843,1,9372,0,5,9378,T
6-NA,844,12,2,0,9432,9446,C
6-NA,845,7,2,0,9397,9406,C
6-NA,846,0,9386,1,12,9399,T
6-NA,847,13,6,1,9430,9450,C
6-NA,848,4,13,9419,1,9437,G
6-NA,849,9557,2,1,0,9560,A
6-NA,850,2,9560,0,4,9566,T
6-NA,851,9573,0,2,0,9575,A
6-NA,852,0,9565,1,2,9568,T
6-NA,853,11,3,3,9529,9546,C
6-NA,854,13,6,0,9511,9530,C
6-NA,855,1,9452,0,18,9471,T
6-NA,856,4,9,9509,0,9522,G
6-NA,857,1,1,9550,1,9553,G
6-NA,858,1,9634,1,3,9639,T
6-NA,859,13,1,9648,1,9663,G
6-NA,860,1,9590,0,10,9601,T
6-NA,861,36,1,1,9549,9587,C
6-NA,862,9585,2,8,0,9595,A
6-NA,863,2,6,9596,0,9604,G
6-NA,864,9590,3,4,0,9597,A
6-NA,865,0,9510,0,2,9512,T
6-NA,866,2,6,9516,0,9524,G
6-NA,867,3,9389,0,6,9398,T
6-NA,868,0,1,9428,1,9430,G
6-NA,869,3,9406,0,8,9417,T
6-NA,870,25,0,1,9410,9436,C
6-NA,871,4,9408,0,6,9418,T
6-NA,872,3,4,9433,0,9440,G
6-NA,873,3,5,0,9427,9435,C
6-NA,874,9415,1,5,0,9421,A
6-NA,875,1,16,9425,0,9442,G
6-NA,876,9231,3,5,0,9239,A
6-NA,877,2,16,9230,2,9250,G
6-NA,878,9242,1,3,1,9247,A
6-NA,879,7,2,8,9289,9306,C
6-NA,880,9277,0,12,1,9290,A
6-NA,881,9332,3,8,1,9344,A
6-NA,882,2,2,0,9418,9422,C
6-NA,883,1,9388,1,6,9396,T
6-NA,884,12,14,9377,1,9404,G
6-NA,885,1,7,9379,0,9387,G
6-NA,886,9326,0,20,0,9346,A
6-NA,887,9332,3,1,2,9338,A
6-NA,888,9151,1,9,1,9162,A
6-NA,889,1,11,9264,0,9276,G
6-NA,890,2,2,9237,0,9241,G
6-NA,891,5,6,1,9214,9226,C
6-NA,892,1,9194,0,6,9201,T
6-NA,893,15,2,1,9380,9398,C
6-NA,894,11,2,1,9472,9486,C
6-NA,895,9518,4,1,1,9524,A
6-NA,896,9514,3,2,0,9519,A
6-NA,897,0,9527,0,1,9528,T
6-NA,898,9223,0,4,0,9227,A
6-NA,899,1,12,9199,0,9212,G
6-NA,900,4,7,9235,0,9246,G
6-NA,901,8,7,0,9230,9245,C
6-NA,902,12,4,2,9081,9099,C
6-NA,903,14,8,0,8989,9011,C
6-NA,904,9097,1,0,0,9098,A
6-NA,905,0,9177,0,13,9190,T
6-NA,906,17,17,0,9159,9193,C
6-NA,907,13,2,9197,1,9213,G
6-NA,908,1,9188,0,2,9191,T
6-NA,909,9048,1,7,0,9056,A
6-NA,910,0,11,9225,1,9237,G
6-NA,911,9253,2,9,0,9264,A
6-NA,912,2,9279,0,32,9313,T
6-NA,913,9131,2,13,1,9147,A
6-NA,914,0,9071,0,2,9073,T
6-NA,915,9066,0,1,0,9067,A
6-NA,916,9046,2,1,0,9049,A
6-NA,917,9235,1,4,1,9241,A
6-NA,918,2,9,0,9398,9409,C
6-NA,919,9169,3,4,0,9176,A
6-NA,920,0,9161,1,0,9162,T
6-NA,921,9096,0,0,0,9096,A
6-NA,922,9081,0,5,0,9086,A
6-NA,923,9101,0,4,1,9106,A
6-NA,924,3,16,9178,0,9197,G
6-NA,925,3,19,9249,0,9271,G
6-NA,926,9009,1,6,1,9017,A
6-NA,927,3,8980,1,3,8987,T
6-NA,928,31,10,1,8965,9007,C
6-NA,929,9047,1,4,0,9052,A
6-NA,930,1,9064,1,6,9072,T
6-NA,931,9052,2,5,0,9059,A
6-NA,932,2,2,9110,0,9114,G
6-NA,933,3,3,0,8984,8990,C
6-NA,934,8830,2,4,0,8836,A
6-NA,935,1,8593,0,2,8596,T
6-NA,936,2,8613,0,2,8617,T
6-NA,937,12,1,8837,1,8851,G
6-NA,938,0,8857,1,4,8862,T
6-NA,939,0,8962,0,5,8967,T
6-NA,940,1,8947,0,4,8952,T
6-NA,941,18,2,0,8927,8947,C
6-NA,942,12,3,1,8964,8980,C
6-NA,943,9080,1,5,0,9086,A
6-NA,944,3,2,9205,0,9210,G
6-NA,945,1,9183,1,4,9189,T
6-NA,946,0,8960,0,3,8963,T
6-NA,947,8950,1,3,1,8955,A
6-NA,948,1,8835,0,3,8839,T
6-NA,949,4,3,8839,1,8847,G
6-NA,950,4,8772,0,11,8787,T
6-NA,951,0,3,8827,1,8831,G
6-NA,952,0,8613,1,7,8621,T
6-NA,953,4,2,8811,0,8817,G
6-NA,954,0,8813,0,7,8820,T
6-NA,955,1,8781,0,6,8788,T
6-NA,956,22,0,0,8764,8786,C
6-NA,957,8704,1,14,1,8720,A
6-NA,958,2,15,8766,0,8783,G
6-NA,959,1,21,8760,0,8782,G
6-NA,960,8723,1,4,0,8728,A
6-NA,961,9,9,0,8727,8745,C
6-NA,962,1,8516,0,9,8526,T
6-NA,963,1,8521,0,3,8525,T
6-NA,964,2,1,8820,0,8823,G
6-NA,965,2,8809,1,11,8823,T
6-NA,966,3,8803,0,5,8811,T
6-NA,967,5,5,8756,1,8767,G
6-NA,968,2,13,8751,0,8766,G
6-NA,969,8726,1,16,1,8744,A
6-NA,970,0,25,8737,2,8764,G
6-NA,971,8731,4,14,3,8752,A
6-NA,972,2,4,1,8706,8713,C
6-NA,973,8435,1,3,0,8439,A
6-NA,974,3,1,0,8451,8455,C
6-NA,975,8446,2,10,25,8483,A
6-NA,976,4,1,0,8457,8462,C
6-NA,977,17,0,0,8423,8440,C
6-NA,978,16,3,0,8440,8459,C
6-NA,979,8439,1,8,0,8448,A
6-NA,980,1,11,8466,0,8478,G
6-NA,981,8457,1,1,1,8460,A
6-NA,982,8512,2,1,0,8515,A
6-NA,983,8460,0,6,1,8467,A
6-NA,984,8449,0,2,0,8451,A
6-NA,985,8423,1,7,1,8432,A
6-NA,986,8432,0,6,3,8441,A
6-NA,987,5,4,1,8435,8445,C
6-NA,988,3,38,8395,0,8436,G
6-NA,989,8408,3,6,0,8417,A
6-NA,990,1,3,1,8412,8417,C
6-NA,991,8378,0,7,1,8386,A
6-NA,992,3,1,8464,0,8468,G
6-NA,993,3,4,0,8737,8744,C
6-NA,994,1,8700,0,12,8713,T
6-NA,995,11,2,0,8736,8749,C
6-NA,996,16,2,0,8756,8774,C
6-NA,997,8757,4,21,0,8782,A
6-NA,998,0,1,8845,0,8846,G
6-NA,999,1,4,0,8857,8862,C
6-NA,1000,8831,1,2,0,8834,A
6-NA,1001,1,2,8817,0,8820,G
6-NA,1002,1,8491,0,0,8492,T
6-NA,1003,8499,2,3,0,8504,A
6-NA,1004,1,3,8509,0,8513,G
6-NA,1005,3,2,0,8535,8540,C
6-NA,1006,16,4,0,8535,8555,C
6-NA,1007,8425,1,1,0,8427,A
6-NA,1008,0,8420,0,2,8422,T
6-NA,1009,0,8423,0,9,8432,T
6-NA,1010,4,5,8592,0,8601,G
6-NA,1011,5,8541,1,10,8557,T
6-NA,1012,1,8527,3,8,8539,T
6-NA,1013,3,8511,0,4,8518,T
6-NA,1014,2,20,8434,1,8457,G
6-NA,1015,2,9,8537,0,8548,G
6-NA,1016,8530,0,2,0,8532,A
6-NA,1017,1,8572,0,1,8574,T
6-NA,1018,12,0,0,8555,8567,C
6-NA,1019,12,1,0,8421,8434,C
6-NA,1020,2,8443,0,5,8450,T
6-NA,1021,8438,0,18,0,8456,A
6-NA,1022,8447,4,20,3,8474,A
6-NA,1023,4,2,0,8589,8595,C
6-NA,1024,8397,1,1,0,8399,A
6-NA,1025,8484,2,7,0,8493,A
6-NA,1026,0,8482,1,4,8487,T
6-NA,1027,3,13,8552,0,8568,G
6-NA,1028,8552,1,5,0,8558,A
6-NA,1029,8497,1,7,0,8505,A
6-NA,1030,1,6,8551,0,8558,G
6-NA,1031,8491,3,5,1,8500,A
6-NA,1032,8303,3,8,2,8316,A
6-NA,1033,3,16,8327,0,8346,G
6-NA,1034,4,3,8360,1,8368,G
6-NA,1035,1,8252,0,8,8261,T
6-NA,1036,2,23,8210,0,8235,G
6-NA,1037,5,0,8434,1,8440,G
6-NA,1038,1,8358,2,49,8410,T
6-NA,1039,46,3,2,8316,8367,C
6-NA,1040,8377,2,2,0,8381,A
6-NA,1041,0,8353,1,7,8361,T
6-NA,1042,1,18,8337,1,8357,G
6-NA,1043,1,15,8402,0,8418,G
6-NA,1044,8365,1,10,0,8376,A
6-NA,1045,1,4,8611,0,8616,G
6-NA,1046,0,8274,1,3,8278,T
6-NA,1047,1,18,8276,1,8296,G
6-NA,1048,8275,1,6,0,8282,A
6-NA,1049,8248,0,25,0,8273,A
6-NA,1050,8269,1,18,0,8288,A
6-NA,1051,2,11,8314,0,8327,G
6-NA,1052,3,1,8222,0,8226,G
6-NA,1053,1,2,1,8193,8197,C
6-NA,1054,0,7939,0,8,7947,T
6-NA,1055,3,11,7952,1,7967,G
6-NA,1056,0,7,7968,0,7975,G
6-NA,1057,1,2,8035,0,8038,G
6-NA,1058,6,1,0,8041,8048,C
6-NA,1059,13,6,0,8024,8043,C
6-NA,1060,1,7905,2,39,7947,T
6-NA,1061,0,7969,2,4,7975,T
6-NA,1062,1,7959,1,1,7962,T
6-NA,1063,0,15,7978,0,7993,G
6-NA,1064,7977,1,8,0,7986,A
6-NA,1065,1,7865,0,2,7868,T
6-NA,1066,0,9,7731,1,7741,G
6-NA,1067,7655,0,7,0,7662,A
6-NA,1068,1,7657,1,2,7661,T
6-NA,1069,5,8,7659,1,7673,G
6-NA,1070,3,6,7740,1,7750,G
6-NA,1071,7731,2,2,0,7735,A
6-NA,1072,7723,0,3,0,7726,A
6-NA,1073,7735,0,1,0,7736,A
6-NA,1074,1,7721,0,0,7722,T
6-NA,1075,1,18,7744,0,7763,G
6-NA,1076,7786,3,6,0,7795,A
6-NA,1077,0,3,1,7826,7830,C
6-NA,1078,4,2,7806,1,7813,G
6-NA,1079,1,7697,0,4,7702,T
6-NA,1080,7661,0,2,0,7663,A
6-NA,1081,2,7736,0,1,7739,T
6-NA,1082,1,11,7744,0,7756,G
6-NA,1083,1,9,7839,0,7849,G
6-NA,1084,7756,3,7,0,7766,A
6-NA,1085,1,7634,1,4,7640,T
6-NA,1086,6,11,7574,0,7591,G
6-NA,1087,3,12,7533,0,7548,G
6-NA,1088,3,6,7598,0,7607,G
6-NA,1089,7581,2,4,0,7587,A
6-NA,1090,7546,1,9,1,7557,A
6-NA,1091,9,29,7520,0,7558,G
6-NA,1092,7427,1,8,0,7436,A
6-NA,1093,7431,1,7,0,7439,A
6-NA,1094,2,3,0,7401,7406,C
6-NA,1095,2,22,7353,1,7378,G
6-NA,1096,7361,0,2,0,7363,A
6-NA,1097,3,7249,0,1,7253,T
6-NA,1098,10,5,0,7259,7274,C
6-NA,1099,7265,1,6,0,7272,A
6-NA,1100,0,1,7283,0,7284,G
6-NA,1101,2,3,0,7270,7275,C
6-NA,1102,4,17,7259,0,7280,G
6-NA,1103,7264,3,2,1,7270,A
6-NA,1104,0,5,7259,0,7264,G
6-NA,1105,7267,1,6,1,7275,A
6-NA,1106,7278,1,4,2,7285,A
6-NA,1107,0,2,7335,0,7337,G
6-NA,1108,1,7283,0,12,7296,T
6-NA,1109,33,1,0,7206,7240,C
6-NA,1110,7224,3,2,1,7230,A
6-NA,1111,0,3,0,7428,7431,C
6-NA,1112,3,1,7437,0,7441,G
6-NA,1113,4,3,0,7430,7437,C
6-NA,1114,0,7384,1,7,7392,T
6-NA,1115,1,7416,1,1,7419,T
6-NA,1116,7302,0,26,1,7329,A
6-NA,1117,2,19,7453,0,7474,G
6-NA,1118,0,19,7442,0,7461,G
6-NA,1119,3,2,7597,1,7603,G
6-NA,1120,1,7146,1,6,7154,T
6-NA,1121,7127,1,15,0,7143,A
6-NA,1122,1,7120,0,0,7121,T
6-NA,1123,0,13,7113,0,7126,G
6-NA,1124,7107,0,3,2,7112,A
6-NA,1125,7106,0,3,0,7109,A
6-NA,1126,6780,2,22,2,6806,A
6-NA,1127,4,0,0,6807,6811,C
6-NA,1128,6,0,1,6656,6663,C
6-NA,1129,2,6516,0,3,6521,T
6-NA,1130,1,6503,1,7,6512,T
6-NA,1131,4,1,1,6515,6521,C
6-NA,1132,6518,0,3,0,6521,A
6-NA,1133,6519,1,1,0,6521,A
6-NA,1134,6506,1,2,1,6510,A
6-NA,1135,2,0,6563,0,6565,G
6-NA,1136,5,6444,0,2,6451,T
6-NA,1137,34,1,0,6464,6499,C
6-NA,1138,6605,2,1,1,6609,A
6-NA,1139,2,6608,0,3,6613,T
6-NA,1140,1,6611,1,5,6618,T
6-NA,1141,0,11,6602,0,6613,G
6-NA,1142,6592,1,3,1,6597,A
6-NA,1143,6615,1,4,0,6620,A
6-NA,1144,2,13,6538,0,6553,G
6-NA,1145,0,0,6532,0,6532,G
6-NA,1146,1,0,0,6517,6518,C
6-NA,1147,1,6274,1,5,6281,T
6-NA,1148,6,7,6288,0,6301,G
6-NA,1149,3,1,6465,0,6469,G
6-NA,1150,0,6457,1,6,6464,T
6-NA,1151,18,0,0,6427,6445,C
6-NA,1152,15,1,0,6403,6419,C
6-NA,1153,6368,1,5,0,6374,A
6-NA,1154,6376,1,5,1,6383,A
6-NA,1155,2,2,0,6382,6386,C
6-NA,1156,14,2,0,6331,6347,C
6-NA,1157,16,0,0,6307,6323,C
6-NA,1158,11,0,0,6025,6036,C
6-NA,1159,6068,0,1,0,6069,A
6-NA,1160,6069,3,1,2,6075,A
6-NA,1161,1,0,6111,0,6112,G
6-NA,1162,0,6082,0,14,6096,T
6-NA,1163,12,0,0,6092,6104,C
6-NA,1164,15,3,1,6031,6050,C
6-NA,1165,6035,0,2,0,6037,A
6-NA,1166,6026,0,1,0,6027,A
6-NA,1167,6052,0,0,0,6052,A
6-NA,1168,0,6049,0,3,6052,T
6-NA,1169,2,6019,0,1,6022,T
6-NA,1170,2,1,5996,0,5999,G
6-NA,1171,2,1,1,5967,5971,C
6-NA,1172,5961,1,4,0,5966,A
6-NA,1173,1,12,5943,0,5956,G
6-NA,1174,5946,1,6,0,5953,A
6-NA,1175,0,1,0,5906,5907,C
6-NA,1176,6085,0,2,0,6087,A
6-NA,1177,6100,0,0,0,6100,A
6-NA,1178,6102,1,4,0,6107,A
6-NA,1179,1,6067,0,15,6083,T
6-NA,1180,6072,0,4,0,6076,A
6-NA,1181,47,8,6022,0,6077,G
6-NA,1182,4,6,6052,1,6063,G
6-NA,1183,4,2,0,6035,6041,C
6-NA,1184,5695,0,0,0,5695,A
6-NA,1185,5749,0,5,0,5754,A
6-NA,1186,2,0,5777,0,5779,G
6-NA,1187,1,5743,0,8,5752,T
6-NA,1188,27,1,0,5717,5745,C
6-NA,1189,5754,2,4,0,5760,A
6-NA,1190,0,5752,0,3,5755,T
6-NA,1191,5752,3,3,0,5758,A
6-NA,1192,2,0,5771,0,5773,G
6-NA,1193,2,5762,0,2,5766,T
6-NA,1194,1,5565,0,2,5568,T
6-NA,1195,0,15,5479,0,5494,G
6-NA,1196,5450,1,18,0,5469,A
6-NA,1197,0,0,0,5465,5465,C
6-NA,1198,5385,0,5,0,5390,A
6-NA,1199,0,6,5431,0,5437,G
6-NA,1200,5321,0,11,1,5333,A
6-NA,1201,2,3,5329,0,5334,G
6-NA,1202,5259,0,5,0,5264,A
6-NA,1203,0,5522,0,1,5523,T
6-NA,1204,5528,0,1,0,5529,A
6-NA,1205,5506,1,5,0,5512,A
6-NA,1206,0,5526,1,0,5527,T
6-NA,1207,5470,0,3,1,5474,A
6-NA,1208,0,5,5346,0,5351,G
6-NA,1209,1,2,5180,0,5183,G
6-NA,1210,1,4780,0,2,4783,T
6-NA,1211,18,3,0,4756,4777,C
6-NA,1212,7,0,0,4673,4680,C
6-NA,1213,6,4,4664,0,4674,G
6-NA,1214,1,0,4682,0,4683,G
6-NA,1215,1,4667,1,2,4671,T
6-NA,1216,0,4668,0,0,4668,T
6-NA,1217,4622,1,2,0,4625,A
6-NA,1218,1,4537,0,0,4538,T
6-NA,1219,0,4533,0,4,4537,T
6-NA,1220,12,0,0,4535,4547,C
6-NA,1221,2,4320,0,3,4325,T
6-NA,1222,2,7,4339,0,4348,G
6-NA,1223,0,2,4347,0,4349,G
6-NA,1224,2,4330,0,0,4332,T
6-NA,1225,4337,0,1,0,4338,A
6-NA,1226,1,4266,1,2,4270,T
6-NA,1227,0,4265,3,4,4272,T
6-NA,1228,0,4260,0,2,4262,T
6-NA,1229,1,4277,0,3,4281,T
6-NA,1230,10,0,0,4280,4290,C
6-NA,1231,0,4222,0,4,4226,T
6-NA,1232,9,0,0,4241,4250,C
6-NA,1233,0,4229,1,2,4232,T
6-NA,1234,1,1,4297,0,4299,G
6-NA,1235,0,4294,0,6,4300,T
6-NA,1236,2,4259,0,2,4263,T
6-NA,1237,0,6,4257,1,4264,G
6-NA,1238,4215,1,0,0,4216,A
6-NA,1239,4214,0,6,0,4220,A
6-NA,1240,0,7,4231,0,4238,G
6-NA,1241,1,0,4215,1,4217,G
6-NA,1242,2,2,1,4212,4217,C
6-NA,1243,4148,1,1,1,4151,A
6-NA,1244,4148,0,4,0,4152,A
6-NA,1245,4173,0,1,0,4174,A
6-NA,1246,4167,0,8,0,4175,A
6-NA,1247,0,0,4177,0,4177,G
6-NA,1248,1,3,1,4161,4166,C
6-NA,1249,0,4100,0,4,4104,T
6-NA,1250,1,3,4136,0,4140,G
6-NA,1251,0,2,0,4132,4134,C
6-NA,1252,4148,0,1,0,4149,A
6-NA,1253,3,4133,0,6,4142,T
6-NA,1254,13,2,0,4094,4109,C
6-NA,1255,4096,0,2,0,4098,A
6-NA,1256,4094,0,13,1,4108,A
6-NA,1257,0,4099,0,2,4101,T
6-NA,1258,6,1,0,4087,4094,C
6-NA,1259,0,4,4026,0,4030,G
6-NA,1260,1,0,4085,0,4086,G
6-NA,1261,0,4082,0,3,4085,T
6-NA,1262,3,2,4094,0,4099,G
6-NA,1263,2,1,0,4106,4109,C
6-NA,1264,0,4081,0,10,4091,T
6-NA,1265,0,4122,0,1,4123,T
6-NA,1266,0,4122,0,0,4122,T
6-NA,1267,0,4141,0,0,4141,T
6-NA,1268,4155,0,3,1,4159,A
6-NA,1269,0,3991,0,2,3993,T
6-NA,1270,2,1,3997,0,4000,G
6-NA,1271,1,3956,0,3,3960,T
6-NA,1272,3,3,3906,0,3912,G
6-NA,1273,0,13,3949,0,3962,G
6-NA,1274,3880,0,1,0,3881,A
6-NA,1275,0,7,3913,0,3920,G
6-NA,1276,0,3895,0,2,3897,T
6-NA,1277,0,3856,1,5,3862,T
6-NA,1278,1,8,3877,0,3886,G
6-NA,1279,3888,3,3,0,3894,A
6-NA,1280,0,3885,0,2,3887,T
6-NA,1281,3872,0,3,1,3876,A
6-NA,1282,3735,0,4,1,3740,A
6-NA,1283,3,8,3748,1,3760,G
6-NA,1284,0,6,3688,0,3694,G
6-NA,1285,1,8,3657,0,3666,G
6-NA,1286,1,6,3643,0,3650,G
6-NA,1287,3583,0,2,0,3585,A
6-NA,1288,3577,0,6,0,3583,A
6-NA,1289,1,7,3597,0,3605,G
6-NA,1290,3600,2,2,0,3604,A
6-NA,1291,3595,1,1,0,3597,A
6-NA,1292,3558,0,0,0,3558,A
6-NA,1293,3498,0,4,0,3502,A
6-NA,1294,1,3,3505,0,3509,G
6-NA,1295,3456,1,3,1,3461,A
6-NA,1296,1,3,3459,0,3463,G
6-NA,1297,4,4,3449,0,3457,G
6-NA,1298,3422,1,6,0,3429,A
6-NA,1299,3433,1,3,0,3437,A
6-NA,1300,3432,0,4,0,3436,A
6-NA,1301,1,0,0,3447,3448,C
6-NA,1302,1,3436,0,1,3438,T
6-NA,1303,0,8,3429,1,3438,G
6-NA,1304,3426,0,2,1,3429,A
6-NA,1305,3417,0,2,0,3419,A
6-NA,1306,0,0,3446,0,3446,G
6-NA,1307,0,3408,1,4,3413,T
6-NA,1308,11,1,1,3421,3434,C
6-NA,1309,0,3405,0,15,3420,T
6-NA,1310,0,3413,0,3,3416,T
6-NA,1311,0,0,3419,0,3419,G
6-NA,1312,2,3396,0,6,3404,T
6-NA,1313,0,5,3393,0,3398,G
6-NA,1314,4,5,3386,0,3395,G
6-NA,1315,3330,0,5,0,3335,A
6-NA,1316,0,0,0,3328,3328,C
6-NA,1317,3192,1,0,1,3194,A
6-NA,1318,0,3177,0,8,3185,T
6-NA,1319,4,2,1,3183,3190,C
6-NA,1320,4,8,3181,0,3193,G
6-NA,1321,3243,0,0,0,3243,A
6-NA,1322,3239,0,4,0,3243,A
6-NA,1323,0,2,0,3247,3249,C
6-NA,1324,3191,0,2,0,3193,A
6-NA,1325,1,3,3300,0,3304,G
6-NA,1326,0,3283,0,2,3285,T
6-NA,1327,3283,0,3,0,3286,A
6-NA,1328,0,3298,0,0,3298,T
6-NA,1329,2,3172,1,2,3177,T
6-NA,1330,1,0,3197,0,3198,G
6-NA,1331,0,3182,0,4,3186,T
6-NA,1332,0,3097,0,5,3102,T
6-NA,1333,1,0,3105,0,3106,G
6-NA,1334,0,2750,0,1,2751,T
6-NA,1335,1,0,2749,0,2750,G
6-NA,1336,0,2731,0,4,2735,T
6-NA,1337,0,2710,0,2,2712,T
6-NA,1338,0,2720,0,1,2721,T
6-NA,1339,0,2639,0,1,2640,T
6-NA,1340,1,0,2641,0,2642,G
6-NA,1341,0,2634,6,1,2641,T
6-NA,1342,3,2,2623,0,2628,G
6-NA,1343,1,1,2624,0,2626,G
6-NA,1344,1,1,1,2598,2601,C
6-NA,1345,2579,2,4,0,2585,A
6-NA,1346,2,0,0,2603,2605,C
6-NA,1347,9,0,0,2580,2589,C
6-NA,1348,0,2585,0,1,2586,T
6-NA,1349,6,0,1,2593,2600,C
6-NA,1350,2584,0,8,0,2592,A
6-NA,1351,2,3,2611,0,2616,G
6-NA,1352,0,1,2619,0,2620,G
6-NA,1353,2,2605,0,0,2607,T
6-NA,1354,2586,0,4,0,2590,A
6-NA,1355,2,1,0,2472,2475,C
6-NA,1356,2433,0,3,0,2436,A
6-NA,1357,0,2433,1,0,2434,T
6-NA,1358,2372,0,0,0,2372,A
6-NA,1359,1,2361,0,2,2364,T
6-NA,1360,0,1,2197,0,2198,G
6-NA,1361,1,11,2189,0,2201,G
6-NA,1362,2166,1,2,0,2169,A
6-NA,1363,2153,0,1,0,2154,A
6-NA,1364,0,1,0,2129,2130,C
6-NA,1365,1751,0,0,0,1751,A
6-NA,1366,0,1,1757,0,1758,G
6-NA,1367,1,0,1749,0,1750,G
6-NA,1368,1,0,0,1747,1748,C
6-NA,1369,1,1732,0,1,1734,T
6-NA,1370,4,1,0,1630,1635,C
6-NA,1371,1623,0,2,0,1625,A
6-NA,1372,0,1622,0,3,1625,T
6-NA,1373,1,3,1618,0,1622,G
6-NA,1374,0,0,1620,0,1620,G
6-NA,1375,0,0,0,1572,1572,C
6-NA,1376,1,0,0,1555,1556,C
6-NA,1377,0,1433,0,1,1434,T
6-NA,1378,0,2,1430,0,1432,G
6-NA,1379,1432,0,1,0,1433,A
6-NA,1380,0,1430,0,2,1432,T
6-NA,1381,0,1,1399,0,1400,G
6-NA,1382,0,3,1361,0,1364,G
6-NA,1383,2,1,1265,0,1268,G
6-NA,1384,0,0,1273,0,1273,G
6-NA,1385,0,1,0,1249,1250,C
6-NA,1386,3,0,1245,0,1248,G
6-NA,1387,0,2,1224,0,1226,G
6-NA,1388,1209,0,2,0,1211,A
6-NA,1389,1,0,0,1207,1208,C
6-NA,1390,1202,0,1,0,1203,A
6-NA,1391,0,1181,0,1,1182,T
6-NA,1392,1,0,0,1157,1158,C
6-NA,1393,1141,0,1,0,1142,A
6-NA,1394,1136,0,0,1,1137,A
6-NA,1395,0,1139,0,2,1141,T
6-NA,1396,2,0,0,1108,1110,C
6-NA,1397,0,1084,0,0,1084,T
6-NA,1398,3,0,0,902,905,C
6-NA,1399,902,0,0,0,902,A
6-NA,1400,0,895,0,2,897,T
6-NA,1401,0,1,896,0,897,G
6-NA,1402,1,0,0,894,895,C
6-NA,1403,7,0,0,846,853,C
6-NA,1404,0,771,0,0,771,T
6-NA,1405,765,0,0,0,765,A
6-NA,1406,0,765,0,0,765,T
6-NA,1407,759,0,0,0,759,A
6-NA,1408,0,754,0,0,754,T
6-NA,1409,686,0,0,0,686,A
6-NA,1410,661,0,0,0,661,A
7-M,1,103,0,0,0,103,A
7-M,2,0,104,0,0,104,T
7-M,3,0,0,103,0,103,G
7-M,4,103,0,1,0,104,A
7-M,5,0,0,118,0,118,G
7-M,6,0,0,0,128,128,C
7-M,7,0,0,0,133,133,C
7-M,8,0,173,0,0,173,T
7-M,9,0,174,0,0,174,T
7-M,10,0,0,0,177,177,C
7-M,11,0,178,0,0,178,T
7-M,12,183,0,0,0,183,A
7-M,13,183,0,1,0,184,A
7-M,14,0,0,0,184,184,C
7-M,15,1,0,0,183,184,C
7-M,16,0,3,181,0,184,G
7-M,17,185,0,1,0,186,A
7-M,18,0,0,191,0,191,G
7-M,19,0,0,204,0,204,G
7-M,20,0,204,0,0,204,T
7-M,21,0,1,0,204,205,C
7-M,22,0,1,203,0,204,G
7-M,23,206,1,0,0,207,A
7-M,24,208,0,1,0,209,A
7-M,25,214,0,0,0,214,A
7-M,26,0,0,0,236,236,C
7-M,27,0,0,235,0,235,G
7-M,28,0,237,0,0,237,T
7-M,29,238,0,0,0,238,A
7-M,30,0,240,0,0,240,T
7-M,31,0,0,244,0,244,G
7-M,32,0,244,0,0,244,T
7-M,33,0,284,0,0,284,T
7-M,34,0,0,0,298,298,C
7-M,35,0,295,0,1,296,T
7-M,36,2,0,0,323,325,C
7-M,37,0,326,0,0,326,T
7-M,38,0,0,0,344,344,C
7-M,39,1,343,0,0,344,T
7-M,40,348,0,0,0,348,A
7-M,41,0,348,0,0,348,T
7-M,42,1,0,0,348,349,C
7-M,43,0,0,353,0,353,G
7-M,44,1,354,0,0,355,T
7-M,45,0,354,0,0,354,T
7-M,46,2,0,0,359,361,C
7-M,47,0,0,0,367,367,C
7-M,48,368,0,0,0,368,A
7-M,49,0,368,0,0,368,T
7-M,50,1,0,0,367,368,C
7-M,51,367,0,0,0,367,A
7-M,52,0,1,367,0,368,G
7-M,53,0,2,368,0,370,G
7-M,54,0,1,0,371,372,C
7-M,55,0,0,0,368,368,C
7-M,56,1,0,0,371,372,C
7-M,57,2,0,0,392,394,C
7-M,58,1,0,0,396,397,C
7-M,59,0,398,0,0,398,T
7-M,60,0,0,0,399,399,C
7-M,61,401,0,0,0,401,A
7-M,62,403,0,1,0,404,A
7-M,63,413,0,1,0,414,A
7-M,64,0,1,425,0,426,G
7-M,65,0,0,0,424,424,C
7-M,66,2,0,0,421,423,C
7-M,67,0,1,420,4,425,G
7-M,68,424,0,1,0,425,A
7-M,69,1,0,423,0,424,G
7-M,70,430,0,0,0,430,A
7-M,71,0,430,0,0,430,T
7-M,72,0,0,0,429,429,C
7-M,73,0,3,428,0,431,G
7-M,74,0,0,0,433,433,C
7-M,75,1,0,432,0,433,G
7-M,76,0,0,0,432,432,C
7-M,77,432,0,0,0,432,A
7-M,78,0,2,435,0,437,G
7-M,79,434,0,0,0,434,A
7-M,80,0,0,474,0,474,G
7-M,81,472,1,0,0,473,A
7-M,82,0,0,0,479,479,C
7-M,83,0,479,0,0,479,T
7-M,84,0,476,0,1,477,T
7-M,85,0,0,487,0,487,G
7-M,86,486,0,0,0,486,A
7-M,87,486,0,0,0,486,A
7-M,88,0,0,487,0,487,G
7-M,89,480,0,2,0,482,A
7-M,90,0,491,0,0,491,T
7-M,91,0,0,492,0,492,G
7-M,92,0,495,0,0,495,T
7-M,93,3,0,0,492,495,C
7-M,94,0,494,0,0,494,T
7-M,95,0,494,0,0,494,T
7-M,96,1,494,0,0,495,T
7-M,97,0,0,499,0,499,G
7-M,98,0,1,0,498,499,C
7-M,99,0,497,0,1,498,T
7-M,100,0,2,498,0,500,G
7-M,101,0,1,495,0,496,G
7-M,102,1,0,511,0,512,G
7-M,103,510,0,0,0,510,A
7-M,104,513,0,0,0,513,A
7-M,105,510,0,1,0,511,A
7-M,106,516,0,0,0,516,A
7-M,107,523,0,1,0,524,A
7-M,108,0,0,0,529,529,C
7-M,109,528,0,1,0,529,A
7-M,110,0,0,0,532,532,C
7-M,111,529,0,0,0,529,A
7-M,112,0,1,548,0,549,G
7-M,113,553,0,0,0,553,A
7-M,114,0,562,0,0,562,T
7-M,115,2,0,0,568,570,C
7-M,116,0,570,0,0,570,T
7-M,117,0,566,0,2,568,T
7-M,118,0,2,565,0,567,G
7-M,119,568,0,0,0,568,A
7-M,120,0,0,571,0,571,G
7-M,121,0,0,571,0,571,G
7-M,122,0,0,0,574,574,C
7-M,123,0,569,0,0,569,T
7-M,124,2,0,0,644,646,C
7-M,125,0,646,0,0,646,T
7-M,126,1,0,0,647,648,C
7-M,127,652,0,0,0,652,A
7-M,128,1,653,0,0,654,T
7-M,129,0,4,651,0,655,G
7-M,130,0,3,652,0,655,G
7-M,131,652,0,0,0,652,A
7-M,132,653,0,0,0,653,A
7-M,133,0,642,0,0,642,T
7-M,134,0,1,668,0,669,G
7-M,135,0,1,691,0,692,G
7-M,136,1,0,0,689,690,C
7-M,137,0,694,0,0,694,T
7-M,138,691,0,0,0,691,A
7-M,139,691,0,0,0,691,A
7-M,140,694,0,1,0,695,A
7-M,141,0,1,710,0,711,G
7-M,142,711,0,0,0,711,A
7-M,143,0,0,0,704,704,C
7-M,144,689,0,0,0,689,A
7-M,145,689,0,0,0,689,A
7-M,146,0,2,714,0,716,G
7-M,147,714,0,0,0,714,A
7-M,148,1,0,0,717,718,C
7-M,149,2,0,0,707,709,C
7-M,150,708,1,0,0,709,A
7-M,151,717,1,0,0,718,A
7-M,152,0,720,0,1,721,T
7-M,153,0,719,1,0,720,T
7-M,154,1,0,0,722,723,C
7-M,155,0,716,0,0,716,T
7-M,156,0,0,719,0,719,G
7-M,157,0,715,1,1,717,T
7-M,158,3,0,0,715,718,C
7-M,159,720,0,1,0,721,A
7-M,160,0,1,0,738,739,C
7-M,161,1,0,0,740,741,C
7-M,162,0,732,0,2,734,T
7-M,163,1,0,0,740,741,C
7-M,164,0,739,0,0,739,T
7-M,165,0,3,758,0,761,G
7-M,166,763,0,0,0,763,A
7-M,167,0,0,0,763,763,C
7-M,168,0,763,0,0,763,T
7-M,169,750,0,0,0,750,A
7-M,170,744,0,1,0,745,A
7-M,171,0,2,747,0,749,G
7-M,172,0,1,748,0,749,G
7-M,173,0,3,751,0,754,G
7-M,174,1,1,753,0,755,G
7-M,175,772,0,0,0,772,A
7-M,176,0,770,0,0,770,T
7-M,177,0,770,0,0,770,T
7-M,178,0,767,0,0,767,T
7-M,179,0,774,0,0,774,T
7-M,180,0,4,769,0,773,G
7-M,181,1,2,774,1,778,G
7-M,182,0,2,776,0,778,G
7-M,183,0,1,781,0,782,G
7-M,184,0,774,0,0,774,T
7-M,185,0,777,0,0,777,T
7-M,186,0,775,0,0,775,T
7-M,187,0,0,794,0,794,G
7-M,188,0,793,0,0,793,T
7-M,189,0,0,798,0,798,G
7-M,190,0,792,0,0,792,T
7-M,191,0,795,0,0,795,T
7-M,192,2,0,0,796,798,C
7-M,193,798,0,0,0,798,A
7-M,194,0,1,0,806,807,C
7-M,195,1,0,802,0,803,G
7-M,196,0,1,0,805,806,C
7-M,197,1,801,0,2,804,T
7-M,198,3,0,0,819,822,C
7-M,199,825,0,0,0,825,A
7-M,200,0,0,0,842,842,C
7-M,201,0,1,0,837,838,C
7-M,202,1,0,841,0,842,G
7-M,203,0,836,1,1,838,T
7-M,204,0,0,846,0,846,G
7-M,205,0,0,0,846,846,C
7-M,206,2,2,0,835,839,C
7-M,207,1,0,0,845,846,C
7-M,208,841,1,0,0,842,A
7-M,209,0,0,848,0,848,G
7-M,210,0,843,0,0,843,T
7-M,211,0,2,843,0,845,G
7-M,212,851,0,2,0,853,A
7-M,213,0,0,852,0,852,G
7-M,214,0,0,0,849,849,C
7-M,215,0,1,849,0,850,G
7-M,216,845,0,0,0,845,A
7-M,217,0,0,856,0,856,G
7-M,218,0,3,858,0,861,G
7-M,219,851,1,0,0,852,A
7-M,220,0,0,0,867,867,C
7-M,221,0,858,0,0,858,T
7-M,222,0,0,859,0,859,G
7-M,223,0,0,0,859,859,C
7-M,224,859,0,1,0,860,A
7-M,225,0,1,888,0,889,G
7-M,226,1,0,0,878,879,C
7-M,227,0,0,888,0,888,G
7-M,228,0,886,0,1,887,T
7-M,229,875,0,0,0,875,A
7-M,230,0,0,877,0,877,G
7-M,231,875,0,0,0,875,A
7-M,232,0,0,0,874,874,C
7-M,233,0,0,877,0,877,G
7-M,234,0,0,0,870,870,C
7-M,235,0,860,0,0,860,T
7-M,236,0,859,0,0,859,T
7-M,237,0,854,0,0,854,T
7-M,238,2,0,874,0,876,G
7-M,239,0,872,0,1,873,T
7-M,240,1,0,0,868,869,C
7-M,241,2,0,0,875,877,C
7-M,242,877,0,0,0,877,A
7-M,243,877,0,0,0,877,A
7-M,244,873,0,0,0,873,A
7-M,245,879,0,0,0,879,A
7-M,246,0,878,0,0,878,T
7-M,247,0,1,870,0,871,G
7-M,248,0,0,1,866,867,C
7-M,249,2,0,0,865,867,C
7-M,250,0,0,0,872,872,C
7-M,251,0,874,0,0,874,T
7-M,252,2,0,0,905,907,C
7-M,253,909,0,0,0,909,A
7-M,254,918,0,0,0,918,A
7-M,255,0,922,0,0,922,T
7-M,256,0,0,926,0,926,G
7-M,257,0,1,935,0,936,G
7-M,258,0,2,939,0,941,G
7-M,259,937,0,0,0,937,A
7-M,260,937,1,0,0,938,A
7-M,261,0,918,0,0,918,T
7-M,262,0,2,915,0,917,G
7-M,263,0,3,913,0,916,G
7-M,264,903,0,2,0,905,A
7-M,265,0,4,899,0,903,G
7-M,266,893,1,3,0,897,A
7-M,267,0,0,0,886,886,C
7-M,268,3,0,0,915,918,C
7-M,269,4,1,0,932,937,C
7-M,270,943,0,0,0,943,A
7-M,271,940,1,0,0,941,A
7-M,272,939,1,0,0,940,A
7-M,273,0,952,0,0,952,T
7-M,274,971,0,0,0,971,A
7-M,275,971,2,0,0,973,A
7-M,276,0,0,0,957,957,C
7-M,277,950,0,3,0,953,A
7-M,278,0,947,1,0,948,T
7-M,279,0,6,964,0,970,G
7-M,280,0,2,963,0,965,G
7-M,281,963,1,0,0,964,A
7-M,282,0,0,0,965,965,C
7-M,283,947,0,0,0,947,A
7-M,284,950,0,1,0,951,A
7-M,285,948,0,1,0,949,A
7-M,286,0,1,958,0,959,G
7-M,287,1,0,0,988,989,C
7-M,288,977,0,0,0,977,A
7-M,289,0,1,989,0,990,G
7-M,290,0,986,0,0,986,T
7-M,291,0,988,0,0,988,T
7-M,292,991,0,0,0,991,A
7-M,293,988,0,0,0,988,A
7-M,294,997,0,0,0,997,A
7-M,295,0,0,0,1001,1001,C
7-M,296,1,971,0,1,973,T
7-M,297,0,0,1042,0,1042,G
7-M,298,0,1031,0,0,1031,T
7-M,299,1039,0,0,0,1039,A
7-M,300,0,1039,0,0,1039,T
7-M,301,1030,0,0,0,1030,A
7-M,302,0,0,1028,0,1028,G
7-M,303,983,0,1,0,984,A
7-M,304,989,0,0,0,989,A
7-M,305,993,0,0,0,993,A
7-M,306,1013,0,0,0,1013,A
7-M,307,0,0,0,1024,1024,C
7-M,308,0,1022,1,0,1023,T
7-M,309,0,1024,0,0,1024,T
7-M,310,1024,1,0,0,1025,A
7-M,311,1022,0,1,0,1023,A
7-M,312,0,0,1022,1,1023,G
7-M,313,1015,0,1,0,1016,A
7-M,314,0,1,1022,0,1023,G
7-M,315,3,1,1019,0,1023,G
7-M,316,0,1,1019,0,1020,G
7-M,317,1018,0,3,0,1021,A
7-M,318,0,2,1024,0,1026,G
7-M,319,1030,0,1,0,1031,A
7-M,320,0,1028,0,1,1029,T
7-M,321,1034,0,0,0,1034,A
7-M,322,1039,0,0,0,1039,A
7-M,323,0,0,0,1039,1039,C
7-M,324,0,0,1034,2,1036,G
7-M,325,0,1030,0,1,1031,T
7-M,326,0,1028,0,0,1028,T
7-M,327,4,0,0,1026,1030,C
7-M,328,1,0,0,1020,1021,C
7-M,329,1025,0,0,1,1026,A
7-M,330,0,1026,0,0,1026,T
7-M,331,0,1,1020,0,1021,G
7-M,332,0,0,1019,2,1021,G
7-M,333,0,1,1014,0,1015,G
7-M,334,2,0,1019,0,1021,G
7-M,335,0,0,0,1014,1014,C
7-M,336,1,0,0,1014,1015,C
7-M,337,1016,0,0,0,1016,A
7-M,338,1021,0,0,0,1021,A
7-M,339,1025,0,1,0,1026,A
7-M,340,0,2,1033,0,1035,G
7-M,341,1027,4,0,0,1031,A
7-M,342,1024,1,1,0,1026,A
7-M,343,1029,0,0,0,1029,A
7-M,344,0,1029,0,0,1029,T
7-M,345,1025,0,2,0,1027,A
7-M,346,0,0,1032,0,1032,G
7-M,347,0,0,0,1028,1028,C
7-M,348,0,1015,0,2,1017,T
7-M,349,3,0,0,1016,1019,C
7-M,350,0,1013,0,1,1014,T
7-M,351,0,0,0,1030,1030,C
7-M,352,1034,0,2,0,1036,A
7-M,353,0,0,1037,0,1037,G
7-M,354,0,1030,0,1,1031,T
7-M,355,0,1044,0,0,1044,T
7-M,356,1053,0,0,0,1053,A
7-M,357,0,1053,0,1,1054,T
7-M,358,0,1055,0,0,1055,T
7-M,359,2,0,0,1057,1059,C
7-M,360,0,1019,0,0,1019,T
7-M,361,1,0,1025,0,1026,G
7-M,362,0,0,0,1027,1027,C
7-M,363,1,1021,0,0,1022,T
7-M,364,0,1,1022,0,1023,G
7-M,365,0,1,1018,0,1019,G
7-M,366,0,1020,0,0,1020,T
7-M,367,0,0,1016,0,1016,G
7-M,368,1,0,0,1011,1012,C
7-M,369,1014,0,2,0,1016,A
7-M,370,1,0,0,1023,1024,C
7-M,371,0,1008,0,0,1008,T
7-M,372,0,1022,0,1,1023,T
7-M,373,0,0,1024,0,1024,G
7-M,374,0,1,0,1022,1023,C
7-M,375,0,1,0,1020,1021,C
7-M,376,1014,0,1,0,1015,A
7-M,377,0,0,1021,0,1021,G
7-M,378,1,1021,0,1,1023,T
7-M,379,0,1018,0,0,1018,T
7-M,380,0,0,1027,0,1027,G
7-M,381,0,1,0,1022,1023,C
7-M,382,1023,0,0,0,1023,A
7-M,383,0,1020,0,1,1021,T
7-M,384,0,2,1017,0,1019,G
7-M,385,1,0,1034,0,1035,G
7-M,386,0,0,1033,0,1033,G
7-M,387,0,0,0,1038,1038,C
7-M,388,1,0,0,1054,1055,C
7-M,389,0,1047,0,1,1048,T
7-M,390,2,0,0,1069,1071,C
7-M,391,1113,0,0,0,1113,A
7-M,392,0,1114,0,0,1114,T
7-M,393,1149,0,0,0,1149,A
7-M,394,0,1123,0,0,1123,T
7-M,395,1106,1,0,0,1107,A
7-M,396,0,0,0,1176,1176,C
7-M,397,1130,0,1,0,1131,A
7-M,398,1140,0,0,0,1140,A
7-M,399,0,1122,0,0,1122,T
7-M,400,1068,0,0,1,1069,A
7-M,401,0,0,1083,0,1083,G
7-M,402,0,1,1066,0,1067,G
7-M,403,1062,1,1,0,1064,A
7-M,404,0,1061,0,0,1061,T
7-M,405,1,2,1004,0,1007,G
7-M,406,0,2,1009,0,1011,G
7-M,407,0,3,1012,0,1015,G
7-M,408,0,2,1020,0,1022,G
7-M,409,2,0,1021,0,1023,G
7-M,410,0,1,0,1018,1019,C
7-M,411,0,1000,0,1,1001,T
7-M,412,0,0,1008,0,1008,G
7-M,413,0,1007,0,2,1009,T
7-M,414,1010,0,0,0,1010,A
7-M,415,1009,0,1,0,1010,A
7-M,416,0,0,0,1012,1012,C
7-M,417,1,0,0,1007,1008,C
7-M,418,1004,0,0,0,1004,A
7-M,419,0,0,0,1008,1008,C
7-M,420,0,1002,0,1,1003,T
7-M,421,0,0,1014,0,1014,G
7-M,422,1008,1,1,0,1010,A
7-M,423,1006,0,0,0,1006,A
7-M,424,0,0,1011,0,1011,G
7-M,425,0,1002,0,1,1003,T
7-M,426,0,2,1001,0,1003,G
7-M,427,0,0,1007,0,1007,G
7-M,428,0,1,0,1011,1012,C
7-M,429,1010,0,1,1,1012,A
7-M,430,0,1002,0,1,1003,T
7-M,431,0,1002,0,2,1004,T
7-M,432,0,1004,0,0,1004,T
7-M,433,0,2,1023,1,1026,G
7-M,434,0,0,1023,0,1023,G
7-M,435,1,0,0,1024,1025,C
7-M,436,1,0,0,1018,1019,C
7-M,437,0,1014,0,3,1017,T
7-M,438,3,1,1046,0,1050,G
7-M,439,0,0,1055,0,1055,G
7-M,440,0,1061,0,0,1061,T
7-M,441,1063,1,1,0,1065,A
7-M,442,0,1030,0,0,1030,T
7-M,443,1,1,1049,0,1051,G
7-M,444,0,1050,0,0,1050,T
7-M,445,0,0,1048,0,1048,G
7-M,446,1,0,0,1050,1051,C
7-M,447,1009,0,1,1,1011,A
7-M,448,1010,0,2,0,1012,A
7-M,449,0,0,0,1021,1021,C
7-M,450,1014,0,0,0,1014,A
7-M,451,0,1023,0,0,1023,T
7-M,452,0,0,1011,0,1011,G
7-M,453,0,988,0,0,988,T
7-M,454,1,2,985,0,988,G
7-M,455,983,1,0,0,984,A
7-M,456,2,0,983,0,985,G
7-M,457,0,1,0,982,983,C
7-M,458,961,0,0,0,961,A
7-M,459,0,0,969,0,969,G
7-M,460,960,1,1,0,962,A
7-M,461,0,966,0,0,966,T
7-M,462,0,959,0,1,960,T
7-M,463,0,0,963,0,963,G
7-M,464,1,0,0,964,965,C
7-M,465,0,960,0,2,962,T
7-M,466,0,6,954,0,960,G
7-M,467,961,0,0,0,961,A
7-M,468,1,0,0,1006,1007,C
7-M,469,0,1008,0,0,1008,T
7-M,470,2,0,0,1010,1012,C
7-M,471,1,0,0,1008,1009,C
7-M,472,0,1,0,1012,1013,C
7-M,473,1012,0,1,0,1013,A
7-M,474,0,0,1018,0,1018,G
7-M,475,1,0,0,1012,1013,C
7-M,476,1017,0,1,0,1018,A
7-M,477,0,0,0,1015,1015,C
7-M,478,950,0,0,0,950,A
7-M,479,0,1,972,0,973,G
7-M,480,0,0,972,0,972,G
7-M,481,0,967,0,1,968,T
7-M,482,1,0,0,993,994,C
7-M,483,1,976,0,3,980,T
7-M,484,2,0,0,985,987,C
7-M,485,976,0,1,0,977,A
7-M,486,0,974,0,1,975,T
7-M,487,972,0,2,0,974,A
7-M,488,0,1,951,0,952,G
7-M,489,0,0,951,0,951,G
7-M,490,0,0,0,951,951,C
7-M,491,913,0,0,0,913,A
7-M,492,0,4,906,0,910,G
7-M,493,924,0,0,0,924,A
7-M,494,2,922,0,0,924,T
7-M,495,0,4,923,0,927,G
7-M,496,0,0,922,0,922,G
7-M,497,0,914,0,1,915,T
7-M,498,0,2,920,0,922,G
7-M,499,1,1,921,0,923,G
7-M,500,0,0,1,920,921,C
7-M,501,911,0,0,0,911,A
7-M,502,911,0,1,0,912,A
7-M,503,0,0,0,922,922,C
7-M,504,923,0,0,0,923,A
7-M,505,921,0,1,0,922,A
7-M,506,0,0,0,923,923,C
7-M,507,2,1,0,910,913,C
7-M,508,904,0,1,0,905,A
7-M,509,904,1,0,0,905,A
7-M,510,1,903,0,0,904,T
7-M,511,1,0,0,905,906,C
7-M,512,3,0,0,893,896,C
7-M,513,890,0,0,0,890,A
7-M,514,0,887,0,0,887,T
7-M,515,0,892,0,1,893,T
7-M,516,897,0,0,0,897,A
7-M,517,894,1,1,0,896,A
7-M,518,0,897,0,0,897,T
7-M,519,889,0,1,0,890,A
7-M,520,887,0,0,0,887,A
7-M,521,877,0,0,0,877,A
7-M,522,881,0,0,0,881,A
7-M,523,0,0,0,906,906,C
7-M,524,905,0,0,0,905,A
7-M,525,0,897,0,0,897,T
7-M,526,0,2,897,0,899,G
7-M,527,893,1,0,0,894,A
7-M,528,0,2,904,0,906,G
7-M,529,896,0,0,0,896,A
7-M,530,896,0,1,0,897,A
7-M,531,0,0,0,905,905,C
7-M,532,879,0,0,0,879,A
7-M,533,0,1,886,0,887,G
7-M,534,884,0,2,0,886,A
7-M,535,878,2,1,0,881,A
7-M,536,0,878,0,0,878,T
7-M,537,0,2,868,0,870,G
7-M,538,0,2,869,0,871,G
7-M,539,0,868,0,0,868,T
7-M,540,0,845,0,0,845,T
7-M,541,0,865,0,1,866,T
7-M,542,0,866,0,1,867,T
7-M,543,1,1,884,0,886,G
7-M,544,1,0,885,0,886,G
7-M,545,0,0,0,882,882,C
7-M,546,1,0,0,883,884,C
7-M,547,865,0,1,0,866,A
7-M,548,0,0,896,0,896,G
7-M,549,0,2,1,895,898,C
7-M,550,904,0,2,0,906,A
7-M,551,1,0,0,917,918,C
7-M,552,0,909,0,0,909,T
7-M,553,913,0,0,0,913,A
7-M,554,0,0,0,919,919,C
7-M,555,930,0,2,0,932,A
7-M,556,0,0,950,0,950,G
7-M,557,0,1,0,919,920,C
7-M,558,0,903,0,4,907,T
7-M,559,906,0,0,0,906,A
7-M,560,894,0,0,0,894,A
7-M,561,0,1,901,0,902,G
7-M,562,0,1,911,0,912,G
7-M,563,0,0,0,900,900,C
7-M,564,0,863,0,0,863,T
7-M,565,863,0,0,0,863,A
7-M,566,0,858,0,0,858,T
7-M,567,0,3,858,0,861,G
7-M,568,0,3,865,0,868,G
7-M,569,852,0,1,0,853,A
7-M,570,0,0,856,0,856,G
7-M,571,1,0,0,841,842,C
7-M,572,833,0,0,0,833,A
7-M,573,832,0,0,0,832,A
7-M,574,832,0,2,0,834,A
7-M,575,0,835,0,0,835,T
7-M,576,0,1,835,0,836,G
7-M,577,0,0,830,0,830,G
7-M,578,0,1,0,830,831,C
7-M,579,0,822,0,0,822,T
7-M,580,0,0,826,0,826,G
7-M,581,0,2,836,0,838,G
7-M,582,837,1,0,0,838,A
7-M,583,0,836,0,1,837,T
7-M,584,2,0,0,831,833,C
7-M,585,836,0,1,0,837,A
7-M,586,849,0,0,0,849,A
7-M,587,0,0,854,0,854,G
7-M,588,0,849,0,1,850,T
7-M,589,0,4,848,0,852,G
7-M,590,828,0,0,0,828,A
7-M,591,0,0,830,0,830,G
7-M,592,0,0,0,832,832,C
7-M,593,829,0,0,0,829,A
7-M,594,0,1,826,0,827,G
7-M,595,0,1,828,0,829,G
7-M,596,0,0,0,828,828,C
7-M,597,826,1,2,0,829,A
7-M,598,1,0,835,0,836,G
7-M,599,0,0,0,836,836,C
7-M,600,3,1,832,0,836,G
7-M,601,0,3,830,0,833,G
7-M,602,831,0,0,0,831,A
7-M,603,0,1,842,0,843,G
7-M,604,0,1,846,0,847,G
7-M,605,0,0,0,848,848,C
7-M,606,2,0,0,846,848,C
7-M,607,846,1,0,0,847,A
7-M,608,0,842,0,2,844,T
7-M,609,1,1,846,0,848,G
7-M,610,0,2,849,0,851,G
7-M,611,844,0,1,0,845,A
7-M,612,1,1,848,0,850,G
7-M,613,833,0,0,0,833,A
7-M,614,0,856,1,0,857,T
7-M,615,0,852,0,0,852,T
7-M,616,0,0,855,0,855,G
7-M,617,0,0,0,853,853,C
7-M,618,0,854,0,1,855,T
7-M,619,863,0,0,0,863,A
7-M,620,0,0,862,0,862,G
7-M,621,0,856,0,3,859,T
7-M,622,4,0,0,856,860,C
7-M,623,840,0,0,0,840,A
7-M,624,0,0,854,0,854,G
7-M,625,0,1,850,0,851,G
7-M,626,0,1,0,848,849,C
7-M,627,3,0,0,846,849,C
7-M,628,845,0,1,0,846,A
7-M,629,0,1,855,0,856,G
7-M,630,0,0,854,1,855,G
7-M,631,0,0,0,857,857,C
7-M,632,857,0,0,0,857,A
7-M,633,0,1,848,0,849,G
7-M,634,846,0,0,0,846,A
7-M,635,0,848,0,0,848,T
7-M,636,1,2,848,0,851,G
7-M,637,1,0,872,0,873,G
7-M,638,0,859,0,1,860,T
7-M,639,1,1,858,0,860,G
7-M,640,1,0,0,857,858,C
7-M,641,849,1,1,0,851,A
7-M,642,0,0,864,0,864,G
7-M,643,0,0,859,0,859,G
7-M,644,1,0,0,857,858,C
7-M,645,855,0,0,0,855,A
7-M,646,844,0,3,0,847,A
7-M,647,0,838,0,0,838,T
7-M,648,1,6,833,0,840,G
7-M,649,834,0,0,0,834,A
7-M,650,0,0,842,0,842,G
7-M,651,814,0,2,0,816,A
7-M,652,1,0,817,0,818,G
7-M,653,1,0,0,832,833,C
7-M,654,0,1,0,836,837,C
7-M,655,842,1,0,0,843,A
7-M,656,0,842,0,1,843,T
7-M,657,0,841,0,0,841,T
7-M,658,0,0,842,0,842,G
7-M,659,1,1,840,0,842,G
7-M,660,1,7,839,0,847,G
7-M,661,845,0,1,0,846,A
7-M,662,0,0,0,844,844,C
7-M,663,0,814,0,1,815,T
7-M,664,4,0,0,816,820,C
7-M,665,823,0,0,0,823,A
7-M,666,0,855,0,1,856,T
7-M,667,3,0,0,855,858,C
7-M,668,1,0,0,852,853,C
7-M,669,0,851,0,1,852,T
7-M,670,852,0,0,0,852,A
7-M,671,0,0,864,0,864,G
7-M,672,0,941,0,0,941,T
7-M,673,0,928,0,0,928,T
7-M,674,3,0,0,924,927,C
7-M,675,0,3,0,899,902,C
7-M,676,901,1,1,0,903,A
7-M,677,0,0,913,0,913,G
7-M,678,0,912,0,0,912,T
7-M,679,909,0,1,0,910,A
7-M,680,0,0,0,909,909,C
7-M,681,0,814,0,0,814,T
7-M,682,0,1,843,0,844,G
7-M,683,0,0,858,0,858,G
7-M,684,1,854,0,0,855,T
7-M,685,1,0,0,857,858,C
7-M,686,0,843,0,2,845,T
7-M,687,848,0,0,0,848,A
7-M,688,844,1,0,0,845,A
7-M,689,0,2,848,0,850,G
7-M,690,836,0,1,0,837,A
7-M,691,0,1,821,0,822,G
7-M,692,779,1,0,0,780,A
7-M,693,0,780,0,0,780,T
7-M,694,0,2,777,0,779,G
7-M,695,776,0,0,0,776,A
7-M,696,1,771,0,1,773,T
7-M,697,1,0,0,774,775,C
7-M,698,0,766,0,0,766,T
7-M,699,0,769,0,0,769,T
7-M,700,0,0,0,768,768,C
7-M,701,0,767,0,1,768,T
7-M,702,0,767,0,0,767,T
7-M,703,0,1,767,0,768,G
7-M,704,769,1,1,0,771,A
7-M,705,767,0,0,0,767,A
7-M,706,766,0,0,0,766,A
7-M,707,770,0,1,0,771,A
7-M,708,0,770,0,0,770,T
7-M,709,0,772,0,0,772,T
7-M,710,0,774,0,0,774,T
7-M,711,0,0,772,0,772,G
7-M,712,0,0,0,772,772,C
7-M,713,773,0,0,0,773,A
7-M,714,0,1,772,0,773,G
7-M,715,768,0,4,0,772,A
7-M,716,0,0,0,787,787,C
7-M,717,1,0,0,783,784,C
7-M,718,0,785,0,0,785,T
7-M,719,795,0,0,0,795,A
7-M,720,0,793,0,0,793,T
7-M,721,0,0,0,793,793,C
7-M,722,790,0,2,0,792,A
7-M,723,0,0,794,0,794,G
7-M,724,791,0,0,0,791,A
7-M,725,765,0,2,0,767,A
7-M,726,770,0,1,0,771,A
7-M,727,0,1,0,763,764,C
7-M,728,0,1,765,1,767,G
7-M,729,761,0,0,0,761,A
7-M,730,766,0,0,0,766,A
7-M,731,0,767,0,1,768,T
7-M,732,0,1,761,0,762,G
7-M,733,0,2,764,0,766,G
7-M,734,0,4,764,0,768,G
7-M,735,0,3,757,0,760,G
7-M,736,1,1,771,0,773,G
7-M,737,0,756,0,1,757,T
7-M,738,0,0,755,1,756,G
7-M,739,1,0,0,758,759,C
7-M,740,755,0,0,0,755,A
7-M,741,0,2,762,0,764,G
7-M,742,754,0,1,0,755,A
7-M,743,0,750,0,0,750,T
7-M,744,0,0,744,0,744,G
7-M,745,0,1,1,736,738,C
7-M,746,737,0,0,0,737,A
7-M,747,738,0,0,0,738,A
7-M,748,0,2,0,735,737,C
7-M,749,0,1,735,0,736,G
7-M,750,736,0,0,0,736,A
7-M,751,0,735,0,0,735,T
7-M,752,0,736,0,0,736,T
7-M,753,0,0,0,738,738,C
7-M,754,716,1,3,0,720,A
7-M,755,721,0,0,0,721,A
7-M,756,0,0,724,0,724,G
7-M,757,0,716,0,0,716,T
7-M,758,1,4,705,0,710,G
7-M,759,712,0,1,0,713,A
7-M,760,1,0,0,712,713,C
7-M,761,0,0,0,707,707,C
7-M,762,0,0,0,712,712,C
7-M,763,0,0,710,0,710,G
7-M,764,1,2,0,708,711,C
7-M,765,0,711,0,2,713,T
7-M,766,0,714,0,1,715,T
7-M,767,3,1,711,0,715,G
7-M,768,1,715,0,1,717,T
7-M,769,0,714,0,0,714,T
7-M,770,1,0,710,0,711,G
7-M,771,0,692,0,0,692,T
7-M,772,0,687,0,1,688,T
7-M,773,677,0,0,0,677,A
7-M,774,0,0,1,676,677,C
7-M,775,1,0,0,678,679,C
7-M,776,1,0,679,0,680,G
7-M,777,0,0,0,675,675,C
7-M,778,0,1,675,0,676,G
7-M,779,675,0,0,0,675,A
7-M,780,675,0,0,1,676,A
7-M,781,0,679,0,0,679,T
7-M,782,680,0,0,0,680,A
7-M,783,0,681,0,0,681,T
7-M,784,2,0,0,681,683,C
7-M,785,682,0,0,0,682,A
7-M,786,1,682,0,0,683,T
7-M,787,0,681,0,0,681,T
7-M,788,0,1,678,0,679,G
7-M,789,0,0,673,0,673,G
7-M,790,0,1,671,0,672,G
7-M,791,674,0,0,0,674,A
7-M,792,0,672,0,0,672,T
7-M,793,1,0,0,653,654,C
7-M,794,0,656,0,1,657,T
7-M,795,0,654,0,1,655,T
7-M,796,0,0,660,0,660,G
7-M,797,0,0,0,658,658,C
7-M,798,657,0,0,1,658,A
7-M,799,0,0,0,659,659,C
7-M,800,0,645,0,0,645,T
7-M,801,0,653,0,0,653,T
7-M,802,0,0,653,0,653,G
7-M,803,652,0,1,0,653,A
7-M,804,0,658,0,0,658,T
7-M,805,641,0,0,0,641,A
7-M,806,0,638,0,0,638,T
7-M,807,1,634,0,0,635,T
7-M,808,0,0,636,0,636,G
7-M,809,0,634,0,0,634,T
7-M,810,0,2,633,0,635,G
7-M,811,0,0,634,0,634,G
7-M,812,627,0,0,0,627,A
7-M,813,0,629,0,0,629,T
7-M,814,0,624,0,0,624,T
7-M,815,0,0,0,623,623,C
7-M,816,0,621,0,1,622,T
7-M,817,0,617,0,0,617,T
7-M,818,0,5,611,0,616,G
7-M,819,609,0,1,0,610,A
7-M,820,0,612,0,0,612,T
7-M,821,2,0,0,605,607,C
7-M,822,1,0,602,0,603,G
7-M,823,0,599,0,2,601,T
7-M,824,0,0,0,597,597,C
7-M,825,0,593,0,2,595,T
7-M,826,0,599,0,0,599,T
7-M,827,0,598,0,0,598,T
7-M,828,0,602,0,0,602,T
7-M,829,0,600,1,0,601,T
7-M,830,0,603,0,1,604,T
7-M,831,1,601,0,0,602,T
7-M,832,3,0,0,599,602,C
7-M,833,603,0,0,0,603,A
7-M,834,601,0,0,0,601,A
7-M,835,602,0,1,0,603,A
7-M,836,1,602,0,0,603,T
7-M,837,0,1,603,0,604,G
7-M,838,1,1,0,600,602,C
7-M,839,3,0,602,0,605,G
7-M,840,0,611,0,1,612,T
7-M,841,3,0,0,610,613,C
7-M,842,0,613,0,0,613,T
7-M,843,614,0,1,0,615,A
7-M,844,0,602,1,12,615,T
7-M,845,1,1,1,610,613,C
7-M,846,0,0,613,0,613,G
7-M,847,607,0,0,0,607,A
7-M,848,0,0,0,605,605,C
7-M,849,0,589,0,0,589,T
7-M,850,1,0,0,601,602,C
7-M,851,0,593,0,2,595,T
7-M,852,0,597,0,1,598,T
7-M,853,0,1,0,595,596,C
7-M,854,598,0,0,0,598,A
7-M,855,596,0,1,0,597,A
7-M,856,596,1,0,1,598,A
7-M,857,1,0,0,595,596,C
7-M,858,594,0,0,0,594,A
7-M,859,0,0,0,560,560,C
7-M,860,0,1,553,0,554,G
7-M,861,0,0,572,0,572,G
7-M,862,0,0,0,572,572,C
7-M,863,1,0,0,571,572,C
7-M,864,0,571,0,1,572,T
7-M,865,0,573,0,0,573,T
7-M,866,573,0,0,0,573,A
7-M,867,574,0,0,0,574,A
7-M,868,575,0,0,0,575,A
7-M,869,568,0,3,1,572,A
7-M,870,0,2,567,0,569,G
7-M,871,496,0,0,0,496,A
7-M,872,1,0,493,0,494,G
7-M,873,0,1,492,0,493,G
7-M,874,0,0,0,499,499,C
7-M,875,0,0,0,494,494,C
7-M,876,2,0,0,491,493,C
7-M,877,0,488,1,1,490,T
7-M,878,1,489,0,0,490,T
7-M,879,1,0,0,494,495,C
7-M,880,0,496,0,0,496,T
7-M,881,496,0,0,0,496,A
7-M,882,0,0,0,499,499,C
7-M,883,1,0,486,1,488,G
7-M,884,0,1,489,0,490,G
7-M,885,476,0,1,0,477,A
7-M,886,477,0,0,0,477,A
7-M,887,0,2,471,0,473,G
7-M,888,0,1,472,0,473,G
7-M,889,468,0,0,0,468,A
7-M,890,0,0,469,0,469,G
7-M,891,0,467,0,0,467,T
7-M,892,469,0,0,0,469,A
7-M,893,0,0,0,465,465,C
7-M,894,2,0,0,460,462,C
7-M,895,0,457,0,0,457,T
7-M,896,0,1,455,0,456,G
7-M,897,439,0,0,0,439,A
7-M,898,0,0,446,0,446,G
7-M,899,0,420,0,0,420,T
7-M,900,3,1,0,418,422,C
7-M,901,0,411,0,0,411,T
7-M,902,411,0,1,0,412,A
7-M,903,0,411,0,0,411,T
7-M,904,0,0,411,0,411,G
7-M,905,405,0,1,0,406,A
7-M,906,0,0,405,0,405,G
7-M,907,1,1,375,0,377,G
7-M,908,0,0,377,0,377,G
7-M,909,372,1,0,0,373,A
7-M,910,369,0,0,0,369,A
7-M,911,0,0,370,0,370,G
7-M,912,365,0,0,0,365,A
7-M,913,363,0,1,0,364,A
7-M,914,0,361,0,0,361,T
7-M,915,358,0,0,0,358,A
7-M,916,0,356,1,1,358,T
7-M,917,0,3,0,351,354,C
7-M,918,0,0,356,0,356,G
7-M,919,354,0,0,0,354,A
7-M,920,345,0,0,0,345,A
7-M,921,345,0,0,0,345,A
7-M,922,0,0,341,0,341,G
7-M,923,0,0,343,0,343,G
7-M,924,341,0,0,0,341,A
7-M,925,341,0,0,0,341,A
7-M,926,0,0,0,341,341,C
7-M,927,327,0,1,0,328,A
7-M,928,0,0,333,0,333,G
7-M,929,0,0,0,331,331,C
7-M,930,328,0,0,0,328,A
7-M,931,0,0,328,0,328,G
7-M,932,306,0,0,0,306,A
7-M,933,305,0,1,0,306,A
7-M,934,0,305,0,0,305,T
7-M,935,0,0,303,0,303,G
7-M,936,1,0,0,301,302,C
7-M,937,0,284,0,0,284,T
7-M,938,0,0,284,0,284,G
7-M,939,0,283,0,0,283,T
7-M,940,0,0,281,0,281,G
7-M,941,0,3,277,0,280,G
7-M,942,264,0,2,0,266,A
7-M,943,0,264,0,0,264,T
7-M,944,0,0,247,0,247,G
7-M,945,0,0,0,247,247,C
7-M,946,0,227,0,0,227,T
7-M,947,0,0,226,0,226,G
7-M,948,227,0,0,0,227,A
7-M,949,0,0,0,227,227,C
7-M,950,0,0,226,0,226,G
7-M,951,221,0,0,0,221,A
7-M,952,0,0,0,221,221,C
7-M,953,214,0,0,0,214,A
7-M,954,0,0,212,0,212,G
7-M,955,0,211,0,1,212,T
7-M,956,2,0,0,211,213,C
7-M,957,213,0,0,0,213,A
7-M,958,0,209,0,0,209,T
7-M,959,0,210,0,0,210,T
7-M,960,1,207,0,0,208,T
7-M,961,0,207,0,0,207,T
7-M,962,0,0,207,0,207,G
7-M,963,0,192,0,0,192,T
7-M,964,0,0,0,192,192,C
7-M,965,187,0,0,0,187,A
7-M,966,0,0,187,0,187,G
7-M,967,0,0,0,186,186,C
7-M,968,186,0,0,0,186,A
7-M,969,0,186,0,0,186,T
7-M,970,181,0,1,0,182,A
7-M,971,0,0,181,0,181,G
7-M,972,177,0,0,0,177,A
7-M,973,0,0,176,0,176,G
7-M,974,0,175,0,0,175,T
7-M,975,0,119,0,0,119,T
7-M,976,0,0,117,0,117,G
7-M,977,0,0,117,0,117,G
7-M,978,114,0,0,0,114,A
7-M,979,0,0,113,0,113,G
7-M,980,0,71,0,0,71,T
7-M,981,69,0,0,0,69,A
7-M,982,67,0,0,0,67,A
8-NS,1,439,0,0,0,439,A
8-NS,2,0,440,0,0,440,T
8-NS,3,0,0,474,0,474,G
8-NS,4,0,1,508,0,509,G
8-NS,5,552,0,0,0,552,A
8-NS,6,0,1077,0,1,1078,T
8-NS,7,0,1077,0,1,1078,T
8-NS,8,1,0,0,1113,1114,C
8-NS,9,1,1,0,1113,1115,C
8-NS,10,1115,0,0,0,1115,A
8-NS,11,1127,1,0,0,1128,A
8-NS,12,0,0,0,1128,1128,C
8-NS,13,1132,1,0,0,1133,A
8-NS,14,0,0,0,1144,1144,C
8-NS,15,0,1144,0,0,1144,T
8-NS,16,1,2,1263,0,1266,G
8-NS,17,0,1265,0,1,1266,T
8-NS,18,1,0,1275,0,1276,G
8-NS,19,0,1276,0,2,1278,T
8-NS,20,4,8,0,1267,1279,C
8-NS,21,1277,0,2,0,1279,A
8-NS,22,1282,0,1,0,1283,A
8-NS,23,1,1,1304,0,1306,G
8-NS,24,0,1335,0,0,1335,T
8-NS,25,3,1322,1,0,1326,T
8-NS,26,1,1341,0,0,1342,T
8-NS,27,3,1,0,1338,1342,C
8-NS,28,1,0,0,1349,1350,C
8-NS,29,1349,0,2,0,1351,A
8-NS,30,0,3,1370,0,1373,G
8-NS,31,1,0,1432,0,1433,G
8-NS,32,0,1435,0,0,1435,T
8-NS,33,1438,0,1,0,1439,A
8-NS,34,0,4,1449,0,1453,G
8-NS,35,1449,0,0,1,1450,A
8-NS,36,0,1178,0,280,1458,T
8-NS,37,0,1464,1,0,1465,T
8-NS,38,2,2,1481,0,1485,G
8-NS,39,1,0,0,1489,1490,C
8-NS,40,1,1476,0,4,1481,T
8-NS,41,0,1484,0,1,1485,T
8-NS,42,0,1492,0,0,1492,T
8-NS,43,1,0,0,1514,1515,C
8-NS,44,0,1512,0,2,1514,T
8-NS,45,1,1510,0,0,1511,T
8-NS,46,0,1511,0,1,1512,T
8-NS,47,1,3,1519,0,1523,G
8-NS,48,1,1,1523,0,1525,G
8-NS,49,0,0,0,1527,1527,C
8-NS,50,1525,1,0,0,1526,A
8-NS,51,1,1526,2,0,1529,T
8-NS,52,1547,0,4,0,1551,A
8-NS,53,0,1572,1,0,1573,T
8-NS,54,1,0,0,1572,1573,C
8-NS,55,2,1,0,1571,1574,C
8-NS,56,1,6,1569,0,1576,G
8-NS,57,0,2,1584,0,1586,G
8-NS,58,1583,0,0,0,1583,A
8-NS,59,1593,0,0,0,1593,A
8-NS,60,1598,0,2,0,1600,A
8-NS,61,0,0,0,1615,1615,C
8-NS,62,1610,1,3,0,1614,A
8-NS,63,1612,0,1,1,1614,A
8-NS,64,1,1,1674,0,1676,G
8-NS,65,0,1677,0,1,1678,T
8-NS,66,0,1674,0,0,1674,T
8-NS,67,0,0,1679,0,1679,G
8-NS,68,0,1681,0,1,1682,T
8-NS,69,1676,0,3,0,1679,A
8-NS,70,0,7,1686,0,1693,G
8-NS,71,1793,0,2,0,1795,A
8-NS,72,0,0,0,1812,1812,C
8-NS,73,4,0,0,1792,1796,C
8-NS,74,1800,0,0,0,1800,A
8-NS,75,1800,0,8,0,1808,A
8-NS,76,0,10,1877,0,1887,G
8-NS,77,1880,0,3,0,1883,A
8-NS,78,1898,0,1,0,1899,A
8-NS,79,0,0,0,1903,1903,C
8-NS,80,0,1856,0,1,1857,T
8-NS,81,1,6,1869,0,1876,G
8-NS,82,1870,0,1,0,1871,A
8-NS,83,0,0,1910,0,1910,G
8-NS,84,0,1907,0,0,1907,T
8-NS,85,1,4,1863,0,1868,G
8-NS,86,1886,0,1,0,1887,A
8-NS,87,1,1879,0,0,1880,T
8-NS,88,2,1,1903,0,1906,G
8-NS,89,1,6,0,1930,1937,C
8-NS,90,1,1,0,1939,1941,C
8-NS,91,5,1,0,1940,1946,C
8-NS,92,5,0,0,1928,1933,C
8-NS,93,1943,1,0,0,1944,A
8-NS,94,0,1966,0,0,1966,T
8-NS,95,0,1993,0,3,1996,T
8-NS,96,2,0,0,2006,2008,C
8-NS,97,0,0,0,1997,1997,C
8-NS,98,1,1991,1,1,1994,T
8-NS,99,0,1988,0,1,1989,T
8-NS,100,0,10,1980,0,1990,G
8-NS,101,1977,2,2,0,1981,A
8-NS,102,1,1989,0,1,1991,T
8-NS,103,10,0,0,1963,1973,C
8-NS,104,1,4,1958,0,1963,G
8-NS,105,0,1,1970,0,1971,G
8-NS,106,0,0,0,1969,1969,C
8-NS,107,0,1965,0,3,1968,T
8-NS,108,1,1969,0,0,1970,T
8-NS,109,8,2,0,1964,1974,C
8-NS,110,0,0,1985,0,1985,G
8-NS,111,1,1,0,1982,1984,C
8-NS,112,0,1,0,1986,1987,C
8-NS,113,1,3,1985,0,1989,G
8-NS,114,1980,0,0,0,1980,A
8-NS,115,0,5,2030,0,2035,G
8-NS,116,2034,0,0,0,2034,A
8-NS,117,1,2042,0,0,2043,T
8-NS,118,3,1,0,2038,2042,C
8-NS,119,2035,0,2,0,2037,A
8-NS,120,0,3,2045,0,2048,G
8-NS,121,2043,0,1,0,2044,A
8-NS,122,0,2,2052,0,2054,G
8-NS,123,1,4,2072,0,2077,G
8-NS,124,0,2072,0,2,2074,T
8-NS,125,4,0,0,2178,2182,C
8-NS,126,3,0,0,2181,2184,C
8-NS,127,4,0,0,2193,2197,C
8-NS,128,0,2195,0,1,2196,T
8-NS,129,2202,0,2,0,2204,A
8-NS,130,2198,0,2,0,2200,A
8-NS,131,0,2,2231,0,2233,G
8-NS,132,0,10,2218,0,2228,G
8-NS,133,1,3,2207,0,2211,G
8-NS,134,0,3,2180,0,2183,G
8-NS,135,2174,0,0,0,2174,A
8-NS,136,2168,0,4,0,2172,A
8-NS,137,0,2,2180,0,2182,G
8-NS,138,2213,0,3,0,2216,A
8-NS,139,0,2,2241,0,2243,G
8-NS,140,0,0,2233,0,2233,G
8-NS,141,1,0,0,2235,2236,C
8-NS,142,2236,0,0,0,2236,A
8-NS,143,2235,0,0,0,2235,A
8-NS,144,0,2244,0,1,2245,T
8-NS,145,2257,0,0,0,2257,A
8-NS,146,1,0,0,2276,2277,C
8-NS,147,0,2236,0,1,2237,T
8-NS,148,5,0,0,2233,2238,C
8-NS,149,0,2223,0,1,2224,T
8-NS,150,3,3,0,2225,2231,C
8-NS,151,1,6,2257,0,2264,G
8-NS,152,0,0,2361,0,2361,G
8-NS,153,1,2356,0,1,2358,T
8-NS,154,7,0,0,2352,2359,C
8-NS,155,0,2339,0,1,2340,T
8-NS,156,2361,0,3,0,2364,A
8-NS,157,0,2,2361,0,2363,G
8-NS,158,2369,0,1,0,2370,A
8-NS,159,0,1,0,2422,2423,C
8-NS,160,2386,0,1,0,2387,A
8-NS,161,0,2329,0,2,2331,T
8-NS,162,5,1,0,2324,2330,C
8-NS,163,2311,0,1,0,2312,A
8-NS,164,2311,0,3,0,2314,A
8-NS,165,2296,1,1,2,2300,A
8-NS,166,0,2,2304,0,2306,G
8-NS,167,2,1,0,2319,2322,C
8-NS,168,2274,0,3,0,2277,A
8-NS,169,0,1,2290,0,2291,G
8-NS,170,0,0,0,2287,2287,C
8-NS,171,2,0,0,2291,2293,C
8-NS,172,2305,0,0,0,2305,A
8-NS,173,2,0,0,2314,2316,C
8-NS,174,4,0,1,2320,2325,C
8-NS,175,7,0,0,2320,2327,C
8-NS,176,2281,62,3,0,2346,A
8-NS,177,1,2342,0,0,2343,T
8-NS,178,1,2,2341,1,2345,G
8-NS,179,1,2349,0,0,2350,T
8-NS,180,0,2338,0,4,2342,T
8-NS,181,1,1,2276,0,2278,G
8-NS,182,0,3,2260,0,2263,G
8-NS,183,2263,0,1,0,2264,A
8-NS,184,2259,0,3,0,2262,A
8-NS,185,2242,0,1,0,2243,A
8-NS,186,1,0,2263,0,2264,G
8-NS,187,0,0,0,2263,2263,C
8-NS,188,2259,0,0,0,2259,A
8-NS,189,2258,0,1,0,2259,A
8-NS,190,2256,0,1,0,2257,A
8-NS,191,0,2267,0,0,2267,T
8-NS,192,1,2261,0,0,2262,T
8-NS,193,2,3,2295,0,2300,G
8-NS,194,0,2298,0,2,2300,T
8-NS,195,2281,1,1,1,2284,A
8-NS,196,1,2,2287,0,2290,G
8-NS,197,2277,1,1,0,2279,A
8-NS,198,2278,0,1,0,2279,A
8-NS,199,2283,0,0,0,2283,A
8-NS,200,2276,0,0,0,2276,A
8-NS,201,1,0,2289,0,2290,G
8-NS,202,2265,0,0,0,2265,A
8-NS,203,0,2264,0,2,2266,T
8-NS,204,0,2263,0,1,2264,T
8-NS,205,4,0,0,2270,2274,C
8-NS,206,1,2269,0,0,2270,T
8-NS,207,1,3,2272,0,2276,G
8-NS,208,2283,0,0,0,2283,A
8-NS,209,2281,1,1,1,2284,A
8-NS,210,2276,0,1,0,2277,A
8-NS,211,0,3,2276,0,2279,G
8-NS,212,2275,0,0,0,2275,A
8-NS,213,2281,0,1,1,2283,A
8-NS,214,2,7,2289,0,2298,G
8-NS,215,2294,0,6,0,2300,A
8-NS,216,2302,1,1,0,2304,A
8-NS,217,0,2303,0,1,2304,T
8-NS,218,1,0,0,2326,2327,C
8-NS,219,0,2320,0,1,2321,T
8-NS,220,0,3,2327,0,2330,G
8-NS,221,2329,1,3,0,2333,A
8-NS,222,1,2333,0,0,2334,T
8-NS,223,0,6,2311,0,2317,G
8-NS,224,2299,0,1,0,2300,A
8-NS,225,0,8,2286,1,2295,G
8-NS,226,0,0,2291,0,2291,G
8-NS,227,0,0,0,2287,2287,C
8-NS,228,2289,0,3,0,2292,A
8-NS,229,0,0,0,2351,2351,C
8-NS,230,1,2343,0,1,2345,T
8-NS,231,2,2348,0,1,2351,T
8-NS,232,2355,0,1,0,2356,A
8-NS,233,2361,0,0,0,2361,A
8-NS,234,2363,0,1,1,2365,A
8-NS,235,2361,1,2,0,2364,A
8-NS,236,1,2362,0,0,2363,T
8-NS,237,0,7,2358,0,2365,G
8-NS,238,2353,0,2,0,2355,A
8-NS,239,1,0,0,2357,2358,C
8-NS,240,6,1,0,2341,2348,C
8-NS,241,2352,0,0,0,2352,A
8-NS,242,0,2345,0,0,2345,T
8-NS,243,1,3,2395,0,2399,G
8-NS,244,0,0,2424,0,2424,G
8-NS,245,0,2434,0,1,2435,T
8-NS,246,11,0,0,2540,2551,C
8-NS,247,0,2525,0,6,2531,T
8-NS,248,2,0,1,2564,2567,C
8-NS,249,6,1,0,2553,2560,C
8-NS,250,2566,0,3,0,2569,A
8-NS,251,0,1,0,2588,2589,C
8-NS,252,2545,1,1,0,2547,A
8-NS,253,0,0,0,2554,2554,C
8-NS,254,1,0,0,2536,2537,C
8-NS,255,0,2426,0,2,2428,T
8-NS,256,2,0,2440,0,2442,G
8-NS,257,0,0,0,2426,2426,C
8-NS,258,0,2410,0,1,2411,T
8-NS,259,0,2422,0,2,2424,T
8-NS,260,6,1,0,2400,2407,C
8-NS,261,1,0,2424,1,2426,G
8-NS,262,2,6,0,2415,2423,C
8-NS,263,0,4,2420,1,2425,G
8-NS,264,2515,1,0,0,2516,A
8-NS,265,0,2503,0,1,2504,T
8-NS,266,2565,0,6,0,2571,A
8-NS,267,0,1,0,2573,2574,C
8-NS,268,2569,1,1,1,2572,A
8-NS,269,0,2622,0,0,2622,T
8-NS,270,2597,0,3,0,2600,A
8-NS,271,2605,1,4,0,2610,A
8-NS,272,0,0,0,2609,2609,C
8-NS,273,0,2526,0,1,2527,T
8-NS,274,0,6,2556,0,2562,G
8-NS,275,2513,0,4,0,2517,A
8-NS,276,0,13,0,2517,2530,C
8-NS,277,2521,0,0,0,2521,A
8-NS,278,0,2500,0,1,2501,T
8-NS,279,0,5,2501,0,2506,G
8-NS,280,2502,1,2,0,2505,A
8-NS,281,1,0,0,2569,2570,C
8-NS,282,1,2550,0,2,2553,T
8-NS,283,2599,0,0,0,2599,A
8-NS,284,0,2592,2,1,2595,T
8-NS,285,1,2569,1,1,2572,T
8-NS,286,12,1,2569,0,2582,G
8-NS,287,2565,2,1,1,2569,A
8-NS,288,0,1,2573,0,2574,G
8-NS,289,1,4,2570,0,2575,G
8-NS,290,2492,0,8,0,2500,A
8-NS,291,2508,0,3,0,2511,A
8-NS,292,1,2461,0,0,2462,T
8-NS,293,1,2449,0,1,2451,T
8-NS,294,0,0,2500,0,2500,G
8-NS,295,0,2502,0,0,2502,T
8-NS,296,8,1,0,2488,2497,C
8-NS,297,2505,0,0,0,2505,A
8-NS,298,2507,0,0,0,2507,A
8-NS,299,0,5,2509,0,2514,G
8-NS,300,2518,1,0,0,2519,A
8-NS,301,2531,0,0,0,2531,A
8-NS,302,2532,3,0,0,2535,A
8-NS,303,2,1,0,2531,2534,C
8-NS,304,0,2492,0,1,2493,T
8-NS,305,0,5,2533,0,2538,G
8-NS,306,2,1,2568,0,2571,G
8-NS,307,2,2562,1,1,2566,T
8-NS,308,0,2563,0,0,2563,T
8-NS,309,14,2,0,2534,2550,C
8-NS,310,2559,1,0,1,2561,A
8-NS,311,1,2592,0,7,2600,T
8-NS,312,3,2,2605,0,2610,G
8-NS,313,0,0,0,2621,2621,C
8-NS,314,0,2598,0,1,2599,T
8-NS,315,2571,0,1,0,2572,A
8-NS,316,2607,0,2,0,2609,A
8-NS,317,0,2626,0,0,2626,T
8-NS,318,1,0,2627,0,2628,G
8-NS,319,0,1,0,2617,2618,C
8-NS,320,6,0,1,2577,2584,C
8-NS,321,4,0,0,2583,2587,C
8-NS,322,2575,0,1,0,2576,A
8-NS,323,2599,1,2,0,2602,A
8-NS,324,1,0,2610,0,2611,G
8-NS,325,3,0,0,2608,2611,C
8-NS,326,2586,0,0,14,2600,A
8-NS,327,0,6,2616,0,2622,G
8-NS,328,2611,1,1,0,2613,A
8-NS,329,2618,2,0,1,2621,A
8-NS,330,2620,1,1,0,2622,A
8-NS,331,0,0,2663,1,2664,G
8-NS,332,0,2643,0,0,2643,T
8-NS,333,2,5,2621,0,2628,G
8-NS,334,0,2,2626,1,2629,G
8-NS,335,2639,0,3,0,2642,A
8-NS,336,2627,1,3,0,2631,A
8-NS,337,1,1,2629,0,2631,G
8-NS,338,3,5,2642,1,2651,G
8-NS,339,2642,0,1,0,2643,A
8-NS,340,4,1,0,2632,2637,C
8-NS,341,3,0,0,2614,2617,C
8-NS,342,1,2603,0,1,2605,T
8-NS,343,2,1,0,2640,2643,C
8-NS,344,2,2638,0,1,2641,T
8-NS,345,0,2659,0,0,2659,T
8-NS,346,1,2653,0,1,2655,T
8-NS,347,3,1,2650,0,2654,G
8-NS,348,0,0,0,2670,2670,C
8-NS,349,2652,0,0,0,2652,A
8-NS,350,1,2645,0,1,2647,T
8-NS,351,6,4,0,2642,2652,C
8-NS,352,2655,0,1,0,2656,A
8-NS,353,2,1,2742,0,2745,G
8-NS,354,2726,0,0,3,2729,A
8-NS,355,2736,1,2,1,2740,A
8-NS,356,0,2733,0,0,2733,T
8-NS,357,2,5,2696,0,2703,G
8-NS,358,6,3,2708,0,2717,G
8-NS,359,2714,1,1,0,2716,A
8-NS,360,1,0,0,2703,2704,C
8-NS,361,8,0,0,2638,2646,C
8-NS,362,2595,0,1,0,2596,A
8-NS,363,1,1,2631,0,2633,G
8-NS,364,2,0,2626,0,2628,G
8-NS,365,1,1,1,2630,2633,C
8-NS,366,2616,2,1,0,2619,A
8-NS,367,2633,0,1,0,2634,A
8-NS,368,0,2625,0,0,2625,T
8-NS,369,9,0,0,2627,2636,C
8-NS,370,2635,1,1,0,2637,A
8-NS,371,0,2617,0,1,2618,T
8-NS,372,4,2,2589,1,2596,G
8-NS,373,0,2,2614,0,2616,G
8-NS,374,2596,0,4,0,2600,A
8-NS,375,0,7,2606,1,2614,G
8-NS,376,2585,1,1,0,2587,A
8-NS,377,2580,1,2,1,2584,A
8-NS,378,2582,0,2,0,2584,A
8-NS,379,2588,0,1,0,2589,A
8-NS,380,2582,0,11,1,2594,A
8-NS,381,1,0,0,2601,2602,C
8-NS,382,2583,0,1,0,2584,A
8-NS,383,0,2580,0,0,2580,T
8-NS,384,5,0,0,2551,2556,C
8-NS,385,2551,0,3,1,2555,A
8-NS,386,0,2565,0,1,2566,T
8-NS,387,1,0,2580,0,2581,G
8-NS,388,0,2574,0,1,2575,T
8-NS,389,0,2557,0,2,2559,T
8-NS,390,0,6,2553,2,2561,G
8-NS,391,2550,1,3,0,2554,A
8-NS,392,2553,0,0,0,2553,A
8-NS,393,2553,0,3,0,2556,A
8-NS,394,0,2,2568,0,2570,G
8-NS,395,1,3,0,2549,2553,C
8-NS,396,1,6,2549,0,2556,G
8-NS,397,2553,2,1,0,2556,A
8-NS,398,2558,1,0,0,2559,A
8-NS,399,0,2559,0,0,2559,T
8-NS,400,1,2552,0,4,2557,T
8-NS,401,0,2561,0,1,2562,T
8-NS,402,6,1,0,2549,2556,C
8-NS,403,2524,1,2,0,2527,A
8-NS,404,1,1,2529,0,2531,G
8-NS,405,0,2520,0,5,2525,T
8-NS,406,1,1,2522,0,2524,G
8-NS,407,0,2510,0,5,2515,T
8-NS,408,0,8,2515,0,2523,G
8-NS,409,2526,0,2,0,2528,A
8-NS,410,0,2523,0,0,2523,T
8-NS,411,0,2523,0,1,2524,T
8-NS,412,0,2516,0,0,2516,T
8-NS,413,0,2519,0,0,2519,T
8-NS,414,1,2524,0,0,2525,T
8-NS,415,2483,1,0,0,2484,A
8-NS,416,2486,0,0,0,2486,A
8-NS,417,0,2478,0,1,2479,T
8-NS,418,6,0,1,2499,2506,C
8-NS,419,0,9,2504,0,2513,G
8-NS,420,2607,2,1,0,2610,A
8-NS,421,0,0,0,2631,2631,C
8-NS,422,0,2628,0,1,2629,T
8-NS,423,2645,0,0,0,2645,A
8-NS,424,0,5,2649,0,2654,G
8-NS,425,2647,2,4,1,2654,A
8-NS,426,0,4,2676,0,2680,G
8-NS,427,2654,0,5,0,2659,A
8-NS,428,4,45,0,2677,2726,C
8-NS,429,6,1,1,2637,2645,C
8-NS,430,2608,0,2,0,2610,A
8-NS,431,1,2720,0,0,2721,T
8-NS,432,2704,0,2,0,2706,A
8-NS,433,1,1,2893,0,2895,G
8-NS,434,0,2874,0,1,2875,T
8-NS,435,2856,1,1,0,2858,A
8-NS,436,0,2847,0,0,2847,T
8-NS,437,0,2775,0,1,2776,T
8-NS,438,2843,1,0,0,2844,A
8-NS,439,0,0,0,2843,2843,C
8-NS,440,0,2712,1,0,2713,T
8-NS,441,2700,0,1,0,2701,A
8-NS,442,2451,0,1,0,2452,A
8-NS,443,1,5,2460,0,2466,G
8-NS,444,0,3,2477,0,2480,G
8-NS,445,0,0,2475,0,2475,G
8-NS,446,0,1,0,2440,2441,C
8-NS,447,0,2382,0,6,2388,T
8-NS,448,0,2382,0,3,2385,T
8-NS,449,0,2424,0,0,2424,T
8-NS,450,5,1,0,2424,2430,C
8-NS,451,2464,0,2,0,2466,A
8-NS,452,2,0,0,2465,2467,C
8-NS,453,3,1,0,2442,2446,C
8-NS,454,1,3,2442,0,2446,G
8-NS,455,2439,1,0,0,2440,A
8-NS,456,2446,0,1,0,2447,A
8-NS,457,0,4,2460,0,2464,G
8-NS,458,2426,0,1,1,2428,A
8-NS,459,0,4,2434,0,2438,G
8-NS,460,3,3,2393,0,2399,G
8-NS,461,2,6,2411,0,2419,G
8-NS,462,2401,0,5,0,2406,A
8-NS,463,1,0,2411,0,2412,G
8-NS,464,0,2,0,2394,2396,C
8-NS,465,2397,0,0,0,2397,A
8-NS,466,2401,0,0,0,2401,A
8-NS,467,0,2395,0,0,2395,T
8-NS,468,0,2378,0,1,2379,T
8-NS,469,0,1,2381,0,2382,G
8-NS,470,1,2341,0,1,2343,T
8-NS,471,0,2335,0,2,2337,T
8-NS,472,0,5,2331,0,2336,G
8-NS,473,1,0,2342,0,2343,G
8-NS,474,0,3,0,2341,2344,C
8-NS,475,3,5,2333,0,2341,G
8-NS,476,2344,1,1,0,2346,A
8-NS,477,2355,0,0,0,2355,A
8-NS,478,2353,0,0,0,2353,A
8-NS,479,0,2365,1,0,2366,T
8-NS,480,2,1,0,2359,2362,C
8-NS,481,1,2346,0,2,2349,T
8-NS,482,6,2,1,2352,2361,C
8-NS,483,2366,0,2,0,2368,A
8-NS,484,1,0,0,2372,2373,C
8-NS,485,6,1,0,2374,2381,C
8-NS,486,2358,1,1,0,2360,A
8-NS,487,0,2355,0,2,2357,T
8-NS,488,0,2333,0,0,2333,T
8-NS,489,1,2,2333,0,2336,G
8-NS,490,1,2,1,2319,2323,C
8-NS,491,0,2,0,2312,2314,C
8-NS,492,0,2318,1,3,2322,T
8-NS,493,0,2320,0,2,2322,T
8-NS,494,4,3,0,2322,2329,C
8-NS,495,0,2321,1,2,2324,T
8-NS,496,0,2331,0,1,2332,T
8-NS,497,0,2379,0,1,2380,T
8-NS,498,1,2359,1,1,2362,T
8-NS,499,3,2,1,2359,2365,C
8-NS,500,1,1,0,2364,2366,C
8-NS,501,2355,1,2,0,2358,A
8-NS,502,0,5,2377,1,2383,G
8-NS,503,0,4,2377,0,2381,G
8-NS,504,2426,0,0,1,2427,A
8-NS,505,0,1,0,2428,2429,C
8-NS,506,2447,0,0,0,2447,A
8-NS,507,0,2448,0,2,2450,T
8-NS,508,2461,1,2,0,2464,A
8-NS,509,2,1,0,2629,2632,C
8-NS,510,1,2629,0,0,2630,T
8-NS,511,2626,0,0,0,2626,A
8-NS,512,0,2621,0,0,2621,T
8-NS,513,0,2541,0,6,2547,T
8-NS,514,0,2,2542,0,2544,G
8-NS,515,2445,0,4,0,2449,A
8-NS,516,0,4,2444,0,2448,G
8-NS,517,0,3,2438,0,2441,G
8-NS,518,2201,0,0,0,2201,A
8-NS,519,0,2206,0,0,2206,T
8-NS,520,2,1,2192,0,2195,G
8-NS,521,0,2188,0,4,2192,T
8-NS,522,6,0,0,2191,2197,C
8-NS,523,2194,0,0,0,2194,A
8-NS,524,2199,1,0,0,2200,A
8-NS,525,2198,0,0,1,2199,A
8-NS,526,2194,0,2,0,2196,A
8-NS,527,2198,1,1,0,2200,A
8-NS,528,0,2191,0,1,2192,T
8-NS,529,0,1,2186,0,2187,G
8-NS,530,2,1,0,2203,2206,C
8-NS,531,2209,0,0,0,2209,A
8-NS,532,2220,1,0,1,2222,A
8-NS,533,0,2225,0,1,2226,T
8-NS,534,0,2227,0,1,2228,T
8-NS,535,0,4,2221,0,2225,G
8-NS,536,1,5,2208,0,2214,G
8-NS,537,0,7,2206,1,2214,G
8-NS,538,0,0,2240,0,2240,G
8-NS,539,0,2205,0,5,2210,T
8-NS,540,6,0,0,2226,2232,C
8-NS,541,2,0,0,2228,2230,C
8-NS,542,0,2226,0,3,2229,T
8-NS,543,3,1,0,2241,2245,C
8-NS,544,2246,0,0,0,2246,A
8-NS,545,0,2247,0,0,2247,T
8-NS,546,2,2,0,2237,2241,C
8-NS,547,1,1,2229,0,2231,G
8-NS,548,0,0,2231,0,2231,G
8-NS,549,2195,0,1,0,2196,A
8-NS,550,0,2,2200,0,2202,G
8-NS,551,0,8,2211,0,2219,G
8-NS,552,2174,0,3,0,2177,A
8-NS,553,1,0,1,2199,2201,C
8-NS,554,1,2194,0,2,2197,T
8-NS,555,0,2196,0,0,2196,T
8-NS,556,0,4,2198,0,2202,G
8-NS,557,2195,0,3,0,2198,A
8-NS,558,2199,0,0,0,2199,A
8-NS,559,2,2189,0,0,2191,T
8-NS,560,0,2,2146,0,2148,G
8-NS,561,0,3,2160,0,2163,G
8-NS,562,2134,0,1,0,2135,A
8-NS,563,2153,0,1,1,2155,A
8-NS,564,0,2235,0,0,2235,T
8-NS,565,0,2,2247,0,2249,G
8-NS,566,2255,0,1,0,2256,A
8-NS,567,0,2258,0,0,2258,T
8-NS,568,2250,0,2,0,2252,A
8-NS,569,2266,1,1,0,2268,A
8-NS,570,1,1,0,2249,2251,C
8-NS,571,2203,2,1,0,2206,A
8-NS,572,0,0,0,2221,2221,C
8-NS,573,2016,0,0,0,2016,A
8-NS,574,0,1,2043,0,2044,G
8-NS,575,0,2032,0,0,2032,T
8-NS,576,0,2025,0,0,2025,T
8-NS,577,6,0,0,2021,2027,C
8-NS,578,0,6,1998,0,2004,G
8-NS,579,1997,0,1,0,1998,A
8-NS,580,0,0,2000,0,2000,G
8-NS,581,0,1964,0,0,1964,T
8-NS,582,9,0,0,1968,1977,C
8-NS,583,0,1926,0,1,1927,T
8-NS,584,4,0,0,1939,1943,C
8-NS,585,1,1948,0,1,1950,T
8-NS,586,1947,0,0,0,1947,A
8-NS,587,1946,0,1,0,1947,A
8-NS,588,1942,0,0,0,1942,A
8-NS,589,1956,0,0,0,1956,A
8-NS,590,1963,0,0,1,1964,A
8-NS,591,1,1937,1,1,1940,T
8-NS,592,0,0,0,1953,1953,C
8-NS,593,0,1938,0,0,1938,T
8-NS,594,1939,0,0,0,1939,A
8-NS,595,0,1,0,1938,1939,C
8-NS,596,1932,2,1,0,1935,A
8-NS,597,0,1,1939,0,1940,G
8-NS,598,1906,1,1,0,1908,A
8-NS,599,1,3,1917,0,1921,G
8-NS,600,1919,0,0,0,1919,A
8-NS,601,1,1895,0,0,1896,T
8-NS,602,0,1895,0,0,1895,T
8-NS,603,10,4,0,1884,1898,C
8-NS,604,1,0,1892,0,1893,G
8-NS,605,0,0,0,1896,1896,C
8-NS,606,0,1887,0,1,1888,T
8-NS,607,0,1892,0,0,1892,T
8-NS,608,1,6,1868,0,1875,G
8-NS,609,0,2,1879,0,1881,G
8-NS,610,1873,0,1,0,1874,A
8-NS,611,0,0,1880,0,1880,G
8-NS,612,1858,0,0,0,1858,A
8-NS,613,1836,1,0,0,1837,A
8-NS,614,0,0,1870,0,1870,G
8-NS,615,0,1,0,1878,1879,C
8-NS,616,1875,0,0,0,1875,A
8-NS,617,1,0,1893,0,1894,G
8-NS,618,0,1868,0,0,1868,T
8-NS,619,1871,0,1,0,1872,A
8-NS,620,1869,0,2,0,1871,A
8-NS,621,0,1869,0,0,1869,T
8-NS,622,1,3,1876,0,1880,G
8-NS,623,1794,0,0,0,1794,A
8-NS,624,0,4,1823,0,1827,G
8-NS,625,1813,1,0,1,1815,A
8-NS,626,1746,0,2,0,1748,A
8-NS,627,0,1744,0,0,1744,T
8-NS,628,0,0,1721,0,1721,G
8-NS,629,1,1,1722,0,1724,G
8-NS,630,0,2,1706,0,1708,G
8-NS,631,0,2,1704,0,1706,G
8-NS,632,1,2,1696,0,1699,G
8-NS,633,1644,0,3,0,1647,A
8-NS,634,0,0,0,1662,1662,C
8-NS,635,4,0,0,1657,1661,C
8-NS,636,0,1612,0,7,1619,T
8-NS,637,6,1,0,1609,1616,C
8-NS,638,2,0,0,1623,1625,C
8-NS,639,1637,0,1,0,1638,A
8-NS,640,0,1,0,1634,1635,C
8-NS,641,0,1603,0,2,1605,T
8-NS,642,0,1602,0,0,1602,T
8-NS,643,1551,0,1,0,1552,A
8-NS,644,0,0,0,1555,1555,C
8-NS,645,1,1538,0,3,1542,T
8-NS,646,3,0,0,1531,1534,C
8-NS,647,3,0,0,1510,1513,C
8-NS,648,1518,0,1,0,1519,A
8-NS,649,1519,1,0,0,1520,A
8-NS,650,1522,0,0,0,1522,A
8-NS,651,1517,0,0,0,1517,A
8-NS,652,0,0,0,1513,1513,C
8-NS,653,1466,0,3,0,1469,A
8-NS,654,0,1,1470,1,1472,G
8-NS,655,1464,0,1,0,1465,A
8-NS,656,1463,0,0,1,1464,A
8-NS,657,1466,0,1,1,1468,A
8-NS,658,0,1,0,1464,1465,C
8-NS,659,2,3,1460,0,1465,G
8-NS,660,0,0,1467,0,1467,G
8-NS,661,0,1,1469,0,1470,G
8-NS,662,1469,0,0,0,1469,A
8-NS,663,1462,0,0,0,1462,A
8-NS,664,1460,0,1,0,1461,A
8-NS,665,0,1457,0,0,1457,T
8-NS,666,0,1,1469,0,1470,G
8-NS,667,0,0,1470,0,1470,G
8-NS,668,1,3,0,1462,1466,C
8-NS,669,0,5,1462,0,1467,G
8-NS,670,1462,0,1,0,1463,A
8-NS,671,2,4,1464,0,1470,G
8-NS,672,1471,0,0,0,1471,A
8-NS,673,1466,0,0,0,1466,A
8-NS,674,0,1,0,1472,1473,C
8-NS,675,1431,0,5,0,1436,A
8-NS,676,0,0,1435,0,1435,G
8-NS,677,0,0,0,1425,1425,C
8-NS,678,0,1432,0,0,1432,T
8-NS,679,1424,0,3,0,1427,A
8-NS,680,0,3,1419,0,1422,G
8-NS,681,0,0,1422,0,1422,G
8-NS,682,0,1413,0,1,1414,T
8-NS,683,10,0,2,1389,1401,C
8-NS,684,1398,0,0,0,1398,A
8-NS,685,1392,0,0,0,1392,A
8-NS,686,1387,0,0,1,1388,A
8-NS,687,1386,0,5,0,1391,A
8-NS,688,0,0,1394,0,1394,G
8-NS,689,0,1354,0,0,1354,T
8-NS,690,0,1350,1,0,1351,T
8-NS,691,0,1351,0,3,1354,T
8-NS,692,1,1,1354,0,1356,G
8-NS,693,1357,0,1,0,1358,A
8-NS,694,1354,0,2,0,1356,A
8-NS,695,0,2,1354,0,1356,G
8-NS,696,1348,0,0,0,1348,A
8-NS,697,1334,2,1,0,1337,A
8-NS,698,1359,0,1,0,1360,A
8-NS,699,0,1358,0,1,1359,T
8-NS,700,1361,0,0,0,1361,A
8-NS,701,1362,0,0,0,1362,A
8-NS,702,0,1,1357,1,1359,G
8-NS,703,1296,0,0,0,1296,A
8-NS,704,0,1296,0,2,1298,T
8-NS,705,0,3,1301,0,1304,G
8-NS,706,1,1,1302,0,1304,G
8-NS,707,0,0,0,1304,1304,C
8-NS,708,0,1292,0,0,1292,T
8-NS,709,1290,0,1,0,1291,A
8-NS,710,1294,0,0,0,1294,A
8-NS,711,0,1300,0,0,1300,T
8-NS,712,1,1294,1,1,1297,T
8-NS,713,0,2,1298,0,1300,G
8-NS,714,1277,0,0,0,1277,A
8-NS,715,1273,0,0,0,1273,A
8-NS,716,0,1,1275,0,1276,G
8-NS,717,1270,0,0,0,1270,A
8-NS,718,1247,2,0,0,1249,A
8-NS,719,2,0,1264,0,1266,G
8-NS,720,0,1239,0,0,1239,T
8-NS,721,0,3,1242,0,1245,G
8-NS,722,1224,0,2,0,1226,A
8-NS,723,0,3,1228,0,1231,G
8-NS,724,1233,0,0,0,1233,A
8-NS,725,0,0,0,1226,1226,C
8-NS,726,1214,0,0,0,1214,A
8-NS,727,0,0,0,1213,1213,C
8-NS,728,1119,0,2,0,1121,A
8-NS,729,0,0,1151,0,1151,G
8-NS,730,1151,0,0,0,1151,A
8-NS,731,0,1146,0,0,1146,T
8-NS,732,0,1140,0,2,1142,T
8-NS,733,1135,0,1,0,1136,A
8-NS,734,1135,0,1,0,1136,A
8-NS,735,1133,2,0,0,1135,A
8-NS,736,1134,0,0,0,1134,A
8-NS,737,1133,0,0,0,1133,A
8-NS,738,0,0,0,1086,1086,C
8-NS,739,1025,0,0,0,1025,A
8-NS,740,1032,1,0,0,1033,A
8-NS,741,0,0,0,1033,1033,C
8-NS,742,0,1025,0,0,1025,T
8-NS,743,0,4,1030,0,1034,G
8-NS,744,1028,0,1,1,1030,A
8-NS,745,1028,0,0,1,1029,A
8-NS,746,1031,0,0,0,1031,A
8-NS,747,1014,1,0,0,1015,A
8-NS,748,0,1014,0,0,1014,T
8-NS,749,991,0,2,0,993,A
8-NS,750,0,1,1002,0,1003,G
8-NS,751,0,0,0,998,998,C
8-NS,752,0,985,0,1,986,T
8-NS,753,1,986,0,0,987,T
8-NS,754,1,974,0,0,975,T
8-NS,755,0,4,977,0,981,G
8-NS,756,978,0,0,0,978,A
8-NS,757,975,0,2,0,977,A
8-NS,758,1,1,0,978,980,C
8-NS,759,945,0,0,0,945,A
8-NS,760,949,1,0,1,951,A
8-NS,761,950,2,0,0,952,A
8-NS,762,1,948,0,0,949,T
8-NS,763,952,0,0,0,952,A
8-NS,764,942,0,0,0,942,A
8-NS,765,0,1,0,940,941,C
8-NS,766,930,0,0,0,930,A
8-NS,767,0,913,0,0,913,T
8-NS,768,0,894,0,1,895,T
8-NS,769,1,0,0,891,892,C
8-NS,770,880,0,1,0,881,A
8-NS,771,0,881,0,0,881,T
8-NS,772,0,0,880,0,880,G
8-NS,773,1,0,0,866,867,C
8-NS,774,857,1,1,0,859,A
8-NS,775,852,0,2,0,854,A
8-NS,776,0,0,855,0,855,G
8-NS,777,0,0,0,868,868,C
8-NS,778,857,0,0,0,857,A
8-NS,779,0,856,0,0,856,T
8-NS,780,0,848,0,0,848,T
8-NS,781,847,0,1,0,848,A
8-NS,782,0,1,0,846,847,C
8-NS,783,822,0,2,0,824,A
8-NS,784,0,0,700,0,700,G
8-NS,785,0,0,0,700,700,C
8-NS,786,0,695,0,2,697,T
8-NS,787,0,0,700,0,700,G
8-NS,788,0,1,2,682,685,C
8-NS,789,2,662,0,0,664,T
8-NS,790,0,0,669,0,669,G
8-NS,791,0,661,1,0,662,T
8-NS,792,0,662,0,0,662,T
8-NS,793,0,659,0,0,659,T
8-NS,794,0,1,654,0,655,G
8-NS,795,654,0,4,0,658,A
8-NS,796,642,0,0,0,642,A
8-NS,797,0,0,643,0,643,G
8-NS,798,0,629,0,0,629,T
8-NS,799,0,0,603,0,603,G
8-NS,800,0,0,605,0,605,G
8-NS,801,605,0,0,0,605,A
8-NS,802,605,0,0,0,605,A
8-NS,803,0,0,0,603,603,C
8-NS,804,584,0,0,0,584,A
8-NS,805,0,0,581,0,581,G
8-NS,806,0,2,574,0,576,G
8-NS,807,568,0,1,0,569,A
8-NS,808,0,1,567,0,568,G
8-NS,809,477,0,1,0,478,A
8-NS,810,0,476,0,0,476,T
8-NS,811,473,0,0,0,473,A
8-NS,812,472,0,1,0,473,A
8-NS,813,0,0,474,0,474,G
8-NS,814,425,0,0,0,425,A
8-NS,815,422,0,0,0,422,A
8-NS,816,0,0,0,415,415,C
8-NS,817,0,358,0,1,359,T
8-NS,818,0,350,0,0,350,T
8-NS,819,0,345,0,1,346,T
8-NS,820,0,0,0,347,347,C
8-NS,821,0,336,0,0,336,T
8-NS,822,1,0,0,324,325,C
8-NS,823,314,0,1,0,315,A
8-NS,824,0,312,0,0,312,T
8-NS,825,0,307,0,0,307,T
8-NS,826,1,305,0,0,306,T
8-NS,827,1,0,0,306,307,C
8-NS,828,292,1,0,0,293,A
8-NS,829,0,0,293,0,293,G
8-NS,830,0,1,0,291,292,C
8-NS,831,0,269,0,2,271,T
8-NS,832,0,268,0,0,268,T
8-NS,833,260,0,0,0,260,A
8-NS,834,0,260,0,0,260,T
8-NS,835,0,258,0,0,258,T
8-NS,836,0,258,0,0,258,T
8-NS,837,249,0,0,0,249,A
8-NS,838,240,0,0,0,240,A
8-NS,839,0,235,0,0,235,T
8-NS,840,0,0,233,1,234,G
8-NS,841,232,0,0,0,232,A
8-NS,842,0,211,0,0,211,T
8-NS,843,207,0,0,0,207,A
8-NS,844,205,0,0,0,205,A
8-NS,845,205,0,0,0,205,A
8-NS,846,205,0,1,0,206,A
8-NS,847,204,0,1,0,205,A
8-NS,848,202,0,0,0,202,A
8-NS,849,0,0,0,198,198,C
8-NS,850,175,0,0,0,175,A
8-NS,851,1,0,0,174,175,C
8-NS,852,0,0,0,166,166,C
8-NS,853,0,0,0,162,162,C
8-NS,854,0,148,0,0,148,T
8-NS,855,0,140,0,0,140,T
8-NS,856,0,0,140,0,140,G
8-NS,857,0,138,0,0,138,T
8-NS,858,0,136,0,0,136,T
8-NS,859,0,134,0,0,134,T
8-NS,860,0,0,0,64,64,C
8-NS,861,0,49,0,0,49,T
8-NS,862,44,0,0,0,44,A
8-NS,863,0,0,0,43,43,C
