Gene,Position,A,T,G,C,Coverage,Consensus
1-PB2,1,118,0,0,0,118,A
1-PB2,2,0,119,0,0,119,T
1-PB2,3,0,0,122,0,122,G
1-PB2,4,0,1,120,0,121,G
1-PB2,5,122,0,0,0,122,A
1-PB2,6,121,0,0,0,121,A
1-PB2,7,123,0,0,0,123,A
1-PB2,8,0,1,133,0,134,G
1-PB2,9,130,0,0,0,130,A
1-PB2,10,134,0,0,0,134,A
1-PB2,11,0,141,0,0,141,T
1-PB2,12,139,0,0,0,139,A
1-PB2,13,139,0,0,0,139,A
1-PB2,14,140,0,0,0,140,A
1-PB2,15,140,0,0,0,140,A
1-PB2,16,0,1,150,0,151,G
1-PB2,17,148,0,0,0,148,A
1-PB2,18,151,0,0,0,151,A
1-PB2,19,0,0,0,153,153,C
1-PB2,20,0,154,0,0,154,T
1-PB2,21,159,0,0,0,159,A
1-PB2,22,0,0,0,158,158,C
1-PB2,23,0,0,159,0,159,G
1-PB2,24,0,1,164,0,165,G
1-PB2,25,167,0,0,0,167,A
1-PB2,26,171,0,0,0,171,A
1-PB2,27,0,168,0,1,169,T
1-PB2,28,0,0,0,171,171,C
1-PB2,29,0,170,0,0,170,T
1-PB2,30,0,0,169,0,169,G
1-PB2,31,174,0,0,0,174,A
1-PB2,32,0,175,0,0,175,T
1-PB2,33,0,0,175,0,175,G
1-PB2,34,0,177,0,0,177,T
1-PB2,35,0,0,0,179,179,C
1-PB2,36,0,0,177,0,177,G
1-PB2,37,1,0,0,175,176,C
1-PB2,38,178,0,0,0,178,A
1-PB2,39,0,0,194,0,194,G
1-PB2,40,0,197,0,0,197,T
1-PB2,41,0,0,0,197,197,C
1-PB2,42,0,196,0,1,197,T
1-PB2,43,0,0,0,195,195,C
1-PB2,44,0,0,193,0,193,G
1-PB2,45,1,0,0,195,196,C
1-PB2,46,194,0,1,0,195,A
1-PB2,47,0,0,0,198,198,C
1-PB2,48,0,195,0,0,195,T
1-PB2,49,2,0,0,203,205,C
1-PB2,50,0,0,206,0,206,G
1-PB2,51,0,0,0,207,207,C
1-PB2,52,0,1,204,0,205,G
1-PB2,53,205,0,0,0,205,A
1-PB2,54,0,0,208,0,208,G
1-PB2,55,217,0,0,0,217,A
1-PB2,56,0,214,0,0,214,T
1-PB2,57,215,0,1,0,216,A
1-PB2,58,0,0,0,212,212,C
1-PB2,59,0,209,0,0,209,T
1-PB2,60,0,1,207,0,208,G
1-PB2,61,210,0,0,0,210,A
1-PB2,62,0,0,0,207,207,C
1-PB2,63,208,0,0,0,208,A
1-PB2,64,207,0,0,0,207,A
1-PB2,65,208,0,0,0,208,A
1-PB2,66,208,0,0,0,208,A
1-PB2,67,211,0,0,0,211,A
1-PB2,68,0,0,0,212,212,C
1-PB2,69,1,0,0,210,211,C
1-PB2,70,219,0,0,0,219,A
1-PB2,71,0,0,0,225,225,C
1-PB2,72,226,0,0,0,226,A
1-PB2,73,0,0,238,0,238,G
1-PB2,74,0,238,0,0,238,T
1-PB2,75,0,1,247,0,248,G
1-PB2,76,0,1,243,0,244,G
1-PB2,77,243,0,0,0,243,A
1-PB2,78,0,0,0,256,256,C
1-PB2,79,0,0,0,252,252,C
1-PB2,80,253,0,0,0,253,A
1-PB2,81,0,253,0,0,253,T
1-PB2,82,249,0,0,0,249,A
1-PB2,83,0,247,0,0,247,T
1-PB2,84,0,1,248,0,249,G
1-PB2,85,0,0,251,0,251,G
1-PB2,86,0,0,0,253,253,C
1-PB2,87,1,0,0,247,248,C
1-PB2,88,245,0,0,0,245,A
1-PB2,89,0,263,0,0,263,T
1-PB2,90,262,0,0,0,262,A
1-PB2,91,274,0,0,0,274,A
1-PB2,92,0,274,0,0,274,T
1-PB2,93,0,271,0,0,271,T
1-PB2,94,273,0,0,0,273,A
1-PB2,95,269,0,1,0,270,A
1-PB2,96,0,0,277,0,277,G
1-PB2,97,280,0,0,0,280,A
1-PB2,98,277,0,0,0,277,A
1-PB2,99,0,0,295,0,295,G
1-PB2,100,0,288,0,0,288,T
1-PB2,101,291,0,0,0,291,A
1-PB2,102,0,0,0,293,293,C
1-PB2,103,291,0,0,0,291,A
1-PB2,104,0,0,0,302,302,C
1-PB2,105,302,0,0,0,302,A
1-PB2,106,0,303,0,0,303,T
1-PB2,107,1,0,0,306,307,C
1-PB2,108,1,0,294,0,295,G
1-PB2,109,0,0,292,0,292,G
1-PB2,110,0,0,297,0,297,G
1-PB2,111,0,1,299,0,300,G
1-PB2,112,299,0,0,0,299,A
1-PB2,113,0,2,302,0,304,G
1-PB2,114,300,0,0,0,300,A
1-PB2,115,0,0,0,307,307,C
1-PB2,116,306,0,0,0,306,A
1-PB2,117,0,0,309,0,309,G
1-PB2,118,0,0,312,0,312,G
1-PB2,119,316,0,0,0,316,A
1-PB2,120,321,0,0,0,321,A
1-PB2,121,316,0,0,0,316,A
1-PB2,122,316,0,0,0,316,A
1-PB2,123,0,0,313,0,313,G
1-PB2,124,313,0,2,0,315,A
1-PB2,125,315,0,0,0,315,A
1-PB2,126,2,0,0,308,310,C
1-PB2,127,0,0,0,311,311,C
1-PB2,128,1,0,0,310,311,C
1-PB2,129,0,1,312,0,313,G
1-PB2,130,0,309,0,0,309,T
1-PB2,131,1,0,0,312,313,C
1-PB2,132,312,0,0,0,312,A
1-PB2,133,0,0,0,313,313,C
1-PB2,134,0,316,0,0,316,T
1-PB2,135,0,314,0,0,314,T
1-PB2,136,310,0,1,0,311,A
1-PB2,137,0,1,316,0,317,G
1-PB2,138,0,0,315,0,315,G
1-PB2,139,315,0,0,0,315,A
1-PB2,140,0,316,0,0,316,T
1-PB2,141,0,0,320,0,320,G
1-PB2,142,322,0,0,0,322,A
1-PB2,143,325,0,0,0,325,A
1-PB2,144,324,0,0,0,324,A
1-PB2,145,0,325,0,0,325,T
1-PB2,146,0,0,331,0,331,G
1-PB2,147,1,0,329,0,330,G
1-PB2,148,328,0,0,0,328,A
1-PB2,149,0,327,0,0,327,T
1-PB2,150,0,0,322,0,322,G
1-PB2,151,321,0,0,0,321,A
1-PB2,152,0,324,0,1,325,T
1-PB2,153,0,0,326,0,326,G
1-PB2,154,0,0,326,0,326,G
1-PB2,155,0,0,0,333,333,C
1-PB2,156,328,0,0,0,328,A
1-PB2,157,333,0,0,0,333,A
1-PB2,158,0,334,0,0,334,T
1-PB2,159,0,1,341,0,342,G
1-PB2,160,341,0,0,0,341,A
1-PB2,161,343,0,0,0,343,A
1-PB2,162,342,0,0,0,342,A
1-PB2,163,0,344,0,0,344,T
1-PB2,164,347,0,0,0,347,A
1-PB2,165,0,0,0,355,355,C
1-PB2,166,0,0,0,347,347,C
1-PB2,167,0,0,0,350,350,C
1-PB2,168,343,0,0,0,343,A
1-PB2,169,343,0,0,0,343,A
1-PB2,170,0,339,0,0,339,T
1-PB2,171,2,0,0,343,345,C
1-PB2,172,342,0,0,0,342,A
1-PB2,173,0,0,0,348,348,C
1-PB2,174,0,347,0,0,347,T
1-PB2,175,5,0,340,0,345,G
1-PB2,176,0,0,0,351,351,C
1-PB2,177,0,349,0,0,349,T
1-PB2,178,0,0,350,1,351,G
1-PB2,179,348,0,1,0,349,A
1-PB2,180,0,0,0,354,354,C
1-PB2,181,352,0,0,0,352,A
1-PB2,182,343,0,0,0,343,A
1-PB2,183,344,0,0,0,344,A
1-PB2,184,344,0,0,0,344,A
1-PB2,185,0,0,353,0,353,G
1-PB2,186,0,0,351,0,351,G
1-PB2,187,350,0,0,0,350,A
1-PB2,188,0,350,0,0,350,T
1-PB2,189,348,0,0,0,348,A
1-PB2,190,352,0,0,0,352,A
1-PB2,191,0,0,0,355,355,C
1-PB2,192,356,0,0,0,356,A
1-PB2,193,0,1,357,0,358,G
1-PB2,194,353,0,1,0,354,A
1-PB2,195,353,0,0,0,353,A
1-PB2,196,356,0,0,0,356,A
1-PB2,197,0,355,0,0,355,T
1-PB2,198,0,0,354,0,354,G
1-PB2,199,0,0,359,0,359,G
1-PB2,200,0,358,0,0,358,T
1-PB2,201,0,357,0,0,357,T
1-PB2,202,2,0,0,351,353,C
1-PB2,203,1,0,0,354,355,C
1-PB2,204,1,0,360,0,361,G
1-PB2,205,0,0,357,0,357,G
1-PB2,206,354,0,1,0,355,A
1-PB2,207,0,3,354,0,357,G
1-PB2,208,351,0,0,0,351,A
1-PB2,209,0,0,360,0,360,G
1-PB2,210,355,0,0,0,355,A
1-PB2,211,357,0,0,0,357,A
1-PB2,212,358,0,0,0,358,A
1-PB2,213,0,359,0,0,359,T
1-PB2,214,0,2,359,0,361,G
1-PB2,215,364,0,0,0,364,A
1-PB2,216,363,0,1,0,364,A
1-PB2,217,0,0,0,360,360,C
1-PB2,218,360,0,0,0,360,A
1-PB2,219,356,0,0,0,356,A
1-PB2,220,0,0,362,0,362,G
1-PB2,221,0,0,366,0,366,G
1-PB2,222,370,0,0,0,370,A
1-PB2,223,0,0,0,369,369,C
1-PB2,224,365,0,0,0,365,A
1-PB2,225,366,0,0,0,366,A
1-PB2,226,378,0,1,0,379,A
1-PB2,227,0,0,0,380,380,C
1-PB2,228,0,378,0,0,378,T
1-PB2,229,0,0,0,389,389,C
1-PB2,230,0,382,0,0,382,T
1-PB2,231,385,0,0,0,385,A
1-PB2,232,0,380,0,0,380,T
1-PB2,233,0,1,383,0,384,G
1-PB2,234,0,0,389,0,389,G
1-PB2,235,381,0,1,0,382,A
1-PB2,236,0,0,386,0,386,G
1-PB2,237,0,383,0,0,383,T
1-PB2,238,379,0,1,0,380,A
1-PB2,239,383,0,0,0,383,A
1-PB2,240,383,0,0,0,383,A
1-PB2,241,381,0,1,0,382,A
1-PB2,242,0,376,0,0,376,T
1-PB2,243,0,3,377,0,380,G
1-PB2,244,374,0,0,0,374,A
1-PB2,245,0,0,376,0,376,G
1-PB2,246,0,373,0,2,375,T
1-PB2,247,0,0,372,0,372,G
1-PB2,248,387,0,0,0,387,A
1-PB2,249,0,390,0,0,390,T
1-PB2,250,0,0,392,0,392,G
1-PB2,251,0,0,0,393,393,C
1-PB2,252,0,389,0,1,390,T
1-PB2,253,1,2,397,0,400,G
1-PB2,254,0,1,397,0,398,G
1-PB2,255,404,0,0,0,404,A
1-PB2,256,0,403,0,0,403,T
1-PB2,257,0,0,0,406,406,C
1-PB2,258,406,0,0,0,406,A
1-PB2,259,0,0,416,0,416,G
1-PB2,260,412,1,1,1,415,A
1-PB2,261,0,419,0,0,419,T
1-PB2,262,411,0,0,0,411,A
1-PB2,263,0,0,429,0,429,G
1-PB2,264,418,0,1,0,419,A
1-PB2,265,0,1,428,0,429,G
1-PB2,266,0,423,0,0,423,T
1-PB2,267,0,1,421,0,422,G
1-PB2,268,410,0,2,0,412,A
1-PB2,269,0,412,0,0,412,T
1-PB2,270,1,1,416,0,418,G
1-PB2,271,0,1,425,0,426,G
1-PB2,272,0,420,0,0,420,T
1-PB2,273,421,0,0,0,421,A
1-PB2,274,0,417,0,0,417,T
1-PB2,275,1,0,0,416,417,C
1-PB2,276,420,0,0,0,420,A
1-PB2,277,0,0,0,427,427,C
1-PB2,278,0,0,0,427,427,C
1-PB2,279,0,414,0,0,414,T
1-PB2,280,0,417,0,0,417,T
1-PB2,281,0,416,0,1,417,T
1-PB2,282,0,2,414,0,416,G
1-PB2,283,0,0,412,0,412,G
1-PB2,284,0,0,0,424,424,C
1-PB2,285,0,418,0,0,418,T
1-PB2,286,0,0,423,0,423,G
1-PB2,287,0,423,0,0,423,T
1-PB2,288,423,0,0,0,423,A
1-PB2,289,424,0,0,0,424,A
1-PB2,290,0,0,0,423,423,C
1-PB2,291,416,0,0,0,416,A
1-PB2,292,0,415,0,0,415,T
1-PB2,293,0,1,409,0,410,G
1-PB2,294,0,0,417,0,417,G
1-PB2,295,0,415,0,0,415,T
1-PB2,296,0,3,415,0,418,G
1-PB2,297,0,0,426,0,426,G
1-PB2,298,427,0,0,0,427,A
1-PB2,299,430,0,0,0,430,A
1-PB2,300,0,427,0,0,427,T
1-PB2,301,432,0,0,0,432,A
1-PB2,302,0,0,434,0,434,G
1-PB2,303,435,0,0,0,435,A
1-PB2,304,435,0,0,0,435,A
1-PB2,305,436,0,0,0,436,A
1-PB2,306,0,417,0,1,418,T
1-PB2,307,0,0,415,0,415,G
1-PB2,308,0,2,414,0,416,G
1-PB2,309,421,0,2,0,423,A
1-PB2,310,0,0,0,421,421,C
1-PB2,311,2,0,0,418,420,C
1-PB2,312,0,0,0,426,426,C
1-PB2,313,0,0,429,0,429,G
1-PB2,314,0,433,0,0,433,T
1-PB2,315,0,2,434,0,436,G
1-PB2,316,440,0,0,0,440,A
1-PB2,317,0,0,0,444,444,C
1-PB2,318,444,0,0,0,444,A
1-PB2,319,439,0,0,0,439,A
1-PB2,320,0,0,450,0,450,G
1-PB2,321,0,447,0,0,447,T
1-PB2,322,448,0,1,0,449,A
1-PB2,323,0,0,0,442,442,C
1-PB2,324,0,2,435,0,437,G
1-PB2,325,0,0,452,0,452,G
1-PB2,326,0,447,0,0,447,T
1-PB2,327,1,0,0,450,451,C
1-PB2,328,0,0,0,453,453,C
1-PB2,329,446,0,1,0,447,A
1-PB2,330,0,451,0,0,451,T
1-PB2,331,0,445,0,0,445,T
1-PB2,332,466,1,1,0,468,A
1-PB2,333,0,0,0,462,462,C
1-PB2,334,0,0,0,453,453,C
1-PB2,335,1,0,1,453,455,C
1-PB2,336,452,0,0,0,452,A
1-PB2,337,454,0,0,0,454,A
1-PB2,338,457,0,0,0,457,A
1-PB2,339,461,0,0,0,461,A
1-PB2,340,0,1,465,0,466,G
1-PB2,341,1,451,0,0,452,T
1-PB2,342,0,0,463,0,463,G
1-PB2,343,0,459,0,0,459,T
1-PB2,344,465,0,0,0,465,A
1-PB2,345,0,0,0,463,463,C
1-PB2,346,461,0,0,0,461,A
1-PB2,347,464,0,1,0,465,A
1-PB2,348,0,1,466,0,467,G
1-PB2,349,455,0,0,0,455,A
1-PB2,350,1,0,0,465,466,C
1-PB2,351,0,463,0,0,463,T
1-PB2,352,1,466,0,0,467,T
1-PB2,353,470,0,1,0,471,A
1-PB2,354,0,467,0,1,468,T
1-PB2,355,0,470,0,0,470,T
1-PB2,356,0,465,0,0,465,T
1-PB2,357,0,0,0,459,459,C
1-PB2,358,0,3,455,0,458,G
1-PB2,359,459,0,0,0,459,A
1-PB2,360,0,0,0,460,460,C
1-PB2,361,460,0,0,0,460,A
1-PB2,362,455,0,0,0,455,A
1-PB2,363,461,0,0,0,461,A
1-PB2,364,0,0,470,0,470,G
1-PB2,365,0,462,0,0,462,T
1-PB2,366,0,0,0,468,468,C
1-PB2,367,0,0,468,0,468,G
1-PB2,368,466,0,0,0,466,A
1-PB2,369,466,0,0,0,466,A
1-PB2,370,464,0,1,0,465,A
1-PB2,371,0,2,472,0,474,G
1-PB2,372,0,0,477,0,477,G
1-PB2,373,0,474,0,0,474,T
1-PB2,374,0,474,0,0,474,T
1-PB2,375,475,0,0,0,475,A
1-PB2,376,473,0,1,0,474,A
1-PB2,377,478,0,0,0,478,A
1-PB2,378,481,0,0,1,482,A
1-PB2,379,0,0,0,486,486,C
1-PB2,380,481,0,0,0,481,A
1-PB2,381,0,471,0,0,471,T
1-PB2,382,0,2,471,0,473,G
1-PB2,383,0,1,473,0,474,G
1-PB2,384,476,0,0,0,476,A
1-PB2,385,476,0,0,0,476,A
1-PB2,386,1,0,0,497,498,C
1-PB2,387,1,0,0,496,497,C
1-PB2,388,0,495,0,0,495,T
1-PB2,389,0,491,0,0,491,T
1-PB2,390,0,499,0,0,499,T
1-PB2,391,0,1,494,0,495,G
1-PB2,392,1,1,487,0,489,G
1-PB2,393,0,0,0,490,490,C
1-PB2,394,2,0,0,487,489,C
1-PB2,395,0,1,0,487,488,C
1-PB2,396,0,476,0,0,476,T
1-PB2,397,0,0,483,0,483,G
1-PB2,398,0,483,0,1,484,T
1-PB2,399,0,480,0,0,480,T
1-PB2,400,4,0,0,480,484,C
1-PB2,401,482,0,0,0,482,A
1-PB2,402,0,480,0,0,480,T
1-PB2,403,0,480,0,0,480,T
1-PB2,404,0,476,0,0,476,T
1-PB2,405,0,480,0,0,480,T
1-PB2,406,472,0,0,0,472,A
1-PB2,407,0,0,466,0,466,G
1-PB2,408,467,0,0,0,467,A
1-PB2,409,468,0,0,0,468,A
1-PB2,410,471,0,0,0,471,A
1-PB2,411,0,467,0,0,467,T
1-PB2,412,1,0,0,470,471,C
1-PB2,413,469,0,0,0,469,A
1-PB2,414,473,0,1,0,474,A
1-PB2,415,0,0,479,0,479,G
1-PB2,416,0,476,0,0,476,T
1-PB2,417,1,0,0,477,478,C
1-PB2,418,478,0,0,0,478,A
1-PB2,419,476,0,0,0,476,A
1-PB2,420,0,0,480,0,480,G
1-PB2,421,477,0,0,0,477,A
1-PB2,422,0,478,0,0,478,T
1-PB2,423,478,0,0,0,478,A
1-PB2,424,0,0,0,477,477,C
1-PB2,425,0,1,476,0,477,G
1-PB2,426,1,0,0,483,484,C
1-PB2,427,480,0,0,0,480,A
1-PB2,428,0,1,481,0,482,G
1-PB2,429,484,0,0,0,484,A
1-PB2,430,492,0,0,0,492,A
1-PB2,431,0,2,499,0,501,G
1-PB2,432,487,0,1,0,488,A
1-PB2,433,0,0,492,0,492,G
1-PB2,434,0,484,0,0,484,T
1-PB2,435,488,0,0,0,488,A
1-PB2,436,0,1,488,0,489,G
1-PB2,437,485,0,0,0,485,A
1-PB2,438,0,0,0,502,502,C
1-PB2,439,496,0,0,0,496,A
1-PB2,440,0,485,0,0,485,T
1-PB2,441,484,0,0,0,484,A
1-PB2,442,483,0,0,0,483,A
1-PB2,443,483,0,0,0,483,A
1-PB2,444,0,0,0,490,490,C
1-PB2,445,0,0,0,481,481,C
1-PB2,446,1,0,0,474,475,C
1-PB2,447,0,445,0,1,446,T
1-PB2,448,0,0,451,0,451,G
1-PB2,449,0,1,454,0,455,G
1-PB2,450,0,450,0,1,451,T
1-PB2,451,2,0,0,455,457,C
1-PB2,452,455,0,0,0,455,A
1-PB2,453,0,448,0,0,448,T
1-PB2,454,0,1,453,0,454,G
1-PB2,455,1,0,0,457,458,C
1-PB2,456,449,0,0,0,449,A
1-PB2,457,0,1,457,0,458,G
1-PB2,458,450,0,1,0,451,A
1-PB2,459,0,0,0,453,453,C
1-PB2,460,1,0,0,455,456,C
1-PB2,461,0,441,0,0,441,T
1-PB2,462,2,0,0,442,444,C
1-PB2,463,437,0,0,0,437,A
1-PB2,464,0,0,446,0,446,G
1-PB2,465,0,446,0,1,447,T
1-PB2,466,0,0,448,0,448,G
1-PB2,467,0,0,0,446,446,C
1-PB2,468,0,0,0,436,436,C
1-PB2,469,439,0,1,0,440,A
1-PB2,470,437,0,0,0,437,A
1-PB2,471,438,0,0,0,438,A
1-PB2,472,0,0,437,0,437,G
1-PB2,473,415,0,1,0,416,A
1-PB2,474,0,2,417,0,419,G
1-PB2,475,1,0,417,0,418,G
1-PB2,476,0,0,0,421,421,C
1-PB2,477,417,0,0,0,417,A
1-PB2,478,0,0,0,423,423,C
1-PB2,479,421,0,0,0,421,A
1-PB2,480,428,0,0,0,428,A
1-PB2,481,0,0,431,0,431,G
1-PB2,482,436,0,0,0,436,A
1-PB2,483,0,436,0,2,438,T
1-PB2,484,0,0,438,0,438,G
1-PB2,485,0,431,0,0,431,T
1-PB2,486,438,0,0,0,438,A
1-PB2,487,434,0,0,0,434,A
1-PB2,488,0,435,0,0,435,T
1-PB2,489,0,419,0,0,419,T
1-PB2,490,413,0,0,0,413,A
1-PB2,491,0,393,0,0,393,T
1-PB2,492,0,0,394,0,394,G
1-PB2,493,0,1,393,0,394,G
1-PB2,494,386,0,3,0,389,A
1-PB2,495,383,0,0,0,383,A
1-PB2,496,0,0,388,0,388,G
1-PB2,497,0,383,0,0,383,T
1-PB2,498,0,387,0,0,387,T
1-PB2,499,0,0,391,0,391,G
1-PB2,500,0,391,0,0,391,T
1-PB2,501,0,389,0,0,389,T
1-PB2,502,0,388,0,0,388,T
1-PB2,503,0,392,0,0,392,T
1-PB2,504,0,392,0,0,392,T
1-PB2,505,0,0,0,391,391,C
1-PB2,506,0,0,0,390,390,C
1-PB2,507,1,0,0,391,392,C
1-PB2,508,396,0,0,0,396,A
1-PB2,509,395,0,0,0,395,A
1-PB2,510,0,397,0,0,397,T
1-PB2,511,0,1,396,0,397,G
1-PB2,512,396,0,0,0,396,A
1-PB2,513,396,0,0,0,396,A
1-PB2,514,0,1,399,0,400,G
1-PB2,515,0,397,0,0,397,T
1-PB2,516,0,0,394,0,394,G
1-PB2,517,0,1,394,0,395,G
1-PB2,518,0,1,390,0,391,G
1-PB2,519,397,0,3,0,400,A
1-PB2,520,0,0,396,0,396,G
1-PB2,521,0,0,0,397,397,C
1-PB2,522,0,0,0,405,405,C
1-PB2,523,404,0,0,0,404,A
1-PB2,524,0,0,413,0,413,G
1-PB2,525,0,1,415,0,416,G
1-PB2,526,418,0,0,0,418,A
1-PB2,527,0,416,0,0,416,T
1-PB2,528,413,0,0,0,413,A
1-PB2,529,0,1,0,413,414,C
1-PB2,530,0,412,0,0,412,T
1-PB2,531,412,0,0,0,412,A
1-PB2,532,412,0,0,0,412,A
1-PB2,533,0,0,0,406,406,C
1-PB2,534,400,0,0,0,400,A
1-PB2,535,0,396,0,0,396,T
1-PB2,536,1,0,0,393,394,C
1-PB2,537,390,0,0,0,390,A
1-PB2,538,0,3,394,0,397,G
1-PB2,539,391,0,1,0,392,A
1-PB2,540,393,0,0,0,393,A
1-PB2,541,0,391,0,1,392,T
1-PB2,542,0,1,0,390,391,C
1-PB2,543,389,0,1,0,390,A
1-PB2,544,0,0,0,399,399,C
1-PB2,545,403,0,1,0,404,A
1-PB2,546,403,0,0,0,403,A
1-PB2,547,0,395,1,0,396,T
1-PB2,548,0,399,0,0,399,T
1-PB2,549,402,0,0,0,402,A
1-PB2,550,401,0,0,0,401,A
1-PB2,551,0,0,0,407,407,C
1-PB2,552,403,0,0,0,403,A
1-PB2,553,397,0,0,0,397,A
1-PB2,554,0,406,0,0,406,T
1-PB2,555,405,0,0,0,405,A
1-PB2,556,398,0,0,0,398,A
1-PB2,557,0,0,0,403,403,C
1-PB2,558,0,402,0,0,402,T
1-PB2,559,397,0,0,0,397,A
1-PB2,560,389,0,1,0,390,A
1-PB2,561,394,0,1,0,395,A
1-PB2,562,1,1,392,0,394,G
1-PB2,563,393,0,0,0,393,A
1-PB2,564,0,0,392,0,392,G
1-PB2,565,389,0,1,0,390,A
1-PB2,566,389,0,0,0,389,A
1-PB2,567,392,0,0,0,392,A
1-PB2,568,390,0,0,0,390,A
1-PB2,569,388,0,0,0,388,A
1-PB2,570,394,0,0,0,394,A
1-PB2,571,0,0,390,0,390,G
1-PB2,572,393,0,1,0,394,A
1-PB2,573,390,0,0,0,390,A
1-PB2,574,0,1,387,0,388,G
1-PB2,575,384,0,0,0,384,A
1-PB2,576,385,0,0,0,385,A
1-PB2,577,0,1,0,387,388,C
1-PB2,578,0,381,0,0,381,T
1-PB2,579,1,0,0,384,385,C
1-PB2,580,2,0,0,386,388,C
1-PB2,581,0,0,388,1,389,G
1-PB2,582,390,0,0,0,390,A
1-PB2,583,0,0,390,0,390,G
1-PB2,584,387,0,0,0,387,A
1-PB2,585,0,382,0,0,382,T
1-PB2,586,0,373,0,1,374,T
1-PB2,587,0,0,378,0,378,G
1-PB2,588,0,0,0,375,375,C
1-PB2,589,383,0,0,0,383,A
1-PB2,590,379,0,0,0,379,A
1-PB2,591,381,0,0,0,381,A
1-PB2,592,383,0,0,0,383,A
1-PB2,593,0,378,0,0,378,T
1-PB2,594,0,377,0,0,377,T
1-PB2,595,0,380,0,0,380,T
1-PB2,596,1,0,0,377,378,C
1-PB2,597,0,371,0,2,373,T
1-PB2,598,0,0,0,436,436,C
1-PB2,599,0,0,0,439,439,C
1-PB2,600,0,0,0,546,546,C
1-PB2,601,0,536,0,0,536,T
1-PB2,602,0,559,0,1,560,T
1-PB2,603,0,2,571,0,573,G
1-PB2,604,571,0,0,0,571,A
1-PB2,605,0,604,0,0,604,T
1-PB2,606,0,1,630,0,631,G
1-PB2,607,0,0,793,0,793,G
1-PB2,608,0,816,0,0,816,T
1-PB2,609,0,822,0,0,822,T
1-PB2,610,0,0,943,0,943,G
1-PB2,611,0,0,0,954,954,C
1-PB2,612,992,0,0,0,992,A
1-PB2,613,0,994,0,0,994,T
1-PB2,614,1022,0,0,2,1024,A
1-PB2,615,0,0,0,1105,1105,C
1-PB2,616,1310,0,1,4,1315,A
1-PB2,617,0,1367,0,0,1367,T
1-PB2,618,0,0,1433,0,1433,G
1-PB2,619,0,1418,0,0,1418,T
1-PB2,620,0,1430,0,0,1430,T
1-PB2,621,1442,0,0,0,1442,A
1-PB2,622,0,4,1432,0,1436,G
1-PB2,623,1474,0,1,0,1475,A
1-PB2,624,0,2,1481,0,1483,G
1-PB2,625,1465,1,1,0,1467,A
1-PB2,626,0,3,1466,0,1469,G
1-PB2,627,1450,0,3,0,1453,A
1-PB2,628,1,7,1456,0,1464,G
1-PB2,629,1475,0,2,0,1477,A
1-PB2,630,1478,0,2,0,1480,A
1-PB2,631,0,2,0,1489,1491,C
1-PB2,632,0,1482,0,1,1483,T
1-PB2,633,0,1492,0,0,1492,T
1-PB2,634,0,0,1495,0,1495,G
1-PB2,635,0,1491,0,0,1491,T
1-PB2,636,1496,0,0,0,1496,A
1-PB2,637,0,1,0,1502,1503,C
1-PB2,638,0,2,1499,0,1501,G
1-PB2,639,1499,0,0,0,1499,A
1-PB2,640,1505,0,0,0,1505,A
1-PB2,641,1542,0,1,0,1543,A
1-PB2,642,1545,0,0,0,1545,A
1-PB2,643,1561,0,3,0,1564,A
1-PB2,644,1,0,0,1574,1575,C
1-PB2,645,1572,0,1,0,1573,A
1-PB2,646,1580,0,1,0,1581,A
1-PB2,647,0,3,1576,0,1579,G
1-PB2,648,1583,0,1,0,1584,A
1-PB2,649,0,1585,0,0,1585,T
1-PB2,650,0,1579,0,1,1580,T
1-PB2,651,5,1,0,1569,1575,C
1-PB2,652,5,0,0,1592,1597,C
1-PB2,653,0,1616,0,4,1620,T
1-PB2,654,1,1,0,1626,1628,C
1-PB2,655,1,0,0,1624,1625,C
1-PB2,656,7,1,0,1632,1640,C
1-PB2,657,1634,0,1,0,1635,A
1-PB2,658,1,0,1647,0,1648,G
1-PB2,659,1,1649,0,2,1652,T
1-PB2,660,0,1647,0,1,1648,T
1-PB2,661,0,1,1642,0,1643,G
1-PB2,662,0,0,0,1646,1646,C
1-PB2,663,0,1647,0,4,1651,T
1-PB2,664,1,0,1646,0,1647,G
1-PB2,665,0,0,1639,0,1639,G
1-PB2,666,0,0,1,1656,1657,C
1-PB2,667,0,4,1653,0,1657,G
1-PB2,668,1,1,1685,0,1687,G
1-PB2,669,1685,0,3,0,1688,A
1-PB2,670,1685,0,1,0,1686,A
1-PB2,671,0,1,0,1695,1696,C
1-PB2,672,1706,0,3,0,1709,A
1-PB2,673,1717,0,2,0,1719,A
1-PB2,674,1,0,1808,0,1809,G
1-PB2,675,0,1,0,1848,1849,C
1-PB2,676,1853,0,3,0,1856,A
1-PB2,677,0,0,2367,0,2367,G
1-PB2,678,0,2349,0,0,2349,T
1-PB2,679,2371,0,0,0,2371,A
1-PB2,680,0,2367,0,4,2371,T
1-PB2,681,2383,0,0,0,2383,A
1-PB2,682,0,2395,0,1,2396,T
1-PB2,683,2356,1,0,0,2357,A
1-PB2,684,0,0,0,2380,2380,C
1-PB2,685,2298,0,0,0,2298,A
1-PB2,686,0,2186,0,1,2187,T
1-PB2,687,0,2125,0,1,2126,T
1-PB2,688,0,6,2116,0,2122,G
1-PB2,689,2107,2,0,0,2109,A
1-PB2,690,2116,0,4,1,2121,A
1-PB2,691,0,3,2164,0,2167,G
1-PB2,692,0,2151,0,0,2151,T
1-PB2,693,0,2130,0,8,2138,T
1-PB2,694,0,2136,0,1,2137,T
1-PB2,695,0,2140,0,0,2140,T
1-PB2,696,2152,0,3,0,2155,A
1-PB2,697,1,0,0,2173,2174,C
1-PB2,698,2174,0,0,0,2174,A
1-PB2,699,0,2172,0,0,2172,T
1-PB2,700,0,2159,0,1,2160,T
1-PB2,701,1,2167,0,0,2168,T
1-PB2,702,1,10,2186,0,2197,G
1-PB2,703,2202,0,1,0,2203,A
1-PB2,704,0,1,0,2224,2225,C
1-PB2,705,1,2217,0,1,2219,T
1-PB2,706,4,1,0,2220,2225,C
1-PB2,707,2216,0,1,0,2217,A
1-PB2,708,11,5,2188,0,2204,G
1-PB2,709,0,2,2269,0,2271,G
1-PB2,710,0,4,2282,0,2286,G
1-PB2,711,2277,0,1,0,2278,A
1-PB2,712,2281,0,4,0,2285,A
1-PB2,713,0,2,0,2293,2295,C
1-PB2,714,0,1,2318,2,2321,G
1-PB2,715,0,2306,0,1,2307,T
1-PB2,716,0,2,2321,0,2323,G
1-PB2,717,1,2300,0,1,2302,T
1-PB2,718,0,2309,0,0,2309,T
1-PB2,719,0,3,2302,0,2305,G
1-PB2,720,0,4,2296,0,2300,G
1-PB2,721,0,8,2320,0,2328,G
1-PB2,722,2314,0,0,0,2314,A
1-PB2,723,2298,1,2,1,2302,A
1-PB2,724,1,1,0,2370,2372,C
1-PB2,725,2365,0,0,0,2365,A
1-PB2,726,2434,0,2,0,2436,A
1-PB2,727,2443,0,0,0,2443,A
1-PB2,728,0,2453,0,1,2454,T
1-PB2,729,1,3,2485,0,2489,G
1-PB2,730,0,2464,0,2,2466,T
1-PB2,731,2466,0,2,0,2468,A
1-PB2,732,1,1,0,2479,2481,C
1-PB2,733,2429,0,2,0,2431,A
1-PB2,734,0,0,0,2435,2435,C
1-PB2,735,0,2335,0,3,2338,T
1-PB2,736,2,1,0,2540,2543,C
1-PB2,737,5,0,0,2553,2558,C
1-PB2,738,2608,0,3,1,2612,A
1-PB2,739,1,4,2641,1,2647,G
1-PB2,740,0,0,2722,1,2723,G
1-PB2,741,0,2687,0,2,2689,T
1-PB2,742,0,6,2706,0,2712,G
1-PB2,743,0,2,2620,0,2622,G
1-PB2,744,2573,1,1,0,2575,A
1-PB2,745,0,4,2615,0,2619,G
1-PB2,746,1,9,2605,0,2615,G
1-PB2,747,2553,0,20,0,2573,A
1-PB2,748,0,0,2625,0,2625,G
1-PB2,749,0,2555,0,2,2557,T
1-PB2,750,0,4,2581,0,2585,G
1-PB2,751,2576,0,1,0,2577,A
1-PB2,752,2,5,2581,0,2588,G
1-PB2,753,4,6,2587,0,2597,G
1-PB2,754,2564,1,0,0,2565,A
1-PB2,755,2582,0,0,0,2582,A
1-PB2,756,0,2582,0,0,2582,T
1-PB2,757,0,7,2570,0,2577,G
1-PB2,758,2567,0,5,0,2572,A
1-PB2,759,0,2,0,2565,2567,C
1-PB2,760,0,8,2562,0,2570,G
1-PB2,761,2594,0,0,0,2594,A
1-PB2,762,0,2586,0,0,2586,T
1-PB2,763,12,0,2596,0,2608,G
1-PB2,764,0,2599,0,0,2599,T
1-PB2,765,0,2583,0,2,2585,T
1-PB2,766,1,9,2597,0,2607,G
1-PB2,767,2611,0,3,0,2614,A
1-PB2,768,3,1,0,2603,2607,C
1-PB2,769,6,1,0,2604,2611,C
1-PB2,770,2570,1,0,0,2571,A
1-PB2,771,2579,0,2,0,2581,A
1-PB2,772,2571,0,1,0,2572,A
1-PB2,773,0,0,2631,0,2631,G
1-PB2,774,2,1,1,2631,2635,C
1-PB2,775,2,0,0,2632,2634,C
1-PB2,776,0,2646,0,1,2647,T
1-PB2,777,2650,0,2,0,2652,A
1-PB2,778,2649,0,1,0,2650,A
1-PB2,779,0,2656,0,0,2656,T
1-PB2,780,0,2653,0,0,2653,T
1-PB2,781,2636,0,0,0,2636,A
1-PB2,782,0,2585,0,1,2586,T
1-PB2,783,0,2560,0,0,2560,T
1-PB2,784,1,0,2558,0,2559,G
1-PB2,785,0,1,0,2541,2542,C
1-PB2,786,1,8,2541,0,2550,G
1-PB2,787,1,4,2599,0,2604,G
1-PB2,788,1,0,0,2595,2596,C
1-PB2,789,0,0,0,2611,2611,C
1-PB2,790,2618,0,1,0,2619,A
1-PB2,791,0,4,2664,0,2668,G
1-PB2,792,0,10,2684,0,2694,G
1-PB2,793,2695,1,2,0,2698,A
1-PB2,794,2714,0,6,0,2720,A
1-PB2,795,0,0,0,2725,2725,C
1-PB2,796,2669,0,0,0,2669,A
1-PB2,797,0,2714,1,1,2716,T
1-PB2,798,2748,0,4,0,2752,A
1-PB2,799,1,4,2779,0,2784,G
1-PB2,800,0,2753,0,0,2753,T
1-PB2,801,2755,0,2,0,2757,A
1-PB2,802,2745,0,1,1,2747,A
1-PB2,803,2,2,2751,0,2755,G
1-PB2,804,2725,0,1,0,2726,A
1-PB2,805,2680,0,2,0,2682,A
1-PB2,806,9,3,2661,0,2673,G
1-PB2,807,2580,1,4,0,2585,A
1-PB2,808,1,0,2601,0,2602,G
1-PB2,809,0,0,0,2595,2595,C
1-PB2,810,3,1,0,2596,2600,C
1-PB2,811,1,3,2589,0,2593,G
1-PB2,812,1,1,0,2631,2633,C
1-PB2,813,2652,0,0,0,2652,A
1-PB2,814,2,0,2835,0,2837,G
1-PB2,815,0,2816,0,0,2816,T
1-PB2,816,2849,0,2,0,2851,A
1-PB2,817,0,2821,0,3,2824,T
1-PB2,818,5,1,0,2851,2857,C
1-PB2,819,2859,0,1,0,2860,A
1-PB2,820,0,1,2852,0,2853,G
1-PB2,821,0,1,0,2854,2855,C
1-PB2,822,2726,0,1,0,2727,A
1-PB2,823,0,3,2686,0,2689,G
1-PB2,824,2697,1,5,0,2703,A
1-PB2,825,0,2695,1,1,2697,T
1-PB2,826,4,1,0,2711,2716,C
1-PB2,827,6,0,0,2714,2720,C
1-PB2,828,2710,0,3,0,2713,A
1-PB2,829,0,0,0,2729,2729,C
1-PB2,830,0,2728,0,0,2728,T
1-PB2,831,2734,0,1,0,2735,A
1-PB2,832,0,1,2727,0,2728,G
1-PB2,833,0,0,0,2708,2708,C
1-PB2,834,2703,0,0,0,2703,A
1-PB2,835,0,2722,0,1,2723,T
1-PB2,836,2,0,0,2740,2742,C
1-PB2,837,0,2735,0,2,2737,T
1-PB2,838,1,2823,0,0,2824,T
1-PB2,839,0,2837,0,0,2837,T
1-PB2,840,2830,0,2,2,2834,A
1-PB2,841,0,2832,0,2,2834,T
1-PB2,842,0,2817,0,3,2820,T
1-PB2,843,3,3,2814,0,2820,G
1-PB2,844,1,4,2813,0,2818,G
1-PB2,845,2770,0,2,0,2772,A
1-PB2,846,1,6,2769,0,2776,G
1-PB2,847,2760,0,0,0,2760,A
1-PB2,848,0,2742,0,1,2743,T
1-PB2,849,2,2,2822,0,2826,G
1-PB2,850,0,2811,0,5,2816,T
1-PB2,851,1,0,2824,0,2825,G
1-PB2,852,0,1,0,2821,2822,C
1-PB2,853,7,1,0,2817,2825,C
1-PB2,854,2810,1,4,0,2815,A
1-PB2,855,1,0,1,2814,2816,C
1-PB2,856,2757,0,3,0,2760,A
1-PB2,857,3,1,2810,0,2814,G
1-PB2,858,1,1,0,2740,2742,C
1-PB2,859,2752,0,0,0,2752,A
1-PB2,860,0,0,0,2760,2760,C
1-PB2,861,2746,0,2,0,2748,A
1-PB2,862,0,1,0,2764,2765,C
1-PB2,863,2764,0,0,0,2764,A
1-PB2,864,2752,0,1,0,2753,A
1-PB2,865,2749,0,0,0,2749,A
1-PB2,866,0,2692,0,0,2692,T
1-PB2,867,0,2687,0,0,2687,T
1-PB2,868,1,3,2677,0,2681,G
1-PB2,869,1,1,2666,1,2669,G
1-PB2,870,2,3,0,2662,2667,C
1-PB2,871,0,4,2653,1,2658,G
1-PB2,872,0,7,2699,0,2706,G
1-PB2,873,0,11,2682,0,2693,G
1-PB2,874,2658,0,2,0,2660,A
1-PB2,875,0,0,0,2679,2679,C
1-PB2,876,2695,0,4,0,2699,A
1-PB2,877,2728,0,6,0,2734,A
1-PB2,878,0,7,2725,0,2732,G
1-PB2,879,1,0,2782,0,2783,G
1-PB2,880,2680,0,4,0,2684,A
1-PB2,881,0,2639,0,0,2639,T
1-PB2,882,0,3,2630,0,2633,G
1-PB2,883,0,0,2663,0,2663,G
1-PB2,884,0,2524,0,0,2524,T
1-PB2,885,0,8,2638,0,2646,G
1-PB2,886,1,3,2634,0,2638,G
1-PB2,887,2524,0,3,0,2527,A
1-PB2,888,0,1,0,2547,2548,C
1-PB2,889,2537,1,0,1,2539,A
1-PB2,890,0,2947,0,0,2947,T
1-PB2,891,0,2938,0,1,2939,T
1-PB2,892,12,0,0,2888,2900,C
1-PB2,893,0,2904,1,0,2905,T
1-PB2,894,0,2935,0,0,2935,T
1-PB2,895,2903,2,1,0,2906,A
1-PB2,896,0,3,2910,0,2913,G
1-PB2,897,2916,1,5,0,2922,A
1-PB2,898,1,0,0,2911,2912,C
1-PB2,899,2525,0,0,0,2525,A
1-PB2,900,0,8,2540,0,2548,G
1-PB2,901,2523,0,2,0,2525,A
1-PB2,902,2548,0,3,0,2551,A
1-PB2,903,0,1,0,2457,2458,C
1-PB2,904,5,0,0,2550,2555,C
1-PB2,905,3,0,0,2571,2574,C
1-PB2,906,1,7,2530,0,2538,G
1-PB2,907,2529,0,0,0,2529,A
1-PB2,908,1,6,0,2583,2590,C
1-PB2,909,0,2546,0,1,2547,T
1-PB2,910,1,2,2554,0,2557,G
1-PB2,911,2534,0,5,1,2540,A
1-PB2,912,2587,0,5,1,2593,A
1-PB2,913,0,4,2581,0,2585,G
1-PB2,914,2562,0,2,0,2564,A
1-PB2,915,2582,0,2,0,2584,A
1-PB2,916,1,0,0,2563,2564,C
1-PB2,917,2576,0,1,0,2577,A
1-PB2,918,2605,0,1,1,2607,A
1-PB2,919,1,0,2616,0,2617,G
1-PB2,920,1,0,0,2612,2613,C
1-PB2,921,0,2625,0,0,2625,T
1-PB2,922,0,0,2708,0,2708,G
1-PB2,923,0,2663,0,0,2663,T
1-PB2,924,0,5,2748,0,2753,G
1-PB2,925,3,2,2816,0,2821,G
1-PB2,926,2762,0,4,0,2766,A
1-PB2,927,1,2782,0,1,2784,T
1-PB2,928,2794,0,0,0,2794,A
1-PB2,929,2,2777,0,0,2779,T
1-PB2,930,2860,0,1,0,2861,A
1-PB2,931,0,2797,0,0,2797,T
1-PB2,932,0,2,2773,0,2775,G
1-PB2,933,1,2,0,2741,2744,C
1-PB2,934,2628,0,1,0,2629,A
1-PB2,935,2645,0,5,0,2650,A
1-PB2,936,0,5,2615,0,2620,G
1-PB2,937,0,1,2660,0,2661,G
1-PB2,938,1,0,0,2624,2625,C
1-PB2,939,0,2585,0,3,2588,T
1-PB2,940,1,2,2617,0,2620,G
1-PB2,941,0,0,0,2622,2622,C
1-PB2,942,2634,1,1,0,2636,A
1-PB2,943,2640,0,4,0,2644,A
1-PB2,944,0,2604,0,0,2604,T
1-PB2,945,1,6,2629,0,2636,G
1-PB2,946,0,5,2638,0,2643,G
1-PB2,947,0,2,2653,0,2655,G
1-PB2,948,2563,2,3,0,2568,A
1-PB2,949,0,2602,0,0,2602,T
1-PB2,950,0,2607,0,1,2608,T
1-PB2,951,3,5,2582,0,2590,G
1-PB2,952,2555,0,2,1,2558,A
1-PB2,953,0,8,2616,0,2624,G
1-PB2,954,2595,0,1,0,2596,A
1-PB2,955,2587,0,0,0,2587,A
1-PB2,956,0,2525,0,0,2525,T
1-PB2,957,11,0,0,2553,2564,C
1-PB2,958,2551,0,2,1,2554,A
1-PB2,959,1,0,2579,0,2580,G
1-PB2,960,0,2,0,2561,2563,C
1-PB2,961,0,2523,0,3,2526,T
1-PB2,962,9,0,0,2558,2567,C
1-PB2,963,2565,0,0,0,2565,A
1-PB2,964,0,2621,1,2,2624,T
1-PB2,965,1,0,0,2633,2634,C
1-PB2,966,3,0,0,2670,2673,C
1-PB2,967,0,2638,0,8,2646,T
1-PB2,968,0,2620,0,3,2623,T
1-PB2,969,4,0,0,2614,2618,C
1-PB2,970,2628,0,2,0,2630,A
1-PB2,971,1,2,2681,0,2684,G
1-PB2,972,0,1,0,2656,2657,C
1-PB2,973,0,2629,0,5,2634,T
1-PB2,974,0,2665,0,0,2665,T
1-PB2,975,0,2653,0,0,2653,T
1-PB2,976,0,5,2652,0,2657,G
1-PB2,977,0,0,2658,0,2658,G
1-PB2,978,0,2587,1,4,2592,T
1-PB2,979,1,7,2656,0,2664,G
1-PB2,980,0,1,2633,0,2634,G
1-PB2,981,0,0,2677,0,2677,G
1-PB2,982,0,2602,0,3,2605,T
1-PB2,983,1,2658,0,1,2660,T
1-PB2,984,0,2660,0,0,2660,T
1-PB2,985,2647,1,1,0,2649,A
1-PB2,986,0,1,0,2665,2666,C
1-PB2,987,2674,1,0,0,2675,A
1-PB2,988,0,2652,0,0,2652,T
1-PB2,989,0,2600,0,0,2600,T
1-PB2,990,0,2605,0,0,2605,T
1-PB2,991,2603,1,0,0,2604,A
1-PB2,992,2606,0,0,0,2606,A
1-PB2,993,2609,0,0,0,2609,A
1-PB2,994,2581,0,13,0,2594,A
1-PB2,995,19,10,2577,0,2606,G
1-PB2,996,2600,0,3,0,2603,A
1-PB2,997,2595,1,2,0,2598,A
1-PB2,998,0,0,0,2616,2616,C
1-PB2,999,2607,0,0,0,2607,A
1-PB2,1000,2590,0,5,0,2595,A
1-PB2,1001,11,0,2570,0,2581,G
1-PB2,1002,3,1,0,2595,2599,C
1-PB2,1003,0,6,2597,0,2603,G
1-PB2,1004,1,3,2590,0,2594,G
1-PB2,1005,1,1,2593,0,2595,G
1-PB2,1006,0,2530,0,5,2535,T
1-PB2,1007,5,0,0,2572,2577,C
1-PB2,1008,2587,0,5,1,2593,A
1-PB2,1009,0,2547,0,3,2550,T
1-PB2,1010,1,1,0,2591,2593,C
1-PB2,1011,2575,1,2,1,2579,A
1-PB2,1012,2,0,2619,0,2621,G
1-PB2,1013,0,2574,0,4,2578,T
1-PB2,1014,4,0,0,2584,2588,C
1-PB2,1015,2603,0,0,0,2603,A
1-PB2,1016,2607,0,0,0,2607,A
1-PB2,1017,2611,0,1,0,2612,A
1-PB2,1018,2603,0,4,0,2607,A
1-PB2,1019,2622,0,0,0,2622,A
1-PB2,1020,2613,0,15,0,2628,A
1-PB2,1021,3,1,2621,0,2625,G
1-PB2,1022,2617,0,5,0,2622,A
1-PB2,1023,2617,0,4,0,2621,A
1-PB2,1024,0,2,2624,0,2626,G
1-PB2,1025,2613,0,0,0,2613,A
1-PB2,1026,2550,0,14,0,2564,A
1-PB2,1027,0,1,2556,0,2557,G
1-PB2,1028,2539,0,4,0,2543,A
1-PB2,1029,0,7,2536,0,2543,G
1-PB2,1030,0,1,2599,0,2600,G
1-PB2,1031,0,2568,0,0,2568,T
1-PB2,1032,1,2,2638,0,2641,G
1-PB2,1033,2,1,0,2655,2658,C
1-PB2,1034,0,2660,1,4,2665,T
1-PB2,1035,0,2684,0,2,2686,T
1-PB2,1036,2689,0,0,0,2689,A
1-PB2,1037,1,1,0,2683,2685,C
1-PB2,1038,2666,0,4,0,2670,A
1-PB2,1039,0,4,2669,0,2673,G
1-PB2,1040,1,2,2655,0,2658,G
1-PB2,1041,6,1,0,2575,2582,C
1-PB2,1042,2580,0,1,0,2581,A
1-PB2,1043,2588,0,0,0,2588,A
1-PB2,1044,0,2653,0,2,2655,T
1-PB2,1045,0,0,1,2684,2685,C
1-PB2,1046,0,2653,0,3,2656,T
1-PB2,1047,5,1,0,2670,2676,C
1-PB2,1048,6,0,0,2661,2667,C
1-PB2,1049,2678,0,3,0,2681,A
1-PB2,1050,2674,0,3,0,2677,A
1-PB2,1051,2679,0,1,0,2680,A
1-PB2,1052,0,1,0,2699,2700,C
1-PB2,1053,2619,1,0,0,2620,A
1-PB2,1054,1,2582,0,2,2585,T
1-PB2,1055,0,2576,0,0,2576,T
1-PB2,1056,0,4,2614,0,2618,G
1-PB2,1057,2608,0,1,0,2609,A
1-PB2,1058,2645,1,4,0,2650,A
1-PB2,1059,2653,0,3,0,2656,A
1-PB2,1060,2647,0,0,0,2647,A
1-PB2,1061,0,2662,0,0,2662,T
1-PB2,1062,2657,0,7,0,2664,A
1-PB2,1063,2664,0,1,0,2665,A
1-PB2,1064,0,6,2701,0,2707,G
1-PB2,1065,2659,0,4,0,2663,A
1-PB2,1066,2,1,2742,0,2745,G
1-PB2,1067,0,2697,1,1,2699,T
1-PB2,1068,2742,0,1,0,2743,A
1-PB2,1069,0,0,0,2788,2788,C
1-PB2,1070,2785,0,1,0,2786,A
1-PB2,1071,1,2765,1,4,2771,T
1-PB2,1072,0,6,2776,0,2782,G
1-PB2,1073,2703,1,16,0,2720,A
1-PB2,1074,0,2,2767,0,2769,G
1-PB2,1075,2,9,2781,1,2793,G
1-PB2,1076,14,3,2887,1,2905,G
1-PB2,1077,0,2,2927,0,2929,G
1-PB2,1078,2,2847,0,2,2851,T
1-PB2,1079,2880,0,4,0,2884,A
1-PB2,1080,2,2869,1,2,2874,T
1-PB2,1081,0,6,2882,1,2889,G
1-PB2,1082,2893,0,2,0,2895,A
1-PB2,1083,1,3,2860,0,2864,G
1-PB2,1084,1,4,2806,0,2811,G
1-PB2,1085,2630,0,1,0,2631,A
1-PB2,1086,0,3,2704,0,2707,G
1-PB2,1087,1,2709,0,3,2713,T
1-PB2,1088,1,2806,0,2,2809,T
1-PB2,1089,18,1,1,2809,2829,C
1-PB2,1090,2820,0,5,0,2825,A
1-PB2,1091,0,1,0,2842,2843,C
1-PB2,1092,2823,0,0,0,2823,A
1-PB2,1093,2831,0,0,0,2831,A
1-PB2,1094,0,2823,0,0,2823,T
1-PB2,1095,1,8,2745,1,2755,G
1-PB2,1096,0,1,2774,0,2775,G
1-PB2,1097,0,2696,0,1,2697,T
1-PB2,1098,2,3,2720,0,2725,G
1-PB2,1099,1,11,2707,0,2719,G
1-PB2,1100,2,3,2703,0,2708,G
1-PB2,1101,1,3,2761,0,2765,G
1-PB2,1102,2729,0,3,0,2732,A
1-PB2,1103,2750,0,3,0,2753,A
1-PB2,1104,2734,0,3,0,2737,A
1-PB2,1105,2683,0,1,0,2684,A
1-PB2,1106,1,12,2692,0,2705,G
1-PB2,1107,2677,0,4,0,2681,A
1-PB2,1108,2,1,2694,0,2697,G
1-PB2,1109,2,0,0,2690,2692,C
1-PB2,1110,2684,0,1,0,2685,A
1-PB2,1111,2690,0,4,0,2694,A
1-PB2,1112,3,0,0,2771,2774,C
1-PB2,1113,2758,0,4,0,2762,A
1-PB2,1114,1,2,2811,0,2814,G
1-PB2,1115,1,1,0,2794,2796,C
1-PB2,1116,0,2787,0,2,2789,T
1-PB2,1117,2881,0,1,0,2882,A
1-PB2,1118,0,2865,0,1,2866,T
1-PB2,1119,2885,0,2,0,2887,A
1-PB2,1120,3,0,0,2889,2892,C
1-PB2,1121,0,2753,0,2,2755,T
1-PB2,1122,2770,0,3,0,2773,A
1-PB2,1123,2708,0,1,0,2709,A
1-PB2,1124,0,7,2707,0,2714,G
1-PB2,1125,2703,0,0,0,2703,A
1-PB2,1126,2627,0,1,0,2628,A
1-PB2,1127,2629,0,2,0,2631,A
1-PB2,1128,2588,0,4,0,2592,A
1-PB2,1129,0,0,2618,0,2618,G
1-PB2,1130,0,0,0,2603,2603,C
1-PB2,1131,2609,0,0,0,2609,A
1-PB2,1132,2602,0,0,0,2602,A
1-PB2,1133,1,0,0,2626,2627,C
1-PB2,1134,2,0,0,2623,2625,C
1-PB2,1135,2635,1,0,0,2636,A
1-PB2,1136,1,4,2643,1,2649,G
1-PB2,1137,2640,0,0,0,2640,A
1-PB2,1138,2625,0,4,0,2629,A
1-PB2,1139,0,4,2652,0,2656,G
1-PB2,1140,2646,0,1,0,2647,A
1-PB2,1141,0,2627,0,0,2627,T
1-PB2,1142,0,2627,0,1,2628,T
1-PB2,1143,0,7,2634,0,2641,G
1-PB2,1144,0,1,2682,0,2683,G
1-PB2,1145,0,2653,0,5,2658,T
1-PB2,1146,1,2640,2,1,2644,T
1-PB2,1147,11,1,0,2660,2672,C
1-PB2,1148,2694,0,2,0,2696,A
1-PB2,1149,2,0,2780,0,2782,G
1-PB2,1150,0,1,0,2809,2810,C
1-PB2,1151,0,2801,0,2,2803,T
1-PB2,1152,12,2,0,2815,2829,C
1-PB2,1153,2813,0,0,1,2814,A
1-PB2,1154,0,2813,0,2,2815,T
1-PB2,1155,2816,1,0,0,2817,A
1-PB2,1156,1,2,2818,0,2821,G
1-PB2,1157,1,2628,0,1,2630,T
1-PB2,1158,0,7,2673,0,2680,G
1-PB2,1159,2561,0,1,0,2562,A
1-PB2,1160,1,2,2631,0,2634,G
1-PB2,1161,0,2594,0,0,2594,T
1-PB2,1162,0,4,2613,0,2617,G
1-PB2,1163,0,4,2641,0,2645,G
1-PB2,1164,2634,0,1,0,2635,A
1-PB2,1165,2634,0,5,0,2639,A
1-PB2,1166,0,11,2628,0,2639,G
1-PB2,1167,2603,0,1,0,2604,A
1-PB2,1168,0,4,2627,0,2631,G
1-PB2,1169,2585,0,4,0,2589,A
1-PB2,1170,0,0,0,2591,2591,C
1-PB2,1171,13,8,2585,0,2606,G
1-PB2,1172,2568,0,3,0,2571,A
1-PB2,1173,2570,0,5,0,2575,A
1-PB2,1174,0,2,0,2582,2584,C
1-PB2,1175,2565,0,1,0,2566,A
1-PB2,1176,1,0,2697,0,2698,G
1-PB2,1177,0,2664,1,4,2669,T
1-PB2,1178,12,0,0,2672,2684,C
1-PB2,1179,2709,0,1,0,2710,A
1-PB2,1180,2687,0,0,1,2688,A
1-PB2,1181,0,2694,0,0,2694,T
1-PB2,1182,2686,0,1,0,2687,A
1-PB2,1183,0,0,2673,0,2673,G
1-PB2,1184,1,3,0,2646,2650,C
1-PB2,1185,1,2,0,2577,2580,C
1-PB2,1186,1,4,2561,0,2566,G
1-PB2,1187,2566,1,2,0,2569,A
1-PB2,1188,2571,0,2,0,2573,A
1-PB2,1189,1,2,2577,0,2580,G
1-PB2,1190,2,0,0,2646,2648,C
1-PB2,1191,2663,0,2,0,2665,A
1-PB2,1192,2656,0,1,0,2657,A
1-PB2,1193,0,2645,0,1,2646,T
1-PB2,1194,2666,0,0,1,2667,A
1-PB2,1195,2687,0,2,0,2689,A
1-PB2,1196,1,2665,0,1,2667,T
1-PB2,1197,7,1,0,2663,2671,C
1-PB2,1198,1,1,2644,1,2647,G
1-PB2,1199,1,2567,1,2,2571,T
1-PB2,1200,1,3,2570,0,2574,G
1-PB2,1201,0,0,2572,0,2572,G
1-PB2,1202,1,0,0,2549,2550,C
1-PB2,1203,9,1,0,2560,2570,C
1-PB2,1204,2544,0,0,0,2544,A
1-PB2,1205,0,2540,0,3,2543,T
1-PB2,1206,13,8,2547,2,2570,G
1-PB2,1207,0,0,2593,0,2593,G
1-PB2,1208,0,2521,1,0,2522,T
1-PB2,1209,1,0,2589,0,2590,G
1-PB2,1210,0,2350,2,2,2354,T
1-PB2,1211,0,2379,1,5,2385,T
1-PB2,1212,0,2390,0,0,2390,T
1-PB2,1213,0,2383,0,4,2387,T
1-PB2,1214,4,1,0,2430,2435,C
1-PB2,1215,2398,2,3,0,2403,A
1-PB2,1216,0,3,0,2542,2545,C
1-PB2,1217,2503,0,0,0,2503,A
1-PB2,1218,2513,0,3,0,2516,A
1-PB2,1219,2,4,2532,0,2538,G
1-PB2,1220,2482,0,2,0,2484,A
1-PB2,1221,146,4,2385,0,2535,G
1-PB2,1222,0,2,2565,1,2568,G
1-PB2,1223,2528,0,3,0,2531,A
1-PB2,1224,0,2537,0,1,2538,T
1-PB2,1225,1,2498,0,0,2499,T
1-PB2,1226,4,0,2482,0,2486,G
1-PB2,1227,0,0,0,2437,2437,C
1-PB2,1228,2466,1,2,0,2469,A
1-PB2,1229,0,2492,0,2,2494,T
1-PB2,1230,1,6,2569,1,2577,G
1-PB2,1231,2588,0,0,0,2588,A
1-PB2,1232,0,2601,0,0,2601,T
1-PB2,1233,2592,0,0,0,2592,A
1-PB2,1234,2584,0,1,0,2585,A
1-PB2,1235,2582,0,0,0,2582,A
1-PB2,1236,2563,1,19,0,2583,A
1-PB2,1237,0,1,2576,0,2577,G
1-PB2,1238,2,0,0,2635,2637,C
1-PB2,1239,2669,0,3,0,2672,A
1-PB2,1240,0,1,2763,0,2764,G
1-PB2,1241,0,2755,1,3,2759,T
1-PB2,1242,0,2759,0,0,2759,T
1-PB2,1243,2762,0,2,0,2764,A
1-PB2,1244,0,2,2783,0,2785,G
1-PB2,1245,2749,0,4,0,2753,A
1-PB2,1246,1,7,2753,0,2761,G
1-PB2,1247,0,0,2743,0,2743,G
1-PB2,1248,0,2579,1,3,2583,T
1-PB2,1249,0,13,2651,0,2664,G
1-PB2,1250,2671,1,6,0,2678,A
1-PB2,1251,1,0,0,2692,2693,C
1-PB2,1252,4,0,0,2711,2715,C
1-PB2,1253,0,2707,1,1,2709,T
1-PB2,1254,0,5,2725,0,2730,G
1-PB2,1255,2715,0,1,0,2716,A
1-PB2,1256,2722,0,1,0,2723,A
1-PB2,1257,0,2731,0,0,2731,T
1-PB2,1258,0,2759,0,4,2763,T
1-PB2,1259,0,2778,0,0,2778,T
1-PB2,1260,4,1,0,2768,2773,C
1-PB2,1261,2,2,2777,0,2781,G
1-PB2,1262,0,2755,0,5,2760,T
1-PB2,1263,5,0,0,2770,2775,C
1-PB2,1264,2777,0,2,0,2779,A
1-PB2,1265,2779,1,1,0,2781,A
1-PB2,1266,2,1,0,2777,2780,C
1-PB2,1267,2746,0,0,0,2746,A
1-PB2,1268,1,5,2787,0,2793,G
1-PB2,1269,2760,1,4,0,2765,A
1-PB2,1270,2,0,2779,0,2781,G
1-PB2,1271,0,0,0,2780,2780,C
1-PB2,1272,2790,0,1,0,2791,A
1-PB2,1273,2840,0,1,0,2841,A
1-PB2,1274,2831,0,1,0,2832,A
1-PB2,1275,0,2813,0,1,2814,T
1-PB2,1276,7,0,0,2827,2834,C
1-PB2,1277,2802,0,3,1,2806,A
1-PB2,1278,0,1,2782,0,2783,G
1-PB2,1279,1,2,0,2798,2801,C
1-PB2,1280,0,6,2807,0,2813,G
1-PB2,1281,0,0,3002,0,3002,G
1-PB2,1282,0,2959,0,3,2962,T
1-PB2,1283,0,2970,0,0,2970,T
1-PB2,1284,0,7,2961,0,2968,G
1-PB2,1285,2985,0,1,0,2986,A
1-PB2,1286,3008,0,4,0,3012,A
1-PB2,1287,1,0,0,3028,3029,C
1-PB2,1288,8,0,0,2990,2998,C
1-PB2,1289,5,0,0,3029,3034,C
1-PB2,1290,6,1,0,2922,2929,C
1-PB2,1291,2939,1,1,0,2941,A
1-PB2,1292,0,2942,1,1,2944,T
1-PB2,1293,0,1,2955,0,2956,G
1-PB2,1294,5,2,0,2956,2963,C
1-PB2,1295,2941,0,1,0,2942,A
1-PB2,1296,0,2907,0,0,2907,T
1-PB2,1297,6,0,0,2903,2909,C
1-PB2,1298,2897,0,1,0,2898,A
1-PB2,1299,0,0,2920,0,2920,G
1-PB2,1300,0,0,0,2942,2942,C
1-PB2,1301,0,2920,0,13,2933,T
1-PB2,1302,0,2951,0,2,2953,T
1-PB2,1303,0,2942,0,0,2942,T
1-PB2,1304,0,2941,0,0,2941,T
1-PB2,1305,2952,0,0,0,2952,A
1-PB2,1306,2938,1,5,0,2944,A
1-PB2,1307,0,7,2935,0,2942,G
1-PB2,1308,0,2,2914,1,2917,G
1-PB2,1309,0,1,0,2909,2910,C
1-PB2,1310,2901,0,0,0,2901,A
1-PB2,1311,1,2908,0,1,2910,T
1-PB2,1312,0,2931,1,1,2933,T
1-PB2,1313,0,2935,0,1,2936,T
1-PB2,1314,1,2935,0,1,2937,T
1-PB2,1315,7,0,1,2932,2940,C
1-PB2,1316,2951,0,3,0,2954,A
1-PB2,1317,17,6,2922,0,2945,G
1-PB2,1318,2940,0,1,0,2941,A
1-PB2,1319,2947,0,0,0,2947,A
1-PB2,1320,2925,0,2,0,2927,A
1-PB2,1321,0,1,2936,0,2937,G
1-PB2,1322,2944,0,4,0,2948,A
1-PB2,1323,0,2938,0,2,2940,T
1-PB2,1324,0,2,2949,0,2951,G
1-PB2,1325,2,2,0,2943,2947,C
1-PB2,1326,0,8,2963,0,2971,G
1-PB2,1327,2948,0,1,0,2949,A
1-PB2,1328,2952,0,0,0,2952,A
1-PB2,1329,2944,0,1,1,2946,A
1-PB2,1330,3,0,2970,0,2973,G
1-PB2,1331,0,2896,0,5,2901,T
1-PB2,1332,4,1,2916,0,2921,G
1-PB2,1333,2,0,0,2889,2891,C
1-PB2,1334,0,2923,0,3,2926,T
1-PB2,1335,0,2920,0,1,2921,T
1-PB2,1336,0,2923,0,15,2938,T
1-PB2,1337,1,2915,0,15,2931,T
1-PB2,1338,0,2917,0,6,2923,T
1-PB2,1339,8,6,1,2925,2940,C
1-PB2,1340,2929,1,1,0,2931,A
1-PB2,1341,2938,0,1,0,2939,A
1-PB2,1342,2940,1,0,0,2941,A
1-PB2,1343,2936,0,0,0,2936,A
1-PB2,1344,0,2946,0,2,2948,T
1-PB2,1345,0,2957,0,1,2958,T
1-PB2,1346,1,9,2941,0,2951,G
1-PB2,1347,3,9,2931,0,2943,G
1-PB2,1348,1,5,2942,0,2948,G
1-PB2,1349,0,6,3001,0,3007,G
1-PB2,1350,2982,0,2,0,2984,A
1-PB2,1351,0,2,3031,0,3033,G
1-PB2,1352,0,3032,0,5,3037,T
1-PB2,1353,0,3022,0,1,3023,T
1-PB2,1354,0,11,3034,0,3045,G
1-PB2,1355,3041,0,7,0,3048,A
1-PB2,1356,3046,0,7,0,3053,A
1-PB2,1357,2,3,0,3149,3154,C
1-PB2,1358,3074,0,2,1,3077,A
1-PB2,1359,0,1,0,3166,3167,C
1-PB2,1360,3107,0,3,0,3110,A
1-PB2,1361,1,3128,0,0,3129,T
1-PB2,1362,4,0,0,3143,3147,C
1-PB2,1363,2,6,3153,0,3161,G
1-PB2,1364,3146,0,5,0,3151,A
1-PB2,1365,0,2,0,3144,3146,C
1-PB2,1366,3017,0,0,0,3017,A
1-PB2,1367,2,2,3126,0,3130,G
1-PB2,1368,0,3023,0,2,3025,T
1-PB2,1369,0,0,3098,0,3098,G
1-PB2,1370,0,3064,0,3,3067,T
1-PB2,1371,1,4,3066,0,3071,G
1-PB2,1372,3064,0,1,0,3065,A
1-PB2,1373,0,3036,0,5,3041,T
1-PB2,1374,2,4,3045,1,3052,G
1-PB2,1375,0,4,3051,1,3056,G
1-PB2,1376,0,5,3000,0,3005,G
1-PB2,1377,2982,0,4,0,2986,A
1-PB2,1378,2957,0,5,0,2962,A
1-PB2,1379,0,2949,0,0,2949,T
1-PB2,1380,1,5,2982,0,2988,G
1-PB2,1381,2987,0,1,0,2988,A
1-PB2,1382,0,2977,0,1,2978,T
1-PB2,1383,0,2986,0,2,2988,T
1-PB2,1384,0,3,2962,0,2965,G
1-PB2,1385,0,9,3034,0,3043,G
1-PB2,1386,3023,0,4,0,3027,A
1-PB2,1387,1,2,3076,0,3079,G
1-PB2,1388,0,3026,0,0,3026,T
1-PB2,1389,3039,0,0,0,3039,A
1-PB2,1390,0,3062,0,2,3064,T
1-PB2,1391,1,3096,1,2,3100,T
1-PB2,1392,3134,0,2,0,3136,A
1-PB2,1393,1,0,0,3130,3131,C
1-PB2,1394,25,1,1,3062,3089,C
1-PB2,1395,3062,1,3,0,3066,A
1-PB2,1396,0,3,3075,0,3078,G
1-PB2,1397,3123,0,3,0,3126,A
1-PB2,1398,0,3102,0,1,3103,T
1-PB2,1399,3081,0,1,0,3082,A
1-PB2,1400,0,3042,0,1,3043,T
1-PB2,1401,1,5,3028,0,3034,G
1-PB2,1402,3030,0,2,0,3032,A
1-PB2,1403,1,1,0,3055,3057,C
1-PB2,1404,0,3002,1,3,3006,T
1-PB2,1405,6,1,0,3004,3011,C
1-PB2,1406,6,0,0,2990,2996,C
1-PB2,1407,3015,0,3,0,3018,A
1-PB2,1408,3025,0,6,0,3031,A
1-PB2,1409,0,1,3117,0,3118,G
1-PB2,1410,1,2,0,3090,3093,C
1-PB2,1411,3083,0,3,0,3086,A
1-PB2,1412,4,0,0,3092,3096,C
1-PB2,1413,3082,0,1,1,3084,A
1-PB2,1414,0,7,3093,0,3100,G
1-PB2,1415,3065,0,5,0,3070,A
1-PB2,1416,1,6,3115,0,3122,G
1-PB2,1417,3103,0,24,0,3127,A
1-PB2,1418,0,3052,0,2,3054,T
1-PB2,1419,0,0,3114,0,3114,G
1-PB2,1420,0,3074,0,2,3076,T
1-PB2,1421,8,2,1,3068,3079,C
1-PB2,1422,3091,0,8,0,3099,A
1-PB2,1423,3098,0,2,0,3100,A
1-PB2,1424,0,3082,0,0,3082,T
1-PB2,1425,0,3,3080,0,3083,G
1-PB2,1426,3038,0,2,0,3040,A
1-PB2,1427,0,4,3050,0,3054,G
1-PB2,1428,3012,0,5,0,3017,A
1-PB2,1429,16,2,3005,0,3023,G
1-PB2,1430,0,7,3177,0,3184,G
1-PB2,1431,3185,0,0,0,3185,A
1-PB2,1432,3174,1,4,0,3179,A
1-PB2,1433,0,3174,0,3,3177,T
1-PB2,1434,3179,0,1,0,3180,A
1-PB2,1435,3180,1,2,0,3183,A
1-PB2,1436,0,4,3174,0,3178,G
1-PB2,1437,3153,0,2,0,3155,A
1-PB2,1438,1,0,3156,0,3157,G
1-PB2,1439,0,2982,0,0,2982,T
1-PB2,1440,5,2,0,2995,3002,C
1-PB2,1441,3008,1,2,0,3011,A
1-PB2,1442,1,1,3027,0,3029,G
1-PB2,1443,0,1,0,3029,3030,C
1-PB2,1444,3043,0,0,0,3043,A
1-PB2,1445,3055,0,0,0,3055,A
1-PB2,1446,3041,0,1,0,3042,A
1-PB2,1447,3043,0,0,0,3043,A
1-PB2,1448,0,3044,0,0,3044,T
1-PB2,1449,0,8,3044,1,3053,G
1-PB2,1450,1,4,3061,0,3066,G
1-PB2,1451,1,1,3076,0,3078,G
1-PB2,1452,0,3025,0,1,3026,T
1-PB2,1453,2,2,3044,0,3048,G
1-PB2,1454,0,3030,0,1,3031,T
1-PB2,1455,2,4,3029,0,3035,G
1-PB2,1456,2,4,3071,0,3077,G
1-PB2,1457,3080,0,1,0,3081,A
1-PB2,1458,0,3058,0,0,3058,T
1-PB2,1459,0,4,3076,1,3081,G
1-PB2,1460,3051,0,0,0,3051,A
1-PB2,1461,3078,0,0,0,3078,A
1-PB2,1462,0,3066,0,1,3067,T
1-PB2,1463,3035,0,3,0,3038,A
1-PB2,1464,1,1,0,3247,3249,C
1-PB2,1465,0,3166,0,4,3170,T
1-PB2,1466,2,0,0,3194,3196,C
1-PB2,1467,2,1,1,3205,3209,C
1-PB2,1468,3187,0,2,0,3189,A
1-PB2,1469,1,3,3307,1,3312,G
1-PB2,1470,0,3293,0,0,3293,T
1-PB2,1471,3316,0,2,0,3318,A
1-PB2,1472,1,0,0,3310,3311,C
1-PB2,1473,3034,1,2,0,3037,A
1-PB2,1474,0,5,3054,0,3059,G
1-PB2,1475,2967,0,4,0,2971,A
1-PB2,1476,1,2,3000,0,3003,G
1-PB2,1477,2893,2,2,0,2897,A
1-PB2,1478,1,5,2811,0,2817,G
1-PB2,1479,3,3,2811,0,2817,G
1-PB2,1480,0,2,2808,0,2810,G
1-PB2,1481,1,2726,0,3,2730,T
1-PB2,1482,2,7,2762,0,2771,G
1-PB2,1483,1,3,2770,1,2775,G
1-PB2,1484,0,2727,0,2,2729,T
1-PB2,1485,1,6,2818,0,2825,G
1-PB2,1486,0,0,2823,0,2823,G
1-PB2,1487,0,2747,0,1,2748,T
1-PB2,1488,1,2759,0,3,2763,T
1-PB2,1489,2714,0,0,0,2714,A
1-PB2,1490,1,0,2713,0,2714,G
1-PB2,1491,2,0,0,2706,2708,C
1-PB2,1492,2684,1,0,0,2685,A
1-PB2,1493,0,2679,0,1,2680,T
1-PB2,1494,0,2528,0,1,2529,T
1-PB2,1495,0,3,2524,0,2527,G
1-PB2,1496,2505,0,0,0,2505,A
1-PB2,1497,0,2495,0,3,2498,T
1-PB2,1498,3,2,0,2528,2533,C
1-PB2,1499,3,4,2497,0,2504,G
1-PB2,1500,0,5,2542,0,2547,G
1-PB2,1501,0,2531,0,2,2533,T
1-PB2,1502,0,2524,1,2,2527,T
1-PB2,1503,0,2534,1,3,2538,T
1-PB2,1504,0,2535,2,1,2538,T
1-PB2,1505,0,2540,1,1,2542,T
1-PB2,1506,1,6,2538,0,2545,G
1-PB2,1507,2530,0,4,0,2534,A
1-PB2,1508,0,5,2538,1,2544,G
1-PB2,1509,2428,0,1,0,2429,A
1-PB2,1510,1,0,2452,0,2453,G
1-PB2,1511,0,2438,1,3,2442,T
1-PB2,1512,0,2429,0,1,2430,T
1-PB2,1513,5,0,0,2441,2446,C
1-PB2,1514,1,3,2451,0,2455,G
1-PB2,1515,2448,0,6,0,2454,A
1-PB2,1516,0,6,2449,0,2455,G
1-PB2,1517,2432,0,2,0,2434,A
1-PB2,1518,2,1,0,2440,2443,C
1-PB2,1519,5,1,0,2421,2427,C
1-PB2,1520,2403,0,1,0,2404,A
1-PB2,1521,2435,0,2,0,2437,A
1-PB2,1522,2,0,0,2449,2451,C
1-PB2,1523,0,0,2451,0,2451,G
1-PB2,1524,1,2421,1,0,2423,T
1-PB2,1525,0,4,2413,0,2417,G
1-PB2,1526,2,6,2426,0,2434,G
1-PB2,1527,3,4,2429,1,2437,G
1-PB2,1528,2398,0,1,1,2400,A
1-PB2,1529,2406,0,1,0,2407,A
1-PB2,1530,0,2323,1,2,2326,T
1-PB2,1531,0,0,2411,0,2411,G
1-PB2,1532,0,2399,0,5,2404,T
1-PB2,1533,2410,0,0,0,2410,A
1-PB2,1534,0,2408,1,1,2410,T
1-PB2,1535,0,2365,1,0,2366,T
1-PB2,1536,2392,0,1,0,2393,A
1-PB2,1537,0,2376,0,0,2376,T
1-PB2,1538,0,2343,1,2,2346,T
1-PB2,1539,2338,0,1,0,2339,A
1-PB2,1540,1,2090,1,0,2092,T
1-PB2,1541,3,0,0,2187,2190,C
1-PB2,1542,0,2153,0,5,2158,T
1-PB2,1543,4,0,0,2163,2167,C
1-PB2,1544,2,0,1,2168,2171,C
1-PB2,1545,0,2118,0,1,2119,T
1-PB2,1546,0,2,2129,0,2131,G
1-PB2,1547,2094,0,1,0,2095,A
1-PB2,1548,1,5,2109,0,2115,G
1-PB2,1549,0,4,2101,0,2105,G
1-PB2,1550,1851,0,1,0,1852,A
1-PB2,1551,0,5,1861,0,1866,G
1-PB2,1552,0,0,1855,0,1855,G
1-PB2,1553,0,1788,0,3,1791,T
1-PB2,1554,8,0,0,1800,1808,C
1-PB2,1555,1790,0,0,0,1790,A
1-PB2,1556,0,0,1818,0,1818,G
1-PB2,1557,0,1808,2,2,1812,T
1-PB2,1558,2,6,1796,1,1805,G
1-PB2,1559,1801,0,1,0,1802,A
1-PB2,1560,1734,0,0,0,1734,A
1-PB2,1561,1735,0,3,0,1738,A
1-PB2,1562,3,0,0,1735,1738,C
1-PB2,1563,1702,0,1,0,1703,A
1-PB2,1564,1,0,0,1704,1705,C
1-PB2,1565,1621,0,3,0,1624,A
1-PB2,1566,0,2,1625,0,1627,G
1-PB2,1567,0,7,1610,0,1617,G
1-PB2,1568,0,3,1632,0,1635,G
1-PB2,1569,1618,0,0,0,1618,A
1-PB2,1570,1612,0,3,0,1615,A
1-PB2,1571,0,0,0,1620,1620,C
1-PB2,1572,0,1587,0,2,1589,T
1-PB2,1573,0,2,1589,0,1591,G
1-PB2,1574,1565,0,1,0,1566,A
1-PB2,1575,1,5,1576,0,1582,G
1-PB2,1576,1539,0,0,0,1539,A
1-PB2,1577,0,4,1434,0,1438,G
1-PB2,1578,1421,1,1,0,1423,A
1-PB2,1579,0,0,0,1428,1428,C
1-PB2,1580,0,1372,0,0,1372,T
1-PB2,1581,0,6,1384,0,1390,G
1-PB2,1582,1371,0,4,0,1375,A
1-PB2,1583,1,0,0,1385,1386,C
1-PB2,1584,1371,0,1,0,1372,A
1-PB2,1585,1374,0,0,0,1374,A
1-PB2,1586,0,1369,0,0,1369,T
1-PB2,1587,1368,0,2,0,1370,A
1-PB2,1588,1366,0,3,0,1369,A
1-PB2,1589,1,1,0,1369,1371,C
1-PB2,1590,0,1285,0,1,1286,T
1-PB2,1591,0,1265,0,5,1270,T
1-PB2,1592,1249,1,0,0,1250,A
1-PB2,1593,0,1248,0,1,1249,T
1-PB2,1594,0,1248,0,0,1248,T
1-PB2,1595,3,0,0,1235,1238,C
1-PB2,1596,1165,0,0,0,1165,A
1-PB2,1597,0,1153,0,1,1154,T
1-PB2,1598,0,0,0,1106,1106,C
1-PB2,1599,1,0,1105,0,1106,G
1-PB2,1600,0,1100,0,0,1100,T
1-PB2,1601,2,0,0,1094,1096,C
1-PB2,1602,0,0,1100,0,1100,G
1-PB2,1603,1087,0,1,0,1088,A
1-PB2,1604,0,1093,0,2,1095,T
1-PB2,1605,0,2,1092,0,1094,G
1-PB2,1606,1097,0,1,0,1098,A
1-PB2,1607,0,1094,0,0,1094,T
1-PB2,1608,0,1,1099,0,1100,G
1-PB2,1609,0,1047,0,0,1047,T
1-PB2,1610,0,0,1036,0,1036,G
1-PB2,1611,0,0,1040,0,1040,G
1-PB2,1612,0,1,1039,0,1040,G
1-PB2,1613,1008,1,2,0,1011,A
1-PB2,1614,1,3,991,0,995,G
1-PB2,1615,891,0,1,0,892,A
1-PB2,1616,0,862,0,0,862,T
1-PB2,1617,0,832,0,0,832,T
1-PB2,1618,821,0,1,0,822,A
1-PB2,1619,815,0,2,0,817,A
1-PB2,1620,0,0,0,804,804,C
1-PB2,1621,3,2,722,0,727,G
1-PB2,1622,0,0,736,0,736,G
1-PB2,1623,0,603,0,0,603,T
1-PB2,1624,2,0,0,592,594,C
1-PB2,1625,0,1,0,605,606,C
1-PB2,1626,0,561,0,0,561,T
1-PB2,1627,0,1,565,0,566,G
1-PB2,1628,562,0,0,0,562,A
1-PB2,1629,0,0,566,0,566,G
1-PB2,1630,0,564,0,0,564,T
1-PB2,1631,3,0,0,535,538,C
1-PB2,1632,0,2,545,0,547,G
1-PB2,1633,0,0,541,0,541,G
1-PB2,1634,0,544,0,0,544,T
1-PB2,1635,0,547,0,0,547,T
1-PB2,1636,0,550,0,0,550,T
1-PB2,1637,0,547,0,0,547,T
1-PB2,1638,0,4,545,0,549,G
1-PB2,1639,0,0,556,0,556,G
1-PB2,1640,0,546,0,0,546,T
1-PB2,1641,4,0,0,552,556,C
1-PB2,1642,546,0,0,0,546,A
1-PB2,1643,558,0,0,0,558,A
1-PB2,1644,0,559,0,0,559,T
1-PB2,1645,561,0,0,0,561,A
1-PB2,1646,1,0,0,579,580,C
1-PB2,1647,0,0,0,562,562,C
1-PB2,1648,0,562,0,0,562,T
1-PB2,1649,569,0,1,0,570,A
1-PB2,1650,0,577,0,0,577,T
1-PB2,1651,0,0,0,575,575,C
1-PB2,1652,552,0,0,0,552,A
1-PB2,1653,554,0,0,0,554,A
1-PB2,1654,0,548,0,0,548,T
1-PB2,1655,0,2,523,1,526,G
1-PB2,1656,0,1,531,0,532,G
1-PB2,1657,521,1,2,0,524,A
1-PB2,1658,0,517,0,0,517,T
1-PB2,1659,1,0,0,515,516,C
1-PB2,1660,520,0,0,0,520,A
1-PB2,1661,0,519,0,0,519,T
1-PB2,1662,1,0,0,521,522,C
1-PB2,1663,517,0,2,0,519,A
1-PB2,1664,0,0,526,0,526,G
1-PB2,1665,522,0,0,0,522,A
1-PB2,1666,521,0,0,0,521,A
1-PB2,1667,525,0,0,0,525,A
1-PB2,1668,0,527,0,0,527,T
1-PB2,1669,0,534,0,0,534,T
1-PB2,1670,0,0,527,0,527,G
1-PB2,1671,0,0,529,0,529,G
1-PB2,1672,0,0,525,0,525,G
1-PB2,1673,529,0,2,0,531,A
1-PB2,1674,523,0,0,0,523,A
1-PB2,1675,0,1,521,0,522,G
1-PB2,1676,1,0,0,519,520,C
1-PB2,1677,0,521,0,0,521,T
1-PB2,1678,0,0,529,0,529,G
1-PB2,1679,0,526,0,1,527,T
1-PB2,1680,1,0,0,528,529,C
1-PB2,1681,528,0,0,0,528,A
1-PB2,1682,533,0,0,0,533,A
1-PB2,1683,535,0,0,0,535,A
1-PB2,1684,533,0,0,0,533,A
1-PB2,1685,1,533,0,0,534,T
1-PB2,1686,0,531,0,0,531,T
1-PB2,1687,1,0,0,524,525,C
1-PB2,1688,524,0,0,0,524,A
1-PB2,1689,526,0,1,0,527,A
1-PB2,1690,0,525,0,1,526,T
1-PB2,1691,0,2,523,0,525,G
1-PB2,1692,0,0,532,0,532,G
1-PB2,1693,0,543,0,1,544,T
1-PB2,1694,5,0,0,547,552,C
1-PB2,1695,0,554,0,0,554,T
1-PB2,1696,0,0,0,557,557,C
1-PB2,1697,555,0,1,1,557,A
1-PB2,1698,1,0,557,0,558,G
1-PB2,1699,559,0,0,0,559,A
1-PB2,1700,559,0,0,0,559,A
1-PB2,1701,0,541,0,0,541,T
1-PB2,1702,2,0,0,522,524,C
1-PB2,1703,0,0,0,531,531,C
1-PB2,1704,0,533,0,0,533,T
1-PB2,1705,1,0,532,0,533,G
1-PB2,1706,0,0,0,540,540,C
1-PB2,1707,540,0,0,1,541,A
1-PB2,1708,553,0,0,0,553,A
1-PB2,1709,0,544,0,0,544,T
1-PB2,1710,0,0,554,0,554,G
1-PB2,1711,0,563,0,0,563,T
1-PB2,1712,0,543,0,0,543,T
1-PB2,1713,0,0,551,0,551,G
1-PB2,1714,0,543,0,0,543,T
1-PB2,1715,546,0,0,0,546,A
1-PB2,1716,0,0,0,547,547,C
1-PB2,1717,534,0,0,0,534,A
1-PB2,1718,543,0,0,0,543,A
1-PB2,1719,0,0,0,537,537,C
1-PB2,1720,524,0,0,0,524,A
1-PB2,1721,523,0,0,0,523,A
1-PB2,1722,510,0,0,0,510,A
1-PB2,1723,512,0,0,0,512,A
1-PB2,1724,0,512,0,0,512,T
1-PB2,1725,0,2,509,0,511,G
1-PB2,1726,0,1,508,0,509,G
1-PB2,1727,512,0,0,0,512,A
1-PB2,1728,516,0,1,2,519,A
1-PB2,1729,0,520,0,0,520,T
1-PB2,1730,0,518,0,0,518,T
1-PB2,1731,0,517,0,0,517,T
1-PB2,1732,0,2,512,0,514,G
1-PB2,1733,518,0,2,0,520,A
1-PB2,1734,517,0,0,0,517,A
1-PB2,1735,0,0,0,517,517,C
1-PB2,1736,1,0,0,508,509,C
1-PB2,1737,515,0,0,0,515,A
1-PB2,1738,0,526,0,1,527,T
1-PB2,1739,0,532,0,0,532,T
1-PB2,1740,0,522,0,0,522,T
1-PB2,1741,3,0,0,526,529,C
1-PB2,1742,532,0,0,0,532,A
1-PB2,1743,534,0,0,0,534,A
1-PB2,1744,0,534,0,0,534,T
1-PB2,1745,2,0,0,542,544,C
1-PB2,1746,0,529,0,0,529,T
1-PB2,1747,0,539,0,0,539,T
1-PB2,1748,0,535,0,0,535,T
1-PB2,1749,538,0,0,0,538,A
1-PB2,1750,2,0,535,0,537,G
1-PB2,1751,0,540,0,1,541,T
1-PB2,1752,2,1,0,543,546,C
1-PB2,1753,0,0,0,546,546,C
1-PB2,1754,0,1,0,541,542,C
1-PB2,1755,0,0,0,541,541,C
1-PB2,1756,540,0,0,0,540,A
1-PB2,1757,540,0,0,0,540,A
1-PB2,1758,0,0,549,0,549,G
1-PB2,1759,0,0,544,0,544,G
1-PB2,1760,0,0,0,547,547,C
1-PB2,1761,0,1,0,535,536,C
1-PB2,1762,535,0,0,0,535,A
1-PB2,1763,0,547,0,0,547,T
1-PB2,1764,0,551,0,0,551,T
1-PB2,1765,550,0,0,0,550,A
1-PB2,1766,0,2,544,0,546,G
1-PB2,1767,537,0,0,0,537,A
1-PB2,1768,559,0,1,0,560,A
1-PB2,1769,0,0,564,0,564,G
1-PB2,1770,0,0,0,560,560,C
1-PB2,1771,1,1,0,568,570,C
1-PB2,1772,563,0,0,0,563,A
1-PB2,1773,571,0,0,0,571,A
1-PB2,1774,0,570,0,0,570,T
1-PB2,1775,574,0,1,0,575,A
1-PB2,1776,0,0,0,582,582,C
1-PB2,1777,540,0,0,0,540,A
1-PB2,1778,0,0,548,0,548,G
1-PB2,1779,0,539,0,0,539,T
1-PB2,1780,0,1,544,0,545,G
1-PB2,1781,0,1,539,0,540,G
1-PB2,1782,0,0,545,0,545,G
1-PB2,1783,0,531,0,1,532,T
1-PB2,1784,0,534,0,0,534,T
1-PB2,1785,0,544,0,0,544,T
1-PB2,1786,0,1,549,0,550,G
1-PB2,1787,0,548,0,0,548,T
1-PB2,1788,2,0,0,544,546,C
1-PB2,1789,538,0,1,0,539,A
1-PB2,1790,0,0,539,0,539,G
1-PB2,1791,535,0,0,0,535,A
1-PB2,1792,537,0,0,0,537,A
1-PB2,1793,0,0,0,537,537,C
1-PB2,1794,0,518,0,1,519,T
1-PB2,1795,2,0,0,532,534,C
1-PB2,1796,0,540,0,0,540,T
1-PB2,1797,541,0,0,0,541,A
1-PB2,1798,0,541,0,0,541,T
1-PB2,1799,0,536,0,0,536,T
1-PB2,1800,0,0,0,536,536,C
1-PB2,1801,1,0,0,525,526,C
1-PB2,1802,528,0,1,0,529,A
1-PB2,1803,532,0,0,0,532,A
1-PB2,1804,0,0,0,535,535,C
1-PB2,1805,531,0,0,0,531,A
1-PB2,1806,531,0,0,0,531,A
1-PB2,1807,528,0,0,0,528,A
1-PB2,1808,0,531,0,0,531,T
1-PB2,1809,1,1,531,0,533,G
1-PB2,1810,527,0,1,0,528,A
1-PB2,1811,0,1,531,0,532,G
1-PB2,1812,528,0,0,0,528,A
1-PB2,1813,0,1,523,0,524,G
1-PB2,1814,532,0,1,0,533,A
1-PB2,1815,0,1,0,528,529,C
1-PB2,1816,0,1,538,0,539,G
1-PB2,1817,0,537,0,0,537,T
1-PB2,1818,542,0,0,0,542,A
1-PB2,1819,0,0,0,550,550,C
1-PB2,1820,0,541,0,1,542,T
1-PB2,1821,0,540,0,1,541,T
1-PB2,1822,0,1,535,0,536,G
1-PB2,1823,1,2,536,1,540,G
1-PB2,1824,0,0,539,0,539,G
1-PB2,1825,531,0,0,0,531,A
1-PB2,1826,0,0,0,532,532,C
1-PB2,1827,529,0,0,0,529,A
1-PB2,1828,0,534,0,0,534,T
1-PB2,1829,0,536,0,0,536,T
1-PB2,1830,0,538,0,0,538,T
1-PB2,1831,0,1,534,0,535,G
1-PB2,1832,532,0,1,0,533,A
1-PB2,1833,1,0,0,539,540,C
1-PB2,1834,522,0,1,0,523,A
1-PB2,1835,0,0,0,536,536,C
1-PB2,1836,2,1,0,515,518,C
1-PB2,1837,519,0,0,0,519,A
1-PB2,1838,2,0,0,525,527,C
1-PB2,1839,1,0,0,525,526,C
1-PB2,1840,2,0,0,530,532,C
1-PB2,1841,535,0,0,0,535,A
1-PB2,1842,0,2,537,0,539,G
1-PB2,1843,541,0,0,0,541,A
1-PB2,1844,0,567,0,0,567,T
1-PB2,1845,567,0,0,0,567,A
1-PB2,1846,556,0,0,0,556,A
1-PB2,1847,0,559,0,0,559,T
1-PB2,1848,554,0,0,0,554,A
1-PB2,1849,548,0,0,0,548,A
1-PB2,1850,551,0,0,0,551,A
1-PB2,1851,0,0,548,0,548,G
1-PB2,1852,0,0,0,547,547,C
1-PB2,1853,0,523,0,0,523,T
1-PB2,1854,0,525,0,0,525,T
1-PB2,1855,2,0,0,524,526,C
1-PB2,1856,1,525,0,0,526,T
1-PB2,1857,1,0,0,536,537,C
1-PB2,1858,2,1,0,533,536,C
1-PB2,1859,1,0,0,541,542,C
1-PB2,1860,0,534,0,0,534,T
1-PB2,1861,0,542,0,0,542,T
1-PB2,1862,0,540,0,0,540,T
1-PB2,1863,0,544,0,0,544,T
1-PB2,1864,1,0,544,0,545,G
1-PB2,1865,0,0,0,542,542,C
1-PB2,1866,536,0,0,0,536,A
1-PB2,1867,0,0,533,0,533,G
1-PB2,1868,1,0,0,522,523,C
1-PB2,1869,0,520,0,0,520,T
1-PB2,1870,1,0,520,0,521,G
1-PB2,1871,0,0,0,518,518,C
1-PB2,1872,0,512,0,1,513,T
1-PB2,1873,2,0,0,523,525,C
1-PB2,1874,2,0,0,526,528,C
1-PB2,1875,529,0,0,0,529,A
1-PB2,1876,0,0,0,540,540,C
1-PB2,1877,1,0,0,538,539,C
1-PB2,1878,530,0,0,0,530,A
1-PB2,1879,528,0,0,0,528,A
1-PB2,1880,527,0,1,0,528,A
1-PB2,1881,6,0,527,0,533,G
1-PB2,1882,0,0,0,532,532,C
1-PB2,1883,522,0,0,0,522,A
1-PB2,1884,517,1,0,0,518,A
1-PB2,1885,519,0,0,0,519,A
1-PB2,1886,0,0,528,0,528,G
1-PB2,1887,0,0,0,528,528,C
1-PB2,1888,525,0,0,0,525,A
1-PB2,1889,0,5,523,0,528,G
1-PB2,1890,523,0,0,0,523,A
1-PB2,1891,535,0,0,0,535,A
1-PB2,1892,0,536,0,0,536,T
1-PB2,1893,0,0,532,0,532,G
1-PB2,1894,0,0,0,537,537,C
1-PB2,1895,531,0,1,0,532,A
1-PB2,1896,0,0,542,0,542,G
1-PB2,1897,0,540,0,1,541,T
1-PB2,1898,0,555,0,0,555,T
1-PB2,1899,0,0,0,556,556,C
1-PB2,1900,0,552,0,0,552,T
1-PB2,1901,6,0,0,557,563,C
1-PB2,1902,0,561,0,0,561,T
1-PB2,1903,0,558,0,0,558,T
1-PB2,1904,3,0,0,558,561,C
1-PB2,1905,553,0,0,0,553,A
1-PB2,1906,0,0,0,559,559,C
1-PB2,1907,0,536,0,0,536,T
1-PB2,1908,0,2,544,0,546,G
1-PB2,1909,542,0,0,0,542,A
1-PB2,1910,0,0,0,558,558,C
1-PB2,1911,0,555,0,1,556,T
1-PB2,1912,1,0,563,0,564,G
1-PB2,1913,0,556,0,0,556,T
1-PB2,1914,0,1,563,0,564,G
1-PB2,1915,568,0,0,0,568,A
1-PB2,1916,564,0,0,0,564,A
1-PB2,1917,0,555,0,0,555,T
1-PB2,1918,0,0,555,0,555,G
1-PB2,1919,0,527,0,0,527,T
1-PB2,1920,0,1,532,0,533,G
1-PB2,1921,520,0,3,0,523,A
1-PB2,1922,0,0,531,0,531,G
1-PB2,1923,0,1,524,0,525,G
1-PB2,1924,0,0,520,0,520,G
1-PB2,1925,0,1,540,0,541,G
1-PB2,1926,540,0,0,0,540,A
1-PB2,1927,0,529,0,0,529,T
1-PB2,1928,0,0,0,537,537,C
1-PB2,1929,529,0,0,0,529,A
1-PB2,1930,0,0,536,0,536,G
1-PB2,1931,0,1,534,0,535,G
1-PB2,1932,0,2,519,1,522,G
1-PB2,1933,529,0,0,0,529,A
1-PB2,1934,0,495,0,0,495,T
1-PB2,1935,1,2,496,0,499,G
1-PB2,1936,490,0,0,0,490,A
1-PB2,1937,0,1,516,0,517,G
1-PB2,1938,518,0,0,0,518,A
1-PB2,1939,503,0,0,0,503,A
1-PB2,1940,0,509,0,0,509,T
1-PB2,1941,506,0,0,0,506,A
1-PB2,1942,0,0,0,516,516,C
1-PB2,1943,0,509,0,0,509,T
1-PB2,1944,0,511,0,0,511,T
1-PB2,1945,0,0,513,0,513,G
1-PB2,1946,0,499,0,0,499,T
1-PB2,1947,500,0,0,0,500,A
1-PB2,1948,499,0,0,0,499,A
1-PB2,1949,0,1,489,0,490,G
1-PB2,1950,0,0,490,0,490,G
1-PB2,1951,0,0,488,0,488,G
1-PB2,1952,0,0,489,0,489,G
1-PB2,1953,0,0,0,499,499,C
1-PB2,1954,495,0,0,0,495,A
1-PB2,1955,500,0,0,0,500,A
1-PB2,1956,0,501,0,1,502,T
1-PB2,1957,0,504,0,0,504,T
1-PB2,1958,4,0,0,511,515,C
1-PB2,1959,0,512,0,0,512,T
1-PB2,1960,1,0,0,522,523,C
1-PB2,1961,0,0,0,524,524,C
1-PB2,1962,0,517,0,2,519,T
1-PB2,1963,0,0,526,0,526,G
1-PB2,1964,0,509,0,0,509,T
1-PB2,1965,518,0,0,0,518,A
1-PB2,1966,0,518,0,0,518,T
1-PB2,1967,0,503,0,0,503,T
1-PB2,1968,1,0,0,509,510,C
1-PB2,1969,509,0,0,0,509,A
1-PB2,1970,520,0,0,0,520,A
1-PB2,1971,1,0,0,521,522,C
1-PB2,1972,0,511,0,0,511,T
1-PB2,1973,512,0,0,0,512,A
1-PB2,1974,0,0,0,533,533,C
1-PB2,1975,535,0,1,0,536,A
1-PB2,1976,533,0,0,0,533,A
1-PB2,1977,2,0,0,531,533,C
1-PB2,1978,526,0,0,0,526,A
1-PB2,1979,516,0,0,0,516,A
1-PB2,1980,0,1,518,0,519,G
1-PB2,1981,516,0,1,0,517,A
1-PB2,1982,1,0,0,523,524,C
1-PB2,1983,3,2,0,504,509,C
1-PB2,1984,512,0,0,0,512,A
1-PB2,1985,0,0,0,533,533,C
1-PB2,1986,0,532,0,0,532,T
1-PB2,1987,533,0,0,0,533,A
1-PB2,1988,533,0,0,0,533,A
1-PB2,1989,533,0,0,0,533,A
1-PB2,1990,533,0,0,0,533,A
1-PB2,1991,0,0,542,0,542,G
1-PB2,1992,539,0,0,0,539,A
1-PB2,1993,0,0,0,540,540,C
1-PB2,1994,0,528,0,0,528,T
1-PB2,1995,531,0,1,0,532,A
1-PB2,1996,529,0,0,0,529,A
1-PB2,1997,0,0,0,532,532,C
1-PB2,1998,532,0,0,0,532,A
1-PB2,1999,528,0,0,0,528,A
1-PB2,2000,0,522,0,1,523,T
1-PB2,2001,0,521,0,0,521,T
1-PB2,2002,1,0,0,522,523,C
1-PB2,2003,0,516,0,0,516,T
1-PB2,2004,1,0,0,524,525,C
1-PB2,2005,0,1,526,0,527,G
1-PB2,2006,0,1,525,0,526,G
1-PB2,2007,514,0,8,0,522,A
1-PB2,2008,526,0,0,0,526,A
1-PB2,2009,528,0,0,0,528,A
1-PB2,2010,521,0,0,0,521,A
1-PB2,2011,0,1,524,0,525,G
1-PB2,2012,525,0,0,0,525,A
1-PB2,2013,0,522,0,0,522,T
1-PB2,2014,0,1,524,0,525,G
1-PB2,2015,1,1,0,513,515,C
1-PB2,2016,2,0,1,518,521,C
1-PB2,2017,0,1,525,0,526,G
1-PB2,2018,0,0,518,0,518,G
1-PB2,2019,0,0,0,524,524,C
1-PB2,2020,523,0,0,0,523,A
1-PB2,2021,0,0,0,537,537,C
1-PB2,2022,0,528,0,0,528,T
1-PB2,2023,0,534,0,0,534,T
1-PB2,2024,0,535,0,1,536,T
1-PB2,2025,536,0,0,0,536,A
1-PB2,2026,531,1,0,0,532,A
1-PB2,2027,0,539,0,0,539,T
1-PB2,2028,0,533,0,0,533,T
1-PB2,2029,0,1,533,0,534,G
1-PB2,2030,516,0,0,0,516,A
1-PB2,2031,510,0,0,0,510,A
1-PB2,2032,0,1,514,0,515,G
1-PB2,2033,512,0,0,0,512,A
1-PB2,2034,1,3,0,515,519,C
1-PB2,2035,1,0,0,513,514,C
1-PB2,2036,2,0,0,519,521,C
1-PB2,2037,522,0,0,0,522,A
1-PB2,2038,0,1,527,0,528,G
1-PB2,2039,528,0,1,0,529,A
1-PB2,2040,0,529,0,0,529,T
1-PB2,2041,1,2,527,0,530,G
1-PB2,2042,519,0,1,1,521,A
1-PB2,2043,522,0,0,0,522,A
1-PB2,2044,521,0,0,0,521,A
1-PB2,2045,1,0,520,0,521,G
1-PB2,2046,0,0,0,524,524,C
1-PB2,2047,514,0,0,0,514,A
1-PB2,2048,0,0,0,521,521,C
1-PB2,2049,523,0,0,0,523,A
1-PB2,2050,0,516,0,0,516,T
1-PB2,2051,1,0,0,528,529,C
1-PB2,2052,2,1,0,524,527,C
1-PB2,2053,0,0,528,0,528,G
1-PB2,2054,0,0,533,0,533,G
1-PB2,2055,534,0,0,0,534,A
1-PB2,2056,0,0,541,0,541,G
1-PB2,2057,0,524,0,0,524,T
1-PB2,2058,0,1,524,0,525,G
1-PB2,2059,0,0,528,0,528,G
1-PB2,2060,523,0,3,0,526,A
1-PB2,2061,2,1,527,0,530,G
1-PB2,2062,0,520,0,0,520,T
1-PB2,2063,0,0,0,521,521,C
1-PB2,2064,1,0,0,519,520,C
1-PB2,2065,0,0,516,0,516,G
1-PB2,2066,0,0,0,514,514,C
1-PB2,2067,2,0,0,512,514,C
1-PB2,2068,0,0,535,0,535,G
1-PB2,2069,0,523,0,2,525,T
1-PB2,2070,1,0,0,532,533,C
1-PB2,2071,1,534,0,0,535,T
1-PB2,2072,0,537,0,1,538,T
1-PB2,2073,0,2,535,0,537,G
1-PB2,2074,528,0,1,0,529,A
1-PB2,2075,0,0,536,0,536,G
1-PB2,2076,530,1,5,0,536,A
1-PB2,2077,0,3,519,0,522,G
1-PB2,2078,0,0,517,0,517,G
1-PB2,2079,0,0,524,0,524,G
1-PB2,2080,0,514,0,0,514,T
1-PB2,2081,0,521,0,0,521,T
1-PB2,2082,0,521,0,0,521,T
1-PB2,2083,1,0,0,514,515,C
1-PB2,2084,0,519,0,2,521,T
1-PB2,2085,1,0,0,523,524,C
1-PB2,2086,525,0,0,0,525,A
1-PB2,2087,0,520,0,1,521,T
1-PB2,2088,0,0,0,514,514,C
1-PB2,2089,519,0,1,0,520,A
1-PB2,2090,0,522,0,0,522,T
1-PB2,2091,525,0,1,0,526,A
1-PB2,2092,0,1,530,0,531,G
1-PB2,2093,0,1,534,0,535,G
1-PB2,2094,0,517,0,0,517,T
1-PB2,2095,522,0,0,0,522,A
1-PB2,2096,510,0,0,0,510,A
1-PB2,2097,0,0,515,0,515,G
1-PB2,2098,0,0,515,0,515,G
1-PB2,2099,508,0,0,0,508,A
1-PB2,2100,507,0,0,0,507,A
1-PB2,2101,1,0,500,0,501,G
1-PB2,2102,492,0,1,0,493,A
1-PB2,2103,0,0,0,497,497,C
1-PB2,2104,496,0,0,0,496,A
1-PB2,2105,0,0,494,0,494,G
1-PB2,2106,496,0,0,0,496,A
1-PB2,2107,489,0,0,0,489,A
1-PB2,2108,0,0,493,0,493,G
1-PB2,2109,495,0,0,0,495,A
1-PB2,2110,0,499,0,0,499,T
1-PB2,2111,489,0,0,0,489,A
1-PB2,2112,0,1,0,490,491,C
1-PB2,2113,0,1,488,0,489,G
1-PB2,2114,0,1,491,0,492,G
1-PB2,2115,496,0,0,0,496,A
1-PB2,2116,0,0,0,490,490,C
1-PB2,2117,1,0,0,483,484,C
1-PB2,2118,478,0,0,0,478,A
1-PB2,2119,0,0,490,0,490,G
1-PB2,2120,0,0,0,490,490,C
1-PB2,2121,491,0,0,0,491,A
1-PB2,2122,0,491,0,1,492,T
1-PB2,2123,0,466,0,0,466,T
1-PB2,2124,469,0,0,0,469,A
1-PB2,2125,462,0,0,0,462,A
1-PB2,2126,0,1,462,0,463,G
1-PB2,2127,0,0,0,460,460,C
1-PB2,2128,422,0,0,0,422,A
1-PB2,2129,0,435,0,0,435,T
1-PB2,2130,1,0,0,431,432,C
1-PB2,2131,433,0,2,0,435,A
1-PB2,2132,432,0,0,0,432,A
1-PB2,2133,0,434,0,0,434,T
1-PB2,2134,0,2,433,0,435,G
1-PB2,2135,432,0,1,0,433,A
1-PB2,2136,432,0,0,0,432,A
1-PB2,2137,1,0,0,440,441,C
1-PB2,2138,0,416,0,0,416,T
1-PB2,2139,0,0,430,0,430,G
1-PB2,2140,426,0,0,0,426,A
1-PB2,2141,0,1,428,0,429,G
1-PB2,2142,0,428,0,0,428,T
1-PB2,2143,422,0,0,0,422,A
1-PB2,2144,427,0,0,0,427,A
1-PB2,2145,0,0,0,424,424,C
1-PB2,2146,0,0,0,416,416,C
1-PB2,2147,0,412,0,1,413,T
1-PB2,2148,0,388,0,0,388,T
1-PB2,2149,3,0,387,0,390,G
1-PB2,2150,0,0,0,388,388,C
1-PB2,2151,390,0,0,0,390,A
1-PB2,2152,386,0,0,0,386,A
1-PB2,2153,382,0,0,0,382,A
1-PB2,2154,375,0,0,0,375,A
1-PB2,2155,0,0,369,0,369,G
1-PB2,2156,0,1,375,0,376,G
1-PB2,2157,0,0,376,0,376,G
1-PB2,2158,0,1,376,0,377,G
1-PB2,2159,380,0,0,0,380,A
1-PB2,2160,378,0,0,0,378,A
1-PB2,2161,378,0,0,0,378,A
1-PB2,2162,389,0,0,0,389,A
1-PB2,2163,0,0,390,0,390,G
1-PB2,2164,0,0,383,0,383,G
1-PB2,2165,0,0,0,385,385,C
1-PB2,2166,0,382,0,0,382,T
1-PB2,2167,386,0,0,0,386,A
1-PB2,2168,384,0,0,0,384,A
1-PB2,2169,0,382,0,0,382,T
1-PB2,2170,0,0,389,0,389,G
1-PB2,2171,0,370,0,0,370,T
1-PB2,2172,0,0,362,0,362,G
1-PB2,2173,0,0,0,363,363,C
1-PB2,2174,0,357,0,0,357,T
1-PB2,2175,362,0,0,0,362,A
1-PB2,2176,360,0,0,0,360,A
1-PB2,2177,0,350,0,0,350,T
1-PB2,2178,1,0,0,354,355,C
1-PB2,2179,0,0,342,0,342,G
1-PB2,2180,0,2,343,0,345,G
1-PB2,2181,0,0,345,0,345,G
1-PB2,2182,0,0,0,347,347,C
1-PB2,2183,352,0,0,0,352,A
1-PB2,2184,345,0,0,0,345,A
1-PB2,2185,0,0,348,0,348,G
1-PB2,2186,1,0,349,0,350,G
1-PB2,2187,350,0,0,0,350,A
1-PB2,2188,0,0,349,0,349,G
1-PB2,2189,334,0,0,0,334,A
1-PB2,2190,0,0,0,337,337,C
1-PB2,2191,0,0,339,0,339,G
1-PB2,2192,0,338,0,0,338,T
1-PB2,2193,1,0,329,0,330,G
1-PB2,2194,0,0,334,0,334,G
1-PB2,2195,0,323,0,0,323,T
1-PB2,2196,0,0,328,0,328,G
1-PB2,2197,0,308,0,1,309,T
1-PB2,2198,0,307,0,0,307,T
1-PB2,2199,0,0,304,0,304,G
1-PB2,2200,0,0,306,0,306,G
1-PB2,2201,0,303,0,0,303,T
1-PB2,2202,296,0,0,0,296,A
1-PB2,2203,289,0,0,0,289,A
1-PB2,2204,0,283,0,0,283,T
1-PB2,2205,0,3,277,0,280,G
1-PB2,2206,279,0,0,0,279,A
1-PB2,2207,275,0,0,0,275,A
1-PB2,2208,276,0,0,0,276,A
1-PB2,2209,0,0,0,275,275,C
1-PB2,2210,0,0,277,0,277,G
1-PB2,2211,275,0,0,0,275,A
1-PB2,2212,275,0,0,0,275,A
1-PB2,2213,277,0,0,0,277,A
1-PB2,2214,278,0,0,0,278,A
1-PB2,2215,0,0,0,278,278,C
1-PB2,2216,0,0,274,0,274,G
1-PB2,2217,0,0,274,0,274,G
1-PB2,2218,0,0,272,0,272,G
1-PB2,2219,273,0,0,0,273,A
1-PB2,2220,0,0,0,274,274,C
1-PB2,2221,0,275,0,0,275,T
1-PB2,2222,1,0,0,278,279,C
1-PB2,2223,0,283,0,0,283,T
1-PB2,2224,283,0,0,0,283,A
1-PB2,2225,0,0,282,0,282,G
1-PB2,2226,0,0,0,278,278,C
1-PB2,2227,281,0,0,0,281,A
1-PB2,2228,0,281,0,0,281,T
1-PB2,2229,273,0,0,0,273,A
1-PB2,2230,0,0,0,274,274,C
1-PB2,2231,0,238,0,0,238,T
1-PB2,2232,0,237,0,0,237,T
1-PB2,2233,235,0,0,0,235,A
1-PB2,2234,0,0,0,234,234,C
1-PB2,2235,0,234,0,0,234,T
1-PB2,2236,0,1,232,0,233,G
1-PB2,2237,227,0,0,0,227,A
1-PB2,2238,0,0,0,229,229,C
1-PB2,2239,215,0,1,0,216,A
1-PB2,2240,0,0,217,0,217,G
1-PB2,2241,1,0,0,216,217,C
1-PB2,2242,0,0,0,217,217,C
1-PB2,2243,218,0,0,0,218,A
1-PB2,2244,0,1,216,0,217,G
1-PB2,2245,216,0,0,0,216,A
1-PB2,2246,0,0,0,214,214,C
1-PB2,2247,199,0,0,0,199,A
1-PB2,2248,0,0,199,0,199,G
1-PB2,2249,0,0,0,179,179,C
1-PB2,2250,3,2,174,0,179,G
1-PB2,2251,180,0,0,0,180,A
1-PB2,2252,0,0,0,179,179,C
1-PB2,2253,0,0,0,178,178,C
1-PB2,2254,178,0,1,0,179,A
1-PB2,2255,178,0,0,0,178,A
1-PB2,2256,179,0,0,0,179,A
1-PB2,2257,176,0,1,0,177,A
1-PB2,2258,0,1,177,0,178,G
1-PB2,2259,174,0,0,0,174,A
1-PB2,2260,172,0,0,0,172,A
1-PB2,2261,0,173,0,0,173,T
1-PB2,2262,0,173,0,0,173,T
1-PB2,2263,0,0,0,174,174,C
1-PB2,2264,0,0,165,0,165,G
1-PB2,2265,0,1,164,0,165,G
1-PB2,2266,165,0,0,0,165,A
1-PB2,2267,0,160,0,0,160,T
1-PB2,2268,0,0,162,0,162,G
1-PB2,2269,0,0,159,0,159,G
1-PB2,2270,0,0,0,157,157,C
1-PB2,2271,1,0,0,159,160,C
1-PB2,2272,159,0,1,0,160,A
1-PB2,2273,0,157,0,0,157,T
1-PB2,2274,0,0,0,158,158,C
1-PB2,2275,159,0,0,0,159,A
1-PB2,2276,159,0,0,0,159,A
1-PB2,2277,0,156,0,0,156,T
1-PB2,2278,0,137,0,0,137,T
1-PB2,2279,126,0,0,0,126,A
1-PB2,2280,122,0,0,0,122,A
2-PB1,1,73,0,0,0,73,A
2-PB1,2,0,75,0,0,75,T
2-PB1,3,0,0,76,0,76,G
2-PB1,4,0,1,83,0,84,G
2-PB1,5,99,0,0,0,99,A
2-PB1,6,0,105,0,0,105,T
2-PB1,7,0,1,105,0,106,G
2-PB1,8,0,105,0,0,105,T
2-PB1,9,0,0,0,120,120,C
2-PB1,10,120,0,0,0,120,A
2-PB1,11,119,0,0,0,119,A
2-PB1,12,0,123,0,0,123,T
2-PB1,13,0,0,0,123,123,C
2-PB1,14,0,0,0,131,131,C
2-PB1,15,0,2,131,0,133,G
2-PB1,16,144,0,0,0,144,A
2-PB1,17,0,0,0,154,154,C
2-PB1,18,0,153,0,0,153,T
2-PB1,19,1,0,0,176,177,C
2-PB1,20,0,178,0,0,178,T
2-PB1,21,179,0,0,0,179,A
2-PB1,22,0,0,0,179,179,C
2-PB1,23,0,179,0,0,179,T
2-PB1,24,0,0,203,0,203,G
2-PB1,25,0,208,0,1,209,T
2-PB1,26,0,209,0,0,209,T
2-PB1,27,0,0,0,206,206,C
2-PB1,28,0,0,0,207,207,C
2-PB1,29,0,235,0,0,235,T
2-PB1,30,235,0,0,0,235,A
2-PB1,31,236,0,0,0,236,A
2-PB1,32,235,0,0,0,235,A
2-PB1,33,0,0,240,0,240,G
2-PB1,34,0,0,241,0,241,G
2-PB1,35,0,243,0,0,243,T
2-PB1,36,0,242,0,1,243,T
2-PB1,37,0,0,0,244,244,C
2-PB1,38,0,1,0,242,243,C
2-PB1,39,243,0,0,0,243,A
2-PB1,40,0,0,247,0,247,G
2-PB1,41,0,0,0,247,247,C
2-PB1,42,0,0,246,0,246,G
2-PB1,43,0,0,0,252,252,C
2-PB1,44,252,0,0,0,252,A
2-PB1,45,252,0,0,0,252,A
2-PB1,46,251,0,0,0,251,A
2-PB1,47,254,0,0,0,254,A
2-PB1,48,0,256,0,0,256,T
2-PB1,49,3,0,263,0,266,G
2-PB1,50,0,0,0,267,267,C
2-PB1,51,0,0,0,273,273,C
2-PB1,52,272,0,0,0,272,A
2-PB1,53,0,274,0,0,274,T
2-PB1,54,299,0,0,0,299,A
2-PB1,55,293,0,0,0,293,A
2-PB1,56,0,0,311,0,311,G
2-PB1,57,0,0,0,313,313,C
2-PB1,58,309,0,0,0,309,A
2-PB1,59,0,0,0,325,325,C
2-PB1,60,321,0,0,0,321,A
2-PB1,61,334,0,0,0,334,A
2-PB1,62,0,0,0,338,338,C
2-PB1,63,333,0,0,0,333,A
2-PB1,64,0,337,0,0,337,T
2-PB1,65,0,338,0,0,338,T
2-PB1,66,1,0,0,411,412,C
2-PB1,67,0,0,0,411,411,C
2-PB1,68,1,0,0,418,419,C
2-PB1,69,0,424,0,1,425,T
2-PB1,70,0,421,0,0,421,T
2-PB1,71,458,0,0,0,458,A
2-PB1,72,0,462,0,0,462,T
2-PB1,73,463,0,0,0,463,A
2-PB1,74,0,0,0,466,466,C
2-PB1,75,0,453,0,0,453,T
2-PB1,76,0,2,457,0,459,G
2-PB1,77,0,2,458,0,460,G
2-PB1,78,455,0,0,0,455,A
2-PB1,79,0,2,456,0,458,G
2-PB1,80,460,1,1,0,462,A
2-PB1,81,0,460,0,1,461,T
2-PB1,82,3,0,0,497,500,C
2-PB1,83,1,0,0,498,499,C
2-PB1,84,0,503,0,0,503,T
2-PB1,85,0,0,0,542,542,C
2-PB1,86,1,0,0,538,539,C
2-PB1,87,546,0,0,0,546,A
2-PB1,88,0,546,0,0,546,T
2-PB1,89,549,0,0,0,549,A
2-PB1,90,0,0,0,547,547,C
2-PB1,91,528,0,1,0,529,A
2-PB1,92,0,0,566,0,566,G
2-PB1,93,0,0,0,575,575,C
2-PB1,94,1,0,0,568,569,C
2-PB1,95,567,0,0,0,567,A
2-PB1,96,0,567,0,0,567,T
2-PB1,97,0,1,560,0,561,G
2-PB1,98,0,0,586,0,586,G
2-PB1,99,590,0,0,0,590,A
2-PB1,100,594,0,0,0,594,A
2-PB1,101,1,0,0,599,600,C
2-PB1,102,592,0,4,0,596,A
2-PB1,103,0,0,602,0,602,G
2-PB1,104,0,2,602,0,604,G
2-PB1,105,601,0,0,0,601,A
2-PB1,106,609,0,1,0,610,A
2-PB1,107,0,0,0,614,614,C
2-PB1,108,605,0,1,0,606,A
2-PB1,109,0,0,661,0,661,G
2-PB1,110,0,2,660,0,662,G
2-PB1,111,0,1,669,0,670,G
2-PB1,112,0,658,0,0,658,T
2-PB1,113,664,0,0,0,664,A
2-PB1,114,0,0,0,671,671,C
2-PB1,115,695,0,0,0,695,A
2-PB1,116,1,0,0,713,714,C
2-PB1,117,2,0,0,711,713,C
2-PB1,118,680,0,1,0,681,A
2-PB1,119,0,682,0,0,682,T
2-PB1,120,0,3,686,0,689,G
2-PB1,121,0,1,680,0,681,G
2-PB1,122,692,0,1,0,693,A
2-PB1,123,1,0,0,687,688,C
2-PB1,124,673,0,0,0,673,A
2-PB1,125,0,0,0,685,685,C
2-PB1,126,683,0,0,0,683,A
2-PB1,127,0,0,696,0,696,G
2-PB1,128,0,696,0,0,696,T
2-PB1,129,1,0,0,716,717,C
2-PB1,130,716,0,0,0,716,A
2-PB1,131,714,0,0,0,714,A
2-PB1,132,0,1,0,717,718,C
2-PB1,133,715,0,0,0,715,A
2-PB1,134,0,2,725,0,727,G
2-PB1,135,715,0,0,0,715,A
2-PB1,136,723,0,0,0,723,A
2-PB1,137,2,0,0,714,716,C
2-PB1,138,709,0,0,0,709,A
2-PB1,139,0,1,0,726,727,C
2-PB1,140,714,0,1,13,728,A
2-PB1,141,0,0,0,764,764,C
2-PB1,142,0,0,0,765,765,C
2-PB1,143,758,1,0,0,759,A
2-PB1,144,764,0,1,0,765,A
2-PB1,145,0,779,1,0,780,T
2-PB1,146,797,0,0,0,797,A
2-PB1,147,0,795,0,1,796,T
2-PB1,148,0,780,0,0,780,T
2-PB1,149,2,0,0,782,784,C
2-PB1,150,766,1,1,0,768,A
2-PB1,151,0,2,769,0,771,G
2-PB1,152,755,0,3,0,758,A
2-PB1,153,0,2,760,0,762,G
2-PB1,154,740,0,0,0,740,A
2-PB1,155,0,1,724,0,725,G
2-PB1,156,0,3,723,0,726,G
2-PB1,157,0,1,747,0,748,G
2-PB1,158,1,3,746,0,750,G
2-PB1,159,0,0,756,0,756,G
2-PB1,160,757,0,0,0,757,A
2-PB1,161,763,0,0,0,763,A
2-PB1,162,1,0,770,0,771,G
2-PB1,163,0,751,0,0,751,T
2-PB1,164,0,3,754,0,757,G
2-PB1,165,0,0,756,0,756,G
2-PB1,166,760,0,0,0,760,A
2-PB1,167,1,0,0,763,764,C
2-PB1,168,0,2,767,0,769,G
2-PB1,169,764,0,1,0,765,A
2-PB1,170,0,0,0,785,785,C
2-PB1,171,778,0,0,0,778,A
2-PB1,172,784,0,0,0,784,A
2-PB1,173,787,0,0,0,787,A
2-PB1,174,0,799,0,0,799,T
2-PB1,175,808,0,0,0,808,A
2-PB1,176,0,0,0,810,810,C
2-PB1,177,805,0,0,0,805,A
2-PB1,178,0,1,804,0,805,G
2-PB1,179,802,0,0,0,802,A
2-PB1,180,816,0,0,0,816,A
2-PB1,181,813,0,0,0,813,A
2-PB1,182,0,0,0,808,808,C
2-PB1,183,0,796,0,0,796,T
2-PB1,184,0,1,798,0,799,G
2-PB1,185,0,2,792,0,794,G
2-PB1,186,0,2,785,0,787,G
2-PB1,187,0,0,789,0,789,G
2-PB1,188,0,0,0,797,797,C
2-PB1,189,790,0,0,0,790,A
2-PB1,190,0,0,0,824,824,C
2-PB1,191,5,0,1,822,828,C
2-PB1,192,3,0,0,820,823,C
2-PB1,193,2,0,0,832,834,C
2-PB1,194,838,0,0,0,838,A
2-PB1,195,844,0,0,0,844,A
2-PB1,196,0,0,0,846,846,C
2-PB1,197,0,838,0,1,839,T
2-PB1,198,1,0,0,840,841,C
2-PB1,199,824,0,1,0,825,A
2-PB1,200,827,0,1,0,828,A
2-PB1,201,1,0,0,833,834,C
2-PB1,202,2,0,0,826,828,C
2-PB1,203,3,0,0,829,832,C
2-PB1,204,828,0,0,0,828,A
2-PB1,205,825,0,0,0,825,A
2-PB1,206,1,833,0,0,834,T
2-PB1,207,0,837,0,0,837,T
2-PB1,208,0,2,834,0,836,G
2-PB1,209,821,0,0,0,821,A
2-PB1,210,0,823,0,1,824,T
2-PB1,211,1,2,819,0,822,G
2-PB1,212,0,2,825,0,827,G
2-PB1,213,844,0,1,0,845,A
2-PB1,214,2,0,0,849,851,C
2-PB1,215,2,0,0,845,847,C
2-PB1,216,850,0,2,0,852,A
2-PB1,217,0,0,0,880,880,C
2-PB1,218,0,874,0,0,874,T
2-PB1,219,884,0,1,0,885,A
2-PB1,220,0,0,0,891,891,C
2-PB1,221,1,0,0,887,888,C
2-PB1,222,0,878,0,0,878,T
2-PB1,223,0,2,875,0,877,G
2-PB1,224,873,1,2,0,876,A
2-PB1,225,1,0,886,0,887,G
2-PB1,226,0,2,875,0,877,G
2-PB1,227,876,0,0,0,876,A
2-PB1,228,0,864,0,0,864,T
2-PB1,229,851,0,1,0,852,A
2-PB1,230,853,0,0,0,853,A
2-PB1,231,0,849,0,0,849,T
2-PB1,232,0,3,844,0,847,G
2-PB1,233,844,0,0,0,844,A
2-PB1,234,827,0,1,0,828,A
2-PB1,235,0,0,0,837,837,C
2-PB1,236,2,1,1,820,824,C
2-PB1,237,823,1,0,0,824,A
2-PB1,238,825,1,0,0,826,A
2-PB1,239,0,1,826,0,827,G
2-PB1,240,0,823,0,0,823,T
2-PB1,241,0,1,810,0,811,G
2-PB1,242,0,2,830,0,832,G
2-PB1,243,822,0,3,0,825,A
2-PB1,244,0,826,0,0,826,T
2-PB1,245,830,0,1,0,831,A
2-PB1,246,0,840,0,1,841,T
2-PB1,247,1,1,847,0,849,G
2-PB1,248,1,0,0,851,852,C
2-PB1,249,852,0,0,0,852,A
2-PB1,250,2,0,0,874,876,C
2-PB1,251,862,0,1,0,863,A
2-PB1,252,877,0,0,0,877,A
2-PB1,253,874,0,0,0,874,A
2-PB1,254,1,0,0,873,874,C
2-PB1,255,847,0,0,0,847,A
2-PB1,256,0,0,861,0,861,G
2-PB1,257,850,0,1,0,851,A
2-PB1,258,0,0,0,854,854,C
2-PB1,259,0,824,0,0,824,T
2-PB1,260,0,0,842,0,842,G
2-PB1,261,0,818,0,0,818,T
2-PB1,262,1,1,864,0,866,G
2-PB1,263,0,861,0,1,862,T
2-PB1,264,4,0,0,865,869,C
2-PB1,265,1,0,0,869,870,C
2-PB1,266,0,866,0,0,866,T
2-PB1,267,0,2,858,0,860,G
2-PB1,268,0,0,862,0,862,G
2-PB1,269,836,1,1,0,838,A
2-PB1,270,0,0,857,0,857,G
2-PB1,271,0,0,834,0,834,G
2-PB1,272,0,0,0,832,832,C
2-PB1,273,0,829,0,0,829,T
2-PB1,274,828,0,0,0,828,A
2-PB1,275,0,823,0,2,825,T
2-PB1,276,0,0,823,0,823,G
2-PB1,277,0,3,809,0,812,G
2-PB1,278,1,0,0,812,813,C
2-PB1,279,2,0,0,798,800,C
2-PB1,280,0,787,0,7,794,T
2-PB1,281,0,849,0,0,849,T
2-PB1,282,1,0,0,844,845,C
2-PB1,283,1,0,0,847,848,C
2-PB1,284,0,852,0,0,852,T
2-PB1,285,0,848,0,1,849,T
2-PB1,286,0,1,850,0,851,G
2-PB1,287,841,0,0,0,841,A
2-PB1,288,845,0,3,0,848,A
2-PB1,289,3,2,847,0,852,G
2-PB1,290,820,0,0,0,820,A
2-PB1,291,834,0,0,0,834,A
2-PB1,292,0,819,0,1,820,T
2-PB1,293,2,0,0,829,831,C
2-PB1,294,2,0,0,831,833,C
2-PB1,295,0,0,0,828,828,C
2-PB1,296,828,0,1,0,829,A
2-PB1,297,0,0,0,838,838,C
2-PB1,298,3,0,0,836,839,C
2-PB1,299,1,0,2,841,844,C
2-PB1,300,836,0,0,0,836,A
2-PB1,301,0,1,842,0,843,G
2-PB1,302,0,0,847,0,847,G
2-PB1,303,1,831,0,1,833,T
2-PB1,304,859,0,0,0,859,A
2-PB1,305,0,851,0,1,852,T
2-PB1,306,1,0,0,848,849,C
2-PB1,307,0,850,0,1,851,T
2-PB1,308,0,852,0,1,853,T
2-PB1,309,0,849,0,0,849,T
2-PB1,310,0,5,842,0,847,G
2-PB1,311,837,0,1,0,838,A
2-PB1,312,0,0,837,0,837,G
2-PB1,313,825,1,1,0,827,A
2-PB1,314,835,0,1,0,836,A
2-PB1,315,0,0,0,843,843,C
2-PB1,316,0,829,0,0,829,T
2-PB1,317,1,0,0,830,831,C
2-PB1,318,827,0,1,0,828,A
2-PB1,319,0,832,0,0,832,T
2-PB1,320,0,0,836,0,836,G
2-PB1,321,0,1,0,840,841,C
2-PB1,322,1,0,0,840,841,C
2-PB1,323,0,832,0,2,834,T
2-PB1,324,0,831,0,3,834,T
2-PB1,325,0,0,839,0,839,G
2-PB1,326,835,0,1,0,836,A
2-PB1,327,839,0,1,0,840,A
2-PB1,328,836,1,1,0,838,A
2-PB1,329,1,0,0,851,852,C
2-PB1,330,831,0,0,0,831,A
2-PB1,331,837,0,1,0,838,A
2-PB1,332,0,834,0,0,834,T
2-PB1,333,1,0,832,0,833,G
2-PB1,334,0,1,832,0,833,G
2-PB1,335,825,0,1,0,826,A
2-PB1,336,822,0,0,0,822,A
2-PB1,337,0,0,825,0,825,G
2-PB1,338,0,1,0,820,821,C
2-PB1,339,1,1,0,819,821,C
2-PB1,340,0,0,830,0,830,G
2-PB1,341,0,818,0,2,820,T
2-PB1,342,0,824,0,1,825,T
2-PB1,343,1,0,0,833,834,C
2-PB1,344,839,0,0,0,839,A
2-PB1,345,838,0,1,0,839,A
2-PB1,346,0,0,0,848,848,C
2-PB1,347,840,0,0,0,840,A
2-PB1,348,0,2,845,0,847,G
2-PB1,349,838,0,0,0,838,A
2-PB1,350,0,0,0,838,838,C
2-PB1,351,840,0,0,0,840,A
2-PB1,352,844,0,0,0,844,A
2-PB1,353,0,0,848,0,848,G
2-PB1,354,1,0,833,0,834,G
2-PB1,355,0,3,831,0,834,G
2-PB1,356,0,804,0,0,804,T
2-PB1,357,1,1,821,0,823,G
2-PB1,358,0,3,819,0,822,G
2-PB1,359,821,0,0,0,821,A
2-PB1,360,0,0,0,825,825,C
2-PB1,361,810,0,0,0,810,A
2-PB1,362,815,0,0,0,815,A
2-PB1,363,816,0,1,0,817,A
2-PB1,364,0,0,0,817,817,C
2-PB1,365,0,813,0,0,813,T
2-PB1,366,814,0,2,0,816,A
2-PB1,367,821,0,0,0,821,A
2-PB1,368,0,1,0,825,826,C
2-PB1,369,3,0,0,823,826,C
2-PB1,370,1,0,0,822,823,C
2-PB1,371,807,0,0,0,807,A
2-PB1,372,805,0,0,0,805,A
2-PB1,373,0,1,803,0,804,G
2-PB1,374,0,1,810,0,811,G
2-PB1,375,0,792,0,0,792,T
2-PB1,376,3,0,0,805,808,C
2-PB1,377,0,1,801,0,802,G
2-PB1,378,0,0,0,799,799,C
2-PB1,379,2,3,0,801,806,C
2-PB1,380,812,0,1,0,813,A
2-PB1,381,0,2,823,0,825,G
2-PB1,382,837,0,2,0,839,A
2-PB1,383,0,0,0,845,845,C
2-PB1,384,0,831,0,1,832,T
2-PB1,385,0,834,0,1,835,T
2-PB1,386,834,0,0,0,834,A
2-PB1,387,0,834,0,0,834,T
2-PB1,388,0,5,838,0,843,G
2-PB1,389,843,0,0,0,843,A
2-PB1,390,0,824,0,0,824,T
2-PB1,391,0,805,0,0,805,T
2-PB1,392,0,0,805,0,805,G
2-PB1,393,0,2,800,0,802,G
2-PB1,394,812,0,3,0,815,A
2-PB1,395,1,0,0,819,820,C
2-PB1,396,810,0,0,0,810,A
2-PB1,397,0,800,0,0,800,T
2-PB1,398,0,814,0,1,815,T
2-PB1,399,820,0,1,0,821,A
2-PB1,400,819,0,0,0,819,A
2-PB1,401,816,0,0,0,816,A
2-PB1,402,0,1,0,818,819,C
2-PB1,403,806,0,0,0,806,A
2-PB1,404,1,1,811,0,813,G
2-PB1,405,812,0,1,0,813,A
2-PB1,406,814,0,0,0,814,A
2-PB1,407,812,0,0,0,812,A
2-PB1,408,0,795,0,0,795,T
2-PB1,409,1,0,0,806,807,C
2-PB1,410,807,0,1,0,808,A
2-PB1,411,804,0,0,0,804,A
2-PB1,412,0,0,0,804,804,C
2-PB1,413,3,0,0,793,796,C
2-PB1,414,2,0,791,0,793,G
2-PB1,415,0,1,785,0,786,G
2-PB1,416,0,0,0,801,801,C
2-PB1,417,798,0,1,0,799,A
2-PB1,418,0,1,799,0,800,G
2-PB1,419,0,0,0,810,810,C
2-PB1,420,802,0,1,0,803,A
2-PB1,421,809,0,0,0,809,A
2-PB1,422,0,0,0,811,811,C
2-PB1,423,0,799,0,1,800,T
2-PB1,424,0,0,823,0,823,G
2-PB1,425,0,0,0,833,833,C
2-PB1,426,832,0,0,0,832,A
2-PB1,427,0,829,0,0,829,T
2-PB1,428,0,815,0,6,821,T
2-PB1,429,873,0,0,0,873,A
2-PB1,430,0,0,870,0,870,G
2-PB1,431,0,0,0,864,864,C
2-PB1,432,1,0,0,873,874,C
2-PB1,433,843,0,1,0,844,A
2-PB1,434,842,0,0,0,842,A
2-PB1,435,1,0,0,852,853,C
2-PB1,436,846,0,0,0,846,A
2-PB1,437,0,0,0,879,879,C
2-PB1,438,3,0,0,805,808,C
2-PB1,439,807,0,1,0,808,A
2-PB1,440,0,807,0,0,807,T
2-PB1,441,809,0,0,0,809,A
2-PB1,442,0,1,807,0,808,G
2-PB1,443,803,0,0,0,803,A
2-PB1,444,800,0,0,0,800,A
2-PB1,445,0,0,804,0,804,G
2-PB1,446,0,781,0,0,781,T
2-PB1,447,0,775,0,0,775,T
2-PB1,448,0,783,0,0,783,T
2-PB1,449,0,784,0,0,784,T
2-PB1,450,0,787,0,0,787,T
2-PB1,451,782,0,1,0,783,A
2-PB1,452,0,1,779,0,780,G
2-PB1,453,776,0,0,0,776,A
2-PB1,454,0,762,0,1,763,T
2-PB1,455,4,0,0,760,764,C
2-PB1,456,0,1,767,0,768,G
2-PB1,457,767,0,0,0,767,A
2-PB1,458,769,0,1,0,770,A
2-PB1,459,0,1,0,768,769,C
2-PB1,460,0,0,770,0,770,G
2-PB1,461,0,1,797,0,798,G
2-PB1,462,799,0,2,0,801,A
2-PB1,463,0,796,0,0,796,T
2-PB1,464,0,804,0,1,805,T
2-PB1,465,803,0,0,0,803,A
2-PB1,466,799,0,1,0,800,A
2-PB1,467,0,0,0,804,804,C
2-PB1,468,794,0,2,0,796,A
2-PB1,469,1,0,797,0,798,G
2-PB1,470,0,0,0,759,759,C
2-PB1,471,0,757,0,0,757,T
2-PB1,472,763,0,0,0,763,A
2-PB1,473,761,0,0,0,761,A
2-PB1,474,0,759,0,1,760,T
2-PB1,475,0,0,765,0,765,G
2-PB1,476,764,1,0,0,765,A
2-PB1,477,765,0,0,0,765,A
2-PB1,478,0,742,0,0,742,T
2-PB1,479,1,0,0,747,748,C
2-PB1,480,746,0,2,0,748,A
2-PB1,481,0,2,742,0,744,G
2-PB1,482,0,0,745,0,745,G
2-PB1,483,739,0,0,0,739,A
2-PB1,484,729,0,0,0,729,A
2-PB1,485,0,0,758,0,758,G
2-PB1,486,0,0,743,0,743,G
2-PB1,487,0,1,0,751,752,C
2-PB1,488,0,753,0,1,754,T
2-PB1,489,750,0,1,0,751,A
2-PB1,490,754,0,1,0,755,A
2-PB1,491,0,756,0,0,756,T
2-PB1,492,760,0,0,0,760,A
2-PB1,493,0,3,756,0,759,G
2-PB1,494,717,0,1,0,718,A
2-PB1,495,0,708,0,1,709,T
2-PB1,496,0,713,0,0,713,T
2-PB1,497,0,707,0,0,707,T
2-PB1,498,1,0,1,725,727,C
2-PB1,499,2,0,0,734,736,C
2-PB1,500,0,732,0,2,734,T
2-PB1,501,0,0,0,743,743,C
2-PB1,502,730,0,0,0,730,A
2-PB1,503,740,0,1,0,741,A
2-PB1,504,0,2,744,0,746,G
2-PB1,505,0,0,752,0,752,G
2-PB1,506,745,0,0,0,745,A
2-PB1,507,0,721,0,0,721,T
2-PB1,508,0,0,734,0,734,G
2-PB1,509,0,734,0,1,735,T
2-PB1,510,1,2,742,0,745,G
2-PB1,511,740,0,1,0,741,A
2-PB1,512,0,739,0,2,741,T
2-PB1,513,0,2,731,0,733,G
2-PB1,514,0,4,724,0,728,G
2-PB1,515,728,0,0,0,728,A
2-PB1,516,722,0,2,0,724,A
2-PB1,517,0,707,0,0,707,T
2-PB1,518,1,0,0,724,725,C
2-PB1,519,714,0,0,0,714,A
2-PB1,520,719,0,0,0,719,A
2-PB1,521,0,720,0,0,720,T
2-PB1,522,0,0,727,0,727,G
2-PB1,523,0,2,730,0,732,G
2-PB1,524,726,0,2,0,728,A
2-PB1,525,0,723,0,0,723,T
2-PB1,526,728,0,0,0,728,A
2-PB1,527,723,0,0,0,723,A
2-PB1,528,722,0,1,0,723,A
2-PB1,529,0,0,733,0,733,G
2-PB1,530,725,0,2,0,727,A
2-PB1,531,0,2,721,0,723,G
2-PB1,532,0,1,730,0,731,G
2-PB1,533,725,0,2,0,727,A
2-PB1,534,728,0,0,0,728,A
2-PB1,535,729,0,0,0,729,A
2-PB1,536,0,731,0,0,731,T
2-PB1,537,0,1,737,0,738,G
2-PB1,538,0,1,739,0,740,G
2-PB1,539,727,0,3,0,730,A
2-PB1,540,0,2,732,0,734,G
2-PB1,541,729,0,0,0,729,A
2-PB1,542,0,736,0,0,736,T
2-PB1,543,734,0,0,0,734,A
2-PB1,544,742,0,0,0,742,A
2-PB1,545,0,0,0,748,748,C
2-PB1,546,733,0,0,0,733,A
2-PB1,547,730,0,0,0,730,A
2-PB1,548,0,0,0,727,727,C
2-PB1,549,721,0,0,0,721,A
2-PB1,550,1,0,0,720,721,C
2-PB1,551,703,0,0,0,703,A
2-PB1,552,0,0,0,710,710,C
2-PB1,553,0,696,0,0,696,T
2-PB1,554,0,690,0,0,690,T
2-PB1,555,0,691,0,0,691,T
2-PB1,556,2,0,0,700,702,C
2-PB1,557,703,0,0,0,703,A
2-PB1,558,707,0,0,0,707,A
2-PB1,559,702,0,0,0,702,A
2-PB1,560,0,4,711,0,715,G
2-PB1,561,709,0,0,0,709,A
2-PB1,562,712,0,0,0,712,A
2-PB1,563,709,0,0,0,709,A
2-PB1,564,709,0,1,0,710,A
2-PB1,565,710,0,0,0,710,A
2-PB1,566,0,0,711,0,711,G
2-PB1,567,0,3,709,0,712,G
2-PB1,568,705,0,0,0,705,A
2-PB1,569,0,0,719,0,719,G
2-PB1,570,714,0,2,0,716,A
2-PB1,571,0,0,739,0,739,G
2-PB1,572,0,723,0,0,723,T
2-PB1,573,739,0,0,0,739,A
2-PB1,574,728,0,0,0,728,A
2-PB1,575,0,2,728,0,730,G
2-PB1,576,0,0,735,0,735,G
2-PB1,577,0,3,728,0,731,G
2-PB1,578,727,0,0,0,727,A
2-PB1,579,0,0,0,726,726,C
2-PB1,580,701,0,1,0,702,A
2-PB1,581,705,0,0,0,705,A
2-PB1,582,0,0,0,704,704,C
2-PB1,583,702,0,1,0,703,A
2-PB1,584,0,694,0,0,694,T
2-PB1,585,0,3,685,0,688,G
2-PB1,586,677,0,0,0,677,A
2-PB1,587,1,0,1,672,674,C
2-PB1,588,0,0,0,681,681,C
2-PB1,589,681,0,0,0,681,A
2-PB1,590,677,0,0,0,677,A
2-PB1,591,0,0,682,0,682,G
2-PB1,592,682,0,0,0,682,A
2-PB1,593,678,1,0,0,679,A
2-PB1,594,679,0,0,0,679,A
2-PB1,595,672,1,0,0,673,A
2-PB1,596,0,668,0,0,668,T
2-PB1,597,0,0,670,0,670,G
2-PB1,598,0,0,672,0,672,G
2-PB1,599,0,660,0,1,661,T
2-PB1,600,2,0,0,654,656,C
2-PB1,601,665,0,1,0,666,A
2-PB1,602,0,0,0,824,824,C
2-PB1,603,871,0,0,0,871,A
2-PB1,604,0,0,0,880,880,C
2-PB1,605,880,0,0,0,880,A
2-PB1,606,990,0,0,1,991,A
2-PB1,607,987,0,0,1,988,A
2-PB1,608,0,1,1170,2,1173,G
2-PB1,609,1138,0,2,2,1142,A
2-PB1,610,1196,0,1,1,1198,A
2-PB1,611,0,0,0,1300,1300,C
2-PB1,612,1279,1,0,1,1281,A
2-PB1,613,1308,0,0,0,1308,A
2-PB1,614,1,1314,0,0,1315,T
2-PB1,615,1303,0,0,0,1303,A
2-PB1,616,0,4,1317,1,1322,G
2-PB1,617,1,5,1286,0,1292,G
2-PB1,618,1,3,1298,0,1302,G
2-PB1,619,1291,0,0,0,1291,A
2-PB1,620,1300,0,1,0,1301,A
2-PB1,621,0,3,1324,0,1327,G
2-PB1,622,1329,0,0,0,1329,A
2-PB1,623,1336,0,0,0,1336,A
2-PB1,624,1351,0,0,0,1351,A
2-PB1,625,1382,0,1,0,1383,A
2-PB1,626,1450,0,1,0,1451,A
2-PB1,627,1459,0,0,0,1459,A
2-PB1,628,1,0,0,1457,1458,C
2-PB1,629,1463,0,0,0,1463,A
2-PB1,630,1459,0,0,0,1459,A
2-PB1,631,1464,0,3,1,1468,A
2-PB1,632,0,6,1511,0,1517,G
2-PB1,633,1521,3,3,0,1527,A
2-PB1,634,0,0,1634,0,1634,G
2-PB1,635,1,1607,0,1,1609,T
2-PB1,636,0,8,2004,0,2012,G
2-PB1,637,2021,0,1,0,2022,A
2-PB1,638,2030,0,0,0,2030,A
2-PB1,639,1,2085,0,2,2088,T
2-PB1,640,2101,0,0,0,2101,A
2-PB1,641,2121,0,5,0,2126,A
2-PB1,642,1,5,2120,1,2127,G
2-PB1,643,2092,0,7,0,2099,A
2-PB1,644,0,5,2108,0,2113,G
2-PB1,645,2050,0,9,0,2059,A
2-PB1,646,0,5,2085,0,2090,G
2-PB1,647,1,0,2090,0,2091,G
2-PB1,648,0,2,0,2110,2112,C
2-PB1,649,0,2109,0,2,2111,T
2-PB1,650,2206,0,0,0,2206,A
2-PB1,651,2,0,0,2385,2387,C
2-PB1,652,1,2,0,2401,2404,C
2-PB1,653,0,2430,0,1,2431,T
2-PB1,654,2565,0,1,0,2566,A
2-PB1,655,2560,0,3,0,2563,A
2-PB1,656,0,2579,0,0,2579,T
2-PB1,657,2571,0,0,0,2571,A
2-PB1,658,2568,0,0,0,2568,A
2-PB1,659,1,7,2571,0,2579,G
2-PB1,660,2522,0,6,0,2528,A
2-PB1,661,0,0,2542,0,2542,G
2-PB1,662,0,1,1,2571,2573,C
2-PB1,663,0,2552,1,4,2557,T
2-PB1,664,0,2577,0,1,2578,T
2-PB1,665,0,2588,0,2,2590,T
2-PB1,666,0,13,2557,0,2570,G
2-PB1,667,2621,0,4,0,2625,A
2-PB1,668,2,1,0,2641,2644,C
2-PB1,669,2645,0,0,0,2645,A
2-PB1,670,0,2632,0,2,2634,T
2-PB1,671,0,2637,0,0,2637,T
2-PB1,672,0,5,2721,0,2726,G
2-PB1,673,2720,1,2,0,2723,A
2-PB1,674,2736,0,2,0,2738,A
2-PB1,675,2,0,0,2741,2743,C
2-PB1,676,2738,0,2,0,2740,A
2-PB1,677,0,1,0,2745,2746,C
2-PB1,678,1,4,2736,0,2741,G
2-PB1,679,2743,0,2,0,2745,A
2-PB1,680,0,2746,0,1,2747,T
2-PB1,681,1,20,2817,0,2838,G
2-PB1,682,2848,0,7,0,2855,A
2-PB1,683,3,1,0,2860,2864,C
2-PB1,684,2,2,0,2865,2869,C
2-PB1,685,2887,0,0,0,2887,A
2-PB1,686,2925,0,0,0,2925,A
2-PB1,687,2928,0,2,0,2930,A
2-PB1,688,0,9,3034,0,3043,G
2-PB1,689,3069,0,1,0,3070,A
2-PB1,690,1,3056,0,1,3058,T
2-PB1,691,1,0,3100,0,3101,G
2-PB1,692,2,1,0,3070,3073,C
2-PB1,693,3086,0,4,0,3090,A
2-PB1,694,0,7,3110,0,3117,G
2-PB1,695,3057,1,4,0,3062,A
2-PB1,696,0,7,3069,0,3076,G
2-PB1,697,2990,1,9,0,3000,A
2-PB1,698,0,6,3000,0,3006,G
2-PB1,699,2976,0,7,0,2983,A
2-PB1,700,1,2,2978,0,2981,G
2-PB1,701,0,1,2971,0,2972,G
2-PB1,702,2,0,0,2978,2980,C
2-PB1,703,2965,0,2,0,2967,A
2-PB1,704,2979,1,1,0,2981,A
2-PB1,705,2989,0,1,0,2990,A
2-PB1,706,0,3025,0,0,3025,T
2-PB1,707,0,3022,0,1,3023,T
2-PB1,708,3020,1,0,0,3021,A
2-PB1,709,3013,0,2,1,3016,A
2-PB1,710,3012,0,0,0,3012,A
2-PB1,711,3025,0,2,0,3027,A
2-PB1,712,3024,0,0,0,3024,A
2-PB1,713,0,4,3019,0,3023,G
2-PB1,714,3012,0,0,0,3012,A
2-PB1,715,2988,1,1,0,2990,A
2-PB1,716,0,6,3040,0,3046,G
2-PB1,717,0,5,3090,0,3095,G
2-PB1,718,1,2,3085,1,3089,G
2-PB1,719,0,1,0,3141,3142,C
2-PB1,720,0,3146,0,3,3149,T
2-PB1,721,3184,0,2,0,3186,A
2-PB1,722,0,3268,0,5,3273,T
2-PB1,723,0,3283,0,2,3285,T
2-PB1,724,1,1,3297,0,3299,G
2-PB1,725,2,1,1,3296,3300,C
2-PB1,726,3229,0,1,0,3230,A
2-PB1,727,3230,0,5,0,3235,A
2-PB1,728,2,0,0,3256,3258,C
2-PB1,729,3244,0,2,0,3246,A
2-PB1,730,0,2,0,3274,3276,C
2-PB1,731,5,1,0,3186,3192,C
2-PB1,732,9,3,1,3191,3204,C
2-PB1,733,1,5,3177,0,3183,G
2-PB1,734,1,4,3202,0,3207,G
2-PB1,735,0,6,3191,0,3197,G
2-PB1,736,3191,2,2,0,3195,A
2-PB1,737,0,3193,0,1,3194,T
2-PB1,738,1,2,3198,0,3201,G
2-PB1,739,1,0,0,3189,3190,C
2-PB1,740,3231,0,7,0,3238,A
2-PB1,741,3319,0,0,0,3319,A
2-PB1,742,3357,0,0,0,3357,A
2-PB1,743,0,3388,0,0,3388,T
2-PB1,744,0,3367,0,0,3367,T
2-PB1,745,3338,1,2,1,3342,A
2-PB1,746,1,2,3342,0,3345,G
2-PB1,747,3316,6,3,1,3326,A
2-PB1,748,0,7,3339,0,3346,G
2-PB1,749,0,10,3295,0,3305,G
2-PB1,750,1,3,3422,0,3426,G
2-PB1,751,0,3388,0,2,3390,T
2-PB1,752,0,3410,0,11,3421,T
2-PB1,753,15,1,0,3406,3422,C
2-PB1,754,3,1,3476,0,3480,G
2-PB1,755,0,3448,1,4,3453,T
2-PB1,756,1,5,3475,0,3481,G
2-PB1,757,1,3444,2,2,3449,T
2-PB1,758,3440,0,1,1,3442,A
2-PB1,759,0,0,0,3446,3446,C
2-PB1,760,0,3288,0,4,3292,T
2-PB1,761,0,3305,0,2,3307,T
2-PB1,762,10,0,0,3282,3292,C
2-PB1,763,1,3,3292,0,3296,G
2-PB1,764,0,3288,0,1,3289,T
2-PB1,765,0,3284,0,2,3286,T
2-PB1,766,0,8,3280,0,3288,G
2-PB1,767,3267,0,0,0,3267,A
2-PB1,768,3276,0,2,0,3278,A
2-PB1,769,3301,0,1,1,3303,A
2-PB1,770,3,1,0,3315,3319,C
2-PB1,771,0,3314,0,0,3314,T
2-PB1,772,0,3293,0,0,3293,T
2-PB1,773,0,3303,0,0,3303,T
2-PB1,774,3361,0,3,0,3364,A
2-PB1,775,0,1,3366,0,3367,G
2-PB1,776,1,0,0,3387,3388,C
2-PB1,777,1,3384,0,5,3390,T
2-PB1,778,3356,0,4,0,3360,A
2-PB1,779,0,7,3346,0,3353,G
2-PB1,780,3340,0,2,0,3342,A
2-PB1,781,3337,0,4,0,3341,A
2-PB1,782,0,1,3356,1,3358,G
2-PB1,783,3,1,0,3283,3287,C
2-PB1,784,3302,0,1,0,3303,A
2-PB1,785,0,3295,0,0,3295,T
2-PB1,786,0,3296,0,2,3298,T
2-PB1,787,0,3286,0,0,3286,T
2-PB1,788,0,4,3292,0,3296,G
2-PB1,789,1,4,0,3288,3293,C
2-PB1,790,1,10,3283,0,3294,G
2-PB1,791,3276,0,2,0,3278,A
2-PB1,792,3267,0,1,0,3268,A
2-PB1,793,3280,0,0,0,3280,A
2-PB1,794,3382,0,2,0,3384,A
2-PB1,795,0,3,3434,0,3437,G
2-PB1,796,0,0,0,3441,3441,C
2-PB1,797,0,3450,0,1,3451,T
2-PB1,798,0,3440,0,1,3441,T
2-PB1,799,1,14,3437,0,3452,G
2-PB1,800,3441,0,4,0,3445,A
2-PB1,801,3435,0,5,0,3440,A
2-PB1,802,3,4,0,3469,3476,C
2-PB1,803,3405,0,2,0,3407,A
2-PB1,804,1,1,3753,1,3756,G
2-PB1,805,1,3736,0,0,3737,T
2-PB1,806,12,1,0,3737,3750,C
2-PB1,807,0,3751,0,9,3760,T
2-PB1,808,1,6,3746,0,3753,G
2-PB1,809,0,6,3755,0,3761,G
2-PB1,810,3750,0,2,1,3753,A
2-PB1,811,0,1,0,3798,3799,C
2-PB1,812,0,3695,0,5,3700,T
2-PB1,813,0,3500,0,2,3502,T
2-PB1,814,2,0,0,3486,3488,C
2-PB1,815,1,2,0,3477,3480,C
2-PB1,816,3458,0,4,0,3462,A
2-PB1,817,0,1,3551,0,3552,G
2-PB1,818,0,3517,1,1,3519,T
2-PB1,819,0,3554,0,0,3554,T
2-PB1,820,0,8,3509,0,3517,G
2-PB1,821,1,11,3512,1,3525,G
2-PB1,822,0,5,3530,0,3535,G
2-PB1,823,0,9,3521,0,3530,G
2-PB1,824,0,2,3548,0,3550,G
2-PB1,825,1,3490,0,3,3494,T
2-PB1,826,3512,0,0,0,3512,A
2-PB1,827,3541,0,3,0,3544,A
2-PB1,828,0,3571,0,0,3571,T
2-PB1,829,0,10,3561,0,3571,G
2-PB1,830,3544,0,1,0,3545,A
2-PB1,831,3522,0,4,1,3527,A
2-PB1,832,3532,0,2,0,3534,A
2-PB1,833,3519,0,3,0,3522,A
2-PB1,834,0,6,3509,1,3516,G
2-PB1,835,3488,0,1,0,3489,A
2-PB1,836,3447,0,6,0,3453,A
2-PB1,837,0,3,3465,0,3468,G
2-PB1,838,1,1,3453,0,3455,G
2-PB1,839,1,1,0,3447,3449,C
2-PB1,840,8,1,0,3469,3478,C
2-PB1,841,3486,0,2,0,3488,A
2-PB1,842,3471,1,1,0,3473,A
2-PB1,843,3474,0,2,0,3476,A
2-PB1,844,1,0,0,3501,3502,C
2-PB1,845,0,3491,1,3,3495,T
2-PB1,846,0,4,3557,0,3561,G
2-PB1,847,1,2,3540,0,3543,G
2-PB1,848,0,0,0,3560,3560,C
2-PB1,849,3560,0,13,0,3573,A
2-PB1,850,3564,1,1,0,3566,A
2-PB1,851,3557,0,0,0,3557,A
2-PB1,852,0,3578,0,1,3579,T
2-PB1,853,1,1,3585,0,3587,G
2-PB1,854,0,3560,0,3,3563,T
2-PB1,855,0,3510,0,0,3510,T
2-PB1,856,0,1,3504,0,3505,G
2-PB1,857,0,3465,0,1,3466,T
2-PB1,858,0,6,3489,0,3495,G
2-PB1,859,3503,0,2,0,3505,A
2-PB1,860,0,6,3522,0,3528,G
2-PB1,861,3512,0,1,0,3513,A
2-PB1,862,3507,0,1,0,3508,A
2-PB1,863,3501,0,0,0,3501,A
2-PB1,864,3521,0,0,1,3522,A
2-PB1,865,3530,0,1,0,3531,A
2-PB1,866,0,3518,0,0,3518,T
2-PB1,867,0,5,3522,0,3527,G
2-PB1,868,3520,0,1,0,3521,A
2-PB1,869,0,3493,0,0,3493,T
2-PB1,870,0,13,3529,0,3542,G
2-PB1,871,3545,0,1,0,3546,A
2-PB1,872,0,0,0,3577,3577,C
2-PB1,873,1,3568,0,0,3569,T
2-PB1,874,3573,0,0,0,3573,A
2-PB1,875,3606,0,1,0,3607,A
2-PB1,876,0,3585,0,2,3587,T
2-PB1,877,0,3620,0,1,3621,T
2-PB1,878,16,2,0,3630,3648,C
2-PB1,879,3653,0,2,0,3655,A
2-PB1,880,1,0,0,3687,3688,C
2-PB1,881,3651,0,1,0,3652,A
2-PB1,882,3641,1,7,0,3649,A
2-PB1,883,1,12,3636,0,3649,G
2-PB1,884,3685,1,4,0,3690,A
2-PB1,885,3,1,0,3701,3705,C
2-PB1,886,3686,0,5,0,3691,A
2-PB1,887,1,1,0,3678,3680,C
2-PB1,888,3641,0,1,1,3643,A
2-PB1,889,0,6,3657,0,3663,G
2-PB1,890,3637,0,2,0,3639,A
2-PB1,891,0,2,3634,0,3636,G
2-PB1,892,2,2,0,3622,3626,C
2-PB1,893,0,3564,2,2,3568,T
2-PB1,894,0,3633,0,1,3634,T
2-PB1,895,0,3621,0,2,3623,T
2-PB1,896,8,1,0,3640,3649,C
2-PB1,897,0,3641,1,5,3647,T
2-PB1,898,0,3644,1,1,3646,T
2-PB1,899,0,3631,0,3,3634,T
2-PB1,900,6,0,1,3626,3633,C
2-PB1,901,3605,0,3,0,3608,A
2-PB1,902,2,0,0,3658,3660,C
2-PB1,903,3617,0,0,0,3617,A
2-PB1,904,3625,1,0,1,3627,A
2-PB1,905,1,3655,0,2,3658,T
2-PB1,906,12,0,0,3747,3759,C
2-PB1,907,3766,1,1,0,3768,A
2-PB1,908,2,0,0,3815,3817,C
2-PB1,909,0,3783,0,3,3786,T
2-PB1,910,3,9,3814,0,3826,G
2-PB1,911,1,19,3753,0,3773,G
2-PB1,912,0,10,3904,0,3914,G
2-PB1,913,2,15,3896,0,3913,G
2-PB1,914,3835,0,8,0,3843,A
2-PB1,915,0,1,1,3682,3684,C
2-PB1,916,3728,0,5,0,3733,A
2-PB1,917,3996,0,1,0,3997,A
2-PB1,918,2,2,1,4025,4030,C
2-PB1,919,4004,0,6,0,4010,A
2-PB1,920,1,2,0,4030,4033,C
2-PB1,921,0,3888,0,3,3891,T
2-PB1,922,3908,0,0,0,3908,A
2-PB1,923,3890,0,2,0,3892,A
2-PB1,924,1,4,3935,0,3940,G
2-PB1,925,0,3901,0,8,3909,T
2-PB1,926,1,5,3653,0,3659,G
2-PB1,927,0,6,3636,1,3643,G
2-PB1,928,3621,0,2,0,3623,A
2-PB1,929,3651,0,2,0,3653,A
2-PB1,930,0,3655,0,0,3655,T
2-PB1,931,1,12,3631,0,3644,G
2-PB1,932,3650,0,1,0,3651,A
2-PB1,933,3608,0,1,0,3609,A
2-PB1,934,3632,0,3,1,3636,A
2-PB1,935,3635,0,0,0,3635,A
2-PB1,936,0,3586,0,0,3586,T
2-PB1,937,7,0,0,3611,3618,C
2-PB1,938,3641,0,1,0,3642,A
2-PB1,939,3630,0,2,0,3632,A
2-PB1,940,3616,0,3,0,3619,A
2-PB1,941,3588,0,3,1,3592,A
2-PB1,942,2,0,0,3640,3642,C
2-PB1,943,10,0,0,3611,3621,C
2-PB1,944,7,0,0,3618,3625,C
2-PB1,945,1,3595,0,2,3598,T
2-PB1,946,4,1,0,3620,3625,C
2-PB1,947,1,8,3618,0,3627,G
2-PB1,948,3619,0,1,0,3620,A
2-PB1,949,3632,0,1,0,3633,A
2-PB1,950,0,3628,0,0,3628,T
2-PB1,951,0,1,3643,0,3644,G
2-PB1,952,0,3595,0,4,3599,T
2-PB1,953,0,3588,0,1,3589,T
2-PB1,954,1,3593,0,7,3601,T
2-PB1,955,0,3601,0,0,3601,T
2-PB1,956,0,3618,0,1,3619,T
2-PB1,957,0,6,3595,1,3602,G
2-PB1,958,0,0,3570,0,3570,G
2-PB1,959,1,0,0,3561,3562,C
2-PB1,960,2,4,3595,0,3601,G
2-PB1,961,3584,0,1,0,3585,A
2-PB1,962,0,3723,0,2,3725,T
2-PB1,963,1,5,3868,0,3874,G
2-PB1,964,4086,1,4,0,4091,A
2-PB1,965,0,4114,0,3,4117,T
2-PB1,966,1,4126,0,3,4130,T
2-PB1,967,4163,0,2,0,4165,A
2-PB1,968,3,0,0,4159,4162,C
2-PB1,969,4199,0,1,0,4200,A
2-PB1,970,0,4177,0,1,4178,T
2-PB1,971,3992,0,1,0,3993,A
2-PB1,972,4,0,0,4047,4051,C
2-PB1,973,3737,0,1,0,3738,A
2-PB1,974,1,3728,0,3,3732,T
2-PB1,975,9,6,0,3721,3736,C
2-PB1,976,3734,0,2,0,3736,A
2-PB1,977,3,0,0,3735,3738,C
2-PB1,978,3716,0,0,0,3716,A
2-PB1,979,3727,0,0,0,3727,A
2-PB1,980,3720,0,1,1,3722,A
2-PB1,981,1,9,3587,0,3597,G
2-PB1,982,3779,0,4,0,3783,A
2-PB1,983,3779,0,4,0,3783,A
2-PB1,984,0,3769,0,0,3769,T
2-PB1,985,13,0,0,3779,3792,C
2-PB1,986,3848,0,1,1,3850,A
2-PB1,987,3833,0,1,0,3834,A
2-PB1,988,0,1,0,3870,3871,C
2-PB1,989,3,0,0,3887,3890,C
2-PB1,990,1,3737,1,1,3740,T
2-PB1,991,0,9,3773,0,3782,G
2-PB1,992,3751,0,5,1,3757,A
2-PB1,993,0,1,3755,0,3756,G
2-PB1,994,1,3750,1,3,3755,T
2-PB1,995,2,10,3689,0,3701,G
2-PB1,996,2,1,3940,0,3943,G
2-PB1,997,1,3944,1,1,3947,T
2-PB1,998,0,3930,0,5,3935,T
2-PB1,999,8,1,0,3963,3972,C
2-PB1,1000,3942,2,5,0,3949,A
2-PB1,1001,0,6,4002,0,4008,G
2-PB1,1002,4014,0,3,2,4019,A
2-PB1,1003,4024,0,2,1,4027,A
2-PB1,1004,3976,0,5,0,3981,A
2-PB1,1005,4,3,0,3773,3780,C
2-PB1,1006,3825,1,2,0,3828,A
2-PB1,1007,1,3786,0,1,3788,T
2-PB1,1008,4,1,0,3871,3876,C
2-PB1,1009,4,0,0,3880,3884,C
2-PB1,1010,1,3804,1,1,3807,T
2-PB1,1011,0,13,3795,0,3808,G
2-PB1,1012,3813,0,1,0,3814,A
2-PB1,1013,0,0,3825,0,3825,G
2-PB1,1014,4,6,0,3829,3839,C
2-PB1,1015,3733,1,1,0,3735,A
2-PB1,1016,0,3709,1,1,3711,T
2-PB1,1017,6,1,0,3680,3687,C
2-PB1,1018,0,0,3684,0,3684,G
2-PB1,1019,1,2,0,3808,3811,C
2-PB1,1020,3805,0,2,0,3807,A
2-PB1,1021,0,1,0,3925,3926,C
2-PB1,1022,12,0,0,3933,3945,C
2-PB1,1023,3967,1,2,0,3970,A
2-PB1,1024,4027,0,0,0,4027,A
2-PB1,1025,0,4027,0,1,4028,T
2-PB1,1026,4019,0,0,0,4019,A
2-PB1,1027,3995,0,0,0,3995,A
2-PB1,1028,0,3854,0,0,3854,T
2-PB1,1029,1,1,3873,0,3875,G
2-PB1,1030,0,3776,0,2,3778,T
2-PB1,1031,0,3740,0,7,3747,T
2-PB1,1032,20,0,0,3758,3778,C
2-PB1,1033,0,3741,0,5,3746,T
2-PB1,1034,8,0,0,3743,3751,C
2-PB1,1035,3765,0,3,0,3768,A
2-PB1,1036,3767,0,1,0,3768,A
2-PB1,1037,3765,0,1,0,3766,A
2-PB1,1038,1,0,0,3792,3793,C
2-PB1,1039,3773,0,1,0,3774,A
2-PB1,1040,3766,1,0,0,3767,A
2-PB1,1041,3752,0,2,0,3754,A
2-PB1,1042,3767,3,3,0,3773,A
2-PB1,1043,0,3810,0,0,3810,T
2-PB1,1044,1,12,3811,0,3824,G
2-PB1,1045,3,0,3797,1,3801,G
2-PB1,1046,2,1,0,3810,3813,C
2-PB1,1047,3824,0,3,0,3827,A
2-PB1,1048,3818,0,4,0,3822,A
2-PB1,1049,0,3,3849,0,3852,G
2-PB1,1050,3849,0,6,0,3855,A
2-PB1,1051,5,0,0,3884,3889,C
2-PB1,1052,0,3839,0,0,3839,T
2-PB1,1053,0,7,3897,0,3904,G
2-PB1,1054,0,4,3883,0,3887,G
2-PB1,1055,1,9,3924,0,3934,G
2-PB1,1056,3927,0,1,0,3928,A
2-PB1,1057,3947,0,2,0,3949,A
2-PB1,1058,3911,0,2,0,3913,A
2-PB1,1059,3879,0,4,1,3884,A
2-PB1,1060,3,3,4006,0,4012,G
2-PB1,1061,0,11,3996,0,4007,G
2-PB1,1062,3998,0,4,0,4002,A
2-PB1,1063,1,3977,0,2,3980,T
2-PB1,1064,3983,0,1,0,3984,A
2-PB1,1065,3,1,0,3970,3974,C
2-PB1,1066,4017,0,1,0,4018,A
2-PB1,1067,0,4007,0,1,4008,T
2-PB1,1068,1,3,4019,0,4023,G
2-PB1,1069,0,3926,0,3,3929,T
2-PB1,1070,1,3924,0,2,3927,T
2-PB1,1071,15,1,0,3923,3939,C
2-PB1,1072,3,9,3937,0,3949,G
2-PB1,1073,3937,0,3,0,3940,A
2-PB1,1074,0,7,4028,0,4035,G
2-PB1,1075,3960,0,2,0,3962,A
2-PB1,1076,2,5,4008,0,4015,G
2-PB1,1077,0,3957,0,0,3957,T
2-PB1,1078,3965,0,1,0,3966,A
2-PB1,1079,3975,1,6,0,3982,A
2-PB1,1080,1,14,3974,0,3989,G
2-PB1,1081,3980,0,8,0,3988,A
2-PB1,1082,0,11,4023,0,4034,G
2-PB1,1083,3921,1,1,0,3923,A
2-PB1,1084,3941,0,1,0,3942,A
2-PB1,1085,0,3918,0,3,3921,T
2-PB1,1086,2,11,3885,0,3898,G
2-PB1,1087,3892,0,4,0,3896,A
2-PB1,1088,3867,0,2,0,3869,A
2-PB1,1089,2,0,3859,0,3861,G
2-PB1,1090,2,0,0,3849,3851,C
2-PB1,1091,0,3779,0,1,3780,T
2-PB1,1092,9,0,0,3833,3842,C
2-PB1,1093,6,1,0,3816,3823,C
2-PB1,1094,5,7,3835,0,3847,G
2-PB1,1095,0,11,3853,0,3864,G
2-PB1,1096,3868,0,3,0,3871,A
2-PB1,1097,0,2,0,3931,3933,C
2-PB1,1098,3918,1,3,0,3922,A
2-PB1,1099,1,3,0,3977,3981,C
2-PB1,1100,3960,1,2,0,3963,A
2-PB1,1101,3966,0,3,0,3969,A
2-PB1,1102,3963,0,6,0,3969,A
2-PB1,1103,0,3958,0,0,3958,T
2-PB1,1104,3949,0,3,0,3952,A
2-PB1,1105,4,0,0,3957,3961,C
2-PB1,1106,7,0,0,3922,3929,C
2-PB1,1107,0,3866,0,5,3871,T
2-PB1,1108,0,0,3906,0,3906,G
2-PB1,1109,0,0,0,3919,3919,C
2-PB1,1110,3920,0,2,0,3922,A
2-PB1,1111,0,5,3915,0,3920,G
2-PB1,1112,3916,1,0,0,3917,A
2-PB1,1113,3900,0,0,0,3900,A
2-PB1,1114,3921,0,0,0,3921,A
2-PB1,1115,1,3892,0,0,3893,T
2-PB1,1116,1,3,3906,0,3910,G
2-PB1,1117,1,1,0,3894,3896,C
2-PB1,1118,1,3907,1,1,3910,T
2-PB1,1119,3979,0,2,1,3982,A
2-PB1,1120,1,1,3947,0,3949,G
2-PB1,1121,4,1,2,3956,3963,C
2-PB1,1122,3972,1,2,0,3975,A
2-PB1,1123,3953,0,1,0,3954,A
2-PB1,1124,0,1,3915,0,3916,G
2-PB1,1125,3,0,1,3910,3914,C
2-PB1,1126,3880,0,0,0,3880,A
2-PB1,1127,0,3966,1,4,3971,T
2-PB1,1128,1,3969,0,4,3974,T
2-PB1,1129,3,9,4100,0,4112,G
2-PB1,1130,4147,0,2,0,4149,A
2-PB1,1131,3,1,0,4144,4148,C
2-PB1,1132,8,1,0,4159,4168,C
2-PB1,1133,0,4073,0,3,4076,T
2-PB1,1134,3,3,4161,1,4168,G
2-PB1,1135,4172,0,2,0,4174,A
2-PB1,1136,4166,0,8,0,4174,A
2-PB1,1137,0,1,4238,0,4239,G
2-PB1,1138,2,4070,0,3,4075,T
2-PB1,1139,4139,0,0,0,4139,A
2-PB1,1140,1,4106,0,3,4110,T
2-PB1,1141,0,4107,0,3,4110,T
2-PB1,1142,0,4094,0,3,4097,T
2-PB1,1143,5,3,0,4072,4080,C
2-PB1,1144,4072,0,2,0,4074,A
2-PB1,1145,4069,0,1,0,4070,A
2-PB1,1146,0,4014,0,2,4016,T
2-PB1,1147,0,14,4030,0,4044,G
2-PB1,1148,4007,1,1,0,4009,A
2-PB1,1149,4015,0,1,1,4017,A
2-PB1,1150,0,3994,1,0,3995,T
2-PB1,1151,10,0,1,4022,4033,C
2-PB1,1152,4041,0,1,1,4043,A
2-PB1,1153,4046,0,0,0,4046,A
2-PB1,1154,2,1,0,4045,4048,C
2-PB1,1155,4050,1,3,0,4054,A
2-PB1,1156,4032,0,0,0,4032,A
2-PB1,1157,0,5,4047,0,4052,G
2-PB1,1158,1,7,4061,0,4069,G
2-PB1,1159,4056,1,3,0,4060,A
2-PB1,1160,4046,0,10,1,4057,A
2-PB1,1161,1,12,4052,0,4065,G
2-PB1,1162,4034,0,4,0,4038,A
2-PB1,1163,4052,0,2,0,4054,A
2-PB1,1164,4066,0,2,0,4068,A
2-PB1,1165,4052,1,1,0,4054,A
2-PB1,1166,0,4044,0,3,4047,T
2-PB1,1167,0,4006,1,1,4008,T
2-PB1,1168,7,10,4004,1,4022,G
2-PB1,1169,3997,0,6,0,4003,A
2-PB1,1170,1,8,3993,0,4002,G
2-PB1,1171,4007,1,1,0,4009,A
2-PB1,1172,4038,0,0,0,4038,A
2-PB1,1173,4086,0,0,0,4086,A
2-PB1,1174,4096,1,1,0,4098,A
2-PB1,1175,0,4080,0,0,4080,T
2-PB1,1176,4088,0,0,0,4088,A
2-PB1,1177,4078,0,5,0,4083,A
2-PB1,1178,1,6,4081,0,4088,G
2-PB1,1179,0,1,4069,0,4070,G
2-PB1,1180,1,1,1,4046,4049,C
2-PB1,1181,8,0,0,4033,4041,C
2-PB1,1182,0,4021,0,5,4026,T
2-PB1,1183,8,1,0,4527,4536,C
2-PB1,1184,0,4580,0,6,4586,T
2-PB1,1185,0,4589,0,3,4592,T
2-PB1,1186,7,0,0,4685,4692,C
2-PB1,1187,1,4695,0,2,4698,T
2-PB1,1188,4660,0,56,0,4716,A
2-PB1,1189,4708,1,1,0,4710,A
2-PB1,1190,0,4694,0,0,4694,T
2-PB1,1191,4745,0,1,0,4746,A
2-PB1,1192,0,3,4637,0,4640,G
2-PB1,1193,4193,1,0,0,4194,A
2-PB1,1194,0,4196,0,5,4201,T
2-PB1,1195,0,11,4113,0,4124,G
2-PB1,1196,2,0,4172,0,4174,G
2-PB1,1197,1,3,0,4167,4171,C
2-PB1,1198,4191,1,1,0,4193,A
2-PB1,1199,1,2,0,4209,4212,C
2-PB1,1200,4131,1,2,0,4134,A
2-PB1,1201,0,1,4285,1,4287,G
2-PB1,1202,2,1,0,4289,4292,C
2-PB1,1203,4312,0,1,0,4313,A
2-PB1,1204,0,4380,0,4,4384,T
2-PB1,1205,7,0,0,4342,4349,C
2-PB1,1206,4371,0,1,0,4372,A
2-PB1,1207,0,4362,0,13,4375,T
2-PB1,1208,0,4349,0,2,4351,T
2-PB1,1209,0,7,4332,0,4339,G
2-PB1,1210,4180,1,15,0,4196,A
2-PB1,1211,0,0,4349,0,4349,G
2-PB1,1212,3,1,0,4304,4308,C
2-PB1,1213,4,0,0,4257,4261,C
2-PB1,1214,6,0,0,4319,4325,C
2-PB1,1215,1,4296,1,7,4305,T
2-PB1,1216,1,9,4619,0,4629,G
2-PB1,1217,0,5,4694,0,4699,G
2-PB1,1218,4679,0,4,0,4683,A
2-PB1,1219,4852,1,0,0,4853,A
2-PB1,1220,1,4714,0,1,4716,T
2-PB1,1221,1,8,4867,0,4876,G
2-PB1,1222,4925,0,5,0,4930,A
2-PB1,1223,1,4981,0,1,4983,T
2-PB1,1224,0,3,4986,0,4989,G
2-PB1,1225,4921,1,4,1,4927,A
2-PB1,1226,0,4885,0,1,4886,T
2-PB1,1227,3,16,4877,1,4897,G
2-PB1,1228,1,12,4916,1,4930,G
2-PB1,1229,1,2,4935,0,4938,G
2-PB1,1230,1,0,0,4905,4906,C
2-PB1,1231,4946,0,1,0,4947,A
2-PB1,1232,0,4986,0,0,4986,T
2-PB1,1233,0,1,5138,0,5139,G
2-PB1,1234,0,5143,0,5,5148,T
2-PB1,1235,0,5168,0,1,5169,T
2-PB1,1236,28,1,0,5160,5189,C
2-PB1,1237,5146,0,6,0,5152,A
2-PB1,1238,5146,1,5,0,5152,A
2-PB1,1239,4,1,0,5148,5153,C
2-PB1,1240,5199,0,1,0,5200,A
2-PB1,1241,0,5193,0,3,5196,T
2-PB1,1242,0,0,5255,1,5256,G
2-PB1,1243,2,1,0,5235,5238,C
2-PB1,1244,0,5271,0,2,5273,T
2-PB1,1245,5309,0,2,0,5311,A
2-PB1,1246,5311,0,1,1,5313,A
2-PB1,1247,3,6,5408,0,5417,G
2-PB1,1248,0,5387,0,2,5389,T
2-PB1,1249,5378,0,1,0,5379,A
2-PB1,1250,2,3,0,5428,5433,C
2-PB1,1251,3,14,5430,0,5447,G
2-PB1,1252,0,2,5790,0,5792,G
2-PB1,1253,0,5752,0,4,5756,T
2-PB1,1254,1,5753,0,1,5755,T
2-PB1,1255,0,5758,1,1,5760,T
2-PB1,1256,0,5743,0,0,5743,T
2-PB1,1257,5748,1,9,0,5758,A
2-PB1,1258,1,7,5715,0,5723,G
2-PB1,1259,1,13,5687,0,5701,G
2-PB1,1260,5633,0,3,0,5636,A
2-PB1,1261,0,3,5582,0,5585,G
2-PB1,1262,0,5627,0,1,5628,T
2-PB1,1263,66,1,0,5578,5645,C
2-PB1,1264,0,5647,2,6,5655,T
2-PB1,1265,13,5,1,5680,5699,C
2-PB1,1266,3,11,5701,0,5715,G
2-PB1,1267,5850,0,4,0,5854,A
2-PB1,1268,0,5904,0,1,5905,T
2-PB1,1269,5911,0,2,0,5913,A
2-PB1,1270,4,51,0,5870,5925,C
2-PB1,1271,0,5855,1,6,5862,T
2-PB1,1272,55,12,5806,0,5873,G
2-PB1,1273,5840,0,3,0,5843,A
2-PB1,1274,5922,0,0,0,5922,A
2-PB1,1275,1,5933,0,1,5935,T
2-PB1,1276,12,0,0,5802,5814,C
2-PB1,1277,0,5801,1,10,5812,T
2-PB1,1278,0,5781,0,9,5790,T
2-PB1,1279,1,9,5793,0,5803,G
2-PB1,1280,1,9,5771,2,5783,G
2-PB1,1281,5748,1,10,1,5760,A
2-PB1,1282,1,0,0,5812,5813,C
2-PB1,1283,5724,0,1,0,5725,A
2-PB1,1284,5760,1,1,1,5763,A
2-PB1,1285,5765,0,1,0,5766,A
2-PB1,1286,5794,0,7,0,5801,A
2-PB1,1287,1,8,5908,0,5917,G
2-PB1,1288,5929,0,3,0,5932,A
2-PB1,1289,5935,0,2,0,5937,A
2-PB1,1290,5934,0,2,1,5937,A
2-PB1,1291,0,5929,0,0,5929,T
2-PB1,1292,5944,1,5,0,5950,A
2-PB1,1293,2,0,1,6152,6155,C
2-PB1,1294,6075,1,5,0,6081,A
2-PB1,1295,2,0,0,6135,6137,C
2-PB1,1296,19,0,1,6050,6070,C
2-PB1,1297,6067,1,2,1,6071,A
2-PB1,1298,6119,1,3,1,6124,A
2-PB1,1299,1,11,6310,0,6322,G
2-PB1,1300,6388,1,5,0,6394,A
2-PB1,1301,4,3,0,6460,6467,C
2-PB1,1302,6332,0,3,0,6335,A
2-PB1,1303,6485,0,7,0,6492,A
2-PB1,1304,2,0,0,6529,6531,C
2-PB1,1305,6630,1,2,1,6634,A
2-PB1,1306,0,6663,0,1,6664,T
2-PB1,1307,6626,0,1,0,6627,A
2-PB1,1308,4,1,0,6751,6756,C
2-PB1,1309,0,6560,0,1,6561,T
2-PB1,1310,1,12,6655,1,6669,G
2-PB1,1311,1,3,6643,0,6647,G
2-PB1,1312,0,6469,5,0,6474,T
2-PB1,1313,1,11,6508,0,6520,G
2-PB1,1314,32,6,6361,0,6399,G
2-PB1,1315,1,11,6436,0,6448,G
2-PB1,1316,6404,0,2,0,6406,A
2-PB1,1317,1,6298,0,1,6300,T
2-PB1,1318,1,15,6282,1,6299,G
2-PB1,1319,1,6,6258,0,6265,G
2-PB1,1320,0,0,6292,0,6292,G
2-PB1,1321,4,1,0,6390,6395,C
2-PB1,1322,0,6350,0,26,6376,T
2-PB1,1323,10,0,0,6406,6416,C
2-PB1,1324,10,2,0,6423,6435,C
2-PB1,1325,6443,0,1,1,6445,A
2-PB1,1326,6414,1,5,0,6420,A
2-PB1,1327,0,6366,0,2,6368,T
2-PB1,1328,11,1,0,6341,6353,C
2-PB1,1329,5,2,0,6301,6308,C
2-PB1,1330,1,6221,0,2,6224,T
2-PB1,1331,8,0,0,6241,6249,C
2-PB1,1332,9,0,0,6221,6230,C
2-PB1,1333,2,11,6224,0,6237,G
2-PB1,1334,6208,1,6,0,6215,A
2-PB1,1335,3,4,0,6217,6224,C
2-PB1,1336,3,19,6242,0,6264,G
2-PB1,1337,6261,0,0,0,6261,A
2-PB1,1338,0,6254,1,3,6258,T
2-PB1,1339,0,6248,0,1,6249,T
2-PB1,1340,1,6235,0,5,6241,T
2-PB1,1341,0,6261,0,5,6266,T
2-PB1,1342,1,2,6262,0,6265,G
2-PB1,1343,2,1,0,6242,6245,C
2-PB1,1344,16,3,0,6231,6250,C
2-PB1,1345,15,1,0,6479,6495,C
2-PB1,1346,1,6435,0,10,6446,T
2-PB1,1347,9,1,1,6720,6731,C
2-PB1,1348,6794,0,0,0,6794,A
2-PB1,1349,0,6817,0,1,6818,T
2-PB1,1350,6819,0,1,0,6820,A
2-PB1,1351,2,3,6886,1,6892,G
2-PB1,1352,0,6753,0,3,6756,T
2-PB1,1353,0,16,6793,2,6811,G
2-PB1,1354,6553,0,2,0,6555,A
2-PB1,1355,6563,0,5,0,6568,A
2-PB1,1356,0,6208,5,2,6215,T
2-PB1,1357,5,7,6191,0,6203,G
2-PB1,1358,2,6,0,6237,6245,C
2-PB1,1359,6212,0,4,1,6217,A
2-PB1,1360,3,0,2,6264,6269,C
2-PB1,1361,21,0,0,6189,6210,C
2-PB1,1362,6166,0,2,0,6168,A
2-PB1,1363,6154,0,2,1,6157,A
2-PB1,1364,6122,0,3,0,6125,A
2-PB1,1365,0,5970,0,0,5970,T
2-PB1,1366,10,2,0,6190,6202,C
2-PB1,1367,6203,0,1,1,6205,A
2-PB1,1368,0,6201,1,1,6203,T
2-PB1,1369,0,5,6203,0,6208,G
2-PB1,1370,6212,0,7,0,6219,A
2-PB1,1371,1,11,6237,1,6250,G
2-PB1,1372,0,15,6194,0,6209,G
2-PB1,1373,1,18,6222,0,6241,G
2-PB1,1374,6196,0,17,0,6213,A
2-PB1,1375,6324,1,5,0,6330,A
2-PB1,1376,1,6339,0,0,6340,T
2-PB1,1377,6350,0,3,0,6353,A
2-PB1,1378,1,2,0,6356,6359,C
2-PB1,1379,6409,0,3,1,6413,A
2-PB1,1380,6387,1,6,0,6394,A
2-PB1,1381,2,0,6354,0,6356,G
2-PB1,1382,2,1,0,6296,6299,C
2-PB1,1383,6250,0,1,0,6251,A
2-PB1,1384,0,7,6321,0,6328,G
2-PB1,1385,0,15,6315,0,6330,G
2-PB1,1386,6281,0,0,0,6281,A
2-PB1,1387,1,5,6344,0,6350,G
2-PB1,1388,0,6196,0,1,6197,T
2-PB1,1389,2,19,6257,0,6278,G
2-PB1,1390,1,10,6290,0,6301,G
2-PB1,1391,6275,3,5,0,6283,A
2-PB1,1392,1,6289,1,1,6292,T
2-PB1,1393,6212,0,1,0,6213,A
2-PB1,1394,0,10,6257,0,6267,G
2-PB1,1395,6304,1,0,0,6305,A
2-PB1,1396,0,6292,0,2,6294,T
2-PB1,1397,0,6267,2,2,6271,T
2-PB1,1398,10,1,0,6464,6475,C
2-PB1,1399,1,6465,0,1,6467,T
2-PB1,1400,6463,0,1,0,6464,A
2-PB1,1401,1,1,0,6458,6460,C
2-PB1,1402,6300,0,7,0,6307,A
2-PB1,1403,1,10,6289,0,6300,G
2-PB1,1404,1,16,6138,0,6155,G
2-PB1,1405,6206,1,2,0,6209,A
2-PB1,1406,1,0,0,6209,6210,C
2-PB1,1407,10,2,0,6043,6055,C
2-PB1,1408,3,5971,0,9,5983,T
2-PB1,1409,1,2,6013,0,6016,G
2-PB1,1410,1,0,1,6011,6013,C
2-PB1,1411,6040,0,4,0,6044,A
2-PB1,1412,6056,0,4,1,6061,A
2-PB1,1413,0,1,6102,0,6103,G
2-PB1,1414,0,5959,0,5,5964,T
2-PB1,1415,0,5995,0,1,5996,T
2-PB1,1416,5904,0,2,0,5906,A
2-PB1,1417,0,1,5929,0,5930,G
2-PB1,1418,0,5848,0,3,5851,T
2-PB1,1419,1,6,5840,1,5848,G
2-PB1,1420,1,13,5834,1,5849,G
2-PB1,1421,0,12,5867,0,5879,G
2-PB1,1422,5854,0,2,2,5858,A
2-PB1,1423,5902,0,1,0,5903,A
2-PB1,1424,0,5872,0,2,5874,T
2-PB1,1425,19,0,0,5879,5898,C
2-PB1,1426,5903,0,5,0,5908,A
2-PB1,1427,5920,0,4,0,5924,A
2-PB1,1428,1,0,0,5893,5894,C
2-PB1,1429,5887,0,2,1,5890,A
2-PB1,1430,0,5729,0,2,5731,T
2-PB1,1431,0,21,5709,0,5730,G
2-PB1,1432,5718,0,6,0,5724,A
2-PB1,1433,1,1,5750,0,5752,G
2-PB1,1434,1,0,0,5705,5706,C
2-PB1,1435,5736,0,0,0,5736,A
2-PB1,1436,5728,0,1,0,5729,A
2-PB1,1437,5738,0,0,0,5738,A
2-PB1,1438,5785,0,4,2,5791,A
2-PB1,1439,5797,0,1,0,5798,A
2-PB1,1440,1,5,5769,0,5775,G
2-PB1,1441,5707,0,1,0,5708,A
2-PB1,1442,5659,0,5,0,5664,A
2-PB1,1443,0,3,5877,0,5880,G
2-PB1,1444,1,5834,0,3,5838,T
2-PB1,1445,17,0,2,5823,5842,C
2-PB1,1446,16,0,0,5876,5892,C
2-PB1,1447,1,5881,0,3,5885,T
2-PB1,1448,5966,0,0,1,5967,A
2-PB1,1449,0,5942,0,0,5942,T
2-PB1,1450,5966,0,0,0,5966,A
2-PB1,1451,0,5947,1,0,5948,T
2-PB1,1452,5835,0,0,0,5835,A
2-PB1,1453,5841,1,1,0,5843,A
2-PB1,1454,5828,0,4,0,5832,A
2-PB1,1455,0,5825,0,2,5827,T
2-PB1,1456,5760,0,1,0,5761,A
2-PB1,1457,5726,0,1,0,5727,A
2-PB1,1458,5723,0,18,0,5741,A
2-PB1,1459,5747,0,7,1,5755,A
2-PB1,1460,0,0,1,5761,5762,C
2-PB1,1461,5521,0,2,0,5523,A
2-PB1,1462,0,10,5522,0,5532,G
2-PB1,1463,0,10,5512,0,5522,G
2-PB1,1464,0,16,5507,0,5523,G
2-PB1,1465,5506,1,6,0,5513,A
2-PB1,1466,0,1,0,5559,5560,C
2-PB1,1467,5531,0,1,0,5532,A
2-PB1,1468,0,5555,0,2,5557,T
2-PB1,1469,0,5564,0,8,5572,T
2-PB1,1470,0,5591,0,1,5592,T
2-PB1,1471,1,13,5576,0,5590,G
2-PB1,1472,5534,2,0,0,5536,A
2-PB1,1473,5547,0,1,0,5548,A
2-PB1,1474,1,5551,0,0,5552,T
2-PB1,1475,0,5422,1,0,5423,T
2-PB1,1476,29,1,0,5420,5450,C
2-PB1,1477,5356,2,0,0,5358,A
2-PB1,1478,1,0,1,5392,5394,C
2-PB1,1479,1,5413,0,0,5414,T
2-PB1,1480,5409,1,0,0,5410,A
2-PB1,1481,0,1,5373,0,5374,G
2-PB1,1482,1,0,0,5382,5383,C
2-PB1,1483,0,5381,0,8,5389,T
2-PB1,1484,0,5434,0,1,5435,T
2-PB1,1485,0,5413,0,1,5414,T
2-PB1,1486,2,5419,0,0,5421,T
2-PB1,1487,1,5415,0,1,5417,T
2-PB1,1488,0,5429,0,0,5429,T
2-PB1,1489,0,5403,1,2,5406,T
2-PB1,1490,5378,0,1,0,5379,A
2-PB1,1491,0,5333,0,1,5334,T
2-PB1,1492,3,2,0,5386,5391,C
2-PB1,1493,3,15,5412,0,5430,G
2-PB1,1494,5596,2,1,0,5599,A
2-PB1,1495,0,5634,0,1,5635,T
2-PB1,1496,5626,0,0,0,5626,A
2-PB1,1497,0,5686,0,2,5688,T
2-PB1,1498,1,16,5639,0,5656,G
2-PB1,1499,1,14,5667,0,5682,G
2-PB1,1500,5691,0,6,0,5697,A
2-PB1,1501,0,5642,0,1,5643,T
2-PB1,1502,0,5601,0,1,5602,T
2-PB1,1503,0,5396,0,1,5397,T
2-PB1,1504,1,2,5417,0,5420,G
2-PB1,1505,0,5346,0,3,5349,T
2-PB1,1506,1,9,5355,1,5366,G
2-PB1,1507,1,0,5325,0,5326,G
2-PB1,1508,2,0,1,5222,5225,C
2-PB1,1509,0,5313,0,6,5319,T
2-PB1,1510,5334,0,1,0,5335,A
2-PB1,1511,5372,0,1,0,5373,A
2-PB1,1512,0,5422,1,1,5424,T
2-PB1,1513,0,5419,0,1,5420,T
2-PB1,1514,1,5414,1,1,5417,T
2-PB1,1515,0,5422,1,2,5425,T
2-PB1,1516,5432,0,5,0,5437,A
2-PB1,1517,1,2,5465,0,5468,G
2-PB1,1518,2,0,0,5463,5465,C
2-PB1,1519,5442,0,2,0,5444,A
2-PB1,1520,0,5383,0,2,5385,T
2-PB1,1521,2,10,5311,0,5323,G
2-PB1,1522,2,13,5396,0,5411,G
2-PB1,1523,5379,0,1,0,5380,A
2-PB1,1524,1,0,5367,0,5368,G
2-PB1,1525,0,2,0,5325,5327,C
2-PB1,1526,1,5295,0,2,5298,T
2-PB1,1527,4,0,5324,0,5328,G
2-PB1,1528,1,2,0,5259,5262,C
2-PB1,1529,19,2,0,5242,5263,C
2-PB1,1530,16,2,0,5329,5347,C
2-PB1,1531,5162,0,1,0,5163,A
2-PB1,1532,7,0,5469,0,5476,G
2-PB1,1533,0,5460,0,3,5463,T
2-PB1,1534,0,5471,0,2,5473,T
2-PB1,1535,0,5475,1,0,5476,T
2-PB1,1536,0,5414,0,1,5415,T
2-PB1,1537,1,6,5388,0,5395,G
2-PB1,1538,15,10,5346,1,5372,G
2-PB1,1539,5325,0,7,0,5332,A
2-PB1,1540,1,1,5360,0,5362,G
2-PB1,1541,0,4914,0,3,4917,T
2-PB1,1542,3,2,5168,0,5173,G
2-PB1,1543,1,5132,0,5,5138,T
2-PB1,1544,19,1,0,5139,5159,C
2-PB1,1545,2,5166,0,2,5170,T
2-PB1,1546,2,8,5175,0,5185,G
2-PB1,1547,2,12,5248,2,5264,G
2-PB1,1548,5278,0,2,0,5280,A
2-PB1,1549,5297,0,2,0,5299,A
2-PB1,1550,0,5257,0,0,5257,T
2-PB1,1551,4761,0,2,0,4763,A
2-PB1,1552,4747,1,2,1,4751,A
2-PB1,1553,4746,0,5,0,4751,A
2-PB1,1554,0,0,0,4745,4745,C
2-PB1,1555,1,18,4688,0,4707,G
2-PB1,1556,4645,0,3,1,4649,A
2-PB1,1557,0,1,4623,0,4624,G
2-PB1,1558,0,4582,0,2,4584,T
2-PB1,1559,14,1,0,4626,4641,C
2-PB1,1560,4651,0,8,0,4659,A
2-PB1,1561,3,2,4701,0,4706,G
2-PB1,1562,0,1,0,4700,4701,C
2-PB1,1563,0,4720,0,1,4721,T
2-PB1,1564,0,7,4852,0,4859,G
2-PB1,1565,4814,0,4,0,4818,A
2-PB1,1566,0,4820,0,8,4828,T
2-PB1,1567,4818,0,2,0,4820,A
2-PB1,1568,1,4737,1,4,4743,T
2-PB1,1569,1,12,4765,0,4778,G
2-PB1,1570,4571,1,4,0,4576,A
2-PB1,1571,1,1,4650,0,4652,G
2-PB1,1572,3,0,0,4637,4640,C
2-PB1,1573,4408,0,1,0,4409,A
2-PB1,1574,1,4406,0,0,4407,T
2-PB1,1575,0,4409,0,1,4410,T
2-PB1,1576,3,8,4445,0,4456,G
2-PB1,1577,1,6,4650,0,4657,G
2-PB1,1578,4563,0,10,1,4574,A
2-PB1,1579,1,1,4573,0,4575,G
2-PB1,1580,0,4401,0,2,4403,T
2-PB1,1581,4423,0,2,0,4425,A
2-PB1,1582,4424,0,4,1,4429,A
2-PB1,1583,1,2,0,4439,4442,C
2-PB1,1584,4417,0,3,1,4421,A
2-PB1,1585,21,1,4466,0,4488,G
2-PB1,1586,0,3989,0,3,3992,T
2-PB1,1587,0,13,4029,1,4043,G
2-PB1,1588,4093,0,3,0,4096,A
2-PB1,1589,0,4097,0,2,4099,T
2-PB1,1590,4081,0,1,1,4083,A
2-PB1,1591,4069,0,0,0,4069,A
2-PB1,1592,3947,0,6,0,3953,A
2-PB1,1593,0,12,3967,0,3979,G
2-PB1,1594,3804,0,1,0,3805,A
2-PB1,1595,3802,0,1,0,3803,A
2-PB1,1596,1,1,0,3805,3807,C
2-PB1,1597,3692,0,3,0,3695,A
2-PB1,1598,3734,1,1,0,3736,A
2-PB1,1599,5,5,1,3727,3738,C
2-PB1,1600,3783,0,1,0,3784,A
2-PB1,1601,1,3779,3,0,3783,T
2-PB1,1602,1,7,3727,1,3736,G
2-PB1,1603,3728,0,3,0,3731,A
2-PB1,1604,0,3714,0,2,3716,T
2-PB1,1605,3676,0,0,0,3676,A
2-PB1,1606,3709,1,2,0,3712,A
2-PB1,1607,3666,0,2,0,3668,A
2-PB1,1608,2,0,1,3697,3700,C
2-PB1,1609,3553,0,1,0,3554,A
2-PB1,1610,3534,0,0,0,3534,A
2-PB1,1611,0,3442,0,1,3443,T
2-PB1,1612,1,10,3439,0,3450,G
2-PB1,1613,3527,0,3,0,3530,A
2-PB1,1614,3,0,0,3600,3603,C
2-PB1,1615,7,0,1,3525,3533,C
2-PB1,1616,0,3436,0,3,3439,T
2-PB1,1617,0,3375,0,0,3375,T
2-PB1,1618,0,4,3402,0,3406,G
2-PB1,1619,0,8,3432,1,3441,G
2-PB1,1620,3465,1,3,0,3469,A
2-PB1,1621,3,0,1,3472,3476,C
2-PB1,1622,4,2,1,3419,3426,C
2-PB1,1623,3397,0,3,0,3400,A
2-PB1,1624,0,0,3446,0,3446,G
2-PB1,1625,2,2,0,3461,3465,C
2-PB1,1626,3482,0,3,0,3485,A
2-PB1,1627,3469,0,3,0,3472,A
2-PB1,1628,1,1,0,3457,3459,C
2-PB1,1629,3423,0,2,1,3426,A
2-PB1,1630,0,3,3490,0,3493,G
2-PB1,1631,1,1,0,3481,3483,C
2-PB1,1632,4,0,0,3494,3498,C
2-PB1,1633,7,0,1,3510,3518,C
2-PB1,1634,3529,0,2,0,3531,A
2-PB1,1635,3529,0,0,0,3529,A
2-PB1,1636,3521,0,0,0,3521,A
2-PB1,1637,0,3505,0,0,3505,T
2-PB1,1638,0,7,3482,0,3489,G
2-PB1,1639,0,4,3425,0,3429,G
2-PB1,1640,0,0,0,3449,3449,C
2-PB1,1641,1,3411,0,5,3417,T
2-PB1,1642,4,0,0,3504,3508,C
2-PB1,1643,0,3512,0,2,3514,T
2-PB1,1644,5,2,0,3547,3554,C
2-PB1,1645,4,1,0,3563,3568,C
2-PB1,1646,3585,0,2,0,3587,A
2-PB1,1647,3577,0,0,0,3577,A
2-PB1,1648,0,3546,0,0,3546,T
2-PB1,1649,0,3516,0,0,3516,T
2-PB1,1650,2,0,3523,1,3526,G
2-PB1,1651,0,3450,0,3,3453,T
2-PB1,1652,1,3447,0,2,3450,T
2-PB1,1653,8,4,0,3460,3472,C
2-PB1,1654,3461,0,1,0,3462,A
2-PB1,1655,1,3444,0,1,3446,T
2-PB1,1656,7,0,0,3449,3456,C
2-PB1,1657,3463,0,2,0,3465,A
2-PB1,1658,3473,0,1,0,3474,A
2-PB1,1659,3463,0,3,0,3466,A
2-PB1,1660,0,3,3537,0,3540,G
2-PB1,1661,3526,0,2,0,3528,A
2-PB1,1662,0,3508,0,23,3531,T
2-PB1,1663,0,3559,0,0,3559,T
2-PB1,1664,3576,1,2,0,3579,A
2-PB1,1665,2,0,0,3638,3640,C
2-PB1,1666,3644,0,4,0,3648,A
2-PB1,1667,1,1,3679,0,3681,G
2-PB1,1668,3675,1,3,0,3679,A
2-PB1,1669,0,3761,0,0,3761,T
2-PB1,1670,3776,1,1,0,3778,A
2-PB1,1671,5,2,0,3956,3963,C
2-PB1,1672,4013,0,1,0,4014,A
2-PB1,1673,1,1,0,4260,4262,C
2-PB1,1674,4222,0,1,1,4224,A
2-PB1,1675,0,4245,0,0,4245,T
2-PB1,1676,4213,0,0,0,4213,A
2-PB1,1677,0,4200,0,0,4200,T
2-PB1,1678,4113,0,2,0,4115,A
2-PB1,1679,0,7,4087,0,4094,G
2-PB1,1680,1,1,4045,0,4047,G
2-PB1,1681,1,3870,0,3,3874,T
2-PB1,1682,0,0,3864,0,3864,G
2-PB1,1683,0,0,0,4026,4026,C
2-PB1,1684,6,1,0,4033,4040,C
2-PB1,1685,4098,0,2,0,4100,A
2-PB1,1686,1,4109,0,0,4110,T
2-PB1,1687,4121,0,2,2,4125,A
2-PB1,1688,0,5,4142,0,4147,G
2-PB1,1689,4047,0,7,0,4054,A
2-PB1,1690,0,0,4077,0,4077,G
2-PB1,1691,0,4,4047,1,4052,G
2-PB1,1692,3920,2,3,0,3925,A
2-PB1,1693,0,13,3933,0,3946,G
2-PB1,1694,3921,0,7,1,3929,A
2-PB1,1695,1,1,0,3933,3935,C
2-PB1,1696,3909,0,6,1,3916,A
2-PB1,1697,2,0,0,3974,3976,C
2-PB1,1698,3972,1,5,0,3978,A
2-PB1,1699,2,1,0,3983,3986,C
2-PB1,1700,3954,0,2,0,3956,A
2-PB1,1701,3968,0,2,0,3970,A
2-PB1,1702,3978,0,0,0,3978,A
2-PB1,1703,0,3959,1,0,3960,T
2-PB1,1704,7,0,0,3966,3973,C
2-PB1,1705,9,1,0,3967,3977,C
2-PB1,1706,3942,1,2,0,3945,A
2-PB1,1707,0,8,3928,0,3936,G
2-PB1,1708,3928,0,3,0,3931,A
2-PB1,1709,1,0,0,3973,3974,C
2-PB1,1710,0,5,3961,1,3967,G
2-PB1,1711,3924,2,0,0,3926,A
2-PB1,1712,0,3,3942,0,3945,G
2-PB1,1713,3950,1,2,0,3953,A
2-PB1,1714,3958,0,5,0,3963,A
2-PB1,1715,1,6,3965,0,3972,G
2-PB1,1716,3958,0,2,0,3960,A
2-PB1,1717,0,3942,0,2,3944,T
2-PB1,1718,12,2,0,3925,3939,C
2-PB1,1719,3961,0,1,0,3962,A
2-PB1,1720,0,3936,0,2,3938,T
2-PB1,1721,0,3922,1,0,3923,T
2-PB1,1722,6,2,0,3949,3957,C
2-PB1,1723,1,9,3936,1,3947,G
2-PB1,1724,3914,0,2,0,3916,A
2-PB1,1725,0,4,3931,0,3935,G
2-PB1,1726,3889,0,0,0,3889,A
2-PB1,1727,0,4031,0,0,4031,T
2-PB1,1728,4053,0,0,0,4053,A
2-PB1,1729,4054,0,0,1,4055,A
2-PB1,1730,4047,0,2,0,4049,A
2-PB1,1731,4,7,4052,0,4063,G
2-PB1,1732,4062,0,1,0,4063,A
2-PB1,1733,3918,0,4,0,3922,A
2-PB1,1734,0,2,3935,0,3937,G
2-PB1,1735,1,0,0,3958,3959,C
2-PB1,1736,0,3891,0,3,3894,T
2-PB1,1737,1,1,3912,0,3914,G
2-PB1,1738,0,3878,0,5,3883,T
2-PB1,1739,0,13,3872,0,3885,G
2-PB1,1740,1,11,3853,0,3865,G
2-PB1,1741,1,9,3896,0,3906,G
2-PB1,1742,3926,1,5,0,3932,A
2-PB1,1743,0,3907,0,1,3908,T
2-PB1,1744,10,0,0,3878,3888,C
2-PB1,1745,3907,0,6,0,3913,A
2-PB1,1746,3901,0,4,0,3905,A
2-PB1,1747,3914,0,1,0,3915,A
2-PB1,1748,4,1,0,3923,3928,C
2-PB1,1749,9,0,0,3902,3911,C
2-PB1,1750,13,1,0,3902,3916,C
2-PB1,1751,3911,0,4,1,3916,A
2-PB1,1752,3958,0,1,0,3959,A
2-PB1,1753,0,3948,0,0,3948,T
2-PB1,1754,5,1,0,3974,3980,C
2-PB1,1755,3940,0,0,0,3940,A
2-PB1,1756,3897,0,1,0,3898,A
2-PB1,1757,0,7,3942,0,3949,G
2-PB1,1758,0,10,3934,0,3944,G
2-PB1,1759,0,3,3926,0,3929,G
2-PB1,1760,0,1,0,3950,3951,C
2-PB1,1761,3881,1,4,0,3886,A
2-PB1,1762,1,6,4007,0,4014,G
2-PB1,1763,0,8,4036,1,4045,G
2-PB1,1764,4063,0,2,0,4065,A
2-PB1,1765,1,0,0,4129,4130,C
2-PB1,1766,0,4051,0,6,4057,T
2-PB1,1767,4197,0,0,0,4197,A
2-PB1,1768,0,4166,0,0,4166,T
2-PB1,1769,1,4173,0,0,4174,T
2-PB1,1770,1,2,4187,1,4191,G
2-PB1,1771,0,4,4225,0,4229,G
2-PB1,1772,1,4169,0,3,4173,T
2-PB1,1773,4187,0,1,0,4188,A
2-PB1,1774,0,4139,0,2,4141,T
2-PB1,1775,8,0,1,4165,4174,C
2-PB1,1776,4064,0,2,0,4066,A
2-PB1,1777,0,4,4117,0,4121,G
2-PB1,1778,4098,0,0,0,4098,A
2-PB1,1779,0,4071,1,0,4072,T
2-PB1,1780,2,4,3919,0,3925,G
2-PB1,1781,2,7,3906,0,3915,G
2-PB1,1782,4,6,3869,1,3880,G
2-PB1,1783,0,4,3906,0,3910,G
2-PB1,1784,0,9,3898,0,3907,G
2-PB1,1785,3876,0,3,0,3879,A
2-PB1,1786,4,0,0,3874,3878,C
2-PB1,1787,5,0,0,3842,3847,C
2-PB1,1788,3861,0,0,0,3861,A
2-PB1,1789,4153,0,0,0,4153,A
2-PB1,1790,4170,0,0,0,4170,A
2-PB1,1791,0,0,0,4289,4289,C
2-PB1,1792,1,4246,0,1,4248,T
2-PB1,1793,0,4235,0,1,4236,T
2-PB1,1794,4261,1,1,0,4263,A
2-PB1,1795,1,4259,0,1,4261,T
2-PB1,1796,4252,0,4,0,4256,A
2-PB1,1797,2,0,0,4278,4280,C
2-PB1,1798,4004,0,0,0,4004,A
2-PB1,1799,4003,0,0,0,4003,A
2-PB1,1800,0,3948,0,0,3948,T
2-PB1,1801,4026,0,0,0,4026,A
2-PB1,1802,0,4029,0,0,4029,T
2-PB1,1803,2,0,0,4018,4020,C
2-PB1,1804,5,3,0,4025,4033,C
2-PB1,1805,2,1,4021,0,4024,G
2-PB1,1806,0,10,4009,0,4019,G
2-PB1,1807,4018,0,0,1,4019,A
2-PB1,1808,4011,0,1,0,4012,A
2-PB1,1809,0,4007,1,1,4009,T
2-PB1,1810,4,0,0,4063,4067,C
2-PB1,1811,0,4062,0,2,4064,T
2-PB1,1812,0,4058,0,2,4060,T
2-PB1,1813,4,0,0,4065,4069,C
2-PB1,1814,4057,1,3,1,4062,A
2-PB1,1815,3,0,0,4072,4075,C
2-PB1,1816,4057,0,0,0,4057,A
2-PB1,1817,0,4336,0,0,4336,T
2-PB1,1818,8,2,1,4333,4344,C
2-PB1,1819,8,0,0,4314,4322,C
2-PB1,1820,4,0,2,4348,4354,C
2-PB1,1821,0,4360,0,5,4365,T
2-PB1,1822,0,4,4385,0,4389,G
2-PB1,1823,4361,0,1,0,4362,A
2-PB1,1824,4342,0,4,0,4346,A
2-PB1,1825,0,1,4377,0,4378,G
2-PB1,1826,1,4095,0,0,4096,T
2-PB1,1827,4,1,0,4115,4120,C
2-PB1,1828,0,4038,0,0,4038,T
2-PB1,1829,0,1,4146,1,4148,G
2-PB1,1830,0,1,0,4158,4159,C
2-PB1,1831,1,4160,1,3,4165,T
2-PB1,1832,0,4185,0,1,4186,T
2-PB1,1833,4147,0,16,0,4163,A
2-PB1,1834,4163,0,0,0,4163,A
2-PB1,1835,4165,1,3,0,4169,A
2-PB1,1836,0,0,4211,0,4211,G
2-PB1,1837,0,4108,0,0,4108,T
2-PB1,1838,1,7,4052,0,4060,G
2-PB1,1839,1,4,4016,0,4021,G
2-PB1,1840,2,7,4058,0,4067,G
2-PB1,1841,4025,0,7,0,4032,A
2-PB1,1842,2,0,4072,0,4074,G
2-PB1,1843,2,0,0,4046,4048,C
2-PB1,1844,0,4047,0,3,4050,T
2-PB1,1845,1,4,4061,0,4066,G
2-PB1,1846,4027,1,1,0,4029,A
2-PB1,1847,0,4057,1,0,4058,T
2-PB1,1848,0,3,4069,0,4072,G
2-PB1,1849,1,7,4061,0,4069,G
2-PB1,1850,4029,1,1,0,4031,A
2-PB1,1851,0,4050,0,1,4051,T
2-PB1,1852,0,7,4053,0,4060,G
2-PB1,1853,4012,1,4,1,4018,A
2-PB1,1854,1,9,4072,0,4082,G
2-PB1,1855,4074,0,2,0,4076,A
2-PB1,1856,4047,0,33,0,4080,A
2-PB1,1857,0,4053,0,0,4053,T
2-PB1,1858,0,4034,0,2,4036,T
2-PB1,1859,4040,1,1,0,4042,A
2-PB1,1860,0,4001,0,29,4030,T
2-PB1,1861,5,3,0,4042,4050,C
2-PB1,1862,4,6,4049,0,4059,G
2-PB1,1863,0,9,3984,0,3993,G
2-PB1,1864,1,5,3988,0,3994,G
2-PB1,1865,1,2,4002,0,4005,G
2-PB1,1866,3966,1,18,0,3985,A
2-PB1,1867,4009,0,1,0,4010,A
2-PB1,1868,0,8,4013,0,4021,G
2-PB1,1869,4019,0,0,0,4019,A
2-PB1,1870,1,0,0,4096,4097,C
2-PB1,1871,1,4041,0,3,4045,T
2-PB1,1872,0,4123,0,0,4123,T
2-PB1,1873,0,4125,0,1,4126,T
2-PB1,1874,0,2,4142,0,4144,G
2-PB1,1875,1,4130,1,2,4134,T
2-PB1,1876,4135,1,0,0,4136,A
2-PB1,1877,4120,0,0,0,4120,A
2-PB1,1878,0,4028,0,1,4029,T
2-PB1,1879,1,0,0,4074,4075,C
2-PB1,1880,6,2,0,4060,4068,C
2-PB1,1881,7,2,1,4024,4034,C
2-PB1,1882,9,0,0,4061,4070,C
2-PB1,1883,0,4064,0,6,4070,T
2-PB1,1884,0,7,4079,0,4086,G
2-PB1,1885,4058,0,1,0,4059,A
2-PB1,1886,4077,0,3,0,4080,A
2-PB1,1887,1,4087,0,1,4089,T
2-PB1,1888,12,0,0,4066,4078,C
2-PB1,1889,4,3,1,4030,4038,C
2-PB1,1890,6,1,0,4005,4012,C
2-PB1,1891,0,4034,0,4,4038,T
2-PB1,1892,0,4059,0,0,4059,T
2-PB1,1893,0,4046,0,1,4047,T
2-PB1,1894,1,4,4045,0,4050,G
2-PB1,1895,0,4023,0,3,4026,T
2-PB1,1896,7,42,0,3974,4023,C
2-PB1,1897,3985,1,2,0,3988,A
2-PB1,1898,1,1,4036,0,4038,G
2-PB1,1899,0,3,1,3996,4000,C
2-PB1,1900,5,1,0,4038,4044,C
2-PB1,1901,4033,0,1,0,4034,A
2-PB1,1902,0,4068,0,1,4069,T
2-PB1,1903,4059,0,1,0,4060,A
2-PB1,1904,4052,1,1,0,4054,A
2-PB1,1905,4052,0,2,0,4054,A
2-PB1,1906,0,3,4111,0,4114,G
2-PB1,1907,4037,1,1,0,4039,A
2-PB1,1908,4045,0,0,0,4045,A
2-PB1,1909,4064,0,2,0,4066,A
2-PB1,1910,0,4026,0,2,4028,T
2-PB1,1911,0,4024,0,1,4025,T
2-PB1,1912,0,10,4029,0,4039,G
2-PB1,1913,4002,0,2,1,4005,A
2-PB1,1914,2,0,4068,0,4070,G
2-PB1,1915,0,4054,0,3,4057,T
2-PB1,1916,12,0,0,4094,4106,C
2-PB1,1917,0,4104,0,0,4104,T
2-PB1,1918,4,1,4197,0,4202,G
2-PB1,1919,0,4180,0,3,4183,T
2-PB1,1920,4250,0,1,0,4251,A
2-PB1,1921,4228,0,2,0,4230,A
2-PB1,1922,4217,1,0,0,4218,A
2-PB1,1923,0,1,0,4242,4243,C
2-PB1,1924,4089,2,2,0,4093,A
2-PB1,1925,4192,0,0,0,4192,A
2-PB1,1926,2,4176,0,1,4179,T
2-PB1,1927,37,3,4138,0,4178,G
2-PB1,1928,1,1,0,4218,4220,C
2-PB1,1929,2,4169,0,4,4175,T
2-PB1,1930,1,1,4315,0,4317,G
2-PB1,1931,1,4302,0,2,4305,T
2-PB1,1932,4375,0,2,0,4377,A
2-PB1,1933,1,0,4367,0,4368,G
2-PB1,1934,0,4248,0,0,4248,T
2-PB1,1935,4228,0,0,0,4228,A
2-PB1,1936,4171,1,0,0,4172,A
2-PB1,1937,0,4126,0,1,4127,T
2-PB1,1938,1,0,4123,0,4124,G
2-PB1,1939,3,1,0,4048,4052,C
2-PB1,1940,2,1,0,4032,4035,C
2-PB1,1941,3945,0,3,0,3948,A
2-PB1,1942,1,1,3964,0,3966,G
2-PB1,1943,1,1,0,4084,4086,C
2-PB1,1944,5,0,0,4077,4082,C
2-PB1,1945,10,3,0,4094,4107,C
2-PB1,1946,4097,0,1,0,4098,A
2-PB1,1947,0,4088,0,4,4092,T
2-PB1,1948,0,13,4084,0,4097,G
2-PB1,1949,1,2,4080,0,4083,G
2-PB1,1950,2,4037,0,4,4043,T
2-PB1,1951,7,0,0,4030,4037,C
2-PB1,1952,3,4,0,3912,3919,C
2-PB1,1953,3,9,3964,0,3976,G
2-PB1,1954,9,2,3922,16,3949,G
2-PB1,1955,2,0,0,3918,3920,C
2-PB1,1956,5,0,0,3943,3948,C
2-PB1,1957,3980,0,2,0,3982,A
2-PB1,1958,3997,0,1,0,3998,A
2-PB1,1959,3984,0,0,1,3985,A
2-PB1,1960,4004,0,1,0,4005,A
2-PB1,1961,0,5,4068,0,4073,G
2-PB1,1962,0,3944,0,0,3944,T
2-PB1,1963,4016,0,1,0,4017,A
2-PB1,1964,0,4000,0,0,4000,T
2-PB1,1965,1,3,4018,0,4022,G
2-PB1,1966,0,12,4094,0,4106,G
2-PB1,1967,4079,0,0,0,4079,A
2-PB1,1968,4136,0,0,0,4136,A
2-PB1,1969,0,4108,0,0,4108,T
2-PB1,1970,4058,0,0,0,4058,A
2-PB1,1971,1,4049,0,0,4050,T
2-PB1,1972,0,8,4005,1,4014,G
2-PB1,1973,4002,0,2,1,4005,A
2-PB1,1974,1,3975,1,1,3978,T
2-PB1,1975,0,0,3884,0,3884,G
2-PB1,1976,0,0,5,3863,3868,C
2-PB1,1977,5,0,0,3849,3854,C
2-PB1,1978,1,1,3875,0,3877,G
2-PB1,1979,1,3857,0,1,3859,T
2-PB1,1980,0,3852,0,4,3856,T
2-PB1,1981,1,1,3870,2,3874,G
2-PB1,1982,3,2,0,3936,3941,C
2-PB1,1983,3953,0,0,0,3953,A
2-PB1,1984,4004,0,0,0,4004,A
2-PB1,1985,1,0,0,4022,4023,C
2-PB1,1986,0,3975,0,1,3976,T
2-PB1,1987,4002,0,1,0,4003,A
2-PB1,1988,2,2,1,3977,3982,C
2-PB1,1989,3968,0,6,0,3974,A
2-PB1,1990,1,1,0,3984,3986,C
2-PB1,1991,3806,0,0,0,3806,A
2-PB1,1992,5,0,0,4182,4187,C
2-PB1,1993,0,4062,0,3,4065,T
2-PB1,1994,8,1,0,4128,4137,C
2-PB1,1995,6,1,0,4129,4136,C
2-PB1,1996,1,4073,0,1,4075,T
2-PB1,1997,0,4,4101,0,4105,G
2-PB1,1998,0,10,4100,0,4110,G
2-PB1,1999,4108,0,0,0,4108,A
2-PB1,2000,0,4094,0,0,4094,T
2-PB1,2001,0,3653,0,0,3653,T
2-PB1,2002,16,1,0,3677,3694,C
2-PB1,2003,2,1,0,3677,3680,C
2-PB1,2004,12,1,0,3696,3709,C
2-PB1,2005,3723,0,0,0,3723,A
2-PB1,2006,3702,0,1,0,3703,A
2-PB1,2007,0,9,3714,0,3723,G
2-PB1,2008,3699,0,4,1,3704,A
2-PB1,2009,0,4,3696,0,3700,G
2-PB1,2010,0,7,3695,0,3702,G
2-PB1,2011,3656,2,1,0,3659,A
2-PB1,2012,3649,0,4,0,3653,A
2-PB1,2013,4,0,0,3633,3637,C
2-PB1,2014,8,1,0,3599,3608,C
2-PB1,2015,0,3,3667,0,3670,G
2-PB1,2016,0,0,0,3670,3670,C
2-PB1,2017,0,3659,0,1,3660,T
2-PB1,2018,8,0,0,3678,3686,C
2-PB1,2019,0,3659,1,2,3662,T
2-PB1,2020,3911,0,2,0,3913,A
2-PB1,2021,0,3909,1,0,3910,T
2-PB1,2022,0,3895,0,2,3897,T
2-PB1,2023,4,1,0,3924,3929,C
2-PB1,2024,0,3806,1,0,3807,T
2-PB1,2025,3806,0,1,0,3807,A
2-PB1,2026,3800,0,0,0,3800,A
2-PB1,2027,3801,0,0,0,3801,A
2-PB1,2028,3,1,0,3811,3815,C
2-PB1,2029,3530,1,3,0,3534,A
2-PB1,2030,0,0,0,3531,3531,C
2-PB1,2031,3465,1,2,0,3468,A
2-PB1,2032,3504,1,10,0,3515,A
2-PB1,2033,0,1,3522,0,3523,G
2-PB1,2034,0,0,0,3480,3480,C
2-PB1,2035,7,0,1,3517,3525,C
2-PB1,2036,3499,0,3,0,3502,A
2-PB1,2037,3489,0,4,0,3493,A
2-PB1,2038,3487,0,5,0,3492,A
2-PB1,2039,0,5,3501,0,3506,G
2-PB1,2040,3,6,3486,1,3496,G
2-PB1,2041,2,6,3423,1,3432,G
2-PB1,2042,1,6,3453,0,3460,G
2-PB1,2043,3426,0,0,0,3426,A
2-PB1,2044,3461,1,0,0,3462,A
2-PB1,2045,0,3456,0,0,3456,T
2-PB1,2046,0,3455,0,0,3455,T
2-PB1,2047,6,0,0,3475,3481,C
2-PB1,2048,0,3442,1,0,3443,T
2-PB1,2049,0,3451,0,1,3452,T
2-PB1,2050,0,8,3445,0,3453,G
2-PB1,2051,3468,0,4,1,3473,A
2-PB1,2052,0,6,3469,0,3475,G
2-PB1,2053,0,4,3459,0,3463,G
2-PB1,2054,3459,1,0,0,3460,A
2-PB1,2055,1,3446,0,2,3449,T
2-PB1,2056,0,14,3449,0,3463,G
2-PB1,2057,3459,0,3,0,3462,A
2-PB1,2058,3453,0,0,0,3453,A
2-PB1,2059,0,0,0,3491,3491,C
2-PB1,2060,3431,0,0,0,3431,A
2-PB1,2061,0,6,3483,0,3489,G
2-PB1,2062,3479,0,2,0,3481,A
2-PB1,2063,0,3469,0,0,3469,T
2-PB1,2064,2,4,3489,0,3495,G
2-PB1,2065,0,3570,0,2,3572,T
2-PB1,2066,3560,0,5,0,3565,A
2-PB1,2067,3,1,0,3542,3546,C
2-PB1,2068,12,2,0,3529,3543,C
2-PB1,2069,3522,1,1,0,3524,A
2-PB1,2070,2,3,3466,0,3471,G
2-PB1,2071,3431,0,0,0,3431,A
2-PB1,2072,3424,0,0,0,3424,A
2-PB1,2073,0,1,3443,0,3444,G
2-PB1,2074,0,3196,0,1,3197,T
2-PB1,2075,0,1,3219,0,3220,G
2-PB1,2076,1,0,0,3205,3206,C
2-PB1,2077,1,3218,0,4,3223,T
2-PB1,2078,3,0,3221,0,3224,G
2-PB1,2079,2,1,0,3208,3211,C
2-PB1,2080,3222,0,0,0,3222,A
2-PB1,2081,3196,1,2,0,3199,A
2-PB1,2082,2,1,0,3153,3156,C
2-PB1,2083,0,3149,0,2,3151,T
2-PB1,2084,0,3107,0,0,3107,T
2-PB1,2085,0,3,3098,0,3101,G
2-PB1,2086,0,3076,0,0,3076,T
2-PB1,2087,0,3070,0,0,3070,T
2-PB1,2088,14,0,0,3064,3078,C
2-PB1,2089,0,10,3083,0,3093,G
2-PB1,2090,3089,0,1,0,3090,A
2-PB1,2091,0,3,3079,0,3082,G
2-PB1,2092,3084,0,0,0,3084,A
2-PB1,2093,3079,0,0,0,3079,A
2-PB1,2094,3077,0,1,0,3078,A
2-PB1,2095,0,3066,0,1,3067,T
2-PB1,2096,0,3081,0,0,3081,T
2-PB1,2097,0,3076,0,0,3076,T
2-PB1,2098,0,3079,0,0,3079,T
2-PB1,2099,0,3052,1,0,3053,T
2-PB1,2100,15,0,0,3044,3059,C
2-PB1,2101,5,0,0,3058,3063,C
2-PB1,2102,4,0,0,3085,3089,C
2-PB1,2103,0,3097,0,3,3100,T
2-PB1,2104,3103,0,0,0,3103,A
2-PB1,2105,0,2,3111,0,3113,G
2-PB1,2106,1,3098,0,1,3100,T
2-PB1,2107,3128,0,1,0,3129,A
2-PB1,2108,0,4,3152,0,3156,G
2-PB1,2109,1,3112,0,1,3114,T
2-PB1,2110,1,3227,1,2,3231,T
2-PB1,2111,16,0,0,3231,3247,C
2-PB1,2112,3290,0,2,0,3292,A
2-PB1,2113,1,3302,0,1,3304,T
2-PB1,2114,3319,0,0,0,3319,A
2-PB1,2115,1,3308,0,0,3309,T
2-PB1,2116,3209,0,1,0,3210,A
2-PB1,2117,1,2,3179,0,3182,G
2-PB1,2118,1,5,3167,0,3173,G
2-PB1,2119,2865,0,3,0,2868,A
2-PB1,2120,0,9,2856,0,2865,G
2-PB1,2121,2741,1,1,1,2744,A
2-PB1,2122,0,0,0,2722,2722,C
2-PB1,2123,3,0,0,2622,2625,C
2-PB1,2124,1,6,2632,0,2639,G
2-PB1,2125,2605,0,1,0,2606,A
2-PB1,2126,0,2593,0,1,2594,T
2-PB1,2127,0,2604,0,1,2605,T
2-PB1,2128,0,5,2603,0,2608,G
2-PB1,2129,0,2,2598,0,2600,G
2-PB1,2130,2600,0,2,0,2602,A
2-PB1,2131,2608,0,1,0,2609,A
2-PB1,2132,0,2576,0,0,2576,T
2-PB1,2133,0,2584,0,1,2585,T
2-PB1,2134,0,2584,0,1,2585,T
2-PB1,2135,6,0,0,2598,2604,C
2-PB1,2136,0,2612,0,1,2613,T
2-PB1,2137,2596,0,0,0,2596,A
2-PB1,2138,0,2,2584,0,2586,G
2-PB1,2139,0,2439,0,1,2440,T
2-PB1,2140,2513,0,0,0,2513,A
2-PB1,2141,1,2503,0,0,2504,T
2-PB1,2142,0,7,2521,0,2528,G
2-PB1,2143,0,0,2582,0,2582,G
2-PB1,2144,1,2529,0,1,2531,T
2-PB1,2145,5,3,2529,0,2537,G
2-PB1,2146,0,3,2527,0,2530,G
2-PB1,2147,2439,0,5,0,2444,A
2-PB1,2148,0,3,2452,0,2455,G
2-PB1,2149,0,2,2424,0,2426,G
2-PB1,2150,3,0,0,2365,2368,C
2-PB1,2151,5,1,0,2369,2375,C
2-PB1,2152,2288,0,1,0,2289,A
2-PB1,2153,0,2292,0,1,2293,T
2-PB1,2154,0,2,2308,0,2310,G
2-PB1,2155,0,0,2326,0,2326,G
2-PB1,2156,0,2261,0,0,2261,T
2-PB1,2157,0,2,2316,0,2318,G
2-PB1,2158,0,2257,0,1,2258,T
2-PB1,2159,5,1,0,2214,2220,C
2-PB1,2160,0,2216,0,18,2234,T
2-PB1,2161,2203,0,0,0,2203,A
2-PB1,2162,0,5,2193,0,2198,G
2-PB1,2163,0,5,2128,0,2133,G
2-PB1,2164,0,0,2091,0,2091,G
2-PB1,2165,1,0,0,2001,2002,C
2-PB1,2166,9,0,0,1903,1912,C
2-PB1,2167,7,2,0,1899,1908,C
2-PB1,2168,0,3,1908,1,1912,G
2-PB1,2169,1,4,1923,0,1928,G
2-PB1,2170,1913,0,1,0,1914,A
2-PB1,2171,1,1902,0,1,1904,T
2-PB1,2172,0,1833,0,0,1833,T
2-PB1,2173,0,5,1808,0,1813,G
2-PB1,2174,1805,0,1,0,1806,A
2-PB1,2175,0,1801,0,0,1801,T
2-PB1,2176,0,0,1806,0,1806,G
2-PB1,2177,1,3,0,1767,1771,C
2-PB1,2178,3,0,0,1776,1779,C
2-PB1,2179,1776,0,0,0,1776,A
2-PB1,2180,1,1,1780,0,1782,G
2-PB1,2181,1785,0,0,0,1785,A
2-PB1,2182,1780,0,0,0,1780,A
2-PB1,2183,0,1760,0,0,1760,T
2-PB1,2184,0,1720,0,0,1720,T
2-PB1,2185,2,6,1711,0,1719,G
2-PB1,2186,1702,0,1,0,1703,A
2-PB1,2187,1,0,0,1714,1715,C
2-PB1,2188,0,1701,0,1,1702,T
2-PB1,2189,0,1665,0,1,1666,T
2-PB1,2190,1,0,0,1677,1678,C
2-PB1,2191,1,4,1677,0,1682,G
2-PB1,2192,1682,0,1,0,1683,A
2-PB1,2193,25,0,1616,0,1641,G
2-PB1,2194,0,1666,0,0,1666,T
2-PB1,2195,6,0,0,1665,1671,C
2-PB1,2196,0,1682,0,1,1683,T
2-PB1,2197,0,1,1676,0,1677,G
2-PB1,2198,0,1,1676,0,1677,G
2-PB1,2199,1673,0,1,0,1674,A
2-PB1,2200,1527,0,1,0,1528,A
2-PB1,2201,0,2,1538,0,1540,G
2-PB1,2202,0,4,1554,0,1558,G
2-PB1,2203,1553,0,0,0,1553,A
2-PB1,2204,0,1544,0,0,1544,T
2-PB1,2205,0,1562,0,0,1562,T
2-PB1,2206,1538,1,0,0,1539,A
2-PB1,2207,1535,0,1,0,1536,A
2-PB1,2208,0,1,1538,0,1539,G
2-PB1,2209,1534,0,2,0,1536,A
2-PB1,2210,1443,0,0,0,1443,A
2-PB1,2211,0,2,1349,0,1351,G
2-PB1,2212,0,1,1348,0,1349,G
2-PB1,2213,1351,0,0,0,1351,A
2-PB1,2214,1340,1,2,0,1343,A
2-PB1,2215,0,5,1340,0,1345,G
2-PB1,2216,1291,0,0,0,1291,A
2-PB1,2217,1,1,1300,0,1302,G
2-PB1,2218,0,1258,0,2,1260,T
2-PB1,2219,0,1245,0,0,1245,T
2-PB1,2220,5,0,0,1258,1263,C
2-PB1,2221,0,1206,0,2,1208,T
2-PB1,2222,0,0,0,1218,1218,C
2-PB1,2223,0,1221,0,1,1222,T
2-PB1,2224,0,1,1220,0,1221,G
2-PB1,2225,1186,0,0,0,1186,A
2-PB1,2226,0,2,1162,0,1164,G
2-PB1,2227,1156,0,0,0,1156,A
2-PB1,2228,0,1122,0,0,1122,T
2-PB1,2229,4,0,0,1067,1071,C
2-PB1,2230,1082,0,0,0,1082,A
2-PB1,2231,0,1072,1,1,1074,T
2-PB1,2232,0,2,1071,0,1073,G
2-PB1,2233,1068,0,0,0,1068,A
2-PB1,2234,1060,1,1,0,1062,A
2-PB1,2235,0,3,1046,0,1049,G
2-PB1,2236,1034,0,0,0,1034,A
2-PB1,2237,0,1014,1,2,1017,T
2-PB1,2238,0,0,0,1017,1017,C
2-PB1,2239,0,961,0,1,962,T
2-PB1,2240,0,0,967,0,967,G
2-PB1,2241,0,958,0,0,958,T
2-PB1,2242,0,949,0,0,949,T
2-PB1,2243,4,0,0,938,942,C
2-PB1,2244,3,0,0,915,918,C
2-PB1,2245,913,1,0,0,914,A
2-PB1,2246,1,0,0,914,915,C
2-PB1,2247,1,0,0,885,886,C
2-PB1,2248,862,0,0,0,862,A
2-PB1,2249,0,804,0,0,804,T
2-PB1,2250,0,773,0,0,773,T
2-PB1,2251,0,0,779,0,779,G
2-PB1,2252,772,0,1,0,773,A
2-PB1,2253,773,0,0,0,773,A
2-PB1,2254,0,1,761,0,762,G
2-PB1,2255,683,0,0,0,683,A
2-PB1,2256,680,0,0,0,680,A
2-PB1,2257,1,0,0,664,665,C
2-PB1,2258,0,635,0,0,635,T
2-PB1,2259,2,0,0,636,638,C
2-PB1,2260,604,0,0,0,604,A
2-PB1,2261,0,0,607,0,607,G
2-PB1,2262,599,0,0,1,600,A
2-PB1,2263,0,0,0,573,573,C
2-PB1,2264,0,0,562,0,562,G
2-PB1,2265,0,0,544,0,544,G
2-PB1,2266,0,0,0,542,542,C
2-PB1,2267,542,0,2,0,544,A
2-PB1,2268,542,0,0,0,542,A
2-PB1,2269,541,0,0,0,541,A
2-PB1,2270,537,0,0,0,537,A
2-PB1,2271,536,0,0,0,536,A
2-PB1,2272,0,522,0,0,522,T
2-PB1,2273,507,0,0,0,507,A
2-PB1,2274,505,0,0,0,505,A
3-PA,1,23,0,0,0,23,A
3-PA,2,0,23,0,0,23,T
3-PA,3,0,0,26,0,26,G
3-PA,4,0,0,27,0,27,G
3-PA,5,26,0,0,0,26,A
3-PA,6,26,0,0,0,26,A
3-PA,7,0,0,28,0,28,G
3-PA,8,30,0,0,0,30,A
3-PA,9,0,31,0,0,31,T
3-PA,10,0,31,0,0,31,T
3-PA,11,0,30,0,0,30,T
3-PA,12,0,30,0,0,30,T
3-PA,13,0,0,31,0,31,G
3-PA,14,0,32,0,0,32,T
3-PA,15,0,0,30,1,31,G
3-PA,16,0,0,0,32,32,C
3-PA,17,0,0,31,0,31,G
3-PA,18,31,0,0,0,31,A
3-PA,19,0,0,0,33,33,C
3-PA,20,35,0,0,0,35,A
3-PA,21,35,0,0,0,35,A
3-PA,22,0,35,0,0,35,T
3-PA,23,0,0,44,0,44,G
3-PA,24,0,0,0,44,44,C
3-PA,25,0,46,0,0,46,T
3-PA,26,0,45,0,0,45,T
3-PA,27,0,0,0,46,46,C
3-PA,28,44,0,0,0,44,A
3-PA,29,44,0,0,0,44,A
3-PA,30,0,1,0,46,47,C
3-PA,31,0,0,0,47,47,C
3-PA,32,1,0,0,47,48,C
3-PA,33,0,0,47,0,47,G
3-PA,34,46,0,0,0,46,A
3-PA,35,0,48,0,0,48,T
3-PA,36,0,0,47,0,47,G
3-PA,37,48,1,0,0,49,A
3-PA,38,0,49,0,0,49,T
3-PA,39,0,46,0,0,46,T
3-PA,40,0,0,46,0,46,G
3-PA,41,0,47,0,0,47,T
3-PA,42,0,0,0,47,47,C
3-PA,43,0,1,44,0,45,G
3-PA,44,48,0,0,0,48,A
3-PA,45,47,0,0,0,47,A
3-PA,46,0,0,0,49,49,C
3-PA,47,0,48,0,0,48,T
3-PA,48,0,49,0,0,49,T
3-PA,49,0,0,48,0,48,G
3-PA,50,0,0,0,50,50,C
3-PA,51,50,0,0,0,50,A
3-PA,52,0,0,50,0,50,G
3-PA,53,49,0,0,0,49,A
3-PA,54,49,0,0,0,49,A
3-PA,55,48,0,1,0,49,A
3-PA,56,52,0,0,0,52,A
3-PA,57,51,0,0,0,51,A
3-PA,58,0,0,52,0,52,G
3-PA,59,0,0,0,53,53,C
3-PA,60,53,0,0,0,53,A
3-PA,61,60,0,0,0,60,A
3-PA,62,0,60,0,0,60,T
3-PA,63,0,0,60,0,60,G
3-PA,64,61,0,0,0,61,A
3-PA,65,61,0,0,0,61,A
3-PA,66,59,0,1,0,60,A
3-PA,67,0,0,63,0,63,G
3-PA,68,69,0,0,0,69,A
3-PA,69,0,0,78,0,78,G
3-PA,70,0,76,0,0,76,T
3-PA,71,76,0,0,0,76,A
3-PA,72,0,77,0,0,77,T
3-PA,73,0,0,76,0,76,G
3-PA,74,0,0,75,0,75,G
3-PA,75,0,0,77,0,77,G
3-PA,76,0,0,75,0,75,G
3-PA,77,74,0,0,0,74,A
3-PA,78,0,0,77,0,77,G
3-PA,79,0,1,77,0,78,G
3-PA,80,79,0,0,0,79,A
3-PA,81,0,80,0,0,80,T
3-PA,82,0,0,0,80,80,C
3-PA,83,0,80,0,0,80,T
3-PA,84,0,1,80,0,81,G
3-PA,85,80,0,0,0,80,A
3-PA,86,82,0,0,0,82,A
3-PA,87,82,0,0,0,82,A
3-PA,88,82,0,0,0,82,A
3-PA,89,0,82,0,0,82,T
3-PA,90,0,82,0,0,82,T
3-PA,91,0,0,83,0,83,G
3-PA,92,83,0,0,0,83,A
3-PA,93,82,0,0,0,82,A
3-PA,94,81,0,1,0,82,A
3-PA,95,0,0,0,82,82,C
3-PA,96,84,0,0,0,84,A
3-PA,97,87,0,0,0,87,A
3-PA,98,86,0,0,0,86,A
3-PA,99,0,0,0,87,87,C
3-PA,100,86,0,0,0,86,A
3-PA,101,87,0,0,0,87,A
3-PA,102,87,0,0,0,87,A
3-PA,103,0,86,0,0,86,T
3-PA,104,0,84,0,0,84,T
3-PA,105,0,85,0,0,85,T
3-PA,106,0,0,85,0,85,G
3-PA,107,0,0,0,86,86,C
3-PA,108,85,0,0,0,85,A
3-PA,109,0,0,91,0,91,G
3-PA,110,0,0,0,92,92,C
3-PA,111,97,0,0,0,97,A
3-PA,112,97,0,0,0,97,A
3-PA,113,0,99,0,0,99,T
3-PA,114,101,0,0,0,101,A
3-PA,115,0,101,0,0,101,T
3-PA,116,0,0,102,0,102,G
3-PA,117,0,0,0,102,102,C
3-PA,118,100,0,0,0,100,A
3-PA,119,0,0,0,103,103,C
3-PA,120,0,99,0,0,99,T
3-PA,121,0,0,0,120,120,C
3-PA,122,121,0,1,0,122,A
3-PA,123,0,0,0,126,126,C
3-PA,124,0,128,0,0,128,T
3-PA,125,0,127,0,0,127,T
3-PA,126,0,0,129,0,129,G
3-PA,127,0,0,129,0,129,G
3-PA,128,126,0,0,0,126,A
3-PA,129,0,0,126,0,126,G
3-PA,130,0,0,125,0,125,G
3-PA,131,0,118,0,1,119,T
3-PA,132,0,0,125,0,125,G
3-PA,133,0,124,0,0,124,T
3-PA,134,0,0,129,0,129,G
3-PA,135,0,128,0,0,128,T
3-PA,136,0,127,0,0,127,T
3-PA,137,0,128,0,0,128,T
3-PA,138,3,0,0,127,130,C
3-PA,139,130,0,0,0,130,A
3-PA,140,0,130,0,0,130,T
3-PA,141,0,0,131,0,131,G
3-PA,142,0,131,0,0,131,T
3-PA,143,129,0,0,0,129,A
3-PA,144,0,129,0,0,129,T
3-PA,145,0,128,0,1,129,T
3-PA,146,0,0,0,130,130,C
3-PA,147,129,0,0,0,129,A
3-PA,148,0,0,128,0,128,G
3-PA,149,127,0,2,0,129,A
3-PA,150,0,130,0,0,130,T
3-PA,151,0,130,0,0,130,T
3-PA,152,0,129,0,0,129,T
3-PA,153,0,0,0,126,126,C
3-PA,154,0,0,0,130,130,C
3-PA,155,132,0,0,0,132,A
3-PA,156,0,132,0,0,132,T
3-PA,157,0,133,0,0,133,T
3-PA,158,0,134,0,0,134,T
3-PA,159,0,0,0,136,136,C
3-PA,160,135,0,0,0,135,A
3-PA,161,0,142,0,0,142,T
3-PA,162,0,0,0,142,142,C
3-PA,163,142,0,0,0,142,A
3-PA,164,143,0,0,0,143,A
3-PA,165,0,143,0,0,143,T
3-PA,166,0,0,147,0,147,G
3-PA,167,147,0,0,0,147,A
3-PA,168,148,0,0,0,148,A
3-PA,169,0,1,0,146,147,C
3-PA,170,147,0,0,0,147,A
3-PA,171,149,0,0,0,149,A
3-PA,172,0,0,149,0,149,G
3-PA,173,1,0,149,0,150,G
3-PA,174,0,0,0,150,150,C
3-PA,175,0,1,147,0,148,G
3-PA,176,151,0,0,0,151,A
3-PA,177,155,0,0,0,155,A
3-PA,178,0,155,0,1,156,T
3-PA,179,0,0,0,156,156,C
3-PA,180,154,0,0,0,154,A
3-PA,181,159,0,0,0,159,A
3-PA,182,0,161,0,0,161,T
3-PA,183,162,0,0,0,162,A
3-PA,184,0,0,164,0,164,G
3-PA,185,0,164,0,0,164,T
3-PA,186,0,0,166,0,166,G
3-PA,187,0,0,167,0,167,G
3-PA,188,0,166,0,0,166,T
3-PA,189,166,0,0,0,166,A
3-PA,190,0,0,170,0,170,G
3-PA,191,169,0,0,0,169,A
3-PA,192,167,0,0,0,167,A
3-PA,193,1,0,0,165,166,C
3-PA,194,0,163,0,0,163,T
3-PA,195,0,164,0,0,164,T
3-PA,196,0,0,164,0,164,G
3-PA,197,162,0,0,0,162,A
3-PA,198,0,0,0,163,163,C
3-PA,199,0,1,161,0,162,G
3-PA,200,165,0,0,0,165,A
3-PA,201,0,165,0,0,165,T
3-PA,202,0,0,0,166,166,C
3-PA,203,0,0,0,170,170,C
3-PA,204,170,0,0,0,170,A
3-PA,205,169,0,0,0,169,A
3-PA,206,169,0,0,0,169,A
3-PA,207,0,171,0,0,171,T
3-PA,208,0,0,169,0,169,G
3-PA,209,1,0,0,167,168,C
3-PA,210,166,0,0,0,166,A
3-PA,211,0,0,0,175,175,C
3-PA,212,0,175,0,0,175,T
3-PA,213,0,0,199,0,199,G
3-PA,214,0,200,0,0,200,T
3-PA,215,0,199,0,0,199,T
3-PA,216,198,0,0,0,198,A
3-PA,217,201,0,0,0,201,A
3-PA,218,200,0,0,0,200,A
3-PA,219,0,1,198,0,199,G
3-PA,220,0,0,0,195,195,C
3-PA,221,192,0,0,0,192,A
3-PA,222,0,0,0,190,190,C
3-PA,223,178,0,0,0,178,A
3-PA,224,1,0,183,0,184,G
3-PA,225,184,0,0,0,184,A
3-PA,226,0,184,0,0,184,T
3-PA,227,0,184,0,0,184,T
3-PA,228,0,184,0,0,184,T
3-PA,229,0,1,185,0,186,G
3-PA,230,185,0,0,0,185,A
3-PA,231,184,0,0,0,184,A
3-PA,232,188,0,0,0,188,A
3-PA,233,0,183,0,0,183,T
3-PA,234,182,0,0,0,182,A
3-PA,235,184,0,1,0,185,A
3-PA,236,0,185,0,0,185,T
3-PA,237,0,0,0,184,184,C
3-PA,238,0,0,184,0,184,G
3-PA,239,183,0,0,0,183,A
3-PA,240,0,0,187,0,187,G
3-PA,241,0,0,188,0,188,G
3-PA,242,0,0,191,0,191,G
3-PA,243,0,1,187,0,188,G
3-PA,244,187,0,0,0,187,A
3-PA,245,0,0,189,0,189,G
3-PA,246,194,0,0,0,194,A
3-PA,247,0,1,193,0,194,G
3-PA,248,193,0,0,0,193,A
3-PA,249,0,0,0,197,197,C
3-PA,250,191,0,0,0,191,A
3-PA,251,0,0,197,0,197,G
3-PA,252,195,0,0,0,195,A
3-PA,253,199,0,1,0,200,A
3-PA,254,0,0,0,201,201,C
3-PA,255,194,0,0,0,194,A
3-PA,256,194,0,0,0,194,A
3-PA,257,0,192,0,0,192,T
3-PA,258,0,1,205,0,206,G
3-PA,259,0,0,207,0,207,G
3-PA,260,1,0,0,203,204,C
3-PA,261,0,0,0,207,207,C
3-PA,262,0,208,0,0,208,T
3-PA,263,0,0,209,0,209,G
3-PA,264,0,0,210,0,210,G
3-PA,265,208,0,0,0,208,A
3-PA,266,0,0,0,212,212,C
3-PA,267,206,0,0,0,206,A
3-PA,268,0,0,227,0,227,G
3-PA,269,0,226,0,0,226,T
3-PA,270,235,0,0,0,235,A
3-PA,271,0,0,236,0,236,G
3-PA,272,0,227,0,0,227,T
3-PA,273,234,0,0,0,234,A
3-PA,274,228,0,0,0,228,A
3-PA,275,228,0,0,0,228,A
3-PA,276,0,0,0,237,237,C
3-PA,277,228,0,0,0,228,A
3-PA,278,0,0,231,0,231,G
3-PA,279,0,228,0,0,228,T
3-PA,280,232,0,0,0,232,A
3-PA,281,0,232,0,0,232,T
3-PA,282,1,0,0,237,238,C
3-PA,283,1,238,0,0,239,T
3-PA,284,0,0,238,0,238,G
3-PA,285,0,0,0,241,241,C
3-PA,286,242,0,0,0,242,A
3-PA,287,240,0,1,0,241,A
3-PA,288,0,0,0,245,245,C
3-PA,289,244,0,0,0,244,A
3-PA,290,0,0,0,255,255,C
3-PA,291,0,252,0,0,252,T
3-PA,292,252,0,0,0,252,A
3-PA,293,0,0,0,251,251,C
3-PA,294,0,251,0,0,251,T
3-PA,295,0,0,253,0,253,G
3-PA,296,0,0,253,0,253,G
3-PA,297,249,0,0,0,249,A
3-PA,298,0,0,246,0,246,G
3-PA,299,0,0,0,243,243,C
3-PA,300,0,244,0,0,244,T
3-PA,301,0,1,243,0,244,G
3-PA,302,0,0,241,0,241,G
3-PA,303,243,0,0,0,243,A
3-PA,304,244,0,0,0,244,A
3-PA,305,242,0,0,0,242,A
3-PA,306,242,0,0,0,242,A
3-PA,307,0,0,0,241,241,C
3-PA,308,0,0,0,244,244,C
3-PA,309,0,0,243,0,243,G
3-PA,310,239,0,0,0,239,A
3-PA,311,244,0,0,0,244,A
3-PA,312,0,0,246,0,246,G
3-PA,313,0,243,0,0,243,T
3-PA,314,0,245,0,0,245,T
3-PA,315,0,243,0,1,244,T
3-PA,316,1,0,0,242,243,C
3-PA,317,0,245,0,0,245,T
3-PA,318,244,0,0,0,244,A
3-PA,319,0,0,0,242,242,C
3-PA,320,1,0,0,240,241,C
3-PA,321,242,0,0,0,242,A
3-PA,322,0,0,246,0,246,G
3-PA,323,245,0,0,0,245,A
3-PA,324,0,247,0,0,247,T
3-PA,325,0,243,0,0,243,T
3-PA,326,0,245,0,0,245,T
3-PA,327,0,0,244,0,244,G
3-PA,328,0,242,0,0,242,T
3-PA,329,246,0,0,0,246,A
3-PA,330,0,245,0,0,245,T
3-PA,331,0,2,240,0,242,G
3-PA,332,250,0,0,0,250,A
3-PA,333,0,251,0,0,251,T
3-PA,334,0,251,0,0,251,T
3-PA,335,250,0,0,0,250,A
3-PA,336,0,0,0,255,255,C
3-PA,337,258,0,0,0,258,A
3-PA,338,258,0,0,0,258,A
3-PA,339,0,0,258,0,258,G
3-PA,340,0,1,263,0,264,G
3-PA,341,249,0,0,0,249,A
3-PA,342,0,1,247,0,248,G
3-PA,343,245,0,0,0,245,A
3-PA,344,246,0,0,0,246,A
3-PA,345,0,0,0,244,244,C
3-PA,346,242,0,0,0,242,A
3-PA,347,0,1,241,0,242,G
3-PA,348,238,0,0,0,238,A
3-PA,349,0,236,0,0,236,T
3-PA,350,0,236,0,0,236,T
3-PA,351,1,0,0,234,235,C
3-PA,352,233,0,0,0,233,A
3-PA,353,0,231,0,0,231,T
3-PA,354,1,0,0,234,235,C
3-PA,355,0,0,234,0,234,G
3-PA,356,230,0,0,0,230,A
3-PA,357,231,0,0,0,231,A
3-PA,358,234,0,0,0,234,A
3-PA,359,0,234,0,0,234,T
3-PA,360,0,233,0,0,233,T
3-PA,361,0,0,231,0,231,G
3-PA,362,0,1,230,0,231,G
3-PA,363,0,0,233,0,233,G
3-PA,364,0,0,232,0,232,G
3-PA,365,0,226,0,0,226,T
3-PA,366,0,2,229,0,231,G
3-PA,367,229,0,0,0,229,A
3-PA,368,0,0,0,232,232,C
3-PA,369,233,0,0,0,233,A
3-PA,370,232,0,0,0,232,A
3-PA,371,2,1,231,0,234,G
3-PA,372,0,0,235,0,235,G
3-PA,373,231,0,0,0,231,A
3-PA,374,0,0,235,0,235,G
3-PA,375,232,0,0,0,232,A
3-PA,376,0,0,233,0,233,G
3-PA,377,227,0,0,0,227,A
3-PA,378,230,0,0,0,230,A
3-PA,379,0,0,233,0,233,G
3-PA,380,0,229,0,0,229,T
3-PA,381,0,0,0,237,237,C
3-PA,382,0,0,0,237,237,C
3-PA,383,236,0,0,0,236,A
3-PA,384,0,0,0,248,248,C
3-PA,385,255,0,0,0,255,A
3-PA,386,0,260,0,0,260,T
3-PA,387,266,0,0,0,266,A
3-PA,388,0,256,0,0,256,T
3-PA,389,255,0,0,0,255,A
3-PA,390,0,250,0,0,250,T
3-PA,391,0,252,0,0,252,T
3-PA,392,253,0,0,0,253,A
3-PA,393,0,0,0,254,254,C
3-PA,394,0,0,0,245,245,C
3-PA,395,0,243,0,1,244,T
3-PA,396,0,243,0,0,243,T
3-PA,397,0,1,244,0,245,G
3-PA,398,244,0,0,0,244,A
3-PA,399,243,0,0,0,243,A
3-PA,400,244,0,1,0,245,A
3-PA,401,235,0,0,0,235,A
3-PA,402,0,0,233,0,233,G
3-PA,403,0,0,236,0,236,G
3-PA,404,1,0,0,237,238,C
3-PA,405,0,0,0,234,234,C
3-PA,406,234,0,1,0,235,A
3-PA,407,236,0,0,0,236,A
3-PA,408,0,237,0,0,237,T
3-PA,409,236,0,0,0,236,A
3-PA,410,236,0,0,0,236,A
3-PA,411,1,0,237,0,238,G
3-PA,412,241,0,0,0,241,A
3-PA,413,0,240,0,0,240,T
3-PA,414,0,241,0,0,241,T
3-PA,415,239,0,0,0,239,A
3-PA,416,243,0,0,0,243,A
3-PA,417,243,0,0,0,243,A
3-PA,418,0,243,0,0,243,T
3-PA,419,0,0,0,243,243,C
3-PA,420,0,230,0,0,230,T
3-PA,421,0,0,232,0,232,G
3-PA,422,233,0,0,0,233,A
3-PA,423,0,0,232,0,232,G
3-PA,424,234,0,0,0,234,A
3-PA,425,233,0,0,0,233,A
3-PA,426,0,0,0,232,232,C
3-PA,427,234,0,0,0,234,A
3-PA,428,0,0,0,237,237,C
3-PA,429,235,0,0,0,235,A
3-PA,430,0,0,0,236,236,C
3-PA,431,235,0,2,0,237,A
3-PA,432,0,0,0,240,240,C
3-PA,433,239,0,0,0,239,A
3-PA,434,0,236,0,0,236,T
3-PA,435,0,237,0,1,238,T
3-PA,436,1,0,0,236,237,C
3-PA,437,233,0,1,0,234,A
3-PA,438,0,0,0,239,239,C
3-PA,439,235,0,0,0,235,A
3-PA,440,0,235,0,0,235,T
3-PA,441,0,225,0,0,225,T
3-PA,442,0,230,0,0,230,T
3-PA,443,0,232,0,0,232,T
3-PA,444,2,0,0,232,234,C
3-PA,445,0,234,0,0,234,T
3-PA,446,2,1,1,227,231,C
3-PA,447,236,0,0,0,236,A
3-PA,448,0,229,0,0,229,T
3-PA,449,0,235,0,0,235,T
3-PA,450,0,1,0,234,235,C
3-PA,451,233,0,0,0,233,A
3-PA,452,0,0,0,233,233,C
3-PA,453,0,235,0,0,235,T
3-PA,454,0,1,240,0,241,G
3-PA,455,0,0,238,0,238,G
3-PA,456,0,0,240,0,240,G
3-PA,457,0,0,242,0,242,G
3-PA,458,233,0,0,0,233,A
3-PA,459,0,1,241,0,242,G
3-PA,460,0,0,242,0,242,G
3-PA,461,241,0,0,0,241,A
3-PA,462,240,0,0,0,240,A
3-PA,463,238,0,0,0,238,A
3-PA,464,0,239,0,0,239,T
3-PA,465,0,0,237,0,237,G
3-PA,466,0,0,238,0,238,G
3-PA,467,0,0,0,237,237,C
3-PA,468,0,1,0,238,239,C
3-PA,469,239,0,0,0,239,A
3-PA,470,1,0,0,236,237,C
3-PA,471,240,0,0,0,240,A
3-PA,472,237,0,0,0,237,A
3-PA,473,240,0,0,0,240,A
3-PA,474,0,0,242,0,242,G
3-PA,475,0,0,244,0,244,G
3-PA,476,0,0,0,244,244,C
3-PA,477,246,0,0,0,246,A
3-PA,478,0,1,253,0,254,G
3-PA,479,255,0,2,0,257,A
3-PA,480,0,0,0,256,256,C
3-PA,481,0,254,0,0,254,T
3-PA,482,256,0,1,0,257,A
3-PA,483,2,0,0,252,254,C
3-PA,484,245,0,1,0,246,A
3-PA,485,0,0,0,252,252,C
3-PA,486,0,241,0,1,242,T
3-PA,487,1,0,0,242,243,C
3-PA,488,0,240,0,0,240,T
3-PA,489,1,0,0,233,234,C
3-PA,490,0,0,234,0,234,G
3-PA,491,231,0,2,0,233,A
3-PA,492,0,0,0,234,234,C
3-PA,493,0,0,238,0,238,G
3-PA,494,236,0,0,0,236,A
3-PA,495,0,0,237,0,237,G
3-PA,496,0,0,236,0,236,G
3-PA,497,234,0,0,0,234,A
3-PA,498,234,0,0,0,234,A
3-PA,499,235,0,0,0,235,A
3-PA,500,0,0,234,0,234,G
3-PA,501,0,1,0,232,233,C
3-PA,502,230,0,1,0,231,A
3-PA,503,0,0,236,0,236,G
3-PA,504,0,0,235,0,235,G
3-PA,505,0,0,234,0,234,G
3-PA,506,0,0,0,234,234,C
3-PA,507,0,230,0,0,230,T
3-PA,508,232,0,0,0,232,A
3-PA,509,0,0,235,0,235,G
3-PA,510,0,0,245,0,245,G
3-PA,511,241,0,0,0,241,A
3-PA,512,0,235,0,0,235,T
3-PA,513,0,231,0,0,231,T
3-PA,514,230,0,0,0,230,A
3-PA,515,230,0,0,0,230,A
3-PA,516,0,1,233,0,234,G
3-PA,517,229,0,0,0,229,A
3-PA,518,0,0,0,230,230,C
3-PA,519,0,0,0,211,211,C
3-PA,520,216,0,0,0,216,A
3-PA,521,0,0,219,0,219,G
3-PA,522,0,0,216,0,216,G
3-PA,523,0,0,0,216,216,C
3-PA,524,0,203,0,0,203,T
3-PA,525,1,0,209,0,210,G
3-PA,526,0,209,0,0,209,T
3-PA,527,0,208,0,0,208,T
3-PA,528,0,0,0,206,206,C
3-PA,529,201,1,0,0,202,A
3-PA,530,0,0,0,208,208,C
3-PA,531,1,0,0,209,210,C
3-PA,532,209,0,0,0,209,A
3-PA,533,0,211,0,0,211,T
3-PA,534,205,0,0,0,205,A
3-PA,535,202,0,0,0,202,A
3-PA,536,0,0,203,0,203,G
3-PA,537,201,0,1,0,202,A
3-PA,538,0,0,0,205,205,C
3-PA,539,199,0,0,0,199,A
3-PA,540,197,0,0,0,197,A
3-PA,541,0,0,198,0,198,G
3-PA,542,196,0,0,0,196,A
3-PA,543,198,0,0,0,198,A
3-PA,544,200,0,0,0,200,A
3-PA,545,0,194,0,0,194,T
3-PA,546,0,1,196,0,197,G
3-PA,547,0,0,198,0,198,G
3-PA,548,0,1,0,194,195,C
3-PA,549,0,195,0,0,195,T
3-PA,550,198,0,0,0,198,A
3-PA,551,198,0,4,0,202,A
3-PA,552,0,0,0,200,200,C
3-PA,553,202,0,0,0,202,A
3-PA,554,0,1,197,0,198,G
3-PA,555,190,0,0,0,190,A
3-PA,556,0,0,189,0,189,G
3-PA,557,0,0,191,0,191,G
3-PA,558,0,0,0,189,189,C
3-PA,559,0,0,0,191,191,C
3-PA,560,0,191,0,0,191,T
3-PA,561,0,0,0,196,196,C
3-PA,562,0,192,0,0,192,T
3-PA,563,0,0,192,0,192,G
3-PA,564,0,0,195,0,195,G
3-PA,565,0,1,190,0,191,G
3-PA,566,189,0,0,0,189,A
3-PA,567,0,179,0,0,179,T
3-PA,568,0,172,0,0,172,T
3-PA,569,2,0,0,324,326,C
3-PA,570,2,0,0,321,323,C
3-PA,571,0,332,0,0,332,T
3-PA,572,0,333,0,0,333,T
3-PA,573,0,344,0,1,345,T
3-PA,574,0,1,0,358,359,C
3-PA,575,0,0,361,0,361,G
3-PA,576,0,360,0,0,360,T
3-PA,577,0,0,0,364,364,C
3-PA,578,369,0,0,0,369,A
3-PA,579,0,0,613,0,613,G
3-PA,580,0,623,0,0,623,T
3-PA,581,1,0,1,620,622,C
3-PA,582,2,0,0,628,630,C
3-PA,583,1,2,657,0,660,G
3-PA,584,649,0,1,0,650,A
3-PA,585,650,0,0,0,650,A
3-PA,586,660,0,0,0,660,A
3-PA,587,13,1,676,0,690,G
3-PA,588,688,1,0,1,690,A
3-PA,589,0,0,721,1,722,G
3-PA,590,0,1,714,0,715,G
3-PA,591,2,0,0,718,720,C
3-PA,592,1,1,717,1,720,G
3-PA,593,731,0,0,0,731,A
3-PA,594,736,0,0,0,736,A
3-PA,595,0,0,749,0,749,G
3-PA,596,757,0,0,0,757,A
3-PA,597,765,0,0,0,765,A
3-PA,598,754,0,1,0,755,A
3-PA,599,0,0,0,783,783,C
3-PA,600,779,0,0,0,779,A
3-PA,601,781,0,0,0,781,A
3-PA,602,0,785,0,0,785,T
3-PA,603,0,784,0,1,785,T
3-PA,604,0,1,790,0,791,G
3-PA,605,790,0,1,0,791,A
3-PA,606,795,0,0,0,795,A
3-PA,607,0,1,794,0,795,G
3-PA,608,794,0,0,0,794,A
3-PA,609,794,0,0,0,794,A
3-PA,610,800,0,0,1,801,A
3-PA,611,804,0,0,1,805,A
3-PA,612,809,0,0,1,810,A
3-PA,613,0,810,0,0,810,T
3-PA,614,0,814,0,0,814,T
3-PA,615,0,809,0,2,811,T
3-PA,616,0,2,809,0,811,G
3-PA,617,811,0,1,0,812,A
3-PA,618,816,0,0,1,817,A
3-PA,619,821,0,0,2,823,A
3-PA,620,0,847,0,0,847,T
3-PA,621,1,0,0,1064,1065,C
3-PA,622,1061,0,1,1,1063,A
3-PA,623,0,0,0,1096,1096,C
3-PA,624,1085,2,3,1,1091,A
3-PA,625,0,1,1130,0,1131,G
3-PA,626,0,8,1171,0,1179,G
3-PA,627,1230,0,1,0,1231,A
3-PA,628,1268,0,2,1,1271,A
3-PA,629,0,4,0,1289,1293,C
3-PA,630,0,1273,0,0,1273,T
3-PA,631,1450,1,0,0,1451,A
3-PA,632,0,1509,0,1,1510,T
3-PA,633,0,1,1606,0,1607,G
3-PA,634,0,1,0,1615,1616,C
3-PA,635,0,0,1611,0,1611,G
3-PA,636,0,1599,0,0,1599,T
3-PA,637,1600,0,1,1,1602,A
3-PA,638,1,6,1609,0,1616,G
3-PA,639,0,1,1606,0,1607,G
3-PA,640,0,0,0,1621,1621,C
3-PA,641,0,1611,0,4,1615,T
3-PA,642,0,1618,0,0,1618,T
3-PA,643,0,0,1603,0,1603,G
3-PA,644,0,1,0,1597,1598,C
3-PA,645,3,2,0,1610,1615,C
3-PA,646,0,1,1644,0,1645,G
3-PA,647,1648,0,1,1,1650,A
3-PA,648,0,0,0,1665,1665,C
3-PA,649,3,0,0,1653,1656,C
3-PA,650,1664,1,0,1,1666,A
3-PA,651,1681,0,0,1,1682,A
3-PA,652,1672,0,4,1,1677,A
3-PA,653,0,0,1716,0,1716,G
3-PA,654,0,1707,0,0,1707,T
3-PA,655,7,0,0,1729,1736,C
3-PA,656,0,1724,0,1,1725,T
3-PA,657,0,0,0,1754,1754,C
3-PA,658,3,2,0,1762,1767,C
3-PA,659,4,0,0,1786,1790,C
3-PA,660,1791,0,2,0,1793,A
3-PA,661,1,0,0,1800,1801,C
3-PA,662,2,2,0,1782,1786,C
3-PA,663,1,4,1794,1,1800,G
3-PA,664,1853,0,0,0,1853,A
3-PA,665,1850,0,0,0,1850,A
3-PA,666,0,0,0,1881,1881,C
3-PA,667,0,1876,0,1,1877,T
3-PA,668,0,1904,0,6,1910,T
3-PA,669,3,0,0,1956,1959,C
3-PA,670,0,1937,0,2,1939,T
3-PA,671,2,0,0,1950,1952,C
3-PA,672,3,0,0,1944,1947,C
3-PA,673,0,1940,0,0,1940,T
3-PA,674,0,1,1957,0,1958,G
3-PA,675,1,0,0,1955,1956,C
3-PA,676,5,1,0,1964,1970,C
3-PA,677,0,1968,0,1,1969,T
3-PA,678,0,1966,0,2,1968,T
3-PA,679,0,5,1965,0,1970,G
3-PA,680,1957,1,2,0,1960,A
3-PA,681,0,7,2003,0,2010,G
3-PA,682,1990,1,3,0,1994,A
3-PA,683,2029,0,0,0,2029,A
3-PA,684,0,2079,0,0,2079,T
3-PA,685,0,2094,0,0,2094,T
3-PA,686,0,2097,0,0,2097,T
3-PA,687,0,2099,0,0,2099,T
3-PA,688,2089,1,0,0,2090,A
3-PA,689,1,4,2084,0,2089,G
3-PA,690,2068,0,2,0,2070,A
3-PA,691,0,1,2164,0,2165,G
3-PA,692,0,1,0,2168,2169,C
3-PA,693,1,0,0,2214,2215,C
3-PA,694,0,2277,0,0,2277,T
3-PA,695,2388,0,0,0,2388,A
3-PA,696,2,2397,0,1,2400,T
3-PA,697,0,0,2418,0,2418,G
3-PA,698,0,2419,0,0,2419,T
3-PA,699,1,4,2432,0,2437,G
3-PA,700,0,4,2411,0,2415,G
3-PA,701,2385,0,0,0,2385,A
3-PA,702,1,2370,0,0,2371,T
3-PA,703,1,7,2323,0,2331,G
3-PA,704,0,9,2415,0,2424,G
3-PA,705,2424,0,0,0,2424,A
3-PA,706,0,2426,0,4,2430,T
3-PA,707,1,2428,0,0,2429,T
3-PA,708,6,0,0,2417,2423,C
3-PA,709,3,5,2421,0,2429,G
3-PA,710,2442,0,0,0,2442,A
3-PA,711,2440,0,2,0,2442,A
3-PA,712,1,1,0,2464,2466,C
3-PA,713,5,1,0,2404,2410,C
3-PA,714,0,10,2423,0,2433,G
3-PA,715,2415,0,0,0,2415,A
3-PA,716,2413,0,2,8,2423,A
3-PA,717,2,1,0,2459,2462,C
3-PA,718,0,9,2440,0,2449,G
3-PA,719,0,3,2524,0,2527,G
3-PA,720,1,1,0,2549,2551,C
3-PA,721,0,2532,0,1,2533,T
3-PA,722,2,2,2632,0,2636,G
3-PA,723,0,1,0,2654,2655,C
3-PA,724,2688,0,0,0,2688,A
3-PA,725,0,2694,0,0,2694,T
3-PA,726,0,2664,0,9,2673,T
3-PA,727,1,8,2669,0,2678,G
3-PA,728,2601,0,4,0,2605,A
3-PA,729,1,8,2661,0,2670,G
3-PA,730,0,6,2658,0,2664,G
3-PA,731,18,1,2606,1,2626,G
3-PA,732,2,0,0,2614,2616,C
3-PA,733,2618,0,0,0,2618,A
3-PA,734,2630,0,1,0,2631,A
3-PA,735,0,0,2654,0,2654,G
3-PA,736,1,0,0,2649,2650,C
3-PA,737,0,2665,0,2,2667,T
3-PA,738,0,2664,0,1,2665,T
3-PA,739,0,2678,0,0,2678,T
3-PA,740,4,0,0,2670,2674,C
3-PA,741,0,2659,0,18,2677,T
3-PA,742,6,0,0,2685,2691,C
3-PA,743,2683,0,1,0,2684,A
3-PA,744,2665,0,2,1,2668,A
3-PA,745,2665,0,0,0,2665,A
3-PA,746,0,2660,0,1,2661,T
3-PA,747,0,1,2776,0,2777,G
3-PA,748,0,2749,0,0,2749,T
3-PA,749,7,0,0,2787,2794,C
3-PA,750,10,0,1,2788,2799,C
3-PA,751,2797,0,4,0,2801,A
3-PA,752,2807,0,0,0,2807,A
3-PA,753,2821,0,0,0,2821,A
3-PA,754,0,5,2866,0,2871,G
3-PA,755,2845,0,1,0,2846,A
3-PA,756,2798,0,2,0,2800,A
3-PA,757,0,3,2818,1,2822,G
3-PA,758,1,2792,0,2,2795,T
3-PA,759,2,8,2796,0,2806,G
3-PA,760,2792,0,3,0,2795,A
3-PA,761,2785,0,3,0,2788,A
3-PA,762,0,2795,0,0,2795,T
3-PA,763,0,4,2799,1,2804,G
3-PA,764,1,1,1,2802,2805,C
3-PA,765,4,0,1,2802,2807,C
3-PA,766,5,0,0,2817,2822,C
3-PA,767,2813,0,0,0,2813,A
3-PA,768,2844,0,2,0,2846,A
3-PA,769,2868,1,0,0,2869,A
3-PA,770,0,2876,0,0,2876,T
3-PA,771,0,2876,0,1,2877,T
3-PA,772,0,9,2856,0,2865,G
3-PA,773,2853,0,0,0,2853,A
3-PA,774,2838,0,2,0,2840,A
3-PA,775,0,2,0,2868,2870,C
3-PA,776,5,1,0,2858,2864,C
3-PA,777,0,2843,0,1,2844,T
3-PA,778,0,2930,0,1,2931,T
3-PA,779,0,2931,0,0,2931,T
3-PA,780,0,3021,0,0,3021,T
3-PA,781,4,1,0,3030,3035,C
3-PA,782,1,3014,1,2,3018,T
3-PA,783,1,2,3033,0,3036,G
3-PA,784,3017,0,2,1,3020,A
3-PA,785,3058,0,4,0,3062,A
3-PA,786,0,15,3062,0,3077,G
3-PA,787,3059,0,1,0,3060,A
3-PA,788,2,1,0,3079,3082,C
3-PA,789,3024,0,2,0,3026,A
3-PA,790,3048,2,5,0,3055,A
3-PA,791,2,1,0,3461,3464,C
3-PA,792,3469,0,3,0,3472,A
3-PA,793,0,1,0,3477,3478,C
3-PA,794,8,1,0,3447,3456,C
3-PA,795,3455,0,1,0,3456,A
3-PA,796,3445,0,1,1,3447,A
3-PA,797,1,11,3452,0,3464,G
3-PA,798,3446,0,3,0,3449,A
3-PA,799,1,0,0,3454,3455,C
3-PA,800,11,0,0,3217,3228,C
3-PA,801,3221,0,0,0,3221,A
3-PA,802,3222,1,1,0,3224,A
3-PA,803,0,3235,1,0,3236,T
3-PA,804,10,0,0,3230,3240,C
3-PA,805,3239,0,1,0,3240,A
3-PA,806,3221,0,1,0,3222,A
3-PA,807,3213,0,2,0,3215,A
3-PA,808,1,0,0,3271,3272,C
3-PA,809,0,3231,0,1,3232,T
3-PA,810,0,3258,0,1,3259,T
3-PA,811,5,8,0,3264,3277,C
3-PA,812,6,1,0,3271,3278,C
3-PA,813,1,8,3274,0,3283,G
3-PA,814,3283,0,0,1,3284,A
3-PA,815,3297,0,1,1,3299,A
3-PA,816,1,3293,1,0,3295,T
3-PA,817,1,16,3248,0,3265,G
3-PA,818,2,6,3268,0,3276,G
3-PA,819,3286,1,6,1,3294,A
3-PA,820,1,3,0,3326,3330,C
3-PA,821,6,1,0,3312,3319,C
3-PA,822,0,3429,0,3,3432,T
3-PA,823,7,0,0,3526,3533,C
3-PA,824,3,0,0,3558,3561,C
3-PA,825,0,3557,0,1,3558,T
3-PA,826,0,3575,0,1,3576,T
3-PA,827,0,2,3751,0,3753,G
3-PA,828,0,3719,0,2,3721,T
3-PA,829,0,3739,0,1,3740,T
3-PA,830,3719,0,1,1,3721,A
3-PA,831,0,3615,0,1,3616,T
3-PA,832,3,1,0,3597,3601,C
3-PA,833,3519,0,0,0,3519,A
3-PA,834,0,2,3499,0,3501,G
3-PA,835,2,4,0,3493,3499,C
3-PA,836,2,6,3384,0,3392,G
3-PA,837,0,1,3504,0,3505,G
3-PA,838,1,3486,0,5,3492,T
3-PA,839,8,0,0,3520,3528,C
3-PA,840,9,1,0,3527,3537,C
3-PA,841,3568,1,1,1,3571,A
3-PA,842,3591,0,1,1,3593,A
3-PA,843,3587,0,0,1,3588,A
3-PA,844,0,3575,0,0,3575,T
3-PA,845,0,3576,0,0,3576,T
3-PA,846,5,1,0,3542,3548,C
3-PA,847,5,1,1,3535,3542,C
3-PA,848,0,3534,0,3,3537,T
3-PA,849,4,0,0,3553,3557,C
3-PA,850,5,0,0,3571,3576,C
3-PA,851,0,3574,0,1,3575,T
3-PA,852,0,3,3622,0,3625,G
3-PA,853,3587,1,0,0,3588,A
3-PA,854,1,3612,0,0,3613,T
3-PA,855,23,8,3549,0,3580,G
3-PA,856,0,9,3500,0,3509,G
3-PA,857,3479,1,4,2,3486,A
3-PA,858,0,3484,0,0,3484,T
3-PA,859,1,0,3480,0,3481,G
3-PA,860,0,0,0,3678,3678,C
3-PA,861,0,3661,0,1,3662,T
3-PA,862,0,3679,0,1,3680,T
3-PA,863,0,3690,0,0,3690,T
3-PA,864,3682,1,0,1,3684,A
3-PA,865,3698,0,0,0,3698,A
3-PA,866,3701,0,0,1,3702,A
3-PA,867,3690,0,17,1,3708,A
3-PA,868,0,3706,0,0,3706,T
3-PA,869,0,3504,0,0,3504,T
3-PA,870,0,8,3492,0,3500,G
3-PA,871,3475,0,1,1,3477,A
3-PA,872,0,0,3511,0,3511,G
3-PA,873,2,2,0,3520,3524,C
3-PA,874,3529,0,0,1,3530,A
3-PA,875,0,3619,0,0,3619,T
3-PA,876,0,3607,0,1,3608,T
3-PA,877,0,8,3608,0,3616,G
3-PA,878,3609,1,2,0,3612,A
3-PA,879,3599,0,11,0,3610,A
3-PA,880,0,6,3610,0,3616,G
3-PA,881,3574,2,2,0,3578,A
3-PA,882,3,0,0,3622,3625,C
3-PA,883,10,2,0,3580,3592,C
3-PA,884,12,0,0,3537,3549,C
3-PA,885,3538,2,3,1,3544,A
3-PA,886,3567,0,7,1,3575,A
3-PA,887,0,1,3595,0,3596,G
3-PA,888,0,3601,1,2,3604,T
3-PA,889,13,0,0,3606,3619,C
3-PA,890,3614,0,0,2,3616,A
3-PA,891,0,4,0,3625,3629,C
3-PA,892,3,3,3609,0,3615,G
3-PA,893,3648,0,1,0,3649,A
3-PA,894,3661,0,4,1,3666,A
3-PA,895,0,5,3748,0,3753,G
3-PA,896,0,9,3725,0,3734,G
3-PA,897,3686,0,6,1,3693,A
3-PA,898,1,4,3730,0,3735,G
3-PA,899,3739,0,5,0,3744,A
3-PA,900,3720,1,7,0,3728,A
3-PA,901,0,5,3744,0,3749,G
3-PA,902,0,3,3687,0,3690,G
3-PA,903,1,5,3722,0,3728,G
3-PA,904,3620,0,2,0,3622,A
3-PA,905,0,3635,0,2,3637,T
3-PA,906,12,2,0,3629,3643,C
3-PA,907,7,0,0,3893,3900,C
3-PA,908,10,0,0,3957,3967,C
3-PA,909,4022,0,1,0,4023,A
3-PA,910,1,4020,0,1,4022,T
3-PA,911,0,4051,0,1,4052,T
3-PA,912,4154,1,1,0,4156,A
3-PA,913,0,4128,0,1,4129,T
3-PA,914,4132,0,1,0,4133,A
3-PA,915,0,4109,0,0,4109,T
3-PA,916,1,13,3728,0,3742,G
3-PA,917,3747,0,2,0,3749,A
3-PA,918,1,3666,0,3,3670,T
3-PA,919,0,2,3718,0,3720,G
3-PA,920,4,3,0,3678,3685,C
3-PA,921,1,7,3651,0,3659,G
3-PA,922,3665,0,2,0,3667,A
3-PA,923,0,3656,0,2,3658,T
3-PA,924,11,1,0,3680,3692,C
3-PA,925,3677,0,1,0,3678,A
3-PA,926,3636,1,1,0,3638,A
3-PA,927,1,4,3655,0,3660,G
3-PA,928,0,3615,0,0,3615,T
3-PA,929,0,2,3649,0,3651,G
3-PA,930,5,0,0,3647,3652,C
3-PA,931,3657,0,1,0,3658,A
3-PA,932,0,3666,0,0,3666,T
3-PA,933,3659,0,0,0,3659,A
3-PA,934,3698,1,1,0,3700,A
3-PA,935,3697,1,0,0,3698,A
3-PA,936,3681,0,4,1,3686,A
3-PA,937,3674,0,1,0,3675,A
3-PA,938,1,2,0,3701,3704,C
3-PA,939,3669,0,1,0,3670,A
3-PA,940,0,3659,0,3,3662,T
3-PA,941,0,3668,0,2,3670,T
3-PA,942,7,0,0,3685,3692,C
3-PA,943,0,3682,0,1,3683,T
3-PA,944,0,3666,0,0,3666,T
3-PA,945,0,3676,0,0,3676,T
3-PA,946,0,5,3681,1,3687,G
3-PA,947,0,4,3685,0,3689,G
3-PA,948,3674,0,4,1,3679,A
3-PA,949,0,3674,0,1,3675,T
3-PA,950,2,4,3684,0,3690,G
3-PA,951,0,5,3731,0,3736,G
3-PA,952,3734,0,1,0,3735,A
3-PA,953,3746,0,1,0,3747,A
3-PA,954,3761,0,4,1,3766,A
3-PA,955,1,9,3786,1,3797,G
3-PA,956,3751,0,5,0,3756,A
3-PA,957,4093,0,6,0,4099,A
3-PA,958,4,0,0,4145,4149,C
3-PA,959,8,0,0,4152,4160,C
3-PA,960,0,4118,0,0,4118,T
3-PA,961,0,4204,0,0,4204,T
3-PA,962,4227,0,2,0,4229,A
3-PA,963,1,4213,2,0,4216,T
3-PA,964,4214,0,1,0,4215,A
3-PA,965,1,4283,0,0,4284,T
3-PA,966,3978,0,0,0,3978,A
3-PA,967,1,2,4018,0,4021,G
3-PA,968,0,3974,0,5,3979,T
3-PA,969,7,0,0,3983,3990,C
3-PA,970,3953,0,8,0,3961,A
3-PA,971,3937,0,1,0,3938,A
3-PA,972,3940,0,1,0,3941,A
3-PA,973,0,0,1,3951,3952,C
3-PA,974,9,1,0,3884,3894,C
3-PA,975,3859,0,1,0,3860,A
3-PA,976,1,1,0,3898,3900,C
3-PA,977,3898,0,3,0,3901,A
3-PA,978,0,0,0,3912,3912,C
3-PA,979,1,11,3911,0,3923,G
3-PA,980,3865,0,3,0,3868,A
3-PA,981,3887,0,0,0,3887,A
3-PA,982,3884,0,2,0,3886,A
3-PA,983,3877,0,1,1,3879,A
3-PA,984,1,7,3897,1,3906,G
3-PA,985,1,4,3855,0,3860,G
3-PA,986,0,14,3882,0,3896,G
3-PA,987,3897,0,2,0,3899,A
3-PA,988,3927,0,1,0,3928,A
3-PA,989,0,3920,0,1,3921,T
3-PA,990,3927,1,0,0,3928,A
3-PA,991,3927,0,1,0,3928,A
3-PA,992,3941,0,0,0,3941,A
3-PA,993,1,3919,1,1,3922,T
3-PA,994,0,3909,2,0,3911,T
3-PA,995,12,0,1,3911,3924,C
3-PA,996,3940,0,1,1,3942,A
3-PA,997,3947,0,1,0,3948,A
3-PA,998,3943,0,0,0,3943,A
3-PA,999,0,3945,0,1,3946,T
3-PA,1000,0,3972,0,0,3972,T
3-PA,1001,3973,0,0,0,3973,A
3-PA,1002,0,1,0,3972,3973,C
3-PA,1003,11,3,0,3972,3986,C
3-PA,1004,1,3977,0,2,3980,T
3-PA,1005,0,2,4020,0,4022,G
3-PA,1006,1,1,0,4017,4019,C
3-PA,1007,1,4031,0,1,4033,T
3-PA,1008,0,3,4133,0,4136,G
3-PA,1009,0,4100,1,2,4103,T
3-PA,1010,10,0,0,4138,4148,C
3-PA,1011,4154,0,1,0,4155,A
3-PA,1012,0,4140,0,3,4143,T
3-PA,1013,0,7,4132,0,4139,G
3-PA,1014,0,3,4112,0,4115,G
3-PA,1015,4108,0,3,0,4111,A
3-PA,1016,4221,0,9,0,4230,A
3-PA,1017,0,1,4201,0,4202,G
3-PA,1018,0,1,0,4200,4201,C
3-PA,1019,4187,1,2,0,4190,A
3-PA,1020,4197,0,3,1,4201,A
3-PA,1021,1,2,4249,0,4252,G
3-PA,1022,0,4228,0,2,4230,T
3-PA,1023,4226,0,10,0,4236,A
3-PA,1024,1,1,0,4233,4235,C
3-PA,1025,0,4166,0,0,4166,T
3-PA,1026,4,2,4211,1,4218,G
3-PA,1027,1,4177,0,6,4184,T
3-PA,1028,11,0,0,4182,4193,C
3-PA,1029,4189,0,5,0,4194,A
3-PA,1030,0,10,4226,0,4236,G
3-PA,1031,4231,0,0,0,4231,A
3-PA,1032,4216,0,0,0,4216,A
3-PA,1033,0,4285,1,2,4288,T
3-PA,1034,0,4256,0,0,4256,T
3-PA,1035,0,1,4235,0,4236,G
3-PA,1036,2,4,0,4237,4243,C
3-PA,1037,4248,0,5,0,4253,A
3-PA,1038,1,7,4266,0,4274,G
3-PA,1039,1,9,4198,0,4208,G
3-PA,1040,4239,0,3,0,4242,A
3-PA,1041,0,2,0,4291,4293,C
3-PA,1042,4196,0,2,0,4198,A
3-PA,1043,0,4227,0,4,4231,T
3-PA,1044,1,4243,0,2,4246,T
3-PA,1045,1,11,4239,0,4251,G
3-PA,1046,4241,0,0,0,4241,A
3-PA,1047,4251,0,1,0,4252,A
3-PA,1048,4235,0,0,0,4235,A
3-PA,1049,4219,0,0,0,4219,A
3-PA,1050,0,4182,0,0,4182,T
3-PA,1051,1,3,4199,0,4203,G
3-PA,1052,4146,1,9,0,4156,A
3-PA,1053,0,7,4177,0,4184,G
3-PA,1054,0,7,4174,0,4181,G
3-PA,1055,4168,0,1,0,4169,A
3-PA,1056,2,5,4196,0,4203,G
3-PA,1057,4206,0,0,1,4207,A
3-PA,1058,4217,0,9,0,4226,A
3-PA,1059,0,6,4246,0,4252,G
3-PA,1060,4237,0,3,0,4240,A
3-PA,1061,0,4244,0,2,4246,T
3-PA,1062,0,4201,1,3,4205,T
3-PA,1063,6,1,0,4239,4246,C
3-PA,1064,7,1,0,4255,4263,C
3-PA,1065,4250,0,2,1,4253,A
3-PA,1066,4231,0,1,1,4233,A
3-PA,1067,10,6,4249,0,4265,G
3-PA,1068,0,11,4310,0,4321,G
3-PA,1069,4308,0,6,0,4314,A
3-PA,1070,0,1,0,4335,4336,C
3-PA,1071,0,4359,0,3,4362,T
3-PA,1072,4362,0,1,0,4363,A
3-PA,1073,4361,0,2,0,4363,A
3-PA,1074,4364,0,1,0,4365,A
3-PA,1075,4370,0,3,0,4373,A
3-PA,1076,4314,0,6,0,4320,A
3-PA,1077,0,0,0,4298,4298,C
3-PA,1078,4253,1,2,0,4256,A
3-PA,1079,0,4242,1,0,4243,T
3-PA,1080,0,11,4270,0,4281,G
3-PA,1081,4253,0,16,1,4270,A
3-PA,1082,4265,0,15,0,4280,A
3-PA,1083,0,5,4316,0,4321,G
3-PA,1084,4298,0,2,0,4300,A
3-PA,1085,4296,0,1,1,4298,A
3-PA,1086,4271,0,1,0,4272,A
3-PA,1087,4264,0,1,1,4266,A
3-PA,1088,4,2,0,4285,4291,C
3-PA,1089,0,15,4272,0,4287,G
3-PA,1090,4286,0,2,0,4288,A
3-PA,1091,1,3,4282,0,4286,G
3-PA,1092,0,4264,0,1,4265,T
3-PA,1093,20,0,0,4379,4399,C
3-PA,1094,4405,0,3,0,4408,A
3-PA,1095,4477,0,1,0,4478,A
3-PA,1096,1,2,0,4455,4458,C
3-PA,1097,0,4462,1,1,4464,T
3-PA,1098,0,1,4537,0,4538,G
3-PA,1099,4513,0,2,0,4515,A
3-PA,1100,4520,0,5,0,4525,A
3-PA,1101,0,2,4523,0,4525,G
3-PA,1102,0,4365,1,0,4366,T
3-PA,1103,0,10,4406,0,4416,G
3-PA,1104,0,9,4390,1,4400,G
3-PA,1105,1,3,4409,0,4413,G
3-PA,1106,2,1,0,4414,4417,C
3-PA,1107,0,4374,1,4,4379,T
3-PA,1108,13,1,1,4387,4402,C
3-PA,1109,0,4388,1,1,4390,T
3-PA,1110,0,4405,1,1,4407,T
3-PA,1111,1,10,4467,0,4478,G
3-PA,1112,2,2,4485,0,4489,G
3-PA,1113,0,4419,1,2,4422,T
3-PA,1114,1,12,4434,0,4447,G
3-PA,1115,4399,1,1,0,4401,A
3-PA,1116,4444,0,4,0,4448,A
3-PA,1117,4413,1,1,0,4415,A
3-PA,1118,4419,0,3,1,4423,A
3-PA,1119,2,2,0,4464,4468,C
3-PA,1120,4388,0,0,0,4388,A
3-PA,1121,1,4373,0,4,4378,T
3-PA,1122,1,10,4353,0,4364,G
3-PA,1123,1,0,4431,0,4432,G
3-PA,1124,3,0,0,4455,4458,C
3-PA,1125,4437,0,3,0,4440,A
3-PA,1126,5,1,0,4454,4460,C
3-PA,1127,14,1,0,4475,4490,C
3-PA,1128,4549,0,2,1,4552,A
3-PA,1129,0,5,4573,0,4578,G
3-PA,1130,4554,0,5,0,4559,A
3-PA,1131,2,2,4607,1,4612,G
3-PA,1132,4578,0,5,0,4583,A
3-PA,1133,4540,0,3,0,4543,A
3-PA,1134,0,4,4593,0,4597,G
3-PA,1135,1,2,4572,0,4575,G
3-PA,1136,0,4519,0,1,4520,T
3-PA,1137,4484,0,2,0,4486,A
3-PA,1138,0,13,4462,0,4475,G
3-PA,1139,4467,0,2,1,4470,A
3-PA,1140,0,0,0,4513,4513,C
3-PA,1141,0,4430,0,1,4431,T
3-PA,1142,1,4444,0,0,4445,T
3-PA,1143,0,4441,0,0,4441,T
3-PA,1144,4,7,4451,0,4462,G
3-PA,1145,4455,1,4,0,4460,A
3-PA,1146,4466,0,2,1,4469,A
3-PA,1147,4470,0,1,0,4471,A
3-PA,1148,4439,0,0,0,4439,A
3-PA,1149,0,0,0,4566,4566,C
3-PA,1150,0,4511,0,0,4511,T
3-PA,1151,2,4,4582,0,4588,G
3-PA,1152,0,0,0,4591,4591,C
3-PA,1153,4612,0,4,1,4617,A
3-PA,1154,0,7,4606,0,4613,G
3-PA,1155,4584,6,1,2,4593,A
3-PA,1156,0,6,4802,1,4809,G
3-PA,1157,4804,0,3,0,4807,A
3-PA,1158,1,1,0,4732,4734,C
3-PA,1159,4725,0,3,0,4728,A
3-PA,1160,0,4648,0,10,4658,T
3-PA,1161,4659,2,1,0,4662,A
3-PA,1162,1,4,4494,0,4499,G
3-PA,1163,1,1,4494,0,4496,G
3-PA,1164,2,2,0,4506,4510,C
3-PA,1165,0,8,4527,0,4535,G
3-PA,1166,4612,0,0,0,4612,A
3-PA,1167,0,4615,0,0,4615,T
3-PA,1168,0,4611,0,1,4612,T
3-PA,1169,0,4619,0,1,4620,T
3-PA,1170,0,5,4619,0,4624,G
3-PA,1171,4619,0,5,0,4624,A
3-PA,1172,4611,1,6,0,4618,A
3-PA,1173,0,1,4636,0,4637,G
3-PA,1174,5,0,0,4726,4731,C
3-PA,1175,4656,0,1,0,4657,A
3-PA,1176,4942,0,2,0,4944,A
3-PA,1177,1,4947,1,1,4950,T
3-PA,1178,4977,0,1,0,4978,A
3-PA,1179,0,4993,0,4,4997,T
3-PA,1180,4,15,5008,1,5028,G
3-PA,1181,5072,0,8,0,5080,A
3-PA,1182,1,5070,0,2,5073,T
3-PA,1183,4919,0,1,0,4920,A
3-PA,1184,0,4,4925,0,4929,G
3-PA,1185,1,4691,0,2,4694,T
3-PA,1186,0,9,4712,0,4721,G
3-PA,1187,4715,0,3,0,4718,A
3-PA,1188,1,45,0,4636,4682,C
3-PA,1189,0,11,4657,0,4668,G
3-PA,1190,4674,0,1,0,4675,A
3-PA,1191,4657,0,3,0,4660,A
3-PA,1192,0,2,0,4708,4710,C
3-PA,1193,8,0,0,4696,4704,C
3-PA,1194,0,4692,0,5,4697,T
3-PA,1195,0,6,4831,0,4837,G
3-PA,1196,4785,1,7,0,4793,A
3-PA,1197,4818,0,1,0,4819,A
3-PA,1198,1,4811,0,3,4815,T
3-PA,1199,0,4807,0,0,4807,T
3-PA,1200,4791,0,2,0,4793,A
3-PA,1201,4747,0,1,0,4748,A
3-PA,1202,0,11,4764,0,4775,G
3-PA,1203,2,4,4762,0,4768,G
3-PA,1204,0,4639,0,8,4647,T
3-PA,1205,20,3,0,4637,4660,C
3-PA,1206,4635,0,3,1,4639,A
3-PA,1207,1,0,0,4793,4794,C
3-PA,1208,0,4820,0,5,4825,T
3-PA,1209,2,4824,0,1,4827,T
3-PA,1210,1,4816,1,3,4821,T
3-PA,1211,9,0,0,4822,4831,C
3-PA,1212,4812,0,5,0,4817,A
3-PA,1213,4823,0,4,0,4827,A
3-PA,1214,0,0,4893,0,4893,G
3-PA,1215,3,0,1,4873,4877,C
3-PA,1216,1,4771,0,7,4779,T
3-PA,1217,1,6,4934,0,4941,G
3-PA,1218,3,8,4937,1,4949,G
3-PA,1219,5019,2,4,0,5025,A
3-PA,1220,0,5066,0,1,5067,T
3-PA,1221,5053,0,6,0,5059,A
3-PA,1222,2,1,0,5095,5098,C
3-PA,1223,5018,1,2,0,5021,A
3-PA,1224,1,6,5062,0,5069,G
3-PA,1225,5054,0,2,0,5056,A
3-PA,1226,4982,0,1,0,4983,A
3-PA,1227,0,4933,0,0,4933,T
3-PA,1228,1,14,4958,1,4974,G
3-PA,1229,4891,1,8,0,4900,A
3-PA,1230,0,2,4979,0,4981,G
3-PA,1231,0,4921,0,6,4927,T
3-PA,1232,0,4915,0,0,4915,T
3-PA,1233,16,1,0,4989,5006,C
3-PA,1234,5055,0,0,0,5055,A
3-PA,1235,5041,1,0,1,5043,A
3-PA,1236,3,1,0,5053,5057,C
3-PA,1237,4978,1,1,0,4980,A
3-PA,1238,4958,1,0,1,4960,A
3-PA,1239,1,3,4914,0,4918,G
3-PA,1240,0,7,4920,0,4927,G
3-PA,1241,1,0,0,4944,4945,C
3-PA,1242,4,0,0,4946,4950,C
3-PA,1243,0,4907,0,3,4910,T
3-PA,1244,0,2,4999,1,5002,G
3-PA,1245,0,4968,1,0,4969,T
3-PA,1246,2,8,5034,0,5044,G
3-PA,1247,5035,0,5,0,5040,A
3-PA,1248,2,1,5014,1,5018,G
3-PA,1249,2,2,0,4992,4996,C
3-PA,1250,0,4949,0,3,4952,T
3-PA,1251,5041,0,2,0,5043,A
3-PA,1252,5052,0,0,0,5052,A
3-PA,1253,3,0,0,5031,5034,C
3-PA,1254,0,5016,0,1,5017,T
3-PA,1255,2,20,4994,0,5016,G
3-PA,1256,4973,0,2,0,4975,A
3-PA,1257,0,4973,0,1,4974,T
3-PA,1258,0,4971,0,3,4974,T
3-PA,1259,15,14,0,4962,4991,C
3-PA,1260,5107,0,3,1,5111,A
3-PA,1261,0,3,5274,0,5277,G
3-PA,1262,0,5227,0,7,5234,T
3-PA,1263,5,1,0,5260,5266,C
3-PA,1264,0,5231,0,0,5231,T
3-PA,1265,0,60,5359,0,5419,G
3-PA,1266,1,11,5406,0,5418,G
3-PA,1267,5424,0,5,0,5429,A
3-PA,1268,1,5427,0,2,5430,T
3-PA,1269,5139,0,0,0,5139,A
3-PA,1270,0,11,5098,0,5109,G
3-PA,1271,4998,0,6,0,5004,A
3-PA,1272,1,3,4999,1,5004,G
3-PA,1273,3,0,1,4965,4969,C
3-PA,1274,0,4842,0,0,4842,T
3-PA,1275,9,1,0,4894,4904,C
3-PA,1276,0,8,4901,1,4910,G
3-PA,1277,4896,0,28,0,4924,A
3-PA,1278,1,4928,1,2,4932,T
3-PA,1279,1,13,4920,0,4934,G
3-PA,1280,4969,0,3,0,4972,A
3-PA,1281,4952,0,1,0,4953,A
3-PA,1282,4972,0,1,0,4973,A
3-PA,1283,1,4941,0,0,4942,T
3-PA,1284,0,4921,0,1,4922,T
3-PA,1285,0,9,4917,0,4926,G
3-PA,1286,0,6,4891,0,4897,G
3-PA,1287,1,1,4844,0,4846,G
3-PA,1288,0,8,4895,0,4903,G
3-PA,1289,4913,0,4,0,4917,A
3-PA,1290,0,8,4941,2,4951,G
3-PA,1291,0,7,4966,0,4973,G
3-PA,1292,5038,0,1,0,5039,A
3-PA,1293,2,2,0,5049,5053,C
3-PA,1294,1,0,5026,0,5027,G
3-PA,1295,0,5021,0,1,5022,T
3-PA,1296,5054,1,3,0,5058,A
3-PA,1297,0,2,5073,0,5075,G
3-PA,1298,0,2,1,5083,5086,C
3-PA,1299,2,0,1,5008,5011,C
3-PA,1300,14,2,1,4970,4987,C
3-PA,1301,9,6,0,5014,5029,C
3-PA,1302,5051,0,0,1,5052,A
3-PA,1303,5227,0,0,1,5228,A
3-PA,1304,0,5204,0,0,5204,T
3-PA,1305,1,5181,0,0,5182,T
3-PA,1306,0,17,5145,0,5162,G
3-PA,1307,5046,1,4,0,5051,A
3-PA,1308,33,4,5013,0,5050,G
3-PA,1309,2,0,0,5046,5048,C
3-PA,1310,5015,0,3,0,5018,A
3-PA,1311,0,1,1,5126,5128,C
3-PA,1312,4996,0,0,0,4996,A
3-PA,1313,0,5125,0,3,5128,T
3-PA,1314,0,5130,0,2,5132,T
3-PA,1315,1,0,5143,0,5144,G
3-PA,1316,5,1,0,5104,5110,C
3-PA,1317,5128,1,2,0,5131,A
3-PA,1318,5121,0,3,0,5124,A
3-PA,1319,1,2,5134,0,5137,G
3-PA,1320,5,1,0,5049,5055,C
3-PA,1321,5062,0,0,0,5062,A
3-PA,1322,0,4903,0,1,4904,T
3-PA,1323,1,22,4874,1,4898,G
3-PA,1324,4872,0,2,0,4874,A
3-PA,1325,4,3,4887,1,4895,G
3-PA,1326,4884,1,3,1,4889,A
3-PA,1327,4879,0,1,1,4881,A
3-PA,1328,1,11,4848,0,4860,G
3-PA,1329,1,4,4836,0,4841,G
3-PA,1330,4835,0,3,0,4838,A
3-PA,1331,4839,0,1,0,4840,A
3-PA,1332,0,4816,0,1,4817,T
3-PA,1333,1,4834,0,1,4836,T
3-PA,1334,4838,0,1,0,4839,A
3-PA,1335,1,4862,0,1,4864,T
3-PA,1336,1,4853,0,1,4855,T
3-PA,1337,0,4850,0,2,4852,T
3-PA,1338,11,1,0,4819,4831,C
3-PA,1339,4818,0,0,1,4819,A
3-PA,1340,1,0,0,4946,4947,C
3-PA,1341,4939,0,1,0,4940,A
3-PA,1342,0,1,4977,0,4978,G
3-PA,1343,1,1,0,4955,4957,C
3-PA,1344,4943,0,0,0,4943,A
3-PA,1345,1,7,4983,0,4991,G
3-PA,1346,4953,1,3,0,4957,A
3-PA,1347,0,10,4981,1,4992,G
3-PA,1348,0,3,4979,0,4982,G
3-PA,1349,0,4833,0,6,4839,T
3-PA,1350,0,5,4934,0,4939,G
3-PA,1351,0,4888,0,6,4894,T
3-PA,1352,9,0,0,4870,4879,C
3-PA,1353,15,2,1,4912,4930,C
3-PA,1354,15,1,0,4917,4933,C
3-PA,1355,5002,0,1,0,5003,A
3-PA,1356,0,5019,0,4,5023,T
3-PA,1357,0,4951,0,39,4990,T
3-PA,1358,1,3,5014,0,5018,G
3-PA,1359,0,4923,0,2,4925,T
3-PA,1360,4865,0,0,0,4865,A
3-PA,1361,1,8,4851,0,4860,G
3-PA,1362,4696,2,3,0,4701,A
3-PA,1363,1,0,4715,0,4716,G
3-PA,1364,0,1,0,4627,4628,C
3-PA,1365,8,2,0,4557,4567,C
3-PA,1366,4659,1,4,0,4664,A
3-PA,1367,3,0,1,4656,4660,C
3-PA,1368,0,4644,0,0,4644,T
3-PA,1369,1,12,4635,1,4649,G
3-PA,1370,4622,1,3,0,4626,A
3-PA,1371,4537,0,6,0,4543,A
3-PA,1372,0,4692,1,1,4694,T
3-PA,1373,4733,0,3,0,4736,A
3-PA,1374,2,2,0,4779,4783,C
3-PA,1375,4664,1,0,0,4665,A
3-PA,1376,0,4698,1,0,4699,T
3-PA,1377,4654,0,1,0,4655,A
3-PA,1378,4650,0,0,0,4650,A
3-PA,1379,1,4636,0,2,4639,T
3-PA,1380,0,0,4575,0,4575,G
3-PA,1381,4527,1,0,0,4528,A
3-PA,1382,4446,0,3,0,4449,A
3-PA,1383,0,4,4440,0,4444,G
3-PA,1384,1,11,4414,1,4427,G
3-PA,1385,18,5,4450,0,4473,G
3-PA,1386,0,7,4473,0,4480,G
3-PA,1387,1,3,4528,0,4532,G
3-PA,1388,1,4459,0,1,4461,T
3-PA,1389,4515,0,0,0,4515,A
3-PA,1390,0,4548,0,1,4549,T
3-PA,1391,4578,0,4,1,4583,A
3-PA,1392,4,1,0,4943,4948,C
3-PA,1393,4796,0,4,0,4800,A
3-PA,1394,0,4697,0,2,4699,T
3-PA,1395,0,4669,0,0,4669,T
3-PA,1396,4617,0,0,0,4617,A
3-PA,1397,4724,0,1,0,4725,A
3-PA,1398,3,0,0,4711,4714,C
3-PA,1399,4627,0,1,0,4628,A
3-PA,1400,1,0,0,4629,4630,C
3-PA,1401,0,4150,0,2,4152,T
3-PA,1402,1,2,4316,0,4319,G
3-PA,1403,1,1,0,4274,4276,C
3-PA,1404,14,0,0,4255,4269,C
3-PA,1405,6,2,0,4295,4303,C
3-PA,1406,0,4170,0,1,4171,T
3-PA,1407,1,0,4308,0,4309,G
3-PA,1408,1,1,0,4305,4307,C
3-PA,1409,1,4280,0,4,4285,T
3-PA,1410,10,2,0,4441,4453,C
3-PA,1411,4275,0,1,0,4276,A
3-PA,1412,4261,0,41,0,4302,A
3-PA,1413,0,4296,1,0,4297,T
3-PA,1414,0,3,4294,0,4297,G
3-PA,1415,2,1,0,4281,4284,C
3-PA,1416,4188,0,2,0,4190,A
3-PA,1417,0,4172,0,5,4177,T
3-PA,1418,10,1,0,4151,4162,C
3-PA,1419,3,0,0,4210,4213,C
3-PA,1420,0,4023,0,3,4026,T
3-PA,1421,3,0,4146,1,4150,G
3-PA,1422,0,4130,1,1,4132,T
3-PA,1423,1,3,4125,0,4129,G
3-PA,1424,2,0,2,4120,4124,C
3-PA,1425,4043,1,3,0,4047,A
3-PA,1426,1,0,4089,0,4090,G
3-PA,1427,4,1,0,4063,4068,C
3-PA,1428,4001,0,1,0,4002,A
3-PA,1429,4000,0,2,0,4002,A
3-PA,1430,0,3797,0,2,3799,T
3-PA,1431,1,4,3804,0,3809,G
3-PA,1432,0,6,3797,0,3803,G
3-PA,1433,3801,0,6,0,3807,A
3-PA,1434,0,1,0,3798,3799,C
3-PA,1435,3,14,3736,0,3753,G
3-PA,1436,3783,0,0,0,3783,A
3-PA,1437,0,3779,0,1,3780,T
3-PA,1438,0,3774,0,0,3774,T
3-PA,1439,0,3769,0,1,3770,T
3-PA,1440,0,3732,0,1,3733,T
3-PA,1441,7,1,1,3753,3762,C
3-PA,1442,3772,0,1,0,3773,A
3-PA,1443,3788,1,0,0,3789,A
3-PA,1444,0,1,0,3783,3784,C
3-PA,1445,0,3709,0,1,3710,T
3-PA,1446,3718,0,0,0,3718,A
3-PA,1447,3698,1,0,0,3699,A
3-PA,1448,0,3692,0,1,3693,T
3-PA,1449,0,3677,0,1,3678,T
3-PA,1450,8,0,0,3707,3715,C
3-PA,1451,5,0,1,3683,3689,C
3-PA,1452,10,1,1,3689,3701,C
3-PA,1453,3699,0,1,0,3700,A
3-PA,1454,0,3750,0,3,3753,T
3-PA,1455,0,9,3766,1,3776,G
3-PA,1456,3773,0,1,0,3774,A
3-PA,1457,0,3758,0,0,3758,T
3-PA,1458,3749,0,1,0,3750,A
3-PA,1459,3734,0,1,0,3735,A
3-PA,1460,1,0,3732,0,3733,G
3-PA,1461,3,4,0,3714,3721,C
3-PA,1462,3704,0,1,0,3705,A
3-PA,1463,3582,0,1,0,3583,A
3-PA,1464,1,1,3637,0,3639,G
3-PA,1465,0,3608,0,1,3609,T
3-PA,1466,2,2,3581,0,3585,G
3-PA,1467,1,2,0,3583,3586,C
3-PA,1468,3545,0,1,0,3546,A
3-PA,1469,0,11,3600,0,3611,G
3-PA,1470,3591,0,1,0,3592,A
3-PA,1471,3632,0,1,0,3633,A
3-PA,1472,1,0,0,3628,3629,C
3-PA,1473,0,3532,0,1,3533,T
3-PA,1474,3583,0,1,0,3584,A
3-PA,1475,3598,0,0,0,3598,A
3-PA,1476,3574,0,12,0,3586,A
3-PA,1477,0,6,3590,0,3596,G
3-PA,1478,3440,0,2,0,3442,A
3-PA,1479,1,28,3391,0,3420,G
3-PA,1480,1,1,3302,0,3304,G
3-PA,1481,1,4,3311,0,3316,G
3-PA,1482,3294,0,1,0,3295,A
3-PA,1483,3225,0,2,0,3227,A
3-PA,1484,0,3,3212,0,3215,G
3-PA,1485,3,1,3199,0,3203,G
3-PA,1486,2,3,1,3187,3193,C
3-PA,1487,0,7,3200,0,3207,G
3-PA,1488,3198,0,1,0,3199,A
3-PA,1489,3202,0,1,0,3203,A
3-PA,1490,3203,0,1,0,3204,A
3-PA,1491,3205,0,1,0,3206,A
3-PA,1492,3200,0,0,0,3200,A
3-PA,1493,1,1,0,3188,3190,C
3-PA,1494,4,0,0,3180,3184,C
3-PA,1495,3186,1,1,0,3188,A
3-PA,1496,3213,0,1,0,3214,A
3-PA,1497,0,3200,0,1,3201,T
3-PA,1498,0,3202,1,0,3203,T
3-PA,1499,0,3225,0,5,3230,T
3-PA,1500,3238,0,0,0,3238,A
3-PA,1501,0,3226,0,2,3228,T
3-PA,1502,3233,0,0,0,3233,A
3-PA,1503,0,3204,0,4,3208,T
3-PA,1504,0,4,3181,0,3185,G
3-PA,1505,0,6,3143,0,3149,G
3-PA,1506,3145,0,0,0,3145,A
3-PA,1507,0,3121,0,3,3124,T
3-PA,1508,2,3078,0,1,3081,T
3-PA,1509,14,1,1,3050,3066,C
3-PA,1510,3075,0,1,0,3076,A
3-PA,1511,1,3092,0,2,3095,T
3-PA,1512,3,1,0,3101,3105,C
3-PA,1513,3098,1,0,0,3099,A
3-PA,1514,0,3075,0,1,3076,T
3-PA,1515,3037,0,0,0,3037,A
3-PA,1516,3031,0,1,0,3032,A
3-PA,1517,3032,0,2,0,3034,A
3-PA,1518,1,6,3018,1,3026,G
3-PA,1519,1,4,2952,1,2958,G
3-PA,1520,0,4,2911,0,2915,G
3-PA,1521,2902,0,1,0,2903,A
3-PA,1522,2850,1,4,0,2855,A
3-PA,1523,1,2,2853,0,2856,G
3-PA,1524,2839,0,1,0,2840,A
3-PA,1525,0,2826,0,2,2828,T
3-PA,1526,4,0,0,2826,2830,C
3-PA,1527,0,2736,0,2,2738,T
3-PA,1528,6,0,0,2798,2804,C
3-PA,1529,2793,0,1,0,2794,A
3-PA,1530,0,2778,0,1,2779,T
3-PA,1531,1,2790,0,2,2793,T
3-PA,1532,0,2757,1,1,2759,T
3-PA,1533,2751,0,0,0,2751,A
3-PA,1534,2744,1,2,0,2747,A
3-PA,1535,0,4,2739,0,2743,G
3-PA,1536,0,5,2760,0,2765,G
3-PA,1537,2603,0,0,0,2603,A
3-PA,1538,2605,0,0,0,2605,A
3-PA,1539,0,2589,2,0,2591,T
3-PA,1540,0,4,2594,0,2598,G
3-PA,1541,2648,1,3,0,2652,A
3-PA,1542,0,2,0,2645,2647,C
3-PA,1543,2627,0,1,0,2628,A
3-PA,1544,0,0,0,2622,2622,C
3-PA,1545,2538,0,1,1,2540,A
3-PA,1546,0,4,2547,0,2551,G
3-PA,1547,2516,0,0,0,2516,A
3-PA,1548,0,0,0,2484,2484,C
3-PA,1549,0,1,2440,0,2441,G
3-PA,1550,0,2205,0,4,2209,T
3-PA,1551,0,6,2199,0,2205,G
3-PA,1552,0,0,2218,0,2218,G
3-PA,1553,0,2224,1,2,2227,T
3-PA,1554,2223,0,0,0,2223,A
3-PA,1555,2154,0,1,0,2155,A
3-PA,1556,2152,0,0,0,2152,A
3-PA,1557,0,2133,1,2,2136,T
3-PA,1558,0,2077,0,0,2077,T
3-PA,1559,0,2078,1,0,2079,T
3-PA,1560,0,2049,0,0,2049,T
3-PA,1561,1,0,2053,0,2054,G
3-PA,1562,1,2024,0,0,2025,T
3-PA,1563,0,7,2010,0,2017,G
3-PA,1564,2017,0,0,0,2017,A
3-PA,1565,1,0,2009,0,2010,G
3-PA,1566,1,0,0,1993,1994,C
3-PA,1567,2013,0,0,0,2013,A
3-PA,1568,0,2009,0,1,2010,T
3-PA,1569,0,5,2009,0,2014,G
3-PA,1570,0,4,2012,0,2016,G
3-PA,1571,2013,0,0,0,2013,A
3-PA,1572,0,2,2016,0,2018,G
3-PA,1573,0,1959,1,1,1961,T
3-PA,1574,0,1921,0,2,1923,T
3-PA,1575,0,1925,0,0,1925,T
3-PA,1576,0,1900,0,1,1901,T
3-PA,1577,9,0,0,1905,1914,C
3-PA,1578,0,1899,0,2,1901,T
3-PA,1579,3,0,0,1892,1895,C
3-PA,1580,0,1821,0,2,1823,T
3-PA,1581,4,0,0,1819,1823,C
3-PA,1582,1806,0,0,0,1806,A
3-PA,1583,0,0,0,1805,1805,C
3-PA,1584,0,1721,0,1,1722,T
3-PA,1585,0,5,1719,0,1724,G
3-PA,1586,1703,0,2,0,1705,A
3-PA,1587,0,1,0,1707,1708,C
3-PA,1588,7,0,0,1681,1688,C
3-PA,1589,8,0,1,1657,1666,C
3-PA,1590,3,3,1655,0,1661,G
3-PA,1591,1653,0,4,0,1657,A
3-PA,1592,0,2,1654,0,1656,G
3-PA,1593,1647,0,1,0,1648,A
3-PA,1594,1,0,0,1601,1602,C
3-PA,1595,0,1564,0,3,1567,T
3-PA,1596,0,1446,0,2,1448,T
3-PA,1597,0,2,1445,0,1447,G
3-PA,1598,1426,0,1,0,1427,A
3-PA,1599,0,0,1436,0,1436,G
3-PA,1600,0,0,0,1414,1414,C
3-PA,1601,2,0,0,1324,1326,C
3-PA,1602,1316,0,1,0,1317,A
3-PA,1603,1,0,0,1304,1305,C
3-PA,1604,1313,0,0,0,1313,A
3-PA,1605,0,1314,0,0,1314,T
3-PA,1606,1303,0,0,0,1303,A
3-PA,1607,1285,0,1,0,1286,A
3-PA,1608,1281,0,0,0,1281,A
3-PA,1609,0,1246,1,0,1247,T
3-PA,1610,0,0,1250,0,1250,G
3-PA,1611,0,1,1059,1,1061,G
3-PA,1612,0,1,1026,0,1027,G
3-PA,1613,994,0,0,0,994,A
3-PA,1614,0,1,992,0,993,G
3-PA,1615,956,0,1,0,957,A
3-PA,1616,928,0,1,0,929,A
3-PA,1617,912,0,0,0,912,A
3-PA,1618,0,895,0,0,895,T
3-PA,1619,863,0,1,0,864,A
3-PA,1620,8,0,0,848,856,C
3-PA,1621,0,417,0,0,417,T
3-PA,1622,0,0,416,0,416,G
3-PA,1623,0,190,0,0,190,T
3-PA,1624,0,0,191,0,191,G
3-PA,1625,0,159,0,0,159,T
3-PA,1626,0,0,0,35,35,C
3-PA,1627,0,0,0,23,23,C
3-PA,1628,0,7,0,0,7,T
3-PA,1629,0,7,0,0,7,T
3-PA,1630,0,0,7,0,7,G
3-PA,1631,7,0,0,0,7,A
3-PA,1632,0,0,7,0,7,G
3-PA,1633,7,0,0,0,7,A
3-PA,1634,0,7,0,0,7,T
3-PA,1635,7,0,0,0,7,A
3-PA,1636,0,0,7,0,7,G
3-PA,1637,0,0,7,0,7,G
3-PA,1638,7,0,0,0,7,A
3-PA,1639,0,0,7,0,7,G
3-PA,1640,7,0,0,0,7,A
3-PA,1641,0,7,0,0,7,T
3-PA,1642,7,0,0,0,7,A
3-PA,1643,0,7,0,0,7,T
3-PA,1644,0,0,7,0,7,G
3-PA,1645,0,7,0,0,7,T
3-PA,1646,0,7,0,0,7,T
3-PA,1647,7,0,0,0,7,A
3-PA,1648,0,0,0,6,6,C
3-PA,1649,0,6,0,0,6,T
3-PA,1650,6,0,0,0,6,A
3-PA,1651,6,0,0,0,6,A
3-PA,1652,0,0,6,0,6,G
3-PA,1653,6,0,0,0,6,A
3-PA,1654,6,0,0,0,6,A
3-PA,1655,0,0,6,0,6,G
3-PA,1656,0,6,0,0,6,T
3-PA,1657,0,0,6,0,6,G
3-PA,1658,0,0,0,6,6,C
3-PA,1659,0,0,0,6,6,C
3-PA,1660,6,0,0,0,6,A
3-PA,1661,0,6,0,0,6,T
3-PA,1662,5,0,0,0,5,A
3-PA,1663,0,0,5,0,5,G
3-PA,1664,0,0,5,0,5,G
3-PA,1665,0,0,0,5,5,C
3-PA,1666,0,0,0,5,5,C
3-PA,1667,5,0,0,0,5,A
3-PA,1668,5,0,0,0,5,A
3-PA,1669,5,0,0,0,5,A
3-PA,1670,0,5,0,0,5,T
3-PA,1671,0,5,0,0,5,T
3-PA,1672,0,5,0,0,5,T
3-PA,1673,0,0,0,5,5,C
3-PA,1674,5,0,0,0,5,A
3-PA,1675,5,0,0,0,5,A
3-PA,1676,0,0,5,0,5,G
3-PA,1677,0,0,5,0,5,G
3-PA,1678,0,0,0,5,5,C
3-PA,1679,0,0,0,5,5,C
3-PA,1680,0,5,0,0,5,T
3-PA,1681,6,0,0,0,6,A
3-PA,1682,0,6,0,0,6,T
3-PA,1683,0,0,6,0,6,G
3-PA,1684,0,6,0,0,6,T
3-PA,1685,0,6,0,0,6,T
3-PA,1686,0,0,0,6,6,C
3-PA,1687,0,6,0,0,6,T
3-PA,1688,0,6,0,0,6,T
3-PA,1689,0,0,7,0,7,G
3-PA,1690,0,7,0,0,7,T
3-PA,1691,7,0,0,0,7,A
3-PA,1692,0,6,0,0,6,T
3-PA,1693,0,0,6,0,6,G
3-PA,1694,0,6,0,0,6,T
3-PA,1695,0,0,6,0,6,G
3-PA,1696,6,0,0,0,6,A
3-PA,1697,0,0,6,0,6,G
3-PA,1698,0,0,6,0,6,G
3-PA,1699,6,0,0,0,6,A
3-PA,1700,0,0,0,6,6,C
3-PA,1701,6,0,0,0,6,A
3-PA,1702,5,0,0,0,5,A
3-PA,1703,5,0,0,0,5,A
3-PA,1704,0,0,0,6,6,C
3-PA,1705,0,0,6,0,6,G
3-PA,1706,0,0,6,0,6,G
3-PA,1707,6,0,0,0,6,A
3-PA,1708,6,0,0,0,6,A
3-PA,1709,0,0,0,5,5,C
3-PA,1710,5,0,0,0,5,A
3-PA,1711,0,5,0,0,5,T
3-PA,1712,0,0,0,5,5,C
3-PA,1713,5,0,0,0,5,A
3-PA,1714,5,0,0,0,5,A
3-PA,1715,5,0,0,0,5,A
3-PA,1716,0,0,5,0,5,G
3-PA,1717,0,0,5,0,5,G
3-PA,1718,0,5,0,0,5,T
3-PA,1719,0,0,0,5,5,C
3-PA,1720,5,0,0,0,5,A
3-PA,1721,5,0,0,0,5,A
3-PA,1722,5,0,0,0,5,A
3-PA,1723,5,0,0,0,5,A
3-PA,1724,0,5,0,0,5,T
3-PA,1725,0,0,5,0,5,G
3-PA,1726,5,0,0,0,5,A
3-PA,1727,5,0,0,0,5,A
3-PA,1728,5,0,0,0,5,A
3-PA,1729,0,5,0,0,5,T
3-PA,1730,0,0,5,0,5,G
3-PA,1731,0,0,5,0,5,G
3-PA,1732,0,0,5,0,5,G
3-PA,1733,0,0,5,0,5,G
3-PA,1734,4,0,0,0,4,A
3-PA,1735,5,0,0,0,5,A
3-PA,1736,0,5,0,0,5,T
3-PA,1737,0,0,5,0,5,G
3-PA,1738,0,0,5,0,5,G
3-PA,1739,5,0,0,0,5,A
3-PA,1740,0,0,5,0,5,G
3-PA,1741,5,0,0,0,5,A
3-PA,1742,0,4,0,0,4,T
3-PA,1743,0,0,5,0,5,G
3-PA,1744,5,0,0,0,5,A
3-PA,1745,0,0,5,0,5,G
3-PA,1746,5,0,0,0,5,A
3-PA,1747,0,0,0,5,5,C
3-PA,1748,0,0,5,0,5,G
3-PA,1749,0,5,0,0,5,T
3-PA,1750,0,5,0,0,5,T
3-PA,1751,0,0,5,0,5,G
3-PA,1752,0,0,0,5,5,C
3-PA,1753,0,0,0,5,5,C
3-PA,1754,0,5,0,0,5,T
3-PA,1755,0,0,0,7,7,C
3-PA,1756,0,0,0,7,7,C
3-PA,1757,0,7,0,0,7,T
3-PA,1758,0,7,0,0,7,T
3-PA,1759,0,0,0,7,7,C
3-PA,1760,7,0,0,0,7,A
3-PA,1761,0,0,7,0,7,G
3-PA,1762,0,7,0,0,7,T
3-PA,1763,0,0,0,7,7,C
3-PA,1764,7,0,0,0,7,A
3-PA,1765,0,0,0,7,7,C
3-PA,1766,0,6,0,0,6,T
3-PA,1767,0,0,0,6,6,C
3-PA,1768,0,0,0,6,6,C
3-PA,1769,6,0,0,0,6,A
3-PA,1770,0,0,6,0,6,G
3-PA,1771,0,0,0,6,6,C
3-PA,1772,6,0,0,0,6,A
3-PA,1773,0,0,6,0,6,G
3-PA,1774,6,0,0,0,6,A
3-PA,1775,0,6,0,0,6,T
3-PA,1776,0,0,0,6,6,C
3-PA,1777,0,0,6,0,6,G
3-PA,1778,6,0,0,0,6,A
3-PA,1779,0,1,5,0,6,G
3-PA,1780,6,0,0,0,6,A
3-PA,1781,0,0,6,0,6,G
3-PA,1782,0,0,0,6,6,C
3-PA,1783,6,0,0,0,6,A
3-PA,1784,0,6,0,0,6,T
3-PA,1785,0,0,6,0,6,G
3-PA,1786,6,0,0,0,6,A
3-PA,1787,0,6,0,0,6,T
3-PA,1788,0,6,0,0,6,T
3-PA,1789,0,0,6,0,6,G
3-PA,1790,5,0,0,0,5,A
3-PA,1791,5,0,0,0,5,A
3-PA,1792,0,0,6,0,6,G
3-PA,1793,0,0,0,6,6,C
3-PA,1794,0,0,0,6,6,C
3-PA,1795,0,0,6,0,6,G
3-PA,1796,6,0,0,0,6,A
3-PA,1797,0,0,6,0,6,G
3-PA,1798,0,5,0,0,5,T
3-PA,1799,0,0,0,6,6,C
3-PA,1800,0,0,0,6,6,C
3-PA,1801,0,6,0,0,6,T
3-PA,1802,0,0,0,6,6,C
3-PA,1803,0,0,6,0,6,G
3-PA,1804,0,0,6,0,6,G
3-PA,1805,0,6,0,0,6,T
3-PA,1806,0,6,0,0,6,T
3-PA,1807,5,0,0,0,5,A
3-PA,1808,5,0,0,0,5,A
3-PA,1809,6,0,0,0,6,A
3-PA,1810,0,0,6,0,6,G
3-PA,1811,6,0,0,0,6,A
3-PA,1812,0,0,6,0,6,G
3-PA,1813,6,0,0,0,6,A
3-PA,1814,6,0,0,0,6,A
3-PA,1815,6,0,0,0,6,A
3-PA,1816,0,0,6,0,6,G
3-PA,1817,6,0,0,0,6,A
3-PA,1818,0,0,0,6,6,C
3-PA,1819,6,0,0,0,6,A
3-PA,1820,0,6,0,0,6,T
3-PA,1821,0,0,6,0,6,G
3-PA,1822,6,0,0,0,6,A
3-PA,1823,0,0,0,6,6,C
3-PA,1824,0,0,0,6,6,C
3-PA,1825,6,0,0,0,6,A
3-PA,1826,6,0,0,0,6,A
3-PA,1827,6,0,0,0,6,A
3-PA,1828,0,0,6,0,6,G
3-PA,1829,6,0,0,0,6,A
3-PA,1830,0,0,6,0,6,G
3-PA,1831,0,6,0,0,6,T
3-PA,1832,0,6,0,0,6,T
3-PA,1833,0,6,0,0,6,T
3-PA,1834,0,6,0,0,6,T
3-PA,1835,0,6,0,0,6,T
3-PA,1836,0,6,0,0,6,T
3-PA,1837,0,0,6,0,6,G
3-PA,1838,5,0,0,0,5,A
3-PA,1839,0,0,5,0,5,G
3-PA,1840,5,0,0,0,5,A
3-PA,1841,5,0,0,0,5,A
3-PA,1842,0,5,0,0,5,T
3-PA,1843,5,0,0,0,5,A
3-PA,1844,5,0,0,0,5,A
3-PA,1845,5,0,0,0,5,A
3-PA,1846,0,5,0,0,5,T
3-PA,1847,0,0,0,5,5,C
3-PA,1848,5,0,0,0,5,A
3-PA,1849,0,0,5,0,5,G
3-PA,1850,5,0,0,0,5,A
3-PA,1851,5,0,0,0,5,A
3-PA,1852,0,0,5,0,5,G
3-PA,1853,0,1,0,4,5,C
3-PA,1854,5,0,0,0,5,A
3-PA,1855,0,5,0,0,5,T
3-PA,1856,0,0,5,0,5,G
3-PA,1857,0,0,5,0,5,G
3-PA,1858,0,0,0,5,5,C
3-PA,1859,0,0,0,5,5,C
3-PA,1860,0,0,0,5,5,C
3-PA,1861,5,0,0,0,5,A
3-PA,1862,0,5,0,0,5,T
3-PA,1863,0,5,0,0,5,T
3-PA,1864,0,0,5,0,5,G
3-PA,1865,0,0,6,0,6,G
3-PA,1866,0,0,6,0,6,G
3-PA,1867,0,0,5,0,5,G
3-PA,1868,5,0,0,0,5,A
3-PA,1869,0,0,5,0,5,G
3-PA,1870,0,5,0,0,5,T
3-PA,1871,0,0,0,5,5,C
3-PA,1872,0,0,0,4,4,C
3-PA,1873,0,0,0,4,4,C
3-PA,1874,0,0,0,5,5,C
3-PA,1875,0,0,0,5,5,C
3-PA,1876,5,0,0,0,5,A
3-PA,1877,5,0,0,0,5,A
3-PA,1878,0,0,5,0,5,G
3-PA,1879,0,0,5,0,5,G
3-PA,1880,0,0,5,0,5,G
3-PA,1881,5,0,0,0,5,A
3-PA,1882,0,0,5,0,5,G
3-PA,1883,0,5,0,0,5,T
3-PA,1884,0,0,5,0,5,G
3-PA,1885,0,0,5,0,5,G
3-PA,1886,4,0,0,0,4,A
3-PA,1887,5,0,0,0,5,A
3-PA,1888,0,0,4,0,4,G
3-PA,1889,5,0,0,0,5,A
3-PA,1890,5,0,0,0,5,A
3-PA,1891,0,0,5,0,5,G
3-PA,1892,0,0,5,0,5,G
3-PA,1893,0,4,0,0,4,T
3-PA,1894,0,5,0,0,5,T
3-PA,1895,0,0,0,6,6,C
3-PA,1896,0,0,0,6,6,C
3-PA,1897,6,0,0,0,6,A
3-PA,1898,0,6,0,0,6,T
3-PA,1899,0,6,0,0,6,T
3-PA,1900,0,0,6,0,6,G
3-PA,1901,0,0,6,0,6,G
3-PA,1902,0,0,6,0,6,G
3-PA,1903,6,0,0,0,6,A
3-PA,1904,6,0,0,0,6,A
3-PA,1905,6,0,0,0,6,A
3-PA,1906,0,0,6,0,6,G
3-PA,1907,0,6,0,0,6,T
3-PA,1908,0,0,0,6,6,C
3-PA,1909,0,6,0,0,6,T
3-PA,1910,0,0,6,0,6,G
3-PA,1911,0,5,0,0,5,T
3-PA,1912,6,0,0,0,6,A
3-PA,1913,0,0,6,0,6,G
3-PA,1914,0,0,5,0,5,G
3-PA,1915,6,0,0,0,6,A
3-PA,1916,0,0,0,6,6,C
3-PA,1917,0,6,0,0,6,T
3-PA,1918,0,0,0,6,6,C
3-PA,1919,0,6,0,0,6,T
3-PA,1920,6,0,0,0,6,A
3-PA,1921,0,6,0,0,6,T
3-PA,1922,0,6,0,0,6,T
3-PA,1923,0,0,6,0,6,G
3-PA,1924,0,0,6,0,6,G
3-PA,1925,0,0,0,6,6,C
3-PA,1926,0,5,0,0,5,T
3-PA,1927,6,0,0,0,6,A
3-PA,1928,6,0,0,0,6,A
3-PA,1929,0,0,6,0,6,G
3-PA,1930,0,5,0,0,5,T
3-PA,1931,0,0,0,6,6,C
3-PA,1932,6,0,0,0,6,A
3-PA,1933,0,0,6,0,6,G
3-PA,1934,0,6,0,0,6,T
3-PA,1935,6,0,0,0,6,A
3-PA,1936,0,6,0,0,6,T
3-PA,1937,0,6,0,0,6,T
3-PA,1938,0,0,0,6,6,C
3-PA,1939,6,0,0,0,6,A
3-PA,1940,6,0,0,0,6,A
3-PA,1941,0,6,0,0,6,T
3-PA,1942,6,0,0,0,6,A
3-PA,1943,0,0,6,0,6,G
3-PA,1944,0,0,0,6,6,C
3-PA,1945,0,0,0,6,6,C
3-PA,1946,0,6,0,0,6,T
3-PA,1947,0,0,6,0,6,G
3-PA,1948,0,6,0,0,6,T
3-PA,1949,6,0,0,0,6,A
3-PA,1950,0,6,0,0,6,T
3-PA,1951,0,0,6,0,6,G
3-PA,1952,0,0,0,6,6,C
3-PA,1953,7,0,0,0,7,A
3-PA,1954,0,7,0,0,7,T
3-PA,1955,0,0,0,6,6,C
3-PA,1956,6,0,0,0,6,A
3-PA,1957,0,0,0,6,6,C
3-PA,1958,0,0,0,6,6,C
3-PA,1959,6,0,0,0,6,A
3-PA,1960,0,0,0,6,6,C
3-PA,1961,6,0,0,0,6,A
3-PA,1962,6,0,0,0,6,A
3-PA,1963,0,6,0,0,6,T
3-PA,1964,0,6,0,0,6,T
3-PA,1965,0,0,6,0,6,G
3-PA,1966,0,0,6,0,6,G
3-PA,1967,5,0,0,0,5,A
3-PA,1968,6,0,0,0,6,A
3-PA,1969,0,0,6,0,6,G
3-PA,1970,0,0,6,0,6,G
3-PA,1971,6,0,0,0,6,A
3-PA,1972,0,6,0,0,6,T
3-PA,1973,0,6,0,0,6,T
3-PA,1974,0,6,0,0,6,T
3-PA,1975,0,6,0,0,6,T
3-PA,1976,0,0,0,6,6,C
3-PA,1977,6,0,0,0,6,A
3-PA,1978,0,0,6,0,6,G
3-PA,1979,0,0,0,6,6,C
3-PA,1980,0,0,6,0,6,G
3-PA,1981,0,0,6,0,6,G
3-PA,1982,6,0,0,0,6,A
3-PA,1983,1,0,5,0,6,G
3-PA,1984,0,6,0,0,6,T
3-PA,1985,0,0,0,6,6,C
3-PA,1986,6,0,0,0,6,A
3-PA,1987,6,0,0,0,6,A
3-PA,1988,0,0,6,0,6,G
3-PA,1989,6,0,0,0,6,A
3-PA,1990,6,0,0,0,6,A
3-PA,1991,6,0,0,0,6,A
3-PA,1992,6,0,0,0,6,A
3-PA,1993,0,0,0,6,6,C
3-PA,1994,0,6,0,0,6,T
3-PA,1995,0,0,6,0,6,G
3-PA,1996,0,0,0,6,6,C
3-PA,1997,0,6,0,0,6,T
3-PA,1998,0,0,0,6,6,C
3-PA,1999,0,0,0,6,6,C
3-PA,2000,0,6,0,0,6,T
3-PA,2001,0,6,0,0,6,T
3-PA,2002,0,0,6,0,6,G
3-PA,2003,0,6,0,0,6,T
3-PA,2004,0,6,0,0,6,T
3-PA,2005,0,0,6,0,6,G
3-PA,2006,0,6,0,0,6,T
3-PA,2007,0,6,0,0,6,T
3-PA,2008,0,0,0,6,6,C
3-PA,2009,5,0,0,0,5,A
3-PA,2010,0,0,5,0,5,G
3-PA,2011,0,0,5,0,5,G
3-PA,2012,0,0,0,5,5,C
3-PA,2013,0,5,0,0,5,T
3-PA,2014,0,0,0,5,5,C
3-PA,2015,0,5,0,0,5,T
3-PA,2016,0,5,0,0,5,T
3-PA,2017,5,0,0,0,5,A
3-PA,2018,0,0,5,0,5,G
3-PA,2019,0,0,5,0,5,G
3-PA,2020,0,0,5,0,5,G
3-PA,2021,4,0,0,0,4,A
3-PA,2022,0,0,0,5,5,C
3-PA,2023,5,0,0,0,5,A
3-PA,2024,4,0,0,0,4,A
3-PA,2025,0,0,0,5,5,C
3-PA,2026,0,0,0,5,5,C
3-PA,2027,0,5,0,0,5,T
3-PA,2028,0,0,0,5,5,C
3-PA,2029,0,0,5,0,5,G
3-PA,2030,5,0,0,0,5,A
3-PA,2031,4,0,0,0,4,A
3-PA,2032,0,0,0,5,5,C
3-PA,2033,0,0,0,5,5,C
3-PA,2034,0,5,0,0,5,T
3-PA,2035,0,0,5,0,5,G
3-PA,2036,0,0,5,0,5,G
3-PA,2037,0,0,5,0,5,G
3-PA,2038,5,0,0,0,5,A
3-PA,2039,0,0,0,5,5,C
3-PA,2040,0,0,0,5,5,C
3-PA,2041,0,4,0,0,4,T
3-PA,2042,0,4,0,0,4,T
3-PA,2043,0,4,0,0,4,T
3-PA,2044,0,0,4,0,4,G
3-PA,2045,4,0,0,0,4,A
3-PA,2046,0,4,0,0,4,T
3-PA,2047,0,0,0,4,4,C
3-PA,2048,0,4,0,0,4,T
3-PA,2049,0,4,0,0,4,T
3-PA,2050,0,0,4,0,4,G
3-PA,2051,0,0,4,0,4,G
3-PA,2052,0,0,4,0,4,G
3-PA,2053,0,0,4,0,4,G
3-PA,2054,0,0,4,0,4,G
3-PA,2055,0,0,4,0,4,G
3-PA,2056,0,0,0,4,4,C
3-PA,2057,0,4,0,0,4,T
3-PA,2058,4,0,0,0,4,A
3-PA,2059,0,4,0,0,4,T
3-PA,2060,4,0,0,0,4,A
3-PA,2061,0,4,0,0,4,T
3-PA,2062,0,0,4,0,4,G
3-PA,2063,4,0,0,0,4,A
3-PA,2064,4,0,0,0,4,A
3-PA,2065,0,0,4,0,4,G
3-PA,2066,0,0,0,3,3,C
3-PA,2067,3,0,0,0,3,A
3-PA,2068,3,0,0,0,3,A
3-PA,2069,0,3,0,0,3,T
3-PA,2070,0,3,0,0,3,T
3-PA,2071,0,0,2,0,2,G
3-PA,2072,2,0,0,0,2,A
3-PA,2073,0,0,2,0,2,G
3-PA,2074,0,0,3,0,3,G
3-PA,2075,3,0,0,0,3,A
3-PA,2076,0,0,2,0,2,G
3-PA,2077,0,2,0,0,2,T
3-PA,2078,0,0,3,0,3,G
3-PA,2079,0,0,0,2,2,C
3-PA,2080,0,0,0,3,3,C
3-PA,2081,0,3,0,0,3,T
3-PA,2082,0,0,3,0,3,G
3-PA,2083,3,0,0,0,3,A
3-PA,2084,0,3,0,0,3,T
3-PA,2085,0,2,0,0,2,T
3-PA,2086,2,0,0,0,2,A
3-PA,2087,2,0,0,0,2,A
3-PA,2088,0,1,0,0,1,T
3-PA,2089,0,0,2,0,2,G
3-PA,2090,1,0,0,0,1,A
3-PA,2091,0,1,0,0,1,T
3-PA,2092,0,0,0,1,1,C
3-PA,2093,0,0,0,2,2,C
3-PA,2094,0,0,0,2,2,C
3-PA,2095,0,1,0,0,1,T
3-PA,2096,0,0,1,0,1,G
3-PA,2097,0,0,2,0,2,G
3-PA,2098,0,0,2,0,2,G
3-PA,2099,0,1,0,0,1,T
3-PA,2100,0,2,0,0,2,T
3-PA,2101,0,2,0,0,2,T
3-PA,2102,0,2,0,0,2,T
3-PA,2103,0,0,1,0,1,G
3-PA,2104,0,0,0,1,1,C
3-PA,2105,0,2,0,0,2,T
3-PA,2106,0,0,0,2,2,C
3-PA,2107,2,0,0,0,2,A
3-PA,2108,2,0,0,0,2,A
3-PA,2109,0,1,0,0,1,T
3-PA,2110,0,0,1,0,1,G
3-PA,2111,0,0,0,1,1,C
3-PA,2112,0,0,1,0,1,G
3-PA,2113,0,1,0,0,1,T
3-PA,2114,0,0,0,1,1,C
3-PA,2115,0,2,0,0,2,T
3-PA,2116,0,2,0,0,2,T
3-PA,2117,0,0,2,0,2,G
3-PA,2118,0,0,2,0,2,G
3-PA,2119,0,1,0,0,1,T
3-PA,2120,0,1,0,0,1,T
3-PA,2121,0,0,0,1,1,C
3-PA,2122,1,0,0,0,1,A
3-PA,2123,1,0,0,0,1,A
3-PA,2124,0,0,0,1,1,C
3-PA,2125,0,1,0,0,1,T
3-PA,2126,0,0,0,1,1,C
3-PA,2127,0,0,0,1,1,C
3-PA,2128,0,1,0,0,1,T
3-PA,2129,0,1,0,0,1,T
3-PA,2130,0,0,0,1,1,C
3-PA,2131,0,0,0,1,1,C
3-PA,2132,0,1,0,0,1,T
3-PA,2133,0,0,1,0,1,G
3-PA,2134,1,0,0,0,1,A
3-PA,2135,0,0,0,1,1,C
3-PA,2136,1,0,0,0,1,A
3-PA,2137,0,0,0,1,1,C
3-PA,2138,1,0,0,0,1,A
3-PA,2139,0,0,0,1,1,C
3-PA,2140,0,0,1,0,1,G
3-PA,2141,0,0,0,1,1,C
3-PA,2142,1,0,0,0,1,A
3-PA,2143,0,1,0,0,1,T
3-PA,2144,0,1,0,0,1,T
3-PA,2145,1,0,0,0,1,A
3-PA,2146,1,0,0,0,1,A
3-PA,2147,1,0,0,0,1,A
3-PA,2148,1,0,0,0,1,A
3-PA,2149,0,1,0,0,1,T
4-HA,1,24,0,0,0,24,A
4-HA,2,0,25,0,0,25,T
4-HA,3,0,0,26,0,26,G
4-HA,4,26,0,0,0,26,A
4-HA,5,28,0,0,0,28,A
4-HA,6,0,0,31,0,31,G
4-HA,7,30,0,0,0,30,A
4-HA,8,0,0,0,34,34,C
4-HA,9,0,33,0,0,33,T
4-HA,10,34,0,0,0,34,A
4-HA,11,0,36,0,0,36,T
4-HA,12,0,0,0,36,36,C
4-HA,13,37,0,0,0,37,A
4-HA,14,0,37,0,0,37,T
4-HA,15,0,37,0,0,37,T
4-HA,16,0,0,39,0,39,G
4-HA,17,0,0,0,39,39,C
4-HA,18,0,38,0,0,38,T
4-HA,19,0,41,0,0,41,T
4-HA,20,0,41,0,0,41,T
4-HA,21,0,1,47,0,48,G
4-HA,22,47,0,0,0,47,A
4-HA,23,0,0,47,0,47,G
4-HA,24,0,0,0,48,48,C
4-HA,25,0,48,0,0,48,T
4-HA,26,52,0,0,0,52,A
4-HA,27,0,0,0,53,53,C
4-HA,28,55,0,0,0,55,A
4-HA,29,0,59,0,0,59,T
4-HA,30,0,60,0,0,60,T
4-HA,31,0,0,0,61,61,C
4-HA,32,0,61,0,0,61,T
4-HA,33,63,0,0,0,63,A
4-HA,34,0,63,0,0,63,T
4-HA,35,0,0,65,0,65,G
4-HA,36,0,65,0,0,65,T
4-HA,37,0,0,0,65,65,C
4-HA,38,0,64,0,0,64,T
4-HA,39,0,0,64,0,64,G
4-HA,40,0,0,64,0,64,G
4-HA,41,0,65,0,0,65,T
4-HA,42,0,62,0,0,62,T
4-HA,43,0,64,0,1,65,T
4-HA,44,0,65,0,0,65,T
4-HA,45,0,0,0,64,64,C
4-HA,46,0,0,64,0,64,G
4-HA,47,0,0,0,64,64,C
4-HA,48,0,64,0,0,64,T
4-HA,49,0,0,0,65,65,C
4-HA,50,63,0,0,0,63,A
4-HA,51,63,0,0,0,63,A
4-HA,52,64,0,0,0,64,A
4-HA,53,62,0,1,0,63,A
4-HA,54,65,0,0,0,65,A
4-HA,55,0,0,0,66,66,C
4-HA,56,0,66,0,0,66,T
4-HA,57,0,66,0,0,66,T
4-HA,58,0,0,0,66,66,C
4-HA,59,0,0,0,66,66,C
4-HA,60,0,66,0,0,66,T
4-HA,61,0,0,66,0,66,G
4-HA,62,0,0,65,0,65,G
4-HA,63,63,0,1,0,64,A
4-HA,64,66,0,0,0,66,A
4-HA,65,67,0,0,0,67,A
4-HA,66,0,67,0,0,67,T
4-HA,67,0,0,67,0,67,G
4-HA,68,68,0,0,0,68,A
4-HA,69,0,0,0,69,69,C
4-HA,70,69,0,0,0,69,A
4-HA,71,69,0,0,0,69,A
4-HA,72,0,0,0,69,69,C
4-HA,73,68,0,0,0,68,A
4-HA,74,0,0,68,0,68,G
4-HA,75,0,0,0,69,69,C
4-HA,76,68,0,0,0,68,A
4-HA,77,0,0,0,69,69,C
4-HA,78,0,0,67,1,68,G
4-HA,79,0,0,64,0,64,G
4-HA,80,0,0,0,68,68,C
4-HA,81,69,0,0,0,69,A
4-HA,82,67,0,0,0,67,A
4-HA,83,0,0,0,70,70,C
4-HA,84,0,0,72,0,72,G
4-HA,85,0,0,0,72,72,C
4-HA,86,0,70,0,0,70,T
4-HA,87,0,0,71,0,71,G
4-HA,88,0,69,0,0,69,T
4-HA,89,0,0,71,0,71,G
4-HA,90,0,0,0,72,72,C
4-HA,91,1,0,0,70,71,C
4-HA,92,0,71,0,0,71,T
4-HA,93,0,68,0,0,68,T
4-HA,94,0,0,73,0,73,G
4-HA,95,0,0,68,0,68,G
4-HA,96,0,0,71,0,71,G
4-HA,97,0,0,0,72,72,C
4-HA,98,72,0,0,0,72,A
4-HA,99,0,0,0,74,74,C
4-HA,100,0,0,0,74,74,C
4-HA,101,78,0,0,0,78,A
4-HA,102,0,79,0,0,79,T
4-HA,103,0,0,80,0,80,G
4-HA,104,0,0,0,80,80,C
4-HA,105,80,0,0,0,80,A
4-HA,106,0,0,84,0,84,G
4-HA,107,0,84,0,0,84,T
4-HA,108,83,0,0,0,83,A
4-HA,109,0,0,0,84,84,C
4-HA,110,0,0,0,80,80,C
4-HA,111,81,0,0,0,81,A
4-HA,112,80,0,0,0,80,A
4-HA,113,82,0,0,0,82,A
4-HA,114,0,0,0,83,83,C
4-HA,115,0,1,79,0,80,G
4-HA,116,0,0,86,0,86,G
4-HA,117,85,0,0,0,85,A
4-HA,118,85,0,0,0,85,A
4-HA,119,0,0,0,85,85,C
4-HA,120,85,0,0,0,85,A
4-HA,121,85,0,0,0,85,A
4-HA,122,0,84,0,0,84,T
4-HA,123,85,0,0,0,85,A
4-HA,124,0,0,85,0,85,G
4-HA,125,0,81,0,0,81,T
4-HA,126,0,0,83,0,83,G
4-HA,127,83,0,0,0,83,A
4-HA,128,83,0,0,0,83,A
4-HA,129,83,0,0,0,83,A
4-HA,130,82,0,0,0,82,A
4-HA,131,0,0,0,86,86,C
4-HA,132,86,0,0,0,86,A
4-HA,133,87,0,0,0,87,A
4-HA,134,0,87,0,0,87,T
4-HA,135,0,0,0,86,86,C
4-HA,136,87,0,0,0,87,A
4-HA,137,0,0,0,88,88,C
4-HA,138,0,0,88,0,88,G
4-HA,139,85,0,0,0,85,A
4-HA,140,86,0,1,0,87,A
4-HA,141,0,86,0,0,86,T
4-HA,142,0,1,86,0,87,G
4-HA,143,89,0,0,0,89,A
4-HA,144,0,0,0,89,89,C
4-HA,145,0,0,0,89,89,C
4-HA,146,91,0,0,0,91,A
4-HA,147,91,0,0,0,91,A
4-HA,148,92,0,0,0,92,A
4-HA,149,0,92,0,0,92,T
4-HA,150,0,90,0,0,90,T
4-HA,151,0,0,92,0,92,G
4-HA,152,92,0,0,0,92,A
4-HA,153,92,0,0,0,92,A
4-HA,154,0,0,91,0,91,G
4-HA,155,1,90,0,0,91,T
4-HA,156,0,94,0,0,94,T
4-HA,157,95,0,0,0,95,A
4-HA,158,0,0,0,96,96,C
4-HA,159,0,98,0,0,98,T
4-HA,160,96,0,0,0,96,A
4-HA,161,99,0,0,0,99,A
4-HA,162,0,101,0,0,101,T
4-HA,163,0,0,99,0,99,G
4-HA,164,0,0,0,111,111,C
4-HA,165,0,109,0,0,109,T
4-HA,166,108,0,0,0,108,A
4-HA,167,0,0,0,109,109,C
4-HA,168,0,107,0,0,107,T
4-HA,169,0,1,109,0,110,G
4-HA,170,106,0,0,0,106,A
4-HA,171,0,0,108,0,108,G
4-HA,172,0,0,0,107,107,C
4-HA,173,0,107,0,0,107,T
4-HA,174,0,0,112,0,112,G
4-HA,175,0,0,120,0,120,G
4-HA,176,0,120,0,0,120,T
4-HA,177,0,120,0,0,120,T
4-HA,178,0,0,0,120,120,C
4-HA,179,119,0,0,0,119,A
4-HA,180,0,0,121,0,121,G
4-HA,181,120,0,0,0,120,A
4-HA,182,0,0,121,0,121,G
4-HA,183,0,121,0,1,122,T
4-HA,184,0,118,0,0,118,T
4-HA,185,1,0,0,119,120,C
4-HA,186,0,1,0,119,120,C
4-HA,187,0,121,0,0,121,T
4-HA,188,0,0,0,120,120,C
4-HA,189,119,0,0,0,119,A
4-HA,190,121,0,0,0,121,A
4-HA,191,0,0,0,121,121,C
4-HA,192,119,0,0,0,119,A
4-HA,193,0,1,123,0,124,G
4-HA,194,0,0,124,0,124,G
4-HA,195,0,121,0,0,121,T
4-HA,196,0,0,123,0,123,G
4-HA,197,123,0,0,0,123,A
4-HA,198,125,0,0,0,125,A
4-HA,199,131,0,0,0,131,A
4-HA,200,0,131,0,0,131,T
4-HA,201,133,0,0,0,133,A
4-HA,202,0,133,0,0,133,T
4-HA,203,0,0,132,0,132,G
4-HA,204,0,1,0,129,130,C
4-HA,205,0,0,131,0,131,G
4-HA,206,129,0,0,0,129,A
4-HA,207,0,0,0,131,131,C
4-HA,208,129,0,0,0,129,A
4-HA,209,0,0,139,0,139,G
4-HA,210,0,137,0,1,138,T
4-HA,211,0,0,0,136,136,C
4-HA,212,2,0,0,134,136,C
4-HA,213,0,136,0,0,136,T
4-HA,214,0,0,0,143,143,C
4-HA,215,141,0,0,0,141,A
4-HA,216,0,142,0,0,142,T
4-HA,217,0,0,0,143,143,C
4-HA,218,133,0,0,0,133,A
4-HA,219,0,0,134,0,134,G
4-HA,220,133,0,0,0,133,A
4-HA,221,0,134,0,0,134,T
4-HA,222,1,0,0,132,133,C
4-HA,223,0,0,0,132,132,C
4-HA,224,0,133,0,0,133,T
4-HA,225,0,132,0,0,132,T
4-HA,226,0,0,133,0,133,G
4-HA,227,133,0,0,0,133,A
4-HA,228,0,132,0,0,132,T
4-HA,229,0,0,133,0,133,G
4-HA,230,0,0,135,0,135,G
4-HA,231,133,0,0,0,133,A
4-HA,232,0,0,135,0,135,G
4-HA,233,131,0,0,0,131,A
4-HA,234,136,0,0,0,136,A
4-HA,235,137,0,0,0,137,A
4-HA,236,136,0,0,0,136,A
4-HA,237,0,0,0,136,136,C
4-HA,238,0,133,0,0,133,T
4-HA,239,0,0,132,0,132,G
4-HA,240,0,0,0,132,132,C
4-HA,241,131,0,0,0,131,A
4-HA,242,0,0,0,136,136,C
4-HA,243,130,0,1,0,131,A
4-HA,244,0,0,0,146,146,C
4-HA,245,0,145,0,1,146,T
4-HA,246,150,0,0,0,150,A
4-HA,247,150,0,0,0,150,A
4-HA,248,0,146,0,0,146,T
4-HA,249,147,0,1,0,148,A
4-HA,250,0,0,150,0,150,G
4-HA,251,143,0,1,0,144,A
4-HA,252,0,144,0,0,144,T
4-HA,253,0,0,137,0,137,G
4-HA,254,0,0,0,136,136,C
4-HA,255,0,135,1,0,136,T
4-HA,256,0,0,0,144,144,C
4-HA,257,0,146,0,0,146,T
4-HA,258,155,0,0,0,155,A
4-HA,259,0,154,0,0,154,T
4-HA,260,0,156,0,0,156,T
4-HA,261,0,1,159,0,160,G
4-HA,262,0,0,158,0,158,G
4-HA,263,0,1,163,0,164,G
4-HA,264,157,0,0,0,157,A
4-HA,265,0,0,160,0,160,G
4-HA,266,158,0,0,0,158,A
4-HA,267,0,0,0,212,212,C
4-HA,268,0,1,0,218,219,C
4-HA,269,0,0,0,220,220,C
4-HA,270,0,222,0,0,222,T
4-HA,271,0,0,0,231,231,C
4-HA,272,227,0,0,0,227,A
4-HA,273,0,1,260,0,261,G
4-HA,274,0,258,0,0,258,T
4-HA,275,0,0,267,0,267,G
4-HA,276,0,262,0,0,262,T
4-HA,277,0,1,267,0,268,G
4-HA,278,268,0,0,0,268,A
4-HA,279,0,269,0,0,269,T
4-HA,280,0,2,259,0,261,G
4-HA,281,0,0,259,0,259,G
4-HA,282,0,0,0,262,262,C
4-HA,283,0,264,0,1,265,T
4-HA,284,0,264,0,0,264,T
4-HA,285,0,0,0,265,265,C
4-HA,286,1,0,0,262,263,C
4-HA,287,266,0,0,0,266,A
4-HA,288,265,0,0,0,265,A
4-HA,289,265,0,0,0,265,A
4-HA,290,263,0,0,0,263,A
4-HA,291,0,269,0,0,269,T
4-HA,292,267,0,0,0,267,A
4-HA,293,270,0,0,0,270,A
4-HA,294,0,0,270,0,270,G
4-HA,295,268,0,1,0,269,A
4-HA,296,270,0,0,0,270,A
4-HA,297,269,1,0,0,270,A
4-HA,298,0,270,0,0,270,T
4-HA,299,1,0,272,0,273,G
4-HA,300,0,1,273,0,274,G
4-HA,301,0,0,268,0,268,G
4-HA,302,270,0,1,0,271,A
4-HA,303,0,0,0,270,270,C
4-HA,304,1,0,0,274,275,C
4-HA,305,0,289,0,0,289,T
4-HA,306,0,290,0,0,290,T
4-HA,307,0,289,0,0,289,T
4-HA,308,0,293,0,0,293,T
4-HA,309,0,292,0,0,292,T
4-HA,310,0,0,296,0,296,G
4-HA,311,0,293,0,0,293,T
4-HA,312,0,293,0,0,293,T
4-HA,313,4,0,292,0,296,G
4-HA,314,293,0,0,0,293,A
4-HA,315,292,0,1,0,293,A
4-HA,316,0,0,0,296,296,C
4-HA,317,0,0,293,0,293,G
4-HA,318,0,0,0,302,302,C
4-HA,319,299,0,0,0,299,A
4-HA,320,0,1,300,0,301,G
4-HA,321,0,0,0,302,302,C
4-HA,322,305,0,1,0,306,A
4-HA,323,307,0,0,0,307,A
4-HA,324,308,0,0,0,308,A
4-HA,325,0,0,322,0,322,G
4-HA,326,0,0,0,320,320,C
4-HA,327,0,0,0,322,322,C
4-HA,328,0,320,0,1,321,T
4-HA,329,322,0,0,0,322,A
4-HA,330,0,0,0,333,333,C
4-HA,331,334,0,0,0,334,A
4-HA,332,0,0,332,0,332,G
4-HA,333,0,0,0,336,336,C
4-HA,334,324,0,0,0,324,A
4-HA,335,328,0,0,0,328,A
4-HA,336,1,0,0,343,344,C
4-HA,337,0,344,0,0,344,T
4-HA,338,0,1,352,0,353,G
4-HA,339,0,346,0,0,346,T
4-HA,340,0,346,0,0,346,T
4-HA,341,341,0,0,0,341,A
4-HA,342,0,0,0,379,379,C
4-HA,343,0,0,0,381,381,C
4-HA,344,1,0,0,388,389,C
4-HA,345,0,380,0,1,381,T
4-HA,346,0,382,0,0,382,T
4-HA,347,378,0,0,0,378,A
4-HA,348,0,377,0,0,377,T
4-HA,349,0,0,379,0,379,G
4-HA,350,379,0,0,0,379,A
4-HA,351,0,360,0,0,360,T
4-HA,352,0,0,373,0,373,G
4-HA,353,0,362,0,0,362,T
4-HA,354,0,0,366,0,366,G
4-HA,355,0,0,0,361,361,C
4-HA,356,2,0,0,361,363,C
4-HA,357,0,3,372,0,375,G
4-HA,358,1,0,385,0,386,G
4-HA,359,384,0,1,0,385,A
4-HA,360,0,387,0,1,388,T
4-HA,361,0,382,0,0,382,T
4-HA,362,388,0,0,0,388,A
4-HA,363,0,385,0,0,385,T
4-HA,364,1,0,385,0,386,G
4-HA,365,0,0,0,385,385,C
4-HA,366,0,0,0,384,384,C
4-HA,367,0,386,0,0,386,T
4-HA,368,0,0,0,413,413,C
4-HA,369,2,0,0,416,418,C
4-HA,370,1,0,0,416,417,C
4-HA,371,0,416,0,0,416,T
4-HA,372,0,413,0,1,414,T
4-HA,373,414,0,0,0,414,A
4-HA,374,0,1,434,0,435,G
4-HA,375,2,1,428,0,431,G
4-HA,376,0,429,0,0,429,T
4-HA,377,1,0,0,426,427,C
4-HA,378,424,0,0,0,424,A
4-HA,379,0,1,0,434,435,C
4-HA,380,0,437,0,1,438,T
4-HA,381,438,0,0,0,438,A
4-HA,382,1,0,433,0,434,G
4-HA,383,0,430,0,0,430,T
4-HA,384,0,430,0,0,430,T
4-HA,385,0,0,435,0,435,G
4-HA,386,0,0,0,439,439,C
4-HA,387,0,0,0,440,440,C
4-HA,388,0,435,0,1,436,T
4-HA,389,0,0,0,443,443,C
4-HA,390,471,0,0,0,471,A
4-HA,391,0,469,0,0,469,T
4-HA,392,0,0,0,473,473,C
4-HA,393,1,1,0,472,474,C
4-HA,394,0,4,465,0,469,G
4-HA,395,0,0,470,0,470,G
4-HA,396,0,0,0,472,472,C
4-HA,397,474,0,0,0,474,A
4-HA,398,0,0,0,488,488,C
4-HA,399,470,1,0,0,471,A
4-HA,400,0,0,0,479,479,C
4-HA,401,0,475,0,2,477,T
4-HA,402,0,1,479,0,480,G
4-HA,403,0,1,485,0,486,G
4-HA,404,480,0,0,0,480,A
4-HA,405,0,0,496,0,496,G
4-HA,406,0,494,0,0,494,T
4-HA,407,1,492,0,0,493,T
4-HA,408,0,490,0,1,491,T
4-HA,409,493,0,0,0,493,A
4-HA,410,491,0,0,0,491,A
4-HA,411,0,0,0,502,502,C
4-HA,412,488,0,0,0,488,A
4-HA,413,486,0,1,0,487,A
4-HA,414,0,493,0,0,493,T
4-HA,415,0,1,486,0,487,G
4-HA,416,490,0,0,0,490,A
4-HA,417,489,0,0,0,489,A
4-HA,418,488,1,2,0,491,A
4-HA,419,0,0,495,0,495,G
4-HA,420,0,0,0,500,500,C
4-HA,421,0,501,0,1,502,T
4-HA,422,0,504,0,0,504,T
4-HA,423,3,0,0,504,507,C
4-HA,424,504,0,0,0,504,A
4-HA,425,503,0,0,0,503,A
4-HA,426,0,507,0,1,508,T
4-HA,427,0,505,0,0,505,T
4-HA,428,1,0,518,0,519,G
4-HA,429,0,1,526,0,527,G
4-HA,430,519,0,1,0,520,A
4-HA,431,1,0,0,526,527,C
4-HA,432,0,522,0,0,522,T
4-HA,433,0,2,523,0,525,G
4-HA,434,1,2,524,0,527,G
4-HA,435,517,0,1,0,518,A
4-HA,436,0,0,528,0,528,G
4-HA,437,0,512,0,1,513,T
4-HA,438,3,0,0,507,510,C
4-HA,439,513,0,0,0,513,A
4-HA,440,0,0,0,528,528,C
4-HA,441,0,523,0,0,523,T
4-HA,442,3,0,0,519,522,C
4-HA,443,519,0,0,0,519,A
4-HA,444,522,0,1,0,523,A
4-HA,445,523,0,0,0,523,A
4-HA,446,519,0,1,0,520,A
4-HA,447,0,513,0,0,513,T
4-HA,448,0,1,514,0,515,G
4-HA,449,0,2,512,0,514,G
4-HA,450,511,0,3,0,514,A
4-HA,451,518,0,0,0,518,A
4-HA,452,0,0,0,524,524,C
4-HA,453,518,0,0,0,518,A
4-HA,454,520,0,0,0,520,A
4-HA,455,0,0,523,0,523,G
4-HA,456,0,0,0,526,526,C
4-HA,457,0,523,0,1,524,T
4-HA,458,2,0,0,530,532,C
4-HA,459,0,536,0,0,536,T
4-HA,460,0,0,541,0,541,G
4-HA,461,1,0,0,539,540,C
4-HA,462,0,540,0,1,541,T
4-HA,463,0,552,0,0,552,T
4-HA,464,0,0,557,0,557,G
4-HA,465,0,0,0,564,564,C
4-HA,466,559,0,0,0,559,A
4-HA,467,0,555,0,1,556,T
4-HA,468,558,0,0,0,558,A
4-HA,469,548,0,0,0,548,A
4-HA,470,0,1,547,0,548,G
4-HA,471,0,1,548,0,549,G
4-HA,472,540,0,0,0,540,A
4-HA,473,0,2,533,0,535,G
4-HA,474,532,0,0,0,532,A
4-HA,475,0,556,0,0,556,T
4-HA,476,0,0,0,558,558,C
4-HA,477,0,563,0,0,563,T
4-HA,478,567,0,0,0,567,A
4-HA,479,564,0,1,0,565,A
4-HA,480,0,566,0,0,566,T
4-HA,481,565,1,0,0,566,A
4-HA,482,561,0,1,0,562,A
4-HA,483,1,0,0,564,565,C
4-HA,484,555,0,0,0,555,A
4-HA,485,0,0,556,0,556,G
4-HA,486,0,544,0,1,545,T
4-HA,487,0,565,0,1,566,T
4-HA,488,0,565,0,0,565,T
4-HA,489,1,0,0,573,574,C
4-HA,490,0,574,0,0,574,T
4-HA,491,0,569,0,0,569,T
4-HA,492,0,572,0,0,572,T
4-HA,493,569,0,1,0,570,A
4-HA,494,0,1,565,0,566,G
4-HA,495,0,562,0,0,562,T
4-HA,496,549,0,0,0,549,A
4-HA,497,0,1,556,0,557,G
4-HA,498,548,0,0,0,548,A
4-HA,499,0,544,0,1,545,T
4-HA,500,0,548,0,0,548,T
4-HA,501,544,0,0,0,544,A
4-HA,502,557,0,0,0,557,A
4-HA,503,554,0,0,0,554,A
4-HA,504,0,553,0,0,553,T
4-HA,505,0,552,0,0,552,T
4-HA,506,0,0,559,0,559,G
4-HA,507,0,1,559,0,560,G
4-HA,508,0,561,0,1,562,T
4-HA,509,0,562,0,0,562,T
4-HA,510,0,0,554,0,554,G
4-HA,511,553,0,0,0,553,A
4-HA,512,1,0,0,551,552,C
4-HA,513,1,0,0,555,556,C
4-HA,514,2,0,0,553,555,C
4-HA,515,552,0,2,0,554,A
4-HA,516,0,0,0,559,559,C
4-HA,517,0,563,0,1,564,T
4-HA,518,0,562,0,0,562,T
4-HA,519,557,0,0,0,557,A
4-HA,520,558,0,0,0,558,A
4-HA,521,557,0,0,0,557,A
4-HA,522,564,0,0,0,564,A
4-HA,523,0,565,0,1,566,T
4-HA,524,0,570,0,0,570,T
4-HA,525,2,0,0,570,572,C
4-HA,526,572,0,0,0,572,A
4-HA,527,571,0,0,0,571,A
4-HA,528,569,0,0,1,570,A
4-HA,529,0,564,0,2,566,T
4-HA,530,584,0,0,0,584,A
4-HA,531,1,1,0,580,582,C
4-HA,532,2,0,0,573,575,C
4-HA,533,0,0,0,575,575,C
4-HA,534,578,0,0,0,578,A
4-HA,535,0,0,602,0,602,G
4-HA,536,0,0,0,605,605,C
4-HA,537,606,0,0,0,606,A
4-HA,538,0,599,0,1,600,T
4-HA,539,0,591,0,0,591,T
4-HA,540,0,0,612,0,612,G
4-HA,541,610,0,1,0,611,A
4-HA,542,615,0,0,0,615,A
4-HA,543,2,1,0,611,614,C
4-HA,544,1,1,597,0,599,G
4-HA,545,0,600,0,0,600,T
4-HA,546,0,1,602,0,603,G
4-HA,547,602,0,0,0,602,A
4-HA,548,0,0,0,603,603,C
4-HA,549,0,581,0,0,581,T
4-HA,550,593,0,0,0,593,A
4-HA,551,0,590,0,1,591,T
4-HA,552,0,0,594,0,594,G
4-HA,553,0,0,0,586,586,C
4-HA,554,1,0,0,583,584,C
4-HA,555,584,0,0,0,584,A
4-HA,556,583,0,0,0,583,A
4-HA,557,592,0,0,0,592,A
4-HA,558,0,0,0,594,594,C
4-HA,559,578,0,0,0,578,A
4-HA,560,577,0,1,0,578,A
4-HA,561,0,568,0,0,568,T
4-HA,562,0,1,573,0,574,G
4-HA,563,569,0,0,0,569,A
4-HA,564,572,0,1,0,573,A
4-HA,565,2,0,0,555,557,C
4-HA,566,561,0,0,0,561,A
4-HA,567,570,0,0,0,570,A
4-HA,568,0,564,0,0,564,T
4-HA,569,0,571,0,0,571,T
4-HA,570,0,571,0,3,574,T
4-HA,571,0,1,571,0,572,G
4-HA,572,565,0,1,0,566,A
4-HA,573,0,0,0,575,575,C
4-HA,574,573,0,0,0,573,A
4-HA,575,573,0,0,0,573,A
4-HA,576,578,0,0,0,578,A
4-HA,577,0,585,0,1,586,T
4-HA,578,0,582,0,0,582,T
4-HA,579,0,2,585,0,587,G
4-HA,580,1,580,0,0,581,T
4-HA,581,582,0,1,0,583,A
4-HA,582,17,0,0,579,596,C
4-HA,583,612,0,0,0,612,A
4-HA,584,0,619,0,0,619,T
4-HA,585,0,607,0,0,607,T
4-HA,586,0,603,0,0,603,T
4-HA,587,0,0,597,0,597,G
4-HA,588,0,3,592,0,595,G
4-HA,589,0,5,590,0,595,G
4-HA,590,0,4,593,0,597,G
4-HA,591,0,0,594,0,594,G
4-HA,592,0,0,611,0,611,G
4-HA,593,0,601,0,0,601,T
4-HA,594,0,601,0,0,601,T
4-HA,595,0,0,0,596,596,C
4-HA,596,594,0,1,0,595,A
4-HA,597,0,0,0,605,605,C
4-HA,598,0,0,0,604,604,C
4-HA,599,601,0,1,1,603,A
4-HA,600,0,0,0,615,615,C
4-HA,601,1,1,0,609,611,C
4-HA,602,1,0,0,599,600,C
4-HA,603,0,0,605,0,605,G
4-HA,604,0,1,628,0,629,G
4-HA,605,3,0,629,0,632,G
4-HA,606,0,620,0,0,620,T
4-HA,607,631,0,0,0,631,A
4-HA,608,1,0,0,627,628,C
4-HA,609,0,1,619,0,620,G
4-HA,610,0,1,630,0,631,G
4-HA,611,630,0,0,0,630,A
4-HA,612,0,1,0,629,630,C
4-HA,613,599,0,0,0,599,A
4-HA,614,599,0,1,0,600,A
4-HA,615,0,598,0,0,598,T
4-HA,616,1,2,610,0,613,G
4-HA,617,616,0,0,0,616,A
4-HA,618,0,0,0,616,616,C
4-HA,619,3,0,0,610,613,C
4-HA,620,611,0,1,0,612,A
4-HA,621,612,0,0,0,612,A
4-HA,622,621,0,0,0,621,A
4-HA,623,0,612,0,1,613,T
4-HA,624,0,0,0,623,623,C
4-HA,625,0,614,0,0,614,T
4-HA,626,0,610,0,0,610,T
4-HA,627,1,0,0,623,624,C
4-HA,628,0,0,0,631,631,C
4-HA,629,0,626,0,0,626,T
4-HA,630,0,0,636,0,636,G
4-HA,631,0,628,0,0,628,T
4-HA,632,635,0,0,0,635,A
4-HA,633,0,624,0,0,624,T
4-HA,634,1,0,641,0,642,G
4-HA,635,0,0,0,642,642,C
4-HA,636,0,636,0,1,637,T
4-HA,637,1,3,0,636,640,C
4-HA,638,641,0,3,0,644,A
4-HA,639,635,0,3,0,638,A
4-HA,640,0,0,639,0,639,G
4-HA,641,1,1,0,640,642,C
4-HA,642,646,0,0,0,646,A
4-HA,643,1,634,0,0,635,T
4-HA,644,0,1,0,635,636,C
4-HA,645,635,0,0,0,635,A
4-HA,646,0,4,633,0,637,G
4-HA,647,0,1,631,0,632,G
4-HA,648,634,0,0,0,634,A
4-HA,649,632,0,0,0,632,A
4-HA,650,0,3,647,0,650,G
4-HA,651,650,0,0,0,650,A
4-HA,652,661,0,0,0,661,A
4-HA,653,0,662,0,3,665,T
4-HA,654,3,0,0,665,668,C
4-HA,655,664,0,0,0,664,A
4-HA,656,0,0,0,667,667,C
4-HA,657,662,0,0,0,662,A
4-HA,658,1,1,674,0,676,G
4-HA,659,0,660,1,0,661,T
4-HA,660,1,0,0,670,671,C
4-HA,661,0,662,0,0,662,T
4-HA,662,0,0,0,677,677,C
4-HA,663,0,674,0,2,676,T
4-HA,664,690,0,0,0,690,A
4-HA,665,0,0,0,689,689,C
4-HA,666,2,1,0,689,692,C
4-HA,667,676,0,0,0,676,A
4-HA,668,672,0,0,1,673,A
4-HA,669,672,0,0,0,672,A
4-HA,670,676,0,0,0,676,A
4-HA,671,0,0,676,0,676,G
4-HA,672,662,0,0,0,662,A
4-HA,673,659,0,1,0,660,A
4-HA,674,0,0,662,0,662,G
4-HA,675,0,0,0,662,662,C
4-HA,676,0,0,0,672,672,C
4-HA,677,672,0,0,0,672,A
4-HA,678,674,1,0,0,675,A
4-HA,679,0,0,0,675,675,C
4-HA,680,677,0,0,0,677,A
4-HA,681,671,0,1,1,673,A
4-HA,682,671,0,0,1,672,A
4-HA,683,0,0,0,690,690,C
4-HA,684,0,690,2,1,693,T
4-HA,685,0,0,697,0,697,G
4-HA,686,0,697,0,0,697,T
4-HA,687,699,0,0,0,699,A
4-HA,688,692,0,1,0,693,A
4-HA,689,0,683,0,0,683,T
4-HA,690,1,0,0,704,705,C
4-HA,691,1,0,0,700,701,C
4-HA,692,1,0,0,692,693,C
4-HA,693,0,1,698,0,699,G
4-HA,694,691,0,0,0,691,A
4-HA,695,696,0,0,0,696,A
4-HA,696,0,693,0,0,693,T
4-HA,697,701,0,0,0,701,A
4-HA,698,0,691,0,0,691,T
4-HA,699,2,0,0,694,696,C
4-HA,700,0,1,697,0,698,G
4-HA,701,0,2,718,0,720,G
4-HA,702,713,0,0,0,713,A
4-HA,703,0,727,0,0,727,T
4-HA,704,2,1,0,721,724,C
4-HA,705,0,724,0,0,724,T
4-HA,706,727,0,0,0,727,A
4-HA,707,0,2,726,0,728,G
4-HA,708,731,0,0,0,731,A
4-HA,709,0,0,0,728,728,C
4-HA,710,2,0,0,702,704,C
4-HA,711,1,0,0,709,710,C
4-HA,712,704,0,0,0,704,A
4-HA,713,0,0,746,0,746,G
4-HA,714,738,0,0,0,738,A
4-HA,715,0,0,756,0,756,G
4-HA,716,0,755,0,0,755,T
4-HA,717,744,0,0,0,744,A
4-HA,718,744,0,0,1,745,A
4-HA,719,0,0,757,1,758,G
4-HA,720,0,4,757,0,761,G
4-HA,721,752,0,0,0,752,A
4-HA,722,709,0,0,0,709,A
4-HA,723,0,706,0,0,706,T
4-HA,724,705,0,0,0,705,A
4-HA,725,0,703,0,0,703,T
4-HA,726,2,0,0,708,710,C
4-HA,727,0,0,0,699,699,C
4-HA,728,2,0,0,698,700,C
4-HA,729,0,699,0,0,699,T
4-HA,730,700,0,0,0,700,A
4-HA,731,0,0,698,0,698,G
4-HA,732,0,1,0,703,704,C
4-HA,733,687,0,0,0,687,A
4-HA,734,0,3,707,0,710,G
4-HA,735,705,0,0,0,705,A
4-HA,736,702,0,1,0,703,A
4-HA,737,0,705,0,0,705,T
4-HA,738,710,0,0,0,710,A
4-HA,739,707,0,0,0,707,A
4-HA,740,0,0,705,0,705,G
4-HA,741,0,0,0,708,708,C
4-HA,742,707,0,0,0,707,A
4-HA,743,0,691,0,0,691,T
4-HA,744,1,0,0,727,728,C
4-HA,745,0,729,0,0,729,T
4-HA,746,737,2,0,0,739,A
4-HA,747,0,736,0,0,736,T
4-HA,748,0,738,0,0,738,T
4-HA,749,0,0,742,0,742,G
4-HA,750,0,1,727,0,728,G
4-HA,751,740,0,0,0,740,A
4-HA,752,0,0,0,728,728,C
4-HA,753,659,0,0,0,659,A
4-HA,754,664,0,0,0,664,A
4-HA,755,0,686,1,1,688,T
4-HA,756,688,0,0,0,688,A
4-HA,757,1,1,689,0,691,G
4-HA,758,0,681,0,0,681,T
4-HA,759,687,0,0,0,687,A
4-HA,760,689,0,1,0,690,A
4-HA,761,701,0,0,0,701,A
4-HA,762,697,0,2,0,699,A
4-HA,763,0,1,0,705,706,C
4-HA,764,0,0,0,656,656,C
4-HA,765,1,3,655,0,659,G
4-HA,766,0,0,664,0,664,G
4-HA,767,0,2,675,0,677,G
4-HA,768,677,0,1,0,678,A
4-HA,769,0,0,684,1,685,G
4-HA,770,696,0,3,0,699,A
4-HA,771,1,0,0,699,700,C
4-HA,772,696,0,0,0,696,A
4-HA,773,0,699,0,0,699,T
4-HA,774,696,0,0,0,696,A
4-HA,775,1,1,0,713,715,C
4-HA,776,0,708,0,0,708,T
4-HA,777,1,712,0,0,713,T
4-HA,778,0,724,0,0,724,T
4-HA,779,0,725,0,0,725,T
4-HA,780,0,1,736,0,737,G
4-HA,781,747,0,0,0,747,A
4-HA,782,0,740,0,0,740,T
4-HA,783,0,777,0,0,777,T
4-HA,784,774,0,0,0,774,A
4-HA,785,780,0,1,0,781,A
4-HA,786,0,1,0,788,789,C
4-HA,787,785,0,0,0,785,A
4-HA,788,0,0,844,0,844,G
4-HA,789,0,1,0,830,831,C
4-HA,790,832,0,1,0,833,A
4-HA,791,0,1,0,844,845,C
4-HA,792,830,0,1,0,831,A
4-HA,793,0,2,836,0,838,G
4-HA,794,0,1,836,0,837,G
4-HA,795,0,3,862,0,865,G
4-HA,796,858,0,1,0,859,A
4-HA,797,860,0,0,0,860,A
4-HA,798,0,864,0,1,865,T
4-HA,799,1,0,0,865,866,C
4-HA,800,0,881,0,0,881,T
4-HA,801,887,0,0,0,887,A
4-HA,802,883,0,0,0,883,A
4-HA,803,0,883,0,0,883,T
4-HA,804,0,858,0,1,859,T
4-HA,805,1,0,861,0,862,G
4-HA,806,2,0,7,885,894,C
4-HA,807,0,931,0,0,931,T
4-HA,808,2,0,0,963,965,C
4-HA,809,1,0,0,970,971,C
4-HA,810,0,975,0,0,975,T
4-HA,811,968,0,0,0,968,A
4-HA,812,1,3,976,0,980,G
4-HA,813,0,3,991,0,994,G
4-HA,814,0,3,987,0,990,G
4-HA,815,0,1,986,0,987,G
4-HA,816,0,958,0,0,958,T
4-HA,817,0,949,0,1,950,T
4-HA,818,950,0,0,0,950,A
4-HA,819,0,0,0,964,964,C
4-HA,820,0,964,0,1,965,T
4-HA,821,0,977,0,0,977,T
4-HA,822,2,0,0,967,969,C
4-HA,823,966,0,0,0,966,A
4-HA,824,975,0,0,0,975,A
4-HA,825,979,0,0,1,980,A
4-HA,826,985,0,0,0,985,A
4-HA,827,0,988,0,0,988,T
4-HA,828,981,0,0,0,981,A
4-HA,829,0,0,0,977,977,C
4-HA,830,1,4,979,0,984,G
4-HA,831,982,0,0,0,982,A
4-HA,832,981,0,1,0,982,A
4-HA,833,7,0,997,0,1004,G
4-HA,834,0,998,0,0,998,T
4-HA,835,0,2,1007,0,1009,G
4-HA,836,0,2,1002,0,1004,G
4-HA,837,0,2,1010,1,1013,G
4-HA,838,1015,0,1,0,1016,A
4-HA,839,1017,0,0,0,1017,A
4-HA,840,1020,0,0,0,1020,A
4-HA,841,1005,0,11,0,1016,A
4-HA,842,0,0,1035,0,1035,G
4-HA,843,0,0,0,1030,1030,C
4-HA,844,0,1026,0,0,1026,T
4-HA,845,3,0,0,1029,1032,C
4-HA,846,1035,0,0,0,1035,A
4-HA,847,1047,0,0,0,1047,A
4-HA,848,0,1046,0,0,1046,T
4-HA,849,1061,0,1,0,1062,A
4-HA,850,1053,0,0,0,1053,A
4-HA,851,0,1036,0,0,1036,T
4-HA,852,0,3,1041,0,1044,G
4-HA,853,1041,0,0,0,1041,A
4-HA,854,0,0,1077,0,1077,G
4-HA,855,1074,0,0,0,1074,A
4-HA,856,0,1062,0,0,1062,T
4-HA,857,1,1,0,1085,1087,C
4-HA,858,1084,0,0,0,1084,A
4-HA,859,0,2,1104,0,1106,G
4-HA,860,1105,0,0,0,1105,A
4-HA,861,0,1105,2,0,1107,T
4-HA,862,1,0,1104,0,1105,G
4-HA,863,0,1,0,1088,1089,C
4-HA,864,1090,1,0,0,1091,A
4-HA,865,0,0,0,1115,1115,C
4-HA,866,2,0,0,1089,1091,C
4-HA,867,0,0,0,1095,1095,C
4-HA,868,1081,0,0,0,1081,A
4-HA,869,0,1076,0,1,1077,T
4-HA,870,0,1079,0,2,1081,T
4-HA,871,0,0,1090,0,1090,G
4-HA,872,0,1,1091,0,1092,G
4-HA,873,1,0,0,1095,1096,C
4-HA,874,1080,0,0,0,1080,A
4-HA,875,1070,0,1,0,1071,A
4-HA,876,1097,1,0,0,1098,A
4-HA,877,0,1100,0,0,1100,T
4-HA,878,0,1,1097,0,1098,G
4-HA,879,0,0,0,1097,1097,C
4-HA,880,1090,0,0,0,1090,A
4-HA,881,1123,0,0,0,1123,A
4-HA,882,0,1118,0,3,1121,T
4-HA,883,0,1126,0,0,1126,T
4-HA,884,3,0,0,1130,1133,C
4-HA,885,0,1106,0,3,1109,T
4-HA,886,0,3,1120,0,1123,G
4-HA,887,1123,0,0,0,1123,A
4-HA,888,1128,0,0,0,1128,A
4-HA,889,0,1129,0,0,1129,T
4-HA,890,1,0,1108,0,1109,G
4-HA,891,0,0,0,1119,1119,C
4-HA,892,1117,0,0,0,1117,A
4-HA,893,3,1111,0,0,1114,T
4-HA,894,1,0,0,1110,1111,C
4-HA,895,1113,0,2,0,1115,A
4-HA,896,1,0,0,1171,1172,C
4-HA,897,1,1161,0,4,1166,T
4-HA,898,5,0,0,1175,1180,C
4-HA,899,2,0,0,1173,1175,C
4-HA,900,1193,0,0,0,1193,A
4-HA,901,1191,0,0,0,1191,A
4-HA,902,1189,0,0,0,1189,A
4-HA,903,0,1150,0,0,1150,T
4-HA,904,0,3,1151,0,1154,G
4-HA,905,0,2,1147,0,1149,G
4-HA,906,1156,0,0,0,1156,A
4-HA,907,1155,0,3,1,1159,A
4-HA,908,1,0,1159,0,1160,G
4-HA,909,0,0,0,1147,1147,C
4-HA,910,1156,0,0,0,1156,A
4-HA,911,0,1163,0,0,1163,T
4-HA,912,0,1152,1,0,1153,T
4-HA,913,1,0,0,1187,1188,C
4-HA,914,0,0,0,1185,1185,C
4-HA,915,0,0,0,1194,1194,C
4-HA,916,1196,0,1,0,1197,A
4-HA,917,1217,0,1,2,1220,A
4-HA,918,0,1236,0,1,1237,T
4-HA,919,0,3,1232,0,1235,G
4-HA,920,1220,0,0,0,1220,A
4-HA,921,1,0,0,1235,1236,C
4-HA,922,1201,0,1,0,1202,A
4-HA,923,1201,0,1,0,1202,A
4-HA,924,1194,0,0,0,1194,A
4-HA,925,0,0,0,1207,1207,C
4-HA,926,3,1,0,1180,1184,C
4-HA,927,1164,0,1,0,1165,A
4-HA,928,0,1156,0,2,1158,T
4-HA,929,0,1157,0,0,1157,T
4-HA,930,1,0,0,1164,1165,C
4-HA,931,3,0,0,1164,1167,C
4-HA,932,1173,0,0,0,1173,A
4-HA,933,1173,0,0,0,1173,A
4-HA,934,1172,0,0,0,1172,A
4-HA,935,1218,0,0,0,1218,A
4-HA,936,0,1203,0,2,1205,T
4-HA,937,0,0,1214,0,1214,G
4-HA,938,0,1205,0,0,1205,T
4-HA,939,1062,0,159,0,1221,A
4-HA,940,1221,0,0,0,1221,A
4-HA,941,1211,1,0,0,1212,A
4-HA,942,0,0,0,1223,1223,C
4-HA,943,1204,0,1,0,1205,A
4-HA,944,0,1,1207,0,1208,G
4-HA,945,0,1,1200,0,1201,G
4-HA,946,1221,0,0,0,1221,A
4-HA,947,0,1207,0,0,1207,T
4-HA,948,3,0,0,1237,1240,C
4-HA,949,1238,0,1,0,1239,A
4-HA,950,2,0,0,1281,1283,C
4-HA,951,1281,0,0,0,1281,A
4-HA,952,0,1326,0,0,1326,T
4-HA,953,1288,0,0,0,1288,A
4-HA,954,0,0,0,1289,1289,C
4-HA,955,4,6,1235,0,1245,G
4-HA,956,0,1,1230,0,1231,G
4-HA,957,0,2,1218,0,1220,G
4-HA,958,1,0,1236,0,1237,G
4-HA,959,0,1,0,1219,1220,C
4-HA,960,0,0,0,1230,1230,C
4-HA,961,0,1194,0,2,1196,T
4-HA,962,0,0,1312,0,1312,G
4-HA,963,0,1300,0,1,1301,T
4-HA,964,3,0,0,1312,1315,C
4-HA,965,6,0,0,1312,1318,C
4-HA,966,1,0,0,1326,1327,C
4-HA,967,1319,0,1,0,1320,A
4-HA,968,0,2,1330,0,1332,G
4-HA,969,1329,0,0,0,1329,A
4-HA,970,0,1318,0,0,1318,T
4-HA,971,1246,0,0,0,1246,A
4-HA,972,1,1218,0,0,1219,T
4-HA,973,0,0,1228,0,1228,G
4-HA,974,0,1226,0,0,1226,T
4-HA,975,0,1213,0,0,1213,T
4-HA,976,1221,0,0,0,1221,A
4-HA,977,1206,0,2,0,1208,A
4-HA,978,0,1,1217,0,1218,G
4-HA,979,0,1,0,1219,1220,C
4-HA,980,1208,0,0,0,1208,A
4-HA,981,1211,1,0,0,1212,A
4-HA,982,1182,0,0,0,1182,A
4-HA,983,1185,0,1,1,1187,A
4-HA,984,0,1,0,1187,1188,C
4-HA,985,1183,0,0,0,1183,A
4-HA,986,0,0,0,1195,1195,C
4-HA,987,0,1172,0,0,1172,T
4-HA,988,5,0,1,1173,1179,C
4-HA,989,0,1181,0,1,1182,T
4-HA,990,1,4,1183,0,1188,G
4-HA,991,1183,0,0,0,1183,A
4-HA,992,1181,0,0,0,1181,A
4-HA,993,1179,0,1,0,1180,A
4-HA,994,0,1176,0,2,1178,T
4-HA,995,0,1170,0,0,1170,T
4-HA,996,2,3,1171,0,1176,G
4-HA,997,0,1,1166,0,1167,G
4-HA,998,0,0,0,1181,1181,C
4-HA,999,1173,0,0,0,1173,A
4-HA,1000,1170,0,0,0,1170,A
4-HA,1001,0,0,0,1173,1173,C
4-HA,1002,1175,0,0,0,1175,A
4-HA,1003,1,0,1171,0,1172,G
4-HA,1004,0,0,1170,0,1170,G
4-HA,1005,0,1,1175,0,1176,G
4-HA,1006,1178,0,2,0,1180,A
4-HA,1007,0,1173,0,0,1173,T
4-HA,1008,0,0,1175,0,1175,G
4-HA,1009,0,0,0,1175,1175,C
4-HA,1010,0,4,1175,0,1179,G
4-HA,1011,1178,0,0,0,1178,A
4-HA,1012,1165,0,0,0,1165,A
4-HA,1013,1178,0,0,0,1178,A
4-HA,1014,0,1165,0,0,1165,T
4-HA,1015,0,0,1189,0,1189,G
4-HA,1016,0,1177,0,1,1178,T
4-HA,1017,1172,0,0,0,1172,A
4-HA,1018,0,0,0,1176,1176,C
4-HA,1019,2,0,0,1173,1175,C
4-HA,1020,1156,0,0,0,1156,A
4-HA,1021,0,2,1152,0,1154,G
4-HA,1022,1101,0,0,0,1101,A
4-HA,1023,0,0,1111,0,1111,G
4-HA,1024,1087,0,0,0,1087,A
4-HA,1025,1088,0,0,0,1088,A
4-HA,1026,1089,0,1,0,1090,A
4-HA,1027,0,0,0,1094,1094,C
4-HA,1028,1064,0,0,0,1064,A
4-HA,1029,1088,0,0,0,1088,A
4-HA,1030,1072,0,2,0,1074,A
4-HA,1031,1,0,0,1093,1094,C
4-HA,1032,0,1085,0,0,1085,T
4-HA,1033,1089,0,0,0,1089,A
4-HA,1034,0,1,1086,0,1087,G
4-HA,1035,1075,0,0,0,1075,A
4-HA,1036,0,4,1099,0,1103,G
4-HA,1037,1,0,1096,0,1097,G
4-HA,1038,0,0,1,1073,1074,C
4-HA,1039,1073,0,1,0,1074,A
4-HA,1040,0,1082,0,0,1082,T
4-HA,1041,1092,0,0,0,1092,A
4-HA,1042,0,1095,0,0,1095,T
4-HA,1043,0,1083,0,0,1083,T
4-HA,1044,0,1088,0,0,1088,T
4-HA,1045,0,2,1042,0,1044,G
4-HA,1046,1,0,1035,0,1036,G
4-HA,1047,0,3,0,1033,1036,C
4-HA,1048,1,0,1046,0,1047,G
4-HA,1049,1,0,0,1026,1027,C
4-HA,1050,1022,0,0,0,1022,A
4-HA,1051,1040,0,1,0,1041,A
4-HA,1052,0,1033,0,0,1033,T
4-HA,1053,1,0,0,1031,1032,C
4-HA,1054,1,0,1029,0,1030,G
4-HA,1055,1,0,0,1022,1023,C
4-HA,1056,0,1,1030,0,1031,G
4-HA,1057,0,1,1031,0,1032,G
4-HA,1058,1,0,1045,0,1046,G
4-HA,1059,0,1047,0,0,1047,T
4-HA,1060,0,1031,0,0,1031,T
4-HA,1061,0,1037,0,0,1037,T
4-HA,1062,3,0,0,1039,1042,C
4-HA,1063,1041,0,1,0,1042,A
4-HA,1064,0,1045,0,0,1045,T
4-HA,1065,1040,0,0,0,1040,A
4-HA,1066,0,1,1062,0,1063,G
4-HA,1067,1031,0,0,0,1031,A
4-HA,1068,1045,0,0,0,1045,A
4-HA,1069,1043,0,0,0,1043,A
4-HA,1070,1039,0,2,0,1041,A
4-HA,1071,1,1034,0,0,1035,T
4-HA,1072,0,3,1055,0,1058,G
4-HA,1073,0,0,1055,0,1055,G
4-HA,1074,0,1045,1,0,1046,T
4-HA,1075,0,1038,0,0,1038,T
4-HA,1076,1,0,1044,0,1045,G
4-HA,1077,0,0,1061,0,1061,G
4-HA,1078,0,2,1063,0,1065,G
4-HA,1079,1050,0,1,0,1051,A
4-HA,1080,0,3,1052,0,1055,G
4-HA,1081,0,2,1032,0,1034,G
4-HA,1082,0,0,1056,0,1056,G
4-HA,1083,1050,0,0,0,1050,A
4-HA,1084,1060,0,0,0,1060,A
4-HA,1085,0,1059,0,0,1059,T
4-HA,1086,1,2,1054,0,1057,G
4-HA,1087,0,1,1078,0,1079,G
4-HA,1088,0,1063,0,0,1063,T
4-HA,1089,0,4,1070,0,1074,G
4-HA,1090,0,1,1066,0,1067,G
4-HA,1091,1045,0,1,0,1046,A
4-HA,1092,0,1044,0,0,1044,T
4-HA,1093,0,2,1073,0,1075,G
4-HA,1094,0,0,1072,0,1072,G
4-HA,1095,0,1069,0,0,1069,T
4-HA,1096,1,1024,0,1,1026,T
4-HA,1097,2,5,1028,0,1035,G
4-HA,1098,1,2,1050,0,1053,G
4-HA,1099,0,1036,0,0,1036,T
4-HA,1100,1049,0,0,0,1049,A
4-HA,1101,0,0,0,1003,1003,C
4-HA,1102,0,1,1004,0,1005,G
4-HA,1103,0,1,1037,0,1038,G
4-HA,1104,1,1032,0,3,1036,T
4-HA,1105,0,1031,0,2,1033,T
4-HA,1106,0,1030,0,0,1030,T
4-HA,1107,1,0,0,1018,1019,C
4-HA,1108,1014,0,3,0,1017,A
4-HA,1109,3,2,1010,0,1015,G
4-HA,1110,0,0,1011,0,1011,G
4-HA,1111,0,1,0,1006,1007,C
4-HA,1112,978,0,0,0,978,A
4-HA,1113,0,983,0,0,983,T
4-HA,1114,3,0,0,986,989,C
4-HA,1115,993,0,0,0,993,A
4-HA,1116,994,0,0,0,994,A
4-HA,1117,995,0,2,0,997,A
4-HA,1118,994,0,0,0,994,A
4-HA,1119,0,991,0,0,991,T
4-HA,1120,0,992,0,1,993,T
4-HA,1121,2,0,0,990,992,C
4-HA,1122,1,980,0,0,981,T
4-HA,1123,0,1,987,0,988,G
4-HA,1124,982,0,0,0,982,A
4-HA,1125,0,1,990,0,991,G
4-HA,1126,0,0,987,0,987,G
4-HA,1127,0,1,991,0,992,G
4-HA,1128,988,0,5,0,993,A
4-HA,1129,993,0,1,0,994,A
4-HA,1130,0,3,982,0,985,G
4-HA,1131,993,0,2,0,995,A
4-HA,1132,0,0,1005,0,1005,G
4-HA,1133,0,5,996,0,1001,G
4-HA,1134,1008,0,2,0,1010,A
4-HA,1135,1,0,0,1001,1002,C
4-HA,1136,986,0,1,0,987,A
4-HA,1137,982,0,2,0,984,A
4-HA,1138,0,0,980,0,980,G
4-HA,1139,0,0,0,971,971,C
4-HA,1140,965,0,0,0,965,A
4-HA,1141,0,0,968,0,968,G
4-HA,1142,0,0,0,963,963,C
4-HA,1143,965,0,0,0,965,A
4-HA,1144,1,2,978,0,981,G
4-HA,1145,969,0,0,0,969,A
4-HA,1146,0,988,0,1,989,T
4-HA,1147,1,0,0,998,999,C
4-HA,1148,0,986,0,2,988,T
4-HA,1149,4,0,0,993,997,C
4-HA,1150,995,0,1,0,996,A
4-HA,1151,997,0,0,0,997,A
4-HA,1152,991,1,1,0,993,A
4-HA,1153,978,0,0,0,978,A
4-HA,1154,0,0,968,0,968,G
4-HA,1155,0,0,1,963,964,C
4-HA,1156,947,0,0,0,947,A
4-HA,1157,0,0,0,964,964,C
4-HA,1158,0,956,0,0,956,T
4-HA,1159,1,0,0,961,962,C
4-HA,1160,970,0,0,0,970,A
4-HA,1161,990,0,0,0,990,A
4-HA,1162,0,0,987,0,987,G
4-HA,1163,1,0,0,986,987,C
4-HA,1164,983,0,1,0,984,A
4-HA,1165,1,1,985,0,987,G
4-HA,1166,1,0,0,965,966,C
4-HA,1167,973,0,0,0,973,A
4-HA,1168,963,0,0,0,963,A
4-HA,1169,0,951,0,0,951,T
4-HA,1170,0,0,0,932,932,C
4-HA,1171,0,0,939,0,939,G
4-HA,1172,942,0,0,0,942,A
4-HA,1173,0,926,0,0,926,T
4-HA,1174,2,0,0,928,930,C
4-HA,1175,930,0,0,0,930,A
4-HA,1176,945,0,0,0,945,A
4-HA,1177,943,0,0,0,943,A
4-HA,1178,0,933,0,0,933,T
4-HA,1179,6,0,0,937,943,C
4-HA,1180,927,0,0,0,927,A
4-HA,1181,933,0,0,0,933,A
4-HA,1182,0,930,0,0,930,T
4-HA,1183,0,2,934,1,937,G
4-HA,1184,0,3,928,0,931,G
4-HA,1185,0,0,919,0,919,G
4-HA,1186,927,0,0,0,927,A
4-HA,1187,914,0,1,0,915,A
4-HA,1188,0,0,939,0,939,G
4-HA,1189,0,1,0,935,936,C
4-HA,1190,0,926,0,2,928,T
4-HA,1191,1,1,970,0,972,G
4-HA,1192,969,0,4,0,973,A
4-HA,1193,974,0,0,0,974,A
4-HA,1194,0,974,0,0,974,T
4-HA,1195,944,0,0,0,944,A
4-HA,1196,0,1,945,0,946,G
4-HA,1197,864,0,1,0,865,A
4-HA,1198,0,870,0,0,870,T
4-HA,1199,0,876,0,0,876,T
4-HA,1200,0,1,878,0,879,G
4-HA,1201,865,0,0,0,865,A
4-HA,1202,0,863,0,0,863,T
4-HA,1203,3,1,0,873,877,C
4-HA,1204,2,0,876,0,878,G
4-HA,1205,0,0,872,0,872,G
4-HA,1206,0,0,882,0,882,G
4-HA,1207,880,0,0,0,880,A
4-HA,1208,878,0,0,0,878,A
4-HA,1209,871,0,1,0,872,A
4-HA,1210,869,0,1,0,870,A
4-HA,1211,0,0,0,875,875,C
4-HA,1212,1,0,0,873,874,C
4-HA,1213,871,0,0,0,871,A
4-HA,1214,868,0,0,0,868,A
4-HA,1215,0,0,0,872,872,C
4-HA,1216,0,4,869,0,873,G
4-HA,1217,872,0,2,0,874,A
4-HA,1218,0,2,874,0,876,G
4-HA,1219,876,0,0,0,876,A
4-HA,1220,874,0,0,0,874,A
4-HA,1221,871,0,1,0,872,A
4-HA,1222,0,869,0,2,871,T
4-HA,1223,0,867,0,0,867,T
4-HA,1224,3,0,0,876,879,C
4-HA,1225,0,0,0,873,873,C
4-HA,1226,870,0,0,0,870,A
4-HA,1227,0,867,0,0,867,T
4-HA,1228,3,0,0,874,877,C
4-HA,1229,865,0,0,0,865,A
4-HA,1230,0,2,869,0,871,G
4-HA,1231,864,0,0,0,864,A
4-HA,1232,0,866,0,0,866,T
4-HA,1233,0,857,0,0,857,T
4-HA,1234,0,1,869,0,870,G
4-HA,1235,860,0,0,0,860,A
4-HA,1236,863,0,0,0,863,A
4-HA,1237,869,0,0,0,869,A
4-HA,1238,861,0,0,0,861,A
4-HA,1239,859,0,0,0,859,A
4-HA,1240,0,1,862,0,863,G
4-HA,1241,858,0,1,0,859,A
4-HA,1242,858,0,0,0,858,A
4-HA,1243,0,835,0,1,836,T
4-HA,1244,0,842,0,0,842,T
4-HA,1245,1,0,0,845,846,C
4-HA,1246,0,833,0,0,833,T
4-HA,1247,2,0,0,829,831,C
4-HA,1248,837,0,0,0,837,A
4-HA,1249,0,0,841,0,841,G
4-HA,1250,825,0,0,0,825,A
4-HA,1251,822,0,0,0,822,A
4-HA,1252,0,0,834,0,834,G
4-HA,1253,0,816,0,1,817,T
4-HA,1254,0,0,0,820,820,C
4-HA,1255,0,1,815,0,816,G
4-HA,1256,818,0,0,0,818,A
4-HA,1257,818,0,2,0,820,A
4-HA,1258,0,0,819,0,819,G
4-HA,1259,0,2,819,0,821,G
4-HA,1260,0,2,822,0,824,G
4-HA,1261,798,0,2,0,800,A
4-HA,1262,0,2,807,0,809,G
4-HA,1263,799,0,1,0,800,A
4-HA,1264,841,0,1,0,842,A
4-HA,1265,0,840,0,0,840,T
4-HA,1266,0,838,0,0,838,T
4-HA,1267,2,0,0,836,838,C
4-HA,1268,817,0,1,1,819,A
4-HA,1269,0,0,819,0,819,G
4-HA,1270,0,0,819,0,819,G
4-HA,1271,805,0,0,0,805,A
4-HA,1272,0,0,0,810,810,C
4-HA,1273,2,0,0,736,738,C
4-HA,1274,0,726,0,1,727,T
4-HA,1275,0,705,0,34,739,T
4-HA,1276,0,2,744,0,746,G
4-HA,1277,735,0,1,0,736,A
4-HA,1278,0,0,757,0,757,G
4-HA,1279,750,0,0,0,750,A
4-HA,1280,672,0,0,0,672,A
4-HA,1281,660,0,0,0,660,A
4-HA,1282,0,651,0,0,651,T
4-HA,1283,675,0,0,0,675,A
4-HA,1284,0,665,0,0,665,T
4-HA,1285,0,1,664,0,665,G
4-HA,1286,0,665,0,0,665,T
4-HA,1287,0,645,0,0,645,T
4-HA,1288,0,2,649,0,651,G
4-HA,1289,651,0,0,0,651,A
4-HA,1290,0,3,685,0,688,G
4-HA,1291,0,0,681,0,681,G
4-HA,1292,674,0,1,0,675,A
4-HA,1293,0,0,0,685,685,C
4-HA,1294,671,0,0,0,671,A
4-HA,1295,0,0,0,690,690,C
4-HA,1296,2,0,0,692,694,C
4-HA,1297,691,0,1,0,692,A
4-HA,1298,706,0,0,0,706,A
4-HA,1299,703,0,0,0,703,A
4-HA,1300,710,0,0,0,710,A
4-HA,1301,0,709,0,0,709,T
4-HA,1302,690,0,0,0,690,A
4-HA,1303,0,1,694,0,695,G
4-HA,1304,690,0,0,0,690,A
4-HA,1305,0,706,0,0,706,T
4-HA,1306,0,1,0,717,718,C
4-HA,1307,0,701,0,2,703,T
4-HA,1308,1,0,0,730,731,C
4-HA,1309,0,730,0,1,731,T
4-HA,1310,0,1,748,0,749,G
4-HA,1311,0,0,777,0,777,G
4-HA,1312,0,768,0,1,769,T
4-HA,1313,3,0,0,781,784,C
4-HA,1314,788,0,1,0,789,A
4-HA,1315,0,789,0,0,789,T
4-HA,1316,787,1,0,0,788,A
4-HA,1317,0,0,0,789,789,C
4-HA,1318,768,0,0,0,768,A
4-HA,1319,767,0,1,1,769,A
4-HA,1320,0,0,1,739,740,C
4-HA,1321,0,0,742,0,742,G
4-HA,1322,0,0,0,738,738,C
4-HA,1323,2,1,736,0,739,G
4-HA,1324,0,3,735,0,738,G
4-HA,1325,735,0,1,0,736,A
4-HA,1326,0,0,748,0,748,G
4-HA,1327,0,0,0,744,744,C
4-HA,1328,0,746,0,0,746,T
4-HA,1329,0,750,0,0,750,T
4-HA,1330,3,0,0,753,756,C
4-HA,1331,0,754,0,0,754,T
4-HA,1332,0,760,0,1,761,T
4-HA,1333,0,1,758,0,759,G
4-HA,1334,0,752,0,0,752,T
4-HA,1335,0,748,0,0,748,T
4-HA,1336,1,0,746,0,747,G
4-HA,1337,0,0,0,739,739,C
4-HA,1338,1,0,0,742,743,C
4-HA,1339,2,0,0,750,752,C
4-HA,1340,0,753,0,1,754,T
4-HA,1341,0,1,761,1,763,G
4-HA,1342,0,0,759,0,759,G
4-HA,1343,759,0,0,0,759,A
4-HA,1344,1,2,762,0,765,G
4-HA,1345,750,0,0,0,750,A
4-HA,1346,749,0,1,0,750,A
4-HA,1347,1,0,0,756,757,C
4-HA,1348,5,0,0,757,762,C
4-HA,1349,756,0,1,1,758,A
4-HA,1350,790,0,1,0,791,A
4-HA,1351,0,0,0,793,793,C
4-HA,1352,794,1,0,0,795,A
4-HA,1353,0,789,0,0,789,T
4-HA,1354,788,0,0,0,788,A
4-HA,1355,1,0,0,802,803,C
4-HA,1356,789,0,0,0,789,A
4-HA,1357,788,0,0,0,788,A
4-HA,1358,0,781,0,0,781,T
4-HA,1359,0,760,0,0,760,T
4-HA,1360,0,2,777,0,779,G
4-HA,1361,777,0,1,0,778,A
4-HA,1362,0,781,0,0,781,T
4-HA,1363,3,0,0,783,786,C
4-HA,1364,1,769,0,0,770,T
4-HA,1365,778,0,0,0,778,A
4-HA,1366,776,0,0,0,776,A
4-HA,1367,0,0,0,781,781,C
4-HA,1368,0,767,0,0,767,T
4-HA,1369,0,1,759,0,760,G
4-HA,1370,760,0,0,0,760,A
4-HA,1371,0,0,0,759,759,C
4-HA,1372,1,758,0,1,760,T
4-HA,1373,1,0,0,763,764,C
4-HA,1374,754,0,0,0,754,A
4-HA,1375,0,1,775,0,776,G
4-HA,1376,776,0,0,0,776,A
4-HA,1377,779,0,0,0,779,A
4-HA,1378,781,0,0,0,781,A
4-HA,1379,0,759,0,0,759,T
4-HA,1380,1,1,771,0,773,G
4-HA,1381,774,0,0,0,774,A
4-HA,1382,770,1,1,0,772,A
4-HA,1383,1,0,0,770,771,C
4-HA,1384,749,0,0,0,749,A
4-HA,1385,748,0,0,0,748,A
4-HA,1386,727,0,21,0,748,A
4-HA,1387,0,0,0,757,757,C
4-HA,1388,0,746,0,0,746,T
4-HA,1389,0,51,701,0,752,G
4-HA,1390,0,746,0,0,746,T
4-HA,1391,0,746,0,1,747,T
4-HA,1392,0,746,0,1,747,T
4-HA,1393,0,2,747,0,749,G
4-HA,1394,745,0,1,0,746,A
4-HA,1395,746,0,0,0,746,A
4-HA,1396,738,0,0,0,738,A
4-HA,1397,736,0,0,0,736,A
4-HA,1398,735,0,0,0,735,A
4-HA,1399,737,0,0,0,737,A
4-HA,1400,0,0,0,746,746,C
4-HA,1401,746,0,0,0,746,A
4-HA,1402,747,0,0,0,747,A
4-HA,1403,748,0,0,0,748,A
4-HA,1404,29,2,714,0,745,G
4-HA,1405,754,0,0,0,754,A
4-HA,1406,753,0,1,0,754,A
4-HA,1407,0,1,751,0,752,G
4-HA,1408,1,0,0,746,747,C
4-HA,1409,748,0,2,0,750,A
4-HA,1410,756,0,0,0,756,A
4-HA,1411,0,0,0,751,751,C
4-HA,1412,0,742,0,0,742,T
4-HA,1413,0,0,756,0,756,G
4-HA,1414,745,0,1,0,746,A
4-HA,1415,0,2,750,0,752,G
4-HA,1416,0,2,755,0,757,G
4-HA,1417,0,0,759,0,759,G
4-HA,1418,761,0,1,0,762,A
4-HA,1419,757,0,0,0,757,A
4-HA,1420,753,0,1,0,754,A
4-HA,1421,761,0,0,0,761,A
4-HA,1422,0,752,0,0,752,T
4-HA,1423,0,0,760,0,760,G
4-HA,1424,0,0,0,755,755,C
4-HA,1425,0,746,0,1,747,T
4-HA,1426,0,1,752,0,753,G
4-HA,1427,753,0,1,0,754,A
4-HA,1428,0,2,795,0,797,G
4-HA,1429,0,2,811,0,813,G
4-HA,1430,801,0,0,0,801,A
4-HA,1431,0,806,0,0,806,T
4-HA,1432,794,0,0,0,794,A
4-HA,1433,0,785,0,1,786,T
4-HA,1434,1,0,794,0,795,G
4-HA,1435,0,2,807,0,809,G
4-HA,1436,0,1,807,0,808,G
4-HA,1437,0,0,0,772,772,C
4-HA,1438,757,0,0,0,757,A
4-HA,1439,753,1,0,0,754,A
4-HA,1440,0,755,0,0,755,T
4-HA,1441,0,0,756,0,756,G
4-HA,1442,0,0,754,0,754,G
4-HA,1443,0,743,0,0,743,T
4-HA,1444,1,732,1,0,734,T
4-HA,1445,0,1,734,0,735,G
4-HA,1446,0,748,0,0,748,T
4-HA,1447,0,743,1,2,746,T
4-HA,1448,0,747,0,1,748,T
4-HA,1449,3,1,0,746,750,C
4-HA,1450,753,0,1,0,754,A
4-HA,1451,752,0,0,0,752,A
4-HA,1452,752,0,0,0,752,A
4-HA,1453,765,0,0,0,765,A
4-HA,1454,0,757,0,0,757,T
4-HA,1455,745,0,1,0,746,A
4-HA,1456,0,751,0,0,751,T
4-HA,1457,748,0,0,0,748,A
4-HA,1458,0,0,0,756,756,C
4-HA,1459,3,0,0,748,751,C
4-HA,1460,746,0,1,0,747,A
4-HA,1461,0,1,0,751,752,C
4-HA,1462,762,0,1,0,763,A
4-HA,1463,764,0,0,0,764,A
4-HA,1464,762,0,0,0,762,A
4-HA,1465,0,765,0,0,765,T
4-HA,1466,0,0,766,0,766,G
4-HA,1467,0,755,0,0,755,T
4-HA,1468,0,3,764,0,767,G
4-HA,1469,765,0,0,0,765,A
4-HA,1470,0,0,0,759,759,C
4-HA,1471,755,0,1,0,756,A
4-HA,1472,759,0,0,0,759,A
4-HA,1473,0,775,0,0,775,T
4-HA,1474,0,0,785,0,785,G
4-HA,1475,0,0,0,780,780,C
4-HA,1476,0,0,0,779,779,C
4-HA,1477,0,778,0,2,780,T
4-HA,1478,0,4,814,0,818,G
4-HA,1479,0,0,0,819,819,C
4-HA,1480,818,0,0,0,818,A
4-HA,1481,0,821,0,0,821,T
4-HA,1482,778,0,0,0,778,A
4-HA,1483,0,2,782,1,785,G
4-HA,1484,0,0,780,0,780,G
4-HA,1485,784,0,0,0,784,A
4-HA,1486,0,768,0,4,772,T
4-HA,1487,0,0,0,745,745,C
4-HA,1488,743,0,0,0,743,A
4-HA,1489,747,0,1,0,748,A
4-HA,1490,0,744,0,0,744,T
4-HA,1491,1,0,0,750,751,C
4-HA,1492,733,0,0,0,733,A
4-HA,1493,0,2,736,0,738,G
4-HA,1494,743,0,0,0,743,A
4-HA,1495,741,0,0,0,741,A
4-HA,1496,739,0,0,0,739,A
4-HA,1497,0,731,0,0,731,T
4-HA,1498,0,0,731,0,731,G
4-HA,1499,0,5,723,0,728,G
4-HA,1500,724,0,0,0,724,A
4-HA,1501,726,0,0,0,726,A
4-HA,1502,0,0,0,728,728,C
4-HA,1503,0,716,1,0,717,T
4-HA,1504,0,728,0,0,728,T
4-HA,1505,732,0,1,0,733,A
4-HA,1506,0,730,0,1,731,T
4-HA,1507,1,1,729,0,731,G
4-HA,1508,730,0,1,0,731,A
4-HA,1509,0,0,0,729,729,C
4-HA,1510,2,0,0,724,726,C
4-HA,1511,719,0,0,0,719,A
4-HA,1512,0,0,0,743,743,C
4-HA,1513,0,1,757,0,758,G
4-HA,1514,769,0,0,0,769,A
4-HA,1515,0,773,0,0,773,T
4-HA,1516,0,0,803,0,803,G
4-HA,1517,0,797,0,0,797,T
4-HA,1518,827,0,0,1,828,A
4-HA,1519,0,826,0,0,826,T
4-HA,1520,821,0,1,0,822,A
4-HA,1521,0,0,0,830,830,C
4-HA,1522,727,0,0,0,727,A
4-HA,1523,0,0,735,0,735,G
4-HA,1524,690,0,0,0,690,A
4-HA,1525,0,1,672,0,673,G
4-HA,1526,663,0,0,0,663,A
4-HA,1527,0,625,0,0,625,T
4-HA,1528,1,3,619,0,623,G
4-HA,1529,623,0,0,0,623,A
4-HA,1530,619,0,0,0,619,A
4-HA,1531,0,1,627,0,628,G
4-HA,1532,0,0,0,612,612,C
4-HA,1533,613,0,0,0,613,A
4-HA,1534,0,612,0,0,612,T
4-HA,1535,0,610,0,1,611,T
4-HA,1536,614,0,0,0,614,A
4-HA,1537,613,0,0,0,613,A
4-HA,1538,611,0,0,0,611,A
4-HA,1539,0,0,0,613,613,C
4-HA,1540,584,0,0,0,584,A
4-HA,1541,586,0,0,0,586,A
4-HA,1542,0,0,0,579,579,C
4-HA,1543,0,1,0,578,579,C
4-HA,1544,2,0,578,0,580,G
4-HA,1545,0,0,585,0,585,G
4-HA,1546,0,586,0,0,586,T
4-HA,1547,0,583,0,1,584,T
4-HA,1548,0,0,0,583,583,C
4-HA,1549,0,0,0,587,587,C
4-HA,1550,576,0,1,0,577,A
4-HA,1551,0,1,581,0,582,G
4-HA,1552,581,0,0,0,581,A
4-HA,1553,0,580,0,0,580,T
4-HA,1554,0,0,0,555,555,C
4-HA,1555,541,0,0,0,541,A
4-HA,1556,541,0,0,0,541,A
4-HA,1557,0,1,542,0,543,G
4-HA,1558,0,0,541,0,541,G
4-HA,1559,0,2,537,0,539,G
4-HA,1560,520,0,0,1,521,A
4-HA,1561,0,0,527,0,527,G
4-HA,1562,0,527,0,0,527,T
4-HA,1563,0,527,0,0,527,T
4-HA,1564,0,2,531,1,534,G
4-HA,1565,531,0,1,0,532,A
4-HA,1566,0,1,534,0,535,G
4-HA,1567,0,0,0,532,532,C
4-HA,1568,0,533,0,0,533,T
4-HA,1569,0,1,531,0,532,G
4-HA,1570,529,0,0,0,529,A
4-HA,1571,533,0,0,0,533,A
4-HA,1572,0,0,532,0,532,G
4-HA,1573,0,514,0,0,514,T
4-HA,1574,0,0,0,521,521,C
4-HA,1575,511,0,0,0,511,A
4-HA,1576,0,2,510,0,512,G
4-HA,1577,1,3,502,0,506,G
4-HA,1578,1,0,497,0,498,G
4-HA,1579,0,516,0,0,516,T
4-HA,1580,556,0,0,0,556,A
4-HA,1581,2,0,0,557,559,C
4-HA,1582,558,0,0,0,558,A
4-HA,1583,555,0,0,0,555,A
4-HA,1584,563,0,0,0,563,A
4-HA,1585,0,0,565,0,565,G
4-HA,1586,556,0,0,0,556,A
4-HA,1587,0,487,0,50,537,T
4-HA,1588,0,544,0,0,544,T
4-HA,1589,0,1,545,0,546,G
4-HA,1590,0,1,544,0,545,G
4-HA,1591,558,0,0,0,558,A
4-HA,1592,0,557,0,0,557,T
4-HA,1593,0,0,0,560,560,C
4-HA,1594,1,0,0,556,557,C
4-HA,1595,0,547,0,0,547,T
4-HA,1596,552,0,0,0,552,A
4-HA,1597,0,556,0,1,557,T
4-HA,1598,0,0,560,0,560,G
4-HA,1599,0,3,554,0,557,G
4-HA,1600,542,0,0,0,542,A
4-HA,1601,0,535,0,2,537,T
4-HA,1602,0,530,0,0,530,T
4-HA,1603,0,533,0,1,534,T
4-HA,1604,2,0,0,529,531,C
4-HA,1605,1,0,0,527,528,C
4-HA,1606,0,526,0,0,526,T
4-HA,1607,0,524,0,0,524,T
4-HA,1608,0,521,0,0,521,T
4-HA,1609,0,1,521,0,522,G
4-HA,1610,0,0,0,519,519,C
4-HA,1611,0,0,0,519,519,C
4-HA,1612,517,0,0,0,517,A
4-HA,1613,0,517,0,0,517,T
4-HA,1614,528,0,0,0,528,A
4-HA,1615,0,528,0,0,528,T
4-HA,1616,1,0,0,524,525,C
4-HA,1617,525,0,0,0,525,A
4-HA,1618,0,517,0,2,519,T
4-HA,1619,0,0,527,0,527,G
4-HA,1620,0,520,0,1,521,T
4-HA,1621,0,520,0,0,520,T
4-HA,1622,0,526,0,0,526,T
4-HA,1623,0,514,0,0,514,T
4-HA,1624,0,514,0,0,514,T
4-HA,1625,0,512,0,0,512,T
4-HA,1626,0,1,514,0,515,G
4-HA,1627,0,0,0,511,511,C
4-HA,1628,0,489,0,0,489,T
4-HA,1629,0,494,0,0,494,T
4-HA,1630,0,491,0,0,491,T
4-HA,1631,1,0,501,0,502,G
4-HA,1632,0,501,0,0,501,T
4-HA,1633,0,0,505,0,505,G
4-HA,1634,0,502,0,0,502,T
4-HA,1635,0,501,0,0,501,T
4-HA,1636,0,0,508,0,508,G
4-HA,1637,0,0,0,506,506,C
4-HA,1638,0,507,0,0,507,T
4-HA,1639,0,518,0,0,518,T
4-HA,1640,1,489,0,0,490,T
4-HA,1641,0,0,495,0,495,G
4-HA,1642,0,494,0,0,494,T
4-HA,1643,0,490,0,1,491,T
4-HA,1644,0,1,493,0,494,G
4-HA,1645,0,1,480,0,481,G
4-HA,1646,0,0,489,0,489,G
4-HA,1647,0,0,492,0,492,G
4-HA,1648,0,474,0,0,474,T
4-HA,1649,0,471,0,1,472,T
4-HA,1650,2,1,0,470,473,C
4-HA,1651,466,0,0,0,466,A
4-HA,1652,0,465,0,2,467,T
4-HA,1653,2,0,0,470,472,C
4-HA,1654,478,0,0,0,478,A
4-HA,1655,0,470,0,0,470,T
4-HA,1656,0,2,465,0,467,G
4-HA,1657,1,455,0,0,456,T
4-HA,1658,1,1,443,0,445,G
4-HA,1659,0,1,435,0,436,G
4-HA,1660,0,0,435,0,435,G
4-HA,1661,0,0,0,427,427,C
4-HA,1662,1,0,0,418,419,C
4-HA,1663,0,395,0,2,397,T
4-HA,1664,0,0,401,0,401,G
4-HA,1665,1,0,0,395,396,C
4-HA,1666,1,0,0,398,399,C
4-HA,1667,397,0,0,0,397,A
4-HA,1668,393,0,0,0,393,A
4-HA,1669,392,0,0,0,392,A
4-HA,1670,392,0,0,0,392,A
4-HA,1671,393,0,0,0,393,A
4-HA,1672,0,3,386,0,389,G
4-HA,1673,0,0,373,0,373,G
4-HA,1674,0,0,0,378,378,C
4-HA,1675,375,0,1,0,376,A
4-HA,1676,387,0,0,0,387,A
4-HA,1677,0,0,0,384,384,C
4-HA,1678,384,0,0,0,384,A
4-HA,1679,0,384,0,0,384,T
4-HA,1680,0,373,0,0,373,T
4-HA,1681,364,0,0,0,364,A
4-HA,1682,0,0,356,0,356,G
4-HA,1683,0,0,359,0,359,G
4-HA,1684,0,350,0,0,350,T
4-HA,1685,0,0,327,0,327,G
4-HA,1686,0,0,0,317,317,C
4-HA,1687,311,0,0,0,311,A
4-HA,1688,311,0,1,0,312,A
4-HA,1689,0,0,0,310,310,C
4-HA,1690,307,0,0,0,307,A
4-HA,1691,0,299,0,0,299,T
4-HA,1692,0,277,0,0,277,T
4-HA,1693,0,276,0,0,276,T
4-HA,1694,0,0,276,0,276,G
4-HA,1695,0,0,0,271,271,C
4-HA,1696,272,0,0,0,272,A
4-HA,1697,0,258,0,0,258,T
4-HA,1698,0,250,0,0,250,T
4-HA,1699,0,244,0,0,244,T
4-HA,1700,0,0,241,0,241,G
4-HA,1701,230,0,0,0,230,A
5-NP,1,14,0,0,0,14,A
5-NP,2,0,14,0,0,14,T
5-NP,3,0,0,14,0,14,G
5-NP,4,0,0,14,0,14,G
5-NP,5,0,0,0,14,14,C
5-NP,6,0,0,16,0,16,G
5-NP,7,0,16,0,0,16,T
5-NP,8,0,0,0,16,16,C
5-NP,9,0,0,0,16,16,C
5-NP,10,0,0,0,16,16,C
5-NP,11,16,0,0,0,16,A
5-NP,12,16,0,0,0,16,A
5-NP,13,0,0,15,0,15,G
5-NP,14,0,0,16,0,16,G
5-NP,15,0,0,0,15,15,C
5-NP,16,16,0,0,0,16,A
5-NP,17,0,0,0,16,16,C
5-NP,18,0,0,0,16,16,C
5-NP,19,15,0,0,0,15,A
5-NP,20,15,0,0,0,15,A
5-NP,21,16,0,0,0,16,A
5-NP,22,0,0,0,16,16,C
5-NP,23,0,0,16,0,16,G
5-NP,24,0,0,18,0,18,G
5-NP,25,0,18,0,0,18,T
5-NP,26,1,0,0,18,19,C
5-NP,27,0,19,0,0,19,T
5-NP,28,0,19,0,0,19,T
5-NP,29,19,0,0,0,19,A
5-NP,30,0,19,0,0,19,T
5-NP,31,0,1,18,0,19,G
5-NP,32,18,0,0,0,18,A
5-NP,33,17,0,0,0,17,A
5-NP,34,0,0,0,17,17,C
5-NP,35,16,0,0,0,16,A
5-NP,36,0,0,17,0,17,G
5-NP,37,17,0,0,0,17,A
5-NP,38,0,18,0,0,18,T
5-NP,39,0,0,18,0,18,G
5-NP,40,1,0,17,0,18,G
5-NP,41,18,0,0,0,18,A
5-NP,42,19,0,0,0,19,A
5-NP,43,19,0,0,0,19,A
5-NP,44,0,0,0,21,21,C
5-NP,45,0,21,0,0,21,T
5-NP,46,0,0,21,0,21,G
5-NP,47,18,0,0,0,18,A
5-NP,48,0,21,0,0,21,T
5-NP,49,0,0,21,0,21,G
5-NP,50,0,0,22,0,22,G
5-NP,51,0,0,22,0,22,G
5-NP,52,0,0,22,0,22,G
5-NP,53,20,0,0,0,20,A
5-NP,54,0,21,0,0,21,T
5-NP,55,0,0,0,21,21,C
5-NP,56,0,0,21,0,21,G
5-NP,57,0,0,0,22,22,C
5-NP,58,0,0,0,22,22,C
5-NP,59,22,0,0,0,22,A
5-NP,60,0,0,22,0,22,G
5-NP,61,21,0,0,0,21,A
5-NP,62,22,0,0,0,22,A
5-NP,63,0,22,0,0,22,T
5-NP,64,0,0,22,0,22,G
5-NP,65,0,0,0,22,22,C
5-NP,66,21,0,0,0,21,A
5-NP,67,23,0,0,0,23,A
5-NP,68,0,0,0,23,23,C
5-NP,69,0,22,0,0,22,T
5-NP,70,0,0,22,0,22,G
5-NP,71,22,0,0,0,22,A
5-NP,72,0,0,23,0,23,G
5-NP,73,23,0,0,0,23,A
5-NP,74,0,23,0,0,23,T
5-NP,75,0,23,0,0,23,T
5-NP,76,22,1,0,0,23,A
5-NP,77,0,0,21,0,21,G
5-NP,78,0,0,23,0,23,G
5-NP,79,0,0,22,0,22,G
5-NP,80,0,0,0,21,21,C
5-NP,81,22,0,0,0,22,A
5-NP,82,0,22,0,0,22,T
5-NP,83,0,0,0,22,22,C
5-NP,84,0,0,0,21,21,C
5-NP,85,0,0,22,0,22,G
5-NP,86,0,22,0,0,22,T
5-NP,87,0,0,0,23,23,C
5-NP,88,0,0,22,0,22,G
5-NP,89,0,0,23,0,23,G
5-NP,90,0,0,23,0,23,G
5-NP,91,23,0,0,0,23,A
5-NP,92,22,0,0,0,22,A
5-NP,93,0,0,22,0,22,G
5-NP,94,20,0,0,0,20,A
5-NP,95,0,22,0,0,22,T
5-NP,96,0,0,23,0,23,G
5-NP,97,23,0,0,0,23,A
5-NP,98,0,24,0,0,24,T
5-NP,99,0,24,0,0,24,T
5-NP,100,0,0,24,0,24,G
5-NP,101,24,0,0,0,24,A
5-NP,102,0,24,0,0,24,T
5-NP,103,0,0,24,0,24,G
5-NP,104,0,0,26,0,26,G
5-NP,105,27,0,0,0,27,A
5-NP,106,26,0,0,0,26,A
5-NP,107,0,27,0,0,27,T
5-NP,108,0,27,0,0,27,T
5-NP,109,0,0,27,0,27,G
5-NP,110,0,0,26,0,26,G
5-NP,111,0,0,26,0,26,G
5-NP,112,26,0,0,0,26,A
5-NP,113,0,0,26,0,26,G
5-NP,114,26,0,0,0,26,A
5-NP,115,0,27,0,0,27,T
5-NP,116,0,27,0,0,27,T
5-NP,117,0,0,0,27,27,C
5-NP,118,0,26,0,0,26,T
5-NP,119,27,0,0,0,27,A
5-NP,120,0,0,0,28,28,C
5-NP,121,28,0,0,0,28,A
5-NP,122,0,28,0,0,28,T
5-NP,123,0,0,0,28,28,C
5-NP,124,0,0,0,28,28,C
5-NP,125,28,0,0,0,28,A
5-NP,126,29,0,0,0,29,A
5-NP,127,29,0,0,0,29,A
5-NP,128,0,28,0,0,28,T
5-NP,129,0,0,28,0,28,G
5-NP,130,0,29,0,0,29,T
5-NP,131,1,0,27,0,28,G
5-NP,132,0,0,0,29,29,C
5-NP,133,28,0,0,0,28,A
5-NP,134,0,0,0,30,30,C
5-NP,135,0,30,0,0,30,T
5-NP,136,0,0,32,0,32,G
5-NP,137,32,0,0,0,32,A
5-NP,138,34,0,0,0,34,A
5-NP,139,0,0,0,34,34,C
5-NP,140,0,34,0,0,34,T
5-NP,141,0,34,0,0,34,T
5-NP,142,35,0,0,0,35,A
5-NP,143,35,0,0,0,35,A
5-NP,144,35,0,0,0,35,A
5-NP,145,0,0,0,36,36,C
5-NP,146,0,36,0,0,36,T
5-NP,147,0,0,0,36,36,C
5-NP,148,36,0,0,0,36,A
5-NP,149,0,0,37,0,37,G
5-NP,150,0,36,0,0,36,T
5-NP,151,0,0,37,0,37,G
5-NP,152,36,0,0,0,36,A
5-NP,153,0,37,0,0,37,T
5-NP,154,1,0,0,36,37,C
5-NP,155,37,0,0,0,37,A
5-NP,156,0,37,0,0,37,T
5-NP,157,0,0,37,0,37,G
5-NP,158,35,0,1,0,36,A
5-NP,159,37,0,0,0,37,A
5-NP,160,0,0,36,0,36,G
5-NP,161,0,0,35,0,35,G
5-NP,162,0,0,36,0,36,G
5-NP,163,0,0,0,37,37,C
5-NP,164,0,0,37,0,37,G
5-NP,165,0,0,37,0,37,G
5-NP,166,0,38,0,0,38,T
5-NP,167,0,37,0,0,37,T
5-NP,168,0,0,37,0,37,G
5-NP,169,39,0,0,0,39,A
5-NP,170,0,37,0,0,37,T
5-NP,171,0,0,0,39,39,C
5-NP,172,0,0,0,38,38,C
5-NP,173,37,0,0,0,37,A
5-NP,174,0,0,38,0,38,G
5-NP,175,37,0,0,0,37,A
5-NP,176,38,0,0,0,38,A
5-NP,177,0,0,0,36,36,C
5-NP,178,31,0,0,0,31,A
5-NP,179,0,0,32,0,32,G
5-NP,180,0,0,0,31,31,C
5-NP,181,0,32,0,0,32,T
5-NP,182,0,32,0,0,32,T
5-NP,183,0,0,32,0,32,G
5-NP,184,31,0,0,0,31,A
5-NP,185,0,0,0,32,32,C
5-NP,186,31,0,0,0,31,A
5-NP,187,31,0,0,0,31,A
5-NP,188,0,31,0,0,31,T
5-NP,189,32,0,0,0,32,A
5-NP,190,0,0,31,0,31,G
5-NP,191,32,0,0,0,32,A
5-NP,192,0,0,32,0,32,G
5-NP,193,32,0,0,0,32,A
5-NP,194,32,0,0,0,32,A
5-NP,195,32,0,0,0,32,A
5-NP,196,32,0,0,0,32,A
5-NP,197,0,31,0,0,31,T
5-NP,198,0,0,32,0,32,G
5-NP,199,0,0,32,0,32,G
5-NP,200,0,31,0,0,31,T
5-NP,201,29,0,1,0,30,A
5-NP,202,0,0,0,29,29,C
5-NP,203,0,29,0,0,29,T
5-NP,204,0,0,0,30,30,C
5-NP,205,0,30,0,0,30,T
5-NP,206,0,0,0,29,29,C
5-NP,207,0,29,0,0,29,T
5-NP,208,0,0,30,0,30,G
5-NP,209,0,0,0,30,30,C
5-NP,210,0,30,0,0,30,T
5-NP,211,0,30,0,0,30,T
5-NP,212,0,29,0,0,29,T
5-NP,213,0,30,0,0,30,T
5-NP,214,0,0,30,0,30,G
5-NP,215,30,0,0,0,30,A
5-NP,216,0,30,0,0,30,T
5-NP,217,0,0,30,0,30,G
5-NP,218,30,0,0,0,30,A
5-NP,219,30,0,0,0,30,A
5-NP,220,30,0,0,0,30,A
5-NP,221,0,0,30,0,30,G
5-NP,222,30,0,0,0,30,A
5-NP,223,29,0,0,0,29,A
5-NP,224,0,0,31,0,31,G
5-NP,225,0,0,32,0,32,G
5-NP,226,32,0,0,0,32,A
5-NP,227,32,0,0,0,32,A
5-NP,228,0,31,0,0,31,T
5-NP,229,32,0,0,0,32,A
5-NP,230,32,0,0,0,32,A
5-NP,231,31,0,0,0,31,A
5-NP,232,0,31,0,0,31,T
5-NP,233,30,0,0,0,30,A
5-NP,234,0,0,0,32,32,C
5-NP,235,0,0,0,31,31,C
5-NP,236,0,32,0,0,32,T
5-NP,237,0,0,31,0,31,G
5-NP,238,0,0,30,0,30,G
5-NP,239,30,0,0,0,30,A
5-NP,240,31,0,0,0,31,A
5-NP,241,0,0,32,0,32,G
5-NP,242,32,0,0,0,32,A
5-NP,243,31,0,0,0,31,A
5-NP,244,0,0,0,31,31,C
5-NP,245,31,0,0,0,31,A
5-NP,246,0,0,0,32,32,C
5-NP,247,0,0,0,31,31,C
5-NP,248,0,0,0,31,31,C
5-NP,249,0,0,0,31,31,C
5-NP,250,30,0,0,0,30,A
5-NP,251,0,0,30,0,30,G
5-NP,252,0,0,0,30,30,C
5-NP,253,0,0,29,0,29,G
5-NP,254,0,0,0,31,31,C
5-NP,255,0,0,29,0,29,G
5-NP,256,0,0,30,0,30,G
5-NP,257,0,0,30,0,30,G
5-NP,258,0,0,30,0,30,G
5-NP,259,30,0,0,0,30,A
5-NP,260,30,0,0,0,30,A
5-NP,261,30,0,0,0,30,A
5-NP,262,0,0,30,0,30,G
5-NP,263,30,0,0,0,30,A
5-NP,264,0,30,0,0,30,T
5-NP,265,0,0,0,29,29,C
5-NP,266,0,0,0,29,29,C
5-NP,267,0,0,0,29,29,C
5-NP,268,30,0,0,0,30,A
5-NP,269,30,0,0,0,30,A
5-NP,270,0,0,30,0,30,G
5-NP,271,30,0,0,0,30,A
5-NP,272,31,0,0,0,31,A
5-NP,273,31,0,0,0,31,A
5-NP,274,30,0,0,0,30,A
5-NP,275,0,0,0,31,31,C
5-NP,276,0,32,0,0,32,T
5-NP,277,0,0,31,0,31,G
5-NP,278,0,0,32,0,32,G
5-NP,279,0,0,32,0,32,G
5-NP,280,0,0,32,0,32,G
5-NP,281,0,0,30,0,30,G
5-NP,282,0,0,33,0,33,G
5-NP,283,0,0,0,34,34,C
5-NP,284,1,0,0,33,34,C
5-NP,285,0,0,0,37,37,C
5-NP,286,44,0,0,0,44,A
5-NP,287,0,43,0,0,43,T
5-NP,288,45,0,0,0,45,A
5-NP,289,0,45,0,0,45,T
5-NP,290,44,0,0,0,44,A
5-NP,291,0,0,0,44,44,C
5-NP,292,39,0,0,0,39,A
5-NP,293,0,0,39,0,39,G
5-NP,294,0,0,40,0,40,G
5-NP,295,35,0,0,0,35,A
5-NP,296,0,0,36,0,36,G
5-NP,297,34,0,0,0,34,A
5-NP,298,0,0,34,0,34,G
5-NP,299,0,34,0,0,34,T
5-NP,300,32,0,0,0,32,A
5-NP,301,0,0,32,0,32,G
5-NP,302,31,0,0,0,31,A
5-NP,303,0,32,0,0,32,T
5-NP,304,0,0,30,0,30,G
5-NP,305,0,0,31,0,31,G
5-NP,306,31,0,0,0,31,A
5-NP,307,32,0,0,0,32,A
5-NP,308,32,0,0,0,32,A
5-NP,309,33,0,0,0,33,A
5-NP,310,0,33,0,0,33,T
5-NP,311,0,0,33,0,33,G
5-NP,312,0,0,33,0,33,G
5-NP,313,33,0,0,0,33,A
5-NP,314,0,33,0,0,33,T
5-NP,315,0,0,33,0,33,G
5-NP,316,34,0,0,0,34,A
5-NP,317,0,0,35,0,35,G
5-NP,318,0,0,34,0,34,G
5-NP,319,1,0,39,0,40,G
5-NP,320,73,0,0,0,73,A
5-NP,321,77,0,0,0,77,A
5-NP,322,0,0,0,106,106,C
5-NP,323,0,108,0,0,108,T
5-NP,324,0,0,0,137,137,C
5-NP,325,0,0,158,0,158,G
5-NP,326,0,167,0,0,167,T
5-NP,327,0,0,0,180,180,C
5-NP,328,0,0,0,351,351,C
5-NP,329,0,354,0,0,354,T
5-NP,330,0,367,0,0,367,T
5-NP,331,0,369,0,0,369,T
5-NP,332,371,0,0,0,371,A
5-NP,333,0,375,0,0,375,T
5-NP,334,0,4,374,0,378,G
5-NP,335,388,0,1,0,389,A
5-NP,336,0,0,0,397,397,C
5-NP,337,397,0,0,0,397,A
5-NP,338,400,0,0,0,400,A
5-NP,339,415,0,1,0,416,A
5-NP,340,1,0,494,0,495,G
5-NP,341,481,0,0,0,481,A
5-NP,342,498,0,0,0,498,A
5-NP,343,0,1,580,0,581,G
5-NP,344,584,0,1,0,585,A
5-NP,345,595,0,0,0,595,A
5-NP,346,593,0,0,0,593,A
5-NP,347,0,593,0,0,593,T
5-NP,348,596,0,0,0,596,A
5-NP,349,601,0,0,0,601,A
5-NP,350,0,1,630,0,631,G
5-NP,351,1,0,626,0,627,G
5-NP,352,0,0,0,632,632,C
5-NP,353,0,0,634,0,634,G
5-NP,354,646,0,0,0,646,A
5-NP,355,667,0,0,0,667,A
5-NP,356,0,675,0,0,675,T
5-NP,357,3,0,0,675,678,C
5-NP,358,0,680,0,0,680,T
5-NP,359,0,0,684,0,684,G
5-NP,360,0,0,683,0,683,G
5-NP,361,1,0,0,692,693,C
5-NP,362,0,0,693,0,693,G
5-NP,363,0,0,0,687,687,C
5-NP,364,0,1,0,702,703,C
5-NP,365,701,0,1,0,702,A
5-NP,366,736,0,0,0,736,A
5-NP,367,0,0,776,0,776,G
5-NP,368,0,0,0,783,783,C
5-NP,369,2,1,0,811,814,C
5-NP,370,817,0,0,1,818,A
5-NP,371,853,0,0,0,853,A
5-NP,372,1,0,0,880,881,C
5-NP,373,886,0,0,0,886,A
5-NP,374,925,0,0,0,925,A
5-NP,375,0,932,0,0,932,T
5-NP,376,0,3,986,0,989,G
5-NP,377,0,0,983,0,983,G
5-NP,378,0,985,0,1,986,T
5-NP,379,1,3,997,0,1001,G
5-NP,380,1001,0,2,0,1003,A
5-NP,381,0,3,1058,0,1061,G
5-NP,382,0,1,1061,0,1062,G
5-NP,383,1076,0,0,0,1076,A
5-NP,384,0,1312,0,0,1312,T
5-NP,385,0,1,1357,0,1358,G
5-NP,386,1,2,0,1373,1376,C
5-NP,387,0,1388,0,0,1388,T
5-NP,388,1414,0,0,0,1414,A
5-NP,389,1,1,0,1458,1460,C
5-NP,390,1461,1,0,0,1462,A
5-NP,391,0,1465,0,2,1467,T
5-NP,392,2,0,0,1459,1461,C
5-NP,393,0,1427,1,0,1428,T
5-NP,394,0,7,1531,0,1538,G
5-NP,395,2,0,1593,0,1595,G
5-NP,396,0,1599,0,1,1600,T
5-NP,397,5,0,0,1609,1614,C
5-NP,398,0,1608,0,1,1609,T
5-NP,399,1653,0,0,0,1653,A
5-NP,400,1655,0,1,0,1656,A
5-NP,401,1,0,0,1689,1690,C
5-NP,402,0,1693,0,2,1695,T
5-NP,403,3,1,0,1714,1718,C
5-NP,404,1713,0,0,0,1713,A
5-NP,405,0,2,0,1803,1805,C
5-NP,406,1802,0,0,0,1802,A
5-NP,407,0,1813,0,0,1813,T
5-NP,408,1803,0,0,0,1803,A
5-NP,409,1808,0,0,0,1808,A
5-NP,410,1,1829,0,0,1830,T
5-NP,411,1,9,1850,0,1860,G
5-NP,412,1853,0,0,0,1853,A
5-NP,413,0,1853,0,1,1854,T
5-NP,414,1,1833,0,3,1837,T
5-NP,415,0,1838,0,1,1839,T
5-NP,416,0,4,1824,0,1828,G
5-NP,417,1,2,1824,0,1827,G
5-NP,418,1,1,0,1838,1840,C
5-NP,419,1838,0,1,1,1840,A
5-NP,420,0,1854,0,1,1855,T
5-NP,421,1,1860,0,1,1862,T
5-NP,422,5,0,0,1851,1856,C
5-NP,423,4,0,0,1858,1862,C
5-NP,424,1914,0,0,0,1914,A
5-NP,425,1919,0,0,0,1919,A
5-NP,426,0,1930,0,0,1930,T
5-NP,427,0,1930,0,0,1930,T
5-NP,428,0,1927,0,0,1927,T
5-NP,429,16,5,1922,0,1943,G
5-NP,430,1925,0,2,0,1927,A
5-NP,431,1941,0,1,0,1942,A
5-NP,432,1,1959,0,0,1960,T
5-NP,433,0,3,1942,0,1945,G
5-NP,434,2065,0,2,0,2067,A
5-NP,435,0,2091,0,0,2091,T
5-NP,436,1,0,2092,0,2093,G
5-NP,437,1,0,1,2179,2181,C
5-NP,438,2175,0,1,0,2176,A
5-NP,439,2291,0,3,0,2294,A
5-NP,440,1,1,0,2300,2302,C
5-NP,441,2347,1,0,0,2348,A
5-NP,442,0,2416,0,1,2417,T
5-NP,443,2371,0,3,0,2374,A
5-NP,444,2,0,0,2420,2422,C
5-NP,445,4,0,0,2402,2406,C
5-NP,446,2369,0,2,1,2372,A
5-NP,447,0,2,2392,0,2394,G
5-NP,448,2328,0,2,0,2330,A
5-NP,449,0,7,2392,0,2399,G
5-NP,450,0,4,2378,0,2382,G
5-NP,451,2373,0,4,0,2377,A
5-NP,452,2,0,0,2408,2410,C
5-NP,453,2383,0,3,0,2386,A
5-NP,454,2391,0,2,1,2394,A
5-NP,455,0,9,2381,0,2390,G
5-NP,456,2370,0,2,0,2372,A
5-NP,457,0,0,2390,0,2390,G
5-NP,458,0,1,0,2396,2397,C
5-NP,459,1,2377,0,6,2384,T
5-NP,460,0,0,0,2401,2401,C
5-NP,461,0,2403,0,1,2404,T
5-NP,462,0,2419,0,0,2419,T
5-NP,463,1,2,2431,0,2434,G
5-NP,464,1,2420,0,1,2422,T
5-NP,465,0,2424,0,1,2425,T
5-NP,466,16,1,0,2406,2423,C
5-NP,467,0,15,2398,0,2413,G
5-NP,468,2453,0,0,1,2454,A
5-NP,469,2478,1,1,2,2482,A
5-NP,470,0,0,0,2511,2511,C
5-NP,471,0,2505,0,1,2506,T
5-NP,472,1,6,2547,0,2554,G
5-NP,473,0,9,2544,1,2554,G
5-NP,474,2564,2,0,1,2567,A
5-NP,475,2571,0,1,1,2573,A
5-NP,476,0,2562,0,0,2562,T
5-NP,477,0,4,2558,0,2562,G
5-NP,478,0,4,2558,0,2562,G
5-NP,479,2591,0,3,1,2595,A
5-NP,480,0,2639,0,0,2639,T
5-NP,481,1,0,0,2637,2638,C
5-NP,482,4,1,0,2659,2664,C
5-NP,483,4,2,1,2675,2682,C
5-NP,484,2709,0,0,1,2710,A
5-NP,485,1,2,2749,0,2752,G
5-NP,486,2742,0,1,1,2744,A
5-NP,487,2741,0,0,0,2741,A
5-NP,488,0,2726,0,0,2726,T
5-NP,489,1,2,2755,0,2758,G
5-NP,490,0,2721,0,0,2721,T
5-NP,491,0,2,2739,0,2741,G
5-NP,492,1,0,0,2755,2756,C
5-NP,493,0,2747,0,3,2750,T
5-NP,494,10,0,0,2935,2945,C
5-NP,495,1,2928,0,3,2932,T
5-NP,496,2,0,0,3065,3067,C
5-NP,497,0,3075,0,0,3075,T
5-NP,498,0,1,3087,1,3089,G
5-NP,499,3105,0,3,0,3108,A
5-NP,500,0,3118,0,0,3118,T
5-NP,501,1,2,3111,0,3114,G
5-NP,502,0,1,0,3115,3116,C
5-NP,503,3012,0,4,1,3017,A
5-NP,504,0,3,3085,0,3088,G
5-NP,505,2,7,3002,0,3011,G
5-NP,506,0,0,3058,1,3059,G
5-NP,507,0,0,0,3064,3064,C
5-NP,508,0,3065,0,3,3068,T
5-NP,509,2,3,0,3071,3076,C
5-NP,510,1,7,3080,0,3088,G
5-NP,511,3111,0,7,0,3118,A
5-NP,512,0,0,0,3141,3141,C
5-NP,513,0,3094,0,0,3094,T
5-NP,514,5,0,0,3269,3274,C
5-NP,515,0,3263,0,2,3265,T
5-NP,516,6,0,1,3760,3767,C
5-NP,517,4,1,0,3758,3763,C
5-NP,518,3,1,0,3786,3790,C
5-NP,519,0,3786,0,1,3787,T
5-NP,520,3774,0,1,0,3775,A
5-NP,521,0,1,3757,0,3758,G
5-NP,522,3759,0,1,0,3760,A
5-NP,523,3651,0,3,1,3655,A
5-NP,524,0,7,3659,0,3666,G
5-NP,525,0,1,3614,0,3615,G
5-NP,526,0,3537,0,15,3552,T
5-NP,527,12,0,0,3579,3591,C
5-NP,528,7,2,0,3577,3586,C
5-NP,529,0,5,3587,0,3592,G
5-NP,530,0,8,3608,0,3616,G
5-NP,531,3596,0,4,0,3600,A
5-NP,532,0,1,3685,0,3686,G
5-NP,533,0,1,0,3702,3703,C
5-NP,534,0,3633,0,18,3651,T
5-NP,535,0,0,3665,0,3665,G
5-NP,536,2,3,0,3658,3663,C
5-NP,537,3678,1,11,2,3692,A
5-NP,538,0,8,3689,0,3697,G
5-NP,539,0,3,3693,0,3696,G
5-NP,540,0,3629,0,0,3629,T
5-NP,541,0,2,3667,0,3669,G
5-NP,542,1,1,0,3668,3670,C
5-NP,543,0,3697,0,6,3703,T
5-NP,544,0,0,3706,1,3707,G
5-NP,545,2,2,0,3704,3708,C
5-NP,546,3759,0,3,1,3763,A
5-NP,547,0,3,3846,0,3849,G
5-NP,548,1,3784,1,2,3788,T
5-NP,549,8,0,0,3800,3808,C
5-NP,550,3796,0,0,0,3796,A
5-NP,551,3801,0,1,1,3803,A
5-NP,552,3804,0,5,0,3809,A
5-NP,553,0,2,3830,1,3833,G
5-NP,554,0,7,3842,0,3849,G
5-NP,555,3805,0,2,0,3807,A
5-NP,556,3793,0,1,0,3794,A
5-NP,557,0,3795,0,1,3796,T
5-NP,558,4,3,0,3790,3797,C
5-NP,559,0,12,3778,0,3790,G
5-NP,560,1,3,3858,0,3862,G
5-NP,561,0,12,3872,0,3884,G
5-NP,562,3855,0,0,0,3855,A
5-NP,563,1,1,0,3896,3898,C
5-NP,564,3854,0,0,0,3854,A
5-NP,565,3941,0,1,0,3942,A
5-NP,566,0,3981,0,3,3984,T
5-NP,567,0,7,4013,1,4021,G
5-NP,568,1,2,4103,1,4107,G
5-NP,569,0,4069,0,2,4071,T
5-NP,570,1,1,4160,0,4162,G
5-NP,571,4124,0,5,0,4129,A
5-NP,572,0,4147,0,1,4148,T
5-NP,573,0,9,4149,0,4158,G
5-NP,574,1,14,4171,0,4186,G
5-NP,575,4136,0,5,0,4141,A
5-NP,576,4173,0,3,0,4176,A
5-NP,577,1,0,0,4163,4164,C
5-NP,578,0,4047,0,1,4048,T
5-NP,579,0,5,4270,1,4276,G
5-NP,580,4206,1,3,0,4210,A
5-NP,581,0,4243,0,2,4245,T
5-NP,582,7,1,0,4261,4269,C
5-NP,583,4201,0,3,0,4204,A
5-NP,584,0,2,4299,0,4301,G
5-NP,585,4250,1,0,0,4251,A
5-NP,586,4272,0,1,0,4273,A
5-NP,587,0,4305,0,0,4305,T
5-NP,588,0,6,4201,0,4207,G
5-NP,589,1,2,4237,0,4240,G
5-NP,590,0,4206,0,10,4216,T
5-NP,591,5,1,0,4247,4253,C
5-NP,592,4262,0,0,0,4262,A
5-NP,593,4221,0,0,0,4221,A
5-NP,594,4241,0,2,0,4243,A
5-NP,595,3,2,0,4265,4270,C
5-NP,596,1,4,4246,0,4251,G
5-NP,597,0,7,4235,2,4244,G
5-NP,598,0,12,4198,0,4210,G
5-NP,599,2,13,4221,0,4236,G
5-NP,600,2,9,4270,0,4281,G
5-NP,601,4250,0,4,0,4254,A
5-NP,602,1,4214,0,5,4220,T
5-NP,603,5,0,1,4254,4260,C
5-NP,604,4277,0,1,0,4278,A
5-NP,605,4244,0,2,0,4246,A
5-NP,606,2,3,1,4216,4222,C
5-NP,607,2,10,4191,0,4203,G
5-NP,608,4182,0,1,0,4183,A
5-NP,609,0,4169,0,1,4170,T
5-NP,610,5,2,0,4181,4188,C
5-NP,611,0,5,4206,0,4211,G
5-NP,612,4169,0,0,0,4169,A
5-NP,613,4185,0,1,0,4186,A
5-NP,614,4180,0,0,0,4180,A
5-NP,615,0,4227,0,1,4228,T
5-NP,616,1,4245,0,0,4246,T
5-NP,617,0,4232,0,0,4232,T
5-NP,618,0,4246,0,2,4248,T
5-NP,619,0,4255,0,0,4255,T
5-NP,620,1,4,4242,0,4247,G
5-NP,621,0,9,4231,0,4240,G
5-NP,622,4184,0,4,0,4188,A
5-NP,623,0,8,4244,0,4252,G
5-NP,624,4157,1,4,0,4162,A
5-NP,625,0,9,4399,0,4408,G
5-NP,626,0,1,4419,0,4420,G
5-NP,627,0,4337,1,5,4343,T
5-NP,628,18,3,4423,0,4444,G
5-NP,629,4430,0,9,0,4439,A
5-NP,630,0,10,4449,0,4459,G
5-NP,631,4435,0,0,0,4435,A
5-NP,632,4425,0,3,0,4428,A
5-NP,633,0,4411,1,0,4412,T
5-NP,634,1,11,4237,0,4249,G
5-NP,635,2,2,4201,0,4205,G
5-NP,636,1,0,4193,0,4194,G
5-NP,637,3,5,0,4169,4177,C
5-NP,638,0,4,4201,0,4205,G
5-NP,639,0,5,4246,0,4251,G
5-NP,640,4236,1,2,0,4239,A
5-NP,641,4231,1,0,0,4232,A
5-NP,642,4313,0,2,0,4315,A
5-NP,643,4322,0,7,0,4329,A
5-NP,644,1,0,0,4372,4373,C
5-NP,645,4351,1,2,0,4354,A
5-NP,646,4339,0,2,0,4341,A
5-NP,647,0,41,4302,0,4343,G
5-NP,648,4209,0,0,0,4209,A
5-NP,649,4219,0,2,0,4221,A
5-NP,650,0,1,4330,0,4331,G
5-NP,651,2,4272,1,2,4277,T
5-NP,652,1,2,4539,0,4542,G
5-NP,653,3,0,0,4504,4507,C
5-NP,654,0,4536,1,6,4543,T
5-NP,655,0,4581,1,0,4582,T
5-NP,656,4626,0,1,0,4627,A
5-NP,657,0,4637,3,0,4640,T
5-NP,658,0,9,4659,1,4669,G
5-NP,659,4544,0,11,0,4555,A
5-NP,660,1,9,4580,0,4590,G
5-NP,661,4359,2,6,0,4367,A
5-NP,662,1,12,4390,0,4403,G
5-NP,663,4387,0,3,0,4390,A
5-NP,664,4428,0,1,0,4429,A
5-NP,665,0,4391,1,1,4393,T
5-NP,666,0,1,4457,0,4458,G
5-NP,667,0,4389,1,7,4397,T
5-NP,668,2,2,4445,0,4449,G
5-NP,669,3,0,0,4427,4430,C
5-NP,670,4421,0,2,0,4423,A
5-NP,671,4435,0,1,0,4436,A
5-NP,672,0,0,0,4421,4421,C
5-NP,673,4392,0,2,0,4394,A
5-NP,674,1,4405,1,2,4409,T
5-NP,675,0,4337,1,3,4341,T
5-NP,676,17,0,0,4338,4355,C
5-NP,677,0,4334,1,2,4337,T
5-NP,678,0,4331,1,2,4334,T
5-NP,679,4337,0,0,0,4337,A
5-NP,680,4311,0,1,0,4312,A
5-NP,681,4314,0,2,0,4316,A
5-NP,682,0,6,4310,0,4316,G
5-NP,683,1,4,4290,0,4295,G
5-NP,684,4245,0,46,0,4291,A
5-NP,685,4289,0,0,1,4290,A
5-NP,686,4293,1,1,0,4295,A
5-NP,687,4346,0,1,1,4348,A
5-NP,688,0,4336,0,0,4336,T
5-NP,689,0,4333,1,1,4335,T
5-NP,690,0,4345,1,0,4346,T
5-NP,691,7,2,0,4346,4355,C
5-NP,692,4369,0,2,0,4371,A
5-NP,693,4356,0,0,0,4356,A
5-NP,694,4361,1,2,0,4364,A
5-NP,695,1,0,0,4427,4428,C
5-NP,696,4370,0,3,0,4373,A
5-NP,697,0,1,4471,0,4472,G
5-NP,698,1,0,0,4464,4465,C
5-NP,699,0,4459,0,0,4459,T
5-NP,700,0,0,4587,0,4587,G
5-NP,701,2,38,0,4534,4574,C
5-NP,702,4619,0,5,0,4624,A
5-NP,703,1,1,0,4604,4606,C
5-NP,704,4580,0,0,0,4580,A
5-NP,705,4580,1,1,0,4582,A
5-NP,706,4423,0,6,0,4429,A
5-NP,707,0,9,4588,0,4597,G
5-NP,708,4581,0,6,0,4587,A
5-NP,709,1,1,4610,0,4612,G
5-NP,710,3,0,0,4610,4613,C
5-NP,711,4615,0,0,0,4615,A
5-NP,712,4774,0,3,0,4777,A
5-NP,713,0,4778,0,1,4779,T
5-NP,714,1,6,4788,0,4795,G
5-NP,715,1,2,4815,0,4818,G
5-NP,716,1,4650,0,5,4656,T
5-NP,717,4,6,4674,1,4685,G
5-NP,718,0,6,4702,0,4708,G
5-NP,719,4696,1,4,0,4701,A
5-NP,720,1,4662,1,16,4680,T
5-NP,721,7,0,0,4554,4561,C
5-NP,722,4561,1,2,0,4564,A
5-NP,723,4607,0,2,1,4610,A
5-NP,724,2,2,4646,2,4652,G
5-NP,725,0,4592,1,3,4596,T
5-NP,726,0,11,4619,0,4630,G
5-NP,727,4575,0,9,0,4584,A
5-NP,728,0,14,4589,0,4603,G
5-NP,729,4601,1,3,0,4605,A
5-NP,730,0,3,4591,0,4594,G
5-NP,731,4565,0,4,0,4569,A
5-NP,732,4496,0,0,0,4496,A
5-NP,733,4515,0,3,0,4518,A
5-NP,734,1,0,4527,0,4528,G
5-NP,735,0,4460,0,2,4462,T
5-NP,736,18,1,1,4470,4490,C
5-NP,737,0,11,4471,0,4482,G
5-NP,738,1,7,4463,0,4471,G
5-NP,739,4498,0,2,0,4500,A
5-NP,740,4510,0,0,0,4510,A
5-NP,741,6,0,0,4567,4573,C
5-NP,742,11,0,0,4509,4520,C
5-NP,743,9,0,0,4532,4541,C
5-NP,744,4548,0,1,0,4549,A
5-NP,745,75,4,4481,0,4560,G
5-NP,746,0,8,4540,0,4548,G
5-NP,747,4550,0,0,0,4550,A
5-NP,748,4544,0,1,1,4546,A
5-NP,749,4531,0,3,0,4534,A
5-NP,750,0,1,0,4507,4508,C
5-NP,751,1,1,4478,0,4480,G
5-NP,752,1,0,0,4482,4483,C
5-NP,753,0,4467,0,1,4468,T
5-NP,754,0,8,4491,0,4499,G
5-NP,755,4464,1,5,0,4470,A
5-NP,756,1,4,4540,0,4545,G
5-NP,757,4545,1,7,0,4553,A
5-NP,758,0,4531,0,0,4531,T
5-NP,759,6,2,0,4492,4500,C
5-NP,760,0,1,4532,0,4533,G
5-NP,761,4513,1,0,0,4514,A
5-NP,762,4507,0,1,0,4508,A
5-NP,763,1,2,4517,0,4520,G
5-NP,764,4503,2,0,0,4505,A
5-NP,765,0,4473,0,1,4474,T
5-NP,766,9,0,1,4539,4549,C
5-NP,767,0,4546,0,3,4549,T
5-NP,768,12,2,0,4561,4575,C
5-NP,769,4596,0,1,0,4597,A
5-NP,770,0,4595,0,0,4595,T
5-NP,771,4609,0,0,0,4609,A
5-NP,772,1,4593,0,0,4594,T
5-NP,773,0,4603,0,0,4603,T
5-NP,774,0,4570,0,10,4580,T
5-NP,775,0,4540,1,0,4541,T
5-NP,776,0,4538,1,0,4539,T
5-NP,777,4564,0,4,1,4569,A
5-NP,778,1,4,4528,0,4533,G
5-NP,779,0,1,0,4536,4537,C
5-NP,780,4540,0,1,0,4541,A
5-NP,781,4513,1,4,0,4518,A
5-NP,782,1,6,4699,0,4706,G
5-NP,783,4677,0,1,0,4678,A
5-NP,784,0,4672,1,1,4674,T
5-NP,785,1,1,0,4731,4733,C
5-NP,786,1,4699,1,9,4710,T
5-NP,787,1,2,4870,0,4873,G
5-NP,788,3,1,0,4851,4855,C
5-NP,789,4876,0,2,0,4878,A
5-NP,790,0,4918,0,2,4920,T
5-NP,791,0,4784,0,0,4784,T
5-NP,792,2,9,5071,0,5082,G
5-NP,793,5167,0,2,1,5170,A
5-NP,794,0,5173,0,1,5174,T
5-NP,795,5197,0,1,0,5198,A
5-NP,796,1,5116,0,0,5117,T
5-NP,797,0,5048,0,3,5051,T
5-NP,798,0,14,5085,0,5099,G
5-NP,799,5036,1,0,0,5037,A
5-NP,800,1,9,5072,0,5082,G
5-NP,801,4809,1,8,0,4818,A
5-NP,802,3,7,4766,0,4776,G
5-NP,803,0,8,4823,0,4831,G
5-NP,804,4782,0,3,0,4785,A
5-NP,805,0,4767,0,3,4770,T
5-NP,806,10,0,0,4814,4824,C
5-NP,807,4780,0,2,0,4782,A
5-NP,808,0,0,4815,0,4815,G
5-NP,809,1,4779,0,2,4782,T
5-NP,810,0,4757,1,3,4761,T
5-NP,811,0,4,4775,0,4779,G
5-NP,812,0,1,0,4741,4742,C
5-NP,813,2,4727,0,6,4735,T
5-NP,814,16,1,0,4752,4769,C
5-NP,815,4768,0,3,1,4772,A
5-NP,816,1,0,0,4805,4806,C
5-NP,817,4808,0,0,0,4808,A
5-NP,818,4821,0,0,0,4821,A
5-NP,819,4815,0,1,1,4817,A
5-NP,820,0,4772,2,0,4774,T
5-NP,821,4,1,0,4784,4789,C
5-NP,822,0,4790,0,2,4792,T
5-NP,823,1,4807,0,1,4809,T
5-NP,824,2,4,4813,0,4819,G
5-NP,825,1,22,0,4773,4796,C
5-NP,826,9,1,0,4830,4840,C
5-NP,827,0,4853,0,1,4854,T
5-NP,828,4839,0,1,0,4840,A
5-NP,829,2,3,0,4903,4908,C
5-NP,830,6,1,1,4922,4930,C
5-NP,831,0,4906,0,4,4910,T
5-NP,832,1,3,4984,0,4988,G
5-NP,833,2,2,0,4931,4935,C
5-NP,834,5,2,0,4975,4982,C
5-NP,835,1,4892,1,5,4899,T
5-NP,836,1,1,4986,1,4989,G
5-NP,837,0,4933,0,1,4934,T
5-NP,838,1,1,5028,0,5030,G
5-NP,839,9,2,0,5039,5050,C
5-NP,840,1,3,5145,2,5151,G
5-NP,841,0,5044,0,2,5046,T
5-NP,842,5059,1,1,0,5061,A
5-NP,843,0,5050,0,0,5050,T
5-NP,844,0,12,5048,0,5060,G
5-NP,845,1,15,5215,0,5231,G
5-NP,846,5194,1,7,0,5202,A
5-NP,847,3,3,0,5122,5128,C
5-NP,848,7,0,0,5117,5124,C
5-NP,849,1,5037,1,4,5043,T
5-NP,850,3,4,5299,0,5306,G
5-NP,851,3,0,0,5305,5308,C
5-NP,852,5331,1,3,0,5335,A
5-NP,853,0,2,5423,0,5425,G
5-NP,854,0,5212,1,2,5215,T
5-NP,855,5396,1,0,0,5397,A
5-NP,856,0,5356,0,5,5361,T
5-NP,857,7,1,0,5352,5360,C
5-NP,858,2,2,0,5400,5404,C
5-NP,859,5165,0,1,0,5166,A
5-NP,860,0,0,5200,0,5200,G
5-NP,861,0,5173,1,4,5178,T
5-NP,862,0,15,5259,0,5274,G
5-NP,863,2,12,5201,0,5215,G
5-NP,864,0,5,5167,0,5172,G
5-NP,865,1,5151,0,2,5154,T
5-NP,866,5153,0,2,1,5156,A
5-NP,867,0,4,1,5138,5143,C
5-NP,868,0,25,5095,1,5121,G
5-NP,869,5080,0,1,0,5081,A
5-NP,870,1,0,0,5134,5135,C
5-NP,871,0,4941,1,6,4948,T
5-NP,872,1,4978,1,0,4980,T
5-NP,873,7,4,1,4965,4977,C
5-NP,874,0,9,4980,0,4989,G
5-NP,875,4953,1,2,0,4956,A
5-NP,876,4988,0,0,0,4988,A
5-NP,877,5012,0,0,4,5016,A
5-NP,878,5006,0,0,0,5006,A
5-NP,879,4977,0,7,0,4984,A
5-NP,880,0,5,5010,0,5015,G
5-NP,881,4972,1,12,0,4985,A
5-NP,882,2,6,5021,0,5029,G
5-NP,883,0,9,5072,0,5081,G
5-NP,884,0,5,5075,1,5081,G
5-NP,885,5099,0,1,0,5100,A
5-NP,886,0,5092,1,3,5096,T
5-NP,887,5164,0,1,0,5165,A
5-NP,888,0,5157,0,1,5158,T
5-NP,889,0,5187,0,1,5188,T
5-NP,890,13,1,0,5240,5254,C
5-NP,891,10,1,0,5226,5237,C
5-NP,892,0,5189,0,1,5190,T
5-NP,893,0,5196,0,0,5196,T
5-NP,894,1,9,5292,0,5302,G
5-NP,895,0,1,5310,0,5311,G
5-NP,896,1,5220,0,2,5223,T
5-NP,897,1,7,5246,0,5254,G
5-NP,898,0,12,5187,0,5199,G
5-NP,899,0,8,5123,0,5131,G
5-NP,900,4,3,4988,0,4995,G
5-NP,901,5331,0,5,0,5336,A
5-NP,902,0,5331,0,1,5332,T
5-NP,903,5353,0,4,0,5357,A
5-NP,904,0,7,5345,0,5352,G
5-NP,905,5277,0,13,0,5290,A
5-NP,906,2,1,0,5294,5297,C
5-NP,907,4,4,0,5210,5218,C
5-NP,908,15,0,0,5093,5108,C
5-NP,909,1,5163,0,12,5176,T
5-NP,910,1,5176,0,5,5182,T
5-NP,911,0,5185,0,1,5186,T
5-NP,912,13,1,0,5186,5200,C
5-NP,913,5199,0,0,0,5199,A
5-NP,914,5192,0,1,0,5193,A
5-NP,915,5181,0,1,0,5182,A
5-NP,916,2,1,0,5161,5164,C
5-NP,917,0,5063,0,1,5064,T
5-NP,918,5058,0,0,0,5058,A
5-NP,919,1,0,0,5122,5123,C
5-NP,920,0,5092,0,16,5108,T
5-NP,921,0,5073,0,2,5075,T
5-NP,922,3,0,0,5126,5129,C
5-NP,923,5130,0,1,0,5131,A
5-NP,924,5132,0,0,0,5132,A
5-NP,925,5113,1,1,0,5115,A
5-NP,926,5109,0,5,0,5114,A
5-NP,927,0,5061,0,1,5062,T
5-NP,928,5022,0,6,0,5028,A
5-NP,929,2,1,5068,0,5071,G
5-NP,930,2,2,0,5080,5084,C
5-NP,931,9,0,0,5153,5162,C
5-NP,932,5171,0,0,0,5171,A
5-NP,933,5182,0,1,0,5183,A
5-NP,934,5367,0,0,1,5368,A
5-NP,935,0,5373,0,0,5373,T
5-NP,936,5410,1,1,0,5412,A
5-NP,937,1,5389,0,2,5392,T
5-NP,938,5321,0,2,0,5323,A
5-NP,939,1,0,0,5337,5338,C
5-NP,940,5223,0,2,2,5227,A
5-NP,941,0,1,5368,0,5369,G
5-NP,942,0,0,1,5361,5362,C
5-NP,943,1,5205,0,8,5214,T
5-NP,944,0,5280,0,0,5280,T
5-NP,945,5319,0,0,0,5319,A
5-NP,946,5322,1,2,0,5325,A
5-NP,947,0,5303,0,0,5303,T
5-NP,948,15,1,0,5303,5319,C
5-NP,949,5172,1,4,1,5178,A
5-NP,950,1,6,5238,0,5245,G
5-NP,951,5218,3,3,0,5224,A
5-NP,952,4,0,0,5272,5276,C
5-NP,953,6,1,0,5224,5231,C
5-NP,954,1,5177,0,1,5179,T
5-NP,955,5245,0,2,0,5247,A
5-NP,956,5232,0,2,0,5234,A
5-NP,957,0,2,0,5261,5263,C
5-NP,958,2,20,5240,0,5262,G
5-NP,959,5153,0,2,0,5155,A
5-NP,960,0,10,5152,0,5162,G
5-NP,961,5124,0,9,0,5133,A
5-NP,962,5194,0,0,0,5194,A
5-NP,963,0,5142,0,0,5142,T
5-NP,964,14,0,1,5085,5100,C
5-NP,965,8,2,0,5115,5125,C
5-NP,966,5023,0,8,1,5032,A
5-NP,967,0,2,5057,0,5059,G
5-NP,968,1,2,0,5049,5052,C
5-NP,969,5083,0,4,0,5087,A
5-NP,970,2,1,0,5129,5132,C
5-NP,971,5071,0,2,0,5073,A
5-NP,972,3,0,0,5093,5096,C
5-NP,973,5084,0,3,0,5087,A
5-NP,974,5091,0,6,0,5097,A
5-NP,975,0,8,5090,0,5098,G
5-NP,976,5039,0,5,0,5044,A
5-NP,977,0,2,5045,0,5047,G
5-NP,978,0,4923,0,3,4926,T
5-NP,979,16,0,0,4928,4944,C
5-NP,980,4950,0,6,0,4956,A
5-NP,981,0,0,4957,0,4957,G
5-NP,982,3,0,0,4934,4937,C
5-NP,983,0,4906,0,3,4909,T
5-NP,984,1,8,4992,1,5002,G
5-NP,985,1,3,5033,0,5037,G
5-NP,986,0,5015,0,0,5015,T
5-NP,987,2,2,5067,0,5071,G
5-NP,988,0,5006,0,1,5007,T
5-NP,989,1,12,5000,0,5013,G
5-NP,990,0,3,4986,0,4989,G
5-NP,991,4953,1,2,0,4956,A
5-NP,992,0,4969,0,2,4971,T
5-NP,993,1,9,4785,0,4795,G
5-NP,994,1,0,4768,0,4769,G
5-NP,995,0,1,0,4746,4747,C
5-NP,996,4701,0,7,0,4708,A
5-NP,997,1,4700,0,3,4704,T
5-NP,998,1,1,4664,0,4666,G
5-NP,999,2,3,0,4643,4648,C
5-NP,1000,13,0,0,4671,4684,C
5-NP,1001,4715,0,2,0,4717,A
5-NP,1002,1,4685,0,7,4693,T
5-NP,1003,0,4642,0,2,4644,T
5-NP,1004,5,1,0,4659,4665,C
5-NP,1005,0,4602,0,2,4604,T
5-NP,1006,1,1,4590,0,4592,G
5-NP,1007,1,0,0,4584,4585,C
5-NP,1008,1,4470,0,3,4474,T
5-NP,1009,1,1,4507,0,4509,G
5-NP,1010,0,1,0,4447,4448,C
5-NP,1011,4459,0,0,0,4459,A
5-NP,1012,0,4449,0,2,4451,T
5-NP,1013,0,4434,0,0,4434,T
5-NP,1014,0,4431,0,6,4437,T
5-NP,1015,0,6,4417,0,4423,G
5-NP,1016,4418,0,4,0,4422,A
5-NP,1017,4414,0,5,0,4419,A
5-NP,1018,0,3,4442,0,4445,G
5-NP,1019,4405,0,6,0,4411,A
5-NP,1020,0,4385,0,0,4385,T
5-NP,1021,0,4381,0,1,4382,T
5-NP,1022,0,4389,1,0,4390,T
5-NP,1023,4383,0,1,0,4384,A
5-NP,1024,4388,0,1,0,4389,A
5-NP,1025,1,8,4374,0,4383,G
5-NP,1026,4377,0,1,0,4378,A
5-NP,1027,0,4373,0,0,4373,T
5-NP,1028,0,4307,0,2,4309,T
5-NP,1029,3,2,4342,1,4348,G
5-NP,1030,0,4320,0,4,4324,T
5-NP,1031,2,4321,0,0,4323,T
5-NP,1032,4331,1,1,0,4333,A
5-NP,1033,4334,0,1,0,4335,A
5-NP,1034,2,0,4336,0,4338,G
5-NP,1035,2,0,0,4348,4350,C
5-NP,1036,0,4251,0,7,4258,T
5-NP,1037,0,4274,0,3,4277,T
5-NP,1038,6,0,1,4296,4303,C
5-NP,1039,4294,0,1,1,4296,A
5-NP,1040,0,4273,0,1,4274,T
5-NP,1041,6,1,0,4292,4299,C
5-NP,1042,4235,0,3,0,4238,A
5-NP,1043,0,6,4236,0,4242,G
5-NP,1044,4168,0,8,0,4176,A
5-NP,1045,2,3,4160,0,4165,G
5-NP,1046,1,8,4156,0,4165,G
5-NP,1047,1,11,4121,0,4133,G
5-NP,1048,4102,1,7,0,4110,A
5-NP,1049,2,0,0,4131,4133,C
5-NP,1050,4143,0,1,0,4144,A
5-NP,1051,4162,0,3,0,4165,A
5-NP,1052,4166,0,2,0,4168,A
5-NP,1053,4185,0,4,0,4189,A
5-NP,1054,1,1,4194,0,4196,G
5-NP,1055,0,4059,0,1,4060,T
5-NP,1056,4043,0,0,0,4043,A
5-NP,1057,0,4005,0,2,4007,T
5-NP,1058,6,71,0,3944,4021,C
5-NP,1059,1,3976,0,2,3979,T
5-NP,1060,8,0,0,4013,4021,C
5-NP,1061,4,0,0,3981,3985,C
5-NP,1062,1,3921,0,1,3923,T
5-NP,1063,6,0,0,3943,3949,C
5-NP,1064,2,10,3928,0,3940,G
5-NP,1065,0,4,3967,0,3971,G
5-NP,1066,1,12,3962,0,3975,G
5-NP,1067,1,3,3942,1,3947,G
5-NP,1068,0,7,3948,1,3956,G
5-NP,1069,3874,0,1,0,3875,A
5-NP,1070,3869,1,0,0,3870,A
5-NP,1071,3854,0,5,1,3860,A
5-NP,1072,3,1,0,3876,3880,C
5-NP,1073,0,3850,0,4,3854,T
5-NP,1074,1,0,3883,0,3884,G
5-NP,1075,0,3849,0,5,3854,T
5-NP,1076,16,0,0,3835,3851,C
5-NP,1077,3930,1,4,0,3935,A
5-NP,1078,3940,1,0,0,3941,A
5-NP,1079,2,0,0,3958,3960,C
5-NP,1080,0,3952,0,1,3953,T
5-NP,1081,3885,0,2,0,3887,A
5-NP,1082,51,4,3853,0,3908,G
5-NP,1083,3824,0,2,0,3826,A
5-NP,1084,3,6,3819,0,3828,G
5-NP,1085,1,6,3820,0,3827,G
5-NP,1086,3582,0,2,0,3584,A
5-NP,1087,0,3,3627,0,3630,G
5-NP,1088,0,3582,1,1,3584,T
5-NP,1089,3579,0,1,0,3580,A
5-NP,1090,1,0,0,3588,3589,C
5-NP,1091,3542,1,0,0,3543,A
5-NP,1092,3524,1,0,0,3525,A
5-NP,1093,3501,0,0,0,3501,A
5-NP,1094,0,3449,1,1,3451,T
5-NP,1095,0,3426,1,0,3427,T
5-NP,1096,0,1,3327,0,3328,G
5-NP,1097,3,0,0,3308,3311,C
5-NP,1098,0,3300,1,2,3303,T
5-NP,1099,1,3295,1,2,3299,T
5-NP,1100,6,0,0,3303,3309,C
5-NP,1101,3324,0,0,1,3325,A
5-NP,1102,3336,0,0,0,3336,A
5-NP,1103,3322,0,0,0,3322,A
5-NP,1104,0,3333,1,2,3336,T
5-NP,1105,0,5,3335,0,3340,G
5-NP,1106,3290,0,4,0,3294,A
5-NP,1107,1,5,3317,1,3324,G
5-NP,1108,3317,0,3,0,3320,A
5-NP,1109,3321,0,1,0,3322,A
5-NP,1110,2,1,0,3325,3328,C
5-NP,1111,3277,0,2,0,3279,A
5-NP,1112,0,3269,2,2,3273,T
5-NP,1113,0,9,3321,0,3330,G
5-NP,1114,1,3,3345,0,3349,G
5-NP,1115,3320,0,4,0,3324,A
5-NP,1116,0,3255,2,0,3257,T
5-NP,1117,3208,0,1,0,3209,A
5-NP,1118,3392,0,2,0,3394,A
5-NP,1119,0,3316,1,0,3317,T
5-NP,1120,3312,0,0,0,3312,A
5-NP,1121,1,3291,2,2,3296,T
5-NP,1122,1,6,3068,0,3075,G
5-NP,1123,0,0,3008,0,3008,G
5-NP,1124,1,5,2998,0,3004,G
5-NP,1125,2933,0,28,0,2961,A
5-NP,1126,0,2937,2,0,2939,T
5-NP,1127,8,1,0,2400,2409,C
5-NP,1128,1,4,2411,0,2416,G
5-NP,1129,2388,0,1,0,2389,A
5-NP,1130,14,1,2375,0,2390,G
5-NP,1131,0,0,0,2371,2371,C
5-NP,1132,2340,1,1,0,2342,A
5-NP,1133,0,0,0,2458,2458,C
5-NP,1134,0,2425,2,0,2427,T
5-NP,1135,7,0,0,2447,2454,C
5-NP,1136,2,2452,2,2,2458,T
5-NP,1137,0,2411,2,0,2413,T
5-NP,1138,0,4,2420,0,2424,G
5-NP,1139,2417,0,2,0,2419,A
5-NP,1140,2414,0,0,0,2414,A
5-NP,1141,1,0,0,2415,2416,C
5-NP,1142,0,1928,2,0,1930,T
5-NP,1143,2,0,1939,0,1941,G
5-NP,1144,1874,0,2,0,1876,A
5-NP,1145,0,0,1887,0,1887,G
5-NP,1146,1893,0,2,0,1895,A
5-NP,1147,1896,0,1,0,1897,A
5-NP,1148,0,0,1903,0,1903,G
5-NP,1149,1,1,0,1855,1857,C
5-NP,1150,209,3,1657,0,1869,G
5-NP,1151,1,4,1872,0,1877,G
5-NP,1152,0,0,1875,0,1875,G
5-NP,1153,0,1860,0,0,1860,T
5-NP,1154,1821,0,0,0,1821,A
5-NP,1155,1,0,0,1829,1830,C
5-NP,1156,0,1513,0,0,1513,T
5-NP,1157,1,3,1527,0,1531,G
5-NP,1158,0,0,1490,0,1490,G
5-NP,1159,0,1,1501,0,1502,G
5-NP,1160,1,1,0,1474,1476,C
5-NP,1161,4,0,0,1411,1415,C
5-NP,1162,1435,0,0,0,1435,A
5-NP,1163,0,1440,1,0,1441,T
5-NP,1164,1436,0,3,0,1439,A
5-NP,1165,1436,1,0,0,1437,A
5-NP,1166,0,2,1424,0,1426,G
5-NP,1167,0,3,1449,0,1452,G
5-NP,1168,1405,0,0,0,1405,A
5-NP,1169,1,0,0,1423,1424,C
5-NP,1170,3,0,0,1420,1423,C
5-NP,1171,1411,0,1,0,1412,A
5-NP,1172,0,3,1446,0,1449,G
5-NP,1173,0,3,1443,0,1446,G
5-NP,1174,1434,0,0,0,1434,A
5-NP,1175,0,0,1443,0,1443,G
5-NP,1176,0,1373,0,0,1373,T
5-NP,1177,0,1,1379,0,1380,G
5-NP,1178,1,2,1402,0,1405,G
5-NP,1179,1405,1,1,0,1407,A
5-NP,1180,0,0,1417,0,1417,G
5-NP,1181,0,1,1372,1,1374,G
5-NP,1182,1374,0,0,0,1374,A
5-NP,1183,1376,0,1,0,1377,A
5-NP,1184,1365,0,0,0,1365,A
5-NP,1185,1,0,0,1381,1382,C
5-NP,1186,1383,0,1,0,1384,A
5-NP,1187,1,0,0,1404,1405,C
5-NP,1188,0,1376,0,0,1376,T
5-NP,1189,1413,0,0,1,1414,A
5-NP,1190,1413,0,2,0,1415,A
5-NP,1191,1,1416,0,0,1417,T
5-NP,1192,4,0,0,1430,1434,C
5-NP,1193,1426,0,0,0,1426,A
5-NP,1194,1453,0,1,0,1454,A
5-NP,1195,0,0,0,1467,1467,C
5-NP,1196,1435,0,1,0,1436,A
5-NP,1197,0,1,1438,0,1439,G
5-NP,1198,1389,0,6,0,1395,A
5-NP,1199,0,2,1406,0,1408,G
5-NP,1200,0,1,1400,0,1401,G
5-NP,1201,0,0,1394,0,1394,G
5-NP,1202,1,0,0,1386,1387,C
5-NP,1203,3,0,0,1384,1387,C
5-NP,1204,1,1369,0,0,1370,T
5-NP,1205,5,0,0,1372,1377,C
5-NP,1206,2,0,0,1392,1394,C
5-NP,1207,0,2,1384,0,1386,G
5-NP,1208,0,1,0,1388,1389,C
5-NP,1209,1377,1,1,0,1379,A
5-NP,1210,0,2,1433,0,1435,G
5-NP,1211,0,0,1430,0,1430,G
5-NP,1212,0,0,0,1438,1438,C
5-NP,1213,5,0,0,1438,1443,C
5-NP,1214,1436,0,0,0,1436,A
5-NP,1215,1442,0,0,0,1442,A
5-NP,1216,1447,0,1,0,1448,A
5-NP,1217,0,0,0,1450,1450,C
5-NP,1218,2,2,0,1463,1467,C
5-NP,1219,1383,0,0,0,1383,A
5-NP,1220,0,1,1397,0,1398,G
5-NP,1221,0,1381,0,0,1381,T
5-NP,1222,1,2,1407,0,1410,G
5-NP,1223,0,1386,0,0,1386,T
5-NP,1224,0,0,1384,0,1384,G
5-NP,1225,1,1,0,1376,1378,C
5-NP,1226,1372,0,0,0,1372,A
5-NP,1227,1400,0,0,0,1400,A
5-NP,1228,1,0,0,1386,1387,C
5-NP,1229,3,0,0,1390,1393,C
5-NP,1230,0,1390,0,1,1391,T
5-NP,1231,1381,0,2,0,1383,A
5-NP,1232,0,1,0,1388,1389,C
5-NP,1233,0,0,1397,0,1397,G
5-NP,1234,0,1373,0,2,1375,T
5-NP,1235,0,1396,0,0,1396,T
5-NP,1236,0,1370,0,0,1370,T
5-NP,1237,0,1362,0,0,1362,T
5-NP,1238,1,0,0,1365,1366,C
5-NP,1239,0,1357,0,0,1357,T
5-NP,1240,0,0,1388,0,1388,G
5-NP,1241,0,1377,0,1,1378,T
5-NP,1242,1384,0,0,0,1384,A
5-NP,1243,0,0,0,1390,1390,C
5-NP,1244,1374,0,0,0,1374,A
5-NP,1245,1375,0,0,0,1375,A
5-NP,1246,1371,0,0,0,1371,A
5-NP,1247,0,2,1379,0,1381,G
5-NP,1248,1379,0,0,0,1379,A
5-NP,1249,1335,0,0,0,1335,A
5-NP,1250,1334,0,1,0,1335,A
5-NP,1251,0,1,0,1336,1337,C
5-NP,1252,0,1,0,1334,1335,C
5-NP,1253,0,1317,0,0,1317,T
5-NP,1254,2,0,0,1328,1330,C
5-NP,1255,1,1,0,1330,1332,C
5-NP,1256,2,0,0,1328,1330,C
5-NP,1257,1332,0,0,0,1332,A
5-NP,1258,0,1333,0,1,1334,T
5-NP,1259,0,1330,0,1,1331,T
5-NP,1260,0,1324,0,0,1324,T
5-NP,1261,0,2,1328,0,1330,G
5-NP,1262,1330,0,1,0,1331,A
5-NP,1263,1328,0,1,0,1329,A
5-NP,1264,1331,0,0,0,1331,A
5-NP,1265,1333,0,0,0,1333,A
5-NP,1266,0,0,1345,0,1345,G
5-NP,1267,1,1313,0,0,1314,T
5-NP,1268,4,0,0,1329,1333,C
5-NP,1269,1330,1,2,0,1333,A
5-NP,1270,1331,0,0,0,1331,A
5-NP,1271,0,1,0,1335,1336,C
5-NP,1272,5,0,0,1354,1359,C
5-NP,1273,1359,0,0,0,1359,A
5-NP,1274,0,1345,0,0,1345,T
5-NP,1275,3,0,0,1352,1355,C
5-NP,1276,1340,0,6,0,1346,A
5-NP,1277,0,1354,0,1,1355,T
5-NP,1278,0,2,1357,0,1359,G
5-NP,1279,1,0,1350,1,1352,G
5-NP,1280,1,0,0,1356,1357,C
5-NP,1281,1339,0,0,0,1339,A
5-NP,1282,0,0,1343,0,1343,G
5-NP,1283,2,0,0,1333,1335,C
5-NP,1284,1336,0,0,0,1336,A
5-NP,1285,0,1333,0,0,1333,T
5-NP,1286,0,1311,0,0,1311,T
5-NP,1287,6,0,0,1311,1317,C
5-NP,1288,1314,0,0,0,1314,A
5-NP,1289,1,0,0,1329,1330,C
5-NP,1290,0,1329,0,1,1330,T
5-NP,1291,2,1,1342,0,1345,G
5-NP,1292,0,2,1361,1,1364,G
5-NP,1293,1356,0,0,0,1356,A
5-NP,1294,1353,0,0,0,1353,A
5-NP,1295,1353,0,0,0,1353,A
5-NP,1296,0,1343,0,0,1343,T
5-NP,1297,1341,0,1,0,1342,A
5-NP,1298,1,1,0,1343,1345,C
5-NP,1299,1,4,1319,1,1325,G
5-NP,1300,0,1,1321,0,1322,G
5-NP,1301,1283,0,2,0,1285,A
5-NP,1302,2,4,1290,0,1296,G
5-NP,1303,1,2,1294,0,1297,G
5-NP,1304,0,0,1298,0,1298,G
5-NP,1305,1309,0,0,0,1309,A
5-NP,1306,1298,0,1,0,1299,A
5-NP,1307,0,6,1307,0,1313,G
5-NP,1308,1303,0,0,0,1303,A
5-NP,1309,1313,1,0,0,1314,A
5-NP,1310,0,1,0,1326,1327,C
5-NP,1311,1,1297,0,0,1298,T
5-NP,1312,0,1312,0,0,1312,T
5-NP,1313,2,1,0,1306,1309,C
5-NP,1314,1317,1,2,0,1320,A
5-NP,1315,0,2,1327,0,1329,G
5-NP,1316,1322,0,0,0,1322,A
5-NP,1317,0,0,0,1324,1324,C
5-NP,1318,1309,0,0,0,1309,A
5-NP,1319,0,1287,0,0,1287,T
5-NP,1320,0,4,1286,0,1290,G
5-NP,1321,1270,0,2,0,1272,A
5-NP,1322,0,4,1282,0,1286,G
5-NP,1323,0,3,1266,0,1269,G
5-NP,1324,0,0,1275,0,1275,G
5-NP,1325,0,0,0,1284,1284,C
5-NP,1326,1264,0,0,0,1264,A
5-NP,1327,0,1,1274,0,1275,G
5-NP,1328,1265,0,0,0,1265,A
5-NP,1329,1271,0,0,0,1271,A
5-NP,1330,1267,0,1,0,1268,A
5-NP,1331,0,1259,0,1,1260,T
5-NP,1332,7,0,0,1266,1273,C
5-NP,1333,1256,0,1,0,1257,A
5-NP,1334,0,1267,0,0,1267,T
5-NP,1335,1269,0,0,0,1269,A
5-NP,1336,1260,0,1,0,1261,A
5-NP,1337,0,2,1285,0,1287,G
5-NP,1338,1263,0,1,0,1264,A
5-NP,1339,1283,0,0,0,1283,A
5-NP,1340,0,1262,0,0,1262,T
5-NP,1341,0,2,1265,0,1267,G
5-NP,1342,1267,0,0,0,1267,A
5-NP,1343,0,1272,0,0,1272,T
5-NP,1344,0,1,1272,0,1273,G
5-NP,1345,0,0,1274,0,1274,G
5-NP,1346,1231,0,1,0,1232,A
5-NP,1347,1233,0,1,0,1234,A
5-NP,1348,0,1,1196,0,1197,G
5-NP,1349,0,2,1217,0,1219,G
5-NP,1350,0,1185,0,4,1189,T
5-NP,1351,0,1,1193,0,1194,G
5-NP,1352,1,0,0,1184,1185,C
5-NP,1353,1190,0,0,0,1190,A
5-NP,1354,1190,0,0,0,1190,A
5-NP,1355,1185,0,0,0,1185,A
5-NP,1356,1190,0,0,0,1190,A
5-NP,1357,0,0,0,1196,1196,C
5-NP,1358,1,0,0,1188,1189,C
5-NP,1359,1173,0,0,0,1173,A
5-NP,1360,0,2,1178,0,1180,G
5-NP,1361,1176,0,0,0,1176,A
5-NP,1362,1170,0,1,1,1172,A
5-NP,1363,0,1,1170,0,1171,G
5-NP,1364,1161,0,0,0,1161,A
5-NP,1365,1127,0,1,0,1128,A
5-NP,1366,0,1,1138,0,1139,G
5-NP,1367,0,1117,0,4,1121,T
5-NP,1368,0,1,1138,0,1139,G
5-NP,1369,0,1113,0,1,1114,T
5-NP,1370,3,0,0,1120,1123,C
5-NP,1371,1133,0,0,0,1133,A
5-NP,1372,0,1131,0,0,1131,T
5-NP,1373,0,1108,0,11,1119,T
5-NP,1374,1,0,0,1137,1138,C
5-NP,1375,2,0,0,1114,1116,C
5-NP,1376,1,0,1113,0,1114,G
5-NP,1377,1083,0,2,0,1085,A
5-NP,1378,1,2,1094,0,1097,G
5-NP,1379,0,2,1096,0,1098,G
5-NP,1380,0,3,1092,0,1095,G
5-NP,1381,1049,0,2,0,1051,A
5-NP,1382,1,1,1057,0,1059,G
5-NP,1383,1,1,1049,0,1051,G
5-NP,1384,0,0,1056,0,1056,G
5-NP,1385,0,3,1051,0,1054,G
5-NP,1386,1037,1,0,0,1038,A
5-NP,1387,0,0,1060,0,1060,G
5-NP,1388,0,1035,0,0,1035,T
5-NP,1389,0,1021,0,0,1021,T
5-NP,1390,0,1023,0,0,1023,T
5-NP,1391,0,1015,0,0,1015,T
5-NP,1392,4,0,0,1017,1021,C
5-NP,1393,0,2,1021,0,1023,G
5-NP,1394,1010,0,0,0,1010,A
5-NP,1395,0,0,1062,0,1062,G
5-NP,1396,0,0,0,1049,1049,C
5-NP,1397,0,1060,0,1,1061,T
5-NP,1398,0,0,0,1068,1068,C
5-NP,1399,0,1060,0,0,1060,T
5-NP,1400,5,0,0,1071,1076,C
5-NP,1401,1082,0,1,0,1083,A
5-NP,1402,0,1,1102,0,1103,G
5-NP,1403,1101,0,0,0,1101,A
5-NP,1404,0,0,0,1098,1098,C
5-NP,1405,1,1,1103,0,1105,G
5-NP,1406,1085,0,0,0,1085,A
5-NP,1407,0,1,1091,0,1092,G
5-NP,1408,1086,0,0,0,1086,A
5-NP,1409,1079,0,3,0,1082,A
5-NP,1410,0,1,1077,0,1078,G
5-NP,1411,0,0,1063,0,1063,G
5-NP,1412,1,1,0,1059,1061,C
5-NP,1413,1062,0,1,0,1063,A
5-NP,1414,1052,0,0,0,1052,A
5-NP,1415,0,2,0,1051,1053,C
5-NP,1416,0,4,1063,0,1067,G
5-NP,1417,1068,0,0,0,1068,A
5-NP,1418,1058,0,0,0,1058,A
5-NP,1419,0,0,0,1052,1052,C
5-NP,1420,1,0,0,1040,1041,C
5-NP,1421,2,0,0,1031,1033,C
5-NP,1422,0,3,1047,0,1050,G
5-NP,1423,1051,0,0,0,1051,A
5-NP,1424,0,1046,0,1,1047,T
5-NP,1425,2,0,0,1034,1036,C
5-NP,1426,0,0,1037,0,1037,G
5-NP,1427,0,1034,0,0,1034,T
5-NP,1428,0,0,1031,0,1031,G
5-NP,1429,1,0,0,1027,1028,C
5-NP,1430,2,0,0,1007,1009,C
5-NP,1431,4,0,0,1027,1031,C
5-NP,1432,0,1009,0,3,1012,T
5-NP,1433,2,0,0,1073,1075,C
5-NP,1434,0,1076,0,0,1076,T
5-NP,1435,0,1081,0,0,1081,T
5-NP,1436,0,1081,0,0,1081,T
5-NP,1437,0,1076,0,0,1076,T
5-NP,1438,2,3,1087,0,1092,G
5-NP,1439,1083,0,0,0,1083,A
5-NP,1440,0,1074,0,0,1074,T
5-NP,1441,1074,0,2,0,1076,A
5-NP,1442,0,925,0,0,925,T
5-NP,1443,1,5,940,0,946,G
5-NP,1444,910,0,25,0,935,A
5-NP,1445,0,3,955,0,958,G
5-NP,1446,0,956,0,1,957,T
5-NP,1447,944,0,0,0,944,A
5-NP,1448,951,0,0,0,951,A
5-NP,1449,0,939,0,0,939,T
5-NP,1450,0,1,946,0,947,G
5-NP,1451,949,0,0,0,949,A
5-NP,1452,843,0,0,0,843,A
5-NP,1453,0,0,833,0,833,G
5-NP,1454,0,0,789,0,789,G
5-NP,1455,781,0,0,0,781,A
5-NP,1456,0,780,0,0,780,T
5-NP,1457,2,0,0,778,780,C
5-NP,1458,0,775,0,0,775,T
5-NP,1459,0,773,0,1,774,T
5-NP,1460,775,0,0,0,775,A
5-NP,1461,0,768,0,0,768,T
5-NP,1462,0,763,0,0,763,T
5-NP,1463,0,757,0,0,757,T
5-NP,1464,2,0,0,746,748,C
5-NP,1465,0,712,0,2,714,T
5-NP,1466,0,716,0,0,716,T
5-NP,1467,1,1,0,715,717,C
5-NP,1468,0,3,711,0,714,G
5-NP,1469,0,2,708,0,710,G
5-NP,1470,702,0,3,0,705,A
5-NP,1471,0,1,705,0,706,G
5-NP,1472,706,0,0,0,706,A
5-NP,1473,0,0,0,697,697,C
5-NP,1474,655,0,3,0,658,A
5-NP,1475,661,0,0,0,661,A
5-NP,1476,0,653,0,0,653,T
5-NP,1477,0,0,656,0,656,G
5-NP,1478,1,0,0,647,648,C
5-NP,1479,632,0,1,0,633,A
5-NP,1480,0,0,635,0,635,G
5-NP,1481,631,0,0,0,631,A
5-NP,1482,592,0,3,0,595,A
5-NP,1483,0,0,597,0,597,G
5-NP,1484,398,0,2,0,400,A
5-NP,1485,0,1,400,0,401,G
5-NP,1486,0,380,0,0,380,T
5-NP,1487,371,0,0,0,371,A
5-NP,1488,1,1,0,369,371,C
5-NP,1489,0,1,343,0,344,G
5-NP,1490,344,0,0,0,344,A
5-NP,1491,0,0,0,339,339,C
5-NP,1492,247,0,0,0,247,A
5-NP,1493,247,0,0,0,247,A
5-NP,1494,0,187,0,1,188,T
5-NP,1495,0,185,0,0,185,T
5-NP,1496,185,0,0,0,185,A
5-NP,1497,176,0,0,0,176,A
6-NA,1,3,0,0,0,3,A
6-NA,2,0,3,0,0,3,T
6-NA,3,0,0,3,0,3,G
6-NA,4,3,0,0,0,3,A
6-NA,5,3,0,0,0,3,A
6-NA,6,0,3,0,0,3,T
6-NA,7,0,0,0,3,3,C
6-NA,8,0,0,0,3,3,C
6-NA,9,3,0,0,0,3,A
6-NA,10,3,0,0,0,3,A
6-NA,11,3,0,0,0,3,A
6-NA,12,0,3,0,0,3,T
6-NA,13,0,0,0,3,3,C
6-NA,14,3,0,0,0,3,A
6-NA,15,3,0,0,0,3,A
6-NA,16,3,0,0,0,3,A
6-NA,17,3,0,0,0,3,A
6-NA,18,0,0,3,0,3,G
6-NA,19,3,0,0,0,3,A
6-NA,20,0,3,0,0,3,T
6-NA,21,3,0,0,0,3,A
6-NA,22,3,0,0,0,3,A
6-NA,23,0,3,0,0,3,T
6-NA,24,3,0,0,0,3,A
6-NA,25,3,0,0,0,3,A
6-NA,26,0,0,0,3,3,C
6-NA,27,0,0,4,0,4,G
6-NA,28,4,0,0,0,4,A
6-NA,29,0,4,0,0,4,T
6-NA,30,0,4,0,0,4,T
6-NA,31,0,0,4,0,4,G
6-NA,32,0,0,5,0,5,G
6-NA,33,0,0,0,5,5,C
6-NA,34,0,5,0,0,5,T
6-NA,35,0,0,0,6,6,C
6-NA,36,0,6,0,0,6,T
6-NA,37,0,0,6,0,6,G
6-NA,38,0,6,0,0,6,T
6-NA,39,0,6,0,0,6,T
6-NA,40,0,6,0,0,6,T
6-NA,41,0,0,0,6,6,C
6-NA,42,0,6,0,0,6,T
6-NA,43,0,0,0,6,6,C
6-NA,44,0,6,0,0,6,T
6-NA,45,0,0,0,6,6,C
6-NA,46,6,0,0,0,6,A
6-NA,47,0,0,0,6,6,C
6-NA,48,0,0,0,6,6,C
6-NA,49,6,0,0,0,6,A
6-NA,50,0,6,0,0,6,T
6-NA,51,0,6,0,0,6,T
6-NA,52,0,6,0,0,6,T
6-NA,53,0,0,0,6,6,C
6-NA,54,0,0,0,6,6,C
6-NA,55,6,0,0,0,6,A
6-NA,56,0,0,0,6,6,C
6-NA,57,6,0,0,0,6,A
6-NA,58,6,0,0,0,6,A
6-NA,59,0,6,0,0,6,T
6-NA,60,6,0,0,0,6,A
6-NA,61,0,6,0,0,6,T
6-NA,62,0,0,6,0,6,G
6-NA,63,0,0,0,6,6,C
6-NA,64,0,6,0,0,6,T
6-NA,65,0,6,0,0,6,T
6-NA,66,0,0,0,6,6,C
6-NA,67,0,6,0,0,6,T
6-NA,68,0,6,0,0,6,T
6-NA,69,0,0,0,5,5,C
6-NA,70,5,0,0,0,5,A
6-NA,71,0,5,0,0,5,T
6-NA,72,0,0,5,0,5,G
6-NA,73,0,0,0,5,5,C
6-NA,74,5,0,0,0,5,A
6-NA,75,5,0,0,0,5,A
6-NA,76,5,0,0,0,5,A
6-NA,77,0,5,0,0,5,T
6-NA,78,0,5,0,0,5,T
6-NA,79,0,0,5,0,5,G
6-NA,80,0,0,0,5,5,C
6-NA,81,0,0,0,5,5,C
6-NA,82,5,0,0,0,5,A
6-NA,83,0,5,0,0,5,T
6-NA,84,0,0,0,5,5,C
6-NA,85,0,5,0,0,5,T
6-NA,86,0,5,0,0,5,T
6-NA,87,0,0,5,0,5,G
6-NA,88,5,0,0,0,5,A
6-NA,89,0,5,0,0,5,T
6-NA,90,5,0,0,0,5,A
6-NA,91,5,0,0,0,5,A
6-NA,92,0,0,0,5,5,C
6-NA,93,0,5,0,0,5,T
6-NA,94,5,0,0,0,5,A
6-NA,95,0,0,0,5,5,C
6-NA,96,0,5,0,0,5,T
6-NA,97,0,0,5,0,5,G
6-NA,98,0,5,0,0,5,T
6-NA,99,5,0,0,0,5,A
6-NA,100,5,0,0,0,5,A
6-NA,101,0,0,0,5,5,C
6-NA,102,5,0,0,0,5,A
6-NA,103,0,6,0,0,6,T
6-NA,104,0,6,0,0,6,T
6-NA,105,0,0,5,0,5,G
6-NA,106,0,0,0,6,6,C
6-NA,107,6,0,0,0,6,A
6-NA,108,0,6,0,0,6,T
6-NA,109,0,5,0,0,5,T
6-NA,110,0,5,0,0,5,T
6-NA,111,0,0,0,5,5,C
6-NA,112,5,0,0,0,5,A
6-NA,113,5,0,0,0,5,A
6-NA,114,0,0,5,0,5,G
6-NA,115,0,0,0,5,5,C
6-NA,116,5,0,0,0,5,A
6-NA,117,5,0,0,0,5,A
6-NA,118,0,5,0,0,5,T
6-NA,119,5,0,0,0,5,A
6-NA,120,0,5,0,0,5,T
6-NA,121,0,0,6,0,6,G
6-NA,122,6,0,0,0,6,A
6-NA,123,6,0,0,0,6,A
6-NA,124,0,6,0,0,6,T
6-NA,125,0,6,0,0,6,T
6-NA,126,0,0,0,6,6,C
6-NA,127,6,0,0,0,6,A
6-NA,128,6,0,0,0,6,A
6-NA,129,0,0,0,6,6,C
6-NA,130,0,5,0,0,5,T
6-NA,131,0,0,0,6,6,C
6-NA,132,0,0,0,6,6,C
6-NA,133,0,0,0,6,6,C
6-NA,134,0,0,0,6,6,C
6-NA,135,0,0,0,6,6,C
6-NA,136,0,0,0,6,6,C
6-NA,137,0,0,0,6,6,C
6-NA,138,6,0,0,0,6,A
6-NA,139,6,0,0,0,6,A
6-NA,140,6,0,0,0,6,A
6-NA,141,0,0,0,6,6,C
6-NA,142,6,0,0,0,6,A
6-NA,143,6,0,0,0,6,A
6-NA,144,0,0,0,6,6,C
6-NA,145,1,0,0,5,6,C
6-NA,146,6,0,0,0,6,A
6-NA,147,6,0,0,0,6,A
6-NA,148,0,0,6,0,6,G
6-NA,149,0,6,0,0,6,T
6-NA,150,0,0,6,0,6,G
6-NA,151,6,0,0,0,6,A
6-NA,152,0,6,0,0,6,T
6-NA,153,0,0,6,0,6,G
6-NA,154,0,0,0,6,6,C
6-NA,155,0,6,0,0,6,T
6-NA,156,0,0,6,0,6,G
6-NA,157,0,6,0,0,6,T
6-NA,158,0,0,6,0,6,G
6-NA,159,0,6,0,0,6,T
6-NA,160,0,0,7,0,7,G
6-NA,161,7,0,0,0,7,A
6-NA,162,6,0,0,0,6,A
6-NA,163,0,0,0,7,7,C
6-NA,164,0,0,0,6,6,C
6-NA,165,7,0,0,0,7,A
6-NA,166,7,0,0,0,7,A
6-NA,167,0,0,0,8,8,C
6-NA,168,8,0,0,0,8,A
6-NA,169,8,0,0,0,8,A
6-NA,170,0,8,0,0,8,T
6-NA,171,8,0,0,0,8,A
6-NA,172,7,0,0,0,7,A
6-NA,173,0,7,0,0,7,T
6-NA,174,7,0,0,0,7,A
6-NA,175,0,0,7,0,7,G
6-NA,176,6,0,0,0,6,A
6-NA,177,6,0,0,0,6,A
6-NA,178,6,0,0,0,6,A
6-NA,179,0,0,6,0,6,G
6-NA,180,7,0,0,0,7,A
6-NA,181,7,0,0,0,7,A
6-NA,182,7,0,0,0,7,A
6-NA,183,0,0,0,7,7,C
6-NA,184,7,0,0,0,7,A
6-NA,185,0,7,0,0,7,T
6-NA,186,7,0,0,0,7,A
6-NA,187,7,0,0,0,7,A
6-NA,188,0,0,0,7,7,C
6-NA,189,8,0,0,0,8,A
6-NA,190,0,0,8,0,8,G
6-NA,191,8,0,0,0,8,A
6-NA,192,0,0,8,0,8,G
6-NA,193,8,0,0,0,8,A
6-NA,194,0,8,0,0,8,T
6-NA,195,8,0,0,0,8,A
6-NA,196,0,0,8,0,8,G
6-NA,197,0,8,0,0,8,T
6-NA,198,0,0,8,0,8,G
6-NA,199,0,9,0,0,9,T
6-NA,200,9,0,0,0,9,A
6-NA,201,0,9,0,0,9,T
6-NA,202,0,0,0,9,9,C
6-NA,203,0,9,0,0,9,T
6-NA,204,0,0,9,0,9,G
6-NA,205,9,0,0,0,9,A
6-NA,206,0,0,0,9,9,C
6-NA,207,0,0,0,9,9,C
6-NA,208,9,0,0,0,9,A
6-NA,209,9,0,0,0,9,A
6-NA,210,0,0,0,9,9,C
6-NA,211,9,0,0,0,9,A
6-NA,212,0,0,0,10,10,C
6-NA,213,0,0,0,10,10,C
6-NA,214,10,0,0,0,10,A
6-NA,215,0,0,0,9,9,C
6-NA,216,0,0,0,10,10,C
6-NA,217,10,0,0,0,10,A
6-NA,218,0,10,0,0,10,T
6-NA,219,10,0,0,0,10,A
6-NA,220,0,0,10,0,10,G
6-NA,221,10,0,0,0,10,A
6-NA,222,0,0,11,0,11,G
6-NA,223,11,0,0,0,11,A
6-NA,224,11,0,0,0,11,A
6-NA,225,0,0,12,0,12,G
6-NA,226,0,0,12,0,12,G
6-NA,227,12,0,0,0,12,A
6-NA,228,11,0,0,0,11,A
6-NA,229,12,0,0,0,12,A
6-NA,230,0,12,0,0,12,T
6-NA,231,12,0,0,0,12,A
6-NA,232,0,12,0,0,12,T
6-NA,233,0,0,12,0,12,G
6-NA,234,0,1,0,11,12,C
6-NA,235,0,0,0,12,12,C
6-NA,236,0,0,0,11,11,C
6-NA,237,0,0,0,12,12,C
6-NA,238,12,0,0,0,12,A
6-NA,239,11,0,0,0,11,A
6-NA,240,12,0,0,0,12,A
6-NA,241,0,0,0,12,12,C
6-NA,242,0,11,0,0,11,T
6-NA,243,12,0,0,0,12,A
6-NA,244,0,0,11,0,11,G
6-NA,245,0,0,0,12,12,C
6-NA,246,12,0,0,0,12,A
6-NA,247,0,0,12,0,12,G
6-NA,248,12,0,0,0,12,A
6-NA,249,11,0,0,0,11,A
6-NA,250,0,12,0,0,12,T
6-NA,251,12,0,0,0,12,A
6-NA,252,0,0,0,12,12,C
6-NA,253,12,0,0,0,12,A
6-NA,254,0,0,12,0,12,G
6-NA,255,12,0,0,0,12,A
6-NA,256,12,0,0,0,12,A
6-NA,257,12,0,0,0,12,A
6-NA,258,0,12,0,0,12,T
6-NA,259,0,12,0,0,12,T
6-NA,260,0,0,12,0,12,G
6-NA,261,0,0,12,0,12,G
6-NA,262,0,11,0,0,11,T
6-NA,263,0,0,0,11,11,C
6-NA,264,11,0,0,0,11,A
6-NA,265,10,0,0,0,10,A
6-NA,266,11,0,0,0,11,A
6-NA,267,0,0,12,0,12,G
6-NA,268,0,0,0,11,11,C
6-NA,269,0,0,0,12,12,C
6-NA,270,0,0,11,0,11,G
6-NA,271,0,0,0,11,11,C
6-NA,272,12,0,0,0,12,A
6-NA,273,12,0,0,0,12,A
6-NA,274,0,12,0,0,12,T
6-NA,275,0,0,12,0,12,G
6-NA,276,0,12,0,0,12,T
6-NA,277,0,0,11,0,11,G
6-NA,278,11,0,0,0,11,A
6-NA,279,0,0,0,12,12,C
6-NA,280,10,0,0,0,10,A
6-NA,281,0,11,0,0,11,T
6-NA,282,0,11,0,0,11,T
6-NA,283,11,0,0,0,11,A
6-NA,284,0,0,0,11,11,C
6-NA,285,11,0,0,0,11,A
6-NA,286,0,1,10,0,11,G
6-NA,287,0,0,11,0,11,G
6-NA,288,11,0,0,0,11,A
6-NA,289,0,11,0,0,11,T
6-NA,290,0,11,0,0,11,T
6-NA,291,0,11,0,0,11,T
6-NA,292,0,0,11,0,11,G
6-NA,293,0,0,0,10,10,C
6-NA,294,11,0,0,0,11,A
6-NA,295,0,0,0,11,11,C
6-NA,296,0,0,0,10,10,C
6-NA,297,0,11,0,0,11,T
6-NA,298,0,11,0,0,11,T
6-NA,299,0,11,0,0,11,T
6-NA,300,0,11,0,0,11,T
6-NA,301,0,12,0,0,12,T
6-NA,302,0,0,0,12,12,C
6-NA,303,0,12,0,0,12,T
6-NA,304,12,0,0,0,12,A
6-NA,305,12,0,0,0,12,A
6-NA,306,0,0,12,0,12,G
6-NA,307,0,0,12,0,12,G
6-NA,308,12,0,0,0,12,A
6-NA,309,0,0,0,12,12,C
6-NA,310,12,0,0,0,12,A
6-NA,311,11,0,0,0,11,A
6-NA,312,0,12,0,0,12,T
6-NA,313,0,12,0,0,12,T
6-NA,314,0,0,0,12,12,C
6-NA,315,0,0,11,0,11,G
6-NA,316,12,0,0,0,12,A
6-NA,317,0,12,0,0,12,T
6-NA,318,0,12,0,0,12,T
6-NA,319,12,0,0,0,12,A
6-NA,320,0,0,12,0,12,G
6-NA,321,0,0,13,0,13,G
6-NA,322,0,0,0,13,13,C
6-NA,323,0,13,0,0,13,T
6-NA,324,0,14,0,0,14,T
6-NA,325,0,14,0,0,14,T
6-NA,326,0,0,0,13,13,C
6-NA,327,0,0,0,14,14,C
6-NA,328,0,0,14,0,14,G
6-NA,329,0,0,0,14,14,C
6-NA,330,0,14,0,0,14,T
6-NA,331,0,0,13,0,13,G
6-NA,332,0,0,15,0,15,G
6-NA,333,0,15,0,0,15,T
6-NA,334,0,0,15,0,15,G
6-NA,335,0,0,15,0,15,G
6-NA,336,0,0,15,0,15,G
6-NA,337,0,0,15,0,15,G
6-NA,338,15,0,0,0,15,A
6-NA,339,0,0,0,15,15,C
6-NA,340,15,0,0,0,15,A
6-NA,341,0,14,0,0,14,T
6-NA,342,0,0,0,14,14,C
6-NA,343,0,15,0,0,15,T
6-NA,344,0,0,15,0,15,G
6-NA,345,0,0,15,0,15,G
6-NA,346,0,0,15,0,15,G
6-NA,347,0,14,0,0,14,T
6-NA,348,0,0,16,0,16,G
6-NA,349,16,0,0,0,16,A
6-NA,350,0,0,0,23,23,C
6-NA,351,23,0,0,0,23,A
6-NA,352,73,0,0,0,73,A
6-NA,353,0,0,90,0,90,G
6-NA,354,94,0,0,0,94,A
6-NA,355,0,0,150,0,150,G
6-NA,356,174,0,0,0,174,A
6-NA,357,257,0,0,1,258,A
6-NA,358,0,0,0,552,552,C
6-NA,359,0,0,0,657,657,C
6-NA,360,0,664,0,0,664,T
6-NA,361,0,683,0,1,684,T
6-NA,362,687,0,0,0,687,A
6-NA,363,0,692,0,0,692,T
6-NA,364,0,1,805,0,806,G
6-NA,365,0,815,0,0,815,T
6-NA,366,0,1,867,0,868,G
6-NA,367,0,871,0,1,872,T
6-NA,368,0,0,0,891,891,C
6-NA,369,908,0,2,12,922,A
6-NA,370,0,927,0,1,928,T
6-NA,371,1,0,927,0,928,G
6-NA,372,0,1,0,928,929,C
6-NA,373,0,2,928,0,930,G
6-NA,374,1220,0,0,2,1222,A
6-NA,375,0,1234,0,0,1234,T
6-NA,376,0,1,0,1292,1293,C
6-NA,377,3,0,0,1298,1301,C
6-NA,378,0,1334,0,4,1338,T
6-NA,379,1,8,1355,0,1364,G
6-NA,380,1364,0,2,1,1367,A
6-NA,381,0,0,0,1382,1382,C
6-NA,382,1379,0,0,1,1380,A
6-NA,383,1379,0,0,2,1381,A
6-NA,384,0,1,1482,0,1483,G
6-NA,385,0,1477,0,0,1477,T
6-NA,386,0,1,1506,0,1507,G
6-NA,387,0,1520,0,2,1522,T
6-NA,388,0,1528,0,0,1528,T
6-NA,389,1529,0,0,0,1529,A
6-NA,390,0,1527,0,4,1531,T
6-NA,391,2,1,0,1565,1568,C
6-NA,392,1570,0,0,1,1571,A
6-NA,393,1577,0,1,1,1579,A
6-NA,394,0,1573,0,0,1573,T
6-NA,395,0,1574,0,1,1575,T
6-NA,396,0,1577,0,0,1577,T
6-NA,397,0,0,1583,0,1583,G
6-NA,398,0,1,0,1740,1741,C
6-NA,399,5,0,0,1730,1735,C
6-NA,400,1,0,0,1757,1758,C
6-NA,401,0,1755,0,1,1756,T
6-NA,402,0,1771,0,1,1772,T
6-NA,403,0,5,1800,0,1805,G
6-NA,404,0,5,1793,0,1798,G
6-NA,405,1816,0,2,1,1819,A
6-NA,406,1,1,0,1834,1836,C
6-NA,407,1808,0,5,1,1814,A
6-NA,408,0,4,1888,0,1892,G
6-NA,409,1,3,1871,0,1875,G
6-NA,410,1,4,1958,0,1963,G
6-NA,411,1948,0,3,0,1951,A
6-NA,412,1971,0,4,1,1976,A
6-NA,413,0,0,1,1992,1993,C
6-NA,414,1984,0,0,1,1985,A
6-NA,415,2243,0,1,0,2244,A
6-NA,416,2,0,0,2281,2283,C
6-NA,417,2277,0,3,0,2280,A
6-NA,418,1,1,0,2321,2323,C
6-NA,419,0,2308,0,1,2309,T
6-NA,420,2334,0,1,0,2335,A
6-NA,421,2326,0,2,0,2328,A
6-NA,422,2327,0,2,0,2329,A
6-NA,423,1,0,0,2341,2342,C
6-NA,424,2268,0,0,0,2268,A
6-NA,425,2261,0,0,0,2261,A
6-NA,426,0,0,0,2277,2277,C
6-NA,427,0,0,2280,0,2280,G
6-NA,428,0,2260,0,3,2263,T
6-NA,429,0,2,2264,0,2266,G
6-NA,430,1,0,0,2282,2283,C
6-NA,431,2299,0,2,0,2301,A
6-NA,432,0,2324,0,1,2325,T
6-NA,433,0,2331,0,1,2332,T
6-NA,434,6,0,0,2374,2380,C
6-NA,435,2434,0,1,0,2435,A
6-NA,436,2445,0,2,1,2448,A
6-NA,437,2474,0,4,0,2478,A
6-NA,438,0,2487,0,0,2487,T
6-NA,439,0,15,2458,0,2473,G
6-NA,440,2540,0,5,0,2545,A
6-NA,441,4,1,0,2553,2558,C
6-NA,442,2549,0,2,0,2551,A
6-NA,443,1,0,0,2614,2615,C
6-NA,444,2568,0,0,1,2569,A
6-NA,445,0,3,3341,0,3344,G
6-NA,446,0,3351,0,1,3352,T
6-NA,447,3428,0,2,0,3430,A
6-NA,448,0,2,0,3430,3432,C
6-NA,449,1,5,3434,0,3440,G
6-NA,450,0,3545,0,4,3549,T
6-NA,451,0,16,3557,1,3574,G
6-NA,452,3584,0,2,0,3586,A
6-NA,453,0,3621,0,0,3621,T
6-NA,454,3325,0,2,2,3329,A
6-NA,455,1,5,3293,1,3300,G
6-NA,456,0,13,3246,0,3259,G
6-NA,457,3299,0,4,1,3304,A
6-NA,458,3,0,0,3372,3375,C
6-NA,459,4,0,0,3315,3319,C
6-NA,460,6,0,0,3369,3375,C
6-NA,461,5,0,0,3386,3391,C
6-NA,462,0,3413,0,4,3417,T
6-NA,463,0,3471,0,1,3472,T
6-NA,464,3493,0,0,0,3493,A
6-NA,465,1,3489,0,1,3491,T
6-NA,466,3,4,0,3494,3501,C
6-NA,467,1,4,3463,0,3468,G
6-NA,468,0,5,3430,0,3435,G
6-NA,469,3464,1,2,0,3467,A
6-NA,470,2,2,0,3484,3488,C
6-NA,471,6,0,0,3464,3470,C
6-NA,472,6,1,0,3657,3664,C
6-NA,473,0,3662,0,2,3664,T
6-NA,474,3750,0,1,1,3752,A
6-NA,475,1,3760,0,2,3763,T
6-NA,476,1,3765,0,4,3770,T
6-NA,477,0,5,3770,0,3775,G
6-NA,478,3759,0,6,0,3765,A
6-NA,479,1,3765,0,2,3768,T
6-NA,480,2,12,3770,0,3784,G
6-NA,481,3674,0,6,0,3680,A
6-NA,482,3693,0,2,1,3696,A
6-NA,483,0,3701,0,1,3702,T
6-NA,484,1,7,3736,0,3744,G
6-NA,485,3759,0,5,2,3766,A
6-NA,486,0,1,3843,0,3844,G
6-NA,487,1,3834,0,5,3840,T
6-NA,488,0,3872,0,0,3872,T
6-NA,489,3866,0,2,0,3868,A
6-NA,490,0,11,3843,0,3854,G
6-NA,491,0,0,3860,0,3860,G
6-NA,492,0,3830,0,1,3831,T
6-NA,493,1,3,3837,0,3841,G
6-NA,494,0,3796,0,7,3803,T
6-NA,495,0,3780,0,4,3784,T
6-NA,496,8,1,0,3813,3822,C
6-NA,497,10,0,0,3837,3847,C
6-NA,498,0,3847,0,9,3856,T
6-NA,499,0,3839,0,5,3844,T
6-NA,500,0,3853,0,5,3858,T
6-NA,501,0,3837,0,5,3842,T
6-NA,502,6,0,2,3865,3873,C
6-NA,503,3849,0,0,0,3849,A
6-NA,504,0,3991,0,3,3994,T
6-NA,505,2,5,0,3979,3986,C
6-NA,506,0,3944,1,1,3946,T
6-NA,507,1,3,3909,0,3913,G
6-NA,508,2,16,3869,0,3887,G
6-NA,509,3,12,3849,1,3865,G
6-NA,510,2,7,3923,0,3932,G
6-NA,511,3939,0,8,0,3947,A
6-NA,512,0,0,0,3997,3997,C
6-NA,513,6,1,0,3953,3960,C
6-NA,514,4020,0,4,1,4025,A
6-NA,515,4049,0,4,0,4053,A
6-NA,516,2,2,4047,0,4051,G
6-NA,517,3,0,1,4072,4076,C
6-NA,518,4064,1,2,0,4067,A
6-NA,519,3954,0,148,0,4102,A
6-NA,520,0,1,4139,0,4140,G
6-NA,521,2,4086,1,1,4090,T
6-NA,522,2,3,4259,0,4264,G
6-NA,523,1,4189,0,9,4199,T
6-NA,524,2,2,4334,0,4338,G
6-NA,525,2,0,0,4345,4347,C
6-NA,526,4340,0,5,0,4345,A
6-NA,527,1,4427,0,1,4429,T
6-NA,528,4337,0,3,0,4340,A
6-NA,529,3,1,4446,0,4450,G
6-NA,530,3,0,0,4441,4444,C
6-NA,531,4345,0,4,0,4349,A
6-NA,532,0,4353,0,4,4357,T
6-NA,533,0,13,4235,1,4249,G
6-NA,534,0,4,4635,0,4639,G
6-NA,535,0,4644,0,11,4655,T
6-NA,536,5,1,0,4639,4645,C
6-NA,537,9,0,0,4668,4677,C
6-NA,538,4701,2,2,0,4705,A
6-NA,539,0,2,4877,1,4880,G
6-NA,540,1,0,0,4889,4890,C
6-NA,541,0,4884,0,8,4892,T
6-NA,542,7,1,0,4923,4931,C
6-NA,543,4800,1,3,0,4804,A
6-NA,544,4844,1,3,0,4848,A
6-NA,545,1,1,4865,0,4867,G
6-NA,546,0,4892,0,0,4892,T
6-NA,547,0,4885,0,0,4885,T
6-NA,548,2,0,4875,0,4877,G
6-NA,549,0,4868,0,3,4871,T
6-NA,550,22,1,0,4852,4875,C
6-NA,551,4866,0,3,0,4869,A
6-NA,552,1,6,0,4928,4935,C
6-NA,553,1,7,4928,0,4936,G
6-NA,554,4964,0,3,1,4968,A
6-NA,555,0,5022,0,5,5027,T
6-NA,556,2,10,5130,0,5142,G
6-NA,557,0,11,5155,0,5166,G
6-NA,558,5173,0,9,0,5182,A
6-NA,559,5209,0,0,0,5209,A
6-NA,560,5268,1,4,0,5273,A
6-NA,561,5258,0,6,1,5265,A
6-NA,562,0,2,5324,0,5326,G
6-NA,563,0,0,0,5326,5326,C
6-NA,564,5321,0,2,1,5324,A
6-NA,565,0,5315,0,2,5317,T
6-NA,566,1,8,5381,0,5390,G
6-NA,567,0,0,5407,1,5408,G
6-NA,568,0,0,0,5510,5510,C
6-NA,569,2,5491,0,3,5496,T
6-NA,570,2,1,5564,0,5567,G
6-NA,571,3,1,0,5534,5538,C
6-NA,572,5563,0,1,0,5564,A
6-NA,573,0,5825,0,0,5825,T
6-NA,574,0,3,5847,0,5850,G
6-NA,575,0,5899,0,5,5904,T
6-NA,576,0,6106,0,8,6114,T
6-NA,577,0,6088,0,8,6096,T
6-NA,578,1,2,6492,1,6496,G
6-NA,579,2,6424,0,7,6433,T
6-NA,580,6476,1,1,0,6478,A
6-NA,581,0,6529,0,2,6531,T
6-NA,582,6420,0,5,0,6425,A
6-NA,583,6457,0,11,1,6469,A
6-NA,584,1,7,0,6405,6413,C
6-NA,585,4,16,6320,0,6340,G
6-NA,586,0,15,6341,0,6356,G
6-NA,587,1,16,6237,0,6254,G
6-NA,588,3,17,6249,0,6269,G
6-NA,589,1,12,6266,0,6279,G
6-NA,590,6211,1,14,0,6226,A
6-NA,591,0,6287,1,3,6291,T
6-NA,592,2,19,6287,0,6308,G
6-NA,593,6331,2,4,0,6337,A
6-NA,594,1,6385,1,4,6391,T
6-NA,595,6374,1,9,0,6384,A
6-NA,596,6456,0,0,1,6457,A
6-NA,597,6471,2,7,0,6480,A
6-NA,598,6479,0,2,0,6481,A
6-NA,599,6500,1,6,0,6507,A
6-NA,600,0,6499,1,3,6503,T
6-NA,601,2,4,6483,1,6490,G
6-NA,602,1,0,1,6513,6515,C
6-NA,603,6505,0,4,0,6509,A
6-NA,604,6524,0,8,0,6532,A
6-NA,605,4,1,0,6613,6618,C
6-NA,606,0,6616,0,3,6619,T
6-NA,607,12,3,6629,0,6644,G
6-NA,608,1,1,0,6643,6645,C
6-NA,609,0,6670,0,0,6670,T
6-NA,610,6680,2,4,0,6686,A
6-NA,611,1,2,6681,1,6685,G
6-NA,612,1,1,0,6759,6761,C
6-NA,613,1,6755,0,16,6772,T
6-NA,614,0,6752,2,5,6759,T
6-NA,615,10,1,0,6843,6854,C
6-NA,616,6887,0,2,0,6889,A
6-NA,617,0,6909,0,2,6911,T
6-NA,618,0,6943,1,4,6948,T
6-NA,619,0,7003,0,3,7006,T
6-NA,620,7031,0,7,1,7039,A
6-NA,621,4,0,0,7127,7131,C
6-NA,622,7074,0,4,0,7078,A
6-NA,623,7141,1,9,0,7151,A
6-NA,624,0,7155,1,1,7157,T
6-NA,625,2,15,7099,1,7117,G
6-NA,626,1,13,7066,0,7080,G
6-NA,627,2,22,7064,0,7088,G
6-NA,628,7012,0,23,0,7035,A
6-NA,629,1,11,7270,0,7282,G
6-NA,630,0,1,7309,0,7310,G
6-NA,631,1,1,0,7936,7938,C
6-NA,632,0,7986,0,5,7991,T
6-NA,633,0,8100,0,14,8114,T
6-NA,634,3,2,8198,0,8203,G
6-NA,635,0,8141,1,6,8148,T
6-NA,636,8330,0,7,0,8337,A
6-NA,637,2,7,8382,0,8391,G
6-NA,638,8223,2,5,0,8230,A
6-NA,639,0,8252,0,1,8253,T
6-NA,640,7681,0,2,1,7684,A
6-NA,641,1,5,7678,0,7684,G
6-NA,642,1,7567,0,7,7575,T
6-NA,643,5,1,7480,0,7486,G
6-NA,644,0,7833,1,5,7839,T
6-NA,645,0,7875,0,6,7881,T
6-NA,646,1,3,7997,0,8001,G
6-NA,647,0,7939,2,14,7955,T
6-NA,648,0,7983,0,6,7989,T
6-NA,649,1,7980,0,7,7988,T
6-NA,650,21,1,2,7874,7898,C
6-NA,651,7867,2,8,0,7877,A
6-NA,652,0,7819,1,1,7821,T
6-NA,653,1,29,7817,1,7848,G
6-NA,654,3,3,8385,0,8391,G
6-NA,655,1,8350,0,6,8357,T
6-NA,656,15,1,1,8348,8365,C
6-NA,657,20,1,0,8353,8374,C
6-NA,658,8417,0,3,0,8420,A
6-NA,659,8476,0,2,0,8478,A
6-NA,660,8473,0,9,0,8482,A
6-NA,661,4,17,8486,1,8508,G
6-NA,662,8462,0,2,0,8464,A
6-NA,663,8214,1,8,0,8223,A
6-NA,664,8204,0,5,0,8209,A
6-NA,665,0,8208,0,1,8209,T
6-NA,666,18,1,0,8498,8517,C
6-NA,667,12,1,0,8506,8519,C
6-NA,668,0,8491,0,6,8497,T
6-NA,669,10,2,1,8508,8521,C
6-NA,670,8488,2,3,0,8493,A
6-NA,671,2,12,8552,0,8566,G
6-NA,672,0,16,8503,1,8520,G
6-NA,673,8813,0,7,0,8820,A
6-NA,674,3,0,0,8799,8802,C
6-NA,675,16,4,1,8623,8644,C
6-NA,676,17,1,0,8685,8703,C
6-NA,677,8695,0,9,1,8705,A
6-NA,678,0,10,8752,1,8763,G
6-NA,679,0,21,8752,2,8775,G
6-NA,680,8710,0,13,0,8723,A
6-NA,681,48,8,8814,1,8871,G
6-NA,682,2,8678,1,11,8692,T
6-NA,683,31,2,0,8714,8747,C
6-NA,684,8735,1,9,1,8746,A
6-NA,685,3,17,8823,0,8843,G
6-NA,686,8735,2,9,0,8746,A
6-NA,687,8766,0,2,0,8768,A
6-NA,688,0,8751,0,2,8753,T
6-NA,689,1,7,8795,0,8803,G
6-NA,690,4,1,0,8784,8789,C
6-NA,691,5,2,8872,0,8879,G
6-NA,692,1,8795,0,4,8800,T
6-NA,693,1,8862,1,2,8866,T
6-NA,694,0,8830,0,4,8834,T
6-NA,695,1,5,8902,0,8908,G
6-NA,696,1,8914,0,10,8925,T
6-NA,697,8933,0,2,0,8935,A
6-NA,698,0,8898,0,7,8905,T
6-NA,699,14,3,0,8885,8902,C
6-NA,700,8878,0,3,0,8881,A
6-NA,701,8868,0,2,0,8870,A
6-NA,702,1,8872,0,1,8874,T
6-NA,703,1,32,8845,0,8878,G
6-NA,704,3,21,8869,0,8893,G
6-NA,705,9118,0,6,0,9124,A
6-NA,706,9142,1,6,0,9149,A
6-NA,707,1,1,0,9253,9255,C
6-NA,708,0,9321,0,12,9333,T
6-NA,709,0,9333,0,0,9333,T
6-NA,710,3,6,9643,0,9652,G
6-NA,711,0,9649,0,4,9653,T
6-NA,712,9633,0,13,0,9646,A
6-NA,713,4,4,0,9806,9814,C
6-NA,714,9596,1,6,0,9603,A
6-NA,715,3,2,10309,0,10314,G
6-NA,716,1,10215,2,4,10222,T
6-NA,717,10610,1,7,0,10618,A
6-NA,718,1,8,10669,0,10678,G
6-NA,719,1,10481,1,5,10488,T
6-NA,720,10509,0,5,0,10514,A
6-NA,721,10477,1,2,0,10480,A
6-NA,722,1,10439,0,1,10441,T
6-NA,723,1,50,10450,0,10501,G
6-NA,724,10226,0,8,0,10234,A
6-NA,725,2,3,0,10397,10402,C
6-NA,726,0,10175,0,3,10178,T
6-NA,727,5,24,10218,0,10247,G
6-NA,728,10102,1,19,0,10122,A
6-NA,729,1,10239,2,9,10251,T
6-NA,730,4,30,10220,1,10255,G
6-NA,731,3,15,10128,0,10146,G
6-NA,732,2,18,10171,0,10191,G
6-NA,733,9997,1,14,1,10013,A
6-NA,734,3,5,10066,1,10075,G
6-NA,735,1,10034,4,6,10045,T
6-NA,736,4,3,10150,0,10157,G
6-NA,737,5,3,0,10781,10789,C
6-NA,738,1,10762,0,8,10771,T
6-NA,739,3,10791,0,8,10802,T
6-NA,740,21,2,1,10798,10822,C
6-NA,741,10771,1,20,2,10794,A
6-NA,742,1,15,10866,1,10883,G
6-NA,743,0,27,10805,1,10833,G
6-NA,744,10709,3,22,1,10735,A
6-NA,745,4,7,10187,0,10198,G
6-NA,746,10219,0,3,0,10222,A
6-NA,747,10314,0,13,0,10327,A
6-NA,748,2,6,10362,0,10370,G
6-NA,749,2,2,0,10357,10361,C
6-NA,750,1,10393,0,2,10396,T
6-NA,751,1,17,10349,0,10367,G
6-NA,752,10288,1,13,0,10302,A
6-NA,753,0,10477,0,1,10478,T
6-NA,754,10476,1,8,0,10485,A
6-NA,755,8,1,0,10897,10906,C
6-NA,756,1,10868,0,1,10870,T
6-NA,757,10861,0,0,0,10861,A
6-NA,758,10862,0,7,1,10870,A
6-NA,759,10853,0,1,0,10854,A
6-NA,760,11139,1,5,0,11145,A
6-NA,761,0,11151,1,0,11152,T
6-NA,762,11103,3,5,0,11111,A
6-NA,763,8,1,0,11203,11212,C
6-NA,764,0,10952,1,6,10959,T
6-NA,765,11116,0,3,0,11119,A
6-NA,766,0,11052,0,22,11074,T
6-NA,767,1,11526,0,6,11533,T
6-NA,768,38,0,1,11549,11588,C
6-NA,769,11458,0,2,0,11460,A
6-NA,770,0,11447,0,1,11448,T
6-NA,771,0,11450,0,3,11453,T
6-NA,772,0,20,11483,1,11504,G
6-NA,773,11340,2,23,0,11365,A
6-NA,774,51,17,11310,0,11378,G
6-NA,775,33,20,11311,0,11364,G
6-NA,776,10949,1,16,1,10967,A
6-NA,777,3,18,11159,0,11180,G
6-NA,778,0,22,11149,0,11171,G
6-NA,779,5,18,11136,0,11159,G
6-NA,780,1,15,11166,0,11182,G
6-NA,781,11121,0,11,0,11132,A
6-NA,782,11209,1,9,4,11223,A
6-NA,783,11171,0,2,1,11174,A
6-NA,784,11133,0,10,0,11143,A
6-NA,785,0,11128,0,1,11129,T
6-NA,786,33,3,0,11085,11121,C
6-NA,787,4,1,11219,0,11224,G
6-NA,788,1,11158,0,0,11159,T
6-NA,789,2,11132,0,11,11145,T
6-NA,790,41,0,0,11159,11200,C
6-NA,791,11203,1,7,0,11211,A
6-NA,792,1,11966,0,5,11972,T
6-NA,793,11939,2,3,0,11944,A
6-NA,794,8,1,0,12058,12067,C
6-NA,795,0,12026,1,9,12036,T
6-NA,796,12047,2,12,1,12062,A
6-NA,797,0,4,11995,0,11999,G
6-NA,798,6,6,0,11993,12005,C
6-NA,799,11995,0,7,0,12002,A
6-NA,800,5,2,0,12064,12071,C
6-NA,801,11560,1,2,0,11563,A
6-NA,802,0,11748,0,1,11749,T
6-NA,803,0,11712,0,2,11714,T
6-NA,804,1,3,12530,0,12534,G
6-NA,805,1,12430,0,14,12445,T
6-NA,806,32,0,0,12434,12466,C
6-NA,807,12441,2,6,3,12452,A
6-NA,808,0,14,12450,1,12465,G
6-NA,809,0,20,12451,0,12471,G
6-NA,810,12402,0,3,0,12405,A
6-NA,811,12250,0,4,1,12255,A
6-NA,812,1,6,12403,0,12410,G
6-NA,813,0,11722,0,2,11724,T
6-NA,814,1,5,11809,0,11815,G
6-NA,815,6,3,0,11775,11784,C
6-NA,816,0,11817,0,10,11827,T
6-NA,817,28,4,0,11852,11884,C
6-NA,818,11866,1,11,0,11878,A
6-NA,819,4,4,11884,1,11893,G
6-NA,820,7,2,0,11924,11933,C
6-NA,821,11933,0,3,0,11936,A
6-NA,822,0,11939,0,1,11940,T
6-NA,823,3,2,12344,0,12349,G
6-NA,824,1,12280,0,5,12286,T
6-NA,825,28,5,1,12301,12335,C
6-NA,826,6,14,12313,0,12333,G
6-NA,827,12213,0,5,0,12218,A
6-NA,828,1,16,12208,0,12225,G
6-NA,829,0,35,12186,0,12221,G
6-NA,830,12125,0,8,1,12134,A
6-NA,831,5,4,12288,0,12297,G
6-NA,832,0,11942,0,8,11950,T
6-NA,833,5,6,11942,0,11953,G
6-NA,834,6,1,1,12141,12149,C
6-NA,835,1,12113,1,16,12131,T
6-NA,836,41,1,1,12180,12223,C
6-NA,837,8,0,0,12295,12303,C
6-NA,838,0,12319,0,9,12328,T
6-NA,839,4,3,12344,0,12351,G
6-NA,840,1,2,0,12214,12217,C
6-NA,841,1,12204,0,2,12207,T
6-NA,842,12321,0,6,1,12328,A
6-NA,843,1,12077,0,3,12081,T
6-NA,844,23,2,0,12109,12134,C
6-NA,845,16,0,0,12122,12138,C
6-NA,846,0,12087,1,11,12099,T
6-NA,847,16,5,0,12236,12257,C
6-NA,848,2,19,12218,1,12240,G
6-NA,849,12306,1,4,0,12311,A
6-NA,850,1,12337,0,13,12351,T
6-NA,851,12334,0,1,0,12335,A
6-NA,852,0,12311,0,5,12316,T
6-NA,853,19,0,7,12335,12361,C
6-NA,854,20,2,0,12311,12333,C
6-NA,855,0,12270,2,8,12280,T
6-NA,856,3,17,12319,0,12339,G
6-NA,857,2,6,12232,80,12320,G
6-NA,858,2,12508,0,3,12513,T
6-NA,859,3,2,12564,0,12569,G
6-NA,860,1,12514,0,10,12525,T
6-NA,861,42,2,0,12486,12530,C
6-NA,862,12512,0,6,2,12520,A
6-NA,863,0,12,12491,0,12503,G
6-NA,864,12491,2,5,0,12498,A
6-NA,865,0,12386,1,4,12391,T
6-NA,866,3,3,12439,0,12445,G
6-NA,867,0,12242,0,6,12248,T
6-NA,868,5,3,12281,1,12290,G
6-NA,869,0,12240,1,11,12252,T
6-NA,870,36,2,1,12232,12271,C
6-NA,871,1,12266,0,13,12280,T
6-NA,872,18,3,12246,1,12268,G
6-NA,873,1,1,0,12266,12268,C
6-NA,874,12262,2,11,1,12276,A
6-NA,875,1,22,12284,0,12307,G
6-NA,876,11935,0,16,1,11952,A
6-NA,877,1,13,11965,1,11980,G
6-NA,878,11907,1,30,0,11938,A
6-NA,879,10,2,0,12006,12018,C
6-NA,880,11997,0,11,0,12008,A
6-NA,881,12036,2,12,1,12051,A
6-NA,882,3,4,1,12092,12100,C
6-NA,883,0,12065,0,5,12070,T
6-NA,884,2,14,12090,0,12106,G
6-NA,885,0,16,12047,0,12063,G
6-NA,886,11997,1,23,0,12021,A
6-NA,887,11998,0,7,1,12006,A
6-NA,888,11713,0,15,0,11728,A
6-NA,889,2,14,11877,0,11893,G
6-NA,890,2,5,11836,0,11843,G
6-NA,891,7,1,0,11827,11835,C
6-NA,892,2,11723,0,20,11745,T
6-NA,893,19,0,0,11970,11989,C
6-NA,894,18,2,0,12136,12156,C
6-NA,895,12211,0,2,0,12213,A
6-NA,896,12198,0,2,0,12200,A
6-NA,897,0,12204,0,1,12205,T
6-NA,898,11725,0,8,0,11733,A
6-NA,899,0,10,11610,1,11621,G
6-NA,900,3,3,11599,0,11605,G
6-NA,901,7,1,0,11596,11604,C
6-NA,902,18,1,0,11353,11372,C
6-NA,903,31,3,2,11234,11270,C
6-NA,904,11374,0,0,0,11374,A
6-NA,905,1,11444,0,15,11460,T
6-NA,906,15,2,1,11527,11545,C
6-NA,907,5,4,11595,1,11605,G
6-NA,908,0,11536,0,1,11537,T
6-NA,909,11263,0,4,0,11267,A
6-NA,910,1,5,11496,1,11503,G
6-NA,911,11484,1,11,0,11496,A
6-NA,912,3,11565,0,3,11571,T
6-NA,913,11275,0,3,0,11278,A
6-NA,914,1,11119,0,1,11121,T
6-NA,915,11096,0,3,0,11099,A
6-NA,916,11065,0,4,0,11069,A
6-NA,917,11277,2,6,2,11287,A
6-NA,918,4,4,1,11541,11550,C
6-NA,919,11222,1,2,0,11225,A
6-NA,920,0,11202,0,2,11204,T
6-NA,921,11160,0,3,0,11163,A
6-NA,922,11153,1,5,0,11159,A
6-NA,923,11136,0,9,0,11145,A
6-NA,924,1,14,11208,0,11223,G
6-NA,925,4,24,11251,1,11280,G
6-NA,926,10891,0,6,0,10897,A
6-NA,927,0,10863,0,4,10867,T
6-NA,928,20,4,0,10886,10910,C
6-NA,929,11010,0,7,1,11018,A
6-NA,930,3,11023,0,6,11032,T
6-NA,931,11034,1,3,0,11038,A
6-NA,932,2,4,11038,0,11044,G
6-NA,933,1,2,0,10922,10925,C
6-NA,934,10751,1,3,0,10755,A
6-NA,935,1,10407,0,4,10412,T
6-NA,936,0,10469,0,3,10472,T
6-NA,937,1,4,10767,0,10772,G
6-NA,938,0,10719,1,9,10729,T
6-NA,939,0,10923,0,7,10930,T
6-NA,940,0,10885,0,10,10895,T
6-NA,941,23,1,0,10810,10834,C
6-NA,942,16,0,1,10897,10914,C
6-NA,943,11032,2,7,0,11041,A
6-NA,944,2,6,11156,0,11164,G
6-NA,945,1,11134,0,12,11147,T
6-NA,946,1,10821,1,0,10823,T
6-NA,947,10843,0,2,0,10845,A
6-NA,948,1,10661,0,7,10669,T
6-NA,949,3,4,10714,0,10721,G
6-NA,950,1,10615,1,6,10623,T
6-NA,951,3,6,10696,0,10705,G
6-NA,952,3,10384,1,6,10394,T
6-NA,953,4,5,10662,0,10671,G
6-NA,954,1,10625,0,15,10641,T
6-NA,955,1,10567,0,8,10576,T
6-NA,956,34,4,1,10563,10602,C
6-NA,957,10458,0,41,3,10502,A
6-NA,958,3,26,10534,0,10563,G
6-NA,959,0,38,10441,1,10480,G
6-NA,960,10426,2,9,0,10437,A
6-NA,961,3,2,0,10458,10463,C
6-NA,962,0,10193,0,6,10199,T
6-NA,963,0,10219,0,4,10223,T
6-NA,964,1,5,10616,0,10622,G
6-NA,965,2,10605,0,7,10614,T
6-NA,966,0,10627,0,7,10634,T
6-NA,967,0,12,10533,0,10545,G
6-NA,968,4,25,10499,1,10529,G
6-NA,969,10486,0,18,1,10505,A
6-NA,970,1,20,10526,0,10547,G
6-NA,971,10497,1,19,0,10517,A
6-NA,972,7,2,0,10450,10459,C
6-NA,973,9947,0,12,1,9960,A
6-NA,974,2,1,0,10011,10014,C
6-NA,975,9954,1,17,14,9986,A
6-NA,976,7,0,0,10121,10128,C
6-NA,977,14,6,0,10019,10039,C
6-NA,978,18,3,1,10073,10095,C
6-NA,979,10072,1,7,0,10080,A
6-NA,980,0,11,10121,1,10133,G
6-NA,981,10089,1,6,0,10096,A
6-NA,982,10204,0,0,0,10204,A
6-NA,983,10129,0,1,0,10130,A
6-NA,984,10114,0,3,1,10118,A
6-NA,985,10066,0,6,1,10073,A
6-NA,986,10040,0,2,1,10043,A
6-NA,987,3,5,0,10091,10099,C
6-NA,988,1,33,10019,1,10054,G
6-NA,989,10024,0,5,1,10030,A
6-NA,990,0,3,0,10028,10031,C
6-NA,991,10027,0,4,1,10032,A
6-NA,992,1,1,10131,0,10133,G
6-NA,993,1,4,1,10493,10499,C
6-NA,994,0,10412,0,8,10420,T
6-NA,995,34,8,0,10443,10485,C
6-NA,996,20,2,0,10541,10563,C
6-NA,997,10585,0,12,0,10597,A
6-NA,998,0,1,10696,0,10697,G
6-NA,999,5,1,1,10684,10691,C
6-NA,1000,10684,0,2,1,10687,A
6-NA,1001,2,3,10647,0,10652,G
6-NA,1002,1,10151,0,3,10155,T
6-NA,1003,10167,0,4,0,10171,A
6-NA,1004,2,2,10184,0,10188,G
6-NA,1005,6,5,0,10130,10141,C
6-NA,1006,8,2,0,10186,10196,C
6-NA,1007,10057,1,0,0,10058,A
6-NA,1008,0,10082,0,3,10085,T
6-NA,1009,1,10110,0,1,10112,T
6-NA,1010,1,5,10416,0,10422,G
6-NA,1011,1,10341,0,19,10361,T
6-NA,1012,1,10320,0,7,10328,T
6-NA,1013,5,10288,0,5,10298,T
6-NA,1014,1,21,10180,1,10203,G
6-NA,1015,2,18,10342,0,10362,G
6-NA,1016,10284,1,2,0,10287,A
6-NA,1017,1,10319,0,5,10325,T
6-NA,1018,19,1,1,10302,10323,C
6-NA,1019,19,2,0,10137,10158,C
6-NA,1020,8,10216,0,9,10233,T
6-NA,1021,10258,0,12,0,10270,A
6-NA,1022,10287,0,3,0,10290,A
6-NA,1023,9,2,0,10459,10470,C
6-NA,1024,10234,1,0,0,10235,A
6-NA,1025,10464,0,2,0,10466,A
6-NA,1026,1,10444,0,7,10452,T
6-NA,1027,2,15,10536,1,10554,G
6-NA,1028,10468,0,21,1,10490,A
6-NA,1029,10418,0,22,0,10440,A
6-NA,1030,2,6,10521,0,10529,G
6-NA,1031,10442,2,12,1,10457,A
6-NA,1032,10214,0,5,0,10219,A
6-NA,1033,0,11,10242,0,10253,G
6-NA,1034,1,6,10224,0,10231,G
6-NA,1035,2,9986,0,2,9990,T
6-NA,1036,0,32,10056,0,10088,G
6-NA,1037,1,0,10408,0,10409,G
6-NA,1038,0,10320,0,9,10329,T
6-NA,1039,36,0,0,10297,10333,C
6-NA,1040,10305,0,3,0,10308,A
6-NA,1041,1,10326,0,6,10333,T
6-NA,1042,2,27,10301,0,10330,G
6-NA,1043,1,17,10384,0,10402,G
6-NA,1044,10241,2,17,1,10261,A
6-NA,1045,1,3,10666,0,10670,G
6-NA,1046,0,10188,0,5,10193,T
6-NA,1047,0,20,10201,1,10222,G
6-NA,1048,10152,0,8,1,10161,A
6-NA,1049,10181,0,4,0,10185,A
6-NA,1050,10165,1,34,1,10201,A
6-NA,1051,2,13,10208,1,10224,G
6-NA,1052,0,3,10100,0,10103,G
6-NA,1053,2,1,0,10110,10113,C
6-NA,1054,0,9790,0,10,9800,T
6-NA,1055,0,14,9822,0,9836,G
6-NA,1056,2,9,9801,1,9813,G
6-NA,1057,4,1,9901,0,9906,G
6-NA,1058,3,3,1,9869,9876,C
6-NA,1059,15,3,0,9900,9918,C
6-NA,1060,0,9795,3,18,9816,T
6-NA,1061,2,9843,0,0,9845,T
6-NA,1062,1,9890,0,4,9895,T
6-NA,1063,1,7,9910,1,9919,G
6-NA,1064,9838,2,10,0,9850,A
6-NA,1065,0,9816,0,2,9818,T
6-NA,1066,5,18,9603,0,9626,G
6-NA,1067,9495,2,1,2,9500,A
6-NA,1068,0,9558,0,3,9561,T
6-NA,1069,2,14,9564,3,9583,G
6-NA,1070,2,14,9679,1,9696,G
6-NA,1071,9625,1,6,1,9633,A
6-NA,1072,9656,0,3,0,9659,A
6-NA,1073,9642,0,2,0,9644,A
6-NA,1074,0,9642,0,1,9643,T
6-NA,1075,0,20,9680,0,9700,G
6-NA,1076,9639,1,10,1,9651,A
6-NA,1077,7,5,1,9630,9643,C
6-NA,1078,45,4,9696,0,9745,G
6-NA,1079,1,9500,0,8,9509,T
6-NA,1080,2,4,9618,0,9624,G
6-NA,1081,0,9560,0,8,9568,T
6-NA,1082,0,22,9586,1,9609,G
6-NA,1083,1,7,9694,0,9702,G
6-NA,1084,9558,0,5,0,9563,A
6-NA,1085,1,9586,0,6,9593,T
6-NA,1086,5,21,9526,0,9552,G
6-NA,1087,4,10,9477,0,9491,G
6-NA,1088,0,12,9557,0,9569,G
6-NA,1089,9459,1,4,0,9464,A
6-NA,1090,9446,1,10,0,9457,A
6-NA,1091,1,20,9449,1,9471,G
6-NA,1092,9300,1,9,0,9310,A
6-NA,1093,9279,2,12,0,9293,A
6-NA,1094,0,7,0,9252,9259,C
6-NA,1095,4,28,9161,2,9195,G
6-NA,1096,9143,0,8,0,9151,A
6-NA,1097,0,8956,0,2,8958,T
6-NA,1098,24,2,0,8973,8999,C
6-NA,1099,9018,2,12,0,9032,A
6-NA,1100,1,2,9053,0,9056,G
6-NA,1101,5,1,0,9021,9027,C
6-NA,1102,4,14,9035,0,9053,G
6-NA,1103,8977,0,1,1,8979,A
6-NA,1104,1,8,9051,0,9060,G
6-NA,1105,9015,0,6,0,9021,A
6-NA,1106,9040,0,4,0,9044,A
6-NA,1107,1,3,9121,0,9125,G
6-NA,1108,0,8972,0,12,8984,T
6-NA,1109,28,0,0,8941,8969,C
6-NA,1110,8902,0,8,0,8910,A
6-NA,1111,6,6,0,9197,9209,C
6-NA,1112,4,7,9200,0,9211,G
6-NA,1113,8,1,1,9181,9191,C
6-NA,1114,0,9144,0,7,9151,T
6-NA,1115,0,9193,0,3,9196,T
6-NA,1116,9041,0,4,0,9045,A
6-NA,1117,0,15,9325,0,9340,G
6-NA,1118,0,21,9261,0,9282,G
6-NA,1119,0,2,9478,0,9480,G
6-NA,1120,0,8865,0,2,8867,T
6-NA,1121,8900,0,3,0,8903,A
6-NA,1122,1,8863,1,6,8871,T
6-NA,1123,1,20,8849,0,8870,G
6-NA,1124,8859,0,1,0,8860,A
6-NA,1125,8817,0,3,0,8820,A
6-NA,1126,8336,2,11,0,8349,A
6-NA,1127,2,1,0,8428,8431,C
6-NA,1128,16,1,0,8259,8276,C
6-NA,1129,4,8174,0,12,8190,T
6-NA,1130,0,8150,0,6,8156,T
6-NA,1131,9,1,1,8167,8178,C
6-NA,1132,8198,1,1,0,8200,A
6-NA,1133,8212,1,2,0,8215,A
6-NA,1134,8175,0,4,1,8180,A
6-NA,1135,4,4,8254,0,8262,G
6-NA,1136,1,8060,1,7,8069,T
6-NA,1137,27,4,0,8125,8156,C
6-NA,1138,8292,1,4,1,8298,A
6-NA,1139,0,8331,1,1,8333,T
6-NA,1140,0,8352,0,2,8354,T
6-NA,1141,0,13,8343,0,8356,G
6-NA,1142,8306,0,6,1,8313,A
6-NA,1143,8359,0,5,1,8365,A
6-NA,1144,0,5,8488,0,8493,G
6-NA,1145,0,6,8414,1,8421,G
6-NA,1146,1,0,0,8395,8396,C
6-NA,1147,0,8072,0,14,8086,T
6-NA,1148,3,16,8115,0,8134,G
6-NA,1149,4,2,8312,0,8318,G
6-NA,1150,2,8273,0,12,8287,T
6-NA,1151,32,0,0,8217,8249,C
6-NA,1152,10,1,0,8213,8224,C
6-NA,1153,8248,0,5,0,8253,A
6-NA,1154,8241,1,6,1,8249,A
6-NA,1155,3,2,0,8280,8285,C
6-NA,1156,13,23,0,8244,8280,C
6-NA,1157,17,3,0,8280,8300,C
6-NA,1158,0,7942,0,8,7950,T
6-NA,1159,7933,0,2,0,7935,A
6-NA,1160,7943,0,6,0,7949,A
6-NA,1161,0,1,8009,0,8010,G
6-NA,1162,0,7863,0,21,7884,T
6-NA,1163,18,2,0,7882,7902,C
6-NA,1164,13,0,0,7742,7755,C
6-NA,1165,7762,1,0,0,7763,A
6-NA,1166,7738,0,0,0,7738,A
6-NA,1167,7779,0,0,1,7780,A
6-NA,1168,0,7734,1,2,7737,T
6-NA,1169,1,7753,0,0,7754,T
6-NA,1170,6,4,7708,1,7719,G
6-NA,1171,1,8,0,7647,7656,C
6-NA,1172,7674,0,3,0,7677,A
6-NA,1173,1,8,7690,0,7699,G
6-NA,1174,7651,0,44,0,7695,A
6-NA,1175,0,7826,0,0,7826,T
6-NA,1176,7824,0,1,0,7825,A
6-NA,1177,7802,0,1,0,7803,A
6-NA,1178,7799,0,10,0,7809,A
6-NA,1179,0,7761,0,2,7763,T
6-NA,1180,7748,0,4,0,7752,A
6-NA,1181,0,5,7716,0,7721,G
6-NA,1182,3,2,7641,0,7646,G
6-NA,1183,2,2,1,7614,7619,C
6-NA,1184,7366,0,3,0,7369,A
6-NA,1185,7447,0,10,0,7457,A
6-NA,1186,0,1,7519,1,7521,G
6-NA,1187,0,7445,0,8,7453,T
6-NA,1188,29,1,0,7437,7467,C
6-NA,1189,7504,0,5,0,7509,A
6-NA,1190,0,7518,0,0,7518,T
6-NA,1191,7553,1,4,0,7558,A
6-NA,1192,1,2,7576,0,7579,G
6-NA,1193,1,7572,0,4,7577,T
6-NA,1194,0,7274,0,1,7275,T
6-NA,1195,1,19,7153,0,7173,G
6-NA,1196,7111,1,10,0,7122,A
6-NA,1197,2,2,0,7102,7106,C
6-NA,1198,6994,2,5,0,7001,A
6-NA,1199,0,8,7108,0,7116,G
6-NA,1200,6966,2,10,0,6978,A
6-NA,1201,0,8,7198,0,7206,G
6-NA,1202,1,2,7200,0,7203,G
6-NA,1203,0,7105,0,1,7106,T
6-NA,1204,7113,0,5,0,7118,A
6-NA,1205,7108,0,1,0,7109,A
6-NA,1206,0,7086,0,1,7087,T
6-NA,1207,7045,0,3,0,7048,A
6-NA,1208,0,8,6814,1,6823,G
6-NA,1209,0,5,6633,0,6638,G
6-NA,1210,0,5840,1,4,5845,T
6-NA,1211,16,7,1,5787,5811,C
6-NA,1212,12,5,0,5791,5808,C
6-NA,1213,10,7,5801,2,5820,G
6-NA,1214,1,3,5853,0,5857,G
6-NA,1215,0,5834,0,3,5837,T
6-NA,1216,0,5819,0,0,5819,T
6-NA,1217,5733,0,1,0,5734,A
6-NA,1218,0,5581,0,0,5581,T
6-NA,1219,0,5574,0,2,5576,T
6-NA,1220,16,0,0,5563,5579,C
6-NA,1221,0,5333,1,6,5340,T
6-NA,1222,3,12,5348,2,5365,G
6-NA,1223,4,2,5371,0,5377,G
6-NA,1224,0,5354,1,1,5356,T
6-NA,1225,5385,0,1,0,5386,A
6-NA,1226,0,5275,0,0,5275,T
6-NA,1227,0,5348,0,2,5350,T
6-NA,1228,0,5331,1,4,5336,T
6-NA,1229,0,5363,1,4,5368,T
6-NA,1230,8,1,0,5363,5372,C
6-NA,1231,0,5276,1,5,5282,T
6-NA,1232,8,0,0,5343,5351,C
6-NA,1233,1,5326,0,2,5329,T
6-NA,1234,1,2,5451,0,5454,G
6-NA,1235,0,5434,1,5,5440,T
6-NA,1236,0,5397,0,1,5398,T
6-NA,1237,0,2,5410,0,5412,G
6-NA,1238,5347,0,1,0,5348,A
6-NA,1239,5364,1,5,0,5370,A
6-NA,1240,0,8,5407,0,5415,G
6-NA,1241,0,3,5380,0,5383,G
6-NA,1242,1,3,0,5402,5406,C
6-NA,1243,5271,0,7,0,5278,A
6-NA,1244,5320,0,7,1,5328,A
6-NA,1245,5346,3,1,0,5350,A
6-NA,1246,5348,0,7,0,5355,A
6-NA,1247,1,0,5326,0,5327,G
6-NA,1248,1,1,0,5323,5325,C
6-NA,1249,0,5248,0,4,5252,T
6-NA,1250,0,5,5341,0,5346,G
6-NA,1251,0,4,0,5329,5333,C
6-NA,1252,5352,1,4,0,5357,A
6-NA,1253,0,5326,0,2,5328,T
6-NA,1254,6,0,0,5278,5284,C
6-NA,1255,5309,0,0,0,5309,A
6-NA,1256,5295,0,0,0,5295,A
6-NA,1257,2,5266,0,0,5268,T
6-NA,1258,12,0,0,5287,5299,C
6-NA,1259,3,9,5213,1,5226,G
6-NA,1260,1,3,5331,0,5335,G
6-NA,1261,1,5308,0,0,5309,T
6-NA,1262,2,5,5324,0,5331,G
6-NA,1263,3,10,0,5338,5351,C
6-NA,1264,0,5328,0,13,5341,T
6-NA,1265,0,5411,0,0,5411,T
6-NA,1266,0,5412,0,1,5413,T
6-NA,1267,0,5445,0,1,5446,T
6-NA,1268,5484,0,0,0,5484,A
6-NA,1269,0,5266,0,0,5266,T
6-NA,1270,4,1,5282,0,5287,G
6-NA,1271,0,5184,0,8,5192,T
6-NA,1272,1,3,5136,1,5141,G
6-NA,1273,0,11,5207,0,5218,G
6-NA,1274,5107,0,2,0,5109,A
6-NA,1275,0,2,5162,0,5164,G
6-NA,1276,1,5143,0,3,5147,T
6-NA,1277,0,5116,1,2,5119,T
6-NA,1278,1,9,5180,0,5190,G
6-NA,1279,5174,0,3,0,5177,A
6-NA,1280,0,5178,0,3,5181,T
6-NA,1281,5143,0,2,0,5145,A
6-NA,1282,4974,2,10,0,4986,A
6-NA,1283,42,10,4974,0,5026,G
6-NA,1284,1,9,4913,0,4923,G
6-NA,1285,0,10,4888,0,4898,G
6-NA,1286,1,4,4888,0,4893,G
6-NA,1287,4794,0,5,1,4800,A
6-NA,1288,4737,0,8,0,4745,A
6-NA,1289,1,4,4809,0,4814,G
6-NA,1290,4794,0,1,0,4795,A
6-NA,1291,4800,0,1,0,4801,A
6-NA,1292,4723,1,5,0,4729,A
6-NA,1293,4653,0,3,1,4657,A
6-NA,1294,0,2,4660,0,4662,G
6-NA,1295,4598,0,6,0,4604,A
6-NA,1296,1,6,4594,0,4601,G
6-NA,1297,0,10,4581,0,4591,G
6-NA,1298,4570,0,2,1,4573,A
6-NA,1299,4572,0,4,0,4576,A
6-NA,1300,4561,2,3,0,4566,A
6-NA,1301,1,35,0,4558,4594,C
6-NA,1302,0,4564,0,14,4578,T
6-NA,1303,0,4,4585,0,4589,G
6-NA,1304,4532,0,42,0,4574,A
6-NA,1305,4573,1,3,0,4577,A
6-NA,1306,0,2,4609,0,4611,G
6-NA,1307,0,4518,0,3,4521,T
6-NA,1308,12,0,0,4558,4570,C
6-NA,1309,0,4567,0,3,4570,T
6-NA,1310,0,4521,0,1,4522,T
6-NA,1311,4,0,4527,0,4531,G
6-NA,1312,1,4496,0,5,4502,T
6-NA,1313,1,12,4474,0,4487,G
6-NA,1314,0,8,4486,0,4494,G
6-NA,1315,4405,0,1,0,4406,A
6-NA,1316,2,0,0,4430,4432,C
6-NA,1317,7,0,1,4309,4317,C
6-NA,1318,0,4329,1,10,4340,T
6-NA,1319,5,1,0,4346,4352,C
6-NA,1320,4406,1,2,0,4409,A
6-NA,1321,4415,0,1,0,4416,A
6-NA,1322,4379,1,4,0,4384,A
6-NA,1323,3,2,0,4452,4457,C
6-NA,1324,4331,0,0,0,4331,A
6-NA,1325,1,0,4403,0,4404,G
6-NA,1326,0,4306,0,4,4310,T
6-NA,1327,4332,1,3,0,4336,A
6-NA,1328,0,4305,4,0,4309,T
6-NA,1329,0,4213,0,9,4222,T
6-NA,1330,1,1,4279,1,4282,G
6-NA,1331,0,4256,0,3,4259,T
6-NA,1332,1,4073,1,4,4079,T
6-NA,1333,0,0,4079,0,4079,G
6-NA,1334,0,3813,0,1,3814,T
6-NA,1335,1,1,3835,0,3837,G
6-NA,1336,0,3817,0,6,3823,T
6-NA,1337,0,3744,0,4,3748,T
6-NA,1338,0,3759,2,0,3761,T
6-NA,1339,0,3654,0,0,3654,T
6-NA,1340,0,0,3661,0,3661,G
6-NA,1341,0,3651,0,12,3663,T
6-NA,1342,0,6,3617,0,3623,G
6-NA,1343,0,2,3605,0,3607,G
6-NA,1344,3,1,0,3526,3530,C
6-NA,1345,3513,0,2,0,3515,A
6-NA,1346,4,0,0,3527,3531,C
6-NA,1347,6,0,0,3545,3551,C
6-NA,1348,1,3521,1,4,3527,T
6-NA,1349,5,0,2,3559,3566,C
6-NA,1350,3595,0,1,0,3596,A
6-NA,1351,0,7,3609,0,3616,G
6-NA,1352,0,2,3612,1,3615,G
6-NA,1353,0,3582,0,4,3586,T
6-NA,1354,3552,0,1,0,3553,A
6-NA,1355,3,0,0,3367,3370,C
6-NA,1356,3376,0,1,0,3377,A
6-NA,1357,0,3373,0,1,3374,T
6-NA,1358,3282,0,0,0,3282,A
6-NA,1359,0,3263,0,1,3264,T
6-NA,1360,1,4,3044,0,3049,G
6-NA,1361,0,3,3060,0,3063,G
6-NA,1362,3035,0,0,0,3035,A
6-NA,1363,3007,0,0,0,3007,A
6-NA,1364,2,1,0,2967,2970,C
6-NA,1365,2491,0,0,0,2491,A
6-NA,1366,1,2,2492,0,2495,G
6-NA,1367,1,0,2477,0,2478,G
6-NA,1368,1,0,0,2464,2465,C
6-NA,1369,0,2479,0,3,2482,T
6-NA,1370,4,0,0,2334,2338,C
6-NA,1371,2327,0,2,0,2329,A
6-NA,1372,0,2324,1,2,2327,T
6-NA,1373,1,1,2332,0,2334,G
6-NA,1374,0,0,2320,0,2320,G
6-NA,1375,1,2,0,2213,2216,C
6-NA,1376,5,0,0,2209,2214,C
6-NA,1377,0,2090,0,3,2093,T
6-NA,1378,0,2,2090,0,2092,G
6-NA,1379,2084,0,0,0,2084,A
6-NA,1380,0,2080,0,0,2080,T
6-NA,1381,0,3,2037,0,2040,G
6-NA,1382,1,4,1979,0,1984,G
6-NA,1383,0,1,1866,0,1867,G
6-NA,1384,0,0,1867,0,1867,G
6-NA,1385,1,1,0,1799,1801,C
6-NA,1386,1,2,1818,0,1821,G
6-NA,1387,0,1,1802,0,1803,G
6-NA,1388,1770,0,1,0,1771,A
6-NA,1389,1,0,0,1754,1755,C
6-NA,1390,1765,0,1,0,1766,A
6-NA,1391,0,1724,0,3,1727,T
6-NA,1392,5,0,0,1702,1707,C
6-NA,1393,1698,0,1,0,1699,A
6-NA,1394,1692,0,0,0,1692,A
6-NA,1395,0,1673,0,0,1673,T
6-NA,1396,2,1,0,1640,1643,C
6-NA,1397,0,1584,0,1,1585,T
6-NA,1398,4,0,0,1366,1370,C
6-NA,1399,1363,0,2,0,1365,A
6-NA,1400,1,1347,0,0,1348,T
6-NA,1401,1,0,1351,0,1352,G
6-NA,1402,0,7,0,1319,1326,C
6-NA,1403,5,0,0,1270,1275,C
6-NA,1404,0,1149,0,0,1149,T
6-NA,1405,1124,0,1,0,1125,A
6-NA,1406,0,1131,0,0,1131,T
6-NA,1407,1108,0,0,0,1108,A
6-NA,1408,0,1104,0,0,1104,T
6-NA,1409,998,0,0,0,998,A
6-NA,1410,942,0,0,0,942,A
7-M,1,183,0,0,0,183,A
7-M,2,0,185,0,0,185,T
7-M,3,0,0,182,0,182,G
7-M,4,188,0,0,0,188,A
7-M,5,0,0,206,0,206,G
7-M,6,0,0,0,219,219,C
7-M,7,0,0,0,229,229,C
7-M,8,0,289,0,1,290,T
7-M,9,0,295,0,0,295,T
7-M,10,0,0,0,293,293,C
7-M,11,0,296,0,0,296,T
7-M,12,308,0,0,0,308,A
7-M,13,308,0,0,0,308,A
7-M,14,0,0,0,306,306,C
7-M,15,0,2,0,305,307,C
7-M,16,0,0,303,0,303,G
7-M,17,304,0,0,0,304,A
7-M,18,0,1,311,0,312,G
7-M,19,0,0,317,0,317,G
7-M,20,0,315,0,0,315,T
7-M,21,0,0,0,320,320,C
7-M,22,0,2,318,0,320,G
7-M,23,331,0,0,0,331,A
7-M,24,336,0,0,0,336,A
7-M,25,333,0,0,0,333,A
7-M,26,1,1,0,378,380,C
7-M,27,2,0,379,0,381,G
7-M,28,0,377,0,0,377,T
7-M,29,391,0,0,0,391,A
7-M,30,0,391,0,0,391,T
7-M,31,0,0,402,0,402,G
7-M,32,0,403,0,0,403,T
7-M,33,0,446,0,0,446,T
7-M,34,1,0,0,458,459,C
7-M,35,0,460,0,0,460,T
7-M,36,0,0,0,484,484,C
7-M,37,0,481,0,0,481,T
7-M,38,1,0,0,514,515,C
7-M,39,0,513,0,1,514,T
7-M,40,520,0,0,0,520,A
7-M,41,0,522,0,1,523,T
7-M,42,0,0,0,524,524,C
7-M,43,4,1,522,0,527,G
7-M,44,0,542,0,0,542,T
7-M,45,0,537,0,0,537,T
7-M,46,2,0,0,547,549,C
7-M,47,2,1,0,571,574,C
7-M,48,569,0,1,0,570,A
7-M,49,0,573,0,0,573,T
7-M,50,0,2,0,572,574,C
7-M,51,567,0,1,0,568,A
7-M,52,0,1,582,0,583,G
7-M,53,0,0,580,0,580,G
7-M,54,0,0,0,598,598,C
7-M,55,0,0,0,591,591,C
7-M,56,1,1,0,589,591,C
7-M,57,0,0,0,619,619,C
7-M,58,1,0,0,627,628,C
7-M,59,0,633,0,0,633,T
7-M,60,3,0,0,628,631,C
7-M,61,633,0,0,0,633,A
7-M,62,635,0,0,0,635,A
7-M,63,648,0,0,0,648,A
7-M,64,0,0,658,0,658,G
7-M,65,0,0,0,662,662,C
7-M,66,1,0,0,665,666,C
7-M,67,0,3,663,0,666,G
7-M,68,653,0,1,0,654,A
7-M,69,0,1,662,0,663,G
7-M,70,665,0,0,0,665,A
7-M,71,0,667,0,0,667,T
7-M,72,0,0,0,670,670,C
7-M,73,1,0,673,0,674,G
7-M,74,0,1,0,684,685,C
7-M,75,0,0,686,0,686,G
7-M,76,0,0,0,683,683,C
7-M,77,678,0,1,0,679,A
7-M,78,1,1,683,0,685,G
7-M,79,676,0,2,0,678,A
7-M,80,1,5,719,0,725,G
7-M,81,729,0,0,0,729,A
7-M,82,0,0,0,737,737,C
7-M,83,0,739,0,0,739,T
7-M,84,0,741,0,1,742,T
7-M,85,0,0,745,0,745,G
7-M,86,749,0,0,0,749,A
7-M,87,751,0,0,0,751,A
7-M,88,0,0,743,0,743,G
7-M,89,740,0,0,0,740,A
7-M,90,0,748,0,0,748,T
7-M,91,0,0,750,1,751,G
7-M,92,0,750,0,0,750,T
7-M,93,60,0,0,692,752,C
7-M,94,0,752,0,0,752,T
7-M,95,0,759,0,0,759,T
7-M,96,1,759,0,0,760,T
7-M,97,0,0,757,0,757,G
7-M,98,0,1,0,753,754,C
7-M,99,0,758,0,1,759,T
7-M,100,0,1,751,0,752,G
7-M,101,0,1,755,0,756,G
7-M,102,0,3,763,0,766,G
7-M,103,770,0,0,0,770,A
7-M,104,772,0,0,0,772,A
7-M,105,779,0,0,0,779,A
7-M,106,779,0,0,0,779,A
7-M,107,792,0,0,0,792,A
7-M,108,0,1,0,795,796,C
7-M,109,794,0,0,0,794,A
7-M,110,0,1,0,801,802,C
7-M,111,792,0,1,0,793,A
7-M,112,0,2,808,0,810,G
7-M,113,818,0,0,0,818,A
7-M,114,0,859,0,0,859,T
7-M,115,3,0,0,857,860,C
7-M,116,0,857,0,0,857,T
7-M,117,0,858,0,1,859,T
7-M,118,0,5,844,0,849,G
7-M,119,844,0,1,0,845,A
7-M,120,0,2,857,0,859,G
7-M,121,0,1,843,0,844,G
7-M,122,1,0,0,858,859,C
7-M,123,1,843,0,1,845,T
7-M,124,1,0,0,949,950,C
7-M,125,0,952,0,0,952,T
7-M,126,1,0,0,962,963,C
7-M,127,952,0,1,0,953,A
7-M,128,0,958,0,0,958,T
7-M,129,0,1,964,0,965,G
7-M,130,0,3,960,0,963,G
7-M,131,958,0,0,0,958,A
7-M,132,956,0,0,0,956,A
7-M,133,0,923,0,0,923,T
7-M,134,0,2,965,0,967,G
7-M,135,0,0,1024,0,1024,G
7-M,136,0,0,0,1030,1030,C
7-M,137,0,1032,0,0,1032,T
7-M,138,1028,0,0,0,1028,A
7-M,139,1024,0,1,0,1025,A
7-M,140,1033,0,1,0,1034,A
7-M,141,0,1,1051,0,1052,G
7-M,142,1048,0,0,0,1048,A
7-M,143,1,0,0,1053,1054,C
7-M,144,1004,0,0,0,1004,A
7-M,145,1010,0,0,1,1011,A
7-M,146,0,4,1025,0,1029,G
7-M,147,1026,0,1,0,1027,A
7-M,148,0,1,0,1034,1035,C
7-M,149,5,0,0,1031,1036,C
7-M,150,1029,0,0,0,1029,A
7-M,151,1040,0,8,1,1049,A
7-M,152,0,1055,0,0,1055,T
7-M,153,0,1055,0,1,1056,T
7-M,154,1,0,0,1073,1074,C
7-M,155,0,1072,0,0,1072,T
7-M,156,0,0,1070,0,1070,G
7-M,157,0,1069,0,1,1070,T
7-M,158,6,0,0,1065,1071,C
7-M,159,1060,0,1,0,1061,A
7-M,160,0,0,0,1090,1090,C
7-M,161,0,0,0,1096,1096,C
7-M,162,0,1095,0,1,1096,T
7-M,163,1,1,0,1107,1109,C
7-M,164,0,1098,0,0,1098,T
7-M,165,0,4,1125,0,1129,G
7-M,166,1133,0,0,0,1133,A
7-M,167,1,0,0,1140,1141,C
7-M,168,0,1135,0,0,1135,T
7-M,169,1125,0,0,0,1125,A
7-M,170,1112,0,0,0,1112,A
7-M,171,0,4,1115,1,1120,G
7-M,172,0,2,1117,0,1119,G
7-M,173,0,1,1112,1,1114,G
7-M,174,1,4,1103,0,1108,G
7-M,175,1108,0,1,0,1109,A
7-M,176,0,1114,0,0,1114,T
7-M,177,0,1118,0,0,1118,T
7-M,178,0,1127,0,1,1128,T
7-M,179,0,1127,0,0,1127,T
7-M,180,0,2,1129,0,1131,G
7-M,181,0,1,1128,0,1129,G
7-M,182,0,1,1120,0,1121,G
7-M,183,0,0,1129,0,1129,G
7-M,184,0,1109,5,0,1114,T
7-M,185,0,1124,0,0,1124,T
7-M,186,0,1130,0,0,1130,T
7-M,187,0,0,1168,0,1168,G
7-M,188,0,1162,0,0,1162,T
7-M,189,0,1,1167,0,1168,G
7-M,190,0,1167,0,1,1168,T
7-M,191,0,1166,0,1,1167,T
7-M,192,3,0,0,1177,1180,C
7-M,193,1181,0,0,0,1181,A
7-M,194,0,0,0,1199,1199,C
7-M,195,0,3,1185,0,1188,G
7-M,196,0,0,0,1189,1189,C
7-M,197,0,1177,0,0,1177,T
7-M,198,4,0,1,1214,1219,C
7-M,199,1212,0,0,0,1212,A
7-M,200,1,1,0,1244,1246,C
7-M,201,4,1,0,1236,1241,C
7-M,202,1,0,1239,0,1240,G
7-M,203,0,1235,1,0,1236,T
7-M,204,0,0,1239,0,1239,G
7-M,205,0,0,0,1232,1232,C
7-M,206,2,0,0,1235,1237,C
7-M,207,0,0,0,1240,1240,C
7-M,208,1230,0,2,0,1232,A
7-M,209,0,0,1243,0,1243,G
7-M,210,0,1234,0,0,1234,T
7-M,211,0,5,1253,0,1258,G
7-M,212,1259,0,1,0,1260,A
7-M,213,0,0,1249,0,1249,G
7-M,214,1,1,0,1255,1257,C
7-M,215,0,3,1259,0,1262,G
7-M,216,1243,0,0,1,1244,A
7-M,217,0,5,1256,0,1261,G
7-M,218,0,2,1262,0,1264,G
7-M,219,1262,0,0,0,1262,A
7-M,220,0,0,0,1289,1289,C
7-M,221,0,1259,0,0,1259,T
7-M,222,0,1,1270,0,1271,G
7-M,223,0,3,0,1269,1272,C
7-M,224,1268,0,1,0,1269,A
7-M,225,0,0,1304,0,1304,G
7-M,226,1,0,0,1291,1292,C
7-M,227,1,1,1308,0,1310,G
7-M,228,0,1308,0,0,1308,T
7-M,229,1299,0,0,0,1299,A
7-M,230,1,1,1293,0,1295,G
7-M,231,1288,0,0,0,1288,A
7-M,232,0,0,0,1302,1302,C
7-M,233,1,1,1285,0,1287,G
7-M,234,0,0,0,1276,1276,C
7-M,235,0,1261,0,0,1261,T
7-M,236,0,1262,0,0,1262,T
7-M,237,0,1256,0,0,1256,T
7-M,238,0,0,1291,0,1291,G
7-M,239,0,1292,0,0,1292,T
7-M,240,4,0,0,1283,1287,C
7-M,241,1,0,0,1290,1291,C
7-M,242,1291,0,1,0,1292,A
7-M,243,1284,0,0,0,1284,A
7-M,244,1284,0,0,0,1284,A
7-M,245,1290,0,0,0,1290,A
7-M,246,0,1285,0,0,1285,T
7-M,247,1,0,1276,0,1277,G
7-M,248,0,0,0,1256,1256,C
7-M,249,1,0,0,1262,1263,C
7-M,250,1,0,0,1278,1279,C
7-M,251,1,1274,0,0,1275,T
7-M,252,1,0,0,1341,1342,C
7-M,253,1344,0,0,0,1344,A
7-M,254,1346,1,1,0,1348,A
7-M,255,1,1361,0,0,1362,T
7-M,256,0,0,1361,0,1361,G
7-M,257,0,2,1380,0,1382,G
7-M,258,0,1,1392,0,1393,G
7-M,259,1380,1,0,0,1381,A
7-M,260,1375,0,0,0,1375,A
7-M,261,0,1338,0,0,1338,T
7-M,262,0,1,1331,0,1332,G
7-M,263,0,2,1331,0,1333,G
7-M,264,1313,0,2,0,1315,A
7-M,265,0,0,1315,0,1315,G
7-M,266,1290,0,3,0,1293,A
7-M,267,1,7,0,1267,1275,C
7-M,268,4,0,0,1326,1330,C
7-M,269,3,1,0,1340,1344,C
7-M,270,1351,0,0,0,1351,A
7-M,271,1341,0,0,0,1341,A
7-M,272,1348,0,0,1,1349,A
7-M,273,0,1352,0,0,1352,T
7-M,274,1399,0,0,0,1399,A
7-M,275,1392,0,1,0,1393,A
7-M,276,1,0,0,1357,1358,C
7-M,277,1348,0,1,0,1349,A
7-M,278,0,1345,0,0,1345,T
7-M,279,0,2,1368,0,1370,G
7-M,280,1,3,1363,0,1367,G
7-M,281,1360,0,6,0,1366,A
7-M,282,1,0,0,1372,1373,C
7-M,283,1337,0,0,0,1337,A
7-M,284,1342,0,0,0,1342,A
7-M,285,1331,0,1,0,1332,A
7-M,286,0,0,1351,0,1351,G
7-M,287,2,0,0,1383,1385,C
7-M,288,1364,0,0,0,1364,A
7-M,289,0,0,1382,0,1382,G
7-M,290,0,1376,0,1,1377,T
7-M,291,0,1387,0,0,1387,T
7-M,292,1389,1,0,0,1390,A
7-M,293,1391,0,0,0,1391,A
7-M,294,1390,0,0,0,1390,A
7-M,295,0,1,0,1421,1422,C
7-M,296,0,1396,0,0,1396,T
7-M,297,1,0,1548,0,1549,G
7-M,298,0,1526,0,0,1526,T
7-M,299,1543,0,1,0,1544,A
7-M,300,0,1527,0,0,1527,T
7-M,301,1531,0,0,0,1531,A
7-M,302,0,3,1526,0,1529,G
7-M,303,0,5,1510,0,1515,G
7-M,304,1490,0,1,0,1491,A
7-M,305,1499,0,0,0,1499,A
7-M,306,1380,0,0,0,1380,A
7-M,307,0,1,0,1414,1415,C
7-M,308,0,1409,0,0,1409,T
7-M,309,1,1422,0,0,1423,T
7-M,310,1419,0,0,0,1419,A
7-M,311,1418,0,3,0,1421,A
7-M,312,0,3,1410,0,1413,G
7-M,313,1408,0,0,1,1409,A
7-M,314,0,1,1421,1,1423,G
7-M,315,0,2,1413,0,1415,G
7-M,316,0,2,1414,0,1416,G
7-M,317,1412,0,0,0,1412,A
7-M,318,0,2,1429,0,1431,G
7-M,319,1430,0,1,0,1431,A
7-M,320,0,1438,0,0,1438,T
7-M,321,1438,0,0,0,1438,A
7-M,322,1427,0,2,0,1429,A
7-M,323,1,0,0,1446,1447,C
7-M,324,7,0,1430,0,1437,G
7-M,325,1,1443,0,1,1445,T
7-M,326,0,1430,0,1,1431,T
7-M,327,3,0,0,1440,1443,C
7-M,328,2,0,0,1436,1438,C
7-M,329,1435,0,2,0,1437,A
7-M,330,0,1437,0,1,1438,T
7-M,331,0,1,1437,0,1438,G
7-M,332,0,6,1425,0,1431,G
7-M,333,0,4,1420,0,1424,G
7-M,334,1,1,1429,0,1431,G
7-M,335,4,1,0,1408,1413,C
7-M,336,2,1,0,1421,1424,C
7-M,337,1435,1,1,0,1437,A
7-M,338,1436,0,0,1,1437,A
7-M,339,1437,0,1,0,1438,A
7-M,340,0,4,1454,0,1458,G
7-M,341,1451,0,0,0,1451,A
7-M,342,1436,0,1,1,1438,A
7-M,343,1437,0,0,0,1437,A
7-M,344,0,1437,0,0,1437,T
7-M,345,1434,0,1,0,1435,A
7-M,346,0,0,1438,0,1438,G
7-M,347,0,0,0,1430,1430,C
7-M,348,0,1423,0,3,1426,T
7-M,349,3,0,0,1424,1427,C
7-M,350,0,1417,0,1,1418,T
7-M,351,1,0,0,1474,1475,C
7-M,352,1476,0,0,0,1476,A
7-M,353,1,1,1469,0,1471,G
7-M,354,0,1457,1,0,1458,T
7-M,355,0,1490,0,0,1490,T
7-M,356,1498,0,0,0,1498,A
7-M,357,0,1492,0,0,1492,T
7-M,358,0,1494,0,0,1494,T
7-M,359,3,0,0,1501,1504,C
7-M,360,0,1465,0,0,1465,T
7-M,361,1,2,1465,0,1468,G
7-M,362,0,0,0,1461,1461,C
7-M,363,0,1462,1,0,1463,T
7-M,364,0,3,1459,0,1462,G
7-M,365,0,0,1466,0,1466,G
7-M,366,0,1464,0,3,1467,T
7-M,367,10,1,1455,0,1466,G
7-M,368,0,1,0,1454,1455,C
7-M,369,1454,0,1,0,1455,A
7-M,370,0,0,0,1469,1469,C
7-M,371,0,1446,0,2,1448,T
7-M,372,0,1470,0,4,1474,T
7-M,373,0,1,1470,0,1471,G
7-M,374,1,1,0,1452,1454,C
7-M,375,1,1,0,1461,1463,C
7-M,376,1469,0,0,0,1469,A
7-M,377,0,0,1473,0,1473,G
7-M,378,0,1480,0,2,1482,T
7-M,379,0,1473,0,0,1473,T
7-M,380,0,0,1484,0,1484,G
7-M,381,0,1,0,1465,1466,C
7-M,382,1462,0,1,0,1463,A
7-M,383,0,1464,0,1,1465,T
7-M,384,2,4,1459,0,1465,G
7-M,385,0,2,1471,0,1473,G
7-M,386,1,1,1486,0,1488,G
7-M,387,0,2,0,1467,1469,C
7-M,388,1,0,0,1512,1513,C
7-M,389,0,1513,0,0,1513,T
7-M,390,3,0,0,1541,1544,C
7-M,391,1615,0,0,0,1615,A
7-M,392,0,1613,0,0,1613,T
7-M,393,1669,0,0,0,1669,A
7-M,394,0,1652,0,0,1652,T
7-M,395,1621,1,0,0,1622,A
7-M,396,1,0,0,1707,1708,C
7-M,397,1642,0,0,0,1642,A
7-M,398,1640,0,0,0,1640,A
7-M,399,0,1625,0,0,1625,T
7-M,400,1557,0,0,0,1557,A
7-M,401,0,2,1576,0,1578,G
7-M,402,1,2,1550,0,1553,G
7-M,403,1531,0,1,0,1532,A
7-M,404,0,1547,0,0,1547,T
7-M,405,1,3,1444,0,1448,G
7-M,406,0,3,1418,0,1421,G
7-M,407,0,4,1422,1,1427,G
7-M,408,0,1,1440,0,1441,G
7-M,409,0,0,1450,0,1450,G
7-M,410,0,0,0,1432,1432,C
7-M,411,0,1419,0,1,1420,T
7-M,412,5,0,1420,0,1425,G
7-M,413,0,1425,0,0,1425,T
7-M,414,1429,0,1,0,1430,A
7-M,415,1425,0,1,0,1426,A
7-M,416,0,0,0,1424,1424,C
7-M,417,4,0,0,1415,1419,C
7-M,418,1406,0,2,0,1408,A
7-M,419,2,0,0,1402,1404,C
7-M,420,0,1407,0,1,1408,T
7-M,421,0,5,1420,0,1425,G
7-M,422,1393,0,0,0,1393,A
7-M,423,1403,0,0,0,1403,A
7-M,424,1,0,1415,0,1416,G
7-M,425,0,1385,0,0,1385,T
7-M,426,0,3,1382,0,1385,G
7-M,427,2,0,1392,1,1395,G
7-M,428,0,0,0,1395,1395,C
7-M,429,1399,1,5,0,1405,A
7-M,430,0,1395,0,0,1395,T
7-M,431,0,1395,0,0,1395,T
7-M,432,0,1389,0,1,1390,T
7-M,433,0,0,1437,0,1437,G
7-M,434,0,0,1428,0,1428,G
7-M,435,0,1,0,1419,1420,C
7-M,436,3,0,0,1430,1433,C
7-M,437,1,1436,1,1,1439,T
7-M,438,0,2,1506,0,1508,G
7-M,439,0,0,1512,0,1512,G
7-M,440,0,1521,0,0,1521,T
7-M,441,1537,0,0,0,1537,A
7-M,442,0,1477,0,0,1477,T
7-M,443,0,0,1508,0,1508,G
7-M,444,0,1510,0,0,1510,T
7-M,445,0,0,1508,0,1508,G
7-M,446,0,0,0,1514,1514,C
7-M,447,1463,0,0,0,1463,A
7-M,448,1457,0,1,0,1458,A
7-M,449,0,0,0,1470,1470,C
7-M,450,1463,0,0,0,1463,A
7-M,451,0,1469,0,1,1470,T
7-M,452,0,0,1457,0,1457,G
7-M,453,0,1427,0,1,1428,T
7-M,454,1,4,1420,0,1425,G
7-M,455,1409,0,1,0,1410,A
7-M,456,1,0,1415,0,1416,G
7-M,457,1,0,0,1408,1409,C
7-M,458,1379,0,0,0,1379,A
7-M,459,0,3,1401,0,1404,G
7-M,460,1391,0,1,0,1392,A
7-M,461,0,1390,0,1,1391,T
7-M,462,0,1400,0,0,1400,T
7-M,463,0,0,1404,0,1404,G
7-M,464,2,7,0,1388,1397,C
7-M,465,0,1402,0,0,1402,T
7-M,466,0,4,1397,0,1401,G
7-M,467,1391,0,0,0,1391,A
7-M,468,0,0,0,1499,1499,C
7-M,469,0,1513,0,2,1515,T
7-M,470,3,0,0,1513,1516,C
7-M,471,2,0,0,1499,1501,C
7-M,472,2,1,1,1512,1516,C
7-M,473,1519,0,1,0,1520,A
7-M,474,2,1,1530,0,1533,G
7-M,475,0,0,0,1511,1511,C
7-M,476,1525,0,1,0,1526,A
7-M,477,0,0,0,1525,1525,C
7-M,478,1392,0,1,0,1393,A
7-M,479,0,1,1419,1,1421,G
7-M,480,0,2,1407,0,1409,G
7-M,481,0,1396,0,1,1397,T
7-M,482,4,0,0,1421,1425,C
7-M,483,0,1408,0,0,1408,T
7-M,484,5,0,0,1406,1411,C
7-M,485,1412,0,1,0,1413,A
7-M,486,0,1408,0,0,1408,T
7-M,487,1413,0,2,0,1415,A
7-M,488,0,5,1381,0,1386,G
7-M,489,0,0,1376,0,1376,G
7-M,490,0,0,0,1370,1370,C
7-M,491,1361,0,0,0,1361,A
7-M,492,1363,0,0,0,1363,A
7-M,493,1363,0,0,0,1363,A
7-M,494,0,1360,0,1,1361,T
7-M,495,0,3,1351,0,1354,G
7-M,496,0,0,1355,0,1355,G
7-M,497,0,1333,0,0,1333,T
7-M,498,1,2,1340,0,1343,G
7-M,499,1,0,1348,0,1349,G
7-M,500,2,0,0,1352,1354,C
7-M,501,1350,0,0,0,1350,A
7-M,502,1344,0,1,0,1345,A
7-M,503,0,0,0,1368,1368,C
7-M,504,1369,0,0,0,1369,A
7-M,505,1366,0,0,0,1366,A
7-M,506,1,1,0,1363,1365,C
7-M,507,1,0,0,1346,1347,C
7-M,508,1336,0,0,0,1336,A
7-M,509,1335,0,0,0,1335,A
7-M,510,1,1331,0,0,1332,T
7-M,511,1,0,0,1339,1340,C
7-M,512,6,0,0,1313,1319,C
7-M,513,1311,0,0,0,1311,A
7-M,514,0,1301,0,2,1303,T
7-M,515,0,1305,0,0,1305,T
7-M,516,1308,0,1,1,1310,A
7-M,517,1317,0,0,0,1317,A
7-M,518,0,1323,0,0,1323,T
7-M,519,1317,0,0,0,1317,A
7-M,520,1309,1,0,0,1310,A
7-M,521,1265,0,33,0,1298,A
7-M,522,1313,0,2,0,1315,A
7-M,523,0,0,0,1344,1344,C
7-M,524,1335,1,1,0,1337,A
7-M,525,0,1344,0,0,1344,T
7-M,526,2,5,1344,0,1351,G
7-M,527,1338,0,0,0,1338,A
7-M,528,0,4,1340,0,1344,G
7-M,529,1339,0,0,0,1339,A
7-M,530,1347,0,0,0,1347,A
7-M,531,0,1,0,1348,1349,C
7-M,532,1304,0,2,0,1306,A
7-M,533,0,1,1322,0,1323,G
7-M,534,1310,0,0,0,1310,A
7-M,535,1311,0,0,0,1311,A
7-M,536,0,1305,0,0,1305,T
7-M,537,1,4,1294,0,1299,G
7-M,538,0,0,1302,0,1302,G
7-M,539,0,1291,1,0,1292,T
7-M,540,0,1267,0,1,1268,T
7-M,541,1,1281,0,0,1282,T
7-M,542,0,1282,0,0,1282,T
7-M,543,1,4,1299,0,1304,G
7-M,544,1,0,1300,0,1301,G
7-M,545,2,2,0,1283,1287,C
7-M,546,0,0,0,1288,1288,C
7-M,547,1257,0,0,0,1257,A
7-M,548,0,0,1294,0,1294,G
7-M,549,0,0,0,1288,1288,C
7-M,550,1300,0,1,0,1301,A
7-M,551,3,0,0,1328,1331,C
7-M,552,0,1317,0,1,1318,T
7-M,553,1334,0,1,0,1335,A
7-M,554,2,1,0,1350,1353,C
7-M,555,1354,0,2,1,1357,A
7-M,556,1,1,1381,0,1383,G
7-M,557,0,0,0,1333,1333,C
7-M,558,0,1305,0,4,1309,T
7-M,559,1311,0,0,0,1311,A
7-M,560,1287,0,0,0,1287,A
7-M,561,0,0,1303,0,1303,G
7-M,562,0,0,1308,0,1308,G
7-M,563,0,0,0,1300,1300,C
7-M,564,0,1232,0,0,1232,T
7-M,565,1229,0,0,0,1229,A
7-M,566,0,1222,0,0,1222,T
7-M,567,1,0,1236,0,1237,G
7-M,568,0,8,1232,0,1240,G
7-M,569,1215,0,0,0,1215,A
7-M,570,0,0,1218,0,1218,G
7-M,571,0,0,0,1196,1196,C
7-M,572,1205,0,0,0,1205,A
7-M,573,1201,0,0,0,1201,A
7-M,574,1197,0,0,0,1197,A
7-M,575,1,1194,0,1,1196,T
7-M,576,2,3,1201,0,1206,G
7-M,577,0,0,1196,0,1196,G
7-M,578,1,0,0,1188,1189,C
7-M,579,0,1187,0,0,1187,T
7-M,580,0,2,1188,0,1190,G
7-M,581,0,4,1203,0,1207,G
7-M,582,1194,0,0,0,1194,A
7-M,583,1,1187,0,2,1190,T
7-M,584,2,1,0,1186,1189,C
7-M,585,1188,0,1,0,1189,A
7-M,586,1199,0,0,0,1199,A
7-M,587,0,0,1200,0,1200,G
7-M,588,0,1198,0,0,1198,T
7-M,589,0,2,1204,0,1206,G
7-M,590,1190,0,2,0,1192,A
7-M,591,0,0,1195,0,1195,G
7-M,592,0,0,0,1189,1189,C
7-M,593,1203,0,0,0,1203,A
7-M,594,0,1,1201,0,1202,G
7-M,595,1,0,1187,0,1188,G
7-M,596,1,0,0,1187,1188,C
7-M,597,1183,0,1,0,1184,A
7-M,598,0,0,1201,0,1201,G
7-M,599,0,1,0,1192,1193,C
7-M,600,1,1,1195,0,1197,G
7-M,601,0,3,1184,0,1187,G
7-M,602,1186,0,0,0,1186,A
7-M,603,0,2,1190,0,1192,G
7-M,604,0,0,1205,0,1205,G
7-M,605,2,1,0,1188,1191,C
7-M,606,1,1,0,1216,1218,C
7-M,607,1197,0,0,0,1197,A
7-M,608,0,1210,0,0,1210,T
7-M,609,0,4,1206,0,1210,G
7-M,610,0,2,1212,0,1214,G
7-M,611,1199,0,1,0,1200,A
7-M,612,1,1,1211,0,1213,G
7-M,613,1182,0,0,0,1182,A
7-M,614,0,1206,0,0,1206,T
7-M,615,0,1209,0,0,1209,T
7-M,616,0,0,1207,0,1207,G
7-M,617,0,0,0,1205,1205,C
7-M,618,0,1191,0,13,1204,T
7-M,619,1210,0,0,0,1210,A
7-M,620,0,0,1208,0,1208,G
7-M,621,0,1190,0,0,1190,T
7-M,622,3,0,0,1189,1192,C
7-M,623,1151,0,1,0,1152,A
7-M,624,0,1,1175,0,1176,G
7-M,625,1,2,1172,0,1175,G
7-M,626,0,1,1,1164,1166,C
7-M,627,3,0,0,1178,1181,C
7-M,628,1170,0,0,0,1170,A
7-M,629,8,4,1186,0,1198,G
7-M,630,0,0,1195,0,1195,G
7-M,631,0,1,0,1198,1199,C
7-M,632,1201,0,0,0,1201,A
7-M,633,0,0,1199,0,1199,G
7-M,634,1176,0,0,0,1176,A
7-M,635,0,1186,0,1,1187,T
7-M,636,0,1,1201,0,1202,G
7-M,637,1,1,1250,0,1252,G
7-M,638,0,1216,0,0,1216,T
7-M,639,1,1,1227,0,1229,G
7-M,640,0,1,0,1208,1209,C
7-M,641,1213,0,1,0,1214,A
7-M,642,0,1,1244,0,1245,G
7-M,643,1,0,1232,0,1233,G
7-M,644,0,0,0,1237,1237,C
7-M,645,1233,0,0,0,1233,A
7-M,646,1187,0,0,0,1187,A
7-M,647,0,1184,0,0,1184,T
7-M,648,0,2,1182,1,1185,G
7-M,649,1179,0,0,0,1179,A
7-M,650,0,1,1190,0,1191,G
7-M,651,1151,0,1,0,1152,A
7-M,652,1,0,1165,0,1166,G
7-M,653,1,0,0,1168,1169,C
7-M,654,1,0,0,1186,1187,C
7-M,655,1196,0,0,0,1196,A
7-M,656,0,1198,0,0,1198,T
7-M,657,0,1198,0,0,1198,T
7-M,658,0,2,1199,0,1201,G
7-M,659,0,4,1170,1,1175,G
7-M,660,0,1,1187,0,1188,G
7-M,661,1191,0,0,0,1191,A
7-M,662,1,0,0,1173,1174,C
7-M,663,0,1129,0,0,1129,T
7-M,664,3,0,0,1132,1135,C
7-M,665,1146,0,1,0,1147,A
7-M,666,0,1198,0,0,1198,T
7-M,667,4,0,0,1200,1204,C
7-M,668,1,0,1,1196,1198,C
7-M,669,1,1206,0,0,1207,T
7-M,670,1207,0,0,0,1207,A
7-M,671,0,0,1221,0,1221,G
7-M,672,0,1347,0,0,1347,T
7-M,673,0,1331,0,0,1331,T
7-M,674,3,0,0,1332,1335,C
7-M,675,5,0,0,1301,1306,C
7-M,676,1305,0,1,0,1306,A
7-M,677,0,0,1315,0,1315,G
7-M,678,0,1313,0,0,1313,T
7-M,679,1311,0,0,0,1311,A
7-M,680,0,0,0,1309,1309,C
7-M,681,0,1151,0,0,1151,T
7-M,682,0,3,1193,0,1196,G
7-M,683,0,0,1231,0,1231,G
7-M,684,0,1240,0,0,1240,T
7-M,685,4,0,0,1241,1245,C
7-M,686,0,1223,0,0,1223,T
7-M,687,1224,0,0,0,1224,A
7-M,688,1218,0,0,0,1218,A
7-M,689,0,4,1218,0,1222,G
7-M,690,1209,0,2,0,1211,A
7-M,691,0,1,1191,0,1192,G
7-M,692,1138,1,0,0,1139,A
7-M,693,0,1132,0,0,1132,T
7-M,694,0,3,1128,0,1131,G
7-M,695,1124,0,1,0,1125,A
7-M,696,0,1115,0,1,1116,T
7-M,697,4,0,0,1118,1122,C
7-M,698,0,1119,0,1,1120,T
7-M,699,1,1116,0,0,1117,T
7-M,700,4,0,0,1117,1121,C
7-M,701,0,1122,0,1,1123,T
7-M,702,0,1122,0,1,1123,T
7-M,703,0,2,1123,0,1125,G
7-M,704,1128,0,0,0,1128,A
7-M,705,1117,0,0,0,1117,A
7-M,706,1123,1,0,0,1124,A
7-M,707,1125,0,0,0,1125,A
7-M,708,0,1123,0,0,1123,T
7-M,709,0,1133,0,0,1133,T
7-M,710,0,1134,0,2,1136,T
7-M,711,0,0,1130,0,1130,G
7-M,712,1,1,0,1129,1131,C
7-M,713,1133,0,0,0,1133,A
7-M,714,0,2,1132,0,1134,G
7-M,715,1123,0,1,0,1124,A
7-M,716,0,0,0,1162,1162,C
7-M,717,3,0,0,1151,1154,C
7-M,718,0,1147,0,1,1148,T
7-M,719,1168,0,0,0,1168,A
7-M,720,0,1161,0,0,1161,T
7-M,721,0,0,0,1171,1171,C
7-M,722,1175,0,0,0,1175,A
7-M,723,1,2,1180,0,1183,G
7-M,724,1180,0,0,0,1180,A
7-M,725,1144,0,0,0,1144,A
7-M,726,1149,0,1,0,1150,A
7-M,727,1,1,0,1143,1145,C
7-M,728,1,2,1152,0,1155,G
7-M,729,1141,0,0,0,1141,A
7-M,730,1149,0,0,0,1149,A
7-M,731,0,1153,0,0,1153,T
7-M,732,0,2,1144,0,1146,G
7-M,733,1,6,1152,0,1159,G
7-M,734,0,6,1143,0,1149,G
7-M,735,0,2,1155,0,1157,G
7-M,736,1,0,1170,0,1171,G
7-M,737,0,1127,0,0,1127,T
7-M,738,0,0,1138,0,1138,G
7-M,739,0,0,0,1136,1136,C
7-M,740,1138,0,3,0,1141,A
7-M,741,0,0,1149,0,1149,G
7-M,742,1124,1,0,0,1125,A
7-M,743,0,1117,0,0,1117,T
7-M,744,0,0,1107,0,1107,G
7-M,745,0,1,0,1094,1095,C
7-M,746,1091,0,0,0,1091,A
7-M,747,1084,1,0,1,1086,A
7-M,748,0,0,0,1098,1098,C
7-M,749,0,3,1093,0,1096,G
7-M,750,1102,0,0,0,1102,A
7-M,751,0,1096,0,1,1097,T
7-M,752,0,1100,0,1,1101,T
7-M,753,0,1,0,1102,1103,C
7-M,754,1076,0,0,0,1076,A
7-M,755,1080,0,0,0,1080,A
7-M,756,2,0,1074,0,1076,G
7-M,757,1,1052,0,0,1053,T
7-M,758,0,2,1047,0,1049,G
7-M,759,1028,1,0,0,1029,A
7-M,760,0,1,0,1033,1034,C
7-M,761,0,0,0,1032,1032,C
7-M,762,5,0,0,1038,1043,C
7-M,763,1,0,1046,0,1047,G
7-M,764,2,0,0,1034,1036,C
7-M,765,0,1042,0,1,1043,T
7-M,766,0,1048,0,0,1048,T
7-M,767,0,0,1048,0,1048,G
7-M,768,0,1044,0,0,1044,T
7-M,769,0,1044,0,2,1046,T
7-M,770,0,0,1043,0,1043,G
7-M,771,0,1002,0,0,1002,T
7-M,772,0,1000,0,0,1000,T
7-M,773,0,2,996,0,998,G
7-M,774,0,0,0,984,984,C
7-M,775,4,0,0,979,983,C
7-M,776,0,0,997,0,997,G
7-M,777,1,0,0,980,981,C
7-M,778,0,1,1004,0,1005,G
7-M,779,994,0,1,0,995,A
7-M,780,1001,0,1,1,1003,A
7-M,781,0,1011,0,0,1011,T
7-M,782,1001,0,0,0,1001,A
7-M,783,0,1015,0,0,1015,T
7-M,784,2,0,0,1032,1034,C
7-M,785,1036,0,0,0,1036,A
7-M,786,0,1034,0,0,1034,T
7-M,787,0,1023,0,0,1023,T
7-M,788,0,3,1019,0,1022,G
7-M,789,0,2,1019,0,1021,G
7-M,790,0,5,1008,0,1013,G
7-M,791,1030,0,0,0,1030,A
7-M,792,0,1009,0,2,1011,T
7-M,793,2,0,0,984,986,C
7-M,794,0,984,0,1,985,T
7-M,795,0,986,0,4,990,T
7-M,796,3,1,998,0,1002,G
7-M,797,1,0,0,996,997,C
7-M,798,996,0,0,0,996,A
7-M,799,0,0,0,1004,1004,C
7-M,800,0,995,0,1,996,T
7-M,801,0,998,0,1,999,T
7-M,802,0,0,1004,0,1004,G
7-M,803,1007,0,0,0,1007,A
7-M,804,0,1009,0,0,1009,T
7-M,805,990,0,0,0,990,A
7-M,806,0,986,0,0,986,T
7-M,807,0,973,0,1,974,T
7-M,808,0,0,978,0,978,G
7-M,809,0,967,0,1,968,T
7-M,810,1,2,952,0,955,G
7-M,811,0,3,952,0,955,G
7-M,812,911,1,1,0,913,A
7-M,813,0,917,0,3,920,T
7-M,814,0,922,0,1,923,T
7-M,815,1,0,0,914,915,C
7-M,816,0,921,0,1,922,T
7-M,817,0,911,0,1,912,T
7-M,818,0,1,915,0,916,G
7-M,819,901,0,1,0,902,A
7-M,820,0,900,0,0,900,T
7-M,821,5,0,0,886,891,C
7-M,822,0,0,891,0,891,G
7-M,823,0,884,0,0,884,T
7-M,824,0,0,0,878,878,C
7-M,825,0,873,0,4,877,T
7-M,826,0,881,0,0,881,T
7-M,827,0,882,0,0,882,T
7-M,828,0,880,0,0,880,T
7-M,829,0,893,0,0,893,T
7-M,830,0,896,0,0,896,T
7-M,831,0,891,0,0,891,T
7-M,832,4,0,0,890,894,C
7-M,833,887,0,0,0,887,A
7-M,834,887,0,0,0,887,A
7-M,835,886,0,0,0,886,A
7-M,836,0,887,0,0,887,T
7-M,837,0,0,889,0,889,G
7-M,838,0,0,0,885,885,C
7-M,839,0,0,890,0,890,G
7-M,840,0,900,0,0,900,T
7-M,841,4,1,0,895,900,C
7-M,842,0,908,0,0,908,T
7-M,843,899,2,0,0,901,A
7-M,844,0,900,0,1,901,T
7-M,845,1,1,0,899,901,C
7-M,846,0,1,902,0,903,G
7-M,847,883,0,0,0,883,A
7-M,848,1,0,0,896,897,C
7-M,849,0,859,0,0,859,T
7-M,850,2,0,0,894,896,C
7-M,851,0,894,0,2,896,T
7-M,852,0,890,0,1,891,T
7-M,853,1,0,0,890,891,C
7-M,854,894,0,0,0,894,A
7-M,855,897,0,0,0,897,A
7-M,856,892,0,0,0,892,A
7-M,857,0,0,0,884,884,C
7-M,858,880,0,1,0,881,A
7-M,859,0,0,0,832,832,C
7-M,860,2,1,818,0,821,G
7-M,861,0,0,871,0,871,G
7-M,862,0,0,0,857,857,C
7-M,863,0,0,0,868,868,C
7-M,864,0,874,0,1,875,T
7-M,865,0,885,0,0,885,T
7-M,866,885,0,0,0,885,A
7-M,867,888,0,0,0,888,A
7-M,868,886,0,0,0,886,A
7-M,869,883,0,3,0,886,A
7-M,870,1,1,870,0,872,G
7-M,871,770,0,2,0,772,A
7-M,872,0,0,766,0,766,G
7-M,873,0,0,759,0,759,G
7-M,874,0,0,0,756,756,C
7-M,875,1,0,0,741,742,C
7-M,876,0,0,0,753,753,C
7-M,877,1,759,0,1,761,T
7-M,878,0,762,0,0,762,T
7-M,879,1,0,0,765,766,C
7-M,880,0,771,0,0,771,T
7-M,881,775,0,0,0,775,A
7-M,882,0,0,0,777,777,C
7-M,883,1,3,755,0,759,G
7-M,884,4,0,755,0,759,G
7-M,885,731,0,0,0,731,A
7-M,886,725,0,0,0,725,A
7-M,887,0,1,725,0,726,G
7-M,888,0,2,718,0,720,G
7-M,889,712,0,1,0,713,A
7-M,890,0,0,717,0,717,G
7-M,891,0,713,0,0,713,T
7-M,892,709,0,0,0,709,A
7-M,893,0,0,0,699,699,C
7-M,894,5,0,0,696,701,C
7-M,895,0,692,0,0,692,T
7-M,896,0,2,688,0,690,G
7-M,897,675,1,0,0,676,A
7-M,898,0,0,685,0,685,G
7-M,899,0,668,0,2,670,T
7-M,900,3,0,0,668,671,C
7-M,901,0,653,0,0,653,T
7-M,902,652,0,0,0,652,A
7-M,903,0,642,0,0,642,T
7-M,904,0,2,646,0,648,G
7-M,905,636,0,0,0,636,A
7-M,906,0,2,634,0,636,G
7-M,907,0,1,592,0,593,G
7-M,908,0,0,591,0,591,G
7-M,909,589,0,1,0,590,A
7-M,910,580,0,0,0,580,A
7-M,911,0,1,579,0,580,G
7-M,912,574,0,1,0,575,A
7-M,913,581,0,0,0,581,A
7-M,914,0,566,0,2,568,T
7-M,915,561,0,1,0,562,A
7-M,916,0,552,0,0,552,T
7-M,917,3,3,0,542,548,C
7-M,918,0,0,552,0,552,G
7-M,919,547,1,0,0,548,A
7-M,920,545,0,0,0,545,A
7-M,921,540,1,0,0,541,A
7-M,922,0,0,538,0,538,G
7-M,923,0,1,546,0,547,G
7-M,924,539,0,0,0,539,A
7-M,925,537,0,1,0,538,A
7-M,926,1,1,0,535,537,C
7-M,927,532,0,0,0,532,A
7-M,928,0,0,535,0,535,G
7-M,929,0,0,0,532,532,C
7-M,930,538,0,0,0,538,A
7-M,931,0,0,534,0,534,G
7-M,932,493,0,0,0,493,A
7-M,933,494,0,0,0,494,A
7-M,934,0,490,0,0,490,T
7-M,935,0,0,472,0,472,G
7-M,936,1,0,0,466,467,C
7-M,937,0,430,0,0,430,T
7-M,938,0,0,435,0,435,G
7-M,939,0,425,0,0,425,T
7-M,940,0,1,429,0,430,G
7-M,941,1,0,427,0,428,G
7-M,942,420,0,0,0,420,A
7-M,943,0,419,0,0,419,T
7-M,944,0,0,406,0,406,G
7-M,945,0,0,0,391,391,C
7-M,946,0,360,0,0,360,T
7-M,947,0,1,352,0,353,G
7-M,948,350,0,0,0,350,A
7-M,949,0,0,0,349,349,C
7-M,950,0,1,338,0,339,G
7-M,951,337,0,0,0,337,A
7-M,952,0,1,0,338,339,C
7-M,953,326,0,0,0,326,A
7-M,954,0,0,330,0,330,G
7-M,955,0,326,0,0,326,T
7-M,956,1,0,0,322,323,C
7-M,957,326,0,0,0,326,A
7-M,958,0,319,0,0,319,T
7-M,959,0,320,0,0,320,T
7-M,960,0,318,0,0,318,T
7-M,961,0,311,0,1,312,T
7-M,962,0,0,312,0,312,G
7-M,963,0,291,0,0,291,T
7-M,964,1,0,0,292,293,C
7-M,965,282,0,0,0,282,A
7-M,966,0,0,284,0,284,G
7-M,967,0,0,0,279,279,C
7-M,968,281,0,0,0,281,A
7-M,969,0,280,1,0,281,T
7-M,970,264,0,1,0,265,A
7-M,971,0,1,264,0,265,G
7-M,972,262,0,0,0,262,A
7-M,973,0,0,260,0,260,G
7-M,974,0,252,0,1,253,T
7-M,975,0,174,0,0,174,T
7-M,976,0,1,171,0,172,G
7-M,977,0,0,171,0,171,G
7-M,978,170,0,0,0,170,A
7-M,979,0,0,169,0,169,G
7-M,980,0,105,0,0,105,T
7-M,981,99,0,0,0,99,A
7-M,982,99,0,0,0,99,A
8-NS,1,858,0,0,0,858,A
8-NS,2,0,858,0,0,858,T
8-NS,3,0,0,914,0,914,G
8-NS,4,0,4,1007,0,1011,G
8-NS,5,1081,0,0,0,1081,A
8-NS,6,0,2259,0,0,2259,T
8-NS,7,0,2263,0,1,2264,T
8-NS,8,1,0,0,2344,2345,C
8-NS,9,0,1,0,2335,2336,C
8-NS,10,2353,0,2,1,2356,A
8-NS,11,2369,0,4,0,2373,A
8-NS,12,1,4,0,2376,2381,C
8-NS,13,2377,0,0,0,2377,A
8-NS,14,1,1,0,2417,2419,C
8-NS,15,0,2414,0,1,2415,T
8-NS,16,1,1,2672,0,2674,G
8-NS,17,1,2671,0,3,2675,T
8-NS,18,0,2,2706,0,2708,G
8-NS,19,0,2708,0,4,2712,T
8-NS,20,6,1,0,2708,2715,C
8-NS,21,2717,1,1,0,2719,A
8-NS,22,2723,0,0,0,2723,A
8-NS,23,0,1,2771,0,2772,G
8-NS,24,0,2870,0,0,2870,T
8-NS,25,0,2882,0,0,2882,T
8-NS,26,0,2900,0,1,2901,T
8-NS,27,3,1,1,2897,2902,C
8-NS,28,2,2,0,2910,2914,C
8-NS,29,2902,0,1,1,2904,A
8-NS,30,1,7,2936,0,2944,G
8-NS,31,2,1,2948,0,2951,G
8-NS,32,0,2889,0,0,2889,T
8-NS,33,2950,0,1,0,2951,A
8-NS,34,0,1,2983,0,2984,G
8-NS,35,2977,0,1,0,2978,A
8-NS,36,0,3011,0,0,3011,T
8-NS,37,0,3003,0,2,3005,T
8-NS,38,0,2,3034,0,3036,G
8-NS,39,2,1,0,3020,3023,C
8-NS,40,0,3042,0,4,3046,T
8-NS,41,0,3078,0,3,3081,T
8-NS,42,0,3109,0,2,3111,T
8-NS,43,5,0,0,3176,3181,C
8-NS,44,1,3166,0,2,3169,T
8-NS,45,0,3170,0,1,3171,T
8-NS,46,0,3172,0,0,3172,T
8-NS,47,0,10,3175,0,3185,G
8-NS,48,0,2,3149,0,3151,G
8-NS,49,1,0,0,3191,3192,C
8-NS,50,3173,0,1,0,3174,A
8-NS,51,0,3191,0,1,3192,T
8-NS,52,3235,0,1,0,3236,A
8-NS,53,0,3325,0,2,3327,T
8-NS,54,5,3,0,3322,3330,C
8-NS,55,2,5,0,3313,3320,C
8-NS,56,0,3,3322,0,3325,G
8-NS,57,1,5,3335,0,3341,G
8-NS,58,3344,0,1,0,3345,A
8-NS,59,3351,0,2,0,3353,A
8-NS,60,3386,0,1,1,3388,A
8-NS,61,1,0,0,3409,3410,C
8-NS,62,3406,0,2,1,3409,A
8-NS,63,3403,0,5,1,3409,A
8-NS,64,1,2,3561,0,3564,G
8-NS,65,0,3570,0,18,3588,T
8-NS,66,1,3593,0,0,3594,T
8-NS,67,0,2,3590,0,3592,G
8-NS,68,1,3587,0,1,3589,T
8-NS,69,3588,0,0,0,3588,A
8-NS,70,2,18,3580,2,3602,G
8-NS,71,3829,0,3,0,3832,A
8-NS,72,2,1,0,3875,3878,C
8-NS,73,6,0,0,3805,3811,C
8-NS,74,3826,0,2,0,3828,A
8-NS,75,3857,0,2,0,3859,A
8-NS,76,0,12,4062,0,4074,G
8-NS,77,4063,0,3,0,4066,A
8-NS,78,4117,0,0,0,4117,A
8-NS,79,0,0,0,4134,4134,C
8-NS,80,0,4039,0,2,4041,T
8-NS,81,1,14,4090,0,4105,G
8-NS,82,4050,0,4,1,4055,A
8-NS,83,0,1,4177,1,4179,G
8-NS,84,0,4170,0,5,4175,T
8-NS,85,0,6,4110,0,4116,G
8-NS,86,4135,0,1,0,4136,A
8-NS,87,0,4145,0,1,4146,T
8-NS,88,1,1,4193,0,4195,G
8-NS,89,2,0,0,4250,4252,C
8-NS,90,8,1,0,4258,4267,C
8-NS,91,12,1,0,4279,4292,C
8-NS,92,8,2,0,4274,4284,C
8-NS,93,4295,0,0,2,4297,A
8-NS,94,0,4379,0,0,4379,T
8-NS,95,0,4429,0,1,4430,T
8-NS,96,4,2,0,4444,4450,C
8-NS,97,6,0,0,4438,4444,C
8-NS,98,0,4436,0,5,4441,T
8-NS,99,1,4422,1,2,4426,T
8-NS,100,0,12,4412,0,4424,G
8-NS,101,4369,0,1,0,4370,A
8-NS,102,1,4417,0,2,4420,T
8-NS,103,12,19,0,4347,4378,C
8-NS,104,1,6,4313,0,4320,G
8-NS,105,2,2,4320,0,4324,G
8-NS,106,0,0,0,4377,4377,C
8-NS,107,0,4334,1,2,4337,T
8-NS,108,0,4388,0,0,4388,T
8-NS,109,4,2,0,4382,4388,C
8-NS,110,1,3,4374,0,4378,G
8-NS,111,1,3,0,4392,4396,C
8-NS,112,4,1,1,4403,4409,C
8-NS,113,4,6,4408,0,4418,G
8-NS,114,4351,1,1,2,4355,A
8-NS,115,0,10,4565,0,4575,G
8-NS,116,4559,0,1,0,4560,A
8-NS,117,1,4579,0,2,4582,T
8-NS,118,5,0,0,4585,4590,C
8-NS,119,4555,0,6,0,4561,A
8-NS,120,0,8,4584,0,4592,G
8-NS,121,4542,0,4,0,4546,A
8-NS,122,1,7,4570,0,4578,G
8-NS,123,0,2,4624,0,4626,G
8-NS,124,0,4650,0,3,4653,T
8-NS,125,5,0,0,4935,4940,C
8-NS,126,9,0,1,4929,4939,C
8-NS,127,8,1,1,4999,5009,C
8-NS,128,0,5016,0,7,5023,T
8-NS,129,5025,0,0,0,5025,A
8-NS,130,5005,0,5,1,5011,A
8-NS,131,0,10,5063,1,5074,G
8-NS,132,1,7,5028,0,5036,G
8-NS,133,0,5,4954,0,4959,G
8-NS,134,0,6,4860,0,4866,G
8-NS,135,4807,2,1,1,4811,A
8-NS,136,4835,2,5,0,4842,A
8-NS,137,1,4,4857,1,4863,G
8-NS,138,4962,1,2,0,4965,A
8-NS,139,0,4,5008,0,5012,G
8-NS,140,2,3,4974,1,4980,G
8-NS,141,4,0,0,5030,5034,C
8-NS,142,5020,0,4,2,5026,A
8-NS,143,5048,0,3,0,5051,A
8-NS,144,0,5075,0,2,5077,T
8-NS,145,5103,0,1,0,5104,A
8-NS,146,3,2,0,5180,5185,C
8-NS,147,0,5049,0,5,5054,T
8-NS,148,11,0,0,5054,5065,C
8-NS,149,0,4962,0,3,4965,T
8-NS,150,6,5,0,5019,5030,C
8-NS,151,1,14,5067,0,5082,G
8-NS,152,1,5,5341,0,5347,G
8-NS,153,0,5331,0,4,5335,T
8-NS,154,15,0,0,5366,5381,C
8-NS,155,0,5342,0,1,5343,T
8-NS,156,5359,0,2,0,5361,A
8-NS,157,1,16,5373,0,5390,G
8-NS,158,5362,0,7,0,5369,A
8-NS,159,1,3,0,5492,5496,C
8-NS,160,5390,0,3,0,5393,A
8-NS,161,0,5284,0,3,5287,T
8-NS,162,9,0,0,5288,5297,C
8-NS,163,5292,0,2,0,5294,A
8-NS,164,5300,1,3,0,5304,A
8-NS,165,5257,0,1,0,5258,A
8-NS,166,5184,1,7,0,5192,A
8-NS,167,2,1,0,5252,5255,C
8-NS,168,5263,1,6,0,5270,A
8-NS,169,2,2,5270,1,5275,G
8-NS,170,2,12,0,5257,5271,C
8-NS,171,5,0,0,5287,5292,C
8-NS,172,5297,1,3,0,5301,A
8-NS,173,5,1,0,5378,5384,C
8-NS,174,8,1,0,5393,5402,C
8-NS,175,16,1,0,5392,5409,C
8-NS,176,5453,0,0,0,5453,A
8-NS,177,0,5449,0,18,5467,T
8-NS,178,0,0,5486,0,5486,G
8-NS,179,0,5442,0,6,5448,T
8-NS,180,0,5467,0,3,5470,T
8-NS,181,0,11,5451,0,5462,G
8-NS,182,0,8,5388,0,5396,G
8-NS,183,5355,0,5,0,5360,A
8-NS,184,5396,0,1,0,5397,A
8-NS,185,5285,0,4,0,5289,A
8-NS,186,0,2,5315,0,5317,G
8-NS,187,1,0,0,5326,5327,C
8-NS,188,5315,0,2,0,5317,A
8-NS,189,5315,0,1,0,5316,A
8-NS,190,5297,0,2,1,5300,A
8-NS,191,1,5355,0,0,5356,T
8-NS,192,0,5378,0,1,5379,T
8-NS,193,1,3,5481,0,5485,G
8-NS,194,0,5456,0,3,5459,T
8-NS,195,5449,0,3,0,5452,A
8-NS,196,0,7,5453,0,5460,G
8-NS,197,5436,1,1,0,5438,A
8-NS,198,5438,0,2,0,5440,A
8-NS,199,5438,0,0,0,5438,A
8-NS,200,5403,0,1,0,5404,A
8-NS,201,0,7,5424,0,5431,G
8-NS,202,5354,0,2,0,5356,A
8-NS,203,0,5361,0,2,5363,T
8-NS,204,0,5378,0,1,5379,T
8-NS,205,13,1,0,5372,5386,C
8-NS,206,0,5399,1,1,5401,T
8-NS,207,1,14,5390,0,5405,G
8-NS,208,5402,0,1,0,5403,A
8-NS,209,5388,0,1,1,5390,A
8-NS,210,5360,0,3,0,5363,A
8-NS,211,1,2,5380,0,5383,G
8-NS,212,5372,0,3,0,5375,A
8-NS,213,5382,0,0,0,5382,A
8-NS,214,0,12,5399,0,5411,G
8-NS,215,5451,0,7,0,5458,A
8-NS,216,5467,1,6,0,5474,A
8-NS,217,0,5463,0,1,5464,T
8-NS,218,7,1,0,5543,5551,C
8-NS,219,0,5523,0,1,5524,T
8-NS,220,0,11,5541,1,5553,G
8-NS,221,5530,0,9,0,5539,A
8-NS,222,0,5541,0,2,5543,T
8-NS,223,1,10,5491,1,5503,G
8-NS,224,5450,1,5,0,5456,A
8-NS,225,2,6,5428,0,5436,G
8-NS,226,0,2,5407,0,5409,G
8-NS,227,1,1,0,5403,5405,C
8-NS,228,5415,2,1,0,5418,A
8-NS,229,2,0,0,5541,5543,C
8-NS,230,0,5533,0,3,5536,T
8-NS,231,2,5563,0,3,5568,T
8-NS,232,5616,0,1,0,5617,A
8-NS,233,5624,0,1,0,5625,A
8-NS,234,5613,0,2,0,5615,A
8-NS,235,5581,0,1,0,5582,A
8-NS,236,0,5575,0,1,5576,T
8-NS,237,2,22,5564,0,5588,G
8-NS,238,5590,0,3,0,5593,A
8-NS,239,1,1,0,5608,5610,C
8-NS,240,6,1,0,5566,5573,C
8-NS,241,5575,0,20,0,5595,A
8-NS,242,1,5572,0,0,5573,T
8-NS,243,2,9,5716,1,5728,G
8-NS,244,1,6,5781,0,5788,G
8-NS,245,0,5803,0,11,5814,T
8-NS,246,9,1,0,6099,6109,C
8-NS,247,1,6060,0,4,6065,T
8-NS,248,8,2,0,6141,6151,C
8-NS,249,9,1,0,6152,6162,C
8-NS,250,6165,0,6,0,6171,A
8-NS,251,0,4,0,6260,6264,C
8-NS,252,6067,0,4,0,6071,A
8-NS,253,6,0,1,6116,6123,C
8-NS,254,7,0,0,6037,6044,C
8-NS,255,0,5754,0,25,5779,T
8-NS,256,1,2,5826,0,5829,G
8-NS,257,1,1,0,5779,5781,C
8-NS,258,0,5736,0,4,5740,T
8-NS,259,0,5773,0,1,5774,T
8-NS,260,6,0,0,5759,5765,C
8-NS,261,2,2,5771,0,5775,G
8-NS,262,0,1,0,5764,5765,C
8-NS,263,3,12,5781,0,5796,G
8-NS,264,6013,1,5,0,6019,A
8-NS,265,0,6019,0,2,6021,T
8-NS,266,6193,0,5,0,6198,A
8-NS,267,4,2,0,6236,6242,C
8-NS,268,6219,2,1,0,6222,A
8-NS,269,0,6374,0,0,6374,T
8-NS,270,6337,0,2,0,6339,A
8-NS,271,6345,1,2,0,6348,A
8-NS,272,3,1,1,6347,6352,C
8-NS,273,0,6150,0,1,6151,T
8-NS,274,5,19,6207,0,6231,G
8-NS,275,6100,0,1,0,6101,A
8-NS,276,1,0,0,6148,6149,C
8-NS,277,6120,1,3,0,6124,A
8-NS,278,0,6079,0,1,6080,T
8-NS,279,0,13,6062,0,6075,G
8-NS,280,6059,2,5,0,6066,A
8-NS,281,3,2,0,6255,6260,C
8-NS,282,1,6237,0,1,6239,T
8-NS,283,6350,0,0,0,6350,A
8-NS,284,0,6279,0,2,6281,T
8-NS,285,2,6274,0,3,6279,T
8-NS,286,0,12,6257,0,6269,G
8-NS,287,6237,2,4,0,6243,A
8-NS,288,1,9,6220,0,6230,G
8-NS,289,0,23,6197,1,6221,G
8-NS,290,6062,0,2,0,6064,A
8-NS,291,6100,0,3,0,6103,A
8-NS,292,1,5991,0,1,5993,T
8-NS,293,0,6015,1,1,6017,T
8-NS,294,0,1,6136,0,6137,G
8-NS,295,1,6101,1,3,6106,T
8-NS,296,16,1,1,6115,6133,C
8-NS,297,6118,0,1,0,6119,A
8-NS,298,6119,0,1,1,6121,A
8-NS,299,3,13,6125,1,6142,G
8-NS,300,6159,1,1,0,6161,A
8-NS,301,6151,0,0,0,6151,A
8-NS,302,6139,0,0,1,6140,A
8-NS,303,3,0,0,6151,6154,C
8-NS,304,0,6050,1,0,6051,T
8-NS,305,0,21,6139,0,6160,G
8-NS,306,1,2,6228,0,6231,G
8-NS,307,1,6216,0,2,6219,T
8-NS,308,0,6215,0,3,6218,T
8-NS,309,18,0,0,6174,6192,C
8-NS,310,6213,0,3,0,6216,A
8-NS,311,0,6299,0,3,6302,T
8-NS,312,1,3,6332,0,6336,G
8-NS,313,2,2,0,6357,6361,C
8-NS,314,0,6304,0,4,6308,T
8-NS,315,6209,0,3,0,6212,A
8-NS,316,6252,0,0,1,6253,A
8-NS,317,2,6293,0,1,6296,T
8-NS,318,1,2,6308,0,6311,G
8-NS,319,3,2,0,6268,6273,C
8-NS,320,5,0,1,6182,6188,C
8-NS,321,11,1,0,6191,6203,C
8-NS,322,6185,0,5,0,6190,A
8-NS,323,6252,0,4,0,6256,A
8-NS,324,3,1,6288,0,6292,G
8-NS,325,1,4,1,6283,6289,C
8-NS,326,6271,0,2,1,6274,A
8-NS,327,0,5,6307,0,6312,G
8-NS,328,6267,0,4,0,6271,A
8-NS,329,6299,0,2,0,6301,A
8-NS,330,6276,0,6,0,6282,A
8-NS,331,0,4,6379,1,6384,G
8-NS,332,0,6273,0,1,6274,T
8-NS,333,2,12,6264,1,6279,G
8-NS,334,2,3,6252,0,6257,G
8-NS,335,6263,0,7,0,6270,A
8-NS,336,6228,0,6,1,6235,A
8-NS,337,2,14,6218,0,6234,G
8-NS,338,0,15,6247,0,6262,G
8-NS,339,6235,0,4,0,6239,A
8-NS,340,4,2,0,6235,6241,C
8-NS,341,5,0,1,6203,6209,C
8-NS,342,0,6233,0,8,6241,T
8-NS,343,10,1,0,6303,6314,C
8-NS,344,0,6299,1,4,6304,T
8-NS,345,0,6330,0,1,6331,T
8-NS,346,0,6326,0,1,6327,T
8-NS,347,1,5,6325,0,6331,G
8-NS,348,2,2,0,6408,6412,C
8-NS,349,6355,0,5,0,6360,A
8-NS,350,0,6344,0,7,6351,T
8-NS,351,10,2,0,6366,6378,C
8-NS,352,6412,0,0,0,6412,A
8-NS,353,2,4,6579,0,6585,G
8-NS,354,6561,1,1,1,6564,A
8-NS,355,6582,0,2,0,6584,A
8-NS,356,2,6541,0,0,6543,T
8-NS,357,3,15,6455,0,6473,G
8-NS,358,7,16,6540,0,6563,G
8-NS,359,6538,0,6,0,6544,A
8-NS,360,4,3,0,6518,6525,C
8-NS,361,15,3,0,6362,6380,C
8-NS,362,6264,1,8,0,6273,A
8-NS,363,0,5,6331,0,6336,G
8-NS,364,1,5,6317,0,6323,G
8-NS,365,1,1,1,6332,6335,C
8-NS,366,6305,1,2,0,6308,A
8-NS,367,6306,1,1,0,6308,A
8-NS,368,0,6278,0,1,6279,T
8-NS,369,17,0,0,6282,6299,C
8-NS,370,6289,0,1,0,6290,A
8-NS,371,2,6263,0,1,6266,T
8-NS,372,5,9,6187,0,6201,G
8-NS,373,1,15,6206,0,6222,G
8-NS,374,6169,1,5,0,6175,A
8-NS,375,0,11,6230,0,6241,G
8-NS,376,6146,0,2,0,6148,A
8-NS,377,6132,0,0,1,6133,A
8-NS,378,6148,0,1,0,6149,A
8-NS,379,6123,0,4,0,6127,A
8-NS,380,6144,1,9,1,6155,A
8-NS,381,3,2,0,6191,6196,C
8-NS,382,6149,0,5,0,6154,A
8-NS,383,2,6086,0,11,6099,T
8-NS,384,14,1,0,6089,6104,C
8-NS,385,6095,0,5,0,6100,A
8-NS,386,0,6112,0,3,6115,T
8-NS,387,0,3,6126,0,6129,G
8-NS,388,0,6124,0,4,6128,T
8-NS,389,0,6079,0,2,6081,T
8-NS,390,0,11,6055,0,6066,G
8-NS,391,6035,0,1,0,6036,A
8-NS,392,6026,0,3,0,6029,A
8-NS,393,6020,0,3,1,6024,A
8-NS,394,0,0,6022,0,6022,G
8-NS,395,3,2,0,5983,5988,C
8-NS,396,1,18,6002,0,6021,G
8-NS,397,5997,0,11,0,6008,A
8-NS,398,6018,0,0,0,6018,A
8-NS,399,0,5960,1,6,5967,T
8-NS,400,0,5995,0,3,5998,T
8-NS,401,0,5966,0,2,5968,T
8-NS,402,11,1,0,6027,6039,C
8-NS,403,5961,1,4,20,5986,A
8-NS,404,1,4,6004,0,6009,G
8-NS,405,0,5951,0,4,5955,T
8-NS,406,1,3,5975,0,5979,G
8-NS,407,0,5916,1,14,5931,T
8-NS,408,1,19,5965,0,5985,G
8-NS,409,5998,2,1,0,6001,A
8-NS,410,0,5977,0,2,5979,T
8-NS,411,0,6003,0,0,6003,T
8-NS,412,0,5993,1,2,5996,T
8-NS,413,0,5959,0,2,5961,T
8-NS,414,0,5980,0,1,5981,T
8-NS,415,1,9,5974,0,5984,G
8-NS,416,5931,1,6,0,5938,A
8-NS,417,2,1,0,5948,5951,C
8-NS,418,13,3,0,5843,5859,C
8-NS,419,3,19,5929,0,5951,G
8-NS,420,6351,0,1,0,6352,A
8-NS,421,3,0,0,6480,6483,C
8-NS,422,0,6513,0,1,6514,T
8-NS,423,6543,0,4,0,6547,A
8-NS,424,0,7,6534,1,6542,G
8-NS,425,6509,0,13,0,6522,A
8-NS,426,2,17,6530,0,6549,G
8-NS,427,6490,2,7,0,6499,A
8-NS,428,2,1,0,6636,6639,C
8-NS,429,16,2,0,6284,6302,C
8-NS,430,6103,1,6,1,6111,A
8-NS,431,1,6431,0,1,6433,T
8-NS,432,6396,0,2,0,6398,A
8-NS,433,0,1,6895,0,6896,G
8-NS,434,0,6825,0,3,6828,T
8-NS,435,6828,0,1,0,6829,A
8-NS,436,1,6827,0,2,6830,T
8-NS,437,0,6662,0,5,6667,T
8-NS,438,6802,0,2,1,6805,A
8-NS,439,4,3,0,6805,6812,C
8-NS,440,0,6500,0,3,6503,T
8-NS,441,6526,0,3,0,6529,A
8-NS,442,5933,0,2,1,5936,A
8-NS,443,0,14,5932,0,5946,G
8-NS,444,1,15,5897,1,5914,G
8-NS,445,1,2,5870,1,5874,G
8-NS,446,1,0,0,5844,5845,C
8-NS,447,1,5769,0,13,5783,T
8-NS,448,0,5766,0,2,5768,T
8-NS,449,1,5839,0,3,5843,T
8-NS,450,15,1,1,5874,5891,C
8-NS,451,5965,0,6,0,5971,A
8-NS,452,3,1,0,6006,6010,C
8-NS,453,10,2,0,5944,5956,C
8-NS,454,6,13,5947,0,5966,G
8-NS,455,5898,2,0,0,5900,A
8-NS,456,5926,1,5,3,5935,A
8-NS,457,0,4,5968,0,5972,G
8-NS,458,5880,0,5,0,5885,A
8-NS,459,1,14,5891,0,5906,G
8-NS,460,0,17,5803,0,5820,G
8-NS,461,2,11,5847,0,5860,G
8-NS,462,5839,1,4,0,5844,A
8-NS,463,0,2,5865,0,5867,G
8-NS,464,1,2,0,5842,5845,C
8-NS,465,5859,1,3,0,5863,A
8-NS,466,5858,0,3,0,5861,A
8-NS,467,0,5868,0,0,5868,T
8-NS,468,0,5850,0,0,5850,T
8-NS,469,0,5,5853,0,5858,G
8-NS,470,0,5734,0,2,5736,T
8-NS,471,0,5746,0,4,5750,T
8-NS,472,5,5,5741,0,5751,G
8-NS,473,1,3,5717,0,5721,G
8-NS,474,2,4,0,5705,5711,C
8-NS,475,3,11,5730,0,5744,G
8-NS,476,5751,0,1,0,5752,A
8-NS,477,5798,1,1,0,5800,A
8-NS,478,5815,0,0,0,5815,A
8-NS,479,0,5852,1,0,5853,T
8-NS,480,16,0,0,5824,5840,C
8-NS,481,0,5778,1,5,5784,T
8-NS,482,17,0,0,5800,5817,C
8-NS,483,5816,0,3,0,5819,A
8-NS,484,4,0,1,5830,5835,C
8-NS,485,12,2,1,5832,5847,C
8-NS,486,5819,0,0,0,5819,A
8-NS,487,0,5798,1,2,5801,T
8-NS,488,0,5772,0,1,5773,T
8-NS,489,39,3,5728,0,5770,G
8-NS,490,2,2,0,5744,5748,C
8-NS,491,10,0,1,5721,5732,C
8-NS,492,1,5718,1,41,5761,T
8-NS,493,0,5714,1,3,5718,T
8-NS,494,5,3,0,5771,5779,C
8-NS,495,0,5752,1,4,5757,T
8-NS,496,0,5785,1,2,5788,T
8-NS,497,0,5906,1,1,5908,T
8-NS,498,0,5866,0,3,5869,T
8-NS,499,5,6,0,5876,5887,C
8-NS,500,6,1,0,5872,5879,C
8-NS,501,5874,1,9,0,5884,A
8-NS,502,2,11,5937,0,5950,G
8-NS,503,1,10,5903,0,5914,G
8-NS,504,6009,0,4,0,6013,A
8-NS,505,3,1,0,6029,6033,C
8-NS,506,5998,0,4,0,6002,A
8-NS,507,0,6013,0,3,6016,T
8-NS,508,5990,1,6,0,5997,A
8-NS,509,4,1,0,6465,6470,C
8-NS,510,0,6449,0,1,6450,T
8-NS,511,6454,0,3,0,6457,A
8-NS,512,0,6410,1,3,6414,T
8-NS,513,0,6186,2,2,6190,T
8-NS,514,1,5,6168,0,6174,G
8-NS,515,5897,0,2,0,5899,A
8-NS,516,0,14,5898,0,5912,G
8-NS,517,1,6,5871,0,5878,G
8-NS,518,5357,0,2,0,5359,A
8-NS,519,0,5385,0,1,5386,T
8-NS,520,0,2,5347,0,5349,G
8-NS,521,0,5264,0,8,5272,T
8-NS,522,17,18,0,5299,5334,C
8-NS,523,5362,1,1,0,5364,A
8-NS,524,5347,0,0,0,5347,A
8-NS,525,5350,0,0,0,5350,A
8-NS,526,5323,0,1,0,5324,A
8-NS,527,5364,0,1,0,5365,A
8-NS,528,0,5337,0,1,5338,T
8-NS,529,1,0,5315,0,5316,G
8-NS,530,1,0,0,5370,5371,C
8-NS,531,5365,1,1,0,5367,A
8-NS,532,5384,0,1,0,5385,A
8-NS,533,0,5392,0,0,5392,T
8-NS,534,0,5408,0,1,5409,T
8-NS,535,2,8,5391,0,5401,G
8-NS,536,2,7,5322,2,5333,G
8-NS,537,0,10,5346,0,5356,G
8-NS,538,1,4,5401,0,5406,G
8-NS,539,0,5325,1,3,5329,T
8-NS,540,4,1,0,5365,5370,C
8-NS,541,8,1,1,5373,5383,C
8-NS,542,0,5387,0,9,5396,T
8-NS,543,5,1,0,5463,5469,C
8-NS,544,5447,0,0,0,5447,A
8-NS,545,1,5424,0,2,5427,T
8-NS,546,15,1,0,5452,5468,C
8-NS,547,3,9,5395,0,5407,G
8-NS,548,1,15,5385,2,5403,G
8-NS,549,5280,0,3,0,5283,A
8-NS,550,0,8,5297,0,5305,G
8-NS,551,1,12,5312,0,5325,G
8-NS,552,5228,0,0,1,5229,A
8-NS,553,2,4,0,5270,5276,C
8-NS,554,0,5270,0,5,5275,T
8-NS,555,0,5268,0,2,5270,T
8-NS,556,1,14,5288,0,5303,G
8-NS,557,5279,0,4,0,5283,A
8-NS,558,5245,1,24,1,5271,A
8-NS,559,0,5289,0,3,5292,T
8-NS,560,3,8,5170,0,5181,G
8-NS,561,1,12,5220,0,5233,G
8-NS,562,5139,1,10,0,5150,A
8-NS,563,5201,0,1,0,5202,A
8-NS,564,1,5440,1,1,5443,T
8-NS,565,0,10,5468,0,5478,G
8-NS,566,5509,0,0,0,5509,A
8-NS,567,0,5522,0,1,5523,T
8-NS,568,5503,1,4,0,5508,A
8-NS,569,5549,0,5,0,5554,A
8-NS,570,1,0,0,5467,5468,C
8-NS,571,5372,1,1,0,5374,A
8-NS,572,3,2,0,5417,5422,C
8-NS,573,4982,1,3,0,4986,A
8-NS,574,0,2,5033,1,5036,G
8-NS,575,0,4964,0,8,4972,T
8-NS,576,1,4941,1,7,4950,T
8-NS,577,15,3,1,4964,4983,C
8-NS,578,5,9,4936,0,4950,G
8-NS,579,4949,0,0,0,4949,A
8-NS,580,1,4,4956,1,4962,G
8-NS,581,0,4847,0,1,4848,T
8-NS,582,8,0,1,4881,4890,C
8-NS,583,0,4770,0,3,4773,T
8-NS,584,7,1,0,4801,4809,C
8-NS,585,0,4840,0,1,4841,T
8-NS,586,4852,0,1,0,4853,A
8-NS,587,4850,0,1,0,4851,A
8-NS,588,4831,1,0,0,4832,A
8-NS,589,4900,1,0,1,4902,A
8-NS,590,4891,0,0,0,4891,A
8-NS,591,0,4826,1,0,4827,T
8-NS,592,5,1,0,4900,4906,C
8-NS,593,0,4860,0,2,4862,T
8-NS,594,4883,1,0,0,4884,A
8-NS,595,2,0,0,4887,4889,C
8-NS,596,4888,0,1,0,4889,A
8-NS,597,0,11,4881,0,4892,G
8-NS,598,4810,0,4,0,4814,A
8-NS,599,0,9,4813,0,4822,G
8-NS,600,4820,0,2,0,4822,A
8-NS,601,0,4747,0,5,4752,T
8-NS,602,0,4745,0,5,4750,T
8-NS,603,17,0,0,4745,4762,C
8-NS,604,2,3,4764,0,4769,G
8-NS,605,1,1,0,4760,4762,C
8-NS,606,0,4729,1,3,4733,T
8-NS,607,0,4764,0,10,4774,T
8-NS,608,0,5,4740,1,4746,G
8-NS,609,0,6,4766,0,4772,G
8-NS,610,4775,1,2,0,4778,A
8-NS,611,1,4,4779,0,4784,G
8-NS,612,4742,0,0,0,4742,A
8-NS,613,4685,0,3,0,4688,A
8-NS,614,1,3,4780,0,4784,G
8-NS,615,1,3,0,4772,4776,C
8-NS,616,4804,0,4,0,4808,A
8-NS,617,0,1,4895,0,4896,G
8-NS,618,2,4842,0,0,4844,T
8-NS,619,4880,0,1,0,4881,A
8-NS,620,4885,0,3,0,4888,A
8-NS,621,0,4839,0,0,4839,T
8-NS,622,0,15,4891,0,4906,G
8-NS,623,4686,0,8,0,4694,A
8-NS,624,1,7,4778,0,4786,G
8-NS,625,4753,0,6,0,4759,A
8-NS,626,4580,0,2,0,4582,A
8-NS,627,0,4565,0,0,4565,T
8-NS,628,1,5,4506,1,4513,G
8-NS,629,1,3,4499,0,4503,G
8-NS,630,1,5,4477,0,4483,G
8-NS,631,2,6,4450,0,4458,G
8-NS,632,0,4,4482,1,4487,G
8-NS,633,4367,0,15,0,4382,A
8-NS,634,3,2,0,4433,4438,C
8-NS,635,9,0,0,4447,4456,C
8-NS,636,1,4374,0,3,4378,T
8-NS,637,8,2,0,4397,4407,C
8-NS,638,1,3,0,4407,4411,C
8-NS,639,4433,0,0,0,4433,A
8-NS,640,0,0,0,4466,4466,C
8-NS,641,0,4349,0,2,4351,T
8-NS,642,0,4321,0,2,4323,T
8-NS,643,4197,0,2,0,4199,A
8-NS,644,3,3,0,4235,4241,C
8-NS,645,1,4186,0,1,4188,T
8-NS,646,10,0,0,4154,4164,C
8-NS,647,2,0,1,4158,4161,C
8-NS,648,4151,0,1,0,4152,A
8-NS,649,4152,0,0,0,4152,A
8-NS,650,4154,0,0,0,4154,A
8-NS,651,4153,0,0,0,4153,A
8-NS,652,2,2,0,4158,4162,C
8-NS,653,4045,0,1,0,4046,A
8-NS,654,1,9,4042,0,4052,G
8-NS,655,4021,0,1,0,4022,A
8-NS,656,4035,0,2,1,4038,A
8-NS,657,4018,0,2,0,4020,A
8-NS,658,4,0,1,4017,4022,C
8-NS,659,0,16,4004,0,4020,G
8-NS,660,0,8,3996,0,4004,G
8-NS,661,0,6,4014,0,4020,G
8-NS,662,4017,0,2,0,4019,A
8-NS,663,4003,0,0,0,4003,A
8-NS,664,3988,1,2,1,3992,A
8-NS,665,2,3953,1,0,3956,T
8-NS,666,0,8,3996,0,4004,G
8-NS,667,1,1,3983,0,3985,G
8-NS,668,2,3,1,3942,3948,C
8-NS,669,1,9,3969,0,3979,G
8-NS,670,3968,1,1,0,3970,A
8-NS,671,0,18,3974,0,3992,G
8-NS,672,3991,0,1,0,3992,A
8-NS,673,3994,0,4,0,3998,A
8-NS,674,3,1,0,3999,4003,C
8-NS,675,3908,1,3,1,3913,A
8-NS,676,0,1,3877,0,3878,G
8-NS,677,2,0,1,3853,3856,C
8-NS,678,0,3873,0,4,3877,T
8-NS,679,3879,0,11,0,3890,A
8-NS,680,0,9,3829,0,3838,G
8-NS,681,0,2,3858,0,3860,G
8-NS,682,0,3790,0,24,3814,T
8-NS,683,13,0,0,3752,3765,C
8-NS,684,3766,0,1,0,3767,A
8-NS,685,3758,0,0,0,3758,A
8-NS,686,3758,0,2,0,3760,A
8-NS,687,3791,0,0,0,3791,A
8-NS,688,0,0,3807,0,3807,G
8-NS,689,0,3690,1,0,3691,T
8-NS,690,0,3680,1,1,3682,T
8-NS,691,0,3719,0,0,3719,T
8-NS,692,2,8,3708,0,3718,G
8-NS,693,3727,0,5,0,3732,A
8-NS,694,3716,1,5,2,3724,A
8-NS,695,0,4,3757,0,3761,G
8-NS,696,3687,0,2,0,3689,A
8-NS,697,1,3,3708,0,3712,G
8-NS,698,3693,2,2,0,3697,A
8-NS,699,0,3691,0,1,3692,T
8-NS,700,3712,0,1,0,3713,A
8-NS,701,3679,0,0,0,3679,A
8-NS,702,0,3,3674,0,3677,G
8-NS,703,3433,0,4,0,3437,A
8-NS,704,0,3413,0,0,3413,T
8-NS,705,2,6,3429,0,3437,G
8-NS,706,1,0,3428,0,3429,G
8-NS,707,2,2,0,3416,3420,C
8-NS,708,0,3423,0,1,3424,T
8-NS,709,3436,0,0,0,3436,A
8-NS,710,3435,0,0,0,3435,A
8-NS,711,0,3443,0,1,3444,T
8-NS,712,0,3427,0,3,3430,T
8-NS,713,1,2,3435,0,3438,G
8-NS,714,3397,0,0,0,3397,A
8-NS,715,3387,0,1,0,3388,A
8-NS,716,1,6,3379,0,3386,G
8-NS,717,3389,0,0,0,3389,A
8-NS,718,3339,0,1,0,3340,A
8-NS,719,0,1,3405,0,3406,G
8-NS,720,0,3313,0,3,3316,T
8-NS,721,2,11,3319,0,3332,G
8-NS,722,3305,0,1,0,3306,A
8-NS,723,0,10,3290,0,3300,G
8-NS,724,3295,0,10,0,3305,A
8-NS,725,2,0,0,3268,3270,C
8-NS,726,3230,2,2,0,3234,A
8-NS,727,0,0,0,3240,3240,C
8-NS,728,2991,0,0,1,2992,A
8-NS,729,0,4,3095,0,3099,G
8-NS,730,3081,0,2,0,3083,A
8-NS,731,0,3035,0,3,3038,T
8-NS,732,1,3050,0,0,3051,T
8-NS,733,3052,0,1,0,3053,A
8-NS,734,3049,0,0,0,3049,A
8-NS,735,3048,1,0,0,3049,A
8-NS,736,3034,0,1,0,3035,A
8-NS,737,3038,2,3,0,3043,A
8-NS,738,2,1,0,2929,2932,C
8-NS,739,2790,0,0,0,2790,A
8-NS,740,2789,0,3,0,2792,A
8-NS,741,2,0,0,2797,2799,C
8-NS,742,0,2763,1,4,2768,T
8-NS,743,3,4,2789,0,2796,G
8-NS,744,2798,0,0,0,2798,A
8-NS,745,2817,0,0,0,2817,A
8-NS,746,2820,0,0,0,2820,A
8-NS,747,2778,1,1,0,2780,A
8-NS,748,0,2763,0,0,2763,T
8-NS,749,2693,0,2,0,2695,A
8-NS,750,3,0,2690,0,2693,G
8-NS,751,2,0,0,2698,2700,C
8-NS,752,0,2650,0,1,2651,T
8-NS,753,1,2647,0,0,2648,T
8-NS,754,0,2628,0,0,2628,T
8-NS,755,0,10,2634,0,2644,G
8-NS,756,2630,0,1,0,2631,A
8-NS,757,2629,0,3,0,2632,A
8-NS,758,1,2,0,2647,2650,C
8-NS,759,2581,0,0,0,2581,A
8-NS,760,2600,0,0,0,2600,A
8-NS,761,2606,1,0,0,2607,A
8-NS,762,0,2603,1,0,2604,T
8-NS,763,2605,0,0,0,2605,A
8-NS,764,2567,0,3,0,2570,A
8-NS,765,1,0,0,2578,2579,C
8-NS,766,2575,0,1,0,2576,A
8-NS,767,0,2523,0,0,2523,T
8-NS,768,2,2458,0,1,2461,T
8-NS,769,3,0,1,2441,2445,C
8-NS,770,2418,1,1,0,2420,A
8-NS,771,0,2399,0,2,2401,T
8-NS,772,1,0,2407,0,2408,G
8-NS,773,1,0,0,2343,2344,C
8-NS,774,2323,0,1,0,2324,A
8-NS,775,2287,11,1,1,2300,A
8-NS,776,1,0,2277,0,2278,G
8-NS,777,2,0,0,2324,2326,C
8-NS,778,2292,0,0,0,2292,A
8-NS,779,0,2291,0,2,2293,T
8-NS,780,0,2288,0,1,2289,T
8-NS,781,2276,0,3,0,2279,A
8-NS,782,4,2,0,2276,2282,C
8-NS,783,2267,0,0,0,2267,A
8-NS,784,2242,0,0,0,2242,A
8-NS,785,1,2,0,2229,2232,C
8-NS,786,1,1892,0,0,1893,T
8-NS,787,1,2,1897,0,1900,G
8-NS,788,0,0,0,1866,1866,C
8-NS,789,0,1824,0,1,1825,T
8-NS,790,2,0,1837,0,1839,G
8-NS,791,0,1789,0,1,1790,T
8-NS,792,0,1791,0,0,1791,T
8-NS,793,0,1785,0,1,1786,T
8-NS,794,0,2,1775,0,1777,G
8-NS,795,1780,1,1,0,1782,A
8-NS,796,1739,0,1,0,1740,A
8-NS,797,0,0,1740,0,1740,G
8-NS,798,0,1720,0,1,1721,T
8-NS,799,0,3,1646,0,1649,G
8-NS,800,0,5,1655,0,1660,G
8-NS,801,1663,0,0,0,1663,A
8-NS,802,1655,0,3,0,1658,A
8-NS,803,1,0,0,1653,1654,C
8-NS,804,1583,0,0,0,1583,A
8-NS,805,0,1,1597,0,1598,G
8-NS,806,0,1,1561,0,1562,G
8-NS,807,1537,0,5,0,1542,A
8-NS,808,0,3,1530,0,1533,G
8-NS,809,1310,0,1,0,1311,A
8-NS,810,0,1298,0,0,1298,T
8-NS,811,1297,0,1,0,1298,A
8-NS,812,1276,0,1,0,1277,A
8-NS,813,0,2,1278,0,1280,G
8-NS,814,1145,0,0,0,1145,A
8-NS,815,1119,0,0,1,1120,A
8-NS,816,1,0,0,1109,1110,C
8-NS,817,0,970,0,2,972,T
8-NS,818,0,960,0,0,960,T
8-NS,819,0,967,0,0,967,T
8-NS,820,4,0,0,970,974,C
8-NS,821,0,946,0,4,950,T
8-NS,822,3,0,0,945,948,C
8-NS,823,928,0,1,0,929,A
8-NS,824,0,922,1,2,925,T
8-NS,825,0,907,0,1,908,T
8-NS,826,0,894,0,0,894,T
8-NS,827,1,0,0,897,898,C
8-NS,828,871,0,1,0,872,A
8-NS,829,0,0,864,0,864,G
8-NS,830,0,0,0,864,864,C
8-NS,831,0,818,0,2,820,T
8-NS,832,0,814,0,1,815,T
8-NS,833,781,0,0,0,781,A
8-NS,834,0,780,0,0,780,T
8-NS,835,0,780,0,0,780,T
8-NS,836,1,772,0,0,773,T
8-NS,837,733,0,1,0,734,A
8-NS,838,698,0,2,0,700,A
8-NS,839,1,688,0,0,689,T
8-NS,840,0,5,682,0,687,G
8-NS,841,668,0,2,0,670,A
8-NS,842,0,610,0,0,610,T
8-NS,843,606,0,0,0,606,A
8-NS,844,608,0,0,0,608,A
8-NS,845,603,0,0,0,603,A
8-NS,846,601,0,0,0,601,A
8-NS,847,591,0,0,0,591,A
8-NS,848,574,0,0,0,574,A
8-NS,849,0,0,0,577,577,C
8-NS,850,494,0,0,0,494,A
8-NS,851,0,0,0,503,503,C
8-NS,852,1,0,0,473,474,C
8-NS,853,0,0,0,468,468,C
8-NS,854,0,442,0,0,442,T
8-NS,855,0,426,1,0,427,T
8-NS,856,0,0,423,0,423,G
8-NS,857,0,405,0,0,405,T
8-NS,858,0,405,0,0,405,T
8-NS,859,0,392,0,0,392,T
8-NS,860,0,0,0,175,175,C
8-NS,861,0,133,0,0,133,T
8-NS,862,113,0,0,0,113,A
8-NS,863,0,0,0,111,111,C
