Gene,Position,A,T,G,C,Coverage,Consensus
1-PB2,1,287,0,0,0,287,A
1-PB2,2,0,285,0,0,285,T
1-PB2,3,0,0,294,0,294,G
1-PB2,4,0,0,295,0,295,G
1-PB2,5,293,0,0,0,293,A
1-PB2,6,294,0,0,0,294,A
1-PB2,7,295,0,1,0,296,A
1-PB2,8,0,0,330,0,330,G
1-PB2,9,329,0,0,0,329,A
1-PB2,10,333,0,0,0,333,A
1-PB2,11,0,338,0,0,338,T
1-PB2,12,335,0,0,0,335,A
1-PB2,13,339,1,0,0,340,A
1-PB2,14,340,0,0,0,340,A
1-PB2,15,341,0,0,0,341,A
1-PB2,16,0,0,350,0,350,G
1-PB2,17,349,0,0,0,349,A
1-PB2,18,353,0,0,0,353,A
1-PB2,19,0,1,0,358,359,C
1-PB2,20,0,359,0,0,359,T
1-PB2,21,367,0,0,0,367,A
1-PB2,22,0,0,0,370,370,C
1-PB2,23,0,0,370,0,370,G
1-PB2,24,0,1,371,0,372,G
1-PB2,25,372,0,0,0,372,A
1-PB2,26,382,0,0,0,382,A
1-PB2,27,1,383,0,0,384,T
1-PB2,28,0,0,0,387,387,C
1-PB2,29,0,390,0,0,390,T
1-PB2,30,0,0,390,0,390,G
1-PB2,31,389,0,1,0,390,A
1-PB2,32,0,392,0,0,392,T
1-PB2,33,0,0,392,0,392,G
1-PB2,34,0,396,0,0,396,T
1-PB2,35,0,0,0,394,394,C
1-PB2,36,0,0,392,0,392,G
1-PB2,37,0,0,0,396,396,C
1-PB2,38,394,0,0,0,394,A
1-PB2,39,0,0,409,0,409,G
1-PB2,40,0,411,0,0,411,T
1-PB2,41,1,0,1,413,415,C
1-PB2,42,0,407,0,0,407,T
1-PB2,43,0,0,0,413,413,C
1-PB2,44,1,0,410,0,411,G
1-PB2,45,0,0,0,412,412,C
1-PB2,46,413,0,0,0,413,A
1-PB2,47,0,0,0,419,419,C
1-PB2,48,0,412,0,0,412,T
1-PB2,49,1,0,0,418,419,C
1-PB2,50,0,0,423,0,423,G
1-PB2,51,0,0,0,424,424,C
1-PB2,52,0,1,421,0,422,G
1-PB2,53,425,0,0,0,425,A
1-PB2,54,0,0,431,0,431,G
1-PB2,55,439,0,1,0,440,A
1-PB2,56,0,436,0,0,436,T
1-PB2,57,439,0,0,0,439,A
1-PB2,58,0,0,0,439,439,C
1-PB2,59,0,431,0,0,431,T
1-PB2,60,0,0,445,0,445,G
1-PB2,61,443,0,0,0,443,A
1-PB2,62,0,0,0,452,452,C
1-PB2,63,449,0,0,0,449,A
1-PB2,64,447,0,0,0,447,A
1-PB2,65,452,0,0,0,452,A
1-PB2,66,456,1,0,0,457,A
1-PB2,67,459,0,1,0,460,A
1-PB2,68,0,0,0,467,467,C
1-PB2,69,1,0,0,467,468,C
1-PB2,70,481,0,0,0,481,A
1-PB2,71,1,0,0,488,489,C
1-PB2,72,485,0,0,0,485,A
1-PB2,73,0,0,497,0,497,G
1-PB2,74,0,497,0,0,497,T
1-PB2,75,0,0,517,0,517,G
1-PB2,76,0,0,515,0,515,G
1-PB2,77,518,0,1,0,519,A
1-PB2,78,0,0,0,547,547,C
1-PB2,79,0,0,0,546,546,C
1-PB2,80,560,0,0,0,560,A
1-PB2,81,0,557,1,0,558,T
1-PB2,82,551,0,0,0,551,A
1-PB2,83,0,554,0,0,554,T
1-PB2,84,0,0,552,0,552,G
1-PB2,85,0,0,553,1,554,G
1-PB2,86,1,0,0,554,555,C
1-PB2,87,0,0,0,542,542,C
1-PB2,88,539,0,0,0,539,A
1-PB2,89,0,578,0,0,578,T
1-PB2,90,585,0,0,0,585,A
1-PB2,91,613,0,0,0,613,A
1-PB2,92,0,616,0,0,616,T
1-PB2,93,0,614,0,0,614,T
1-PB2,94,625,0,0,0,625,A
1-PB2,95,626,0,2,0,628,A
1-PB2,96,0,0,646,0,646,G
1-PB2,97,642,1,0,0,643,A
1-PB2,98,634,0,0,0,634,A
1-PB2,99,1,0,659,0,660,G
1-PB2,100,0,654,0,2,656,T
1-PB2,101,658,0,0,0,658,A
1-PB2,102,0,0,0,657,657,C
1-PB2,103,654,0,2,0,656,A
1-PB2,104,0,0,0,674,674,C
1-PB2,105,664,0,0,0,664,A
1-PB2,106,0,665,0,0,665,T
1-PB2,107,0,0,0,672,672,C
1-PB2,108,0,0,664,0,664,G
1-PB2,109,0,0,665,0,665,G
1-PB2,110,0,0,664,0,664,G
1-PB2,111,0,1,659,0,660,G
1-PB2,112,659,0,0,0,659,A
1-PB2,113,0,0,653,0,653,G
1-PB2,114,657,0,1,0,658,A
1-PB2,115,0,0,0,664,664,C
1-PB2,116,663,0,0,0,663,A
1-PB2,117,0,0,671,0,671,G
1-PB2,118,0,1,678,0,679,G
1-PB2,119,680,0,0,0,680,A
1-PB2,120,682,0,0,0,682,A
1-PB2,121,684,0,0,0,684,A
1-PB2,122,679,0,0,0,679,A
1-PB2,123,0,0,678,0,678,G
1-PB2,124,673,0,0,0,673,A
1-PB2,125,681,0,1,0,682,A
1-PB2,126,0,1,0,678,679,C
1-PB2,127,0,0,0,669,669,C
1-PB2,128,0,1,0,666,667,C
1-PB2,129,0,0,669,0,669,G
1-PB2,130,0,670,0,1,671,T
1-PB2,131,0,0,0,674,674,C
1-PB2,132,675,0,0,0,675,A
1-PB2,133,0,0,0,679,679,C
1-PB2,134,0,677,0,0,677,T
1-PB2,135,0,676,0,0,676,T
1-PB2,136,677,0,0,0,677,A
1-PB2,137,0,0,687,0,687,G
1-PB2,138,0,0,686,0,686,G
1-PB2,139,685,0,0,0,685,A
1-PB2,140,0,686,0,0,686,T
1-PB2,141,0,0,697,0,697,G
1-PB2,142,703,0,0,0,703,A
1-PB2,143,702,0,0,0,702,A
1-PB2,144,707,0,0,0,707,A
1-PB2,145,0,706,0,0,706,T
1-PB2,146,0,0,708,0,708,G
1-PB2,147,1,0,709,0,710,G
1-PB2,148,712,0,0,0,712,A
1-PB2,149,0,710,0,0,710,T
1-PB2,150,0,1,706,0,707,G
1-PB2,151,702,0,1,0,703,A
1-PB2,152,0,706,0,0,706,T
1-PB2,153,0,0,701,0,701,G
1-PB2,154,1,0,709,0,710,G
1-PB2,155,0,0,0,710,710,C
1-PB2,156,707,0,1,0,708,A
1-PB2,157,708,0,0,0,708,A
1-PB2,158,1,705,0,0,706,T
1-PB2,159,1,0,724,0,725,G
1-PB2,160,725,0,0,0,725,A
1-PB2,161,721,0,0,0,721,A
1-PB2,162,729,0,0,0,729,A
1-PB2,163,0,722,0,0,722,T
1-PB2,164,722,0,0,0,722,A
1-PB2,165,0,712,0,0,712,T
1-PB2,166,1,0,0,728,729,C
1-PB2,167,0,0,0,735,735,C
1-PB2,168,743,0,0,0,743,A
1-PB2,169,744,0,0,0,744,A
1-PB2,170,0,737,0,0,737,T
1-PB2,171,0,0,0,739,739,C
1-PB2,172,738,0,0,1,739,A
1-PB2,173,0,1,0,750,751,C
1-PB2,174,0,743,0,0,743,T
1-PB2,175,0,0,753,0,753,G
1-PB2,176,0,0,0,749,749,C
1-PB2,177,0,748,0,1,749,T
1-PB2,178,0,0,758,0,758,G
1-PB2,179,758,0,0,1,759,A
1-PB2,180,0,0,0,759,759,C
1-PB2,181,762,0,0,0,762,A
1-PB2,182,745,0,0,0,745,A
1-PB2,183,748,0,0,0,748,A
1-PB2,184,748,0,0,0,748,A
1-PB2,185,0,1,760,0,761,G
1-PB2,186,0,1,759,0,760,G
1-PB2,187,754,0,1,0,755,A
1-PB2,188,0,751,0,0,751,T
1-PB2,189,741,0,1,0,742,A
1-PB2,190,752,0,1,0,753,A
1-PB2,191,0,0,0,766,766,C
1-PB2,192,762,0,0,0,762,A
1-PB2,193,0,0,767,0,767,G
1-PB2,194,754,0,0,0,754,A
1-PB2,195,755,0,0,0,755,A
1-PB2,196,759,0,0,0,759,A
1-PB2,197,0,755,0,0,755,T
1-PB2,198,0,1,757,0,758,G
1-PB2,199,0,0,775,0,775,G
1-PB2,200,1,764,0,0,765,T
1-PB2,201,0,763,0,0,763,T
1-PB2,202,1,0,0,762,763,C
1-PB2,203,0,1,0,760,761,C
1-PB2,204,1,0,768,0,769,G
1-PB2,205,1,0,764,0,765,G
1-PB2,206,767,0,0,0,767,A
1-PB2,207,0,0,771,0,771,G
1-PB2,208,757,0,0,0,757,A
1-PB2,209,0,0,781,0,781,G
1-PB2,210,775,0,0,0,775,A
1-PB2,211,777,0,0,0,777,A
1-PB2,212,780,0,2,0,782,A
1-PB2,213,0,777,0,0,777,T
1-PB2,214,0,1,790,0,791,G
1-PB2,215,794,0,0,0,794,A
1-PB2,216,788,0,3,0,791,A
1-PB2,217,0,0,0,791,791,C
1-PB2,218,782,0,1,0,783,A
1-PB2,219,780,0,1,0,781,A
1-PB2,220,0,0,803,0,803,G
1-PB2,221,1,0,812,0,813,G
1-PB2,222,812,0,0,0,812,A
1-PB2,223,1,0,0,804,805,C
1-PB2,224,809,0,0,0,809,A
1-PB2,225,812,0,0,0,812,A
1-PB2,226,856,1,2,0,859,A
1-PB2,227,0,0,0,865,865,C
1-PB2,228,0,848,1,1,850,T
1-PB2,229,0,0,0,873,873,C
1-PB2,230,0,856,0,0,856,T
1-PB2,231,857,0,0,0,857,A
1-PB2,232,0,859,0,0,859,T
1-PB2,233,1,0,865,0,866,G
1-PB2,234,0,0,897,0,897,G
1-PB2,235,857,0,1,0,858,A
1-PB2,236,0,0,867,0,867,G
1-PB2,237,0,866,0,0,866,T
1-PB2,238,863,0,0,0,863,A
1-PB2,239,863,0,0,0,863,A
1-PB2,240,861,0,0,1,862,A
1-PB2,241,861,0,1,0,862,A
1-PB2,242,0,851,0,0,851,T
1-PB2,243,0,0,852,0,852,G
1-PB2,244,836,0,1,0,837,A
1-PB2,245,0,0,844,0,844,G
1-PB2,246,0,838,1,0,839,T
1-PB2,247,1,0,837,0,838,G
1-PB2,248,849,0,2,0,851,A
1-PB2,249,0,866,0,0,866,T
1-PB2,250,0,0,866,0,866,G
1-PB2,251,0,0,0,865,865,C
1-PB2,252,0,865,0,0,865,T
1-PB2,253,0,0,901,0,901,G
1-PB2,254,0,0,899,0,899,G
1-PB2,255,918,0,0,0,918,A
1-PB2,256,0,914,0,2,916,T
1-PB2,257,0,0,0,923,923,C
1-PB2,258,924,0,0,0,924,A
1-PB2,259,0,1,957,0,958,G
1-PB2,260,954,0,0,0,954,A
1-PB2,261,1,955,0,1,957,T
1-PB2,262,919,0,0,0,919,A
1-PB2,263,0,2,938,0,940,G
1-PB2,264,929,0,0,0,929,A
1-PB2,265,0,0,948,0,948,G
1-PB2,266,1,931,0,0,932,T
1-PB2,267,1,1,922,0,924,G
1-PB2,268,908,1,1,0,910,A
1-PB2,269,0,916,0,1,917,T
1-PB2,270,2,1,926,0,929,G
1-PB2,271,0,0,952,0,952,G
1-PB2,272,0,936,0,0,936,T
1-PB2,273,937,0,1,0,938,A
1-PB2,274,0,922,0,1,923,T
1-PB2,275,0,0,0,925,925,C
1-PB2,276,949,1,0,0,950,A
1-PB2,277,0,0,0,959,959,C
1-PB2,278,1,0,0,958,959,C
1-PB2,279,0,933,0,1,934,T
1-PB2,280,0,928,0,0,928,T
1-PB2,281,0,929,0,0,929,T
1-PB2,282,0,2,941,0,943,G
1-PB2,283,0,0,950,0,950,G
1-PB2,284,0,0,0,960,960,C
1-PB2,285,0,944,1,1,946,T
1-PB2,286,0,0,962,0,962,G
1-PB2,287,0,967,0,0,967,T
1-PB2,288,966,0,1,0,967,A
1-PB2,289,973,0,0,1,974,A
1-PB2,290,0,1,0,972,973,C
1-PB2,291,957,0,0,0,957,A
1-PB2,292,0,958,0,0,958,T
1-PB2,293,0,1,941,0,942,G
1-PB2,294,0,0,962,0,962,G
1-PB2,295,0,951,0,1,952,T
1-PB2,296,1,0,948,0,949,G
1-PB2,297,0,0,961,0,961,G
1-PB2,298,962,0,0,0,962,A
1-PB2,299,961,0,1,0,962,A
1-PB2,300,0,960,0,0,960,T
1-PB2,301,957,1,0,0,958,A
1-PB2,302,0,0,983,0,983,G
1-PB2,303,972,0,0,0,972,A
1-PB2,304,970,0,0,0,970,A
1-PB2,305,969,0,0,0,969,A
1-PB2,306,0,953,0,0,953,T
1-PB2,307,0,1,954,0,955,G
1-PB2,308,0,2,946,0,948,G
1-PB2,309,953,0,2,0,955,A
1-PB2,310,0,0,0,956,956,C
1-PB2,311,0,0,0,950,950,C
1-PB2,312,1,0,0,946,947,C
1-PB2,313,0,0,953,0,953,G
1-PB2,314,0,961,0,0,961,T
1-PB2,315,0,0,982,0,982,G
1-PB2,316,984,0,0,0,984,A
1-PB2,317,0,0,0,987,987,C
1-PB2,318,983,0,0,0,983,A
1-PB2,319,980,0,0,0,980,A
1-PB2,320,0,0,1018,0,1018,G
1-PB2,321,0,1014,0,0,1014,T
1-PB2,322,1015,0,0,0,1015,A
1-PB2,323,0,0,0,1009,1009,C
1-PB2,324,2,0,994,0,996,G
1-PB2,325,0,0,1021,0,1021,G
1-PB2,326,0,1014,0,3,1017,T
1-PB2,327,0,0,0,1041,1041,C
1-PB2,328,0,0,0,1039,1039,C
1-PB2,329,1019,0,1,0,1020,A
1-PB2,330,0,1034,0,0,1034,T
1-PB2,331,0,1036,0,1,1037,T
1-PB2,332,1113,0,0,0,1113,A
1-PB2,333,0,1,0,1112,1113,C
1-PB2,334,0,0,0,1093,1093,C
1-PB2,335,1,0,0,1089,1090,C
1-PB2,336,1084,0,0,0,1084,A
1-PB2,337,1090,0,0,0,1090,A
1-PB2,338,1092,0,0,0,1092,A
1-PB2,339,1082,0,3,0,1085,A
1-PB2,340,0,0,1094,0,1094,G
1-PB2,341,1,1043,0,1,1045,T
1-PB2,342,1,0,1057,0,1058,G
1-PB2,343,0,1058,0,0,1058,T
1-PB2,344,1057,0,2,0,1059,A
1-PB2,345,0,1,0,1051,1052,C
1-PB2,346,1051,0,1,0,1052,A
1-PB2,347,1050,0,1,0,1051,A
1-PB2,348,1033,0,0,0,1033,A
1-PB2,349,1045,0,1,0,1046,A
1-PB2,350,0,0,0,1049,1049,C
1-PB2,351,0,1045,0,7,1052,T
1-PB2,352,0,1059,0,0,1059,T
1-PB2,353,1061,0,0,0,1061,A
1-PB2,354,0,1063,0,0,1063,T
1-PB2,355,0,1060,0,0,1060,T
1-PB2,356,0,1059,0,0,1059,T
1-PB2,357,1,0,1,1054,1056,C
1-PB2,358,0,0,1056,0,1056,G
1-PB2,359,1049,0,1,0,1050,A
1-PB2,360,0,1,0,1054,1055,C
1-PB2,361,1053,0,0,0,1053,A
1-PB2,362,1048,0,0,0,1048,A
1-PB2,363,1054,0,0,0,1054,A
1-PB2,364,0,0,1066,0,1066,G
1-PB2,365,0,1063,0,1,1064,T
1-PB2,366,1,0,0,1065,1066,C
1-PB2,367,0,0,1068,0,1068,G
1-PB2,368,1062,0,0,0,1062,A
1-PB2,369,1067,0,1,0,1068,A
1-PB2,370,1069,0,0,1,1070,A
1-PB2,371,0,0,1105,0,1105,G
1-PB2,372,0,1,1110,0,1111,G
1-PB2,373,0,1098,0,1,1099,T
1-PB2,374,0,1098,0,0,1098,T
1-PB2,375,1095,0,0,0,1095,A
1-PB2,376,1100,0,0,0,1100,A
1-PB2,377,1098,0,0,0,1098,A
1-PB2,378,1109,0,1,0,1110,A
1-PB2,379,0,0,0,1123,1123,C
1-PB2,380,1093,0,0,0,1093,A
1-PB2,381,0,1089,0,0,1089,T
1-PB2,382,0,0,1087,0,1087,G
1-PB2,383,0,0,1088,0,1088,G
1-PB2,384,1087,1,0,0,1088,A
1-PB2,385,1094,0,0,0,1094,A
1-PB2,386,0,0,0,1129,1129,C
1-PB2,387,0,0,0,1149,1149,C
1-PB2,388,0,1135,0,0,1135,T
1-PB2,389,0,1135,0,1,1136,T
1-PB2,390,0,1134,0,1,1135,T
1-PB2,391,0,0,1136,0,1136,G
1-PB2,392,0,0,1136,0,1136,G
1-PB2,393,0,0,0,1136,1136,C
1-PB2,394,1,0,0,1130,1131,C
1-PB2,395,1,0,0,1131,1132,C
1-PB2,396,0,1107,0,1,1108,T
1-PB2,397,0,0,1125,0,1125,G
1-PB2,398,0,1123,0,0,1123,T
1-PB2,399,0,1122,0,1,1123,T
1-PB2,400,0,0,1,1122,1123,C
1-PB2,401,1111,0,0,0,1111,A
1-PB2,402,0,1111,0,1,1112,T
1-PB2,403,0,1114,0,0,1114,T
1-PB2,404,0,1107,0,0,1107,T
1-PB2,405,0,1116,0,0,1116,T
1-PB2,406,1105,0,2,0,1107,A
1-PB2,407,0,0,1106,0,1106,G
1-PB2,408,1101,1,0,0,1102,A
1-PB2,409,1101,0,0,0,1101,A
1-PB2,410,1105,0,1,0,1106,A
1-PB2,411,0,1092,0,0,1092,T
1-PB2,412,0,0,1,1104,1105,C
1-PB2,413,1098,0,0,4,1102,A
1-PB2,414,1107,0,2,0,1109,A
1-PB2,415,0,0,1114,0,1114,G
1-PB2,416,0,1112,0,1,1113,T
1-PB2,417,2,1,0,1111,1114,C
1-PB2,418,1121,0,0,0,1121,A
1-PB2,419,1121,0,2,0,1123,A
1-PB2,420,0,0,1127,0,1127,G
1-PB2,421,1119,0,0,0,1119,A
1-PB2,422,0,1120,0,0,1120,T
1-PB2,423,1130,0,1,0,1131,A
1-PB2,424,0,0,0,1125,1125,C
1-PB2,425,1,0,1115,0,1116,G
1-PB2,426,0,0,1,1156,1157,C
1-PB2,427,1136,0,0,1,1137,A
1-PB2,428,0,0,1148,1,1149,G
1-PB2,429,1141,1,0,0,1142,A
1-PB2,430,1150,0,1,0,1151,A
1-PB2,431,0,0,1163,0,1163,G
1-PB2,432,1132,1,1,0,1134,A
1-PB2,433,0,0,1134,0,1134,G
1-PB2,434,0,1128,0,0,1128,T
1-PB2,435,1125,0,1,0,1126,A
1-PB2,436,0,0,1139,0,1139,G
1-PB2,437,1047,0,0,0,1047,A
1-PB2,438,0,0,0,1090,1090,C
1-PB2,439,1056,0,1,0,1057,A
1-PB2,440,0,1037,0,0,1037,T
1-PB2,441,1017,0,0,0,1017,A
1-PB2,442,1018,1,0,0,1019,A
1-PB2,443,1023,0,1,0,1024,A
1-PB2,444,0,1,0,1033,1034,C
1-PB2,445,0,0,0,1020,1020,C
1-PB2,446,0,0,0,1009,1009,C
1-PB2,447,0,873,0,0,873,T
1-PB2,448,0,0,880,0,880,G
1-PB2,449,1,0,888,0,889,G
1-PB2,450,0,883,0,0,883,T
1-PB2,451,1,0,0,876,877,C
1-PB2,452,884,0,0,0,884,A
1-PB2,453,0,880,0,1,881,T
1-PB2,454,0,0,891,0,891,G
1-PB2,455,0,0,0,889,889,C
1-PB2,456,881,0,1,2,884,A
1-PB2,457,0,0,888,0,888,G
1-PB2,458,868,1,0,0,869,A
1-PB2,459,0,0,0,886,886,C
1-PB2,460,0,0,0,894,894,C
1-PB2,461,0,870,0,1,871,T
1-PB2,462,0,0,0,877,877,C
1-PB2,463,867,0,0,0,867,A
1-PB2,464,0,0,890,0,890,G
1-PB2,465,0,892,0,0,892,T
1-PB2,466,0,0,893,0,893,G
1-PB2,467,1,1,0,887,889,C
1-PB2,468,0,0,0,883,883,C
1-PB2,469,883,0,1,0,884,A
1-PB2,470,883,0,1,0,884,A
1-PB2,471,880,0,0,0,880,A
1-PB2,472,0,0,884,0,884,G
1-PB2,473,852,0,2,0,854,A
1-PB2,474,0,0,865,0,865,G
1-PB2,475,0,0,860,0,860,G
1-PB2,476,0,0,0,862,862,C
1-PB2,477,863,0,0,1,864,A
1-PB2,478,0,0,0,862,862,C
1-PB2,479,864,0,0,0,864,A
1-PB2,480,885,0,0,0,885,A
1-PB2,481,0,0,893,0,893,G
1-PB2,482,895,0,1,0,896,A
1-PB2,483,0,887,0,0,887,T
1-PB2,484,0,0,883,0,883,G
1-PB2,485,0,887,0,0,887,T
1-PB2,486,887,0,0,0,887,A
1-PB2,487,884,0,0,0,884,A
1-PB2,488,0,884,0,0,884,T
1-PB2,489,0,852,0,0,852,T
1-PB2,490,849,0,0,0,849,A
1-PB2,491,0,829,0,0,829,T
1-PB2,492,0,0,828,0,828,G
1-PB2,493,0,0,826,0,826,G
1-PB2,494,823,0,0,0,823,A
1-PB2,495,820,0,0,0,820,A
1-PB2,496,0,0,823,0,823,G
1-PB2,497,0,817,1,0,818,T
1-PB2,498,0,816,0,1,817,T
1-PB2,499,2,0,826,0,828,G
1-PB2,500,0,822,0,1,823,T
1-PB2,501,0,824,0,0,824,T
1-PB2,502,0,815,0,0,815,T
1-PB2,503,0,816,0,0,816,T
1-PB2,504,1,825,0,0,826,T
1-PB2,505,0,1,0,820,821,C
1-PB2,506,0,0,0,824,824,C
1-PB2,507,1,0,0,822,823,C
1-PB2,508,827,0,0,0,827,A
1-PB2,509,823,1,0,1,825,A
1-PB2,510,0,830,0,0,830,T
1-PB2,511,0,0,832,0,832,G
1-PB2,512,829,0,0,0,829,A
1-PB2,513,824,0,0,0,824,A
1-PB2,514,0,0,833,0,833,G
1-PB2,515,0,822,0,0,822,T
1-PB2,516,0,1,819,0,820,G
1-PB2,517,0,0,816,0,816,G
1-PB2,518,0,1,818,0,819,G
1-PB2,519,817,0,2,0,819,A
1-PB2,520,0,0,819,0,819,G
1-PB2,521,0,0,0,824,824,C
1-PB2,522,0,0,0,829,829,C
1-PB2,523,827,0,0,0,827,A
1-PB2,524,0,0,847,0,847,G
1-PB2,525,0,1,848,0,849,G
1-PB2,526,849,0,1,0,850,A
1-PB2,527,0,848,0,0,848,T
1-PB2,528,850,0,0,0,850,A
1-PB2,529,0,2,0,847,849,C
1-PB2,530,0,841,0,0,841,T
1-PB2,531,839,0,0,0,839,A
1-PB2,532,828,0,1,0,829,A
1-PB2,533,0,1,0,840,841,C
1-PB2,534,818,0,1,0,819,A
1-PB2,535,0,813,0,0,813,T
1-PB2,536,1,0,0,815,816,C
1-PB2,537,807,0,0,0,807,A
1-PB2,538,0,0,820,0,820,G
1-PB2,539,822,1,0,0,823,A
1-PB2,540,813,0,0,1,814,A
1-PB2,541,1,815,1,1,818,T
1-PB2,542,0,0,0,795,795,C
1-PB2,543,799,0,0,0,799,A
1-PB2,544,0,0,0,824,824,C
1-PB2,545,820,0,0,0,820,A
1-PB2,546,825,0,0,0,825,A
1-PB2,547,0,809,0,0,809,T
1-PB2,548,0,807,0,0,807,T
1-PB2,549,807,0,0,0,807,A
1-PB2,550,809,0,2,0,811,A
1-PB2,551,0,0,0,810,810,C
1-PB2,552,803,0,1,0,804,A
1-PB2,553,792,0,1,0,793,A
1-PB2,554,0,808,0,0,808,T
1-PB2,555,808,0,0,0,808,A
1-PB2,556,809,0,1,0,810,A
1-PB2,557,0,0,0,814,814,C
1-PB2,558,0,811,0,0,811,T
1-PB2,559,808,0,0,0,808,A
1-PB2,560,802,0,0,0,802,A
1-PB2,561,801,0,0,0,801,A
1-PB2,562,0,0,805,0,805,G
1-PB2,563,782,0,1,0,783,A
1-PB2,564,0,0,793,0,793,G
1-PB2,565,790,0,0,0,790,A
1-PB2,566,787,0,0,0,787,A
1-PB2,567,787,0,0,0,787,A
1-PB2,568,788,0,1,0,789,A
1-PB2,569,794,0,0,0,794,A
1-PB2,570,796,0,1,0,797,A
1-PB2,571,0,0,798,0,798,G
1-PB2,572,795,0,1,0,796,A
1-PB2,573,790,0,2,0,792,A
1-PB2,574,0,1,789,0,790,G
1-PB2,575,791,0,1,0,792,A
1-PB2,576,797,0,1,0,798,A
1-PB2,577,0,0,0,803,803,C
1-PB2,578,1,794,0,3,798,T
1-PB2,579,0,0,0,799,799,C
1-PB2,580,0,2,0,795,797,C
1-PB2,581,0,0,798,0,798,G
1-PB2,582,792,0,1,0,793,A
1-PB2,583,0,0,800,0,800,G
1-PB2,584,789,0,0,0,789,A
1-PB2,585,0,791,0,0,791,T
1-PB2,586,0,780,0,1,781,T
1-PB2,587,0,0,785,0,785,G
1-PB2,588,0,0,0,778,778,C
1-PB2,589,785,0,0,0,785,A
1-PB2,590,783,0,0,0,783,A
1-PB2,591,777,0,0,0,777,A
1-PB2,592,788,0,0,0,788,A
1-PB2,593,0,784,0,0,784,T
1-PB2,594,0,782,0,0,782,T
1-PB2,595,0,777,0,1,778,T
1-PB2,596,0,0,0,777,777,C
1-PB2,597,1,770,0,0,771,T
1-PB2,598,0,0,0,957,957,C
1-PB2,599,1,0,0,960,961,C
1-PB2,600,0,4,0,1194,1198,C
1-PB2,601,0,1167,1,0,1168,T
1-PB2,602,0,1230,0,0,1230,T
1-PB2,603,0,0,1239,0,1239,G
1-PB2,604,1243,0,1,0,1244,A
1-PB2,605,0,1308,1,0,1309,T
1-PB2,606,0,0,1374,0,1374,G
1-PB2,607,0,0,1744,0,1744,G
1-PB2,608,1,1809,0,0,1810,T
1-PB2,609,0,1815,0,1,1816,T
1-PB2,610,0,0,2154,0,2154,G
1-PB2,611,0,0,0,2175,2175,C
1-PB2,612,2285,0,0,0,2285,A
1-PB2,613,0,2295,0,1,2296,T
1-PB2,614,2344,0,0,8,2352,A
1-PB2,615,1,0,0,2574,2575,C
1-PB2,616,3224,0,0,35,3259,A
1-PB2,617,0,3372,0,2,3374,T
1-PB2,618,2,0,3674,0,3676,G
1-PB2,619,1,3662,0,1,3664,T
1-PB2,620,0,3663,0,2,3665,T
1-PB2,621,3675,0,1,0,3676,A
1-PB2,622,0,1,3675,0,3676,G
1-PB2,623,3779,1,2,0,3782,A
1-PB2,624,0,3,3855,0,3858,G
1-PB2,625,3789,1,1,0,3791,A
1-PB2,626,0,1,3824,0,3825,G
1-PB2,627,3793,0,4,0,3797,A
1-PB2,628,2,0,3839,0,3841,G
1-PB2,629,3865,0,4,0,3869,A
1-PB2,630,3886,1,1,0,3888,A
1-PB2,631,0,0,0,3930,3930,C
1-PB2,632,0,3922,0,0,3922,T
1-PB2,633,0,3920,0,4,3924,T
1-PB2,634,0,0,3932,0,3932,G
1-PB2,635,1,3941,0,0,3942,T
1-PB2,636,3937,0,3,1,3941,A
1-PB2,637,1,0,0,3929,3930,C
1-PB2,638,1,1,3931,1,3934,G
1-PB2,639,3941,0,1,0,3942,A
1-PB2,640,3924,0,0,0,3924,A
1-PB2,641,3985,0,2,0,3987,A
1-PB2,642,4001,1,0,0,4002,A
1-PB2,643,3979,0,8,5,3992,A
1-PB2,644,0,0,1,4009,4010,C
1-PB2,645,4013,1,1,0,4015,A
1-PB2,646,4022,0,2,0,4024,A
1-PB2,647,0,0,4060,0,4060,G
1-PB2,648,4053,1,0,0,4054,A
1-PB2,649,0,4059,0,0,4059,T
1-PB2,650,0,4050,0,2,4052,T
1-PB2,651,0,4066,0,1,4067,T
1-PB2,652,1,0,1,4083,4085,C
1-PB2,653,2,4075,0,1,4078,T
1-PB2,654,2,0,0,4096,4098,C
1-PB2,655,1,0,0,4085,4086,C
1-PB2,656,0,1,1,4101,4103,C
1-PB2,657,4103,0,2,0,4105,A
1-PB2,658,0,1,4151,1,4153,G
1-PB2,659,1,4162,0,2,4165,T
1-PB2,660,1,4150,0,1,4152,T
1-PB2,661,0,0,4142,0,4142,G
1-PB2,662,0,1,0,4135,4136,C
1-PB2,663,1,4129,1,3,4134,T
1-PB2,664,0,1,4143,0,4144,G
1-PB2,665,0,2,4134,0,4136,G
1-PB2,666,0,2,0,4146,4148,C
1-PB2,667,2,1,4148,0,4151,G
1-PB2,668,3,1,4204,1,4209,G
1-PB2,669,4241,1,5,0,4247,A
1-PB2,670,4235,0,5,0,4240,A
1-PB2,671,0,2,0,4253,4255,C
1-PB2,672,4287,1,1,0,4289,A
1-PB2,673,4280,1,5,0,4286,A
1-PB2,674,1,0,4530,0,4531,G
1-PB2,675,0,0,0,4657,4657,C
1-PB2,676,4681,1,1,0,4683,A
1-PB2,677,1,0,6081,0,6082,G
1-PB2,678,0,6068,0,0,6068,T
1-PB2,679,6097,0,4,0,6101,A
1-PB2,680,0,6095,0,4,6099,T
1-PB2,681,6120,0,4,0,6124,A
1-PB2,682,1,6124,0,2,6127,T
1-PB2,683,6039,0,0,0,6039,A
1-PB2,684,0,1,0,6110,6111,C
1-PB2,685,5860,1,0,1,5862,A
1-PB2,686,0,5565,1,1,5567,T
1-PB2,687,0,5355,0,1,5356,T
1-PB2,688,0,1,5358,0,5359,G
1-PB2,689,5329,0,0,1,5330,A
1-PB2,690,5344,0,2,0,5346,A
1-PB2,691,0,0,5455,0,5455,G
1-PB2,692,0,5412,0,3,5415,T
1-PB2,693,0,5362,1,0,5363,T
1-PB2,694,0,5371,1,5,5377,T
1-PB2,695,0,5388,0,0,5388,T
1-PB2,696,5440,0,15,0,5455,A
1-PB2,697,0,0,0,5496,5496,C
1-PB2,698,5492,0,1,0,5493,A
1-PB2,699,1,5471,0,4,5476,T
1-PB2,700,0,5428,0,1,5429,T
1-PB2,701,1,5438,0,1,5440,T
1-PB2,702,0,3,5468,1,5472,G
1-PB2,703,5518,1,3,0,5522,A
1-PB2,704,0,0,2,5550,5552,C
1-PB2,705,0,5497,0,2,5499,T
1-PB2,706,2,0,0,5533,5535,C
1-PB2,707,5506,0,2,1,5509,A
1-PB2,708,79,3,5454,0,5536,G
1-PB2,709,3,1,5691,0,5695,G
1-PB2,710,1,1,5713,0,5715,G
1-PB2,711,5680,1,9,1,5691,A
1-PB2,712,5621,0,5,97,5723,A
1-PB2,713,0,2,0,5750,5752,C
1-PB2,714,1,0,5791,0,5792,G
1-PB2,715,0,5761,0,2,5763,T
1-PB2,716,0,0,5792,1,5793,G
1-PB2,717,1,5718,0,3,5722,T
1-PB2,718,0,5691,3,5,5699,T
1-PB2,719,0,2,5715,0,5717,G
1-PB2,720,4,1,5698,0,5703,G
1-PB2,721,0,0,5782,1,5783,G
1-PB2,722,5734,1,5,0,5740,A
1-PB2,723,5748,0,7,0,5755,A
1-PB2,724,0,2,0,5981,5983,C
1-PB2,725,5948,1,4,0,5953,A
1-PB2,726,6155,1,0,2,6158,A
1-PB2,727,6186,0,2,1,6189,A
1-PB2,728,0,6222,0,3,6225,T
1-PB2,729,0,0,6322,0,6322,G
1-PB2,730,1,6283,0,1,6285,T
1-PB2,731,6280,0,3,0,6283,A
1-PB2,732,0,2,0,6307,6309,C
1-PB2,733,6192,0,2,0,6194,A
1-PB2,734,0,1,0,6182,6183,C
1-PB2,735,1,5979,1,3,5984,T
1-PB2,736,2,1,1,6512,6516,C
1-PB2,737,0,1,0,6518,6519,C
1-PB2,738,6606,0,4,0,6610,A
1-PB2,739,1,0,6672,0,6673,G
1-PB2,740,1,0,6833,0,6834,G
1-PB2,741,1,6815,0,1,6817,T
1-PB2,742,0,1,6821,0,6822,G
1-PB2,743,1,0,6664,0,6665,G
1-PB2,744,6556,1,10,1,6568,A
1-PB2,745,2,3,6655,0,6660,G
1-PB2,746,0,3,6656,0,6659,G
1-PB2,747,6549,1,11,1,6562,A
1-PB2,748,3,0,6649,0,6652,G
1-PB2,749,1,6485,1,1,6488,T
1-PB2,750,0,0,6536,0,6536,G
1-PB2,751,6500,1,11,0,6512,A
1-PB2,752,0,1,6558,0,6559,G
1-PB2,753,1,2,6602,0,6605,G
1-PB2,754,6568,0,0,0,6568,A
1-PB2,755,6573,2,0,0,6575,A
1-PB2,756,0,6580,1,1,6582,T
1-PB2,757,2,3,6538,0,6543,G
1-PB2,758,6553,1,2,0,6556,A
1-PB2,759,0,0,0,6537,6537,C
1-PB2,760,1,0,6535,0,6536,G
1-PB2,761,6608,0,0,0,6608,A
1-PB2,762,0,6562,0,1,6563,T
1-PB2,763,2,0,6586,0,6588,G
1-PB2,764,0,6596,1,1,6598,T
1-PB2,765,0,6551,0,0,6551,T
1-PB2,766,3,2,6615,0,6620,G
1-PB2,767,6636,0,10,0,6646,A
1-PB2,768,0,3,1,6640,6644,C
1-PB2,769,5,0,0,6635,6640,C
1-PB2,770,6552,0,3,1,6556,A
1-PB2,771,6560,0,1,0,6561,A
1-PB2,772,6581,1,2,0,6584,A
1-PB2,773,10,0,6747,0,6757,G
1-PB2,774,0,1,0,6748,6749,C
1-PB2,775,0,0,0,6751,6751,C
1-PB2,776,0,6805,0,3,6808,T
1-PB2,777,6815,0,3,0,6818,A
1-PB2,778,6824,0,3,0,6827,A
1-PB2,779,2,6843,1,3,6849,T
1-PB2,780,1,6825,0,3,6829,T
1-PB2,781,6737,0,1,0,6738,A
1-PB2,782,1,6589,1,1,6592,T
1-PB2,783,0,6553,0,4,6557,T
1-PB2,784,1,3,6504,0,6508,G
1-PB2,785,1,1,0,6490,6492,C
1-PB2,786,5,1,6481,0,6487,G
1-PB2,787,1,0,6611,0,6612,G
1-PB2,788,0,1,0,6585,6586,C
1-PB2,789,1,2,0,6640,6643,C
1-PB2,790,6638,1,2,0,6641,A
1-PB2,791,2,1,6744,0,6747,G
1-PB2,792,3,2,6827,0,6832,G
1-PB2,793,6804,1,19,1,6825,A
1-PB2,794,6856,0,6,0,6862,A
1-PB2,795,0,16,0,6887,6903,C
1-PB2,796,6845,2,4,0,6851,A
1-PB2,797,0,6979,1,4,6984,T
1-PB2,798,7089,2,5,1,7097,A
1-PB2,799,3,0,7195,0,7198,G
1-PB2,800,2,7086,0,2,7090,T
1-PB2,801,7058,1,6,0,7065,A
1-PB2,802,7041,0,0,0,7041,A
1-PB2,803,0,3,7050,0,7053,G
1-PB2,804,6996,0,7,1,7004,A
1-PB2,805,6946,0,1,0,6947,A
1-PB2,806,8,0,6902,0,6910,G
1-PB2,807,6683,0,3,2,6688,A
1-PB2,808,0,1,6704,0,6705,G
1-PB2,809,1,1,0,6706,6708,C
1-PB2,810,1,2,1,6696,6700,C
1-PB2,811,1,1,6707,1,6710,G
1-PB2,812,0,1,0,6744,6745,C
1-PB2,813,6781,1,5,1,6788,A
1-PB2,814,2,0,7221,0,7223,G
1-PB2,815,0,7185,0,2,7187,T
1-PB2,816,7212,0,1,0,7213,A
1-PB2,817,3,7159,0,0,7162,T
1-PB2,818,0,1,0,7234,7235,C
1-PB2,819,7225,1,4,1,7231,A
1-PB2,820,1,1,7235,0,7237,G
1-PB2,821,0,2,0,7225,7227,C
1-PB2,822,6969,1,3,0,6973,A
1-PB2,823,0,1,6886,0,6887,G
1-PB2,824,6903,1,7,0,6911,A
1-PB2,825,1,6884,0,1,6886,T
1-PB2,826,2,0,0,6924,6926,C
1-PB2,827,1,0,1,6944,6946,C
1-PB2,828,6957,0,2,0,6959,A
1-PB2,829,0,0,0,6978,6978,C
1-PB2,830,0,6950,0,3,6953,T
1-PB2,831,6970,0,5,0,6975,A
1-PB2,832,1,2,6956,1,6960,G
1-PB2,833,1,1,0,6910,6912,C
1-PB2,834,6892,0,1,0,6893,A
1-PB2,835,0,6917,0,0,6917,T
1-PB2,836,0,2,0,7023,7025,C
1-PB2,837,1,6984,0,4,6989,T
1-PB2,838,0,7150,0,2,7152,T
1-PB2,839,1,7199,4,0,7204,T
1-PB2,840,7207,0,0,0,7207,A
1-PB2,841,0,7220,1,3,7224,T
1-PB2,842,0,7211,0,1,7212,T
1-PB2,843,0,1,7202,0,7203,G
1-PB2,844,3,2,7200,1,7206,G
1-PB2,845,7053,1,3,0,7057,A
1-PB2,846,1,1,7094,0,7096,G
1-PB2,847,6987,0,2,1,6990,A
1-PB2,848,0,6977,0,2,6979,T
1-PB2,849,2,1,7087,1,7091,G
1-PB2,850,4,7053,0,8,7065,T
1-PB2,851,2,1,7060,1,7064,G
1-PB2,852,0,4,0,7072,7076,C
1-PB2,853,2,5,1,7037,7045,C
1-PB2,854,7043,3,4,0,7050,A
1-PB2,855,0,2,0,7034,7036,C
1-PB2,856,6965,2,5,0,6972,A
1-PB2,857,1,0,7071,0,7072,G
1-PB2,858,0,2,0,6920,6922,C
1-PB2,859,6919,0,7,0,6926,A
1-PB2,860,1,0,0,6924,6925,C
1-PB2,861,6921,1,2,1,6925,A
1-PB2,862,2,0,0,6967,6969,C
1-PB2,863,6936,2,0,0,6938,A
1-PB2,864,6938,0,4,0,6942,A
1-PB2,865,6944,0,1,0,6945,A
1-PB2,866,0,6760,0,0,6760,T
1-PB2,867,0,6747,1,0,6748,T
1-PB2,868,3,3,6727,1,6734,G
1-PB2,869,0,0,6712,0,6712,G
1-PB2,870,0,2,0,6715,6717,C
1-PB2,871,4,4,6650,0,6658,G
1-PB2,872,1,3,6785,0,6789,G
1-PB2,873,19,6,6787,0,6812,G
1-PB2,874,6814,1,10,0,6825,A
1-PB2,875,1,2,0,6827,6830,C
1-PB2,876,6839,0,2,0,6841,A
1-PB2,877,6827,0,3,1,6831,A
1-PB2,878,6388,2,15,0,6405,A
1-PB2,879,1,0,6549,0,6550,G
1-PB2,880,6534,2,5,0,6541,A
1-PB2,881,2,6549,0,0,6551,T
1-PB2,882,0,2,6367,0,6369,G
1-PB2,883,0,0,6409,0,6409,G
1-PB2,884,1,6332,0,1,6334,T
1-PB2,885,2,4,6324,0,6330,G
1-PB2,886,1,0,6324,0,6325,G
1-PB2,887,6294,0,3,0,6297,A
1-PB2,888,0,2,0,6285,6287,C
1-PB2,889,6182,1,1,1,6185,A
1-PB2,890,0,7341,0,0,7341,T
1-PB2,891,0,7320,0,1,7321,T
1-PB2,892,2,2,0,7332,7336,C
1-PB2,893,0,7297,1,8,7306,T
1-PB2,894,0,7292,1,16,7309,T
1-PB2,895,7318,0,4,0,7322,A
1-PB2,896,0,1,7385,0,7386,G
1-PB2,897,7350,1,3,0,7354,A
1-PB2,898,0,1,1,7358,7360,C
1-PB2,899,6162,0,4,0,6166,A
1-PB2,900,0,0,6327,0,6327,G
1-PB2,901,6263,3,7,0,6273,A
1-PB2,902,6323,0,2,0,6325,A
1-PB2,903,1,0,0,6312,6313,C
1-PB2,904,2,0,0,6314,6316,C
1-PB2,905,5,2,0,6288,6295,C
1-PB2,906,3,2,6290,0,6295,G
1-PB2,907,6295,1,6,0,6302,A
1-PB2,908,0,1,0,6317,6318,C
1-PB2,909,1,6243,0,5,6249,T
1-PB2,910,3,2,6284,1,6290,G
1-PB2,911,6240,1,20,1,6262,A
1-PB2,912,6306,2,8,0,6316,A
1-PB2,913,0,1,6353,0,6354,G
1-PB2,914,6329,0,0,0,6329,A
1-PB2,915,6342,0,1,1,6344,A
1-PB2,916,0,2,0,6321,6323,C
1-PB2,917,6274,0,3,0,6277,A
1-PB2,918,6291,0,18,0,6309,A
1-PB2,919,2,0,6368,0,6370,G
1-PB2,920,1,1,0,6422,6424,C
1-PB2,921,0,6363,0,3,6366,T
1-PB2,922,1,0,6493,0,6494,G
1-PB2,923,0,6459,0,0,6459,T
1-PB2,924,1,1,6595,0,6597,G
1-PB2,925,1,1,6836,0,6838,G
1-PB2,926,6817,0,33,2,6852,A
1-PB2,927,0,6840,0,1,6841,T
1-PB2,928,6777,1,2,0,6780,A
1-PB2,929,0,6667,0,1,6668,T
1-PB2,930,6902,1,4,1,6908,A
1-PB2,931,1,6749,0,4,6754,T
1-PB2,932,3,0,6719,0,6722,G
1-PB2,933,0,4,0,6625,6629,C
1-PB2,934,6317,0,3,0,6320,A
1-PB2,935,6292,0,4,0,6296,A
1-PB2,936,4,2,6301,1,6308,G
1-PB2,937,10,1,6301,0,6312,G
1-PB2,938,0,1,0,6337,6338,C
1-PB2,939,1,6181,0,9,6191,T
1-PB2,940,4,2,6218,0,6224,G
1-PB2,941,0,0,1,6239,6240,C
1-PB2,942,6247,1,0,0,6248,A
1-PB2,943,6261,0,4,2,6267,A
1-PB2,944,0,6229,0,1,6230,T
1-PB2,945,0,4,6266,0,6270,G
1-PB2,946,2,3,6210,0,6215,G
1-PB2,947,0,2,6234,0,6236,G
1-PB2,948,6217,0,6,1,6224,A
1-PB2,949,2,6182,1,2,6187,T
1-PB2,950,0,6162,1,1,6164,T
1-PB2,951,1,3,6174,0,6178,G
1-PB2,952,6151,0,5,1,6157,A
1-PB2,953,1,2,6213,1,6217,G
1-PB2,954,6152,1,3,0,6156,A
1-PB2,955,6098,0,1,1,6100,A
1-PB2,956,0,6035,0,0,6035,T
1-PB2,957,1,1,1,6041,6044,C
1-PB2,958,6029,0,6,0,6035,A
1-PB2,959,2,1,6072,0,6075,G
1-PB2,960,2,1,0,6048,6051,C
1-PB2,961,2,5999,1,6,6008,T
1-PB2,962,1,4,0,5996,6001,C
1-PB2,963,6011,0,2,0,6013,A
1-PB2,964,1,6134,1,2,6138,T
1-PB2,965,1,0,0,6175,6176,C
1-PB2,966,2,1,0,6212,6215,C
1-PB2,967,2,6155,1,16,6174,T
1-PB2,968,1,6145,0,5,6151,T
1-PB2,969,0,0,1,6159,6160,C
1-PB2,970,6152,1,8,0,6161,A
1-PB2,971,0,0,6260,0,6260,G
1-PB2,972,0,0,0,6254,6254,C
1-PB2,973,0,6085,0,11,6096,T
1-PB2,974,1,6093,1,5,6100,T
1-PB2,975,0,6059,1,10,6070,T
1-PB2,976,0,0,6065,0,6065,G
1-PB2,977,0,0,6095,0,6095,G
1-PB2,978,1,6053,0,11,6065,T
1-PB2,979,1,3,6099,0,6103,G
1-PB2,980,0,0,6067,1,6068,G
1-PB2,981,1,0,6141,0,6142,G
1-PB2,982,1,6107,0,2,6110,T
1-PB2,983,0,6108,0,4,6112,T
1-PB2,984,0,6101,0,1,6102,T
1-PB2,985,6140,0,3,0,6143,A
1-PB2,986,0,2,0,6170,6172,C
1-PB2,987,6181,1,3,0,6185,A
1-PB2,988,0,6150,0,0,6150,T
1-PB2,989,1,5997,0,0,5998,T
1-PB2,990,2,5971,1,2,5976,T
1-PB2,991,5990,1,1,0,5992,A
1-PB2,992,5982,2,0,0,5984,A
1-PB2,993,5985,1,0,0,5986,A
1-PB2,994,5946,0,4,1,5951,A
1-PB2,995,1,3,5993,0,5997,G
1-PB2,996,5957,0,0,1,5958,A
1-PB2,997,5970,0,4,0,5974,A
1-PB2,998,0,0,0,5992,5992,C
1-PB2,999,5948,1,3,0,5952,A
1-PB2,1000,5942,1,8,2,5953,A
1-PB2,1001,0,2,5966,0,5968,G
1-PB2,1002,1,2,0,5964,5967,C
1-PB2,1003,1,1,5951,0,5953,G
1-PB2,1004,3,2,5976,0,5981,G
1-PB2,1005,0,0,5988,5,5993,G
1-PB2,1006,0,5956,0,4,5960,T
1-PB2,1007,2,11,0,5938,5951,C
1-PB2,1008,5974,5,5,1,5985,A
1-PB2,1009,2,5927,0,4,5933,T
1-PB2,1010,5,2,0,5968,5975,C
1-PB2,1011,5959,1,1,0,5961,A
1-PB2,1012,3,0,6133,0,6136,G
1-PB2,1013,0,6035,0,0,6035,T
1-PB2,1014,4,1,0,6049,6054,C
1-PB2,1015,6079,6,3,0,6088,A
1-PB2,1016,6095,1,3,1,6100,A
1-PB2,1017,6088,0,1,0,6089,A
1-PB2,1018,6103,0,0,0,6103,A
1-PB2,1019,6133,0,2,0,6135,A
1-PB2,1020,6128,1,11,1,6141,A
1-PB2,1021,4,0,6160,0,6164,G
1-PB2,1022,6136,0,2,0,6138,A
1-PB2,1023,6123,0,3,0,6126,A
1-PB2,1024,15,0,6102,2,6119,G
1-PB2,1025,6079,2,5,2,6088,A
1-PB2,1026,5897,2,17,0,5916,A
1-PB2,1027,0,5,5907,0,5912,G
1-PB2,1028,5853,0,11,1,5865,A
1-PB2,1029,3,1,5909,0,5913,G
1-PB2,1030,0,0,6135,0,6135,G
1-PB2,1031,1,6133,1,2,6137,T
1-PB2,1032,1,0,6253,0,6254,G
1-PB2,1033,0,6,0,6284,6290,C
1-PB2,1034,1,6281,0,5,6287,T
1-PB2,1035,1,6339,1,1,6342,T
1-PB2,1036,6331,1,0,0,6332,A
1-PB2,1037,0,1,0,6334,6335,C
1-PB2,1038,6264,2,20,0,6286,A
1-PB2,1039,2,1,6313,0,6316,G
1-PB2,1040,5,1,6268,0,6274,G
1-PB2,1041,1,1,0,6182,6184,C
1-PB2,1042,6100,2,1,1,6104,A
1-PB2,1043,6124,1,1,0,6126,A
1-PB2,1044,0,6249,0,2,6251,T
1-PB2,1045,1,17,1,6335,6354,C
1-PB2,1046,0,6301,0,11,6312,T
1-PB2,1047,5,7,1,6322,6335,C
1-PB2,1048,0,3,0,6328,6331,C
1-PB2,1049,6325,1,4,0,6330,A
1-PB2,1050,6316,2,4,0,6322,A
1-PB2,1051,6322,2,4,1,6329,A
1-PB2,1052,10,2,0,6354,6366,C
1-PB2,1053,6173,2,0,1,6176,A
1-PB2,1054,0,6077,2,4,6083,T
1-PB2,1055,0,6067,1,1,6069,T
1-PB2,1056,0,1,6208,0,6209,G
1-PB2,1057,6185,3,6,1,6195,A
1-PB2,1058,6278,0,3,0,6281,A
1-PB2,1059,6306,1,5,0,6312,A
1-PB2,1060,6310,1,0,1,6312,A
1-PB2,1061,0,6315,1,0,6316,T
1-PB2,1062,6314,0,4,1,6319,A
1-PB2,1063,6309,0,13,0,6322,A
1-PB2,1064,0,3,6449,0,6452,G
1-PB2,1065,6317,0,4,1,6322,A
1-PB2,1066,3,1,6589,0,6593,G
1-PB2,1067,0,6484,0,2,6486,T
1-PB2,1068,6516,1,22,0,6539,A
1-PB2,1069,1,1,0,6698,6700,C
1-PB2,1070,6630,1,5,1,6637,A
1-PB2,1071,0,6611,3,2,6616,T
1-PB2,1072,0,1,6669,0,6670,G
1-PB2,1073,6475,2,12,0,6489,A
1-PB2,1074,1,3,6581,0,6585,G
1-PB2,1075,0,0,6562,1,6563,G
1-PB2,1076,2,1,6856,0,6859,G
1-PB2,1077,10,0,6892,0,6902,G
1-PB2,1078,1,6750,2,3,6756,T
1-PB2,1079,6799,1,5,1,6806,A
1-PB2,1080,0,6747,0,4,6751,T
1-PB2,1081,3,4,6786,0,6793,G
1-PB2,1082,6762,0,7,1,6770,A
1-PB2,1083,0,2,6761,0,6763,G
1-PB2,1084,4,3,6687,0,6694,G
1-PB2,1085,6225,0,1,0,6226,A
1-PB2,1086,1,1,6418,0,6420,G
1-PB2,1087,0,6427,0,4,6431,T
1-PB2,1088,1,6627,1,7,6636,T
1-PB2,1089,3,2,0,6707,6712,C
1-PB2,1090,6706,5,7,2,6720,A
1-PB2,1091,0,2,1,6713,6716,C
1-PB2,1092,6699,1,0,0,6700,A
1-PB2,1093,6691,1,9,1,6702,A
1-PB2,1094,0,6680,2,9,6691,T
1-PB2,1095,1,0,6557,0,6558,G
1-PB2,1096,0,0,6598,0,6598,G
1-PB2,1097,1,6378,0,2,6381,T
1-PB2,1098,3,9,6376,0,6388,G
1-PB2,1099,2,0,6419,1,6422,G
1-PB2,1100,1,2,6392,0,6395,G
1-PB2,1101,0,1,6451,0,6452,G
1-PB2,1102,6401,1,3,0,6405,A
1-PB2,1103,6405,0,3,0,6408,A
1-PB2,1104,6399,1,2,0,6402,A
1-PB2,1105,6286,1,10,0,6297,A
1-PB2,1106,2,2,6379,0,6383,G
1-PB2,1107,6297,0,9,0,6306,A
1-PB2,1108,1,0,6366,0,6367,G
1-PB2,1109,0,0,1,6357,6358,C
1-PB2,1110,6295,0,2,0,6297,A
1-PB2,1111,6309,2,4,0,6315,A
1-PB2,1112,0,0,0,6520,6520,C
1-PB2,1113,6512,0,5,0,6517,A
1-PB2,1114,2,1,6641,0,6644,G
1-PB2,1115,1,2,0,6584,6587,C
1-PB2,1116,0,6543,1,8,6552,T
1-PB2,1117,6787,0,2,0,6789,A
1-PB2,1118,1,6764,0,1,6766,T
1-PB2,1119,6813,0,1,0,6814,A
1-PB2,1120,2,15,0,6788,6805,C
1-PB2,1121,0,6400,0,4,6404,T
1-PB2,1122,6461,0,0,0,6461,A
1-PB2,1123,6324,1,3,0,6328,A
1-PB2,1124,0,0,6344,0,6344,G
1-PB2,1125,6313,1,0,0,6314,A
1-PB2,1126,6105,2,1,0,6108,A
1-PB2,1127,6096,0,1,0,6097,A
1-PB2,1128,6074,0,10,1,6085,A
1-PB2,1129,4,2,6092,0,6098,G
1-PB2,1130,0,1,0,6078,6079,C
1-PB2,1131,6044,0,2,0,6046,A
1-PB2,1132,6057,0,4,0,6061,A
1-PB2,1133,0,5,1,6083,6089,C
1-PB2,1134,1,1,1,6094,6097,C
1-PB2,1135,6103,1,1,0,6105,A
1-PB2,1136,0,2,6147,0,6149,G
1-PB2,1137,6113,0,5,0,6118,A
1-PB2,1138,6112,1,0,0,6113,A
1-PB2,1139,3,0,6199,0,6202,G
1-PB2,1140,6146,0,1,0,6147,A
1-PB2,1141,0,6120,0,0,6120,T
1-PB2,1142,0,6108,0,1,6109,T
1-PB2,1143,1,1,6129,0,6131,G
1-PB2,1144,1,0,6247,1,6249,G
1-PB2,1145,1,6219,0,12,6232,T
1-PB2,1146,2,6213,0,3,6218,T
1-PB2,1147,1,1,0,6228,6230,C
1-PB2,1148,6322,1,2,1,6326,A
1-PB2,1149,1,0,6637,0,6638,G
1-PB2,1150,1,18,0,6654,6673,C
1-PB2,1151,1,6591,0,7,6599,T
1-PB2,1152,7,1,1,6706,6715,C
1-PB2,1153,6608,0,3,0,6611,A
1-PB2,1154,0,6627,0,1,6628,T
1-PB2,1155,6624,1,5,1,6631,A
1-PB2,1156,0,1,6665,0,6666,G
1-PB2,1157,0,6289,0,7,6296,T
1-PB2,1158,1,1,6280,0,6282,G
1-PB2,1159,6011,0,5,0,6016,A
1-PB2,1160,0,0,6157,0,6157,G
1-PB2,1161,1,6107,0,0,6108,T
1-PB2,1162,1,1,6090,0,6092,G
1-PB2,1163,3,0,6142,1,6146,G
1-PB2,1164,6137,2,3,0,6142,A
1-PB2,1165,6108,1,3,0,6112,A
1-PB2,1166,2,1,6138,0,6141,G
1-PB2,1167,6000,0,7,0,6007,A
1-PB2,1168,0,1,6077,0,6078,G
1-PB2,1169,6006,0,10,0,6016,A
1-PB2,1170,0,1,0,6010,6011,C
1-PB2,1171,3,1,6018,0,6022,G
1-PB2,1172,5972,0,1,0,5973,A
1-PB2,1173,5998,1,6,0,6005,A
1-PB2,1174,0,2,0,6009,6011,C
1-PB2,1175,5964,0,4,2,5970,A
1-PB2,1176,1,0,6330,0,6331,G
1-PB2,1177,0,6273,0,3,6276,T
1-PB2,1178,0,0,0,6280,6280,C
1-PB2,1179,6298,0,3,0,6301,A
1-PB2,1180,6268,1,2,2,6273,A
1-PB2,1181,1,6276,0,4,6281,T
1-PB2,1182,6264,0,1,0,6265,A
1-PB2,1183,1,1,6277,0,6279,G
1-PB2,1184,1,3,0,6227,6231,C
1-PB2,1185,0,4,0,6022,6026,C
1-PB2,1186,2,0,5982,0,5984,G
1-PB2,1187,5980,0,0,0,5980,A
1-PB2,1188,6000,0,1,1,6002,A
1-PB2,1189,0,2,6066,5,6073,G
1-PB2,1190,1,0,0,6188,6189,C
1-PB2,1191,6195,1,4,0,6200,A
1-PB2,1192,6198,0,4,0,6202,A
1-PB2,1193,0,6199,0,0,6199,T
1-PB2,1194,6219,0,3,0,6222,A
1-PB2,1195,6289,1,2,1,6293,A
1-PB2,1196,0,6242,0,2,6244,T
1-PB2,1197,1,0,0,6226,6227,C
1-PB2,1198,4,1,6176,0,6181,G
1-PB2,1199,0,5974,0,8,5982,T
1-PB2,1200,1,2,5968,0,5971,G
1-PB2,1201,2,2,6011,0,6015,G
1-PB2,1202,6,2,0,6004,6012,C
1-PB2,1203,1,6,0,6010,6017,C
1-PB2,1204,5992,1,1,1,5995,A
1-PB2,1205,0,5978,0,10,5988,T
1-PB2,1206,1,1,6011,0,6013,G
1-PB2,1207,1,1,6119,0,6121,G
1-PB2,1208,0,6047,2,5,6054,T
1-PB2,1209,1,0,6074,0,6075,G
1-PB2,1210,0,5690,3,5,5698,T
1-PB2,1211,1,5691,1,6,5699,T
1-PB2,1212,0,5702,0,2,5704,T
1-PB2,1213,0,5714,1,2,5717,T
1-PB2,1214,2,1,0,5803,5806,C
1-PB2,1215,5779,2,1,1,5783,A
1-PB2,1216,2,2,2,6103,6109,C
1-PB2,1217,5983,1,0,1,5985,A
1-PB2,1218,6004,0,13,0,6017,A
1-PB2,1219,1,0,6054,0,6055,G
1-PB2,1220,5936,2,7,1,5946,A
1-PB2,1221,385,2,5628,1,6016,G
1-PB2,1222,0,1,6065,1,6067,G
1-PB2,1223,5941,0,3,0,5944,A
1-PB2,1224,1,5961,0,4,5966,T
1-PB2,1225,1,5743,0,1,5745,T
1-PB2,1226,0,2,5721,0,5723,G
1-PB2,1227,0,0,1,5583,5584,C
1-PB2,1228,5627,0,5,0,5632,A
1-PB2,1229,0,5659,0,4,5663,T
1-PB2,1230,2,1,5881,3,5887,G
1-PB2,1231,5910,1,1,0,5912,A
1-PB2,1232,1,5947,0,0,5948,T
1-PB2,1233,5923,1,0,0,5924,A
1-PB2,1234,5918,1,2,0,5921,A
1-PB2,1235,5895,3,4,0,5902,A
1-PB2,1236,5915,0,8,0,5923,A
1-PB2,1237,3,1,5944,0,5948,G
1-PB2,1238,0,2,0,6074,6076,C
1-PB2,1239,6089,2,14,0,6105,A
1-PB2,1240,1,0,6306,0,6307,G
1-PB2,1241,2,6272,0,3,6277,T
1-PB2,1242,0,6268,0,0,6268,T
1-PB2,1243,6280,1,2,0,6283,A
1-PB2,1244,0,1,6321,0,6322,G
1-PB2,1245,6246,0,3,2,6251,A
1-PB2,1246,11,1,6272,0,6284,G
1-PB2,1247,6,0,6240,1,6247,G
1-PB2,1248,0,5980,0,3,5983,T
1-PB2,1249,0,3,5997,0,6000,G
1-PB2,1250,6019,0,2,0,6021,A
1-PB2,1251,1,1,1,6044,6047,C
1-PB2,1252,3,1,0,6062,6066,C
1-PB2,1253,1,6010,1,13,6025,T
1-PB2,1254,0,1,6062,0,6063,G
1-PB2,1255,6052,0,2,0,6054,A
1-PB2,1256,6054,0,0,0,6054,A
1-PB2,1257,0,6054,1,0,6055,T
1-PB2,1258,0,6095,0,3,6098,T
1-PB2,1259,0,6119,0,2,6121,T
1-PB2,1260,2,2,1,6106,6111,C
1-PB2,1261,3,2,6112,0,6117,G
1-PB2,1262,0,6100,0,8,6108,T
1-PB2,1263,4,5,1,6095,6105,C
1-PB2,1264,6105,1,3,0,6109,A
1-PB2,1265,6117,1,1,1,6120,A
1-PB2,1266,1,1,0,6110,6112,C
1-PB2,1267,6033,0,0,0,6033,A
1-PB2,1268,0,0,6119,0,6119,G
1-PB2,1269,6069,0,5,0,6074,A
1-PB2,1270,2,0,6092,0,6094,G
1-PB2,1271,0,1,1,6100,6102,C
1-PB2,1272,6086,1,4,0,6091,A
1-PB2,1273,6157,0,4,0,6161,A
1-PB2,1274,6161,1,1,0,6163,A
1-PB2,1275,0,6129,0,1,6130,T
1-PB2,1276,1,0,0,6160,6161,C
1-PB2,1277,6102,1,2,0,6105,A
1-PB2,1278,0,1,6102,0,6103,G
1-PB2,1279,0,1,0,6113,6114,C
1-PB2,1280,4,2,6113,0,6119,G
1-PB2,1281,2,0,6535,0,6537,G
1-PB2,1282,0,6485,1,5,6491,T
1-PB2,1283,1,6498,0,0,6499,T
1-PB2,1284,0,2,6512,2,6516,G
1-PB2,1285,6496,1,5,1,6503,A
1-PB2,1286,6575,0,7,0,6582,A
1-PB2,1287,1,0,0,6603,6604,C
1-PB2,1288,3,1,1,6573,6578,C
1-PB2,1289,3,0,0,6620,6623,C
1-PB2,1290,1,4,1,6317,6323,C
1-PB2,1291,6354,0,6,1,6361,A
1-PB2,1292,0,6400,1,2,6403,T
1-PB2,1293,0,0,6404,0,6404,G
1-PB2,1294,0,0,0,6431,6431,C
1-PB2,1295,6383,1,0,0,6384,A
1-PB2,1296,0,6328,0,12,6340,T
1-PB2,1297,0,1,0,6335,6336,C
1-PB2,1298,6283,1,2,0,6286,A
1-PB2,1299,2,0,6385,0,6387,G
1-PB2,1300,1,3,0,6398,6402,C
1-PB2,1301,0,6372,0,9,6381,T
1-PB2,1302,0,6368,2,1,6371,T
1-PB2,1303,0,6328,0,1,6329,T
1-PB2,1304,0,6360,1,2,6363,T
1-PB2,1305,6359,0,2,0,6361,A
1-PB2,1306,6352,0,5,0,6357,A
1-PB2,1307,1,1,6360,0,6362,G
1-PB2,1308,1,2,6285,0,6288,G
1-PB2,1309,0,2,0,6229,6231,C
1-PB2,1310,6217,0,1,0,6218,A
1-PB2,1311,0,6224,0,4,6228,T
1-PB2,1312,0,6254,0,3,6257,T
1-PB2,1313,0,6230,0,1,6231,T
1-PB2,1314,0,6265,0,1,6266,T
1-PB2,1315,0,1,0,6285,6286,C
1-PB2,1316,6258,0,7,0,6265,A
1-PB2,1317,1,0,6262,0,6263,G
1-PB2,1318,6242,0,2,0,6244,A
1-PB2,1319,6233,0,1,0,6234,A
1-PB2,1320,6214,1,5,0,6220,A
1-PB2,1321,0,0,6255,0,6255,G
1-PB2,1322,6308,0,4,1,6313,A
1-PB2,1323,1,6309,0,2,6312,T
1-PB2,1324,2,0,6318,0,6320,G
1-PB2,1325,1,3,1,6319,6324,C
1-PB2,1326,1,0,6337,0,6338,G
1-PB2,1327,6328,2,2,0,6332,A
1-PB2,1328,6316,1,3,0,6320,A
1-PB2,1329,6320,2,4,0,6326,A
1-PB2,1330,1,0,6338,0,6339,G
1-PB2,1331,1,6256,0,2,6259,T
1-PB2,1332,4,0,6259,0,6263,G
1-PB2,1333,1,3,0,6221,6225,C
1-PB2,1334,1,6237,1,6,6245,T
1-PB2,1335,0,6252,0,3,6255,T
1-PB2,1336,0,6274,0,1,6275,T
1-PB2,1337,1,6260,1,8,6270,T
1-PB2,1338,1,6257,2,4,6264,T
1-PB2,1339,2,3,0,6264,6269,C
1-PB2,1340,6278,0,6,0,6284,A
1-PB2,1341,6311,0,2,0,6313,A
1-PB2,1342,6284,2,0,2,6288,A
1-PB2,1343,6327,0,1,0,6328,A
1-PB2,1344,1,6316,0,2,6319,T
1-PB2,1345,0,6334,1,1,6336,T
1-PB2,1346,0,6,6341,1,6348,G
1-PB2,1347,1,3,6334,0,6338,G
1-PB2,1348,12,1,6319,0,6332,G
1-PB2,1349,0,1,6464,0,6465,G
1-PB2,1350,6402,0,8,0,6410,A
1-PB2,1351,0,0,6589,0,6589,G
1-PB2,1352,1,6544,0,7,6552,T
1-PB2,1353,1,6544,0,9,6554,T
1-PB2,1354,1,1,6594,0,6596,G
1-PB2,1355,6579,2,17,0,6598,A
1-PB2,1356,6613,0,9,0,6622,A
1-PB2,1357,0,0,0,6808,6808,C
1-PB2,1358,6756,1,5,1,6763,A
1-PB2,1359,0,0,0,6969,6969,C
1-PB2,1360,6857,0,2,0,6859,A
1-PB2,1361,0,6846,0,2,6848,T
1-PB2,1362,0,1,0,6896,6897,C
1-PB2,1363,4,2,6885,0,6891,G
1-PB2,1364,6922,3,4,0,6929,A
1-PB2,1365,1,0,0,6917,6918,C
1-PB2,1366,6684,0,0,1,6685,A
1-PB2,1367,1,0,6941,0,6942,G
1-PB2,1368,1,6715,1,9,6726,T
1-PB2,1369,0,0,6847,0,6847,G
1-PB2,1370,4,6797,0,6,6807,T
1-PB2,1371,1,0,6821,0,6822,G
1-PB2,1372,6808,0,12,0,6820,A
1-PB2,1373,0,6766,2,3,6771,T
1-PB2,1374,1,3,6791,1,6796,G
1-PB2,1375,3,0,6796,1,6800,G
1-PB2,1376,1,2,6735,0,6738,G
1-PB2,1377,6661,0,13,0,6674,A
1-PB2,1378,6640,1,2,1,6644,A
1-PB2,1379,0,6655,0,3,6658,T
1-PB2,1380,0,2,6753,1,6756,G
1-PB2,1381,6770,2,2,0,6774,A
1-PB2,1382,0,6779,0,0,6779,T
1-PB2,1383,1,6753,0,8,6762,T
1-PB2,1384,4,4,6725,1,6734,G
1-PB2,1385,0,3,6957,0,6960,G
1-PB2,1386,6922,2,6,0,6930,A
1-PB2,1387,1,0,7069,0,7070,G
1-PB2,1388,2,6991,0,3,6996,T
1-PB2,1389,6942,1,1,0,6944,A
1-PB2,1390,0,6986,0,4,6990,T
1-PB2,1391,0,7071,1,1,7073,T
1-PB2,1392,7153,1,5,1,7160,A
1-PB2,1393,1,0,1,7177,7179,C
1-PB2,1394,0,4,0,7030,7034,C
1-PB2,1395,6971,1,2,0,6974,A
1-PB2,1396,11,0,7038,0,7049,G
1-PB2,1397,7221,0,1,0,7222,A
1-PB2,1398,1,7170,2,5,7178,T
1-PB2,1399,7142,0,3,0,7145,A
1-PB2,1400,2,7060,1,6,7069,T
1-PB2,1401,6,1,7033,0,7040,G
1-PB2,1402,7049,0,9,0,7058,A
1-PB2,1403,0,0,0,7121,7121,C
1-PB2,1404,2,7050,0,10,7062,T
1-PB2,1405,4,1,0,7065,7070,C
1-PB2,1406,1,0,1,6990,6992,C
1-PB2,1407,7025,1,6,0,7032,A
1-PB2,1408,7037,1,6,0,7044,A
1-PB2,1409,2,0,7221,0,7223,G
1-PB2,1410,1,0,0,7183,7184,C
1-PB2,1411,7211,1,3,0,7215,A
1-PB2,1412,0,0,0,7191,7191,C
1-PB2,1413,7137,0,4,1,7142,A
1-PB2,1414,1,1,7146,0,7148,G
1-PB2,1415,7120,0,0,1,7121,A
1-PB2,1416,0,0,7205,0,7205,G
1-PB2,1417,7238,0,3,0,7241,A
1-PB2,1418,0,7061,0,3,7064,T
1-PB2,1419,1,0,7204,0,7205,G
1-PB2,1420,1,7171,1,3,7176,T
1-PB2,1421,0,1,0,7156,7157,C
1-PB2,1422,7202,0,15,0,7217,A
1-PB2,1423,7204,0,0,0,7204,A
1-PB2,1424,1,7192,0,3,7196,T
1-PB2,1425,0,5,7198,0,7203,G
1-PB2,1426,7057,0,3,0,7060,A
1-PB2,1427,1,0,7143,0,7144,G
1-PB2,1428,6987,0,14,0,7001,A
1-PB2,1429,2,1,7059,0,7062,G
1-PB2,1430,0,1,7494,0,7495,G
1-PB2,1431,7496,0,1,0,7497,A
1-PB2,1432,7516,1,3,0,7520,A
1-PB2,1433,0,7516,0,3,7519,T
1-PB2,1434,7512,0,2,0,7514,A
1-PB2,1435,7487,0,7,3,7497,A
1-PB2,1436,0,2,7500,0,7502,G
1-PB2,1437,7427,2,5,0,7434,A
1-PB2,1438,0,0,7453,0,7453,G
1-PB2,1439,3,7012,0,3,7018,T
1-PB2,1440,1,2,0,7068,7071,C
1-PB2,1441,7048,0,5,3,7056,A
1-PB2,1442,3,0,7103,0,7106,G
1-PB2,1443,1,0,0,7125,7126,C
1-PB2,1444,7123,0,3,0,7126,A
1-PB2,1445,7122,0,21,2,7145,A
1-PB2,1446,7114,0,0,0,7114,A
1-PB2,1447,7132,1,0,2,7135,A
1-PB2,1448,2,7135,0,0,7137,T
1-PB2,1449,0,1,7142,0,7143,G
1-PB2,1450,0,1,7113,0,7114,G
1-PB2,1451,4,0,7162,0,7166,G
1-PB2,1452,1,7047,1,6,7055,T
1-PB2,1453,3,0,7068,0,7071,G
1-PB2,1454,1,7052,0,2,7055,T
1-PB2,1455,3,0,7088,0,7091,G
1-PB2,1456,1,1,7200,0,7202,G
1-PB2,1457,7208,0,0,0,7208,A
1-PB2,1458,1,7160,0,3,7164,T
1-PB2,1459,1,5,7233,0,7239,G
1-PB2,1460,7178,0,4,1,7183,A
1-PB2,1461,7219,1,5,0,7225,A
1-PB2,1462,0,7220,0,2,7222,T
1-PB2,1463,7225,0,2,0,7227,A
1-PB2,1464,0,0,0,7795,7795,C
1-PB2,1465,1,7578,0,7,7586,T
1-PB2,1466,5,1,1,7743,7750,C
1-PB2,1467,1,1,1,7740,7743,C
1-PB2,1468,7665,1,1,0,7667,A
1-PB2,1469,2,0,7999,0,8001,G
1-PB2,1470,2,7948,0,3,7953,T
1-PB2,1471,8036,0,1,0,8037,A
1-PB2,1472,0,2,0,8061,8063,C
1-PB2,1473,7228,2,12,0,7242,A
1-PB2,1474,4,0,7270,0,7274,G
1-PB2,1475,6991,0,4,0,6995,A
1-PB2,1476,0,3,7083,0,7086,G
1-PB2,1477,6918,0,10,0,6928,A
1-PB2,1478,2,1,6758,1,6762,G
1-PB2,1479,0,0,6740,0,6740,G
1-PB2,1480,1,1,6734,0,6736,G
1-PB2,1481,0,6564,0,4,6568,T
1-PB2,1482,1,0,6574,0,6575,G
1-PB2,1483,2,3,6607,0,6612,G
1-PB2,1484,0,6528,0,1,6529,T
1-PB2,1485,0,0,6697,1,6698,G
1-PB2,1486,1,0,6710,0,6711,G
1-PB2,1487,1,6530,0,6,6537,T
1-PB2,1488,0,6520,0,5,6525,T
1-PB2,1489,6450,1,5,0,6456,A
1-PB2,1490,0,0,6497,0,6497,G
1-PB2,1491,2,2,0,6473,6477,C
1-PB2,1492,6481,0,1,1,6483,A
1-PB2,1493,0,6460,0,1,6461,T
1-PB2,1494,0,6102,0,0,6102,T
1-PB2,1495,0,1,6107,4,6112,G
1-PB2,1496,6084,1,1,0,6086,A
1-PB2,1497,1,6091,1,5,6098,T
1-PB2,1498,4,7,1,6116,6128,C
1-PB2,1499,0,1,6073,0,6074,G
1-PB2,1500,0,0,6186,0,6186,G
1-PB2,1501,1,6137,2,2,6142,T
1-PB2,1502,0,6141,1,7,6149,T
1-PB2,1503,0,6154,0,1,6155,T
1-PB2,1504,0,6145,1,0,6146,T
1-PB2,1505,0,6150,1,3,6154,T
1-PB2,1506,1,0,6161,0,6162,G
1-PB2,1507,6091,1,5,0,6097,A
1-PB2,1508,0,0,6164,0,6164,G
1-PB2,1509,5870,0,3,0,5873,A
1-PB2,1510,7,0,5918,0,5925,G
1-PB2,1511,1,5924,0,6,5931,T
1-PB2,1512,0,5905,0,3,5908,T
1-PB2,1513,4,1,0,5921,5926,C
1-PB2,1514,2,1,5928,0,5931,G
1-PB2,1515,5923,2,5,0,5930,A
1-PB2,1516,1,3,5930,0,5934,G
1-PB2,1517,5927,0,6,0,5933,A
1-PB2,1518,0,2,0,5921,5923,C
1-PB2,1519,1,2,0,5856,5859,C
1-PB2,1520,5815,0,4,0,5819,A
1-PB2,1521,5884,0,1,0,5885,A
1-PB2,1522,5,0,0,5892,5897,C
1-PB2,1523,1,0,5902,0,5903,G
1-PB2,1524,0,5860,0,4,5864,T
1-PB2,1525,1,6,5850,1,5858,G
1-PB2,1526,1,0,5894,0,5895,G
1-PB2,1527,2,1,5912,0,5915,G
1-PB2,1528,5834,2,7,1,5844,A
1-PB2,1529,5879,0,0,0,5879,A
1-PB2,1530,0,5663,1,1,5665,T
1-PB2,1531,1,0,5817,0,5818,G
1-PB2,1532,0,5794,0,1,5795,T
1-PB2,1533,5771,0,1,6,5778,A
1-PB2,1534,0,5,0,5581,5586,C
1-PB2,1535,1,5663,0,6,5670,T
1-PB2,1536,5792,0,1,0,5793,A
1-PB2,1537,0,5778,2,2,5782,T
1-PB2,1538,0,5722,0,2,5724,T
1-PB2,1539,5731,0,0,1,5732,A
1-PB2,1540,0,5106,0,7,5113,T
1-PB2,1541,0,0,0,5274,5274,C
1-PB2,1542,0,5194,0,6,5200,T
1-PB2,1543,1,1,0,5131,5133,C
1-PB2,1544,0,11,0,5124,5135,C
1-PB2,1545,0,4854,0,3,4857,T
1-PB2,1546,0,2,4870,0,4872,G
1-PB2,1547,4818,1,5,0,4824,A
1-PB2,1548,1,0,4843,0,4844,G
1-PB2,1549,0,2,4846,0,4848,G
1-PB2,1550,4262,0,2,0,4264,A
1-PB2,1551,0,0,4293,0,4293,G
1-PB2,1552,0,0,4261,0,4261,G
1-PB2,1553,2,4107,0,4,4113,T
1-PB2,1554,1,3,0,4121,4125,C
1-PB2,1555,4091,0,2,0,4093,A
1-PB2,1556,2,0,4129,0,4131,G
1-PB2,1557,2,4115,0,0,4117,T
1-PB2,1558,1,1,4120,0,4122,G
1-PB2,1559,4100,0,5,0,4105,A
1-PB2,1560,3967,1,1,0,3969,A
1-PB2,1561,3979,1,1,0,3981,A
1-PB2,1562,0,0,0,3984,3984,C
1-PB2,1563,3937,0,2,0,3939,A
1-PB2,1564,0,2,0,3936,3938,C
1-PB2,1565,3673,2,3,0,3678,A
1-PB2,1566,0,2,3679,0,3681,G
1-PB2,1567,3,0,3665,1,3669,G
1-PB2,1568,2,0,3676,0,3678,G
1-PB2,1569,3664,0,0,0,3664,A
1-PB2,1570,3615,1,3,0,3619,A
1-PB2,1571,0,1,0,3633,3634,C
1-PB2,1572,0,3559,0,2,3561,T
1-PB2,1573,0,0,3564,0,3564,G
1-PB2,1574,3515,0,3,0,3518,A
1-PB2,1575,0,1,3533,0,3534,G
1-PB2,1576,3422,0,6,0,3428,A
1-PB2,1577,1,0,3204,0,3205,G
1-PB2,1578,3179,1,3,0,3183,A
1-PB2,1579,0,0,0,3170,3170,C
1-PB2,1580,1,3014,0,1,3016,T
1-PB2,1581,0,0,3041,0,3041,G
1-PB2,1582,3027,0,2,0,3029,A
1-PB2,1583,1,1,0,3025,3027,C
1-PB2,1584,3006,0,0,0,3006,A
1-PB2,1585,3008,1,0,0,3009,A
1-PB2,1586,0,2992,0,0,2992,T
1-PB2,1587,2958,0,8,0,2966,A
1-PB2,1588,2964,1,1,0,2966,A
1-PB2,1589,0,0,0,2962,2962,C
1-PB2,1590,0,2670,0,3,2673,T
1-PB2,1591,0,2616,0,1,2617,T
1-PB2,1592,2556,0,3,1,2560,A
1-PB2,1593,0,2552,0,2,2554,T
1-PB2,1594,0,2550,0,0,2550,T
1-PB2,1595,0,0,0,2541,2541,C
1-PB2,1596,2260,0,1,0,2261,A
1-PB2,1597,0,2251,0,1,2252,T
1-PB2,1598,1,1,0,2118,2120,C
1-PB2,1599,0,0,2116,0,2116,G
1-PB2,1600,0,2114,0,1,2115,T
1-PB2,1601,0,2,0,2061,2063,C
1-PB2,1602,0,1,2061,0,2062,G
1-PB2,1603,2060,0,3,0,2063,A
1-PB2,1604,0,2057,0,0,2057,T
1-PB2,1605,0,1,2046,0,2047,G
1-PB2,1606,2026,0,2,0,2028,A
1-PB2,1607,1,2021,0,0,2022,T
1-PB2,1608,7,0,2010,0,2017,G
1-PB2,1609,0,1884,5,1,1890,T
1-PB2,1610,5,0,1875,0,1880,G
1-PB2,1611,0,1,1885,0,1886,G
1-PB2,1612,0,0,1877,0,1877,G
1-PB2,1613,1785,0,1,0,1786,A
1-PB2,1614,0,1,1769,0,1770,G
1-PB2,1615,1537,1,0,0,1538,A
1-PB2,1616,0,1470,0,0,1470,T
1-PB2,1617,0,1372,0,0,1372,T
1-PB2,1618,1363,0,1,0,1364,A
1-PB2,1619,1354,0,1,0,1355,A
1-PB2,1620,0,0,0,1323,1323,C
1-PB2,1621,0,0,1132,0,1132,G
1-PB2,1622,0,0,1124,1,1125,G
1-PB2,1623,0,776,0,0,776,T
1-PB2,1624,0,0,0,754,754,C
1-PB2,1625,0,1,0,753,754,C
1-PB2,1626,0,641,0,0,641,T
1-PB2,1627,1,0,697,0,698,G
1-PB2,1628,693,0,1,0,694,A
1-PB2,1629,0,0,709,0,709,G
1-PB2,1630,0,708,0,0,708,T
1-PB2,1631,0,0,0,687,687,C
1-PB2,1632,0,0,692,0,692,G
1-PB2,1633,0,0,704,0,704,G
1-PB2,1634,0,700,1,0,701,T
1-PB2,1635,0,702,0,0,702,T
1-PB2,1636,0,699,0,0,699,T
1-PB2,1637,0,702,0,0,702,T
1-PB2,1638,0,0,718,0,718,G
1-PB2,1639,0,0,720,0,720,G
1-PB2,1640,0,723,0,0,723,T
1-PB2,1641,0,0,0,718,718,C
1-PB2,1642,704,0,0,0,704,A
1-PB2,1643,722,0,0,0,722,A
1-PB2,1644,0,720,0,0,720,T
1-PB2,1645,726,0,0,0,726,A
1-PB2,1646,0,0,0,737,737,C
1-PB2,1647,0,0,0,717,717,C
1-PB2,1648,0,717,1,0,718,T
1-PB2,1649,733,0,0,0,733,A
1-PB2,1650,0,730,0,0,730,T
1-PB2,1651,0,0,0,732,732,C
1-PB2,1652,709,0,0,0,709,A
1-PB2,1653,711,0,0,0,711,A
1-PB2,1654,0,712,0,1,713,T
1-PB2,1655,0,1,685,0,686,G
1-PB2,1656,0,3,681,0,684,G
1-PB2,1657,676,0,1,0,677,A
1-PB2,1658,0,666,0,0,666,T
1-PB2,1659,0,0,0,669,669,C
1-PB2,1660,668,0,0,0,668,A
1-PB2,1661,0,669,0,0,669,T
1-PB2,1662,1,0,0,672,673,C
1-PB2,1663,669,0,1,0,670,A
1-PB2,1664,0,0,672,0,672,G
1-PB2,1665,669,0,0,0,669,A
1-PB2,1666,667,0,0,0,667,A
1-PB2,1667,670,0,0,0,670,A
1-PB2,1668,0,671,0,0,671,T
1-PB2,1669,0,663,0,0,663,T
1-PB2,1670,0,0,665,0,665,G
1-PB2,1671,1,1,656,0,658,G
1-PB2,1672,0,0,660,0,660,G
1-PB2,1673,657,0,1,0,658,A
1-PB2,1674,655,0,2,0,657,A
1-PB2,1675,1,0,663,0,664,G
1-PB2,1676,0,0,0,660,660,C
1-PB2,1677,1,661,1,0,663,T
1-PB2,1678,665,0,0,0,665,A
1-PB2,1679,0,666,0,0,666,T
1-PB2,1680,0,0,0,667,667,C
1-PB2,1681,666,0,0,0,666,A
1-PB2,1682,669,0,0,0,669,A
1-PB2,1683,667,0,0,0,667,A
1-PB2,1684,671,0,0,0,671,A
1-PB2,1685,0,673,0,0,673,T
1-PB2,1686,0,673,0,1,674,T
1-PB2,1687,0,1,0,667,668,C
1-PB2,1688,668,0,0,0,668,A
1-PB2,1689,668,0,0,0,668,A
1-PB2,1690,0,667,0,0,667,T
1-PB2,1691,1,0,665,0,666,G
1-PB2,1692,0,0,673,0,673,G
1-PB2,1693,0,681,0,0,681,T
1-PB2,1694,1,0,0,688,689,C
1-PB2,1695,0,688,1,0,689,T
1-PB2,1696,0,0,0,687,687,C
1-PB2,1697,690,0,0,0,690,A
1-PB2,1698,0,0,688,0,688,G
1-PB2,1699,687,0,0,0,687,A
1-PB2,1700,694,0,0,0,694,A
1-PB2,1701,0,675,0,0,675,T
1-PB2,1702,0,0,0,647,647,C
1-PB2,1703,0,0,0,661,661,C
1-PB2,1704,0,656,0,4,660,T
1-PB2,1705,0,0,660,0,660,G
1-PB2,1706,0,0,0,663,663,C
1-PB2,1707,656,0,0,0,656,A
1-PB2,1708,666,0,0,0,666,A
1-PB2,1709,0,654,0,0,654,T
1-PB2,1710,0,0,674,0,674,G
1-PB2,1711,0,673,0,0,673,T
1-PB2,1712,0,655,0,0,655,T
1-PB2,1713,0,0,666,0,666,G
1-PB2,1714,0,665,0,0,665,T
1-PB2,1715,663,0,0,0,663,A
1-PB2,1716,0,0,0,667,667,C
1-PB2,1717,648,0,1,0,649,A
1-PB2,1718,654,0,0,0,654,A
1-PB2,1719,0,0,0,649,649,C
1-PB2,1720,624,0,0,0,624,A
1-PB2,1721,623,0,0,0,623,A
1-PB2,1722,609,0,0,0,609,A
1-PB2,1723,609,0,0,0,609,A
1-PB2,1724,0,608,0,0,608,T
1-PB2,1725,0,0,609,0,609,G
1-PB2,1726,0,0,610,0,610,G
1-PB2,1727,607,0,0,0,607,A
1-PB2,1728,609,0,0,0,609,A
1-PB2,1729,0,605,0,1,606,T
1-PB2,1730,0,604,0,0,604,T
1-PB2,1731,0,606,0,0,606,T
1-PB2,1732,1,1,604,0,606,G
1-PB2,1733,607,0,0,0,607,A
1-PB2,1734,607,0,0,0,607,A
1-PB2,1735,0,1,0,605,606,C
1-PB2,1736,1,1,0,596,598,C
1-PB2,1737,600,0,0,0,600,A
1-PB2,1738,0,608,0,0,608,T
1-PB2,1739,0,604,0,0,604,T
1-PB2,1740,0,607,0,1,608,T
1-PB2,1741,0,0,0,606,606,C
1-PB2,1742,606,0,0,0,606,A
1-PB2,1743,607,0,0,0,607,A
1-PB2,1744,0,608,0,1,609,T
1-PB2,1745,0,0,0,615,615,C
1-PB2,1746,0,597,0,1,598,T
1-PB2,1747,0,596,0,0,596,T
1-PB2,1748,0,599,0,0,599,T
1-PB2,1749,600,0,0,0,600,A
1-PB2,1750,0,0,602,0,602,G
1-PB2,1751,1,599,0,0,600,T
1-PB2,1752,1,0,0,606,607,C
1-PB2,1753,0,0,0,609,609,C
1-PB2,1754,0,0,0,598,598,C
1-PB2,1755,0,0,0,604,604,C
1-PB2,1756,605,0,0,0,605,A
1-PB2,1757,604,0,0,0,604,A
1-PB2,1758,0,0,609,0,609,G
1-PB2,1759,0,1,600,0,601,G
1-PB2,1760,0,0,0,603,603,C
1-PB2,1761,0,1,0,593,594,C
1-PB2,1762,595,0,0,0,595,A
1-PB2,1763,0,603,0,0,603,T
1-PB2,1764,0,601,0,0,601,T
1-PB2,1765,601,0,0,1,602,A
1-PB2,1766,0,0,602,0,602,G
1-PB2,1767,584,0,0,0,584,A
1-PB2,1768,599,0,2,0,601,A
1-PB2,1769,1,0,616,0,617,G
1-PB2,1770,0,0,0,613,613,C
1-PB2,1771,1,0,0,612,613,C
1-PB2,1772,611,0,0,0,611,A
1-PB2,1773,622,0,1,0,623,A
1-PB2,1774,0,623,0,0,623,T
1-PB2,1775,627,0,1,0,628,A
1-PB2,1776,0,0,0,633,633,C
1-PB2,1777,581,0,0,0,581,A
1-PB2,1778,0,0,581,0,581,G
1-PB2,1779,0,563,0,0,563,T
1-PB2,1780,0,0,565,0,565,G
1-PB2,1781,0,0,564,0,564,G
1-PB2,1782,0,0,565,0,565,G
1-PB2,1783,0,556,0,0,556,T
1-PB2,1784,0,548,0,0,548,T
1-PB2,1785,0,555,0,0,555,T
1-PB2,1786,0,0,565,0,565,G
1-PB2,1787,0,566,0,0,566,T
1-PB2,1788,0,0,0,567,567,C
1-PB2,1789,557,0,0,0,557,A
1-PB2,1790,0,0,558,0,558,G
1-PB2,1791,546,0,0,0,546,A
1-PB2,1792,552,0,0,0,552,A
1-PB2,1793,0,1,0,555,556,C
1-PB2,1794,0,538,0,0,538,T
1-PB2,1795,0,0,0,545,545,C
1-PB2,1796,0,548,0,1,549,T
1-PB2,1797,555,0,0,0,555,A
1-PB2,1798,0,555,0,0,555,T
1-PB2,1799,0,552,0,0,552,T
1-PB2,1800,0,0,0,554,554,C
1-PB2,1801,0,1,0,545,546,C
1-PB2,1802,540,0,0,0,540,A
1-PB2,1803,545,0,0,0,545,A
1-PB2,1804,0,0,0,543,543,C
1-PB2,1805,541,0,0,0,541,A
1-PB2,1806,538,0,0,0,538,A
1-PB2,1807,538,0,0,0,538,A
1-PB2,1808,0,538,0,1,539,T
1-PB2,1809,0,1,542,0,543,G
1-PB2,1810,531,0,1,0,532,A
1-PB2,1811,0,0,545,0,545,G
1-PB2,1812,537,0,1,0,538,A
1-PB2,1813,0,0,542,0,542,G
1-PB2,1814,535,0,1,0,536,A
1-PB2,1815,0,0,0,533,533,C
1-PB2,1816,0,0,536,0,536,G
1-PB2,1817,0,535,1,0,536,T
1-PB2,1818,538,0,0,0,538,A
1-PB2,1819,0,1,0,533,534,C
1-PB2,1820,1,529,0,0,530,T
1-PB2,1821,0,531,0,0,531,T
1-PB2,1822,0,0,527,0,527,G
1-PB2,1823,0,0,527,0,527,G
1-PB2,1824,0,0,527,0,527,G
1-PB2,1825,523,0,0,0,523,A
1-PB2,1826,0,0,0,525,525,C
1-PB2,1827,528,0,0,0,528,A
1-PB2,1828,1,527,0,0,528,T
1-PB2,1829,0,530,0,0,530,T
1-PB2,1830,0,529,0,0,529,T
1-PB2,1831,0,0,519,0,519,G
1-PB2,1832,526,0,0,0,526,A
1-PB2,1833,0,0,0,527,527,C
1-PB2,1834,527,0,0,0,527,A
1-PB2,1835,0,0,0,528,528,C
1-PB2,1836,0,0,0,512,512,C
1-PB2,1837,523,0,0,0,523,A
1-PB2,1838,0,0,0,528,528,C
1-PB2,1839,0,0,0,529,529,C
1-PB2,1840,1,0,0,527,528,C
1-PB2,1841,532,0,0,0,532,A
1-PB2,1842,0,0,543,0,543,G
1-PB2,1843,542,1,0,0,543,A
1-PB2,1844,0,573,0,0,573,T
1-PB2,1845,560,0,0,0,560,A
1-PB2,1846,560,0,0,0,560,A
1-PB2,1847,0,553,0,0,553,T
1-PB2,1848,552,0,0,0,552,A
1-PB2,1849,552,0,0,0,552,A
1-PB2,1850,549,0,0,0,549,A
1-PB2,1851,0,0,555,0,555,G
1-PB2,1852,0,0,0,545,545,C
1-PB2,1853,0,523,0,0,523,T
1-PB2,1854,0,522,0,0,522,T
1-PB2,1855,0,0,0,522,522,C
1-PB2,1856,0,523,0,0,523,T
1-PB2,1857,0,0,0,531,531,C
1-PB2,1858,0,1,0,528,529,C
1-PB2,1859,0,0,0,534,534,C
1-PB2,1860,0,536,0,1,537,T
1-PB2,1861,0,532,0,0,532,T
1-PB2,1862,0,534,0,0,534,T
1-PB2,1863,0,530,0,0,530,T
1-PB2,1864,0,0,532,0,532,G
1-PB2,1865,0,0,0,533,533,C
1-PB2,1866,521,0,0,0,521,A
1-PB2,1867,0,0,520,0,520,G
1-PB2,1868,0,0,0,516,516,C
1-PB2,1869,0,514,0,0,514,T
1-PB2,1870,1,0,513,0,514,G
1-PB2,1871,0,0,0,514,514,C
1-PB2,1872,0,510,0,0,510,T
1-PB2,1873,1,0,0,514,515,C
1-PB2,1874,0,0,0,518,518,C
1-PB2,1875,522,0,0,0,522,A
1-PB2,1876,0,0,0,521,521,C
1-PB2,1877,0,0,0,522,522,C
1-PB2,1878,518,0,0,0,518,A
1-PB2,1879,516,0,0,0,516,A
1-PB2,1880,515,0,1,0,516,A
1-PB2,1881,0,0,520,0,520,G
1-PB2,1882,0,0,0,518,518,C
1-PB2,1883,507,0,0,0,507,A
1-PB2,1884,504,1,0,0,505,A
1-PB2,1885,512,0,0,0,512,A
1-PB2,1886,1,0,513,0,514,G
1-PB2,1887,0,0,0,514,514,C
1-PB2,1888,512,0,0,0,512,A
1-PB2,1889,0,0,515,0,515,G
1-PB2,1890,511,0,0,0,511,A
1-PB2,1891,515,0,0,0,515,A
1-PB2,1892,0,513,0,0,513,T
1-PB2,1893,0,0,515,0,515,G
1-PB2,1894,0,0,0,516,516,C
1-PB2,1895,505,0,0,0,505,A
1-PB2,1896,0,0,515,0,515,G
1-PB2,1897,0,511,0,0,511,T
1-PB2,1898,0,533,0,0,533,T
1-PB2,1899,0,0,0,535,535,C
1-PB2,1900,0,520,0,1,521,T
1-PB2,1901,0,0,0,525,525,C
1-PB2,1902,0,525,0,0,525,T
1-PB2,1903,0,522,0,1,523,T
1-PB2,1904,0,1,0,527,528,C
1-PB2,1905,519,0,0,0,519,A
1-PB2,1906,0,0,0,522,522,C
1-PB2,1907,0,498,0,0,498,T
1-PB2,1908,0,0,512,0,512,G
1-PB2,1909,512,0,0,0,512,A
1-PB2,1910,0,0,0,523,523,C
1-PB2,1911,0,522,0,0,522,T
1-PB2,1912,0,0,529,0,529,G
1-PB2,1913,0,528,0,0,528,T
1-PB2,1914,0,0,536,0,536,G
1-PB2,1915,532,0,0,0,532,A
1-PB2,1916,538,0,0,0,538,A
1-PB2,1917,0,522,0,0,522,T
1-PB2,1918,0,0,522,0,522,G
1-PB2,1919,0,502,0,2,504,T
1-PB2,1920,0,0,506,0,506,G
1-PB2,1921,498,0,1,0,499,A
1-PB2,1922,0,0,500,0,500,G
1-PB2,1923,1,0,491,1,493,G
1-PB2,1924,1,0,493,0,494,G
1-PB2,1925,1,1,503,0,505,G
1-PB2,1926,506,0,0,0,506,A
1-PB2,1927,0,502,0,0,502,T
1-PB2,1928,0,0,0,504,504,C
1-PB2,1929,503,0,1,0,504,A
1-PB2,1930,0,0,517,0,517,G
1-PB2,1931,0,0,516,0,516,G
1-PB2,1932,0,0,519,0,519,G
1-PB2,1933,517,0,0,0,517,A
1-PB2,1934,0,502,0,0,502,T
1-PB2,1935,0,0,504,0,504,G
1-PB2,1936,502,0,0,0,502,A
1-PB2,1937,0,0,518,0,518,G
1-PB2,1938,514,0,1,0,515,A
1-PB2,1939,505,0,0,0,505,A
1-PB2,1940,0,517,0,0,517,T
1-PB2,1941,512,0,0,0,512,A
1-PB2,1942,1,0,0,520,521,C
1-PB2,1943,1,515,0,0,516,T
1-PB2,1944,0,515,0,0,515,T
1-PB2,1945,0,0,522,0,522,G
1-PB2,1946,0,512,0,0,512,T
1-PB2,1947,511,0,0,0,511,A
1-PB2,1948,505,0,0,0,505,A
1-PB2,1949,0,0,500,0,500,G
1-PB2,1950,0,0,499,0,499,G
1-PB2,1951,0,0,490,0,490,G
1-PB2,1952,1,0,490,0,491,G
1-PB2,1953,1,0,0,495,496,C
1-PB2,1954,493,0,0,0,493,A
1-PB2,1955,500,0,0,0,500,A
1-PB2,1956,0,499,0,0,499,T
1-PB2,1957,0,502,0,0,502,T
1-PB2,1958,0,0,0,515,515,C
1-PB2,1959,1,498,0,0,499,T
1-PB2,1960,0,0,0,513,513,C
1-PB2,1961,0,0,0,514,514,C
1-PB2,1962,0,508,0,0,508,T
1-PB2,1963,0,0,525,0,525,G
1-PB2,1964,0,513,0,0,513,T
1-PB2,1965,518,0,0,0,518,A
1-PB2,1966,0,518,1,0,519,T
1-PB2,1967,0,509,0,0,509,T
1-PB2,1968,0,0,0,513,513,C
1-PB2,1969,506,0,0,0,506,A
1-PB2,1970,516,0,0,0,516,A
1-PB2,1971,0,0,0,515,515,C
1-PB2,1972,0,506,0,0,506,T
1-PB2,1973,507,0,0,0,507,A
1-PB2,1974,0,0,0,526,526,C
1-PB2,1975,528,0,0,0,528,A
1-PB2,1976,527,0,0,0,527,A
1-PB2,1977,0,0,0,523,523,C
1-PB2,1978,515,0,0,0,515,A
1-PB2,1979,507,0,0,0,507,A
1-PB2,1980,0,1,506,0,507,G
1-PB2,1981,504,0,1,0,505,A
1-PB2,1982,0,0,0,510,510,C
1-PB2,1983,0,0,0,493,493,C
1-PB2,1984,492,1,0,0,493,A
1-PB2,1985,0,0,0,515,515,C
1-PB2,1986,0,513,0,0,513,T
1-PB2,1987,516,0,0,0,516,A
1-PB2,1988,512,0,0,0,512,A
1-PB2,1989,515,0,0,0,515,A
1-PB2,1990,511,0,1,0,512,A
1-PB2,1991,0,0,520,0,520,G
1-PB2,1992,518,0,0,0,518,A
1-PB2,1993,0,0,0,519,519,C
1-PB2,1994,0,500,0,0,500,T
1-PB2,1995,502,0,0,0,502,A
1-PB2,1996,502,0,0,0,502,A
1-PB2,1997,0,0,0,500,500,C
1-PB2,1998,502,0,0,0,502,A
1-PB2,1999,500,0,0,0,500,A
1-PB2,2000,0,492,1,0,493,T
1-PB2,2001,0,483,0,2,485,T
1-PB2,2002,0,0,0,493,493,C
1-PB2,2003,0,486,0,0,486,T
1-PB2,2004,0,0,0,490,490,C
1-PB2,2005,0,0,488,0,488,G
1-PB2,2006,0,0,489,0,489,G
1-PB2,2007,490,0,0,0,490,A
1-PB2,2008,491,0,1,0,492,A
1-PB2,2009,491,0,0,0,491,A
1-PB2,2010,491,0,1,0,492,A
1-PB2,2011,0,0,492,0,492,G
1-PB2,2012,491,0,0,0,491,A
1-PB2,2013,0,489,0,0,489,T
1-PB2,2014,0,0,490,0,490,G
1-PB2,2015,0,0,0,489,489,C
1-PB2,2016,0,0,0,491,491,C
1-PB2,2017,0,0,492,0,492,G
1-PB2,2018,0,0,492,0,492,G
1-PB2,2019,0,0,0,489,489,C
1-PB2,2020,494,0,0,0,494,A
1-PB2,2021,0,0,0,511,511,C
1-PB2,2022,0,508,0,0,508,T
1-PB2,2023,0,510,1,0,511,T
1-PB2,2024,0,508,0,1,509,T
1-PB2,2025,512,0,0,0,512,A
1-PB2,2026,515,0,0,0,515,A
1-PB2,2027,0,510,0,0,510,T
1-PB2,2028,0,510,0,0,510,T
1-PB2,2029,0,0,514,0,514,G
1-PB2,2030,497,0,0,0,497,A
1-PB2,2031,494,0,0,0,494,A
1-PB2,2032,0,0,498,0,498,G
1-PB2,2033,493,0,10,0,503,A
1-PB2,2034,0,0,0,506,506,C
1-PB2,2035,0,0,0,499,499,C
1-PB2,2036,2,0,0,503,505,C
1-PB2,2037,504,0,1,0,505,A
1-PB2,2038,0,0,519,0,519,G
1-PB2,2039,518,0,1,0,519,A
1-PB2,2040,0,519,0,0,519,T
1-PB2,2041,0,0,520,0,520,G
1-PB2,2042,502,0,0,0,502,A
1-PB2,2043,498,0,0,0,498,A
1-PB2,2044,503,0,0,0,503,A
1-PB2,2045,0,0,502,0,502,G
1-PB2,2046,0,0,0,500,500,C
1-PB2,2047,497,0,0,0,497,A
1-PB2,2048,0,0,0,501,501,C
1-PB2,2049,501,0,0,0,501,A
1-PB2,2050,0,500,0,0,500,T
1-PB2,2051,0,0,0,506,506,C
1-PB2,2052,0,0,0,507,507,C
1-PB2,2053,0,0,506,0,506,G
1-PB2,2054,0,0,507,0,507,G
1-PB2,2055,503,0,0,0,503,A
1-PB2,2056,0,0,506,0,506,G
1-PB2,2057,0,499,0,0,499,T
1-PB2,2058,0,0,495,0,495,G
1-PB2,2059,0,0,502,0,502,G
1-PB2,2060,493,0,0,0,493,A
1-PB2,2061,0,0,494,0,494,G
1-PB2,2062,0,489,0,0,489,T
1-PB2,2063,0,0,0,486,486,C
1-PB2,2064,0,0,0,488,488,C
1-PB2,2065,1,0,492,0,493,G
1-PB2,2066,1,0,0,485,486,C
1-PB2,2067,0,1,0,485,486,C
1-PB2,2068,0,0,508,0,508,G
1-PB2,2069,0,507,0,0,507,T
1-PB2,2070,0,0,0,513,513,C
1-PB2,2071,0,511,0,0,511,T
1-PB2,2072,0,515,1,0,516,T
1-PB2,2073,0,0,513,0,513,G
1-PB2,2074,509,0,0,0,509,A
1-PB2,2075,0,0,517,0,517,G
1-PB2,2076,512,0,0,0,512,A
1-PB2,2077,0,0,511,0,511,G
1-PB2,2078,0,1,506,0,507,G
1-PB2,2079,0,0,508,0,508,G
1-PB2,2080,0,499,0,1,500,T
1-PB2,2081,0,497,0,0,497,T
1-PB2,2082,0,501,0,0,501,T
1-PB2,2083,0,0,0,507,507,C
1-PB2,2084,0,505,0,0,505,T
1-PB2,2085,0,0,0,524,524,C
1-PB2,2086,520,0,0,0,520,A
1-PB2,2087,0,512,0,0,512,T
1-PB2,2088,0,508,0,0,508,T
1-PB2,2089,509,0,0,0,509,A
1-PB2,2090,0,514,0,0,514,T
1-PB2,2091,514,0,0,0,514,A
1-PB2,2092,0,0,520,0,520,G
1-PB2,2093,0,0,519,0,519,G
1-PB2,2094,0,484,0,0,484,T
1-PB2,2095,482,0,0,0,482,A
1-PB2,2096,480,0,0,0,480,A
1-PB2,2097,0,0,487,0,487,G
1-PB2,2098,0,0,486,0,486,G
1-PB2,2099,482,0,0,0,482,A
1-PB2,2100,475,0,0,0,475,A
1-PB2,2101,0,1,479,0,480,G
1-PB2,2102,474,0,0,0,474,A
1-PB2,2103,0,0,0,472,472,C
1-PB2,2104,467,0,0,0,467,A
1-PB2,2105,0,0,470,0,470,G
1-PB2,2106,461,0,1,0,462,A
1-PB2,2107,454,0,0,0,454,A
1-PB2,2108,0,0,454,0,454,G
1-PB2,2109,458,0,0,0,458,A
1-PB2,2110,0,455,0,0,455,T
1-PB2,2111,456,0,0,0,456,A
1-PB2,2112,0,0,0,454,454,C
1-PB2,2113,1,0,449,0,450,G
1-PB2,2114,0,1,463,0,464,G
1-PB2,2115,461,0,1,0,462,A
1-PB2,2116,0,0,0,462,462,C
1-PB2,2117,0,0,0,465,465,C
1-PB2,2118,455,0,0,0,455,A
1-PB2,2119,0,0,482,0,482,G
1-PB2,2120,0,0,0,482,482,C
1-PB2,2121,484,0,0,0,484,A
1-PB2,2122,0,483,0,0,483,T
1-PB2,2123,0,461,0,0,461,T
1-PB2,2124,466,0,0,0,466,A
1-PB2,2125,465,0,0,0,465,A
1-PB2,2126,0,0,466,0,466,G
1-PB2,2127,0,0,0,465,465,C
1-PB2,2128,440,0,0,0,440,A
1-PB2,2129,0,458,0,0,458,T
1-PB2,2130,0,0,0,458,458,C
1-PB2,2131,460,0,0,0,460,A
1-PB2,2132,461,0,0,0,461,A
1-PB2,2133,0,460,0,0,460,T
1-PB2,2134,0,0,462,0,462,G
1-PB2,2135,460,0,0,0,460,A
1-PB2,2136,457,1,0,0,458,A
1-PB2,2137,0,0,0,463,463,C
1-PB2,2138,0,427,0,0,427,T
1-PB2,2139,0,0,435,0,435,G
1-PB2,2140,429,0,0,0,429,A
1-PB2,2141,0,0,432,0,432,G
1-PB2,2142,0,0,0,422,422,C
1-PB2,2143,427,0,0,0,427,A
1-PB2,2144,437,0,0,0,437,A
1-PB2,2145,0,0,0,434,434,C
1-PB2,2146,0,0,0,418,418,C
1-PB2,2147,0,422,0,0,422,T
1-PB2,2148,0,417,0,1,418,T
1-PB2,2149,1,0,418,0,419,G
1-PB2,2150,0,0,0,419,419,C
1-PB2,2151,421,0,0,0,421,A
1-PB2,2152,421,0,0,0,421,A
1-PB2,2153,388,0,0,0,388,A
1-PB2,2154,380,0,0,0,380,A
1-PB2,2155,0,0,380,0,380,G
1-PB2,2156,0,1,378,0,379,G
1-PB2,2157,0,0,377,0,377,G
1-PB2,2158,0,0,378,0,378,G
1-PB2,2159,379,0,0,0,379,A
1-PB2,2160,376,0,0,0,376,A
1-PB2,2161,379,0,0,0,379,A
1-PB2,2162,379,0,0,0,379,A
1-PB2,2163,0,0,383,0,383,G
1-PB2,2164,0,0,382,0,382,G
1-PB2,2165,0,0,0,379,379,C
1-PB2,2166,0,374,0,0,374,T
1-PB2,2167,372,0,0,0,372,A
1-PB2,2168,374,0,0,0,374,A
1-PB2,2169,0,373,0,0,373,T
1-PB2,2170,0,0,376,0,376,G
1-PB2,2171,0,362,0,0,362,T
1-PB2,2172,0,0,359,0,359,G
1-PB2,2173,0,0,0,357,357,C
1-PB2,2174,0,357,0,0,357,T
1-PB2,2175,360,0,0,0,360,A
1-PB2,2176,359,0,0,0,359,A
1-PB2,2177,0,359,0,0,359,T
1-PB2,2178,0,1,0,356,357,C
1-PB2,2179,0,1,341,0,342,G
1-PB2,2180,0,0,342,0,342,G
1-PB2,2181,0,0,348,0,348,G
1-PB2,2182,0,0,0,347,347,C
1-PB2,2183,350,0,0,0,350,A
1-PB2,2184,345,0,0,0,345,A
1-PB2,2185,0,0,349,0,349,G
1-PB2,2186,0,0,351,0,351,G
1-PB2,2187,343,0,1,0,344,A
1-PB2,2188,0,0,342,0,342,G
1-PB2,2189,333,0,0,0,333,A
1-PB2,2190,0,0,0,330,330,C
1-PB2,2191,0,0,331,0,331,G
1-PB2,2192,0,331,0,0,331,T
1-PB2,2193,0,0,331,0,331,G
1-PB2,2194,0,0,333,0,333,G
1-PB2,2195,0,327,0,0,327,T
1-PB2,2196,0,0,328,0,328,G
1-PB2,2197,0,318,0,0,318,T
1-PB2,2198,0,314,0,0,314,T
1-PB2,2199,0,0,317,0,317,G
1-PB2,2200,0,0,315,0,315,G
1-PB2,2201,0,316,0,0,316,T
1-PB2,2202,310,0,0,0,310,A
1-PB2,2203,298,0,0,0,298,A
1-PB2,2204,0,295,0,0,295,T
1-PB2,2205,0,1,291,0,292,G
1-PB2,2206,284,0,1,0,285,A
1-PB2,2207,288,0,0,0,288,A
1-PB2,2208,290,0,0,0,290,A
1-PB2,2209,0,0,0,286,286,C
1-PB2,2210,0,1,287,0,288,G
1-PB2,2211,288,0,0,0,288,A
1-PB2,2212,288,0,0,0,288,A
1-PB2,2213,285,0,1,0,286,A
1-PB2,2214,286,1,0,0,287,A
1-PB2,2215,0,0,0,287,287,C
1-PB2,2216,0,0,285,0,285,G
1-PB2,2217,0,0,287,0,287,G
1-PB2,2218,0,0,287,0,287,G
1-PB2,2219,286,0,0,0,286,A
1-PB2,2220,0,0,0,284,284,C
1-PB2,2221,0,279,0,0,279,T
1-PB2,2222,0,1,0,292,293,C
1-PB2,2223,0,293,0,0,293,T
1-PB2,2224,291,0,0,0,291,A
1-PB2,2225,0,0,291,0,291,G
1-PB2,2226,0,0,0,286,286,C
1-PB2,2227,284,0,1,0,285,A
1-PB2,2228,0,284,0,0,284,T
1-PB2,2229,270,0,0,0,270,A
1-PB2,2230,0,0,0,276,276,C
1-PB2,2231,0,232,0,0,232,T
1-PB2,2232,0,233,0,0,233,T
1-PB2,2233,233,0,0,0,233,A
1-PB2,2234,0,0,0,230,230,C
1-PB2,2235,0,229,0,0,229,T
1-PB2,2236,0,0,229,0,229,G
1-PB2,2237,222,0,0,0,222,A
1-PB2,2238,0,0,0,223,223,C
1-PB2,2239,203,0,0,0,203,A
1-PB2,2240,0,0,206,0,206,G
1-PB2,2241,1,0,0,202,203,C
1-PB2,2242,0,0,0,204,204,C
1-PB2,2243,202,0,0,0,202,A
1-PB2,2244,0,0,200,0,200,G
1-PB2,2245,202,0,0,0,202,A
1-PB2,2246,0,0,0,201,201,C
1-PB2,2247,188,0,0,0,188,A
1-PB2,2248,0,0,187,0,187,G
1-PB2,2249,0,0,0,182,182,C
1-PB2,2250,0,0,181,0,181,G
1-PB2,2251,181,0,1,0,182,A
1-PB2,2252,0,0,0,180,180,C
1-PB2,2253,1,0,0,181,182,C
1-PB2,2254,181,0,0,0,181,A
1-PB2,2255,181,0,0,0,181,A
1-PB2,2256,181,0,0,0,181,A
1-PB2,2257,179,0,0,0,179,A
1-PB2,2258,0,0,180,0,180,G
1-PB2,2259,174,0,0,0,174,A
1-PB2,2260,173,0,0,0,173,A
1-PB2,2261,0,173,0,0,173,T
1-PB2,2262,0,172,0,0,172,T
1-PB2,2263,0,0,0,171,171,C
1-PB2,2264,0,0,171,0,171,G
1-PB2,2265,0,0,170,0,170,G
1-PB2,2266,168,1,0,0,169,A
1-PB2,2267,0,164,0,0,164,T
1-PB2,2268,0,0,164,0,164,G
1-PB2,2269,0,0,162,0,162,G
1-PB2,2270,0,0,0,161,161,C
1-PB2,2271,0,0,0,161,161,C
1-PB2,2272,161,0,0,0,161,A
1-PB2,2273,0,158,0,0,158,T
1-PB2,2274,0,0,0,161,161,C
1-PB2,2275,160,0,0,0,160,A
1-PB2,2276,161,0,0,0,161,A
1-PB2,2277,0,159,0,0,159,T
1-PB2,2278,0,143,0,0,143,T
1-PB2,2279,140,0,0,0,140,A
1-PB2,2280,136,0,0,0,136,A
2-PB1,1,695,0,0,0,695,A
2-PB1,2,0,695,0,0,695,T
2-PB1,3,0,0,704,0,704,G
2-PB1,4,0,0,743,0,743,G
2-PB1,5,866,0,0,0,866,A
2-PB1,6,0,924,0,1,925,T
2-PB1,7,0,0,936,0,936,G
2-PB1,8,0,936,0,2,938,T
2-PB1,9,1,0,0,1012,1013,C
2-PB1,10,1022,0,1,0,1023,A
2-PB1,11,1070,0,0,0,1070,A
2-PB1,12,0,1073,0,0,1073,T
2-PB1,13,0,1,0,1080,1081,C
2-PB1,14,0,0,0,1129,1129,C
2-PB1,15,1,1,1151,0,1153,G
2-PB1,16,1298,0,0,0,1298,A
2-PB1,17,0,0,1,1309,1310,C
2-PB1,18,0,1303,0,0,1303,T
2-PB1,19,1,0,0,1513,1514,C
2-PB1,20,0,1512,0,1,1513,T
2-PB1,21,1534,0,1,0,1535,A
2-PB1,22,0,0,0,1540,1540,C
2-PB1,23,0,1541,0,0,1541,T
2-PB1,24,1,1,1710,0,1712,G
2-PB1,25,0,1729,0,0,1729,T
2-PB1,26,0,1728,0,1,1729,T
2-PB1,27,0,1,0,1721,1722,C
2-PB1,28,0,1,0,1725,1726,C
2-PB1,29,0,2052,0,1,2053,T
2-PB1,30,2081,0,0,0,2081,A
2-PB1,31,2070,0,0,0,2070,A
2-PB1,32,2079,0,3,0,2082,A
2-PB1,33,2,1,2097,0,2100,G
2-PB1,34,1,0,2106,0,2107,G
2-PB1,35,0,2122,0,1,2123,T
2-PB1,36,0,2133,0,1,2134,T
2-PB1,37,1,0,0,2131,2132,C
2-PB1,38,0,1,0,2125,2126,C
2-PB1,39,2134,0,0,0,2134,A
2-PB1,40,1,0,2150,0,2151,G
2-PB1,41,4,2,0,2149,2155,C
2-PB1,42,0,0,2156,0,2156,G
2-PB1,43,0,0,1,2163,2164,C
2-PB1,44,2170,0,0,0,2170,A
2-PB1,45,2167,0,2,0,2169,A
2-PB1,46,2178,1,0,0,2179,A
2-PB1,47,2182,1,0,0,2183,A
2-PB1,48,0,2203,0,0,2203,T
2-PB1,49,0,0,2294,0,2294,G
2-PB1,50,0,0,0,2320,2320,C
2-PB1,51,3,0,1,2323,2327,C
2-PB1,52,2330,0,1,0,2331,A
2-PB1,53,0,2332,0,1,2333,T
2-PB1,54,2531,0,1,0,2532,A
2-PB1,55,2530,1,2,0,2533,A
2-PB1,56,1,1,2621,0,2623,G
2-PB1,57,0,1,0,2627,2628,C
2-PB1,58,2615,0,0,0,2615,A
2-PB1,59,0,0,0,2732,2732,C
2-PB1,60,2736,0,0,1,2737,A
2-PB1,61,2871,0,2,0,2873,A
2-PB1,62,0,0,0,2881,2881,C
2-PB1,63,2861,2,0,0,2863,A
2-PB1,64,0,2887,0,0,2887,T
2-PB1,65,0,2867,0,1,2868,T
2-PB1,66,2,0,0,3769,3771,C
2-PB1,67,0,1,0,3776,3777,C
2-PB1,68,1,0,0,3830,3831,C
2-PB1,69,0,3861,0,3,3864,T
2-PB1,70,0,3851,0,1,3852,T
2-PB1,71,4140,0,0,0,4140,A
2-PB1,72,0,4138,0,25,4163,T
2-PB1,73,4312,0,0,0,4312,A
2-PB1,74,0,0,0,4380,4380,C
2-PB1,75,0,4203,0,2,4205,T
2-PB1,76,1,1,4210,0,4212,G
2-PB1,77,1,0,4204,0,4205,G
2-PB1,78,4178,0,3,0,4181,A
2-PB1,79,0,0,4190,0,4190,G
2-PB1,80,4143,3,5,0,4151,A
2-PB1,81,1,1,0,4104,4106,C
2-PB1,82,1,0,0,4422,4423,C
2-PB1,83,2,1,0,4435,4438,C
2-PB1,84,0,4427,0,0,4427,T
2-PB1,85,0,0,0,4804,4804,C
2-PB1,86,1,0,1,4801,4803,C
2-PB1,87,4840,1,1,0,4842,A
2-PB1,88,0,4842,0,2,4844,T
2-PB1,89,4836,0,2,0,4838,A
2-PB1,90,0,2,0,4846,4848,C
2-PB1,91,4774,0,1,0,4775,A
2-PB1,92,3,0,4944,0,4947,G
2-PB1,93,0,2,0,4981,4983,C
2-PB1,94,0,0,1,4953,4954,C
2-PB1,95,4958,0,1,0,4959,A
2-PB1,96,0,4955,0,2,4957,T
2-PB1,97,3,1,4962,0,4966,G
2-PB1,98,2,1,5188,0,5191,G
2-PB1,99,5231,0,3,0,5234,A
2-PB1,100,5249,0,2,1,5252,A
2-PB1,101,0,0,0,5251,5251,C
2-PB1,102,5204,0,3,0,5207,A
2-PB1,103,0,0,5316,0,5316,G
2-PB1,104,0,1,5386,0,5387,G
2-PB1,105,5396,1,2,2,5401,A
2-PB1,106,5424,0,3,0,5427,A
2-PB1,107,0,2,0,5450,5452,C
2-PB1,108,5415,0,2,0,5417,A
2-PB1,109,2,3,6113,1,6119,G
2-PB1,110,0,1,6111,1,6113,G
2-PB1,111,2,2,6210,2,6216,G
2-PB1,112,2,6206,0,0,6208,T
2-PB1,113,6198,0,3,1,6202,A
2-PB1,114,0,0,0,6253,6253,C
2-PB1,115,6416,0,7,0,6423,A
2-PB1,116,0,0,1,6623,6624,C
2-PB1,117,0,3,0,6561,6564,C
2-PB1,118,6352,0,4,0,6356,A
2-PB1,119,1,6334,0,0,6335,T
2-PB1,120,2,2,6336,0,6340,G
2-PB1,121,1,0,6340,0,6341,G
2-PB1,122,6341,0,2,1,6344,A
2-PB1,123,1,2,0,6358,6361,C
2-PB1,124,6249,1,2,0,6252,A
2-PB1,125,0,0,0,6346,6346,C
2-PB1,126,6312,0,2,0,6314,A
2-PB1,127,0,0,6427,0,6427,G
2-PB1,128,1,6415,0,4,6420,T
2-PB1,129,4,2,0,6616,6622,C
2-PB1,130,6608,0,2,0,6610,A
2-PB1,131,6651,1,8,0,6660,A
2-PB1,132,1,0,0,6667,6668,C
2-PB1,133,6650,1,1,0,6652,A
2-PB1,134,1,1,6731,0,6733,G
2-PB1,135,6617,0,8,0,6625,A
2-PB1,136,6609,1,6,0,6616,A
2-PB1,137,0,1,0,6606,6607,C
2-PB1,138,6464,3,2,0,6469,A
2-PB1,139,0,0,0,6677,6677,C
2-PB1,140,6648,1,4,0,6653,A
2-PB1,141,0,2,0,6915,6917,C
2-PB1,142,3,1,0,6895,6899,C
2-PB1,143,6863,1,1,1,6866,A
2-PB1,144,6926,0,2,1,6929,A
2-PB1,145,0,7060,0,1,7061,T
2-PB1,146,7282,0,0,0,7282,A
2-PB1,147,1,7266,0,3,7270,T
2-PB1,148,0,7139,0,3,7142,T
2-PB1,149,3,0,0,7176,7179,C
2-PB1,150,6956,2,5,0,6963,A
2-PB1,151,1,1,6975,0,6977,G
2-PB1,152,6877,0,0,0,6877,A
2-PB1,153,0,1,6934,0,6935,G
2-PB1,154,6724,0,3,0,6727,A
2-PB1,155,6,2,6586,0,6594,G
2-PB1,156,2,4,6565,1,6572,G
2-PB1,157,3,2,6780,0,6785,G
2-PB1,158,0,3,6805,0,6808,G
2-PB1,159,1,0,6858,0,6859,G
2-PB1,160,6845,0,1,1,6847,A
2-PB1,161,6836,0,12,0,6848,A
2-PB1,162,1,2,6911,0,6914,G
2-PB1,163,0,6877,0,3,6880,T
2-PB1,164,0,2,6830,1,6833,G
2-PB1,165,0,2,6805,0,6807,G
2-PB1,166,6794,3,8,0,6805,A
2-PB1,167,1,4,0,6833,6838,C
2-PB1,168,2,5,6840,0,6847,G
2-PB1,169,6898,1,5,0,6904,A
2-PB1,170,0,0,0,6952,6952,C
2-PB1,171,6909,2,1,0,6912,A
2-PB1,172,6916,0,1,0,6917,A
2-PB1,173,6938,3,3,0,6944,A
2-PB1,174,0,7035,0,3,7038,T
2-PB1,175,7088,1,0,0,7089,A
2-PB1,176,0,2,0,7092,7094,C
2-PB1,177,6991,0,9,0,7000,A
2-PB1,178,3,3,7012,0,7018,G
2-PB1,179,6963,2,2,0,6967,A
2-PB1,180,7025,1,2,2,7030,A
2-PB1,181,7035,1,0,0,7036,A
2-PB1,182,0,0,0,7046,7046,C
2-PB1,183,0,6936,0,1,6937,T
2-PB1,184,0,1,6926,0,6927,G
2-PB1,185,1,5,6897,0,6903,G
2-PB1,186,5,2,6847,0,6854,G
2-PB1,187,6,2,6873,0,6881,G
2-PB1,188,1,4,0,6896,6901,C
2-PB1,189,6862,0,5,0,6867,A
2-PB1,190,2,0,0,7111,7113,C
2-PB1,191,3,3,0,7078,7084,C
2-PB1,192,1,0,0,7091,7092,C
2-PB1,193,4,0,0,7106,7110,C
2-PB1,194,7131,1,5,1,7138,A
2-PB1,195,7192,0,7,0,7199,A
2-PB1,196,0,0,0,7202,7202,C
2-PB1,197,0,7155,1,2,7158,T
2-PB1,198,3,1,0,7190,7194,C
2-PB1,199,6935,1,3,0,6939,A
2-PB1,200,7067,1,3,0,7071,A
2-PB1,201,1,2,0,7054,7057,C
2-PB1,202,0,0,0,7020,7020,C
2-PB1,203,0,1,0,7041,7042,C
2-PB1,204,6978,1,1,0,6980,A
2-PB1,205,7018,0,4,1,7023,A
2-PB1,206,1,7023,0,1,7025,T
2-PB1,207,0,7016,4,2,7022,T
2-PB1,208,0,0,7037,0,7037,G
2-PB1,209,6979,0,3,0,6982,A
2-PB1,210,2,6946,0,29,6977,T
2-PB1,211,1,1,6966,0,6968,G
2-PB1,212,1,0,7038,0,7039,G
2-PB1,213,7109,0,4,0,7113,A
2-PB1,214,0,2,0,7140,7142,C
2-PB1,215,1,0,0,7121,7122,C
2-PB1,216,7101,2,6,0,7109,A
2-PB1,217,1,0,0,7265,7266,C
2-PB1,218,0,7256,0,2,7258,T
2-PB1,219,7354,3,3,0,7360,A
2-PB1,220,0,2,0,7409,7411,C
2-PB1,221,1,1,0,7326,7328,C
2-PB1,222,0,7165,0,4,7169,T
2-PB1,223,1,1,7219,0,7221,G
2-PB1,224,7160,0,8,1,7169,A
2-PB1,225,0,2,7254,0,7256,G
2-PB1,226,1,2,7239,0,7242,G
2-PB1,227,7205,1,1,0,7207,A
2-PB1,228,1,7150,0,1,7152,T
2-PB1,229,7020,0,2,0,7022,A
2-PB1,230,7006,0,4,0,7010,A
2-PB1,231,0,7007,0,0,7007,T
2-PB1,232,0,4,6991,1,6996,G
2-PB1,233,6971,2,3,0,6976,A
2-PB1,234,6912,0,1,0,6913,A
2-PB1,235,1,0,0,6900,6901,C
2-PB1,236,1,1,0,6751,6753,C
2-PB1,237,6769,1,1,0,6771,A
2-PB1,238,6798,0,2,0,6800,A
2-PB1,239,0,0,6844,1,6845,G
2-PB1,240,0,6837,0,1,6838,T
2-PB1,241,0,0,6828,0,6828,G
2-PB1,242,0,1,6903,1,6905,G
2-PB1,243,6872,1,4,0,6877,A
2-PB1,244,1,6836,0,0,6837,T
2-PB1,245,6873,1,1,0,6875,A
2-PB1,246,3,6943,0,4,6950,T
2-PB1,247,2,0,6978,0,6980,G
2-PB1,248,0,3,1,6965,6969,C
2-PB1,249,6961,2,5,1,6969,A
2-PB1,250,1,1,0,7129,7131,C
2-PB1,251,6992,0,1,0,6993,A
2-PB1,252,7108,1,4,1,7114,A
2-PB1,253,7108,0,3,1,7112,A
2-PB1,254,1,1,1,7124,7127,C
2-PB1,255,6869,0,0,1,6870,A
2-PB1,256,1,1,6953,0,6955,G
2-PB1,257,6858,4,8,0,6870,A
2-PB1,258,0,0,0,6897,6897,C
2-PB1,259,0,6619,1,0,6620,T
2-PB1,260,1,0,6779,0,6780,G
2-PB1,261,2,6664,0,3,6669,T
2-PB1,262,0,0,6974,0,6974,G
2-PB1,263,1,6951,0,4,6956,T
2-PB1,264,2,31,1,6942,6976,C
2-PB1,265,2,1,0,6974,6977,C
2-PB1,266,0,6888,0,6,6894,T
2-PB1,267,4,0,6874,0,6878,G
2-PB1,268,1,1,6867,0,6869,G
2-PB1,269,6707,1,2,1,6711,A
2-PB1,270,0,1,6828,0,6829,G
2-PB1,271,1,0,6567,0,6568,G
2-PB1,272,0,1,0,6564,6565,C
2-PB1,273,1,6517,0,1,6519,T
2-PB1,274,6540,1,1,1,6543,A
2-PB1,275,0,6547,0,5,6552,T
2-PB1,276,2,1,6554,1,6558,G
2-PB1,277,1,1,6532,1,6535,G
2-PB1,278,0,1,0,6526,6527,C
2-PB1,279,1,3,0,6399,6403,C
2-PB1,280,2,6278,0,3,6283,T
2-PB1,281,0,6605,0,2,6607,T
2-PB1,282,2,0,0,6607,6609,C
2-PB1,283,1,0,0,6625,6626,C
2-PB1,284,0,6630,1,5,6636,T
2-PB1,285,1,6607,0,0,6608,T
2-PB1,286,0,1,6628,1,6630,G
2-PB1,287,6621,1,1,1,6624,A
2-PB1,288,6630,1,1,0,6632,A
2-PB1,289,0,2,6641,0,6643,G
2-PB1,290,6244,0,0,0,6244,A
2-PB1,291,6291,2,2,0,6295,A
2-PB1,292,0,6264,0,1,6265,T
2-PB1,293,1,3,0,6282,6286,C
2-PB1,294,2,4,0,6255,6261,C
2-PB1,295,5,0,0,6245,6250,C
2-PB1,296,6270,0,2,1,6273,A
2-PB1,297,0,1,0,6291,6292,C
2-PB1,298,0,0,0,6276,6276,C
2-PB1,299,1,0,0,6300,6301,C
2-PB1,300,6183,2,2,0,6187,A
2-PB1,301,0,4,6254,0,6258,G
2-PB1,302,1,0,6269,0,6270,G
2-PB1,303,1,6258,1,4,6264,T
2-PB1,304,6316,1,0,0,6317,A
2-PB1,305,0,6262,1,1,6264,T
2-PB1,306,1,1,0,6289,6291,C
2-PB1,307,0,6304,0,3,6307,T
2-PB1,308,0,6286,5,1,6292,T
2-PB1,309,0,6281,3,1,6285,T
2-PB1,310,2,2,6239,0,6243,G
2-PB1,311,6157,1,9,0,6167,A
2-PB1,312,2,1,6171,0,6174,G
2-PB1,313,6092,1,2,0,6095,A
2-PB1,314,6128,0,2,0,6130,A
2-PB1,315,0,0,0,6166,6166,C
2-PB1,316,2,6059,0,6,6067,T
2-PB1,317,3,0,0,6101,6104,C
2-PB1,318,6093,1,2,0,6096,A
2-PB1,319,0,6089,1,3,6093,T
2-PB1,320,0,0,6111,0,6111,G
2-PB1,321,1,1,0,6214,6216,C
2-PB1,322,0,3,0,6218,6221,C
2-PB1,323,0,6175,0,9,6184,T
2-PB1,324,0,6108,0,6,6114,T
2-PB1,325,1,2,6136,0,6139,G
2-PB1,326,6163,0,3,0,6166,A
2-PB1,327,6178,0,5,0,6183,A
2-PB1,328,6187,0,3,0,6190,A
2-PB1,329,0,1,0,6229,6230,C
2-PB1,330,6030,0,2,0,6032,A
2-PB1,331,6070,0,0,0,6070,A
2-PB1,332,1,6066,0,2,6069,T
2-PB1,333,0,0,6067,1,6068,G
2-PB1,334,0,0,6051,0,6051,G
2-PB1,335,5938,1,3,0,5942,A
2-PB1,336,5939,0,6,0,5945,A
2-PB1,337,0,0,5950,0,5950,G
2-PB1,338,2,1,0,5945,5948,C
2-PB1,339,1,2,1,5902,5906,C
2-PB1,340,11,0,5978,0,5989,G
2-PB1,341,1,5938,0,4,5943,T
2-PB1,342,1,5957,2,3,5963,T
2-PB1,343,3,1,0,6029,6033,C
2-PB1,344,6038,0,4,0,6042,A
2-PB1,345,6123,1,4,0,6128,A
2-PB1,346,1,0,0,6136,6137,C
2-PB1,347,6122,1,1,1,6125,A
2-PB1,348,0,4,6173,0,6177,G
2-PB1,349,6028,1,29,0,6058,A
2-PB1,350,0,1,0,6059,6060,C
2-PB1,351,6043,0,0,0,6043,A
2-PB1,352,6075,1,5,0,6081,A
2-PB1,353,2,2,6126,0,6130,G
2-PB1,354,1,6,6039,0,6046,G
2-PB1,355,1,1,6069,0,6071,G
2-PB1,356,0,5915,0,5,5920,T
2-PB1,357,3,3,5901,0,5907,G
2-PB1,358,1,0,5913,1,5915,G
2-PB1,359,5908,1,14,0,5923,A
2-PB1,360,0,3,1,5918,5922,C
2-PB1,361,5806,0,1,1,5808,A
2-PB1,362,5903,2,3,0,5908,A
2-PB1,363,5901,0,4,1,5906,A
2-PB1,364,0,1,0,5889,5890,C
2-PB1,365,0,5841,2,1,5844,T
2-PB1,366,5874,1,1,0,5876,A
2-PB1,367,5916,0,0,0,5916,A
2-PB1,368,1,1,0,5924,5926,C
2-PB1,369,1,29,0,5885,5915,C
2-PB1,370,2,3,0,5915,5920,C
2-PB1,371,5724,1,1,0,5726,A
2-PB1,372,5724,2,1,0,5727,A
2-PB1,373,0,1,5720,0,5721,G
2-PB1,374,1,0,5733,0,5734,G
2-PB1,375,0,5710,0,2,5712,T
2-PB1,376,0,1,0,5679,5680,C
2-PB1,377,5,0,5688,0,5693,G
2-PB1,378,3,1,0,5670,5674,C
2-PB1,379,1,1,0,5700,5702,C
2-PB1,380,5683,0,20,0,5703,A
2-PB1,381,1,1,5829,0,5831,G
2-PB1,382,5922,0,6,0,5928,A
2-PB1,383,0,0,0,5935,5935,C
2-PB1,384,0,5888,2,2,5892,T
2-PB1,385,0,5869,0,1,5870,T
2-PB1,386,5874,0,6,0,5880,A
2-PB1,387,0,5902,0,2,5904,T
2-PB1,388,3,0,5921,1,5925,G
2-PB1,389,5868,0,0,1,5869,A
2-PB1,390,0,5714,1,1,5716,T
2-PB1,391,0,5514,0,4,5518,T
2-PB1,392,1,1,5506,0,5508,G
2-PB1,393,0,2,5502,0,5504,G
2-PB1,394,5581,3,7,0,5591,A
2-PB1,395,0,0,0,5597,5597,C
2-PB1,396,5521,0,0,0,5521,A
2-PB1,397,1,5471,1,0,5473,T
2-PB1,398,1,5522,1,3,5527,T
2-PB1,399,5562,0,1,0,5563,A
2-PB1,400,5551,1,3,0,5555,A
2-PB1,401,5555,1,2,0,5558,A
2-PB1,402,1,2,0,5564,5567,C
2-PB1,403,5439,5,0,0,5444,A
2-PB1,404,1,0,5488,0,5489,G
2-PB1,405,5444,1,8,0,5453,A
2-PB1,406,5453,0,2,0,5455,A
2-PB1,407,5468,0,2,0,5470,A
2-PB1,408,2,5396,2,1,5401,T
2-PB1,409,2,1,0,5434,5437,C
2-PB1,410,5403,3,2,0,5408,A
2-PB1,411,5426,2,3,0,5431,A
2-PB1,412,1,0,0,5423,5424,C
2-PB1,413,1,0,0,5380,5381,C
2-PB1,414,1,1,5376,1,5379,G
2-PB1,415,3,0,5361,0,5364,G
2-PB1,416,1,2,1,5364,5368,C
2-PB1,417,5351,0,6,0,5357,A
2-PB1,418,4,0,5360,0,5364,G
2-PB1,419,0,1,0,5402,5403,C
2-PB1,420,5394,1,2,0,5397,A
2-PB1,421,5417,0,2,0,5419,A
2-PB1,422,1,0,0,5433,5434,C
2-PB1,423,0,5398,1,0,5399,T
2-PB1,424,3,1,5660,0,5664,G
2-PB1,425,0,1,0,5646,5647,C
2-PB1,426,5647,1,13,0,5661,A
2-PB1,427,0,5648,1,0,5649,T
2-PB1,428,0,5552,0,2,5554,T
2-PB1,429,5880,2,3,0,5885,A
2-PB1,430,3,0,5892,2,5897,G
2-PB1,431,0,2,0,5860,5862,C
2-PB1,432,3,0,0,5857,5860,C
2-PB1,433,5590,2,3,0,5595,A
2-PB1,434,5647,0,1,1,5649,A
2-PB1,435,0,1,0,5639,5640,C
2-PB1,436,5661,1,4,1,5667,A
2-PB1,437,0,0,0,5891,5891,C
2-PB1,438,1,1,0,5449,5451,C
2-PB1,439,5422,3,2,0,5427,A
2-PB1,440,0,5412,1,1,5414,T
2-PB1,441,5431,1,2,0,5434,A
2-PB1,442,1,2,5452,1,5456,G
2-PB1,443,5359,1,0,0,5360,A
2-PB1,444,5300,0,0,1,5301,A
2-PB1,445,1,0,5377,0,5378,G
2-PB1,446,8,5136,0,0,5144,T
2-PB1,447,1,5158,1,2,5162,T
2-PB1,448,1,5165,0,1,5167,T
2-PB1,449,1,5174,1,2,5178,T
2-PB1,450,1,5195,0,1,5197,T
2-PB1,451,5174,3,3,0,5180,A
2-PB1,452,0,0,5181,0,5181,G
2-PB1,453,5123,0,0,0,5123,A
2-PB1,454,0,5119,0,1,5120,T
2-PB1,455,3,0,0,5019,5022,C
2-PB1,456,0,3,5035,0,5038,G
2-PB1,457,5032,1,0,0,5033,A
2-PB1,458,5042,0,3,0,5045,A
2-PB1,459,1,2,0,5078,5081,C
2-PB1,460,2,0,5086,0,5088,G
2-PB1,461,3,0,5329,0,5332,G
2-PB1,462,5317,0,4,1,5322,A
2-PB1,463,2,5304,1,0,5307,T
2-PB1,464,1,5293,0,1,5295,T
2-PB1,465,5332,0,6,0,5338,A
2-PB1,466,5326,0,7,0,5333,A
2-PB1,467,0,1,0,5364,5365,C
2-PB1,468,5315,0,8,0,5323,A
2-PB1,469,0,0,5394,0,5394,G
2-PB1,470,1,1,1,5143,5146,C
2-PB1,471,2,5109,0,0,5111,T
2-PB1,472,5130,1,0,1,5132,A
2-PB1,473,5119,0,2,1,5122,A
2-PB1,474,0,5131,0,0,5131,T
2-PB1,475,0,2,5208,1,5211,G
2-PB1,476,5185,1,0,0,5186,A
2-PB1,477,5200,0,2,0,5202,A
2-PB1,478,1,5079,1,1,5082,T
2-PB1,479,1,0,0,5127,5128,C
2-PB1,480,5116,0,3,0,5119,A
2-PB1,481,0,0,5111,0,5111,G
2-PB1,482,0,1,5105,0,5106,G
2-PB1,483,5080,0,4,0,5084,A
2-PB1,484,5009,0,1,0,5010,A
2-PB1,485,0,2,5270,0,5272,G
2-PB1,486,0,2,5297,0,5299,G
2-PB1,487,0,2,0,5289,5291,C
2-PB1,488,0,5262,1,2,5265,T
2-PB1,489,5278,0,1,0,5279,A
2-PB1,490,5287,0,2,0,5289,A
2-PB1,491,2,5288,0,0,5290,T
2-PB1,492,5295,0,2,0,5297,A
2-PB1,493,2,0,5333,0,5335,G
2-PB1,494,4954,0,0,1,4955,A
2-PB1,495,1,4918,0,2,4921,T
2-PB1,496,0,4907,0,2,4909,T
2-PB1,497,1,4903,0,1,4905,T
2-PB1,498,1,0,0,5089,5090,C
2-PB1,499,1,4,0,5106,5111,C
2-PB1,500,0,5079,0,4,5083,T
2-PB1,501,2,0,0,5099,5101,C
2-PB1,502,5106,0,0,9,5115,A
2-PB1,503,5113,0,2,1,5116,A
2-PB1,504,1,2,5138,0,5141,G
2-PB1,505,1,0,5200,0,5201,G
2-PB1,506,5187,0,1,0,5188,A
2-PB1,507,0,4968,0,4,4972,T
2-PB1,508,1,1,5012,0,5014,G
2-PB1,509,1,5001,1,3,5006,T
2-PB1,510,10,1,5043,1,5055,G
2-PB1,511,5048,2,8,1,5059,A
2-PB1,512,2,5046,0,1,5049,T
2-PB1,513,2,0,5033,0,5035,G
2-PB1,514,1,2,5005,1,5009,G
2-PB1,515,4995,1,6,0,5002,A
2-PB1,516,5028,0,3,0,5031,A
2-PB1,517,0,4940,2,0,4942,T
2-PB1,518,1,0,0,4967,4968,C
2-PB1,519,4924,0,0,0,4924,A
2-PB1,520,4937,0,1,0,4938,A
2-PB1,521,0,4927,0,0,4927,T
2-PB1,522,2,3,4994,1,5000,G
2-PB1,523,1,0,5022,0,5023,G
2-PB1,524,4994,0,4,0,4998,A
2-PB1,525,0,4991,3,1,4995,T
2-PB1,526,5000,1,0,1,5002,A
2-PB1,527,4978,0,0,0,4978,A
2-PB1,528,4986,0,2,1,4989,A
2-PB1,529,1,2,5065,0,5068,G
2-PB1,530,4999,2,5,0,5006,A
2-PB1,531,0,1,5009,1,5011,G
2-PB1,532,0,0,4988,0,4988,G
2-PB1,533,4931,0,5,0,4936,A
2-PB1,534,4948,1,2,1,4952,A
2-PB1,535,4971,1,3,0,4975,A
2-PB1,536,0,4972,1,0,4973,T
2-PB1,537,2,1,5073,0,5076,G
2-PB1,538,0,2,5070,0,5072,G
2-PB1,539,4981,0,8,0,4989,A
2-PB1,540,0,1,5024,0,5025,G
2-PB1,541,4961,0,1,0,4962,A
2-PB1,542,0,5094,0,1,5095,T
2-PB1,543,5092,0,0,1,5093,A
2-PB1,544,5151,1,2,0,5154,A
2-PB1,545,0,1,0,5168,5169,C
2-PB1,546,5079,0,0,0,5079,A
2-PB1,547,5087,0,4,0,5091,A
2-PB1,548,0,1,0,5071,5072,C
2-PB1,549,5008,0,1,2,5011,A
2-PB1,550,0,1,0,5021,5022,C
2-PB1,551,4910,0,1,0,4911,A
2-PB1,552,0,0,0,4983,4983,C
2-PB1,553,0,4896,0,3,4899,T
2-PB1,554,0,4895,1,1,4897,T
2-PB1,555,1,4898,0,2,4901,T
2-PB1,556,0,0,1,4886,4887,C
2-PB1,557,4912,2,2,0,4916,A
2-PB1,558,4922,1,1,0,4924,A
2-PB1,559,4936,1,2,0,4939,A
2-PB1,560,1,0,5024,0,5025,G
2-PB1,561,4929,0,3,1,4933,A
2-PB1,562,4939,0,0,0,4939,A
2-PB1,563,4942,0,1,1,4944,A
2-PB1,564,4941,2,2,0,4945,A
2-PB1,565,4945,0,7,2,4954,A
2-PB1,566,0,2,4981,0,4983,G
2-PB1,567,1,2,4977,0,4980,G
2-PB1,568,4887,2,6,0,4895,A
2-PB1,569,0,3,5042,0,5045,G
2-PB1,570,5016,2,5,0,5023,A
2-PB1,571,1,1,5238,0,5240,G
2-PB1,572,0,5203,1,0,5204,T
2-PB1,573,5200,0,21,1,5222,A
2-PB1,574,5220,1,20,2,5243,A
2-PB1,575,1,1,5244,0,5246,G
2-PB1,576,2,0,5279,0,5281,G
2-PB1,577,1,0,5287,0,5288,G
2-PB1,578,5194,0,5,0,5199,A
2-PB1,579,0,3,1,5223,5227,C
2-PB1,580,5072,0,3,0,5075,A
2-PB1,581,5107,0,2,0,5109,A
2-PB1,582,1,1,0,5085,5087,C
2-PB1,583,5077,0,2,1,5080,A
2-PB1,584,0,5026,0,1,5027,T
2-PB1,585,0,4,4981,0,4985,G
2-PB1,586,4994,1,5,0,5000,A
2-PB1,587,1,0,0,4975,4976,C
2-PB1,588,2,0,0,4917,4919,C
2-PB1,589,4936,0,1,0,4937,A
2-PB1,590,4939,0,3,0,4942,A
2-PB1,591,0,3,4973,0,4976,G
2-PB1,592,4981,0,0,0,4981,A
2-PB1,593,4977,2,0,0,4979,A
2-PB1,594,4943,1,1,0,4945,A
2-PB1,595,4940,0,1,1,4942,A
2-PB1,596,1,4953,0,0,4954,T
2-PB1,597,0,2,4969,0,4971,G
2-PB1,598,2,0,4966,2,4970,G
2-PB1,599,3,4803,0,4,4810,T
2-PB1,600,2,1,0,4730,4733,C
2-PB1,601,4768,1,2,0,4771,A
2-PB1,602,0,4,1,5116,5121,C
2-PB1,603,5210,1,1,0,5212,A
2-PB1,604,0,0,0,5237,5237,C
2-PB1,605,5221,1,1,0,5223,A
2-PB1,606,5441,0,5,0,5446,A
2-PB1,607,5392,0,24,1,5417,A
2-PB1,608,4,3,5857,0,5864,G
2-PB1,609,5822,0,4,0,5826,A
2-PB1,610,5874,0,17,1,5892,A
2-PB1,611,2,0,0,6087,6089,C
2-PB1,612,5899,0,0,0,5899,A
2-PB1,613,5972,0,2,0,5974,A
2-PB1,614,0,5944,0,0,5944,T
2-PB1,615,5877,0,4,1,5882,A
2-PB1,616,1,3,5904,0,5908,G
2-PB1,617,15,5,5690,0,5710,G
2-PB1,618,10,1,5727,0,5738,G
2-PB1,619,5685,2,0,1,5688,A
2-PB1,620,5622,0,3,0,5625,A
2-PB1,621,0,1,5706,0,5707,G
2-PB1,622,5679,1,0,0,5680,A
2-PB1,623,5692,0,2,0,5694,A
2-PB1,624,5714,0,0,0,5714,A
2-PB1,625,5753,0,2,1,5756,A
2-PB1,626,5872,2,1,1,5876,A
2-PB1,627,5886,0,8,2,5896,A
2-PB1,628,1,2,0,5902,5905,C
2-PB1,629,5885,0,2,0,5887,A
2-PB1,630,5882,1,0,0,5883,A
2-PB1,631,5861,0,4,0,5865,A
2-PB1,632,0,4,6007,1,6012,G
2-PB1,633,5990,0,2,1,5993,A
2-PB1,634,0,1,6304,2,6307,G
2-PB1,635,1,6223,0,1,6225,T
2-PB1,636,2,0,7327,0,7329,G
2-PB1,637,7300,1,21,1,7323,A
2-PB1,638,7358,0,1,0,7359,A
2-PB1,639,1,7472,1,0,7474,T
2-PB1,640,7507,0,1,0,7508,A
2-PB1,641,7462,1,5,0,7468,A
2-PB1,642,3,25,7479,0,7507,G
2-PB1,643,7272,1,12,0,7285,A
2-PB1,644,1,0,7352,0,7353,G
2-PB1,645,6842,2,45,0,6889,A
2-PB1,646,1,2,6953,0,6956,G
2-PB1,647,1,0,6940,0,6941,G
2-PB1,648,1,6,0,6940,6947,C
2-PB1,649,0,6923,0,0,6923,T
2-PB1,650,7106,1,2,0,7109,A
2-PB1,651,0,3,0,7490,7493,C
2-PB1,652,2,2,1,7523,7528,C
2-PB1,653,0,7547,0,2,7549,T
2-PB1,654,7870,0,1,0,7871,A
2-PB1,655,7883,0,2,0,7885,A
2-PB1,656,0,7875,0,0,7875,T
2-PB1,657,7879,0,1,1,7881,A
2-PB1,658,7864,0,0,0,7864,A
2-PB1,659,0,3,7875,0,7878,G
2-PB1,660,7585,1,6,0,7592,A
2-PB1,661,11,2,7694,0,7707,G
2-PB1,662,1,2,0,7728,7731,C
2-PB1,663,2,7581,3,9,7595,T
2-PB1,664,1,7626,1,3,7631,T
2-PB1,665,1,7637,0,0,7638,T
2-PB1,666,0,3,7616,0,7619,G
2-PB1,667,7782,1,8,0,7791,A
2-PB1,668,1,0,0,7826,7827,C
2-PB1,669,7769,0,1,0,7770,A
2-PB1,670,0,7741,0,4,7745,T
2-PB1,671,1,7710,0,2,7713,T
2-PB1,672,3,3,7845,0,7851,G
2-PB1,673,7831,1,6,1,7839,A
2-PB1,674,7862,0,4,1,7867,A
2-PB1,675,0,2,0,7894,7896,C
2-PB1,676,7821,2,21,0,7844,A
2-PB1,677,3,0,0,7852,7855,C
2-PB1,678,7,2,7826,0,7835,G
2-PB1,679,7830,0,6,2,7838,A
2-PB1,680,1,7824,0,5,7830,T
2-PB1,681,1,3,7994,1,7999,G
2-PB1,682,7995,0,5,0,8000,A
2-PB1,683,1,4,0,8037,8042,C
2-PB1,684,0,1,0,8017,8018,C
2-PB1,685,8042,0,2,0,8044,A
2-PB1,686,8131,1,2,1,8135,A
2-PB1,687,8101,2,30,2,8135,A
2-PB1,688,3,0,8377,0,8380,G
2-PB1,689,8425,1,4,0,8430,A
2-PB1,690,0,8251,0,6,8257,T
2-PB1,691,3,0,8299,0,8302,G
2-PB1,692,2,1,0,8231,8234,C
2-PB1,693,8232,1,12,0,8245,A
2-PB1,694,0,1,8296,0,8297,G
2-PB1,695,8177,0,8,1,8186,A
2-PB1,696,0,1,8241,0,8242,G
2-PB1,697,7961,1,3,1,7966,A
2-PB1,698,2,0,7976,0,7978,G
2-PB1,699,7848,4,13,0,7865,A
2-PB1,700,1,3,7919,0,7923,G
2-PB1,701,1,0,7895,0,7896,G
2-PB1,702,0,2,0,7893,7895,C
2-PB1,703,7855,0,4,0,7859,A
2-PB1,704,7883,2,2,0,7887,A
2-PB1,705,7909,0,4,0,7913,A
2-PB1,706,1,7924,0,2,7927,T
2-PB1,707,1,7927,0,5,7933,T
2-PB1,708,7954,2,0,0,7956,A
2-PB1,709,7957,0,0,0,7957,A
2-PB1,710,7943,0,3,0,7946,A
2-PB1,711,7983,1,0,0,7984,A
2-PB1,712,7994,0,2,0,7996,A
2-PB1,713,12,1,7993,2,8008,G
2-PB1,714,7926,1,1,0,7928,A
2-PB1,715,7886,0,7,0,7893,A
2-PB1,716,2,2,8000,0,8004,G
2-PB1,717,1,1,8146,0,8148,G
2-PB1,718,3,1,8154,0,8158,G
2-PB1,719,0,1,1,8198,8200,C
2-PB1,720,0,8170,1,12,8183,T
2-PB1,721,8226,2,1,1,8230,A
2-PB1,722,1,8355,1,5,8362,T
2-PB1,723,1,8358,0,1,8360,T
2-PB1,724,4,0,8386,0,8390,G
2-PB1,725,2,4,1,8328,8335,C
2-PB1,726,8093,2,16,0,8111,A
2-PB1,727,8113,0,14,0,8127,A
2-PB1,728,1,2,0,8098,8101,C
2-PB1,729,8091,0,1,0,8092,A
2-PB1,730,1,0,1,8101,8103,C
2-PB1,731,3,4,0,7879,7886,C
2-PB1,732,2,7,0,7901,7910,C
2-PB1,733,2,6,7839,13,7860,G
2-PB1,734,0,0,7882,1,7883,G
2-PB1,735,1,2,7884,2,7889,G
2-PB1,736,7897,1,3,1,7902,A
2-PB1,737,1,7855,1,3,7860,T
2-PB1,738,2,0,7913,0,7915,G
2-PB1,739,2,3,1,7889,7895,C
2-PB1,740,8013,1,2,0,8016,A
2-PB1,741,8195,0,2,0,8197,A
2-PB1,742,8318,0,0,0,8318,A
2-PB1,743,0,8296,0,0,8296,T
2-PB1,744,0,8304,0,1,8305,T
2-PB1,745,8241,2,5,0,8248,A
2-PB1,746,1,2,8239,1,8243,G
2-PB1,747,8153,2,17,0,8172,A
2-PB1,748,1,3,8211,0,8215,G
2-PB1,749,3,5,8077,0,8085,G
2-PB1,750,2,3,8265,0,8270,G
2-PB1,751,2,8218,0,3,8223,T
2-PB1,752,3,8191,0,6,8200,T
2-PB1,753,2,4,0,8226,8232,C
2-PB1,754,4,0,8339,0,8343,G
2-PB1,755,1,8310,1,17,8329,T
2-PB1,756,5,0,8330,0,8335,G
2-PB1,757,1,8303,0,10,8314,T
2-PB1,758,8251,0,0,0,8251,A
2-PB1,759,2,1,1,8234,8238,C
2-PB1,760,0,7809,0,4,7813,T
2-PB1,761,0,7849,0,2,7851,T
2-PB1,762,3,2,0,7821,7826,C
2-PB1,763,2,0,7756,0,7758,G
2-PB1,764,1,7728,0,5,7734,T
2-PB1,765,2,7703,0,5,7710,T
2-PB1,766,0,1,7704,0,7705,G
2-PB1,767,7676,1,1,0,7678,A
2-PB1,768,7692,0,4,0,7696,A
2-PB1,769,7765,1,3,0,7769,A
2-PB1,770,0,0,0,7807,7807,C
2-PB1,771,0,7700,0,0,7700,T
2-PB1,772,2,7676,2,0,7680,T
2-PB1,773,0,7717,0,1,7718,T
2-PB1,774,7837,1,5,0,7843,A
2-PB1,775,3,0,7881,0,7884,G
2-PB1,776,0,2,0,7900,7902,C
2-PB1,777,0,7883,0,8,7891,T
2-PB1,778,7787,1,5,0,7793,A
2-PB1,779,1,1,7778,0,7780,G
2-PB1,780,7765,0,4,0,7769,A
2-PB1,781,7747,1,9,1,7758,A
2-PB1,782,1,1,7791,2,7795,G
2-PB1,783,0,2,0,7641,7643,C
2-PB1,784,7639,1,3,0,7643,A
2-PB1,785,1,7600,3,1,7605,T
2-PB1,786,1,7605,0,1,7607,T
2-PB1,787,0,7602,0,3,7605,T
2-PB1,788,1,0,7614,0,7615,G
2-PB1,789,1,4,0,7597,7602,C
2-PB1,790,2,4,7602,0,7608,G
2-PB1,791,7572,0,2,0,7574,A
2-PB1,792,7550,0,3,0,7553,A
2-PB1,793,7567,1,1,0,7569,A
2-PB1,794,7793,0,16,0,7809,A
2-PB1,795,1,0,7901,0,7902,G
2-PB1,796,0,0,0,7900,7900,C
2-PB1,797,1,7890,0,2,7893,T
2-PB1,798,1,7896,0,1,7898,T
2-PB1,799,4,2,7904,0,7910,G
2-PB1,800,7880,2,6,0,7888,A
2-PB1,801,7906,0,4,0,7910,A
2-PB1,802,0,1,0,7927,7928,C
2-PB1,803,7622,0,2,2,7626,A
2-PB1,804,1,0,8319,0,8320,G
2-PB1,805,1,8212,0,3,8216,T
2-PB1,806,0,0,0,8249,8249,C
2-PB1,807,2,8258,0,5,8265,T
2-PB1,808,1,0,8280,0,8281,G
2-PB1,809,3,3,8280,0,8286,G
2-PB1,810,8296,0,1,0,8297,A
2-PB1,811,0,0,0,8339,8339,C
2-PB1,812,0,8031,0,12,8043,T
2-PB1,813,0,7428,1,7,7436,T
2-PB1,814,1,0,1,7419,7421,C
2-PB1,815,19,3,0,7417,7439,C
2-PB1,816,5,1,7490,0,7496,G
2-PB1,817,3,0,7538,0,7541,G
2-PB1,818,1,7408,0,3,7412,T
2-PB1,819,2,7431,0,0,7433,T
2-PB1,820,0,5,7415,0,7420,G
2-PB1,821,3,2,7449,0,7454,G
2-PB1,822,1,7,7523,0,7531,G
2-PB1,823,2,2,7543,0,7547,G
2-PB1,824,1,1,7582,0,7584,G
2-PB1,825,0,7487,0,3,7490,T
2-PB1,826,7449,0,13,1,7463,A
2-PB1,827,7536,1,4,1,7542,A
2-PB1,828,0,7554,0,4,7558,T
2-PB1,829,0,1,7582,0,7583,G
2-PB1,830,7479,5,2,0,7486,A
2-PB1,831,7361,1,13,0,7375,A
2-PB1,832,7399,1,5,0,7405,A
2-PB1,833,7368,1,2,0,7371,A
2-PB1,834,4,0,7363,0,7367,G
2-PB1,835,7299,0,1,0,7300,A
2-PB1,836,7222,1,13,0,7236,A
2-PB1,837,2,0,7244,0,7246,G
2-PB1,838,2,0,7244,0,7246,G
2-PB1,839,2,2,0,7230,7234,C
2-PB1,840,2,1,0,7232,7235,C
2-PB1,841,7252,2,0,0,7254,A
2-PB1,842,7257,0,1,0,7258,A
2-PB1,843,7264,1,1,1,7267,A
2-PB1,844,1,7,0,7274,7282,C
2-PB1,845,1,7253,0,5,7259,T
2-PB1,846,3,0,7400,0,7403,G
2-PB1,847,7,1,7376,0,7384,G
2-PB1,848,0,1,1,7424,7426,C
2-PB1,849,7431,0,1,0,7432,A
2-PB1,850,7416,0,3,1,7420,A
2-PB1,851,7432,1,1,0,7434,A
2-PB1,852,0,7437,1,5,7443,T
2-PB1,853,2,1,7472,0,7475,G
2-PB1,854,3,7442,1,2,7448,T
2-PB1,855,0,7254,1,2,7257,T
2-PB1,856,1,0,7290,0,7291,G
2-PB1,857,0,7251,2,2,7255,T
2-PB1,858,2,3,7256,0,7261,G
2-PB1,859,7264,0,9,0,7273,A
2-PB1,860,3,5,7309,0,7317,G
2-PB1,861,7294,0,1,1,7296,A
2-PB1,862,7249,0,1,0,7250,A
2-PB1,863,7249,1,0,0,7250,A
2-PB1,864,7272,1,8,0,7281,A
2-PB1,865,7316,1,3,1,7321,A
2-PB1,866,0,7292,0,2,7294,T
2-PB1,867,0,1,7285,0,7286,G
2-PB1,868,7258,0,6,0,7264,A
2-PB1,869,2,7159,1,2,7164,T
2-PB1,870,0,5,7231,1,7237,G
2-PB1,871,7234,2,5,0,7241,A
2-PB1,872,0,0,0,7358,7358,C
2-PB1,873,0,7315,0,3,7318,T
2-PB1,874,7298,2,1,0,7301,A
2-PB1,875,7399,1,1,0,7401,A
2-PB1,876,0,7362,1,5,7368,T
2-PB1,877,0,7445,0,3,7448,T
2-PB1,878,3,2,1,7500,7506,C
2-PB1,879,7483,0,5,1,7489,A
2-PB1,880,1,3,0,7497,7501,C
2-PB1,881,7410,1,6,1,7418,A
2-PB1,882,7424,1,11,1,7437,A
2-PB1,883,1,0,7442,0,7443,G
2-PB1,884,7591,0,10,0,7601,A
2-PB1,885,1,2,0,7590,7593,C
2-PB1,886,7535,2,2,0,7539,A
2-PB1,887,1,1,0,7517,7519,C
2-PB1,888,7464,0,3,1,7468,A
2-PB1,889,0,1,7517,0,7518,G
2-PB1,890,7435,0,6,1,7442,A
2-PB1,891,2,1,7497,0,7500,G
2-PB1,892,2,0,0,7471,7473,C
2-PB1,893,1,7280,5,15,7301,T
2-PB1,894,0,7372,0,18,7390,T
2-PB1,895,4,7378,1,3,7386,T
2-PB1,896,0,0,0,7439,7439,C
2-PB1,897,0,7420,2,10,7432,T
2-PB1,898,2,7357,0,3,7362,T
2-PB1,899,1,7335,2,21,7359,T
2-PB1,900,1,3,0,7346,7350,C
2-PB1,901,7352,0,4,0,7356,A
2-PB1,902,2,1,0,7368,7371,C
2-PB1,903,7244,0,1,0,7245,A
2-PB1,904,7291,0,1,1,7293,A
2-PB1,905,2,7358,1,2,7363,T
2-PB1,906,1,1,0,7518,7520,C
2-PB1,907,7547,1,2,0,7550,A
2-PB1,908,2,1,1,7603,7607,C
2-PB1,909,0,7542,1,2,7545,T
2-PB1,910,4,3,7600,0,7607,G
2-PB1,911,1,1,7581,0,7583,G
2-PB1,912,1,1,7806,0,7808,G
2-PB1,913,1,1,7828,0,7830,G
2-PB1,914,7666,4,15,0,7685,A
2-PB1,915,0,4,0,7337,7341,C
2-PB1,916,7445,0,3,0,7448,A
2-PB1,917,7948,1,12,0,7961,A
2-PB1,918,1,1,0,8042,8044,C
2-PB1,919,8034,1,6,0,8041,A
2-PB1,920,0,0,0,8036,8036,C
2-PB1,921,0,7643,0,1,7644,T
2-PB1,922,7674,0,5,0,7679,A
2-PB1,923,7669,0,3,3,7675,A
2-PB1,924,1,0,7770,0,7771,G
2-PB1,925,0,7706,0,2,7708,T
2-PB1,926,1,1,7099,0,7101,G
2-PB1,927,2,0,7036,0,7038,G
2-PB1,928,7005,1,12,2,7020,A
2-PB1,929,7029,0,3,0,7032,A
2-PB1,930,0,7022,0,2,7024,T
2-PB1,931,1,2,7021,0,7024,G
2-PB1,932,7026,1,2,0,7029,A
2-PB1,933,6916,1,3,0,6920,A
2-PB1,934,6956,0,3,1,6960,A
2-PB1,935,7005,2,1,1,7009,A
2-PB1,936,0,6970,0,2,6972,T
2-PB1,937,3,0,2,6974,6979,C
2-PB1,938,6984,2,7,0,6993,A
2-PB1,939,6978,1,3,0,6982,A
2-PB1,940,6972,0,8,0,6980,A
2-PB1,941,6967,1,4,0,6972,A
2-PB1,942,0,3,0,6984,6987,C
2-PB1,943,2,1,0,6950,6953,C
2-PB1,944,3,1,0,6925,6929,C
2-PB1,945,0,6887,1,6,6894,T
2-PB1,946,1,0,0,6938,6939,C
2-PB1,947,2,2,6928,0,6932,G
2-PB1,948,6935,0,1,0,6936,A
2-PB1,949,6937,0,0,0,6937,A
2-PB1,950,0,6934,1,0,6935,T
2-PB1,951,0,0,6987,0,6987,G
2-PB1,952,2,6912,0,6,6920,T
2-PB1,953,0,6898,0,3,6901,T
2-PB1,954,0,6910,1,3,6914,T
2-PB1,955,0,6914,0,1,6915,T
2-PB1,956,1,6918,0,2,6921,T
2-PB1,957,1,0,6922,0,6923,G
2-PB1,958,2,0,6902,1,6905,G
2-PB1,959,2,4,1,6877,6884,C
2-PB1,960,1,0,6844,0,6845,G
2-PB1,961,6843,1,1,0,6845,A
2-PB1,962,2,7053,1,1,7057,T
2-PB1,963,1,2,7343,0,7346,G
2-PB1,964,7672,1,31,0,7704,A
2-PB1,965,0,7739,0,1,7740,T
2-PB1,966,0,7749,0,2,7751,T
2-PB1,967,7789,1,10,1,7801,A
2-PB1,968,0,3,0,7799,7802,C
2-PB1,969,7829,2,6,3,7840,A
2-PB1,970,0,7808,0,3,7811,T
2-PB1,971,7375,0,2,1,7378,A
2-PB1,972,1,1,0,7429,7431,C
2-PB1,973,6638,0,2,0,6640,A
2-PB1,974,0,6615,0,2,6617,T
2-PB1,975,1,1,0,6632,6634,C
2-PB1,976,6609,2,2,0,6613,A
2-PB1,977,0,0,0,6633,6633,C
2-PB1,978,6592,0,1,0,6593,A
2-PB1,979,6590,0,4,0,6594,A
2-PB1,980,6586,0,4,0,6590,A
2-PB1,981,2,1,6292,0,6295,G
2-PB1,982,6612,0,21,0,6633,A
2-PB1,983,6644,2,5,0,6651,A
2-PB1,984,1,6645,0,1,6647,T
2-PB1,985,2,3,0,6660,6665,C
2-PB1,986,6665,0,5,1,6671,A
2-PB1,987,6703,2,2,0,6707,A
2-PB1,988,1,2,0,6708,6711,C
2-PB1,989,2,25,0,6684,6711,C
2-PB1,990,2,6284,1,2,6289,T
2-PB1,991,0,1,6337,0,6338,G
2-PB1,992,6276,1,5,0,6282,A
2-PB1,993,0,0,6324,0,6324,G
2-PB1,994,1,6265,1,4,6271,T
2-PB1,995,2,3,6154,0,6159,G
2-PB1,996,2,1,6504,0,6507,G
2-PB1,997,3,6459,0,7,6469,T
2-PB1,998,0,6470,0,4,6474,T
2-PB1,999,0,3,0,6491,6494,C
2-PB1,1000,6381,0,8,4,6393,A
2-PB1,1001,0,1,6543,0,6544,G
2-PB1,1002,6527,1,1,0,6529,A
2-PB1,1003,6529,0,5,0,6534,A
2-PB1,1004,6493,0,1,0,6494,A
2-PB1,1005,0,0,0,5884,5884,C
2-PB1,1006,5935,1,4,0,5940,A
2-PB1,1007,3,5912,0,1,5916,T
2-PB1,1008,1,0,1,6002,6004,C
2-PB1,1009,3,1,0,6010,6014,C
2-PB1,1010,0,5746,0,8,5754,T
2-PB1,1011,1,2,5765,0,5768,G
2-PB1,1012,5688,0,7,2,5697,A
2-PB1,1013,0,0,5781,0,5781,G
2-PB1,1014,0,2,0,5710,5712,C
2-PB1,1015,5519,1,3,2,5525,A
2-PB1,1016,1,5528,0,0,5529,T
2-PB1,1017,1,9,1,5473,5484,C
2-PB1,1018,3,0,5489,0,5492,G
2-PB1,1019,0,1,0,5653,5654,C
2-PB1,1020,5705,1,2,1,5709,A
2-PB1,1021,0,0,0,5935,5935,C
2-PB1,1022,2,1,0,5918,5921,C
2-PB1,1023,5926,0,3,1,5930,A
2-PB1,1024,6059,1,1,0,6061,A
2-PB1,1025,1,6049,0,1,6051,T
2-PB1,1026,6033,0,0,0,6033,A
2-PB1,1027,6032,0,0,1,6033,A
2-PB1,1028,1,5821,0,1,5823,T
2-PB1,1029,0,1,5851,0,5852,G
2-PB1,1030,2,5707,0,1,5710,T
2-PB1,1031,1,5641,1,6,5649,T
2-PB1,1032,0,2,0,5678,5680,C
2-PB1,1033,1,5616,0,7,5624,T
2-PB1,1034,2,2,0,5650,5654,C
2-PB1,1035,5660,0,1,0,5661,A
2-PB1,1036,5641,0,1,2,5644,A
2-PB1,1037,5659,0,2,0,5661,A
2-PB1,1038,0,3,0,5683,5686,C
2-PB1,1039,5668,0,0,0,5668,A
2-PB1,1040,5658,1,1,0,5660,A
2-PB1,1041,5620,0,0,2,5622,A
2-PB1,1042,5646,1,5,0,5652,A
2-PB1,1043,1,5722,1,5,5729,T
2-PB1,1044,0,0,5745,0,5745,G
2-PB1,1045,2,1,5710,1,5714,G
2-PB1,1046,1,5,1,5706,5713,C
2-PB1,1047,5685,0,8,0,5693,A
2-PB1,1048,5695,1,5,0,5701,A
2-PB1,1049,2,2,5764,0,5768,G
2-PB1,1050,5744,0,5,0,5749,A
2-PB1,1051,6,0,1,5778,5785,C
2-PB1,1052,0,5668,0,1,5669,T
2-PB1,1053,3,3,5804,0,5810,G
2-PB1,1054,1,3,5808,0,5812,G
2-PB1,1055,4,1,5899,0,5904,G
2-PB1,1056,5897,1,11,0,5909,A
2-PB1,1057,5879,1,2,0,5882,A
2-PB1,1058,5845,1,3,0,5849,A
2-PB1,1059,5790,2,33,0,5825,A
2-PB1,1060,0,3,6058,0,6061,G
2-PB1,1061,2,2,6053,0,6057,G
2-PB1,1062,6013,0,7,0,6020,A
2-PB1,1063,0,5986,0,1,5987,T
2-PB1,1064,5973,1,7,0,5981,A
2-PB1,1065,0,2,0,5987,5989,C
2-PB1,1066,6047,0,4,0,6051,A
2-PB1,1067,1,6007,0,4,6012,T
2-PB1,1068,1,1,6096,0,6098,G
2-PB1,1069,0,5935,0,12,5947,T
2-PB1,1070,1,5943,0,7,5951,T
2-PB1,1071,0,9,0,5925,5934,C
2-PB1,1072,0,0,5950,0,5950,G
2-PB1,1073,5939,1,3,0,5943,A
2-PB1,1074,0,2,6125,0,6127,G
2-PB1,1075,6014,4,3,2,6023,A
2-PB1,1076,0,0,6120,0,6120,G
2-PB1,1077,0,6075,0,1,6076,T
2-PB1,1078,6059,0,1,0,6060,A
2-PB1,1079,6089,0,10,0,6099,A
2-PB1,1080,0,1,6120,0,6121,G
2-PB1,1081,6084,1,12,0,6097,A
2-PB1,1082,2,0,6227,1,6230,G
2-PB1,1083,5950,0,78,0,6028,A
2-PB1,1084,6079,0,13,1,6093,A
2-PB1,1085,1,6011,0,1,6013,T
2-PB1,1086,1,0,6016,0,6017,G
2-PB1,1087,6019,0,7,1,6027,A
2-PB1,1088,5953,0,9,0,5962,A
2-PB1,1089,2,0,5976,0,5978,G
2-PB1,1090,1,2,0,5949,5952,C
2-PB1,1091,1,5831,0,2,5834,T
2-PB1,1092,1,1,0,5897,5899,C
2-PB1,1093,1,5,0,5879,5885,C
2-PB1,1094,6,0,5896,0,5902,G
2-PB1,1095,29,1,5904,0,5934,G
2-PB1,1096,5932,0,11,1,5944,A
2-PB1,1097,0,20,0,6037,6057,C
2-PB1,1098,6057,2,1,0,6060,A
2-PB1,1099,0,3,0,6134,6137,C
2-PB1,1100,6107,1,8,0,6116,A
2-PB1,1101,6105,0,7,1,6113,A
2-PB1,1102,6108,0,5,0,6113,A
2-PB1,1103,1,6135,1,1,6138,T
2-PB1,1104,6131,1,1,0,6133,A
2-PB1,1105,0,1,1,6113,6115,C
2-PB1,1106,2,3,1,6053,6059,C
2-PB1,1107,1,5941,1,6,5949,T
2-PB1,1108,2,2,6017,0,6021,G
2-PB1,1109,1,0,0,6024,6025,C
2-PB1,1110,6031,1,4,1,6037,A
2-PB1,1111,1,0,6031,0,6032,G
2-PB1,1112,5994,4,1,1,6000,A
2-PB1,1113,6013,1,1,0,6015,A
2-PB1,1114,6046,0,3,0,6049,A
2-PB1,1115,0,6034,0,1,6035,T
2-PB1,1116,0,0,6050,0,6050,G
2-PB1,1117,0,28,0,5993,6021,C
2-PB1,1118,1,6016,0,2,6019,T
2-PB1,1119,6133,2,4,0,6139,A
2-PB1,1120,2,0,6124,1,6127,G
2-PB1,1121,1,1,0,6116,6118,C
2-PB1,1122,6118,2,1,0,6121,A
2-PB1,1123,6097,0,2,0,6099,A
2-PB1,1124,2,0,6075,0,6077,G
2-PB1,1125,0,1,0,6057,6058,C
2-PB1,1126,5977,0,1,0,5978,A
2-PB1,1127,0,6115,0,3,6118,T
2-PB1,1128,2,6124,1,2,6129,T
2-PB1,1129,0,1,6351,0,6352,G
2-PB1,1130,6439,1,4,0,6444,A
2-PB1,1131,1,2,0,6422,6425,C
2-PB1,1132,0,12,0,6423,6435,C
2-PB1,1133,0,6293,0,8,6301,T
2-PB1,1134,2,2,6465,0,6469,G
2-PB1,1135,6486,2,4,0,6492,A
2-PB1,1136,6502,0,5,0,6507,A
2-PB1,1137,0,0,6616,0,6616,G
2-PB1,1138,0,6374,0,2,6376,T
2-PB1,1139,6415,1,0,0,6416,A
2-PB1,1140,0,6362,1,2,6365,T
2-PB1,1141,1,6361,1,5,6368,T
2-PB1,1142,1,6342,0,1,6344,T
2-PB1,1143,3,2,0,6273,6278,C
2-PB1,1144,6287,3,5,1,6296,A
2-PB1,1145,6305,0,1,0,6306,A
2-PB1,1146,1,6229,0,2,6232,T
2-PB1,1147,1,3,6263,1,6268,G
2-PB1,1148,6190,3,0,0,6193,A
2-PB1,1149,6227,1,0,1,6229,A
2-PB1,1150,2,6140,1,5,6148,T
2-PB1,1151,2,1,0,6234,6237,C
2-PB1,1152,6261,0,3,0,6264,A
2-PB1,1153,6275,2,3,0,6280,A
2-PB1,1154,1,0,1,6257,6259,C
2-PB1,1155,6248,0,4,0,6252,A
2-PB1,1156,6237,1,1,0,6239,A
2-PB1,1157,0,3,6230,0,6233,G
2-PB1,1158,0,3,6287,0,6290,G
2-PB1,1159,6232,3,5,1,6241,A
2-PB1,1160,6242,2,10,0,6254,A
2-PB1,1161,3,0,6261,0,6264,G
2-PB1,1162,6241,0,4,0,6245,A
2-PB1,1163,6237,0,2,0,6239,A
2-PB1,1164,6229,0,1,0,6230,A
2-PB1,1165,6248,0,4,1,6253,A
2-PB1,1166,0,6219,1,1,6221,T
2-PB1,1167,1,6154,0,2,6157,T
2-PB1,1168,0,0,6185,0,6185,G
2-PB1,1169,6138,15,10,1,6164,A
2-PB1,1170,2,1,6184,0,6187,G
2-PB1,1171,6178,0,2,2,6182,A
2-PB1,1172,6269,0,2,0,6271,A
2-PB1,1173,6367,1,0,0,6368,A
2-PB1,1174,6379,0,0,1,6380,A
2-PB1,1175,0,6389,0,2,6391,T
2-PB1,1176,6378,0,3,0,6381,A
2-PB1,1177,6377,1,6,0,6384,A
2-PB1,1178,1,0,6381,1,6383,G
2-PB1,1179,1,1,6385,0,6387,G
2-PB1,1180,2,0,0,6365,6367,C
2-PB1,1181,0,0,0,6354,6354,C
2-PB1,1182,0,6264,0,24,6288,T
2-PB1,1183,1,1,0,7220,7222,C
2-PB1,1184,2,7323,1,2,7328,T
2-PB1,1185,2,7335,1,6,7344,T
2-PB1,1186,0,0,0,7524,7524,C
2-PB1,1187,2,7494,0,3,7499,T
2-PB1,1188,7525,1,2,0,7528,A
2-PB1,1189,7533,0,4,0,7537,A
2-PB1,1190,1,7526,1,0,7528,T
2-PB1,1191,7555,1,0,1,7557,A
2-PB1,1192,0,0,7429,2,7431,G
2-PB1,1193,6716,0,8,0,6724,A
2-PB1,1194,0,6730,0,5,6735,T
2-PB1,1195,1,1,6612,1,6615,G
2-PB1,1196,2,0,6702,0,6704,G
2-PB1,1197,0,2,0,6698,6700,C
2-PB1,1198,6725,1,4,0,6730,A
2-PB1,1199,2,1,1,6742,6746,C
2-PB1,1200,6658,1,4,2,6665,A
2-PB1,1201,1,1,6913,0,6915,G
2-PB1,1202,0,0,0,6888,6888,C
2-PB1,1203,6904,1,3,1,6909,A
2-PB1,1204,1,7072,0,5,7078,T
2-PB1,1205,0,0,0,7038,7038,C
2-PB1,1206,7080,0,2,0,7082,A
2-PB1,1207,0,7070,0,3,7073,T
2-PB1,1208,0,7047,0,0,7047,T
2-PB1,1209,2,2,7002,1,7007,G
2-PB1,1210,6753,0,24,1,6778,A
2-PB1,1211,1,0,7013,0,7014,G
2-PB1,1212,2,2,0,6988,6992,C
2-PB1,1213,1,0,1,6848,6850,C
2-PB1,1214,4,2,0,6928,6934,C
2-PB1,1215,2,6767,0,27,6796,T
2-PB1,1216,4,1,7184,1,7190,G
2-PB1,1217,2,1,7336,0,7339,G
2-PB1,1218,7296,2,18,1,7317,A
2-PB1,1219,7534,0,4,0,7538,A
2-PB1,1220,0,7326,0,3,7329,T
2-PB1,1221,1,1,7570,0,7572,G
2-PB1,1222,7647,1,5,0,7653,A
2-PB1,1223,0,7662,0,5,7667,T
2-PB1,1224,1,2,7696,2,7701,G
2-PB1,1225,7583,5,8,0,7596,A
2-PB1,1226,1,7511,1,0,7513,T
2-PB1,1227,2,5,7537,0,7544,G
2-PB1,1228,2,1,7620,0,7623,G
2-PB1,1229,4,1,7655,0,7660,G
2-PB1,1230,0,2,0,7584,7586,C
2-PB1,1231,7581,9,5,0,7595,A
2-PB1,1232,0,7645,0,4,7649,T
2-PB1,1233,0,0,7912,0,7912,G
2-PB1,1234,1,7909,0,10,7920,T
2-PB1,1235,1,7947,0,1,7949,T
2-PB1,1236,3,2,1,7960,7966,C
2-PB1,1237,7906,1,2,0,7909,A
2-PB1,1238,7916,0,9,0,7925,A
2-PB1,1239,1,1,0,7931,7933,C
2-PB1,1240,7949,0,1,0,7950,A
2-PB1,1241,1,7947,1,3,7952,T
2-PB1,1242,2,1,8041,0,8044,G
2-PB1,1243,2,2,0,8064,8068,C
2-PB1,1244,0,8044,1,7,8052,T
2-PB1,1245,8139,0,1,0,8140,A
2-PB1,1246,8119,0,1,2,8122,A
2-PB1,1247,1,0,8305,0,8306,G
2-PB1,1248,0,8292,0,2,8294,T
2-PB1,1249,8236,0,1,0,8237,A
2-PB1,1250,0,3,1,8279,8283,C
2-PB1,1251,2,0,8296,8,8306,G
2-PB1,1252,3,0,8929,0,8932,G
2-PB1,1253,1,8896,2,4,8903,T
2-PB1,1254,0,8841,1,0,8842,T
2-PB1,1255,0,8859,0,3,8862,T
2-PB1,1256,0,8818,0,0,8818,T
2-PB1,1257,8821,2,14,1,8838,A
2-PB1,1258,2,1,8814,0,8817,G
2-PB1,1259,0,4,8818,0,8822,G
2-PB1,1260,8585,2,7,0,8594,A
2-PB1,1261,0,0,8553,1,8554,G
2-PB1,1262,0,8637,3,5,8645,T
2-PB1,1263,2,0,0,8668,8670,C
2-PB1,1264,0,8673,0,2,8675,T
2-PB1,1265,2,3,0,8671,8676,C
2-PB1,1266,15,1,8687,0,8703,G
2-PB1,1267,8973,1,0,1,8975,A
2-PB1,1268,1,9021,0,0,9022,T
2-PB1,1269,9070,1,2,0,9073,A
2-PB1,1270,0,0,0,9081,9081,C
2-PB1,1271,0,8933,0,20,8953,T
2-PB1,1272,2,3,8963,0,8968,G
2-PB1,1273,8949,2,1,0,8952,A
2-PB1,1274,9112,0,0,2,9114,A
2-PB1,1275,2,9083,0,4,9089,T
2-PB1,1276,6,1,0,8889,8896,C
2-PB1,1277,1,8859,1,7,8868,T
2-PB1,1278,0,8843,0,2,8845,T
2-PB1,1279,3,2,8861,0,8866,G
2-PB1,1280,2,2,8861,0,8865,G
2-PB1,1281,8842,1,9,0,8852,A
2-PB1,1282,0,4,0,8878,8882,C
2-PB1,1283,8718,1,4,0,8723,A
2-PB1,1284,8794,0,1,1,8796,A
2-PB1,1285,8818,1,1,0,8820,A
2-PB1,1286,8854,2,6,0,8862,A
2-PB1,1287,0,2,9020,0,9022,G
2-PB1,1288,9041,1,4,0,9046,A
2-PB1,1289,9042,1,3,1,9047,A
2-PB1,1290,9057,1,11,0,9069,A
2-PB1,1291,0,9063,0,1,9064,T
2-PB1,1292,9088,1,5,0,9094,A
2-PB1,1293,0,2,0,9358,9360,C
2-PB1,1294,9252,4,8,0,9264,A
2-PB1,1295,1,2,0,9337,9340,C
2-PB1,1296,4,3,0,9199,9206,C
2-PB1,1297,9152,0,3,0,9155,A
2-PB1,1298,9274,0,4,0,9278,A
2-PB1,1299,27,2,9597,0,9626,G
2-PB1,1300,9740,1,10,0,9751,A
2-PB1,1301,1,2,0,9838,9841,C
2-PB1,1302,9598,0,7,0,9605,A
2-PB1,1303,9904,1,15,0,9920,A
2-PB1,1304,1,18,0,9951,9970,C
2-PB1,1305,10094,1,4,1,10100,A
2-PB1,1306,0,10128,0,2,10130,T
2-PB1,1307,10056,0,3,0,10059,A
2-PB1,1308,1,0,1,10223,10225,C
2-PB1,1309,0,9838,1,3,9842,T
2-PB1,1310,4,1,10011,0,10016,G
2-PB1,1311,4,0,10007,0,10011,G
2-PB1,1312,1,9763,0,8,9772,T
2-PB1,1313,4,6,9726,1,9737,G
2-PB1,1314,2,5,9619,0,9626,G
2-PB1,1315,2,6,9667,1,9676,G
2-PB1,1316,9657,0,5,0,9662,A
2-PB1,1317,1,9490,0,4,9495,T
2-PB1,1318,1,5,9485,0,9491,G
2-PB1,1319,2,2,9412,0,9416,G
2-PB1,1320,8,1,9465,1,9475,G
2-PB1,1321,0,0,0,9597,9597,C
2-PB1,1322,2,9499,0,25,9526,T
2-PB1,1323,2,8,0,9613,9623,C
2-PB1,1324,4,0,1,9595,9600,C
2-PB1,1325,9609,0,6,0,9615,A
2-PB1,1326,9616,1,2,7,9626,A
2-PB1,1327,3,9550,1,5,9559,T
2-PB1,1328,1,2,2,9522,9527,C
2-PB1,1329,0,8,0,9430,9438,C
2-PB1,1330,2,9328,1,10,9341,T
2-PB1,1331,2,1,0,9341,9344,C
2-PB1,1332,1,1,0,9314,9316,C
2-PB1,1333,2,0,9317,1,9320,G
2-PB1,1334,9307,0,2,0,9309,A
2-PB1,1335,0,3,0,9315,9318,C
2-PB1,1336,3,4,9330,0,9337,G
2-PB1,1337,9395,0,1,1,9397,A
2-PB1,1338,0,9370,0,2,9372,T
2-PB1,1339,2,9374,2,4,9382,T
2-PB1,1340,1,9372,0,3,9376,T
2-PB1,1341,0,9393,1,2,9396,T
2-PB1,1342,3,1,9412,0,9416,G
2-PB1,1343,3,10,0,9483,9496,C
2-PB1,1344,2,4,1,9472,9479,C
2-PB1,1345,6,1,1,9808,9816,C
2-PB1,1346,0,9590,3,11,9604,T
2-PB1,1347,1,0,0,10014,10015,C
2-PB1,1348,10097,1,0,0,10098,A
2-PB1,1349,0,10142,0,3,10145,T
2-PB1,1350,10123,0,1,1,10125,A
2-PB1,1351,2,1,10250,0,10253,G
2-PB1,1352,2,10118,1,3,10124,T
2-PB1,1353,3,6,10187,1,10197,G
2-PB1,1354,9825,2,2,1,9830,A
2-PB1,1355,9831,0,14,1,9846,A
2-PB1,1356,1,9422,2,3,9428,T
2-PB1,1357,14,0,9419,1,9434,G
2-PB1,1358,4,2,0,9481,9487,C
2-PB1,1359,9504,2,7,0,9513,A
2-PB1,1360,3,3,0,9497,9503,C
2-PB1,1361,4,0,0,9431,9435,C
2-PB1,1362,9354,4,4,0,9362,A
2-PB1,1363,9345,0,2,0,9347,A
2-PB1,1364,9321,1,0,1,9323,A
2-PB1,1365,1,9076,0,2,9079,T
2-PB1,1366,2,1,0,9428,9431,C
2-PB1,1367,9428,1,3,3,9435,A
2-PB1,1368,1,9408,0,1,9410,T
2-PB1,1369,2,0,9447,1,9450,G
2-PB1,1370,9440,1,13,0,9454,A
2-PB1,1371,1,1,9564,1,9567,G
2-PB1,1372,5,1,9597,0,9603,G
2-PB1,1373,9,3,9636,0,9648,G
2-PB1,1374,9564,5,10,2,9581,A
2-PB1,1375,9704,1,5,0,9710,A
2-PB1,1376,0,9736,0,2,9738,T
2-PB1,1377,9772,1,4,2,9779,A
2-PB1,1378,0,2,0,9794,9796,C
2-PB1,1379,9812,1,4,0,9817,A
2-PB1,1380,9808,1,12,0,9821,A
2-PB1,1381,2,0,9783,0,9785,G
2-PB1,1382,1,3,1,9697,9702,C
2-PB1,1383,9642,1,5,0,9648,A
2-PB1,1384,1,1,9760,0,9762,G
2-PB1,1385,24,2,9734,0,9760,G
2-PB1,1386,9688,1,11,1,9701,A
2-PB1,1387,3,3,9790,0,9796,G
2-PB1,1388,1,9622,0,4,9627,T
2-PB1,1389,2,0,9775,0,9777,G
2-PB1,1390,1,2,9814,0,9817,G
2-PB1,1391,9783,0,8,1,9792,A
2-PB1,1392,0,9797,0,2,9799,T
2-PB1,1393,9610,0,5,0,9615,A
2-PB1,1394,1,2,9687,0,9690,G
2-PB1,1395,9807,2,1,1,9811,A
2-PB1,1396,1,9781,1,2,9785,T
2-PB1,1397,2,9742,1,1,9746,T
2-PB1,1398,2,1,0,10026,10029,C
2-PB1,1399,3,9931,1,4,9939,T
2-PB1,1400,9950,1,2,0,9953,A
2-PB1,1401,0,3,0,9950,9953,C
2-PB1,1402,9726,4,6,1,9737,A
2-PB1,1403,7,2,9712,0,9721,G
2-PB1,1404,1,5,9501,0,9507,G
2-PB1,1405,9613,3,10,0,9626,A
2-PB1,1406,1,2,0,9590,9593,C
2-PB1,1407,0,1,0,9347,9348,C
2-PB1,1408,4,9276,1,10,9291,T
2-PB1,1409,3,1,9323,1,9328,G
2-PB1,1410,0,0,0,9321,9321,C
2-PB1,1411,9311,0,5,1,9317,A
2-PB1,1412,9381,0,4,0,9385,A
2-PB1,1413,1,1,9419,0,9421,G
2-PB1,1414,0,9202,2,5,9209,T
2-PB1,1415,0,9205,1,0,9206,T
2-PB1,1416,9085,0,4,2,9091,A
2-PB1,1417,1,0,9123,1,9125,G
2-PB1,1418,1,9063,2,7,9073,T
2-PB1,1419,1,3,9053,0,9057,G
2-PB1,1420,2,3,9056,0,9061,G
2-PB1,1421,3,0,9122,1,9126,G
2-PB1,1422,9081,0,6,0,9087,A
2-PB1,1423,9131,0,2,0,9133,A
2-PB1,1424,1,9112,0,1,9114,T
2-PB1,1425,5,2,0,9147,9154,C
2-PB1,1426,9151,0,6,0,9157,A
2-PB1,1427,9186,1,3,0,9190,A
2-PB1,1428,0,0,0,9155,9155,C
2-PB1,1429,9140,2,9,0,9151,A
2-PB1,1430,0,8926,1,2,8929,T
2-PB1,1431,1,7,8953,0,8961,G
2-PB1,1432,8952,1,10,0,8963,A
2-PB1,1433,3,1,9074,0,9078,G
2-PB1,1434,0,3,0,9018,9021,C
2-PB1,1435,9000,0,1,0,9001,A
2-PB1,1436,9001,3,5,0,9009,A
2-PB1,1437,8999,1,1,0,9001,A
2-PB1,1438,9060,0,2,2,9064,A
2-PB1,1439,9071,0,4,1,9076,A
2-PB1,1440,0,2,9079,0,9081,G
2-PB1,1441,8954,0,4,0,8958,A
2-PB1,1442,8856,0,15,0,8871,A
2-PB1,1443,1,0,9265,0,9266,G
2-PB1,1444,2,9220,0,8,9230,T
2-PB1,1445,1,5,0,9229,9235,C
2-PB1,1446,3,1,0,9302,9306,C
2-PB1,1447,0,9254,0,5,9259,T
2-PB1,1448,9432,0,2,1,9435,A
2-PB1,1449,1,9406,0,1,9408,T
2-PB1,1450,9403,1,0,0,9404,A
2-PB1,1451,0,9414,0,1,9415,T
2-PB1,1452,9186,0,2,0,9188,A
2-PB1,1453,9201,2,3,0,9206,A
2-PB1,1454,9173,0,0,0,9173,A
2-PB1,1455,4,9159,0,2,9165,T
2-PB1,1456,9049,0,1,0,9050,A
2-PB1,1457,9012,1,3,2,9018,A
2-PB1,1458,9038,1,5,0,9044,A
2-PB1,1459,9066,1,12,1,9080,A
2-PB1,1460,0,4,0,9084,9088,C
2-PB1,1461,8589,0,3,0,8592,A
2-PB1,1462,1,4,8597,1,8603,G
2-PB1,1463,2,3,8561,1,8567,G
2-PB1,1464,0,3,8572,0,8575,G
2-PB1,1465,8564,1,6,0,8571,A
2-PB1,1466,1,3,0,8629,8633,C
2-PB1,1467,8569,0,1,0,8570,A
2-PB1,1468,0,8604,1,3,8608,T
2-PB1,1469,2,8598,1,2,8603,T
2-PB1,1470,1,8613,1,0,8615,T
2-PB1,1471,1,0,8633,0,8634,G
2-PB1,1472,8529,2,5,0,8536,A
2-PB1,1473,8563,1,3,0,8567,A
2-PB1,1474,0,8570,1,4,8575,T
2-PB1,1475,2,8339,0,5,8346,T
2-PB1,1476,2,4,1,8422,8429,C
2-PB1,1477,8341,1,4,0,8346,A
2-PB1,1478,0,1,0,8355,8356,C
2-PB1,1479,3,8341,0,0,8344,T
2-PB1,1480,8352,0,3,0,8355,A
2-PB1,1481,0,0,8340,1,8341,G
2-PB1,1482,0,1,0,8359,8360,C
2-PB1,1483,1,8251,0,8,8260,T
2-PB1,1484,0,8387,0,4,8391,T
2-PB1,1485,1,8350,0,1,8352,T
2-PB1,1486,1,8343,0,2,8346,T
2-PB1,1487,0,8342,0,1,8343,T
2-PB1,1488,0,8339,0,1,8340,T
2-PB1,1489,0,8312,0,3,8315,T
2-PB1,1490,8315,1,1,0,8317,A
2-PB1,1491,0,8239,0,2,8241,T
2-PB1,1492,1,5,0,8286,8292,C
2-PB1,1493,1,6,8317,0,8324,G
2-PB1,1494,8538,2,1,3,8544,A
2-PB1,1495,0,8597,1,3,8601,T
2-PB1,1496,8589,0,1,0,8590,A
2-PB1,1497,0,8678,0,28,8706,T
2-PB1,1498,3,1,8670,0,8674,G
2-PB1,1499,1,2,8751,0,8754,G
2-PB1,1500,8737,1,9,0,8747,A
2-PB1,1501,3,8655,0,9,8667,T
2-PB1,1502,2,8610,0,2,8614,T
2-PB1,1503,0,8263,0,2,8265,T
2-PB1,1504,3,0,8282,0,8285,G
2-PB1,1505,2,8257,0,8,8267,T
2-PB1,1506,1,0,8231,0,8232,G
2-PB1,1507,0,1,8248,0,8249,G
2-PB1,1508,19,1,1,8138,8159,C
2-PB1,1509,0,8150,0,4,8154,T
2-PB1,1510,8196,0,2,0,8198,A
2-PB1,1511,8251,2,0,0,8253,A
2-PB1,1512,0,8309,0,1,8310,T
2-PB1,1513,2,8302,1,2,8307,T
2-PB1,1514,1,8318,1,1,8321,T
2-PB1,1515,1,8319,0,2,8322,T
2-PB1,1516,8310,0,8,0,8318,A
2-PB1,1517,18,0,8383,0,8401,G
2-PB1,1518,2,4,0,8368,8374,C
2-PB1,1519,8370,0,3,0,8373,A
2-PB1,1520,0,8256,1,6,8263,T
2-PB1,1521,2,2,8144,0,8148,G
2-PB1,1522,3,3,8285,0,8291,G
2-PB1,1523,8202,2,6,1,8211,A
2-PB1,1524,0,2,8261,1,8264,G
2-PB1,1525,13,4,0,8207,8224,C
2-PB1,1526,0,8159,0,6,8165,T
2-PB1,1527,18,0,8206,0,8224,G
2-PB1,1528,0,1,0,8170,8171,C
2-PB1,1529,3,6,0,8144,8153,C
2-PB1,1530,2,0,0,8217,8219,C
2-PB1,1531,8024,1,2,0,8027,A
2-PB1,1532,2,0,8632,0,8634,G
2-PB1,1533,1,8588,0,7,8596,T
2-PB1,1534,0,8592,0,1,8593,T
2-PB1,1535,0,8617,0,3,8620,T
2-PB1,1536,12,8496,0,2,8510,T
2-PB1,1537,1,3,8481,1,8486,G
2-PB1,1538,2,2,8488,0,8492,G
2-PB1,1539,8419,0,11,0,8430,A
2-PB1,1540,1,0,8483,1,8485,G
2-PB1,1541,0,7631,0,1,7632,T
2-PB1,1542,2,0,7963,0,7965,G
2-PB1,1543,3,7921,0,9,7933,T
2-PB1,1544,4,4,0,7939,7947,C
2-PB1,1545,2,7952,0,5,7959,T
2-PB1,1546,5,0,7977,0,7982,G
2-PB1,1547,1,2,8109,0,8112,G
2-PB1,1548,8127,0,1,1,8129,A
2-PB1,1549,8147,0,4,0,8151,A
2-PB1,1550,0,8087,0,0,8087,T
2-PB1,1551,7411,0,1,0,7412,A
2-PB1,1552,7400,1,2,0,7403,A
2-PB1,1553,7392,1,9,3,7405,A
2-PB1,1554,1,8,0,7407,7416,C
2-PB1,1555,0,1,7348,0,7349,G
2-PB1,1556,7238,0,1,0,7239,A
2-PB1,1557,1,0,7242,1,7244,G
2-PB1,1558,1,7229,0,1,7231,T
2-PB1,1559,1,2,0,7256,7259,C
2-PB1,1560,7241,0,9,0,7250,A
2-PB1,1561,2,0,7359,0,7361,G
2-PB1,1562,0,3,0,7344,7347,C
2-PB1,1563,3,7314,1,3,7321,T
2-PB1,1564,1,0,7544,0,7545,G
2-PB1,1565,7473,1,5,0,7479,A
2-PB1,1566,0,7493,0,0,7493,T
2-PB1,1567,7486,1,9,1,7497,A
2-PB1,1568,0,7387,0,6,7393,T
2-PB1,1569,2,1,7431,1,7435,G
2-PB1,1570,7053,0,12,0,7065,A
2-PB1,1571,2,2,7191,0,7195,G
2-PB1,1572,0,2,1,7195,7198,C
2-PB1,1573,6696,0,1,1,6698,A
2-PB1,1574,0,6700,0,1,6701,T
2-PB1,1575,0,6694,0,3,6697,T
2-PB1,1576,2,0,6759,1,6762,G
2-PB1,1577,0,2,7009,0,7011,G
2-PB1,1578,6821,2,7,0,6830,A
2-PB1,1579,0,1,6873,0,6874,G
2-PB1,1580,0,6508,0,4,6512,T
2-PB1,1581,6508,0,2,0,6510,A
2-PB1,1582,6495,0,8,0,6503,A
2-PB1,1583,0,0,0,6547,6547,C
2-PB1,1584,6487,1,3,0,6491,A
2-PB1,1585,0,0,6643,0,6643,G
2-PB1,1586,1,5709,0,3,5713,T
2-PB1,1587,0,1,5771,0,5772,G
2-PB1,1588,5841,0,4,1,5846,A
2-PB1,1589,0,5851,0,2,5853,T
2-PB1,1590,5840,1,4,0,5845,A
2-PB1,1591,5845,0,0,0,5845,A
2-PB1,1592,5630,0,8,2,5640,A
2-PB1,1593,4,2,5712,1,5719,G
2-PB1,1594,5380,2,3,0,5385,A
2-PB1,1595,5369,0,3,0,5372,A
2-PB1,1596,0,2,0,5382,5384,C
2-PB1,1597,5125,0,5,0,5130,A
2-PB1,1598,5191,0,8,0,5199,A
2-PB1,1599,0,2,0,5199,5201,C
2-PB1,1600,5251,0,8,0,5259,A
2-PB1,1601,0,5226,11,3,5240,T
2-PB1,1602,1,0,5106,1,5108,G
2-PB1,1603,5083,0,5,0,5088,A
2-PB1,1604,1,5102,0,0,5103,T
2-PB1,1605,4994,0,1,0,4995,A
2-PB1,1606,5007,1,2,0,5010,A
2-PB1,1607,4938,1,3,0,4942,A
2-PB1,1608,0,1,0,4974,4975,C
2-PB1,1609,4694,0,0,0,4694,A
2-PB1,1610,4683,0,2,2,4687,A
2-PB1,1611,0,4551,0,1,4552,T
2-PB1,1612,6,1,4556,0,4563,G
2-PB1,1613,4667,0,7,0,4674,A
2-PB1,1614,0,1,0,4724,4725,C
2-PB1,1615,1,0,0,4611,4612,C
2-PB1,1616,1,4385,0,3,4389,T
2-PB1,1617,0,4249,0,1,4250,T
2-PB1,1618,0,1,4256,0,4257,G
2-PB1,1619,0,1,4281,1,4283,G
2-PB1,1620,4345,0,6,1,4352,A
2-PB1,1621,0,3,0,4379,4382,C
2-PB1,1622,0,1,0,4325,4326,C
2-PB1,1623,4317,1,8,2,4328,A
2-PB1,1624,15,1,4394,0,4410,G
2-PB1,1625,0,1,0,4403,4404,C
2-PB1,1626,4408,2,3,0,4413,A
2-PB1,1627,4424,2,1,0,4427,A
2-PB1,1628,0,1,0,4393,4394,C
2-PB1,1629,4358,0,5,0,4363,A
2-PB1,1630,0,0,4444,0,4444,G
2-PB1,1631,0,1,1,4439,4441,C
2-PB1,1632,0,1,0,4433,4434,C
2-PB1,1633,1,1,0,4439,4441,C
2-PB1,1634,4451,0,0,1,4452,A
2-PB1,1635,4439,2,0,0,4441,A
2-PB1,1636,4445,0,1,0,4446,A
2-PB1,1637,0,4453,0,3,4456,T
2-PB1,1638,0,2,4419,1,4422,G
2-PB1,1639,1,1,4375,0,4377,G
2-PB1,1640,0,3,0,4386,4389,C
2-PB1,1641,1,4319,0,4,4324,T
2-PB1,1642,0,1,0,4473,4474,C
2-PB1,1643,0,4442,0,6,4448,T
2-PB1,1644,5,1,1,4488,4495,C
2-PB1,1645,1,1,0,4511,4513,C
2-PB1,1646,4521,0,3,0,4524,A
2-PB1,1647,4546,0,1,1,4548,A
2-PB1,1648,0,4521,0,1,4522,T
2-PB1,1649,0,4492,0,1,4493,T
2-PB1,1650,2,0,4512,0,4514,G
2-PB1,1651,0,4419,1,3,4423,T
2-PB1,1652,0,4429,0,0,4429,T
2-PB1,1653,2,27,0,4399,4428,C
2-PB1,1654,4438,2,0,0,4440,A
2-PB1,1655,2,4414,0,4,4420,T
2-PB1,1656,1,0,0,4434,4435,C
2-PB1,1657,4452,0,0,0,4452,A
2-PB1,1658,4451,1,0,0,4452,A
2-PB1,1659,4430,0,6,0,4436,A
2-PB1,1660,0,0,4547,0,4547,G
2-PB1,1661,4526,0,1,0,4527,A
2-PB1,1662,1,4551,1,1,4554,T
2-PB1,1663,0,4555,0,1,4556,T
2-PB1,1664,4583,0,5,0,4588,A
2-PB1,1665,0,1,0,4666,4667,C
2-PB1,1666,4634,1,5,1,4641,A
2-PB1,1667,0,0,4707,0,4707,G
2-PB1,1668,4666,0,3,0,4669,A
2-PB1,1669,0,4718,0,0,4718,T
2-PB1,1670,4725,0,4,0,4729,A
2-PB1,1671,1,3,0,5038,5042,C
2-PB1,1672,5157,0,6,0,5163,A
2-PB1,1673,0,2,0,5586,5588,C
2-PB1,1674,5498,1,1,0,5500,A
2-PB1,1675,0,5536,0,0,5536,T
2-PB1,1676,5496,1,2,0,5499,A
2-PB1,1677,0,5467,0,1,5468,T
2-PB1,1678,5300,0,3,1,5304,A
2-PB1,1679,26,1,5277,0,5304,G
2-PB1,1680,0,2,5190,0,5192,G
2-PB1,1681,0,4924,0,3,4927,T
2-PB1,1682,0,2,4842,0,4844,G
2-PB1,1683,0,0,0,5016,5016,C
2-PB1,1684,2,1,0,4999,5002,C
2-PB1,1685,5090,1,3,0,5094,A
2-PB1,1686,1,5094,0,1,5096,T
2-PB1,1687,5092,1,2,0,5095,A
2-PB1,1688,1,0,5125,0,5126,G
2-PB1,1689,5003,0,8,0,5011,A
2-PB1,1690,2,3,5015,0,5020,G
2-PB1,1691,0,2,5008,0,5010,G
2-PB1,1692,4778,0,11,0,4789,A
2-PB1,1693,1,1,4828,1,4831,G
2-PB1,1694,4810,1,10,0,4821,A
2-PB1,1695,1,0,0,4834,4835,C
2-PB1,1696,4820,0,6,0,4826,A
2-PB1,1697,0,0,0,4895,4895,C
2-PB1,1698,4892,0,4,1,4897,A
2-PB1,1699,1,0,2,4886,4889,C
2-PB1,1700,4856,0,1,0,4857,A
2-PB1,1701,4871,0,4,0,4875,A
2-PB1,1702,4892,0,1,1,4894,A
2-PB1,1703,1,4881,2,0,4884,T
2-PB1,1704,3,2,0,4889,4894,C
2-PB1,1705,1,0,0,4901,4902,C
2-PB1,1706,4843,1,8,0,4852,A
2-PB1,1707,2,2,4848,0,4852,G
2-PB1,1708,4854,0,1,0,4855,A
2-PB1,1709,1,1,0,4894,4896,C
2-PB1,1710,0,2,4884,0,4886,G
2-PB1,1711,4831,0,2,0,4833,A
2-PB1,1712,0,1,4841,0,4842,G
2-PB1,1713,4835,2,7,1,4845,A
2-PB1,1714,4846,0,6,1,4853,A
2-PB1,1715,1,1,4883,0,4885,G
2-PB1,1716,4858,0,5,1,4864,A
2-PB1,1717,0,4851,1,4,4856,T
2-PB1,1718,1,0,0,4807,4808,C
2-PB1,1719,4793,1,3,1,4798,A
2-PB1,1720,1,4782,0,3,4786,T
2-PB1,1721,1,4773,1,1,4776,T
2-PB1,1722,2,5,2,4780,4789,C
2-PB1,1723,0,1,4806,0,4807,G
2-PB1,1724,4738,1,3,0,4742,A
2-PB1,1725,0,0,4773,0,4773,G
2-PB1,1726,4749,2,2,0,4753,A
2-PB1,1727,0,4881,1,1,4883,T
2-PB1,1728,4902,0,1,0,4903,A
2-PB1,1729,4910,0,1,0,4911,A
2-PB1,1730,4894,0,1,0,4895,A
2-PB1,1731,4828,0,2,0,4830,A
2-PB1,1732,4862,0,1,0,4863,A
2-PB1,1733,4869,0,5,0,4874,A
2-PB1,1734,1,0,4886,0,4887,G
2-PB1,1735,1,0,0,4885,4886,C
2-PB1,1736,0,4803,0,6,4809,T
2-PB1,1737,1,0,4835,1,4837,G
2-PB1,1738,0,4821,0,2,4823,T
2-PB1,1739,0,2,4795,0,4797,G
2-PB1,1740,1,1,4833,0,4835,G
2-PB1,1741,3,0,4877,1,4881,G
2-PB1,1742,4882,2,6,1,4891,A
2-PB1,1743,3,4858,0,2,4863,T
2-PB1,1744,1,1,0,4859,4861,C
2-PB1,1745,4879,2,1,0,4882,A
2-PB1,1746,4914,0,5,0,4919,A
2-PB1,1747,4934,0,2,0,4936,A
2-PB1,1748,2,13,0,4913,4928,C
2-PB1,1749,4,1,0,4913,4918,C
2-PB1,1750,1,21,0,4871,4893,C
2-PB1,1751,4894,1,0,0,4895,A
2-PB1,1752,4964,1,5,0,4970,A
2-PB1,1753,0,4945,0,2,4947,T
2-PB1,1754,0,7,0,4944,4951,C
2-PB1,1755,4893,2,4,0,4899,A
2-PB1,1756,4860,0,3,0,4863,A
2-PB1,1757,6,3,4920,0,4929,G
2-PB1,1758,0,2,4901,0,4903,G
2-PB1,1759,0,1,4911,1,4913,G
2-PB1,1760,0,2,0,4904,4906,C
2-PB1,1761,4799,1,6,0,4806,A
2-PB1,1762,4,0,4942,0,4946,G
2-PB1,1763,0,0,4971,6,4977,G
2-PB1,1764,4992,1,6,0,4999,A
2-PB1,1765,1,1,0,5047,5049,C
2-PB1,1766,0,4937,0,2,4939,T
2-PB1,1767,5060,6,18,0,5084,A
2-PB1,1768,1,5041,0,8,5050,T
2-PB1,1769,0,5051,0,0,5051,T
2-PB1,1770,2,0,5055,0,5057,G
2-PB1,1771,5,2,5048,0,5055,G
2-PB1,1772,2,4970,3,2,4977,T
2-PB1,1773,4979,1,1,0,4981,A
2-PB1,1774,0,4875,0,2,4877,T
2-PB1,1775,2,2,2,4905,4911,C
2-PB1,1776,4782,0,3,0,4785,A
2-PB1,1777,0,0,4857,0,4857,G
2-PB1,1778,4844,0,2,0,4846,A
2-PB1,1779,0,4804,0,1,4805,T
2-PB1,1780,21,3,4598,0,4622,G
2-PB1,1781,0,3,4603,0,4606,G
2-PB1,1782,1,1,4591,0,4593,G
2-PB1,1783,2,1,4604,0,4607,G
2-PB1,1784,2,3,4604,0,4609,G
2-PB1,1785,4585,1,5,0,4591,A
2-PB1,1786,1,1,0,4541,4543,C
2-PB1,1787,1,1,0,4543,4545,C
2-PB1,1788,4558,0,1,0,4559,A
2-PB1,1789,4912,0,1,0,4913,A
2-PB1,1790,4944,2,1,1,4948,A
2-PB1,1791,0,0,0,5040,5040,C
2-PB1,1792,0,4988,1,4,4993,T
2-PB1,1793,0,4973,0,2,4975,T
2-PB1,1794,5001,0,0,0,5001,A
2-PB1,1795,0,4992,1,0,4993,T
2-PB1,1796,4995,0,4,0,4999,A
2-PB1,1797,0,0,0,5014,5014,C
2-PB1,1798,4562,1,2,0,4565,A
2-PB1,1799,4578,0,0,0,4578,A
2-PB1,1800,0,4439,0,0,4439,T
2-PB1,1801,4541,0,0,0,4541,A
2-PB1,1802,0,4516,0,1,4517,T
2-PB1,1803,1,0,0,4509,4510,C
2-PB1,1804,0,1,0,4503,4504,C
2-PB1,1805,3,0,4506,0,4509,G
2-PB1,1806,20,3,4485,0,4508,G
2-PB1,1807,4511,2,2,0,4515,A
2-PB1,1808,4520,0,0,0,4520,A
2-PB1,1809,0,4516,0,0,4516,T
2-PB1,1810,2,0,0,4540,4542,C
2-PB1,1811,1,4506,0,7,4514,T
2-PB1,1812,1,4524,1,2,4528,T
2-PB1,1813,0,1,0,4530,4531,C
2-PB1,1814,4519,5,2,0,4526,A
2-PB1,1815,0,0,0,4537,4537,C
2-PB1,1816,4525,0,3,0,4528,A
2-PB1,1817,0,4889,0,1,4890,T
2-PB1,1818,0,0,0,4905,4905,C
2-PB1,1819,3,3,0,4893,4899,C
2-PB1,1820,2,3,0,4930,4935,C
2-PB1,1821,0,4919,0,12,4931,T
2-PB1,1822,4,0,4922,0,4926,G
2-PB1,1823,4909,1,0,0,4910,A
2-PB1,1824,4882,0,3,0,4885,A
2-PB1,1825,1,0,4908,0,4909,G
2-PB1,1826,1,4511,0,10,4522,T
2-PB1,1827,1,0,0,4532,4533,C
2-PB1,1828,1,4448,0,6,4455,T
2-PB1,1829,1,0,4621,0,4622,G
2-PB1,1830,0,1,0,4609,4610,C
2-PB1,1831,0,4606,1,3,4610,T
2-PB1,1832,0,4615,0,2,4617,T
2-PB1,1833,4608,0,3,0,4611,A
2-PB1,1834,4615,0,1,1,4617,A
2-PB1,1835,4626,0,1,0,4627,A
2-PB1,1836,0,1,4666,1,4668,G
2-PB1,1837,2,4566,0,2,4570,T
2-PB1,1838,1,2,4472,0,4475,G
2-PB1,1839,1,0,4489,1,4491,G
2-PB1,1840,0,4,4504,0,4508,G
2-PB1,1841,4467,2,22,0,4491,A
2-PB1,1842,0,0,4465,0,4465,G
2-PB1,1843,28,2,0,4435,4465,C
2-PB1,1844,0,4439,1,2,4442,T
2-PB1,1845,0,0,4455,0,4455,G
2-PB1,1846,4443,0,4,0,4447,A
2-PB1,1847,0,4445,0,0,4445,T
2-PB1,1848,0,0,4465,1,4466,G
2-PB1,1849,0,0,4449,0,4449,G
2-PB1,1850,4434,0,0,4,4438,A
2-PB1,1851,0,4427,0,1,4428,T
2-PB1,1852,0,0,4433,0,4433,G
2-PB1,1853,4397,1,2,0,4400,A
2-PB1,1854,0,1,4489,0,4490,G
2-PB1,1855,4469,0,2,0,4471,A
2-PB1,1856,4489,0,1,0,4490,A
2-PB1,1857,2,4457,0,1,4460,T
2-PB1,1858,0,4425,1,1,4427,T
2-PB1,1859,4452,0,1,0,4453,A
2-PB1,1860,0,4447,0,2,4449,T
2-PB1,1861,0,5,0,4451,4456,C
2-PB1,1862,1,1,4470,0,4472,G
2-PB1,1863,0,1,4400,0,4401,G
2-PB1,1864,2,3,4387,0,4392,G
2-PB1,1865,0,1,4408,0,4409,G
2-PB1,1866,4390,2,1,0,4393,A
2-PB1,1867,4403,0,4,0,4407,A
2-PB1,1868,1,1,4442,0,4444,G
2-PB1,1869,4470,0,5,0,4475,A
2-PB1,1870,2,1,0,4517,4520,C
2-PB1,1871,1,4459,0,1,4461,T
2-PB1,1872,0,4574,0,1,4575,T
2-PB1,1873,0,4583,0,2,4585,T
2-PB1,1874,0,0,4640,0,4640,G
2-PB1,1875,0,4634,0,1,4635,T
2-PB1,1876,4609,0,0,0,4609,A
2-PB1,1877,4593,1,2,0,4596,A
2-PB1,1878,1,4489,1,2,4493,T
2-PB1,1879,0,1,0,4543,4544,C
2-PB1,1880,2,1,0,4531,4534,C
2-PB1,1881,2,2,0,4499,4503,C
2-PB1,1882,1,0,0,4527,4528,C
2-PB1,1883,1,4488,1,8,4498,T
2-PB1,1884,1,2,4507,1,4511,G
2-PB1,1885,4516,0,2,0,4518,A
2-PB1,1886,4515,0,1,1,4517,A
2-PB1,1887,1,4515,0,4,4520,T
2-PB1,1888,1,0,0,4499,4500,C
2-PB1,1889,0,0,1,4466,4467,C
2-PB1,1890,2,1,0,4476,4479,C
2-PB1,1891,0,4426,0,2,4428,T
2-PB1,1892,1,4448,0,2,4451,T
2-PB1,1893,0,4426,1,1,4428,T
2-PB1,1894,1,0,4442,0,4443,G
2-PB1,1895,0,4407,0,10,4417,T
2-PB1,1896,2,1,0,4399,4402,C
2-PB1,1897,4360,2,6,1,4369,A
2-PB1,1898,0,0,4455,0,4455,G
2-PB1,1899,1,1,0,4448,4450,C
2-PB1,1900,0,1,1,4457,4459,C
2-PB1,1901,4471,0,0,0,4471,A
2-PB1,1902,1,4467,0,1,4469,T
2-PB1,1903,4478,0,3,0,4481,A
2-PB1,1904,4503,1,1,0,4505,A
2-PB1,1905,4492,0,7,0,4499,A
2-PB1,1906,1,0,4557,0,4558,G
2-PB1,1907,4439,0,1,2,4442,A
2-PB1,1908,4459,0,2,1,4462,A
2-PB1,1909,4470,0,2,1,4473,A
2-PB1,1910,0,4458,1,0,4459,T
2-PB1,1911,3,4438,0,2,4443,T
2-PB1,1912,0,0,4457,0,4457,G
2-PB1,1913,4413,3,6,0,4422,A
2-PB1,1914,1,0,4515,0,4516,G
2-PB1,1915,1,4489,1,3,4494,T
2-PB1,1916,0,0,0,4539,4539,C
2-PB1,1917,0,4525,1,3,4529,T
2-PB1,1918,1,0,4649,0,4650,G
2-PB1,1919,1,4633,0,4,4638,T
2-PB1,1920,4714,0,2,0,4716,A
2-PB1,1921,4706,1,7,1,4715,A
2-PB1,1922,4716,0,3,1,4720,A
2-PB1,1923,2,0,0,4729,4731,C
2-PB1,1924,4569,1,2,0,4572,A
2-PB1,1925,4720,0,0,0,4720,A
2-PB1,1926,0,4701,2,0,4703,T
2-PB1,1927,1,2,4679,0,4682,G
2-PB1,1928,1,1,0,4721,4723,C
2-PB1,1929,2,4634,1,5,4642,T
2-PB1,1930,1,0,4810,0,4811,G
2-PB1,1931,1,4804,0,3,4808,T
2-PB1,1932,4907,0,4,0,4911,A
2-PB1,1933,1,0,4917,0,4918,G
2-PB1,1934,0,4786,0,1,4787,T
2-PB1,1935,4751,0,0,0,4751,A
2-PB1,1936,4732,0,1,0,4733,A
2-PB1,1937,1,4700,0,1,4702,T
2-PB1,1938,2,0,4681,1,4684,G
2-PB1,1939,0,1,1,4623,4625,C
2-PB1,1940,0,0,0,4574,4574,C
2-PB1,1941,4476,0,5,1,4482,A
2-PB1,1942,1,0,4524,0,4525,G
2-PB1,1943,1,1,0,4666,4668,C
2-PB1,1944,2,0,0,4657,4659,C
2-PB1,1945,0,4,0,4651,4655,C
2-PB1,1946,4631,0,7,0,4638,A
2-PB1,1947,1,4629,0,8,4638,T
2-PB1,1948,1,2,4636,0,4639,G
2-PB1,1949,0,0,4645,0,4645,G
2-PB1,1950,1,4608,1,5,4615,T
2-PB1,1951,2,6,0,4580,4588,C
2-PB1,1952,0,1,0,4409,4410,C
2-PB1,1953,1,0,4482,0,4483,G
2-PB1,1954,4,1,4497,0,4502,G
2-PB1,1955,2,1,1,4477,4481,C
2-PB1,1956,2,1,0,4482,4485,C
2-PB1,1957,4494,2,1,1,4498,A
2-PB1,1958,4521,0,1,0,4522,A
2-PB1,1959,4526,1,0,0,4527,A
2-PB1,1960,4529,0,2,0,4531,A
2-PB1,1961,1,0,4631,0,4632,G
2-PB1,1962,0,4492,0,1,4493,T
2-PB1,1963,4530,0,0,0,4530,A
2-PB1,1964,0,4525,0,0,4525,T
2-PB1,1965,2,0,4518,0,4520,G
2-PB1,1966,1,1,4636,0,4638,G
2-PB1,1967,4596,0,3,0,4599,A
2-PB1,1968,4648,2,2,0,4652,A
2-PB1,1969,0,4620,0,5,4625,T
2-PB1,1970,4567,0,1,0,4568,A
2-PB1,1971,0,4561,0,4,4565,T
2-PB1,1972,1,0,4523,1,4525,G
2-PB1,1973,4495,0,7,1,4503,A
2-PB1,1974,0,4500,1,6,4507,T
2-PB1,1975,2,0,4358,0,4360,G
2-PB1,1976,0,2,8,4358,4368,C
2-PB1,1977,0,1,0,4320,4321,C
2-PB1,1978,1,0,4332,0,4333,G
2-PB1,1979,0,4327,0,2,4329,T
2-PB1,1980,1,4310,0,5,4316,T
2-PB1,1981,0,0,4332,0,4332,G
2-PB1,1982,0,0,1,4416,4417,C
2-PB1,1983,4422,0,2,0,4424,A
2-PB1,1984,4502,0,0,0,4502,A
2-PB1,1985,0,0,0,4504,4504,C
2-PB1,1986,0,4485,0,1,4486,T
2-PB1,1987,4513,0,1,0,4514,A
2-PB1,1988,1,0,0,4497,4498,C
2-PB1,1989,4495,0,6,0,4501,A
2-PB1,1990,1,2,0,4520,4523,C
2-PB1,1991,4343,0,0,1,4344,A
2-PB1,1992,0,1,0,4771,4772,C
2-PB1,1993,1,4634,1,3,4639,T
2-PB1,1994,0,1,0,4699,4700,C
2-PB1,1995,0,2,1,4705,4708,C
2-PB1,1996,0,4674,0,6,4680,T
2-PB1,1997,5,2,4675,0,4682,G
2-PB1,1998,1,0,4676,0,4677,G
2-PB1,1999,4657,0,1,0,4658,A
2-PB1,2000,0,4658,0,2,4660,T
2-PB1,2001,0,4115,0,3,4118,T
2-PB1,2002,1,0,0,4203,4204,C
2-PB1,2003,0,0,0,4183,4183,C
2-PB1,2004,3,2,0,4206,4211,C
2-PB1,2005,4220,0,1,0,4221,A
2-PB1,2006,4202,1,3,1,4207,A
2-PB1,2007,0,3,4226,1,4230,G
2-PB1,2008,4184,0,6,0,4190,A
2-PB1,2009,2,0,4194,0,4196,G
2-PB1,2010,1,1,4202,0,4204,G
2-PB1,2011,4138,0,2,0,4140,A
2-PB1,2012,4132,1,5,0,4138,A
2-PB1,2013,0,0,0,4143,4143,C
2-PB1,2014,1,0,0,4114,4115,C
2-PB1,2015,2,0,4193,0,4195,G
2-PB1,2016,0,1,0,4185,4186,C
2-PB1,2017,0,4150,0,5,4155,T
2-PB1,2018,1,1,1,4199,4202,C
2-PB1,2019,1,4162,0,1,4164,T
2-PB1,2020,4542,0,1,0,4543,A
2-PB1,2021,0,4537,0,6,4543,T
2-PB1,2022,0,4545,1,3,4549,T
2-PB1,2023,0,1,0,4570,4571,C
2-PB1,2024,0,4392,0,1,4393,T
2-PB1,2025,4409,0,0,1,4410,A
2-PB1,2026,4385,0,3,0,4388,A
2-PB1,2027,4419,0,0,0,4419,A
2-PB1,2028,0,0,0,4426,4426,C
2-PB1,2029,4040,0,0,0,4040,A
2-PB1,2030,0,0,0,4034,4034,C
2-PB1,2031,3972,0,2,0,3974,A
2-PB1,2032,4015,0,6,0,4021,A
2-PB1,2033,2,0,4045,0,4047,G
2-PB1,2034,0,0,0,4038,4038,C
2-PB1,2035,2,0,0,4049,4051,C
2-PB1,2036,4015,0,0,0,4015,A
2-PB1,2037,4009,0,3,0,4012,A
2-PB1,2038,3984,2,16,1,4003,A
2-PB1,2039,2,1,4067,0,4070,G
2-PB1,2040,1,0,4063,0,4064,G
2-PB1,2041,0,2,3983,0,3985,G
2-PB1,2042,0,0,3999,1,4000,G
2-PB1,2043,3950,0,3,0,3953,A
2-PB1,2044,3989,0,0,0,3989,A
2-PB1,2045,0,3999,0,0,3999,T
2-PB1,2046,0,3982,0,3,3985,T
2-PB1,2047,0,0,0,4011,4011,C
2-PB1,2048,0,3975,0,3,3978,T
2-PB1,2049,10,3964,1,1,3976,T
2-PB1,2050,0,1,3975,0,3976,G
2-PB1,2051,3954,1,5,0,3960,A
2-PB1,2052,1,0,3981,0,3982,G
2-PB1,2053,0,0,3971,0,3971,G
2-PB1,2054,3948,1,0,0,3949,A
2-PB1,2055,1,3933,1,1,3936,T
2-PB1,2056,1,2,3968,0,3971,G
2-PB1,2057,3956,1,4,0,3961,A
2-PB1,2058,3967,0,3,0,3970,A
2-PB1,2059,0,2,0,3980,3982,C
2-PB1,2060,3935,0,1,0,3936,A
2-PB1,2061,0,0,4003,0,4003,G
2-PB1,2062,3964,0,6,0,3970,A
2-PB1,2063,0,3976,0,3,3979,T
2-PB1,2064,0,0,4015,0,4015,G
2-PB1,2065,0,4078,0,7,4085,T
2-PB1,2066,4088,0,4,0,4092,A
2-PB1,2067,1,1,0,4070,4072,C
2-PB1,2068,1,13,0,4036,4050,C
2-PB1,2069,3997,0,3,0,4000,A
2-PB1,2070,0,0,3964,0,3964,G
2-PB1,2071,3900,0,2,0,3902,A
2-PB1,2072,3893,0,1,0,3894,A
2-PB1,2073,0,0,3908,1,3909,G
2-PB1,2074,0,3676,0,2,3678,T
2-PB1,2075,0,0,3697,1,3698,G
2-PB1,2076,0,1,0,3691,3692,C
2-PB1,2077,0,3681,0,4,3685,T
2-PB1,2078,1,1,3686,0,3688,G
2-PB1,2079,0,0,1,3671,3672,C
2-PB1,2080,3688,0,0,0,3688,A
2-PB1,2081,3692,1,2,0,3695,A
2-PB1,2082,0,1,0,3627,3628,C
2-PB1,2083,0,3614,0,3,3617,T
2-PB1,2084,0,3574,0,1,3575,T
2-PB1,2085,1,0,3575,1,3577,G
2-PB1,2086,0,3567,0,0,3567,T
2-PB1,2087,0,3569,0,0,3569,T
2-PB1,2088,1,0,0,3558,3559,C
2-PB1,2089,0,0,3564,0,3564,G
2-PB1,2090,3548,0,3,0,3551,A
2-PB1,2091,0,1,3559,0,3560,G
2-PB1,2092,3554,1,1,1,3557,A
2-PB1,2093,3555,0,0,1,3556,A
2-PB1,2094,3567,0,0,0,3567,A
2-PB1,2095,1,3550,0,0,3551,T
2-PB1,2096,1,3553,0,1,3555,T
2-PB1,2097,0,3553,0,1,3554,T
2-PB1,2098,0,3555,0,0,3555,T
2-PB1,2099,0,3556,0,0,3556,T
2-PB1,2100,1,0,1,3580,3582,C
2-PB1,2101,1,1,0,3585,3587,C
2-PB1,2102,0,1,0,3595,3596,C
2-PB1,2103,0,3575,0,4,3579,T
2-PB1,2104,3575,0,1,0,3576,A
2-PB1,2105,2,0,3616,0,3618,G
2-PB1,2106,0,3614,0,2,3616,T
2-PB1,2107,3636,0,1,0,3637,A
2-PB1,2108,1,0,3675,0,3676,G
2-PB1,2109,1,3609,0,1,3611,T
2-PB1,2110,0,3744,1,6,3751,T
2-PB1,2111,3,2,0,3796,3801,C
2-PB1,2112,3860,0,7,0,3867,A
2-PB1,2113,1,3869,0,1,3871,T
2-PB1,2114,3876,1,1,0,3878,A
2-PB1,2115,0,3874,0,6,3880,T
2-PB1,2116,3720,0,1,1,3722,A
2-PB1,2117,1,1,3701,0,3703,G
2-PB1,2118,0,0,3686,0,3686,G
2-PB1,2119,3211,1,5,0,3217,A
2-PB1,2120,1,0,3229,0,3230,G
2-PB1,2121,3025,1,2,0,3028,A
2-PB1,2122,1,1,0,3022,3024,C
2-PB1,2123,0,1,0,2925,2926,C
2-PB1,2124,0,0,2923,0,2923,G
2-PB1,2125,2912,0,1,0,2913,A
2-PB1,2126,0,2901,0,0,2901,T
2-PB1,2127,0,2901,0,1,2902,T
2-PB1,2128,0,0,2910,0,2910,G
2-PB1,2129,0,1,2911,0,2912,G
2-PB1,2130,2905,0,10,0,2915,A
2-PB1,2131,2918,0,0,0,2918,A
2-PB1,2132,0,2905,0,0,2905,T
2-PB1,2133,2,2913,1,0,2916,T
2-PB1,2134,0,2917,0,0,2917,T
2-PB1,2135,0,0,0,2914,2914,C
2-PB1,2136,0,2919,0,4,2923,T
2-PB1,2137,2914,0,4,1,2919,A
2-PB1,2138,0,0,2925,0,2925,G
2-PB1,2139,0,1,0,2897,2898,C
2-PB1,2140,2901,0,0,0,2901,A
2-PB1,2141,0,2895,0,0,2895,T
2-PB1,2142,1,0,2847,0,2848,G
2-PB1,2143,1,0,2947,0,2948,G
2-PB1,2144,0,2939,0,1,2940,T
2-PB1,2145,1,1,2936,0,2938,G
2-PB1,2146,0,1,2939,0,2940,G
2-PB1,2147,2896,1,8,0,2905,A
2-PB1,2148,0,0,2919,0,2919,G
2-PB1,2149,0,1,2913,0,2914,G
2-PB1,2150,0,0,0,2877,2877,C
2-PB1,2151,0,1,1,2852,2854,C
2-PB1,2152,2644,0,2,0,2646,A
2-PB1,2153,0,2645,0,2,2647,T
2-PB1,2154,3,0,2658,0,2661,G
2-PB1,2155,1,0,2676,0,2677,G
2-PB1,2156,2,2602,0,3,2607,T
2-PB1,2157,0,0,2653,0,2653,G
2-PB1,2158,2,2587,1,5,2595,T
2-PB1,2159,0,0,0,2566,2566,C
2-PB1,2160,0,2579,0,1,2580,T
2-PB1,2161,2546,1,4,0,2551,A
2-PB1,2162,1,4,2542,0,2547,G
2-PB1,2163,1,1,2480,1,2483,G
2-PB1,2164,0,0,2454,0,2454,G
2-PB1,2165,0,0,0,2388,2388,C
2-PB1,2166,3,0,0,2247,2250,C
2-PB1,2167,1,0,0,2206,2207,C
2-PB1,2168,3,4,2204,0,2211,G
2-PB1,2169,0,0,2210,0,2210,G
2-PB1,2170,2213,0,0,0,2213,A
2-PB1,2171,1,2211,1,0,2213,T
2-PB1,2172,0,2141,0,0,2141,T
2-PB1,2173,0,0,2108,0,2108,G
2-PB1,2174,2099,0,5,0,2104,A
2-PB1,2175,0,2120,0,1,2121,T
2-PB1,2176,2,0,2113,0,2115,G
2-PB1,2177,1,3,0,2087,2091,C
2-PB1,2178,0,1,1,2088,2090,C
2-PB1,2179,2075,0,3,0,2078,A
2-PB1,2180,0,1,2080,0,2081,G
2-PB1,2181,2071,0,1,0,2072,A
2-PB1,2182,2073,0,10,0,2083,A
2-PB1,2183,0,2076,0,1,2077,T
2-PB1,2184,0,2035,0,3,2038,T
2-PB1,2185,0,0,2049,0,2049,G
2-PB1,2186,2031,0,3,0,2034,A
2-PB1,2187,12,0,0,2024,2036,C
2-PB1,2188,1,2007,0,3,2011,T
2-PB1,2189,0,1996,0,1,1997,T
2-PB1,2190,0,0,0,2007,2007,C
2-PB1,2191,0,0,1999,0,1999,G
2-PB1,2192,1988,0,1,0,1989,A
2-PB1,2193,1,0,1944,1,1946,G
2-PB1,2194,0,1960,0,2,1962,T
2-PB1,2195,0,0,0,1962,1962,C
2-PB1,2196,2,1966,0,2,1970,T
2-PB1,2197,0,0,1975,0,1975,G
2-PB1,2198,0,0,1976,0,1976,G
2-PB1,2199,1971,0,2,0,1973,A
2-PB1,2200,1835,0,1,1,1837,A
2-PB1,2201,0,1,1852,0,1853,G
2-PB1,2202,0,1,1877,0,1878,G
2-PB1,2203,1880,0,2,0,1882,A
2-PB1,2204,0,1858,0,0,1858,T
2-PB1,2205,0,1858,0,10,1868,T
2-PB1,2206,1859,0,0,0,1859,A
2-PB1,2207,1851,0,1,0,1852,A
2-PB1,2208,0,0,1859,0,1859,G
2-PB1,2209,1842,0,3,0,1845,A
2-PB1,2210,1726,0,2,0,1728,A
2-PB1,2211,1,0,1599,0,1600,G
2-PB1,2212,1,0,1597,0,1598,G
2-PB1,2213,1592,0,0,0,1592,A
2-PB1,2214,1592,0,3,0,1595,A
2-PB1,2215,0,0,1599,0,1599,G
2-PB1,2216,1549,0,1,0,1550,A
2-PB1,2217,2,0,1546,0,1548,G
2-PB1,2218,0,1506,0,0,1506,T
2-PB1,2219,1,1494,0,0,1495,T
2-PB1,2220,0,0,0,1504,1504,C
2-PB1,2221,0,1467,0,0,1467,T
2-PB1,2222,0,0,0,1470,1470,C
2-PB1,2223,0,1472,0,0,1472,T
2-PB1,2224,0,2,1464,0,1466,G
2-PB1,2225,1419,0,1,0,1420,A
2-PB1,2226,1,0,1416,0,1417,G
2-PB1,2227,1399,0,2,0,1401,A
2-PB1,2228,0,1362,0,1,1363,T
2-PB1,2229,0,0,0,1294,1294,C
2-PB1,2230,1297,0,0,0,1297,A
2-PB1,2231,0,1288,0,0,1288,T
2-PB1,2232,0,1,1286,0,1287,G
2-PB1,2233,1262,0,0,1,1263,A
2-PB1,2234,1,0,1190,0,1191,G
2-PB1,2235,0,0,1190,0,1190,G
2-PB1,2236,1191,0,2,0,1193,A
2-PB1,2237,0,1186,0,2,1188,T
2-PB1,2238,0,1,0,1176,1177,C
2-PB1,2239,0,1100,0,1,1101,T
2-PB1,2240,0,0,1104,0,1104,G
2-PB1,2241,0,1099,0,1,1100,T
2-PB1,2242,0,1082,0,2,1084,T
2-PB1,2243,0,0,0,1075,1075,C
2-PB1,2244,0,0,0,1013,1013,C
2-PB1,2245,1007,1,3,0,1011,A
2-PB1,2246,0,1,0,1003,1004,C
2-PB1,2247,0,0,0,940,940,C
2-PB1,2248,907,1,0,0,908,A
2-PB1,2249,1,834,0,1,836,T
2-PB1,2250,0,799,0,1,800,T
2-PB1,2251,0,1,798,0,799,G
2-PB1,2252,792,0,1,0,793,A
2-PB1,2253,787,1,0,0,788,A
2-PB1,2254,0,0,790,0,790,G
2-PB1,2255,679,0,0,0,679,A
2-PB1,2256,676,0,1,0,677,A
2-PB1,2257,1,1,0,673,675,C
2-PB1,2258,0,647,0,0,647,T
2-PB1,2259,0,0,0,648,648,C
2-PB1,2260,626,0,0,0,626,A
2-PB1,2261,1,0,625,0,626,G
2-PB1,2262,621,0,2,0,623,A
2-PB1,2263,0,0,0,597,597,C
2-PB1,2264,0,0,587,0,587,G
2-PB1,2265,0,0,579,0,579,G
2-PB1,2266,0,0,0,580,580,C
2-PB1,2267,578,0,0,0,578,A
2-PB1,2268,574,0,0,0,574,A
2-PB1,2269,570,0,0,0,570,A
2-PB1,2270,574,0,0,0,574,A
2-PB1,2271,574,0,0,0,574,A
2-PB1,2272,0,560,0,0,560,T
2-PB1,2273,533,0,0,0,533,A
2-PB1,2274,533,0,0,0,533,A
3-PA,1,174,0,0,0,174,A
3-PA,2,0,175,0,0,175,T
3-PA,3,0,0,187,0,187,G
3-PA,4,0,0,192,0,192,G
3-PA,5,189,0,0,0,189,A
3-PA,6,192,0,0,0,192,A
3-PA,7,0,0,192,0,192,G
3-PA,8,198,0,0,0,198,A
3-PA,9,0,200,0,0,200,T
3-PA,10,0,198,0,0,198,T
3-PA,11,0,202,0,0,202,T
3-PA,12,0,203,0,0,203,T
3-PA,13,0,0,208,0,208,G
3-PA,14,0,208,0,0,208,T
3-PA,15,0,0,207,0,207,G
3-PA,16,0,0,0,216,216,C
3-PA,17,0,0,215,0,215,G
3-PA,18,234,0,0,0,234,A
3-PA,19,0,0,0,236,236,C
3-PA,20,236,0,0,0,236,A
3-PA,21,236,0,0,0,236,A
3-PA,22,0,243,0,1,244,T
3-PA,23,0,0,287,0,287,G
3-PA,24,0,0,0,288,288,C
3-PA,25,0,290,0,0,290,T
3-PA,26,1,288,0,0,289,T
3-PA,27,0,0,0,290,290,C
3-PA,28,295,0,0,0,295,A
3-PA,29,303,0,0,0,303,A
3-PA,30,0,0,0,310,310,C
3-PA,31,0,0,0,310,310,C
3-PA,32,0,0,0,310,310,C
3-PA,33,1,0,314,0,315,G
3-PA,34,309,0,0,0,309,A
3-PA,35,0,317,0,0,317,T
3-PA,36,0,0,316,0,316,G
3-PA,37,312,0,0,0,312,A
3-PA,38,0,322,0,0,322,T
3-PA,39,0,320,0,0,320,T
3-PA,40,0,0,328,0,328,G
3-PA,41,0,324,0,1,325,T
3-PA,42,0,0,0,326,326,C
3-PA,43,0,0,328,0,328,G
3-PA,44,328,0,0,0,328,A
3-PA,45,329,0,0,0,329,A
3-PA,46,0,0,0,336,336,C
3-PA,47,0,337,0,0,337,T
3-PA,48,0,337,0,1,338,T
3-PA,49,0,0,341,0,341,G
3-PA,50,0,1,0,340,341,C
3-PA,51,341,0,0,0,341,A
3-PA,52,0,0,347,0,347,G
3-PA,53,344,0,0,1,345,A
3-PA,54,344,0,0,0,344,A
3-PA,55,344,0,0,0,344,A
3-PA,56,346,0,0,0,346,A
3-PA,57,353,0,1,0,354,A
3-PA,58,0,0,356,0,356,G
3-PA,59,0,0,0,377,377,C
3-PA,60,375,0,0,0,375,A
3-PA,61,405,0,0,0,405,A
3-PA,62,0,405,0,0,405,T
3-PA,63,0,0,413,0,413,G
3-PA,64,421,0,0,0,421,A
3-PA,65,422,1,0,0,423,A
3-PA,66,420,0,1,0,421,A
3-PA,67,0,0,461,0,461,G
3-PA,68,488,0,0,0,488,A
3-PA,69,0,0,582,0,582,G
3-PA,70,0,581,0,0,581,T
3-PA,71,582,0,1,0,583,A
3-PA,72,0,580,0,0,580,T
3-PA,73,0,0,586,0,586,G
3-PA,74,0,0,588,0,588,G
3-PA,75,0,1,584,0,585,G
3-PA,76,0,0,588,0,588,G
3-PA,77,578,0,0,0,578,A
3-PA,78,0,0,571,0,571,G
3-PA,79,1,0,580,0,581,G
3-PA,80,572,0,0,0,572,A
3-PA,81,0,585,0,0,585,T
3-PA,82,0,0,0,590,590,C
3-PA,83,0,588,0,0,588,T
3-PA,84,0,0,592,0,592,G
3-PA,85,592,0,0,0,592,A
3-PA,86,591,0,0,0,591,A
3-PA,87,593,0,0,0,593,A
3-PA,88,595,0,0,0,595,A
3-PA,89,0,597,0,0,597,T
3-PA,90,0,597,0,0,597,T
3-PA,91,0,0,594,0,594,G
3-PA,92,594,0,0,0,594,A
3-PA,93,593,0,0,0,593,A
3-PA,94,594,0,1,0,595,A
3-PA,95,0,0,0,595,595,C
3-PA,96,0,0,1,588,589,C
3-PA,97,604,0,0,0,604,A
3-PA,98,602,0,2,0,604,A
3-PA,99,1,0,0,606,607,C
3-PA,100,607,0,0,0,607,A
3-PA,101,609,0,0,0,609,A
3-PA,102,607,0,0,0,607,A
3-PA,103,0,608,0,0,608,T
3-PA,104,0,614,0,0,614,T
3-PA,105,0,610,0,0,610,T
3-PA,106,0,0,611,0,611,G
3-PA,107,0,0,0,613,613,C
3-PA,108,613,0,1,0,614,A
3-PA,109,0,1,649,0,650,G
3-PA,110,0,0,0,652,652,C
3-PA,111,677,0,0,0,677,A
3-PA,112,692,0,0,0,692,A
3-PA,113,0,698,0,0,698,T
3-PA,114,706,0,0,0,706,A
3-PA,115,0,707,0,0,707,T
3-PA,116,0,0,716,0,716,G
3-PA,117,0,3,0,716,719,C
3-PA,118,715,0,0,0,715,A
3-PA,119,2,0,0,727,729,C
3-PA,120,0,719,0,0,719,T
3-PA,121,0,0,0,895,895,C
3-PA,122,920,0,0,0,920,A
3-PA,123,0,0,0,947,947,C
3-PA,124,0,941,0,0,941,T
3-PA,125,0,937,0,0,937,T
3-PA,126,0,0,938,0,938,G
3-PA,127,1,0,948,0,949,G
3-PA,128,939,0,1,0,940,A
3-PA,129,0,0,959,0,959,G
3-PA,130,0,0,947,0,947,G
3-PA,131,0,900,0,0,900,T
3-PA,132,0,0,945,0,945,G
3-PA,133,0,953,0,0,953,T
3-PA,134,0,0,975,0,975,G
3-PA,135,0,972,0,3,975,T
3-PA,136,0,974,0,1,975,T
3-PA,137,0,973,0,0,973,T
3-PA,138,0,1,0,980,981,C
3-PA,139,981,0,0,0,981,A
3-PA,140,0,984,0,0,984,T
3-PA,141,0,0,1013,0,1013,G
3-PA,142,0,1000,0,2,1002,T
3-PA,143,1005,0,0,0,1005,A
3-PA,144,0,1003,0,0,1003,T
3-PA,145,0,1003,0,0,1003,T
3-PA,146,0,0,0,1010,1010,C
3-PA,147,1006,1,0,0,1007,A
3-PA,148,1,1,1015,0,1017,G
3-PA,149,1011,1,0,0,1012,A
3-PA,150,0,1008,0,1,1009,T
3-PA,151,0,1007,0,2,1009,T
3-PA,152,0,1009,0,0,1009,T
3-PA,153,1,1,0,1002,1004,C
3-PA,154,0,0,0,1028,1028,C
3-PA,155,1026,0,0,0,1026,A
3-PA,156,0,1030,0,0,1030,T
3-PA,157,0,1025,0,0,1025,T
3-PA,158,0,1028,0,0,1028,T
3-PA,159,0,0,0,1027,1027,C
3-PA,160,1034,0,1,0,1035,A
3-PA,161,0,1078,0,0,1078,T
3-PA,162,0,1,0,1077,1078,C
3-PA,163,1075,0,0,0,1075,A
3-PA,164,1081,0,0,0,1081,A
3-PA,165,0,1078,0,0,1078,T
3-PA,166,1,0,1118,0,1119,G
3-PA,167,1122,0,2,0,1124,A
3-PA,168,1119,0,1,0,1120,A
3-PA,169,0,0,0,1120,1120,C
3-PA,170,1111,0,1,0,1112,A
3-PA,171,1118,0,0,0,1118,A
3-PA,172,0,1,1125,0,1126,G
3-PA,173,0,0,1121,0,1121,G
3-PA,174,0,1,0,1122,1123,C
3-PA,175,6,0,1120,0,1126,G
3-PA,176,1191,0,1,0,1192,A
3-PA,177,1202,0,0,0,1202,A
3-PA,178,0,1207,0,0,1207,T
3-PA,179,1,0,0,1222,1223,C
3-PA,180,1217,0,1,0,1218,A
3-PA,181,1230,0,0,0,1230,A
3-PA,182,0,1234,0,1,1235,T
3-PA,183,1234,0,0,0,1234,A
3-PA,184,1,0,1264,0,1265,G
3-PA,185,0,1261,0,0,1261,T
3-PA,186,0,0,1277,0,1277,G
3-PA,187,0,0,1273,0,1273,G
3-PA,188,0,1265,1,2,1268,T
3-PA,189,1267,0,1,0,1268,A
3-PA,190,1,0,1275,0,1276,G
3-PA,191,1272,0,0,0,1272,A
3-PA,192,1281,0,0,0,1281,A
3-PA,193,0,0,0,1277,1277,C
3-PA,194,0,1254,0,0,1254,T
3-PA,195,1,1247,0,0,1248,T
3-PA,196,0,0,1250,0,1250,G
3-PA,197,1243,0,3,0,1246,A
3-PA,198,0,0,0,1251,1251,C
3-PA,199,0,1,1246,0,1247,G
3-PA,200,1284,1,0,0,1285,A
3-PA,201,0,1298,0,0,1298,T
3-PA,202,0,0,0,1318,1318,C
3-PA,203,0,0,0,1331,1331,C
3-PA,204,1337,0,0,0,1337,A
3-PA,205,1336,0,0,0,1336,A
3-PA,206,1336,0,1,0,1337,A
3-PA,207,0,1342,0,1,1343,T
3-PA,208,0,0,1337,0,1337,G
3-PA,209,0,0,0,1333,1333,C
3-PA,210,1319,0,1,0,1320,A
3-PA,211,0,0,0,1369,1369,C
3-PA,212,0,1351,0,0,1351,T
3-PA,213,4,0,1572,0,1576,G
3-PA,214,0,1577,0,2,1579,T
3-PA,215,0,1576,0,0,1576,T
3-PA,216,1571,0,2,0,1573,A
3-PA,217,1573,0,0,0,1573,A
3-PA,218,1571,0,1,0,1572,A
3-PA,219,0,0,1582,0,1582,G
3-PA,220,0,0,0,1558,1558,C
3-PA,221,1524,1,0,0,1525,A
3-PA,222,0,0,0,1529,1529,C
3-PA,223,1445,0,0,0,1445,A
3-PA,224,0,0,1526,0,1526,G
3-PA,225,1521,0,0,0,1521,A
3-PA,226,0,1520,0,1,1521,T
3-PA,227,0,1518,0,2,1520,T
3-PA,228,0,1512,0,0,1512,T
3-PA,229,0,1,1519,1,1521,G
3-PA,230,1520,0,1,0,1521,A
3-PA,231,1518,0,1,1,1520,A
3-PA,232,1524,0,1,0,1525,A
3-PA,233,0,1478,0,0,1478,T
3-PA,234,1475,0,0,0,1475,A
3-PA,235,1494,0,0,0,1494,A
3-PA,236,0,1491,1,0,1492,T
3-PA,237,0,0,0,1500,1500,C
3-PA,238,0,1,1495,0,1496,G
3-PA,239,1482,0,0,1,1483,A
3-PA,240,0,0,1502,0,1502,G
3-PA,241,2,1,1527,1,1531,G
3-PA,242,0,0,1525,0,1525,G
3-PA,243,0,0,1526,0,1526,G
3-PA,244,1512,0,2,0,1514,A
3-PA,245,0,1,1518,0,1519,G
3-PA,246,1542,2,2,0,1546,A
3-PA,247,0,0,1576,0,1576,G
3-PA,248,1563,0,6,0,1569,A
3-PA,249,0,1,0,1570,1571,C
3-PA,250,1559,0,1,0,1560,A
3-PA,251,0,1,1584,0,1585,G
3-PA,252,1579,0,2,1,1582,A
3-PA,253,1612,1,0,0,1613,A
3-PA,254,0,0,0,1609,1609,C
3-PA,255,1561,0,0,0,1561,A
3-PA,256,1552,0,0,0,1552,A
3-PA,257,0,1561,1,0,1562,T
3-PA,258,0,0,1617,0,1617,G
3-PA,259,0,0,1620,0,1620,G
3-PA,260,0,1,0,1603,1604,C
3-PA,261,0,0,0,1606,1606,C
3-PA,262,1,1589,0,0,1590,T
3-PA,263,2,2,1632,0,1636,G
3-PA,264,0,0,1638,0,1638,G
3-PA,265,1636,0,2,0,1638,A
3-PA,266,0,0,0,1652,1652,C
3-PA,267,1599,0,1,0,1600,A
3-PA,268,2,0,1829,0,1831,G
3-PA,269,0,1825,0,0,1825,T
3-PA,270,1853,0,1,0,1854,A
3-PA,271,0,1,1852,0,1853,G
3-PA,272,2,1810,0,0,1812,T
3-PA,273,1827,0,0,0,1827,A
3-PA,274,1827,0,0,0,1827,A
3-PA,275,1827,0,0,0,1827,A
3-PA,276,0,0,0,1852,1852,C
3-PA,277,1689,1,0,0,1690,A
3-PA,278,0,0,1741,0,1741,G
3-PA,279,0,1719,0,0,1719,T
3-PA,280,1734,1,0,0,1735,A
3-PA,281,0,1725,0,0,1725,T
3-PA,282,1,0,0,1757,1758,C
3-PA,283,1,1760,0,1,1762,T
3-PA,284,0,1,1760,0,1761,G
3-PA,285,0,0,0,1761,1761,C
3-PA,286,1752,0,0,0,1752,A
3-PA,287,1742,1,5,0,1748,A
3-PA,288,0,1,0,1748,1749,C
3-PA,289,1738,0,0,0,1738,A
3-PA,290,1,0,0,1812,1813,C
3-PA,291,0,1778,0,0,1778,T
3-PA,292,1789,0,0,0,1789,A
3-PA,293,0,0,0,1789,1789,C
3-PA,294,0,1775,0,1,1776,T
3-PA,295,0,1,1777,0,1778,G
3-PA,296,1,1,1776,0,1778,G
3-PA,297,1766,0,1,0,1767,A
3-PA,298,0,0,1767,0,1767,G
3-PA,299,0,0,0,1721,1721,C
3-PA,300,0,1720,0,1,1721,T
3-PA,301,0,0,1714,0,1714,G
3-PA,302,0,0,1718,0,1718,G
3-PA,303,1712,0,0,0,1712,A
3-PA,304,1718,0,1,0,1719,A
3-PA,305,1712,0,0,0,1712,A
3-PA,306,1719,0,1,0,1720,A
3-PA,307,0,0,0,1717,1717,C
3-PA,308,0,1,0,1722,1723,C
3-PA,309,0,0,1719,0,1719,G
3-PA,310,1711,0,0,0,1711,A
3-PA,311,1712,0,1,0,1713,A
3-PA,312,0,0,1729,0,1729,G
3-PA,313,0,1724,2,2,1728,T
3-PA,314,0,1731,0,1,1732,T
3-PA,315,0,1728,0,1,1729,T
3-PA,316,0,0,0,1746,1746,C
3-PA,317,0,1746,1,1,1748,T
3-PA,318,1748,0,1,0,1749,A
3-PA,319,0,0,0,1745,1745,C
3-PA,320,0,1,0,1749,1750,C
3-PA,321,1744,0,0,0,1744,A
3-PA,322,0,0,1772,0,1772,G
3-PA,323,1779,0,0,0,1779,A
3-PA,324,0,1783,0,0,1783,T
3-PA,325,0,1779,1,0,1780,T
3-PA,326,0,1780,0,0,1780,T
3-PA,327,1,1,1786,0,1788,G
3-PA,328,1,1787,0,0,1788,T
3-PA,329,1794,0,1,0,1795,A
3-PA,330,0,1793,0,0,1793,T
3-PA,331,1,0,1769,0,1770,G
3-PA,332,1860,0,1,0,1861,A
3-PA,333,0,1860,0,0,1860,T
3-PA,334,1,1864,0,0,1865,T
3-PA,335,1868,1,1,0,1870,A
3-PA,336,1,0,0,1860,1861,C
3-PA,337,1865,0,3,0,1868,A
3-PA,338,1865,1,3,0,1869,A
3-PA,339,0,0,1873,0,1873,G
3-PA,340,0,1,1885,0,1886,G
3-PA,341,1785,1,1,0,1787,A
3-PA,342,0,1,1820,0,1821,G
3-PA,343,1806,1,2,0,1809,A
3-PA,344,1815,0,1,0,1816,A
3-PA,345,0,0,0,1817,1817,C
3-PA,346,1794,0,1,0,1795,A
3-PA,347,0,0,1800,0,1800,G
3-PA,348,1789,0,0,1,1790,A
3-PA,349,0,1766,0,0,1766,T
3-PA,350,0,1763,0,0,1763,T
3-PA,351,1,0,0,1749,1750,C
3-PA,352,1744,0,1,0,1745,A
3-PA,353,0,1744,1,0,1745,T
3-PA,354,0,0,0,1746,1746,C
3-PA,355,1,0,1746,0,1747,G
3-PA,356,1755,0,0,0,1755,A
3-PA,357,1751,0,1,0,1752,A
3-PA,358,1758,0,0,0,1758,A
3-PA,359,0,1749,1,0,1750,T
3-PA,360,1,1752,0,0,1753,T
3-PA,361,1,0,1747,0,1748,G
3-PA,362,0,0,1748,1,1749,G
3-PA,363,1706,0,5,0,1711,A
3-PA,364,0,0,1732,0,1732,G
3-PA,365,0,1727,1,2,1730,T
3-PA,366,0,1,1764,1,1766,G
3-PA,367,1768,0,1,0,1769,A
3-PA,368,0,2,0,1756,1758,C
3-PA,369,1762,0,1,0,1763,A
3-PA,370,1770,0,0,0,1770,A
3-PA,371,2,0,1797,0,1799,G
3-PA,372,0,0,1800,0,1800,G
3-PA,373,1782,0,1,0,1783,A
3-PA,374,0,0,1788,0,1788,G
3-PA,375,1743,0,7,0,1750,A
3-PA,376,0,3,1751,0,1754,G
3-PA,377,1736,0,0,0,1736,A
3-PA,378,1739,0,0,0,1739,A
3-PA,379,0,1,1800,0,1801,G
3-PA,380,1,1744,1,0,1746,T
3-PA,381,1,0,0,1773,1774,C
3-PA,382,0,0,0,1770,1770,C
3-PA,383,1785,0,0,0,1785,A
3-PA,384,0,0,0,1839,1839,C
3-PA,385,1893,0,0,0,1893,A
3-PA,386,0,1933,0,0,1933,T
3-PA,387,1985,0,0,0,1985,A
3-PA,388,0,1913,0,0,1913,T
3-PA,389,1898,0,1,0,1899,A
3-PA,390,0,1863,0,0,1863,T
3-PA,391,0,1850,1,1,1852,T
3-PA,392,1900,0,0,0,1900,A
3-PA,393,0,0,0,1891,1891,C
3-PA,394,0,0,0,1798,1798,C
3-PA,395,0,1763,0,3,1766,T
3-PA,396,0,1724,1,0,1725,T
3-PA,397,0,0,1743,0,1743,G
3-PA,398,1741,0,0,0,1741,A
3-PA,399,1745,0,0,0,1745,A
3-PA,400,1742,0,1,0,1743,A
3-PA,401,1667,0,2,0,1669,A
3-PA,402,0,0,1681,0,1681,G
3-PA,403,0,1,1691,0,1692,G
3-PA,404,1,0,0,1688,1689,C
3-PA,405,0,2,0,1692,1694,C
3-PA,406,1688,0,0,0,1688,A
3-PA,407,1691,1,1,0,1693,A
3-PA,408,0,1680,0,0,1680,T
3-PA,409,1690,0,0,0,1690,A
3-PA,410,1690,1,3,0,1694,A
3-PA,411,3,0,1717,0,1720,G
3-PA,412,1714,0,3,0,1717,A
3-PA,413,0,1712,0,0,1712,T
3-PA,414,1,1701,0,0,1702,T
3-PA,415,1706,0,0,0,1706,A
3-PA,416,1709,0,0,0,1709,A
3-PA,417,1715,1,0,0,1716,A
3-PA,418,0,1729,0,0,1729,T
3-PA,419,1,0,0,1737,1738,C
3-PA,420,0,1685,0,0,1685,T
3-PA,421,0,0,1698,0,1698,G
3-PA,422,1701,0,2,0,1703,A
3-PA,423,2,0,1709,0,1711,G
3-PA,424,1714,0,0,0,1714,A
3-PA,425,1719,1,1,0,1721,A
3-PA,426,0,0,0,1717,1717,C
3-PA,427,1703,1,1,0,1705,A
3-PA,428,0,1,0,1722,1723,C
3-PA,429,1722,1,0,1,1724,A
3-PA,430,0,1,0,1735,1736,C
3-PA,431,1708,0,3,0,1711,A
3-PA,432,0,0,0,1757,1757,C
3-PA,433,1748,0,0,0,1748,A
3-PA,434,0,1738,0,0,1738,T
3-PA,435,0,1731,0,3,1734,T
3-PA,436,0,0,0,1747,1747,C
3-PA,437,1737,0,0,0,1737,A
3-PA,438,0,0,1,1751,1752,C
3-PA,439,1738,0,1,0,1739,A
3-PA,440,0,1726,0,1,1727,T
3-PA,441,1,1661,0,1,1663,T
3-PA,442,0,1685,0,0,1685,T
3-PA,443,0,1680,0,2,1682,T
3-PA,444,0,1,0,1708,1709,C
3-PA,445,1,1692,0,1,1694,T
3-PA,446,1,0,0,1709,1710,C
3-PA,447,1697,0,0,0,1697,A
3-PA,448,0,1694,0,3,1697,T
3-PA,449,0,1710,0,1,1711,T
3-PA,450,0,1,0,1718,1719,C
3-PA,451,1700,0,0,0,1700,A
3-PA,452,0,1,0,1716,1717,C
3-PA,453,0,1697,0,0,1697,T
3-PA,454,0,1,1737,0,1738,G
3-PA,455,0,1,1730,0,1731,G
3-PA,456,0,0,1738,0,1738,G
3-PA,457,0,0,1747,0,1747,G
3-PA,458,1720,0,4,0,1724,A
3-PA,459,0,1,1728,0,1729,G
3-PA,460,0,0,1733,0,1733,G
3-PA,461,1725,1,0,0,1726,A
3-PA,462,1728,0,0,0,1728,A
3-PA,463,1698,0,2,0,1700,A
3-PA,464,0,1677,0,0,1677,T
3-PA,465,1,0,1669,0,1670,G
3-PA,466,1,1,1665,0,1667,G
3-PA,467,3,0,1,1669,1673,C
3-PA,468,0,0,0,1659,1659,C
3-PA,469,1666,0,0,0,1666,A
3-PA,470,0,0,0,1667,1667,C
3-PA,471,1670,0,0,0,1670,A
3-PA,472,1673,0,0,0,1673,A
3-PA,473,1673,0,2,0,1675,A
3-PA,474,0,2,1684,0,1686,G
3-PA,475,0,1,1685,0,1686,G
3-PA,476,0,0,0,1684,1684,C
3-PA,477,1690,0,1,0,1691,A
3-PA,478,0,1,1715,0,1716,G
3-PA,479,1713,0,3,0,1716,A
3-PA,480,0,0,0,1723,1723,C
3-PA,481,0,1718,0,2,1720,T
3-PA,482,1726,1,1,0,1728,A
3-PA,483,0,0,0,1717,1717,C
3-PA,484,1705,0,0,0,1705,A
3-PA,485,0,0,0,1719,1719,C
3-PA,486,1,1660,0,0,1661,T
3-PA,487,0,0,0,1687,1687,C
3-PA,488,3,1666,0,1,1670,T
3-PA,489,0,0,0,1643,1643,C
3-PA,490,0,0,1638,0,1638,G
3-PA,491,1637,0,0,0,1637,A
3-PA,492,0,1,0,1639,1640,C
3-PA,493,0,2,1642,0,1644,G
3-PA,494,1634,0,1,0,1635,A
3-PA,495,0,0,1641,0,1641,G
3-PA,496,0,1,1631,0,1632,G
3-PA,497,1623,0,1,0,1624,A
3-PA,498,1628,0,0,0,1628,A
3-PA,499,1627,0,6,0,1633,A
3-PA,500,1,0,1628,0,1629,G
3-PA,501,0,1,1,1625,1627,C
3-PA,502,1571,0,2,1,1574,A
3-PA,503,0,0,1606,0,1606,G
3-PA,504,0,1,1596,0,1597,G
3-PA,505,0,0,1607,0,1607,G
3-PA,506,0,0,0,1594,1594,C
3-PA,507,0,1596,0,2,1598,T
3-PA,508,1596,0,1,0,1597,A
3-PA,509,0,3,1632,0,1635,G
3-PA,510,0,0,1725,0,1725,G
3-PA,511,1728,0,0,0,1728,A
3-PA,512,0,1672,0,0,1672,T
3-PA,513,0,1640,0,1,1641,T
3-PA,514,1646,0,0,0,1646,A
3-PA,515,1657,0,1,0,1658,A
3-PA,516,0,1,1672,0,1673,G
3-PA,517,1670,0,0,0,1670,A
3-PA,518,0,1,0,1661,1662,C
3-PA,519,0,0,0,1516,1516,C
3-PA,520,1490,0,0,0,1490,A
3-PA,521,7,0,1501,0,1508,G
3-PA,522,1,0,1511,0,1512,G
3-PA,523,0,0,0,1521,1521,C
3-PA,524,0,1483,0,1,1484,T
3-PA,525,1,0,1528,0,1529,G
3-PA,526,0,1515,0,0,1515,T
3-PA,527,0,1520,0,0,1520,T
3-PA,528,0,1524,0,1,1525,T
3-PA,529,1523,0,1,0,1524,A
3-PA,530,0,0,0,1548,1548,C
3-PA,531,0,0,0,1511,1511,C
3-PA,532,1503,0,1,0,1504,A
3-PA,533,0,1504,0,0,1504,T
3-PA,534,1443,0,0,0,1443,A
3-PA,535,1443,0,1,0,1444,A
3-PA,536,0,0,1472,0,1472,G
3-PA,537,1466,1,1,0,1468,A
3-PA,538,0,0,0,1468,1468,C
3-PA,539,1426,0,0,0,1426,A
3-PA,540,1426,0,1,0,1427,A
3-PA,541,0,0,1429,0,1429,G
3-PA,542,1424,0,1,0,1425,A
3-PA,543,1421,0,0,0,1421,A
3-PA,544,1418,0,0,0,1418,A
3-PA,545,0,1378,0,0,1378,T
3-PA,546,0,0,1401,0,1401,G
3-PA,547,4,0,1385,0,1389,G
3-PA,548,0,0,0,1385,1385,C
3-PA,549,0,0,0,1393,1393,C
3-PA,550,1389,0,2,0,1391,A
3-PA,551,1411,0,1,0,1412,A
3-PA,552,0,1,1,1411,1413,C
3-PA,553,1407,0,0,0,1407,A
3-PA,554,1,6,1400,0,1407,G
3-PA,555,1375,0,3,0,1378,A
3-PA,556,0,2,1381,0,1383,G
3-PA,557,0,0,1385,0,1385,G
3-PA,558,0,0,0,1383,1383,C
3-PA,559,0,0,0,1399,1399,C
3-PA,560,0,1370,0,0,1370,T
3-PA,561,1,0,0,1378,1379,C
3-PA,562,1,1378,0,1,1380,T
3-PA,563,0,1,1381,0,1382,G
3-PA,564,0,0,1379,0,1379,G
3-PA,565,0,1,1362,0,1363,G
3-PA,566,1343,0,0,0,1343,A
3-PA,567,0,1273,0,3,1276,T
3-PA,568,0,1223,0,1,1224,T
3-PA,569,0,0,0,1415,1415,C
3-PA,570,0,0,0,1290,1290,C
3-PA,571,0,1235,0,0,1235,T
3-PA,572,0,1235,0,0,1235,T
3-PA,573,0,1229,0,0,1229,T
3-PA,574,1,0,0,1242,1243,C
3-PA,575,0,0,1250,0,1250,G
3-PA,576,0,1244,0,1,1245,T
3-PA,577,0,0,0,1245,1245,C
3-PA,578,1207,0,0,0,1207,A
3-PA,579,0,0,1447,0,1447,G
3-PA,580,0,1447,0,1,1448,T
3-PA,581,0,0,0,1446,1446,C
3-PA,582,0,1,0,1456,1457,C
3-PA,583,0,1,1474,0,1475,G
3-PA,584,1468,0,3,0,1471,A
3-PA,585,1464,0,0,0,1464,A
3-PA,586,1470,0,2,1,1473,A
3-PA,587,0,0,1504,0,1504,G
3-PA,588,1432,0,3,0,1435,A
3-PA,589,0,0,1464,0,1464,G
3-PA,590,0,0,1469,0,1469,G
3-PA,591,0,0,0,1475,1475,C
3-PA,592,1,0,1474,0,1475,G
3-PA,593,1473,0,0,0,1473,A
3-PA,594,1478,1,1,0,1480,A
3-PA,595,1,0,1495,0,1496,G
3-PA,596,1499,1,0,0,1500,A
3-PA,597,1503,0,2,0,1505,A
3-PA,598,1490,0,1,1,1492,A
3-PA,599,0,0,0,1505,1505,C
3-PA,600,1502,0,0,0,1502,A
3-PA,601,1506,0,0,0,1506,A
3-PA,602,0,1508,1,0,1509,T
3-PA,603,0,1507,0,2,1509,T
3-PA,604,0,0,1513,0,1513,G
3-PA,605,1506,0,1,0,1507,A
3-PA,606,1508,0,0,0,1508,A
3-PA,607,0,0,1514,0,1514,G
3-PA,608,1501,0,0,0,1501,A
3-PA,609,1505,0,0,1,1506,A
3-PA,610,1499,0,0,0,1499,A
3-PA,611,1506,0,0,0,1506,A
3-PA,612,1510,0,0,0,1510,A
3-PA,613,0,1511,0,0,1511,T
3-PA,614,0,1515,0,0,1515,T
3-PA,615,0,1517,0,0,1517,T
3-PA,616,0,0,1517,0,1517,G
3-PA,617,1513,0,0,0,1513,A
3-PA,618,1520,0,0,0,1520,A
3-PA,619,1524,0,0,0,1524,A
3-PA,620,0,1552,0,0,1552,T
3-PA,621,0,1,0,1773,1774,C
3-PA,622,1769,2,1,0,1772,A
3-PA,623,0,2,0,1808,1810,C
3-PA,624,1804,0,5,0,1809,A
3-PA,625,0,0,1846,0,1846,G
3-PA,626,1,1,1930,0,1932,G
3-PA,627,1969,0,1,0,1970,A
3-PA,628,2012,0,0,1,2013,A
3-PA,629,0,1,0,2043,2044,C
3-PA,630,0,1970,0,0,1970,T
3-PA,631,2165,0,0,0,2165,A
3-PA,632,0,2206,0,0,2206,T
3-PA,633,0,0,2310,0,2310,G
3-PA,634,1,1,1,2306,2309,C
3-PA,635,2,0,2282,0,2284,G
3-PA,636,0,2274,0,3,2277,T
3-PA,637,2251,0,1,0,2252,A
3-PA,638,0,0,2275,0,2275,G
3-PA,639,0,0,2268,0,2268,G
3-PA,640,0,0,0,2235,2235,C
3-PA,641,0,2214,0,0,2214,T
3-PA,642,0,2183,0,0,2183,T
3-PA,643,0,0,2177,1,2178,G
3-PA,644,0,1,0,2185,2186,C
3-PA,645,2,4,0,2184,2190,C
3-PA,646,0,2,2218,0,2220,G
3-PA,647,2231,1,0,0,2232,A
3-PA,648,0,4,0,2231,2235,C
3-PA,649,1,0,0,2232,2233,C
3-PA,650,2242,0,1,0,2243,A
3-PA,651,2247,1,3,0,2251,A
3-PA,652,2249,0,2,0,2251,A
3-PA,653,1,0,2299,0,2300,G
3-PA,654,0,2298,0,1,2299,T
3-PA,655,0,0,1,2290,2291,C
3-PA,656,0,2277,0,0,2277,T
3-PA,657,1,1,0,2300,2302,C
3-PA,658,0,0,0,2315,2315,C
3-PA,659,0,2,0,2338,2340,C
3-PA,660,2345,0,1,0,2346,A
3-PA,661,0,0,0,2360,2360,C
3-PA,662,1,0,0,2330,2331,C
3-PA,663,1,1,2356,0,2358,G
3-PA,664,2400,0,0,0,2400,A
3-PA,665,2399,0,0,0,2399,A
3-PA,666,2,1,0,2420,2423,C
3-PA,667,0,2404,0,2,2406,T
3-PA,668,0,2440,0,1,2441,T
3-PA,669,0,0,0,2497,2497,C
3-PA,670,0,2460,1,4,2465,T
3-PA,671,0,0,0,2502,2502,C
3-PA,672,1,0,0,2492,2493,C
3-PA,673,0,2475,0,0,2475,T
3-PA,674,0,0,2520,0,2520,G
3-PA,675,0,0,0,2524,2524,C
3-PA,676,0,2,0,2531,2533,C
3-PA,677,0,2509,0,2,2511,T
3-PA,678,0,2496,0,0,2496,T
3-PA,679,0,0,2508,0,2508,G
3-PA,680,2496,0,1,0,2497,A
3-PA,681,0,1,2548,0,2549,G
3-PA,682,2536,0,3,0,2539,A
3-PA,683,2569,0,0,0,2569,A
3-PA,684,0,2641,1,1,2643,T
3-PA,685,0,2665,0,0,2665,T
3-PA,686,0,2665,0,0,2665,T
3-PA,687,0,2675,0,0,2675,T
3-PA,688,2669,0,2,0,2671,A
3-PA,689,5,0,2663,0,2668,G
3-PA,690,2632,0,6,1,2639,A
3-PA,691,2,1,2759,0,2762,G
3-PA,692,1,0,0,2738,2739,C
3-PA,693,0,0,0,2770,2770,C
3-PA,694,0,2822,0,3,2825,T
3-PA,695,2965,0,0,0,2965,A
3-PA,696,0,2972,0,1,2973,T
3-PA,697,0,0,3000,0,3000,G
3-PA,698,1,2993,0,2,2996,T
3-PA,699,4,1,3006,0,3011,G
3-PA,700,1,0,2956,1,2958,G
3-PA,701,2936,0,1,0,2937,A
3-PA,702,1,2900,0,1,2902,T
3-PA,703,0,2,2847,0,2849,G
3-PA,704,0,0,2961,0,2961,G
3-PA,705,2955,0,1,0,2956,A
3-PA,706,0,2933,0,0,2933,T
3-PA,707,0,2933,0,2,2935,T
3-PA,708,0,1,0,2930,2931,C
3-PA,709,3,3,2940,0,2946,G
3-PA,710,2957,0,3,0,2960,A
3-PA,711,2950,0,7,0,2957,A
3-PA,712,0,0,0,2965,2965,C
3-PA,713,7,0,0,2885,2892,C
3-PA,714,3,2,2905,0,2910,G
3-PA,715,2900,1,3,0,2904,A
3-PA,716,2905,0,3,0,2908,A
3-PA,717,0,2,0,2949,2951,C
3-PA,718,0,1,2938,0,2939,G
3-PA,719,0,1,3036,0,3037,G
3-PA,720,1,0,0,3049,3050,C
3-PA,721,0,3038,0,2,3040,T
3-PA,722,7,0,3129,1,3137,G
3-PA,723,1,0,0,3161,3162,C
3-PA,724,3194,1,3,0,3198,A
3-PA,725,1,3193,0,0,3194,T
3-PA,726,0,3176,0,1,3177,T
3-PA,727,0,0,3176,0,3176,G
3-PA,728,3085,0,5,1,3091,A
3-PA,729,1,2,3147,0,3150,G
3-PA,730,0,0,3148,0,3148,G
3-PA,731,1,0,3115,0,3116,G
3-PA,732,0,0,0,3103,3103,C
3-PA,733,3083,1,0,0,3084,A
3-PA,734,3087,0,5,0,3092,A
3-PA,735,0,1,3116,0,3117,G
3-PA,736,1,0,0,3119,3120,C
3-PA,737,0,3127,0,2,3129,T
3-PA,738,0,3106,0,1,3107,T
3-PA,739,0,3122,0,1,3123,T
3-PA,740,1,4,0,3131,3136,C
3-PA,741,1,3119,1,2,3123,T
3-PA,742,0,0,0,3154,3154,C
3-PA,743,3148,0,1,0,3149,A
3-PA,744,3123,0,0,0,3123,A
3-PA,745,3112,1,1,0,3114,A
3-PA,746,1,3123,0,0,3124,T
3-PA,747,1,0,3261,0,3262,G
3-PA,748,0,3237,0,7,3244,T
3-PA,749,1,0,0,3286,3287,C
3-PA,750,0,1,0,3299,3300,C
3-PA,751,3300,0,2,0,3302,A
3-PA,752,3308,1,1,0,3310,A
3-PA,753,3297,0,3,0,3300,A
3-PA,754,1,1,3378,0,3380,G
3-PA,755,3354,1,2,0,3357,A
3-PA,756,3276,1,3,0,3280,A
3-PA,757,0,0,3301,0,3301,G
3-PA,758,1,3263,0,0,3264,T
3-PA,759,0,1,3260,0,3261,G
3-PA,760,3239,0,5,0,3244,A
3-PA,761,3254,0,4,0,3258,A
3-PA,762,0,3265,0,0,3265,T
3-PA,763,0,1,3257,0,3258,G
3-PA,764,1,3,0,3264,3268,C
3-PA,765,0,1,0,3276,3277,C
3-PA,766,1,1,0,3274,3276,C
3-PA,767,3290,0,1,0,3291,A
3-PA,768,3344,0,0,1,3345,A
3-PA,769,3367,0,0,0,3367,A
3-PA,770,0,3367,0,0,3367,T
3-PA,771,1,3354,1,0,3356,T
3-PA,772,1,1,3348,0,3350,G
3-PA,773,3338,2,0,1,3341,A
3-PA,774,3333,1,3,2,3339,A
3-PA,775,0,1,0,3350,3351,C
3-PA,776,0,1,0,3347,3348,C
3-PA,777,0,3302,1,2,3305,T
3-PA,778,0,3441,0,2,3443,T
3-PA,779,0,3444,0,1,3445,T
3-PA,780,0,3534,0,0,3534,T
3-PA,781,1,0,0,3551,3552,C
3-PA,782,0,3544,0,0,3544,T
3-PA,783,0,0,3559,0,3559,G
3-PA,784,3539,0,0,1,3540,A
3-PA,785,3581,0,8,0,3589,A
3-PA,786,0,1,3615,0,3616,G
3-PA,787,3553,0,3,0,3556,A
3-PA,788,0,0,0,3568,3568,C
3-PA,789,3511,0,0,0,3511,A
3-PA,790,3535,1,6,0,3542,A
3-PA,791,0,0,0,3971,3971,C
3-PA,792,3980,0,0,0,3980,A
3-PA,793,0,2,0,3980,3982,C
3-PA,794,0,1,0,3936,3937,C
3-PA,795,3920,4,2,1,3927,A
3-PA,796,3919,2,7,0,3928,A
3-PA,797,0,1,3937,1,3939,G
3-PA,798,3930,0,3,0,3933,A
3-PA,799,1,1,0,3937,3939,C
3-PA,800,1,1,0,3643,3645,C
3-PA,801,3612,0,1,0,3613,A
3-PA,802,3626,0,1,1,3628,A
3-PA,803,0,3630,0,2,3632,T
3-PA,804,1,0,0,3642,3643,C
3-PA,805,3626,0,0,0,3626,A
3-PA,806,3606,0,0,0,3606,A
3-PA,807,3611,0,1,1,3613,A
3-PA,808,0,1,0,3653,3654,C
3-PA,809,0,3605,0,1,3606,T
3-PA,810,0,3624,0,1,3625,T
3-PA,811,0,0,0,3648,3648,C
3-PA,812,0,1,0,3651,3652,C
3-PA,813,1,1,3677,0,3679,G
3-PA,814,3661,1,0,0,3662,A
3-PA,815,3682,0,0,0,3682,A
3-PA,816,0,3680,0,0,3680,T
3-PA,817,1,2,3640,1,3644,G
3-PA,818,4,2,3642,0,3648,G
3-PA,819,3631,2,4,0,3637,A
3-PA,820,1,4,0,3663,3668,C
3-PA,821,0,0,0,3658,3658,C
3-PA,822,1,3787,0,1,3789,T
3-PA,823,0,0,0,3907,3907,C
3-PA,824,0,0,0,3922,3922,C
3-PA,825,1,3915,0,0,3916,T
3-PA,826,0,3945,0,1,3946,T
3-PA,827,0,0,4152,0,4152,G
3-PA,828,0,4111,0,1,4112,T
3-PA,829,0,4115,0,1,4116,T
3-PA,830,4106,0,0,0,4106,A
3-PA,831,0,3981,0,0,3981,T
3-PA,832,0,0,0,3955,3955,C
3-PA,833,3881,0,1,0,3882,A
3-PA,834,0,1,3881,0,3882,G
3-PA,835,0,2,0,3872,3874,C
3-PA,836,0,0,3759,0,3759,G
3-PA,837,1,1,3904,1,3907,G
3-PA,838,1,3900,0,3,3904,T
3-PA,839,3,2,0,3904,3909,C
3-PA,840,2,0,1,3921,3924,C
3-PA,841,3946,0,1,0,3947,A
3-PA,842,3965,2,1,0,3968,A
3-PA,843,3972,0,0,0,3972,A
3-PA,844,0,3967,0,3,3970,T
3-PA,845,0,3955,0,1,3956,T
3-PA,846,1,0,0,3912,3913,C
3-PA,847,1,2,0,3870,3873,C
3-PA,848,0,3854,0,2,3856,T
3-PA,849,2,0,0,3890,3892,C
3-PA,850,0,0,0,3905,3905,C
3-PA,851,0,3883,0,0,3883,T
3-PA,852,0,0,3927,0,3927,G
3-PA,853,3908,0,2,1,3911,A
3-PA,854,0,3917,0,0,3917,T
3-PA,855,2,1,3893,0,3896,G
3-PA,856,1,1,3844,0,3846,G
3-PA,857,3821,0,5,0,3826,A
3-PA,858,0,3812,0,2,3814,T
3-PA,859,0,0,3816,0,3816,G
3-PA,860,0,1,0,4035,4036,C
3-PA,861,0,3993,0,8,4001,T
3-PA,862,0,4028,0,1,4029,T
3-PA,863,0,4037,0,2,4039,T
3-PA,864,4046,1,2,0,4049,A
3-PA,865,4056,1,0,1,4058,A
3-PA,866,4059,0,3,0,4062,A
3-PA,867,4085,0,0,0,4085,A
3-PA,868,0,4073,1,2,4076,T
3-PA,869,2,3739,0,2,3743,T
3-PA,870,1,3,3742,0,3746,G
3-PA,871,3715,0,16,0,3731,A
3-PA,872,0,0,3787,0,3787,G
3-PA,873,1,2,0,3781,3784,C
3-PA,874,3784,0,1,0,3785,A
3-PA,875,1,3880,0,3,3884,T
3-PA,876,0,3873,0,9,3882,T
3-PA,877,1,1,3861,0,3863,G
3-PA,878,3876,0,7,0,3883,A
3-PA,879,3851,0,9,0,3860,A
3-PA,880,10,0,3863,0,3873,G
3-PA,881,3804,0,7,0,3811,A
3-PA,882,0,0,0,3834,3834,C
3-PA,883,1,0,0,3805,3806,C
3-PA,884,3,1,0,3736,3740,C
3-PA,885,3710,1,1,1,3713,A
3-PA,886,3740,0,4,0,3744,A
3-PA,887,0,0,3797,0,3797,G
3-PA,888,1,3788,0,0,3789,T
3-PA,889,0,1,0,3800,3801,C
3-PA,890,3799,0,1,1,3801,A
3-PA,891,0,1,0,3842,3843,C
3-PA,892,1,0,3840,0,3841,G
3-PA,893,3875,0,1,0,3876,A
3-PA,894,3875,1,2,0,3878,A
3-PA,895,2,2,3997,0,4001,G
3-PA,896,1,1,4017,0,4019,G
3-PA,897,3956,0,6,0,3962,A
3-PA,898,0,1,4024,0,4025,G
3-PA,899,4009,3,8,0,4020,A
3-PA,900,4021,0,7,1,4029,A
3-PA,901,1,3,4020,0,4024,G
3-PA,902,0,0,3983,0,3983,G
3-PA,903,1,2,4007,0,4010,G
3-PA,904,3910,0,1,0,3911,A
3-PA,905,0,3903,1,4,3908,T
3-PA,906,2,0,0,3930,3932,C
3-PA,907,1,1,5,4264,4271,C
3-PA,908,4,3,0,4347,4354,C
3-PA,909,4398,0,6,0,4404,A
3-PA,910,0,4417,1,2,4420,T
3-PA,911,0,4420,0,7,4427,T
3-PA,912,4537,2,1,0,4540,A
3-PA,913,0,4526,0,1,4527,T
3-PA,914,4525,0,1,0,4526,A
3-PA,915,0,4503,0,1,4504,T
3-PA,916,8,1,3965,0,3974,G
3-PA,917,3952,0,3,0,3955,A
3-PA,918,0,3903,0,1,3904,T
3-PA,919,1,0,3934,0,3935,G
3-PA,920,0,0,6,3891,3897,C
3-PA,921,4,1,3894,0,3899,G
3-PA,922,3934,0,3,0,3937,A
3-PA,923,2,3909,0,3,3914,T
3-PA,924,6,2,0,3929,3937,C
3-PA,925,3937,0,2,0,3939,A
3-PA,926,3898,1,8,0,3907,A
3-PA,927,1,0,3932,0,3933,G
3-PA,928,0,3898,0,0,3898,T
3-PA,929,0,1,3934,0,3935,G
3-PA,930,0,2,0,3950,3952,C
3-PA,931,3922,1,11,0,3934,A
3-PA,932,1,3938,0,0,3939,T
3-PA,933,3937,0,0,0,3937,A
3-PA,934,4009,1,0,0,4010,A
3-PA,935,3999,0,1,0,4000,A
3-PA,936,3979,0,2,1,3982,A
3-PA,937,3983,1,0,1,3985,A
3-PA,938,0,2,0,3984,3986,C
3-PA,939,3926,0,0,0,3926,A
3-PA,940,0,3950,0,0,3950,T
3-PA,941,1,3945,0,1,3947,T
3-PA,942,0,0,0,3962,3962,C
3-PA,943,0,3919,0,1,3920,T
3-PA,944,1,3909,0,1,3911,T
3-PA,945,0,3908,0,1,3909,T
3-PA,946,1,0,3910,1,3912,G
3-PA,947,0,3,3898,0,3901,G
3-PA,948,3885,3,2,2,3892,A
3-PA,949,1,3886,5,1,3893,T
3-PA,950,0,0,3937,0,3937,G
3-PA,951,1,0,4001,0,4002,G
3-PA,952,4010,0,1,0,4011,A
3-PA,953,4008,0,1,1,4010,A
3-PA,954,4005,1,6,0,4012,A
3-PA,955,0,0,4061,1,4062,G
3-PA,956,4043,0,2,0,4045,A
3-PA,957,4470,0,3,0,4473,A
3-PA,958,0,0,0,4551,4551,C
3-PA,959,2,0,0,4538,4540,C
3-PA,960,1,4479,0,4,4484,T
3-PA,961,0,4559,0,0,4559,T
3-PA,962,4575,0,0,0,4575,A
3-PA,963,1,4573,0,0,4574,T
3-PA,964,4518,1,0,1,4520,A
3-PA,965,0,4589,0,2,4591,T
3-PA,966,4139,1,3,0,4143,A
3-PA,967,0,0,4205,0,4205,G
3-PA,968,0,4134,0,18,4152,T
3-PA,969,0,1,0,4151,4152,C
3-PA,970,4077,1,3,0,4081,A
3-PA,971,4073,1,5,0,4079,A
3-PA,972,4073,0,4,2,4079,A
3-PA,973,0,1,0,4105,4106,C
3-PA,974,2,2,0,4027,4031,C
3-PA,975,3969,1,1,0,3971,A
3-PA,976,0,1,0,3978,3979,C
3-PA,977,3977,0,2,0,3979,A
3-PA,978,0,2,0,3998,4000,C
3-PA,979,1,2,3989,1,3993,G
3-PA,980,3979,0,1,0,3980,A
3-PA,981,3977,0,0,0,3977,A
3-PA,982,3957,0,3,0,3960,A
3-PA,983,3948,1,3,0,3952,A
3-PA,984,1,3,3986,0,3990,G
3-PA,985,1,2,3969,0,3972,G
3-PA,986,3,3,3999,0,4005,G
3-PA,987,3987,1,4,0,3992,A
3-PA,988,4007,0,1,0,4008,A
3-PA,989,0,3999,0,0,3999,T
3-PA,990,4008,0,2,0,4010,A
3-PA,991,3997,0,2,1,4000,A
3-PA,992,4026,0,1,1,4028,A
3-PA,993,0,4010,0,2,4012,T
3-PA,994,2,3992,0,0,3994,T
3-PA,995,0,0,0,4012,4012,C
3-PA,996,4021,0,0,0,4021,A
3-PA,997,4018,0,0,0,4018,A
3-PA,998,4028,1,0,1,4030,A
3-PA,999,0,4012,0,1,4013,T
3-PA,1000,0,4029,0,2,4031,T
3-PA,1001,4033,1,2,0,4036,A
3-PA,1002,1,2,0,4015,4018,C
3-PA,1003,0,3,0,4035,4038,C
3-PA,1004,1,3986,0,4,3991,T
3-PA,1005,1,1,4017,0,4019,G
3-PA,1006,0,1,0,4039,4040,C
3-PA,1007,2,4025,0,1,4028,T
3-PA,1008,0,0,4106,0,4106,G
3-PA,1009,0,4089,1,3,4093,T
3-PA,1010,3,0,0,4098,4101,C
3-PA,1011,4097,0,6,0,4103,A
3-PA,1012,0,4098,0,1,4099,T
3-PA,1013,1,2,4100,0,4103,G
3-PA,1014,0,2,4084,0,4086,G
3-PA,1015,4095,0,3,0,4098,A
3-PA,1016,4202,0,2,0,4204,A
3-PA,1017,1,0,4179,0,4180,G
3-PA,1018,0,2,0,4197,4199,C
3-PA,1019,4161,0,0,0,4161,A
3-PA,1020,4164,1,4,0,4169,A
3-PA,1021,4,1,4189,0,4194,G
3-PA,1022,0,4205,0,1,4206,T
3-PA,1023,4187,0,0,0,4187,A
3-PA,1024,0,2,0,4192,4194,C
3-PA,1025,0,4086,0,1,4087,T
3-PA,1026,4,1,4111,0,4116,G
3-PA,1027,0,4071,1,12,4084,T
3-PA,1028,1,2,0,4102,4105,C
3-PA,1029,4085,0,1,0,4086,A
3-PA,1030,0,1,4134,1,4136,G
3-PA,1031,4129,1,0,0,4130,A
3-PA,1032,4137,0,1,0,4138,A
3-PA,1033,0,4204,0,2,4206,T
3-PA,1034,1,4169,0,11,4181,T
3-PA,1035,0,0,4174,0,4174,G
3-PA,1036,0,4,0,4150,4154,C
3-PA,1037,4142,2,12,0,4156,A
3-PA,1038,0,0,4180,0,4180,G
3-PA,1039,3,2,4145,0,4150,G
3-PA,1040,4175,1,3,0,4179,A
3-PA,1041,1,0,0,4213,4214,C
3-PA,1042,4123,0,3,0,4126,A
3-PA,1043,1,4176,1,1,4179,T
3-PA,1044,1,4183,0,5,4189,T
3-PA,1045,0,1,4229,0,4230,G
3-PA,1046,4235,1,2,0,4238,A
3-PA,1047,4212,2,0,0,4214,A
3-PA,1048,4217,0,0,0,4217,A
3-PA,1049,4211,1,1,0,4213,A
3-PA,1050,0,4158,0,0,4158,T
3-PA,1051,0,1,4198,1,4200,G
3-PA,1052,4147,1,13,0,4161,A
3-PA,1053,0,0,4200,0,4200,G
3-PA,1054,0,1,4207,0,4208,G
3-PA,1055,4162,0,3,0,4165,A
3-PA,1056,14,0,4185,0,4199,G
3-PA,1057,4188,2,1,0,4191,A
3-PA,1058,4182,0,4,0,4186,A
3-PA,1059,1,1,4198,0,4200,G
3-PA,1060,4174,0,3,0,4177,A
3-PA,1061,0,4173,2,2,4177,T
3-PA,1062,0,4153,2,1,4156,T
3-PA,1063,2,3,0,4164,4169,C
3-PA,1064,0,5,0,4162,4167,C
3-PA,1065,4175,0,2,0,4177,A
3-PA,1066,4170,1,0,0,4171,A
3-PA,1067,0,1,4175,0,4176,G
3-PA,1068,4078,0,3,0,4081,A
3-PA,1069,4190,0,0,1,4191,A
3-PA,1070,0,1,0,4218,4219,C
3-PA,1071,0,4217,0,0,4217,T
3-PA,1072,4230,0,2,0,4232,A
3-PA,1073,4224,1,0,1,4226,A
3-PA,1074,4219,1,0,0,4220,A
3-PA,1075,4236,1,1,0,4238,A
3-PA,1076,4195,1,1,2,4199,A
3-PA,1077,0,0,0,4212,4212,C
3-PA,1078,4190,0,0,1,4191,A
3-PA,1079,0,4151,0,0,4151,T
3-PA,1080,2,1,4215,0,4218,G
3-PA,1081,4227,1,6,0,4234,A
3-PA,1082,4227,0,5,1,4233,A
3-PA,1083,0,1,4264,0,4265,G
3-PA,1084,4242,1,0,0,4243,A
3-PA,1085,4257,1,3,1,4262,A
3-PA,1086,4214,1,1,0,4216,A
3-PA,1087,4223,1,3,2,4229,A
3-PA,1088,0,1,0,4248,4249,C
3-PA,1089,9,1,4216,0,4226,G
3-PA,1090,4220,1,9,0,4230,A
3-PA,1091,1,0,4240,0,4241,G
3-PA,1092,2,4213,1,3,4219,T
3-PA,1093,4,1,0,4329,4334,C
3-PA,1094,4330,0,6,0,4336,A
3-PA,1095,4440,0,0,0,4440,A
3-PA,1096,0,1,0,4427,4428,C
3-PA,1097,0,4410,1,2,4413,T
3-PA,1098,1,2,4493,0,4496,G
3-PA,1099,4463,1,0,0,4464,A
3-PA,1100,4476,0,2,1,4479,A
3-PA,1101,0,0,4486,0,4486,G
3-PA,1102,0,4385,0,4,4389,T
3-PA,1103,3,2,4402,0,4407,G
3-PA,1104,0,0,4362,0,4362,G
3-PA,1105,11,0,4375,0,4386,G
3-PA,1106,2,0,0,4401,4403,C
3-PA,1107,3,4312,0,3,4318,T
3-PA,1108,2,0,0,4351,4353,C
3-PA,1109,0,4312,1,1,4314,T
3-PA,1110,0,4314,0,1,4315,T
3-PA,1111,0,1,4424,0,4425,G
3-PA,1112,2,1,4452,0,4455,G
3-PA,1113,2,4423,0,1,4426,T
3-PA,1114,8,5,4398,0,4411,G
3-PA,1115,4376,1,1,0,4378,A
3-PA,1116,4431,0,3,0,4434,A
3-PA,1117,4407,0,2,0,4409,A
3-PA,1118,4433,0,1,1,4435,A
3-PA,1119,1,2,0,4461,4464,C
3-PA,1120,4360,0,2,1,4363,A
3-PA,1121,0,4346,0,4,4350,T
3-PA,1122,1,1,4333,1,4336,G
3-PA,1123,2,1,4414,2,4419,G
3-PA,1124,0,7,0,4420,4427,C
3-PA,1125,4447,0,0,0,4447,A
3-PA,1126,1,0,0,4465,4466,C
3-PA,1127,0,2,1,4493,4496,C
3-PA,1128,4560,1,2,0,4563,A
3-PA,1129,0,5,4628,1,4634,G
3-PA,1130,4592,1,3,0,4596,A
3-PA,1131,10,0,4662,0,4672,G
3-PA,1132,4663,1,2,0,4666,A
3-PA,1133,4659,0,3,0,4662,A
3-PA,1134,1,2,4704,0,4707,G
3-PA,1135,1,2,4674,0,4677,G
3-PA,1136,1,4664,0,2,4667,T
3-PA,1137,4588,0,4,0,4592,A
3-PA,1138,1,2,4583,0,4586,G
3-PA,1139,4591,0,1,0,4592,A
3-PA,1140,0,3,0,4640,4643,C
3-PA,1141,2,4567,1,1,4571,T
3-PA,1142,1,4591,1,2,4595,T
3-PA,1143,1,4604,0,3,4608,T
3-PA,1144,0,2,4618,0,4620,G
3-PA,1145,4601,0,5,0,4606,A
3-PA,1146,4609,1,2,0,4612,A
3-PA,1147,4602,0,3,0,4605,A
3-PA,1148,4595,0,0,0,4595,A
3-PA,1149,0,2,0,4718,4720,C
3-PA,1150,1,4675,0,0,4676,T
3-PA,1151,2,0,4755,0,4757,G
3-PA,1152,1,0,0,4746,4747,C
3-PA,1153,4751,0,2,1,4754,A
3-PA,1154,1,1,4760,0,4762,G
3-PA,1155,4718,1,0,1,4720,A
3-PA,1156,12,2,4973,2,4989,G
3-PA,1157,4998,1,4,0,5003,A
3-PA,1158,0,2,0,4975,4977,C
3-PA,1159,4965,1,5,0,4971,A
3-PA,1160,0,4940,0,2,4942,T
3-PA,1161,4940,0,7,2,4949,A
3-PA,1162,4925,1,4,14,4944,A
3-PA,1163,0,1,4946,0,4947,G
3-PA,1164,1,2,1,4930,4934,C
3-PA,1165,0,0,4855,0,4855,G
3-PA,1166,4963,0,0,0,4963,A
3-PA,1167,0,4920,0,1,4921,T
3-PA,1168,0,4914,0,0,4914,T
3-PA,1169,0,4930,0,2,4932,T
3-PA,1170,1,3,4944,0,4948,G
3-PA,1171,4972,0,4,0,4976,A
3-PA,1172,4973,0,6,0,4979,A
3-PA,1173,0,1,5006,1,5008,G
3-PA,1174,1,2,0,5154,5157,C
3-PA,1175,5118,0,2,0,5120,A
3-PA,1176,5605,0,0,0,5605,A
3-PA,1177,0,5613,0,1,5614,T
3-PA,1178,5623,0,2,0,5625,A
3-PA,1179,1,5648,0,3,5652,T
3-PA,1180,30,2,5638,0,5670,G
3-PA,1181,5724,3,0,0,5727,A
3-PA,1182,0,5716,0,2,5718,T
3-PA,1183,5530,0,2,0,5532,A
3-PA,1184,2,1,5549,0,5552,G
3-PA,1185,2,5294,0,2,5298,T
3-PA,1186,1,2,5301,0,5304,G
3-PA,1187,5301,0,3,0,5304,A
3-PA,1188,0,3,0,5276,5279,C
3-PA,1189,15,1,5238,0,5254,G
3-PA,1190,5304,0,0,0,5304,A
3-PA,1191,5326,0,3,0,5329,A
3-PA,1192,2,2,0,5396,5400,C
3-PA,1193,1,0,0,5400,5401,C
3-PA,1194,0,5366,1,6,5373,T
3-PA,1195,0,1,5586,0,5587,G
3-PA,1196,5543,0,1,1,5545,A
3-PA,1197,5590,1,0,1,5592,A
3-PA,1198,0,5583,0,2,5585,T
3-PA,1199,0,5536,2,2,5540,T
3-PA,1200,5560,0,0,0,5560,A
3-PA,1201,5483,0,4,1,5488,A
3-PA,1202,4,2,5514,0,5520,G
3-PA,1203,3,0,5513,0,5516,G
3-PA,1204,0,5421,0,12,5433,T
3-PA,1205,4,0,0,5419,5423,C
3-PA,1206,5438,1,0,0,5439,A
3-PA,1207,0,0,0,5680,5680,C
3-PA,1208,0,5685,1,3,5689,T
3-PA,1209,0,5701,1,4,5706,T
3-PA,1210,0,5702,4,4,5710,T
3-PA,1211,0,5,0,5695,5700,C
3-PA,1212,5687,0,12,0,5699,A
3-PA,1213,5687,0,2,0,5689,A
3-PA,1214,1,0,5762,0,5763,G
3-PA,1215,1,2,0,5758,5761,C
3-PA,1216,0,5634,0,1,5635,T
3-PA,1217,2,2,5833,0,5837,G
3-PA,1218,0,0,5864,0,5864,G
3-PA,1219,5953,0,6,1,5960,A
3-PA,1220,1,6032,1,2,6036,T
3-PA,1221,6030,0,3,0,6033,A
3-PA,1222,1,2,0,6083,6086,C
3-PA,1223,5973,0,0,1,5974,A
3-PA,1224,1,0,6073,0,6074,G
3-PA,1225,6052,0,2,0,6054,A
3-PA,1226,5964,1,1,0,5966,A
3-PA,1227,0,5882,1,0,5883,T
3-PA,1228,17,0,5947,1,5965,G
3-PA,1229,5915,1,4,0,5920,A
3-PA,1230,0,0,6050,0,6050,G
3-PA,1231,1,5998,0,3,6002,T
3-PA,1232,0,5984,0,1,5985,T
3-PA,1233,3,2,1,6081,6087,C
3-PA,1234,6111,0,3,0,6114,A
3-PA,1235,6113,1,4,1,6119,A
3-PA,1236,1,2,0,6127,6130,C
3-PA,1237,6039,0,0,0,6039,A
3-PA,1238,6024,1,2,0,6027,A
3-PA,1239,0,2,6016,0,6018,G
3-PA,1240,17,12,6046,0,6075,G
3-PA,1241,0,3,0,6114,6117,C
3-PA,1242,3,1,0,6081,6085,C
3-PA,1243,1,6032,0,5,6038,T
3-PA,1244,1,1,6100,1,6103,G
3-PA,1245,1,6092,1,1,6095,T
3-PA,1246,2,2,6183,1,6188,G
3-PA,1247,6171,3,4,0,6178,A
3-PA,1248,2,1,6174,0,6177,G
3-PA,1249,0,0,0,6144,6144,C
3-PA,1250,0,6063,0,5,6068,T
3-PA,1251,6260,0,3,0,6263,A
3-PA,1252,6276,0,4,0,6280,A
3-PA,1253,0,1,0,6312,6313,C
3-PA,1254,0,6242,0,3,6245,T
3-PA,1255,2,0,6267,3,6272,G
3-PA,1256,6263,1,0,0,6264,A
3-PA,1257,0,6259,1,2,6262,T
3-PA,1258,0,6263,0,2,6265,T
3-PA,1259,1,0,1,6302,6304,C
3-PA,1260,6482,3,8,0,6493,A
3-PA,1261,2,5,6686,1,6694,G
3-PA,1262,0,6663,0,3,6666,T
3-PA,1263,2,1,0,6672,6675,C
3-PA,1264,0,6638,0,4,6642,T
3-PA,1265,2,1,6961,0,6964,G
3-PA,1266,1,4,6959,1,6965,G
3-PA,1267,6963,0,6,2,6971,A
3-PA,1268,1,6978,0,5,6984,T
3-PA,1269,6687,0,2,1,6690,A
3-PA,1270,0,1,6677,1,6679,G
3-PA,1271,6609,1,9,0,6619,A
3-PA,1272,0,0,6689,0,6689,G
3-PA,1273,2,0,0,6659,6661,C
3-PA,1274,0,6526,0,2,6528,T
3-PA,1275,1,2,0,6565,6568,C
3-PA,1276,4,1,6608,0,6613,G
3-PA,1277,6612,0,0,0,6612,A
3-PA,1278,0,6624,0,2,6626,T
3-PA,1279,0,3,6612,2,6617,G
3-PA,1280,6712,1,5,0,6718,A
3-PA,1281,6716,0,6,0,6722,A
3-PA,1282,6762,0,1,0,6763,A
3-PA,1283,0,6744,1,0,6745,T
3-PA,1284,2,6720,0,2,6724,T
3-PA,1285,1,4,6822,0,6827,G
3-PA,1286,2,2,6819,0,6823,G
3-PA,1287,6784,2,8,0,6794,A
3-PA,1288,1,2,6819,0,6822,G
3-PA,1289,6710,0,5,0,6715,A
3-PA,1290,4,2,6803,0,6809,G
3-PA,1291,0,3,6861,0,6864,G
3-PA,1292,6941,0,5,0,6946,A
3-PA,1293,0,3,0,6954,6957,C
3-PA,1294,3,1,6896,0,6900,G
3-PA,1295,0,6907,0,0,6907,T
3-PA,1296,6958,0,3,0,6961,A
3-PA,1297,2,0,7027,1,7030,G
3-PA,1298,1,1,0,7079,7081,C
3-PA,1299,9,3,0,6991,7003,C
3-PA,1300,5,2,0,6984,6991,C
3-PA,1301,2,1,0,7033,7036,C
3-PA,1302,7045,1,3,0,7049,A
3-PA,1303,7374,1,0,0,7375,A
3-PA,1304,0,7340,0,0,7340,T
3-PA,1305,0,7303,0,3,7306,T
3-PA,1306,1,4,7293,0,7298,G
3-PA,1307,7152,0,9,0,7161,A
3-PA,1308,5,0,7193,2,7200,G
3-PA,1309,1,2,1,7178,7182,C
3-PA,1310,7173,0,0,0,7173,A
3-PA,1311,13,0,0,7295,7308,C
3-PA,1312,7131,1,0,1,7133,A
3-PA,1313,1,7363,1,8,7373,T
3-PA,1314,0,7378,0,1,7379,T
3-PA,1315,3,1,7406,0,7410,G
3-PA,1316,1,1,0,7406,7408,C
3-PA,1317,7389,1,5,0,7395,A
3-PA,1318,7393,0,7,0,7400,A
3-PA,1319,3,1,7396,0,7400,G
3-PA,1320,1,25,0,7332,7358,C
3-PA,1321,7346,0,0,0,7346,A
3-PA,1322,3,7177,0,2,7182,T
3-PA,1323,0,1,7208,2,7211,G
3-PA,1324,7159,0,5,0,7164,A
3-PA,1325,1,1,7234,0,7236,G
3-PA,1326,7221,1,3,0,7225,A
3-PA,1327,7235,0,2,0,7237,A
3-PA,1328,1,2,7220,0,7223,G
3-PA,1329,0,1,7261,2,7264,G
3-PA,1330,7277,0,4,1,7282,A
3-PA,1331,7257,1,32,0,7290,A
3-PA,1332,1,7307,1,1,7310,T
3-PA,1333,0,7312,0,0,7312,T
3-PA,1334,7345,0,1,0,7346,A
3-PA,1335,0,7364,0,3,7367,T
3-PA,1336,1,7341,1,2,7345,T
3-PA,1337,1,7347,0,4,7352,T
3-PA,1338,1,0,0,7319,7320,C
3-PA,1339,7289,0,4,0,7293,A
3-PA,1340,0,1,0,7469,7470,C
3-PA,1341,7430,1,0,0,7431,A
3-PA,1342,6,0,7512,0,7518,G
3-PA,1343,0,1,1,7518,7520,C
3-PA,1344,7484,2,1,0,7487,A
3-PA,1345,2,0,7539,0,7541,G
3-PA,1346,7497,1,7,1,7506,A
3-PA,1347,2,1,7554,0,7557,G
3-PA,1348,1,1,7570,0,7572,G
3-PA,1349,1,7402,0,8,7411,T
3-PA,1350,1,0,7522,0,7523,G
3-PA,1351,0,7456,0,12,7468,T
3-PA,1352,3,4,0,7469,7476,C
3-PA,1353,1,2,0,7558,7561,C
3-PA,1354,0,1,0,7555,7556,C
3-PA,1355,7638,0,3,0,7641,A
3-PA,1356,2,7727,1,7,7737,T
3-PA,1357,0,7679,0,1,7680,T
3-PA,1358,1,0,7719,0,7720,G
3-PA,1359,3,7613,0,1,7617,T
3-PA,1360,7530,0,5,0,7535,A
3-PA,1361,2,2,7528,0,7532,G
3-PA,1362,7305,1,7,0,7313,A
3-PA,1363,0,0,7380,1,7381,G
3-PA,1364,4,4,0,7308,7316,C
3-PA,1365,2,1,0,7236,7239,C
3-PA,1366,7375,2,5,0,7382,A
3-PA,1367,2,3,0,7401,7406,C
3-PA,1368,0,7392,0,1,7393,T
3-PA,1369,1,0,7390,1,7392,G
3-PA,1370,7362,1,1,0,7364,A
3-PA,1371,7233,0,4,0,7237,A
3-PA,1372,1,7441,0,1,7443,T
3-PA,1373,7516,1,10,0,7527,A
3-PA,1374,0,4,0,7644,7648,C
3-PA,1375,7468,0,1,0,7469,A
3-PA,1376,0,7529,0,0,7529,T
3-PA,1377,7460,0,2,0,7462,A
3-PA,1378,7469,0,22,0,7491,A
3-PA,1379,0,7484,0,1,7485,T
3-PA,1380,1,4,7374,0,7379,G
3-PA,1381,7314,1,1,0,7316,A
3-PA,1382,7206,0,4,0,7210,A
3-PA,1383,0,8,7242,0,7250,G
3-PA,1384,0,3,7206,0,7209,G
3-PA,1385,0,2,7305,0,7307,G
3-PA,1386,2,1,7316,0,7319,G
3-PA,1387,2,2,7399,0,7403,G
3-PA,1388,0,7245,0,1,7246,T
3-PA,1389,7288,0,2,0,7290,A
3-PA,1390,0,7344,0,5,7349,T
3-PA,1391,7517,0,6,0,7523,A
3-PA,1392,1,1,0,8287,8289,C
3-PA,1393,8009,1,1,0,8011,A
3-PA,1394,0,7803,0,4,7807,T
3-PA,1395,2,7713,0,6,7721,T
3-PA,1396,7598,1,38,1,7638,A
3-PA,1397,7790,0,1,0,7791,A
3-PA,1398,0,1,0,7801,7802,C
3-PA,1399,7679,1,0,0,7680,A
3-PA,1400,0,1,0,7686,7687,C
3-PA,1401,2,6736,0,2,6740,T
3-PA,1402,0,0,7011,0,7011,G
3-PA,1403,0,2,0,6993,6995,C
3-PA,1404,3,0,0,6972,6975,C
3-PA,1405,2,0,0,7010,7012,C
3-PA,1406,1,6831,0,2,6834,T
3-PA,1407,0,2,7102,0,7104,G
3-PA,1408,0,1,0,7115,7116,C
3-PA,1409,1,7051,0,6,7058,T
3-PA,1410,4,3,0,7273,7280,C
3-PA,1411,7032,2,2,22,7058,A
3-PA,1412,7131,1,0,1,7133,A
3-PA,1413,0,7143,1,1,7145,T
3-PA,1414,2,0,7125,0,7127,G
3-PA,1415,0,0,1,7125,7126,C
3-PA,1416,6981,0,2,1,6984,A
3-PA,1417,0,6936,0,9,6945,T
3-PA,1418,0,1,0,6927,6928,C
3-PA,1419,1,0,0,7006,7007,C
3-PA,1420,0,6734,0,5,6739,T
3-PA,1421,2,1,6902,0,6905,G
3-PA,1422,0,6871,0,8,6879,T
3-PA,1423,4,0,6851,0,6855,G
3-PA,1424,1,1,0,6875,6877,C
3-PA,1425,6756,2,6,0,6764,A
3-PA,1426,17,1,6781,0,6799,G
3-PA,1427,3,1,0,6781,6785,C
3-PA,1428,6705,0,3,0,6708,A
3-PA,1429,6684,2,4,0,6690,A
3-PA,1430,1,6446,0,1,6448,T
3-PA,1431,1,2,6446,0,6449,G
3-PA,1432,4,3,6445,0,6452,G
3-PA,1433,6457,1,5,0,6463,A
3-PA,1434,0,2,0,6460,6462,C
3-PA,1435,0,2,6398,0,6400,G
3-PA,1436,6460,0,1,1,6462,A
3-PA,1437,0,6462,0,0,6462,T
3-PA,1438,0,6437,1,0,6438,T
3-PA,1439,0,6429,0,4,6433,T
3-PA,1440,0,6412,0,6,6418,T
3-PA,1441,0,1,0,6440,6441,C
3-PA,1442,6446,0,0,0,6446,A
3-PA,1443,6466,3,6,0,6475,A
3-PA,1444,0,0,0,6484,6484,C
3-PA,1445,1,6353,0,4,6358,T
3-PA,1446,6356,0,0,0,6356,A
3-PA,1447,6346,0,2,0,6348,A
3-PA,1448,0,6348,0,3,6351,T
3-PA,1449,1,6307,1,3,6312,T
3-PA,1450,1,0,1,6358,6360,C
3-PA,1451,1,1,0,6330,6332,C
3-PA,1452,2,1,0,6316,6319,C
3-PA,1453,6331,0,2,1,6334,A
3-PA,1454,0,6393,2,4,6399,T
3-PA,1455,0,2,6412,0,6414,G
3-PA,1456,6395,0,3,2,6400,A
3-PA,1457,0,6369,0,1,6370,T
3-PA,1458,6357,0,2,0,6359,A
3-PA,1459,6363,0,7,1,6371,A
3-PA,1460,2,0,6365,0,6367,G
3-PA,1461,1,0,0,6335,6336,C
3-PA,1462,6307,1,2,1,6311,A
3-PA,1463,6097,1,1,0,6099,A
3-PA,1464,1,1,6154,0,6156,G
3-PA,1465,1,6117,1,4,6123,T
3-PA,1466,5,0,6113,0,6118,G
3-PA,1467,0,2,1,6085,6088,C
3-PA,1468,6037,0,5,0,6042,A
3-PA,1469,0,3,6128,0,6131,G
3-PA,1470,6093,0,1,0,6094,A
3-PA,1471,6169,1,4,0,6174,A
3-PA,1472,1,0,1,6176,6178,C
3-PA,1473,0,5988,0,2,5990,T
3-PA,1474,6037,0,2,0,6039,A
3-PA,1475,6050,2,1,1,6054,A
3-PA,1476,6052,2,1,1,6056,A
3-PA,1477,0,1,6079,0,6080,G
3-PA,1478,5759,0,2,0,5761,A
3-PA,1479,1,52,5730,0,5783,G
3-PA,1480,0,0,5605,0,5605,G
3-PA,1481,1,0,5588,0,5589,G
3-PA,1482,5507,2,6,1,5516,A
3-PA,1483,5389,2,14,0,5405,A
3-PA,1484,0,0,5375,0,5375,G
3-PA,1485,0,3,5354,0,5357,G
3-PA,1486,0,2,0,5349,5351,C
3-PA,1487,1,1,5353,0,5355,G
3-PA,1488,5326,0,2,0,5328,A
3-PA,1489,5327,0,0,0,5327,A
3-PA,1490,5322,1,1,0,5324,A
3-PA,1491,5335,0,1,0,5336,A
3-PA,1492,5352,2,1,0,5355,A
3-PA,1493,0,0,0,5343,5343,C
3-PA,1494,3,3,0,5286,5292,C
3-PA,1495,5300,0,2,0,5302,A
3-PA,1496,5352,1,0,0,5353,A
3-PA,1497,0,5344,0,0,5344,T
3-PA,1498,1,5333,0,2,5336,T
3-PA,1499,0,5351,0,0,5351,T
3-PA,1500,5388,0,0,0,5388,A
3-PA,1501,0,5359,0,2,5361,T
3-PA,1502,5355,1,2,0,5358,A
3-PA,1503,0,5336,0,4,5340,T
3-PA,1504,2,0,5265,0,5267,G
3-PA,1505,1,1,5208,0,5210,G
3-PA,1506,5173,1,11,0,5185,A
3-PA,1507,0,5177,0,2,5179,T
3-PA,1508,1,5122,0,3,5126,T
3-PA,1509,0,1,0,5115,5116,C
3-PA,1510,5134,1,1,0,5136,A
3-PA,1511,2,5165,0,6,5173,T
3-PA,1512,4,1,0,5186,5191,C
3-PA,1513,5163,0,0,0,5163,A
3-PA,1514,1,5113,0,0,5114,T
3-PA,1515,5080,0,1,1,5082,A
3-PA,1516,5071,1,0,0,5072,A
3-PA,1517,5056,0,8,1,5065,A
3-PA,1518,0,2,5039,0,5041,G
3-PA,1519,0,1,4914,0,4915,G
3-PA,1520,0,0,4877,0,4877,G
3-PA,1521,4827,1,5,1,4834,A
3-PA,1522,4763,0,6,0,4769,A
3-PA,1523,0,0,4795,0,4795,G
3-PA,1524,4745,1,0,0,4746,A
3-PA,1525,0,4728,0,3,4731,T
3-PA,1526,1,0,0,4733,4734,C
3-PA,1527,1,4596,1,1,4599,T
3-PA,1528,2,0,0,4719,4721,C
3-PA,1529,4715,1,0,0,4716,A
3-PA,1530,0,4690,0,0,4690,T
3-PA,1531,3,4692,0,0,4695,T
3-PA,1532,0,4625,0,0,4625,T
3-PA,1533,4597,0,2,0,4599,A
3-PA,1534,4591,5,4,0,4600,A
3-PA,1535,2,0,4589,0,4591,G
3-PA,1536,0,1,4616,0,4617,G
3-PA,1537,4316,0,1,0,4317,A
3-PA,1538,4314,0,3,0,4317,A
3-PA,1539,1,4312,0,1,4314,T
3-PA,1540,1,2,4344,0,4347,G
3-PA,1541,4451,1,1,0,4453,A
3-PA,1542,1,0,0,4442,4443,C
3-PA,1543,4417,2,4,0,4423,A
3-PA,1544,1,0,1,4427,4429,C
3-PA,1545,4251,0,5,0,4256,A
3-PA,1546,1,0,4269,0,4270,G
3-PA,1547,4243,1,6,0,4250,A
3-PA,1548,0,2,0,4188,4190,C
3-PA,1549,1,0,4126,0,4127,G
3-PA,1550,1,3745,0,2,3748,T
3-PA,1551,1,0,3751,1,3753,G
3-PA,1552,0,0,3777,1,3778,G
3-PA,1553,0,3776,0,1,3777,T
3-PA,1554,3773,0,1,0,3774,A
3-PA,1555,3693,0,2,0,3695,A
3-PA,1556,3702,0,0,0,3702,A
3-PA,1557,0,3677,0,1,3678,T
3-PA,1558,0,3613,0,0,3613,T
3-PA,1559,1,3613,0,1,3615,T
3-PA,1560,0,3558,0,1,3559,T
3-PA,1561,0,0,3559,0,3559,G
3-PA,1562,0,3502,0,2,3504,T
3-PA,1563,0,0,3511,0,3511,G
3-PA,1564,3463,1,7,0,3471,A
3-PA,1565,1,0,3487,0,3488,G
3-PA,1566,1,1,0,3456,3458,C
3-PA,1567,3476,1,0,0,3477,A
3-PA,1568,0,3470,0,2,3472,T
3-PA,1569,0,2,3476,0,3478,G
3-PA,1570,1,0,3496,0,3497,G
3-PA,1571,3498,0,1,0,3499,A
3-PA,1572,1,0,3496,0,3497,G
3-PA,1573,0,3430,1,3,3434,T
3-PA,1574,0,3368,0,5,3373,T
3-PA,1575,0,3372,0,0,3372,T
3-PA,1576,1,3369,0,1,3371,T
3-PA,1577,1,1,0,3383,3385,C
3-PA,1578,2,3364,1,2,3369,T
3-PA,1579,0,1,0,3360,3361,C
3-PA,1580,2,3229,0,5,3236,T
3-PA,1581,0,0,1,3233,3234,C
3-PA,1582,3231,1,0,0,3232,A
3-PA,1583,0,2,0,3220,3222,C
3-PA,1584,1,3135,0,1,3137,T
3-PA,1585,0,2,3128,0,3130,G
3-PA,1586,3113,0,2,0,3115,A
3-PA,1587,2,0,0,3107,3109,C
3-PA,1588,3,2,0,3094,3099,C
3-PA,1589,2,3,0,3049,3054,C
3-PA,1590,2,1,3044,0,3047,G
3-PA,1591,3030,0,2,0,3032,A
3-PA,1592,1,1,3039,0,3041,G
3-PA,1593,3038,0,2,2,3042,A
3-PA,1594,0,0,0,2973,2973,C
3-PA,1595,0,2874,0,3,2877,T
3-PA,1596,0,2707,0,2,2709,T
3-PA,1597,3,0,2704,0,2707,G
3-PA,1598,2670,1,2,0,2673,A
3-PA,1599,0,0,2704,0,2704,G
3-PA,1600,0,0,0,2688,2688,C
3-PA,1601,1,0,0,2572,2573,C
3-PA,1602,2575,1,3,0,2579,A
3-PA,1603,0,3,0,2557,2560,C
3-PA,1604,2565,0,0,0,2565,A
3-PA,1605,0,2566,0,1,2567,T
3-PA,1606,2536,0,0,0,2536,A
3-PA,1607,2513,0,1,0,2514,A
3-PA,1608,2513,0,0,0,2513,A
3-PA,1609,1,2475,0,1,2477,T
3-PA,1610,0,4,2473,1,2478,G
3-PA,1611,0,1,2187,0,2188,G
3-PA,1612,0,0,2136,0,2136,G
3-PA,1613,2070,0,1,0,2071,A
3-PA,1614,2,1,2087,0,2090,G
3-PA,1615,2059,0,1,0,2060,A
3-PA,1616,2035,0,0,0,2035,A
3-PA,1617,2036,0,0,0,2036,A
3-PA,1618,0,2025,0,0,2025,T
3-PA,1619,2000,0,0,0,2000,A
3-PA,1620,5,1,0,2008,2014,C
3-PA,1621,0,1208,1,1,1210,T
3-PA,1622,1,2,1217,0,1220,G
3-PA,1623,0,841,0,0,841,T
3-PA,1624,0,0,869,0,869,G
3-PA,1625,0,834,1,0,835,T
3-PA,1626,1,0,0,613,614,C
3-PA,1627,0,0,0,594,594,C
3-PA,1628,0,556,0,0,556,T
3-PA,1629,1,557,0,0,558,T
3-PA,1630,0,0,595,0,595,G
3-PA,1631,609,0,3,0,612,A
3-PA,1632,0,0,631,0,631,G
3-PA,1633,596,0,1,0,597,A
3-PA,1634,0,601,0,0,601,T
3-PA,1635,593,0,0,0,593,A
3-PA,1636,0,0,606,0,606,G
3-PA,1637,0,0,605,0,605,G
3-PA,1638,604,0,0,0,604,A
3-PA,1639,0,0,606,0,606,G
3-PA,1640,597,0,0,0,597,A
3-PA,1641,1,597,0,0,598,T
3-PA,1642,607,0,0,0,607,A
3-PA,1643,0,607,0,0,607,T
3-PA,1644,0,0,615,0,615,G
3-PA,1645,0,598,0,0,598,T
3-PA,1646,0,595,0,0,595,T
3-PA,1647,600,1,0,0,601,A
3-PA,1648,0,0,0,603,603,C
3-PA,1649,0,597,0,0,597,T
3-PA,1650,596,0,0,0,596,A
3-PA,1651,588,1,0,1,590,A
3-PA,1652,0,0,604,0,604,G
3-PA,1653,596,0,0,0,596,A
3-PA,1654,593,1,0,0,594,A
3-PA,1655,0,0,582,0,582,G
3-PA,1656,1,587,0,0,588,T
3-PA,1657,0,0,586,0,586,G
3-PA,1658,0,0,0,592,592,C
3-PA,1659,0,0,0,591,591,C
3-PA,1660,591,1,0,1,593,A
3-PA,1661,0,584,0,0,584,T
3-PA,1662,585,0,1,0,586,A
3-PA,1663,0,0,587,0,587,G
3-PA,1664,0,0,583,0,583,G
3-PA,1665,0,1,0,579,580,C
3-PA,1666,0,0,0,581,581,C
3-PA,1667,581,0,0,0,581,A
3-PA,1668,580,1,0,0,581,A
3-PA,1669,580,0,0,0,580,A
3-PA,1670,0,592,0,0,592,T
3-PA,1671,0,590,0,0,590,T
3-PA,1672,0,588,0,0,588,T
3-PA,1673,0,0,0,589,589,C
3-PA,1674,574,0,3,1,578,A
3-PA,1675,589,0,0,0,589,A
3-PA,1676,0,0,592,0,592,G
3-PA,1677,0,0,596,0,596,G
3-PA,1678,0,0,1,592,593,C
3-PA,1679,0,0,0,590,590,C
3-PA,1680,0,0,584,0,584,G
3-PA,1681,606,0,0,0,606,A
3-PA,1682,0,607,0,0,607,T
3-PA,1683,0,0,619,0,619,G
3-PA,1684,0,620,0,0,620,T
3-PA,1685,0,627,0,0,627,T
3-PA,1686,0,0,0,629,629,C
3-PA,1687,0,630,0,0,630,T
3-PA,1688,0,633,0,0,633,T
3-PA,1689,0,0,639,1,640,G
3-PA,1690,1,629,0,1,631,T
3-PA,1691,636,0,0,0,636,A
3-PA,1692,0,620,0,0,620,T
3-PA,1693,0,0,622,0,622,G
3-PA,1694,0,602,0,1,603,T
3-PA,1695,0,0,599,0,599,G
3-PA,1696,593,1,0,0,594,A
3-PA,1697,0,1,598,0,599,G
3-PA,1698,0,0,598,0,598,G
3-PA,1699,604,0,0,0,604,A
3-PA,1700,0,0,0,601,601,C
3-PA,1701,597,0,0,0,597,A
3-PA,1702,593,0,2,0,595,A
3-PA,1703,597,0,0,0,597,A
3-PA,1704,0,1,0,594,595,C
3-PA,1705,1,0,598,0,599,G
3-PA,1706,0,0,605,0,605,G
3-PA,1707,599,0,0,0,599,A
3-PA,1708,600,0,0,0,600,A
3-PA,1709,0,1,0,601,602,C
3-PA,1710,602,0,0,0,602,A
3-PA,1711,0,605,0,1,606,T
3-PA,1712,0,0,0,605,605,C
3-PA,1713,603,0,0,0,603,A
3-PA,1714,601,1,0,0,602,A
3-PA,1715,593,0,0,0,593,A
3-PA,1716,0,0,600,0,600,G
3-PA,1717,0,0,604,0,604,G
3-PA,1718,0,595,0,0,595,T
3-PA,1719,0,0,0,598,598,C
3-PA,1720,597,0,0,0,597,A
3-PA,1721,600,0,0,0,600,A
3-PA,1722,595,1,1,0,597,A
3-PA,1723,600,0,0,0,600,A
3-PA,1724,0,603,0,0,603,T
3-PA,1725,0,0,608,0,608,G
3-PA,1726,603,0,0,0,603,A
3-PA,1727,605,0,0,0,605,A
3-PA,1728,607,0,1,0,608,A
3-PA,1729,0,603,0,0,603,T
3-PA,1730,2,0,613,0,615,G
3-PA,1731,0,0,613,0,613,G
3-PA,1732,0,0,610,0,610,G
3-PA,1733,0,0,620,0,620,G
3-PA,1734,608,0,0,0,608,A
3-PA,1735,613,1,0,0,614,A
3-PA,1736,0,613,0,0,613,T
3-PA,1737,0,0,614,0,614,G
3-PA,1738,0,0,625,0,625,G
3-PA,1739,606,0,0,0,606,A
3-PA,1740,0,0,619,0,619,G
3-PA,1741,613,0,0,0,613,A
3-PA,1742,0,608,0,0,608,T
3-PA,1743,0,0,610,0,610,G
3-PA,1744,601,0,1,0,602,A
3-PA,1745,0,0,606,0,606,G
3-PA,1746,607,0,0,0,607,A
3-PA,1747,0,0,0,604,604,C
3-PA,1748,0,0,600,0,600,G
3-PA,1749,0,603,0,0,603,T
3-PA,1750,0,602,0,0,602,T
3-PA,1751,0,0,612,0,612,G
3-PA,1752,0,0,0,615,615,C
3-PA,1753,0,0,0,611,611,C
3-PA,1754,0,607,0,1,608,T
3-PA,1755,0,0,0,630,630,C
3-PA,1756,0,0,0,635,635,C
3-PA,1757,1,628,0,0,629,T
3-PA,1758,0,629,0,0,629,T
3-PA,1759,0,1,0,629,630,C
3-PA,1760,628,0,0,0,628,A
3-PA,1761,0,0,629,0,629,G
3-PA,1762,0,621,2,0,623,T
3-PA,1763,0,1,1,629,631,C
3-PA,1764,609,0,0,0,609,A
3-PA,1765,0,0,0,629,629,C
3-PA,1766,0,619,0,0,619,T
3-PA,1767,0,0,0,625,625,C
3-PA,1768,0,0,0,628,628,C
3-PA,1769,626,1,0,0,627,A
3-PA,1770,0,0,626,0,626,G
3-PA,1771,0,0,0,630,630,C
3-PA,1772,622,0,0,0,622,A
3-PA,1773,0,0,628,0,628,G
3-PA,1774,594,0,0,0,594,A
3-PA,1775,1,588,0,0,589,T
3-PA,1776,0,0,0,591,591,C
3-PA,1777,1,0,593,0,594,G
3-PA,1778,592,0,1,0,593,A
3-PA,1779,1,0,597,0,598,G
3-PA,1780,587,0,2,0,589,A
3-PA,1781,1,0,596,0,597,G
3-PA,1782,0,0,0,589,589,C
3-PA,1783,589,0,0,0,589,A
3-PA,1784,0,589,0,0,589,T
3-PA,1785,0,1,596,0,597,G
3-PA,1786,596,0,0,0,596,A
3-PA,1787,0,597,0,0,597,T
3-PA,1788,0,590,0,1,591,T
3-PA,1789,0,0,592,0,592,G
3-PA,1790,582,0,2,0,584,A
3-PA,1791,584,0,0,0,584,A
3-PA,1792,0,0,588,0,588,G
3-PA,1793,0,0,0,587,587,C
3-PA,1794,0,0,0,572,572,C
3-PA,1795,0,0,571,0,571,G
3-PA,1796,568,0,0,0,568,A
3-PA,1797,0,1,572,0,573,G
3-PA,1798,0,569,0,0,569,T
3-PA,1799,0,0,0,565,565,C
3-PA,1800,0,0,0,570,570,C
3-PA,1801,0,565,0,3,568,T
3-PA,1802,0,0,0,577,577,C
3-PA,1803,0,0,576,0,576,G
3-PA,1804,0,0,601,0,601,G
3-PA,1805,0,598,0,0,598,T
3-PA,1806,0,594,0,0,594,T
3-PA,1807,597,0,0,0,597,A
3-PA,1808,594,0,0,1,595,A
3-PA,1809,597,0,1,0,598,A
3-PA,1810,0,0,602,0,602,G
3-PA,1811,594,0,0,0,594,A
3-PA,1812,0,0,596,0,596,G
3-PA,1813,572,0,0,0,572,A
3-PA,1814,571,0,0,0,571,A
3-PA,1815,574,0,2,1,577,A
3-PA,1816,0,0,578,0,578,G
3-PA,1817,577,0,0,0,577,A
3-PA,1818,0,0,0,576,576,C
3-PA,1819,566,0,0,0,566,A
3-PA,1820,0,566,0,0,566,T
3-PA,1821,0,0,566,0,566,G
3-PA,1822,574,0,1,0,575,A
3-PA,1823,0,0,0,576,576,C
3-PA,1824,0,0,0,570,570,C
3-PA,1825,564,0,0,0,564,A
3-PA,1826,568,0,0,0,568,A
3-PA,1827,569,0,0,0,569,A
3-PA,1828,0,0,570,0,570,G
3-PA,1829,560,0,0,1,561,A
3-PA,1830,0,0,566,0,566,G
3-PA,1831,0,550,1,0,551,T
3-PA,1832,0,547,0,0,547,T
3-PA,1833,0,550,0,0,550,T
3-PA,1834,0,549,0,0,549,T
3-PA,1835,0,549,1,0,550,T
3-PA,1836,0,548,0,0,548,T
3-PA,1837,0,0,551,0,551,G
3-PA,1838,548,0,0,0,548,A
3-PA,1839,0,1,555,0,556,G
3-PA,1840,550,1,0,0,551,A
3-PA,1841,552,0,1,0,553,A
3-PA,1842,0,552,0,0,552,T
3-PA,1843,557,0,0,0,557,A
3-PA,1844,571,0,0,0,571,A
3-PA,1845,572,0,0,0,572,A
3-PA,1846,0,574,0,0,574,T
3-PA,1847,0,0,0,576,576,C
3-PA,1848,570,0,0,0,570,A
3-PA,1849,0,0,574,0,574,G
3-PA,1850,573,0,0,0,573,A
3-PA,1851,576,0,1,0,577,A
3-PA,1852,1,0,581,0,582,G
3-PA,1853,0,0,0,565,565,C
3-PA,1854,565,0,0,0,565,A
3-PA,1855,0,563,0,0,563,T
3-PA,1856,0,0,562,0,562,G
3-PA,1857,1,0,568,0,569,G
3-PA,1858,0,1,0,561,562,C
3-PA,1859,1,0,0,580,581,C
3-PA,1860,0,0,0,587,587,C
3-PA,1861,592,0,0,2,594,A
3-PA,1862,0,592,1,0,593,T
3-PA,1863,0,591,0,0,591,T
3-PA,1864,0,0,591,0,591,G
3-PA,1865,0,0,591,0,591,G
3-PA,1866,0,0,584,0,584,G
3-PA,1867,0,0,584,0,584,G
3-PA,1868,557,0,0,0,557,A
3-PA,1869,0,0,560,0,560,G
3-PA,1870,0,551,0,1,552,T
3-PA,1871,0,0,0,564,564,C
3-PA,1872,0,0,1,595,596,C
3-PA,1873,2,0,0,594,596,C
3-PA,1874,0,0,0,606,606,C
3-PA,1875,2,0,0,597,599,C
3-PA,1876,598,0,0,0,598,A
3-PA,1877,596,0,3,0,599,A
3-PA,1878,2,0,595,0,597,G
3-PA,1879,0,0,589,0,589,G
3-PA,1880,0,0,594,0,594,G
3-PA,1881,536,0,0,0,536,A
3-PA,1882,0,0,545,0,545,G
3-PA,1883,0,542,0,0,542,T
3-PA,1884,0,0,543,0,543,G
3-PA,1885,1,1,554,0,556,G
3-PA,1886,556,0,0,0,556,A
3-PA,1887,555,0,1,0,556,A
3-PA,1888,0,0,555,0,555,G
3-PA,1889,550,0,1,0,551,A
3-PA,1890,552,0,1,0,553,A
3-PA,1891,0,0,544,0,544,G
3-PA,1892,0,0,550,0,550,G
3-PA,1893,0,550,0,0,550,T
3-PA,1894,0,542,0,0,542,T
3-PA,1895,1,0,0,541,542,C
3-PA,1896,0,0,0,545,545,C
3-PA,1897,548,0,0,0,548,A
3-PA,1898,0,549,0,0,549,T
3-PA,1899,0,544,0,0,544,T
3-PA,1900,0,0,549,0,549,G
3-PA,1901,0,1,546,0,547,G
3-PA,1902,0,0,550,0,550,G
3-PA,1903,546,0,0,0,546,A
3-PA,1904,542,0,0,0,542,A
3-PA,1905,545,0,0,0,545,A
3-PA,1906,0,0,549,0,549,G
3-PA,1907,0,546,1,0,547,T
3-PA,1908,0,0,0,554,554,C
3-PA,1909,0,546,0,0,546,T
3-PA,1910,0,0,550,0,550,G
3-PA,1911,0,549,0,0,549,T
3-PA,1912,549,0,0,0,549,A
3-PA,1913,0,0,545,0,545,G
3-PA,1914,0,1,536,0,537,G
3-PA,1915,528,0,0,0,528,A
3-PA,1916,1,1,0,524,526,C
3-PA,1917,0,512,0,0,512,T
3-PA,1918,1,0,0,544,545,C
3-PA,1919,0,539,0,0,539,T
3-PA,1920,542,0,0,0,542,A
3-PA,1921,0,541,0,0,541,T
3-PA,1922,0,534,0,5,539,T
3-PA,1923,0,0,542,0,542,G
3-PA,1924,0,0,541,0,541,G
3-PA,1925,0,0,0,539,539,C
3-PA,1926,0,535,0,0,535,T
3-PA,1927,484,0,0,0,484,A
3-PA,1928,484,0,1,0,485,A
3-PA,1929,0,0,489,0,489,G
3-PA,1930,0,492,0,0,492,T
3-PA,1931,0,0,0,492,492,C
3-PA,1932,477,0,0,0,477,A
3-PA,1933,0,0,500,0,500,G
3-PA,1934,0,500,0,0,500,T
3-PA,1935,519,0,0,0,519,A
3-PA,1936,0,516,0,1,517,T
3-PA,1937,0,523,0,0,523,T
3-PA,1938,0,0,0,525,525,C
3-PA,1939,518,0,0,1,519,A
3-PA,1940,519,0,0,0,519,A
3-PA,1941,0,515,0,0,515,T
3-PA,1942,494,0,0,0,494,A
3-PA,1943,0,0,502,0,502,G
3-PA,1944,0,0,0,493,493,C
3-PA,1945,0,0,0,493,493,C
3-PA,1946,0,483,0,0,483,T
3-PA,1947,0,0,508,0,508,G
3-PA,1948,0,509,0,0,509,T
3-PA,1949,515,0,0,0,515,A
3-PA,1950,0,514,0,0,514,T
3-PA,1951,0,0,507,0,507,G
3-PA,1952,0,0,0,503,503,C
3-PA,1953,495,0,0,0,495,A
3-PA,1954,0,490,0,0,490,T
3-PA,1955,0,0,0,488,488,C
3-PA,1956,477,0,1,0,478,A
3-PA,1957,0,0,0,483,483,C
3-PA,1958,3,0,0,476,479,C
3-PA,1959,483,0,0,0,483,A
3-PA,1960,0,0,0,487,487,C
3-PA,1961,480,0,0,0,480,A
3-PA,1962,486,0,0,0,486,A
3-PA,1963,0,485,0,0,485,T
3-PA,1964,0,481,0,0,481,T
3-PA,1965,0,0,478,0,478,G
3-PA,1966,0,0,471,0,471,G
3-PA,1967,464,1,0,0,465,A
3-PA,1968,469,0,1,0,470,A
3-PA,1969,0,0,468,0,468,G
3-PA,1970,0,0,468,0,468,G
3-PA,1971,469,0,0,0,469,A
3-PA,1972,0,466,0,1,467,T
3-PA,1973,0,464,0,0,464,T
3-PA,1974,0,465,0,0,465,T
3-PA,1975,0,466,0,0,466,T
3-PA,1976,0,0,0,467,467,C
3-PA,1977,467,0,0,0,467,A
3-PA,1978,1,0,467,0,468,G
3-PA,1979,1,1,0,460,462,C
3-PA,1980,1,0,456,0,457,G
3-PA,1981,0,0,457,1,458,G
3-PA,1982,454,0,0,0,454,A
3-PA,1983,0,0,459,0,459,G
3-PA,1984,0,461,0,0,461,T
3-PA,1985,0,1,0,463,464,C
3-PA,1986,463,0,1,0,464,A
3-PA,1987,461,0,1,0,462,A
3-PA,1988,0,0,463,0,463,G
3-PA,1989,461,1,0,0,462,A
3-PA,1990,462,0,0,0,462,A
3-PA,1991,461,0,0,0,461,A
3-PA,1992,455,0,0,0,455,A
3-PA,1993,0,0,0,458,458,C
3-PA,1994,0,451,0,0,451,T
3-PA,1995,0,1,448,0,449,G
3-PA,1996,0,0,0,448,448,C
3-PA,1997,0,444,0,0,444,T
3-PA,1998,0,0,0,445,445,C
3-PA,1999,0,0,0,448,448,C
3-PA,2000,0,451,0,0,451,T
3-PA,2001,0,454,0,0,454,T
3-PA,2002,1,0,451,0,452,G
3-PA,2003,0,450,0,0,450,T
3-PA,2004,0,443,0,0,443,T
3-PA,2005,0,0,449,0,449,G
3-PA,2006,0,448,0,0,448,T
3-PA,2007,1,441,0,0,442,T
3-PA,2008,0,0,0,448,448,C
3-PA,2009,424,0,0,0,424,A
3-PA,2010,0,0,425,0,425,G
3-PA,2011,0,0,419,0,419,G
3-PA,2012,0,0,0,425,425,C
3-PA,2013,0,424,0,0,424,T
3-PA,2014,0,0,0,434,434,C
3-PA,2015,0,429,0,1,430,T
3-PA,2016,0,428,2,0,430,T
3-PA,2017,433,0,0,0,433,A
3-PA,2018,0,0,430,0,430,G
3-PA,2019,0,0,428,0,428,G
3-PA,2020,0,0,424,0,424,G
3-PA,2021,410,0,0,0,410,A
3-PA,2022,0,0,0,408,408,C
3-PA,2023,385,0,0,0,385,A
3-PA,2024,397,0,0,0,397,A
3-PA,2025,0,1,0,402,403,C
3-PA,2026,0,0,0,399,399,C
3-PA,2027,0,391,0,2,393,T
3-PA,2028,0,0,0,399,399,C
3-PA,2029,0,0,400,0,400,G
3-PA,2030,396,0,0,0,396,A
3-PA,2031,400,0,0,0,400,A
3-PA,2032,0,0,0,398,398,C
3-PA,2033,1,0,0,391,392,C
3-PA,2034,0,379,0,0,379,T
3-PA,2035,0,0,381,0,381,G
3-PA,2036,0,0,382,0,382,G
3-PA,2037,0,0,379,0,379,G
3-PA,2038,376,0,0,0,376,A
3-PA,2039,0,0,0,378,378,C
3-PA,2040,0,0,0,377,377,C
3-PA,2041,0,347,0,0,347,T
3-PA,2042,0,350,0,0,350,T
3-PA,2043,0,349,0,0,349,T
3-PA,2044,0,0,348,0,348,G
3-PA,2045,351,0,0,0,351,A
3-PA,2046,0,356,0,0,356,T
3-PA,2047,0,0,0,356,356,C
3-PA,2048,0,343,0,0,343,T
3-PA,2049,0,339,0,0,339,T
3-PA,2050,0,0,344,0,344,G
3-PA,2051,0,0,342,0,342,G
3-PA,2052,0,1,338,0,339,G
3-PA,2053,0,0,340,0,340,G
3-PA,2054,0,0,334,0,334,G
3-PA,2055,0,0,338,0,338,G
3-PA,2056,0,0,0,333,333,C
3-PA,2057,0,331,0,0,331,T
3-PA,2058,345,0,0,0,345,A
3-PA,2059,0,345,0,0,345,T
3-PA,2060,346,0,0,0,346,A
3-PA,2061,0,344,0,0,344,T
3-PA,2062,0,0,330,0,330,G
3-PA,2063,330,0,0,0,330,A
3-PA,2064,313,0,0,0,313,A
3-PA,2065,0,0,315,0,315,G
3-PA,2066,0,0,0,318,318,C
3-PA,2067,297,0,0,0,297,A
3-PA,2068,308,0,0,0,308,A
3-PA,2069,0,307,0,0,307,T
3-PA,2070,0,308,0,0,308,T
3-PA,2071,0,0,305,0,305,G
3-PA,2072,305,0,1,0,306,A
3-PA,2073,0,0,304,0,304,G
3-PA,2074,0,0,305,0,305,G
3-PA,2075,281,0,0,0,281,A
3-PA,2076,0,0,287,0,287,G
3-PA,2077,0,266,0,0,266,T
3-PA,2078,0,0,268,0,268,G
3-PA,2079,1,0,0,267,268,C
3-PA,2080,1,0,0,266,267,C
3-PA,2081,0,264,0,0,264,T
3-PA,2082,0,0,268,0,268,G
3-PA,2083,266,0,0,0,266,A
3-PA,2084,0,266,0,0,266,T
3-PA,2085,0,254,0,0,254,T
3-PA,2086,255,0,0,0,255,A
3-PA,2087,257,0,0,0,257,A
3-PA,2088,0,251,0,0,251,T
3-PA,2089,0,1,249,0,250,G
3-PA,2090,252,0,0,0,252,A
3-PA,2091,0,241,0,0,241,T
3-PA,2092,0,0,0,241,241,C
3-PA,2093,0,0,0,235,235,C
3-PA,2094,0,0,0,232,232,C
3-PA,2095,0,230,0,1,231,T
3-PA,2096,0,0,232,0,232,G
3-PA,2097,0,0,231,0,231,G
3-PA,2098,0,0,233,0,233,G
3-PA,2099,0,233,0,0,233,T
3-PA,2100,0,214,0,0,214,T
3-PA,2101,0,212,0,0,212,T
3-PA,2102,0,209,0,0,209,T
3-PA,2103,0,0,211,0,211,G
3-PA,2104,0,0,0,211,211,C
3-PA,2105,0,207,0,0,207,T
3-PA,2106,0,0,0,208,208,C
3-PA,2107,200,0,0,0,200,A
3-PA,2108,198,0,1,0,199,A
3-PA,2109,0,198,0,0,198,T
3-PA,2110,0,0,197,0,197,G
3-PA,2111,0,0,0,199,199,C
3-PA,2112,0,0,196,0,196,G
3-PA,2113,0,194,0,0,194,T
3-PA,2114,0,0,0,194,194,C
3-PA,2115,0,192,1,0,193,T
3-PA,2116,0,192,0,0,192,T
3-PA,2117,0,0,193,0,193,G
3-PA,2118,0,0,194,0,194,G
3-PA,2119,0,189,0,1,190,T
3-PA,2120,0,189,0,0,189,T
3-PA,2121,0,0,0,183,183,C
3-PA,2122,178,0,1,0,179,A
3-PA,2123,179,0,0,0,179,A
3-PA,2124,0,0,0,179,179,C
3-PA,2125,0,177,0,0,177,T
3-PA,2126,0,0,0,179,179,C
3-PA,2127,0,0,0,168,168,C
3-PA,2128,3,164,0,1,168,T
3-PA,2129,0,169,0,0,169,T
3-PA,2130,0,0,0,169,169,C
3-PA,2131,0,0,0,166,166,C
3-PA,2132,0,157,0,0,157,T
3-PA,2133,0,0,158,0,158,G
3-PA,2134,157,0,0,0,157,A
3-PA,2135,0,0,0,153,153,C
3-PA,2136,147,0,0,0,147,A
3-PA,2137,0,0,0,141,141,C
3-PA,2138,140,0,0,0,140,A
3-PA,2139,0,138,0,0,138,T
3-PA,2140,0,0,137,0,137,G
3-PA,2141,0,0,0,139,139,C
3-PA,2142,135,0,0,0,135,A
3-PA,2143,0,135,0,0,135,T
3-PA,2144,0,131,0,0,131,T
3-PA,2145,132,0,0,0,132,A
3-PA,2146,131,0,0,0,131,A
3-PA,2147,129,0,0,0,129,A
3-PA,2148,127,0,0,0,127,A
3-PA,2149,0,126,0,0,126,T
3-PA,2150,86,0,0,0,86,A
3-PA,2151,0,0,86,0,86,G
4-HA,1,542,0,0,0,542,A
4-HA,2,0,541,0,0,541,T
4-HA,3,0,0,554,0,554,G
4-HA,4,558,0,0,0,558,A
4-HA,5,563,0,2,0,565,A
4-HA,6,0,0,600,0,600,G
4-HA,7,600,0,0,0,600,A
4-HA,8,2,0,0,647,649,C
4-HA,9,0,654,0,1,655,T
4-HA,10,671,0,1,0,672,A
4-HA,11,0,705,0,0,705,T
4-HA,12,0,0,0,710,710,C
4-HA,13,710,0,0,0,710,A
4-HA,14,0,711,0,0,711,T
4-HA,15,0,710,0,0,710,T
4-HA,16,0,0,779,0,779,G
4-HA,17,1,0,0,784,785,C
4-HA,18,0,784,0,0,784,T
4-HA,19,0,785,0,0,785,T
4-HA,20,0,783,1,0,784,T
4-HA,21,0,3,818,0,821,G
4-HA,22,821,0,1,0,822,A
4-HA,23,0,0,850,0,850,G
4-HA,24,0,0,0,855,855,C
4-HA,25,0,856,0,0,856,T
4-HA,26,923,0,0,0,923,A
4-HA,27,0,0,0,941,941,C
4-HA,28,957,0,0,0,957,A
4-HA,29,0,1008,0,0,1008,T
4-HA,30,0,1007,0,0,1007,T
4-HA,31,0,0,0,1013,1013,C
4-HA,32,0,1009,0,1,1010,T
4-HA,33,1027,1,0,0,1028,A
4-HA,34,1,1033,0,0,1034,T
4-HA,35,1,0,1036,0,1037,G
4-HA,36,0,1034,0,1,1035,T
4-HA,37,0,0,0,1035,1035,C
4-HA,38,0,1034,1,0,1035,T
4-HA,39,0,1,1033,0,1034,G
4-HA,40,0,0,1038,0,1038,G
4-HA,41,0,1033,0,0,1033,T
4-HA,42,0,1036,0,1,1037,T
4-HA,43,0,1040,0,0,1040,T
4-HA,44,0,1039,0,1,1040,T
4-HA,45,1,0,0,1040,1041,C
4-HA,46,0,1,1035,0,1036,G
4-HA,47,0,0,0,1046,1046,C
4-HA,48,1,1030,1,1,1033,T
4-HA,49,0,0,0,1053,1053,C
4-HA,50,1050,1,1,0,1052,A
4-HA,51,1049,0,0,0,1049,A
4-HA,52,1054,1,0,0,1055,A
4-HA,53,1050,0,1,0,1051,A
4-HA,54,1058,0,0,0,1058,A
4-HA,55,0,0,0,1064,1064,C
4-HA,56,0,1059,0,0,1059,T
4-HA,57,0,1057,0,0,1057,T
4-HA,58,0,0,0,1056,1056,C
4-HA,59,0,0,0,1066,1066,C
4-HA,60,0,1065,0,1,1066,T
4-HA,61,3,1,1072,0,1076,G
4-HA,62,0,0,1071,0,1071,G
4-HA,63,1076,0,0,0,1076,A
4-HA,64,1094,0,0,0,1094,A
4-HA,65,1089,0,1,0,1090,A
4-HA,66,0,1105,0,0,1105,T
4-HA,67,0,0,1114,0,1114,G
4-HA,68,1110,0,3,0,1113,A
4-HA,69,0,0,0,1129,1129,C
4-HA,70,1128,0,0,0,1128,A
4-HA,71,1129,0,1,0,1130,A
4-HA,72,0,1,0,1146,1147,C
4-HA,73,1143,0,1,0,1144,A
4-HA,74,0,0,1151,0,1151,G
4-HA,75,0,1,0,1148,1149,C
4-HA,76,1145,0,0,0,1145,A
4-HA,77,0,1,0,1175,1176,C
4-HA,78,1,0,1170,0,1171,G
4-HA,79,1,0,1180,0,1181,G
4-HA,80,0,0,0,1185,1185,C
4-HA,81,1177,0,1,0,1178,A
4-HA,82,1196,0,1,0,1197,A
4-HA,83,0,0,0,1202,1202,C
4-HA,84,0,0,1220,0,1220,G
4-HA,85,0,0,0,1228,1228,C
4-HA,86,0,1205,0,0,1205,T
4-HA,87,0,0,1222,0,1222,G
4-HA,88,0,1218,0,1,1219,T
4-HA,89,0,0,1258,0,1258,G
4-HA,90,0,0,0,1279,1279,C
4-HA,91,0,0,0,1307,1307,C
4-HA,92,0,1292,0,1,1293,T
4-HA,93,0,1283,0,0,1283,T
4-HA,94,1,2,1282,0,1285,G
4-HA,95,0,1,1290,0,1291,G
4-HA,96,0,1,1316,0,1317,G
4-HA,97,0,1,0,1316,1317,C
4-HA,98,1304,1,2,0,1307,A
4-HA,99,0,0,0,1327,1327,C
4-HA,100,1,1,0,1313,1315,C
4-HA,101,1441,0,0,0,1441,A
4-HA,102,0,1446,0,1,1447,T
4-HA,103,5,0,1447,0,1452,G
4-HA,104,0,0,0,1452,1452,C
4-HA,105,1426,0,0,0,1426,A
4-HA,106,0,0,1515,0,1515,G
4-HA,107,0,1515,0,0,1515,T
4-HA,108,1531,0,1,0,1532,A
4-HA,109,0,0,0,1521,1521,C
4-HA,110,0,0,0,1466,1466,C
4-HA,111,1473,0,0,0,1473,A
4-HA,112,1475,0,0,0,1475,A
4-HA,113,1475,0,1,0,1476,A
4-HA,114,0,0,0,1494,1494,C
4-HA,115,0,0,1441,0,1441,G
4-HA,116,0,1,1477,0,1478,G
4-HA,117,1470,1,0,0,1471,A
4-HA,118,1478,0,3,0,1481,A
4-HA,119,0,1,0,1482,1483,C
4-HA,120,1,1,1489,0,1491,G
4-HA,121,1507,0,0,0,1507,A
4-HA,122,1,1510,0,1,1512,T
4-HA,123,1518,0,0,0,1518,A
4-HA,124,0,0,1525,0,1525,G
4-HA,125,0,1506,0,0,1506,T
4-HA,126,0,1,1507,0,1508,G
4-HA,127,1502,0,0,1,1503,A
4-HA,128,1510,0,1,0,1511,A
4-HA,129,1511,0,1,0,1512,A
4-HA,130,1504,0,1,1,1506,A
4-HA,131,0,0,0,1528,1528,C
4-HA,132,1517,0,0,0,1517,A
4-HA,133,1526,0,0,0,1526,A
4-HA,134,0,1515,0,0,1515,T
4-HA,135,0,0,0,1524,1524,C
4-HA,136,1524,0,1,0,1525,A
4-HA,137,0,0,0,1533,1533,C
4-HA,138,0,1,1532,0,1533,G
4-HA,139,1523,0,0,0,1523,A
4-HA,140,1519,0,1,0,1520,A
4-HA,141,0,1527,0,0,1527,T
4-HA,142,0,0,1524,0,1524,G
4-HA,143,1530,0,0,0,1530,A
4-HA,144,1,0,0,1525,1526,C
4-HA,145,2,0,0,1532,1534,C
4-HA,146,1556,0,0,0,1556,A
4-HA,147,1551,0,0,0,1551,A
4-HA,148,1554,0,1,0,1555,A
4-HA,149,0,1556,0,0,1556,T
4-HA,150,1,1553,0,0,1554,T
4-HA,151,0,0,1561,0,1561,G
4-HA,152,1563,0,1,0,1564,A
4-HA,153,1561,1,1,0,1563,A
4-HA,154,0,0,1571,0,1571,G
4-HA,155,0,1554,0,0,1554,T
4-HA,156,0,1604,0,0,1604,T
4-HA,157,1618,0,0,0,1618,A
4-HA,158,0,0,0,1634,1634,C
4-HA,159,0,1637,0,0,1637,T
4-HA,160,1633,0,0,0,1633,A
4-HA,161,1665,0,0,0,1665,A
4-HA,162,0,1667,0,1,1668,T
4-HA,163,1,0,1670,0,1671,G
4-HA,164,0,1,0,1735,1736,C
4-HA,165,0,1714,0,0,1714,T
4-HA,166,1724,0,1,0,1725,A
4-HA,167,0,0,0,1721,1721,C
4-HA,168,0,1712,1,0,1713,T
4-HA,169,0,0,1723,0,1723,G
4-HA,170,1697,0,0,0,1697,A
4-HA,171,0,1,1691,1,1693,G
4-HA,172,0,1,0,1699,1700,C
4-HA,173,0,1655,0,1,1656,T
4-HA,174,0,2,1714,0,1716,G
4-HA,175,0,0,1761,0,1761,G
4-HA,176,0,1762,0,1,1763,T
4-HA,177,0,1769,0,2,1771,T
4-HA,178,0,1,0,1764,1765,C
4-HA,179,1767,0,3,0,1770,A
4-HA,180,0,0,1770,0,1770,G
4-HA,181,1773,0,1,0,1774,A
4-HA,182,0,0,1808,0,1808,G
4-HA,183,0,1769,0,0,1769,T
4-HA,184,0,1744,0,0,1744,T
4-HA,185,1,2,0,1757,1760,C
4-HA,186,0,0,0,1759,1759,C
4-HA,187,0,1732,1,2,1735,T
4-HA,188,0,0,0,1772,1772,C
4-HA,189,1767,0,0,0,1767,A
4-HA,190,1765,1,0,0,1766,A
4-HA,191,0,0,0,1781,1781,C
4-HA,192,1750,1,0,0,1751,A
4-HA,193,0,0,1788,0,1788,G
4-HA,194,0,0,1780,0,1780,G
4-HA,195,0,1783,0,0,1783,T
4-HA,196,0,0,1790,0,1790,G
4-HA,197,1784,0,0,0,1784,A
4-HA,198,1793,1,1,0,1795,A
4-HA,199,1856,0,1,0,1857,A
4-HA,200,0,1848,0,0,1848,T
4-HA,201,1866,0,0,0,1866,A
4-HA,202,1,1836,0,0,1837,T
4-HA,203,0,0,1834,0,1834,G
4-HA,204,0,0,0,1842,1842,C
4-HA,205,0,2,1838,0,1840,G
4-HA,206,1832,2,2,1,1837,A
4-HA,207,0,0,0,1837,1837,C
4-HA,208,1798,0,0,0,1798,A
4-HA,209,0,0,1925,0,1925,G
4-HA,210,1,1916,0,1,1918,T
4-HA,211,0,0,0,1937,1937,C
4-HA,212,2,0,0,1934,1936,C
4-HA,213,0,1924,0,4,1928,T
4-HA,214,0,0,0,1957,1957,C
4-HA,215,1960,0,1,0,1961,A
4-HA,216,0,1959,0,1,1960,T
4-HA,217,0,0,0,1965,1965,C
4-HA,218,1874,0,1,0,1875,A
4-HA,219,0,1,1890,1,1892,G
4-HA,220,1868,0,0,0,1868,A
4-HA,221,0,1869,0,0,1869,T
4-HA,222,0,0,0,1892,1892,C
4-HA,223,0,1,0,1873,1874,C
4-HA,224,0,1875,0,0,1875,T
4-HA,225,0,1869,0,1,1870,T
4-HA,226,0,0,1869,0,1869,G
4-HA,227,1872,1,1,0,1874,A
4-HA,228,0,1868,0,0,1868,T
4-HA,229,0,0,1877,0,1877,G
4-HA,230,0,1,1876,0,1877,G
4-HA,231,1857,0,4,0,1861,A
4-HA,232,5,0,1863,0,1868,G
4-HA,233,1868,0,0,0,1868,A
4-HA,234,1872,1,0,0,1873,A
4-HA,235,1878,0,1,0,1879,A
4-HA,236,1881,1,2,0,1884,A
4-HA,237,0,0,0,1894,1894,C
4-HA,238,0,1871,0,0,1871,T
4-HA,239,0,1,1884,0,1885,G
4-HA,240,0,1,0,1881,1882,C
4-HA,241,1880,1,2,0,1883,A
4-HA,242,0,0,0,1950,1950,C
4-HA,243,1942,0,2,1,1945,A
4-HA,244,1,0,0,2238,2239,C
4-HA,245,0,2229,0,0,2229,T
4-HA,246,2273,0,0,0,2273,A
4-HA,247,2276,0,4,0,2280,A
4-HA,248,0,2284,0,0,2284,T
4-HA,249,2277,0,0,0,2277,A
4-HA,250,0,0,2288,0,2288,G
4-HA,251,2226,0,1,0,2227,A
4-HA,252,0,2170,0,0,2170,T
4-HA,253,0,0,2024,0,2024,G
4-HA,254,0,0,0,2045,2045,C
4-HA,255,0,2018,0,0,2018,T
4-HA,256,3,0,0,2204,2207,C
4-HA,257,0,2209,0,0,2209,T
4-HA,258,2276,1,0,0,2277,A
4-HA,259,1,2278,0,1,2280,T
4-HA,260,0,2275,0,1,2276,T
4-HA,261,0,0,2288,0,2288,G
4-HA,262,0,2,2281,0,2283,G
4-HA,263,0,0,2308,0,2308,G
4-HA,264,2252,1,1,0,2254,A
4-HA,265,0,1,2238,0,2239,G
4-HA,266,2189,0,2,0,2191,A
4-HA,267,0,0,1,2438,2439,C
4-HA,268,2,1,0,2482,2485,C
4-HA,269,1,0,0,2507,2508,C
4-HA,270,0,2489,0,2,2491,T
4-HA,271,2,0,0,2555,2557,C
4-HA,272,2556,0,0,0,2556,A
4-HA,273,0,0,2798,0,2798,G
4-HA,274,0,2799,0,1,2800,T
4-HA,275,0,0,2822,0,2822,G
4-HA,276,1,2742,0,4,2747,T
4-HA,277,0,1,2738,0,2739,G
4-HA,278,2729,0,3,0,2732,A
4-HA,279,0,2743,0,0,2743,T
4-HA,280,1,1,2716,0,2718,G
4-HA,281,1,2,2712,0,2715,G
4-HA,282,0,1,0,2671,2672,C
4-HA,283,0,2664,0,3,2667,T
4-HA,284,0,2655,0,3,2658,T
4-HA,285,1,1,0,2661,2663,C
4-HA,286,2,0,0,2666,2668,C
4-HA,287,2670,0,1,0,2671,A
4-HA,288,2689,0,2,1,2692,A
4-HA,289,2684,0,3,0,2687,A
4-HA,290,2702,0,0,1,2703,A
4-HA,291,0,2702,0,1,2703,T
4-HA,292,2710,0,0,0,2710,A
4-HA,293,2706,0,2,0,2708,A
4-HA,294,0,0,2721,0,2721,G
4-HA,295,2737,0,1,0,2738,A
4-HA,296,2750,0,0,0,2750,A
4-HA,297,2751,0,2,0,2753,A
4-HA,298,0,2749,1,1,2751,T
4-HA,299,0,3,2752,0,2755,G
4-HA,300,0,4,2744,0,2748,G
4-HA,301,1,0,2739,0,2740,G
4-HA,302,2749,0,3,0,2752,A
4-HA,303,1,1,0,2763,2765,C
4-HA,304,1,0,0,2772,2773,C
4-HA,305,0,2822,0,3,2825,T
4-HA,306,1,2820,0,0,2821,T
4-HA,307,0,2814,0,2,2816,T
4-HA,308,0,2848,1,0,2849,T
4-HA,309,0,2846,0,0,2846,T
4-HA,310,1,0,2860,0,2861,G
4-HA,311,0,2860,0,1,2861,T
4-HA,312,0,2839,0,0,2839,T
4-HA,313,5,1,2825,1,2832,G
4-HA,314,2802,0,3,0,2805,A
4-HA,315,2819,0,2,0,2821,A
4-HA,316,0,1,0,2824,2825,C
4-HA,317,0,0,2807,0,2807,G
4-HA,318,0,0,0,2867,2867,C
4-HA,319,2857,0,2,0,2859,A
4-HA,320,0,0,2877,0,2877,G
4-HA,321,0,1,0,2883,2884,C
4-HA,322,2888,0,0,0,2888,A
4-HA,323,2889,0,1,0,2890,A
4-HA,324,2887,0,4,0,2891,A
4-HA,325,0,0,3028,0,3028,G
4-HA,326,1,0,0,3018,3019,C
4-HA,327,0,0,0,3012,3012,C
4-HA,328,1,3012,0,0,3013,T
4-HA,329,2999,0,5,0,3004,A
4-HA,330,0,1,0,3042,3043,C
4-HA,331,3042,0,0,0,3042,A
4-HA,332,0,0,3037,0,3037,G
4-HA,333,0,0,0,3026,3026,C
4-HA,334,2944,0,2,0,2946,A
4-HA,335,2983,1,1,0,2985,A
4-HA,336,0,0,0,3152,3152,C
4-HA,337,0,3142,0,0,3142,T
4-HA,338,1,0,3151,0,3152,G
4-HA,339,0,3110,0,3,3113,T
4-HA,340,0,3120,0,0,3120,T
4-HA,341,3126,0,0,0,3126,A
4-HA,342,0,1,0,3395,3396,C
4-HA,343,1,0,0,3400,3401,C
4-HA,344,2,0,0,3514,3516,C
4-HA,345,0,3356,0,1,3357,T
4-HA,346,0,3365,0,1,3366,T
4-HA,347,3383,0,0,0,3383,A
4-HA,348,0,3378,0,0,3378,T
4-HA,349,2,0,3375,0,3377,G
4-HA,350,3352,0,3,0,3355,A
4-HA,351,0,3092,0,1,3093,T
4-HA,352,0,0,3131,0,3131,G
4-HA,353,1,3052,0,0,3053,T
4-HA,354,0,0,3034,0,3034,G
4-HA,355,1,1,0,3044,3046,C
4-HA,356,0,1,0,3034,3035,C
4-HA,357,0,1,3094,0,3095,G
4-HA,358,0,0,3155,0,3155,G
4-HA,359,3156,0,0,0,3156,A
4-HA,360,0,3161,0,0,3161,T
4-HA,361,0,3107,1,0,3108,T
4-HA,362,3124,0,1,0,3125,A
4-HA,363,0,3117,0,0,3117,T
4-HA,364,0,0,3129,0,3129,G
4-HA,365,0,1,0,3110,3111,C
4-HA,366,0,1,0,3095,3096,C
4-HA,367,1,3083,0,2,3086,T
4-HA,368,0,0,1,3287,3288,C
4-HA,369,1,0,0,3319,3320,C
4-HA,370,0,10,0,3315,3325,C
4-HA,371,0,3302,0,0,3302,T
4-HA,372,0,3323,0,1,3324,T
4-HA,373,3314,0,3,0,3317,A
4-HA,374,0,1,3421,0,3422,G
4-HA,375,0,1,3420,1,3422,G
4-HA,376,0,3365,0,0,3365,T
4-HA,377,0,0,0,3287,3287,C
4-HA,378,3257,1,1,1,3260,A
4-HA,379,0,0,0,3343,3343,C
4-HA,380,0,3348,0,12,3360,T
4-HA,381,3361,0,0,0,3361,A
4-HA,382,2,1,3356,1,3360,G
4-HA,383,0,3326,0,0,3326,T
4-HA,384,0,3307,0,1,3308,T
4-HA,385,0,1,3333,0,3334,G
4-HA,386,1,0,0,3333,3334,C
4-HA,387,0,0,0,3342,3342,C
4-HA,388,0,3286,0,5,3291,T
4-HA,389,0,2,0,3319,3321,C
4-HA,390,3437,0,0,0,3437,A
4-HA,391,0,3447,0,0,3447,T
4-HA,392,0,1,0,3446,3447,C
4-HA,393,1,0,0,3446,3447,C
4-HA,394,0,0,3414,0,3414,G
4-HA,395,2,0,3418,0,3420,G
4-HA,396,1,5,0,3435,3441,C
4-HA,397,3458,0,4,0,3462,A
4-HA,398,0,0,0,3533,3533,C
4-HA,399,3441,1,5,0,3447,A
4-HA,400,1,0,1,3472,3474,C
4-HA,401,0,3452,0,5,3457,T
4-HA,402,1,0,3508,0,3509,G
4-HA,403,0,0,3552,0,3552,G
4-HA,404,3494,1,4,0,3499,A
4-HA,405,1,0,3568,0,3569,G
4-HA,406,0,3543,0,0,3543,T
4-HA,407,0,3523,0,1,3524,T
4-HA,408,0,3523,0,0,3523,T
4-HA,409,3527,0,0,0,3527,A
4-HA,410,3537,0,0,0,3537,A
4-HA,411,0,0,0,3556,3556,C
4-HA,412,3501,0,0,0,3501,A
4-HA,413,3508,0,2,0,3510,A
4-HA,414,1,3498,0,0,3499,T
4-HA,415,2,0,3492,0,3494,G
4-HA,416,3477,3,0,0,3480,A
4-HA,417,3484,0,2,0,3486,A
4-HA,418,3477,0,9,0,3486,A
4-HA,419,0,2,3498,0,3500,G
4-HA,420,0,0,0,3509,3509,C
4-HA,421,1,3493,0,5,3499,T
4-HA,422,1,3497,1,0,3499,T
4-HA,423,1,0,0,3557,3558,C
4-HA,424,3564,0,0,0,3564,A
4-HA,425,3562,0,0,0,3562,A
4-HA,426,0,3570,0,0,3570,T
4-HA,427,1,3560,0,1,3562,T
4-HA,428,0,2,3637,0,3639,G
4-HA,429,0,2,3683,0,3685,G
4-HA,430,3672,0,2,2,3676,A
4-HA,431,2,0,0,3701,3703,C
4-HA,432,0,3657,1,1,3659,T
4-HA,433,4,0,3656,0,3660,G
4-HA,434,7,2,3657,0,3666,G
4-HA,435,3644,0,4,0,3648,A
4-HA,436,0,0,3677,0,3677,G
4-HA,437,2,3613,0,2,3617,T
4-HA,438,0,0,1,3591,3592,C
4-HA,439,3630,0,2,0,3632,A
4-HA,440,1,1,0,3640,3642,C
4-HA,441,0,3594,0,5,3599,T
4-HA,442,2,1,0,3636,3639,C
4-HA,443,3594,0,1,0,3595,A
4-HA,444,3632,0,0,0,3632,A
4-HA,445,3608,0,2,0,3610,A
4-HA,446,3630,1,2,0,3633,A
4-HA,447,0,0,0,3640,3640,C
4-HA,448,1,1,3621,0,3623,G
4-HA,449,0,1,3694,0,3695,G
4-HA,450,3670,1,1,0,3672,A
4-HA,451,3681,0,0,2,3683,A
4-HA,452,0,0,0,3691,3691,C
4-HA,453,3667,0,0,0,3667,A
4-HA,454,3693,0,6,0,3699,A
4-HA,455,1,0,3740,0,3741,G
4-HA,456,1,0,2,3736,3739,C
4-HA,457,0,3703,0,3,3706,T
4-HA,458,1,0,1,3732,3734,C
4-HA,459,0,3716,0,1,3717,T
4-HA,460,0,0,3722,0,3722,G
4-HA,461,1,1,0,3730,3732,C
4-HA,462,1,3726,0,0,3727,T
4-HA,463,2,3695,0,3,3700,T
4-HA,464,1,0,3742,0,3743,G
4-HA,465,0,0,0,3739,3739,C
4-HA,466,3744,0,1,0,3745,A
4-HA,467,0,3703,0,1,3704,T
4-HA,468,3695,0,1,0,3696,A
4-HA,469,3702,0,1,1,3704,A
4-HA,470,0,0,3705,0,3705,G
4-HA,471,1,1,3706,0,3708,G
4-HA,472,3667,1,0,0,3668,A
4-HA,473,3577,0,1,0,3578,A
4-HA,474,3619,0,4,0,3623,A
4-HA,475,0,3804,2,1,3807,T
4-HA,476,0,1,0,3857,3858,C
4-HA,477,0,3862,1,0,3863,T
4-HA,478,3847,0,1,0,3848,A
4-HA,479,3846,0,1,0,3847,A
4-HA,480,0,3840,0,0,3840,T
4-HA,481,3839,0,1,0,3840,A
4-HA,482,3839,1,1,0,3841,A
4-HA,483,0,1,0,3889,3890,C
4-HA,484,3714,0,1,0,3715,A
4-HA,485,0,0,3736,0,3736,G
4-HA,486,0,3680,1,1,3682,T
4-HA,487,0,3773,1,3,3777,T
4-HA,488,0,3783,1,4,3788,T
4-HA,489,0,0,1,3916,3917,C
4-HA,490,0,3917,0,0,3917,T
4-HA,491,0,3916,1,2,3919,T
4-HA,492,0,3925,0,0,3925,T
4-HA,493,3903,0,1,1,3905,A
4-HA,494,1,0,3909,0,3910,G
4-HA,495,1,3897,0,0,3898,T
4-HA,496,3863,0,2,0,3865,A
4-HA,497,0,0,3877,0,3877,G
4-HA,498,3779,0,2,0,3781,A
4-HA,499,1,3785,0,1,3787,T
4-HA,500,1,3768,0,0,3769,T
4-HA,501,0,1,3849,0,3850,G
4-HA,502,3845,0,1,1,3847,A
4-HA,503,3844,1,1,0,3846,A
4-HA,504,0,3850,0,0,3850,T
4-HA,505,1,3788,0,0,3789,T
4-HA,506,0,0,3829,0,3829,G
4-HA,507,1,2,3800,0,3803,G
4-HA,508,0,3826,0,6,3832,T
4-HA,509,0,3816,0,2,3818,T
4-HA,510,1,3,3750,0,3754,G
4-HA,511,3755,2,1,0,3758,A
4-HA,512,1,0,1,3757,3759,C
4-HA,513,2,1,1,3743,3747,C
4-HA,514,2,0,0,3758,3760,C
4-HA,515,3755,0,2,0,3757,A
4-HA,516,0,2,0,3804,3806,C
4-HA,517,0,3794,0,1,3795,T
4-HA,518,0,3779,1,15,3795,T
4-HA,519,3803,0,1,0,3804,A
4-HA,520,3799,0,0,0,3799,A
4-HA,521,3785,1,0,0,3786,A
4-HA,522,3814,0,0,0,3814,A
4-HA,523,0,3912,0,0,3912,T
4-HA,524,0,3891,0,0,3891,T
4-HA,525,0,2,1,3907,3910,C
4-HA,526,3885,1,1,0,3887,A
4-HA,527,3890,0,0,0,3890,A
4-HA,528,3892,0,0,0,3892,A
4-HA,529,0,3899,0,1,3900,T
4-HA,530,4006,0,0,0,4006,A
4-HA,531,1,0,0,4017,4018,C
4-HA,532,4,0,0,3911,3915,C
4-HA,533,0,0,0,3920,3920,C
4-HA,534,3895,0,2,0,3897,A
4-HA,535,1,0,4103,0,4104,G
4-HA,536,0,0,0,4127,4127,C
4-HA,537,4112,0,0,1,4113,A
4-HA,538,1,4104,1,1,4107,T
4-HA,539,0,4027,0,2,4029,T
4-HA,540,0,1,4175,1,4177,G
4-HA,541,4191,0,3,0,4194,A
4-HA,542,4198,0,9,0,4207,A
4-HA,543,3,0,0,4194,4197,C
4-HA,544,1,0,4085,0,4086,G
4-HA,545,0,4129,1,0,4130,T
4-HA,546,1,1,4142,0,4144,G
4-HA,547,4149,1,3,0,4153,A
4-HA,548,0,1,0,4153,4154,C
4-HA,549,1,4004,0,0,4005,T
4-HA,550,4120,0,1,0,4121,A
4-HA,551,1,4113,0,0,4114,T
4-HA,552,2,0,4146,0,4148,G
4-HA,553,2,0,0,4136,4138,C
4-HA,554,0,1,0,4082,4083,C
4-HA,555,4075,0,4,0,4079,A
4-HA,556,4076,0,1,0,4077,A
4-HA,557,4121,1,5,3,4130,A
4-HA,558,0,1,0,4146,4147,C
4-HA,559,4018,1,1,0,4020,A
4-HA,560,4042,0,0,0,4042,A
4-HA,561,0,4003,0,2,4005,T
4-HA,562,2,0,4017,0,4019,G
4-HA,563,4013,1,4,0,4018,A
4-HA,564,4002,0,2,0,4004,A
4-HA,565,0,1,0,3936,3937,C
4-HA,566,3974,0,2,0,3976,A
4-HA,567,4004,0,1,0,4005,A
4-HA,568,0,3998,0,1,3999,T
4-HA,569,0,4003,0,1,4004,T
4-HA,570,0,4006,0,0,4006,T
4-HA,571,0,1,4008,0,4009,G
4-HA,572,4014,1,3,2,4020,A
4-HA,573,0,1,0,4019,4020,C
4-HA,574,4018,0,0,0,4018,A
4-HA,575,4022,0,0,0,4022,A
4-HA,576,4092,1,2,0,4095,A
4-HA,577,0,4124,2,0,4126,T
4-HA,578,0,4117,0,1,4118,T
4-HA,579,0,0,4165,0,4165,G
4-HA,580,1,4155,0,1,4157,T
4-HA,581,4169,1,1,0,4171,A
4-HA,582,0,0,0,4267,4267,C
4-HA,583,4253,0,1,0,4254,A
4-HA,584,1,4312,0,0,4313,T
4-HA,585,1,4242,0,0,4243,T
4-HA,586,1,4216,0,1,4218,T
4-HA,587,0,4,4210,1,4215,G
4-HA,588,0,1,4180,0,4181,G
4-HA,589,1,1,4184,0,4186,G
4-HA,590,2,3,4188,0,4193,G
4-HA,591,12,1,4133,1,4147,G
4-HA,592,1,0,4237,0,4238,G
4-HA,593,0,4210,1,2,4213,T
4-HA,594,0,4226,0,4,4230,T
4-HA,595,0,1,0,4221,4222,C
4-HA,596,4238,0,1,0,4239,A
4-HA,597,3,0,2,4252,4257,C
4-HA,598,1,1,2,4256,4260,C
4-HA,599,4252,0,0,1,4253,A
4-HA,600,1,1,1,4285,4288,C
4-HA,601,2,0,0,4222,4224,C
4-HA,602,4,0,0,4187,4191,C
4-HA,603,0,2,4205,1,4208,G
4-HA,604,0,1,4367,0,4368,G
4-HA,605,1,0,4388,0,4389,G
4-HA,606,0,4379,0,2,4381,T
4-HA,607,4386,0,1,0,4387,A
4-HA,608,0,3,0,4342,4345,C
4-HA,609,2,1,4308,0,4311,G
4-HA,610,1,1,4363,0,4365,G
4-HA,611,4382,0,1,0,4383,A
4-HA,612,0,0,3,4370,4373,C
4-HA,613,4154,0,0,0,4154,A
4-HA,614,4152,1,1,0,4154,A
4-HA,615,0,4164,0,2,4166,T
4-HA,616,0,2,4215,1,4218,G
4-HA,617,4212,3,5,0,4220,A
4-HA,618,0,1,0,4212,4213,C
4-HA,619,2,0,0,4171,4173,C
4-HA,620,4173,0,1,0,4174,A
4-HA,621,4150,0,6,0,4156,A
4-HA,622,4229,0,1,0,4230,A
4-HA,623,1,4210,0,0,4211,T
4-HA,624,1,0,0,4269,4270,C
4-HA,625,0,4017,0,0,4017,T
4-HA,626,1,3990,1,0,3992,T
4-HA,627,0,0,0,4070,4070,C
4-HA,628,1,1,0,4089,4091,C
4-HA,629,0,4049,1,8,4058,T
4-HA,630,0,0,4087,0,4087,G
4-HA,631,1,4002,0,1,4004,T
4-HA,632,4035,0,2,0,4037,A
4-HA,633,0,4008,0,1,4009,T
4-HA,634,2,0,4049,0,4051,G
4-HA,635,0,0,0,4064,4064,C
4-HA,636,0,3991,1,11,4003,T
4-HA,637,0,1,0,4043,4044,C
4-HA,638,4045,0,0,0,4045,A
4-HA,639,4034,0,0,0,4034,A
4-HA,640,0,2,4070,0,4072,G
4-HA,641,0,0,0,4083,4083,C
4-HA,642,4076,0,1,1,4078,A
4-HA,643,0,4017,0,1,4018,T
4-HA,644,0,1,1,4020,4022,C
4-HA,645,4026,1,0,0,4027,A
4-HA,646,0,1,4046,0,4047,G
4-HA,647,1,1,4050,0,4052,G
4-HA,648,4047,0,2,0,4049,A
4-HA,649,4022,0,3,0,4025,A
4-HA,650,0,0,4084,0,4084,G
4-HA,651,4068,0,2,0,4070,A
4-HA,652,4130,0,10,0,4140,A
4-HA,653,1,4161,0,4,4166,T
4-HA,654,0,1,0,4164,4165,C
4-HA,655,4126,0,10,0,4136,A
4-HA,656,0,1,0,4141,4142,C
4-HA,657,4120,0,2,0,4122,A
4-HA,658,0,0,4207,1,4208,G
4-HA,659,0,4115,0,0,4115,T
4-HA,660,1,0,0,4157,4158,C
4-HA,661,1,4063,2,3,4069,T
4-HA,662,0,0,0,4213,4213,C
4-HA,663,0,4222,0,0,4222,T
4-HA,664,4272,0,1,0,4273,A
4-HA,665,0,0,0,4254,4254,C
4-HA,666,0,0,0,4253,4253,C
4-HA,667,4179,0,0,0,4179,A
4-HA,668,4190,0,0,0,4190,A
4-HA,669,4159,1,1,0,4161,A
4-HA,670,4154,0,2,2,4158,A
4-HA,671,0,0,4172,0,4172,G
4-HA,672,4049,0,1,0,4050,A
4-HA,673,4036,0,3,0,4039,A
4-HA,674,2,1,4045,0,4048,G
4-HA,675,0,2,0,4034,4036,C
4-HA,676,0,0,0,4056,4056,C
4-HA,677,4067,0,1,0,4068,A
4-HA,678,4068,11,2,0,4081,A
4-HA,679,1,0,0,4076,4077,C
4-HA,680,4061,0,1,0,4062,A
4-HA,681,4041,0,1,11,4053,A
4-HA,682,4076,0,4,0,4080,A
4-HA,683,0,0,0,4197,4197,C
4-HA,684,0,4158,1,1,4160,T
4-HA,685,1,1,4187,0,4189,G
4-HA,686,0,4160,1,3,4164,T
4-HA,687,4163,0,0,0,4163,A
4-HA,688,4166,0,0,0,4166,A
4-HA,689,1,4111,1,0,4113,T
4-HA,690,1,0,0,4171,4172,C
4-HA,691,1,0,0,4166,4167,C
4-HA,692,0,1,0,4117,4118,C
4-HA,693,1,0,4112,0,4113,G
4-HA,694,4097,0,1,0,4098,A
4-HA,695,4099,0,1,1,4101,A
4-HA,696,0,4096,0,0,4096,T
4-HA,697,4115,0,0,0,4115,A
4-HA,698,0,4081,1,0,4082,T
4-HA,699,0,1,0,4091,4092,C
4-HA,700,3,0,4081,0,4084,G
4-HA,701,0,0,4218,0,4218,G
4-HA,702,4231,1,2,1,4235,A
4-HA,703,2,4261,1,1,4265,T
4-HA,704,29,0,0,4247,4276,C
4-HA,705,1,4270,0,2,4273,T
4-HA,706,4267,0,2,0,4269,A
4-HA,707,0,2,4278,0,4280,G
4-HA,708,4304,1,2,0,4307,A
4-HA,709,1,0,0,4285,4286,C
4-HA,710,1,1,0,4145,4147,C
4-HA,711,3,0,0,4141,4144,C
4-HA,712,4097,2,1,0,4100,A
4-HA,713,0,0,4399,0,4399,G
4-HA,714,4376,0,4,0,4380,A
4-HA,715,0,0,4470,0,4470,G
4-HA,716,0,4414,0,3,4417,T
4-HA,717,4392,0,3,0,4395,A
4-HA,718,4399,2,3,0,4404,A
4-HA,719,1,0,4484,0,4485,G
4-HA,720,1,0,4517,0,4518,G
4-HA,721,4469,0,0,0,4469,A
4-HA,722,4132,0,0,0,4132,A
4-HA,723,0,4098,0,3,4101,T
4-HA,724,4009,0,116,0,4125,A
4-HA,725,3,4094,0,0,4097,T
4-HA,726,2,1,0,4165,4168,C
4-HA,727,0,1,0,4150,4151,C
4-HA,728,2,0,0,4064,4066,C
4-HA,729,0,4019,0,1,4020,T
4-HA,730,4041,0,0,0,4041,A
4-HA,731,1,5,4037,0,4043,G
4-HA,732,0,1,0,4047,4048,C
4-HA,733,3950,1,1,0,3952,A
4-HA,734,0,1,4048,0,4049,G
4-HA,735,3981,0,0,2,3983,A
4-HA,736,3989,0,3,1,3993,A
4-HA,737,0,3995,0,0,3995,T
4-HA,738,3990,0,0,0,3990,A
4-HA,739,3992,2,3,0,3997,A
4-HA,740,2,2,3987,0,3991,G
4-HA,741,0,1,0,4006,4007,C
4-HA,742,4017,0,0,0,4017,A
4-HA,743,1,3897,0,1,3899,T
4-HA,744,1,0,0,4139,4140,C
4-HA,745,0,4126,0,0,4126,T
4-HA,746,4148,2,0,0,4150,A
4-HA,747,1,4133,1,0,4135,T
4-HA,748,0,4110,0,1,4111,T
4-HA,749,3,2,4141,0,4146,G
4-HA,750,0,1,4122,0,4123,G
4-HA,751,4110,0,1,0,4111,A
4-HA,752,8,1,0,4101,4110,C
4-HA,753,3602,0,0,0,3602,A
4-HA,754,3686,1,1,1,3689,A
4-HA,755,0,3881,0,0,3881,T
4-HA,756,3918,0,1,1,3920,A
4-HA,757,3,0,3960,0,3963,G
4-HA,758,1,3905,0,1,3907,T
4-HA,759,3914,0,0,0,3914,A
4-HA,760,3908,0,1,0,3909,A
4-HA,761,3955,1,1,0,3957,A
4-HA,762,4002,0,1,0,4003,A
4-HA,763,0,1,0,4021,4022,C
4-HA,764,0,0,0,3791,3791,C
4-HA,765,0,1,3772,0,3773,G
4-HA,766,0,0,3806,0,3806,G
4-HA,767,0,1,3835,0,3836,G
4-HA,768,3823,1,6,0,3830,A
4-HA,769,0,2,3887,0,3889,G
4-HA,770,3928,0,1,0,3929,A
4-HA,771,0,0,0,3932,3932,C
4-HA,772,3932,1,0,1,3934,A
4-HA,773,0,3933,0,2,3935,T
4-HA,774,3954,0,1,0,3955,A
4-HA,775,0,2,1,4029,4032,C
4-HA,776,1,3980,0,1,3982,T
4-HA,777,1,4031,0,1,4033,T
4-HA,778,0,4047,0,0,4047,T
4-HA,779,0,4011,0,1,4012,T
4-HA,780,1,0,4056,0,4057,G
4-HA,781,4068,0,4,0,4072,A
4-HA,782,0,4062,0,0,4062,T
4-HA,783,1,4169,0,0,4170,T
4-HA,784,4159,1,1,1,4162,A
4-HA,785,4170,0,2,0,4172,A
4-HA,786,0,1,0,4221,4222,C
4-HA,787,4201,0,4,1,4206,A
4-HA,788,1,0,4412,0,4413,G
4-HA,789,0,1,5,4379,4385,C
4-HA,790,4396,0,3,0,4399,A
4-HA,791,0,1,0,4417,4418,C
4-HA,792,4378,0,6,0,4384,A
4-HA,793,1,2,4447,0,4450,G
4-HA,794,0,2,4447,0,4449,G
4-HA,795,1,3,4646,1,4651,G
4-HA,796,4595,1,5,0,4601,A
4-HA,797,4650,0,0,0,4650,A
4-HA,798,0,4642,0,1,4643,T
4-HA,799,0,0,0,4662,4662,C
4-HA,800,0,4696,0,2,4698,T
4-HA,801,4709,0,3,0,4712,A
4-HA,802,4687,0,1,0,4688,A
4-HA,803,0,4680,0,0,4680,T
4-HA,804,0,4499,0,2,4501,T
4-HA,805,0,0,4560,0,4560,G
4-HA,806,0,1,0,4728,4729,C
4-HA,807,0,4873,0,3,4876,T
4-HA,808,0,0,0,5050,5050,C
4-HA,809,1,0,0,5047,5048,C
4-HA,810,0,5011,0,3,5014,T
4-HA,811,5027,0,0,0,5027,A
4-HA,812,0,0,5057,1,5058,G
4-HA,813,0,2,5108,0,5110,G
4-HA,814,0,0,5132,0,5132,G
4-HA,815,4,0,5058,0,5062,G
4-HA,816,0,4924,0,3,4927,T
4-HA,817,0,4891,0,1,4892,T
4-HA,818,4903,0,1,0,4904,A
4-HA,819,0,0,0,4999,4999,C
4-HA,820,1,4973,0,9,4983,T
4-HA,821,0,5004,1,5,5010,T
4-HA,822,1,0,0,4998,4999,C
4-HA,823,4983,0,0,0,4983,A
4-HA,824,4978,0,0,0,4978,A
4-HA,825,4972,0,0,1,4973,A
4-HA,826,5032,1,2,0,5035,A
4-HA,827,0,5021,0,1,5022,T
4-HA,828,4961,0,2,0,4963,A
4-HA,829,1,1,0,4961,4963,C
4-HA,830,0,0,4948,0,4948,G
4-HA,831,4944,1,1,0,4946,A
4-HA,832,4954,0,1,0,4955,A
4-HA,833,0,0,5005,1,5006,G
4-HA,834,1,4992,0,4,4997,T
4-HA,835,1,0,5003,0,5004,G
4-HA,836,0,1,5005,0,5006,G
4-HA,837,0,3,5025,0,5028,G
4-HA,838,5021,0,7,0,5028,A
4-HA,839,5037,1,1,0,5039,A
4-HA,840,5042,0,2,2,5046,A
4-HA,841,5021,0,5,0,5026,A
4-HA,842,1,0,5152,0,5153,G
4-HA,843,0,0,0,5149,5149,C
4-HA,844,0,5077,1,3,5081,T
4-HA,845,4,0,0,5171,5175,C
4-HA,846,5209,0,1,0,5210,A
4-HA,847,5256,0,1,0,5257,A
4-HA,848,0,5251,0,1,5252,T
4-HA,849,5290,0,1,0,5291,A
4-HA,850,5290,6,2,0,5298,A
4-HA,851,1,5190,0,0,5191,T
4-HA,852,0,1,5199,1,5201,G
4-HA,853,5131,2,5,0,5138,A
4-HA,854,0,2,5294,0,5296,G
4-HA,855,5273,1,4,0,5278,A
4-HA,856,1,5233,0,3,5237,T
4-HA,857,1,1,0,5359,5361,C
4-HA,858,5334,0,0,0,5334,A
4-HA,859,1,0,5456,0,5457,G
4-HA,860,5440,1,5,0,5446,A
4-HA,861,2,5434,0,4,5440,T
4-HA,862,2,1,5423,1,5427,G
4-HA,863,0,2,0,5324,5326,C
4-HA,864,5340,0,2,0,5342,A
4-HA,865,2,9,22,5396,5429,C
4-HA,866,2,3,0,5369,5374,C
4-HA,867,2,3,0,5383,5388,C
4-HA,868,5280,0,0,0,5280,A
4-HA,869,0,5271,0,1,5272,T
4-HA,870,0,5276,0,2,5278,T
4-HA,871,1,3,5371,0,5375,G
4-HA,872,3,0,5347,0,5350,G
4-HA,873,0,0,0,5374,5374,C
4-HA,874,5279,0,2,2,5283,A
4-HA,875,5261,0,0,1,5262,A
4-HA,876,5375,0,0,0,5375,A
4-HA,877,0,5389,0,0,5389,T
4-HA,878,1,0,5393,0,5394,G
4-HA,879,2,0,0,5386,5388,C
4-HA,880,5331,0,3,0,5334,A
4-HA,881,5498,0,1,0,5499,A
4-HA,882,0,5494,0,2,5496,T
4-HA,883,0,5520,0,0,5520,T
4-HA,884,0,1,0,5545,5546,C
4-HA,885,0,5443,0,3,5446,T
4-HA,886,0,1,5515,0,5516,G
4-HA,887,5509,0,0,0,5509,A
4-HA,888,5536,0,1,0,5537,A
4-HA,889,0,5541,0,0,5541,T
4-HA,890,0,0,5443,0,5443,G
4-HA,891,0,1,1,5454,5456,C
4-HA,892,5449,0,0,0,5449,A
4-HA,893,1,5432,0,0,5433,T
4-HA,894,0,0,0,5439,5439,C
4-HA,895,5436,0,6,0,5442,A
4-HA,896,0,1,0,5717,5718,C
4-HA,897,0,5672,0,5,5677,T
4-HA,898,1,0,0,5697,5698,C
4-HA,899,1,2,0,5675,5678,C
4-HA,900,5740,0,0,0,5740,A
4-HA,901,5723,1,1,0,5725,A
4-HA,902,5725,0,2,0,5727,A
4-HA,903,0,5500,0,2,5502,T
4-HA,904,1,0,5532,0,5533,G
4-HA,905,0,1,5537,1,5539,G
4-HA,906,5556,0,6,0,5562,A
4-HA,907,5542,1,2,0,5545,A
4-HA,908,1,0,5555,0,5556,G
4-HA,909,0,0,0,5467,5467,C
4-HA,910,5479,0,0,0,5479,A
4-HA,911,0,5494,0,2,5496,T
4-HA,912,1,5464,0,7,5472,T
4-HA,913,2,1,0,5648,5651,C
4-HA,914,2,1,0,5621,5624,C
4-HA,915,2,1,0,5626,5629,C
4-HA,916,5621,0,2,0,5623,A
4-HA,917,5709,1,0,5,5715,A
4-HA,918,0,5790,0,2,5792,T
4-HA,919,4,3,5792,0,5799,G
4-HA,920,5797,1,2,0,5800,A
4-HA,921,0,2,0,5784,5786,C
4-HA,922,5628,0,1,1,5630,A
4-HA,923,5671,0,2,0,5673,A
4-HA,924,5667,0,2,0,5669,A
4-HA,925,1,0,0,5714,5715,C
4-HA,926,2,1,0,5629,5632,C
4-HA,927,5502,1,2,0,5505,A
4-HA,928,1,5482,1,4,5488,T
4-HA,929,0,5466,0,3,5469,T
4-HA,930,0,0,0,5513,5513,C
4-HA,931,1,1,0,5509,5511,C
4-HA,932,5508,2,1,0,5511,A
4-HA,933,5513,0,0,0,5513,A
4-HA,934,5470,0,1,0,5471,A
4-HA,935,5591,0,2,0,5593,A
4-HA,936,0,5564,0,3,5567,T
4-HA,937,1,0,5604,0,5605,G
4-HA,938,2,5586,1,0,5589,T
4-HA,939,5615,0,0,0,5615,A
4-HA,940,5604,1,2,0,5607,A
4-HA,941,5603,1,3,0,5607,A
4-HA,942,3,0,0,5629,5632,C
4-HA,943,5543,1,1,0,5545,A
4-HA,944,3,1,5618,0,5622,G
4-HA,945,0,1,5636,0,5637,G
4-HA,946,5734,0,2,0,5736,A
4-HA,947,1,5719,1,0,5721,T
4-HA,948,0,3,0,5771,5774,C
4-HA,949,5809,0,2,0,5811,A
4-HA,950,1,2,0,5975,5978,C
4-HA,951,5980,0,0,0,5980,A
4-HA,952,1,6141,0,3,6145,T
4-HA,953,5943,0,3,0,5946,A
4-HA,954,1,1,0,5902,5904,C
4-HA,955,1,4,5716,0,5721,G
4-HA,956,2,3,5711,0,5716,G
4-HA,957,0,2,5669,0,5671,G
4-HA,958,1,1,5656,9,5667,G
4-HA,959,2,1,0,5517,5520,C
4-HA,960,6,0,0,5491,5497,C
4-HA,961,0,5348,0,7,5355,T
4-HA,962,7,1,5851,1,5860,G
4-HA,963,3,5838,0,8,5849,T
4-HA,964,4,1,0,5890,5895,C
4-HA,965,1,1,0,5898,5900,C
4-HA,966,3,0,0,5879,5882,C
4-HA,967,5840,2,2,0,5844,A
4-HA,968,2,1,5898,0,5901,G
4-HA,969,5881,0,0,0,5881,A
4-HA,970,1,5885,0,1,5887,T
4-HA,971,5304,0,2,1,5307,A
4-HA,972,0,5195,0,1,5196,T
4-HA,973,0,1,5203,1,5205,G
4-HA,974,1,5195,0,1,5197,T
4-HA,975,1,5079,0,0,5080,T
4-HA,976,5125,0,2,0,5127,A
4-HA,977,5075,0,1,0,5076,A
4-HA,978,0,3,5133,0,5136,G
4-HA,979,0,2,0,5123,5125,C
4-HA,980,5024,0,2,0,5026,A
4-HA,981,5036,0,0,0,5036,A
4-HA,982,4967,0,2,0,4969,A
4-HA,983,4971,0,3,1,4975,A
4-HA,984,1,0,0,4982,4983,C
4-HA,985,4926,0,0,0,4926,A
4-HA,986,0,0,0,4991,4991,C
4-HA,987,0,4821,0,4,4825,T
4-HA,988,3,0,0,4901,4904,C
4-HA,989,1,4887,0,5,4893,T
4-HA,990,3,1,4961,0,4965,G
4-HA,991,4937,0,2,0,4939,A
4-HA,992,4929,0,0,0,4929,A
4-HA,993,4947,0,2,0,4949,A
4-HA,994,1,4910,0,1,4912,T
4-HA,995,1,4846,0,2,4849,T
4-HA,996,2,0,4884,0,4886,G
4-HA,997,4,0,4871,0,4875,G
4-HA,998,0,5,0,4887,4892,C
4-HA,999,4841,1,2,1,4845,A
4-HA,1000,4859,1,2,0,4862,A
4-HA,1001,0,1,0,4857,4858,C
4-HA,1002,4850,0,2,0,4852,A
4-HA,1003,0,0,4906,0,4906,G
4-HA,1004,0,3,4873,1,4877,G
4-HA,1005,6,1,4846,0,4853,G
4-HA,1006,4815,0,4,0,4819,A
4-HA,1007,0,4818,0,0,4818,T
4-HA,1008,1,1,4827,0,4829,G
4-HA,1009,0,1,0,4817,4818,C
4-HA,1010,19,2,4827,0,4848,G
4-HA,1011,4876,1,2,0,4879,A
4-HA,1012,4777,0,0,0,4777,A
4-HA,1013,4807,0,0,0,4807,A
4-HA,1014,0,4710,0,20,4730,T
4-HA,1015,0,0,4792,0,4792,G
4-HA,1016,0,4793,0,2,4795,T
4-HA,1017,4775,0,2,0,4777,A
4-HA,1018,4,4,0,4760,4768,C
4-HA,1019,4,0,1,4722,4727,C
4-HA,1020,4644,2,1,1,4648,A
4-HA,1021,0,1,4657,0,4658,G
4-HA,1022,4460,1,3,0,4464,A
4-HA,1023,0,0,4530,0,4530,G
4-HA,1024,4395,0,2,0,4397,A
4-HA,1025,4405,0,2,1,4408,A
4-HA,1026,4416,0,5,0,4421,A
4-HA,1027,0,0,1,4404,4405,C
4-HA,1028,4335,0,1,0,4336,A
4-HA,1029,4414,0,1,0,4415,A
4-HA,1030,4419,0,5,0,4424,A
4-HA,1031,0,1,0,4469,4470,C
4-HA,1032,0,4413,0,0,4413,T
4-HA,1033,4343,0,2,0,4345,A
4-HA,1034,0,2,4348,0,4350,G
4-HA,1035,4280,1,7,0,4288,A
4-HA,1036,0,0,4404,0,4404,G
4-HA,1037,0,1,4395,0,4396,G
4-HA,1038,0,4,0,4277,4281,C
4-HA,1039,4290,0,2,1,4293,A
4-HA,1040,0,4276,0,1,4277,T
4-HA,1041,4302,0,0,0,4302,A
4-HA,1042,1,4260,1,1,4263,T
4-HA,1043,1,4237,1,1,4240,T
4-HA,1044,1,4252,0,0,4253,T
4-HA,1045,2,1,4046,0,4049,G
4-HA,1046,1,1,4061,0,4063,G
4-HA,1047,1,2,0,4036,4039,C
4-HA,1048,2,0,4034,0,4036,G
4-HA,1049,0,0,0,3991,3991,C
4-HA,1050,3967,0,1,0,3968,A
4-HA,1051,4005,0,0,0,4005,A
4-HA,1052,0,3991,0,1,3992,T
4-HA,1053,0,1,0,4007,4008,C
4-HA,1054,2,2,4006,0,4010,G
4-HA,1055,0,0,0,3993,3993,C
4-HA,1056,1,2,4002,0,4005,G
4-HA,1057,0,0,4037,0,4037,G
4-HA,1058,1,0,4052,0,4053,G
4-HA,1059,1,4015,0,2,4018,T
4-HA,1060,0,3962,0,1,3963,T
4-HA,1061,0,3967,0,3,3970,T
4-HA,1062,0,1,0,3987,3988,C
4-HA,1063,3999,0,0,0,3999,A
4-HA,1064,0,4011,0,0,4011,T
4-HA,1065,4006,0,3,0,4009,A
4-HA,1066,1,1,4052,0,4054,G
4-HA,1067,3906,0,2,1,3909,A
4-HA,1068,3923,1,2,0,3926,A
4-HA,1069,3917,1,0,0,3918,A
4-HA,1070,3939,0,4,0,3943,A
4-HA,1071,0,3949,0,0,3949,T
4-HA,1072,2,0,4013,0,4015,G
4-HA,1073,0,1,4049,0,4050,G
4-HA,1074,2,3989,1,1,3993,T
4-HA,1075,0,3884,0,0,3884,T
4-HA,1076,1,2,3896,0,3899,G
4-HA,1077,0,0,3976,0,3976,G
4-HA,1078,0,0,4020,1,4021,G
4-HA,1079,3961,2,4,0,3967,A
4-HA,1080,1,0,4031,0,4032,G
4-HA,1081,0,0,3970,0,3970,G
4-HA,1082,0,1,4117,0,4118,G
4-HA,1083,4071,1,0,1,4073,A
4-HA,1084,4135,1,1,1,4138,A
4-HA,1085,0,4134,0,1,4135,T
4-HA,1086,0,0,4129,0,4129,G
4-HA,1087,17,0,4181,0,4198,G
4-HA,1088,0,4144,0,6,4150,T
4-HA,1089,2,1,4149,0,4152,G
4-HA,1090,2,1,4147,0,4150,G
4-HA,1091,4040,0,4,0,4044,A
4-HA,1092,1,4060,0,6,4067,T
4-HA,1093,0,2,4133,0,4135,G
4-HA,1094,1,0,4194,0,4195,G
4-HA,1095,0,4142,0,0,4142,T
4-HA,1096,0,4032,0,2,4034,T
4-HA,1097,0,0,4025,0,4025,G
4-HA,1098,0,0,4101,0,4101,G
4-HA,1099,1,4089,0,2,4092,T
4-HA,1100,4109,1,0,0,4110,A
4-HA,1101,1,1,0,3908,3910,C
4-HA,1102,0,1,3933,0,3934,G
4-HA,1103,1,0,4074,0,4075,G
4-HA,1104,0,4064,0,4,4068,T
4-HA,1105,1,4080,0,2,4083,T
4-HA,1106,1,4065,1,1,4068,T
4-HA,1107,0,2,1,4009,4012,C
4-HA,1108,3998,2,8,0,4008,A
4-HA,1109,0,0,4006,0,4006,G
4-HA,1110,3,0,3992,0,3995,G
4-HA,1111,0,1,0,3970,3971,C
4-HA,1112,3824,0,1,0,3825,A
4-HA,1113,0,3869,0,4,3873,T
4-HA,1114,0,1,0,3880,3881,C
4-HA,1115,3896,1,5,0,3902,A
4-HA,1116,3884,12,0,0,3896,A
4-HA,1117,3891,0,0,0,3891,A
4-HA,1118,3918,0,0,0,3918,A
4-HA,1119,2,3904,1,0,3907,T
4-HA,1120,0,3897,0,0,3897,T
4-HA,1121,0,0,0,3903,3903,C
4-HA,1122,0,3848,0,0,3848,T
4-HA,1123,0,0,3864,0,3864,G
4-HA,1124,3812,0,4,0,3816,A
4-HA,1125,0,3,3872,0,3875,G
4-HA,1126,0,1,3877,0,3878,G
4-HA,1127,0,1,3889,0,3890,G
4-HA,1128,3876,1,1,0,3878,A
4-HA,1129,3869,0,2,0,3871,A
4-HA,1130,0,0,3869,0,3869,G
4-HA,1131,3899,1,4,0,3904,A
4-HA,1132,1,2,3950,0,3953,G
4-HA,1133,0,0,3959,1,3960,G
4-HA,1134,3931,2,6,1,3940,A
4-HA,1135,0,3,0,3934,3937,C
4-HA,1136,3903,0,1,1,3905,A
4-HA,1137,3886,0,7,1,3894,A
4-HA,1138,2,0,3899,0,3901,G
4-HA,1139,0,0,0,3905,3905,C
4-HA,1140,3846,0,0,0,3846,A
4-HA,1141,0,0,3865,0,3865,G
4-HA,1142,0,1,0,3844,3845,C
4-HA,1143,3849,1,0,0,3850,A
4-HA,1144,2,0,3900,0,3902,G
4-HA,1145,3850,0,0,0,3850,A
4-HA,1146,0,3933,0,0,3933,T
4-HA,1147,1,1,0,3999,4001,C
4-HA,1148,0,3945,0,4,3949,T
4-HA,1149,2,0,1,4006,4009,C
4-HA,1150,4000,0,1,1,4002,A
4-HA,1151,3995,0,0,0,3995,A
4-HA,1152,3989,0,2,0,3991,A
4-HA,1153,3922,0,1,0,3923,A
4-HA,1154,1,0,3920,0,3921,G
4-HA,1155,1,0,0,3843,3844,C
4-HA,1156,3820,0,0,1,3821,A
4-HA,1157,0,1,0,3897,3898,C
4-HA,1158,0,3803,0,4,3807,T
4-HA,1159,3,1,0,3836,3840,C
4-HA,1160,3839,0,1,0,3840,A
4-HA,1161,3917,0,0,0,3917,A
4-HA,1162,2,0,3920,0,3922,G
4-HA,1163,1,0,0,3915,3916,C
4-HA,1164,3875,0,4,0,3879,A
4-HA,1165,1,0,3900,0,3901,G
4-HA,1166,0,1,0,3817,3818,C
4-HA,1167,3813,0,0,0,3813,A
4-HA,1168,3805,0,1,0,3806,A
4-HA,1169,0,3775,0,1,3776,T
4-HA,1170,1,0,0,3710,3711,C
4-HA,1171,4,2,3717,0,3723,G
4-HA,1172,3719,0,1,1,3721,A
4-HA,1173,0,3681,0,4,3685,T
4-HA,1174,1,1,0,3683,3685,C
4-HA,1175,3671,1,0,0,3672,A
4-HA,1176,3767,1,0,0,3768,A
4-HA,1177,3767,0,0,0,3767,A
4-HA,1178,0,3734,0,1,3735,T
4-HA,1179,1,1,0,3771,3773,C
4-HA,1180,3703,1,0,0,3704,A
4-HA,1181,3746,0,2,2,3750,A
4-HA,1182,0,3743,0,0,3743,T
4-HA,1183,7,1,3750,1,3759,G
4-HA,1184,0,2,3736,0,3738,G
4-HA,1185,0,1,3686,0,3687,G
4-HA,1186,3680,0,2,1,3683,A
4-HA,1187,3690,0,3,0,3693,A
4-HA,1188,3,0,3777,0,3780,G
4-HA,1189,0,0,0,3784,3784,C
4-HA,1190,1,3750,0,4,3755,T
4-HA,1191,3,1,3949,0,3953,G
4-HA,1192,3940,0,0,0,3940,A
4-HA,1193,3950,0,1,0,3951,A
4-HA,1194,0,3959,0,0,3959,T
4-HA,1195,3863,1,0,0,3864,A
4-HA,1196,0,0,3863,0,3863,G
4-HA,1197,3491,1,4,0,3496,A
4-HA,1198,1,3516,1,1,3519,T
4-HA,1199,2,3522,0,0,3524,T
4-HA,1200,1,3,3535,0,3539,G
4-HA,1201,3527,1,0,0,3528,A
4-HA,1202,1,3509,0,0,3510,T
4-HA,1203,0,1,0,3510,3511,C
4-HA,1204,1,0,3516,0,3517,G
4-HA,1205,0,0,3506,0,3506,G
4-HA,1206,0,1,3516,0,3517,G
4-HA,1207,3504,2,6,0,3512,A
4-HA,1208,3516,0,2,0,3518,A
4-HA,1209,3500,0,1,0,3501,A
4-HA,1210,3516,2,0,0,3518,A
4-HA,1211,0,2,0,3524,3526,C
4-HA,1212,1,2,0,3517,3520,C
4-HA,1213,3486,1,1,0,3488,A
4-HA,1214,3487,0,0,0,3487,A
4-HA,1215,0,3,0,3504,3507,C
4-HA,1216,1,0,3520,0,3521,G
4-HA,1217,3488,2,1,0,3491,A
4-HA,1218,0,0,3514,0,3514,G
4-HA,1219,3515,0,1,0,3516,A
4-HA,1220,3505,0,2,0,3507,A
4-HA,1221,3497,0,2,0,3499,A
4-HA,1222,0,3516,0,1,3517,T
4-HA,1223,2,3506,0,1,3509,T
4-HA,1224,0,0,0,3553,3553,C
4-HA,1225,0,0,1,3530,3531,C
4-HA,1226,3536,1,1,1,3539,A
4-HA,1227,0,3517,0,1,3518,T
4-HA,1228,1,0,0,3531,3532,C
4-HA,1229,3499,0,1,0,3500,A
4-HA,1230,0,0,3532,0,3532,G
4-HA,1231,3504,0,1,0,3505,A
4-HA,1232,0,3497,0,0,3497,T
4-HA,1233,1,3461,0,3,3465,T
4-HA,1234,0,0,3507,1,3508,G
4-HA,1235,3512,1,1,0,3514,A
4-HA,1236,3510,1,0,0,3511,A
4-HA,1237,3514,1,1,0,3516,A
4-HA,1238,3504,0,22,0,3526,A
4-HA,1239,3485,0,2,0,3487,A
4-HA,1240,0,1,3489,0,3490,G
4-HA,1241,3478,1,2,0,3481,A
4-HA,1242,3490,0,1,0,3491,A
4-HA,1243,0,3443,0,1,3444,T
4-HA,1244,0,3447,1,0,3448,T
4-HA,1245,3,0,0,3464,3467,C
4-HA,1246,0,3467,0,1,3468,T
4-HA,1247,0,0,0,3461,3461,C
4-HA,1248,3455,0,5,1,3461,A
4-HA,1249,0,0,3461,0,3461,G
4-HA,1250,3436,0,0,1,3437,A
4-HA,1251,3426,0,0,1,3427,A
4-HA,1252,1,0,3486,0,3487,G
4-HA,1253,0,3450,1,0,3451,T
4-HA,1254,2,0,0,3457,3459,C
4-HA,1255,2,1,3471,0,3474,G
4-HA,1256,3467,1,0,0,3468,A
4-HA,1257,3459,2,7,0,3468,A
4-HA,1258,0,2,3466,0,3468,G
4-HA,1259,0,0,3484,0,3484,G
4-HA,1260,1,0,3493,1,3495,G
4-HA,1261,3397,1,5,0,3403,A
4-HA,1262,0,3,3409,0,3412,G
4-HA,1263,1,1,3377,0,3379,G
4-HA,1264,3714,0,0,0,3714,A
4-HA,1265,0,3720,0,0,3720,T
4-HA,1266,0,3713,2,0,3715,T
4-HA,1267,0,1,0,3725,3726,C
4-HA,1268,3657,0,11,0,3668,A
4-HA,1269,0,2,3674,0,3676,G
4-HA,1270,1,1,3665,0,3667,G
4-HA,1271,3634,0,3,0,3637,A
4-HA,1272,0,1,0,3631,3632,C
4-HA,1273,2,0,0,3258,3260,C
4-HA,1274,0,3248,2,1,3251,T
4-HA,1275,0,3121,2,125,3248,T
4-HA,1276,2,0,3288,0,3290,G
4-HA,1277,3271,0,1,0,3272,A
4-HA,1278,0,1,3374,0,3375,G
4-HA,1279,3311,0,2,0,3313,A
4-HA,1280,3030,0,0,0,3030,A
4-HA,1281,3016,0,1,0,3017,A
4-HA,1282,0,2985,0,1,2986,T
4-HA,1283,3215,0,1,0,3216,A
4-HA,1284,0,3199,0,0,3199,T
4-HA,1285,0,0,3258,0,3258,G
4-HA,1286,0,3249,0,1,3250,T
4-HA,1287,1,3163,0,0,3164,T
4-HA,1288,0,1,3212,0,3213,G
4-HA,1289,3183,1,1,1,3186,A
4-HA,1290,0,0,3335,0,3335,G
4-HA,1291,1,0,3316,0,3317,G
4-HA,1292,3265,2,5,1,3273,A
4-HA,1293,0,0,0,3345,3345,C
4-HA,1294,3335,0,2,0,3337,A
4-HA,1295,0,0,2,3425,3427,C
4-HA,1296,0,0,0,3436,3436,C
4-HA,1297,3432,0,1,0,3433,A
4-HA,1298,3538,0,0,0,3538,A
4-HA,1299,3527,1,0,0,3528,A
4-HA,1300,3557,0,1,0,3558,A
4-HA,1301,0,3558,0,2,3560,T
4-HA,1302,3478,0,2,0,3480,A
4-HA,1303,1,2,3512,0,3515,G
4-HA,1304,3428,1,2,0,3431,A
4-HA,1305,0,3467,0,3,3470,T
4-HA,1306,1,0,0,3484,3485,C
4-HA,1307,1,3409,0,1,3411,T
4-HA,1308,0,2,0,3496,3498,C
4-HA,1309,0,3511,0,3,3514,T
4-HA,1310,0,0,3585,1,3586,G
4-HA,1311,1,0,3662,0,3663,G
4-HA,1312,1,3646,0,5,3652,T
4-HA,1313,3,0,0,3658,3661,C
4-HA,1314,3681,0,1,0,3682,A
4-HA,1315,0,3687,0,2,3689,T
4-HA,1316,3694,0,5,0,3699,A
4-HA,1317,0,0,0,3686,3686,C
4-HA,1318,3600,0,1,0,3601,A
4-HA,1319,3627,0,0,0,3627,A
4-HA,1320,0,1,0,3537,3538,C
4-HA,1321,0,0,3540,0,3540,G
4-HA,1322,1,1,0,3541,3543,C
4-HA,1323,2,2,3524,0,3528,G
4-HA,1324,0,1,3537,0,3538,G
4-HA,1325,3525,0,1,0,3526,A
4-HA,1326,2,1,3578,0,3581,G
4-HA,1327,0,0,0,3592,3592,C
4-HA,1328,1,3564,0,4,3569,T
4-HA,1329,1,3587,0,3,3591,T
4-HA,1330,2,1,0,3592,3595,C
4-HA,1331,0,3613,0,2,3615,T
4-HA,1332,0,3623,0,1,3624,T
4-HA,1333,1,0,3606,1,3608,G
4-HA,1334,0,3595,0,2,3597,T
4-HA,1335,0,3528,0,2,3530,T
4-HA,1336,2,0,3574,1,3577,G
4-HA,1337,1,0,0,3580,3581,C
4-HA,1338,2,0,0,3562,3564,C
4-HA,1339,4,0,0,3587,3591,C
4-HA,1340,1,3574,2,3,3580,T
4-HA,1341,0,1,3621,0,3622,G
4-HA,1342,0,1,3621,1,3623,G
4-HA,1343,3611,0,1,0,3612,A
4-HA,1344,0,0,3650,0,3650,G
4-HA,1345,3586,1,5,0,3592,A
4-HA,1346,3618,1,1,0,3620,A
4-HA,1347,1,4,0,3706,3711,C
4-HA,1348,0,4,0,3699,3703,C
4-HA,1349,3697,0,2,0,3699,A
4-HA,1350,3857,0,4,0,3861,A
4-HA,1351,0,0,0,3893,3893,C
4-HA,1352,3921,1,0,0,3922,A
4-HA,1353,1,3916,0,5,3922,T
4-HA,1354,3899,0,3,0,3902,A
4-HA,1355,0,44,0,3926,3970,C
4-HA,1356,3893,0,15,0,3908,A
4-HA,1357,3903,1,1,0,3905,A
4-HA,1358,2,3900,0,0,3902,T
4-HA,1359,0,3749,0,0,3749,T
4-HA,1360,0,3,3786,0,3789,G
4-HA,1361,3798,2,1,0,3801,A
4-HA,1362,1,3785,0,2,3788,T
4-HA,1363,2,0,0,3822,3824,C
4-HA,1364,0,3720,0,1,3721,T
4-HA,1365,3770,0,0,0,3770,A
4-HA,1366,3772,1,0,0,3773,A
4-HA,1367,0,0,0,3766,3766,C
4-HA,1368,0,3728,0,2,3730,T
4-HA,1369,10,0,3706,0,3716,G
4-HA,1370,3718,3,2,0,3723,A
4-HA,1371,0,0,0,3721,3721,C
4-HA,1372,0,3699,0,1,3700,T
4-HA,1373,0,1,0,3732,3733,C
4-HA,1374,3715,0,1,0,3716,A
4-HA,1375,0,1,3781,0,3782,G
4-HA,1376,3776,0,1,0,3777,A
4-HA,1377,3774,3,1,0,3778,A
4-HA,1378,3773,0,0,0,3773,A
4-HA,1379,0,3765,0,1,3766,T
4-HA,1380,0,2,3802,1,3805,G
4-HA,1381,3795,1,2,0,3798,A
4-HA,1382,3803,0,3,0,3806,A
4-HA,1383,0,1,0,3806,3807,C
4-HA,1384,3758,2,2,0,3762,A
4-HA,1385,3774,0,1,0,3775,A
4-HA,1386,3767,0,2,1,3770,A
4-HA,1387,0,0,0,3778,3778,C
4-HA,1388,1,3745,0,0,3746,T
4-HA,1389,0,0,3771,0,3771,G
4-HA,1390,0,3702,1,2,3705,T
4-HA,1391,1,3707,0,1,3709,T
4-HA,1392,1,3718,0,2,3721,T
4-HA,1393,0,1,3729,0,3730,G
4-HA,1394,3721,0,0,1,3722,A
4-HA,1395,3724,0,0,0,3724,A
4-HA,1396,3708,0,1,0,3709,A
4-HA,1397,3713,0,0,0,3713,A
4-HA,1398,3685,0,0,1,3686,A
4-HA,1399,3698,0,5,0,3703,A
4-HA,1400,1,0,0,3714,3715,C
4-HA,1401,3720,0,0,0,3720,A
4-HA,1402,3720,0,1,0,3721,A
4-HA,1403,3714,1,3,0,3718,A
4-HA,1404,0,0,3758,0,3758,G
4-HA,1405,3750,0,0,0,3750,A
4-HA,1406,3738,0,1,0,3739,A
4-HA,1407,0,1,3749,0,3750,G
4-HA,1408,0,1,0,3737,3738,C
4-HA,1409,3733,0,1,0,3734,A
4-HA,1410,3753,0,2,0,3755,A
4-HA,1411,0,1,0,3766,3767,C
4-HA,1412,0,3736,4,0,3740,T
4-HA,1413,1,0,3783,0,3784,G
4-HA,1414,3735,1,3,0,3739,A
4-HA,1415,1,0,3795,0,3796,G
4-HA,1416,0,0,3810,0,3810,G
4-HA,1417,2,0,3809,0,3811,G
4-HA,1418,3799,1,2,0,3802,A
4-HA,1419,3791,2,3,0,3796,A
4-HA,1420,3798,0,0,0,3798,A
4-HA,1421,3826,1,0,0,3827,A
4-HA,1422,0,3812,1,0,3813,T
4-HA,1423,0,5,3846,1,3852,G
4-HA,1424,0,0,0,3844,3844,C
4-HA,1425,0,3803,0,2,3805,T
4-HA,1426,0,0,3818,0,3818,G
4-HA,1427,3799,5,2,0,3806,A
4-HA,1428,0,2,4017,1,4020,G
4-HA,1429,1,0,4078,0,4079,G
4-HA,1430,4032,0,1,0,4033,A
4-HA,1431,0,4037,0,1,4038,T
4-HA,1432,4015,0,2,0,4017,A
4-HA,1433,0,4008,0,2,4010,T
4-HA,1434,1,1,4053,1,4056,G
4-HA,1435,0,1,4096,0,4097,G
4-HA,1436,0,0,4095,0,4095,G
4-HA,1437,0,1,0,3879,3880,C
4-HA,1438,3817,0,0,0,3817,A
4-HA,1439,3815,0,3,0,3818,A
4-HA,1440,0,3811,0,0,3811,T
4-HA,1441,0,2,3830,0,3832,G
4-HA,1442,1,0,3841,0,3842,G
4-HA,1443,1,3774,1,0,3776,T
4-HA,1444,0,3696,0,1,3697,T
4-HA,1445,1,0,3723,0,3724,G
4-HA,1446,0,3771,0,1,3772,T
4-HA,1447,0,3759,0,0,3759,T
4-HA,1448,0,3779,0,0,3779,T
4-HA,1449,1,0,0,3785,3786,C
4-HA,1450,3774,1,1,0,3776,A
4-HA,1451,3796,0,2,0,3798,A
4-HA,1452,3802,0,0,0,3802,A
4-HA,1453,3834,1,0,0,3835,A
4-HA,1454,0,3821,0,0,3821,T
4-HA,1455,3804,0,0,0,3804,A
4-HA,1456,1,3797,0,2,3800,T
4-HA,1457,3800,1,0,0,3801,A
4-HA,1458,0,2,0,3855,3857,C
4-HA,1459,1,1,0,3829,3831,C
4-HA,1460,3824,3,1,0,3828,A
4-HA,1461,0,0,1,3847,3848,C
4-HA,1462,3821,0,1,1,3823,A
4-HA,1463,3810,0,11,0,3821,A
4-HA,1464,3835,0,1,1,3837,A
4-HA,1465,0,3827,0,1,3828,T
4-HA,1466,0,0,3868,0,3868,G
4-HA,1467,0,3806,0,3,3809,T
4-HA,1468,0,3,3841,0,3844,G
4-HA,1469,3844,1,8,0,3853,A
4-HA,1470,1,1,0,3842,3844,C
4-HA,1471,3790,1,2,0,3793,A
4-HA,1472,3789,0,0,0,3789,A
4-HA,1473,0,3848,0,0,3848,T
4-HA,1474,1,0,3876,0,3877,G
4-HA,1475,2,0,0,3832,3834,C
4-HA,1476,1,1,0,3857,3859,C
4-HA,1477,0,3838,0,6,3844,T
4-HA,1478,1,0,4029,1,4031,G
4-HA,1479,0,0,1,4031,4032,C
4-HA,1480,4035,0,1,0,4036,A
4-HA,1481,0,4036,0,0,4036,T
4-HA,1482,3919,0,2,0,3921,A
4-HA,1483,3,0,3946,0,3949,G
4-HA,1484,0,0,3938,0,3938,G
4-HA,1485,3926,0,1,0,3927,A
4-HA,1486,2,3913,0,0,3915,T
4-HA,1487,2,0,0,3701,3703,C
4-HA,1488,3706,1,1,0,3708,A
4-HA,1489,3727,0,1,0,3728,A
4-HA,1490,0,3713,0,0,3713,T
4-HA,1491,1,1,0,3729,3731,C
4-HA,1492,3651,1,0,0,3652,A
4-HA,1493,0,0,3694,0,3694,G
4-HA,1494,3697,0,2,0,3699,A
4-HA,1495,3695,0,1,0,3696,A
4-HA,1496,3696,0,0,0,3696,A
4-HA,1497,0,3668,0,0,3668,T
4-HA,1498,0,1,3646,0,3647,G
4-HA,1499,0,3,3653,0,3656,G
4-HA,1500,3652,1,0,0,3653,A
4-HA,1501,3688,1,0,0,3689,A
4-HA,1502,0,0,0,3680,3680,C
4-HA,1503,2,3639,0,0,3641,T
4-HA,1504,0,3658,0,1,3659,T
4-HA,1505,3661,0,2,0,3663,A
4-HA,1506,0,3662,0,1,3663,T
4-HA,1507,0,2,3654,0,3656,G
4-HA,1508,3647,1,5,0,3653,A
4-HA,1509,1,1,0,3651,3653,C
4-HA,1510,0,0,1,3620,3621,C
4-HA,1511,3611,0,1,0,3612,A
4-HA,1512,0,2,0,3687,3689,C
4-HA,1513,0,1,3791,0,3792,G
4-HA,1514,3883,0,1,0,3884,A
4-HA,1515,1,3939,0,0,3940,T
4-HA,1516,1,1,4120,0,4122,G
4-HA,1517,1,4092,0,1,4094,T
4-HA,1518,4268,0,1,1,4270,A
4-HA,1519,0,4266,0,3,4269,T
4-HA,1520,4260,1,1,0,4262,A
4-HA,1521,0,0,0,4262,4262,C
4-HA,1522,3797,0,1,0,3798,A
4-HA,1523,0,0,3846,0,3846,G
4-HA,1524,3530,0,1,0,3531,A
4-HA,1525,0,0,3437,1,3438,G
4-HA,1526,3405,1,1,0,3407,A
4-HA,1527,0,3099,0,1,3100,T
4-HA,1528,2,1,3095,1,3099,G
4-HA,1529,3092,1,1,0,3094,A
4-HA,1530,3080,0,2,0,3082,A
4-HA,1531,0,0,3158,0,3158,G
4-HA,1532,0,0,0,3081,3081,C
4-HA,1533,3077,0,0,0,3077,A
4-HA,1534,0,3073,0,1,3074,T
4-HA,1535,2,3061,0,1,3064,T
4-HA,1536,3090,0,0,0,3090,A
4-HA,1537,3081,1,2,0,3084,A
4-HA,1538,3083,0,0,0,3083,A
4-HA,1539,0,0,0,3082,3082,C
4-HA,1540,2962,0,0,0,2962,A
4-HA,1541,2973,0,1,0,2974,A
4-HA,1542,1,0,0,2968,2969,C
4-HA,1543,0,0,0,2948,2948,C
4-HA,1544,0,0,2952,0,2952,G
4-HA,1545,0,1,2998,0,2999,G
4-HA,1546,1,3007,0,1,3009,T
4-HA,1547,1,2985,0,0,2986,T
4-HA,1548,0,0,0,2984,2984,C
4-HA,1549,1,0,0,3005,3006,C
4-HA,1550,2984,0,3,2,2989,A
4-HA,1551,1,1,3026,0,3028,G
4-HA,1552,3037,0,0,0,3037,A
4-HA,1553,0,3018,1,1,3020,T
4-HA,1554,0,1,0,2877,2878,C
4-HA,1555,2862,0,0,0,2862,A
4-HA,1556,2860,0,1,0,2861,A
4-HA,1557,0,2,2863,0,2865,G
4-HA,1558,0,2,2849,0,2851,G
4-HA,1559,6,3,2842,1,2852,G
4-HA,1560,2735,0,2,0,2737,A
4-HA,1561,0,1,2773,0,2774,G
4-HA,1562,0,2771,0,2,2773,T
4-HA,1563,1,2774,0,0,2775,T
4-HA,1564,0,0,2783,0,2783,G
4-HA,1565,2760,0,1,0,2761,A
4-HA,1566,0,1,2777,0,2778,G
4-HA,1567,0,0,0,2782,2782,C
4-HA,1568,0,2738,0,4,2742,T
4-HA,1569,5,1,2739,0,2745,G
4-HA,1570,2724,1,0,1,2726,A
4-HA,1571,2736,0,2,0,2738,A
4-HA,1572,0,0,2756,0,2756,G
4-HA,1573,1,2690,0,0,2691,T
4-HA,1574,0,0,0,2691,2691,C
4-HA,1575,2654,0,0,0,2654,A
4-HA,1576,1,0,2652,0,2653,G
4-HA,1577,0,2,2645,0,2647,G
4-HA,1578,1,0,2586,0,2587,G
4-HA,1579,0,2690,0,4,2694,T
4-HA,1580,2698,0,0,0,2698,A
4-HA,1581,0,1,0,2691,2692,C
4-HA,1582,2685,0,2,0,2687,A
4-HA,1583,2681,0,1,0,2682,A
4-HA,1584,2679,0,0,0,2679,A
4-HA,1585,9,0,2697,0,2706,G
4-HA,1586,2604,0,0,0,2604,A
4-HA,1587,0,2491,0,5,2496,T
4-HA,1588,0,2468,0,0,2468,T
4-HA,1589,1,0,2465,0,2466,G
4-HA,1590,0,0,2460,0,2460,G
4-HA,1591,2445,0,0,0,2445,A
4-HA,1592,0,2450,0,0,2450,T
4-HA,1593,2,0,0,2436,2438,C
4-HA,1594,0,1,0,2398,2399,C
4-HA,1595,1,2372,0,2,2375,T
4-HA,1596,2405,0,0,0,2405,A
4-HA,1597,0,2395,0,5,2400,T
4-HA,1598,1,1,2412,0,2414,G
4-HA,1599,1,0,2408,0,2409,G
4-HA,1600,2340,0,1,0,2341,A
4-HA,1601,0,2330,1,6,2337,T
4-HA,1602,0,2311,0,0,2311,T
4-HA,1603,0,2307,0,1,2308,T
4-HA,1604,2,0,0,2312,2314,C
4-HA,1605,0,1,0,2297,2298,C
4-HA,1606,1,2261,0,1,2263,T
4-HA,1607,0,2261,0,2,2263,T
4-HA,1608,0,2249,0,1,2250,T
4-HA,1609,0,0,2272,0,2272,G
4-HA,1610,1,1,0,2257,2259,C
4-HA,1611,0,0,0,2260,2260,C
4-HA,1612,2217,0,0,0,2217,A
4-HA,1613,1,2207,0,0,2208,T
4-HA,1614,2226,0,1,1,2228,A
4-HA,1615,0,2222,0,0,2222,T
4-HA,1616,0,1,0,2227,2228,C
4-HA,1617,2215,0,0,0,2215,A
4-HA,1618,0,2160,0,2,2162,T
4-HA,1619,0,1,2177,0,2178,G
4-HA,1620,0,2158,2,2,2162,T
4-HA,1621,2,2127,0,1,2130,T
4-HA,1622,1,2131,0,2,2134,T
4-HA,1623,0,2070,0,1,2071,T
4-HA,1624,0,2070,0,0,2070,T
4-HA,1625,0,2069,0,1,2070,T
4-HA,1626,0,0,2077,0,2077,G
4-HA,1627,0,1,0,2062,2063,C
4-HA,1628,0,2005,0,5,2010,T
4-HA,1629,0,2025,0,1,2026,T
4-HA,1630,0,2012,0,0,2012,T
4-HA,1631,1,0,2035,0,2036,G
4-HA,1632,0,2040,0,0,2040,T
4-HA,1633,0,0,2034,0,2034,G
4-HA,1634,0,2040,0,0,2040,T
4-HA,1635,0,1985,1,1,1987,T
4-HA,1636,1,0,1992,0,1993,G
4-HA,1637,1,1,0,1986,1988,C
4-HA,1638,0,1972,0,4,1976,T
4-HA,1639,0,2001,0,0,2001,T
4-HA,1640,0,1876,0,0,1876,T
4-HA,1641,2,0,1891,0,1893,G
4-HA,1642,0,1879,0,1,1880,T
4-HA,1643,0,1868,0,1,1869,T
4-HA,1644,0,0,1875,0,1875,G
4-HA,1645,0,0,1827,0,1827,G
4-HA,1646,1,0,1831,0,1832,G
4-HA,1647,1,0,1835,0,1836,G
4-HA,1648,0,1783,0,0,1783,T
4-HA,1649,0,1761,0,1,1762,T
4-HA,1650,0,1,0,1740,1741,C
4-HA,1651,1729,0,0,0,1729,A
4-HA,1652,0,1734,0,3,1737,T
4-HA,1653,0,0,0,1740,1740,C
4-HA,1654,1724,0,0,0,1724,A
4-HA,1655,0,1662,0,1,1663,T
4-HA,1656,0,0,1654,0,1654,G
4-HA,1657,0,1623,1,1,1625,T
4-HA,1658,0,0,1600,0,1600,G
4-HA,1659,0,1,1553,0,1554,G
4-HA,1660,2,0,1545,0,1547,G
4-HA,1661,0,0,0,1515,1515,C
4-HA,1662,1,0,0,1485,1486,C
4-HA,1663,0,1395,0,1,1396,T
4-HA,1664,0,0,1394,1,1395,G
4-HA,1665,0,0,0,1392,1392,C
4-HA,1666,0,0,0,1397,1397,C
4-HA,1667,1398,0,0,0,1398,A
4-HA,1668,1388,0,0,0,1388,A
4-HA,1669,1385,0,0,2,1387,A
4-HA,1670,1383,0,0,0,1383,A
4-HA,1671,1383,1,1,0,1385,A
4-HA,1672,0,0,1385,0,1385,G
4-HA,1673,1,0,1344,0,1345,G
4-HA,1674,1,1,0,1321,1323,C
4-HA,1675,1320,0,2,1,1323,A
4-HA,1676,1333,0,0,0,1333,A
4-HA,1677,0,0,0,1325,1325,C
4-HA,1678,1328,0,1,0,1329,A
4-HA,1679,0,1324,0,0,1324,T
4-HA,1680,0,1317,0,0,1317,T
4-HA,1681,1283,0,1,0,1284,A
4-HA,1682,1,1,1276,0,1278,G
4-HA,1683,0,0,1279,0,1279,G
4-HA,1684,1,1215,0,3,1219,T
4-HA,1685,0,0,1123,0,1123,G
4-HA,1686,0,0,0,1074,1074,C
4-HA,1687,1060,0,1,0,1061,A
4-HA,1688,1064,0,1,0,1065,A
4-HA,1689,0,0,0,1062,1062,C
4-HA,1690,1050,0,0,0,1050,A
4-HA,1691,1,1027,0,0,1028,T
4-HA,1692,1,968,0,2,971,T
4-HA,1693,1,970,0,1,972,T
4-HA,1694,0,0,968,0,968,G
4-HA,1695,0,3,0,950,953,C
4-HA,1696,956,0,0,0,956,A
4-HA,1697,0,895,0,0,895,T
4-HA,1698,0,873,0,0,873,T
4-HA,1699,0,847,0,0,847,T
4-HA,1700,0,0,844,0,844,G
4-HA,1701,799,0,0,0,799,A
5-NP,1,2215,0,0,0,2215,A
5-NP,2,0,2221,0,0,2221,T
5-NP,3,0,0,2214,0,2214,G
5-NP,4,1,0,2204,0,2205,G
5-NP,5,0,1,0,2217,2218,C
5-NP,6,0,0,2257,0,2257,G
5-NP,7,0,2363,0,1,2364,T
5-NP,8,1,0,0,2400,2401,C
5-NP,9,2,0,0,2405,2407,C
5-NP,10,2,1,1,2409,2413,C
5-NP,11,2408,0,2,0,2410,A
5-NP,12,2422,0,1,0,2423,A
5-NP,13,0,0,2432,0,2432,G
5-NP,14,0,1,2489,0,2490,G
5-NP,15,0,0,0,2507,2507,C
5-NP,16,2514,0,1,0,2515,A
5-NP,17,0,0,0,2534,2534,C
5-NP,18,2,0,0,2530,2532,C
5-NP,19,2548,0,0,0,2548,A
5-NP,20,2538,0,0,1,2539,A
5-NP,21,2551,0,0,0,2551,A
5-NP,22,0,0,0,2563,2563,C
5-NP,23,0,0,2566,0,2566,G
5-NP,24,0,0,2851,0,2851,G
5-NP,25,1,2844,0,4,2849,T
5-NP,26,1,1,0,3104,3106,C
5-NP,27,0,3087,0,1,3088,T
5-NP,28,1,3134,0,0,3135,T
5-NP,29,3137,0,0,0,3137,A
5-NP,30,0,3143,0,0,3143,T
5-NP,31,0,1,3173,0,3174,G
5-NP,32,3148,0,2,0,3150,A
5-NP,33,3089,0,0,0,3089,A
5-NP,34,0,3,0,3097,3100,C
5-NP,35,3008,0,0,0,3008,A
5-NP,36,0,0,3280,0,3280,G
5-NP,37,3243,1,2,0,3246,A
5-NP,38,0,3249,0,0,3249,T
5-NP,39,0,0,3270,0,3270,G
5-NP,40,0,1,3275,0,3276,G
5-NP,41,3278,1,0,0,3279,A
5-NP,42,3302,1,1,0,3304,A
5-NP,43,3316,1,2,1,3320,A
5-NP,44,0,0,0,3426,3426,C
5-NP,45,0,3347,0,0,3347,T
5-NP,46,0,0,3397,0,3397,G
5-NP,47,3354,0,3,1,3358,A
5-NP,48,2,3370,0,2,3374,T
5-NP,49,0,1,3376,0,3377,G
5-NP,50,0,0,3394,0,3394,G
5-NP,51,0,3,3392,0,3395,G
5-NP,52,0,0,3398,0,3398,G
5-NP,53,3353,0,2,0,3355,A
5-NP,54,1,3358,0,0,3359,T
5-NP,55,1,0,0,3367,3368,C
5-NP,56,1,1,3379,1,3382,G
5-NP,57,0,1,0,3426,3427,C
5-NP,58,0,3,0,3429,3432,C
5-NP,59,3442,0,0,0,3442,A
5-NP,60,0,0,3501,0,3501,G
5-NP,61,3472,0,1,0,3473,A
5-NP,62,3522,1,1,0,3524,A
5-NP,63,1,3522,0,1,3524,T
5-NP,64,0,0,3518,0,3518,G
5-NP,65,0,0,0,3553,3553,C
5-NP,66,3531,1,2,0,3534,A
5-NP,67,3606,2,1,0,3609,A
5-NP,68,0,1,1,3606,3608,C
5-NP,69,0,3590,0,2,3592,T
5-NP,70,0,1,3637,0,3638,G
5-NP,71,3640,2,1,2,3645,A
5-NP,72,1,0,3880,0,3881,G
5-NP,73,3841,2,1,0,3844,A
5-NP,74,1,3834,0,2,3837,T
5-NP,75,1,3850,0,2,3853,T
5-NP,76,3828,0,1,0,3829,A
5-NP,77,1,1,3852,0,3854,G
5-NP,78,0,1,3848,0,3849,G
5-NP,79,0,4,3848,0,3852,G
5-NP,80,0,1,0,3794,3795,C
5-NP,81,3749,1,1,0,3751,A
5-NP,82,1,3753,0,3,3757,T
5-NP,83,0,2,0,3775,3777,C
5-NP,84,0,1,0,3780,3781,C
5-NP,85,1,0,3834,0,3835,G
5-NP,86,3,3813,0,0,3816,T
5-NP,87,1,0,0,3811,3812,C
5-NP,88,0,1,3827,0,3828,G
5-NP,89,2,1,3832,1,3836,G
5-NP,90,1,0,3866,0,3867,G
5-NP,91,3819,0,1,1,3821,A
5-NP,92,3838,1,2,1,3842,A
5-NP,93,0,0,3873,0,3873,G
5-NP,94,3821,0,3,2,3826,A
5-NP,95,0,3855,0,1,3856,T
5-NP,96,0,1,3895,0,3896,G
5-NP,97,3864,1,2,0,3867,A
5-NP,98,0,3868,0,0,3868,T
5-NP,99,1,3851,0,2,3854,T
5-NP,100,25,0,3842,0,3867,G
5-NP,101,3847,0,5,1,3853,A
5-NP,102,0,3851,0,1,3852,T
5-NP,103,1,0,3856,0,3857,G
5-NP,104,1,1,4018,0,4020,G
5-NP,105,3986,1,1,1,3989,A
5-NP,106,4007,0,2,0,4009,A
5-NP,107,0,4009,0,0,4009,T
5-NP,108,1,4003,0,2,4006,T
5-NP,109,1,2,4019,0,4022,G
5-NP,110,0,1,3996,0,3997,G
5-NP,111,1,1,4009,0,4011,G
5-NP,112,3983,0,4,0,3987,A
5-NP,113,0,1,3919,0,3920,G
5-NP,114,2,0,3894,1,3897,G
5-NP,115,1,4138,0,2,4141,T
5-NP,116,2,4162,0,2,4166,T
5-NP,117,0,1,0,4173,4174,C
5-NP,118,0,4174,0,1,4175,T
5-NP,119,4282,1,2,0,4285,A
5-NP,120,0,0,0,4305,4305,C
5-NP,121,4434,0,1,1,4436,A
5-NP,122,0,4447,0,0,4447,T
5-NP,123,1,0,0,4337,4338,C
5-NP,124,3,2,1,4357,4363,C
5-NP,125,4371,0,0,0,4371,A
5-NP,126,4485,0,0,1,4486,A
5-NP,127,4471,0,3,0,4474,A
5-NP,128,0,4426,0,0,4426,T
5-NP,129,1,0,4442,0,4443,G
5-NP,130,1,4358,0,3,4362,T
5-NP,131,17,0,4367,1,4385,G
5-NP,132,1,3,0,4392,4396,C
5-NP,133,4384,0,0,0,4384,A
5-NP,134,2,0,0,4393,4395,C
5-NP,135,0,4336,1,0,4337,T
5-NP,136,1,3,4564,0,4568,G
5-NP,137,4619,0,1,0,4620,A
5-NP,138,4706,0,6,0,4712,A
5-NP,139,0,1,0,4788,4789,C
5-NP,140,1,4737,0,0,4738,T
5-NP,141,0,4756,0,1,4757,T
5-NP,142,4760,1,1,0,4762,A
5-NP,143,4753,0,1,1,4755,A
5-NP,144,4783,0,1,1,4785,A
5-NP,145,0,1,0,4799,4800,C
5-NP,146,0,4578,1,1,4580,T
5-NP,147,0,1,0,4618,4619,C
5-NP,148,4580,0,2,0,4582,A
5-NP,149,0,0,4634,0,4634,G
5-NP,150,0,4625,1,1,4627,T
5-NP,151,3,2,4651,0,4656,G
5-NP,152,4685,1,2,0,4688,A
5-NP,153,1,4733,1,1,4736,T
5-NP,154,1,1,0,4775,4777,C
5-NP,155,4811,0,2,0,4813,A
5-NP,156,0,4792,1,1,4794,T
5-NP,157,0,0,4804,1,4805,G
5-NP,158,4794,0,1,0,4795,A
5-NP,159,4785,1,2,0,4788,A
5-NP,160,0,0,4780,0,4780,G
5-NP,161,1,2,4735,0,4738,G
5-NP,162,4669,0,5,0,4674,A
5-NP,163,0,2,0,4735,4737,C
5-NP,164,1,1,4790,0,4792,G
5-NP,165,2,0,4808,0,4810,G
5-NP,166,1,4805,0,2,4808,T
5-NP,167,0,4780,0,0,4780,T
5-NP,168,1,3,4784,0,4788,G
5-NP,169,5357,0,1,0,5358,A
5-NP,170,2,5357,0,2,5361,T
5-NP,171,0,0,0,5364,5364,C
5-NP,172,0,0,0,5373,5373,C
5-NP,173,5335,0,3,1,5339,A
5-NP,174,0,0,5357,0,5357,G
5-NP,175,5342,0,5,0,5347,A
5-NP,176,5358,0,3,0,5361,A
5-NP,177,0,1,0,5392,5393,C
5-NP,178,5026,0,5,0,5031,A
5-NP,179,0,0,5102,0,5102,G
5-NP,180,1,0,0,5099,5100,C
5-NP,181,2,5067,0,3,5072,T
5-NP,182,0,5112,0,1,5113,T
5-NP,183,1,1,5125,0,5127,G
5-NP,184,5149,0,11,0,5160,A
5-NP,185,0,1,0,5200,5201,C
5-NP,186,5164,0,1,0,5165,A
5-NP,187,5175,2,1,0,5178,A
5-NP,188,0,5163,0,0,5163,T
5-NP,189,5146,0,5,0,5151,A
5-NP,190,1,1,5194,0,5196,G
5-NP,191,5119,0,10,0,5129,A
5-NP,192,0,0,5187,0,5187,G
5-NP,193,5128,1,2,0,5131,A
5-NP,194,5234,1,3,0,5238,A
5-NP,195,5248,0,2,0,5250,A
5-NP,196,5367,0,5,0,5372,A
5-NP,197,0,5374,0,3,5377,T
5-NP,198,0,1,5403,0,5404,G
5-NP,199,1,1,5385,0,5387,G
5-NP,200,0,5376,0,1,5377,T
5-NP,201,5231,0,7,0,5238,A
5-NP,202,0,0,0,5311,5311,C
5-NP,203,0,5280,0,2,5282,T
5-NP,204,3,4,0,5401,5408,C
5-NP,205,0,5256,1,3,5260,T
5-NP,206,1,1,0,5315,5317,C
5-NP,207,0,5298,0,2,5300,T
5-NP,208,0,0,5347,0,5347,G
5-NP,209,0,0,0,5348,5348,C
5-NP,210,0,5298,0,8,5306,T
5-NP,211,0,5297,0,2,5299,T
5-NP,212,0,5306,0,0,5306,T
5-NP,213,0,5256,1,1,5258,T
5-NP,214,0,1,5298,0,5299,G
5-NP,215,5272,0,2,1,5275,A
5-NP,216,0,5276,1,2,5279,T
5-NP,217,1,0,5267,0,5268,G
5-NP,218,5232,1,2,0,5235,A
5-NP,219,5249,0,3,0,5252,A
5-NP,220,5262,0,2,1,5265,A
5-NP,221,1,1,5279,0,5281,G
5-NP,222,5272,1,2,0,5275,A
5-NP,223,5263,0,1,0,5264,A
5-NP,224,1,1,5320,0,5322,G
5-NP,225,2,0,5492,0,5494,G
5-NP,226,5528,0,4,0,5532,A
5-NP,227,5575,1,4,0,5580,A
5-NP,228,0,5562,0,0,5562,T
5-NP,229,5568,1,1,0,5570,A
5-NP,230,5568,1,0,0,5569,A
5-NP,231,5596,0,1,0,5597,A
5-NP,232,1,5584,1,3,5589,T
5-NP,233,5607,0,3,0,5610,A
5-NP,234,0,1,0,5629,5630,C
5-NP,235,2,0,0,5496,5498,C
5-NP,236,1,5463,0,9,5473,T
5-NP,237,3,1,5501,0,5505,G
5-NP,238,1,1,5577,0,5579,G
5-NP,239,5573,0,0,0,5573,A
5-NP,240,5566,0,0,0,5566,A
5-NP,241,0,0,5631,0,5631,G
5-NP,242,5601,0,1,2,5604,A
5-NP,243,5585,0,7,0,5592,A
5-NP,244,0,1,0,5589,5590,C
5-NP,245,5576,0,3,0,5579,A
5-NP,246,0,3,0,5727,5730,C
5-NP,247,2,1,0,5635,5638,C
5-NP,248,2,0,0,5629,5631,C
5-NP,249,1,0,1,5644,5646,C
5-NP,250,5560,1,3,0,5564,A
5-NP,251,3,0,5570,0,5573,G
5-NP,252,2,3,0,5563,5568,C
5-NP,253,0,0,5575,0,5575,G
5-NP,254,1,0,0,5575,5576,C
5-NP,255,10,1,5511,0,5522,G
5-NP,256,0,3,5555,0,5558,G
5-NP,257,1,0,5559,0,5560,G
5-NP,258,0,0,5574,0,5574,G
5-NP,259,5564,1,3,0,5568,A
5-NP,260,5567,3,1,0,5571,A
5-NP,261,5551,1,9,0,5561,A
5-NP,262,2,1,5569,0,5572,G
5-NP,263,5540,0,2,1,5543,A
5-NP,264,1,5510,2,2,5515,T
5-NP,265,4,2,0,5498,5504,C
5-NP,266,1,0,0,5497,5498,C
5-NP,267,0,1,0,5525,5526,C
5-NP,268,5549,1,0,1,5551,A
5-NP,269,5554,0,0,0,5554,A
5-NP,270,0,0,5582,0,5582,G
5-NP,271,5552,1,0,0,5553,A
5-NP,272,5605,0,1,0,5606,A
5-NP,273,5581,1,1,1,5584,A
5-NP,274,5601,0,3,1,5605,A
5-NP,275,3,2,0,5640,5645,C
5-NP,276,1,5570,0,0,5571,T
5-NP,277,1,0,5603,0,5604,G
5-NP,278,1,3,5580,0,5584,G
5-NP,279,5500,2,5,1,5508,A
5-NP,280,0,2,5522,0,5524,G
5-NP,281,2,0,5609,0,5611,G
5-NP,282,3,1,5725,0,5729,G
5-NP,283,0,2,1,6189,6192,C
5-NP,284,3,2,0,6171,6176,C
5-NP,285,5,0,0,6223,6228,C
5-NP,286,7039,0,1,0,7040,A
5-NP,287,0,7062,0,1,7063,T
5-NP,288,7453,1,3,0,7457,A
5-NP,289,0,7466,1,0,7467,T
5-NP,290,7327,2,2,0,7331,A
5-NP,291,2,2,0,7375,7379,C
5-NP,292,6638,4,4,0,6646,A
5-NP,293,0,1,6780,0,6781,G
5-NP,294,1,1,6769,0,6771,G
5-NP,295,6021,0,3,2,6026,A
5-NP,296,24,2,6110,1,6137,G
5-NP,297,5762,1,2,0,5765,A
5-NP,298,4,1,5882,0,5887,G
5-NP,299,0,5830,1,0,5831,T
5-NP,300,5794,0,1,0,5795,A
5-NP,301,1,3,5828,0,5832,G
5-NP,302,5716,2,2,1,5721,A
5-NP,303,0,5721,1,4,5726,T
5-NP,304,3,1,5712,2,5718,G
5-NP,305,0,1,5747,1,5749,G
5-NP,306,5724,1,4,0,5729,A
5-NP,307,5705,0,3,0,5708,A
5-NP,308,5684,0,0,0,5684,A
5-NP,309,5713,0,3,0,5716,A
5-NP,310,0,5715,0,2,5717,T
5-NP,311,0,0,5766,0,5766,G
5-NP,312,0,1,5779,0,5780,G
5-NP,313,5734,0,7,0,5741,A
5-NP,314,0,5713,1,2,5716,T
5-NP,315,2,0,5727,1,5730,G
5-NP,316,5686,0,9,1,5696,A
5-NP,317,2,2,5727,0,5731,G
5-NP,318,1,2,5705,0,5708,G
5-NP,319,4,1,5724,0,5729,G
5-NP,320,5771,1,5,0,5777,A
5-NP,321,5813,1,0,0,5814,A
5-NP,322,0,1,0,5870,5871,C
5-NP,323,0,5854,0,2,5856,T
5-NP,324,3,1,0,5938,5942,C
5-NP,325,5,0,5956,0,5961,G
5-NP,326,1,5998,0,9,6008,T
5-NP,327,0,0,0,6015,6015,C
5-NP,328,2,1,0,6543,6546,C
5-NP,329,0,6518,1,3,6522,T
5-NP,330,0,6552,1,0,6553,T
5-NP,331,1,6525,0,4,6530,T
5-NP,332,6554,2,2,1,6559,A
5-NP,333,1,6530,0,4,6535,T
5-NP,334,0,1,6543,2,6546,G
5-NP,335,6570,4,3,0,6577,A
5-NP,336,0,2,1,6585,6588,C
5-NP,337,6455,0,1,1,6457,A
5-NP,338,6451,0,1,0,6452,A
5-NP,339,6462,0,3,1,6466,A
5-NP,340,1,2,6780,0,6783,G
5-NP,341,6746,0,3,0,6749,A
5-NP,342,6768,0,6,1,6775,A
5-NP,343,0,2,7112,0,7114,G
5-NP,344,7119,1,14,0,7134,A
5-NP,345,7156,0,1,0,7157,A
5-NP,346,7159,0,1,0,7160,A
5-NP,347,1,7149,1,0,7151,T
5-NP,348,7124,0,0,1,7125,A
5-NP,349,7035,0,5,1,7041,A
5-NP,350,0,2,7102,0,7104,G
5-NP,351,0,2,7101,0,7103,G
5-NP,352,2,2,0,7036,7040,C
5-NP,353,1,1,7042,0,7044,G
5-NP,354,7041,0,4,0,7045,A
5-NP,355,7136,1,2,1,7140,A
5-NP,356,0,7140,1,3,7144,T
5-NP,357,0,2,0,7160,7162,C
5-NP,358,0,7141,0,2,7143,T
5-NP,359,3,0,7132,0,7135,G
5-NP,360,0,1,7127,0,7128,G
5-NP,361,0,2,0,7143,7145,C
5-NP,362,22,0,7115,0,7137,G
5-NP,363,1,3,0,7119,7123,C
5-NP,364,3,0,1,7116,7120,C
5-NP,365,7169,0,1,1,7171,A
5-NP,366,7253,1,2,0,7256,A
5-NP,367,1,1,7384,1,7387,G
5-NP,368,1,1,0,7395,7397,C
5-NP,369,6,0,0,7490,7496,C
5-NP,370,7513,1,2,0,7516,A
5-NP,371,7657,2,4,0,7663,A
5-NP,372,0,6,0,7758,7764,C
5-NP,373,7774,1,2,0,7777,A
5-NP,374,7888,0,11,0,7899,A
5-NP,375,0,7837,0,1,7838,T
5-NP,376,1,3,7955,0,7959,G
5-NP,377,1,0,7965,0,7966,G
5-NP,378,0,7872,0,5,7877,T
5-NP,379,0,1,7883,0,7884,G
5-NP,380,7817,0,0,1,7818,A
5-NP,381,13,2,8007,0,8022,G
5-NP,382,2,2,8020,0,8024,G
5-NP,383,8084,1,2,0,8087,A
5-NP,384,1,8731,0,1,8733,T
5-NP,385,0,1,8798,1,8800,G
5-NP,386,0,1,1,8829,8831,C
5-NP,387,3,8832,0,10,8845,T
5-NP,388,8920,2,3,0,8925,A
5-NP,389,0,1,1,9065,9067,C
5-NP,390,8971,0,1,0,8972,A
5-NP,391,0,8912,2,6,8920,T
5-NP,392,0,3,0,8908,8911,C
5-NP,393,2,8464,1,5,8472,T
5-NP,394,2,2,8828,0,8832,G
5-NP,395,1,0,9028,0,9029,G
5-NP,396,1,9009,0,11,9021,T
5-NP,397,2,0,0,9016,9018,C
5-NP,398,0,8932,0,5,8937,T
5-NP,399,9055,2,2,0,9059,A
5-NP,400,9078,0,0,0,9078,A
5-NP,401,0,1,1,9135,9137,C
5-NP,402,1,9067,0,3,9071,T
5-NP,403,2,1,1,9179,9183,C
5-NP,404,9100,4,6,0,9110,A
5-NP,405,0,3,0,9498,9501,C
5-NP,406,9502,0,1,0,9503,A
5-NP,407,0,9536,0,0,9536,T
5-NP,408,9418,1,1,2,9422,A
5-NP,409,9439,1,4,0,9444,A
5-NP,410,1,9474,0,3,9478,T
5-NP,411,4,5,9577,1,9587,G
5-NP,412,9503,1,2,0,9506,A
5-NP,413,0,9410,1,1,9412,T
5-NP,414,2,9248,1,5,9256,T
5-NP,415,0,9270,0,1,9271,T
5-NP,416,3,2,9208,0,9213,G
5-NP,417,7,4,9237,1,9249,G
5-NP,418,1,2,2,9243,9248,C
5-NP,419,9241,1,1,1,9244,A
5-NP,420,0,9219,0,4,9223,T
5-NP,421,0,9193,0,7,9200,T
5-NP,422,3,1,0,9224,9228,C
5-NP,423,3,2,0,9231,9236,C
5-NP,424,9409,0,2,0,9411,A
5-NP,425,9406,1,2,1,9410,A
5-NP,426,0,9399,0,4,9403,T
5-NP,427,1,9392,1,2,9396,T
5-NP,428,0,9403,0,3,9406,T
5-NP,429,2,2,9468,0,9472,G
5-NP,430,9439,1,6,0,9446,A
5-NP,431,9448,0,6,0,9454,A
5-NP,432,0,9511,0,0,9511,T
5-NP,433,0,2,9403,0,9405,G
5-NP,434,9735,2,5,0,9742,A
5-NP,435,2,9771,0,3,9776,T
5-NP,436,2,3,9797,0,9802,G
5-NP,437,3,5,1,10033,10042,C
5-NP,438,9989,2,6,1,9998,A
5-NP,439,10391,3,8,0,10402,A
5-NP,440,0,1,0,10411,10412,C
5-NP,441,10537,1,2,0,10540,A
5-NP,442,0,10724,0,3,10727,T
5-NP,443,10501,1,4,0,10506,A
5-NP,444,0,4,0,10675,10679,C
5-NP,445,1,1,0,10638,10640,C
5-NP,446,10324,1,7,0,10332,A
5-NP,447,1,0,10457,0,10458,G
5-NP,448,10165,1,6,0,10172,A
5-NP,449,3,1,10435,0,10439,G
5-NP,450,4,0,10353,0,10357,G
5-NP,451,10247,0,7,1,10255,A
5-NP,452,0,1,0,10306,10307,C
5-NP,453,10157,1,6,1,10165,A
5-NP,454,10158,2,15,1,10176,A
5-NP,455,1,3,10215,0,10219,G
5-NP,456,10014,0,14,0,10028,A
5-NP,457,1,1,10183,0,10185,G
5-NP,458,1,0,0,10095,10096,C
5-NP,459,0,9915,2,40,9957,T
5-NP,460,3,2,0,10057,10062,C
5-NP,461,0,10031,1,1,10033,T
5-NP,462,2,10084,0,3,10089,T
5-NP,463,1,6,10133,0,10140,G
5-NP,464,6,10043,0,4,10053,T
5-NP,465,1,10042,0,4,10047,T
5-NP,466,3,4,1,10017,10025,C
5-NP,467,3,3,10010,1,10017,G
5-NP,468,10197,0,3,1,10201,A
5-NP,469,10174,1,2,1,10178,A
5-NP,470,1,1,0,10238,10240,C
5-NP,471,1,10214,0,6,10221,T
5-NP,472,2,2,10351,0,10355,G
5-NP,473,3,0,10379,0,10382,G
5-NP,474,10389,3,2,1,10395,A
5-NP,475,10395,3,8,1,10407,A
5-NP,476,0,10403,0,0,10403,T
5-NP,477,2,3,10338,0,10343,G
5-NP,478,1,6,10350,0,10357,G
5-NP,479,10436,1,9,0,10446,A
5-NP,480,2,10505,0,3,10510,T
5-NP,481,6,2,1,10485,10494,C
5-NP,482,2,1,0,10443,10446,C
5-NP,483,2,1,1,10499,10503,C
5-NP,484,10556,0,3,0,10559,A
5-NP,485,15,0,10634,0,10649,G
5-NP,486,10558,1,1,1,10561,A
5-NP,487,10533,1,0,1,10535,A
5-NP,488,1,10396,0,0,10397,T
5-NP,489,1,1,10489,0,10491,G
5-NP,490,0,10400,0,2,10402,T
5-NP,491,4,2,10421,0,10427,G
5-NP,492,1,0,0,10440,10441,C
5-NP,493,0,10305,0,11,10316,T
5-NP,494,3,1,0,10859,10863,C
5-NP,495,0,10777,0,6,10783,T
5-NP,496,2,7,0,11139,11148,C
5-NP,497,1,11137,1,2,11141,T
5-NP,498,3,1,11138,0,11142,G
5-NP,499,11182,2,6,0,11190,A
5-NP,500,1,11119,0,3,11123,T
5-NP,501,3,0,11120,1,11124,G
5-NP,502,1,5,0,11084,11090,C
5-NP,503,10664,2,5,0,10671,A
5-NP,504,3,4,10838,0,10845,G
5-NP,505,0,2,10579,0,10581,G
5-NP,506,2,0,10667,0,10669,G
5-NP,507,1,2,0,10641,10644,C
5-NP,508,3,10584,0,7,10594,T
5-NP,509,3,0,0,10623,10626,C
5-NP,510,3,63,10596,1,10663,G
5-NP,511,10761,4,7,0,10772,A
5-NP,512,1,2,0,10784,10787,C
5-NP,513,1,10502,2,7,10512,T
5-NP,514,1,2,0,10962,10965,C
5-NP,515,0,10813,0,9,10822,T
5-NP,516,2,4,0,12074,12080,C
5-NP,517,3,1,0,12107,12111,C
5-NP,518,2,0,1,12119,12122,C
5-NP,519,2,12061,1,6,12070,T
5-NP,520,11982,0,2,2,11986,A
5-NP,521,1,2,11988,1,11992,G
5-NP,522,11959,2,0,2,11963,A
5-NP,523,11520,0,2,2,11524,A
5-NP,524,2,2,11528,0,11532,G
5-NP,525,3,1,11007,0,11011,G
5-NP,526,0,10788,1,3,10792,T
5-NP,527,5,1,0,10801,10807,C
5-NP,528,4,4,0,10812,10820,C
5-NP,529,2,2,10803,2,10809,G
5-NP,530,2,2,10883,0,10887,G
5-NP,531,10796,3,10,0,10809,A
5-NP,532,0,0,10979,1,10980,G
5-NP,533,1,0,1,11004,11006,C
5-NP,534,0,10806,0,13,10819,T
5-NP,535,0,1,10831,0,10832,G
5-NP,536,2,1,0,10835,10838,C
5-NP,537,10801,3,16,2,10822,A
5-NP,538,1,3,10850,0,10854,G
5-NP,539,1,1,10857,0,10859,G
5-NP,540,0,10857,0,4,10861,T
5-NP,541,5,4,10698,1,10708,G
5-NP,542,0,4,0,10758,10762,C
5-NP,543,7,10750,1,10,10768,T
5-NP,544,3,0,10802,2,10807,G
5-NP,545,1,1,0,10780,10782,C
5-NP,546,10889,1,6,0,10896,A
5-NP,547,1,2,11084,0,11087,G
5-NP,548,2,10929,1,4,10936,T
5-NP,549,8,3,1,10996,11008,C
5-NP,550,10962,2,2,1,10967,A
5-NP,551,10979,0,2,0,10981,A
5-NP,552,10960,2,14,2,10978,A
5-NP,553,1,5,11043,1,11050,G
5-NP,554,1,1,11084,1,11087,G
5-NP,555,10935,2,3,0,10940,A
5-NP,556,10821,2,16,1,10840,A
5-NP,557,0,10856,0,1,10857,T
5-NP,558,3,5,0,10820,10828,C
5-NP,559,2,6,10847,0,10855,G
5-NP,560,2,3,11119,2,11126,G
5-NP,561,4,2,11130,0,11136,G
5-NP,562,11041,2,10,0,11053,A
5-NP,563,3,2,0,11063,11068,C
5-NP,564,10907,1,3,1,10912,A
5-NP,565,11118,1,6,0,11125,A
5-NP,566,2,11109,0,3,11114,T
5-NP,567,3,3,11204,1,11211,G
5-NP,568,3,1,11424,0,11428,G
5-NP,569,1,11203,0,11,11215,T
5-NP,570,1,3,11277,0,11281,G
5-NP,571,11229,1,12,3,11245,A
5-NP,572,2,11219,0,4,11225,T
5-NP,573,3,2,11246,2,11253,G
5-NP,574,3,2,11291,0,11296,G
5-NP,575,11196,1,6,1,11204,A
5-NP,576,11219,0,6,0,11225,A
5-NP,577,0,3,1,11203,11207,C
5-NP,578,1,10784,0,2,10787,T
5-NP,579,1,2,11336,0,11339,G
5-NP,580,11276,2,5,0,11283,A
5-NP,581,2,11248,0,2,11252,T
5-NP,582,5,2,1,11330,11338,C
5-NP,583,11108,2,5,0,11115,A
5-NP,584,3,1,11416,0,11420,G
5-NP,585,11314,3,1,2,11320,A
5-NP,586,11358,0,2,0,11360,A
5-NP,587,2,11363,1,1,11367,T
5-NP,588,2,1,10946,0,10949,G
5-NP,589,3,1,11090,0,11094,G
5-NP,590,1,11052,0,16,11069,T
5-NP,591,5,3,0,11077,11085,C
5-NP,592,11077,0,2,1,11080,A
5-NP,593,10938,2,3,0,10943,A
5-NP,594,10944,1,16,1,10962,A
5-NP,595,0,3,0,10955,10958,C
5-NP,596,2,3,10925,0,10930,G
5-NP,597,2,6,10916,0,10924,G
5-NP,598,3,4,10737,0,10744,G
5-NP,599,1,2,10796,1,10800,G
5-NP,600,2,4,10835,0,10841,G
5-NP,601,10815,3,14,1,10833,A
5-NP,602,1,10714,1,4,10720,T
5-NP,603,3,2,1,10738,10744,C
5-NP,604,10783,0,3,0,10786,A
5-NP,605,10797,1,7,0,10805,A
5-NP,606,2,4,1,10680,10687,C
5-NP,607,2,3,10623,1,10629,G
5-NP,608,10561,1,2,0,10564,A
5-NP,609,2,10539,0,3,10544,T
5-NP,610,5,3,0,10592,10600,C
5-NP,611,2,1,10602,0,10605,G
5-NP,612,10564,0,1,2,10567,A
5-NP,613,10533,0,3,0,10536,A
5-NP,614,10566,2,1,1,10570,A
5-NP,615,4,10712,0,1,10717,T
5-NP,616,1,10711,1,1,10714,T
5-NP,617,0,10716,0,0,10716,T
5-NP,618,0,10762,2,5,10769,T
5-NP,619,1,10803,1,2,10807,T
5-NP,620,4,2,10815,1,10822,G
5-NP,621,3,3,10829,0,10835,G
5-NP,622,10638,3,7,0,10648,A
5-NP,623,2,4,10825,0,10831,G
5-NP,624,10546,3,5,0,10554,A
5-NP,625,11,3,11190,0,11204,G
5-NP,626,3,0,11236,0,11239,G
5-NP,627,2,11195,0,2,11199,T
5-NP,628,2,2,11253,0,11257,G
5-NP,629,11175,1,14,2,11192,A
5-NP,630,1,2,11294,0,11297,G
5-NP,631,11245,0,6,3,11254,A
5-NP,632,11245,2,1,0,11248,A
5-NP,633,0,11198,0,4,11202,T
5-NP,634,3,6,10769,1,10779,G
5-NP,635,3,3,10651,0,10657,G
5-NP,636,5,3,10664,0,10672,G
5-NP,637,1,7,0,10634,10642,C
5-NP,638,5,3,10677,1,10686,G
5-NP,639,2,2,10756,1,10761,G
5-NP,640,10729,0,1,0,10730,A
5-NP,641,10746,0,5,0,10751,A
5-NP,642,10886,0,5,0,10891,A
5-NP,643,10914,2,6,3,10925,A
5-NP,644,1,2,0,11010,11013,C
5-NP,645,10986,1,1,0,10988,A
5-NP,646,10964,3,1,0,10968,A
5-NP,647,1,3,10977,0,10981,G
5-NP,648,10582,0,6,0,10588,A
5-NP,649,10654,0,6,2,10662,A
5-NP,650,1,1,10984,0,10986,G
5-NP,651,2,10913,2,3,10920,T
5-NP,652,1,1,11625,1,11628,G
5-NP,653,2,2,0,11560,11564,C
5-NP,654,1,11563,3,16,11583,T
5-NP,655,21,11589,1,4,11615,T
5-NP,656,11802,0,0,0,11802,A
5-NP,657,1,11807,0,1,11809,T
5-NP,658,0,4,11849,0,11853,G
5-NP,659,11463,0,15,0,11478,A
5-NP,660,0,2,11565,0,11567,G
5-NP,661,10778,4,5,3,10790,A
5-NP,662,2,1,10918,0,10921,G
5-NP,663,10857,1,1,0,10859,A
5-NP,664,10953,1,2,17,10973,A
5-NP,665,2,10840,0,31,10873,T
5-NP,666,2,20,11031,0,11053,G
5-NP,667,0,10969,0,9,10978,T
5-NP,668,4,1,11019,0,11024,G
5-NP,669,4,3,1,10982,10990,C
5-NP,670,10969,0,6,0,10975,A
5-NP,671,10988,0,8,0,10996,A
5-NP,672,0,1,2,10970,10973,C
5-NP,673,10853,1,1,0,10855,A
5-NP,674,2,10898,1,1,10902,T
5-NP,675,0,10744,2,15,10761,T
5-NP,676,1,1,0,10808,10810,C
5-NP,677,0,10746,2,2,10750,T
5-NP,678,1,10727,0,0,10728,T
5-NP,679,10777,0,3,1,10781,A
5-NP,680,10699,1,3,0,10703,A
5-NP,681,10711,1,4,1,10717,A
5-NP,682,1,1,10721,1,10724,G
5-NP,683,0,5,10687,0,10692,G
5-NP,684,10647,2,1,0,10650,A
5-NP,685,10633,0,1,2,10636,A
5-NP,686,10624,1,0,0,10625,A
5-NP,687,10829,1,0,0,10830,A
5-NP,688,1,10804,1,3,10809,T
5-NP,689,1,10785,0,1,10787,T
5-NP,690,3,10840,0,1,10844,T
5-NP,691,1,3,2,10853,10859,C
5-NP,692,10862,2,5,0,10869,A
5-NP,693,10852,0,3,0,10855,A
5-NP,694,10833,2,4,1,10840,A
5-NP,695,0,0,0,11011,11011,C
5-NP,696,10830,0,1,1,10832,A
5-NP,697,0,1,11075,0,11076,G
5-NP,698,0,1,0,11096,11097,C
5-NP,699,0,11069,1,9,11079,T
5-NP,700,2,2,11329,1,11334,G
5-NP,701,2,5,0,11302,11309,C
5-NP,702,11409,0,13,0,11422,A
5-NP,703,0,1,0,11427,11428,C
5-NP,704,11355,0,2,0,11357,A
5-NP,705,11403,1,3,1,11408,A
5-NP,706,11116,0,4,0,11120,A
5-NP,707,10,4,11595,1,11610,G
5-NP,708,11511,1,16,0,11528,A
5-NP,709,44,1,11589,0,11634,G
5-NP,710,2,1,0,11580,11583,C
5-NP,711,11577,1,1,1,11580,A
5-NP,712,11930,0,7,0,11937,A
5-NP,713,0,11947,1,1,11949,T
5-NP,714,17,6,11966,1,11990,G
5-NP,715,1,1,12041,0,12043,G
5-NP,716,2,11593,1,16,11612,T
5-NP,717,13,5,11602,1,11621,G
5-NP,718,2,4,11678,0,11684,G
5-NP,719,11703,1,2,3,11709,A
5-NP,720,0,11643,0,7,11650,T
5-NP,721,2,2,0,11362,11366,C
5-NP,722,11452,0,4,0,11456,A
5-NP,723,11549,0,11,1,11561,A
5-NP,724,0,1,11640,0,11641,G
5-NP,725,0,11516,0,5,11521,T
5-NP,726,0,1,11540,0,11541,G
5-NP,727,11313,1,11,0,11325,A
5-NP,728,4,2,11378,1,11385,G
5-NP,729,11304,2,9,0,11315,A
5-NP,730,1,3,11394,0,11398,G
5-NP,731,11266,1,3,0,11270,A
5-NP,732,11045,1,1,1,11048,A
5-NP,733,11140,1,9,1,11151,A
5-NP,734,4,0,11217,0,11221,G
5-NP,735,1,11163,1,1,11166,T
5-NP,736,3,5,0,11168,11176,C
5-NP,737,5,4,11106,1,11116,G
5-NP,738,3,2,11154,0,11159,G
5-NP,739,11154,1,8,0,11163,A
5-NP,740,11235,0,2,0,11237,A
5-NP,741,3,0,0,11270,11273,C
5-NP,742,3,0,0,11186,11189,C
5-NP,743,8,0,0,11188,11196,C
5-NP,744,11217,0,6,0,11223,A
5-NP,745,1,0,11285,1,11287,G
5-NP,746,3,0,11297,0,11300,G
5-NP,747,11229,1,2,0,11232,A
5-NP,748,11219,0,3,0,11222,A
5-NP,749,11182,0,9,1,11192,A
5-NP,750,11,4,0,11250,11265,C
5-NP,751,0,3,11254,1,11258,G
5-NP,752,2,1,0,11228,11231,C
5-NP,753,1,11204,0,6,11211,T
5-NP,754,0,5,11213,0,11218,G
5-NP,755,11145,2,5,1,11153,A
5-NP,756,1,2,11350,0,11353,G
5-NP,757,11347,4,2,0,11353,A
5-NP,758,1,11348,1,2,11352,T
5-NP,759,3,1,0,11262,11266,C
5-NP,760,2,2,11306,0,11310,G
5-NP,761,11282,2,1,1,11286,A
5-NP,762,11290,0,0,0,11290,A
5-NP,763,1,1,11342,0,11344,G
5-NP,764,11332,3,0,0,11335,A
5-NP,765,1,11243,0,1,11245,T
5-NP,766,1,0,1,11402,11404,C
5-NP,767,4,11342,2,30,11378,T
5-NP,768,5,1,0,11451,11457,C
5-NP,769,11491,0,2,0,11493,A
5-NP,770,1,11463,0,3,11467,T
5-NP,771,11517,0,0,0,11517,A
5-NP,772,0,11502,1,0,11503,T
5-NP,773,1,11404,0,2,11407,T
5-NP,774,1,11369,0,0,11370,T
5-NP,775,0,11220,1,0,11221,T
5-NP,776,0,11260,0,17,11277,T
5-NP,777,11269,0,19,0,11288,A
5-NP,778,0,0,11288,1,11289,G
5-NP,779,1,0,0,11284,11285,C
5-NP,780,11248,0,1,0,11249,A
5-NP,781,11186,1,4,1,11192,A
5-NP,782,3,1,11654,0,11658,G
5-NP,783,11616,1,5,0,11622,A
5-NP,784,1,11634,2,3,11640,T
5-NP,785,1,1,0,11770,11772,C
5-NP,786,1,11707,1,11,11720,T
5-NP,787,2,1,12155,1,12159,G
5-NP,788,1,1,0,12165,12167,C
5-NP,789,12178,0,4,0,12182,A
5-NP,790,1,12331,0,1,12333,T
5-NP,791,1,11842,0,33,11876,T
5-NP,792,4,0,12882,1,12887,G
5-NP,793,13146,2,3,0,13151,A
5-NP,794,1,13142,1,1,13145,T
5-NP,795,13235,0,1,0,13236,A
5-NP,796,2,12915,0,1,12918,T
5-NP,797,2,12846,1,6,12855,T
5-NP,798,1,7,12925,1,12934,G
5-NP,799,12740,3,11,0,12754,A
5-NP,800,1,3,12913,0,12917,G
5-NP,801,12093,0,12,0,12105,A
5-NP,802,2,2,11937,0,11941,G
5-NP,803,4,2,12110,1,12117,G
5-NP,804,12051,4,6,0,12061,A
5-NP,805,0,12044,0,3,12047,T
5-NP,806,2,2,0,12113,12117,C
5-NP,807,12049,4,3,1,12057,A
5-NP,808,0,0,12124,0,12124,G
5-NP,809,3,12047,0,7,12057,T
5-NP,810,1,11983,1,3,11988,T
5-NP,811,3,1,11993,0,11997,G
5-NP,812,1,2,0,11859,11862,C
5-NP,813,0,11808,1,10,11819,T
5-NP,814,4,3,2,11951,11960,C
5-NP,815,11985,4,4,0,11993,A
5-NP,816,0,1,0,11983,11984,C
5-NP,817,11976,1,1,1,11979,A
5-NP,818,12067,0,1,1,12069,A
5-NP,819,12104,0,1,0,12105,A
5-NP,820,0,12060,1,3,12064,T
5-NP,821,3,3,1,12098,12105,C
5-NP,822,0,12047,0,9,12056,T
5-NP,823,0,12032,0,2,12034,T
5-NP,824,2,0,12071,0,12073,G
5-NP,825,1,4,0,12051,12056,C
5-NP,826,1,2,2,12270,12275,C
5-NP,827,3,12234,1,6,12244,T
5-NP,828,12331,1,4,0,12336,A
5-NP,829,2,1,0,12308,12311,C
5-NP,830,1,0,1,12318,12320,C
5-NP,831,1,12270,0,16,12287,T
5-NP,832,4,0,12500,0,12504,G
5-NP,833,1,2,0,12450,12453,C
5-NP,834,4,2,0,12479,12485,C
5-NP,835,1,12243,0,9,12253,T
5-NP,836,0,1,12425,0,12426,G
5-NP,837,2,12303,2,7,12314,T
5-NP,838,1,1,12442,0,12444,G
5-NP,839,2,3,1,12552,12558,C
5-NP,840,1,0,12767,1,12769,G
5-NP,841,1,12555,1,2,12559,T
5-NP,842,12542,3,0,0,12545,A
5-NP,843,1,12527,1,6,12535,T
5-NP,844,1,2,12525,1,12529,G
5-NP,845,1,4,13115,2,13122,G
5-NP,846,13074,3,9,0,13086,A
5-NP,847,1,3,1,12842,12847,C
5-NP,848,1,1,1,12879,12882,C
5-NP,849,2,12642,0,22,12666,T
5-NP,850,1,0,13377,0,13378,G
5-NP,851,0,1,0,13402,13403,C
5-NP,852,13417,1,10,0,13428,A
5-NP,853,1,0,13658,0,13659,G
5-NP,854,1,12939,0,1,12941,T
5-NP,855,13550,0,0,0,13550,A
5-NP,856,2,13457,2,4,13465,T
5-NP,857,5,2,0,13454,13461,C
5-NP,858,2,2,2,13480,13486,C
5-NP,859,12769,3,2,0,12774,A
5-NP,860,5,1,12846,1,12853,G
5-NP,861,1,12759,1,4,12765,T
5-NP,862,2,3,12959,0,12964,G
5-NP,863,4,2,12900,0,12906,G
5-NP,864,1,0,12728,0,12729,G
5-NP,865,2,12695,1,8,12706,T
5-NP,866,12695,0,1,0,12696,A
5-NP,867,1,4,1,12751,12757,C
5-NP,868,8,3,12677,0,12688,G
5-NP,869,12614,1,25,1,12641,A
5-NP,870,1,2,1,12635,12639,C
5-NP,871,1,12264,0,0,12265,T
5-NP,872,1,12267,1,2,12271,T
5-NP,873,2,3,0,12254,12259,C
5-NP,874,4,5,12278,0,12287,G
5-NP,875,12274,2,5,1,12282,A
5-NP,876,12270,2,0,1,12273,A
5-NP,877,12319,1,2,0,12322,A
5-NP,878,12313,0,1,0,12314,A
5-NP,879,12269,1,3,1,12274,A
5-NP,880,0,3,12329,0,12332,G
5-NP,881,12276,1,5,0,12282,A
5-NP,882,2,7,12387,0,12396,G
5-NP,883,3,4,12487,0,12494,G
5-NP,884,0,3,12542,0,12545,G
5-NP,885,12531,3,9,0,12543,A
5-NP,886,6,12542,0,8,12556,T
5-NP,887,12643,0,2,0,12645,A
5-NP,888,1,12633,0,1,12635,T
5-NP,889,0,12648,0,2,12650,T
5-NP,890,8,9,0,12744,12761,C
5-NP,891,5,3,0,12670,12678,C
5-NP,892,2,12461,1,5,12469,T
5-NP,893,0,12457,0,4,12461,T
5-NP,894,3,2,12582,0,12587,G
5-NP,895,1,0,12647,0,12648,G
5-NP,896,0,12549,0,8,12557,T
5-NP,897,2,1,12502,1,12506,G
5-NP,898,3,2,12426,0,12431,G
5-NP,899,3,2,12989,1,12995,G
5-NP,900,12975,3,3,1,12982,A
5-NP,901,13003,1,1,0,13005,A
5-NP,902,0,13013,0,1,13014,T
5-NP,903,12756,1,10,1,12768,A
5-NP,904,1,4,12771,0,12776,G
5-NP,905,12613,1,33,1,12648,A
5-NP,906,1,1,0,12599,12601,C
5-NP,907,7,0,0,12485,12492,C
5-NP,908,8,1,0,12088,12097,C
5-NP,909,0,12199,0,14,12213,T
5-NP,910,2,12187,0,14,12203,T
5-NP,911,1,12207,0,10,12218,T
5-NP,912,4,2,0,12240,12246,C
5-NP,913,12203,2,4,0,12209,A
5-NP,914,12210,1,3,0,12214,A
5-NP,915,12186,0,3,2,12191,A
5-NP,916,1,1,0,12198,12200,C
5-NP,917,2,11783,1,2,11788,T
5-NP,918,11715,2,4,0,11721,A
5-NP,919,0,0,0,11848,11848,C
5-NP,920,2,11751,0,5,11758,T
5-NP,921,0,11716,2,4,11722,T
5-NP,922,1,1,0,11808,11810,C
5-NP,923,11789,1,3,0,11793,A
5-NP,924,11769,1,1,0,11771,A
5-NP,925,11726,0,1,0,11727,A
5-NP,926,11732,1,4,1,11738,A
5-NP,927,0,11586,1,1,11588,T
5-NP,928,11403,1,7,0,11411,A
5-NP,929,1,0,11589,0,11590,G
5-NP,930,4,4,0,11590,11598,C
5-NP,931,5,5,1,11782,11793,C
5-NP,932,11807,0,3,1,11811,A
5-NP,933,11837,1,0,0,11838,A
5-NP,934,12201,2,2,0,12205,A
5-NP,935,1,12221,0,3,12225,T
5-NP,936,12287,3,2,1,12293,A
5-NP,937,0,12267,1,1,12269,T
5-NP,938,12008,2,13,0,12023,A
5-NP,939,0,1,0,12058,12059,C
5-NP,940,11711,0,6,0,11717,A
5-NP,941,0,0,12041,0,12041,G
5-NP,942,0,1,0,11989,11990,C
5-NP,943,1,11509,1,4,11515,T
5-NP,944,2,11636,0,1,11639,T
5-NP,945,11664,3,0,1,11668,A
5-NP,946,11689,0,2,0,11691,A
5-NP,947,0,11656,4,1,11661,T
5-NP,948,6,0,1,11672,11679,C
5-NP,949,11176,1,11,1,11189,A
5-NP,950,0,2,11317,1,11320,G
5-NP,951,11304,2,7,0,11313,A
5-NP,952,3,2,0,11361,11366,C
5-NP,953,2,0,0,11251,11253,C
5-NP,954,0,11028,0,5,11033,T
5-NP,955,11146,0,3,0,11149,A
5-NP,956,11109,0,11,0,11120,A
5-NP,957,0,1,1,11194,11196,C
5-NP,958,2,4,11204,0,11210,G
5-NP,959,10914,3,3,0,10920,A
5-NP,960,3,1,10974,0,10978,G
5-NP,961,10851,1,4,0,10856,A
5-NP,962,10922,2,1,1,10926,A
5-NP,963,1,10888,1,2,10892,T
5-NP,964,1,2,6,10763,10772,C
5-NP,965,1,13,0,10761,10775,C
5-NP,966,10478,0,13,0,10491,A
5-NP,967,4,0,10527,0,10531,G
5-NP,968,3,1,0,10530,10534,C
5-NP,969,10617,0,8,0,10625,A
5-NP,970,1,1,0,10673,10675,C
5-NP,971,10506,1,7,0,10514,A
5-NP,972,4,2,1,10508,10515,C
5-NP,973,10518,0,4,0,10522,A
5-NP,974,10538,0,5,0,10543,A
5-NP,975,1,7,10573,2,10583,G
5-NP,976,10379,1,6,0,10386,A
5-NP,977,1,1,10439,1,10442,G
5-NP,978,1,10144,0,5,10150,T
5-NP,979,3,1,0,10106,10110,C
5-NP,980,10048,2,12,1,10063,A
5-NP,981,1,1,10063,1,10066,G
5-NP,982,0,1,1,10024,10026,C
5-NP,983,1,9907,0,3,9911,T
5-NP,984,2,1,9989,0,9992,G
5-NP,985,1,0,10024,1,10026,G
5-NP,986,1,9915,0,4,9920,T
5-NP,987,2,0,10002,0,10004,G
5-NP,988,2,9847,0,6,9855,T
5-NP,989,2,0,9849,0,9851,G
5-NP,990,3,2,9822,1,9828,G
5-NP,991,9729,1,4,0,9734,A
5-NP,992,0,9776,0,11,9787,T
5-NP,993,2,1,9226,0,9229,G
5-NP,994,3,1,9132,1,9137,G
5-NP,995,0,0,1,9108,9109,C
5-NP,996,9011,2,2,1,9016,A
5-NP,997,0,8992,5,4,9001,T
5-NP,998,1,1,8927,0,8929,G
5-NP,999,2,17,0,8943,8962,C
5-NP,1000,1,1,0,8973,8975,C
5-NP,1001,8959,0,1,0,8960,A
5-NP,1002,1,8914,0,6,8921,T
5-NP,1003,2,8700,0,0,8702,T
5-NP,1004,1,0,0,8738,8739,C
5-NP,1005,0,8531,0,4,8535,T
5-NP,1006,3,0,8496,0,8499,G
5-NP,1007,1,1,0,8491,8493,C
5-NP,1008,0,7968,0,15,7983,T
5-NP,1009,2,1,8031,0,8034,G
5-NP,1010,1,1,0,7737,7739,C
5-NP,1011,7744,0,2,0,7746,A
5-NP,1012,0,7740,0,1,7741,T
5-NP,1013,0,7621,1,0,7622,T
5-NP,1014,0,7611,0,0,7611,T
5-NP,1015,1,0,7634,1,7636,G
5-NP,1016,7609,2,3,1,7615,A
5-NP,1017,7616,0,5,0,7621,A
5-NP,1018,3,2,7690,0,7695,G
5-NP,1019,7647,1,0,0,7648,A
5-NP,1020,0,7601,3,1,7605,T
5-NP,1021,0,7580,0,1,7581,T
5-NP,1022,1,7594,0,2,7597,T
5-NP,1023,7612,0,3,0,7615,A
5-NP,1024,7606,1,0,0,7607,A
5-NP,1025,0,2,7610,0,7612,G
5-NP,1026,7583,2,3,0,7588,A
5-NP,1027,0,7556,0,0,7556,T
5-NP,1028,2,7372,1,0,7375,T
5-NP,1029,3,0,7442,0,7445,G
5-NP,1030,0,7438,0,4,7442,T
5-NP,1031,1,7434,0,2,7437,T
5-NP,1032,7429,1,2,0,7432,A
5-NP,1033,7436,0,3,0,7439,A
5-NP,1034,2,0,7452,1,7455,G
5-NP,1035,0,0,0,7462,7462,C
5-NP,1036,2,7244,0,10,7256,T
5-NP,1037,0,7264,0,4,7268,T
5-NP,1038,1,0,0,7275,7276,C
5-NP,1039,7293,0,2,1,7296,A
5-NP,1040,1,7285,1,2,7289,T
5-NP,1041,1,2,0,7295,7298,C
5-NP,1042,7180,0,3,0,7183,A
5-NP,1043,0,2,7197,0,7199,G
5-NP,1044,7055,0,7,1,7063,A
5-NP,1045,2,2,7111,1,7116,G
5-NP,1046,1,2,7182,0,7185,G
5-NP,1047,2,3,7153,0,7158,G
5-NP,1048,7148,3,16,0,7167,A
5-NP,1049,0,4,0,7147,7151,C
5-NP,1050,7148,0,1,1,7150,A
5-NP,1051,7139,1,2,0,7142,A
5-NP,1052,0,2,6703,0,6705,G
5-NP,1053,6829,1,7,2,6839,A
5-NP,1054,2,0,6905,0,6907,G
5-NP,1055,0,6895,1,1,6897,T
5-NP,1056,6818,0,2,0,6820,A
5-NP,1057,1,6767,1,17,6786,T
5-NP,1058,1,1,0,6760,6762,C
5-NP,1059,0,6687,0,1,6688,T
5-NP,1060,1,0,0,6760,6761,C
5-NP,1061,1,0,1,6528,6530,C
5-NP,1062,0,6282,0,0,6282,T
5-NP,1063,0,0,0,6293,6293,C
5-NP,1064,2,2,6272,0,6276,G
5-NP,1065,1,1,6302,0,6304,G
5-NP,1066,1,3,6311,0,6315,G
5-NP,1067,3,4,6254,1,6262,G
5-NP,1068,2,1,6281,0,6284,G
5-NP,1069,6152,3,0,0,6155,A
5-NP,1070,6160,0,3,0,6163,A
5-NP,1071,6167,0,7,0,6174,A
5-NP,1072,0,1,0,6208,6209,C
5-NP,1073,0,6183,0,3,6186,T
5-NP,1074,1,0,6226,0,6227,G
5-NP,1075,0,6148,0,6,6154,T
5-NP,1076,1,0,0,6124,6125,C
5-NP,1077,6215,0,2,0,6217,A
5-NP,1078,6215,0,4,0,6219,A
5-NP,1079,0,0,0,6187,6187,C
5-NP,1080,1,2,0,5942,5945,C
5-NP,1081,5980,0,1,1,5982,A
5-NP,1082,0,1,6005,1,6007,G
5-NP,1083,5981,0,2,1,5984,A
5-NP,1084,4,1,5998,0,6003,G
5-NP,1085,0,0,6007,0,6007,G
5-NP,1086,5765,3,5,0,5773,A
5-NP,1087,1,0,5831,1,5833,G
5-NP,1088,0,5770,0,2,5772,T
5-NP,1089,5784,0,5,0,5789,A
5-NP,1090,0,0,0,5782,5782,C
5-NP,1091,5670,0,1,0,5671,A
5-NP,1092,5677,1,1,0,5679,A
5-NP,1093,5590,0,0,0,5590,A
5-NP,1094,0,5514,0,0,5514,T
5-NP,1095,0,5457,0,0,5457,T
5-NP,1096,1,0,5310,0,5311,G
5-NP,1097,0,0,0,5236,5236,C
5-NP,1098,0,5205,0,5,5210,T
5-NP,1099,2,5193,0,0,5195,T
5-NP,1100,2,1,0,5188,5191,C
5-NP,1101,5207,0,3,0,5210,A
5-NP,1102,5224,1,2,0,5227,A
5-NP,1103,5229,0,1,0,5230,A
5-NP,1104,0,5224,0,2,5226,T
5-NP,1105,0,2,5217,0,5219,G
5-NP,1106,5096,1,4,0,5101,A
5-NP,1107,0,0,5133,0,5133,G
5-NP,1108,5124,1,4,0,5129,A
5-NP,1109,5117,0,1,1,5119,A
5-NP,1110,0,2,0,5098,5100,C
5-NP,1111,5009,0,4,0,5013,A
5-NP,1112,0,5000,0,8,5008,T
5-NP,1113,0,0,4984,0,4984,G
5-NP,1114,0,0,4998,0,4998,G
5-NP,1115,4973,0,7,0,4980,A
5-NP,1116,0,4838,0,14,4852,T
5-NP,1117,4787,0,2,0,4789,A
5-NP,1118,4839,1,1,1,4842,A
5-NP,1119,0,4724,0,0,4724,T
5-NP,1120,4699,0,3,0,4702,A
5-NP,1121,0,4658,0,1,4659,T
5-NP,1122,1,2,4191,0,4194,G
5-NP,1123,1,1,4013,0,4015,G
5-NP,1124,0,1,4000,0,4001,G
5-NP,1125,3956,0,0,0,3956,A
5-NP,1126,2,3940,0,0,3942,T
5-NP,1127,1,1,0,2702,2704,C
5-NP,1128,2,1,2695,0,2698,G
5-NP,1129,2685,0,2,0,2687,A
5-NP,1130,0,0,2677,0,2677,G
5-NP,1131,0,1,0,2675,2676,C
5-NP,1132,2617,1,1,0,2619,A
5-NP,1133,1,0,0,2626,2627,C
5-NP,1134,0,2542,0,0,2542,T
5-NP,1135,1,0,0,2530,2531,C
5-NP,1136,0,2479,0,3,2482,T
5-NP,1137,0,2439,0,0,2439,T
5-NP,1138,0,0,2437,0,2437,G
5-NP,1139,2408,1,3,0,2412,A
5-NP,1140,2422,0,1,0,2423,A
5-NP,1141,0,1,0,2415,2416,C
5-NP,1142,0,1425,0,0,1425,T
5-NP,1143,0,0,1429,0,1429,G
5-NP,1144,1324,1,0,0,1325,A
5-NP,1145,0,0,1332,0,1332,G
5-NP,1146,1324,0,0,0,1324,A
5-NP,1147,1284,0,0,0,1284,A
5-NP,1148,0,0,1284,0,1284,G
5-NP,1149,0,0,0,1212,1212,C
5-NP,1150,1,0,1199,0,1200,G
5-NP,1151,1,0,1187,0,1188,G
5-NP,1152,0,1,1097,0,1098,G
5-NP,1153,0,1067,0,0,1067,T
5-NP,1154,994,0,0,0,994,A
5-NP,1155,0,0,0,984,984,C
5-NP,1156,1,485,0,0,486,T
5-NP,1157,0,0,434,0,434,G
5-NP,1158,0,0,377,0,377,G
5-NP,1159,0,0,337,0,337,G
5-NP,1160,0,0,0,297,297,C
5-NP,1161,0,0,0,153,153,C
5-NP,1162,150,0,1,0,151,A
5-NP,1163,0,152,0,0,152,T
5-NP,1164,153,0,0,0,153,A
5-NP,1165,151,0,0,0,151,A
5-NP,1166,0,0,150,0,150,G
5-NP,1167,0,0,151,0,151,G
5-NP,1168,147,0,0,0,147,A
5-NP,1169,0,0,0,147,147,C
5-NP,1170,0,0,0,148,148,C
5-NP,1171,148,0,0,0,148,A
5-NP,1172,0,0,148,0,148,G
5-NP,1173,143,0,0,0,143,A
5-NP,1174,148,0,0,0,148,A
5-NP,1175,0,0,151,0,151,G
5-NP,1176,0,149,0,1,150,T
5-NP,1177,0,0,149,0,149,G
5-NP,1178,0,0,150,0,150,G
5-NP,1179,151,0,0,0,151,A
5-NP,1180,0,0,151,0,151,G
5-NP,1181,0,0,151,0,151,G
5-NP,1182,151,0,0,0,151,A
5-NP,1183,149,0,1,0,150,A
5-NP,1184,151,0,0,0,151,A
5-NP,1185,0,0,0,149,149,C
5-NP,1186,149,2,0,0,151,A
5-NP,1187,0,0,0,159,159,C
5-NP,1188,0,156,0,0,156,T
5-NP,1189,164,0,1,0,165,A
5-NP,1190,165,0,0,0,165,A
5-NP,1191,0,164,0,0,164,T
5-NP,1192,0,0,0,162,162,C
5-NP,1193,162,0,0,0,162,A
5-NP,1194,163,0,0,0,163,A
5-NP,1195,0,0,0,163,163,C
5-NP,1196,159,0,0,0,159,A
5-NP,1197,0,0,158,0,158,G
5-NP,1198,151,0,0,0,151,A
5-NP,1199,0,0,152,1,153,G
5-NP,1200,0,0,153,0,153,G
5-NP,1201,0,0,151,0,151,G
5-NP,1202,0,0,0,152,152,C
5-NP,1203,0,0,0,154,154,C
5-NP,1204,0,153,0,0,153,T
5-NP,1205,0,0,0,153,153,C
5-NP,1206,0,0,0,151,151,C
5-NP,1207,0,0,153,0,153,G
5-NP,1208,0,0,0,152,152,C
5-NP,1209,153,0,0,0,153,A
5-NP,1210,0,0,156,0,156,G
5-NP,1211,0,0,158,0,158,G
5-NP,1212,0,0,0,159,159,C
5-NP,1213,0,0,0,157,157,C
5-NP,1214,153,0,0,0,153,A
5-NP,1215,155,0,0,0,155,A
5-NP,1216,156,1,0,0,157,A
5-NP,1217,0,0,0,157,157,C
5-NP,1218,0,0,0,157,157,C
5-NP,1219,147,0,0,0,147,A
5-NP,1220,0,0,148,0,148,G
5-NP,1221,0,146,0,0,146,T
5-NP,1222,0,0,150,0,150,G
5-NP,1223,0,146,0,2,148,T
5-NP,1224,0,0,147,0,147,G
5-NP,1225,0,0,0,147,147,C
5-NP,1226,145,0,0,0,145,A
5-NP,1227,147,0,0,0,147,A
5-NP,1228,0,0,0,147,147,C
5-NP,1229,0,0,0,146,146,C
5-NP,1230,0,145,0,0,145,T
5-NP,1231,143,0,0,0,143,A
5-NP,1232,0,0,0,144,144,C
5-NP,1233,0,0,144,0,144,G
5-NP,1234,0,143,0,0,143,T
5-NP,1235,0,143,0,0,143,T
5-NP,1236,0,139,0,0,139,T
5-NP,1237,0,138,0,0,138,T
5-NP,1238,0,0,0,138,138,C
5-NP,1239,0,135,0,0,135,T
5-NP,1240,0,0,140,0,140,G
5-NP,1241,0,137,0,2,139,T
5-NP,1242,140,0,0,0,140,A
5-NP,1243,0,0,0,142,142,C
5-NP,1244,137,0,0,0,137,A
5-NP,1245,135,0,3,0,138,A
5-NP,1246,138,0,0,0,138,A
5-NP,1247,0,0,137,0,137,G
5-NP,1248,137,0,0,0,137,A
5-NP,1249,129,0,0,0,129,A
5-NP,1250,130,0,0,0,130,A
5-NP,1251,0,0,0,130,130,C
5-NP,1252,0,0,0,127,127,C
5-NP,1253,0,124,0,0,124,T
5-NP,1254,0,1,0,124,125,C
5-NP,1255,0,0,0,125,125,C
5-NP,1256,0,0,0,126,126,C
5-NP,1257,126,0,0,0,126,A
5-NP,1258,0,128,0,0,128,T
5-NP,1259,0,127,0,0,127,T
5-NP,1260,0,126,0,0,126,T
5-NP,1261,0,0,125,0,125,G
5-NP,1262,125,0,0,0,125,A
5-NP,1263,127,0,0,0,127,A
5-NP,1264,128,0,0,0,128,A
5-NP,1265,129,0,0,0,129,A
5-NP,1266,0,0,130,0,130,G
5-NP,1267,0,127,0,0,127,T
5-NP,1268,0,0,0,129,129,C
5-NP,1269,128,0,0,0,128,A
5-NP,1270,129,0,0,0,129,A
5-NP,1271,0,0,0,130,130,C
5-NP,1272,0,0,0,131,131,C
5-NP,1273,130,0,0,0,130,A
5-NP,1274,0,132,0,0,132,T
5-NP,1275,0,0,0,129,129,C
5-NP,1276,129,0,0,0,129,A
5-NP,1277,0,128,0,0,128,T
5-NP,1278,0,0,130,0,130,G
5-NP,1279,0,0,130,0,130,G
5-NP,1280,0,0,0,130,130,C
5-NP,1281,127,0,0,0,127,A
5-NP,1282,0,0,128,0,128,G
5-NP,1283,0,0,0,127,127,C
5-NP,1284,127,0,0,0,127,A
5-NP,1285,0,126,0,0,126,T
5-NP,1286,0,126,0,0,126,T
5-NP,1287,0,0,0,125,125,C
5-NP,1288,124,0,0,0,124,A
5-NP,1289,0,0,0,125,125,C
5-NP,1290,0,127,0,0,127,T
5-NP,1291,0,0,126,0,126,G
5-NP,1292,0,0,127,0,127,G
5-NP,1293,126,0,0,0,126,A
5-NP,1294,126,0,0,0,126,A
5-NP,1295,128,0,0,0,128,A
5-NP,1296,0,126,0,0,126,T
5-NP,1297,128,0,0,0,128,A
5-NP,1298,0,0,0,127,127,C
5-NP,1299,0,0,125,0,125,G
5-NP,1300,0,0,125,0,125,G
5-NP,1301,124,0,0,0,124,A
5-NP,1302,122,0,0,0,122,A
5-NP,1303,0,0,122,0,122,G
5-NP,1304,0,0,123,0,123,G
5-NP,1305,123,0,0,0,123,A
5-NP,1306,123,0,0,0,123,A
5-NP,1307,0,0,121,0,121,G
5-NP,1308,123,0,0,0,123,A
5-NP,1309,121,0,0,0,121,A
5-NP,1310,0,0,0,124,124,C
5-NP,1311,0,124,0,0,124,T
5-NP,1312,0,126,0,0,126,T
5-NP,1313,0,0,0,124,124,C
5-NP,1314,125,0,0,0,125,A
5-NP,1315,1,0,124,0,125,G
5-NP,1316,122,0,0,0,122,A
5-NP,1317,0,0,0,124,124,C
5-NP,1318,122,0,0,0,122,A
5-NP,1319,0,119,0,0,119,T
5-NP,1320,0,0,120,0,120,G
5-NP,1321,120,0,0,0,120,A
5-NP,1322,0,0,122,0,122,G
5-NP,1323,0,0,122,0,122,G
5-NP,1324,0,0,119,0,119,G
5-NP,1325,0,0,0,121,121,C
5-NP,1326,120,0,0,0,120,A
5-NP,1327,0,0,120,0,120,G
5-NP,1328,120,0,0,0,120,A
5-NP,1329,120,0,0,0,120,A
5-NP,1330,119,0,0,0,119,A
5-NP,1331,0,124,0,0,124,T
5-NP,1332,0,0,0,123,123,C
5-NP,1333,124,0,0,0,124,A
5-NP,1334,0,124,0,0,124,T
5-NP,1335,124,0,0,0,124,A
5-NP,1336,121,0,0,0,121,A
5-NP,1337,0,0,123,0,123,G
5-NP,1338,121,0,0,0,121,A
5-NP,1339,123,0,0,0,123,A
5-NP,1340,0,120,0,0,120,T
5-NP,1341,0,0,123,0,123,G
5-NP,1342,121,0,0,0,121,A
5-NP,1343,0,118,0,0,118,T
5-NP,1344,1,0,119,0,120,G
5-NP,1345,0,0,119,0,119,G
5-NP,1346,117,0,0,0,117,A
5-NP,1347,115,0,0,0,115,A
5-NP,1348,0,0,113,0,113,G
5-NP,1349,0,0,116,0,116,G
5-NP,1350,0,112,0,1,113,T
5-NP,1351,0,0,114,0,114,G
5-NP,1352,0,0,0,111,111,C
5-NP,1353,114,0,0,0,114,A
5-NP,1354,114,0,0,0,114,A
5-NP,1355,113,0,0,0,113,A
5-NP,1356,116,0,0,0,116,A
5-NP,1357,0,0,0,116,116,C
5-NP,1358,0,0,0,114,114,C
5-NP,1359,112,0,0,0,112,A
5-NP,1360,0,0,111,0,111,G
5-NP,1361,111,0,0,0,111,A
5-NP,1362,110,0,0,0,110,A
5-NP,1363,0,0,112,0,112,G
5-NP,1364,110,0,0,0,110,A
5-NP,1365,109,0,0,0,109,A
5-NP,1366,0,0,112,0,112,G
5-NP,1367,0,111,0,0,111,T
5-NP,1368,0,0,114,0,114,G
5-NP,1369,0,112,0,0,112,T
5-NP,1370,0,0,0,111,111,C
5-NP,1371,113,0,0,0,113,A
5-NP,1372,0,111,0,0,111,T
5-NP,1373,0,113,0,0,113,T
5-NP,1374,0,0,0,112,112,C
5-NP,1375,0,0,0,109,109,C
5-NP,1376,1,0,106,0,107,G
5-NP,1377,0,0,107,0,107,G
5-NP,1378,0,0,107,0,107,G
5-NP,1379,0,0,106,0,106,G
5-NP,1380,0,0,106,0,106,G
5-NP,1381,104,0,0,0,104,A
5-NP,1382,0,0,105,0,105,G
5-NP,1383,0,0,104,0,104,G
5-NP,1384,0,0,102,0,102,G
5-NP,1385,0,0,102,0,102,G
5-NP,1386,104,0,0,0,104,A
5-NP,1387,0,0,104,0,104,G
5-NP,1388,0,101,0,0,101,T
5-NP,1389,0,103,0,0,103,T
5-NP,1390,0,102,0,0,102,T
5-NP,1391,0,103,0,0,103,T
5-NP,1392,0,0,0,102,102,C
5-NP,1393,0,0,103,0,103,G
5-NP,1394,103,0,0,0,103,A
5-NP,1395,0,0,104,0,104,G
5-NP,1396,0,1,0,104,105,C
5-NP,1397,0,103,0,0,103,T
5-NP,1398,0,0,0,102,102,C
5-NP,1399,0,104,0,0,104,T
5-NP,1400,0,0,0,104,104,C
5-NP,1401,105,0,0,0,105,A
5-NP,1402,0,0,105,0,105,G
5-NP,1403,105,0,0,0,105,A
5-NP,1404,0,0,0,104,104,C
5-NP,1405,0,0,104,0,104,G
5-NP,1406,99,0,0,0,99,A
5-NP,1407,0,0,101,0,101,G
5-NP,1408,99,0,0,0,99,A
5-NP,1409,98,0,0,0,98,A
5-NP,1410,0,0,99,0,99,G
5-NP,1411,0,0,98,0,98,G
5-NP,1412,0,0,0,98,98,C
5-NP,1413,97,0,0,0,97,A
5-NP,1414,98,0,0,0,98,A
5-NP,1415,0,0,0,97,97,C
5-NP,1416,0,0,97,0,97,G
5-NP,1417,96,0,0,0,96,A
5-NP,1418,97,0,0,0,97,A
5-NP,1419,0,0,0,96,96,C
5-NP,1420,0,0,0,96,96,C
5-NP,1421,0,0,0,97,97,C
5-NP,1422,0,0,97,0,97,G
5-NP,1423,95,0,0,0,95,A
5-NP,1424,0,97,0,0,97,T
5-NP,1425,1,0,0,96,97,C
5-NP,1426,0,0,97,0,97,G
5-NP,1427,0,96,0,0,96,T
5-NP,1428,0,0,96,0,96,G
5-NP,1429,0,0,0,97,97,C
5-NP,1430,0,0,0,95,95,C
5-NP,1431,0,0,0,96,96,C
5-NP,1432,0,92,0,0,92,T
5-NP,1433,0,0,0,101,101,C
5-NP,1434,0,100,0,0,100,T
5-NP,1435,0,101,0,0,101,T
5-NP,1436,0,102,0,0,102,T
5-NP,1437,0,101,0,0,101,T
5-NP,1438,0,0,102,0,102,G
5-NP,1439,102,0,0,0,102,A
5-NP,1440,0,101,0,0,101,T
5-NP,1441,98,0,0,0,98,A
5-NP,1442,0,77,0,0,77,T
5-NP,1443,0,0,79,0,79,G
5-NP,1444,77,0,0,0,77,A
5-NP,1445,0,0,81,0,81,G
5-NP,1446,0,81,0,0,81,T
5-NP,1447,78,0,0,0,78,A
5-NP,1448,77,0,0,0,77,A
5-NP,1449,0,77,0,0,77,T
5-NP,1450,0,0,78,0,78,G
5-NP,1451,78,0,0,0,78,A
5-NP,1452,70,0,0,0,70,A
5-NP,1453,0,0,70,0,70,G
5-NP,1454,0,0,65,0,65,G
5-NP,1455,65,0,0,0,65,A
5-NP,1456,0,65,0,0,65,T
5-NP,1457,0,0,0,65,65,C
5-NP,1458,0,64,0,0,64,T
5-NP,1459,0,63,0,0,63,T
5-NP,1460,62,0,0,0,62,A
5-NP,1461,0,63,0,0,63,T
5-NP,1462,0,62,0,0,62,T
5-NP,1463,0,63,0,0,63,T
5-NP,1464,0,0,0,62,62,C
5-NP,1465,0,60,0,0,60,T
5-NP,1466,0,60,0,0,60,T
5-NP,1467,0,0,0,60,60,C
5-NP,1468,0,0,60,0,60,G
5-NP,1469,0,0,59,0,59,G
5-NP,1470,58,0,0,0,58,A
5-NP,1471,0,0,60,0,60,G
5-NP,1472,60,0,0,0,60,A
5-NP,1473,0,0,0,60,60,C
5-NP,1474,55,0,0,0,55,A
5-NP,1475,55,0,0,0,55,A
5-NP,1476,0,55,0,0,55,T
5-NP,1477,0,0,55,0,55,G
5-NP,1478,0,0,0,55,55,C
5-NP,1479,53,0,0,0,53,A
5-NP,1480,0,0,53,0,53,G
5-NP,1481,53,0,0,0,53,A
5-NP,1482,49,0,0,0,49,A
5-NP,1483,0,0,49,0,49,G
5-NP,1484,34,0,0,0,34,A
5-NP,1485,0,0,34,0,34,G
5-NP,1486,0,30,0,0,30,T
5-NP,1487,30,0,0,0,30,A
5-NP,1488,0,0,0,30,30,C
5-NP,1489,0,0,25,0,25,G
5-NP,1490,25,0,0,0,25,A
5-NP,1491,0,0,0,25,25,C
5-NP,1492,23,0,0,0,23,A
5-NP,1493,23,0,0,0,23,A
5-NP,1494,0,19,0,0,19,T
5-NP,1495,0,19,0,0,19,T
5-NP,1496,19,0,0,0,19,A
5-NP,1497,19,0,0,0,19,A
6-NA,1,106,0,0,0,106,A
6-NA,2,0,105,0,0,105,T
6-NA,3,0,0,106,0,106,G
6-NA,4,106,0,0,0,106,A
6-NA,5,111,0,0,0,111,A
6-NA,6,0,111,0,0,111,T
6-NA,7,0,0,0,111,111,C
6-NA,8,0,0,0,111,111,C
6-NA,9,112,0,0,0,112,A
6-NA,10,118,0,0,0,118,A
6-NA,11,119,0,0,0,119,A
6-NA,12,0,119,0,0,119,T
6-NA,13,0,0,0,120,120,C
6-NA,14,120,0,0,0,120,A
6-NA,15,122,0,0,0,122,A
6-NA,16,122,0,0,0,122,A
6-NA,17,138,0,0,0,138,A
6-NA,18,0,0,150,0,150,G
6-NA,19,156,0,1,0,157,A
6-NA,20,0,161,0,0,161,T
6-NA,21,165,0,0,0,165,A
6-NA,22,167,0,0,0,167,A
6-NA,23,0,169,0,0,169,T
6-NA,24,162,0,0,8,170,A
6-NA,25,170,0,0,0,170,A
6-NA,26,0,0,0,176,176,C
6-NA,27,0,0,177,0,177,G
6-NA,28,178,0,0,0,178,A
6-NA,29,0,177,0,0,177,T
6-NA,30,0,176,0,0,176,T
6-NA,31,0,0,180,0,180,G
6-NA,32,0,0,187,0,187,G
6-NA,33,0,0,0,189,189,C
6-NA,34,0,189,0,0,189,T
6-NA,35,0,0,0,197,197,C
6-NA,36,0,197,0,0,197,T
6-NA,37,0,0,202,0,202,G
6-NA,38,0,203,0,0,203,T
6-NA,39,0,205,0,0,205,T
6-NA,40,0,213,0,0,213,T
6-NA,41,1,0,0,218,219,C
6-NA,42,0,215,0,0,215,T
6-NA,43,0,0,0,219,219,C
6-NA,44,0,220,0,0,220,T
6-NA,45,0,0,0,222,222,C
6-NA,46,221,0,0,0,221,A
6-NA,47,0,0,0,232,232,C
6-NA,48,0,0,0,233,233,C
6-NA,49,232,0,0,0,232,A
6-NA,50,0,232,0,0,232,T
6-NA,51,0,238,0,0,238,T
6-NA,52,0,243,0,0,243,T
6-NA,53,0,0,0,255,255,C
6-NA,54,0,2,0,253,255,C
6-NA,55,255,0,0,0,255,A
6-NA,56,0,0,0,270,270,C
6-NA,57,269,0,0,0,269,A
6-NA,58,289,0,0,0,289,A
6-NA,59,0,291,0,0,291,T
6-NA,60,310,0,0,0,310,A
6-NA,61,0,314,0,0,314,T
6-NA,62,0,0,315,0,315,G
6-NA,63,0,1,0,314,315,C
6-NA,64,0,313,0,0,313,T
6-NA,65,0,316,0,0,316,T
6-NA,66,0,0,0,317,317,C
6-NA,67,0,315,0,0,315,T
6-NA,68,0,315,0,0,315,T
6-NA,69,0,0,0,313,313,C
6-NA,70,311,0,0,0,311,A
6-NA,71,0,313,0,0,313,T
6-NA,72,0,0,311,0,311,G
6-NA,73,0,0,0,315,315,C
6-NA,74,312,0,0,0,312,A
6-NA,75,314,0,0,0,314,A
6-NA,76,314,0,0,0,314,A
6-NA,77,0,317,0,0,317,T
6-NA,78,0,316,0,0,316,T
6-NA,79,0,0,319,0,319,G
6-NA,80,0,0,0,316,316,C
6-NA,81,0,0,0,318,318,C
6-NA,82,323,0,0,0,323,A
6-NA,83,0,322,0,0,322,T
6-NA,84,0,0,0,350,350,C
6-NA,85,0,350,0,0,350,T
6-NA,86,0,348,0,0,348,T
6-NA,87,0,0,361,0,361,G
6-NA,88,363,0,0,0,363,A
6-NA,89,0,370,0,0,370,T
6-NA,90,371,0,0,0,371,A
6-NA,91,372,1,0,0,373,A
6-NA,92,0,0,0,429,429,C
6-NA,93,0,430,0,0,430,T
6-NA,94,434,0,0,0,434,A
6-NA,95,0,0,0,446,446,C
6-NA,96,0,445,0,0,445,T
6-NA,97,1,0,451,0,452,G
6-NA,98,0,450,0,0,450,T
6-NA,99,450,0,0,0,450,A
6-NA,100,455,0,0,0,455,A
6-NA,101,0,0,0,439,439,C
6-NA,102,429,0,0,0,429,A
6-NA,103,0,428,0,0,428,T
6-NA,104,0,421,0,0,421,T
6-NA,105,0,0,418,0,418,G
6-NA,106,0,0,0,417,417,C
6-NA,107,427,0,0,0,427,A
6-NA,108,0,431,0,0,431,T
6-NA,109,0,428,0,0,428,T
6-NA,110,0,427,0,0,427,T
6-NA,111,0,0,0,430,430,C
6-NA,112,432,0,0,0,432,A
6-NA,113,426,0,1,0,427,A
6-NA,114,0,0,431,0,431,G
6-NA,115,0,0,0,430,430,C
6-NA,116,431,0,0,0,431,A
6-NA,117,440,0,0,0,440,A
6-NA,118,0,446,0,0,446,T
6-NA,119,442,1,0,0,443,A
6-NA,120,0,444,0,0,444,T
6-NA,121,0,0,457,0,457,G
6-NA,122,454,0,0,0,454,A
6-NA,123,457,0,0,0,457,A
6-NA,124,0,460,0,0,460,T
6-NA,125,0,460,0,0,460,T
6-NA,126,0,0,0,458,458,C
6-NA,127,460,0,0,0,460,A
6-NA,128,456,0,0,0,456,A
6-NA,129,0,0,0,460,460,C
6-NA,130,0,455,0,0,455,T
6-NA,131,0,0,0,452,452,C
6-NA,132,0,0,0,453,453,C
6-NA,133,0,0,0,456,456,C
6-NA,134,0,0,1,456,457,C
6-NA,135,0,0,1,457,458,C
6-NA,136,1,1,0,460,462,C
6-NA,137,1,0,0,458,459,C
6-NA,138,461,0,0,0,461,A
6-NA,139,456,0,0,0,456,A
6-NA,140,462,0,0,0,462,A
6-NA,141,0,0,0,476,476,C
6-NA,142,465,0,0,0,465,A
6-NA,143,481,0,0,0,481,A
6-NA,144,0,0,0,485,485,C
6-NA,145,0,0,0,480,480,C
6-NA,146,492,0,0,0,492,A
6-NA,147,500,0,0,0,500,A
6-NA,148,0,0,511,0,511,G
6-NA,149,0,510,0,0,510,T
6-NA,150,0,0,506,0,506,G
6-NA,151,507,0,0,0,507,A
6-NA,152,0,500,0,0,500,T
6-NA,153,0,0,504,0,504,G
6-NA,154,0,0,0,505,505,C
6-NA,155,0,503,0,1,504,T
6-NA,156,0,0,544,0,544,G
6-NA,157,0,542,0,0,542,T
6-NA,158,0,0,537,0,537,G
6-NA,159,0,539,0,0,539,T
6-NA,160,0,0,534,0,534,G
6-NA,161,533,0,1,0,534,A
6-NA,162,541,0,0,0,541,A
6-NA,163,0,0,0,540,540,C
6-NA,164,1,0,0,539,540,C
6-NA,165,522,0,0,0,522,A
6-NA,166,520,0,0,0,520,A
6-NA,167,0,0,0,541,541,C
6-NA,168,535,0,0,0,535,A
6-NA,169,545,1,0,0,546,A
6-NA,170,0,548,0,1,549,T
6-NA,171,550,0,1,0,551,A
6-NA,172,545,0,0,0,545,A
6-NA,173,0,550,0,0,550,T
6-NA,174,548,0,0,0,548,A
6-NA,175,0,0,552,0,552,G
6-NA,176,540,0,0,0,540,A
6-NA,177,542,0,0,0,542,A
6-NA,178,532,0,0,0,532,A
6-NA,179,0,0,536,0,536,G
6-NA,180,550,0,1,0,551,A
6-NA,181,545,0,1,0,546,A
6-NA,182,565,0,1,0,566,A
6-NA,183,0,0,0,571,571,C
6-NA,184,566,0,0,0,566,A
6-NA,185,0,572,0,0,572,T
6-NA,186,583,0,0,0,583,A
6-NA,187,587,0,1,0,588,A
6-NA,188,0,0,0,597,597,C
6-NA,189,579,0,0,0,579,A
6-NA,190,0,0,611,0,611,G
6-NA,191,597,0,0,0,597,A
6-NA,192,0,0,606,0,606,G
6-NA,193,609,0,0,0,609,A
6-NA,194,0,636,0,0,636,T
6-NA,195,631,0,2,0,633,A
6-NA,196,0,0,655,0,655,G
6-NA,197,0,647,0,0,647,T
6-NA,198,0,0,663,0,663,G
6-NA,199,0,663,0,0,663,T
6-NA,200,661,0,0,0,661,A
6-NA,201,0,654,0,0,654,T
6-NA,202,0,0,0,657,657,C
6-NA,203,1,641,0,0,642,T
6-NA,204,0,1,661,0,662,G
6-NA,205,649,1,2,0,652,A
6-NA,206,0,0,0,648,648,C
6-NA,207,0,0,0,649,649,C
6-NA,208,648,0,0,0,648,A
6-NA,209,653,0,0,0,653,A
6-NA,210,0,0,0,659,659,C
6-NA,211,654,0,0,0,654,A
6-NA,212,0,0,1,687,688,C
6-NA,213,1,0,0,679,680,C
6-NA,214,698,0,0,0,698,A
6-NA,215,0,0,0,723,723,C
6-NA,216,0,0,0,723,723,C
6-NA,217,719,0,0,0,719,A
6-NA,218,1,721,0,0,722,T
6-NA,219,716,0,0,0,716,A
6-NA,220,0,0,722,0,722,G
6-NA,221,708,0,0,0,708,A
6-NA,222,0,0,715,0,715,G
6-NA,223,707,0,3,0,710,A
6-NA,224,692,0,0,0,692,A
6-NA,225,0,0,697,0,697,G
6-NA,226,1,0,696,0,697,G
6-NA,227,701,0,0,1,702,A
6-NA,228,704,0,0,0,704,A
6-NA,229,707,0,0,0,707,A
6-NA,230,0,704,0,0,704,T
6-NA,231,696,0,0,0,696,A
6-NA,232,0,694,0,0,694,T
6-NA,233,0,0,693,0,693,G
6-NA,234,0,0,1,701,702,C
6-NA,235,0,0,0,692,692,C
6-NA,236,0,0,0,692,692,C
6-NA,237,0,0,0,692,692,C
6-NA,238,700,0,0,0,700,A
6-NA,239,714,0,0,0,714,A
6-NA,240,718,0,0,0,718,A
6-NA,241,0,0,0,722,722,C
6-NA,242,0,717,0,0,717,T
6-NA,243,714,0,1,0,715,A
6-NA,244,0,0,716,0,716,G
6-NA,245,0,0,0,717,717,C
6-NA,246,716,0,0,0,716,A
6-NA,247,0,0,730,0,730,G
6-NA,248,712,0,0,0,712,A
6-NA,249,734,0,0,0,734,A
6-NA,250,0,739,0,0,739,T
6-NA,251,736,0,0,0,736,A
6-NA,252,0,0,0,740,740,C
6-NA,253,736,0,0,0,736,A
6-NA,254,0,0,733,0,733,G
6-NA,255,733,0,0,0,733,A
6-NA,256,720,0,0,0,720,A
6-NA,257,719,0,1,0,720,A
6-NA,258,0,708,0,0,708,T
6-NA,259,0,708,0,0,708,T
6-NA,260,0,0,709,0,709,G
6-NA,261,0,0,701,0,701,G
6-NA,262,0,709,1,1,711,T
6-NA,263,1,0,0,710,711,C
6-NA,264,708,0,0,0,708,A
6-NA,265,711,0,0,0,711,A
6-NA,266,713,0,0,0,713,A
6-NA,267,0,0,712,0,712,G
6-NA,268,0,1,0,710,711,C
6-NA,269,0,0,0,709,709,C
6-NA,270,1,0,711,0,712,G
6-NA,271,0,1,0,710,711,C
6-NA,272,713,0,1,0,714,A
6-NA,273,721,0,0,0,721,A
6-NA,274,0,722,0,0,722,T
6-NA,275,0,0,730,0,730,G
6-NA,276,0,723,0,2,725,T
6-NA,277,0,0,727,0,727,G
6-NA,278,742,0,0,0,742,A
6-NA,279,0,0,0,751,751,C
6-NA,280,752,0,0,0,752,A
6-NA,281,0,762,0,0,762,T
6-NA,282,0,755,0,0,755,T
6-NA,283,758,0,0,0,758,A
6-NA,284,0,0,0,756,756,C
6-NA,285,748,0,0,0,748,A
6-NA,286,0,0,749,0,749,G
6-NA,287,0,1,747,0,748,G
6-NA,288,748,1,0,0,749,A
6-NA,289,0,740,0,0,740,T
6-NA,290,0,728,0,0,728,T
6-NA,291,0,735,0,0,735,T
6-NA,292,1,0,737,0,738,G
6-NA,293,0,0,0,732,732,C
6-NA,294,736,0,1,0,737,A
6-NA,295,0,0,0,739,739,C
6-NA,296,0,0,0,736,736,C
6-NA,297,0,737,0,1,738,T
6-NA,298,0,733,0,1,734,T
6-NA,299,0,746,0,1,747,T
6-NA,300,0,745,0,0,745,T
6-NA,301,0,754,0,0,754,T
6-NA,302,0,0,0,756,756,C
6-NA,303,0,756,0,0,756,T
6-NA,304,753,0,0,0,753,A
6-NA,305,754,0,0,0,754,A
6-NA,306,0,0,756,0,756,G
6-NA,307,0,0,750,0,750,G
6-NA,308,751,0,0,0,751,A
6-NA,309,0,1,0,753,754,C
6-NA,310,742,0,0,0,742,A
6-NA,311,747,0,0,0,747,A
6-NA,312,0,744,0,0,744,T
6-NA,313,0,743,0,0,743,T
6-NA,314,0,0,0,758,758,C
6-NA,315,1,3,752,0,756,G
6-NA,316,751,0,0,0,751,A
6-NA,317,0,759,0,0,759,T
6-NA,318,0,754,0,0,754,T
6-NA,319,751,0,0,0,751,A
6-NA,320,1,0,757,0,758,G
6-NA,321,1,0,756,0,757,G
6-NA,322,0,0,0,760,760,C
6-NA,323,0,744,0,1,745,T
6-NA,324,0,747,0,0,747,T
6-NA,325,0,750,0,0,750,T
6-NA,326,0,0,0,749,749,C
6-NA,327,0,0,0,750,750,C
6-NA,328,4,0,747,0,751,G
6-NA,329,0,0,0,747,747,C
6-NA,330,0,746,0,1,747,T
6-NA,331,0,0,768,0,768,G
6-NA,332,0,0,775,0,775,G
6-NA,333,0,772,0,0,772,T
6-NA,334,0,0,771,0,771,G
6-NA,335,0,0,772,0,772,G
6-NA,336,1,0,770,0,771,G
6-NA,337,0,0,771,0,771,G
6-NA,338,770,0,0,0,770,A
6-NA,339,0,0,0,792,792,C
6-NA,340,775,1,0,0,776,A
6-NA,341,0,775,0,0,775,T
6-NA,342,0,0,0,774,774,C
6-NA,343,0,771,0,0,771,T
6-NA,344,0,0,776,0,776,G
6-NA,345,0,0,774,0,774,G
6-NA,346,1,0,778,0,779,G
6-NA,347,0,775,0,0,775,T
6-NA,348,0,0,766,0,766,G
6-NA,349,765,0,0,0,765,A
6-NA,350,0,0,0,821,821,C
6-NA,351,822,1,0,0,823,A
6-NA,352,975,0,0,0,975,A
6-NA,353,0,0,1014,0,1014,G
6-NA,354,1002,1,0,0,1003,A
6-NA,355,0,0,1160,1,1161,G
6-NA,356,1272,0,0,0,1272,A
6-NA,357,1567,0,2,0,1569,A
6-NA,358,0,1,0,2642,2643,C
6-NA,359,1,1,0,3023,3025,C
6-NA,360,0,3032,0,0,3032,T
6-NA,361,0,3087,0,1,3088,T
6-NA,362,3105,0,1,0,3106,A
6-NA,363,0,3114,0,0,3114,T
6-NA,364,0,0,3407,0,3407,G
6-NA,365,0,3458,0,1,3459,T
6-NA,366,4,0,3600,0,3604,G
6-NA,367,0,3586,0,3,3589,T
6-NA,368,0,0,0,3591,3591,C
6-NA,369,3623,6,2,40,3671,A
6-NA,370,0,3679,0,0,3679,T
6-NA,371,1,0,3660,0,3661,G
6-NA,372,1,2,0,3667,3670,C
6-NA,373,2,0,3664,0,3666,G
6-NA,374,4363,0,7,0,4370,A
6-NA,375,1,4384,0,0,4385,T
6-NA,376,2,0,0,4527,4529,C
6-NA,377,2,2,0,4551,4555,C
6-NA,378,0,4700,0,7,4707,T
6-NA,379,3,1,4810,0,4814,G
6-NA,380,4808,0,1,0,4809,A
6-NA,381,0,0,0,4843,4843,C
6-NA,382,4840,0,1,0,4841,A
6-NA,383,4823,1,2,0,4826,A
6-NA,384,1,1,5131,1,5134,G
6-NA,385,0,5141,0,1,5142,T
6-NA,386,2,0,5234,0,5236,G
6-NA,387,0,5233,0,4,5237,T
6-NA,388,1,5233,0,2,5236,T
6-NA,389,5241,2,1,0,5244,A
6-NA,390,0,5248,0,2,5250,T
6-NA,391,0,0,0,5391,5391,C
6-NA,392,5404,0,0,0,5404,A
6-NA,393,5395,0,1,0,5396,A
6-NA,394,0,5377,0,0,5377,T
6-NA,395,0,5367,0,2,5369,T
6-NA,396,0,5350,0,17,5367,T
6-NA,397,1,1,5405,0,5407,G
6-NA,398,0,3,0,5810,5813,C
6-NA,399,1,1,0,5819,5821,C
6-NA,400,2,1,0,5843,5846,C
6-NA,401,1,5825,0,10,5836,T
6-NA,402,1,5859,1,0,5861,T
6-NA,403,2,2,5966,2,5972,G
6-NA,404,0,5,5988,0,5993,G
6-NA,405,6023,0,5,0,6028,A
6-NA,406,0,0,0,6034,6034,C
6-NA,407,5932,0,15,0,5947,A
6-NA,408,0,2,6125,0,6127,G
6-NA,409,0,5,6106,0,6111,G
6-NA,410,0,0,6420,1,6421,G
6-NA,411,6385,0,12,0,6397,A
6-NA,412,6409,0,7,2,6418,A
6-NA,413,0,1,0,6453,6454,C
6-NA,414,6421,0,12,0,6433,A
6-NA,415,7328,1,9,1,7339,A
6-NA,416,1,2,0,7419,7422,C
6-NA,417,7414,0,4,0,7418,A
6-NA,418,0,1,0,7488,7489,C
6-NA,419,0,7393,1,1,7395,T
6-NA,420,7485,1,1,1,7488,A
6-NA,421,7465,0,2,0,7467,A
6-NA,422,7489,0,10,0,7499,A
6-NA,423,0,1,0,7516,7517,C
6-NA,424,7226,0,3,0,7229,A
6-NA,425,7252,1,0,0,7253,A
6-NA,426,0,0,0,7264,7264,C
6-NA,427,4,0,7267,1,7272,G
6-NA,428,1,7251,0,2,7254,T
6-NA,429,1,0,7234,0,7235,G
6-NA,430,0,1,0,7288,7289,C
6-NA,431,7284,0,2,0,7286,A
6-NA,432,0,7313,0,1,7314,T
6-NA,433,0,7340,0,0,7340,T
6-NA,434,1,1,0,7453,7455,C
6-NA,435,7583,1,2,0,7586,A
6-NA,436,7609,2,5,0,7616,A
6-NA,437,7633,0,2,1,7636,A
6-NA,438,0,7662,0,4,7666,T
6-NA,439,2,6,7652,0,7660,G
6-NA,440,7809,4,13,0,7826,A
6-NA,441,0,1,0,7863,7864,C
6-NA,442,7842,3,4,0,7849,A
6-NA,443,0,3,0,7985,7988,C
6-NA,444,7889,1,8,0,7898,A
6-NA,445,2,0,10125,0,10127,G
6-NA,446,2,10137,0,1,10140,T
6-NA,447,10277,2,4,1,10284,A
6-NA,448,0,2,0,10317,10319,C
6-NA,449,2,1,10308,0,10311,G
6-NA,450,0,10731,0,8,10739,T
6-NA,451,1,5,10713,0,10719,G
6-NA,452,10720,2,3,1,10726,A
6-NA,453,1,10815,0,1,10817,T
6-NA,454,9694,0,7,0,9701,A
6-NA,455,1,2,9692,1,9696,G
6-NA,456,2,1,9647,0,9650,G
6-NA,457,9688,2,6,0,9696,A
6-NA,458,0,1,1,9859,9861,C
6-NA,459,3,1,0,9633,9637,C
6-NA,460,20,2,0,9746,9768,C
6-NA,461,2,3,1,9778,9784,C
6-NA,462,0,9865,0,9,9874,T
6-NA,463,0,10050,0,2,10052,T
6-NA,464,10117,0,4,0,10121,A
6-NA,465,2,10074,1,1,10078,T
6-NA,466,0,2,0,10102,10104,C
6-NA,467,2,2,10002,0,10006,G
6-NA,468,1,3,9969,2,9975,G
6-NA,469,9973,3,7,0,9983,A
6-NA,470,2,3,0,10048,10053,C
6-NA,471,5,2,0,10015,10022,C
6-NA,472,4,1,0,10581,10586,C
6-NA,473,1,10603,0,10,10614,T
6-NA,474,10790,0,0,2,10792,A
6-NA,475,2,10788,0,5,10795,T
6-NA,476,0,10800,0,1,10801,T
6-NA,477,2,1,10798,1,10802,G
6-NA,478,10784,3,5,0,10792,A
6-NA,479,0,10758,0,1,10759,T
6-NA,480,1,5,10793,0,10799,G
6-NA,481,10375,1,7,3,10386,A
6-NA,482,10397,0,27,1,10425,A
6-NA,483,1,10409,1,1,10412,T
6-NA,484,1,4,10607,0,10612,G
6-NA,485,10670,6,6,3,10685,A
6-NA,486,1,1,10891,0,10893,G
6-NA,487,2,10791,1,4,10798,T
6-NA,488,0,10792,0,5,10797,T
6-NA,489,10854,0,5,1,10860,A
6-NA,490,0,2,10902,0,10904,G
6-NA,491,1,0,10917,0,10918,G
6-NA,492,6,10881,0,20,10907,T
6-NA,493,1,0,10827,0,10828,G
6-NA,494,1,10692,2,18,10713,T
6-NA,495,0,10675,1,13,10689,T
6-NA,496,4,1,0,10780,10785,C
6-NA,497,3,2,0,10857,10862,C
6-NA,498,0,10834,1,10,10845,T
6-NA,499,0,10836,2,16,10854,T
6-NA,500,1,10822,1,5,10829,T
6-NA,501,3,10825,0,4,10832,T
6-NA,502,2,1,1,10868,10872,C
6-NA,503,10837,0,5,1,10843,A
6-NA,504,1,11093,0,2,11096,T
6-NA,505,0,0,0,11116,11116,C
6-NA,506,1,10976,1,3,10981,T
6-NA,507,4,4,10929,0,10937,G
6-NA,508,0,7,10853,0,10860,G
6-NA,509,4,9,10865,1,10879,G
6-NA,510,1,4,11006,0,11011,G
6-NA,511,11025,3,10,1,11039,A
6-NA,512,4,3,0,11121,11128,C
6-NA,513,7,1,0,10988,10996,C
6-NA,514,11145,1,22,1,11169,A
6-NA,515,11185,0,12,1,11198,A
6-NA,516,3,0,11176,0,11179,G
6-NA,517,0,4,1,11209,11214,C
6-NA,518,11188,1,2,1,11192,A
6-NA,519,11274,1,6,3,11284,A
6-NA,520,0,1,11400,0,11401,G
6-NA,521,3,11325,0,3,11331,T
6-NA,522,1,0,11626,0,11627,G
6-NA,523,0,11559,0,11,11570,T
6-NA,524,3,4,11903,0,11910,G
6-NA,525,0,3,1,11893,11897,C
6-NA,526,11886,0,2,0,11888,A
6-NA,527,2,11989,2,3,11996,T
6-NA,528,11735,1,7,0,11743,A
6-NA,529,2,1,12114,0,12117,G
6-NA,530,2,1,0,12097,12100,C
6-NA,531,11781,1,6,0,11788,A
6-NA,532,0,11760,0,4,11764,T
6-NA,533,3,1,11419,1,11424,G
6-NA,534,3,0,12023,1,12027,G
6-NA,535,3,12065,0,20,12088,T
6-NA,536,2,1,0,11973,11976,C
6-NA,537,4,4,1,12004,12013,C
6-NA,538,11834,0,11,1,11846,A
6-NA,539,3,2,12051,0,12056,G
6-NA,540,2,0,0,12041,12043,C
6-NA,541,0,11956,0,16,11972,T
6-NA,542,5,1,0,12035,12041,C
6-NA,543,11691,0,3,1,11695,A
6-NA,544,11751,1,5,2,11759,A
6-NA,545,1,0,11808,0,11809,G
6-NA,546,2,11791,0,3,11796,T
6-NA,547,0,11729,1,8,11738,T
6-NA,548,1,0,11739,0,11740,G
6-NA,549,1,11701,0,5,11707,T
6-NA,550,3,2,2,11679,11686,C
6-NA,551,11724,0,7,1,11732,A
6-NA,552,0,4,0,11813,11817,C
6-NA,553,3,4,11787,0,11794,G
6-NA,554,11893,5,1,1,11900,A
6-NA,555,0,11965,0,4,11969,T
6-NA,556,2,2,12168,0,12172,G
6-NA,557,1,4,12220,1,12226,G
6-NA,558,12205,0,6,3,12214,A
6-NA,559,12239,0,5,1,12245,A
6-NA,560,12338,1,5,0,12344,A
6-NA,561,12332,3,15,2,12352,A
6-NA,562,3,1,12462,0,12466,G
6-NA,563,0,2,0,12408,12410,C
6-NA,564,12363,1,11,1,12376,A
6-NA,565,2,12330,0,2,12334,T
6-NA,566,3,1,12421,0,12425,G
6-NA,567,1,1,12441,0,12443,G
6-NA,568,2,3,0,12584,12589,C
6-NA,569,3,12530,0,15,12548,T
6-NA,570,4,0,12557,1,12562,G
6-NA,571,5,3,1,12493,12502,C
6-NA,572,12566,0,1,0,12567,A
6-NA,573,2,13033,0,1,13036,T
6-NA,574,2,0,13067,0,13069,G
6-NA,575,3,13015,1,4,13023,T
6-NA,576,1,13262,0,10,13273,T
6-NA,577,0,13236,1,5,13242,T
6-NA,578,1,0,13997,1,13999,G
6-NA,579,0,13946,1,7,13954,T
6-NA,580,13919,1,5,1,13926,A
6-NA,581,42,13937,0,3,13982,T
6-NA,582,13701,0,2,1,13704,A
6-NA,583,13737,1,10,0,13748,A
6-NA,584,1,4,0,13677,13682,C
6-NA,585,53,11,13439,0,13503,G
6-NA,586,2,6,13522,0,13530,G
6-NA,587,2,6,13160,1,13169,G
6-NA,588,1,2,13209,0,13212,G
6-NA,589,1,3,13263,1,13268,G
6-NA,590,13122,5,15,3,13145,A
6-NA,591,0,13206,0,1,13207,T
6-NA,592,4,6,13234,0,13244,G
6-NA,593,13272,2,21,0,13295,A
6-NA,594,2,13376,1,4,13383,T
6-NA,595,13335,0,6,1,13342,A
6-NA,596,13535,2,3,1,13541,A
6-NA,597,13553,2,7,1,13563,A
6-NA,598,13533,1,1,0,13535,A
6-NA,599,13553,1,3,3,13560,A
6-NA,600,2,13552,0,2,13556,T
6-NA,601,4,1,13556,0,13561,G
6-NA,602,1,1,0,13529,13531,C
6-NA,603,13490,0,7,2,13499,A
6-NA,604,13536,2,10,0,13548,A
6-NA,605,0,3,0,13661,13664,C
6-NA,606,2,13624,1,4,13631,T
6-NA,607,2,1,13679,0,13682,G
6-NA,608,1,0,0,13670,13671,C
6-NA,609,1,13665,2,4,13672,T
6-NA,610,13671,0,10,1,13682,A
6-NA,611,4,1,13674,3,13682,G
6-NA,612,1,2,0,13773,13776,C
6-NA,613,2,13753,1,16,13772,T
6-NA,614,4,13697,1,9,13711,T
6-NA,615,1,1,0,13857,13859,C
6-NA,616,13940,2,1,0,13943,A
6-NA,617,2,13925,0,2,13929,T
6-NA,618,1,13937,0,2,13940,T
6-NA,619,0,14022,0,2,14024,T
6-NA,620,14074,3,4,0,14081,A
6-NA,621,1,3,1,14187,14192,C
6-NA,622,14087,0,7,0,14094,A
6-NA,623,14210,1,9,0,14220,A
6-NA,624,2,14066,1,2,14071,T
6-NA,625,1,9,14029,2,14041,G
6-NA,626,4,3,13994,0,14001,G
6-NA,627,2,0,13996,1,13999,G
6-NA,628,13879,1,25,1,13906,A
6-NA,629,4,1,14275,0,14280,G
6-NA,630,2,1,14406,0,14409,G
6-NA,631,1,0,0,15451,15452,C
6-NA,632,1,15412,1,12,15426,T
6-NA,633,0,15586,2,5,15593,T
6-NA,634,23,0,15741,0,15764,G
6-NA,635,3,15748,0,7,15758,T
6-NA,636,16012,3,16,1,16032,A
6-NA,637,2,1,16124,0,16127,G
6-NA,638,15706,4,12,4,15726,A
6-NA,639,2,15746,3,2,15753,T
6-NA,640,14381,0,4,0,14385,A
6-NA,641,1,17,14434,1,14453,G
6-NA,642,5,14280,0,10,14295,T
6-NA,643,3,0,13974,1,13978,G
6-NA,644,2,14651,0,6,14659,T
6-NA,645,1,14620,1,4,14626,T
6-NA,646,8,0,14857,0,14865,G
6-NA,647,0,14800,2,43,14845,T
6-NA,648,1,14851,1,6,14859,T
6-NA,649,1,14882,1,14,14898,T
6-NA,650,3,0,1,14664,14668,C
6-NA,651,14621,0,14,2,14637,A
6-NA,652,1,14568,0,2,14571,T
6-NA,653,2,1,14569,0,14572,G
6-NA,654,3,2,15501,0,15506,G
6-NA,655,2,15371,0,11,15384,T
6-NA,656,8,2,1,15352,15363,C
6-NA,657,10,9,0,15371,15390,C
6-NA,658,15508,1,3,0,15512,A
6-NA,659,15556,3,5,1,15565,A
6-NA,660,15578,0,5,1,15584,A
6-NA,661,1,2,15669,1,15673,G
6-NA,662,15583,0,29,0,15612,A
6-NA,663,15052,1,6,0,15059,A
6-NA,664,15033,0,7,0,15040,A
6-NA,665,2,14989,1,11,15003,T
6-NA,666,2,2,1,15574,15579,C
6-NA,667,4,1,0,15592,15597,C
6-NA,668,0,15460,0,12,15472,T
6-NA,669,5,1,0,15547,15553,C
6-NA,670,15485,2,15,1,15503,A
6-NA,671,1,3,15622,0,15626,G
6-NA,672,1,5,15583,0,15589,G
6-NA,673,15976,3,8,0,15987,A
6-NA,674,2,5,1,15991,15999,C
6-NA,675,2,5,0,15695,15702,C
6-NA,676,5,2,0,15726,15733,C
6-NA,677,15781,4,14,0,15799,A
6-NA,678,2,1,15793,0,15796,G
6-NA,679,3,9,15838,1,15851,G
6-NA,680,15689,2,16,2,15709,A
6-NA,681,5,0,15973,1,15979,G
6-NA,682,2,15644,0,13,15659,T
6-NA,683,5,2,0,15704,15711,C
6-NA,684,15706,0,20,0,15726,A
6-NA,685,4,3,15850,0,15857,G
6-NA,686,15734,2,11,3,15750,A
6-NA,687,15775,1,3,0,15779,A
6-NA,688,1,15724,0,6,15731,T
6-NA,689,3,1,15833,0,15837,G
6-NA,690,1,13,0,15756,15770,C
6-NA,691,12,1,15898,0,15911,G
6-NA,692,3,15828,0,3,15834,T
6-NA,693,1,15857,1,5,15864,T
6-NA,694,1,15773,0,0,15774,T
6-NA,695,4,6,15923,0,15933,G
6-NA,696,4,15942,1,14,15961,T
6-NA,697,15990,0,6,0,15996,A
6-NA,698,3,15886,1,7,15897,T
6-NA,699,4,21,0,15856,15881,C
6-NA,700,15821,1,8,1,15831,A
6-NA,701,15850,3,1,1,15855,A
6-NA,702,0,15847,1,2,15850,T
6-NA,703,3,2,15847,1,15853,G
6-NA,704,3,2,15888,0,15893,G
6-NA,705,16153,4,15,1,16173,A
6-NA,706,16205,2,9,0,16216,A
6-NA,707,4,1,0,16374,16379,C
6-NA,708,2,16381,1,11,16395,T
6-NA,709,3,16388,0,4,16395,T
6-NA,710,1,1,17039,0,17041,G
6-NA,711,1,17033,0,6,17040,T
6-NA,712,17025,1,17,0,17043,A
6-NA,713,1,41,0,17231,17273,C
6-NA,714,16810,3,6,2,16821,A
6-NA,715,1,3,18192,0,18196,G
6-NA,716,2,18039,0,7,18048,T
6-NA,717,18818,0,4,1,18823,A
6-NA,718,1,0,18927,0,18928,G
6-NA,719,1,18521,1,5,18528,T
6-NA,720,18493,0,1,0,18494,A
6-NA,721,18485,0,3,1,18489,A
6-NA,722,5,18355,0,8,18368,T
6-NA,723,5,7,18443,0,18455,G
6-NA,724,17843,1,3,1,17848,A
6-NA,725,2,2,0,18070,18074,C
6-NA,726,2,17395,0,9,17406,T
6-NA,727,37,2,17482,0,17521,G
6-NA,728,17380,5,21,3,17409,A
6-NA,729,0,17526,0,12,17538,T
6-NA,730,3,6,17573,1,17583,G
6-NA,731,8,6,17393,1,17408,G
6-NA,732,6,7,17436,1,17450,G
6-NA,733,17048,4,18,0,17070,A
6-NA,734,47,1,17082,0,17130,G
6-NA,735,2,17027,0,8,17037,T
6-NA,736,1,1,17134,2,17138,G
6-NA,737,2,2,3,17220,17227,C
6-NA,738,1,17203,5,3,17212,T
6-NA,739,3,17182,0,4,17189,T
6-NA,740,13,6,0,17199,17218,C
6-NA,741,17189,2,25,3,17219,A
6-NA,742,2,2,17315,0,17319,G
6-NA,743,2,3,17320,0,17325,G
6-NA,744,17291,0,4,1,17296,A
6-NA,745,17137,1,1,0,17139,A
6-NA,746,16994,3,1,0,16998,A
6-NA,747,17066,1,31,1,17099,A
6-NA,748,2,0,17199,0,17201,G
6-NA,749,2,11,0,17183,17196,C
6-NA,750,2,17116,3,5,17126,T
6-NA,751,6,2,17104,0,17112,G
6-NA,752,17029,4,12,1,17046,A
6-NA,753,4,17287,1,1,17293,T
6-NA,754,17382,2,5,0,17389,A
6-NA,755,0,2,0,18271,18273,C
6-NA,756,1,18135,0,2,18138,T
6-NA,757,18180,0,1,0,18181,A
6-NA,758,18136,1,2,2,18141,A
6-NA,759,18127,0,39,2,18168,A
6-NA,760,18740,1,9,1,18751,A
6-NA,761,1,18744,2,2,18749,T
6-NA,762,18744,2,5,0,18751,A
6-NA,763,1,3,1,18856,18861,C
6-NA,764,2,18005,0,26,18033,T
6-NA,765,18284,3,4,3,18294,A
6-NA,766,4,18129,4,14,18151,T
6-NA,767,5,19110,0,13,19128,T
6-NA,768,3,0,1,19303,19307,C
6-NA,769,18794,1,13,0,18808,A
6-NA,770,2,18757,2,10,18771,T
6-NA,771,1,18697,0,10,18708,T
6-NA,772,2,5,18813,1,18821,G
6-NA,773,18576,3,21,2,18602,A
6-NA,774,29,2,18587,0,18618,G
6-NA,775,2,2,18579,1,18584,G
6-NA,776,17627,3,19,2,17651,A
6-NA,777,4,7,18030,1,18042,G
6-NA,778,2,9,18080,0,18091,G
6-NA,779,3,6,18084,0,18093,G
6-NA,780,3,3,18127,0,18133,G
6-NA,781,18043,4,8,0,18055,A
6-NA,782,18077,2,38,2,18119,A
6-NA,783,18070,4,11,0,18085,A
6-NA,784,18081,2,9,1,18093,A
6-NA,785,1,18069,3,2,18075,T
6-NA,786,5,2,0,17941,17948,C
6-NA,787,6,2,18117,0,18125,G
6-NA,788,1,18079,0,4,18084,T
6-NA,789,2,18035,1,11,18049,T
6-NA,790,5,0,0,18088,18093,C
6-NA,791,18095,3,6,0,18104,A
6-NA,792,1,19411,0,2,19414,T
6-NA,793,19391,1,1,0,19393,A
6-NA,794,0,4,3,19462,19469,C
6-NA,795,2,19381,0,16,19399,T
6-NA,796,19357,3,9,0,19369,A
6-NA,797,1,6,19325,1,19333,G
6-NA,798,0,8,0,19345,19353,C
6-NA,799,19352,3,10,1,19366,A
6-NA,800,0,1,1,19419,19421,C
6-NA,801,18515,2,2,0,18519,A
6-NA,802,2,18760,0,0,18762,T
6-NA,803,1,18677,0,10,18688,T
6-NA,804,2,3,19902,1,19908,G
6-NA,805,2,19827,1,11,19841,T
6-NA,806,5,3,0,19843,19851,C
6-NA,807,19818,2,20,1,19841,A
6-NA,808,7,6,19856,0,19869,G
6-NA,809,3,6,19883,0,19892,G
6-NA,810,19766,6,5,1,19778,A
6-NA,811,19454,0,46,1,19501,A
6-NA,812,1,1,19758,0,19760,G
6-NA,813,2,18590,0,11,18603,T
6-NA,814,3,1,18650,2,18656,G
6-NA,815,1,4,0,18643,18648,C
6-NA,816,3,18555,3,30,18591,T
6-NA,817,5,3,0,18697,18705,C
6-NA,818,18646,1,6,0,18653,A
6-NA,819,1,2,18750,0,18753,G
6-NA,820,0,3,5,18741,18749,C
6-NA,821,18688,0,6,1,18695,A
6-NA,822,0,18680,2,2,18684,T
6-NA,823,7,1,19330,0,19338,G
6-NA,824,2,19304,1,8,19315,T
6-NA,825,6,4,0,19338,19348,C
6-NA,826,7,7,19307,0,19321,G
6-NA,827,19250,2,5,2,19259,A
6-NA,828,3,3,19210,0,19216,G
6-NA,829,1,1,19236,0,19238,G
6-NA,830,19024,3,11,1,19039,A
6-NA,831,53,2,19285,1,19341,G
6-NA,832,2,18669,0,14,18685,T
6-NA,833,13,1,18692,0,18706,G
6-NA,834,3,3,1,18947,18954,C
6-NA,835,4,18853,0,14,18871,T
6-NA,836,4,3,1,18987,18995,C
6-NA,837,2,5,0,19050,19057,C
6-NA,838,3,19084,1,4,19092,T
6-NA,839,17,0,19150,1,19168,G
6-NA,840,1,2,0,18986,18989,C
6-NA,841,1,18851,0,17,18869,T
6-NA,842,19061,0,3,0,19064,A
6-NA,843,1,18681,1,3,18686,T
6-NA,844,3,2,0,18850,18855,C
6-NA,845,2,4,1,18823,18830,C
6-NA,846,3,18756,2,15,18776,T
6-NA,847,4,6,0,18916,18926,C
6-NA,848,3,4,18885,2,18894,G
6-NA,849,19068,1,3,1,19073,A
6-NA,850,1,19087,0,20,19108,T
6-NA,851,19112,1,20,0,19133,A
6-NA,852,2,19052,1,5,19060,T
6-NA,853,6,22,17,19031,19076,C
6-NA,854,2,3,0,19045,19050,C
6-NA,855,3,18899,2,27,18931,T
6-NA,856,8,2,19020,1,19031,G
6-NA,857,3,7,19085,0,19095,G
6-NA,858,2,19346,0,24,19372,T
6-NA,859,3,2,19374,1,19380,G
6-NA,860,3,19245,0,15,19263,T
6-NA,861,2,2,0,19260,19264,C
6-NA,862,19264,3,6,2,19275,A
6-NA,863,2,4,19280,0,19286,G
6-NA,864,19233,6,6,1,19246,A
6-NA,865,1,19061,0,5,19067,T
6-NA,866,0,1,19084,1,19086,G
6-NA,867,0,18770,0,10,18780,T
6-NA,868,8,1,18723,5,18737,G
6-NA,869,2,18698,2,36,18738,T
6-NA,870,34,2,0,18801,18837,C
6-NA,871,6,18748,3,32,18789,T
6-NA,872,6,1,18833,0,18840,G
6-NA,873,1,8,0,18791,18800,C
6-NA,874,18789,3,8,0,18800,A
6-NA,875,2,2,18812,0,18816,G
6-NA,876,18313,2,23,1,18339,A
6-NA,877,1,3,18414,4,18422,G
6-NA,878,18408,2,7,3,18420,A
6-NA,879,1,1,1,18498,18501,C
6-NA,880,18531,1,9,0,18541,A
6-NA,881,18620,7,16,0,18643,A
6-NA,882,0,4,0,18689,18693,C
6-NA,883,0,18695,2,5,18702,T
6-NA,884,4,3,18686,1,18694,G
6-NA,885,3,5,18645,1,18654,G
6-NA,886,18566,0,8,1,18575,A
6-NA,887,18541,2,9,0,18552,A
6-NA,888,18044,0,22,0,18066,A
6-NA,889,1,2,18360,1,18364,G
6-NA,890,2,2,18243,0,18247,G
6-NA,891,2,3,1,18207,18213,C
6-NA,892,4,18051,1,26,18082,T
6-NA,893,7,3,1,18468,18479,C
6-NA,894,3,6,0,18662,18671,C
6-NA,895,18749,1,8,1,18759,A
6-NA,896,18703,2,2,0,18707,A
6-NA,897,0,18743,1,2,18746,T
6-NA,898,17957,1,8,3,17969,A
6-NA,899,2,4,17885,0,17891,G
6-NA,900,6,10,17839,0,17855,G
6-NA,901,3,9,0,17861,17873,C
6-NA,902,7,1,1,17428,17437,C
6-NA,903,9,2,1,17212,17224,C
6-NA,904,17396,0,8,0,17404,A
6-NA,905,1,17529,1,12,17543,T
6-NA,906,1,4,0,17596,17601,C
6-NA,907,7,0,17673,0,17680,G
6-NA,908,0,17552,1,8,17561,T
6-NA,909,17185,1,14,0,17200,A
6-NA,910,0,4,17622,0,17626,G
6-NA,911,17646,1,6,2,17655,A
6-NA,912,4,17711,0,8,17723,T
6-NA,913,17337,1,3,0,17341,A
6-NA,914,2,17150,1,1,17154,T
6-NA,915,17128,0,2,1,17131,A
6-NA,916,17080,3,5,1,17089,A
6-NA,917,17567,1,9,3,17580,A
6-NA,918,1,5,0,17980,17986,C
6-NA,919,17253,1,0,0,17254,A
6-NA,920,1,17200,1,1,17203,T
6-NA,921,16995,0,4,0,16999,A
6-NA,922,17024,3,9,0,17036,A
6-NA,923,16996,3,18,0,17017,A
6-NA,924,1,5,17198,2,17206,G
6-NA,925,3,4,17354,0,17361,G
6-NA,926,16589,2,14,0,16605,A
6-NA,927,1,16428,0,8,16437,T
6-NA,928,35,4,0,16535,16574,C
6-NA,929,16665,2,9,1,16677,A
6-NA,930,2,16676,0,7,16685,T
6-NA,931,16638,0,9,1,16648,A
6-NA,932,3,0,16764,0,16767,G
6-NA,933,0,1,0,16432,16433,C
6-NA,934,16027,2,3,0,16032,A
6-NA,935,0,15504,2,4,15510,T
6-NA,936,1,15548,0,5,15554,T
6-NA,937,2,15,15999,0,16016,G
6-NA,938,3,16020,2,5,16030,T
6-NA,939,1,16190,0,8,16199,T
6-NA,940,1,16180,0,17,16198,T
6-NA,941,3,1,1,16137,16142,C
6-NA,942,6,2,0,16231,16239,C
6-NA,943,16407,1,4,2,16414,A
6-NA,944,1,1,16657,1,16660,G
6-NA,945,1,16605,0,5,16611,T
6-NA,946,0,16022,1,5,16028,T
6-NA,947,16041,3,3,1,16048,A
6-NA,948,1,15767,0,3,15771,T
6-NA,949,1,0,15794,0,15795,G
6-NA,950,1,15666,1,8,15676,T
6-NA,951,4,1,15706,1,15712,G
6-NA,952,2,15218,2,9,15231,T
6-NA,953,1,0,15566,0,15567,G
6-NA,954,2,15534,0,10,15546,T
6-NA,955,3,15412,2,14,15431,T
6-NA,956,4,2,0,15435,15441,C
6-NA,957,15308,1,22,2,15333,A
6-NA,958,4,1,15417,1,15423,G
6-NA,959,14,3,15392,0,15409,G
6-NA,960,15232,2,4,2,15240,A
6-NA,961,0,2,0,15327,15329,C
6-NA,962,1,14728,2,8,14739,T
6-NA,963,0,14780,1,1,14782,T
6-NA,964,3,2,15280,0,15285,G
6-NA,965,3,15307,1,3,15314,T
6-NA,966,2,15265,1,12,15280,T
6-NA,967,3,6,15155,3,15167,G
6-NA,968,2,5,15140,1,15148,G
6-NA,969,15091,4,38,1,15134,A
6-NA,970,1,4,15214,0,15219,G
6-NA,971,15180,3,31,0,15214,A
6-NA,972,1,4,0,15212,15217,C
6-NA,973,14624,2,12,0,14638,A
6-NA,974,4,3,1,14683,14691,C
6-NA,975,14716,0,17,1,14734,A
6-NA,976,5,2,0,14769,14776,C
6-NA,977,5,3,0,14675,14683,C
6-NA,978,9,6,0,14696,14711,C
6-NA,979,14682,1,10,1,14694,A
6-NA,980,1,1,14771,0,14773,G
6-NA,981,14716,2,8,0,14726,A
6-NA,982,14800,0,1,0,14801,A
6-NA,983,14706,0,3,0,14709,A
6-NA,984,14684,0,4,0,14688,A
6-NA,985,14566,1,13,0,14580,A
6-NA,986,14683,0,4,1,14688,A
6-NA,987,2,0,0,14742,14744,C
6-NA,988,0,6,14707,0,14713,G
6-NA,989,14625,2,7,1,14635,A
6-NA,990,2,4,0,14629,14635,C
6-NA,991,14549,2,10,0,14561,A
6-NA,992,3,0,14723,0,14726,G
6-NA,993,1,5,1,15098,15105,C
6-NA,994,1,14967,1,16,14985,T
6-NA,995,7,3,0,15086,15096,C
6-NA,996,3,5,0,15148,15156,C
6-NA,997,15174,0,24,0,15198,A
6-NA,998,1,2,15319,0,15322,G
6-NA,999,0,0,2,15331,15333,C
6-NA,1000,15290,1,6,0,15297,A
6-NA,1001,2,1,15284,0,15287,G
6-NA,1002,1,14528,1,6,14536,T
6-NA,1003,14572,1,7,1,14581,A
6-NA,1004,1,1,14581,0,14583,G
6-NA,1005,4,2,0,14567,14573,C
6-NA,1006,1,6,0,14589,14596,C
6-NA,1007,14402,1,4,0,14407,A
6-NA,1008,1,14377,3,6,14387,T
6-NA,1009,1,14397,0,3,14401,T
6-NA,1010,2,2,14766,0,14770,G
6-NA,1011,3,14606,4,5,14618,T
6-NA,1012,0,14627,0,4,14631,T
6-NA,1013,8,14580,2,13,14603,T
6-NA,1014,3,5,14440,0,14448,G
6-NA,1015,1,3,14582,2,14588,G
6-NA,1016,14488,0,34,0,14522,A
6-NA,1017,0,14542,1,8,14551,T
6-NA,1018,3,4,0,14605,14612,C
6-NA,1019,4,0,0,14290,14294,C
6-NA,1020,11,14293,0,11,14315,T
6-NA,1021,14340,1,25,0,14366,A
6-NA,1022,14382,3,5,1,14391,A
6-NA,1023,2,3,1,14627,14633,C
6-NA,1024,14273,1,6,0,14280,A
6-NA,1025,14452,2,2,0,14456,A
6-NA,1026,0,14382,0,6,14388,T
6-NA,1027,3,1,14573,0,14577,G
6-NA,1028,14491,1,7,1,14500,A
6-NA,1029,14444,0,17,1,14462,A
6-NA,1030,2,2,14545,0,14549,G
6-NA,1031,14421,0,10,0,14431,A
6-NA,1032,13921,10,12,1,13944,A
6-NA,1033,1,3,14015,1,14020,G
6-NA,1034,24,1,13978,0,14003,G
6-NA,1035,2,13804,2,3,13811,T
6-NA,1036,5,1,13724,0,13730,G
6-NA,1037,2,2,14131,0,14135,G
6-NA,1038,0,14029,1,18,14048,T
6-NA,1039,6,4,0,13938,13948,C
6-NA,1040,14020,0,3,1,14024,A
6-NA,1041,1,13937,2,10,13950,T
6-NA,1042,1,2,13956,0,13959,G
6-NA,1043,1,2,14061,1,14065,G
6-NA,1044,13880,1,29,1,13911,A
6-NA,1045,2,0,14398,0,14400,G
6-NA,1046,1,13764,0,7,13772,T
6-NA,1047,3,34,13770,0,13807,G
6-NA,1048,13734,1,7,27,13769,A
6-NA,1049,13750,0,10,1,13761,A
6-NA,1050,13774,4,36,3,13817,A
6-NA,1051,1,1,13863,0,13865,G
6-NA,1052,0,1,13733,1,13735,G
6-NA,1053,0,4,0,13657,13661,C
6-NA,1054,1,13086,2,9,13098,T
6-NA,1055,11,7,13089,1,13108,G
6-NA,1056,6,0,13083,0,13089,G
6-NA,1057,10,3,13201,1,13215,G
6-NA,1058,4,6,1,13180,13191,C
6-NA,1059,7,5,0,13220,13232,C
6-NA,1060,0,13013,5,26,13044,T
6-NA,1061,0,13077,0,4,13081,T
6-NA,1062,0,13086,2,2,13090,T
6-NA,1063,1,2,13148,0,13151,G
6-NA,1064,13101,2,3,0,13106,A
6-NA,1065,0,12954,0,2,12956,T
6-NA,1066,1,3,12621,0,12625,G
6-NA,1067,12432,1,8,0,12441,A
6-NA,1068,3,12482,0,3,12488,T
6-NA,1069,2,2,12517,0,12521,G
6-NA,1070,3,1,12732,0,12736,G
6-NA,1071,12671,0,3,0,12674,A
6-NA,1072,12617,0,5,1,12623,A
6-NA,1073,12668,1,4,2,12675,A
6-NA,1074,2,12627,3,5,12637,T
6-NA,1075,0,5,12732,0,12737,G
6-NA,1076,12683,3,11,1,12698,A
6-NA,1077,0,2,0,12638,12640,C
6-NA,1078,4,0,12693,0,12697,G
6-NA,1079,2,12308,1,13,12324,T
6-NA,1080,3,0,12440,0,12443,G
6-NA,1081,1,12404,0,6,12411,T
6-NA,1082,3,3,12427,0,12433,G
6-NA,1083,1,4,12490,2,12497,G
6-NA,1084,12338,2,7,0,12347,A
6-NA,1085,2,12369,2,7,12380,T
6-NA,1086,1,0,12334,1,12336,G
6-NA,1087,3,4,12270,0,12277,G
6-NA,1088,0,3,12394,0,12397,G
6-NA,1089,12295,2,7,1,12305,A
6-NA,1090,12296,2,5,0,12303,A
6-NA,1091,0,2,12321,0,12323,G
6-NA,1092,12137,2,5,0,12144,A
6-NA,1093,12145,2,6,0,12153,A
6-NA,1094,1,4,0,12112,12117,C
6-NA,1095,1,6,12059,0,12066,G
6-NA,1096,12008,1,5,2,12016,A
6-NA,1097,2,11793,1,2,11798,T
6-NA,1098,2,4,1,11850,11857,C
6-NA,1099,11847,1,20,0,11868,A
6-NA,1100,20,0,11894,0,11914,G
6-NA,1101,0,1,1,11868,11870,C
6-NA,1102,4,4,11880,0,11888,G
6-NA,1103,11775,1,6,1,11783,A
6-NA,1104,0,2,11827,0,11829,G
6-NA,1105,11760,0,5,1,11766,A
6-NA,1106,11787,2,22,0,11811,A
6-NA,1107,0,1,11910,1,11912,G
6-NA,1108,4,11810,0,6,11820,T
6-NA,1109,2,4,0,11714,11720,C
6-NA,1110,11694,1,8,1,11704,A
6-NA,1111,4,4,0,12052,12060,C
6-NA,1112,2,1,12087,0,12090,G
6-NA,1113,0,2,0,12067,12069,C
6-NA,1114,0,11982,1,15,11998,T
6-NA,1115,0,12038,0,2,12040,T
6-NA,1116,11845,0,11,0,11856,A
6-NA,1117,29,5,12165,0,12199,G
6-NA,1118,0,3,12178,0,12181,G
6-NA,1119,15,3,12463,0,12481,G
6-NA,1120,1,11643,1,3,11648,T
6-NA,1121,11630,0,3,0,11633,A
6-NA,1122,0,11554,0,8,11562,T
6-NA,1123,1,2,11561,1,11565,G
6-NA,1124,11542,0,4,0,11546,A
6-NA,1125,11495,1,3,0,11499,A
6-NA,1126,10850,2,10,1,10863,A
6-NA,1127,0,1,0,10907,10908,C
6-NA,1128,1,0,1,10582,10584,C
6-NA,1129,2,10357,0,6,10365,T
6-NA,1130,2,10326,1,8,10337,T
6-NA,1131,1,1,2,10368,10372,C
6-NA,1132,10380,2,4,0,10386,A
6-NA,1133,10397,1,2,0,10400,A
6-NA,1134,10387,2,3,0,10392,A
6-NA,1135,3,0,10482,0,10485,G
6-NA,1136,3,10179,0,8,10190,T
6-NA,1137,4,0,1,10203,10208,C
6-NA,1138,10395,3,4,0,10402,A
6-NA,1139,0,10382,1,5,10388,T
6-NA,1140,2,10394,1,2,10399,T
6-NA,1141,2,2,10400,0,10404,G
6-NA,1142,10372,1,4,1,10378,A
6-NA,1143,10397,3,10,0,10410,A
6-NA,1144,2,3,10396,0,10401,G
6-NA,1145,2,0,10352,0,10354,G
6-NA,1146,1,1,0,10302,10304,C
6-NA,1147,0,9918,0,9,9927,T
6-NA,1148,18,2,9963,0,9983,G
6-NA,1149,1,0,10253,0,10254,G
6-NA,1150,2,10212,0,26,10240,T
6-NA,1151,3,1,3,10187,10194,C
6-NA,1152,3,1,1,10125,10130,C
6-NA,1153,10100,0,6,0,10106,A
6-NA,1154,10183,0,6,0,10189,A
6-NA,1155,5,3,0,10222,10230,C
6-NA,1156,4,1,0,10192,10197,C
6-NA,1157,4,2,0,10172,10178,C
6-NA,1158,0,9577,0,3,9580,T
6-NA,1159,9572,0,1,2,9575,A
6-NA,1160,9567,1,3,0,9571,A
6-NA,1161,3,2,9648,0,9653,G
6-NA,1162,3,9524,1,16,9544,T
6-NA,1163,4,2,1,9515,9522,C
6-NA,1164,2,5,0,9287,9294,C
6-NA,1165,9270,1,3,1,9275,A
6-NA,1166,9228,2,1,0,9231,A
6-NA,1167,9250,0,2,2,9254,A
6-NA,1168,0,9246,0,1,9247,T
6-NA,1169,0,9220,0,2,9222,T
6-NA,1170,0,0,9167,1,9168,G
6-NA,1171,0,3,0,9097,9100,C
6-NA,1172,9063,1,24,1,9089,A
6-NA,1173,1,1,9143,0,9145,G
6-NA,1174,9086,0,5,0,9091,A
6-NA,1175,4,9259,1,0,9264,T
6-NA,1176,9260,0,1,0,9261,A
6-NA,1177,9216,3,1,0,9220,A
6-NA,1178,9233,0,3,0,9236,A
6-NA,1179,0,9158,0,0,9158,T
6-NA,1180,9104,1,7,1,9113,A
6-NA,1181,2,2,9113,1,9118,G
6-NA,1182,2,1,9025,0,9028,G
6-NA,1183,1,1,0,8983,8985,C
6-NA,1184,8639,2,1,0,8642,A
6-NA,1185,8690,1,4,1,8696,A
6-NA,1186,8,0,8769,0,8777,G
6-NA,1187,1,8741,2,6,8750,T
6-NA,1188,8,2,0,8743,8753,C
6-NA,1189,8751,1,7,2,8761,A
6-NA,1190,3,8728,1,2,8734,T
6-NA,1191,8769,2,7,0,8778,A
6-NA,1192,0,0,8809,0,8809,G
6-NA,1193,3,8788,0,1,8792,T
6-NA,1194,2,8343,0,1,8346,T
6-NA,1195,1,1,8123,0,8125,G
6-NA,1196,8055,4,6,0,8065,A
6-NA,1197,0,0,0,8067,8067,C
6-NA,1198,7868,1,5,0,7874,A
6-NA,1199,0,3,7956,0,7959,G
6-NA,1200,7734,0,5,1,7740,A
6-NA,1201,1,1,8061,0,8063,G
6-NA,1202,2,0,8061,0,8063,G
6-NA,1203,0,8016,0,0,8016,T
6-NA,1204,7956,0,5,0,7961,A
6-NA,1205,7947,0,6,0,7953,A
6-NA,1206,0,7943,0,2,7945,T
6-NA,1207,7907,0,6,0,7913,A
6-NA,1208,1,1,7565,0,7567,G
6-NA,1209,2,0,7182,0,7184,G
6-NA,1210,0,5802,1,1,5804,T
6-NA,1211,1,2,0,5719,5722,C
6-NA,1212,2,0,0,5631,5633,C
6-NA,1213,2,0,5650,0,5652,G
6-NA,1214,3,0,5673,0,5676,G
6-NA,1215,0,5630,0,7,5637,T
6-NA,1216,0,5601,0,3,5604,T
6-NA,1217,5454,0,1,0,5455,A
6-NA,1218,0,5249,0,2,5251,T
6-NA,1219,0,5236,0,0,5236,T
6-NA,1220,1,1,0,5230,5232,C
6-NA,1221,0,4733,0,6,4739,T
6-NA,1222,1,0,4738,0,4739,G
6-NA,1223,1,0,4748,0,4749,G
6-NA,1224,1,4689,0,3,4693,T
6-NA,1225,4692,1,1,1,4695,A
6-NA,1226,0,4579,1,3,4583,T
6-NA,1227,0,4587,0,7,4594,T
6-NA,1228,2,4582,0,4,4588,T
6-NA,1229,1,4613,0,6,4620,T
6-NA,1230,0,0,0,4628,4628,C
6-NA,1231,0,4535,0,3,4538,T
6-NA,1232,1,0,0,4602,4603,C
6-NA,1233,0,4568,0,0,4568,T
6-NA,1234,0,0,4656,0,4656,G
6-NA,1235,0,4653,0,6,4659,T
6-NA,1236,0,4629,0,0,4629,T
6-NA,1237,0,0,4629,0,4629,G
6-NA,1238,4558,0,4,1,4563,A
6-NA,1239,4560,1,8,1,4570,A
6-NA,1240,0,0,4640,0,4640,G
6-NA,1241,2,1,4624,0,4627,G
6-NA,1242,0,1,0,4624,4625,C
6-NA,1243,4563,0,1,1,4565,A
6-NA,1244,4562,1,5,0,4568,A
6-NA,1245,4575,0,2,0,4577,A
6-NA,1246,4589,0,8,0,4597,A
6-NA,1247,0,0,4603,0,4603,G
6-NA,1248,1,0,0,4594,4595,C
6-NA,1249,1,4528,0,3,4532,T
6-NA,1250,1,0,4588,0,4589,G
6-NA,1251,0,1,0,4584,4585,C
6-NA,1252,4597,1,1,0,4599,A
6-NA,1253,0,4570,0,4,4574,T
6-NA,1254,2,0,0,4562,4564,C
6-NA,1255,4568,0,1,0,4569,A
6-NA,1256,4588,0,1,0,4589,A
6-NA,1257,0,4568,0,1,4569,T
6-NA,1258,0,0,0,4588,4588,C
6-NA,1259,1,2,4531,0,4534,G
6-NA,1260,0,0,4646,0,4646,G
6-NA,1261,0,4622,0,3,4625,T
6-NA,1262,0,0,4664,0,4664,G
6-NA,1263,0,1,0,4687,4688,C
6-NA,1264,0,4641,0,22,4663,T
6-NA,1265,0,4736,0,6,4742,T
6-NA,1266,1,4738,0,2,4741,T
6-NA,1267,0,4782,2,0,4784,T
6-NA,1268,4821,0,1,0,4822,A
6-NA,1269,0,4620,0,3,4623,T
6-NA,1270,0,0,4634,0,4634,G
6-NA,1271,1,4545,0,8,4554,T
6-NA,1272,4,1,4498,0,4503,G
6-NA,1273,0,2,4572,0,4574,G
6-NA,1274,4439,1,2,1,4443,A
6-NA,1275,0,0,4545,0,4545,G
6-NA,1276,0,4513,1,1,4515,T
6-NA,1277,1,4486,0,4,4491,T
6-NA,1278,2,5,4539,1,4547,G
6-NA,1279,4506,2,13,0,4521,A
6-NA,1280,0,4535,0,0,4535,T
6-NA,1281,4521,0,0,0,4521,A
6-NA,1282,4371,0,8,0,4379,A
6-NA,1283,1,0,4434,0,4435,G
6-NA,1284,0,0,4388,0,4388,G
6-NA,1285,1,0,4330,0,4331,G
6-NA,1286,0,1,4326,0,4327,G
6-NA,1287,4252,3,4,1,4260,A
6-NA,1288,4256,1,7,0,4264,A
6-NA,1289,2,1,4313,0,4316,G
6-NA,1290,4299,0,1,0,4300,A
6-NA,1291,4304,0,1,0,4305,A
6-NA,1292,4250,0,11,0,4261,A
6-NA,1293,4176,1,5,2,4184,A
6-NA,1294,0,3,4199,0,4202,G
6-NA,1295,4141,2,3,0,4146,A
6-NA,1296,3,1,4145,0,4149,G
6-NA,1297,2,2,4145,0,4149,G
6-NA,1298,4090,1,3,0,4094,A
6-NA,1299,4088,0,1,0,4089,A
6-NA,1300,4109,0,2,1,4112,A
6-NA,1301,1,0,0,4158,4159,C
6-NA,1302,2,4136,0,0,4138,T
6-NA,1303,1,0,4155,0,4156,G
6-NA,1304,4135,0,1,2,4138,A
6-NA,1305,4124,1,5,0,4130,A
6-NA,1306,0,0,4166,0,4166,G
6-NA,1307,0,4126,0,5,4131,T
6-NA,1308,3,1,0,4185,4189,C
6-NA,1309,0,4175,0,5,4180,T
6-NA,1310,0,4149,0,0,4149,T
6-NA,1311,0,0,4149,0,4149,G
6-NA,1312,0,4127,0,4,4131,T
6-NA,1313,1,0,4125,0,4126,G
6-NA,1314,1,1,4118,0,4120,G
6-NA,1315,4086,0,5,0,4091,A
6-NA,1316,1,1,0,4120,4122,C
6-NA,1317,0,0,0,4030,4030,C
6-NA,1318,0,4019,0,7,4026,T
6-NA,1319,1,2,0,4039,4042,C
6-NA,1320,4061,0,1,0,4062,A
6-NA,1321,4067,0,0,0,4067,A
6-NA,1322,4066,1,2,0,4069,A
6-NA,1323,0,1,0,4142,4143,C
6-NA,1324,4046,0,1,0,4047,A
6-NA,1325,0,0,4159,0,4159,G
6-NA,1326,0,4082,0,0,4082,T
6-NA,1327,4092,0,2,1,4095,A
6-NA,1328,2,4089,0,0,4091,T
6-NA,1329,2,4025,0,0,4027,T
6-NA,1330,3,0,4068,0,4071,G
6-NA,1331,0,4053,0,3,4056,T
6-NA,1332,1,3864,0,1,3866,T
6-NA,1333,1,0,3885,0,3886,G
6-NA,1334,1,3585,0,3,3589,T
6-NA,1335,0,1,3622,0,3623,G
6-NA,1336,1,3593,0,4,3598,T
6-NA,1337,0,3539,0,9,3548,T
6-NA,1338,0,3554,0,4,3558,T
6-NA,1339,1,3452,0,2,3455,T
6-NA,1340,1,0,3461,0,3462,G
6-NA,1341,0,3463,0,2,3465,T
6-NA,1342,0,2,3434,1,3437,G
6-NA,1343,3,0,3436,0,3439,G
6-NA,1344,0,2,0,3372,3374,C
6-NA,1345,3400,0,2,0,3402,A
6-NA,1346,0,1,0,3436,3437,C
6-NA,1347,4,0,0,3429,3433,C
6-NA,1348,0,3426,0,5,3431,T
6-NA,1349,1,1,1,3456,3459,C
6-NA,1350,3461,0,5,0,3466,A
6-NA,1351,0,1,3513,0,3514,G
6-NA,1352,0,0,3512,1,3513,G
6-NA,1353,2,3509,0,0,3511,T
6-NA,1354,3497,0,2,0,3499,A
6-NA,1355,0,0,1,3335,3336,C
6-NA,1356,3331,0,0,0,3331,A
6-NA,1357,0,3325,0,0,3325,T
6-NA,1358,3252,0,1,0,3253,A
6-NA,1359,0,3248,0,0,3248,T
6-NA,1360,0,2,3005,0,3007,G
6-NA,1361,1,1,3007,0,3009,G
6-NA,1362,2987,0,1,1,2989,A
6-NA,1363,2957,0,2,0,2959,A
6-NA,1364,0,0,0,2933,2933,C
6-NA,1365,2514,0,0,0,2514,A
6-NA,1366,0,1,2514,0,2515,G
6-NA,1367,1,0,2507,0,2508,G
6-NA,1368,2,0,0,2519,2521,C
6-NA,1369,0,2514,0,5,2519,T
6-NA,1370,3,0,0,2402,2405,C
6-NA,1371,2392,0,1,0,2393,A
6-NA,1372,0,2393,0,0,2393,T
6-NA,1373,1,0,2390,0,2391,G
6-NA,1374,0,0,2395,0,2395,G
6-NA,1375,0,1,0,2294,2295,C
6-NA,1376,1,0,0,2285,2286,C
6-NA,1377,0,2170,0,0,2170,T
6-NA,1378,0,0,2170,0,2170,G
6-NA,1379,2169,0,1,0,2170,A
6-NA,1380,0,2169,0,1,2170,T
6-NA,1381,1,0,2132,0,2133,G
6-NA,1382,0,0,2101,0,2101,G
6-NA,1383,0,0,1978,0,1978,G
6-NA,1384,1,1,1986,0,1988,G
6-NA,1385,1,1,0,1952,1954,C
6-NA,1386,0,0,1954,0,1954,G
6-NA,1387,1,1,1934,0,1936,G
6-NA,1388,1927,1,0,0,1928,A
6-NA,1389,0,1,0,1916,1917,C
6-NA,1390,1916,1,0,0,1917,A
6-NA,1391,0,1889,0,2,1891,T
6-NA,1392,0,0,0,1866,1866,C
6-NA,1393,1859,1,0,0,1860,A
6-NA,1394,1860,0,1,0,1861,A
6-NA,1395,0,1852,0,1,1853,T
6-NA,1396,0,1,0,1814,1815,C
6-NA,1397,0,1766,0,0,1766,T
6-NA,1398,0,0,0,1502,1502,C
6-NA,1399,1493,0,1,0,1494,A
6-NA,1400,1,1485,0,1,1487,T
6-NA,1401,4,0,1479,0,1483,G
6-NA,1402,0,1,0,1470,1471,C
6-NA,1403,0,1,0,1416,1417,C
6-NA,1404,0,1273,0,1,1274,T
6-NA,1405,1259,0,0,0,1259,A
6-NA,1406,0,1258,0,0,1258,T
6-NA,1407,1232,0,0,0,1232,A
6-NA,1408,0,1221,0,0,1221,T
6-NA,1409,1102,0,0,0,1102,A
6-NA,1410,1048,0,0,0,1048,A
7-M,1,89,0,0,0,89,A
7-M,2,0,90,0,0,90,T
7-M,3,0,0,89,0,89,G
7-M,4,91,0,0,0,91,A
7-M,5,0,0,97,0,97,G
7-M,6,0,0,0,106,106,C
7-M,7,0,0,0,109,109,C
7-M,8,0,136,0,0,136,T
7-M,9,0,139,0,0,139,T
7-M,10,0,0,0,139,139,C
7-M,11,0,138,0,0,138,T
7-M,12,139,0,0,0,139,A
7-M,13,139,0,0,0,139,A
7-M,14,0,0,0,142,142,C
7-M,15,0,0,0,141,141,C
7-M,16,0,0,142,0,142,G
7-M,17,141,0,0,0,141,A
7-M,18,0,0,146,0,146,G
7-M,19,0,0,146,0,146,G
7-M,20,0,148,0,0,148,T
7-M,21,0,0,0,147,147,C
7-M,22,0,0,148,0,148,G
7-M,23,153,0,1,0,154,A
7-M,24,153,0,1,0,154,A
7-M,25,154,0,0,0,154,A
7-M,26,0,0,0,171,171,C
7-M,27,0,0,174,0,174,G
7-M,28,0,173,0,0,173,T
7-M,29,179,0,0,0,179,A
7-M,30,0,178,0,0,178,T
7-M,31,0,0,184,0,184,G
7-M,32,0,184,0,0,184,T
7-M,33,0,208,0,0,208,T
7-M,34,0,0,0,211,211,C
7-M,35,0,211,0,0,211,T
7-M,36,0,0,0,226,226,C
7-M,37,0,225,0,0,225,T
7-M,38,1,0,0,241,242,C
7-M,39,0,241,0,0,241,T
7-M,40,241,0,0,0,241,A
7-M,41,0,243,0,0,243,T
7-M,42,0,0,0,247,247,C
7-M,43,0,0,251,0,251,G
7-M,44,0,252,0,0,252,T
7-M,45,0,249,0,0,249,T
7-M,46,0,0,0,254,254,C
7-M,47,0,0,0,262,262,C
7-M,48,268,0,0,0,268,A
7-M,49,0,266,0,0,266,T
7-M,50,0,0,0,268,268,C
7-M,51,269,0,0,0,269,A
7-M,52,0,0,271,0,271,G
7-M,53,0,0,271,0,271,G
7-M,54,0,0,0,271,271,C
7-M,55,0,0,0,273,273,C
7-M,56,0,0,0,274,274,C
7-M,57,0,0,0,282,282,C
7-M,58,0,0,0,285,285,C
7-M,59,0,280,0,0,280,T
7-M,60,0,0,0,286,286,C
7-M,61,282,0,0,0,282,A
7-M,62,281,0,0,0,281,A
7-M,63,290,1,0,0,291,A
7-M,64,0,0,295,0,295,G
7-M,65,0,1,0,298,299,C
7-M,66,0,0,0,299,299,C
7-M,67,0,0,298,0,298,G
7-M,68,296,0,0,0,296,A
7-M,69,0,0,301,0,301,G
7-M,70,303,0,0,0,303,A
7-M,71,0,304,0,0,304,T
7-M,72,0,0,0,305,305,C
7-M,73,0,0,309,0,309,G
7-M,74,0,0,0,312,312,C
7-M,75,0,0,313,0,313,G
7-M,76,0,0,0,314,314,C
7-M,77,313,0,0,0,313,A
7-M,78,0,1,310,0,311,G
7-M,79,306,0,0,0,306,A
7-M,80,0,0,339,0,339,G
7-M,81,339,0,0,0,339,A
7-M,82,0,0,0,351,351,C
7-M,83,0,350,0,0,350,T
7-M,84,0,351,0,1,352,T
7-M,85,1,0,356,0,357,G
7-M,86,360,0,0,0,360,A
7-M,87,358,0,0,0,358,A
7-M,88,0,0,360,0,360,G
7-M,89,349,0,0,0,349,A
7-M,90,0,357,0,0,357,T
7-M,91,0,0,361,0,361,G
7-M,92,0,358,0,1,359,T
7-M,93,0,0,0,355,355,C
7-M,94,0,356,0,0,356,T
7-M,95,0,355,0,1,356,T
7-M,96,0,357,0,0,357,T
7-M,97,0,0,357,0,357,G
7-M,98,0,0,0,357,357,C
7-M,99,0,353,0,0,353,T
7-M,100,0,0,358,0,358,G
7-M,101,0,1,359,0,360,G
7-M,102,0,0,366,0,366,G
7-M,103,364,1,0,0,365,A
7-M,104,367,0,0,0,367,A
7-M,105,370,0,0,0,370,A
7-M,106,372,0,0,0,372,A
7-M,107,377,0,1,0,378,A
7-M,108,0,0,0,385,385,C
7-M,109,383,0,0,0,383,A
7-M,110,0,0,0,387,387,C
7-M,111,384,0,0,0,384,A
7-M,112,0,0,403,0,403,G
7-M,113,414,0,1,0,415,A
7-M,114,0,422,0,0,422,T
7-M,115,0,0,0,430,430,C
7-M,116,0,427,0,0,427,T
7-M,117,0,427,0,0,427,T
7-M,118,0,0,427,0,427,G
7-M,119,429,0,0,0,429,A
7-M,120,0,0,428,0,428,G
7-M,121,0,0,423,0,423,G
7-M,122,0,0,0,437,437,C
7-M,123,0,427,0,1,428,T
7-M,124,0,0,0,482,482,C
7-M,125,0,485,0,0,485,T
7-M,126,0,0,0,488,488,C
7-M,127,490,0,0,0,490,A
7-M,128,0,491,0,0,491,T
7-M,129,0,0,492,0,492,G
7-M,130,0,0,494,0,494,G
7-M,131,488,2,0,0,490,A
7-M,132,493,0,0,0,493,A
7-M,133,0,475,0,0,475,T
7-M,134,0,0,503,0,503,G
7-M,135,0,0,539,0,539,G
7-M,136,0,0,0,539,539,C
7-M,137,0,538,0,0,538,T
7-M,138,544,0,0,0,544,A
7-M,139,538,0,0,0,538,A
7-M,140,545,1,0,0,546,A
7-M,141,0,1,550,0,551,G
7-M,142,547,0,0,0,547,A
7-M,143,0,0,0,548,548,C
7-M,144,526,0,0,0,526,A
7-M,145,524,0,0,0,524,A
7-M,146,0,0,533,0,533,G
7-M,147,528,0,0,0,528,A
7-M,148,0,0,0,533,533,C
7-M,149,1,0,0,528,529,C
7-M,150,525,0,0,0,525,A
7-M,151,529,0,0,0,529,A
7-M,152,0,533,0,0,533,T
7-M,153,0,532,0,1,533,T
7-M,154,0,1,0,538,539,C
7-M,155,0,539,0,0,539,T
7-M,156,0,0,538,0,538,G
7-M,157,0,540,0,0,540,T
7-M,158,0,0,0,539,539,C
7-M,159,539,0,1,0,540,A
7-M,160,0,0,0,567,567,C
7-M,161,0,0,0,567,567,C
7-M,162,0,565,0,0,565,T
7-M,163,0,0,1,568,569,C
7-M,164,0,567,0,0,567,T
7-M,165,0,0,583,0,583,G
7-M,166,588,0,0,0,588,A
7-M,167,0,0,0,593,593,C
7-M,168,0,591,0,0,591,T
7-M,169,585,0,0,0,585,A
7-M,170,585,0,0,0,585,A
7-M,171,0,0,584,0,584,G
7-M,172,0,0,584,0,584,G
7-M,173,1,0,584,0,585,G
7-M,174,0,0,581,0,581,G
7-M,175,589,0,0,0,589,A
7-M,176,0,580,0,0,580,T
7-M,177,0,587,0,0,587,T
7-M,178,0,584,0,0,584,T
7-M,179,0,589,0,0,589,T
7-M,180,0,0,594,0,594,G
7-M,181,0,0,595,0,595,G
7-M,182,1,0,594,0,595,G
7-M,183,0,0,598,0,598,G
7-M,184,0,590,0,1,591,T
7-M,185,0,587,1,1,589,T
7-M,186,0,592,0,0,592,T
7-M,187,0,0,605,0,605,G
7-M,188,1,602,0,0,603,T
7-M,189,0,0,611,0,611,G
7-M,190,0,611,0,0,611,T
7-M,191,0,608,0,0,608,T
7-M,192,0,0,0,608,608,C
7-M,193,611,0,0,0,611,A
7-M,194,0,0,0,628,628,C
7-M,195,0,0,625,0,625,G
7-M,196,0,0,0,627,627,C
7-M,197,0,614,0,1,615,T
7-M,198,1,0,0,633,634,C
7-M,199,643,0,0,0,643,A
7-M,200,0,1,0,648,649,C
7-M,201,0,0,0,649,649,C
7-M,202,0,0,650,0,650,G
7-M,203,0,663,0,0,663,T
7-M,204,0,0,662,0,662,G
7-M,205,0,0,0,665,665,C
7-M,206,1,0,0,665,666,C
7-M,207,0,0,0,658,658,C
7-M,208,652,0,0,0,652,A
7-M,209,0,0,657,0,657,G
7-M,210,1,657,0,0,658,T
7-M,211,0,1,657,0,658,G
7-M,212,651,0,0,0,651,A
7-M,213,0,0,660,0,660,G
7-M,214,0,0,0,658,658,C
7-M,215,0,0,660,0,660,G
7-M,216,658,0,0,0,658,A
7-M,217,1,0,671,0,672,G
7-M,218,0,0,672,0,672,G
7-M,219,668,0,0,0,668,A
7-M,220,0,0,0,681,681,C
7-M,221,0,675,0,0,675,T
7-M,222,1,0,675,0,676,G
7-M,223,0,0,0,676,676,C
7-M,224,677,0,0,0,677,A
7-M,225,0,0,697,0,697,G
7-M,226,0,1,0,692,693,C
7-M,227,0,0,694,0,694,G
7-M,228,0,698,0,0,698,T
7-M,229,690,0,0,0,690,A
7-M,230,0,0,688,0,688,G
7-M,231,686,0,1,0,687,A
7-M,232,0,0,0,691,691,C
7-M,233,0,0,691,0,691,G
7-M,234,0,0,0,688,688,C
7-M,235,0,678,0,0,678,T
7-M,236,0,673,0,0,673,T
7-M,237,0,671,0,0,671,T
7-M,238,0,0,696,0,696,G
7-M,239,0,691,0,2,693,T
7-M,240,0,0,0,689,689,C
7-M,241,0,1,0,690,691,C
7-M,242,693,1,0,0,694,A
7-M,243,693,0,0,0,693,A
7-M,244,692,0,1,0,693,A
7-M,245,688,0,0,0,688,A
7-M,246,0,694,0,0,694,T
7-M,247,0,0,684,1,685,G
7-M,248,0,0,0,679,679,C
7-M,249,0,0,0,676,676,C
7-M,250,0,0,0,696,696,C
7-M,251,0,696,0,0,696,T
7-M,252,0,0,0,720,720,C
7-M,253,721,0,0,0,721,A
7-M,254,726,0,0,0,726,A
7-M,255,1,734,0,0,735,T
7-M,256,0,0,745,0,745,G
7-M,257,0,0,746,0,746,G
7-M,258,0,0,753,0,753,G
7-M,259,750,0,1,0,751,A
7-M,260,747,1,1,2,751,A
7-M,261,0,734,0,0,734,T
7-M,262,0,0,731,0,731,G
7-M,263,0,0,731,0,731,G
7-M,264,722,0,1,0,723,A
7-M,265,0,0,724,0,724,G
7-M,266,714,0,0,0,714,A
7-M,267,0,1,0,710,711,C
7-M,268,0,0,0,751,751,C
7-M,269,1,0,0,755,756,C
7-M,270,765,0,1,0,766,A
7-M,271,769,0,0,0,769,A
7-M,272,764,0,0,0,764,A
7-M,273,0,768,0,0,768,T
7-M,274,794,0,0,0,794,A
7-M,275,800,0,0,0,800,A
7-M,276,0,0,0,784,784,C
7-M,277,776,0,0,0,776,A
7-M,278,0,778,0,1,779,T
7-M,279,0,0,797,0,797,G
7-M,280,0,1,792,0,793,G
7-M,281,796,0,0,0,796,A
7-M,282,0,1,0,796,797,C
7-M,283,773,1,1,0,775,A
7-M,284,775,0,0,0,775,A
7-M,285,773,0,0,0,773,A
7-M,286,0,0,794,0,794,G
7-M,287,0,0,0,818,818,C
7-M,288,809,0,0,0,809,A
7-M,289,0,0,820,0,820,G
7-M,290,1,817,0,0,818,T
7-M,291,0,815,0,0,815,T
7-M,292,822,0,0,0,822,A
7-M,293,822,0,1,0,823,A
7-M,294,823,0,1,0,824,A
7-M,295,0,0,0,837,837,C
7-M,296,0,819,0,0,819,T
7-M,297,0,0,937,0,937,G
7-M,298,0,927,0,1,928,T
7-M,299,936,0,0,0,936,A
7-M,300,0,935,0,0,935,T
7-M,301,931,0,1,0,932,A
7-M,302,0,0,932,0,932,G
7-M,303,0,0,930,0,930,G
7-M,304,921,0,0,0,921,A
7-M,305,920,0,1,0,921,A
7-M,306,856,0,0,1,857,A
7-M,307,0,0,0,890,890,C
7-M,308,1,884,0,0,885,T
7-M,309,0,889,0,1,890,T
7-M,310,892,0,1,0,893,A
7-M,311,890,0,0,0,890,A
7-M,312,0,0,891,0,891,G
7-M,313,880,0,2,0,882,A
7-M,314,0,1,886,0,887,G
7-M,315,0,2,895,0,897,G
7-M,316,1,0,895,0,896,G
7-M,317,883,1,3,0,887,A
7-M,318,0,0,897,0,897,G
7-M,319,900,0,1,0,901,A
7-M,320,0,903,0,0,903,T
7-M,321,902,0,0,0,902,A
7-M,322,907,0,0,1,908,A
7-M,323,0,0,0,908,908,C
7-M,324,2,0,903,0,905,G
7-M,325,1,902,0,1,904,T
7-M,326,1,906,0,0,907,T
7-M,327,0,0,0,913,913,C
7-M,328,0,1,0,904,905,C
7-M,329,908,0,1,0,909,A
7-M,330,0,907,0,0,907,T
7-M,331,0,0,899,0,899,G
7-M,332,0,0,897,0,897,G
7-M,333,0,2,895,0,897,G
7-M,334,2,0,891,0,893,G
7-M,335,0,0,0,897,897,C
7-M,336,3,2,0,890,895,C
7-M,337,896,0,0,0,896,A
7-M,338,897,0,0,0,897,A
7-M,339,893,0,1,0,894,A
7-M,340,0,0,913,0,913,G
7-M,341,910,1,0,0,911,A
7-M,342,906,0,0,0,906,A
7-M,343,905,0,0,0,905,A
7-M,344,0,904,0,0,904,T
7-M,345,900,0,2,0,902,A
7-M,346,0,2,907,0,909,G
7-M,347,0,0,0,903,903,C
7-M,348,0,893,0,1,894,T
7-M,349,0,0,0,903,903,C
7-M,350,0,897,0,1,898,T
7-M,351,0,0,0,927,927,C
7-M,352,927,0,0,1,928,A
7-M,353,0,0,929,0,929,G
7-M,354,0,922,0,1,923,T
7-M,355,0,933,0,0,933,T
7-M,356,932,1,0,0,933,A
7-M,357,0,935,0,0,935,T
7-M,358,0,930,0,1,931,T
7-M,359,0,0,0,936,936,C
7-M,360,0,903,0,1,904,T
7-M,361,0,0,910,0,910,G
7-M,362,0,0,0,909,909,C
7-M,363,0,900,0,0,900,T
7-M,364,0,0,902,0,902,G
7-M,365,0,0,898,0,898,G
7-M,366,0,901,0,0,901,T
7-M,367,0,0,898,0,898,G
7-M,368,1,0,0,894,895,C
7-M,369,903,0,0,0,903,A
7-M,370,0,0,0,901,901,C
7-M,371,1,890,0,0,891,T
7-M,372,0,906,0,0,906,T
7-M,373,1,0,906,0,907,G
7-M,374,0,0,0,903,903,C
7-M,375,0,0,1,910,911,C
7-M,376,906,0,0,1,907,A
7-M,377,0,0,914,0,914,G
7-M,378,0,913,0,0,913,T
7-M,379,0,912,0,0,912,T
7-M,380,0,0,913,0,913,G
7-M,381,0,0,0,895,895,C
7-M,382,898,0,1,0,899,A
7-M,383,0,897,0,0,897,T
7-M,384,0,1,895,0,896,G
7-M,385,0,0,903,0,903,G
7-M,386,1,0,902,0,903,G
7-M,387,0,1,0,899,900,C
7-M,388,1,0,0,916,917,C
7-M,389,0,912,0,0,912,T
7-M,390,1,0,0,933,934,C
7-M,391,984,0,0,0,984,A
7-M,392,0,984,0,0,984,T
7-M,393,1022,0,0,0,1022,A
7-M,394,2,1003,0,0,1005,T
7-M,395,985,1,7,0,993,A
7-M,396,0,0,0,1060,1060,C
7-M,397,1019,0,0,0,1019,A
7-M,398,1020,0,1,0,1021,A
7-M,399,0,1006,0,0,1006,T
7-M,400,953,0,0,0,953,A
7-M,401,2,0,953,0,955,G
7-M,402,0,0,946,0,946,G
7-M,403,932,0,2,0,934,A
7-M,404,0,934,0,0,934,T
7-M,405,0,0,863,0,863,G
7-M,406,0,0,863,0,863,G
7-M,407,0,0,854,0,854,G
7-M,408,0,1,861,0,862,G
7-M,409,0,0,864,0,864,G
7-M,410,1,0,0,864,865,C
7-M,411,0,848,0,1,849,T
7-M,412,0,0,855,0,855,G
7-M,413,0,856,0,1,857,T
7-M,414,856,0,1,0,857,A
7-M,415,855,0,0,0,855,A
7-M,416,0,0,0,852,852,C
7-M,417,0,0,0,852,852,C
7-M,418,839,0,0,0,839,A
7-M,419,0,0,0,844,844,C
7-M,420,0,839,0,0,839,T
7-M,421,0,0,846,0,846,G
7-M,422,844,0,0,0,844,A
7-M,423,831,0,1,0,832,A
7-M,424,0,0,842,0,842,G
7-M,425,0,833,0,0,833,T
7-M,426,0,0,831,0,831,G
7-M,427,0,0,830,0,830,G
7-M,428,0,0,0,838,838,C
7-M,429,841,0,0,0,841,A
7-M,430,1,833,0,0,834,T
7-M,431,0,835,0,1,836,T
7-M,432,0,834,0,1,835,T
7-M,433,0,0,844,0,844,G
7-M,434,0,0,843,0,843,G
7-M,435,0,0,0,842,842,C
7-M,436,0,0,0,843,843,C
7-M,437,0,834,0,1,835,T
7-M,438,0,0,873,0,873,G
7-M,439,0,0,877,0,877,G
7-M,440,0,883,0,0,883,T
7-M,441,882,0,0,0,882,A
7-M,442,0,841,0,1,842,T
7-M,443,0,0,862,0,862,G
7-M,444,1,866,0,1,868,T
7-M,445,0,0,861,0,861,G
7-M,446,0,0,0,868,868,C
7-M,447,835,0,0,0,835,A
7-M,448,829,0,1,0,830,A
7-M,449,0,0,0,843,843,C
7-M,450,841,0,0,0,841,A
7-M,451,0,844,0,0,844,T
7-M,452,0,0,829,0,829,G
7-M,453,0,803,0,0,803,T
7-M,454,0,0,800,0,800,G
7-M,455,795,0,0,0,795,A
7-M,456,0,0,802,0,802,G
7-M,457,1,1,0,800,802,C
7-M,458,783,0,0,0,783,A
7-M,459,0,0,791,0,791,G
7-M,460,787,0,0,0,787,A
7-M,461,0,784,0,0,784,T
7-M,462,0,786,0,1,787,T
7-M,463,0,0,787,0,787,G
7-M,464,0,0,0,787,787,C
7-M,465,0,784,0,0,784,T
7-M,466,0,0,783,0,783,G
7-M,467,781,0,0,0,781,A
7-M,468,0,0,0,823,823,C
7-M,469,0,823,0,0,823,T
7-M,470,1,1,0,826,828,C
7-M,471,0,1,0,826,827,C
7-M,472,0,0,0,827,827,C
7-M,473,826,0,0,0,826,A
7-M,474,1,0,839,0,840,G
7-M,475,0,0,0,831,831,C
7-M,476,838,0,1,0,839,A
7-M,477,0,0,0,838,838,C
7-M,478,757,0,1,0,758,A
7-M,479,0,0,768,0,768,G
7-M,480,0,0,773,0,773,G
7-M,481,0,771,0,0,771,T
7-M,482,0,1,0,786,787,C
7-M,483,0,758,0,0,758,T
7-M,484,3,0,0,758,761,C
7-M,485,757,0,0,0,757,A
7-M,486,0,753,0,0,753,T
7-M,487,755,0,0,1,756,A
7-M,488,0,1,739,0,740,G
7-M,489,0,0,738,0,738,G
7-M,490,0,0,0,734,734,C
7-M,491,701,0,0,0,701,A
7-M,492,0,0,696,0,696,G
7-M,493,699,0,0,0,699,A
7-M,494,0,699,0,0,699,T
7-M,495,0,0,698,0,698,G
7-M,496,0,0,699,0,699,G
7-M,497,0,695,0,1,696,T
7-M,498,0,0,697,0,697,G
7-M,499,1,0,697,0,698,G
7-M,500,0,0,0,699,699,C
7-M,501,695,0,0,0,695,A
7-M,502,697,0,1,0,698,A
7-M,503,0,0,0,706,706,C
7-M,504,706,0,0,0,706,A
7-M,505,706,0,0,0,706,A
7-M,506,1,0,0,707,708,C
7-M,507,0,0,0,700,700,C
7-M,508,695,0,0,0,695,A
7-M,509,691,0,0,0,691,A
7-M,510,0,697,0,0,697,T
7-M,511,0,1,0,700,701,C
7-M,512,0,0,0,687,687,C
7-M,513,683,0,0,0,683,A
7-M,514,0,684,0,0,684,T
7-M,515,0,684,0,0,684,T
7-M,516,680,4,0,0,684,A
7-M,517,689,0,0,0,689,A
7-M,518,0,690,0,0,690,T
7-M,519,685,0,0,0,685,A
7-M,520,681,0,0,1,682,A
7-M,521,679,0,0,0,679,A
7-M,522,686,0,0,2,688,A
7-M,523,1,0,0,700,701,C
7-M,524,699,0,0,0,699,A
7-M,525,0,691,0,1,692,T
7-M,526,0,0,694,0,694,G
7-M,527,690,0,0,1,691,A
7-M,528,1,0,699,0,700,G
7-M,529,687,0,1,0,688,A
7-M,530,692,0,0,0,692,A
7-M,531,0,0,0,699,699,C
7-M,532,673,0,0,0,673,A
7-M,533,0,0,687,0,687,G
7-M,534,672,0,0,0,672,A
7-M,535,678,0,0,0,678,A
7-M,536,0,677,1,0,678,T
7-M,537,0,0,671,0,671,G
7-M,538,0,0,673,0,673,G
7-M,539,0,666,0,0,666,T
7-M,540,0,638,0,0,638,T
7-M,541,0,653,0,0,653,T
7-M,542,2,651,0,0,653,T
7-M,543,0,0,658,0,658,G
7-M,544,0,0,655,0,655,G
7-M,545,0,2,0,655,657,C
7-M,546,0,1,0,654,655,C
7-M,547,633,0,0,0,633,A
7-M,548,0,0,650,0,650,G
7-M,549,0,0,0,654,654,C
7-M,550,657,0,0,0,657,A
7-M,551,1,0,0,669,670,C
7-M,552,0,660,0,0,660,T
7-M,553,667,0,0,0,667,A
7-M,554,0,0,0,672,672,C
7-M,555,684,0,0,0,684,A
7-M,556,0,0,690,0,690,G
7-M,557,0,1,0,667,668,C
7-M,558,0,661,0,0,661,T
7-M,559,665,0,0,0,665,A
7-M,560,652,0,0,0,652,A
7-M,561,0,0,662,0,662,G
7-M,562,0,0,670,0,670,G
7-M,563,0,0,0,674,674,C
7-M,564,0,625,0,1,626,T
7-M,565,630,0,0,0,630,A
7-M,566,0,631,0,0,631,T
7-M,567,0,0,632,0,632,G
7-M,568,0,0,633,0,633,G
7-M,569,614,1,0,0,615,A
7-M,570,0,0,622,0,622,G
7-M,571,0,0,0,607,607,C
7-M,572,605,1,0,0,606,A
7-M,573,603,0,0,0,603,A
7-M,574,600,0,0,0,600,A
7-M,575,0,600,0,0,600,T
7-M,576,0,1,603,0,604,G
7-M,577,0,0,593,0,593,G
7-M,578,0,0,0,595,595,C
7-M,579,0,579,0,0,579,T
7-M,580,0,0,581,0,581,G
7-M,581,0,0,589,0,589,G
7-M,582,587,0,4,0,591,A
7-M,583,1,587,0,0,588,T
7-M,584,1,1,0,587,589,C
7-M,585,589,0,0,0,589,A
7-M,586,596,0,0,0,596,A
7-M,587,0,0,598,0,598,G
7-M,588,0,599,0,0,599,T
7-M,589,0,0,601,0,601,G
7-M,590,576,0,0,0,576,A
7-M,591,0,0,582,0,582,G
7-M,592,0,0,0,583,583,C
7-M,593,583,0,0,0,583,A
7-M,594,0,0,582,0,582,G
7-M,595,1,0,579,0,580,G
7-M,596,0,0,0,576,576,C
7-M,597,581,0,0,0,581,A
7-M,598,0,0,587,0,587,G
7-M,599,0,0,0,582,582,C
7-M,600,1,0,585,0,586,G
7-M,601,0,0,585,0,585,G
7-M,602,588,0,0,0,588,A
7-M,603,0,0,601,0,601,G
7-M,604,0,0,602,0,602,G
7-M,605,0,0,0,607,607,C
7-M,606,1,0,0,605,606,C
7-M,607,603,0,0,0,603,A
7-M,608,0,599,0,0,599,T
7-M,609,0,0,603,0,603,G
7-M,610,0,0,606,0,606,G
7-M,611,600,0,1,0,601,A
7-M,612,0,0,608,0,608,G
7-M,613,589,0,0,0,589,A
7-M,614,0,596,0,0,596,T
7-M,615,0,595,0,0,595,T
7-M,616,0,0,595,0,595,G
7-M,617,0,0,2,595,597,C
7-M,618,0,595,1,0,596,T
7-M,619,603,0,0,0,603,A
7-M,620,0,0,603,0,603,G
7-M,621,0,599,0,0,599,T
7-M,622,0,1,0,598,599,C
7-M,623,589,0,0,0,589,A
7-M,624,0,0,606,0,606,G
7-M,625,0,0,608,0,608,G
7-M,626,0,0,0,605,605,C
7-M,627,0,0,0,604,604,C
7-M,628,602,0,1,0,603,A
7-M,629,0,0,612,0,612,G
7-M,630,0,0,610,0,610,G
7-M,631,0,1,0,610,611,C
7-M,632,613,0,2,0,615,A
7-M,633,0,0,615,0,615,G
7-M,634,607,0,0,0,607,A
7-M,635,0,610,0,0,610,T
7-M,636,0,0,610,0,610,G
7-M,637,0,0,620,0,620,G
7-M,638,0,607,0,0,607,T
7-M,639,0,0,606,0,606,G
7-M,640,0,0,0,603,603,C
7-M,641,599,0,2,1,602,A
7-M,642,0,0,617,0,617,G
7-M,643,0,0,612,0,612,G
7-M,644,0,0,0,611,611,C
7-M,645,613,0,0,0,613,A
7-M,646,608,0,0,0,608,A
7-M,647,0,608,1,1,610,T
7-M,648,0,0,612,0,612,G
7-M,649,600,1,0,0,601,A
7-M,650,0,0,612,0,612,G
7-M,651,581,0,0,0,581,A
7-M,652,2,1,593,0,596,G
7-M,653,0,0,0,604,604,C
7-M,654,0,1,0,611,612,C
7-M,655,612,0,0,0,612,A
7-M,656,0,611,0,0,611,T
7-M,657,0,611,0,0,611,T
7-M,658,0,0,611,0,611,G
7-M,659,0,0,606,0,606,G
7-M,660,1,0,610,0,611,G
7-M,661,613,1,0,0,614,A
7-M,662,0,0,1,610,611,C
7-M,663,0,582,0,0,582,T
7-M,664,0,0,0,588,588,C
7-M,665,592,0,0,0,592,A
7-M,666,0,617,0,0,617,T
7-M,667,1,0,0,618,619,C
7-M,668,0,0,0,617,617,C
7-M,669,0,612,0,0,612,T
7-M,670,611,0,0,0,611,A
7-M,671,0,0,624,0,624,G
7-M,672,0,693,0,0,693,T
7-M,673,0,678,0,1,679,T
7-M,674,0,0,0,683,683,C
7-M,675,0,0,0,668,668,C
7-M,676,664,0,0,0,664,A
7-M,677,0,0,677,0,677,G
7-M,678,1,674,0,0,675,T
7-M,679,675,0,0,0,675,A
7-M,680,0,0,0,671,671,C
7-M,681,0,591,0,0,591,T
7-M,682,0,0,613,0,613,G
7-M,683,0,0,627,0,627,G
7-M,684,0,628,0,0,628,T
7-M,685,0,0,0,629,629,C
7-M,686,0,613,1,0,614,T
7-M,687,618,0,0,0,618,A
7-M,688,614,0,0,0,614,A
7-M,689,0,1,616,0,617,G
7-M,690,607,0,0,0,607,A
7-M,691,0,0,590,0,590,G
7-M,692,546,0,0,0,546,A
7-M,693,0,547,0,0,547,T
7-M,694,0,0,546,0,546,G
7-M,695,543,0,0,0,543,A
7-M,696,0,537,0,0,537,T
7-M,697,0,1,0,535,536,C
7-M,698,0,536,0,0,536,T
7-M,699,0,534,0,0,534,T
7-M,700,0,0,1,536,537,C
7-M,701,0,536,0,0,536,T
7-M,702,0,535,0,0,535,T
7-M,703,0,0,538,0,538,G
7-M,704,534,0,0,0,534,A
7-M,705,533,0,0,0,533,A
7-M,706,533,0,0,0,533,A
7-M,707,535,0,0,0,535,A
7-M,708,0,537,0,0,537,T
7-M,709,0,542,0,0,542,T
7-M,710,0,543,0,0,543,T
7-M,711,0,0,543,0,543,G
7-M,712,0,0,0,543,543,C
7-M,713,545,0,0,0,545,A
7-M,714,0,0,543,0,543,G
7-M,715,543,0,1,0,544,A
7-M,716,0,0,0,558,558,C
7-M,717,0,0,0,557,557,C
7-M,718,0,559,0,0,559,T
7-M,719,562,0,1,0,563,A
7-M,720,0,562,0,0,562,T
7-M,721,0,0,0,562,562,C
7-M,722,565,0,0,0,565,A
7-M,723,0,0,566,0,566,G
7-M,724,559,0,0,0,559,A
7-M,725,547,0,0,0,547,A
7-M,726,549,0,0,0,549,A
7-M,727,0,0,0,551,551,C
7-M,728,0,0,549,0,549,G
7-M,729,541,0,0,0,541,A
7-M,730,545,0,0,0,545,A
7-M,731,0,548,0,0,548,T
7-M,732,0,2,544,0,546,G
7-M,733,0,0,549,0,549,G
7-M,734,0,0,551,0,551,G
7-M,735,2,0,551,0,553,G
7-M,736,0,0,558,0,558,G
7-M,737,0,540,0,0,540,T
7-M,738,0,0,538,0,538,G
7-M,739,0,0,0,535,535,C
7-M,740,539,0,1,0,540,A
7-M,741,1,0,541,0,542,G
7-M,742,531,0,0,0,531,A
7-M,743,0,527,0,0,527,T
7-M,744,0,0,522,0,522,G
7-M,745,1,0,0,517,518,C
7-M,746,516,1,1,0,518,A
7-M,747,518,0,0,0,518,A
7-M,748,0,0,0,520,520,C
7-M,749,0,0,519,0,519,G
7-M,750,523,0,0,0,523,A
7-M,751,0,525,0,0,525,T
7-M,752,0,527,0,0,527,T
7-M,753,0,0,0,529,529,C
7-M,754,522,1,0,0,523,A
7-M,755,524,0,0,0,524,A
7-M,756,0,0,525,0,525,G
7-M,757,0,521,0,0,521,T
7-M,758,0,0,517,1,518,G
7-M,759,511,0,0,0,511,A
7-M,760,0,0,0,509,509,C
7-M,761,0,1,0,504,505,C
7-M,762,0,0,0,513,513,C
7-M,763,2,0,511,0,513,G
7-M,764,0,0,0,511,511,C
7-M,765,0,513,0,0,513,T
7-M,766,0,514,0,1,515,T
7-M,767,0,0,515,1,516,G
7-M,768,0,517,0,0,517,T
7-M,769,0,512,0,1,513,T
7-M,770,0,0,517,0,517,G
7-M,771,0,500,0,0,500,T
7-M,772,0,497,0,1,498,T
7-M,773,0,0,497,0,497,G
7-M,774,0,0,0,496,496,C
7-M,775,0,0,0,495,495,C
7-M,776,0,0,496,0,496,G
7-M,777,0,0,0,490,490,C
7-M,778,1,1,495,0,497,G
7-M,779,497,0,0,0,497,A
7-M,780,498,0,0,0,498,A
7-M,781,0,498,0,0,498,T
7-M,782,501,0,0,0,501,A
7-M,783,0,504,0,0,504,T
7-M,784,0,0,0,507,507,C
7-M,785,509,0,0,0,509,A
7-M,786,0,504,0,2,506,T
7-M,787,0,504,0,0,504,T
7-M,788,0,0,502,0,502,G
7-M,789,0,0,503,0,503,G
7-M,790,2,0,502,0,504,G
7-M,791,502,0,0,0,502,A
7-M,792,0,499,0,0,499,T
7-M,793,0,0,0,479,479,C
7-M,794,0,473,0,1,474,T
7-M,795,0,475,0,1,476,T
7-M,796,0,0,485,0,485,G
7-M,797,0,0,0,484,484,C
7-M,798,487,0,0,0,487,A
7-M,799,0,0,0,487,487,C
7-M,800,0,478,0,0,478,T
7-M,801,0,481,0,0,481,T
7-M,802,0,0,482,0,482,G
7-M,803,484,0,0,0,484,A
7-M,804,0,490,0,0,490,T
7-M,805,481,0,0,0,481,A
7-M,806,0,480,0,0,480,T
7-M,807,0,472,0,0,472,T
7-M,808,0,0,480,0,480,G
7-M,809,0,475,0,0,475,T
7-M,810,0,0,473,0,473,G
7-M,811,0,0,472,0,472,G
7-M,812,460,0,0,0,460,A
7-M,813,0,460,0,0,460,T
7-M,814,0,460,0,0,460,T
7-M,815,0,0,0,454,454,C
7-M,816,0,459,0,0,459,T
7-M,817,0,455,0,0,455,T
7-M,818,0,0,454,0,454,G
7-M,819,442,0,0,0,442,A
7-M,820,0,448,0,0,448,T
7-M,821,1,0,0,443,444,C
7-M,822,0,0,443,0,443,G
7-M,823,0,440,0,1,441,T
7-M,824,1,0,0,438,439,C
7-M,825,0,437,0,2,439,T
7-M,826,0,443,0,0,443,T
7-M,827,0,442,0,0,442,T
7-M,828,0,444,0,0,444,T
7-M,829,0,445,0,0,445,T
7-M,830,0,444,0,1,445,T
7-M,831,0,445,0,0,445,T
7-M,832,0,0,0,445,445,C
7-M,833,443,0,0,0,443,A
7-M,834,443,0,0,0,443,A
7-M,835,441,0,0,0,441,A
7-M,836,0,443,0,0,443,T
7-M,837,0,0,445,0,445,G
7-M,838,1,0,0,442,443,C
7-M,839,1,0,440,0,441,G
7-M,840,0,450,0,0,450,T
7-M,841,0,0,0,450,450,C
7-M,842,0,452,0,1,453,T
7-M,843,454,0,0,0,454,A
7-M,844,0,452,0,0,452,T
7-M,845,0,0,0,452,452,C
7-M,846,0,0,449,0,449,G
7-M,847,446,0,0,0,446,A
7-M,848,0,0,0,445,445,C
7-M,849,0,432,0,0,432,T
7-M,850,0,1,0,446,447,C
7-M,851,0,446,0,0,446,T
7-M,852,1,444,0,1,446,T
7-M,853,1,0,0,448,449,C
7-M,854,448,0,0,0,448,A
7-M,855,448,0,0,0,448,A
7-M,856,443,0,0,0,443,A
7-M,857,0,0,0,444,444,C
7-M,858,438,1,0,0,439,A
7-M,859,0,0,0,422,422,C
7-M,860,0,0,409,0,409,G
7-M,861,1,0,427,0,428,G
7-M,862,0,0,0,422,422,C
7-M,863,0,0,0,425,425,C
7-M,864,0,426,0,0,426,T
7-M,865,0,427,0,0,427,T
7-M,866,427,0,0,0,427,A
7-M,867,427,0,0,0,427,A
7-M,868,427,0,0,0,427,A
7-M,869,423,0,1,0,424,A
7-M,870,0,0,419,0,419,G
7-M,871,360,0,0,0,360,A
7-M,872,0,0,359,0,359,G
7-M,873,0,0,361,0,361,G
7-M,874,0,1,0,358,359,C
7-M,875,0,0,0,360,360,C
7-M,876,0,0,0,362,362,C
7-M,877,0,360,0,0,360,T
7-M,878,1,364,0,0,365,T
7-M,879,0,0,0,369,369,C
7-M,880,0,366,0,0,366,T
7-M,881,368,0,0,0,368,A
7-M,882,0,0,0,368,368,C
7-M,883,0,0,363,0,363,G
7-M,884,0,0,365,0,365,G
7-M,885,352,1,0,0,353,A
7-M,886,353,0,0,0,353,A
7-M,887,0,0,350,0,350,G
7-M,888,0,0,352,0,352,G
7-M,889,349,0,1,0,350,A
7-M,890,0,0,352,0,352,G
7-M,891,1,348,0,0,349,T
7-M,892,350,0,0,0,350,A
7-M,893,0,0,0,347,347,C
7-M,894,0,0,0,346,346,C
7-M,895,0,341,0,1,342,T
7-M,896,0,0,343,0,343,G
7-M,897,324,0,1,0,325,A
7-M,898,0,0,335,0,335,G
7-M,899,0,319,0,0,319,T
7-M,900,0,0,0,320,320,C
7-M,901,0,318,0,0,318,T
7-M,902,315,0,0,0,315,A
7-M,903,0,311,0,0,311,T
7-M,904,0,0,310,0,310,G
7-M,905,303,0,0,0,303,A
7-M,906,0,0,301,0,301,G
7-M,907,0,0,274,0,274,G
7-M,908,0,0,271,0,271,G
7-M,909,272,0,0,0,272,A
7-M,910,273,0,0,0,273,A
7-M,911,0,0,272,0,272,G
7-M,912,273,0,0,0,273,A
7-M,913,281,0,1,0,282,A
7-M,914,0,280,0,0,280,T
7-M,915,276,0,0,0,276,A
7-M,916,0,277,0,0,277,T
7-M,917,0,10,0,262,272,C
7-M,918,0,0,275,0,275,G
7-M,919,270,0,0,0,270,A
7-M,920,265,0,0,0,265,A
7-M,921,265,0,1,0,266,A
7-M,922,0,0,264,0,264,G
7-M,923,0,0,275,0,275,G
7-M,924,272,0,0,0,272,A
7-M,925,273,0,0,0,273,A
7-M,926,0,1,0,272,273,C
7-M,927,264,0,0,0,264,A
7-M,928,0,0,270,0,270,G
7-M,929,0,0,0,270,270,C
7-M,930,269,0,0,0,269,A
7-M,931,0,0,271,0,271,G
7-M,932,252,0,0,0,252,A
7-M,933,253,0,1,0,254,A
7-M,934,0,255,0,0,255,T
7-M,935,0,0,250,0,250,G
7-M,936,0,0,0,251,251,C
7-M,937,0,227,0,0,227,T
7-M,938,0,0,227,0,227,G
7-M,939,0,227,0,0,227,T
7-M,940,0,0,226,0,226,G
7-M,941,0,0,227,0,227,G
7-M,942,220,0,0,0,220,A
7-M,943,0,220,0,0,220,T
7-M,944,0,0,213,0,213,G
7-M,945,0,0,0,211,211,C
7-M,946,0,193,0,0,193,T
7-M,947,0,0,192,0,192,G
7-M,948,191,0,0,0,191,A
7-M,949,1,0,0,190,191,C
7-M,950,0,0,188,0,188,G
7-M,951,186,0,0,0,186,A
7-M,952,0,0,0,185,185,C
7-M,953,179,0,0,1,180,A
7-M,954,0,0,180,0,180,G
7-M,955,0,179,0,1,180,T
7-M,956,0,0,0,180,180,C
7-M,957,181,0,0,0,181,A
7-M,958,0,180,0,0,180,T
7-M,959,0,181,0,0,181,T
7-M,960,0,177,0,0,177,T
7-M,961,0,176,0,0,176,T
7-M,962,0,0,176,0,176,G
7-M,963,0,157,0,0,157,T
7-M,964,0,0,0,157,157,C
7-M,965,150,0,0,0,150,A
7-M,966,0,0,150,0,150,G
7-M,967,1,0,0,148,149,C
7-M,968,150,0,0,0,150,A
7-M,969,0,150,0,0,150,T
7-M,970,142,0,0,0,142,A
7-M,971,0,0,142,0,142,G
7-M,972,139,0,0,0,139,A
7-M,973,0,0,139,0,139,G
7-M,974,0,137,0,0,137,T
7-M,975,0,99,0,0,99,T
7-M,976,0,0,98,0,98,G
7-M,977,0,0,97,0,97,G
7-M,978,98,0,0,0,98,A
7-M,979,0,0,98,0,98,G
7-M,980,0,74,0,0,74,T
7-M,981,73,0,0,0,73,A
7-M,982,73,0,0,0,73,A
8-NS,1,831,0,0,0,831,A
8-NS,2,0,831,0,0,831,T
8-NS,3,0,0,885,0,885,G
8-NS,4,0,0,946,0,946,G
8-NS,5,1028,0,0,0,1028,A
8-NS,6,0,1959,0,0,1959,T
8-NS,7,0,1963,1,0,1964,T
8-NS,8,0,0,0,2025,2025,C
8-NS,9,0,1,0,2021,2022,C
8-NS,10,2031,0,0,0,2031,A
8-NS,11,2059,0,0,0,2059,A
8-NS,12,0,0,0,2064,2064,C
8-NS,13,2061,0,0,0,2061,A
8-NS,14,1,0,0,2087,2088,C
8-NS,15,0,2082,0,0,2082,T
8-NS,16,0,0,2268,1,2269,G
8-NS,17,1,2274,1,2,2278,T
8-NS,18,1,0,2305,0,2306,G
8-NS,19,0,2309,0,8,2317,T
8-NS,20,0,0,0,2313,2313,C
8-NS,21,2318,0,0,0,2318,A
8-NS,22,2310,2,2,0,2314,A
8-NS,23,1,0,2347,0,2348,G
8-NS,24,0,2404,0,0,2404,T
8-NS,25,0,2395,0,0,2395,T
8-NS,26,0,2418,0,0,2418,T
8-NS,27,0,0,0,2423,2423,C
8-NS,28,0,1,0,2428,2429,C
8-NS,29,2422,2,1,0,2425,A
8-NS,30,0,1,2442,0,2443,G
8-NS,31,0,0,2459,0,2459,G
8-NS,32,0,2466,0,0,2466,T
8-NS,33,2454,0,2,0,2456,A
8-NS,34,0,1,2495,0,2496,G
8-NS,35,2482,0,1,0,2483,A
8-NS,36,0,2501,0,3,2504,T
8-NS,37,0,2501,0,0,2501,T
8-NS,38,0,0,2525,0,2525,G
8-NS,39,1,1,0,2517,2519,C
8-NS,40,0,2525,0,3,2528,T
8-NS,41,0,2543,0,2,2545,T
8-NS,42,1,2549,0,2,2552,T
8-NS,43,1,0,0,2595,2596,C
8-NS,44,0,2589,0,2,2591,T
8-NS,45,1,2592,0,0,2593,T
8-NS,46,0,2591,0,1,2592,T
8-NS,47,0,1,2616,0,2617,G
8-NS,48,1,2,2604,0,2607,G
8-NS,49,0,0,0,2618,2618,C
8-NS,50,2620,0,0,1,2621,A
8-NS,51,0,2621,0,0,2621,T
8-NS,52,2629,0,0,0,2629,A
8-NS,53,0,2673,0,1,2674,T
8-NS,54,0,0,0,2691,2691,C
8-NS,55,0,1,0,2685,2686,C
8-NS,56,2,1,2686,0,2689,G
8-NS,57,6,1,2688,0,2695,G
8-NS,58,2700,0,1,0,2701,A
8-NS,59,2704,0,1,0,2705,A
8-NS,60,2717,0,3,1,2721,A
8-NS,61,0,0,0,2752,2752,C
8-NS,62,2746,0,1,0,2747,A
8-NS,63,2742,0,1,0,2743,A
8-NS,64,1,1,2857,0,2859,G
8-NS,65,0,2863,0,2,2865,T
8-NS,66,0,2836,0,1,2837,T
8-NS,67,1,0,2836,0,2837,G
8-NS,68,1,2850,0,0,2851,T
8-NS,69,2846,0,1,0,2847,A
8-NS,70,0,2,2849,0,2851,G
8-NS,71,2987,0,3,0,2990,A
8-NS,72,0,1,0,3016,3017,C
8-NS,73,0,0,0,2956,2956,C
8-NS,74,2967,0,2,0,2969,A
8-NS,75,2978,0,0,0,2978,A
8-NS,76,0,2,3111,0,3113,G
8-NS,77,3107,1,1,0,3109,A
8-NS,78,3132,0,4,0,3136,A
8-NS,79,8,0,0,3135,3143,C
8-NS,80,0,3016,0,2,3018,T
8-NS,81,5,0,3044,0,3049,G
8-NS,82,3031,0,1,0,3032,A
8-NS,83,1,0,3084,0,3085,G
8-NS,84,0,3094,0,1,3095,T
8-NS,85,0,1,3034,0,3035,G
8-NS,86,3049,0,1,0,3050,A
8-NS,87,0,3049,0,1,3050,T
8-NS,88,2,0,3069,0,3071,G
8-NS,89,0,1,1,3100,3102,C
8-NS,90,1,1,0,3104,3106,C
8-NS,91,2,2,0,3117,3121,C
8-NS,92,2,2,0,3097,3101,C
8-NS,93,3105,0,0,0,3105,A
8-NS,94,2,3159,0,1,3162,T
8-NS,95,0,3184,0,0,3184,T
8-NS,96,1,0,0,3218,3219,C
8-NS,97,0,1,0,3183,3184,C
8-NS,98,0,3147,0,3,3150,T
8-NS,99,1,3131,0,1,3133,T
8-NS,100,0,2,3122,0,3124,G
8-NS,101,3114,2,0,0,3116,A
8-NS,102,1,3113,1,2,3117,T
8-NS,103,1,2,0,3099,3102,C
8-NS,104,2,1,3077,0,3080,G
8-NS,105,1,0,3101,0,3102,G
8-NS,106,0,2,0,3112,3114,C
8-NS,107,0,3078,0,1,3079,T
8-NS,108,0,3102,0,0,3102,T
8-NS,109,1,1,0,3100,3102,C
8-NS,110,0,0,3118,0,3118,G
8-NS,111,0,1,0,3113,3114,C
8-NS,112,0,0,0,3124,3124,C
8-NS,113,0,2,3122,0,3124,G
8-NS,114,3068,0,2,1,3071,A
8-NS,115,1,1,3199,0,3201,G
8-NS,116,3195,0,1,0,3196,A
8-NS,117,0,3213,0,0,3213,T
8-NS,118,0,1,16,3199,3216,C
8-NS,119,3196,0,0,1,3197,A
8-NS,120,1,0,3220,0,3221,G
8-NS,121,3214,0,4,0,3218,A
8-NS,122,1,1,3222,0,3224,G
8-NS,123,0,1,3246,0,3247,G
8-NS,124,1,3234,0,5,3240,T
8-NS,125,2,0,0,3411,3413,C
8-NS,126,2,2,0,3428,3432,C
8-NS,127,0,0,0,3447,3447,C
8-NS,128,0,3455,0,0,3455,T
8-NS,129,3458,0,1,0,3459,A
8-NS,130,3441,0,6,1,3448,A
8-NS,131,1,0,3498,0,3499,G
8-NS,132,0,5,3482,0,3487,G
8-NS,133,0,1,3418,1,3420,G
8-NS,134,0,1,3300,0,3301,G
8-NS,135,3275,0,1,0,3276,A
8-NS,136,3267,0,1,0,3268,A
8-NS,137,0,2,3303,0,3305,G
8-NS,138,3370,0,2,0,3372,A
8-NS,139,1,0,3413,0,3414,G
8-NS,140,1,1,3362,0,3364,G
8-NS,141,1,1,0,3351,3353,C
8-NS,142,3355,1,3,0,3359,A
8-NS,143,3347,1,2,0,3350,A
8-NS,144,0,3361,0,0,3361,T
8-NS,145,3381,0,0,0,3381,A
8-NS,146,0,0,0,3431,3431,C
8-NS,147,0,3290,0,3,3293,T
8-NS,148,2,1,0,3284,3287,C
8-NS,149,0,3209,0,2,3211,T
8-NS,150,1,1,0,3248,3250,C
8-NS,151,2,1,3283,0,3286,G
8-NS,152,1,0,3468,0,3469,G
8-NS,153,0,3466,0,0,3466,T
8-NS,154,3,1,0,3473,3477,C
8-NS,155,0,3453,0,0,3453,T
8-NS,156,3431,25,6,1,3463,A
8-NS,157,0,2,3468,0,3470,G
8-NS,158,3467,0,6,0,3473,A
8-NS,159,0,0,0,3561,3561,C
8-NS,160,3463,2,1,0,3466,A
8-NS,161,0,3321,0,0,3321,T
8-NS,162,1,1,0,3314,3316,C
8-NS,163,3309,0,0,0,3309,A
8-NS,164,3310,1,1,0,3312,A
8-NS,165,3275,1,4,0,3280,A
8-NS,166,0,1,3294,0,3295,G
8-NS,167,0,0,0,3316,3316,C
8-NS,168,3217,0,3,0,3220,A
8-NS,169,0,0,3235,0,3235,G
8-NS,170,1,0,1,3224,3226,C
8-NS,171,2,1,0,3228,3231,C
8-NS,172,3265,1,2,0,3268,A
8-NS,173,1,0,0,3316,3317,C
8-NS,174,2,0,0,3311,3313,C
8-NS,175,1,3,0,3314,3318,C
8-NS,176,3150,174,1,16,3341,A
8-NS,177,0,3339,0,1,3340,T
8-NS,178,0,0,3352,0,3352,G
8-NS,179,0,3333,0,4,3337,T
8-NS,180,1,3316,0,2,3319,T
8-NS,181,1,0,3149,0,3150,G
8-NS,182,0,0,3124,0,3124,G
8-NS,183,3100,0,1,0,3101,A
8-NS,184,3099,0,2,0,3101,A
8-NS,185,3045,0,3,0,3048,A
8-NS,186,1,1,3068,0,3070,G
8-NS,187,0,0,1,3073,3074,C
8-NS,188,3059,1,0,0,3060,A
8-NS,189,3066,0,1,0,3067,A
8-NS,190,3047,0,0,0,3047,A
8-NS,191,1,3072,0,1,3074,T
8-NS,192,0,3066,0,2,3068,T
8-NS,193,0,0,3138,0,3138,G
8-NS,194,2,3142,0,1,3145,T
8-NS,195,3130,0,3,0,3133,A
8-NS,196,2,1,3126,0,3129,G
8-NS,197,3124,0,1,1,3126,A
8-NS,198,3127,1,0,0,3128,A
8-NS,199,3124,0,0,0,3124,A
8-NS,200,3108,1,1,0,3110,A
8-NS,201,1,1,3121,0,3123,G
8-NS,202,3083,1,1,0,3085,A
8-NS,203,0,3078,0,1,3079,T
8-NS,204,0,3084,0,0,3084,T
8-NS,205,1,2,0,3087,3090,C
8-NS,206,1,3076,0,0,3077,T
8-NS,207,1,1,3088,0,3090,G
8-NS,208,3081,0,2,0,3083,A
8-NS,209,3077,0,2,1,3080,A
8-NS,210,3075,0,2,0,3077,A
8-NS,211,2,0,3090,0,3092,G
8-NS,212,3093,0,1,0,3094,A
8-NS,213,3096,1,0,1,3098,A
8-NS,214,2,1,3116,0,3119,G
8-NS,215,3132,0,3,0,3135,A
8-NS,216,3141,1,2,1,3145,A
8-NS,217,0,3153,0,0,3153,T
8-NS,218,1,0,0,3183,3184,C
8-NS,219,1,3174,0,4,3179,T
8-NS,220,0,2,3188,0,3190,G
8-NS,221,3185,0,4,0,3189,A
8-NS,222,2,3186,0,1,3189,T
8-NS,223,2,0,3168,0,3170,G
8-NS,224,3127,0,3,2,3132,A
8-NS,225,1,0,3133,0,3134,G
8-NS,226,0,0,3109,0,3109,G
8-NS,227,0,1,0,3123,3124,C
8-NS,228,3145,0,3,0,3148,A
8-NS,229,0,1,0,3235,3236,C
8-NS,230,0,3230,1,1,3232,T
8-NS,231,0,3261,0,0,3261,T
8-NS,232,3277,1,1,1,3280,A
8-NS,233,3285,1,0,0,3286,A
8-NS,234,3276,0,3,0,3279,A
8-NS,235,3273,0,3,1,3277,A
8-NS,236,0,3278,0,0,3278,T
8-NS,237,0,2,3278,0,3280,G
8-NS,238,3257,1,1,0,3259,A
8-NS,239,0,0,0,3269,3269,C
8-NS,240,1,1,0,3247,3249,C
8-NS,241,3259,0,0,0,3259,A
8-NS,242,1,3250,0,5,3256,T
8-NS,243,0,1,3330,0,3331,G
8-NS,244,1,0,3372,0,3373,G
8-NS,245,1,3369,0,15,3385,T
8-NS,246,1,1,0,3568,3570,C
8-NS,247,1,3528,1,9,3539,T
8-NS,248,25,0,0,3578,3603,C
8-NS,249,1,1,1,3591,3594,C
8-NS,250,3610,0,6,1,3617,A
8-NS,251,1,0,0,3637,3638,C
8-NS,252,3566,3,2,1,3572,A
8-NS,253,1,0,0,3570,3571,C
8-NS,254,0,0,0,3548,3548,C
8-NS,255,0,3399,1,5,3405,T
8-NS,256,0,0,3416,1,3417,G
8-NS,257,0,0,0,3405,3405,C
8-NS,258,0,3372,0,1,3373,T
8-NS,259,0,3406,0,1,3407,T
8-NS,260,3,0,0,3399,3402,C
8-NS,261,0,0,3413,0,3413,G
8-NS,262,1,1,1,3403,3406,C
8-NS,263,0,0,3406,0,3406,G
8-NS,264,3577,1,1,0,3579,A
8-NS,265,1,3567,0,3,3571,T
8-NS,266,3714,0,0,0,3714,A
8-NS,267,0,2,0,3728,3730,C
8-NS,268,3709,0,2,0,3711,A
8-NS,269,0,3817,0,0,3817,T
8-NS,270,3793,0,2,0,3795,A
8-NS,271,3815,0,3,0,3818,A
8-NS,272,0,0,0,3807,3807,C
8-NS,273,0,3660,0,2,3662,T
8-NS,274,0,2,3703,0,3705,G
8-NS,275,3637,2,1,0,3640,A
8-NS,276,0,2,0,3645,3647,C
8-NS,277,3638,0,2,0,3640,A
8-NS,278,0,3594,0,0,3594,T
8-NS,279,0,2,3606,0,3608,G
8-NS,280,3590,1,3,10,3604,A
8-NS,281,0,1,0,3750,3751,C
8-NS,282,0,3716,1,3,3720,T
8-NS,283,3776,0,1,0,3777,A
8-NS,284,0,3764,1,1,3766,T
8-NS,285,0,3734,0,2,3736,T
8-NS,286,0,2,3726,0,3728,G
8-NS,287,3693,0,2,1,3696,A
8-NS,288,1,1,3707,0,3709,G
8-NS,289,3,1,3696,0,3700,G
8-NS,290,3605,1,1,0,3607,A
8-NS,291,3613,0,2,0,3615,A
8-NS,292,0,3546,0,0,3546,T
8-NS,293,0,3545,0,2,3547,T
8-NS,294,2,0,3615,0,3617,G
8-NS,295,0,3599,0,2,3601,T
8-NS,296,0,1,0,3602,3603,C
8-NS,297,3600,0,2,1,3603,A
8-NS,298,3607,0,2,0,3609,A
8-NS,299,0,3,3602,0,3605,G
8-NS,300,3608,0,1,0,3609,A
8-NS,301,3605,0,2,1,3608,A
8-NS,302,3606,1,1,0,3608,A
8-NS,303,0,0,0,3613,3613,C
8-NS,304,0,3564,1,1,3566,T
8-NS,305,1,0,3626,0,3627,G
8-NS,306,1,2,3663,0,3666,G
8-NS,307,0,3656,0,3,3659,T
8-NS,308,0,3651,0,6,3657,T
8-NS,309,1,0,0,3642,3643,C
8-NS,310,3662,0,0,0,3662,A
8-NS,311,2,3702,0,2,3706,T
8-NS,312,1,5,3737,0,3743,G
8-NS,313,0,0,0,3771,3771,C
8-NS,314,0,3714,0,3,3717,T
8-NS,315,3660,0,7,0,3667,A
8-NS,316,3735,0,1,0,3736,A
8-NS,317,1,3760,0,0,3761,T
8-NS,318,1,0,3770,0,3771,G
8-NS,319,0,2,1,3759,3762,C
8-NS,320,3,1,0,3711,3715,C
8-NS,321,0,1,0,3685,3686,C
8-NS,322,3679,0,1,0,3680,A
8-NS,323,3724,0,2,1,3727,A
8-NS,324,1,0,3747,0,3748,G
8-NS,325,1,0,1,3747,3749,C
8-NS,326,3728,0,3,0,3731,A
8-NS,327,0,1,3755,0,3756,G
8-NS,328,3730,1,0,0,3731,A
8-NS,329,3733,0,8,0,3741,A
8-NS,330,3736,0,3,0,3739,A
8-NS,331,1,1,3797,0,3799,G
8-NS,332,1,3756,0,1,3758,T
8-NS,333,0,1,3745,0,3746,G
8-NS,334,0,1,3756,0,3757,G
8-NS,335,3752,0,4,1,3757,A
8-NS,336,3719,0,12,0,3731,A
8-NS,337,0,1,3719,0,3720,G
8-NS,338,3,2,3725,0,3730,G
8-NS,339,3733,0,1,0,3734,A
8-NS,340,0,1,0,3712,3713,C
8-NS,341,2,0,20,3667,3689,C
8-NS,342,0,3662,0,1,3663,T
8-NS,343,0,0,0,3731,3731,C
8-NS,344,0,3737,0,1,3738,T
8-NS,345,0,3751,1,1,3753,T
8-NS,346,0,3741,0,2,3743,T
8-NS,347,0,0,3728,0,3728,G
8-NS,348,0,1,0,3764,3765,C
8-NS,349,3736,0,0,0,3736,A
8-NS,350,2,3721,0,2,3725,T
8-NS,351,1,2,0,3736,3739,C
8-NS,352,3790,0,2,0,3792,A
8-NS,353,0,1,3931,0,3932,G
8-NS,354,3917,0,0,2,3919,A
8-NS,355,3927,1,3,0,3931,A
8-NS,356,1,3906,0,0,3907,T
8-NS,357,20,2,3851,0,3873,G
8-NS,358,12,1,3902,0,3915,G
8-NS,359,3922,0,3,0,3925,A
8-NS,360,0,4,0,3897,3901,C
8-NS,361,0,2,2,3806,3810,C
8-NS,362,3707,0,2,1,3710,A
8-NS,363,0,0,3767,0,3767,G
8-NS,364,0,0,3772,0,3772,G
8-NS,365,0,1,0,3772,3773,C
8-NS,366,3756,2,1,0,3759,A
8-NS,367,3771,0,2,1,3774,A
8-NS,368,0,3757,0,0,3757,T
8-NS,369,3,4,0,3765,3772,C
8-NS,370,3765,1,0,0,3766,A
8-NS,371,0,3734,1,4,3739,T
8-NS,372,1,0,3708,0,3709,G
8-NS,373,0,1,3742,0,3743,G
8-NS,374,3705,0,5,0,3710,A
8-NS,375,1,1,3768,0,3770,G
8-NS,376,3715,0,0,0,3715,A
8-NS,377,3721,0,0,1,3722,A
8-NS,378,3721,0,4,0,3725,A
8-NS,379,3710,1,2,1,3714,A
8-NS,380,3742,1,4,1,3748,A
8-NS,381,0,0,0,3770,3770,C
8-NS,382,3755,0,0,0,3755,A
8-NS,383,0,3735,0,0,3735,T
8-NS,384,1,2,0,3718,3721,C
8-NS,385,3718,1,2,0,3721,A
8-NS,386,0,3735,0,1,3736,T
8-NS,387,0,0,3751,0,3751,G
8-NS,388,0,3748,0,3,3751,T
8-NS,389,0,3713,0,4,3717,T
8-NS,390,0,1,3706,1,3708,G
8-NS,391,3697,0,0,0,3697,A
8-NS,392,3700,0,1,0,3701,A
8-NS,393,3685,0,4,0,3689,A
8-NS,394,1,0,3711,0,3712,G
8-NS,395,0,0,0,3700,3700,C
8-NS,396,0,2,3697,0,3699,G
8-NS,397,3692,0,1,1,3694,A
8-NS,398,3704,1,0,0,3705,A
8-NS,399,1,3697,1,1,3700,T
8-NS,400,1,3688,0,4,3693,T
8-NS,401,1,3707,0,1,3709,T
8-NS,402,1,0,0,3707,3708,C
8-NS,403,3684,0,1,0,3685,A
8-NS,404,0,0,3699,0,3699,G
8-NS,405,0,3680,1,2,3683,T
8-NS,406,0,0,3695,0,3695,G
8-NS,407,1,3681,0,3,3685,T
8-NS,408,2,0,3697,0,3699,G
8-NS,409,3712,0,2,1,3715,A
8-NS,410,0,3697,1,1,3699,T
8-NS,411,1,3697,0,9,3707,T
8-NS,412,0,3700,0,1,3701,T
8-NS,413,0,3699,0,0,3699,T
8-NS,414,0,3705,0,0,3705,T
8-NS,415,1,0,3690,0,3691,G
8-NS,416,0,0,3644,0,3644,G
8-NS,417,1,3,0,3637,3641,C
8-NS,418,1,0,0,3657,3658,C
8-NS,419,2,2,3691,0,3695,G
8-NS,420,3807,0,0,1,3808,A
8-NS,421,0,3,0,3877,3880,C
8-NS,422,1,3895,0,1,3897,T
8-NS,423,3903,0,0,0,3903,A
8-NS,424,0,0,3898,0,3898,G
8-NS,425,3891,0,5,0,3896,A
8-NS,426,2,0,3940,0,3942,G
8-NS,427,3930,0,1,0,3931,A
8-NS,428,0,0,0,4082,4082,C
8-NS,429,1,0,0,3984,3985,C
8-NS,430,3896,1,2,1,3900,A
8-NS,431,1,4178,1,1,4181,T
8-NS,432,4157,0,0,0,4157,A
8-NS,433,0,0,4563,0,4563,G
8-NS,434,1,4513,1,1,4516,T
8-NS,435,4494,0,2,0,4496,A
8-NS,436,1,4500,1,1,4503,T
8-NS,437,0,4368,0,3,4371,T
8-NS,438,4517,0,1,0,4518,A
8-NS,439,0,0,0,4525,4525,C
8-NS,440,0,4289,0,1,4290,T
8-NS,441,4276,0,0,0,4276,A
8-NS,442,3811,0,2,0,3813,A
8-NS,443,2,1,3837,0,3840,G
8-NS,444,2,1,3819,0,3822,G
8-NS,445,0,2,3825,0,3827,G
8-NS,446,1,0,0,3778,3779,C
8-NS,447,0,3682,0,9,3691,T
8-NS,448,0,3678,0,5,3683,T
8-NS,449,0,3715,0,1,3716,T
8-NS,450,0,1,0,3738,3739,C
8-NS,451,3795,1,5,0,3801,A
8-NS,452,0,3,0,3804,3807,C
8-NS,453,0,1,0,3780,3781,C
8-NS,454,1,0,3777,1,3779,G
8-NS,455,3767,0,1,0,3768,A
8-NS,456,3760,5,1,0,3766,A
8-NS,457,0,0,3794,0,3794,G
8-NS,458,3727,1,2,1,3731,A
8-NS,459,0,0,3766,0,3766,G
8-NS,460,1,3,3694,0,3698,G
8-NS,461,0,1,3727,1,3729,G
8-NS,462,3714,1,10,0,3725,A
8-NS,463,2,0,3730,0,3732,G
8-NS,464,15,1,0,3699,3715,C
8-NS,465,3720,0,2,0,3722,A
8-NS,466,3728,0,1,0,3729,A
8-NS,467,0,3719,0,1,3720,T
8-NS,468,0,3702,0,0,3702,T
8-NS,469,1,0,3703,0,3704,G
8-NS,470,1,3661,0,0,3662,T
8-NS,471,0,3654,0,0,3654,T
8-NS,472,1,1,3645,0,3647,G
8-NS,473,0,1,3652,0,3653,G
8-NS,474,0,17,0,3651,3668,C
8-NS,475,3,1,3654,0,3658,G
8-NS,476,3659,0,1,0,3660,A
8-NS,477,3682,0,1,1,3684,A
8-NS,478,3689,0,2,0,3691,A
8-NS,479,1,3703,0,1,3705,T
8-NS,480,1,2,0,3700,3703,C
8-NS,481,1,3661,0,1,3663,T
8-NS,482,4,0,0,3685,3689,C
8-NS,483,3701,1,2,0,3704,A
8-NS,484,0,1,0,3711,3712,C
8-NS,485,2,3,0,3707,3712,C
8-NS,486,3682,0,0,0,3682,A
8-NS,487,0,3663,1,5,3669,T
8-NS,488,0,3652,0,0,3652,T
8-NS,489,0,0,3667,0,3667,G
8-NS,490,0,1,0,3664,3665,C
8-NS,491,1,2,0,3662,3665,C
8-NS,492,1,3665,0,5,3671,T
8-NS,493,0,3661,0,2,3663,T
8-NS,494,2,0,0,3697,3699,C
8-NS,495,0,3694,0,1,3695,T
8-NS,496,1,3698,0,0,3699,T
8-NS,497,0,3765,1,3,3769,T
8-NS,498,0,3739,0,1,3740,T
8-NS,499,1,0,0,3757,3758,C
8-NS,500,0,1,0,3740,3741,C
8-NS,501,3735,1,1,0,3737,A
8-NS,502,1,0,3803,1,3805,G
8-NS,503,13,1,3764,0,3778,G
8-NS,504,3873,0,4,0,3877,A
8-NS,505,0,0,0,3887,3887,C
8-NS,506,3928,0,2,0,3930,A
8-NS,507,0,3931,1,3,3935,T
8-NS,508,3944,0,3,0,3947,A
8-NS,509,0,1,0,4272,4273,C
8-NS,510,0,4251,0,2,4253,T
8-NS,511,4254,0,0,0,4254,A
8-NS,512,0,4230,0,2,4232,T
8-NS,513,0,4043,0,6,4049,T
8-NS,514,1,1,4061,0,4063,G
8-NS,515,3851,2,2,0,3855,A
8-NS,516,1,2,3872,0,3875,G
8-NS,517,0,0,3856,0,3856,G
8-NS,518,3444,1,0,0,3445,A
8-NS,519,1,3450,0,2,3453,T
8-NS,520,1,0,3452,0,3453,G
8-NS,521,0,3428,0,5,3433,T
8-NS,522,0,2,0,3430,3432,C
8-NS,523,3451,1,1,0,3453,A
8-NS,524,3452,0,0,0,3452,A
8-NS,525,3451,0,0,0,3451,A
8-NS,526,3425,0,0,0,3425,A
8-NS,527,3446,1,0,0,3447,A
8-NS,528,0,3435,0,5,3440,T
8-NS,529,1,1,3431,0,3433,G
8-NS,530,0,1,0,3463,3464,C
8-NS,531,3457,1,0,0,3458,A
8-NS,532,3470,0,0,1,3471,A
8-NS,533,0,3477,0,0,3477,T
8-NS,534,1,3478,0,1,3480,T
8-NS,535,0,1,3466,0,3467,G
8-NS,536,0,1,3445,0,3446,G
8-NS,537,11,0,3434,0,3445,G
8-NS,538,1,0,3481,0,3482,G
8-NS,539,0,3414,0,6,3420,T
8-NS,540,2,0,0,3449,3451,C
8-NS,541,0,1,0,3461,3462,C
8-NS,542,1,3434,0,5,3440,T
8-NS,543,0,0,0,3500,3500,C
8-NS,544,3495,6,1,0,3502,A
8-NS,545,0,3499,1,0,3500,T
8-NS,546,2,0,0,3505,3507,C
8-NS,547,1,1,3468,0,3470,G
8-NS,548,0,1,3477,0,3478,G
8-NS,549,3417,2,2,0,3421,A
8-NS,550,0,1,3433,0,3434,G
8-NS,551,0,0,3458,0,3458,G
8-NS,552,3414,1,4,0,3419,A
8-NS,553,0,2,0,3449,3451,C
8-NS,554,1,3445,0,1,3447,T
8-NS,555,1,3433,0,3,3437,T
8-NS,556,0,1,3468,0,3469,G
8-NS,557,3444,0,1,0,3445,A
8-NS,558,3459,0,1,0,3460,A
8-NS,559,0,3443,0,0,3443,T
8-NS,560,0,1,3355,0,3356,G
8-NS,561,0,0,3406,0,3406,G
8-NS,562,3342,0,2,0,3344,A
8-NS,563,3397,0,2,1,3400,A
8-NS,564,0,3584,0,3,3587,T
8-NS,565,1,1,3617,0,3619,G
8-NS,566,3623,1,4,0,3628,A
8-NS,567,1,3647,0,1,3649,T
8-NS,568,3619,0,3,0,3622,A
8-NS,569,3651,0,2,0,3653,A
8-NS,570,0,1,0,3612,3613,C
8-NS,571,3541,2,1,0,3544,A
8-NS,572,0,0,0,3550,3550,C
8-NS,573,3213,0,0,1,3214,A
8-NS,574,1,0,3259,0,3260,G
8-NS,575,1,3235,0,3,3239,T
8-NS,576,1,3222,0,2,3225,T
8-NS,577,2,0,0,3224,3226,C
8-NS,578,0,2,3199,0,3201,G
8-NS,579,3176,0,3,0,3179,A
8-NS,580,0,0,3191,0,3191,G
8-NS,581,0,3140,0,1,3141,T
8-NS,582,0,0,2,3171,3173,C
8-NS,583,0,3059,0,4,3063,T
8-NS,584,0,1,0,3115,3116,C
8-NS,585,0,3112,0,0,3112,T
8-NS,586,3117,0,0,0,3117,A
8-NS,587,3119,0,1,0,3120,A
8-NS,588,3108,0,0,0,3108,A
8-NS,589,3147,0,1,0,3148,A
8-NS,590,3150,1,1,0,3152,A
8-NS,591,0,3125,0,0,3125,T
8-NS,592,1,1,0,3149,3151,C
8-NS,593,0,3124,1,2,3127,T
8-NS,594,3146,0,1,0,3147,A
8-NS,595,1,2,0,3145,3148,C
8-NS,596,3144,0,1,0,3145,A
8-NS,597,1,0,3145,0,3146,G
8-NS,598,3062,2,1,1,3066,A
8-NS,599,1,0,3095,0,3096,G
8-NS,600,3088,1,2,0,3091,A
8-NS,601,0,3039,2,2,3043,T
8-NS,602,0,3030,0,0,3030,T
8-NS,603,2,0,1,3047,3050,C
8-NS,604,1,0,3043,0,3044,G
8-NS,605,0,1,0,3049,3050,C
8-NS,606,3,3024,0,2,3029,T
8-NS,607,0,3043,0,2,3045,T
8-NS,608,1,2,3029,0,3032,G
8-NS,609,0,0,3046,0,3046,G
8-NS,610,3038,0,3,0,3041,A
8-NS,611,0,1,3047,0,3048,G
8-NS,612,3024,0,1,0,3025,A
8-NS,613,3018,0,3,0,3021,A
8-NS,614,2,0,3079,0,3081,G
8-NS,615,0,0,0,3089,3089,C
8-NS,616,3094,1,1,0,3096,A
8-NS,617,2,1,3168,0,3171,G
8-NS,618,0,3138,0,1,3139,T
8-NS,619,3157,0,6,0,3163,A
8-NS,620,3165,0,1,0,3166,A
8-NS,621,0,3161,0,0,3161,T
8-NS,622,0,1,3172,0,3173,G
8-NS,623,3039,0,4,0,3043,A
8-NS,624,1,0,3114,0,3115,G
8-NS,625,3066,0,3,0,3069,A
8-NS,626,2964,0,0,0,2964,A
8-NS,627,0,2970,0,1,2971,T
8-NS,628,1,2,2912,0,2915,G
8-NS,629,0,1,2922,0,2923,G
8-NS,630,1,3,2892,0,2896,G
8-NS,631,1,0,2893,0,2894,G
8-NS,632,1,0,2906,0,2907,G
8-NS,633,2830,0,2,0,2832,A
8-NS,634,0,1,0,2879,2880,C
8-NS,635,0,1,0,2885,2886,C
8-NS,636,1,2842,1,9,2853,T
8-NS,637,0,1,0,2900,2901,C
8-NS,638,0,2,0,2889,2891,C
8-NS,639,2907,1,2,0,2910,A
8-NS,640,0,0,0,2916,2916,C
8-NS,641,0,2871,0,1,2872,T
8-NS,642,1,2854,0,2,2857,T
8-NS,643,2776,0,1,1,2778,A
8-NS,644,0,1,0,2816,2817,C
8-NS,645,0,2777,0,4,2781,T
8-NS,646,2,0,0,2778,2780,C
8-NS,647,0,0,0,2730,2730,C
8-NS,648,2732,0,0,0,2732,A
8-NS,649,2735,0,2,0,2737,A
8-NS,650,2728,1,0,0,2729,A
8-NS,651,2730,1,4,0,2735,A
8-NS,652,0,0,0,2736,2736,C
8-NS,653,2640,0,2,0,2642,A
8-NS,654,0,0,2645,0,2645,G
8-NS,655,2628,0,3,0,2631,A
8-NS,656,2624,0,1,0,2625,A
8-NS,657,2632,0,1,0,2633,A
8-NS,658,0,1,1,2636,2638,C
8-NS,659,0,0,2639,0,2639,G
8-NS,660,2,0,2637,0,2639,G
8-NS,661,1,0,2645,0,2646,G
8-NS,662,2626,0,0,0,2626,A
8-NS,663,2611,1,1,0,2613,A
8-NS,664,2618,0,2,0,2620,A
8-NS,665,0,2609,0,0,2609,T
8-NS,666,0,0,2640,0,2640,G
8-NS,667,2,1,2634,0,2637,G
8-NS,668,1,0,0,2613,2614,C
8-NS,669,0,1,2612,0,2613,G
8-NS,670,2613,0,0,0,2613,A
8-NS,671,0,0,2623,0,2623,G
8-NS,672,2626,1,1,0,2628,A
8-NS,673,2619,0,3,0,2622,A
8-NS,674,0,1,0,2647,2648,C
8-NS,675,2600,0,2,0,2602,A
8-NS,676,2,0,2601,0,2603,G
8-NS,677,1,3,0,2575,2579,C
8-NS,678,0,2588,0,1,2589,T
8-NS,679,2591,0,1,0,2592,A
8-NS,680,0,0,2576,0,2576,G
8-NS,681,1,0,2585,0,2586,G
8-NS,682,1,2573,0,2,2576,T
8-NS,683,0,1,0,2526,2527,C
8-NS,684,2547,0,1,0,2548,A
8-NS,685,2538,0,2,0,2540,A
8-NS,686,2542,0,0,0,2542,A
8-NS,687,2568,0,1,0,2569,A
8-NS,688,1,0,2574,0,2575,G
8-NS,689,0,2499,0,1,2500,T
8-NS,690,0,2474,0,2,2476,T
8-NS,691,0,2488,0,3,2491,T
8-NS,692,1,0,2497,0,2498,G
8-NS,693,2493,1,1,0,2495,A
8-NS,694,2494,0,4,1,2499,A
8-NS,695,0,1,2515,0,2516,G
8-NS,696,2458,1,1,0,2460,A
8-NS,697,3,0,2480,0,2483,G
8-NS,698,2472,0,0,0,2472,A
8-NS,699,0,2488,0,0,2488,T
8-NS,700,2500,0,1,0,2501,A
8-NS,701,2482,1,1,0,2484,A
8-NS,702,0,0,2486,0,2486,G
8-NS,703,2299,0,11,0,2310,A
8-NS,704,0,2315,0,1,2316,T
8-NS,705,1,0,2329,0,2330,G
8-NS,706,0,0,2340,0,2340,G
8-NS,707,0,1,0,2335,2336,C
8-NS,708,0,2316,0,1,2317,T
8-NS,709,2318,0,1,0,2319,A
8-NS,710,2312,0,0,1,2313,A
8-NS,711,0,2336,0,0,2336,T
8-NS,712,0,2324,0,0,2324,T
8-NS,713,0,0,2336,0,2336,G
8-NS,714,2296,0,1,0,2297,A
8-NS,715,2291,1,2,1,2295,A
8-NS,716,0,0,2298,0,2298,G
8-NS,717,2291,0,1,0,2292,A
8-NS,718,2265,0,0,0,2265,A
8-NS,719,1,0,2300,0,2301,G
8-NS,720,0,2260,0,0,2260,T
8-NS,721,0,0,2265,0,2265,G
8-NS,722,2243,1,2,1,2247,A
8-NS,723,2,1,2258,0,2261,G
8-NS,724,2262,0,6,0,2268,A
8-NS,725,0,2,0,2258,2260,C
8-NS,726,2248,0,2,0,2250,A
8-NS,727,0,1,0,2260,2261,C
8-NS,728,2152,0,2,0,2154,A
8-NS,729,1,0,2250,0,2251,G
8-NS,730,2249,0,1,0,2250,A
8-NS,731,1,2233,0,0,2234,T
8-NS,732,1,2222,0,1,2224,T
8-NS,733,2216,0,1,0,2217,A
8-NS,734,2215,1,0,0,2216,A
8-NS,735,1,0,1948,0,1949,G
8-NS,736,1965,1,0,0,1966,A
8-NS,737,1955,0,1,0,1956,A
8-NS,738,0,0,0,1962,1962,C
8-NS,739,1875,0,1,0,1876,A
8-NS,740,1906,0,1,0,1907,A
8-NS,741,0,1,0,1901,1902,C
8-NS,742,1,1888,0,2,1891,T
8-NS,743,12,0,1886,0,1898,G
8-NS,744,1897,0,0,0,1897,A
8-NS,745,1904,0,2,0,1906,A
8-NS,746,1902,0,0,2,1904,A
8-NS,747,1880,0,0,0,1880,A
8-NS,748,0,1877,0,0,1877,T
8-NS,749,1789,0,0,0,1789,A
8-NS,750,0,0,1810,0,1810,G
8-NS,751,0,1,0,1801,1802,C
8-NS,752,0,1762,0,1,1763,T
8-NS,753,0,1760,0,5,1765,T
8-NS,754,0,1750,0,1,1751,T
8-NS,755,1,0,1748,0,1749,G
8-NS,756,1756,0,0,0,1756,A
8-NS,757,1760,0,0,0,1760,A
8-NS,758,0,1,0,1763,1764,C
8-NS,759,1713,0,0,0,1713,A
8-NS,760,1718,0,0,0,1718,A
8-NS,761,1727,0,0,0,1727,A
8-NS,762,0,1726,0,0,1726,T
8-NS,763,1726,0,0,0,1726,A
8-NS,764,1704,0,0,0,1704,A
8-NS,765,0,1,0,1716,1717,C
8-NS,766,1706,0,0,0,1706,A
8-NS,767,0,1665,0,5,1670,T
8-NS,768,0,1641,0,0,1641,T
8-NS,769,0,1,0,1619,1620,C
8-NS,770,1605,0,2,0,1607,A
8-NS,771,0,1597,0,2,1599,T
8-NS,772,0,0,1602,0,1602,G
8-NS,773,0,1,0,1570,1571,C
8-NS,774,1546,0,0,0,1546,A
8-NS,775,1546,0,0,0,1546,A
8-NS,776,0,0,1536,0,1536,G
8-NS,777,1,0,0,1569,1570,C
8-NS,778,1557,0,1,1,1559,A
8-NS,779,1,1566,0,0,1567,T
8-NS,780,0,1564,0,0,1564,T
8-NS,781,1565,0,0,0,1565,A
8-NS,782,0,0,0,1567,1567,C
8-NS,783,1546,0,1,0,1547,A
8-NS,784,1534,0,1,0,1535,A
8-NS,785,0,0,0,1532,1532,C
8-NS,786,1,1263,0,1,1265,T
8-NS,787,2,0,1265,0,1267,G
8-NS,788,0,1,0,1239,1240,C
8-NS,789,1,1213,0,0,1214,T
8-NS,790,0,0,1219,0,1219,G
8-NS,791,0,1183,0,2,1185,T
8-NS,792,0,1185,1,0,1186,T
8-NS,793,0,1185,0,0,1185,T
8-NS,794,3,2,1168,0,1173,G
8-NS,795,1173,1,0,0,1174,A
8-NS,796,1155,0,1,0,1156,A
8-NS,797,0,0,1158,0,1158,G
8-NS,798,0,1146,0,0,1146,T
8-NS,799,1,1,1092,0,1094,G
8-NS,800,0,0,1101,0,1101,G
8-NS,801,1098,0,1,0,1099,A
8-NS,802,1101,0,3,0,1104,A
8-NS,803,0,0,0,1099,1099,C
8-NS,804,1078,0,0,0,1078,A
8-NS,805,1,0,1080,0,1081,G
8-NS,806,0,1,1060,0,1061,G
8-NS,807,1036,0,1,0,1037,A
8-NS,808,0,0,1064,0,1064,G
8-NS,809,907,0,1,0,908,A
8-NS,810,0,906,0,0,906,T
8-NS,811,902,0,0,0,902,A
8-NS,812,892,0,6,0,898,A
8-NS,813,1,0,894,0,895,G
8-NS,814,789,0,0,0,789,A
8-NS,815,778,0,1,0,779,A
8-NS,816,0,0,0,768,768,C
8-NS,817,0,639,0,0,639,T
8-NS,818,0,624,0,0,624,T
8-NS,819,0,624,0,2,626,T
8-NS,820,0,1,0,627,628,C
8-NS,821,0,618,0,1,619,T
8-NS,822,0,0,0,621,621,C
8-NS,823,600,0,1,0,601,A
8-NS,824,0,594,0,2,596,T
8-NS,825,0,587,0,1,588,T
8-NS,826,2,586,0,0,588,T
8-NS,827,1,0,0,584,585,C
8-NS,828,563,2,0,0,565,A
8-NS,829,0,0,563,0,563,G
8-NS,830,0,0,0,564,564,C
8-NS,831,0,528,0,0,528,T
8-NS,832,0,529,0,0,529,T
8-NS,833,518,0,0,0,518,A
8-NS,834,0,512,0,0,512,T
8-NS,835,0,515,0,0,515,T
8-NS,836,0,514,0,0,514,T
8-NS,837,494,0,2,0,496,A
8-NS,838,478,0,1,0,479,A
8-NS,839,0,471,0,0,471,T
8-NS,840,0,0,464,0,464,G
8-NS,841,447,0,0,0,447,A
8-NS,842,0,409,0,1,410,T
8-NS,843,403,0,0,0,403,A
8-NS,844,402,0,1,0,403,A
8-NS,845,403,0,0,0,403,A
8-NS,846,401,0,1,0,402,A
8-NS,847,399,0,2,0,401,A
8-NS,848,396,0,1,0,397,A
8-NS,849,0,0,0,399,399,C
8-NS,850,339,0,1,0,340,A
8-NS,851,0,0,0,341,341,C
8-NS,852,1,0,0,322,323,C
8-NS,853,0,0,0,313,313,C
8-NS,854,0,297,0,0,297,T
8-NS,855,0,295,0,0,295,T
8-NS,856,0,0,293,0,293,G
8-NS,857,0,278,0,0,278,T
8-NS,858,0,274,0,0,274,T
8-NS,859,0,263,0,0,263,T
8-NS,860,0,0,0,97,97,C
8-NS,861,0,73,0,0,73,T
8-NS,862,61,0,0,0,61,A
8-NS,863,0,0,0,61,61,C
