Gene,Position,A,T,G,C,Coverage,Consensus
1-PB2,1,238,0,0,0,238,A
1-PB2,2,0,239,0,0,239,T
1-PB2,3,0,0,246,0,246,G
1-PB2,4,0,2,245,0,247,G
1-PB2,5,247,0,0,0,247,A
1-PB2,6,246,0,1,0,247,A
1-PB2,7,246,0,0,0,246,A
1-PB2,8,0,2,265,0,267,G
1-PB2,9,268,0,0,0,268,A
1-PB2,10,270,0,0,0,270,A
1-PB2,11,0,279,0,1,280,T
1-PB2,12,278,0,0,0,278,A
1-PB2,13,279,0,0,0,279,A
1-PB2,14,280,0,0,0,280,A
1-PB2,15,281,0,0,0,281,A
1-PB2,16,0,3,292,0,295,G
1-PB2,17,293,0,0,0,293,A
1-PB2,18,297,0,0,0,297,A
1-PB2,19,0,0,0,305,305,C
1-PB2,20,0,305,0,0,305,T
1-PB2,21,316,0,0,0,316,A
1-PB2,22,0,1,0,316,317,C
1-PB2,23,1,1,319,0,321,G
1-PB2,24,0,2,329,0,331,G
1-PB2,25,332,0,0,0,332,A
1-PB2,26,338,0,1,0,339,A
1-PB2,27,1,339,0,0,340,T
1-PB2,28,1,0,0,341,342,C
1-PB2,29,0,342,0,0,342,T
1-PB2,30,1,1,340,0,342,G
1-PB2,31,344,0,0,0,344,A
1-PB2,32,0,344,0,0,344,T
1-PB2,33,0,0,345,0,345,G
1-PB2,34,0,347,0,1,348,T
1-PB2,35,4,1,0,342,347,C
1-PB2,36,0,1,347,0,348,G
1-PB2,37,1,0,0,348,349,C
1-PB2,38,349,0,0,0,349,A
1-PB2,39,1,0,361,0,362,G
1-PB2,40,0,364,0,0,364,T
1-PB2,41,4,0,0,364,368,C
1-PB2,42,0,366,0,1,367,T
1-PB2,43,1,0,0,366,367,C
1-PB2,44,1,0,366,0,367,G
1-PB2,45,0,0,0,367,367,C
1-PB2,46,366,0,1,0,367,A
1-PB2,47,0,0,0,376,376,C
1-PB2,48,0,373,0,0,373,T
1-PB2,49,1,0,0,380,381,C
1-PB2,50,0,1,379,0,380,G
1-PB2,51,0,0,0,381,381,C
1-PB2,52,0,2,379,0,381,G
1-PB2,53,387,0,0,1,388,A
1-PB2,54,0,0,393,0,393,G
1-PB2,55,404,0,0,0,404,A
1-PB2,56,0,404,0,0,404,T
1-PB2,57,407,0,0,0,407,A
1-PB2,58,2,0,0,404,406,C
1-PB2,59,0,400,0,0,400,T
1-PB2,60,0,1,405,0,406,G
1-PB2,61,405,0,1,0,406,A
1-PB2,62,1,0,0,414,415,C
1-PB2,63,415,0,0,0,415,A
1-PB2,64,410,0,0,0,410,A
1-PB2,65,415,0,0,0,415,A
1-PB2,66,422,0,0,0,422,A
1-PB2,67,425,0,0,0,425,A
1-PB2,68,0,0,0,431,431,C
1-PB2,69,2,0,0,429,431,C
1-PB2,70,453,0,0,0,453,A
1-PB2,71,1,1,0,456,458,C
1-PB2,72,455,0,0,1,456,A
1-PB2,73,0,1,473,0,474,G
1-PB2,74,2,469,0,1,472,T
1-PB2,75,0,3,490,1,494,G
1-PB2,76,1,5,493,0,499,G
1-PB2,77,500,0,0,0,500,A
1-PB2,78,0,0,0,528,528,C
1-PB2,79,2,1,0,518,521,C
1-PB2,80,533,0,0,0,533,A
1-PB2,81,0,536,0,0,536,T
1-PB2,82,527,0,0,0,527,A
1-PB2,83,0,528,0,0,528,T
1-PB2,84,0,3,526,0,529,G
1-PB2,85,0,0,535,0,535,G
1-PB2,86,0,1,0,529,530,C
1-PB2,87,0,1,0,527,528,C
1-PB2,88,526,1,0,0,527,A
1-PB2,89,0,561,0,0,561,T
1-PB2,90,564,0,0,0,564,A
1-PB2,91,604,0,0,0,604,A
1-PB2,92,0,605,0,0,605,T
1-PB2,93,0,599,0,2,601,T
1-PB2,94,612,0,0,0,612,A
1-PB2,95,612,0,0,0,612,A
1-PB2,96,0,3,625,0,628,G
1-PB2,97,628,0,1,0,629,A
1-PB2,98,611,0,0,0,611,A
1-PB2,99,0,2,643,1,646,G
1-PB2,100,0,642,0,0,642,T
1-PB2,101,643,1,0,0,644,A
1-PB2,102,1,0,0,650,651,C
1-PB2,103,650,0,0,0,650,A
1-PB2,104,2,0,0,658,660,C
1-PB2,105,657,0,0,0,657,A
1-PB2,106,0,657,0,0,657,T
1-PB2,107,3,0,0,656,659,C
1-PB2,108,1,5,642,0,648,G
1-PB2,109,0,4,645,1,650,G
1-PB2,110,0,1,647,1,649,G
1-PB2,111,0,5,646,0,651,G
1-PB2,112,646,0,1,0,647,A
1-PB2,113,0,1,648,0,649,G
1-PB2,114,641,0,0,0,641,A
1-PB2,115,3,0,0,650,653,C
1-PB2,116,651,0,0,0,651,A
1-PB2,117,0,1,658,0,659,G
1-PB2,118,0,2,669,0,671,G
1-PB2,119,671,0,1,0,672,A
1-PB2,120,672,0,0,0,672,A
1-PB2,121,672,0,2,0,674,A
1-PB2,122,667,0,0,0,667,A
1-PB2,123,0,2,671,0,673,G
1-PB2,124,668,0,0,0,668,A
1-PB2,125,670,0,0,0,670,A
1-PB2,126,1,0,0,669,670,C
1-PB2,127,2,0,0,667,669,C
1-PB2,128,5,0,0,662,667,C
1-PB2,129,0,0,668,0,668,G
1-PB2,130,0,666,0,0,666,T
1-PB2,131,1,0,0,670,671,C
1-PB2,132,674,0,0,0,674,A
1-PB2,133,0,0,0,679,679,C
1-PB2,134,0,670,0,1,671,T
1-PB2,135,0,670,0,0,670,T
1-PB2,136,672,0,0,0,672,A
1-PB2,137,0,3,685,0,688,G
1-PB2,138,0,2,686,0,688,G
1-PB2,139,686,0,0,0,686,A
1-PB2,140,0,686,0,0,686,T
1-PB2,141,0,2,699,0,701,G
1-PB2,142,712,0,0,0,712,A
1-PB2,143,712,0,0,0,712,A
1-PB2,144,714,0,0,0,714,A
1-PB2,145,0,714,0,0,714,T
1-PB2,146,1,2,713,0,716,G
1-PB2,147,0,1,720,0,721,G
1-PB2,148,721,0,0,0,721,A
1-PB2,149,0,722,0,0,722,T
1-PB2,150,1,1,716,0,718,G
1-PB2,151,707,2,1,0,710,A
1-PB2,152,0,713,0,0,713,T
1-PB2,153,0,4,709,0,713,G
1-PB2,154,1,1,712,0,714,G
1-PB2,155,1,0,0,712,713,C
1-PB2,156,702,0,0,0,702,A
1-PB2,157,716,0,0,0,716,A
1-PB2,158,0,718,0,0,718,T
1-PB2,159,0,3,748,0,751,G
1-PB2,160,746,1,1,0,748,A
1-PB2,161,747,0,1,0,748,A
1-PB2,162,748,0,0,0,748,A
1-PB2,163,0,750,0,0,750,T
1-PB2,164,752,0,0,0,752,A
1-PB2,165,1,0,1,770,772,C
1-PB2,166,2,0,0,766,768,C
1-PB2,167,5,0,0,759,764,C
1-PB2,168,765,0,0,0,765,A
1-PB2,169,766,0,1,0,767,A
1-PB2,170,0,768,0,0,768,T
1-PB2,171,4,0,0,767,771,C
1-PB2,172,764,0,0,0,764,A
1-PB2,173,1,1,0,768,770,C
1-PB2,174,0,759,0,0,759,T
1-PB2,175,1,3,758,0,762,G
1-PB2,176,1,1,0,762,764,C
1-PB2,177,0,761,0,2,763,T
1-PB2,178,1,3,771,0,775,G
1-PB2,179,771,1,2,0,774,A
1-PB2,180,1,0,0,779,780,C
1-PB2,181,777,0,2,0,779,A
1-PB2,182,769,0,0,0,769,A
1-PB2,183,769,0,2,0,771,A
1-PB2,184,772,0,1,0,773,A
1-PB2,185,0,5,781,0,786,G
1-PB2,186,0,3,782,0,785,G
1-PB2,187,782,0,0,0,782,A
1-PB2,188,0,785,0,0,785,T
1-PB2,189,774,0,0,0,774,A
1-PB2,190,781,0,1,0,782,A
1-PB2,191,1,1,0,788,790,C
1-PB2,192,789,1,0,0,790,A
1-PB2,193,0,2,787,0,789,G
1-PB2,194,782,0,0,0,782,A
1-PB2,195,781,1,0,0,782,A
1-PB2,196,780,0,1,0,781,A
1-PB2,197,0,781,0,0,781,T
1-PB2,198,2,7,773,0,782,G
1-PB2,199,0,1,792,0,793,G
1-PB2,200,0,787,0,1,788,T
1-PB2,201,0,789,0,1,790,T
1-PB2,202,1,0,0,786,787,C
1-PB2,203,4,3,0,775,782,C
1-PB2,204,0,1,786,0,787,G
1-PB2,205,0,1,789,0,790,G
1-PB2,206,786,0,0,0,786,A
1-PB2,207,0,7,782,0,789,G
1-PB2,208,779,1,2,0,782,A
1-PB2,209,0,3,793,0,796,G
1-PB2,210,794,1,0,0,795,A
1-PB2,211,793,0,1,0,794,A
1-PB2,212,797,0,0,0,797,A
1-PB2,213,0,789,0,1,790,T
1-PB2,214,0,4,799,0,803,G
1-PB2,215,799,0,1,0,800,A
1-PB2,216,797,0,3,0,800,A
1-PB2,217,0,0,0,799,799,C
1-PB2,218,793,0,0,0,793,A
1-PB2,219,798,0,0,0,798,A
1-PB2,220,1,5,807,0,813,G
1-PB2,221,0,3,824,0,827,G
1-PB2,222,824,1,0,0,825,A
1-PB2,223,2,0,0,818,820,C
1-PB2,224,814,0,0,0,814,A
1-PB2,225,818,0,1,0,819,A
1-PB2,226,817,0,0,0,817,A
1-PB2,227,1,0,0,810,811,C
1-PB2,228,2,1,1,783,787,C
1-PB2,229,4,0,0,855,859,C
1-PB2,230,1,857,0,1,859,T
1-PB2,231,864,0,0,0,864,A
1-PB2,232,0,862,0,0,862,T
1-PB2,233,0,1,862,1,864,G
1-PB2,234,0,6,878,0,884,G
1-PB2,235,825,0,1,0,826,A
1-PB2,236,1,0,831,0,832,G
1-PB2,237,0,827,0,0,827,T
1-PB2,238,823,0,0,0,823,A
1-PB2,239,826,0,0,0,826,A
1-PB2,240,825,0,0,0,825,A
1-PB2,241,828,0,0,0,828,A
1-PB2,242,0,818,0,0,818,T
1-PB2,243,0,2,809,0,811,G
1-PB2,244,798,1,1,0,800,A
1-PB2,245,0,0,801,0,801,G
1-PB2,246,0,798,0,0,798,T
1-PB2,247,1,1,797,0,799,G
1-PB2,248,814,0,0,0,814,A
1-PB2,249,1,813,0,0,814,T
1-PB2,250,0,3,813,0,816,G
1-PB2,251,2,0,0,813,815,C
1-PB2,252,0,809,0,0,809,T
1-PB2,253,1,1,839,0,841,G
1-PB2,254,0,1,840,0,841,G
1-PB2,255,850,0,2,0,852,A
1-PB2,256,1,845,0,0,846,T
1-PB2,257,3,0,0,845,848,C
1-PB2,258,851,0,1,0,852,A
1-PB2,259,1,4,877,0,882,G
1-PB2,260,879,1,0,0,880,A
1-PB2,261,0,879,0,0,879,T
1-PB2,262,850,0,0,0,850,A
1-PB2,263,0,5,864,0,869,G
1-PB2,264,856,0,0,0,856,A
1-PB2,265,0,2,877,0,879,G
1-PB2,266,0,862,0,0,862,T
1-PB2,267,0,5,850,0,855,G
1-PB2,268,838,0,1,0,839,A
1-PB2,269,0,837,0,0,837,T
1-PB2,270,1,2,851,0,854,G
1-PB2,271,0,2,864,0,866,G
1-PB2,272,0,849,0,2,851,T
1-PB2,273,851,0,0,0,851,A
1-PB2,274,0,842,0,0,842,T
1-PB2,275,6,1,0,840,847,C
1-PB2,276,859,0,1,0,860,A
1-PB2,277,0,0,0,884,884,C
1-PB2,278,7,0,0,869,876,C
1-PB2,279,0,858,0,3,861,T
1-PB2,280,0,855,0,0,855,T
1-PB2,281,0,856,0,0,856,T
1-PB2,282,0,4,861,0,865,G
1-PB2,283,1,0,864,0,865,G
1-PB2,284,0,0,0,873,873,C
1-PB2,285,1,857,0,0,858,T
1-PB2,286,0,0,866,0,866,G
1-PB2,287,1,864,0,0,865,T
1-PB2,288,867,0,0,0,867,A
1-PB2,289,870,0,0,0,870,A
1-PB2,290,0,0,0,867,867,C
1-PB2,291,857,0,1,0,858,A
1-PB2,292,0,856,0,0,856,T
1-PB2,293,0,5,833,0,838,G
1-PB2,294,0,0,849,0,849,G
1-PB2,295,0,847,0,0,847,T
1-PB2,296,1,2,841,0,844,G
1-PB2,297,0,2,849,0,851,G
1-PB2,298,844,0,0,0,844,A
1-PB2,299,845,1,0,0,846,A
1-PB2,300,0,846,0,0,846,T
1-PB2,301,839,0,1,0,840,A
1-PB2,302,0,1,856,0,857,G
1-PB2,303,837,0,2,0,839,A
1-PB2,304,835,1,0,0,836,A
1-PB2,305,841,0,0,0,841,A
1-PB2,306,0,819,0,0,819,T
1-PB2,307,0,8,812,0,820,G
1-PB2,308,1,5,811,0,817,G
1-PB2,309,816,0,1,0,817,A
1-PB2,310,0,0,0,825,825,C
1-PB2,311,2,0,0,810,812,C
1-PB2,312,1,0,0,816,817,C
1-PB2,313,3,3,813,0,819,G
1-PB2,314,0,824,0,1,825,T
1-PB2,315,0,9,840,0,849,G
1-PB2,316,844,0,3,0,847,A
1-PB2,317,0,0,0,850,850,C
1-PB2,318,853,0,0,0,853,A
1-PB2,319,849,0,0,0,849,A
1-PB2,320,0,1,866,0,867,G
1-PB2,321,0,868,0,0,868,T
1-PB2,322,867,0,0,0,867,A
1-PB2,323,1,0,0,864,865,C
1-PB2,324,0,2,850,0,852,G
1-PB2,325,0,2,882,0,884,G
1-PB2,326,0,878,0,0,878,T
1-PB2,327,4,0,0,880,884,C
1-PB2,328,4,0,0,874,878,C
1-PB2,329,866,0,0,0,866,A
1-PB2,330,1,866,0,0,867,T
1-PB2,331,0,863,0,0,863,T
1-PB2,332,913,0,0,0,913,A
1-PB2,333,1,0,0,910,911,C
1-PB2,334,8,1,0,874,883,C
1-PB2,335,3,1,0,880,884,C
1-PB2,336,872,0,0,0,872,A
1-PB2,337,882,0,0,0,882,A
1-PB2,338,881,0,0,0,881,A
1-PB2,339,876,0,1,0,877,A
1-PB2,340,0,0,886,0,886,G
1-PB2,341,0,855,0,0,855,T
1-PB2,342,1,1,875,0,877,G
1-PB2,343,0,877,0,0,877,T
1-PB2,344,876,0,1,0,877,A
1-PB2,345,1,0,0,874,875,C
1-PB2,346,867,0,0,0,867,A
1-PB2,347,865,0,2,1,868,A
1-PB2,348,1,4,871,0,876,G
1-PB2,349,867,0,0,0,867,A
1-PB2,350,0,0,0,868,868,C
1-PB2,351,1,843,0,2,846,T
1-PB2,352,0,857,0,0,857,T
1-PB2,353,858,0,0,0,858,A
1-PB2,354,0,855,0,0,855,T
1-PB2,355,0,855,0,1,856,T
1-PB2,356,0,854,0,0,854,T
1-PB2,357,4,0,0,847,851,C
1-PB2,358,0,4,847,0,851,G
1-PB2,359,851,0,0,0,851,A
1-PB2,360,1,1,0,850,852,C
1-PB2,361,846,0,1,0,847,A
1-PB2,362,849,0,0,0,849,A
1-PB2,363,850,0,1,1,852,A
1-PB2,364,0,1,875,0,876,G
1-PB2,365,0,869,0,1,870,T
1-PB2,366,7,0,0,864,871,C
1-PB2,367,0,7,865,0,872,G
1-PB2,368,870,0,1,0,871,A
1-PB2,369,0,0,862,0,862,G
1-PB2,370,863,0,1,0,864,A
1-PB2,371,1,1,895,0,897,G
1-PB2,372,0,0,907,0,907,G
1-PB2,373,0,901,0,0,901,T
1-PB2,374,0,900,0,0,900,T
1-PB2,375,900,0,1,0,901,A
1-PB2,376,900,0,1,0,901,A
1-PB2,377,902,0,0,0,902,A
1-PB2,378,910,0,0,0,910,A
1-PB2,379,3,0,0,918,921,C
1-PB2,380,870,0,10,0,880,A
1-PB2,381,0,875,0,0,875,T
1-PB2,382,0,3,871,0,874,G
1-PB2,383,0,3,873,1,877,G
1-PB2,384,878,0,0,0,878,A
1-PB2,385,881,1,0,0,882,A
1-PB2,386,1,0,0,910,911,C
1-PB2,387,3,0,0,927,930,C
1-PB2,388,0,912,0,1,913,T
1-PB2,389,0,913,0,0,913,T
1-PB2,390,0,914,0,0,914,T
1-PB2,391,2,2,907,0,911,G
1-PB2,392,1,1,909,1,912,G
1-PB2,393,0,0,0,910,910,C
1-PB2,394,2,0,0,904,906,C
1-PB2,395,3,0,0,906,909,C
1-PB2,396,1,875,0,1,877,T
1-PB2,397,0,1,891,0,892,G
1-PB2,398,0,891,0,1,892,T
1-PB2,399,0,893,0,1,894,T
1-PB2,400,7,0,0,890,897,C
1-PB2,401,884,0,1,0,885,A
1-PB2,402,0,887,0,0,887,T
1-PB2,403,0,884,0,0,884,T
1-PB2,404,0,888,0,1,889,T
1-PB2,405,0,886,0,0,886,T
1-PB2,406,874,0,0,0,874,A
1-PB2,407,0,1,873,0,874,G
1-PB2,408,874,0,0,0,874,A
1-PB2,409,875,2,0,0,877,A
1-PB2,410,877,0,0,0,877,A
1-PB2,411,0,870,0,0,870,T
1-PB2,412,7,0,0,865,872,C
1-PB2,413,867,0,0,0,867,A
1-PB2,414,870,0,1,0,871,A
1-PB2,415,0,1,877,0,878,G
1-PB2,416,0,878,0,0,878,T
1-PB2,417,8,1,0,869,878,C
1-PB2,418,879,0,0,0,879,A
1-PB2,419,884,0,1,0,885,A
1-PB2,420,0,3,883,1,887,G
1-PB2,421,889,0,1,0,890,A
1-PB2,422,0,887,0,0,887,T
1-PB2,423,898,0,0,0,898,A
1-PB2,424,3,1,0,890,894,C
1-PB2,425,2,2,892,0,896,G
1-PB2,426,1,0,0,894,895,C
1-PB2,427,890,0,1,0,891,A
1-PB2,428,0,2,897,0,899,G
1-PB2,429,894,0,0,0,894,A
1-PB2,430,899,0,1,1,901,A
1-PB2,431,0,3,916,0,919,G
1-PB2,432,899,0,0,0,899,A
1-PB2,433,1,3,897,0,901,G
1-PB2,434,0,895,0,0,895,T
1-PB2,435,882,1,1,0,884,A
1-PB2,436,0,2,902,0,904,G
1-PB2,437,888,0,2,0,890,A
1-PB2,438,0,0,0,936,936,C
1-PB2,439,920,0,0,0,920,A
1-PB2,440,0,899,0,0,899,T
1-PB2,441,897,0,0,0,897,A
1-PB2,442,891,0,0,1,892,A
1-PB2,443,903,0,0,0,903,A
1-PB2,444,1,0,0,908,909,C
1-PB2,445,6,0,1,881,888,C
1-PB2,446,6,0,0,876,882,C
1-PB2,447,0,835,0,0,835,T
1-PB2,448,0,4,839,0,843,G
1-PB2,449,0,1,854,0,855,G
1-PB2,450,0,854,0,0,854,T
1-PB2,451,3,0,0,844,847,C
1-PB2,452,842,0,0,1,843,A
1-PB2,453,1,836,0,0,837,T
1-PB2,454,0,1,840,0,841,G
1-PB2,455,1,1,0,839,841,C
1-PB2,456,836,0,1,1,838,A
1-PB2,457,1,4,834,0,839,G
1-PB2,458,826,0,2,0,828,A
1-PB2,459,1,0,0,842,843,C
1-PB2,460,1,1,0,838,840,C
1-PB2,461,0,825,0,1,826,T
1-PB2,462,1,0,0,831,832,C
1-PB2,463,823,0,0,1,824,A
1-PB2,464,0,1,838,0,839,G
1-PB2,465,1,833,0,0,834,T
1-PB2,466,2,1,832,0,835,G
1-PB2,467,2,0,0,831,833,C
1-PB2,468,5,0,0,825,830,C
1-PB2,469,820,0,0,0,820,A
1-PB2,470,825,0,0,0,825,A
1-PB2,471,816,0,0,0,816,A
1-PB2,472,0,3,819,0,822,G
1-PB2,473,794,0,2,0,796,A
1-PB2,474,1,4,795,0,800,G
1-PB2,475,0,0,796,0,796,G
1-PB2,476,1,0,0,794,795,C
1-PB2,477,800,0,1,0,801,A
1-PB2,478,0,1,0,800,801,C
1-PB2,479,802,0,0,0,802,A
1-PB2,480,819,1,0,0,820,A
1-PB2,481,0,1,825,0,826,G
1-PB2,482,851,0,2,0,853,A
1-PB2,483,0,848,0,0,848,T
1-PB2,484,0,1,848,0,849,G
1-PB2,485,0,847,0,0,847,T
1-PB2,486,851,0,0,0,851,A
1-PB2,487,849,0,1,0,850,A
1-PB2,488,0,849,0,0,849,T
1-PB2,489,0,821,0,0,821,T
1-PB2,490,818,0,0,0,818,A
1-PB2,491,0,798,0,0,798,T
1-PB2,492,0,3,799,0,802,G
1-PB2,493,2,2,799,0,803,G
1-PB2,494,793,0,0,0,793,A
1-PB2,495,794,0,0,0,794,A
1-PB2,496,1,0,790,0,791,G
1-PB2,497,1,787,0,0,788,T
1-PB2,498,0,784,0,0,784,T
1-PB2,499,0,0,798,0,798,G
1-PB2,500,0,793,0,0,793,T
1-PB2,501,0,791,0,0,791,T
1-PB2,502,0,793,0,0,793,T
1-PB2,503,1,792,0,1,794,T
1-PB2,504,0,797,0,0,797,T
1-PB2,505,3,0,0,790,793,C
1-PB2,506,1,0,0,793,794,C
1-PB2,507,0,0,0,797,797,C
1-PB2,508,793,0,0,0,793,A
1-PB2,509,796,0,0,0,796,A
1-PB2,510,0,801,0,0,801,T
1-PB2,511,0,3,800,0,803,G
1-PB2,512,804,0,0,0,804,A
1-PB2,513,802,0,0,1,803,A
1-PB2,514,0,1,805,0,806,G
1-PB2,515,0,797,0,2,799,T
1-PB2,516,1,1,796,0,798,G
1-PB2,517,0,0,799,0,799,G
1-PB2,518,0,5,789,0,794,G
1-PB2,519,796,0,1,0,797,A
1-PB2,520,0,0,791,0,791,G
1-PB2,521,1,0,0,795,796,C
1-PB2,522,3,0,0,793,796,C
1-PB2,523,788,0,1,0,789,A
1-PB2,524,0,1,809,0,810,G
1-PB2,525,0,2,808,0,810,G
1-PB2,526,808,1,0,0,809,A
1-PB2,527,1,807,1,0,809,T
1-PB2,528,814,0,0,0,814,A
1-PB2,529,0,0,0,812,812,C
1-PB2,530,0,802,0,0,802,T
1-PB2,531,799,0,1,0,800,A
1-PB2,532,798,0,1,0,799,A
1-PB2,533,1,0,0,803,804,C
1-PB2,534,786,0,1,0,787,A
1-PB2,535,0,779,0,1,780,T
1-PB2,536,1,1,0,778,780,C
1-PB2,537,769,0,0,0,769,A
1-PB2,538,0,5,768,0,773,G
1-PB2,539,777,0,0,0,777,A
1-PB2,540,773,1,0,0,774,A
1-PB2,541,0,771,0,0,771,T
1-PB2,542,6,1,0,752,759,C
1-PB2,543,762,0,0,0,762,A
1-PB2,544,2,0,0,776,778,C
1-PB2,545,778,0,1,0,779,A
1-PB2,546,790,0,0,0,790,A
1-PB2,547,0,779,1,0,780,T
1-PB2,548,0,785,0,0,785,T
1-PB2,549,786,0,0,0,786,A
1-PB2,550,787,0,1,0,788,A
1-PB2,551,0,0,0,795,795,C
1-PB2,552,789,0,0,0,789,A
1-PB2,553,784,0,0,0,784,A
1-PB2,554,1,797,0,0,798,T
1-PB2,555,791,0,0,0,791,A
1-PB2,556,795,0,1,0,796,A
1-PB2,557,1,0,0,794,795,C
1-PB2,558,1,790,0,0,791,T
1-PB2,559,794,0,0,0,794,A
1-PB2,560,791,0,0,0,791,A
1-PB2,561,789,0,1,0,790,A
1-PB2,562,0,6,784,0,790,G
1-PB2,563,780,0,0,0,780,A
1-PB2,564,0,2,782,0,784,G
1-PB2,565,778,0,1,0,779,A
1-PB2,566,779,1,0,0,780,A
1-PB2,567,780,0,0,0,780,A
1-PB2,568,780,0,0,0,780,A
1-PB2,569,786,0,1,0,787,A
1-PB2,570,781,1,1,1,784,A
1-PB2,571,0,4,783,0,787,G
1-PB2,572,785,0,0,0,785,A
1-PB2,573,785,0,0,0,785,A
1-PB2,574,0,3,784,0,787,G
1-PB2,575,784,0,0,0,784,A
1-PB2,576,785,0,0,0,785,A
1-PB2,577,2,0,0,794,796,C
1-PB2,578,0,787,0,1,788,T
1-PB2,579,5,0,0,788,793,C
1-PB2,580,3,0,0,788,791,C
1-PB2,581,0,4,786,0,790,G
1-PB2,582,788,0,1,0,789,A
1-PB2,583,0,3,789,0,792,G
1-PB2,584,787,0,0,0,787,A
1-PB2,585,0,784,0,1,785,T
1-PB2,586,0,780,0,0,780,T
1-PB2,587,0,0,778,0,778,G
1-PB2,588,0,0,0,780,780,C
1-PB2,589,779,0,0,0,779,A
1-PB2,590,779,0,0,0,779,A
1-PB2,591,782,0,0,0,782,A
1-PB2,592,787,0,0,0,787,A
1-PB2,593,0,789,0,0,789,T
1-PB2,594,0,783,0,1,784,T
1-PB2,595,0,785,0,1,786,T
1-PB2,596,4,0,0,782,786,C
1-PB2,597,0,780,0,0,780,T
1-PB2,598,4,0,0,835,839,C
1-PB2,599,5,0,0,832,837,C
1-PB2,600,5,0,0,913,918,C
1-PB2,601,1,913,0,2,916,T
1-PB2,602,0,929,0,0,929,T
1-PB2,603,0,4,924,0,928,G
1-PB2,604,935,0,0,0,935,A
1-PB2,605,0,964,0,1,965,T
1-PB2,606,0,7,973,1,981,G
1-PB2,607,0,2,1103,0,1105,G
1-PB2,608,2,1122,0,2,1126,T
1-PB2,609,0,1124,0,0,1124,T
1-PB2,610,0,0,1234,0,1234,G
1-PB2,611,0,0,0,1249,1249,C
1-PB2,612,1265,0,2,0,1267,A
1-PB2,613,0,1268,0,0,1268,T
1-PB2,614,1280,0,1,0,1281,A
1-PB2,615,3,0,0,1338,1341,C
1-PB2,616,1496,0,0,2,1498,A
1-PB2,617,0,1538,1,0,1539,T
1-PB2,618,0,1,1615,0,1616,G
1-PB2,619,0,1595,0,6,1601,T
1-PB2,620,1,1601,1,0,1603,T
1-PB2,621,1601,0,1,0,1602,A
1-PB2,622,0,8,1600,0,1608,G
1-PB2,623,1613,0,1,0,1614,A
1-PB2,624,2,13,1616,0,1631,G
1-PB2,625,1580,0,0,0,1580,A
1-PB2,626,0,5,1582,1,1588,G
1-PB2,627,1572,1,2,0,1575,A
1-PB2,628,0,10,1579,0,1589,G
1-PB2,629,1602,0,1,0,1603,A
1-PB2,630,1601,0,1,0,1602,A
1-PB2,631,0,0,0,1608,1608,C
1-PB2,632,0,1599,0,0,1599,T
1-PB2,633,0,1601,0,0,1601,T
1-PB2,634,0,2,1599,0,1601,G
1-PB2,635,0,1597,1,0,1598,T
1-PB2,636,1595,0,5,1,1601,A
1-PB2,637,2,1,0,1594,1597,C
1-PB2,638,2,13,1572,0,1587,G
1-PB2,639,1597,0,3,0,1600,A
1-PB2,640,1598,0,1,0,1599,A
1-PB2,641,1617,0,3,0,1620,A
1-PB2,642,1618,0,0,0,1618,A
1-PB2,643,1618,0,3,0,1621,A
1-PB2,644,5,0,0,1624,1629,C
1-PB2,645,1626,0,1,0,1627,A
1-PB2,646,1631,0,1,0,1632,A
1-PB2,647,2,5,1640,0,1647,G
1-PB2,648,1653,0,0,0,1653,A
1-PB2,649,0,1651,0,0,1651,T
1-PB2,650,1,1641,0,2,1644,T
1-PB2,651,0,1653,0,1,1654,T
1-PB2,652,12,0,0,1651,1663,C
1-PB2,653,0,1660,0,4,1664,T
1-PB2,654,7,1,0,1660,1668,C
1-PB2,655,3,0,0,1664,1667,C
1-PB2,656,9,1,0,1660,1670,C
1-PB2,657,1669,0,2,1,1672,A
1-PB2,658,0,2,1693,0,1695,G
1-PB2,659,0,1700,0,0,1700,T
1-PB2,660,0,1697,0,1,1698,T
1-PB2,661,1,1,1697,0,1699,G
1-PB2,662,1,1,0,1697,1699,C
1-PB2,663,0,1685,0,0,1685,T
1-PB2,664,2,2,1683,0,1687,G
1-PB2,665,0,1,1685,0,1686,G
1-PB2,666,2,0,0,1685,1687,C
1-PB2,667,0,7,1677,0,1684,G
1-PB2,668,4,4,1697,0,1705,G
1-PB2,669,1711,0,2,0,1713,A
1-PB2,670,1720,0,0,0,1720,A
1-PB2,671,1,0,0,1726,1727,C
1-PB2,672,1732,1,1,0,1734,A
1-PB2,673,1742,0,1,0,1743,A
1-PB2,674,0,2,1831,0,1833,G
1-PB2,675,1,1,0,1861,1863,C
1-PB2,676,1873,1,0,0,1874,A
1-PB2,677,1,4,2345,2,2352,G
1-PB2,678,0,2345,0,2,2347,T
1-PB2,679,2365,0,1,0,2366,A
1-PB2,680,1,2362,0,2,2365,T
1-PB2,681,2375,1,1,0,2377,A
1-PB2,682,1,2374,0,1,2376,T
1-PB2,683,2339,0,0,1,2340,A
1-PB2,684,3,0,0,2369,2372,C
1-PB2,685,2260,1,0,0,2261,A
1-PB2,686,0,2161,0,0,2161,T
1-PB2,687,1,2086,0,0,2087,T
1-PB2,688,1,2,2085,0,2088,G
1-PB2,689,2088,0,1,0,2089,A
1-PB2,690,2091,0,1,0,2092,A
1-PB2,691,0,3,2114,0,2117,G
1-PB2,692,0,2109,0,0,2109,T
1-PB2,693,0,2092,0,0,2092,T
1-PB2,694,0,2092,0,0,2092,T
1-PB2,695,0,2098,0,0,2098,T
1-PB2,696,2114,0,2,1,2117,A
1-PB2,697,2,0,0,2136,2138,C
1-PB2,698,2133,0,0,0,2133,A
1-PB2,699,1,2124,0,3,2128,T
1-PB2,700,1,2106,0,0,2107,T
1-PB2,701,0,2112,0,1,2113,T
1-PB2,702,0,15,2126,0,2141,G
1-PB2,703,2156,0,3,0,2159,A
1-PB2,704,7,0,0,2160,2167,C
1-PB2,705,0,2152,0,1,2153,T
1-PB2,706,11,0,0,2138,2149,C
1-PB2,707,2149,0,1,0,2150,A
1-PB2,708,3,9,2126,0,2138,G
1-PB2,709,0,8,2185,0,2193,G
1-PB2,710,1,13,2191,0,2205,G
1-PB2,711,2202,2,4,0,2208,A
1-PB2,712,2200,0,4,0,2204,A
1-PB2,713,3,0,1,2200,2204,C
1-PB2,714,2,1,2216,0,2219,G
1-PB2,715,0,2219,0,1,2220,T
1-PB2,716,0,3,2234,0,2237,G
1-PB2,717,0,2222,0,0,2222,T
1-PB2,718,0,2208,0,1,2209,T
1-PB2,719,1,8,2215,1,2225,G
1-PB2,720,0,10,2204,1,2215,G
1-PB2,721,2,8,2225,1,2236,G
1-PB2,722,2209,1,9,0,2219,A
1-PB2,723,2212,0,0,0,2212,A
1-PB2,724,4,1,0,2281,2286,C
1-PB2,725,2278,0,0,0,2278,A
1-PB2,726,2353,0,0,0,2353,A
1-PB2,727,2360,0,1,0,2361,A
1-PB2,728,0,2369,0,1,2370,T
1-PB2,729,0,2,2402,0,2404,G
1-PB2,730,0,2391,0,1,2392,T
1-PB2,731,2386,1,2,0,2389,A
1-PB2,732,4,0,0,2388,2392,C
1-PB2,733,2346,2,3,0,2351,A
1-PB2,734,5,0,0,2346,2351,C
1-PB2,735,0,2260,0,2,2262,T
1-PB2,736,8,0,0,2414,2422,C
1-PB2,737,5,0,0,2423,2428,C
1-PB2,738,2460,0,2,0,2462,A
1-PB2,739,1,5,2473,1,2480,G
1-PB2,740,1,5,2531,0,2537,G
1-PB2,741,0,2531,0,1,2532,T
1-PB2,742,0,7,2521,0,2528,G
1-PB2,743,1,10,2452,0,2463,G
1-PB2,744,2425,1,3,0,2429,A
1-PB2,745,0,7,2422,1,2430,G
1-PB2,746,0,10,2422,0,2432,G
1-PB2,747,2385,1,3,0,2389,A
1-PB2,748,0,3,2410,0,2413,G
1-PB2,749,0,2345,1,0,2346,T
1-PB2,750,3,7,2339,1,2350,G
1-PB2,751,2348,1,1,0,2350,A
1-PB2,752,2,10,2357,0,2369,G
1-PB2,753,0,18,2368,0,2386,G
1-PB2,754,2358,1,2,1,2362,A
1-PB2,755,2367,1,0,0,2368,A
1-PB2,756,0,2374,0,0,2374,T
1-PB2,757,0,9,2357,0,2366,G
1-PB2,758,2363,0,1,2,2366,A
1-PB2,759,1,4,0,2349,2354,C
1-PB2,760,2,10,2339,1,2352,G
1-PB2,761,2367,0,0,0,2367,A
1-PB2,762,0,2336,0,0,2336,T
1-PB2,763,1,1,2358,1,2361,G
1-PB2,764,0,2347,0,1,2348,T
1-PB2,765,0,2329,0,1,2330,T
1-PB2,766,1,12,2336,0,2349,G
1-PB2,767,2347,0,5,0,2352,A
1-PB2,768,2,0,0,2350,2352,C
1-PB2,769,15,0,0,2328,2343,C
1-PB2,770,2321,1,0,0,2322,A
1-PB2,771,2331,0,0,1,2332,A
1-PB2,772,2331,0,2,0,2333,A
1-PB2,773,1,0,2333,0,2334,G
1-PB2,774,0,0,0,2331,2331,C
1-PB2,775,0,2298,1,5,2304,T
1-PB2,776,0,2390,1,0,2391,T
1-PB2,777,2395,1,1,0,2397,A
1-PB2,778,2394,2,0,2,2398,A
1-PB2,779,1,2401,0,1,2403,T
1-PB2,780,0,2389,0,0,2389,T
1-PB2,781,2364,0,1,0,2365,A
1-PB2,782,0,2318,0,1,2319,T
1-PB2,783,1,2304,0,1,2306,T
1-PB2,784,0,1,2298,0,2299,G
1-PB2,785,5,2,0,2281,2288,C
1-PB2,786,3,9,2283,0,2295,G
1-PB2,787,0,1,2336,0,2337,G
1-PB2,788,1,0,0,2333,2334,C
1-PB2,789,2,0,0,2347,2349,C
1-PB2,790,2348,0,2,0,2350,A
1-PB2,791,3,7,2382,0,2392,G
1-PB2,792,0,12,2401,0,2413,G
1-PB2,793,2412,0,0,0,2412,A
1-PB2,794,2423,0,3,0,2426,A
1-PB2,795,4,2,0,2430,2436,C
1-PB2,796,2373,0,3,0,2376,A
1-PB2,797,0,2405,0,1,2406,T
1-PB2,798,2428,3,2,1,2434,A
1-PB2,799,0,2,2454,0,2456,G
1-PB2,800,0,2430,0,2,2432,T
1-PB2,801,2414,0,2,0,2416,A
1-PB2,802,2401,1,5,0,2407,A
1-PB2,803,0,10,2398,0,2408,G
1-PB2,804,2387,0,1,0,2388,A
1-PB2,805,2333,2,1,0,2336,A
1-PB2,806,1,3,2336,0,2340,G
1-PB2,807,2263,0,0,1,2264,A
1-PB2,808,2,1,2266,0,2269,G
1-PB2,809,3,0,0,2261,2264,C
1-PB2,810,13,0,0,2244,2257,C
1-PB2,811,2,1,2256,0,2259,G
1-PB2,812,0,2,0,2278,2280,C
1-PB2,813,2276,1,3,1,2281,A
1-PB2,814,0,1,2447,3,2451,G
1-PB2,815,0,2448,0,0,2448,T
1-PB2,816,2452,0,3,0,2455,A
1-PB2,817,0,2439,0,2,2441,T
1-PB2,818,6,1,0,2445,2452,C
1-PB2,819,2441,0,0,0,2441,A
1-PB2,820,0,4,2442,1,2447,G
1-PB2,821,2,1,0,2433,2436,C
1-PB2,822,2353,0,1,0,2354,A
1-PB2,823,0,10,2321,0,2331,G
1-PB2,824,2341,0,1,0,2342,A
1-PB2,825,0,2325,0,3,2328,T
1-PB2,826,5,1,1,2327,2334,C
1-PB2,827,16,1,1,2309,2327,C
1-PB2,828,2340,0,1,0,2341,A
1-PB2,829,2,1,0,2340,2343,C
1-PB2,830,0,2330,0,0,2330,T
1-PB2,831,2332,1,0,0,2333,A
1-PB2,832,0,2,2331,0,2333,G
1-PB2,833,1,1,0,2308,2310,C
1-PB2,834,2310,1,0,0,2311,A
1-PB2,835,0,2309,0,0,2309,T
1-PB2,836,7,1,0,2333,2341,C
1-PB2,837,0,2327,0,2,2329,T
1-PB2,838,0,2389,0,0,2389,T
1-PB2,839,2,2391,0,0,2393,T
1-PB2,840,2397,2,0,0,2399,A
1-PB2,841,2,2397,0,3,2402,T
1-PB2,842,0,2394,0,1,2395,T
1-PB2,843,1,13,2373,1,2388,G
1-PB2,844,0,9,2391,0,2400,G
1-PB2,845,2347,0,2,0,2349,A
1-PB2,846,0,7,2342,0,2349,G
1-PB2,847,2329,0,0,0,2329,A
1-PB2,848,0,2307,0,1,2308,T
1-PB2,849,0,1,2359,0,2360,G
1-PB2,850,2,2353,0,1,2356,T
1-PB2,851,3,1,2355,0,2359,G
1-PB2,852,1,1,1,2356,2359,C
1-PB2,853,9,1,0,2344,2354,C
1-PB2,854,2345,1,3,0,2349,A
1-PB2,855,3,2,0,2341,2346,C
1-PB2,856,2309,0,2,0,2311,A
1-PB2,857,3,4,2354,0,2361,G
1-PB2,858,1,1,0,2308,2310,C
1-PB2,859,2310,1,0,0,2311,A
1-PB2,860,4,1,0,2299,2304,C
1-PB2,861,2303,0,4,0,2307,A
1-PB2,862,3,0,0,2319,2322,C
1-PB2,863,2315,0,0,0,2315,A
1-PB2,864,2314,0,4,0,2318,A
1-PB2,865,2316,0,1,0,2317,A
1-PB2,866,0,2266,0,1,2267,T
1-PB2,867,0,2265,0,1,2266,T
1-PB2,868,0,8,2245,0,2253,G
1-PB2,869,2,0,2250,0,2252,G
1-PB2,870,3,3,0,2244,2250,C
1-PB2,871,4,7,2210,0,2221,G
1-PB2,872,1,11,2210,1,2223,G
1-PB2,873,2214,0,3,0,2217,A
1-PB2,874,2260,0,1,0,2261,A
1-PB2,875,2,1,0,2262,2265,C
1-PB2,876,2261,0,2,0,2263,A
1-PB2,877,2269,0,0,0,2269,A
1-PB2,878,1,7,2278,0,2286,G
1-PB2,879,2,1,2285,1,2289,G
1-PB2,880,2294,0,1,0,2295,A
1-PB2,881,0,2174,0,0,2174,T
1-PB2,882,4,10,2170,0,2184,G
1-PB2,883,4,0,2193,0,2197,G
1-PB2,884,0,2168,0,1,2169,T
1-PB2,885,1,10,2154,0,2165,G
1-PB2,886,0,7,2148,0,2155,G
1-PB2,887,2135,2,1,0,2138,A
1-PB2,888,4,2,0,2132,2138,C
1-PB2,889,2097,0,1,0,2098,A
1-PB2,890,0,2382,0,0,2382,T
1-PB2,891,0,2363,0,1,2364,T
1-PB2,892,9,0,0,2358,2367,C
1-PB2,893,0,2327,0,3,2330,T
1-PB2,894,0,2331,0,1,2332,T
1-PB2,895,2332,0,1,0,2333,A
1-PB2,896,0,10,2344,0,2354,G
1-PB2,897,2344,0,0,0,2344,A
1-PB2,898,2,0,0,2339,2341,C
1-PB2,899,1912,1,0,0,1913,A
1-PB2,900,0,5,1952,1,1958,G
1-PB2,901,1950,0,0,1,1951,A
1-PB2,902,1952,0,4,0,1956,A
1-PB2,903,0,0,0,1956,1956,C
1-PB2,904,6,1,0,1943,1950,C
1-PB2,905,10,3,2,1927,1942,C
1-PB2,906,0,15,1925,1,1941,G
1-PB2,907,1941,0,0,0,1941,A
1-PB2,908,1,0,0,1936,1937,C
1-PB2,909,11,3,0,1896,1910,C
1-PB2,910,2,3,1937,0,1942,G
1-PB2,911,1940,0,2,0,1942,A
1-PB2,912,1949,0,1,0,1950,A
1-PB2,913,0,3,1970,0,1973,G
1-PB2,914,1972,0,0,0,1972,A
1-PB2,915,1974,1,0,0,1975,A
1-PB2,916,4,1,0,1970,1975,C
1-PB2,917,1961,0,0,0,1961,A
1-PB2,918,1970,0,0,0,1970,A
1-PB2,919,0,2,1991,0,1993,G
1-PB2,920,2,0,0,2005,2007,C
1-PB2,921,0,1990,0,0,1990,T
1-PB2,922,1,2,2021,0,2024,G
1-PB2,923,0,2017,0,1,2018,T
1-PB2,924,1,8,2046,1,2056,G
1-PB2,925,2,2,2121,0,2125,G
1-PB2,926,2122,2,2,0,2126,A
1-PB2,927,0,2127,0,0,2127,T
1-PB2,928,2105,1,0,0,2106,A
1-PB2,929,0,2073,1,1,2075,T
1-PB2,930,2148,0,1,0,2149,A
1-PB2,931,0,2117,0,0,2117,T
1-PB2,932,0,0,2111,0,2111,G
1-PB2,933,2,0,0,2089,2091,C
1-PB2,934,2012,1,0,0,2013,A
1-PB2,935,2006,1,4,0,2011,A
1-PB2,936,0,2,2014,0,2016,G
1-PB2,937,1,0,2006,0,2007,G
1-PB2,938,2,0,0,2007,2009,C
1-PB2,939,0,1950,0,0,1950,T
1-PB2,940,3,1,1955,0,1959,G
1-PB2,941,0,0,0,1969,1969,C
1-PB2,942,1967,1,1,0,1969,A
1-PB2,943,1979,0,0,0,1979,A
1-PB2,944,0,1960,0,0,1960,T
1-PB2,945,6,7,1970,0,1983,G
1-PB2,946,1,7,1956,0,1964,G
1-PB2,947,0,9,1964,0,1973,G
1-PB2,948,1979,0,1,0,1980,A
1-PB2,949,0,1969,0,0,1969,T
1-PB2,950,0,1954,0,0,1954,T
1-PB2,951,0,4,1962,0,1966,G
1-PB2,952,1963,0,1,0,1964,A
1-PB2,953,3,4,1976,0,1983,G
1-PB2,954,1963,0,1,0,1964,A
1-PB2,955,1952,0,0,0,1952,A
1-PB2,956,0,1934,0,0,1934,T
1-PB2,957,9,1,0,1923,1933,C
1-PB2,958,1922,2,5,0,1929,A
1-PB2,959,0,0,1940,0,1940,G
1-PB2,960,0,1,0,1940,1941,C
1-PB2,961,1,1923,0,4,1928,T
1-PB2,962,13,0,0,1910,1923,C
1-PB2,963,1923,0,0,0,1923,A
1-PB2,964,0,1972,0,0,1972,T
1-PB2,965,5,0,0,1970,1975,C
1-PB2,966,5,0,1,1982,1988,C
1-PB2,967,0,1982,0,1,1983,T
1-PB2,968,0,1960,0,3,1963,T
1-PB2,969,11,3,1,1949,1964,C
1-PB2,970,1960,0,0,0,1960,A
1-PB2,971,0,1,1991,0,1992,G
1-PB2,972,2,0,0,1988,1990,C
1-PB2,973,0,1951,0,2,1953,T
1-PB2,974,0,1956,0,0,1956,T
1-PB2,975,2,1934,0,2,1938,T
1-PB2,976,0,6,1929,1,1936,G
1-PB2,977,4,2,1934,0,1940,G
1-PB2,978,1,1936,0,1,1938,T
1-PB2,979,2,9,1932,0,1943,G
1-PB2,980,1,10,1920,0,1931,G
1-PB2,981,1,0,1958,0,1959,G
1-PB2,982,1,1944,1,1,1947,T
1-PB2,983,0,1939,0,2,1941,T
1-PB2,984,0,1939,0,0,1939,T
1-PB2,985,1953,0,1,0,1954,A
1-PB2,986,2,0,0,1961,1963,C
1-PB2,987,1963,0,0,0,1963,A
1-PB2,988,0,1949,1,0,1950,T
1-PB2,989,1,1920,0,1,1922,T
1-PB2,990,1,1915,1,2,1919,T
1-PB2,991,1920,0,0,0,1920,A
1-PB2,992,1920,1,0,0,1921,A
1-PB2,993,1916,1,0,0,1917,A
1-PB2,994,1906,0,4,0,1910,A
1-PB2,995,0,11,1916,0,1927,G
1-PB2,996,1899,0,2,0,1901,A
1-PB2,997,1903,2,1,0,1906,A
1-PB2,998,1,1,0,1904,1906,C
1-PB2,999,1904,0,1,0,1905,A
1-PB2,1000,1912,0,0,0,1912,A
1-PB2,1001,0,1,1906,0,1907,G
1-PB2,1002,3,2,0,1906,1911,C
1-PB2,1003,2,9,1892,0,1903,G
1-PB2,1004,0,4,1906,0,1910,G
1-PB2,1005,0,3,1913,0,1916,G
1-PB2,1006,0,1903,0,4,1907,T
1-PB2,1007,10,1,0,1889,1900,C
1-PB2,1008,1901,0,2,0,1903,A
1-PB2,1009,2,1884,0,4,1890,T
1-PB2,1010,7,0,0,1885,1892,C
1-PB2,1011,1887,0,1,0,1888,A
1-PB2,1012,1,2,1908,0,1911,G
1-PB2,1013,0,1884,0,2,1886,T
1-PB2,1014,14,0,0,1865,1879,C
1-PB2,1015,1880,0,0,1,1881,A
1-PB2,1016,1889,0,0,0,1889,A
1-PB2,1017,1890,0,0,0,1890,A
1-PB2,1018,1886,0,2,1,1889,A
1-PB2,1019,1899,0,1,0,1900,A
1-PB2,1020,1899,0,2,0,1901,A
1-PB2,1021,1,3,1906,0,1910,G
1-PB2,1022,1899,0,0,0,1899,A
1-PB2,1023,1896,0,1,0,1897,A
1-PB2,1024,0,7,1889,0,1896,G
1-PB2,1025,1890,0,1,0,1891,A
1-PB2,1026,1835,0,2,1,1838,A
1-PB2,1027,0,5,1832,0,1837,G
1-PB2,1028,1832,0,1,0,1833,A
1-PB2,1029,2,6,1824,0,1832,G
1-PB2,1030,1,0,1886,0,1887,G
1-PB2,1031,0,1886,0,1,1887,T
1-PB2,1032,0,2,1932,0,1934,G
1-PB2,1033,5,0,0,1948,1953,C
1-PB2,1034,0,1948,0,3,1951,T
1-PB2,1035,0,1960,0,0,1960,T
1-PB2,1036,1953,0,0,0,1953,A
1-PB2,1037,3,0,1,1952,1956,C
1-PB2,1038,1931,1,0,0,1932,A
1-PB2,1039,0,9,1935,0,1944,G
1-PB2,1040,2,1,1939,0,1942,G
1-PB2,1041,0,1,0,1914,1915,C
1-PB2,1042,1887,1,0,0,1888,A
1-PB2,1043,1912,0,2,0,1914,A
1-PB2,1044,0,1948,0,0,1948,T
1-PB2,1045,5,0,0,1968,1973,C
1-PB2,1046,1,1958,0,4,1963,T
1-PB2,1047,13,0,0,1959,1972,C
1-PB2,1048,5,0,0,1961,1966,C
1-PB2,1049,1957,2,1,0,1960,A
1-PB2,1050,1962,0,1,0,1963,A
1-PB2,1051,1964,0,1,0,1965,A
1-PB2,1052,2,0,0,1977,1979,C
1-PB2,1053,1921,0,1,0,1922,A
1-PB2,1054,2,1900,0,2,1904,T
1-PB2,1055,0,1868,0,1,1869,T
1-PB2,1056,0,7,1865,0,1872,G
1-PB2,1057,1861,0,0,1,1862,A
1-PB2,1058,0,8,1824,0,1832,G
1-PB2,1059,1914,0,1,0,1915,A
1-PB2,1060,1918,0,0,0,1918,A
1-PB2,1061,1,1932,1,0,1934,T
1-PB2,1062,1939,0,2,0,1941,A
1-PB2,1063,1951,0,2,0,1953,A
1-PB2,1064,0,8,1997,0,2005,G
1-PB2,1065,1972,1,0,0,1973,A
1-PB2,1066,0,4,2041,0,2045,G
1-PB2,1067,0,1981,0,1,1982,T
1-PB2,1068,1996,0,1,0,1997,A
1-PB2,1069,3,0,0,2040,2043,C
1-PB2,1070,2018,0,1,0,2019,A
1-PB2,1071,0,2024,0,0,2024,T
1-PB2,1072,1,7,2005,0,2013,G
1-PB2,1073,1956,0,2,0,1958,A
1-PB2,1074,1,13,1963,0,1977,G
1-PB2,1075,1,10,1972,0,1983,G
1-PB2,1076,1,5,2071,0,2077,G
1-PB2,1077,3,1,2080,1,2085,G
1-PB2,1078,0,2041,0,2,2043,T
1-PB2,1079,2053,0,0,0,2053,A
1-PB2,1080,0,2039,1,1,2041,T
1-PB2,1081,0,8,2034,0,2042,G
1-PB2,1082,2029,0,1,0,2030,A
1-PB2,1083,0,13,2009,0,2022,G
1-PB2,1084,0,3,2023,0,2026,G
1-PB2,1085,1889,1,5,0,1895,A
1-PB2,1086,0,1,1955,0,1956,G
1-PB2,1087,1,1942,0,4,1947,T
1-PB2,1088,0,2003,1,1,2005,T
1-PB2,1089,12,0,0,2000,2012,C
1-PB2,1090,2004,3,2,0,2009,A
1-PB2,1091,1,0,0,2016,2017,C
1-PB2,1092,2004,0,0,0,2004,A
1-PB2,1093,2015,1,3,0,2019,A
1-PB2,1094,0,2020,1,0,2021,T
1-PB2,1095,1,8,1977,0,1986,G
1-PB2,1096,1,3,2005,0,2009,G
1-PB2,1097,1,1950,0,1,1952,T
1-PB2,1098,4,10,1937,0,1951,G
1-PB2,1099,1,7,1950,0,1958,G
1-PB2,1100,1,9,1947,0,1957,G
1-PB2,1101,1,6,1967,0,1974,G
1-PB2,1102,1963,0,1,1,1965,A
1-PB2,1103,1961,0,1,1,1963,A
1-PB2,1104,1961,0,0,1,1962,A
1-PB2,1105,1923,0,8,1,1932,A
1-PB2,1106,0,6,1950,0,1956,G
1-PB2,1107,1942,1,2,1,1946,A
1-PB2,1108,2,1,1949,0,1952,G
1-PB2,1109,2,1,0,1944,1947,C
1-PB2,1110,1931,0,1,1,1933,A
1-PB2,1111,1938,0,3,1,1942,A
1-PB2,1112,3,0,0,1996,1999,C
1-PB2,1113,1992,0,0,1,1993,A
1-PB2,1114,0,0,2029,0,2029,G
1-PB2,1115,2,1,0,2005,2008,C
1-PB2,1116,1,2000,1,1,2003,T
1-PB2,1117,2060,0,2,0,2062,A
1-PB2,1118,3,2055,1,0,2059,T
1-PB2,1119,2076,1,0,0,2077,A
1-PB2,1120,4,1,0,2069,2074,C
1-PB2,1121,0,1971,0,1,1972,T
1-PB2,1122,1984,0,0,0,1984,A
1-PB2,1123,1936,0,1,3,1940,A
1-PB2,1124,0,10,1932,0,1942,G
1-PB2,1125,1942,0,1,0,1943,A
1-PB2,1126,1888,0,0,0,1888,A
1-PB2,1127,1889,0,1,0,1890,A
1-PB2,1128,1879,0,10,0,1889,A
1-PB2,1129,0,2,1900,0,1902,G
1-PB2,1130,3,0,0,1891,1894,C
1-PB2,1131,1879,0,0,0,1879,A
1-PB2,1132,1893,0,1,0,1894,A
1-PB2,1133,0,0,0,1909,1909,C
1-PB2,1134,9,0,0,1902,1911,C
1-PB2,1135,1909,0,1,1,1911,A
1-PB2,1136,0,4,1920,0,1924,G
1-PB2,1137,1918,0,2,0,1920,A
1-PB2,1138,1925,0,0,0,1925,A
1-PB2,1139,1,7,1937,0,1945,G
1-PB2,1140,1935,1,0,0,1936,A
1-PB2,1141,0,1925,0,0,1925,T
1-PB2,1142,0,1905,0,1,1906,T
1-PB2,1143,0,7,1909,0,1916,G
1-PB2,1144,0,0,1952,0,1952,G
1-PB2,1145,0,1939,0,3,1942,T
1-PB2,1146,0,1939,0,1,1940,T
1-PB2,1147,14,1,0,1917,1932,C
1-PB2,1148,1906,0,3,0,1909,A
1-PB2,1149,1894,0,3,1,1898,A
1-PB2,1150,1,0,0,2037,2038,C
1-PB2,1151,0,2038,0,3,2041,T
1-PB2,1152,13,1,0,2039,2053,C
1-PB2,1153,2021,0,1,0,2022,A
1-PB2,1154,0,2032,1,0,2033,T
1-PB2,1155,2027,0,3,0,2030,A
1-PB2,1156,0,1,2038,0,2039,G
1-PB2,1157,0,1981,0,1,1982,T
1-PB2,1158,0,13,1997,0,2010,G
1-PB2,1159,1921,0,1,0,1922,A
1-PB2,1160,0,2,1945,0,1947,G
1-PB2,1161,0,1928,1,0,1929,T
1-PB2,1162,1,7,1916,2,1926,G
1-PB2,1163,0,5,1937,0,1942,G
1-PB2,1164,1935,1,1,0,1937,A
1-PB2,1165,1921,0,2,0,1923,A
1-PB2,1166,2,4,1928,2,1936,G
1-PB2,1167,1902,2,1,0,1905,A
1-PB2,1168,1,2,1918,0,1921,G
1-PB2,1169,1891,0,2,0,1893,A
1-PB2,1170,0,2,0,1890,1892,C
1-PB2,1171,2,13,1876,0,1891,G
1-PB2,1172,1872,1,1,1,1875,A
1-PB2,1173,1878,0,4,0,1882,A
1-PB2,1174,1,0,0,1883,1884,C
1-PB2,1175,1856,2,0,0,1858,A
1-PB2,1176,0,0,1971,0,1971,G
1-PB2,1177,1,1946,0,4,1951,T
1-PB2,1178,15,0,0,1938,1953,C
1-PB2,1179,1952,2,0,0,1954,A
1-PB2,1180,1955,0,2,0,1957,A
1-PB2,1181,0,1958,0,0,1958,T
1-PB2,1182,1948,0,0,0,1948,A
1-PB2,1183,1,3,1945,1,1950,G
1-PB2,1184,1,0,0,1943,1944,C
1-PB2,1185,7,2,0,1872,1881,C
1-PB2,1186,0,5,1868,0,1873,G
1-PB2,1187,1877,0,1,1,1879,A
1-PB2,1188,1882,0,0,0,1882,A
1-PB2,1189,0,1,1901,0,1902,G
1-PB2,1190,2,1,1,1942,1946,C
1-PB2,1191,1945,0,0,0,1945,A
1-PB2,1192,1938,1,2,0,1941,A
1-PB2,1193,1,1940,0,2,1943,T
1-PB2,1194,1961,0,0,0,1961,A
1-PB2,1195,1971,0,1,0,1972,A
1-PB2,1196,0,1967,0,1,1968,T
1-PB2,1197,9,3,0,1942,1954,C
1-PB2,1198,6,2,1937,0,1945,G
1-PB2,1199,0,1903,0,0,1903,T
1-PB2,1200,1,4,1890,0,1895,G
1-PB2,1201,0,2,1927,0,1929,G
1-PB2,1202,2,0,0,1922,1924,C
1-PB2,1203,7,2,0,1914,1923,C
1-PB2,1204,1898,0,0,0,1898,A
1-PB2,1205,0,1895,0,1,1896,T
1-PB2,1206,4,8,1890,0,1902,G
1-PB2,1207,0,1,1933,0,1934,G
1-PB2,1208,0,1916,0,1,1917,T
1-PB2,1209,2,3,1924,0,1929,G
1-PB2,1210,0,1887,0,0,1887,T
1-PB2,1211,0,1887,0,3,1890,T
1-PB2,1212,0,1891,0,0,1891,T
1-PB2,1213,0,1898,0,0,1898,T
1-PB2,1214,5,2,0,1914,1921,C
1-PB2,1215,1912,1,0,0,1913,A
1-PB2,1216,1,0,0,1950,1951,C
1-PB2,1217,1934,0,0,0,1934,A
1-PB2,1218,1932,0,0,0,1932,A
1-PB2,1219,0,1,1935,0,1936,G
1-PB2,1220,1926,1,0,0,1927,A
1-PB2,1221,1873,1,25,0,1899,A
1-PB2,1222,0,3,1937,0,1940,G
1-PB2,1223,1938,1,0,0,1939,A
1-PB2,1224,1,1942,0,1,1944,T
1-PB2,1225,1,1914,0,2,1917,T
1-PB2,1226,1,2,1911,1,1915,G
1-PB2,1227,1,0,0,1878,1879,C
1-PB2,1228,1889,2,2,0,1893,A
1-PB2,1229,0,1896,0,3,1899,T
1-PB2,1230,0,8,1976,0,1984,G
1-PB2,1231,1997,0,0,0,1997,A
1-PB2,1232,0,1999,0,0,1999,T
1-PB2,1233,1980,0,0,0,1980,A
1-PB2,1234,1984,0,0,1,1985,A
1-PB2,1235,1987,0,1,0,1988,A
1-PB2,1236,1993,0,6,1,2000,A
1-PB2,1237,0,0,2008,1,2009,G
1-PB2,1238,1,1,0,2026,2028,C
1-PB2,1239,2019,0,1,0,2020,A
1-PB2,1240,0,4,2075,0,2079,G
1-PB2,1241,0,2071,0,3,2074,T
1-PB2,1242,0,2083,0,0,2083,T
1-PB2,1243,2078,0,3,0,2081,A
1-PB2,1244,0,6,2082,0,2088,G
1-PB2,1245,2068,0,3,0,2071,A
1-PB2,1246,2,9,2061,0,2072,G
1-PB2,1247,0,4,2063,0,2067,G
1-PB2,1248,0,1974,0,0,1974,T
1-PB2,1249,0,10,1973,1,1984,G
1-PB2,1250,1985,1,0,0,1986,A
1-PB2,1251,1,1,1,1991,1994,C
1-PB2,1252,9,0,0,1989,1998,C
1-PB2,1253,1,1919,0,7,1927,T
1-PB2,1254,0,10,1930,0,1940,G
1-PB2,1255,1935,0,1,0,1936,A
1-PB2,1256,1935,0,1,0,1936,A
1-PB2,1257,0,1936,0,1,1937,T
1-PB2,1258,0,1963,0,0,1963,T
1-PB2,1259,0,1966,0,0,1966,T
1-PB2,1260,6,1,1,1951,1959,C
1-PB2,1261,0,3,1957,0,1960,G
1-PB2,1262,1,1958,0,3,1962,T
1-PB2,1263,5,0,0,1966,1971,C
1-PB2,1264,1967,0,0,0,1967,A
1-PB2,1265,1973,0,0,0,1973,A
1-PB2,1266,1,0,0,1976,1977,C
1-PB2,1267,1950,0,0,0,1950,A
1-PB2,1268,0,17,1967,0,1984,G
1-PB2,1269,1979,1,0,0,1980,A
1-PB2,1270,0,0,1993,0,1993,G
1-PB2,1271,3,0,0,1992,1995,C
1-PB2,1272,1990,1,1,0,1992,A
1-PB2,1273,2012,0,2,0,2014,A
1-PB2,1274,2014,0,0,0,2014,A
1-PB2,1275,0,2013,0,0,2013,T
1-PB2,1276,6,1,0,2009,2016,C
1-PB2,1277,1991,0,3,1,1995,A
1-PB2,1278,0,0,2003,0,2003,G
1-PB2,1279,2,2,0,1995,1999,C
1-PB2,1280,0,3,1996,0,1999,G
1-PB2,1281,0,3,2101,0,2104,G
1-PB2,1282,0,2083,1,5,2089,T
1-PB2,1283,0,2083,1,0,2084,T
1-PB2,1284,1,11,2082,0,2094,G
1-PB2,1285,2091,0,2,0,2093,A
1-PB2,1286,2110,0,1,0,2111,A
1-PB2,1287,6,3,0,2122,2131,C
1-PB2,1288,9,1,1,2106,2117,C
1-PB2,1289,14,0,1,2122,2137,C
1-PB2,1290,8,1,0,2047,2056,C
1-PB2,1291,2066,0,2,0,2068,A
1-PB2,1292,0,2079,0,0,2079,T
1-PB2,1293,1,2,2082,0,2085,G
1-PB2,1294,0,0,0,2089,2089,C
1-PB2,1295,2078,0,0,0,2078,A
1-PB2,1296,0,2061,0,0,2061,T
1-PB2,1297,8,1,0,2049,2058,C
1-PB2,1298,2033,0,1,0,2034,A
1-PB2,1299,0,0,2078,0,2078,G
1-PB2,1300,1,0,0,2093,2094,C
1-PB2,1301,0,2053,0,4,2057,T
1-PB2,1302,0,2059,0,0,2059,T
1-PB2,1303,0,2048,1,0,2049,T
1-PB2,1304,0,2055,0,0,2055,T
1-PB2,1305,2051,0,0,1,2052,A
1-PB2,1306,2053,0,0,1,2054,A
1-PB2,1307,0,6,2050,1,2057,G
1-PB2,1308,0,0,2040,0,2040,G
1-PB2,1309,1,1,0,2018,2020,C
1-PB2,1310,2008,0,0,0,2008,A
1-PB2,1311,1,2009,0,0,2010,T
1-PB2,1312,0,2019,0,2,2021,T
1-PB2,1313,0,2022,0,1,2023,T
1-PB2,1314,0,2028,0,0,2028,T
1-PB2,1315,8,0,0,2023,2031,C
1-PB2,1316,2022,1,1,0,2024,A
1-PB2,1317,4,4,2017,1,2026,G
1-PB2,1318,2019,0,1,0,2020,A
1-PB2,1319,2020,0,0,0,2020,A
1-PB2,1320,2012,0,3,0,2015,A
1-PB2,1321,0,5,2026,0,2031,G
1-PB2,1322,2043,2,0,0,2045,A
1-PB2,1323,0,2037,0,1,2038,T
1-PB2,1324,0,5,2033,0,2038,G
1-PB2,1325,1,3,0,2039,2043,C
1-PB2,1326,1,7,2039,0,2047,G
1-PB2,1327,2048,0,1,1,2050,A
1-PB2,1328,2050,0,0,0,2050,A
1-PB2,1329,2051,0,0,0,2051,A
1-PB2,1330,1,1,2053,0,2055,G
1-PB2,1331,0,2032,0,1,2033,T
1-PB2,1332,1,2,2023,0,2026,G
1-PB2,1333,2,1,0,2017,2020,C
1-PB2,1334,1,2013,0,2,2016,T
1-PB2,1335,0,2026,0,0,2026,T
1-PB2,1336,0,2017,0,1,2018,T
1-PB2,1337,0,2021,0,0,2021,T
1-PB2,1338,1,2019,0,2,2022,T
1-PB2,1339,7,1,0,2016,2024,C
1-PB2,1340,2022,0,0,0,2022,A
1-PB2,1341,2028,0,0,0,2028,A
1-PB2,1342,2027,0,0,0,2027,A
1-PB2,1343,2027,0,2,0,2029,A
1-PB2,1344,0,2019,0,1,2020,T
1-PB2,1345,0,2024,0,0,2024,T
1-PB2,1346,2,12,2014,0,2028,G
1-PB2,1347,0,14,2012,0,2026,G
1-PB2,1348,2,10,2015,1,2028,G
1-PB2,1349,0,5,2055,0,2060,G
1-PB2,1350,2045,0,3,0,2048,A
1-PB2,1351,0,2,2079,0,2081,G
1-PB2,1352,0,2077,0,1,2078,T
1-PB2,1353,0,2072,0,2,2074,T
1-PB2,1354,0,9,2079,1,2089,G
1-PB2,1355,2086,0,1,0,2087,A
1-PB2,1356,2091,0,3,0,2094,A
1-PB2,1357,1,2,0,2138,2141,C
1-PB2,1358,2113,1,1,0,2115,A
1-PB2,1359,3,2,0,2176,2181,C
1-PB2,1360,2147,0,1,0,2148,A
1-PB2,1361,0,2164,0,1,2165,T
1-PB2,1362,9,1,0,2156,2166,C
1-PB2,1363,1,10,2157,0,2168,G
1-PB2,1364,2174,0,3,0,2177,A
1-PB2,1365,1,2,0,2166,2169,C
1-PB2,1366,2107,0,0,0,2107,A
1-PB2,1367,0,2,2182,0,2184,G
1-PB2,1368,0,2135,0,2,2137,T
1-PB2,1369,0,5,2176,0,2181,G
1-PB2,1370,0,2167,0,1,2168,T
1-PB2,1371,1,8,2165,0,2174,G
1-PB2,1372,2174,0,2,0,2176,A
1-PB2,1373,0,2160,0,0,2160,T
1-PB2,1374,1,6,2160,0,2167,G
1-PB2,1375,0,4,2154,0,2158,G
1-PB2,1376,2,4,2124,0,2130,G
1-PB2,1377,2106,1,2,0,2109,A
1-PB2,1378,2099,0,0,0,2099,A
1-PB2,1379,0,2094,0,1,2095,T
1-PB2,1380,0,8,2107,0,2115,G
1-PB2,1381,2119,3,0,0,2122,A
1-PB2,1382,1,2121,0,0,2122,T
1-PB2,1383,1,2110,0,2,2113,T
1-PB2,1384,0,13,2094,0,2107,G
1-PB2,1385,0,8,2156,0,2164,G
1-PB2,1386,2142,0,3,1,2146,A
1-PB2,1387,1,2,2176,0,2179,G
1-PB2,1388,0,2151,0,2,2153,T
1-PB2,1389,2153,0,0,0,2153,A
1-PB2,1390,0,2157,0,3,2160,T
1-PB2,1391,0,2179,1,6,2186,T
1-PB2,1392,2218,0,0,0,2218,A
1-PB2,1393,2,4,0,2216,2222,C
1-PB2,1394,12,0,0,2168,2180,C
1-PB2,1395,2171,0,1,0,2172,A
1-PB2,1396,0,6,2175,0,2181,G
1-PB2,1397,2226,0,0,0,2226,A
1-PB2,1398,1,2206,0,2,2209,T
1-PB2,1399,2188,1,2,0,2191,A
1-PB2,1400,1,2164,0,0,2165,T
1-PB2,1401,1,17,2146,0,2164,G
1-PB2,1402,2162,0,1,1,2164,A
1-PB2,1403,3,1,0,2174,2178,C
1-PB2,1404,2,2168,0,2,2172,T
1-PB2,1405,11,0,0,2160,2171,C
1-PB2,1406,8,0,1,2133,2142,C
1-PB2,1407,2147,1,4,0,2152,A
1-PB2,1408,2165,0,2,0,2167,A
1-PB2,1409,0,5,2213,0,2218,G
1-PB2,1410,0,1,0,2202,2203,C
1-PB2,1411,2205,1,1,0,2207,A
1-PB2,1412,4,0,0,2199,2203,C
1-PB2,1413,2184,1,1,0,2186,A
1-PB2,1414,1,5,2186,1,2193,G
1-PB2,1415,2179,0,4,0,2183,A
1-PB2,1416,1,6,2192,1,2200,G
1-PB2,1417,2204,0,1,0,2205,A
1-PB2,1418,0,2144,0,2,2146,T
1-PB2,1419,4,2,2159,0,2165,G
1-PB2,1420,1,2153,0,2,2156,T
1-PB2,1421,12,1,0,2137,2150,C
1-PB2,1422,2152,0,5,0,2157,A
1-PB2,1423,2153,0,1,1,2155,A
1-PB2,1424,0,2152,0,0,2152,T
1-PB2,1425,1,11,2133,1,2146,G
1-PB2,1426,2113,0,2,0,2115,A
1-PB2,1427,0,5,2134,0,2139,G
1-PB2,1428,2111,0,3,0,2114,A
1-PB2,1429,1,3,2115,0,2119,G
1-PB2,1430,3,14,2194,0,2211,G
1-PB2,1431,2210,0,4,0,2214,A
1-PB2,1432,2215,0,1,0,2216,A
1-PB2,1433,0,2218,0,0,2218,T
1-PB2,1434,2215,0,0,0,2215,A
1-PB2,1435,2211,0,0,0,2211,A
1-PB2,1436,0,8,2201,0,2209,G
1-PB2,1437,2186,0,1,0,2187,A
1-PB2,1438,4,0,2184,0,2188,G
1-PB2,1439,0,2054,0,0,2054,T
1-PB2,1440,12,1,0,2049,2062,C
1-PB2,1441,2063,0,5,0,2068,A
1-PB2,1442,0,0,2086,0,2086,G
1-PB2,1443,0,0,0,2092,2092,C
1-PB2,1444,2085,0,3,0,2088,A
1-PB2,1445,2084,1,1,0,2086,A
1-PB2,1446,2082,1,2,0,2085,A
1-PB2,1447,2085,0,2,0,2087,A
1-PB2,1448,0,2059,23,0,2082,T
1-PB2,1449,0,10,2077,0,2087,G
1-PB2,1450,1,11,2070,0,2082,G
1-PB2,1451,1,2,2092,1,2096,G
1-PB2,1452,0,2070,0,5,2075,T
1-PB2,1453,0,0,2070,0,2070,G
1-PB2,1454,1,2065,0,0,2066,T
1-PB2,1455,0,9,2055,0,2064,G
1-PB2,1456,0,4,2082,0,2086,G
1-PB2,1457,2087,0,0,0,2087,A
1-PB2,1458,0,2078,0,0,2078,T
1-PB2,1459,1,10,2075,0,2086,G
1-PB2,1460,2074,1,1,1,2077,A
1-PB2,1461,2080,0,2,0,2082,A
1-PB2,1462,0,2080,0,0,2080,T
1-PB2,1463,2051,0,1,0,2052,A
1-PB2,1464,3,0,0,2318,2321,C
1-PB2,1465,1,2278,0,2,2281,T
1-PB2,1466,15,0,0,2361,2376,C
1-PB2,1467,3,0,0,2367,2370,C
1-PB2,1468,2364,0,0,0,2364,A
1-PB2,1469,1140,2,1258,0,2400,G
1-PB2,1470,0,2422,0,0,2422,T
1-PB2,1471,2430,0,4,0,2434,A
1-PB2,1472,2,0,0,2442,2444,C
1-PB2,1473,2054,1,0,0,2055,A
1-PB2,1474,1,7,2055,0,2063,G
1-PB2,1475,1913,0,0,1,1914,A
1-PB2,1476,1,4,1920,0,1925,G
1-PB2,1477,1831,1,3,0,1835,A
1-PB2,1478,0,7,1822,0,1829,G
1-PB2,1479,0,10,1821,0,1831,G
1-PB2,1480,0,3,1831,0,1834,G
1-PB2,1481,0,1809,0,0,1809,T
1-PB2,1482,0,7,1798,0,1805,G
1-PB2,1483,1,1,1813,0,1815,G
1-PB2,1484,1,1793,0,0,1794,T
1-PB2,1485,2,9,1831,0,1842,G
1-PB2,1486,2,1,1840,0,1843,G
1-PB2,1487,0,1798,0,0,1798,T
1-PB2,1488,0,1801,0,0,1801,T
1-PB2,1489,1776,0,0,0,1776,A
1-PB2,1490,0,0,1785,0,1785,G
1-PB2,1491,4,0,0,1778,1782,C
1-PB2,1492,1764,0,1,1,1766,A
1-PB2,1493,0,1766,0,0,1766,T
1-PB2,1494,2,1681,0,0,1683,T
1-PB2,1495,2,9,1672,2,1685,G
1-PB2,1496,1689,1,0,0,1690,A
1-PB2,1497,0,1687,0,2,1689,T
1-PB2,1498,13,0,2,1673,1688,C
1-PB2,1499,1,9,1662,0,1672,G
1-PB2,1500,0,0,1707,0,1707,G
1-PB2,1501,1,1703,0,0,1704,T
1-PB2,1502,1,1698,0,0,1699,T
1-PB2,1503,0,1703,0,1,1704,T
1-PB2,1504,0,1700,0,0,1700,T
1-PB2,1505,0,1699,0,3,1702,T
1-PB2,1506,0,6,1693,0,1699,G
1-PB2,1507,1686,0,9,1,1696,A
1-PB2,1508,0,6,1698,0,1704,G
1-PB2,1509,1639,0,1,0,1640,A
1-PB2,1510,0,1,1651,0,1652,G
1-PB2,1511,0,1651,0,0,1651,T
1-PB2,1512,0,1648,1,0,1649,T
1-PB2,1513,15,0,0,1635,1650,C
1-PB2,1514,1,10,1640,0,1651,G
1-PB2,1515,1653,0,6,0,1659,A
1-PB2,1516,0,8,1651,2,1661,G
1-PB2,1517,1661,0,1,0,1662,A
1-PB2,1518,4,0,0,1649,1653,C
1-PB2,1519,7,2,0,1634,1643,C
1-PB2,1520,1619,0,1,0,1620,A
1-PB2,1521,1629,0,0,0,1629,A
1-PB2,1522,1,0,0,1627,1628,C
1-PB2,1523,2,1,1628,0,1631,G
1-PB2,1524,0,1616,0,1,1617,T
1-PB2,1525,0,8,1610,0,1618,G
1-PB2,1526,0,3,1620,0,1623,G
1-PB2,1527,0,5,1620,0,1625,G
1-PB2,1528,1601,0,2,0,1603,A
1-PB2,1529,1597,0,0,0,1597,A
1-PB2,1530,1,1540,0,1,1542,T
1-PB2,1531,0,1,1605,0,1606,G
1-PB2,1532,1,1590,0,0,1591,T
1-PB2,1533,1590,0,1,0,1591,A
1-PB2,1534,1,1591,0,1,1593,T
1-PB2,1535,1,1566,0,0,1567,T
1-PB2,1536,1587,0,1,1,1589,A
1-PB2,1537,0,1574,0,1,1575,T
1-PB2,1538,0,1558,0,0,1558,T
1-PB2,1539,1558,1,0,0,1559,A
1-PB2,1540,0,1351,0,2,1353,T
1-PB2,1541,2,0,0,1387,1389,C
1-PB2,1542,0,1355,1,1,1357,T
1-PB2,1543,8,0,0,1353,1361,C
1-PB2,1544,6,0,0,1355,1361,C
1-PB2,1545,2,1321,0,0,1323,T
1-PB2,1546,0,2,1323,0,1325,G
1-PB2,1547,1321,0,1,0,1322,A
1-PB2,1548,1,2,1316,0,1319,G
1-PB2,1549,1,2,1317,0,1320,G
1-PB2,1550,1178,0,0,0,1178,A
1-PB2,1551,0,5,1193,0,1198,G
1-PB2,1552,0,2,1183,0,1185,G
1-PB2,1553,0,1145,0,0,1145,T
1-PB2,1554,5,3,0,1141,1149,C
1-PB2,1555,1133,0,0,0,1133,A
1-PB2,1556,0,0,1148,0,1148,G
1-PB2,1557,0,1143,0,0,1143,T
1-PB2,1558,0,4,1136,0,1140,G
1-PB2,1559,1135,0,1,0,1136,A
1-PB2,1560,1082,0,2,0,1084,A
1-PB2,1561,1089,0,0,0,1089,A
1-PB2,1562,3,1,1,1088,1093,C
1-PB2,1563,1081,0,0,0,1081,A
1-PB2,1564,0,1,0,1084,1085,C
1-PB2,1565,1031,0,2,0,1033,A
1-PB2,1566,1,3,1042,0,1046,G
1-PB2,1567,0,3,1036,0,1039,G
1-PB2,1568,0,2,1043,0,1045,G
1-PB2,1569,1044,0,1,0,1045,A
1-PB2,1570,1024,0,0,1,1025,A
1-PB2,1571,3,0,0,1030,1033,C
1-PB2,1572,0,1011,0,0,1011,T
1-PB2,1573,0,1,1009,0,1010,G
1-PB2,1574,1001,0,2,0,1003,A
1-PB2,1575,0,1,1003,0,1004,G
1-PB2,1576,974,0,3,0,977,A
1-PB2,1577,1,6,923,0,930,G
1-PB2,1578,923,0,2,0,925,A
1-PB2,1579,0,0,0,920,920,C
1-PB2,1580,0,869,0,0,869,T
1-PB2,1581,0,5,873,0,878,G
1-PB2,1582,874,0,0,0,874,A
1-PB2,1583,1,0,0,877,878,C
1-PB2,1584,867,0,0,0,867,A
1-PB2,1585,864,0,0,0,864,A
1-PB2,1586,0,862,0,1,863,T
1-PB2,1587,860,0,0,0,860,A
1-PB2,1588,860,0,2,0,862,A
1-PB2,1589,1,0,0,862,863,C
1-PB2,1590,1,784,0,2,787,T
1-PB2,1591,0,770,0,0,770,T
1-PB2,1592,752,0,0,0,752,A
1-PB2,1593,0,752,0,0,752,T
1-PB2,1594,0,746,0,0,746,T
1-PB2,1595,4,0,0,742,746,C
1-PB2,1596,668,0,0,1,669,A
1-PB2,1597,0,664,0,0,664,T
1-PB2,1598,2,0,0,627,629,C
1-PB2,1599,1,0,628,0,629,G
1-PB2,1600,0,632,0,0,632,T
1-PB2,1601,4,0,0,618,622,C
1-PB2,1602,0,1,618,0,619,G
1-PB2,1603,619,0,0,0,619,A
1-PB2,1604,0,618,0,0,618,T
1-PB2,1605,0,5,606,0,611,G
1-PB2,1606,612,0,0,1,613,A
1-PB2,1607,0,611,0,0,611,T
1-PB2,1608,0,2,600,0,602,G
1-PB2,1609,0,571,0,0,571,T
1-PB2,1610,1,1,566,0,568,G
1-PB2,1611,1,0,563,1,565,G
1-PB2,1612,0,1,562,0,563,G
1-PB2,1613,545,0,0,0,545,A
1-PB2,1614,0,2,536,0,538,G
1-PB2,1615,475,0,0,0,475,A
1-PB2,1616,0,460,0,0,460,T
1-PB2,1617,0,435,0,0,435,T
1-PB2,1618,435,0,0,0,435,A
1-PB2,1619,427,0,0,0,427,A
1-PB2,1620,0,0,0,417,417,C
1-PB2,1621,1,1,370,0,372,G
1-PB2,1622,0,0,367,0,367,G
1-PB2,1623,0,298,0,0,298,T
1-PB2,1624,2,0,0,290,292,C
1-PB2,1625,0,0,0,291,291,C
1-PB2,1626,0,243,0,0,243,T
1-PB2,1627,0,2,242,0,244,G
1-PB2,1628,242,0,1,0,243,A
1-PB2,1629,0,0,241,0,241,G
1-PB2,1630,0,245,0,0,245,T
1-PB2,1631,0,0,0,234,234,C
1-PB2,1632,0,0,231,0,231,G
1-PB2,1633,0,1,231,0,232,G
1-PB2,1634,0,233,0,0,233,T
1-PB2,1635,0,232,0,0,232,T
1-PB2,1636,0,230,0,0,230,T
1-PB2,1637,0,226,0,0,226,T
1-PB2,1638,0,2,230,0,232,G
1-PB2,1639,0,0,235,0,235,G
1-PB2,1640,0,234,0,1,235,T
1-PB2,1641,3,0,0,231,234,C
1-PB2,1642,233,0,0,0,233,A
1-PB2,1643,240,0,0,0,240,A
1-PB2,1644,0,240,0,0,240,T
1-PB2,1645,241,0,0,0,241,A
1-PB2,1646,1,0,0,245,246,C
1-PB2,1647,1,0,0,240,241,C
1-PB2,1648,1,243,0,0,244,T
1-PB2,1649,247,0,0,0,247,A
1-PB2,1650,0,247,0,0,247,T
1-PB2,1651,2,0,0,247,249,C
1-PB2,1652,243,0,0,0,243,A
1-PB2,1653,243,0,0,0,243,A
1-PB2,1654,0,242,0,0,242,T
1-PB2,1655,0,1,231,0,232,G
1-PB2,1656,0,0,232,0,232,G
1-PB2,1657,229,0,0,0,229,A
1-PB2,1658,0,223,0,0,223,T
1-PB2,1659,3,0,0,219,222,C
1-PB2,1660,222,0,0,0,222,A
1-PB2,1661,0,224,0,0,224,T
1-PB2,1662,1,0,0,223,224,C
1-PB2,1663,223,0,0,0,223,A
1-PB2,1664,0,0,225,0,225,G
1-PB2,1665,224,0,0,0,224,A
1-PB2,1666,222,0,0,0,222,A
1-PB2,1667,224,0,0,0,224,A
1-PB2,1668,0,224,0,0,224,T
1-PB2,1669,0,220,0,0,220,T
1-PB2,1670,0,1,219,0,220,G
1-PB2,1671,0,0,218,0,218,G
1-PB2,1672,0,0,219,0,219,G
1-PB2,1673,218,0,0,0,218,A
1-PB2,1674,220,0,0,0,220,A
1-PB2,1675,0,0,218,0,218,G
1-PB2,1676,0,0,0,218,218,C
1-PB2,1677,0,219,0,0,219,T
1-PB2,1678,0,0,220,0,220,G
1-PB2,1679,0,219,0,0,219,T
1-PB2,1680,3,0,0,216,219,C
1-PB2,1681,219,0,0,0,219,A
1-PB2,1682,220,0,0,0,220,A
1-PB2,1683,220,0,0,0,220,A
1-PB2,1684,217,0,0,0,217,A
1-PB2,1685,0,220,0,0,220,T
1-PB2,1686,0,218,0,0,218,T
1-PB2,1687,0,0,0,217,217,C
1-PB2,1688,216,1,0,0,217,A
1-PB2,1689,216,0,0,0,216,A
1-PB2,1690,0,217,0,0,217,T
1-PB2,1691,0,0,220,0,220,G
1-PB2,1692,0,0,226,0,226,G
1-PB2,1693,0,232,0,0,232,T
1-PB2,1694,0,0,0,234,234,C
1-PB2,1695,0,235,0,0,235,T
1-PB2,1696,2,0,0,235,237,C
1-PB2,1697,236,0,0,0,236,A
1-PB2,1698,0,0,238,0,238,G
1-PB2,1699,238,0,0,0,238,A
1-PB2,1700,240,0,0,0,240,A
1-PB2,1701,0,237,0,1,238,T
1-PB2,1702,0,0,0,231,231,C
1-PB2,1703,2,0,0,230,232,C
1-PB2,1704,0,229,0,0,229,T
1-PB2,1705,0,0,230,0,230,G
1-PB2,1706,0,0,0,228,228,C
1-PB2,1707,228,0,0,0,228,A
1-PB2,1708,234,0,0,0,234,A
1-PB2,1709,0,236,0,0,236,T
1-PB2,1710,0,0,243,0,243,G
1-PB2,1711,0,245,0,0,245,T
1-PB2,1712,0,235,0,0,235,T
1-PB2,1713,0,1,236,0,237,G
1-PB2,1714,0,237,0,0,237,T
1-PB2,1715,236,0,0,0,236,A
1-PB2,1716,0,0,0,236,236,C
1-PB2,1717,228,0,0,0,228,A
1-PB2,1718,233,0,0,0,233,A
1-PB2,1719,0,0,0,230,230,C
1-PB2,1720,225,0,0,0,225,A
1-PB2,1721,222,0,1,0,223,A
1-PB2,1722,223,0,0,0,223,A
1-PB2,1723,226,0,0,0,226,A
1-PB2,1724,0,226,0,0,226,T
1-PB2,1725,0,1,225,0,226,G
1-PB2,1726,0,0,225,0,225,G
1-PB2,1727,224,0,1,0,225,A
1-PB2,1728,224,1,0,0,225,A
1-PB2,1729,0,224,0,0,224,T
1-PB2,1730,0,224,0,0,224,T
1-PB2,1731,0,224,0,0,224,T
1-PB2,1732,2,1,219,0,222,G
1-PB2,1733,223,0,1,0,224,A
1-PB2,1734,224,0,0,0,224,A
1-PB2,1735,0,0,0,223,223,C
1-PB2,1736,2,0,0,219,221,C
1-PB2,1737,222,0,0,0,222,A
1-PB2,1738,0,225,0,0,225,T
1-PB2,1739,0,226,0,0,226,T
1-PB2,1740,0,225,0,1,226,T
1-PB2,1741,2,0,0,223,225,C
1-PB2,1742,226,0,0,0,226,A
1-PB2,1743,223,0,0,0,223,A
1-PB2,1744,0,225,0,0,225,T
1-PB2,1745,0,0,0,227,227,C
1-PB2,1746,0,224,0,0,224,T
1-PB2,1747,0,224,0,0,224,T
1-PB2,1748,1,223,0,0,224,T
1-PB2,1749,224,0,0,0,224,A
1-PB2,1750,0,0,221,0,221,G
1-PB2,1751,0,222,0,1,223,T
1-PB2,1752,2,0,0,224,226,C
1-PB2,1753,3,0,0,224,227,C
1-PB2,1754,1,0,0,225,226,C
1-PB2,1755,1,0,0,225,226,C
1-PB2,1756,224,0,0,0,224,A
1-PB2,1757,224,0,0,0,224,A
1-PB2,1758,0,1,226,0,227,G
1-PB2,1759,0,0,227,0,227,G
1-PB2,1760,0,0,0,226,226,C
1-PB2,1761,1,0,0,219,220,C
1-PB2,1762,216,0,1,0,217,A
1-PB2,1763,0,217,0,0,217,T
1-PB2,1764,0,216,0,0,216,T
1-PB2,1765,217,0,0,0,217,A
1-PB2,1766,0,0,219,0,219,G
1-PB2,1767,218,0,0,0,218,A
1-PB2,1768,225,0,0,0,225,A
1-PB2,1769,0,0,229,0,229,G
1-PB2,1770,0,0,0,229,229,C
1-PB2,1771,2,0,0,229,231,C
1-PB2,1772,230,0,0,0,230,A
1-PB2,1773,233,0,0,0,233,A
1-PB2,1774,0,236,0,0,236,T
1-PB2,1775,241,0,0,0,241,A
1-PB2,1776,0,0,0,242,242,C
1-PB2,1777,225,0,0,0,225,A
1-PB2,1778,0,0,226,0,226,G
1-PB2,1779,0,224,0,0,224,T
1-PB2,1780,0,1,224,0,225,G
1-PB2,1781,0,0,224,0,224,G
1-PB2,1782,0,1,221,0,222,G
1-PB2,1783,0,215,0,0,215,T
1-PB2,1784,0,213,0,0,213,T
1-PB2,1785,0,215,0,0,215,T
1-PB2,1786,1,0,215,0,216,G
1-PB2,1787,0,214,0,0,214,T
1-PB2,1788,4,0,0,209,213,C
1-PB2,1789,208,0,1,0,209,A
1-PB2,1790,0,1,210,0,211,G
1-PB2,1791,207,0,0,0,207,A
1-PB2,1792,208,0,0,0,208,A
1-PB2,1793,0,0,0,208,208,C
1-PB2,1794,0,204,0,0,204,T
1-PB2,1795,0,0,0,209,209,C
1-PB2,1796,0,209,0,0,209,T
1-PB2,1797,213,0,0,0,213,A
1-PB2,1798,0,212,0,0,212,T
1-PB2,1799,0,209,0,0,209,T
1-PB2,1800,1,0,0,210,211,C
1-PB2,1801,1,0,0,211,212,C
1-PB2,1802,210,0,0,0,210,A
1-PB2,1803,211,0,0,0,211,A
1-PB2,1804,0,0,0,212,212,C
1-PB2,1805,211,0,0,0,211,A
1-PB2,1806,212,0,0,0,212,A
1-PB2,1807,213,0,0,0,213,A
1-PB2,1808,0,216,0,0,216,T
1-PB2,1809,0,1,214,0,215,G
1-PB2,1810,216,0,0,0,216,A
1-PB2,1811,0,0,216,0,216,G
1-PB2,1812,215,0,1,0,216,A
1-PB2,1813,0,0,216,0,216,G
1-PB2,1814,216,0,0,0,216,A
1-PB2,1815,0,0,0,213,213,C
1-PB2,1816,0,0,216,0,216,G
1-PB2,1817,0,218,0,0,218,T
1-PB2,1818,223,0,0,0,223,A
1-PB2,1819,0,0,0,225,225,C
1-PB2,1820,0,219,0,0,219,T
1-PB2,1821,0,218,0,0,218,T
1-PB2,1822,0,1,217,0,218,G
1-PB2,1823,0,0,218,0,218,G
1-PB2,1824,1,1,217,0,219,G
1-PB2,1825,218,0,0,0,218,A
1-PB2,1826,0,0,0,220,220,C
1-PB2,1827,219,0,0,0,219,A
1-PB2,1828,0,221,0,0,221,T
1-PB2,1829,0,220,0,0,220,T
1-PB2,1830,0,219,0,0,219,T
1-PB2,1831,0,1,220,0,221,G
1-PB2,1832,220,0,0,0,220,A
1-PB2,1833,0,0,0,221,221,C
1-PB2,1834,219,0,0,0,219,A
1-PB2,1835,0,0,0,219,219,C
1-PB2,1836,0,0,0,219,219,C
1-PB2,1837,222,0,0,0,222,A
1-PB2,1838,1,0,0,221,222,C
1-PB2,1839,1,0,0,220,221,C
1-PB2,1840,0,0,0,222,222,C
1-PB2,1841,219,1,0,0,220,A
1-PB2,1842,0,1,224,0,225,G
1-PB2,1843,223,0,0,0,223,A
1-PB2,1844,0,235,0,0,235,T
1-PB2,1845,234,0,0,0,234,A
1-PB2,1846,229,0,0,0,229,A
1-PB2,1847,0,231,0,0,231,T
1-PB2,1848,228,0,1,0,229,A
1-PB2,1849,229,0,0,0,229,A
1-PB2,1850,223,0,0,0,223,A
1-PB2,1851,0,0,221,0,221,G
1-PB2,1852,0,0,0,224,224,C
1-PB2,1853,0,218,0,0,218,T
1-PB2,1854,0,214,0,0,214,T
1-PB2,1855,2,0,0,213,215,C
1-PB2,1856,0,215,0,1,216,T
1-PB2,1857,3,1,1,212,217,C
1-PB2,1858,0,0,0,220,220,C
1-PB2,1859,1,0,0,221,222,C
1-PB2,1860,0,222,0,0,222,T
1-PB2,1861,0,220,0,0,220,T
1-PB2,1862,0,222,0,0,222,T
1-PB2,1863,0,222,0,0,222,T
1-PB2,1864,0,0,222,0,222,G
1-PB2,1865,0,0,0,222,222,C
1-PB2,1866,218,1,0,0,219,A
1-PB2,1867,0,0,220,0,220,G
1-PB2,1868,0,0,0,218,218,C
1-PB2,1869,0,217,0,0,217,T
1-PB2,1870,0,0,219,0,219,G
1-PB2,1871,0,0,0,219,219,C
1-PB2,1872,0,219,0,0,219,T
1-PB2,1873,1,0,0,222,223,C
1-PB2,1874,1,1,0,220,222,C
1-PB2,1875,223,0,0,0,223,A
1-PB2,1876,0,0,0,223,223,C
1-PB2,1877,1,0,1,222,224,C
1-PB2,1878,221,0,1,0,222,A
1-PB2,1879,223,0,0,0,223,A
1-PB2,1880,223,0,0,0,223,A
1-PB2,1881,0,0,224,0,224,G
1-PB2,1882,0,0,0,223,223,C
1-PB2,1883,221,0,0,0,221,A
1-PB2,1884,221,0,0,0,221,A
1-PB2,1885,220,0,0,0,220,A
1-PB2,1886,0,1,227,0,228,G
1-PB2,1887,0,0,0,228,228,C
1-PB2,1888,227,0,0,0,227,A
1-PB2,1889,0,2,228,0,230,G
1-PB2,1890,229,0,0,0,229,A
1-PB2,1891,230,0,0,0,230,A
1-PB2,1892,0,230,0,0,230,T
1-PB2,1893,0,0,230,0,230,G
1-PB2,1894,1,0,0,229,230,C
1-PB2,1895,228,0,1,0,229,A
1-PB2,1896,0,1,237,0,238,G
1-PB2,1897,0,238,0,0,238,T
1-PB2,1898,0,246,0,0,246,T
1-PB2,1899,2,0,0,245,247,C
1-PB2,1900,0,245,0,0,245,T
1-PB2,1901,0,0,0,253,253,C
1-PB2,1902,0,252,0,0,252,T
1-PB2,1903,0,252,0,0,252,T
1-PB2,1904,1,0,0,252,253,C
1-PB2,1905,248,0,0,0,248,A
1-PB2,1906,0,1,0,247,248,C
1-PB2,1907,0,242,0,0,242,T
1-PB2,1908,0,0,246,0,246,G
1-PB2,1909,245,0,0,0,245,A
1-PB2,1910,0,0,0,249,249,C
1-PB2,1911,0,245,0,0,245,T
1-PB2,1912,0,0,245,0,245,G
1-PB2,1913,0,245,0,0,245,T
1-PB2,1914,0,1,249,0,250,G
1-PB2,1915,250,0,0,0,250,A
1-PB2,1916,253,0,0,0,253,A
1-PB2,1917,1,253,0,0,254,T
1-PB2,1918,0,1,254,0,255,G
1-PB2,1919,0,243,0,0,243,T
1-PB2,1920,233,0,0,0,233,A
1-PB2,1921,238,0,0,0,238,A
1-PB2,1922,0,2,236,0,238,G
1-PB2,1923,0,0,239,0,239,G
1-PB2,1924,0,1,236,0,237,G
1-PB2,1925,0,1,237,0,238,G
1-PB2,1926,236,0,0,0,236,A
1-PB2,1927,0,236,0,0,236,T
1-PB2,1928,0,1,0,235,236,C
1-PB2,1929,234,0,0,0,234,A
1-PB2,1930,0,0,239,0,239,G
1-PB2,1931,1,3,233,0,237,G
1-PB2,1932,0,2,235,0,237,G
1-PB2,1933,239,0,0,0,239,A
1-PB2,1934,0,233,0,0,233,T
1-PB2,1935,0,0,232,0,232,G
1-PB2,1936,232,0,0,0,232,A
1-PB2,1937,0,1,239,0,240,G
1-PB2,1938,237,0,0,0,237,A
1-PB2,1939,230,0,0,0,230,A
1-PB2,1940,0,236,0,0,236,T
1-PB2,1941,232,0,1,0,233,A
1-PB2,1942,0,0,0,238,238,C
1-PB2,1943,0,236,0,0,236,T
1-PB2,1944,0,236,0,0,236,T
1-PB2,1945,0,0,237,0,237,G
1-PB2,1946,0,227,0,0,227,T
1-PB2,1947,226,0,0,0,226,A
1-PB2,1948,227,0,0,0,227,A
1-PB2,1949,1,1,222,0,224,G
1-PB2,1950,0,3,224,0,227,G
1-PB2,1951,0,0,217,0,217,G
1-PB2,1952,0,0,220,0,220,G
1-PB2,1953,1,0,0,220,221,C
1-PB2,1954,220,0,0,1,221,A
1-PB2,1955,228,0,0,0,228,A
1-PB2,1956,0,229,0,0,229,T
1-PB2,1957,0,226,0,0,226,T
1-PB2,1958,0,0,0,235,235,C
1-PB2,1959,0,234,0,0,234,T
1-PB2,1960,2,0,0,234,236,C
1-PB2,1961,1,0,0,234,235,C
1-PB2,1962,1,234,0,0,235,T
1-PB2,1963,0,0,244,0,244,G
1-PB2,1964,0,238,0,0,238,T
1-PB2,1965,240,0,1,0,241,A
1-PB2,1966,0,241,0,0,241,T
1-PB2,1967,0,237,0,0,237,T
1-PB2,1968,1,0,0,237,238,C
1-PB2,1969,234,0,0,0,234,A
1-PB2,1970,234,0,0,0,234,A
1-PB2,1971,0,1,0,235,236,C
1-PB2,1972,0,233,0,0,233,T
1-PB2,1973,233,0,0,0,233,A
1-PB2,1974,0,0,0,239,239,C
1-PB2,1975,241,0,0,0,241,A
1-PB2,1976,241,0,0,0,241,A
1-PB2,1977,0,0,0,240,240,C
1-PB2,1978,238,1,0,0,239,A
1-PB2,1979,236,0,0,0,236,A
1-PB2,1980,0,0,235,0,235,G
1-PB2,1981,234,0,1,0,235,A
1-PB2,1982,0,0,0,238,238,C
1-PB2,1983,1,0,0,226,227,C
1-PB2,1984,226,0,0,0,226,A
1-PB2,1985,0,0,0,240,240,C
1-PB2,1986,0,238,0,0,238,T
1-PB2,1987,238,0,0,0,238,A
1-PB2,1988,236,0,0,0,236,A
1-PB2,1989,236,0,0,0,236,A
1-PB2,1990,237,0,0,0,237,A
1-PB2,1991,0,2,236,0,238,G
1-PB2,1992,235,0,0,0,235,A
1-PB2,1993,0,0,0,238,238,C
1-PB2,1994,0,234,0,0,234,T
1-PB2,1995,233,0,0,0,233,A
1-PB2,1996,234,0,0,0,234,A
1-PB2,1997,1,0,0,234,235,C
1-PB2,1998,234,0,0,0,234,A
1-PB2,1999,232,0,0,0,232,A
1-PB2,2000,0,231,0,0,231,T
1-PB2,2001,0,229,0,0,229,T
1-PB2,2002,3,0,0,226,229,C
1-PB2,2003,0,226,0,1,227,T
1-PB2,2004,0,0,0,231,231,C
1-PB2,2005,0,0,232,0,232,G
1-PB2,2006,0,1,234,0,235,G
1-PB2,2007,235,0,0,0,235,A
1-PB2,2008,236,0,0,0,236,A
1-PB2,2009,235,0,0,1,236,A
1-PB2,2010,233,0,2,0,235,A
1-PB2,2011,0,0,236,0,236,G
1-PB2,2012,236,0,0,0,236,A
1-PB2,2013,0,235,0,1,236,T
1-PB2,2014,0,1,234,0,235,G
1-PB2,2015,0,0,0,234,234,C
1-PB2,2016,0,1,0,234,235,C
1-PB2,2017,1,0,234,0,235,G
1-PB2,2018,0,0,236,0,236,G
1-PB2,2019,0,0,0,238,238,C
1-PB2,2020,238,0,0,0,238,A
1-PB2,2021,0,0,0,243,243,C
1-PB2,2022,0,240,0,0,240,T
1-PB2,2023,0,242,0,0,242,T
1-PB2,2024,0,240,0,0,240,T
1-PB2,2025,240,0,0,0,240,A
1-PB2,2026,241,0,0,0,241,A
1-PB2,2027,0,240,0,0,240,T
1-PB2,2028,0,240,0,0,240,T
1-PB2,2029,0,0,240,0,240,G
1-PB2,2030,235,0,0,0,235,A
1-PB2,2031,234,0,0,0,234,A
1-PB2,2032,0,0,235,0,235,G
1-PB2,2033,241,0,0,0,241,A
1-PB2,2034,1,0,0,241,242,C
1-PB2,2035,1,0,1,241,243,C
1-PB2,2036,1,0,0,243,244,C
1-PB2,2037,242,0,0,0,242,A
1-PB2,2038,0,0,248,0,248,G
1-PB2,2039,247,0,0,0,247,A
1-PB2,2040,0,247,0,0,247,T
1-PB2,2041,0,3,243,0,246,G
1-PB2,2042,243,0,0,0,243,A
1-PB2,2043,245,0,0,0,245,A
1-PB2,2044,243,0,0,0,243,A
1-PB2,2045,1,0,241,0,242,G
1-PB2,2046,0,0,0,245,245,C
1-PB2,2047,243,0,0,0,243,A
1-PB2,2048,1,0,0,244,245,C
1-PB2,2049,242,0,0,0,242,A
1-PB2,2050,0,243,0,0,243,T
1-PB2,2051,0,0,0,246,246,C
1-PB2,2052,1,0,0,245,246,C
1-PB2,2053,0,0,248,0,248,G
1-PB2,2054,0,1,246,0,247,G
1-PB2,2055,243,0,0,0,243,A
1-PB2,2056,0,0,247,0,247,G
1-PB2,2057,0,244,0,0,244,T
1-PB2,2058,0,0,240,0,240,G
1-PB2,2059,0,0,242,0,242,G
1-PB2,2060,236,0,0,0,236,A
1-PB2,2061,1,0,235,0,236,G
1-PB2,2062,0,231,0,1,232,T
1-PB2,2063,0,0,0,229,229,C
1-PB2,2064,0,0,0,230,230,C
1-PB2,2065,0,0,226,0,226,G
1-PB2,2066,0,0,0,226,226,C
1-PB2,2067,1,0,1,223,225,C
1-PB2,2068,1,0,225,0,226,G
1-PB2,2069,0,226,0,1,227,T
1-PB2,2070,2,0,0,225,227,C
1-PB2,2071,0,229,0,0,229,T
1-PB2,2072,0,228,0,0,228,T
1-PB2,2073,0,1,227,0,228,G
1-PB2,2074,226,0,0,0,226,A
1-PB2,2075,0,2,223,0,225,G
1-PB2,2076,226,0,1,0,227,A
1-PB2,2077,0,0,219,0,219,G
1-PB2,2078,0,0,221,0,221,G
1-PB2,2079,0,0,221,0,221,G
1-PB2,2080,0,220,1,0,221,T
1-PB2,2081,0,219,0,0,219,T
1-PB2,2082,0,221,0,0,221,T
1-PB2,2083,1,0,0,221,222,C
1-PB2,2084,0,221,0,0,221,T
1-PB2,2085,2,0,0,223,225,C
1-PB2,2086,221,0,1,0,222,A
1-PB2,2087,0,223,0,0,223,T
1-PB2,2088,0,221,0,0,221,T
1-PB2,2089,220,0,0,0,220,A
1-PB2,2090,0,219,0,0,219,T
1-PB2,2091,216,0,0,0,216,A
1-PB2,2092,0,1,218,0,219,G
1-PB2,2093,0,0,219,0,219,G
1-PB2,2094,0,211,0,0,211,T
1-PB2,2095,212,0,0,0,212,A
1-PB2,2096,208,1,2,0,211,A
1-PB2,2097,0,0,210,0,210,G
1-PB2,2098,0,0,214,0,214,G
1-PB2,2099,211,0,0,0,211,A
1-PB2,2100,207,0,1,0,208,A
1-PB2,2101,0,0,210,0,210,G
1-PB2,2102,205,0,0,0,205,A
1-PB2,2103,1,0,0,205,206,C
1-PB2,2104,201,0,0,0,201,A
1-PB2,2105,0,2,199,0,201,G
1-PB2,2106,199,0,0,0,199,A
1-PB2,2107,194,0,0,0,194,A
1-PB2,2108,0,1,193,0,194,G
1-PB2,2109,0,0,189,0,189,G
1-PB2,2110,0,195,0,0,195,T
1-PB2,2111,195,0,0,0,195,A
1-PB2,2112,0,0,0,195,195,C
1-PB2,2113,1,1,193,0,195,G
1-PB2,2114,0,1,200,0,201,G
1-PB2,2115,201,0,0,0,201,A
1-PB2,2116,2,0,0,198,200,C
1-PB2,2117,1,0,0,198,199,C
1-PB2,2118,193,0,1,0,194,A
1-PB2,2119,0,0,200,0,200,G
1-PB2,2120,0,1,0,199,200,C
1-PB2,2121,199,0,0,0,199,A
1-PB2,2122,0,197,0,0,197,T
1-PB2,2123,0,190,0,0,190,T
1-PB2,2124,191,0,0,0,191,A
1-PB2,2125,185,0,0,0,185,A
1-PB2,2126,0,0,185,0,185,G
1-PB2,2127,0,0,0,187,187,C
1-PB2,2128,175,0,0,0,175,A
1-PB2,2129,0,180,0,0,180,T
1-PB2,2130,0,0,0,180,180,C
1-PB2,2131,178,0,0,0,178,A
1-PB2,2132,180,0,0,0,180,A
1-PB2,2133,0,176,0,0,176,T
1-PB2,2134,0,1,178,0,179,G
1-PB2,2135,178,0,0,0,178,A
1-PB2,2136,178,0,0,0,178,A
1-PB2,2137,0,0,0,180,180,C
1-PB2,2138,0,165,0,0,165,T
1-PB2,2139,0,1,167,0,168,G
1-PB2,2140,167,0,0,0,167,A
1-PB2,2141,0,0,166,0,166,G
1-PB2,2142,0,165,0,0,165,T
1-PB2,2143,163,0,0,0,163,A
1-PB2,2144,163,0,0,0,163,A
1-PB2,2145,1,0,0,166,167,C
1-PB2,2146,1,0,0,159,160,C
1-PB2,2147,0,159,0,0,159,T
1-PB2,2148,0,154,0,1,155,T
1-PB2,2149,0,0,155,0,155,G
1-PB2,2150,0,0,0,154,154,C
1-PB2,2151,155,0,0,0,155,A
1-PB2,2152,156,0,0,0,156,A
1-PB2,2153,154,0,0,0,154,A
1-PB2,2154,152,0,0,0,152,A
1-PB2,2155,0,0,152,0,152,G
1-PB2,2156,0,2,148,0,150,G
1-PB2,2157,0,1,148,0,149,G
1-PB2,2158,0,0,150,0,150,G
1-PB2,2159,150,0,0,0,150,A
1-PB2,2160,149,1,0,0,150,A
1-PB2,2161,150,0,0,0,150,A
1-PB2,2162,150,0,0,0,150,A
1-PB2,2163,0,0,151,0,151,G
1-PB2,2164,0,0,149,0,149,G
1-PB2,2165,2,0,0,146,148,C
1-PB2,2166,0,146,0,1,147,T
1-PB2,2167,147,0,0,0,147,A
1-PB2,2168,147,0,0,0,147,A
1-PB2,2169,0,147,0,0,147,T
1-PB2,2170,0,1,148,0,149,G
1-PB2,2171,0,142,0,0,142,T
1-PB2,2172,0,0,137,0,137,G
1-PB2,2173,1,0,0,136,137,C
1-PB2,2174,0,135,0,0,135,T
1-PB2,2175,135,0,0,0,135,A
1-PB2,2176,136,0,0,0,136,A
1-PB2,2177,0,136,0,0,136,T
1-PB2,2178,0,0,0,133,133,C
1-PB2,2179,0,1,127,0,128,G
1-PB2,2180,0,0,129,0,129,G
1-PB2,2181,0,0,128,0,128,G
1-PB2,2182,0,1,0,128,129,C
1-PB2,2183,129,0,0,0,129,A
1-PB2,2184,123,0,1,0,124,A
1-PB2,2185,0,0,125,0,125,G
1-PB2,2186,0,0,125,0,125,G
1-PB2,2187,125,0,0,0,125,A
1-PB2,2188,0,1,121,0,122,G
1-PB2,2189,120,0,0,0,120,A
1-PB2,2190,0,0,0,119,119,C
1-PB2,2191,0,0,120,0,120,G
1-PB2,2192,0,119,0,1,120,T
1-PB2,2193,0,0,119,0,119,G
1-PB2,2194,0,0,119,0,119,G
1-PB2,2195,0,114,0,1,115,T
1-PB2,2196,0,0,118,0,118,G
1-PB2,2197,0,114,0,0,114,T
1-PB2,2198,0,113,0,0,113,T
1-PB2,2199,0,0,112,0,112,G
1-PB2,2200,0,0,113,0,113,G
1-PB2,2201,0,113,0,0,113,T
1-PB2,2202,107,0,0,0,107,A
1-PB2,2203,103,0,0,0,103,A
1-PB2,2204,0,102,0,0,102,T
1-PB2,2205,0,0,100,0,100,G
1-PB2,2206,100,0,0,0,100,A
1-PB2,2207,100,0,0,0,100,A
1-PB2,2208,100,0,0,0,100,A
1-PB2,2209,0,1,0,99,100,C
1-PB2,2210,0,0,101,0,101,G
1-PB2,2211,101,0,0,0,101,A
1-PB2,2212,101,0,0,0,101,A
1-PB2,2213,100,0,0,0,100,A
1-PB2,2214,100,0,0,0,100,A
1-PB2,2215,2,1,0,97,100,C
1-PB2,2216,0,0,98,0,98,G
1-PB2,2217,0,0,98,0,98,G
1-PB2,2218,0,0,98,0,98,G
1-PB2,2219,97,0,0,0,97,A
1-PB2,2220,0,0,0,97,97,C
1-PB2,2221,0,97,0,0,97,T
1-PB2,2222,1,0,0,100,101,C
1-PB2,2223,0,100,0,0,100,T
1-PB2,2224,101,0,0,0,101,A
1-PB2,2225,0,0,101,0,101,G
1-PB2,2226,0,0,0,97,97,C
1-PB2,2227,96,0,0,0,96,A
1-PB2,2228,0,95,0,1,96,T
1-PB2,2229,91,0,0,0,91,A
1-PB2,2230,0,1,0,92,93,C
1-PB2,2231,0,84,0,1,85,T
1-PB2,2232,0,84,0,0,84,T
1-PB2,2233,83,0,0,0,83,A
1-PB2,2234,0,0,0,83,83,C
1-PB2,2235,0,82,0,1,83,T
1-PB2,2236,0,0,83,0,83,G
1-PB2,2237,79,0,0,0,79,A
1-PB2,2238,0,0,0,81,81,C
1-PB2,2239,77,0,0,0,77,A
1-PB2,2240,0,0,78,0,78,G
1-PB2,2241,1,0,0,77,78,C
1-PB2,2242,0,0,0,78,78,C
1-PB2,2243,78,0,0,0,78,A
1-PB2,2244,0,1,77,0,78,G
1-PB2,2245,76,0,0,0,76,A
1-PB2,2246,0,0,0,76,76,C
1-PB2,2247,72,0,0,0,72,A
1-PB2,2248,0,0,72,0,72,G
1-PB2,2249,0,0,0,68,68,C
1-PB2,2250,0,0,68,0,68,G
1-PB2,2251,68,0,0,0,68,A
1-PB2,2252,0,0,0,68,68,C
1-PB2,2253,2,0,0,66,68,C
1-PB2,2254,67,0,0,0,67,A
1-PB2,2255,66,0,0,0,66,A
1-PB2,2256,66,0,0,0,66,A
1-PB2,2257,66,0,0,0,66,A
1-PB2,2258,0,0,66,0,66,G
1-PB2,2259,64,0,0,0,64,A
1-PB2,2260,64,0,0,0,64,A
1-PB2,2261,0,64,0,0,64,T
1-PB2,2262,0,63,0,0,63,T
1-PB2,2263,1,0,0,63,64,C
1-PB2,2264,0,0,61,0,61,G
1-PB2,2265,0,0,61,0,61,G
1-PB2,2266,61,0,0,0,61,A
1-PB2,2267,0,59,0,0,59,T
1-PB2,2268,0,0,59,0,59,G
1-PB2,2269,0,0,59,0,59,G
1-PB2,2270,0,0,0,59,59,C
1-PB2,2271,0,0,0,59,59,C
1-PB2,2272,58,0,0,0,58,A
1-PB2,2273,0,58,0,0,58,T
1-PB2,2274,0,0,0,58,58,C
1-PB2,2275,58,0,0,0,58,A
1-PB2,2276,58,0,0,0,58,A
1-PB2,2277,0,58,0,0,58,T
1-PB2,2278,0,52,0,0,52,T
1-PB2,2279,48,0,0,0,48,A
1-PB2,2280,47,0,0,0,47,A
2-PB1,1,235,0,0,0,235,A
2-PB1,2,0,236,0,0,236,T
2-PB1,3,0,0,242,0,242,G
2-PB1,4,0,2,257,0,259,G
2-PB1,5,294,0,0,0,294,A
2-PB1,6,0,309,0,1,310,T
2-PB1,7,0,0,314,0,314,G
2-PB1,8,0,315,0,0,315,T
2-PB1,9,0,0,0,344,344,C
2-PB1,10,347,1,0,0,348,A
2-PB1,11,358,0,0,0,358,A
2-PB1,12,0,359,0,0,359,T
2-PB1,13,2,0,0,362,364,C
2-PB1,14,0,0,0,395,395,C
2-PB1,15,0,0,408,0,408,G
2-PB1,16,455,0,0,0,455,A
2-PB1,17,1,0,0,465,466,C
2-PB1,18,0,467,0,0,467,T
2-PB1,19,1,0,0,537,538,C
2-PB1,20,0,537,0,0,537,T
2-PB1,21,544,0,0,0,544,A
2-PB1,22,1,0,0,549,550,C
2-PB1,23,0,548,0,2,550,T
2-PB1,24,0,2,622,0,624,G
2-PB1,25,0,627,0,0,627,T
2-PB1,26,0,627,0,0,627,T
2-PB1,27,1,0,0,624,625,C
2-PB1,28,1,2,0,622,625,C
2-PB1,29,0,724,0,1,725,T
2-PB1,30,732,0,0,0,732,A
2-PB1,31,733,0,0,0,733,A
2-PB1,32,737,0,0,0,737,A
2-PB1,33,0,4,737,1,742,G
2-PB1,34,0,0,754,0,754,G
2-PB1,35,2,753,0,0,755,T
2-PB1,36,0,754,0,1,755,T
2-PB1,37,1,0,0,756,757,C
2-PB1,38,1,1,0,758,760,C
2-PB1,39,759,0,2,0,761,A
2-PB1,40,0,1,767,0,768,G
2-PB1,41,1,0,0,768,769,C
2-PB1,42,0,3,773,0,776,G
2-PB1,43,0,0,0,779,779,C
2-PB1,44,772,0,0,0,772,A
2-PB1,45,777,0,0,0,777,A
2-PB1,46,780,0,0,0,780,A
2-PB1,47,789,0,0,0,789,A
2-PB1,48,0,796,0,0,796,T
2-PB1,49,0,1,828,0,829,G
2-PB1,50,0,0,0,830,830,C
2-PB1,51,2,1,0,827,830,C
2-PB1,52,832,0,0,0,832,A
2-PB1,53,0,834,0,0,834,T
2-PB1,54,900,0,0,0,900,A
2-PB1,55,900,0,0,0,900,A
2-PB1,56,0,0,938,0,938,G
2-PB1,57,1,1,0,938,940,C
2-PB1,58,935,0,0,0,935,A
2-PB1,59,1,0,0,965,966,C
2-PB1,60,964,0,1,0,965,A
2-PB1,61,1007,0,3,0,1010,A
2-PB1,62,0,0,0,1014,1014,C
2-PB1,63,1014,0,0,0,1014,A
2-PB1,64,0,1031,0,0,1031,T
2-PB1,65,0,1019,0,0,1019,T
2-PB1,66,5,0,0,1221,1226,C
2-PB1,67,6,0,0,1229,1235,C
2-PB1,68,3,0,0,1246,1249,C
2-PB1,69,0,1260,0,2,1262,T
2-PB1,70,0,1253,0,0,1253,T
2-PB1,71,1350,0,0,0,1350,A
2-PB1,72,0,1359,0,0,1359,T
2-PB1,73,1361,0,0,0,1361,A
2-PB1,74,7,0,0,1368,1375,C
2-PB1,75,1,1323,1,0,1325,T
2-PB1,76,2,4,1334,0,1340,G
2-PB1,77,1,4,1339,0,1344,G
2-PB1,78,1339,0,0,0,1339,A
2-PB1,79,1,5,1342,0,1348,G
2-PB1,80,1345,0,2,0,1347,A
2-PB1,81,0,1350,0,0,1350,T
2-PB1,82,3,0,0,1431,1434,C
2-PB1,83,2,0,0,1434,1436,C
2-PB1,84,1,1438,0,0,1439,T
2-PB1,85,1,1,0,1510,1512,C
2-PB1,86,3,0,0,1509,1512,C
2-PB1,87,1520,0,1,0,1521,A
2-PB1,88,0,1520,0,0,1520,T
2-PB1,89,1518,0,0,0,1518,A
2-PB1,90,4,0,0,1523,1527,C
2-PB1,91,1504,0,0,0,1504,A
2-PB1,92,0,1,1582,0,1583,G
2-PB1,93,1,0,1,1585,1587,C
2-PB1,94,5,2,0,1557,1564,C
2-PB1,95,1570,0,0,0,1570,A
2-PB1,96,0,1571,0,0,1571,T
2-PB1,97,0,3,1569,0,1572,G
2-PB1,98,0,6,1655,0,1661,G
2-PB1,99,1659,0,1,1,1661,A
2-PB1,100,1675,0,0,0,1675,A
2-PB1,101,4,1,0,1674,1679,C
2-PB1,102,1668,0,1,0,1669,A
2-PB1,103,0,8,1688,0,1696,G
2-PB1,104,0,12,1714,0,1726,G
2-PB1,105,1728,0,0,0,1728,A
2-PB1,106,1731,0,4,0,1735,A
2-PB1,107,1,0,0,1752,1753,C
2-PB1,108,1738,0,0,0,1738,A
2-PB1,109,1,9,1914,0,1924,G
2-PB1,110,0,15,1910,0,1925,G
2-PB1,111,1,4,1955,2,1962,G
2-PB1,112,1,1951,0,1,1953,T
2-PB1,113,1943,0,3,0,1946,A
2-PB1,114,2,0,0,1961,1963,C
2-PB1,115,2036,0,2,1,2039,A
2-PB1,116,3,1,0,2095,2099,C
2-PB1,117,10,2,0,2071,2083,C
2-PB1,118,2028,0,10,0,2038,A
2-PB1,119,0,2034,1,0,2035,T
2-PB1,120,2,16,2017,0,2035,G
2-PB1,121,0,10,2025,0,2035,G
2-PB1,122,2035,0,0,0,2035,A
2-PB1,123,3,2,0,2035,2040,C
2-PB1,124,1994,0,0,0,1994,A
2-PB1,125,3,1,0,2005,2009,C
2-PB1,126,2002,0,2,0,2004,A
2-PB1,127,1,2,2030,0,2033,G
2-PB1,128,1,2030,0,0,2031,T
2-PB1,129,12,0,0,2088,2100,C
2-PB1,130,2095,0,2,0,2097,A
2-PB1,131,2118,0,1,0,2119,A
2-PB1,132,2,0,0,2116,2118,C
2-PB1,133,2103,2,1,0,2106,A
2-PB1,134,0,9,2113,1,2123,G
2-PB1,135,2096,0,2,0,2098,A
2-PB1,136,2093,0,1,0,2094,A
2-PB1,137,2,2,0,2085,2089,C
2-PB1,138,2053,0,3,0,2056,A
2-PB1,139,1,3,0,2048,2052,C
2-PB1,140,2040,0,0,0,2040,A
2-PB1,141,0,2022,0,0,2022,T
2-PB1,142,15,0,0,2146,2161,C
2-PB1,143,2171,0,2,0,2173,A
2-PB1,144,2196,0,1,0,2197,A
2-PB1,145,0,2229,0,0,2229,T
2-PB1,146,2288,0,0,0,2288,A
2-PB1,147,0,2288,0,2,2290,T
2-PB1,148,0,2248,0,0,2248,T
2-PB1,149,6,1,0,2246,2253,C
2-PB1,150,2221,0,3,0,2224,A
2-PB1,151,0,6,2220,0,2226,G
2-PB1,152,2212,0,1,0,2213,A
2-PB1,153,0,6,2212,0,2218,G
2-PB1,154,2177,1,2,0,2180,A
2-PB1,155,2,8,2108,0,2118,G
2-PB1,156,1,6,2104,0,2111,G
2-PB1,157,0,12,2188,1,2201,G
2-PB1,158,0,10,2187,0,2197,G
2-PB1,159,0,2,2213,0,2215,G
2-PB1,160,2216,0,0,0,2216,A
2-PB1,161,2223,0,0,0,2223,A
2-PB1,162,1,1,2229,0,2231,G
2-PB1,163,0,2208,0,1,2209,T
2-PB1,164,1,9,2188,0,2198,G
2-PB1,165,0,11,2196,0,2207,G
2-PB1,166,2191,0,2,0,2193,A
2-PB1,167,3,0,0,2192,2195,C
2-PB1,168,1,2158,1,1,2161,T
2-PB1,169,2238,0,0,0,2238,A
2-PB1,170,2,0,0,2253,2255,C
2-PB1,171,2255,0,1,0,2256,A
2-PB1,172,2255,1,1,0,2257,A
2-PB1,173,2253,0,0,0,2253,A
2-PB1,174,0,2279,1,0,2280,T
2-PB1,175,2286,0,0,0,2286,A
2-PB1,176,1,2,0,2289,2292,C
2-PB1,177,2266,1,0,0,2267,A
2-PB1,178,0,6,2287,0,2293,G
2-PB1,179,2276,0,1,0,2277,A
2-PB1,180,2302,0,1,0,2303,A
2-PB1,181,2294,0,6,0,2300,A
2-PB1,182,3,0,0,2305,2308,C
2-PB1,183,0,2278,0,2,2280,T
2-PB1,184,1,8,2270,0,2279,G
2-PB1,185,0,10,2276,0,2286,G
2-PB1,186,2,14,2264,0,2280,G
2-PB1,187,3,2,2263,0,2268,G
2-PB1,188,3,1,0,2277,2281,C
2-PB1,189,2276,0,3,0,2279,A
2-PB1,190,3,0,0,2364,2367,C
2-PB1,191,11,1,0,2348,2360,C
2-PB1,192,12,1,0,2349,2362,C
2-PB1,193,12,0,0,2353,2365,C
2-PB1,194,2378,0,1,0,2379,A
2-PB1,195,2394,0,1,0,2395,A
2-PB1,196,2,0,1,2393,2396,C
2-PB1,197,0,2383,0,1,2384,T
2-PB1,198,8,0,0,2393,2401,C
2-PB1,199,2321,1,0,0,2322,A
2-PB1,200,2373,0,2,0,2375,A
2-PB1,201,7,1,0,2366,2374,C
2-PB1,202,11,0,1,2353,2365,C
2-PB1,203,8,2,0,2357,2367,C
2-PB1,204,2360,0,1,0,2361,A
2-PB1,205,2369,0,0,0,2369,A
2-PB1,206,0,2388,1,0,2389,T
2-PB1,207,0,2371,0,0,2371,T
2-PB1,208,0,8,2369,0,2377,G
2-PB1,209,2352,1,4,0,2357,A
2-PB1,210,0,2357,0,0,2357,T
2-PB1,211,0,15,2335,0,2350,G
2-PB1,212,1,16,2374,0,2391,G
2-PB1,213,2415,0,4,0,2419,A
2-PB1,214,2,0,0,2430,2432,C
2-PB1,215,12,0,0,2415,2427,C
2-PB1,216,2429,0,1,0,2430,A
2-PB1,217,4,0,0,2475,2479,C
2-PB1,218,0,2471,0,1,2472,T
2-PB1,219,2516,0,2,1,2519,A
2-PB1,220,3,1,0,2534,2538,C
2-PB1,221,4,0,0,2499,2503,C
2-PB1,222,1,2452,0,0,2453,T
2-PB1,223,44,6,2423,0,2473,G
2-PB1,224,2455,0,1,0,2456,A
2-PB1,225,0,5,2468,1,2474,G
2-PB1,226,0,5,2450,0,2455,G
2-PB1,227,2459,0,0,0,2459,A
2-PB1,228,0,2414,0,1,2415,T
2-PB1,229,2373,0,2,0,2375,A
2-PB1,230,2379,0,0,0,2379,A
2-PB1,231,0,2372,0,0,2372,T
2-PB1,232,0,17,2350,0,2367,G
2-PB1,233,2372,0,1,0,2373,A
2-PB1,234,2364,0,2,0,2366,A
2-PB1,235,5,0,0,2362,2367,C
2-PB1,236,12,1,0,2329,2342,C
2-PB1,237,2346,0,1,0,2347,A
2-PB1,238,2346,1,0,1,2348,A
2-PB1,239,1,4,2357,1,2363,G
2-PB1,240,0,2360,0,0,2360,T
2-PB1,241,3,8,2352,0,2363,G
2-PB1,242,0,8,2396,1,2405,G
2-PB1,243,2398,0,1,0,2399,A
2-PB1,244,0,2387,1,1,2389,T
2-PB1,245,2387,0,0,0,2387,A
2-PB1,246,1,2435,0,3,2439,T
2-PB1,247,2,1,2444,1,2448,G
2-PB1,248,1,1,0,2446,2448,C
2-PB1,249,2436,0,8,0,2444,A
2-PB1,250,2,0,0,2496,2498,C
2-PB1,251,2450,1,0,0,2451,A
2-PB1,252,2499,0,1,0,2500,A
2-PB1,253,2500,0,1,0,2501,A
2-PB1,254,2,0,0,2515,2517,C
2-PB1,255,2447,0,1,1,2449,A
2-PB1,256,0,10,2475,0,2485,G
2-PB1,257,2473,1,2,0,2476,A
2-PB1,258,5,0,0,2482,2487,C
2-PB1,259,0,2426,1,1,2428,T
2-PB1,260,0,1,2475,0,2476,G
2-PB1,261,1,2421,0,3,2425,T
2-PB1,262,0,3,2517,0,2520,G
2-PB1,263,0,2512,0,2,2514,T
2-PB1,264,15,3,0,2495,2513,C
2-PB1,265,7,0,0,2510,2517,C
2-PB1,266,0,2482,0,1,2483,T
2-PB1,267,1,13,2468,0,2482,G
2-PB1,268,1,6,2473,0,2480,G
2-PB1,269,2441,0,1,1,2443,A
2-PB1,270,1,6,2487,0,2494,G
2-PB1,271,1,0,2413,0,2414,G
2-PB1,272,1,1,0,2420,2422,C
2-PB1,273,0,2404,0,1,2405,T
2-PB1,274,2416,0,1,0,2417,A
2-PB1,275,0,2421,0,0,2421,T
2-PB1,276,3,3,2406,0,2412,G
2-PB1,277,1,1,2407,0,2409,G
2-PB1,278,1,1,0,2401,2403,C
2-PB1,279,2304,0,1,1,2306,A
2-PB1,280,0,2315,0,0,2315,T
2-PB1,281,0,2377,0,0,2377,T
2-PB1,282,6,0,0,2378,2384,C
2-PB1,283,4,0,0,2376,2380,C
2-PB1,284,1,2379,0,0,2380,T
2-PB1,285,0,2374,0,1,2375,T
2-PB1,286,0,4,2383,0,2387,G
2-PB1,287,2384,1,0,0,2385,A
2-PB1,288,2378,1,2,0,2381,A
2-PB1,289,0,4,2377,0,2381,G
2-PB1,290,2302,1,0,0,2303,A
2-PB1,291,2304,0,0,0,2304,A
2-PB1,292,1,2301,0,0,2302,T
2-PB1,293,1,1,0,2302,2304,C
2-PB1,294,7,2,0,2299,2308,C
2-PB1,295,14,0,1,2294,2309,C
2-PB1,296,2317,0,2,1,2320,A
2-PB1,297,4,1,0,2325,2330,C
2-PB1,298,8,0,0,2320,2328,C
2-PB1,299,8,0,1,2326,2335,C
2-PB1,300,2317,1,0,0,2318,A
2-PB1,301,0,5,2336,0,2341,G
2-PB1,302,1,2,2344,0,2347,G
2-PB1,303,0,2336,0,0,2336,T
2-PB1,304,2356,0,0,0,2356,A
2-PB1,305,1,2345,0,1,2347,T
2-PB1,306,2,0,0,2346,2348,C
2-PB1,307,0,2342,0,1,2343,T
2-PB1,308,0,2340,0,2,2342,T
2-PB1,309,1,2328,0,2,2331,T
2-PB1,310,0,16,2311,0,2327,G
2-PB1,311,2301,2,0,0,2303,A
2-PB1,312,0,8,2302,0,2310,G
2-PB1,313,2281,0,3,0,2284,A
2-PB1,314,2292,0,2,0,2294,A
2-PB1,315,1,1,0,2312,2314,C
2-PB1,316,0,2278,0,1,2279,T
2-PB1,317,10,0,0,2269,2279,C
2-PB1,318,2270,0,1,1,2272,A
2-PB1,319,0,2275,0,1,2276,T
2-PB1,320,2,1,2272,0,2275,G
2-PB1,321,0,2,0,2309,2311,C
2-PB1,322,8,0,0,2305,2313,C
2-PB1,323,0,2294,1,1,2296,T
2-PB1,324,1,2271,0,1,2273,T
2-PB1,325,1,9,2277,0,2287,G
2-PB1,326,2307,2,1,0,2310,A
2-PB1,327,2306,1,5,0,2312,A
2-PB1,328,2308,0,2,0,2310,A
2-PB1,329,1,3,0,2326,2330,C
2-PB1,330,2268,0,1,0,2269,A
2-PB1,331,2285,0,0,0,2285,A
2-PB1,332,2,2281,0,2,2285,T
2-PB1,333,0,12,2266,1,2279,G
2-PB1,334,0,6,2270,0,2276,G
2-PB1,335,2254,0,2,0,2256,A
2-PB1,336,2252,1,5,0,2258,A
2-PB1,337,11,2,2243,0,2256,G
2-PB1,338,1,0,0,2245,2246,C
2-PB1,339,10,1,0,2220,2231,C
2-PB1,340,1,3,2249,0,2253,G
2-PB1,341,0,2243,0,2,2245,T
2-PB1,342,1,2249,0,0,2250,T
2-PB1,343,11,0,0,2252,2263,C
2-PB1,344,2265,0,0,0,2265,A
2-PB1,345,2290,2,1,0,2293,A
2-PB1,346,3,0,0,2295,2298,C
2-PB1,347,2290,0,2,0,2292,A
2-PB1,348,0,6,2308,0,2314,G
2-PB1,349,2263,1,2,0,2266,A
2-PB1,350,0,1,0,2263,2264,C
2-PB1,351,2261,0,1,0,2262,A
2-PB1,352,2265,0,5,0,2270,A
2-PB1,353,1,12,2279,0,2292,G
2-PB1,354,1,9,2242,0,2252,G
2-PB1,355,0,0,2263,0,2263,G
2-PB1,356,1,2215,0,0,2216,T
2-PB1,357,2,6,2212,1,2221,G
2-PB1,358,1,9,2215,0,2225,G
2-PB1,359,2212,1,4,0,2217,A
2-PB1,360,2,1,0,2221,2224,C
2-PB1,361,2180,0,1,0,2181,A
2-PB1,362,2224,1,0,0,2225,A
2-PB1,363,2225,0,0,0,2225,A
2-PB1,364,3,1,0,2221,2225,C
2-PB1,365,0,2214,0,0,2214,T
2-PB1,366,2201,0,0,1,2202,A
2-PB1,367,2224,1,2,0,2227,A
2-PB1,368,2,4,0,2227,2233,C
2-PB1,369,5,0,0,2222,2227,C
2-PB1,370,10,1,1,2219,2231,C
2-PB1,371,2168,0,2,0,2170,A
2-PB1,372,2171,0,3,0,2174,A
2-PB1,373,1,12,2166,1,2180,G
2-PB1,374,0,3,2176,0,2179,G
2-PB1,375,0,2170,0,3,2173,T
2-PB1,376,13,2,1,2128,2144,C
2-PB1,377,1,1,2139,0,2141,G
2-PB1,378,2,0,0,2134,2136,C
2-PB1,379,3,0,0,2137,2140,C
2-PB1,380,2136,1,1,0,2138,A
2-PB1,381,2,13,2165,0,2180,G
2-PB1,382,2209,1,3,0,2213,A
2-PB1,383,3,1,0,2213,2217,C
2-PB1,384,0,2197,0,0,2197,T
2-PB1,385,0,2192,0,1,2193,T
2-PB1,386,2198,0,0,0,2198,A
2-PB1,387,1,2208,0,2,2211,T
2-PB1,388,1,12,2201,0,2214,G
2-PB1,389,2200,0,1,0,2201,A
2-PB1,390,0,2159,0,1,2160,T
2-PB1,391,0,2100,0,0,2100,T
2-PB1,392,0,6,2085,0,2091,G
2-PB1,393,0,8,2092,1,2101,G
2-PB1,394,2129,0,1,0,2130,A
2-PB1,395,1,1,0,2124,2126,C
2-PB1,396,2097,0,0,0,2097,A
2-PB1,397,0,2077,0,1,2078,T
2-PB1,398,0,2095,0,3,2098,T
2-PB1,399,2109,1,0,0,2110,A
2-PB1,400,2105,2,1,0,2108,A
2-PB1,401,2111,0,0,0,2111,A
2-PB1,402,2,1,0,2109,2112,C
2-PB1,403,2068,0,0,0,2068,A
2-PB1,404,1,5,2077,0,2083,G
2-PB1,405,2075,1,0,0,2076,A
2-PB1,406,2075,0,1,1,2077,A
2-PB1,407,2078,0,0,1,2079,A
2-PB1,408,0,2055,0,2,2057,T
2-PB1,409,11,0,0,2052,2063,C
2-PB1,410,2053,0,0,0,2053,A
2-PB1,411,2056,0,1,0,2057,A
2-PB1,412,0,1,0,2050,2051,C
2-PB1,413,3,1,1,2031,2036,C
2-PB1,414,2,4,2034,1,2041,G
2-PB1,415,0,0,2043,1,2044,G
2-PB1,416,0,2,0,2051,2053,C
2-PB1,417,2045,1,1,0,2047,A
2-PB1,418,0,4,2051,0,2055,G
2-PB1,419,2,1,2,2058,2063,C
2-PB1,420,2055,0,5,0,2060,A
2-PB1,421,2066,0,0,0,2066,A
2-PB1,422,1,1,0,2078,2080,C
2-PB1,423,1,2060,0,2,2063,T
2-PB1,424,2,0,2135,0,2137,G
2-PB1,425,1,2,0,2128,2131,C
2-PB1,426,2122,0,6,0,2128,A
2-PB1,427,0,2136,0,0,2136,T
2-PB1,428,0,2107,0,0,2107,T
2-PB1,429,2211,0,0,0,2211,A
2-PB1,430,0,0,2212,0,2212,G
2-PB1,431,2,0,0,2193,2195,C
2-PB1,432,8,0,0,2189,2197,C
2-PB1,433,2094,0,0,0,2094,A
2-PB1,434,2108,0,3,0,2111,A
2-PB1,435,1,1,1,2119,2122,C
2-PB1,436,2118,0,0,1,2119,A
2-PB1,437,3,0,0,2212,2215,C
2-PB1,438,13,0,0,2065,2078,C
2-PB1,439,2080,0,1,0,2081,A
2-PB1,440,0,2079,0,0,2079,T
2-PB1,441,2079,0,0,1,2080,A
2-PB1,442,0,7,2075,0,2082,G
2-PB1,443,2052,2,1,0,2055,A
2-PB1,444,2031,0,1,0,2032,A
2-PB1,445,0,2,2038,0,2040,G
2-PB1,446,0,1942,1,0,1943,T
2-PB1,447,0,1948,0,0,1948,T
2-PB1,448,0,1948,0,0,1948,T
2-PB1,449,0,1946,1,0,1947,T
2-PB1,450,0,1953,0,1,1954,T
2-PB1,451,1956,1,0,1,1958,A
2-PB1,452,0,3,1957,0,1960,G
2-PB1,453,1954,0,1,0,1955,A
2-PB1,454,0,1941,0,0,1941,T
2-PB1,455,3,0,0,1931,1934,C
2-PB1,456,0,1920,1,1,1922,T
2-PB1,457,1943,0,0,0,1943,A
2-PB1,458,1945,0,1,0,1946,A
2-PB1,459,1,4,0,1950,1955,C
2-PB1,460,2,9,1948,0,1959,G
2-PB1,461,1,2,2015,0,2018,G
2-PB1,462,2011,0,0,0,2011,A
2-PB1,463,1,1996,1,2,2000,T
2-PB1,464,0,2001,0,0,2001,T
2-PB1,465,2004,0,2,0,2006,A
2-PB1,466,2006,1,1,0,2008,A
2-PB1,467,3,1,0,2014,2018,C
2-PB1,468,1986,0,1,0,1987,A
2-PB1,469,1,1,1999,0,2001,G
2-PB1,470,3,0,0,1958,1961,C
2-PB1,471,0,1961,0,0,1961,T
2-PB1,472,1965,1,1,0,1967,A
2-PB1,473,1967,0,0,0,1967,A
2-PB1,474,0,1965,0,1,1966,T
2-PB1,475,1,6,1990,0,1997,G
2-PB1,476,1982,1,0,1,1984,A
2-PB1,477,1989,0,2,0,1991,A
2-PB1,478,0,1958,0,1,1959,T
2-PB1,479,5,1,0,1954,1960,C
2-PB1,480,1950,0,2,1,1953,A
2-PB1,481,0,4,1948,0,1952,G
2-PB1,482,0,5,1949,0,1954,G
2-PB1,483,1943,0,0,1,1944,A
2-PB1,484,1914,0,0,0,1914,A
2-PB1,485,2,2,2008,0,2012,G
2-PB1,486,1,2,2006,0,2009,G
2-PB1,487,1,0,0,2009,2010,C
2-PB1,488,0,2001,0,0,2001,T
2-PB1,489,2007,0,0,0,2007,A
2-PB1,490,2010,0,0,0,2010,A
2-PB1,491,1,2011,0,1,2013,T
2-PB1,492,2006,1,1,0,2008,A
2-PB1,493,2,6,2016,0,2024,G
2-PB1,494,1897,0,0,0,1897,A
2-PB1,495,1,1890,0,0,1891,T
2-PB1,496,1,1881,0,0,1882,T
2-PB1,497,0,1879,0,0,1879,T
2-PB1,498,6,1,0,1946,1953,C
2-PB1,499,3,0,0,1952,1955,C
2-PB1,500,0,1944,0,3,1947,T
2-PB1,501,5,2,0,1949,1956,C
2-PB1,502,1952,0,0,0,1952,A
2-PB1,503,1958,0,2,0,1960,A
2-PB1,504,0,4,1970,1,1975,G
2-PB1,505,0,6,1999,0,2005,G
2-PB1,506,2005,0,0,0,2005,A
2-PB1,507,0,1931,0,0,1931,T
2-PB1,508,0,0,1951,0,1951,G
2-PB1,509,1,1952,0,0,1953,T
2-PB1,510,1,12,1943,0,1956,G
2-PB1,511,1953,1,1,0,1955,A
2-PB1,512,0,1947,0,0,1947,T
2-PB1,513,1,5,1934,0,1940,G
2-PB1,514,0,8,1921,0,1929,G
2-PB1,515,1923,0,0,0,1923,A
2-PB1,516,1921,0,2,0,1923,A
2-PB1,517,0,1897,0,0,1897,T
2-PB1,518,8,0,0,1891,1899,C
2-PB1,519,1870,0,1,0,1871,A
2-PB1,520,1865,0,7,0,1872,A
2-PB1,521,0,1876,0,0,1876,T
2-PB1,522,1,4,1890,0,1895,G
2-PB1,523,0,9,1886,0,1895,G
2-PB1,524,1896,1,1,0,1898,A
2-PB1,525,0,1894,0,2,1896,T
2-PB1,526,1890,0,0,0,1890,A
2-PB1,527,1884,0,1,0,1885,A
2-PB1,528,1888,0,1,0,1889,A
2-PB1,529,0,5,1907,0,1912,G
2-PB1,530,1897,1,2,0,1900,A
2-PB1,531,0,2,1894,2,1898,G
2-PB1,532,1,8,1895,0,1904,G
2-PB1,533,1896,0,2,1,1899,A
2-PB1,534,1897,0,0,0,1897,A
2-PB1,535,1901,0,1,0,1902,A
2-PB1,536,0,1898,0,0,1898,T
2-PB1,537,0,7,1927,1,1935,G
2-PB1,538,0,8,1923,1,1932,G
2-PB1,539,1899,0,2,0,1901,A
2-PB1,540,0,1,1925,0,1926,G
2-PB1,541,1903,0,4,0,1907,A
2-PB1,542,0,1942,0,1,1943,T
2-PB1,543,1947,0,0,0,1947,A
2-PB1,544,1964,0,1,0,1965,A
2-PB1,545,3,0,0,1976,1979,C
2-PB1,546,1934,0,0,0,1934,A
2-PB1,547,1939,1,2,0,1942,A
2-PB1,548,2,1,1,1938,1942,C
2-PB1,549,1930,1,1,0,1932,A
2-PB1,550,5,1,0,1930,1936,C
2-PB1,551,1898,1,0,0,1899,A
2-PB1,552,3,0,0,1917,1920,C
2-PB1,553,0,1904,0,1,1905,T
2-PB1,554,0,1888,1,0,1889,T
2-PB1,555,0,1890,0,2,1892,T
2-PB1,556,6,0,0,1883,1889,C
2-PB1,557,1888,0,2,0,1890,A
2-PB1,558,1894,0,2,0,1896,A
2-PB1,559,1899,0,2,0,1901,A
2-PB1,560,0,9,1913,0,1922,G
2-PB1,561,1886,0,1,0,1887,A
2-PB1,562,1889,1,0,0,1890,A
2-PB1,563,1890,1,0,0,1891,A
2-PB1,564,1895,0,1,0,1896,A
2-PB1,565,1891,1,2,0,1894,A
2-PB1,566,0,2,1906,1,1909,G
2-PB1,567,0,10,1904,0,1914,G
2-PB1,568,1893,0,1,0,1894,A
2-PB1,569,0,14,1913,0,1927,G
2-PB1,570,1915,0,4,0,1919,A
2-PB1,571,1,3,1991,0,1995,G
2-PB1,572,0,1990,0,0,1990,T
2-PB1,573,1988,0,0,0,1988,A
2-PB1,574,1991,0,0,0,1991,A
2-PB1,575,0,19,1973,0,1992,G
2-PB1,576,0,9,2000,0,2009,G
2-PB1,577,1,12,1993,0,2006,G
2-PB1,578,1975,0,1,0,1976,A
2-PB1,579,4,1,0,1991,1996,C
2-PB1,580,1935,0,2,0,1937,A
2-PB1,581,1946,1,4,0,1951,A
2-PB1,582,3,0,0,1947,1950,C
2-PB1,583,1943,0,0,0,1943,A
2-PB1,584,0,1924,0,2,1926,T
2-PB1,585,0,19,1900,0,1919,G
2-PB1,586,1913,3,2,0,1918,A
2-PB1,587,1,1,0,1914,1916,C
2-PB1,588,2,1,0,1893,1896,C
2-PB1,589,1893,1,1,1,1896,A
2-PB1,590,1902,0,0,0,1902,A
2-PB1,591,1,5,1908,0,1914,G
2-PB1,592,1909,0,0,0,1909,A
2-PB1,593,1906,0,0,0,1906,A
2-PB1,594,1889,0,1,0,1890,A
2-PB1,595,1891,0,1,0,1892,A
2-PB1,596,0,1893,0,1,1894,T
2-PB1,597,1,12,1877,0,1890,G
2-PB1,598,1,1,1888,0,1890,G
2-PB1,599,1,1875,0,1,1877,T
2-PB1,600,19,0,0,1852,1871,C
2-PB1,601,1870,1,7,0,1878,A
2-PB1,602,1,0,0,1999,2000,C
2-PB1,603,2020,1,1,0,2022,A
2-PB1,604,2,0,0,2035,2037,C
2-PB1,605,2009,0,1,6,2016,A
2-PB1,606,2091,0,0,0,2091,A
2-PB1,607,2071,0,1,0,2072,A
2-PB1,608,0,11,2228,0,2239,G
2-PB1,609,2240,0,3,0,2243,A
2-PB1,610,2261,1,1,0,2263,A
2-PB1,611,2,0,0,2320,2322,C
2-PB1,612,2257,0,0,0,2257,A
2-PB1,613,2285,0,1,0,2286,A
2-PB1,614,0,2279,0,2,2281,T
2-PB1,615,2247,1,2,0,2250,A
2-PB1,616,0,13,2235,0,2248,G
2-PB1,617,0,6,2168,1,2175,G
2-PB1,618,6,3,2171,0,2180,G
2-PB1,619,2172,2,0,0,2174,A
2-PB1,620,2150,1,1,0,2152,A
2-PB1,621,0,10,2163,0,2173,G
2-PB1,622,2171,0,3,0,2174,A
2-PB1,623,2186,0,0,0,2186,A
2-PB1,624,2187,0,4,0,2191,A
2-PB1,625,2199,0,0,0,2199,A
2-PB1,626,2255,0,1,0,2256,A
2-PB1,627,2258,0,1,0,2259,A
2-PB1,628,3,0,0,2258,2261,C
2-PB1,629,2258,0,0,0,2258,A
2-PB1,630,2258,0,2,0,2260,A
2-PB1,631,2249,1,2,0,2252,A
2-PB1,632,0,15,2303,0,2318,G
2-PB1,633,2322,0,3,0,2325,A
2-PB1,634,1,3,2441,0,2445,G
2-PB1,635,0,2413,0,0,2413,T
2-PB1,636,22,10,2732,0,2764,G
2-PB1,637,2771,1,0,0,2772,A
2-PB1,638,2783,0,0,0,2783,A
2-PB1,639,0,2832,0,0,2832,T
2-PB1,640,2838,0,1,1,2840,A
2-PB1,641,2828,0,0,1,2829,A
2-PB1,642,1,25,2811,0,2837,G
2-PB1,643,2762,0,13,0,2775,A
2-PB1,644,1,14,2782,0,2797,G
2-PB1,645,2661,0,0,0,2661,A
2-PB1,646,0,9,2672,0,2681,G
2-PB1,647,1,0,2684,1,2686,G
2-PB1,648,0,1,0,2681,2682,C
2-PB1,649,0,2678,0,1,2679,T
2-PB1,650,2751,0,2,0,2753,A
2-PB1,651,2,1,1,2897,2901,C
2-PB1,652,13,0,0,2890,2903,C
2-PB1,653,1,2912,0,2,2915,T
2-PB1,654,3013,0,0,0,3013,A
2-PB1,655,3002,1,0,0,3003,A
2-PB1,656,0,3007,0,1,3008,T
2-PB1,657,3005,0,0,0,3005,A
2-PB1,658,2998,0,1,0,2999,A
2-PB1,659,0,23,2995,0,3018,G
2-PB1,660,2915,1,3,0,2919,A
2-PB1,661,0,3,2956,0,2959,G
2-PB1,662,2,0,0,2974,2976,C
2-PB1,663,0,2908,0,3,2911,T
2-PB1,664,0,2921,1,4,2926,T
2-PB1,665,0,2922,0,0,2922,T
2-PB1,666,0,17,2911,0,2928,G
2-PB1,667,2969,1,1,0,2971,A
2-PB1,668,1,0,0,2982,2983,C
2-PB1,669,2953,0,2,0,2955,A
2-PB1,670,0,2949,0,3,2952,T
2-PB1,671,1,2934,0,1,2936,T
2-PB1,672,0,22,2990,0,3012,G
2-PB1,673,3006,0,3,0,3009,A
2-PB1,674,3012,0,3,1,3016,A
2-PB1,675,3,0,1,3024,3028,C
2-PB1,676,2997,2,1,0,3000,A
2-PB1,677,5,5,0,3002,3012,C
2-PB1,678,0,13,2987,1,3001,G
2-PB1,679,3016,0,4,0,3020,A
2-PB1,680,0,3040,0,2,3042,T
2-PB1,681,1,21,3084,0,3106,G
2-PB1,682,3106,0,4,0,3110,A
2-PB1,683,3,2,1,3116,3122,C
2-PB1,684,10,0,0,3106,3116,C
2-PB1,685,3120,2,1,0,3123,A
2-PB1,686,3154,4,1,0,3159,A
2-PB1,687,3157,0,4,1,3162,A
2-PB1,688,0,8,3247,0,3255,G
2-PB1,689,3280,1,4,0,3285,A
2-PB1,690,0,3237,0,2,3239,T
2-PB1,691,0,2,3241,0,3243,G
2-PB1,692,0,0,0,3224,3224,C
2-PB1,693,3203,0,4,0,3207,A
2-PB1,694,0,6,3232,0,3238,G
2-PB1,695,3210,1,2,0,3213,A
2-PB1,696,0,14,3210,1,3225,G
2-PB1,697,3140,0,2,0,3142,A
2-PB1,698,1,10,3124,0,3135,G
2-PB1,699,3104,0,5,0,3109,A
2-PB1,700,0,13,3092,0,3105,G
2-PB1,701,0,0,3102,0,3102,G
2-PB1,702,0,0,0,3098,3098,C
2-PB1,703,3066,1,3,0,3070,A
2-PB1,704,3077,0,2,0,3079,A
2-PB1,705,3086,0,1,0,3087,A
2-PB1,706,0,3094,0,1,3095,T
2-PB1,707,1,3074,1,0,3076,T
2-PB1,708,3102,0,1,0,3103,A
2-PB1,709,3089,0,2,0,3091,A
2-PB1,710,3104,0,1,0,3105,A
2-PB1,711,3112,0,1,0,3113,A
2-PB1,712,3110,0,1,0,3111,A
2-PB1,713,2,7,3109,0,3118,G
2-PB1,714,3100,1,0,0,3101,A
2-PB1,715,3084,0,1,0,3085,A
2-PB1,716,0,15,3137,0,3152,G
2-PB1,717,0,5,3173,0,3178,G
2-PB1,718,2,3,3180,0,3185,G
2-PB1,719,2,0,0,3191,3193,C
2-PB1,720,0,3190,0,0,3190,T
2-PB1,721,3212,1,0,0,3213,A
2-PB1,722,0,3269,0,1,3270,T
2-PB1,723,1,3269,0,1,3271,T
2-PB1,724,1,3,3288,1,3293,G
2-PB1,725,2,1,0,3282,3285,C
2-PB1,726,3181,0,4,1,3186,A
2-PB1,727,3189,3,4,2,3198,A
2-PB1,728,4,7,0,3191,3202,C
2-PB1,729,3200,0,0,0,3200,A
2-PB1,730,3,0,0,3210,3213,C
2-PB1,731,12,1,0,3130,3143,C
2-PB1,732,17,1,0,3128,3146,C
2-PB1,733,2,25,3106,1,3134,G
2-PB1,734,1,12,3133,0,3146,G
2-PB1,735,1,7,3146,0,3154,G
2-PB1,736,3155,1,2,0,3158,A
2-PB1,737,0,3135,0,0,3135,T
2-PB1,738,0,2,3147,0,3149,G
2-PB1,739,3,3,1,3124,3131,C
2-PB1,740,3186,0,1,0,3187,A
2-PB1,741,3257,0,0,0,3257,A
2-PB1,742,3288,0,0,1,3289,A
2-PB1,743,1,3295,0,0,3296,T
2-PB1,744,0,3293,0,0,3293,T
2-PB1,745,3276,0,0,2,3278,A
2-PB1,746,2,6,3271,0,3279,G
2-PB1,747,3247,0,2,0,3249,A
2-PB1,748,0,19,3251,1,3271,G
2-PB1,749,0,21,3214,0,3235,G
2-PB1,750,2,7,3308,0,3317,G
2-PB1,751,0,3288,0,6,3294,T
2-PB1,752,1,3284,0,1,3286,T
2-PB1,753,26,3,0,3253,3282,C
2-PB1,754,5,4,3316,0,3325,G
2-PB1,755,0,3307,1,6,3314,T
2-PB1,756,3,5,3314,0,3322,G
2-PB1,757,0,3319,0,0,3319,T
2-PB1,758,3299,0,0,1,3300,A
2-PB1,759,2,1,0,3294,3297,C
2-PB1,760,0,3121,0,1,3122,T
2-PB1,761,1,3125,0,1,3127,T
2-PB1,762,6,0,0,3090,3096,C
2-PB1,763,0,2,3078,0,3080,G
2-PB1,764,0,3074,0,0,3074,T
2-PB1,765,0,3059,0,5,3064,T
2-PB1,766,0,15,3051,1,3067,G
2-PB1,767,3060,0,1,2,3063,A
2-PB1,768,3056,0,2,1,3059,A
2-PB1,769,3073,1,4,2,3080,A
2-PB1,770,5,2,0,3089,3096,C
2-PB1,771,0,3065,0,1,3066,T
2-PB1,772,1,3054,0,2,3057,T
2-PB1,773,0,3052,0,1,3053,T
2-PB1,774,3111,2,1,0,3114,A
2-PB1,775,0,1,3117,1,3119,G
2-PB1,776,4,1,0,3120,3125,C
2-PB1,777,0,3127,0,0,3127,T
2-PB1,778,3099,0,1,0,3100,A
2-PB1,779,0,7,3091,0,3098,G
2-PB1,780,3098,0,3,0,3101,A
2-PB1,781,3098,0,1,0,3099,A
2-PB1,782,1,4,3100,0,3105,G
2-PB1,783,0,3016,1,0,3017,T
2-PB1,784,3045,0,1,0,3046,A
2-PB1,785,0,3037,0,1,3038,T
2-PB1,786,0,3040,1,1,3042,T
2-PB1,787,0,3037,0,0,3037,T
2-PB1,788,0,2,3036,0,3038,G
2-PB1,789,3,4,0,3026,3033,C
2-PB1,790,2,19,3018,0,3039,G
2-PB1,791,3007,1,1,0,3009,A
2-PB1,792,3006,0,1,1,3008,A
2-PB1,793,3012,0,2,0,3014,A
2-PB1,794,3117,0,1,0,3118,A
2-PB1,795,0,5,3159,0,3164,G
2-PB1,796,2,0,0,3172,3174,C
2-PB1,797,0,3164,0,6,3170,T
2-PB1,798,0,3166,0,0,3166,T
2-PB1,799,0,25,3149,2,3176,G
2-PB1,800,3172,0,3,1,3176,A
2-PB1,801,3183,0,1,0,3184,A
2-PB1,802,8,0,1,3200,3209,C
2-PB1,803,3127,1,0,0,3128,A
2-PB1,804,1,3,3390,0,3394,G
2-PB1,805,0,3343,0,1,3344,T
2-PB1,806,17,1,0,3336,3354,C
2-PB1,807,2,3342,0,3,3347,T
2-PB1,808,2,10,3356,0,3368,G
2-PB1,809,0,14,3358,0,3372,G
2-PB1,810,3371,0,2,0,3373,A
2-PB1,811,1,0,0,3386,3387,C
2-PB1,812,0,3264,0,1,3265,T
2-PB1,813,1,3049,0,15,3065,T
2-PB1,814,8,0,1,3042,3051,C
2-PB1,815,8,3,0,3056,3067,C
2-PB1,816,6,14,3071,1,3092,G
2-PB1,817,0,1,3105,0,3106,G
2-PB1,818,0,3089,0,1,3090,T
2-PB1,819,1,3083,0,1,3085,T
2-PB1,820,2,9,3047,0,3058,G
2-PB1,821,2,18,3041,0,3061,G
2-PB1,822,0,21,3065,0,3086,G
2-PB1,823,1,6,3072,0,3079,G
2-PB1,824,0,2,3096,0,3098,G
2-PB1,825,0,3067,0,1,3068,T
2-PB1,826,3060,0,1,0,3061,A
2-PB1,827,3084,0,4,1,3089,A
2-PB1,828,0,3093,0,2,3095,T
2-PB1,829,0,12,3089,0,3101,G
2-PB1,830,3059,0,3,0,3062,A
2-PB1,831,3026,0,0,2,3028,A
2-PB1,832,3030,0,3,0,3033,A
2-PB1,833,3027,0,2,0,3029,A
2-PB1,834,0,6,3025,0,3031,G
2-PB1,835,3006,0,1,1,3008,A
2-PB1,836,2991,0,4,1,2996,A
2-PB1,837,1,12,3010,0,3023,G
2-PB1,838,2,2,2994,0,2998,G
2-PB1,839,2,1,1,2997,3001,C
2-PB1,840,15,0,0,2983,2998,C
2-PB1,841,2999,0,0,0,2999,A
2-PB1,842,2996,0,2,0,2998,A
2-PB1,843,2999,0,1,0,3000,A
2-PB1,844,3,2,0,3012,3017,C
2-PB1,845,0,3004,0,1,3005,T
2-PB1,846,2,8,3039,0,3049,G
2-PB1,847,2,1,3036,0,3039,G
2-PB1,848,2,1,0,3054,3057,C
2-PB1,849,3049,0,2,0,3051,A
2-PB1,850,3046,0,1,0,3047,A
2-PB1,851,3044,1,1,2,3048,A
2-PB1,852,0,3052,0,0,3052,T
2-PB1,853,1,1,3069,0,3071,G
2-PB1,854,0,3049,1,1,3051,T
2-PB1,855,0,2969,0,0,2969,T
2-PB1,856,0,8,2970,0,2978,G
2-PB1,857,0,2973,0,0,2973,T
2-PB1,858,0,18,2961,0,2979,G
2-PB1,859,2978,0,1,0,2979,A
2-PB1,860,0,8,2987,1,2996,G
2-PB1,861,2980,1,5,0,2986,A
2-PB1,862,2971,0,0,0,2971,A
2-PB1,863,2974,0,0,0,2974,A
2-PB1,864,2980,1,5,0,2986,A
2-PB1,865,3008,0,1,0,3009,A
2-PB1,866,0,2983,0,1,2984,T
2-PB1,867,0,12,2972,0,2984,G
2-PB1,868,2975,1,0,1,2977,A
2-PB1,869,0,2950,0,1,2951,T
2-PB1,870,2,26,2937,0,2965,G
2-PB1,871,2965,3,4,0,2972,A
2-PB1,872,5,0,0,3005,3010,C
2-PB1,873,1,2988,0,3,2992,T
2-PB1,874,2984,1,0,1,2986,A
2-PB1,875,3022,0,1,2,3025,A
2-PB1,876,1,3020,0,3,3024,T
2-PB1,877,0,3044,0,3,3047,T
2-PB1,878,16,2,0,3051,3069,C
2-PB1,879,3062,0,2,1,3065,A
2-PB1,880,0,1,0,3075,3076,C
2-PB1,881,3039,1,1,0,3041,A
2-PB1,882,3040,1,4,0,3045,A
2-PB1,883,0,19,3039,0,3058,G
2-PB1,884,3121,1,5,1,3128,A
2-PB1,885,3,1,0,3120,3124,C
2-PB1,886,3095,2,2,0,3099,A
2-PB1,887,4,1,0,3094,3099,C
2-PB1,888,3062,1,3,0,3066,A
2-PB1,889,0,13,3076,0,3089,G
2-PB1,890,3081,0,2,0,3083,A
2-PB1,891,0,2,3093,0,3095,G
2-PB1,892,1,1,0,3076,3078,C
2-PB1,893,1,2992,0,6,2999,T
2-PB1,894,1,3032,1,1,3035,T
2-PB1,895,0,3036,0,1,3037,T
2-PB1,896,12,0,0,3041,3053,C
2-PB1,897,0,3027,0,7,3034,T
2-PB1,898,2,3001,1,2,3006,T
2-PB1,899,2,3003,0,1,3006,T
2-PB1,900,10,3,0,2999,3012,C
2-PB1,901,3000,0,2,0,3002,A
2-PB1,902,4,2,0,3025,3031,C
2-PB1,903,2977,0,1,0,2978,A
2-PB1,904,3013,2,0,0,3015,A
2-PB1,905,0,3058,0,0,3058,T
2-PB1,906,16,1,0,3091,3108,C
2-PB1,907,3119,1,4,0,3124,A
2-PB1,908,5,1,0,3145,3151,C
2-PB1,909,0,3118,1,0,3119,T
2-PB1,910,0,6,3131,1,3138,G
2-PB1,911,1,25,3096,0,3122,G
2-PB1,912,1,15,3185,1,3202,G
2-PB1,913,1,12,3190,0,3203,G
2-PB1,914,3134,0,2,0,3136,A
2-PB1,915,5,0,0,3009,3014,C
2-PB1,916,3064,0,2,0,3066,A
2-PB1,917,3266,1,0,0,3267,A
2-PB1,918,6,0,0,3299,3305,C
2-PB1,919,3298,1,2,1,3302,A
2-PB1,920,4,0,1,3296,3301,C
2-PB1,921,0,3158,0,1,3159,T
2-PB1,922,3167,1,0,0,3168,A
2-PB1,923,3166,0,1,0,3167,A
2-PB1,924,1,5,3176,0,3182,G
2-PB1,925,0,3170,0,1,3171,T
2-PB1,926,3,13,2932,0,2948,G
2-PB1,927,0,12,2923,0,2935,G
2-PB1,928,2914,2,1,0,2917,A
2-PB1,929,2918,0,0,0,2918,A
2-PB1,930,1,2913,0,1,2915,T
2-PB1,931,2,14,2883,0,2899,G
2-PB1,932,2896,1,0,0,2897,A
2-PB1,933,2849,0,2,0,2851,A
2-PB1,934,2862,0,2,0,2864,A
2-PB1,935,2878,0,2,0,2880,A
2-PB1,936,0,2874,0,1,2875,T
2-PB1,937,21,1,0,2853,2875,C
2-PB1,938,2869,0,2,0,2871,A
2-PB1,939,2870,0,0,0,2870,A
2-PB1,940,2872,1,0,0,2873,A
2-PB1,941,2865,0,0,4,2869,A
2-PB1,942,2,1,0,2884,2887,C
2-PB1,943,9,2,0,2839,2850,C
2-PB1,944,16,0,0,2832,2848,C
2-PB1,945,1,2828,1,3,2833,T
2-PB1,946,5,3,0,2837,2845,C
2-PB1,947,0,19,2827,1,2847,G
2-PB1,948,2843,0,0,0,2843,A
2-PB1,949,2839,0,0,0,2839,A
2-PB1,950,1,2849,0,0,2850,T
2-PB1,951,1,4,2841,0,2846,G
2-PB1,952,0,2817,1,3,2821,T
2-PB1,953,2,2811,2,0,2815,T
2-PB1,954,2,2809,1,2,2814,T
2-PB1,955,1,2815,0,0,2816,T
2-PB1,956,0,2815,1,0,2816,T
2-PB1,957,3,10,2798,1,2812,G
2-PB1,958,2,3,2797,0,2802,G
2-PB1,959,1,4,1,2794,2800,C
2-PB1,960,1,9,2762,0,2772,G
2-PB1,961,2762,0,0,0,2762,A
2-PB1,962,0,2830,0,1,2831,T
2-PB1,963,0,12,2945,0,2957,G
2-PB1,964,3113,0,1,0,3114,A
2-PB1,965,0,3130,0,0,3130,T
2-PB1,966,0,3134,0,1,3135,T
2-PB1,967,3148,1,5,1,3155,A
2-PB1,968,5,0,0,3151,3156,C
2-PB1,969,3172,0,1,0,3173,A
2-PB1,970,1,3167,0,1,3169,T
2-PB1,971,3018,1,1,0,3020,A
2-PB1,972,3,0,0,3046,3049,C
2-PB1,973,2761,0,0,0,2761,A
2-PB1,974,0,2760,1,2,2763,T
2-PB1,975,10,1,0,2748,2759,C
2-PB1,976,2733,1,1,0,2735,A
2-PB1,977,5,1,0,2743,2749,C
2-PB1,978,2720,0,1,0,2721,A
2-PB1,979,2724,0,0,0,2724,A
2-PB1,980,2712,0,1,0,2713,A
2-PB1,981,0,9,2606,0,2615,G
2-PB1,982,2736,1,0,1,2738,A
2-PB1,983,2741,1,2,0,2744,A
2-PB1,984,0,2744,0,1,2745,T
2-PB1,985,13,0,1,2736,2750,C
2-PB1,986,2759,0,1,0,2760,A
2-PB1,987,2774,0,1,0,2775,A
2-PB1,988,4,1,0,2776,2781,C
2-PB1,989,9,0,0,2774,2783,C
2-PB1,990,2,2637,0,1,2640,T
2-PB1,991,2,16,2647,0,2665,G
2-PB1,992,2643,2,1,0,2646,A
2-PB1,993,1,1,2652,0,2654,G
2-PB1,994,0,2637,0,1,2638,T
2-PB1,995,2,17,2555,0,2574,G
2-PB1,996,0,1,2703,0,2704,G
2-PB1,997,1,2676,0,0,2677,T
2-PB1,998,2,2677,0,1,2680,T
2-PB1,999,11,0,0,2671,2682,C
2-PB1,1000,2629,1,1,0,2631,A
2-PB1,1001,1,8,2658,0,2667,G
2-PB1,1002,2654,0,1,0,2655,A
2-PB1,1003,2663,0,2,0,2665,A
2-PB1,1004,2648,0,0,0,2648,A
2-PB1,1005,2,0,0,2444,2446,C
2-PB1,1006,2462,0,0,0,2462,A
2-PB1,1007,0,2456,0,1,2457,T
2-PB1,1008,4,2,0,2491,2497,C
2-PB1,1009,12,2,0,2485,2499,C
2-PB1,1010,1,2399,0,4,2404,T
2-PB1,1011,2,9,2404,0,2415,G
2-PB1,1012,2404,0,3,0,2407,A
2-PB1,1013,1,2,2414,1,2418,G
2-PB1,1014,3,0,0,2416,2419,C
2-PB1,1015,2334,0,0,0,2334,A
2-PB1,1016,0,2372,1,1,2374,T
2-PB1,1017,14,2,0,2329,2345,C
2-PB1,1018,2,3,2341,0,2346,G
2-PB1,1019,5,0,0,2392,2397,C
2-PB1,1020,2059,0,351,0,2410,A
2-PB1,1021,3,1,0,2501,2505,C
2-PB1,1022,14,0,0,2486,2500,C
2-PB1,1023,2500,0,1,0,2501,A
2-PB1,1024,2524,0,2,1,2527,A
2-PB1,1025,1,2512,0,1,2514,T
2-PB1,1026,2498,0,0,0,2498,A
2-PB1,1027,2499,0,0,0,2499,A
2-PB1,1028,0,2429,0,0,2429,T
2-PB1,1029,3,5,2437,0,2445,G
2-PB1,1030,2,2390,0,1,2393,T
2-PB1,1031,0,2376,0,2,2378,T
2-PB1,1032,9,0,0,2393,2402,C
2-PB1,1033,0,2379,0,3,2382,T
2-PB1,1034,10,0,0,2385,2395,C
2-PB1,1035,2381,0,5,0,2386,A
2-PB1,1036,2385,0,1,0,2386,A
2-PB1,1037,2384,0,1,0,2385,A
2-PB1,1038,1,0,0,2388,2389,C
2-PB1,1039,2375,0,2,0,2377,A
2-PB1,1040,2375,0,0,0,2375,A
2-PB1,1041,2376,0,1,0,2377,A
2-PB1,1042,2377,1,0,0,2378,A
2-PB1,1043,1,2380,0,2,2383,T
2-PB1,1044,0,8,2373,0,2381,G
2-PB1,1045,1,0,2376,0,2377,G
2-PB1,1046,1,2,0,2376,2379,C
2-PB1,1047,2360,1,2,1,2364,A
2-PB1,1048,2371,1,2,0,2374,A
2-PB1,1049,0,4,2367,0,2371,G
2-PB1,1050,2372,1,0,0,2373,A
2-PB1,1051,0,2339,0,0,2339,T
2-PB1,1052,0,2371,0,2,2373,T
2-PB1,1053,0,6,2378,0,2384,G
2-PB1,1054,0,5,2388,0,2393,G
2-PB1,1055,1,5,2408,0,2414,G
2-PB1,1056,2416,0,0,0,2416,A
2-PB1,1057,2407,1,0,0,2408,A
2-PB1,1058,2401,0,1,1,2403,A
2-PB1,1059,2382,0,2,0,2384,A
2-PB1,1060,1,3,2464,0,2468,G
2-PB1,1061,1,5,2466,0,2472,G
2-PB1,1062,2457,1,7,0,2465,A
2-PB1,1063,0,2458,0,1,2459,T
2-PB1,1064,2454,0,0,0,2454,A
2-PB1,1065,4,1,2,2449,2456,C
2-PB1,1066,2470,0,1,0,2471,A
2-PB1,1067,0,2453,0,1,2454,T
2-PB1,1068,0,6,2481,0,2487,G
2-PB1,1069,0,2430,1,4,2435,T
2-PB1,1070,1,2436,0,3,2440,T
2-PB1,1071,18,0,0,2417,2435,C
2-PB1,1072,1,16,2418,0,2435,G
2-PB1,1073,2432,0,4,1,2437,A
2-PB1,1074,0,20,2473,0,2493,G
2-PB1,1075,2448,1,3,0,2452,A
2-PB1,1076,0,4,2473,0,2477,G
2-PB1,1077,0,2452,0,2,2454,T
2-PB1,1078,2447,0,1,0,2448,A
2-PB1,1079,2450,3,2,0,2455,A
2-PB1,1080,1,12,2458,0,2471,G
2-PB1,1081,2456,0,3,0,2459,A
2-PB1,1082,0,12,2478,0,2490,G
2-PB1,1083,2419,2,0,0,2421,A
2-PB1,1084,2433,1,0,1,2435,A
2-PB1,1085,1,2406,0,1,2408,T
2-PB1,1086,1,10,2397,0,2408,G
2-PB1,1087,2408,2,1,0,2411,A
2-PB1,1088,2389,0,4,0,2393,A
2-PB1,1089,1,0,2408,0,2409,G
2-PB1,1090,2,2,0,2390,2394,C
2-PB1,1091,0,2358,0,5,2363,T
2-PB1,1092,12,2,0,2367,2381,C
2-PB1,1093,9,2,0,2364,2375,C
2-PB1,1094,2,6,2383,2,2393,G
2-PB1,1095,0,5,2387,1,2393,G
2-PB1,1096,2403,0,1,0,2404,A
2-PB1,1097,3,1,0,2448,2452,C
2-PB1,1098,2442,1,0,0,2443,A
2-PB1,1099,5,0,1,2461,2467,C
2-PB1,1100,2454,1,8,0,2463,A
2-PB1,1101,2467,0,0,0,2467,A
2-PB1,1102,2470,0,2,0,2472,A
2-PB1,1103,0,2465,0,2,2467,T
2-PB1,1104,2465,0,3,0,2468,A
2-PB1,1105,7,0,0,2455,2462,C
2-PB1,1106,11,0,0,2425,2436,C
2-PB1,1107,0,2400,0,4,2404,T
2-PB1,1108,0,2,2420,0,2422,G
2-PB1,1109,4,0,0,2423,2427,C
2-PB1,1110,2420,0,0,0,2420,A
2-PB1,1111,2,7,2417,0,2426,G
2-PB1,1112,2415,0,1,0,2416,A
2-PB1,1113,2419,1,0,0,2420,A
2-PB1,1114,2434,0,0,0,2434,A
2-PB1,1115,0,2425,0,0,2425,T
2-PB1,1116,0,2,2421,0,2423,G
2-PB1,1117,4,0,0,2398,2402,C
2-PB1,1118,0,2392,0,4,2396,T
2-PB1,1119,2422,0,5,0,2427,A
2-PB1,1120,0,2,2426,0,2428,G
2-PB1,1121,0,0,1,2427,2428,C
2-PB1,1122,2425,0,2,0,2427,A
2-PB1,1123,2418,0,2,1,2421,A
2-PB1,1124,0,0,2406,0,2406,G
2-PB1,1125,1,1,0,2396,2398,C
2-PB1,1126,2366,0,1,0,2367,A
2-PB1,1127,1,2425,0,1,2427,T
2-PB1,1128,0,2428,0,0,2428,T
2-PB1,1129,2,6,2524,1,2533,G
2-PB1,1130,2554,0,1,1,2556,A
2-PB1,1131,5,0,1,2543,2549,C
2-PB1,1132,9,1,0,2547,2557,C
2-PB1,1133,0,2483,3,2,2488,T
2-PB1,1134,0,3,2535,1,2539,G
2-PB1,1135,2545,0,0,0,2545,A
2-PB1,1136,2547,0,1,0,2548,A
2-PB1,1137,0,3,2587,0,2590,G
2-PB1,1138,0,2489,0,1,2490,T
2-PB1,1139,2512,0,0,0,2512,A
2-PB1,1140,0,2498,1,0,2499,T
2-PB1,1141,0,2499,0,1,2500,T
2-PB1,1142,0,2498,0,0,2498,T
2-PB1,1143,7,1,0,2449,2457,C
2-PB1,1144,2459,0,0,1,2460,A
2-PB1,1145,2461,0,0,0,2461,A
2-PB1,1146,0,2435,1,0,2436,T
2-PB1,1147,1,14,2432,0,2447,G
2-PB1,1148,2428,1,1,0,2430,A
2-PB1,1149,2446,2,0,0,2448,A
2-PB1,1150,2,2439,0,1,2442,T
2-PB1,1151,8,0,0,2445,2453,C
2-PB1,1152,2446,0,2,0,2448,A
2-PB1,1153,2463,1,1,0,2465,A
2-PB1,1154,1,0,0,2459,2460,C
2-PB1,1155,2453,0,2,0,2455,A
2-PB1,1156,2447,0,0,0,2447,A
2-PB1,1157,1,3,2442,0,2446,G
2-PB1,1158,1,8,2459,0,2468,G
2-PB1,1159,2458,1,3,1,2463,A
2-PB1,1160,2456,0,1,0,2457,A
2-PB1,1161,1,9,2452,0,2462,G
2-PB1,1162,2459,0,1,0,2460,A
2-PB1,1163,2459,0,0,0,2459,A
2-PB1,1164,2454,0,0,0,2454,A
2-PB1,1165,2455,0,4,0,2459,A
2-PB1,1166,0,2449,1,0,2450,T
2-PB1,1167,0,2414,0,1,2415,T
2-PB1,1168,0,8,2410,0,2418,G
2-PB1,1169,2418,0,1,0,2419,A
2-PB1,1170,0,6,2416,3,2425,G
2-PB1,1171,2427,0,0,0,2427,A
2-PB1,1172,2447,0,0,0,2447,A
2-PB1,1173,2480,1,0,0,2481,A
2-PB1,1174,2487,0,0,0,2487,A
2-PB1,1175,0,2484,0,0,2484,T
2-PB1,1176,2476,0,1,0,2477,A
2-PB1,1177,2476,0,2,1,2479,A
2-PB1,1178,1,11,2491,0,2503,G
2-PB1,1179,1,3,2494,0,2498,G
2-PB1,1180,7,3,0,2477,2487,C
2-PB1,1181,8,0,0,2472,2480,C
2-PB1,1182,2,2474,0,3,2479,T
2-PB1,1183,8,0,0,2778,2786,C
2-PB1,1184,0,2813,0,1,2814,T
2-PB1,1185,0,2811,0,2,2813,T
2-PB1,1186,8,0,0,2860,2868,C
2-PB1,1187,1,2850,1,2,2854,T
2-PB1,1188,2857,0,0,0,2857,A
2-PB1,1189,2862,0,1,0,2863,A
2-PB1,1190,2,2859,1,1,2863,T
2-PB1,1191,2881,0,1,0,2882,A
2-PB1,1192,0,4,2811,0,2815,G
2-PB1,1193,2588,0,2,0,2590,A
2-PB1,1194,2,2590,0,1,2593,T
2-PB1,1195,0,16,2527,0,2543,G
2-PB1,1196,2,1,2588,0,2591,G
2-PB1,1197,1,1,0,2585,2587,C
2-PB1,1198,2578,0,4,0,2582,A
2-PB1,1199,5,1,0,2588,2594,C
2-PB1,1200,2555,0,1,0,2556,A
2-PB1,1201,0,5,2651,0,2656,G
2-PB1,1202,2,0,0,2648,2650,C
2-PB1,1203,2650,1,1,1,2653,A
2-PB1,1204,0,2720,0,2,2722,T
2-PB1,1205,8,3,0,2683,2694,C
2-PB1,1206,2714,0,1,0,2715,A
2-PB1,1207,0,2717,0,0,2717,T
2-PB1,1208,0,2694,0,1,2695,T
2-PB1,1209,0,10,2690,0,2700,G
2-PB1,1210,2609,1,4,0,2614,A
2-PB1,1211,1,1,2693,0,2695,G
2-PB1,1212,1,0,1,2695,2697,C
2-PB1,1213,7,1,0,2637,2645,C
2-PB1,1214,15,1,1,2669,2686,C
2-PB1,1215,0,2665,1,2,2668,T
2-PB1,1216,0,3,2813,1,2817,G
2-PB1,1217,0,5,2868,0,2873,G
2-PB1,1218,2869,0,6,0,2875,A
2-PB1,1219,2940,0,1,0,2941,A
2-PB1,1220,0,2841,0,0,2841,T
2-PB1,1221,0,7,2906,0,2913,G
2-PB1,1222,2954,0,10,0,2964,A
2-PB1,1223,0,2966,0,3,2969,T
2-PB1,1224,2,16,2957,1,2976,G
2-PB1,1225,2952,0,1,0,2953,A
2-PB1,1226,0,2916,0,0,2916,T
2-PB1,1227,4,16,2901,2,2923,G
2-PB1,1228,1,12,2953,0,2966,G
2-PB1,1229,1,3,2965,0,2969,G
2-PB1,1230,5,0,0,2926,2931,C
2-PB1,1231,2933,0,1,0,2934,A
2-PB1,1232,0,2961,1,1,2963,T
2-PB1,1233,0,4,3057,1,3062,G
2-PB1,1234,0,3055,1,5,3061,T
2-PB1,1235,0,3072,0,5,3077,T
2-PB1,1236,17,0,0,3069,3086,C
2-PB1,1237,3053,0,0,0,3053,A
2-PB1,1238,3068,2,5,0,3075,A
2-PB1,1239,1,1,0,3071,3073,C
2-PB1,1240,3087,0,1,0,3088,A
2-PB1,1241,0,3091,0,2,3093,T
2-PB1,1242,2,2,3126,0,3130,G
2-PB1,1243,5,2,0,3122,3129,C
2-PB1,1244,0,3125,0,1,3126,T
2-PB1,1245,3149,0,3,0,3152,A
2-PB1,1246,3155,0,0,1,3156,A
2-PB1,1247,0,3,3231,1,3235,G
2-PB1,1248,1,3223,0,5,3229,T
2-PB1,1249,3214,0,0,1,3215,A
2-PB1,1250,4,6,1,3223,3234,C
2-PB1,1251,5,16,3211,0,3232,G
2-PB1,1252,2,3,3412,1,3418,G
2-PB1,1253,0,3409,0,0,3409,T
2-PB1,1254,0,3390,1,1,3392,T
2-PB1,1255,1,3389,1,1,3392,T
2-PB1,1256,0,3365,0,0,3365,T
2-PB1,1257,3360,0,4,1,3365,A
2-PB1,1258,0,8,3352,0,3360,G
2-PB1,1259,1,11,3355,0,3367,G
2-PB1,1260,3284,0,4,1,3289,A
2-PB1,1261,1,1,3259,0,3261,G
2-PB1,1262,0,3273,0,3,3276,T
2-PB1,1263,14,0,1,3284,3299,C
2-PB1,1264,0,3294,0,1,3295,T
2-PB1,1265,16,1,0,3284,3301,C
2-PB1,1266,1,12,3289,0,3302,G
2-PB1,1267,3405,0,0,0,3405,A
2-PB1,1268,1,3409,0,0,3410,T
2-PB1,1269,3423,1,0,0,3424,A
2-PB1,1270,2,0,0,3426,3428,C
2-PB1,1271,0,3354,0,4,3358,T
2-PB1,1272,1,26,3340,0,3367,G
2-PB1,1273,3357,1,0,0,3358,A
2-PB1,1274,3427,0,0,0,3427,A
2-PB1,1275,0,3422,0,1,3423,T
2-PB1,1276,15,0,1,3343,3359,C
2-PB1,1277,0,3339,1,0,3340,T
2-PB1,1278,0,3325,0,2,3327,T
2-PB1,1279,3,16,3318,0,3337,G
2-PB1,1280,0,8,3330,1,3339,G
2-PB1,1281,3322,2,4,0,3328,A
2-PB1,1282,0,0,0,3335,3335,C
2-PB1,1283,3277,0,1,0,3278,A
2-PB1,1284,3303,1,0,0,3304,A
2-PB1,1285,3310,0,4,1,3315,A
2-PB1,1286,3329,0,2,0,3331,A
2-PB1,1287,0,8,3385,0,3393,G
2-PB1,1288,3393,0,5,0,3398,A
2-PB1,1289,3385,0,1,0,3386,A
2-PB1,1290,3395,2,5,0,3402,A
2-PB1,1291,0,3398,0,2,3400,T
2-PB1,1292,3412,1,0,0,3413,A
2-PB1,1293,5,1,0,3516,3522,C
2-PB1,1294,3483,1,4,0,3488,A
2-PB1,1295,2,5,1,3499,3507,C
2-PB1,1296,23,0,0,3442,3465,C
2-PB1,1297,3458,0,1,0,3459,A
2-PB1,1298,3510,0,3,0,3513,A
2-PB1,1299,1,13,3618,0,3632,G
2-PB1,1300,3666,1,4,0,3671,A
2-PB1,1301,4,2,0,3690,3696,C
2-PB1,1302,3603,1,2,1,3607,A
2-PB1,1303,3749,0,6,0,3755,A
2-PB1,1304,8,1,1,3765,3775,C
2-PB1,1305,3832,1,3,0,3836,A
2-PB1,1306,0,3852,0,0,3852,T
2-PB1,1307,3827,0,1,0,3828,A
2-PB1,1308,4,0,2,3888,3894,C
2-PB1,1309,0,3766,0,1,3767,T
2-PB1,1310,1,12,3826,0,3839,G
2-PB1,1311,0,7,3828,0,3835,G
2-PB1,1312,1,3739,0,4,3744,T
2-PB1,1313,0,18,3716,0,3734,G
2-PB1,1314,3,19,3675,0,3697,G
2-PB1,1315,1,7,3714,0,3722,G
2-PB1,1316,3716,3,3,0,3722,A
2-PB1,1317,1,3618,0,3,3622,T
2-PB1,1318,1,26,3585,0,3612,G
2-PB1,1319,1,12,3567,1,3581,G
2-PB1,1320,2,2,3590,0,3594,G
2-PB1,1321,6,2,0,3636,3644,C
2-PB1,1322,0,3622,0,7,3629,T
2-PB1,1323,10,1,1,3637,3649,C
2-PB1,1324,11,1,1,3616,3629,C
2-PB1,1325,3628,0,1,0,3629,A
2-PB1,1326,3627,0,0,1,3628,A
2-PB1,1327,0,3626,0,1,3627,T
2-PB1,1328,11,0,0,3607,3618,C
2-PB1,1329,7,0,0,3582,3589,C
2-PB1,1330,0,3552,0,1,3553,T
2-PB1,1331,8,0,0,3544,3552,C
2-PB1,1332,13,4,0,3524,3541,C
2-PB1,1333,3,16,3521,0,3540,G
2-PB1,1334,3541,1,1,0,3543,A
2-PB1,1335,0,5,0,3535,3540,C
2-PB1,1336,0,18,3534,0,3552,G
2-PB1,1337,3577,0,1,0,3578,A
2-PB1,1338,0,3569,0,2,3571,T
2-PB1,1339,0,3567,0,2,3569,T
2-PB1,1340,1,3571,0,0,3572,T
2-PB1,1341,1,3572,0,0,3573,T
2-PB1,1342,3,3,3593,0,3599,G
2-PB1,1343,2,3,1,3621,3627,C
2-PB1,1344,13,0,0,3608,3621,C
2-PB1,1345,19,0,0,3733,3752,C
2-PB1,1346,2,3685,1,7,3695,T
2-PB1,1347,6,4,0,3825,3835,C
2-PB1,1348,3858,0,1,0,3859,A
2-PB1,1349,0,3877,0,2,3879,T
2-PB1,1350,3878,1,1,1,3881,A
2-PB1,1351,0,5,3906,0,3911,G
2-PB1,1352,0,3871,0,1,3872,T
2-PB1,1353,0,22,3881,1,3904,G
2-PB1,1354,3764,0,3,0,3767,A
2-PB1,1355,3774,0,0,0,3774,A
2-PB1,1356,0,3596,0,1,3597,T
2-PB1,1357,2,1,3590,1,3594,G
2-PB1,1358,2,3,0,3627,3632,C
2-PB1,1359,3635,0,3,0,3638,A
2-PB1,1360,7,3,0,3632,3642,C
2-PB1,1361,30,0,0,3591,3621,C
2-PB1,1362,3589,0,1,0,3590,A
2-PB1,1363,3587,0,0,0,3587,A
2-PB1,1364,3567,1,0,0,3568,A
2-PB1,1365,0,3489,0,1,3490,T
2-PB1,1366,20,2,1,3591,3614,C
2-PB1,1367,3621,0,0,0,3621,A
2-PB1,1368,1,3616,0,0,3617,T
2-PB1,1369,1,13,3617,0,3631,G
2-PB1,1370,3631,2,8,0,3641,A
2-PB1,1371,1,10,3662,1,3674,G
2-PB1,1372,3,10,3642,0,3655,G
2-PB1,1373,1,10,3646,2,3659,G
2-PB1,1374,3645,0,2,0,3647,A
2-PB1,1375,3706,0,2,1,3709,A
2-PB1,1376,0,3712,0,3,3715,T
2-PB1,1377,3733,1,4,0,3738,A
2-PB1,1378,10,2,0,3735,3747,C
2-PB1,1379,3731,1,3,0,3735,A
2-PB1,1380,3728,0,5,0,3733,A
2-PB1,1381,3,1,3715,0,3719,G
2-PB1,1382,5,1,0,3691,3697,C
2-PB1,1383,3679,0,1,0,3680,A
2-PB1,1384,0,13,3723,0,3736,G
2-PB1,1385,1,19,3713,1,3734,G
2-PB1,1386,3716,0,5,1,3722,A
2-PB1,1387,0,14,3730,0,3744,G
2-PB1,1388,1,3673,0,1,3675,T
2-PB1,1389,1,15,3693,2,3711,G
2-PB1,1390,0,12,3705,1,3718,G
2-PB1,1391,3701,0,7,0,3708,A
2-PB1,1392,1,3707,0,4,3712,T
2-PB1,1393,3614,1,1,0,3616,A
2-PB1,1394,0,11,3637,0,3648,G
2-PB1,1395,3679,0,1,1,3681,A
2-PB1,1396,0,3674,2,1,3677,T
2-PB1,1397,0,3664,0,0,3664,T
2-PB1,1398,17,1,0,3751,3769,C
2-PB1,1399,0,3739,0,1,3740,T
2-PB1,1400,3745,0,0,0,3745,A
2-PB1,1401,7,2,0,3732,3741,C
2-PB1,1402,3670,1,3,2,3676,A
2-PB1,1403,0,16,3674,1,3691,G
2-PB1,1404,1,14,3606,0,3621,G
2-PB1,1405,3661,0,3,0,3664,A
2-PB1,1406,7,1,0,3647,3655,C
2-PB1,1407,14,0,0,3559,3573,C
2-PB1,1408,2,3527,2,7,3538,T
2-PB1,1409,0,3,3547,0,3550,G
2-PB1,1410,0,1,0,3545,3546,C
2-PB1,1411,3547,2,2,0,3551,A
2-PB1,1412,3563,1,2,0,3566,A
2-PB1,1413,0,3,3579,1,3583,G
2-PB1,1414,0,3517,0,1,3518,T
2-PB1,1415,0,3515,0,1,3516,T
2-PB1,1416,3468,0,1,0,3469,A
2-PB1,1417,4,3,3470,1,3478,G
2-PB1,1418,1,3453,0,1,3455,T
2-PB1,1419,2,12,3438,1,3453,G
2-PB1,1420,3,9,3436,1,3449,G
2-PB1,1421,1,13,3458,0,3472,G
2-PB1,1422,3441,1,3,0,3445,A
2-PB1,1423,3469,0,0,0,3469,A
2-PB1,1424,0,3455,0,3,3458,T
2-PB1,1425,14,2,0,3450,3466,C
2-PB1,1426,3448,1,2,0,3451,A
2-PB1,1427,3455,1,3,0,3459,A
2-PB1,1428,2,1,1,3451,3455,C
2-PB1,1429,3449,0,1,0,3450,A
2-PB1,1430,1,3372,0,0,3373,T
2-PB1,1431,0,21,3371,0,3392,G
2-PB1,1432,3399,0,5,0,3404,A
2-PB1,1433,0,5,3424,1,3430,G
2-PB1,1434,7,3,0,3406,3416,C
2-PB1,1435,3395,1,2,0,3398,A
2-PB1,1436,3403,1,1,0,3405,A
2-PB1,1437,3408,0,1,0,3409,A
2-PB1,1438,3434,0,0,0,3434,A
2-PB1,1439,3432,0,2,0,3434,A
2-PB1,1440,2,8,3423,1,3434,G
2-PB1,1441,3392,0,0,0,3392,A
2-PB1,1442,3361,0,2,0,3363,A
2-PB1,1443,0,1,3477,0,3478,G
2-PB1,1444,0,3463,1,0,3464,T
2-PB1,1445,12,0,0,3459,3471,C
2-PB1,1446,11,1,2,3457,3471,C
2-PB1,1447,0,3431,0,3,3434,T
2-PB1,1448,3492,0,1,0,3493,A
2-PB1,1449,2,3483,0,1,3486,T
2-PB1,1450,3488,0,1,0,3489,A
2-PB1,1451,0,3490,0,1,3491,T
2-PB1,1452,3403,0,0,0,3403,A
2-PB1,1453,3409,0,0,0,3409,A
2-PB1,1454,3401,0,1,0,3402,A
2-PB1,1455,1,3393,0,2,3396,T
2-PB1,1456,3371,0,1,0,3372,A
2-PB1,1457,3366,2,1,0,3369,A
2-PB1,1458,3368,0,1,1,3370,A
2-PB1,1459,3384,0,4,0,3388,A
2-PB1,1460,7,0,0,3384,3391,C
2-PB1,1461,3236,2,3,1,3242,A
2-PB1,1462,3,16,3223,1,3243,G
2-PB1,1463,1,17,3233,2,3253,G
2-PB1,1464,0,15,3225,0,3240,G
2-PB1,1465,3244,0,1,1,3246,A
2-PB1,1466,4,0,1,3261,3266,C
2-PB1,1467,3222,0,1,1,3224,A
2-PB1,1468,0,3245,0,1,3246,T
2-PB1,1469,0,3238,0,5,3243,T
2-PB1,1470,1,3241,0,1,3243,T
2-PB1,1471,1,17,3227,0,3245,G
2-PB1,1472,3217,1,3,0,3221,A
2-PB1,1473,3231,0,0,0,3231,A
2-PB1,1474,1,3240,0,2,3243,T
2-PB1,1475,0,3177,0,0,3177,T
2-PB1,1476,21,1,0,3175,3197,C
2-PB1,1477,3166,0,0,0,3166,A
2-PB1,1478,3,2,2,3162,3169,C
2-PB1,1479,0,3167,0,4,3171,T
2-PB1,1480,3169,0,3,0,3172,A
2-PB1,1481,1,4,3167,0,3172,G
2-PB1,1482,3,1,0,3171,3175,C
2-PB1,1483,0,3128,0,4,3132,T
2-PB1,1484,0,3177,0,1,3178,T
2-PB1,1485,0,3157,1,0,3158,T
2-PB1,1486,1,3157,0,1,3159,T
2-PB1,1487,0,3155,0,0,3155,T
2-PB1,1488,0,3155,0,0,3155,T
2-PB1,1489,0,3131,0,1,3132,T
2-PB1,1490,3127,2,3,0,3132,A
2-PB1,1491,3,3120,1,1,3125,T
2-PB1,1492,12,0,0,3117,3129,C
2-PB1,1493,1,6,3142,0,3149,G
2-PB1,1494,3247,0,2,0,3249,A
2-PB1,1495,1,3259,0,0,3260,T
2-PB1,1496,3256,0,1,1,3258,A
2-PB1,1497,0,3279,0,1,3280,T
2-PB1,1498,4,16,3247,0,3267,G
2-PB1,1499,0,8,3280,0,3288,G
2-PB1,1500,3286,0,2,0,3288,A
2-PB1,1501,0,3280,0,1,3281,T
2-PB1,1502,0,3249,0,2,3251,T
2-PB1,1503,0,3161,0,2,3163,T
2-PB1,1504,0,3,3164,0,3167,G
2-PB1,1505,0,3147,0,0,3147,T
2-PB1,1506,2,8,3132,0,3142,G
2-PB1,1507,3,2,3134,0,3139,G
2-PB1,1508,2,4,0,3111,3117,C
2-PB1,1509,1,3112,0,1,3114,T
2-PB1,1510,3120,0,0,0,3120,A
2-PB1,1511,3133,0,2,0,3135,A
2-PB1,1512,0,3159,0,0,3159,T
2-PB1,1513,0,3150,0,2,3152,T
2-PB1,1514,0,3153,0,0,3153,T
2-PB1,1515,0,3160,0,0,3160,T
2-PB1,1516,3154,1,3,0,3158,A
2-PB1,1517,0,2,3178,0,3180,G
2-PB1,1518,3,1,1,3172,3177,C
2-PB1,1519,3160,1,1,0,3162,A
2-PB1,1520,0,3131,1,2,3134,T
2-PB1,1521,2,16,3075,1,3094,G
2-PB1,1522,1,10,3123,0,3134,G
2-PB1,1523,3119,2,3,0,3124,A
2-PB1,1524,3,1,3135,0,3139,G
2-PB1,1525,2,1,0,3123,3126,C
2-PB1,1526,1,3079,0,3,3083,T
2-PB1,1527,1,1,3107,0,3109,G
2-PB1,1528,1,0,0,3102,3103,C
2-PB1,1529,14,6,0,3080,3100,C
2-PB1,1530,12,1,0,3105,3118,C
2-PB1,1531,3027,1,0,1,3029,A
2-PB1,1532,2,4,3212,0,3218,G
2-PB1,1533,0,3195,1,1,3197,T
2-PB1,1534,0,3201,1,0,3202,T
2-PB1,1535,1,3203,1,0,3205,T
2-PB1,1536,0,3166,1,1,3168,T
2-PB1,1537,1,10,3159,0,3170,G
2-PB1,1538,0,13,3150,1,3164,G
2-PB1,1539,3145,0,2,0,3147,A
2-PB1,1540,0,1,3166,0,3167,G
2-PB1,1541,0,2897,1,0,2898,T
2-PB1,1542,1,3,3020,2,3026,G
2-PB1,1543,0,3011,1,1,3013,T
2-PB1,1544,22,0,0,2990,3012,C
2-PB1,1545,4,3009,0,4,3017,T
2-PB1,1546,1,7,3011,1,3020,G
2-PB1,1547,3,5,3057,0,3065,G
2-PB1,1548,3060,0,0,0,3060,A
2-PB1,1549,3067,0,1,0,3068,A
2-PB1,1550,1,3052,1,0,3054,T
2-PB1,1551,2810,0,0,0,2810,A
2-PB1,1552,2810,1,0,1,2812,A
2-PB1,1553,2808,0,1,0,2809,A
2-PB1,1554,2,2,0,2813,2817,C
2-PB1,1555,3,15,2765,1,2784,G
2-PB1,1556,2742,0,1,0,2743,A
2-PB1,1557,1,6,2738,0,2745,G
2-PB1,1558,3,2734,0,0,2737,T
2-PB1,1559,11,1,0,2735,2747,C
2-PB1,1560,2739,0,4,0,2743,A
2-PB1,1561,0,0,2785,0,2785,G
2-PB1,1562,1,1,0,2773,2775,C
2-PB1,1563,0,2774,0,2,2776,T
2-PB1,1564,0,7,2842,0,2849,G
2-PB1,1565,2831,0,1,1,2833,A
2-PB1,1566,0,2831,0,0,2831,T
2-PB1,1567,2831,0,2,0,2833,A
2-PB1,1568,0,2790,0,0,2790,T
2-PB1,1569,0,20,2784,0,2804,G
2-PB1,1570,2688,1,2,0,2691,A
2-PB1,1571,0,3,2713,0,2716,G
2-PB1,1572,5,1,0,2713,2719,C
2-PB1,1573,2545,0,0,0,2545,A
2-PB1,1574,0,2543,1,0,2544,T
2-PB1,1575,0,2538,0,2,2540,T
2-PB1,1576,1,6,2555,0,2562,G
2-PB1,1577,1,11,2618,1,2631,G
2-PB1,1578,2568,0,4,0,2572,A
2-PB1,1579,2,2,2571,0,2575,G
2-PB1,1580,0,2462,0,0,2462,T
2-PB1,1581,2441,0,6,0,2447,A
2-PB1,1582,2447,0,1,0,2448,A
2-PB1,1583,5,1,0,2454,2460,C
2-PB1,1584,2426,1,1,0,2428,A
2-PB1,1585,0,4,2470,0,2474,G
2-PB1,1586,0,2164,0,2,2166,T
2-PB1,1587,0,12,2174,0,2186,G
2-PB1,1588,2203,0,0,0,2203,A
2-PB1,1589,1,2202,0,0,2203,T
2-PB1,1590,2192,0,1,0,2193,A
2-PB1,1591,2183,0,5,0,2188,A
2-PB1,1592,2109,0,6,0,2115,A
2-PB1,1593,1,11,2131,1,2144,G
2-PB1,1594,2037,0,1,0,2038,A
2-PB1,1595,2029,1,1,0,2031,A
2-PB1,1596,5,1,2,2019,2027,C
2-PB1,1597,1961,0,1,0,1962,A
2-PB1,1598,1979,0,5,0,1984,A
2-PB1,1599,0,0,0,1995,1995,C
2-PB1,1600,2012,1,1,0,2014,A
2-PB1,1601,1,2003,1,2,2007,T
2-PB1,1602,0,7,1942,3,1952,G
2-PB1,1603,1952,1,2,0,1955,A
2-PB1,1604,0,1954,1,0,1955,T
2-PB1,1605,1910,0,1,0,1911,A
2-PB1,1606,1924,1,0,0,1925,A
2-PB1,1607,1896,1,1,1,1899,A
2-PB1,1608,1,1,0,1900,1902,C
2-PB1,1609,1820,0,0,0,1820,A
2-PB1,1610,1825,0,0,0,1825,A
2-PB1,1611,0,1780,0,0,1780,T
2-PB1,1612,0,14,1769,0,1783,G
2-PB1,1613,1825,1,2,0,1828,A
2-PB1,1614,2,0,0,1844,1846,C
2-PB1,1615,5,0,0,1796,1801,C
2-PB1,1616,0,1729,0,3,1732,T
2-PB1,1617,1,1685,0,1,1687,T
2-PB1,1618,0,9,1685,0,1694,G
2-PB1,1619,2,9,1705,0,1716,G
2-PB1,1620,1734,0,1,0,1735,A
2-PB1,1621,2,1,1,1718,1722,C
2-PB1,1622,5,0,1,1704,1710,C
2-PB1,1623,1691,0,2,1,1694,A
2-PB1,1624,1,2,1720,0,1723,G
2-PB1,1625,0,0,0,1729,1729,C
2-PB1,1626,1733,0,0,0,1733,A
2-PB1,1627,1724,0,2,0,1726,A
2-PB1,1628,1,1,0,1724,1726,C
2-PB1,1629,1706,0,2,0,1708,A
2-PB1,1630,0,2,1745,0,1747,G
2-PB1,1631,0,0,0,1745,1745,C
2-PB1,1632,12,0,0,1734,1746,C
2-PB1,1633,16,0,0,1731,1747,C
2-PB1,1634,1750,0,0,0,1750,A
2-PB1,1635,1749,0,0,0,1749,A
2-PB1,1636,1748,0,1,0,1749,A
2-PB1,1637,0,1753,0,0,1753,T
2-PB1,1638,0,4,1742,0,1746,G
2-PB1,1639,0,4,1726,0,1730,G
2-PB1,1640,2,0,0,1732,1734,C
2-PB1,1641,3,1717,1,4,1725,T
2-PB1,1642,7,0,0,1753,1760,C
2-PB1,1643,2,1761,0,3,1766,T
2-PB1,1644,5,0,0,1768,1773,C
2-PB1,1645,7,1,0,1773,1781,C
2-PB1,1646,1777,0,1,0,1778,A
2-PB1,1647,1783,0,0,0,1783,A
2-PB1,1648,0,1775,0,1,1776,T
2-PB1,1649,1,1753,0,0,1754,T
2-PB1,1650,3,0,1755,0,1758,G
2-PB1,1651,0,1719,0,0,1719,T
2-PB1,1652,0,1722,0,1,1723,T
2-PB1,1653,8,6,0,1715,1729,C
2-PB1,1654,1716,0,0,0,1716,A
2-PB1,1655,0,1712,0,3,1715,T
2-PB1,1656,11,0,0,1704,1715,C
2-PB1,1657,1711,0,0,0,1711,A
2-PB1,1658,1715,0,0,0,1715,A
2-PB1,1659,1714,0,2,0,1716,A
2-PB1,1660,3,4,1742,0,1749,G
2-PB1,1661,1749,0,1,0,1750,A
2-PB1,1662,0,1743,0,1,1744,T
2-PB1,1663,0,1752,0,0,1752,T
2-PB1,1664,1753,0,1,0,1754,A
2-PB1,1665,1,1,0,1787,1789,C
2-PB1,1666,1785,0,1,0,1786,A
2-PB1,1667,0,6,1800,0,1806,G
2-PB1,1668,1801,0,0,0,1801,A
2-PB1,1669,0,1825,0,2,1827,T
2-PB1,1670,1831,0,0,0,1831,A
2-PB1,1671,4,2,1,1936,1943,C
2-PB1,1672,1978,0,2,0,1980,A
2-PB1,1673,6,2,0,2095,2103,C
2-PB1,1674,2077,0,1,1,2079,A
2-PB1,1675,0,2093,0,0,2093,T
2-PB1,1676,2069,1,0,0,2070,A
2-PB1,1677,0,2066,0,1,2067,T
2-PB1,1678,2009,0,2,0,2011,A
2-PB1,1679,2,9,2011,0,2022,G
2-PB1,1680,0,1,2009,1,2011,G
2-PB1,1681,0,1922,0,0,1922,T
2-PB1,1682,2,2,1875,0,1879,G
2-PB1,1683,3,1,0,1956,1960,C
2-PB1,1684,5,0,0,1950,1955,C
2-PB1,1685,1970,0,0,1,1971,A
2-PB1,1686,1,1973,0,0,1974,T
2-PB1,1687,1983,0,1,0,1984,A
2-PB1,1688,0,5,1987,0,1992,G
2-PB1,1689,1952,0,1,0,1953,A
2-PB1,1690,0,5,1963,0,1968,G
2-PB1,1691,0,7,1961,0,1968,G
2-PB1,1692,1891,2,1,0,1894,A
2-PB1,1693,0,8,1893,1,1902,G
2-PB1,1694,1872,0,1,0,1873,A
2-PB1,1695,1,1,0,1883,1885,C
2-PB1,1696,1880,1,1,0,1882,A
2-PB1,1697,4,1,1,1896,1902,C
2-PB1,1698,1894,0,1,0,1895,A
2-PB1,1699,1,1,0,1896,1898,C
2-PB1,1700,1879,0,0,0,1879,A
2-PB1,1701,1889,0,0,0,1889,A
2-PB1,1702,1904,0,2,0,1906,A
2-PB1,1703,1,1905,0,2,1908,T
2-PB1,1704,4,1,0,1901,1906,C
2-PB1,1705,4,1,0,1901,1906,C
2-PB1,1706,1881,1,2,0,1884,A
2-PB1,1707,1,7,1882,0,1890,G
2-PB1,1708,1886,0,1,1,1888,A
2-PB1,1709,1,2,1,1899,1903,C
2-PB1,1710,1,7,1892,0,1900,G
2-PB1,1711,1877,1,0,0,1878,A
2-PB1,1712,0,5,1877,0,1882,G
2-PB1,1713,1884,0,2,0,1886,A
2-PB1,1714,1887,0,0,0,1887,A
2-PB1,1715,1,3,1895,1,1900,G
2-PB1,1716,1883,0,0,0,1883,A
2-PB1,1717,0,1888,0,1,1889,T
2-PB1,1718,9,1,0,1866,1876,C
2-PB1,1719,1885,0,0,0,1885,A
2-PB1,1720,0,1879,0,0,1879,T
2-PB1,1721,0,1875,1,0,1876,T
2-PB1,1722,9,0,0,1871,1880,C
2-PB1,1723,0,6,1873,0,1879,G
2-PB1,1724,1858,0,0,1,1859,A
2-PB1,1725,1,4,1854,0,1859,G
2-PB1,1726,1830,0,1,1,1832,A
2-PB1,1727,0,1896,0,1,1897,T
2-PB1,1728,1907,0,0,0,1907,A
2-PB1,1729,1911,0,0,0,1911,A
2-PB1,1730,1912,0,1,0,1913,A
2-PB1,1731,4,4,1913,1,1922,G
2-PB1,1732,1921,1,0,0,1922,A
2-PB1,1733,1880,1,2,0,1883,A
2-PB1,1734,0,3,1885,0,1888,G
2-PB1,1735,2,0,0,1894,1896,C
2-PB1,1736,0,1861,0,0,1861,T
2-PB1,1737,1,6,1862,0,1869,G
2-PB1,1738,0,1863,0,0,1863,T
2-PB1,1739,0,10,1850,0,1860,G
2-PB1,1740,0,3,1849,0,1852,G
2-PB1,1741,0,10,1860,1,1871,G
2-PB1,1742,1874,0,1,0,1875,A
2-PB1,1743,1,1864,0,0,1865,T
2-PB1,1744,9,0,0,1846,1855,C
2-PB1,1745,1854,0,0,0,1854,A
2-PB1,1746,1866,0,3,0,1869,A
2-PB1,1747,1881,0,2,0,1883,A
2-PB1,1748,5,1,0,1882,1888,C
2-PB1,1749,8,0,0,1871,1879,C
2-PB1,1750,10,0,0,1866,1876,C
2-PB1,1751,1857,0,21,0,1878,A
2-PB1,1752,1910,1,4,0,1915,A
2-PB1,1753,0,1907,0,0,1907,T
2-PB1,1754,12,0,0,1900,1912,C
2-PB1,1755,1896,0,0,1,1897,A
2-PB1,1756,1871,1,1,0,1873,A
2-PB1,1757,2,8,1896,0,1906,G
2-PB1,1758,1,7,1884,1,1893,G
2-PB1,1759,0,1,1895,0,1896,G
2-PB1,1760,3,0,0,1893,1896,C
2-PB1,1761,1845,0,0,0,1845,A
2-PB1,1762,0,7,1892,0,1899,G
2-PB1,1763,0,5,1912,1,1918,G
2-PB1,1764,1925,0,0,0,1925,A
2-PB1,1765,0,0,0,1943,1943,C
2-PB1,1766,0,1898,0,0,1898,T
2-PB1,1767,1940,1,4,0,1945,A
2-PB1,1768,0,1941,0,0,1941,T
2-PB1,1769,1,1940,0,0,1941,T
2-PB1,1770,0,9,1929,1,1939,G
2-PB1,1771,1,2,1952,0,1955,G
2-PB1,1772,0,1926,0,2,1928,T
2-PB1,1773,1929,1,0,0,1930,A
2-PB1,1774,3,1889,0,4,1896,T
2-PB1,1775,8,1,0,1888,1897,C
2-PB1,1776,1856,0,3,0,1859,A
2-PB1,1777,0,2,1875,1,1878,G
2-PB1,1778,1870,0,2,1,1873,A
2-PB1,1779,0,1854,0,0,1854,T
2-PB1,1780,0,4,1779,1,1784,G
2-PB1,1781,0,11,1769,0,1780,G
2-PB1,1782,1,14,1765,0,1780,G
2-PB1,1783,0,7,1771,0,1778,G
2-PB1,1784,2,7,1770,0,1779,G
2-PB1,1785,1765,1,1,0,1767,A
2-PB1,1786,0,0,0,1752,1752,C
2-PB1,1787,7,0,0,1738,1745,C
2-PB1,1788,1741,1,2,0,1744,A
2-PB1,1789,1864,0,1,0,1865,A
2-PB1,1790,1868,0,0,0,1868,A
2-PB1,1791,1,0,0,1920,1921,C
2-PB1,1792,0,1896,1,0,1897,T
2-PB1,1793,0,1891,0,0,1891,T
2-PB1,1794,1905,0,0,0,1905,A
2-PB1,1795,0,1901,0,0,1901,T
2-PB1,1796,1905,0,2,0,1907,A
2-PB1,1797,2,0,0,1906,1908,C
2-PB1,1798,1755,0,0,0,1755,A
2-PB1,1799,1761,0,0,0,1761,A
2-PB1,1800,2,1719,0,0,1721,T
2-PB1,1801,1747,0,0,0,1747,A
2-PB1,1802,1,1749,0,1,1751,T
2-PB1,1803,5,0,0,1740,1745,C
2-PB1,1804,9,3,0,1730,1742,C
2-PB1,1805,1,7,1736,0,1744,G
2-PB1,1806,0,5,1743,0,1748,G
2-PB1,1807,1754,0,0,0,1754,A
2-PB1,1808,1763,0,0,0,1763,A
2-PB1,1809,1,1762,0,1,1764,T
2-PB1,1810,3,0,0,1762,1765,C
2-PB1,1811,1,1745,0,2,1748,T
2-PB1,1812,0,1756,0,7,1763,T
2-PB1,1813,7,0,0,1758,1765,C
2-PB1,1814,1763,1,2,0,1766,A
2-PB1,1815,0,0,0,1768,1768,C
2-PB1,1816,1765,0,1,0,1766,A
2-PB1,1817,0,1910,0,1,1911,T
2-PB1,1818,6,0,0,1906,1912,C
2-PB1,1819,8,1,0,1896,1905,C
2-PB1,1820,6,0,1,1906,1913,C
2-PB1,1821,0,1910,0,4,1914,T
2-PB1,1822,0,4,1907,0,1911,G
2-PB1,1823,1906,1,2,0,1909,A
2-PB1,1824,1903,0,1,0,1904,A
2-PB1,1825,0,0,1904,0,1904,G
2-PB1,1826,0,1771,0,0,1771,T
2-PB1,1827,8,1,0,1765,1774,C
2-PB1,1828,0,1731,0,2,1733,T
2-PB1,1829,2,0,1772,0,1774,G
2-PB1,1830,1,0,0,1775,1776,C
2-PB1,1831,1,1773,0,2,1776,T
2-PB1,1832,0,1782,0,0,1782,T
2-PB1,1833,1781,0,0,0,1781,A
2-PB1,1834,1775,0,0,0,1775,A
2-PB1,1835,1777,0,0,0,1777,A
2-PB1,1836,1724,0,3,0,1727,A
2-PB1,1837,0,1738,0,0,1738,T
2-PB1,1838,0,11,1732,0,1743,G
2-PB1,1839,0,6,1738,0,1744,G
2-PB1,1840,1,3,1747,0,1751,G
2-PB1,1841,1738,1,3,0,1742,A
2-PB1,1842,0,4,1751,0,1755,G
2-PB1,1843,2,0,0,1750,1752,C
2-PB1,1844,0,1756,0,1,1757,T
2-PB1,1845,1,2,1767,0,1770,G
2-PB1,1846,1768,0,1,0,1769,A
2-PB1,1847,0,1768,0,0,1768,T
2-PB1,1848,2,8,1762,0,1772,G
2-PB1,1849,0,2,1770,0,1772,G
2-PB1,1850,1771,0,1,0,1772,A
2-PB1,1851,0,1766,0,2,1768,T
2-PB1,1852,1,7,1762,0,1770,G
2-PB1,1853,1764,0,2,0,1766,A
2-PB1,1854,0,7,1782,1,1790,G
2-PB1,1855,1782,1,2,0,1785,A
2-PB1,1856,1790,0,0,0,1790,A
2-PB1,1857,7,1774,0,0,1781,T
2-PB1,1858,0,1771,0,0,1771,T
2-PB1,1859,1776,0,0,0,1776,A
2-PB1,1860,0,1774,0,0,1774,T
2-PB1,1861,3,1,0,1766,1770,C
2-PB1,1862,0,7,1772,0,1779,G
2-PB1,1863,1,10,1755,0,1766,G
2-PB1,1864,2,7,1742,0,1751,G
2-PB1,1865,2,1,1757,0,1760,G
2-PB1,1866,1749,2,0,0,1751,A
2-PB1,1867,1751,0,1,0,1752,A
2-PB1,1868,0,1,1774,0,1775,G
2-PB1,1869,1790,0,0,0,1790,A
2-PB1,1870,0,0,0,1801,1801,C
2-PB1,1871,1,1782,1,2,1786,T
2-PB1,1872,0,1823,0,0,1823,T
2-PB1,1873,0,1823,0,1,1824,T
2-PB1,1874,1,3,1847,0,1851,G
2-PB1,1875,0,1854,0,0,1854,T
2-PB1,1876,1845,0,0,0,1845,A
2-PB1,1877,1834,0,1,0,1835,A
2-PB1,1878,0,1799,0,0,1799,T
2-PB1,1879,3,0,0,1808,1811,C
2-PB1,1880,5,0,0,1798,1803,C
2-PB1,1881,8,0,0,1776,1784,C
2-PB1,1882,8,0,0,1792,1800,C
2-PB1,1883,0,1789,0,1,1790,T
2-PB1,1884,1,2,1792,0,1795,G
2-PB1,1885,1795,0,0,0,1795,A
2-PB1,1886,1805,0,0,0,1805,A
2-PB1,1887,0,1801,0,2,1803,T
2-PB1,1888,6,0,0,1780,1786,C
2-PB1,1889,9,0,0,1771,1780,C
2-PB1,1890,3,1,0,1765,1769,C
2-PB1,1891,1,1750,0,5,1756,T
2-PB1,1892,2,1763,1,1,1767,T
2-PB1,1893,0,1756,0,0,1756,T
2-PB1,1894,0,1,1755,0,1756,G
2-PB1,1895,0,1752,0,0,1752,T
2-PB1,1896,4,1,0,1747,1752,C
2-PB1,1897,1738,0,0,0,1738,A
2-PB1,1898,0,0,1771,0,1771,G
2-PB1,1899,3,0,0,1768,1771,C
2-PB1,1900,8,2,0,1763,1773,C
2-PB1,1901,1770,3,0,0,1773,A
2-PB1,1902,0,1777,0,0,1777,T
2-PB1,1903,1778,0,0,0,1778,A
2-PB1,1904,1777,0,0,1,1778,A
2-PB1,1905,1784,0,0,0,1784,A
2-PB1,1906,0,7,1799,0,1806,G
2-PB1,1907,1766,0,0,0,1766,A
2-PB1,1908,1761,0,0,1,1762,A
2-PB1,1909,1764,0,2,1,1767,A
2-PB1,1910,0,1763,0,0,1763,T
2-PB1,1911,0,1754,0,0,1754,T
2-PB1,1912,0,14,1744,0,1758,G
2-PB1,1913,1741,0,2,0,1743,A
2-PB1,1914,3,3,1765,0,1771,G
2-PB1,1915,2,1766,0,0,1768,T
2-PB1,1916,8,0,0,1774,1782,C
2-PB1,1917,0,1772,0,3,1775,T
2-PB1,1918,0,2,1824,0,1826,G
2-PB1,1919,0,1821,0,0,1821,T
2-PB1,1920,1846,0,0,0,1846,A
2-PB1,1921,1848,0,1,0,1849,A
2-PB1,1922,1848,1,1,0,1850,A
2-PB1,1923,2,0,0,1858,1860,C
2-PB1,1924,1802,0,0,0,1802,A
2-PB1,1925,1843,0,2,0,1845,A
2-PB1,1926,0,1844,0,1,1845,T
2-PB1,1927,0,1,1822,0,1823,G
2-PB1,1928,2,1,0,1841,1844,C
2-PB1,1929,0,1808,1,0,1809,T
2-PB1,1930,1,2,1873,1,1877,G
2-PB1,1931,0,1875,0,0,1875,T
2-PB1,1932,1905,0,0,0,1905,A
2-PB1,1933,1,1,1905,0,1907,G
2-PB1,1934,1,1861,0,0,1862,T
2-PB1,1935,1847,0,0,0,1847,A
2-PB1,1936,1831,0,0,0,1831,A
2-PB1,1937,0,1825,0,1,1826,T
2-PB1,1938,0,9,1817,0,1826,G
2-PB1,1939,0,1,0,1795,1796,C
2-PB1,1940,4,0,0,1766,1770,C
2-PB1,1941,1732,1,2,0,1735,A
2-PB1,1942,1,2,1771,0,1774,G
2-PB1,1943,2,0,0,1799,1801,C
2-PB1,1944,5,8,0,1796,1809,C
2-PB1,1945,9,1,0,1795,1805,C
2-PB1,1946,1795,0,1,0,1796,A
2-PB1,1947,0,1792,0,3,1795,T
2-PB1,1948,1,8,1789,0,1798,G
2-PB1,1949,1,1,1815,1,1818,G
2-PB1,1950,0,1803,0,2,1805,T
2-PB1,1951,7,0,0,1740,1747,C
2-PB1,1952,4,0,0,1700,1704,C
2-PB1,1953,1,1692,0,0,1693,T
2-PB1,1954,3,1,1728,0,1732,G
2-PB1,1955,0,1,0,1721,1722,C
2-PB1,1956,12,2,0,1724,1738,C
2-PB1,1957,1728,0,2,0,1730,A
2-PB1,1958,1709,0,0,0,1709,A
2-PB1,1959,1715,0,0,0,1715,A
2-PB1,1960,1724,0,2,0,1726,A
2-PB1,1961,0,3,1752,0,1755,G
2-PB1,1962,0,1728,0,0,1728,T
2-PB1,1963,1725,1,0,0,1726,A
2-PB1,1964,0,1726,0,1,1727,T
2-PB1,1965,1,6,1725,0,1732,G
2-PB1,1966,0,5,1761,0,1766,G
2-PB1,1967,1760,0,0,1,1761,A
2-PB1,1968,1775,0,0,0,1775,A
2-PB1,1969,0,1764,0,1,1765,T
2-PB1,1970,1740,0,2,0,1742,A
2-PB1,1971,1,1740,0,1,1742,T
2-PB1,1972,0,4,1722,0,1726,G
2-PB1,1973,1725,1,2,0,1728,A
2-PB1,1974,1,1722,0,0,1723,T
2-PB1,1975,0,1,1670,0,1671,G
2-PB1,1976,2,3,0,1672,1677,C
2-PB1,1977,6,0,0,1650,1656,C
2-PB1,1978,2,4,1657,0,1663,G
2-PB1,1979,0,1662,0,1,1663,T
2-PB1,1980,1,1659,0,4,1664,T
2-PB1,1981,0,1,1661,0,1662,G
2-PB1,1982,1,2,0,1693,1696,C
2-PB1,1983,1699,0,0,0,1699,A
2-PB1,1984,1722,1,0,0,1723,A
2-PB1,1985,3,0,0,1727,1730,C
2-PB1,1986,0,1716,1,1,1718,T
2-PB1,1987,1723,0,1,0,1724,A
2-PB1,1988,2,0,0,1719,1721,C
2-PB1,1989,1717,0,1,1,1719,A
2-PB1,1990,1,1,0,1726,1728,C
2-PB1,1991,1678,0,1,1,1680,A
2-PB1,1992,3,0,0,1806,1809,C
2-PB1,1993,0,1768,0,5,1773,T
2-PB1,1994,7,0,0,1764,1771,C
2-PB1,1995,7,1,0,1763,1771,C
2-PB1,1996,2,1757,0,2,1761,T
2-PB1,1997,0,6,1757,0,1763,G
2-PB1,1998,1,3,1754,0,1758,G
2-PB1,1999,1755,0,0,0,1755,A
2-PB1,2000,0,1752,0,0,1752,T
2-PB1,2001,1,1606,0,1,1608,T
2-PB1,2002,6,1,0,1632,1639,C
2-PB1,2003,1,2,0,1618,1621,C
2-PB1,2004,8,0,0,1622,1630,C
2-PB1,2005,1633,0,0,0,1633,A
2-PB1,2006,1632,0,0,0,1632,A
2-PB1,2007,0,9,1630,0,1639,G
2-PB1,2008,1634,0,0,0,1634,A
2-PB1,2009,0,3,1630,0,1633,G
2-PB1,2010,0,5,1633,0,1638,G
2-PB1,2011,1599,0,0,0,1599,A
2-PB1,2012,1596,0,1,1,1598,A
2-PB1,2013,1,1,0,1599,1601,C
2-PB1,2014,2,2,0,1579,1583,C
2-PB1,2015,0,0,1619,0,1619,G
2-PB1,2016,1,1,0,1615,1617,C
2-PB1,2017,0,1613,0,0,1613,T
2-PB1,2018,10,0,0,1613,1623,C
2-PB1,2019,1,1609,0,0,1610,T
2-PB1,2020,1746,0,0,0,1746,A
2-PB1,2021,0,1744,0,3,1747,T
2-PB1,2022,0,1754,0,0,1754,T
2-PB1,2023,7,1,0,1750,1758,C
2-PB1,2024,0,1703,0,2,1705,T
2-PB1,2025,1708,0,1,0,1709,A
2-PB1,2026,1708,0,1,0,1709,A
2-PB1,2027,1708,0,0,1,1709,A
2-PB1,2028,1,1,0,1707,1709,C
2-PB1,2029,1583,1,1,0,1585,A
2-PB1,2030,1,1,0,1585,1587,C
2-PB1,2031,1564,0,0,0,1564,A
2-PB1,2032,1592,1,1,0,1594,A
2-PB1,2033,0,0,1594,0,1594,G
2-PB1,2034,0,2,0,1591,1593,C
2-PB1,2035,4,1,0,1591,1596,C
2-PB1,2036,1584,0,0,0,1584,A
2-PB1,2037,1588,0,1,0,1589,A
2-PB1,2038,1582,1,4,0,1587,A
2-PB1,2039,0,2,1598,0,1600,G
2-PB1,2040,1,7,1592,0,1600,G
2-PB1,2041,1,3,1571,0,1575,G
2-PB1,2042,2,5,1562,0,1569,G
2-PB1,2043,1557,0,0,0,1557,A
2-PB1,2044,1559,1,1,0,1561,A
2-PB1,2045,0,1562,0,1,1563,T
2-PB1,2046,0,1559,0,0,1559,T
2-PB1,2047,5,0,0,1562,1567,C
2-PB1,2048,0,1546,0,1,1547,T
2-PB1,2049,0,1544,0,0,1544,T
2-PB1,2050,1,1,1539,1,1542,G
2-PB1,2051,1539,0,3,0,1542,A
2-PB1,2052,0,3,1546,0,1549,G
2-PB1,2053,0,5,1542,0,1547,G
2-PB1,2054,1540,0,0,0,1540,A
2-PB1,2055,0,1537,0,2,1539,T
2-PB1,2056,1,10,1540,0,1551,G
2-PB1,2057,1543,0,2,0,1545,A
2-PB1,2058,1548,1,0,0,1549,A
2-PB1,2059,2,0,0,1553,1555,C
2-PB1,2060,1537,1,1,0,1539,A
2-PB1,2061,0,1,1564,0,1565,G
2-PB1,2062,1556,0,0,0,1556,A
2-PB1,2063,0,1551,0,2,1553,T
2-PB1,2064,3,0,1564,0,1567,G
2-PB1,2065,0,1574,0,0,1574,T
2-PB1,2066,1584,0,0,0,1584,A
2-PB1,2067,3,0,0,1581,1584,C
2-PB1,2068,10,3,0,1552,1565,C
2-PB1,2069,1544,1,0,0,1545,A
2-PB1,2070,0,5,1523,0,1528,G
2-PB1,2071,1508,0,1,0,1509,A
2-PB1,2072,1504,0,0,0,1504,A
2-PB1,2073,0,2,1512,0,1514,G
2-PB1,2074,0,1429,0,1,1430,T
2-PB1,2075,1,1,1429,0,1431,G
2-PB1,2076,0,0,0,1436,1436,C
2-PB1,2077,2,1428,0,0,1430,T
2-PB1,2078,1,1,1432,0,1434,G
2-PB1,2079,1,0,0,1428,1429,C
2-PB1,2080,1429,0,0,0,1429,A
2-PB1,2081,1427,0,2,1,1430,A
2-PB1,2082,0,4,0,1409,1413,C
2-PB1,2083,0,1398,1,1,1400,T
2-PB1,2084,1,1387,0,0,1388,T
2-PB1,2085,0,2,1383,0,1385,G
2-PB1,2086,0,1381,0,1,1382,T
2-PB1,2087,1,1375,0,1,1377,T
2-PB1,2088,11,1,0,1365,1377,C
2-PB1,2089,0,8,1368,0,1376,G
2-PB1,2090,1371,1,1,0,1373,A
2-PB1,2091,1,4,1369,0,1374,G
2-PB1,2092,1366,1,2,0,1369,A
2-PB1,2093,1373,0,0,0,1373,A
2-PB1,2094,1374,0,0,0,1374,A
2-PB1,2095,0,1375,0,0,1375,T
2-PB1,2096,0,1373,0,0,1373,T
2-PB1,2097,0,1374,1,2,1377,T
2-PB1,2098,0,1378,0,0,1378,T
2-PB1,2099,1,1368,0,0,1369,T
2-PB1,2100,3,0,2,1375,1380,C
2-PB1,2101,1,0,1,1378,1380,C
2-PB1,2102,14,0,1,1374,1389,C
2-PB1,2103,0,1373,0,1,1374,T
2-PB1,2104,1376,1,0,0,1377,A
2-PB1,2105,0,3,1384,0,1387,G
2-PB1,2106,0,1382,0,1,1383,T
2-PB1,2107,1394,1,0,0,1395,A
2-PB1,2108,1,1,1397,0,1399,G
2-PB1,2109,0,1382,0,0,1382,T
2-PB1,2110,0,1431,0,0,1431,T
2-PB1,2111,13,0,1,1426,1440,C
2-PB1,2112,1467,1,1,0,1469,A
2-PB1,2113,0,1467,0,1,1468,T
2-PB1,2114,1456,0,0,0,1456,A
2-PB1,2115,1,1458,0,0,1459,T
2-PB1,2116,1422,0,0,0,1422,A
2-PB1,2117,0,2,1421,0,1423,G
2-PB1,2118,1,1,1410,0,1412,G
2-PB1,2119,1275,0,0,0,1275,A
2-PB1,2120,1,4,1271,0,1276,G
2-PB1,2121,1218,0,0,0,1218,A
2-PB1,2122,1,0,0,1217,1218,C
2-PB1,2123,10,0,0,1157,1167,C
2-PB1,2124,2,2,1158,0,1162,G
2-PB1,2125,1160,0,1,0,1161,A
2-PB1,2126,0,1157,1,0,1158,T
2-PB1,2127,0,1154,0,0,1154,T
2-PB1,2128,0,0,1154,0,1154,G
2-PB1,2129,0,5,1148,0,1153,G
2-PB1,2130,1154,1,1,0,1156,A
2-PB1,2131,1157,0,1,0,1158,A
2-PB1,2132,0,1149,0,0,1149,T
2-PB1,2133,0,1163,0,0,1163,T
2-PB1,2134,0,1158,0,0,1158,T
2-PB1,2135,4,2,0,1156,1162,C
2-PB1,2136,0,1162,0,1,1163,T
2-PB1,2137,1160,0,1,0,1161,A
2-PB1,2138,0,1,1162,0,1163,G
2-PB1,2139,0,0,0,1158,1158,C
2-PB1,2140,1152,0,1,0,1153,A
2-PB1,2141,0,1151,0,0,1151,T
2-PB1,2142,0,1,1136,0,1137,G
2-PB1,2143,0,0,1174,0,1174,G
2-PB1,2144,0,1163,0,1,1164,T
2-PB1,2145,2,2,1156,0,1160,G
2-PB1,2146,0,4,1156,0,1160,G
2-PB1,2147,1140,0,3,0,1143,A
2-PB1,2148,1,4,1132,0,1137,G
2-PB1,2149,0,1,1131,0,1132,G
2-PB1,2150,5,0,0,1119,1124,C
2-PB1,2151,8,1,0,1104,1113,C
2-PB1,2152,1015,0,1,0,1016,A
2-PB1,2153,0,1009,0,0,1009,T
2-PB1,2154,0,7,1001,0,1008,G
2-PB1,2155,0,1,1013,0,1014,G
2-PB1,2156,0,956,0,1,957,T
2-PB1,2157,0,1,945,0,946,G
2-PB1,2158,1,934,0,2,937,T
2-PB1,2159,7,0,1,919,927,C
2-PB1,2160,2,2,0,845,849,C
2-PB1,2161,851,0,0,0,851,A
2-PB1,2162,848,0,1,1,850,A
2-PB1,2163,0,2,875,0,877,G
2-PB1,2164,2,0,880,0,882,G
2-PB1,2165,0,0,0,878,878,C
2-PB1,2166,1,0,0,880,881,C
2-PB1,2167,7,1,0,874,882,C
2-PB1,2168,1,2,875,0,878,G
2-PB1,2169,0,2,882,0,884,G
2-PB1,2170,883,0,1,0,884,A
2-PB1,2171,0,883,0,0,883,T
2-PB1,2172,1,851,0,1,853,T
2-PB1,2173,0,2,839,0,841,G
2-PB1,2174,838,0,0,0,838,A
2-PB1,2175,0,836,0,0,836,T
2-PB1,2176,0,1,835,0,836,G
2-PB1,2177,2,0,1,829,832,C
2-PB1,2178,2,0,0,820,822,C
2-PB1,2179,815,0,1,0,816,A
2-PB1,2180,1,4,817,0,822,G
2-PB1,2181,817,0,1,0,818,A
2-PB1,2182,822,0,0,0,822,A
2-PB1,2183,0,819,0,0,819,T
2-PB1,2184,1,800,0,1,802,T
2-PB1,2185,0,5,800,0,805,G
2-PB1,2186,796,0,0,0,796,A
2-PB1,2187,3,0,0,793,796,C
2-PB1,2188,0,791,0,1,792,T
2-PB1,2189,0,783,0,0,783,T
2-PB1,2190,1,0,0,774,775,C
2-PB1,2191,1,4,771,0,776,G
2-PB1,2192,774,0,0,0,774,A
2-PB1,2193,0,2,758,0,760,G
2-PB1,2194,0,769,1,1,771,T
2-PB1,2195,9,0,0,765,774,C
2-PB1,2196,0,771,0,0,771,T
2-PB1,2197,0,1,775,0,776,G
2-PB1,2198,0,2,772,0,774,G
2-PB1,2199,776,0,0,0,776,A
2-PB1,2200,703,0,5,0,708,A
2-PB1,2201,0,0,710,0,710,G
2-PB1,2202,0,2,716,0,718,G
2-PB1,2203,721,0,0,0,721,A
2-PB1,2204,0,714,0,0,714,T
2-PB1,2205,0,715,0,0,715,T
2-PB1,2206,712,1,2,0,715,A
2-PB1,2207,714,0,0,1,715,A
2-PB1,2208,0,1,714,0,715,G
2-PB1,2209,714,0,0,0,714,A
2-PB1,2210,681,0,0,0,681,A
2-PB1,2211,0,1,632,0,633,G
2-PB1,2212,0,0,628,0,628,G
2-PB1,2213,627,0,0,0,627,A
2-PB1,2214,625,0,0,0,625,A
2-PB1,2215,0,4,623,0,627,G
2-PB1,2216,600,0,0,0,600,A
2-PB1,2217,0,1,601,0,602,G
2-PB1,2218,0,572,0,2,574,T
2-PB1,2219,0,568,0,1,569,T
2-PB1,2220,3,0,0,575,578,C
2-PB1,2221,0,564,0,1,565,T
2-PB1,2222,2,0,0,563,565,C
2-PB1,2223,0,561,0,0,561,T
2-PB1,2224,0,3,554,0,557,G
2-PB1,2225,540,0,0,0,540,A
2-PB1,2226,0,4,534,0,538,G
2-PB1,2227,534,0,0,0,534,A
2-PB1,2228,0,517,0,0,517,T
2-PB1,2229,3,0,0,485,488,C
2-PB1,2230,489,0,0,0,489,A
2-PB1,2231,1,486,0,0,487,T
2-PB1,2232,0,0,488,0,488,G
2-PB1,2233,484,0,2,0,486,A
2-PB1,2234,482,0,1,0,483,A
2-PB1,2235,0,1,476,0,477,G
2-PB1,2236,461,0,0,0,461,A
2-PB1,2237,0,458,0,1,459,T
2-PB1,2238,3,0,0,452,455,C
2-PB1,2239,0,425,0,0,425,T
2-PB1,2240,0,0,426,0,426,G
2-PB1,2241,0,422,0,0,422,T
2-PB1,2242,1,419,0,1,421,T
2-PB1,2243,4,0,0,416,420,C
2-PB1,2244,3,0,1,397,401,C
2-PB1,2245,397,0,1,0,398,A
2-PB1,2246,1,2,0,399,402,C
2-PB1,2247,3,1,0,372,376,C
2-PB1,2248,364,0,0,0,364,A
2-PB1,2249,0,345,0,0,345,T
2-PB1,2250,0,331,0,1,332,T
2-PB1,2251,0,0,332,0,332,G
2-PB1,2252,330,0,0,0,330,A
2-PB1,2253,328,0,0,0,328,A
2-PB1,2254,0,0,328,0,328,G
2-PB1,2255,278,0,0,0,278,A
2-PB1,2256,276,0,0,0,276,A
2-PB1,2257,0,0,0,273,273,C
2-PB1,2258,0,263,0,0,263,T
2-PB1,2259,2,0,0,261,263,C
2-PB1,2260,248,0,3,0,251,A
2-PB1,2261,0,2,248,0,250,G
2-PB1,2262,251,0,0,0,251,A
2-PB1,2263,0,0,0,246,246,C
2-PB1,2264,1,0,241,0,242,G
2-PB1,2265,0,0,232,0,232,G
2-PB1,2266,0,0,0,232,232,C
2-PB1,2267,230,0,1,0,231,A
2-PB1,2268,230,0,0,0,230,A
2-PB1,2269,230,0,0,0,230,A
2-PB1,2270,227,0,1,0,228,A
2-PB1,2271,228,0,0,0,228,A
2-PB1,2272,0,226,0,0,226,T
2-PB1,2273,221,0,0,0,221,A
2-PB1,2274,219,0,0,0,219,A
3-PA,1,24,0,0,0,24,A
3-PA,2,0,24,0,0,24,T
3-PA,3,0,0,26,0,26,G
3-PA,4,0,0,27,0,27,G
3-PA,5,27,0,0,0,27,A
3-PA,6,27,0,0,0,27,A
3-PA,7,0,0,28,0,28,G
3-PA,8,30,0,0,0,30,A
3-PA,9,0,30,0,0,30,T
3-PA,10,0,30,0,0,30,T
3-PA,11,0,31,0,0,31,T
3-PA,12,0,30,0,0,30,T
3-PA,13,0,0,33,0,33,G
3-PA,14,0,33,0,0,33,T
3-PA,15,0,0,33,0,33,G
3-PA,16,0,0,0,35,35,C
3-PA,17,0,0,35,0,35,G
3-PA,18,38,0,0,0,38,A
3-PA,19,0,0,0,39,39,C
3-PA,20,39,0,0,0,39,A
3-PA,21,39,0,0,0,39,A
3-PA,22,0,39,0,0,39,T
3-PA,23,0,0,46,0,46,G
3-PA,24,0,0,0,46,46,C
3-PA,25,0,46,0,0,46,T
3-PA,26,0,45,0,0,45,T
3-PA,27,0,0,0,47,47,C
3-PA,28,50,0,1,0,51,A
3-PA,29,54,0,0,0,54,A
3-PA,30,0,0,0,57,57,C
3-PA,31,0,0,0,58,58,C
3-PA,32,1,0,0,57,58,C
3-PA,33,0,0,58,0,58,G
3-PA,34,58,0,0,0,58,A
3-PA,35,0,59,0,0,59,T
3-PA,36,0,1,58,0,59,G
3-PA,37,59,0,0,0,59,A
3-PA,38,0,61,0,0,61,T
3-PA,39,0,61,0,0,61,T
3-PA,40,0,0,61,0,61,G
3-PA,41,0,61,0,0,61,T
3-PA,42,1,0,0,60,61,C
3-PA,43,0,1,60,0,61,G
3-PA,44,60,0,0,0,60,A
3-PA,45,61,0,0,0,61,A
3-PA,46,0,0,0,61,61,C
3-PA,47,0,61,0,0,61,T
3-PA,48,0,61,0,0,61,T
3-PA,49,0,0,60,0,60,G
3-PA,50,0,0,0,61,61,C
3-PA,51,61,0,0,0,61,A
3-PA,52,0,1,60,0,61,G
3-PA,53,60,0,0,0,60,A
3-PA,54,61,0,0,0,61,A
3-PA,55,60,0,0,0,60,A
3-PA,56,61,0,0,0,61,A
3-PA,57,62,0,0,0,62,A
3-PA,58,0,0,65,0,65,G
3-PA,59,0,0,0,65,65,C
3-PA,60,65,0,0,0,65,A
3-PA,61,67,0,0,0,67,A
3-PA,62,0,66,0,0,66,T
3-PA,63,0,1,66,0,67,G
3-PA,64,69,0,0,0,69,A
3-PA,65,69,0,0,0,69,A
3-PA,66,69,0,0,0,69,A
3-PA,67,0,1,72,0,73,G
3-PA,68,77,0,0,0,77,A
3-PA,69,0,0,89,0,89,G
3-PA,70,0,89,0,0,89,T
3-PA,71,89,0,0,0,89,A
3-PA,72,0,88,0,0,88,T
3-PA,73,0,1,87,0,88,G
3-PA,74,0,1,87,0,88,G
3-PA,75,0,0,87,0,87,G
3-PA,76,0,1,86,0,87,G
3-PA,77,84,0,0,0,84,A
3-PA,78,0,1,82,0,83,G
3-PA,79,0,1,83,0,84,G
3-PA,80,82,0,0,0,82,A
3-PA,81,0,84,0,0,84,T
3-PA,82,0,0,0,84,84,C
3-PA,83,0,84,0,0,84,T
3-PA,84,0,0,85,0,85,G
3-PA,85,85,0,0,0,85,A
3-PA,86,84,0,0,0,84,A
3-PA,87,86,0,0,0,86,A
3-PA,88,85,0,0,0,85,A
3-PA,89,0,85,0,0,85,T
3-PA,90,0,84,0,0,84,T
3-PA,91,0,2,82,0,84,G
3-PA,92,83,0,0,0,83,A
3-PA,93,84,0,0,0,84,A
3-PA,94,85,0,0,0,85,A
3-PA,95,0,0,0,85,85,C
3-PA,96,85,0,0,0,85,A
3-PA,97,85,0,0,0,85,A
3-PA,98,85,0,0,0,85,A
3-PA,99,0,0,0,85,85,C
3-PA,100,85,0,0,0,85,A
3-PA,101,86,0,0,0,86,A
3-PA,102,87,0,0,0,87,A
3-PA,103,0,85,0,0,85,T
3-PA,104,0,85,0,0,85,T
3-PA,105,0,86,0,0,86,T
3-PA,106,0,0,87,0,87,G
3-PA,107,0,1,0,87,88,C
3-PA,108,88,0,1,0,89,A
3-PA,109,0,0,92,0,92,G
3-PA,110,0,0,0,92,92,C
3-PA,111,99,0,0,0,99,A
3-PA,112,100,0,0,0,100,A
3-PA,113,0,100,0,0,100,T
3-PA,114,103,0,0,0,103,A
3-PA,115,0,103,0,0,103,T
3-PA,116,0,0,105,0,105,G
3-PA,117,0,0,0,103,103,C
3-PA,118,103,0,0,0,103,A
3-PA,119,0,0,0,105,105,C
3-PA,120,0,102,0,0,102,T
3-PA,121,1,0,0,125,126,C
3-PA,122,131,0,0,0,131,A
3-PA,123,0,0,0,128,128,C
3-PA,124,0,127,0,0,127,T
3-PA,125,0,127,0,0,127,T
3-PA,126,0,0,128,0,128,G
3-PA,127,0,0,129,0,129,G
3-PA,128,127,0,0,0,127,A
3-PA,129,0,1,129,0,130,G
3-PA,130,0,0,129,0,129,G
3-PA,131,0,125,0,0,125,T
3-PA,132,0,0,131,0,131,G
3-PA,133,0,131,0,0,131,T
3-PA,134,0,0,136,0,136,G
3-PA,135,0,136,0,0,136,T
3-PA,136,0,135,0,0,135,T
3-PA,137,0,136,0,0,136,T
3-PA,138,1,0,0,134,135,C
3-PA,139,137,0,0,0,137,A
3-PA,140,0,137,0,0,137,T
3-PA,141,0,0,140,0,140,G
3-PA,142,0,140,0,0,140,T
3-PA,143,139,0,0,0,139,A
3-PA,144,0,138,0,0,138,T
3-PA,145,0,138,0,0,138,T
3-PA,146,0,0,0,139,139,C
3-PA,147,139,0,0,0,139,A
3-PA,148,0,1,140,0,141,G
3-PA,149,142,0,0,0,142,A
3-PA,150,0,144,0,0,144,T
3-PA,151,0,144,0,0,144,T
3-PA,152,0,144,0,0,144,T
3-PA,153,0,0,0,141,141,C
3-PA,154,0,0,0,148,148,C
3-PA,155,148,0,0,0,148,A
3-PA,156,0,148,0,0,148,T
3-PA,157,0,147,0,0,147,T
3-PA,158,0,149,0,0,149,T
3-PA,159,0,0,0,149,149,C
3-PA,160,146,0,3,0,149,A
3-PA,161,0,155,0,1,156,T
3-PA,162,0,0,0,156,156,C
3-PA,163,155,0,1,0,156,A
3-PA,164,157,0,0,0,157,A
3-PA,165,0,158,0,0,158,T
3-PA,166,0,3,160,0,163,G
3-PA,167,164,0,0,0,164,A
3-PA,168,164,0,0,0,164,A
3-PA,169,0,0,0,164,164,C
3-PA,170,163,0,0,0,163,A
3-PA,171,164,0,0,0,164,A
3-PA,172,0,1,165,0,166,G
3-PA,173,0,0,168,0,168,G
3-PA,174,0,0,0,168,168,C
3-PA,175,0,2,165,0,167,G
3-PA,176,174,0,1,0,175,A
3-PA,177,176,0,0,0,176,A
3-PA,178,0,174,0,0,174,T
3-PA,179,0,0,0,178,178,C
3-PA,180,178,0,0,0,178,A
3-PA,181,178,0,1,0,179,A
3-PA,182,0,180,0,0,180,T
3-PA,183,180,0,0,0,180,A
3-PA,184,0,0,184,1,185,G
3-PA,185,0,186,0,0,186,T
3-PA,186,0,0,187,0,187,G
3-PA,187,0,1,187,0,188,G
3-PA,188,0,187,0,0,187,T
3-PA,189,187,0,0,0,187,A
3-PA,190,0,2,190,0,192,G
3-PA,191,193,0,0,0,193,A
3-PA,192,193,0,0,0,193,A
3-PA,193,0,0,0,192,192,C
3-PA,194,0,187,0,0,187,T
3-PA,195,0,187,0,0,187,T
3-PA,196,1,2,184,0,187,G
3-PA,197,186,0,0,0,186,A
3-PA,198,0,1,0,186,187,C
3-PA,199,0,2,184,0,186,G
3-PA,200,191,0,0,0,191,A
3-PA,201,0,193,0,0,193,T
3-PA,202,1,0,0,197,198,C
3-PA,203,2,0,0,200,202,C
3-PA,204,204,0,0,0,204,A
3-PA,205,201,0,0,0,201,A
3-PA,206,206,0,0,0,206,A
3-PA,207,0,206,0,0,206,T
3-PA,208,0,3,205,0,208,G
3-PA,209,0,0,0,206,206,C
3-PA,210,202,0,1,0,203,A
3-PA,211,0,0,0,208,208,C
3-PA,212,1,205,0,0,206,T
3-PA,213,0,0,230,0,230,G
3-PA,214,0,230,0,0,230,T
3-PA,215,0,230,0,0,230,T
3-PA,216,229,0,0,0,229,A
3-PA,217,228,0,0,0,228,A
3-PA,218,227,0,0,0,227,A
3-PA,219,0,1,226,0,227,G
3-PA,220,0,0,0,224,224,C
3-PA,221,222,0,0,0,222,A
3-PA,222,0,0,0,221,221,C
3-PA,223,205,0,0,0,205,A
3-PA,224,0,0,220,0,220,G
3-PA,225,221,0,0,0,221,A
3-PA,226,0,219,0,0,219,T
3-PA,227,0,220,0,0,220,T
3-PA,228,0,219,0,0,219,T
3-PA,229,0,2,218,0,220,G
3-PA,230,219,0,0,0,219,A
3-PA,231,219,0,0,0,219,A
3-PA,232,218,0,0,0,218,A
3-PA,233,0,215,0,0,215,T
3-PA,234,214,0,0,0,214,A
3-PA,235,218,0,0,0,218,A
3-PA,236,0,217,0,0,217,T
3-PA,237,0,0,0,218,218,C
3-PA,238,0,4,213,0,217,G
3-PA,239,218,0,0,0,218,A
3-PA,240,0,1,217,0,218,G
3-PA,241,0,1,226,0,227,G
3-PA,242,0,1,226,0,227,G
3-PA,243,0,0,229,0,229,G
3-PA,244,227,0,0,0,227,A
3-PA,245,0,2,224,0,226,G
3-PA,246,230,0,0,0,230,A
3-PA,247,0,0,231,0,231,G
3-PA,248,229,0,0,0,229,A
3-PA,249,0,0,0,230,230,C
3-PA,250,222,0,0,0,222,A
3-PA,251,0,2,225,0,227,G
3-PA,252,228,0,0,0,228,A
3-PA,253,231,0,0,0,231,A
3-PA,254,0,0,0,230,230,C
3-PA,255,226,0,0,0,226,A
3-PA,256,224,0,1,0,225,A
3-PA,257,0,225,0,0,225,T
3-PA,258,1,3,231,0,235,G
3-PA,259,0,0,236,0,236,G
3-PA,260,0,0,0,236,236,C
3-PA,261,0,0,0,237,237,C
3-PA,262,0,235,0,0,235,T
3-PA,263,0,2,241,0,243,G
3-PA,264,0,0,243,0,243,G
3-PA,265,242,1,0,0,243,A
3-PA,266,1,0,0,243,244,C
3-PA,267,240,0,0,0,240,A
3-PA,268,0,0,283,0,283,G
3-PA,269,0,282,0,0,282,T
3-PA,270,284,0,0,0,284,A
3-PA,271,0,0,284,0,284,G
3-PA,272,0,276,0,0,276,T
3-PA,273,277,0,0,0,277,A
3-PA,274,278,0,0,0,278,A
3-PA,275,276,0,0,0,276,A
3-PA,276,0,0,0,278,278,C
3-PA,277,249,0,0,0,249,A
3-PA,278,0,0,254,0,254,G
3-PA,279,0,252,0,0,252,T
3-PA,280,256,0,0,0,256,A
3-PA,281,0,256,0,0,256,T
3-PA,282,1,0,0,260,261,C
3-PA,283,0,260,0,0,260,T
3-PA,284,1,1,254,0,256,G
3-PA,285,0,0,0,257,257,C
3-PA,286,254,0,0,0,254,A
3-PA,287,252,0,0,0,252,A
3-PA,288,0,0,1,253,254,C
3-PA,289,253,0,0,0,253,A
3-PA,290,0,0,0,272,272,C
3-PA,291,0,268,0,1,269,T
3-PA,292,271,0,0,0,271,A
3-PA,293,1,0,0,268,269,C
3-PA,294,1,267,0,0,268,T
3-PA,295,0,3,264,0,267,G
3-PA,296,0,1,267,0,268,G
3-PA,297,270,0,0,0,270,A
3-PA,298,0,0,269,0,269,G
3-PA,299,0,0,0,265,265,C
3-PA,300,0,262,0,0,262,T
3-PA,301,0,0,260,0,260,G
3-PA,302,0,1,259,0,260,G
3-PA,303,0,1,257,0,258,G
3-PA,304,264,0,0,0,264,A
3-PA,305,263,0,0,0,263,A
3-PA,306,266,0,0,0,266,A
3-PA,307,1,0,0,262,263,C
3-PA,308,2,0,0,262,264,C
3-PA,309,2,1,264,0,267,G
3-PA,310,267,0,0,0,267,A
3-PA,311,267,0,0,0,267,A
3-PA,312,0,0,268,0,268,G
3-PA,313,0,268,0,0,268,T
3-PA,314,0,267,0,0,267,T
3-PA,315,0,270,0,0,270,T
3-PA,316,1,0,0,270,271,C
3-PA,317,0,273,0,0,273,T
3-PA,318,274,0,0,0,274,A
3-PA,319,0,0,0,273,273,C
3-PA,320,2,0,0,270,272,C
3-PA,321,269,0,0,0,269,A
3-PA,322,0,0,275,0,275,G
3-PA,323,273,0,0,0,273,A
3-PA,324,0,272,0,1,273,T
3-PA,325,0,271,0,0,271,T
3-PA,326,0,270,0,0,270,T
3-PA,327,0,0,270,0,270,G
3-PA,328,0,268,0,0,268,T
3-PA,329,270,0,0,0,270,A
3-PA,330,0,268,0,0,268,T
3-PA,331,0,2,264,0,266,G
3-PA,332,276,0,0,0,276,A
3-PA,333,0,277,0,0,277,T
3-PA,334,0,277,0,0,277,T
3-PA,335,278,0,0,0,278,A
3-PA,336,0,1,0,276,277,C
3-PA,337,276,0,0,0,276,A
3-PA,338,277,0,0,0,277,A
3-PA,339,0,2,278,0,280,G
3-PA,340,0,0,279,0,279,G
3-PA,341,272,0,0,0,272,A
3-PA,342,0,1,276,0,277,G
3-PA,343,276,0,0,0,276,A
3-PA,344,276,0,0,0,276,A
3-PA,345,1,0,0,274,275,C
3-PA,346,275,0,0,0,275,A
3-PA,347,0,1,276,0,277,G
3-PA,348,274,0,0,0,274,A
3-PA,349,0,271,0,0,271,T
3-PA,350,0,271,0,0,271,T
3-PA,351,0,0,0,267,267,C
3-PA,352,269,0,0,0,269,A
3-PA,353,0,269,0,0,269,T
3-PA,354,0,0,0,268,268,C
3-PA,355,1,2,265,0,268,G
3-PA,356,267,0,0,0,267,A
3-PA,357,269,0,0,0,269,A
3-PA,358,269,0,0,0,269,A
3-PA,359,0,267,1,0,268,T
3-PA,360,0,265,0,0,265,T
3-PA,361,0,1,263,0,264,G
3-PA,362,0,0,262,0,262,G
3-PA,363,0,1,264,0,265,G
3-PA,364,0,0,265,0,265,G
3-PA,365,1,262,0,0,263,T
3-PA,366,0,2,265,0,267,G
3-PA,367,266,0,0,0,266,A
3-PA,368,0,0,0,269,269,C
3-PA,369,267,0,0,0,267,A
3-PA,370,267,0,0,0,267,A
3-PA,371,0,0,271,0,271,G
3-PA,372,0,1,270,0,271,G
3-PA,373,266,0,1,0,267,A
3-PA,374,0,1,268,0,269,G
3-PA,375,264,0,0,0,264,A
3-PA,376,0,1,262,0,263,G
3-PA,377,260,0,1,0,261,A
3-PA,378,262,0,1,0,263,A
3-PA,379,0,0,270,0,270,G
3-PA,380,1,261,0,0,262,T
3-PA,381,1,0,0,264,265,C
3-PA,382,2,0,0,261,263,C
3-PA,383,265,0,0,0,265,A
3-PA,384,0,0,0,270,270,C
3-PA,385,272,0,0,0,272,A
3-PA,386,0,277,0,0,277,T
3-PA,387,277,0,0,0,277,A
3-PA,388,0,272,0,0,272,T
3-PA,389,268,0,0,0,268,A
3-PA,390,0,263,0,0,263,T
3-PA,391,1,262,0,0,263,T
3-PA,392,269,0,0,0,269,A
3-PA,393,0,0,0,266,266,C
3-PA,394,1,0,0,257,258,C
3-PA,395,0,255,0,0,255,T
3-PA,396,0,254,0,0,254,T
3-PA,397,0,0,257,0,257,G
3-PA,398,256,0,0,0,256,A
3-PA,399,258,0,0,0,258,A
3-PA,400,257,0,0,0,257,A
3-PA,401,249,0,0,0,249,A
3-PA,402,23,0,228,0,251,G
3-PA,403,0,0,253,0,253,G
3-PA,404,0,0,0,249,249,C
3-PA,405,0,0,0,251,251,C
3-PA,406,250,1,0,0,251,A
3-PA,407,252,0,0,0,252,A
3-PA,408,0,252,0,0,252,T
3-PA,409,252,0,0,0,252,A
3-PA,410,251,0,0,0,251,A
3-PA,411,0,2,253,0,255,G
3-PA,412,255,0,0,0,255,A
3-PA,413,0,254,0,0,254,T
3-PA,414,0,251,1,0,252,T
3-PA,415,252,0,0,0,252,A
3-PA,416,254,0,0,0,254,A
3-PA,417,254,0,0,0,254,A
3-PA,418,0,251,0,0,251,T
3-PA,419,1,0,0,251,252,C
3-PA,420,0,251,0,0,251,T
3-PA,421,0,0,255,0,255,G
3-PA,422,256,0,0,0,256,A
3-PA,423,0,0,264,0,264,G
3-PA,424,263,0,0,0,263,A
3-PA,425,263,0,0,0,263,A
3-PA,426,0,0,0,263,263,C
3-PA,427,261,0,0,0,261,A
3-PA,428,0,0,0,261,261,C
3-PA,429,260,0,1,0,261,A
3-PA,430,0,0,0,263,263,C
3-PA,431,258,0,0,0,258,A
3-PA,432,0,0,0,266,266,C
3-PA,433,267,0,0,0,267,A
3-PA,434,0,262,0,0,262,T
3-PA,435,0,262,0,0,262,T
3-PA,436,4,0,0,258,262,C
3-PA,437,262,0,0,0,262,A
3-PA,438,0,0,0,265,265,C
3-PA,439,264,0,0,0,264,A
3-PA,440,0,263,0,0,263,T
3-PA,441,0,256,0,0,256,T
3-PA,442,0,258,0,0,258,T
3-PA,443,0,256,0,1,257,T
3-PA,444,0,0,0,260,260,C
3-PA,445,0,259,0,1,260,T
3-PA,446,2,0,0,260,262,C
3-PA,447,264,0,0,0,264,A
3-PA,448,0,264,0,0,264,T
3-PA,449,0,267,0,0,267,T
3-PA,450,0,0,0,266,266,C
3-PA,451,264,0,0,0,264,A
3-PA,452,0,0,0,264,264,C
3-PA,453,0,265,0,0,265,T
3-PA,454,0,1,263,0,264,G
3-PA,455,0,2,263,0,265,G
3-PA,456,257,0,1,0,258,A
3-PA,457,0,1,259,0,260,G
3-PA,458,259,0,0,0,259,A
3-PA,459,0,0,261,0,261,G
3-PA,460,0,1,262,0,263,G
3-PA,461,258,0,0,0,258,A
3-PA,462,259,0,0,0,259,A
3-PA,463,256,0,0,0,256,A
3-PA,464,0,253,0,0,253,T
3-PA,465,0,0,255,0,255,G
3-PA,466,0,0,255,0,255,G
3-PA,467,1,0,0,254,255,C
3-PA,468,0,0,0,254,254,C
3-PA,469,257,0,0,0,257,A
3-PA,470,0,0,0,257,257,C
3-PA,471,258,0,0,0,258,A
3-PA,472,258,0,0,0,258,A
3-PA,473,259,0,0,0,259,A
3-PA,474,0,1,262,0,263,G
3-PA,475,0,0,263,0,263,G
3-PA,476,0,0,0,260,260,C
3-PA,477,262,0,0,0,262,A
3-PA,478,1,0,265,0,266,G
3-PA,479,266,0,0,0,266,A
3-PA,480,0,0,0,269,269,C
3-PA,481,0,269,0,0,269,T
3-PA,482,271,0,0,0,271,A
3-PA,483,0,0,0,269,269,C
3-PA,484,267,0,1,0,268,A
3-PA,485,0,0,0,269,269,C
3-PA,486,0,258,0,0,258,T
3-PA,487,0,0,0,258,258,C
3-PA,488,0,259,0,0,259,T
3-PA,489,0,0,0,252,252,C
3-PA,490,0,2,250,0,252,G
3-PA,491,253,0,0,0,253,A
3-PA,492,0,0,1,252,253,C
3-PA,493,0,0,253,0,253,G
3-PA,494,253,0,0,0,253,A
3-PA,495,0,1,251,0,252,G
3-PA,496,0,1,251,0,252,G
3-PA,497,249,0,0,0,249,A
3-PA,498,249,0,0,0,249,A
3-PA,499,248,0,1,0,249,A
3-PA,500,0,0,249,0,249,G
3-PA,501,0,0,0,247,247,C
3-PA,502,247,0,0,0,247,A
3-PA,503,0,2,247,0,249,G
3-PA,504,0,2,244,0,246,G
3-PA,505,1,0,246,0,247,G
3-PA,506,0,0,0,247,247,C
3-PA,507,0,244,1,0,245,T
3-PA,508,244,0,0,0,244,A
3-PA,509,0,0,248,0,248,G
3-PA,510,0,1,255,0,256,G
3-PA,511,260,0,0,0,260,A
3-PA,512,0,254,0,0,254,T
3-PA,513,0,250,0,0,250,T
3-PA,514,246,0,0,0,246,A
3-PA,515,252,0,0,0,252,A
3-PA,516,0,1,253,0,254,G
3-PA,517,254,0,0,0,254,A
3-PA,518,0,0,0,255,255,C
3-PA,519,1,0,0,236,237,C
3-PA,520,232,0,0,0,232,A
3-PA,521,0,0,234,0,234,G
3-PA,522,0,0,234,0,234,G
3-PA,523,0,8,0,227,235,C
3-PA,524,0,232,0,0,232,T
3-PA,525,0,0,235,0,235,G
3-PA,526,0,234,0,0,234,T
3-PA,527,0,232,0,0,232,T
3-PA,528,0,232,0,0,232,T
3-PA,529,231,0,0,0,231,A
3-PA,530,0,0,0,232,232,C
3-PA,531,0,0,0,224,224,C
3-PA,532,220,0,0,0,220,A
3-PA,533,0,218,0,0,218,T
3-PA,534,210,0,0,0,210,A
3-PA,535,209,1,0,0,210,A
3-PA,536,0,1,212,0,213,G
3-PA,537,213,0,0,0,213,A
3-PA,538,0,0,0,210,210,C
3-PA,539,204,0,0,0,204,A
3-PA,540,204,0,1,0,205,A
3-PA,541,0,2,206,0,208,G
3-PA,542,206,0,0,0,206,A
3-PA,543,208,0,0,0,208,A
3-PA,544,208,0,0,0,208,A
3-PA,545,0,198,0,0,198,T
3-PA,546,0,1,201,0,202,G
3-PA,547,1,0,203,0,204,G
3-PA,548,0,0,0,204,204,C
3-PA,549,2,0,0,203,205,C
3-PA,550,202,0,0,0,202,A
3-PA,551,207,0,0,0,207,A
3-PA,552,0,0,0,209,209,C
3-PA,553,208,0,0,0,208,A
3-PA,554,0,0,208,0,208,G
3-PA,555,203,0,0,0,203,A
3-PA,556,0,1,209,0,210,G
3-PA,557,0,0,210,0,210,G
3-PA,558,0,0,0,208,208,C
3-PA,559,0,0,0,210,210,C
3-PA,560,0,202,0,0,202,T
3-PA,561,202,0,0,0,202,A
3-PA,562,0,209,0,0,209,T
3-PA,563,0,1,208,0,209,G
3-PA,564,0,0,210,0,210,G
3-PA,565,0,1,203,0,204,G
3-PA,566,200,0,0,0,200,A
3-PA,567,0,198,0,0,198,T
3-PA,568,0,194,0,0,194,T
3-PA,569,0,0,0,234,234,C
3-PA,570,2,0,0,228,230,C
3-PA,571,0,226,0,0,226,T
3-PA,572,0,228,0,0,228,T
3-PA,573,0,232,0,0,232,T
3-PA,574,0,0,0,235,235,C
3-PA,575,2,1,232,0,235,G
3-PA,576,0,234,0,0,234,T
3-PA,577,0,0,0,235,235,C
3-PA,578,225,0,0,0,225,A
3-PA,579,0,0,271,0,271,G
3-PA,580,0,270,0,0,270,T
3-PA,581,1,0,0,270,271,C
3-PA,582,0,1,0,272,273,C
3-PA,583,0,1,273,0,274,G
3-PA,584,276,0,0,0,276,A
3-PA,585,276,0,0,0,276,A
3-PA,586,276,0,0,0,276,A
3-PA,587,0,2,276,0,278,G
3-PA,588,273,0,1,0,274,A
3-PA,589,0,1,280,0,281,G
3-PA,590,0,1,284,0,285,G
3-PA,591,1,0,0,285,286,C
3-PA,592,0,1,286,0,287,G
3-PA,593,288,0,0,0,288,A
3-PA,594,289,0,1,0,290,A
3-PA,595,1,1,292,0,294,G
3-PA,596,295,0,0,0,295,A
3-PA,597,293,0,1,0,294,A
3-PA,598,293,0,0,0,293,A
3-PA,599,0,0,0,292,292,C
3-PA,600,291,0,0,0,291,A
3-PA,601,289,1,0,0,290,A
3-PA,602,0,290,0,0,290,T
3-PA,603,0,290,0,0,290,T
3-PA,604,0,1,291,0,292,G
3-PA,605,290,0,0,0,290,A
3-PA,606,289,0,0,0,289,A
3-PA,607,0,0,290,0,290,G
3-PA,608,285,1,0,0,286,A
3-PA,609,286,0,0,0,286,A
3-PA,610,284,0,3,0,287,A
3-PA,611,287,0,0,0,287,A
3-PA,612,288,0,0,0,288,A
3-PA,613,0,286,0,0,286,T
3-PA,614,0,287,0,0,287,T
3-PA,615,0,290,0,0,290,T
3-PA,616,0,1,290,1,292,G
3-PA,617,291,1,0,0,292,A
3-PA,618,291,0,1,0,292,A
3-PA,619,292,0,0,0,292,A
3-PA,620,0,305,0,0,305,T
3-PA,621,0,0,0,350,350,C
3-PA,622,351,0,0,0,351,A
3-PA,623,0,0,0,361,361,C
3-PA,624,358,0,1,0,359,A
3-PA,625,0,0,373,0,373,G
3-PA,626,0,6,388,0,394,G
3-PA,627,405,0,1,0,406,A
3-PA,628,411,0,0,0,411,A
3-PA,629,1,0,0,412,413,C
3-PA,630,0,404,0,0,404,T
3-PA,631,453,0,0,0,453,A
3-PA,632,0,460,0,0,460,T
3-PA,633,1,0,475,0,476,G
3-PA,634,1,0,0,474,475,C
3-PA,635,0,1,474,0,475,G
3-PA,636,1,471,0,0,472,T
3-PA,637,466,0,0,0,466,A
3-PA,638,0,4,473,0,477,G
3-PA,639,1,0,474,0,475,G
3-PA,640,0,0,0,474,474,C
3-PA,641,0,474,0,0,474,T
3-PA,642,0,465,0,0,465,T
3-PA,643,0,0,468,0,468,G
3-PA,644,1,0,0,466,467,C
3-PA,645,3,0,0,468,471,C
3-PA,646,2,1,475,0,478,G
3-PA,647,480,0,0,0,480,A
3-PA,648,0,0,0,484,484,C
3-PA,649,2,0,0,481,483,C
3-PA,650,488,0,0,1,489,A
3-PA,651,488,0,0,1,489,A
3-PA,652,489,0,0,1,490,A
3-PA,653,2,0,507,0,509,G
3-PA,654,0,507,0,0,507,T
3-PA,655,2,0,0,504,506,C
3-PA,656,0,502,0,1,503,T
3-PA,657,1,1,0,504,506,C
3-PA,658,0,0,0,507,507,C
3-PA,659,3,0,0,505,508,C
3-PA,660,510,0,0,0,510,A
3-PA,661,1,0,0,514,515,C
3-PA,662,2,1,0,506,509,C
3-PA,663,1,8,512,0,521,G
3-PA,664,531,0,0,0,531,A
3-PA,665,530,0,0,0,530,A
3-PA,666,0,0,0,540,540,C
3-PA,667,0,531,0,0,531,T
3-PA,668,0,552,0,0,552,T
3-PA,669,1,0,0,561,562,C
3-PA,670,0,558,0,0,558,T
3-PA,671,2,0,0,557,559,C
3-PA,672,0,0,0,559,559,C
3-PA,673,0,558,0,0,558,T
3-PA,674,0,2,566,0,568,G
3-PA,675,0,0,0,567,567,C
3-PA,676,3,0,0,566,569,C
3-PA,677,0,559,0,0,559,T
3-PA,678,0,555,0,5,560,T
3-PA,679,0,3,559,0,562,G
3-PA,680,562,0,0,0,562,A
3-PA,681,0,1,569,0,570,G
3-PA,682,570,0,0,0,570,A
3-PA,683,579,0,0,0,579,A
3-PA,684,0,591,0,0,591,T
3-PA,685,0,591,0,0,591,T
3-PA,686,0,590,0,0,590,T
3-PA,687,0,591,0,1,592,T
3-PA,688,590,0,0,0,590,A
3-PA,689,0,4,588,0,592,G
3-PA,690,587,0,2,0,589,A
3-PA,691,0,1,617,0,618,G
3-PA,692,1,0,0,624,625,C
3-PA,693,1,0,0,631,632,C
3-PA,694,0,641,0,0,641,T
3-PA,695,667,0,0,0,667,A
3-PA,696,0,670,0,0,670,T
3-PA,697,0,1,673,0,674,G
3-PA,698,1,671,0,2,674,T
3-PA,699,0,1,676,0,677,G
3-PA,700,0,2,673,0,675,G
3-PA,701,669,0,2,0,671,A
3-PA,702,1,664,0,0,665,T
3-PA,703,0,1,655,0,656,G
3-PA,704,0,3,681,0,684,G
3-PA,705,679,0,1,0,680,A
3-PA,706,0,677,0,0,677,T
3-PA,707,0,675,0,0,675,T
3-PA,708,3,0,0,670,673,C
3-PA,709,2,4,677,0,683,G
3-PA,710,687,1,0,0,688,A
3-PA,711,684,0,2,0,686,A
3-PA,712,0,0,0,697,697,C
3-PA,713,5,2,0,666,673,C
3-PA,714,0,4,673,0,677,G
3-PA,715,675,0,0,0,675,A
3-PA,716,675,0,1,0,676,A
3-PA,717,1,3,0,684,688,C
3-PA,718,1,3,679,0,683,G
3-PA,719,0,2,707,0,709,G
3-PA,720,0,0,0,712,712,C
3-PA,721,1,708,0,1,710,T
3-PA,722,0,0,740,0,740,G
3-PA,723,0,0,0,746,746,C
3-PA,724,753,0,0,0,753,A
3-PA,725,0,752,0,1,753,T
3-PA,726,0,744,0,0,744,T
3-PA,727,0,0,748,0,748,G
3-PA,728,733,0,0,0,733,A
3-PA,729,0,6,739,0,745,G
3-PA,730,0,5,738,0,743,G
3-PA,731,0,1,738,0,739,G
3-PA,732,0,0,0,738,738,C
3-PA,733,732,0,0,0,732,A
3-PA,734,733,0,1,1,735,A
3-PA,735,2,0,747,0,749,G
3-PA,736,1,0,0,746,747,C
3-PA,737,0,747,0,0,747,T
3-PA,738,0,743,0,1,744,T
3-PA,739,0,752,0,0,752,T
3-PA,740,2,0,0,747,749,C
3-PA,741,0,752,0,0,752,T
3-PA,742,2,0,0,757,759,C
3-PA,743,756,0,0,0,756,A
3-PA,744,747,0,4,0,751,A
3-PA,745,751,0,0,1,752,A
3-PA,746,0,760,0,0,760,T
3-PA,747,0,0,784,0,784,G
3-PA,748,0,782,0,1,783,T
3-PA,749,2,0,0,783,785,C
3-PA,750,2,0,0,786,788,C
3-PA,751,785,0,0,0,785,A
3-PA,752,789,0,0,0,789,A
3-PA,753,788,0,1,0,789,A
3-PA,754,0,3,793,0,796,G
3-PA,755,794,0,0,0,794,A
3-PA,756,779,0,0,1,780,A
3-PA,757,1,3,781,0,785,G
3-PA,758,0,780,0,0,780,T
3-PA,759,1,4,773,0,778,G
3-PA,760,776,0,0,1,777,A
3-PA,761,776,0,0,0,776,A
3-PA,762,0,780,0,0,780,T
3-PA,763,0,1,781,0,782,G
3-PA,764,1,1,0,782,784,C
3-PA,765,2,0,1,783,786,C
3-PA,766,1,0,0,783,784,C
3-PA,767,790,0,0,0,790,A
3-PA,768,799,1,0,0,800,A
3-PA,769,804,0,0,0,804,A
3-PA,770,0,804,0,0,804,T
3-PA,771,1,802,0,0,803,T
3-PA,772,0,4,798,0,802,G
3-PA,773,794,0,0,0,794,A
3-PA,774,792,0,2,0,794,A
3-PA,775,0,0,0,803,803,C
3-PA,776,2,1,0,802,805,C
3-PA,777,0,792,0,0,792,T
3-PA,778,0,811,0,1,812,T
3-PA,779,0,815,0,0,815,T
3-PA,780,0,831,0,0,831,T
3-PA,781,2,0,0,833,835,C
3-PA,782,0,834,0,0,834,T
3-PA,783,1,3,835,0,839,G
3-PA,784,837,0,0,0,837,A
3-PA,785,842,0,2,0,844,A
3-PA,786,0,5,848,0,853,G
3-PA,787,833,0,0,0,833,A
3-PA,788,1,0,0,838,839,C
3-PA,789,826,0,0,0,826,A
3-PA,790,839,0,1,0,840,A
3-PA,791,0,0,0,937,937,C
3-PA,792,944,0,0,0,944,A
3-PA,793,0,1,0,938,939,C
3-PA,794,9,1,0,917,927,C
3-PA,795,922,1,0,0,923,A
3-PA,796,923,0,0,0,923,A
3-PA,797,0,7,922,0,929,G
3-PA,798,932,0,0,0,932,A
3-PA,799,1,0,1,932,934,C
3-PA,800,5,1,0,876,882,C
3-PA,801,877,0,0,0,877,A
3-PA,802,878,0,0,0,878,A
3-PA,803,0,878,0,0,878,T
3-PA,804,6,0,0,877,883,C
3-PA,805,876,0,0,0,876,A
3-PA,806,877,0,0,0,877,A
3-PA,807,878,0,1,0,879,A
3-PA,808,4,0,0,895,899,C
3-PA,809,0,886,0,2,888,T
3-PA,810,0,892,0,0,892,T
3-PA,811,2,0,0,894,896,C
3-PA,812,2,1,0,889,892,C
3-PA,813,0,0,900,0,900,G
3-PA,814,901,1,0,0,902,A
3-PA,815,904,0,0,0,904,A
3-PA,816,0,907,0,0,907,T
3-PA,817,0,10,890,0,900,G
3-PA,818,2,6,899,0,907,G
3-PA,819,912,0,1,0,913,A
3-PA,820,1,0,1,914,916,C
3-PA,821,5,0,0,908,913,C
3-PA,822,0,937,0,0,937,T
3-PA,823,2,0,0,955,957,C
3-PA,824,1,1,0,954,956,C
3-PA,825,0,956,0,1,957,T
3-PA,826,0,954,1,2,957,T
3-PA,827,0,1,997,1,999,G
3-PA,828,0,990,0,0,990,T
3-PA,829,0,985,0,0,985,T
3-PA,830,989,0,0,0,989,A
3-PA,831,1,963,0,0,964,T
3-PA,832,2,0,0,952,954,C
3-PA,833,934,0,0,1,935,A
3-PA,834,1,6,930,0,937,G
3-PA,835,1,2,0,929,932,C
3-PA,836,0,3,909,1,913,G
3-PA,837,1,0,944,0,945,G
3-PA,838,0,947,0,2,949,T
3-PA,839,3,0,0,947,950,C
3-PA,840,5,0,0,943,948,C
3-PA,841,956,0,0,0,956,A
3-PA,842,958,0,0,0,958,A
3-PA,843,958,0,0,0,958,A
3-PA,844,1,956,0,1,958,T
3-PA,845,0,958,0,0,958,T
3-PA,846,4,1,0,960,965,C
3-PA,847,4,0,0,955,959,C
3-PA,848,0,962,0,0,962,T
3-PA,849,3,0,0,964,967,C
3-PA,850,4,0,0,966,970,C
3-PA,851,2,961,0,1,964,T
3-PA,852,1,0,973,0,974,G
3-PA,853,972,1,2,0,975,A
3-PA,854,0,977,0,0,977,T
3-PA,855,0,6,962,0,968,G
3-PA,856,2,0,959,1,962,G
3-PA,857,961,0,1,0,962,A
3-PA,858,0,947,0,0,947,T
3-PA,859,0,0,951,0,951,G
3-PA,860,0,0,0,993,993,C
3-PA,861,0,987,0,0,987,T
3-PA,862,0,991,0,0,991,T
3-PA,863,0,990,0,0,990,T
3-PA,864,992,0,0,0,992,A
3-PA,865,994,0,0,0,994,A
3-PA,866,992,0,1,0,993,A
3-PA,867,998,0,0,0,998,A
3-PA,868,0,1001,0,0,1001,T
3-PA,869,0,941,0,0,941,T
3-PA,870,0,4,940,0,944,G
3-PA,871,938,1,0,0,939,A
3-PA,872,1,1,947,0,949,G
3-PA,873,0,0,0,950,950,C
3-PA,874,948,1,0,0,949,A
3-PA,875,0,967,0,1,968,T
3-PA,876,0,965,0,0,965,T
3-PA,877,0,4,961,0,965,G
3-PA,878,966,0,1,0,967,A
3-PA,879,964,0,1,0,965,A
3-PA,880,0,5,964,0,969,G
3-PA,881,958,0,0,0,958,A
3-PA,882,1,0,0,958,959,C
3-PA,883,2,1,2,954,959,C
3-PA,884,10,0,0,940,950,C
3-PA,885,952,0,1,0,953,A
3-PA,886,960,0,0,0,960,A
3-PA,887,0,0,964,0,964,G
3-PA,888,1,960,3,1,965,T
3-PA,889,9,1,0,952,962,C
3-PA,890,966,0,1,0,967,A
3-PA,891,1,1,0,960,962,C
3-PA,892,2,5,951,0,958,G
3-PA,893,975,0,0,0,975,A
3-PA,894,968,1,2,0,971,A
3-PA,895,0,5,984,0,989,G
3-PA,896,1,2,982,0,985,G
3-PA,897,979,0,0,0,979,A
3-PA,898,0,3,987,0,990,G
3-PA,899,988,0,1,0,989,A
3-PA,900,987,0,0,0,987,A
3-PA,901,0,2,992,0,994,G
3-PA,902,0,4,979,1,984,G
3-PA,903,0,4,981,1,986,G
3-PA,904,958,0,0,0,958,A
3-PA,905,0,959,0,0,959,T
3-PA,906,1,0,0,961,962,C
3-PA,907,1,1,0,1035,1037,C
3-PA,908,4,0,0,1047,1051,C
3-PA,909,1060,0,0,0,1060,A
3-PA,910,0,1056,1,1,1058,T
3-PA,911,0,1070,0,0,1070,T
3-PA,912,1087,0,0,0,1087,A
3-PA,913,1,1085,0,1,1087,T
3-PA,914,1085,0,0,0,1085,A
3-PA,915,0,1081,0,1,1082,T
3-PA,916,0,8,947,0,955,G
3-PA,917,958,0,0,0,958,A
3-PA,918,1,941,0,0,942,T
3-PA,919,0,0,954,0,954,G
3-PA,920,1,5,0,938,944,C
3-PA,921,0,5,930,0,935,G
3-PA,922,938,0,1,0,939,A
3-PA,923,0,939,0,1,940,T
3-PA,924,4,0,0,938,942,C
3-PA,925,938,0,0,0,938,A
3-PA,926,938,0,1,0,939,A
3-PA,927,0,1,941,0,942,G
3-PA,928,1,930,0,0,931,T
3-PA,929,0,2,942,0,944,G
3-PA,930,1,1,0,943,945,C
3-PA,931,944,0,0,0,944,A
3-PA,932,0,944,0,0,944,T
3-PA,933,942,0,0,0,942,A
3-PA,934,952,0,0,0,952,A
3-PA,935,951,0,0,0,951,A
3-PA,936,940,0,1,1,942,A
3-PA,937,946,0,0,0,946,A
3-PA,938,0,0,0,950,950,C
3-PA,939,937,0,1,0,938,A
3-PA,940,0,947,0,2,949,T
3-PA,941,0,950,0,0,950,T
3-PA,942,2,0,0,952,954,C
3-PA,943,0,935,0,4,939,T
3-PA,944,0,939,0,0,939,T
3-PA,945,0,939,0,0,939,T
3-PA,946,1,4,936,1,942,G
3-PA,947,3,0,938,0,941,G
3-PA,948,938,0,1,0,939,A
3-PA,949,0,936,0,0,936,T
3-PA,950,0,3,935,0,938,G
3-PA,951,0,2,954,1,957,G
3-PA,952,956,0,0,0,956,A
3-PA,953,958,0,1,0,959,A
3-PA,954,958,0,1,0,959,A
3-PA,955,0,5,973,0,978,G
3-PA,956,970,0,0,0,970,A
3-PA,957,1063,0,2,0,1065,A
3-PA,958,3,1,0,1076,1080,C
3-PA,959,4,1,0,1076,1081,C
3-PA,960,0,1068,0,0,1068,T
3-PA,961,0,1089,0,0,1089,T
3-PA,962,1097,0,0,0,1097,A
3-PA,963,0,1095,0,0,1095,T
3-PA,964,1083,0,2,0,1085,A
3-PA,965,0,1093,0,0,1093,T
3-PA,966,991,0,0,0,991,A
3-PA,967,0,3,1000,0,1003,G
3-PA,968,0,992,0,0,992,T
3-PA,969,8,0,0,984,992,C
3-PA,970,983,0,0,0,983,A
3-PA,971,990,0,0,0,990,A
3-PA,972,989,0,0,0,989,A
3-PA,973,2,0,1,998,1001,C
3-PA,974,4,0,0,986,990,C
3-PA,975,981,0,0,0,981,A
3-PA,976,0,0,0,984,984,C
3-PA,977,987,0,1,0,988,A
3-PA,978,0,2,0,989,991,C
3-PA,979,0,5,989,0,994,G
3-PA,980,991,0,0,0,991,A
3-PA,981,992,0,0,0,992,A
3-PA,982,986,0,1,0,987,A
3-PA,983,991,0,1,0,992,A
3-PA,984,0,3,997,0,1000,G
3-PA,985,0,3,986,0,989,G
3-PA,986,0,5,995,0,1000,G
3-PA,987,996,0,1,0,997,A
3-PA,988,997,0,1,0,998,A
3-PA,989,1,998,0,0,999,T
3-PA,990,1000,0,0,0,1000,A
3-PA,991,1000,0,0,0,1000,A
3-PA,992,1005,0,0,0,1005,A
3-PA,993,0,1006,0,1,1007,T
3-PA,994,0,1002,0,0,1002,T
3-PA,995,2,0,1,1011,1014,C
3-PA,996,1018,0,0,0,1018,A
3-PA,997,1019,0,0,0,1019,A
3-PA,998,1021,0,0,0,1021,A
3-PA,999,0,1024,0,0,1024,T
3-PA,1000,0,1019,0,0,1019,T
3-PA,1001,1035,0,2,0,1037,A
3-PA,1002,1,0,0,1035,1036,C
3-PA,1003,2,0,0,1033,1035,C
3-PA,1004,0,1034,0,0,1034,T
3-PA,1005,0,0,1040,0,1040,G
3-PA,1006,0,0,0,1038,1038,C
3-PA,1007,0,1041,0,0,1041,T
3-PA,1008,0,1,1063,0,1064,G
3-PA,1009,0,1066,0,1,1067,T
3-PA,1010,9,0,0,1062,1071,C
3-PA,1011,1067,0,2,0,1069,A
3-PA,1012,0,1065,0,0,1065,T
3-PA,1013,0,2,1062,0,1064,G
3-PA,1014,1,2,1077,0,1080,G
3-PA,1015,1077,0,0,0,1077,A
3-PA,1016,1076,0,0,0,1076,A
3-PA,1017,1045,0,1,0,1046,A
3-PA,1018,0,0,0,1081,1081,C
3-PA,1019,1082,0,0,0,1082,A
3-PA,1020,1080,0,2,0,1082,A
3-PA,1021,2,2,1085,0,1089,G
3-PA,1022,0,1087,0,1,1088,T
3-PA,1023,1086,0,0,0,1086,A
3-PA,1024,2,0,0,1084,1086,C
3-PA,1025,0,1065,0,1,1066,T
3-PA,1026,0,0,1079,0,1079,G
3-PA,1027,1,1071,0,0,1072,T
3-PA,1028,7,1,0,1068,1076,C
3-PA,1029,1073,0,1,0,1074,A
3-PA,1030,0,6,1087,0,1093,G
3-PA,1031,1091,0,0,0,1091,A
3-PA,1032,1095,0,0,0,1095,A
3-PA,1033,0,1108,0,0,1108,T
3-PA,1034,0,1097,0,0,1097,T
3-PA,1035,0,0,1099,0,1099,G
3-PA,1036,1,0,0,1092,1093,C
3-PA,1037,1089,0,0,0,1089,A
3-PA,1038,0,3,1086,0,1089,G
3-PA,1039,0,3,1081,0,1084,G
3-PA,1040,1084,0,1,0,1085,A
3-PA,1041,1,0,0,1077,1078,C
3-PA,1042,0,0,1054,0,1054,G
3-PA,1043,0,1071,0,2,1073,T
3-PA,1044,0,1072,0,0,1072,T
3-PA,1045,0,2,1075,0,1077,G
3-PA,1046,1080,0,1,0,1081,A
3-PA,1047,1085,0,0,1,1086,A
3-PA,1048,1087,0,0,0,1087,A
3-PA,1049,1086,1,0,1,1088,A
3-PA,1050,0,1086,0,0,1086,T
3-PA,1051,0,2,1085,0,1087,G
3-PA,1052,1084,0,0,0,1084,A
3-PA,1053,1,2,1082,0,1085,G
3-PA,1054,0,6,1082,1,1089,G
3-PA,1055,1082,0,0,0,1082,A
3-PA,1056,0,1,1088,0,1089,G
3-PA,1057,1091,0,0,0,1091,A
3-PA,1058,1082,0,1,0,1083,A
3-PA,1059,0,5,1076,0,1081,G
3-PA,1060,1,0,1066,0,1067,G
3-PA,1061,0,1113,0,0,1113,T
3-PA,1062,0,1119,0,2,1121,T
3-PA,1063,5,0,0,1117,1122,C
3-PA,1064,5,0,0,1115,1120,C
3-PA,1065,1120,0,0,0,1120,A
3-PA,1066,1116,0,0,0,1116,A
3-PA,1067,0,4,1121,0,1125,G
3-PA,1068,2,5,1132,0,1139,G
3-PA,1069,1118,0,0,0,1118,A
3-PA,1070,1,0,0,1121,1122,C
3-PA,1071,0,1110,0,2,1112,T
3-PA,1072,1115,0,0,0,1115,A
3-PA,1073,1115,1,1,0,1117,A
3-PA,1074,1118,0,0,0,1118,A
3-PA,1075,1118,1,0,0,1119,A
3-PA,1076,1102,0,1,0,1103,A
3-PA,1077,0,0,0,1097,1097,C
3-PA,1078,1088,0,0,0,1088,A
3-PA,1079,0,1085,0,0,1085,T
3-PA,1080,0,3,1093,0,1096,G
3-PA,1081,1094,0,1,0,1095,A
3-PA,1082,1097,0,0,1,1098,A
3-PA,1083,0,2,1114,0,1116,G
3-PA,1084,1113,0,0,0,1113,A
3-PA,1085,1113,1,0,0,1114,A
3-PA,1086,1112,0,0,1,1113,A
3-PA,1087,1116,0,0,0,1116,A
3-PA,1088,2,3,0,1110,1115,C
3-PA,1089,2,8,1104,0,1114,G
3-PA,1090,1117,0,1,0,1118,A
3-PA,1091,0,0,1126,0,1126,G
3-PA,1092,0,1114,0,1,1115,T
3-PA,1093,11,0,0,1134,1145,C
3-PA,1094,1145,0,0,0,1145,A
3-PA,1095,1166,0,0,0,1166,A
3-PA,1096,3,0,1,1163,1167,C
3-PA,1097,1,1161,1,0,1163,T
3-PA,1098,2,7,1174,0,1183,G
3-PA,1099,1182,0,0,0,1182,A
3-PA,1100,1179,0,2,1,1182,A
3-PA,1101,0,1,1189,0,1190,G
3-PA,1102,1,1166,0,0,1167,T
3-PA,1103,0,5,1167,0,1172,G
3-PA,1104,0,3,1165,0,1168,G
3-PA,1105,1,1,1172,0,1174,G
3-PA,1106,0,0,0,1177,1177,C
3-PA,1107,0,1167,0,0,1167,T
3-PA,1108,5,0,0,1169,1174,C
3-PA,1109,0,1174,0,0,1174,T
3-PA,1110,0,1171,0,0,1171,T
3-PA,1111,0,5,1182,0,1187,G
3-PA,1112,0,4,1187,1,1192,G
3-PA,1113,0,1187,1,0,1188,T
3-PA,1114,3,9,1171,0,1183,G
3-PA,1115,1175,0,0,0,1175,A
3-PA,1116,1179,0,0,0,1179,A
3-PA,1117,1177,0,1,1,1179,A
3-PA,1118,1187,0,1,0,1188,A
3-PA,1119,0,0,0,1200,1200,C
3-PA,1120,1169,0,0,0,1169,A
3-PA,1121,0,1169,0,0,1169,T
3-PA,1122,0,4,1161,0,1165,G
3-PA,1123,0,1,1189,0,1190,G
3-PA,1124,0,2,0,1186,1188,C
3-PA,1125,1191,0,2,0,1193,A
3-PA,1126,2,0,0,1191,1193,C
3-PA,1127,11,0,0,1191,1202,C
3-PA,1128,1213,0,1,0,1214,A
3-PA,1129,0,0,1226,0,1226,G
3-PA,1130,1222,0,1,0,1223,A
3-PA,1131,2,2,1226,0,1230,G
3-PA,1132,1227,0,0,0,1227,A
3-PA,1133,1223,0,5,0,1228,A
3-PA,1134,1,1,1227,0,1229,G
3-PA,1135,0,2,1219,0,1221,G
3-PA,1136,0,1216,0,0,1216,T
3-PA,1137,1198,0,0,0,1198,A
3-PA,1138,0,4,1193,1,1198,G
3-PA,1139,1195,0,0,0,1195,A
3-PA,1140,1,0,0,1201,1202,C
3-PA,1141,0,1175,0,1,1176,T
3-PA,1142,0,1177,0,0,1177,T
3-PA,1143,0,1176,0,1,1177,T
3-PA,1144,0,3,1179,0,1182,G
3-PA,1145,1180,0,2,0,1182,A
3-PA,1146,1186,0,0,1,1187,A
3-PA,1147,1184,0,0,0,1184,A
3-PA,1148,1185,0,0,0,1185,A
3-PA,1149,1,1,0,1203,1205,C
3-PA,1150,0,1190,0,0,1190,T
3-PA,1151,1,0,1207,0,1208,G
3-PA,1152,1,0,0,1204,1205,C
3-PA,1153,1203,0,1,0,1204,A
3-PA,1154,0,2,1208,0,1210,G
3-PA,1155,1201,0,2,0,1203,A
3-PA,1156,0,3,1260,1,1264,G
3-PA,1157,1265,0,1,0,1266,A
3-PA,1158,0,0,0,1255,1255,C
3-PA,1159,1249,0,0,0,1249,A
3-PA,1160,0,1242,0,0,1242,T
3-PA,1161,1238,0,0,1,1239,A
3-PA,1162,1234,1,1,0,1236,A
3-PA,1163,0,3,1235,1,1239,G
3-PA,1164,0,2,0,1237,1239,C
3-PA,1165,1,10,1203,0,1214,G
3-PA,1166,1224,1,1,0,1226,A
3-PA,1167,0,1207,0,2,1209,T
3-PA,1168,0,1216,0,0,1216,T
3-PA,1169,1,1215,0,2,1218,T
3-PA,1170,0,7,1220,0,1227,G
3-PA,1171,1224,1,1,0,1226,A
3-PA,1172,1224,0,0,0,1224,A
3-PA,1173,1,0,1231,0,1232,G
3-PA,1174,3,0,0,1258,1261,C
3-PA,1175,1246,0,0,0,1246,A
3-PA,1176,1320,0,7,0,1327,A
3-PA,1177,0,1327,0,0,1327,T
3-PA,1178,1332,1,0,0,1333,A
3-PA,1179,0,1334,0,0,1334,T
3-PA,1180,0,6,1340,0,1346,G
3-PA,1181,1356,1,0,0,1357,A
3-PA,1182,1,1355,0,1,1357,T
3-PA,1183,1322,0,0,0,1322,A
3-PA,1184,0,1,1334,0,1335,G
3-PA,1185,0,1276,0,1,1277,T
3-PA,1186,0,6,1272,0,1278,G
3-PA,1187,1275,0,1,0,1276,A
3-PA,1188,0,4,0,1267,1271,C
3-PA,1189,0,6,1262,0,1268,G
3-PA,1190,1269,0,0,0,1269,A
3-PA,1191,1270,0,3,0,1273,A
3-PA,1192,2,0,0,1283,1285,C
3-PA,1193,6,1,0,1279,1286,C
3-PA,1194,0,1277,0,1,1278,T
3-PA,1195,0,4,1321,0,1325,G
3-PA,1196,1310,0,7,1,1318,A
3-PA,1197,1324,1,0,0,1325,A
3-PA,1198,0,1324,0,0,1324,T
3-PA,1199,0,1315,0,0,1315,T
3-PA,1200,1316,0,0,0,1316,A
3-PA,1201,1295,0,1,0,1296,A
3-PA,1202,0,9,1290,0,1299,G
3-PA,1203,1,1,1298,0,1300,G
3-PA,1204,0,1272,0,0,1272,T
3-PA,1205,8,0,0,1259,1267,C
3-PA,1206,1271,0,0,0,1271,A
3-PA,1207,1,0,0,1324,1325,C
3-PA,1208,0,1319,0,3,1322,T
3-PA,1209,0,1321,0,0,1321,T
3-PA,1210,0,1321,0,2,1323,T
3-PA,1211,3,1,0,1321,1325,C
3-PA,1212,1322,0,2,0,1324,A
3-PA,1213,1325,0,0,0,1325,A
3-PA,1214,1,1,1337,0,1339,G
3-PA,1215,0,0,0,1341,1341,C
3-PA,1216,0,1312,0,1,1313,T
3-PA,1217,1,4,1348,0,1353,G
3-PA,1218,0,7,1351,0,1358,G
3-PA,1219,1370,0,0,0,1370,A
3-PA,1220,0,1386,0,0,1386,T
3-PA,1221,1388,0,1,0,1389,A
3-PA,1222,0,0,0,1403,1403,C
3-PA,1223,1376,1,1,0,1378,A
3-PA,1224,1,7,1388,0,1396,G
3-PA,1225,1392,0,1,0,1393,A
3-PA,1226,1382,0,0,0,1382,A
3-PA,1227,0,1360,0,0,1360,T
3-PA,1228,1,15,1353,0,1369,G
3-PA,1229,1357,0,0,0,1357,A
3-PA,1230,0,3,1370,0,1373,G
3-PA,1231,1,1364,0,2,1367,T
3-PA,1232,0,1364,0,0,1364,T
3-PA,1233,8,1,1,1390,1400,C
3-PA,1234,1411,0,1,0,1412,A
3-PA,1235,1411,0,0,2,1413,A
3-PA,1236,1,0,0,1413,1414,C
3-PA,1237,1392,0,0,0,1392,A
3-PA,1238,1397,0,0,0,1397,A
3-PA,1239,0,7,1392,0,1399,G
3-PA,1240,0,0,1410,1,1411,G
3-PA,1241,0,0,0,1414,1414,C
3-PA,1242,6,0,0,1407,1413,C
3-PA,1243,0,1389,0,4,1393,T
3-PA,1244,0,0,1411,0,1411,G
3-PA,1245,0,1406,0,0,1406,T
3-PA,1246,0,13,1397,0,1410,G
3-PA,1247,1402,0,2,0,1404,A
3-PA,1248,0,0,1409,0,1409,G
3-PA,1249,1,1,0,1397,1399,C
3-PA,1250,0,1375,0,0,1375,T
3-PA,1251,1415,0,1,0,1416,A
3-PA,1252,1418,0,0,0,1418,A
3-PA,1253,2,0,0,1419,1421,C
3-PA,1254,0,1411,0,2,1413,T
3-PA,1255,0,12,1397,3,1412,G
3-PA,1256,1408,0,0,0,1408,A
3-PA,1257,0,1406,0,0,1406,T
3-PA,1258,0,1412,0,0,1412,T
3-PA,1259,8,0,1,1409,1418,C
3-PA,1260,1439,2,0,0,1441,A
3-PA,1261,0,6,1470,0,1476,G
3-PA,1262,0,1471,0,1,1472,T
3-PA,1263,6,0,0,1465,1471,C
3-PA,1264,1,1450,1,5,1457,T
3-PA,1265,0,4,1496,0,1500,G
3-PA,1266,0,7,1499,0,1506,G
3-PA,1267,1501,2,0,0,1503,A
3-PA,1268,0,1504,2,2,1508,T
3-PA,1269,1432,0,3,0,1435,A
3-PA,1270,0,4,1440,0,1444,G
3-PA,1271,1415,0,3,0,1418,A
3-PA,1272,0,2,1419,0,1421,G
3-PA,1273,0,0,0,1421,1421,C
3-PA,1274,0,1402,0,0,1402,T
3-PA,1275,11,3,0,1395,1409,C
3-PA,1276,0,5,1409,0,1414,G
3-PA,1277,1410,1,1,0,1412,A
3-PA,1278,0,1415,0,0,1415,T
3-PA,1279,1,3,1408,0,1412,G
3-PA,1280,1431,0,0,0,1431,A
3-PA,1281,1429,0,0,0,1429,A
3-PA,1282,1439,0,0,0,1439,A
3-PA,1283,0,1438,0,2,1440,T
3-PA,1284,0,1435,0,0,1435,T
3-PA,1285,0,4,1442,0,1446,G
3-PA,1286,5,9,1429,1,1444,G
3-PA,1287,1442,0,1,0,1443,A
3-PA,1288,0,4,1441,0,1445,G
3-PA,1289,1423,0,0,0,1423,A
3-PA,1290,0,4,1433,0,1437,G
3-PA,1291,0,3,1446,0,1449,G
3-PA,1292,1462,1,1,0,1464,A
3-PA,1293,1,0,0,1466,1467,C
3-PA,1294,0,1,1450,0,1451,G
3-PA,1295,0,1454,0,1,1455,T
3-PA,1296,1470,0,0,0,1470,A
3-PA,1297,1,0,1477,0,1478,G
3-PA,1298,4,1,0,1484,1489,C
3-PA,1299,6,1,0,1476,1483,C
3-PA,1300,8,2,1,1452,1463,C
3-PA,1301,4,0,0,1458,1462,C
3-PA,1302,1458,1,1,0,1460,A
3-PA,1303,1511,0,0,0,1511,A
3-PA,1304,0,1509,0,0,1509,T
3-PA,1305,0,1493,0,0,1493,T
3-PA,1306,0,9,1475,0,1484,G
3-PA,1307,1453,0,0,0,1453,A
3-PA,1308,1,3,1453,0,1457,G
3-PA,1309,3,1,0,1451,1455,C
3-PA,1310,1436,0,1,0,1437,A
3-PA,1311,1,1,0,1465,1467,C
3-PA,1312,1427,0,0,0,1427,A
3-PA,1313,0,1468,0,3,1471,T
3-PA,1314,0,1470,0,1,1471,T
3-PA,1315,0,3,1473,0,1476,G
3-PA,1316,2,1,0,1470,1473,C
3-PA,1317,1465,1,2,0,1468,A
3-PA,1318,1466,1,0,0,1467,A
3-PA,1319,1,2,1467,0,1470,G
3-PA,1320,0,0,1,1461,1462,C
3-PA,1321,1461,0,0,0,1461,A
3-PA,1322,0,1423,0,1,1424,T
3-PA,1323,2,8,1422,0,1432,G
3-PA,1324,1422,0,2,0,1424,A
3-PA,1325,0,3,1423,1,1427,G
3-PA,1326,1424,0,0,0,1424,A
3-PA,1327,1426,0,1,0,1427,A
3-PA,1328,3,1,1417,0,1421,G
3-PA,1329,3,7,1417,0,1427,G
3-PA,1330,1425,1,1,0,1427,A
3-PA,1331,1424,0,0,0,1424,A
3-PA,1332,0,1430,0,0,1430,T
3-PA,1333,0,1425,0,0,1425,T
3-PA,1334,1429,0,0,0,1429,A
3-PA,1335,0,1444,0,0,1444,T
3-PA,1336,0,1439,0,1,1440,T
3-PA,1337,0,1450,0,0,1450,T
3-PA,1338,7,0,0,1430,1437,C
3-PA,1339,1434,0,0,0,1434,A
3-PA,1340,0,0,1,1479,1480,C
3-PA,1341,1475,0,0,0,1475,A
3-PA,1342,0,2,1487,0,1489,G
3-PA,1343,0,2,0,1488,1490,C
3-PA,1344,1473,1,2,0,1476,A
3-PA,1345,0,0,1488,0,1488,G
3-PA,1346,1485,0,0,0,1485,A
3-PA,1347,0,2,1502,0,1504,G
3-PA,1348,0,2,1506,0,1508,G
3-PA,1349,1,1449,0,2,1452,T
3-PA,1350,0,0,1477,0,1477,G
3-PA,1351,0,1464,1,0,1465,T
3-PA,1352,8,0,0,1454,1462,C
3-PA,1353,8,0,0,1483,1491,C
3-PA,1354,11,0,0,1468,1479,C
3-PA,1355,1494,0,0,0,1494,A
3-PA,1356,0,1504,0,1,1505,T
3-PA,1357,0,1495,0,0,1495,T
3-PA,1358,0,2,1504,0,1506,G
3-PA,1359,0,1477,0,1,1478,T
3-PA,1360,1466,0,0,0,1466,A
3-PA,1361,0,3,1467,0,1470,G
3-PA,1362,1426,0,1,0,1427,A
3-PA,1363,0,1,1432,1,1434,G
3-PA,1364,0,0,0,1421,1421,C
3-PA,1365,10,1,0,1390,1401,C
3-PA,1366,1424,0,1,0,1425,A
3-PA,1367,3,0,0,1422,1425,C
3-PA,1368,0,1417,0,0,1417,T
3-PA,1369,0,9,1413,0,1422,G
3-PA,1370,1413,0,1,0,1414,A
3-PA,1371,1391,0,0,1,1392,A
3-PA,1372,0,1425,0,0,1425,T
3-PA,1373,1441,0,2,0,1443,A
3-PA,1374,3,0,0,1452,1455,C
3-PA,1375,1417,1,0,0,1418,A
3-PA,1376,0,1428,0,0,1428,T
3-PA,1377,1418,0,0,0,1418,A
3-PA,1378,1431,0,0,0,1431,A
3-PA,1379,0,1430,0,0,1430,T
3-PA,1380,4,3,1401,1,1409,G
3-PA,1381,1403,1,0,0,1404,A
3-PA,1382,1381,0,1,0,1382,A
3-PA,1383,0,7,1386,0,1393,G
3-PA,1384,0,5,1374,0,1379,G
3-PA,1385,1,6,1383,0,1390,G
3-PA,1386,0,5,1385,0,1390,G
3-PA,1387,1,2,1405,0,1408,G
3-PA,1388,0,1374,0,0,1374,T
3-PA,1389,1387,0,0,0,1387,A
3-PA,1390,0,1393,0,0,1393,T
3-PA,1391,1412,0,0,0,1412,A
3-PA,1392,4,0,0,1540,1544,C
3-PA,1393,1483,0,0,0,1483,A
3-PA,1394,0,1454,0,0,1454,T
3-PA,1395,0,1437,0,0,1437,T
3-PA,1396,1424,1,0,0,1425,A
3-PA,1397,1443,0,0,0,1443,A
3-PA,1398,1,1,0,1443,1445,C
3-PA,1399,1429,0,0,0,1429,A
3-PA,1400,1,0,0,1430,1431,C
3-PA,1401,0,1263,0,0,1263,T
3-PA,1402,0,1,1320,0,1321,G
3-PA,1403,1,0,0,1316,1317,C
3-PA,1404,6,1,0,1309,1316,C
3-PA,1405,2,0,0,1318,1320,C
3-PA,1406,1,1281,0,2,1284,T
3-PA,1407,0,1,1332,1,1334,G
3-PA,1408,2,0,0,1326,1328,C
3-PA,1409,0,1331,0,1,1332,T
3-PA,1410,12,0,0,1352,1364,C
3-PA,1411,1304,0,3,0,1307,A
3-PA,1412,1320,0,1,0,1321,A
3-PA,1413,0,1321,0,1,1322,T
3-PA,1414,1,1,1316,0,1318,G
3-PA,1415,3,0,0,1314,1317,C
3-PA,1416,1290,1,0,0,1291,A
3-PA,1417,0,1292,0,1,1293,T
3-PA,1418,6,0,0,1285,1291,C
3-PA,1419,4,0,0,1301,1305,C
3-PA,1420,0,1248,0,1,1249,T
3-PA,1421,1,1,1277,0,1279,G
3-PA,1422,0,1281,0,2,1283,T
3-PA,1423,0,1,1275,1,1277,G
3-PA,1424,4,0,0,1273,1277,C
3-PA,1425,1254,0,0,0,1254,A
3-PA,1426,0,0,1269,0,1269,G
3-PA,1427,0,0,0,1262,1262,C
3-PA,1428,1239,0,0,0,1239,A
3-PA,1429,1236,0,0,1,1237,A
3-PA,1430,0,1200,0,0,1200,T
3-PA,1431,1,10,1182,0,1193,G
3-PA,1432,0,2,1191,0,1193,G
3-PA,1433,1192,0,3,0,1195,A
3-PA,1434,1,0,0,1195,1196,C
3-PA,1435,0,3,1171,0,1174,G
3-PA,1436,1192,0,1,0,1193,A
3-PA,1437,0,1189,0,0,1189,T
3-PA,1438,0,1189,0,0,1189,T
3-PA,1439,0,1186,0,1,1187,T
3-PA,1440,1,1191,0,0,1192,T
3-PA,1441,7,1,0,1180,1188,C
3-PA,1442,1191,0,0,0,1191,A
3-PA,1443,1193,0,1,1,1195,A
3-PA,1444,1,1,0,1192,1194,C
3-PA,1445,0,1173,0,1,1174,T
3-PA,1446,1172,0,0,0,1172,A
3-PA,1447,1173,0,1,0,1174,A
3-PA,1448,0,1171,0,0,1171,T
3-PA,1449,1,1167,0,2,1170,T
3-PA,1450,4,0,0,1173,1177,C
3-PA,1451,2,0,0,1174,1176,C
3-PA,1452,3,1,0,1169,1173,C
3-PA,1453,1174,0,1,0,1175,A
3-PA,1454,0,1192,0,1,1193,T
3-PA,1455,0,11,1183,0,1194,G
3-PA,1456,1200,0,1,0,1201,A
3-PA,1457,0,1193,0,0,1193,T
3-PA,1458,1189,0,1,0,1190,A
3-PA,1459,1193,0,4,0,1197,A
3-PA,1460,0,0,1199,1,1200,G
3-PA,1461,0,0,0,1196,1196,C
3-PA,1462,1191,0,0,0,1191,A
3-PA,1463,1158,0,0,1,1159,A
3-PA,1464,4,0,1182,0,1186,G
3-PA,1465,0,1173,0,0,1173,T
3-PA,1466,0,1,1172,0,1173,G
3-PA,1467,2,0,0,1170,1172,C
3-PA,1468,1169,0,0,0,1169,A
3-PA,1469,0,5,1182,0,1187,G
3-PA,1470,1181,1,0,0,1182,A
3-PA,1471,1195,0,0,1,1196,A
3-PA,1472,0,0,0,1198,1198,C
3-PA,1473,0,1161,0,1,1162,T
3-PA,1474,1170,0,0,0,1170,A
3-PA,1475,1166,0,0,0,1166,A
3-PA,1476,1168,0,1,0,1169,A
3-PA,1477,0,2,1173,0,1175,G
3-PA,1478,1127,0,1,0,1128,A
3-PA,1479,9,5,1114,0,1128,G
3-PA,1480,0,7,1093,1,1101,G
3-PA,1481,2,6,1092,0,1100,G
3-PA,1482,1092,0,1,0,1093,A
3-PA,1483,1069,0,1,0,1070,A
3-PA,1484,0,2,1067,0,1069,G
3-PA,1485,0,1,1066,0,1067,G
3-PA,1486,1,1,0,1062,1064,C
3-PA,1487,2,1,1063,0,1066,G
3-PA,1488,1057,0,1,0,1058,A
3-PA,1489,1063,1,0,0,1064,A
3-PA,1490,1067,0,0,0,1067,A
3-PA,1491,1072,0,0,0,1072,A
3-PA,1492,1070,0,1,1,1072,A
3-PA,1493,3,0,0,1064,1067,C
3-PA,1494,6,0,0,1055,1061,C
3-PA,1495,1064,0,0,0,1064,A
3-PA,1496,1072,0,0,0,1072,A
3-PA,1497,0,1069,0,1,1070,T
3-PA,1498,0,1069,0,0,1069,T
3-PA,1499,0,1074,0,0,1074,T
3-PA,1500,1075,0,1,0,1076,A
3-PA,1501,0,1069,0,0,1069,T
3-PA,1502,1068,0,0,0,1068,A
3-PA,1503,0,1070,0,0,1070,T
3-PA,1504,0,4,1052,0,1056,G
3-PA,1505,0,2,1036,0,1038,G
3-PA,1506,1037,0,0,0,1037,A
3-PA,1507,0,1030,1,2,1033,T
3-PA,1508,1,1014,0,1,1016,T
3-PA,1509,11,0,0,997,1008,C
3-PA,1510,1008,0,0,0,1008,A
3-PA,1511,0,1011,0,2,1013,T
3-PA,1512,4,0,0,1007,1011,C
3-PA,1513,1009,0,0,0,1009,A
3-PA,1514,0,996,0,1,997,T
3-PA,1515,993,0,0,0,993,A
3-PA,1516,993,0,0,0,993,A
3-PA,1517,993,0,0,0,993,A
3-PA,1518,0,6,989,0,995,G
3-PA,1519,0,1,970,0,971,G
3-PA,1520,0,0,963,0,963,G
3-PA,1521,956,0,0,0,956,A
3-PA,1522,942,0,0,0,942,A
3-PA,1523,0,5,943,0,948,G
3-PA,1524,934,0,1,0,935,A
3-PA,1525,0,931,1,0,932,T
3-PA,1526,3,0,0,927,930,C
3-PA,1527,0,912,0,2,914,T
3-PA,1528,9,1,1,911,922,C
3-PA,1529,919,0,0,0,919,A
3-PA,1530,0,915,0,1,916,T
3-PA,1531,0,919,0,1,920,T
3-PA,1532,0,905,0,0,905,T
3-PA,1533,899,1,0,0,900,A
3-PA,1534,902,0,1,0,903,A
3-PA,1535,0,3,899,0,902,G
3-PA,1536,0,3,910,0,913,G
3-PA,1537,850,0,3,0,853,A
3-PA,1538,850,0,1,0,851,A
3-PA,1539,0,842,1,0,843,T
3-PA,1540,0,5,847,0,852,G
3-PA,1541,867,0,0,0,867,A
3-PA,1542,0,0,0,868,868,C
3-PA,1543,861,0,1,0,862,A
3-PA,1544,1,0,0,857,858,C
3-PA,1545,833,0,2,0,835,A
3-PA,1546,0,2,837,0,839,G
3-PA,1547,833,0,1,0,834,A
3-PA,1548,2,0,0,824,826,C
3-PA,1549,0,0,798,0,798,G
3-PA,1550,0,765,0,0,765,T
3-PA,1551,754,0,1,0,755,A
3-PA,1552,0,1,761,0,762,G
3-PA,1553,1,762,0,0,763,T
3-PA,1554,761,0,0,0,761,A
3-PA,1555,733,0,0,0,733,A
3-PA,1556,732,0,0,0,732,A
3-PA,1557,0,728,0,0,728,T
3-PA,1558,0,702,0,0,702,T
3-PA,1559,0,702,0,0,702,T
3-PA,1560,0,701,0,0,701,T
3-PA,1561,0,1,702,0,703,G
3-PA,1562,0,692,0,0,692,T
3-PA,1563,0,6,685,0,691,G
3-PA,1564,686,0,1,0,687,A
3-PA,1565,0,1,689,0,690,G
3-PA,1566,0,1,0,685,686,C
3-PA,1567,688,0,0,0,688,A
3-PA,1568,0,686,0,0,686,T
3-PA,1569,0,1,688,0,689,G
3-PA,1570,1,3,684,0,688,G
3-PA,1571,687,0,0,0,687,A
3-PA,1572,0,1,689,0,690,G
3-PA,1573,0,671,0,0,671,T
3-PA,1574,0,654,0,2,656,T
3-PA,1575,0,658,0,0,658,T
3-PA,1576,1,655,0,0,656,T
3-PA,1577,1,0,0,655,656,C
3-PA,1578,0,650,1,0,651,T
3-PA,1579,5,0,0,645,650,C
3-PA,1580,0,629,0,2,631,T
3-PA,1581,3,1,0,621,625,C
3-PA,1582,623,0,1,0,624,A
3-PA,1583,1,0,0,619,620,C
3-PA,1584,0,605,0,0,605,T
3-PA,1585,0,6,599,0,605,G
3-PA,1586,604,0,0,0,604,A
3-PA,1587,0,0,0,614,614,C
3-PA,1588,2,0,0,606,608,C
3-PA,1589,3,0,0,603,606,C
3-PA,1590,0,587,0,1,588,T
3-PA,1591,590,0,0,0,590,A
3-PA,1592,0,2,587,0,589,G
3-PA,1593,589,0,0,0,589,A
3-PA,1594,0,0,0,586,586,C
3-PA,1595,0,547,0,0,547,T
3-PA,1596,0,422,0,0,422,T
3-PA,1597,0,2,423,0,425,G
3-PA,1598,422,0,0,0,422,A
3-PA,1599,0,0,421,0,421,G
3-PA,1600,1,0,1,420,422,C
3-PA,1601,3,1,0,399,403,C
3-PA,1602,400,0,0,0,400,A
3-PA,1603,0,0,0,393,393,C
3-PA,1604,396,0,1,0,397,A
3-PA,1605,0,397,0,0,397,T
3-PA,1606,391,0,0,0,391,A
3-PA,1607,387,0,0,0,387,A
3-PA,1608,384,0,0,0,384,A
3-PA,1609,0,376,0,0,376,T
3-PA,1610,1,2,370,0,373,G
3-PA,1611,0,2,323,0,325,G
3-PA,1612,0,0,320,0,320,G
3-PA,1613,312,0,0,0,312,A
3-PA,1614,0,1,311,0,312,G
3-PA,1615,306,0,0,0,306,A
3-PA,1616,303,0,0,0,303,A
3-PA,1617,302,0,0,0,302,A
3-PA,1618,0,305,0,0,305,T
3-PA,1619,302,0,0,0,302,A
3-PA,1620,1,0,0,300,301,C
3-PA,1621,0,190,0,0,190,T
3-PA,1622,1,0,188,0,189,G
3-PA,1623,0,129,1,0,130,T
3-PA,1624,0,0,130,0,130,G
3-PA,1625,0,121,0,0,121,T
3-PA,1626,0,0,0,78,78,C
3-PA,1627,0,0,0,75,75,C
3-PA,1628,2,66,0,0,68,T
3-PA,1629,0,69,0,0,69,T
3-PA,1630,0,1,67,0,68,G
3-PA,1631,67,0,0,0,67,A
3-PA,1632,0,0,67,0,67,G
3-PA,1633,65,1,0,0,66,A
3-PA,1634,0,66,0,0,66,T
3-PA,1635,64,0,0,0,64,A
3-PA,1636,0,0,65,0,65,G
3-PA,1637,0,0,66,0,66,G
3-PA,1638,66,0,0,0,66,A
3-PA,1639,0,0,66,0,66,G
3-PA,1640,66,0,0,0,66,A
3-PA,1641,0,67,0,0,67,T
3-PA,1642,67,0,0,0,67,A
3-PA,1643,0,69,0,0,69,T
3-PA,1644,0,0,70,0,70,G
3-PA,1645,0,69,0,0,69,T
3-PA,1646,0,69,0,0,69,T
3-PA,1647,72,0,0,0,72,A
3-PA,1648,0,0,0,73,73,C
3-PA,1649,0,72,0,0,72,T
3-PA,1650,72,0,0,0,72,A
3-PA,1651,72,0,0,0,72,A
3-PA,1652,0,0,72,0,72,G
3-PA,1653,70,0,0,0,70,A
3-PA,1654,68,0,0,0,68,A
3-PA,1655,0,0,68,0,68,G
3-PA,1656,0,68,0,0,68,T
3-PA,1657,0,0,70,0,70,G
3-PA,1658,0,0,0,70,70,C
3-PA,1659,0,0,0,70,70,C
3-PA,1660,70,0,0,0,70,A
3-PA,1661,0,70,0,0,70,T
3-PA,1662,70,0,0,0,70,A
3-PA,1663,0,0,68,0,68,G
3-PA,1664,0,0,69,0,69,G
3-PA,1665,1,0,0,68,69,C
3-PA,1666,0,0,0,69,69,C
3-PA,1667,70,0,0,0,70,A
3-PA,1668,69,0,0,0,69,A
3-PA,1669,69,0,0,0,69,A
3-PA,1670,0,70,0,0,70,T
3-PA,1671,0,70,0,0,70,T
3-PA,1672,0,69,0,0,69,T
3-PA,1673,0,0,0,68,68,C
3-PA,1674,67,0,0,0,67,A
3-PA,1675,67,0,0,0,67,A
3-PA,1676,0,0,67,0,67,G
3-PA,1677,0,0,68,0,68,G
3-PA,1678,0,0,0,66,66,C
3-PA,1679,0,0,0,65,65,C
3-PA,1680,66,0,0,0,66,A
3-PA,1681,67,0,0,0,67,A
3-PA,1682,0,67,0,0,67,T
3-PA,1683,0,1,69,0,70,G
3-PA,1684,0,70,0,0,70,T
3-PA,1685,0,72,0,0,72,T
3-PA,1686,0,0,0,73,73,C
3-PA,1687,0,73,0,0,73,T
3-PA,1688,0,73,0,0,73,T
3-PA,1689,67,0,0,0,67,A
3-PA,1690,0,67,0,0,67,T
3-PA,1691,67,0,0,0,67,A
3-PA,1692,0,69,0,0,69,T
3-PA,1693,0,0,69,0,69,G
3-PA,1694,0,66,0,0,66,T
3-PA,1695,0,1,66,0,67,G
3-PA,1696,66,0,0,0,66,A
3-PA,1697,0,0,67,0,67,G
3-PA,1698,0,1,64,0,65,G
3-PA,1699,65,0,0,0,65,A
3-PA,1700,0,0,0,65,65,C
3-PA,1701,64,0,0,0,64,A
3-PA,1702,64,0,0,0,64,A
3-PA,1703,64,0,0,0,64,A
3-PA,1704,0,0,0,64,64,C
3-PA,1705,0,0,65,0,65,G
3-PA,1706,0,2,63,0,65,G
3-PA,1707,64,0,0,0,64,A
3-PA,1708,64,0,0,0,64,A
3-PA,1709,0,0,0,64,64,C
3-PA,1710,63,0,0,0,63,A
3-PA,1711,0,64,0,0,64,T
3-PA,1712,0,0,0,64,64,C
3-PA,1713,64,0,0,0,64,A
3-PA,1714,64,0,0,0,64,A
3-PA,1715,63,0,0,0,63,A
3-PA,1716,0,0,63,0,63,G
3-PA,1717,0,0,63,0,63,G
3-PA,1718,0,63,0,0,63,T
3-PA,1719,0,0,0,63,63,C
3-PA,1720,62,1,0,0,63,A
3-PA,1721,63,0,0,0,63,A
3-PA,1722,63,0,0,0,63,A
3-PA,1723,63,0,0,0,63,A
3-PA,1724,0,62,0,0,62,T
3-PA,1725,0,0,63,0,63,G
3-PA,1726,63,0,0,0,63,A
3-PA,1727,63,0,0,0,63,A
3-PA,1728,63,0,0,0,63,A
3-PA,1729,0,63,0,0,63,T
3-PA,1730,0,0,65,0,65,G
3-PA,1731,0,0,65,0,65,G
3-PA,1732,0,0,65,0,65,G
3-PA,1733,0,0,64,0,64,G
3-PA,1734,64,0,0,0,64,A
3-PA,1735,65,0,0,0,65,A
3-PA,1736,0,65,0,0,65,T
3-PA,1737,0,0,65,0,65,G
3-PA,1738,0,0,64,0,64,G
3-PA,1739,63,0,0,0,63,A
3-PA,1740,0,0,64,0,64,G
3-PA,1741,64,0,0,0,64,A
3-PA,1742,0,64,0,0,64,T
3-PA,1743,0,1,63,0,64,G
3-PA,1744,63,0,0,0,63,A
3-PA,1745,0,0,63,0,63,G
3-PA,1746,63,0,0,0,63,A
3-PA,1747,0,0,0,63,63,C
3-PA,1748,0,0,64,0,64,G
3-PA,1749,0,63,0,0,63,T
3-PA,1750,0,63,0,0,63,T
3-PA,1751,0,0,63,0,63,G
3-PA,1752,0,0,0,62,62,C
3-PA,1753,0,0,0,63,63,C
3-PA,1754,0,63,0,0,63,T
3-PA,1755,0,0,0,62,62,C
3-PA,1756,0,0,0,64,64,C
3-PA,1757,0,64,0,0,64,T
3-PA,1758,0,64,0,0,64,T
3-PA,1759,0,0,0,65,65,C
3-PA,1760,65,0,0,0,65,A
3-PA,1761,0,0,65,0,65,G
3-PA,1762,0,65,0,0,65,T
3-PA,1763,2,0,0,61,63,C
3-PA,1764,64,0,0,0,64,A
3-PA,1765,0,0,0,67,67,C
3-PA,1766,0,67,0,0,67,T
3-PA,1767,0,0,0,67,67,C
3-PA,1768,0,0,0,68,68,C
3-PA,1769,69,0,0,0,69,A
3-PA,1770,0,0,69,0,69,G
3-PA,1771,0,0,0,70,70,C
3-PA,1772,70,0,0,0,70,A
3-PA,1773,0,0,72,0,72,G
3-PA,1774,67,0,0,0,67,A
3-PA,1775,0,67,0,0,67,T
3-PA,1776,0,0,0,66,66,C
3-PA,1777,0,0,66,0,66,G
3-PA,1778,66,0,0,0,66,A
3-PA,1779,0,0,67,0,67,G
3-PA,1780,67,0,0,0,67,A
3-PA,1781,1,0,66,0,67,G
3-PA,1782,0,0,0,67,67,C
3-PA,1783,67,0,0,0,67,A
3-PA,1784,0,67,0,0,67,T
3-PA,1785,0,1,66,0,67,G
3-PA,1786,68,0,0,0,68,A
3-PA,1787,0,68,0,0,68,T
3-PA,1788,0,66,0,0,66,T
3-PA,1789,0,0,66,0,66,G
3-PA,1790,65,0,0,0,65,A
3-PA,1791,65,0,0,0,65,A
3-PA,1792,0,0,65,0,65,G
3-PA,1793,0,0,0,64,64,C
3-PA,1794,0,0,0,64,64,C
3-PA,1795,1,1,62,0,64,G
3-PA,1796,64,0,0,0,64,A
3-PA,1797,0,0,64,0,64,G
3-PA,1798,0,64,0,0,64,T
3-PA,1799,0,0,0,64,64,C
3-PA,1800,0,0,0,63,63,C
3-PA,1801,0,62,0,0,62,T
3-PA,1802,0,0,0,63,63,C
3-PA,1803,0,0,63,0,63,G
3-PA,1804,0,0,65,0,65,G
3-PA,1805,0,65,0,0,65,T
3-PA,1806,1,64,0,0,65,T
3-PA,1807,66,0,0,0,66,A
3-PA,1808,66,0,0,0,66,A
3-PA,1809,67,0,0,0,67,A
3-PA,1810,0,0,68,0,68,G
3-PA,1811,67,0,0,0,67,A
3-PA,1812,0,0,67,0,67,G
3-PA,1813,65,0,0,0,65,A
3-PA,1814,65,0,0,0,65,A
3-PA,1815,65,0,0,0,65,A
3-PA,1816,0,0,66,0,66,G
3-PA,1817,64,0,1,0,65,A
3-PA,1818,0,0,0,65,65,C
3-PA,1819,64,0,0,0,64,A
3-PA,1820,0,64,0,0,64,T
3-PA,1821,0,1,63,0,64,G
3-PA,1822,64,0,0,0,64,A
3-PA,1823,0,0,0,63,63,C
3-PA,1824,2,0,0,62,64,C
3-PA,1825,63,0,0,0,63,A
3-PA,1826,63,0,0,0,63,A
3-PA,1827,63,0,0,0,63,A
3-PA,1828,0,0,64,0,64,G
3-PA,1829,64,0,0,0,64,A
3-PA,1830,0,0,64,0,64,G
3-PA,1831,0,61,0,0,61,T
3-PA,1832,0,60,0,0,60,T
3-PA,1833,0,60,0,1,61,T
3-PA,1834,0,59,0,0,59,T
3-PA,1835,0,61,0,0,61,T
3-PA,1836,0,61,0,0,61,T
3-PA,1837,0,1,60,0,61,G
3-PA,1838,59,1,0,0,60,A
3-PA,1839,0,0,60,0,60,G
3-PA,1840,60,0,0,0,60,A
3-PA,1841,60,0,0,0,60,A
3-PA,1842,0,60,0,0,60,T
3-PA,1843,60,0,0,0,60,A
3-PA,1844,64,0,0,0,64,A
3-PA,1845,65,0,0,0,65,A
3-PA,1846,0,66,0,0,66,T
3-PA,1847,0,0,0,65,65,C
3-PA,1848,66,0,0,0,66,A
3-PA,1849,0,0,66,0,66,G
3-PA,1850,67,0,0,0,67,A
3-PA,1851,67,0,0,0,67,A
3-PA,1852,0,0,67,0,67,G
3-PA,1853,0,0,0,65,65,C
3-PA,1854,67,0,0,0,67,A
3-PA,1855,0,66,1,0,67,T
3-PA,1856,0,0,66,0,66,G
3-PA,1857,0,0,70,0,70,G
3-PA,1858,0,0,0,69,69,C
3-PA,1859,0,0,0,70,70,C
3-PA,1860,0,0,0,71,71,C
3-PA,1861,72,0,0,0,72,A
3-PA,1862,0,71,0,0,71,T
3-PA,1863,0,72,0,0,72,T
3-PA,1864,0,0,72,0,72,G
3-PA,1865,0,1,71,0,72,G
3-PA,1866,0,0,71,0,71,G
3-PA,1867,0,0,71,0,71,G
3-PA,1868,65,0,0,0,65,A
3-PA,1869,0,0,65,0,65,G
3-PA,1870,0,65,0,0,65,T
3-PA,1871,1,0,0,67,68,C
3-PA,1872,0,0,0,73,73,C
3-PA,1873,2,0,0,72,74,C
3-PA,1874,0,0,0,73,73,C
3-PA,1875,0,0,0,73,73,C
3-PA,1876,72,0,0,0,72,A
3-PA,1877,72,0,0,0,72,A
3-PA,1878,0,0,74,0,74,G
3-PA,1879,0,1,70,0,71,G
3-PA,1880,0,0,72,0,72,G
3-PA,1881,67,0,0,0,67,A
3-PA,1882,0,0,68,0,68,G
3-PA,1883,0,68,0,0,68,T
3-PA,1884,0,1,67,0,68,G
3-PA,1885,0,0,68,0,68,G
3-PA,1886,68,0,0,0,68,A
3-PA,1887,68,0,0,0,68,A
3-PA,1888,0,0,67,0,67,G
3-PA,1889,68,0,0,0,68,A
3-PA,1890,68,0,0,0,68,A
3-PA,1891,0,0,67,0,67,G
3-PA,1892,0,0,67,0,67,G
3-PA,1893,0,66,0,0,66,T
3-PA,1894,0,63,0,0,63,T
3-PA,1895,0,0,0,63,63,C
3-PA,1896,0,0,0,63,63,C
3-PA,1897,63,0,0,0,63,A
3-PA,1898,0,63,0,0,63,T
3-PA,1899,0,63,0,0,63,T
3-PA,1900,0,0,64,0,64,G
3-PA,1901,0,0,63,0,63,G
3-PA,1902,0,0,63,0,63,G
3-PA,1903,63,0,0,0,63,A
3-PA,1904,61,0,0,0,61,A
3-PA,1905,61,0,0,0,61,A
3-PA,1906,0,0,64,0,64,G
3-PA,1907,0,64,0,0,64,T
3-PA,1908,1,0,0,64,65,C
3-PA,1909,0,65,0,0,65,T
3-PA,1910,0,0,65,0,65,G
3-PA,1911,0,65,0,0,65,T
3-PA,1912,65,0,0,0,65,A
3-PA,1913,0,0,66,0,66,G
3-PA,1914,0,0,65,0,65,G
3-PA,1915,63,0,0,0,63,A
3-PA,1916,0,0,0,63,63,C
3-PA,1917,0,62,0,0,62,T
3-PA,1918,0,0,0,65,65,C
3-PA,1919,0,65,0,0,65,T
3-PA,1920,65,0,0,0,65,A
3-PA,1921,0,65,0,0,65,T
3-PA,1922,0,65,0,0,65,T
3-PA,1923,0,0,66,0,66,G
3-PA,1924,0,0,66,0,66,G
3-PA,1925,0,0,0,66,66,C
3-PA,1926,0,65,0,0,65,T
3-PA,1927,60,0,0,0,60,A
3-PA,1928,61,0,0,0,61,A
3-PA,1929,0,0,62,0,62,G
3-PA,1930,0,62,0,0,62,T
3-PA,1931,1,0,0,61,62,C
3-PA,1932,60,0,0,0,60,A
3-PA,1933,0,0,62,0,62,G
3-PA,1934,0,62,0,0,62,T
3-PA,1935,64,0,0,0,64,A
3-PA,1936,0,65,0,0,65,T
3-PA,1937,0,66,0,0,66,T
3-PA,1938,0,0,0,66,66,C
3-PA,1939,64,0,0,0,64,A
3-PA,1940,64,0,0,0,64,A
3-PA,1941,0,64,0,0,64,T
3-PA,1942,59,0,0,0,59,A
3-PA,1943,0,0,60,0,60,G
3-PA,1944,0,0,0,60,60,C
3-PA,1945,0,0,0,60,60,C
3-PA,1946,0,59,0,0,59,T
3-PA,1947,0,0,60,0,60,G
3-PA,1948,0,59,0,0,59,T
3-PA,1949,59,0,0,0,59,A
3-PA,1950,0,59,0,0,59,T
3-PA,1951,0,0,58,0,58,G
3-PA,1952,0,1,0,55,56,C
3-PA,1953,55,0,0,0,55,A
3-PA,1954,0,54,0,0,54,T
3-PA,1955,0,0,0,53,53,C
3-PA,1956,50,0,0,0,50,A
3-PA,1957,0,0,0,50,50,C
3-PA,1958,0,0,0,50,50,C
3-PA,1959,50,0,0,0,50,A
3-PA,1960,0,0,0,50,50,C
3-PA,1961,50,0,0,0,50,A
3-PA,1962,50,0,0,0,50,A
3-PA,1963,0,49,0,0,49,T
3-PA,1964,0,48,0,0,48,T
3-PA,1965,0,0,48,0,48,G
3-PA,1966,0,0,47,0,47,G
3-PA,1967,47,0,0,0,47,A
3-PA,1968,47,0,0,0,47,A
3-PA,1969,0,0,46,0,46,G
3-PA,1970,0,0,47,0,47,G
3-PA,1971,47,0,0,0,47,A
3-PA,1972,0,47,0,0,47,T
3-PA,1973,0,47,0,0,47,T
3-PA,1974,0,47,0,0,47,T
3-PA,1975,0,47,0,0,47,T
3-PA,1976,0,0,0,47,47,C
3-PA,1977,47,0,0,0,47,A
3-PA,1978,0,0,47,0,47,G
3-PA,1979,0,0,0,46,46,C
3-PA,1980,0,0,45,0,45,G
3-PA,1981,0,0,46,0,46,G
3-PA,1982,46,0,0,0,46,A
3-PA,1983,0,0,46,0,46,G
3-PA,1984,0,46,0,0,46,T
3-PA,1985,0,0,0,46,46,C
3-PA,1986,47,0,0,0,47,A
3-PA,1987,47,0,0,0,47,A
3-PA,1988,0,0,48,0,48,G
3-PA,1989,48,0,0,0,48,A
3-PA,1990,48,0,0,0,48,A
3-PA,1991,48,0,0,0,48,A
3-PA,1992,48,0,0,0,48,A
3-PA,1993,0,0,0,48,48,C
3-PA,1994,0,46,0,0,46,T
3-PA,1995,0,0,46,0,46,G
3-PA,1996,0,0,0,46,46,C
3-PA,1997,0,46,0,0,46,T
3-PA,1998,0,0,0,46,46,C
3-PA,1999,1,0,0,45,46,C
3-PA,2000,0,47,0,0,47,T
3-PA,2001,0,47,0,0,47,T
3-PA,2002,0,0,47,0,47,G
3-PA,2003,0,47,0,0,47,T
3-PA,2004,0,46,0,0,46,T
3-PA,2005,0,0,46,0,46,G
3-PA,2006,0,46,0,0,46,T
3-PA,2007,0,46,0,0,46,T
3-PA,2008,0,0,0,46,46,C
3-PA,2009,42,0,0,0,42,A
3-PA,2010,0,0,42,0,42,G
3-PA,2011,0,0,42,0,42,G
3-PA,2012,0,0,0,41,41,C
3-PA,2013,0,42,0,0,42,T
3-PA,2014,0,0,0,45,45,C
3-PA,2015,0,45,0,0,45,T
3-PA,2016,0,45,0,0,45,T
3-PA,2017,45,0,0,0,45,A
3-PA,2018,0,0,45,0,45,G
3-PA,2019,0,0,42,0,42,G
3-PA,2020,0,0,41,0,41,G
3-PA,2021,42,0,0,0,42,A
3-PA,2022,0,0,0,42,42,C
3-PA,2023,35,0,0,0,35,A
3-PA,2024,35,0,0,0,35,A
3-PA,2025,0,0,0,35,35,C
3-PA,2026,0,0,0,35,35,C
3-PA,2027,0,35,0,0,35,T
3-PA,2028,0,0,0,35,35,C
3-PA,2029,0,0,35,0,35,G
3-PA,2030,36,0,0,0,36,A
3-PA,2031,36,0,0,0,36,A
3-PA,2032,0,0,0,36,36,C
3-PA,2033,0,0,0,36,36,C
3-PA,2034,0,36,0,0,36,T
3-PA,2035,0,0,36,0,36,G
3-PA,2036,0,0,35,0,35,G
3-PA,2037,0,0,36,0,36,G
3-PA,2038,36,0,0,0,36,A
3-PA,2039,0,0,0,37,37,C
3-PA,2040,2,0,0,34,36,C
3-PA,2041,0,35,0,0,35,T
3-PA,2042,0,35,0,0,35,T
3-PA,2043,0,34,0,0,34,T
3-PA,2044,0,0,35,0,35,G
3-PA,2045,35,0,0,0,35,A
3-PA,2046,0,35,0,0,35,T
3-PA,2047,0,0,0,35,35,C
3-PA,2048,0,34,0,0,34,T
3-PA,2049,0,32,0,0,32,T
3-PA,2050,0,0,32,0,32,G
3-PA,2051,0,0,32,0,32,G
3-PA,2052,0,0,32,0,32,G
3-PA,2053,0,1,31,0,32,G
3-PA,2054,0,0,31,0,31,G
3-PA,2055,0,0,31,0,31,G
3-PA,2056,0,0,0,31,31,C
3-PA,2057,0,31,0,0,31,T
3-PA,2058,33,0,0,0,33,A
3-PA,2059,0,32,0,0,32,T
3-PA,2060,32,0,0,0,32,A
3-PA,2061,0,32,0,0,32,T
3-PA,2062,0,0,31,0,31,G
3-PA,2063,32,0,0,0,32,A
3-PA,2064,32,0,0,0,32,A
3-PA,2065,0,0,31,0,31,G
3-PA,2066,0,0,0,32,32,C
3-PA,2067,31,0,0,0,31,A
3-PA,2068,32,0,0,0,32,A
3-PA,2069,0,32,0,0,32,T
3-PA,2070,0,32,0,0,32,T
3-PA,2071,0,0,32,0,32,G
3-PA,2072,32,0,0,0,32,A
3-PA,2073,0,0,32,0,32,G
3-PA,2074,0,0,32,0,32,G
3-PA,2075,31,0,0,0,31,A
3-PA,2076,0,0,31,0,31,G
3-PA,2077,0,28,0,0,28,T
3-PA,2078,0,0,28,0,28,G
3-PA,2079,0,0,0,28,28,C
3-PA,2080,0,0,0,28,28,C
3-PA,2081,0,28,0,0,28,T
3-PA,2082,0,0,29,0,29,G
3-PA,2083,29,0,0,0,29,A
3-PA,2084,0,29,0,0,29,T
3-PA,2085,0,27,0,0,27,T
3-PA,2086,27,0,0,0,27,A
3-PA,2087,26,0,0,0,26,A
3-PA,2088,0,26,0,0,26,T
3-PA,2089,0,1,25,0,26,G
3-PA,2090,24,0,0,0,24,A
3-PA,2091,0,24,0,0,24,T
3-PA,2092,0,0,0,24,24,C
3-PA,2093,1,0,0,22,23,C
3-PA,2094,0,0,0,24,24,C
3-PA,2095,0,24,0,0,24,T
3-PA,2096,0,0,24,0,24,G
3-PA,2097,0,0,24,0,24,G
3-PA,2098,0,0,24,0,24,G
3-PA,2099,0,23,0,0,23,T
3-PA,2100,0,23,0,0,23,T
3-PA,2101,0,23,0,0,23,T
3-PA,2102,0,23,0,0,23,T
3-PA,2103,0,0,24,0,24,G
3-PA,2104,0,0,0,24,24,C
3-PA,2105,0,24,0,0,24,T
3-PA,2106,0,0,0,24,24,C
3-PA,2107,24,0,0,0,24,A
3-PA,2108,24,0,0,0,24,A
3-PA,2109,0,24,0,0,24,T
3-PA,2110,0,0,24,0,24,G
3-PA,2111,0,0,0,24,24,C
3-PA,2112,0,0,24,0,24,G
3-PA,2113,0,24,0,0,24,T
3-PA,2114,0,0,0,24,24,C
3-PA,2115,0,23,0,0,23,T
3-PA,2116,0,23,0,0,23,T
3-PA,2117,0,0,23,0,23,G
3-PA,2118,0,0,23,0,23,G
3-PA,2119,0,23,0,0,23,T
3-PA,2120,0,21,0,0,21,T
3-PA,2121,0,0,0,20,20,C
3-PA,2122,19,0,0,0,19,A
3-PA,2123,19,0,0,0,19,A
3-PA,2124,0,0,0,19,19,C
3-PA,2125,0,19,0,0,19,T
3-PA,2126,0,0,0,19,19,C
3-PA,2127,0,0,0,17,17,C
3-PA,2128,0,17,0,0,17,T
3-PA,2129,0,17,0,0,17,T
3-PA,2130,0,0,0,17,17,C
3-PA,2131,0,0,0,17,17,C
3-PA,2132,0,16,0,0,16,T
3-PA,2133,0,0,16,0,16,G
3-PA,2134,16,0,0,0,16,A
3-PA,2135,0,0,0,15,15,C
3-PA,2136,15,0,0,0,15,A
3-PA,2137,0,0,0,15,15,C
3-PA,2138,15,0,0,0,15,A
3-PA,2139,0,14,0,0,14,T
3-PA,2140,0,0,14,0,14,G
3-PA,2141,0,0,0,14,14,C
3-PA,2142,14,0,0,0,14,A
3-PA,2143,0,14,0,0,14,T
3-PA,2144,0,14,0,0,14,T
3-PA,2145,14,0,0,0,14,A
3-PA,2146,14,0,0,0,14,A
3-PA,2147,14,0,0,0,14,A
3-PA,2148,14,0,0,0,14,A
3-PA,2149,0,13,0,0,13,T
3-PA,2150,10,0,0,0,10,A
3-PA,2151,0,0,10,0,10,G
4-HA,1,117,0,0,0,117,A
4-HA,2,0,119,0,0,119,T
4-HA,3,0,0,121,0,121,G
4-HA,4,123,0,0,0,123,A
4-HA,5,126,0,0,0,126,A
4-HA,6,0,0,144,0,144,G
4-HA,7,144,0,0,0,144,A
4-HA,8,0,0,0,150,150,C
4-HA,9,0,154,0,0,154,T
4-HA,10,158,0,0,0,158,A
4-HA,11,0,165,0,0,165,T
4-HA,12,0,0,0,166,166,C
4-HA,13,165,0,0,0,165,A
4-HA,14,0,165,0,1,166,T
4-HA,15,0,166,0,0,166,T
4-HA,16,0,0,181,0,181,G
4-HA,17,0,0,0,184,184,C
4-HA,18,0,185,0,0,185,T
4-HA,19,0,185,0,0,185,T
4-HA,20,0,186,0,0,186,T
4-HA,21,0,1,192,0,193,G
4-HA,22,196,0,0,0,196,A
4-HA,23,0,0,208,0,208,G
4-HA,24,0,0,0,208,208,C
4-HA,25,0,207,0,0,207,T
4-HA,26,235,0,0,0,235,A
4-HA,27,0,0,0,244,244,C
4-HA,28,246,0,0,0,246,A
4-HA,29,0,259,0,0,259,T
4-HA,30,0,258,0,0,258,T
4-HA,31,0,0,0,262,262,C
4-HA,32,0,263,0,0,263,T
4-HA,33,271,0,1,0,272,A
4-HA,34,0,272,0,0,272,T
4-HA,35,0,1,275,0,276,G
4-HA,36,0,275,0,1,276,T
4-HA,37,0,0,0,275,275,C
4-HA,38,1,271,0,0,272,T
4-HA,39,0,1,271,0,272,G
4-HA,40,0,0,273,0,273,G
4-HA,41,0,270,0,0,270,T
4-HA,42,0,271,0,0,271,T
4-HA,43,0,271,0,0,271,T
4-HA,44,0,270,0,0,270,T
4-HA,45,0,0,0,269,269,C
4-HA,46,0,0,270,0,270,G
4-HA,47,0,0,0,276,276,C
4-HA,48,0,277,0,0,277,T
4-HA,49,2,0,0,280,282,C
4-HA,50,282,0,0,0,282,A
4-HA,51,282,0,0,0,282,A
4-HA,52,283,0,0,0,283,A
4-HA,53,283,1,0,0,284,A
4-HA,54,283,0,0,0,283,A
4-HA,55,0,0,0,287,287,C
4-HA,56,0,287,0,0,287,T
4-HA,57,0,287,0,0,287,T
4-HA,58,0,1,0,286,287,C
4-HA,59,0,0,0,288,288,C
4-HA,60,0,288,0,0,288,T
4-HA,61,0,0,291,0,291,G
4-HA,62,0,0,290,0,290,G
4-HA,63,290,0,0,0,290,A
4-HA,64,302,0,0,0,302,A
4-HA,65,303,0,0,0,303,A
4-HA,66,0,308,0,0,308,T
4-HA,67,0,3,308,0,311,G
4-HA,68,312,0,0,0,312,A
4-HA,69,0,0,0,318,318,C
4-HA,70,320,0,0,0,320,A
4-HA,71,321,0,0,0,321,A
4-HA,72,0,0,0,334,334,C
4-HA,73,334,0,0,0,334,A
4-HA,74,1,0,336,0,337,G
4-HA,75,0,0,0,335,335,C
4-HA,76,334,0,0,0,334,A
4-HA,77,1,1,0,347,349,C
4-HA,78,0,1,349,0,350,G
4-HA,79,0,1,352,0,353,G
4-HA,80,0,1,1,353,355,C
4-HA,81,350,0,0,0,350,A
4-HA,82,355,0,0,0,355,A
4-HA,83,0,1,0,356,357,C
4-HA,84,0,1,359,0,360,G
4-HA,85,1,0,0,359,360,C
4-HA,86,0,355,0,0,355,T
4-HA,87,0,0,357,0,357,G
4-HA,88,0,355,1,0,356,T
4-HA,89,0,0,363,0,363,G
4-HA,90,0,0,0,370,370,C
4-HA,91,1,0,0,376,377,C
4-HA,92,0,376,0,0,376,T
4-HA,93,0,372,0,0,372,T
4-HA,94,1,2,370,0,373,G
4-HA,95,0,4,373,0,377,G
4-HA,96,0,1,378,0,379,G
4-HA,97,0,0,0,379,379,C
4-HA,98,372,0,0,0,372,A
4-HA,99,0,0,0,375,375,C
4-HA,100,4,0,0,364,368,C
4-HA,101,407,0,0,0,407,A
4-HA,102,0,408,0,0,408,T
4-HA,103,0,0,407,0,407,G
4-HA,104,0,0,0,408,408,C
4-HA,105,401,0,1,0,402,A
4-HA,106,0,1,429,0,430,G
4-HA,107,0,428,0,0,428,T
4-HA,108,433,0,0,0,433,A
4-HA,109,1,0,0,431,432,C
4-HA,110,4,1,0,418,423,C
4-HA,111,423,0,0,0,423,A
4-HA,112,423,0,0,0,423,A
4-HA,113,424,0,0,0,424,A
4-HA,114,1,1,0,424,426,C
4-HA,115,0,1,418,0,419,G
4-HA,116,0,4,423,0,427,G
4-HA,117,427,0,0,0,427,A
4-HA,118,428,0,0,0,428,A
4-HA,119,0,1,0,426,427,C
4-HA,120,0,1,425,0,426,G
4-HA,121,433,0,0,0,433,A
4-HA,122,0,431,1,0,432,T
4-HA,123,439,0,0,0,439,A
4-HA,124,0,0,440,0,440,G
4-HA,125,0,434,0,0,434,T
4-HA,126,0,2,435,0,437,G
4-HA,127,437,0,0,0,437,A
4-HA,128,434,0,0,0,434,A
4-HA,129,434,1,1,0,436,A
4-HA,130,434,0,0,0,434,A
4-HA,131,0,0,0,439,439,C
4-HA,132,440,0,0,0,440,A
4-HA,133,443,0,1,0,444,A
4-HA,134,0,441,0,0,441,T
4-HA,135,0,0,0,442,442,C
4-HA,136,443,0,1,0,444,A
4-HA,137,0,1,0,447,448,C
4-HA,138,0,2,445,0,447,G
4-HA,139,448,0,0,0,448,A
4-HA,140,448,0,0,0,448,A
4-HA,141,0,445,0,0,445,T
4-HA,142,0,4,442,0,446,G
4-HA,143,453,0,0,0,453,A
4-HA,144,0,0,0,451,451,C
4-HA,145,3,1,0,449,453,C
4-HA,146,455,0,0,0,455,A
4-HA,147,461,0,0,0,461,A
4-HA,148,462,0,0,0,462,A
4-HA,149,0,460,0,0,460,T
4-HA,150,0,462,0,0,462,T
4-HA,151,0,0,465,0,465,G
4-HA,152,465,0,0,0,465,A
4-HA,153,465,0,0,0,465,A
4-HA,154,0,0,473,0,473,G
4-HA,155,0,471,0,0,471,T
4-HA,156,0,479,0,0,479,T
4-HA,157,484,0,0,0,484,A
4-HA,158,1,0,0,486,487,C
4-HA,159,0,488,0,0,488,T
4-HA,160,488,0,0,0,488,A
4-HA,161,498,0,1,0,499,A
4-HA,162,0,502,0,0,502,T
4-HA,163,0,0,506,0,506,G
4-HA,164,0,0,0,522,522,C
4-HA,165,0,518,0,0,518,T
4-HA,166,518,0,0,0,518,A
4-HA,167,3,0,0,516,519,C
4-HA,168,0,516,0,0,516,T
4-HA,169,1,2,515,0,518,G
4-HA,170,513,0,0,0,513,A
4-HA,171,0,0,516,0,516,G
4-HA,172,1,0,0,513,514,C
4-HA,173,0,502,0,0,502,T
4-HA,174,0,2,518,0,520,G
4-HA,175,0,1,528,0,529,G
4-HA,176,0,527,0,0,527,T
4-HA,177,0,526,0,0,526,T
4-HA,178,2,0,0,525,527,C
4-HA,179,526,0,1,0,527,A
4-HA,180,0,4,524,0,528,G
4-HA,181,528,0,0,0,528,A
4-HA,182,0,1,539,0,540,G
4-HA,183,0,538,0,0,538,T
4-HA,184,0,535,0,0,535,T
4-HA,185,2,0,0,534,536,C
4-HA,186,3,0,0,539,542,C
4-HA,187,0,538,0,1,539,T
4-HA,188,4,0,0,540,544,C
4-HA,189,541,0,0,1,542,A
4-HA,190,546,0,0,0,546,A
4-HA,191,0,0,0,549,549,C
4-HA,192,540,1,1,0,542,A
4-HA,193,0,2,552,0,554,G
4-HA,194,0,0,552,0,552,G
4-HA,195,0,552,0,0,552,T
4-HA,196,0,2,548,0,550,G
4-HA,197,548,0,2,1,551,A
4-HA,198,549,0,0,0,549,A
4-HA,199,564,0,0,1,565,A
4-HA,200,0,560,0,0,560,T
4-HA,201,563,0,0,0,563,A
4-HA,202,0,556,0,0,556,T
4-HA,203,0,1,555,0,556,G
4-HA,204,0,0,0,564,564,C
4-HA,205,1,5,553,0,559,G
4-HA,206,562,0,0,0,562,A
4-HA,207,1,0,0,560,561,C
4-HA,208,553,0,0,0,553,A
4-HA,209,0,0,593,0,593,G
4-HA,210,0,592,0,1,593,T
4-HA,211,1,0,0,603,604,C
4-HA,212,2,1,0,603,606,C
4-HA,213,0,601,0,0,601,T
4-HA,214,0,0,0,619,619,C
4-HA,215,615,0,0,0,615,A
4-HA,216,0,618,0,0,618,T
4-HA,217,1,1,0,614,616,C
4-HA,218,587,0,0,0,587,A
4-HA,219,0,2,589,0,591,G
4-HA,220,584,0,0,0,584,A
4-HA,221,0,589,0,0,589,T
4-HA,222,7,0,0,581,588,C
4-HA,223,1,0,0,583,584,C
4-HA,224,0,581,1,0,582,T
4-HA,225,0,580,0,0,580,T
4-HA,226,0,0,580,0,580,G
4-HA,227,579,0,1,0,580,A
4-HA,228,1,580,0,0,581,T
4-HA,229,0,2,587,0,589,G
4-HA,230,0,1,584,0,585,G
4-HA,231,585,0,2,0,587,A
4-HA,232,584,0,0,0,584,A
4-HA,233,591,0,0,0,591,A
4-HA,234,592,0,0,0,592,A
4-HA,235,592,0,0,0,592,A
4-HA,236,596,0,0,0,596,A
4-HA,237,1,0,0,592,593,C
4-HA,238,0,586,0,0,586,T
4-HA,239,0,0,594,0,594,G
4-HA,240,2,0,1,595,598,C
4-HA,241,596,0,0,0,596,A
4-HA,242,1,0,1,619,621,C
4-HA,243,620,0,0,0,620,A
4-HA,244,1,0,0,677,678,C
4-HA,245,0,675,0,0,675,T
4-HA,246,686,0,0,0,686,A
4-HA,247,685,0,0,0,685,A
4-HA,248,0,687,0,0,687,T
4-HA,249,683,1,0,0,684,A
4-HA,250,1,0,683,0,684,G
4-HA,251,672,0,0,0,672,A
4-HA,252,0,661,0,0,661,T
4-HA,253,0,1,618,0,619,G
4-HA,254,0,0,0,621,621,C
4-HA,255,0,617,0,0,617,T
4-HA,256,4,1,0,650,655,C
4-HA,257,0,653,0,0,653,T
4-HA,258,669,0,0,0,669,A
4-HA,259,0,670,0,0,670,T
4-HA,260,0,666,0,0,666,T
4-HA,261,0,5,667,1,673,G
4-HA,262,0,1,666,0,667,G
4-HA,263,0,2,671,0,673,G
4-HA,264,655,0,1,0,656,A
4-HA,265,0,2,647,0,649,G
4-HA,266,636,1,0,0,637,A
4-HA,267,2,0,0,707,709,C
4-HA,268,2,0,0,727,729,C
4-HA,269,4,0,0,730,734,C
4-HA,270,0,732,0,1,733,T
4-HA,271,1,1,0,747,749,C
4-HA,272,750,0,0,0,750,A
4-HA,273,0,0,792,0,792,G
4-HA,274,0,787,0,2,789,T
4-HA,275,0,5,787,0,792,G
4-HA,276,0,766,0,0,766,T
4-HA,277,0,2,760,0,762,G
4-HA,278,758,3,0,0,761,A
4-HA,279,0,759,0,0,759,T
4-HA,280,1,5,748,0,754,G
4-HA,281,0,0,754,0,754,G
4-HA,282,0,0,0,735,735,C
4-HA,283,1,732,0,0,733,T
4-HA,284,1,727,0,1,729,T
4-HA,285,2,0,0,730,732,C
4-HA,286,2,0,0,729,731,C
4-HA,287,732,0,0,0,732,A
4-HA,288,734,0,0,0,734,A
4-HA,289,731,0,0,1,732,A
4-HA,290,738,1,0,0,739,A
4-HA,291,0,739,0,0,739,T
4-HA,292,738,0,0,0,738,A
4-HA,293,737,0,0,1,738,A
4-HA,294,0,2,741,0,743,G
4-HA,295,748,1,0,0,749,A
4-HA,296,751,0,1,0,752,A
4-HA,297,753,0,0,0,753,A
4-HA,298,0,752,0,0,752,T
4-HA,299,1,5,743,0,749,G
4-HA,300,0,2,745,0,747,G
4-HA,301,0,4,739,0,743,G
4-HA,302,741,0,3,0,744,A
4-HA,303,2,0,0,750,752,C
4-HA,304,2,0,0,748,750,C
4-HA,305,1,754,0,1,756,T
4-HA,306,0,755,0,0,755,T
4-HA,307,0,759,0,0,759,T
4-HA,308,0,764,0,0,764,T
4-HA,309,0,764,0,0,764,T
4-HA,310,0,1,768,0,769,G
4-HA,311,1,765,0,1,767,T
4-HA,312,0,762,1,1,764,T
4-HA,313,2,7,758,0,767,G
4-HA,314,757,0,0,0,757,A
4-HA,315,764,0,1,0,765,A
4-HA,316,1,0,1,763,765,C
4-HA,317,0,0,758,1,759,G
4-HA,318,1,0,0,773,774,C
4-HA,319,772,1,0,0,773,A
4-HA,320,0,1,779,1,781,G
4-HA,321,0,0,0,782,782,C
4-HA,322,781,0,0,0,781,A
4-HA,323,784,0,0,0,784,A
4-HA,324,784,0,0,0,784,A
4-HA,325,0,2,828,0,830,G
4-HA,326,0,1,0,830,831,C
4-HA,327,2,0,0,827,829,C
4-HA,328,1,824,0,0,825,T
4-HA,329,824,0,0,0,824,A
4-HA,330,1,1,0,831,833,C
4-HA,331,833,0,0,0,833,A
4-HA,332,0,0,839,0,839,G
4-HA,333,0,0,0,828,828,C
4-HA,334,814,0,0,0,814,A
4-HA,335,825,0,0,0,825,A
4-HA,336,2,1,0,869,872,C
4-HA,337,0,867,0,0,867,T
4-HA,338,1,2,872,0,875,G
4-HA,339,0,858,0,0,858,T
4-HA,340,0,860,0,0,860,T
4-HA,341,862,0,0,0,862,A
4-HA,342,0,0,0,931,931,C
4-HA,343,4,0,0,935,939,C
4-HA,344,5,0,0,955,960,C
4-HA,345,0,939,0,1,940,T
4-HA,346,0,938,0,1,939,T
4-HA,347,944,0,0,0,944,A
4-HA,348,1,940,0,1,942,T
4-HA,349,0,2,940,0,942,G
4-HA,350,943,0,0,0,943,A
4-HA,351,0,879,0,0,879,T
4-HA,352,0,0,901,0,901,G
4-HA,353,1,880,0,0,881,T
4-HA,354,0,2,877,0,879,G
4-HA,355,0,0,0,883,883,C
4-HA,356,3,4,1,867,875,C
4-HA,357,0,1,894,0,895,G
4-HA,358,0,2,903,0,905,G
4-HA,359,906,0,0,0,906,A
4-HA,360,0,905,0,1,906,T
4-HA,361,0,892,0,0,892,T
4-HA,362,904,0,2,0,906,A
4-HA,363,0,902,0,0,902,T
4-HA,364,0,0,907,0,907,G
4-HA,365,0,0,0,902,902,C
4-HA,366,0,1,0,900,901,C
4-HA,367,0,910,0,2,912,T
4-HA,368,3,0,0,955,958,C
4-HA,369,2,0,0,968,970,C
4-HA,370,9,0,0,963,972,C
4-HA,371,0,968,1,0,969,T
4-HA,372,0,972,1,0,973,T
4-HA,373,968,0,0,0,968,A
4-HA,374,0,4,989,0,993,G
4-HA,375,0,1,994,0,995,G
4-HA,376,0,982,0,1,983,T
4-HA,377,2,0,0,957,959,C
4-HA,378,951,0,0,0,951,A
4-HA,379,3,0,0,971,974,C
4-HA,380,0,969,0,2,971,T
4-HA,381,970,0,0,0,970,A
4-HA,382,0,1,970,0,971,G
4-HA,383,0,959,0,0,959,T
4-HA,384,0,955,0,0,955,T
4-HA,385,0,0,963,0,963,G
4-HA,386,1,0,0,963,964,C
4-HA,387,3,0,0,963,966,C
4-HA,388,1,941,0,4,946,T
4-HA,389,2,0,0,955,957,C
4-HA,390,994,0,0,0,994,A
4-HA,391,0,988,0,0,988,T
4-HA,392,0,0,0,993,993,C
4-HA,393,2,0,0,985,987,C
4-HA,394,1,6,982,0,989,G
4-HA,395,1,0,993,0,994,G
4-HA,396,1,0,0,997,998,C
4-HA,397,1013,0,0,0,1013,A
4-HA,398,2,0,0,1027,1029,C
4-HA,399,1005,0,0,0,1005,A
4-HA,400,1,1,0,1006,1008,C
4-HA,401,0,1005,0,0,1005,T
4-HA,402,0,2,1016,0,1018,G
4-HA,403,0,5,1030,0,1035,G
4-HA,404,1029,0,1,0,1030,A
4-HA,405,0,0,1039,0,1039,G
4-HA,406,0,1033,0,0,1033,T
4-HA,407,0,1026,0,0,1026,T
4-HA,408,0,1028,0,4,1032,T
4-HA,409,1021,0,3,0,1024,A
4-HA,410,1026,0,1,0,1027,A
4-HA,411,1,1,0,1030,1032,C
4-HA,412,1009,0,0,0,1009,A
4-HA,413,1010,0,1,0,1011,A
4-HA,414,0,1004,0,1,1005,T
4-HA,415,1,7,1000,0,1008,G
4-HA,416,1007,0,0,0,1007,A
4-HA,417,1002,0,1,0,1003,A
4-HA,418,999,0,3,0,1002,A
4-HA,419,0,0,1010,0,1010,G
4-HA,420,0,1,0,1011,1012,C
4-HA,421,0,1008,0,1,1009,T
4-HA,422,0,1008,0,1,1009,T
4-HA,423,5,0,0,1019,1024,C
4-HA,424,1029,0,0,0,1029,A
4-HA,425,1033,0,0,0,1033,A
4-HA,426,0,1034,0,0,1034,T
4-HA,427,0,1029,0,0,1029,T
4-HA,428,0,8,1044,0,1052,G
4-HA,429,1,3,1066,0,1070,G
4-HA,430,1069,0,2,0,1071,A
4-HA,431,0,0,0,1074,1074,C
4-HA,432,0,1058,0,2,1060,T
4-HA,433,0,5,1066,0,1071,G
4-HA,434,0,6,1070,0,1076,G
4-HA,435,1072,0,2,0,1074,A
4-HA,436,0,1,1078,0,1079,G
4-HA,437,0,1056,0,3,1059,T
4-HA,438,7,0,0,1030,1037,C
4-HA,439,1053,0,0,0,1053,A
4-HA,440,1,0,0,1053,1054,C
4-HA,441,0,1053,0,0,1053,T
4-HA,442,9,0,0,1047,1056,C
4-HA,443,1045,0,0,0,1045,A
4-HA,444,1063,0,1,0,1064,A
4-HA,445,1060,0,0,0,1060,A
4-HA,446,1058,0,1,1,1060,A
4-HA,447,2,2,0,1061,1065,C
4-HA,448,1,5,1051,0,1057,G
4-HA,449,0,2,1073,0,1075,G
4-HA,450,1073,0,0,0,1073,A
4-HA,451,1072,1,0,0,1073,A
4-HA,452,0,0,0,1076,1076,C
4-HA,453,1069,0,0,0,1069,A
4-HA,454,1071,0,1,1,1073,A
4-HA,455,1,1,1085,0,1087,G
4-HA,456,0,0,0,1084,1084,C
4-HA,457,0,1078,0,0,1078,T
4-HA,458,2,0,0,1086,1088,C
4-HA,459,0,1078,0,0,1078,T
4-HA,460,1,0,1083,0,1084,G
4-HA,461,1,0,0,1085,1086,C
4-HA,462,0,1083,0,2,1085,T
4-HA,463,0,1095,0,1,1096,T
4-HA,464,1,0,1107,0,1108,G
4-HA,465,2,0,1,1117,1120,C
4-HA,466,1124,0,0,0,1124,A
4-HA,467,0,1124,0,1,1125,T
4-HA,468,1125,1,0,0,1126,A
4-HA,469,1118,0,0,0,1118,A
4-HA,470,0,4,1113,0,1117,G
4-HA,471,0,5,1116,0,1121,G
4-HA,472,1073,0,0,2,1075,A
4-HA,473,0,5,1057,0,1062,G
4-HA,474,1051,0,2,0,1053,A
4-HA,475,0,1082,0,0,1082,T
4-HA,476,7,0,1,1079,1087,C
4-HA,477,0,1085,0,2,1087,T
4-HA,478,1085,0,0,0,1085,A
4-HA,479,1084,0,0,0,1084,A
4-HA,480,1072,1,0,0,1073,A
4-HA,481,1076,0,0,0,1076,A
4-HA,482,1077,1,0,0,1078,A
4-HA,483,0,0,0,1088,1088,C
4-HA,484,1057,0,0,0,1057,A
4-HA,485,0,3,1064,0,1067,G
4-HA,486,0,1060,0,0,1060,T
4-HA,487,0,1073,0,1,1074,T
4-HA,488,0,1071,1,0,1072,T
4-HA,489,3,0,0,1104,1107,C
4-HA,490,1,1100,0,2,1103,T
4-HA,491,0,1112,1,0,1113,T
4-HA,492,0,1113,0,1,1114,T
4-HA,493,1109,0,0,0,1109,A
4-HA,494,0,2,1110,0,1112,G
4-HA,495,0,1109,0,1,1110,T
4-HA,496,1111,0,1,0,1112,A
4-HA,497,1,9,1108,0,1118,G
4-HA,498,1092,0,1,0,1093,A
4-HA,499,0,1096,0,0,1096,T
4-HA,500,0,1088,0,0,1088,T
4-HA,501,2,8,1097,0,1107,G
4-HA,502,1106,1,0,0,1107,A
4-HA,503,1106,0,0,0,1106,A
4-HA,504,0,1107,0,1,1108,T
4-HA,505,0,1093,0,1,1094,T
4-HA,506,1,6,1095,0,1102,G
4-HA,507,0,0,1103,0,1103,G
4-HA,508,0,1104,0,2,1106,T
4-HA,509,0,1097,0,1,1098,T
4-HA,510,0,7,1076,0,1083,G
4-HA,511,1083,0,1,0,1084,A
4-HA,512,2,0,0,1085,1087,C
4-HA,513,3,1,0,1083,1087,C
4-HA,514,8,1,0,1099,1108,C
4-HA,515,1111,0,0,0,1111,A
4-HA,516,0,1,0,1126,1127,C
4-HA,517,0,1123,0,1,1124,T
4-HA,518,0,1123,0,2,1125,T
4-HA,519,1123,0,0,1,1124,A
4-HA,520,1029,0,0,72,1101,A
4-HA,521,1100,1,2,0,1103,A
4-HA,522,1,0,0,1059,1060,C
4-HA,523,0,1107,0,0,1107,T
4-HA,524,0,1109,1,1,1111,T
4-HA,525,3,0,0,1127,1130,C
4-HA,526,1126,0,0,0,1126,A
4-HA,527,1128,0,0,0,1128,A
4-HA,528,1134,0,0,0,1134,A
4-HA,529,1,1129,0,0,1130,T
4-HA,530,1157,0,0,0,1157,A
4-HA,531,2,1,0,1154,1157,C
4-HA,532,4,0,0,1132,1136,C
4-HA,533,2,0,0,1141,1143,C
4-HA,534,1133,0,0,0,1133,A
4-HA,535,0,0,1183,0,1183,G
4-HA,536,0,1,0,1186,1187,C
4-HA,537,1182,0,1,0,1183,A
4-HA,538,0,1184,0,0,1184,T
4-HA,539,0,1162,0,0,1162,T
4-HA,540,1,6,1191,0,1198,G
4-HA,541,1201,0,0,0,1201,A
4-HA,542,1199,1,4,0,1204,A
4-HA,543,1,1,0,1207,1209,C
4-HA,544,3,2,1173,0,1178,G
4-HA,545,0,1193,0,0,1193,T
4-HA,546,0,7,1188,0,1195,G
4-HA,547,1193,1,0,0,1194,A
4-HA,548,1,0,0,1197,1198,C
4-HA,549,0,1157,0,1,1158,T
4-HA,550,1179,0,0,0,1179,A
4-HA,551,0,1176,0,0,1176,T
4-HA,552,2,0,1192,0,1194,G
4-HA,553,0,0,1,1189,1190,C
4-HA,554,8,0,1,1156,1165,C
4-HA,555,1165,0,0,0,1165,A
4-HA,556,1160,1,0,0,1161,A
4-HA,557,1188,0,0,0,1188,A
4-HA,558,0,0,0,1193,1193,C
4-HA,559,1154,0,1,0,1155,A
4-HA,560,1158,0,1,0,1159,A
4-HA,561,0,1154,0,1,1155,T
4-HA,562,2,10,1144,0,1156,G
4-HA,563,1156,0,0,0,1156,A
4-HA,564,1150,0,3,0,1153,A
4-HA,565,0,0,1,1131,1132,C
4-HA,566,1142,0,0,0,1142,A
4-HA,567,1148,0,0,0,1148,A
4-HA,568,0,1150,1,1,1152,T
4-HA,569,0,1143,0,0,1143,T
4-HA,570,0,1143,0,0,1143,T
4-HA,571,1,9,1137,0,1147,G
4-HA,572,1146,3,1,0,1150,A
4-HA,573,0,1,0,1149,1150,C
4-HA,574,1147,0,1,0,1148,A
4-HA,575,1156,0,0,0,1156,A
4-HA,576,1167,0,2,0,1169,A
4-HA,577,0,1183,1,0,1184,T
4-HA,578,0,1180,0,0,1180,T
4-HA,579,3,2,1183,0,1188,G
4-HA,580,0,1186,0,2,1188,T
4-HA,581,1191,2,1,0,1194,A
4-HA,582,0,1,0,1210,1211,C
4-HA,583,1215,0,5,0,1220,A
4-HA,584,0,1231,0,0,1231,T
4-HA,585,0,1207,0,0,1207,T
4-HA,586,0,1201,0,0,1201,T
4-HA,587,0,3,1196,0,1199,G
4-HA,588,0,6,1191,0,1197,G
4-HA,589,1,6,1186,0,1193,G
4-HA,590,0,4,1189,0,1193,G
4-HA,591,0,0,1183,0,1183,G
4-HA,592,0,1,1222,0,1223,G
4-HA,593,0,1201,0,0,1201,T
4-HA,594,0,1201,0,0,1201,T
4-HA,595,5,0,0,1198,1203,C
4-HA,596,1202,0,2,0,1204,A
4-HA,597,1,1,0,1206,1208,C
4-HA,598,5,0,2,1197,1204,C
4-HA,599,1207,0,0,2,1209,A
4-HA,600,4,0,0,1216,1220,C
4-HA,601,2,0,0,1204,1206,C
4-HA,602,10,1,0,1188,1199,C
4-HA,603,3,3,1199,0,1205,G
4-HA,604,0,5,1224,0,1229,G
4-HA,605,0,1,1236,0,1237,G
4-HA,606,0,1227,0,1,1228,T
4-HA,607,1230,0,2,0,1232,A
4-HA,608,2,2,0,1214,1218,C
4-HA,609,0,6,1191,0,1197,G
4-HA,610,3,2,1208,0,1213,G
4-HA,611,1215,0,0,0,1215,A
4-HA,612,1,1,0,1214,1216,C
4-HA,613,1172,1,0,0,1173,A
4-HA,614,1175,0,0,0,1175,A
4-HA,615,1166,0,0,0,1166,A
4-HA,616,0,6,1187,1,1194,G
4-HA,617,1198,1,1,0,1200,A
4-HA,618,0,0,0,1197,1197,C
4-HA,619,5,0,0,1175,1180,C
4-HA,620,1185,0,0,0,1185,A
4-HA,621,1184,0,1,0,1185,A
4-HA,622,1202,0,0,0,1202,A
4-HA,623,0,1205,0,0,1205,T
4-HA,624,6,1,0,1206,1213,C
4-HA,625,0,1174,0,1,1175,T
4-HA,626,0,1172,0,0,1172,T
4-HA,627,4,0,0,1181,1185,C
4-HA,628,2,0,0,1184,1186,C
4-HA,629,0,1180,0,1,1181,T
4-HA,630,0,0,1193,0,1193,G
4-HA,631,0,1173,0,0,1173,T
4-HA,632,1179,0,0,1,1180,A
4-HA,633,0,1167,0,0,1167,T
4-HA,634,1,2,1174,0,1177,G
4-HA,635,0,0,0,1183,1183,C
4-HA,636,0,1177,0,3,1180,T
4-HA,637,8,3,0,1164,1175,C
4-HA,638,1175,0,3,0,1178,A
4-HA,639,1174,2,0,0,1176,A
4-HA,640,0,0,1187,0,1187,G
4-HA,641,4,1,0,1180,1185,C
4-HA,642,1186,0,0,1,1187,A
4-HA,643,0,1175,0,0,1175,T
4-HA,644,1,0,0,1167,1168,C
4-HA,645,1163,0,0,0,1163,A
4-HA,646,0,3,1178,0,1181,G
4-HA,647,0,3,1179,0,1182,G
4-HA,648,1179,0,2,0,1181,A
4-HA,649,1174,0,0,0,1174,A
4-HA,650,0,7,1192,0,1199,G
4-HA,651,1198,0,0,0,1198,A
4-HA,652,1216,0,1,0,1217,A
4-HA,653,1,1227,0,0,1228,T
4-HA,654,3,2,0,1221,1226,C
4-HA,655,1217,1,1,0,1219,A
4-HA,656,3,0,0,1218,1221,C
4-HA,657,1217,0,0,0,1217,A
4-HA,658,0,2,1241,0,1243,G
4-HA,659,0,1223,0,0,1223,T
4-HA,660,6,0,0,1231,1237,C
4-HA,661,0,1217,0,0,1217,T
4-HA,662,6,0,0,1236,1242,C
4-HA,663,1,1243,0,0,1244,T
4-HA,664,1257,0,0,0,1257,A
4-HA,665,1,0,0,1252,1253,C
4-HA,666,2,0,0,1252,1254,C
4-HA,667,1234,0,0,0,1234,A
4-HA,668,1237,0,0,0,1237,A
4-HA,669,1230,0,0,0,1230,A
4-HA,670,1230,0,2,0,1232,A
4-HA,671,0,5,1224,0,1229,G
4-HA,672,1206,0,0,1,1207,A
4-HA,673,1201,0,2,0,1203,A
4-HA,674,0,1,1210,0,1211,G
4-HA,675,1,1,0,1210,1212,C
4-HA,676,1,0,1,1215,1217,C
4-HA,677,1215,1,1,0,1217,A
4-HA,678,1226,2,1,1,1230,A
4-HA,679,1,1,0,1228,1230,C
4-HA,680,1239,0,0,0,1239,A
4-HA,681,1234,2,0,2,1238,A
4-HA,682,1241,0,0,0,1241,A
4-HA,683,4,0,0,1270,1274,C
4-HA,684,0,1264,0,1,1265,T
4-HA,685,0,0,1272,0,1272,G
4-HA,686,0,1268,0,2,1270,T
4-HA,687,1259,0,1,1,1261,A
4-HA,688,0,0,1240,0,1240,G
4-HA,689,0,1245,0,3,1248,T
4-HA,690,9,0,0,1253,1262,C
4-HA,691,6,0,0,1253,1259,C
4-HA,692,12,2,0,1231,1245,C
4-HA,693,0,4,1244,0,1248,G
4-HA,694,1242,2,0,0,1244,A
4-HA,695,1250,0,0,0,1250,A
4-HA,696,0,1250,0,1,1251,T
4-HA,697,1244,0,1,0,1245,A
4-HA,698,0,1243,0,0,1243,T
4-HA,699,5,1,0,1226,1232,C
4-HA,700,0,4,1225,0,1229,G
4-HA,701,0,2,1269,0,1271,G
4-HA,702,1272,0,0,0,1272,A
4-HA,703,0,1274,0,0,1274,T
4-HA,704,2,0,0,1281,1283,C
4-HA,705,1,1276,0,1,1278,T
4-HA,706,1279,0,1,0,1280,A
4-HA,707,0,9,1280,0,1289,G
4-HA,708,1295,0,2,0,1297,A
4-HA,709,3,0,0,1293,1296,C
4-HA,710,7,1,0,1252,1260,C
4-HA,711,10,0,0,1254,1264,C
4-HA,712,1244,0,1,0,1245,A
4-HA,713,0,7,1290,0,1297,G
4-HA,714,1297,0,0,0,1297,A
4-HA,715,0,2,1309,0,1311,G
4-HA,716,0,1293,0,1,1294,T
4-HA,717,1289,0,0,0,1289,A
4-HA,718,1286,1,1,0,1288,A
4-HA,719,0,3,1310,0,1313,G
4-HA,720,0,8,1310,0,1318,G
4-HA,721,1305,0,0,0,1305,A
4-HA,722,1201,0,0,0,1201,A
4-HA,723,1,1188,0,1,1190,T
4-HA,724,1209,0,0,0,1209,A
4-HA,725,0,1205,0,0,1205,T
4-HA,726,4,1,1,1206,1212,C
4-HA,727,6,0,0,1204,1210,C
4-HA,728,4,0,0,1181,1185,C
4-HA,729,0,1175,0,2,1177,T
4-HA,730,1180,0,0,0,1180,A
4-HA,731,0,1,1180,0,1181,G
4-HA,732,1,2,0,1179,1182,C
4-HA,733,1156,0,0,0,1156,A
4-HA,734,0,4,1182,0,1186,G
4-HA,735,1171,1,1,0,1173,A
4-HA,736,1179,0,0,0,1179,A
4-HA,737,1,1175,0,0,1176,T
4-HA,738,1174,0,0,0,1174,A
4-HA,739,1179,0,0,0,1179,A
4-HA,740,2,0,1175,0,1177,G
4-HA,741,0,0,0,1179,1179,C
4-HA,742,1176,0,0,0,1176,A
4-HA,743,0,1145,0,0,1145,T
4-HA,744,5,0,0,1206,1211,C
4-HA,745,0,1208,0,1,1209,T
4-HA,746,1212,0,0,0,1212,A
4-HA,747,0,1209,0,0,1209,T
4-HA,748,1,1201,0,0,1202,T
4-HA,749,0,5,1206,0,1211,G
4-HA,750,0,6,1201,0,1207,G
4-HA,751,1208,0,0,0,1208,A
4-HA,752,0,2,2,1202,1206,C
4-HA,753,1148,0,0,0,1148,A
4-HA,754,1165,0,0,0,1165,A
4-HA,755,0,1214,0,0,1214,T
4-HA,756,1223,0,2,0,1225,A
4-HA,757,0,0,1236,1,1237,G
4-HA,758,0,1223,0,1,1224,T
4-HA,759,1222,0,1,0,1223,A
4-HA,760,1232,0,0,0,1232,A
4-HA,761,1246,0,1,0,1247,A
4-HA,762,1262,0,0,0,1262,A
4-HA,763,0,0,0,1266,1266,C
4-HA,764,6,1,0,1199,1206,C
4-HA,765,1,6,1200,0,1207,G
4-HA,766,1,4,1206,0,1211,G
4-HA,767,1,0,1217,0,1218,G
4-HA,768,1226,0,0,0,1226,A
4-HA,769,0,5,1231,0,1236,G
4-HA,770,1253,0,1,0,1254,A
4-HA,771,1,2,0,1250,1253,C
4-HA,772,1247,1,1,3,1252,A
4-HA,773,0,1253,0,0,1253,T
4-HA,774,1265,0,0,0,1265,A
4-HA,775,3,0,0,1290,1293,C
4-HA,776,1,1284,0,0,1285,T
4-HA,777,0,1291,0,0,1291,T
4-HA,778,0,1299,0,1,1300,T
4-HA,779,0,1293,1,0,1294,T
4-HA,780,1,12,1291,0,1304,G
4-HA,781,1302,1,2,0,1305,A
4-HA,782,0,1302,0,0,1302,T
4-HA,783,0,1335,0,0,1335,T
4-HA,784,1332,0,0,0,1332,A
4-HA,785,1344,0,0,0,1344,A
4-HA,786,3,0,0,1364,1367,C
4-HA,787,1357,0,1,0,1358,A
4-HA,788,0,4,1422,0,1426,G
4-HA,789,2,1,0,1413,1416,C
4-HA,790,1416,1,1,0,1418,A
4-HA,791,0,0,0,1429,1429,C
4-HA,792,1417,0,1,0,1418,A
4-HA,793,1,7,1431,0,1439,G
4-HA,794,0,8,1427,0,1435,G
4-HA,795,0,8,1477,0,1485,G
4-HA,796,1477,0,1,0,1478,A
4-HA,797,1485,1,2,0,1488,A
4-HA,798,0,1488,0,1,1489,T
4-HA,799,5,0,0,1484,1489,C
4-HA,800,0,1495,0,2,1497,T
4-HA,801,1507,0,0,0,1507,A
4-HA,802,1502,0,0,0,1502,A
4-HA,803,0,1499,0,0,1499,T
4-HA,804,0,1451,0,0,1451,T
4-HA,805,0,0,1475,0,1475,G
4-HA,806,1,0,0,1512,1513,C
4-HA,807,0,1558,0,1,1559,T
4-HA,808,11,0,0,1588,1599,C
4-HA,809,0,0,0,1605,1605,C
4-HA,810,1,1600,0,1,1602,T
4-HA,811,1609,0,0,0,1609,A
4-HA,812,1,10,1596,0,1607,G
4-HA,813,0,7,1625,0,1632,G
4-HA,814,1,9,1627,0,1637,G
4-HA,815,0,4,1616,0,1620,G
4-HA,816,0,1573,0,0,1573,T
4-HA,817,1,1554,0,1,1556,T
4-HA,818,1558,0,1,0,1559,A
4-HA,819,0,0,1,1577,1578,C
4-HA,820,0,1571,0,2,1573,T
4-HA,821,0,1573,0,1,1574,T
4-HA,822,1,1,0,1575,1577,C
4-HA,823,1559,0,2,1,1562,A
4-HA,824,1570,0,1,0,1571,A
4-HA,825,1575,1,0,0,1576,A
4-HA,826,1590,1,0,0,1591,A
4-HA,827,1,1586,0,2,1589,T
4-HA,828,1569,0,0,0,1569,A
4-HA,829,0,0,0,1571,1571,C
4-HA,830,4,4,1555,1,1564,G
4-HA,831,1559,1,3,0,1563,A
4-HA,832,1561,0,1,0,1562,A
4-HA,833,0,1,1590,0,1591,G
4-HA,834,0,1588,0,2,1590,T
4-HA,835,0,6,1591,0,1597,G
4-HA,836,1,4,1593,0,1598,G
4-HA,837,0,6,1591,1,1598,G
4-HA,838,1599,0,1,0,1600,A
4-HA,839,1599,0,0,0,1599,A
4-HA,840,1601,0,1,0,1602,A
4-HA,841,1593,0,1,0,1594,A
4-HA,842,0,0,1623,0,1623,G
4-HA,843,3,0,0,1618,1621,C
4-HA,844,1,1604,0,1,1606,T
4-HA,845,9,0,0,1614,1623,C
4-HA,846,1620,0,1,0,1621,A
4-HA,847,1636,0,0,0,1636,A
4-HA,848,0,1634,1,0,1635,T
4-HA,849,1647,0,0,0,1647,A
4-HA,850,1645,0,0,0,1645,A
4-HA,851,2,1618,0,0,1620,T
4-HA,852,1,11,1618,0,1630,G
4-HA,853,1623,1,0,0,1624,A
4-HA,854,1,5,1659,0,1665,G
4-HA,855,1660,2,1,0,1663,A
4-HA,856,0,1651,0,1,1652,T
4-HA,857,10,0,0,1671,1681,C
4-HA,858,1667,0,0,0,1667,A
4-HA,859,0,4,1704,1,1709,G
4-HA,860,1711,0,0,0,1711,A
4-HA,861,0,1704,0,0,1704,T
4-HA,862,0,0,1707,0,1707,G
4-HA,863,1,4,0,1669,1674,C
4-HA,864,1679,0,1,0,1680,A
4-HA,865,3,0,0,1720,1723,C
4-HA,866,6,0,0,1698,1704,C
4-HA,867,6,0,0,1702,1708,C
4-HA,868,1668,1,0,1,1670,A
4-HA,869,0,1670,0,0,1670,T
4-HA,870,1,1660,1,6,1668,T
4-HA,871,1,6,1693,0,1700,G
4-HA,872,1,0,1695,1,1697,G
4-HA,873,1,0,0,1698,1699,C
4-HA,874,1661,0,1,0,1662,A
4-HA,875,1663,0,0,0,1663,A
4-HA,876,1690,0,0,0,1690,A
4-HA,877,1,1690,0,0,1691,T
4-HA,878,1,1,1689,0,1691,G
4-HA,879,2,0,0,1692,1694,C
4-HA,880,1669,0,1,0,1670,A
4-HA,881,1721,0,0,1,1722,A
4-HA,882,0,1719,0,0,1719,T
4-HA,883,0,1733,0,0,1733,T
4-HA,884,4,0,1,1731,1736,C
4-HA,885,1,1701,0,1,1703,T
4-HA,886,3,6,1715,0,1724,G
4-HA,887,1721,0,0,0,1721,A
4-HA,888,1724,0,2,0,1726,A
4-HA,889,1,1728,0,0,1729,T
4-HA,890,0,2,1698,0,1700,G
4-HA,891,1,1,0,1709,1711,C
4-HA,892,1703,0,1,0,1704,A
4-HA,893,2,1701,0,0,1703,T
4-HA,894,6,2,0,1697,1705,C
4-HA,895,1702,0,1,0,1703,A
4-HA,896,2,2,0,1767,1771,C
4-HA,897,0,1756,0,3,1759,T
4-HA,898,11,0,0,1755,1766,C
4-HA,899,9,0,0,1750,1759,C
4-HA,900,1784,0,0,0,1784,A
4-HA,901,1781,0,1,0,1782,A
4-HA,902,1777,0,0,0,1777,A
4-HA,903,0,1703,0,0,1703,T
4-HA,904,2,7,1717,0,1726,G
4-HA,905,3,6,1720,0,1729,G
4-HA,906,1734,1,1,0,1736,A
4-HA,907,1730,0,4,0,1734,A
4-HA,908,1,1,1745,0,1747,G
4-HA,909,1,1,0,1736,1738,C
4-HA,910,1728,0,0,0,1728,A
4-HA,911,1,1730,0,0,1731,T
4-HA,912,1,1727,0,2,1730,T
4-HA,913,2,1,0,1785,1788,C
4-HA,914,6,3,0,1770,1779,C
4-HA,915,9,4,1,1768,1782,C
4-HA,916,1775,0,1,0,1776,A
4-HA,917,1797,1,1,1,1800,A
4-HA,918,0,1826,0,0,1826,T
4-HA,919,0,16,1808,0,1824,G
4-HA,920,1823,0,1,0,1824,A
4-HA,921,1,0,0,1823,1824,C
4-HA,922,1761,1,0,0,1762,A
4-HA,923,1765,0,1,0,1766,A
4-HA,924,1764,0,1,4,1769,A
4-HA,925,2,0,1,1785,1788,C
4-HA,926,8,0,0,1751,1759,C
4-HA,927,1744,1,0,0,1745,A
4-HA,928,0,1741,0,0,1741,T
4-HA,929,1,1746,0,3,1750,T
4-HA,930,6,0,0,1743,1749,C
4-HA,931,2,0,0,1751,1753,C
4-HA,932,1754,0,0,0,1754,A
4-HA,933,1749,0,0,0,1749,A
4-HA,934,1744,0,1,1,1746,A
4-HA,935,1782,0,0,0,1782,A
4-HA,936,0,1775,0,0,1775,T
4-HA,937,2,3,1790,0,1795,G
4-HA,938,0,1792,0,0,1792,T
4-HA,939,1799,0,0,0,1799,A
4-HA,940,1804,0,0,0,1804,A
4-HA,941,1805,0,0,0,1805,A
4-HA,942,1,1,0,1804,1806,C
4-HA,943,1784,0,2,0,1786,A
4-HA,944,1,11,1801,1,1814,G
4-HA,945,0,9,1817,0,1826,G
4-HA,946,1861,0,2,1,1864,A
4-HA,947,1,1860,0,1,1862,T
4-HA,948,9,1,0,1873,1883,C
4-HA,949,1882,0,2,0,1884,A
4-HA,950,3,1,0,1947,1951,C
4-HA,951,1957,0,1,0,1958,A
4-HA,952,1,2022,0,0,2023,T
4-HA,953,1977,0,0,0,1977,A
4-HA,954,6,0,0,1956,1962,C
4-HA,955,1,10,1895,1,1907,G
4-HA,956,0,12,1907,0,1919,G
4-HA,957,0,5,1906,0,1911,G
4-HA,958,0,1,1899,3,1903,G
4-HA,959,1,0,0,1859,1860,C
4-HA,960,3,0,0,1861,1864,C
4-HA,961,0,1809,0,1,1810,T
4-HA,962,0,4,1972,0,1976,G
4-HA,963,0,1978,0,2,1980,T
4-HA,964,9,1,0,1977,1987,C
4-HA,965,10,0,0,1976,1986,C
4-HA,966,6,0,0,1982,1988,C
4-HA,967,1978,0,1,0,1979,A
4-HA,968,1,4,1982,0,1987,G
4-HA,969,1986,0,1,0,1987,A
4-HA,970,0,1983,0,0,1983,T
4-HA,971,1852,1,0,0,1853,A
4-HA,972,0,1839,0,1,1840,T
4-HA,973,1,2,1841,1,1845,G
4-HA,974,0,1829,0,1,1830,T
4-HA,975,0,1797,0,0,1797,T
4-HA,976,1809,0,0,0,1809,A
4-HA,977,1784,0,1,0,1785,A
4-HA,978,0,12,1783,1,1796,G
4-HA,979,3,0,0,1790,1793,C
4-HA,980,1762,0,1,0,1763,A
4-HA,981,1764,0,1,0,1765,A
4-HA,982,1745,0,1,1,1747,A
4-HA,983,1754,0,0,0,1754,A
4-HA,984,2,0,0,1751,1753,C
4-HA,985,1728,0,1,0,1729,A
4-HA,986,1,0,0,1752,1753,C
4-HA,987,0,1720,0,0,1720,T
4-HA,988,9,1,0,1724,1734,C
4-HA,989,0,1730,0,2,1732,T
4-HA,990,0,8,1741,0,1749,G
4-HA,991,1742,1,0,0,1743,A
4-HA,992,1739,0,3,0,1742,A
4-HA,993,1745,1,0,0,1746,A
4-HA,994,0,1728,0,0,1728,T
4-HA,995,0,1716,0,2,1718,T
4-HA,996,1,6,1732,0,1739,G
4-HA,997,1,1,1738,0,1740,G
4-HA,998,2,1,0,1746,1749,C
4-HA,999,1734,0,1,0,1735,A
4-HA,1000,1743,1,1,0,1745,A
4-HA,1001,2,0,0,1753,1755,C
4-HA,1002,1748,0,0,0,1748,A
4-HA,1003,1,5,1754,0,1760,G
4-HA,1004,1,7,1744,0,1752,G
4-HA,1005,0,9,1733,0,1742,G
4-HA,1006,1741,0,0,0,1741,A
4-HA,1007,1,1728,0,0,1729,T
4-HA,1008,1,1,1729,0,1731,G
4-HA,1009,0,0,0,1726,1726,C
4-HA,1010,1,4,1732,0,1737,G
4-HA,1011,1751,0,4,0,1755,A
4-HA,1012,1733,1,0,0,1734,A
4-HA,1013,1748,0,1,0,1749,A
4-HA,1014,0,1737,0,0,1737,T
4-HA,1015,5,2,1756,1,1764,G
4-HA,1016,0,1762,0,0,1762,T
4-HA,1017,1755,0,1,0,1756,A
4-HA,1018,2,0,0,1751,1753,C
4-HA,1019,15,0,0,1731,1746,C
4-HA,1020,1718,1,0,0,1719,A
4-HA,1021,0,5,1720,0,1725,G
4-HA,1022,1698,1,1,0,1700,A
4-HA,1023,0,11,1716,0,1727,G
4-HA,1024,1687,0,1,0,1688,A
4-HA,1025,1686,1,1,0,1688,A
4-HA,1026,1692,0,2,0,1694,A
4-HA,1027,3,0,0,1691,1694,C
4-HA,1028,1673,4,2,0,1679,A
4-HA,1029,1697,0,4,0,1701,A
4-HA,1030,1684,0,1,1,1686,A
4-HA,1031,4,0,0,1693,1697,C
4-HA,1032,0,1677,0,1,1678,T
4-HA,1033,1661,0,2,0,1663,A
4-HA,1034,0,3,1657,0,1660,G
4-HA,1035,1655,0,1,0,1656,A
4-HA,1036,0,3,1690,0,1693,G
4-HA,1037,0,1,1677,0,1678,G
4-HA,1038,1,0,0,1652,1653,C
4-HA,1039,1652,0,0,0,1652,A
4-HA,1040,0,1654,0,1,1655,T
4-HA,1041,1668,0,1,0,1669,A
4-HA,1042,1,1657,0,2,1660,T
4-HA,1043,0,1653,0,0,1653,T
4-HA,1044,0,1650,0,0,1650,T
4-HA,1045,1,9,1585,1,1596,G
4-HA,1046,1,1,1592,0,1594,G
4-HA,1047,3,7,1,1578,1589,C
4-HA,1048,1,1,1587,0,1589,G
4-HA,1049,1,0,0,1576,1577,C
4-HA,1050,1564,0,1,0,1565,A
4-HA,1051,1580,0,1,0,1581,A
4-HA,1052,0,1576,0,0,1576,T
4-HA,1053,8,1,0,1570,1579,C
4-HA,1054,2,0,1582,0,1584,G
4-HA,1055,1,3,0,1575,1579,C
4-HA,1056,0,8,1576,0,1584,G
4-HA,1057,0,5,1577,0,1582,G
4-HA,1058,1,1,1593,0,1595,G
4-HA,1059,1,1584,0,1,1586,T
4-HA,1060,0,1565,0,1,1566,T
4-HA,1061,0,1562,1,0,1563,T
4-HA,1062,5,1,0,1554,1560,C
4-HA,1063,1563,0,0,0,1563,A
4-HA,1064,0,1568,0,0,1568,T
4-HA,1065,1559,1,2,0,1562,A
4-HA,1066,0,2,1574,1,1577,G
4-HA,1067,1537,1,0,0,1538,A
4-HA,1068,1534,0,0,1,1535,A
4-HA,1069,1540,0,0,0,1540,A
4-HA,1070,1547,0,0,0,1547,A
4-HA,1071,0,1553,0,0,1553,T
4-HA,1072,1,8,1556,0,1565,G
4-HA,1073,0,2,1574,0,1576,G
4-HA,1074,0,1564,1,2,1567,T
4-HA,1075,0,1524,1,2,1527,T
4-HA,1076,0,15,1517,0,1532,G
4-HA,1077,1,3,1536,0,1540,G
4-HA,1078,0,4,1541,0,1545,G
4-HA,1079,1517,0,1,0,1518,A
4-HA,1080,0,6,1520,0,1526,G
4-HA,1081,2,10,1504,0,1516,G
4-HA,1082,0,6,1540,0,1546,G
4-HA,1083,1538,0,1,0,1539,A
4-HA,1084,1549,0,0,1,1550,A
4-HA,1085,0,1542,0,0,1542,T
4-HA,1086,1,4,1535,1,1541,G
4-HA,1087,0,3,1569,0,1572,G
4-HA,1088,0,1553,0,1,1554,T
4-HA,1089,0,5,1542,0,1547,G
4-HA,1090,0,4,1543,0,1547,G
4-HA,1091,1509,0,1,0,1510,A
4-HA,1092,0,1511,0,0,1511,T
4-HA,1093,1,13,1519,1,1534,G
4-HA,1094,1,5,1546,0,1552,G
4-HA,1095,1,1526,0,0,1527,T
4-HA,1096,0,1488,0,0,1488,T
4-HA,1097,0,5,1486,1,1492,G
4-HA,1098,1,0,1526,0,1527,G
4-HA,1099,0,1521,0,0,1521,T
4-HA,1100,1516,1,1,0,1518,A
4-HA,1101,2,3,0,1414,1419,C
4-HA,1102,0,9,1424,0,1433,G
4-HA,1103,0,0,1479,0,1479,G
4-HA,1104,0,1473,0,1,1474,T
4-HA,1105,0,1474,0,0,1474,T
4-HA,1106,0,1469,0,0,1469,T
4-HA,1107,3,1,0,1443,1447,C
4-HA,1108,1440,0,2,0,1442,A
4-HA,1109,0,4,1437,0,1441,G
4-HA,1110,0,0,1438,0,1438,G
4-HA,1111,0,0,0,1424,1424,C
4-HA,1112,1380,0,0,0,1380,A
4-HA,1113,0,1383,0,4,1387,T
4-HA,1114,2,0,0,1387,1389,C
4-HA,1115,1391,0,0,0,1391,A
4-HA,1116,1386,0,4,0,1390,A
4-HA,1117,1392,0,1,0,1393,A
4-HA,1118,1406,0,0,0,1406,A
4-HA,1119,0,1403,0,0,1403,T
4-HA,1120,0,1396,0,0,1396,T
4-HA,1121,4,0,0,1401,1405,C
4-HA,1122,0,1383,0,1,1384,T
4-HA,1123,0,4,1389,0,1393,G
4-HA,1124,1392,1,0,0,1393,A
4-HA,1125,0,4,1411,0,1415,G
4-HA,1126,0,2,1468,0,1470,G
4-HA,1127,0,3,1508,0,1511,G
4-HA,1128,1506,0,0,0,1506,A
4-HA,1129,1505,0,1,0,1506,A
4-HA,1130,0,256,1243,0,1499,G
4-HA,1131,1515,0,1,0,1516,A
4-HA,1132,0,6,1519,0,1525,G
4-HA,1133,1,1,1537,0,1539,G
4-HA,1134,1522,1,2,0,1525,A
4-HA,1135,2,0,0,1480,1482,C
4-HA,1136,1413,1,0,0,1414,A
4-HA,1137,1410,0,2,0,1412,A
4-HA,1138,1,1,1417,0,1419,G
4-HA,1139,0,1,0,1419,1420,C
4-HA,1140,1402,0,0,0,1402,A
4-HA,1141,0,0,1403,0,1403,G
4-HA,1142,1,4,0,1390,1395,C
4-HA,1143,1393,0,0,0,1393,A
4-HA,1144,1,1,1417,0,1419,G
4-HA,1145,1402,0,2,0,1404,A
4-HA,1146,0,1440,0,2,1442,T
4-HA,1147,4,0,0,1443,1447,C
4-HA,1148,1,1432,0,1,1434,T
4-HA,1149,8,0,0,1450,1458,C
4-HA,1150,1447,1,1,0,1449,A
4-HA,1151,1452,0,1,0,1453,A
4-HA,1152,1451,0,0,0,1451,A
4-HA,1153,1432,0,1,1,1434,A
4-HA,1154,0,3,1441,0,1444,G
4-HA,1155,0,0,0,1436,1436,C
4-HA,1156,1427,0,0,0,1427,A
4-HA,1157,1,0,0,1466,1467,C
4-HA,1158,1,1451,0,1,1453,T
4-HA,1159,8,0,0,1448,1456,C
4-HA,1160,1455,0,0,0,1455,A
4-HA,1161,1490,0,0,0,1490,A
4-HA,1162,0,0,1493,1,1494,G
4-HA,1163,0,1,0,1486,1487,C
4-HA,1164,1477,0,0,0,1477,A
4-HA,1165,0,2,1487,0,1489,G
4-HA,1166,4,0,0,1458,1462,C
4-HA,1167,1449,0,1,0,1450,A
4-HA,1168,1447,0,0,0,1447,A
4-HA,1169,0,1441,0,0,1441,T
4-HA,1170,6,0,0,1400,1406,C
4-HA,1171,1,6,1408,0,1415,G
4-HA,1172,1418,0,1,0,1419,A
4-HA,1173,0,1411,0,1,1412,T
4-HA,1174,10,1,0,1395,1406,C
4-HA,1175,1397,0,1,0,1398,A
4-HA,1176,1432,0,0,0,1432,A
4-HA,1177,1430,1,2,0,1433,A
4-HA,1178,0,1436,0,0,1436,T
4-HA,1179,6,1,0,1428,1435,C
4-HA,1180,1416,0,0,0,1416,A
4-HA,1181,1427,1,1,0,1429,A
4-HA,1182,0,1425,0,0,1425,T
4-HA,1183,0,5,1422,1,1428,G
4-HA,1184,2,2,1426,0,1430,G
4-HA,1185,1,5,1402,0,1408,G
4-HA,1186,1405,0,0,0,1405,A
4-HA,1187,1399,0,1,0,1400,A
4-HA,1188,0,3,1423,0,1426,G
4-HA,1189,0,0,0,1430,1430,C
4-HA,1190,0,1412,0,1,1413,T
4-HA,1191,0,4,1460,0,1464,G
4-HA,1192,1458,0,1,0,1459,A
4-HA,1193,1461,0,1,0,1462,A
4-HA,1194,0,1459,0,2,1461,T
4-HA,1195,1434,0,2,0,1436,A
4-HA,1196,0,4,1428,0,1432,G
4-HA,1197,1335,0,0,0,1335,A
4-HA,1198,0,1344,0,1,1345,T
4-HA,1199,0,1347,0,0,1347,T
4-HA,1200,0,6,1347,0,1353,G
4-HA,1201,1346,0,1,0,1347,A
4-HA,1202,1,1348,0,0,1349,T
4-HA,1203,6,0,0,1341,1347,C
4-HA,1204,2,2,1341,0,1345,G
4-HA,1205,0,2,1342,0,1344,G
4-HA,1206,1,1,1348,0,1350,G
4-HA,1207,1341,1,0,0,1342,A
4-HA,1208,1340,0,0,0,1340,A
4-HA,1209,1341,0,0,0,1341,A
4-HA,1210,1347,0,2,0,1349,A
4-HA,1211,1,0,0,1353,1354,C
4-HA,1212,4,0,0,1342,1346,C
4-HA,1213,1344,0,0,0,1344,A
4-HA,1214,1342,0,0,2,1344,A
4-HA,1215,2,0,0,1347,1349,C
4-HA,1216,1,6,1342,0,1349,G
4-HA,1217,1347,0,0,0,1347,A
4-HA,1218,0,2,1346,0,1348,G
4-HA,1219,1348,0,0,0,1348,A
4-HA,1220,1349,1,0,0,1350,A
4-HA,1221,1348,1,0,0,1349,A
4-HA,1222,0,1345,0,0,1345,T
4-HA,1223,0,1350,0,1,1351,T
4-HA,1224,6,0,0,1343,1349,C
4-HA,1225,5,0,0,1337,1342,C
4-HA,1226,1343,0,0,0,1343,A
4-HA,1227,0,1342,0,1,1343,T
4-HA,1228,6,1,0,1333,1340,C
4-HA,1229,1329,0,0,0,1329,A
4-HA,1230,0,2,1338,0,1340,G
4-HA,1231,1327,0,0,0,1327,A
4-HA,1232,0,1326,0,0,1326,T
4-HA,1233,0,1316,0,1,1317,T
4-HA,1234,1,7,1320,0,1328,G
4-HA,1235,1327,0,1,0,1328,A
4-HA,1236,1328,0,0,0,1328,A
4-HA,1237,1329,0,0,0,1329,A
4-HA,1238,1330,0,1,0,1331,A
4-HA,1239,1315,0,0,0,1315,A
4-HA,1240,0,3,1318,0,1321,G
4-HA,1241,1318,0,0,0,1318,A
4-HA,1242,1317,0,0,0,1317,A
4-HA,1243,0,1305,0,0,1305,T
4-HA,1244,0,1307,0,0,1307,T
4-HA,1245,5,0,0,1302,1307,C
4-HA,1246,0,1305,1,1,1307,T
4-HA,1247,2,0,0,1302,1304,C
4-HA,1248,1303,0,0,0,1303,A
4-HA,1249,0,2,1309,0,1311,G
4-HA,1250,1301,0,0,0,1301,A
4-HA,1251,1302,0,0,0,1302,A
4-HA,1252,0,0,1309,0,1309,G
4-HA,1253,0,1298,0,1,1299,T
4-HA,1254,8,2,0,1292,1302,C
4-HA,1255,0,1,1303,0,1304,G
4-HA,1256,1302,0,1,0,1303,A
4-HA,1257,1302,0,2,0,1304,A
4-HA,1258,0,3,1301,0,1304,G
4-HA,1259,0,4,1304,1,1309,G
4-HA,1260,0,3,1309,0,1312,G
4-HA,1261,1281,0,1,0,1282,A
4-HA,1262,0,5,1278,0,1283,G
4-HA,1263,1273,0,2,0,1275,A
4-HA,1264,1346,0,0,0,1346,A
4-HA,1265,0,1342,0,0,1342,T
4-HA,1266,1,1336,0,0,1337,T
4-HA,1267,10,0,0,1331,1341,C
4-HA,1268,1301,1,2,0,1304,A
4-HA,1269,0,5,1302,0,1307,G
4-HA,1270,0,2,1304,0,1306,G
4-HA,1271,1297,0,2,0,1299,A
4-HA,1272,3,0,0,1296,1299,C
4-HA,1273,6,0,0,1188,1194,C
4-HA,1274,0,1188,0,0,1188,T
4-HA,1275,1,1156,0,31,1188,T
4-HA,1276,0,6,1190,0,1196,G
4-HA,1277,1193,0,1,0,1194,A
4-HA,1278,0,11,1210,0,1221,G
4-HA,1279,1208,0,0,1,1209,A
4-HA,1280,1139,0,0,0,1139,A
4-HA,1281,1126,0,2,0,1128,A
4-HA,1282,0,1103,0,0,1103,T
4-HA,1283,1122,0,2,0,1124,A
4-HA,1284,0,1117,0,0,1117,T
4-HA,1285,0,1,1135,0,1136,G
4-HA,1286,0,1134,0,1,1135,T
4-HA,1287,2,1100,0,0,1102,T
4-HA,1288,0,3,1099,0,1102,G
4-HA,1289,1096,0,0,0,1096,A
4-HA,1290,0,2,1099,0,1101,G
4-HA,1291,0,4,1095,0,1099,G
4-HA,1292,1070,0,1,0,1071,A
4-HA,1293,3,1,0,1118,1122,C
4-HA,1294,1112,0,0,0,1112,A
4-HA,1295,3,0,0,1110,1113,C
4-HA,1296,0,1102,0,0,1102,T
4-HA,1297,1166,0,1,0,1167,A
4-HA,1298,1182,0,0,0,1182,A
4-HA,1299,1181,0,0,0,1181,A
4-HA,1300,1192,0,0,0,1192,A
4-HA,1301,0,1194,0,1,1195,T
4-HA,1302,1134,0,0,0,1134,A
4-HA,1303,0,1,1144,1,1146,G
4-HA,1304,1119,0,0,0,1119,A
4-HA,1305,0,1127,0,0,1127,T
4-HA,1306,8,1,0,1117,1126,C
4-HA,1307,0,1110,0,2,1112,T
4-HA,1308,6,0,0,1133,1139,C
4-HA,1309,0,1138,0,1,1139,T
4-HA,1310,2,2,1171,0,1175,G
4-HA,1311,1,0,1208,0,1209,G
4-HA,1312,1,1207,0,1,1209,T
4-HA,1313,7,0,0,1208,1215,C
4-HA,1314,1222,0,0,0,1222,A
4-HA,1315,0,1226,0,0,1226,T
4-HA,1316,1226,0,0,0,1226,A
4-HA,1317,1,0,0,1228,1229,C
4-HA,1318,1186,0,0,0,1186,A
4-HA,1319,1196,1,0,0,1197,A
4-HA,1320,1,2,0,1176,1179,C
4-HA,1321,1,2,1176,0,1179,G
4-HA,1322,1,0,5,1172,1178,C
4-HA,1323,0,5,1163,0,1168,G
4-HA,1324,0,9,1184,0,1193,G
4-HA,1325,1176,0,3,0,1179,A
4-HA,1326,2,1,1202,0,1205,G
4-HA,1327,1,0,0,1200,1201,C
4-HA,1328,0,1193,0,1,1194,T
4-HA,1329,0,1205,0,1,1206,T
4-HA,1330,3,0,0,1204,1207,C
4-HA,1331,0,1210,0,0,1210,T
4-HA,1332,0,1208,0,0,1208,T
4-HA,1333,0,1,1207,0,1208,G
4-HA,1334,0,1198,0,4,1202,T
4-HA,1335,0,1182,0,0,1182,T
4-HA,1336,0,1,1200,0,1201,G
4-HA,1337,2,0,0,1190,1192,C
4-HA,1338,7,0,0,1182,1189,C
4-HA,1339,6,0,0,1193,1199,C
4-HA,1340,0,1199,0,1,1200,T
4-HA,1341,0,1,1222,0,1223,G
4-HA,1342,0,6,1215,0,1221,G
4-HA,1343,1215,0,1,0,1216,A
4-HA,1344,1,3,1218,0,1222,G
4-HA,1345,1192,0,0,1,1193,A
4-HA,1346,1204,0,1,0,1205,A
4-HA,1347,1,0,0,1229,1230,C
4-HA,1348,4,2,0,1217,1223,C
4-HA,1349,1216,1,0,0,1217,A
4-HA,1350,1272,2,0,0,1274,A
4-HA,1351,1,0,1,1275,1277,C
4-HA,1352,1273,4,0,1,1278,A
4-HA,1353,0,1275,0,1,1276,T
4-HA,1354,1267,0,0,0,1267,A
4-HA,1355,1,1,1,1290,1293,C
4-HA,1356,1267,0,1,0,1268,A
4-HA,1357,1269,0,0,0,1269,A
4-HA,1358,0,1267,0,0,1267,T
4-HA,1359,0,1231,0,0,1231,T
4-HA,1360,0,7,1236,0,1243,G
4-HA,1361,1250,0,0,0,1250,A
4-HA,1362,0,1251,0,0,1251,T
4-HA,1363,6,0,0,1246,1252,C
4-HA,1364,0,1231,0,0,1231,T
4-HA,1365,1235,0,0,0,1235,A
4-HA,1366,1233,0,0,0,1233,A
4-HA,1367,3,0,0,1230,1233,C
4-HA,1368,0,1225,0,1,1226,T
4-HA,1369,1,9,1201,1,1212,G
4-HA,1370,1209,0,2,0,1211,A
4-HA,1371,1,1,0,1211,1213,C
4-HA,1372,0,1206,0,3,1209,T
4-HA,1373,4,1,0,1207,1212,C
4-HA,1374,1206,0,1,0,1207,A
4-HA,1375,0,9,1230,0,1239,G
4-HA,1376,1240,0,0,0,1240,A
4-HA,1377,1238,1,0,0,1239,A
4-HA,1378,1239,0,1,0,1240,A
4-HA,1379,0,1232,0,0,1232,T
4-HA,1380,0,10,1236,1,1247,G
4-HA,1381,1243,1,1,0,1245,A
4-HA,1382,1247,1,0,0,1248,A
4-HA,1383,0,2,0,1250,1252,C
4-HA,1384,1229,0,0,0,1229,A
4-HA,1385,1229,1,1,0,1231,A
4-HA,1386,1228,0,0,0,1228,A
4-HA,1387,0,0,0,1237,1237,C
4-HA,1388,0,1225,0,0,1225,T
4-HA,1389,0,2,1224,1,1227,G
4-HA,1390,0,1208,0,1,1209,T
4-HA,1391,0,1208,0,1,1209,T
4-HA,1392,0,1211,0,1,1212,T
4-HA,1393,0,5,1206,0,1211,G
4-HA,1394,1211,0,0,0,1211,A
4-HA,1395,1215,0,0,0,1215,A
4-HA,1396,1206,0,0,1,1207,A
4-HA,1397,1208,0,0,0,1208,A
4-HA,1398,1194,0,0,0,1194,A
4-HA,1399,1199,0,0,1,1200,A
4-HA,1400,2,1,0,1200,1203,C
4-HA,1401,1200,0,1,0,1201,A
4-HA,1402,1198,0,0,0,1198,A
4-HA,1403,1200,1,0,0,1201,A
4-HA,1404,0,1,1212,0,1213,G
4-HA,1405,1212,0,1,0,1213,A
4-HA,1406,1208,0,1,0,1209,A
4-HA,1407,0,1,1209,0,1210,G
4-HA,1408,3,1,0,1203,1207,C
4-HA,1409,1208,0,2,0,1210,A
4-HA,1410,1218,0,1,0,1219,A
4-HA,1411,2,0,0,1222,1224,C
4-HA,1412,0,1218,0,0,1218,T
4-HA,1413,0,1,1232,0,1233,G
4-HA,1414,1223,0,1,0,1224,A
4-HA,1415,0,8,1221,0,1229,G
4-HA,1416,0,4,1227,0,1231,G
4-HA,1417,2,7,1227,0,1236,G
4-HA,1418,1233,0,0,0,1233,A
4-HA,1419,1222,0,1,0,1223,A
4-HA,1420,1224,0,0,0,1224,A
4-HA,1421,1237,1,0,0,1238,A
4-HA,1422,0,1233,0,0,1233,T
4-HA,1423,0,3,1239,0,1242,G
4-HA,1424,1,0,0,1240,1241,C
4-HA,1425,0,1230,0,0,1230,T
4-HA,1426,0,6,1227,0,1233,G
4-HA,1427,1233,0,0,0,1233,A
4-HA,1428,0,3,1295,0,1298,G
4-HA,1429,1,2,1309,0,1312,G
4-HA,1430,1292,0,0,0,1292,A
4-HA,1431,0,1289,0,0,1289,T
4-HA,1432,1277,1,0,0,1278,A
4-HA,1433,1,1267,0,0,1268,T
4-HA,1434,1,6,1282,0,1289,G
4-HA,1435,0,8,1299,0,1307,G
4-HA,1436,1,0,1304,0,1305,G
4-HA,1437,0,0,0,1253,1253,C
4-HA,1438,1220,0,0,0,1220,A
4-HA,1439,1222,0,0,0,1222,A
4-HA,1440,0,1219,1,0,1220,T
4-HA,1441,0,7,1215,0,1222,G
4-HA,1442,0,2,1217,0,1219,G
4-HA,1443,0,1204,0,0,1204,T
4-HA,1444,0,1176,0,1,1177,T
4-HA,1445,0,2,1175,0,1177,G
4-HA,1446,0,1178,2,0,1180,T
4-HA,1447,0,1179,0,0,1179,T
4-HA,1448,0,1174,0,2,1176,T
4-HA,1449,3,0,0,1179,1182,C
4-HA,1450,1175,1,0,0,1176,A
4-HA,1451,1177,0,1,0,1178,A
4-HA,1452,1175,0,0,0,1175,A
4-HA,1453,1195,0,0,0,1195,A
4-HA,1454,0,1188,0,0,1188,T
4-HA,1455,1181,0,0,0,1181,A
4-HA,1456,0,1187,0,0,1187,T
4-HA,1457,1185,0,0,0,1185,A
4-HA,1458,2,0,0,1200,1202,C
4-HA,1459,2,0,1,1192,1195,C
4-HA,1460,1195,0,0,0,1195,A
4-HA,1461,2,0,0,1200,1202,C
4-HA,1462,1194,0,0,0,1194,A
4-HA,1463,1196,0,0,0,1196,A
4-HA,1464,1193,1,1,0,1195,A
4-HA,1465,0,1197,0,0,1197,T
4-HA,1466,0,1,1202,0,1203,G
4-HA,1467,0,1175,0,0,1175,T
4-HA,1468,0,9,1176,1,1186,G
4-HA,1469,1185,0,1,0,1186,A
4-HA,1470,0,1,0,1184,1185,C
4-HA,1471,1160,1,2,0,1163,A
4-HA,1472,1163,0,0,0,1163,A
4-HA,1473,0,1168,0,0,1168,T
4-HA,1474,0,0,1182,0,1182,G
4-HA,1475,1,1,0,1173,1175,C
4-HA,1476,3,0,0,1172,1175,C
4-HA,1477,1,1165,0,1,1167,T
4-HA,1478,0,0,1202,0,1202,G
4-HA,1479,0,0,0,1203,1203,C
4-HA,1480,1204,1,1,0,1206,A
4-HA,1481,0,1200,0,2,1202,T
4-HA,1482,1171,0,0,0,1171,A
4-HA,1483,0,3,1187,0,1190,G
4-HA,1484,0,5,1179,0,1184,G
4-HA,1485,1184,0,0,0,1184,A
4-HA,1486,0,1178,0,0,1178,T
4-HA,1487,10,0,0,1119,1129,C
4-HA,1488,1124,0,0,0,1124,A
4-HA,1489,1128,0,0,0,1128,A
4-HA,1490,0,1124,0,0,1124,T
4-HA,1491,6,0,0,1121,1127,C
4-HA,1492,1102,0,0,0,1102,A
4-HA,1493,0,2,1110,0,1112,G
4-HA,1494,1111,0,0,0,1111,A
4-HA,1495,1115,0,0,0,1115,A
4-HA,1496,1114,0,0,0,1114,A
4-HA,1497,0,1108,0,0,1108,T
4-HA,1498,0,3,1094,0,1097,G
4-HA,1499,0,5,1100,0,1105,G
4-HA,1500,1102,0,0,0,1102,A
4-HA,1501,1106,0,0,1,1107,A
4-HA,1502,1,0,0,1109,1110,C
4-HA,1503,0,1094,0,2,1096,T
4-HA,1504,0,1113,0,0,1113,T
4-HA,1505,1116,0,0,0,1116,A
4-HA,1506,2,1113,0,1,1116,T
4-HA,1507,3,14,1100,0,1117,G
4-HA,1508,1113,0,0,0,1113,A
4-HA,1509,1,0,0,1118,1119,C
4-HA,1510,7,0,0,1106,1113,C
4-HA,1511,1090,0,0,0,1090,A
4-HA,1512,3,0,0,1083,1086,C
4-HA,1513,0,1060,1,0,1061,T
4-HA,1514,1271,0,0,0,1271,A
4-HA,1515,0,1290,0,0,1290,T
4-HA,1516,1,0,1338,0,1339,G
4-HA,1517,0,1331,0,1,1332,T
4-HA,1518,1343,0,0,0,1343,A
4-HA,1519,0,1339,0,0,1339,T
4-HA,1520,1318,0,0,0,1318,A
4-HA,1521,3,0,0,1309,1312,C
4-HA,1522,1104,0,0,0,1104,A
4-HA,1523,0,2,1124,0,1126,G
4-HA,1524,1034,0,2,0,1036,A
4-HA,1525,0,5,1016,0,1021,G
4-HA,1526,1022,0,0,0,1022,A
4-HA,1527,0,991,0,0,991,T
4-HA,1528,0,7,984,0,991,G
4-HA,1529,988,0,0,0,988,A
4-HA,1530,983,0,0,0,983,A
4-HA,1531,0,0,1000,0,1000,G
4-HA,1532,1,0,0,985,986,C
4-HA,1533,983,0,0,0,983,A
4-HA,1534,0,975,0,0,975,T
4-HA,1535,0,970,0,1,971,T
4-HA,1536,974,0,0,0,974,A
4-HA,1537,978,0,0,0,978,A
4-HA,1538,977,0,1,1,979,A
4-HA,1539,0,2,0,980,982,C
4-HA,1540,949,0,0,0,949,A
4-HA,1541,955,0,0,0,955,A
4-HA,1542,1,1,0,952,954,C
4-HA,1543,4,0,0,946,950,C
4-HA,1544,3,2,950,0,955,G
4-HA,1545,0,0,961,0,961,G
4-HA,1546,0,960,0,0,960,T
4-HA,1547,1,955,0,0,956,T
4-HA,1548,0,940,0,1,941,T
4-HA,1549,1,1,0,944,946,C
4-HA,1550,949,0,0,0,949,A
4-HA,1551,0,2,962,0,964,G
4-HA,1552,962,0,1,1,964,A
4-HA,1553,0,963,0,0,963,T
4-HA,1554,4,0,0,935,939,C
4-HA,1555,931,0,2,0,933,A
4-HA,1556,936,0,2,0,938,A
4-HA,1557,0,5,934,0,939,G
4-HA,1558,0,0,938,0,938,G
4-HA,1559,0,3,930,0,933,G
4-HA,1560,889,0,2,0,891,A
4-HA,1561,0,0,908,0,908,G
4-HA,1562,0,908,0,1,909,T
4-HA,1563,0,906,0,1,907,T
4-HA,1564,0,8,903,0,911,G
4-HA,1565,905,0,0,0,905,A
4-HA,1566,0,0,905,1,906,G
4-HA,1567,0,0,0,904,904,C
4-HA,1568,0,884,0,2,886,T
4-HA,1569,0,1,890,0,891,G
4-HA,1570,885,0,1,0,886,A
4-HA,1571,889,2,1,0,892,A
4-HA,1572,2,0,889,0,891,G
4-HA,1573,0,873,0,0,873,T
4-HA,1574,2,0,0,869,871,C
4-HA,1575,860,0,0,0,860,A
4-HA,1576,0,4,855,0,859,G
4-HA,1577,1,5,849,0,855,G
4-HA,1578,0,1,831,0,832,G
4-HA,1579,0,854,0,1,855,T
4-HA,1580,855,1,0,0,856,A
4-HA,1581,1,0,4,852,857,C
4-HA,1582,854,0,0,0,854,A
4-HA,1583,855,0,0,0,855,A
4-HA,1584,855,0,0,0,855,A
4-HA,1585,0,0,856,0,856,G
4-HA,1586,828,0,0,0,828,A
4-HA,1587,0,801,0,1,802,T
4-HA,1588,0,790,0,0,790,T
4-HA,1589,0,1,789,0,790,G
4-HA,1590,0,2,787,0,789,G
4-HA,1591,791,0,1,0,792,A
4-HA,1592,2,790,0,0,792,T
4-HA,1593,1,0,0,786,787,C
4-HA,1594,4,0,0,776,780,C
4-HA,1595,0,769,0,0,769,T
4-HA,1596,771,0,0,0,771,A
4-HA,1597,0,770,0,0,770,T
4-HA,1598,1,0,768,0,769,G
4-HA,1599,0,1,768,0,769,G
4-HA,1600,751,1,0,0,752,A
4-HA,1601,1,748,1,1,751,T
4-HA,1602,0,742,0,0,742,T
4-HA,1603,1,738,0,0,739,T
4-HA,1604,0,0,0,738,738,C
4-HA,1605,1,0,0,732,733,C
4-HA,1606,0,726,0,0,726,T
4-HA,1607,0,724,0,0,724,T
4-HA,1608,0,722,0,0,722,T
4-HA,1609,0,0,726,0,726,G
4-HA,1610,1,0,0,724,725,C
4-HA,1611,1,0,1,723,725,C
4-HA,1612,721,0,0,0,721,A
4-HA,1613,0,713,0,0,713,T
4-HA,1614,713,0,0,0,713,A
4-HA,1615,0,715,0,0,715,T
4-HA,1616,9,0,0,695,704,C
4-HA,1617,704,0,1,0,705,A
4-HA,1618,0,695,0,0,695,T
4-HA,1619,1,0,698,0,699,G
4-HA,1620,0,697,0,0,697,T
4-HA,1621,0,692,0,0,692,T
4-HA,1622,0,693,0,0,693,T
4-HA,1623,0,678,0,0,678,T
4-HA,1624,0,677,0,0,677,T
4-HA,1625,0,674,0,0,674,T
4-HA,1626,0,0,675,0,675,G
4-HA,1627,0,0,0,671,671,C
4-HA,1628,0,658,0,1,659,T
4-HA,1629,0,659,0,0,659,T
4-HA,1630,0,659,0,0,659,T
4-HA,1631,0,1,673,0,674,G
4-HA,1632,0,671,0,2,673,T
4-HA,1633,0,0,672,0,672,G
4-HA,1634,0,670,0,1,671,T
4-HA,1635,0,656,0,0,656,T
4-HA,1636,0,0,664,0,664,G
4-HA,1637,3,0,0,660,663,C
4-HA,1638,0,654,0,0,654,T
4-HA,1639,0,657,0,0,657,T
4-HA,1640,0,618,0,0,618,T
4-HA,1641,1,1,621,0,623,G
4-HA,1642,0,620,0,0,620,T
4-HA,1643,0,619,0,0,619,T
4-HA,1644,1,1,616,0,618,G
4-HA,1645,0,5,586,0,591,G
4-HA,1646,0,2,590,0,592,G
4-HA,1647,0,0,591,0,591,G
4-HA,1648,0,573,0,0,573,T
4-HA,1649,0,568,0,0,568,T
4-HA,1650,6,1,0,556,563,C
4-HA,1651,551,0,0,0,551,A
4-HA,1652,1,551,0,1,553,T
4-HA,1653,4,0,0,543,547,C
4-HA,1654,538,0,0,0,538,A
4-HA,1655,0,527,0,0,527,T
4-HA,1656,0,0,523,0,523,G
4-HA,1657,1,509,0,0,510,T
4-HA,1658,0,2,503,0,505,G
4-HA,1659,0,2,482,1,485,G
4-HA,1660,0,0,479,0,479,G
4-HA,1661,0,0,0,468,468,C
4-HA,1662,2,0,0,441,443,C
4-HA,1663,0,416,0,0,416,T
4-HA,1664,0,0,417,0,417,G
4-HA,1665,1,0,0,414,415,C
4-HA,1666,2,1,0,411,414,C
4-HA,1667,412,0,0,0,412,A
4-HA,1668,407,0,0,0,407,A
4-HA,1669,408,0,0,0,408,A
4-HA,1670,405,0,0,0,405,A
4-HA,1671,405,0,0,0,405,A
4-HA,1672,0,0,406,0,406,G
4-HA,1673,0,0,386,0,386,G
4-HA,1674,0,0,0,385,385,C
4-HA,1675,385,0,0,0,385,A
4-HA,1676,387,0,0,0,387,A
4-HA,1677,1,0,0,387,388,C
4-HA,1678,386,0,0,0,386,A
4-HA,1679,1,386,0,0,387,T
4-HA,1680,0,382,0,0,382,T
4-HA,1681,377,0,0,0,377,A
4-HA,1682,0,1,374,0,375,G
4-HA,1683,0,0,374,0,374,G
4-HA,1684,0,360,0,0,360,T
4-HA,1685,0,1,327,0,328,G
4-HA,1686,0,0,0,315,315,C
4-HA,1687,304,0,0,0,304,A
4-HA,1688,300,0,0,0,300,A
4-HA,1689,1,0,0,301,302,C
4-HA,1690,294,0,0,0,294,A
4-HA,1691,0,289,0,0,289,T
4-HA,1692,0,273,0,0,273,T
4-HA,1693,0,271,0,0,271,T
4-HA,1694,0,0,270,0,270,G
4-HA,1695,0,0,0,268,268,C
4-HA,1696,266,0,0,0,266,A
4-HA,1697,0,255,0,1,256,T
4-HA,1698,0,244,0,0,244,T
4-HA,1699,0,239,0,0,239,T
4-HA,1700,0,0,238,0,238,G
4-HA,1701,224,0,0,0,224,A
5-NP,1,694,0,0,0,694,A
5-NP,2,0,694,0,0,694,T
5-NP,3,0,0,693,0,693,G
5-NP,4,0,0,701,0,701,G
5-NP,5,1,0,0,712,713,C
5-NP,6,0,1,743,0,744,G
5-NP,7,0,773,0,2,775,T
5-NP,8,5,0,0,779,784,C
5-NP,9,0,0,0,784,784,C
5-NP,10,4,0,0,781,785,C
5-NP,11,788,1,0,0,789,A
5-NP,12,791,0,0,0,791,A
5-NP,13,1,3,804,0,808,G
5-NP,14,0,3,838,0,841,G
5-NP,15,0,0,0,846,846,C
5-NP,16,849,1,0,0,850,A
5-NP,17,0,0,0,867,867,C
5-NP,18,2,1,0,864,867,C
5-NP,19,875,0,0,0,875,A
5-NP,20,873,1,0,0,874,A
5-NP,21,877,0,2,0,879,A
5-NP,22,0,2,0,876,878,C
5-NP,23,1,7,874,0,882,G
5-NP,24,1,0,956,0,957,G
5-NP,25,0,953,0,2,955,T
5-NP,26,5,1,0,1030,1036,C
5-NP,27,0,1034,0,1,1035,T
5-NP,28,0,1046,0,0,1046,T
5-NP,29,1050,0,0,0,1050,A
5-NP,30,0,1048,0,2,1050,T
5-NP,31,0,6,1052,0,1058,G
5-NP,32,1051,0,0,0,1051,A
5-NP,33,1036,0,3,0,1039,A
5-NP,34,2,1,0,1047,1050,C
5-NP,35,1021,0,0,0,1021,A
5-NP,36,0,1,1096,0,1097,G
5-NP,37,1082,0,0,7,1089,A
5-NP,38,0,1095,0,1,1096,T
5-NP,39,0,2,1097,0,1099,G
5-NP,40,0,2,1099,0,1101,G
5-NP,41,1104,0,1,0,1105,A
5-NP,42,1111,0,0,0,1111,A
5-NP,43,1108,0,0,0,1108,A
5-NP,44,0,0,0,1146,1146,C
5-NP,45,1,1124,0,0,1125,T
5-NP,46,0,2,1140,0,1142,G
5-NP,47,1137,2,1,0,1140,A
5-NP,48,0,1137,0,0,1137,T
5-NP,49,0,9,1129,0,1138,G
5-NP,50,0,8,1138,0,1146,G
5-NP,51,0,4,1139,0,1143,G
5-NP,52,1,9,1140,0,1150,G
5-NP,53,1133,0,0,0,1133,A
5-NP,54,0,1130,0,0,1130,T
5-NP,55,7,2,0,1132,1141,C
5-NP,56,3,1,1141,0,1145,G
5-NP,57,0,0,0,1158,1158,C
5-NP,58,1,0,0,1162,1163,C
5-NP,59,1157,0,2,0,1159,A
5-NP,60,0,6,1168,0,1174,G
5-NP,61,1173,0,0,0,1173,A
5-NP,62,1192,0,0,0,1192,A
5-NP,63,0,1193,0,1,1194,T
5-NP,64,1,1,1188,0,1190,G
5-NP,65,1,1,0,1200,1202,C
5-NP,66,1187,1,0,0,1188,A
5-NP,67,1214,0,0,0,1214,A
5-NP,68,3,0,0,1211,1214,C
5-NP,69,1,1200,0,1,1202,T
5-NP,70,0,5,1215,0,1220,G
5-NP,71,1244,0,0,0,1244,A
5-NP,72,0,3,1296,0,1299,G
5-NP,73,1291,0,0,0,1291,A
5-NP,74,0,1282,0,0,1282,T
5-NP,75,0,1290,0,0,1290,T
5-NP,76,1283,0,1,0,1284,A
5-NP,77,0,3,1289,0,1292,G
5-NP,78,0,6,1282,0,1288,G
5-NP,79,2,1,1290,0,1293,G
5-NP,80,0,0,0,1283,1283,C
5-NP,81,1249,0,1,0,1250,A
5-NP,82,1,1275,0,1,1277,T
5-NP,83,4,0,0,1313,1317,C
5-NP,84,7,0,0,1307,1314,C
5-NP,85,0,0,1312,1,1313,G
5-NP,86,0,1310,0,1,1311,T
5-NP,87,1302,0,0,0,1302,A
5-NP,88,0,6,1325,0,1331,G
5-NP,89,0,4,1329,0,1333,G
5-NP,90,0,1,1353,0,1354,G
5-NP,91,1336,0,0,0,1336,A
5-NP,92,1314,0,1,0,1315,A
5-NP,93,1,1,1317,0,1319,G
5-NP,94,1313,2,2,0,1317,A
5-NP,95,2,1310,0,0,1312,T
5-NP,96,1,5,1310,1,1317,G
5-NP,97,1303,0,2,0,1305,A
5-NP,98,0,1311,0,0,1311,T
5-NP,99,0,1293,0,0,1293,T
5-NP,100,0,4,1289,0,1293,G
5-NP,101,1299,0,0,0,1299,A
5-NP,102,0,1297,0,0,1297,T
5-NP,103,1,3,1292,0,1296,G
5-NP,104,0,8,1329,0,1337,G
5-NP,105,1334,1,0,0,1335,A
5-NP,106,1336,0,0,0,1336,A
5-NP,107,0,1338,0,1,1339,T
5-NP,108,0,1330,0,0,1330,T
5-NP,109,1,6,1335,0,1342,G
5-NP,110,0,4,1335,0,1339,G
5-NP,111,0,7,1334,0,1341,G
5-NP,112,1337,1,0,0,1338,A
5-NP,113,1,1,1347,0,1349,G
5-NP,114,1350,0,0,0,1350,A
5-NP,115,0,1385,0,0,1385,T
5-NP,116,0,1388,0,0,1388,T
5-NP,117,10,0,0,1387,1397,C
5-NP,118,1,1394,0,0,1395,T
5-NP,119,1412,0,2,0,1414,A
5-NP,120,1,0,0,1414,1415,C
5-NP,121,1451,0,1,1,1453,A
5-NP,122,1,1457,0,0,1458,T
5-NP,123,3,0,0,1440,1443,C
5-NP,124,7,0,0,1434,1441,C
5-NP,125,1442,0,0,1,1443,A
5-NP,126,1475,0,1,0,1476,A
5-NP,127,1482,0,0,0,1482,A
5-NP,128,0,1470,0,0,1470,T
5-NP,129,0,2,1478,0,1480,G
5-NP,130,1,1460,0,0,1461,T
5-NP,131,0,1,1484,0,1485,G
5-NP,132,1,2,0,1484,1487,C
5-NP,133,1479,0,0,0,1479,A
5-NP,134,0,0,1,1484,1485,C
5-NP,135,0,1455,0,0,1455,T
5-NP,136,1,8,1511,1,1521,G
5-NP,137,1535,0,0,0,1535,A
5-NP,138,1554,0,2,0,1556,A
5-NP,139,1,0,0,1576,1577,C
5-NP,140,0,1554,0,0,1554,T
5-NP,141,0,1565,0,0,1565,T
5-NP,142,1566,0,0,0,1566,A
5-NP,143,1562,0,0,0,1562,A
5-NP,144,1567,1,1,0,1569,A
5-NP,145,0,0,0,1572,1572,C
5-NP,146,0,1534,1,1,1536,T
5-NP,147,8,0,2,1536,1546,C
5-NP,148,1527,0,0,0,1527,A
5-NP,149,0,4,1559,0,1563,G
5-NP,150,0,1560,0,0,1560,T
5-NP,151,0,5,1566,0,1571,G
5-NP,152,1592,0,0,2,1594,A
5-NP,153,2,1599,0,0,1601,T
5-NP,154,9,0,0,1607,1616,C
5-NP,155,1608,0,1,1,1610,A
5-NP,156,0,1604,2,2,1608,T
5-NP,157,0,7,1600,0,1607,G
5-NP,158,1594,2,2,0,1598,A
5-NP,159,1595,0,1,0,1596,A
5-NP,160,0,6,1597,0,1603,G
5-NP,161,0,4,1578,0,1582,G
5-NP,162,1,1,1587,0,1589,G
5-NP,163,2,2,0,1576,1580,C
5-NP,164,0,7,1576,0,1583,G
5-NP,165,2,3,1591,0,1596,G
5-NP,166,0,1589,0,1,1590,T
5-NP,167,0,1588,0,0,1588,T
5-NP,168,1,6,1590,0,1597,G
5-NP,169,1722,1,5,0,1728,A
5-NP,170,0,1712,1,0,1713,T
5-NP,171,6,0,0,1709,1715,C
5-NP,172,4,0,0,1716,1720,C
5-NP,173,1710,0,0,0,1710,A
5-NP,174,0,8,1706,0,1714,G
5-NP,175,1714,1,0,0,1715,A
5-NP,176,1716,0,0,0,1716,A
5-NP,177,3,0,0,1732,1735,C
5-NP,178,1632,0,0,0,1632,A
5-NP,179,1,3,1649,0,1653,G
5-NP,180,3,0,0,1657,1660,C
5-NP,181,1,1657,0,2,1660,T
5-NP,182,0,1661,0,0,1661,T
5-NP,183,1,9,1658,0,1668,G
5-NP,184,1670,3,2,1,1676,A
5-NP,185,2,1,0,1682,1685,C
5-NP,186,1665,0,1,0,1666,A
5-NP,187,1682,0,0,0,1682,A
5-NP,188,0,1663,0,0,1663,T
5-NP,189,1655,0,0,1,1656,A
5-NP,190,0,4,1658,1,1663,G
5-NP,191,1660,0,1,1,1662,A
5-NP,192,0,6,1670,0,1676,G
5-NP,193,1669,0,1,0,1670,A
5-NP,194,1695,1,0,1,1697,A
5-NP,195,1695,0,0,1,1696,A
5-NP,196,1729,0,0,0,1729,A
5-NP,197,0,1722,0,0,1722,T
5-NP,198,1,10,1705,0,1716,G
5-NP,199,0,0,1711,0,1711,G
5-NP,200,0,1700,0,0,1700,T
5-NP,201,1671,0,0,0,1671,A
5-NP,202,5,0,0,1686,1691,C
5-NP,203,0,1697,0,2,1699,T
5-NP,204,6,0,0,1720,1726,C
5-NP,205,2,1677,0,2,1681,T
5-NP,206,7,1,0,1697,1705,C
5-NP,207,0,1698,0,1,1699,T
5-NP,208,1,1,1713,0,1715,G
5-NP,209,2,0,0,1712,1714,C
5-NP,210,0,1697,0,5,1702,T
5-NP,211,0,1705,0,1,1706,T
5-NP,212,0,1692,0,0,1692,T
5-NP,213,0,1676,0,0,1676,T
5-NP,214,1,5,1686,0,1692,G
5-NP,215,1680,0,1,3,1684,A
5-NP,216,0,1679,0,0,1679,T
5-NP,217,1,5,1674,0,1680,G
5-NP,218,1666,0,0,1,1667,A
5-NP,219,1667,1,1,0,1669,A
5-NP,220,1670,1,0,0,1671,A
5-NP,221,0,2,1673,1,1676,G
5-NP,222,1663,0,10,0,1673,A
5-NP,223,1668,0,2,1,1671,A
5-NP,224,0,5,1682,0,1687,G
5-NP,225,0,5,1743,0,1748,G
5-NP,226,1752,0,0,0,1752,A
5-NP,227,1764,0,1,0,1765,A
5-NP,228,0,1760,0,2,1762,T
5-NP,229,1763,0,0,1,1764,A
5-NP,230,1766,0,1,1,1768,A
5-NP,231,1776,0,0,0,1776,A
5-NP,232,0,1772,0,0,1772,T
5-NP,233,1769,0,0,0,1769,A
5-NP,234,2,0,0,1763,1765,C
5-NP,235,1,0,0,1732,1733,C
5-NP,236,0,1738,0,0,1738,T
5-NP,237,0,3,1734,2,1739,G
5-NP,238,0,1,1761,0,1762,G
5-NP,239,1766,0,0,0,1766,A
5-NP,240,1757,0,0,0,1757,A
5-NP,241,0,12,1776,0,1788,G
5-NP,242,1782,0,2,0,1784,A
5-NP,243,1780,0,1,0,1781,A
5-NP,244,2,0,0,1773,1775,C
5-NP,245,1775,0,0,0,1775,A
5-NP,246,4,0,0,1803,1807,C
5-NP,247,3,0,0,1783,1786,C
5-NP,248,5,0,0,1781,1786,C
5-NP,249,3,1,0,1782,1786,C
5-NP,250,1766,1,0,0,1767,A
5-NP,251,0,3,1768,0,1771,G
5-NP,252,1,1,0,1763,1765,C
5-NP,253,3,1,1763,0,1767,G
5-NP,254,6,1,0,1758,1765,C
5-NP,255,0,7,1728,0,1735,G
5-NP,256,3,5,1751,1,1760,G
5-NP,257,1,1,1750,0,1752,G
5-NP,258,0,4,1761,0,1765,G
5-NP,259,1758,2,1,2,1763,A
5-NP,260,1754,1,2,1,1758,A
5-NP,261,1748,0,1,0,1749,A
5-NP,262,0,2,1756,0,1758,G
5-NP,263,1748,0,0,0,1748,A
5-NP,264,0,1743,0,0,1743,T
5-NP,265,7,0,0,1736,1743,C
5-NP,266,4,0,0,1728,1732,C
5-NP,267,13,0,0,1731,1744,C
5-NP,268,1745,1,0,1,1747,A
5-NP,269,1752,0,0,0,1752,A
5-NP,270,0,2,1760,0,1762,G
5-NP,271,1756,0,0,0,1756,A
5-NP,272,1762,0,0,0,1762,A
5-NP,273,1764,0,0,0,1764,A
5-NP,274,1766,0,0,1,1767,A
5-NP,275,3,0,0,1763,1766,C
5-NP,276,0,1749,0,1,1750,T
5-NP,277,0,9,1737,0,1746,G
5-NP,278,1,2,1751,0,1754,G
5-NP,279,0,3,1746,0,1749,G
5-NP,280,1,6,1738,0,1745,G
5-NP,281,0,11,1729,0,1740,G
5-NP,282,0,1,1762,0,1763,G
5-NP,283,1,0,0,1866,1867,C
5-NP,284,6,0,0,1859,1865,C
5-NP,285,10,1,0,1869,1880,C
5-NP,286,2095,0,0,0,2095,A
5-NP,287,0,2111,0,0,2111,T
5-NP,288,2235,2,0,0,2237,A
5-NP,289,0,2234,0,0,2234,T
5-NP,290,2214,0,0,0,2214,A
5-NP,291,2,0,1,2231,2234,C
5-NP,292,2056,0,0,1,2057,A
5-NP,293,3,7,2075,0,2085,G
5-NP,294,0,13,2066,1,2080,G
5-NP,295,1850,0,0,0,1850,A
5-NP,296,1,13,1847,0,1861,G
5-NP,297,1755,1,2,0,1758,A
5-NP,298,0,2,1774,0,1776,G
5-NP,299,0,1776,0,0,1776,T
5-NP,300,1757,1,0,0,1758,A
5-NP,301,0,2,1766,0,1768,G
5-NP,302,1737,0,1,1,1739,A
5-NP,303,0,1732,0,0,1732,T
5-NP,304,0,6,1722,0,1728,G
5-NP,305,0,5,1734,0,1739,G
5-NP,306,1731,0,4,1,1736,A
5-NP,307,1724,0,0,0,1724,A
5-NP,308,1719,0,0,0,1719,A
5-NP,309,1729,1,0,0,1730,A
5-NP,310,0,1721,0,0,1721,T
5-NP,311,0,8,1736,1,1745,G
5-NP,312,0,2,1741,0,1743,G
5-NP,313,1742,0,0,0,1742,A
5-NP,314,0,1729,0,1,1730,T
5-NP,315,0,4,1730,0,1734,G
5-NP,316,1731,0,2,0,1733,A
5-NP,317,0,8,1744,1,1753,G
5-NP,318,0,6,1741,0,1747,G
5-NP,319,3,9,1741,0,1753,G
5-NP,320,1768,2,2,0,1772,A
5-NP,321,1777,0,2,0,1779,A
5-NP,322,0,0,0,1807,1807,C
5-NP,323,1,1794,1,1,1797,T
5-NP,324,8,3,0,1830,1841,C
5-NP,325,0,0,1847,0,1847,G
5-NP,326,0,1855,0,3,1858,T
5-NP,327,5,0,0,1858,1863,C
5-NP,328,8,0,0,2015,2023,C
5-NP,329,0,2003,0,2,2005,T
5-NP,330,0,2017,0,0,2017,T
5-NP,331,0,2018,0,0,2018,T
5-NP,332,2034,0,0,0,2034,A
5-NP,333,1,2029,0,1,2031,T
5-NP,334,0,16,2014,0,2030,G
5-NP,335,2042,0,5,0,2047,A
5-NP,336,2,0,0,2045,2047,C
5-NP,337,2008,0,0,0,2008,A
5-NP,338,2016,0,0,0,2016,A
5-NP,339,2028,0,0,0,2028,A
5-NP,340,0,8,2110,1,2119,G
5-NP,341,2112,1,0,0,2113,A
5-NP,342,2110,1,1,0,2112,A
5-NP,343,0,9,2187,1,2197,G
5-NP,344,2206,0,0,0,2206,A
5-NP,345,2214,0,0,0,2214,A
5-NP,346,2214,0,0,1,2215,A
5-NP,347,0,2206,0,0,2206,T
5-NP,348,2207,0,1,0,2208,A
5-NP,349,2187,0,0,0,2187,A
5-NP,350,0,9,2208,0,2217,G
5-NP,351,1,3,2203,0,2207,G
5-NP,352,3,3,0,2185,2191,C
5-NP,353,0,6,2179,1,2186,G
5-NP,354,2195,0,0,0,2195,A
5-NP,355,2222,0,0,0,2222,A
5-NP,356,0,2215,0,0,2215,T
5-NP,357,4,0,0,2218,2222,C
5-NP,358,1,2218,0,0,2219,T
5-NP,359,1,7,2208,0,2216,G
5-NP,360,0,1,2211,1,2213,G
5-NP,361,1,1,0,2225,2227,C
5-NP,362,3,3,2218,0,2224,G
5-NP,363,0,0,0,2227,2227,C
5-NP,364,6,1,0,2213,2220,C
5-NP,365,2237,0,1,0,2238,A
5-NP,366,2277,0,0,1,2278,A
5-NP,367,1,1,2354,0,2356,G
5-NP,368,0,0,0,2357,2357,C
5-NP,369,9,1,0,2385,2395,C
5-NP,370,2390,0,3,0,2393,A
5-NP,371,2431,0,5,0,2436,A
5-NP,372,8,1,0,2455,2464,C
5-NP,373,2455,1,2,0,2458,A
5-NP,374,2520,0,0,1,2521,A
5-NP,375,0,2516,0,0,2516,T
5-NP,376,2,11,2537,0,2550,G
5-NP,377,1,5,2543,0,2549,G
5-NP,378,1,2527,0,1,2529,T
5-NP,379,1,12,2519,0,2532,G
5-NP,380,2502,0,2,0,2504,A
5-NP,381,0,9,2568,0,2577,G
5-NP,382,0,6,2571,0,2577,G
5-NP,383,2589,0,1,0,2590,A
5-NP,384,1,2799,0,2,2802,T
5-NP,385,1,2,2811,0,2814,G
5-NP,386,2,1,0,2831,2834,C
5-NP,387,1,2833,0,2,2836,T
5-NP,388,2857,0,1,0,2858,A
5-NP,389,4,1,0,2912,2917,C
5-NP,390,2889,0,0,0,2889,A
5-NP,391,0,2876,0,1,2877,T
5-NP,392,9,1,0,2859,2869,C
5-NP,393,0,2749,0,1,2750,T
5-NP,394,1,15,2849,1,2866,G
5-NP,395,0,5,2925,0,2930,G
5-NP,396,1,2924,0,0,2925,T
5-NP,397,12,0,1,2913,2926,C
5-NP,398,0,2899,0,3,2902,T
5-NP,399,2953,0,0,0,2953,A
5-NP,400,2954,0,3,1,2958,A
5-NP,401,5,1,0,2981,2987,C
5-NP,402,1,2978,0,2,2981,T
5-NP,403,16,0,0,2987,3003,C
5-NP,404,2984,0,3,1,2988,A
5-NP,405,0,0,0,3108,3108,C
5-NP,406,3103,0,3,0,3106,A
5-NP,407,1,3110,0,0,3111,T
5-NP,408,3073,0,1,0,3074,A
5-NP,409,3092,1,1,0,3094,A
5-NP,410,0,3109,0,0,3109,T
5-NP,411,0,22,3127,1,3150,G
5-NP,412,3140,1,1,0,3142,A
5-NP,413,1,3111,0,2,3114,T
5-NP,414,1,3054,0,1,3056,T
5-NP,415,0,3064,0,0,3064,T
5-NP,416,0,21,3031,0,3052,G
5-NP,417,1,0,3064,0,3065,G
5-NP,418,1,0,1,3063,3065,C
5-NP,419,3046,0,1,7,3054,A
5-NP,420,0,3051,0,2,3053,T
5-NP,421,1,3037,0,2,3040,T
5-NP,422,6,0,0,3040,3046,C
5-NP,423,6,0,0,3052,3058,C
5-NP,424,3087,1,0,1,3089,A
5-NP,425,3098,1,1,0,3100,A
5-NP,426,0,3088,0,2,3090,T
5-NP,427,0,3099,0,1,3100,T
5-NP,428,0,3089,0,3,3092,T
5-NP,429,2,7,3111,1,3121,G
5-NP,430,3116,0,3,0,3119,A
5-NP,431,3122,0,1,1,3124,A
5-NP,432,1,3142,0,8,3151,T
5-NP,433,1,17,3104,2,3124,G
5-NP,434,3260,2,3,0,3265,A
5-NP,435,1,3266,0,2,3269,T
5-NP,436,1,3,3295,0,3299,G
5-NP,437,1,1,0,3388,3390,C
5-NP,438,3374,0,2,1,3377,A
5-NP,439,3512,1,1,0,3514,A
5-NP,440,2,2,0,3518,3522,C
5-NP,441,3584,1,0,1,3586,A
5-NP,442,0,3673,0,1,3674,T
5-NP,443,3590,0,3,1,3594,A
5-NP,444,4,3,1,3657,3665,C
5-NP,445,14,0,0,3642,3656,C
5-NP,446,3577,0,2,0,3579,A
5-NP,447,0,5,3621,0,3626,G
5-NP,448,3518,1,2,1,3522,A
5-NP,449,2,15,3587,1,3605,G
5-NP,450,2,16,3579,2,3599,G
5-NP,451,3560,0,3,0,3563,A
5-NP,452,3,0,0,3586,3589,C
5-NP,453,3533,1,0,0,3534,A
5-NP,454,3527,1,1,0,3529,A
5-NP,455,0,17,3543,0,3560,G
5-NP,456,3506,0,5,0,3511,A
5-NP,457,0,3,3531,0,3534,G
5-NP,458,3,0,0,3519,3522,C
5-NP,459,0,3494,1,9,3504,T
5-NP,460,13,1,0,3504,3518,C
5-NP,461,1,3492,4,3,3500,T
5-NP,462,0,3521,0,0,3521,T
5-NP,463,1,6,3538,0,3545,G
5-NP,464,0,3524,0,2,3526,T
5-NP,465,0,3522,1,2,3525,T
5-NP,466,24,1,0,3492,3517,C
5-NP,467,2,28,3495,0,3525,G
5-NP,468,3581,0,0,0,3581,A
5-NP,469,3567,1,0,0,3568,A
5-NP,470,3,0,1,3591,3595,C
5-NP,471,0,3580,0,0,3580,T
5-NP,472,0,15,3625,0,3640,G
5-NP,473,0,12,3647,0,3659,G
5-NP,474,3659,0,2,0,3661,A
5-NP,475,3666,0,2,0,3668,A
5-NP,476,3,3654,0,1,3658,T
5-NP,477,0,9,3650,1,3660,G
5-NP,478,1,10,3683,0,3694,G
5-NP,479,3709,1,3,0,3713,A
5-NP,480,1,3726,1,1,3729,T
5-NP,481,11,0,1,3736,3748,C
5-NP,482,9,0,0,3733,3742,C
5-NP,483,15,1,1,3741,3758,C
5-NP,484,3775,0,2,0,3777,A
5-NP,485,1,12,3807,0,3820,G
5-NP,486,3814,2,1,0,3817,A
5-NP,487,3825,0,0,0,3825,A
5-NP,488,0,3789,0,1,3790,T
5-NP,489,3,9,3822,0,3834,G
5-NP,490,0,3804,0,1,3805,T
5-NP,491,6,4,3807,0,3817,G
5-NP,492,0,1,1,3810,3812,C
5-NP,493,1,3789,0,4,3794,T
5-NP,494,18,2,0,3940,3960,C
5-NP,495,1,3928,0,2,3931,T
5-NP,496,13,1,1,4047,4062,C
5-NP,497,1,4042,0,3,4046,T
5-NP,498,0,12,4039,0,4051,G
5-NP,499,4094,0,2,0,4096,A
5-NP,500,0,4079,0,1,4080,T
5-NP,501,1,6,4079,0,4086,G
5-NP,502,2,1,2,4070,4075,C
5-NP,503,3909,2,2,1,3914,A
5-NP,504,0,10,3996,0,4006,G
5-NP,505,2,11,3905,2,3920,G
5-NP,506,3,5,3957,0,3965,G
5-NP,507,3,0,0,3952,3955,C
5-NP,508,0,3922,0,5,3927,T
5-NP,509,13,5,0,3928,3946,C
5-NP,510,4,35,3908,0,3947,G
5-NP,511,3992,0,4,0,3996,A
5-NP,512,1,0,0,3988,3989,C
5-NP,513,0,3906,0,3,3909,T
5-NP,514,17,0,0,4097,4114,C
5-NP,515,2,4082,0,4,4088,T
5-NP,516,20,4,0,4525,4549,C
5-NP,517,22,1,1,4530,4554,C
5-NP,518,13,0,1,4539,4553,C
5-NP,519,0,4546,0,6,4552,T
5-NP,520,4514,0,1,0,4515,A
5-NP,521,1,9,4509,0,4519,G
5-NP,522,4507,2,1,0,4510,A
5-NP,523,4383,0,2,0,4385,A
5-NP,524,0,15,4395,0,4410,G
5-NP,525,1,6,4258,0,4265,G
5-NP,526,1,4183,0,1,4185,T
5-NP,527,16,1,0,4172,4189,C
5-NP,528,11,7,0,4175,4193,C
5-NP,529,7,20,4162,2,4191,G
5-NP,530,0,20,4193,0,4213,G
5-NP,531,4192,1,3,0,4196,A
5-NP,532,0,1,4254,0,4255,G
5-NP,533,2,2,0,4270,4274,C
5-NP,534,0,4180,0,5,4185,T
5-NP,535,4,3,4186,0,4193,G
5-NP,536,1,1,1,4193,4196,C
5-NP,537,4194,2,8,0,4204,A
5-NP,538,2,10,4221,0,4233,G
5-NP,539,1,9,4236,0,4246,G
5-NP,540,0,4235,0,1,4236,T
5-NP,541,0,7,4192,1,4200,G
5-NP,542,3,3,0,4209,4215,C
5-NP,543,1,4195,0,1,4197,T
5-NP,544,3,5,4198,0,4206,G
5-NP,545,2,3,0,4200,4205,C
5-NP,546,4231,1,6,0,4238,A
5-NP,547,0,5,4308,0,4313,G
5-NP,548,0,4268,0,2,4270,T
5-NP,549,26,1,0,4247,4274,C
5-NP,550,4267,0,0,0,4267,A
5-NP,551,4264,0,1,1,4266,A
5-NP,552,4249,0,10,2,4261,A
5-NP,553,1,13,4287,1,4302,G
5-NP,554,0,13,4325,0,4338,G
5-NP,555,4336,0,1,0,4337,A
5-NP,556,4300,0,0,1,4301,A
5-NP,557,3,4294,0,2,4299,T
5-NP,558,13,3,0,4283,4299,C
5-NP,559,7,17,4274,0,4298,G
5-NP,560,1,15,4407,0,4423,G
5-NP,561,2,13,4412,0,4427,G
5-NP,562,4403,3,2,0,4408,A
5-NP,563,3,3,0,4406,4412,C
5-NP,564,4333,0,0,0,4333,A
5-NP,565,4428,0,1,0,4429,A
5-NP,566,0,4443,0,0,4443,T
5-NP,567,2,19,4450,0,4471,G
5-NP,568,3,12,4497,0,4512,G
5-NP,569,2,4400,0,0,4402,T
5-NP,570,1,17,4392,1,4411,G
5-NP,571,4405,1,5,0,4411,A
5-NP,572,0,4386,0,0,4386,T
5-NP,573,1,18,4378,1,4398,G
5-NP,574,1,13,4452,0,4466,G
5-NP,575,4452,0,1,0,4453,A
5-NP,576,4440,1,2,0,4443,A
5-NP,577,4,1,0,4420,4425,C
5-NP,578,0,4353,0,1,4354,T
5-NP,579,4342,0,1,1,4344,A
5-NP,580,4542,0,1,0,4543,A
5-NP,581,0,4548,0,0,4548,T
5-NP,582,20,3,1,4531,4555,C
5-NP,583,4416,1,1,0,4418,A
5-NP,584,0,10,4477,0,4487,G
5-NP,585,4472,0,2,0,4474,A
5-NP,586,4479,1,0,0,4480,A
5-NP,587,1,4466,0,3,4470,T
5-NP,588,5,21,4410,1,4437,G
5-NP,589,0,4,4498,1,4503,G
5-NP,590,0,4489,0,4,4493,T
5-NP,591,27,2,0,4468,4497,C
5-NP,592,4495,0,0,1,4496,A
5-NP,593,4488,1,2,0,4491,A
5-NP,594,4496,0,3,2,4501,A
5-NP,595,1,6,0,4492,4499,C
5-NP,596,2,23,4455,1,4481,G
5-NP,597,2,25,4472,2,4501,G
5-NP,598,2,26,4436,0,4464,G
5-NP,599,1,14,4453,0,4468,G
5-NP,600,1,11,4470,0,4482,G
5-NP,601,4484,1,4,0,4489,A
5-NP,602,0,4443,1,4,4448,T
5-NP,603,18,1,0,4424,4443,C
5-NP,604,4444,2,2,0,4448,A
5-NP,605,4440,2,5,0,4447,A
5-NP,606,3,4,0,4398,4405,C
5-NP,607,5,21,4357,0,4383,G
5-NP,608,4375,3,2,0,4380,A
5-NP,609,1,4360,0,1,4362,T
5-NP,610,24,0,1,4349,4374,C
5-NP,611,1,14,4363,0,4378,G
5-NP,612,4385,0,0,0,4385,A
5-NP,613,4382,0,1,0,4383,A
5-NP,614,4375,0,0,1,4376,A
5-NP,615,0,4423,0,0,4423,T
5-NP,616,1,4417,0,2,4420,T
5-NP,617,2,4403,1,0,4406,T
5-NP,618,1,4417,0,3,4421,T
5-NP,619,1,4424,1,1,4427,T
5-NP,620,2,11,4425,0,4438,G
5-NP,621,0,16,4423,0,4439,G
5-NP,622,4416,0,11,2,4429,A
5-NP,623,2,10,4432,0,4444,G
5-NP,624,4379,1,0,0,4380,A
5-NP,625,0,9,4569,0,4578,G
5-NP,626,3,5,4583,0,4591,G
5-NP,627,0,4586,1,2,4589,T
5-NP,628,1,18,4590,0,4609,G
5-NP,629,4590,0,8,1,4599,A
5-NP,630,1,24,4606,0,4631,G
5-NP,631,4626,0,2,0,4628,A
5-NP,632,4607,2,0,0,4609,A
5-NP,633,0,4594,0,3,4597,T
5-NP,634,0,24,4428,0,4452,G
5-NP,635,0,12,4407,1,4420,G
5-NP,636,4363,4,4,0,4371,A
5-NP,637,1,4,0,4384,4389,C
5-NP,638,4,21,4366,0,4391,G
5-NP,639,1,11,4464,0,4476,G
5-NP,640,4461,1,2,1,4465,A
5-NP,641,4465,1,0,1,4467,A
5-NP,642,4512,2,1,1,4516,A
5-NP,643,4522,1,0,2,4525,A
5-NP,644,6,2,0,4554,4562,C
5-NP,645,4540,0,2,0,4542,A
5-NP,646,4544,0,1,0,4545,A
5-NP,647,3,13,4523,0,4539,G
5-NP,648,4414,1,2,0,4417,A
5-NP,649,4434,0,2,2,4438,A
5-NP,650,0,5,4540,1,4546,G
5-NP,651,1,4538,0,1,4540,T
5-NP,652,0,8,4775,0,4783,G
5-NP,653,2,0,0,4730,4732,C
5-NP,654,0,4731,0,10,4741,T
5-NP,655,0,4770,1,3,4774,T
5-NP,656,4826,0,0,0,4826,A
5-NP,657,1,4819,0,0,4820,T
5-NP,658,0,26,4816,1,4843,G
5-NP,659,4712,0,4,0,4716,A
5-NP,660,15,21,4710,0,4746,G
5-NP,661,4513,1,2,0,4516,A
5-NP,662,7,14,4522,0,4543,G
5-NP,663,4515,0,1,0,4516,A
5-NP,664,4567,0,2,0,4569,A
5-NP,665,2,4516,0,2,4520,T
5-NP,666,4,8,4574,0,4586,G
5-NP,667,0,4560,0,3,4563,T
5-NP,668,6,2,4572,0,4580,G
5-NP,669,1,0,1,4566,4568,C
5-NP,670,4555,1,1,0,4557,A
5-NP,671,4584,1,3,0,4588,A
5-NP,672,12,1,0,4566,4579,C
5-NP,673,4519,2,1,0,4522,A
5-NP,674,2,4532,0,3,4537,T
5-NP,675,1,4476,1,7,4485,T
5-NP,676,23,1,0,4489,4513,C
5-NP,677,2,4471,0,2,4475,T
5-NP,678,0,4483,0,0,4483,T
5-NP,679,4486,1,0,1,4488,A
5-NP,680,4472,0,0,1,4473,A
5-NP,681,4473,0,2,0,4475,A
5-NP,682,0,9,4482,0,4491,G
5-NP,683,0,7,4477,0,4484,G
5-NP,684,4463,2,0,1,4466,A
5-NP,685,4466,1,2,0,4469,A
5-NP,686,4469,0,1,1,4471,A
5-NP,687,4416,0,110,0,4526,A
5-NP,688,0,4538,0,0,4538,T
5-NP,689,1,4537,0,0,4538,T
5-NP,690,2,4533,1,1,4537,T
5-NP,691,20,3,1,4530,4554,C
5-NP,692,4564,0,2,0,4566,A
5-NP,693,4562,0,2,0,4564,A
5-NP,694,4560,0,0,0,4560,A
5-NP,695,6,2,0,4612,4620,C
5-NP,696,3009,8,1542,0,4559,A
5-NP,697,1,1,4671,0,4673,G
5-NP,698,1,5,0,4664,4670,C
5-NP,699,0,4662,0,6,4668,T
5-NP,700,0,5,4736,0,4741,G
5-NP,701,3,1,0,4706,4710,C
5-NP,702,4749,1,5,0,4755,A
5-NP,703,4,1,0,4760,4765,C
5-NP,704,4696,1,0,0,4697,A
5-NP,705,4719,0,4,0,4723,A
5-NP,706,4606,0,5,0,4611,A
5-NP,707,0,44,4746,0,4790,G
5-NP,708,4768,0,9,0,4777,A
5-NP,709,3,4,4789,0,4796,G
5-NP,710,4,6,0,4757,4767,C
5-NP,711,4759,0,2,1,4762,A
5-NP,712,4913,1,2,0,4916,A
5-NP,713,1,4903,0,2,4906,T
5-NP,714,2,27,4886,1,4916,G
5-NP,715,0,6,4936,0,4942,G
5-NP,716,0,4768,1,7,4776,T
5-NP,717,4,25,4742,1,4772,G
5-NP,718,10,20,4776,1,4807,G
5-NP,719,4800,0,1,0,4801,A
5-NP,720,1,4786,1,3,4791,T
5-NP,721,28,0,1,4628,4657,C
5-NP,722,4664,1,1,1,4667,A
5-NP,723,4685,0,1,0,4686,A
5-NP,724,1,5,4686,0,4692,G
5-NP,725,0,4654,0,1,4655,T
5-NP,726,2,22,4643,0,4667,G
5-NP,727,4575,0,6,0,4581,A
5-NP,728,0,23,4583,0,4606,G
5-NP,729,4587,1,4,0,4592,A
5-NP,730,0,11,4587,1,4599,G
5-NP,731,4561,1,1,1,4564,A
5-NP,732,4486,1,1,0,4488,A
5-NP,733,4495,0,6,1,4502,A
5-NP,734,1,9,4521,0,4531,G
5-NP,735,1,4506,0,2,4509,T
5-NP,736,24,3,0,4472,4499,C
5-NP,737,10,12,4466,1,4489,G
5-NP,738,0,13,4474,0,4487,G
5-NP,739,4497,1,1,0,4499,A
5-NP,740,4516,0,2,0,4518,A
5-NP,741,6,1,0,4529,4536,C
5-NP,742,24,0,0,4471,4495,C
5-NP,743,27,0,0,4483,4510,C
5-NP,744,4492,0,3,1,4496,A
5-NP,745,2,10,4505,0,4517,G
5-NP,746,0,14,4516,1,4531,G
5-NP,747,4514,0,3,0,4517,A
5-NP,748,4515,0,3,0,4518,A
5-NP,749,4500,0,1,0,4501,A
5-NP,750,6,3,0,4490,4499,C
5-NP,751,13,7,4458,0,4478,G
5-NP,752,3,3,0,4464,4470,C
5-NP,753,2,4442,0,5,4449,T
5-NP,754,2,23,4433,2,4460,G
5-NP,755,4423,1,13,0,4437,A
5-NP,756,0,18,4486,0,4504,G
5-NP,757,4518,0,2,0,4520,A
5-NP,758,1,4503,0,2,4506,T
5-NP,759,16,6,0,4430,4452,C
5-NP,760,2,9,4444,0,4455,G
5-NP,761,4449,1,2,1,4453,A
5-NP,762,4457,0,2,0,4459,A
5-NP,763,1,13,4460,0,4474,G
5-NP,764,4472,1,1,0,4474,A
5-NP,765,1,4430,1,0,4432,T
5-NP,766,10,1,0,4471,4482,C
5-NP,767,0,4467,0,4,4471,T
5-NP,768,21,1,0,4489,4511,C
5-NP,769,4514,0,2,1,4517,A
5-NP,770,2,4499,0,0,4501,T
5-NP,771,4516,2,1,0,4519,A
5-NP,772,0,4510,0,1,4511,T
5-NP,773,0,4475,0,1,4476,T
5-NP,774,0,4458,0,0,4458,T
5-NP,775,1,4409,0,0,4410,T
5-NP,776,0,4413,0,4,4417,T
5-NP,777,4431,0,1,0,4432,A
5-NP,778,1,4,4424,0,4429,G
5-NP,779,2,1,0,4428,4431,C
5-NP,780,4407,1,3,0,4411,A
5-NP,781,4400,0,1,1,4402,A
5-NP,782,8,8,4530,0,4546,G
5-NP,783,4546,2,0,1,4549,A
5-NP,784,0,4551,1,2,4554,T
5-NP,785,4,0,0,4578,4582,C
5-NP,786,1,4565,0,6,4572,T
5-NP,787,0,8,4670,0,4678,G
5-NP,788,1,0,1,4681,4683,C
5-NP,789,4689,0,1,1,4691,A
5-NP,790,0,4732,0,3,4735,T
5-NP,791,0,4576,0,0,4576,T
5-NP,792,1,16,4865,0,4882,G
5-NP,793,4967,0,1,1,4969,A
5-NP,794,0,4953,0,0,4953,T
5-NP,795,4963,0,1,0,4964,A
5-NP,796,0,4839,0,1,4840,T
5-NP,797,0,4798,0,2,4800,T
5-NP,798,0,22,4838,0,4860,G
5-NP,799,4781,0,2,0,4783,A
5-NP,800,1,13,4809,1,4824,G
5-NP,801,4594,1,8,0,4603,A
5-NP,802,0,15,4501,0,4516,G
5-NP,803,0,24,4565,0,4589,G
5-NP,804,4562,2,1,0,4565,A
5-NP,805,1,4562,0,1,4564,T
5-NP,806,28,2,2,4539,4571,C
5-NP,807,4541,0,1,0,4542,A
5-NP,808,1,9,4563,0,4573,G
5-NP,809,0,4538,0,1,4539,T
5-NP,810,1,4510,0,1,4512,T
5-NP,811,4,2,4522,0,4528,G
5-NP,812,2,0,0,4464,4466,C
5-NP,813,1,4458,0,6,4465,T
5-NP,814,40,0,0,4472,4512,C
5-NP,815,4505,0,2,0,4507,A
5-NP,816,7,2,0,4522,4531,C
5-NP,817,4487,1,0,0,4488,A
5-NP,818,4530,0,2,0,4532,A
5-NP,819,4546,1,2,0,4549,A
5-NP,820,1,4545,0,1,4547,T
5-NP,821,12,0,0,4549,4561,C
5-NP,822,0,4544,0,1,4545,T
5-NP,823,0,4538,0,1,4539,T
5-NP,824,1,3,4554,0,4558,G
5-NP,825,3,2,0,4557,4562,C
5-NP,826,20,0,0,4610,4630,C
5-NP,827,0,4605,0,2,4607,T
5-NP,828,4645,0,1,0,4646,A
5-NP,829,3,3,0,4638,4644,C
5-NP,830,11,0,0,4635,4646,C
5-NP,831,1,4634,0,4,4639,T
5-NP,832,0,4,4698,0,4702,G
5-NP,833,7,0,0,4678,4685,C
5-NP,834,11,1,1,4682,4695,C
5-NP,835,2,4613,0,3,4618,T
5-NP,836,2,3,4663,1,4669,G
5-NP,837,2,4629,0,1,4632,T
5-NP,838,1,6,4670,0,4677,G
5-NP,839,4,3,1,4686,4694,C
5-NP,840,3,4,4757,0,4764,G
5-NP,841,0,4670,1,4,4675,T
5-NP,842,4667,0,0,0,4667,A
5-NP,843,1,4672,0,0,4673,T
5-NP,844,0,22,4655,0,4677,G
5-NP,845,1,14,4833,0,4848,G
5-NP,846,4818,1,6,0,4825,A
5-NP,847,6,2,1,4748,4757,C
5-NP,848,17,1,0,4727,4745,C
5-NP,849,3,4652,0,4,4659,T
5-NP,850,8,1,4876,1,4886,G
5-NP,851,1,2,0,4890,4893,C
5-NP,852,4897,0,4,0,4901,A
5-NP,853,4,8,4982,0,4994,G
5-NP,854,1,4705,0,1,4707,T
5-NP,855,4903,0,3,0,4906,A
5-NP,856,0,4882,1,3,4886,T
5-NP,857,9,0,0,4866,4875,C
5-NP,858,17,2,0,4862,4881,C
5-NP,859,4632,0,1,0,4633,A
5-NP,860,0,10,4649,0,4659,G
5-NP,861,0,4632,0,2,4634,T
5-NP,862,10,19,4652,0,4681,G
5-NP,863,2,31,4635,0,4668,G
5-NP,864,2,9,4534,0,4545,G
5-NP,865,0,4518,0,0,4518,T
5-NP,866,4495,2,0,1,4498,A
5-NP,867,4,15,0,4475,4494,C
5-NP,868,1,35,4439,0,4475,G
5-NP,869,4443,0,3,0,4446,A
5-NP,870,2,0,0,4448,4450,C
5-NP,871,0,4331,0,0,4331,T
5-NP,872,0,4334,0,4,4338,T
5-NP,873,22,2,0,4293,4317,C
5-NP,874,2,17,4300,0,4319,G
5-NP,875,4316,0,3,0,4319,A
5-NP,876,4316,0,2,0,4318,A
5-NP,877,4332,0,3,0,4335,A
5-NP,878,4331,1,0,0,4332,A
5-NP,879,4308,4,6,0,4318,A
5-NP,880,4,14,4326,0,4344,G
5-NP,881,4321,2,4,0,4327,A
5-NP,882,1,24,4344,0,4369,G
5-NP,883,3,14,4368,1,4386,G
5-NP,884,0,10,4386,0,4396,G
5-NP,885,4402,0,5,0,4407,A
5-NP,886,1,4414,0,1,4416,T
5-NP,887,4440,0,1,0,4441,A
5-NP,888,0,4441,0,0,4441,T
5-NP,889,1,4437,0,0,4438,T
5-NP,890,13,0,0,4460,4473,C
5-NP,891,9,0,0,4431,4440,C
5-NP,892,0,4362,1,1,4364,T
5-NP,893,0,4361,0,1,4362,T
5-NP,894,1,33,4373,1,4408,G
5-NP,895,0,6,4413,0,4419,G
5-NP,896,2,4372,0,4,4378,T
5-NP,897,0,12,4334,0,4346,G
5-NP,898,2,13,4309,0,4324,G
5-NP,899,3,11,4485,1,4500,G
5-NP,900,4494,3,1,0,4498,A
5-NP,901,4500,0,1,0,4501,A
5-NP,902,0,4505,3,0,4508,T
5-NP,903,4420,1,4,0,4425,A
5-NP,904,0,12,4412,0,4424,G
5-NP,905,4361,0,15,0,4376,A
5-NP,906,7,0,0,4370,4377,C
5-NP,907,34,1,1,4309,4345,C
5-NP,908,36,3,0,4135,4174,C
5-NP,909,0,4207,0,3,4210,T
5-NP,910,0,4203,0,5,4208,T
5-NP,911,0,4214,0,0,4214,T
5-NP,912,17,0,0,4208,4225,C
5-NP,913,4203,0,1,1,4205,A
5-NP,914,4198,0,4,0,4202,A
5-NP,915,4194,0,1,0,4195,A
5-NP,916,7,0,0,4195,4202,C
5-NP,917,1,4082,0,1,4084,T
5-NP,918,4046,0,0,0,4046,A
5-NP,919,1,0,0,4095,4096,C
5-NP,920,1,4081,0,0,4082,T
5-NP,921,0,4085,0,0,4085,T
5-NP,922,14,0,0,4088,4102,C
5-NP,923,4088,0,4,0,4092,A
5-NP,924,4092,0,1,0,4093,A
5-NP,925,4074,0,0,0,4074,A
5-NP,926,4067,0,3,0,4070,A
5-NP,927,0,4054,0,0,4054,T
5-NP,928,3989,0,2,0,3991,A
5-NP,929,1,2,4049,0,4052,G
5-NP,930,3,1,0,4071,4075,C
5-NP,931,5,3,1,4119,4128,C
5-NP,932,4135,0,1,0,4136,A
5-NP,933,4149,1,2,0,4152,A
5-NP,934,4296,0,2,0,4298,A
5-NP,935,0,4301,0,0,4301,T
5-NP,936,4344,0,0,0,4344,A
5-NP,937,0,4334,0,2,4336,T
5-NP,938,4261,3,1,0,4265,A
5-NP,939,9,2,1,4258,4270,C
5-NP,940,4147,3,1,0,4151,A
5-NP,941,1,5,4265,0,4271,G
5-NP,942,3,1,0,4243,4247,C
5-NP,943,1,4101,1,4,4107,T
5-NP,944,2,4122,0,1,4125,T
5-NP,945,4121,2,0,1,4124,A
5-NP,946,4126,0,1,0,4127,A
5-NP,947,1,4121,1,2,4125,T
5-NP,948,24,0,0,4103,4127,C
5-NP,949,3950,0,2,0,3952,A
5-NP,950,0,21,3987,1,4009,G
5-NP,951,4000,0,1,0,4001,A
5-NP,952,5,0,1,4036,4042,C
5-NP,953,10,0,1,3990,4001,C
5-NP,954,0,3937,1,1,3939,T
5-NP,955,3949,0,3,0,3952,A
5-NP,956,3951,0,0,0,3951,A
5-NP,957,2,2,0,3961,3965,C
5-NP,958,1,24,3945,0,3970,G
5-NP,959,3873,1,1,0,3875,A
5-NP,960,1,17,3865,0,3883,G
5-NP,961,3849,1,1,0,3851,A
5-NP,962,3881,1,1,0,3883,A
5-NP,963,1,3872,0,1,3874,T
5-NP,964,11,0,4,3808,3823,C
5-NP,965,7,2,0,3815,3824,C
5-NP,966,3769,1,2,0,3772,A
5-NP,967,0,2,3795,0,3797,G
5-NP,968,3,3,0,3785,3791,C
5-NP,969,3823,1,0,0,3824,A
5-NP,970,10,4,0,3824,3838,C
5-NP,971,3780,1,0,0,3781,A
5-NP,972,2,0,0,3782,3784,C
5-NP,973,3762,0,1,0,3763,A
5-NP,974,3782,0,3,0,3785,A
5-NP,975,1,15,3783,0,3799,G
5-NP,976,3735,0,1,0,3736,A
5-NP,977,1,3,3753,1,3758,G
5-NP,978,0,3644,1,2,3647,T
5-NP,979,13,3,1,3616,3633,C
5-NP,980,3606,1,3,0,3610,A
5-NP,981,0,4,3604,0,3608,G
5-NP,982,1,0,0,3604,3605,C
5-NP,983,0,3548,0,1,3549,T
5-NP,984,4,15,3560,1,3580,G
5-NP,985,5,6,3573,1,3585,G
5-NP,986,0,3540,0,0,3540,T
5-NP,987,0,1,3567,0,3568,G
5-NP,988,1,3513,0,2,3516,T
5-NP,989,4,11,3497,0,3512,G
5-NP,990,1,6,3483,1,3491,G
5-NP,991,3442,0,3,0,3445,A
5-NP,992,1,3445,0,2,3448,T
5-NP,993,2,20,3214,2,3238,G
5-NP,994,2,4,3215,0,3221,G
5-NP,995,2,0,0,3188,3190,C
5-NP,996,3137,0,2,2,3141,A
5-NP,997,0,3142,0,2,3144,T
5-NP,998,3,3,3106,0,3112,G
5-NP,999,1,3,0,3143,3147,C
5-NP,1000,16,1,0,3130,3147,C
5-NP,1001,3150,0,1,0,3151,A
5-NP,1002,0,3132,0,0,3132,T
5-NP,1003,0,3083,0,2,3085,T
5-NP,1004,12,0,0,3085,3097,C
5-NP,1005,0,3017,0,2,3019,T
5-NP,1006,3,3,3005,0,3011,G
5-NP,1007,1,2,0,3008,3011,C
5-NP,1008,1,2849,0,6,2856,T
5-NP,1009,1,3,2874,0,2878,G
5-NP,1010,3,0,0,2793,2796,C
5-NP,1011,2793,0,0,0,2793,A
5-NP,1012,0,2790,0,2,2792,T
5-NP,1013,0,2748,0,1,2749,T
5-NP,1014,0,2747,0,1,2748,T
5-NP,1015,0,5,2736,0,2741,G
5-NP,1016,2743,0,1,0,2744,A
5-NP,1017,2736,0,3,0,2739,A
5-NP,1018,0,8,2756,0,2764,G
5-NP,1019,2739,0,0,0,2739,A
5-NP,1020,0,2723,0,2,2725,T
5-NP,1021,0,2705,0,1,2706,T
5-NP,1022,0,2702,1,1,2704,T
5-NP,1023,2705,0,2,0,2707,A
5-NP,1024,2700,2,1,1,2704,A
5-NP,1025,1,11,2692,0,2704,G
5-NP,1026,2694,0,2,1,2697,A
5-NP,1027,1,2700,0,1,2702,T
5-NP,1028,0,2651,0,1,2652,T
5-NP,1029,0,7,2667,0,2674,G
5-NP,1030,1,2665,0,1,2667,T
5-NP,1031,2,2662,0,0,2664,T
5-NP,1032,2668,1,0,1,2670,A
5-NP,1033,2665,0,2,0,2667,A
5-NP,1034,0,2,2676,0,2678,G
5-NP,1035,3,1,0,2680,2684,C
5-NP,1036,0,2621,0,3,2624,T
5-NP,1037,2,2626,0,1,2629,T
5-NP,1038,8,2,0,2627,2637,C
5-NP,1039,2625,0,2,1,2628,A
5-NP,1040,3,2625,0,0,2628,T
5-NP,1041,9,1,0,2626,2636,C
5-NP,1042,2596,0,0,1,2597,A
5-NP,1043,0,9,2594,0,2603,G
5-NP,1044,2566,0,3,0,2569,A
5-NP,1045,0,16,2553,2,2571,G
5-NP,1046,0,12,2558,1,2571,G
5-NP,1047,0,15,2546,0,2561,G
5-NP,1048,2552,3,5,0,2560,A
5-NP,1049,2,0,0,2560,2562,C
5-NP,1050,2547,1,2,0,2550,A
5-NP,1051,2553,0,1,0,2554,A
5-NP,1052,2557,0,1,0,2558,A
5-NP,1053,2555,1,11,0,2567,A
5-NP,1054,0,5,2568,0,2573,G
5-NP,1055,2,2494,0,1,2497,T
5-NP,1056,2464,1,4,1,2470,A
5-NP,1057,0,2455,0,4,2459,T
5-NP,1058,6,0,0,2457,2463,C
5-NP,1059,0,2433,0,2,2435,T
5-NP,1060,8,1,1,2435,2445,C
5-NP,1061,4,0,0,2421,2425,C
5-NP,1062,0,2407,0,0,2407,T
5-NP,1063,5,1,0,2395,2401,C
5-NP,1064,0,10,2378,0,2388,G
5-NP,1065,0,5,2403,0,2408,G
5-NP,1066,0,8,2399,0,2407,G
5-NP,1067,2,4,2393,0,2399,G
5-NP,1068,0,5,2389,0,2394,G
5-NP,1069,2336,0,0,1,2337,A
5-NP,1070,2335,0,0,0,2335,A
5-NP,1071,2337,1,2,0,2340,A
5-NP,1072,6,0,1,2350,2357,C
5-NP,1073,0,2322,0,0,2322,T
5-NP,1074,3,1,2337,0,2341,G
5-NP,1075,0,2302,0,3,2305,T
5-NP,1076,20,2,1,2294,2317,C
5-NP,1077,2352,0,2,0,2354,A
5-NP,1078,2365,0,2,0,2367,A
5-NP,1079,2,1,0,2372,2375,C
5-NP,1080,0,2361,1,0,2362,T
5-NP,1081,2288,0,0,16,2304,A
5-NP,1082,1,7,2304,0,2312,G
5-NP,1083,2251,0,1,0,2252,A
5-NP,1084,0,7,2251,1,2259,G
5-NP,1085,0,8,2251,0,2259,G
5-NP,1086,2155,0,1,0,2156,A
5-NP,1087,0,1,2187,0,2188,G
5-NP,1088,1,2143,0,3,2147,T
5-NP,1089,2147,0,0,0,2147,A
5-NP,1090,4,1,0,2139,2144,C
5-NP,1091,2108,1,0,0,2109,A
5-NP,1092,2109,0,3,0,2112,A
5-NP,1093,2084,0,0,0,2084,A
5-NP,1094,0,2070,0,0,2070,T
5-NP,1095,0,2042,0,0,2042,T
5-NP,1096,0,2,1990,0,1992,G
5-NP,1097,1,0,0,1964,1965,C
5-NP,1098,1,1950,0,3,1954,T
5-NP,1099,0,1952,0,1,1953,T
5-NP,1100,14,0,0,1937,1951,C
5-NP,1101,1945,0,0,0,1945,A
5-NP,1102,1949,0,0,1,1950,A
5-NP,1103,1953,0,0,0,1953,A
5-NP,1104,0,1954,0,0,1954,T
5-NP,1105,0,11,1936,0,1947,G
5-NP,1106,1908,0,1,0,1909,A
5-NP,1107,0,5,1912,0,1917,G
5-NP,1108,1916,0,2,0,1918,A
5-NP,1109,1913,0,0,1,1914,A
5-NP,1110,1,0,0,1917,1918,C
5-NP,1111,1885,0,0,0,1885,A
5-NP,1112,0,1884,0,1,1885,T
5-NP,1113,3,9,1878,0,1890,G
5-NP,1114,0,10,1887,0,1897,G
5-NP,1115,1893,0,2,0,1895,A
5-NP,1116,0,1850,0,2,1852,T
5-NP,1117,1819,0,0,0,1819,A
5-NP,1118,1873,0,1,0,1874,A
5-NP,1119,0,1824,0,0,1824,T
5-NP,1120,1802,1,0,0,1803,A
5-NP,1121,0,1795,0,1,1796,T
5-NP,1122,1,8,1624,0,1633,G
5-NP,1123,0,3,1598,0,1601,G
5-NP,1124,0,6,1587,0,1593,G
5-NP,1125,1577,0,0,0,1577,A
5-NP,1126,0,1577,0,0,1577,T
5-NP,1127,4,5,0,1166,1175,C
5-NP,1128,1,6,1166,0,1173,G
5-NP,1129,1164,0,0,0,1164,A
5-NP,1130,0,1,1166,0,1167,G
5-NP,1131,0,0,0,1161,1161,C
5-NP,1132,1135,0,1,0,1136,A
5-NP,1133,0,0,0,1158,1158,C
5-NP,1134,0,1133,0,0,1133,T
5-NP,1135,8,0,0,1130,1138,C
5-NP,1136,0,1131,0,2,1133,T
5-NP,1137,0,1124,0,0,1124,T
5-NP,1138,2,6,1117,0,1125,G
5-NP,1139,1122,0,0,0,1122,A
5-NP,1140,1121,0,2,0,1123,A
5-NP,1141,0,0,0,1124,1124,C
5-NP,1142,0,805,0,0,805,T
5-NP,1143,1,2,805,0,808,G
5-NP,1144,756,0,2,0,758,A
5-NP,1145,0,1,766,0,767,G
5-NP,1146,766,0,0,0,766,A
5-NP,1147,742,0,1,0,743,A
5-NP,1148,0,0,747,0,747,G
5-NP,1149,2,1,1,717,721,C
5-NP,1150,2,2,711,0,715,G
5-NP,1151,0,1,711,0,712,G
5-NP,1152,0,1,683,0,684,G
5-NP,1153,0,671,0,0,671,T
5-NP,1154,641,0,0,0,641,A
5-NP,1155,1,0,0,635,636,C
5-NP,1156,1,461,0,0,462,T
5-NP,1157,0,3,443,0,446,G
5-NP,1158,0,0,422,0,422,G
5-NP,1159,0,0,415,0,415,G
5-NP,1160,0,0,0,406,406,C
5-NP,1161,2,0,0,345,347,C
5-NP,1162,349,0,0,0,349,A
5-NP,1163,0,350,0,0,350,T
5-NP,1164,347,0,0,0,347,A
5-NP,1165,349,0,1,0,350,A
5-NP,1166,0,0,346,0,346,G
5-NP,1167,0,1,353,0,354,G
5-NP,1168,346,0,0,0,346,A
5-NP,1169,0,0,0,344,344,C
5-NP,1170,1,1,0,343,345,C
5-NP,1171,338,0,0,0,338,A
5-NP,1172,0,1,346,0,347,G
5-NP,1173,0,1,347,0,348,G
5-NP,1174,347,0,0,0,347,A
5-NP,1175,0,2,347,0,349,G
5-NP,1176,0,328,0,1,329,T
5-NP,1177,0,1,329,0,330,G
5-NP,1178,0,1,333,0,334,G
5-NP,1179,335,0,0,0,335,A
5-NP,1180,0,0,337,0,337,G
5-NP,1181,0,1,325,0,326,G
5-NP,1182,326,0,0,0,326,A
5-NP,1183,324,0,1,0,325,A
5-NP,1184,326,0,1,0,327,A
5-NP,1185,0,0,0,327,327,C
5-NP,1186,328,0,0,0,328,A
5-NP,1187,0,0,0,336,336,C
5-NP,1188,0,328,0,0,328,T
5-NP,1189,334,0,0,0,334,A
5-NP,1190,336,0,0,0,336,A
5-NP,1191,0,337,0,0,337,T
5-NP,1192,1,0,0,344,345,C
5-NP,1193,340,0,0,0,340,A
5-NP,1194,345,0,0,0,345,A
5-NP,1195,0,0,0,346,346,C
5-NP,1196,338,0,0,0,338,A
5-NP,1197,0,0,338,0,338,G
5-NP,1198,333,0,0,0,333,A
5-NP,1199,0,1,332,0,333,G
5-NP,1200,0,0,335,0,335,G
5-NP,1201,0,0,334,0,334,G
5-NP,1202,0,0,0,337,337,C
5-NP,1203,0,0,0,332,332,C
5-NP,1204,0,327,0,0,327,T
5-NP,1205,0,0,0,332,332,C
5-NP,1206,3,0,0,330,333,C
5-NP,1207,0,1,333,0,334,G
5-NP,1208,0,0,0,331,331,C
5-NP,1209,326,0,0,0,326,A
5-NP,1210,0,1,336,0,337,G
5-NP,1211,0,1,331,0,332,G
5-NP,1212,0,0,0,337,337,C
5-NP,1213,0,0,0,337,337,C
5-NP,1214,329,1,0,0,330,A
5-NP,1215,332,0,1,0,333,A
5-NP,1216,334,0,0,0,334,A
5-NP,1217,0,0,0,337,337,C
5-NP,1218,2,1,0,337,340,C
5-NP,1219,314,1,0,0,315,A
5-NP,1220,0,0,317,0,317,G
5-NP,1221,0,314,0,0,314,T
5-NP,1222,0,1,316,0,317,G
5-NP,1223,0,313,0,0,313,T
5-NP,1224,0,0,311,0,311,G
5-NP,1225,0,1,0,315,316,C
5-NP,1226,311,0,0,0,311,A
5-NP,1227,320,0,0,0,320,A
5-NP,1228,0,0,0,320,320,C
5-NP,1229,0,0,0,319,319,C
5-NP,1230,0,317,0,0,317,T
5-NP,1231,317,0,0,0,317,A
5-NP,1232,0,0,0,317,317,C
5-NP,1233,1,0,317,0,318,G
5-NP,1234,0,318,0,0,318,T
5-NP,1235,0,315,0,0,315,T
5-NP,1236,0,312,0,0,312,T
5-NP,1237,0,307,0,0,307,T
5-NP,1238,1,1,0,304,306,C
5-NP,1239,0,306,0,0,306,T
5-NP,1240,0,0,314,0,314,G
5-NP,1241,0,313,0,0,313,T
5-NP,1242,313,1,0,0,314,A
5-NP,1243,0,0,0,318,318,C
5-NP,1244,313,0,0,0,313,A
5-NP,1245,316,0,0,0,316,A
5-NP,1246,315,0,0,0,315,A
5-NP,1247,0,1,318,0,319,G
5-NP,1248,316,0,0,0,316,A
5-NP,1249,312,0,0,0,312,A
5-NP,1250,308,0,1,0,309,A
5-NP,1251,0,0,0,311,311,C
5-NP,1252,0,1,0,308,309,C
5-NP,1253,0,308,0,0,308,T
5-NP,1254,3,0,0,309,312,C
5-NP,1255,0,0,0,310,310,C
5-NP,1256,0,0,0,309,309,C
5-NP,1257,309,0,0,0,309,A
5-NP,1258,0,309,0,0,309,T
5-NP,1259,0,309,1,1,311,T
5-NP,1260,0,311,0,0,311,T
5-NP,1261,0,1,312,0,313,G
5-NP,1262,314,0,0,0,314,A
5-NP,1263,310,0,1,0,311,A
5-NP,1264,313,0,0,0,313,A
5-NP,1265,315,0,0,0,315,A
5-NP,1266,0,0,320,0,320,G
5-NP,1267,0,310,0,0,310,T
5-NP,1268,2,0,0,308,310,C
5-NP,1269,311,0,0,0,311,A
5-NP,1270,312,0,1,0,313,A
5-NP,1271,0,0,0,313,313,C
5-NP,1272,2,0,0,313,315,C
5-NP,1273,315,0,0,0,315,A
5-NP,1274,0,314,0,0,314,T
5-NP,1275,0,0,0,311,311,C
5-NP,1276,308,0,0,0,308,A
5-NP,1277,0,306,0,0,306,T
5-NP,1278,0,4,303,0,307,G
5-NP,1279,0,0,307,0,307,G
5-NP,1280,0,0,0,306,306,C
5-NP,1281,291,0,1,0,292,A
5-NP,1282,0,0,293,0,293,G
5-NP,1283,0,0,1,289,290,C
5-NP,1284,291,0,0,0,291,A
5-NP,1285,0,290,0,0,290,T
5-NP,1286,0,285,0,0,285,T
5-NP,1287,1,0,0,285,286,C
5-NP,1288,280,0,1,0,281,A
5-NP,1289,1,0,0,281,282,C
5-NP,1290,0,282,0,0,282,T
5-NP,1291,0,1,282,0,283,G
5-NP,1292,0,0,285,0,285,G
5-NP,1293,281,1,0,0,282,A
5-NP,1294,282,0,0,0,282,A
5-NP,1295,286,0,0,0,286,A
5-NP,1296,0,281,0,0,281,T
5-NP,1297,281,0,0,0,281,A
5-NP,1298,0,1,0,278,279,C
5-NP,1299,0,0,277,0,277,G
5-NP,1300,0,2,274,0,276,G
5-NP,1301,265,1,0,0,266,A
5-NP,1302,0,0,269,0,269,G
5-NP,1303,0,1,269,0,270,G
5-NP,1304,1,0,273,0,274,G
5-NP,1305,273,0,1,0,274,A
5-NP,1306,272,0,1,0,273,A
5-NP,1307,0,0,272,0,272,G
5-NP,1308,271,0,0,0,271,A
5-NP,1309,272,0,0,0,272,A
5-NP,1310,0,0,0,277,277,C
5-NP,1311,0,272,0,0,272,T
5-NP,1312,0,273,0,0,273,T
5-NP,1313,1,0,0,269,270,C
5-NP,1314,272,0,0,0,272,A
5-NP,1315,0,0,275,0,275,G
5-NP,1316,272,0,2,0,274,A
5-NP,1317,0,0,0,273,273,C
5-NP,1318,271,0,1,0,272,A
5-NP,1319,0,265,0,0,265,T
5-NP,1320,0,0,266,0,266,G
5-NP,1321,265,0,0,0,265,A
5-NP,1322,0,3,261,0,264,G
5-NP,1323,0,2,262,0,264,G
5-NP,1324,0,0,264,0,264,G
5-NP,1325,1,0,0,263,264,C
5-NP,1326,259,0,0,0,259,A
5-NP,1327,0,0,259,0,259,G
5-NP,1328,257,0,0,0,257,A
5-NP,1329,258,0,1,0,259,A
5-NP,1330,259,0,0,0,259,A
5-NP,1331,0,259,0,0,259,T
5-NP,1332,0,0,0,262,262,C
5-NP,1333,260,0,0,0,260,A
5-NP,1334,0,259,0,0,259,T
5-NP,1335,259,0,0,0,259,A
5-NP,1336,256,0,0,0,256,A
5-NP,1337,0,1,257,0,258,G
5-NP,1338,257,0,0,0,257,A
5-NP,1339,260,0,0,0,260,A
5-NP,1340,0,253,0,0,253,T
5-NP,1341,0,1,251,0,252,G
5-NP,1342,252,0,0,0,252,A
5-NP,1343,0,251,0,1,252,T
5-NP,1344,0,0,253,0,253,G
5-NP,1345,0,1,250,0,251,G
5-NP,1346,249,0,0,0,249,A
5-NP,1347,248,0,0,0,248,A
5-NP,1348,240,0,0,0,240,A
5-NP,1349,0,0,243,0,243,G
5-NP,1350,1,242,0,0,243,T
5-NP,1351,0,0,243,0,243,G
5-NP,1352,1,0,0,240,241,C
5-NP,1353,241,0,0,0,241,A
5-NP,1354,242,0,0,0,242,A
5-NP,1355,242,0,0,0,242,A
5-NP,1356,247,0,0,0,247,A
5-NP,1357,0,0,0,247,247,C
5-NP,1358,1,0,0,247,248,C
5-NP,1359,243,0,0,0,243,A
5-NP,1360,0,0,245,0,245,G
5-NP,1361,245,1,0,0,246,A
5-NP,1362,243,0,1,0,244,A
5-NP,1363,0,1,246,0,247,G
5-NP,1364,243,0,0,0,243,A
5-NP,1365,240,0,0,0,240,A
5-NP,1366,0,0,243,0,243,G
5-NP,1367,0,242,0,0,242,T
5-NP,1368,0,0,242,0,242,G
5-NP,1369,0,240,0,0,240,T
5-NP,1370,1,0,0,238,239,C
5-NP,1371,239,0,0,0,239,A
5-NP,1372,0,241,0,0,241,T
5-NP,1373,0,242,0,0,242,T
5-NP,1374,1,0,0,240,241,C
5-NP,1375,0,0,0,233,233,C
5-NP,1376,0,0,232,0,232,G
5-NP,1377,0,1,236,0,237,G
5-NP,1378,0,1,236,0,237,G
5-NP,1379,0,0,236,0,236,G
5-NP,1380,0,0,235,0,235,G
5-NP,1381,229,0,0,0,229,A
5-NP,1382,0,0,232,0,232,G
5-NP,1383,0,1,229,0,230,G
5-NP,1384,0,1,231,0,232,G
5-NP,1385,0,0,231,0,231,G
5-NP,1386,226,0,0,0,226,A
5-NP,1387,0,0,227,0,227,G
5-NP,1388,0,224,0,1,225,T
5-NP,1389,1,0,0,224,225,C
5-NP,1390,0,225,0,0,225,T
5-NP,1391,0,225,0,0,225,T
5-NP,1392,0,0,0,225,225,C
5-NP,1393,0,0,225,0,225,G
5-NP,1394,225,0,0,0,225,A
5-NP,1395,0,0,225,0,225,G
5-NP,1396,0,0,0,223,223,C
5-NP,1397,0,221,0,1,222,T
5-NP,1398,0,0,0,223,223,C
5-NP,1399,0,221,0,1,222,T
5-NP,1400,0,0,0,224,224,C
5-NP,1401,224,0,0,0,224,A
5-NP,1402,0,0,224,0,224,G
5-NP,1403,223,0,1,0,224,A
5-NP,1404,1,0,0,221,222,C
5-NP,1405,0,4,217,0,221,G
5-NP,1406,213,0,1,0,214,A
5-NP,1407,0,0,215,0,215,G
5-NP,1408,214,0,0,0,214,A
5-NP,1409,213,0,1,0,214,A
5-NP,1410,0,2,212,0,214,G
5-NP,1411,0,0,214,0,214,G
5-NP,1412,0,0,0,215,215,C
5-NP,1413,214,0,0,0,214,A
5-NP,1414,214,0,0,0,214,A
5-NP,1415,0,0,0,213,213,C
5-NP,1416,0,1,208,0,209,G
5-NP,1417,211,0,0,0,211,A
5-NP,1418,210,0,0,0,210,A
5-NP,1419,2,0,0,207,209,C
5-NP,1420,0,0,0,210,210,C
5-NP,1421,0,0,1,204,205,C
5-NP,1422,0,2,203,0,205,G
5-NP,1423,205,0,0,0,205,A
5-NP,1424,0,206,0,0,206,T
5-NP,1425,1,0,0,199,200,C
5-NP,1426,0,0,200,0,200,G
5-NP,1427,0,195,0,1,196,T
5-NP,1428,0,0,197,0,197,G
5-NP,1429,0,0,0,196,196,C
5-NP,1430,2,0,0,191,193,C
5-NP,1431,0,0,0,195,195,C
5-NP,1432,0,194,0,0,194,T
5-NP,1433,0,0,0,199,199,C
5-NP,1434,0,199,0,0,199,T
5-NP,1435,0,198,0,0,198,T
5-NP,1436,0,197,0,1,198,T
5-NP,1437,0,197,0,0,197,T
5-NP,1438,0,2,197,0,199,G
5-NP,1439,197,0,0,0,197,A
5-NP,1440,0,196,0,0,196,T
5-NP,1441,193,0,0,0,193,A
5-NP,1442,0,173,0,0,173,T
5-NP,1443,0,0,176,0,176,G
5-NP,1444,174,0,0,0,174,A
5-NP,1445,0,0,177,0,177,G
5-NP,1446,0,175,0,0,175,T
5-NP,1447,168,0,0,0,168,A
5-NP,1448,169,0,0,0,169,A
5-NP,1449,0,168,0,0,168,T
5-NP,1450,0,0,168,0,168,G
5-NP,1451,168,0,0,0,168,A
5-NP,1452,150,0,0,0,150,A
5-NP,1453,0,1,149,0,150,G
5-NP,1454,0,0,140,0,140,G
5-NP,1455,140,0,0,0,140,A
5-NP,1456,0,142,0,0,142,T
5-NP,1457,0,0,0,139,139,C
5-NP,1458,0,140,0,0,140,T
5-NP,1459,0,139,0,0,139,T
5-NP,1460,139,0,0,0,139,A
5-NP,1461,0,138,0,0,138,T
5-NP,1462,0,137,0,1,138,T
5-NP,1463,0,136,0,0,136,T
5-NP,1464,1,1,0,132,134,C
5-NP,1465,0,127,0,1,128,T
5-NP,1466,0,129,0,0,129,T
5-NP,1467,0,0,0,129,129,C
5-NP,1468,1,0,127,0,128,G
5-NP,1469,0,0,127,0,127,G
5-NP,1470,127,0,0,0,127,A
5-NP,1471,0,0,128,0,128,G
5-NP,1472,126,0,0,0,126,A
5-NP,1473,1,0,0,124,125,C
5-NP,1474,121,0,0,0,121,A
5-NP,1475,122,0,0,0,122,A
5-NP,1476,0,122,0,0,122,T
5-NP,1477,0,0,122,0,122,G
5-NP,1478,0,0,0,121,121,C
5-NP,1479,119,0,0,0,119,A
5-NP,1480,1,0,118,0,119,G
5-NP,1481,118,0,0,0,118,A
5-NP,1482,113,0,0,0,113,A
5-NP,1483,0,0,113,0,113,G
5-NP,1484,77,0,0,0,77,A
5-NP,1485,0,0,77,0,77,G
5-NP,1486,0,67,0,0,67,T
5-NP,1487,67,0,0,0,67,A
5-NP,1488,0,62,0,0,62,T
5-NP,1489,0,0,62,0,62,G
5-NP,1490,61,0,0,0,61,A
5-NP,1491,1,0,0,61,62,C
5-NP,1492,37,0,0,0,37,A
5-NP,1493,36,0,0,0,36,A
5-NP,1494,0,30,0,0,30,T
5-NP,1495,0,28,0,0,28,T
5-NP,1496,28,0,0,0,28,A
5-NP,1497,28,0,0,0,28,A
6-NA,1,12,0,0,0,12,A
6-NA,2,0,12,0,0,12,T
6-NA,3,0,0,13,0,13,G
6-NA,4,13,0,0,0,13,A
6-NA,5,15,0,0,0,15,A
6-NA,6,0,15,0,0,15,T
6-NA,7,0,0,0,15,15,C
6-NA,8,0,0,0,15,15,C
6-NA,9,15,0,0,0,15,A
6-NA,10,15,0,0,0,15,A
6-NA,11,15,0,0,0,15,A
6-NA,12,0,15,0,0,15,T
6-NA,13,0,0,0,15,15,C
6-NA,14,15,0,0,0,15,A
6-NA,15,15,0,0,0,15,A
6-NA,16,15,0,0,0,15,A
6-NA,17,16,0,0,0,16,A
6-NA,18,0,0,22,0,22,G
6-NA,19,23,0,0,0,23,A
6-NA,20,0,23,0,0,23,T
6-NA,21,23,0,0,0,23,A
6-NA,22,23,0,0,0,23,A
6-NA,23,0,25,0,0,25,T
6-NA,24,25,0,0,0,25,A
6-NA,25,25,0,0,0,25,A
6-NA,26,0,0,0,25,25,C
6-NA,27,0,25,0,0,25,T
6-NA,28,28,0,0,0,28,A
6-NA,29,0,28,0,0,28,T
6-NA,30,0,29,0,0,29,T
6-NA,31,0,0,29,0,29,G
6-NA,32,0,0,29,0,29,G
6-NA,33,0,0,0,29,29,C
6-NA,34,0,29,0,0,29,T
6-NA,35,0,0,0,30,30,C
6-NA,36,0,30,0,0,30,T
6-NA,37,0,0,31,0,31,G
6-NA,38,0,31,0,0,31,T
6-NA,39,0,31,0,0,31,T
6-NA,40,0,31,0,0,31,T
6-NA,41,0,0,0,31,31,C
6-NA,42,0,31,0,0,31,T
6-NA,43,0,0,0,31,31,C
6-NA,44,0,31,0,0,31,T
6-NA,45,0,0,1,30,31,C
6-NA,46,31,0,0,0,31,A
6-NA,47,0,0,0,32,32,C
6-NA,48,1,0,0,32,33,C
6-NA,49,33,0,0,0,33,A
6-NA,50,0,33,0,0,33,T
6-NA,51,0,33,0,0,33,T
6-NA,52,0,33,0,0,33,T
6-NA,53,0,0,0,33,33,C
6-NA,54,0,0,0,33,33,C
6-NA,55,32,0,0,0,32,A
6-NA,56,0,0,0,33,33,C
6-NA,57,33,0,0,0,33,A
6-NA,58,34,0,0,0,34,A
6-NA,59,0,33,0,0,33,T
6-NA,60,35,0,0,0,35,A
6-NA,61,0,35,0,0,35,T
6-NA,62,0,0,34,0,34,G
6-NA,63,0,0,0,34,34,C
6-NA,64,0,33,0,0,33,T
6-NA,65,0,35,0,0,35,T
6-NA,66,0,0,0,34,34,C
6-NA,67,0,34,0,0,34,T
6-NA,68,0,35,0,0,35,T
6-NA,69,0,0,0,35,35,C
6-NA,70,35,0,0,0,35,A
6-NA,71,0,35,0,0,35,T
6-NA,72,0,0,35,0,35,G
6-NA,73,0,0,0,35,35,C
6-NA,74,35,0,0,0,35,A
6-NA,75,35,0,0,0,35,A
6-NA,76,35,0,0,0,35,A
6-NA,77,0,36,0,0,36,T
6-NA,78,0,36,0,0,36,T
6-NA,79,0,0,35,0,35,G
6-NA,80,0,0,0,36,36,C
6-NA,81,0,0,0,36,36,C
6-NA,82,37,0,0,0,37,A
6-NA,83,0,37,0,0,37,T
6-NA,84,0,0,0,39,39,C
6-NA,85,0,40,0,0,40,T
6-NA,86,0,39,0,0,39,T
6-NA,87,0,0,41,0,41,G
6-NA,88,43,0,0,0,43,A
6-NA,89,0,43,0,0,43,T
6-NA,90,44,0,0,0,44,A
6-NA,91,43,0,0,0,43,A
6-NA,92,0,0,0,47,47,C
6-NA,93,0,47,0,0,47,T
6-NA,94,48,0,0,0,48,A
6-NA,95,0,0,0,47,47,C
6-NA,96,0,47,0,0,47,T
6-NA,97,0,1,49,0,50,G
6-NA,98,0,50,0,0,50,T
6-NA,99,50,0,0,0,50,A
6-NA,100,51,0,0,0,51,A
6-NA,101,1,0,0,48,49,C
6-NA,102,49,0,0,0,49,A
6-NA,103,0,49,0,0,49,T
6-NA,104,0,47,0,0,47,T
6-NA,105,0,0,46,0,46,G
6-NA,106,0,0,0,47,47,C
6-NA,107,48,0,0,0,48,A
6-NA,108,0,49,0,0,49,T
6-NA,109,0,49,0,0,49,T
6-NA,110,0,49,0,0,49,T
6-NA,111,0,0,0,48,48,C
6-NA,112,49,0,0,0,49,A
6-NA,113,48,0,0,0,48,A
6-NA,114,0,0,48,0,48,G
6-NA,115,0,0,0,48,48,C
6-NA,116,48,0,0,0,48,A
6-NA,117,49,0,0,0,49,A
6-NA,118,0,51,0,0,51,T
6-NA,119,49,0,0,0,49,A
6-NA,120,0,51,0,0,51,T
6-NA,121,0,0,56,0,56,G
6-NA,122,57,0,0,0,57,A
6-NA,123,58,0,0,1,59,A
6-NA,124,0,60,0,0,60,T
6-NA,125,0,58,0,1,59,T
6-NA,126,0,0,0,61,61,C
6-NA,127,60,0,0,0,60,A
6-NA,128,60,0,0,0,60,A
6-NA,129,0,0,0,60,60,C
6-NA,130,0,59,0,0,59,T
6-NA,131,1,0,0,58,59,C
6-NA,132,0,0,0,60,60,C
6-NA,133,0,0,0,59,59,C
6-NA,134,1,0,0,59,60,C
6-NA,135,0,1,0,59,60,C
6-NA,136,0,0,0,62,62,C
6-NA,137,0,0,0,61,61,C
6-NA,138,61,0,0,0,61,A
6-NA,139,61,0,0,0,61,A
6-NA,140,61,0,0,0,61,A
6-NA,141,0,0,0,61,61,C
6-NA,142,60,0,0,0,60,A
6-NA,143,63,0,0,0,63,A
6-NA,144,0,0,0,62,62,C
6-NA,145,0,0,0,62,62,C
6-NA,146,64,0,0,0,64,A
6-NA,147,64,0,0,0,64,A
6-NA,148,0,0,66,0,66,G
6-NA,149,0,66,0,0,66,T
6-NA,150,0,0,66,0,66,G
6-NA,151,68,0,0,0,68,A
6-NA,152,0,66,0,0,66,T
6-NA,153,0,0,66,0,66,G
6-NA,154,0,0,0,66,66,C
6-NA,155,0,66,0,0,66,T
6-NA,156,0,0,70,0,70,G
6-NA,157,0,69,0,0,69,T
6-NA,158,0,0,69,0,69,G
6-NA,159,0,69,0,0,69,T
6-NA,160,0,0,69,0,69,G
6-NA,161,69,0,0,0,69,A
6-NA,162,69,0,0,0,69,A
6-NA,163,0,0,0,69,69,C
6-NA,164,0,0,0,69,69,C
6-NA,165,68,0,0,0,68,A
6-NA,166,67,0,0,0,67,A
6-NA,167,0,0,0,70,70,C
6-NA,168,72,0,0,0,72,A
6-NA,169,74,0,0,0,74,A
6-NA,170,0,74,0,0,74,T
6-NA,171,75,0,0,0,75,A
6-NA,172,74,0,0,0,74,A
6-NA,173,0,75,0,0,75,T
6-NA,174,74,0,0,0,74,A
6-NA,175,0,1,73,0,74,G
6-NA,176,73,0,0,0,73,A
6-NA,177,73,0,0,0,73,A
6-NA,178,73,0,0,0,73,A
6-NA,179,0,0,73,0,73,G
6-NA,180,73,0,0,0,73,A
6-NA,181,71,0,0,0,71,A
6-NA,182,75,0,0,0,75,A
6-NA,183,0,0,0,77,77,C
6-NA,184,77,0,0,0,77,A
6-NA,185,0,77,0,0,77,T
6-NA,186,75,0,1,1,77,A
6-NA,187,80,0,0,0,80,A
6-NA,188,0,0,0,81,81,C
6-NA,189,81,0,0,0,81,A
6-NA,190,0,0,82,0,82,G
6-NA,191,81,0,0,0,81,A
6-NA,192,0,0,82,0,82,G
6-NA,193,81,0,0,0,81,A
6-NA,194,0,83,0,0,83,T
6-NA,195,82,0,0,0,82,A
6-NA,196,0,0,83,0,83,G
6-NA,197,0,82,0,0,82,T
6-NA,198,1,0,82,0,83,G
6-NA,199,0,84,0,0,84,T
6-NA,200,84,0,0,0,84,A
6-NA,201,0,84,0,0,84,T
6-NA,202,0,0,0,84,84,C
6-NA,203,0,83,0,0,83,T
6-NA,204,0,0,86,0,86,G
6-NA,205,87,0,0,0,87,A
6-NA,206,0,0,0,88,88,C
6-NA,207,1,0,0,85,86,C
6-NA,208,87,0,0,0,87,A
6-NA,209,87,0,0,0,87,A
6-NA,210,0,1,0,87,88,C
6-NA,211,87,0,0,0,87,A
6-NA,212,0,0,0,92,92,C
6-NA,213,0,0,0,91,91,C
6-NA,214,89,0,0,0,89,A
6-NA,215,0,0,0,91,91,C
6-NA,216,1,0,0,89,90,C
6-NA,217,90,0,0,0,90,A
6-NA,218,0,91,0,0,91,T
6-NA,219,91,0,0,0,91,A
6-NA,220,0,0,91,0,91,G
6-NA,221,89,0,0,0,89,A
6-NA,222,0,0,91,0,91,G
6-NA,223,91,0,0,0,91,A
6-NA,224,86,1,1,0,88,A
6-NA,225,0,1,86,0,87,G
6-NA,226,0,0,89,0,89,G
6-NA,227,89,0,0,0,89,A
6-NA,228,90,0,0,0,90,A
6-NA,229,87,0,1,0,88,A
6-NA,230,0,89,0,0,89,T
6-NA,231,88,0,0,0,88,A
6-NA,232,0,88,0,0,88,T
6-NA,233,0,0,89,0,89,G
6-NA,234,0,0,0,88,88,C
6-NA,235,0,0,0,87,87,C
6-NA,236,0,0,0,87,87,C
6-NA,237,0,0,0,89,89,C
6-NA,238,88,0,0,0,88,A
6-NA,239,90,0,0,0,90,A
6-NA,240,91,0,0,0,91,A
6-NA,241,0,0,0,91,91,C
6-NA,242,0,91,0,0,91,T
6-NA,243,89,0,0,0,89,A
6-NA,244,0,0,90,0,90,G
6-NA,245,0,0,0,90,90,C
6-NA,246,90,0,0,0,90,A
6-NA,247,0,0,90,0,90,G
6-NA,248,89,0,0,0,89,A
6-NA,249,90,0,0,0,90,A
6-NA,250,0,90,0,0,90,T
6-NA,251,89,0,0,0,89,A
6-NA,252,0,0,0,89,89,C
6-NA,253,89,0,0,0,89,A
6-NA,254,0,1,88,0,89,G
6-NA,255,89,0,0,0,89,A
6-NA,256,87,0,0,0,87,A
6-NA,257,87,0,0,0,87,A
6-NA,258,0,85,0,0,85,T
6-NA,259,0,84,0,0,84,T
6-NA,260,0,1,82,0,83,G
6-NA,261,0,0,83,0,83,G
6-NA,262,0,83,0,0,83,T
6-NA,263,0,0,0,83,83,C
6-NA,264,82,0,0,0,82,A
6-NA,265,83,0,0,0,83,A
6-NA,266,83,0,0,0,83,A
6-NA,267,0,0,83,0,83,G
6-NA,268,0,0,0,83,83,C
6-NA,269,0,0,0,81,81,C
6-NA,270,0,0,82,0,82,G
6-NA,271,0,0,0,81,81,C
6-NA,272,81,0,0,0,81,A
6-NA,273,81,0,0,0,81,A
6-NA,274,0,81,0,0,81,T
6-NA,275,0,1,81,0,82,G
6-NA,276,0,80,0,0,80,T
6-NA,277,0,1,79,0,80,G
6-NA,278,81,0,0,0,81,A
6-NA,279,0,0,0,83,83,C
6-NA,280,85,0,0,0,85,A
6-NA,281,0,85,0,0,85,T
6-NA,282,0,85,0,0,85,T
6-NA,283,85,0,0,0,85,A
6-NA,284,0,0,0,85,85,C
6-NA,285,80,0,0,0,80,A
6-NA,286,0,2,81,0,83,G
6-NA,287,0,0,81,0,81,G
6-NA,288,0,0,81,0,81,G
6-NA,289,0,83,0,0,83,T
6-NA,290,0,83,0,0,83,T
6-NA,291,0,83,0,0,83,T
6-NA,292,0,0,82,0,82,G
6-NA,293,1,0,0,80,81,C
6-NA,294,82,0,0,0,82,A
6-NA,295,0,0,0,82,82,C
6-NA,296,1,0,0,78,79,C
6-NA,297,0,79,0,1,80,T
6-NA,298,0,80,0,0,80,T
6-NA,299,0,80,0,0,80,T
6-NA,300,0,80,0,0,80,T
6-NA,301,0,82,0,0,82,T
6-NA,302,0,0,0,82,82,C
6-NA,303,0,82,0,0,82,T
6-NA,304,82,0,0,0,82,A
6-NA,305,82,0,0,0,82,A
6-NA,306,0,0,82,0,82,G
6-NA,307,0,0,81,0,81,G
6-NA,308,81,0,0,0,81,A
6-NA,309,0,0,0,80,80,C
6-NA,310,81,0,0,0,81,A
6-NA,311,82,0,0,0,82,A
6-NA,312,0,82,0,0,82,T
6-NA,313,0,82,0,0,82,T
6-NA,314,0,0,0,83,83,C
6-NA,315,0,0,82,0,82,G
6-NA,316,82,0,0,0,82,A
6-NA,317,0,82,0,0,82,T
6-NA,318,0,81,0,0,81,T
6-NA,319,81,0,0,0,81,A
6-NA,320,0,1,81,0,82,G
6-NA,321,0,0,82,0,82,G
6-NA,322,0,0,0,80,80,C
6-NA,323,0,80,0,0,80,T
6-NA,324,0,80,0,0,80,T
6-NA,325,0,80,0,0,80,T
6-NA,326,0,0,0,80,80,C
6-NA,327,0,0,0,80,80,C
6-NA,328,0,0,79,0,79,G
6-NA,329,0,0,0,81,81,C
6-NA,330,0,81,0,0,81,T
6-NA,331,0,1,82,0,83,G
6-NA,332,0,0,83,0,83,G
6-NA,333,0,83,0,0,83,T
6-NA,334,0,1,81,0,82,G
6-NA,335,0,0,81,0,81,G
6-NA,336,1,0,80,1,82,G
6-NA,337,0,0,81,0,81,G
6-NA,338,81,0,0,0,81,A
6-NA,339,0,1,0,83,84,C
6-NA,340,82,0,0,0,82,A
6-NA,341,0,80,0,0,80,T
6-NA,342,0,0,0,82,82,C
6-NA,343,0,80,1,0,81,T
6-NA,344,0,1,81,0,82,G
6-NA,345,0,0,83,0,83,G
6-NA,346,0,0,83,0,83,G
6-NA,347,0,83,0,0,83,T
6-NA,348,0,0,82,0,82,G
6-NA,349,82,0,0,0,82,A
6-NA,350,0,0,0,84,84,C
6-NA,351,84,0,0,0,84,A
6-NA,352,83,0,0,0,83,A
6-NA,353,0,0,86,0,86,G
6-NA,354,84,0,0,0,84,A
6-NA,355,0,0,87,0,87,G
6-NA,356,92,0,0,0,92,A
6-NA,357,103,0,0,0,103,A
6-NA,358,0,0,0,132,132,C
6-NA,359,0,0,0,139,139,C
6-NA,360,0,138,0,0,138,T
6-NA,361,0,138,0,0,138,T
6-NA,362,137,0,0,0,137,A
6-NA,363,0,140,0,0,140,T
6-NA,364,0,0,146,0,146,G
6-NA,365,0,147,0,0,147,T
6-NA,366,0,0,149,0,149,G
6-NA,367,0,147,0,0,147,T
6-NA,368,1,0,0,146,147,C
6-NA,369,148,1,0,0,149,A
6-NA,370,0,149,0,0,149,T
6-NA,371,0,0,149,0,149,G
6-NA,372,1,0,0,149,150,C
6-NA,373,0,2,147,0,149,G
6-NA,374,171,0,0,0,171,A
6-NA,375,0,172,0,0,172,T
6-NA,376,2,0,0,176,178,C
6-NA,377,0,0,0,176,176,C
6-NA,378,0,178,0,1,179,T
6-NA,379,0,0,179,0,179,G
6-NA,380,179,0,0,0,179,A
6-NA,381,0,0,0,180,180,C
6-NA,382,180,0,0,0,180,A
6-NA,383,176,0,1,0,177,A
6-NA,384,0,0,188,0,188,G
6-NA,385,0,189,0,0,189,T
6-NA,386,0,0,189,0,189,G
6-NA,387,0,188,0,0,188,T
6-NA,388,0,188,0,0,188,T
6-NA,389,188,0,0,0,188,A
6-NA,390,0,189,0,0,189,T
6-NA,391,0,0,0,191,191,C
6-NA,392,191,0,0,0,191,A
6-NA,393,189,0,0,1,190,A
6-NA,394,0,192,0,0,192,T
6-NA,395,0,191,0,0,191,T
6-NA,396,0,190,0,1,191,T
6-NA,397,0,1,191,0,192,G
6-NA,398,0,1,0,204,205,C
6-NA,399,1,0,0,205,206,C
6-NA,400,1,0,0,207,208,C
6-NA,401,0,206,0,0,206,T
6-NA,402,0,207,0,0,207,T
6-NA,403,0,4,207,0,211,G
6-NA,404,0,2,212,0,214,G
6-NA,405,213,0,2,0,215,A
6-NA,406,1,0,0,214,215,C
6-NA,407,213,0,0,0,213,A
6-NA,408,0,0,217,0,217,G
6-NA,409,0,1,220,0,221,G
6-NA,410,0,4,229,0,233,G
6-NA,411,231,0,1,0,232,A
6-NA,412,231,0,0,0,231,A
6-NA,413,0,0,0,230,230,C
6-NA,414,225,1,0,0,226,A
6-NA,415,243,0,0,0,243,A
6-NA,416,0,0,0,248,248,C
6-NA,417,247,0,0,0,247,A
6-NA,418,1,1,0,248,250,C
6-NA,419,0,246,0,0,246,T
6-NA,420,246,0,0,0,246,A
6-NA,421,246,0,0,0,246,A
6-NA,422,250,0,0,0,250,A
6-NA,423,0,0,0,251,251,C
6-NA,424,236,0,0,0,236,A
6-NA,425,236,0,0,0,236,A
6-NA,426,0,1,0,236,237,C
6-NA,427,0,0,238,0,238,G
6-NA,428,0,238,0,0,238,T
6-NA,429,232,0,0,0,232,A
6-NA,430,0,0,0,237,237,C
6-NA,431,237,0,0,0,237,A
6-NA,432,0,237,0,0,237,T
6-NA,433,0,236,0,0,236,T
6-NA,434,1,0,0,250,251,C
6-NA,435,263,0,0,0,263,A
6-NA,436,264,0,0,0,264,A
6-NA,437,264,0,0,0,264,A
6-NA,438,0,265,0,0,265,T
6-NA,439,261,0,0,0,261,A
6-NA,440,269,0,0,0,269,A
6-NA,441,1,0,0,270,271,C
6-NA,442,270,0,0,0,270,A
6-NA,443,0,0,0,271,271,C
6-NA,444,266,0,0,0,266,A
6-NA,445,0,1,298,0,299,G
6-NA,446,1,297,0,0,298,T
6-NA,447,305,0,0,0,305,A
6-NA,448,0,0,0,307,307,C
6-NA,449,0,1,305,0,306,G
6-NA,450,0,307,0,0,307,T
6-NA,451,0,2,307,0,309,G
6-NA,452,312,0,0,0,312,A
6-NA,453,0,314,0,0,314,T
6-NA,454,298,0,0,0,298,A
6-NA,455,0,0,298,0,298,G
6-NA,456,0,1,295,0,296,G
6-NA,457,293,0,0,0,293,A
6-NA,458,291,0,0,0,291,A
6-NA,459,1,1,0,312,314,C
6-NA,460,3,0,0,310,313,C
6-NA,461,1,0,0,313,314,C
6-NA,462,0,318,0,1,319,T
6-NA,463,0,325,0,0,325,T
6-NA,464,324,0,0,0,324,A
6-NA,465,2,322,0,0,324,T
6-NA,466,1,0,0,322,323,C
6-NA,467,1,1,317,0,319,G
6-NA,468,0,0,314,0,314,G
6-NA,469,316,0,0,0,316,A
6-NA,470,0,0,0,318,318,C
6-NA,471,2,0,0,318,320,C
6-NA,472,0,0,0,346,346,C
6-NA,473,0,346,0,0,346,T
6-NA,474,352,0,0,0,352,A
6-NA,475,0,352,0,0,352,T
6-NA,476,0,350,0,1,351,T
6-NA,477,0,1,350,0,351,G
6-NA,478,351,0,0,0,351,A
6-NA,479,0,350,0,0,350,T
6-NA,480,0,0,351,0,351,G
6-NA,481,341,0,1,0,342,A
6-NA,482,339,0,1,0,340,A
6-NA,483,0,350,0,0,350,T
6-NA,484,1,2,347,0,350,G
6-NA,485,360,0,0,0,360,A
6-NA,486,0,0,362,0,362,G
6-NA,487,0,363,0,1,364,T
6-NA,488,0,364,0,0,364,T
6-NA,489,367,0,0,0,367,A
6-NA,490,0,0,367,0,367,G
6-NA,491,1,1,368,0,370,G
6-NA,492,1,363,0,0,364,T
6-NA,493,0,0,364,0,364,G
6-NA,494,0,360,0,1,361,T
6-NA,495,0,359,0,0,359,T
6-NA,496,1,0,0,362,363,C
6-NA,497,1,0,0,365,366,C
6-NA,498,0,364,0,0,364,T
6-NA,499,0,364,0,0,364,T
6-NA,500,0,364,0,1,365,T
6-NA,501,0,365,0,1,366,T
6-NA,502,0,0,0,368,368,C
6-NA,503,368,0,0,0,368,A
6-NA,504,0,374,0,0,374,T
6-NA,505,0,0,0,374,374,C
6-NA,506,0,371,0,0,371,T
6-NA,507,0,4,370,0,374,G
6-NA,508,1,3,369,0,373,G
6-NA,509,1,3,368,0,372,G
6-NA,510,0,5,371,0,376,G
6-NA,511,375,0,0,0,375,A
6-NA,512,0,0,0,380,380,C
6-NA,513,3,1,0,373,377,C
6-NA,514,382,0,0,0,382,A
6-NA,515,382,0,1,0,383,A
6-NA,516,0,0,386,0,386,G
6-NA,517,0,0,0,389,389,C
6-NA,518,388,0,0,0,388,A
6-NA,519,386,0,0,0,386,A
6-NA,520,0,1,388,0,389,G
6-NA,521,0,390,0,0,390,T
6-NA,522,1,1,398,0,400,G
6-NA,523,1,390,0,1,392,T
6-NA,524,0,0,402,0,402,G
6-NA,525,0,0,0,401,401,C
6-NA,526,400,0,0,0,400,A
6-NA,527,0,408,0,0,408,T
6-NA,528,398,0,0,0,398,A
6-NA,529,0,0,416,0,416,G
6-NA,530,0,0,0,414,414,C
6-NA,531,402,0,0,0,402,A
6-NA,532,0,400,0,0,400,T
6-NA,533,0,2,395,0,397,G
6-NA,534,0,0,478,0,478,G
6-NA,535,0,476,0,0,476,T
6-NA,536,3,0,0,477,480,C
6-NA,537,2,0,0,493,495,C
6-NA,538,514,1,0,0,515,A
6-NA,539,0,0,585,0,585,G
6-NA,540,0,0,0,598,598,C
6-NA,541,0,598,0,0,598,T
6-NA,542,4,0,0,599,603,C
6-NA,543,599,0,0,0,599,A
6-NA,544,629,0,0,1,630,A
6-NA,545,0,0,632,0,632,G
6-NA,546,0,661,0,0,661,T
6-NA,547,0,661,0,0,661,T
6-NA,548,0,1,665,0,666,G
6-NA,549,0,665,0,0,665,T
6-NA,550,2,0,0,665,667,C
6-NA,551,670,0,0,0,670,A
6-NA,552,1,1,0,682,684,C
6-NA,553,0,3,676,0,679,G
6-NA,554,702,0,1,0,703,A
6-NA,555,0,708,1,1,710,T
6-NA,556,1,1,732,0,734,G
6-NA,557,0,1,744,0,745,G
6-NA,558,745,0,0,0,745,A
6-NA,559,744,1,0,0,745,A
6-NA,560,763,0,0,0,763,A
6-NA,561,766,0,1,0,767,A
6-NA,562,0,0,781,0,781,G
6-NA,563,0,1,0,786,787,C
6-NA,564,785,0,1,0,786,A
6-NA,565,0,793,0,0,793,T
6-NA,566,1,4,812,0,817,G
6-NA,567,1,0,828,0,829,G
6-NA,568,1,0,0,843,844,C
6-NA,569,1,842,0,1,844,T
6-NA,570,0,0,857,0,857,G
6-NA,571,1,0,0,847,848,C
6-NA,572,851,0,2,0,853,A
6-NA,573,0,921,0,0,921,T
6-NA,574,0,0,929,0,929,G
6-NA,575,0,936,0,1,937,T
6-NA,576,0,973,0,1,974,T
6-NA,577,0,968,0,0,968,T
6-NA,578,0,1,1089,0,1090,G
6-NA,579,1,1081,0,0,1082,T
6-NA,580,1089,0,0,1,1090,A
6-NA,581,0,1097,0,1,1098,T
6-NA,582,1101,0,0,0,1101,A
6-NA,583,1110,1,0,0,1111,A
6-NA,584,2,1,0,1106,1109,C
6-NA,585,0,5,1095,1,1101,G
6-NA,586,0,6,1105,1,1112,G
6-NA,587,0,6,1095,0,1101,G
6-NA,588,0,4,1105,0,1109,G
6-NA,589,0,4,1115,0,1119,G
6-NA,590,1115,0,0,0,1115,A
6-NA,591,1,1124,0,0,1125,T
6-NA,592,0,5,1126,0,1131,G
6-NA,593,1139,1,2,0,1142,A
6-NA,594,0,1143,0,5,1148,T
6-NA,595,1146,0,1,0,1147,A
6-NA,596,1185,0,1,0,1186,A
6-NA,597,1204,0,0,0,1204,A
6-NA,598,1205,0,0,0,1205,A
6-NA,599,1215,0,0,0,1215,A
6-NA,600,0,1221,0,0,1221,T
6-NA,601,1,2,1218,0,1221,G
6-NA,602,1,1,0,1217,1219,C
6-NA,603,1211,0,4,0,1215,A
6-NA,604,1227,0,1,0,1228,A
6-NA,605,1,0,0,1248,1249,C
6-NA,606,0,1248,0,1,1249,T
6-NA,607,2,2,1254,0,1258,G
6-NA,608,2,0,0,1258,1260,C
6-NA,609,0,1262,0,2,1264,T
6-NA,610,1264,2,1,0,1267,A
6-NA,611,0,1,1273,0,1274,G
6-NA,612,2,0,0,1290,1292,C
6-NA,613,0,1288,0,2,1290,T
6-NA,614,1,1289,0,0,1290,T
6-NA,615,7,0,1,1315,1323,C
6-NA,616,1341,0,0,0,1341,A
6-NA,617,0,1352,0,0,1352,T
6-NA,618,0,1349,0,1,1350,T
6-NA,619,1,1369,0,0,1370,T
6-NA,620,1387,0,0,0,1387,A
6-NA,621,3,0,0,1405,1408,C
6-NA,622,1402,0,0,0,1402,A
6-NA,623,1421,0,3,0,1424,A
6-NA,624,0,1421,0,0,1421,T
6-NA,625,4,6,1405,2,1417,G
6-NA,626,0,6,1417,0,1423,G
6-NA,627,1,3,1421,0,1425,G
6-NA,628,1418,0,0,0,1418,A
6-NA,629,0,6,1452,0,1458,G
6-NA,630,0,0,1474,0,1474,G
6-NA,631,1,0,0,1615,1616,C
6-NA,632,0,1618,0,0,1618,T
6-NA,633,0,1642,0,2,1644,T
6-NA,634,0,1,1677,0,1678,G
6-NA,635,0,1679,0,1,1680,T
6-NA,636,1728,1,0,0,1729,A
6-NA,637,0,6,1731,0,1737,G
6-NA,638,1726,0,2,0,1728,A
6-NA,639,1,1728,0,0,1729,T
6-NA,640,1642,0,0,0,1642,A
6-NA,641,0,3,1642,0,1645,G
6-NA,642,0,1624,0,0,1624,T
6-NA,643,0,0,1605,0,1605,G
6-NA,644,0,1707,0,0,1707,T
6-NA,645,0,1708,0,0,1708,T
6-NA,646,1,3,1742,0,1746,G
6-NA,647,0,1742,0,2,1744,T
6-NA,648,0,1743,0,1,1744,T
6-NA,649,0,1746,0,0,1746,T
6-NA,650,3,1,0,1716,1720,C
6-NA,651,1716,0,1,0,1717,A
6-NA,652,0,1708,0,2,1710,T
6-NA,653,0,14,1699,0,1713,G
6-NA,654,0,1,1826,0,1827,G
6-NA,655,1,1804,0,1,1806,T
6-NA,656,9,0,0,1803,1812,C
6-NA,657,9,1,1,1803,1814,C
6-NA,658,1825,0,2,1,1828,A
6-NA,659,1845,1,0,0,1846,A
6-NA,660,1841,0,6,0,1847,A
6-NA,661,0,4,1858,0,1862,G
6-NA,662,1852,0,0,0,1852,A
6-NA,663,1814,0,0,1,1815,A
6-NA,664,1813,0,2,0,1815,A
6-NA,665,0,1824,0,0,1824,T
6-NA,666,3,0,0,1882,1885,C
6-NA,667,5,1,0,1880,1886,C
6-NA,668,0,1882,0,0,1882,T
6-NA,669,3,1,0,1881,1885,C
6-NA,670,1872,1,3,0,1876,A
6-NA,671,0,6,1909,0,1915,G
6-NA,672,1,10,1901,0,1912,G
6-NA,673,1964,1,1,0,1966,A
6-NA,674,2,0,0,1961,1963,C
6-NA,675,8,1,0,1927,1936,C
6-NA,676,10,0,0,1919,1929,C
6-NA,677,1933,0,1,0,1934,A
6-NA,678,1,5,1936,0,1942,G
6-NA,679,0,8,1948,0,1956,G
6-NA,680,1952,0,0,0,1952,A
6-NA,681,0,4,1982,0,1986,G
6-NA,682,0,1957,0,0,1957,T
6-NA,683,6,0,0,1968,1974,C
6-NA,684,1960,0,2,0,1962,A
6-NA,685,0,10,1987,0,1997,G
6-NA,686,1988,0,1,0,1989,A
6-NA,687,1993,0,1,0,1994,A
6-NA,688,0,1986,0,0,1986,T
6-NA,689,0,2,1994,0,1996,G
6-NA,690,4,0,0,1987,1991,C
6-NA,691,2,3,2004,1,2010,G
6-NA,692,2,1990,0,1,1993,T
6-NA,693,0,1997,0,0,1997,T
6-NA,694,1,1977,0,0,1978,T
6-NA,695,0,3,1998,0,2001,G
6-NA,696,0,2005,0,1,2006,T
6-NA,697,2008,0,1,0,2009,A
6-NA,698,0,1998,0,1,1999,T
6-NA,699,13,0,0,1996,2009,C
6-NA,700,1996,0,1,0,1997,A
6-NA,701,2009,0,1,0,2010,A
6-NA,702,0,2011,0,0,2011,T
6-NA,703,0,6,2002,0,2008,G
6-NA,704,1,5,2015,0,2021,G
6-NA,705,2046,0,3,0,2049,A
6-NA,706,2046,0,0,0,2046,A
6-NA,707,4,0,0,2055,2059,C
6-NA,708,0,2060,1,0,2061,T
6-NA,709,0,2059,0,0,2059,T
6-NA,710,0,1,2060,0,2061,G
6-NA,711,2,1,0,2021,2024,C
6-NA,712,2063,0,3,1,2067,A
6-NA,713,0,0,1,2116,2117,C
6-NA,714,2117,0,2,0,2119,A
6-NA,715,1,3,2480,0,2484,G
6-NA,716,0,2481,0,0,2481,T
6-NA,717,2579,1,0,0,2580,A
6-NA,718,0,6,2587,0,2593,G
6-NA,719,0,2572,0,0,2572,T
6-NA,720,2565,0,0,0,2565,A
6-NA,721,2565,1,0,0,2566,A
6-NA,722,1,2536,0,1,2538,T
6-NA,723,0,20,2527,1,2548,G
6-NA,724,2418,1,2,0,2421,A
6-NA,725,3,1,0,2442,2446,C
6-NA,726,0,2376,0,1,2377,T
6-NA,727,1,1,2386,0,2388,G
6-NA,728,2388,0,1,0,2389,A
6-NA,729,0,2396,0,1,2397,T
6-NA,730,1,15,2375,0,2391,G
6-NA,731,1,7,2376,0,2384,G
6-NA,732,0,15,2377,0,2392,G
6-NA,733,2356,0,2,0,2358,A
6-NA,734,1,0,2358,0,2359,G
6-NA,735,1,2334,0,0,2335,T
6-NA,736,1,3,2350,0,2354,G
6-NA,737,4,1,0,2381,2386,C
6-NA,738,1,2380,0,0,2381,T
6-NA,739,0,2381,1,0,2382,T
6-NA,740,5,0,0,2375,2380,C
6-NA,741,2370,1,0,0,2371,A
6-NA,742,0,3,2377,0,2380,G
6-NA,743,0,14,2370,0,2384,G
6-NA,744,2371,0,3,3,2377,A
6-NA,745,2360,0,1,0,2361,A
6-NA,746,2340,0,0,0,2340,A
6-NA,747,2349,1,2,0,2352,A
6-NA,748,2,3,2360,0,2365,G
6-NA,749,0,0,0,2363,2363,C
6-NA,750,0,2345,0,0,2345,T
6-NA,751,1,5,2346,0,2352,G
6-NA,752,2348,1,2,1,2352,A
6-NA,753,0,2374,0,1,2375,T
6-NA,754,2384,1,1,0,2386,A
6-NA,755,3,0,0,2508,2511,C
6-NA,756,0,2495,0,2,2497,T
6-NA,757,2490,1,0,0,2491,A
6-NA,758,2499,1,0,0,2500,A
6-NA,759,2499,0,0,0,2499,A
6-NA,760,2576,1,0,1,2578,A
6-NA,761,1,2579,1,0,2581,T
6-NA,762,2581,1,0,0,2582,A
6-NA,763,3,0,0,2601,2604,C
6-NA,764,1,2502,0,1,2504,T
6-NA,765,2573,0,0,0,2573,A
6-NA,766,1,2556,1,0,2558,T
6-NA,767,0,2677,0,0,2677,T
6-NA,768,11,0,0,2689,2700,C
6-NA,769,2590,1,54,0,2645,A
6-NA,770,0,2647,1,1,2649,T
6-NA,771,0,2634,0,0,2634,T
6-NA,772,0,8,2638,1,2647,G
6-NA,773,2627,1,6,0,2634,A
6-NA,774,0,4,2611,0,2615,G
6-NA,775,2,14,2606,0,2622,G
6-NA,776,2526,0,0,0,2526,A
6-NA,777,3,14,2548,0,2565,G
6-NA,778,0,7,2554,1,2562,G
6-NA,779,0,4,2552,0,2556,G
6-NA,780,0,4,2558,1,2563,G
6-NA,781,2542,0,1,0,2543,A
6-NA,782,2548,0,9,0,2557,A
6-NA,783,2550,0,0,0,2550,A
6-NA,784,2546,0,3,1,2550,A
6-NA,785,0,2555,0,1,2556,T
6-NA,786,18,2,0,2514,2534,C
6-NA,787,1,3,2574,0,2578,G
6-NA,788,0,2568,0,1,2569,T
6-NA,789,1,2567,0,1,2569,T
6-NA,790,19,1,0,2554,2574,C
6-NA,791,2577,0,0,0,2577,A
6-NA,792,0,2770,0,1,2771,T
6-NA,793,2765,0,1,0,2766,A
6-NA,794,3,1,0,2780,2784,C
6-NA,795,0,2774,0,3,2777,T
6-NA,796,2779,0,0,0,2779,A
6-NA,797,0,3,2774,1,2778,G
6-NA,798,2,4,0,2778,2784,C
6-NA,799,2780,0,1,0,2781,A
6-NA,800,1,2,0,2796,2799,C
6-NA,801,2693,0,0,0,2693,A
6-NA,802,0,2764,0,1,2765,T
6-NA,803,0,2746,0,0,2746,T
6-NA,804,1,1,2950,0,2952,G
6-NA,805,0,2932,0,3,2935,T
6-NA,806,17,0,1,2923,2941,C
6-NA,807,2932,0,2,2,2936,A
6-NA,808,0,6,2935,0,2941,G
6-NA,809,0,8,2930,0,2938,G
6-NA,810,2933,0,1,0,2934,A
6-NA,811,2882,1,1,0,2884,A
6-NA,812,0,4,2924,2,2930,G
6-NA,813,1,2787,0,0,2788,T
6-NA,814,0,1,2800,0,2801,G
6-NA,815,0,0,0,2802,2802,C
6-NA,816,0,2791,0,8,2799,T
6-NA,817,18,0,0,2786,2804,C
6-NA,818,2783,0,4,1,2788,A
6-NA,819,1,3,2805,0,2809,G
6-NA,820,1,1,1,2810,2813,C
6-NA,821,2799,0,1,0,2800,A
6-NA,822,1,2800,0,1,2802,T
6-NA,823,3,0,2918,0,2921,G
6-NA,824,0,2927,0,3,2930,T
6-NA,825,14,1,0,2907,2922,C
6-NA,826,1,18,2906,0,2925,G
6-NA,827,2918,1,1,0,2920,A
6-NA,828,3,15,2897,0,2915,G
6-NA,829,0,16,2904,0,2920,G
6-NA,830,2900,0,4,1,2905,A
6-NA,831,1,6,2934,0,2941,G
6-NA,832,0,2846,0,3,2849,T
6-NA,833,1,4,2857,0,2862,G
6-NA,834,2,0,0,2912,2914,C
6-NA,835,0,2901,1,2,2904,T
6-NA,836,27,2,1,2896,2926,C
6-NA,837,3,0,0,2933,2936,C
6-NA,838,0,2931,0,4,2935,T
6-NA,839,0,1,2946,0,2947,G
6-NA,840,3,1,0,2916,2920,C
6-NA,841,0,2885,0,5,2890,T
6-NA,842,2931,1,1,0,2933,A
6-NA,843,0,2896,0,0,2896,T
6-NA,844,4,2,0,2920,2926,C
6-NA,845,8,2,0,2913,2923,C
6-NA,846,2,2908,0,5,2915,T
6-NA,847,7,1,0,2926,2934,C
6-NA,848,1,9,2923,0,2933,G
6-NA,849,2970,1,2,0,2973,A
6-NA,850,0,2972,0,2,2974,T
6-NA,851,2978,0,1,0,2979,A
6-NA,852,0,2979,0,1,2980,T
6-NA,853,6,0,1,2954,2961,C
6-NA,854,13,3,0,2939,2955,C
6-NA,855,1,2932,0,2,2935,T
6-NA,856,0,10,2957,0,2967,G
6-NA,857,0,4,2985,0,2989,G
6-NA,858,2,3022,0,1,3025,T
6-NA,859,0,4,3026,0,3030,G
6-NA,860,0,3004,0,1,3005,T
6-NA,861,13,2,1,2991,3007,C
6-NA,862,2994,0,3,0,2997,A
6-NA,863,1,5,2997,0,3003,G
6-NA,864,2995,1,2,0,2998,A
6-NA,865,0,2962,0,0,2962,T
6-NA,866,0,2,2977,1,2980,G
6-NA,867,1,2929,0,1,2931,T
6-NA,868,1,3,2940,0,2944,G
6-NA,869,2,2925,0,1,2928,T
6-NA,870,14,0,0,2919,2933,C
6-NA,871,0,2927,0,2,2929,T
6-NA,872,2,0,2939,1,2942,G
6-NA,873,0,2,0,2940,2942,C
6-NA,874,2930,0,2,0,2932,A
6-NA,875,1,9,2934,0,2944,G
6-NA,876,2872,0,4,0,2876,A
6-NA,877,0,12,2889,0,2901,G
6-NA,878,2883,0,4,0,2887,A
6-NA,879,1,2,0,2901,2904,C
6-NA,880,2904,0,2,0,2906,A
6-NA,881,2931,0,1,2,2934,A
6-NA,882,4,1,0,2947,2952,C
6-NA,883,1,2942,0,1,2944,T
6-NA,884,1,8,2938,0,2947,G
6-NA,885,1,11,2948,0,2960,G
6-NA,886,2948,0,3,0,2951,A
6-NA,887,2947,0,3,0,2950,A
6-NA,888,2886,0,2,1,2889,A
6-NA,889,2,20,2867,0,2889,G
6-NA,890,0,9,2840,0,2849,G
6-NA,891,2802,0,3,0,2805,A
6-NA,892,0,2885,0,1,2886,T
6-NA,893,5,0,3,2891,2899,C
6-NA,894,9,0,2,2946,2957,C
6-NA,895,2967,1,0,0,2968,A
6-NA,896,2961,0,2,0,2963,A
6-NA,897,0,2970,0,0,2970,T
6-NA,898,2900,0,2,1,2903,A
6-NA,899,0,11,2874,0,2885,G
6-NA,900,0,1,2880,0,2881,G
6-NA,901,4,0,0,2876,2880,C
6-NA,902,12,1,0,2855,2868,C
6-NA,903,23,0,1,2772,2796,C
6-NA,904,2819,0,1,0,2820,A
6-NA,905,0,2841,0,0,2841,T
6-NA,906,10,0,0,2843,2853,C
6-NA,907,1,1,2855,0,2857,G
6-NA,908,0,2848,0,0,2848,T
6-NA,909,2793,0,1,0,2794,A
6-NA,910,0,4,2846,0,2850,G
6-NA,911,2856,0,2,0,2858,A
6-NA,912,0,2863,0,0,2863,T
6-NA,913,2817,0,0,0,2817,A
6-NA,914,0,2794,0,1,2795,T
6-NA,915,2791,1,0,1,2793,A
6-NA,916,2782,0,0,0,2782,A
6-NA,917,2831,0,2,1,2834,A
6-NA,918,3,0,1,2891,2895,C
6-NA,919,2830,0,0,0,2830,A
6-NA,920,0,2830,1,1,2832,T
6-NA,921,2813,0,0,0,2813,A
6-NA,922,2807,0,2,0,2809,A
6-NA,923,2807,0,2,0,2809,A
6-NA,924,0,8,2827,0,2835,G
6-NA,925,0,9,2855,0,2864,G
6-NA,926,2788,0,10,0,2798,A
6-NA,927,1,2823,0,1,2825,T
6-NA,928,18,1,0,2888,2907,C
6-NA,929,2957,0,0,0,2957,A
6-NA,930,0,2962,0,0,2962,T
6-NA,931,2953,0,2,1,2956,A
6-NA,932,736,1,2128,1,2866,G
6-NA,933,5,1,0,2831,2837,C
6-NA,934,2790,1,0,0,2791,A
6-NA,935,1,2596,0,2,2599,T
6-NA,936,0,2692,0,0,2692,T
6-NA,937,0,4,2758,0,2762,G
6-NA,938,0,2759,0,0,2759,T
6-NA,939,0,2791,0,2,2793,T
6-NA,940,0,2793,0,4,2797,T
6-NA,941,7,2,0,2784,2793,C
6-NA,942,9,2,0,2791,2802,C
6-NA,943,2823,1,2,0,2826,A
6-NA,944,0,1,2858,0,2859,G
6-NA,945,0,2853,1,0,2854,T
6-NA,946,0,2786,0,1,2787,T
6-NA,947,2801,0,1,0,2802,A
6-NA,948,0,2780,0,1,2781,T
6-NA,949,0,3,2780,0,2783,G
6-NA,950,0,2762,0,3,2765,T
6-NA,951,1,4,2773,0,2778,G
6-NA,952,1,2719,0,0,2720,T
6-NA,953,5,4,2778,0,2787,G
6-NA,954,2,2784,0,2,2788,T
6-NA,955,0,2779,0,0,2779,T
6-NA,956,18,0,0,2753,2771,C
6-NA,957,2756,0,5,0,2761,A
6-NA,958,0,10,2769,1,2780,G
6-NA,959,1,8,2761,0,2770,G
6-NA,960,2754,0,1,0,2755,A
6-NA,961,3,1,0,2760,2764,C
6-NA,962,1,2673,0,4,2678,T
6-NA,963,0,2687,0,0,2687,T
6-NA,964,2,3,2788,0,2793,G
6-NA,965,0,2780,1,2,2783,T
6-NA,966,0,2781,0,1,2782,T
6-NA,967,3,3,2763,1,2770,G
6-NA,968,2,9,2758,1,2770,G
6-NA,969,2742,0,11,0,2753,A
6-NA,970,1,15,2738,0,2754,G
6-NA,971,2742,0,3,1,2746,A
6-NA,972,3,1,0,2736,2740,C
6-NA,973,2637,0,3,0,2640,A
6-NA,974,5,1,0,2653,2659,C
6-NA,975,2659,0,3,0,2662,A
6-NA,976,6,0,0,2657,2663,C
6-NA,977,15,1,1,2630,2647,C
6-NA,978,14,0,0,2635,2649,C
6-NA,979,2637,1,2,2,2642,A
6-NA,980,0,7,2651,0,2658,G
6-NA,981,2644,1,0,0,2645,A
6-NA,982,2670,1,1,0,2672,A
6-NA,983,2648,0,0,0,2648,A
6-NA,984,2638,0,5,0,2643,A
6-NA,985,2628,0,4,0,2632,A
6-NA,986,2632,0,0,0,2632,A
6-NA,987,5,1,0,2630,2636,C
6-NA,988,2,20,2606,0,2628,G
6-NA,989,2612,1,2,0,2615,A
6-NA,990,1,0,1,2620,2622,C
6-NA,991,2610,0,1,0,2611,A
6-NA,992,0,1,2635,0,2636,G
6-NA,993,3,0,0,2704,2707,C
6-NA,994,2,2701,0,3,2706,T
6-NA,995,12,0,1,2691,2704,C
6-NA,996,15,1,0,2694,2710,C
6-NA,997,2713,0,3,1,2717,A
6-NA,998,0,0,2735,0,2735,G
6-NA,999,2,2,0,2736,2740,C
6-NA,1000,2725,0,1,0,2726,A
6-NA,1001,2,5,2724,0,2731,G
6-NA,1002,0,2627,0,0,2627,T
6-NA,1003,2624,0,2,0,2626,A
6-NA,1004,2,1,2630,0,2633,G
6-NA,1005,0,1,0,2626,2627,C
6-NA,1006,12,2,0,2620,2634,C
6-NA,1007,2596,0,0,0,2596,A
6-NA,1008,0,2591,0,1,2592,T
6-NA,1009,2,2585,0,0,2587,T
6-NA,1010,0,1,2654,0,2655,G
6-NA,1011,0,2633,0,1,2634,T
6-NA,1012,0,2633,0,0,2633,T
6-NA,1013,4,2625,0,4,2633,T
6-NA,1014,0,15,2598,1,2614,G
6-NA,1015,1,9,2640,0,2650,G
6-NA,1016,2633,1,0,0,2634,A
6-NA,1017,0,2666,0,2,2668,T
6-NA,1018,8,0,0,2648,2656,C
6-NA,1019,9,0,0,2622,2631,C
6-NA,1020,5,2616,0,1,2622,T
6-NA,1021,2626,0,11,0,2637,A
6-NA,1022,2635,0,0,0,2635,A
6-NA,1023,7,2,0,2676,2685,C
6-NA,1024,2633,1,0,1,2635,A
6-NA,1025,2641,0,0,0,2641,A
6-NA,1026,0,2620,0,1,2621,T
6-NA,1027,0,6,2622,0,2628,G
6-NA,1028,2604,1,1,0,2606,A
6-NA,1029,0,9,2503,0,2512,G
6-NA,1030,0,5,2583,0,2588,G
6-NA,1031,2584,1,0,0,2585,A
6-NA,1032,2592,0,1,0,2593,A
6-NA,1033,1,7,2602,0,2610,G
6-NA,1034,0,3,2620,0,2623,G
6-NA,1035,0,2595,0,2,2597,T
6-NA,1036,1,12,2575,0,2588,G
6-NA,1037,3,1,2610,0,2614,G
6-NA,1038,2,2583,0,2,2587,T
6-NA,1039,17,2,0,2538,2557,C
6-NA,1040,2550,1,0,0,2551,A
6-NA,1041,0,2538,1,1,2540,T
6-NA,1042,1,6,2526,0,2533,G
6-NA,1043,1,8,2511,0,2520,G
6-NA,1044,1,7,2437,0,2445,G
6-NA,1045,3,3,2442,0,2448,G
6-NA,1046,1,2448,0,1,2450,T
6-NA,1047,2448,0,0,0,2448,A
6-NA,1048,2643,0,0,0,2643,A
6-NA,1049,2642,0,0,1,2643,A
6-NA,1050,2669,0,3,0,2672,A
6-NA,1051,0,2,2686,0,2688,G
6-NA,1052,2,2,2629,0,2633,G
6-NA,1053,2,0,0,2623,2625,C
6-NA,1054,1,2516,0,2,2519,T
6-NA,1055,1,11,2520,1,2533,G
6-NA,1056,0,6,2534,0,2540,G
6-NA,1057,1,3,2572,0,2576,G
6-NA,1058,3,1,0,2566,2570,C
6-NA,1059,3,0,0,2567,2570,C
6-NA,1060,0,2551,0,3,2554,T
6-NA,1061,0,2555,1,1,2557,T
6-NA,1062,0,2562,0,0,2562,T
6-NA,1063,1,5,2563,0,2569,G
6-NA,1064,2560,0,1,0,2561,A
6-NA,1065,0,2538,0,1,2539,T
6-NA,1066,0,7,2491,0,2498,G
6-NA,1067,2469,2,1,0,2472,A
6-NA,1068,0,2479,0,1,2480,T
6-NA,1069,0,2,2493,0,2495,G
6-NA,1070,1,4,2538,0,2543,G
6-NA,1071,2539,0,1,0,2540,A
6-NA,1072,2536,0,1,1,2538,A
6-NA,1073,2540,0,3,0,2543,A
6-NA,1074,1,2545,0,0,2546,T
6-NA,1075,1,9,2547,0,2557,G
6-NA,1076,2551,0,3,1,2555,A
6-NA,1077,2,1,0,2544,2547,C
6-NA,1078,3,1,2556,0,2560,G
6-NA,1079,0,2508,0,1,2509,T
6-NA,1080,1,1,2523,0,2525,G
6-NA,1081,0,2526,0,0,2526,T
6-NA,1082,0,6,2525,0,2531,G
6-NA,1083,0,4,2550,0,2554,G
6-NA,1084,2535,0,1,0,2536,A
6-NA,1085,1,2542,0,0,2543,T
6-NA,1086,1,14,2515,1,2531,G
6-NA,1087,0,3,2524,1,2528,G
6-NA,1088,0,3,2544,0,2547,G
6-NA,1089,2531,1,0,0,2532,A
6-NA,1090,2523,0,0,0,2523,A
6-NA,1091,2,13,2514,0,2529,G
6-NA,1092,2494,0,1,1,2496,A
6-NA,1093,2507,0,1,0,2508,A
6-NA,1094,2,0,0,2489,2491,C
6-NA,1095,0,17,2460,1,2478,G
6-NA,1096,2478,0,2,0,2480,A
6-NA,1097,0,2434,0,0,2434,T
6-NA,1098,10,2,0,2421,2433,C
6-NA,1099,2436,0,0,0,2436,A
6-NA,1100,1,0,2451,0,2452,G
6-NA,1101,3,1,0,2439,2443,C
6-NA,1102,2,7,2433,0,2442,G
6-NA,1103,2426,0,0,0,2426,A
6-NA,1104,0,8,2429,0,2437,G
6-NA,1105,2432,1,0,1,2434,A
6-NA,1106,2431,0,1,0,2432,A
6-NA,1107,2,1,2466,0,2469,G
6-NA,1108,0,2443,1,5,2449,T
6-NA,1109,21,1,0,2409,2431,C
6-NA,1110,2426,1,1,0,2428,A
6-NA,1111,0,1,0,2514,2515,C
6-NA,1112,0,0,2520,0,2520,G
6-NA,1113,4,0,0,2521,2525,C
6-NA,1114,0,2509,0,2,2511,T
6-NA,1115,0,2517,0,0,2517,T
6-NA,1116,2473,1,1,1,2476,A
6-NA,1117,1,7,2522,0,2530,G
6-NA,1118,1,16,2513,0,2530,G
6-NA,1119,2,5,2575,0,2582,G
6-NA,1120,0,2454,0,2,2456,T
6-NA,1121,2439,0,2,0,2441,A
6-NA,1122,0,2426,0,1,2427,T
6-NA,1123,0,9,2413,1,2423,G
6-NA,1124,2416,0,1,0,2417,A
6-NA,1125,2414,0,0,0,2414,A
6-NA,1126,2328,0,5,0,2333,A
6-NA,1127,2,0,0,2338,2340,C
6-NA,1128,8,2,0,2281,2291,C
6-NA,1129,0,2250,0,3,2253,T
6-NA,1130,1,2252,0,0,2253,T
6-NA,1131,3,0,0,2250,2253,C
6-NA,1132,2256,0,1,0,2257,A
6-NA,1133,2257,0,0,0,2257,A
6-NA,1134,2256,0,0,0,2256,A
6-NA,1135,1,4,2257,0,2262,G
6-NA,1136,1,2236,0,0,2237,T
6-NA,1137,22,1,0,2220,2243,C
6-NA,1138,2279,1,1,0,2281,A
6-NA,1139,0,2289,2,0,2291,T
6-NA,1140,1,2290,0,0,2291,T
6-NA,1141,0,6,2288,0,2294,G
6-NA,1142,2287,0,0,0,2287,A
6-NA,1143,2293,0,2,0,2295,A
6-NA,1144,0,9,2291,0,2300,G
6-NA,1145,0,0,2290,1,2291,G
6-NA,1146,0,0,0,2284,2284,C
6-NA,1147,0,2218,0,0,2218,T
6-NA,1148,1,8,2228,0,2237,G
6-NA,1149,1,0,2294,0,2295,G
6-NA,1150,2,2291,1,3,2297,T
6-NA,1151,10,2,0,2276,2288,C
6-NA,1152,9,0,1,2266,2276,C
6-NA,1153,2274,0,2,0,2276,A
6-NA,1154,2295,0,0,1,2296,A
6-NA,1155,2,0,0,2307,2309,C
6-NA,1156,11,2,2,2296,2311,C
6-NA,1157,16,0,0,2294,2310,C
6-NA,1158,0,2205,0,2,2207,T
6-NA,1159,2210,0,0,0,2210,A
6-NA,1160,2204,1,8,0,2213,A
6-NA,1161,0,1,2237,1,2239,G
6-NA,1162,0,2227,0,0,2227,T
6-NA,1163,18,1,0,2192,2211,C
6-NA,1164,7,0,1,2169,2177,C
6-NA,1165,2178,1,1,0,2180,A
6-NA,1166,2172,0,2,0,2174,A
6-NA,1167,2177,0,0,1,2178,A
6-NA,1168,0,2172,0,1,2173,T
6-NA,1169,0,2161,2,1,2164,T
6-NA,1170,0,3,2152,0,2155,G
6-NA,1171,0,1,0,2148,2149,C
6-NA,1172,2141,0,4,0,2145,A
6-NA,1173,0,1,2155,0,2156,G
6-NA,1174,2150,0,1,0,2151,A
6-NA,1175,1,2182,1,1,2185,T
6-NA,1176,2186,0,1,0,2187,A
6-NA,1177,2182,0,1,0,2183,A
6-NA,1178,2181,2,1,0,2184,A
6-NA,1179,0,2176,0,1,2177,T
6-NA,1180,2167,0,1,0,2168,A
6-NA,1181,1,3,2168,0,2172,G
6-NA,1182,0,3,2151,0,2154,G
6-NA,1183,0,0,2,2141,2143,C
6-NA,1184,2088,0,3,0,2091,A
6-NA,1185,2118,0,5,0,2123,A
6-NA,1186,0,2,2146,0,2148,G
6-NA,1187,1,2144,0,1,2146,T
6-NA,1188,25,2,0,2116,2143,C
6-NA,1189,2138,11,2,0,2151,A
6-NA,1190,0,2150,0,0,2150,T
6-NA,1191,2175,0,2,0,2177,A
6-NA,1192,0,1,2186,0,2187,G
6-NA,1193,0,2181,0,2,2183,T
6-NA,1194,0,2122,0,0,2122,T
6-NA,1195,1,13,2091,0,2105,G
6-NA,1196,2090,2,3,0,2095,A
6-NA,1197,3,0,0,2096,2099,C
6-NA,1198,2053,0,2,1,2056,A
6-NA,1199,0,4,2084,0,2088,G
6-NA,1200,2061,0,2,0,2063,A
6-NA,1201,1,8,2152,0,2161,G
6-NA,1202,0,0,2174,0,2174,G
6-NA,1203,0,2179,0,3,2182,T
6-NA,1204,2171,0,1,0,2172,A
6-NA,1205,2166,0,2,0,2168,A
6-NA,1206,0,2177,0,0,2177,T
6-NA,1207,2158,0,3,0,2161,A
6-NA,1208,0,8,2147,0,2155,G
6-NA,1209,0,2,2126,0,2128,G
6-NA,1210,1,1974,0,4,1979,T
6-NA,1211,4,0,0,1968,1972,C
6-NA,1212,1,1901,0,38,1940,T
6-NA,1213,1,5,1974,0,1980,G
6-NA,1214,0,4,1979,0,1983,G
6-NA,1215,1,1981,0,2,1984,T
6-NA,1216,0,1973,0,0,1973,T
6-NA,1217,1929,0,1,0,1930,A
6-NA,1218,1,1908,0,0,1909,T
6-NA,1219,0,1907,0,0,1907,T
6-NA,1220,8,0,0,1908,1916,C
6-NA,1221,0,1873,0,3,1876,T
6-NA,1222,0,7,1871,0,1878,G
6-NA,1223,1,3,1878,0,1882,G
6-NA,1224,2,1872,0,0,1874,T
6-NA,1225,1880,0,1,0,1881,A
6-NA,1226,0,1869,0,2,1871,T
6-NA,1227,0,1861,0,0,1861,T
6-NA,1228,0,1856,0,0,1856,T
6-NA,1229,0,1859,0,2,1861,T
6-NA,1230,3,1,0,1860,1864,C
6-NA,1231,0,1834,0,4,1838,T
6-NA,1232,8,0,0,1836,1844,C
6-NA,1233,0,1832,0,0,1832,T
6-NA,1234,11,3,1873,0,1887,G
6-NA,1235,0,1886,0,1,1887,T
6-NA,1236,1,1869,0,1,1871,T
6-NA,1237,0,8,1868,0,1876,G
6-NA,1238,1853,0,1,0,1854,A
6-NA,1239,1848,0,4,1,1853,A
6-NA,1240,0,3,1867,0,1870,G
6-NA,1241,0,0,1863,1,1864,G
6-NA,1242,1,0,0,1869,1870,C
6-NA,1243,1822,0,0,1,1823,A
6-NA,1244,1818,0,3,0,1821,A
6-NA,1245,1834,0,0,0,1834,A
6-NA,1246,1835,0,6,0,1841,A
6-NA,1247,0,0,1840,0,1840,G
6-NA,1248,1,0,0,1837,1838,C
6-NA,1249,0,1808,0,2,1810,T
6-NA,1250,1,0,1845,0,1846,G
6-NA,1251,0,1,0,1841,1842,C
6-NA,1252,1847,0,1,0,1848,A
6-NA,1253,0,1842,0,3,1845,T
6-NA,1254,6,1,0,1823,1830,C
6-NA,1255,1829,0,0,0,1829,A
6-NA,1256,1832,1,0,0,1833,A
6-NA,1257,0,1829,0,0,1829,T
6-NA,1258,4,0,1,1825,1830,C
6-NA,1259,1,6,1794,0,1801,G
6-NA,1260,1,2,1843,0,1846,G
6-NA,1261,0,1845,0,2,1847,T
6-NA,1262,2,1,1849,0,1852,G
6-NA,1263,0,2,0,1868,1870,C
6-NA,1264,0,1853,0,2,1855,T
6-NA,1265,0,1880,0,0,1880,T
6-NA,1266,0,1879,1,2,1882,T
6-NA,1267,2,1892,0,0,1894,T
6-NA,1268,1909,0,0,0,1909,A
6-NA,1269,0,1839,0,0,1839,T
6-NA,1270,2,0,1841,1,1844,G
6-NA,1271,1,1827,0,0,1828,T
6-NA,1272,1,4,1796,0,1801,G
6-NA,1273,0,5,1827,0,1832,G
6-NA,1274,1781,0,1,0,1782,A
6-NA,1275,0,2,1816,0,1818,G
6-NA,1276,1,1807,0,0,1808,T
6-NA,1277,1,1785,0,3,1789,T
6-NA,1278,0,6,1807,0,1813,G
6-NA,1279,1809,0,0,0,1809,A
6-NA,1280,0,1814,0,0,1814,T
6-NA,1281,1797,0,5,1,1803,A
6-NA,1282,1739,0,0,1,1740,A
6-NA,1283,0,10,1747,0,1757,G
6-NA,1284,0,8,1715,0,1723,G
6-NA,1285,1,4,1702,0,1707,G
6-NA,1286,0,4,1693,0,1697,G
6-NA,1287,1673,0,1,0,1674,A
6-NA,1288,1673,0,1,0,1674,A
6-NA,1289,0,4,1693,0,1697,G
6-NA,1290,1689,0,1,0,1690,A
6-NA,1291,1689,1,1,0,1691,A
6-NA,1292,1670,0,0,0,1670,A
6-NA,1293,1635,1,3,0,1639,A
6-NA,1294,0,8,1634,0,1642,G
6-NA,1295,1621,0,1,0,1622,A
6-NA,1296,0,3,1622,0,1625,G
6-NA,1297,1,4,1616,0,1621,G
6-NA,1298,1600,0,3,1,1604,A
6-NA,1299,1602,1,2,0,1605,A
6-NA,1300,1611,0,0,0,1611,A
6-NA,1301,1,0,0,1622,1623,C
6-NA,1302,0,1611,0,0,1611,T
6-NA,1303,2,6,1613,0,1621,G
6-NA,1304,1610,2,2,0,1614,A
6-NA,1305,1610,0,2,0,1612,A
6-NA,1306,0,1,1626,0,1627,G
6-NA,1307,0,1606,0,4,1610,T
6-NA,1308,6,0,0,1622,1628,C
6-NA,1309,0,1618,0,3,1621,T
6-NA,1310,0,1608,0,0,1608,T
6-NA,1311,0,2,1609,0,1611,G
6-NA,1312,0,1598,0,1,1599,T
6-NA,1313,1,5,1592,0,1598,G
6-NA,1314,1,5,1597,0,1603,G
6-NA,1315,1589,0,0,0,1589,A
6-NA,1316,0,0,0,1611,1611,C
6-NA,1317,7,0,0,1565,1572,C
6-NA,1318,0,1572,0,2,1574,T
6-NA,1319,5,0,0,1571,1576,C
6-NA,1320,1585,0,1,0,1586,A
6-NA,1321,1583,1,1,0,1585,A
6-NA,1322,1584,1,1,0,1586,A
6-NA,1323,7,0,0,1608,1615,C
6-NA,1324,1572,0,0,0,1572,A
6-NA,1325,0,2,1621,0,1623,G
6-NA,1326,0,1588,0,1,1589,T
6-NA,1327,1588,1,0,0,1589,A
6-NA,1328,4,1582,0,0,1586,T
6-NA,1329,0,1564,0,0,1564,T
6-NA,1330,0,3,1580,0,1583,G
6-NA,1331,0,1563,1,4,1568,T
6-NA,1332,0,1498,0,1,1499,T
6-NA,1333,0,2,1495,0,1497,G
6-NA,1334,0,1415,1,1,1417,T
6-NA,1335,1,2,1429,0,1432,G
6-NA,1336,0,1427,0,0,1427,T
6-NA,1337,0,1403,1,0,1404,T
6-NA,1338,0,1397,0,2,1399,T
6-NA,1339,0,1369,0,0,1369,T
6-NA,1340,2,1,1366,0,1369,G
6-NA,1341,1,1365,0,0,1366,T
6-NA,1342,0,5,1351,0,1356,G
6-NA,1343,1,1,1357,0,1359,G
6-NA,1344,1,1,0,1332,1334,C
6-NA,1345,1327,1,0,0,1328,A
6-NA,1346,4,1,0,1348,1353,C
6-NA,1347,2,0,0,1341,1343,C
6-NA,1348,0,1343,0,0,1343,T
6-NA,1349,5,0,0,1345,1350,C
6-NA,1350,1343,1,1,0,1345,A
6-NA,1351,1,2,1367,0,1370,G
6-NA,1352,3,0,1372,0,1375,G
6-NA,1353,0,1368,0,1,1369,T
6-NA,1354,1362,0,0,0,1362,A
6-NA,1355,4,0,0,1294,1298,C
6-NA,1356,1287,0,1,0,1288,A
6-NA,1357,1,1280,0,1,1282,T
6-NA,1358,1257,0,0,0,1257,A
6-NA,1359,0,1248,0,0,1248,T
6-NA,1360,0,3,1168,0,1171,G
6-NA,1361,0,8,1167,0,1175,G
6-NA,1362,1167,0,0,0,1167,A
6-NA,1363,1163,0,0,0,1163,A
6-NA,1364,1,0,0,1149,1150,C
6-NA,1365,983,0,0,0,983,A
6-NA,1366,0,2,985,0,987,G
6-NA,1367,0,0,983,0,983,G
6-NA,1368,0,0,0,988,988,C
6-NA,1369,0,977,0,2,979,T
6-NA,1370,7,1,0,922,930,C
6-NA,1371,927,0,1,0,928,A
6-NA,1372,1,928,0,1,930,T
6-NA,1373,0,0,931,0,931,G
6-NA,1374,1,0,932,0,933,G
6-NA,1375,3,1,0,893,897,C
6-NA,1376,0,1,1,893,895,C
6-NA,1377,0,848,0,1,849,T
6-NA,1378,2,1,841,0,844,G
6-NA,1379,847,0,2,0,849,A
6-NA,1380,1,846,0,0,847,T
6-NA,1381,0,2,837,0,839,G
6-NA,1382,0,1,824,0,825,G
6-NA,1383,0,4,775,0,779,G
6-NA,1384,0,0,783,0,783,G
6-NA,1385,1,1,0,759,761,C
6-NA,1386,0,3,756,0,759,G
6-NA,1387,0,1,753,0,754,G
6-NA,1388,735,0,1,0,736,A
6-NA,1389,2,7,0,725,734,C
6-NA,1390,726,0,0,1,727,A
6-NA,1391,0,717,0,1,718,T
6-NA,1392,2,0,0,707,709,C
6-NA,1393,704,0,0,0,704,A
6-NA,1394,701,0,0,1,702,A
6-NA,1395,0,701,0,0,701,T
6-NA,1396,1,0,0,686,687,C
6-NA,1397,0,665,0,0,665,T
6-NA,1398,3,0,0,553,556,C
6-NA,1399,552,1,0,0,553,A
6-NA,1400,0,549,0,0,549,T
6-NA,1401,0,0,549,0,549,G
6-NA,1402,0,0,0,546,546,C
6-NA,1403,6,0,0,515,521,C
6-NA,1404,0,480,0,0,480,T
6-NA,1405,477,0,0,0,477,A
6-NA,1406,0,476,0,0,476,T
6-NA,1407,469,0,0,0,469,A
6-NA,1408,0,468,0,0,468,T
6-NA,1409,424,0,0,0,424,A
6-NA,1410,400,0,0,0,400,A
7-M,1,22,0,0,0,22,A
7-M,2,0,23,0,0,23,T
7-M,3,0,0,23,0,23,G
7-M,4,24,0,0,0,24,A
7-M,5,0,0,29,0,29,G
7-M,6,0,0,0,31,31,C
7-M,7,0,0,0,31,31,C
7-M,8,0,34,0,1,35,T
7-M,9,0,35,0,0,35,T
7-M,10,0,0,0,34,34,C
7-M,11,0,35,0,0,35,T
7-M,12,35,0,0,0,35,A
7-M,13,35,0,0,0,35,A
7-M,14,0,0,0,35,35,C
7-M,15,1,0,0,34,35,C
7-M,16,0,0,36,0,36,G
7-M,17,36,0,0,0,36,A
7-M,18,0,0,37,0,37,G
7-M,19,0,0,38,0,38,G
7-M,20,0,38,0,0,38,T
7-M,21,0,0,0,38,38,C
7-M,22,0,1,37,0,38,G
7-M,23,40,0,0,0,40,A
7-M,24,41,0,0,0,41,A
7-M,25,41,0,0,0,41,A
7-M,26,0,0,0,44,44,C
7-M,27,0,1,43,0,44,G
7-M,28,0,45,0,0,45,T
7-M,29,47,0,0,0,47,A
7-M,30,0,47,0,0,47,T
7-M,31,0,0,48,0,48,G
7-M,32,0,50,0,0,50,T
7-M,33,0,58,0,0,58,T
7-M,34,1,0,0,58,59,C
7-M,35,0,59,0,0,59,T
7-M,36,0,0,0,61,61,C
7-M,37,0,61,0,0,61,T
7-M,38,0,0,0,62,62,C
7-M,39,0,62,0,0,62,T
7-M,40,63,0,0,0,63,A
7-M,41,0,63,0,0,63,T
7-M,42,0,0,0,64,64,C
7-M,43,0,0,64,0,64,G
7-M,44,0,64,0,0,64,T
7-M,45,0,64,0,0,64,T
7-M,46,0,0,0,66,66,C
7-M,47,0,0,0,68,68,C
7-M,48,68,0,0,0,68,A
7-M,49,0,68,0,0,68,T
7-M,50,0,0,0,69,69,C
7-M,51,68,0,0,0,68,A
7-M,52,0,0,71,0,71,G
7-M,53,0,1,70,0,71,G
7-M,54,0,0,0,70,70,C
7-M,55,1,0,0,69,70,C
7-M,56,0,0,0,70,70,C
7-M,57,0,0,0,70,70,C
7-M,58,0,0,0,72,72,C
7-M,59,0,72,0,0,72,T
7-M,60,1,0,0,71,72,C
7-M,61,72,0,0,0,72,A
7-M,62,73,0,0,0,73,A
7-M,63,77,0,0,0,77,A
7-M,64,0,0,80,0,80,G
7-M,65,1,0,0,79,80,C
7-M,66,1,0,0,78,79,C
7-M,67,0,0,79,0,79,G
7-M,68,80,0,0,0,80,A
7-M,69,0,1,79,0,80,G
7-M,70,81,0,0,0,81,A
7-M,71,0,82,0,0,82,T
7-M,72,0,0,0,82,82,C
7-M,73,1,0,81,0,82,G
7-M,74,0,0,0,84,84,C
7-M,75,0,0,84,0,84,G
7-M,76,0,0,0,84,84,C
7-M,77,84,0,0,0,84,A
7-M,78,0,1,85,0,86,G
7-M,79,86,0,0,0,86,A
7-M,80,0,0,95,0,95,G
7-M,81,95,0,0,0,95,A
7-M,82,0,0,0,94,94,C
7-M,83,0,95,0,0,95,T
7-M,84,0,95,0,0,95,T
7-M,85,0,0,96,0,96,G
7-M,86,96,0,0,0,96,A
7-M,87,95,0,0,0,95,A
7-M,88,0,0,95,0,95,G
7-M,89,95,0,0,0,95,A
7-M,90,0,95,0,0,95,T
7-M,91,0,0,97,0,97,G
7-M,92,0,97,0,0,97,T
7-M,93,1,0,0,96,97,C
7-M,94,0,95,0,0,95,T
7-M,95,0,95,0,0,95,T
7-M,96,0,96,0,0,96,T
7-M,97,0,0,96,0,96,G
7-M,98,0,0,0,96,96,C
7-M,99,0,95,0,0,95,T
7-M,100,0,0,96,0,96,G
7-M,101,0,1,98,0,99,G
7-M,102,0,1,100,0,101,G
7-M,103,100,0,0,0,100,A
7-M,104,101,0,0,0,101,A
7-M,105,101,0,0,0,101,A
7-M,106,102,0,0,0,102,A
7-M,107,106,0,0,0,106,A
7-M,108,0,0,0,106,106,C
7-M,109,106,0,0,0,106,A
7-M,110,0,0,0,107,107,C
7-M,111,104,0,0,0,104,A
7-M,112,0,0,110,0,110,G
7-M,113,109,0,0,0,109,A
7-M,114,0,110,0,0,110,T
7-M,115,0,0,0,111,111,C
7-M,116,0,111,0,0,111,T
7-M,117,0,111,0,0,111,T
7-M,118,0,0,111,0,111,G
7-M,119,110,0,1,0,111,A
7-M,120,0,0,111,0,111,G
7-M,121,0,2,108,0,110,G
7-M,122,0,0,0,111,111,C
7-M,123,0,111,0,0,111,T
7-M,124,1,0,0,126,127,C
7-M,125,0,127,0,1,128,T
7-M,126,0,0,0,129,129,C
7-M,127,130,0,0,0,130,A
7-M,128,0,130,0,0,130,T
7-M,129,0,0,130,0,130,G
7-M,130,0,0,130,0,130,G
7-M,131,130,0,0,0,130,A
7-M,132,129,0,1,0,130,A
7-M,133,0,125,0,0,125,T
7-M,134,0,0,130,0,130,G
7-M,135,0,0,142,0,142,G
7-M,136,0,0,0,143,143,C
7-M,137,0,143,0,0,143,T
7-M,138,142,0,0,0,142,A
7-M,139,143,0,0,0,143,A
7-M,140,145,0,0,0,145,A
7-M,141,0,0,146,0,146,G
7-M,142,147,0,0,0,147,A
7-M,143,0,0,0,144,144,C
7-M,144,141,1,0,0,142,A
7-M,145,143,0,0,0,143,A
7-M,146,0,1,146,0,147,G
7-M,147,147,0,0,0,147,A
7-M,148,1,0,0,147,148,C
7-M,149,1,0,0,145,146,C
7-M,150,146,0,0,0,146,A
7-M,151,151,0,0,0,151,A
7-M,152,0,151,0,0,151,T
7-M,153,0,153,0,0,153,T
7-M,154,0,0,0,155,155,C
7-M,155,0,153,0,0,153,T
7-M,156,0,0,154,0,154,G
7-M,157,0,153,0,1,154,T
7-M,158,1,0,0,153,154,C
7-M,159,154,0,0,0,154,A
7-M,160,0,0,0,155,155,C
7-M,161,0,0,0,154,154,C
7-M,162,0,153,0,0,153,T
7-M,163,1,0,0,152,153,C
7-M,164,0,153,0,0,153,T
7-M,165,0,2,156,0,158,G
7-M,166,158,0,0,0,158,A
7-M,167,0,0,0,159,159,C
7-M,168,0,159,0,0,159,T
7-M,169,156,0,0,0,156,A
7-M,170,154,0,0,0,154,A
7-M,171,42,0,113,0,155,G
7-M,172,0,2,153,0,155,G
7-M,173,0,1,154,0,155,G
7-M,174,0,0,155,0,155,G
7-M,175,156,0,0,0,156,A
7-M,176,0,153,0,0,153,T
7-M,177,0,155,0,0,155,T
7-M,178,0,155,0,0,155,T
7-M,179,0,155,0,0,155,T
7-M,180,1,0,154,0,155,G
7-M,181,0,0,155,0,155,G
7-M,182,0,0,155,0,155,G
7-M,183,0,0,154,0,154,G
7-M,184,0,149,0,0,149,T
7-M,185,0,147,0,1,148,T
7-M,186,0,149,0,0,149,T
7-M,187,0,0,153,0,153,G
7-M,188,0,154,0,0,154,T
7-M,189,0,0,157,0,157,G
7-M,190,0,156,0,0,156,T
7-M,191,0,156,0,0,156,T
7-M,192,1,0,0,157,158,C
7-M,193,157,0,0,0,157,A
7-M,194,0,0,0,163,163,C
7-M,195,0,0,162,0,162,G
7-M,196,0,0,0,162,162,C
7-M,197,0,157,0,0,157,T
7-M,198,2,0,0,159,161,C
7-M,199,162,0,0,0,162,A
7-M,200,0,0,0,161,161,C
7-M,201,0,0,0,163,163,C
7-M,202,0,0,163,0,163,G
7-M,203,0,161,0,0,161,T
7-M,204,0,0,162,0,162,G
7-M,205,1,1,0,162,164,C
7-M,206,2,0,0,163,165,C
7-M,207,0,0,0,164,164,C
7-M,208,166,0,0,0,166,A
7-M,209,0,0,171,0,171,G
7-M,210,0,170,0,0,170,T
7-M,211,0,0,175,0,175,G
7-M,212,171,0,1,0,172,A
7-M,213,0,0,171,0,171,G
7-M,214,0,0,0,170,170,C
7-M,215,0,0,169,0,169,G
7-M,216,0,0,167,0,167,G
7-M,217,1,0,169,0,170,G
7-M,218,1,0,167,0,168,G
7-M,219,171,0,0,0,171,A
7-M,220,0,0,0,173,173,C
7-M,221,0,171,0,0,171,T
7-M,222,0,1,170,0,171,G
7-M,223,0,0,0,172,172,C
7-M,224,172,0,0,0,172,A
7-M,225,0,1,171,0,172,G
7-M,226,0,0,0,173,173,C
7-M,227,0,0,176,0,176,G
7-M,228,0,176,0,0,176,T
7-M,229,174,0,0,0,174,A
7-M,230,0,0,172,0,172,G
7-M,231,173,0,0,0,173,A
7-M,232,0,0,0,174,174,C
7-M,233,0,1,172,0,173,G
7-M,234,0,0,0,169,169,C
7-M,235,0,164,0,0,164,T
7-M,236,0,163,0,0,163,T
7-M,237,0,162,0,0,162,T
7-M,238,0,0,167,0,167,G
7-M,239,1,166,0,0,167,T
7-M,240,0,0,0,167,167,C
7-M,241,1,0,0,165,166,C
7-M,242,165,0,0,0,165,A
7-M,243,165,0,0,0,165,A
7-M,244,166,0,0,0,166,A
7-M,245,165,1,0,0,166,A
7-M,246,0,166,0,0,166,T
7-M,247,0,0,163,0,163,G
7-M,248,0,0,0,161,161,C
7-M,249,1,0,1,162,164,C
7-M,250,1,0,0,162,163,C
7-M,251,0,166,0,0,166,T
7-M,252,0,0,0,168,168,C
7-M,253,168,0,0,0,168,A
7-M,254,171,0,0,0,171,A
7-M,255,0,175,0,0,175,T
7-M,256,0,1,174,0,175,G
7-M,257,0,0,179,0,179,G
7-M,258,1,0,179,0,180,G
7-M,259,180,0,0,0,180,A
7-M,260,179,0,0,0,179,A
7-M,261,0,177,0,0,177,T
7-M,262,0,1,175,0,176,G
7-M,263,0,1,175,0,176,G
7-M,264,171,0,1,0,172,A
7-M,265,0,0,173,0,173,G
7-M,266,169,0,0,0,169,A
7-M,267,0,0,0,167,167,C
7-M,268,1,0,0,167,168,C
7-M,269,0,0,0,172,172,C
7-M,270,175,0,0,0,175,A
7-M,271,175,0,0,0,175,A
7-M,272,175,0,0,0,175,A
7-M,273,0,176,0,0,176,T
7-M,274,176,0,0,0,176,A
7-M,275,176,0,0,0,176,A
7-M,276,1,0,0,172,173,C
7-M,277,171,0,1,0,172,A
7-M,278,0,172,0,0,172,T
7-M,279,0,2,174,0,176,G
7-M,280,0,0,176,0,176,G
7-M,281,177,0,0,0,177,A
7-M,282,0,0,0,178,178,C
7-M,283,174,0,0,0,174,A
7-M,284,174,0,0,0,174,A
7-M,285,174,0,0,0,174,A
7-M,286,0,0,177,0,177,G
7-M,287,2,0,0,178,180,C
7-M,288,174,0,0,0,174,A
7-M,289,0,0,178,0,178,G
7-M,290,0,176,1,0,177,T
7-M,291,0,176,0,0,176,T
7-M,292,180,0,0,0,180,A
7-M,293,176,0,0,0,176,A
7-M,294,177,0,0,0,177,A
7-M,295,1,0,0,181,182,C
7-M,296,0,178,0,0,178,T
7-M,297,0,0,198,0,198,G
7-M,298,0,198,0,0,198,T
7-M,299,200,0,0,0,200,A
7-M,300,0,198,0,1,199,T
7-M,301,198,0,0,0,198,A
7-M,302,0,0,197,0,197,G
7-M,303,0,0,197,0,197,G
7-M,304,197,0,0,0,197,A
7-M,305,196,0,0,0,196,A
7-M,306,188,0,0,0,188,A
7-M,307,0,0,0,189,189,C
7-M,308,0,189,0,0,189,T
7-M,309,0,189,0,0,189,T
7-M,310,189,0,0,0,189,A
7-M,311,188,0,0,0,188,A
7-M,312,0,1,187,0,188,G
7-M,313,184,0,0,0,184,A
7-M,314,0,1,184,0,185,G
7-M,315,182,0,0,0,182,A
7-M,316,0,0,180,0,180,G
7-M,317,181,0,0,0,181,A
7-M,318,180,0,0,1,181,A
7-M,319,188,0,0,0,188,A
7-M,320,0,189,0,0,189,T
7-M,321,190,0,0,0,190,A
7-M,322,190,0,0,0,190,A
7-M,323,0,1,0,187,188,C
7-M,324,0,1,189,0,190,G
7-M,325,0,190,0,0,190,T
7-M,326,0,190,0,0,190,T
7-M,327,1,0,0,188,189,C
7-M,328,3,0,0,188,191,C
7-M,329,191,0,0,0,191,A
7-M,330,0,190,0,1,191,T
7-M,331,0,1,189,0,190,G
7-M,332,0,0,191,0,191,G
7-M,333,0,1,189,0,190,G
7-M,334,0,0,190,0,190,G
7-M,335,0,0,0,189,189,C
7-M,336,1,0,0,186,187,C
7-M,337,186,0,0,0,186,A
7-M,338,187,1,0,0,188,A
7-M,339,187,0,0,0,187,A
7-M,340,0,1,187,0,188,G
7-M,341,187,0,0,0,187,A
7-M,342,187,0,0,0,187,A
7-M,343,187,0,0,0,187,A
7-M,344,0,187,0,0,187,T
7-M,345,183,0,1,0,184,A
7-M,346,0,0,187,0,187,G
7-M,347,0,0,0,184,184,C
7-M,348,0,184,0,0,184,T
7-M,349,0,0,0,186,186,C
7-M,350,0,185,0,0,185,T
7-M,351,0,0,1,189,190,C
7-M,352,190,0,0,0,190,A
7-M,353,0,1,190,0,191,G
7-M,354,0,189,0,0,189,T
7-M,355,0,193,0,0,193,T
7-M,356,193,0,0,0,193,A
7-M,357,0,193,0,0,193,T
7-M,358,0,191,0,0,191,T
7-M,359,0,0,0,194,194,C
7-M,360,0,186,0,0,186,T
7-M,361,0,1,185,0,186,G
7-M,362,0,0,1,185,186,C
7-M,363,0,186,0,0,186,T
7-M,364,0,0,188,0,188,G
7-M,365,0,0,187,0,187,G
7-M,366,0,188,0,0,188,T
7-M,367,0,0,188,0,188,G
7-M,368,2,0,0,186,188,C
7-M,369,186,0,0,0,186,A
7-M,370,0,0,0,187,187,C
7-M,371,0,182,0,0,182,T
7-M,372,1,187,0,0,188,T
7-M,373,1,0,188,0,189,G
7-M,374,0,0,0,188,188,C
7-M,375,0,0,0,187,187,C
7-M,376,186,0,1,0,187,A
7-M,377,0,0,188,0,188,G
7-M,378,0,187,0,0,187,T
7-M,379,0,186,0,0,186,T
7-M,380,0,0,186,0,186,G
7-M,381,0,0,0,184,184,C
7-M,382,184,0,0,0,184,A
7-M,383,0,184,0,0,184,T
7-M,384,0,0,183,0,183,G
7-M,385,0,0,185,0,185,G
7-M,386,0,0,182,0,182,G
7-M,387,0,0,0,184,184,C
7-M,388,0,0,0,188,188,C
7-M,389,0,188,0,0,188,T
7-M,390,0,0,0,194,194,C
7-M,391,200,0,0,0,200,A
7-M,392,0,200,0,1,201,T
7-M,393,207,0,0,0,207,A
7-M,394,0,206,0,0,206,T
7-M,395,205,0,0,0,205,A
7-M,396,1,0,0,219,220,C
7-M,397,213,0,0,0,213,A
7-M,398,214,0,0,0,214,A
7-M,399,0,207,0,0,207,T
7-M,400,196,0,0,0,196,A
7-M,401,0,0,199,0,199,G
7-M,402,0,2,196,0,198,G
7-M,403,197,0,0,0,197,A
7-M,404,0,198,0,0,198,T
7-M,405,0,2,184,0,186,G
7-M,406,0,0,188,0,188,G
7-M,407,0,0,187,0,187,G
7-M,408,0,1,189,0,190,G
7-M,409,0,0,188,0,188,G
7-M,410,0,0,0,189,189,C
7-M,411,0,180,0,0,180,T
7-M,412,0,0,187,0,187,G
7-M,413,0,187,0,0,187,T
7-M,414,189,0,0,0,189,A
7-M,415,186,0,0,0,186,A
7-M,416,0,0,0,185,185,C
7-M,417,0,0,0,185,185,C
7-M,418,180,0,0,0,180,A
7-M,419,0,0,0,182,182,C
7-M,420,0,183,0,0,183,T
7-M,421,0,0,184,0,184,G
7-M,422,182,0,0,0,182,A
7-M,423,181,0,0,0,181,A
7-M,424,0,0,181,0,181,G
7-M,425,0,179,0,0,179,T
7-M,426,0,0,180,0,180,G
7-M,427,0,0,180,0,180,G
7-M,428,0,0,0,180,180,C
7-M,429,181,0,0,0,181,A
7-M,430,0,181,0,0,181,T
7-M,431,0,181,0,0,181,T
7-M,432,0,181,0,0,181,T
7-M,433,0,0,186,0,186,G
7-M,434,0,1,185,0,186,G
7-M,435,0,0,0,187,187,C
7-M,436,0,0,0,186,186,C
7-M,437,0,184,0,0,184,T
7-M,438,0,2,190,0,192,G
7-M,439,0,0,193,0,193,G
7-M,440,0,194,0,0,194,T
7-M,441,195,0,0,0,195,A
7-M,442,0,185,0,0,185,T
7-M,443,0,1,187,0,188,G
7-M,444,0,186,0,1,187,T
7-M,445,0,0,186,0,186,G
7-M,446,0,0,0,187,187,C
7-M,447,182,0,0,0,182,A
7-M,448,180,0,0,0,180,A
7-M,449,0,0,0,183,183,C
7-M,450,182,0,0,0,182,A
7-M,451,0,182,0,0,182,T
7-M,452,0,1,179,0,180,G
7-M,453,0,176,0,0,176,T
7-M,454,0,1,176,0,177,G
7-M,455,175,0,0,0,175,A
7-M,456,0,0,176,0,176,G
7-M,457,1,0,0,174,175,C
7-M,458,169,0,1,0,170,A
7-M,459,0,0,173,0,173,G
7-M,460,171,0,1,0,172,A
7-M,461,0,173,0,0,173,T
7-M,462,0,171,0,0,171,T
7-M,463,0,0,170,0,170,G
7-M,464,0,0,0,170,170,C
7-M,465,0,170,0,0,170,T
7-M,466,0,0,170,0,170,G
7-M,467,170,0,0,0,170,A
7-M,468,0,0,0,172,172,C
7-M,469,0,171,0,0,171,T
7-M,470,1,0,0,169,170,C
7-M,471,1,0,0,170,171,C
7-M,472,0,0,0,170,170,C
7-M,473,171,0,0,0,171,A
7-M,474,0,0,172,0,172,G
7-M,475,0,0,0,171,171,C
7-M,476,172,0,0,0,172,A
7-M,477,0,0,0,172,172,C
7-M,478,162,0,1,0,163,A
7-M,479,0,0,170,0,170,G
7-M,480,0,1,170,0,171,G
7-M,481,0,170,0,0,170,T
7-M,482,1,0,0,177,178,C
7-M,483,0,175,0,0,175,T
7-M,484,0,0,0,176,176,C
7-M,485,175,0,0,0,175,A
7-M,486,0,175,0,0,175,T
7-M,487,178,0,0,0,178,A
7-M,488,0,1,174,0,175,G
7-M,489,0,0,174,0,174,G
7-M,490,0,0,0,171,171,C
7-M,491,165,0,0,0,165,A
7-M,492,0,0,164,0,164,G
7-M,493,165,0,0,0,165,A
7-M,494,0,166,0,0,166,T
7-M,495,0,2,164,0,166,G
7-M,496,0,0,166,0,166,G
7-M,497,1,163,0,0,164,T
7-M,498,0,0,166,0,166,G
7-M,499,0,0,166,0,166,G
7-M,500,0,0,0,166,166,C
7-M,501,164,0,0,0,164,A
7-M,502,164,0,0,0,164,A
7-M,503,0,0,0,168,168,C
7-M,504,170,0,0,0,170,A
7-M,505,170,0,0,0,170,A
7-M,506,0,0,0,171,171,C
7-M,507,1,0,0,170,171,C
7-M,508,171,0,0,0,171,A
7-M,509,172,0,0,0,172,A
7-M,510,0,173,0,0,173,T
7-M,511,0,0,0,173,173,C
7-M,512,1,0,0,170,171,C
7-M,513,170,0,0,0,170,A
7-M,514,0,168,0,0,168,T
7-M,515,1,168,0,0,169,T
7-M,516,171,0,0,0,171,A
7-M,517,170,0,0,0,170,A
7-M,518,0,170,0,0,170,T
7-M,519,170,0,0,0,170,A
7-M,520,169,0,0,0,169,A
7-M,521,166,0,0,0,166,A
7-M,522,168,0,0,0,168,A
7-M,523,0,0,0,170,170,C
7-M,524,170,0,0,0,170,A
7-M,525,0,170,0,0,170,T
7-M,526,0,0,170,0,170,G
7-M,527,170,0,0,0,170,A
7-M,528,0,2,170,0,172,G
7-M,529,172,0,0,0,172,A
7-M,530,172,0,0,0,172,A
7-M,531,0,0,0,173,173,C
7-M,532,164,1,0,0,165,A
7-M,533,0,0,169,0,169,G
7-M,534,169,0,0,0,169,A
7-M,535,170,0,0,0,170,A
7-M,536,0,169,0,0,169,T
7-M,537,0,0,167,0,167,G
7-M,538,0,0,167,0,167,G
7-M,539,0,166,0,0,166,T
7-M,540,0,162,0,0,162,T
7-M,541,0,164,0,0,164,T
7-M,542,0,165,0,0,165,T
7-M,543,0,0,166,0,166,G
7-M,544,0,0,166,0,166,G
7-M,545,1,0,1,164,166,C
7-M,546,0,0,0,165,165,C
7-M,547,161,0,0,0,161,A
7-M,548,0,0,169,0,169,G
7-M,549,0,0,0,167,167,C
7-M,550,169,0,0,0,169,A
7-M,551,0,0,0,173,173,C
7-M,552,0,171,0,0,171,T
7-M,553,171,0,0,0,171,A
7-M,554,1,0,0,176,177,C
7-M,555,181,0,0,0,181,A
7-M,556,0,0,187,0,187,G
7-M,557,0,0,0,179,179,C
7-M,558,0,176,0,0,176,T
7-M,559,175,0,0,0,175,A
7-M,560,172,0,0,0,172,A
7-M,561,0,0,175,0,175,G
7-M,562,0,0,174,0,174,G
7-M,563,0,0,0,176,176,C
7-M,564,0,174,0,0,174,T
7-M,565,173,0,0,0,173,A
7-M,566,0,172,0,0,172,T
7-M,567,0,2,171,0,173,G
7-M,568,0,1,176,0,177,G
7-M,569,174,0,0,0,174,A
7-M,570,0,0,175,0,175,G
7-M,571,0,0,0,175,175,C
7-M,572,176,0,0,0,176,A
7-M,573,175,0,0,0,175,A
7-M,574,175,0,0,0,175,A
7-M,575,0,178,0,0,178,T
7-M,576,0,2,176,0,178,G
7-M,577,0,0,174,0,174,G
7-M,578,0,0,0,176,176,C
7-M,579,0,173,0,0,173,T
7-M,580,0,1,173,0,174,G
7-M,581,0,1,175,0,176,G
7-M,582,176,0,0,0,176,A
7-M,583,0,175,0,0,175,T
7-M,584,0,0,0,173,173,C
7-M,585,172,0,0,0,172,A
7-M,586,175,0,0,0,175,A
7-M,587,0,0,175,0,175,G
7-M,588,0,174,0,0,174,T
7-M,589,0,1,173,0,174,G
7-M,590,172,0,0,0,172,A
7-M,591,172,0,0,0,172,A
7-M,592,0,1,0,171,172,C
7-M,593,172,0,0,0,172,A
7-M,594,0,0,176,0,176,G
7-M,595,0,0,173,0,173,G
7-M,596,0,0,0,174,174,C
7-M,597,171,0,0,0,171,A
7-M,598,0,0,178,0,178,G
7-M,599,0,0,0,176,176,C
7-M,600,0,2,171,0,173,G
7-M,601,0,0,175,0,175,G
7-M,602,175,0,0,0,175,A
7-M,603,0,0,176,0,176,G
7-M,604,0,0,181,0,181,G
7-M,605,0,0,0,182,182,C
7-M,606,0,0,0,181,181,C
7-M,607,179,0,0,0,179,A
7-M,608,0,180,0,0,180,T
7-M,609,0,0,179,1,180,G
7-M,610,0,1,179,0,180,G
7-M,611,178,0,0,0,178,A
7-M,612,0,0,180,0,180,G
7-M,613,176,0,0,0,176,A
7-M,614,0,179,0,0,179,T
7-M,615,0,179,0,0,179,T
7-M,616,0,0,179,0,179,G
7-M,617,0,1,0,176,177,C
7-M,618,0,178,0,0,178,T
7-M,619,178,0,0,0,178,A
7-M,620,0,1,178,0,179,G
7-M,621,0,178,0,0,178,T
7-M,622,1,0,0,177,178,C
7-M,623,174,0,0,0,174,A
7-M,624,0,0,177,0,177,G
7-M,625,1,0,175,0,176,G
7-M,626,0,0,0,176,176,C
7-M,627,1,0,0,175,176,C
7-M,628,174,0,0,0,174,A
7-M,629,0,0,177,0,177,G
7-M,630,0,0,176,0,176,G
7-M,631,0,1,0,174,175,C
7-M,632,171,0,0,0,171,A
7-M,633,0,0,172,0,172,G
7-M,634,167,0,0,0,167,A
7-M,635,0,168,0,0,168,T
7-M,636,0,1,169,0,170,G
7-M,637,0,0,178,0,178,G
7-M,638,0,177,0,0,177,T
7-M,639,0,0,176,0,176,G
7-M,640,0,0,0,176,176,C
7-M,641,176,0,0,0,176,A
7-M,642,0,0,178,0,178,G
7-M,643,0,0,178,0,178,G
7-M,644,1,0,0,179,180,C
7-M,645,180,0,0,0,180,A
7-M,646,181,0,1,0,182,A
7-M,647,0,180,0,0,180,T
7-M,648,0,0,179,0,179,G
7-M,649,180,0,0,0,180,A
7-M,650,1,1,180,0,182,G
7-M,651,176,0,0,0,176,A
7-M,652,0,0,176,0,176,G
7-M,653,0,0,0,179,179,C
7-M,654,1,0,0,176,177,C
7-M,655,179,0,0,0,179,A
7-M,656,0,180,0,0,180,T
7-M,657,0,180,0,0,180,T
7-M,658,0,0,180,0,180,G
7-M,659,0,0,179,0,179,G
7-M,660,0,2,176,0,178,G
7-M,661,178,0,0,1,179,A
7-M,662,0,0,0,175,175,C
7-M,663,0,167,0,0,167,T
7-M,664,0,1,0,169,170,C
7-M,665,174,0,0,0,174,A
7-M,666,0,177,0,0,177,T
7-M,667,1,0,0,178,179,C
7-M,668,0,0,0,177,177,C
7-M,669,0,177,0,0,177,T
7-M,670,176,0,0,0,176,A
7-M,671,0,0,177,0,177,G
7-M,672,0,185,0,0,185,T
7-M,673,0,185,0,0,185,T
7-M,674,0,0,0,185,185,C
7-M,675,2,0,0,178,180,C
7-M,676,179,0,0,0,179,A
7-M,677,0,0,182,0,182,G
7-M,678,0,181,0,1,182,T
7-M,679,182,0,0,0,182,A
7-M,680,0,0,0,182,182,C
7-M,681,0,173,0,0,173,T
7-M,682,0,0,179,0,179,G
7-M,683,0,0,179,0,179,G
7-M,684,0,178,0,0,178,T
7-M,685,0,173,0,0,173,T
7-M,686,0,178,0,0,178,T
7-M,687,178,0,0,0,178,A
7-M,688,176,0,0,1,177,A
7-M,689,0,1,178,0,179,G
7-M,690,173,0,0,0,173,A
7-M,691,0,0,170,0,170,G
7-M,692,162,0,0,0,162,A
7-M,693,0,163,0,0,163,T
7-M,694,0,0,163,0,163,G
7-M,695,161,1,0,0,162,A
7-M,696,0,163,0,0,163,T
7-M,697,1,0,0,163,164,C
7-M,698,0,164,0,0,164,T
7-M,699,0,163,0,0,163,T
7-M,700,0,0,0,164,164,C
7-M,701,0,162,0,0,162,T
7-M,702,0,164,0,0,164,T
7-M,703,0,0,164,0,164,G
7-M,704,164,0,0,0,164,A
7-M,705,162,1,0,0,163,A
7-M,706,163,0,0,0,163,A
7-M,707,165,0,0,0,165,A
7-M,708,0,167,0,0,167,T
7-M,709,1,168,0,0,169,T
7-M,710,0,169,0,0,169,T
7-M,711,0,0,169,0,169,G
7-M,712,0,0,0,169,169,C
7-M,713,168,0,0,0,168,A
7-M,714,0,0,169,0,169,G
7-M,715,169,0,0,0,169,A
7-M,716,0,0,0,174,174,C
7-M,717,2,0,0,172,174,C
7-M,718,0,174,0,0,174,T
7-M,719,175,0,0,0,175,A
7-M,720,0,175,0,0,175,T
7-M,721,3,0,0,172,175,C
7-M,722,175,0,0,0,175,A
7-M,723,0,1,177,0,178,G
7-M,724,177,0,0,0,177,A
7-M,725,169,0,0,0,169,A
7-M,726,170,0,0,0,170,A
7-M,727,0,0,0,167,167,C
7-M,728,0,0,165,0,165,G
7-M,729,165,0,0,0,165,A
7-M,730,164,0,0,0,164,A
7-M,731,0,165,0,0,165,T
7-M,732,0,0,165,0,165,G
7-M,733,0,2,166,0,168,G
7-M,734,0,0,167,0,167,G
7-M,735,0,1,168,0,169,G
7-M,736,0,1,169,0,170,G
7-M,737,0,165,0,0,165,T
7-M,738,0,0,165,0,165,G
7-M,739,0,0,0,166,166,C
7-M,740,164,0,0,0,164,A
7-M,741,0,1,164,0,165,G
7-M,742,161,0,0,0,161,A
7-M,743,0,161,0,0,161,T
7-M,744,0,1,156,0,157,G
7-M,745,1,0,0,158,159,C
7-M,746,156,0,0,0,156,A
7-M,747,156,0,0,0,156,A
7-M,748,0,0,0,156,156,C
7-M,749,0,0,156,0,156,G
7-M,750,155,0,0,0,155,A
7-M,751,0,156,0,0,156,T
7-M,752,0,156,0,0,156,T
7-M,753,0,0,0,157,157,C
7-M,754,155,0,0,0,155,A
7-M,755,157,0,0,0,157,A
7-M,756,0,0,158,0,158,G
7-M,757,0,157,0,0,157,T
7-M,758,0,2,156,1,159,G
7-M,759,157,0,0,0,157,A
7-M,760,0,0,0,159,159,C
7-M,761,1,0,0,156,157,C
7-M,762,1,0,0,157,158,C
7-M,763,0,0,158,0,158,G
7-M,764,0,0,0,159,159,C
7-M,765,0,158,0,0,158,T
7-M,766,0,160,0,0,160,T
7-M,767,0,0,159,0,159,G
7-M,768,0,159,0,0,159,T
7-M,769,0,158,0,0,158,T
7-M,770,0,0,158,0,158,G
7-M,771,0,156,0,0,156,T
7-M,772,0,155,0,0,155,T
7-M,773,0,0,157,0,157,G
7-M,774,0,0,0,155,155,C
7-M,775,1,1,0,153,155,C
7-M,776,0,0,156,0,156,G
7-M,777,0,0,0,154,154,C
7-M,778,0,0,156,0,156,G
7-M,779,157,0,0,0,157,A
7-M,780,157,0,0,0,157,A
7-M,781,0,156,0,1,157,T
7-M,782,155,0,0,0,155,A
7-M,783,0,156,0,0,156,T
7-M,784,0,0,0,155,155,C
7-M,785,155,0,0,0,155,A
7-M,786,0,155,0,0,155,T
7-M,787,0,153,0,0,153,T
7-M,788,0,0,151,0,151,G
7-M,789,0,0,152,0,152,G
7-M,790,0,0,152,0,152,G
7-M,791,154,0,0,0,154,A
7-M,792,0,153,0,0,153,T
7-M,793,0,0,0,147,147,C
7-M,794,0,148,0,0,148,T
7-M,795,0,147,0,0,147,T
7-M,796,0,0,150,0,150,G
7-M,797,0,0,0,150,150,C
7-M,798,149,0,0,0,149,A
7-M,799,0,0,0,147,147,C
7-M,800,0,146,0,0,146,T
7-M,801,0,145,0,1,146,T
7-M,802,0,1,145,0,146,G
7-M,803,147,0,0,0,147,A
7-M,804,0,146,0,1,147,T
7-M,805,145,0,0,0,145,A
7-M,806,0,145,0,0,145,T
7-M,807,0,143,0,0,143,T
7-M,808,0,0,147,0,147,G
7-M,809,0,146,0,0,146,T
7-M,810,0,2,141,0,143,G
7-M,811,0,0,143,0,143,G
7-M,812,136,0,0,0,136,A
7-M,813,0,137,0,0,137,T
7-M,814,0,135,0,0,135,T
7-M,815,2,0,0,131,133,C
7-M,816,0,135,0,0,135,T
7-M,817,0,129,0,0,129,T
7-M,818,0,0,130,0,130,G
7-M,819,127,0,0,0,127,A
7-M,820,0,127,0,0,127,T
7-M,821,3,0,0,124,127,C
7-M,822,2,0,124,0,126,G
7-M,823,0,125,0,0,125,T
7-M,824,0,0,0,125,125,C
7-M,825,0,125,0,0,125,T
7-M,826,0,125,0,0,125,T
7-M,827,0,126,0,0,126,T
7-M,828,0,126,0,0,126,T
7-M,829,0,125,0,0,125,T
7-M,830,0,125,0,0,125,T
7-M,831,0,126,0,0,126,T
7-M,832,1,0,0,125,126,C
7-M,833,126,0,0,0,126,A
7-M,834,125,0,0,0,125,A
7-M,835,126,0,0,0,126,A
7-M,836,0,125,0,0,125,T
7-M,837,0,0,125,0,125,G
7-M,838,0,0,0,127,127,C
7-M,839,1,0,127,0,128,G
7-M,840,0,130,0,0,130,T
7-M,841,0,0,0,130,130,C
7-M,842,0,129,0,0,129,T
7-M,843,129,0,0,0,129,A
7-M,844,0,129,0,0,129,T
7-M,845,1,0,0,126,127,C
7-M,846,0,0,127,0,127,G
7-M,847,127,0,0,0,127,A
7-M,848,0,0,0,128,128,C
7-M,849,0,125,0,1,126,T
7-M,850,0,0,0,131,131,C
7-M,851,0,130,0,0,130,T
7-M,852,0,130,0,0,130,T
7-M,853,2,0,0,128,130,C
7-M,854,130,0,0,0,130,A
7-M,855,129,0,0,0,129,A
7-M,856,129,0,0,0,129,A
7-M,857,0,0,0,129,129,C
7-M,858,126,0,0,0,126,A
7-M,859,0,0,0,116,116,C
7-M,860,0,1,112,0,113,G
7-M,861,0,0,119,0,119,G
7-M,862,0,0,0,119,119,C
7-M,863,1,0,0,118,119,C
7-M,864,0,120,0,0,120,T
7-M,865,0,120,0,0,120,T
7-M,866,120,0,0,0,120,A
7-M,867,119,0,0,0,119,A
7-M,868,119,0,0,0,119,A
7-M,869,119,0,0,0,119,A
7-M,870,0,0,118,0,118,G
7-M,871,100,0,0,0,100,A
7-M,872,0,0,97,0,97,G
7-M,873,0,0,99,0,99,G
7-M,874,0,0,0,101,101,C
7-M,875,0,0,0,101,101,C
7-M,876,0,0,0,98,98,C
7-M,877,0,99,0,0,99,T
7-M,878,0,99,0,0,99,T
7-M,879,0,0,0,100,100,C
7-M,880,0,100,0,0,100,T
7-M,881,100,0,0,0,100,A
7-M,882,0,0,0,102,102,C
7-M,883,0,0,100,0,100,G
7-M,884,0,0,101,0,101,G
7-M,885,97,0,0,0,97,A
7-M,886,95,0,0,0,95,A
7-M,887,0,1,94,0,95,G
7-M,888,0,0,95,0,95,G
7-M,889,94,0,0,0,94,A
7-M,890,0,0,96,0,96,G
7-M,891,0,96,0,0,96,T
7-M,892,96,0,0,0,96,A
7-M,893,0,0,0,96,96,C
7-M,894,1,0,0,94,95,C
7-M,895,0,94,0,1,95,T
7-M,896,0,0,96,0,96,G
7-M,897,91,1,0,0,92,A
7-M,898,0,0,96,0,96,G
7-M,899,0,94,0,0,94,T
7-M,900,0,0,0,94,94,C
7-M,901,0,92,0,0,92,T
7-M,902,93,0,0,0,93,A
7-M,903,0,93,0,0,93,T
7-M,904,0,0,93,0,93,G
7-M,905,91,0,0,0,91,A
7-M,906,0,1,90,0,91,G
7-M,907,0,0,86,0,86,G
7-M,908,0,0,87,0,87,G
7-M,909,87,0,0,0,87,A
7-M,910,87,0,0,0,87,A
7-M,911,0,0,86,0,86,G
7-M,912,87,0,0,0,87,A
7-M,913,88,0,0,0,88,A
7-M,914,0,88,0,0,88,T
7-M,915,88,0,0,0,88,A
7-M,916,0,88,0,0,88,T
7-M,917,2,2,0,83,87,C
7-M,918,0,0,90,0,90,G
7-M,919,90,0,0,0,90,A
7-M,920,88,0,0,0,88,A
7-M,921,88,0,0,0,88,A
7-M,922,0,0,87,0,87,G
7-M,923,0,2,88,0,90,G
7-M,924,90,0,0,0,90,A
7-M,925,90,0,0,0,90,A
7-M,926,0,0,0,90,90,C
7-M,927,86,0,0,0,86,A
7-M,928,0,0,88,0,88,G
7-M,929,0,0,0,88,88,C
7-M,930,88,0,0,0,88,A
7-M,931,0,0,88,0,88,G
7-M,932,79,0,0,0,79,A
7-M,933,80,0,0,0,80,A
7-M,934,0,81,0,0,81,T
7-M,935,0,0,80,0,80,G
7-M,936,0,0,0,81,81,C
7-M,937,0,73,0,0,73,T
7-M,938,0,0,73,0,73,G
7-M,939,0,73,0,0,73,T
7-M,940,0,0,72,0,72,G
7-M,941,0,0,72,0,72,G
7-M,942,69,0,0,0,69,A
7-M,943,0,69,0,0,69,T
7-M,944,0,0,67,0,67,G
7-M,945,0,0,0,63,63,C
7-M,946,0,57,0,0,57,T
7-M,947,0,0,56,0,56,G
7-M,948,56,0,0,0,56,A
7-M,949,0,0,0,56,56,C
7-M,950,0,0,54,0,54,G
7-M,951,54,0,0,0,54,A
7-M,952,0,0,0,54,54,C
7-M,953,54,0,0,0,54,A
7-M,954,0,0,54,0,54,G
7-M,955,0,53,0,0,53,T
7-M,956,0,0,0,52,52,C
7-M,957,52,0,0,0,52,A
7-M,958,0,49,0,0,49,T
7-M,959,0,49,0,0,49,T
7-M,960,0,49,0,0,49,T
7-M,961,0,49,0,0,49,T
7-M,962,0,0,49,0,49,G
7-M,963,0,42,0,0,42,T
7-M,964,0,0,0,42,42,C
7-M,965,41,0,0,0,41,A
7-M,966,0,0,41,0,41,G
7-M,967,0,0,0,41,41,C
7-M,968,41,0,0,0,41,A
7-M,969,0,41,0,0,41,T
7-M,970,38,0,1,0,39,A
7-M,971,0,0,39,0,39,G
7-M,972,38,0,0,0,38,A
7-M,973,0,0,38,0,38,G
7-M,974,0,38,0,0,38,T
7-M,975,0,27,0,0,27,T
7-M,976,0,0,27,0,27,G
7-M,977,0,1,26,0,27,G
7-M,978,27,0,0,0,27,A
7-M,979,0,0,27,0,27,G
7-M,980,0,18,0,0,18,T
7-M,981,18,0,0,0,18,A
7-M,982,18,0,0,0,18,A
8-NS,1,214,0,0,0,214,A
8-NS,2,0,214,0,0,214,T
8-NS,3,0,0,231,0,231,G
8-NS,4,0,2,252,0,254,G
8-NS,5,273,0,0,0,273,A
8-NS,6,0,499,0,0,499,T
8-NS,7,0,499,0,0,499,T
8-NS,8,1,0,0,516,517,C
8-NS,9,1,1,0,515,517,C
8-NS,10,520,0,0,0,520,A
8-NS,11,525,0,0,0,525,A
8-NS,12,1,0,0,522,523,C
8-NS,13,526,0,0,0,526,A
8-NS,14,0,1,0,532,533,C
8-NS,15,0,535,0,0,535,T
8-NS,16,0,2,585,0,587,G
8-NS,17,0,587,0,0,587,T
8-NS,18,0,0,595,0,595,G
8-NS,19,0,593,0,2,595,T
8-NS,20,3,0,0,591,594,C
8-NS,21,591,0,6,0,597,A
8-NS,22,596,0,0,1,597,A
8-NS,23,0,1,606,0,607,G
8-NS,24,0,622,0,0,622,T
8-NS,25,0,615,2,0,617,T
8-NS,26,0,621,0,4,625,T
8-NS,27,0,0,0,627,627,C
8-NS,28,2,0,0,628,630,C
8-NS,29,628,0,0,0,628,A
8-NS,30,1,6,628,0,635,G
8-NS,31,0,1,644,0,645,G
8-NS,32,1,642,0,0,643,T
8-NS,33,642,0,0,0,642,A
8-NS,34,0,1,648,0,649,G
8-NS,35,648,0,0,0,648,A
8-NS,36,0,654,0,0,654,T
8-NS,37,0,651,0,0,651,T
8-NS,38,0,0,665,0,665,G
8-NS,39,0,0,0,665,665,C
8-NS,40,0,661,0,2,663,T
8-NS,41,0,670,0,0,670,T
8-NS,42,0,670,0,2,672,T
8-NS,43,4,0,0,687,691,C
8-NS,44,0,690,0,0,690,T
8-NS,45,0,690,0,0,690,T
8-NS,46,0,689,0,1,690,T
8-NS,47,0,3,692,0,695,G
8-NS,48,2,0,692,0,694,G
8-NS,49,1,0,0,694,695,C
8-NS,50,692,0,0,0,692,A
8-NS,51,0,694,0,1,695,T
8-NS,52,701,0,1,0,702,A
8-NS,53,0,715,0,0,715,T
8-NS,54,3,0,0,716,719,C
8-NS,55,0,0,0,721,721,C
8-NS,56,0,3,719,1,723,G
8-NS,57,0,0,737,0,737,G
8-NS,58,733,0,0,0,733,A
8-NS,59,738,0,0,0,738,A
8-NS,60,734,0,0,0,734,A
8-NS,61,2,0,0,740,742,C
8-NS,62,736,0,0,0,736,A
8-NS,63,734,1,1,0,736,A
8-NS,64,0,0,768,0,768,G
8-NS,65,0,769,0,0,769,T
8-NS,66,0,768,0,1,769,T
8-NS,67,0,2,774,0,776,G
8-NS,68,0,776,0,2,778,T
8-NS,69,769,0,2,0,771,A
8-NS,70,0,3,775,0,778,G
8-NS,71,817,0,1,0,818,A
8-NS,72,0,0,0,828,828,C
8-NS,73,3,1,0,805,809,C
8-NS,74,812,0,0,0,812,A
8-NS,75,821,0,2,0,823,A
8-NS,76,0,9,846,0,855,G
8-NS,77,851,0,0,0,851,A
8-NS,78,861,1,0,0,862,A
8-NS,79,1,0,0,865,866,C
8-NS,80,0,847,0,0,847,T
8-NS,81,0,4,855,0,859,G
8-NS,82,857,0,0,0,857,A
8-NS,83,0,1,872,0,873,G
8-NS,84,0,873,0,0,873,T
8-NS,85,0,7,840,0,847,G
8-NS,86,850,0,0,0,850,A
8-NS,87,0,852,0,0,852,T
8-NS,88,0,0,875,0,875,G
8-NS,89,4,0,0,882,886,C
8-NS,90,5,0,0,882,887,C
8-NS,91,7,0,0,888,895,C
8-NS,92,8,0,0,884,892,C
8-NS,93,901,0,0,0,901,A
8-NS,94,0,907,0,0,907,T
8-NS,95,0,918,0,0,918,T
8-NS,96,1,0,0,927,928,C
8-NS,97,1,0,0,925,926,C
8-NS,98,0,926,0,3,929,T
8-NS,99,0,927,0,1,928,T
8-NS,100,0,9,918,1,928,G
8-NS,101,926,0,0,0,926,A
8-NS,102,0,928,0,0,928,T
8-NS,103,4,2,0,915,921,C
8-NS,104,0,1,913,0,914,G
8-NS,105,1,0,924,0,925,G
8-NS,106,0,0,0,928,928,C
8-NS,107,1,921,0,3,925,T
8-NS,108,0,927,0,1,928,T
8-NS,109,5,1,0,923,929,C
8-NS,110,16,0,915,0,931,G
8-NS,111,0,0,0,933,933,C
8-NS,112,5,4,0,928,937,C
8-NS,113,2,2,936,0,940,G
8-NS,114,927,0,0,0,927,A
8-NS,115,0,5,977,0,982,G
8-NS,116,981,0,0,0,981,A
8-NS,117,0,981,0,1,982,T
8-NS,118,8,1,0,976,985,C
8-NS,119,980,1,1,0,982,A
8-NS,120,0,1,992,0,993,G
8-NS,121,990,0,0,0,990,A
8-NS,122,0,2,999,0,1001,G
8-NS,123,0,1,1024,0,1025,G
8-NS,124,0,1003,0,1,1004,T
8-NS,125,8,0,0,1040,1048,C
8-NS,126,0,0,0,1049,1049,C
8-NS,127,6,0,0,1041,1047,C
8-NS,128,0,1052,0,0,1052,T
8-NS,129,1055,0,0,0,1055,A
8-NS,130,1049,0,1,0,1050,A
8-NS,131,0,5,1045,0,1050,G
8-NS,132,989,0,3,0,992,A
8-NS,133,0,2,1022,0,1024,G
8-NS,134,0,3,1031,0,1034,G
8-NS,135,1036,1,0,0,1037,A
8-NS,136,1034,0,1,0,1035,A
8-NS,137,0,5,1036,0,1041,G
8-NS,138,1053,0,1,0,1054,A
8-NS,139,1,4,1056,0,1061,G
8-NS,140,0,2,1057,0,1059,G
8-NS,141,0,0,0,1057,1057,C
8-NS,142,1052,0,1,0,1053,A
8-NS,143,1059,0,0,0,1059,A
8-NS,144,0,1056,0,0,1056,T
8-NS,145,1072,0,0,0,1072,A
8-NS,146,3,0,0,1090,1093,C
8-NS,147,0,1071,0,1,1072,T
8-NS,148,1,0,0,1073,1074,C
8-NS,149,0,1060,0,0,1060,T
8-NS,150,7,2,0,1066,1075,C
8-NS,151,0,6,1083,0,1089,G
8-NS,152,0,5,1135,0,1140,G
8-NS,153,0,1134,0,2,1136,T
8-NS,154,3,0,0,1140,1143,C
8-NS,155,0,1138,0,0,1138,T
8-NS,156,1149,0,0,0,1149,A
8-NS,157,0,3,1143,0,1146,G
8-NS,158,1146,0,0,0,1146,A
8-NS,159,0,1,0,1178,1179,C
8-NS,160,1162,0,2,0,1164,A
8-NS,161,0,1143,0,0,1143,T
8-NS,162,4,0,0,1140,1144,C
8-NS,163,1140,0,0,0,1140,A
8-NS,164,1142,0,0,0,1142,A
8-NS,165,1135,1,0,1,1137,A
8-NS,166,0,1,1143,0,1144,G
8-NS,167,0,0,0,1144,1144,C
8-NS,168,1126,0,0,0,1126,A
8-NS,169,0,5,1137,0,1142,G
8-NS,170,0,0,0,1140,1140,C
8-NS,171,3,0,0,1136,1139,C
8-NS,172,1147,0,0,0,1147,A
8-NS,173,0,0,0,1157,1157,C
8-NS,174,4,3,1,1151,1159,C
8-NS,175,10,2,1,1146,1159,C
8-NS,176,1170,0,2,0,1172,A
8-NS,177,0,1178,0,0,1178,T
8-NS,178,1,0,1178,0,1179,G
8-NS,179,0,1177,0,2,1179,T
8-NS,180,1,1173,0,1,1175,T
8-NS,181,0,4,1161,0,1165,G
8-NS,182,0,3,1157,0,1160,G
8-NS,183,1155,0,1,1,1157,A
8-NS,184,1156,0,1,1,1158,A
8-NS,185,1138,1,1,0,1140,A
8-NS,186,0,4,1140,1,1145,G
8-NS,187,0,0,0,1148,1148,C
8-NS,188,1143,0,0,0,1143,A
8-NS,189,1143,0,1,1,1145,A
8-NS,190,1140,0,0,1,1141,A
8-NS,191,0,1144,0,0,1144,T
8-NS,192,0,1142,0,0,1142,T
8-NS,193,0,3,1163,0,1166,G
8-NS,194,0,1161,0,1,1162,T
8-NS,195,1160,0,0,1,1161,A
8-NS,196,0,2,1159,0,1161,G
8-NS,197,1154,0,0,0,1154,A
8-NS,198,1148,0,1,1,1150,A
8-NS,199,1152,0,0,0,1152,A
8-NS,200,1147,1,0,0,1148,A
8-NS,201,0,6,1149,0,1155,G
8-NS,202,1137,0,0,0,1137,A
8-NS,203,1,1135,0,0,1136,T
8-NS,204,0,1137,0,0,1137,T
8-NS,205,4,1,0,1132,1137,C
8-NS,206,0,1136,0,1,1137,T
8-NS,207,2,2,1133,1,1138,G
8-NS,208,1135,0,1,1,1137,A
8-NS,209,1135,0,3,0,1138,A
8-NS,210,1127,0,1,0,1128,A
8-NS,211,0,5,1125,0,1130,G
8-NS,212,1131,1,0,0,1132,A
8-NS,213,1129,0,3,0,1132,A
8-NS,214,0,8,1132,0,1140,G
8-NS,215,1140,0,0,0,1140,A
8-NS,216,1146,0,1,0,1147,A
8-NS,217,1,1145,0,0,1146,T
8-NS,218,4,1,0,1147,1152,C
8-NS,219,0,1146,0,1,1147,T
8-NS,220,0,5,1156,0,1161,G
8-NS,221,1157,0,1,0,1158,A
8-NS,222,0,1158,0,1,1159,T
8-NS,223,0,3,1148,1,1152,G
8-NS,224,1138,0,3,0,1141,A
8-NS,225,1,2,1144,0,1147,G
8-NS,226,0,0,1146,0,1146,G
8-NS,227,2,0,0,1141,1143,C
8-NS,228,1138,1,1,0,1140,A
8-NS,229,1,0,0,1161,1162,C
8-NS,230,0,1158,0,1,1159,T
8-NS,231,0,1168,0,0,1168,T
8-NS,232,1174,0,0,0,1174,A
8-NS,233,1176,0,0,0,1176,A
8-NS,234,1170,0,0,0,1170,A
8-NS,235,1167,0,0,0,1167,A
8-NS,236,0,1163,0,0,1163,T
8-NS,237,0,6,1165,0,1171,G
8-NS,238,1179,0,1,0,1180,A
8-NS,239,5,0,1,1171,1177,C
8-NS,240,5,1,0,1169,1175,C
8-NS,241,1184,0,3,0,1187,A
8-NS,242,0,1196,0,6,1202,T
8-NS,243,0,5,1218,0,1223,G
8-NS,244,0,0,1232,0,1232,G
8-NS,245,0,989,0,246,1235,T
8-NS,246,4,1,0,1285,1290,C
8-NS,247,0,1278,0,2,1280,T
8-NS,248,3,0,0,1298,1301,C
8-NS,249,3,1,0,1291,1295,C
8-NS,250,1295,0,1,0,1296,A
8-NS,251,0,2,0,1313,1315,C
8-NS,252,1289,0,1,0,1290,A
8-NS,253,1,1,0,1306,1308,C
8-NS,254,1,0,0,1301,1302,C
8-NS,255,0,1232,0,1,1233,T
8-NS,256,0,0,1237,1,1238,G
8-NS,257,1,4,0,1219,1224,C
8-NS,258,0,1224,0,0,1224,T
8-NS,259,0,1229,0,0,1229,T
8-NS,260,3,5,0,1202,1210,C
8-NS,261,1,1,1212,1,1215,G
8-NS,262,1,0,0,1214,1215,C
8-NS,263,0,3,1211,0,1214,G
8-NS,264,1270,1,0,0,1271,A
8-NS,265,0,1269,0,0,1269,T
8-NS,266,1314,0,0,0,1314,A
8-NS,267,5,0,0,1327,1332,C
8-NS,268,1329,0,0,0,1329,A
8-NS,269,1,1356,0,0,1357,T
8-NS,270,1345,0,0,0,1345,A
8-NS,271,1354,0,2,0,1356,A
8-NS,272,0,0,0,1356,1356,C
8-NS,273,0,1317,0,1,1318,T
8-NS,274,1,16,1322,0,1339,G
8-NS,275,1318,0,1,0,1319,A
8-NS,276,1,0,0,1331,1332,C
8-NS,277,1323,1,1,0,1325,A
8-NS,278,0,1307,0,0,1307,T
8-NS,279,0,14,1295,0,1309,G
8-NS,280,1306,0,3,0,1309,A
8-NS,281,2,0,0,1345,1347,C
8-NS,282,0,1336,2,1,1339,T
8-NS,283,1363,0,0,0,1363,A
8-NS,284,0,1356,0,2,1358,T
8-NS,285,0,1343,0,1,1344,T
8-NS,286,0,3,1346,0,1349,G
8-NS,287,1339,1,0,0,1340,A
8-NS,288,0,1,1340,0,1341,G
8-NS,289,0,2,1335,0,1337,G
8-NS,290,1314,0,0,0,1314,A
8-NS,291,1317,0,1,0,1318,A
8-NS,292,0,1289,0,0,1289,T
8-NS,293,0,1287,0,0,1287,T
8-NS,294,0,2,1310,0,1312,G
8-NS,295,0,1302,1,1,1304,T
8-NS,296,8,1,1,1301,1311,C
8-NS,297,1305,0,2,0,1307,A
8-NS,298,1312,0,1,0,1313,A
8-NS,299,0,7,1311,0,1318,G
8-NS,300,1323,0,0,0,1323,A
8-NS,301,1324,0,0,1,1325,A
8-NS,302,1321,0,0,0,1321,A
8-NS,303,1,0,0,1319,1320,C
8-NS,304,0,1290,0,0,1290,T
8-NS,305,0,7,1304,0,1311,G
8-NS,306,1,1,1319,0,1321,G
8-NS,307,0,1324,0,1,1325,T
8-NS,308,0,1315,0,2,1317,T
8-NS,309,9,0,0,1301,1310,C
8-NS,310,1306,0,5,0,1311,A
8-NS,311,1,1338,0,1,1340,T
8-NS,312,0,3,1352,0,1355,G
8-NS,313,0,0,0,1365,1365,C
8-NS,314,0,1347,0,1,1348,T
8-NS,315,1331,0,1,1,1333,A
8-NS,316,1347,1,1,11,1360,A
8-NS,317,2,1370,0,1,1373,T
8-NS,318,0,4,1369,0,1373,G
8-NS,319,0,0,0,1373,1373,C
8-NS,320,1,0,0,1353,1354,C
8-NS,321,6,0,0,1330,1336,C
8-NS,322,1329,0,0,0,1329,A
8-NS,323,1332,0,1,0,1333,A
8-NS,324,1,1,1345,0,1347,G
8-NS,325,1,0,0,1348,1349,C
8-NS,326,1341,0,1,1,1343,A
8-NS,327,0,4,1357,0,1361,G
8-NS,328,1359,0,2,0,1361,A
8-NS,329,1356,0,0,0,1356,A
8-NS,330,1359,0,0,0,1359,A
8-NS,331,1339,1,0,0,1340,A
8-NS,332,0,1352,0,0,1352,T
8-NS,333,0,7,1347,0,1354,G
8-NS,334,0,4,1353,0,1357,G
8-NS,335,1357,0,0,0,1357,A
8-NS,336,1346,1,0,0,1347,A
8-NS,337,0,9,1337,0,1346,G
8-NS,338,0,4,1359,0,1363,G
8-NS,339,1357,0,3,0,1360,A
8-NS,340,1,0,0,1363,1364,C
8-NS,341,3,0,0,1352,1355,C
8-NS,342,0,1347,0,1,1348,T
8-NS,343,3,0,0,1365,1368,C
8-NS,344,0,1363,0,0,1363,T
8-NS,345,0,1377,0,0,1377,T
8-NS,346,0,1370,0,1,1371,T
8-NS,347,0,0,1367,0,1367,G
8-NS,348,2,1,0,1378,1381,C
8-NS,349,1374,0,0,0,1374,A
8-NS,350,0,1376,0,1,1377,T
8-NS,351,5,2,0,1372,1379,C
8-NS,352,1387,3,1,0,1391,A
8-NS,353,0,4,1445,0,1449,G
8-NS,354,1446,0,1,1,1448,A
8-NS,355,1449,0,0,0,1449,A
8-NS,356,0,1443,0,0,1443,T
8-NS,357,0,5,1436,0,1441,G
8-NS,358,4,3,1441,0,1448,G
8-NS,359,1443,0,2,0,1445,A
8-NS,360,2,0,0,1442,1444,C
8-NS,361,6,1,0,1394,1401,C
8-NS,362,1372,0,4,0,1376,A
8-NS,363,1,4,1395,0,1400,G
8-NS,364,0,0,1396,0,1396,G
8-NS,365,0,2,0,1398,1400,C
8-NS,366,1389,0,2,0,1391,A
8-NS,367,1392,0,1,1,1394,A
8-NS,368,0,1388,0,0,1388,T
8-NS,369,2,0,0,1393,1395,C
8-NS,370,1390,0,2,0,1392,A
8-NS,371,0,1381,0,4,1385,T
8-NS,372,0,3,1371,0,1374,G
8-NS,373,0,9,1381,0,1390,G
8-NS,374,1384,1,3,0,1388,A
8-NS,375,1,2,1408,0,1411,G
8-NS,376,1386,0,0,0,1386,A
8-NS,377,1388,0,0,0,1388,A
8-NS,378,1390,0,0,0,1390,A
8-NS,379,1387,0,1,0,1388,A
8-NS,380,1392,0,3,0,1395,A
8-NS,381,0,1,0,1402,1403,C
8-NS,382,1386,0,1,0,1387,A
8-NS,383,0,1384,0,1,1385,T
8-NS,384,6,0,0,1362,1368,C
8-NS,385,1360,1,4,0,1365,A
8-NS,386,0,1361,0,0,1361,T
8-NS,387,1,3,1355,0,1359,G
8-NS,388,1,0,0,1343,1344,C
8-NS,389,1,1348,1,6,1356,T
8-NS,390,0,6,1349,1,1356,G
8-NS,391,1357,0,0,0,1357,A
8-NS,392,1360,0,0,0,1360,A
8-NS,393,1359,0,1,0,1360,A
8-NS,394,1,0,1372,0,1373,G
8-NS,395,1,1,0,1359,1361,C
8-NS,396,0,5,1357,0,1362,G
8-NS,397,1361,0,0,0,1361,A
8-NS,398,1363,0,0,0,1363,A
8-NS,399,0,1360,0,1,1361,T
8-NS,400,1,1366,1,0,1368,T
8-NS,401,1,1365,1,0,1367,T
8-NS,402,3,0,0,1361,1364,C
8-NS,403,1351,0,0,0,1351,A
8-NS,404,0,2,1364,0,1366,G
8-NS,405,0,1358,0,0,1358,T
8-NS,406,0,1,1359,0,1360,G
8-NS,407,0,1357,0,1,1358,T
8-NS,408,0,11,1353,0,1364,G
8-NS,409,1372,0,0,0,1372,A
8-NS,410,0,1373,0,0,1373,T
8-NS,411,0,1368,0,1,1369,T
8-NS,412,0,1364,0,0,1364,T
8-NS,413,0,1363,1,0,1364,T
8-NS,414,0,1362,0,0,1362,T
8-NS,415,0,10,1351,0,1361,G
8-NS,416,1370,1,2,0,1373,A
8-NS,417,3,1,0,1368,1372,C
8-NS,418,7,1,0,1355,1363,C
8-NS,419,1,8,1357,0,1366,G
8-NS,420,1419,2,0,0,1421,A
8-NS,421,1,0,0,1438,1439,C
8-NS,422,0,1438,0,0,1438,T
8-NS,423,1445,0,0,0,1445,A
8-NS,424,0,2,1446,0,1448,G
8-NS,425,1453,0,2,0,1455,A
8-NS,426,1,3,1469,0,1473,G
8-NS,427,1466,0,2,0,1468,A
8-NS,428,1,0,0,1502,1503,C
8-NS,429,6,0,1,1438,1445,C
8-NS,430,1398,0,2,0,1400,A
8-NS,431,0,1482,0,0,1482,T
8-NS,432,1464,1,1,0,1466,A
8-NS,433,0,2,1586,0,1588,G
8-NS,434,1,1571,0,0,1572,T
8-NS,435,1559,0,0,0,1559,A
8-NS,436,0,1558,0,1,1559,T
8-NS,437,0,1505,1,0,1506,T
8-NS,438,1546,0,1,0,1547,A
8-NS,439,0,0,0,1543,1543,C
8-NS,440,0,1482,1,0,1483,T
8-NS,441,1479,0,0,0,1479,A
8-NS,442,1346,0,0,0,1346,A
8-NS,443,0,4,1350,0,1354,G
8-NS,444,0,5,1349,0,1354,G
8-NS,445,0,2,1355,0,1357,G
8-NS,446,1,0,0,1335,1336,C
8-NS,447,0,1315,0,1,1316,T
8-NS,448,0,1304,0,1,1305,T
8-NS,449,0,1336,0,0,1336,T
8-NS,450,5,1,0,1340,1346,C
8-NS,451,1365,0,3,0,1368,A
8-NS,452,3,7,0,1361,1371,C
8-NS,453,4,1,1,1354,1360,C
8-NS,454,3,3,1357,0,1363,G
8-NS,455,1360,0,0,0,1360,A
8-NS,456,1359,0,0,0,1359,A
8-NS,457,0,1,1366,0,1367,G
8-NS,458,1351,1,1,0,1353,A
8-NS,459,0,7,1352,0,1359,G
8-NS,460,0,7,1320,0,1327,G
8-NS,461,1,14,1323,0,1338,G
8-NS,462,1325,0,4,0,1329,A
8-NS,463,0,1,1332,0,1333,G
8-NS,464,2,0,0,1329,1331,C
8-NS,465,1329,0,2,0,1331,A
8-NS,466,1333,0,0,0,1333,A
8-NS,467,0,1333,0,0,1333,T
8-NS,468,0,1326,0,0,1326,T
8-NS,469,0,2,1330,0,1332,G
8-NS,470,1,1317,0,0,1318,T
8-NS,471,0,1314,0,1,1315,T
8-NS,472,1,1,1322,0,1324,G
8-NS,473,1,1,1320,0,1322,G
8-NS,474,0,1,0,1321,1322,C
8-NS,475,0,2,1320,0,1322,G
8-NS,476,1320,0,0,0,1320,A
8-NS,477,1317,0,2,0,1319,A
8-NS,478,1325,0,0,0,1325,A
8-NS,479,0,1330,1,1,1332,T
8-NS,480,5,0,1,1327,1333,C
8-NS,481,0,1320,0,3,1323,T
8-NS,482,8,0,0,1320,1328,C
8-NS,483,1331,0,1,0,1332,A
8-NS,484,2,0,0,1326,1328,C
8-NS,485,6,1,0,1322,1329,C
8-NS,486,1319,0,1,0,1320,A
8-NS,487,0,1317,1,0,1318,T
8-NS,488,0,1305,2,1,1308,T
8-NS,489,1,0,1318,0,1319,G
8-NS,490,1,1,0,1303,1305,C
8-NS,491,2,0,0,1304,1306,C
8-NS,492,0,1304,0,0,1304,T
8-NS,493,0,1298,1,1,1300,T
8-NS,494,6,0,0,1301,1307,C
8-NS,495,0,1303,1,2,1306,T
8-NS,496,0,1304,0,1,1305,T
8-NS,497,0,1332,0,0,1332,T
8-NS,498,0,1313,0,12,1325,T
8-NS,499,1,1,0,1325,1327,C
8-NS,500,6,0,0,1321,1327,C
8-NS,501,1324,1,1,0,1326,A
8-NS,502,0,2,1354,0,1356,G
8-NS,503,0,4,1339,0,1343,G
8-NS,504,1380,0,1,0,1381,A
8-NS,505,1,0,0,1382,1383,C
8-NS,506,1393,0,1,0,1394,A
8-NS,507,0,1396,0,0,1396,T
8-NS,508,1392,0,1,1,1394,A
8-NS,509,2,0,0,1513,1515,C
8-NS,510,1,1512,0,0,1513,T
8-NS,511,1504,0,0,0,1504,A
8-NS,512,1,1501,0,0,1502,T
8-NS,513,1,1457,0,0,1458,T
8-NS,514,0,1,1456,0,1457,G
8-NS,515,1404,1,1,0,1406,A
8-NS,516,2,3,1403,0,1408,G
8-NS,517,1,1,1401,0,1403,G
8-NS,518,1281,0,0,0,1281,A
8-NS,519,0,1276,0,1,1277,T
8-NS,520,0,0,1279,0,1279,G
8-NS,521,0,1272,0,2,1274,T
8-NS,522,7,0,0,1267,1274,C
8-NS,523,1274,0,0,0,1274,A
8-NS,524,1276,0,0,0,1276,A
8-NS,525,1277,0,0,0,1277,A
8-NS,526,1268,1,0,0,1269,A
8-NS,527,1275,1,0,0,1276,A
8-NS,528,2,1266,0,1,1269,T
8-NS,529,1,1,1264,0,1266,G
8-NS,530,3,1,0,1269,1273,C
8-NS,531,1270,0,1,0,1271,A
8-NS,532,1280,0,0,0,1280,A
8-NS,533,0,1283,0,1,1284,T
8-NS,534,0,1281,0,0,1281,T
8-NS,535,0,9,1272,0,1281,G
8-NS,536,1,3,1269,1,1274,G
8-NS,537,1,4,1273,0,1278,G
8-NS,538,0,0,1279,0,1279,G
8-NS,539,0,1254,0,2,1256,T
8-NS,540,5,0,1,1262,1268,C
8-NS,541,6,0,0,1267,1273,C
8-NS,542,0,1265,0,1,1266,T
8-NS,543,2,0,0,1279,1281,C
8-NS,544,1276,0,0,0,1276,A
8-NS,545,0,1280,5,0,1285,T
8-NS,546,3,1,0,1280,1284,C
8-NS,547,1,3,1263,1,1268,G
8-NS,548,0,2,1271,0,1273,G
8-NS,549,1243,0,0,0,1243,A
8-NS,550,0,4,1235,0,1239,G
8-NS,551,0,8,1243,0,1251,G
8-NS,552,1225,0,2,0,1227,A
8-NS,553,1,0,0,1240,1241,C
8-NS,554,0,1237,0,0,1237,T
8-NS,555,0,1236,0,0,1236,T
8-NS,556,0,0,1247,0,1247,G
8-NS,557,1237,0,0,0,1237,A
8-NS,558,1242,0,0,0,1242,A
8-NS,559,0,1239,0,0,1239,T
8-NS,560,1,3,1208,1,1213,G
8-NS,561,0,3,1221,0,1224,G
8-NS,562,1193,1,0,0,1194,A
8-NS,563,1210,0,1,0,1211,A
8-NS,564,0,1239,0,0,1239,T
8-NS,565,9,9,1233,1,1252,G
8-NS,566,1252,1,1,0,1254,A
8-NS,567,0,1254,0,1,1255,T
8-NS,568,1253,0,0,0,1253,A
8-NS,569,1264,0,1,0,1265,A
8-NS,570,0,0,0,1251,1251,C
8-NS,571,1225,0,0,0,1225,A
8-NS,572,1,1,0,1232,1234,C
8-NS,573,1136,0,0,0,1136,A
8-NS,574,0,1,1157,0,1158,G
8-NS,575,1,1145,0,1,1147,T
8-NS,576,0,1143,0,0,1143,T
8-NS,577,5,0,0,1140,1145,C
8-NS,578,0,8,1126,1,1135,G
8-NS,579,1136,1,0,0,1137,A
8-NS,580,0,1,1133,0,1134,G
8-NS,581,0,1119,0,1,1120,T
8-NS,582,7,1,0,1116,1124,C
8-NS,583,0,1094,0,3,1097,T
8-NS,584,4,1,0,1103,1108,C
8-NS,585,0,1105,0,2,1107,T
8-NS,586,1110,0,0,0,1110,A
8-NS,587,1106,0,0,1,1107,A
8-NS,588,1106,0,0,0,1106,A
8-NS,589,1112,0,0,0,1112,A
8-NS,590,1114,2,1,0,1117,A
8-NS,591,0,1101,0,1,1102,T
8-NS,592,0,0,0,1117,1117,C
8-NS,593,0,1107,0,2,1109,T
8-NS,594,1117,0,0,0,1117,A
8-NS,595,2,0,0,1114,1116,C
8-NS,596,1117,0,0,0,1117,A
8-NS,597,0,5,1112,0,1117,G
8-NS,598,1093,0,0,0,1093,A
8-NS,599,0,5,1090,0,1095,G
8-NS,600,1093,0,1,0,1094,A
8-NS,601,1,1069,2,1,1073,T
8-NS,602,0,1077,0,0,1077,T
8-NS,603,3,1,0,1076,1080,C
8-NS,604,0,1,1081,0,1082,G
8-NS,605,4,0,0,1082,1086,C
8-NS,606,0,1078,1,1,1080,T
8-NS,607,0,1080,0,0,1080,T
8-NS,608,0,7,1068,0,1075,G
8-NS,609,0,9,1072,0,1081,G
8-NS,610,1081,0,0,0,1081,A
8-NS,611,0,3,1078,0,1081,G
8-NS,612,1072,0,0,0,1072,A
8-NS,613,1064,1,0,0,1065,A
8-NS,614,0,0,1080,0,1080,G
8-NS,615,2,1,0,1080,1083,C
8-NS,616,1081,0,3,0,1084,A
8-NS,617,0,1,1112,0,1113,G
8-NS,618,1,1099,1,0,1101,T
8-NS,619,1107,0,0,0,1107,A
8-NS,620,1109,0,0,0,1109,A
8-NS,621,0,1101,0,0,1101,T
8-NS,622,0,5,1102,1,1108,G
8-NS,623,1048,0,0,0,1048,A
8-NS,624,0,5,1066,0,1071,G
8-NS,625,1062,0,0,1,1063,A
8-NS,626,1031,0,0,0,1031,A
8-NS,627,0,1031,0,0,1031,T
8-NS,628,1,5,1005,1,1012,G
8-NS,629,0,6,1007,0,1013,G
8-NS,630,0,8,1002,0,1010,G
8-NS,631,0,4,1001,0,1005,G
8-NS,632,1,1,999,0,1001,G
8-NS,633,969,0,0,0,969,A
8-NS,634,0,934,0,1,935,T
8-NS,635,1,0,0,970,971,C
8-NS,636,0,969,0,2,971,T
8-NS,637,8,0,0,972,980,C
8-NS,638,6,1,0,967,974,C
8-NS,639,978,1,1,0,980,A
8-NS,640,0,0,1,981,982,C
8-NS,641,0,961,0,0,961,T
8-NS,642,0,960,0,0,960,T
8-NS,643,946,0,0,0,946,A
8-NS,644,1,0,0,957,958,C
8-NS,645,0,941,0,5,946,T
8-NS,646,6,0,1,932,939,C
8-NS,647,2,0,0,938,940,C
8-NS,648,935,0,0,0,935,A
8-NS,649,940,0,0,0,940,A
8-NS,650,938,0,1,0,939,A
8-NS,651,944,0,0,0,944,A
8-NS,652,2,1,0,941,944,C
8-NS,653,916,0,2,0,918,A
8-NS,654,0,2,926,0,928,G
8-NS,655,922,0,1,0,923,A
8-NS,656,921,0,1,0,922,A
8-NS,657,923,0,1,0,924,A
8-NS,658,2,1,0,921,924,C
8-NS,659,0,2,922,0,924,G
8-NS,660,0,3,924,0,927,G
8-NS,661,0,1,928,0,929,G
8-NS,662,927,0,0,0,927,A
8-NS,663,924,0,1,0,925,A
8-NS,664,923,0,0,0,923,A
8-NS,665,0,924,0,0,924,T
8-NS,666,1,2,926,0,929,G
8-NS,667,0,2,926,0,928,G
8-NS,668,2,2,0,918,922,C
8-NS,669,0,8,913,0,921,G
8-NS,670,911,1,1,0,913,A
8-NS,671,0,4,919,0,923,G
8-NS,672,925,1,0,0,926,A
8-NS,673,926,0,0,0,926,A
8-NS,674,1,0,0,929,930,C
8-NS,675,905,0,0,0,905,A
8-NS,676,0,0,905,0,905,G
8-NS,677,1,0,0,904,905,C
8-NS,678,0,906,0,0,906,T
8-NS,679,903,0,0,0,903,A
8-NS,680,0,3,891,0,894,G
8-NS,681,0,3,893,0,896,G
8-NS,682,0,896,0,1,897,T
8-NS,683,8,1,0,870,879,C
8-NS,684,876,0,2,0,878,A
8-NS,685,874,0,0,0,874,A
8-NS,686,872,0,1,0,873,A
8-NS,687,878,0,0,0,878,A
8-NS,688,0,1,880,0,881,G
8-NS,689,0,863,0,0,863,T
8-NS,690,0,859,0,0,859,T
8-NS,691,0,860,0,0,860,T
8-NS,692,1,3,856,0,860,G
8-NS,693,857,0,0,0,857,A
8-NS,694,854,0,5,0,859,A
8-NS,695,0,2,861,0,863,G
8-NS,696,838,0,1,0,839,A
8-NS,697,0,3,842,0,845,G
8-NS,698,842,0,0,0,842,A
8-NS,699,0,843,0,0,843,T
8-NS,700,845,0,0,0,845,A
8-NS,701,839,0,0,0,839,A
8-NS,702,0,0,841,0,841,G
8-NS,703,780,0,0,0,780,A
8-NS,704,1,782,0,0,783,T
8-NS,705,0,0,793,0,793,G
8-NS,706,0,0,795,0,795,G
8-NS,707,1,0,0,791,792,C
8-NS,708,0,788,0,1,789,T
8-NS,709,785,0,1,0,786,A
8-NS,710,786,0,0,0,786,A
8-NS,711,0,790,0,0,790,T
8-NS,712,0,781,0,0,781,T
8-NS,713,1,4,780,0,785,G
8-NS,714,774,0,1,0,775,A
8-NS,715,773,0,0,0,773,A
8-NS,716,0,2,772,0,774,G
8-NS,717,775,0,1,0,776,A
8-NS,718,758,0,0,0,758,A
8-NS,719,1,0,771,0,772,G
8-NS,720,0,759,0,0,759,T
8-NS,721,0,4,758,0,762,G
8-NS,722,748,0,1,0,749,A
8-NS,723,0,0,750,0,750,G
8-NS,724,753,0,0,0,753,A
8-NS,725,1,0,0,750,751,C
8-NS,726,741,0,0,0,741,A
8-NS,727,2,0,0,738,740,C
8-NS,728,704,0,0,0,704,A
8-NS,729,0,0,722,0,722,G
8-NS,730,718,0,0,0,718,A
8-NS,731,0,717,0,0,717,T
8-NS,732,0,718,0,0,718,T
8-NS,733,718,2,0,0,720,A
8-NS,734,716,1,0,0,717,A
8-NS,735,719,0,0,0,719,A
8-NS,736,717,0,0,0,717,A
8-NS,737,715,0,1,0,716,A
8-NS,738,0,0,0,689,689,C
8-NS,739,651,0,0,0,651,A
8-NS,740,655,0,0,0,655,A
8-NS,741,2,0,0,654,656,C
8-NS,742,0,655,0,0,655,T
8-NS,743,0,5,654,0,659,G
8-NS,744,657,0,0,0,657,A
8-NS,745,661,0,0,0,661,A
8-NS,746,656,0,1,0,657,A
8-NS,747,648,0,0,0,648,A
8-NS,748,0,644,0,0,644,T
8-NS,749,630,0,1,0,631,A
8-NS,750,0,0,637,0,637,G
8-NS,751,0,0,0,640,640,C
8-NS,752,0,628,0,0,628,T
8-NS,753,0,624,0,0,624,T
8-NS,754,0,615,0,1,616,T
8-NS,755,0,4,615,0,619,G
8-NS,756,619,0,1,0,620,A
8-NS,757,617,0,1,0,618,A
8-NS,758,2,0,0,621,623,C
8-NS,759,603,0,0,0,603,A
8-NS,760,603,0,0,0,603,A
8-NS,761,605,1,0,0,606,A
8-NS,762,0,605,0,0,605,T
8-NS,763,602,0,1,1,604,A
8-NS,764,596,0,0,0,596,A
8-NS,765,2,0,0,599,601,C
8-NS,766,599,0,0,0,599,A
8-NS,767,0,588,0,0,588,T
8-NS,768,0,573,0,1,574,T
8-NS,769,4,0,0,563,567,C
8-NS,770,557,0,1,0,558,A
8-NS,771,0,557,0,0,557,T
8-NS,772,0,2,555,0,557,G
8-NS,773,0,0,0,544,544,C
8-NS,774,535,0,0,0,535,A
8-NS,775,530,0,2,0,532,A
8-NS,776,0,0,533,0,533,G
8-NS,777,1,0,0,535,536,C
8-NS,778,523,0,0,0,523,A
8-NS,779,0,527,0,2,529,T
8-NS,780,0,531,0,0,531,T
8-NS,781,530,0,1,0,531,A
8-NS,782,2,0,0,526,528,C
8-NS,783,521,0,0,0,521,A
8-NS,784,513,0,0,0,513,A
8-NS,785,0,0,0,509,509,C
8-NS,786,0,441,0,0,441,T
8-NS,787,0,1,437,0,438,G
8-NS,788,0,0,0,427,427,C
8-NS,789,0,412,1,0,413,T
8-NS,790,0,0,417,0,417,G
8-NS,791,0,410,0,0,410,T
8-NS,792,0,407,0,0,407,T
8-NS,793,0,407,0,0,407,T
8-NS,794,0,1,399,0,400,G
8-NS,795,400,0,0,0,400,A
8-NS,796,390,0,0,0,390,A
8-NS,797,0,0,390,0,390,G
8-NS,798,0,386,0,0,386,T
8-NS,799,1,2,363,0,366,G
8-NS,800,0,1,371,0,372,G
8-NS,801,373,0,0,0,373,A
8-NS,802,373,0,0,0,373,A
8-NS,803,0,4,0,368,372,C
8-NS,804,360,0,0,0,360,A
8-NS,805,2,0,358,0,360,G
8-NS,806,0,3,351,0,354,G
8-NS,807,345,0,0,0,345,A
8-NS,808,0,1,345,0,346,G
8-NS,809,282,0,1,0,283,A
8-NS,810,0,280,0,0,280,T
8-NS,811,278,0,0,0,278,A
8-NS,812,275,0,1,0,276,A
8-NS,813,0,0,276,0,276,G
8-NS,814,246,0,0,0,246,A
8-NS,815,246,0,0,0,246,A
8-NS,816,1,0,0,244,245,C
8-NS,817,0,201,0,0,201,T
8-NS,818,0,197,0,0,197,T
8-NS,819,0,196,0,1,197,T
8-NS,820,1,0,0,197,198,C
8-NS,821,0,194,0,0,194,T
8-NS,822,0,0,0,190,190,C
8-NS,823,181,0,0,0,181,A
8-NS,824,0,181,0,0,181,T
8-NS,825,0,177,0,0,177,T
8-NS,826,1,177,0,0,178,T
8-NS,827,2,1,0,173,176,C
8-NS,828,167,1,0,0,168,A
8-NS,829,0,0,168,0,168,G
8-NS,830,0,0,0,167,167,C
8-NS,831,0,155,0,0,155,T
8-NS,832,0,154,0,0,154,T
8-NS,833,147,0,0,0,147,A
8-NS,834,0,146,0,0,146,T
8-NS,835,0,145,0,0,145,T
8-NS,836,0,146,0,0,146,T
8-NS,837,140,0,0,0,140,A
8-NS,838,136,0,0,0,136,A
8-NS,839,0,130,0,0,130,T
8-NS,840,0,0,129,0,129,G
8-NS,841,123,0,0,0,123,A
8-NS,842,0,105,0,0,105,T
8-NS,843,104,0,0,0,104,A
8-NS,844,104,0,0,0,104,A
8-NS,845,104,0,0,0,104,A
8-NS,846,103,0,0,0,103,A
8-NS,847,103,0,0,0,103,A
8-NS,848,104,0,0,0,104,A
8-NS,849,0,0,0,102,102,C
8-NS,850,81,0,0,0,81,A
8-NS,851,0,0,0,81,81,C
8-NS,852,1,0,0,77,78,C
8-NS,853,0,0,0,75,75,C
8-NS,854,0,70,0,0,70,T
8-NS,855,0,66,0,0,66,T
8-NS,856,0,0,66,0,66,G
8-NS,857,0,61,0,0,61,T
8-NS,858,0,60,0,0,60,T
8-NS,859,0,58,0,0,58,T
8-NS,860,0,0,0,18,18,C
8-NS,861,0,15,0,0,15,T
8-NS,862,11,0,0,0,11,A
8-NS,863,0,0,0,11,11,C
