Gene,Position,A,T,G,C,Coverage,Consensus
1-PB2,1,449,0,0,0,449,A
1-PB2,2,0,451,0,0,451,T
1-PB2,3,0,0,468,0,468,G
1-PB2,4,0,0,468,0,468,G
1-PB2,5,468,0,0,0,468,A
1-PB2,6,467,0,0,0,467,A
1-PB2,7,467,0,0,0,467,A
1-PB2,8,0,0,523,0,523,G
1-PB2,9,521,0,0,0,521,A
1-PB2,10,526,0,0,0,526,A
1-PB2,11,0,545,0,0,545,T
1-PB2,12,544,0,0,0,544,A
1-PB2,13,546,0,0,0,546,A
1-PB2,14,546,0,0,0,546,A
1-PB2,15,548,0,1,0,549,A
1-PB2,16,0,0,575,0,575,G
1-PB2,17,573,0,1,0,574,A
1-PB2,18,575,0,1,0,576,A
1-PB2,19,0,0,0,588,588,C
1-PB2,20,0,589,0,1,590,T
1-PB2,21,595,0,1,0,596,A
1-PB2,22,0,1,0,597,598,C
1-PB2,23,0,1,594,0,595,G
1-PB2,24,1,2,602,0,605,G
1-PB2,25,606,0,0,0,606,A
1-PB2,26,631,0,0,0,631,A
1-PB2,27,0,635,0,0,635,T
1-PB2,28,1,0,0,632,633,C
1-PB2,29,0,631,1,0,632,T
1-PB2,30,0,0,635,0,635,G
1-PB2,31,634,0,0,0,634,A
1-PB2,32,0,641,0,2,643,T
1-PB2,33,0,0,642,0,642,G
1-PB2,34,0,649,0,0,649,T
1-PB2,35,1,0,0,643,644,C
1-PB2,36,0,0,645,0,645,G
1-PB2,37,0,0,0,646,646,C
1-PB2,38,644,0,0,0,644,A
1-PB2,39,0,0,680,0,680,G
1-PB2,40,0,685,0,0,685,T
1-PB2,41,0,0,0,686,686,C
1-PB2,42,0,680,0,2,682,T
1-PB2,43,0,0,0,686,686,C
1-PB2,44,1,0,689,0,690,G
1-PB2,45,0,0,0,690,690,C
1-PB2,46,692,0,0,0,692,A
1-PB2,47,0,1,0,699,700,C
1-PB2,48,0,689,0,1,690,T
1-PB2,49,1,0,0,711,712,C
1-PB2,50,0,0,715,0,715,G
1-PB2,51,0,0,0,718,718,C
1-PB2,52,0,0,717,0,717,G
1-PB2,53,720,0,0,0,720,A
1-PB2,54,1,0,725,0,726,G
1-PB2,55,736,0,0,0,736,A
1-PB2,56,0,731,0,0,731,T
1-PB2,57,734,0,1,0,735,A
1-PB2,58,0,0,0,733,733,C
1-PB2,59,0,723,0,0,723,T
1-PB2,60,0,0,748,0,748,G
1-PB2,61,746,0,0,0,746,A
1-PB2,62,0,0,0,760,760,C
1-PB2,63,755,0,0,0,755,A
1-PB2,64,754,0,0,0,754,A
1-PB2,65,771,0,0,0,771,A
1-PB2,66,776,1,0,0,777,A
1-PB2,67,781,0,0,0,781,A
1-PB2,68,0,0,0,806,806,C
1-PB2,69,0,0,0,804,804,C
1-PB2,70,818,0,0,0,818,A
1-PB2,71,0,0,0,835,835,C
1-PB2,72,833,0,1,0,834,A
1-PB2,73,0,0,877,0,877,G
1-PB2,74,1,865,0,0,866,T
1-PB2,75,0,0,906,0,906,G
1-PB2,76,0,1,908,0,909,G
1-PB2,77,909,0,0,0,909,A
1-PB2,78,0,0,0,948,948,C
1-PB2,79,0,0,0,942,942,C
1-PB2,80,948,1,1,0,950,A
1-PB2,81,0,948,1,1,950,T
1-PB2,82,939,0,0,0,939,A
1-PB2,83,0,934,0,0,934,T
1-PB2,84,0,0,935,0,935,G
1-PB2,85,0,0,933,0,933,G
1-PB2,86,0,0,0,941,941,C
1-PB2,87,1,0,0,923,924,C
1-PB2,88,920,0,0,0,920,A
1-PB2,89,0,983,0,0,983,T
1-PB2,90,985,0,0,2,987,A
1-PB2,91,1047,1,1,0,1049,A
1-PB2,92,0,1051,0,0,1051,T
1-PB2,93,0,1041,0,0,1041,T
1-PB2,94,1057,0,0,0,1057,A
1-PB2,95,1058,0,1,0,1059,A
1-PB2,96,0,0,1097,0,1097,G
1-PB2,97,1100,0,0,0,1100,A
1-PB2,98,1078,0,1,0,1079,A
1-PB2,99,3,0,1136,0,1139,G
1-PB2,100,0,1120,0,0,1120,T
1-PB2,101,1122,0,1,0,1123,A
1-PB2,102,0,0,0,1124,1124,C
1-PB2,103,1131,0,1,0,1132,A
1-PB2,104,0,0,0,1161,1161,C
1-PB2,105,1140,0,0,0,1140,A
1-PB2,106,0,1144,0,0,1144,T
1-PB2,107,0,0,0,1158,1158,C
1-PB2,108,0,0,1156,0,1156,G
1-PB2,109,0,1,1148,0,1149,G
1-PB2,110,0,1,1149,0,1150,G
1-PB2,111,1,2,1150,0,1153,G
1-PB2,112,1141,0,3,0,1144,A
1-PB2,113,0,0,1157,0,1157,G
1-PB2,114,1149,0,2,0,1151,A
1-PB2,115,0,0,0,1160,1160,C
1-PB2,116,1151,1,4,0,1156,A
1-PB2,117,1,0,1176,0,1177,G
1-PB2,118,0,0,1195,0,1195,G
1-PB2,119,1187,0,3,1,1191,A
1-PB2,120,1187,0,1,1,1189,A
1-PB2,121,1192,0,1,0,1193,A
1-PB2,122,1187,0,0,0,1187,A
1-PB2,123,0,0,1197,0,1197,G
1-PB2,124,1181,0,1,0,1182,A
1-PB2,125,1195,0,0,0,1195,A
1-PB2,126,0,0,0,1195,1195,C
1-PB2,127,0,1,0,1186,1187,C
1-PB2,128,2,0,0,1190,1192,C
1-PB2,129,1,0,1194,0,1195,G
1-PB2,130,0,1188,0,1,1189,T
1-PB2,131,1,0,0,1201,1202,C
1-PB2,132,1218,0,0,0,1218,A
1-PB2,133,0,0,0,1224,1224,C
1-PB2,134,0,1211,0,1,1212,T
1-PB2,135,0,1219,1,0,1220,T
1-PB2,136,1216,0,1,0,1217,A
1-PB2,137,0,2,1254,0,1256,G
1-PB2,138,1,0,1253,0,1254,G
1-PB2,139,1249,0,0,0,1249,A
1-PB2,140,0,1239,0,3,1242,T
1-PB2,141,1,1,1266,0,1268,G
1-PB2,142,1285,1,0,0,1286,A
1-PB2,143,1284,0,0,1,1285,A
1-PB2,144,1293,1,0,0,1294,A
1-PB2,145,0,1288,0,1,1289,T
1-PB2,146,0,0,1289,0,1289,G
1-PB2,147,0,1,1298,0,1299,G
1-PB2,148,1295,0,1,0,1296,A
1-PB2,149,0,1297,0,1,1298,T
1-PB2,150,0,0,1291,0,1291,G
1-PB2,151,1267,0,0,0,1267,A
1-PB2,152,0,1272,0,1,1273,T
1-PB2,153,0,1,1272,0,1273,G
1-PB2,154,0,0,1280,0,1280,G
1-PB2,155,0,1,0,1278,1279,C
1-PB2,156,1267,0,0,0,1267,A
1-PB2,157,1264,0,2,0,1266,A
1-PB2,158,0,1273,0,0,1273,T
1-PB2,159,0,0,1311,0,1311,G
1-PB2,160,1311,0,0,0,1311,A
1-PB2,161,1308,0,0,0,1308,A
1-PB2,162,1312,0,0,0,1312,A
1-PB2,163,0,1302,0,0,1302,T
1-PB2,164,1297,0,1,0,1298,A
1-PB2,165,0,1258,0,1,1259,T
1-PB2,166,1,1,0,1327,1329,C
1-PB2,167,2,1,0,1337,1340,C
1-PB2,168,1351,0,2,0,1353,A
1-PB2,169,1353,0,0,0,1353,A
1-PB2,170,0,1350,0,0,1350,T
1-PB2,171,0,0,0,1343,1343,C
1-PB2,172,1343,0,0,0,1343,A
1-PB2,173,0,0,0,1368,1368,C
1-PB2,174,0,1357,0,0,1357,T
1-PB2,175,0,0,1366,0,1366,G
1-PB2,176,1,0,0,1360,1361,C
1-PB2,177,0,1362,0,0,1362,T
1-PB2,178,0,0,1376,0,1376,G
1-PB2,179,1370,0,2,0,1372,A
1-PB2,180,0,0,0,1400,1400,C
1-PB2,181,1394,0,1,0,1395,A
1-PB2,182,1373,0,0,0,1373,A
1-PB2,183,1375,0,1,1,1377,A
1-PB2,184,1375,0,3,0,1378,A
1-PB2,185,0,1,1419,2,1422,G
1-PB2,186,3,0,1422,0,1425,G
1-PB2,187,1412,0,0,0,1412,A
1-PB2,188,0,1420,0,0,1420,T
1-PB2,189,1410,0,2,0,1412,A
1-PB2,190,1435,0,0,0,1435,A
1-PB2,191,0,1,0,1447,1448,C
1-PB2,192,1433,0,3,1,1437,A
1-PB2,193,1,1,1440,0,1442,G
1-PB2,194,1400,2,2,0,1404,A
1-PB2,195,1404,0,0,0,1404,A
1-PB2,196,1405,0,1,0,1406,A
1-PB2,197,0,1408,0,1,1409,T
1-PB2,198,0,0,1411,0,1411,G
1-PB2,199,0,0,1423,0,1423,G
1-PB2,200,1,1411,0,2,1414,T
1-PB2,201,1,1401,0,0,1402,T
1-PB2,202,1,0,0,1401,1402,C
1-PB2,203,2,2,0,1403,1407,C
1-PB2,204,1,0,1415,0,1416,G
1-PB2,205,2,0,1418,0,1420,G
1-PB2,206,1410,0,2,0,1412,A
1-PB2,207,0,1,1426,0,1427,G
1-PB2,208,1402,0,2,0,1404,A
1-PB2,209,1,0,1435,0,1436,G
1-PB2,210,1435,0,0,0,1435,A
1-PB2,211,1442,0,0,0,1442,A
1-PB2,212,1449,0,0,0,1449,A
1-PB2,213,1,1438,0,0,1439,T
1-PB2,214,0,0,1455,0,1455,G
1-PB2,215,1462,0,0,0,1462,A
1-PB2,216,1451,1,2,0,1454,A
1-PB2,217,0,0,0,1454,1454,C
1-PB2,218,1433,0,1,0,1434,A
1-PB2,219,1454,0,0,0,1454,A
1-PB2,220,1,2,1465,0,1468,G
1-PB2,221,1,0,1490,0,1491,G
1-PB2,222,1495,0,1,0,1496,A
1-PB2,223,0,0,0,1491,1491,C
1-PB2,224,1486,0,0,0,1486,A
1-PB2,225,1489,0,3,0,1492,A
1-PB2,226,1567,0,1,0,1568,A
1-PB2,227,0,0,0,1578,1578,C
1-PB2,228,0,1546,0,1,1547,T
1-PB2,229,0,0,0,1576,1576,C
1-PB2,230,0,1540,0,0,1540,T
1-PB2,231,1566,0,3,0,1569,A
1-PB2,232,1,1558,0,2,1561,T
1-PB2,233,0,0,1560,0,1560,G
1-PB2,234,0,1,1619,0,1620,G
1-PB2,235,1539,1,2,0,1542,A
1-PB2,236,0,0,1565,0,1565,G
1-PB2,237,0,1564,0,0,1564,T
1-PB2,238,1557,0,0,0,1557,A
1-PB2,239,1564,1,0,0,1565,A
1-PB2,240,1558,0,0,1,1559,A
1-PB2,241,1565,0,1,0,1566,A
1-PB2,242,0,1549,0,0,1549,T
1-PB2,243,0,2,1552,0,1554,G
1-PB2,244,1514,1,2,0,1517,A
1-PB2,245,1,0,1525,0,1526,G
1-PB2,246,0,1500,0,1,1501,T
1-PB2,247,0,0,1510,0,1510,G
1-PB2,248,1533,0,0,0,1533,A
1-PB2,249,1,1549,0,1,1551,T
1-PB2,250,0,1,1544,0,1545,G
1-PB2,251,0,0,0,1543,1543,C
1-PB2,252,0,1536,0,0,1536,T
1-PB2,253,2,0,1646,0,1648,G
1-PB2,254,0,1,1650,0,1651,G
1-PB2,255,1660,0,0,0,1660,A
1-PB2,256,1,1661,0,0,1662,T
1-PB2,257,0,2,0,1658,1660,C
1-PB2,258,1665,0,1,0,1666,A
1-PB2,259,0,0,1719,0,1719,G
1-PB2,260,1717,0,1,0,1718,A
1-PB2,261,0,1717,0,0,1717,T
1-PB2,262,1659,0,0,0,1659,A
1-PB2,263,1,3,1741,0,1745,G
1-PB2,264,1716,0,1,0,1717,A
1-PB2,265,0,0,1752,0,1752,G
1-PB2,266,0,1725,0,1,1726,T
1-PB2,267,0,1,1713,0,1714,G
1-PB2,268,1689,0,0,0,1689,A
1-PB2,269,0,1701,0,8,1709,T
1-PB2,270,0,1,1749,0,1750,G
1-PB2,271,0,1,1797,0,1798,G
1-PB2,272,0,1756,0,3,1759,T
1-PB2,273,1759,0,0,0,1759,A
1-PB2,274,0,1729,0,4,1733,T
1-PB2,275,2,2,0,1731,1735,C
1-PB2,276,1764,1,2,1,1768,A
1-PB2,277,0,0,0,1814,1814,C
1-PB2,278,1,0,0,1806,1807,C
1-PB2,279,0,1765,0,2,1767,T
1-PB2,280,0,1743,0,1,1744,T
1-PB2,281,0,1740,0,1,1741,T
1-PB2,282,0,2,1768,0,1770,G
1-PB2,283,0,0,1777,0,1777,G
1-PB2,284,0,0,1,1790,1791,C
1-PB2,285,0,1773,0,0,1773,T
1-PB2,286,1,1,1768,0,1770,G
1-PB2,287,0,1776,0,2,1778,T
1-PB2,288,1777,0,1,0,1778,A
1-PB2,289,1793,0,1,0,1794,A
1-PB2,290,0,0,0,1786,1786,C
1-PB2,291,1765,0,1,0,1766,A
1-PB2,292,0,1763,0,2,1765,T
1-PB2,293,1,1,1743,0,1745,G
1-PB2,294,0,0,1787,1,1788,G
1-PB2,295,0,1773,0,0,1773,T
1-PB2,296,0,1,1766,0,1767,G
1-PB2,297,0,0,1809,0,1809,G
1-PB2,298,1790,1,0,0,1791,A
1-PB2,299,1801,1,0,0,1802,A
1-PB2,300,0,1808,0,0,1808,T
1-PB2,301,1806,0,0,0,1806,A
1-PB2,302,0,0,1835,0,1835,G
1-PB2,303,1810,1,0,0,1811,A
1-PB2,304,1819,0,0,0,1819,A
1-PB2,305,1814,0,1,0,1815,A
1-PB2,306,0,1797,0,0,1797,T
1-PB2,307,0,1,1787,0,1788,G
1-PB2,308,0,1,1789,0,1790,G
1-PB2,309,1790,0,2,0,1792,A
1-PB2,310,0,0,0,1796,1796,C
1-PB2,311,1,0,0,1763,1764,C
1-PB2,312,1,0,0,1771,1772,C
1-PB2,313,0,1,1774,1,1776,G
1-PB2,314,0,1791,0,2,1793,T
1-PB2,315,0,0,1823,0,1823,G
1-PB2,316,1823,0,1,0,1824,A
1-PB2,317,0,0,0,1836,1836,C
1-PB2,318,1837,0,1,0,1838,A
1-PB2,319,1833,0,0,0,1833,A
1-PB2,320,1,2,1876,0,1879,G
1-PB2,321,0,1876,0,1,1877,T
1-PB2,322,1879,0,2,0,1881,A
1-PB2,323,0,0,1,1866,1867,C
1-PB2,324,2,5,1824,0,1831,G
1-PB2,325,1,0,1884,0,1885,G
1-PB2,326,0,1879,0,3,1882,T
1-PB2,327,3,0,0,1888,1891,C
1-PB2,328,0,0,0,1897,1897,C
1-PB2,329,1867,0,1,0,1868,A
1-PB2,330,0,1874,0,1,1875,T
1-PB2,331,0,1875,0,1,1876,T
1-PB2,332,1979,0,1,0,1980,A
1-PB2,333,0,1,0,1961,1962,C
1-PB2,334,1,0,0,1931,1932,C
1-PB2,335,1,0,0,1929,1930,C
1-PB2,336,1894,0,0,0,1894,A
1-PB2,337,1903,0,0,0,1903,A
1-PB2,338,1900,0,0,0,1900,A
1-PB2,339,1893,0,0,0,1893,A
1-PB2,340,0,0,1904,0,1904,G
1-PB2,341,0,1817,0,0,1817,T
1-PB2,342,0,0,1833,0,1833,G
1-PB2,343,0,1829,0,2,1831,T
1-PB2,344,1829,0,3,0,1832,A
1-PB2,345,0,0,0,1830,1830,C
1-PB2,346,1830,0,0,0,1830,A
1-PB2,347,1827,0,0,0,1827,A
1-PB2,348,1778,0,0,0,1778,A
1-PB2,349,1795,0,1,0,1796,A
1-PB2,350,1,0,0,1799,1800,C
1-PB2,351,0,1796,0,0,1796,T
1-PB2,352,0,1801,0,3,1804,T
1-PB2,353,1807,0,0,0,1807,A
1-PB2,354,0,1803,0,1,1804,T
1-PB2,355,0,1799,1,1,1801,T
1-PB2,356,0,1799,0,1,1800,T
1-PB2,357,0,0,0,1800,1800,C
1-PB2,358,2,1,1794,0,1797,G
1-PB2,359,1784,1,2,0,1787,A
1-PB2,360,0,0,0,1794,1794,C
1-PB2,361,1786,0,3,0,1789,A
1-PB2,362,1785,0,0,0,1785,A
1-PB2,363,1786,0,1,0,1787,A
1-PB2,364,0,0,1821,0,1821,G
1-PB2,365,0,1814,0,0,1814,T
1-PB2,366,1,1,2,1815,1819,C
1-PB2,367,2,1,1820,0,1823,G
1-PB2,368,1811,0,1,0,1812,A
1-PB2,369,1811,0,2,0,1813,A
1-PB2,370,1815,0,2,0,1817,A
1-PB2,371,0,0,1875,0,1875,G
1-PB2,372,0,0,1894,0,1894,G
1-PB2,373,0,1873,0,1,1874,T
1-PB2,374,0,1871,0,2,1873,T
1-PB2,375,1873,0,0,0,1873,A
1-PB2,376,1874,0,0,0,1874,A
1-PB2,377,1870,0,0,0,1870,A
1-PB2,378,1884,0,2,0,1886,A
1-PB2,379,0,2,0,1900,1902,C
1-PB2,380,1794,0,2,0,1796,A
1-PB2,381,0,1773,0,0,1773,T
1-PB2,382,1,0,1761,0,1762,G
1-PB2,383,0,2,1757,0,1759,G
1-PB2,384,1754,1,0,0,1755,A
1-PB2,385,1764,0,1,0,1765,A
1-PB2,386,0,2,0,1805,1807,C
1-PB2,387,1,0,0,1831,1832,C
1-PB2,388,1,1801,0,1,1803,T
1-PB2,389,0,1805,0,0,1805,T
1-PB2,390,0,1802,2,0,1804,T
1-PB2,391,0,0,1795,0,1795,G
1-PB2,392,0,7,1796,0,1803,G
1-PB2,393,2,2,0,1792,1796,C
1-PB2,394,1,0,0,1779,1780,C
1-PB2,395,1,11,0,1775,1787,C
1-PB2,396,0,1729,0,2,1731,T
1-PB2,397,0,0,1751,0,1751,G
1-PB2,398,0,1747,0,4,1751,T
1-PB2,399,1,1748,0,0,1749,T
1-PB2,400,3,0,0,1751,1754,C
1-PB2,401,1730,0,0,0,1730,A
1-PB2,402,0,1734,0,0,1734,T
1-PB2,403,0,1721,0,0,1721,T
1-PB2,404,0,1723,0,0,1723,T
1-PB2,405,0,1731,0,1,1732,T
1-PB2,406,1713,0,0,0,1713,A
1-PB2,407,0,0,1711,0,1711,G
1-PB2,408,1706,0,0,0,1706,A
1-PB2,409,1700,0,0,1,1701,A
1-PB2,410,1710,0,0,0,1710,A
1-PB2,411,0,1682,0,1,1683,T
1-PB2,412,1,1,0,1697,1699,C
1-PB2,413,1701,0,1,1,1703,A
1-PB2,414,1714,0,0,0,1714,A
1-PB2,415,0,1,1715,0,1716,G
1-PB2,416,1,1695,0,3,1699,T
1-PB2,417,0,0,0,1706,1706,C
1-PB2,418,1710,1,1,1,1713,A
1-PB2,419,1719,2,1,0,1722,A
1-PB2,420,0,0,1729,0,1729,G
1-PB2,421,1726,0,4,0,1730,A
1-PB2,422,0,1726,0,1,1727,T
1-PB2,423,1748,0,0,0,1748,A
1-PB2,424,0,3,0,1734,1737,C
1-PB2,425,1,1,1735,0,1737,G
1-PB2,426,0,1,0,1851,1852,C
1-PB2,427,1822,0,0,0,1822,A
1-PB2,428,0,0,1849,0,1849,G
1-PB2,429,1841,0,0,0,1841,A
1-PB2,430,1842,0,1,0,1843,A
1-PB2,431,0,0,1873,0,1873,G
1-PB2,432,1811,0,2,0,1813,A
1-PB2,433,1,0,1826,0,1827,G
1-PB2,434,0,1823,0,0,1823,T
1-PB2,435,1802,0,2,0,1804,A
1-PB2,436,1,0,1835,0,1836,G
1-PB2,437,1832,0,3,1,1836,A
1-PB2,438,0,1,0,1910,1911,C
1-PB2,439,1888,0,0,0,1888,A
1-PB2,440,0,1860,0,1,1861,T
1-PB2,441,1860,0,0,0,1860,A
1-PB2,442,1852,0,1,0,1853,A
1-PB2,443,1865,0,0,1,1866,A
1-PB2,444,0,0,0,1884,1884,C
1-PB2,445,1,0,0,1852,1853,C
1-PB2,446,0,0,0,1837,1837,C
1-PB2,447,0,1710,1,0,1711,T
1-PB2,448,0,0,1722,1,1723,G
1-PB2,449,0,0,1745,0,1745,G
1-PB2,450,0,1749,0,2,1751,T
1-PB2,451,2,0,0,1749,1751,C
1-PB2,452,1762,1,0,0,1763,A
1-PB2,453,0,1750,0,0,1750,T
1-PB2,454,0,0,1754,0,1754,G
1-PB2,455,0,0,0,1760,1760,C
1-PB2,456,1747,0,1,0,1748,A
1-PB2,457,1,0,1747,0,1748,G
1-PB2,458,1705,1,2,0,1708,A
1-PB2,459,0,0,0,1723,1723,C
1-PB2,460,1,0,0,1723,1724,C
1-PB2,461,0,1670,0,0,1670,T
1-PB2,462,1,1,1,1670,1673,C
1-PB2,463,1651,0,0,0,1651,A
1-PB2,464,3,0,1685,1,1689,G
1-PB2,465,0,1685,2,1,1688,T
1-PB2,466,0,1,1698,0,1699,G
1-PB2,467,0,2,0,1686,1688,C
1-PB2,468,1,1,1,1654,1657,C
1-PB2,469,1664,0,0,0,1664,A
1-PB2,470,1663,0,0,0,1663,A
1-PB2,471,1652,0,0,0,1652,A
1-PB2,472,0,0,1656,0,1656,G
1-PB2,473,1605,0,0,0,1605,A
1-PB2,474,0,0,1634,0,1634,G
1-PB2,475,1,0,1623,0,1624,G
1-PB2,476,0,1,0,1622,1623,C
1-PB2,477,1635,0,0,0,1635,A
1-PB2,478,0,0,0,1645,1645,C
1-PB2,479,1637,0,0,0,1637,A
1-PB2,480,1690,0,0,0,1690,A
1-PB2,481,0,0,1692,0,1692,G
1-PB2,482,1705,0,0,0,1705,A
1-PB2,483,0,1689,0,2,1691,T
1-PB2,484,0,0,1690,0,1690,G
1-PB2,485,0,1687,0,0,1687,T
1-PB2,486,1691,0,0,0,1691,A
1-PB2,487,1690,0,1,0,1691,A
1-PB2,488,0,1697,0,1,1698,T
1-PB2,489,0,1647,0,1,1648,T
1-PB2,490,1637,0,0,0,1637,A
1-PB2,491,0,1589,2,0,1591,T
1-PB2,492,0,1,1587,0,1588,G
1-PB2,493,0,1,1587,0,1588,G
1-PB2,494,1581,0,1,0,1582,A
1-PB2,495,1578,0,0,0,1578,A
1-PB2,496,0,0,1582,0,1582,G
1-PB2,497,0,1578,0,1,1579,T
1-PB2,498,0,1576,0,0,1576,T
1-PB2,499,0,0,1586,0,1586,G
1-PB2,500,1,1578,0,1,1580,T
1-PB2,501,0,1578,1,1,1580,T
1-PB2,502,0,1576,0,1,1577,T
1-PB2,503,0,1578,0,0,1578,T
1-PB2,504,0,1585,0,0,1585,T
1-PB2,505,0,0,0,1570,1570,C
1-PB2,506,0,0,0,1573,1573,C
1-PB2,507,2,1,0,1569,1572,C
1-PB2,508,1582,0,0,0,1582,A
1-PB2,509,1585,0,2,0,1587,A
1-PB2,510,1,1580,0,0,1581,T
1-PB2,511,0,1,1598,0,1599,G
1-PB2,512,1599,0,0,0,1599,A
1-PB2,513,1585,0,0,1,1586,A
1-PB2,514,0,0,1598,0,1598,G
1-PB2,515,0,1594,0,1,1595,T
1-PB2,516,0,0,1584,0,1584,G
1-PB2,517,0,1,1586,0,1587,G
1-PB2,518,1,0,1589,0,1590,G
1-PB2,519,1584,1,4,0,1589,A
1-PB2,520,0,1,1594,0,1595,G
1-PB2,521,2,1,0,1588,1591,C
1-PB2,522,1,0,0,1603,1604,C
1-PB2,523,1592,1,2,0,1595,A
1-PB2,524,0,1,1643,0,1644,G
1-PB2,525,0,1,1637,0,1638,G
1-PB2,526,1650,0,2,0,1652,A
1-PB2,527,0,1650,0,0,1650,T
1-PB2,528,1658,0,1,0,1659,A
1-PB2,529,0,0,0,1653,1653,C
1-PB2,530,0,1644,1,1,1646,T
1-PB2,531,1637,1,1,0,1639,A
1-PB2,532,1638,0,0,0,1638,A
1-PB2,533,1,0,0,1655,1656,C
1-PB2,534,1619,0,0,1,1620,A
1-PB2,535,1,1587,0,1,1589,T
1-PB2,536,0,2,0,1600,1602,C
1-PB2,537,1578,1,0,0,1579,A
1-PB2,538,0,1,1606,0,1607,G
1-PB2,539,1593,1,0,0,1594,A
1-PB2,540,1597,0,0,0,1597,A
1-PB2,541,0,1586,0,0,1586,T
1-PB2,542,2,3,0,1553,1558,C
1-PB2,543,1568,0,1,0,1569,A
1-PB2,544,1,0,0,1596,1597,C
1-PB2,545,1597,0,2,0,1599,A
1-PB2,546,1610,0,0,0,1610,A
1-PB2,547,0,1578,0,0,1578,T
1-PB2,548,1,1578,0,0,1579,T
1-PB2,549,1604,0,1,0,1605,A
1-PB2,550,1613,0,2,0,1615,A
1-PB2,551,0,0,0,1623,1623,C
1-PB2,552,1610,0,0,0,1610,A
1-PB2,553,1600,0,0,0,1600,A
1-PB2,554,1,1616,0,0,1617,T
1-PB2,555,1623,0,0,0,1623,A
1-PB2,556,1632,0,1,1,1634,A
1-PB2,557,0,1,0,1632,1633,C
1-PB2,558,0,1615,0,0,1615,T
1-PB2,559,1612,0,0,0,1612,A
1-PB2,560,1595,0,1,1,1597,A
1-PB2,561,1601,0,0,0,1601,A
1-PB2,562,1,0,1598,0,1599,G
1-PB2,563,1575,0,0,0,1575,A
1-PB2,564,0,0,1599,0,1599,G
1-PB2,565,1587,0,0,0,1587,A
1-PB2,566,1591,0,0,0,1591,A
1-PB2,567,1588,0,1,1,1590,A
1-PB2,568,1588,0,1,0,1589,A
1-PB2,569,1603,0,3,1,1607,A
1-PB2,570,1598,0,0,0,1598,A
1-PB2,571,1,0,1595,0,1596,G
1-PB2,572,1593,1,2,0,1596,A
1-PB2,573,0,2,0,1581,1583,C
1-PB2,574,0,1,1589,0,1590,G
1-PB2,575,1597,0,1,0,1598,A
1-PB2,576,1591,0,1,0,1592,A
1-PB2,577,0,0,0,1619,1619,C
1-PB2,578,1,1603,1,1,1606,T
1-PB2,579,2,0,0,1612,1614,C
1-PB2,580,2,2,0,1604,1608,C
1-PB2,581,0,0,1615,0,1615,G
1-PB2,582,1594,0,1,2,1597,A
1-PB2,583,0,0,1614,0,1614,G
1-PB2,584,1599,0,0,0,1599,A
1-PB2,585,0,1595,0,0,1595,T
1-PB2,586,0,1574,0,0,1574,T
1-PB2,587,1,0,1573,0,1574,G
1-PB2,588,1,1,0,1571,1573,C
1-PB2,589,1576,0,0,0,1576,A
1-PB2,590,1583,0,1,0,1584,A
1-PB2,591,1580,0,0,1,1581,A
1-PB2,592,1591,0,1,0,1592,A
1-PB2,593,0,1588,0,0,1588,T
1-PB2,594,0,1569,0,1,1570,T
1-PB2,595,0,1555,0,1,1556,T
1-PB2,596,1,0,0,1542,1543,C
1-PB2,597,0,1497,0,3,1500,T
1-PB2,598,2,1,0,1591,1594,C
1-PB2,599,1,0,0,1579,1580,C
1-PB2,600,4,0,0,1666,1670,C
1-PB2,601,0,1592,0,1,1593,T
1-PB2,602,0,1610,0,0,1610,T
1-PB2,603,0,0,1623,1,1624,G
1-PB2,604,1621,0,0,0,1621,A
1-PB2,605,0,1657,0,0,1657,T
1-PB2,606,0,0,1673,1,1674,G
1-PB2,607,0,1,1860,2,1863,G
1-PB2,608,0,1892,0,0,1892,T
1-PB2,609,0,1865,0,0,1865,T
1-PB2,610,1,0,2014,0,2015,G
1-PB2,611,0,2,0,2017,2019,C
1-PB2,612,2064,0,0,0,2064,A
1-PB2,613,1,2061,0,1,2063,T
1-PB2,614,2081,0,0,2,2083,A
1-PB2,615,0,0,0,2198,2198,C
1-PB2,616,2440,1,2,7,2450,A
1-PB2,617,0,2513,0,1,2514,T
1-PB2,618,0,1,2656,0,2657,G
1-PB2,619,1,2634,0,4,2639,T
1-PB2,620,0,2634,1,2,2637,T
1-PB2,621,2638,1,1,0,2640,A
1-PB2,622,0,2,2647,0,2649,G
1-PB2,623,2656,0,3,0,2659,A
1-PB2,624,0,1,2691,0,2692,G
1-PB2,625,2586,0,2,0,2588,A
1-PB2,626,0,2,2601,0,2603,G
1-PB2,627,2546,2,4,0,2552,A
1-PB2,628,1,2,2573,0,2576,G
1-PB2,629,2568,1,4,0,2573,A
1-PB2,630,2598,0,1,0,2599,A
1-PB2,631,0,0,0,2608,2608,C
1-PB2,632,0,2578,0,0,2578,T
1-PB2,633,0,2560,0,1,2561,T
1-PB2,634,2,1,2569,0,2572,G
1-PB2,635,2,2565,0,0,2567,T
1-PB2,636,2577,0,3,0,2580,A
1-PB2,637,1,2,0,2556,2559,C
1-PB2,638,1,4,2559,0,2564,G
1-PB2,639,2560,1,1,1,2563,A
1-PB2,640,2551,0,0,0,2551,A
1-PB2,641,2582,1,0,0,2583,A
1-PB2,642,2592,0,0,0,2592,A
1-PB2,643,2601,0,1,0,2602,A
1-PB2,644,1,2,1,2607,2611,C
1-PB2,645,2602,0,2,0,2604,A
1-PB2,646,2611,1,1,0,2613,A
1-PB2,647,0,2,2627,0,2629,G
1-PB2,648,2624,0,0,0,2624,A
1-PB2,649,0,2627,0,2,2629,T
1-PB2,650,0,2614,0,1,2615,T
1-PB2,651,0,2613,0,0,2613,T
1-PB2,652,0,2,1,2624,2627,C
1-PB2,653,1,2617,0,3,2621,T
1-PB2,654,1,0,0,2629,2630,C
1-PB2,655,1,2,0,2617,2620,C
1-PB2,656,2,1,1,2637,2641,C
1-PB2,657,2632,0,0,0,2632,A
1-PB2,658,1,1,2649,1,2652,G
1-PB2,659,0,2658,1,1,2660,T
1-PB2,660,0,2653,0,1,2654,T
1-PB2,661,2,2,2648,0,2652,G
1-PB2,662,0,1,1,2649,2651,C
1-PB2,663,0,2648,0,2,2650,T
1-PB2,664,1,0,2653,0,2654,G
1-PB2,665,0,0,2642,0,2642,G
1-PB2,666,0,1,0,2649,2650,C
1-PB2,667,1,2,2659,0,2662,G
1-PB2,668,0,2,2703,1,2706,G
1-PB2,669,2709,0,2,0,2711,A
1-PB2,670,2721,1,1,1,2724,A
1-PB2,671,0,0,0,2724,2724,C
1-PB2,672,2768,0,3,0,2771,A
1-PB2,673,2766,1,4,0,2771,A
1-PB2,674,0,0,2951,0,2951,G
1-PB2,675,2,1,0,2996,2999,C
1-PB2,676,3028,0,0,0,3028,A
1-PB2,677,1,0,3791,0,3792,G
1-PB2,678,0,3787,0,0,3787,T
1-PB2,679,3808,0,1,0,3809,A
1-PB2,680,0,3810,0,4,3814,T
1-PB2,681,3823,0,1,0,3824,A
1-PB2,682,0,3819,0,4,3823,T
1-PB2,683,3761,2,1,0,3764,A
1-PB2,684,0,0,0,3815,3815,C
1-PB2,685,3649,0,0,2,3651,A
1-PB2,686,0,3444,0,3,3447,T
1-PB2,687,0,3323,0,2,3325,T
1-PB2,688,1,1,3321,0,3323,G
1-PB2,689,3301,0,1,1,3303,A
1-PB2,690,3299,1,1,0,3301,A
1-PB2,691,0,0,3361,0,3361,G
1-PB2,692,0,3319,0,4,3323,T
1-PB2,693,0,3270,0,1,3271,T
1-PB2,694,0,3287,0,0,3287,T
1-PB2,695,0,3294,0,0,3294,T
1-PB2,696,3334,0,2,0,3336,A
1-PB2,697,0,1,0,3357,3358,C
1-PB2,698,3356,1,1,0,3358,A
1-PB2,699,1,3343,1,1,3346,T
1-PB2,700,1,3301,0,1,3303,T
1-PB2,701,0,3297,0,1,3298,T
1-PB2,702,0,2,3335,0,3337,G
1-PB2,703,3360,0,1,0,3361,A
1-PB2,704,2,0,0,3380,3382,C
1-PB2,705,0,3334,0,2,3336,T
1-PB2,706,1,0,0,3350,3351,C
1-PB2,707,3350,0,3,0,3353,A
1-PB2,708,18,1,3322,0,3341,G
1-PB2,709,1,2,3435,0,3438,G
1-PB2,710,2,2,3449,0,3453,G
1-PB2,711,3451,0,1,2,3454,A
1-PB2,712,3451,0,3,25,3479,A
1-PB2,713,3,5,1,3472,3481,C
1-PB2,714,1,0,3522,0,3523,G
1-PB2,715,0,3510,0,1,3511,T
1-PB2,716,1,1,3527,0,3529,G
1-PB2,717,1,3473,0,1,3475,T
1-PB2,718,1,3467,0,1,3469,T
1-PB2,719,1,1,3471,0,3473,G
1-PB2,720,0,1,3478,0,3479,G
1-PB2,721,3,3,3523,0,3529,G
1-PB2,722,3498,1,6,0,3505,A
1-PB2,723,3500,0,5,0,3505,A
1-PB2,724,0,0,0,3601,3601,C
1-PB2,725,3598,0,0,0,3598,A
1-PB2,726,3750,0,0,0,3750,A
1-PB2,727,3768,0,2,0,3770,A
1-PB2,728,0,3809,0,0,3809,T
1-PB2,729,1,2,3869,0,3872,G
1-PB2,730,1,3846,0,1,3848,T
1-PB2,731,3844,1,5,0,3850,A
1-PB2,732,1,2,0,3865,3868,C
1-PB2,733,3790,0,2,0,3792,A
1-PB2,734,2,0,0,3780,3782,C
1-PB2,735,0,3627,0,1,3628,T
1-PB2,736,3,0,0,3939,3942,C
1-PB2,737,2,2,0,3937,3941,C
1-PB2,738,4011,0,5,1,4017,A
1-PB2,739,0,1,4059,0,4060,G
1-PB2,740,1,0,4154,0,4155,G
1-PB2,741,0,4133,0,1,4134,T
1-PB2,742,2,1,4134,0,4137,G
1-PB2,743,1,1,4016,0,4018,G
1-PB2,744,3953,1,7,0,3961,A
1-PB2,745,1,3,4011,0,4015,G
1-PB2,746,0,0,4028,0,4028,G
1-PB2,747,3958,0,2,2,3962,A
1-PB2,748,0,0,4017,0,4017,G
1-PB2,749,0,3894,0,2,3896,T
1-PB2,750,1,0,3923,0,3924,G
1-PB2,751,3901,0,6,0,3907,A
1-PB2,752,1,4,3932,0,3937,G
1-PB2,753,1,2,3971,0,3974,G
1-PB2,754,3930,0,3,0,3933,A
1-PB2,755,3955,0,3,0,3958,A
1-PB2,756,0,3951,0,1,3952,T
1-PB2,757,1,1,3940,0,3942,G
1-PB2,758,3946,0,2,0,3948,A
1-PB2,759,1,3,0,3930,3934,C
1-PB2,760,2,1,3936,0,3939,G
1-PB2,761,3982,0,3,0,3985,A
1-PB2,762,1,3945,0,0,3946,T
1-PB2,763,3,0,3958,0,3961,G
1-PB2,764,0,3957,0,1,3958,T
1-PB2,765,1,3928,0,4,3933,T
1-PB2,766,0,0,3958,1,3959,G
1-PB2,767,3966,0,5,0,3971,A
1-PB2,768,0,2,0,3972,3974,C
1-PB2,769,4,1,0,3958,3963,C
1-PB2,770,3903,0,0,1,3904,A
1-PB2,771,3899,0,0,0,3899,A
1-PB2,772,3909,0,3,0,3912,A
1-PB2,773,0,0,3989,0,3989,G
1-PB2,774,1,1,0,3985,3987,C
1-PB2,775,2,0,0,3963,3965,C
1-PB2,776,0,3987,0,0,3987,T
1-PB2,777,3993,0,0,0,3993,A
1-PB2,778,3988,0,3,1,3992,A
1-PB2,779,0,3993,0,2,3995,T
1-PB2,780,1,3967,1,2,3971,T
1-PB2,781,3921,1,0,0,3922,A
1-PB2,782,4,3799,0,0,3803,T
1-PB2,783,0,3768,0,2,3770,T
1-PB2,784,3,0,3732,0,3735,G
1-PB2,785,0,3,0,3724,3727,C
1-PB2,786,1,2,3739,0,3742,G
1-PB2,787,0,0,3804,0,3804,G
1-PB2,788,0,0,0,3784,3784,C
1-PB2,789,1,0,0,3832,3833,C
1-PB2,790,3825,0,0,1,3826,A
1-PB2,791,1,2,3912,0,3915,G
1-PB2,792,0,4,3951,0,3955,G
1-PB2,793,3949,0,3,0,3952,A
1-PB2,794,3962,1,4,0,3967,A
1-PB2,795,0,1,0,3984,3985,C
1-PB2,796,3904,0,3,2,3909,A
1-PB2,797,0,3943,1,1,3945,T
1-PB2,798,4002,1,1,0,4004,A
1-PB2,799,0,0,4048,0,4048,G
1-PB2,800,2,3995,1,0,3998,T
1-PB2,801,3960,1,1,0,3962,A
1-PB2,802,3941,0,3,0,3944,A
1-PB2,803,1,1,3947,0,3949,G
1-PB2,804,3924,0,4,0,3928,A
1-PB2,805,3860,0,5,1,3866,A
1-PB2,806,0,0,3852,0,3852,G
1-PB2,807,3675,1,5,0,3681,A
1-PB2,808,1,1,3696,0,3698,G
1-PB2,809,1,0,0,3704,3705,C
1-PB2,810,0,3,0,3692,3695,C
1-PB2,811,1,0,3696,0,3697,G
1-PB2,812,2,0,1,3708,3711,C
1-PB2,813,3729,1,1,0,3731,A
1-PB2,814,0,0,3961,0,3961,G
1-PB2,815,0,3939,0,0,3939,T
1-PB2,816,3950,0,1,1,3952,A
1-PB2,817,1,3895,0,1,3897,T
1-PB2,818,0,0,0,3965,3965,C
1-PB2,819,3962,1,5,0,3968,A
1-PB2,820,1,0,3966,0,3967,G
1-PB2,821,0,2,0,3971,3973,C
1-PB2,822,3818,1,0,0,3819,A
1-PB2,823,1,0,3758,0,3759,G
1-PB2,824,3778,3,1,0,3782,A
1-PB2,825,2,3771,0,0,3773,T
1-PB2,826,1,1,0,3798,3800,C
1-PB2,827,1,2,0,3783,3786,C
1-PB2,828,3794,0,0,0,3794,A
1-PB2,829,0,0,0,3804,3804,C
1-PB2,830,1,3789,0,1,3791,T
1-PB2,831,3788,0,0,0,3788,A
1-PB2,832,0,0,3789,1,3790,G
1-PB2,833,1,0,0,3758,3759,C
1-PB2,834,3752,0,0,1,3753,A
1-PB2,835,0,3767,0,1,3768,T
1-PB2,836,1,0,0,3799,3800,C
1-PB2,837,1,3765,0,2,3768,T
1-PB2,838,0,3830,0,1,3831,T
1-PB2,839,0,3848,0,0,3848,T
1-PB2,840,3838,0,0,0,3838,A
1-PB2,841,1,3838,1,0,3840,T
1-PB2,842,0,3820,0,2,3822,T
1-PB2,843,0,1,3798,0,3799,G
1-PB2,844,1,2,3807,0,3810,G
1-PB2,845,3704,1,5,0,3710,A
1-PB2,846,0,0,3737,0,3737,G
1-PB2,847,3632,0,1,1,3634,A
1-PB2,848,0,3614,0,0,3614,T
1-PB2,849,3,0,3689,0,3692,G
1-PB2,850,0,3680,0,1,3681,T
1-PB2,851,2,0,3654,0,3656,G
1-PB2,852,2,2,1,3675,3680,C
1-PB2,853,1,0,0,3670,3671,C
1-PB2,854,3670,0,1,1,3672,A
1-PB2,855,1,0,0,3664,3665,C
1-PB2,856,3604,0,2,2,3608,A
1-PB2,857,3,0,3665,0,3668,G
1-PB2,858,0,0,0,3600,3600,C
1-PB2,859,3594,0,2,0,3596,A
1-PB2,860,0,1,0,3600,3601,C
1-PB2,861,3593,0,3,0,3596,A
1-PB2,862,0,0,0,3609,3609,C
1-PB2,863,3590,0,3,0,3593,A
1-PB2,864,3595,0,4,0,3599,A
1-PB2,865,3591,0,1,0,3592,A
1-PB2,866,0,3481,0,1,3482,T
1-PB2,867,0,3470,0,0,3470,T
1-PB2,868,3,1,3450,0,3454,G
1-PB2,869,1,2,3427,0,3430,G
1-PB2,870,0,2,0,3441,3443,C
1-PB2,871,3,4,3397,0,3404,G
1-PB2,872,0,1,3475,0,3476,G
1-PB2,873,1,1,3469,0,3471,G
1-PB2,874,3491,0,3,0,3494,A
1-PB2,875,0,0,0,3493,3493,C
1-PB2,876,3502,0,3,0,3505,A
1-PB2,877,3506,1,1,0,3508,A
1-PB2,878,3313,0,6,0,3319,A
1-PB2,879,0,1,3366,0,3367,G
1-PB2,880,3369,1,0,0,3370,A
1-PB2,881,0,3379,0,0,3379,T
1-PB2,882,2,2,3321,0,3325,G
1-PB2,883,1,0,3350,0,3351,G
1-PB2,884,0,3308,0,1,3309,T
1-PB2,885,0,1,3304,0,3305,G
1-PB2,886,0,0,3311,0,3311,G
1-PB2,887,3306,0,6,0,3312,A
1-PB2,888,0,1,0,3312,3313,C
1-PB2,889,3240,0,0,0,3240,A
1-PB2,890,0,3697,0,1,3698,T
1-PB2,891,1,3687,0,1,3689,T
1-PB2,892,1,3,0,3697,3701,C
1-PB2,893,0,3691,0,1,3692,T
1-PB2,894,0,3687,0,0,3687,T
1-PB2,895,3682,0,1,0,3683,A
1-PB2,896,1,1,3705,0,3707,G
1-PB2,897,3690,1,2,0,3693,A
1-PB2,898,0,0,0,3698,3698,C
1-PB2,899,2932,2,2,0,2936,A
1-PB2,900,1,0,3004,0,3005,G
1-PB2,901,2981,0,1,0,2982,A
1-PB2,902,2999,0,2,0,3001,A
1-PB2,903,0,1,0,2999,3000,C
1-PB2,904,1,1,0,2992,2994,C
1-PB2,905,1,1,0,2987,2989,C
1-PB2,906,1,1,2995,0,2997,G
1-PB2,907,2982,1,3,0,2986,A
1-PB2,908,0,0,0,3007,3007,C
1-PB2,909,0,2959,0,5,2964,T
1-PB2,910,1,1,2986,0,2988,G
1-PB2,911,2978,2,2,0,2982,A
1-PB2,912,2996,1,3,0,3000,A
1-PB2,913,0,0,3029,0,3029,G
1-PB2,914,2996,0,1,0,2997,A
1-PB2,915,2993,1,2,0,2996,A
1-PB2,916,1,0,0,2990,2991,C
1-PB2,917,2970,0,1,1,2972,A
1-PB2,918,2988,0,2,0,2990,A
1-PB2,919,0,0,3030,0,3030,G
1-PB2,920,0,2,0,3053,3055,C
1-PB2,921,0,3015,0,0,3015,T
1-PB2,922,0,0,3090,0,3090,G
1-PB2,923,0,3080,0,0,3080,T
1-PB2,924,0,1,3128,0,3129,G
1-PB2,925,1,1,3247,0,3249,G
1-PB2,926,3242,0,2,0,3244,A
1-PB2,927,0,3241,0,1,3242,T
1-PB2,928,3190,2,0,0,3192,A
1-PB2,929,0,3154,0,2,3156,T
1-PB2,930,3236,1,2,0,3239,A
1-PB2,931,0,3176,0,1,3177,T
1-PB2,932,1,3,3158,0,3162,G
1-PB2,933,1,2,0,3115,3118,C
1-PB2,934,2969,0,1,0,2970,A
1-PB2,935,2963,0,2,0,2965,A
1-PB2,936,1,1,2967,0,2969,G
1-PB2,937,0,1,2975,0,2976,G
1-PB2,938,1,1,0,2999,3001,C
1-PB2,939,0,2902,0,2,2904,T
1-PB2,940,2,0,2917,0,2919,G
1-PB2,941,1,0,0,2910,2911,C
1-PB2,942,2926,0,1,1,2928,A
1-PB2,943,2935,0,1,0,2936,A
1-PB2,944,1,2907,0,1,2909,T
1-PB2,945,0,2,2924,0,2926,G
1-PB2,946,1,0,2895,0,2896,G
1-PB2,947,1,0,2894,0,2895,G
1-PB2,948,2894,0,3,1,2898,A
1-PB2,949,0,2898,0,1,2899,T
1-PB2,950,1,2875,0,0,2876,T
1-PB2,951,0,1,2881,0,2882,G
1-PB2,952,2865,0,3,0,2868,A
1-PB2,953,0,2,2909,0,2911,G
1-PB2,954,2859,0,2,0,2861,A
1-PB2,955,2847,0,0,0,2847,A
1-PB2,956,0,2821,0,0,2821,T
1-PB2,957,1,1,0,2834,2836,C
1-PB2,958,2828,1,4,1,2834,A
1-PB2,959,0,2,2848,0,2850,G
1-PB2,960,1,2,0,2834,2837,C
1-PB2,961,1,2793,1,3,2798,T
1-PB2,962,1,0,0,2805,2806,C
1-PB2,963,2804,0,0,1,2805,A
1-PB2,964,0,2863,1,2,2866,T
1-PB2,965,2,0,0,2870,2872,C
1-PB2,966,0,1,0,2887,2888,C
1-PB2,967,3,2852,1,2,2858,T
1-PB2,968,0,2846,0,0,2846,T
1-PB2,969,1,0,0,2840,2841,C
1-PB2,970,2842,0,1,0,2843,A
1-PB2,971,0,0,2901,0,2901,G
1-PB2,972,1,0,0,2886,2887,C
1-PB2,973,1,2806,0,2,2809,T
1-PB2,974,0,2814,0,4,2818,T
1-PB2,975,0,2806,0,2,2808,T
1-PB2,976,0,1,2801,0,2802,G
1-PB2,977,0,1,2799,1,2801,G
1-PB2,978,0,2787,1,3,2791,T
1-PB2,979,1,4,2811,0,2816,G
1-PB2,980,0,2,2780,0,2782,G
1-PB2,981,0,1,2805,0,2806,G
1-PB2,982,0,2779,1,1,2781,T
1-PB2,983,0,2768,0,0,2768,T
1-PB2,984,0,2765,0,2,2767,T
1-PB2,985,2792,0,1,0,2793,A
1-PB2,986,0,0,0,2805,2805,C
1-PB2,987,2800,0,1,0,2801,A
1-PB2,988,0,2779,0,0,2779,T
1-PB2,989,1,2721,1,0,2723,T
1-PB2,990,0,2724,0,1,2725,T
1-PB2,991,2733,0,0,0,2733,A
1-PB2,992,2720,0,1,0,2721,A
1-PB2,993,2735,0,2,0,2737,A
1-PB2,994,2714,0,5,0,2719,A
1-PB2,995,0,0,2754,2,2756,G
1-PB2,996,2732,0,2,0,2734,A
1-PB2,997,2742,0,1,1,2744,A
1-PB2,998,0,0,1,2748,2749,C
1-PB2,999,2728,1,2,0,2731,A
1-PB2,1000,2727,0,2,0,2729,A
1-PB2,1001,0,0,2739,0,2739,G
1-PB2,1002,0,2,0,2741,2743,C
1-PB2,1003,0,2,2733,0,2735,G
1-PB2,1004,1,1,2739,0,2741,G
1-PB2,1005,3,0,2734,2,2739,G
1-PB2,1006,1,2711,0,3,2715,T
1-PB2,1007,1,4,0,2713,2718,C
1-PB2,1008,2732,1,1,0,2734,A
1-PB2,1009,0,2716,0,4,2720,T
1-PB2,1010,1,0,0,2731,2732,C
1-PB2,1011,2728,1,1,0,2730,A
1-PB2,1012,0,0,2793,0,2793,G
1-PB2,1013,1,2736,0,4,2741,T
1-PB2,1014,3,0,0,2730,2733,C
1-PB2,1015,2746,0,0,0,2746,A
1-PB2,1016,2760,0,0,1,2761,A
1-PB2,1017,2757,1,2,0,2760,A
1-PB2,1018,2753,0,1,0,2754,A
1-PB2,1019,2779,0,1,1,2781,A
1-PB2,1020,2774,1,4,0,2779,A
1-PB2,1021,3,0,2812,0,2815,G
1-PB2,1022,2803,0,3,0,2806,A
1-PB2,1023,2810,0,2,0,2812,A
1-PB2,1024,0,0,2809,1,2810,G
1-PB2,1025,2791,1,1,1,2794,A
1-PB2,1026,2719,2,8,0,2729,A
1-PB2,1027,0,2,2727,0,2729,G
1-PB2,1028,2696,0,1,0,2697,A
1-PB2,1029,2,1,2721,0,2724,G
1-PB2,1030,1,0,2785,0,2786,G
1-PB2,1031,0,2793,0,1,2794,T
1-PB2,1032,1,1,2834,0,2836,G
1-PB2,1033,0,2,0,2832,2834,C
1-PB2,1034,5,2813,0,4,2822,T
1-PB2,1035,0,2845,1,0,2846,T
1-PB2,1036,2847,0,0,0,2847,A
1-PB2,1037,2,1,0,2844,2847,C
1-PB2,1038,2810,0,2,0,2812,A
1-PB2,1039,0,2,2815,0,2817,G
1-PB2,1040,0,0,2806,0,2806,G
1-PB2,1041,1,0,0,2757,2758,C
1-PB2,1042,2719,0,2,1,2722,A
1-PB2,1043,2744,0,4,0,2748,A
1-PB2,1044,0,2797,0,4,2801,T
1-PB2,1045,1,0,0,2837,2838,C
1-PB2,1046,0,2800,0,5,2805,T
1-PB2,1047,2,0,0,2836,2838,C
1-PB2,1048,1,1,0,2815,2817,C
1-PB2,1049,2823,0,1,0,2824,A
1-PB2,1050,2815,0,0,0,2815,A
1-PB2,1051,2820,2,1,2,2825,A
1-PB2,1052,2,1,0,2838,2841,C
1-PB2,1053,2763,0,0,0,2763,A
1-PB2,1054,1,2705,1,2,2709,T
1-PB2,1055,0,2724,0,2,2726,T
1-PB2,1056,23,0,2750,0,2773,G
1-PB2,1057,2773,0,0,0,2773,A
1-PB2,1058,2820,0,3,1,2824,A
1-PB2,1059,2843,0,1,0,2844,A
1-PB2,1060,2832,2,0,0,2834,A
1-PB2,1061,0,2843,0,1,2844,T
1-PB2,1062,2845,0,3,0,2848,A
1-PB2,1063,2837,0,2,0,2839,A
1-PB2,1064,0,0,2945,0,2945,G
1-PB2,1065,2879,0,6,1,2886,A
1-PB2,1066,0,1,3066,0,3067,G
1-PB2,1067,1,3019,1,1,3022,T
1-PB2,1068,3033,0,2,0,3035,A
1-PB2,1069,1,0,0,3086,3087,C
1-PB2,1070,3066,0,1,0,3067,A
1-PB2,1071,0,3046,0,1,3047,T
1-PB2,1072,3,1,3064,0,3068,G
1-PB2,1073,2975,1,3,0,2979,A
1-PB2,1074,0,5,3027,0,3032,G
1-PB2,1075,3,1,3031,0,3035,G
1-PB2,1076,1,4,3189,0,3194,G
1-PB2,1077,3,2,3214,0,3219,G
1-PB2,1078,0,3155,0,0,3155,T
1-PB2,1079,3181,1,4,0,3186,A
1-PB2,1080,0,3173,0,1,3174,T
1-PB2,1081,1,0,3181,1,3183,G
1-PB2,1082,3152,0,2,0,3154,A
1-PB2,1083,1,3,3158,0,3162,G
1-PB2,1084,2,4,3118,0,3124,G
1-PB2,1085,2922,1,3,0,2926,A
1-PB2,1086,2,0,2995,0,2997,G
1-PB2,1087,0,3011,0,2,3013,T
1-PB2,1088,1,3112,0,1,3114,T
1-PB2,1089,1,1,0,3131,3133,C
1-PB2,1090,3134,2,0,0,3136,A
1-PB2,1091,0,0,0,3124,3124,C
1-PB2,1092,3120,0,1,1,3122,A
1-PB2,1093,3119,0,3,0,3122,A
1-PB2,1094,1,3128,1,3,3133,T
1-PB2,1095,0,1,3043,0,3044,G
1-PB2,1096,0,0,3053,0,3053,G
1-PB2,1097,0,2962,0,2,2964,T
1-PB2,1098,2,2,2973,0,2977,G
1-PB2,1099,0,3,2978,0,2981,G
1-PB2,1100,0,1,2976,0,2977,G
1-PB2,1101,1,3,3013,0,3017,G
1-PB2,1102,3002,0,2,0,3004,A
1-PB2,1103,3006,1,3,0,3010,A
1-PB2,1104,2992,0,1,0,2993,A
1-PB2,1105,2927,1,5,2,2935,A
1-PB2,1106,0,1,3022,0,3023,G
1-PB2,1107,2977,1,6,0,2984,A
1-PB2,1108,1,0,3001,0,3002,G
1-PB2,1109,0,0,1,2989,2990,C
1-PB2,1110,2970,0,4,0,2974,A
1-PB2,1111,2986,1,4,0,2991,A
1-PB2,1112,0,0,0,3107,3107,C
1-PB2,1113,3104,1,3,0,3108,A
1-PB2,1114,0,0,3154,0,3154,G
1-PB2,1115,1,0,0,3126,3127,C
1-PB2,1116,0,3108,0,2,3110,T
1-PB2,1117,3195,0,0,0,3195,A
1-PB2,1118,1,3186,0,0,3187,T
1-PB2,1119,3202,1,0,0,3203,A
1-PB2,1120,0,0,0,3210,3210,C
1-PB2,1121,0,3036,0,0,3036,T
1-PB2,1122,3064,0,1,0,3065,A
1-PB2,1123,2997,0,0,0,2997,A
1-PB2,1124,1,3,3004,0,3008,G
1-PB2,1125,2993,2,0,1,2996,A
1-PB2,1126,2925,0,1,0,2926,A
1-PB2,1127,2920,0,0,0,2920,A
1-PB2,1128,2901,0,2,0,2903,A
1-PB2,1129,1,11,2908,0,2920,G
1-PB2,1130,1,1,0,2917,2919,C
1-PB2,1131,2915,1,2,0,2918,A
1-PB2,1132,2923,0,0,0,2923,A
1-PB2,1133,0,2,0,2942,2944,C
1-PB2,1134,0,0,0,2938,2938,C
1-PB2,1135,2931,0,0,0,2931,A
1-PB2,1136,0,1,2956,0,2957,G
1-PB2,1137,2951,0,2,0,2953,A
1-PB2,1138,2950,0,2,1,2953,A
1-PB2,1139,1,1,2992,0,2994,G
1-PB2,1140,2974,0,3,1,2978,A
1-PB2,1141,1,2968,1,0,2970,T
1-PB2,1142,0,2963,0,1,2964,T
1-PB2,1143,0,1,2968,0,2969,G
1-PB2,1144,0,0,3025,0,3025,G
1-PB2,1145,0,3014,0,5,3019,T
1-PB2,1146,0,3005,0,2,3007,T
1-PB2,1147,0,0,0,3013,3013,C
1-PB2,1148,3041,0,3,0,3044,A
1-PB2,1149,0,0,3164,0,3164,G
1-PB2,1150,0,0,0,3186,3186,C
1-PB2,1151,0,3155,0,8,3163,T
1-PB2,1152,1,1,0,3185,3187,C
1-PB2,1153,3121,1,0,0,3122,A
1-PB2,1154,2,3143,0,0,3145,T
1-PB2,1155,3140,0,2,0,3142,A
1-PB2,1156,1,0,3161,0,3162,G
1-PB2,1157,0,2991,0,1,2992,T
1-PB2,1158,0,0,3007,0,3007,G
1-PB2,1159,2903,0,3,0,2906,A
1-PB2,1160,0,1,2979,0,2980,G
1-PB2,1161,0,2959,0,3,2962,T
1-PB2,1162,1,1,2958,0,2960,G
1-PB2,1163,0,2,2978,0,2980,G
1-PB2,1164,2971,0,1,0,2972,A
1-PB2,1165,2959,0,5,0,2964,A
1-PB2,1166,0,1,2982,0,2983,G
1-PB2,1167,2909,1,3,0,2913,A
1-PB2,1168,2,0,2944,0,2946,G
1-PB2,1169,2907,1,3,0,2911,A
1-PB2,1170,0,4,0,2908,2912,C
1-PB2,1171,2,2,2906,0,2910,G
1-PB2,1172,2878,1,0,0,2879,A
1-PB2,1173,2889,0,4,0,2893,A
1-PB2,1174,2,1,0,2903,2906,C
1-PB2,1175,2880,0,1,1,2882,A
1-PB2,1176,0,0,3061,0,3061,G
1-PB2,1177,0,3024,0,2,3026,T
1-PB2,1178,1,1,0,3019,3021,C
1-PB2,1179,3032,0,0,0,3032,A
1-PB2,1180,3024,0,4,0,3028,A
1-PB2,1181,0,3024,1,0,3025,T
1-PB2,1182,3026,0,2,0,3028,A
1-PB2,1183,0,1,3026,0,3027,G
1-PB2,1184,1,0,0,3014,3015,C
1-PB2,1185,0,3,0,2891,2894,C
1-PB2,1186,0,3,2868,0,2871,G
1-PB2,1187,2859,1,1,0,2861,A
1-PB2,1188,2872,0,0,0,2872,A
1-PB2,1189,1,1,2910,2,2914,G
1-PB2,1190,0,1,0,2985,2986,C
1-PB2,1191,2993,1,1,0,2995,A
1-PB2,1192,2991,0,0,0,2991,A
1-PB2,1193,0,2994,1,0,2995,T
1-PB2,1194,3000,0,2,0,3002,A
1-PB2,1195,3018,0,4,0,3022,A
1-PB2,1196,3,3013,0,1,3017,T
1-PB2,1197,4,0,1,2990,2995,C
1-PB2,1198,1,0,2984,1,2986,G
1-PB2,1199,1,2871,0,3,2875,T
1-PB2,1200,0,2,2857,1,2860,G
1-PB2,1201,4,0,2890,0,2894,G
1-PB2,1202,2,1,0,2878,2881,C
1-PB2,1203,0,0,0,2872,2872,C
1-PB2,1204,2856,1,0,0,2857,A
1-PB2,1205,0,2856,0,2,2858,T
1-PB2,1206,1,1,2850,0,2852,G
1-PB2,1207,1,0,2913,0,2914,G
1-PB2,1208,0,2879,0,0,2879,T
1-PB2,1209,0,0,2889,0,2889,G
1-PB2,1210,1,2769,0,0,2770,T
1-PB2,1211,0,2759,0,7,2766,T
1-PB2,1212,0,2781,0,0,2781,T
1-PB2,1213,0,2778,0,2,2780,T
1-PB2,1214,1,2,0,2853,2856,C
1-PB2,1215,2858,1,2,0,2861,A
1-PB2,1216,0,1,0,3118,3119,C
1-PB2,1217,3068,0,1,0,3069,A
1-PB2,1218,3129,0,3,1,3133,A
1-PB2,1219,0,2,3152,0,3154,G
1-PB2,1220,3114,1,1,1,3117,A
1-PB2,1221,271,2,2921,0,3194,G
1-PB2,1222,1,2,3229,0,3232,G
1-PB2,1223,3171,2,2,2,3177,A
1-PB2,1224,0,3198,0,1,3199,T
1-PB2,1225,0,3135,0,2,3137,T
1-PB2,1226,2,0,3119,0,3121,G
1-PB2,1227,0,1,0,3069,3070,C
1-PB2,1228,3117,0,1,1,3119,A
1-PB2,1229,0,3148,0,2,3150,T
1-PB2,1230,1,0,3303,0,3304,G
1-PB2,1231,3331,1,2,1,3335,A
1-PB2,1232,0,3367,0,0,3367,T
1-PB2,1233,3342,0,1,1,3344,A
1-PB2,1234,3349,0,1,0,3350,A
1-PB2,1235,3343,0,0,0,3343,A
1-PB2,1236,3337,0,4,0,3341,A
1-PB2,1237,0,0,3367,0,3367,G
1-PB2,1238,0,1,1,3448,3450,C
1-PB2,1239,3532,0,2,0,3534,A
1-PB2,1240,0,0,3665,0,3665,G
1-PB2,1241,1,3624,0,3,3628,T
1-PB2,1242,0,3647,1,0,3648,T
1-PB2,1243,3647,0,1,0,3648,A
1-PB2,1244,0,1,3690,0,3691,G
1-PB2,1245,3645,0,1,0,3646,A
1-PB2,1246,1,2,3677,0,3680,G
1-PB2,1247,1,0,3655,0,3656,G
1-PB2,1248,0,3496,0,0,3496,T
1-PB2,1249,0,4,3515,0,3519,G
1-PB2,1250,3532,1,5,0,3538,A
1-PB2,1251,0,1,0,3566,3567,C
1-PB2,1252,0,1,0,3577,3578,C
1-PB2,1253,1,3545,0,7,3553,T
1-PB2,1254,0,1,3574,0,3575,G
1-PB2,1255,3581,0,0,0,3581,A
1-PB2,1256,3572,0,2,0,3574,A
1-PB2,1257,1,3579,0,1,3581,T
1-PB2,1258,0,3599,0,0,3599,T
1-PB2,1259,1,3609,0,0,3610,T
1-PB2,1260,3,1,0,3623,3627,C
1-PB2,1261,3,0,3621,0,3624,G
1-PB2,1262,0,3608,0,6,3614,T
1-PB2,1263,2,0,0,3630,3632,C
1-PB2,1264,3637,0,0,0,3637,A
1-PB2,1265,3643,0,2,0,3645,A
1-PB2,1266,0,2,0,3644,3646,C
1-PB2,1267,3605,1,0,0,3606,A
1-PB2,1268,0,2,3677,0,3679,G
1-PB2,1269,3634,0,7,0,3641,A
1-PB2,1270,2,0,3656,0,3658,G
1-PB2,1271,0,2,0,3655,3657,C
1-PB2,1272,3657,0,2,0,3659,A
1-PB2,1273,3726,0,0,0,3726,A
1-PB2,1274,3728,0,3,0,3731,A
1-PB2,1275,0,3703,0,0,3703,T
1-PB2,1276,3,0,0,3726,3729,C
1-PB2,1277,3690,0,3,1,3694,A
1-PB2,1278,0,0,3691,0,3691,G
1-PB2,1279,2,4,0,3706,3712,C
1-PB2,1280,4,1,3716,0,3721,G
1-PB2,1281,2,0,4018,0,4020,G
1-PB2,1282,0,3980,0,2,3982,T
1-PB2,1283,0,3988,0,2,3990,T
1-PB2,1284,0,4,3994,0,3998,G
1-PB2,1285,3993,0,6,1,4000,A
1-PB2,1286,4041,0,4,0,4045,A
1-PB2,1287,0,2,0,4073,4075,C
1-PB2,1288,5,0,0,4071,4076,C
1-PB2,1289,4,4,0,4118,4126,C
1-PB2,1290,3,3,0,3947,3953,C
1-PB2,1291,3982,0,5,0,3987,A
1-PB2,1292,0,4008,0,2,4010,T
1-PB2,1293,1,0,4018,1,4020,G
1-PB2,1294,2,2,0,4033,4037,C
1-PB2,1295,4028,0,1,0,4029,A
1-PB2,1296,0,3987,0,3,3990,T
1-PB2,1297,1,2,0,3978,3981,C
1-PB2,1298,3962,1,2,0,3965,A
1-PB2,1299,0,0,4049,0,4049,G
1-PB2,1300,0,0,0,4050,4050,C
1-PB2,1301,0,4032,1,5,4038,T
1-PB2,1302,1,4032,0,1,4034,T
1-PB2,1303,1,4023,0,0,4024,T
1-PB2,1304,0,4039,0,1,4040,T
1-PB2,1305,4039,0,1,0,4040,A
1-PB2,1306,4028,0,2,0,4030,A
1-PB2,1307,0,2,4039,0,4041,G
1-PB2,1308,2,0,3990,0,3992,G
1-PB2,1309,3,0,0,3972,3975,C
1-PB2,1310,3957,0,4,0,3961,A
1-PB2,1311,1,3961,0,2,3964,T
1-PB2,1312,0,3975,0,1,3976,T
1-PB2,1313,1,3972,1,0,3974,T
1-PB2,1314,1,3992,0,0,3993,T
1-PB2,1315,0,0,0,3997,3997,C
1-PB2,1316,3992,0,0,0,3992,A
1-PB2,1317,1,1,3998,0,4000,G
1-PB2,1318,3963,1,2,1,3967,A
1-PB2,1319,3982,0,1,0,3983,A
1-PB2,1320,3973,1,4,1,3979,A
1-PB2,1321,9,0,3984,0,3993,G
1-PB2,1322,4031,0,2,2,4035,A
1-PB2,1323,0,4027,0,4,4031,T
1-PB2,1324,1,0,4039,0,4040,G
1-PB2,1325,0,0,0,4037,4037,C
1-PB2,1326,1,0,4055,0,4056,G
1-PB2,1327,4039,2,2,1,4044,A
1-PB2,1328,4028,1,4,0,4033,A
1-PB2,1329,4042,0,1,3,4046,A
1-PB2,1330,1,2,4059,0,4062,G
1-PB2,1331,0,3988,0,4,3992,T
1-PB2,1332,0,1,3993,0,3994,G
1-PB2,1333,0,1,0,3975,3976,C
1-PB2,1334,0,3973,0,5,3978,T
1-PB2,1335,0,3980,0,2,3982,T
1-PB2,1336,0,3989,0,1,3990,T
1-PB2,1337,2,3990,1,0,3993,T
1-PB2,1338,0,3980,0,6,3986,T
1-PB2,1339,0,0,0,3996,3996,C
1-PB2,1340,3987,0,3,0,3990,A
1-PB2,1341,4017,0,0,2,4019,A
1-PB2,1342,3981,0,1,1,3983,A
1-PB2,1343,4033,0,2,0,4035,A
1-PB2,1344,0,4028,1,1,4030,T
1-PB2,1345,0,4034,0,3,4037,T
1-PB2,1346,2,4,4049,1,4056,G
1-PB2,1347,0,8,4036,0,4044,G
1-PB2,1348,1,3,4051,0,4055,G
1-PB2,1349,3,0,4180,0,4183,G
1-PB2,1350,4155,1,5,0,4161,A
1-PB2,1351,1,1,4312,0,4314,G
1-PB2,1352,0,4300,0,2,4302,T
1-PB2,1353,0,4292,0,0,4292,T
1-PB2,1354,0,1,4312,0,4313,G
1-PB2,1355,4330,0,6,0,4336,A
1-PB2,1356,4347,0,2,0,4349,A
1-PB2,1357,0,1,0,4502,4503,C
1-PB2,1358,4468,0,2,0,4470,A
1-PB2,1359,0,1,0,4610,4611,C
1-PB2,1360,4532,2,2,0,4536,A
1-PB2,1361,0,4529,0,1,4530,T
1-PB2,1362,0,1,1,4577,4579,C
1-PB2,1363,1,3,4552,0,4556,G
1-PB2,1364,4573,0,3,0,4576,A
1-PB2,1365,0,0,0,4577,4577,C
1-PB2,1366,4440,2,0,0,4442,A
1-PB2,1367,1,0,4621,0,4622,G
1-PB2,1368,1,4490,1,4,4496,T
1-PB2,1369,1,0,4562,1,4564,G
1-PB2,1370,0,4543,0,2,4545,T
1-PB2,1371,2,2,4536,0,4540,G
1-PB2,1372,4535,0,5,1,4541,A
1-PB2,1373,1,4522,1,3,4527,T
1-PB2,1374,1,0,4559,0,4560,G
1-PB2,1375,2,4,4549,1,4556,G
1-PB2,1376,1,3,4495,0,4499,G
1-PB2,1377,4484,0,2,0,4486,A
1-PB2,1378,4458,1,0,1,4460,A
1-PB2,1379,0,4467,0,3,4470,T
1-PB2,1380,0,1,4538,0,4539,G
1-PB2,1381,4533,0,0,0,4533,A
1-PB2,1382,0,4543,0,0,4543,T
1-PB2,1383,0,4545,1,0,4546,T
1-PB2,1384,1,1,4515,0,4517,G
1-PB2,1385,1,5,4717,0,4723,G
1-PB2,1386,4689,0,4,1,4694,A
1-PB2,1387,0,1,4781,1,4783,G
1-PB2,1388,0,4731,1,1,4733,T
1-PB2,1389,4723,1,0,0,4724,A
1-PB2,1390,0,4735,0,2,4737,T
1-PB2,1391,0,4777,0,1,4778,T
1-PB2,1392,4822,0,8,0,4830,A
1-PB2,1393,1,1,0,4815,4817,C
1-PB2,1394,1,0,0,4754,4755,C
1-PB2,1395,4700,1,3,0,4704,A
1-PB2,1396,1,0,4741,0,4742,G
1-PB2,1397,4848,0,2,0,4850,A
1-PB2,1398,0,4828,1,1,4830,T
1-PB2,1399,4816,0,1,0,4817,A
1-PB2,1400,0,4775,0,2,4777,T
1-PB2,1401,1,4,4732,0,4737,G
1-PB2,1402,4781,0,1,0,4782,A
1-PB2,1403,0,2,0,4835,4837,C
1-PB2,1404,1,4777,0,10,4788,T
1-PB2,1405,2,1,0,4803,4806,C
1-PB2,1406,5,1,0,4765,4771,C
1-PB2,1407,4804,0,2,0,4806,A
1-PB2,1408,4827,2,3,0,4832,A
1-PB2,1409,6,1,4943,0,4950,G
1-PB2,1410,0,4,0,4900,4904,C
1-PB2,1411,4934,1,1,0,4936,A
1-PB2,1412,0,1,0,4929,4930,C
1-PB2,1413,4900,1,6,0,4907,A
1-PB2,1414,1,3,4907,0,4911,G
1-PB2,1415,4872,0,3,1,4876,A
1-PB2,1416,0,1,4952,1,4954,G
1-PB2,1417,4984,0,2,0,4986,A
1-PB2,1418,1,4882,1,4,4888,T
1-PB2,1419,1,0,4997,1,4999,G
1-PB2,1420,0,4964,2,4,4970,T
1-PB2,1421,6,3,0,4945,4954,C
1-PB2,1422,4986,1,8,0,4995,A
1-PB2,1423,4991,0,1,1,4993,A
1-PB2,1424,1,4970,0,1,4972,T
1-PB2,1425,2,3,4971,0,4976,G
1-PB2,1426,4875,1,6,0,4882,A
1-PB2,1427,1,1,4930,0,4932,G
1-PB2,1428,4853,0,6,0,4859,A
1-PB2,1429,1,3,4897,0,4901,G
1-PB2,1430,3,6,5167,1,5177,G
1-PB2,1431,5163,1,6,1,5171,A
1-PB2,1432,5192,2,3,1,5198,A
1-PB2,1433,2,5199,1,0,5202,T
1-PB2,1434,5204,0,1,1,5206,A
1-PB2,1435,5182,0,6,1,5189,A
1-PB2,1436,0,1,5198,0,5199,G
1-PB2,1437,5134,0,8,1,5143,A
1-PB2,1438,1,1,5163,0,5165,G
1-PB2,1439,0,4849,1,3,4853,T
1-PB2,1440,3,0,0,4864,4867,C
1-PB2,1441,4879,0,6,2,4887,A
1-PB2,1442,2,0,4942,0,4944,G
1-PB2,1443,0,2,1,4948,4951,C
1-PB2,1444,4946,1,1,1,4949,A
1-PB2,1445,4968,0,5,0,4973,A
1-PB2,1446,4938,1,7,0,4946,A
1-PB2,1447,4957,2,4,1,4964,A
1-PB2,1448,0,4961,0,0,4961,T
1-PB2,1449,0,3,4982,1,4986,G
1-PB2,1450,1,5,4966,0,4972,G
1-PB2,1451,2,1,5008,1,5012,G
1-PB2,1452,0,4928,0,2,4930,T
1-PB2,1453,0,0,4964,0,4964,G
1-PB2,1454,0,4926,0,6,4932,T
1-PB2,1455,5,3,4922,0,4930,G
1-PB2,1456,2,2,5017,0,5021,G
1-PB2,1457,5030,0,2,0,5032,A
1-PB2,1458,0,5006,0,0,5006,T
1-PB2,1459,1,2,5052,1,5056,G
1-PB2,1460,5003,2,7,0,5012,A
1-PB2,1461,5056,0,5,0,5061,A
1-PB2,1462,1,5055,1,1,5058,T
1-PB2,1463,5056,0,2,1,5059,A
1-PB2,1464,1,0,0,5507,5508,C
1-PB2,1465,0,5351,0,1,5352,T
1-PB2,1466,4,1,1,5529,5535,C
1-PB2,1467,3,1,0,5533,5537,C
1-PB2,1468,5521,1,2,0,5524,A
1-PB2,1469,0,0,5774,0,5774,G
1-PB2,1470,1,5718,0,4,5723,T
1-PB2,1471,5788,0,4,0,5792,A
1-PB2,1472,1,1,0,5792,5794,C
1-PB2,1473,5314,0,0,0,5314,A
1-PB2,1474,1,2,5346,0,5349,G
1-PB2,1475,5145,0,3,0,5148,A
1-PB2,1476,0,1,5225,0,5226,G
1-PB2,1477,5085,0,6,0,5091,A
1-PB2,1478,1,3,4992,0,4996,G
1-PB2,1479,0,2,4972,0,4974,G
1-PB2,1480,0,1,5002,0,5003,G
1-PB2,1481,1,4913,0,3,4917,T
1-PB2,1482,0,2,4908,0,4910,G
1-PB2,1483,1,1,4933,0,4935,G
1-PB2,1484,1,4891,0,1,4893,T
1-PB2,1485,2,3,5029,0,5034,G
1-PB2,1486,1,0,5037,0,5038,G
1-PB2,1487,0,4920,0,1,4921,T
1-PB2,1488,0,4916,0,2,4918,T
1-PB2,1489,4863,1,4,0,4868,A
1-PB2,1490,1,1,4915,0,4917,G
1-PB2,1491,0,1,0,4892,4893,C
1-PB2,1492,4888,0,1,1,4890,A
1-PB2,1493,0,4874,0,1,4875,T
1-PB2,1494,0,4598,0,1,4599,T
1-PB2,1495,1,1,4610,2,4614,G
1-PB2,1496,4596,1,0,0,4597,A
1-PB2,1497,0,4594,0,4,4598,T
1-PB2,1498,6,3,1,4611,4621,C
1-PB2,1499,3,1,4581,0,4585,G
1-PB2,1500,2,0,4687,0,4689,G
1-PB2,1501,1,4675,0,0,4676,T
1-PB2,1502,0,4656,0,1,4657,T
1-PB2,1503,0,4679,0,1,4680,T
1-PB2,1504,1,4664,0,2,4667,T
1-PB2,1505,0,4683,0,0,4683,T
1-PB2,1506,2,1,4672,0,4675,G
1-PB2,1507,4632,1,4,0,4637,A
1-PB2,1508,0,2,4676,0,4678,G
1-PB2,1509,4492,0,2,0,4494,A
1-PB2,1510,0,0,4542,0,4542,G
1-PB2,1511,0,4572,0,3,4575,T
1-PB2,1512,0,4561,0,2,4563,T
1-PB2,1513,0,0,0,4568,4568,C
1-PB2,1514,2,1,4562,0,4565,G
1-PB2,1515,4572,0,3,0,4575,A
1-PB2,1516,1,4,4573,0,4578,G
1-PB2,1517,4584,0,7,0,4591,A
1-PB2,1518,1,1,0,4569,4571,C
1-PB2,1519,0,0,0,4517,4517,C
1-PB2,1520,4513,0,2,0,4515,A
1-PB2,1521,4565,0,1,0,4566,A
1-PB2,1522,1,0,0,4582,4583,C
1-PB2,1523,1,0,4596,0,4597,G
1-PB2,1524,0,4563,0,3,4566,T
1-PB2,1525,2,3,4551,0,4556,G
1-PB2,1526,2,1,4580,0,4583,G
1-PB2,1527,1,0,4584,0,4585,G
1-PB2,1528,4531,1,3,0,4535,A
1-PB2,1529,4570,0,1,0,4571,A
1-PB2,1530,1,4438,0,3,4442,T
1-PB2,1531,0,1,4685,0,4686,G
1-PB2,1532,0,4671,0,2,4673,T
1-PB2,1533,4678,2,3,0,4683,A
1-PB2,1534,1,4683,0,1,4685,T
1-PB2,1535,0,4633,0,2,4635,T
1-PB2,1536,4704,0,3,0,4707,A
1-PB2,1537,0,4678,0,2,4680,T
1-PB2,1538,0,4625,0,1,4626,T
1-PB2,1539,4612,0,1,0,4613,A
1-PB2,1540,0,4032,0,4,4036,T
1-PB2,1541,0,1,0,4220,4221,C
1-PB2,1542,1,4127,0,0,4128,T
1-PB2,1543,0,1,0,4150,4151,C
1-PB2,1544,4,4,0,4157,4165,C
1-PB2,1545,0,4040,1,2,4043,T
1-PB2,1546,1,0,4051,0,4052,G
1-PB2,1547,4005,4,2,1,4012,A
1-PB2,1548,0,2,4037,0,4039,G
1-PB2,1549,1,3,4035,0,4039,G
1-PB2,1550,3629,0,2,0,3631,A
1-PB2,1551,0,4,3671,0,3675,G
1-PB2,1552,2,0,3654,0,3656,G
1-PB2,1553,0,3543,0,4,3547,T
1-PB2,1554,3,3,0,3569,3575,C
1-PB2,1555,3548,0,1,0,3549,A
1-PB2,1556,2,0,3606,0,3608,G
1-PB2,1557,0,3593,1,1,3595,T
1-PB2,1558,1,0,3603,0,3604,G
1-PB2,1559,3602,1,3,0,3606,A
1-PB2,1560,3508,0,2,0,3510,A
1-PB2,1561,3513,1,3,0,3517,A
1-PB2,1562,0,0,0,3513,3513,C
1-PB2,1563,3481,1,1,0,3483,A
1-PB2,1564,0,1,0,3480,3481,C
1-PB2,1565,3326,0,10,0,3336,A
1-PB2,1566,2,2,3358,0,3362,G
1-PB2,1567,2,1,3330,0,3333,G
1-PB2,1568,2,1,3377,0,3380,G
1-PB2,1569,3356,1,3,0,3360,A
1-PB2,1570,3329,0,0,0,3329,A
1-PB2,1571,0,0,0,3378,3378,C
1-PB2,1572,0,3310,0,3,3313,T
1-PB2,1573,1,1,3313,1,3316,G
1-PB2,1574,3287,0,5,0,3292,A
1-PB2,1575,0,1,3301,0,3302,G
1-PB2,1576,3221,0,5,0,3226,A
1-PB2,1577,0,1,3073,0,3074,G
1-PB2,1578,3071,0,1,0,3072,A
1-PB2,1579,0,5,0,3069,3074,C
1-PB2,1580,0,2984,0,2,2986,T
1-PB2,1581,0,1,3057,0,3058,G
1-PB2,1582,3041,0,5,0,3046,A
1-PB2,1583,2,1,0,3051,3054,C
1-PB2,1584,3032,0,0,0,3032,A
1-PB2,1585,3034,0,0,0,3034,A
1-PB2,1586,1,3025,1,3,3030,T
1-PB2,1587,3053,0,1,0,3054,A
1-PB2,1588,3056,0,1,0,3057,A
1-PB2,1589,0,0,0,3101,3101,C
1-PB2,1590,0,2899,0,4,2903,T
1-PB2,1591,0,2863,0,0,2863,T
1-PB2,1592,2840,0,0,0,2840,A
1-PB2,1593,0,2840,0,2,2842,T
1-PB2,1594,1,2830,1,1,2833,T
1-PB2,1595,1,0,0,2828,2829,C
1-PB2,1596,2651,0,0,0,2651,A
1-PB2,1597,0,2647,0,0,2647,T
1-PB2,1598,2,0,0,2558,2560,C
1-PB2,1599,1,0,2568,0,2569,G
1-PB2,1600,1,2594,0,0,2595,T
1-PB2,1601,1,0,0,2557,2558,C
1-PB2,1602,2,0,2562,0,2564,G
1-PB2,1603,2561,1,1,0,2563,A
1-PB2,1604,0,2578,0,1,2579,T
1-PB2,1605,0,0,2572,0,2572,G
1-PB2,1606,2580,0,2,0,2582,A
1-PB2,1607,0,2574,0,0,2574,T
1-PB2,1608,0,1,2583,0,2584,G
1-PB2,1609,2,2502,0,1,2505,T
1-PB2,1610,3,4,2487,0,2494,G
1-PB2,1611,1,2,2506,0,2509,G
1-PB2,1612,0,0,2502,0,2502,G
1-PB2,1613,2449,0,1,0,2450,A
1-PB2,1614,2,0,2483,0,2485,G
1-PB2,1615,2358,1,0,0,2359,A
1-PB2,1616,0,2322,1,0,2323,T
1-PB2,1617,0,2288,0,0,2288,T
1-PB2,1618,2287,0,2,0,2289,A
1-PB2,1619,2280,0,4,0,2284,A
1-PB2,1620,0,1,0,2274,2275,C
1-PB2,1621,0,2,2181,0,2183,G
1-PB2,1622,3,0,2267,0,2270,G
1-PB2,1623,0,2128,0,1,2129,T
1-PB2,1624,1,0,0,2112,2113,C
1-PB2,1625,1,1,0,2114,2116,C
1-PB2,1626,1,2058,0,0,2059,T
1-PB2,1627,3,0,2114,0,2117,G
1-PB2,1628,2106,1,0,0,2107,A
1-PB2,1629,1,0,2116,0,2117,G
1-PB2,1630,0,2122,0,0,2122,T
1-PB2,1631,1,1,0,2036,2038,C
1-PB2,1632,3,0,2035,0,2038,G
1-PB2,1633,0,0,2066,0,2066,G
1-PB2,1634,0,2067,0,0,2067,T
1-PB2,1635,0,2071,0,1,2072,T
1-PB2,1636,0,2067,0,0,2067,T
1-PB2,1637,0,2062,0,0,2062,T
1-PB2,1638,0,0,2155,0,2155,G
1-PB2,1639,1,0,2162,1,2164,G
1-PB2,1640,1,2160,0,3,2164,T
1-PB2,1641,2,2,1,2154,2159,C
1-PB2,1642,2103,0,0,0,2103,A
1-PB2,1643,2205,0,0,0,2205,A
1-PB2,1644,0,2205,0,0,2205,T
1-PB2,1645,2205,2,0,1,2208,A
1-PB2,1646,0,0,0,2267,2267,C
1-PB2,1647,3,2,0,2192,2197,C
1-PB2,1648,1,2187,2,3,2193,T
1-PB2,1649,2224,0,0,0,2224,A
1-PB2,1650,0,2215,0,0,2215,T
1-PB2,1651,2,0,0,2231,2233,C
1-PB2,1652,2140,0,2,0,2142,A
1-PB2,1653,2144,1,1,0,2146,A
1-PB2,1654,1,2135,0,1,2137,T
1-PB2,1655,1,1,2060,0,2062,G
1-PB2,1656,0,2,2060,1,2063,G
1-PB2,1657,2043,0,1,0,2044,A
1-PB2,1658,0,1998,1,3,2002,T
1-PB2,1659,1,1,0,2019,2021,C
1-PB2,1660,2021,0,0,0,2021,A
1-PB2,1661,1,2019,0,0,2020,T
1-PB2,1662,2,0,0,2023,2025,C
1-PB2,1663,2022,0,1,0,2023,A
1-PB2,1664,0,0,2031,1,2032,G
1-PB2,1665,2028,0,0,0,2028,A
1-PB2,1666,2031,0,1,0,2032,A
1-PB2,1667,2031,0,0,0,2031,A
1-PB2,1668,0,2034,0,0,2034,T
1-PB2,1669,0,2023,0,0,2023,T
1-PB2,1670,0,2,2025,0,2027,G
1-PB2,1671,0,2,2015,0,2017,G
1-PB2,1672,1,1,2018,0,2020,G
1-PB2,1673,1996,2,1,0,1999,A
1-PB2,1674,2003,1,1,0,2005,A
1-PB2,1675,6,0,2009,0,2015,G
1-PB2,1676,0,1,0,1999,2000,C
1-PB2,1677,0,1999,0,1,2000,T
1-PB2,1678,1998,0,0,0,1998,A
1-PB2,1679,0,2026,0,0,2026,T
1-PB2,1680,1,0,0,2029,2030,C
1-PB2,1681,2036,1,0,0,2037,A
1-PB2,1682,2040,0,0,0,2040,A
1-PB2,1683,2032,0,0,0,2032,A
1-PB2,1684,2061,1,0,0,2062,A
1-PB2,1685,0,2064,1,1,2066,T
1-PB2,1686,0,2056,0,1,2057,T
1-PB2,1687,3,0,0,2053,2056,C
1-PB2,1688,2046,0,1,0,2047,A
1-PB2,1689,2043,0,2,0,2045,A
1-PB2,1690,0,2047,0,0,2047,T
1-PB2,1691,0,2,2033,0,2035,G
1-PB2,1692,0,0,2057,0,2057,G
1-PB2,1693,1,2090,0,0,2091,T
1-PB2,1694,1,0,0,2094,2095,C
1-PB2,1695,0,2096,0,2,2098,T
1-PB2,1696,0,0,0,2109,2109,C
1-PB2,1697,2111,0,0,0,2111,A
1-PB2,1698,0,0,2128,0,2128,G
1-PB2,1699,2110,1,1,0,2112,A
1-PB2,1700,2126,0,0,0,2126,A
1-PB2,1701,1,2098,0,0,2099,T
1-PB2,1702,0,0,0,2034,2034,C
1-PB2,1703,1,0,0,2094,2095,C
1-PB2,1704,0,2067,0,2,2069,T
1-PB2,1705,1,1,2077,0,2079,G
1-PB2,1706,1,0,1,2069,2071,C
1-PB2,1707,2068,0,0,0,2068,A
1-PB2,1708,2124,0,0,0,2124,A
1-PB2,1709,0,2096,0,0,2096,T
1-PB2,1710,0,1,2133,0,2134,G
1-PB2,1711,0,2143,0,1,2144,T
1-PB2,1712,0,2072,0,0,2072,T
1-PB2,1713,2,3,2087,0,2092,G
1-PB2,1714,0,2092,0,3,2095,T
1-PB2,1715,2090,0,1,0,2091,A
1-PB2,1716,0,0,0,2098,2098,C
1-PB2,1717,2066,0,1,0,2067,A
1-PB2,1718,2076,1,3,0,2080,A
1-PB2,1719,0,0,0,2061,2061,C
1-PB2,1720,2008,0,0,0,2008,A
1-PB2,1721,2011,0,1,0,2012,A
1-PB2,1722,1966,0,0,0,1966,A
1-PB2,1723,1968,1,1,0,1970,A
1-PB2,1724,0,1967,0,0,1967,T
1-PB2,1725,1,0,1967,0,1968,G
1-PB2,1726,0,3,1955,0,1958,G
1-PB2,1727,1945,1,1,0,1947,A
1-PB2,1728,1965,1,0,1,1967,A
1-PB2,1729,0,1962,0,0,1962,T
1-PB2,1730,0,1966,0,0,1966,T
1-PB2,1731,0,1958,0,1,1959,T
1-PB2,1732,1,1,1948,0,1950,G
1-PB2,1733,1958,0,3,0,1961,A
1-PB2,1734,1965,0,1,0,1966,A
1-PB2,1735,0,1,0,1961,1962,C
1-PB2,1736,0,0,0,1933,1933,C
1-PB2,1737,1954,0,0,0,1954,A
1-PB2,1738,1,1967,0,1,1969,T
1-PB2,1739,1,1965,0,0,1966,T
1-PB2,1740,0,1973,0,1,1974,T
1-PB2,1741,0,0,0,1965,1965,C
1-PB2,1742,1968,0,0,0,1968,A
1-PB2,1743,1969,0,1,0,1970,A
1-PB2,1744,0,1961,0,0,1961,T
1-PB2,1745,0,0,0,2008,2008,C
1-PB2,1746,0,1960,0,1,1961,T
1-PB2,1747,0,1953,1,1,1955,T
1-PB2,1748,1,1959,0,1,1961,T
1-PB2,1749,1962,1,0,0,1963,A
1-PB2,1750,0,1,1973,0,1974,G
1-PB2,1751,0,1973,1,2,1976,T
1-PB2,1752,1,2,0,2021,2024,C
1-PB2,1753,1,2,0,2021,2024,C
1-PB2,1754,4,1,0,2002,2007,C
1-PB2,1755,0,1,0,2006,2007,C
1-PB2,1756,1999,0,1,0,2000,A
1-PB2,1757,1997,0,3,0,2000,A
1-PB2,1758,0,0,2070,0,2070,G
1-PB2,1759,3,0,2055,0,2058,G
1-PB2,1760,0,0,0,2069,2069,C
1-PB2,1761,2,0,0,2036,2038,C
1-PB2,1762,2037,0,2,0,2039,A
1-PB2,1763,0,2065,1,2,2068,T
1-PB2,1764,0,2069,0,0,2069,T
1-PB2,1765,2067,1,1,0,2069,A
1-PB2,1766,0,1,2062,0,2063,G
1-PB2,1767,2023,0,1,0,2024,A
1-PB2,1768,2112,0,2,0,2114,A
1-PB2,1769,0,0,2141,0,2141,G
1-PB2,1770,1,0,0,2154,2155,C
1-PB2,1771,1,0,0,2141,2142,C
1-PB2,1772,2110,0,2,0,2112,A
1-PB2,1773,2139,0,0,0,2139,A
1-PB2,1774,0,2140,0,1,2141,T
1-PB2,1775,2157,0,1,0,2158,A
1-PB2,1776,0,2,0,2166,2168,C
1-PB2,1777,2013,0,0,1,2014,A
1-PB2,1778,0,0,2027,0,2027,G
1-PB2,1779,0,1976,0,2,1978,T
1-PB2,1780,0,5,1997,0,2002,G
1-PB2,1781,2,0,2000,0,2002,G
1-PB2,1782,0,0,2004,0,2004,G
1-PB2,1783,1,1968,0,1,1970,T
1-PB2,1784,0,1956,0,1,1957,T
1-PB2,1785,0,1977,0,1,1978,T
1-PB2,1786,0,0,2006,0,2006,G
1-PB2,1787,1,1984,0,2,1987,T
1-PB2,1788,2,3,0,1985,1990,C
1-PB2,1789,1953,0,0,0,1953,A
1-PB2,1790,0,1,1958,0,1959,G
1-PB2,1791,1934,1,1,0,1936,A
1-PB2,1792,1951,0,0,0,1951,A
1-PB2,1793,0,0,0,1951,1951,C
1-PB2,1794,0,1871,0,4,1875,T
1-PB2,1795,3,0,0,1933,1936,C
1-PB2,1796,0,1941,0,1,1942,T
1-PB2,1797,1960,0,0,0,1960,A
1-PB2,1798,0,1951,0,0,1951,T
1-PB2,1799,0,1934,0,1,1935,T
1-PB2,1800,0,0,0,1945,1945,C
1-PB2,1801,0,0,0,1933,1933,C
1-PB2,1802,1925,1,1,0,1927,A
1-PB2,1803,1928,0,1,0,1929,A
1-PB2,1804,0,0,0,1926,1926,C
1-PB2,1805,1906,0,0,0,1906,A
1-PB2,1806,1919,0,0,0,1919,A
1-PB2,1807,1908,1,0,0,1909,A
1-PB2,1808,0,1922,0,0,1922,T
1-PB2,1809,0,0,1930,0,1930,G
1-PB2,1810,1901,0,3,0,1904,A
1-PB2,1811,1,0,1933,0,1934,G
1-PB2,1812,1916,2,3,0,1921,A
1-PB2,1813,0,2,1923,0,1925,G
1-PB2,1814,1937,0,3,0,1940,A
1-PB2,1815,0,0,0,1921,1921,C
1-PB2,1816,0,0,1956,0,1956,G
1-PB2,1817,0,1957,0,1,1958,T
1-PB2,1818,1980,0,0,0,1980,A
1-PB2,1819,1,0,0,1987,1988,C
1-PB2,1820,0,1958,0,1,1959,T
1-PB2,1821,0,1958,0,1,1959,T
1-PB2,1822,0,3,1938,0,1941,G
1-PB2,1823,1,4,1947,0,1952,G
1-PB2,1824,0,0,1954,0,1954,G
1-PB2,1825,1941,0,2,0,1943,A
1-PB2,1826,0,0,0,1959,1959,C
1-PB2,1827,1969,0,0,0,1969,A
1-PB2,1828,1,1968,1,1,1971,T
1-PB2,1829,0,1967,0,0,1967,T
1-PB2,1830,0,1970,0,0,1970,T
1-PB2,1831,0,4,1954,0,1958,G
1-PB2,1832,1963,1,3,0,1967,A
1-PB2,1833,0,0,0,1963,1963,C
1-PB2,1834,1961,1,3,0,1965,A
1-PB2,1835,0,0,0,1974,1974,C
1-PB2,1836,3,0,0,1920,1923,C
1-PB2,1837,1935,0,2,1,1938,A
1-PB2,1838,0,1,0,1942,1943,C
1-PB2,1839,2,0,0,1937,1939,C
1-PB2,1840,4,2,0,1938,1944,C
1-PB2,1841,1928,0,0,0,1928,A
1-PB2,1842,0,0,1967,0,1967,G
1-PB2,1843,1963,1,0,0,1964,A
1-PB2,1844,0,2062,0,0,2062,T
1-PB2,1845,2034,1,0,0,2035,A
1-PB2,1846,2019,0,3,0,2022,A
1-PB2,1847,0,2021,0,0,2021,T
1-PB2,1848,2017,0,1,0,2018,A
1-PB2,1849,2008,0,0,0,2008,A
1-PB2,1850,1985,0,0,0,1985,A
1-PB2,1851,0,0,2017,0,2017,G
1-PB2,1852,0,0,0,2003,2003,C
1-PB2,1853,0,1912,0,1,1913,T
1-PB2,1854,0,1915,0,0,1915,T
1-PB2,1855,0,1,0,1918,1919,C
1-PB2,1856,0,1891,0,4,1895,T
1-PB2,1857,3,20,0,1921,1944,C
1-PB2,1858,2,0,0,1937,1939,C
1-PB2,1859,1,1,1,1961,1964,C
1-PB2,1860,0,1938,0,3,1941,T
1-PB2,1861,0,1933,0,1,1934,T
1-PB2,1862,0,1941,0,0,1941,T
1-PB2,1863,0,1939,0,0,1939,T
1-PB2,1864,0,0,1939,0,1939,G
1-PB2,1865,0,1,0,1943,1944,C
1-PB2,1866,1905,0,4,0,1909,A
1-PB2,1867,1,0,1906,0,1907,G
1-PB2,1868,1,0,0,1891,1892,C
1-PB2,1869,0,1885,0,0,1885,T
1-PB2,1870,1,1,1887,0,1889,G
1-PB2,1871,0,0,0,1887,1887,C
1-PB2,1872,0,1865,0,1,1866,T
1-PB2,1873,1,3,0,1888,1892,C
1-PB2,1874,1,0,0,1918,1919,C
1-PB2,1875,1929,1,1,0,1931,A
1-PB2,1876,0,1,1,1924,1926,C
1-PB2,1877,0,0,0,1922,1922,C
1-PB2,1878,1908,0,0,0,1908,A
1-PB2,1879,1921,0,1,0,1922,A
1-PB2,1880,1926,0,2,0,1928,A
1-PB2,1881,1,0,1946,0,1947,G
1-PB2,1882,0,1,0,1946,1947,C
1-PB2,1883,1917,0,0,0,1917,A
1-PB2,1884,1922,0,0,0,1922,A
1-PB2,1885,1915,0,1,0,1916,A
1-PB2,1886,0,0,1943,0,1943,G
1-PB2,1887,0,0,0,1940,1940,C
1-PB2,1888,1922,0,1,0,1923,A
1-PB2,1889,0,2,1937,0,1939,G
1-PB2,1890,1904,0,2,0,1906,A
1-PB2,1891,1960,1,1,0,1962,A
1-PB2,1892,0,1958,0,0,1958,T
1-PB2,1893,0,0,1953,1,1954,G
1-PB2,1894,0,0,0,1961,1961,C
1-PB2,1895,1928,1,0,0,1929,A
1-PB2,1896,1,0,1966,0,1967,G
1-PB2,1897,0,1971,0,1,1972,T
1-PB2,1898,1,2016,0,1,2018,T
1-PB2,1899,2,1,0,2026,2029,C
1-PB2,1900,0,1975,0,0,1975,T
1-PB2,1901,0,1,0,1999,2000,C
1-PB2,1902,0,1999,0,4,2003,T
1-PB2,1903,1,1986,0,1,1988,T
1-PB2,1904,2,1,0,1997,2000,C
1-PB2,1905,1975,0,0,2,1977,A
1-PB2,1906,1,0,0,1986,1987,C
1-PB2,1907,1,1903,0,2,1906,T
1-PB2,1908,0,1,1936,0,1937,G
1-PB2,1909,1924,0,0,0,1924,A
1-PB2,1910,0,1,0,1993,1994,C
1-PB2,1911,0,1958,0,0,1958,T
1-PB2,1912,0,0,1992,0,1992,G
1-PB2,1913,0,1970,1,0,1971,T
1-PB2,1914,1,1,1987,0,1989,G
1-PB2,1915,1973,0,3,0,1976,A
1-PB2,1916,1992,0,2,0,1994,A
1-PB2,1917,0,1944,0,0,1944,T
1-PB2,1918,0,1,1958,0,1959,G
1-PB2,1919,1,1875,0,3,1879,T
1-PB2,1920,0,1,1882,1,1884,G
1-PB2,1921,1843,0,4,0,1847,A
1-PB2,1922,1,2,1865,0,1868,G
1-PB2,1923,0,2,1840,0,1842,G
1-PB2,1924,2,0,1834,0,1836,G
1-PB2,1925,0,0,1897,0,1897,G
1-PB2,1926,1882,1,2,0,1885,A
1-PB2,1927,0,1881,0,0,1881,T
1-PB2,1928,2,1,0,1881,1884,C
1-PB2,1929,1883,0,3,0,1886,A
1-PB2,1930,0,2,1926,0,1928,G
1-PB2,1931,1,4,1915,0,1920,G
1-PB2,1932,0,0,1927,0,1927,G
1-PB2,1933,1920,2,1,0,1923,A
1-PB2,1934,0,1819,0,1,1820,T
1-PB2,1935,1,0,1831,0,1832,G
1-PB2,1936,1815,2,1,0,1818,A
1-PB2,1937,1,0,1900,0,1901,G
1-PB2,1938,1886,0,0,1,1887,A
1-PB2,1939,1865,0,1,0,1866,A
1-PB2,1940,0,1885,0,0,1885,T
1-PB2,1941,1868,0,2,0,1870,A
1-PB2,1942,0,1,0,1917,1918,C
1-PB2,1943,0,1884,0,2,1886,T
1-PB2,1944,0,1887,0,1,1888,T
1-PB2,1945,1,0,1897,0,1898,G
1-PB2,1946,0,1842,0,0,1842,T
1-PB2,1947,1830,0,3,0,1833,A
1-PB2,1948,1818,0,0,0,1818,A
1-PB2,1949,0,2,1798,1,1801,G
1-PB2,1950,0,1,1800,1,1802,G
1-PB2,1951,1,0,1755,0,1756,G
1-PB2,1952,1,0,1765,0,1766,G
1-PB2,1953,1,0,0,1777,1778,C
1-PB2,1954,1777,0,1,0,1778,A
1-PB2,1955,1813,1,0,0,1814,A
1-PB2,1956,0,1817,0,2,1819,T
1-PB2,1957,0,1810,0,0,1810,T
1-PB2,1958,0,0,0,1847,1847,C
1-PB2,1959,0,1795,0,5,1800,T
1-PB2,1960,1,0,0,1839,1840,C
1-PB2,1961,1,0,0,1841,1842,C
1-PB2,1962,0,1826,1,3,1830,T
1-PB2,1963,1,1,1899,0,1901,G
1-PB2,1964,1,1847,0,0,1848,T
1-PB2,1965,1854,0,1,0,1855,A
1-PB2,1966,0,1853,0,2,1855,T
1-PB2,1967,1,1809,0,2,1812,T
1-PB2,1968,0,1,0,1828,1829,C
1-PB2,1969,1806,0,1,0,1807,A
1-PB2,1970,1836,0,1,0,1837,A
1-PB2,1971,0,0,0,1849,1849,C
1-PB2,1972,0,1805,1,1,1807,T
1-PB2,1973,1808,1,0,0,1809,A
1-PB2,1974,0,1,0,1863,1864,C
1-PB2,1975,1862,0,3,1,1866,A
1-PB2,1976,1863,1,0,0,1864,A
1-PB2,1977,0,0,0,1862,1862,C
1-PB2,1978,1839,0,2,1,1842,A
1-PB2,1979,1813,0,2,0,1815,A
1-PB2,1980,0,0,1829,0,1829,G
1-PB2,1981,1823,0,4,0,1827,A
1-PB2,1982,0,1,0,1844,1845,C
1-PB2,1983,0,1,0,1765,1766,C
1-PB2,1984,1772,0,3,0,1775,A
1-PB2,1985,0,0,0,1833,1833,C
1-PB2,1986,0,1823,0,2,1825,T
1-PB2,1987,1828,0,0,0,1828,A
1-PB2,1988,1823,0,0,0,1823,A
1-PB2,1989,1821,0,0,0,1821,A
1-PB2,1990,1820,1,2,0,1823,A
1-PB2,1991,0,0,1842,0,1842,G
1-PB2,1992,1815,0,0,0,1815,A
1-PB2,1993,0,0,0,1825,1825,C
1-PB2,1994,0,1739,0,1,1740,T
1-PB2,1995,1752,0,0,0,1752,A
1-PB2,1996,1749,1,3,0,1753,A
1-PB2,1997,0,0,0,1750,1750,C
1-PB2,1998,1742,0,1,0,1743,A
1-PB2,1999,1739,0,0,0,1739,A
1-PB2,2000,1,1689,0,0,1690,T
1-PB2,2001,0,1673,1,0,1674,T
1-PB2,2002,0,0,2,1688,1690,C
1-PB2,2003,0,1671,0,0,1671,T
1-PB2,2004,2,0,0,1695,1697,C
1-PB2,2005,1,2,1694,0,1697,G
1-PB2,2006,0,0,1698,0,1698,G
1-PB2,2007,1693,0,0,0,1693,A
1-PB2,2008,1692,1,0,0,1693,A
1-PB2,2009,1696,0,0,0,1696,A
1-PB2,2010,1696,0,2,0,1698,A
1-PB2,2011,0,0,1698,0,1698,G
1-PB2,2012,1688,0,0,0,1688,A
1-PB2,2013,0,1699,0,0,1699,T
1-PB2,2014,1,1,1687,0,1689,G
1-PB2,2015,0,0,0,1684,1684,C
1-PB2,2016,0,0,0,1684,1684,C
1-PB2,2017,0,0,1686,0,1686,G
1-PB2,2018,2,1,1681,0,1684,G
1-PB2,2019,1,0,0,1684,1685,C
1-PB2,2020,1697,0,1,0,1698,A
1-PB2,2021,0,0,0,1726,1726,C
1-PB2,2022,0,1707,0,0,1707,T
1-PB2,2023,0,1714,0,0,1714,T
1-PB2,2024,0,1719,0,1,1720,T
1-PB2,2025,1719,0,3,0,1722,A
1-PB2,2026,1730,0,0,0,1730,A
1-PB2,2027,0,1728,0,0,1728,T
1-PB2,2028,0,1722,0,0,1722,T
1-PB2,2029,1,0,1728,0,1729,G
1-PB2,2030,1673,0,1,0,1674,A
1-PB2,2031,1671,1,2,0,1674,A
1-PB2,2032,0,1,1683,0,1684,G
1-PB2,2033,1695,0,2,0,1697,A
1-PB2,2034,0,0,0,1699,1699,C
1-PB2,2035,0,1,0,1694,1695,C
1-PB2,2036,2,0,0,1696,1698,C
1-PB2,2037,1690,0,0,0,1690,A
1-PB2,2038,0,0,1748,0,1748,G
1-PB2,2039,1750,1,1,0,1752,A
1-PB2,2040,0,1747,0,2,1749,T
1-PB2,2041,0,0,1748,0,1748,G
1-PB2,2042,1700,1,1,0,1702,A
1-PB2,2043,1699,0,2,0,1701,A
1-PB2,2044,1711,1,1,0,1713,A
1-PB2,2045,0,0,1719,0,1719,G
1-PB2,2046,0,0,0,1718,1718,C
1-PB2,2047,1677,0,0,0,1677,A
1-PB2,2048,0,0,0,1707,1707,C
1-PB2,2049,1709,0,0,0,1709,A
1-PB2,2050,1,1693,2,1,1697,T
1-PB2,2051,0,0,0,1727,1727,C
1-PB2,2052,1,1,0,1720,1722,C
1-PB2,2053,2,1,1720,0,1723,G
1-PB2,2054,0,3,1725,0,1728,G
1-PB2,2055,1698,0,1,0,1699,A
1-PB2,2056,0,0,1734,0,1734,G
1-PB2,2057,0,1711,0,1,1712,T
1-PB2,2058,1,2,1706,0,1709,G
1-PB2,2059,0,0,1710,0,1710,G
1-PB2,2060,1674,0,2,0,1676,A
1-PB2,2061,0,0,1681,0,1681,G
1-PB2,2062,0,1635,0,2,1637,T
1-PB2,2063,1,2,0,1628,1631,C
1-PB2,2064,0,1,0,1634,1635,C
1-PB2,2065,1,0,1629,0,1630,G
1-PB2,2066,1,0,0,1629,1630,C
1-PB2,2067,0,1,0,1624,1625,C
1-PB2,2068,1,0,1678,0,1679,G
1-PB2,2069,0,1666,0,1,1667,T
1-PB2,2070,2,0,0,1694,1696,C
1-PB2,2071,0,1688,1,0,1689,T
1-PB2,2072,0,1691,0,1,1692,T
1-PB2,2073,0,0,1692,0,1692,G
1-PB2,2074,1679,0,2,0,1681,A
1-PB2,2075,1,0,1688,0,1689,G
1-PB2,2076,1665,0,2,0,1667,A
1-PB2,2077,1,3,1610,1,1615,G
1-PB2,2078,2,0,1611,0,1613,G
1-PB2,2079,0,1,1614,0,1615,G
1-PB2,2080,0,1605,0,1,1606,T
1-PB2,2081,0,1593,0,0,1593,T
1-PB2,2082,0,1608,0,3,1611,T
1-PB2,2083,0,1,0,1624,1625,C
1-PB2,2084,0,1602,0,3,1605,T
1-PB2,2085,0,1,0,1683,1684,C
1-PB2,2086,1680,0,0,0,1680,A
1-PB2,2087,0,1646,0,0,1646,T
1-PB2,2088,0,1645,0,0,1645,T
1-PB2,2089,1650,0,0,1,1651,A
1-PB2,2090,0,1645,0,0,1645,T
1-PB2,2091,1640,1,0,2,1643,A
1-PB2,2092,0,0,1665,0,1665,G
1-PB2,2093,0,0,1674,0,1674,G
1-PB2,2094,0,1568,0,0,1568,T
1-PB2,2095,1566,0,0,1,1567,A
1-PB2,2096,1560,0,0,0,1560,A
1-PB2,2097,1,0,1573,0,1574,G
1-PB2,2098,1,1,1589,0,1591,G
1-PB2,2099,1581,0,1,0,1582,A
1-PB2,2100,1578,1,2,0,1581,A
1-PB2,2101,0,2,1583,0,1585,G
1-PB2,2102,1557,0,0,0,1557,A
1-PB2,2103,0,1,0,1563,1564,C
1-PB2,2104,1553,0,0,0,1553,A
1-PB2,2105,0,0,1564,0,1564,G
1-PB2,2106,1550,1,2,0,1553,A
1-PB2,2107,1557,0,1,0,1558,A
1-PB2,2108,0,2,1572,0,1574,G
1-PB2,2109,1568,0,2,0,1570,A
1-PB2,2110,0,1575,0,0,1575,T
1-PB2,2111,1573,0,0,0,1573,A
1-PB2,2112,0,1,0,1567,1568,C
1-PB2,2113,1,0,1549,0,1550,G
1-PB2,2114,0,1,1582,0,1583,G
1-PB2,2115,1579,1,0,0,1580,A
1-PB2,2116,0,0,0,1571,1571,C
1-PB2,2117,3,0,0,1569,1572,C
1-PB2,2118,1534,0,1,0,1535,A
1-PB2,2119,0,0,1595,0,1595,G
1-PB2,2120,0,0,0,1597,1597,C
1-PB2,2121,1602,0,0,0,1602,A
1-PB2,2122,0,1590,0,0,1590,T
1-PB2,2123,0,1511,0,1,1512,T
1-PB2,2124,1515,0,1,1,1517,A
1-PB2,2125,1511,0,1,0,1512,A
1-PB2,2126,1,0,1511,0,1512,G
1-PB2,2127,0,0,0,1510,1510,C
1-PB2,2128,1437,0,1,0,1438,A
1-PB2,2129,0,1491,0,0,1491,T
1-PB2,2130,0,1,0,1487,1488,C
1-PB2,2131,1497,0,0,0,1497,A
1-PB2,2132,1499,0,1,0,1500,A
1-PB2,2133,0,1492,1,0,1493,T
1-PB2,2134,1,0,1504,0,1505,G
1-PB2,2135,1487,0,2,1,1490,A
1-PB2,2136,1491,0,0,0,1491,A
1-PB2,2137,0,0,0,1498,1498,C
1-PB2,2138,0,1378,0,1,1379,T
1-PB2,2139,0,0,1396,0,1396,G
1-PB2,2140,1381,0,0,0,1381,A
1-PB2,2141,0,0,1385,0,1385,G
1-PB2,2142,1,0,0,1374,1375,C
1-PB2,2143,1379,0,0,0,1379,A
1-PB2,2144,1396,0,2,0,1398,A
1-PB2,2145,0,1,0,1391,1392,C
1-PB2,2146,0,0,0,1359,1359,C
1-PB2,2147,1,1354,0,1,1356,T
1-PB2,2148,0,1332,0,0,1332,T
1-PB2,2149,1,0,1338,0,1339,G
1-PB2,2150,0,0,1,1326,1327,C
1-PB2,2151,1335,0,0,0,1335,A
1-PB2,2152,1340,0,0,0,1340,A
1-PB2,2153,1291,0,0,0,1291,A
1-PB2,2154,1268,0,2,0,1270,A
1-PB2,2155,2,0,1272,0,1274,G
1-PB2,2156,0,2,1272,0,1274,G
1-PB2,2157,0,0,1284,0,1284,G
1-PB2,2158,0,0,1289,0,1289,G
1-PB2,2159,1282,0,0,0,1282,A
1-PB2,2160,1288,0,0,0,1288,A
1-PB2,2161,1285,0,0,0,1285,A
1-PB2,2162,1290,0,0,0,1290,A
1-PB2,2163,0,0,1308,0,1308,G
1-PB2,2164,0,0,1300,0,1300,G
1-PB2,2165,0,1,0,1290,1291,C
1-PB2,2166,0,1283,1,3,1287,T
1-PB2,2167,1281,0,3,0,1284,A
1-PB2,2168,1279,1,0,0,1280,A
1-PB2,2169,1,1279,0,0,1280,T
1-PB2,2170,0,0,1307,0,1307,G
1-PB2,2171,0,1237,2,0,1239,T
1-PB2,2172,0,0,1223,0,1223,G
1-PB2,2173,0,0,0,1216,1216,C
1-PB2,2174,0,1218,0,0,1218,T
1-PB2,2175,1220,0,0,0,1220,A
1-PB2,2176,1220,0,0,0,1220,A
1-PB2,2177,0,1216,0,0,1216,T
1-PB2,2178,0,0,0,1208,1208,C
1-PB2,2179,1,1,1161,0,1163,G
1-PB2,2180,0,1,1163,0,1164,G
1-PB2,2181,0,0,1164,0,1164,G
1-PB2,2182,0,0,0,1164,1164,C
1-PB2,2183,1169,0,0,0,1169,A
1-PB2,2184,1164,0,2,0,1166,A
1-PB2,2185,0,0,1169,0,1169,G
1-PB2,2186,0,0,1185,0,1185,G
1-PB2,2187,1169,1,3,0,1173,A
1-PB2,2188,0,1,1178,0,1179,G
1-PB2,2189,1139,0,2,0,1141,A
1-PB2,2190,0,0,0,1145,1145,C
1-PB2,2191,0,0,1148,0,1148,G
1-PB2,2192,0,1133,0,2,1135,T
1-PB2,2193,1,0,1133,0,1134,G
1-PB2,2194,0,0,1146,0,1146,G
1-PB2,2195,1,1108,0,0,1109,T
1-PB2,2196,1,0,1110,0,1111,G
1-PB2,2197,0,1079,0,0,1079,T
1-PB2,2198,0,1073,0,0,1073,T
1-PB2,2199,0,1,1078,0,1079,G
1-PB2,2200,0,0,1078,0,1078,G
1-PB2,2201,0,1069,0,0,1069,T
1-PB2,2202,1040,0,0,0,1040,A
1-PB2,2203,1026,0,0,1,1027,A
1-PB2,2204,0,1012,0,0,1012,T
1-PB2,2205,0,1,999,0,1000,G
1-PB2,2206,991,0,0,0,991,A
1-PB2,2207,975,0,1,0,976,A
1-PB2,2208,978,1,2,0,981,A
1-PB2,2209,0,0,0,980,980,C
1-PB2,2210,0,0,976,0,976,G
1-PB2,2211,977,0,1,0,978,A
1-PB2,2212,978,0,2,0,980,A
1-PB2,2213,967,0,1,0,968,A
1-PB2,2214,976,0,0,0,976,A
1-PB2,2215,0,2,0,976,978,C
1-PB2,2216,0,1,970,0,971,G
1-PB2,2217,0,0,968,0,968,G
1-PB2,2218,0,0,971,0,971,G
1-PB2,2219,971,0,0,0,971,A
1-PB2,2220,0,0,0,970,970,C
1-PB2,2221,0,964,0,0,964,T
1-PB2,2222,0,0,0,991,991,C
1-PB2,2223,1,991,0,1,993,T
1-PB2,2224,995,1,0,0,996,A
1-PB2,2225,0,0,996,0,996,G
1-PB2,2226,0,0,0,975,975,C
1-PB2,2227,973,0,0,0,973,A
1-PB2,2228,0,972,0,0,972,T
1-PB2,2229,937,0,1,0,938,A
1-PB2,2230,0,0,0,945,945,C
1-PB2,2231,0,803,0,2,805,T
1-PB2,2232,0,802,0,0,802,T
1-PB2,2233,793,0,0,0,793,A
1-PB2,2234,0,0,0,787,787,C
1-PB2,2235,0,770,0,1,771,T
1-PB2,2236,1,0,769,0,770,G
1-PB2,2237,740,0,0,0,740,A
1-PB2,2238,0,0,0,744,744,C
1-PB2,2239,644,0,1,0,645,A
1-PB2,2240,1,0,648,0,649,G
1-PB2,2241,0,0,0,643,643,C
1-PB2,2242,0,1,0,645,646,C
1-PB2,2243,639,0,1,0,640,A
1-PB2,2244,0,0,637,0,637,G
1-PB2,2245,632,0,1,0,633,A
1-PB2,2246,0,0,0,632,632,C
1-PB2,2247,567,0,0,0,567,A
1-PB2,2248,0,0,570,0,570,G
1-PB2,2249,0,0,0,531,531,C
1-PB2,2250,0,0,533,0,533,G
1-PB2,2251,533,0,0,0,533,A
1-PB2,2252,0,0,0,529,529,C
1-PB2,2253,0,0,0,528,528,C
1-PB2,2254,529,0,0,0,529,A
1-PB2,2255,529,0,0,0,529,A
1-PB2,2256,525,0,0,0,525,A
1-PB2,2257,528,0,0,0,528,A
1-PB2,2258,0,1,528,0,529,G
1-PB2,2259,496,0,0,0,496,A
1-PB2,2260,496,0,0,0,496,A
1-PB2,2261,0,491,1,0,492,T
1-PB2,2262,0,488,0,0,488,T
1-PB2,2263,1,0,0,488,489,C
1-PB2,2264,1,0,472,0,473,G
1-PB2,2265,0,0,475,0,475,G
1-PB2,2266,469,0,0,0,469,A
1-PB2,2267,0,449,0,0,449,T
1-PB2,2268,0,0,448,0,448,G
1-PB2,2269,0,0,437,0,437,G
1-PB2,2270,0,1,0,437,438,C
1-PB2,2271,1,1,0,435,437,C
1-PB2,2272,440,0,0,0,440,A
1-PB2,2273,1,433,0,0,434,T
1-PB2,2274,1,0,0,436,437,C
1-PB2,2275,437,0,0,0,437,A
1-PB2,2276,438,0,2,0,440,A
1-PB2,2277,0,434,0,0,434,T
1-PB2,2278,0,394,0,0,394,T
1-PB2,2279,383,0,0,0,383,A
1-PB2,2280,384,0,0,0,384,A
2-PB1,1,209,0,0,0,209,A
2-PB1,2,0,210,0,0,210,T
2-PB1,3,0,0,215,0,215,G
2-PB1,4,0,0,241,0,241,G
2-PB1,5,291,0,0,0,291,A
2-PB1,6,0,324,0,0,324,T
2-PB1,7,0,0,322,0,322,G
2-PB1,8,0,323,0,0,323,T
2-PB1,9,1,0,0,356,357,C
2-PB1,10,361,0,0,0,361,A
2-PB1,11,380,0,0,0,380,A
2-PB1,12,0,384,0,0,384,T
2-PB1,13,0,0,0,384,384,C
2-PB1,14,0,0,0,422,422,C
2-PB1,15,0,1,435,0,436,G
2-PB1,16,506,1,0,0,507,A
2-PB1,17,0,0,0,523,523,C
2-PB1,18,0,524,0,0,524,T
2-PB1,19,0,0,0,625,625,C
2-PB1,20,0,623,0,1,624,T
2-PB1,21,629,0,0,0,629,A
2-PB1,22,0,0,0,629,629,C
2-PB1,23,0,631,0,2,633,T
2-PB1,24,0,0,715,0,715,G
2-PB1,25,0,718,0,0,718,T
2-PB1,26,0,717,0,1,718,T
2-PB1,27,0,0,0,713,713,C
2-PB1,28,0,0,0,716,716,C
2-PB1,29,1,823,0,0,824,T
2-PB1,30,830,0,0,0,830,A
2-PB1,31,830,0,0,1,831,A
2-PB1,32,838,0,0,0,838,A
2-PB1,33,0,1,847,0,848,G
2-PB1,34,0,3,858,0,861,G
2-PB1,35,0,866,0,0,866,T
2-PB1,36,0,867,0,0,867,T
2-PB1,37,0,0,0,865,865,C
2-PB1,38,0,2,0,865,867,C
2-PB1,39,863,0,2,0,865,A
2-PB1,40,0,0,873,0,873,G
2-PB1,41,1,0,0,868,869,C
2-PB1,42,1,0,882,0,883,G
2-PB1,43,1,0,0,887,888,C
2-PB1,44,883,0,1,0,884,A
2-PB1,45,886,0,0,0,886,A
2-PB1,46,885,0,0,0,885,A
2-PB1,47,906,0,0,0,906,A
2-PB1,48,0,917,0,0,917,T
2-PB1,49,0,0,955,0,955,G
2-PB1,50,0,0,0,963,963,C
2-PB1,51,0,0,0,961,961,C
2-PB1,52,963,0,0,0,963,A
2-PB1,53,0,965,0,1,966,T
2-PB1,54,1043,0,0,0,1043,A
2-PB1,55,1046,0,0,0,1046,A
2-PB1,56,0,0,1096,0,1096,G
2-PB1,57,0,0,0,1104,1104,C
2-PB1,58,1095,1,0,0,1096,A
2-PB1,59,0,0,0,1142,1142,C
2-PB1,60,1145,0,0,0,1145,A
2-PB1,61,1215,0,1,1,1217,A
2-PB1,62,0,0,0,1222,1222,C
2-PB1,63,1215,1,0,1,1217,A
2-PB1,64,0,1229,0,0,1229,T
2-PB1,65,0,1216,0,0,1216,T
2-PB1,66,0,0,0,1686,1686,C
2-PB1,67,1,1,0,1687,1689,C
2-PB1,68,3,1,0,1701,1705,C
2-PB1,69,0,1709,1,0,1710,T
2-PB1,70,0,1704,0,0,1704,T
2-PB1,71,1862,0,0,0,1862,A
2-PB1,72,0,1872,0,1,1873,T
2-PB1,73,1942,0,0,0,1942,A
2-PB1,74,0,0,0,1958,1958,C
2-PB1,75,1,1900,0,0,1901,T
2-PB1,76,0,1,1906,0,1907,G
2-PB1,77,0,2,1905,0,1907,G
2-PB1,78,1901,0,0,0,1901,A
2-PB1,79,0,1,1900,0,1901,G
2-PB1,80,1887,1,2,0,1890,A
2-PB1,81,0,0,0,1872,1872,C
2-PB1,82,0,0,0,2002,2002,C
2-PB1,83,0,3,0,2013,2016,C
2-PB1,84,0,1999,0,2,2001,T
2-PB1,85,0,1,0,2156,2157,C
2-PB1,86,2,0,0,2158,2160,C
2-PB1,87,2166,1,0,0,2167,A
2-PB1,88,0,2169,1,0,2170,T
2-PB1,89,2168,0,3,0,2171,A
2-PB1,90,1,0,0,2173,2174,C
2-PB1,91,2142,0,1,0,2143,A
2-PB1,92,0,1,2204,0,2205,G
2-PB1,93,0,0,0,2220,2220,C
2-PB1,94,0,0,0,2202,2202,C
2-PB1,95,2207,0,0,0,2207,A
2-PB1,96,0,2195,0,3,2198,T
2-PB1,97,0,1,2212,0,2213,G
2-PB1,98,0,1,2325,1,2327,G
2-PB1,99,2345,0,1,0,2346,A
2-PB1,100,2361,0,1,0,2362,A
2-PB1,101,0,1,0,2387,2388,C
2-PB1,102,2383,0,0,0,2383,A
2-PB1,103,1,0,2455,0,2456,G
2-PB1,104,0,2,2494,1,2497,G
2-PB1,105,2501,1,2,0,2504,A
2-PB1,106,2520,0,1,0,2521,A
2-PB1,107,0,0,0,2542,2542,C
2-PB1,108,2535,0,0,0,2535,A
2-PB1,109,0,3,2875,0,2878,G
2-PB1,110,0,1,2862,0,2863,G
2-PB1,111,1,1,2913,0,2915,G
2-PB1,112,1,2915,0,3,2919,T
2-PB1,113,2913,0,2,0,2915,A
2-PB1,114,0,1,0,2926,2927,C
2-PB1,115,3018,0,3,0,3021,A
2-PB1,116,0,0,0,3092,3092,C
2-PB1,117,0,2,0,3071,3073,C
2-PB1,118,2996,0,3,0,2999,A
2-PB1,119,0,2996,0,2,2998,T
2-PB1,120,0,2,3000,0,3002,G
2-PB1,121,1,0,2996,0,2997,G
2-PB1,122,3005,0,5,0,3010,A
2-PB1,123,1,0,0,3013,3014,C
2-PB1,124,2952,1,1,0,2954,A
2-PB1,125,0,1,0,3033,3034,C
2-PB1,126,3018,1,1,1,3021,A
2-PB1,127,1,0,3093,0,3094,G
2-PB1,128,0,3081,0,4,3085,T
2-PB1,129,1,0,0,3171,3172,C
2-PB1,130,3176,0,5,0,3181,A
2-PB1,131,3201,0,3,0,3204,A
2-PB1,132,0,1,0,3210,3211,C
2-PB1,133,3195,0,2,0,3197,A
2-PB1,134,1,0,3237,1,3239,G
2-PB1,135,3185,0,0,1,3186,A
2-PB1,136,3186,0,2,0,3188,A
2-PB1,137,0,0,0,3193,3193,C
2-PB1,138,3114,1,2,1,3118,A
2-PB1,139,3,0,0,3206,3209,C
2-PB1,140,3205,0,2,0,3207,A
2-PB1,141,1,1,0,3311,3313,C
2-PB1,142,1,1,0,3310,3312,C
2-PB1,143,3298,0,1,0,3299,A
2-PB1,144,3329,1,0,0,3330,A
2-PB1,145,2,3388,2,0,3392,T
2-PB1,146,3488,0,0,0,3488,A
2-PB1,147,0,3475,0,1,3476,T
2-PB1,148,0,3416,0,1,3417,T
2-PB1,149,0,1,0,3430,3431,C
2-PB1,150,3320,1,3,0,3324,A
2-PB1,151,0,0,3330,0,3330,G
2-PB1,152,3260,0,1,1,3262,A
2-PB1,153,0,1,3320,0,3321,G
2-PB1,154,3200,2,0,0,3202,A
2-PB1,155,15,2,3148,0,3165,G
2-PB1,156,0,5,3142,0,3147,G
2-PB1,157,2,3,3229,0,3234,G
2-PB1,158,0,3,3235,1,3239,G
2-PB1,159,2,2,3276,0,3280,G
2-PB1,160,3260,0,0,0,3260,A
2-PB1,161,3270,0,1,0,3271,A
2-PB1,162,0,1,3298,0,3299,G
2-PB1,163,1,3272,0,0,3273,T
2-PB1,164,2,1,3252,1,3256,G
2-PB1,165,0,4,3246,0,3250,G
2-PB1,166,3238,1,3,0,3242,A
2-PB1,167,1,3,0,3254,3258,C
2-PB1,168,2,3,3264,0,3269,G
2-PB1,169,3281,1,2,1,3285,A
2-PB1,170,1,2,0,3308,3311,C
2-PB1,171,3292,0,2,0,3294,A
2-PB1,172,3289,0,0,0,3289,A
2-PB1,173,3321,1,0,1,3323,A
2-PB1,174,0,3351,1,0,3352,T
2-PB1,175,3355,2,0,0,3357,A
2-PB1,176,0,0,0,3370,3370,C
2-PB1,177,3318,0,3,0,3321,A
2-PB1,178,0,1,3330,0,3331,G
2-PB1,179,3295,0,1,0,3296,A
2-PB1,180,3312,0,0,0,3312,A
2-PB1,181,3314,0,0,0,3314,A
2-PB1,182,0,0,0,3321,3321,C
2-PB1,183,0,3255,1,0,3256,T
2-PB1,184,0,3,3251,0,3254,G
2-PB1,185,5,2,3241,0,3248,G
2-PB1,186,0,3,3234,0,3237,G
2-PB1,187,1,0,3234,0,3235,G
2-PB1,188,0,1,0,3255,3256,C
2-PB1,189,3248,0,6,1,3255,A
2-PB1,190,2,0,0,3360,3362,C
2-PB1,191,3,1,1,3341,3346,C
2-PB1,192,2,1,1,3346,3350,C
2-PB1,193,3,1,0,3356,3360,C
2-PB1,194,3373,1,1,0,3375,A
2-PB1,195,3427,0,0,0,3427,A
2-PB1,196,0,0,0,3414,3414,C
2-PB1,197,0,3381,0,2,3383,T
2-PB1,198,1,0,0,3419,3420,C
2-PB1,199,3300,0,0,0,3300,A
2-PB1,200,3351,0,4,0,3355,A
2-PB1,201,1,0,0,3338,3339,C
2-PB1,202,1,0,0,3314,3315,C
2-PB1,203,1,0,0,3317,3318,C
2-PB1,204,3278,0,1,0,3279,A
2-PB1,205,3289,0,1,0,3290,A
2-PB1,206,0,3285,1,0,3286,T
2-PB1,207,0,3288,2,0,3290,T
2-PB1,208,0,0,3303,0,3303,G
2-PB1,209,3252,0,3,0,3255,A
2-PB1,210,0,3266,1,0,3267,T
2-PB1,211,1,5,3249,1,3256,G
2-PB1,212,2,2,3264,0,3268,G
2-PB1,213,3306,0,5,0,3311,A
2-PB1,214,0,1,0,3312,3313,C
2-PB1,215,1,1,0,3316,3318,C
2-PB1,216,3310,2,5,1,3318,A
2-PB1,217,0,0,0,3397,3397,C
2-PB1,218,0,3389,0,0,3389,T
2-PB1,219,3435,2,0,0,3437,A
2-PB1,220,1,0,0,3457,3458,C
2-PB1,221,1,0,0,3443,3444,C
2-PB1,222,0,3375,0,0,3375,T
2-PB1,223,2,1,3384,0,3387,G
2-PB1,224,3368,1,0,0,3369,A
2-PB1,225,0,0,3399,0,3399,G
2-PB1,226,3,0,3377,0,3380,G
2-PB1,227,3381,1,2,0,3384,A
2-PB1,228,0,3364,0,1,3365,T
2-PB1,229,3309,0,1,0,3310,A
2-PB1,230,3301,0,2,0,3303,A
2-PB1,231,0,3307,0,0,3307,T
2-PB1,232,1,0,3300,0,3301,G
2-PB1,233,3291,0,2,1,3294,A
2-PB1,234,3277,0,0,0,3277,A
2-PB1,235,0,0,0,3265,3265,C
2-PB1,236,1,3,1,3194,3199,C
2-PB1,237,3213,0,1,0,3214,A
2-PB1,238,3206,0,3,0,3209,A
2-PB1,239,0,0,3251,0,3251,G
2-PB1,240,0,3244,0,1,3245,T
2-PB1,241,0,2,3226,0,3228,G
2-PB1,242,0,1,3255,0,3256,G
2-PB1,243,3232,1,1,0,3234,A
2-PB1,244,0,3225,1,1,3227,T
2-PB1,245,3246,1,1,0,3248,A
2-PB1,246,0,3298,0,0,3298,T
2-PB1,247,0,0,3318,1,3319,G
2-PB1,248,1,0,0,3321,3322,C
2-PB1,249,3320,2,3,3,3328,A
2-PB1,250,1,1,0,3409,3411,C
2-PB1,251,3324,0,1,0,3325,A
2-PB1,252,3394,1,1,0,3396,A
2-PB1,253,3402,0,3,0,3405,A
2-PB1,254,1,0,0,3410,3411,C
2-PB1,255,3279,1,2,0,3282,A
2-PB1,256,0,0,3336,0,3336,G
2-PB1,257,3299,1,4,1,3305,A
2-PB1,258,0,0,0,3318,3318,C
2-PB1,259,0,3193,0,1,3194,T
2-PB1,260,0,1,3264,0,3265,G
2-PB1,261,0,3209,0,3,3212,T
2-PB1,262,1,0,3333,0,3334,G
2-PB1,263,1,3314,0,4,3319,T
2-PB1,264,0,2,0,3339,3341,C
2-PB1,265,1,0,1,3335,3337,C
2-PB1,266,1,3292,0,2,3295,T
2-PB1,267,0,1,3286,0,3287,G
2-PB1,268,0,0,3287,0,3287,G
2-PB1,269,3207,0,4,0,3211,A
2-PB1,270,0,2,3268,0,3270,G
2-PB1,271,3,0,3155,0,3158,G
2-PB1,272,0,0,0,3152,3152,C
2-PB1,273,1,3123,0,4,3128,T
2-PB1,274,3132,1,1,0,3134,A
2-PB1,275,0,3131,0,2,3133,T
2-PB1,276,3,1,3125,0,3129,G
2-PB1,277,2,0,3122,0,3124,G
2-PB1,278,0,0,0,3111,3111,C
2-PB1,279,0,5,0,3040,3045,C
2-PB1,280,1,2999,0,3,3003,T
2-PB1,281,1,3143,0,1,3145,T
2-PB1,282,3,0,0,3140,3143,C
2-PB1,283,1,1,1,3141,3144,C
2-PB1,284,0,3147,1,2,3150,T
2-PB1,285,3,3136,1,2,3142,T
2-PB1,286,1,2,3143,0,3146,G
2-PB1,287,3144,0,0,0,3144,A
2-PB1,288,3145,1,6,0,3152,A
2-PB1,289,3,2,3139,0,3144,G
2-PB1,290,2997,0,1,0,2998,A
2-PB1,291,3036,0,1,0,3037,A
2-PB1,292,0,3023,3,2,3028,T
2-PB1,293,2,3,0,3025,3030,C
2-PB1,294,3,0,0,3016,3019,C
2-PB1,295,3,0,0,3022,3025,C
2-PB1,296,3030,0,3,0,3033,A
2-PB1,297,0,1,0,3043,3044,C
2-PB1,298,3,0,0,3040,3043,C
2-PB1,299,2,0,0,3059,3061,C
2-PB1,300,3026,0,1,0,3027,A
2-PB1,301,0,1,3057,0,3058,G
2-PB1,302,1,0,3064,0,3065,G
2-PB1,303,0,3058,1,2,3061,T
2-PB1,304,3077,0,1,0,3078,A
2-PB1,305,0,3055,0,0,3055,T
2-PB1,306,0,0,0,3065,3065,C
2-PB1,307,0,3043,1,2,3046,T
2-PB1,308,0,3047,0,1,3048,T
2-PB1,309,1,3044,0,1,3046,T
2-PB1,310,1,1,3025,1,3028,G
2-PB1,311,2983,0,3,0,2986,A
2-PB1,312,0,4,3003,0,3007,G
2-PB1,313,2946,1,3,3,2953,A
2-PB1,314,2978,0,1,0,2979,A
2-PB1,315,0,2,0,2997,2999,C
2-PB1,316,1,2948,0,1,2950,T
2-PB1,317,0,0,0,2960,2960,C
2-PB1,318,2962,0,2,0,2964,A
2-PB1,319,1,2958,0,0,2959,T
2-PB1,320,1,0,2966,0,2967,G
2-PB1,321,1,0,0,3027,3028,C
2-PB1,322,3,0,0,3020,3023,C
2-PB1,323,0,3016,1,0,3017,T
2-PB1,324,1,2977,0,4,2982,T
2-PB1,325,0,0,2984,0,2984,G
2-PB1,326,2997,0,0,1,2998,A
2-PB1,327,2997,1,3,0,3001,A
2-PB1,328,2999,0,5,1,3005,A
2-PB1,329,1,1,0,3025,3027,C
2-PB1,330,2900,0,0,0,2900,A
2-PB1,331,2917,1,0,0,2918,A
2-PB1,332,1,2913,0,1,2915,T
2-PB1,333,1,1,2914,0,2916,G
2-PB1,334,0,1,2897,0,2898,G
2-PB1,335,2866,2,1,0,2869,A
2-PB1,336,2854,0,7,0,2861,A
2-PB1,337,0,0,2865,0,2865,G
2-PB1,338,1,3,0,2875,2879,C
2-PB1,339,0,3,0,2877,2880,C
2-PB1,340,12,0,2921,0,2933,G
2-PB1,341,0,2906,0,3,2909,T
2-PB1,342,1,2912,0,2,2915,T
2-PB1,343,0,1,1,2939,2941,C
2-PB1,344,2949,0,1,0,2950,A
2-PB1,345,3001,0,1,0,3002,A
2-PB1,346,0,1,0,2998,2999,C
2-PB1,347,2973,0,1,0,2974,A
2-PB1,348,1,1,2991,1,2994,G
2-PB1,349,2909,2,10,0,2921,A
2-PB1,350,0,1,0,2926,2927,C
2-PB1,351,2913,4,1,0,2918,A
2-PB1,352,2947,0,3,0,2950,A
2-PB1,353,0,2,2964,0,2966,G
2-PB1,354,1,1,2925,0,2927,G
2-PB1,355,1,1,2915,0,2917,G
2-PB1,356,0,2834,0,2,2836,T
2-PB1,357,0,1,2829,0,2830,G
2-PB1,358,0,2,2833,0,2835,G
2-PB1,359,2846,0,5,0,2851,A
2-PB1,360,0,1,0,2857,2858,C
2-PB1,361,2781,0,0,0,2781,A
2-PB1,362,2825,1,0,0,2826,A
2-PB1,363,2824,0,0,0,2824,A
2-PB1,364,0,0,0,2824,2824,C
2-PB1,365,1,2789,0,1,2791,T
2-PB1,366,2778,0,0,0,2778,A
2-PB1,367,2792,3,1,2,2798,A
2-PB1,368,0,1,0,2798,2799,C
2-PB1,369,3,0,0,2801,2804,C
2-PB1,370,6,0,0,2787,2793,C
2-PB1,371,2676,0,0,0,2676,A
2-PB1,372,2671,0,1,0,2672,A
2-PB1,373,0,1,2658,0,2659,G
2-PB1,374,1,2,2679,2,2684,G
2-PB1,375,1,2662,0,1,2664,T
2-PB1,376,1,0,1,2650,2652,C
2-PB1,377,4,2,2645,0,2651,G
2-PB1,378,0,2,0,2633,2635,C
2-PB1,379,0,0,0,2666,2666,C
2-PB1,380,2664,0,0,0,2664,A
2-PB1,381,0,0,2712,0,2712,G
2-PB1,382,2769,0,1,1,2771,A
2-PB1,383,0,3,0,2775,2778,C
2-PB1,384,0,2756,0,1,2757,T
2-PB1,385,0,2748,1,0,2749,T
2-PB1,386,2753,0,1,0,2754,A
2-PB1,387,1,2766,0,0,2767,T
2-PB1,388,0,1,2766,0,2767,G
2-PB1,389,2749,1,0,0,2750,A
2-PB1,390,0,2688,1,2,2691,T
2-PB1,391,0,2601,0,0,2601,T
2-PB1,392,0,0,2584,0,2584,G
2-PB1,393,0,1,2581,0,2582,G
2-PB1,394,2630,0,4,0,2634,A
2-PB1,395,2,3,0,2629,2634,C
2-PB1,396,2598,0,0,0,2598,A
2-PB1,397,0,2568,1,0,2569,T
2-PB1,398,0,2595,1,1,2597,T
2-PB1,399,2612,0,1,0,2613,A
2-PB1,400,2609,0,0,0,2609,A
2-PB1,401,2610,2,2,0,2614,A
2-PB1,402,1,0,0,2616,2617,C
2-PB1,403,2563,1,1,0,2565,A
2-PB1,404,0,0,2585,0,2585,G
2-PB1,405,2562,0,2,0,2564,A
2-PB1,406,2566,0,0,1,2567,A
2-PB1,407,2567,0,0,0,2567,A
2-PB1,408,0,2536,1,0,2537,T
2-PB1,409,2,1,1,2556,2560,C
2-PB1,410,2544,1,0,0,2545,A
2-PB1,411,2558,0,1,0,2559,A
2-PB1,412,0,1,0,2549,2550,C
2-PB1,413,0,2,0,2531,2533,C
2-PB1,414,2,0,2534,0,2536,G
2-PB1,415,1,1,2528,0,2530,G
2-PB1,416,1,0,0,2542,2543,C
2-PB1,417,2538,0,2,0,2540,A
2-PB1,418,0,0,2544,0,2544,G
2-PB1,419,0,0,0,2570,2570,C
2-PB1,420,2570,0,1,0,2571,A
2-PB1,421,2579,0,1,0,2580,A
2-PB1,422,0,0,0,2592,2592,C
2-PB1,423,0,2574,0,2,2576,T
2-PB1,424,0,0,2695,0,2695,G
2-PB1,425,0,0,0,2698,2698,C
2-PB1,426,2700,0,2,0,2702,A
2-PB1,427,0,2700,0,1,2701,T
2-PB1,428,0,2642,0,0,2642,T
2-PB1,429,2805,0,0,0,2805,A
2-PB1,430,1,0,2802,0,2803,G
2-PB1,431,0,2,0,2780,2782,C
2-PB1,432,1,2,0,2787,2790,C
2-PB1,433,2647,0,2,0,2649,A
2-PB1,434,2678,1,0,0,2679,A
2-PB1,435,0,0,0,2680,2680,C
2-PB1,436,2688,0,1,0,2689,A
2-PB1,437,0,0,0,2802,2802,C
2-PB1,438,2,0,0,2626,2628,C
2-PB1,439,2623,1,3,0,2627,A
2-PB1,440,1,2612,1,1,2615,T
2-PB1,441,2627,0,1,0,2628,A
2-PB1,442,0,0,2630,0,2630,G
2-PB1,443,2589,0,0,0,2589,A
2-PB1,444,2580,0,1,0,2581,A
2-PB1,445,0,0,2620,0,2620,G
2-PB1,446,0,2492,0,1,2493,T
2-PB1,447,0,2485,0,1,2486,T
2-PB1,448,0,2484,0,1,2485,T
2-PB1,449,0,2490,0,0,2490,T
2-PB1,450,0,2495,1,0,2496,T
2-PB1,451,2489,0,3,0,2492,A
2-PB1,452,0,1,2503,0,2504,G
2-PB1,453,2463,1,2,0,2466,A
2-PB1,454,1,2453,1,2,2457,T
2-PB1,455,1,2,0,2439,2442,C
2-PB1,456,2,1,2438,0,2441,G
2-PB1,457,2438,0,0,0,2438,A
2-PB1,458,2443,0,2,0,2445,A
2-PB1,459,0,0,0,2460,2460,C
2-PB1,460,0,1,2462,0,2463,G
2-PB1,461,0,0,2580,1,2581,G
2-PB1,462,2565,0,3,0,2568,A
2-PB1,463,0,2562,0,1,2563,T
2-PB1,464,2,2560,1,1,2564,T
2-PB1,465,2579,0,0,0,2579,A
2-PB1,466,2577,0,3,0,2580,A
2-PB1,467,0,0,0,2598,2598,C
2-PB1,468,2581,0,2,0,2583,A
2-PB1,469,1,0,2601,0,2602,G
2-PB1,470,0,0,0,2461,2461,C
2-PB1,471,1,2453,1,1,2456,T
2-PB1,472,2466,0,0,0,2466,A
2-PB1,473,2473,0,3,0,2476,A
2-PB1,474,1,2474,0,0,2475,T
2-PB1,475,1,1,2504,0,2506,G
2-PB1,476,2478,0,1,0,2479,A
2-PB1,477,2474,0,1,0,2475,A
2-PB1,478,0,2418,0,0,2418,T
2-PB1,479,2,1,0,2440,2443,C
2-PB1,480,2430,0,0,0,2430,A
2-PB1,481,1,0,2421,0,2422,G
2-PB1,482,0,0,2424,1,2425,G
2-PB1,483,2404,2,2,0,2408,A
2-PB1,484,2380,0,6,0,2386,A
2-PB1,485,0,0,2516,0,2516,G
2-PB1,486,0,0,2521,0,2521,G
2-PB1,487,0,0,0,2522,2522,C
2-PB1,488,0,2498,0,2,2500,T
2-PB1,489,2509,0,0,0,2509,A
2-PB1,490,2511,0,0,0,2511,A
2-PB1,491,0,2507,0,0,2507,T
2-PB1,492,2511,0,0,0,2511,A
2-PB1,493,0,1,2515,0,2516,G
2-PB1,494,2284,0,0,0,2284,A
2-PB1,495,0,2262,0,1,2263,T
2-PB1,496,1,2244,0,0,2245,T
2-PB1,497,0,2245,1,2,2248,T
2-PB1,498,1,0,0,2316,2317,C
2-PB1,499,2,0,0,2328,2330,C
2-PB1,500,0,2310,0,3,2313,T
2-PB1,501,0,0,0,2326,2326,C
2-PB1,502,2317,1,2,3,2323,A
2-PB1,503,2333,0,0,0,2333,A
2-PB1,504,2,0,2360,0,2362,G
2-PB1,505,1,0,2385,0,2386,G
2-PB1,506,2379,0,0,0,2379,A
2-PB1,507,1,2301,1,0,2303,T
2-PB1,508,0,0,2326,0,2326,G
2-PB1,509,0,2313,1,2,2316,T
2-PB1,510,0,0,2348,0,2348,G
2-PB1,511,2338,0,2,0,2340,A
2-PB1,512,0,2327,0,2,2329,T
2-PB1,513,1,1,2334,0,2336,G
2-PB1,514,0,2,2328,2,2332,G
2-PB1,515,2315,1,1,0,2317,A
2-PB1,516,2319,1,4,1,2325,A
2-PB1,517,0,2274,0,2,2276,T
2-PB1,518,2,0,0,2289,2291,C
2-PB1,519,2269,1,0,0,2270,A
2-PB1,520,2267,0,0,0,2267,A
2-PB1,521,0,2260,0,2,2262,T
2-PB1,522,3,0,2306,0,2309,G
2-PB1,523,2,1,2326,0,2329,G
2-PB1,524,2317,0,1,0,2318,A
2-PB1,525,1,2308,0,0,2309,T
2-PB1,526,2321,0,0,0,2321,A
2-PB1,527,2309,1,2,0,2312,A
2-PB1,528,2318,0,4,0,2322,A
2-PB1,529,0,1,2359,0,2360,G
2-PB1,530,2333,0,1,0,2334,A
2-PB1,531,0,2,2346,0,2348,G
2-PB1,532,0,1,2355,0,2356,G
2-PB1,533,2330,0,1,0,2331,A
2-PB1,534,2347,1,1,0,2349,A
2-PB1,535,2362,0,1,0,2363,A
2-PB1,536,0,2367,0,0,2367,T
2-PB1,537,0,2,2420,0,2422,G
2-PB1,538,1,1,2409,0,2411,G
2-PB1,539,2382,0,4,0,2386,A
2-PB1,540,1,0,2420,1,2422,G
2-PB1,541,2390,0,1,0,2391,A
2-PB1,542,1,2441,0,0,2442,T
2-PB1,543,2446,0,0,0,2446,A
2-PB1,544,2474,0,1,0,2475,A
2-PB1,545,0,0,0,2487,2487,C
2-PB1,546,2440,0,2,0,2442,A
2-PB1,547,2457,0,1,0,2458,A
2-PB1,548,1,1,0,2454,2456,C
2-PB1,549,2436,0,2,0,2438,A
2-PB1,550,0,0,0,2450,2450,C
2-PB1,551,2388,0,4,0,2392,A
2-PB1,552,0,0,0,2422,2422,C
2-PB1,553,1,2376,0,1,2378,T
2-PB1,554,0,2373,1,1,2375,T
2-PB1,555,2,2353,0,1,2356,T
2-PB1,556,1,0,1,2356,2358,C
2-PB1,557,2368,1,2,0,2371,A
2-PB1,558,2365,1,1,0,2367,A
2-PB1,559,2370,0,3,0,2373,A
2-PB1,560,0,0,2430,0,2430,G
2-PB1,561,2393,0,1,0,2394,A
2-PB1,562,2397,0,0,1,2398,A
2-PB1,563,2393,0,2,0,2395,A
2-PB1,564,2400,0,1,0,2401,A
2-PB1,565,2403,0,0,0,2403,A
2-PB1,566,0,0,2431,0,2431,G
2-PB1,567,0,3,2438,1,2442,G
2-PB1,568,2384,1,1,0,2386,A
2-PB1,569,1,2,2463,0,2466,G
2-PB1,570,2454,0,2,0,2456,A
2-PB1,571,1,0,2548,0,2549,G
2-PB1,572,0,2534,0,1,2535,T
2-PB1,573,2548,0,0,0,2548,A
2-PB1,574,2551,0,7,0,2558,A
2-PB1,575,0,2,2567,0,2569,G
2-PB1,576,0,2,2578,0,2580,G
2-PB1,577,1,2,2579,0,2582,G
2-PB1,578,2549,0,1,0,2550,A
2-PB1,579,0,0,0,2580,2580,C
2-PB1,580,2515,0,0,0,2515,A
2-PB1,581,2521,1,3,0,2525,A
2-PB1,582,1,0,0,2510,2511,C
2-PB1,583,2510,1,0,0,2511,A
2-PB1,584,0,2473,0,0,2473,T
2-PB1,585,0,4,2441,0,2445,G
2-PB1,586,2438,0,5,0,2443,A
2-PB1,587,0,1,0,2432,2433,C
2-PB1,588,1,0,0,2410,2411,C
2-PB1,589,2419,0,0,0,2419,A
2-PB1,590,2427,0,0,0,2427,A
2-PB1,591,0,0,2437,0,2437,G
2-PB1,592,2439,0,1,0,2440,A
2-PB1,593,2436,1,0,0,2437,A
2-PB1,594,2419,0,1,0,2420,A
2-PB1,595,2411,1,1,0,2413,A
2-PB1,596,0,2438,0,1,2439,T
2-PB1,597,0,0,2441,0,2441,G
2-PB1,598,0,0,2444,0,2444,G
2-PB1,599,0,2413,2,1,2416,T
2-PB1,600,1,0,0,2395,2396,C
2-PB1,601,2422,0,1,0,2423,A
2-PB1,602,0,1,0,2582,2583,C
2-PB1,603,2630,1,1,0,2632,A
2-PB1,604,2,0,0,2644,2646,C
2-PB1,605,2625,0,1,0,2626,A
2-PB1,606,2707,0,1,1,2709,A
2-PB1,607,2692,0,4,2,2698,A
2-PB1,608,0,2,2887,1,2890,G
2-PB1,609,2887,0,0,0,2887,A
2-PB1,610,2909,0,2,1,2912,A
2-PB1,611,0,0,0,2996,2996,C
2-PB1,612,2930,0,0,0,2930,A
2-PB1,613,2942,0,0,1,2943,A
2-PB1,614,0,2928,0,0,2928,T
2-PB1,615,2907,0,2,0,2909,A
2-PB1,616,1,2,2926,0,2929,G
2-PB1,617,0,2,2815,1,2818,G
2-PB1,618,0,1,2827,0,2828,G
2-PB1,619,2817,0,2,0,2819,A
2-PB1,620,2775,0,2,0,2777,A
2-PB1,621,0,1,2820,0,2821,G
2-PB1,622,2791,0,2,1,2794,A
2-PB1,623,2809,0,0,1,2810,A
2-PB1,624,2817,0,0,0,2817,A
2-PB1,625,2832,0,1,0,2833,A
2-PB1,626,2895,0,1,0,2896,A
2-PB1,627,2901,0,1,0,2902,A
2-PB1,628,1,0,0,2900,2901,C
2-PB1,629,2894,0,0,0,2894,A
2-PB1,630,2898,0,1,0,2899,A
2-PB1,631,2879,0,2,0,2881,A
2-PB1,632,2,0,2970,0,2972,G
2-PB1,633,2957,0,3,1,2961,A
2-PB1,634,2,0,3129,1,3132,G
2-PB1,635,0,3087,1,0,3088,T
2-PB1,636,1,1,3582,0,3584,G
2-PB1,637,3587,0,4,0,3591,A
2-PB1,638,3588,0,3,0,3591,A
2-PB1,639,1,3641,0,3,3645,T
2-PB1,640,3655,0,0,0,3655,A
2-PB1,641,3639,0,5,0,3644,A
2-PB1,642,0,1,3664,0,3665,G
2-PB1,643,3540,1,0,1,3542,A
2-PB1,644,0,0,3580,1,3581,G
2-PB1,645,3387,0,2,0,3389,A
2-PB1,646,0,2,3430,0,3432,G
2-PB1,647,2,2,3419,0,3423,G
2-PB1,648,0,1,0,3429,3430,C
2-PB1,649,0,3419,0,3,3422,T
2-PB1,650,3514,0,1,0,3515,A
2-PB1,651,1,0,0,3702,3703,C
2-PB1,652,1,0,0,3704,3705,C
2-PB1,653,1,3716,0,7,3724,T
2-PB1,654,3867,0,0,0,3867,A
2-PB1,655,3851,0,2,0,3853,A
2-PB1,656,0,3848,1,0,3849,T
2-PB1,657,3846,0,3,0,3849,A
2-PB1,658,3827,0,1,0,3828,A
2-PB1,659,0,4,3867,0,3871,G
2-PB1,660,3697,1,0,0,3698,A
2-PB1,661,0,0,3777,0,3777,G
2-PB1,662,0,0,0,3786,3786,C
2-PB1,663,1,3727,0,7,3735,T
2-PB1,664,0,3733,0,2,3735,T
2-PB1,665,0,3745,0,1,3746,T
2-PB1,666,0,1,3734,0,3735,G
2-PB1,667,3808,1,3,0,3812,A
2-PB1,668,0,1,0,3828,3829,C
2-PB1,669,3792,2,2,0,3796,A
2-PB1,670,0,3767,1,2,3770,T
2-PB1,671,0,3737,0,1,3738,T
2-PB1,672,2,2,3817,0,3821,G
2-PB1,673,3815,0,3,0,3818,A
2-PB1,674,3828,1,4,0,3833,A
2-PB1,675,1,0,0,3835,3836,C
2-PB1,676,3817,0,1,0,3818,A
2-PB1,677,0,1,0,3804,3805,C
2-PB1,678,0,0,3791,0,3791,G
2-PB1,679,3797,0,1,1,3799,A
2-PB1,680,0,3785,0,0,3785,T
2-PB1,681,1,4,3881,0,3886,G
2-PB1,682,3874,1,5,0,3880,A
2-PB1,683,2,1,0,3910,3913,C
2-PB1,684,2,2,0,3911,3915,C
2-PB1,685,3923,1,0,0,3924,A
2-PB1,686,3957,0,2,0,3959,A
2-PB1,687,3959,1,7,0,3967,A
2-PB1,688,0,2,4125,1,4128,G
2-PB1,689,4181,1,1,0,4183,A
2-PB1,690,0,4120,0,0,4120,T
2-PB1,691,1,0,4125,0,4126,G
2-PB1,692,5,4,0,4103,4112,C
2-PB1,693,4094,2,6,0,4102,A
2-PB1,694,1,3,4139,0,4143,G
2-PB1,695,4061,0,1,0,4062,A
2-PB1,696,0,0,4084,0,4084,G
2-PB1,697,3946,0,4,0,3950,A
2-PB1,698,0,1,3960,0,3961,G
2-PB1,699,3906,0,7,0,3913,A
2-PB1,700,2,0,3949,0,3951,G
2-PB1,701,1,1,3941,1,3944,G
2-PB1,702,0,0,0,3940,3940,C
2-PB1,703,3913,0,0,1,3914,A
2-PB1,704,3923,0,0,0,3923,A
2-PB1,705,3960,0,2,0,3962,A
2-PB1,706,0,3961,0,1,3962,T
2-PB1,707,0,3944,1,1,3946,T
2-PB1,708,3971,0,1,0,3972,A
2-PB1,709,3949,0,2,1,3952,A
2-PB1,710,3962,1,0,0,3963,A
2-PB1,711,3992,0,0,0,3992,A
2-PB1,712,3999,0,0,0,3999,A
2-PB1,713,2,0,4009,0,4011,G
2-PB1,714,3967,0,3,0,3970,A
2-PB1,715,3960,0,4,1,3965,A
2-PB1,716,1,3,4059,0,4063,G
2-PB1,717,1,1,4145,1,4148,G
2-PB1,718,2,0,4154,0,4156,G
2-PB1,719,0,1,0,4188,4189,C
2-PB1,720,0,4173,0,3,4176,T
2-PB1,721,4196,0,0,1,4197,A
2-PB1,722,0,4248,1,1,4250,T
2-PB1,723,1,4249,0,1,4251,T
2-PB1,724,2,0,4268,0,4270,G
2-PB1,725,0,1,0,4216,4217,C
2-PB1,726,4111,0,4,0,4115,A
2-PB1,727,4117,1,3,0,4121,A
2-PB1,728,1,1,0,4114,4116,C
2-PB1,729,4115,0,1,0,4116,A
2-PB1,730,0,1,0,4121,4122,C
2-PB1,731,1,2,0,3998,4001,C
2-PB1,732,4,2,0,4026,4032,C
2-PB1,733,1,6,3990,0,3997,G
2-PB1,734,1,3,4009,0,4013,G
2-PB1,735,0,1,4000,0,4001,G
2-PB1,736,4012,1,2,0,4015,A
2-PB1,737,0,3997,0,0,3997,T
2-PB1,738,1,0,4010,0,4011,G
2-PB1,739,1,0,0,4000,4001,C
2-PB1,740,4051,0,2,0,4053,A
2-PB1,741,4144,1,1,0,4146,A
2-PB1,742,4199,0,0,0,4199,A
2-PB1,743,0,4192,0,0,4192,T
2-PB1,744,0,4198,0,2,4200,T
2-PB1,745,4164,0,2,0,4166,A
2-PB1,746,0,1,4174,0,4175,G
2-PB1,747,4105,3,5,0,4113,A
2-PB1,748,0,5,4172,0,4177,G
2-PB1,749,0,8,4056,0,4064,G
2-PB1,750,1,3,4159,0,4163,G
2-PB1,751,0,4131,0,1,4132,T
2-PB1,752,1,4130,0,3,4134,T
2-PB1,753,7,0,1,4125,4133,C
2-PB1,754,2,1,4198,1,4202,G
2-PB1,755,0,4185,0,5,4190,T
2-PB1,756,3,0,4185,0,4188,G
2-PB1,757,0,4184,0,2,4186,T
2-PB1,758,4161,0,0,0,4161,A
2-PB1,759,0,3,1,4139,4143,C
2-PB1,760,1,3930,0,3,3934,T
2-PB1,761,0,3949,0,0,3949,T
2-PB1,762,0,10,1,3913,3924,C
2-PB1,763,0,0,3896,0,3896,G
2-PB1,764,0,3890,0,0,3890,T
2-PB1,765,1,3867,0,9,3877,T
2-PB1,766,0,4,3871,0,3875,G
2-PB1,767,3860,0,1,0,3861,A
2-PB1,768,3856,1,3,0,3860,A
2-PB1,769,3889,2,2,1,3894,A
2-PB1,770,0,0,0,3937,3937,C
2-PB1,771,1,3885,0,0,3886,T
2-PB1,772,0,3860,0,1,3861,T
2-PB1,773,0,3872,0,0,3872,T
2-PB1,774,3925,0,4,0,3929,A
2-PB1,775,0,0,3939,0,3939,G
2-PB1,776,0,1,0,3954,3955,C
2-PB1,777,0,3940,0,1,3941,T
2-PB1,778,3903,0,1,0,3904,A
2-PB1,779,2,1,3898,0,3901,G
2-PB1,780,3872,1,5,0,3878,A
2-PB1,781,3893,0,0,1,3894,A
2-PB1,782,2,0,3904,1,3907,G
2-PB1,783,1,1,0,3845,3847,C
2-PB1,784,3842,0,1,0,3843,A
2-PB1,785,0,3812,1,0,3813,T
2-PB1,786,1,3813,1,2,3817,T
2-PB1,787,2,3817,0,0,3819,T
2-PB1,788,0,1,3828,0,3829,G
2-PB1,789,1,3,0,3820,3824,C
2-PB1,790,0,1,3825,0,3826,G
2-PB1,791,3808,1,1,0,3810,A
2-PB1,792,3794,0,0,0,3794,A
2-PB1,793,3801,0,1,0,3802,A
2-PB1,794,3948,0,7,0,3955,A
2-PB1,795,1,0,4036,0,4037,G
2-PB1,796,0,1,0,4058,4059,C
2-PB1,797,1,4044,1,5,4051,T
2-PB1,798,0,4046,0,1,4047,T
2-PB1,799,1,1,4057,0,4059,G
2-PB1,800,4038,2,4,0,4044,A
2-PB1,801,4048,0,1,0,4049,A
2-PB1,802,2,0,0,4059,4061,C
2-PB1,803,3910,0,4,1,3915,A
2-PB1,804,2,1,4202,0,4205,G
2-PB1,805,0,4166,0,0,4166,T
2-PB1,806,6,0,0,4174,4180,C
2-PB1,807,2,4176,0,2,4180,T
2-PB1,808,1,0,4193,2,4196,G
2-PB1,809,0,4,4194,0,4198,G
2-PB1,810,4201,2,2,0,4205,A
2-PB1,811,1,2,0,4209,4212,C
2-PB1,812,0,4088,0,1,4089,T
2-PB1,813,0,3826,0,4,3830,T
2-PB1,814,1,0,0,3833,3834,C
2-PB1,815,1,0,0,3822,3823,C
2-PB1,816,2,0,3852,0,3854,G
2-PB1,817,1,1,3847,0,3849,G
2-PB1,818,0,3809,0,2,3811,T
2-PB1,819,1,3811,0,1,3813,T
2-PB1,820,0,3,3803,0,3806,G
2-PB1,821,0,4,3831,1,3836,G
2-PB1,822,2,4,3870,0,3876,G
2-PB1,823,0,1,3879,0,3880,G
2-PB1,824,1,2,3895,1,3899,G
2-PB1,825,0,3850,0,17,3867,T
2-PB1,826,3850,0,1,1,3852,A
2-PB1,827,3858,0,1,0,3859,A
2-PB1,828,0,3876,0,1,3877,T
2-PB1,829,2,2,3895,0,3899,G
2-PB1,830,3829,0,2,0,3831,A
2-PB1,831,3800,0,0,0,3800,A
2-PB1,832,3798,1,0,0,3799,A
2-PB1,833,3779,0,4,0,3783,A
2-PB1,834,5,2,3775,0,3782,G
2-PB1,835,3751,1,0,0,3752,A
2-PB1,836,3714,1,6,0,3721,A
2-PB1,837,2,0,3750,0,3752,G
2-PB1,838,0,2,3728,0,3730,G
2-PB1,839,0,4,0,3721,3725,C
2-PB1,840,0,0,0,3712,3712,C
2-PB1,841,3729,1,2,0,3732,A
2-PB1,842,3733,0,1,0,3734,A
2-PB1,843,3735,1,2,0,3738,A
2-PB1,844,1,0,0,3753,3754,C
2-PB1,845,0,3738,0,1,3739,T
2-PB1,846,3,1,3805,0,3809,G
2-PB1,847,2,1,3799,0,3802,G
2-PB1,848,2,0,0,3801,3803,C
2-PB1,849,3810,0,1,0,3811,A
2-PB1,850,3806,0,3,1,3810,A
2-PB1,851,3823,0,2,1,3826,A
2-PB1,852,0,3827,0,0,3827,T
2-PB1,853,1,1,3828,0,3830,G
2-PB1,854,0,3802,0,2,3804,T
2-PB1,855,0,3686,0,5,3691,T
2-PB1,856,1,0,3695,0,3696,G
2-PB1,857,0,3684,0,2,3686,T
2-PB1,858,1,0,3694,1,3696,G
2-PB1,859,3684,2,6,0,3692,A
2-PB1,860,0,1,3719,0,3720,G
2-PB1,861,3714,1,1,0,3716,A
2-PB1,862,3697,1,0,0,3698,A
2-PB1,863,3696,0,0,1,3697,A
2-PB1,864,3728,1,0,0,3729,A
2-PB1,865,3762,1,4,1,3768,A
2-PB1,866,0,3742,0,3,3745,T
2-PB1,867,2,3,3738,0,3743,G
2-PB1,868,3719,2,1,1,3723,A
2-PB1,869,0,3678,0,1,3679,T
2-PB1,870,0,2,3720,0,3722,G
2-PB1,871,3722,2,1,1,3726,A
2-PB1,872,0,1,0,3795,3796,C
2-PB1,873,1,3771,0,2,3774,T
2-PB1,874,3748,0,1,0,3749,A
2-PB1,875,3803,0,1,0,3804,A
2-PB1,876,0,3793,2,0,3795,T
2-PB1,877,0,3832,0,0,3832,T
2-PB1,878,1,1,1,3866,3869,C
2-PB1,879,3855,0,2,0,3857,A
2-PB1,880,0,1,0,3878,3879,C
2-PB1,881,3831,1,2,0,3834,A
2-PB1,882,3843,0,4,0,3847,A
2-PB1,883,0,2,3867,0,3869,G
2-PB1,884,3935,0,2,0,3937,A
2-PB1,885,3,2,0,3912,3917,C
2-PB1,886,3894,0,2,0,3896,A
2-PB1,887,0,1,0,3899,3900,C
2-PB1,888,3830,0,5,0,3835,A
2-PB1,889,2,2,3863,0,3867,G
2-PB1,890,3833,0,3,0,3836,A
2-PB1,891,1,0,3868,0,3869,G
2-PB1,892,1,1,0,3831,3833,C
2-PB1,893,0,3752,0,4,3756,T
2-PB1,894,1,3778,0,1,3780,T
2-PB1,895,1,3776,0,1,3778,T
2-PB1,896,0,1,0,3805,3806,C
2-PB1,897,0,3784,0,8,3792,T
2-PB1,898,0,3764,1,0,3765,T
2-PB1,899,0,3764,0,5,3769,T
2-PB1,900,1,1,0,3757,3759,C
2-PB1,901,3756,0,1,0,3757,A
2-PB1,902,0,2,1,3803,3806,C
2-PB1,903,3734,1,0,0,3735,A
2-PB1,904,3740,0,5,0,3745,A
2-PB1,905,1,3760,0,0,3761,T
2-PB1,906,1,0,0,3833,3834,C
2-PB1,907,3834,1,2,0,3837,A
2-PB1,908,0,1,0,3849,3850,C
2-PB1,909,0,3815,0,0,3815,T
2-PB1,910,2,2,3862,0,3866,G
2-PB1,911,0,4,3826,0,3830,G
2-PB1,912,1,1,4015,0,4017,G
2-PB1,913,1,4,4013,0,4018,G
2-PB1,914,3957,0,10,0,3967,A
2-PB1,915,2,2,0,3780,3784,C
2-PB1,916,3874,0,3,0,3877,A
2-PB1,917,4103,1,3,0,4107,A
2-PB1,918,2,0,1,4137,4140,C
2-PB1,919,4142,1,0,0,4143,A
2-PB1,920,1,0,0,4118,4119,C
2-PB1,921,0,3851,1,2,3854,T
2-PB1,922,3898,0,2,0,3900,A
2-PB1,923,3881,0,5,1,3887,A
2-PB1,924,0,1,3934,0,3935,G
2-PB1,925,1,3906,1,1,3909,T
2-PB1,926,0,0,3633,1,3634,G
2-PB1,927,0,1,3599,0,3600,G
2-PB1,928,3590,0,1,0,3591,A
2-PB1,929,3597,0,1,1,3599,A
2-PB1,930,1,3601,0,0,3602,T
2-PB1,931,3,1,3587,0,3591,G
2-PB1,932,3572,1,0,1,3574,A
2-PB1,933,3504,0,0,0,3504,A
2-PB1,934,3534,0,2,0,3536,A
2-PB1,935,3557,0,2,1,3560,A
2-PB1,936,0,3533,0,0,3533,T
2-PB1,937,3,0,0,3541,3544,C
2-PB1,938,3557,1,0,0,3558,A
2-PB1,939,3550,0,4,0,3554,A
2-PB1,940,3531,0,1,0,3532,A
2-PB1,941,3535,0,0,0,3535,A
2-PB1,942,1,0,0,3555,3556,C
2-PB1,943,2,0,0,3512,3514,C
2-PB1,944,4,0,1,3497,3502,C
2-PB1,945,1,3483,0,3,3487,T
2-PB1,946,2,2,0,3498,3502,C
2-PB1,947,1,1,3503,0,3505,G
2-PB1,948,3515,0,0,0,3515,A
2-PB1,949,3502,0,1,0,3503,A
2-PB1,950,0,3503,0,0,3503,T
2-PB1,951,1,0,3528,0,3529,G
2-PB1,952,2,3490,2,1,3495,T
2-PB1,953,0,3473,0,2,3475,T
2-PB1,954,0,3479,0,1,3480,T
2-PB1,955,0,3481,0,0,3481,T
2-PB1,956,1,3484,1,0,3486,T
2-PB1,957,0,1,3485,0,3486,G
2-PB1,958,2,0,3458,0,3460,G
2-PB1,959,0,1,0,3456,3457,C
2-PB1,960,1,2,3421,0,3424,G
2-PB1,961,3426,0,0,0,3426,A
2-PB1,962,0,3553,0,3,3556,T
2-PB1,963,0,0,3708,0,3708,G
2-PB1,964,3882,2,0,0,3884,A
2-PB1,965,1,3888,0,2,3891,T
2-PB1,966,0,3894,0,4,3898,T
2-PB1,967,3922,0,4,0,3926,A
2-PB1,968,0,2,0,3930,3932,C
2-PB1,969,3939,0,1,1,3941,A
2-PB1,970,0,3928,1,1,3930,T
2-PB1,971,3715,0,2,0,3717,A
2-PB1,972,0,1,0,3738,3739,C
2-PB1,973,3438,0,1,0,3439,A
2-PB1,974,1,3432,0,2,3435,T
2-PB1,975,0,0,0,3443,3443,C
2-PB1,976,3430,0,1,0,3431,A
2-PB1,977,0,0,0,3430,3430,C
2-PB1,978,3414,1,1,0,3416,A
2-PB1,979,3419,0,1,0,3420,A
2-PB1,980,3408,0,0,0,3408,A
2-PB1,981,2,1,3233,0,3236,G
2-PB1,982,3446,0,1,0,3447,A
2-PB1,983,3458,0,1,0,3459,A
2-PB1,984,3,3453,1,2,3459,T
2-PB1,985,0,1,0,3443,3444,C
2-PB1,986,3460,0,2,0,3462,A
2-PB1,987,3485,0,2,0,3487,A
2-PB1,988,2,0,0,3490,3492,C
2-PB1,989,0,1,0,3489,3490,C
2-PB1,990,0,3264,0,2,3266,T
2-PB1,991,2,1,3295,0,3298,G
2-PB1,992,3270,0,3,0,3273,A
2-PB1,993,1,0,3298,0,3299,G
2-PB1,994,0,3284,1,1,3286,T
2-PB1,995,1,3,3228,0,3232,G
2-PB1,996,3,0,3386,0,3389,G
2-PB1,997,2,3359,0,2,3363,T
2-PB1,998,0,3367,0,3,3370,T
2-PB1,999,2,0,0,3365,3367,C
2-PB1,1000,3331,0,1,0,3332,A
2-PB1,1001,1,1,3421,0,3423,G
2-PB1,1002,3420,1,0,0,3421,A
2-PB1,1003,3428,0,1,0,3429,A
2-PB1,1004,3420,0,1,0,3421,A
2-PB1,1005,0,1,0,3154,3155,C
2-PB1,1006,3183,1,2,0,3186,A
2-PB1,1007,0,3172,0,1,3173,T
2-PB1,1008,3,2,0,3204,3209,C
2-PB1,1009,1,0,0,3217,3218,C
2-PB1,1010,0,3082,0,6,3088,T
2-PB1,1011,0,3,3090,0,3093,G
2-PB1,1012,3060,1,4,0,3065,A
2-PB1,1013,0,0,3113,0,3113,G
2-PB1,1014,1,0,0,3097,3098,C
2-PB1,1015,2993,0,0,0,2993,A
2-PB1,1016,1,2993,0,2,2996,T
2-PB1,1017,1,1,0,2963,2965,C
2-PB1,1018,2,0,2964,0,2966,G
2-PB1,1019,0,0,0,3035,3035,C
2-PB1,1020,3061,1,1,0,3063,A
2-PB1,1021,1,0,0,3169,3170,C
2-PB1,1022,1,0,0,3164,3165,C
2-PB1,1023,3177,0,1,0,3178,A
2-PB1,1024,3219,0,0,0,3219,A
2-PB1,1025,0,3212,0,3,3215,T
2-PB1,1026,3194,2,1,1,3198,A
2-PB1,1027,3195,0,1,1,3197,A
2-PB1,1028,1,3093,0,0,3094,T
2-PB1,1029,1,1,3114,0,3116,G
2-PB1,1030,1,3029,0,1,3031,T
2-PB1,1031,2,2991,0,5,2998,T
2-PB1,1032,1,3,0,3004,3008,C
2-PB1,1033,0,2994,0,0,2994,T
2-PB1,1034,4,0,0,3002,3006,C
2-PB1,1035,2995,0,0,0,2995,A
2-PB1,1036,2993,0,2,0,2995,A
2-PB1,1037,3005,0,1,1,3007,A
2-PB1,1038,0,0,0,3013,3013,C
2-PB1,1039,3008,0,0,0,3008,A
2-PB1,1040,2997,0,1,0,2998,A
2-PB1,1041,2979,1,0,0,2980,A
2-PB1,1042,2999,1,1,0,3001,A
2-PB1,1043,0,3044,1,1,3046,T
2-PB1,1044,0,0,3061,0,3061,G
2-PB1,1045,2,2,3044,1,3049,G
2-PB1,1046,0,0,1,3032,3033,C
2-PB1,1047,3027,0,5,0,3032,A
2-PB1,1048,3038,0,2,0,3040,A
2-PB1,1049,1,1,3064,0,3066,G
2-PB1,1050,3054,0,3,0,3057,A
2-PB1,1051,1,0,0,3086,3087,C
2-PB1,1052,0,3048,0,1,3049,T
2-PB1,1053,2,0,3136,1,3139,G
2-PB1,1054,2,1,3123,1,3127,G
2-PB1,1055,0,0,3159,0,3159,G
2-PB1,1056,3153,1,2,0,3156,A
2-PB1,1057,3155,1,0,0,3156,A
2-PB1,1058,3138,0,3,0,3141,A
2-PB1,1059,3141,0,2,0,3143,A
2-PB1,1060,0,2,3266,0,3268,G
2-PB1,1061,0,2,3254,0,3256,G
2-PB1,1062,3234,0,5,0,3239,A
2-PB1,1063,1,3226,0,1,3228,T
2-PB1,1064,3219,0,6,0,3225,A
2-PB1,1065,0,0,1,3218,3219,C
2-PB1,1066,3269,0,0,0,3269,A
2-PB1,1067,2,3264,0,0,3266,T
2-PB1,1068,0,0,3295,0,3295,G
2-PB1,1069,1,3195,0,2,3198,T
2-PB1,1070,1,3186,1,1,3189,T
2-PB1,1071,3,2,0,3172,3177,C
2-PB1,1072,0,3,3187,1,3191,G
2-PB1,1073,3175,1,1,0,3177,A
2-PB1,1074,2,0,3268,0,3270,G
2-PB1,1075,3216,0,0,0,3216,A
2-PB1,1076,0,1,3249,1,3251,G
2-PB1,1077,0,3219,1,1,3221,T
2-PB1,1078,3205,0,0,0,3205,A
2-PB1,1079,3221,0,4,0,3225,A
2-PB1,1080,2,1,3227,0,3230,G
2-PB1,1081,3204,0,4,2,3210,A
2-PB1,1082,1,1,3271,0,3273,G
2-PB1,1083,3178,0,4,0,3182,A
2-PB1,1084,3206,0,3,0,3209,A
2-PB1,1085,2,3176,0,0,3178,T
2-PB1,1086,0,2,3173,0,3175,G
2-PB1,1087,3167,0,9,0,3176,A
2-PB1,1088,3158,2,2,0,3162,A
2-PB1,1089,1,1,3157,0,3159,G
2-PB1,1090,1,0,0,3154,3155,C
2-PB1,1091,1,3063,1,4,3069,T
2-PB1,1092,1,1,0,3115,3117,C
2-PB1,1093,1,0,0,3117,3118,C
2-PB1,1094,2,0,3115,0,3117,G
2-PB1,1095,3,2,3122,0,3127,G
2-PB1,1096,3130,0,0,0,3130,A
2-PB1,1097,0,1,0,3188,3189,C
2-PB1,1098,3190,0,2,0,3192,A
2-PB1,1099,0,1,0,3249,3250,C
2-PB1,1100,3229,2,2,0,3233,A
2-PB1,1101,3242,0,1,0,3243,A
2-PB1,1102,3246,0,1,1,3248,A
2-PB1,1103,0,3256,1,1,3258,T
2-PB1,1104,3253,0,1,0,3254,A
2-PB1,1105,0,0,0,3250,3250,C
2-PB1,1106,2,1,0,3223,3226,C
2-PB1,1107,0,3146,0,5,3151,T
2-PB1,1108,3,0,3156,0,3159,G
2-PB1,1109,0,1,0,3169,3170,C
2-PB1,1110,3169,2,2,0,3173,A
2-PB1,1111,1,1,3170,0,3172,G
2-PB1,1112,3157,0,0,0,3157,A
2-PB1,1113,3153,0,0,0,3153,A
2-PB1,1114,3168,0,0,1,3169,A
2-PB1,1115,0,3172,0,0,3172,T
2-PB1,1116,0,0,3187,0,3187,G
2-PB1,1117,2,1,0,3167,3170,C
2-PB1,1118,1,3169,0,3,3173,T
2-PB1,1119,3212,0,1,0,3213,A
2-PB1,1120,0,0,3203,0,3203,G
2-PB1,1121,0,0,0,3199,3199,C
2-PB1,1122,3191,0,2,0,3193,A
2-PB1,1123,3180,0,4,0,3184,A
2-PB1,1124,1,0,3178,0,3179,G
2-PB1,1125,0,0,0,3167,3167,C
2-PB1,1126,3137,0,0,0,3137,A
2-PB1,1127,0,3204,3,2,3209,T
2-PB1,1128,1,3203,0,2,3206,T
2-PB1,1129,0,0,3335,0,3335,G
2-PB1,1130,3369,0,4,0,3373,A
2-PB1,1131,2,1,0,3355,3358,C
2-PB1,1132,3,7,0,3366,3376,C
2-PB1,1133,1,3264,0,5,3270,T
2-PB1,1134,0,2,3346,0,3348,G
2-PB1,1135,3353,0,0,1,3354,A
2-PB1,1136,3360,0,4,1,3365,A
2-PB1,1137,0,0,3419,0,3419,G
2-PB1,1138,0,3289,0,0,3289,T
2-PB1,1139,3307,1,0,1,3309,A
2-PB1,1140,0,3273,0,1,3274,T
2-PB1,1141,0,3286,0,3,3289,T
2-PB1,1142,0,3279,0,2,3281,T
2-PB1,1143,0,0,0,3229,3229,C
2-PB1,1144,3236,0,2,0,3238,A
2-PB1,1145,3250,1,1,0,3252,A
2-PB1,1146,0,3195,0,1,3196,T
2-PB1,1147,1,3,3223,0,3227,G
2-PB1,1148,3200,0,0,0,3200,A
2-PB1,1149,3203,0,6,0,3209,A
2-PB1,1150,0,3174,0,3,3177,T
2-PB1,1151,2,0,0,3224,3226,C
2-PB1,1152,3228,1,1,0,3230,A
2-PB1,1153,3241,0,1,0,3242,A
2-PB1,1154,0,1,0,3226,3227,C
2-PB1,1155,3223,0,2,0,3225,A
2-PB1,1156,3219,0,1,0,3220,A
2-PB1,1157,1,3,3205,0,3209,G
2-PB1,1158,1,1,3242,0,3244,G
2-PB1,1159,3220,1,2,0,3223,A
2-PB1,1160,3221,0,2,0,3223,A
2-PB1,1161,0,0,3235,1,3236,G
2-PB1,1162,3211,1,2,0,3214,A
2-PB1,1163,3219,0,2,0,3221,A
2-PB1,1164,3210,0,0,0,3210,A
2-PB1,1165,3216,0,3,0,3219,A
2-PB1,1166,0,3205,0,1,3206,T
2-PB1,1167,0,3181,1,1,3183,T
2-PB1,1168,2,3,3182,1,3188,G
2-PB1,1169,3160,5,3,0,3168,A
2-PB1,1170,2,1,3197,0,3200,G
2-PB1,1171,3194,0,0,0,3194,A
2-PB1,1172,3223,0,1,0,3224,A
2-PB1,1173,3274,0,0,0,3274,A
2-PB1,1174,3288,1,0,0,3289,A
2-PB1,1175,0,3287,0,1,3288,T
2-PB1,1176,3284,0,1,0,3285,A
2-PB1,1177,3284,0,8,0,3292,A
2-PB1,1178,1,1,3288,0,3290,G
2-PB1,1179,1,1,3298,0,3300,G
2-PB1,1180,1,1,0,3287,3289,C
2-PB1,1181,1,1,0,3272,3274,C
2-PB1,1182,1,3228,0,6,3235,T
2-PB1,1183,1,0,0,3640,3641,C
2-PB1,1184,2,3665,0,2,3669,T
2-PB1,1185,0,3676,2,1,3679,T
2-PB1,1186,0,0,0,3759,3759,C
2-PB1,1187,0,3738,0,3,3741,T
2-PB1,1188,3761,0,1,0,3762,A
2-PB1,1189,3753,1,2,0,3756,A
2-PB1,1190,0,3740,0,1,3741,T
2-PB1,1191,3774,0,1,0,3775,A
2-PB1,1192,0,1,3672,0,3673,G
2-PB1,1193,3346,0,0,0,3346,A
2-PB1,1194,0,3346,0,2,3348,T
2-PB1,1195,0,1,3297,0,3298,G
2-PB1,1196,2,0,3364,0,3366,G
2-PB1,1197,1,0,0,3340,3341,C
2-PB1,1198,3372,0,2,0,3374,A
2-PB1,1199,1,2,0,3376,3379,C
2-PB1,1200,3332,0,1,0,3333,A
2-PB1,1201,1,1,3469,0,3471,G
2-PB1,1202,0,2,0,3463,3465,C
2-PB1,1203,3466,0,0,0,3466,A
2-PB1,1204,0,3536,0,5,3541,T
2-PB1,1205,2,1,0,3509,3512,C
2-PB1,1206,3550,0,4,0,3554,A
2-PB1,1207,0,3540,0,2,3542,T
2-PB1,1208,0,3529,0,1,3530,T
2-PB1,1209,0,2,3505,0,3507,G
2-PB1,1210,3377,0,3,0,3380,A
2-PB1,1211,2,1,3472,0,3475,G
2-PB1,1212,1,0,0,3453,3454,C
2-PB1,1213,3,0,0,3391,3394,C
2-PB1,1214,3,1,0,3450,3454,C
2-PB1,1215,0,3408,0,4,3412,T
2-PB1,1216,1,2,3685,0,3688,G
2-PB1,1217,1,1,3766,0,3768,G
2-PB1,1218,3753,0,6,0,3759,A
2-PB1,1219,3898,0,0,0,3898,A
2-PB1,1220,0,3799,0,1,3800,T
2-PB1,1221,0,0,3927,0,3927,G
2-PB1,1222,3958,2,6,1,3967,A
2-PB1,1223,0,3966,0,2,3968,T
2-PB1,1224,0,3,3972,0,3975,G
2-PB1,1225,3933,3,2,0,3938,A
2-PB1,1226,0,3873,0,2,3875,T
2-PB1,1227,0,6,3881,0,3887,G
2-PB1,1228,1,4,3908,0,3913,G
2-PB1,1229,4,0,3938,0,3942,G
2-PB1,1230,1,1,0,3897,3899,C
2-PB1,1231,3907,0,4,1,3912,A
2-PB1,1232,1,3938,0,3,3942,T
2-PB1,1233,1,0,4075,1,4077,G
2-PB1,1234,0,4056,0,9,4065,T
2-PB1,1235,1,4091,0,3,4095,T
2-PB1,1236,3,2,0,4089,4094,C
2-PB1,1237,4061,2,4,0,4067,A
2-PB1,1238,4080,1,1,0,4082,A
2-PB1,1239,0,1,0,4091,4092,C
2-PB1,1240,4099,0,1,0,4100,A
2-PB1,1241,0,4102,0,2,4104,T
2-PB1,1242,0,0,4138,0,4138,G
2-PB1,1243,1,2,0,4142,4145,C
2-PB1,1244,1,4131,0,3,4135,T
2-PB1,1245,4190,0,0,0,4190,A
2-PB1,1246,4181,0,1,0,4182,A
2-PB1,1247,2,0,4270,0,4272,G
2-PB1,1248,0,4258,0,0,4258,T
2-PB1,1249,4235,0,2,0,4237,A
2-PB1,1250,1,1,0,4272,4274,C
2-PB1,1251,3,0,4243,0,4246,G
2-PB1,1252,0,1,4618,0,4619,G
2-PB1,1253,1,4599,0,1,4601,T
2-PB1,1254,0,4556,3,0,4559,T
2-PB1,1255,0,4555,0,8,4563,T
2-PB1,1256,0,4548,0,1,4549,T
2-PB1,1257,4550,2,3,0,4555,A
2-PB1,1258,0,1,4543,0,4544,G
2-PB1,1259,0,1,4540,0,4541,G
2-PB1,1260,4427,0,6,0,4433,A
2-PB1,1261,1,0,4418,0,4419,G
2-PB1,1262,0,4493,1,0,4494,T
2-PB1,1263,5,0,0,4492,4497,C
2-PB1,1264,2,4486,1,8,4497,T
2-PB1,1265,0,0,0,4497,4497,C
2-PB1,1266,6,4,4503,0,4513,G
2-PB1,1267,4688,0,1,0,4689,A
2-PB1,1268,0,4706,0,1,4707,T
2-PB1,1269,4736,0,1,0,4737,A
2-PB1,1270,0,0,0,4738,4738,C
2-PB1,1271,2,4647,0,6,4655,T
2-PB1,1272,4,1,4676,0,4681,G
2-PB1,1273,4669,0,2,1,4672,A
2-PB1,1274,4781,0,1,0,4782,A
2-PB1,1275,2,4767,0,3,4772,T
2-PB1,1276,3,1,0,4649,4653,C
2-PB1,1277,0,4632,0,2,4634,T
2-PB1,1278,3,4616,1,2,4622,T
2-PB1,1279,1,1,4639,0,4641,G
2-PB1,1280,0,3,4641,1,4645,G
2-PB1,1281,4627,0,4,1,4632,A
2-PB1,1282,0,2,0,4648,4650,C
2-PB1,1283,4575,0,2,0,4577,A
2-PB1,1284,4615,0,1,0,4616,A
2-PB1,1285,4618,0,0,0,4618,A
2-PB1,1286,4631,0,9,1,4641,A
2-PB1,1287,0,0,4774,1,4775,G
2-PB1,1288,4762,1,2,0,4765,A
2-PB1,1289,4768,0,4,1,4773,A
2-PB1,1290,4773,0,1,0,4774,A
2-PB1,1291,0,4768,0,2,4770,T
2-PB1,1292,4786,1,2,1,4790,A
2-PB1,1293,1,0,0,4954,4955,C
2-PB1,1294,4923,0,5,0,4928,A
2-PB1,1295,1,0,0,4954,4955,C
2-PB1,1296,1,3,0,4876,4880,C
2-PB1,1297,4870,0,1,0,4871,A
2-PB1,1298,4936,0,1,0,4937,A
2-PB1,1299,1,2,5167,0,5170,G
2-PB1,1300,5259,1,4,0,5264,A
2-PB1,1301,0,4,0,5328,5332,C
2-PB1,1302,5168,0,3,0,5171,A
2-PB1,1303,5362,0,7,0,5369,A
2-PB1,1304,0,1,0,5387,5388,C
2-PB1,1305,5466,2,4,2,5474,A
2-PB1,1306,0,5502,2,1,5505,T
2-PB1,1307,5456,0,3,0,5459,A
2-PB1,1308,0,0,0,5575,5575,C
2-PB1,1309,0,5393,0,2,5395,T
2-PB1,1310,3,3,5510,0,5516,G
2-PB1,1311,2,1,5506,0,5509,G
2-PB1,1312,0,5393,0,6,5399,T
2-PB1,1313,0,5,5362,1,5368,G
2-PB1,1314,0,1,5301,0,5302,G
2-PB1,1315,0,2,5317,0,5319,G
2-PB1,1316,5311,1,0,1,5313,A
2-PB1,1317,1,5234,0,2,5237,T
2-PB1,1318,1,7,5201,0,5209,G
2-PB1,1319,1,1,5185,0,5187,G
2-PB1,1320,1,2,5229,0,5232,G
2-PB1,1321,1,1,0,5298,5300,C
2-PB1,1322,0,5272,0,9,5281,T
2-PB1,1323,0,0,1,5328,5329,C
2-PB1,1324,2,3,0,5288,5293,C
2-PB1,1325,5309,0,1,0,5310,A
2-PB1,1326,5291,1,1,3,5296,A
2-PB1,1327,2,5264,0,0,5266,T
2-PB1,1328,1,3,0,5267,5271,C
2-PB1,1329,1,3,1,5216,5221,C
2-PB1,1330,0,5156,0,4,5160,T
2-PB1,1331,2,0,1,5164,5167,C
2-PB1,1332,2,1,0,5128,5131,C
2-PB1,1333,2,6,5132,0,5140,G
2-PB1,1334,5133,2,1,0,5136,A
2-PB1,1335,0,4,0,5128,5132,C
2-PB1,1336,1,3,5139,0,5143,G
2-PB1,1337,5190,0,1,0,5191,A
2-PB1,1338,0,5171,0,3,5174,T
2-PB1,1339,1,5166,1,0,5168,T
2-PB1,1340,1,5175,0,5,5181,T
2-PB1,1341,2,5173,0,3,5178,T
2-PB1,1342,0,3,5183,0,5186,G
2-PB1,1343,3,7,0,5215,5225,C
2-PB1,1344,4,0,0,5229,5233,C
2-PB1,1345,5,1,0,5398,5404,C
2-PB1,1346,0,5315,1,6,5322,T
2-PB1,1347,1,1,0,5517,5519,C
2-PB1,1348,5575,3,0,0,5578,A
2-PB1,1349,1,5596,1,0,5598,T
2-PB1,1350,5591,0,2,0,5593,A
2-PB1,1351,2,0,5660,0,5662,G
2-PB1,1352,0,5602,0,2,5604,T
2-PB1,1353,3,3,5622,0,5628,G
2-PB1,1354,5414,1,3,1,5419,A
2-PB1,1355,5436,0,3,0,5439,A
2-PB1,1356,0,5206,0,1,5207,T
2-PB1,1357,2,0,5213,0,5215,G
2-PB1,1358,2,4,0,5237,5243,C
2-PB1,1359,5254,0,7,0,5261,A
2-PB1,1360,2,5,0,5264,5271,C
2-PB1,1361,1,2,0,5216,5219,C
2-PB1,1362,5171,0,0,0,5171,A
2-PB1,1363,5166,1,2,1,5170,A
2-PB1,1364,5149,0,0,0,5149,A
2-PB1,1365,1,4989,2,4,4996,T
2-PB1,1366,4,0,0,5228,5232,C
2-PB1,1367,5227,1,4,0,5232,A
2-PB1,1368,0,5220,0,2,5222,T
2-PB1,1369,3,3,5245,0,5251,G
2-PB1,1370,5227,2,7,0,5236,A
2-PB1,1371,0,2,5308,1,5311,G
2-PB1,1372,1,4,5365,1,5371,G
2-PB1,1373,1,2,5405,0,5408,G
2-PB1,1374,5368,0,11,0,5379,A
2-PB1,1375,5469,0,2,2,5473,A
2-PB1,1376,0,5477,0,1,5478,T
2-PB1,1377,5495,0,2,0,5497,A
2-PB1,1378,0,0,0,5498,5498,C
2-PB1,1379,5526,1,4,0,5531,A
2-PB1,1380,5506,1,8,1,5516,A
2-PB1,1381,1,0,5499,0,5500,G
2-PB1,1382,0,2,0,5461,5463,C
2-PB1,1383,5420,1,1,0,5422,A
2-PB1,1384,0,3,5492,0,5495,G
2-PB1,1385,1,4,5490,0,5495,G
2-PB1,1386,5461,1,2,0,5464,A
2-PB1,1387,0,1,5533,0,5534,G
2-PB1,1388,1,5428,0,5,5434,T
2-PB1,1389,0,2,5520,1,5523,G
2-PB1,1390,3,2,5531,0,5536,G
2-PB1,1391,5500,2,8,0,5510,A
2-PB1,1392,0,5529,0,1,5530,T
2-PB1,1393,5369,1,3,0,5373,A
2-PB1,1394,0,2,5443,0,5445,G
2-PB1,1395,5512,0,4,0,5516,A
2-PB1,1396,1,5532,1,0,5534,T
2-PB1,1397,2,5493,1,2,5498,T
2-PB1,1398,1,0,0,5664,5665,C
2-PB1,1399,0,5626,2,2,5630,T
2-PB1,1400,5629,0,1,0,5630,A
2-PB1,1401,0,0,0,5626,5626,C
2-PB1,1402,5510,0,6,0,5516,A
2-PB1,1403,1,0,5521,0,5522,G
2-PB1,1404,0,3,5403,0,5406,G
2-PB1,1405,5473,0,6,0,5479,A
2-PB1,1406,0,1,1,5461,5463,C
2-PB1,1407,3,2,0,5293,5298,C
2-PB1,1408,1,5265,0,10,5276,T
2-PB1,1409,3,0,5286,0,5289,G
2-PB1,1410,0,2,0,5294,5296,C
2-PB1,1411,5297,0,1,0,5298,A
2-PB1,1412,5336,0,4,0,5340,A
2-PB1,1413,0,0,5360,0,5360,G
2-PB1,1414,0,5238,0,4,5242,T
2-PB1,1415,0,5240,0,0,5240,T
2-PB1,1416,5168,1,2,0,5171,A
2-PB1,1417,3,1,5200,0,5204,G
2-PB1,1418,1,5161,1,0,5163,T
2-PB1,1419,2,3,5150,0,5155,G
2-PB1,1420,2,5,5143,0,5150,G
2-PB1,1421,4,1,5181,0,5186,G
2-PB1,1422,5131,0,2,0,5133,A
2-PB1,1423,5166,0,0,0,5166,A
2-PB1,1424,0,5159,0,3,5162,T
2-PB1,1425,3,0,1,5175,5179,C
2-PB1,1426,5181,0,4,0,5185,A
2-PB1,1427,5211,0,6,0,5217,A
2-PB1,1428,2,1,0,5201,5204,C
2-PB1,1429,5202,1,2,0,5205,A
2-PB1,1430,0,5068,0,2,5070,T
2-PB1,1431,0,6,5071,0,5077,G
2-PB1,1432,5061,0,11,0,5072,A
2-PB1,1433,1,2,5120,0,5123,G
2-PB1,1434,0,0,0,5116,5116,C
2-PB1,1435,5101,1,0,0,5102,A
2-PB1,1436,5096,2,6,0,5104,A
2-PB1,1437,5101,0,1,0,5102,A
2-PB1,1438,5154,0,2,0,5156,A
2-PB1,1439,5158,3,2,0,5163,A
2-PB1,1440,6,1,5162,0,5169,G
2-PB1,1441,5091,0,3,1,5095,A
2-PB1,1442,5018,1,5,0,5024,A
2-PB1,1443,6,0,5273,0,5279,G
2-PB1,1444,1,5257,0,1,5259,T
2-PB1,1445,3,0,1,5247,5251,C
2-PB1,1446,4,0,0,5269,5273,C
2-PB1,1447,1,5232,0,8,5241,T
2-PB1,1448,5296,1,4,0,5301,A
2-PB1,1449,1,5271,0,2,5274,T
2-PB1,1450,5281,2,2,0,5285,A
2-PB1,1451,0,5277,0,3,5280,T
2-PB1,1452,5139,1,1,0,5141,A
2-PB1,1453,5151,1,1,1,5154,A
2-PB1,1454,5146,2,2,0,5150,A
2-PB1,1455,0,5145,1,1,5147,T
2-PB1,1456,5090,0,3,0,5093,A
2-PB1,1457,5081,0,0,0,5081,A
2-PB1,1458,5089,0,2,0,5091,A
2-PB1,1459,5113,0,4,1,5118,A
2-PB1,1460,0,0,0,5133,5133,C
2-PB1,1461,4843,1,1,1,4846,A
2-PB1,1462,1,3,4857,0,4861,G
2-PB1,1463,1,3,4834,0,4838,G
2-PB1,1464,2,2,4837,0,4841,G
2-PB1,1465,4840,0,3,0,4843,A
2-PB1,1466,0,1,0,4861,4862,C
2-PB1,1467,4833,0,1,0,4834,A
2-PB1,1468,0,4851,0,2,4853,T
2-PB1,1469,0,4856,1,3,4860,T
2-PB1,1470,0,4872,1,4,4877,T
2-PB1,1471,1,1,4870,0,4872,G
2-PB1,1472,4802,2,4,1,4809,A
2-PB1,1473,4832,1,2,0,4835,A
2-PB1,1474,0,4845,0,1,4846,T
2-PB1,1475,1,4703,0,1,4705,T
2-PB1,1476,3,0,0,4759,4762,C
2-PB1,1477,4739,1,2,0,4742,A
2-PB1,1478,0,0,0,4749,4749,C
2-PB1,1479,1,4746,0,1,4748,T
2-PB1,1480,4763,0,0,0,4763,A
2-PB1,1481,0,0,4762,0,4762,G
2-PB1,1482,1,0,0,4751,4752,C
2-PB1,1483,2,4691,0,9,4702,T
2-PB1,1484,0,4752,0,0,4752,T
2-PB1,1485,1,4721,0,1,4723,T
2-PB1,1486,1,4735,1,1,4738,T
2-PB1,1487,0,4726,0,2,4728,T
2-PB1,1488,1,4725,0,2,4728,T
2-PB1,1489,0,4695,0,1,4696,T
2-PB1,1490,4701,0,2,1,4704,A
2-PB1,1491,0,4665,0,0,4665,T
2-PB1,1492,0,2,0,4695,4697,C
2-PB1,1493,4,0,4704,1,4709,G
2-PB1,1494,4830,0,2,0,4832,A
2-PB1,1495,0,4867,2,1,4870,T
2-PB1,1496,4846,0,0,0,4846,A
2-PB1,1497,0,4920,0,1,4921,T
2-PB1,1498,1,3,4892,0,4896,G
2-PB1,1499,0,2,4942,0,4944,G
2-PB1,1500,4944,2,1,0,4947,A
2-PB1,1501,2,4893,1,0,4896,T
2-PB1,1502,0,4854,1,0,4855,T
2-PB1,1503,0,4691,1,2,4694,T
2-PB1,1504,2,0,4700,0,4702,G
2-PB1,1505,2,4682,0,4,4688,T
2-PB1,1506,2,2,4658,1,4663,G
2-PB1,1507,3,1,4668,0,4672,G
2-PB1,1508,0,1,0,4619,4620,C
2-PB1,1509,0,4632,0,2,4634,T
2-PB1,1510,4644,1,1,0,4646,A
2-PB1,1511,4686,0,0,0,4686,A
2-PB1,1512,1,4728,1,3,4733,T
2-PB1,1513,0,4737,1,2,4740,T
2-PB1,1514,2,4735,0,0,4737,T
2-PB1,1515,0,4731,1,0,4732,T
2-PB1,1516,4733,0,3,0,4736,A
2-PB1,1517,3,0,4775,0,4778,G
2-PB1,1518,1,5,0,4767,4773,C
2-PB1,1519,4765,1,1,0,4767,A
2-PB1,1520,1,4706,0,0,4707,T
2-PB1,1521,0,1,4636,0,4637,G
2-PB1,1522,4,2,4712,1,4719,G
2-PB1,1523,4658,1,2,0,4661,A
2-PB1,1524,2,0,4694,0,4696,G
2-PB1,1525,1,1,0,4688,4690,C
2-PB1,1526,0,4637,0,3,4640,T
2-PB1,1527,4,0,4673,0,4677,G
2-PB1,1528,4,1,0,4622,4627,C
2-PB1,1529,3,3,0,4626,4632,C
2-PB1,1530,4,1,0,4667,4672,C
2-PB1,1531,4549,0,1,1,4551,A
2-PB1,1532,0,0,4908,0,4908,G
2-PB1,1533,0,4895,1,2,4898,T
2-PB1,1534,0,4890,0,0,4890,T
2-PB1,1535,0,4900,2,1,4903,T
2-PB1,1536,1,4836,0,1,4838,T
2-PB1,1537,2,2,4811,0,4815,G
2-PB1,1538,4,1,4818,0,4823,G
2-PB1,1539,4757,1,6,2,4766,A
2-PB1,1540,1,0,4811,0,4812,G
2-PB1,1541,0,4293,0,2,4295,T
2-PB1,1542,2,0,4488,0,4490,G
2-PB1,1543,0,4457,0,4,4461,T
2-PB1,1544,0,0,0,4461,4461,C
2-PB1,1545,0,4478,0,2,4480,T
2-PB1,1546,4,0,4511,1,4516,G
2-PB1,1547,0,0,4583,0,4583,G
2-PB1,1548,4579,0,9,0,4588,A
2-PB1,1549,4606,0,4,0,4610,A
2-PB1,1550,0,4588,0,3,4591,T
2-PB1,1551,4263,0,2,0,4265,A
2-PB1,1552,4260,0,2,0,4262,A
2-PB1,1553,4265,0,0,0,4265,A
2-PB1,1554,3,3,0,4262,4268,C
2-PB1,1555,0,0,4223,1,4224,G
2-PB1,1556,4136,0,3,0,4139,A
2-PB1,1557,1,0,4158,0,4159,G
2-PB1,1558,2,4123,1,5,4131,T
2-PB1,1559,0,2,0,4164,4166,C
2-PB1,1560,4144,0,2,0,4146,A
2-PB1,1561,0,0,4233,0,4233,G
2-PB1,1562,0,1,0,4227,4228,C
2-PB1,1563,0,4216,0,4,4220,T
2-PB1,1564,1,0,4359,1,4361,G
2-PB1,1565,4323,0,4,0,4327,A
2-PB1,1566,0,4340,0,0,4340,T
2-PB1,1567,4338,0,4,0,4342,A
2-PB1,1568,0,4279,0,0,4279,T
2-PB1,1569,1,3,4314,0,4318,G
2-PB1,1570,4107,1,7,0,4115,A
2-PB1,1571,2,0,4190,0,4192,G
2-PB1,1572,2,0,0,4192,4194,C
2-PB1,1573,3948,0,1,0,3949,A
2-PB1,1574,2,3936,0,1,3939,T
2-PB1,1575,2,3928,0,0,3930,T
2-PB1,1576,1,5,3975,0,3981,G
2-PB1,1577,0,2,4181,0,4183,G
2-PB1,1578,4068,0,4,0,4072,A
2-PB1,1579,2,0,4102,0,4104,G
2-PB1,1580,0,3934,0,2,3936,T
2-PB1,1581,3923,0,0,1,3924,A
2-PB1,1582,3916,1,5,0,3922,A
2-PB1,1583,1,1,0,3953,3955,C
2-PB1,1584,3937,0,1,0,3938,A
2-PB1,1585,1,1,4024,0,4026,G
2-PB1,1586,1,3565,0,1,3567,T
2-PB1,1587,2,0,3599,0,3601,G
2-PB1,1588,3646,0,6,0,3652,A
2-PB1,1589,2,3662,0,2,3666,T
2-PB1,1590,3660,0,2,0,3662,A
2-PB1,1591,3661,0,1,0,3662,A
2-PB1,1592,3528,0,10,0,3538,A
2-PB1,1593,6,0,3590,0,3596,G
2-PB1,1594,3409,1,2,0,3412,A
2-PB1,1595,3419,0,3,1,3423,A
2-PB1,1596,0,0,0,3430,3430,C
2-PB1,1597,3326,0,3,0,3329,A
2-PB1,1598,3374,1,1,0,3376,A
2-PB1,1599,0,0,0,3392,3392,C
2-PB1,1600,3443,0,2,0,3445,A
2-PB1,1601,0,3434,2,0,3436,T
2-PB1,1602,2,1,3357,0,3360,G
2-PB1,1603,3344,0,7,0,3351,A
2-PB1,1604,0,3342,0,0,3342,T
2-PB1,1605,3308,0,2,0,3310,A
2-PB1,1606,3326,0,1,0,3327,A
2-PB1,1607,3318,0,0,0,3318,A
2-PB1,1608,0,0,0,3350,3350,C
2-PB1,1609,3217,0,1,0,3218,A
2-PB1,1610,3216,2,0,0,3218,A
2-PB1,1611,1,3152,0,1,3154,T
2-PB1,1612,0,1,3146,0,3147,G
2-PB1,1613,3208,0,6,0,3214,A
2-PB1,1614,1,0,0,3252,3253,C
2-PB1,1615,1,0,0,3198,3199,C
2-PB1,1616,0,3105,0,2,3107,T
2-PB1,1617,1,3026,0,2,3029,T
2-PB1,1618,0,2,3037,0,3039,G
2-PB1,1619,1,1,3050,0,3052,G
2-PB1,1620,3086,1,0,0,3087,A
2-PB1,1621,2,0,0,3098,3100,C
2-PB1,1622,1,1,0,3054,3056,C
2-PB1,1623,3034,0,5,0,3039,A
2-PB1,1624,0,0,3092,0,3092,G
2-PB1,1625,0,2,0,3099,3101,C
2-PB1,1626,3101,0,2,1,3104,A
2-PB1,1627,3093,0,2,0,3095,A
2-PB1,1628,1,0,0,3084,3085,C
2-PB1,1629,3056,1,2,0,3059,A
2-PB1,1630,0,0,3126,0,3126,G
2-PB1,1631,0,2,0,3114,3116,C
2-PB1,1632,2,0,0,3104,3106,C
2-PB1,1633,0,0,0,3113,3113,C
2-PB1,1634,3126,0,0,0,3126,A
2-PB1,1635,3118,0,0,0,3118,A
2-PB1,1636,3113,0,1,0,3114,A
2-PB1,1637,2,3122,1,1,3126,T
2-PB1,1638,0,2,3101,0,3103,G
2-PB1,1639,1,0,3067,0,3068,G
2-PB1,1640,0,1,0,3061,3062,C
2-PB1,1641,0,3034,0,5,3039,T
2-PB1,1642,4,1,0,3126,3131,C
2-PB1,1643,2,3102,1,4,3109,T
2-PB1,1644,2,0,0,3144,3146,C
2-PB1,1645,2,0,1,3163,3166,C
2-PB1,1646,3170,0,1,0,3171,A
2-PB1,1647,3176,0,0,0,3176,A
2-PB1,1648,0,3156,0,1,3157,T
2-PB1,1649,0,3122,0,0,3122,T
2-PB1,1650,0,0,3141,0,3141,G
2-PB1,1651,0,3066,0,3,3069,T
2-PB1,1652,2,3054,0,0,3056,T
2-PB1,1653,1,2,0,3063,3066,C
2-PB1,1654,3062,0,2,0,3064,A
2-PB1,1655,0,3041,1,2,3044,T
2-PB1,1656,0,0,0,3046,3046,C
2-PB1,1657,3070,1,1,1,3073,A
2-PB1,1658,3067,0,0,0,3067,A
2-PB1,1659,3071,0,3,0,3074,A
2-PB1,1660,0,0,3169,0,3169,G
2-PB1,1661,3154,0,0,0,3154,A
2-PB1,1662,0,3148,1,2,3151,T
2-PB1,1663,0,3171,1,1,3173,T
2-PB1,1664,3185,0,3,0,3188,A
2-PB1,1665,0,0,0,3278,3278,C
2-PB1,1666,3268,1,4,0,3273,A
2-PB1,1667,0,2,3341,0,3343,G
2-PB1,1668,3317,0,3,0,3320,A
2-PB1,1669,1,3383,0,0,3384,T
2-PB1,1670,3394,0,4,0,3398,A
2-PB1,1671,0,2,0,3570,3572,C
2-PB1,1672,3648,0,3,0,3651,A
2-PB1,1673,0,4,0,3894,3898,C
2-PB1,1674,3819,0,2,1,3822,A
2-PB1,1675,1,3851,0,0,3852,T
2-PB1,1676,3839,0,0,0,3839,A
2-PB1,1677,0,3811,0,2,3813,T
2-PB1,1678,3725,1,0,1,3727,A
2-PB1,1679,1,3,3729,0,3733,G
2-PB1,1680,1,1,3688,0,3690,G
2-PB1,1681,2,3522,1,6,3531,T
2-PB1,1682,3,0,3466,0,3469,G
2-PB1,1683,2,2,0,3565,3569,C
2-PB1,1684,2,3,0,3573,3578,C
2-PB1,1685,3621,0,0,0,3621,A
2-PB1,1686,0,3622,0,0,3622,T
2-PB1,1687,3624,0,1,0,3625,A
2-PB1,1688,1,3,3620,0,3624,G
2-PB1,1689,3510,0,2,0,3512,A
2-PB1,1690,0,3,3546,0,3549,G
2-PB1,1691,1,2,3536,0,3539,G
2-PB1,1692,3396,0,5,0,3401,A
2-PB1,1693,0,0,3402,1,3403,G
2-PB1,1694,3372,2,7,2,3383,A
2-PB1,1695,0,2,0,3400,3402,C
2-PB1,1696,3388,2,3,0,3393,A
2-PB1,1697,0,0,0,3410,3410,C
2-PB1,1698,3409,0,1,1,3411,A
2-PB1,1699,0,0,0,3431,3431,C
2-PB1,1700,3394,1,0,0,3395,A
2-PB1,1701,3411,0,1,0,3412,A
2-PB1,1702,3432,0,1,0,3433,A
2-PB1,1703,0,3421,1,0,3422,T
2-PB1,1704,0,0,0,3440,3440,C
2-PB1,1705,0,1,0,3441,3442,C
2-PB1,1706,3365,0,2,0,3367,A
2-PB1,1707,0,2,3380,0,3382,G
2-PB1,1708,3365,0,3,0,3368,A
2-PB1,1709,0,1,0,3408,3409,C
2-PB1,1710,5,1,3383,0,3389,G
2-PB1,1711,3359,2,4,0,3365,A
2-PB1,1712,0,0,3379,0,3379,G
2-PB1,1713,3383,0,7,1,3391,A
2-PB1,1714,3383,1,4,0,3388,A
2-PB1,1715,1,2,3391,0,3394,G
2-PB1,1716,3361,0,2,0,3363,A
2-PB1,1717,0,3355,0,0,3355,T
2-PB1,1718,3,1,0,3347,3351,C
2-PB1,1719,3351,0,0,1,3352,A
2-PB1,1720,0,3331,0,0,3331,T
2-PB1,1721,0,3317,1,0,3318,T
2-PB1,1722,0,0,2,3331,3333,C
2-PB1,1723,1,4,3335,0,3340,G
2-PB1,1724,3282,2,2,0,3286,A
2-PB1,1725,0,1,3306,0,3307,G
2-PB1,1726,3290,1,0,0,3291,A
2-PB1,1727,0,3373,0,1,3374,T
2-PB1,1728,3375,0,3,0,3378,A
2-PB1,1729,3386,1,0,0,3387,A
2-PB1,1730,3383,0,1,0,3384,A
2-PB1,1731,3319,0,1,4,3324,A
2-PB1,1732,3352,0,0,0,3352,A
2-PB1,1733,3361,0,4,1,3366,A
2-PB1,1734,2,0,3378,0,3380,G
2-PB1,1735,0,0,0,3368,3368,C
2-PB1,1736,0,3323,1,1,3325,T
2-PB1,1737,1,0,3348,0,3349,G
2-PB1,1738,1,3330,0,1,3332,T
2-PB1,1739,0,1,3313,0,3314,G
2-PB1,1740,1,3,3335,0,3339,G
2-PB1,1741,2,3,3353,1,3359,G
2-PB1,1742,3388,0,2,0,3390,A
2-PB1,1743,0,3356,0,3,3359,T
2-PB1,1744,3,1,0,3364,3368,C
2-PB1,1745,3374,0,1,0,3375,A
2-PB1,1746,3390,0,2,0,3392,A
2-PB1,1747,3411,0,4,1,3416,A
2-PB1,1748,0,1,0,3405,3406,C
2-PB1,1749,2,1,0,3396,3399,C
2-PB1,1750,6,1,0,3368,3375,C
2-PB1,1751,3365,0,1,0,3366,A
2-PB1,1752,3428,0,5,0,3433,A
2-PB1,1753,2,3421,0,0,3423,T
2-PB1,1754,1,2,0,3432,3435,C
2-PB1,1755,3403,0,2,0,3405,A
2-PB1,1756,3381,0,3,0,3384,A
2-PB1,1757,2,6,3451,0,3459,G
2-PB1,1758,0,1,3435,0,3436,G
2-PB1,1759,1,0,3442,1,3444,G
2-PB1,1760,1,0,0,3441,3442,C
2-PB1,1761,3387,0,7,0,3394,A
2-PB1,1762,1,1,3550,0,3552,G
2-PB1,1763,1,2,3572,0,3575,G
2-PB1,1764,3594,0,0,0,3594,A
2-PB1,1765,1,1,0,3625,3627,C
2-PB1,1766,0,3559,0,0,3559,T
2-PB1,1767,3650,0,2,0,3652,A
2-PB1,1768,0,3632,0,4,3636,T
2-PB1,1769,1,3641,0,1,3643,T
2-PB1,1770,1,3,3646,0,3650,G
2-PB1,1771,3,0,3671,0,3674,G
2-PB1,1772,1,3642,2,2,3647,T
2-PB1,1773,3643,0,0,0,3643,A
2-PB1,1774,1,3581,1,6,3589,T
2-PB1,1775,0,0,2,3604,3606,C
2-PB1,1776,3518,0,2,1,3521,A
2-PB1,1777,0,1,3572,0,3573,G
2-PB1,1778,3556,1,1,1,3559,A
2-PB1,1779,0,3553,0,0,3553,T
2-PB1,1780,0,4,3395,0,3399,G
2-PB1,1781,2,5,3387,0,3394,G
2-PB1,1782,2,3,3377,0,3382,G
2-PB1,1783,2,1,3387,0,3390,G
2-PB1,1784,4,2,3400,1,3407,G
2-PB1,1785,3402,0,9,1,3412,A
2-PB1,1786,1,0,0,3393,3394,C
2-PB1,1787,2,0,0,3376,3378,C
2-PB1,1788,3396,0,1,0,3397,A
2-PB1,1789,3637,1,1,2,3641,A
2-PB1,1790,3663,0,2,0,3665,A
2-PB1,1791,0,0,0,3762,3762,C
2-PB1,1792,0,3717,1,3,3721,T
2-PB1,1793,0,3718,0,0,3718,T
2-PB1,1794,3747,0,0,0,3747,A
2-PB1,1795,1,3736,0,3,3740,T
2-PB1,1796,3743,3,4,0,3750,A
2-PB1,1797,1,0,0,3764,3765,C
2-PB1,1798,3419,0,0,0,3419,A
2-PB1,1799,3429,0,1,1,3431,A
2-PB1,1800,0,3324,0,1,3325,T
2-PB1,1801,3389,0,0,1,3390,A
2-PB1,1802,0,3356,0,0,3356,T
2-PB1,1803,2,0,0,3356,3358,C
2-PB1,1804,1,1,0,3363,3365,C
2-PB1,1805,2,2,3367,0,3371,G
2-PB1,1806,2,2,3370,2,3376,G
2-PB1,1807,3354,0,1,0,3355,A
2-PB1,1808,3381,0,0,1,3382,A
2-PB1,1809,0,3377,0,1,3378,T
2-PB1,1810,0,4,0,3439,3443,C
2-PB1,1811,0,3426,3,8,3437,T
2-PB1,1812,0,3449,0,4,3453,T
2-PB1,1813,2,0,0,3445,3447,C
2-PB1,1814,3445,2,2,0,3449,A
2-PB1,1815,0,0,1,3461,3462,C
2-PB1,1816,3448,0,0,0,3448,A
2-PB1,1817,0,3683,0,5,3688,T
2-PB1,1818,2,3,0,3699,3704,C
2-PB1,1819,2,1,0,3693,3696,C
2-PB1,1820,2,1,1,3715,3719,C
2-PB1,1821,3,3708,0,7,3718,T
2-PB1,1822,1,4,3714,0,3719,G
2-PB1,1823,3707,0,1,0,3708,A
2-PB1,1824,3703,2,1,0,3706,A
2-PB1,1825,1,1,3723,0,3725,G
2-PB1,1826,0,3501,0,1,3502,T
2-PB1,1827,2,0,0,3507,3509,C
2-PB1,1828,0,3437,0,1,3438,T
2-PB1,1829,1,1,3576,0,3578,G
2-PB1,1830,0,4,0,3562,3566,C
2-PB1,1831,2,3545,0,5,3552,T
2-PB1,1832,1,3559,1,1,3562,T
2-PB1,1833,3554,1,0,0,3555,A
2-PB1,1834,3574,0,1,0,3575,A
2-PB1,1835,3573,0,4,0,3577,A
2-PB1,1836,1,0,3605,0,3606,G
2-PB1,1837,0,3543,0,2,3545,T
2-PB1,1838,1,3,3460,0,3464,G
2-PB1,1839,0,4,3466,1,3471,G
2-PB1,1840,2,3,3505,0,3510,G
2-PB1,1841,3379,0,78,1,3458,A
2-PB1,1842,3,0,3474,1,3478,G
2-PB1,1843,12,0,0,3460,3472,C
2-PB1,1844,1,3448,0,3,3452,T
2-PB1,1845,0,1,3463,0,3464,G
2-PB1,1846,3449,1,2,0,3452,A
2-PB1,1847,0,3464,0,2,3466,T
2-PB1,1848,3,2,3478,0,3483,G
2-PB1,1849,3,0,3465,1,3469,G
2-PB1,1850,3447,0,5,1,3453,A
2-PB1,1851,0,3462,0,2,3464,T
2-PB1,1852,1,1,3461,0,3463,G
2-PB1,1853,3442,0,0,1,3443,A
2-PB1,1854,1,1,3502,0,3504,G
2-PB1,1855,3472,0,4,0,3476,A
2-PB1,1856,3490,0,2,1,3493,A
2-PB1,1857,2,3462,1,1,3466,T
2-PB1,1858,0,3444,0,1,3445,T
2-PB1,1859,3454,0,1,0,3455,A
2-PB1,1860,1,3455,0,0,3456,T
2-PB1,1861,1,2,0,3448,3451,C
2-PB1,1862,0,5,3480,0,3485,G
2-PB1,1863,2,3,3453,0,3458,G
2-PB1,1864,1,2,3435,0,3438,G
2-PB1,1865,0,2,3447,0,3449,G
2-PB1,1866,3432,1,1,0,3434,A
2-PB1,1867,3438,0,7,0,3445,A
2-PB1,1868,0,1,3476,0,3477,G
2-PB1,1869,3506,0,5,0,3511,A
2-PB1,1870,0,0,0,3542,3542,C
2-PB1,1871,0,3479,1,2,3482,T
2-PB1,1872,0,3586,1,5,3592,T
2-PB1,1873,0,3600,1,2,3603,T
2-PB1,1874,0,0,3623,1,3624,G
2-PB1,1875,0,3632,0,1,3633,T
2-PB1,1876,3608,0,2,0,3610,A
2-PB1,1877,3588,0,1,0,3589,A
2-PB1,1878,3,3529,0,3,3535,T
2-PB1,1879,2,1,0,3533,3536,C
2-PB1,1880,1,1,0,3527,3529,C
2-PB1,1881,7,1,0,3507,3515,C
2-PB1,1882,3,0,0,3531,3534,C
2-PB1,1883,0,3516,1,3,3520,T
2-PB1,1884,2,1,3527,1,3531,G
2-PB1,1885,3514,0,0,1,3515,A
2-PB1,1886,3527,0,0,0,3527,A
2-PB1,1887,1,3530,0,1,3532,T
2-PB1,1888,1,1,0,3505,3507,C
2-PB1,1889,2,0,0,3485,3487,C
2-PB1,1890,3,2,0,3439,3444,C
2-PB1,1891,0,3401,0,5,3406,T
2-PB1,1892,0,3435,0,2,3437,T
2-PB1,1893,0,3421,0,2,3423,T
2-PB1,1894,16,0,3395,0,3411,G
2-PB1,1895,2,3401,1,9,3413,T
2-PB1,1896,0,1,0,3401,3402,C
2-PB1,1897,3359,1,4,0,3364,A
2-PB1,1898,3,1,3415,0,3419,G
2-PB1,1899,1,1,0,3403,3405,C
2-PB1,1900,1,3,0,3414,3418,C
2-PB1,1901,3411,0,5,1,3417,A
2-PB1,1902,0,3423,0,1,3424,T
2-PB1,1903,3419,0,0,0,3419,A
2-PB1,1904,3440,0,1,0,3441,A
2-PB1,1905,3438,1,3,1,3443,A
2-PB1,1906,0,0,3508,0,3508,G
2-PB1,1907,3398,0,0,0,3398,A
2-PB1,1908,3415,0,0,0,3415,A
2-PB1,1909,3421,0,5,0,3426,A
2-PB1,1910,0,3411,0,1,3412,T
2-PB1,1911,0,3402,0,1,3403,T
2-PB1,1912,0,2,3409,1,3412,G
2-PB1,1913,3388,4,5,0,3397,A
2-PB1,1914,2,0,3475,0,3477,G
2-PB1,1915,2,3442,0,3,3447,T
2-PB1,1916,3,0,0,3470,3473,C
2-PB1,1917,0,3459,0,3,3462,T
2-PB1,1918,5,0,3557,0,3562,G
2-PB1,1919,0,3559,0,2,3561,T
2-PB1,1920,3626,0,3,0,3629,A
2-PB1,1921,3621,1,1,0,3623,A
2-PB1,1922,3611,0,5,1,3617,A
2-PB1,1923,1,2,0,3642,3645,C
2-PB1,1924,3503,0,1,0,3504,A
2-PB1,1925,3630,0,1,0,3631,A
2-PB1,1926,0,3625,0,0,3625,T
2-PB1,1927,1,0,3601,0,3602,G
2-PB1,1928,0,0,0,3624,3624,C
2-PB1,1929,1,3567,0,3,3571,T
2-PB1,1930,0,0,3719,0,3719,G
2-PB1,1931,0,3718,0,1,3719,T
2-PB1,1932,3769,0,7,0,3776,A
2-PB1,1933,0,1,3787,0,3788,G
2-PB1,1934,3,3695,0,1,3699,T
2-PB1,1935,3668,0,1,0,3669,A
2-PB1,1936,3658,0,2,0,3660,A
2-PB1,1937,0,3639,0,2,3641,T
2-PB1,1938,2,2,3614,0,3618,G
2-PB1,1939,1,4,0,3555,3560,C
2-PB1,1940,1,1,0,3500,3502,C
2-PB1,1941,3439,3,4,0,3446,A
2-PB1,1942,0,1,3481,1,3483,G
2-PB1,1943,0,5,0,3526,3531,C
2-PB1,1944,1,2,0,3513,3516,C
2-PB1,1945,5,0,0,3528,3533,C
2-PB1,1946,3504,1,4,0,3509,A
2-PB1,1947,0,3515,0,2,3517,T
2-PB1,1948,0,4,3494,0,3498,G
2-PB1,1949,1,0,3511,0,3512,G
2-PB1,1950,0,3489,0,2,3491,T
2-PB1,1951,0,1,0,3448,3449,C
2-PB1,1952,1,1,0,3370,3372,C
2-PB1,1953,0,1,3423,0,3424,G
2-PB1,1954,1,0,3431,1,3433,G
2-PB1,1955,1,1,0,3393,3395,C
2-PB1,1956,0,0,0,3429,3429,C
2-PB1,1957,3437,1,2,1,3441,A
2-PB1,1958,3439,0,3,0,3442,A
2-PB1,1959,3433,0,0,1,3434,A
2-PB1,1960,3449,0,6,0,3455,A
2-PB1,1961,0,1,3566,0,3567,G
2-PB1,1962,0,3452,0,1,3453,T
2-PB1,1963,3480,1,0,0,3481,A
2-PB1,1964,1,3467,0,0,3468,T
2-PB1,1965,2,0,3486,0,3488,G
2-PB1,1966,1,0,3575,0,3576,G
2-PB1,1967,3533,0,6,0,3539,A
2-PB1,1968,3599,5,1,0,3605,A
2-PB1,1969,0,3587,3,1,3591,T
2-PB1,1970,3516,0,0,0,3516,A
2-PB1,1971,1,3513,0,2,3516,T
2-PB1,1972,1,2,3484,0,3487,G
2-PB1,1973,3480,0,4,0,3484,A
2-PB1,1974,1,3468,0,0,3469,T
2-PB1,1975,0,0,3361,0,3361,G
2-PB1,1976,0,2,16,3328,3346,C
2-PB1,1977,4,2,0,3315,3321,C
2-PB1,1978,0,1,3328,0,3329,G
2-PB1,1979,1,3308,0,2,3311,T
2-PB1,1980,1,3306,0,2,3309,T
2-PB1,1981,1,0,3313,0,3314,G
2-PB1,1982,0,0,0,3384,3384,C
2-PB1,1983,3378,0,5,0,3383,A
2-PB1,1984,3444,0,3,0,3447,A
2-PB1,1985,1,0,0,3454,3455,C
2-PB1,1986,0,3412,0,4,3416,T
2-PB1,1987,3448,0,1,0,3449,A
2-PB1,1988,0,2,0,3439,3441,C
2-PB1,1989,3435,1,1,0,3437,A
2-PB1,1990,1,0,1,3427,3429,C
2-PB1,1991,3303,0,1,0,3304,A
2-PB1,1992,0,0,0,3567,3567,C
2-PB1,1993,0,3459,0,3,3462,T
2-PB1,1994,2,2,0,3502,3506,C
2-PB1,1995,0,1,0,3516,3517,C
2-PB1,1996,2,3489,0,5,3496,T
2-PB1,1997,1,1,3488,0,3490,G
2-PB1,1998,0,0,3496,0,3496,G
2-PB1,1999,3472,0,1,0,3473,A
2-PB1,2000,0,3492,0,1,3493,T
2-PB1,2001,0,3123,0,1,3124,T
2-PB1,2002,0,4,0,3184,3188,C
2-PB1,2003,1,1,1,3141,3144,C
2-PB1,2004,4,3,0,3154,3161,C
2-PB1,2005,3170,1,0,0,3171,A
2-PB1,2006,3167,0,2,0,3169,A
2-PB1,2007,1,1,3165,1,3168,G
2-PB1,2008,3151,0,5,0,3156,A
2-PB1,2009,2,3,3155,0,3160,G
2-PB1,2010,2,4,3156,0,3162,G
2-PB1,2011,3116,1,0,0,3117,A
2-PB1,2012,3111,2,5,0,3118,A
2-PB1,2013,0,1,0,3109,3110,C
2-PB1,2014,3,2,0,3072,3077,C
2-PB1,2015,2,1,3149,0,3152,G
2-PB1,2016,0,0,0,3134,3134,C
2-PB1,2017,0,3114,0,3,3117,T
2-PB1,2018,0,0,0,3147,3147,C
2-PB1,2019,0,3115,0,0,3115,T
2-PB1,2020,3442,0,1,1,3444,A
2-PB1,2021,0,3448,0,2,3450,T
2-PB1,2022,1,3443,0,0,3444,T
2-PB1,2023,1,1,0,3458,3460,C
2-PB1,2024,0,3320,0,2,3322,T
2-PB1,2025,3332,1,0,0,3333,A
2-PB1,2026,3327,0,0,0,3327,A
2-PB1,2027,3332,0,2,0,3334,A
2-PB1,2028,1,0,0,3343,3344,C
2-PB1,2029,3086,0,1,1,3088,A
2-PB1,2030,0,0,0,3073,3073,C
2-PB1,2031,3027,1,1,0,3029,A
2-PB1,2032,3065,0,7,0,3072,A
2-PB1,2033,1,0,3085,0,3086,G
2-PB1,2034,0,2,0,3088,3090,C
2-PB1,2035,5,0,0,3099,3104,C
2-PB1,2036,3081,1,1,0,3083,A
2-PB1,2037,3071,0,2,1,3074,A
2-PB1,2038,3054,1,7,2,3064,A
2-PB1,2039,1,2,3105,0,3108,G
2-PB1,2040,0,3,3103,0,3106,G
2-PB1,2041,0,0,3052,0,3052,G
2-PB1,2042,4,1,3058,0,3063,G
2-PB1,2043,3018,0,4,1,3023,A
2-PB1,2044,3056,0,2,0,3058,A
2-PB1,2045,0,3055,0,1,3056,T
2-PB1,2046,0,3033,2,3,3038,T
2-PB1,2047,0,1,0,3072,3073,C
2-PB1,2048,0,3037,0,2,3039,T
2-PB1,2049,0,3040,0,1,3041,T
2-PB1,2050,0,1,3046,0,3047,G
2-PB1,2051,3043,0,3,1,3047,A
2-PB1,2052,0,3,3072,0,3075,G
2-PB1,2053,1,2,3071,0,3074,G
2-PB1,2054,3068,0,0,2,3070,A
2-PB1,2055,1,3057,0,0,3058,T
2-PB1,2056,1,1,3088,0,3090,G
2-PB1,2057,3092,2,4,0,3098,A
2-PB1,2058,3111,1,2,0,3114,A
2-PB1,2059,0,0,0,3117,3117,C
2-PB1,2060,3085,0,1,1,3087,A
2-PB1,2061,2,1,3147,0,3150,G
2-PB1,2062,3119,0,3,0,3122,A
2-PB1,2063,0,3125,0,4,3129,T
2-PB1,2064,0,0,3131,0,3131,G
2-PB1,2065,0,3181,0,1,3182,T
2-PB1,2066,3197,0,2,0,3199,A
2-PB1,2067,3,1,0,3175,3179,C
2-PB1,2068,3,3,0,3150,3156,C
2-PB1,2069,3109,3,2,2,3116,A
2-PB1,2070,0,1,3077,0,3078,G
2-PB1,2071,3014,1,1,0,3016,A
2-PB1,2072,3022,0,1,0,3023,A
2-PB1,2073,1,0,3041,1,3043,G
2-PB1,2074,1,2807,0,2,2810,T
2-PB1,2075,1,0,2817,0,2818,G
2-PB1,2076,1,1,1,2822,2825,C
2-PB1,2077,0,2822,0,0,2822,T
2-PB1,2078,1,1,2817,1,2820,G
2-PB1,2079,0,1,0,2816,2817,C
2-PB1,2080,2812,0,0,1,2813,A
2-PB1,2081,2829,0,2,0,2831,A
2-PB1,2082,0,1,0,2780,2781,C
2-PB1,2083,0,2773,0,1,2774,T
2-PB1,2084,0,2693,1,5,2699,T
2-PB1,2085,0,0,2690,0,2690,G
2-PB1,2086,0,2678,0,0,2678,T
2-PB1,2087,1,2679,0,0,2680,T
2-PB1,2088,2,2,0,2658,2662,C
2-PB1,2089,3,0,2671,0,2674,G
2-PB1,2090,2666,0,2,0,2668,A
2-PB1,2091,0,0,2669,0,2669,G
2-PB1,2092,2665,0,0,0,2665,A
2-PB1,2093,2664,0,2,0,2666,A
2-PB1,2094,2681,0,0,0,2681,A
2-PB1,2095,0,2675,0,0,2675,T
2-PB1,2096,0,2673,0,2,2675,T
2-PB1,2097,0,2668,0,2,2670,T
2-PB1,2098,1,2678,0,0,2679,T
2-PB1,2099,0,2672,0,1,2673,T
2-PB1,2100,1,1,0,2689,2691,C
2-PB1,2101,3,3,1,2681,2688,C
2-PB1,2102,2,0,0,2698,2700,C
2-PB1,2103,0,2696,0,2,2698,T
2-PB1,2104,2706,0,1,0,2707,A
2-PB1,2105,1,0,2735,0,2736,G
2-PB1,2106,0,2731,0,0,2731,T
2-PB1,2107,2758,1,0,0,2759,A
2-PB1,2108,0,0,2791,0,2791,G
2-PB1,2109,1,2756,0,3,2760,T
2-PB1,2110,0,2844,1,5,2850,T
2-PB1,2111,3,0,1,2879,2883,C
2-PB1,2112,2929,1,2,0,2932,A
2-PB1,2113,1,2931,0,0,2932,T
2-PB1,2114,2931,0,1,0,2932,A
2-PB1,2115,0,2917,0,2,2919,T
2-PB1,2116,2813,0,0,0,2813,A
2-PB1,2117,0,1,2798,0,2799,G
2-PB1,2118,0,1,2782,0,2783,G
2-PB1,2119,2513,1,8,0,2522,A
2-PB1,2120,1,1,2527,0,2529,G
2-PB1,2121,2372,0,4,0,2376,A
2-PB1,2122,0,0,0,2365,2365,C
2-PB1,2123,0,1,0,2265,2266,C
2-PB1,2124,0,2,2273,0,2275,G
2-PB1,2125,2254,0,2,0,2256,A
2-PB1,2126,1,2239,0,0,2240,T
2-PB1,2127,1,2239,0,0,2240,T
2-PB1,2128,0,1,2236,0,2237,G
2-PB1,2129,2,1,2239,0,2242,G
2-PB1,2130,2244,0,1,0,2245,A
2-PB1,2131,2246,0,0,0,2246,A
2-PB1,2132,0,2234,0,0,2234,T
2-PB1,2133,1,2239,1,1,2242,T
2-PB1,2134,2,2238,0,1,2241,T
2-PB1,2135,0,0,0,2252,2252,C
2-PB1,2136,0,2249,0,2,2251,T
2-PB1,2137,2242,0,1,0,2243,A
2-PB1,2138,1,0,2246,1,2248,G
2-PB1,2139,0,0,0,2239,2239,C
2-PB1,2140,2236,0,0,0,2236,A
2-PB1,2141,0,2229,0,0,2229,T
2-PB1,2142,0,0,2214,0,2214,G
2-PB1,2143,2,0,2273,1,2276,G
2-PB1,2144,1,2262,0,0,2263,T
2-PB1,2145,1,0,2259,0,2260,G
2-PB1,2146,0,0,2266,0,2266,G
2-PB1,2147,2239,0,5,0,2244,A
2-PB1,2148,1,0,2257,0,2258,G
2-PB1,2149,1,1,2253,0,2255,G
2-PB1,2150,3,2,0,2219,2224,C
2-PB1,2151,1,0,0,2221,2222,C
2-PB1,2152,2093,0,4,0,2097,A
2-PB1,2153,0,2087,0,0,2087,T
2-PB1,2154,0,1,2103,0,2104,G
2-PB1,2155,0,0,2112,0,2112,G
2-PB1,2156,0,2060,0,1,2061,T
2-PB1,2157,0,0,2075,0,2075,G
2-PB1,2158,1,2030,0,3,2034,T
2-PB1,2159,1,1,0,2016,2018,C
2-PB1,2160,0,2030,0,0,2030,T
2-PB1,2161,1982,0,2,0,1984,A
2-PB1,2162,4,0,1983,0,1987,G
2-PB1,2163,1,0,1931,0,1932,G
2-PB1,2164,1,0,1911,0,1912,G
2-PB1,2165,2,1,0,1870,1873,C
2-PB1,2166,1,0,0,1776,1777,C
2-PB1,2167,0,1,0,1758,1759,C
2-PB1,2168,0,1,1758,0,1759,G
2-PB1,2169,2,0,1763,0,1765,G
2-PB1,2170,1762,1,2,0,1765,A
2-PB1,2171,1,1750,0,2,1753,T
2-PB1,2172,0,1696,0,0,1696,T
2-PB1,2173,1,0,1690,0,1691,G
2-PB1,2174,1684,0,3,0,1687,A
2-PB1,2175,1,1689,0,0,1690,T
2-PB1,2176,0,0,1690,0,1690,G
2-PB1,2177,1,1,0,1645,1647,C
2-PB1,2178,0,2,0,1652,1654,C
2-PB1,2179,1638,1,1,0,1640,A
2-PB1,2180,0,1,1641,0,1642,G
2-PB1,2181,1640,0,1,0,1641,A
2-PB1,2182,1643,0,1,0,1644,A
2-PB1,2183,0,1628,0,1,1629,T
2-PB1,2184,0,1599,0,0,1599,T
2-PB1,2185,0,0,1610,0,1610,G
2-PB1,2186,1601,0,1,0,1602,A
2-PB1,2187,1,0,0,1606,1607,C
2-PB1,2188,0,1586,0,4,1590,T
2-PB1,2189,0,1581,0,2,1583,T
2-PB1,2190,2,2,0,1578,1582,C
2-PB1,2191,1,0,1583,0,1584,G
2-PB1,2192,1571,0,0,0,1571,A
2-PB1,2193,1,0,1538,0,1539,G
2-PB1,2194,0,1548,0,2,1550,T
2-PB1,2195,0,0,0,1556,1556,C
2-PB1,2196,0,1558,1,3,1562,T
2-PB1,2197,0,0,1562,0,1562,G
2-PB1,2198,0,0,1562,0,1562,G
2-PB1,2199,1552,0,0,0,1552,A
2-PB1,2200,1464,0,0,1,1465,A
2-PB1,2201,1,2,1482,0,1485,G
2-PB1,2202,0,1,1502,0,1503,G
2-PB1,2203,1501,0,0,0,1501,A
2-PB1,2204,0,1489,0,1,1490,T
2-PB1,2205,0,1497,1,0,1498,T
2-PB1,2206,1486,1,2,0,1489,A
2-PB1,2207,1491,1,0,1,1493,A
2-PB1,2208,0,0,1498,0,1498,G
2-PB1,2209,1491,0,1,0,1492,A
2-PB1,2210,1411,1,2,0,1414,A
2-PB1,2211,0,1,1297,0,1298,G
2-PB1,2212,0,0,1278,0,1278,G
2-PB1,2213,1278,0,1,1,1280,A
2-PB1,2214,1281,0,1,0,1282,A
2-PB1,2215,0,0,1284,0,1284,G
2-PB1,2216,1225,0,0,0,1225,A
2-PB1,2217,1,0,1229,0,1230,G
2-PB1,2218,0,1185,1,1,1187,T
2-PB1,2219,1,1172,0,0,1173,T
2-PB1,2220,0,0,0,1187,1187,C
2-PB1,2221,0,1158,0,0,1158,T
2-PB1,2222,0,1,1,1155,1157,C
2-PB1,2223,0,1159,0,1,1160,T
2-PB1,2224,0,0,1156,0,1156,G
2-PB1,2225,1132,0,2,0,1134,A
2-PB1,2226,0,0,1124,0,1124,G
2-PB1,2227,1109,0,0,0,1109,A
2-PB1,2228,0,1095,0,0,1095,T
2-PB1,2229,0,0,0,1052,1052,C
2-PB1,2230,1052,0,1,0,1053,A
2-PB1,2231,0,1043,0,1,1044,T
2-PB1,2232,0,0,1046,0,1046,G
2-PB1,2233,1022,0,0,0,1022,A
2-PB1,2234,1,0,974,0,975,G
2-PB1,2235,0,0,984,0,984,G
2-PB1,2236,974,1,1,0,976,A
2-PB1,2237,0,973,0,1,974,T
2-PB1,2238,1,0,0,965,966,C
2-PB1,2239,0,917,1,0,918,T
2-PB1,2240,0,0,923,0,923,G
2-PB1,2241,0,917,1,1,919,T
2-PB1,2242,0,915,0,0,915,T
2-PB1,2243,0,1,0,906,907,C
2-PB1,2244,0,0,0,837,837,C
2-PB1,2245,842,0,1,0,843,A
2-PB1,2246,0,0,0,836,836,C
2-PB1,2247,0,0,0,772,772,C
2-PB1,2248,748,0,0,0,748,A
2-PB1,2249,0,680,0,0,680,T
2-PB1,2250,0,657,0,0,657,T
2-PB1,2251,0,0,656,0,656,G
2-PB1,2252,646,0,0,0,646,A
2-PB1,2253,642,0,3,0,645,A
2-PB1,2254,2,0,641,0,643,G
2-PB1,2255,545,0,1,0,546,A
2-PB1,2256,545,0,0,0,545,A
2-PB1,2257,0,0,0,532,532,C
2-PB1,2258,0,509,0,1,510,T
2-PB1,2259,0,0,0,517,517,C
2-PB1,2260,492,0,0,0,492,A
2-PB1,2261,0,0,490,0,490,G
2-PB1,2262,489,0,1,0,490,A
2-PB1,2263,0,0,0,471,471,C
2-PB1,2264,0,0,456,0,456,G
2-PB1,2265,0,0,449,0,449,G
2-PB1,2266,0,0,0,445,445,C
2-PB1,2267,443,0,1,0,444,A
2-PB1,2268,446,0,0,0,446,A
2-PB1,2269,444,0,1,0,445,A
2-PB1,2270,444,0,0,0,444,A
2-PB1,2271,442,0,0,0,442,A
2-PB1,2272,0,434,0,0,434,T
2-PB1,2273,417,0,0,0,417,A
2-PB1,2274,415,0,0,0,415,A
3-PA,1,143,0,0,0,143,A
3-PA,2,0,143,0,0,143,T
3-PA,3,0,0,155,0,155,G
3-PA,4,0,0,156,0,156,G
3-PA,5,154,0,0,0,154,A
3-PA,6,156,0,0,0,156,A
3-PA,7,0,0,166,0,166,G
3-PA,8,176,0,0,0,176,A
3-PA,9,0,177,0,0,177,T
3-PA,10,0,178,0,0,178,T
3-PA,11,0,181,0,0,181,T
3-PA,12,0,179,0,0,179,T
3-PA,13,0,0,187,0,187,G
3-PA,14,0,189,0,0,189,T
3-PA,15,0,0,188,0,188,G
3-PA,16,0,0,0,191,191,C
3-PA,17,0,1,193,0,194,G
3-PA,18,214,0,0,0,214,A
3-PA,19,0,0,0,217,217,C
3-PA,20,216,0,0,0,216,A
3-PA,21,217,0,0,0,217,A
3-PA,22,1,228,0,0,229,T
3-PA,23,0,0,279,0,279,G
3-PA,24,0,0,0,289,289,C
3-PA,25,0,289,0,1,290,T
3-PA,26,0,291,0,0,291,T
3-PA,27,0,0,0,288,288,C
3-PA,28,301,0,0,0,301,A
3-PA,29,308,0,0,0,308,A
3-PA,30,0,0,0,319,319,C
3-PA,31,0,0,0,318,318,C
3-PA,32,0,0,0,320,320,C
3-PA,33,0,1,321,0,322,G
3-PA,34,319,0,0,0,319,A
3-PA,35,1,322,0,0,323,T
3-PA,36,0,0,324,0,324,G
3-PA,37,323,0,0,0,323,A
3-PA,38,0,340,0,0,340,T
3-PA,39,0,343,0,0,343,T
3-PA,40,0,0,344,0,344,G
3-PA,41,0,343,0,0,343,T
3-PA,42,0,1,0,342,343,C
3-PA,43,1,1,338,0,340,G
3-PA,44,345,0,0,0,345,A
3-PA,45,347,0,0,0,347,A
3-PA,46,0,0,0,348,348,C
3-PA,47,0,346,0,0,346,T
3-PA,48,0,349,0,1,350,T
3-PA,49,0,0,350,0,350,G
3-PA,50,0,0,0,356,356,C
3-PA,51,356,0,0,0,356,A
3-PA,52,1,0,360,0,361,G
3-PA,53,355,0,0,0,355,A
3-PA,54,360,0,0,0,360,A
3-PA,55,359,0,0,0,359,A
3-PA,56,365,0,0,0,365,A
3-PA,57,367,0,0,0,367,A
3-PA,58,0,1,385,0,386,G
3-PA,59,0,0,0,407,407,C
3-PA,60,410,0,0,0,410,A
3-PA,61,452,0,0,0,452,A
3-PA,62,0,454,0,0,454,T
3-PA,63,0,1,467,0,468,G
3-PA,64,471,0,0,0,471,A
3-PA,65,472,0,0,0,472,A
3-PA,66,479,0,2,0,481,A
3-PA,67,0,0,517,0,517,G
3-PA,68,553,0,1,0,554,A
3-PA,69,0,0,636,0,636,G
3-PA,70,0,632,0,0,632,T
3-PA,71,637,0,0,0,637,A
3-PA,72,0,636,0,0,636,T
3-PA,73,0,2,643,0,645,G
3-PA,74,2,1,650,0,653,G
3-PA,75,0,0,650,0,650,G
3-PA,76,0,0,647,0,647,G
3-PA,77,644,0,0,0,644,A
3-PA,78,0,1,641,0,642,G
3-PA,79,1,0,649,0,650,G
3-PA,80,647,0,0,0,647,A
3-PA,81,0,659,0,0,659,T
3-PA,82,1,0,0,659,660,C
3-PA,83,0,658,0,1,659,T
3-PA,84,1,0,663,0,664,G
3-PA,85,656,0,0,0,656,A
3-PA,86,660,0,0,0,660,A
3-PA,87,663,0,0,0,663,A
3-PA,88,664,1,0,0,665,A
3-PA,89,0,663,0,0,663,T
3-PA,90,0,662,0,1,663,T
3-PA,91,1,0,659,0,660,G
3-PA,92,659,0,0,0,659,A
3-PA,93,661,0,0,0,661,A
3-PA,94,659,0,1,0,660,A
3-PA,95,0,0,0,665,665,C
3-PA,96,0,0,0,662,662,C
3-PA,97,678,0,0,0,678,A
3-PA,98,678,1,1,0,680,A
3-PA,99,0,0,0,680,680,C
3-PA,100,679,0,0,0,679,A
3-PA,101,684,0,0,0,684,A
3-PA,102,688,0,0,0,688,A
3-PA,103,0,691,0,0,691,T
3-PA,104,0,693,0,1,694,T
3-PA,105,0,691,0,1,692,T
3-PA,106,0,0,690,0,690,G
3-PA,107,0,0,0,696,696,C
3-PA,108,695,0,1,0,696,A
3-PA,109,0,0,723,0,723,G
3-PA,110,0,0,0,727,727,C
3-PA,111,790,0,0,0,790,A
3-PA,112,802,0,0,0,802,A
3-PA,113,0,811,0,0,811,T
3-PA,114,819,0,0,0,819,A
3-PA,115,0,822,0,2,824,T
3-PA,116,0,1,831,0,832,G
3-PA,117,0,1,0,839,840,C
3-PA,118,830,0,2,0,832,A
3-PA,119,0,0,0,853,853,C
3-PA,120,1,839,0,0,840,T
3-PA,121,1,0,0,1039,1040,C
3-PA,122,1077,0,0,0,1077,A
3-PA,123,0,0,0,1121,1121,C
3-PA,124,0,1112,0,0,1112,T
3-PA,125,0,1114,0,0,1114,T
3-PA,126,0,0,1116,0,1116,G
3-PA,127,0,1,1123,1,1125,G
3-PA,128,1117,0,0,0,1117,A
3-PA,129,1,1,1147,0,1149,G
3-PA,130,0,0,1137,0,1137,G
3-PA,131,0,1099,0,0,1099,T
3-PA,132,0,0,1160,0,1160,G
3-PA,133,0,1162,0,2,1164,T
3-PA,134,0,0,1191,0,1191,G
3-PA,135,0,1196,0,2,1198,T
3-PA,136,0,1194,0,1,1195,T
3-PA,137,0,1193,0,1,1194,T
3-PA,138,0,0,0,1205,1205,C
3-PA,139,1202,0,0,0,1202,A
3-PA,140,0,1205,0,0,1205,T
3-PA,141,0,0,1232,0,1232,G
3-PA,142,0,1211,0,0,1211,T
3-PA,143,1218,0,0,0,1218,A
3-PA,144,0,1218,0,1,1219,T
3-PA,145,0,1220,0,0,1220,T
3-PA,146,0,2,0,1216,1218,C
3-PA,147,1214,0,0,1,1215,A
3-PA,148,0,0,1226,1,1227,G
3-PA,149,1228,0,0,0,1228,A
3-PA,150,0,1225,0,1,1226,T
3-PA,151,0,1222,0,1,1223,T
3-PA,152,0,1224,0,2,1226,T
3-PA,153,1,0,0,1217,1218,C
3-PA,154,0,0,0,1247,1247,C
3-PA,155,1254,0,1,0,1255,A
3-PA,156,0,1256,0,1,1257,T
3-PA,157,3,1247,0,3,1253,T
3-PA,158,1,1252,0,0,1253,T
3-PA,159,0,0,0,1256,1256,C
3-PA,160,1263,0,0,0,1263,A
3-PA,161,0,1300,0,0,1300,T
3-PA,162,0,0,0,1295,1295,C
3-PA,163,1298,0,1,0,1299,A
3-PA,164,1301,0,0,0,1301,A
3-PA,165,0,1306,0,0,1306,T
3-PA,166,0,0,1359,0,1359,G
3-PA,167,1362,0,0,0,1362,A
3-PA,168,1339,0,21,0,1360,A
3-PA,169,1,1,0,1358,1360,C
3-PA,170,1344,1,0,0,1345,A
3-PA,171,1367,0,1,0,1368,A
3-PA,172,0,0,1384,0,1384,G
3-PA,173,0,0,1368,0,1368,G
3-PA,174,0,0,0,1385,1385,C
3-PA,175,0,1,1371,0,1372,G
3-PA,176,1453,0,1,0,1454,A
3-PA,177,1461,0,0,0,1461,A
3-PA,178,0,1465,0,1,1466,T
3-PA,179,1,0,0,1487,1488,C
3-PA,180,1487,0,0,0,1487,A
3-PA,181,1489,0,0,0,1489,A
3-PA,182,0,1497,0,0,1497,T
3-PA,183,1490,0,0,0,1490,A
3-PA,184,1,0,1514,0,1515,G
3-PA,185,0,1486,0,2,1488,T
3-PA,186,1,1,1502,0,1504,G
3-PA,187,0,0,1496,0,1496,G
3-PA,188,0,1500,0,1,1501,T
3-PA,189,1498,0,0,0,1498,A
3-PA,190,0,0,1514,0,1514,G
3-PA,191,1504,0,0,0,1504,A
3-PA,192,1523,0,1,0,1524,A
3-PA,193,0,0,0,1515,1515,C
3-PA,194,0,1496,0,0,1496,T
3-PA,195,0,1483,0,1,1484,T
3-PA,196,0,1,1483,0,1484,G
3-PA,197,1488,0,2,0,1490,A
3-PA,198,0,0,0,1487,1487,C
3-PA,199,1,0,1478,0,1479,G
3-PA,200,1511,1,0,0,1512,A
3-PA,201,0,1527,0,1,1528,T
3-PA,202,0,0,0,1549,1549,C
3-PA,203,1,0,0,1564,1565,C
3-PA,204,1571,0,0,0,1571,A
3-PA,205,1557,0,1,0,1558,A
3-PA,206,1567,0,0,0,1567,A
3-PA,207,0,1568,0,1,1569,T
3-PA,208,0,0,1570,0,1570,G
3-PA,209,0,1,0,1559,1560,C
3-PA,210,1552,1,1,0,1554,A
3-PA,211,1,2,0,1603,1606,C
3-PA,212,0,1580,0,1,1581,T
3-PA,213,0,0,1803,0,1803,G
3-PA,214,0,1800,0,1,1801,T
3-PA,215,0,1799,0,1,1800,T
3-PA,216,1801,1,0,0,1802,A
3-PA,217,1787,1,0,1,1789,A
3-PA,218,1794,0,4,0,1798,A
3-PA,219,1,1,1802,0,1804,G
3-PA,220,0,0,0,1785,1785,C
3-PA,221,1764,0,0,0,1764,A
3-PA,222,0,0,0,1768,1768,C
3-PA,223,1672,1,0,0,1673,A
3-PA,224,0,1,1742,0,1743,G
3-PA,225,1725,1,0,0,1726,A
3-PA,226,0,1733,0,0,1733,T
3-PA,227,0,1733,0,1,1734,T
3-PA,228,0,1730,1,2,1733,T
3-PA,229,0,0,1736,1,1737,G
3-PA,230,1744,0,0,0,1744,A
3-PA,231,1741,0,1,0,1742,A
3-PA,232,1751,0,1,0,1752,A
3-PA,233,0,1706,0,0,1706,T
3-PA,234,1703,0,0,0,1703,A
3-PA,235,1731,0,0,0,1731,A
3-PA,236,0,1726,0,1,1727,T
3-PA,237,1,1,0,1729,1731,C
3-PA,238,0,1,1735,0,1736,G
3-PA,239,1715,0,1,0,1716,A
3-PA,240,0,0,1745,0,1745,G
3-PA,241,1,1,1770,1,1773,G
3-PA,242,0,0,1776,0,1776,G
3-PA,243,2,2,1777,0,1781,G
3-PA,244,1751,0,0,1,1752,A
3-PA,245,0,0,1769,0,1769,G
3-PA,246,1813,0,2,0,1815,A
3-PA,247,0,0,1832,0,1832,G
3-PA,248,1830,1,0,0,1831,A
3-PA,249,0,1,0,1839,1840,C
3-PA,250,1823,0,1,0,1824,A
3-PA,251,0,1,1843,0,1844,G
3-PA,252,1828,0,6,0,1834,A
3-PA,253,1816,0,1,36,1853,A
3-PA,254,0,1,0,1849,1850,C
3-PA,255,1779,0,0,0,1779,A
3-PA,256,1777,0,2,0,1779,A
3-PA,257,0,1779,0,1,1780,T
3-PA,258,1,2,1854,1,1858,G
3-PA,259,0,0,1844,0,1844,G
3-PA,260,1,1,0,1830,1832,C
3-PA,261,0,1,1,1845,1847,C
3-PA,262,0,1823,1,3,1827,T
3-PA,263,1,1,1896,0,1898,G
3-PA,264,0,1,1898,0,1899,G
3-PA,265,1897,1,3,0,1901,A
3-PA,266,0,1,0,1909,1910,C
3-PA,267,1860,0,0,0,1860,A
3-PA,268,0,0,2113,0,2113,G
3-PA,269,0,2109,1,2,2112,T
3-PA,270,2145,1,1,0,2147,A
3-PA,271,1,1,2149,0,2151,G
3-PA,272,0,2094,0,0,2094,T
3-PA,273,2108,0,0,0,2108,A
3-PA,274,2106,0,2,1,2109,A
3-PA,275,2116,0,0,0,2116,A
3-PA,276,1,0,0,2143,2144,C
3-PA,277,1971,0,1,0,1972,A
3-PA,278,0,0,2049,0,2049,G
3-PA,279,0,2032,0,0,2032,T
3-PA,280,2054,0,0,0,2054,A
3-PA,281,0,2042,0,2,2044,T
3-PA,282,0,1,0,2093,2094,C
3-PA,283,0,2095,0,3,2098,T
3-PA,284,1,1,2094,0,2096,G
3-PA,285,0,0,0,2093,2093,C
3-PA,286,2075,0,2,0,2077,A
3-PA,287,2087,0,0,0,2087,A
3-PA,288,0,1,0,2092,2093,C
3-PA,289,2079,0,0,0,2079,A
3-PA,290,0,0,0,2138,2138,C
3-PA,291,0,2109,0,0,2109,T
3-PA,292,2119,1,1,0,2121,A
3-PA,293,0,2,0,2114,2116,C
3-PA,294,0,2108,0,4,2112,T
3-PA,295,0,0,2100,0,2100,G
3-PA,296,1,1,2102,0,2104,G
3-PA,297,2081,0,1,0,2082,A
3-PA,298,0,0,2084,0,2084,G
3-PA,299,0,1,0,2037,2038,C
3-PA,300,0,2033,1,3,2037,T
3-PA,301,0,1,2021,0,2022,G
3-PA,302,1,1,2030,0,2032,G
3-PA,303,2020,0,3,0,2023,A
3-PA,304,2027,0,1,0,2028,A
3-PA,305,2028,1,1,0,2030,A
3-PA,306,2030,0,1,0,2031,A
3-PA,307,0,0,0,2033,2033,C
3-PA,308,0,1,0,2033,2034,C
3-PA,309,1,0,2033,0,2034,G
3-PA,310,2020,0,0,1,2021,A
3-PA,311,2020,1,0,0,2021,A
3-PA,312,0,0,2057,0,2057,G
3-PA,313,0,2046,0,2,2048,T
3-PA,314,1,2051,0,1,2053,T
3-PA,315,0,2039,0,0,2039,T
3-PA,316,1,0,0,2055,2056,C
3-PA,317,0,2056,0,1,2057,T
3-PA,318,2059,1,1,0,2061,A
3-PA,319,1,0,0,2053,2054,C
3-PA,320,1,0,0,2055,2056,C
3-PA,321,2050,0,0,0,2050,A
3-PA,322,0,0,2070,0,2070,G
3-PA,323,2077,0,0,0,2077,A
3-PA,324,0,2069,0,0,2069,T
3-PA,325,1,2069,0,0,2070,T
3-PA,326,0,2066,0,1,2067,T
3-PA,327,0,0,2079,0,2079,G
3-PA,328,0,2082,0,1,2083,T
3-PA,329,2088,0,0,0,2088,A
3-PA,330,0,2077,0,0,2077,T
3-PA,331,0,0,2041,0,2041,G
3-PA,332,2132,0,3,0,2135,A
3-PA,333,0,2130,0,0,2130,T
3-PA,334,0,2140,0,0,2140,T
3-PA,335,2142,1,0,0,2143,A
3-PA,336,1,0,0,2143,2144,C
3-PA,337,2159,1,0,1,2161,A
3-PA,338,2161,0,0,0,2161,A
3-PA,339,0,2,2156,0,2158,G
3-PA,340,0,1,2178,0,2179,G
3-PA,341,2062,1,0,0,2063,A
3-PA,342,0,2,2095,0,2097,G
3-PA,343,2100,0,2,0,2102,A
3-PA,344,2094,2,2,0,2098,A
3-PA,345,0,1,0,2092,2093,C
3-PA,346,2064,1,1,0,2066,A
3-PA,347,0,0,2068,0,2068,G
3-PA,348,2049,0,3,0,2052,A
3-PA,349,0,2030,0,0,2030,T
3-PA,350,0,2024,1,0,2025,T
3-PA,351,2,1,0,2000,2003,C
3-PA,352,2004,0,1,0,2005,A
3-PA,353,1,1999,0,1,2001,T
3-PA,354,0,1,0,2009,2010,C
3-PA,355,0,0,2005,0,2005,G
3-PA,356,2014,0,0,0,2014,A
3-PA,357,2015,0,0,0,2015,A
3-PA,358,2013,1,1,1,2016,A
3-PA,359,0,2017,0,1,2018,T
3-PA,360,1,2006,1,0,2008,T
3-PA,361,1,0,2010,0,2011,G
3-PA,362,0,1,1996,0,1997,G
3-PA,363,1969,0,3,0,1972,A
3-PA,364,1,0,2000,0,2001,G
3-PA,365,0,1999,0,2,2001,T
3-PA,366,0,0,2024,0,2024,G
3-PA,367,2028,0,2,0,2030,A
3-PA,368,0,0,0,2041,2041,C
3-PA,369,2049,0,0,0,2049,A
3-PA,370,2043,0,2,0,2045,A
3-PA,371,2,2,2069,0,2073,G
3-PA,372,0,2,2080,0,2082,G
3-PA,373,2051,0,2,0,2053,A
3-PA,374,0,1,2062,0,2063,G
3-PA,375,2017,0,2,0,2019,A
3-PA,376,0,1,2014,1,2016,G
3-PA,377,1994,0,2,1,1997,A
3-PA,378,1990,0,4,0,1994,A
3-PA,379,1,1,2042,0,2044,G
3-PA,380,0,1972,0,0,1972,T
3-PA,381,0,0,0,1989,1989,C
3-PA,382,4,2,0,1985,1991,C
3-PA,383,1998,0,4,0,2002,A
3-PA,384,0,0,0,2054,2054,C
3-PA,385,2112,0,0,0,2112,A
3-PA,386,0,2180,0,0,2180,T
3-PA,387,2212,0,0,0,2212,A
3-PA,388,1,2152,0,0,2153,T
3-PA,389,2137,1,1,0,2139,A
3-PA,390,0,2094,0,15,2109,T
3-PA,391,0,2092,0,0,2092,T
3-PA,392,2139,0,0,0,2139,A
3-PA,393,0,1,0,2130,2131,C
3-PA,394,4,1,0,2028,2033,C
3-PA,395,0,1986,1,3,1990,T
3-PA,396,0,1914,0,1,1915,T
3-PA,397,3,0,1932,0,1935,G
3-PA,398,1932,0,0,0,1932,A
3-PA,399,1939,0,2,0,1941,A
3-PA,400,1939,0,0,0,1939,A
3-PA,401,1842,0,4,0,1846,A
3-PA,402,1,0,1873,0,1874,G
3-PA,403,2,0,1877,0,1879,G
3-PA,404,0,0,0,1878,1878,C
3-PA,405,0,1,0,1884,1885,C
3-PA,406,1870,0,0,0,1870,A
3-PA,407,1878,0,0,0,1878,A
3-PA,408,1,1874,0,0,1875,T
3-PA,409,1881,0,1,0,1882,A
3-PA,410,1880,0,0,2,1882,A
3-PA,411,0,1,1927,0,1928,G
3-PA,412,1910,1,0,0,1911,A
3-PA,413,0,1903,0,0,1903,T
3-PA,414,1,1900,0,0,1901,T
3-PA,415,1903,0,0,0,1903,A
3-PA,416,1891,0,2,0,1893,A
3-PA,417,1905,0,0,0,1905,A
3-PA,418,0,1906,0,1,1907,T
3-PA,419,0,0,0,1914,1914,C
3-PA,420,0,1859,0,0,1859,T
3-PA,421,0,1,1879,0,1880,G
3-PA,422,1879,0,1,0,1880,A
3-PA,423,0,1,1895,0,1896,G
3-PA,424,1880,1,2,0,1883,A
3-PA,425,1899,0,0,0,1899,A
3-PA,426,0,1,1,1892,1894,C
3-PA,427,1883,0,1,0,1884,A
3-PA,428,0,0,0,1909,1909,C
3-PA,429,1909,0,1,0,1910,A
3-PA,430,0,1,0,1926,1927,C
3-PA,431,1912,0,2,0,1914,A
3-PA,432,0,1,0,1961,1962,C
3-PA,433,1944,0,0,0,1944,A
3-PA,434,0,1944,0,0,1944,T
3-PA,435,1,1932,0,2,1935,T
3-PA,436,1,1,0,1941,1943,C
3-PA,437,1938,0,0,0,1938,A
3-PA,438,1,0,0,1954,1955,C
3-PA,439,1923,0,2,0,1925,A
3-PA,440,1,1925,0,0,1926,T
3-PA,441,0,1817,0,0,1817,T
3-PA,442,0,1829,0,3,1832,T
3-PA,443,0,1828,0,2,1830,T
3-PA,444,0,0,0,1854,1854,C
3-PA,445,0,1829,0,3,1832,T
3-PA,446,0,0,0,1851,1851,C
3-PA,447,1831,0,0,0,1831,A
3-PA,448,1,1823,1,0,1825,T
3-PA,449,0,1830,1,3,1834,T
3-PA,450,0,0,0,1843,1843,C
3-PA,451,1832,0,0,0,1832,A
3-PA,452,1,1,0,1849,1851,C
3-PA,453,0,1818,0,1,1819,T
3-PA,454,1,2,1862,0,1865,G
3-PA,455,0,0,1857,0,1857,G
3-PA,456,1,2,1860,0,1863,G
3-PA,457,0,1,1868,0,1869,G
3-PA,458,1837,0,6,0,1843,A
3-PA,459,0,2,1857,0,1859,G
3-PA,460,0,0,1863,0,1863,G
3-PA,461,1848,0,0,1,1849,A
3-PA,462,1852,1,0,0,1853,A
3-PA,463,1823,0,1,0,1824,A
3-PA,464,1,1788,0,0,1789,T
3-PA,465,1,0,1772,0,1773,G
3-PA,466,0,0,1769,0,1769,G
3-PA,467,0,1,1,1776,1778,C
3-PA,468,0,0,0,1765,1765,C
3-PA,469,1769,0,1,0,1770,A
3-PA,470,0,0,0,1784,1784,C
3-PA,471,1774,0,0,0,1774,A
3-PA,472,1794,0,0,0,1794,A
3-PA,473,1782,2,7,0,1791,A
3-PA,474,0,0,1811,0,1811,G
3-PA,475,1,0,1799,0,1800,G
3-PA,476,1,0,0,1812,1813,C
3-PA,477,1808,0,0,1,1809,A
3-PA,478,1,1,1823,0,1825,G
3-PA,479,1823,1,1,1,1826,A
3-PA,480,1,1,0,1843,1845,C
3-PA,481,0,1839,0,0,1839,T
3-PA,482,1836,1,1,0,1838,A
3-PA,483,0,0,0,1826,1826,C
3-PA,484,1810,0,0,0,1810,A
3-PA,485,0,0,0,1819,1819,C
3-PA,486,0,1739,0,0,1739,T
3-PA,487,1,1,1,1762,1765,C
3-PA,488,0,1742,0,0,1742,T
3-PA,489,0,0,1,1716,1717,C
3-PA,490,0,1,1723,0,1724,G
3-PA,491,1719,1,0,1,1721,A
3-PA,492,0,1,0,1718,1719,C
3-PA,493,0,1,1719,0,1720,G
3-PA,494,1713,0,1,0,1714,A
3-PA,495,0,0,1729,0,1729,G
3-PA,496,0,0,1714,0,1714,G
3-PA,497,1708,0,1,0,1709,A
3-PA,498,1706,0,2,0,1708,A
3-PA,499,1709,0,3,0,1712,A
3-PA,500,1,0,1710,0,1711,G
3-PA,501,1,1,0,1706,1708,C
3-PA,502,1649,0,1,0,1650,A
3-PA,503,1,2,1693,0,1696,G
3-PA,504,2,1,1697,0,1700,G
3-PA,505,2,1,1704,0,1707,G
3-PA,506,0,0,0,1703,1703,C
3-PA,507,0,1700,0,1,1701,T
3-PA,508,1703,0,1,0,1704,A
3-PA,509,1,0,1747,0,1748,G
3-PA,510,0,1,1865,0,1866,G
3-PA,511,1887,2,0,1,1890,A
3-PA,512,0,1830,0,0,1830,T
3-PA,513,1,1796,0,3,1800,T
3-PA,514,1819,0,0,0,1819,A
3-PA,515,1845,0,0,1,1846,A
3-PA,516,1,2,1847,0,1850,G
3-PA,517,1848,0,3,0,1851,A
3-PA,518,0,0,0,1837,1837,C
3-PA,519,2,0,0,1683,1685,C
3-PA,520,1654,0,4,0,1658,A
3-PA,521,0,0,1672,0,1672,G
3-PA,522,1,0,1674,0,1675,G
3-PA,523,0,0,0,1684,1684,C
3-PA,524,0,1636,1,1,1638,T
3-PA,525,0,0,1674,0,1674,G
3-PA,526,0,1659,0,2,1661,T
3-PA,527,0,1652,0,1,1653,T
3-PA,528,0,1659,0,1,1660,T
3-PA,529,1660,1,0,0,1661,A
3-PA,530,0,0,0,1698,1698,C
3-PA,531,1,0,0,1681,1682,C
3-PA,532,1669,0,0,0,1669,A
3-PA,533,0,1664,0,0,1664,T
3-PA,534,1597,0,0,0,1597,A
3-PA,535,1589,0,0,0,1589,A
3-PA,536,0,0,1618,0,1618,G
3-PA,537,1617,1,1,0,1619,A
3-PA,538,0,0,0,1617,1617,C
3-PA,539,1562,0,0,1,1563,A
3-PA,540,1569,1,1,0,1571,A
3-PA,541,0,1,1578,0,1579,G
3-PA,542,1571,0,2,0,1573,A
3-PA,543,1581,0,0,0,1581,A
3-PA,544,1570,1,2,0,1573,A
3-PA,545,0,1535,0,0,1535,T
3-PA,546,0,0,1547,1,1548,G
3-PA,547,0,1,1548,0,1549,G
3-PA,548,0,1,0,1537,1538,C
3-PA,549,1,2,0,1545,1548,C
3-PA,550,1532,0,1,0,1533,A
3-PA,551,1573,0,1,0,1574,A
3-PA,552,0,0,0,1567,1567,C
3-PA,553,1572,0,0,0,1572,A
3-PA,554,0,0,1566,0,1566,G
3-PA,555,1517,0,1,0,1518,A
3-PA,556,0,0,1529,0,1529,G
3-PA,557,1,3,1528,0,1532,G
3-PA,558,1,0,0,1529,1530,C
3-PA,559,1,0,0,1532,1533,C
3-PA,560,0,1470,0,1,1471,T
3-PA,561,0,0,0,1486,1486,C
3-PA,562,0,1492,0,5,1497,T
3-PA,563,1,1,1498,1,1501,G
3-PA,564,2,3,1493,0,1498,G
3-PA,565,0,0,1474,1,1475,G
3-PA,566,1457,0,1,0,1458,A
3-PA,567,1,1410,1,2,1414,T
3-PA,568,1,1397,0,1,1399,T
3-PA,569,1,0,0,1504,1505,C
3-PA,570,0,1,0,1468,1469,C
3-PA,571,1,1414,0,0,1415,T
3-PA,572,0,1406,1,0,1407,T
3-PA,573,0,1409,0,0,1409,T
3-PA,574,1,0,0,1410,1411,C
3-PA,575,1,0,1418,0,1419,G
3-PA,576,0,1397,2,0,1399,T
3-PA,577,1,0,0,1407,1408,C
3-PA,578,1362,0,0,0,1362,A
3-PA,579,1,0,1511,0,1512,G
3-PA,580,0,1499,0,0,1499,T
3-PA,581,1,0,0,1498,1499,C
3-PA,582,1,1,0,1515,1517,C
3-PA,583,8,10,1498,2,1518,G
3-PA,584,1511,0,0,0,1511,A
3-PA,585,1510,0,0,0,1510,A
3-PA,586,1512,0,3,0,1515,A
3-PA,587,0,0,1524,0,1524,G
3-PA,588,1459,0,1,0,1460,A
3-PA,589,0,2,1481,0,1483,G
3-PA,590,0,0,1484,0,1484,G
3-PA,591,0,1,0,1483,1484,C
3-PA,592,1,0,1499,0,1500,G
3-PA,593,1504,0,0,0,1504,A
3-PA,594,1505,0,3,1,1509,A
3-PA,595,0,0,1531,0,1531,G
3-PA,596,1528,1,0,0,1529,A
3-PA,597,1532,0,2,0,1534,A
3-PA,598,1526,0,2,0,1528,A
3-PA,599,0,0,0,1528,1528,C
3-PA,600,1526,0,0,0,1526,A
3-PA,601,1514,0,0,1,1515,A
3-PA,602,0,1,1508,0,1509,G
3-PA,603,1,1508,0,0,1509,T
3-PA,604,0,0,1510,0,1510,G
3-PA,605,1510,1,0,0,1511,A
3-PA,606,1513,0,1,0,1514,A
3-PA,607,0,0,1526,0,1526,G
3-PA,608,1512,0,0,0,1512,A
3-PA,609,1514,0,0,0,1514,A
3-PA,610,1514,0,0,0,1514,A
3-PA,611,1511,0,0,0,1511,A
3-PA,612,1521,0,0,0,1521,A
3-PA,613,0,1512,0,0,1512,T
3-PA,614,0,1514,0,1,1515,T
3-PA,615,0,1515,0,1,1516,T
3-PA,616,0,1,1519,0,1520,G
3-PA,617,1510,1,1,0,1512,A
3-PA,618,1507,0,0,0,1507,A
3-PA,619,1523,0,0,0,1523,A
3-PA,620,0,1532,0,0,1532,T
3-PA,621,0,0,0,1710,1710,C
3-PA,622,1705,0,1,0,1706,A
3-PA,623,1,0,0,1741,1742,C
3-PA,624,1735,0,2,0,1737,A
3-PA,625,0,1,1783,0,1784,G
3-PA,626,1,1,1834,0,1836,G
3-PA,627,1858,0,3,0,1861,A
3-PA,628,1891,0,1,0,1892,A
3-PA,629,0,2,0,1907,1909,C
3-PA,630,0,1833,0,1,1834,T
3-PA,631,1978,0,0,0,1978,A
3-PA,632,0,2000,0,0,2000,T
3-PA,633,0,0,2041,0,2041,G
3-PA,634,0,0,0,2027,2027,C
3-PA,635,2,0,2000,0,2002,G
3-PA,636,0,1985,0,0,1985,T
3-PA,637,1972,0,0,0,1972,A
3-PA,638,0,1,1999,0,2000,G
3-PA,639,0,0,1981,0,1981,G
3-PA,640,1,1,0,1942,1944,C
3-PA,641,0,1911,1,0,1912,T
3-PA,642,0,1884,1,0,1885,T
3-PA,643,0,0,1882,0,1882,G
3-PA,644,1,2,0,1870,1873,C
3-PA,645,2,1,0,1887,1890,C
3-PA,646,0,1,1894,0,1895,G
3-PA,647,1903,1,0,0,1904,A
3-PA,648,0,0,0,1902,1902,C
3-PA,649,1,0,0,1912,1913,C
3-PA,650,1914,0,0,0,1914,A
3-PA,651,1921,0,1,0,1922,A
3-PA,652,1918,0,2,0,1920,A
3-PA,653,0,0,1954,0,1954,G
3-PA,654,0,1948,0,0,1948,T
3-PA,655,1,0,0,1943,1944,C
3-PA,656,0,1925,1,1,1927,T
3-PA,657,0,0,0,1954,1954,C
3-PA,658,1,2,0,1963,1966,C
3-PA,659,3,0,0,1966,1969,C
3-PA,660,1977,1,1,0,1979,A
3-PA,661,1,2,0,1980,1983,C
3-PA,662,1,1,0,1948,1950,C
3-PA,663,0,1,1967,0,1968,G
3-PA,664,1972,1,0,0,1973,A
3-PA,665,1983,1,0,0,1984,A
3-PA,666,0,1,0,2015,2016,C
3-PA,667,2,1961,0,3,1966,T
3-PA,668,0,1995,0,2,1997,T
3-PA,669,0,1,0,2039,2040,C
3-PA,670,0,2017,0,1,2018,T
3-PA,671,0,0,0,2040,2040,C
3-PA,672,2,0,0,2029,2031,C
3-PA,673,6,1999,0,3,2008,T
3-PA,674,1,1,2030,0,2032,G
3-PA,675,0,1,0,2025,2026,C
3-PA,676,1,0,0,2033,2034,C
3-PA,677,0,2005,0,0,2005,T
3-PA,678,0,1981,0,1,1982,T
3-PA,679,0,1,1985,0,1986,G
3-PA,680,1982,0,1,1,1984,A
3-PA,681,1,0,2022,0,2023,G
3-PA,682,2016,0,1,0,2017,A
3-PA,683,2023,1,0,0,2024,A
3-PA,684,0,2081,0,0,2081,T
3-PA,685,0,2091,0,1,2092,T
3-PA,686,0,2094,0,1,2095,T
3-PA,687,0,2094,0,0,2094,T
3-PA,688,2090,1,3,0,2094,A
3-PA,689,2,0,2098,0,2100,G
3-PA,690,2054,1,4,0,2059,A
3-PA,691,0,0,2150,0,2150,G
3-PA,692,1,1,0,2128,2130,C
3-PA,693,0,0,0,2153,2153,C
3-PA,694,0,2175,0,3,2178,T
3-PA,695,2258,1,1,0,2260,A
3-PA,696,0,2265,0,2,2267,T
3-PA,697,2,0,2280,0,2282,G
3-PA,698,0,2271,0,3,2274,T
3-PA,699,1,3,2286,0,2290,G
3-PA,700,0,3,2258,0,2261,G
3-PA,701,2240,1,1,0,2242,A
3-PA,702,0,2227,0,1,2228,T
3-PA,703,0,1,2186,0,2187,G
3-PA,704,0,0,2253,0,2253,G
3-PA,705,2261,0,0,0,2261,A
3-PA,706,0,2248,0,1,2249,T
3-PA,707,0,2249,0,0,2249,T
3-PA,708,0,1,0,2239,2240,C
3-PA,709,10,2,2235,0,2247,G
3-PA,710,2245,1,0,0,2246,A
3-PA,711,2248,0,3,0,2251,A
3-PA,712,1,0,0,2261,2262,C
3-PA,713,1,0,0,2168,2169,C
3-PA,714,0,0,2168,0,2168,G
3-PA,715,2164,0,1,0,2165,A
3-PA,716,2169,0,4,0,2173,A
3-PA,717,1,1,0,2211,2213,C
3-PA,718,1,1,2186,0,2188,G
3-PA,719,3,1,2267,0,2271,G
3-PA,720,0,2,0,2276,2278,C
3-PA,721,0,2267,0,1,2268,T
3-PA,722,0,0,2330,0,2330,G
3-PA,723,0,0,0,2339,2339,C
3-PA,724,2365,0,0,1,2366,A
3-PA,725,0,2353,0,2,2355,T
3-PA,726,0,2333,0,0,2333,T
3-PA,727,1,1,2332,0,2334,G
3-PA,728,2263,0,3,0,2266,A
3-PA,729,0,2,2326,0,2328,G
3-PA,730,0,1,2323,0,2324,G
3-PA,731,2,0,2290,0,2292,G
3-PA,732,0,0,0,2288,2288,C
3-PA,733,2270,1,0,0,2271,A
3-PA,734,2274,0,6,1,2281,A
3-PA,735,1,0,2294,0,2295,G
3-PA,736,0,1,0,2296,2297,C
3-PA,737,0,2269,1,3,2273,T
3-PA,738,1,2251,2,1,2255,T
3-PA,739,0,2260,0,0,2260,T
3-PA,740,1,0,0,2265,2266,C
3-PA,741,0,2253,0,3,2256,T
3-PA,742,1,3,0,2270,2274,C
3-PA,743,2271,0,0,0,2271,A
3-PA,744,2254,0,0,0,2254,A
3-PA,745,2259,0,0,1,2260,A
3-PA,746,0,2250,0,1,2251,T
3-PA,747,0,0,2351,0,2351,G
3-PA,748,1,2334,0,5,2340,T
3-PA,749,0,0,0,2399,2399,C
3-PA,750,3,0,0,2413,2416,C
3-PA,751,2412,0,2,0,2414,A
3-PA,752,2414,0,1,1,2416,A
3-PA,753,2377,1,39,0,2417,A
3-PA,754,0,0,2480,0,2480,G
3-PA,755,2450,0,0,0,2450,A
3-PA,756,2366,0,2,1,2369,A
3-PA,757,1,0,2390,0,2391,G
3-PA,758,0,2333,0,2,2335,T
3-PA,759,0,0,2337,0,2337,G
3-PA,760,2330,0,0,0,2330,A
3-PA,761,2331,0,0,0,2331,A
3-PA,762,0,2344,0,1,2345,T
3-PA,763,0,1,2335,0,2336,G
3-PA,764,0,2,0,2339,2341,C
3-PA,765,0,3,1,2335,2339,C
3-PA,766,0,0,0,2337,2337,C
3-PA,767,2341,0,2,0,2343,A
3-PA,768,2386,0,1,1,2388,A
3-PA,769,2405,0,0,0,2405,A
3-PA,770,0,2398,0,1,2399,T
3-PA,771,0,2390,0,0,2390,T
3-PA,772,0,2,2392,0,2394,G
3-PA,773,2385,0,4,0,2389,A
3-PA,774,2382,0,2,0,2384,A
3-PA,775,1,3,0,2394,2398,C
3-PA,776,1,0,0,2390,2391,C
3-PA,777,0,2342,1,1,2344,T
3-PA,778,0,2403,1,0,2404,T
3-PA,779,0,2414,0,0,2414,T
3-PA,780,0,2446,1,0,2447,T
3-PA,781,0,0,0,2467,2467,C
3-PA,782,0,2453,0,2,2455,T
3-PA,783,0,0,2462,1,2463,G
3-PA,784,2455,0,1,0,2456,A
3-PA,785,2495,0,0,0,2495,A
3-PA,786,1,0,2513,0,2514,G
3-PA,787,2473,1,0,0,2474,A
3-PA,788,0,1,0,2483,2484,C
3-PA,789,2454,0,0,0,2454,A
3-PA,790,2471,0,4,0,2475,A
3-PA,791,0,2,0,2731,2733,C
3-PA,792,2740,0,2,0,2742,A
3-PA,793,0,1,0,2731,2732,C
3-PA,794,1,4,0,2694,2699,C
3-PA,795,2682,1,2,0,2685,A
3-PA,796,2684,2,2,1,2689,A
3-PA,797,0,2,2687,0,2689,G
3-PA,798,2697,0,1,0,2698,A
3-PA,799,0,1,1,2686,2688,C
3-PA,800,1,0,0,2486,2487,C
3-PA,801,2465,0,0,0,2465,A
3-PA,802,2463,0,1,0,2464,A
3-PA,803,0,2466,0,1,2467,T
3-PA,804,1,0,0,2473,2474,C
3-PA,805,2457,0,0,0,2457,A
3-PA,806,2442,1,2,0,2445,A
3-PA,807,2446,1,1,0,2448,A
3-PA,808,1,1,0,2475,2477,C
3-PA,809,0,2430,0,0,2430,T
3-PA,810,0,2430,0,0,2430,T
3-PA,811,1,1,0,2449,2451,C
3-PA,812,2,0,0,2454,2456,C
3-PA,813,1,0,2475,0,2476,G
3-PA,814,2476,1,0,0,2477,A
3-PA,815,2477,0,0,0,2477,A
3-PA,816,0,2478,0,1,2479,T
3-PA,817,0,2,2455,0,2457,G
3-PA,818,3,1,2437,0,2441,G
3-PA,819,2462,1,3,0,2466,A
3-PA,820,0,1,0,2482,2483,C
3-PA,821,2,0,0,2474,2476,C
3-PA,822,0,2532,1,2,2535,T
3-PA,823,1,1,0,2610,2612,C
3-PA,824,0,1,0,2617,2618,C
3-PA,825,0,2602,0,1,2603,T
3-PA,826,0,2595,0,0,2595,T
3-PA,827,3,0,2731,0,2734,G
3-PA,828,0,2682,1,6,2689,T
3-PA,829,0,2674,0,4,2678,T
3-PA,830,2669,0,1,0,2670,A
3-PA,831,0,2591,0,0,2591,T
3-PA,832,2,0,0,2576,2578,C
3-PA,833,2510,0,2,1,2513,A
3-PA,834,1,0,2503,0,2504,G
3-PA,835,0,1,0,2497,2498,C
3-PA,836,0,1,2401,1,2403,G
3-PA,837,0,0,2483,0,2483,G
3-PA,838,0,2488,0,1,2489,T
3-PA,839,1,2,0,2476,2479,C
3-PA,840,5,3,0,2480,2488,C
3-PA,841,2502,1,0,0,2503,A
3-PA,842,2505,0,1,1,2507,A
3-PA,843,2511,0,0,0,2511,A
3-PA,844,0,2517,0,0,2517,T
3-PA,845,1,2503,0,1,2505,T
3-PA,846,2,3,0,2476,2481,C
3-PA,847,4,2,0,2436,2442,C
3-PA,848,0,2417,0,3,2420,T
3-PA,849,1,0,0,2449,2450,C
3-PA,850,0,0,0,2451,2451,C
3-PA,851,0,2435,0,0,2435,T
3-PA,852,0,0,2457,0,2457,G
3-PA,853,2445,0,0,0,2445,A
3-PA,854,1,2457,0,0,2458,T
3-PA,855,0,0,2422,1,2423,G
3-PA,856,0,0,2406,0,2406,G
3-PA,857,2380,0,2,0,2382,A
3-PA,858,0,2360,0,1,2361,T
3-PA,859,0,0,2367,0,2367,G
3-PA,860,0,1,1,2485,2487,C
3-PA,861,0,2447,0,2,2449,T
3-PA,862,0,2456,0,0,2456,T
3-PA,863,0,2462,0,2,2464,T
3-PA,864,2471,0,0,1,2472,A
3-PA,865,2473,0,0,0,2473,A
3-PA,866,2465,0,3,0,2468,A
3-PA,867,2484,0,1,0,2485,A
3-PA,868,0,2476,0,1,2477,T
3-PA,869,0,2232,0,0,2232,T
3-PA,870,1,2,2236,1,2240,G
3-PA,871,2211,1,4,0,2216,A
3-PA,872,2,0,2260,0,2262,G
3-PA,873,0,2,0,2253,2255,C
3-PA,874,2250,0,0,0,2250,A
3-PA,875,0,2302,0,0,2302,T
3-PA,876,0,2291,0,0,2291,T
3-PA,877,0,1,2283,0,2284,G
3-PA,878,2288,0,3,0,2291,A
3-PA,879,2267,0,7,0,2274,A
3-PA,880,0,1,2278,0,2279,G
3-PA,881,2242,0,4,0,2246,A
3-PA,882,0,0,0,2263,2263,C
3-PA,883,3,0,0,2237,2240,C
3-PA,884,1,0,1,2214,2216,C
3-PA,885,2196,0,2,0,2198,A
3-PA,886,2220,1,2,1,2224,A
3-PA,887,1,1,2238,0,2240,G
3-PA,888,0,2238,1,0,2239,T
3-PA,889,3,0,0,2235,2238,C
3-PA,890,2241,0,4,0,2245,A
3-PA,891,0,6,0,2241,2247,C
3-PA,892,1,0,2246,0,2247,G
3-PA,893,2278,2,4,0,2284,A
3-PA,894,2282,1,5,1,2289,A
3-PA,895,0,0,2404,0,2404,G
3-PA,896,0,3,2400,0,2403,G
3-PA,897,2371,0,3,0,2374,A
3-PA,898,1,1,2411,0,2413,G
3-PA,899,2397,2,4,0,2403,A
3-PA,900,2398,1,7,0,2406,A
3-PA,901,1,1,2417,0,2419,G
3-PA,902,1,2,2389,0,2392,G
3-PA,903,0,1,2390,0,2391,G
3-PA,904,2313,0,1,0,2314,A
3-PA,905,0,2300,0,2,2302,T
3-PA,906,0,0,0,2330,2330,C
3-PA,907,3,0,1,2516,2520,C
3-PA,908,6,0,0,2545,2551,C
3-PA,909,2579,0,0,0,2579,A
3-PA,910,0,2580,1,0,2581,T
3-PA,911,0,2585,0,1,2586,T
3-PA,912,2642,0,2,0,2644,A
3-PA,913,0,2633,1,1,2635,T
3-PA,914,2631,1,1,0,2633,A
3-PA,915,0,2630,0,1,2631,T
3-PA,916,1,1,2313,0,2315,G
3-PA,917,2314,1,0,0,2315,A
3-PA,918,0,2289,0,0,2289,T
3-PA,919,1,0,2306,0,2307,G
3-PA,920,0,1,1,2279,2281,C
3-PA,921,2,0,2269,0,2271,G
3-PA,922,2291,0,0,0,2291,A
3-PA,923,0,2277,0,0,2277,T
3-PA,924,0,0,0,2292,2292,C
3-PA,925,2286,1,2,0,2289,A
3-PA,926,2285,0,1,1,2287,A
3-PA,927,0,0,2302,0,2302,G
3-PA,928,0,2268,0,1,2269,T
3-PA,929,1,0,2286,0,2287,G
3-PA,930,0,1,0,2300,2301,C
3-PA,931,2291,0,0,0,2291,A
3-PA,932,0,2302,0,1,2303,T
3-PA,933,2299,0,0,0,2299,A
3-PA,934,2319,0,0,0,2319,A
3-PA,935,2321,0,0,0,2321,A
3-PA,936,2306,0,3,0,2309,A
3-PA,937,2311,0,1,0,2312,A
3-PA,938,0,3,0,2309,2312,C
3-PA,939,2268,0,1,0,2269,A
3-PA,940,0,2260,0,2,2262,T
3-PA,941,0,2266,0,1,2267,T
3-PA,942,0,0,0,2268,2268,C
3-PA,943,0,2237,0,0,2237,T
3-PA,944,1,2250,0,2,2253,T
3-PA,945,1,2246,0,0,2247,T
3-PA,946,1,1,2253,0,2255,G
3-PA,947,0,1,2249,0,2250,G
3-PA,948,2232,1,4,0,2237,A
3-PA,949,0,2240,0,0,2240,T
3-PA,950,0,2,2263,0,2265,G
3-PA,951,0,0,2315,0,2315,G
3-PA,952,2298,0,2,0,2300,A
3-PA,953,2301,0,2,0,2303,A
3-PA,954,2307,1,4,0,2312,A
3-PA,955,1,2,2334,0,2337,G
3-PA,956,2316,0,2,0,2318,A
3-PA,957,2586,1,4,0,2591,A
3-PA,958,1,0,0,2640,2641,C
3-PA,959,1,0,0,2649,2650,C
3-PA,960,0,2612,0,0,2612,T
3-PA,961,0,2641,1,1,2643,T
3-PA,962,2663,0,2,0,2665,A
3-PA,963,0,2663,0,1,2664,T
3-PA,964,2637,0,1,1,2639,A
3-PA,965,0,2671,0,1,2672,T
3-PA,966,2427,0,3,0,2430,A
3-PA,967,0,2,2448,0,2450,G
3-PA,968,0,2427,0,2,2429,T
3-PA,969,0,0,0,2431,2431,C
3-PA,970,2399,0,1,0,2400,A
3-PA,971,2400,1,1,0,2402,A
3-PA,972,2397,1,1,1,2400,A
3-PA,973,1,0,0,2417,2418,C
3-PA,974,0,2,0,2378,2380,C
3-PA,975,2342,0,1,0,2343,A
3-PA,976,0,0,0,2372,2372,C
3-PA,977,2363,0,3,1,2367,A
3-PA,978,0,3,1,2382,2386,C
3-PA,979,0,2,2389,0,2391,G
3-PA,980,2367,0,7,2,2376,A
3-PA,981,2375,0,0,0,2375,A
3-PA,982,2364,0,1,0,2365,A
3-PA,983,2367,0,5,0,2372,A
3-PA,984,1,1,2391,0,2393,G
3-PA,985,1,1,2348,2,2352,G
3-PA,986,0,1,2372,0,2373,G
3-PA,987,2364,0,2,0,2366,A
3-PA,988,2374,0,4,0,2378,A
3-PA,989,0,2379,0,0,2379,T
3-PA,990,2373,1,0,0,2374,A
3-PA,991,2368,0,0,0,2368,A
3-PA,992,2381,0,0,0,2381,A
3-PA,993,0,2365,1,1,2367,T
3-PA,994,0,2358,0,0,2358,T
3-PA,995,1,0,0,2367,2368,C
3-PA,996,2371,1,0,0,2372,A
3-PA,997,2375,0,1,0,2376,A
3-PA,998,2384,0,0,0,2384,A
3-PA,999,0,2376,0,2,2378,T
3-PA,1000,0,2384,0,0,2384,T
3-PA,1001,2396,0,0,0,2396,A
3-PA,1002,0,1,0,2388,2389,C
3-PA,1003,1,0,0,2388,2389,C
3-PA,1004,0,2342,0,1,2343,T
3-PA,1005,1,0,2355,0,2356,G
3-PA,1006,1,0,0,2350,2351,C
3-PA,1007,0,2359,0,1,2360,T
3-PA,1008,0,0,2407,0,2407,G
3-PA,1009,0,2401,0,1,2402,T
3-PA,1010,2,1,0,2399,2402,C
3-PA,1011,2404,1,2,0,2407,A
3-PA,1012,0,2402,0,4,2406,T
3-PA,1013,1,2,2393,0,2396,G
3-PA,1014,0,1,2393,2,2396,G
3-PA,1015,2392,0,1,0,2393,A
3-PA,1016,2456,1,3,0,2460,A
3-PA,1017,6,0,2440,0,2446,G
3-PA,1018,0,1,0,2451,2452,C
3-PA,1019,2432,0,0,0,2432,A
3-PA,1020,2439,0,0,0,2439,A
3-PA,1021,0,0,2456,0,2456,G
3-PA,1022,0,2457,0,0,2457,T
3-PA,1023,2452,0,0,0,2452,A
3-PA,1024,0,1,0,2452,2453,C
3-PA,1025,0,2385,1,2,2388,T
3-PA,1026,1,1,2411,0,2413,G
3-PA,1027,0,2393,0,3,2396,T
3-PA,1028,4,0,0,2394,2398,C
3-PA,1029,2396,1,4,0,2401,A
3-PA,1030,0,3,2441,0,2444,G
3-PA,1031,2426,0,0,0,2426,A
3-PA,1032,2435,0,2,0,2437,A
3-PA,1033,0,2483,0,1,2484,T
3-PA,1034,0,2455,0,2,2457,T
3-PA,1035,1,0,2451,0,2452,G
3-PA,1036,0,1,0,2457,2458,C
3-PA,1037,2450,1,6,0,2457,A
3-PA,1038,1,1,2463,1,2466,G
3-PA,1039,0,2,2429,0,2431,G
3-PA,1040,2449,0,1,0,2450,A
3-PA,1041,0,1,0,2459,2460,C
3-PA,1042,2406,1,2,0,2409,A
3-PA,1043,1,2421,1,0,2423,T
3-PA,1044,0,2424,0,0,2424,T
3-PA,1045,2,1,2446,0,2449,G
3-PA,1046,2451,1,3,0,2455,A
3-PA,1047,2438,0,0,1,2439,A
3-PA,1048,2441,0,0,1,2442,A
3-PA,1049,2435,0,0,0,2435,A
3-PA,1050,1,2413,0,1,2415,T
3-PA,1051,4,2,2446,0,2452,G
3-PA,1052,2422,1,2,1,2426,A
3-PA,1053,1,0,2436,0,2437,G
3-PA,1054,2,1,2444,1,2448,G
3-PA,1055,2420,1,1,0,2422,A
3-PA,1056,0,0,2432,0,2432,G
3-PA,1057,2437,0,1,0,2438,A
3-PA,1058,2425,0,2,0,2427,A
3-PA,1059,1,1,2445,0,2447,G
3-PA,1060,2432,0,2,0,2434,A
3-PA,1061,0,2417,0,1,2418,T
3-PA,1062,0,2408,0,0,2408,T
3-PA,1063,1,0,0,2429,2430,C
3-PA,1064,2,2,0,2435,2439,C
3-PA,1065,2430,1,1,0,2432,A
3-PA,1066,2412,0,1,1,2414,A
3-PA,1067,0,0,2416,0,2416,G
3-PA,1068,2359,0,2,1,2362,A
3-PA,1069,2416,1,1,0,2418,A
3-PA,1070,0,1,0,2431,2432,C
3-PA,1071,0,2429,0,1,2430,T
3-PA,1072,2437,0,1,0,2438,A
3-PA,1073,2440,0,0,1,2441,A
3-PA,1074,2444,0,1,1,2446,A
3-PA,1075,2437,0,1,0,2438,A
3-PA,1076,2436,0,1,2,2439,A
3-PA,1077,0,0,0,2452,2452,C
3-PA,1078,2437,0,0,0,2437,A
3-PA,1079,0,2409,0,1,2410,T
3-PA,1080,0,1,2437,0,2438,G
3-PA,1081,2438,0,5,0,2443,A
3-PA,1082,2447,0,1,2,2450,A
3-PA,1083,2,0,2469,0,2471,G
3-PA,1084,2456,0,1,0,2457,A
3-PA,1085,2470,1,1,0,2472,A
3-PA,1086,2446,0,1,0,2447,A
3-PA,1087,2447,0,2,1,2450,A
3-PA,1088,0,1,0,2460,2461,C
3-PA,1089,0,2,2452,0,2454,G
3-PA,1090,2453,0,2,0,2455,A
3-PA,1091,0,0,2456,0,2456,G
3-PA,1092,2,2442,0,1,2445,T
3-PA,1093,2,0,0,2516,2518,C
3-PA,1094,2507,1,3,0,2511,A
3-PA,1095,2552,0,2,1,2555,A
3-PA,1096,0,5,0,2547,2552,C
3-PA,1097,0,2532,0,2,2534,T
3-PA,1098,0,1,2592,0,2593,G
3-PA,1099,2563,1,1,1,2566,A
3-PA,1100,2577,1,1,0,2579,A
3-PA,1101,4,1,2577,0,2582,G
3-PA,1102,0,2519,0,0,2519,T
3-PA,1103,0,1,2522,0,2523,G
3-PA,1104,1,3,2503,0,2507,G
3-PA,1105,3,2,2512,0,2517,G
3-PA,1106,1,0,0,2531,2532,C
3-PA,1107,0,2475,0,1,2476,T
3-PA,1108,2,1,0,2502,2505,C
3-PA,1109,0,2496,0,0,2496,T
3-PA,1110,0,2511,0,0,2511,T
3-PA,1111,1,2,2579,0,2582,G
3-PA,1112,2,1,2603,0,2606,G
3-PA,1113,0,2593,0,2,2595,T
3-PA,1114,2,1,2582,1,2586,G
3-PA,1115,2569,0,0,0,2569,A
3-PA,1116,2594,0,2,0,2596,A
3-PA,1117,2583,0,0,0,2583,A
3-PA,1118,2612,0,0,0,2612,A
3-PA,1119,0,0,0,2634,2634,C
3-PA,1120,2571,1,0,0,2572,A
3-PA,1121,0,2563,0,1,2564,T
3-PA,1122,4,3,2558,0,2565,G
3-PA,1123,0,2,2630,0,2632,G
3-PA,1124,0,0,0,2639,2639,C
3-PA,1125,2651,1,1,1,2654,A
3-PA,1126,0,1,0,2667,2668,C
3-PA,1127,2,2,0,2670,2674,C
3-PA,1128,2728,0,2,0,2730,A
3-PA,1129,0,4,2762,0,2766,G
3-PA,1130,2752,0,3,0,2755,A
3-PA,1131,1,0,2803,0,2804,G
3-PA,1132,2793,0,1,0,2794,A
3-PA,1133,2794,1,2,0,2797,A
3-PA,1134,3,1,2832,0,2836,G
3-PA,1135,0,1,2816,0,2817,G
3-PA,1136,0,2804,0,3,2807,T
3-PA,1137,2777,0,0,0,2777,A
3-PA,1138,0,2,2778,0,2780,G
3-PA,1139,2766,1,1,0,2768,A
3-PA,1140,0,1,0,2813,2814,C
3-PA,1141,1,2765,0,0,2766,T
3-PA,1142,0,2754,0,2,2756,T
3-PA,1143,0,2761,2,0,2763,T
3-PA,1144,5,3,2763,0,2771,G
3-PA,1145,2758,0,1,0,2759,A
3-PA,1146,2778,0,1,0,2779,A
3-PA,1147,2769,0,2,0,2771,A
3-PA,1148,2751,1,1,0,2753,A
3-PA,1149,0,2,0,2873,2875,C
3-PA,1150,0,2848,1,0,2849,T
3-PA,1151,2,0,2898,0,2900,G
3-PA,1152,0,2,0,2898,2900,C
3-PA,1153,2895,0,1,2,2898,A
3-PA,1154,1,1,2890,0,2892,G
3-PA,1155,2875,1,2,0,2878,A
3-PA,1156,1,1,3069,0,3071,G
3-PA,1157,3079,1,4,0,3084,A
3-PA,1158,0,1,0,3063,3064,C
3-PA,1159,3053,0,2,0,3055,A
3-PA,1160,0,3034,1,0,3035,T
3-PA,1161,3027,1,0,0,3028,A
3-PA,1162,3028,0,2,0,3030,A
3-PA,1163,1,0,3023,0,3024,G
3-PA,1164,1,0,1,3021,3023,C
3-PA,1165,4,0,2975,0,2979,G
3-PA,1166,3046,2,0,0,3048,A
3-PA,1167,1,3023,0,2,3026,T
3-PA,1168,0,3018,0,1,3019,T
3-PA,1169,0,3025,0,1,3026,T
3-PA,1170,2,1,3040,0,3043,G
3-PA,1171,3051,1,4,0,3056,A
3-PA,1172,3060,0,5,0,3065,A
3-PA,1173,1,0,3076,0,3077,G
3-PA,1174,1,3,0,3164,3168,C
3-PA,1175,3132,0,0,0,3132,A
3-PA,1176,3360,1,0,0,3361,A
3-PA,1177,0,3355,0,0,3355,T
3-PA,1178,3361,0,2,1,3364,A
3-PA,1179,0,3361,0,1,3362,T
3-PA,1180,3,1,3372,0,3376,G
3-PA,1181,3405,0,6,1,3412,A
3-PA,1182,1,3404,0,0,3405,T
3-PA,1183,3293,1,3,1,3298,A
3-PA,1184,0,0,3303,0,3303,G
3-PA,1185,1,3149,0,2,3152,T
3-PA,1186,0,0,3151,0,3151,G
3-PA,1187,3146,0,0,0,3146,A
3-PA,1188,0,0,1,3118,3119,C
3-PA,1189,0,0,3109,0,3109,G
3-PA,1190,3124,0,1,0,3125,A
3-PA,1191,3137,0,1,0,3138,A
3-PA,1192,1,1,0,3170,3172,C
3-PA,1193,1,0,0,3167,3168,C
3-PA,1194,0,3151,0,1,3152,T
3-PA,1195,0,3,3276,0,3279,G
3-PA,1196,3250,0,1,2,3253,A
3-PA,1197,3283,0,0,0,3283,A
3-PA,1198,0,3269,0,0,3269,T
3-PA,1199,0,3266,2,0,3268,T
3-PA,1200,3272,0,1,0,3273,A
3-PA,1201,3224,0,2,1,3227,A
3-PA,1202,1,2,3247,0,3250,G
3-PA,1203,2,1,3253,0,3256,G
3-PA,1204,0,3179,0,5,3184,T
3-PA,1205,3,0,0,3177,3180,C
3-PA,1206,3190,1,2,0,3193,A
3-PA,1207,0,2,0,3355,3357,C
3-PA,1208,0,3354,1,4,3359,T
3-PA,1209,0,3361,0,13,3374,T
3-PA,1210,2,3385,0,1,3388,T
3-PA,1211,0,1,0,3374,3375,C
3-PA,1212,3376,0,4,0,3380,A
3-PA,1213,3380,0,1,1,3382,A
3-PA,1214,1,1,3437,0,3439,G
3-PA,1215,2,1,0,3424,3427,C
3-PA,1216,1,3345,1,1,3348,T
3-PA,1217,0,1,3449,0,3450,G
3-PA,1218,2,1,3450,0,3453,G
3-PA,1219,3502,1,0,0,3503,A
3-PA,1220,0,3543,0,2,3545,T
3-PA,1221,3559,1,3,1,3564,A
3-PA,1222,0,5,1,3585,3591,C
3-PA,1223,3534,0,2,0,3536,A
3-PA,1224,3,1,3585,0,3589,G
3-PA,1225,3555,0,1,0,3556,A
3-PA,1226,3508,1,1,0,3510,A
3-PA,1227,0,3473,2,1,3476,T
3-PA,1228,0,4,3543,0,3547,G
3-PA,1229,3513,0,4,0,3517,A
3-PA,1230,0,0,3601,0,3601,G
3-PA,1231,1,3579,1,2,3583,T
3-PA,1232,0,3563,0,0,3563,T
3-PA,1233,5,2,2,3613,3622,C
3-PA,1234,3649,0,2,0,3651,A
3-PA,1235,3656,1,3,0,3660,A
3-PA,1236,1,0,0,3656,3657,C
3-PA,1237,3592,0,2,0,3594,A
3-PA,1238,3601,0,3,0,3604,A
3-PA,1239,1,1,3612,0,3614,G
3-PA,1240,1,10,3621,0,3632,G
3-PA,1241,0,1,2,3667,3670,C
3-PA,1242,0,0,0,3671,3671,C
3-PA,1243,2,3628,0,5,3635,T
3-PA,1244,0,0,3669,0,3669,G
3-PA,1245,1,3666,0,2,3669,T
3-PA,1246,2,1,3687,0,3690,G
3-PA,1247,3672,1,5,1,3679,A
3-PA,1248,1,1,3698,0,3700,G
3-PA,1249,2,0,0,3680,3682,C
3-PA,1250,0,3666,0,3,3669,T
3-PA,1251,3773,0,1,0,3774,A
3-PA,1252,3772,0,1,0,3773,A
3-PA,1253,0,1,1,3800,3802,C
3-PA,1254,0,3763,0,2,3765,T
3-PA,1255,0,1,3770,0,3771,G
3-PA,1256,3746,0,1,0,3747,A
3-PA,1257,0,3740,0,0,3740,T
3-PA,1258,0,3749,0,1,3750,T
3-PA,1259,0,0,0,3760,3760,C
3-PA,1260,3833,0,1,0,3834,A
3-PA,1261,3,2,3930,0,3935,G
3-PA,1262,0,3911,0,1,3912,T
3-PA,1263,1,0,0,3922,3923,C
3-PA,1264,0,3893,0,4,3897,T
3-PA,1265,3,1,4057,0,4061,G
3-PA,1266,0,0,4071,0,4071,G
3-PA,1267,4070,0,4,0,4074,A
3-PA,1268,0,4087,0,0,4087,T
3-PA,1269,3886,1,2,0,3889,A
3-PA,1270,0,2,3875,0,3877,G
3-PA,1271,3794,0,5,2,3801,A
3-PA,1272,1,0,3817,0,3818,G
3-PA,1273,0,2,0,3804,3806,C
3-PA,1274,1,3711,0,2,3714,T
3-PA,1275,2,0,0,3744,3746,C
3-PA,1276,0,0,3764,0,3764,G
3-PA,1277,3757,0,5,0,3762,A
3-PA,1278,0,3773,0,1,3774,T
3-PA,1279,0,1,3766,0,3767,G
3-PA,1280,3828,2,0,0,3830,A
3-PA,1281,3830,1,2,0,3833,A
3-PA,1282,3861,0,1,0,3862,A
3-PA,1283,0,3832,0,0,3832,T
3-PA,1284,1,3834,0,2,3837,T
3-PA,1285,2,3,3890,0,3895,G
3-PA,1286,1,3,3892,0,3896,G
3-PA,1287,3866,0,3,1,3870,A
3-PA,1288,0,3,3893,0,3896,G
3-PA,1289,3828,0,2,0,3830,A
3-PA,1290,0,1,3881,0,3882,G
3-PA,1291,1,0,3902,0,3903,G
3-PA,1292,3948,1,2,0,3951,A
3-PA,1293,1,0,0,3969,3970,C
3-PA,1294,3,2,3930,0,3935,G
3-PA,1295,0,3933,2,1,3936,T
3-PA,1296,3961,1,1,1,3964,A
3-PA,1297,0,0,4007,1,4008,G
3-PA,1298,0,3,0,4039,4042,C
3-PA,1299,1,2,0,3963,3966,C
3-PA,1300,2,1,1,3958,3962,C
3-PA,1301,7,2,0,3966,3975,C
3-PA,1302,4007,0,1,0,4008,A
3-PA,1303,4165,0,1,0,4166,A
3-PA,1304,2,4151,0,0,4153,T
3-PA,1305,0,4128,0,2,4130,T
3-PA,1306,2,3,4132,0,4137,G
3-PA,1307,4047,2,6,0,4055,A
3-PA,1308,0,1,4066,0,4067,G
3-PA,1309,0,2,0,4058,4060,C
3-PA,1310,4044,1,4,0,4049,A
3-PA,1311,0,3,0,4136,4139,C
3-PA,1312,4033,1,0,0,4034,A
3-PA,1313,0,4142,0,4,4146,T
3-PA,1314,1,4139,0,3,4143,T
3-PA,1315,2,0,4145,0,4147,G
3-PA,1316,0,0,0,4148,4148,C
3-PA,1317,4132,2,3,0,4137,A
3-PA,1318,4138,0,4,0,4142,A
3-PA,1319,1,0,4147,0,4148,G
3-PA,1320,1,5,0,4105,4111,C
3-PA,1321,4109,0,1,0,4110,A
3-PA,1322,0,4021,0,1,4022,T
3-PA,1323,1,2,4028,0,4031,G
3-PA,1324,3996,0,1,2,3999,A
3-PA,1325,1,2,4040,0,4043,G
3-PA,1326,4028,1,3,0,4032,A
3-PA,1327,4043,0,3,0,4046,A
3-PA,1328,2,4,4021,0,4027,G
3-PA,1329,2,5,4027,0,4034,G
3-PA,1330,4039,1,1,0,4041,A
3-PA,1331,4046,1,4,0,4051,A
3-PA,1332,2,4033,0,2,4037,T
3-PA,1333,1,4053,0,1,4055,T
3-PA,1334,4061,1,0,0,4062,A
3-PA,1335,0,4061,1,2,4064,T
3-PA,1336,0,4070,0,1,4071,T
3-PA,1337,0,4055,1,1,4057,T
3-PA,1338,0,0,0,4042,4042,C
3-PA,1339,4030,0,0,0,4030,A
3-PA,1340,1,1,0,4132,4134,C
3-PA,1341,4117,0,2,0,4119,A
3-PA,1342,1,0,4175,0,4176,G
3-PA,1343,0,2,0,4166,4168,C
3-PA,1344,4153,2,2,0,4157,A
3-PA,1345,0,3,4208,0,4211,G
3-PA,1346,4181,0,2,0,4183,A
3-PA,1347,1,0,4216,0,4217,G
3-PA,1348,0,0,4243,0,4243,G
3-PA,1349,3,4138,0,3,4144,T
3-PA,1350,0,0,4223,0,4223,G
3-PA,1351,1,4182,0,4,4187,T
3-PA,1352,1,2,0,4175,4178,C
3-PA,1353,4,0,0,4224,4228,C
3-PA,1354,3,2,0,4215,4220,C
3-PA,1355,4262,0,0,1,4263,A
3-PA,1356,1,4298,1,5,4305,T
3-PA,1357,1,4292,0,0,4293,T
3-PA,1358,1,1,4304,0,4306,G
3-PA,1359,0,4240,0,3,4243,T
3-PA,1360,4199,0,1,0,4200,A
3-PA,1361,0,0,4196,0,4196,G
3-PA,1362,4054,1,4,0,4059,A
3-PA,1363,0,1,4096,0,4097,G
3-PA,1364,2,3,2,4020,4027,C
3-PA,1365,1,2,0,3972,3975,C
3-PA,1366,4045,0,5,2,4052,A
3-PA,1367,1,0,0,4049,4050,C
3-PA,1368,0,3998,0,2,4000,T
3-PA,1369,0,0,4011,0,4011,G
3-PA,1370,3991,1,1,0,3993,A
3-PA,1371,3911,1,4,1,3917,A
3-PA,1372,0,4046,0,0,4046,T
3-PA,1373,4086,0,0,0,4086,A
3-PA,1374,0,1,0,4133,4134,C
3-PA,1375,4043,0,1,0,4044,A
3-PA,1376,0,4060,0,3,4063,T
3-PA,1377,4032,0,0,0,4032,A
3-PA,1378,4068,0,8,0,4076,A
3-PA,1379,0,4075,0,1,4076,T
3-PA,1380,0,1,4029,0,4030,G
3-PA,1381,4005,1,0,0,4006,A
3-PA,1382,3977,0,3,0,3980,A
3-PA,1383,14,3,3970,0,3987,G
3-PA,1384,0,7,3994,0,4001,G
3-PA,1385,1,4,4066,0,4071,G
3-PA,1386,2,2,4064,0,4068,G
3-PA,1387,0,0,4114,1,4115,G
3-PA,1388,1,4042,0,2,4045,T
3-PA,1389,4059,0,1,0,4060,A
3-PA,1390,0,4071,0,0,4071,T
3-PA,1391,4148,0,2,1,4151,A
3-PA,1392,0,1,0,4491,4492,C
3-PA,1393,4347,0,0,0,4347,A
3-PA,1394,1,4269,0,0,4270,T
3-PA,1395,0,4222,0,9,4231,T
3-PA,1396,4195,1,2,0,4198,A
3-PA,1397,4275,0,2,1,4278,A
3-PA,1398,2,0,0,4282,4284,C
3-PA,1399,4224,0,3,0,4227,A
3-PA,1400,0,0,0,4227,4227,C
3-PA,1401,0,3692,0,1,3693,T
3-PA,1402,1,0,3824,0,3825,G
3-PA,1403,0,1,0,3800,3801,C
3-PA,1404,0,2,0,3797,3799,C
3-PA,1405,1,0,0,3813,3814,C
3-PA,1406,0,3688,0,8,3696,T
3-PA,1407,1,2,3853,0,3856,G
3-PA,1408,1,2,0,3862,3865,C
3-PA,1409,0,3840,0,3,3843,T
3-PA,1410,5,3,0,3945,3953,C
3-PA,1411,3820,0,4,0,3824,A
3-PA,1412,3869,0,2,1,3872,A
3-PA,1413,0,3873,0,3,3876,T
3-PA,1414,0,1,3855,0,3856,G
3-PA,1415,0,2,1,3852,3855,C
3-PA,1416,3767,0,1,0,3768,A
3-PA,1417,1,3749,0,5,3755,T
3-PA,1418,0,0,0,3748,3748,C
3-PA,1419,2,0,0,3772,3774,C
3-PA,1420,0,3581,0,2,3583,T
3-PA,1421,0,1,3657,0,3658,G
3-PA,1422,1,3627,0,1,3629,T
3-PA,1423,2,0,3624,0,3626,G
3-PA,1424,2,1,0,3630,3633,C
3-PA,1425,3588,0,5,0,3593,A
3-PA,1426,0,0,3632,0,3632,G
3-PA,1427,1,1,0,3612,3614,C
3-PA,1428,3550,0,0,0,3550,A
3-PA,1429,3564,0,0,0,3564,A
3-PA,1430,0,3435,0,2,3437,T
3-PA,1431,1,3,3432,0,3436,G
3-PA,1432,3,2,3424,0,3429,G
3-PA,1433,3431,1,2,0,3434,A
3-PA,1434,1,4,0,3416,3421,C
3-PA,1435,1,1,3374,0,3376,G
3-PA,1436,3410,0,0,0,3410,A
3-PA,1437,3,3395,0,0,3398,T
3-PA,1438,0,3396,0,0,3396,T
3-PA,1439,0,3393,0,2,3395,T
3-PA,1440,0,3391,0,0,3391,T
3-PA,1441,0,2,0,3389,3391,C
3-PA,1442,3399,0,2,0,3401,A
3-PA,1443,3398,0,1,0,3399,A
3-PA,1444,0,1,0,3410,3411,C
3-PA,1445,0,3328,0,2,3330,T
3-PA,1446,3331,0,0,0,3331,A
3-PA,1447,3332,0,1,0,3333,A
3-PA,1448,0,3341,1,1,3343,T
3-PA,1449,0,3319,1,4,3324,T
3-PA,1450,2,1,0,3335,3338,C
3-PA,1451,2,0,1,3324,3327,C
3-PA,1452,3,2,0,3323,3328,C
3-PA,1453,3319,1,4,0,3324,A
3-PA,1454,1,3354,0,0,3355,T
3-PA,1455,0,1,3372,0,3373,G
3-PA,1456,3348,0,0,0,3348,A
3-PA,1457,0,3355,0,0,3355,T
3-PA,1458,3336,0,1,0,3337,A
3-PA,1459,3345,1,4,0,3350,A
3-PA,1460,2,1,3346,0,3349,G
3-PA,1461,0,0,0,3331,3331,C
3-PA,1462,3323,1,1,0,3325,A
3-PA,1463,3217,0,2,0,3219,A
3-PA,1464,0,0,3257,0,3257,G
3-PA,1465,1,3243,0,2,3246,T
3-PA,1466,1,0,3234,0,3235,G
3-PA,1467,0,2,0,3229,3231,C
3-PA,1468,3204,0,1,0,3205,A
3-PA,1469,0,0,3260,0,3260,G
3-PA,1470,3235,0,1,0,3236,A
3-PA,1471,3283,0,2,0,3285,A
3-PA,1472,1,0,0,3284,3285,C
3-PA,1473,0,3156,1,0,3157,T
3-PA,1474,3199,0,1,0,3200,A
3-PA,1475,3202,1,1,0,3204,A
3-PA,1476,3187,0,6,0,3193,A
3-PA,1477,1,2,3206,0,3209,G
3-PA,1478,3016,0,2,0,3018,A
3-PA,1479,0,18,3006,0,3024,G
3-PA,1480,1,0,2926,0,2927,G
3-PA,1481,1,2,2919,0,2922,G
3-PA,1482,2898,0,3,0,2901,A
3-PA,1483,2826,0,3,0,2829,A
3-PA,1484,2,1,2824,0,2827,G
3-PA,1485,1,0,2817,0,2818,G
3-PA,1486,0,1,0,2813,2814,C
3-PA,1487,3,0,2820,1,2824,G
3-PA,1488,2828,0,1,0,2829,A
3-PA,1489,2816,1,3,0,2820,A
3-PA,1490,2826,0,1,0,2827,A
3-PA,1491,2816,0,2,0,2818,A
3-PA,1492,2823,0,4,1,2828,A
3-PA,1493,0,2,0,2814,2816,C
3-PA,1494,1,0,0,2794,2795,C
3-PA,1495,2777,0,1,0,2778,A
3-PA,1496,2806,0,1,0,2807,A
3-PA,1497,0,2800,0,0,2800,T
3-PA,1498,2,2792,0,1,2795,T
3-PA,1499,0,2821,1,0,2822,T
3-PA,1500,2838,0,0,0,2838,A
3-PA,1501,0,2833,1,2,2836,T
3-PA,1502,2820,0,3,0,2823,A
3-PA,1503,0,2814,0,0,2814,T
3-PA,1504,1,2,2778,0,2781,G
3-PA,1505,0,2,2750,0,2752,G
3-PA,1506,2736,0,2,0,2738,A
3-PA,1507,0,2732,0,1,2733,T
3-PA,1508,0,2691,1,2,2694,T
3-PA,1509,0,1,0,2670,2671,C
3-PA,1510,2685,0,0,0,2685,A
3-PA,1511,0,2707,0,1,2708,T
3-PA,1512,0,0,0,2723,2723,C
3-PA,1513,2716,1,0,0,2717,A
3-PA,1514,0,2688,0,1,2689,T
3-PA,1515,2676,0,1,0,2677,A
3-PA,1516,2674,0,0,1,2675,A
3-PA,1517,2667,0,2,0,2669,A
3-PA,1518,0,2,2671,0,2673,G
3-PA,1519,0,0,2613,0,2613,G
3-PA,1520,0,1,2577,0,2578,G
3-PA,1521,2558,0,0,0,2558,A
3-PA,1522,2539,0,3,0,2542,A
3-PA,1523,3,0,2543,0,2546,G
3-PA,1524,2519,0,0,0,2519,A
3-PA,1525,1,2500,0,1,2502,T
3-PA,1526,1,1,1,2497,2500,C
3-PA,1527,1,2420,1,2,2424,T
3-PA,1528,0,1,0,2494,2495,C
3-PA,1529,2481,0,0,0,2481,A
3-PA,1530,1,2476,1,1,2479,T
3-PA,1531,0,2477,0,2,2479,T
3-PA,1532,0,2444,0,1,2445,T
3-PA,1533,2427,0,1,0,2428,A
3-PA,1534,2429,0,1,1,2431,A
3-PA,1535,0,3,2425,0,2428,G
3-PA,1536,0,0,2472,1,2473,G
3-PA,1537,2277,0,1,0,2278,A
3-PA,1538,2292,0,2,0,2294,A
3-PA,1539,0,2280,0,0,2280,T
3-PA,1540,0,1,2306,0,2307,G
3-PA,1541,2361,1,3,0,2365,A
3-PA,1542,0,0,0,2364,2364,C
3-PA,1543,2353,0,3,0,2356,A
3-PA,1544,0,0,0,2346,2346,C
3-PA,1545,2256,1,2,0,2259,A
3-PA,1546,0,0,2272,0,2272,G
3-PA,1547,2261,0,0,0,2261,A
3-PA,1548,0,2,0,2238,2240,C
3-PA,1549,1,0,2204,0,2205,G
3-PA,1550,0,2016,0,0,2016,T
3-PA,1551,1,2,2016,0,2019,G
3-PA,1552,1,0,2035,0,2036,G
3-PA,1553,0,2030,0,1,2031,T
3-PA,1554,2027,0,2,0,2029,A
3-PA,1555,1989,0,1,0,1990,A
3-PA,1556,1997,0,0,0,1997,A
3-PA,1557,0,1994,0,0,1994,T
3-PA,1558,0,1922,0,1,1923,T
3-PA,1559,0,1928,0,0,1928,T
3-PA,1560,0,1886,0,0,1886,T
3-PA,1561,1,0,1886,0,1887,G
3-PA,1562,1,1865,0,0,1866,T
3-PA,1563,0,0,1866,0,1866,G
3-PA,1564,1849,0,0,0,1849,A
3-PA,1565,0,0,1851,0,1851,G
3-PA,1566,0,0,0,1838,1838,C
3-PA,1567,1841,0,0,0,1841,A
3-PA,1568,0,1835,0,0,1835,T
3-PA,1569,0,0,1844,0,1844,G
3-PA,1570,0,0,1849,0,1849,G
3-PA,1571,1850,0,1,0,1851,A
3-PA,1572,0,0,1855,0,1855,G
3-PA,1573,0,1799,0,0,1799,T
3-PA,1574,0,1761,0,3,1764,T
3-PA,1575,0,1774,0,2,1776,T
3-PA,1576,0,1774,0,2,1776,T
3-PA,1577,1,1,0,1777,1779,C
3-PA,1578,0,1758,0,2,1760,T
3-PA,1579,2,0,1,1759,1762,C
3-PA,1580,1,1679,0,1,1681,T
3-PA,1581,0,0,0,1682,1682,C
3-PA,1582,1678,0,2,0,1680,A
3-PA,1583,0,0,0,1674,1674,C
3-PA,1584,0,1628,0,0,1628,T
3-PA,1585,1,0,1624,0,1625,G
3-PA,1586,1615,0,1,0,1616,A
3-PA,1587,1,0,0,1624,1625,C
3-PA,1588,0,1,0,1604,1605,C
3-PA,1589,0,1,0,1582,1583,C
3-PA,1590,1,1,1575,0,1577,G
3-PA,1591,1558,0,1,0,1559,A
3-PA,1592,0,0,1581,0,1581,G
3-PA,1593,1575,0,2,0,1577,A
3-PA,1594,0,0,0,1541,1541,C
3-PA,1595,0,1507,0,2,1509,T
3-PA,1596,1,1427,0,0,1428,T
3-PA,1597,0,0,1423,0,1423,G
3-PA,1598,1405,0,2,0,1407,A
3-PA,1599,0,1,1424,0,1425,G
3-PA,1600,0,1,0,1403,1404,C
3-PA,1601,0,0,0,1348,1348,C
3-PA,1602,1357,0,0,0,1357,A
3-PA,1603,1,0,0,1355,1356,C
3-PA,1604,1356,0,2,0,1358,A
3-PA,1605,0,1348,0,2,1350,T
3-PA,1606,1347,0,1,0,1348,A
3-PA,1607,1342,1,0,0,1343,A
3-PA,1608,1335,0,0,0,1335,A
3-PA,1609,0,1329,0,0,1329,T
3-PA,1610,0,1,1318,0,1319,G
3-PA,1611,1,0,1197,0,1198,G
3-PA,1612,0,1,1183,0,1184,G
3-PA,1613,1155,0,2,0,1157,A
3-PA,1614,2,1,1171,0,1174,G
3-PA,1615,1148,0,1,0,1149,A
3-PA,1616,1140,0,2,1,1143,A
3-PA,1617,1147,0,4,0,1151,A
3-PA,1618,0,1144,0,0,1144,T
3-PA,1619,1125,0,0,0,1125,A
3-PA,1620,5,0,0,1123,1128,C
3-PA,1621,0,761,0,0,761,T
3-PA,1622,0,0,766,0,766,G
3-PA,1623,0,577,0,0,577,T
3-PA,1624,0,0,594,0,594,G
3-PA,1625,0,562,0,0,562,T
3-PA,1626,0,0,0,473,473,C
3-PA,1627,0,0,0,466,466,C
3-PA,1628,0,449,0,0,449,T
3-PA,1629,0,454,0,0,454,T
3-PA,1630,0,0,466,0,466,G
3-PA,1631,465,0,2,0,467,A
3-PA,1632,0,0,485,0,485,G
3-PA,1633,469,0,0,0,469,A
3-PA,1634,1,467,0,0,468,T
3-PA,1635,465,0,0,0,465,A
3-PA,1636,0,0,475,0,475,G
3-PA,1637,0,1,474,0,475,G
3-PA,1638,468,0,0,0,468,A
3-PA,1639,0,0,475,0,475,G
3-PA,1640,460,0,1,0,461,A
3-PA,1641,0,460,0,0,460,T
3-PA,1642,462,0,0,0,462,A
3-PA,1643,0,465,0,0,465,T
3-PA,1644,0,0,470,0,470,G
3-PA,1645,0,469,0,0,469,T
3-PA,1646,0,467,0,0,467,T
3-PA,1647,478,0,0,0,478,A
3-PA,1648,1,1,0,474,476,C
3-PA,1649,0,465,0,1,466,T
3-PA,1650,470,0,0,0,470,A
3-PA,1651,461,0,0,0,461,A
3-PA,1652,0,1,465,0,466,G
3-PA,1653,464,0,0,0,464,A
3-PA,1654,450,0,0,0,450,A
3-PA,1655,0,0,442,0,442,G
3-PA,1656,0,440,0,0,440,T
3-PA,1657,0,0,451,0,451,G
3-PA,1658,0,0,0,452,452,C
3-PA,1659,0,0,1,451,452,C
3-PA,1660,453,0,0,0,453,A
3-PA,1661,0,447,0,0,447,T
3-PA,1662,446,0,1,0,447,A
3-PA,1663,0,0,445,0,445,G
3-PA,1664,0,0,441,0,441,G
3-PA,1665,0,0,0,439,439,C
3-PA,1666,0,0,0,441,441,C
3-PA,1667,439,0,0,0,439,A
3-PA,1668,440,0,0,0,440,A
3-PA,1669,440,0,0,0,440,A
3-PA,1670,0,448,0,0,448,T
3-PA,1671,0,440,0,1,441,T
3-PA,1672,0,441,0,0,441,T
3-PA,1673,0,0,0,446,446,C
3-PA,1674,437,0,1,0,438,A
3-PA,1675,439,0,0,0,439,A
3-PA,1676,0,0,440,0,440,G
3-PA,1677,1,0,438,0,439,G
3-PA,1678,0,0,0,439,439,C
3-PA,1679,2,0,0,434,436,C
3-PA,1680,0,2,434,0,436,G
3-PA,1681,450,0,1,0,451,A
3-PA,1682,0,449,0,0,449,T
3-PA,1683,0,0,462,0,462,G
3-PA,1684,0,463,0,0,463,T
3-PA,1685,0,470,0,0,470,T
3-PA,1686,1,3,0,469,473,C
3-PA,1687,0,476,0,1,477,T
3-PA,1688,0,483,0,0,483,T
3-PA,1689,0,0,489,0,489,G
3-PA,1690,0,477,0,1,478,T
3-PA,1691,477,0,0,0,477,A
3-PA,1692,0,471,0,0,471,T
3-PA,1693,0,0,467,0,467,G
3-PA,1694,0,453,0,0,453,T
3-PA,1695,0,0,455,0,455,G
3-PA,1696,449,0,1,0,450,A
3-PA,1697,0,0,452,0,452,G
3-PA,1698,0,0,455,0,455,G
3-PA,1699,456,0,0,0,456,A
3-PA,1700,0,0,0,456,456,C
3-PA,1701,454,0,0,0,454,A
3-PA,1702,453,0,1,0,454,A
3-PA,1703,454,0,1,0,455,A
3-PA,1704,0,0,0,454,454,C
3-PA,1705,0,0,449,0,449,G
3-PA,1706,0,0,461,0,461,G
3-PA,1707,455,0,1,0,456,A
3-PA,1708,460,0,0,0,460,A
3-PA,1709,0,0,0,463,463,C
3-PA,1710,464,0,0,0,464,A
3-PA,1711,0,466,0,0,466,T
3-PA,1712,0,0,0,465,465,C
3-PA,1713,465,0,2,0,467,A
3-PA,1714,467,0,0,0,467,A
3-PA,1715,450,0,2,0,452,A
3-PA,1716,0,0,462,0,462,G
3-PA,1717,0,0,468,0,468,G
3-PA,1718,0,461,0,0,461,T
3-PA,1719,0,0,0,461,461,C
3-PA,1720,460,0,0,0,460,A
3-PA,1721,461,0,1,0,462,A
3-PA,1722,463,0,1,0,464,A
3-PA,1723,469,0,0,0,469,A
3-PA,1724,0,467,0,0,467,T
3-PA,1725,0,0,462,0,462,G
3-PA,1726,458,0,0,0,458,A
3-PA,1727,455,1,0,0,456,A
3-PA,1728,454,0,1,0,455,A
3-PA,1729,0,454,0,0,454,T
3-PA,1730,0,0,456,0,456,G
3-PA,1731,0,1,456,0,457,G
3-PA,1732,0,1,455,0,456,G
3-PA,1733,0,0,462,0,462,G
3-PA,1734,456,0,0,0,456,A
3-PA,1735,461,0,1,0,462,A
3-PA,1736,0,462,0,0,462,T
3-PA,1737,0,0,464,0,464,G
3-PA,1738,0,1,472,0,473,G
3-PA,1739,457,0,0,0,457,A
3-PA,1740,1,0,461,0,462,G
3-PA,1741,459,0,0,0,459,A
3-PA,1742,0,453,0,0,453,T
3-PA,1743,0,0,452,0,452,G
3-PA,1744,451,0,0,0,451,A
3-PA,1745,0,0,455,0,455,G
3-PA,1746,456,0,0,0,456,A
3-PA,1747,0,0,0,455,455,C
3-PA,1748,0,0,455,0,455,G
3-PA,1749,1,450,0,0,451,T
3-PA,1750,0,447,0,0,447,T
3-PA,1751,0,0,451,0,451,G
3-PA,1752,0,0,0,445,445,C
3-PA,1753,0,0,0,451,451,C
3-PA,1754,0,448,0,0,448,T
3-PA,1755,0,0,0,461,461,C
3-PA,1756,1,1,0,467,469,C
3-PA,1757,0,466,0,0,466,T
3-PA,1758,0,469,0,0,469,T
3-PA,1759,0,0,0,472,472,C
3-PA,1760,468,0,1,0,469,A
3-PA,1761,1,1,470,0,472,G
3-PA,1762,0,468,0,1,469,T
3-PA,1763,1,0,0,475,476,C
3-PA,1764,464,0,1,0,465,A
3-PA,1765,0,0,0,487,487,C
3-PA,1766,0,478,0,0,478,T
3-PA,1767,0,0,0,487,487,C
3-PA,1768,0,0,0,488,488,C
3-PA,1769,488,0,0,0,488,A
3-PA,1770,0,1,492,0,493,G
3-PA,1771,0,0,0,492,492,C
3-PA,1772,482,0,0,0,482,A
3-PA,1773,0,0,486,0,486,G
3-PA,1774,456,0,0,0,456,A
3-PA,1775,0,455,0,0,455,T
3-PA,1776,0,0,0,455,455,C
3-PA,1777,1,0,453,0,454,G
3-PA,1778,448,0,0,0,448,A
3-PA,1779,0,0,447,0,447,G
3-PA,1780,445,0,1,0,446,A
3-PA,1781,0,0,461,0,461,G
3-PA,1782,0,0,0,454,454,C
3-PA,1783,451,0,0,0,451,A
3-PA,1784,0,448,0,0,448,T
3-PA,1785,2,0,454,0,456,G
3-PA,1786,459,0,0,0,459,A
3-PA,1787,0,459,0,0,459,T
3-PA,1788,0,456,0,0,456,T
3-PA,1789,0,0,459,0,459,G
3-PA,1790,453,0,1,0,454,A
3-PA,1791,454,0,0,0,454,A
3-PA,1792,0,0,454,0,454,G
3-PA,1793,0,0,0,458,458,C
3-PA,1794,0,0,0,454,454,C
3-PA,1795,0,0,451,0,451,G
3-PA,1796,446,0,0,0,446,A
3-PA,1797,0,0,454,0,454,G
3-PA,1798,0,451,0,0,451,T
3-PA,1799,0,0,0,453,453,C
3-PA,1800,0,0,0,450,450,C
3-PA,1801,0,450,0,1,451,T
3-PA,1802,0,0,0,461,461,C
3-PA,1803,0,0,460,0,460,G
3-PA,1804,0,0,483,0,483,G
3-PA,1805,0,479,0,0,479,T
3-PA,1806,0,474,0,0,474,T
3-PA,1807,473,0,0,0,473,A
3-PA,1808,476,0,0,0,476,A
3-PA,1809,475,0,1,0,476,A
3-PA,1810,0,0,484,0,484,G
3-PA,1811,480,0,0,0,480,A
3-PA,1812,0,0,482,0,482,G
3-PA,1813,458,0,0,0,458,A
3-PA,1814,456,0,0,0,456,A
3-PA,1815,457,0,2,0,459,A
3-PA,1816,0,1,461,0,462,G
3-PA,1817,467,0,1,0,468,A
3-PA,1818,0,0,0,466,466,C
3-PA,1819,459,0,0,0,459,A
3-PA,1820,0,458,0,1,459,T
3-PA,1821,0,1,460,0,461,G
3-PA,1822,458,0,2,1,461,A
3-PA,1823,0,0,0,460,460,C
3-PA,1824,0,0,0,459,459,C
3-PA,1825,453,0,0,0,453,A
3-PA,1826,456,0,0,0,456,A
3-PA,1827,456,0,0,0,456,A
3-PA,1828,0,0,454,0,454,G
3-PA,1829,442,0,0,0,442,A
3-PA,1830,0,0,450,0,450,G
3-PA,1831,0,441,1,0,442,T
3-PA,1832,0,436,0,0,436,T
3-PA,1833,0,443,0,0,443,T
3-PA,1834,0,438,0,0,438,T
3-PA,1835,0,442,0,0,442,T
3-PA,1836,0,441,0,0,441,T
3-PA,1837,0,0,445,0,445,G
3-PA,1838,434,0,0,0,434,A
3-PA,1839,0,0,449,0,449,G
3-PA,1840,446,0,1,0,447,A
3-PA,1841,444,0,1,0,445,A
3-PA,1842,1,447,0,0,448,T
3-PA,1843,447,0,0,0,447,A
3-PA,1844,463,0,2,0,465,A
3-PA,1845,468,0,0,0,468,A
3-PA,1846,0,470,0,0,470,T
3-PA,1847,0,0,0,477,477,C
3-PA,1848,468,0,0,0,468,A
3-PA,1849,0,0,473,0,473,G
3-PA,1850,473,0,1,0,474,A
3-PA,1851,480,0,0,0,480,A
3-PA,1852,0,0,487,0,487,G
3-PA,1853,0,0,0,476,476,C
3-PA,1854,474,0,0,0,474,A
3-PA,1855,1,464,0,0,465,T
3-PA,1856,0,0,470,0,470,G
3-PA,1857,0,0,475,0,475,G
3-PA,1858,1,0,0,471,472,C
3-PA,1859,1,0,0,491,492,C
3-PA,1860,0,0,0,494,494,C
3-PA,1861,509,0,0,0,509,A
3-PA,1862,0,505,0,0,505,T
3-PA,1863,0,505,0,0,505,T
3-PA,1864,0,0,508,0,508,G
3-PA,1865,0,1,507,0,508,G
3-PA,1866,1,0,506,0,507,G
3-PA,1867,0,0,512,0,512,G
3-PA,1868,492,0,0,0,492,A
3-PA,1869,0,0,499,0,499,G
3-PA,1870,0,495,0,0,495,T
3-PA,1871,0,0,0,505,505,C
3-PA,1872,1,0,0,520,521,C
3-PA,1873,1,0,0,523,524,C
3-PA,1874,0,0,0,524,524,C
3-PA,1875,0,0,0,524,524,C
3-PA,1876,525,0,0,0,525,A
3-PA,1877,523,0,0,0,523,A
3-PA,1878,0,2,527,0,529,G
3-PA,1879,0,0,526,0,526,G
3-PA,1880,0,1,526,0,527,G
3-PA,1881,477,0,0,0,477,A
3-PA,1882,0,0,488,0,488,G
3-PA,1883,0,485,0,0,485,T
3-PA,1884,0,0,477,0,477,G
3-PA,1885,0,1,486,0,487,G
3-PA,1886,488,0,0,0,488,A
3-PA,1887,485,0,0,0,485,A
3-PA,1888,0,2,484,0,486,G
3-PA,1889,478,0,0,0,478,A
3-PA,1890,479,0,0,0,479,A
3-PA,1891,1,0,476,0,477,G
3-PA,1892,0,0,482,0,482,G
3-PA,1893,0,482,0,0,482,T
3-PA,1894,0,476,2,1,479,T
3-PA,1895,0,0,0,476,476,C
3-PA,1896,0,0,0,482,482,C
3-PA,1897,489,0,0,0,489,A
3-PA,1898,0,489,0,0,489,T
3-PA,1899,1,490,0,0,491,T
3-PA,1900,0,2,492,0,494,G
3-PA,1901,0,0,485,0,485,G
3-PA,1902,0,0,485,0,485,G
3-PA,1903,486,0,0,0,486,A
3-PA,1904,484,0,0,0,484,A
3-PA,1905,485,0,1,0,486,A
3-PA,1906,0,0,505,0,505,G
3-PA,1907,0,502,0,0,502,T
3-PA,1908,0,1,0,514,515,C
3-PA,1909,0,509,0,0,509,T
3-PA,1910,0,0,512,0,512,G
3-PA,1911,0,511,0,1,512,T
3-PA,1912,510,0,0,0,510,A
3-PA,1913,0,1,510,0,511,G
3-PA,1914,0,0,507,0,507,G
3-PA,1915,494,0,0,0,494,A
3-PA,1916,0,0,0,492,492,C
3-PA,1917,0,484,0,0,484,T
3-PA,1918,0,0,0,522,522,C
3-PA,1919,0,521,0,0,521,T
3-PA,1920,518,0,0,0,518,A
3-PA,1921,0,520,0,0,520,T
3-PA,1922,0,520,0,0,520,T
3-PA,1923,0,0,536,0,536,G
3-PA,1924,1,0,525,0,526,G
3-PA,1925,0,0,0,525,525,C
3-PA,1926,0,522,0,0,522,T
3-PA,1927,487,0,0,0,487,A
3-PA,1928,497,0,0,0,497,A
3-PA,1929,0,0,505,0,505,G
3-PA,1930,0,503,0,0,503,T
3-PA,1931,0,0,0,500,500,C
3-PA,1932,482,0,0,0,482,A
3-PA,1933,1,0,502,0,503,G
3-PA,1934,1,503,0,0,504,T
3-PA,1935,522,0,0,0,522,A
3-PA,1936,0,523,0,0,523,T
3-PA,1937,0,523,0,1,524,T
3-PA,1938,0,0,0,526,526,C
3-PA,1939,525,0,0,0,525,A
3-PA,1940,525,1,0,0,526,A
3-PA,1941,0,522,0,0,522,T
3-PA,1942,506,0,0,0,506,A
3-PA,1943,0,0,505,0,505,G
3-PA,1944,0,0,0,499,499,C
3-PA,1945,0,0,0,499,499,C
3-PA,1946,0,489,0,0,489,T
3-PA,1947,0,0,500,0,500,G
3-PA,1948,0,501,0,0,501,T
3-PA,1949,503,0,0,0,503,A
3-PA,1950,0,505,0,1,506,T
3-PA,1951,0,0,498,0,498,G
3-PA,1952,0,0,0,498,498,C
3-PA,1953,485,0,0,0,485,A
3-PA,1954,0,479,0,0,479,T
3-PA,1955,0,0,0,482,482,C
3-PA,1956,469,0,0,0,469,A
3-PA,1957,1,0,0,468,469,C
3-PA,1958,0,0,0,467,467,C
3-PA,1959,463,1,0,0,464,A
3-PA,1960,0,0,0,472,472,C
3-PA,1961,461,0,0,0,461,A
3-PA,1962,459,0,1,0,460,A
3-PA,1963,0,461,0,0,461,T
3-PA,1964,0,456,0,0,456,T
3-PA,1965,0,0,453,0,453,G
3-PA,1966,0,0,452,0,452,G
3-PA,1967,452,0,0,0,452,A
3-PA,1968,450,0,0,0,450,A
3-PA,1969,0,1,447,0,448,G
3-PA,1970,0,0,448,0,448,G
3-PA,1971,444,0,0,0,444,A
3-PA,1972,0,446,0,0,446,T
3-PA,1973,0,446,0,0,446,T
3-PA,1974,0,447,0,1,448,T
3-PA,1975,0,447,0,0,447,T
3-PA,1976,0,0,0,448,448,C
3-PA,1977,441,0,1,0,442,A
3-PA,1978,0,0,446,0,446,G
3-PA,1979,0,0,0,441,441,C
3-PA,1980,0,0,438,0,438,G
3-PA,1981,0,0,436,0,436,G
3-PA,1982,433,0,0,0,433,A
3-PA,1983,0,0,442,0,442,G
3-PA,1984,0,440,0,0,440,T
3-PA,1985,0,0,0,440,440,C
3-PA,1986,445,0,1,0,446,A
3-PA,1987,446,0,1,0,447,A
3-PA,1988,0,0,445,0,445,G
3-PA,1989,448,0,0,0,448,A
3-PA,1990,442,0,0,0,442,A
3-PA,1991,439,0,1,0,440,A
3-PA,1992,433,0,0,0,433,A
3-PA,1993,0,0,0,435,435,C
3-PA,1994,0,426,0,0,426,T
3-PA,1995,0,0,428,0,428,G
3-PA,1996,0,0,0,424,424,C
3-PA,1997,0,427,0,1,428,T
3-PA,1998,0,0,0,426,426,C
3-PA,1999,0,0,0,426,426,C
3-PA,2000,0,430,0,0,430,T
3-PA,2001,0,435,0,0,435,T
3-PA,2002,0,1,430,0,431,G
3-PA,2003,0,436,0,0,436,T
3-PA,2004,0,432,0,0,432,T
3-PA,2005,0,0,433,0,433,G
3-PA,2006,0,428,0,0,428,T
3-PA,2007,0,428,0,0,428,T
3-PA,2008,0,0,0,427,427,C
3-PA,2009,422,0,0,0,422,A
3-PA,2010,0,0,424,0,424,G
3-PA,2011,0,0,424,0,424,G
3-PA,2012,0,0,0,425,425,C
3-PA,2013,0,416,1,0,417,T
3-PA,2014,0,0,0,426,426,C
3-PA,2015,0,423,0,0,423,T
3-PA,2016,0,424,0,0,424,T
3-PA,2017,425,0,0,0,425,A
3-PA,2018,0,1,422,0,423,G
3-PA,2019,0,0,415,1,416,G
3-PA,2020,0,0,419,0,419,G
3-PA,2021,400,0,0,0,400,A
3-PA,2022,0,0,0,403,403,C
3-PA,2023,376,0,0,0,376,A
3-PA,2024,380,0,0,0,380,A
3-PA,2025,0,0,0,382,382,C
3-PA,2026,2,0,0,382,384,C
3-PA,2027,0,382,0,0,382,T
3-PA,2028,0,0,0,378,378,C
3-PA,2029,0,0,378,0,378,G
3-PA,2030,376,0,0,0,376,A
3-PA,2031,377,0,0,0,377,A
3-PA,2032,0,0,0,377,377,C
3-PA,2033,0,0,0,368,368,C
3-PA,2034,0,355,0,0,355,T
3-PA,2035,0,0,360,0,360,G
3-PA,2036,0,0,358,0,358,G
3-PA,2037,0,1,357,0,358,G
3-PA,2038,364,0,0,0,364,A
3-PA,2039,0,0,0,360,360,C
3-PA,2040,0,0,0,358,358,C
3-PA,2041,0,344,0,0,344,T
3-PA,2042,0,347,0,0,347,T
3-PA,2043,1,349,0,0,350,T
3-PA,2044,0,0,348,0,348,G
3-PA,2045,351,0,0,0,351,A
3-PA,2046,0,348,0,0,348,T
3-PA,2047,0,0,0,353,353,C
3-PA,2048,0,340,0,0,340,T
3-PA,2049,0,339,0,0,339,T
3-PA,2050,0,0,337,0,337,G
3-PA,2051,0,0,337,0,337,G
3-PA,2052,0,0,337,0,337,G
3-PA,2053,0,1,339,0,340,G
3-PA,2054,1,0,334,0,335,G
3-PA,2055,0,0,340,0,340,G
3-PA,2056,0,0,0,328,328,C
3-PA,2057,0,336,0,0,336,T
3-PA,2058,350,0,0,0,350,A
3-PA,2059,1,348,0,0,349,T
3-PA,2060,352,0,0,0,352,A
3-PA,2061,0,346,0,4,350,T
3-PA,2062,1,0,336,0,337,G
3-PA,2063,334,0,1,0,335,A
3-PA,2064,322,0,0,0,322,A
3-PA,2065,0,0,328,0,328,G
3-PA,2066,0,0,0,336,336,C
3-PA,2067,313,0,0,0,313,A
3-PA,2068,325,0,0,0,325,A
3-PA,2069,0,326,0,0,326,T
3-PA,2070,0,326,0,0,326,T
3-PA,2071,0,0,323,0,323,G
3-PA,2072,317,0,0,0,317,A
3-PA,2073,1,0,320,0,321,G
3-PA,2074,0,0,322,0,322,G
3-PA,2075,300,0,1,0,301,A
3-PA,2076,0,0,309,0,309,G
3-PA,2077,0,278,0,0,278,T
3-PA,2078,0,0,280,0,280,G
3-PA,2079,1,1,0,277,279,C
3-PA,2080,0,0,0,278,278,C
3-PA,2081,0,279,1,0,280,T
3-PA,2082,0,0,282,0,282,G
3-PA,2083,281,0,0,0,281,A
3-PA,2084,0,281,0,0,281,T
3-PA,2085,0,273,0,0,273,T
3-PA,2086,271,0,0,0,271,A
3-PA,2087,265,0,0,0,265,A
3-PA,2088,0,268,0,0,268,T
3-PA,2089,0,1,264,0,265,G
3-PA,2090,262,0,0,0,262,A
3-PA,2091,0,258,0,0,258,T
3-PA,2092,0,0,0,258,258,C
3-PA,2093,0,0,0,251,251,C
3-PA,2094,0,0,0,253,253,C
3-PA,2095,0,249,0,0,249,T
3-PA,2096,0,0,248,0,248,G
3-PA,2097,0,0,250,0,250,G
3-PA,2098,0,0,255,0,255,G
3-PA,2099,0,251,1,0,252,T
3-PA,2100,0,236,0,0,236,T
3-PA,2101,0,238,0,0,238,T
3-PA,2102,0,238,0,0,238,T
3-PA,2103,0,0,238,0,238,G
3-PA,2104,0,1,0,236,237,C
3-PA,2105,0,231,0,0,231,T
3-PA,2106,0,0,0,230,230,C
3-PA,2107,219,0,0,0,219,A
3-PA,2108,220,0,0,0,220,A
3-PA,2109,0,220,0,0,220,T
3-PA,2110,0,1,218,0,219,G
3-PA,2111,0,0,0,218,218,C
3-PA,2112,0,0,216,0,216,G
3-PA,2113,0,215,0,0,215,T
3-PA,2114,1,0,0,213,214,C
3-PA,2115,0,213,0,0,213,T
3-PA,2116,0,213,0,1,214,T
3-PA,2117,0,1,204,0,205,G
3-PA,2118,0,0,211,0,211,G
3-PA,2119,0,210,0,0,210,T
3-PA,2120,0,210,0,0,210,T
3-PA,2121,0,0,0,202,202,C
3-PA,2122,197,0,0,0,197,A
3-PA,2123,197,0,0,0,197,A
3-PA,2124,0,0,0,196,196,C
3-PA,2125,1,193,0,1,195,T
3-PA,2126,0,0,0,196,196,C
3-PA,2127,1,0,0,176,177,C
3-PA,2128,0,174,0,0,174,T
3-PA,2129,1,174,0,0,175,T
3-PA,2130,0,0,0,175,175,C
3-PA,2131,0,0,0,175,175,C
3-PA,2132,0,165,0,0,165,T
3-PA,2133,0,0,165,0,165,G
3-PA,2134,167,0,0,0,167,A
3-PA,2135,1,0,0,163,164,C
3-PA,2136,153,0,0,0,153,A
3-PA,2137,0,0,0,149,149,C
3-PA,2138,145,0,0,0,145,A
3-PA,2139,0,146,0,0,146,T
3-PA,2140,0,0,145,0,145,G
3-PA,2141,0,0,0,145,145,C
3-PA,2142,145,0,0,0,145,A
3-PA,2143,0,143,1,0,144,T
3-PA,2144,0,144,0,0,144,T
3-PA,2145,143,0,1,0,144,A
3-PA,2146,143,0,0,0,143,A
3-PA,2147,141,0,0,0,141,A
3-PA,2148,142,0,0,0,142,A
3-PA,2149,0,139,0,0,139,T
3-PA,2150,94,0,0,0,94,A
3-PA,2151,0,0,93,0,93,G
4-HA,1,1120,0,0,0,1120,A
4-HA,2,0,1130,0,0,1130,T
4-HA,3,0,0,1153,0,1153,G
4-HA,4,1155,1,1,0,1157,A
4-HA,5,1168,0,1,0,1169,A
4-HA,6,0,0,1276,0,1276,G
4-HA,7,1280,1,0,0,1281,A
4-HA,8,0,0,0,1383,1383,C
4-HA,9,0,1387,0,2,1389,T
4-HA,10,1429,0,0,0,1429,A
4-HA,11,1,1482,1,1,1485,T
4-HA,12,0,0,0,1485,1485,C
4-HA,13,1482,0,1,0,1483,A
4-HA,14,0,1484,0,0,1484,T
4-HA,15,0,1491,0,1,1492,T
4-HA,16,0,0,1636,0,1636,G
4-HA,17,0,0,0,1656,1656,C
4-HA,18,0,1657,0,0,1657,T
4-HA,19,0,1662,0,0,1662,T
4-HA,20,0,1664,0,0,1664,T
4-HA,21,1,2,1770,0,1773,G
4-HA,22,1793,0,3,0,1796,A
4-HA,23,0,0,1878,0,1878,G
4-HA,24,0,0,0,1901,1901,C
4-HA,25,0,1895,0,0,1895,T
4-HA,26,2069,0,0,0,2069,A
4-HA,27,0,0,0,2095,2095,C
4-HA,28,2127,0,0,0,2127,A
4-HA,29,1,2264,0,0,2265,T
4-HA,30,0,2243,0,1,2244,T
4-HA,31,0,0,0,2282,2282,C
4-HA,32,0,2286,0,0,2286,T
4-HA,33,2327,0,3,0,2330,A
4-HA,34,0,2342,0,1,2343,T
4-HA,35,2,0,2332,0,2334,G
4-HA,36,1,2348,0,2,2351,T
4-HA,37,0,0,0,2334,2334,C
4-HA,38,0,2331,1,1,2333,T
4-HA,39,0,0,2334,0,2334,G
4-HA,40,1,0,2339,0,2340,G
4-HA,41,1,2328,0,0,2329,T
4-HA,42,0,2324,1,0,2325,T
4-HA,43,0,2330,0,0,2330,T
4-HA,44,0,2336,0,0,2336,T
4-HA,45,0,1,0,2331,2332,C
4-HA,46,1,0,2323,0,2324,G
4-HA,47,0,2,0,2349,2351,C
4-HA,48,0,2324,0,3,2327,T
4-HA,49,0,0,0,2367,2367,C
4-HA,50,2364,0,0,0,2364,A
4-HA,51,2365,0,0,0,2365,A
4-HA,52,2373,0,2,1,2376,A
4-HA,53,2358,0,2,0,2360,A
4-HA,54,2361,0,2,0,2363,A
4-HA,55,0,0,0,2398,2398,C
4-HA,56,0,2382,0,0,2382,T
4-HA,57,0,2392,0,0,2392,T
4-HA,58,0,1,0,2390,2391,C
4-HA,59,0,0,0,2390,2390,C
4-HA,60,0,2389,0,0,2389,T
4-HA,61,0,0,2424,0,2424,G
4-HA,62,0,0,2426,0,2426,G
4-HA,63,2425,0,0,0,2425,A
4-HA,64,2485,0,2,0,2487,A
4-HA,65,2501,0,1,0,2502,A
4-HA,66,0,2550,0,1,2551,T
4-HA,67,1,3,2573,1,2578,G
4-HA,68,2581,0,2,0,2583,A
4-HA,69,0,1,0,2633,2634,C
4-HA,70,2623,0,0,0,2623,A
4-HA,71,2621,0,4,0,2625,A
4-HA,72,0,1,0,2661,2662,C
4-HA,73,2653,0,3,0,2656,A
4-HA,74,0,1,2667,0,2668,G
4-HA,75,0,1,0,2660,2661,C
4-HA,76,2656,0,2,1,2659,A
4-HA,77,0,0,0,2782,2782,C
4-HA,78,2,1,2759,0,2762,G
4-HA,79,1,1,2775,0,2777,G
4-HA,80,1,1,0,2802,2804,C
4-HA,81,2800,0,0,0,2800,A
4-HA,82,2862,0,1,0,2863,A
4-HA,83,1,2,0,2887,2890,C
4-HA,84,0,1,2908,0,2909,G
4-HA,85,0,0,0,2945,2945,C
4-HA,86,0,2921,1,5,2927,T
4-HA,87,1,0,2996,0,2997,G
4-HA,88,1,2981,0,1,2983,T
4-HA,89,2,1,3120,0,3123,G
4-HA,90,0,1,0,3197,3198,C
4-HA,91,2,0,0,3243,3245,C
4-HA,92,0,3226,0,1,3227,T
4-HA,93,0,3195,0,2,3197,T
4-HA,94,3,3,3208,0,3214,G
4-HA,95,1,2,3231,0,3234,G
4-HA,96,3,0,3283,0,3286,G
4-HA,97,0,1,0,3290,3291,C
4-HA,98,3263,0,0,0,3263,A
4-HA,99,0,1,0,3318,3319,C
4-HA,100,2,1,0,3285,3288,C
4-HA,101,3712,0,1,0,3713,A
4-HA,102,0,3716,0,1,3717,T
4-HA,103,0,0,3707,0,3707,G
4-HA,104,0,1,0,3725,3726,C
4-HA,105,3681,0,4,1,3686,A
4-HA,106,1,0,4009,0,4010,G
4-HA,107,0,4027,0,0,4027,T
4-HA,108,4055,0,2,0,4057,A
4-HA,109,1,1,0,4039,4041,C
4-HA,110,2,0,0,3945,3947,C
4-HA,111,3966,0,1,0,3967,A
4-HA,112,3952,0,8,1,3961,A
4-HA,113,3969,0,0,0,3969,A
4-HA,114,0,1,0,3998,3999,C
4-HA,115,2,1,3897,0,3900,G
4-HA,116,0,1,3998,1,4000,G
4-HA,117,3950,2,7,0,3959,A
4-HA,118,3986,0,4,0,3990,A
4-HA,119,0,1,1,4001,4003,C
4-HA,120,2,1,3990,0,3993,G
4-HA,121,4039,1,0,0,4040,A
4-HA,122,0,4052,0,0,4052,T
4-HA,123,4100,0,3,0,4103,A
4-HA,124,0,0,4123,1,4124,G
4-HA,125,3,4074,0,0,4077,T
4-HA,126,0,1,4074,0,4075,G
4-HA,127,4080,0,0,0,4080,A
4-HA,128,4094,1,0,1,4096,A
4-HA,129,4095,0,5,1,4101,A
4-HA,130,4080,1,4,2,4087,A
4-HA,131,0,1,0,4129,4130,C
4-HA,132,4127,1,1,0,4129,A
4-HA,133,4132,1,3,0,4136,A
4-HA,134,0,4118,0,0,4118,T
4-HA,135,0,0,0,4121,4121,C
4-HA,136,4138,0,1,0,4139,A
4-HA,137,1,1,0,4155,4157,C
4-HA,138,2,0,4157,0,4159,G
4-HA,139,4124,0,2,1,4127,A
4-HA,140,4122,0,2,0,4124,A
4-HA,141,1,4112,0,2,4115,T
4-HA,142,0,1,4107,1,4109,G
4-HA,143,4127,2,6,0,4135,A
4-HA,144,1,2,0,4129,4132,C
4-HA,145,1,1,1,4130,4133,C
4-HA,146,4171,0,2,0,4173,A
4-HA,147,4193,0,1,0,4194,A
4-HA,148,4198,0,1,0,4199,A
4-HA,149,0,4204,0,0,4204,T
4-HA,150,1,4178,0,4,4183,T
4-HA,151,2,2,4216,0,4220,G
4-HA,152,4208,0,2,0,4210,A
4-HA,153,4215,1,1,0,4217,A
4-HA,154,2,0,4245,0,4247,G
4-HA,155,0,4228,0,2,4230,T
4-HA,156,0,4363,1,1,4365,T
4-HA,157,4388,0,0,0,4388,A
4-HA,158,0,0,0,4413,4413,C
4-HA,159,0,4420,0,0,4420,T
4-HA,160,4400,0,3,0,4403,A
4-HA,161,4489,0,3,0,4492,A
4-HA,162,0,4481,0,1,4482,T
4-HA,163,1,1,4489,0,4491,G
4-HA,164,0,0,0,4648,4648,C
4-HA,165,0,4608,0,1,4609,T
4-HA,166,4624,0,3,0,4627,A
4-HA,167,0,18,0,4595,4613,C
4-HA,168,3,4601,0,3,4607,T
4-HA,169,0,0,4615,0,4615,G
4-HA,170,4546,0,6,0,4552,A
4-HA,171,1,0,4593,0,4594,G
4-HA,172,0,3,0,4589,4592,C
4-HA,173,0,4468,0,2,4470,T
4-HA,174,0,0,4621,0,4621,G
4-HA,175,3,1,4705,0,4709,G
4-HA,176,1,4717,0,3,4721,T
4-HA,177,2,4714,1,0,4717,T
4-HA,178,3,3,0,4690,4696,C
4-HA,179,4690,0,3,0,4693,A
4-HA,180,3,1,4734,0,4738,G
4-HA,181,4727,0,6,0,4733,A
4-HA,182,0,0,4847,0,4847,G
4-HA,183,1,4738,0,1,4740,T
4-HA,184,0,4643,0,1,4644,T
4-HA,185,2,3,0,4677,4682,C
4-HA,186,7,1,0,4716,4724,C
4-HA,187,3,4663,0,5,4671,T
4-HA,188,0,0,0,4727,4727,C
4-HA,189,4719,0,1,0,4720,A
4-HA,190,4738,0,2,0,4740,A
4-HA,191,1,0,0,4742,4743,C
4-HA,192,4644,1,4,0,4649,A
4-HA,193,1,0,4768,0,4769,G
4-HA,194,0,2,4756,0,4758,G
4-HA,195,2,4731,0,0,4733,T
4-HA,196,5,0,4749,1,4755,G
4-HA,197,4747,1,6,0,4754,A
4-HA,198,4768,0,1,0,4769,A
4-HA,199,4929,0,4,0,4933,A
4-HA,200,1,4914,0,0,4915,T
4-HA,201,4988,0,2,0,4990,A
4-HA,202,0,4904,0,2,4906,T
4-HA,203,0,1,4884,0,4885,G
4-HA,204,1,1,0,4923,4925,C
4-HA,205,3,3,4906,1,4913,G
4-HA,206,4914,1,7,0,4922,A
4-HA,207,1,1,0,4934,4936,C
4-HA,208,4844,0,0,1,4845,A
4-HA,209,3,0,5183,0,5186,G
4-HA,210,1,5147,0,2,5150,T
4-HA,211,5,0,1,5200,5206,C
4-HA,212,2,0,0,5201,5203,C
4-HA,213,0,5158,0,5,5163,T
4-HA,214,1,2,0,5275,5278,C
4-HA,215,5272,0,2,1,5275,A
4-HA,216,0,5268,0,2,5270,T
4-HA,217,0,1,1,5280,5282,C
4-HA,218,5029,0,2,3,5034,A
4-HA,219,1,1,5063,0,5065,G
4-HA,220,5007,0,2,1,5010,A
4-HA,221,1,4985,0,2,4988,T
4-HA,222,2,0,0,5037,5039,C
4-HA,223,2,1,1,4937,4941,C
4-HA,224,0,4904,1,0,4905,T
4-HA,225,0,4902,0,1,4903,T
4-HA,226,0,0,4911,0,4911,G
4-HA,227,4909,1,0,0,4910,A
4-HA,228,1,4903,1,0,4905,T
4-HA,229,0,1,4941,0,4942,G
4-HA,230,1,1,4929,0,4931,G
4-HA,231,4880,1,12,0,4893,A
4-HA,232,1,4,4914,0,4919,G
4-HA,233,4892,1,2,0,4895,A
4-HA,234,4926,1,0,0,4927,A
4-HA,235,4940,0,3,0,4943,A
4-HA,236,4950,1,3,1,4955,A
4-HA,237,0,0,0,5020,5020,C
4-HA,238,1,4956,0,1,4958,T
4-HA,239,2,0,4989,0,4991,G
4-HA,240,0,2,1,4977,4980,C
4-HA,241,4983,0,4,0,4987,A
4-HA,242,0,1,0,5133,5134,C
4-HA,243,5114,0,3,0,5117,A
4-HA,244,0,14,0,5764,5778,C
4-HA,245,1,5754,0,1,5756,T
4-HA,246,5814,0,2,0,5816,A
4-HA,247,5823,0,1,0,5824,A
4-HA,248,0,5829,2,1,5832,T
4-HA,249,5788,1,2,0,5791,A
4-HA,250,0,0,5821,0,5821,G
4-HA,251,5665,1,3,1,5670,A
4-HA,252,0,5585,0,0,5585,T
4-HA,253,0,1,5279,0,5280,G
4-HA,254,0,0,0,5322,5322,C
4-HA,255,0,5223,0,5,5228,T
4-HA,256,2,1,0,5666,5669,C
4-HA,257,0,5664,0,1,5665,T
4-HA,258,5822,0,0,0,5822,A
4-HA,259,1,5825,1,0,5827,T
4-HA,260,0,5786,0,1,5787,T
4-HA,261,1,8,5801,0,5810,G
4-HA,262,4,2,5748,1,5755,G
4-HA,263,1,7,5753,0,5761,G
4-HA,264,5638,2,11,0,5651,A
4-HA,265,2,2,5567,0,5571,G
4-HA,266,5418,1,3,0,5422,A
4-HA,267,3,1,0,5683,5687,C
4-HA,268,3,1,0,5688,5692,C
4-HA,269,13,1,0,5709,5723,C
4-HA,270,0,5619,0,8,5627,T
4-HA,271,2,0,0,5725,5727,C
4-HA,272,5675,2,1,0,5678,A
4-HA,273,1,1,5900,0,5902,G
4-HA,274,1,5880,0,6,5887,T
4-HA,275,1,2,5897,1,5901,G
4-HA,276,0,5689,1,5,5695,T
4-HA,277,2,0,5664,0,5666,G
4-HA,278,5645,2,6,1,5654,A
4-HA,279,1,5670,0,4,5675,T
4-HA,280,0,1,5600,0,5601,G
4-HA,281,0,2,5598,0,5600,G
4-HA,282,1,6,0,5463,5470,C
4-HA,283,0,5454,0,6,5460,T
4-HA,284,0,5424,1,2,5427,T
4-HA,285,3,1,0,5437,5441,C
4-HA,286,3,0,0,5426,5429,C
4-HA,287,5468,0,1,1,5470,A
4-HA,288,5453,0,3,1,5457,A
4-HA,289,5449,0,0,0,5449,A
4-HA,290,5465,0,1,0,5466,A
4-HA,291,0,5496,0,0,5496,T
4-HA,292,5492,0,0,0,5492,A
4-HA,293,5476,0,6,0,5482,A
4-HA,294,0,0,5531,0,5531,G
4-HA,295,5523,1,0,0,5524,A
4-HA,296,5527,3,1,1,5532,A
4-HA,297,5534,1,4,0,5539,A
4-HA,298,1,5533,0,1,5535,T
4-HA,299,1,3,5535,0,5539,G
4-HA,300,1,6,5500,1,5508,G
4-HA,301,1,1,5492,1,5495,G
4-HA,302,5498,0,14,0,5512,A
4-HA,303,0,1,0,5539,5540,C
4-HA,304,1,1,0,5530,5532,C
4-HA,305,1,5577,1,7,5586,T
4-HA,306,1,5585,1,4,5591,T
4-HA,307,1,5580,0,1,5582,T
4-HA,308,0,5609,0,1,5610,T
4-HA,309,0,5606,0,1,5607,T
4-HA,310,2,0,5638,0,5640,G
4-HA,311,1,5636,0,7,5644,T
4-HA,312,0,5596,0,1,5597,T
4-HA,313,1,3,5596,0,5600,G
4-HA,314,5547,2,3,0,5552,A
4-HA,315,5563,2,0,0,5565,A
4-HA,316,0,0,1,5575,5576,C
4-HA,317,2,1,5542,0,5545,G
4-HA,318,0,1,0,5640,5641,C
4-HA,319,5630,0,5,0,5635,A
4-HA,320,1,1,5661,0,5663,G
4-HA,321,1,2,0,5658,5661,C
4-HA,322,5665,0,3,0,5668,A
4-HA,323,5669,0,0,0,5669,A
4-HA,324,5660,0,7,0,5667,A
4-HA,325,1,0,5930,0,5931,G
4-HA,326,1,0,0,5914,5915,C
4-HA,327,1,1,0,5901,5903,C
4-HA,328,0,5888,1,0,5889,T
4-HA,329,5873,0,3,0,5876,A
4-HA,330,1,1,0,5951,5953,C
4-HA,331,5942,0,5,1,5948,A
4-HA,332,0,0,5947,1,5948,G
4-HA,333,1,5,1,5897,5904,C
4-HA,334,5761,0,2,0,5763,A
4-HA,335,5816,0,2,0,5818,A
4-HA,336,0,2,0,6061,6063,C
4-HA,337,0,6042,0,2,6044,T
4-HA,338,1,0,6060,0,6061,G
4-HA,339,1,5954,1,9,5965,T
4-HA,340,0,5963,0,2,5965,T
4-HA,341,5983,0,3,0,5986,A
4-HA,342,2,0,0,6342,6344,C
4-HA,343,3,3,0,6333,6339,C
4-HA,344,7,4,0,6438,6449,C
4-HA,345,2,6025,3,3,6033,T
4-HA,346,1,6029,0,1,6031,T
4-HA,347,6054,0,2,0,6056,A
4-HA,348,0,6030,0,2,6032,T
4-HA,349,0,1,6032,0,6033,G
4-HA,350,5992,0,10,0,6002,A
4-HA,351,0,5545,0,0,5545,T
4-HA,352,4,1,5569,0,5574,G
4-HA,353,1,5428,0,1,5430,T
4-HA,354,2,1,5401,0,5404,G
4-HA,355,0,5,0,5399,5404,C
4-HA,356,2,2,0,5404,5408,C
4-HA,357,4,1,5488,1,5494,G
4-HA,358,0,2,5543,0,5545,G
4-HA,359,5547,3,1,0,5551,A
4-HA,360,0,5548,0,1,5549,T
4-HA,361,1,5470,0,0,5471,T
4-HA,362,5519,0,4,0,5523,A
4-HA,363,0,5507,0,1,5508,T
4-HA,364,1,0,5511,0,5512,G
4-HA,365,0,4,0,5493,5497,C
4-HA,366,1,0,0,5432,5433,C
4-HA,367,1,5410,0,8,5419,T
4-HA,368,2,1,1,5674,5678,C
4-HA,369,4,1,0,5731,5736,C
4-HA,370,5,0,1,5750,5756,C
4-HA,371,1,5706,0,3,5710,T
4-HA,372,0,5728,0,0,5728,T
4-HA,373,5706,0,3,0,5709,A
4-HA,374,1,1,5857,0,5859,G
4-HA,375,1,1,5854,0,5856,G
4-HA,376,0,5718,0,4,5722,T
4-HA,377,1,1,2,5549,5553,C
4-HA,378,5485,0,2,1,5488,A
4-HA,379,1,0,0,5619,5620,C
4-HA,380,1,5623,0,1,5625,T
4-HA,381,5608,0,1,1,5610,A
4-HA,382,0,1,5607,0,5608,G
4-HA,383,0,5496,0,0,5496,T
4-HA,384,0,5442,1,2,5445,T
4-HA,385,0,0,5504,1,5505,G
4-HA,386,0,2,0,5496,5498,C
4-HA,387,3,1,0,5506,5510,C
4-HA,388,0,5384,1,8,5393,T
4-HA,389,1,0,0,5408,5409,C
4-HA,390,5558,0,2,1,5561,A
4-HA,391,2,5558,0,1,5561,T
4-HA,392,2,2,0,5570,5574,C
4-HA,393,2,2,0,5590,5594,C
4-HA,394,3,1,5536,0,5540,G
4-HA,395,1,1,5553,1,5556,G
4-HA,396,4,1,0,5565,5570,C
4-HA,397,5630,1,0,0,5631,A
4-HA,398,0,2,0,5706,5708,C
4-HA,399,5568,0,3,0,5571,A
4-HA,400,2,10,1,5585,5598,C
4-HA,401,1,5587,0,6,5594,T
4-HA,402,1,1,5629,0,5631,G
4-HA,403,1,4,5706,0,5711,G
4-HA,404,5636,0,8,0,5644,A
4-HA,405,0,1,5737,0,5738,G
4-HA,406,0,5660,2,1,5663,T
4-HA,407,1,5627,1,0,5629,T
4-HA,408,3,5615,0,3,5621,T
4-HA,409,5610,1,2,1,5614,A
4-HA,410,5607,0,2,0,5609,A
4-HA,411,0,0,0,5630,5630,C
4-HA,412,5496,0,1,0,5497,A
4-HA,413,5488,1,3,3,5495,A
4-HA,414,0,5444,0,3,5447,T
4-HA,415,0,2,5443,1,5446,G
4-HA,416,5430,0,1,0,5431,A
4-HA,417,5410,0,1,0,5411,A
4-HA,418,5444,2,7,0,5453,A
4-HA,419,0,0,5477,0,5477,G
4-HA,420,1,7,0,5494,5502,C
4-HA,421,1,5491,1,3,5496,T
4-HA,422,1,5479,1,0,5481,T
4-HA,423,0,1,1,5543,5545,C
4-HA,424,5564,0,3,0,5567,A
4-HA,425,5574,0,1,1,5576,A
4-HA,426,0,5578,0,1,5579,T
4-HA,427,1,5562,0,2,5565,T
4-HA,428,2,2,5653,1,5658,G
4-HA,429,0,5,5703,1,5709,G
4-HA,430,5700,0,2,0,5702,A
4-HA,431,0,5,0,5717,5722,C
4-HA,432,1,5654,1,7,5663,T
4-HA,433,1,0,5655,0,5656,G
4-HA,434,0,3,5702,0,5705,G
4-HA,435,5676,0,4,0,5680,A
4-HA,436,0,2,5703,1,5706,G
4-HA,437,1,5547,1,4,5553,T
4-HA,438,8,2,0,5467,5477,C
4-HA,439,5524,0,4,2,5530,A
4-HA,440,1,1,0,5542,5544,C
4-HA,441,0,5492,1,6,5499,T
4-HA,442,6,0,0,5517,5523,C
4-HA,443,5460,0,1,1,5462,A
4-HA,444,5505,0,2,0,5507,A
4-HA,445,5470,1,0,0,5471,A
4-HA,446,5507,0,3,2,5512,A
4-HA,447,2,5,0,5537,5544,C
4-HA,448,1,0,5367,0,5368,G
4-HA,449,1,1,5468,1,5471,G
4-HA,450,5473,0,1,0,5474,A
4-HA,451,5464,1,6,0,5471,A
4-HA,452,0,0,0,5499,5499,C
4-HA,453,5444,0,2,0,5446,A
4-HA,454,5493,1,3,0,5497,A
4-HA,455,1,0,5524,0,5525,G
4-HA,456,2,1,0,5536,5539,C
4-HA,457,0,5438,0,6,5444,T
4-HA,458,2,0,0,5496,5498,C
4-HA,459,1,5460,1,0,5462,T
4-HA,460,4,0,5450,2,5456,G
4-HA,461,0,3,0,5460,5463,C
4-HA,462,0,5459,0,8,5467,T
4-HA,463,1,5439,0,2,5442,T
4-HA,464,2,0,5474,0,5476,G
4-HA,465,0,1,0,5473,5474,C
4-HA,466,5478,1,1,0,5480,A
4-HA,467,0,5422,0,3,5425,T
4-HA,468,5398,1,2,0,5401,A
4-HA,469,5400,0,6,0,5406,A
4-HA,470,0,3,5400,1,5404,G
4-HA,471,1,1,5394,0,5396,G
4-HA,472,5354,0,2,0,5356,A
4-HA,473,5184,1,6,0,5191,A
4-HA,474,5260,0,4,0,5264,A
4-HA,475,0,5466,1,0,5467,T
4-HA,476,2,2,0,5528,5532,C
4-HA,477,1,5523,2,1,5527,T
4-HA,478,5512,0,2,0,5514,A
4-HA,479,5504,1,6,0,5511,A
4-HA,480,0,5498,0,2,5500,T
4-HA,481,5499,0,0,0,5499,A
4-HA,482,5493,0,2,0,5495,A
4-HA,483,0,1,0,5555,5556,C
4-HA,484,5297,0,1,0,5298,A
4-HA,485,1,0,5336,1,5338,G
4-HA,486,0,5273,0,1,5274,T
4-HA,487,0,5335,0,3,5338,T
4-HA,488,2,5348,1,0,5351,T
4-HA,489,2,0,0,5524,5526,C
4-HA,490,0,5514,0,2,5516,T
4-HA,491,1,5545,2,1,5549,T
4-HA,492,0,5554,0,0,5554,T
4-HA,493,5516,1,6,0,5523,A
4-HA,494,3,1,5531,0,5535,G
4-HA,495,3,5519,0,0,5522,T
4-HA,496,5497,1,2,0,5500,A
4-HA,497,3,0,5511,0,5514,G
4-HA,498,5371,0,3,0,5374,A
4-HA,499,0,5383,0,2,5385,T
4-HA,500,2,5351,0,0,5353,T
4-HA,501,1,3,5487,0,5491,G
4-HA,502,5483,0,0,0,5483,A
4-HA,503,5488,0,2,1,5491,A
4-HA,504,2,5481,2,1,5486,T
4-HA,505,0,5395,0,4,5399,T
4-HA,506,1,3,5440,0,5444,G
4-HA,507,2,0,5446,0,5448,G
4-HA,508,1,5453,0,3,5457,T
4-HA,509,0,5426,0,2,5428,T
4-HA,510,1,7,5313,1,5322,G
4-HA,511,5307,1,9,0,5317,A
4-HA,512,1,1,0,5301,5303,C
4-HA,513,0,1,0,5284,5285,C
4-HA,514,8,0,0,5290,5298,C
4-HA,515,5275,0,0,0,5275,A
4-HA,516,0,3,1,5287,5291,C
4-HA,517,0,5297,0,0,5297,T
4-HA,518,0,5307,0,0,5307,T
4-HA,519,5314,1,2,0,5317,A
4-HA,520,5297,0,4,2,5303,A
4-HA,521,5293,1,0,0,5294,A
4-HA,522,5328,2,0,0,5330,A
4-HA,523,0,5420,2,0,5422,T
4-HA,524,0,5377,0,3,5380,T
4-HA,525,0,2,0,5410,5412,C
4-HA,526,5382,0,1,0,5383,A
4-HA,527,5390,0,4,0,5394,A
4-HA,528,5388,1,2,11,5402,A
4-HA,529,1,5395,0,0,5396,T
4-HA,530,5516,0,0,0,5516,A
4-HA,531,2,0,0,5492,5494,C
4-HA,532,6,2,1,5379,5388,C
4-HA,533,6,1,0,5387,5394,C
4-HA,534,5336,0,1,0,5337,A
4-HA,535,2,1,5631,0,5634,G
4-HA,536,1,0,0,5650,5651,C
4-HA,537,5644,0,0,0,5644,A
4-HA,538,0,5613,1,1,5615,T
4-HA,539,0,5492,1,4,5497,T
4-HA,540,15,3,5659,0,5677,G
4-HA,541,5690,0,1,0,5691,A
4-HA,542,5704,1,8,0,5713,A
4-HA,543,2,4,0,5722,5728,C
4-HA,544,5,0,5482,0,5487,G
4-HA,545,0,5491,2,1,5494,T
4-HA,546,3,5,5519,0,5527,G
4-HA,547,5526,3,6,0,5535,A
4-HA,548,0,2,0,5537,5539,C
4-HA,549,1,5329,1,1,5332,T
4-HA,550,5503,0,2,1,5506,A
4-HA,551,1,5493,0,1,5495,T
4-HA,552,2,0,5519,0,5521,G
4-HA,553,0,1,1,5513,5515,C
4-HA,554,4,0,1,5430,5435,C
4-HA,555,5435,0,4,0,5439,A
4-HA,556,5430,0,1,0,5431,A
4-HA,557,5526,0,2,0,5528,A
4-HA,558,1,0,1,5531,5533,C
4-HA,559,5368,2,1,0,5371,A
4-HA,560,5395,0,0,1,5396,A
4-HA,561,1,5332,1,1,5335,T
4-HA,562,0,3,5320,0,5323,G
4-HA,563,5316,1,4,0,5321,A
4-HA,564,5324,0,3,0,5327,A
4-HA,565,3,2,0,5161,5166,C
4-HA,566,5211,1,3,0,5215,A
4-HA,567,5262,1,0,0,5263,A
4-HA,568,0,5230,1,0,5231,T
4-HA,569,0,5216,2,3,5221,T
4-HA,570,1,5252,0,3,5256,T
4-HA,571,2,7,5239,0,5248,G
4-HA,572,5264,2,4,0,5270,A
4-HA,573,1,1,1,5272,5275,C
4-HA,574,5257,1,1,0,5259,A
4-HA,575,5264,0,0,0,5264,A
4-HA,576,5337,1,1,0,5339,A
4-HA,577,2,5374,0,1,5377,T
4-HA,578,1,5294,0,1,5296,T
4-HA,579,0,1,5368,0,5369,G
4-HA,580,0,5368,0,0,5368,T
4-HA,581,5400,0,4,0,5404,A
4-HA,582,1,1,0,5535,5537,C
4-HA,583,5550,1,1,0,5552,A
4-HA,584,2,5601,0,0,5603,T
4-HA,585,1,5409,1,86,5497,T
4-HA,586,0,5471,0,0,5471,T
4-HA,587,2,7,5427,2,5438,G
4-HA,588,0,6,5403,1,5410,G
4-HA,589,0,6,5399,0,5405,G
4-HA,590,2,7,5410,0,5419,G
4-HA,591,2,0,5304,0,5306,G
4-HA,592,0,5,5449,1,5455,G
4-HA,593,1,5394,0,5,5400,T
4-HA,594,1,5416,0,3,5420,T
4-HA,595,2,0,1,5418,5421,C
4-HA,596,5433,2,9,0,5444,A
4-HA,597,1,1,1,5460,5463,C
4-HA,598,2,0,0,5453,5455,C
4-HA,599,5457,0,2,0,5459,A
4-HA,600,3,0,0,5487,5490,C
4-HA,601,2,1,0,5422,5425,C
4-HA,602,3,1,0,5368,5372,C
4-HA,603,5,5,5390,1,5401,G
4-HA,604,10,2,5595,0,5607,G
4-HA,605,2,0,5632,1,5635,G
4-HA,606,1,5616,0,0,5617,T
4-HA,607,5630,4,1,0,5635,A
4-HA,608,0,3,0,5589,5592,C
4-HA,609,4,8,5476,0,5488,G
4-HA,610,1,2,5570,0,5573,G
4-HA,611,5603,0,2,1,5606,A
4-HA,612,0,1,0,5586,5587,C
4-HA,613,5275,0,0,0,5275,A
4-HA,614,5273,0,1,2,5276,A
4-HA,615,0,5275,0,0,5275,T
4-HA,616,2,7,5341,2,5352,G
4-HA,617,5354,1,9,1,5365,A
4-HA,618,1,2,0,5344,5347,C
4-HA,619,4,3,1,5269,5277,C
4-HA,620,5291,0,4,0,5295,A
4-HA,621,5306,0,1,1,5308,A
4-HA,622,5416,0,1,1,5418,A
4-HA,623,1,5407,1,1,5410,T
4-HA,624,1,1,0,5474,5476,C
4-HA,625,1,5162,2,8,5173,T
4-HA,626,2,5158,0,1,5161,T
4-HA,627,0,2,0,5222,5224,C
4-HA,628,0,2,0,5245,5247,C
4-HA,629,2,5199,0,2,5203,T
4-HA,630,2,0,5253,0,5255,G
4-HA,631,0,5162,0,2,5164,T
4-HA,632,5229,0,3,0,5232,A
4-HA,633,1,5196,0,1,5198,T
4-HA,634,0,1,5225,0,5226,G
4-HA,635,0,0,0,5238,5238,C
4-HA,636,0,5168,1,10,5179,T
4-HA,637,3,2,0,5209,5214,C
4-HA,638,5207,0,4,1,5212,A
4-HA,639,5170,0,5,0,5175,A
4-HA,640,0,0,5220,0,5220,G
4-HA,641,1,0,0,5231,5232,C
4-HA,642,5245,3,1,0,5249,A
4-HA,643,1,5175,0,1,5177,T
4-HA,644,1,0,0,5180,5181,C
4-HA,645,5184,1,8,0,5193,A
4-HA,646,1,1,5249,0,5251,G
4-HA,647,0,0,5253,0,5253,G
4-HA,648,5252,0,1,0,5253,A
4-HA,649,5216,1,6,0,5223,A
4-HA,650,0,1,5317,0,5318,G
4-HA,651,5310,0,3,1,5314,A
4-HA,652,5380,1,1,1,5383,A
4-HA,653,1,5393,0,1,5395,T
4-HA,654,2,0,1,5407,5410,C
4-HA,655,5359,0,2,0,5361,A
4-HA,656,0,3,0,5361,5364,C
4-HA,657,5329,1,3,0,5333,A
4-HA,658,0,0,5442,0,5442,G
4-HA,659,1,5330,1,0,5332,T
4-HA,660,2,1,0,5373,5376,C
4-HA,661,1,5271,0,4,5276,T
4-HA,662,2,0,0,5426,5428,C
4-HA,663,0,5420,0,3,5423,T
4-HA,664,5481,1,2,0,5484,A
4-HA,665,0,4,0,5449,5453,C
4-HA,666,0,0,0,5476,5476,C
4-HA,667,5378,0,0,0,5378,A
4-HA,668,5365,1,1,1,5368,A
4-HA,669,5354,0,0,0,5354,A
4-HA,670,5366,0,2,0,5368,A
4-HA,671,1,0,5362,0,5363,G
4-HA,672,5217,1,5,1,5224,A
4-HA,673,5201,2,4,0,5207,A
4-HA,674,3,3,5226,0,5232,G
4-HA,675,2,1,0,5240,5243,C
4-HA,676,2,2,1,5251,5256,C
4-HA,677,5278,0,1,0,5279,A
4-HA,678,5290,3,1,1,5295,A
4-HA,679,0,1,0,5288,5289,C
4-HA,680,5271,1,2,0,5274,A
4-HA,681,5267,1,3,0,5271,A
4-HA,682,5268,0,2,0,5270,A
4-HA,683,1,1,0,5420,5422,C
4-HA,684,0,5366,1,2,5369,T
4-HA,685,0,0,5395,0,5395,G
4-HA,686,0,5371,0,0,5371,T
4-HA,687,5369,0,2,0,5371,A
4-HA,688,5382,0,1,0,5383,A
4-HA,689,0,5309,1,2,5312,T
4-HA,690,2,3,0,5386,5391,C
4-HA,691,1,3,0,5378,5382,C
4-HA,692,7,3,0,5255,5265,C
4-HA,693,1,5,5286,0,5292,G
4-HA,694,5255,1,0,0,5256,A
4-HA,695,5278,1,0,0,5279,A
4-HA,696,0,5290,0,0,5290,T
4-HA,697,5305,0,2,0,5307,A
4-HA,698,0,5254,2,2,5258,T
4-HA,699,2,2,0,5244,5248,C
4-HA,700,4,3,5218,0,5225,G
4-HA,701,2,1,5394,0,5397,G
4-HA,702,5405,1,1,0,5407,A
4-HA,703,2,5426,2,3,5433,T
4-HA,704,2,1,0,5449,5452,C
4-HA,705,2,5447,0,1,5450,T
4-HA,706,5428,0,4,0,5432,A
4-HA,707,2,5,5465,0,5472,G
4-HA,708,5484,1,7,0,5492,A
4-HA,709,1,0,2,5471,5474,C
4-HA,710,2,2,0,5253,5257,C
4-HA,711,3,0,1,5260,5264,C
4-HA,712,5198,0,5,0,5203,A
4-HA,713,0,0,5577,0,5577,G
4-HA,714,5531,1,2,0,5534,A
4-HA,715,1,2,5628,0,5631,G
4-HA,716,0,5577,0,3,5580,T
4-HA,717,5548,0,2,2,5552,A
4-HA,718,5541,1,5,0,5547,A
4-HA,719,0,0,5631,0,5631,G
4-HA,720,2,2,5679,0,5683,G
4-HA,721,5569,1,1,0,5571,A
4-HA,722,5141,1,2,0,5144,A
4-HA,723,0,5111,0,1,5112,T
4-HA,724,5161,0,1,0,5162,A
4-HA,725,1,5128,2,2,5133,T
4-HA,726,1,1,0,5206,5208,C
4-HA,727,4,0,0,5171,5175,C
4-HA,728,2,0,1,5072,5075,C
4-HA,729,0,5013,0,1,5014,T
4-HA,730,5036,0,3,0,5039,A
4-HA,731,2,0,5044,0,5046,G
4-HA,732,1,3,0,5040,5044,C
4-HA,733,4907,0,2,0,4909,A
4-HA,734,0,0,5063,0,5063,G
4-HA,735,4953,1,2,0,4956,A
4-HA,736,4972,2,0,0,4974,A
4-HA,737,0,4978,2,1,4981,T
4-HA,738,4980,0,1,1,4982,A
4-HA,739,4982,1,4,0,4987,A
4-HA,740,3,0,4999,0,5002,G
4-HA,741,1,1,0,5022,5024,C
4-HA,742,5019,0,1,0,5020,A
4-HA,743,1,4859,1,3,4864,T
4-HA,744,0,2,0,5158,5160,C
4-HA,745,0,5143,0,1,5144,T
4-HA,746,5163,0,2,1,5166,A
4-HA,747,1,5143,1,1,5146,T
4-HA,748,0,5121,0,5,5126,T
4-HA,749,3,3,5167,0,5173,G
4-HA,750,1,1,5145,0,5147,G
4-HA,751,5131,1,6,0,5138,A
4-HA,752,0,0,0,5127,5127,C
4-HA,753,4707,0,2,0,4709,A
4-HA,754,4839,1,2,0,4842,A
4-HA,755,1,5028,0,1,5030,T
4-HA,756,5072,0,4,0,5076,A
4-HA,757,2,1,5098,0,5101,G
4-HA,758,2,5022,0,6,5030,T
4-HA,759,5034,1,2,0,5037,A
4-HA,760,5025,0,0,0,5025,A
4-HA,761,5031,0,1,0,5032,A
4-HA,762,5059,1,4,0,5064,A
4-HA,763,1,3,0,5075,5079,C
4-HA,764,3,0,0,4805,4808,C
4-HA,765,1,3,4799,0,4803,G
4-HA,766,1,2,4811,0,4814,G
4-HA,767,1,4,4856,1,4862,G
4-HA,768,4839,0,2,0,4841,A
4-HA,769,1,1,4885,1,4888,G
4-HA,770,4905,0,9,0,4914,A
4-HA,771,0,2,0,4915,4917,C
4-HA,772,4912,0,0,7,4919,A
4-HA,773,0,4912,0,4,4916,T
4-HA,774,4926,1,2,1,4930,A
4-HA,775,0,2,0,4990,4992,C
4-HA,776,0,4944,2,4,4950,T
4-HA,777,0,4961,1,3,4965,T
4-HA,778,0,4987,0,0,4987,T
4-HA,779,0,4949,0,1,4950,T
4-HA,780,0,2,4988,0,4990,G
4-HA,781,4975,1,0,0,4976,A
4-HA,782,1,4965,0,7,4973,T
4-HA,783,0,5021,0,4,5025,T
4-HA,784,4970,1,0,0,4971,A
4-HA,785,4991,0,0,0,4991,A
4-HA,786,0,0,0,5045,5045,C
4-HA,787,5010,0,1,0,5011,A
4-HA,788,3,1,5144,0,5148,G
4-HA,789,1,3,1,5082,5087,C
4-HA,790,5107,1,1,0,5109,A
4-HA,791,0,3,0,5128,5131,C
4-HA,792,5063,0,4,0,5067,A
4-HA,793,0,4,5125,0,5129,G
4-HA,794,3,2,5085,1,5091,G
4-HA,795,1,2,5265,0,5268,G
4-HA,796,5218,0,1,0,5219,A
4-HA,797,5268,1,4,0,5273,A
4-HA,798,1,5252,1,2,5256,T
4-HA,799,1,1,0,5309,5311,C
4-HA,800,1,5321,1,3,5326,T
4-HA,801,5345,1,1,1,5348,A
4-HA,802,5326,0,2,0,5328,A
4-HA,803,1,5287,1,4,5293,T
4-HA,804,0,5120,0,0,5120,T
4-HA,805,1,0,5147,2,5150,G
4-HA,806,0,1,0,5218,5219,C
4-HA,807,2,5311,0,5,5318,T
4-HA,808,5,1,0,5441,5447,C
4-HA,809,2,3,1,5434,5440,C
4-HA,810,3,5416,1,4,5424,T
4-HA,811,5432,0,1,1,5434,A
4-HA,812,3,4,5436,0,5443,G
4-HA,813,1,7,5493,1,5502,G
4-HA,814,2,3,5505,1,5511,G
4-HA,815,1,0,5437,1,5439,G
4-HA,816,2,5312,0,1,5315,T
4-HA,817,1,5250,0,5,5256,T
4-HA,818,5265,0,1,0,5266,A
4-HA,819,0,3,0,5320,5323,C
4-HA,820,1,5269,0,6,5276,T
4-HA,821,1,5272,0,6,5279,T
4-HA,822,0,2,0,5268,5270,C
4-HA,823,5220,0,3,0,5223,A
4-HA,824,5214,0,2,0,5216,A
4-HA,825,5230,0,0,0,5230,A
4-HA,826,5286,0,1,1,5288,A
4-HA,827,0,5267,0,0,5267,T
4-HA,828,5211,1,2,0,5214,A
4-HA,829,0,1,0,5215,5216,C
4-HA,830,2,2,5195,0,5199,G
4-HA,831,5191,1,2,1,5195,A
4-HA,832,5187,0,1,0,5188,A
4-HA,833,2,1,5249,0,5252,G
4-HA,834,0,5252,0,4,5256,T
4-HA,835,0,2,5283,0,5285,G
4-HA,836,2,2,5297,0,5301,G
4-HA,837,1,1,5296,0,5298,G
4-HA,838,5294,0,3,2,5299,A
4-HA,839,5292,0,3,0,5295,A
4-HA,840,5300,1,1,0,5302,A
4-HA,841,5276,0,5,0,5281,A
4-HA,842,1,0,5363,0,5364,G
4-HA,843,1,0,0,5348,5349,C
4-HA,844,0,5272,2,2,5276,T
4-HA,845,7,3,0,5373,5383,C
4-HA,846,5399,1,3,0,5403,A
4-HA,847,5448,2,0,2,5452,A
4-HA,848,0,5424,0,1,5425,T
4-HA,849,5502,0,1,1,5504,A
4-HA,850,5490,1,2,0,5493,A
4-HA,851,1,5365,0,0,5366,T
4-HA,852,1,3,5375,0,5379,G
4-HA,853,5300,0,6,0,5306,A
4-HA,854,0,0,5486,0,5486,G
4-HA,855,5482,1,2,0,5485,A
4-HA,856,1,5446,0,2,5449,T
4-HA,857,2,1,0,5542,5545,C
4-HA,858,5516,0,1,0,5517,A
4-HA,859,2,1,5623,0,5626,G
4-HA,860,5617,0,2,0,5619,A
4-HA,861,1,5605,0,3,5609,T
4-HA,862,1,0,5577,0,5578,G
4-HA,863,2,2,0,5439,5443,C
4-HA,864,5458,0,7,0,5465,A
4-HA,865,0,3,0,5524,5527,C
4-HA,866,3,1,0,5442,5446,C
4-HA,867,9,1,0,5465,5475,C
4-HA,868,5320,2,1,0,5323,A
4-HA,869,1,5285,0,6,5292,T
4-HA,870,1,5285,0,4,5290,T
4-HA,871,1,0,5354,0,5355,G
4-HA,872,3,4,5325,1,5333,G
4-HA,873,4,1,1,5346,5352,C
4-HA,874,5255,2,0,0,5257,A
4-HA,875,5237,1,0,0,5238,A
4-HA,876,5352,1,0,0,5353,A
4-HA,877,0,5356,1,3,5360,T
4-HA,878,0,1,5354,0,5355,G
4-HA,879,0,1,0,5344,5345,C
4-HA,880,5290,0,1,0,5291,A
4-HA,881,5407,0,7,0,5414,A
4-HA,882,3,5385,1,4,5393,T
4-HA,883,1,5411,1,2,5415,T
4-HA,884,2,1,0,5451,5454,C
4-HA,885,1,5341,0,5,5347,T
4-HA,886,2,1,5395,0,5398,G
4-HA,887,5386,0,0,0,5386,A
4-HA,888,5405,3,1,0,5409,A
4-HA,889,0,5399,1,2,5402,T
4-HA,890,1,1,5309,0,5311,G
4-HA,891,0,1,0,5322,5323,C
4-HA,892,5327,0,2,0,5329,A
4-HA,893,0,5302,0,3,5305,T
4-HA,894,5,1,0,5307,5313,C
4-HA,895,5301,0,4,0,5305,A
4-HA,896,1,1,0,5522,5524,C
4-HA,897,0,5452,0,4,5456,T
4-HA,898,2,1,0,5489,5492,C
4-HA,899,2,0,1,5470,5473,C
4-HA,900,5493,1,0,0,5494,A
4-HA,901,5477,1,2,1,5481,A
4-HA,902,5474,1,3,0,5478,A
4-HA,903,1,5197,1,1,5200,T
4-HA,904,1,2,5227,0,5230,G
4-HA,905,0,0,5230,0,5230,G
4-HA,906,5250,1,1,0,5252,A
4-HA,907,5234,0,3,1,5238,A
4-HA,908,1,0,5238,0,5239,G
4-HA,909,2,0,0,5171,5173,C
4-HA,910,5158,2,1,0,5161,A
4-HA,911,0,5152,1,3,5156,T
4-HA,912,1,5111,3,1,5116,T
4-HA,913,1,2,0,5258,5261,C
4-HA,914,5,2,0,5227,5234,C
4-HA,915,5,0,1,5234,5240,C
4-HA,916,5249,0,0,0,5249,A
4-HA,917,5280,1,0,10,5291,A
4-HA,918,0,5320,0,1,5321,T
4-HA,919,17,5,5307,0,5329,G
4-HA,920,5338,1,4,0,5343,A
4-HA,921,1,1,0,5328,5330,C
4-HA,922,5142,0,1,1,5144,A
4-HA,923,5159,0,1,3,5163,A
4-HA,924,5145,0,4,0,5149,A
4-HA,925,1,0,0,5174,5175,C
4-HA,926,1,2,1,5085,5089,C
4-HA,927,4964,0,1,0,4965,A
4-HA,928,2,4936,1,8,4947,T
4-HA,929,0,4912,2,3,4917,T
4-HA,930,3,1,0,4956,4960,C
4-HA,931,0,0,0,4981,4981,C
4-HA,932,4965,0,0,1,4966,A
4-HA,933,4970,2,0,1,4973,A
4-HA,934,4906,0,0,0,4906,A
4-HA,935,5029,0,2,0,5031,A
4-HA,936,0,4978,1,0,4979,T
4-HA,937,1,0,5026,0,5027,G
4-HA,938,1,5001,0,0,5002,T
4-HA,939,5025,0,4,1,5030,A
4-HA,940,5007,1,2,2,5012,A
4-HA,941,5010,1,0,1,5012,A
4-HA,942,1,1,0,5028,5030,C
4-HA,943,4921,1,3,1,4926,A
4-HA,944,5,3,5020,0,5028,G
4-HA,945,0,2,5024,0,5026,G
4-HA,946,5079,0,4,0,5083,A
4-HA,947,2,5061,1,3,5067,T
4-HA,948,10,1,0,5062,5073,C
4-HA,949,5122,1,3,0,5126,A
4-HA,950,1,1,0,5250,5252,C
4-HA,951,5237,0,0,1,5238,A
4-HA,952,0,5334,0,1,5335,T
4-HA,953,5140,0,3,0,5143,A
4-HA,954,0,2,0,5092,5094,C
4-HA,955,3,4,4906,0,4913,G
4-HA,956,2,5,4910,0,4917,G
4-HA,957,0,1,4863,0,4864,G
4-HA,958,6,1,4863,0,4870,G
4-HA,959,1,1,0,4706,4708,C
4-HA,960,2,0,0,4693,4695,C
4-HA,961,0,4523,0,4,4527,T
4-HA,962,1,0,4803,0,4804,G
4-HA,963,1,4780,0,5,4786,T
4-HA,964,3,0,0,4830,4833,C
4-HA,965,1,0,0,4803,4804,C
4-HA,966,6,4,0,4769,4779,C
4-HA,967,4711,1,3,1,4716,A
4-HA,968,0,1,4771,0,4772,G
4-HA,969,4721,3,1,1,4726,A
4-HA,970,0,4707,0,2,4709,T
4-HA,971,4197,0,5,0,4202,A
4-HA,972,0,4131,0,0,4131,T
4-HA,973,1,0,4142,0,4143,G
4-HA,974,0,4117,0,3,4120,T
4-HA,975,0,4032,1,1,4034,T
4-HA,976,4065,0,0,0,4065,A
4-HA,977,4018,0,2,0,4020,A
4-HA,978,0,1,4047,0,4048,G
4-HA,979,0,0,2,4025,4027,C
4-HA,980,3913,0,0,1,3914,A
4-HA,981,3908,0,1,1,3910,A
4-HA,982,3874,0,1,0,3875,A
4-HA,983,3888,0,2,1,3891,A
4-HA,984,0,1,0,3896,3897,C
4-HA,985,3811,0,2,0,3813,A
4-HA,986,0,0,1,3849,3850,C
4-HA,987,1,3685,0,4,3690,T
4-HA,988,2,3,1,3751,3757,C
4-HA,989,0,3724,0,2,3726,T
4-HA,990,2,1,3774,0,3777,G
4-HA,991,3771,0,1,0,3772,A
4-HA,992,3749,0,1,0,3750,A
4-HA,993,3766,0,2,1,3769,A
4-HA,994,1,3709,0,0,3710,T
4-HA,995,0,3626,1,1,3628,T
4-HA,996,0,0,3674,0,3674,G
4-HA,997,1,4,3662,1,3668,G
4-HA,998,0,2,0,3677,3679,C
4-HA,999,3645,1,2,0,3648,A
4-HA,1000,3651,0,3,0,3654,A
4-HA,1001,1,0,0,3646,3647,C
4-HA,1002,3633,0,2,0,3635,A
4-HA,1003,1,2,3657,0,3660,G
4-HA,1004,2,0,3613,0,3615,G
4-HA,1005,0,0,3585,0,3585,G
4-HA,1006,3565,0,2,1,3568,A
4-HA,1007,2,3543,1,1,3547,T
4-HA,1008,1,0,3555,0,3556,G
4-HA,1009,1,7,0,3536,3544,C
4-HA,1010,2,0,3534,0,3536,G
4-HA,1011,3576,2,2,1,3581,A
4-HA,1012,3463,1,1,0,3465,A
4-HA,1013,3504,0,2,0,3506,A
4-HA,1014,0,3416,0,0,3416,T
4-HA,1015,0,0,3477,0,3477,G
4-HA,1016,1,3477,1,3,3482,T
4-HA,1017,3458,0,4,0,3462,A
4-HA,1018,0,0,0,3445,3445,C
4-HA,1019,1,2,0,3392,3395,C
4-HA,1020,3298,0,3,0,3301,A
4-HA,1021,0,2,3301,0,3303,G
4-HA,1022,3133,1,1,0,3135,A
4-HA,1023,2,0,3183,0,3185,G
4-HA,1024,3055,0,2,0,3057,A
4-HA,1025,3048,0,2,0,3050,A
4-HA,1026,3054,0,1,0,3055,A
4-HA,1027,0,3,0,3051,3054,C
4-HA,1028,3025,0,1,0,3026,A
4-HA,1029,3072,1,2,0,3075,A
4-HA,1030,3051,1,3,0,3055,A
4-HA,1031,0,1,0,3095,3096,C
4-HA,1032,0,3035,1,0,3036,T
4-HA,1033,2973,0,0,0,2973,A
4-HA,1034,0,1,2990,0,2991,G
4-HA,1035,2937,0,3,0,2940,A
4-HA,1036,1,1,3023,0,3025,G
4-HA,1037,1,1,3006,0,3008,G
4-HA,1038,1,2,0,2898,2901,C
4-HA,1039,2894,0,1,0,2895,A
4-HA,1040,1,2868,1,2,2872,T
4-HA,1041,2884,0,0,0,2884,A
4-HA,1042,0,2864,1,0,2865,T
4-HA,1043,0,2841,1,0,2842,T
4-HA,1044,0,2844,0,0,2844,T
4-HA,1045,0,1,2673,0,2674,G
4-HA,1046,1,0,2679,0,2680,G
4-HA,1047,0,3,0,2652,2655,C
4-HA,1048,1,1,2661,0,2663,G
4-HA,1049,0,0,0,2617,2617,C
4-HA,1050,2593,0,0,0,2593,A
4-HA,1051,2614,0,0,0,2614,A
4-HA,1052,0,2600,0,1,2601,T
4-HA,1053,1,1,0,2616,2618,C
4-HA,1054,0,0,2619,0,2619,G
4-HA,1055,0,0,0,2606,2606,C
4-HA,1056,1,7,2607,0,2615,G
4-HA,1057,0,1,2621,0,2622,G
4-HA,1058,0,0,2640,0,2640,G
4-HA,1059,0,2614,1,1,2616,T
4-HA,1060,1,2572,0,1,2574,T
4-HA,1061,1,2568,0,5,2574,T
4-HA,1062,1,0,0,2576,2577,C
4-HA,1063,2584,0,1,0,2585,A
4-HA,1064,0,2579,0,1,2580,T
4-HA,1065,2568,0,0,0,2568,A
4-HA,1066,0,1,2599,0,2600,G
4-HA,1067,2459,1,1,0,2461,A
4-HA,1068,2474,1,0,0,2475,A
4-HA,1069,2466,0,3,1,2470,A
4-HA,1070,2471,0,2,1,2474,A
4-HA,1071,0,2456,0,0,2456,T
4-HA,1072,1,1,2463,0,2465,G
4-HA,1073,1,0,2478,0,2479,G
4-HA,1074,0,2438,1,0,2439,T
4-HA,1075,0,2311,0,1,2312,T
4-HA,1076,0,3,2307,0,2310,G
4-HA,1077,0,0,2281,0,2281,G
4-HA,1078,0,0,2291,0,2291,G
4-HA,1079,2207,1,3,1,2212,A
4-HA,1080,0,4,2239,0,2243,G
4-HA,1081,0,2,2155,0,2157,G
4-HA,1082,1,0,2215,0,2216,G
4-HA,1083,2205,1,3,0,2209,A
4-HA,1084,2221,0,3,0,2224,A
4-HA,1085,1,2229,0,1,2231,T
4-HA,1086,0,1,2237,0,2238,G
4-HA,1087,1,1,2271,0,2273,G
4-HA,1088,0,2245,0,1,2246,T
4-HA,1089,24,1,2218,0,2243,G
4-HA,1090,1,1,2226,0,2228,G
4-HA,1091,2167,0,1,0,2168,A
4-HA,1092,0,2186,0,0,2186,T
4-HA,1093,0,2,2212,0,2214,G
4-HA,1094,1,1,2235,1,2238,G
4-HA,1095,0,2197,0,0,2197,T
4-HA,1096,1,2144,0,1,2146,T
4-HA,1097,2,0,2148,0,2150,G
4-HA,1098,1,0,2190,0,2191,G
4-HA,1099,0,2182,0,0,2182,T
4-HA,1100,2188,0,2,0,2190,A
4-HA,1101,0,1,0,2070,2071,C
4-HA,1102,1,1,2096,0,2098,G
4-HA,1103,0,0,2180,0,2180,G
4-HA,1104,0,2179,0,2,2181,T
4-HA,1105,0,2183,0,1,2184,T
4-HA,1106,0,2172,0,1,2173,T
4-HA,1107,1,0,0,2150,2151,C
4-HA,1108,2145,2,4,1,2152,A
4-HA,1109,0,1,2158,0,2159,G
4-HA,1110,2,0,2139,0,2141,G
4-HA,1111,0,2,0,2137,2139,C
4-HA,1112,2062,0,1,0,2063,A
4-HA,1113,0,2087,0,1,2088,T
4-HA,1114,0,0,0,2082,2082,C
4-HA,1115,2085,1,2,1,2089,A
4-HA,1116,2092,0,0,0,2092,A
4-HA,1117,2085,0,1,0,2086,A
4-HA,1118,2107,0,1,0,2108,A
4-HA,1119,0,2103,0,0,2103,T
4-HA,1120,0,2082,0,0,2082,T
4-HA,1121,1,0,0,2085,2086,C
4-HA,1122,0,2065,0,0,2065,T
4-HA,1123,0,2,2069,0,2071,G
4-HA,1124,2045,0,1,1,2047,A
4-HA,1125,1,1,2082,0,2084,G
4-HA,1126,0,2,2077,0,2079,G
4-HA,1127,2,1,2103,0,2106,G
4-HA,1128,2094,0,0,0,2094,A
4-HA,1129,2092,1,2,0,2095,A
4-HA,1130,1,2,2087,0,2090,G
4-HA,1131,2106,1,4,0,2111,A
4-HA,1132,0,0,2138,0,2138,G
4-HA,1133,0,0,2150,0,2150,G
4-HA,1134,2132,1,1,0,2134,A
4-HA,1135,0,2,0,2138,2140,C
4-HA,1136,2113,0,0,0,2113,A
4-HA,1137,2116,0,2,0,2118,A
4-HA,1138,0,0,2117,0,2117,G
4-HA,1139,0,0,0,2124,2124,C
4-HA,1140,2091,0,1,0,2092,A
4-HA,1141,0,0,2089,0,2089,G
4-HA,1142,0,1,0,2076,2077,C
4-HA,1143,2069,0,2,0,2071,A
4-HA,1144,0,0,2093,0,2093,G
4-HA,1145,2053,0,1,0,2054,A
4-HA,1146,0,2094,0,1,2095,T
4-HA,1147,1,0,0,2088,2089,C
4-HA,1148,0,2057,1,2,2060,T
4-HA,1149,3,1,0,2094,2098,C
4-HA,1150,2080,0,1,0,2081,A
4-HA,1151,2087,1,1,0,2089,A
4-HA,1152,2083,0,0,0,2083,A
4-HA,1153,2043,0,0,0,2043,A
4-HA,1154,2,1,2048,0,2051,G
4-HA,1155,0,1,0,2010,2011,C
4-HA,1156,2004,0,1,0,2005,A
4-HA,1157,1,0,0,2036,2037,C
4-HA,1158,0,2000,0,1,2001,T
4-HA,1159,0,1,0,2017,2018,C
4-HA,1160,2010,0,2,1,2013,A
4-HA,1161,2048,0,6,0,2054,A
4-HA,1162,0,0,2057,1,2058,G
4-HA,1163,0,1,0,2051,2052,C
4-HA,1164,2033,0,5,0,2038,A
4-HA,1165,1,0,2047,0,2048,G
4-HA,1166,1,0,0,2018,2019,C
4-HA,1167,2003,1,1,0,2005,A
4-HA,1168,2009,0,1,0,2010,A
4-HA,1169,0,1993,0,5,1998,T
4-HA,1170,2,0,0,1951,1953,C
4-HA,1171,0,0,1970,0,1970,G
4-HA,1172,1963,1,0,0,1964,A
4-HA,1173,0,1943,0,1,1944,T
4-HA,1174,0,1,0,1931,1932,C
4-HA,1175,1920,0,0,0,1920,A
4-HA,1176,1965,0,0,0,1965,A
4-HA,1177,1973,0,1,0,1974,A
4-HA,1178,0,1958,0,0,1958,T
4-HA,1179,0,0,0,1973,1973,C
4-HA,1180,1954,0,0,0,1954,A
4-HA,1181,1977,0,0,0,1977,A
4-HA,1182,0,1976,0,2,1978,T
4-HA,1183,0,0,1989,0,1989,G
4-HA,1184,2,1,1960,1,1964,G
4-HA,1185,0,0,1935,0,1935,G
4-HA,1186,1941,0,1,0,1942,A
4-HA,1187,1939,1,4,0,1944,A
4-HA,1188,1,0,1971,0,1972,G
4-HA,1189,0,2,1,1970,1973,C
4-HA,1190,0,1947,0,3,1950,T
4-HA,1191,2,0,2039,0,2041,G
4-HA,1192,2038,0,1,0,2039,A
4-HA,1193,2034,1,1,0,2036,A
4-HA,1194,0,2039,0,0,2039,T
4-HA,1195,1988,0,0,0,1988,A
4-HA,1196,0,3,1986,0,1989,G
4-HA,1197,1803,0,1,0,1804,A
4-HA,1198,0,1816,0,0,1816,T
4-HA,1199,0,1816,0,1,1817,T
4-HA,1200,0,3,1825,0,1828,G
4-HA,1201,1821,0,1,0,1822,A
4-HA,1202,0,1819,0,1,1820,T
4-HA,1203,1,0,0,1826,1827,C
4-HA,1204,2,5,1828,0,1835,G
4-HA,1205,5,1,1816,0,1822,G
4-HA,1206,0,1,1826,0,1827,G
4-HA,1207,1820,0,0,0,1820,A
4-HA,1208,1830,0,0,0,1830,A
4-HA,1209,1815,0,0,1,1816,A
4-HA,1210,1825,0,1,0,1826,A
4-HA,1211,0,1,0,1823,1824,C
4-HA,1212,1,1,0,1813,1815,C
4-HA,1213,1803,0,1,0,1804,A
4-HA,1214,1803,3,2,0,1808,A
4-HA,1215,0,1,0,1808,1809,C
4-HA,1216,0,1,1814,0,1815,G
4-HA,1217,1798,0,0,0,1798,A
4-HA,1218,0,1,1806,0,1807,G
4-HA,1219,1808,0,0,0,1808,A
4-HA,1220,1808,0,0,0,1808,A
4-HA,1221,1807,0,1,1,1809,A
4-HA,1222,0,1806,0,1,1807,T
4-HA,1223,2,1792,0,4,1798,T
4-HA,1224,4,1,1,1811,1817,C
4-HA,1225,0,3,0,1806,1809,C
4-HA,1226,1812,0,0,0,1812,A
4-HA,1227,0,1808,0,0,1808,T
4-HA,1228,1,1,0,1809,1811,C
4-HA,1229,1791,0,1,1,1793,A
4-HA,1230,1,0,1810,0,1811,G
4-HA,1231,1796,0,0,1,1797,A
4-HA,1232,0,1793,0,1,1794,T
4-HA,1233,2,1774,1,2,1779,T
4-HA,1234,0,1,1799,0,1800,G
4-HA,1235,1799,0,1,0,1800,A
4-HA,1236,1803,0,0,0,1803,A
4-HA,1237,1795,0,0,0,1795,A
4-HA,1238,1800,1,0,0,1801,A
4-HA,1239,1775,0,3,0,1778,A
4-HA,1240,1,1,1775,0,1777,G
4-HA,1241,1771,0,0,0,1771,A
4-HA,1242,1777,0,0,0,1777,A
4-HA,1243,1,1736,0,0,1737,T
4-HA,1244,0,1745,0,2,1747,T
4-HA,1245,1,2,0,1746,1749,C
4-HA,1246,0,1757,0,0,1757,T
4-HA,1247,0,0,0,1743,1743,C
4-HA,1248,1751,0,0,0,1751,A
4-HA,1249,1,0,1747,0,1748,G
4-HA,1250,1740,0,0,0,1740,A
4-HA,1251,1729,0,2,0,1731,A
4-HA,1252,0,0,1777,0,1777,G
4-HA,1253,0,1767,0,0,1767,T
4-HA,1254,1,0,0,1765,1766,C
4-HA,1255,0,2,1773,0,1775,G
4-HA,1256,1769,0,3,0,1772,A
4-HA,1257,1772,0,0,0,1772,A
4-HA,1258,1,4,1764,0,1769,G
4-HA,1259,1,1,1777,0,1779,G
4-HA,1260,0,1,1776,0,1777,G
4-HA,1261,1731,0,4,0,1735,A
4-HA,1262,0,1,1735,0,1736,G
4-HA,1263,1,0,1721,0,1722,G
4-HA,1264,1866,0,1,0,1867,A
4-HA,1265,0,1866,0,1,1867,T
4-HA,1266,1,1864,0,1,1866,T
4-HA,1267,0,0,0,1877,1877,C
4-HA,1268,1843,2,1,0,1846,A
4-HA,1269,1,0,1847,0,1848,G
4-HA,1270,0,0,1839,0,1839,G
4-HA,1271,1822,0,5,0,1827,A
4-HA,1272,0,2,0,1820,1822,C
4-HA,1273,0,0,0,1632,1632,C
4-HA,1274,0,1614,1,2,1617,T
4-HA,1275,0,1574,0,52,1626,T
4-HA,1276,0,1,1636,0,1637,G
4-HA,1277,1632,0,1,0,1633,A
4-HA,1278,0,0,1665,0,1665,G
4-HA,1279,1629,1,0,0,1630,A
4-HA,1280,1464,0,2,0,1466,A
4-HA,1281,1452,0,1,0,1453,A
4-HA,1282,0,1440,0,0,1440,T
4-HA,1283,1506,0,1,0,1507,A
4-HA,1284,1,1500,0,1,1502,T
4-HA,1285,1,0,1499,0,1500,G
4-HA,1286,0,1498,0,2,1500,T
4-HA,1287,0,1453,0,0,1453,T
4-HA,1288,0,0,1455,0,1455,G
4-HA,1289,1440,0,2,0,1442,A
4-HA,1290,0,0,1464,1,1465,G
4-HA,1291,0,0,1457,0,1457,G
4-HA,1292,1418,0,2,1,1421,A
4-HA,1293,0,0,0,1458,1458,C
4-HA,1294,1449,0,2,1,1452,A
4-HA,1295,0,0,0,1493,1493,C
4-HA,1296,1,0,0,1496,1497,C
4-HA,1297,1511,0,0,0,1511,A
4-HA,1298,1557,0,0,0,1557,A
4-HA,1299,1548,0,1,0,1549,A
4-HA,1300,1564,1,0,1,1566,A
4-HA,1301,0,1562,0,0,1562,T
4-HA,1302,1513,0,0,0,1513,A
4-HA,1303,0,0,1520,0,1520,G
4-HA,1304,1484,0,0,0,1484,A
4-HA,1305,0,1496,0,7,1503,T
4-HA,1306,0,2,0,1511,1513,C
4-HA,1307,0,1456,2,0,1458,T
4-HA,1308,0,0,0,1519,1519,C
4-HA,1309,0,1513,0,4,1517,T
4-HA,1310,0,0,1548,0,1548,G
4-HA,1311,1,1,1577,0,1579,G
4-HA,1312,0,1569,0,1,1570,T
4-HA,1313,0,0,0,1571,1571,C
4-HA,1314,1577,1,0,0,1578,A
4-HA,1315,0,1574,0,1,1575,T
4-HA,1316,1579,1,1,0,1581,A
4-HA,1317,0,0,0,1580,1580,C
4-HA,1318,1541,0,0,1,1542,A
4-HA,1319,1554,1,2,0,1557,A
4-HA,1320,0,1,0,1522,1523,C
4-HA,1321,0,0,1523,0,1523,G
4-HA,1322,0,1,0,1522,1523,C
4-HA,1323,4,1,1511,0,1516,G
4-HA,1324,0,1,1519,0,1520,G
4-HA,1325,1502,0,3,0,1505,A
4-HA,1326,0,0,1540,0,1540,G
4-HA,1327,0,1,0,1537,1538,C
4-HA,1328,0,1520,0,1,1521,T
4-HA,1329,0,1538,0,0,1538,T
4-HA,1330,0,0,0,1532,1532,C
4-HA,1331,0,1537,0,1,1538,T
4-HA,1332,0,1541,0,1,1542,T
4-HA,1333,0,0,1537,0,1537,G
4-HA,1334,0,1517,0,2,1519,T
4-HA,1335,1,1484,0,0,1485,T
4-HA,1336,0,0,1505,1,1506,G
4-HA,1337,1,0,0,1491,1492,C
4-HA,1338,0,0,0,1488,1488,C
4-HA,1339,2,2,0,1506,1510,C
4-HA,1340,0,1490,0,8,1498,T
4-HA,1341,1,0,1517,1,1519,G
4-HA,1342,0,0,1526,0,1526,G
4-HA,1343,1525,0,2,0,1527,A
4-HA,1344,2,0,1530,1,1533,G
4-HA,1345,1514,0,1,0,1515,A
4-HA,1346,1521,0,1,0,1522,A
4-HA,1347,2,1,0,1538,1541,C
4-HA,1348,0,0,0,1537,1537,C
4-HA,1349,1536,0,1,0,1537,A
4-HA,1350,1606,1,2,0,1609,A
4-HA,1351,0,1,0,1613,1614,C
4-HA,1352,1621,0,0,1,1622,A
4-HA,1353,0,1617,0,0,1617,T
4-HA,1354,1608,1,0,0,1609,A
4-HA,1355,0,3,0,1651,1654,C
4-HA,1356,1628,0,0,0,1628,A
4-HA,1357,1631,0,1,0,1632,A
4-HA,1358,0,1633,0,1,1634,T
4-HA,1359,1,1589,0,1,1591,T
4-HA,1360,0,0,1629,0,1629,G
4-HA,1361,1632,0,0,0,1632,A
4-HA,1362,0,1616,0,1,1617,T
4-HA,1363,1,0,0,1640,1641,C
4-HA,1364,0,1574,0,2,1576,T
4-HA,1365,1607,0,0,0,1607,A
4-HA,1366,1607,0,1,0,1608,A
4-HA,1367,0,0,0,1609,1609,C
4-HA,1368,0,1585,1,3,1589,T
4-HA,1369,0,29,1547,0,1576,G
4-HA,1370,1564,0,1,0,1565,A
4-HA,1371,0,0,0,1567,1567,C
4-HA,1372,1,1547,1,1,1550,T
4-HA,1373,1,0,0,1569,1570,C
4-HA,1374,1551,2,1,0,1554,A
4-HA,1375,1,0,1587,0,1588,G
4-HA,1376,1587,0,0,0,1587,A
4-HA,1377,1584,0,1,0,1585,A
4-HA,1378,1591,1,0,0,1592,A
4-HA,1379,0,1583,1,0,1584,T
4-HA,1380,0,3,1610,0,1613,G
4-HA,1381,1609,0,1,0,1610,A
4-HA,1382,1613,0,1,0,1614,A
4-HA,1383,0,0,0,1616,1616,C
4-HA,1384,1587,0,0,0,1587,A
4-HA,1385,1586,0,0,0,1586,A
4-HA,1386,1587,0,0,0,1587,A
4-HA,1387,1,0,0,1596,1597,C
4-HA,1388,0,1571,0,0,1571,T
4-HA,1389,5,1,1570,0,1576,G
4-HA,1390,0,1561,0,2,1563,T
4-HA,1391,0,1557,0,1,1558,T
4-HA,1392,0,1565,0,2,1567,T
4-HA,1393,0,1,1570,0,1571,G
4-HA,1394,1562,0,0,0,1562,A
4-HA,1395,1565,2,0,0,1567,A
4-HA,1396,1553,0,0,0,1553,A
4-HA,1397,1557,0,0,0,1557,A
4-HA,1398,1554,0,0,0,1554,A
4-HA,1399,1569,0,0,1,1570,A
4-HA,1400,0,0,0,1576,1576,C
4-HA,1401,1574,0,0,0,1574,A
4-HA,1402,1578,0,0,0,1578,A
4-HA,1403,1571,0,1,0,1572,A
4-HA,1404,0,0,1590,0,1590,G
4-HA,1405,1602,0,0,0,1602,A
4-HA,1406,1597,0,0,0,1597,A
4-HA,1407,0,0,1594,0,1594,G
4-HA,1408,0,0,0,1599,1599,C
4-HA,1409,1591,0,3,0,1594,A
4-HA,1410,1608,0,0,0,1608,A
4-HA,1411,0,0,0,1602,1602,C
4-HA,1412,0,1596,1,0,1597,T
4-HA,1413,1,1,1605,0,1607,G
4-HA,1414,1591,0,1,0,1592,A
4-HA,1415,0,1,1615,0,1616,G
4-HA,1416,0,0,1621,0,1621,G
4-HA,1417,0,1,1614,0,1615,G
4-HA,1418,1615,0,0,0,1615,A
4-HA,1419,1606,0,0,0,1606,A
4-HA,1420,1610,0,1,0,1611,A
4-HA,1421,1651,0,0,0,1651,A
4-HA,1422,0,1641,0,0,1641,T
4-HA,1423,1,2,1656,0,1659,G
4-HA,1424,0,2,0,1653,1655,C
4-HA,1425,0,1631,0,3,1634,T
4-HA,1426,0,0,1639,0,1639,G
4-HA,1427,1634,0,2,0,1636,A
4-HA,1428,0,1,1730,0,1731,G
4-HA,1429,0,0,1763,0,1763,G
4-HA,1430,1742,0,2,0,1744,A
4-HA,1431,0,1738,0,0,1738,T
4-HA,1432,1726,0,2,0,1728,A
4-HA,1433,0,1714,0,1,1715,T
4-HA,1434,0,2,1733,0,1735,G
4-HA,1435,0,0,1744,0,1744,G
4-HA,1436,0,1,1753,0,1754,G
4-HA,1437,0,0,0,1666,1666,C
4-HA,1438,1635,0,0,0,1635,A
4-HA,1439,1632,0,1,0,1633,A
4-HA,1440,0,1634,0,0,1634,T
4-HA,1441,0,2,1642,0,1644,G
4-HA,1442,1,1,1647,0,1649,G
4-HA,1443,0,1608,0,0,1608,T
4-HA,1444,0,1568,0,0,1568,T
4-HA,1445,0,0,1584,0,1584,G
4-HA,1446,2,1593,0,2,1597,T
4-HA,1447,0,1582,0,4,1586,T
4-HA,1448,0,1586,0,2,1588,T
4-HA,1449,0,0,0,1596,1596,C
4-HA,1450,1596,2,1,0,1599,A
4-HA,1451,1608,0,0,0,1608,A
4-HA,1452,1602,0,1,0,1603,A
4-HA,1453,1632,0,0,0,1632,A
4-HA,1454,0,1627,0,1,1628,T
4-HA,1455,1618,0,0,0,1618,A
4-HA,1456,0,1622,0,2,1624,T
4-HA,1457,1618,0,1,0,1619,A
4-HA,1458,0,0,0,1637,1637,C
4-HA,1459,1,0,0,1634,1635,C
4-HA,1460,1634,0,1,0,1635,A
4-HA,1461,0,0,0,1643,1643,C
4-HA,1462,1636,1,0,0,1637,A
4-HA,1463,1641,0,0,1,1642,A
4-HA,1464,1641,1,3,0,1645,A
4-HA,1465,0,1647,0,0,1647,T
4-HA,1466,1,0,1656,0,1657,G
4-HA,1467,0,1630,0,0,1630,T
4-HA,1468,0,0,1667,0,1667,G
4-HA,1469,1671,0,3,0,1674,A
4-HA,1470,0,1,0,1669,1670,C
4-HA,1471,1653,0,1,0,1654,A
4-HA,1472,1656,0,1,0,1657,A
4-HA,1473,5,1678,0,0,1683,T
4-HA,1474,1,0,1699,0,1700,G
4-HA,1475,0,0,0,1687,1687,C
4-HA,1476,0,0,0,1690,1690,C
4-HA,1477,1,1667,0,0,1668,T
4-HA,1478,0,0,1746,0,1746,G
4-HA,1479,0,0,0,1740,1740,C
4-HA,1480,1743,0,0,0,1743,A
4-HA,1481,0,1741,0,0,1741,T
4-HA,1482,1689,0,2,0,1691,A
4-HA,1483,1,1,1717,0,1719,G
4-HA,1484,0,0,1710,0,1710,G
4-HA,1485,1692,0,0,0,1692,A
4-HA,1486,1,1699,0,1,1701,T
4-HA,1487,2,0,0,1605,1607,C
4-HA,1488,1611,0,0,0,1611,A
4-HA,1489,1612,0,0,0,1612,A
4-HA,1490,0,1603,0,0,1603,T
4-HA,1491,1,0,1,1612,1614,C
4-HA,1492,1588,0,0,0,1588,A
4-HA,1493,0,0,1599,0,1599,G
4-HA,1494,1599,1,0,0,1600,A
4-HA,1495,1606,0,0,0,1606,A
4-HA,1496,1604,0,0,0,1604,A
4-HA,1497,0,1599,0,1,1600,T
4-HA,1498,1,1,1596,0,1598,G
4-HA,1499,0,1,1605,0,1606,G
4-HA,1500,1605,0,2,0,1607,A
4-HA,1501,1619,0,0,0,1619,A
4-HA,1502,0,0,0,1612,1612,C
4-HA,1503,0,1583,0,0,1583,T
4-HA,1504,0,1599,0,0,1599,T
4-HA,1505,1602,0,0,0,1602,A
4-HA,1506,0,1607,0,0,1607,T
4-HA,1507,1,1,1598,0,1600,G
4-HA,1508,1608,0,0,0,1608,A
4-HA,1509,1,1,0,1601,1603,C
4-HA,1510,1,0,0,1584,1585,C
4-HA,1511,1584,0,0,0,1584,A
4-HA,1512,1,1,0,1622,1624,C
4-HA,1513,1,0,1671,0,1672,G
4-HA,1514,1712,0,1,0,1713,A
4-HA,1515,1,1725,0,0,1726,T
4-HA,1516,0,0,1783,1,1784,G
4-HA,1517,1,1758,0,1,1760,T
4-HA,1518,1823,0,0,0,1823,A
4-HA,1519,0,1827,0,1,1828,T
4-HA,1520,1835,1,0,0,1836,A
4-HA,1521,1,0,0,1834,1835,C
4-HA,1522,1617,0,0,0,1617,A
4-HA,1523,1,1,1647,0,1649,G
4-HA,1524,1521,0,0,1,1522,A
4-HA,1525,0,1,1489,0,1490,G
4-HA,1526,1478,0,2,0,1480,A
4-HA,1527,0,1366,0,0,1366,T
4-HA,1528,0,0,1368,0,1368,G
4-HA,1529,1365,0,1,0,1366,A
4-HA,1530,1358,0,1,0,1359,A
4-HA,1531,0,1,1396,0,1397,G
4-HA,1532,0,0,0,1365,1365,C
4-HA,1533,1361,0,1,0,1362,A
4-HA,1534,3,1349,0,0,1352,T
4-HA,1535,0,1349,0,0,1349,T
4-HA,1536,1348,0,0,0,1348,A
4-HA,1537,1345,0,1,0,1346,A
4-HA,1538,1354,0,1,0,1355,A
4-HA,1539,0,1,0,1348,1349,C
4-HA,1540,1294,0,0,0,1294,A
4-HA,1541,1307,0,0,0,1307,A
4-HA,1542,0,0,0,1301,1301,C
4-HA,1543,0,1,0,1296,1297,C
4-HA,1544,0,1,1293,0,1294,G
4-HA,1545,0,0,1321,0,1321,G
4-HA,1546,0,1327,0,0,1327,T
4-HA,1547,0,1321,0,1,1322,T
4-HA,1548,2,0,0,1319,1321,C
4-HA,1549,0,0,0,1333,1333,C
4-HA,1550,1322,0,2,0,1324,A
4-HA,1551,0,1,1353,0,1354,G
4-HA,1552,1354,1,0,0,1355,A
4-HA,1553,0,1345,0,1,1346,T
4-HA,1554,1,0,0,1291,1292,C
4-HA,1555,1284,0,1,0,1285,A
4-HA,1556,1295,0,3,0,1298,A
4-HA,1557,0,2,1289,0,1291,G
4-HA,1558,0,0,1295,0,1295,G
4-HA,1559,0,0,1291,0,1291,G
4-HA,1560,1227,1,0,0,1228,A
4-HA,1561,0,1,1245,0,1246,G
4-HA,1562,2,1243,0,1,1246,T
4-HA,1563,0,1243,0,0,1243,T
4-HA,1564,0,0,1251,0,1251,G
4-HA,1565,1239,1,0,0,1240,A
4-HA,1566,1,0,1255,0,1256,G
4-HA,1567,0,1,0,1247,1248,C
4-HA,1568,0,1234,0,0,1234,T
4-HA,1569,0,1,1245,0,1246,G
4-HA,1570,1237,0,0,0,1237,A
4-HA,1571,1246,0,1,0,1247,A
4-HA,1572,0,0,1251,0,1251,G
4-HA,1573,0,1223,0,1,1224,T
4-HA,1574,0,1,0,1217,1218,C
4-HA,1575,1197,2,0,0,1199,A
4-HA,1576,0,0,1198,0,1198,G
4-HA,1577,0,1,1187,0,1188,G
4-HA,1578,4,0,1159,0,1163,G
4-HA,1579,0,1220,0,1,1221,T
4-HA,1580,1224,0,2,0,1226,A
4-HA,1581,0,1,0,1216,1217,C
4-HA,1582,1215,0,0,0,1215,A
4-HA,1583,1214,0,0,1,1215,A
4-HA,1584,1206,0,0,0,1206,A
4-HA,1585,0,0,1223,1,1224,G
4-HA,1586,1182,0,0,0,1182,A
4-HA,1587,0,1145,2,6,1153,T
4-HA,1588,0,1135,0,1,1136,T
4-HA,1589,0,0,1132,0,1132,G
4-HA,1590,0,0,1131,0,1131,G
4-HA,1591,1124,1,0,0,1125,A
4-HA,1592,0,1126,0,1,1127,T
4-HA,1593,0,0,1,1121,1122,C
4-HA,1594,0,0,0,1095,1095,C
4-HA,1595,0,1087,0,0,1087,T
4-HA,1596,1097,0,0,0,1097,A
4-HA,1597,0,1099,0,0,1099,T
4-HA,1598,1,0,1090,0,1091,G
4-HA,1599,0,1,1088,0,1089,G
4-HA,1600,1057,0,0,0,1057,A
4-HA,1601,0,1058,0,0,1058,T
4-HA,1602,0,1039,0,0,1039,T
4-HA,1603,0,1040,0,1,1041,T
4-HA,1604,1,0,0,1041,1042,C
4-HA,1605,2,1,0,1048,1051,C
4-HA,1606,0,1038,0,0,1038,T
4-HA,1607,0,1033,0,0,1033,T
4-HA,1608,0,1024,0,0,1024,T
4-HA,1609,0,0,1036,0,1036,G
4-HA,1610,0,0,0,1035,1035,C
4-HA,1611,0,3,0,1029,1032,C
4-HA,1612,1017,1,0,0,1018,A
4-HA,1613,0,1010,0,0,1010,T
4-HA,1614,1012,0,0,0,1012,A
4-HA,1615,0,1010,0,0,1010,T
4-HA,1616,1,0,0,1006,1007,C
4-HA,1617,1012,0,0,0,1012,A
4-HA,1618,0,1000,0,1,1001,T
4-HA,1619,0,0,1008,0,1008,G
4-HA,1620,0,1004,0,1,1005,T
4-HA,1621,0,981,0,0,981,T
4-HA,1622,0,982,0,2,984,T
4-HA,1623,0,956,0,0,956,T
4-HA,1624,0,956,0,0,956,T
4-HA,1625,0,953,0,0,953,T
4-HA,1626,1,1,961,0,963,G
4-HA,1627,0,0,0,954,954,C
4-HA,1628,0,924,0,5,929,T
4-HA,1629,0,925,0,0,925,T
4-HA,1630,0,921,0,0,921,T
4-HA,1631,0,0,942,0,942,G
4-HA,1632,0,937,0,1,938,T
4-HA,1633,0,1,945,0,946,G
4-HA,1634,1,941,0,0,942,T
4-HA,1635,0,920,0,0,920,T
4-HA,1636,0,0,937,0,937,G
4-HA,1637,0,1,0,926,927,C
4-HA,1638,0,926,0,2,928,T
4-HA,1639,0,940,0,1,941,T
4-HA,1640,0,878,0,0,878,T
4-HA,1641,0,1,882,0,883,G
4-HA,1642,0,882,0,0,882,T
4-HA,1643,0,878,0,0,878,T
4-HA,1644,0,1,878,0,879,G
4-HA,1645,1,0,843,0,844,G
4-HA,1646,0,0,836,0,836,G
4-HA,1647,0,0,846,0,846,G
4-HA,1648,0,819,0,2,821,T
4-HA,1649,0,809,0,0,809,T
4-HA,1650,0,0,0,801,801,C
4-HA,1651,796,0,0,0,796,A
4-HA,1652,0,780,0,4,784,T
4-HA,1653,0,0,0,795,795,C
4-HA,1654,786,0,0,0,786,A
4-HA,1655,0,749,0,0,749,T
4-HA,1656,2,0,742,0,744,G
4-HA,1657,0,719,0,4,723,T
4-HA,1658,0,0,710,0,710,G
4-HA,1659,0,0,698,0,698,G
4-HA,1660,0,0,692,0,692,G
4-HA,1661,0,0,0,675,675,C
4-HA,1662,0,0,0,656,656,C
4-HA,1663,0,635,0,2,637,T
4-HA,1664,0,0,635,0,635,G
4-HA,1665,1,3,0,625,629,C
4-HA,1666,0,1,0,634,635,C
4-HA,1667,636,0,1,0,637,A
4-HA,1668,631,0,0,0,631,A
4-HA,1669,633,0,0,0,633,A
4-HA,1670,631,0,0,0,631,A
4-HA,1671,630,0,0,0,630,A
4-HA,1672,0,0,628,0,628,G
4-HA,1673,0,0,616,0,616,G
4-HA,1674,0,0,0,604,604,C
4-HA,1675,604,0,0,0,604,A
4-HA,1676,606,0,0,0,606,A
4-HA,1677,0,0,0,603,603,C
4-HA,1678,607,0,0,0,607,A
4-HA,1679,0,596,0,2,598,T
4-HA,1680,0,591,0,0,591,T
4-HA,1681,570,0,1,0,571,A
4-HA,1682,0,0,566,0,566,G
4-HA,1683,0,0,565,0,565,G
4-HA,1684,1,544,0,0,545,T
4-HA,1685,1,0,501,0,502,G
4-HA,1686,0,0,0,476,476,C
4-HA,1687,465,0,0,0,465,A
4-HA,1688,468,0,0,0,468,A
4-HA,1689,0,0,0,468,468,C
4-HA,1690,461,0,0,0,461,A
4-HA,1691,0,450,0,0,450,T
4-HA,1692,0,408,0,1,409,T
4-HA,1693,0,408,0,0,408,T
4-HA,1694,0,0,404,0,404,G
4-HA,1695,0,0,0,399,399,C
4-HA,1696,399,0,0,0,399,A
4-HA,1697,0,371,0,0,371,T
4-HA,1698,0,354,1,0,355,T
4-HA,1699,0,341,0,0,341,T
4-HA,1700,0,0,337,0,337,G
4-HA,1701,326,0,0,0,326,A
5-NP,1,776,0,0,0,776,A
5-NP,2,0,776,0,0,776,T
5-NP,3,0,0,774,0,774,G
5-NP,4,0,0,774,0,774,G
5-NP,5,0,1,0,777,778,C
5-NP,6,0,1,798,0,799,G
5-NP,7,0,829,0,1,830,T
5-NP,8,0,0,0,842,842,C
5-NP,9,0,0,0,843,843,C
5-NP,10,1,0,0,850,851,C
5-NP,11,855,0,0,0,855,A
5-NP,12,852,0,0,0,852,A
5-NP,13,0,1,862,0,863,G
5-NP,14,0,0,904,0,904,G
5-NP,15,0,0,0,908,908,C
5-NP,16,913,0,0,0,913,A
5-NP,17,0,0,0,924,924,C
5-NP,18,1,0,0,924,925,C
5-NP,19,932,0,0,0,932,A
5-NP,20,932,0,0,0,932,A
5-NP,21,939,0,0,0,939,A
5-NP,22,1,1,0,939,941,C
5-NP,23,0,1,948,0,949,G
5-NP,24,2,1,1063,0,1066,G
5-NP,25,0,1066,0,0,1066,T
5-NP,26,1,0,0,1182,1183,C
5-NP,27,0,1174,0,2,1176,T
5-NP,28,0,1200,0,0,1200,T
5-NP,29,1201,1,1,0,1203,A
5-NP,30,0,1203,0,0,1203,T
5-NP,31,0,1,1213,0,1214,G
5-NP,32,1207,0,2,1,1210,A
5-NP,33,1188,0,1,1,1190,A
5-NP,34,0,0,0,1201,1201,C
5-NP,35,1169,0,0,0,1169,A
5-NP,36,1,0,1284,0,1285,G
5-NP,37,1270,0,1,0,1271,A
5-NP,38,0,1271,0,0,1271,T
5-NP,39,1,1,1280,0,1282,G
5-NP,40,0,0,1289,0,1289,G
5-NP,41,1283,0,0,0,1283,A
5-NP,42,1297,0,1,0,1298,A
5-NP,43,1300,0,2,0,1302,A
5-NP,44,1,0,0,1364,1365,C
5-NP,45,0,1342,0,0,1342,T
5-NP,46,0,1,1360,0,1361,G
5-NP,47,1341,0,2,0,1343,A
5-NP,48,0,1351,0,0,1351,T
5-NP,49,0,3,1358,0,1361,G
5-NP,50,0,2,1368,0,1370,G
5-NP,51,1,1,1364,0,1366,G
5-NP,52,0,0,1378,0,1378,G
5-NP,53,1342,0,3,0,1345,A
5-NP,54,0,1348,1,0,1349,T
5-NP,55,0,0,0,1359,1359,C
5-NP,56,0,1,1364,0,1365,G
5-NP,57,0,1,0,1382,1383,C
5-NP,58,0,0,0,1395,1395,C
5-NP,59,1387,0,0,0,1387,A
5-NP,60,0,0,1407,0,1407,G
5-NP,61,1396,0,2,0,1398,A
5-NP,62,1437,1,1,0,1439,A
5-NP,63,0,1443,0,1,1444,T
5-NP,64,0,0,1432,0,1432,G
5-NP,65,0,0,0,1462,1462,C
5-NP,66,1451,0,0,0,1451,A
5-NP,67,1485,0,3,0,1488,A
5-NP,68,0,1,0,1482,1483,C
5-NP,69,0,1469,0,0,1469,T
5-NP,70,1,2,1481,0,1484,G
5-NP,71,1481,0,0,0,1481,A
5-NP,72,1,0,1581,0,1582,G
5-NP,73,1562,0,0,0,1562,A
5-NP,74,0,1556,0,0,1556,T
5-NP,75,0,1554,0,1,1555,T
5-NP,76,1555,0,0,0,1555,A
5-NP,77,1,0,1571,0,1572,G
5-NP,78,1,0,1580,0,1581,G
5-NP,79,1,0,1584,0,1585,G
5-NP,80,0,1,0,1572,1573,C
5-NP,81,1548,0,0,0,1548,A
5-NP,82,0,1543,0,1,1544,T
5-NP,83,0,3,0,1541,1544,C
5-NP,84,0,1535,0,1,1536,T
5-NP,85,0,0,1628,0,1628,G
5-NP,86,0,1622,0,0,1622,T
5-NP,87,1,0,0,1618,1619,C
5-NP,88,0,2,1621,0,1623,G
5-NP,89,0,0,1626,0,1626,G
5-NP,90,0,0,1640,0,1640,G
5-NP,91,1619,0,0,0,1619,A
5-NP,92,1625,0,1,0,1626,A
5-NP,93,0,0,1650,0,1650,G
5-NP,94,1605,0,1,0,1606,A
5-NP,95,0,1614,0,0,1614,T
5-NP,96,0,1,1632,0,1633,G
5-NP,97,1620,0,3,1,1624,A
5-NP,98,0,1632,0,0,1632,T
5-NP,99,0,1627,0,0,1627,T
5-NP,100,0,0,1635,0,1635,G
5-NP,101,1626,0,3,0,1629,A
5-NP,102,0,1632,0,1,1633,T
5-NP,103,0,1,1637,0,1638,G
5-NP,104,2,1,1709,0,1712,G
5-NP,105,1704,1,0,0,1705,A
5-NP,106,1714,0,1,1,1716,A
5-NP,107,0,1716,0,0,1716,T
5-NP,108,0,1718,0,1,1719,T
5-NP,109,0,2,1727,0,1729,G
5-NP,110,0,3,1715,0,1718,G
5-NP,111,0,2,1717,0,1719,G
5-NP,112,1711,1,1,0,1713,A
5-NP,113,0,0,1682,0,1682,G
5-NP,114,1,0,1672,0,1673,G
5-NP,115,0,1789,0,0,1789,T
5-NP,116,1,1789,0,0,1790,T
5-NP,117,2,0,0,1792,1794,C
5-NP,118,0,1793,0,0,1793,T
5-NP,119,1835,0,1,0,1836,A
5-NP,120,0,0,0,1846,1846,C
5-NP,121,1917,0,1,0,1918,A
5-NP,122,0,1910,0,1,1911,T
5-NP,123,0,0,0,1874,1874,C
5-NP,124,2,1,0,1872,1875,C
5-NP,125,1881,0,0,0,1881,A
5-NP,126,1926,0,0,0,1926,A
5-NP,127,1924,0,0,0,1924,A
5-NP,128,0,1917,0,0,1917,T
5-NP,129,0,0,1932,0,1932,G
5-NP,130,0,1869,0,1,1870,T
5-NP,131,1,0,1891,0,1892,G
5-NP,132,0,1,0,1892,1893,C
5-NP,133,1892,0,1,0,1893,A
5-NP,134,0,0,0,1891,1891,C
5-NP,135,0,1859,0,0,1859,T
5-NP,136,0,0,1974,0,1974,G
5-NP,137,1990,1,0,0,1991,A
5-NP,138,2045,0,0,0,2045,A
5-NP,139,0,0,0,2077,2077,C
5-NP,140,0,2061,1,0,2062,T
5-NP,141,1,2066,0,0,2067,T
5-NP,142,2054,0,1,0,2055,A
5-NP,143,2060,1,1,0,2062,A
5-NP,144,2077,0,6,0,2083,A
5-NP,145,0,1,0,2094,2095,C
5-NP,146,0,2012,0,1,2013,T
5-NP,147,1,0,0,2049,2050,C
5-NP,148,2027,0,2,0,2029,A
5-NP,149,1,1,2061,0,2063,G
5-NP,150,0,2062,0,0,2062,T
5-NP,151,0,0,2086,0,2086,G
5-NP,152,2099,0,0,1,2100,A
5-NP,153,1,2102,0,0,2103,T
5-NP,154,0,1,0,2109,2110,C
5-NP,155,2134,0,0,0,2134,A
5-NP,156,0,2125,0,1,2126,T
5-NP,157,0,0,2128,0,2128,G
5-NP,158,2129,0,2,0,2131,A
5-NP,159,2118,1,0,0,2119,A
5-NP,160,0,2,2113,0,2115,G
5-NP,161,0,1,2104,0,2105,G
5-NP,162,2073,0,5,0,2078,A
5-NP,163,0,0,0,2124,2124,C
5-NP,164,1,0,2136,0,2137,G
5-NP,165,1,1,2153,0,2155,G
5-NP,166,0,2153,0,1,2154,T
5-NP,167,0,2147,0,0,2147,T
5-NP,168,1,2,2146,0,2149,G
5-NP,169,2362,0,1,0,2363,A
5-NP,170,0,2371,0,0,2371,T
5-NP,171,1,1,0,2367,2369,C
5-NP,172,1,0,0,2377,2378,C
5-NP,173,2352,0,1,0,2353,A
5-NP,174,0,3,2359,0,2362,G
5-NP,175,2350,1,1,0,2352,A
5-NP,176,2366,0,1,0,2367,A
5-NP,177,2,1,0,2377,2380,C
5-NP,178,2241,0,4,0,2245,A
5-NP,179,0,0,2269,0,2269,G
5-NP,180,0,0,1,2275,2276,C
5-NP,181,0,2262,0,1,2263,T
5-NP,182,1,2278,1,0,2280,T
5-NP,183,1,1,2290,0,2292,G
5-NP,184,2296,0,1,0,2297,A
5-NP,185,0,1,0,2309,2310,C
5-NP,186,2290,0,1,0,2291,A
5-NP,187,2299,0,1,0,2300,A
5-NP,188,0,2295,0,1,2296,T
5-NP,189,2284,1,1,0,2286,A
5-NP,190,0,0,2300,0,2300,G
5-NP,191,2278,0,2,0,2280,A
5-NP,192,0,0,2313,0,2313,G
5-NP,193,2277,0,2,0,2279,A
5-NP,194,2334,0,1,1,2336,A
5-NP,195,2334,0,0,0,2334,A
5-NP,196,2395,0,0,0,2395,A
5-NP,197,0,2403,1,0,2404,T
5-NP,198,1,2,2405,0,2408,G
5-NP,199,2,0,2403,1,2406,G
5-NP,200,0,2389,0,3,2392,T
5-NP,201,2324,0,0,0,2324,A
5-NP,202,0,0,0,2347,2347,C
5-NP,203,0,2346,0,2,2348,T
5-NP,204,2,0,0,2374,2376,C
5-NP,205,0,2316,1,0,2317,T
5-NP,206,1,0,0,2355,2356,C
5-NP,207,0,2348,0,2,2350,T
5-NP,208,0,1,2362,0,2363,G
5-NP,209,0,0,0,2347,2347,C
5-NP,210,0,2346,0,0,2346,T
5-NP,211,0,2330,0,1,2331,T
5-NP,212,0,2331,0,0,2331,T
5-NP,213,0,2298,0,1,2299,T
5-NP,214,1,0,2314,0,2315,G
5-NP,215,2292,0,4,2,2298,A
5-NP,216,0,2301,0,0,2301,T
5-NP,217,0,1,2290,0,2291,G
5-NP,218,2284,0,0,0,2284,A
5-NP,219,2280,0,2,0,2282,A
5-NP,220,2287,0,0,0,2287,A
5-NP,221,0,0,2293,0,2293,G
5-NP,222,2298,0,0,0,2298,A
5-NP,223,2292,0,1,0,2293,A
5-NP,224,0,1,2313,0,2314,G
5-NP,225,0,1,2399,0,2400,G
5-NP,226,2411,0,0,0,2411,A
5-NP,227,2424,0,0,0,2424,A
5-NP,228,0,2421,0,0,2421,T
5-NP,229,2422,0,0,0,2422,A
5-NP,230,2420,1,2,0,2423,A
5-NP,231,2432,0,0,0,2432,A
5-NP,232,0,2438,0,0,2438,T
5-NP,233,2433,1,2,0,2436,A
5-NP,234,0,0,0,2437,2437,C
5-NP,235,2,0,0,2399,2401,C
5-NP,236,0,2405,0,1,2406,T
5-NP,237,0,1,2413,0,2414,G
5-NP,238,1,0,2439,1,2441,G
5-NP,239,2441,0,0,1,2442,A
5-NP,240,2444,0,0,0,2444,A
5-NP,241,0,0,2481,0,2481,G
5-NP,242,2452,3,2,0,2457,A
5-NP,243,2456,1,2,0,2459,A
5-NP,244,1,2,0,2450,2453,C
5-NP,245,2438,0,2,0,2440,A
5-NP,246,0,2,0,2501,2503,C
5-NP,247,0,1,0,2459,2460,C
5-NP,248,2,0,0,2458,2460,C
5-NP,249,3,0,0,2466,2469,C
5-NP,250,2436,0,2,0,2438,A
5-NP,251,0,0,2437,0,2437,G
5-NP,252,1,0,0,2429,2430,C
5-NP,253,0,0,2431,0,2431,G
5-NP,254,0,1,0,2427,2428,C
5-NP,255,0,4,2385,0,2389,G
5-NP,256,1,3,2404,0,2408,G
5-NP,257,0,1,2403,0,2404,G
5-NP,258,0,1,2421,0,2422,G
5-NP,259,2420,0,0,0,2420,A
5-NP,260,2420,0,0,1,2421,A
5-NP,261,2411,1,4,0,2416,A
5-NP,262,2,0,2422,0,2424,G
5-NP,263,2406,1,3,0,2410,A
5-NP,264,0,2399,0,0,2399,T
5-NP,265,1,0,0,2392,2393,C
5-NP,266,1,0,0,2382,2383,C
5-NP,267,5,1,0,2382,2388,C
5-NP,268,2402,1,0,0,2403,A
5-NP,269,2404,0,0,0,2404,A
5-NP,270,0,0,2415,0,2415,G
5-NP,271,2402,1,2,1,2406,A
5-NP,272,2426,0,0,0,2426,A
5-NP,273,2412,0,1,0,2413,A
5-NP,274,2425,0,3,0,2428,A
5-NP,275,1,1,0,2445,2447,C
5-NP,276,0,2412,0,2,2414,T
5-NP,277,1,0,2432,0,2433,G
5-NP,278,1,0,2422,0,2423,G
5-NP,279,2384,1,1,0,2386,A
5-NP,280,0,0,2392,0,2392,G
5-NP,281,0,0,2447,0,2447,G
5-NP,282,0,0,2512,0,2512,G
5-NP,283,1,1,0,2732,2734,C
5-NP,284,5,0,0,2718,2723,C
5-NP,285,0,2,0,2743,2745,C
5-NP,286,3039,1,3,1,3044,A
5-NP,287,0,3059,1,0,3060,T
5-NP,288,3247,1,0,0,3248,A
5-NP,289,0,3259,0,1,3260,T
5-NP,290,3218,1,0,0,3219,A
5-NP,291,0,0,0,3245,3245,C
5-NP,292,2912,1,2,0,2915,A
5-NP,293,0,1,3004,1,3006,G
5-NP,294,0,1,2992,0,2993,G
5-NP,295,2717,1,2,1,2721,A
5-NP,296,0,1,2790,0,2791,G
5-NP,297,2572,0,0,0,2572,A
5-NP,298,0,0,2630,0,2630,G
5-NP,299,0,2612,0,1,2613,T
5-NP,300,2588,1,1,0,2590,A
5-NP,301,0,1,2601,0,2602,G
5-NP,302,2541,0,5,0,2546,A
5-NP,303,0,2540,0,1,2541,T
5-NP,304,1,1,2548,1,2551,G
5-NP,305,0,0,2563,0,2563,G
5-NP,306,2548,0,0,0,2548,A
5-NP,307,2539,0,2,1,2542,A
5-NP,308,2535,0,2,0,2537,A
5-NP,309,2557,0,0,0,2557,A
5-NP,310,0,2553,0,0,2553,T
5-NP,311,0,0,2596,0,2596,G
5-NP,312,0,3,2591,0,2594,G
5-NP,313,2597,1,1,0,2599,A
5-NP,314,0,2578,0,1,2579,T
5-NP,315,1,2,2582,1,2586,G
5-NP,316,2586,0,3,0,2589,A
5-NP,317,0,3,2610,0,2613,G
5-NP,318,2,0,2607,1,2610,G
5-NP,319,1,1,2607,0,2609,G
5-NP,320,2617,1,1,0,2619,A
5-NP,321,2633,0,1,0,2634,A
5-NP,322,0,1,0,2641,2642,C
5-NP,323,0,2623,1,0,2624,T
5-NP,324,0,0,0,2658,2658,C
5-NP,325,0,0,2665,0,2665,G
5-NP,326,0,2662,0,3,2665,T
5-NP,327,2,1,0,2664,2667,C
5-NP,328,2,1,0,2791,2794,C
5-NP,329,0,2795,0,1,2796,T
5-NP,330,1,2794,0,1,2796,T
5-NP,331,0,2786,1,1,2788,T
5-NP,332,2804,0,0,0,2804,A
5-NP,333,0,2790,0,0,2790,T
5-NP,334,0,1,2783,0,2784,G
5-NP,335,2801,1,3,0,2805,A
5-NP,336,1,1,0,2789,2791,C
5-NP,337,2733,0,0,0,2733,A
5-NP,338,2729,1,0,0,2730,A
5-NP,339,2730,1,2,1,2734,A
5-NP,340,0,0,2840,0,2840,G
5-NP,341,2822,0,0,0,2822,A
5-NP,342,2831,0,2,0,2833,A
5-NP,343,0,0,2938,0,2938,G
5-NP,344,2926,0,2,0,2928,A
5-NP,345,2928,0,2,0,2930,A
5-NP,346,2931,0,0,0,2931,A
5-NP,347,0,2921,0,2,2923,T
5-NP,348,2918,6,1,0,2925,A
5-NP,349,2887,0,1,0,2888,A
5-NP,350,1,1,2919,0,2921,G
5-NP,351,2,0,2901,0,2903,G
5-NP,352,0,3,0,2877,2880,C
5-NP,353,1,3,2878,0,2882,G
5-NP,354,2886,0,0,0,2886,A
5-NP,355,2924,0,0,0,2924,A
5-NP,356,1,2910,0,3,2914,T
5-NP,357,2,0,0,2926,2928,C
5-NP,358,0,2915,0,0,2915,T
5-NP,359,0,0,2913,0,2913,G
5-NP,360,0,2,2905,0,2907,G
5-NP,361,0,1,0,2911,2912,C
5-NP,362,2,0,2905,0,2907,G
5-NP,363,0,1,0,2906,2907,C
5-NP,364,2,0,0,2897,2899,C
5-NP,365,2921,0,1,1,2923,A
5-NP,366,2947,0,0,0,2947,A
5-NP,367,0,0,3007,0,3007,G
5-NP,368,1,0,0,3009,3010,C
5-NP,369,4,0,0,3047,3051,C
5-NP,370,3059,0,3,0,3062,A
5-NP,371,3114,0,4,0,3118,A
5-NP,372,0,1,0,3148,3149,C
5-NP,373,3142,0,0,0,3142,A
5-NP,374,3213,1,1,1,3216,A
5-NP,375,0,3205,0,1,3206,T
5-NP,376,0,1,3247,0,3248,G
5-NP,377,2,0,3248,1,3251,G
5-NP,378,0,3215,0,0,3215,T
5-NP,379,0,2,3214,0,3216,G
5-NP,380,3203,0,3,0,3206,A
5-NP,381,1,1,3259,0,3261,G
5-NP,382,1,1,3261,1,3264,G
5-NP,383,3282,0,0,0,3282,A
5-NP,384,0,3484,0,1,3485,T
5-NP,385,0,0,3469,0,3469,G
5-NP,386,1,0,0,3477,3478,C
5-NP,387,0,3481,0,4,3485,T
5-NP,388,3500,2,2,0,3504,A
5-NP,389,0,0,0,3523,3523,C
5-NP,390,3489,0,0,0,3489,A
5-NP,391,0,3477,0,2,3479,T
5-NP,392,1,0,0,3470,3471,C
5-NP,393,0,3312,0,0,3312,T
5-NP,394,1,1,3427,0,3429,G
5-NP,395,0,1,3494,0,3495,G
5-NP,396,2,3492,0,1,3495,T
5-NP,397,3,0,0,3488,3491,C
5-NP,398,0,3441,0,3,3444,T
5-NP,399,3469,0,0,0,3469,A
5-NP,400,3478,0,1,0,3479,A
5-NP,401,0,1,0,3514,3515,C
5-NP,402,0,3489,0,3,3492,T
5-NP,403,0,0,0,3494,3494,C
5-NP,404,3407,0,0,1,3408,A
5-NP,405,0,1,1,3537,3539,C
5-NP,406,3534,0,1,0,3535,A
5-NP,407,0,3551,0,1,3552,T
5-NP,408,3499,0,0,0,3499,A
5-NP,409,3498,0,0,1,3499,A
5-NP,410,0,3506,0,1,3507,T
5-NP,411,0,2,3543,0,3545,G
5-NP,412,3514,3,0,0,3517,A
5-NP,413,0,3500,0,2,3502,T
5-NP,414,1,3414,0,1,3416,T
5-NP,415,1,3414,0,0,3415,T
5-NP,416,0,1,3381,0,3382,G
5-NP,417,2,2,3392,1,3397,G
5-NP,418,0,0,0,3408,3408,C
5-NP,419,3396,0,0,0,3396,A
5-NP,420,0,3380,0,3,3383,T
5-NP,421,0,3363,0,0,3363,T
5-NP,422,1,0,2,3372,3375,C
5-NP,423,1,2,1,3395,3399,C
5-NP,424,3454,1,0,0,3455,A
5-NP,425,3444,0,1,0,3445,A
5-NP,426,0,3446,0,0,3446,T
5-NP,427,2,3441,0,1,3444,T
5-NP,428,0,3447,0,1,3448,T
5-NP,429,0,1,3472,0,3473,G
5-NP,430,3467,0,2,0,3469,A
5-NP,431,3464,1,1,0,3466,A
5-NP,432,0,3477,0,0,3477,T
5-NP,433,0,6,3414,0,3420,G
5-NP,434,3537,2,3,0,3542,A
5-NP,435,0,3554,0,1,3555,T
5-NP,436,0,0,3562,0,3562,G
5-NP,437,2,0,0,3629,3631,C
5-NP,438,3616,1,3,0,3620,A
5-NP,439,3809,0,2,0,3811,A
5-NP,440,0,0,0,3806,3806,C
5-NP,441,3836,0,1,0,3837,A
5-NP,442,1,3889,0,0,3890,T
5-NP,443,3819,0,3,0,3822,A
5-NP,444,0,1,0,3864,3865,C
5-NP,445,1,1,0,3866,3868,C
5-NP,446,3767,0,1,0,3768,A
5-NP,447,0,1,3823,0,3824,G
5-NP,448,3686,0,4,0,3690,A
5-NP,449,4,0,3801,0,3805,G
5-NP,450,2,1,3768,0,3771,G
5-NP,451,3726,1,4,0,3731,A
5-NP,452,1,0,1,3755,3757,C
5-NP,453,3719,2,0,0,3721,A
5-NP,454,3725,0,4,1,3730,A
5-NP,455,1,0,3740,0,3741,G
5-NP,456,3680,1,3,0,3684,A
5-NP,457,1,0,3724,0,3725,G
5-NP,458,0,0,0,3710,3710,C
5-NP,459,1,3661,0,5,3667,T
5-NP,460,1,0,0,3693,3694,C
5-NP,461,1,3683,2,1,3687,T
5-NP,462,2,3693,0,0,3695,T
5-NP,463,0,0,3703,0,3703,G
5-NP,464,0,3677,0,3,3680,T
5-NP,465,0,3677,0,4,3681,T
5-NP,466,5,1,2,3664,3672,C
5-NP,467,1,0,3657,1,3659,G
5-NP,468,3703,0,0,0,3703,A
5-NP,469,3697,0,1,0,3698,A
5-NP,470,0,1,0,3711,3712,C
5-NP,471,0,3688,0,1,3689,T
5-NP,472,1,1,3757,0,3759,G
5-NP,473,2,2,3769,0,3773,G
5-NP,474,3763,0,6,0,3769,A
5-NP,475,3783,1,3,0,3787,A
5-NP,476,0,3785,1,0,3786,T
5-NP,477,0,4,3751,0,3755,G
5-NP,478,0,1,3750,0,3751,G
5-NP,479,3748,0,3,0,3751,A
5-NP,480,0,3762,0,0,3762,T
5-NP,481,1,0,0,3767,3768,C
5-NP,482,3,0,0,3747,3750,C
5-NP,483,2,0,0,3771,3773,C
5-NP,484,3804,0,4,1,3809,A
5-NP,485,0,1,3858,1,3860,G
5-NP,486,3847,0,1,1,3849,A
5-NP,487,3840,1,1,0,3842,A
5-NP,488,1,3813,0,0,3814,T
5-NP,489,1,0,3866,0,3867,G
5-NP,490,0,3834,0,1,3835,T
5-NP,491,1,0,3849,0,3850,G
5-NP,492,0,1,0,3857,3858,C
5-NP,493,1,3791,0,6,3798,T
5-NP,494,1,0,0,4092,4093,C
5-NP,495,0,4067,0,2,4069,T
5-NP,496,1,0,0,4259,4260,C
5-NP,497,0,4241,0,5,4246,T
5-NP,498,0,2,4239,0,4241,G
5-NP,499,4249,1,4,0,4254,A
5-NP,500,2,4241,0,4,4247,T
5-NP,501,1,1,4229,1,4232,G
5-NP,502,1,2,0,4228,4231,C
5-NP,503,4050,1,1,0,4052,A
5-NP,504,0,0,4134,0,4134,G
5-NP,505,1,3,4031,0,4035,G
5-NP,506,1,2,4100,0,4103,G
5-NP,507,0,1,0,4078,4079,C
5-NP,508,0,4060,0,3,4063,T
5-NP,509,0,0,0,4096,4096,C
5-NP,510,1,4,4100,0,4105,G
5-NP,511,4154,0,0,0,4154,A
5-NP,512,0,0,0,4164,4164,C
5-NP,513,1,4075,0,6,4082,T
5-NP,514,1,0,0,4265,4266,C
5-NP,515,1,4213,0,6,4220,T
5-NP,516,2,1,0,4683,4686,C
5-NP,517,2,3,0,4667,4672,C
5-NP,518,5,2,0,4684,4691,C
5-NP,519,2,4672,1,1,4676,T
5-NP,520,4649,1,1,0,4651,A
5-NP,521,0,2,4646,0,4648,G
5-NP,522,4653,0,3,1,4657,A
5-NP,523,4495,1,1,1,4498,A
5-NP,524,1,1,4536,0,4538,G
5-NP,525,0,0,4425,0,4425,G
5-NP,526,1,4353,0,0,4354,T
5-NP,527,4,1,0,4344,4349,C
5-NP,528,1,3,0,4357,4361,C
5-NP,529,0,2,4355,0,4357,G
5-NP,530,0,2,4412,0,4414,G
5-NP,531,4370,0,4,0,4374,A
5-NP,532,0,0,4453,0,4453,G
5-NP,533,2,2,0,4449,4453,C
5-NP,534,1,4392,0,5,4398,T
5-NP,535,1,0,4392,1,4394,G
5-NP,536,0,1,0,4412,4413,C
5-NP,537,4388,0,3,1,4392,A
5-NP,538,1,0,4417,0,4418,G
5-NP,539,0,2,4392,0,4394,G
5-NP,540,0,4396,0,1,4397,T
5-NP,541,0,3,4315,0,4318,G
5-NP,542,0,1,0,4356,4357,C
5-NP,543,1,4349,0,5,4355,T
5-NP,544,0,0,4354,0,4354,G
5-NP,545,1,0,1,4347,4349,C
5-NP,546,4396,0,1,0,4397,A
5-NP,547,0,0,4464,0,4464,G
5-NP,548,1,4410,0,2,4413,T
5-NP,549,3,0,0,4419,4422,C
5-NP,550,4419,1,1,1,4422,A
5-NP,551,4425,0,2,0,4427,A
5-NP,552,4420,0,9,0,4429,A
5-NP,553,1,1,4461,0,4463,G
5-NP,554,0,3,4473,0,4476,G
5-NP,555,4439,0,1,0,4440,A
5-NP,556,4420,0,0,0,4420,A
5-NP,557,1,4413,0,4,4418,T
5-NP,558,1,4,0,4414,4419,C
5-NP,559,1,2,4417,0,4420,G
5-NP,560,2,1,4613,0,4616,G
5-NP,561,1,3,4626,0,4630,G
5-NP,562,4605,0,1,0,4606,A
5-NP,563,0,1,0,4616,4617,C
5-NP,564,4573,0,1,3,4577,A
5-NP,565,4659,1,2,0,4662,A
5-NP,566,0,4670,1,2,4673,T
5-NP,567,1,1,4701,0,4703,G
5-NP,568,1,2,4793,1,4797,G
5-NP,569,2,4753,0,2,4757,T
5-NP,570,0,3,4770,0,4773,G
5-NP,571,4753,1,5,0,4759,A
5-NP,572,1,4741,0,3,4745,T
5-NP,573,2,1,4762,0,4765,G
5-NP,574,0,3,4823,0,4826,G
5-NP,575,4792,0,1,0,4793,A
5-NP,576,4810,0,1,2,4813,A
5-NP,577,2,0,0,4801,4803,C
5-NP,578,0,4652,0,1,4653,T
5-NP,579,1,2,4896,0,4899,G
5-NP,580,4864,1,2,1,4868,A
5-NP,581,2,4848,0,2,4852,T
5-NP,582,0,1,0,4890,4891,C
5-NP,583,4776,1,0,0,4777,A
5-NP,584,1,0,4896,1,4898,G
5-NP,585,4859,1,1,1,4862,A
5-NP,586,4871,0,2,0,4873,A
5-NP,587,1,4876,0,1,4878,T
5-NP,588,2,2,4797,0,4801,G
5-NP,589,1,0,4895,0,4896,G
5-NP,590,0,4883,0,2,4885,T
5-NP,591,4,2,1,4877,4884,C
5-NP,592,4890,0,2,1,4893,A
5-NP,593,4851,0,1,1,4853,A
5-NP,594,4861,1,3,0,4865,A
5-NP,595,0,3,0,4867,4870,C
5-NP,596,0,5,4854,0,4859,G
5-NP,597,1,5,4819,0,4825,G
5-NP,598,1,5,4751,1,4758,G
5-NP,599,1,4,4786,0,4791,G
5-NP,600,0,2,4786,0,4788,G
5-NP,601,4760,0,4,2,4766,A
5-NP,602,4,4731,1,1,4737,T
5-NP,603,2,2,1,4726,4731,C
5-NP,604,4788,1,1,0,4790,A
5-NP,605,4798,1,1,0,4800,A
5-NP,606,0,1,0,4742,4743,C
5-NP,607,2,2,4712,1,4717,G
5-NP,608,4672,0,1,0,4673,A
5-NP,609,1,4678,0,0,4679,T
5-NP,610,4,0,1,4695,4700,C
5-NP,611,0,4,4705,1,4710,G
5-NP,612,4695,1,3,0,4699,A
5-NP,613,4681,0,3,0,4684,A
5-NP,614,4677,0,3,1,4681,A
5-NP,615,1,4753,0,0,4754,T
5-NP,616,0,4709,1,1,4711,T
5-NP,617,0,4736,0,0,4736,T
5-NP,618,1,4740,0,6,4747,T
5-NP,619,0,4785,1,1,4787,T
5-NP,620,1,4,4771,0,4776,G
5-NP,621,1,2,4763,0,4766,G
5-NP,622,4708,0,6,3,4717,A
5-NP,623,1,1,4789,0,4791,G
5-NP,624,4648,0,3,0,4651,A
5-NP,625,1,3,4958,0,4962,G
5-NP,626,0,0,4975,0,4975,G
5-NP,627,0,4948,0,2,4950,T
5-NP,628,0,0,4972,0,4972,G
5-NP,629,4938,1,6,0,4945,A
5-NP,630,0,0,4989,0,4989,G
5-NP,631,4965,0,1,0,4966,A
5-NP,632,4970,1,2,1,4974,A
5-NP,633,0,4947,0,2,4949,T
5-NP,634,1,4,4728,0,4733,G
5-NP,635,3,2,4683,0,4688,G
5-NP,636,1,2,4686,0,4689,G
5-NP,637,1,1,0,4677,4679,C
5-NP,638,1,1,4681,0,4683,G
5-NP,639,1,0,4726,0,4727,G
5-NP,640,4706,1,3,0,4710,A
5-NP,641,4710,0,5,0,4715,A
5-NP,642,4826,1,2,0,4829,A
5-NP,643,4859,1,3,1,4864,A
5-NP,644,0,0,0,4915,4915,C
5-NP,645,4896,0,0,0,4896,A
5-NP,646,4899,0,2,0,4901,A
5-NP,647,3,1,4892,0,4896,G
5-NP,648,4753,0,1,1,4755,A
5-NP,649,4793,0,0,0,4793,A
5-NP,650,1,3,5014,0,5018,G
5-NP,651,0,4991,0,1,4992,T
5-NP,652,4,1,5291,0,5296,G
5-NP,653,0,2,0,5256,5258,C
5-NP,654,0,5264,1,7,5272,T
5-NP,655,0,5268,1,1,5270,T
5-NP,656,5363,1,3,0,5367,A
5-NP,657,0,5361,0,0,5361,T
5-NP,658,0,2,5384,1,5387,G
5-NP,659,5204,0,9,0,5213,A
5-NP,660,2,4,5243,0,5249,G
5-NP,661,4900,0,7,0,4907,A
5-NP,662,0,0,4946,0,4946,G
5-NP,663,4920,0,5,0,4925,A
5-NP,664,4994,0,1,0,4995,A
5-NP,665,1,4983,0,0,4984,T
5-NP,666,4,0,5081,0,5085,G
5-NP,667,1,5036,0,5,5042,T
5-NP,668,3,3,5051,0,5057,G
5-NP,669,2,1,0,5040,5043,C
5-NP,670,5044,1,2,0,5047,A
5-NP,671,5075,0,3,0,5078,A
5-NP,672,0,2,0,5067,5069,C
5-NP,673,5006,1,0,0,5007,A
5-NP,674,0,5020,1,3,5024,T
5-NP,675,0,4932,2,2,4936,T
5-NP,676,2,0,0,4966,4968,C
5-NP,677,0,4932,0,2,4934,T
5-NP,678,1,4915,0,0,4916,T
5-NP,679,4947,0,0,1,4948,A
5-NP,680,4898,1,0,1,4900,A
5-NP,681,4914,1,1,0,4916,A
5-NP,682,0,1,4916,0,4917,G
5-NP,683,0,0,4899,0,4899,G
5-NP,684,4868,0,10,0,4878,A
5-NP,685,4869,1,2,1,4873,A
5-NP,686,4866,0,2,0,4868,A
5-NP,687,4997,0,0,0,4997,A
5-NP,688,2,4973,0,1,4976,T
5-NP,689,1,4957,2,2,4962,T
5-NP,690,2,4991,0,1,4994,T
5-NP,691,2,0,0,4999,5001,C
5-NP,692,5008,0,0,1,5009,A
5-NP,693,5005,1,1,1,5008,A
5-NP,694,4996,2,5,0,5003,A
5-NP,695,1,2,0,5062,5065,C
5-NP,696,4997,0,0,0,4997,A
5-NP,697,0,0,5114,0,5114,G
5-NP,698,0,2,0,5109,5111,C
5-NP,699,1,5106,0,3,5110,T
5-NP,700,0,0,5227,0,5227,G
5-NP,701,0,1,0,5210,5211,C
5-NP,702,5267,0,2,0,5269,A
5-NP,703,0,1,0,5274,5275,C
5-NP,704,5227,1,0,0,5228,A
5-NP,705,5242,1,2,0,5245,A
5-NP,706,5111,0,8,1,5120,A
5-NP,707,0,5,5407,0,5412,G
5-NP,708,5343,0,8,0,5351,A
5-NP,709,5,1,5392,0,5398,G
5-NP,710,1,0,0,5388,5389,C
5-NP,711,5388,0,1,0,5389,A
5-NP,712,5524,2,1,0,5527,A
5-NP,713,1,5524,0,0,5525,T
5-NP,714,1,1,5546,0,5548,G
5-NP,715,27,0,5561,0,5588,G
5-NP,716,0,5417,0,3,5420,T
5-NP,717,2,3,5433,0,5438,G
5-NP,718,0,2,5495,0,5497,G
5-NP,719,5491,0,3,1,5495,A
5-NP,720,1,5465,0,1,5467,T
5-NP,721,4,0,0,5368,5372,C
5-NP,722,5413,1,2,0,5416,A
5-NP,723,5459,2,5,3,5469,A
5-NP,724,0,1,5506,0,5507,G
5-NP,725,0,5461,0,2,5463,T
5-NP,726,1,3,5446,1,5451,G
5-NP,727,5357,0,5,2,5364,A
5-NP,728,1,5,5417,0,5423,G
5-NP,729,5382,4,6,0,5392,A
5-NP,730,1,1,5424,0,5426,G
5-NP,731,5374,0,2,0,5376,A
5-NP,732,5299,1,0,0,5300,A
5-NP,733,5319,3,8,0,5330,A
5-NP,734,1,0,5388,0,5389,G
5-NP,735,3,5358,0,1,5362,T
5-NP,736,4,1,0,5366,5371,C
5-NP,737,1,2,5344,1,5348,G
5-NP,738,3,3,5364,0,5370,G
5-NP,739,5358,1,1,0,5360,A
5-NP,740,5390,0,0,0,5390,A
5-NP,741,1,0,0,5391,5392,C
5-NP,742,2,0,0,5349,5351,C
5-NP,743,4,5,0,5374,5383,C
5-NP,744,5357,1,9,0,5367,A
5-NP,745,1,4,5377,0,5382,G
5-NP,746,1,3,5381,0,5385,G
5-NP,747,5354,0,1,0,5355,A
5-NP,748,5354,0,0,0,5354,A
5-NP,749,5357,0,4,0,5361,A
5-NP,750,1,0,0,5407,5408,C
5-NP,751,2,0,5392,0,5394,G
5-NP,752,1,1,1,5396,5399,C
5-NP,753,0,5366,0,3,5369,T
5-NP,754,1,2,5386,0,5389,G
5-NP,755,5350,0,1,0,5351,A
5-NP,756,17,2,5452,0,5471,G
5-NP,757,5459,1,1,0,5461,A
5-NP,758,1,5449,0,0,5450,T
5-NP,759,1,0,1,5421,5423,C
5-NP,760,23,1,5417,0,5441,G
5-NP,761,5415,0,2,0,5417,A
5-NP,762,5400,0,1,3,5404,A
5-NP,763,1,0,5439,0,5440,G
5-NP,764,5419,1,1,0,5421,A
5-NP,765,1,5377,0,1,5379,T
5-NP,766,0,1,0,5462,5463,C
5-NP,767,1,5432,0,2,5435,T
5-NP,768,7,0,0,5497,5504,C
5-NP,769,5529,0,0,0,5529,A
5-NP,770,2,5516,0,0,5518,T
5-NP,771,5527,2,0,0,5529,A
5-NP,772,1,5515,2,2,5520,T
5-NP,773,0,5445,1,0,5446,T
5-NP,774,0,5414,0,0,5414,T
5-NP,775,0,5350,1,1,5352,T
5-NP,776,0,5372,0,1,5373,T
5-NP,777,5391,0,3,0,5394,A
5-NP,778,0,3,5379,0,5382,G
5-NP,779,0,3,0,5374,5377,C
5-NP,780,5355,0,3,0,5358,A
5-NP,781,5334,2,2,4,5342,A
5-NP,782,0,0,5533,0,5533,G
5-NP,783,5504,2,2,1,5509,A
5-NP,784,1,5503,1,1,5506,T
5-NP,785,1,4,0,5576,5581,C
5-NP,786,0,5549,0,4,5553,T
5-NP,787,4,0,5709,0,5713,G
5-NP,788,1,1,0,5721,5723,C
5-NP,789,5728,1,2,1,5732,A
5-NP,790,0,5790,2,0,5792,T
5-NP,791,0,5575,0,1,5576,T
5-NP,792,1,1,6036,0,6038,G
5-NP,793,6102,1,2,0,6105,A
5-NP,794,2,6128,0,1,6131,T
5-NP,795,6147,0,0,0,6147,A
5-NP,796,1,6013,1,3,6018,T
5-NP,797,2,5974,0,2,5978,T
5-NP,798,0,0,6015,1,6016,G
5-NP,799,5907,0,3,0,5910,A
5-NP,800,3,1,6003,0,6007,G
5-NP,801,5694,0,7,0,5701,A
5-NP,802,1,0,5657,0,5658,G
5-NP,803,5,5,5735,0,5745,G
5-NP,804,5695,2,2,1,5700,A
5-NP,805,1,5694,0,3,5698,T
5-NP,806,1,0,0,5734,5735,C
5-NP,807,5704,0,0,0,5704,A
5-NP,808,1,1,5737,0,5739,G
5-NP,809,2,5716,0,3,5721,T
5-NP,810,0,5676,0,0,5676,T
5-NP,811,2,1,5669,0,5672,G
5-NP,812,1,3,0,5598,5602,C
5-NP,813,0,5573,1,6,5580,T
5-NP,814,1,3,1,5629,5634,C
5-NP,815,5642,1,3,0,5646,A
5-NP,816,0,4,0,5647,5651,C
5-NP,817,5626,0,0,0,5626,A
5-NP,818,5659,0,2,0,5661,A
5-NP,819,5676,0,0,0,5676,A
5-NP,820,1,5655,0,1,5657,T
5-NP,821,1,1,0,5672,5674,C
5-NP,822,1,5625,1,5,5632,T
5-NP,823,1,5607,0,1,5609,T
5-NP,824,0,0,5617,0,5617,G
5-NP,825,2,1,1,5590,5594,C
5-NP,826,2,4,0,5703,5709,C
5-NP,827,0,5692,2,1,5695,T
5-NP,828,5719,0,1,0,5720,A
5-NP,829,0,2,0,5706,5708,C
5-NP,830,0,2,0,5696,5698,C
5-NP,831,0,5680,1,6,5687,T
5-NP,832,3,2,5743,0,5748,G
5-NP,833,2,2,2,5733,5739,C
5-NP,834,3,0,0,5759,5762,C
5-NP,835,2,5631,1,4,5638,T
5-NP,836,1,0,5766,0,5767,G
5-NP,837,0,5689,0,3,5692,T
5-NP,838,2,3,5734,0,5739,G
5-NP,839,1,3,0,5767,5771,C
5-NP,840,50,1,5828,0,5879,G
5-NP,841,1,5757,0,3,5761,T
5-NP,842,5762,1,6,0,5769,A
5-NP,843,0,5764,1,5,5770,T
5-NP,844,2,3,5771,0,5776,G
5-NP,845,0,5,6009,0,6014,G
5-NP,846,6001,0,3,0,6004,A
5-NP,847,4,0,0,5895,5899,C
5-NP,848,5,0,0,5891,5896,C
5-NP,849,1,5785,0,7,5793,T
5-NP,850,2,0,6116,0,6118,G
5-NP,851,1,2,0,6115,6118,C
5-NP,852,6148,0,3,0,6151,A
5-NP,853,0,1,6317,0,6318,G
5-NP,854,2,5945,1,3,5951,T
5-NP,855,6235,0,0,0,6235,A
5-NP,856,1,6177,0,2,6180,T
5-NP,857,0,6,1,6153,6160,C
5-NP,858,1,0,0,6186,6187,C
5-NP,859,5848,0,0,0,5848,A
5-NP,860,0,0,5893,0,5893,G
5-NP,861,0,5829,0,3,5832,T
5-NP,862,1,8,5908,0,5917,G
5-NP,863,3,2,5882,0,5887,G
5-NP,864,1,0,5792,0,5793,G
5-NP,865,0,5790,0,3,5793,T
5-NP,866,5788,0,4,0,5792,A
5-NP,867,1,2,0,5786,5789,C
5-NP,868,0,4,5768,0,5772,G
5-NP,869,5741,0,1,0,5742,A
5-NP,870,1,1,0,5726,5728,C
5-NP,871,2,5573,1,1,5577,T
5-NP,872,1,5589,1,0,5591,T
5-NP,873,1,2,0,5559,5562,C
5-NP,874,2,1,5567,0,5570,G
5-NP,875,5583,1,0,0,5584,A
5-NP,876,5573,0,0,1,5574,A
5-NP,877,5592,0,0,0,5592,A
5-NP,878,5597,0,0,0,5597,A
5-NP,879,5563,0,9,0,5572,A
5-NP,880,1,2,5594,0,5597,G
5-NP,881,5576,2,9,0,5587,A
5-NP,882,1,4,5633,0,5638,G
5-NP,883,1,1,5658,0,5660,G
5-NP,884,2,2,5689,1,5694,G
5-NP,885,5698,0,1,0,5699,A
5-NP,886,1,5721,0,6,5728,T
5-NP,887,5744,1,2,0,5747,A
5-NP,888,0,5730,0,3,5733,T
5-NP,889,1,5744,2,0,5747,T
5-NP,890,2,0,1,5816,5819,C
5-NP,891,2,1,1,5794,5798,C
5-NP,892,0,5705,0,0,5705,T
5-NP,893,1,5698,0,0,5699,T
5-NP,894,0,3,5778,0,5781,G
5-NP,895,0,2,5813,0,5815,G
5-NP,896,3,5771,2,3,5779,T
5-NP,897,1,4,5737,0,5742,G
5-NP,898,0,0,5700,0,5700,G
5-NP,899,2,1,5975,0,5978,G
5-NP,900,5978,0,1,0,5979,A
5-NP,901,5985,1,4,0,5990,A
5-NP,902,0,5982,0,0,5982,T
5-NP,903,5895,0,2,1,5898,A
5-NP,904,2,2,5886,0,5890,G
5-NP,905,5826,1,9,0,5836,A
5-NP,906,0,0,0,5807,5807,C
5-NP,907,5,1,0,5742,5748,C
5-NP,908,10,6,0,5612,5628,C
5-NP,909,0,5667,0,6,5673,T
5-NP,910,1,5668,0,4,5673,T
5-NP,911,0,5667,0,1,5668,T
5-NP,912,3,1,0,5684,5688,C
5-NP,913,5673,0,0,0,5673,A
5-NP,914,5660,0,1,0,5661,A
5-NP,915,5644,0,1,1,5646,A
5-NP,916,2,3,0,5654,5659,C
5-NP,917,2,5443,0,3,5448,T
5-NP,918,5397,0,1,0,5398,A
5-NP,919,1,0,0,5459,5460,C
5-NP,920,0,5411,0,0,5411,T
5-NP,921,1,5399,1,1,5402,T
5-NP,922,0,0,0,5440,5440,C
5-NP,923,5420,0,2,0,5422,A
5-NP,924,5415,0,0,0,5415,A
5-NP,925,5382,0,0,0,5382,A
5-NP,926,5402,0,0,1,5403,A
5-NP,927,0,5338,0,0,5338,T
5-NP,928,5242,0,4,0,5246,A
5-NP,929,3,0,5359,0,5362,G
5-NP,930,2,3,0,5362,5367,C
5-NP,931,1,1,1,5444,5447,C
5-NP,932,5449,1,1,0,5451,A
5-NP,933,5480,0,0,0,5480,A
5-NP,934,5661,0,0,0,5661,A
5-NP,935,1,5686,0,0,5687,T
5-NP,936,5715,0,1,0,5716,A
5-NP,937,0,5700,0,3,5703,T
5-NP,938,5598,0,1,0,5599,A
5-NP,939,0,5,0,5610,5615,C
5-NP,940,5444,1,2,0,5447,A
5-NP,941,1,0,5580,0,5581,G
5-NP,942,0,0,0,5568,5568,C
5-NP,943,1,5384,0,3,5388,T
5-NP,944,2,5428,0,2,5432,T
5-NP,945,5450,0,1,0,5451,A
5-NP,946,5446,0,0,0,5446,A
5-NP,947,0,5433,0,1,5434,T
5-NP,948,3,2,0,5434,5439,C
5-NP,949,5228,1,1,0,5230,A
5-NP,950,0,3,5265,0,5268,G
5-NP,951,5261,0,2,0,5263,A
5-NP,952,1,1,1,5278,5281,C
5-NP,953,1,2,0,5249,5252,C
5-NP,954,0,5143,1,2,5146,T
5-NP,955,5189,0,1,0,5190,A
5-NP,956,5180,0,1,0,5181,A
5-NP,957,1,2,0,5224,5227,C
5-NP,958,4,3,5217,0,5224,G
5-NP,959,5098,0,3,0,5101,A
5-NP,960,0,1,5129,0,5130,G
5-NP,961,5075,0,3,0,5078,A
5-NP,962,5151,0,2,0,5153,A
5-NP,963,1,5135,0,2,5138,T
5-NP,964,0,1,2,5076,5079,C
5-NP,965,1,1,0,5080,5082,C
5-NP,966,4906,0,2,0,4908,A
5-NP,967,0,1,4931,0,4932,G
5-NP,968,1,2,0,4937,4940,C
5-NP,969,4996,0,3,0,4999,A
5-NP,970,2,1,0,5011,5014,C
5-NP,971,4924,2,4,0,4930,A
5-NP,972,1,0,0,4933,4934,C
5-NP,973,4931,0,2,0,4933,A
5-NP,974,4965,0,4,0,4969,A
5-NP,975,4,1,4970,0,4975,G
5-NP,976,4903,1,1,0,4905,A
5-NP,977,2,1,4940,0,4943,G
5-NP,978,1,4821,0,2,4824,T
5-NP,979,5,1,0,4806,4812,C
5-NP,980,4793,0,12,0,4805,A
5-NP,981,1,1,4809,0,4811,G
5-NP,982,4,1,0,4788,4793,C
5-NP,983,1,4758,0,2,4761,T
5-NP,984,0,0,4811,0,4811,G
5-NP,985,0,1,4836,1,4838,G
5-NP,986,1,4749,1,2,4753,T
5-NP,987,2,0,4808,0,4810,G
5-NP,988,1,4751,1,1,4754,T
5-NP,989,1,3,4742,0,4746,G
5-NP,990,2,2,4715,0,4719,G
5-NP,991,4673,1,1,1,4676,A
5-NP,992,0,4701,0,8,4709,T
5-NP,993,3,1,4403,0,4407,G
5-NP,994,5,0,4370,0,4375,G
5-NP,995,1,0,0,4345,4346,C
5-NP,996,4305,0,2,0,4307,A
5-NP,997,1,4303,2,6,4312,T
5-NP,998,1,0,4277,0,4278,G
5-NP,999,1,0,0,4294,4295,C
5-NP,1000,3,2,0,4297,4302,C
5-NP,1001,4331,0,2,0,4333,A
5-NP,1002,0,4308,0,1,4309,T
5-NP,1003,1,4214,1,1,4217,T
5-NP,1004,0,6,0,4225,4231,C
5-NP,1005,0,4138,0,1,4139,T
5-NP,1006,2,1,4137,0,4140,G
5-NP,1007,0,0,0,4128,4128,C
5-NP,1008,0,3920,1,3,3924,T
5-NP,1009,3,1,3945,0,3949,G
5-NP,1010,0,2,0,3844,3846,C
5-NP,1011,3829,1,0,1,3831,A
5-NP,1012,0,3838,0,1,3839,T
5-NP,1013,0,3784,1,0,3785,T
5-NP,1014,0,3793,0,4,3797,T
5-NP,1015,0,0,3798,0,3798,G
5-NP,1016,3781,0,2,1,3784,A
5-NP,1017,3783,0,1,1,3785,A
5-NP,1018,1,0,3838,0,3839,G
5-NP,1019,3816,0,0,0,3816,A
5-NP,1020,0,3799,0,0,3799,T
5-NP,1021,0,3798,0,1,3799,T
5-NP,1022,0,3809,0,3,3812,T
5-NP,1023,3814,1,1,0,3816,A
5-NP,1024,3809,0,1,0,3810,A
5-NP,1025,0,0,3817,0,3817,G
5-NP,1026,3805,1,1,1,3808,A
5-NP,1027,1,3801,0,1,3803,T
5-NP,1028,0,3737,0,1,3738,T
5-NP,1029,0,0,3780,0,3780,G
5-NP,1030,0,3770,0,2,3772,T
5-NP,1031,0,3776,0,1,3777,T
5-NP,1032,3768,1,2,0,3771,A
5-NP,1033,3777,0,6,1,3784,A
5-NP,1034,1,1,3805,1,3808,G
5-NP,1035,2,0,0,3812,3814,C
5-NP,1036,0,3714,0,5,3719,T
5-NP,1037,0,3751,0,2,3753,T
5-NP,1038,1,1,0,3773,3775,C
5-NP,1039,3773,0,2,2,3777,A
5-NP,1040,0,3758,0,2,3760,T
5-NP,1041,0,0,0,3781,3781,C
5-NP,1042,3732,0,2,1,3735,A
5-NP,1043,0,0,3747,0,3747,G
5-NP,1044,3685,0,1,0,3686,A
5-NP,1045,0,0,3745,0,3745,G
5-NP,1046,0,4,3795,0,3799,G
5-NP,1047,3,0,3805,0,3808,G
5-NP,1048,3813,1,6,0,3820,A
5-NP,1049,0,0,0,3812,3812,C
5-NP,1050,3812,0,1,0,3813,A
5-NP,1051,3807,1,0,0,3808,A
5-NP,1052,2,1,3586,0,3589,G
5-NP,1053,3661,0,7,0,3668,A
5-NP,1054,2,0,3700,0,3702,G
5-NP,1055,0,3699,0,1,3700,T
5-NP,1056,3672,0,5,0,3677,A
5-NP,1057,1,3646,0,3,3650,T
5-NP,1058,2,0,0,3645,3647,C
5-NP,1059,0,3587,0,1,3588,T
5-NP,1060,0,0,0,3635,3635,C
5-NP,1061,2,0,0,3535,3537,C
5-NP,1062,0,3421,0,0,3421,T
5-NP,1063,2,3,0,3423,3428,C
5-NP,1064,0,2,3418,0,3420,G
5-NP,1065,1,4,3440,0,3445,G
5-NP,1066,1,5,3424,0,3430,G
5-NP,1067,1,0,3431,1,3433,G
5-NP,1068,0,1,3431,0,3432,G
5-NP,1069,3377,1,0,2,3380,A
5-NP,1070,3380,0,1,0,3381,A
5-NP,1071,3387,0,3,0,3390,A
5-NP,1072,0,0,0,3474,3474,C
5-NP,1073,1,3456,0,1,3458,T
5-NP,1074,0,1,3481,0,3482,G
5-NP,1075,0,3444,1,3,3448,T
5-NP,1076,0,1,0,3457,3458,C
5-NP,1077,3508,0,2,0,3510,A
5-NP,1078,3509,2,3,0,3514,A
5-NP,1079,0,0,0,3497,3497,C
5-NP,1080,0,1,0,3362,3363,C
5-NP,1081,3388,0,1,0,3389,A
5-NP,1082,0,1,3431,0,3432,G
5-NP,1083,3409,0,5,0,3414,A
5-NP,1084,1,4,3428,0,3433,G
5-NP,1085,0,4,3441,1,3446,G
5-NP,1086,3317,0,5,0,3322,A
5-NP,1087,1,0,3402,0,3403,G
5-NP,1088,0,3369,0,2,3371,T
5-NP,1089,3377,1,3,0,3381,A
5-NP,1090,0,6,0,3366,3372,C
5-NP,1091,3293,0,2,0,3295,A
5-NP,1092,3291,0,2,0,3293,A
5-NP,1093,3238,0,0,0,3238,A
5-NP,1094,0,3210,0,0,3210,T
5-NP,1095,0,3191,0,2,3193,T
5-NP,1096,1,0,3103,0,3104,G
5-NP,1097,0,2,0,3088,3090,C
5-NP,1098,1,3065,0,4,3070,T
5-NP,1099,1,3063,0,0,3064,T
5-NP,1100,1,1,0,3078,3080,C
5-NP,1101,3077,1,1,0,3079,A
5-NP,1102,3102,0,0,0,3102,A
5-NP,1103,3101,0,0,0,3101,A
5-NP,1104,0,3102,0,0,3102,T
5-NP,1105,1,1,3093,0,3095,G
5-NP,1106,3034,0,3,0,3037,A
5-NP,1107,1,0,3060,0,3061,G
5-NP,1108,3062,0,5,0,3067,A
5-NP,1109,3063,0,0,0,3063,A
5-NP,1110,0,2,0,3065,3067,C
5-NP,1111,3043,1,3,0,3047,A
5-NP,1112,0,3034,0,0,3034,T
5-NP,1113,0,0,3097,0,3097,G
5-NP,1114,0,0,3122,0,3122,G
5-NP,1115,3116,1,2,0,3119,A
5-NP,1116,0,3097,0,0,3097,T
5-NP,1117,3087,1,0,1,3089,A
5-NP,1118,3323,1,1,1,3326,A
5-NP,1119,0,3253,0,2,3255,T
5-NP,1120,3255,0,1,1,3257,A
5-NP,1121,0,3226,0,1,3227,T
5-NP,1122,1,1,3001,0,3003,G
5-NP,1123,2,0,2939,0,2941,G
5-NP,1124,2,1,2941,0,2944,G
5-NP,1125,2938,0,0,0,2938,A
5-NP,1126,0,2928,0,0,2928,T
5-NP,1127,1,3,0,2426,2430,C
5-NP,1128,1,2,2437,0,2440,G
5-NP,1129,2428,3,2,0,2433,A
5-NP,1130,0,1,2425,0,2426,G
5-NP,1131,0,0,0,2417,2417,C
5-NP,1132,2400,1,1,0,2402,A
5-NP,1133,0,1,0,2530,2531,C
5-NP,1134,0,2483,2,2,2487,T
5-NP,1135,1,0,0,2521,2522,C
5-NP,1136,0,2497,0,6,2503,T
5-NP,1137,0,2482,0,5,2487,T
5-NP,1138,1,1,2479,0,2481,G
5-NP,1139,2482,0,1,0,2483,A
5-NP,1140,2503,0,1,0,2504,A
5-NP,1141,0,0,0,2495,2495,C
5-NP,1142,1,2115,0,1,2117,T
5-NP,1143,0,2,2126,0,2128,G
5-NP,1144,2048,0,2,0,2050,A
5-NP,1145,1,0,2079,0,2080,G
5-NP,1146,2070,1,0,0,2071,A
5-NP,1147,2071,0,1,0,2072,A
5-NP,1148,0,0,2079,0,2079,G
5-NP,1149,1,1,0,2050,2052,C
5-NP,1150,1,1,2056,0,2058,G
5-NP,1151,1,1,2061,0,2063,G
5-NP,1152,0,2,2092,0,2094,G
5-NP,1153,0,2089,0,0,2089,T
5-NP,1154,2065,0,0,0,2065,A
5-NP,1155,1,0,0,2061,2062,C
5-NP,1156,0,1898,0,0,1898,T
5-NP,1157,0,1,1902,1,1904,G
5-NP,1158,7,0,1889,0,1896,G
5-NP,1159,2,1,1912,0,1915,G
5-NP,1160,1,1,0,1891,1893,C
5-NP,1161,0,0,0,1818,1818,C
5-NP,1162,1837,0,0,0,1837,A
5-NP,1163,0,1834,0,0,1834,T
5-NP,1164,1833,0,0,0,1833,A
5-NP,1165,1830,0,5,0,1835,A
5-NP,1166,0,1,1805,0,1806,G
5-NP,1167,0,1,1852,0,1853,G
5-NP,1168,1826,0,0,0,1826,A
5-NP,1169,0,0,0,1826,1826,C
5-NP,1170,0,0,0,1831,1831,C
5-NP,1171,1825,0,1,0,1826,A
5-NP,1172,0,1,1823,0,1824,G
5-NP,1173,1736,0,1,0,1737,A
5-NP,1174,1783,0,1,0,1784,A
5-NP,1175,1,0,1785,0,1786,G
5-NP,1176,0,1786,0,0,1786,T
5-NP,1177,0,0,1785,0,1785,G
5-NP,1178,1,0,1801,0,1802,G
5-NP,1179,1794,0,2,0,1796,A
5-NP,1180,1,2,1798,0,1801,G
5-NP,1181,0,2,1763,0,1765,G
5-NP,1182,1751,1,0,0,1752,A
5-NP,1183,1754,1,1,0,1756,A
5-NP,1184,1768,1,0,0,1769,A
5-NP,1185,0,0,0,1787,1787,C
5-NP,1186,1784,1,0,1,1786,A
5-NP,1187,0,0,0,1829,1829,C
5-NP,1188,0,1791,0,0,1791,T
5-NP,1189,1859,0,0,0,1859,A
5-NP,1190,1857,1,0,0,1858,A
5-NP,1191,0,1850,0,0,1850,T
5-NP,1192,1,0,0,1874,1875,C
5-NP,1193,1850,0,0,0,1850,A
5-NP,1194,1877,0,0,0,1877,A
5-NP,1195,0,0,0,1881,1881,C
5-NP,1196,1823,0,0,0,1823,A
5-NP,1197,0,0,1824,0,1824,G
5-NP,1198,1748,0,2,0,1750,A
5-NP,1199,3,3,1760,0,1766,G
5-NP,1200,0,0,1762,0,1762,G
5-NP,1201,1,1,1752,0,1754,G
5-NP,1202,1,0,0,1752,1753,C
5-NP,1203,1,0,0,1750,1751,C
5-NP,1204,1,1718,1,0,1720,T
5-NP,1205,0,0,0,1739,1739,C
5-NP,1206,0,2,0,1738,1740,C
5-NP,1207,1,0,1740,0,1741,G
5-NP,1208,1,0,0,1734,1735,C
5-NP,1209,1730,0,2,0,1732,A
5-NP,1210,0,0,1776,0,1776,G
5-NP,1211,1,0,1777,0,1778,G
5-NP,1212,1,0,0,1774,1775,C
5-NP,1213,0,0,0,1791,1791,C
5-NP,1214,1783,0,2,0,1785,A
5-NP,1215,1794,0,1,0,1795,A
5-NP,1216,1789,0,3,1,1793,A
5-NP,1217,0,0,0,1810,1810,C
5-NP,1218,1,0,0,1817,1818,C
5-NP,1219,1687,0,2,0,1689,A
5-NP,1220,1,13,1721,0,1735,G
5-NP,1221,0,1704,0,1,1705,T
5-NP,1222,1,0,1721,1,1723,G
5-NP,1223,0,1723,0,1,1724,T
5-NP,1224,0,0,1712,0,1712,G
5-NP,1225,0,0,0,1717,1717,C
5-NP,1226,1691,0,2,0,1693,A
5-NP,1227,1716,0,1,0,1717,A
5-NP,1228,0,0,0,1705,1705,C
5-NP,1229,0,0,0,1703,1703,C
5-NP,1230,0,1680,0,2,1682,T
5-NP,1231,1674,0,0,0,1674,A
5-NP,1232,0,2,0,1668,1670,C
5-NP,1233,1,0,1674,0,1675,G
5-NP,1234,0,1655,1,0,1656,T
5-NP,1235,0,1664,1,2,1667,T
5-NP,1236,0,1660,0,1,1661,T
5-NP,1237,0,1640,0,1,1641,T
5-NP,1238,0,2,0,1636,1638,C
5-NP,1239,0,1604,0,0,1604,T
5-NP,1240,0,0,1647,0,1647,G
5-NP,1241,1,1642,0,1,1644,T
5-NP,1242,1645,1,5,0,1651,A
5-NP,1243,0,0,0,1655,1655,C
5-NP,1244,1623,1,1,0,1625,A
5-NP,1245,1626,0,0,0,1626,A
5-NP,1246,1627,0,0,0,1627,A
5-NP,1247,0,0,1638,0,1638,G
5-NP,1248,1618,0,1,0,1619,A
5-NP,1249,1560,1,1,0,1562,A
5-NP,1250,1561,0,0,0,1561,A
5-NP,1251,1,1,0,1565,1567,C
5-NP,1252,0,0,0,1552,1552,C
5-NP,1253,1,1532,0,6,1539,T
5-NP,1254,0,2,0,1543,1545,C
5-NP,1255,1,1,0,1541,1543,C
5-NP,1256,2,0,0,1545,1547,C
5-NP,1257,1544,0,2,0,1546,A
5-NP,1258,1,1539,0,1,1541,T
5-NP,1259,0,1540,0,0,1540,T
5-NP,1260,0,1546,0,0,1546,T
5-NP,1261,0,1,1541,0,1542,G
5-NP,1262,1536,0,0,0,1536,A
5-NP,1263,1545,0,1,0,1546,A
5-NP,1264,1545,0,0,0,1545,A
5-NP,1265,1526,1,1,0,1528,A
5-NP,1266,0,1,1562,0,1563,G
5-NP,1267,1,1546,0,4,1551,T
5-NP,1268,1,0,0,1557,1558,C
5-NP,1269,1551,0,3,0,1554,A
5-NP,1270,1564,0,1,1,1566,A
5-NP,1271,0,1,0,1563,1564,C
5-NP,1272,2,2,0,1583,1587,C
5-NP,1273,1580,0,0,0,1580,A
5-NP,1274,0,1577,0,1,1578,T
5-NP,1275,0,0,0,1577,1577,C
5-NP,1276,1552,0,1,0,1553,A
5-NP,1277,0,1561,0,1,1562,T
5-NP,1278,0,0,1563,0,1563,G
5-NP,1279,0,1,1562,0,1563,G
5-NP,1280,0,0,0,1557,1557,C
5-NP,1281,1526,0,1,1,1528,A
5-NP,1282,0,1,1527,0,1528,G
5-NP,1283,0,0,0,1524,1524,C
5-NP,1284,1527,0,2,0,1529,A
5-NP,1285,0,1516,0,0,1516,T
5-NP,1286,0,1491,1,0,1492,T
5-NP,1287,0,0,0,1500,1500,C
5-NP,1288,1496,0,0,0,1496,A
5-NP,1289,0,3,0,1506,1509,C
5-NP,1290,0,1506,0,0,1506,T
5-NP,1291,1,1,1505,2,1509,G
5-NP,1292,0,0,1505,0,1505,G
5-NP,1293,1495,0,0,0,1495,A
5-NP,1294,1504,0,1,0,1505,A
5-NP,1295,1505,0,1,1,1507,A
5-NP,1296,0,1493,0,0,1493,T
5-NP,1297,1488,0,0,0,1488,A
5-NP,1298,0,1,0,1492,1493,C
5-NP,1299,2,0,1477,0,1479,G
5-NP,1300,0,0,1473,0,1473,G
5-NP,1301,1462,0,1,0,1463,A
5-NP,1302,1439,0,0,1,1440,A
5-NP,1303,0,1,1453,0,1454,G
5-NP,1304,0,0,1461,0,1461,G
5-NP,1305,1463,0,0,0,1463,A
5-NP,1306,1460,0,1,0,1461,A
5-NP,1307,0,0,1468,0,1468,G
5-NP,1308,1467,0,0,0,1467,A
5-NP,1309,1463,0,0,0,1463,A
5-NP,1310,0,0,0,1484,1484,C
5-NP,1311,1,1458,0,2,1461,T
5-NP,1312,0,1468,0,0,1468,T
5-NP,1313,0,1,1,1468,1470,C
5-NP,1314,1470,0,2,0,1472,A
5-NP,1315,0,1,1478,0,1479,G
5-NP,1316,1468,1,1,0,1470,A
5-NP,1317,0,0,0,1468,1468,C
5-NP,1318,1458,0,0,0,1458,A
5-NP,1319,0,1415,0,0,1415,T
5-NP,1320,0,0,1412,0,1412,G
5-NP,1321,1376,1,0,1,1378,A
5-NP,1322,0,3,1406,0,1409,G
5-NP,1323,0,2,1394,0,1396,G
5-NP,1324,2,0,1393,0,1395,G
5-NP,1325,1,1,0,1398,1400,C
5-NP,1326,1379,0,0,0,1379,A
5-NP,1327,0,1,1409,0,1410,G
5-NP,1328,1414,0,0,0,1414,A
5-NP,1329,1429,0,2,0,1431,A
5-NP,1330,1436,0,0,0,1436,A
5-NP,1331,0,1411,0,0,1411,T
5-NP,1332,154,0,0,1268,1422,C
5-NP,1333,1416,0,0,0,1416,A
5-NP,1334,1,1408,2,0,1411,T
5-NP,1335,1413,0,1,0,1414,A
5-NP,1336,1347,0,0,0,1347,A
5-NP,1337,0,0,1352,1,1353,G
5-NP,1338,1313,0,0,0,1313,A
5-NP,1339,1320,0,1,0,1321,A
5-NP,1340,0,1295,1,1,1297,T
5-NP,1341,0,0,1299,0,1299,G
5-NP,1342,1293,0,0,0,1293,A
5-NP,1343,0,1290,0,0,1290,T
5-NP,1344,0,1,1297,0,1298,G
5-NP,1345,0,0,1295,0,1295,G
5-NP,1346,1261,0,4,0,1265,A
5-NP,1347,1257,0,1,0,1258,A
5-NP,1348,0,0,1238,0,1238,G
5-NP,1349,0,0,1270,0,1270,G
5-NP,1350,0,1243,0,2,1245,T
5-NP,1351,1,0,1243,0,1244,G
5-NP,1352,0,2,0,1242,1244,C
5-NP,1353,1240,0,2,0,1242,A
5-NP,1354,1247,0,0,0,1247,A
5-NP,1355,1243,0,1,0,1244,A
5-NP,1356,1255,0,3,0,1258,A
5-NP,1357,0,0,0,1265,1265,C
5-NP,1358,0,0,0,1241,1241,C
5-NP,1359,1218,0,0,0,1218,A
5-NP,1360,0,0,1230,0,1230,G
5-NP,1361,1230,0,0,0,1230,A
5-NP,1362,1227,0,1,0,1228,A
5-NP,1363,0,0,1231,0,1231,G
5-NP,1364,1217,0,0,0,1217,A
5-NP,1365,1187,0,0,0,1187,A
5-NP,1366,0,1,1219,0,1220,G
5-NP,1367,0,1201,0,1,1202,T
5-NP,1368,0,0,1216,0,1216,G
5-NP,1369,0,1198,1,1,1200,T
5-NP,1370,0,0,0,1202,1202,C
5-NP,1371,1203,0,1,0,1204,A
5-NP,1372,0,1223,0,0,1223,T
5-NP,1373,0,1216,0,1,1217,T
5-NP,1374,1,0,0,1223,1224,C
5-NP,1375,0,0,1,1187,1188,C
5-NP,1376,1,1,1187,0,1189,G
5-NP,1377,0,1,1197,0,1198,G
5-NP,1378,1,2,1190,1,1194,G
5-NP,1379,0,1,1192,0,1193,G
5-NP,1380,0,1,1188,0,1189,G
5-NP,1381,1133,0,1,0,1134,A
5-NP,1382,0,4,1145,0,1149,G
5-NP,1383,0,0,1150,0,1150,G
5-NP,1384,0,1,1143,0,1144,G
5-NP,1385,0,3,1151,0,1154,G
5-NP,1386,1140,0,0,0,1140,A
5-NP,1387,0,0,1153,0,1153,G
5-NP,1388,0,1138,0,1,1139,T
5-NP,1389,0,1129,0,0,1129,T
5-NP,1390,0,1136,0,0,1136,T
5-NP,1391,0,1127,1,1,1129,T
5-NP,1392,0,1,0,1129,1130,C
5-NP,1393,3,1,1130,0,1134,G
5-NP,1394,1117,1,1,0,1119,A
5-NP,1395,0,0,1199,0,1199,G
5-NP,1396,0,0,0,1187,1187,C
5-NP,1397,0,1188,0,1,1189,T
5-NP,1398,1,0,0,1196,1197,C
5-NP,1399,0,1185,1,2,1188,T
5-NP,1400,0,0,0,1196,1196,C
5-NP,1401,1200,0,1,2,1203,A
5-NP,1402,0,0,1229,0,1229,G
5-NP,1403,1232,0,0,0,1232,A
5-NP,1404,0,0,0,1229,1229,C
5-NP,1405,0,0,1235,0,1235,G
5-NP,1406,1211,0,1,0,1212,A
5-NP,1407,0,0,1225,0,1225,G
5-NP,1408,1204,0,0,0,1204,A
5-NP,1409,1203,0,0,0,1203,A
5-NP,1410,0,0,1208,0,1208,G
5-NP,1411,3,0,1193,0,1196,G
5-NP,1412,1,0,0,1193,1194,C
5-NP,1413,1197,0,0,0,1197,A
5-NP,1414,1195,0,2,0,1197,A
5-NP,1415,0,0,0,1190,1190,C
5-NP,1416,1,0,1189,0,1190,G
5-NP,1417,1196,0,0,0,1196,A
5-NP,1418,1198,0,0,0,1198,A
5-NP,1419,0,1,0,1191,1192,C
5-NP,1420,1,0,0,1185,1186,C
5-NP,1421,1,1,0,1163,1165,C
5-NP,1422,1,0,1168,0,1169,G
5-NP,1423,1169,0,0,0,1169,A
5-NP,1424,0,1175,0,0,1175,T
5-NP,1425,1,0,0,1159,1160,C
5-NP,1426,1,0,1166,0,1167,G
5-NP,1427,1,1156,0,3,1160,T
5-NP,1428,1,0,1166,0,1167,G
5-NP,1429,0,0,0,1155,1155,C
5-NP,1430,0,5,0,1143,1148,C
5-NP,1431,1,0,0,1162,1163,C
5-NP,1432,1,1136,1,2,1140,T
5-NP,1433,2,0,0,1242,1244,C
5-NP,1434,0,1239,0,1,1240,T
5-NP,1435,0,1238,0,1,1239,T
5-NP,1436,2,1239,0,0,1241,T
5-NP,1437,0,1237,0,0,1237,T
5-NP,1438,2,3,1247,0,1252,G
5-NP,1439,1245,0,0,0,1245,A
5-NP,1440,0,1237,0,0,1237,T
5-NP,1441,1238,0,1,0,1239,A
5-NP,1442,0,1020,0,1,1021,T
5-NP,1443,0,1,1056,0,1057,G
5-NP,1444,1043,0,1,1,1045,A
5-NP,1445,0,0,1080,0,1080,G
5-NP,1446,0,1079,0,0,1079,T
5-NP,1447,1061,0,0,0,1061,A
5-NP,1448,1062,0,0,0,1062,A
5-NP,1449,0,1059,0,0,1059,T
5-NP,1450,0,0,1055,0,1055,G
5-NP,1451,1054,1,0,0,1055,A
5-NP,1452,931,0,0,0,931,A
5-NP,1453,0,0,920,0,920,G
5-NP,1454,0,0,867,0,867,G
5-NP,1455,859,1,0,0,860,A
5-NP,1456,0,864,0,1,865,T
5-NP,1457,0,0,0,867,867,C
5-NP,1458,0,855,0,1,856,T
5-NP,1459,0,849,0,1,850,T
5-NP,1460,857,0,0,0,857,A
5-NP,1461,0,851,0,0,851,T
5-NP,1462,0,845,0,0,845,T
5-NP,1463,0,825,0,2,827,T
5-NP,1464,0,0,0,818,818,C
5-NP,1465,0,760,0,0,760,T
5-NP,1466,0,755,0,1,756,T
5-NP,1467,0,0,0,763,763,C
5-NP,1468,0,0,762,0,762,G
5-NP,1469,0,0,762,0,762,G
5-NP,1470,756,0,1,0,757,A
5-NP,1471,0,0,757,0,757,G
5-NP,1472,754,0,0,0,754,A
5-NP,1473,1,1,0,745,747,C
5-NP,1474,714,0,0,0,714,A
5-NP,1475,716,0,0,0,716,A
5-NP,1476,0,716,0,0,716,T
5-NP,1477,1,0,714,0,715,G
5-NP,1478,0,0,0,715,715,C
5-NP,1479,686,0,1,0,687,A
5-NP,1480,0,0,685,0,685,G
5-NP,1481,685,0,0,0,685,A
5-NP,1482,642,0,0,0,642,A
5-NP,1483,0,0,642,0,642,G
5-NP,1484,452,0,2,0,454,A
5-NP,1485,1,0,453,0,454,G
5-NP,1486,0,431,0,0,431,T
5-NP,1487,433,0,0,0,433,A
5-NP,1488,0,0,0,429,429,C
5-NP,1489,0,0,396,0,396,G
5-NP,1490,394,0,1,0,395,A
5-NP,1491,0,0,0,392,392,C
5-NP,1492,302,0,0,0,302,A
5-NP,1493,301,0,0,0,301,A
5-NP,1494,0,248,0,0,248,T
5-NP,1495,0,239,0,0,239,T
5-NP,1496,236,0,0,0,236,A
5-NP,1497,225,0,0,0,225,A
6-NA,1,80,0,0,0,80,A
6-NA,2,0,81,0,0,81,T
6-NA,3,0,0,81,0,81,G
6-NA,4,81,0,1,0,82,A
6-NA,5,89,0,0,0,89,A
6-NA,6,0,89,0,0,89,T
6-NA,7,0,0,0,90,90,C
6-NA,8,0,0,0,90,90,C
6-NA,9,90,0,0,0,90,A
6-NA,10,96,0,0,0,96,A
6-NA,11,95,0,0,0,95,A
6-NA,12,0,100,0,0,100,T
6-NA,13,0,0,0,98,98,C
6-NA,14,100,0,0,0,100,A
6-NA,15,100,0,0,0,100,A
6-NA,16,101,0,0,0,101,A
6-NA,17,112,0,2,0,114,A
6-NA,18,0,0,124,0,124,G
6-NA,19,126,0,0,0,126,A
6-NA,20,0,127,0,0,127,T
6-NA,21,129,0,0,0,129,A
6-NA,22,129,0,0,0,129,A
6-NA,23,0,132,0,0,132,T
6-NA,24,129,0,0,5,134,A
6-NA,25,135,0,0,0,135,A
6-NA,26,0,0,0,140,140,C
6-NA,27,0,0,145,0,145,G
6-NA,28,144,0,0,0,144,A
6-NA,29,0,145,0,0,145,T
6-NA,30,0,145,0,0,145,T
6-NA,31,0,0,145,0,145,G
6-NA,32,0,0,153,0,153,G
6-NA,33,0,0,0,154,154,C
6-NA,34,0,155,0,1,156,T
6-NA,35,0,0,0,158,158,C
6-NA,36,0,160,0,0,160,T
6-NA,37,0,0,164,0,164,G
6-NA,38,0,162,0,0,162,T
6-NA,39,0,162,0,0,162,T
6-NA,40,0,167,0,0,167,T
6-NA,41,0,0,0,172,172,C
6-NA,42,0,172,0,0,172,T
6-NA,43,0,0,0,173,173,C
6-NA,44,0,172,0,0,172,T
6-NA,45,0,0,0,179,179,C
6-NA,46,179,0,0,0,179,A
6-NA,47,0,0,0,190,190,C
6-NA,48,0,0,0,191,191,C
6-NA,49,192,0,0,0,192,A
6-NA,50,0,196,0,0,196,T
6-NA,51,0,197,0,2,199,T
6-NA,52,0,199,0,0,199,T
6-NA,53,0,0,0,211,211,C
6-NA,54,0,0,0,212,212,C
6-NA,55,214,0,0,0,214,A
6-NA,56,0,0,0,232,232,C
6-NA,57,232,0,0,0,232,A
6-NA,58,249,1,0,0,250,A
6-NA,59,0,253,0,0,253,T
6-NA,60,271,0,0,0,271,A
6-NA,61,0,272,0,1,273,T
6-NA,62,0,1,271,0,272,G
6-NA,63,0,0,0,273,273,C
6-NA,64,0,268,1,1,270,T
6-NA,65,0,275,0,0,275,T
6-NA,66,0,0,0,277,277,C
6-NA,67,0,273,0,0,273,T
6-NA,68,0,276,0,0,276,T
6-NA,69,0,0,0,272,272,C
6-NA,70,270,0,0,0,270,A
6-NA,71,0,274,0,0,274,T
6-NA,72,0,0,272,0,272,G
6-NA,73,0,0,0,277,277,C
6-NA,74,275,0,0,0,275,A
6-NA,75,274,0,0,0,274,A
6-NA,76,277,0,0,0,277,A
6-NA,77,0,288,0,1,289,T
6-NA,78,0,289,0,0,289,T
6-NA,79,0,0,288,0,288,G
6-NA,80,0,0,0,290,290,C
6-NA,81,0,0,0,293,293,C
6-NA,82,295,0,0,0,295,A
6-NA,83,0,296,0,0,296,T
6-NA,84,0,0,0,321,321,C
6-NA,85,0,320,0,1,321,T
6-NA,86,0,322,0,1,323,T
6-NA,87,0,0,331,0,331,G
6-NA,88,332,0,0,0,332,A
6-NA,89,0,334,0,1,335,T
6-NA,90,334,0,0,0,334,A
6-NA,91,336,0,0,0,336,A
6-NA,92,0,0,0,394,394,C
6-NA,93,0,395,0,0,395,T
6-NA,94,401,0,0,0,401,A
6-NA,95,0,0,0,432,432,C
6-NA,96,0,426,0,0,426,T
6-NA,97,0,0,440,0,440,G
6-NA,98,0,438,0,1,439,T
6-NA,99,441,0,0,0,441,A
6-NA,100,445,0,1,0,446,A
6-NA,101,0,0,0,434,434,C
6-NA,102,434,0,0,0,434,A
6-NA,103,0,434,0,0,434,T
6-NA,104,0,418,0,0,418,T
6-NA,105,0,0,423,0,423,G
6-NA,106,0,0,0,423,423,C
6-NA,107,436,0,0,0,436,A
6-NA,108,0,434,0,1,435,T
6-NA,109,0,432,0,0,432,T
6-NA,110,0,431,1,0,432,T
6-NA,111,0,0,0,433,433,C
6-NA,112,432,0,0,0,432,A
6-NA,113,433,0,0,0,433,A
6-NA,114,0,0,431,0,431,G
6-NA,115,0,0,0,435,435,C
6-NA,116,433,0,1,0,434,A
6-NA,117,456,0,0,0,456,A
6-NA,118,0,457,0,0,457,T
6-NA,119,454,0,0,0,454,A
6-NA,120,0,459,0,0,459,T
6-NA,121,1,0,466,0,467,G
6-NA,122,465,0,1,1,467,A
6-NA,123,472,0,0,0,472,A
6-NA,124,0,473,0,0,473,T
6-NA,125,0,475,0,0,475,T
6-NA,126,0,0,0,473,473,C
6-NA,127,469,0,1,0,470,A
6-NA,128,468,1,0,0,469,A
6-NA,129,0,0,0,464,464,C
6-NA,130,0,457,0,0,457,T
6-NA,131,0,0,0,461,461,C
6-NA,132,1,0,0,460,461,C
6-NA,133,0,0,0,469,469,C
6-NA,134,0,0,0,471,471,C
6-NA,135,0,0,0,470,470,C
6-NA,136,1,1,0,475,477,C
6-NA,137,1,0,0,480,481,C
6-NA,138,481,0,0,0,481,A
6-NA,139,481,0,0,0,481,A
6-NA,140,483,0,0,1,484,A
6-NA,141,0,0,0,501,501,C
6-NA,142,495,0,0,0,495,A
6-NA,143,514,0,0,0,514,A
6-NA,144,0,0,1,514,515,C
6-NA,145,0,0,1,512,513,C
6-NA,146,531,0,1,0,532,A
6-NA,147,535,0,0,0,535,A
6-NA,148,0,0,545,0,545,G
6-NA,149,0,538,0,1,539,T
6-NA,150,0,0,540,0,540,G
6-NA,151,544,0,0,0,544,A
6-NA,152,0,549,0,0,549,T
6-NA,153,0,0,544,0,544,G
6-NA,154,0,0,0,549,549,C
6-NA,155,3,541,0,2,546,T
6-NA,156,0,0,582,0,582,G
6-NA,157,0,585,0,0,585,T
6-NA,158,0,0,579,0,579,G
6-NA,159,0,579,0,0,579,T
6-NA,160,1,1,568,0,570,G
6-NA,161,573,0,0,0,573,A
6-NA,162,583,0,0,0,583,A
6-NA,163,0,0,0,583,583,C
6-NA,164,0,0,0,583,583,C
6-NA,165,562,0,1,0,563,A
6-NA,166,569,0,0,0,569,A
6-NA,167,0,0,0,591,591,C
6-NA,168,589,0,0,0,589,A
6-NA,169,597,1,0,0,598,A
6-NA,170,0,599,0,1,600,T
6-NA,171,603,0,0,0,603,A
6-NA,172,601,0,1,0,602,A
6-NA,173,0,596,0,0,596,T
6-NA,174,599,0,0,0,599,A
6-NA,175,0,0,603,0,603,G
6-NA,176,588,1,0,0,589,A
6-NA,177,591,0,1,0,592,A
6-NA,178,586,0,0,0,586,A
6-NA,179,0,0,597,0,597,G
6-NA,180,604,0,1,0,605,A
6-NA,181,611,0,0,0,611,A
6-NA,182,639,0,1,0,640,A
6-NA,183,0,0,0,647,647,C
6-NA,184,645,0,0,0,645,A
6-NA,185,1,663,0,0,664,T
6-NA,186,672,0,0,0,672,A
6-NA,187,673,1,0,0,674,A
6-NA,188,0,0,1,685,686,C
6-NA,189,681,0,0,0,681,A
6-NA,190,1,1,712,0,714,G
6-NA,191,698,0,0,0,698,A
6-NA,192,0,0,704,0,704,G
6-NA,193,709,0,0,0,709,A
6-NA,194,0,734,0,1,735,T
6-NA,195,720,1,0,0,721,A
6-NA,196,0,0,747,0,747,G
6-NA,197,0,744,0,0,744,T
6-NA,198,0,0,756,0,756,G
6-NA,199,0,759,0,0,759,T
6-NA,200,757,0,0,0,757,A
6-NA,201,0,753,0,0,753,T
6-NA,202,0,0,0,755,755,C
6-NA,203,1,746,0,0,747,T
6-NA,204,0,0,770,0,770,G
6-NA,205,766,0,1,0,767,A
6-NA,206,0,0,0,766,766,C
6-NA,207,0,0,0,758,758,C
6-NA,208,760,0,0,0,760,A
6-NA,209,763,0,0,0,763,A
6-NA,210,0,0,0,766,766,C
6-NA,211,763,0,3,0,766,A
6-NA,212,0,0,0,789,789,C
6-NA,213,0,0,0,777,777,C
6-NA,214,802,0,2,0,804,A
6-NA,215,0,0,0,841,841,C
6-NA,216,0,0,0,834,834,C
6-NA,217,845,0,0,0,845,A
6-NA,218,0,840,0,0,840,T
6-NA,219,834,0,0,0,834,A
6-NA,220,0,0,835,0,835,G
6-NA,221,814,0,0,0,814,A
6-NA,222,0,0,844,0,844,G
6-NA,223,830,1,0,0,831,A
6-NA,224,820,0,0,0,820,A
6-NA,225,0,2,827,0,829,G
6-NA,226,0,0,831,0,831,G
6-NA,227,830,1,0,0,831,A
6-NA,228,839,0,0,0,839,A
6-NA,229,839,1,1,0,841,A
6-NA,230,0,838,0,0,838,T
6-NA,231,829,0,0,0,829,A
6-NA,232,1,829,0,0,830,T
6-NA,233,0,0,832,0,832,G
6-NA,234,0,0,0,832,832,C
6-NA,235,1,1,1,821,824,C
6-NA,236,1,0,0,831,832,C
6-NA,237,1,1,0,831,833,C
6-NA,238,836,0,0,0,836,A
6-NA,239,851,0,0,0,851,A
6-NA,240,855,0,0,0,855,A
6-NA,241,0,1,0,853,854,C
6-NA,242,0,850,0,0,850,T
6-NA,243,839,0,0,0,839,A
6-NA,244,0,0,844,0,844,G
6-NA,245,1,0,0,833,834,C
6-NA,246,841,0,0,0,841,A
6-NA,247,0,0,865,0,865,G
6-NA,248,848,0,1,0,849,A
6-NA,249,886,0,1,0,887,A
6-NA,250,0,883,0,0,883,T
6-NA,251,887,0,0,0,887,A
6-NA,252,0,0,0,885,885,C
6-NA,253,881,0,1,0,882,A
6-NA,254,1,0,887,0,888,G
6-NA,255,887,0,0,0,887,A
6-NA,256,882,0,0,0,882,A
6-NA,257,883,0,0,1,884,A
6-NA,258,0,867,0,0,867,T
6-NA,259,0,862,0,0,862,T
6-NA,260,1,0,863,0,864,G
6-NA,261,0,0,854,0,854,G
6-NA,262,1,866,0,0,867,T
6-NA,263,1,0,0,865,866,C
6-NA,264,865,0,0,0,865,A
6-NA,265,864,0,0,0,864,A
6-NA,266,860,0,0,0,860,A
6-NA,267,0,0,868,0,868,G
6-NA,268,0,0,0,871,871,C
6-NA,269,1,0,0,866,867,C
6-NA,270,0,0,870,0,870,G
6-NA,271,1,1,0,875,877,C
6-NA,272,880,0,1,0,881,A
6-NA,273,901,0,0,0,901,A
6-NA,274,0,894,0,0,894,T
6-NA,275,0,0,900,0,900,G
6-NA,276,0,898,0,1,899,T
6-NA,277,0,1,893,0,894,G
6-NA,278,908,0,1,0,909,A
6-NA,279,0,0,0,917,917,C
6-NA,280,909,0,0,0,909,A
6-NA,281,0,926,0,0,926,T
6-NA,282,0,924,0,0,924,T
6-NA,283,924,0,1,0,925,A
6-NA,284,0,0,0,921,921,C
6-NA,285,916,0,0,0,916,A
6-NA,286,0,0,922,0,922,G
6-NA,287,0,1,913,0,914,G
6-NA,288,911,0,0,0,911,A
6-NA,289,0,904,0,1,905,T
6-NA,290,0,903,0,0,903,T
6-NA,291,0,903,0,0,903,T
6-NA,292,0,0,900,0,900,G
6-NA,293,0,0,0,901,901,C
6-NA,294,908,0,0,0,908,A
6-NA,295,0,0,0,908,908,C
6-NA,296,0,0,0,899,899,C
6-NA,297,0,891,0,0,891,T
6-NA,298,0,895,0,1,896,T
6-NA,299,0,904,0,0,904,T
6-NA,300,0,906,0,0,906,T
6-NA,301,0,919,0,0,919,T
6-NA,302,0,0,0,918,918,C
6-NA,303,0,918,0,0,918,T
6-NA,304,915,0,1,0,916,A
6-NA,305,911,0,2,0,913,A
6-NA,306,0,0,929,0,929,G
6-NA,307,0,1,926,0,927,G
6-NA,308,925,0,0,0,925,A
6-NA,309,0,0,0,929,929,C
6-NA,310,914,1,0,0,915,A
6-NA,311,921,0,0,0,921,A
6-NA,312,0,918,0,0,918,T
6-NA,313,0,920,0,0,920,T
6-NA,314,0,0,0,934,934,C
6-NA,315,0,2,933,0,935,G
6-NA,316,931,0,1,1,933,A
6-NA,317,0,931,0,0,931,T
6-NA,318,0,926,1,0,927,T
6-NA,319,921,1,1,0,923,A
6-NA,320,1,1,930,0,932,G
6-NA,321,1,1,931,0,933,G
6-NA,322,1,0,0,928,929,C
6-NA,323,0,914,0,0,914,T
6-NA,324,0,917,0,1,918,T
6-NA,325,0,914,0,0,914,T
6-NA,326,0,1,0,916,917,C
6-NA,327,0,0,0,917,917,C
6-NA,328,1,1,916,0,918,G
6-NA,329,0,0,0,923,923,C
6-NA,330,0,916,0,0,916,T
6-NA,331,0,0,936,0,936,G
6-NA,332,0,0,936,0,936,G
6-NA,333,0,936,0,0,936,T
6-NA,334,0,0,941,0,941,G
6-NA,335,0,0,940,0,940,G
6-NA,336,1,0,936,0,937,G
6-NA,337,1,0,939,0,940,G
6-NA,338,948,1,0,0,949,A
6-NA,339,0,0,0,963,963,C
6-NA,340,941,0,1,0,942,A
6-NA,341,0,927,0,0,927,T
6-NA,342,0,0,0,949,949,C
6-NA,343,0,943,0,0,943,T
6-NA,344,0,0,943,0,943,G
6-NA,345,0,0,948,0,948,G
6-NA,346,0,0,951,0,951,G
6-NA,347,0,953,0,1,954,T
6-NA,348,1,0,936,1,938,G
6-NA,349,935,0,1,0,936,A
6-NA,350,0,0,0,979,979,C
6-NA,351,976,0,0,0,976,A
6-NA,352,1007,0,0,0,1007,A
6-NA,353,1,0,1019,0,1020,G
6-NA,354,991,0,1,0,992,A
6-NA,355,0,1,1034,0,1035,G
6-NA,356,1054,1,0,0,1055,A
6-NA,357,1115,0,1,0,1116,A
6-NA,358,0,0,0,1329,1329,C
6-NA,359,1,0,0,1387,1388,C
6-NA,360,0,1389,0,1,1390,T
6-NA,361,0,1398,1,1,1400,T
6-NA,362,1401,0,0,0,1401,A
6-NA,363,0,1416,0,0,1416,T
6-NA,364,0,0,1481,0,1481,G
6-NA,365,0,1477,0,0,1477,T
6-NA,366,0,0,1509,0,1509,G
6-NA,367,0,1467,0,1,1468,T
6-NA,368,1,0,0,1455,1456,C
6-NA,369,1475,2,1,5,1483,A
6-NA,370,0,1485,0,0,1485,T
6-NA,371,1,2,1466,0,1469,G
6-NA,372,1,1,0,1475,1477,C
6-NA,373,1,0,1465,0,1466,G
6-NA,374,1647,0,3,0,1650,A
6-NA,375,0,1650,0,0,1650,T
6-NA,376,0,2,0,1694,1696,C
6-NA,377,1,2,0,1705,1708,C
6-NA,378,1,1761,0,3,1765,T
6-NA,379,2,0,1796,0,1798,G
6-NA,380,1803,2,0,0,1805,A
6-NA,381,0,0,0,1805,1805,C
6-NA,382,1806,0,0,1,1807,A
6-NA,383,1776,0,0,0,1776,A
6-NA,384,0,1,1867,0,1868,G
6-NA,385,0,1867,0,0,1867,T
6-NA,386,0,0,1888,0,1888,G
6-NA,387,0,1874,0,3,1877,T
6-NA,388,0,1861,0,4,1865,T
6-NA,389,1869,0,1,0,1870,A
6-NA,390,0,1870,0,0,1870,T
6-NA,391,0,0,0,1924,1924,C
6-NA,392,1928,0,0,0,1928,A
6-NA,393,1914,0,0,0,1914,A
6-NA,394,0,1907,0,0,1907,T
6-NA,395,0,1895,0,1,1896,T
6-NA,396,0,1898,0,1,1899,T
6-NA,397,1,0,1904,0,1905,G
6-NA,398,1,0,0,2048,2049,C
6-NA,399,2,0,0,2041,2043,C
6-NA,400,0,2,0,2055,2057,C
6-NA,401,3,2047,0,2,2052,T
6-NA,402,0,2062,1,0,2063,T
6-NA,403,2,5,2111,0,2118,G
6-NA,404,0,1,2117,0,2118,G
6-NA,405,2131,0,0,0,2131,A
6-NA,406,0,0,0,2139,2139,C
6-NA,407,2099,1,0,1,2101,A
6-NA,408,0,0,2186,0,2186,G
6-NA,409,0,1,2182,0,2183,G
6-NA,410,1,2,2293,0,2296,G
6-NA,411,2295,0,2,1,2298,A
6-NA,412,2305,0,0,0,2305,A
6-NA,413,0,1,0,2319,2320,C
6-NA,414,2306,0,0,0,2306,A
6-NA,415,2597,0,2,0,2599,A
6-NA,416,0,1,0,2617,2618,C
6-NA,417,2584,1,0,0,2585,A
6-NA,418,0,0,0,2621,2621,C
6-NA,419,0,2574,0,0,2574,T
6-NA,420,2593,0,1,0,2594,A
6-NA,421,2594,0,1,1,2596,A
6-NA,422,2612,0,0,0,2612,A
6-NA,423,0,1,1,2610,2612,C
6-NA,424,2495,0,1,0,2496,A
6-NA,425,2498,0,1,0,2499,A
6-NA,426,1,0,0,2514,2515,C
6-NA,427,0,0,2513,0,2513,G
6-NA,428,0,2503,0,0,2503,T
6-NA,429,5,1,2494,1,2501,G
6-NA,430,0,0,0,2512,2512,C
6-NA,431,2529,0,0,0,2529,A
6-NA,432,0,2522,0,0,2522,T
6-NA,433,0,2525,0,2,2527,T
6-NA,434,2,0,0,2582,2584,C
6-NA,435,2631,0,0,0,2631,A
6-NA,436,2649,0,1,1,2651,A
6-NA,437,2651,0,0,0,2651,A
6-NA,438,1,2655,0,2,2658,T
6-NA,439,7,2,2650,1,2660,G
6-NA,440,2745,0,3,0,2748,A
6-NA,441,0,1,0,2767,2768,C
6-NA,442,2765,2,3,0,2770,A
6-NA,443,0,0,0,2829,2829,C
6-NA,444,2776,0,2,0,2778,A
6-NA,445,1,1,3471,0,3473,G
6-NA,446,0,3470,0,1,3471,T
6-NA,447,3513,0,4,0,3517,A
6-NA,448,0,3,0,3520,3523,C
6-NA,449,1,0,3507,0,3508,G
6-NA,450,0,3655,0,4,3659,T
6-NA,451,2,1,3640,0,3643,G
6-NA,452,3634,1,2,1,3638,A
6-NA,453,0,3658,0,1,3659,T
6-NA,454,3312,0,2,2,3316,A
6-NA,455,0,2,3303,0,3305,G
6-NA,456,0,2,3290,0,3292,G
6-NA,457,3298,1,6,0,3305,A
6-NA,458,0,0,0,3363,3363,C
6-NA,459,2,2,1,3271,3276,C
6-NA,460,0,1,0,3319,3320,C
6-NA,461,7,2,0,3322,3331,C
6-NA,462,0,3352,0,2,3354,T
6-NA,463,0,3404,0,0,3404,T
6-NA,464,3414,0,1,0,3415,A
6-NA,465,1,3398,0,0,3399,T
6-NA,466,1,0,0,3406,3407,C
6-NA,467,0,3,3368,0,3371,G
6-NA,468,0,5,3351,0,3356,G
6-NA,469,3372,0,1,0,3373,A
6-NA,470,0,1,0,3412,3413,C
6-NA,471,1,0,1,3388,3390,C
6-NA,472,3,0,1,3581,3585,C
6-NA,473,0,3560,0,1,3561,T
6-NA,474,3620,1,2,0,3623,A
6-NA,475,0,3624,0,0,3624,T
6-NA,476,1,3634,0,0,3635,T
6-NA,477,2,2,3634,0,3638,G
6-NA,478,3629,0,2,0,3631,A
6-NA,479,2,3631,0,0,3633,T
6-NA,480,0,3,3642,0,3645,G
6-NA,481,3485,0,2,0,3487,A
6-NA,482,3497,0,0,1,3498,A
6-NA,483,0,3507,0,2,3509,T
6-NA,484,0,1,3582,0,3583,G
6-NA,485,3571,3,0,1,3575,A
6-NA,486,5,0,3675,0,3680,G
6-NA,487,2,3650,0,0,3652,T
6-NA,488,0,3644,0,1,3645,T
6-NA,489,3664,0,1,0,3665,A
6-NA,490,0,2,3680,0,3682,G
6-NA,491,0,0,3684,0,3684,G
6-NA,492,0,3676,0,1,3677,T
6-NA,493,0,2,3669,0,3671,G
6-NA,494,0,3625,1,1,3627,T
6-NA,495,0,3606,0,4,3610,T
6-NA,496,2,0,0,3645,3647,C
6-NA,497,0,3,0,3681,3684,C
6-NA,498,0,3667,0,4,3671,T
6-NA,499,1,3666,0,4,3671,T
6-NA,500,0,3653,0,1,3654,T
6-NA,501,0,3649,0,1,3650,T
6-NA,502,0,3,0,3657,3660,C
6-NA,503,3648,0,1,0,3649,A
6-NA,504,0,3705,0,1,3706,T
6-NA,505,1,0,0,3722,3723,C
6-NA,506,1,3648,0,3,3652,T
6-NA,507,0,3,3634,0,3637,G
6-NA,508,1,5,3606,0,3612,G
6-NA,509,8,1,3597,0,3606,G
6-NA,510,0,2,3650,0,3652,G
6-NA,511,3673,1,3,0,3677,A
6-NA,512,0,1,0,3708,3709,C
6-NA,513,1,1,0,3661,3663,C
6-NA,514,3755,0,1,3,3759,A
6-NA,515,3775,0,2,1,3778,A
6-NA,516,2,0,3778,0,3780,G
6-NA,517,0,0,0,3791,3791,C
6-NA,518,3776,1,1,0,3778,A
6-NA,519,3845,1,0,2,3848,A
6-NA,520,0,4,3885,0,3889,G
6-NA,521,0,3864,1,0,3865,T
6-NA,522,1,0,3971,0,3972,G
6-NA,523,2,3957,0,2,3961,T
6-NA,524,1,1,4039,0,4041,G
6-NA,525,1,2,0,4026,4029,C
6-NA,526,4026,0,1,0,4027,A
6-NA,527,0,4048,0,2,4050,T
6-NA,528,3914,0,0,0,3914,A
6-NA,529,0,0,4038,0,4038,G
6-NA,530,1,1,0,4032,4034,C
6-NA,531,3949,0,5,1,3955,A
6-NA,532,0,3939,0,0,3939,T
6-NA,533,0,1,3788,0,3789,G
6-NA,534,3,0,3980,0,3983,G
6-NA,535,0,3984,0,5,3989,T
6-NA,536,2,0,0,3955,3957,C
6-NA,537,5,2,0,3959,3966,C
6-NA,538,3854,0,3,1,3858,A
6-NA,539,2,0,3966,0,3968,G
6-NA,540,0,2,0,3973,3975,C
6-NA,541,0,3941,0,4,3945,T
6-NA,542,2,0,0,3975,3977,C
6-NA,543,3889,1,1,0,3891,A
6-NA,544,3911,0,1,0,3912,A
6-NA,545,1,0,3941,0,3942,G
6-NA,546,0,3948,0,0,3948,T
6-NA,547,0,3904,1,3,3908,T
6-NA,548,2,1,3907,0,3910,G
6-NA,549,2,3903,1,4,3910,T
6-NA,550,0,0,0,3883,3883,C
6-NA,551,3910,0,4,0,3914,A
6-NA,552,0,10,0,3942,3952,C
6-NA,553,1,5,3932,0,3938,G
6-NA,554,3974,2,2,1,3979,A
6-NA,555,1,4006,0,3,4010,T
6-NA,556,0,2,4114,0,4116,G
6-NA,557,1,2,4141,1,4145,G
6-NA,558,4143,0,2,0,4145,A
6-NA,559,4163,0,2,0,4165,A
6-NA,560,4220,0,2,1,4223,A
6-NA,561,4208,0,8,0,4216,A
6-NA,562,1,2,4263,0,4266,G
6-NA,563,1,6,0,4251,4258,C
6-NA,564,4261,0,2,0,4263,A
6-NA,565,0,4255,0,0,4255,T
6-NA,566,0,0,4297,0,4297,G
6-NA,567,1,1,4294,0,4296,G
6-NA,568,0,0,0,4344,4344,C
6-NA,569,1,4353,0,4,4358,T
6-NA,570,2,0,4360,0,4362,G
6-NA,571,0,0,0,4353,4353,C
6-NA,572,4363,0,1,0,4364,A
6-NA,573,1,4529,0,1,4531,T
6-NA,574,0,2,4545,0,4547,G
6-NA,575,0,4507,0,1,4508,T
6-NA,576,2,4571,0,1,4574,T
6-NA,577,0,4569,0,3,4572,T
6-NA,578,0,0,4862,0,4862,G
6-NA,579,0,4847,0,2,4849,T
6-NA,580,4840,0,0,0,4840,A
6-NA,581,2,4856,0,0,4858,T
6-NA,582,4757,0,4,0,4761,A
6-NA,583,4781,0,5,0,4786,A
6-NA,584,0,1,0,4771,4772,C
6-NA,585,3,3,4703,1,4710,G
6-NA,586,0,4,4715,0,4719,G
6-NA,587,2,4,4612,0,4618,G
6-NA,588,0,1,4626,0,4627,G
6-NA,589,2,3,4635,1,4641,G
6-NA,590,4597,2,7,1,4607,A
6-NA,591,0,4648,0,3,4651,T
6-NA,592,0,2,4675,0,4677,G
6-NA,593,4705,0,4,0,4709,A
6-NA,594,1,4724,0,2,4727,T
6-NA,595,4711,1,0,0,4712,A
6-NA,596,4855,1,0,0,4856,A
6-NA,597,4853,2,1,0,4856,A
6-NA,598,4861,0,0,0,4861,A
6-NA,599,4891,2,1,0,4894,A
6-NA,600,1,4902,0,1,4904,T
6-NA,601,0,0,4898,0,4898,G
6-NA,602,1,1,0,4875,4877,C
6-NA,603,4869,0,0,0,4869,A
6-NA,604,4884,0,5,0,4889,A
6-NA,605,0,1,0,4948,4949,C
6-NA,606,1,4928,2,2,4933,T
6-NA,607,2,0,4950,0,4952,G
6-NA,608,0,0,1,4950,4951,C
6-NA,609,0,4955,0,1,4956,T
6-NA,610,4963,0,2,1,4966,A
6-NA,611,0,1,4982,0,4983,G
6-NA,612,0,1,0,5020,5021,C
6-NA,613,0,5011,0,8,5019,T
6-NA,614,3,4986,0,0,4989,T
6-NA,615,2,3,0,5057,5062,C
6-NA,616,5103,0,2,0,5105,A
6-NA,617,0,5118,1,0,5119,T
6-NA,618,2,5106,2,3,5113,T
6-NA,619,0,5140,0,1,5141,T
6-NA,620,5152,0,0,0,5152,A
6-NA,621,1,0,1,5186,5188,C
6-NA,622,5139,1,4,0,5144,A
6-NA,623,5171,0,1,0,5172,A
6-NA,624,0,5145,0,1,5146,T
6-NA,625,2,4,5133,0,5139,G
6-NA,626,1,1,5130,0,5132,G
6-NA,627,0,1,5131,0,5132,G
6-NA,628,5085,2,7,1,5095,A
6-NA,629,0,0,5276,0,5276,G
6-NA,630,1,1,5319,0,5321,G
6-NA,631,0,2,0,5675,5677,C
6-NA,632,1,5681,0,4,5686,T
6-NA,633,0,5745,0,1,5746,T
6-NA,634,2,1,5803,0,5806,G
6-NA,635,1,5801,0,1,5803,T
6-NA,636,5884,0,11,0,5895,A
6-NA,637,1,1,5934,0,5936,G
6-NA,638,5792,2,3,1,5798,A
6-NA,639,0,5812,0,0,5812,T
6-NA,640,5333,1,3,0,5337,A
6-NA,641,0,1,5365,0,5366,G
6-NA,642,1,5298,0,4,5303,T
6-NA,643,4,0,5163,0,5167,G
6-NA,644,0,5458,1,2,5461,T
6-NA,645,0,5449,0,1,5450,T
6-NA,646,1,0,5540,0,5541,G
6-NA,647,0,5519,2,5,5526,T
6-NA,648,0,5524,0,4,5528,T
6-NA,649,1,5540,0,6,5547,T
6-NA,650,1,0,0,5400,5401,C
6-NA,651,5389,0,3,0,5392,A
6-NA,652,1,5376,1,5,5383,T
6-NA,653,0,7,5361,0,5368,G
6-NA,654,1,2,5651,0,5654,G
6-NA,655,1,5621,0,4,5626,T
6-NA,656,5,3,0,5604,5612,C
6-NA,657,2,0,1,5603,5606,C
6-NA,658,5662,0,4,0,5666,A
6-NA,659,5683,0,1,2,5686,A
6-NA,660,5701,0,6,0,5707,A
6-NA,661,0,0,5725,0,5725,G
6-NA,662,5697,0,2,0,5699,A
6-NA,663,5487,0,4,1,5492,A
6-NA,664,5498,0,4,1,5503,A
6-NA,665,0,5493,0,2,5495,T
6-NA,666,1,0,0,5717,5718,C
6-NA,667,5,4,0,5711,5720,C
6-NA,668,1,5684,1,2,5688,T
6-NA,669,1,1,0,5714,5716,C
6-NA,670,5684,0,8,1,5693,A
6-NA,671,2,3,5772,0,5777,G
6-NA,672,6,7,5755,0,5768,G
6-NA,673,5901,2,3,0,5906,A
6-NA,674,1,1,0,5896,5898,C
6-NA,675,3,0,3,5794,5800,C
6-NA,676,6,3,0,5808,5817,C
6-NA,677,5815,0,6,4,5825,A
6-NA,678,1,1,5840,0,5842,G
6-NA,679,0,1,5879,1,5881,G
6-NA,680,5825,1,5,0,5831,A
6-NA,681,1,2,5955,0,5958,G
6-NA,682,1,5848,0,6,5855,T
6-NA,683,4,2,0,5845,5851,C
6-NA,684,5882,0,5,0,5887,A
6-NA,685,0,0,5940,0,5940,G
6-NA,686,5888,2,0,0,5890,A
6-NA,687,5908,0,2,0,5910,A
6-NA,688,0,5884,0,1,5885,T
6-NA,689,0,0,5918,0,5918,G
6-NA,690,0,3,0,5899,5902,C
6-NA,691,2,0,5951,0,5953,G
6-NA,692,1,5920,1,5,5927,T
6-NA,693,0,5938,1,2,5941,T
6-NA,694,0,5905,0,1,5906,T
6-NA,695,2,2,5963,0,5967,G
6-NA,696,1,5969,2,4,5976,T
6-NA,697,5973,0,3,0,5976,A
6-NA,698,1,5934,2,4,5941,T
6-NA,699,1,2,0,5962,5965,C
6-NA,700,5942,2,1,0,5945,A
6-NA,701,5952,2,3,0,5957,A
6-NA,702,0,5963,0,1,5964,T
6-NA,703,4,2,5960,0,5966,G
6-NA,704,1,1,5986,0,5988,G
6-NA,705,6122,0,6,0,6128,A
6-NA,706,6140,1,9,0,6150,A
6-NA,707,0,1,0,6234,6235,C
6-NA,708,1,6271,0,4,6276,T
6-NA,709,0,6270,0,4,6274,T
6-NA,710,0,0,6505,0,6505,G
6-NA,711,1,6510,0,1,6512,T
6-NA,712,6509,0,2,1,6512,A
6-NA,713,0,0,0,6606,6606,C
6-NA,714,6431,1,5,2,6439,A
6-NA,715,0,2,6950,0,6952,G
6-NA,716,1,6913,0,3,6917,T
6-NA,717,7188,1,2,0,7191,A
6-NA,718,2,1,7239,0,7242,G
6-NA,719,1,7096,0,5,7102,T
6-NA,720,7075,0,1,0,7076,A
6-NA,721,7062,3,2,0,7067,A
6-NA,722,0,7058,0,1,7059,T
6-NA,723,1,7,7064,1,7073,G
6-NA,724,6838,0,7,0,6845,A
6-NA,725,1,0,0,6912,6913,C
6-NA,726,2,6683,3,0,6688,T
6-NA,727,3,0,6734,1,6738,G
6-NA,728,6682,2,9,1,6694,A
6-NA,729,1,6719,0,4,6724,T
6-NA,730,3,7,6712,0,6722,G
6-NA,731,2,4,6660,0,6666,G
6-NA,732,1,2,6683,1,6687,G
6-NA,733,6547,4,11,0,6562,A
6-NA,734,0,1,6595,0,6596,G
6-NA,735,2,6558,0,2,6562,T
6-NA,736,2,2,6556,0,6560,G
6-NA,737,1,4,1,6598,6604,C
6-NA,738,0,6588,2,2,6592,T
6-NA,739,0,6581,0,4,6585,T
6-NA,740,3,0,0,6591,6594,C
6-NA,741,6597,0,7,0,6604,A
6-NA,742,0,1,6620,0,6621,G
6-NA,743,0,2,6593,1,6596,G
6-NA,744,6579,0,11,1,6591,A
6-NA,745,6552,0,3,1,6556,A
6-NA,746,6490,0,1,2,6493,A
6-NA,747,6541,2,9,0,6552,A
6-NA,748,1,1,6610,0,6612,G
6-NA,749,0,1,0,6596,6597,C
6-NA,750,0,6572,0,2,6574,T
6-NA,751,2,3,6565,0,6570,G
6-NA,752,6544,0,1,0,6545,A
6-NA,753,1,6642,0,6,6649,T
6-NA,754,6661,0,2,0,6663,A
6-NA,755,1,0,0,6990,6991,C
6-NA,756,0,6934,0,4,6938,T
6-NA,757,6937,0,0,0,6937,A
6-NA,758,6924,2,1,0,6927,A
6-NA,759,6917,0,1,1,6919,A
6-NA,760,7131,1,3,0,7135,A
6-NA,761,0,7154,0,1,7155,T
6-NA,762,7140,1,2,1,7144,A
6-NA,763,2,1,0,7175,7178,C
6-NA,764,1,6811,0,5,6817,T
6-NA,765,6903,0,1,1,6905,A
6-NA,766,2,6854,0,4,6860,T
6-NA,767,3,7172,0,2,7177,T
6-NA,768,4,3,0,7261,7268,C
6-NA,769,7102,0,1,0,7103,A
6-NA,770,1,7093,0,1,7095,T
6-NA,771,2,7035,0,20,7057,T
6-NA,772,3,1,7098,1,7103,G
6-NA,773,7001,0,10,0,7011,A
6-NA,774,2,5,7018,0,7025,G
6-NA,775,0,2,6995,0,6997,G
6-NA,776,6658,1,3,0,6662,A
6-NA,777,3,14,6826,0,6843,G
6-NA,778,0,6,6839,0,6845,G
6-NA,779,4,3,6851,0,6858,G
6-NA,780,1,0,6873,0,6874,G
6-NA,781,6825,1,8,0,6834,A
6-NA,782,6855,1,5,0,6861,A
6-NA,783,6826,1,2,0,6829,A
6-NA,784,6814,0,5,0,6819,A
6-NA,785,0,6834,0,3,6837,T
6-NA,786,3,0,0,6757,6760,C
6-NA,787,3,0,6813,0,6816,G
6-NA,788,0,6784,0,0,6784,T
6-NA,789,0,6773,1,4,6778,T
6-NA,790,4,0,0,6793,6797,C
6-NA,791,6793,0,0,0,6793,A
6-NA,792,1,7165,1,1,7168,T
6-NA,793,7172,0,1,0,7173,A
6-NA,794,0,0,1,7205,7206,C
6-NA,795,1,7168,1,4,7174,T
6-NA,796,7174,0,7,0,7181,A
6-NA,797,3,3,7155,0,7161,G
6-NA,798,0,3,0,7153,7156,C
6-NA,799,7159,0,3,0,7162,A
6-NA,800,0,0,0,7160,7160,C
6-NA,801,6815,1,1,0,6817,A
6-NA,802,1,6898,0,1,6900,T
6-NA,803,0,6850,0,2,6852,T
6-NA,804,3,0,7303,0,7306,G
6-NA,805,2,7254,0,8,7264,T
6-NA,806,2,1,0,7257,7260,C
6-NA,807,7248,5,10,2,7265,A
6-NA,808,1,5,7397,0,7403,G
6-NA,809,3,5,7486,0,7494,G
6-NA,810,7466,2,0,1,7469,A
6-NA,811,7375,1,1,1,7378,A
6-NA,812,749,0,6748,0,7497,G
6-NA,813,1,7122,1,2,7126,T
6-NA,814,4,1,7157,0,7162,G
6-NA,815,0,1,0,7153,7154,C
6-NA,816,3,7080,0,4,7087,T
6-NA,817,7,3,0,7167,7177,C
6-NA,818,6952,0,4,5,6961,A
6-NA,819,4,0,7039,0,7043,G
6-NA,820,5,0,0,7032,7037,C
6-NA,821,7051,3,4,1,7059,A
6-NA,822,2,7062,0,4,7068,T
6-NA,823,1,0,7294,0,7295,G
6-NA,824,2,7265,0,4,7271,T
6-NA,825,10,3,1,7271,7285,C
6-NA,826,0,2,7288,0,7290,G
6-NA,827,7248,2,0,0,7250,A
6-NA,828,1,5,7215,0,7221,G
6-NA,829,2,3,7228,0,7233,G
6-NA,830,7125,2,3,0,7130,A
6-NA,831,7,2,7243,0,7252,G
6-NA,832,0,6958,0,7,6965,T
6-NA,833,2,3,6952,0,6957,G
6-NA,834,1,1,1,7076,7079,C
6-NA,835,1,7034,0,5,7040,T
6-NA,836,4,0,0,7074,7078,C
6-NA,837,2,5,0,7103,7110,C
6-NA,838,0,7108,0,4,7112,T
6-NA,839,0,2,7123,0,7125,G
6-NA,840,2,1,0,7075,7078,C
6-NA,841,1,7044,0,6,7051,T
6-NA,842,7105,0,0,0,7105,A
6-NA,843,0,6961,0,5,6966,T
6-NA,844,3,0,1,7035,7039,C
6-NA,845,5,4,0,7012,7021,C
6-NA,846,0,6974,1,8,6983,T
6-NA,847,3,2,0,7054,7059,C
6-NA,848,2,3,7036,0,7041,G
6-NA,849,7138,0,0,0,7138,A
6-NA,850,0,7137,0,4,7141,T
6-NA,851,7163,0,0,1,7164,A
6-NA,852,1,7132,0,1,7134,T
6-NA,853,4,0,2,7111,7117,C
6-NA,854,1,2,0,7108,7111,C
6-NA,855,1,7061,0,4,7066,T
6-NA,856,1,8,7119,0,7128,G
6-NA,857,0,1,7164,0,7165,G
6-NA,858,1,7245,0,6,7252,T
6-NA,859,4,1,7225,0,7230,G
6-NA,860,2,7199,0,6,7207,T
6-NA,861,2,2,0,7193,7197,C
6-NA,862,7182,3,6,0,7191,A
6-NA,863,3,1,7197,1,7202,G
6-NA,864,7192,1,3,1,7197,A
6-NA,865,0,7121,0,2,7123,T
6-NA,866,0,1,7148,0,7149,G
6-NA,867,0,6992,0,0,6992,T
6-NA,868,0,1,6985,1,6987,G
6-NA,869,2,6963,1,4,6970,T
6-NA,870,1,0,0,6982,6983,C
6-NA,871,1,6958,2,8,6969,T
6-NA,872,4,2,6967,0,6973,G
6-NA,873,1,4,0,6965,6970,C
6-NA,874,6963,2,2,0,6967,A
6-NA,875,5,1,6969,1,6976,G
6-NA,876,6757,0,4,0,6761,A
6-NA,877,3,0,6774,2,6779,G
6-NA,878,6779,2,4,0,6785,A
6-NA,879,0,2,0,6823,6825,C
6-NA,880,6820,1,3,0,6824,A
6-NA,881,6850,3,3,1,6857,A
6-NA,882,0,2,0,6877,6879,C
6-NA,883,0,6867,2,1,6870,T
6-NA,884,5,3,6867,0,6875,G
6-NA,885,0,2,6829,0,6831,G
6-NA,886,6800,2,5,0,6807,A
6-NA,887,6793,2,6,0,6801,A
6-NA,888,6624,0,8,1,6633,A
6-NA,889,0,1,6806,0,6807,G
6-NA,890,3,1,6757,1,6762,G
6-NA,891,0,2,0,6768,6770,C
6-NA,892,1,6714,0,14,6729,T
6-NA,893,2,2,1,6871,6876,C
6-NA,894,1,4,0,6937,6942,C
6-NA,895,6968,1,1,0,6970,A
6-NA,896,6954,0,2,0,6956,A
6-NA,897,0,6963,0,0,6963,T
6-NA,898,6695,0,5,0,6700,A
6-NA,899,0,2,6665,0,6667,G
6-NA,900,1,1,6641,0,6643,G
6-NA,901,2,4,0,6636,6642,C
6-NA,902,4,1,0,6461,6466,C
6-NA,903,7,0,1,6348,6356,C
6-NA,904,6367,2,2,0,6371,A
6-NA,905,2,6389,0,4,6395,T
6-NA,906,3,0,0,6417,6420,C
6-NA,907,1,1,6431,0,6433,G
6-NA,908,1,6401,0,2,6404,T
6-NA,909,6261,0,2,0,6263,A
6-NA,910,1,0,6436,0,6437,G
6-NA,911,6434,1,7,0,6442,A
6-NA,912,0,6471,1,0,6472,T
6-NA,913,6368,0,1,0,6369,A
6-NA,914,0,6305,1,1,6307,T
6-NA,915,6298,0,2,0,6300,A
6-NA,916,6276,0,1,0,6277,A
6-NA,917,6450,1,2,1,6454,A
6-NA,918,1,0,0,6578,6579,C
6-NA,919,6343,1,0,0,6344,A
6-NA,920,0,6317,0,1,6318,T
6-NA,921,6250,0,1,0,6251,A
6-NA,922,6245,2,2,0,6249,A
6-NA,923,6233,0,10,0,6243,A
6-NA,924,1,3,6328,0,6332,G
6-NA,925,1,4,6393,0,6398,G
6-NA,926,6094,0,2,0,6096,A
6-NA,927,2,6049,0,2,6053,T
6-NA,928,4,1,0,6070,6075,C
6-NA,929,6091,1,7,1,6100,A
6-NA,930,2,6106,0,3,6111,T
6-NA,931,6079,0,6,1,6086,A
6-NA,932,2,0,6106,0,6108,G
6-NA,933,1,1,0,6014,6016,C
6-NA,934,5872,0,2,0,5874,A
6-NA,935,1,5675,0,0,5676,T
6-NA,936,0,5691,0,2,5693,T
6-NA,937,1,0,5869,0,5870,G
6-NA,938,0,5876,0,2,5878,T
6-NA,939,0,5939,1,4,5944,T
6-NA,940,0,5930,1,3,5934,T
6-NA,941,1,2,0,5880,5883,C
6-NA,942,2,2,0,5925,5929,C
6-NA,943,5981,2,2,0,5985,A
6-NA,944,1,0,6080,0,6081,G
6-NA,945,0,6058,2,5,6065,T
6-NA,946,1,5845,0,0,5846,T
6-NA,947,5848,1,1,0,5850,A
6-NA,948,2,5761,1,2,5766,T
6-NA,949,1,0,5766,0,5767,G
6-NA,950,1,5706,0,1,5708,T
6-NA,951,3,2,5733,0,5738,G
6-NA,952,0,5555,0,7,5562,T
6-NA,953,3,0,5665,0,5668,G
6-NA,954,2,5650,0,8,5660,T
6-NA,955,1,5618,2,2,5623,T
6-NA,956,4,4,0,5622,5630,C
6-NA,957,5563,1,8,0,5572,A
6-NA,958,2,0,5655,0,5657,G
6-NA,959,0,2,5651,0,5653,G
6-NA,960,5581,3,3,0,5587,A
6-NA,961,1,1,0,5616,5618,C
6-NA,962,0,5350,0,3,5353,T
6-NA,963,0,5363,0,2,5365,T
6-NA,964,1,0,5556,0,5557,G
6-NA,965,0,5562,2,4,5568,T
6-NA,966,1,5549,0,7,5557,T
6-NA,967,2,2,5504,0,5508,G
6-NA,968,2,3,5490,1,5496,G
6-NA,969,5462,2,8,1,5473,A
6-NA,970,0,3,5488,0,5491,G
6-NA,971,5490,1,6,0,5497,A
6-NA,972,0,1,0,5520,5521,C
6-NA,973,5331,0,4,2,5337,A
6-NA,974,0,0,0,5332,5332,C
6-NA,975,5334,0,3,2,5339,A
6-NA,976,0,1,0,5329,5330,C
6-NA,977,0,3,0,5283,5286,C
6-NA,978,3,2,1,5303,5309,C
6-NA,979,5284,0,2,0,5286,A
6-NA,980,0,2,5310,0,5312,G
6-NA,981,5288,0,4,0,5292,A
6-NA,982,5338,0,1,0,5339,A
6-NA,983,5301,1,0,0,5302,A
6-NA,984,5288,0,1,1,5290,A
6-NA,985,5260,0,6,1,5267,A
6-NA,986,5285,0,1,1,5287,A
6-NA,987,0,3,0,5310,5313,C
6-NA,988,0,5,5295,0,5300,G
6-NA,989,5278,0,1,0,5279,A
6-NA,990,0,3,1,5271,5275,C
6-NA,991,5258,1,4,1,5264,A
6-NA,992,5,1,5267,1,5274,G
6-NA,993,2,0,0,5410,5412,C
6-NA,994,1,5371,0,6,5378,T
6-NA,995,4,1,0,5418,5423,C
6-NA,996,2,1,0,5445,5448,C
6-NA,997,5455,0,7,1,5463,A
6-NA,998,1,1,5504,0,5506,G
6-NA,999,0,4,0,5510,5514,C
6-NA,1000,5482,0,3,0,5485,A
6-NA,1001,0,1,5492,0,5493,G
6-NA,1002,0,5257,1,2,5260,T
6-NA,1003,5269,2,2,0,5273,A
6-NA,1004,0,1,5277,0,5278,G
6-NA,1005,1,4,0,5257,5262,C
6-NA,1006,0,1,0,5285,5286,C
6-NA,1007,5197,0,1,0,5198,A
6-NA,1008,0,5203,0,2,5205,T
6-NA,1009,1,5176,0,1,5178,T
6-NA,1010,0,1,5308,0,5309,G
6-NA,1011,0,5273,0,1,5274,T
6-NA,1012,0,5258,0,3,5261,T
6-NA,1013,7,5230,0,6,5243,T
6-NA,1014,1,2,5202,0,5205,G
6-NA,1015,1,1,5265,0,5267,G
6-NA,1016,5239,1,2,0,5242,A
6-NA,1017,1,5253,1,1,5256,T
6-NA,1018,0,2,1,5263,5266,C
6-NA,1019,4,0,0,5135,5139,C
6-NA,1020,3,5117,1,3,5124,T
6-NA,1021,5135,0,6,0,5141,A
6-NA,1022,5145,0,5,0,5150,A
6-NA,1023,1,2,0,5242,5245,C
6-NA,1024,5134,1,3,0,5138,A
6-NA,1025,5217,0,0,0,5217,A
6-NA,1026,0,5200,0,0,5200,T
6-NA,1027,0,3,5267,0,5270,G
6-NA,1028,5226,0,2,0,5228,A
6-NA,1029,5199,2,11,2,5214,A
6-NA,1030,0,0,5250,0,5250,G
6-NA,1031,5208,1,3,0,5212,A
6-NA,1032,5064,1,3,0,5068,A
6-NA,1033,1,3,5092,0,5096,G
6-NA,1034,1,0,5104,0,5105,G
6-NA,1035,0,5022,0,3,5025,T
6-NA,1036,1,2,4961,0,4964,G
6-NA,1037,0,0,5128,0,5128,G
6-NA,1038,1,5080,0,6,5087,T
6-NA,1039,5,2,0,5063,5070,C
6-NA,1040,5106,1,2,0,5109,A
6-NA,1041,0,5071,0,2,5073,T
6-NA,1042,4,2,5079,0,5085,G
6-NA,1043,0,3,5134,1,5138,G
6-NA,1044,5049,0,4,0,5053,A
6-NA,1045,1,0,5223,0,5224,G
6-NA,1046,0,4969,0,2,4971,T
6-NA,1047,0,0,4987,0,4987,G
6-NA,1048,4949,1,4,2,4956,A
6-NA,1049,4967,0,4,0,4971,A
6-NA,1050,4976,1,10,0,4987,A
6-NA,1051,1,3,4997,0,5001,G
6-NA,1052,1,0,4934,1,4936,G
6-NA,1053,1,3,0,4910,4914,C
6-NA,1054,0,4708,3,6,4717,T
6-NA,1055,5,0,4723,0,4728,G
6-NA,1056,0,1,4714,0,4715,G
6-NA,1057,5,0,4749,0,4754,G
6-NA,1058,3,1,0,4744,4748,C
6-NA,1059,3,2,0,4734,4739,C
6-NA,1060,1,4664,2,12,4679,T
6-NA,1061,1,4691,0,1,4693,T
6-NA,1062,0,4686,0,0,4686,T
6-NA,1063,0,2,4705,2,4709,G
6-NA,1064,4698,3,2,1,4704,A
6-NA,1065,0,4660,1,0,4661,T
6-NA,1066,1,1,4565,1,4568,G
6-NA,1067,4501,1,3,2,4507,A
6-NA,1068,0,4523,2,0,4525,T
6-NA,1069,0,0,4545,0,4545,G
6-NA,1070,2,1,4624,0,4627,G
6-NA,1071,4605,4,3,0,4612,A
6-NA,1072,4604,1,5,1,4611,A
6-NA,1073,4628,1,2,0,4631,A
6-NA,1074,1,4599,0,8,4608,T
6-NA,1075,1,2,4642,0,4645,G
6-NA,1076,4627,2,1,0,4630,A
6-NA,1077,0,2,0,4611,4613,C
6-NA,1078,2,1,4648,0,4651,G
6-NA,1079,0,4487,1,3,4491,T
6-NA,1080,2,1,4540,0,4543,G
6-NA,1081,0,4529,0,2,4531,T
6-NA,1082,1,1,4541,0,4543,G
6-NA,1083,0,3,4560,0,4563,G
6-NA,1084,4507,0,2,0,4509,A
6-NA,1085,0,4510,0,1,4511,T
6-NA,1086,1,1,4486,0,4488,G
6-NA,1087,2,5,4455,0,4462,G
6-NA,1088,0,1,4485,0,4486,G
6-NA,1089,4462,0,4,0,4466,A
6-NA,1090,4456,0,2,0,4458,A
6-NA,1091,2,1,4464,0,4467,G
6-NA,1092,4395,0,4,0,4399,A
6-NA,1093,4391,1,5,0,4397,A
6-NA,1094,0,2,0,4367,4369,C
6-NA,1095,2,2,4347,0,4351,G
6-NA,1096,4322,0,2,0,4324,A
6-NA,1097,3,4237,1,1,4242,T
6-NA,1098,1,0,0,4269,4270,C
6-NA,1099,4277,0,0,1,4278,A
6-NA,1100,1,0,4281,0,4282,G
6-NA,1101,0,2,0,4263,4265,C
6-NA,1102,1,1,4268,0,4270,G
6-NA,1103,4251,1,2,1,4255,A
6-NA,1104,2,1,4275,0,4278,G
6-NA,1105,4268,1,1,1,4271,A
6-NA,1106,4264,1,3,0,4268,A
6-NA,1107,0,0,4309,0,4309,G
6-NA,1108,0,4251,0,2,4253,T
6-NA,1109,5,2,0,4193,4200,C
6-NA,1110,4210,0,4,0,4214,A
6-NA,1111,0,0,0,4346,4346,C
6-NA,1112,1,1,4362,0,4364,G
6-NA,1113,3,1,0,4350,4354,C
6-NA,1114,1,4300,1,2,4304,T
6-NA,1115,0,4336,0,1,4337,T
6-NA,1116,4254,1,2,0,4257,A
6-NA,1117,1,2,4477,1,4481,G
6-NA,1118,0,0,4483,0,4483,G
6-NA,1119,1,0,4562,0,4563,G
6-NA,1120,0,4300,0,1,4301,T
6-NA,1121,4289,0,3,0,4292,A
6-NA,1122,0,4266,0,3,4269,T
6-NA,1123,2,1,4265,0,4268,G
6-NA,1124,4259,0,2,1,4262,A
6-NA,1125,4247,0,4,0,4251,A
6-NA,1126,4063,1,1,1,4066,A
6-NA,1127,0,0,0,4087,4087,C
6-NA,1128,2,0,0,3928,3930,C
6-NA,1129,0,3828,1,11,3840,T
6-NA,1130,0,3834,0,4,3838,T
6-NA,1131,1,1,0,3844,3846,C
6-NA,1132,3849,0,1,0,3850,A
6-NA,1133,3852,0,0,0,3852,A
6-NA,1134,3856,0,0,0,3856,A
6-NA,1135,1,0,3890,0,3891,G
6-NA,1136,1,3804,0,2,3807,T
6-NA,1137,3,1,0,3827,3831,C
6-NA,1138,3901,1,3,0,3905,A
6-NA,1139,0,3895,0,2,3897,T
6-NA,1140,0,3893,0,1,3894,T
6-NA,1141,1,0,3899,0,3900,G
6-NA,1142,3896,0,1,0,3897,A
6-NA,1143,3901,0,6,2,3909,A
6-NA,1144,0,3,4030,0,4033,G
6-NA,1145,2,0,4014,0,4016,G
6-NA,1146,0,1,1,4005,4007,C
6-NA,1147,0,3899,0,2,3901,T
6-NA,1148,0,2,3910,0,3912,G
6-NA,1149,0,0,3999,0,3999,G
6-NA,1150,1,3992,0,4,3997,T
6-NA,1151,5,0,0,3968,3973,C
6-NA,1152,2,0,0,3971,3973,C
6-NA,1153,3962,1,6,0,3969,A
6-NA,1154,4000,0,7,0,4007,A
6-NA,1155,0,1,0,4009,4010,C
6-NA,1156,3,21,0,3974,3998,C
6-NA,1157,4,2,0,3982,3988,C
6-NA,1158,0,3754,0,5,3759,T
6-NA,1159,3767,0,4,1,3772,A
6-NA,1160,3770,0,1,0,3771,A
6-NA,1161,0,0,3789,0,3789,G
6-NA,1162,1,3740,0,4,3745,T
6-NA,1163,1,0,2,3734,3737,C
6-NA,1164,1,1,0,3668,3670,C
6-NA,1165,3659,1,0,1,3661,A
6-NA,1166,3646,0,4,0,3650,A
6-NA,1167,3639,0,1,0,3640,A
6-NA,1168,0,3650,0,1,3651,T
6-NA,1169,0,3634,0,1,3635,T
6-NA,1170,1,0,3623,0,3624,G
6-NA,1171,1,0,0,3590,3591,C
6-NA,1172,3594,1,1,1,3597,A
6-NA,1173,1,0,3603,0,3604,G
6-NA,1174,3590,0,2,1,3593,A
6-NA,1175,0,3664,0,1,3665,T
6-NA,1176,3676,0,0,0,3676,A
6-NA,1177,3672,0,1,1,3674,A
6-NA,1178,3671,0,5,0,3676,A
6-NA,1179,0,3648,1,1,3650,T
6-NA,1180,3638,0,1,0,3639,A
6-NA,1181,1,0,3661,0,3662,G
6-NA,1182,4,1,3621,0,3626,G
6-NA,1183,0,0,0,3602,3602,C
6-NA,1184,3468,0,2,0,3470,A
6-NA,1185,3522,1,2,0,3525,A
6-NA,1186,1,0,3561,0,3562,G
6-NA,1187,1,3543,0,2,3546,T
6-NA,1188,4,1,0,3539,3544,C
6-NA,1189,3553,1,3,0,3557,A
6-NA,1190,0,3538,0,0,3538,T
6-NA,1191,3608,0,4,0,3612,A
6-NA,1192,1,1,3635,0,3637,G
6-NA,1193,2,3625,0,0,3627,T
6-NA,1194,1,3496,0,2,3499,T
6-NA,1195,3,0,3439,0,3442,G
6-NA,1196,3420,1,7,0,3428,A
6-NA,1197,1,4,0,3426,3431,C
6-NA,1198,3377,0,2,0,3379,A
6-NA,1199,0,3,3453,0,3456,G
6-NA,1200,3369,0,4,1,3374,A
6-NA,1201,1,2,3551,0,3554,G
6-NA,1202,4,1,3543,0,3548,G
6-NA,1203,0,3546,1,2,3549,T
6-NA,1204,3538,0,1,1,3540,A
6-NA,1205,3535,0,2,0,3537,A
6-NA,1206,0,3538,1,0,3539,T
6-NA,1207,3519,1,5,0,3525,A
6-NA,1208,1,0,3451,0,3452,G
6-NA,1209,0,1,3348,0,3349,G
6-NA,1210,1,2996,0,4,3001,T
6-NA,1211,1,2,0,2962,2965,C
6-NA,1212,1,1,0,2946,2948,C
6-NA,1213,1,0,2954,0,2955,G
6-NA,1214,0,0,2971,0,2971,G
6-NA,1215,2,2955,0,1,2958,T
6-NA,1216,0,2950,0,1,2951,T
6-NA,1217,2934,0,0,0,2934,A
6-NA,1218,0,2872,0,0,2872,T
6-NA,1219,0,2864,0,2,2866,T
6-NA,1220,0,0,0,2869,2869,C
6-NA,1221,1,2754,0,1,2756,T
6-NA,1222,2,1,2791,0,2794,G
6-NA,1223,3,0,2804,0,2807,G
6-NA,1224,2,2793,0,0,2795,T
6-NA,1225,2790,0,2,0,2792,A
6-NA,1226,0,2761,1,3,2765,T
6-NA,1227,1,2746,0,6,2753,T
6-NA,1228,0,2747,0,2,2749,T
6-NA,1229,0,2770,0,1,2771,T
6-NA,1230,3,2,0,2760,2765,C
6-NA,1231,0,2712,0,4,2716,T
6-NA,1232,0,0,0,2732,2732,C
6-NA,1233,0,2712,0,3,2715,T
6-NA,1234,0,1,2810,0,2811,G
6-NA,1235,0,2799,0,1,2800,T
6-NA,1236,0,2776,0,0,2776,T
6-NA,1237,0,0,2778,0,2778,G
6-NA,1238,2737,0,0,0,2737,A
6-NA,1239,2743,2,5,2,2752,A
6-NA,1240,0,1,2795,0,2796,G
6-NA,1241,1,0,2784,0,2785,G
6-NA,1242,0,1,0,2780,2781,C
6-NA,1243,2736,1,1,0,2738,A
6-NA,1244,2735,0,3,0,2738,A
6-NA,1245,2743,1,2,1,2747,A
6-NA,1246,2744,3,4,0,2751,A
6-NA,1247,0,1,2760,0,2761,G
6-NA,1248,0,1,0,2762,2763,C
6-NA,1249,0,2711,0,2,2713,T
6-NA,1250,0,0,2766,0,2766,G
6-NA,1251,0,0,0,2758,2758,C
6-NA,1252,2780,0,1,1,2782,A
6-NA,1253,1,2758,0,2,2761,T
6-NA,1254,0,2,0,2748,2750,C
6-NA,1255,2756,0,2,0,2758,A
6-NA,1256,2767,0,0,0,2767,A
6-NA,1257,0,2762,1,0,2763,T
6-NA,1258,1,1,0,2763,2765,C
6-NA,1259,0,1,2710,0,2711,G
6-NA,1260,1,0,2767,0,2768,G
6-NA,1261,0,2768,0,2,2770,T
6-NA,1262,1,1,2779,0,2781,G
6-NA,1263,0,0,0,2807,2807,C
6-NA,1264,1,2790,1,11,2803,T
6-NA,1265,0,2863,1,3,2867,T
6-NA,1266,0,2866,1,1,2868,T
6-NA,1267,0,2883,0,0,2883,T
6-NA,1268,2902,0,0,1,2903,A
6-NA,1269,0,2799,0,0,2799,T
6-NA,1270,2,0,2799,1,2802,G
6-NA,1271,1,2754,1,5,2761,T
6-NA,1272,0,1,2730,0,2731,G
6-NA,1273,1,0,2781,0,2782,G
6-NA,1274,2718,1,1,0,2720,A
6-NA,1275,1,0,2774,0,2775,G
6-NA,1276,0,2757,0,1,2758,T
6-NA,1277,0,2739,1,3,2743,T
6-NA,1278,0,3,2784,0,2787,G
6-NA,1279,2766,0,1,0,2767,A
6-NA,1280,0,2769,0,2,2771,T
6-NA,1281,2775,1,1,0,2777,A
6-NA,1282,2674,0,1,0,2675,A
6-NA,1283,0,4,2705,0,2709,G
6-NA,1284,0,2,2663,0,2665,G
6-NA,1285,1,0,2650,0,2651,G
6-NA,1286,3,0,2644,0,2647,G
6-NA,1287,2616,1,1,0,2618,A
6-NA,1288,2617,0,5,0,2622,A
6-NA,1289,0,1,2637,0,2638,G
6-NA,1290,2642,0,0,0,2642,A
6-NA,1291,2635,0,0,0,2635,A
6-NA,1292,2608,0,0,0,2608,A
6-NA,1293,2540,1,7,1,2549,A
6-NA,1294,0,1,2560,0,2561,G
6-NA,1295,2518,0,2,0,2520,A
6-NA,1296,1,0,2523,0,2524,G
6-NA,1297,0,0,2519,0,2519,G
6-NA,1298,2487,0,2,0,2489,A
6-NA,1299,2493,0,0,0,2493,A
6-NA,1300,2498,1,0,1,2500,A
6-NA,1301,0,0,0,2535,2535,C
6-NA,1302,1,2525,1,0,2527,T
6-NA,1303,0,0,2527,0,2527,G
6-NA,1304,2524,0,1,1,2526,A
6-NA,1305,2516,1,2,0,2519,A
6-NA,1306,1,0,2552,0,2553,G
6-NA,1307,0,2525,0,1,2526,T
6-NA,1308,1,1,0,2567,2569,C
6-NA,1309,1,2549,0,2,2552,T
6-NA,1310,0,2542,0,1,2543,T
6-NA,1311,1,0,2546,0,2547,G
6-NA,1312,2,2527,0,3,2532,T
6-NA,1313,1,1,2526,0,2528,G
6-NA,1314,0,2,2520,0,2522,G
6-NA,1315,2516,1,0,0,2517,A
6-NA,1316,0,0,0,2529,2529,C
6-NA,1317,1,0,0,2454,2455,C
6-NA,1318,0,2449,0,4,2453,T
6-NA,1319,2,0,0,2463,2465,C
6-NA,1320,2474,2,0,0,2476,A
6-NA,1321,2474,0,0,0,2474,A
6-NA,1322,2468,0,0,0,2468,A
6-NA,1323,0,2,0,2507,2509,C
6-NA,1324,2420,0,1,0,2421,A
6-NA,1325,1,0,2467,0,2468,G
6-NA,1326,0,2425,0,3,2428,T
6-NA,1327,2439,0,1,0,2440,A
6-NA,1328,0,2430,0,0,2430,T
6-NA,1329,1,2387,0,0,2388,T
6-NA,1330,0,1,2425,0,2426,G
6-NA,1331,0,2413,1,4,2418,T
6-NA,1332,0,2300,0,3,2303,T
6-NA,1333,1,0,2313,0,2314,G
6-NA,1334,0,2135,0,1,2136,T
6-NA,1335,0,0,2153,0,2153,G
6-NA,1336,0,2135,0,1,2136,T
6-NA,1337,0,2101,0,1,2102,T
6-NA,1338,0,2105,0,0,2105,T
6-NA,1339,0,2043,0,0,2043,T
6-NA,1340,1,1,2046,0,2048,G
6-NA,1341,1,2041,0,3,2045,T
6-NA,1342,1,2,2032,0,2035,G
6-NA,1343,0,0,2034,0,2034,G
6-NA,1344,0,1,0,1994,1995,C
6-NA,1345,2010,0,0,0,2010,A
6-NA,1346,1,0,0,2016,2017,C
6-NA,1347,0,0,0,2012,2012,C
6-NA,1348,0,2002,0,1,2003,T
6-NA,1349,0,1,0,2013,2014,C
6-NA,1350,2022,1,5,0,2028,A
6-NA,1351,0,1,2048,0,2049,G
6-NA,1352,0,0,2054,0,2054,G
6-NA,1353,0,2053,1,2,2056,T
6-NA,1354,2056,0,0,0,2056,A
6-NA,1355,0,0,0,1977,1977,C
6-NA,1356,1965,0,0,0,1965,A
6-NA,1357,0,1962,0,1,1963,T
6-NA,1358,1922,1,0,0,1923,A
6-NA,1359,0,1913,0,1,1914,T
6-NA,1360,0,3,1776,0,1779,G
6-NA,1361,1,0,1779,0,1780,G
6-NA,1362,1766,0,0,0,1766,A
6-NA,1363,1748,0,1,0,1749,A
6-NA,1364,0,0,0,1737,1737,C
6-NA,1365,1501,0,0,0,1501,A
6-NA,1366,0,0,1503,0,1503,G
6-NA,1367,0,0,1496,0,1496,G
6-NA,1368,0,1,0,1506,1507,C
6-NA,1369,0,1492,0,2,1494,T
6-NA,1370,2,1,0,1406,1409,C
6-NA,1371,1401,0,2,0,1403,A
6-NA,1372,0,1403,0,1,1404,T
6-NA,1373,1,0,1404,0,1405,G
6-NA,1374,0,0,1403,0,1403,G
6-NA,1375,1,0,0,1325,1326,C
6-NA,1376,0,1,0,1339,1340,C
6-NA,1377,0,1264,0,1,1265,T
6-NA,1378,0,0,1269,0,1269,G
6-NA,1379,1264,1,1,0,1266,A
6-NA,1380,0,1267,0,0,1267,T
6-NA,1381,0,1,1247,0,1248,G
6-NA,1382,1,0,1218,0,1219,G
6-NA,1383,0,1,1149,0,1150,G
6-NA,1384,3,1,1151,0,1155,G
6-NA,1385,0,0,0,1128,1128,C
6-NA,1386,0,0,1120,0,1120,G
6-NA,1387,0,0,1108,0,1108,G
6-NA,1388,1106,0,0,0,1106,A
6-NA,1389,0,0,0,1102,1102,C
6-NA,1390,1099,0,1,0,1100,A
6-NA,1391,0,1078,0,0,1078,T
6-NA,1392,0,0,0,1066,1066,C
6-NA,1393,1055,1,0,0,1056,A
6-NA,1394,1055,0,0,0,1055,A
6-NA,1395,0,1053,0,0,1053,T
6-NA,1396,0,0,0,1028,1028,C
6-NA,1397,1,999,0,0,1000,T
6-NA,1398,6,1,0,843,850,C
6-NA,1399,842,0,4,0,846,A
6-NA,1400,0,837,0,0,837,T
6-NA,1401,0,0,839,0,839,G
6-NA,1402,0,0,0,824,824,C
6-NA,1403,0,0,0,787,787,C
6-NA,1404,0,683,0,2,685,T
6-NA,1405,671,0,1,0,672,A
6-NA,1406,0,667,0,0,667,T
6-NA,1407,661,0,0,0,661,A
6-NA,1408,0,660,0,0,660,T
6-NA,1409,619,0,0,0,619,A
6-NA,1410,583,0,0,0,583,A
7-M,1,161,0,0,0,161,A
7-M,2,0,162,0,0,162,T
7-M,3,0,0,162,0,162,G
7-M,4,166,0,0,0,166,A
7-M,5,0,0,175,0,175,G
7-M,6,0,0,0,187,187,C
7-M,7,0,0,0,197,197,C
7-M,8,0,257,0,0,257,T
7-M,9,0,260,0,0,260,T
7-M,10,0,0,0,261,261,C
7-M,11,0,259,0,0,259,T
7-M,12,264,0,0,0,264,A
7-M,13,264,0,0,0,264,A
7-M,14,0,0,0,266,266,C
7-M,15,0,1,0,265,266,C
7-M,16,0,0,265,0,265,G
7-M,17,267,0,0,0,267,A
7-M,18,0,0,273,0,273,G
7-M,19,1,0,280,0,281,G
7-M,20,0,280,0,0,280,T
7-M,21,0,0,0,286,286,C
7-M,22,1,0,283,0,284,G
7-M,23,300,0,0,0,300,A
7-M,24,301,0,0,0,301,A
7-M,25,304,0,0,0,304,A
7-M,26,0,0,0,353,353,C
7-M,27,0,0,357,0,357,G
7-M,28,0,364,0,0,364,T
7-M,29,367,0,0,0,367,A
7-M,30,0,370,0,0,370,T
7-M,31,0,0,378,0,378,G
7-M,32,0,381,0,1,382,T
7-M,33,0,427,0,0,427,T
7-M,34,0,0,0,452,452,C
7-M,35,0,448,0,1,449,T
7-M,36,0,0,0,482,482,C
7-M,37,1,479,0,2,482,T
7-M,38,0,0,0,505,505,C
7-M,39,0,501,0,0,501,T
7-M,40,504,0,0,0,504,A
7-M,41,0,508,0,0,508,T
7-M,42,0,0,0,519,519,C
7-M,43,0,0,520,0,520,G
7-M,44,0,525,0,0,525,T
7-M,45,0,525,0,1,526,T
7-M,46,2,0,0,535,537,C
7-M,47,0,0,0,553,553,C
7-M,48,554,0,5,0,559,A
7-M,49,0,557,0,0,557,T
7-M,50,0,0,0,564,564,C
7-M,51,560,0,0,0,560,A
7-M,52,0,2,563,0,565,G
7-M,53,0,0,565,0,565,G
7-M,54,0,0,0,564,564,C
7-M,55,1,0,0,564,565,C
7-M,56,0,1,0,564,565,C
7-M,57,0,0,0,601,601,C
7-M,58,0,0,0,606,606,C
7-M,59,0,598,0,2,600,T
7-M,60,0,0,0,606,606,C
7-M,61,604,0,0,0,604,A
7-M,62,608,0,0,0,608,A
7-M,63,614,0,2,0,616,A
7-M,64,0,0,627,1,628,G
7-M,65,0,0,0,629,629,C
7-M,66,1,0,0,622,623,C
7-M,67,1,0,621,0,622,G
7-M,68,621,0,0,1,622,A
7-M,69,1,0,631,0,632,G
7-M,70,626,0,1,0,627,A
7-M,71,0,628,0,1,629,T
7-M,72,0,0,0,629,629,C
7-M,73,0,0,636,0,636,G
7-M,74,0,0,0,635,635,C
7-M,75,1,1,634,0,636,G
7-M,76,0,0,0,637,637,C
7-M,77,635,0,0,0,635,A
7-M,78,0,0,648,0,648,G
7-M,79,631,0,0,0,631,A
7-M,80,0,1,724,0,725,G
7-M,81,726,0,1,0,727,A
7-M,82,0,0,0,744,744,C
7-M,83,0,740,0,0,740,T
7-M,84,0,743,0,0,743,T
7-M,85,1,0,755,0,756,G
7-M,86,750,0,0,0,750,A
7-M,87,745,0,4,0,749,A
7-M,88,0,0,755,0,755,G
7-M,89,728,0,0,0,728,A
7-M,90,0,744,0,0,744,T
7-M,91,0,0,750,0,750,G
7-M,92,0,751,0,1,752,T
7-M,93,2,3,0,743,748,C
7-M,94,0,744,0,2,746,T
7-M,95,0,745,0,2,747,T
7-M,96,0,749,0,0,749,T
7-M,97,0,0,748,0,748,G
7-M,98,0,0,0,751,751,C
7-M,99,0,742,0,0,742,T
7-M,100,0,0,751,0,751,G
7-M,101,0,0,751,0,751,G
7-M,102,0,0,771,0,771,G
7-M,103,768,0,0,0,768,A
7-M,104,776,0,0,0,776,A
7-M,105,774,0,0,0,774,A
7-M,106,777,0,0,0,777,A
7-M,107,795,1,0,0,796,A
7-M,108,0,1,0,806,807,C
7-M,109,799,0,0,0,799,A
7-M,110,0,0,0,802,802,C
7-M,111,794,0,3,0,797,A
7-M,112,0,0,832,0,832,G
7-M,113,836,0,0,0,836,A
7-M,114,0,857,0,0,857,T
7-M,115,0,0,0,862,862,C
7-M,116,0,864,0,1,865,T
7-M,117,0,861,0,0,861,T
7-M,118,0,1,861,0,862,G
7-M,119,847,0,2,0,849,A
7-M,120,0,0,852,0,852,G
7-M,121,1,0,852,0,853,G
7-M,122,0,0,0,845,845,C
7-M,123,0,833,0,1,834,T
7-M,124,0,0,0,943,943,C
7-M,125,0,940,0,0,940,T
7-M,126,0,1,0,947,948,C
7-M,127,950,0,1,0,951,A
7-M,128,0,951,0,2,953,T
7-M,129,0,0,951,0,951,G
7-M,130,0,0,959,0,959,G
7-M,131,946,1,1,0,948,A
7-M,132,948,0,0,0,948,A
7-M,133,0,918,0,0,918,T
7-M,134,0,1,960,0,961,G
7-M,135,0,0,1010,0,1010,G
7-M,136,0,0,0,1010,1010,C
7-M,137,0,1007,0,0,1007,T
7-M,138,1015,0,0,0,1015,A
7-M,139,1007,0,0,1,1008,A
7-M,140,1035,1,1,0,1037,A
7-M,141,0,0,1055,0,1055,G
7-M,142,1056,0,0,0,1056,A
7-M,143,0,0,0,1050,1050,C
7-M,144,1013,0,0,0,1013,A
7-M,145,1013,0,1,0,1014,A
7-M,146,0,0,1053,0,1053,G
7-M,147,1055,1,1,0,1057,A
7-M,148,0,0,0,1061,1061,C
7-M,149,2,0,0,1049,1051,C
7-M,150,1047,0,0,0,1047,A
7-M,151,1065,0,2,0,1067,A
7-M,152,0,1068,0,0,1068,T
7-M,153,0,1068,0,1,1069,T
7-M,154,0,1,0,1079,1080,C
7-M,155,0,1073,0,1,1074,T
7-M,156,1,1,1076,0,1078,G
7-M,157,1,1072,0,1,1074,T
7-M,158,1,0,0,1073,1074,C
7-M,159,1077,0,1,0,1078,A
7-M,160,0,1,0,1114,1115,C
7-M,161,0,0,0,1118,1118,C
7-M,162,0,1101,0,0,1101,T
7-M,163,1,0,0,1115,1116,C
7-M,164,0,1110,0,0,1110,T
7-M,165,0,1,1144,0,1145,G
7-M,166,1139,0,2,0,1141,A
7-M,167,0,0,0,1156,1156,C
7-M,168,0,1152,0,0,1152,T
7-M,169,1146,0,0,0,1146,A
7-M,170,1127,0,1,0,1128,A
7-M,171,0,2,1139,0,1141,G
7-M,172,0,2,1135,0,1137,G
7-M,173,0,0,1140,0,1140,G
7-M,174,0,0,1133,0,1133,G
7-M,175,1147,0,0,0,1147,A
7-M,176,1,1157,0,0,1158,T
7-M,177,1,1145,0,0,1146,T
7-M,178,0,1153,0,0,1153,T
7-M,179,0,1161,0,0,1161,T
7-M,180,28,1,1132,0,1161,G
7-M,181,0,2,1159,0,1161,G
7-M,182,0,1,1165,0,1166,G
7-M,183,1,1,1169,0,1171,G
7-M,184,0,1136,0,2,1138,T
7-M,185,0,1137,0,3,1140,T
7-M,186,0,1147,0,0,1147,T
7-M,187,2,0,1179,0,1181,G
7-M,188,0,1193,0,0,1193,T
7-M,189,0,0,1198,0,1198,G
7-M,190,0,1189,0,0,1189,T
7-M,191,0,1189,1,0,1190,T
7-M,192,0,0,0,1197,1197,C
7-M,193,1202,0,0,0,1202,A
7-M,194,0,1,0,1230,1231,C
7-M,195,1,0,1225,0,1226,G
7-M,196,0,0,0,1221,1221,C
7-M,197,1,1207,0,1,1209,T
7-M,198,1,1,0,1252,1254,C
7-M,199,1256,0,0,1,1257,A
7-M,200,0,0,0,1272,1272,C
7-M,201,0,1,0,1264,1265,C
7-M,202,1,0,1270,0,1271,G
7-M,203,0,1289,0,0,1289,T
7-M,204,0,1,1288,0,1289,G
7-M,205,1,1,0,1292,1294,C
7-M,206,0,0,0,1295,1295,C
7-M,207,0,0,0,1309,1309,C
7-M,208,1289,0,0,0,1289,A
7-M,209,0,0,1295,0,1295,G
7-M,210,0,1282,0,0,1282,T
7-M,211,1,0,1289,0,1290,G
7-M,212,1303,0,0,0,1303,A
7-M,213,0,0,1309,0,1309,G
7-M,214,0,0,0,1302,1302,C
7-M,215,1,1,1306,0,1308,G
7-M,216,1297,0,0,0,1297,A
7-M,217,0,2,1320,0,1322,G
7-M,218,0,2,1309,0,1311,G
7-M,219,1306,0,0,0,1306,A
7-M,220,1,0,0,1323,1324,C
7-M,221,0,1315,0,1,1316,T
7-M,222,1,1,1325,0,1327,G
7-M,223,0,0,0,1319,1319,C
7-M,224,1318,1,2,0,1321,A
7-M,225,2,0,1354,0,1356,G
7-M,226,0,0,0,1341,1341,C
7-M,227,0,0,1354,0,1354,G
7-M,228,0,1353,0,2,1355,T
7-M,229,1331,0,1,0,1332,A
7-M,230,0,1,1334,0,1335,G
7-M,231,1329,0,0,1,1330,A
7-M,232,0,0,0,1334,1334,C
7-M,233,0,1,1327,0,1328,G
7-M,234,0,0,1,1309,1310,C
7-M,235,0,1283,0,0,1283,T
7-M,236,0,1294,0,0,1294,T
7-M,237,0,1292,0,0,1292,T
7-M,238,0,0,1333,0,1333,G
7-M,239,0,1337,0,1,1338,T
7-M,240,2,0,0,1333,1335,C
7-M,241,1,0,0,1344,1345,C
7-M,242,1338,0,0,0,1338,A
7-M,243,1338,0,0,0,1338,A
7-M,244,1338,0,0,0,1338,A
7-M,245,1336,0,0,0,1336,A
7-M,246,0,1335,0,0,1335,T
7-M,247,0,0,1327,1,1328,G
7-M,248,0,0,0,1326,1326,C
7-M,249,1,0,0,1323,1324,C
7-M,250,1,0,0,1350,1351,C
7-M,251,1,1338,0,1,1340,T
7-M,252,0,1,0,1396,1397,C
7-M,253,1399,0,0,0,1399,A
7-M,254,1404,0,0,0,1404,A
7-M,255,0,1407,0,1,1408,T
7-M,256,0,0,1413,0,1413,G
7-M,257,1,1,1429,0,1431,G
7-M,258,2,1,1447,0,1450,G
7-M,259,1445,0,0,0,1445,A
7-M,260,1446,0,1,0,1447,A
7-M,261,0,1415,0,1,1416,T
7-M,262,1,0,1415,0,1416,G
7-M,263,0,1,1416,0,1417,G
7-M,264,1388,0,5,0,1393,A
7-M,265,0,1,1395,0,1396,G
7-M,266,1389,0,4,0,1393,A
7-M,267,0,0,0,1369,1369,C
7-M,268,1,1,0,1452,1454,C
7-M,269,4,0,0,1460,1464,C
7-M,270,1495,0,1,0,1496,A
7-M,271,1494,0,1,0,1495,A
7-M,272,1498,0,0,0,1498,A
7-M,273,0,1504,0,0,1504,T
7-M,274,1533,0,0,0,1533,A
7-M,275,1535,0,2,0,1537,A
7-M,276,0,1,0,1505,1506,C
7-M,277,1484,0,0,0,1484,A
7-M,278,0,1478,0,1,1479,T
7-M,279,0,0,1494,0,1494,G
7-M,280,2,0,1490,0,1492,G
7-M,281,1499,0,1,0,1500,A
7-M,282,1,0,0,1493,1494,C
7-M,283,1473,0,0,0,1473,A
7-M,284,1480,0,0,0,1480,A
7-M,285,1479,0,2,0,1481,A
7-M,286,0,0,1499,0,1499,G
7-M,287,1,0,0,1537,1538,C
7-M,288,1512,0,0,0,1512,A
7-M,289,1,0,1537,0,1538,G
7-M,290,0,1524,0,1,1525,T
7-M,291,0,1530,0,1,1531,T
7-M,292,1543,0,0,0,1543,A
7-M,293,1537,0,1,1,1539,A
7-M,294,1549,0,1,0,1550,A
7-M,295,0,1,0,1570,1571,C
7-M,296,0,1519,0,0,1519,T
7-M,297,0,0,1689,0,1689,G
7-M,298,0,1661,0,2,1663,T
7-M,299,1675,0,0,0,1675,A
7-M,300,1,1671,0,0,1672,T
7-M,301,1668,0,1,0,1669,A
7-M,302,2,0,1670,0,1672,G
7-M,303,1,2,1664,1,1668,G
7-M,304,1655,0,2,0,1657,A
7-M,305,1651,0,1,0,1652,A
7-M,306,1568,0,1,0,1569,A
7-M,307,1,0,0,1625,1626,C
7-M,308,0,1617,0,0,1617,T
7-M,309,1,1617,0,0,1618,T
7-M,310,1615,0,0,0,1615,A
7-M,311,1609,0,1,0,1610,A
7-M,312,0,0,1615,0,1615,G
7-M,313,1607,0,0,0,1607,A
7-M,314,1,0,1618,0,1619,G
7-M,315,1,3,1604,0,1608,G
7-M,316,1,0,1613,0,1614,G
7-M,317,1589,1,3,0,1593,A
7-M,318,0,0,1619,0,1619,G
7-M,319,1625,0,1,0,1626,A
7-M,320,0,1624,0,0,1624,T
7-M,321,1621,0,1,0,1622,A
7-M,322,1634,0,0,0,1634,A
7-M,323,0,1,0,1636,1637,C
7-M,324,0,0,1624,0,1624,G
7-M,325,1,1619,0,1,1621,T
7-M,326,1,1592,0,1,1594,T
7-M,327,0,0,0,1613,1613,C
7-M,328,2,0,0,1609,1611,C
7-M,329,1616,0,0,0,1616,A
7-M,330,0,1614,0,0,1614,T
7-M,331,1,1,1596,0,1598,G
7-M,332,0,1,1590,0,1591,G
7-M,333,3,1,1579,0,1583,G
7-M,334,1,1,1596,0,1598,G
7-M,335,1,0,1,1586,1588,C
7-M,336,4,0,0,1594,1598,C
7-M,337,1604,2,0,0,1606,A
7-M,338,1611,0,0,1,1612,A
7-M,339,1611,0,4,0,1615,A
7-M,340,0,0,1645,0,1645,G
7-M,341,1645,0,0,0,1645,A
7-M,342,1634,0,0,0,1634,A
7-M,343,1633,1,0,0,1634,A
7-M,344,0,1634,0,0,1634,T
7-M,345,1628,1,0,0,1629,A
7-M,346,0,0,1646,0,1646,G
7-M,347,0,0,0,1636,1636,C
7-M,348,0,1622,0,1,1623,T
7-M,349,0,0,0,1635,1635,C
7-M,350,1,1617,0,1,1619,T
7-M,351,0,0,0,1690,1690,C
7-M,352,1695,0,0,1,1696,A
7-M,353,0,0,1693,0,1693,G
7-M,354,0,1675,0,1,1676,T
7-M,355,0,1695,0,0,1695,T
7-M,356,1697,0,0,0,1697,A
7-M,357,0,1697,0,0,1697,T
7-M,358,0,1689,0,0,1689,T
7-M,359,0,0,0,1699,1699,C
7-M,360,1,1625,0,1,1627,T
7-M,361,0,0,1636,0,1636,G
7-M,362,0,1,0,1629,1630,C
7-M,363,0,1624,0,0,1624,T
7-M,364,0,2,1622,0,1624,G
7-M,365,0,0,1629,0,1629,G
7-M,366,0,1627,0,1,1628,T
7-M,367,0,0,1630,0,1630,G
7-M,368,0,0,0,1623,1623,C
7-M,369,1631,0,1,0,1632,A
7-M,370,0,1,0,1633,1634,C
7-M,371,0,1604,0,0,1604,T
7-M,372,0,1640,0,0,1640,T
7-M,373,0,0,1634,0,1634,G
7-M,374,0,1,0,1630,1631,C
7-M,375,0,0,1,1638,1639,C
7-M,376,1632,1,1,0,1634,A
7-M,377,2,0,1634,0,1636,G
7-M,378,1,1636,0,1,1638,T
7-M,379,0,1636,0,1,1637,T
7-M,380,0,0,1649,0,1649,G
7-M,381,0,0,1,1620,1621,C
7-M,382,1623,0,0,0,1623,A
7-M,383,0,1629,0,0,1629,T
7-M,384,1,1,1614,0,1616,G
7-M,385,1,0,1646,0,1647,G
7-M,386,0,0,1663,0,1663,G
7-M,387,0,3,0,1665,1668,C
7-M,388,0,0,0,1693,1693,C
7-M,389,1,1680,0,3,1684,T
7-M,390,0,0,0,1703,1703,C
7-M,391,1793,0,2,1,1796,A
7-M,392,1,1802,0,1,1804,T
7-M,393,1868,0,0,0,1868,A
7-M,394,0,1842,0,1,1843,T
7-M,395,1809,1,1,0,1811,A
7-M,396,0,1,0,1924,1925,C
7-M,397,1857,0,0,0,1857,A
7-M,398,1873,0,0,0,1873,A
7-M,399,0,1842,0,0,1842,T
7-M,400,1765,0,1,1,1767,A
7-M,401,5,0,1786,0,1791,G
7-M,402,0,0,1771,0,1771,G
7-M,403,1746,0,0,0,1746,A
7-M,404,0,1752,0,3,1755,T
7-M,405,0,1,1603,0,1604,G
7-M,406,0,0,1595,0,1595,G
7-M,407,0,2,1594,0,1596,G
7-M,408,0,0,1618,0,1618,G
7-M,409,0,0,1622,0,1622,G
7-M,410,0,0,0,1611,1611,C
7-M,411,0,1576,0,2,1578,T
7-M,412,1,0,1590,0,1591,G
7-M,413,1,1591,0,0,1592,T
7-M,414,1591,0,1,0,1592,A
7-M,415,1593,0,0,0,1593,A
7-M,416,0,0,0,1593,1593,C
7-M,417,0,1,0,1571,1572,C
7-M,418,1560,0,0,0,1560,A
7-M,419,0,0,0,1562,1562,C
7-M,420,0,1547,0,11,1558,T
7-M,421,0,0,1563,0,1563,G
7-M,422,1552,1,0,0,1553,A
7-M,423,1547,0,0,0,1547,A
7-M,424,0,0,1561,0,1561,G
7-M,425,0,1537,0,2,1539,T
7-M,426,0,0,1538,0,1538,G
7-M,427,0,2,1545,0,1547,G
7-M,428,0,0,0,1552,1552,C
7-M,429,1553,0,0,0,1553,A
7-M,430,0,1543,0,0,1543,T
7-M,431,1,1548,0,0,1549,T
7-M,432,0,1539,0,2,1541,T
7-M,433,0,0,1584,0,1584,G
7-M,434,0,0,1576,0,1576,G
7-M,435,2,1,0,1571,1574,C
7-M,436,0,0,1,1577,1578,C
7-M,437,0,1568,0,1,1569,T
7-M,438,0,0,1632,0,1632,G
7-M,439,0,0,1648,0,1648,G
7-M,440,0,1653,0,2,1655,T
7-M,441,1666,0,1,0,1667,A
7-M,442,0,1585,0,0,1585,T
7-M,443,0,0,1630,0,1630,G
7-M,444,0,1638,0,1,1639,T
7-M,445,0,1,1632,0,1633,G
7-M,446,0,2,0,1633,1635,C
7-M,447,1575,0,1,0,1576,A
7-M,448,1574,1,4,0,1579,A
7-M,449,2,0,0,1594,1596,C
7-M,450,1588,0,0,0,1588,A
7-M,451,0,1595,0,1,1596,T
7-M,452,1,0,1578,0,1579,G
7-M,453,1,1545,0,1,1547,T
7-M,454,1,0,1546,0,1547,G
7-M,455,1522,0,0,0,1522,A
7-M,456,0,0,1538,0,1538,G
7-M,457,0,0,0,1543,1543,C
7-M,458,1503,0,0,0,1503,A
7-M,459,10,1,1498,0,1509,G
7-M,460,1493,0,2,0,1495,A
7-M,461,0,1492,0,0,1492,T
7-M,462,0,1496,0,0,1496,T
7-M,463,0,0,1507,0,1507,G
7-M,464,0,0,0,1506,1506,C
7-M,465,1,1500,0,2,1503,T
7-M,466,0,0,1501,0,1501,G
7-M,467,1504,0,0,0,1504,A
7-M,468,0,2,0,1571,1573,C
7-M,469,0,1571,0,1,1572,T
7-M,470,2,0,0,1576,1578,C
7-M,471,0,0,0,1569,1569,C
7-M,472,0,0,0,1575,1575,C
7-M,473,1581,0,0,0,1581,A
7-M,474,0,0,1600,0,1600,G
7-M,475,0,0,0,1589,1589,C
7-M,476,1597,0,0,0,1597,A
7-M,477,0,0,0,1600,1600,C
7-M,478,1484,0,3,0,1487,A
7-M,479,0,0,1517,0,1517,G
7-M,480,1,1,1514,0,1516,G
7-M,481,2,1508,0,2,1512,T
7-M,482,0,0,0,1553,1553,C
7-M,483,0,1528,0,3,1531,T
7-M,484,2,0,0,1545,1547,C
7-M,485,1541,0,1,0,1542,A
7-M,486,0,1540,0,1,1541,T
7-M,487,1539,0,2,0,1541,A
7-M,488,0,0,1521,0,1521,G
7-M,489,0,1,1517,0,1518,G
7-M,490,0,0,0,1516,1516,C
7-M,491,1449,0,0,0,1449,A
7-M,492,0,0,1434,0,1434,G
7-M,493,1440,0,0,0,1440,A
7-M,494,0,1440,1,0,1441,T
7-M,495,0,0,1438,0,1438,G
7-M,496,0,0,1436,0,1436,G
7-M,497,0,1415,2,1,1418,T
7-M,498,2,0,1416,0,1418,G
7-M,499,1,2,1416,0,1419,G
7-M,500,0,0,0,1420,1420,C
7-M,501,1396,0,1,1,1398,A
7-M,502,1406,0,2,0,1408,A
7-M,503,1,2,0,1422,1425,C
7-M,504,1431,0,0,0,1431,A
7-M,505,1435,0,0,0,1435,A
7-M,506,0,2,1,1422,1425,C
7-M,507,1,1,0,1412,1414,C
7-M,508,1395,0,0,0,1395,A
7-M,509,1397,0,2,0,1399,A
7-M,510,0,1395,1,0,1396,T
7-M,511,0,0,0,1400,1400,C
7-M,512,0,0,0,1377,1377,C
7-M,513,1367,0,0,0,1367,A
7-M,514,0,1359,0,0,1359,T
7-M,515,0,1357,0,0,1357,T
7-M,516,1366,0,0,0,1366,A
7-M,517,1367,0,0,0,1367,A
7-M,518,0,1369,0,0,1369,T
7-M,519,1358,0,0,0,1358,A
7-M,520,1356,0,0,0,1356,A
7-M,521,1335,0,0,0,1335,A
7-M,522,1360,1,0,0,1361,A
7-M,523,0,0,0,1401,1401,C
7-M,524,1392,0,0,0,1392,A
7-M,525,0,1385,0,1,1386,T
7-M,526,0,0,1383,0,1383,G
7-M,527,1374,0,1,0,1375,A
7-M,528,0,0,1393,0,1393,G
7-M,529,1375,1,0,0,1376,A
7-M,530,1388,0,0,0,1388,A
7-M,531,0,2,0,1388,1390,C
7-M,532,1330,0,2,0,1332,A
7-M,533,2,1,1349,0,1352,G
7-M,534,1336,0,1,0,1337,A
7-M,535,1342,0,1,0,1343,A
7-M,536,1,1337,0,0,1338,T
7-M,537,1,0,1331,0,1332,G
7-M,538,0,1,1333,0,1334,G
7-M,539,0,1327,0,0,1327,T
7-M,540,0,1289,0,1,1290,T
7-M,541,1,1324,0,0,1325,T
7-M,542,0,1334,0,0,1334,T
7-M,543,0,2,1350,0,1352,G
7-M,544,0,1,1350,0,1351,G
7-M,545,1,1,0,1343,1345,C
7-M,546,0,1,0,1345,1346,C
7-M,547,1311,0,3,0,1314,A
7-M,548,0,0,1362,0,1362,G
7-M,549,2,0,0,1363,1365,C
7-M,550,1382,0,0,0,1382,A
7-M,551,1,0,0,1406,1407,C
7-M,552,1,1388,0,1,1390,T
7-M,553,1394,1,2,0,1397,A
7-M,554,0,0,0,1413,1413,C
7-M,555,1430,0,3,0,1433,A
7-M,556,0,0,1460,0,1460,G
7-M,557,1,0,0,1399,1400,C
7-M,558,0,1369,0,2,1371,T
7-M,559,1372,0,1,0,1373,A
7-M,560,1347,0,1,0,1348,A
7-M,561,0,1,1370,0,1371,G
7-M,562,0,0,1368,0,1368,G
7-M,563,0,0,0,1355,1355,C
7-M,564,0,1274,0,2,1276,T
7-M,565,1281,0,0,0,1281,A
7-M,566,0,1278,0,0,1278,T
7-M,567,0,2,1279,0,1281,G
7-M,568,0,1,1286,0,1287,G
7-M,569,1255,1,2,0,1258,A
7-M,570,0,0,1266,0,1266,G
7-M,571,0,0,0,1242,1242,C
7-M,572,1227,0,0,0,1227,A
7-M,573,1227,0,0,0,1227,A
7-M,574,1220,0,0,0,1220,A
7-M,575,0,1229,0,0,1229,T
7-M,576,1,2,1229,0,1232,G
7-M,577,0,0,1222,0,1222,G
7-M,578,0,0,0,1218,1218,C
7-M,579,1,1199,0,0,1200,T
7-M,580,1,0,1208,0,1209,G
7-M,581,2,0,1238,0,1240,G
7-M,582,1246,0,0,0,1246,A
7-M,583,0,1236,0,1,1237,T
7-M,584,0,0,0,1221,1221,C
7-M,585,1229,0,0,0,1229,A
7-M,586,1245,1,1,0,1247,A
7-M,587,0,0,1252,0,1252,G
7-M,588,0,1249,0,1,1250,T
7-M,589,0,0,1250,0,1250,G
7-M,590,1206,0,1,0,1207,A
7-M,591,0,0,1217,0,1217,G
7-M,592,0,0,0,1218,1218,C
7-M,593,1218,0,0,0,1218,A
7-M,594,0,1,1215,0,1216,G
7-M,595,0,0,1204,0,1204,G
7-M,596,0,0,0,1207,1207,C
7-M,597,1201,0,2,0,1203,A
7-M,598,0,0,1206,0,1206,G
7-M,599,0,0,0,1209,1209,C
7-M,600,0,0,1208,0,1208,G
7-M,601,1,0,1203,0,1204,G
7-M,602,1191,0,0,0,1191,A
7-M,603,1,1,1213,0,1215,G
7-M,604,0,0,1240,0,1240,G
7-M,605,1,0,0,1238,1239,C
7-M,606,0,1,0,1232,1233,C
7-M,607,1232,0,1,0,1233,A
7-M,608,0,1231,0,0,1231,T
7-M,609,0,0,1239,0,1239,G
7-M,610,1,2,1243,0,1246,G
7-M,611,1229,1,3,0,1233,A
7-M,612,0,1,1247,0,1248,G
7-M,613,1216,0,0,0,1216,A
7-M,614,0,1260,1,0,1261,T
7-M,615,0,1259,0,0,1259,T
7-M,616,1,1,1261,0,1263,G
7-M,617,0,0,0,1256,1256,C
7-M,618,0,1261,0,2,1263,T
7-M,619,1277,0,1,0,1278,A
7-M,620,0,1,1278,0,1279,G
7-M,621,1,1267,0,1,1269,T
7-M,622,0,0,0,1262,1262,C
7-M,623,1240,0,0,0,1240,A
7-M,624,0,0,1254,0,1254,G
7-M,625,0,0,1250,0,1250,G
7-M,626,1,1,0,1241,1243,C
7-M,627,1,2,0,1241,1244,C
7-M,628,1247,0,1,0,1248,A
7-M,629,0,0,1290,0,1290,G
7-M,630,0,0,1286,0,1286,G
7-M,631,0,1,0,1288,1289,C
7-M,632,1295,0,0,0,1295,A
7-M,633,0,0,1282,0,1282,G
7-M,634,1266,0,1,0,1267,A
7-M,635,0,1267,0,0,1267,T
7-M,636,0,0,1284,0,1284,G
7-M,637,1,1,1310,0,1312,G
7-M,638,0,1283,1,1,1285,T
7-M,639,3,0,1287,0,1290,G
7-M,640,0,0,0,1292,1292,C
7-M,641,1284,1,1,0,1286,A
7-M,642,0,0,1317,0,1317,G
7-M,643,0,0,1318,0,1318,G
7-M,644,0,0,1,1322,1323,C
7-M,645,1319,0,0,0,1319,A
7-M,646,1298,0,0,1,1299,A
7-M,647,1,1292,0,0,1293,T
7-M,648,0,0,1296,0,1296,G
7-M,649,1284,1,0,0,1285,A
7-M,650,0,0,1297,0,1297,G
7-M,651,1261,0,1,0,1262,A
7-M,652,0,1,1267,0,1268,G
7-M,653,1,0,0,1292,1293,C
7-M,654,0,1,0,1308,1309,C
7-M,655,1314,1,0,0,1315,A
7-M,656,1,1322,0,0,1323,T
7-M,657,0,1317,0,0,1317,T
7-M,658,0,2,1311,0,1313,G
7-M,659,1,0,1308,0,1309,G
7-M,660,1,0,1318,1,1320,G
7-M,661,1322,0,5,0,1327,A
7-M,662,0,1,0,1319,1320,C
7-M,663,0,1268,0,3,1271,T
7-M,664,3,1,0,1294,1298,C
7-M,665,1306,0,0,0,1306,A
7-M,666,0,1363,0,0,1363,T
7-M,667,1,0,0,1367,1368,C
7-M,668,0,0,0,1357,1357,C
7-M,669,0,1340,0,0,1340,T
7-M,670,1343,0,0,0,1343,A
7-M,671,0,0,1361,0,1361,G
7-M,672,0,1471,0,1,1472,T
7-M,673,0,1446,0,0,1446,T
7-M,674,0,0,0,1438,1438,C
7-M,675,0,0,0,1417,1417,C
7-M,676,1416,0,0,0,1416,A
7-M,677,2,0,1438,0,1440,G
7-M,678,0,1435,0,2,1437,T
7-M,679,1435,0,1,0,1436,A
7-M,680,0,0,0,1431,1431,C
7-M,681,0,1261,0,0,1261,T
7-M,682,0,1,1327,0,1328,G
7-M,683,0,0,1361,0,1361,G
7-M,684,0,1356,0,2,1358,T
7-M,685,2,0,0,1361,1363,C
7-M,686,0,1342,1,1,1344,T
7-M,687,1347,0,0,0,1347,A
7-M,688,1345,0,3,0,1348,A
7-M,689,0,0,1354,0,1354,G
7-M,690,1339,0,0,0,1339,A
7-M,691,0,0,1312,0,1312,G
7-M,692,1248,0,1,0,1249,A
7-M,693,0,1244,0,0,1244,T
7-M,694,0,0,1244,0,1244,G
7-M,695,1229,0,0,0,1229,A
7-M,696,0,1232,0,0,1232,T
7-M,697,0,0,0,1237,1237,C
7-M,698,0,1227,0,0,1227,T
7-M,699,0,1218,0,0,1218,T
7-M,700,0,1,0,1225,1226,C
7-M,701,0,1222,0,0,1222,T
7-M,702,0,1220,0,0,1220,T
7-M,703,0,0,1224,0,1224,G
7-M,704,1213,1,0,0,1214,A
7-M,705,1211,0,1,0,1212,A
7-M,706,1213,0,0,0,1213,A
7-M,707,1208,0,0,0,1208,A
7-M,708,1,1220,0,0,1221,T
7-M,709,0,1230,0,0,1230,T
7-M,710,0,1223,1,0,1224,T
7-M,711,0,0,1221,0,1221,G
7-M,712,0,0,0,1228,1228,C
7-M,713,1222,0,3,1,1226,A
7-M,714,0,0,1234,0,1234,G
7-M,715,1233,0,0,0,1233,A
7-M,716,0,0,0,1254,1254,C
7-M,717,0,0,0,1244,1244,C
7-M,718,0,1250,0,0,1250,T
7-M,719,1262,0,0,0,1262,A
7-M,720,0,1257,0,0,1257,T
7-M,721,1,0,0,1267,1268,C
7-M,722,1262,0,0,0,1262,A
7-M,723,0,0,1265,0,1265,G
7-M,724,1258,0,0,0,1258,A
7-M,725,1214,0,1,0,1215,A
7-M,726,1226,0,0,0,1226,A
7-M,727,0,0,0,1222,1222,C
7-M,728,0,0,1209,0,1209,G
7-M,729,1195,1,0,0,1196,A
7-M,730,1197,0,0,0,1197,A
7-M,731,0,1205,0,0,1205,T
7-M,732,0,1,1206,0,1207,G
7-M,733,0,1,1222,0,1223,G
7-M,734,1,1,1217,0,1219,G
7-M,735,1,0,1223,0,1224,G
7-M,736,1,0,1241,0,1242,G
7-M,737,1,1209,0,0,1210,T
7-M,738,0,0,1208,1,1209,G
7-M,739,0,1,0,1216,1217,C
7-M,740,1215,0,0,0,1215,A
7-M,741,0,0,1226,0,1226,G
7-M,742,1195,0,2,0,1197,A
7-M,743,0,1207,0,0,1207,T
7-M,744,0,0,1197,0,1197,G
7-M,745,0,0,0,1182,1182,C
7-M,746,1181,0,0,0,1181,A
7-M,747,1186,0,0,0,1186,A
7-M,748,0,0,0,1192,1192,C
7-M,749,0,2,1189,0,1191,G
7-M,750,1200,1,0,0,1201,A
7-M,751,0,1199,0,0,1199,T
7-M,752,0,1203,0,2,1205,T
7-M,753,2,0,0,1210,1212,C
7-M,754,1191,1,3,0,1195,A
7-M,755,1200,0,0,0,1200,A
7-M,756,1,1,1202,0,1204,G
7-M,757,0,1181,1,0,1182,T
7-M,758,0,3,1161,0,1164,G
7-M,759,1159,0,0,0,1159,A
7-M,760,0,0,0,1154,1154,C
7-M,761,1,0,0,1152,1153,C
7-M,762,1,0,0,1153,1154,C
7-M,763,0,0,1157,0,1157,G
7-M,764,1,0,0,1157,1158,C
7-M,765,0,1153,0,1,1154,T
7-M,766,0,1159,0,0,1159,T
7-M,767,0,0,1167,0,1167,G
7-M,768,0,1157,0,1,1158,T
7-M,769,0,1151,0,1,1152,T
7-M,770,0,0,1153,0,1153,G
7-M,771,0,1115,0,1,1116,T
7-M,772,0,1106,0,0,1106,T
7-M,773,0,0,1106,0,1106,G
7-M,774,0,0,0,1100,1100,C
7-M,775,0,0,0,1094,1094,C
7-M,776,0,0,1093,0,1093,G
7-M,777,0,0,0,1082,1082,C
7-M,778,1,0,1100,0,1101,G
7-M,779,1098,0,1,0,1099,A
7-M,780,1107,0,1,0,1108,A
7-M,781,0,1111,0,0,1111,T
7-M,782,1107,0,0,0,1107,A
7-M,783,1,1119,0,0,1120,T
7-M,784,0,1,0,1144,1145,C
7-M,785,1144,0,1,0,1145,A
7-M,786,0,1143,0,0,1143,T
7-M,787,0,1138,0,0,1138,T
7-M,788,1,1,1127,0,1129,G
7-M,789,0,0,1118,0,1118,G
7-M,790,0,0,1128,0,1128,G
7-M,791,1119,0,0,0,1119,A
7-M,792,0,1124,0,0,1124,T
7-M,793,1,0,0,1086,1087,C
7-M,794,0,1080,0,1,1081,T
7-M,795,0,1085,0,1,1086,T
7-M,796,0,0,1096,0,1096,G
7-M,797,0,0,0,1102,1102,C
7-M,798,1106,0,1,0,1107,A
7-M,799,0,0,0,1108,1108,C
7-M,800,0,1079,0,2,1081,T
7-M,801,0,1087,0,0,1087,T
7-M,802,0,1,1089,0,1090,G
7-M,803,1107,0,0,0,1107,A
7-M,804,0,1110,0,0,1110,T
7-M,805,1087,0,1,0,1088,A
7-M,806,0,1077,0,0,1077,T
7-M,807,0,1063,0,0,1063,T
7-M,808,0,0,1067,0,1067,G
7-M,809,0,1055,0,0,1055,T
7-M,810,0,0,1052,0,1052,G
7-M,811,1,1,1043,0,1045,G
7-M,812,1019,1,0,0,1020,A
7-M,813,0,1027,0,0,1027,T
7-M,814,0,1020,0,2,1022,T
7-M,815,0,0,1,1022,1023,C
7-M,816,0,1019,0,2,1021,T
7-M,817,0,1009,0,1,1010,T
7-M,818,1,0,1006,0,1007,G
7-M,819,993,0,2,0,995,A
7-M,820,0,994,0,1,995,T
7-M,821,1,0,0,982,983,C
7-M,822,0,0,985,0,985,G
7-M,823,1,968,0,4,973,T
7-M,824,0,1,0,981,982,C
7-M,825,1,971,0,2,974,T
7-M,826,0,986,0,0,986,T
7-M,827,0,982,0,1,983,T
7-M,828,0,981,0,0,981,T
7-M,829,0,989,0,0,989,T
7-M,830,0,986,0,0,986,T
7-M,831,0,982,0,1,983,T
7-M,832,0,0,0,977,977,C
7-M,833,972,0,1,1,974,A
7-M,834,974,0,0,0,974,A
7-M,835,973,1,0,0,974,A
7-M,836,1,979,0,0,980,T
7-M,837,0,0,981,0,981,G
7-M,838,0,0,0,980,980,C
7-M,839,0,0,982,0,982,G
7-M,840,0,1002,0,2,1004,T
7-M,841,0,1,0,1004,1005,C
7-M,842,0,999,0,2,1001,T
7-M,843,1000,1,3,0,1004,A
7-M,844,0,995,0,4,999,T
7-M,845,2,0,0,999,1001,C
7-M,846,0,1,997,0,998,G
7-M,847,993,0,0,0,993,A
7-M,848,0,0,0,994,994,C
7-M,849,0,962,0,0,962,T
7-M,850,0,0,0,994,994,C
7-M,851,0,978,0,2,980,T
7-M,852,0,979,0,2,981,T
7-M,853,0,1,0,984,985,C
7-M,854,976,0,2,0,978,A
7-M,855,982,0,0,0,982,A
7-M,856,980,0,0,0,980,A
7-M,857,0,0,0,977,977,C
7-M,858,964,0,0,0,964,A
7-M,859,0,0,0,947,947,C
7-M,860,1,0,927,0,928,G
7-M,861,0,0,967,0,967,G
7-M,862,3,0,0,961,964,C
7-M,863,7,0,0,963,970,C
7-M,864,0,966,0,2,968,T
7-M,865,1,970,0,0,971,T
7-M,866,975,0,0,0,975,A
7-M,867,973,0,0,0,973,A
7-M,868,972,0,1,0,973,A
7-M,869,971,0,0,0,971,A
7-M,870,0,0,955,0,955,G
7-M,871,826,1,0,0,827,A
7-M,872,0,0,819,0,819,G
7-M,873,1,0,826,0,827,G
7-M,874,0,0,0,822,822,C
7-M,875,2,1,0,813,816,C
7-M,876,0,0,0,815,815,C
7-M,877,0,814,0,0,814,T
7-M,878,0,818,0,0,818,T
7-M,879,0,0,0,824,824,C
7-M,880,0,818,0,0,818,T
7-M,881,827,0,0,0,827,A
7-M,882,1,0,0,825,826,C
7-M,883,0,1,806,0,807,G
7-M,884,0,0,807,0,807,G
7-M,885,778,0,0,0,778,A
7-M,886,782,0,0,0,782,A
7-M,887,0,0,779,0,779,G
7-M,888,0,0,781,0,781,G
7-M,889,770,0,0,1,771,A
7-M,890,0,0,783,0,783,G
7-M,891,0,776,0,0,776,T
7-M,892,779,0,0,0,779,A
7-M,893,0,0,0,770,770,C
7-M,894,0,0,0,772,772,C
7-M,895,0,761,0,0,761,T
7-M,896,0,0,763,0,763,G
7-M,897,725,0,1,0,726,A
7-M,898,0,0,740,0,740,G
7-M,899,0,707,0,0,707,T
7-M,900,0,0,0,708,708,C
7-M,901,0,693,0,0,693,T
7-M,902,686,0,0,0,686,A
7-M,903,0,683,0,1,684,T
7-M,904,0,0,683,1,684,G
7-M,905,665,0,1,0,666,A
7-M,906,0,1,664,0,665,G
7-M,907,0,0,609,0,609,G
7-M,908,0,0,605,0,605,G
7-M,909,604,0,0,0,604,A
7-M,910,605,0,0,0,605,A
7-M,911,1,0,605,0,606,G
7-M,912,598,0,1,0,599,A
7-M,913,602,0,0,1,603,A
7-M,914,0,595,0,0,595,T
7-M,915,584,0,1,0,585,A
7-M,916,0,580,0,0,580,T
7-M,917,0,7,0,569,576,C
7-M,918,0,0,580,0,580,G
7-M,919,576,0,0,0,576,A
7-M,920,571,0,0,0,571,A
7-M,921,570,0,0,0,570,A
7-M,922,0,0,566,0,566,G
7-M,923,0,0,575,0,575,G
7-M,924,569,0,0,0,569,A
7-M,925,570,0,0,0,570,A
7-M,926,0,1,0,568,569,C
7-M,927,555,1,0,0,556,A
7-M,928,0,0,563,0,563,G
7-M,929,0,0,1,562,563,C
7-M,930,559,0,0,0,559,A
7-M,931,0,0,561,0,561,G
7-M,932,499,0,1,0,500,A
7-M,933,503,0,0,0,503,A
7-M,934,0,503,0,0,503,T
7-M,935,0,0,492,0,492,G
7-M,936,0,0,0,494,494,C
7-M,937,0,464,0,0,464,T
7-M,938,0,0,463,0,463,G
7-M,939,0,457,0,0,457,T
7-M,940,0,0,456,0,456,G
7-M,941,0,0,453,0,453,G
7-M,942,434,0,1,0,435,A
7-M,943,0,430,0,0,430,T
7-M,944,0,0,416,0,416,G
7-M,945,0,0,0,413,413,C
7-M,946,0,390,0,0,390,T
7-M,947,0,0,387,0,387,G
7-M,948,384,0,0,0,384,A
7-M,949,0,0,0,380,380,C
7-M,950,0,0,380,0,380,G
7-M,951,372,0,2,0,374,A
7-M,952,0,0,0,373,373,C
7-M,953,363,0,0,0,363,A
7-M,954,0,0,364,0,364,G
7-M,955,0,356,0,0,356,T
7-M,956,0,0,0,348,348,C
7-M,957,349,0,1,0,350,A
7-M,958,0,346,0,0,346,T
7-M,959,0,345,0,1,346,T
7-M,960,0,342,0,0,342,T
7-M,961,0,334,0,0,334,T
7-M,962,0,0,331,0,331,G
7-M,963,0,311,0,2,313,T
7-M,964,0,0,0,312,312,C
7-M,965,295,0,1,0,296,A
7-M,966,0,0,297,0,297,G
7-M,967,0,1,0,294,295,C
7-M,968,295,0,0,0,295,A
7-M,969,0,295,0,0,295,T
7-M,970,276,0,1,0,277,A
7-M,971,0,0,277,0,277,G
7-M,972,272,0,0,0,272,A
7-M,973,0,0,272,0,272,G
7-M,974,0,270,0,0,270,T
7-M,975,0,184,0,0,184,T
7-M,976,0,0,183,0,183,G
7-M,977,0,0,181,0,181,G
7-M,978,176,0,0,0,176,A
7-M,979,0,0,175,0,175,G
7-M,980,0,122,0,0,122,T
7-M,981,110,0,0,0,110,A
7-M,982,109,0,0,0,109,A
8-NS,1,234,0,0,0,234,A
8-NS,2,0,235,0,0,235,T
8-NS,3,0,0,248,0,248,G
8-NS,4,0,0,262,0,262,G
8-NS,5,289,0,0,0,289,A
8-NS,6,0,549,0,0,549,T
8-NS,7,0,548,0,0,548,T
8-NS,8,0,0,0,571,571,C
8-NS,9,0,0,0,571,571,C
8-NS,10,574,0,0,0,574,A
8-NS,11,583,0,0,0,583,A
8-NS,12,0,2,0,583,585,C
8-NS,13,584,0,0,0,584,A
8-NS,14,0,0,1,589,590,C
8-NS,15,0,590,0,0,590,T
8-NS,16,0,0,632,0,632,G
8-NS,17,1,628,0,1,630,T
8-NS,18,0,0,639,0,639,G
8-NS,19,0,638,0,0,638,T
8-NS,20,0,0,0,637,637,C
8-NS,21,639,0,1,0,640,A
8-NS,22,636,0,2,0,638,A
8-NS,23,0,0,652,0,652,G
8-NS,24,0,668,0,0,668,T
8-NS,25,0,663,0,0,663,T
8-NS,26,0,668,0,1,669,T
8-NS,27,0,0,0,671,671,C
8-NS,28,0,0,1,675,676,C
8-NS,29,674,0,1,0,675,A
8-NS,30,0,0,692,0,692,G
8-NS,31,1,0,695,0,696,G
8-NS,32,0,699,0,0,699,T
8-NS,33,702,0,0,0,702,A
8-NS,34,0,0,707,0,707,G
8-NS,35,700,0,1,0,701,A
8-NS,36,0,709,0,0,709,T
8-NS,37,0,707,0,0,707,T
8-NS,38,0,0,720,0,720,G
8-NS,39,0,0,0,719,719,C
8-NS,40,1,715,0,2,718,T
8-NS,41,0,720,0,1,721,T
8-NS,42,0,721,0,1,722,T
8-NS,43,0,0,0,741,741,C
8-NS,44,0,736,0,0,736,T
8-NS,45,0,739,0,0,739,T
8-NS,46,0,737,0,1,738,T
8-NS,47,0,0,739,0,739,G
8-NS,48,1,2,733,0,736,G
8-NS,49,0,1,0,744,745,C
8-NS,50,743,0,0,0,743,A
8-NS,51,0,743,0,2,745,T
8-NS,52,752,0,0,0,752,A
8-NS,53,1,755,0,0,756,T
8-NS,54,0,0,0,763,763,C
8-NS,55,0,1,0,762,763,C
8-NS,56,1,0,763,0,764,G
8-NS,57,0,0,765,0,765,G
8-NS,58,764,0,0,0,764,A
8-NS,59,769,0,0,0,769,A
8-NS,60,773,0,1,0,774,A
8-NS,61,0,0,0,791,791,C
8-NS,62,794,0,1,0,795,A
8-NS,63,795,0,0,0,795,A
8-NS,64,0,0,841,0,841,G
8-NS,65,0,845,1,0,846,T
8-NS,66,0,844,0,0,844,T
8-NS,67,0,0,843,0,843,G
8-NS,68,0,845,0,0,845,T
8-NS,69,845,0,0,0,845,A
8-NS,70,0,2,849,0,851,G
8-NS,71,905,0,2,0,907,A
8-NS,72,0,0,0,912,912,C
8-NS,73,0,0,0,904,904,C
8-NS,74,901,0,1,0,902,A
8-NS,75,909,0,1,1,911,A
8-NS,76,3,0,966,0,969,G
8-NS,77,971,0,0,0,971,A
8-NS,78,974,0,1,0,975,A
8-NS,79,0,0,0,978,978,C
8-NS,80,0,950,0,1,951,T
8-NS,81,0,0,969,0,969,G
8-NS,82,960,0,1,0,961,A
8-NS,83,1,0,985,0,986,G
8-NS,84,0,988,0,0,988,T
8-NS,85,0,0,972,0,972,G
8-NS,86,971,1,0,0,972,A
8-NS,87,0,971,0,1,972,T
8-NS,88,0,0,981,0,981,G
8-NS,89,0,1,0,1002,1003,C
8-NS,90,0,0,0,999,999,C
8-NS,91,1,0,0,1001,1002,C
8-NS,92,0,0,0,1004,1004,C
8-NS,93,1002,1,0,0,1003,A
8-NS,94,0,1022,0,1,1023,T
8-NS,95,0,1029,0,0,1029,T
8-NS,96,0,0,0,1046,1046,C
8-NS,97,0,0,0,1033,1033,C
8-NS,98,0,1029,0,4,1033,T
8-NS,99,0,1025,0,1,1026,T
8-NS,100,0,1,1026,0,1027,G
8-NS,101,1018,0,0,0,1018,A
8-NS,102,0,1022,0,0,1022,T
8-NS,103,1,0,0,1022,1023,C
8-NS,104,0,1,1017,0,1018,G
8-NS,105,1,0,1020,0,1021,G
8-NS,106,0,0,0,1020,1020,C
8-NS,107,0,1011,0,2,1013,T
8-NS,108,0,1021,0,0,1021,T
8-NS,109,0,0,0,1022,1022,C
8-NS,110,0,0,1025,0,1025,G
8-NS,111,0,0,0,1035,1035,C
8-NS,112,0,0,0,1033,1033,C
8-NS,113,1,1,1032,0,1034,G
8-NS,114,1019,1,0,0,1020,A
8-NS,115,0,0,1084,0,1084,G
8-NS,116,1083,0,0,0,1083,A
8-NS,117,0,1076,0,0,1076,T
8-NS,118,1,0,0,1087,1088,C
8-NS,119,1080,0,1,0,1081,A
8-NS,120,0,0,1084,0,1084,G
8-NS,121,1076,0,0,0,1076,A
8-NS,122,0,1,1082,0,1083,G
8-NS,123,0,0,1090,0,1090,G
8-NS,124,0,1084,0,0,1084,T
8-NS,125,0,0,0,1150,1150,C
8-NS,126,0,0,0,1154,1154,C
8-NS,127,0,0,0,1158,1158,C
8-NS,128,0,1156,0,0,1156,T
8-NS,129,1162,0,0,0,1162,A
8-NS,130,1160,0,1,1,1162,A
8-NS,131,0,1,1188,0,1189,G
8-NS,132,0,0,1190,0,1190,G
8-NS,133,0,1,1179,0,1180,G
8-NS,134,0,0,1146,0,1146,G
8-NS,135,1133,0,0,0,1133,A
8-NS,136,1141,0,2,0,1143,A
8-NS,137,0,0,1157,0,1157,G
8-NS,138,1183,0,1,1,1185,A
8-NS,139,1,1,1203,0,1205,G
8-NS,140,0,0,1192,0,1192,G
8-NS,141,0,1,0,1187,1188,C
8-NS,142,1179,1,1,0,1181,A
8-NS,143,1186,1,2,0,1189,A
8-NS,144,0,1191,0,0,1191,T
8-NS,145,1191,0,0,0,1191,A
8-NS,146,0,0,0,1212,1212,C
8-NS,147,0,1160,0,2,1162,T
8-NS,148,0,0,0,1171,1171,C
8-NS,149,0,1144,0,1,1145,T
8-NS,150,0,2,0,1160,1162,C
8-NS,151,0,0,1177,0,1177,G
8-NS,152,0,0,1238,0,1238,G
8-NS,153,0,1229,0,0,1229,T
8-NS,154,1,0,1,1245,1247,C
8-NS,155,1,1229,0,2,1232,T
8-NS,156,1239,0,1,0,1240,A
8-NS,157,2,0,1240,0,1242,G
8-NS,158,1248,0,1,0,1249,A
8-NS,159,0,1,0,1287,1288,C
8-NS,160,1266,0,0,0,1266,A
8-NS,161,0,1240,0,2,1242,T
8-NS,162,0,1,0,1244,1245,C
8-NS,163,1241,0,0,0,1241,A
8-NS,164,1242,0,1,0,1243,A
8-NS,165,1234,1,1,0,1236,A
8-NS,166,1,0,1246,0,1247,G
8-NS,167,0,0,0,1249,1249,C
8-NS,168,1228,0,1,0,1229,A
8-NS,169,0,0,1230,0,1230,G
8-NS,170,0,0,0,1232,1232,C
8-NS,171,0,1,0,1239,1240,C
8-NS,172,1241,0,2,0,1243,A
8-NS,173,0,1,0,1256,1257,C
8-NS,174,0,0,0,1256,1256,C
8-NS,175,0,0,0,1260,1260,C
8-NS,176,1251,13,3,0,1267,A
8-NS,177,0,1271,0,1,1272,T
8-NS,178,0,0,1274,0,1274,G
8-NS,179,0,1269,0,2,1271,T
8-NS,180,0,1267,0,0,1267,T
8-NS,181,0,3,1260,0,1263,G
8-NS,182,1,0,1249,0,1250,G
8-NS,183,1240,0,0,0,1240,A
8-NS,184,1238,1,0,1,1240,A
8-NS,185,1218,0,3,0,1221,A
8-NS,186,0,0,1233,0,1233,G
8-NS,187,0,1,0,1228,1229,C
8-NS,188,1227,0,0,0,1227,A
8-NS,189,1226,0,2,0,1228,A
8-NS,190,1226,0,0,0,1226,A
8-NS,191,2,1233,0,0,1235,T
8-NS,192,0,1234,0,0,1234,T
8-NS,193,0,0,1271,0,1271,G
8-NS,194,0,1269,0,2,1271,T
8-NS,195,1270,0,0,0,1270,A
8-NS,196,0,0,1270,0,1270,G
8-NS,197,1269,0,1,0,1270,A
8-NS,198,1269,0,0,0,1269,A
8-NS,199,1271,0,0,1,1272,A
8-NS,200,1262,0,2,0,1264,A
8-NS,201,0,0,1273,0,1273,G
8-NS,202,1243,0,1,0,1244,A
8-NS,203,0,1243,0,0,1243,T
8-NS,204,0,1244,0,0,1244,T
8-NS,205,0,0,0,1245,1245,C
8-NS,206,0,1245,0,0,1245,T
8-NS,207,0,0,1250,0,1250,G
8-NS,208,1246,0,0,0,1246,A
8-NS,209,1245,0,0,0,1245,A
8-NS,210,1245,0,0,0,1245,A
8-NS,211,1,1,1253,0,1255,G
8-NS,212,1260,0,0,0,1260,A
8-NS,213,1248,0,3,0,1251,A
8-NS,214,0,0,1273,0,1273,G
8-NS,215,1284,0,2,0,1286,A
8-NS,216,1286,0,1,1,1288,A
8-NS,217,0,1286,0,0,1286,T
8-NS,218,0,0,0,1305,1305,C
8-NS,219,0,1301,0,1,1302,T
8-NS,220,0,0,1301,0,1301,G
8-NS,221,1295,0,0,0,1295,A
8-NS,222,0,1299,0,1,1300,T
8-NS,223,0,0,1288,0,1288,G
8-NS,224,1272,0,3,1,1276,A
8-NS,225,0,0,1279,0,1279,G
8-NS,226,0,0,1283,0,1283,G
8-NS,227,0,1,0,1279,1280,C
8-NS,228,1286,0,0,0,1286,A
8-NS,229,0,1,1,1317,1319,C
8-NS,230,0,1314,0,0,1314,T
8-NS,231,0,1316,0,3,1319,T
8-NS,232,1329,0,0,0,1329,A
8-NS,233,1329,1,0,0,1330,A
8-NS,234,1323,0,1,0,1324,A
8-NS,235,1323,0,1,0,1324,A
8-NS,236,0,1331,0,0,1331,T
8-NS,237,1,4,1331,0,1336,G
8-NS,238,1327,1,0,0,1328,A
8-NS,239,0,1,0,1332,1333,C
8-NS,240,0,0,0,1331,1331,C
8-NS,241,1337,0,1,0,1338,A
8-NS,242,1,1331,0,0,1332,T
8-NS,243,1,2,1365,0,1368,G
8-NS,244,0,0,1379,0,1379,G
8-NS,245,0,1394,0,2,1396,T
8-NS,246,3,1,0,1447,1451,C
8-NS,247,0,1446,0,0,1446,T
8-NS,248,4,0,0,1459,1463,C
8-NS,249,1,1,0,1461,1463,C
8-NS,250,1472,0,1,0,1473,A
8-NS,251,0,1,0,1492,1493,C
8-NS,252,1469,0,0,0,1469,A
8-NS,253,0,0,0,1458,1458,C
8-NS,254,0,0,0,1451,1451,C
8-NS,255,0,1354,0,1,1355,T
8-NS,256,0,0,1365,0,1365,G
8-NS,257,0,0,0,1357,1357,C
8-NS,258,1,1344,0,0,1345,T
8-NS,259,0,1356,0,1,1357,T
8-NS,260,0,0,0,1341,1341,C
8-NS,261,1,0,1349,0,1350,G
8-NS,262,0,0,0,1353,1353,C
8-NS,263,2,0,1354,0,1356,G
8-NS,264,1426,0,1,0,1427,A
8-NS,265,0,1438,0,1,1439,T
8-NS,266,1504,0,1,0,1505,A
8-NS,267,0,0,0,1512,1512,C
8-NS,268,1503,0,0,0,1503,A
8-NS,269,0,1546,0,0,1546,T
8-NS,270,1544,0,1,0,1545,A
8-NS,271,1556,0,0,0,1556,A
8-NS,272,0,0,0,1555,1555,C
8-NS,273,0,1506,0,0,1506,T
8-NS,274,0,3,1524,0,1527,G
8-NS,275,1498,0,0,0,1498,A
8-NS,276,0,0,0,1507,1507,C
8-NS,277,1502,0,3,0,1505,A
8-NS,278,0,1497,0,0,1497,T
8-NS,279,0,0,1504,0,1504,G
8-NS,280,1492,1,2,0,1495,A
8-NS,281,0,0,0,1564,1564,C
8-NS,282,0,1557,0,1,1558,T
8-NS,283,1583,0,0,0,1583,A
8-NS,284,0,1576,0,1,1577,T
8-NS,285,0,1557,0,0,1557,T
8-NS,286,0,0,1558,0,1558,G
8-NS,287,1548,0,5,0,1553,A
8-NS,288,0,1,1546,0,1547,G
8-NS,289,0,2,1537,0,1539,G
8-NS,290,1498,0,0,0,1498,A
8-NS,291,1512,1,1,0,1514,A
8-NS,292,0,1479,0,1,1480,T
8-NS,293,0,1483,0,0,1483,T
8-NS,294,0,0,1505,0,1505,G
8-NS,295,3,1499,0,1,1503,T
8-NS,296,1,1,0,1499,1501,C
8-NS,297,1508,0,0,0,1508,A
8-NS,298,1508,0,1,0,1509,A
8-NS,299,0,0,1510,1,1511,G
8-NS,300,1523,0,0,0,1523,A
8-NS,301,1510,2,1,0,1513,A
8-NS,302,1523,0,2,0,1525,A
8-NS,303,0,1,0,1533,1534,C
8-NS,304,0,1496,0,1,1497,T
8-NS,305,1,1,1533,0,1535,G
8-NS,306,0,0,1555,0,1555,G
8-NS,307,0,1554,0,0,1554,T
8-NS,308,0,1547,0,3,1550,T
8-NS,309,0,0,0,1547,1547,C
8-NS,310,1561,0,0,0,1561,A
8-NS,311,0,1578,0,0,1578,T
8-NS,312,0,2,1584,0,1586,G
8-NS,313,0,0,0,1596,1596,C
8-NS,314,0,1568,0,1,1569,T
8-NS,315,1555,0,2,0,1557,A
8-NS,316,1576,0,0,0,1576,A
8-NS,317,0,1577,0,1,1578,T
8-NS,318,0,0,1575,0,1575,G
8-NS,319,0,0,0,1578,1578,C
8-NS,320,2,1,0,1537,1540,C
8-NS,321,2,0,0,1556,1558,C
8-NS,322,1551,0,0,0,1551,A
8-NS,323,1572,0,0,1,1573,A
8-NS,324,0,0,1583,0,1583,G
8-NS,325,1,0,0,1575,1576,C
8-NS,326,1570,0,0,0,1570,A
8-NS,327,0,0,1584,0,1584,G
8-NS,328,1571,0,2,0,1573,A
8-NS,329,1580,0,0,0,1580,A
8-NS,330,1576,5,2,1,1584,A
8-NS,331,0,0,1629,0,1629,G
8-NS,332,0,1621,0,1,1622,T
8-NS,333,0,0,1608,0,1608,G
8-NS,334,0,0,1605,0,1605,G
8-NS,335,1605,0,1,2,1608,A
8-NS,336,1595,0,4,0,1599,A
8-NS,337,0,1,1601,0,1602,G
8-NS,338,0,0,1608,0,1608,G
8-NS,339,1610,0,1,0,1611,A
8-NS,340,0,0,0,1595,1595,C
8-NS,341,0,0,0,1581,1581,C
8-NS,342,1,1579,0,1,1581,T
8-NS,343,0,1,0,1605,1606,C
8-NS,344,0,1595,0,2,1597,T
8-NS,345,0,1608,0,0,1608,T
8-NS,346,0,1608,0,0,1608,T
8-NS,347,1,0,1610,0,1611,G
8-NS,348,0,1,0,1622,1623,C
8-NS,349,1603,1,1,0,1605,A
8-NS,350,0,1605,1,0,1606,T
8-NS,351,0,2,0,1602,1604,C
8-NS,352,1585,1,1,0,1587,A
8-NS,353,0,0,1642,0,1642,G
8-NS,354,1629,0,1,1,1631,A
8-NS,355,1634,1,0,0,1635,A
8-NS,356,1,1628,0,1,1630,T
8-NS,357,0,0,1605,0,1605,G
8-NS,358,1,1,1622,0,1624,G
8-NS,359,1626,0,1,0,1627,A
8-NS,360,0,0,0,1617,1617,C
8-NS,361,2,0,0,1582,1584,C
8-NS,362,1563,1,2,0,1566,A
8-NS,363,0,0,1591,0,1591,G
8-NS,364,1,0,1589,0,1590,G
8-NS,365,0,0,0,1602,1602,C
8-NS,366,1590,0,0,0,1590,A
8-NS,367,1594,1,1,0,1596,A
8-NS,368,0,1576,1,0,1577,T
8-NS,369,0,0,0,1586,1586,C
8-NS,370,1580,0,0,0,1580,A
8-NS,371,0,1581,0,1,1582,T
8-NS,372,0,1,1559,0,1560,G
8-NS,373,1,0,1573,0,1574,G
8-NS,374,1555,0,1,0,1556,A
8-NS,375,0,1,1567,0,1568,G
8-NS,376,1556,0,1,0,1557,A
8-NS,377,1557,2,0,0,1559,A
8-NS,378,1556,0,0,0,1556,A
8-NS,379,1555,0,0,0,1555,A
8-NS,380,1571,0,0,1,1572,A
8-NS,381,0,0,0,1577,1577,C
8-NS,382,1569,0,0,0,1569,A
8-NS,383,0,1553,0,0,1553,T
8-NS,384,0,0,0,1562,1562,C
8-NS,385,1550,0,1,1,1552,A
8-NS,386,0,1566,1,0,1567,T
8-NS,387,2,0,1576,0,1578,G
8-NS,388,0,1578,0,0,1578,T
8-NS,389,0,1558,0,0,1558,T
8-NS,390,0,1,1561,1,1563,G
8-NS,391,1562,0,1,0,1563,A
8-NS,392,1556,0,1,0,1557,A
8-NS,393,1553,0,4,0,1557,A
8-NS,394,0,0,1565,0,1565,G
8-NS,395,0,0,0,1555,1555,C
8-NS,396,3,0,1555,0,1558,G
8-NS,397,1559,0,0,0,1559,A
8-NS,398,1554,0,1,0,1555,A
8-NS,399,0,1557,0,0,1557,T
8-NS,400,0,1556,1,0,1557,T
8-NS,401,0,1560,0,0,1560,T
8-NS,402,1,1,0,1562,1564,C
8-NS,403,1545,0,0,1,1546,A
8-NS,404,1,0,1550,0,1551,G
8-NS,405,0,1552,0,1,1553,T
8-NS,406,0,0,1557,0,1557,G
8-NS,407,1,1545,1,3,1550,T
8-NS,408,0,1,1555,0,1556,G
8-NS,409,1564,0,1,0,1565,A
8-NS,410,0,1558,0,0,1558,T
8-NS,411,0,1560,0,0,1560,T
8-NS,412,0,1550,0,0,1550,T
8-NS,413,0,1554,0,0,1554,T
8-NS,414,0,1553,0,1,1554,T
8-NS,415,0,1,1549,1,1551,G
8-NS,416,17,0,1514,0,1531,G
8-NS,417,0,0,0,1541,1541,C
8-NS,418,1,1,0,1546,1548,C
8-NS,419,0,2,1557,0,1559,G
8-NS,420,1617,0,0,0,1617,A
8-NS,421,1,2,0,1658,1661,C
8-NS,422,0,1668,0,0,1668,T
8-NS,423,1669,0,1,0,1670,A
8-NS,424,0,0,1668,0,1668,G
8-NS,425,1678,0,3,0,1681,A
8-NS,426,3,2,1696,0,1701,G
8-NS,427,1696,0,1,0,1697,A
8-NS,428,2,0,0,1755,1757,C
8-NS,429,1,0,0,1700,1701,C
8-NS,430,1654,0,1,0,1655,A
8-NS,431,0,1760,0,1,1761,T
8-NS,432,1760,1,0,0,1761,A
8-NS,433,2,0,1931,0,1933,G
8-NS,434,0,1898,0,1,1899,T
8-NS,435,1882,0,2,0,1884,A
8-NS,436,0,1890,0,0,1890,T
8-NS,437,0,1839,0,0,1839,T
8-NS,438,1905,0,0,1,1906,A
8-NS,439,0,0,0,1900,1900,C
8-NS,440,1,1815,0,0,1816,T
8-NS,441,1810,0,0,1,1811,A
8-NS,442,1630,0,1,0,1631,A
8-NS,443,1,2,1644,0,1647,G
8-NS,444,1,1,1644,0,1646,G
8-NS,445,0,1,1637,0,1638,G
8-NS,446,0,2,0,1611,1613,C
8-NS,447,0,1568,0,3,1571,T
8-NS,448,0,1570,1,0,1571,T
8-NS,449,0,1594,0,0,1594,T
8-NS,450,2,0,0,1598,1600,C
8-NS,451,1607,0,2,0,1609,A
8-NS,452,1,1,0,1612,1614,C
8-NS,453,1,1,0,1597,1599,C
8-NS,454,0,0,1601,0,1601,G
8-NS,455,1590,0,0,1,1591,A
8-NS,456,1590,2,0,0,1592,A
8-NS,457,0,1,1603,0,1604,G
8-NS,458,1579,0,2,1,1582,A
8-NS,459,0,3,1596,0,1599,G
8-NS,460,0,0,1563,0,1563,G
8-NS,461,0,0,1585,1,1586,G
8-NS,462,1581,0,7,0,1588,A
8-NS,463,0,0,1594,0,1594,G
8-NS,464,0,1,1,1584,1586,C
8-NS,465,1586,0,0,0,1586,A
8-NS,466,1593,0,0,0,1593,A
8-NS,467,0,1587,1,0,1588,T
8-NS,468,0,1573,0,0,1573,T
8-NS,469,0,1,1578,0,1579,G
8-NS,470,0,1555,0,1,1556,T
8-NS,471,0,1559,0,0,1559,T
8-NS,472,0,2,1552,0,1554,G
8-NS,473,0,0,1555,0,1555,G
8-NS,474,1,2,0,1557,1560,C
8-NS,475,0,0,1561,0,1561,G
8-NS,476,1563,1,1,0,1565,A
8-NS,477,1573,1,0,0,1574,A
8-NS,478,1583,0,0,1,1584,A
8-NS,479,0,1588,0,0,1588,T
8-NS,480,0,0,0,1584,1584,C
8-NS,481,0,1576,0,0,1576,T
8-NS,482,0,0,0,1578,1578,C
8-NS,483,1588,0,2,0,1590,A
8-NS,484,0,0,0,1589,1589,C
8-NS,485,0,4,0,1589,1593,C
8-NS,486,1573,0,0,0,1573,A
8-NS,487,0,1569,0,0,1569,T
8-NS,488,0,1555,1,2,1558,T
8-NS,489,0,0,1566,0,1566,G
8-NS,490,1,2,0,1559,1562,C
8-NS,491,0,0,0,1567,1567,C
8-NS,492,0,1559,1,4,1564,T
8-NS,493,0,1551,0,2,1553,T
8-NS,494,0,1,0,1564,1565,C
8-NS,495,0,1561,0,2,1563,T
8-NS,496,0,1568,0,0,1568,T
8-NS,497,0,1578,0,0,1578,T
8-NS,498,0,1573,0,1,1574,T
8-NS,499,0,0,0,1581,1581,C
8-NS,500,0,0,0,1578,1578,C
8-NS,501,1569,1,1,0,1571,A
8-NS,502,2,0,1608,0,1610,G
8-NS,503,1,0,1607,0,1608,G
8-NS,504,1653,0,1,0,1654,A
8-NS,505,0,2,0,1650,1652,C
8-NS,506,1676,0,3,0,1679,A
8-NS,507,0,1683,0,1,1684,T
8-NS,508,1705,0,1,0,1706,A
8-NS,509,0,1,0,1824,1825,C
8-NS,510,0,1819,0,1,1820,T
8-NS,511,1807,0,1,0,1808,A
8-NS,512,0,1798,1,1,1800,T
8-NS,513,0,1732,0,0,1732,T
8-NS,514,0,0,1730,1,1731,G
8-NS,515,1647,0,4,0,1651,A
8-NS,516,3,1,1659,0,1663,G
8-NS,517,0,1,1654,0,1655,G
8-NS,518,1485,0,1,0,1486,A
8-NS,519,2,1489,0,2,1493,T
8-NS,520,0,0,1481,0,1481,G
8-NS,521,1,1465,0,3,1469,T
8-NS,522,1,0,0,1482,1483,C
8-NS,523,1485,1,1,0,1487,A
8-NS,524,1480,0,0,0,1480,A
8-NS,525,1478,0,0,0,1478,A
8-NS,526,1473,0,0,0,1473,A
8-NS,527,1484,0,0,0,1484,A
8-NS,528,0,1480,0,1,1481,T
8-NS,529,1,0,1470,0,1471,G
8-NS,530,0,0,0,1488,1488,C
8-NS,531,1479,1,1,0,1481,A
8-NS,532,1489,0,1,0,1490,A
8-NS,533,0,1487,0,0,1487,T
8-NS,534,0,1495,0,0,1495,T
8-NS,535,0,3,1476,0,1479,G
8-NS,536,1,3,1468,0,1472,G
8-NS,537,1,1,1479,1,1482,G
8-NS,538,0,2,1492,0,1494,G
8-NS,539,0,1453,0,4,1457,T
8-NS,540,1,0,0,1479,1480,C
8-NS,541,0,1,0,1477,1478,C
8-NS,542,0,1482,0,3,1485,T
8-NS,543,0,0,0,1502,1502,C
8-NS,544,1499,0,0,0,1499,A
8-NS,545,0,1505,0,0,1505,T
8-NS,546,0,0,0,1503,1503,C
8-NS,547,2,1,1479,0,1482,G
8-NS,548,0,1,1480,0,1481,G
8-NS,549,1459,0,0,0,1459,A
8-NS,550,1,0,1461,0,1462,G
8-NS,551,0,1,1476,0,1477,G
8-NS,552,1459,0,3,0,1462,A
8-NS,553,1,0,0,1474,1475,C
8-NS,554,0,1477,0,0,1477,T
8-NS,555,0,1467,0,0,1467,T
8-NS,556,0,0,1479,0,1479,G
8-NS,557,1473,0,1,0,1474,A
8-NS,558,1475,0,2,0,1477,A
8-NS,559,0,1477,0,0,1477,T
8-NS,560,0,0,1441,0,1441,G
8-NS,561,0,0,1465,0,1465,G
8-NS,562,1431,0,1,0,1432,A
8-NS,563,1450,0,0,0,1450,A
8-NS,564,0,1517,0,0,1517,T
8-NS,565,0,0,1535,0,1535,G
8-NS,566,1537,0,3,0,1540,A
8-NS,567,0,1544,0,0,1544,T
8-NS,568,1544,1,2,0,1547,A
8-NS,569,1558,0,3,1,1562,A
8-NS,570,0,1,0,1546,1547,C
8-NS,571,1518,0,1,0,1519,A
8-NS,572,0,1,0,1528,1529,C
8-NS,573,1423,0,0,0,1423,A
8-NS,574,1,0,1456,1,1458,G
8-NS,575,0,1441,0,0,1441,T
8-NS,576,0,1438,0,0,1438,T
8-NS,577,1,0,0,1436,1437,C
8-NS,578,3,0,1431,1,1435,G
8-NS,579,1431,0,0,0,1431,A
8-NS,580,0,0,1436,0,1436,G
8-NS,581,0,1418,0,0,1418,T
8-NS,582,0,0,0,1423,1423,C
8-NS,583,1,1372,0,2,1375,T
8-NS,584,0,0,0,1398,1398,C
8-NS,585,0,1395,0,1,1396,T
8-NS,586,1404,0,0,0,1404,A
8-NS,587,1399,0,0,0,1399,A
8-NS,588,1397,1,0,0,1398,A
8-NS,589,1407,0,0,0,1407,A
8-NS,590,1417,0,1,0,1418,A
8-NS,591,0,1391,0,0,1391,T
8-NS,592,1,0,0,1414,1415,C
8-NS,593,0,1397,0,1,1398,T
8-NS,594,1406,0,0,0,1406,A
8-NS,595,0,0,0,1406,1406,C
8-NS,596,1399,1,3,0,1403,A
8-NS,597,0,3,1400,0,1403,G
8-NS,598,1376,0,2,0,1378,A
8-NS,599,0,0,1375,0,1375,G
8-NS,600,1374,0,0,1,1375,A
8-NS,601,0,1348,0,0,1348,T
8-NS,602,1,1351,0,0,1352,T
8-NS,603,1,0,0,1358,1359,C
8-NS,604,1,0,1356,0,1357,G
8-NS,605,2,0,0,1358,1360,C
8-NS,606,0,1356,0,0,1356,T
8-NS,607,0,1364,0,0,1364,T
8-NS,608,0,1,1356,0,1357,G
8-NS,609,0,0,1370,0,1370,G
8-NS,610,1358,0,1,0,1359,A
8-NS,611,0,0,1370,0,1370,G
8-NS,612,1361,0,1,0,1362,A
8-NS,613,1348,0,0,0,1348,A
8-NS,614,0,0,1369,0,1369,G
8-NS,615,0,0,0,1370,1370,C
8-NS,616,1366,0,1,2,1369,A
8-NS,617,1,0,1390,0,1391,G
8-NS,618,1,1377,0,0,1378,T
8-NS,619,1386,0,0,0,1386,A
8-NS,620,1386,0,1,0,1387,A
8-NS,621,0,1381,0,0,1381,T
8-NS,622,0,3,1391,0,1394,G
8-NS,623,1323,0,1,0,1324,A
8-NS,624,0,0,1373,0,1373,G
8-NS,625,1356,1,1,0,1358,A
8-NS,626,1327,0,0,0,1327,A
8-NS,627,0,1315,0,0,1315,T
8-NS,628,0,1,1296,0,1297,G
8-NS,629,0,3,1297,0,1300,G
8-NS,630,0,0,1295,0,1295,G
8-NS,631,3,1,1279,0,1283,G
8-NS,632,0,0,1297,0,1297,G
8-NS,633,1263,1,2,0,1266,A
8-NS,634,0,0,0,1267,1267,C
8-NS,635,2,0,0,1272,1274,C
8-NS,636,0,1257,1,5,1263,T
8-NS,637,0,0,1,1275,1276,C
8-NS,638,1,0,0,1282,1283,C
8-NS,639,1284,0,0,0,1284,A
8-NS,640,0,0,0,1285,1285,C
8-NS,641,0,1269,0,0,1269,T
8-NS,642,0,1263,0,0,1263,T
8-NS,643,1227,0,0,0,1227,A
8-NS,644,0,0,0,1239,1239,C
8-NS,645,0,1232,0,2,1234,T
8-NS,646,1,1,0,1234,1236,C
8-NS,647,1,1,0,1212,1214,C
8-NS,648,1200,0,0,0,1200,A
8-NS,649,1202,0,0,0,1202,A
8-NS,650,1199,0,0,0,1199,A
8-NS,651,1200,1,1,0,1202,A
8-NS,652,0,0,0,1202,1202,C
8-NS,653,1151,0,0,0,1151,A
8-NS,654,0,0,1161,0,1161,G
8-NS,655,1155,0,0,0,1155,A
8-NS,656,1152,0,0,0,1152,A
8-NS,657,1156,0,0,0,1156,A
8-NS,658,0,1,0,1163,1164,C
8-NS,659,0,1,1162,0,1163,G
8-NS,660,0,0,1163,0,1163,G
8-NS,661,0,0,1163,0,1163,G
8-NS,662,1166,0,0,0,1166,A
8-NS,663,1160,0,0,0,1160,A
8-NS,664,1164,0,2,0,1166,A
8-NS,665,0,1162,0,1,1163,T
8-NS,666,0,0,1186,0,1186,G
8-NS,667,0,0,1181,0,1181,G
8-NS,668,1,1,0,1173,1175,C
8-NS,669,0,1,1178,0,1179,G
8-NS,670,1165,0,1,1,1167,A
8-NS,671,0,1,1183,0,1184,G
8-NS,672,1181,0,0,0,1181,A
8-NS,673,1183,0,0,0,1183,A
8-NS,674,0,0,0,1188,1188,C
8-NS,675,1164,0,1,0,1165,A
8-NS,676,0,0,1167,0,1167,G
8-NS,677,0,0,0,1161,1161,C
8-NS,678,0,1160,0,2,1162,T
8-NS,679,1164,0,0,0,1164,A
8-NS,680,1,0,1154,0,1155,G
8-NS,681,0,0,1157,0,1157,G
8-NS,682,1,1155,0,0,1156,T
8-NS,683,0,0,0,1130,1130,C
8-NS,684,1140,0,0,0,1140,A
8-NS,685,1139,0,0,0,1139,A
8-NS,686,1138,0,0,0,1138,A
8-NS,687,1151,0,1,0,1152,A
8-NS,688,8,0,1158,0,1166,G
8-NS,689,0,1119,0,0,1119,T
8-NS,690,0,1117,0,0,1117,T
8-NS,691,0,1116,0,0,1116,T
8-NS,692,0,0,1119,0,1119,G
8-NS,693,1115,1,1,0,1117,A
8-NS,694,1123,0,1,0,1124,A
8-NS,695,0,0,1133,0,1133,G
8-NS,696,1081,1,1,0,1083,A
8-NS,697,1,0,1092,0,1093,G
8-NS,698,1089,0,2,0,1091,A
8-NS,699,0,1093,0,0,1093,T
8-NS,700,1096,0,1,0,1097,A
8-NS,701,1087,0,1,0,1088,A
8-NS,702,0,0,1084,0,1084,G
8-NS,703,1014,0,1,0,1015,A
8-NS,704,0,1022,0,0,1022,T
8-NS,705,0,1,1024,0,1025,G
8-NS,706,0,0,1025,0,1025,G
8-NS,707,0,0,0,1025,1025,C
8-NS,708,0,1014,0,1,1015,T
8-NS,709,1022,0,0,0,1022,A
8-NS,710,1022,0,0,0,1022,A
8-NS,711,0,1023,0,1,1024,T
8-NS,712,0,1018,0,1,1019,T
8-NS,713,0,0,1020,0,1020,G
8-NS,714,1006,0,1,0,1007,A
8-NS,715,1003,0,2,0,1005,A
8-NS,716,0,0,1003,0,1003,G
8-NS,717,1001,0,1,0,1002,A
8-NS,718,999,0,0,0,999,A
8-NS,719,0,0,1013,0,1013,G
8-NS,720,0,982,0,1,983,T
8-NS,721,0,0,995,0,995,G
8-NS,722,984,0,3,0,987,A
8-NS,723,0,0,995,0,995,G
8-NS,724,999,0,1,0,1000,A
8-NS,725,0,0,1,992,993,C
8-NS,726,987,0,1,0,988,A
8-NS,727,0,0,0,988,988,C
8-NS,728,931,0,1,0,932,A
8-NS,729,0,0,980,0,980,G
8-NS,730,974,0,0,1,975,A
8-NS,731,0,961,0,0,961,T
8-NS,732,1,958,0,0,959,T
8-NS,733,964,0,0,0,964,A
8-NS,734,961,0,0,0,961,A
8-NS,735,2,0,836,0,838,G
8-NS,736,840,0,0,1,841,A
8-NS,737,846,0,0,0,846,A
8-NS,738,0,0,0,845,845,C
8-NS,739,810,0,0,0,810,A
8-NS,740,824,0,1,0,825,A
8-NS,741,1,0,0,826,827,C
8-NS,742,0,822,0,0,822,T
8-NS,743,0,1,823,0,824,G
8-NS,744,816,0,0,0,816,A
8-NS,745,815,1,0,0,816,A
8-NS,746,815,0,0,0,815,A
8-NS,747,805,0,0,0,805,A
8-NS,748,0,803,0,0,803,T
8-NS,749,766,0,0,0,766,A
8-NS,750,0,0,773,0,773,G
8-NS,751,0,0,0,767,767,C
8-NS,752,0,756,0,0,756,T
8-NS,753,0,758,0,0,758,T
8-NS,754,0,753,0,0,753,T
8-NS,755,0,0,753,0,753,G
8-NS,756,751,0,0,0,751,A
8-NS,757,756,0,0,0,756,A
8-NS,758,0,0,0,754,754,C
8-NS,759,735,0,1,0,736,A
8-NS,760,742,0,0,0,742,A
8-NS,761,743,0,1,0,744,A
8-NS,762,0,736,1,0,737,T
8-NS,763,744,0,0,0,744,A
8-NS,764,726,0,1,0,727,A
8-NS,765,0,0,0,732,732,C
8-NS,766,725,0,0,0,725,A
8-NS,767,0,714,0,0,714,T
8-NS,768,0,697,0,0,697,T
8-NS,769,0,0,0,690,690,C
8-NS,770,676,1,0,0,677,A
8-NS,771,0,673,0,1,674,T
8-NS,772,0,0,676,0,676,G
8-NS,773,0,0,0,657,657,C
8-NS,774,641,0,0,0,641,A
8-NS,775,646,0,1,0,647,A
8-NS,776,0,0,642,1,643,G
8-NS,777,0,0,0,647,647,C
8-NS,778,641,0,0,0,641,A
8-NS,779,0,640,0,1,641,T
8-NS,780,0,643,0,0,643,T
8-NS,781,643,0,1,0,644,A
8-NS,782,0,1,0,642,643,C
8-NS,783,632,1,0,0,633,A
8-NS,784,626,0,1,0,627,A
8-NS,785,0,0,0,625,625,C
8-NS,786,0,519,0,1,520,T
8-NS,787,0,0,522,0,522,G
8-NS,788,0,0,0,510,510,C
8-NS,789,0,491,0,0,491,T
8-NS,790,0,0,500,0,500,G
8-NS,791,0,485,0,1,486,T
8-NS,792,0,484,0,0,484,T
8-NS,793,0,485,0,0,485,T
8-NS,794,0,0,475,0,475,G
8-NS,795,475,0,0,0,475,A
8-NS,796,470,0,0,0,470,A
8-NS,797,0,0,470,0,470,G
8-NS,798,0,465,0,1,466,T
8-NS,799,0,0,435,0,435,G
8-NS,800,0,0,440,0,440,G
8-NS,801,437,0,1,0,438,A
8-NS,802,440,0,0,0,440,A
8-NS,803,0,1,0,436,437,C
8-NS,804,421,0,2,0,423,A
8-NS,805,0,0,422,0,422,G
8-NS,806,0,1,413,0,414,G
8-NS,807,404,0,0,0,404,A
8-NS,808,0,0,406,0,406,G
8-NS,809,344,0,0,0,344,A
8-NS,810,0,349,0,0,349,T
8-NS,811,346,0,0,0,346,A
8-NS,812,346,0,1,0,347,A
8-NS,813,0,0,348,0,348,G
8-NS,814,315,1,0,0,316,A
8-NS,815,311,0,0,0,311,A
8-NS,816,2,0,0,305,307,C
8-NS,817,0,246,0,1,247,T
8-NS,818,0,245,0,0,245,T
8-NS,819,0,238,0,0,238,T
8-NS,820,0,1,0,242,243,C
8-NS,821,0,234,0,1,235,T
8-NS,822,0,0,0,231,231,C
8-NS,823,223,0,0,0,223,A
8-NS,824,0,222,0,0,222,T
8-NS,825,0,216,0,0,216,T
8-NS,826,0,213,0,0,213,T
8-NS,827,0,0,0,216,216,C
8-NS,828,209,0,0,0,209,A
8-NS,829,0,0,209,0,209,G
8-NS,830,0,0,0,204,204,C
8-NS,831,0,180,0,0,180,T
8-NS,832,0,181,0,0,181,T
8-NS,833,179,1,0,0,180,A
8-NS,834,1,178,0,0,179,T
8-NS,835,0,178,0,0,178,T
8-NS,836,0,177,0,0,177,T
8-NS,837,173,0,0,0,173,A
8-NS,838,170,0,0,0,170,A
8-NS,839,0,165,0,0,165,T
8-NS,840,0,0,167,0,167,G
8-NS,841,158,0,0,0,158,A
8-NS,842,0,143,0,0,143,T
8-NS,843,143,0,0,0,143,A
8-NS,844,144,0,0,0,144,A
8-NS,845,142,0,1,0,143,A
8-NS,846,144,0,0,0,144,A
8-NS,847,142,0,0,0,142,A
8-NS,848,139,0,1,0,140,A
8-NS,849,0,0,0,140,140,C
8-NS,850,128,0,0,0,128,A
8-NS,851,0,0,0,127,127,C
8-NS,852,0,0,0,121,121,C
8-NS,853,0,0,0,118,118,C
8-NS,854,0,113,0,0,113,T
8-NS,855,0,108,0,0,108,T
8-NS,856,0,0,108,0,108,G
8-NS,857,0,100,0,0,100,T
8-NS,858,0,97,0,0,97,T
8-NS,859,0,93,0,0,93,T
8-NS,860,0,0,0,22,22,C
8-NS,861,0,15,0,0,15,T
8-NS,862,12,0,0,0,12,A
8-NS,863,0,0,0,11,11,C
