Gene,Position,A,T,G,C,Coverage,Consensus
1-PB2,1,276,0,0,0,276,A
1-PB2,2,0,276,0,0,276,T
1-PB2,3,0,0,284,0,284,G
1-PB2,4,0,0,285,0,285,G
1-PB2,5,283,0,0,0,283,A
1-PB2,6,286,0,0,0,286,A
1-PB2,7,287,0,0,0,287,A
1-PB2,8,0,0,313,0,313,G
1-PB2,9,313,0,1,0,314,A
1-PB2,10,317,0,0,0,317,A
1-PB2,11,0,325,0,0,325,T
1-PB2,12,325,0,0,0,325,A
1-PB2,13,326,0,0,0,326,A
1-PB2,14,327,0,0,0,327,A
1-PB2,15,325,0,1,0,326,A
1-PB2,16,0,0,336,0,336,G
1-PB2,17,336,0,0,0,336,A
1-PB2,18,338,0,0,0,338,A
1-PB2,19,0,1,0,341,342,C
1-PB2,20,0,345,0,0,345,T
1-PB2,21,354,0,0,0,354,A
1-PB2,22,0,0,0,353,353,C
1-PB2,23,0,1,352,0,353,G
1-PB2,24,0,0,360,0,360,G
1-PB2,25,356,0,4,0,360,A
1-PB2,26,362,0,0,0,362,A
1-PB2,27,0,365,0,0,365,T
1-PB2,28,0,0,0,366,366,C
1-PB2,29,0,366,0,1,367,T
1-PB2,30,0,0,374,0,374,G
1-PB2,31,375,0,0,0,375,A
1-PB2,32,0,375,0,0,375,T
1-PB2,33,0,0,374,0,374,G
1-PB2,34,0,378,0,0,378,T
1-PB2,35,0,0,0,378,378,C
1-PB2,36,0,0,378,0,378,G
1-PB2,37,0,0,0,379,379,C
1-PB2,38,380,0,0,0,380,A
1-PB2,39,0,0,408,0,408,G
1-PB2,40,0,409,0,0,409,T
1-PB2,41,0,0,0,409,409,C
1-PB2,42,0,408,0,0,408,T
1-PB2,43,0,0,0,408,408,C
1-PB2,44,0,0,407,0,407,G
1-PB2,45,0,0,0,406,406,C
1-PB2,46,409,0,0,0,409,A
1-PB2,47,0,0,0,416,416,C
1-PB2,48,0,414,0,0,414,T
1-PB2,49,0,1,0,428,429,C
1-PB2,50,0,0,430,0,430,G
1-PB2,51,0,0,0,429,429,C
1-PB2,52,0,1,430,0,431,G
1-PB2,53,427,0,0,0,427,A
1-PB2,54,0,0,430,0,430,G
1-PB2,55,444,0,0,0,444,A
1-PB2,56,0,444,0,0,444,T
1-PB2,57,444,0,0,0,444,A
1-PB2,58,0,0,0,443,443,C
1-PB2,59,0,443,0,0,443,T
1-PB2,60,0,1,449,0,450,G
1-PB2,61,451,0,0,0,451,A
1-PB2,62,1,0,0,455,456,C
1-PB2,63,456,0,0,0,456,A
1-PB2,64,455,0,0,0,455,A
1-PB2,65,470,0,0,0,470,A
1-PB2,66,479,1,0,0,480,A
1-PB2,67,482,0,0,0,482,A
1-PB2,68,1,0,0,488,489,C
1-PB2,69,1,0,0,486,487,C
1-PB2,70,502,0,0,0,502,A
1-PB2,71,0,0,0,507,507,C
1-PB2,72,507,0,0,0,507,A
1-PB2,73,0,1,531,0,532,G
1-PB2,74,0,529,0,0,529,T
1-PB2,75,0,0,547,0,547,G
1-PB2,76,0,0,555,0,555,G
1-PB2,77,556,1,0,0,557,A
1-PB2,78,0,0,0,587,587,C
1-PB2,79,0,0,0,587,587,C
1-PB2,80,595,0,0,0,595,A
1-PB2,81,0,595,0,1,596,T
1-PB2,82,595,0,0,0,595,A
1-PB2,83,0,596,0,0,596,T
1-PB2,84,0,1,593,0,594,G
1-PB2,85,0,0,597,0,597,G
1-PB2,86,0,0,0,594,594,C
1-PB2,87,0,0,0,590,590,C
1-PB2,88,590,0,0,0,590,A
1-PB2,89,0,630,0,0,630,T
1-PB2,90,626,0,0,1,627,A
1-PB2,91,660,0,1,0,661,A
1-PB2,92,0,658,0,0,658,T
1-PB2,93,0,653,0,0,653,T
1-PB2,94,663,0,0,0,663,A
1-PB2,95,664,0,0,0,664,A
1-PB2,96,0,0,679,0,679,G
1-PB2,97,676,1,1,0,678,A
1-PB2,98,679,0,0,0,679,A
1-PB2,99,0,0,713,0,713,G
1-PB2,100,0,706,0,1,707,T
1-PB2,101,707,0,3,0,710,A
1-PB2,102,1,1,0,709,711,C
1-PB2,103,710,1,1,0,712,A
1-PB2,104,0,1,0,732,733,C
1-PB2,105,726,1,0,0,727,A
1-PB2,106,0,729,0,1,730,T
1-PB2,107,0,0,0,730,730,C
1-PB2,108,0,3,724,0,727,G
1-PB2,109,0,5,721,0,726,G
1-PB2,110,0,0,728,0,728,G
1-PB2,111,0,0,728,0,728,G
1-PB2,112,729,0,1,0,730,A
1-PB2,113,0,0,731,1,732,G
1-PB2,114,724,1,1,0,726,A
1-PB2,115,0,0,0,737,737,C
1-PB2,116,738,0,1,0,739,A
1-PB2,117,0,0,742,0,742,G
1-PB2,118,0,1,754,0,755,G
1-PB2,119,753,0,2,0,755,A
1-PB2,120,753,0,0,0,753,A
1-PB2,121,757,0,0,1,758,A
1-PB2,122,753,1,1,0,755,A
1-PB2,123,0,0,755,0,755,G
1-PB2,124,746,1,0,0,747,A
1-PB2,125,745,0,2,0,747,A
1-PB2,126,0,0,0,749,749,C
1-PB2,127,1,1,0,748,750,C
1-PB2,128,2,0,0,749,751,C
1-PB2,129,0,1,751,0,752,G
1-PB2,130,0,753,1,0,754,T
1-PB2,131,0,0,0,759,759,C
1-PB2,132,766,0,0,0,766,A
1-PB2,133,0,0,0,775,775,C
1-PB2,134,0,774,0,0,774,T
1-PB2,135,0,776,0,0,776,T
1-PB2,136,778,0,0,0,778,A
1-PB2,137,0,0,786,0,786,G
1-PB2,138,7,0,781,0,788,G
1-PB2,139,785,0,2,0,787,A
1-PB2,140,0,785,0,0,785,T
1-PB2,141,1,3,788,0,792,G
1-PB2,142,806,0,0,0,806,A
1-PB2,143,806,0,1,0,807,A
1-PB2,144,807,0,1,0,808,A
1-PB2,145,0,805,0,1,806,T
1-PB2,146,0,1,805,0,806,G
1-PB2,147,0,0,812,0,812,G
1-PB2,148,811,0,1,0,812,A
1-PB2,149,0,815,0,0,815,T
1-PB2,150,0,1,807,0,808,G
1-PB2,151,809,0,1,0,810,A
1-PB2,152,0,809,0,0,809,T
1-PB2,153,0,0,809,0,809,G
1-PB2,154,1,1,812,0,814,G
1-PB2,155,0,0,0,813,813,C
1-PB2,156,806,0,0,1,807,A
1-PB2,157,811,0,0,0,811,A
1-PB2,158,0,812,0,0,812,T
1-PB2,159,0,1,846,0,847,G
1-PB2,160,848,0,0,0,848,A
1-PB2,161,838,1,0,0,839,A
1-PB2,162,846,0,2,0,848,A
1-PB2,163,0,859,0,0,859,T
1-PB2,164,866,0,0,0,866,A
1-PB2,165,0,0,0,885,885,C
1-PB2,166,1,1,0,879,881,C
1-PB2,167,0,0,0,884,884,C
1-PB2,168,875,0,1,0,876,A
1-PB2,169,875,0,0,0,875,A
1-PB2,170,0,879,0,0,879,T
1-PB2,171,0,0,0,879,879,C
1-PB2,172,877,1,1,0,879,A
1-PB2,173,0,1,0,893,894,C
1-PB2,174,0,881,0,0,881,T
1-PB2,175,0,0,885,0,885,G
1-PB2,176,0,0,0,885,885,C
1-PB2,177,0,883,0,1,884,T
1-PB2,178,1,1,893,0,895,G
1-PB2,179,894,0,0,0,894,A
1-PB2,180,0,0,0,903,903,C
1-PB2,181,901,0,0,0,901,A
1-PB2,182,891,0,0,1,892,A
1-PB2,183,896,2,0,0,898,A
1-PB2,184,889,0,1,0,890,A
1-PB2,185,0,1,912,0,913,G
1-PB2,186,0,1,912,0,913,G
1-PB2,187,909,0,0,0,909,A
1-PB2,188,1,909,0,0,910,T
1-PB2,189,895,0,3,0,898,A
1-PB2,190,910,0,0,0,910,A
1-PB2,191,0,0,0,917,917,C
1-PB2,192,916,0,0,0,916,A
1-PB2,193,0,0,916,0,916,G
1-PB2,194,905,0,0,0,905,A
1-PB2,195,906,0,0,0,906,A
1-PB2,196,906,0,0,0,906,A
1-PB2,197,0,907,0,1,908,T
1-PB2,198,0,2,905,0,907,G
1-PB2,199,0,0,917,0,917,G
1-PB2,200,0,911,0,3,914,T
1-PB2,201,0,913,0,1,914,T
1-PB2,202,0,0,0,913,913,C
1-PB2,203,3,0,0,910,913,C
1-PB2,204,915,0,0,0,915,A
1-PB2,205,0,2,913,1,916,G
1-PB2,206,912,0,3,0,915,A
1-PB2,207,0,0,922,0,922,G
1-PB2,208,905,0,2,0,907,A
1-PB2,209,0,0,918,0,918,G
1-PB2,210,915,0,1,0,916,A
1-PB2,211,913,0,1,0,914,A
1-PB2,212,917,0,0,0,917,A
1-PB2,213,0,915,0,0,915,T
1-PB2,214,0,0,923,1,924,G
1-PB2,215,920,0,1,0,921,A
1-PB2,216,919,0,0,0,919,A
1-PB2,217,0,1,0,918,919,C
1-PB2,218,914,0,0,0,914,A
1-PB2,219,916,0,0,0,916,A
1-PB2,220,0,0,936,0,936,G
1-PB2,221,0,0,942,0,942,G
1-PB2,222,947,1,0,0,948,A
1-PB2,223,0,0,0,947,947,C
1-PB2,224,945,0,0,0,945,A
1-PB2,225,950,0,0,0,950,A
1-PB2,226,991,0,3,0,994,A
1-PB2,227,0,0,0,996,996,C
1-PB2,228,1,987,0,2,990,T
1-PB2,229,0,0,0,1006,1006,C
1-PB2,230,0,990,0,0,990,T
1-PB2,231,997,0,0,0,997,A
1-PB2,232,0,994,0,0,994,T
1-PB2,233,0,2,998,0,1000,G
1-PB2,234,0,0,1019,0,1019,G
1-PB2,235,968,0,1,0,969,A
1-PB2,236,0,1,977,0,978,G
1-PB2,237,0,975,0,0,975,T
1-PB2,238,972,0,0,0,972,A
1-PB2,239,973,0,0,0,973,A
1-PB2,240,970,0,0,0,970,A
1-PB2,241,972,0,0,0,972,A
1-PB2,242,1,964,0,0,965,T
1-PB2,243,0,0,971,0,971,G
1-PB2,244,958,0,4,0,962,A
1-PB2,245,0,0,966,0,966,G
1-PB2,246,0,960,0,2,962,T
1-PB2,247,0,1,963,0,964,G
1-PB2,248,983,0,2,0,985,A
1-PB2,249,0,991,0,0,991,T
1-PB2,250,0,0,990,0,990,G
1-PB2,251,1,0,0,989,990,C
1-PB2,252,1,987,0,3,991,T
1-PB2,253,0,1,1015,0,1016,G
1-PB2,254,0,2,1022,0,1024,G
1-PB2,255,1036,0,0,0,1036,A
1-PB2,256,0,1031,0,2,1033,T
1-PB2,257,1,0,0,1048,1049,C
1-PB2,258,1058,0,0,0,1058,A
1-PB2,259,0,0,1082,0,1082,G
1-PB2,260,1079,2,0,0,1081,A
1-PB2,261,0,1083,0,0,1083,T
1-PB2,262,1063,0,1,0,1064,A
1-PB2,263,0,0,1083,0,1083,G
1-PB2,264,1074,0,2,0,1076,A
1-PB2,265,0,0,1089,0,1089,G
1-PB2,266,1,1071,1,1,1074,T
1-PB2,267,0,0,1074,0,1074,G
1-PB2,268,1044,1,2,0,1047,A
1-PB2,269,0,1049,0,0,1049,T
1-PB2,270,1,2,1064,0,1067,G
1-PB2,271,0,0,1082,0,1082,G
1-PB2,272,0,1066,0,0,1066,T
1-PB2,273,1066,0,0,0,1066,A
1-PB2,274,0,1048,1,0,1049,T
1-PB2,275,1,0,0,1052,1053,C
1-PB2,276,1066,0,0,0,1066,A
1-PB2,277,1,0,0,1082,1083,C
1-PB2,278,0,1,0,1081,1082,C
1-PB2,279,0,1068,0,1,1069,T
1-PB2,280,0,1057,0,0,1057,T
1-PB2,281,0,1055,0,0,1055,T
1-PB2,282,1,0,1070,0,1071,G
1-PB2,283,1,0,1069,0,1070,G
1-PB2,284,0,1,0,1087,1088,C
1-PB2,285,0,1075,0,2,1077,T
1-PB2,286,0,0,1090,0,1090,G
1-PB2,287,0,1091,0,0,1091,T
1-PB2,288,1089,0,0,0,1089,A
1-PB2,289,1098,1,1,0,1100,A
1-PB2,290,0,0,0,1097,1097,C
1-PB2,291,1081,0,0,0,1081,A
1-PB2,292,0,1076,0,2,1078,T
1-PB2,293,0,2,1063,0,1065,G
1-PB2,294,0,0,1079,0,1079,G
1-PB2,295,0,1069,0,0,1069,T
1-PB2,296,0,1,1060,0,1061,G
1-PB2,297,0,1,1083,0,1084,G
1-PB2,298,1080,0,1,0,1081,A
1-PB2,299,1083,0,0,1,1084,A
1-PB2,300,0,1086,0,0,1086,T
1-PB2,301,1083,0,1,0,1084,A
1-PB2,302,0,0,1104,0,1104,G
1-PB2,303,1082,0,0,1,1083,A
1-PB2,304,1082,0,0,0,1082,A
1-PB2,305,1078,0,0,0,1078,A
1-PB2,306,0,1068,0,0,1068,T
1-PB2,307,0,3,1067,0,1070,G
1-PB2,308,0,2,1072,0,1074,G
1-PB2,309,1077,0,1,0,1078,A
1-PB2,310,0,0,0,1079,1079,C
1-PB2,311,0,0,0,1070,1070,C
1-PB2,312,4,1,0,1066,1071,C
1-PB2,313,0,0,1079,0,1079,G
1-PB2,314,0,1082,0,1,1083,T
1-PB2,315,1,0,1100,0,1101,G
1-PB2,316,1103,0,0,0,1103,A
1-PB2,317,0,0,0,1108,1108,C
1-PB2,318,1103,0,0,0,1103,A
1-PB2,319,1094,0,2,0,1096,A
1-PB2,320,9,1,1113,0,1123,G
1-PB2,321,0,1123,0,0,1123,T
1-PB2,322,1122,0,1,0,1123,A
1-PB2,323,0,0,0,1110,1110,C
1-PB2,324,1,3,1090,0,1094,G
1-PB2,325,0,0,1126,0,1126,G
1-PB2,326,0,1115,0,2,1117,T
1-PB2,327,1,0,0,1127,1128,C
1-PB2,328,4,1,0,1122,1127,C
1-PB2,329,1108,0,0,0,1108,A
1-PB2,330,0,1108,0,0,1108,T
1-PB2,331,0,1109,0,0,1109,T
1-PB2,332,1156,0,2,0,1158,A
1-PB2,333,0,1,0,1151,1152,C
1-PB2,334,1,0,0,1125,1126,C
1-PB2,335,3,0,0,1119,1122,C
1-PB2,336,1113,0,0,0,1113,A
1-PB2,337,1122,0,2,0,1124,A
1-PB2,338,1119,0,1,0,1120,A
1-PB2,339,1117,0,1,0,1118,A
1-PB2,340,1,1,1131,0,1133,G
1-PB2,341,0,1093,0,0,1093,T
1-PB2,342,0,0,1110,0,1110,G
1-PB2,343,0,1108,0,2,1110,T
1-PB2,344,1109,0,1,0,1110,A
1-PB2,345,0,0,0,1108,1108,C
1-PB2,346,1098,0,1,0,1099,A
1-PB2,347,1101,0,0,0,1101,A
1-PB2,348,0,1,1109,0,1110,G
1-PB2,349,1097,0,0,0,1097,A
1-PB2,350,0,0,0,1096,1096,C
1-PB2,351,0,1082,0,1,1083,T
1-PB2,352,0,1094,0,0,1094,T
1-PB2,353,1090,0,0,0,1090,A
1-PB2,354,0,1090,0,1,1091,T
1-PB2,355,0,1092,0,0,1092,T
1-PB2,356,0,1090,0,0,1090,T
1-PB2,357,0,0,0,1079,1079,C
1-PB2,358,0,2,1077,0,1079,G
1-PB2,359,1077,0,0,0,1077,A
1-PB2,360,1,0,0,1077,1078,C
1-PB2,361,1070,0,0,0,1070,A
1-PB2,362,1074,1,0,0,1075,A
1-PB2,363,1068,0,1,0,1069,A
1-PB2,364,0,0,1090,0,1090,G
1-PB2,365,0,1082,0,3,1085,T
1-PB2,366,3,0,0,1085,1088,C
1-PB2,367,0,1,1089,0,1090,G
1-PB2,368,1088,1,0,0,1089,A
1-PB2,369,1085,0,2,0,1087,A
1-PB2,370,1088,0,1,0,1089,A
1-PB2,371,0,2,1115,0,1117,G
1-PB2,372,0,2,1118,0,1120,G
1-PB2,373,0,1100,0,0,1100,T
1-PB2,374,0,1102,0,0,1102,T
1-PB2,375,1101,0,1,0,1102,A
1-PB2,376,1103,1,0,0,1104,A
1-PB2,377,1102,0,0,0,1102,A
1-PB2,378,1115,0,0,0,1115,A
1-PB2,379,0,0,0,1124,1124,C
1-PB2,380,1109,0,0,0,1109,A
1-PB2,381,0,1104,0,0,1104,T
1-PB2,382,0,1,1101,0,1102,G
1-PB2,383,0,0,1103,0,1103,G
1-PB2,384,1102,0,0,0,1102,A
1-PB2,385,1105,0,2,0,1107,A
1-PB2,386,0,0,0,1135,1135,C
1-PB2,387,0,3,0,1134,1137,C
1-PB2,388,0,1130,0,1,1131,T
1-PB2,389,1,1132,0,1,1134,T
1-PB2,390,0,1132,0,2,1134,T
1-PB2,391,1,0,1131,0,1132,G
1-PB2,392,1,0,1135,0,1136,G
1-PB2,393,1,4,0,1131,1136,C
1-PB2,394,1,1,1,1123,1126,C
1-PB2,395,1,0,0,1126,1127,C
1-PB2,396,0,1097,0,0,1097,T
1-PB2,397,0,0,1117,0,1117,G
1-PB2,398,0,1116,0,0,1116,T
1-PB2,399,0,1112,0,3,1115,T
1-PB2,400,2,0,0,1112,1114,C
1-PB2,401,1114,0,0,0,1114,A
1-PB2,402,0,1112,0,0,1112,T
1-PB2,403,0,1109,0,1,1110,T
1-PB2,404,0,1109,0,1,1110,T
1-PB2,405,0,1113,0,0,1113,T
1-PB2,406,1099,0,1,0,1100,A
1-PB2,407,0,1,1100,0,1101,G
1-PB2,408,1098,1,0,0,1099,A
1-PB2,409,1101,0,0,0,1101,A
1-PB2,410,1101,0,0,0,1101,A
1-PB2,411,0,1095,0,0,1095,T
1-PB2,412,0,1,0,1097,1098,C
1-PB2,413,1098,0,0,0,1098,A
1-PB2,414,1104,0,1,1,1106,A
1-PB2,415,0,0,1109,1,1110,G
1-PB2,416,1,1109,0,0,1110,T
1-PB2,417,0,1,0,1109,1110,C
1-PB2,418,1115,0,0,0,1115,A
1-PB2,419,1116,0,1,0,1117,A
1-PB2,420,1,1,1114,0,1116,G
1-PB2,421,1122,0,0,0,1122,A
1-PB2,422,0,1119,0,0,1119,T
1-PB2,423,1125,0,0,0,1125,A
1-PB2,424,0,2,0,1121,1123,C
1-PB2,425,0,0,1127,0,1127,G
1-PB2,426,1,0,0,1157,1158,C
1-PB2,427,1148,0,0,0,1148,A
1-PB2,428,0,1,1157,0,1158,G
1-PB2,429,1154,0,0,0,1154,A
1-PB2,430,1152,1,0,0,1153,A
1-PB2,431,0,3,1173,0,1176,G
1-PB2,432,1148,0,0,0,1148,A
1-PB2,433,0,0,1151,0,1151,G
1-PB2,434,0,1145,0,0,1145,T
1-PB2,435,1139,0,0,1,1140,A
1-PB2,436,0,0,1159,0,1159,G
1-PB2,437,1163,0,1,0,1164,A
1-PB2,438,0,2,0,1196,1198,C
1-PB2,439,1181,0,0,0,1181,A
1-PB2,440,0,1164,0,0,1164,T
1-PB2,441,1162,0,0,0,1162,A
1-PB2,442,1159,0,0,0,1159,A
1-PB2,443,1179,0,0,0,1179,A
1-PB2,444,0,0,0,1187,1187,C
1-PB2,445,0,0,0,1161,1161,C
1-PB2,446,6,0,0,1143,1149,C
1-PB2,447,0,1104,0,0,1104,T
1-PB2,448,0,1,1114,0,1115,G
1-PB2,449,0,0,1132,0,1132,G
1-PB2,450,0,1132,0,0,1132,T
1-PB2,451,0,1,0,1124,1125,C
1-PB2,452,1143,0,0,0,1143,A
1-PB2,453,0,1139,1,0,1140,T
1-PB2,454,0,0,1149,0,1149,G
1-PB2,455,0,0,0,1145,1145,C
1-PB2,456,1135,0,2,1,1138,A
1-PB2,457,0,1,1146,0,1147,G
1-PB2,458,1113,0,2,1,1116,A
1-PB2,459,1,0,0,1129,1130,C
1-PB2,460,1,0,0,1126,1127,C
1-PB2,461,0,1105,0,1,1106,T
1-PB2,462,0,0,0,1107,1107,C
1-PB2,463,1100,0,0,0,1100,A
1-PB2,464,0,0,1134,0,1134,G
1-PB2,465,0,1132,1,1,1134,T
1-PB2,466,0,0,1124,0,1124,G
1-PB2,467,1,0,0,1121,1122,C
1-PB2,468,1,0,0,1107,1108,C
1-PB2,469,1104,0,3,1,1108,A
1-PB2,470,1106,0,0,0,1106,A
1-PB2,471,1102,0,3,0,1105,A
1-PB2,472,1,0,1113,0,1114,G
1-PB2,473,1093,0,0,0,1093,A
1-PB2,474,0,0,1093,0,1093,G
1-PB2,475,0,0,1088,0,1088,G
1-PB2,476,0,1,0,1083,1084,C
1-PB2,477,1092,0,0,0,1092,A
1-PB2,478,0,0,0,1099,1099,C
1-PB2,479,1096,0,0,0,1096,A
1-PB2,480,1117,0,2,0,1119,A
1-PB2,481,0,0,1130,0,1130,G
1-PB2,482,1143,0,0,0,1143,A
1-PB2,483,0,1138,0,0,1138,T
1-PB2,484,0,0,1138,0,1138,G
1-PB2,485,1,1141,0,0,1142,T
1-PB2,486,1147,0,0,0,1147,A
1-PB2,487,1147,0,0,0,1147,A
1-PB2,488,0,1148,0,0,1148,T
1-PB2,489,0,1124,0,0,1124,T
1-PB2,490,1116,0,0,0,1116,A
1-PB2,491,0,1088,0,1,1089,T
1-PB2,492,0,0,1084,0,1084,G
1-PB2,493,1,0,1084,1,1086,G
1-PB2,494,1082,0,0,0,1082,A
1-PB2,495,1076,0,0,0,1076,A
1-PB2,496,0,0,1078,0,1078,G
1-PB2,497,1,1071,0,0,1072,T
1-PB2,498,0,1076,0,0,1076,T
1-PB2,499,0,1,1086,0,1087,G
1-PB2,500,0,1083,0,0,1083,T
1-PB2,501,0,1077,0,1,1078,T
1-PB2,502,0,1081,0,0,1081,T
1-PB2,503,1,1083,0,1,1085,T
1-PB2,504,0,1090,0,1,1091,T
1-PB2,505,0,1,0,1091,1092,C
1-PB2,506,1,1,0,1090,1092,C
1-PB2,507,2,0,0,1095,1097,C
1-PB2,508,1095,0,0,0,1095,A
1-PB2,509,1099,0,0,0,1099,A
1-PB2,510,0,1107,0,0,1107,T
1-PB2,511,0,0,1109,0,1109,G
1-PB2,512,1113,0,0,0,1113,A
1-PB2,513,1106,0,0,0,1106,A
1-PB2,514,0,0,1111,0,1111,G
1-PB2,515,0,1105,1,1,1107,T
1-PB2,516,0,2,1099,0,1101,G
1-PB2,517,0,3,1102,0,1105,G
1-PB2,518,0,1,1102,0,1103,G
1-PB2,519,1109,0,2,0,1111,A
1-PB2,520,0,1,1103,0,1104,G
1-PB2,521,1,0,0,1109,1110,C
1-PB2,522,0,0,0,1115,1115,C
1-PB2,523,1113,0,1,0,1114,A
1-PB2,524,0,0,1134,0,1134,G
1-PB2,525,0,0,1141,0,1141,G
1-PB2,526,1144,1,0,0,1145,A
1-PB2,527,0,1142,0,1,1143,T
1-PB2,528,1142,0,1,0,1143,A
1-PB2,529,3,0,0,1143,1146,C
1-PB2,530,0,1135,1,0,1136,T
1-PB2,531,1126,0,4,0,1130,A
1-PB2,532,1124,1,0,0,1125,A
1-PB2,533,0,0,0,1129,1129,C
1-PB2,534,1101,0,0,0,1101,A
1-PB2,535,0,1097,1,0,1098,T
1-PB2,536,0,0,0,1099,1099,C
1-PB2,537,1091,0,0,0,1091,A
1-PB2,538,0,3,1096,0,1099,G
1-PB2,539,1100,0,0,0,1100,A
1-PB2,540,1096,0,0,0,1096,A
1-PB2,541,0,1092,0,2,1094,T
1-PB2,542,0,0,0,1081,1081,C
1-PB2,543,1083,0,1,1,1085,A
1-PB2,544,0,0,0,1102,1102,C
1-PB2,545,1101,0,1,0,1102,A
1-PB2,546,1106,2,2,0,1110,A
1-PB2,547,0,1102,1,0,1103,T
1-PB2,548,0,1097,0,0,1097,T
1-PB2,549,1099,0,0,0,1099,A
1-PB2,550,1102,0,1,0,1103,A
1-PB2,551,0,0,0,1106,1106,C
1-PB2,552,1097,0,0,0,1097,A
1-PB2,553,1079,0,0,1,1080,A
1-PB2,554,0,1084,0,0,1084,T
1-PB2,555,1085,0,0,0,1085,A
1-PB2,556,1088,0,0,0,1088,A
1-PB2,557,1,0,0,1084,1085,C
1-PB2,558,0,1077,0,1,1078,T
1-PB2,559,1077,0,0,0,1077,A
1-PB2,560,1075,0,0,0,1075,A
1-PB2,561,1071,0,0,0,1071,A
1-PB2,562,0,0,1077,0,1077,G
1-PB2,563,1057,0,0,0,1057,A
1-PB2,564,0,0,1068,0,1068,G
1-PB2,565,1066,0,0,0,1066,A
1-PB2,566,1062,1,1,0,1064,A
1-PB2,567,1060,0,0,0,1060,A
1-PB2,568,1064,0,0,0,1064,A
1-PB2,569,1073,0,1,0,1074,A
1-PB2,570,1071,0,0,0,1071,A
1-PB2,571,0,1,1071,1,1073,G
1-PB2,572,1072,0,0,0,1072,A
1-PB2,573,1065,0,1,0,1066,A
1-PB2,574,1,1,1065,0,1067,G
1-PB2,575,1065,0,2,0,1067,A
1-PB2,576,1065,0,0,0,1065,A
1-PB2,577,0,0,0,1073,1073,C
1-PB2,578,0,1062,0,0,1062,T
1-PB2,579,1,0,0,1068,1069,C
1-PB2,580,1,1,0,1063,1065,C
1-PB2,581,0,1,1069,0,1070,G
1-PB2,582,1065,0,0,0,1065,A
1-PB2,583,0,0,1069,0,1069,G
1-PB2,584,1062,0,0,0,1062,A
1-PB2,585,0,1061,0,0,1061,T
1-PB2,586,0,1049,0,2,1051,T
1-PB2,587,0,0,1056,0,1056,G
1-PB2,588,2,1,0,1048,1051,C
1-PB2,589,1053,0,1,0,1054,A
1-PB2,590,1056,0,0,0,1056,A
1-PB2,591,1054,0,0,0,1054,A
1-PB2,592,1062,0,0,1,1063,A
1-PB2,593,0,1061,0,0,1061,T
1-PB2,594,0,1057,0,0,1057,T
1-PB2,595,0,1058,1,1,1060,T
1-PB2,596,1,0,0,1059,1060,C
1-PB2,597,0,1046,1,7,1054,T
1-PB2,598,0,0,0,1264,1264,C
1-PB2,599,1,0,0,1270,1271,C
1-PB2,600,3,0,0,1563,1566,C
1-PB2,601,0,1561,0,0,1561,T
1-PB2,602,2,1599,0,2,1603,T
1-PB2,603,0,0,1617,0,1617,G
1-PB2,604,1622,0,1,0,1623,A
1-PB2,605,0,1671,0,0,1671,T
1-PB2,606,1,2,1735,3,1741,G
1-PB2,607,0,2,2156,0,2158,G
1-PB2,608,2,2244,0,1,2247,T
1-PB2,609,0,2254,0,0,2254,T
1-PB2,610,3,1,2598,0,2602,G
1-PB2,611,1,1,0,2624,2626,C
1-PB2,612,2720,1,1,0,2722,A
1-PB2,613,1,2725,0,3,2729,T
1-PB2,614,2772,0,0,8,2780,A
1-PB2,615,2,1,0,2972,2975,C
1-PB2,616,3613,0,1,10,3624,A
1-PB2,617,0,3735,0,1,3736,T
1-PB2,618,0,1,3996,0,3997,G
1-PB2,619,1,3982,0,8,3991,T
1-PB2,620,0,3994,0,1,3995,T
1-PB2,621,4002,0,0,0,4002,A
1-PB2,622,1,5,4009,0,4015,G
1-PB2,623,4066,1,3,0,4070,A
1-PB2,624,1,5,4144,0,4150,G
1-PB2,625,4066,1,6,1,4074,A
1-PB2,626,0,6,4103,0,4109,G
1-PB2,627,4082,1,1,0,4084,A
1-PB2,628,1,2,4115,0,4118,G
1-PB2,629,4125,1,4,0,4130,A
1-PB2,630,4143,0,1,0,4144,A
1-PB2,631,0,0,0,4175,4175,C
1-PB2,632,1,4159,0,0,4160,T
1-PB2,633,1,4152,0,1,4154,T
1-PB2,634,2,1,4160,1,4164,G
1-PB2,635,2,4163,0,0,4165,T
1-PB2,636,4168,2,1,0,4171,A
1-PB2,637,0,2,0,4167,4169,C
1-PB2,638,1,0,4164,0,4165,G
1-PB2,639,4169,0,2,0,4171,A
1-PB2,640,4171,0,2,0,4173,A
1-PB2,641,4225,1,1,0,4227,A
1-PB2,642,4226,0,2,0,4228,A
1-PB2,643,4227,0,0,0,4227,A
1-PB2,644,1,3,0,4243,4247,C
1-PB2,645,4243,2,1,0,4246,A
1-PB2,646,4254,0,2,0,4256,A
1-PB2,647,1,1,4309,0,4311,G
1-PB2,648,4319,1,0,0,4320,A
1-PB2,649,0,4318,0,1,4319,T
1-PB2,650,0,4308,1,0,4309,T
1-PB2,651,0,4329,0,2,4331,T
1-PB2,652,1,1,0,4338,4340,C
1-PB2,653,1,4347,0,6,4354,T
1-PB2,654,8,3,0,4356,4367,C
1-PB2,655,4,2,0,4344,4350,C
1-PB2,656,11,0,1,4352,4364,C
1-PB2,657,4365,0,2,1,4368,A
1-PB2,658,2,2,4423,0,4427,G
1-PB2,659,1,4431,1,3,4436,T
1-PB2,660,1,4428,1,0,4430,T
1-PB2,661,2,0,4434,0,4436,G
1-PB2,662,2,2,0,4426,4430,C
1-PB2,663,0,4424,0,2,4426,T
1-PB2,664,0,1,4431,1,4433,G
1-PB2,665,1,0,4423,0,4424,G
1-PB2,666,0,2,0,4434,4436,C
1-PB2,667,0,4,4449,0,4453,G
1-PB2,668,1,3,4513,0,4517,G
1-PB2,669,4541,1,5,0,4547,A
1-PB2,670,4549,1,4,0,4554,A
1-PB2,671,0,5,0,4558,4563,C
1-PB2,672,4595,0,3,0,4598,A
1-PB2,673,4603,0,0,0,4603,A
1-PB2,674,1,0,4802,0,4803,G
1-PB2,675,1,2,0,4899,4902,C
1-PB2,676,4950,1,2,0,4953,A
1-PB2,677,1,2,6339,0,6342,G
1-PB2,678,1,6340,0,4,6345,T
1-PB2,679,6394,0,1,0,6395,A
1-PB2,680,0,6394,0,1,6395,T
1-PB2,681,6385,1,35,0,6421,A
1-PB2,682,2,6419,0,3,6424,T
1-PB2,683,6369,1,1,0,6371,A
1-PB2,684,0,1,1,6441,6443,C
1-PB2,685,6239,0,2,0,6241,A
1-PB2,686,1,5996,2,5,6004,T
1-PB2,687,0,5873,0,2,5875,T
1-PB2,688,1,1,5881,0,5883,G
1-PB2,689,5884,1,0,0,5885,A
1-PB2,690,5868,1,3,0,5872,A
1-PB2,691,0,1,5972,0,5973,G
1-PB2,692,0,5954,1,0,5955,T
1-PB2,693,0,5915,0,1,5916,T
1-PB2,694,1,5919,0,3,5923,T
1-PB2,695,0,5932,0,0,5932,T
1-PB2,696,5976,2,4,0,5982,A
1-PB2,697,1,0,0,6033,6034,C
1-PB2,698,6039,1,2,1,6043,A
1-PB2,699,1,6029,1,3,6034,T
1-PB2,700,0,6002,0,0,6002,T
1-PB2,701,0,6011,0,3,6014,T
1-PB2,702,0,5,6100,0,6105,G
1-PB2,703,6144,2,3,0,6149,A
1-PB2,704,0,0,0,6192,6192,C
1-PB2,705,2,6165,0,5,6172,T
1-PB2,706,2,0,0,6169,6171,C
1-PB2,707,6158,1,3,0,6162,A
1-PB2,708,10,16,6105,1,6132,G
1-PB2,709,0,12,6269,0,6281,G
1-PB2,710,1,14,6285,0,6300,G
1-PB2,711,6307,0,8,0,6315,A
1-PB2,712,6314,1,5,1,6321,A
1-PB2,713,0,2,0,6327,6329,C
1-PB2,714,3,1,6402,1,6407,G
1-PB2,715,0,6403,0,2,6405,T
1-PB2,716,3,1,6448,0,6452,G
1-PB2,717,0,6403,1,3,6407,T
1-PB2,718,0,6404,0,1,6405,T
1-PB2,719,2,13,6426,0,6441,G
1-PB2,720,2,5,6419,0,6426,G
1-PB2,721,0,5,6516,1,6522,G
1-PB2,722,6494,0,5,2,6501,A
1-PB2,723,6477,2,2,1,6482,A
1-PB2,724,2,1,1,6689,6693,C
1-PB2,725,6677,1,1,0,6679,A
1-PB2,726,6894,1,0,1,6896,A
1-PB2,727,6918,1,2,1,6922,A
1-PB2,728,0,6991,0,0,6991,T
1-PB2,729,3,1,7106,0,7110,G
1-PB2,730,0,7083,0,2,7085,T
1-PB2,731,7086,0,5,0,7091,A
1-PB2,732,3,2,1,7124,7130,C
1-PB2,733,7027,0,6,0,7033,A
1-PB2,734,0,0,1,7036,7037,C
1-PB2,735,0,6882,1,10,6893,T
1-PB2,736,7,3,0,7587,7597,C
1-PB2,737,5,1,0,7599,7605,C
1-PB2,738,7736,0,7,0,7743,A
1-PB2,739,0,8,7804,1,7813,G
1-PB2,740,1,5,8003,0,8009,G
1-PB2,741,1,7985,0,5,7991,T
1-PB2,742,2,5,7996,1,8004,G
1-PB2,743,2,3,7819,1,7825,G
1-PB2,744,7765,1,12,0,7778,A
1-PB2,745,0,13,7821,0,7834,G
1-PB2,746,1,8,7833,0,7842,G
1-PB2,747,7767,4,5,0,7776,A
1-PB2,748,1,1,7859,0,7861,G
1-PB2,749,4,7733,1,2,7740,T
1-PB2,750,0,3,7776,1,7780,G
1-PB2,751,7780,1,6,0,7787,A
1-PB2,752,2,2,7800,2,7806,G
1-PB2,753,0,4,7834,0,7838,G
1-PB2,754,7801,3,2,0,7806,A
1-PB2,755,7810,1,8,0,7819,A
1-PB2,756,1,7842,1,2,7846,T
1-PB2,757,1,2,7829,1,7833,G
1-PB2,758,7828,0,14,0,7842,A
1-PB2,759,0,2,1,7793,7796,C
1-PB2,760,3,6,7798,0,7807,G
1-PB2,761,7922,0,3,0,7925,A
1-PB2,762,1,7875,1,3,7880,T
1-PB2,763,3,3,7926,0,7932,G
1-PB2,764,1,7913,0,5,7919,T
1-PB2,765,0,7871,0,1,7872,T
1-PB2,766,5,9,7904,0,7918,G
1-PB2,767,7919,2,9,0,7930,A
1-PB2,768,0,3,0,7924,7927,C
1-PB2,769,9,3,0,7899,7911,C
1-PB2,770,7833,1,2,0,7836,A
1-PB2,771,7855,0,3,1,7859,A
1-PB2,772,7867,0,7,0,7874,A
1-PB2,773,1,1,8033,1,8036,G
1-PB2,774,1,5,0,8043,8049,C
1-PB2,775,4,2,0,8027,8033,C
1-PB2,776,0,8069,0,3,8072,T
1-PB2,777,8085,0,2,0,8087,A
1-PB2,778,8079,1,3,0,8083,A
1-PB2,779,1,8118,0,2,8121,T
1-PB2,780,0,8092,0,1,8093,T
1-PB2,781,8050,0,0,0,8050,A
1-PB2,782,1,7911,1,2,7915,T
1-PB2,783,3,7875,0,5,7883,T
1-PB2,784,1,5,7834,0,7840,G
1-PB2,785,2,42,0,7794,7838,C
1-PB2,786,53,7,7791,0,7851,G
1-PB2,787,2,2,8010,1,8015,G
1-PB2,788,2,4,0,7990,7996,C
1-PB2,789,0,3,0,8045,8048,C
1-PB2,790,8033,0,3,0,8036,A
1-PB2,791,1,7,8148,1,8157,G
1-PB2,792,0,6,8234,1,8241,G
1-PB2,793,8231,0,8,2,8241,A
1-PB2,794,8275,3,8,0,8286,A
1-PB2,795,22,52,0,8256,8330,C
1-PB2,796,8252,1,2,0,8255,A
1-PB2,797,1,8406,0,1,8408,T
1-PB2,798,8552,1,9,1,8563,A
1-PB2,799,0,1,8634,1,8636,G
1-PB2,800,3,8561,1,3,8568,T
1-PB2,801,8537,1,3,1,8542,A
1-PB2,802,8522,3,4,1,8530,A
1-PB2,803,1,9,8539,0,8549,G
1-PB2,804,8511,0,4,0,8515,A
1-PB2,805,8394,1,3,2,8400,A
1-PB2,806,2,5,8395,0,8402,G
1-PB2,807,8224,0,12,3,8239,A
1-PB2,808,3,1,8229,0,8233,G
1-PB2,809,3,4,0,8243,8250,C
1-PB2,810,4,3,1,8231,8239,C
1-PB2,811,3,2,8254,0,8259,G
1-PB2,812,3,2,0,8295,8300,C
1-PB2,813,8342,0,6,1,8349,A
1-PB2,814,1,3,8911,0,8915,G
1-PB2,815,0,8897,0,1,8898,T
1-PB2,816,8943,0,0,0,8943,A
1-PB2,817,3,8885,0,1,8889,T
1-PB2,818,2,0,0,8957,8959,C
1-PB2,819,8939,4,9,0,8952,A
1-PB2,820,7,2,8960,0,8969,G
1-PB2,821,0,0,0,8959,8959,C
1-PB2,822,8662,2,7,0,8671,A
1-PB2,823,1,3,8604,0,8608,G
1-PB2,824,8635,1,11,0,8647,A
1-PB2,825,1,8632,0,0,8633,T
1-PB2,826,8,0,0,8669,8677,C
1-PB2,827,17,2,0,8664,8683,C
1-PB2,828,8699,0,5,0,8704,A
1-PB2,829,4,1,0,8707,8712,C
1-PB2,830,1,8701,0,0,8702,T
1-PB2,831,8731,1,3,2,8737,A
1-PB2,832,1,2,8715,0,8718,G
1-PB2,833,1,2,0,8652,8655,C
1-PB2,834,8649,1,3,0,8653,A
1-PB2,835,2,8663,0,1,8666,T
1-PB2,836,4,0,0,8790,8794,C
1-PB2,837,2,8757,0,6,8765,T
1-PB2,838,0,8953,0,0,8953,T
1-PB2,839,1,8980,0,0,8981,T
1-PB2,840,8975,1,0,0,8976,A
1-PB2,841,1,8984,0,4,8989,T
1-PB2,842,2,8952,2,1,8957,T
1-PB2,843,4,10,8938,0,8952,G
1-PB2,844,0,7,8953,0,8960,G
1-PB2,845,8831,1,8,0,8840,A
1-PB2,846,0,3,8869,0,8872,G
1-PB2,847,8804,2,12,0,8818,A
1-PB2,848,0,8781,0,2,8783,T
1-PB2,849,0,5,8968,1,8974,G
1-PB2,850,6,8963,1,5,8975,T
1-PB2,851,1,0,8959,0,8960,G
1-PB2,852,1,1,0,8981,8983,C
1-PB2,853,5,4,2,8939,8950,C
1-PB2,854,8964,0,11,0,8975,A
1-PB2,855,4,2,0,8966,8972,C
1-PB2,856,8878,0,7,0,8885,A
1-PB2,857,3,4,8998,0,9005,G
1-PB2,858,2,3,1,8860,8866,C
1-PB2,859,8844,1,7,0,8852,A
1-PB2,860,3,3,0,8850,8856,C
1-PB2,861,8823,2,5,2,8832,A
1-PB2,862,0,0,0,8903,8903,C
1-PB2,863,8875,0,0,1,8876,A
1-PB2,864,8876,1,4,1,8882,A
1-PB2,865,8874,2,9,0,8885,A
1-PB2,866,1,8714,2,2,8719,T
1-PB2,867,1,8723,1,1,8726,T
1-PB2,868,1,5,8710,0,8716,G
1-PB2,869,0,2,8704,0,8706,G
1-PB2,870,2,3,0,8703,8708,C
1-PB2,871,3,11,8646,1,8661,G
1-PB2,872,2,8,8784,0,8794,G
1-PB2,873,2,11,8855,0,8868,G
1-PB2,874,8870,2,3,0,8875,A
1-PB2,875,2,5,0,8874,8881,C
1-PB2,876,8881,1,4,1,8887,A
1-PB2,877,8888,0,16,2,8906,A
1-PB2,878,1,14,8971,0,8986,G
1-PB2,879,1,6,9013,1,9021,G
1-PB2,880,9053,2,6,0,9061,A
1-PB2,881,2,8745,1,4,8752,T
1-PB2,882,2,13,8638,0,8653,G
1-PB2,883,1,4,8700,0,8705,G
1-PB2,884,2,8658,0,5,8665,T
1-PB2,885,8,12,8644,1,8665,G
1-PB2,886,3,6,8638,2,8649,G
1-PB2,887,8552,0,11,1,8564,A
1-PB2,888,2,6,0,8545,8553,C
1-PB2,889,8462,1,3,1,8467,A
1-PB2,890,0,9543,0,3,9546,T
1-PB2,891,0,9528,0,5,9533,T
1-PB2,892,3,0,0,9547,9550,C
1-PB2,893,1,9498,1,5,9505,T
1-PB2,894,0,9506,0,3,9509,T
1-PB2,895,9515,0,1,0,9516,A
1-PB2,896,0,6,9552,1,9559,G
1-PB2,897,9539,2,7,1,9549,A
1-PB2,898,1,2,1,9545,9549,C
1-PB2,899,8328,0,0,0,8328,A
1-PB2,900,2,5,8427,0,8434,G
1-PB2,901,8393,3,10,0,8406,A
1-PB2,902,8414,1,5,0,8420,A
1-PB2,903,2,1,0,8400,8403,C
1-PB2,904,92,1,0,8299,8392,C
1-PB2,905,19,4,0,8356,8379,C
1-PB2,906,1,9,8374,0,8384,G
1-PB2,907,8392,2,5,0,8399,A
1-PB2,908,3,1,0,8424,8428,C
1-PB2,909,3,8318,0,5,8326,T
1-PB2,910,2,5,8376,0,8383,G
1-PB2,911,8354,1,9,0,8364,A
1-PB2,912,8386,0,8,0,8394,A
1-PB2,913,2,5,8426,0,8433,G
1-PB2,914,8397,1,3,0,8401,A
1-PB2,915,8401,3,5,1,8410,A
1-PB2,916,2,0,0,8392,8394,C
1-PB2,917,8360,1,3,0,8364,A
1-PB2,918,8412,0,5,0,8417,A
1-PB2,919,1,4,8504,0,8509,G
1-PB2,920,0,2,0,8555,8557,C
1-PB2,921,1,8483,0,2,8486,T
1-PB2,922,3,3,8636,0,8642,G
1-PB2,923,5,8599,0,3,8607,T
1-PB2,924,1,9,8752,0,8762,G
1-PB2,925,3,10,9047,0,9060,G
1-PB2,926,9053,5,12,1,9071,A
1-PB2,927,1,9056,0,2,9059,T
1-PB2,928,8979,1,2,1,8983,A
1-PB2,929,0,8902,0,4,8906,T
1-PB2,930,9210,0,1,0,9211,A
1-PB2,931,1,9096,0,5,9102,T
1-PB2,932,1,4,9076,0,9081,G
1-PB2,933,7,4,1,8998,9010,C
1-PB2,934,8709,1,3,0,8713,A
1-PB2,935,8701,2,3,0,8706,A
1-PB2,936,1,3,8679,1,8684,G
1-PB2,937,3,4,8720,0,8727,G
1-PB2,938,2,1,1,8740,8744,C
1-PB2,939,1,8533,0,16,8550,T
1-PB2,940,5,0,8596,0,8601,G
1-PB2,941,3,2,0,8615,8620,C
1-PB2,942,8615,5,3,0,8623,A
1-PB2,943,8637,0,3,0,8640,A
1-PB2,944,1,8590,0,5,8596,T
1-PB2,945,2,19,8601,1,8623,G
1-PB2,946,2,9,8585,0,8596,G
1-PB2,947,2,2,8613,0,8617,G
1-PB2,948,8615,1,5,0,8621,A
1-PB2,949,3,8568,0,1,8572,T
1-PB2,950,1,8523,0,1,8525,T
1-PB2,951,1,4,8540,3,8548,G
1-PB2,952,8514,1,7,0,8522,A
1-PB2,953,2,4,8592,1,8599,G
1-PB2,954,8541,3,5,1,8550,A
1-PB2,955,8499,2,6,0,8507,A
1-PB2,956,2,8442,0,0,8444,T
1-PB2,957,5,1,0,8451,8457,C
1-PB2,958,8451,0,5,0,8456,A
1-PB2,959,0,2,8519,0,8521,G
1-PB2,960,3,0,0,8497,8500,C
1-PB2,961,3,8461,2,10,8476,T
1-PB2,962,9,3,2,8433,8447,C
1-PB2,963,8447,0,4,0,8451,A
1-PB2,964,0,8628,3,2,8633,T
1-PB2,965,6,1,0,8640,8647,C
1-PB2,966,7,3,2,8700,8712,C
1-PB2,967,1,8642,1,27,8671,T
1-PB2,968,2,8632,1,6,8641,T
1-PB2,969,3,2,1,8651,8657,C
1-PB2,970,8650,2,8,0,8660,A
1-PB2,971,1,3,8770,0,8774,G
1-PB2,972,2,1,0,8752,8755,C
1-PB2,973,1,8584,0,23,8608,T
1-PB2,974,1,8623,0,2,8626,T
1-PB2,975,0,8583,1,3,8587,T
1-PB2,976,1,57,8532,0,8590,G
1-PB2,977,3,2,8601,0,8606,G
1-PB2,978,1,8586,0,8,8595,T
1-PB2,979,1,29,8595,0,8625,G
1-PB2,980,3,6,8604,0,8613,G
1-PB2,981,1,1,8685,0,8687,G
1-PB2,982,1,8645,1,4,8651,T
1-PB2,983,0,8632,0,2,8634,T
1-PB2,984,0,8625,0,1,8626,T
1-PB2,985,8653,4,5,0,8662,A
1-PB2,986,0,3,0,8683,8686,C
1-PB2,987,8676,4,0,0,8680,A
1-PB2,988,0,8637,3,1,8641,T
1-PB2,989,0,8453,3,23,8479,T
1-PB2,990,2,8458,1,3,8464,T
1-PB2,991,8460,1,4,0,8465,A
1-PB2,992,8457,1,3,1,8462,A
1-PB2,993,8469,0,4,0,8473,A
1-PB2,994,8431,3,15,0,8449,A
1-PB2,995,4,6,8491,0,8501,G
1-PB2,996,8447,2,7,0,8456,A
1-PB2,997,8434,1,36,0,8471,A
1-PB2,998,3,3,0,8481,8487,C
1-PB2,999,8446,0,6,0,8452,A
1-PB2,1000,8465,0,6,0,8471,A
1-PB2,1001,1,0,8473,0,8474,G
1-PB2,1002,3,2,0,8489,8494,C
1-PB2,1003,3,21,8440,3,8467,G
1-PB2,1004,1,10,8490,1,8502,G
1-PB2,1005,1,6,8505,1,8513,G
1-PB2,1006,1,8482,2,7,8492,T
1-PB2,1007,15,1,0,8464,8480,C
1-PB2,1008,8481,2,11,2,8496,A
1-PB2,1009,6,8453,0,6,8465,T
1-PB2,1010,5,2,0,8460,8467,C
1-PB2,1011,8441,1,4,0,8446,A
1-PB2,1012,3,1,8514,0,8518,G
1-PB2,1013,1,8420,0,7,8428,T
1-PB2,1014,9,2,0,8418,8429,C
1-PB2,1015,8434,1,6,1,8442,A
1-PB2,1016,8459,1,1,0,8461,A
1-PB2,1017,8461,1,1,0,8463,A
1-PB2,1018,8446,0,3,1,8450,A
1-PB2,1019,8488,0,5,0,8493,A
1-PB2,1020,8477,1,8,2,8488,A
1-PB2,1021,1,3,8508,0,8512,G
1-PB2,1022,8482,1,3,0,8486,A
1-PB2,1023,8465,0,6,0,8471,A
1-PB2,1024,2,7,8459,0,8468,G
1-PB2,1025,8446,0,2,1,8449,A
1-PB2,1026,8271,1,9,1,8282,A
1-PB2,1027,2,4,8279,0,8285,G
1-PB2,1028,8252,1,8,2,8263,A
1-PB2,1029,3,10,8258,0,8271,G
1-PB2,1030,3,3,8410,0,8416,G
1-PB2,1031,1,8421,0,2,8424,T
1-PB2,1032,0,1,8586,0,8587,G
1-PB2,1033,0,2,1,8617,8620,C
1-PB2,1034,11,8581,1,23,8616,T
1-PB2,1035,1,8646,0,0,8647,T
1-PB2,1036,8619,1,4,0,8624,A
1-PB2,1037,5,1,2,8619,8627,C
1-PB2,1038,8555,1,3,0,8559,A
1-PB2,1039,4,1,8566,0,8571,G
1-PB2,1040,3,2,8556,1,8562,G
1-PB2,1041,2,2,0,8409,8413,C
1-PB2,1042,8283,0,4,0,8287,A
1-PB2,1043,8316,0,4,0,8320,A
1-PB2,1044,0,8469,1,7,8477,T
1-PB2,1045,4,0,0,8547,8551,C
1-PB2,1046,3,8518,0,12,8533,T
1-PB2,1047,14,1,1,8510,8526,C
1-PB2,1048,6,3,0,8524,8533,C
1-PB2,1049,8523,1,1,0,8525,A
1-PB2,1050,8509,2,3,0,8514,A
1-PB2,1051,8526,1,5,0,8532,A
1-PB2,1052,0,1,0,8547,8548,C
1-PB2,1053,8286,3,1,1,8291,A
1-PB2,1054,0,8232,1,1,8234,T
1-PB2,1055,2,8200,0,1,8203,T
1-PB2,1056,0,3,8305,2,8310,G
1-PB2,1057,8272,1,32,0,8305,A
1-PB2,1058,8372,3,7,1,8383,A
1-PB2,1059,8394,1,0,1,8396,A
1-PB2,1060,8400,0,3,0,8403,A
1-PB2,1061,0,8413,0,0,8413,T
1-PB2,1062,8403,0,5,0,8408,A
1-PB2,1063,8394,0,6,1,8401,A
1-PB2,1064,1,3,8556,0,8560,G
1-PB2,1065,8449,0,8,0,8457,A
1-PB2,1066,1,3,8708,0,8712,G
1-PB2,1067,1,8613,0,1,8615,T
1-PB2,1068,8671,0,0,0,8671,A
1-PB2,1069,4,2,0,8870,8876,C
1-PB2,1070,8809,2,6,0,8817,A
1-PB2,1071,1,8798,1,5,8805,T
1-PB2,1072,0,3,8826,0,8829,G
1-PB2,1073,8689,0,13,0,8702,A
1-PB2,1074,1,24,8746,0,8771,G
1-PB2,1075,3,30,8767,1,8801,G
1-PB2,1076,0,8,9243,2,9253,G
1-PB2,1077,5,6,9321,0,9332,G
1-PB2,1078,1,9085,1,33,9120,T
1-PB2,1079,9161,1,5,1,9168,A
1-PB2,1080,0,9113,2,14,9129,T
1-PB2,1081,2,5,9139,0,9146,G
1-PB2,1082,9124,2,10,0,9136,A
1-PB2,1083,3,14,9081,0,9098,G
1-PB2,1084,4,10,9010,1,9025,G
1-PB2,1085,8345,2,7,0,8354,A
1-PB2,1086,4,4,8529,1,8538,G
1-PB2,1087,2,8509,3,8,8522,T
1-PB2,1088,2,8776,1,8,8787,T
1-PB2,1089,9,3,0,8825,8837,C
1-PB2,1090,8830,3,6,2,8841,A
1-PB2,1091,2,2,1,8857,8862,C
1-PB2,1092,8827,1,1,1,8830,A
1-PB2,1093,8838,1,4,1,8844,A
1-PB2,1094,2,8831,0,2,8835,T
1-PB2,1095,30,8,8599,1,8638,G
1-PB2,1096,0,1,8707,1,8709,G
1-PB2,1097,2,8475,0,7,8484,T
1-PB2,1098,1,20,8484,0,8505,G
1-PB2,1099,4,22,8495,0,8521,G
1-PB2,1100,5,4,8499,1,8509,G
1-PB2,1101,51,8,8510,0,8569,G
1-PB2,1102,8499,1,3,1,8504,A
1-PB2,1103,8514,0,7,2,8523,A
1-PB2,1104,8489,3,2,0,8494,A
1-PB2,1105,8299,0,26,0,8325,A
1-PB2,1106,1,6,8417,0,8424,G
1-PB2,1107,8364,0,9,1,8374,A
1-PB2,1108,2,1,8395,0,8398,G
1-PB2,1109,0,2,0,8387,8389,C
1-PB2,1110,8338,0,4,0,8342,A
1-PB2,1111,8354,1,2,0,8357,A
1-PB2,1112,2,0,0,8648,8650,C
1-PB2,1113,8647,0,3,0,8650,A
1-PB2,1114,2,0,8799,0,8801,G
1-PB2,1115,1,1,0,8731,8733,C
1-PB2,1116,0,8717,2,1,8720,T
1-PB2,1117,8961,2,1,0,8964,A
1-PB2,1118,0,8955,1,1,8957,T
1-PB2,1119,8990,1,4,1,8996,A
1-PB2,1120,7,1,0,8995,9003,C
1-PB2,1121,1,8574,1,2,8578,T
1-PB2,1122,8599,0,7,1,8607,A
1-PB2,1123,8433,0,4,2,8439,A
1-PB2,1124,0,8,8453,0,8461,G
1-PB2,1125,8451,2,2,0,8455,A
1-PB2,1126,8221,0,3,4,8228,A
1-PB2,1127,8211,1,3,1,8216,A
1-PB2,1128,8169,1,9,1,8180,A
1-PB2,1129,0,3,8192,0,8195,G
1-PB2,1130,1,3,0,8186,8190,C
1-PB2,1131,8159,3,4,1,8167,A
1-PB2,1132,8177,0,6,1,8184,A
1-PB2,1133,4,4,1,8211,8220,C
1-PB2,1134,6,1,0,8207,8214,C
1-PB2,1135,8211,2,3,0,8216,A
1-PB2,1136,1,4,8251,0,8256,G
1-PB2,1137,8230,1,5,0,8236,A
1-PB2,1138,8232,0,6,0,8238,A
1-PB2,1139,2,1,8322,0,8325,G
1-PB2,1140,8308,0,2,0,8310,A
1-PB2,1141,0,8288,1,2,8291,T
1-PB2,1142,1,8235,0,3,8239,T
1-PB2,1143,3,3,8265,0,8271,G
1-PB2,1144,1,2,8432,0,8435,G
1-PB2,1145,5,8377,0,6,8388,T
1-PB2,1146,1,8369,0,3,8373,T
1-PB2,1147,9,1,0,8380,8390,C
1-PB2,1148,8482,0,14,0,8496,A
1-PB2,1149,3,1,8838,0,8842,G
1-PB2,1150,1,2,0,8927,8930,C
1-PB2,1151,2,8894,2,21,8919,T
1-PB2,1152,10,1,1,8952,8964,C
1-PB2,1153,8866,0,7,0,8873,A
1-PB2,1154,0,8922,1,0,8923,T
1-PB2,1155,8926,0,2,1,8929,A
1-PB2,1156,2,2,8968,0,8972,G
1-PB2,1157,1,8528,2,4,8535,T
1-PB2,1158,1,12,8540,1,8554,G
1-PB2,1159,8349,0,7,0,8356,A
1-PB2,1160,1,2,8446,0,8449,G
1-PB2,1161,1,8363,1,4,8369,T
1-PB2,1162,4,9,8337,2,8352,G
1-PB2,1163,4,3,8423,1,8431,G
1-PB2,1164,8418,2,6,1,8427,A
1-PB2,1165,8345,1,16,1,8363,A
1-PB2,1166,2,11,8395,0,8408,G
1-PB2,1167,8266,1,5,2,8274,A
1-PB2,1168,1,8,8309,0,8318,G
1-PB2,1169,8222,1,10,2,8235,A
1-PB2,1170,2,7,0,8215,8224,C
1-PB2,1171,2,9,8236,0,8247,G
1-PB2,1172,8149,1,3,1,8154,A
1-PB2,1173,8170,2,14,1,8187,A
1-PB2,1174,1,3,1,8191,8196,C
1-PB2,1175,8123,4,5,1,8133,A
1-PB2,1176,5,2,8588,0,8595,G
1-PB2,1177,1,8534,0,8,8543,T
1-PB2,1178,6,3,0,8534,8543,C
1-PB2,1179,8564,2,2,1,8569,A
1-PB2,1180,8533,0,10,0,8543,A
1-PB2,1181,2,8542,0,5,8549,T
1-PB2,1182,8514,2,0,0,8516,A
1-PB2,1183,1,6,8519,1,8527,G
1-PB2,1184,1,0,1,8493,8495,C
1-PB2,1185,5,3,0,8244,8252,C
1-PB2,1186,3,7,8211,0,8221,G
1-PB2,1187,8223,3,1,2,8229,A
1-PB2,1188,8251,0,7,1,8259,A
1-PB2,1189,1,1,8341,2,8345,G
1-PB2,1190,6,1,1,8472,8480,C
1-PB2,1191,8504,1,7,0,8512,A
1-PB2,1192,8502,0,4,4,8510,A
1-PB2,1193,1,8519,0,4,8524,T
1-PB2,1194,8562,0,2,0,8564,A
1-PB2,1195,8666,0,2,0,8668,A
1-PB2,1196,1,8658,2,4,8665,T
1-PB2,1197,1,1,0,8629,8631,C
1-PB2,1198,3,1,8581,0,8585,G
1-PB2,1199,0,8400,1,5,8406,T
1-PB2,1200,3,4,8369,1,8377,G
1-PB2,1201,56,1,8413,0,8470,G
1-PB2,1202,3,5,1,8457,8466,C
1-PB2,1203,5,1,0,8466,8472,C
1-PB2,1204,8411,0,1,1,8413,A
1-PB2,1205,4,8416,0,1,8421,T
1-PB2,1206,4,8,8423,0,8435,G
1-PB2,1207,5,6,8548,0,8559,G
1-PB2,1208,2,8493,2,4,8501,T
1-PB2,1209,3,3,8568,1,8575,G
1-PB2,1210,1,8387,4,2,8394,T
1-PB2,1211,2,8435,3,14,8454,T
1-PB2,1212,0,8451,1,1,8453,T
1-PB2,1213,0,8461,0,6,8467,T
1-PB2,1214,3,1,0,8539,8543,C
1-PB2,1215,8525,0,3,0,8528,A
1-PB2,1216,2,1,3,8694,8700,C
1-PB2,1217,8544,2,6,1,8553,A
1-PB2,1218,8531,1,2,0,8534,A
1-PB2,1219,0,7,8549,1,8557,G
1-PB2,1220,8433,2,6,2,8443,A
1-PB2,1221,179,5,8334,1,8519,G
1-PB2,1222,0,4,8536,0,8540,G
1-PB2,1223,8469,0,1,0,8470,A
1-PB2,1224,0,8477,1,2,8480,T
1-PB2,1225,0,8263,0,3,8266,T
1-PB2,1226,1,2,8251,0,8254,G
1-PB2,1227,2,7,0,8046,8055,C
1-PB2,1228,8102,1,5,1,8109,A
1-PB2,1229,1,8163,0,2,8166,T
1-PB2,1230,1,6,8393,0,8400,G
1-PB2,1231,8439,3,5,1,8448,A
1-PB2,1232,0,8473,0,2,8475,T
1-PB2,1233,8435,0,1,0,8436,A
1-PB2,1234,8426,3,1,0,8430,A
1-PB2,1235,8431,1,2,0,8434,A
1-PB2,1236,8427,0,16,1,8444,A
1-PB2,1237,1,0,8457,1,8459,G
1-PB2,1238,1,4,0,8613,8618,C
1-PB2,1239,8628,1,3,1,8633,A
1-PB2,1240,3,4,8834,0,8841,G
1-PB2,1241,2,8807,0,4,8813,T
1-PB2,1242,0,8818,0,4,8822,T
1-PB2,1243,8815,3,2,1,8821,A
1-PB2,1244,0,2,8858,1,8861,G
1-PB2,1245,8790,2,21,0,8813,A
1-PB2,1246,1,9,8797,2,8809,G
1-PB2,1247,2,4,8778,1,8785,G
1-PB2,1248,1,8439,0,8,8448,T
1-PB2,1249,0,6,8436,1,8443,G
1-PB2,1250,8465,2,4,1,8472,A
1-PB2,1251,0,0,0,8486,8486,C
1-PB2,1252,5,3,0,8498,8506,C
1-PB2,1253,3,8442,1,11,8457,T
1-PB2,1254,1,6,8507,1,8515,G
1-PB2,1255,8509,1,0,0,8510,A
1-PB2,1256,8506,2,1,1,8510,A
1-PB2,1257,2,8491,1,1,8495,T
1-PB2,1258,0,8612,0,0,8612,T
1-PB2,1259,1,8621,0,4,8626,T
1-PB2,1260,1,3,0,8621,8625,C
1-PB2,1261,3,2,8628,0,8633,G
1-PB2,1262,0,8619,0,10,8629,T
1-PB2,1263,4,1,0,8623,8628,C
1-PB2,1264,8616,2,4,0,8622,A
1-PB2,1265,8610,1,25,0,8636,A
1-PB2,1266,0,1,0,8631,8632,C
1-PB2,1267,8516,0,0,0,8516,A
1-PB2,1268,0,8,8608,0,8616,G
1-PB2,1269,8573,0,7,0,8580,A
1-PB2,1270,2,3,8586,1,8592,G
1-PB2,1271,0,3,1,8589,8593,C
1-PB2,1272,8572,0,2,0,8574,A
1-PB2,1273,8682,2,2,1,8687,A
1-PB2,1274,8694,0,3,0,8697,A
1-PB2,1275,1,8662,0,2,8665,T
1-PB2,1276,6,1,2,8690,8699,C
1-PB2,1277,8622,2,1,0,8625,A
1-PB2,1278,1,0,8633,0,8634,G
1-PB2,1279,1,4,0,8623,8628,C
1-PB2,1280,4,8,8632,0,8644,G
1-PB2,1281,1,2,9041,2,9046,G
1-PB2,1282,1,8968,1,19,8989,T
1-PB2,1283,0,8992,0,8,9000,T
1-PB2,1284,2,7,9004,2,9015,G
1-PB2,1285,9013,0,8,1,9022,A
1-PB2,1286,9086,1,3,0,9090,A
1-PB2,1287,6,2,1,9121,9130,C
1-PB2,1288,9,2,1,9079,9091,C
1-PB2,1289,30,3,0,9106,9139,C
1-PB2,1290,21,5,0,8828,8854,C
1-PB2,1291,8877,5,4,0,8886,A
1-PB2,1292,2,8916,2,2,8922,T
1-PB2,1293,0,2,8919,0,8921,G
1-PB2,1294,2,4,0,8929,8935,C
1-PB2,1295,8887,4,2,0,8893,A
1-PB2,1296,0,8809,2,8,8819,T
1-PB2,1297,7,0,1,8800,8808,C
1-PB2,1298,8733,1,1,0,8735,A
1-PB2,1299,2,1,8858,0,8861,G
1-PB2,1300,1,1,0,8870,8872,C
1-PB2,1301,0,8833,1,15,8849,T
1-PB2,1302,0,8846,0,2,8848,T
1-PB2,1303,1,8823,1,2,8827,T
1-PB2,1304,1,8833,1,6,8841,T
1-PB2,1305,8847,2,1,1,8851,A
1-PB2,1306,8826,4,4,1,8835,A
1-PB2,1307,1,3,8858,0,8862,G
1-PB2,1308,3,2,8786,1,8792,G
1-PB2,1309,2,2,0,8734,8738,C
1-PB2,1310,8716,0,4,0,8720,A
1-PB2,1311,3,8713,0,3,8719,T
1-PB2,1312,1,8745,1,3,8750,T
1-PB2,1313,1,8754,0,4,8759,T
1-PB2,1314,1,8778,0,4,8783,T
1-PB2,1315,2,1,0,8785,8788,C
1-PB2,1316,8768,1,3,1,8773,A
1-PB2,1317,1,2,8766,0,8769,G
1-PB2,1318,8738,0,9,1,8748,A
1-PB2,1319,8754,0,5,0,8759,A
1-PB2,1320,8718,1,7,2,8728,A
1-PB2,1321,2,2,8726,0,8730,G
1-PB2,1322,8764,1,7,1,8773,A
1-PB2,1323,2,8758,0,3,8763,T
1-PB2,1324,2,1,8756,0,8759,G
1-PB2,1325,2,4,1,8748,8755,C
1-PB2,1326,2,5,8763,0,8770,G
1-PB2,1327,8763,1,5,0,8769,A
1-PB2,1328,8756,0,3,0,8759,A
1-PB2,1329,8759,1,2,0,8762,A
1-PB2,1330,2,2,8766,0,8770,G
1-PB2,1331,1,8691,0,6,8698,T
1-PB2,1332,4,1,8690,0,8695,G
1-PB2,1333,0,2,0,8683,8685,C
1-PB2,1334,1,8665,0,10,8676,T
1-PB2,1335,1,8672,0,3,8676,T
1-PB2,1336,0,8680,1,1,8682,T
1-PB2,1337,1,8680,1,2,8684,T
1-PB2,1338,2,8664,0,29,8695,T
1-PB2,1339,5,3,0,8685,8693,C
1-PB2,1340,8687,1,2,0,8690,A
1-PB2,1341,8711,3,5,0,8719,A
1-PB2,1342,8699,0,1,0,8700,A
1-PB2,1343,8736,1,0,2,8739,A
1-PB2,1344,0,8711,3,3,8717,T
1-PB2,1345,1,8716,0,2,8719,T
1-PB2,1346,3,24,8688,3,8718,G
1-PB2,1347,2,21,8694,0,8717,G
1-PB2,1348,4,12,8709,0,8725,G
1-PB2,1349,3,8,8818,0,8829,G
1-PB2,1350,8786,1,6,1,8794,A
1-PB2,1351,2,2,8918,0,8922,G
1-PB2,1352,1,8888,0,1,8890,T
1-PB2,1353,2,8867,0,5,8874,T
1-PB2,1354,1,4,8912,2,8919,G
1-PB2,1355,8916,1,4,0,8921,A
1-PB2,1356,8928,2,10,1,8941,A
1-PB2,1357,6,3,0,9112,9121,C
1-PB2,1358,8988,3,4,0,8995,A
1-PB2,1359,4,0,2,9142,9148,C
1-PB2,1360,9010,0,4,1,9015,A
1-PB2,1361,1,9053,0,3,9057,T
1-PB2,1362,7,7,2,9072,9088,C
1-PB2,1363,2,11,9056,2,9071,G
1-PB2,1364,9112,2,2,0,9116,A
1-PB2,1365,1,3,2,9099,9105,C
1-PB2,1366,8779,2,4,0,8785,A
1-PB2,1367,1,1,8989,0,8991,G
1-PB2,1368,0,8756,0,8,8764,T
1-PB2,1369,1,3,8877,0,8881,G
1-PB2,1370,0,8819,0,6,8825,T
1-PB2,1371,1,4,8819,1,8825,G
1-PB2,1372,8820,1,6,0,8827,A
1-PB2,1373,1,8759,0,5,8765,T
1-PB2,1374,1,17,8741,0,8759,G
1-PB2,1375,0,5,8758,0,8763,G
1-PB2,1376,3,8,8574,1,8586,G
1-PB2,1377,8505,2,4,0,8511,A
1-PB2,1378,8408,2,4,0,8414,A
1-PB2,1379,0,8373,0,2,8375,T
1-PB2,1380,2,5,8459,0,8466,G
1-PB2,1381,8463,5,2,1,8471,A
1-PB2,1382,2,8471,1,1,8475,T
1-PB2,1383,1,8439,0,3,8443,T
1-PB2,1384,2,8,8392,0,8402,G
1-PB2,1385,1,7,8535,1,8544,G
1-PB2,1386,8496,2,7,0,8505,A
1-PB2,1387,1,5,8582,1,8589,G
1-PB2,1388,2,8500,0,3,8505,T
1-PB2,1389,8440,1,2,0,8443,A
1-PB2,1390,1,8453,2,1,8457,T
1-PB2,1391,1,8518,0,2,8521,T
1-PB2,1392,8608,0,7,0,8615,A
1-PB2,1393,2,4,0,8612,8618,C
1-PB2,1394,12,2,0,8479,8493,C
1-PB2,1395,8380,1,5,0,8386,A
1-PB2,1396,0,2,8409,0,8411,G
1-PB2,1397,8513,0,2,0,8515,A
1-PB2,1398,2,8344,0,67,8413,T
1-PB2,1399,8344,0,4,0,8348,A
1-PB2,1400,3,8259,0,4,8266,T
1-PB2,1401,1,2,8211,1,8215,G
1-PB2,1402,8217,0,6,0,8223,A
1-PB2,1403,1,2,0,8270,8273,C
1-PB2,1404,1,8214,0,6,8221,T
1-PB2,1405,6,0,0,8203,8209,C
1-PB2,1406,7,0,3,8087,8097,C
1-PB2,1407,8106,1,11,1,8119,A
1-PB2,1408,8155,1,7,1,8164,A
1-PB2,1409,1,1,8296,0,8298,G
1-PB2,1410,2,2,0,8254,8258,C
1-PB2,1411,8244,2,2,0,8248,A
1-PB2,1412,3,3,2,8233,8241,C
1-PB2,1413,8164,2,4,1,8171,A
1-PB2,1414,1,6,8189,1,8197,G
1-PB2,1415,8162,2,5,0,8169,A
1-PB2,1416,2,2,8225,0,8229,G
1-PB2,1417,8219,0,3,0,8222,A
1-PB2,1418,0,7928,0,4,7932,T
1-PB2,1419,0,2,8025,2,8029,G
1-PB2,1420,3,7995,1,7,8006,T
1-PB2,1421,6,1,0,7966,7973,C
1-PB2,1422,7991,1,11,0,8003,A
1-PB2,1423,7975,1,5,0,7981,A
1-PB2,1424,3,7958,0,1,7962,T
1-PB2,1425,3,10,7920,0,7933,G
1-PB2,1426,7843,0,5,1,7849,A
1-PB2,1427,0,4,7871,0,7875,G
1-PB2,1428,7735,2,3,0,7740,A
1-PB2,1429,2,8,7757,1,7768,G
1-PB2,1430,1,5,8044,0,8050,G
1-PB2,1431,8027,3,3,0,8033,A
1-PB2,1432,8053,0,3,0,8056,A
1-PB2,1433,0,8044,0,3,8047,T
1-PB2,1434,8035,0,5,0,8040,A
1-PB2,1435,8026,2,3,1,8032,A
1-PB2,1436,1,5,8005,0,8011,G
1-PB2,1437,7971,0,9,0,7980,A
1-PB2,1438,2,5,7973,0,7980,G
1-PB2,1439,1,7475,0,4,7480,T
1-PB2,1440,10,3,1,7482,7496,C
1-PB2,1441,7479,1,10,0,7490,A
1-PB2,1442,2,1,7517,0,7520,G
1-PB2,1443,3,2,0,7531,7536,C
1-PB2,1444,7534,1,1,1,7537,A
1-PB2,1445,7545,0,1,0,7546,A
1-PB2,1446,7503,2,3,0,7508,A
1-PB2,1447,7514,3,3,1,7521,A
1-PB2,1448,0,7510,0,0,7510,T
1-PB2,1449,1,61,7465,0,7527,G
1-PB2,1450,1,3,7509,0,7513,G
1-PB2,1451,2,1,7538,1,7542,G
1-PB2,1452,3,7449,0,8,7460,T
1-PB2,1453,4,4,7464,1,7473,G
1-PB2,1454,1,7424,1,3,7429,T
1-PB2,1455,3,7,7443,1,7454,G
1-PB2,1456,2,1,7540,0,7543,G
1-PB2,1457,7540,0,4,0,7544,A
1-PB2,1458,1,7501,3,2,7507,T
1-PB2,1459,1,6,7539,1,7547,G
1-PB2,1460,7476,3,7,1,7487,A
1-PB2,1461,7507,1,1,1,7510,A
1-PB2,1462,0,7494,0,2,7496,T
1-PB2,1463,7454,2,1,0,7457,A
1-PB2,1464,1,0,0,7807,7808,C
1-PB2,1465,2,7594,1,6,7603,T
1-PB2,1466,5,2,0,7660,7667,C
1-PB2,1467,7,3,1,7673,7684,C
1-PB2,1468,7623,0,3,0,7626,A
1-PB2,1469,0,3,7829,0,7832,G
1-PB2,1470,0,7793,1,3,7797,T
1-PB2,1471,7842,2,2,0,7846,A
1-PB2,1472,1,39,0,7810,7850,C
1-PB2,1473,7049,2,3,0,7054,A
1-PB2,1474,24,2,7047,0,7073,G
1-PB2,1475,6888,1,5,0,6894,A
1-PB2,1476,0,3,6917,2,6922,G
1-PB2,1477,6711,2,12,0,6725,A
1-PB2,1478,1,13,6450,0,6464,G
1-PB2,1479,0,3,6449,0,6452,G
1-PB2,1480,2,3,6446,0,6451,G
1-PB2,1481,1,6359,0,2,6362,T
1-PB2,1482,2,3,6347,0,6352,G
1-PB2,1483,0,2,6355,0,6357,G
1-PB2,1484,3,6293,0,3,6299,T
1-PB2,1485,0,1,6434,1,6436,G
1-PB2,1486,0,0,6437,1,6438,G
1-PB2,1487,2,6283,2,2,6289,T
1-PB2,1488,0,6275,2,3,6280,T
1-PB2,1489,6177,3,2,0,6182,A
1-PB2,1490,1,1,6211,0,6213,G
1-PB2,1491,2,1,0,6186,6189,C
1-PB2,1492,6143,0,3,0,6146,A
1-PB2,1493,1,6126,0,5,6132,T
1-PB2,1494,0,5738,0,0,5738,T
1-PB2,1495,0,2,5741,0,5743,G
1-PB2,1496,5733,2,1,0,5736,A
1-PB2,1497,1,5723,0,4,5728,T
1-PB2,1498,1,0,0,5732,5733,C
1-PB2,1499,2,2,5686,0,5690,G
1-PB2,1500,0,1,5751,0,5752,G
1-PB2,1501,2,5737,0,0,5739,T
1-PB2,1502,1,5722,0,2,5725,T
1-PB2,1503,0,5722,0,3,5725,T
1-PB2,1504,0,5715,1,2,5718,T
1-PB2,1505,0,5721,0,3,5724,T
1-PB2,1506,1,3,5723,0,5727,G
1-PB2,1507,5699,1,8,0,5708,A
1-PB2,1508,1,1,5715,1,5718,G
1-PB2,1509,5500,1,3,0,5504,A
1-PB2,1510,0,0,5524,0,5524,G
1-PB2,1511,0,5519,1,6,5526,T
1-PB2,1512,1,5517,0,1,5519,T
1-PB2,1513,8,1,0,5511,5520,C
1-PB2,1514,22,5,5501,0,5528,G
1-PB2,1515,5530,0,4,0,5534,A
1-PB2,1516,0,4,5534,0,5538,G
1-PB2,1517,5529,1,4,0,5534,A
1-PB2,1518,1,1,0,5514,5516,C
1-PB2,1519,6,2,0,5454,5462,C
1-PB2,1520,5383,0,4,0,5387,A
1-PB2,1521,5431,2,3,0,5436,A
1-PB2,1522,2,0,0,5431,5433,C
1-PB2,1523,1,0,5447,0,5448,G
1-PB2,1524,0,5406,0,2,5408,T
1-PB2,1525,0,11,5380,0,5391,G
1-PB2,1526,0,2,5407,0,5409,G
1-PB2,1527,2,2,5411,0,5415,G
1-PB2,1528,5344,1,2,1,5348,A
1-PB2,1529,5340,0,2,0,5342,A
1-PB2,1530,2,5109,0,3,5114,T
1-PB2,1531,1,2,5230,0,5233,G
1-PB2,1532,0,5197,0,6,5203,T
1-PB2,1533,5203,0,1,0,5204,A
1-PB2,1534,0,5196,0,2,5198,T
1-PB2,1535,0,5106,0,2,5108,T
1-PB2,1536,5133,0,2,1,5136,A
1-PB2,1537,0,5108,1,0,5109,T
1-PB2,1538,0,5031,0,5,5036,T
1-PB2,1539,5024,0,0,0,5024,A
1-PB2,1540,1,4424,0,3,4428,T
1-PB2,1541,0,1,0,4529,4530,C
1-PB2,1542,1,4457,0,7,4465,T
1-PB2,1543,4,0,1,4446,4451,C
1-PB2,1544,4,1,0,4443,4448,C
1-PB2,1545,0,4292,0,4,4296,T
1-PB2,1546,0,1,4310,0,4311,G
1-PB2,1547,4291,0,2,0,4293,A
1-PB2,1548,0,3,4292,0,4295,G
1-PB2,1549,0,4,4286,0,4290,G
1-PB2,1550,3725,0,0,0,3725,A
1-PB2,1551,0,1,3756,0,3757,G
1-PB2,1552,0,0,3722,0,3722,G
1-PB2,1553,0,3614,0,4,3618,T
1-PB2,1554,6,1,0,3612,3619,C
1-PB2,1555,3568,1,1,0,3570,A
1-PB2,1556,1,2,3591,0,3594,G
1-PB2,1557,1,3573,0,4,3578,T
1-PB2,1558,0,2,3578,0,3580,G
1-PB2,1559,3572,0,1,0,3573,A
1-PB2,1560,3390,0,0,0,3390,A
1-PB2,1561,3388,0,1,0,3389,A
1-PB2,1562,4,0,0,3386,3390,C
1-PB2,1563,3353,3,2,1,3359,A
1-PB2,1564,0,0,0,3360,3360,C
1-PB2,1565,3190,0,2,0,3192,A
1-PB2,1566,0,6,3189,0,3195,G
1-PB2,1567,0,2,3178,0,3180,G
1-PB2,1568,0,1,3187,0,3188,G
1-PB2,1569,3173,1,1,0,3175,A
1-PB2,1570,3107,0,6,0,3113,A
1-PB2,1571,1,2,0,3124,3127,C
1-PB2,1572,2,3054,0,1,3057,T
1-PB2,1573,0,1,3060,0,3061,G
1-PB2,1574,3019,2,4,0,3025,A
1-PB2,1575,1,1,3023,0,3025,G
1-PB2,1576,2938,0,0,0,2938,A
1-PB2,1577,0,1,2724,0,2725,G
1-PB2,1578,2698,0,7,0,2705,A
1-PB2,1579,1,1,0,2692,2694,C
1-PB2,1580,2,2534,1,2,2539,T
1-PB2,1581,1,0,2562,0,2563,G
1-PB2,1582,2549,0,1,0,2550,A
1-PB2,1583,0,0,0,2547,2547,C
1-PB2,1584,2525,0,1,0,2526,A
1-PB2,1585,2524,0,0,0,2524,A
1-PB2,1586,2,2512,0,0,2514,T
1-PB2,1587,2483,0,1,0,2484,A
1-PB2,1588,2478,1,3,0,2482,A
1-PB2,1589,0,1,1,2480,2482,C
1-PB2,1590,2,2239,0,1,2242,T
1-PB2,1591,1,2206,0,0,2207,T
1-PB2,1592,2161,1,2,0,2164,A
1-PB2,1593,0,2162,0,1,2163,T
1-PB2,1594,3,2151,0,3,2157,T
1-PB2,1595,1,0,0,2147,2148,C
1-PB2,1596,1931,0,0,0,1931,A
1-PB2,1597,1,1925,0,0,1926,T
1-PB2,1598,0,0,0,1825,1825,C
1-PB2,1599,1,0,1817,0,1818,G
1-PB2,1600,0,1822,0,0,1822,T
1-PB2,1601,1,0,0,1781,1782,C
1-PB2,1602,2,0,1784,0,1786,G
1-PB2,1603,1786,0,1,0,1787,A
1-PB2,1604,2,1780,0,2,1784,T
1-PB2,1605,1,1,1756,0,1758,G
1-PB2,1606,1752,0,2,0,1754,A
1-PB2,1607,0,1743,0,0,1743,T
1-PB2,1608,2,2,1715,0,1719,G
1-PB2,1609,0,1600,1,2,1603,T
1-PB2,1610,3,4,1591,0,1598,G
1-PB2,1611,1,0,1592,0,1593,G
1-PB2,1612,0,2,1571,0,1573,G
1-PB2,1613,1515,1,0,0,1516,A
1-PB2,1614,0,0,1469,0,1469,G
1-PB2,1615,1209,0,1,0,1210,A
1-PB2,1616,0,1143,0,0,1143,T
1-PB2,1617,0,1037,0,0,1037,T
1-PB2,1618,1025,0,1,0,1026,A
1-PB2,1619,1011,0,0,0,1011,A
1-PB2,1620,0,0,0,983,983,C
1-PB2,1621,0,1,834,0,835,G
1-PB2,1622,2,0,790,0,792,G
1-PB2,1623,0,513,0,0,513,T
1-PB2,1624,0,0,0,494,494,C
1-PB2,1625,0,0,0,488,488,C
1-PB2,1626,0,390,0,0,390,T
1-PB2,1627,0,0,391,0,391,G
1-PB2,1628,391,0,0,0,391,A
1-PB2,1629,0,0,390,0,390,G
1-PB2,1630,0,390,0,0,390,T
1-PB2,1631,0,0,0,377,377,C
1-PB2,1632,0,1,375,0,376,G
1-PB2,1633,0,0,383,0,383,G
1-PB2,1634,0,383,0,1,384,T
1-PB2,1635,1,381,0,0,382,T
1-PB2,1636,0,378,0,0,378,T
1-PB2,1637,0,376,0,0,376,T
1-PB2,1638,0,1,391,0,392,G
1-PB2,1639,0,0,394,0,394,G
1-PB2,1640,0,395,0,0,395,T
1-PB2,1641,1,0,0,393,394,C
1-PB2,1642,387,0,0,1,388,A
1-PB2,1643,402,0,0,0,402,A
1-PB2,1644,0,403,0,0,403,T
1-PB2,1645,402,0,0,0,402,A
1-PB2,1646,0,0,0,408,408,C
1-PB2,1647,0,0,0,397,397,C
1-PB2,1648,0,397,0,0,397,T
1-PB2,1649,406,0,0,0,406,A
1-PB2,1650,0,405,1,0,406,T
1-PB2,1651,0,0,0,406,406,C
1-PB2,1652,394,0,0,0,394,A
1-PB2,1653,393,0,0,0,393,A
1-PB2,1654,0,393,0,0,393,T
1-PB2,1655,0,1,374,0,375,G
1-PB2,1656,0,0,378,0,378,G
1-PB2,1657,370,0,0,0,370,A
1-PB2,1658,0,366,0,0,366,T
1-PB2,1659,0,0,0,367,367,C
1-PB2,1660,368,0,0,0,368,A
1-PB2,1661,0,369,0,1,370,T
1-PB2,1662,0,0,0,369,369,C
1-PB2,1663,371,0,0,0,371,A
1-PB2,1664,0,0,372,0,372,G
1-PB2,1665,368,0,0,0,368,A
1-PB2,1666,370,0,0,0,370,A
1-PB2,1667,373,0,0,0,373,A
1-PB2,1668,0,374,0,0,374,T
1-PB2,1669,0,370,0,1,371,T
1-PB2,1670,0,0,370,0,370,G
1-PB2,1671,0,0,367,0,367,G
1-PB2,1672,0,0,368,0,368,G
1-PB2,1673,367,0,0,0,367,A
1-PB2,1674,366,0,0,0,366,A
1-PB2,1675,0,0,365,0,365,G
1-PB2,1676,0,0,0,366,366,C
1-PB2,1677,0,364,0,0,364,T
1-PB2,1678,0,0,367,0,367,G
1-PB2,1679,0,367,0,0,367,T
1-PB2,1680,0,0,0,368,368,C
1-PB2,1681,367,0,0,0,367,A
1-PB2,1682,367,0,0,0,367,A
1-PB2,1683,364,0,1,0,365,A
1-PB2,1684,367,0,1,0,368,A
1-PB2,1685,0,367,0,0,367,T
1-PB2,1686,0,366,1,0,367,T
1-PB2,1687,0,0,0,369,369,C
1-PB2,1688,364,0,0,0,364,A
1-PB2,1689,361,0,0,0,361,A
1-PB2,1690,0,364,0,0,364,T
1-PB2,1691,0,0,362,0,362,G
1-PB2,1692,0,0,366,0,366,G
1-PB2,1693,0,370,0,0,370,T
1-PB2,1694,1,0,0,367,368,C
1-PB2,1695,5,363,0,0,368,T
1-PB2,1696,0,0,0,370,370,C
1-PB2,1697,370,0,0,0,370,A
1-PB2,1698,0,0,372,0,372,G
1-PB2,1699,370,0,0,0,370,A
1-PB2,1700,376,0,0,0,376,A
1-PB2,1701,0,371,0,0,371,T
1-PB2,1702,0,0,0,366,366,C
1-PB2,1703,0,0,0,374,374,C
1-PB2,1704,0,373,0,1,374,T
1-PB2,1705,0,0,374,0,374,G
1-PB2,1706,0,0,0,374,374,C
1-PB2,1707,373,0,1,0,374,A
1-PB2,1708,385,0,0,0,385,A
1-PB2,1709,0,385,0,0,385,T
1-PB2,1710,0,0,397,0,397,G
1-PB2,1711,0,396,0,0,396,T
1-PB2,1712,0,381,1,0,382,T
1-PB2,1713,0,0,386,0,386,G
1-PB2,1714,0,384,0,0,384,T
1-PB2,1715,383,0,1,0,384,A
1-PB2,1716,0,0,0,384,384,C
1-PB2,1717,373,0,0,0,373,A
1-PB2,1718,377,0,0,0,377,A
1-PB2,1719,0,0,0,373,373,C
1-PB2,1720,366,0,0,0,366,A
1-PB2,1721,367,0,0,0,367,A
1-PB2,1722,361,0,0,0,361,A
1-PB2,1723,362,0,0,0,362,A
1-PB2,1724,0,360,0,0,360,T
1-PB2,1725,1,0,360,0,361,G
1-PB2,1726,0,0,364,0,364,G
1-PB2,1727,360,0,0,0,360,A
1-PB2,1728,360,0,0,0,360,A
1-PB2,1729,0,361,0,0,361,T
1-PB2,1730,0,360,0,0,360,T
1-PB2,1731,0,359,0,0,359,T
1-PB2,1732,1,0,360,0,361,G
1-PB2,1733,359,0,0,0,359,A
1-PB2,1734,359,1,0,0,360,A
1-PB2,1735,0,0,0,360,360,C
1-PB2,1736,0,0,0,362,362,C
1-PB2,1737,363,0,1,0,364,A
1-PB2,1738,0,367,0,0,367,T
1-PB2,1739,0,365,0,0,365,T
1-PB2,1740,0,366,0,0,366,T
1-PB2,1741,0,0,0,367,367,C
1-PB2,1742,366,0,1,0,367,A
1-PB2,1743,368,0,0,0,368,A
1-PB2,1744,0,368,0,0,368,T
1-PB2,1745,1,1,0,378,380,C
1-PB2,1746,0,380,0,0,380,T
1-PB2,1747,0,377,0,0,377,T
1-PB2,1748,0,377,0,0,377,T
1-PB2,1749,379,0,0,0,379,A
1-PB2,1750,0,0,380,0,380,G
1-PB2,1751,0,378,0,0,378,T
1-PB2,1752,1,0,0,381,382,C
1-PB2,1753,0,2,0,378,380,C
1-PB2,1754,0,0,0,375,375,C
1-PB2,1755,1,0,0,374,375,C
1-PB2,1756,369,0,0,0,369,A
1-PB2,1757,371,0,0,0,371,A
1-PB2,1758,0,0,380,0,380,G
1-PB2,1759,0,1,375,0,376,G
1-PB2,1760,0,0,0,378,378,C
1-PB2,1761,0,0,0,375,375,C
1-PB2,1762,374,0,1,0,375,A
1-PB2,1763,0,382,0,0,382,T
1-PB2,1764,0,383,0,0,383,T
1-PB2,1765,382,0,1,0,383,A
1-PB2,1766,0,0,385,0,385,G
1-PB2,1767,378,0,1,0,379,A
1-PB2,1768,399,0,0,0,399,A
1-PB2,1769,0,0,402,0,402,G
1-PB2,1770,0,0,0,407,407,C
1-PB2,1771,0,1,0,404,405,C
1-PB2,1772,406,0,0,0,406,A
1-PB2,1773,414,0,0,0,414,A
1-PB2,1774,0,416,0,0,416,T
1-PB2,1775,418,0,0,0,418,A
1-PB2,1776,0,1,0,417,418,C
1-PB2,1777,390,0,0,0,390,A
1-PB2,1778,0,0,392,0,392,G
1-PB2,1779,0,383,0,0,383,T
1-PB2,1780,0,0,385,0,385,G
1-PB2,1781,0,0,386,0,386,G
1-PB2,1782,1,0,386,0,387,G
1-PB2,1783,0,382,0,0,382,T
1-PB2,1784,0,381,0,0,381,T
1-PB2,1785,0,381,0,0,381,T
1-PB2,1786,0,0,387,0,387,G
1-PB2,1787,0,386,0,0,386,T
1-PB2,1788,0,0,0,384,384,C
1-PB2,1789,378,0,0,0,378,A
1-PB2,1790,1,0,378,0,379,G
1-PB2,1791,377,0,0,0,377,A
1-PB2,1792,379,0,0,0,379,A
1-PB2,1793,1,0,0,378,379,C
1-PB2,1794,0,367,0,1,368,T
1-PB2,1795,0,1,0,375,376,C
1-PB2,1796,1,374,1,1,377,T
1-PB2,1797,378,0,0,0,378,A
1-PB2,1798,0,376,0,1,377,T
1-PB2,1799,0,378,0,1,379,T
1-PB2,1800,0,0,0,377,377,C
1-PB2,1801,0,1,0,376,377,C
1-PB2,1802,376,0,1,0,377,A
1-PB2,1803,376,1,0,0,377,A
1-PB2,1804,0,0,0,377,377,C
1-PB2,1805,375,0,0,0,375,A
1-PB2,1806,375,0,0,0,375,A
1-PB2,1807,376,0,0,0,376,A
1-PB2,1808,0,378,0,0,378,T
1-PB2,1809,0,1,377,0,378,G
1-PB2,1810,377,0,0,0,377,A
1-PB2,1811,0,0,380,0,380,G
1-PB2,1812,376,0,1,0,377,A
1-PB2,1813,0,0,375,0,375,G
1-PB2,1814,375,0,1,0,376,A
1-PB2,1815,0,0,0,373,373,C
1-PB2,1816,0,0,372,0,372,G
1-PB2,1817,0,372,0,0,372,T
1-PB2,1818,377,0,0,0,377,A
1-PB2,1819,0,0,0,378,378,C
1-PB2,1820,0,375,0,0,375,T
1-PB2,1821,0,374,0,0,374,T
1-PB2,1822,0,0,375,0,375,G
1-PB2,1823,0,1,374,0,375,G
1-PB2,1824,0,0,377,0,377,G
1-PB2,1825,368,0,0,1,369,A
1-PB2,1826,0,0,0,368,368,C
1-PB2,1827,373,0,0,0,373,A
1-PB2,1828,0,371,0,0,371,T
1-PB2,1829,0,374,0,1,375,T
1-PB2,1830,0,376,0,0,376,T
1-PB2,1831,0,0,376,0,376,G
1-PB2,1832,375,0,0,0,375,A
1-PB2,1833,0,0,0,375,375,C
1-PB2,1834,373,0,0,0,373,A
1-PB2,1835,0,0,1,371,372,C
1-PB2,1836,0,0,0,366,366,C
1-PB2,1837,371,0,0,0,371,A
1-PB2,1838,1,0,0,372,373,C
1-PB2,1839,0,0,0,373,373,C
1-PB2,1840,0,0,1,374,375,C
1-PB2,1841,368,0,0,0,368,A
1-PB2,1842,0,0,372,0,372,G
1-PB2,1843,371,0,0,0,371,A
1-PB2,1844,0,386,0,1,387,T
1-PB2,1845,385,0,0,0,385,A
1-PB2,1846,382,0,0,0,382,A
1-PB2,1847,0,379,0,0,379,T
1-PB2,1848,379,0,0,0,379,A
1-PB2,1849,377,0,0,0,377,A
1-PB2,1850,373,0,1,0,374,A
1-PB2,1851,0,0,377,0,377,G
1-PB2,1852,0,0,0,373,373,C
1-PB2,1853,0,362,0,1,363,T
1-PB2,1854,0,361,0,0,361,T
1-PB2,1855,1,0,0,363,364,C
1-PB2,1856,0,362,1,0,363,T
1-PB2,1857,0,0,0,372,372,C
1-PB2,1858,0,0,0,372,372,C
1-PB2,1859,0,0,0,372,372,C
1-PB2,1860,0,369,0,1,370,T
1-PB2,1861,0,370,0,0,370,T
1-PB2,1862,0,370,0,0,370,T
1-PB2,1863,0,371,0,0,371,T
1-PB2,1864,0,0,370,0,370,G
1-PB2,1865,0,0,0,371,371,C
1-PB2,1866,368,0,0,0,368,A
1-PB2,1867,0,1,368,0,369,G
1-PB2,1868,0,0,0,369,369,C
1-PB2,1869,0,364,0,1,365,T
1-PB2,1870,0,0,366,0,366,G
1-PB2,1871,0,0,0,367,367,C
1-PB2,1872,0,368,0,0,368,T
1-PB2,1873,1,0,0,366,367,C
1-PB2,1874,0,0,0,369,369,C
1-PB2,1875,369,0,0,1,370,A
1-PB2,1876,0,0,0,371,371,C
1-PB2,1877,0,0,0,370,370,C
1-PB2,1878,369,0,0,0,369,A
1-PB2,1879,367,0,0,0,367,A
1-PB2,1880,366,0,1,0,367,A
1-PB2,1881,0,0,368,0,368,G
1-PB2,1882,0,0,0,366,366,C
1-PB2,1883,365,0,0,0,365,A
1-PB2,1884,365,0,0,0,365,A
1-PB2,1885,365,0,0,0,365,A
1-PB2,1886,0,0,368,0,368,G
1-PB2,1887,0,0,0,369,369,C
1-PB2,1888,367,0,0,0,367,A
1-PB2,1889,0,1,367,0,368,G
1-PB2,1890,365,0,0,0,365,A
1-PB2,1891,371,0,0,0,371,A
1-PB2,1892,0,372,0,0,372,T
1-PB2,1893,0,0,368,0,368,G
1-PB2,1894,0,0,0,368,368,C
1-PB2,1895,360,0,0,0,360,A
1-PB2,1896,0,0,364,0,364,G
1-PB2,1897,0,361,0,1,362,T
1-PB2,1898,0,377,0,0,377,T
1-PB2,1899,0,0,0,377,377,C
1-PB2,1900,0,376,0,0,376,T
1-PB2,1901,0,0,0,381,381,C
1-PB2,1902,0,379,0,1,380,T
1-PB2,1903,0,379,0,1,380,T
1-PB2,1904,0,0,0,380,380,C
1-PB2,1905,374,0,1,0,375,A
1-PB2,1906,0,0,0,376,376,C
1-PB2,1907,0,361,0,0,361,T
1-PB2,1908,0,0,368,0,368,G
1-PB2,1909,365,0,1,0,366,A
1-PB2,1910,0,0,0,374,374,C
1-PB2,1911,0,369,0,1,370,T
1-PB2,1912,0,0,369,0,369,G
1-PB2,1913,0,369,0,0,369,T
1-PB2,1914,0,0,372,0,372,G
1-PB2,1915,374,0,0,0,374,A
1-PB2,1916,376,0,0,0,376,A
1-PB2,1917,0,371,0,0,371,T
1-PB2,1918,0,0,372,0,372,G
1-PB2,1919,0,361,0,1,362,T
1-PB2,1920,0,1,361,0,362,G
1-PB2,1921,357,0,0,0,357,A
1-PB2,1922,0,0,357,0,357,G
1-PB2,1923,0,1,354,0,355,G
1-PB2,1924,0,0,357,0,357,G
1-PB2,1925,1,0,366,0,367,G
1-PB2,1926,368,0,0,0,368,A
1-PB2,1927,0,368,0,0,368,T
1-PB2,1928,0,0,0,369,369,C
1-PB2,1929,369,0,0,0,369,A
1-PB2,1930,0,0,380,0,380,G
1-PB2,1931,0,1,379,0,380,G
1-PB2,1932,1,0,380,0,381,G
1-PB2,1933,381,0,0,0,381,A
1-PB2,1934,0,357,0,0,357,T
1-PB2,1935,0,4,353,0,357,G
1-PB2,1936,356,0,0,0,356,A
1-PB2,1937,0,0,363,0,363,G
1-PB2,1938,362,0,0,0,362,A
1-PB2,1939,352,0,0,0,352,A
1-PB2,1940,0,356,0,0,356,T
1-PB2,1941,354,0,0,0,354,A
1-PB2,1942,0,0,0,362,362,C
1-PB2,1943,0,358,0,0,358,T
1-PB2,1944,0,355,0,0,355,T
1-PB2,1945,0,0,360,0,360,G
1-PB2,1946,0,351,0,0,351,T
1-PB2,1947,350,0,0,0,350,A
1-PB2,1948,347,0,0,0,347,A
1-PB2,1949,1,2,342,0,345,G
1-PB2,1950,0,1,346,0,347,G
1-PB2,1951,0,1,340,0,341,G
1-PB2,1952,0,0,342,0,342,G
1-PB2,1953,0,0,0,347,347,C
1-PB2,1954,345,0,0,0,345,A
1-PB2,1955,354,0,0,0,354,A
1-PB2,1956,0,354,0,0,354,T
1-PB2,1957,0,356,0,0,356,T
1-PB2,1958,0,0,0,359,359,C
1-PB2,1959,0,357,0,0,357,T
1-PB2,1960,0,0,0,361,361,C
1-PB2,1961,0,0,0,360,360,C
1-PB2,1962,0,358,0,0,358,T
1-PB2,1963,0,0,373,0,373,G
1-PB2,1964,0,368,0,0,368,T
1-PB2,1965,371,0,0,0,371,A
1-PB2,1966,0,372,0,0,372,T
1-PB2,1967,0,366,0,0,366,T
1-PB2,1968,0,0,0,365,365,C
1-PB2,1969,365,0,0,0,365,A
1-PB2,1970,369,1,0,0,370,A
1-PB2,1971,0,0,0,369,369,C
1-PB2,1972,0,365,0,0,365,T
1-PB2,1973,365,0,0,0,365,A
1-PB2,1974,0,0,0,376,376,C
1-PB2,1975,373,0,0,0,373,A
1-PB2,1976,372,0,0,0,372,A
1-PB2,1977,0,0,0,372,372,C
1-PB2,1978,370,0,1,0,371,A
1-PB2,1979,368,0,0,0,368,A
1-PB2,1980,1,0,369,0,370,G
1-PB2,1981,369,0,0,1,370,A
1-PB2,1982,0,0,0,368,368,C
1-PB2,1983,0,0,0,367,367,C
1-PB2,1984,366,0,0,0,366,A
1-PB2,1985,0,0,0,381,381,C
1-PB2,1986,1,379,0,0,380,T
1-PB2,1987,379,0,1,0,380,A
1-PB2,1988,378,0,0,0,378,A
1-PB2,1989,378,0,0,0,378,A
1-PB2,1990,379,0,0,0,379,A
1-PB2,1991,0,1,380,0,381,G
1-PB2,1992,380,0,0,0,380,A
1-PB2,1993,0,0,0,382,382,C
1-PB2,1994,0,369,0,0,369,T
1-PB2,1995,371,0,0,0,371,A
1-PB2,1996,371,0,0,0,371,A
1-PB2,1997,0,0,0,370,370,C
1-PB2,1998,371,0,0,0,371,A
1-PB2,1999,370,0,0,0,370,A
1-PB2,2000,0,367,0,0,367,T
1-PB2,2001,0,367,0,0,367,T
1-PB2,2002,0,0,0,370,370,C
1-PB2,2003,0,367,0,1,368,T
1-PB2,2004,0,0,0,370,370,C
1-PB2,2005,0,0,370,0,370,G
1-PB2,2006,0,0,371,0,371,G
1-PB2,2007,371,0,0,0,371,A
1-PB2,2008,370,0,0,0,370,A
1-PB2,2009,371,0,0,0,371,A
1-PB2,2010,370,0,0,1,371,A
1-PB2,2011,0,0,372,0,372,G
1-PB2,2012,371,0,1,0,372,A
1-PB2,2013,0,372,0,0,372,T
1-PB2,2014,2,0,371,0,373,G
1-PB2,2015,0,0,0,372,372,C
1-PB2,2016,0,0,0,372,372,C
1-PB2,2017,0,0,371,0,371,G
1-PB2,2018,0,0,371,0,371,G
1-PB2,2019,0,0,0,371,371,C
1-PB2,2020,372,0,0,0,372,A
1-PB2,2021,0,0,0,385,385,C
1-PB2,2022,0,384,0,0,384,T
1-PB2,2023,1,381,0,1,383,T
1-PB2,2024,0,386,0,0,386,T
1-PB2,2025,386,0,0,0,386,A
1-PB2,2026,385,0,0,0,385,A
1-PB2,2027,0,386,0,0,386,T
1-PB2,2028,351,0,0,0,351,A
1-PB2,2029,0,0,351,0,351,G
1-PB2,2030,352,0,0,0,352,A
1-PB2,2031,352,0,0,0,352,A
1-PB2,2032,0,0,349,0,349,G
1-PB2,2033,355,0,0,0,355,A
1-PB2,2034,0,0,0,355,355,C
1-PB2,2035,0,0,0,353,353,C
1-PB2,2036,2,0,0,352,354,C
1-PB2,2037,354,0,0,0,354,A
1-PB2,2038,0,0,358,0,358,G
1-PB2,2039,358,0,0,0,358,A
1-PB2,2040,0,360,0,0,360,T
1-PB2,2041,0,0,359,0,359,G
1-PB2,2042,346,0,0,0,346,A
1-PB2,2043,343,0,1,0,344,A
1-PB2,2044,348,0,0,0,348,A
1-PB2,2045,0,0,348,0,348,G
1-PB2,2046,0,0,0,350,350,C
1-PB2,2047,345,0,0,0,345,A
1-PB2,2048,0,0,0,346,346,C
1-PB2,2049,346,0,0,0,346,A
1-PB2,2050,0,344,0,0,344,T
1-PB2,2051,1,1,0,346,348,C
1-PB2,2052,1,0,0,345,346,C
1-PB2,2053,0,3,353,0,356,G
1-PB2,2054,0,0,356,0,356,G
1-PB2,2055,349,1,0,0,350,A
1-PB2,2056,0,0,352,0,352,G
1-PB2,2057,0,346,0,0,346,T
1-PB2,2058,0,1,344,0,345,G
1-PB2,2059,0,0,348,0,348,G
1-PB2,2060,342,0,0,0,342,A
1-PB2,2061,0,0,343,0,343,G
1-PB2,2062,0,341,0,0,341,T
1-PB2,2063,0,1,0,341,342,C
1-PB2,2064,0,0,0,342,342,C
1-PB2,2065,0,0,339,0,339,G
1-PB2,2066,0,0,0,336,336,C
1-PB2,2067,0,0,0,338,338,C
1-PB2,2068,0,1,342,0,343,G
1-PB2,2069,0,342,0,0,342,T
1-PB2,2070,0,0,0,343,343,C
1-PB2,2071,0,344,0,0,344,T
1-PB2,2072,0,344,0,0,344,T
1-PB2,2073,0,0,344,0,344,G
1-PB2,2074,343,0,0,0,343,A
1-PB2,2075,0,0,345,0,345,G
1-PB2,2076,343,0,0,0,343,A
1-PB2,2077,0,0,329,0,329,G
1-PB2,2078,0,2,328,0,330,G
1-PB2,2079,0,1,325,0,326,G
1-PB2,2080,0,324,0,0,324,T
1-PB2,2081,0,324,0,0,324,T
1-PB2,2082,0,327,1,0,328,T
1-PB2,2083,0,0,0,326,326,C
1-PB2,2084,0,327,0,0,327,T
1-PB2,2085,1,2,0,333,336,C
1-PB2,2086,333,0,0,0,333,A
1-PB2,2087,0,333,0,0,333,T
1-PB2,2088,0,331,0,0,331,T
1-PB2,2089,331,1,0,0,332,A
1-PB2,2090,0,333,0,0,333,T
1-PB2,2091,323,0,0,0,323,A
1-PB2,2092,0,0,328,0,328,G
1-PB2,2093,0,0,327,0,327,G
1-PB2,2094,0,314,0,0,314,T
1-PB2,2095,317,0,0,0,317,A
1-PB2,2096,316,0,0,0,316,A
1-PB2,2097,0,0,319,0,319,G
1-PB2,2098,0,0,319,0,319,G
1-PB2,2099,315,0,0,0,315,A
1-PB2,2100,309,0,0,0,309,A
1-PB2,2101,0,1,306,0,307,G
1-PB2,2102,302,0,1,0,303,A
1-PB2,2103,0,1,0,301,302,C
1-PB2,2104,303,0,0,0,303,A
1-PB2,2105,0,0,304,0,304,G
1-PB2,2106,303,0,1,0,304,A
1-PB2,2107,300,0,0,0,300,A
1-PB2,2108,0,0,301,0,301,G
1-PB2,2109,304,0,0,0,304,A
1-PB2,2110,0,303,0,0,303,T
1-PB2,2111,303,0,0,0,303,A
1-PB2,2112,0,0,0,302,302,C
1-PB2,2113,4,0,290,0,294,G
1-PB2,2114,0,0,295,0,295,G
1-PB2,2115,296,0,0,0,296,A
1-PB2,2116,0,0,0,293,293,C
1-PB2,2117,0,0,0,293,293,C
1-PB2,2118,285,0,0,0,285,A
1-PB2,2119,0,0,293,0,293,G
1-PB2,2120,1,0,0,290,291,C
1-PB2,2121,294,0,0,0,294,A
1-PB2,2122,0,292,0,0,292,T
1-PB2,2123,0,282,0,0,282,T
1-PB2,2124,282,0,0,0,282,A
1-PB2,2125,280,0,1,0,281,A
1-PB2,2126,0,0,281,0,281,G
1-PB2,2127,0,0,0,279,279,C
1-PB2,2128,261,0,0,0,261,A
1-PB2,2129,0,260,0,0,260,T
1-PB2,2130,0,0,0,258,258,C
1-PB2,2131,262,0,0,0,262,A
1-PB2,2132,262,0,0,0,262,A
1-PB2,2133,0,259,0,0,259,T
1-PB2,2134,0,0,261,0,261,G
1-PB2,2135,257,0,0,0,257,A
1-PB2,2136,257,0,1,0,258,A
1-PB2,2137,0,0,0,261,261,C
1-PB2,2138,0,249,0,0,249,T
1-PB2,2139,0,0,258,0,258,G
1-PB2,2140,256,0,0,0,256,A
1-PB2,2141,0,0,256,0,256,G
1-PB2,2142,0,256,0,0,256,T
1-PB2,2143,249,0,0,0,249,A
1-PB2,2144,248,0,0,0,248,A
1-PB2,2145,1,0,0,250,251,C
1-PB2,2146,0,1,0,241,242,C
1-PB2,2147,0,239,0,0,239,T
1-PB2,2148,0,219,0,2,221,T
1-PB2,2149,0,0,221,0,221,G
1-PB2,2150,0,0,0,221,221,C
1-PB2,2151,220,0,0,0,220,A
1-PB2,2152,221,0,0,0,221,A
1-PB2,2153,214,0,0,0,214,A
1-PB2,2154,212,0,0,0,212,A
1-PB2,2155,0,1,213,0,214,G
1-PB2,2156,0,0,214,0,214,G
1-PB2,2157,0,0,213,0,213,G
1-PB2,2158,0,0,213,0,213,G
1-PB2,2159,213,0,0,0,213,A
1-PB2,2160,213,0,0,0,213,A
1-PB2,2161,213,0,0,0,213,A
1-PB2,2162,219,0,0,0,219,A
1-PB2,2163,0,0,220,0,220,G
1-PB2,2164,0,0,217,0,217,G
1-PB2,2165,0,0,0,217,217,C
1-PB2,2166,0,214,0,1,215,T
1-PB2,2167,216,0,0,0,216,A
1-PB2,2168,215,0,0,0,215,A
1-PB2,2169,0,215,0,0,215,T
1-PB2,2170,1,1,216,0,218,G
1-PB2,2171,0,211,0,0,211,T
1-PB2,2172,0,0,211,0,211,G
1-PB2,2173,0,0,0,210,210,C
1-PB2,2174,0,208,0,0,208,T
1-PB2,2175,208,0,0,0,208,A
1-PB2,2176,207,0,0,0,207,A
1-PB2,2177,0,206,0,0,206,T
1-PB2,2178,1,0,0,204,205,C
1-PB2,2179,0,0,199,0,199,G
1-PB2,2180,0,0,199,0,199,G
1-PB2,2181,0,0,199,0,199,G
1-PB2,2182,0,0,0,197,197,C
1-PB2,2183,199,1,0,0,200,A
1-PB2,2184,200,0,0,0,200,A
1-PB2,2185,0,0,200,0,200,G
1-PB2,2186,0,0,200,0,200,G
1-PB2,2187,199,0,0,0,199,A
1-PB2,2188,0,0,201,0,201,G
1-PB2,2189,191,0,0,0,191,A
1-PB2,2190,0,0,0,190,190,C
1-PB2,2191,0,0,191,0,191,G
1-PB2,2192,0,189,0,1,190,T
1-PB2,2193,0,0,189,0,189,G
1-PB2,2194,0,0,189,0,189,G
1-PB2,2195,0,186,0,0,186,T
1-PB2,2196,0,0,186,0,186,G
1-PB2,2197,0,180,0,0,180,T
1-PB2,2198,0,175,0,0,175,T
1-PB2,2199,0,1,173,0,174,G
1-PB2,2200,0,0,175,0,175,G
1-PB2,2201,0,175,0,0,175,T
1-PB2,2202,172,0,0,0,172,A
1-PB2,2203,166,0,0,0,166,A
1-PB2,2204,0,163,0,0,163,T
1-PB2,2205,0,0,162,0,162,G
1-PB2,2206,161,0,0,0,161,A
1-PB2,2207,157,0,0,0,157,A
1-PB2,2208,159,0,0,0,159,A
1-PB2,2209,0,0,0,158,158,C
1-PB2,2210,0,0,158,0,158,G
1-PB2,2211,157,0,0,0,157,A
1-PB2,2212,157,0,0,0,157,A
1-PB2,2213,157,0,0,0,157,A
1-PB2,2214,158,0,0,0,158,A
1-PB2,2215,0,0,0,158,158,C
1-PB2,2216,0,0,157,0,157,G
1-PB2,2217,0,1,156,0,157,G
1-PB2,2218,0,0,158,0,158,G
1-PB2,2219,157,0,0,0,157,A
1-PB2,2220,0,0,0,157,157,C
1-PB2,2221,0,156,0,0,156,T
1-PB2,2222,0,0,0,157,157,C
1-PB2,2223,0,157,0,0,157,T
1-PB2,2224,159,0,0,0,159,A
1-PB2,2225,0,0,158,0,158,G
1-PB2,2226,0,0,0,156,156,C
1-PB2,2227,155,0,0,0,155,A
1-PB2,2228,0,154,0,0,154,T
1-PB2,2229,146,0,0,0,146,A
1-PB2,2230,0,0,0,147,147,C
1-PB2,2231,0,123,0,0,123,T
1-PB2,2232,0,123,0,0,123,T
1-PB2,2233,121,0,0,0,121,A
1-PB2,2234,0,0,0,120,120,C
1-PB2,2235,1,117,0,0,118,T
1-PB2,2236,0,0,118,0,118,G
1-PB2,2237,112,0,0,0,112,A
1-PB2,2238,0,0,0,113,113,C
1-PB2,2239,99,0,0,0,99,A
1-PB2,2240,0,0,100,0,100,G
1-PB2,2241,0,0,0,101,101,C
1-PB2,2242,0,0,0,98,98,C
1-PB2,2243,98,0,0,0,98,A
1-PB2,2244,0,0,97,0,97,G
1-PB2,2245,97,0,0,0,97,A
1-PB2,2246,0,0,0,97,97,C
1-PB2,2247,89,0,0,0,89,A
1-PB2,2248,0,0,89,0,89,G
1-PB2,2249,0,0,0,88,88,C
1-PB2,2250,0,0,87,0,87,G
1-PB2,2251,87,0,0,0,87,A
1-PB2,2252,0,0,0,87,87,C
1-PB2,2253,0,0,0,86,86,C
1-PB2,2254,86,0,0,0,86,A
1-PB2,2255,86,0,0,0,86,A
1-PB2,2256,86,0,0,0,86,A
1-PB2,2257,86,0,0,0,86,A
1-PB2,2258,0,0,86,0,86,G
1-PB2,2259,81,0,0,0,81,A
1-PB2,2260,81,0,0,0,81,A
1-PB2,2261,0,81,0,0,81,T
1-PB2,2262,0,80,0,0,80,T
1-PB2,2263,0,0,0,81,81,C
1-PB2,2264,0,0,77,0,77,G
1-PB2,2265,0,0,76,0,76,G
1-PB2,2266,76,0,0,0,76,A
1-PB2,2267,0,72,0,0,72,T
1-PB2,2268,0,0,71,1,72,G
1-PB2,2269,0,0,71,0,71,G
1-PB2,2270,0,0,0,71,71,C
1-PB2,2271,0,0,0,71,71,C
1-PB2,2272,68,0,0,0,68,A
1-PB2,2273,0,68,0,0,68,T
1-PB2,2274,0,0,0,68,68,C
1-PB2,2275,68,0,0,0,68,A
1-PB2,2276,68,0,0,0,68,A
1-PB2,2277,0,67,0,0,67,T
1-PB2,2278,0,56,0,0,56,T
1-PB2,2279,54,0,0,0,54,A
1-PB2,2280,53,0,0,0,53,A
2-PB1,1,229,0,0,0,229,A
2-PB1,2,0,231,0,0,231,T
2-PB1,3,0,0,234,0,234,G
2-PB1,4,0,0,254,0,254,G
2-PB1,5,290,0,0,0,290,A
2-PB1,6,0,313,0,0,313,T
2-PB1,7,0,0,316,0,316,G
2-PB1,8,0,317,0,0,317,T
2-PB1,9,0,0,0,340,340,C
2-PB1,10,342,0,0,0,342,A
2-PB1,11,353,0,1,0,354,A
2-PB1,12,0,356,0,0,356,T
2-PB1,13,0,0,0,360,360,C
2-PB1,14,0,1,0,373,374,C
2-PB1,15,0,1,380,0,381,G
2-PB1,16,430,0,0,0,430,A
2-PB1,17,0,1,0,437,438,C
2-PB1,18,0,437,0,1,438,T
2-PB1,19,0,0,0,502,502,C
2-PB1,20,0,503,0,0,503,T
2-PB1,21,506,0,2,0,508,A
2-PB1,22,0,0,0,510,510,C
2-PB1,23,0,510,0,0,510,T
2-PB1,24,0,0,574,0,574,G
2-PB1,25,0,576,0,0,576,T
2-PB1,26,1,574,0,0,575,T
2-PB1,27,0,0,0,575,575,C
2-PB1,28,0,0,0,574,574,C
2-PB1,29,0,670,0,0,670,T
2-PB1,30,680,0,0,0,680,A
2-PB1,31,680,0,0,0,680,A
2-PB1,32,686,1,0,0,687,A
2-PB1,33,1,0,690,0,691,G
2-PB1,34,0,0,696,0,696,G
2-PB1,35,0,701,0,0,701,T
2-PB1,36,0,700,0,0,700,T
2-PB1,37,0,0,0,702,702,C
2-PB1,38,0,0,0,702,702,C
2-PB1,39,704,0,0,0,704,A
2-PB1,40,0,0,714,0,714,G
2-PB1,41,0,0,0,716,716,C
2-PB1,42,0,0,719,0,719,G
2-PB1,43,0,0,0,721,721,C
2-PB1,44,718,0,0,0,718,A
2-PB1,45,720,0,0,0,720,A
2-PB1,46,718,0,0,0,718,A
2-PB1,47,730,0,2,0,732,A
2-PB1,48,0,736,0,0,736,T
2-PB1,49,1,0,763,0,764,G
2-PB1,50,0,0,0,766,766,C
2-PB1,51,0,1,1,773,775,C
2-PB1,52,772,0,0,0,772,A
2-PB1,53,0,775,0,0,775,T
2-PB1,54,832,0,0,0,832,A
2-PB1,55,835,0,0,0,835,A
2-PB1,56,0,0,877,0,877,G
2-PB1,57,0,0,0,880,880,C
2-PB1,58,879,0,0,0,879,A
2-PB1,59,0,0,0,923,923,C
2-PB1,60,924,0,0,0,924,A
2-PB1,61,978,0,0,0,978,A
2-PB1,62,0,0,0,985,985,C
2-PB1,63,986,0,0,0,986,A
2-PB1,64,0,997,0,0,997,T
2-PB1,65,0,991,0,2,993,T
2-PB1,66,0,0,0,1211,1211,C
2-PB1,67,0,0,0,1215,1215,C
2-PB1,68,1,0,0,1228,1229,C
2-PB1,69,0,1247,0,0,1247,T
2-PB1,70,0,1240,0,0,1240,T
2-PB1,71,1360,0,1,0,1361,A
2-PB1,72,0,1353,0,18,1371,T
2-PB1,73,1377,1,0,0,1378,A
2-PB1,74,1,1,0,1391,1393,C
2-PB1,75,0,1367,0,1,1368,T
2-PB1,76,0,4,1384,0,1388,G
2-PB1,77,0,3,1387,0,1390,G
2-PB1,78,1386,0,0,0,1386,A
2-PB1,79,0,1,1387,0,1388,G
2-PB1,80,1392,0,0,0,1392,A
2-PB1,81,0,1389,1,0,1390,T
2-PB1,82,0,0,0,1494,1494,C
2-PB1,83,2,0,0,1489,1491,C
2-PB1,84,0,1513,0,1,1514,T
2-PB1,85,1,2,2,1624,1629,C
2-PB1,86,1,0,0,1632,1633,C
2-PB1,87,1645,1,1,0,1647,A
2-PB1,88,0,1647,0,0,1647,T
2-PB1,89,1644,0,1,0,1645,A
2-PB1,90,1,1,0,1659,1661,C
2-PB1,91,1637,0,1,0,1638,A
2-PB1,92,1,0,1706,0,1707,G
2-PB1,93,0,0,0,1721,1721,C
2-PB1,94,0,0,0,1711,1711,C
2-PB1,95,1710,0,0,0,1710,A
2-PB1,96,0,1715,0,0,1715,T
2-PB1,97,0,1,1712,0,1713,G
2-PB1,98,14,3,1773,0,1790,G
2-PB1,99,1792,0,0,0,1792,A
2-PB1,100,1799,1,1,0,1801,A
2-PB1,101,0,1,0,1796,1797,C
2-PB1,102,1784,0,2,0,1786,A
2-PB1,103,0,1,1832,1,1834,G
2-PB1,104,0,2,1865,0,1867,G
2-PB1,105,1869,0,0,0,1869,A
2-PB1,106,1877,2,0,0,1879,A
2-PB1,107,1,0,0,1890,1891,C
2-PB1,108,1902,0,0,0,1902,A
2-PB1,109,0,5,2156,0,2161,G
2-PB1,110,0,1,2169,0,2170,G
2-PB1,111,0,4,2201,0,2205,G
2-PB1,112,0,2197,0,1,2198,T
2-PB1,113,2194,0,0,0,2194,A
2-PB1,114,0,0,0,2217,2217,C
2-PB1,115,2286,0,1,0,2287,A
2-PB1,116,1,0,0,2380,2381,C
2-PB1,117,0,0,0,2360,2360,C
2-PB1,118,2317,0,0,0,2317,A
2-PB1,119,0,2320,0,1,2321,T
2-PB1,120,1,4,2318,0,2323,G
2-PB1,121,0,4,2336,0,2340,G
2-PB1,122,2339,0,0,0,2339,A
2-PB1,123,0,1,0,2339,2340,C
2-PB1,124,2315,1,1,0,2317,A
2-PB1,125,0,0,0,2356,2356,C
2-PB1,126,2351,1,0,2,2354,A
2-PB1,127,0,0,2393,0,2393,G
2-PB1,128,0,2392,1,3,2396,T
2-PB1,129,1,1,0,2469,2471,C
2-PB1,130,2461,2,0,0,2463,A
2-PB1,131,2478,0,3,0,2481,A
2-PB1,132,1,0,0,2482,2483,C
2-PB1,133,2475,1,0,0,2476,A
2-PB1,134,0,1,2524,0,2525,G
2-PB1,135,2509,0,0,0,2509,A
2-PB1,136,2504,0,0,0,2504,A
2-PB1,137,0,0,0,2507,2507,C
2-PB1,138,2470,0,4,0,2474,A
2-PB1,139,0,0,0,2533,2533,C
2-PB1,140,2523,0,4,0,2527,A
2-PB1,141,0,0,0,2634,2634,C
2-PB1,142,0,0,0,2637,2637,C
2-PB1,143,2642,0,0,0,2642,A
2-PB1,144,2660,0,0,0,2660,A
2-PB1,145,0,2721,0,0,2721,T
2-PB1,146,2789,0,1,1,2791,A
2-PB1,147,0,2793,0,1,2794,T
2-PB1,148,0,2765,0,0,2765,T
2-PB1,149,0,1,0,2767,2768,C
2-PB1,150,2705,0,8,0,2713,A
2-PB1,151,0,5,2712,0,2717,G
2-PB1,152,2701,0,1,0,2702,A
2-PB1,153,16,0,2688,0,2704,G
2-PB1,154,2660,0,0,0,2660,A
2-PB1,155,2,5,2618,0,2625,G
2-PB1,156,1,8,2617,0,2626,G
2-PB1,157,0,8,2703,0,2711,G
2-PB1,158,1,6,2706,0,2713,G
2-PB1,159,0,3,2731,0,2734,G
2-PB1,160,2727,1,3,0,2731,A
2-PB1,161,2732,1,0,0,2733,A
2-PB1,162,0,1,2755,0,2756,G
2-PB1,163,0,2729,0,3,2732,T
2-PB1,164,0,1,2720,0,2721,G
2-PB1,165,0,2,2718,0,2720,G
2-PB1,166,2717,0,2,0,2719,A
2-PB1,167,0,2,0,2722,2724,C
2-PB1,168,2,3,2723,0,2728,G
2-PB1,169,2747,0,1,0,2748,A
2-PB1,170,0,1,0,2766,2767,C
2-PB1,171,2762,0,1,0,2763,A
2-PB1,172,2757,0,1,1,2759,A
2-PB1,173,2778,0,0,0,2778,A
2-PB1,174,0,2826,0,0,2826,T
2-PB1,175,2835,1,1,0,2837,A
2-PB1,176,1,0,0,2838,2839,C
2-PB1,177,2813,0,2,0,2815,A
2-PB1,178,0,0,2822,0,2822,G
2-PB1,179,2822,0,0,0,2822,A
2-PB1,180,2852,0,1,0,2853,A
2-PB1,181,2852,0,0,0,2852,A
2-PB1,182,2,0,0,2850,2852,C
2-PB1,183,0,2827,0,1,2828,T
2-PB1,184,0,5,2823,0,2828,G
2-PB1,185,1,8,2819,0,2828,G
2-PB1,186,1,4,2822,0,2827,G
2-PB1,187,1,1,2829,0,2831,G
2-PB1,188,3,0,0,2834,2837,C
2-PB1,189,2829,0,1,0,2830,A
2-PB1,190,40,0,0,2914,2954,C
2-PB1,191,4,1,1,2949,2955,C
2-PB1,192,11,0,0,2951,2962,C
2-PB1,193,7,1,0,2965,2973,C
2-PB1,194,2970,0,1,0,2971,A
2-PB1,195,3001,1,0,0,3002,A
2-PB1,196,1,2,0,2994,2997,C
2-PB1,197,0,2989,1,0,2990,T
2-PB1,198,2,0,0,2997,2999,C
2-PB1,199,2904,2,1,0,2907,A
2-PB1,200,2948,0,2,0,2950,A
2-PB1,201,1,0,0,2950,2951,C
2-PB1,202,5,1,0,2937,2943,C
2-PB1,203,5,2,0,2943,2950,C
2-PB1,204,2939,0,0,0,2939,A
2-PB1,205,2951,0,3,0,2954,A
2-PB1,206,0,2969,0,0,2969,T
2-PB1,207,1,2963,0,1,2965,T
2-PB1,208,0,1,2970,0,2971,G
2-PB1,209,2940,0,1,0,2941,A
2-PB1,210,0,2938,0,2,2940,T
2-PB1,211,2,5,2933,0,2940,G
2-PB1,212,1,2,2974,0,2977,G
2-PB1,213,3003,1,1,0,3005,A
2-PB1,214,0,1,0,3025,3026,C
2-PB1,215,1,1,0,3014,3016,C
2-PB1,216,3018,0,1,0,3019,A
2-PB1,217,2,0,0,3095,3097,C
2-PB1,218,0,3094,1,1,3096,T
2-PB1,219,3130,0,1,0,3131,A
2-PB1,220,1,0,1,3157,3159,C
2-PB1,221,3,0,0,3136,3139,C
2-PB1,222,0,3099,0,1,3100,T
2-PB1,223,0,3,3114,0,3117,G
2-PB1,224,3110,0,3,0,3113,A
2-PB1,225,1,6,3130,0,3137,G
2-PB1,226,0,2,3119,0,3121,G
2-PB1,227,3119,0,2,0,3121,A
2-PB1,228,0,3097,0,0,3097,T
2-PB1,229,3050,0,0,0,3050,A
2-PB1,230,3049,0,0,0,3049,A
2-PB1,231,0,3052,1,1,3054,T
2-PB1,232,0,4,3043,0,3047,G
2-PB1,233,3038,0,1,0,3039,A
2-PB1,234,3023,0,0,0,3023,A
2-PB1,235,0,0,0,3024,3024,C
2-PB1,236,4,1,0,2983,2988,C
2-PB1,237,3009,0,0,0,3009,A
2-PB1,238,3017,0,4,0,3021,A
2-PB1,239,0,1,3031,1,3033,G
2-PB1,240,0,3024,0,1,3025,T
2-PB1,241,0,4,3016,0,3020,G
2-PB1,242,0,1,3065,0,3066,G
2-PB1,243,3063,0,0,0,3063,A
2-PB1,244,0,3055,0,0,3055,T
2-PB1,245,3058,6,0,0,3064,A
2-PB1,246,0,3133,0,1,3134,T
2-PB1,247,0,1,3141,0,3142,G
2-PB1,248,1,1,12,3128,3142,C
2-PB1,249,3142,0,1,1,3144,A
2-PB1,250,0,1,0,3213,3214,C
2-PB1,251,3162,0,1,0,3163,A
2-PB1,252,3197,0,1,0,3198,A
2-PB1,253,3196,2,2,0,3200,A
2-PB1,254,0,0,0,3211,3211,C
2-PB1,255,3122,0,1,1,3124,A
2-PB1,256,0,3,3159,0,3162,G
2-PB1,257,3155,0,2,0,3157,A
2-PB1,258,1,0,0,3159,3160,C
2-PB1,259,0,3081,0,3,3084,T
2-PB1,260,0,1,3139,0,3140,G
2-PB1,261,1,3105,0,1,3107,T
2-PB1,262,1,3,3267,0,3271,G
2-PB1,263,0,3269,0,1,3270,T
2-PB1,264,1,0,0,3272,3273,C
2-PB1,265,3,0,0,3276,3279,C
2-PB1,266,0,3265,0,0,3265,T
2-PB1,267,1,1,3268,0,3270,G
2-PB1,268,0,2,3267,0,3269,G
2-PB1,269,3225,0,3,0,3228,A
2-PB1,270,0,0,3289,1,3290,G
2-PB1,271,0,2,3206,0,3208,G
2-PB1,272,2,1,0,3213,3216,C
2-PB1,273,1,3194,1,3,3199,T
2-PB1,274,3206,1,5,0,3212,A
2-PB1,275,1,3202,0,1,3204,T
2-PB1,276,0,1,3206,0,3207,G
2-PB1,277,0,1,3211,1,3213,G
2-PB1,278,1,0,0,3202,3203,C
2-PB1,279,1,1,0,3160,3162,C
2-PB1,280,1,3141,0,1,3143,T
2-PB1,281,0,3312,0,0,3312,T
2-PB1,282,0,0,0,3310,3310,C
2-PB1,283,3,0,0,3316,3319,C
2-PB1,284,1,3318,0,0,3319,T
2-PB1,285,0,3312,0,0,3312,T
2-PB1,286,0,1,3327,0,3328,G
2-PB1,287,3326,1,1,0,3328,A
2-PB1,288,3331,0,0,0,3331,A
2-PB1,289,0,1,3338,0,3339,G
2-PB1,290,3206,0,0,0,3206,A
2-PB1,291,3233,1,0,0,3234,A
2-PB1,292,0,3223,0,0,3223,T
2-PB1,293,3,0,0,3225,3228,C
2-PB1,294,3,2,0,3230,3235,C
2-PB1,295,9,0,0,3222,3231,C
2-PB1,296,3243,1,2,0,3246,A
2-PB1,297,1,0,0,3263,3264,C
2-PB1,298,5,1,1,3253,3260,C
2-PB1,299,11,0,1,3258,3270,C
2-PB1,300,3248,0,0,0,3248,A
2-PB1,301,0,3,3258,0,3261,G
2-PB1,302,2,1,3274,0,3277,G
2-PB1,303,0,3270,0,1,3271,T
2-PB1,304,3295,0,0,0,3295,A
2-PB1,305,1,3268,0,1,3270,T
2-PB1,306,3,0,0,3270,3273,C
2-PB1,307,0,3279,0,0,3279,T
2-PB1,308,0,3274,0,5,3279,T
2-PB1,309,0,3263,0,2,3265,T
2-PB1,310,1,2,3262,0,3265,G
2-PB1,311,3229,2,5,0,3236,A
2-PB1,312,0,2,3237,0,3239,G
2-PB1,313,3195,1,0,0,3196,A
2-PB1,314,3206,0,2,0,3208,A
2-PB1,315,2,1,1,3226,3230,C
2-PB1,316,1,3177,0,2,3180,T
2-PB1,317,1,0,1,3192,3194,C
2-PB1,318,3182,0,1,0,3183,A
2-PB1,319,0,3187,0,0,3187,T
2-PB1,320,1,1,3187,0,3189,G
2-PB1,321,1,1,0,3227,3229,C
2-PB1,322,0,2,1,3232,3235,C
2-PB1,323,0,3216,0,0,3216,T
2-PB1,324,0,3201,0,2,3203,T
2-PB1,325,0,5,3213,0,3218,G
2-PB1,326,3231,1,1,0,3233,A
2-PB1,327,3233,1,0,0,3234,A
2-PB1,328,3231,0,4,1,3236,A
2-PB1,329,1,1,0,3265,3267,C
2-PB1,330,3199,1,2,0,3202,A
2-PB1,331,3221,2,0,0,3223,A
2-PB1,332,0,3221,0,1,3222,T
2-PB1,333,2,2,3207,1,3212,G
2-PB1,334,0,2,3209,0,3211,G
2-PB1,335,3188,0,0,0,3188,A
2-PB1,336,3186,0,4,0,3190,A
2-PB1,337,0,1,3189,0,3190,G
2-PB1,338,2,2,0,3189,3193,C
2-PB1,339,4,0,0,3167,3171,C
2-PB1,340,2,0,3205,0,3207,G
2-PB1,341,1,3183,1,0,3185,T
2-PB1,342,2,3197,1,2,3202,T
2-PB1,343,3,0,1,3221,3225,C
2-PB1,344,3224,0,1,0,3225,A
2-PB1,345,3244,1,4,0,3249,A
2-PB1,346,0,2,0,3250,3252,C
2-PB1,347,3248,0,1,0,3249,A
2-PB1,348,0,2,3269,0,3271,G
2-PB1,349,3225,1,3,0,3229,A
2-PB1,350,1,1,0,3231,3233,C
2-PB1,351,3231,1,0,0,3232,A
2-PB1,352,3267,0,0,0,3267,A
2-PB1,353,0,12,3291,1,3304,G
2-PB1,354,0,3,3266,0,3269,G
2-PB1,355,0,0,3275,1,3276,G
2-PB1,356,0,3230,0,1,3231,T
2-PB1,357,1,5,3221,0,3227,G
2-PB1,358,1,3,3231,0,3235,G
2-PB1,359,3221,2,4,0,3227,A
2-PB1,360,0,1,0,3226,3227,C
2-PB1,361,3183,0,0,0,3183,A
2-PB1,362,3213,1,1,1,3216,A
2-PB1,363,3218,1,1,0,3220,A
2-PB1,364,0,1,0,3217,3218,C
2-PB1,365,0,3204,0,0,3204,T
2-PB1,366,3204,0,1,0,3205,A
2-PB1,367,3213,3,0,0,3216,A
2-PB1,368,3,1,0,3215,3219,C
2-PB1,369,5,1,0,3209,3215,C
2-PB1,370,2,2,0,3216,3220,C
2-PB1,371,3146,0,1,0,3147,A
2-PB1,372,3144,0,0,0,3144,A
2-PB1,373,0,4,3138,0,3142,G
2-PB1,374,0,1,3144,0,3145,G
2-PB1,375,1,3134,1,1,3137,T
2-PB1,376,5,0,1,3108,3114,C
2-PB1,377,1,3,3117,3,3124,G
2-PB1,378,0,0,0,3110,3110,C
2-PB1,379,1,1,1,3122,3125,C
2-PB1,380,3120,0,0,0,3120,A
2-PB1,381,0,1,3158,0,3159,G
2-PB1,382,3210,0,0,0,3210,A
2-PB1,383,1,0,0,3214,3215,C
2-PB1,384,0,3195,0,0,3195,T
2-PB1,385,0,3183,0,1,3184,T
2-PB1,386,3188,1,0,0,3189,A
2-PB1,387,0,3205,0,0,3205,T
2-PB1,388,0,4,3199,1,3204,G
2-PB1,389,3196,0,1,0,3197,A
2-PB1,390,0,3140,0,0,3140,T
2-PB1,391,1,3065,0,0,3066,T
2-PB1,392,0,3,3046,1,3050,G
2-PB1,393,0,0,3054,0,3054,G
2-PB1,394,3073,1,1,0,3075,A
2-PB1,395,0,0,0,3074,3074,C
2-PB1,396,3037,0,0,0,3037,A
2-PB1,397,0,3024,0,0,3024,T
2-PB1,398,0,3043,1,0,3044,T
2-PB1,399,3064,1,0,0,3065,A
2-PB1,400,3058,2,1,0,3061,A
2-PB1,401,3061,1,1,0,3063,A
2-PB1,402,0,0,0,3067,3067,C
2-PB1,403,3005,1,3,0,3009,A
2-PB1,404,0,1,3021,0,3022,G
2-PB1,405,3007,0,2,0,3009,A
2-PB1,406,3012,0,2,0,3014,A
2-PB1,407,3013,0,1,0,3014,A
2-PB1,408,1,2997,1,0,2999,T
2-PB1,409,0,0,0,2997,2997,C
2-PB1,410,2988,0,2,0,2990,A
2-PB1,411,2997,0,1,0,2998,A
2-PB1,412,1,0,0,2993,2994,C
2-PB1,413,6,3,0,2964,2973,C
2-PB1,414,2,4,2984,0,2990,G
2-PB1,415,1,0,2977,0,2978,G
2-PB1,416,1,0,0,2990,2991,C
2-PB1,417,2982,0,1,0,2983,A
2-PB1,418,1,1,2984,0,2986,G
2-PB1,419,0,0,0,3006,3006,C
2-PB1,420,3000,0,0,1,3001,A
2-PB1,421,3006,0,0,0,3006,A
2-PB1,422,4,0,0,3008,3012,C
2-PB1,423,1,3001,0,1,3003,T
2-PB1,424,1,1,3086,0,3088,G
2-PB1,425,1,0,1,3083,3085,C
2-PB1,426,3085,1,0,0,3086,A
2-PB1,427,0,3085,1,1,3087,T
2-PB1,428,0,3053,0,1,3054,T
2-PB1,429,3226,0,2,0,3228,A
2-PB1,430,0,0,3236,0,3236,G
2-PB1,431,1,1,1,3209,3212,C
2-PB1,432,2,1,0,3221,3224,C
2-PB1,433,3115,0,0,0,3115,A
2-PB1,434,3129,2,0,0,3131,A
2-PB1,435,0,0,0,3148,3148,C
2-PB1,436,3151,2,0,0,3153,A
2-PB1,437,2,0,0,3202,3204,C
2-PB1,438,1,0,0,2974,2975,C
2-PB1,439,2972,1,1,0,2974,A
2-PB1,440,0,2968,0,2,2970,T
2-PB1,441,2969,0,0,0,2969,A
2-PB1,442,0,2,2969,0,2971,G
2-PB1,443,2942,1,1,0,2944,A
2-PB1,444,2904,0,2,0,2906,A
2-PB1,445,0,1,2923,0,2924,G
2-PB1,446,1,2844,0,1,2846,T
2-PB1,447,0,2843,0,0,2843,T
2-PB1,448,1,2836,0,1,2838,T
2-PB1,449,0,2846,0,1,2847,T
2-PB1,450,0,2849,1,2,2852,T
2-PB1,451,2838,0,0,0,2838,A
2-PB1,452,0,1,2839,0,2840,G
2-PB1,453,2831,0,0,0,2831,A
2-PB1,454,3,2818,0,1,2822,T
2-PB1,455,0,2,0,2795,2797,C
2-PB1,456,0,2,2796,0,2798,G
2-PB1,457,2805,0,0,0,2805,A
2-PB1,458,2804,0,2,0,2806,A
2-PB1,459,0,1,0,2811,2812,C
2-PB1,460,0,2,2811,0,2813,G
2-PB1,461,0,1,2920,0,2921,G
2-PB1,462,2916,0,1,0,2917,A
2-PB1,463,0,2907,1,0,2908,T
2-PB1,464,1,2910,0,0,2911,T
2-PB1,465,2913,0,3,0,2916,A
2-PB1,466,2903,0,4,0,2907,A
2-PB1,467,1,1,0,2918,2920,C
2-PB1,468,2896,0,3,0,2899,A
2-PB1,469,0,0,2925,0,2925,G
2-PB1,470,1,0,0,2796,2797,C
2-PB1,471,1,2789,0,0,2790,T
2-PB1,472,2794,0,0,1,2795,A
2-PB1,473,2789,1,2,0,2792,A
2-PB1,474,1,2788,0,0,2789,T
2-PB1,475,1,2,2823,0,2826,G
2-PB1,476,2808,1,0,0,2809,A
2-PB1,477,2812,1,0,0,2813,A
2-PB1,478,0,2772,0,0,2772,T
2-PB1,479,2,0,1,2773,2776,C
2-PB1,480,2768,0,4,0,2772,A
2-PB1,481,1,2,2768,0,2771,G
2-PB1,482,0,0,2768,0,2768,G
2-PB1,483,2761,0,2,0,2763,A
2-PB1,484,2730,1,0,0,2731,A
2-PB1,485,1,0,2838,0,2839,G
2-PB1,486,0,0,2843,0,2843,G
2-PB1,487,1,2,0,2846,2849,C
2-PB1,488,0,2827,0,1,2828,T
2-PB1,489,2836,0,0,0,2836,A
2-PB1,490,2839,0,0,0,2839,A
2-PB1,491,1,2839,0,0,2840,T
2-PB1,492,2841,0,0,0,2841,A
2-PB1,493,0,0,2851,0,2851,G
2-PB1,494,2675,0,1,0,2676,A
2-PB1,495,0,2651,1,1,2653,T
2-PB1,496,0,2649,1,1,2651,T
2-PB1,497,2,2651,0,1,2654,T
2-PB1,498,3,0,0,2715,2718,C
2-PB1,499,2,0,0,2728,2730,C
2-PB1,500,0,2717,0,2,2719,T
2-PB1,501,1,0,1,2731,2733,C
2-PB1,502,2719,0,0,0,2719,A
2-PB1,503,2732,0,0,0,2732,A
2-PB1,504,2,4,2729,1,2736,G
2-PB1,505,0,3,2761,0,2764,G
2-PB1,506,2768,0,0,0,2768,A
2-PB1,507,0,2653,0,0,2653,T
2-PB1,508,0,2,2688,0,2690,G
2-PB1,509,0,2680,0,1,2681,T
2-PB1,510,1,1,2699,1,2702,G
2-PB1,511,2704,0,2,0,2706,A
2-PB1,512,0,2690,0,2,2692,T
2-PB1,513,1,1,2674,0,2676,G
2-PB1,514,0,3,2649,0,2652,G
2-PB1,515,2648,0,2,0,2650,A
2-PB1,516,2654,0,1,1,2656,A
2-PB1,517,1,2624,0,0,2625,T
2-PB1,518,1,0,0,2630,2631,C
2-PB1,519,2593,0,0,0,2593,A
2-PB1,520,2598,1,1,0,2600,A
2-PB1,521,0,2601,0,2,2603,T
2-PB1,522,0,5,2628,0,2633,G
2-PB1,523,0,0,2633,0,2633,G
2-PB1,524,2637,0,0,0,2637,A
2-PB1,525,0,2632,0,1,2633,T
2-PB1,526,2625,0,1,0,2626,A
2-PB1,527,2620,0,1,1,2622,A
2-PB1,528,2617,1,0,0,2618,A
2-PB1,529,0,0,2645,1,2646,G
2-PB1,530,2624,1,0,0,2625,A
2-PB1,531,0,1,2595,1,2597,G
2-PB1,532,0,0,2595,0,2595,G
2-PB1,533,2580,1,0,0,2581,A
2-PB1,534,2579,1,1,0,2581,A
2-PB1,535,2579,0,2,0,2581,A
2-PB1,536,0,2577,0,3,2580,T
2-PB1,537,0,2,2609,0,2611,G
2-PB1,538,0,3,2601,1,2605,G
2-PB1,539,2578,1,9,0,2588,A
2-PB1,540,0,0,2614,0,2614,G
2-PB1,541,2596,0,0,0,2596,A
2-PB1,542,0,2637,0,0,2637,T
2-PB1,543,2632,0,1,0,2633,A
2-PB1,544,2655,1,1,0,2657,A
2-PB1,545,1,0,0,2664,2665,C
2-PB1,546,2624,0,0,0,2624,A
2-PB1,547,2629,0,1,0,2630,A
2-PB1,548,2,0,0,2625,2627,C
2-PB1,549,2608,0,0,0,2608,A
2-PB1,550,2,0,0,2608,2610,C
2-PB1,551,2549,1,1,0,2551,A
2-PB1,552,2,0,0,2576,2578,C
2-PB1,553,0,2547,0,1,2548,T
2-PB1,554,0,2546,0,2,2548,T
2-PB1,555,0,2553,0,2,2555,T
2-PB1,556,3,1,0,2545,2549,C
2-PB1,557,2551,0,0,0,2551,A
2-PB1,558,2556,1,0,0,2557,A
2-PB1,559,2566,0,1,0,2567,A
2-PB1,560,0,0,2594,0,2594,G
2-PB1,561,2571,0,1,0,2572,A
2-PB1,562,2571,0,0,0,2571,A
2-PB1,563,2577,0,1,0,2578,A
2-PB1,564,2580,1,0,0,2581,A
2-PB1,565,2579,0,2,0,2581,A
2-PB1,566,1,5,2589,0,2595,G
2-PB1,567,0,3,2589,0,2592,G
2-PB1,568,2549,1,6,0,2556,A
2-PB1,569,1,4,2605,0,2610,G
2-PB1,570,2590,1,1,0,2592,A
2-PB1,571,1,0,2689,0,2690,G
2-PB1,572,0,2686,0,0,2686,T
2-PB1,573,2683,0,0,0,2683,A
2-PB1,574,2691,0,4,0,2695,A
2-PB1,575,0,6,2678,0,2684,G
2-PB1,576,0,5,2690,0,2695,G
2-PB1,577,0,1,2701,0,2702,G
2-PB1,578,2661,0,0,0,2661,A
2-PB1,579,3,0,0,2681,2684,C
2-PB1,580,2607,1,2,0,2610,A
2-PB1,581,2621,1,1,0,2623,A
2-PB1,582,1,0,0,2622,2623,C
2-PB1,583,2611,1,0,0,2612,A
2-PB1,584,0,2595,0,2,2597,T
2-PB1,585,0,5,2566,1,2572,G
2-PB1,586,2571,0,0,0,2571,A
2-PB1,587,0,0,0,2564,2564,C
2-PB1,588,2,0,0,2534,2536,C
2-PB1,589,2532,1,3,1,2537,A
2-PB1,590,2534,0,0,0,2534,A
2-PB1,591,2,1,2542,1,2546,G
2-PB1,592,2546,0,0,0,2546,A
2-PB1,593,2543,0,1,0,2544,A
2-PB1,594,2524,0,3,0,2527,A
2-PB1,595,2525,0,0,0,2525,A
2-PB1,596,0,2532,0,0,2532,T
2-PB1,597,0,2,2525,0,2527,G
2-PB1,598,1,0,2534,0,2535,G
2-PB1,599,2,2511,0,1,2514,T
2-PB1,600,6,1,0,2484,2491,C
2-PB1,601,2519,0,0,0,2519,A
2-PB1,602,2,2,0,2794,2798,C
2-PB1,603,2867,0,0,0,2867,A
2-PB1,604,0,1,0,2891,2892,C
2-PB1,605,2886,0,0,0,2886,A
2-PB1,606,3084,0,0,0,3084,A
2-PB1,607,3062,1,0,0,3063,A
2-PB1,608,0,3,3402,0,3405,G
2-PB1,609,3400,0,3,0,3403,A
2-PB1,610,3437,1,1,0,3439,A
2-PB1,611,2,1,0,3610,3613,C
2-PB1,612,3561,0,0,0,3561,A
2-PB1,613,3598,0,0,1,3599,A
2-PB1,614,0,3592,0,1,3593,T
2-PB1,615,3561,1,3,1,3566,A
2-PB1,616,0,15,3562,0,3577,G
2-PB1,617,1,3,3495,0,3499,G
2-PB1,618,0,3,3505,0,3508,G
2-PB1,619,3496,0,1,0,3497,A
2-PB1,620,3477,0,1,2,3480,A
2-PB1,621,0,2,3529,0,3531,G
2-PB1,622,3531,0,1,0,3532,A
2-PB1,623,3538,1,1,0,3540,A
2-PB1,624,3564,0,1,0,3565,A
2-PB1,625,3579,3,0,1,3583,A
2-PB1,626,3686,0,1,0,3687,A
2-PB1,627,3693,0,3,2,3698,A
2-PB1,628,0,0,0,3706,3706,C
2-PB1,629,3700,0,0,0,3700,A
2-PB1,630,3692,2,0,1,3695,A
2-PB1,631,3687,0,3,0,3690,A
2-PB1,632,0,4,3785,0,3789,G
2-PB1,633,3779,0,2,0,3781,A
2-PB1,634,0,3,4002,1,4006,G
2-PB1,635,1,3973,0,0,3974,T
2-PB1,636,0,4,4864,0,4868,G
2-PB1,637,4885,2,4,0,4891,A
2-PB1,638,4897,0,1,1,4899,A
2-PB1,639,0,4987,12,3,5002,T
2-PB1,640,5021,0,0,0,5021,A
2-PB1,641,5030,3,3,0,5036,A
2-PB1,642,0,4,5051,0,5055,G
2-PB1,643,4978,0,3,0,4981,A
2-PB1,644,0,4,4991,0,4995,G
2-PB1,645,4834,1,3,0,4838,A
2-PB1,646,0,2,4884,1,4887,G
2-PB1,647,0,1,4897,0,4898,G
2-PB1,648,0,0,0,4912,4912,C
2-PB1,649,2,4893,0,2,4897,T
2-PB1,650,5083,1,1,0,5085,A
2-PB1,651,3,0,0,5448,5451,C
2-PB1,652,3,5,0,5453,5461,C
2-PB1,653,0,5501,3,3,5507,T
2-PB1,654,5749,0,3,1,5753,A
2-PB1,655,5742,1,0,1,5744,A
2-PB1,656,0,5761,0,0,5761,T
2-PB1,657,5752,0,1,0,5753,A
2-PB1,658,5740,0,4,1,5745,A
2-PB1,659,0,7,5756,0,5763,G
2-PB1,660,5644,0,4,0,5648,A
2-PB1,661,1,0,5698,0,5699,G
2-PB1,662,0,1,0,5730,5731,C
2-PB1,663,0,5690,0,1,5691,T
2-PB1,664,1,5706,1,4,5712,T
2-PB1,665,1,5709,0,0,5710,T
2-PB1,666,1,10,5704,1,5716,G
2-PB1,667,5826,3,2,1,5832,A
2-PB1,668,2,0,0,5852,5854,C
2-PB1,669,5859,1,2,0,5862,A
2-PB1,670,0,5861,1,1,5863,T
2-PB1,671,1,5832,0,0,5833,T
2-PB1,672,0,9,5988,0,5997,G
2-PB1,673,5981,5,5,0,5991,A
2-PB1,674,5994,2,5,1,6002,A
2-PB1,675,1,5,0,6010,6016,C
2-PB1,676,6004,1,1,0,6006,A
2-PB1,677,1,1,0,6032,6034,C
2-PB1,678,1,2,6033,0,6036,G
2-PB1,679,6053,1,7,0,6061,A
2-PB1,680,0,6069,0,2,6071,T
2-PB1,681,1,7,6221,0,6229,G
2-PB1,682,6232,1,4,1,6238,A
2-PB1,683,2,1,0,6258,6261,C
2-PB1,684,2,0,0,6255,6257,C
2-PB1,685,6266,0,1,1,6268,A
2-PB1,686,6347,2,1,0,6350,A
2-PB1,687,6349,0,7,1,6357,A
2-PB1,688,1,3,6516,0,6520,G
2-PB1,689,6594,0,2,0,6596,A
2-PB1,690,0,6574,1,2,6577,T
2-PB1,691,2,2,6576,1,6581,G
2-PB1,692,0,0,2,6574,6576,C
2-PB1,693,6574,1,9,1,6585,A
2-PB1,694,0,1,6622,0,6623,G
2-PB1,695,6557,0,0,0,6557,A
2-PB1,696,1,7,6576,0,6584,G
2-PB1,697,6451,0,2,0,6453,A
2-PB1,698,1,4,6433,0,6438,G
2-PB1,699,6379,1,5,2,6387,A
2-PB1,700,1,3,6405,0,6409,G
2-PB1,701,1,3,6396,0,6400,G
2-PB1,702,2,1,1,6393,6397,C
2-PB1,703,6389,1,0,1,6391,A
2-PB1,704,6391,0,3,1,6395,A
2-PB1,705,6428,0,2,2,6432,A
2-PB1,706,0,6462,1,2,6465,T
2-PB1,707,1,6458,0,0,6459,T
2-PB1,708,6466,3,0,1,6470,A
2-PB1,709,6455,3,1,1,6460,A
2-PB1,710,6473,0,1,2,6476,A
2-PB1,711,6496,1,2,0,6499,A
2-PB1,712,6489,3,1,3,6496,A
2-PB1,713,1,4,6509,1,6515,G
2-PB1,714,6466,2,4,1,6473,A
2-PB1,715,6466,1,0,1,6468,A
2-PB1,716,0,13,6541,0,6554,G
2-PB1,717,3,3,6686,0,6692,G
2-PB1,718,0,5,6710,0,6715,G
2-PB1,719,0,3,0,6765,6768,C
2-PB1,720,2,6730,0,22,6754,T
2-PB1,721,6818,1,1,0,6820,A
2-PB1,722,0,6944,0,1,6945,T
2-PB1,723,0,6969,0,3,6972,T
2-PB1,724,0,2,7003,0,7005,G
2-PB1,725,2,2,0,6977,6981,C
2-PB1,726,6848,3,5,0,6856,A
2-PB1,727,6861,2,8,0,6871,A
2-PB1,728,1,1,0,6903,6905,C
2-PB1,729,6893,4,4,1,6902,A
2-PB1,730,2,1,0,6920,6923,C
2-PB1,731,5,2,0,6805,6812,C
2-PB1,732,16,5,1,6799,6821,C
2-PB1,733,2,18,6785,1,6806,G
2-PB1,734,0,9,6827,0,6836,G
2-PB1,735,0,1,6834,0,6835,G
2-PB1,736,6862,2,6,0,6870,A
2-PB1,737,2,6838,0,3,6843,T
2-PB1,738,2,1,6838,1,6842,G
2-PB1,739,4,1,0,6829,6834,C
2-PB1,740,6906,0,0,1,6907,A
2-PB1,741,7029,0,2,0,7031,A
2-PB1,742,7085,0,1,1,7087,A
2-PB1,743,1,7126,0,1,7128,T
2-PB1,744,0,7121,1,0,7122,T
2-PB1,745,7086,2,2,0,7090,A
2-PB1,746,0,4,7082,0,7086,G
2-PB1,747,7042,3,8,1,7054,A
2-PB1,748,3,20,7082,0,7105,G
2-PB1,749,2,10,7005,0,7017,G
2-PB1,750,2,4,7217,0,7223,G
2-PB1,751,2,7245,1,0,7248,T
2-PB1,752,1,7246,1,1,7249,T
2-PB1,753,4,1,1,7271,7277,C
2-PB1,754,2,1,7368,0,7371,G
2-PB1,755,1,7356,0,8,7365,T
2-PB1,756,2,0,7376,0,7378,G
2-PB1,757,1,7358,0,6,7365,T
2-PB1,758,7339,1,0,0,7340,A
2-PB1,759,3,1,1,7325,7330,C
2-PB1,760,2,7024,0,3,7029,T
2-PB1,761,0,7061,0,2,7063,T
2-PB1,762,2,3,0,7028,7033,C
2-PB1,763,1,2,7011,1,7015,G
2-PB1,764,2,7010,0,1,7013,T
2-PB1,765,0,6998,0,3,7001,T
2-PB1,766,0,7,6994,0,7001,G
2-PB1,767,7000,0,2,2,7004,A
2-PB1,768,6995,0,4,1,7000,A
2-PB1,769,7058,1,1,2,7062,A
2-PB1,770,4,1,1,7091,7097,C
2-PB1,771,0,7047,1,2,7050,T
2-PB1,772,3,7026,1,0,7030,T
2-PB1,773,0,7033,0,1,7034,T
2-PB1,774,7176,1,7,2,7186,A
2-PB1,775,0,2,7210,1,7213,G
2-PB1,776,1,3,0,7214,7218,C
2-PB1,777,2,7217,0,2,7221,T
2-PB1,778,7174,1,3,1,7179,A
2-PB1,779,24,6,7138,0,7168,G
2-PB1,780,7161,1,1,1,7164,A
2-PB1,781,7161,0,4,0,7165,A
2-PB1,782,2,2,7190,0,7194,G
2-PB1,783,0,1,1,7088,7090,C
2-PB1,784,7080,3,1,1,7085,A
2-PB1,785,2,7060,1,1,7064,T
2-PB1,786,2,7055,1,0,7058,T
2-PB1,787,5,7051,1,1,7058,T
2-PB1,788,1,1,7055,0,7057,G
2-PB1,789,1,3,1,7053,7058,C
2-PB1,790,2,2,7054,0,7058,G
2-PB1,791,7045,0,2,0,7047,A
2-PB1,792,7017,1,6,2,7026,A
2-PB1,793,7038,1,2,2,7043,A
2-PB1,794,7269,0,3,1,7273,A
2-PB1,795,2,1,7355,0,7358,G
2-PB1,796,2,1,0,7372,7375,C
2-PB1,797,1,7364,1,5,7371,T
2-PB1,798,0,7362,0,2,7364,T
2-PB1,799,0,6,7376,0,7382,G
2-PB1,800,7373,2,10,1,7386,A
2-PB1,801,7379,0,7,1,7387,A
2-PB1,802,2,2,0,7415,7419,C
2-PB1,803,7298,0,3,0,7301,A
2-PB1,804,2,1,8048,1,8052,G
2-PB1,805,1,8018,0,1,8020,T
2-PB1,806,5,2,0,8029,8036,C
2-PB1,807,0,8024,0,6,8030,T
2-PB1,808,0,12,8029,0,8041,G
2-PB1,809,0,5,8056,0,8061,G
2-PB1,810,8075,0,5,0,8080,A
2-PB1,811,0,4,0,8100,8104,C
2-PB1,812,0,7880,0,4,7884,T
2-PB1,813,2,7465,0,1,7468,T
2-PB1,814,4,1,0,7438,7443,C
2-PB1,815,5,3,1,7441,7450,C
2-PB1,816,3,3,7482,0,7488,G
2-PB1,817,3,2,7518,0,7523,G
2-PB1,818,1,7482,0,0,7483,T
2-PB1,819,2,7480,0,3,7485,T
2-PB1,820,1,12,7440,0,7453,G
2-PB1,821,0,15,7486,0,7501,G
2-PB1,822,1,28,7505,0,7534,G
2-PB1,823,1,11,7510,0,7522,G
2-PB1,824,3,3,7556,1,7563,G
2-PB1,825,0,7522,1,4,7527,T
2-PB1,826,7532,0,4,0,7536,A
2-PB1,827,7558,0,4,1,7563,A
2-PB1,828,3,7569,1,1,7574,T
2-PB1,829,0,7,7584,0,7591,G
2-PB1,830,7515,0,4,1,7520,A
2-PB1,831,7464,1,2,0,7467,A
2-PB1,832,7476,0,1,0,7477,A
2-PB1,833,7460,1,3,0,7464,A
2-PB1,834,0,1,7463,0,7464,G
2-PB1,835,7392,1,5,0,7398,A
2-PB1,836,7356,1,14,1,7372,A
2-PB1,837,2,4,7398,0,7404,G
2-PB1,838,3,3,7371,0,7377,G
2-PB1,839,5,3,1,7352,7361,C
2-PB1,840,6,0,2,7344,7352,C
2-PB1,841,7382,0,2,0,7384,A
2-PB1,842,7371,0,3,0,7374,A
2-PB1,843,7380,1,4,0,7385,A
2-PB1,844,1,2,0,7384,7387,C
2-PB1,845,2,7334,0,36,7372,T
2-PB1,846,1,6,7487,0,7494,G
2-PB1,847,2,0,7490,0,7492,G
2-PB1,848,0,2,0,7496,7498,C
2-PB1,849,7516,0,1,0,7517,A
2-PB1,850,7496,2,2,0,7500,A
2-PB1,851,7515,0,1,0,7516,A
2-PB1,852,0,7511,0,1,7512,T
2-PB1,853,0,2,7546,0,7548,G
2-PB1,854,0,7520,0,2,7522,T
2-PB1,855,0,7384,0,5,7389,T
2-PB1,856,0,2,7407,0,7409,G
2-PB1,857,1,7377,0,4,7382,T
2-PB1,858,0,7,7408,0,7415,G
2-PB1,859,7395,1,10,0,7406,A
2-PB1,860,1,5,7430,1,7437,G
2-PB1,861,7410,1,5,0,7416,A
2-PB1,862,7354,1,1,0,7356,A
2-PB1,863,7353,1,3,0,7357,A
2-PB1,864,7370,0,2,0,7372,A
2-PB1,865,7382,1,3,2,7388,A
2-PB1,866,1,7373,0,3,7377,T
2-PB1,867,1,2,7366,0,7369,G
2-PB1,868,7358,0,4,0,7362,A
2-PB1,869,0,7291,0,3,7294,T
2-PB1,870,1,6,7329,0,7336,G
2-PB1,871,7298,1,42,0,7341,A
2-PB1,872,2,0,0,7412,7414,C
2-PB1,873,1,7395,0,5,7401,T
2-PB1,874,7382,0,3,0,7385,A
2-PB1,875,7461,1,2,0,7464,A
2-PB1,876,0,7458,0,1,7459,T
2-PB1,877,1,7522,0,4,7527,T
2-PB1,878,6,0,0,7575,7581,C
2-PB1,879,7567,2,3,0,7572,A
2-PB1,880,2,6,0,7586,7594,C
2-PB1,881,7514,1,4,0,7519,A
2-PB1,882,7525,1,6,0,7532,A
2-PB1,883,20,6,7516,0,7542,G
2-PB1,884,7663,2,6,0,7671,A
2-PB1,885,4,2,0,7657,7663,C
2-PB1,886,7592,0,5,0,7597,A
2-PB1,887,2,3,0,7580,7585,C
2-PB1,888,7507,2,6,1,7516,A
2-PB1,889,1,7,7552,2,7562,G
2-PB1,890,7514,2,7,2,7525,A
2-PB1,891,2,1,7551,0,7554,G
2-PB1,892,1,0,0,7498,7499,C
2-PB1,893,2,7330,2,14,7348,T
2-PB1,894,2,7443,2,1,7448,T
2-PB1,895,1,7451,0,3,7455,T
2-PB1,896,3,0,0,7460,7463,C
2-PB1,897,3,7458,1,8,7470,T
2-PB1,898,1,7433,0,2,7436,T
2-PB1,899,1,7447,0,4,7452,T
2-PB1,900,7,1,0,7450,7458,C
2-PB1,901,7434,0,4,0,7438,A
2-PB1,902,3,1,0,7455,7459,C
2-PB1,903,7378,1,0,0,7379,A
2-PB1,904,7427,1,0,0,7428,A
2-PB1,905,0,7512,0,6,7518,T
2-PB1,906,4,0,2,7598,7604,C
2-PB1,907,7652,1,4,0,7657,A
2-PB1,908,2,0,0,7693,7695,C
2-PB1,909,2,7647,0,1,7650,T
2-PB1,910,4,11,7680,2,7697,G
2-PB1,911,1,20,7655,0,7676,G
2-PB1,912,4,8,7876,0,7888,G
2-PB1,913,4,5,7858,0,7867,G
2-PB1,914,7750,2,10,0,7762,A
2-PB1,915,2,0,0,7476,7478,C
2-PB1,916,7589,0,2,1,7592,A
2-PB1,917,8011,1,1,0,8013,A
2-PB1,918,2,1,0,8090,8093,C
2-PB1,919,8072,1,2,0,8075,A
2-PB1,920,0,0,0,8064,8064,C
2-PB1,921,1,7768,0,4,7773,T
2-PB1,922,7800,0,2,0,7802,A
2-PB1,923,7782,0,8,0,7790,A
2-PB1,924,1,2,7850,0,7853,G
2-PB1,925,1,7809,0,3,7813,T
2-PB1,926,2,3,7325,0,7330,G
2-PB1,927,0,4,7274,1,7279,G
2-PB1,928,7254,1,5,0,7260,A
2-PB1,929,7254,1,7,0,7262,A
2-PB1,930,0,7247,0,0,7247,T
2-PB1,931,3,6,7231,1,7241,G
2-PB1,932,7221,0,2,1,7224,A
2-PB1,933,7157,0,1,0,7158,A
2-PB1,934,7199,0,0,0,7199,A
2-PB1,935,7219,1,3,2,7225,A
2-PB1,936,2,7187,1,3,7193,T
2-PB1,937,3,1,0,7192,7196,C
2-PB1,938,7193,1,3,0,7197,A
2-PB1,939,7195,0,1,0,7196,A
2-PB1,940,7179,1,3,0,7183,A
2-PB1,941,7184,1,4,1,7190,A
2-PB1,942,2,2,0,7215,7219,C
2-PB1,943,11,0,0,7145,7156,C
2-PB1,944,19,1,0,7126,7146,C
2-PB1,945,1,7132,1,3,7137,T
2-PB1,946,2,2,0,7150,7154,C
2-PB1,947,0,2,7154,0,7156,G
2-PB1,948,7155,2,2,0,7159,A
2-PB1,949,7156,0,1,0,7157,A
2-PB1,950,0,7154,0,0,7154,T
2-PB1,951,1,1,7194,1,7197,G
2-PB1,952,0,7140,6,2,7148,T
2-PB1,953,2,7126,4,7,7139,T
2-PB1,954,0,7137,5,9,7151,T
2-PB1,955,2,7148,1,0,7151,T
2-PB1,956,0,7151,0,4,7155,T
2-PB1,957,5,2,7145,0,7152,G
2-PB1,958,2,2,7124,0,7128,G
2-PB1,959,0,3,0,7132,7135,C
2-PB1,960,0,3,7102,0,7105,G
2-PB1,961,7095,3,2,0,7100,A
2-PB1,962,1,7297,0,1,7299,T
2-PB1,963,1,9,7523,0,7533,G
2-PB1,964,7925,0,3,1,7929,A
2-PB1,965,1,7967,0,5,7973,T
2-PB1,966,0,7969,0,2,7971,T
2-PB1,967,8000,1,4,2,8007,A
2-PB1,968,2,2,0,8025,8029,C
2-PB1,969,8045,0,4,2,8051,A
2-PB1,970,1,8029,2,3,8035,T
2-PB1,971,7664,1,2,0,7667,A
2-PB1,972,5,1,0,7718,7724,C
2-PB1,973,7085,1,3,0,7089,A
2-PB1,974,1,7067,0,13,7081,T
2-PB1,975,3,1,1,7058,7063,C
2-PB1,976,7060,2,1,0,7063,A
2-PB1,977,2,3,0,7081,7086,C
2-PB1,978,7032,1,1,2,7036,A
2-PB1,979,7034,0,1,0,7035,A
2-PB1,980,7018,1,0,0,7019,A
2-PB1,981,3,5,6814,0,6822,G
2-PB1,982,7103,1,2,1,7107,A
2-PB1,983,7134,1,2,0,7137,A
2-PB1,984,0,7140,0,1,7141,T
2-PB1,985,8,1,1,7136,7146,C
2-PB1,986,7210,1,7,0,7218,A
2-PB1,987,7239,1,13,1,7254,A
2-PB1,988,2,1,0,7260,7263,C
2-PB1,989,1,0,2,7266,7269,C
2-PB1,990,2,6972,1,2,6977,T
2-PB1,991,1,4,7017,1,7023,G
2-PB1,992,6996,0,4,0,7000,A
2-PB1,993,2,0,7004,0,7006,G
2-PB1,994,0,6967,0,1,6968,T
2-PB1,995,2,8,6836,1,6847,G
2-PB1,996,1,3,7261,0,7265,G
2-PB1,997,2,7226,0,11,7239,T
2-PB1,998,3,7229,0,5,7237,T
2-PB1,999,11,0,0,7237,7248,C
2-PB1,1000,7176,0,7,1,7184,A
2-PB1,1001,0,3,7313,0,7316,G
2-PB1,1002,7306,1,1,2,7310,A
2-PB1,1003,7334,1,3,1,7339,A
2-PB1,1004,7305,0,1,1,7307,A
2-PB1,1005,3,1,0,6817,6821,C
2-PB1,1006,6907,2,1,0,6910,A
2-PB1,1007,1,6895,0,2,6898,T
2-PB1,1008,3,1,1,6979,6984,C
2-PB1,1009,7,1,2,6978,6988,C
2-PB1,1010,1,6840,0,5,6846,T
2-PB1,1011,3,6,6867,0,6876,G
2-PB1,1012,6846,0,5,1,6852,A
2-PB1,1013,1,0,6903,1,6905,G
2-PB1,1014,1,2,0,6885,6888,C
2-PB1,1015,6677,0,3,0,6680,A
2-PB1,1016,0,6710,1,2,6713,T
2-PB1,1017,4,2,1,6637,6644,C
2-PB1,1018,1,0,6640,0,6641,G
2-PB1,1019,4,0,0,6808,6812,C
2-PB1,1020,6850,2,5,0,6857,A
2-PB1,1021,3,1,0,7046,7050,C
2-PB1,1022,5,0,0,7034,7039,C
2-PB1,1023,7051,1,2,0,7054,A
2-PB1,1024,7157,1,3,0,7161,A
2-PB1,1025,0,7153,0,1,7154,T
2-PB1,1026,7143,0,3,0,7146,A
2-PB1,1027,7150,1,2,0,7153,A
2-PB1,1028,1,6963,0,1,6965,T
2-PB1,1029,2,1,6987,1,6991,G
2-PB1,1030,0,6851,0,1,6852,T
2-PB1,1031,2,6791,0,10,6803,T
2-PB1,1032,7,1,1,6816,6825,C
2-PB1,1033,0,6784,1,3,6788,T
2-PB1,1034,4,2,0,6785,6791,C
2-PB1,1035,6801,1,4,0,6806,A
2-PB1,1036,6794,3,4,1,6802,A
2-PB1,1037,6797,2,6,1,6806,A
2-PB1,1038,1,1,0,6824,6826,C
2-PB1,1039,6802,1,1,0,6804,A
2-PB1,1040,6794,1,0,1,6796,A
2-PB1,1041,6783,0,1,0,6784,A
2-PB1,1042,6812,0,3,0,6815,A
2-PB1,1043,0,6884,0,3,6887,T
2-PB1,1044,4,8,6886,0,6898,G
2-PB1,1045,0,2,6887,0,6889,G
2-PB1,1046,0,2,0,6883,6885,C
2-PB1,1047,6867,1,7,0,6875,A
2-PB1,1048,6899,3,2,1,6905,A
2-PB1,1049,1,14,6945,0,6960,G
2-PB1,1050,6965,1,5,0,6971,A
2-PB1,1051,1,1,0,6994,6996,C
2-PB1,1052,0,6879,1,3,6883,T
2-PB1,1053,3,5,6968,3,6979,G
2-PB1,1054,4,8,6965,0,6977,G
2-PB1,1055,0,4,7026,1,7031,G
2-PB1,1056,7015,1,4,6,7026,A
2-PB1,1057,7006,1,1,1,7009,A
2-PB1,1058,6970,2,1,1,6974,A
2-PB1,1059,6959,1,6,1,6967,A
2-PB1,1060,1,8,7147,0,7156,G
2-PB1,1061,0,7,7141,0,7148,G
2-PB1,1062,7124,1,3,0,7128,A
2-PB1,1063,1,7091,0,2,7094,T
2-PB1,1064,7062,1,5,2,7070,A
2-PB1,1065,2,4,1,7065,7072,C
2-PB1,1066,7099,1,3,0,7103,A
2-PB1,1067,1,7080,1,2,7084,T
2-PB1,1068,2,2,7146,0,7150,G
2-PB1,1069,0,7019,1,4,7024,T
2-PB1,1070,0,7021,0,0,7021,T
2-PB1,1071,9,7,0,6981,6997,C
2-PB1,1072,0,6,6995,0,7001,G
2-PB1,1073,7003,0,9,0,7012,A
2-PB1,1074,1,7,7146,0,7154,G
2-PB1,1075,7082,0,5,0,7087,A
2-PB1,1076,1,7,7149,0,7157,G
2-PB1,1077,1,7118,0,1,7120,T
2-PB1,1078,7091,0,2,0,7093,A
2-PB1,1079,7105,1,12,2,7120,A
2-PB1,1080,0,6,7130,0,7136,G
2-PB1,1081,7117,1,5,0,7123,A
2-PB1,1082,1,2,7216,0,7219,G
2-PB1,1083,7070,2,2,0,7074,A
2-PB1,1084,7105,0,1,0,7106,A
2-PB1,1085,0,7054,0,5,7059,T
2-PB1,1086,1,2,7033,0,7036,G
2-PB1,1087,7022,0,11,1,7034,A
2-PB1,1088,6980,0,11,0,6991,A
2-PB1,1089,95,1,6905,0,7001,G
2-PB1,1090,1,2,1,6979,6983,C
2-PB1,1091,2,6897,0,4,6903,T
2-PB1,1092,4,2,0,6921,6927,C
2-PB1,1093,2,1,0,6900,6903,C
2-PB1,1094,0,6,6928,0,6934,G
2-PB1,1095,1,2,6941,2,6946,G
2-PB1,1096,6956,6,3,0,6965,A
2-PB1,1097,1,6,0,7054,7061,C
2-PB1,1098,7058,3,2,0,7063,A
2-PB1,1099,3,1,1,7112,7117,C
2-PB1,1100,7105,0,1,0,7106,A
2-PB1,1101,7110,0,7,0,7117,A
2-PB1,1102,7110,3,1,1,7115,A
2-PB1,1103,1,7141,0,2,7144,T
2-PB1,1104,7143,0,1,0,7144,A
2-PB1,1105,3,2,0,7131,7136,C
2-PB1,1106,2,0,0,7090,7092,C
2-PB1,1107,5,7015,1,6,7027,T
2-PB1,1108,1,0,7088,0,7089,G
2-PB1,1109,0,4,0,7088,7092,C
2-PB1,1110,7088,1,2,0,7091,A
2-PB1,1111,0,3,7092,0,7095,G
2-PB1,1112,7078,0,0,0,7078,A
2-PB1,1113,7064,2,1,0,7067,A
2-PB1,1114,7083,1,0,0,7084,A
2-PB1,1115,2,7064,0,2,7068,T
2-PB1,1116,2,2,7083,0,7087,G
2-PB1,1117,2,1,0,7063,7066,C
2-PB1,1118,2,7043,1,3,7049,T
2-PB1,1119,7138,1,8,1,7148,A
2-PB1,1120,0,2,7137,1,7140,G
2-PB1,1121,0,1,0,7136,7137,C
2-PB1,1122,7130,2,4,0,7136,A
2-PB1,1123,7104,0,3,1,7108,A
2-PB1,1124,0,0,7086,0,7086,G
2-PB1,1125,0,4,0,7062,7066,C
2-PB1,1126,6979,0,2,0,6981,A
2-PB1,1127,0,7112,0,2,7114,T
2-PB1,1128,1,7113,1,3,7118,T
2-PB1,1129,0,8,7311,0,7319,G
2-PB1,1130,7367,1,4,0,7372,A
2-PB1,1131,5,1,1,7358,7365,C
2-PB1,1132,5,3,0,7369,7377,C
2-PB1,1133,3,7233,1,8,7245,T
2-PB1,1134,2,2,7378,0,7382,G
2-PB1,1135,7406,1,0,0,7407,A
2-PB1,1136,7403,2,6,1,7412,A
2-PB1,1137,1,2,7470,0,7473,G
2-PB1,1138,0,7222,0,4,7226,T
2-PB1,1139,7239,1,1,0,7241,A
2-PB1,1140,1,7190,1,2,7194,T
2-PB1,1141,2,7193,0,4,7199,T
2-PB1,1142,2,7187,0,2,7191,T
2-PB1,1143,0,3,2,7098,7103,C
2-PB1,1144,7092,1,3,1,7097,A
2-PB1,1145,7098,1,0,1,7100,A
2-PB1,1146,0,7011,0,1,7012,T
2-PB1,1147,0,4,7036,0,7040,G
2-PB1,1148,7004,3,2,0,7009,A
2-PB1,1149,7028,0,2,0,7030,A
2-PB1,1150,1,6997,1,3,7002,T
2-PB1,1151,9,0,1,7035,7045,C
2-PB1,1152,7041,0,5,0,7046,A
2-PB1,1153,7054,0,4,0,7058,A
2-PB1,1154,1,2,0,7050,7053,C
2-PB1,1155,7041,2,2,0,7045,A
2-PB1,1156,7018,3,5,0,7026,A
2-PB1,1157,2,8,7028,0,7038,G
2-PB1,1158,2,7,7063,0,7072,G
2-PB1,1159,7054,2,2,0,7058,A
2-PB1,1160,7035,0,9,0,7044,A
2-PB1,1161,1,0,7044,0,7045,G
2-PB1,1162,7022,0,7,0,7029,A
2-PB1,1163,7023,0,4,0,7027,A
2-PB1,1164,7019,0,2,0,7021,A
2-PB1,1165,7021,0,2,0,7023,A
2-PB1,1166,0,6996,2,1,6999,T
2-PB1,1167,0,6913,0,4,6917,T
2-PB1,1168,1,8,6929,1,6939,G
2-PB1,1169,6928,1,7,0,6936,A
2-PB1,1170,32,7,6910,0,6949,G
2-PB1,1171,6924,1,1,2,6928,A
2-PB1,1172,6980,0,2,0,6982,A
2-PB1,1173,7065,2,3,2,7072,A
2-PB1,1174,7088,0,0,0,7088,A
2-PB1,1175,1,7080,0,1,7082,T
2-PB1,1176,7089,2,1,0,7092,A
2-PB1,1177,7080,2,3,0,7085,A
2-PB1,1178,1,4,7107,0,7112,G
2-PB1,1179,1,2,7098,0,7101,G
2-PB1,1180,4,1,0,7074,7079,C
2-PB1,1181,2,2,0,7059,7063,C
2-PB1,1182,1,7017,2,11,7031,T
2-PB1,1183,4,1,0,7881,7886,C
2-PB1,1184,0,7990,2,8,8000,T
2-PB1,1185,2,8028,0,2,8032,T
2-PB1,1186,4,1,0,8174,8179,C
2-PB1,1187,0,8133,1,4,8138,T
2-PB1,1188,8135,0,3,1,8139,A
2-PB1,1189,8145,0,3,0,8148,A
2-PB1,1190,1,8143,0,0,8144,T
2-PB1,1191,8184,0,2,1,8187,A
2-PB1,1192,2,5,7990,0,7997,G
2-PB1,1193,7326,0,3,1,7330,A
2-PB1,1194,6,7327,0,2,7335,T
2-PB1,1195,2,4,7204,0,7210,G
2-PB1,1196,1,0,7305,0,7306,G
2-PB1,1197,4,4,1,7274,7283,C
2-PB1,1198,7309,4,0,0,7313,A
2-PB1,1199,0,2,1,7323,7326,C
2-PB1,1200,7224,0,3,0,7227,A
2-PB1,1201,0,3,7450,0,7453,G
2-PB1,1202,1,82,0,7351,7434,C
2-PB1,1203,7448,2,4,1,7455,A
2-PB1,1204,1,7620,0,1,7622,T
2-PB1,1205,8,1,0,7527,7536,C
2-PB1,1206,7603,1,1,0,7605,A
2-PB1,1207,4,7587,0,3,7594,T
2-PB1,1208,1,7532,0,2,7535,T
2-PB1,1209,2,3,7511,0,7516,G
2-PB1,1210,7264,1,14,0,7279,A
2-PB1,1211,2,1,7484,0,7487,G
2-PB1,1212,0,0,4,7465,7469,C
2-PB1,1213,6,1,0,7353,7360,C
2-PB1,1214,15,2,0,7427,7444,C
2-PB1,1215,5,7300,0,68,7373,T
2-PB1,1216,2,5,7624,0,7631,G
2-PB1,1217,0,3,7730,0,7733,G
2-PB1,1218,7724,1,5,0,7730,A
2-PB1,1219,7848,0,3,1,7852,A
2-PB1,1220,0,7624,0,3,7627,T
2-PB1,1221,0,0,7813,0,7813,G
2-PB1,1222,7893,2,8,1,7904,A
2-PB1,1223,1,7905,0,3,7909,T
2-PB1,1224,1,7,7915,2,7925,G
2-PB1,1225,7849,2,6,0,7857,A
2-PB1,1226,0,7746,0,0,7746,T
2-PB1,1227,2,18,7730,0,7750,G
2-PB1,1228,3,4,7833,0,7840,G
2-PB1,1229,5,10,7837,0,7852,G
2-PB1,1230,0,1,1,7774,7776,C
2-PB1,1231,7778,0,4,0,7782,A
2-PB1,1232,1,7794,1,2,7798,T
2-PB1,1233,1,2,7998,0,8001,G
2-PB1,1234,4,7991,0,9,8004,T
2-PB1,1235,3,8029,1,4,8037,T
2-PB1,1236,8,2,0,8027,8037,C
2-PB1,1237,7977,1,6,0,7984,A
2-PB1,1238,8002,2,3,0,8007,A
2-PB1,1239,1,0,0,8010,8011,C
2-PB1,1240,8030,0,4,2,8036,A
2-PB1,1241,0,8033,0,0,8033,T
2-PB1,1242,0,5,8039,1,8045,G
2-PB1,1243,4,4,1,8037,8046,C
2-PB1,1244,1,8036,1,6,8044,T
2-PB1,1245,8110,0,0,0,8110,A
2-PB1,1246,8086,1,18,1,8106,A
2-PB1,1247,1,3,8226,0,8230,G
2-PB1,1248,0,8210,0,3,8213,T
2-PB1,1249,8185,0,0,0,8185,A
2-PB1,1250,3,6,0,8201,8210,C
2-PB1,1251,0,6,8197,0,8203,G
2-PB1,1252,1,8,8587,0,8596,G
2-PB1,1253,2,8584,1,4,8591,T
2-PB1,1254,0,8548,0,1,8549,T
2-PB1,1255,1,8557,2,1,8561,T
2-PB1,1256,1,8486,2,1,8490,T
2-PB1,1257,8500,1,6,0,8507,A
2-PB1,1258,2,9,8498,0,8509,G
2-PB1,1259,0,8,8489,0,8497,G
2-PB1,1260,8308,2,5,0,8315,A
2-PB1,1261,0,0,8255,0,8255,G
2-PB1,1262,3,8302,0,6,8311,T
2-PB1,1263,5,1,1,8317,8324,C
2-PB1,1264,1,8331,0,6,8338,T
2-PB1,1265,12,0,1,8307,8320,C
2-PB1,1266,3,3,8334,0,8340,G
2-PB1,1267,8581,1,1,1,8584,A
2-PB1,1268,1,8589,0,1,8591,T
2-PB1,1269,8616,2,6,1,8625,A
2-PB1,1270,3,5,1,8613,8622,C
2-PB1,1271,1,8476,1,11,8489,T
2-PB1,1272,1,9,8495,1,8506,G
2-PB1,1273,8496,2,1,1,8500,A
2-PB1,1274,8604,0,5,2,8611,A
2-PB1,1275,1,8593,0,19,8613,T
2-PB1,1276,5,0,0,8444,8449,C
2-PB1,1277,1,8423,2,2,8428,T
2-PB1,1278,3,8397,0,7,8407,T
2-PB1,1279,2,7,8425,0,8434,G
2-PB1,1280,5,9,8427,1,8442,G
2-PB1,1281,8414,2,16,1,8433,A
2-PB1,1282,3,1,0,8438,8442,C
2-PB1,1283,8338,1,8,1,8348,A
2-PB1,1284,8402,0,1,0,8403,A
2-PB1,1285,8429,3,1,0,8433,A
2-PB1,1286,8403,2,44,1,8450,A
2-PB1,1287,2,4,8560,0,8566,G
2-PB1,1288,8569,0,6,1,8576,A
2-PB1,1289,8538,1,7,0,8546,A
2-PB1,1290,8558,1,3,4,8566,A
2-PB1,1291,2,8555,0,1,8558,T
2-PB1,1292,8567,0,3,0,8570,A
2-PB1,1293,1,1,0,8769,8771,C
2-PB1,1294,8681,0,7,1,8689,A
2-PB1,1295,2,0,1,8732,8735,C
2-PB1,1296,5,2,2,8652,8661,C
2-PB1,1297,8639,1,0,0,8640,A
2-PB1,1298,8729,1,5,0,8735,A
2-PB1,1299,0,5,8947,0,8952,G
2-PB1,1300,9009,3,13,0,9025,A
2-PB1,1301,1,1,0,9081,9083,C
2-PB1,1302,8880,0,5,0,8885,A
2-PB1,1303,9150,2,7,0,9159,A
2-PB1,1304,4,5,0,9175,9184,C
2-PB1,1305,9319,0,4,0,9323,A
2-PB1,1306,1,9347,2,5,9355,T
2-PB1,1307,9278,0,2,1,9281,A
2-PB1,1308,6,1,0,9449,9456,C
2-PB1,1309,1,9173,0,5,9179,T
2-PB1,1310,4,7,9278,0,9289,G
2-PB1,1311,3,5,9271,1,9280,G
2-PB1,1312,0,9065,0,5,9070,T
2-PB1,1313,4,20,9000,1,9025,G
2-PB1,1314,2,9,8912,0,8923,G
2-PB1,1315,2,3,8949,0,8954,G
2-PB1,1316,8940,3,6,0,8949,A
2-PB1,1317,2,8765,0,16,8783,T
2-PB1,1318,3,25,8755,1,8784,G
2-PB1,1319,2,5,8738,0,8745,G
2-PB1,1320,2,1,8764,1,8768,G
2-PB1,1321,0,3,1,8876,8880,C
2-PB1,1322,0,8842,0,11,8853,T
2-PB1,1323,3,0,0,8878,8881,C
2-PB1,1324,4,2,1,8850,8857,C
2-PB1,1325,8875,1,4,0,8880,A
2-PB1,1326,8875,0,3,1,8879,A
2-PB1,1327,1,8851,0,1,8853,T
2-PB1,1328,4,1,0,8806,8811,C
2-PB1,1329,6,1,1,8728,8736,C
2-PB1,1330,1,8656,0,8,8665,T
2-PB1,1331,10,0,0,8651,8661,C
2-PB1,1332,9,2,0,8614,8625,C
2-PB1,1333,2,4,8645,0,8651,G
2-PB1,1334,8639,0,1,2,8642,A
2-PB1,1335,0,4,0,8633,8637,C
2-PB1,1336,0,5,8644,0,8649,G
2-PB1,1337,8699,0,1,0,8700,A
2-PB1,1338,1,8674,0,3,8678,T
2-PB1,1339,1,8663,1,2,8667,T
2-PB1,1340,3,8657,1,3,8664,T
2-PB1,1341,1,8677,0,1,8679,T
2-PB1,1342,2,0,8681,1,8684,G
2-PB1,1343,1,5,0,8712,8718,C
2-PB1,1344,8,3,0,8706,8717,C
2-PB1,1345,21,10,0,8926,8957,C
2-PB1,1346,1,8822,1,13,8837,T
2-PB1,1347,7,0,0,9186,9193,C
2-PB1,1348,9248,1,2,0,9251,A
2-PB1,1349,1,9273,0,5,9279,T
2-PB1,1350,9277,0,3,0,9280,A
2-PB1,1351,1,4,9352,1,9358,G
2-PB1,1352,1,9243,0,5,9249,T
2-PB1,1353,4,3,9271,1,9279,G
2-PB1,1354,8992,0,2,1,8995,A
2-PB1,1355,8994,1,2,0,8997,A
2-PB1,1356,15,8544,0,5,8564,T
2-PB1,1357,5,0,8527,2,8534,G
2-PB1,1358,0,3,0,8592,8595,C
2-PB1,1359,8589,0,10,1,8600,A
2-PB1,1360,3,1,0,8615,8619,C
2-PB1,1361,6,1,0,8560,8567,C
2-PB1,1362,8521,0,3,0,8524,A
2-PB1,1363,8521,2,1,1,8525,A
2-PB1,1364,8511,0,3,1,8515,A
2-PB1,1365,0,8314,0,3,8317,T
2-PB1,1366,5,0,0,8557,8562,C
2-PB1,1367,8567,2,0,1,8570,A
2-PB1,1368,2,8571,0,1,8574,T
2-PB1,1369,1,1,8566,2,8570,G
2-PB1,1370,8579,3,10,0,8592,A
2-PB1,1371,1,18,8607,0,8626,G
2-PB1,1372,4,8,8567,1,8580,G
2-PB1,1373,6,4,8600,0,8610,G
2-PB1,1374,8532,1,3,0,8536,A
2-PB1,1375,8656,1,6,1,8664,A
2-PB1,1376,1,8671,0,2,8674,T
2-PB1,1377,8703,2,5,0,8710,A
2-PB1,1378,5,2,0,8718,8725,C
2-PB1,1379,8726,1,3,0,8730,A
2-PB1,1380,8692,3,11,0,8706,A
2-PB1,1381,0,3,8677,0,8680,G
2-PB1,1382,4,1,0,8600,8605,C
2-PB1,1383,8543,2,3,0,8548,A
2-PB1,1384,1,9,8604,2,8616,G
2-PB1,1385,2,7,8618,0,8627,G
2-PB1,1386,8567,2,18,1,8588,A
2-PB1,1387,0,16,8622,0,8638,G
2-PB1,1388,1,8471,0,2,8474,T
2-PB1,1389,2,9,8548,0,8559,G
2-PB1,1390,32,4,8548,1,8585,G
2-PB1,1391,8565,2,5,0,8572,A
2-PB1,1392,5,8571,1,4,8581,T
2-PB1,1393,8414,3,2,0,8419,A
2-PB1,1394,2,6,8450,0,8458,G
2-PB1,1395,8532,0,1,0,8533,A
2-PB1,1396,0,8517,2,3,8522,T
2-PB1,1397,0,8487,1,3,8491,T
2-PB1,1398,6,0,0,8695,8701,C
2-PB1,1399,1,8654,0,1,8656,T
2-PB1,1400,8659,0,2,0,8661,A
2-PB1,1401,2,0,0,8648,8650,C
2-PB1,1402,8505,1,1,0,8507,A
2-PB1,1403,2,10,8494,2,8508,G
2-PB1,1404,0,6,8355,0,8361,G
2-PB1,1405,8441,2,5,0,8448,A
2-PB1,1406,2,1,0,8413,8416,C
2-PB1,1407,8,3,0,8192,8203,C
2-PB1,1408,2,8133,0,20,8155,T
2-PB1,1409,1,2,8162,0,8165,G
2-PB1,1410,3,1,0,8156,8160,C
2-PB1,1411,8164,2,3,0,8169,A
2-PB1,1412,8182,1,3,0,8186,A
2-PB1,1413,1,0,8204,0,8205,G
2-PB1,1414,0,8049,0,1,8050,T
2-PB1,1415,0,8040,1,1,8042,T
2-PB1,1416,7941,1,0,0,7942,A
2-PB1,1417,0,1,7962,0,7963,G
2-PB1,1418,0,7913,0,4,7917,T
2-PB1,1419,2,21,7877,1,7901,G
2-PB1,1420,5,6,7874,0,7885,G
2-PB1,1421,2,8,7884,0,7894,G
2-PB1,1422,7859,1,7,1,7868,A
2-PB1,1423,7887,1,4,0,7892,A
2-PB1,1424,1,7867,1,3,7872,T
2-PB1,1425,8,1,0,7876,7885,C
2-PB1,1426,7869,3,6,0,7878,A
2-PB1,1427,7884,0,6,0,7890,A
2-PB1,1428,4,1,0,7886,7891,C
2-PB1,1429,7873,1,3,0,7877,A
2-PB1,1430,3,7666,1,6,7676,T
2-PB1,1431,0,9,7679,1,7689,G
2-PB1,1432,7681,1,6,0,7688,A
2-PB1,1433,4,2,7722,0,7728,G
2-PB1,1434,2,0,0,7683,7685,C
2-PB1,1435,7652,0,2,0,7654,A
2-PB1,1436,7664,0,2,0,7666,A
2-PB1,1437,7658,0,1,0,7659,A
2-PB1,1438,7702,0,4,0,7706,A
2-PB1,1439,7717,1,5,0,7723,A
2-PB1,1440,1,1,7720,0,7722,G
2-PB1,1441,7617,1,11,0,7629,A
2-PB1,1442,7542,0,0,1,7543,A
2-PB1,1443,3,2,7793,0,7798,G
2-PB1,1444,1,7771,1,2,7775,T
2-PB1,1445,6,0,1,7764,7771,C
2-PB1,1446,10,3,0,7773,7786,C
2-PB1,1447,1,7756,0,3,7760,T
2-PB1,1448,7857,1,1,0,7859,A
2-PB1,1449,4,7822,1,3,7830,T
2-PB1,1450,7839,0,0,0,7839,A
2-PB1,1451,1,7840,0,2,7843,T
2-PB1,1452,7604,0,0,0,7604,A
2-PB1,1453,7613,1,2,1,7617,A
2-PB1,1454,7593,0,0,0,7593,A
2-PB1,1455,1,7569,0,3,7573,T
2-PB1,1456,7520,0,0,0,7520,A
2-PB1,1457,7441,5,3,0,7449,A
2-PB1,1458,7466,0,12,1,7479,A
2-PB1,1459,7478,1,5,1,7485,A
2-PB1,1460,2,1,0,7478,7481,C
2-PB1,1461,7191,2,2,0,7195,A
2-PB1,1462,2,20,7157,1,7180,G
2-PB1,1463,1,9,7156,0,7166,G
2-PB1,1464,1,3,7186,0,7190,G
2-PB1,1465,7188,3,7,1,7199,A
2-PB1,1466,0,1,0,7233,7234,C
2-PB1,1467,7179,0,2,0,7181,A
2-PB1,1468,0,7220,0,5,7225,T
2-PB1,1469,0,7217,0,4,7221,T
2-PB1,1470,1,7217,0,4,7222,T
2-PB1,1471,1,4,7197,1,7203,G
2-PB1,1472,7176,1,7,0,7184,A
2-PB1,1473,7182,0,3,0,7185,A
2-PB1,1474,0,7181,1,0,7182,T
2-PB1,1475,1,7018,0,3,7022,T
2-PB1,1476,8,1,0,7044,7053,C
2-PB1,1477,6975,1,3,0,6979,A
2-PB1,1478,4,1,0,6972,6977,C
2-PB1,1479,3,6985,0,3,6991,T
2-PB1,1480,6985,1,1,0,6987,A
2-PB1,1481,2,1,6995,0,6998,G
2-PB1,1482,1,2,0,6989,6992,C
2-PB1,1483,2,6867,2,8,6879,T
2-PB1,1484,0,7001,0,4,7005,T
2-PB1,1485,0,6953,0,2,6955,T
2-PB1,1486,2,6964,0,1,6967,T
2-PB1,1487,1,6955,1,1,6958,T
2-PB1,1488,1,6950,0,1,6952,T
2-PB1,1489,0,6934,0,0,6934,T
2-PB1,1490,6929,1,3,0,6933,A
2-PB1,1491,3,6909,1,0,6913,T
2-PB1,1492,4,1,0,6927,6932,C
2-PB1,1493,1,5,6945,0,6951,G
2-PB1,1494,7140,0,1,0,7141,A
2-PB1,1495,0,7142,0,0,7142,T
2-PB1,1496,7153,1,2,1,7157,A
2-PB1,1497,0,7187,0,1,7188,T
2-PB1,1498,2,8,7170,0,7180,G
2-PB1,1499,0,5,7211,0,7216,G
2-PB1,1500,7232,0,1,0,7233,A
2-PB1,1501,1,7187,0,4,7192,T
2-PB1,1502,0,7130,0,1,7131,T
2-PB1,1503,2,6885,0,0,6887,T
2-PB1,1504,4,4,6885,1,6894,G
2-PB1,1505,0,6868,1,2,6871,T
2-PB1,1506,1,3,6838,0,6842,G
2-PB1,1507,6,0,6845,0,6851,G
2-PB1,1508,1,0,0,6797,6798,C
2-PB1,1509,0,6795,0,2,6797,T
2-PB1,1510,6807,1,0,0,6808,A
2-PB1,1511,6814,1,3,0,6818,A
2-PB1,1512,1,6860,0,1,6862,T
2-PB1,1513,0,6859,0,1,6860,T
2-PB1,1514,1,6872,0,1,6874,T
2-PB1,1515,0,6880,0,0,6880,T
2-PB1,1516,6868,1,7,1,6877,A
2-PB1,1517,1,2,6914,0,6917,G
2-PB1,1518,0,3,0,6911,6914,C
2-PB1,1519,6893,0,4,1,6898,A
2-PB1,1520,1,6817,0,4,6822,T
2-PB1,1521,1,3,6729,0,6733,G
2-PB1,1522,1,5,6834,0,6840,G
2-PB1,1523,6798,3,3,2,6806,A
2-PB1,1524,1,9,6811,0,6821,G
2-PB1,1525,3,2,0,6796,6801,C
2-PB1,1526,1,6699,0,6,6706,T
2-PB1,1527,3,1,6732,1,6737,G
2-PB1,1528,1,0,0,6720,6721,C
2-PB1,1529,8,0,0,6696,6704,C
2-PB1,1530,14,0,0,6726,6740,C
2-PB1,1531,6504,0,2,1,6507,A
2-PB1,1532,2,3,6721,0,6726,G
2-PB1,1533,0,6716,1,1,6718,T
2-PB1,1534,0,6716,0,1,6717,T
2-PB1,1535,0,6702,0,2,6704,T
2-PB1,1536,2,6596,2,3,6603,T
2-PB1,1537,4,5,6578,1,6588,G
2-PB1,1538,0,11,6599,0,6610,G
2-PB1,1539,6573,0,10,0,6583,A
2-PB1,1540,2,3,6583,0,6588,G
2-PB1,1541,1,6076,0,0,6077,T
2-PB1,1542,6056,1,2,0,6059,A
2-PB1,1543,2,6209,0,1,6212,T
2-PB1,1544,4,1,0,6210,6215,C
2-PB1,1545,1,6213,0,6,6220,T
2-PB1,1546,1,2,6241,1,6245,G
2-PB1,1547,0,6,6282,0,6288,G
2-PB1,1548,6279,0,0,0,6279,A
2-PB1,1549,6292,0,1,0,6293,A
2-PB1,1550,1,6275,2,2,6280,T
2-PB1,1551,5988,0,0,0,5988,A
2-PB1,1552,5980,0,2,0,5982,A
2-PB1,1553,5975,0,3,0,5978,A
2-PB1,1554,1,1,0,5989,5991,C
2-PB1,1555,79,8,5820,0,5907,G
2-PB1,1556,5843,1,2,0,5846,A
2-PB1,1557,38,1,5812,0,5851,G
2-PB1,1558,1,5808,1,19,5829,T
2-PB1,1559,3,3,0,5851,5857,C
2-PB1,1560,5803,0,4,0,5807,A
2-PB1,1561,1,0,5869,0,5870,G
2-PB1,1562,4,0,0,5861,5865,C
2-PB1,1563,1,5842,1,3,5847,T
2-PB1,1564,0,6,5974,0,5980,G
2-PB1,1565,5935,1,1,0,5937,A
2-PB1,1566,0,5937,1,3,5941,T
2-PB1,1567,5944,0,4,0,5948,A
2-PB1,1568,2,5843,0,3,5848,T
2-PB1,1569,1,4,5866,1,5872,G
2-PB1,1570,5581,1,8,0,5590,A
2-PB1,1571,1,0,5638,1,5640,G
2-PB1,1572,0,0,1,5641,5642,C
2-PB1,1573,5284,0,2,0,5286,A
2-PB1,1574,1,5273,0,3,5277,T
2-PB1,1575,1,5279,0,0,5280,T
2-PB1,1576,3,2,5325,0,5330,G
2-PB1,1577,1,4,5486,0,5491,G
2-PB1,1578,5380,0,3,0,5383,A
2-PB1,1579,2,3,5393,1,5399,G
2-PB1,1580,0,5153,0,2,5155,T
2-PB1,1581,5141,0,1,0,5142,A
2-PB1,1582,5131,2,2,1,5136,A
2-PB1,1583,2,2,0,5148,5152,C
2-PB1,1584,5090,0,4,0,5094,A
2-PB1,1585,2,2,5153,0,5157,G
2-PB1,1586,1,4440,1,4,4446,T
2-PB1,1587,2,4,4482,0,4488,G
2-PB1,1588,4518,1,6,0,4525,A
2-PB1,1589,0,4509,1,0,4510,T
2-PB1,1590,4487,0,2,0,4489,A
2-PB1,1591,4477,0,0,2,4479,A
2-PB1,1592,4337,0,4,0,4341,A
2-PB1,1593,2,0,4364,1,4367,G
2-PB1,1594,4110,1,2,0,4113,A
2-PB1,1595,4103,0,3,0,4106,A
2-PB1,1596,2,2,1,4101,4106,C
2-PB1,1597,3923,0,2,0,3925,A
2-PB1,1598,3957,0,1,1,3959,A
2-PB1,1599,2,0,0,3956,3958,C
2-PB1,1600,3974,0,4,1,3979,A
2-PB1,1601,1,3965,1,0,3967,T
2-PB1,1602,0,5,3844,0,3849,G
2-PB1,1603,3842,1,3,0,3846,A
2-PB1,1604,0,3838,0,2,3840,T
2-PB1,1605,3788,0,2,0,3790,A
2-PB1,1606,3812,0,1,0,3813,A
2-PB1,1607,3747,1,0,0,3748,A
2-PB1,1608,0,1,0,3756,3757,C
2-PB1,1609,3538,0,0,0,3538,A
2-PB1,1610,3522,0,0,0,3522,A
2-PB1,1611,0,3415,0,0,3415,T
2-PB1,1612,3,7,3408,0,3418,G
2-PB1,1613,3485,0,4,0,3489,A
2-PB1,1614,0,2,0,3507,3509,C
2-PB1,1615,1,1,0,3400,3402,C
2-PB1,1616,0,3232,0,1,3233,T
2-PB1,1617,0,3127,0,2,3129,T
2-PB1,1618,1,7,3124,0,3132,G
2-PB1,1619,1,3,3166,0,3170,G
2-PB1,1620,3195,2,5,0,3202,A
2-PB1,1621,0,4,0,3224,3228,C
2-PB1,1622,2,0,0,3173,3175,C
2-PB1,1623,3148,1,3,0,3152,A
2-PB1,1624,0,1,3196,0,3197,G
2-PB1,1625,2,0,0,3196,3198,C
2-PB1,1626,3203,0,0,0,3203,A
2-PB1,1627,3196,1,0,0,3197,A
2-PB1,1628,0,0,0,3191,3191,C
2-PB1,1629,3149,1,3,0,3153,A
2-PB1,1630,1,0,3220,0,3221,G
2-PB1,1631,1,2,0,3205,3208,C
2-PB1,1632,4,0,1,3209,3214,C
2-PB1,1633,9,0,0,3196,3205,C
2-PB1,1634,3205,1,0,0,3206,A
2-PB1,1635,3202,1,1,0,3204,A
2-PB1,1636,3200,0,2,0,3202,A
2-PB1,1637,1,3203,0,0,3204,T
2-PB1,1638,0,1,3182,1,3184,G
2-PB1,1639,0,0,3155,0,3155,G
2-PB1,1640,0,3,0,3159,3162,C
2-PB1,1641,1,3142,0,3,3146,T
2-PB1,1642,1,0,0,3202,3203,C
2-PB1,1643,2,3200,0,1,3203,T
2-PB1,1644,1,0,0,3213,3214,C
2-PB1,1645,1,1,0,3224,3226,C
2-PB1,1646,3231,0,1,0,3232,A
2-PB1,1647,3232,1,0,0,3233,A
2-PB1,1648,0,3222,0,0,3222,T
2-PB1,1649,1,3188,0,0,3189,T
2-PB1,1650,1,0,3209,0,3210,G
2-PB1,1651,0,3140,0,2,3142,T
2-PB1,1652,0,3143,0,3,3146,T
2-PB1,1653,5,4,0,3125,3134,C
2-PB1,1654,3127,0,1,0,3128,A
2-PB1,1655,1,3137,0,1,3139,T
2-PB1,1656,1,0,0,3134,3135,C
2-PB1,1657,3136,1,2,1,3140,A
2-PB1,1658,3142,1,1,1,3145,A
2-PB1,1659,3106,0,4,26,3136,A
2-PB1,1660,0,3,3199,0,3202,G
2-PB1,1661,3199,0,0,0,3199,A
2-PB1,1662,1,3202,0,0,3203,T
2-PB1,1663,0,3211,1,0,3212,T
2-PB1,1664,3208,1,4,0,3213,A
2-PB1,1665,1,1,0,3276,3278,C
2-PB1,1666,3260,0,5,0,3265,A
2-PB1,1667,0,2,3302,0,3304,G
2-PB1,1668,3281,0,4,1,3286,A
2-PB1,1669,0,3337,2,0,3339,T
2-PB1,1670,3351,0,2,0,3353,A
2-PB1,1671,0,0,0,3506,3506,C
2-PB1,1672,3581,1,2,0,3584,A
2-PB1,1673,0,0,0,3809,3809,C
2-PB1,1674,3751,1,0,0,3752,A
2-PB1,1675,0,3788,0,1,3789,T
2-PB1,1676,3750,1,2,0,3753,A
2-PB1,1677,0,3742,1,2,3745,T
2-PB1,1678,3651,1,2,0,3654,A
2-PB1,1679,0,5,3651,0,3656,G
2-PB1,1680,2,1,3622,0,3625,G
2-PB1,1681,0,3471,0,1,3472,T
2-PB1,1682,0,2,3400,0,3402,G
2-PB1,1683,2,0,0,3526,3528,C
2-PB1,1684,3,2,0,3516,3521,C
2-PB1,1685,3555,1,0,0,3556,A
2-PB1,1686,2,3553,0,0,3555,T
2-PB1,1687,3566,2,0,1,3569,A
2-PB1,1688,0,6,3577,0,3583,G
2-PB1,1689,3485,0,3,0,3488,A
2-PB1,1690,0,3,3506,0,3509,G
2-PB1,1691,0,4,3495,0,3499,G
2-PB1,1692,3381,1,6,0,3388,A
2-PB1,1693,1,2,3389,0,3392,G
2-PB1,1694,3355,0,8,2,3365,A
2-PB1,1695,0,1,0,3373,3374,C
2-PB1,1696,3361,0,4,0,3365,A
2-PB1,1697,1,0,0,3398,3399,C
2-PB1,1698,3393,0,4,0,3397,A
2-PB1,1699,1,1,0,3395,3397,C
2-PB1,1700,3369,0,1,0,3370,A
2-PB1,1701,3385,0,0,0,3385,A
2-PB1,1702,3406,0,5,0,3411,A
2-PB1,1703,0,3418,0,3,3421,T
2-PB1,1704,1,0,0,3422,3423,C
2-PB1,1705,1,1,0,3420,3422,C
2-PB1,1706,3400,0,1,0,3401,A
2-PB1,1707,1,2,3418,0,3421,G
2-PB1,1708,3414,0,4,0,3418,A
2-PB1,1709,0,0,0,3441,3441,C
2-PB1,1710,1,4,3426,0,3431,G
2-PB1,1711,3414,0,1,0,3415,A
2-PB1,1712,0,1,3420,0,3421,G
2-PB1,1713,3423,0,3,0,3426,A
2-PB1,1714,3417,0,6,0,3423,A
2-PB1,1715,3,0,3432,0,3435,G
2-PB1,1716,3421,0,3,1,3425,A
2-PB1,1717,0,3417,0,4,3421,T
2-PB1,1718,5,0,0,3396,3401,C
2-PB1,1719,3424,0,4,0,3428,A
2-PB1,1720,0,3415,1,1,3417,T
2-PB1,1721,1,3419,0,2,3422,T
2-PB1,1722,1,1,0,3416,3418,C
2-PB1,1723,50,1,3367,1,3419,G
2-PB1,1724,3404,0,6,0,3410,A
2-PB1,1725,1,1,3413,0,3415,G
2-PB1,1726,3385,1,3,0,3389,A
2-PB1,1727,0,3494,0,0,3494,T
2-PB1,1728,3506,0,0,1,3507,A
2-PB1,1729,3512,0,0,1,3513,A
2-PB1,1730,3515,1,0,0,3516,A
2-PB1,1731,5,0,3515,0,3520,G
2-PB1,1732,3526,0,0,0,3526,A
2-PB1,1733,3437,1,3,0,3441,A
2-PB1,1734,0,1,3453,0,3454,G
2-PB1,1735,0,0,0,3465,3465,C
2-PB1,1736,1,3439,0,0,3440,T
2-PB1,1737,42,0,3420,0,3462,G
2-PB1,1738,0,3459,0,0,3459,T
2-PB1,1739,1,12,3427,0,3440,G
2-PB1,1740,2,1,3455,0,3458,G
2-PB1,1741,2,3,3488,0,3493,G
2-PB1,1742,3492,1,3,1,3497,A
2-PB1,1743,0,3454,0,15,3469,T
2-PB1,1744,2,0,1,3452,3455,C
2-PB1,1745,3456,1,0,0,3457,A
2-PB1,1746,3483,0,2,0,3485,A
2-PB1,1747,3500,1,1,0,3502,A
2-PB1,1748,5,0,0,3498,3503,C
2-PB1,1749,2,2,0,3478,3482,C
2-PB1,1750,7,3,0,3483,3493,C
2-PB1,1751,3492,1,1,0,3494,A
2-PB1,1752,3534,1,2,0,3537,A
2-PB1,1753,0,3542,0,1,3543,T
2-PB1,1754,3,1,0,3542,3546,C
2-PB1,1755,3523,0,2,2,3527,A
2-PB1,1756,3501,0,3,0,3504,A
2-PB1,1757,0,8,3528,0,3536,G
2-PB1,1758,1,4,3521,0,3526,G
2-PB1,1759,1,1,3537,0,3539,G
2-PB1,1760,0,3,0,3534,3537,C
2-PB1,1761,3492,0,3,1,3496,A
2-PB1,1762,1,5,3594,0,3600,G
2-PB1,1763,0,4,3630,0,3634,G
2-PB1,1764,3645,2,2,0,3649,A
2-PB1,1765,1,0,0,3682,3683,C
2-PB1,1766,0,3634,0,0,3634,T
2-PB1,1767,3738,0,0,0,3738,A
2-PB1,1768,0,3721,0,0,3721,T
2-PB1,1769,0,3724,0,1,3725,T
2-PB1,1770,3,5,3713,0,3721,G
2-PB1,1771,4,0,3742,0,3746,G
2-PB1,1772,0,3717,0,4,3721,T
2-PB1,1773,3718,0,2,0,3720,A
2-PB1,1774,1,3664,0,2,3667,T
2-PB1,1775,3,0,0,3678,3681,C
2-PB1,1776,3606,1,1,0,3608,A
2-PB1,1777,2,2,3633,1,3638,G
2-PB1,1778,3637,0,2,0,3639,A
2-PB1,1779,0,3599,0,2,3601,T
2-PB1,1780,1,15,3468,0,3484,G
2-PB1,1781,2,12,3458,0,3472,G
2-PB1,1782,0,10,3458,0,3468,G
2-PB1,1783,0,4,3474,0,3478,G
2-PB1,1784,1,1,3482,0,3484,G
2-PB1,1785,3476,2,2,0,3480,A
2-PB1,1786,0,1,0,3454,3455,C
2-PB1,1787,2,0,0,3450,3452,C
2-PB1,1788,3451,1,1,0,3453,A
2-PB1,1789,3662,0,0,0,3662,A
2-PB1,1790,3672,0,1,2,3675,A
2-PB1,1791,1,0,0,3749,3750,C
2-PB1,1792,0,3717,0,1,3718,T
2-PB1,1793,0,3702,0,3,3705,T
2-PB1,1794,3724,1,1,0,3726,A
2-PB1,1795,0,3724,0,0,3724,T
2-PB1,1796,3725,0,4,0,3729,A
2-PB1,1797,1,0,1,3734,3736,C
2-PB1,1798,3498,1,0,0,3499,A
2-PB1,1799,3511,0,0,0,3511,A
2-PB1,1800,0,3437,0,1,3438,T
2-PB1,1801,3471,0,0,0,3471,A
2-PB1,1802,1,3455,0,0,3456,T
2-PB1,1803,0,0,0,3455,3455,C
2-PB1,1804,3,3,0,3456,3462,C
2-PB1,1805,0,3,3454,0,3457,G
2-PB1,1806,1,1,3458,0,3460,G
2-PB1,1807,3465,0,2,1,3468,A
2-PB1,1808,3464,0,0,0,3464,A
2-PB1,1809,1,3465,0,0,3466,T
2-PB1,1810,0,0,0,3484,3484,C
2-PB1,1811,0,3464,0,4,3468,T
2-PB1,1812,1,3486,0,0,3487,T
2-PB1,1813,0,0,1,3484,3485,C
2-PB1,1814,3481,2,3,0,3486,A
2-PB1,1815,0,1,0,3495,3496,C
2-PB1,1816,3492,1,1,1,3495,A
2-PB1,1817,0,3769,0,6,3775,T
2-PB1,1818,1,0,0,3781,3782,C
2-PB1,1819,6,2,1,3784,3793,C
2-PB1,1820,10,0,0,3796,3806,C
2-PB1,1821,0,3805,0,4,3809,T
2-PB1,1822,0,2,3808,0,3810,G
2-PB1,1823,3805,0,0,1,3806,A
2-PB1,1824,3799,2,0,1,3802,A
2-PB1,1825,0,0,3817,0,3817,G
2-PB1,1826,1,3565,0,2,3568,T
2-PB1,1827,2,2,1,3574,3579,C
2-PB1,1828,1,3516,0,4,3521,T
2-PB1,1829,0,0,3603,1,3604,G
2-PB1,1830,0,2,1,3607,3610,C
2-PB1,1831,1,3604,1,2,3608,T
2-PB1,1832,1,3612,0,0,3613,T
2-PB1,1833,3602,0,1,1,3604,A
2-PB1,1834,3619,0,1,1,3621,A
2-PB1,1835,3632,0,3,0,3635,A
2-PB1,1836,2,2,3651,0,3655,G
2-PB1,1837,2,3612,0,2,3616,T
2-PB1,1838,1,11,3532,0,3544,G
2-PB1,1839,0,2,3549,0,3551,G
2-PB1,1840,1,3,3560,0,3564,G
2-PB1,1841,3558,0,4,0,3562,A
2-PB1,1842,0,2,3563,0,3565,G
2-PB1,1843,10,2,0,3545,3557,C
2-PB1,1844,2,3535,0,2,3539,T
2-PB1,1845,1,1,3545,0,3547,G
2-PB1,1846,3539,2,2,0,3543,A
2-PB1,1847,0,3542,0,0,3542,T
2-PB1,1848,0,2,3547,1,3550,G
2-PB1,1849,0,1,3530,0,3531,G
2-PB1,1850,3528,0,3,0,3531,A
2-PB1,1851,0,3511,0,3,3514,T
2-PB1,1852,0,0,3521,0,3521,G
2-PB1,1853,3500,0,3,0,3503,A
2-PB1,1854,0,0,3549,1,3550,G
2-PB1,1855,3535,0,2,0,3537,A
2-PB1,1856,3537,0,1,0,3538,A
2-PB1,1857,0,3526,1,0,3527,T
2-PB1,1858,0,3518,1,0,3519,T
2-PB1,1859,3516,0,1,0,3517,A
2-PB1,1860,0,3512,0,0,3512,T
2-PB1,1861,1,4,0,3509,3514,C
2-PB1,1862,3,10,3509,0,3522,G
2-PB1,1863,0,6,3498,0,3504,G
2-PB1,1864,0,4,3493,0,3497,G
2-PB1,1865,2,2,3491,0,3495,G
2-PB1,1866,3490,0,1,0,3491,A
2-PB1,1867,3478,0,4,1,3483,A
2-PB1,1868,0,1,3514,1,3516,G
2-PB1,1869,3532,0,6,0,3538,A
2-PB1,1870,1,0,0,3549,3550,C
2-PB1,1871,0,3521,0,2,3523,T
2-PB1,1872,0,3573,1,2,3576,T
2-PB1,1873,1,3575,0,3,3579,T
2-PB1,1874,1,0,3600,0,3601,G
2-PB1,1875,1,3601,0,3,3605,T
2-PB1,1876,3580,0,0,0,3580,A
2-PB1,1877,3573,0,2,0,3575,A
2-PB1,1878,1,3524,0,1,3526,T
2-PB1,1879,0,3,0,3549,3552,C
2-PB1,1880,5,2,0,3526,3533,C
2-PB1,1881,8,0,0,3503,3511,C
2-PB1,1882,9,0,0,3526,3535,C
2-PB1,1883,0,3515,0,2,3517,T
2-PB1,1884,0,1,3526,1,3528,G
2-PB1,1885,3519,0,2,0,3521,A
2-PB1,1886,3539,1,0,0,3540,A
2-PB1,1887,0,3529,0,3,3532,T
2-PB1,1888,5,0,0,3501,3506,C
2-PB1,1889,2,0,0,3491,3493,C
2-PB1,1890,10,0,0,3455,3465,C
2-PB1,1891,1,3457,2,5,3465,T
2-PB1,1892,0,3476,0,1,3477,T
2-PB1,1893,0,3464,0,0,3464,T
2-PB1,1894,1,0,3461,0,3462,G
2-PB1,1895,0,3446,0,5,3451,T
2-PB1,1896,2,1,0,3440,3443,C
2-PB1,1897,3409,0,4,0,3413,A
2-PB1,1898,1,0,3454,0,3455,G
2-PB1,1899,0,0,0,3448,3448,C
2-PB1,1900,1,0,1,3443,3445,C
2-PB1,1901,3457,0,1,0,3458,A
2-PB1,1902,1,3457,0,2,3460,T
2-PB1,1903,3457,0,1,0,3458,A
2-PB1,1904,3461,1,0,0,3462,A
2-PB1,1905,3457,0,1,1,3459,A
2-PB1,1906,0,2,3470,0,3472,G
2-PB1,1907,3400,1,0,1,3402,A
2-PB1,1908,3407,0,1,0,3408,A
2-PB1,1909,3400,1,0,2,3403,A
2-PB1,1910,1,3404,0,0,3405,T
2-PB1,1911,0,3401,0,0,3401,T
2-PB1,1912,2,0,3404,0,3406,G
2-PB1,1913,3395,0,1,0,3396,A
2-PB1,1914,3352,1,1,0,3354,A
2-PB1,1915,2,3450,0,0,3452,T
2-PB1,1916,2,0,0,3473,3475,C
2-PB1,1917,0,3469,0,3,3472,T
2-PB1,1918,2,0,3527,0,3529,G
2-PB1,1919,1,3518,1,2,3522,T
2-PB1,1920,3555,1,1,0,3557,A
2-PB1,1921,3551,0,0,1,3552,A
2-PB1,1922,3555,1,1,3,3560,A
2-PB1,1923,0,0,0,3572,3572,C
2-PB1,1924,3463,0,0,0,3463,A
2-PB1,1925,3543,0,1,0,3544,A
2-PB1,1926,0,3540,0,3,3543,T
2-PB1,1927,1,1,3538,0,3540,G
2-PB1,1928,1,0,0,3579,3580,C
2-PB1,1929,0,3520,0,5,3525,T
2-PB1,1930,2,0,3626,0,3628,G
2-PB1,1931,0,3628,0,1,3629,T
2-PB1,1932,3667,0,6,0,3673,A
2-PB1,1933,0,0,3677,1,3678,G
2-PB1,1934,1,3598,0,3,3602,T
2-PB1,1935,3589,0,2,0,3591,A
2-PB1,1936,3560,0,2,0,3562,A
2-PB1,1937,0,3528,0,1,3529,T
2-PB1,1938,2,2,3517,1,3522,G
2-PB1,1939,0,0,0,3469,3469,C
2-PB1,1940,3,0,0,3423,3426,C
2-PB1,1941,3367,0,4,0,3371,A
2-PB1,1942,1,1,3386,1,3389,G
2-PB1,1943,2,0,0,3472,3474,C
2-PB1,1944,1,1,0,3475,3477,C
2-PB1,1945,7,1,0,3468,3476,C
2-PB1,1946,3460,0,4,1,3465,A
2-PB1,1947,0,3457,1,3,3461,T
2-PB1,1948,0,2,3461,0,3463,G
2-PB1,1949,1,0,3466,0,3467,G
2-PB1,1950,4,3447,0,3,3454,T
2-PB1,1951,2,2,0,3430,3434,C
2-PB1,1952,5,1,0,3315,3321,C
2-PB1,1953,2,4,3350,0,3356,G
2-PB1,1954,1,0,3351,0,3352,G
2-PB1,1955,2,0,0,3346,3348,C
2-PB1,1956,4,1,0,3351,3356,C
2-PB1,1957,3348,0,0,0,3348,A
2-PB1,1958,3356,0,1,1,3358,A
2-PB1,1959,3359,1,2,1,3363,A
2-PB1,1960,3367,0,2,0,3369,A
2-PB1,1961,0,0,3409,0,3409,G
2-PB1,1962,1,3327,0,1,3329,T
2-PB1,1963,3342,1,0,0,3343,A
2-PB1,1964,0,3342,0,8,3350,T
2-PB1,1965,0,0,3348,0,3348,G
2-PB1,1966,1,0,3404,0,3405,G
2-PB1,1967,3382,1,1,0,3384,A
2-PB1,1968,3419,0,3,0,3422,A
2-PB1,1969,1,3399,0,0,3400,T
2-PB1,1970,3352,0,3,0,3355,A
2-PB1,1971,0,3342,0,1,3343,T
2-PB1,1972,0,1,3319,0,3320,G
2-PB1,1973,3318,1,2,0,3321,A
2-PB1,1974,1,3308,0,3,3312,T
2-PB1,1975,1,0,3208,0,3209,G
2-PB1,1976,0,0,0,3217,3217,C
2-PB1,1977,1,0,0,3156,3157,C
2-PB1,1978,0,1,3163,0,3164,G
2-PB1,1979,0,3153,0,3,3156,T
2-PB1,1980,0,3160,1,5,3166,T
2-PB1,1981,1,0,3165,1,3167,G
2-PB1,1982,1,0,0,3200,3201,C
2-PB1,1983,3200,1,1,0,3202,A
2-PB1,1984,3256,0,1,0,3257,A
2-PB1,1985,1,0,0,3267,3268,C
2-PB1,1986,2,3237,0,0,3239,T
2-PB1,1987,3237,0,0,0,3237,A
2-PB1,1988,2,2,0,3232,3236,C
2-PB1,1989,3226,0,2,0,3228,A
2-PB1,1990,3,1,0,3230,3234,C
2-PB1,1991,3106,1,1,0,3108,A
2-PB1,1992,2,0,0,3332,3334,C
2-PB1,1993,1,3255,0,1,3257,T
2-PB1,1994,5,0,0,3259,3264,C
2-PB1,1995,3,0,1,3263,3267,C
2-PB1,1996,0,3239,0,2,3241,T
2-PB1,1997,2,3,3238,0,3243,G
2-PB1,1998,0,0,3242,0,3242,G
2-PB1,1999,3244,0,0,0,3244,A
2-PB1,2000,0,3236,0,0,3236,T
2-PB1,2001,1,2930,0,2,2933,T
2-PB1,2002,0,1,0,2956,2957,C
2-PB1,2003,4,1,0,2935,2940,C
2-PB1,2004,6,1,0,2947,2954,C
2-PB1,2005,2962,1,0,0,2963,A
2-PB1,2006,2957,0,1,0,2958,A
2-PB1,2007,0,0,2968,0,2968,G
2-PB1,2008,2950,1,3,0,2954,A
2-PB1,2009,1,5,2945,0,2951,G
2-PB1,2010,0,4,2954,0,2958,G
2-PB1,2011,2895,0,4,0,2899,A
2-PB1,2012,2897,0,3,0,2900,A
2-PB1,2013,0,0,0,2895,2895,C
2-PB1,2014,3,0,0,2862,2865,C
2-PB1,2015,1,1,2907,0,2909,G
2-PB1,2016,0,0,0,2906,2906,C
2-PB1,2017,0,2903,0,1,2904,T
2-PB1,2018,5,0,0,2910,2915,C
2-PB1,2019,1,2903,0,0,2904,T
2-PB1,2020,3085,0,1,0,3086,A
2-PB1,2021,0,3089,1,2,3092,T
2-PB1,2022,0,3093,1,5,3099,T
2-PB1,2023,5,0,0,3106,3111,C
2-PB1,2024,1,2981,1,2,2985,T
2-PB1,2025,2990,0,1,0,2991,A
2-PB1,2026,2989,0,1,0,2990,A
2-PB1,2027,2993,3,0,0,2996,A
2-PB1,2028,0,0,0,2998,2998,C
2-PB1,2029,2819,0,0,0,2819,A
2-PB1,2030,1,0,0,2816,2817,C
2-PB1,2031,2772,0,1,0,2773,A
2-PB1,2032,2793,0,5,2,2800,A
2-PB1,2033,1,0,2808,0,2809,G
2-PB1,2034,0,1,0,2794,2795,C
2-PB1,2035,4,0,0,2800,2804,C
2-PB1,2036,2781,1,1,0,2783,A
2-PB1,2037,2775,0,6,0,2781,A
2-PB1,2038,2778,1,4,0,2783,A
2-PB1,2039,0,13,2786,0,2799,G
2-PB1,2040,0,5,2793,0,2798,G
2-PB1,2041,0,1,2755,0,2756,G
2-PB1,2042,0,1,2762,0,2763,G
2-PB1,2043,2736,0,0,1,2737,A
2-PB1,2044,2746,0,3,0,2749,A
2-PB1,2045,1,2747,0,1,2749,T
2-PB1,2046,0,2759,0,1,2760,T
2-PB1,2047,3,0,0,2770,2773,C
2-PB1,2048,0,2751,0,1,2752,T
2-PB1,2049,0,2747,0,0,2747,T
2-PB1,2050,0,0,2746,1,2747,G
2-PB1,2051,2739,2,3,0,2744,A
2-PB1,2052,0,1,2754,0,2755,G
2-PB1,2053,0,1,2747,1,2749,G
2-PB1,2054,2737,0,0,0,2737,A
2-PB1,2055,1,2723,0,1,2725,T
2-PB1,2056,0,1,2757,0,2758,G
2-PB1,2057,2742,1,2,1,2746,A
2-PB1,2058,2745,0,5,0,2750,A
2-PB1,2059,3,1,0,2762,2766,C
2-PB1,2060,2728,1,5,0,2734,A
2-PB1,2061,0,2,2761,0,2763,G
2-PB1,2062,2740,1,2,0,2743,A
2-PB1,2063,1,2749,0,1,2751,T
2-PB1,2064,0,1,2763,0,2764,G
2-PB1,2065,0,2787,0,1,2788,T
2-PB1,2066,2799,0,3,0,2802,A
2-PB1,2067,3,0,0,2794,2797,C
2-PB1,2068,2,0,0,2770,2772,C
2-PB1,2069,2736,0,6,0,2742,A
2-PB1,2070,1,1,2710,0,2712,G
2-PB1,2071,2677,1,2,0,2680,A
2-PB1,2072,2671,0,2,0,2673,A
2-PB1,2073,1,0,2688,0,2689,G
2-PB1,2074,0,2526,0,2,2528,T
2-PB1,2075,0,0,2526,0,2526,G
2-PB1,2076,0,0,0,2530,2530,C
2-PB1,2077,0,2522,0,5,2527,T
2-PB1,2078,3,0,2527,0,2530,G
2-PB1,2079,0,0,0,2527,2527,C
2-PB1,2080,2517,0,0,1,2518,A
2-PB1,2081,2519,3,0,0,2522,A
2-PB1,2082,1,0,0,2481,2482,C
2-PB1,2083,0,2476,0,1,2477,T
2-PB1,2084,0,2446,1,1,2448,T
2-PB1,2085,1,0,2445,0,2446,G
2-PB1,2086,0,2446,0,2,2448,T
2-PB1,2087,0,2440,0,2,2442,T
2-PB1,2088,1,1,0,2442,2444,C
2-PB1,2089,1,1,2435,0,2437,G
2-PB1,2090,2437,0,1,0,2438,A
2-PB1,2091,0,1,2434,2,2437,G
2-PB1,2092,2432,0,1,0,2433,A
2-PB1,2093,2432,1,2,0,2435,A
2-PB1,2094,2429,1,3,0,2433,A
2-PB1,2095,2,2412,1,0,2415,T
2-PB1,2096,1,2429,1,1,2432,T
2-PB1,2097,0,2434,0,0,2434,T
2-PB1,2098,0,2441,1,0,2442,T
2-PB1,2099,1,2432,1,1,2435,T
2-PB1,2100,1,0,0,2454,2455,C
2-PB1,2101,4,1,0,2442,2447,C
2-PB1,2102,5,0,0,2440,2445,C
2-PB1,2103,0,2437,0,2,2439,T
2-PB1,2104,2443,0,1,0,2444,A
2-PB1,2105,0,0,2450,0,2450,G
2-PB1,2106,0,2454,0,1,2455,T
2-PB1,2107,2476,0,1,0,2477,A
2-PB1,2108,0,2,2492,1,2495,G
2-PB1,2109,0,2471,1,3,2475,T
2-PB1,2110,0,2557,0,0,2557,T
2-PB1,2111,5,1,0,2550,2556,C
2-PB1,2112,2588,0,1,0,2589,A
2-PB1,2113,0,2586,0,1,2587,T
2-PB1,2114,2583,1,1,0,2585,A
2-PB1,2115,1,2586,0,0,2587,T
2-PB1,2116,2514,0,2,0,2516,A
2-PB1,2117,2,2,2496,0,2500,G
2-PB1,2118,0,0,2491,0,2491,G
2-PB1,2119,2215,1,1,0,2217,A
2-PB1,2120,0,1,2214,0,2215,G
2-PB1,2121,2077,0,2,0,2079,A
2-PB1,2122,0,0,0,2075,2075,C
2-PB1,2123,1,1,0,1997,1999,C
2-PB1,2124,16,2,1979,0,1997,G
2-PB1,2125,1999,0,0,0,1999,A
2-PB1,2126,0,1980,0,1,1981,T
2-PB1,2127,0,1985,0,0,1985,T
2-PB1,2128,0,0,1983,0,1983,G
2-PB1,2129,1,3,1979,0,1983,G
2-PB1,2130,1979,0,1,0,1980,A
2-PB1,2131,1982,0,1,0,1983,A
2-PB1,2132,0,1971,0,0,1971,T
2-PB1,2133,0,1975,0,2,1977,T
2-PB1,2134,2,1973,1,0,1976,T
2-PB1,2135,1,0,0,1975,1976,C
2-PB1,2136,0,1976,0,1,1977,T
2-PB1,2137,1970,0,1,0,1971,A
2-PB1,2138,0,0,1972,0,1972,G
2-PB1,2139,0,0,0,1969,1969,C
2-PB1,2140,1967,0,1,0,1968,A
2-PB1,2141,0,1959,1,2,1962,T
2-PB1,2142,0,0,1930,0,1930,G
2-PB1,2143,0,0,1967,0,1967,G
2-PB1,2144,0,1958,0,1,1959,T
2-PB1,2145,1,1,1953,0,1955,G
2-PB1,2146,0,0,1950,0,1950,G
2-PB1,2147,1925,0,3,0,1928,A
2-PB1,2148,0,0,1927,0,1927,G
2-PB1,2149,1,0,1922,0,1923,G
2-PB1,2150,0,1,0,1916,1917,C
2-PB1,2151,1,1,1,1898,1901,C
2-PB1,2152,1743,0,0,0,1743,A
2-PB1,2153,0,1736,0,0,1736,T
2-PB1,2154,0,0,1745,0,1745,G
2-PB1,2155,0,0,1764,0,1764,G
2-PB1,2156,1,1727,0,1,1729,T
2-PB1,2157,0,0,1755,0,1755,G
2-PB1,2158,0,1723,0,2,1725,T
2-PB1,2159,1,0,0,1715,1716,C
2-PB1,2160,0,1712,0,0,1712,T
2-PB1,2161,1699,0,0,0,1699,A
2-PB1,2162,9,3,1679,0,1691,G
2-PB1,2163,0,2,1643,1,1646,G
2-PB1,2164,3,0,1619,0,1622,G
2-PB1,2165,1,0,0,1579,1580,C
2-PB1,2166,2,1,0,1496,1499,C
2-PB1,2167,1,0,0,1468,1469,C
2-PB1,2168,2,2,1462,0,1466,G
2-PB1,2169,0,0,1471,0,1471,G
2-PB1,2170,1472,0,0,0,1472,A
2-PB1,2171,0,1465,0,0,1465,T
2-PB1,2172,0,1412,0,0,1412,T
2-PB1,2173,0,0,1401,0,1401,G
2-PB1,2174,1393,1,0,0,1394,A
2-PB1,2175,1,1397,0,0,1398,T
2-PB1,2176,0,0,1399,0,1399,G
2-PB1,2177,1,0,0,1391,1392,C
2-PB1,2178,2,0,0,1376,1378,C
2-PB1,2179,1370,0,0,0,1370,A
2-PB1,2180,0,2,1369,0,1371,G
2-PB1,2181,1369,0,0,0,1369,A
2-PB1,2182,1356,0,12,1,1369,A
2-PB1,2183,0,1364,0,0,1364,T
2-PB1,2184,0,1329,0,0,1329,T
2-PB1,2185,0,0,1333,0,1333,G
2-PB1,2186,1326,0,1,0,1327,A
2-PB1,2187,1,0,0,1319,1320,C
2-PB1,2188,0,1307,0,0,1307,T
2-PB1,2189,0,1303,0,0,1303,T
2-PB1,2190,0,0,0,1297,1297,C
2-PB1,2191,0,1,1298,1,1300,G
2-PB1,2192,1309,0,0,0,1309,A
2-PB1,2193,1308,0,0,0,1308,A
2-PB1,2194,0,1301,0,0,1301,T
2-PB1,2195,1,0,0,1297,1298,C
2-PB1,2196,1,1289,0,2,1292,T
2-PB1,2197,0,0,1293,0,1293,G
2-PB1,2198,0,1,1291,0,1292,G
2-PB1,2199,1292,1,1,0,1294,A
2-PB1,2200,1246,0,1,0,1247,A
2-PB1,2201,0,2,1246,0,1248,G
2-PB1,2202,0,0,1260,0,1260,G
2-PB1,2203,1261,0,0,0,1261,A
2-PB1,2204,0,1250,0,0,1250,T
2-PB1,2205,1,1249,0,0,1250,T
2-PB1,2206,1245,0,0,0,1245,A
2-PB1,2207,1244,0,0,0,1244,A
2-PB1,2208,0,0,1248,0,1248,G
2-PB1,2209,1246,0,1,0,1247,A
2-PB1,2210,1176,0,1,0,1177,A
2-PB1,2211,0,0,1080,1,1081,G
2-PB1,2212,1,2,1074,0,1077,G
2-PB1,2213,1077,0,0,0,1077,A
2-PB1,2214,1068,0,0,0,1068,A
2-PB1,2215,0,0,1071,0,1071,G
2-PB1,2216,1018,1,0,0,1019,A
2-PB1,2217,2,0,1015,0,1017,G
2-PB1,2218,0,984,1,0,985,T
2-PB1,2219,0,978,1,0,979,T
2-PB1,2220,1,0,0,979,980,C
2-PB1,2221,0,955,0,0,955,T
2-PB1,2222,3,1,0,952,956,C
2-PB1,2223,3,948,0,0,951,T
2-PB1,2224,0,0,951,0,951,G
2-PB1,2225,927,0,0,0,927,A
2-PB1,2226,1,1,911,0,913,G
2-PB1,2227,902,0,0,0,902,A
2-PB1,2228,0,877,0,0,877,T
2-PB1,2229,2,1,0,828,831,C
2-PB1,2230,832,0,2,0,834,A
2-PB1,2231,0,831,0,0,831,T
2-PB1,2232,0,0,830,0,830,G
2-PB1,2233,828,0,0,0,828,A
2-PB1,2234,821,0,0,1,822,A
2-PB1,2235,0,0,801,0,801,G
2-PB1,2236,779,0,0,0,779,A
2-PB1,2237,0,775,0,0,775,T
2-PB1,2238,0,0,0,761,761,C
2-PB1,2239,1,711,0,1,713,T
2-PB1,2240,0,0,718,0,718,G
2-PB1,2241,0,708,0,3,711,T
2-PB1,2242,0,713,0,1,714,T
2-PB1,2243,0,0,0,712,712,C
2-PB1,2244,1,2,0,691,694,C
2-PB1,2245,684,1,1,0,686,A
2-PB1,2246,0,0,0,691,691,C
2-PB1,2247,0,0,0,647,647,C
2-PB1,2248,623,0,0,0,623,A
2-PB1,2249,0,584,0,1,585,T
2-PB1,2250,0,563,0,0,563,T
2-PB1,2251,0,0,564,0,564,G
2-PB1,2252,561,0,0,0,561,A
2-PB1,2253,560,0,1,0,561,A
2-PB1,2254,0,0,557,0,557,G
2-PB1,2255,476,0,1,0,477,A
2-PB1,2256,476,0,1,0,477,A
2-PB1,2257,0,0,0,474,474,C
2-PB1,2258,0,449,0,0,449,T
2-PB1,2259,0,0,0,450,450,C
2-PB1,2260,424,0,0,0,424,A
2-PB1,2261,0,0,424,0,424,G
2-PB1,2262,424,0,0,0,424,A
2-PB1,2263,0,0,0,400,400,C
2-PB1,2264,0,1,392,0,393,G
2-PB1,2265,0,0,384,0,384,G
2-PB1,2266,0,0,0,385,385,C
2-PB1,2267,385,1,0,0,386,A
2-PB1,2268,385,0,0,0,385,A
2-PB1,2269,383,0,0,0,383,A
2-PB1,2270,384,0,0,0,384,A
2-PB1,2271,384,0,0,0,384,A
2-PB1,2272,0,376,0,0,376,T
2-PB1,2273,363,0,0,0,363,A
2-PB1,2274,361,0,0,0,361,A
3-PA,4,0,0,1,0,1,G
3-PA,5,1,0,0,0,1,A
3-PA,6,1,0,0,0,1,A
3-PA,7,0,0,1,0,1,G
3-PA,8,1,0,0,0,1,A
3-PA,9,0,1,0,0,1,T
3-PA,10,0,1,0,0,1,T
3-PA,11,0,1,0,0,1,T
3-PA,12,0,1,0,0,1,T
3-PA,13,0,0,1,0,1,G
3-PA,14,0,1,0,0,1,T
3-PA,15,0,0,1,0,1,G
3-PA,16,0,0,0,1,1,C
3-PA,17,0,0,1,0,1,G
3-PA,18,1,0,0,0,1,A
3-PA,19,0,0,0,1,1,C
3-PA,20,1,0,0,0,1,A
3-PA,21,1,0,0,0,1,A
3-PA,22,0,1,0,0,1,T
3-PA,23,0,0,1,0,1,G
3-PA,24,0,0,0,1,1,C
3-PA,25,0,1,0,0,1,T
3-PA,26,0,1,0,0,1,T
3-PA,27,0,0,0,1,1,C
3-PA,28,1,0,0,0,1,A
3-PA,29,1,0,0,0,1,A
3-PA,30,0,0,0,1,1,C
3-PA,31,0,0,0,1,1,C
3-PA,32,0,0,0,1,1,C
3-PA,33,0,0,1,0,1,G
3-PA,34,1,0,0,0,1,A
3-PA,35,0,1,0,0,1,T
3-PA,36,0,0,1,0,1,G
3-PA,37,1,0,0,0,1,A
3-PA,38,0,1,0,0,1,T
3-PA,39,0,1,0,0,1,T
3-PA,40,0,0,1,0,1,G
3-PA,41,0,1,0,0,1,T
3-PA,42,0,0,0,1,1,C
3-PA,43,0,0,1,0,1,G
3-PA,44,1,0,0,0,1,A
3-PA,45,1,0,0,0,1,A
3-PA,46,0,0,0,1,1,C
3-PA,47,0,1,0,0,1,T
3-PA,48,0,1,0,0,1,T
3-PA,49,0,0,1,0,1,G
3-PA,50,0,0,0,1,1,C
3-PA,51,1,0,0,0,1,A
3-PA,52,0,0,1,0,1,G
3-PA,53,1,0,0,0,1,A
3-PA,54,1,0,0,0,1,A
3-PA,55,1,0,0,0,1,A
3-PA,56,1,0,0,0,1,A
3-PA,57,1,0,0,0,1,A
3-PA,58,0,0,1,0,1,G
3-PA,59,0,0,0,1,1,C
3-PA,60,1,0,0,0,1,A
3-PA,61,1,0,0,0,1,A
3-PA,62,0,1,0,0,1,T
3-PA,63,0,0,1,0,1,G
3-PA,64,1,0,0,0,1,A
3-PA,65,1,0,0,0,1,A
3-PA,66,1,0,0,0,1,A
3-PA,67,0,0,1,0,1,G
3-PA,68,1,0,0,0,1,A
3-PA,69,0,0,1,0,1,G
3-PA,70,0,1,0,0,1,T
3-PA,71,1,0,0,0,1,A
3-PA,72,0,1,0,0,1,T
3-PA,73,0,0,1,0,1,G
3-PA,74,0,0,1,0,1,G
3-PA,75,0,0,1,0,1,G
3-PA,76,0,0,1,0,1,G
3-PA,77,1,0,0,0,1,A
3-PA,78,0,0,1,0,1,G
3-PA,79,0,0,1,0,1,G
3-PA,80,1,0,0,0,1,A
3-PA,81,0,1,0,0,1,T
3-PA,82,0,0,0,1,1,C
3-PA,83,0,1,0,0,1,T
3-PA,84,0,0,1,0,1,G
3-PA,85,1,0,0,0,1,A
3-PA,86,1,0,0,0,1,A
3-PA,87,1,0,0,0,1,A
3-PA,88,1,0,0,0,1,A
3-PA,89,0,1,0,0,1,T
3-PA,90,0,1,0,0,1,T
3-PA,91,0,0,1,0,1,G
3-PA,92,1,0,0,0,1,A
3-PA,93,1,0,0,0,1,A
3-PA,94,1,0,0,0,1,A
3-PA,95,0,0,0,1,1,C
3-PA,96,1,0,0,0,1,A
3-PA,97,1,0,0,0,1,A
3-PA,98,1,0,0,0,1,A
3-PA,99,0,0,0,1,1,C
3-PA,100,1,0,0,0,1,A
3-PA,101,1,0,0,0,1,A
3-PA,102,1,0,0,0,1,A
3-PA,103,0,1,0,0,1,T
3-PA,104,0,1,0,0,1,T
3-PA,105,0,1,0,0,1,T
3-PA,106,0,0,1,0,1,G
3-PA,107,0,0,0,1,1,C
3-PA,108,1,0,0,0,1,A
3-PA,109,0,0,1,0,1,G
3-PA,110,0,0,0,1,1,C
3-PA,111,1,0,0,0,1,A
3-PA,112,1,0,0,0,1,A
3-PA,113,0,1,0,0,1,T
3-PA,114,1,0,0,0,1,A
3-PA,115,0,1,0,0,1,T
3-PA,116,0,0,1,0,1,G
3-PA,117,0,0,0,1,1,C
3-PA,118,1,0,0,0,1,A
3-PA,119,0,0,0,1,1,C
3-PA,120,0,1,0,0,1,T
3-PA,121,0,0,0,2,2,C
3-PA,122,2,0,0,0,2,A
3-PA,123,0,0,0,2,2,C
3-PA,124,0,2,0,0,2,T
3-PA,125,0,2,0,0,2,T
3-PA,126,0,0,2,0,2,G
3-PA,127,0,0,2,0,2,G
3-PA,128,2,0,0,0,2,A
3-PA,129,0,0,1,0,1,G
3-PA,130,0,0,2,0,2,G
3-PA,131,0,2,0,0,2,T
3-PA,132,0,0,2,0,2,G
3-PA,133,0,2,0,0,2,T
3-PA,134,0,0,2,0,2,G
3-PA,135,0,2,0,0,2,T
3-PA,136,0,2,0,0,2,T
3-PA,137,0,2,0,0,2,T
3-PA,138,0,0,0,2,2,C
3-PA,139,2,0,0,0,2,A
3-PA,140,0,2,0,0,2,T
3-PA,141,0,0,2,0,2,G
3-PA,142,0,1,0,0,1,T
3-PA,143,1,0,0,0,1,A
3-PA,144,0,1,0,0,1,T
3-PA,145,0,1,0,0,1,T
3-PA,146,0,0,0,1,1,C
3-PA,147,1,0,0,0,1,A
3-PA,148,0,0,1,0,1,G
3-PA,149,1,0,0,0,1,A
3-PA,150,0,1,0,0,1,T
3-PA,151,0,1,0,0,1,T
3-PA,152,0,1,0,0,1,T
3-PA,153,0,0,0,1,1,C
3-PA,154,0,0,0,1,1,C
3-PA,155,1,0,0,0,1,A
3-PA,156,0,1,0,0,1,T
3-PA,157,0,1,0,0,1,T
3-PA,158,0,1,0,0,1,T
3-PA,159,0,0,0,1,1,C
3-PA,160,1,0,0,0,1,A
3-PA,161,0,1,0,0,1,T
3-PA,162,0,0,0,1,1,C
3-PA,163,1,0,0,0,1,A
3-PA,164,1,0,0,0,1,A
3-PA,165,0,1,0,0,1,T
3-PA,166,0,0,1,0,1,G
3-PA,167,1,0,0,0,1,A
3-PA,168,1,0,0,0,1,A
3-PA,169,0,0,0,1,1,C
3-PA,170,1,0,0,0,1,A
3-PA,171,2,0,0,0,2,A
3-PA,172,0,0,2,0,2,G
3-PA,173,0,0,2,0,2,G
3-PA,174,0,0,0,2,2,C
3-PA,175,0,0,2,0,2,G
3-PA,176,3,0,0,0,3,A
3-PA,177,3,0,0,0,3,A
3-PA,178,0,3,0,0,3,T
3-PA,179,0,0,0,3,3,C
3-PA,180,3,0,0,0,3,A
3-PA,181,3,0,0,0,3,A
3-PA,182,0,3,0,0,3,T
3-PA,183,3,0,0,0,3,A
3-PA,184,0,0,3,0,3,G
3-PA,185,0,3,0,0,3,T
3-PA,186,0,0,3,0,3,G
3-PA,187,0,0,3,0,3,G
3-PA,188,0,3,0,0,3,T
3-PA,189,3,0,0,0,3,A
3-PA,190,0,0,3,0,3,G
3-PA,191,3,0,0,0,3,A
3-PA,192,3,0,0,0,3,A
3-PA,193,0,0,0,3,3,C
3-PA,194,0,3,0,0,3,T
3-PA,195,0,3,0,0,3,T
3-PA,196,0,0,3,0,3,G
3-PA,197,3,0,0,0,3,A
3-PA,198,0,0,0,3,3,C
3-PA,199,0,0,3,0,3,G
3-PA,200,3,0,0,0,3,A
3-PA,201,0,3,0,0,3,T
3-PA,202,0,0,0,3,3,C
3-PA,203,0,0,0,3,3,C
3-PA,204,3,0,0,0,3,A
3-PA,205,3,0,0,0,3,A
3-PA,206,3,0,0,0,3,A
3-PA,207,0,3,0,0,3,T
3-PA,208,0,0,3,0,3,G
3-PA,209,0,0,0,3,3,C
3-PA,210,3,0,0,0,3,A
3-PA,211,0,0,0,3,3,C
3-PA,212,0,3,0,0,3,T
3-PA,213,0,0,3,0,3,G
3-PA,214,0,3,0,0,3,T
3-PA,215,0,3,0,0,3,T
3-PA,216,3,0,0,0,3,A
3-PA,217,3,0,0,0,3,A
3-PA,218,3,0,0,0,3,A
3-PA,219,0,0,3,0,3,G
3-PA,220,0,0,0,3,3,C
3-PA,221,3,0,0,0,3,A
3-PA,222,0,0,0,3,3,C
3-PA,223,3,0,0,0,3,A
3-PA,224,0,0,3,0,3,G
3-PA,225,3,0,0,0,3,A
3-PA,226,0,3,0,0,3,T
3-PA,227,0,3,0,0,3,T
3-PA,228,0,3,0,0,3,T
3-PA,229,0,0,3,0,3,G
3-PA,230,3,0,0,0,3,A
3-PA,231,3,0,0,0,3,A
3-PA,232,3,0,0,0,3,A
3-PA,233,0,3,0,0,3,T
3-PA,234,3,0,0,0,3,A
3-PA,235,3,0,0,0,3,A
3-PA,236,0,3,0,0,3,T
3-PA,237,0,0,0,3,3,C
3-PA,238,0,0,3,0,3,G
3-PA,239,3,0,0,0,3,A
3-PA,240,0,0,3,0,3,G
3-PA,241,0,0,3,0,3,G
3-PA,242,0,0,2,0,2,G
3-PA,243,0,0,3,0,3,G
3-PA,244,3,0,0,0,3,A
3-PA,245,0,0,3,0,3,G
3-PA,246,3,0,0,0,3,A
3-PA,247,0,0,3,0,3,G
3-PA,248,3,0,0,0,3,A
3-PA,249,0,0,0,3,3,C
3-PA,250,3,0,0,0,3,A
3-PA,251,0,0,3,0,3,G
3-PA,252,3,0,0,0,3,A
3-PA,253,4,0,0,0,4,A
3-PA,254,0,0,0,4,4,C
3-PA,255,4,0,0,0,4,A
3-PA,256,4,0,0,0,4,A
3-PA,257,0,4,0,0,4,T
3-PA,258,0,0,4,0,4,G
3-PA,259,0,0,4,0,4,G
3-PA,260,0,0,0,4,4,C
3-PA,261,0,0,0,4,4,C
3-PA,262,0,4,0,0,4,T
3-PA,263,0,0,4,0,4,G
3-PA,264,0,0,3,0,3,G
3-PA,265,4,0,0,0,4,A
3-PA,266,0,0,0,4,4,C
3-PA,267,4,0,0,0,4,A
3-PA,268,0,0,4,0,4,G
3-PA,269,0,4,0,0,4,T
3-PA,270,4,0,0,0,4,A
3-PA,271,0,0,4,0,4,G
3-PA,272,0,4,0,0,4,T
3-PA,273,4,0,0,0,4,A
3-PA,274,4,0,0,0,4,A
3-PA,275,4,0,0,0,4,A
3-PA,276,0,0,0,4,4,C
3-PA,277,4,0,0,0,4,A
3-PA,278,0,0,4,0,4,G
3-PA,279,0,4,0,0,4,T
3-PA,280,4,0,0,0,4,A
3-PA,281,0,4,0,0,4,T
3-PA,282,0,0,0,4,4,C
3-PA,283,0,4,0,0,4,T
3-PA,284,0,0,4,0,4,G
3-PA,285,0,0,0,4,4,C
3-PA,286,4,0,0,0,4,A
3-PA,287,5,0,0,0,5,A
3-PA,288,0,0,0,5,5,C
3-PA,289,5,0,0,0,5,A
3-PA,290,0,0,0,5,5,C
3-PA,291,0,5,0,0,5,T
3-PA,292,5,0,0,0,5,A
3-PA,293,0,0,0,5,5,C
3-PA,294,0,5,0,0,5,T
3-PA,295,0,0,5,0,5,G
3-PA,296,0,0,5,0,5,G
3-PA,297,5,0,0,0,5,A
3-PA,298,0,0,5,0,5,G
3-PA,299,0,0,0,5,5,C
3-PA,300,0,5,0,0,5,T
3-PA,301,0,0,5,0,5,G
3-PA,302,0,0,5,0,5,G
3-PA,303,5,0,0,0,5,A
3-PA,304,4,0,0,0,4,A
3-PA,305,5,0,0,0,5,A
3-PA,306,4,0,0,0,4,A
3-PA,307,0,0,0,5,5,C
3-PA,308,0,0,0,5,5,C
3-PA,309,0,0,5,0,5,G
3-PA,310,5,0,0,0,5,A
3-PA,311,5,0,0,0,5,A
3-PA,312,0,0,5,0,5,G
3-PA,313,0,5,0,0,5,T
3-PA,314,0,5,0,0,5,T
3-PA,315,0,5,0,0,5,T
3-PA,316,0,0,0,5,5,C
3-PA,317,0,5,0,0,5,T
3-PA,318,5,0,0,0,5,A
3-PA,319,0,0,0,5,5,C
3-PA,320,0,0,0,5,5,C
3-PA,321,5,0,0,0,5,A
3-PA,322,0,0,5,0,5,G
3-PA,323,5,0,0,0,5,A
3-PA,324,0,0,0,5,5,C
3-PA,325,0,5,0,0,5,T
3-PA,326,0,5,0,0,5,T
3-PA,327,0,0,5,0,5,G
3-PA,328,0,5,0,0,5,T
3-PA,329,5,0,0,0,5,A
3-PA,330,0,5,0,0,5,T
3-PA,331,0,0,5,0,5,G
3-PA,332,5,0,0,0,5,A
3-PA,333,0,5,0,0,5,T
3-PA,334,0,5,0,0,5,T
3-PA,335,5,0,0,0,5,A
3-PA,336,0,0,0,5,5,C
3-PA,337,5,0,0,0,5,A
3-PA,338,5,0,0,0,5,A
3-PA,339,0,0,5,0,5,G
3-PA,340,0,0,5,0,5,G
3-PA,341,5,0,0,0,5,A
3-PA,342,0,0,5,0,5,G
3-PA,343,5,0,0,0,5,A
3-PA,344,5,0,0,0,5,A
3-PA,345,0,0,0,5,5,C
3-PA,346,5,0,0,0,5,A
3-PA,347,0,0,5,0,5,G
3-PA,348,5,0,0,0,5,A
3-PA,349,0,5,0,0,5,T
3-PA,350,0,5,0,0,5,T
3-PA,351,0,0,0,5,5,C
3-PA,352,0,0,5,0,5,G
3-PA,353,0,5,0,0,5,T
3-PA,354,0,0,0,5,5,C
3-PA,355,0,0,5,0,5,G
3-PA,356,5,0,0,0,5,A
3-PA,357,5,0,0,0,5,A
3-PA,358,5,0,0,0,5,A
3-PA,359,0,5,0,0,5,T
3-PA,360,0,5,0,0,5,T
3-PA,361,0,0,5,0,5,G
3-PA,362,0,0,5,0,5,G
3-PA,363,0,0,5,0,5,G
3-PA,364,0,0,5,0,5,G
3-PA,365,0,5,0,0,5,T
3-PA,366,0,0,5,0,5,G
3-PA,367,5,0,0,0,5,A
3-PA,368,0,0,0,5,5,C
3-PA,369,5,0,0,0,5,A
3-PA,370,5,0,0,0,5,A
3-PA,371,0,0,5,0,5,G
3-PA,372,0,0,5,0,5,G
3-PA,373,5,0,0,0,5,A
3-PA,374,0,0,5,0,5,G
3-PA,375,5,0,0,0,5,A
3-PA,376,0,0,5,0,5,G
3-PA,377,5,0,0,0,5,A
3-PA,378,5,0,0,0,5,A
3-PA,379,0,0,5,0,5,G
3-PA,380,0,5,0,0,5,T
3-PA,381,0,0,0,5,5,C
3-PA,382,0,0,0,5,5,C
3-PA,383,5,0,0,0,5,A
3-PA,384,0,0,0,5,5,C
3-PA,385,5,0,0,0,5,A
3-PA,386,0,5,0,0,5,T
3-PA,387,6,0,0,0,6,A
3-PA,388,0,6,0,0,6,T
3-PA,389,6,0,0,0,6,A
3-PA,390,0,5,0,0,5,T
3-PA,391,0,5,0,0,5,T
3-PA,392,5,0,0,0,5,A
3-PA,393,0,0,0,5,5,C
3-PA,394,0,0,0,5,5,C
3-PA,395,0,5,0,0,5,T
3-PA,396,0,5,0,0,5,T
3-PA,397,0,0,5,0,5,G
3-PA,398,5,0,0,0,5,A
3-PA,399,5,0,0,0,5,A
3-PA,400,5,0,0,0,5,A
3-PA,401,5,0,0,0,5,A
3-PA,402,0,0,5,0,5,G
3-PA,403,0,0,5,0,5,G
3-PA,404,0,0,0,5,5,C
3-PA,405,0,0,0,5,5,C
3-PA,406,5,0,0,0,5,A
3-PA,407,5,0,0,0,5,A
3-PA,408,0,5,0,0,5,T
3-PA,409,5,0,0,0,5,A
3-PA,410,5,0,0,0,5,A
3-PA,411,0,0,5,0,5,G
3-PA,412,5,0,0,0,5,A
3-PA,413,0,5,0,0,5,T
3-PA,414,0,5,0,0,5,T
3-PA,415,5,0,0,0,5,A
3-PA,416,5,0,0,0,5,A
3-PA,417,5,0,0,0,5,A
3-PA,418,0,5,0,0,5,T
3-PA,419,0,0,0,5,5,C
3-PA,420,0,5,0,0,5,T
3-PA,421,0,0,5,0,5,G
3-PA,422,5,0,0,0,5,A
3-PA,423,0,0,5,0,5,G
3-PA,424,5,0,0,0,5,A
3-PA,425,5,0,0,0,5,A
3-PA,426,0,0,0,5,5,C
3-PA,427,5,0,0,0,5,A
3-PA,428,0,0,0,5,5,C
3-PA,429,5,0,0,0,5,A
3-PA,430,0,0,0,5,5,C
3-PA,431,5,0,0,0,5,A
3-PA,432,0,0,0,5,5,C
3-PA,433,5,0,0,0,5,A
3-PA,434,0,5,0,0,5,T
3-PA,435,0,5,0,0,5,T
3-PA,436,0,0,0,5,5,C
3-PA,437,5,0,0,0,5,A
3-PA,438,0,0,0,5,5,C
3-PA,439,5,0,0,0,5,A
3-PA,440,0,5,0,0,5,T
3-PA,441,0,5,0,0,5,T
3-PA,442,0,5,0,0,5,T
3-PA,443,0,5,0,0,5,T
3-PA,444,0,0,0,5,5,C
3-PA,445,0,5,0,0,5,T
3-PA,446,0,0,0,5,5,C
3-PA,447,5,0,0,0,5,A
3-PA,448,0,5,0,0,5,T
3-PA,449,0,5,0,0,5,T
3-PA,450,0,0,0,5,5,C
3-PA,451,5,0,0,0,5,A
3-PA,452,0,0,0,5,5,C
3-PA,453,0,5,0,0,5,T
3-PA,454,0,0,5,0,5,G
3-PA,455,0,0,5,0,5,G
3-PA,456,0,0,5,0,5,G
3-PA,457,0,0,5,0,5,G
3-PA,458,5,0,0,0,5,A
3-PA,459,0,0,5,0,5,G
3-PA,460,0,0,5,0,5,G
3-PA,461,5,0,0,0,5,A
3-PA,462,5,0,0,0,5,A
3-PA,463,5,0,0,0,5,A
3-PA,464,0,5,0,0,5,T
3-PA,465,0,0,5,0,5,G
3-PA,466,0,0,5,0,5,G
3-PA,467,0,0,0,5,5,C
3-PA,468,0,0,0,5,5,C
3-PA,469,5,0,0,0,5,A
3-PA,470,0,0,0,5,5,C
3-PA,471,5,0,0,0,5,A
3-PA,472,5,0,0,0,5,A
3-PA,473,5,0,0,0,5,A
3-PA,474,0,0,5,0,5,G
3-PA,475,0,0,5,0,5,G
3-PA,476,0,0,0,5,5,C
3-PA,477,5,0,0,0,5,A
3-PA,478,0,0,5,0,5,G
3-PA,479,5,0,0,0,5,A
3-PA,480,0,0,0,5,5,C
3-PA,481,0,5,0,0,5,T
3-PA,482,5,0,0,0,5,A
3-PA,483,0,0,0,5,5,C
3-PA,484,5,0,0,0,5,A
3-PA,485,0,0,0,5,5,C
3-PA,486,0,4,0,0,4,T
3-PA,487,0,0,0,4,4,C
3-PA,488,0,3,0,0,3,T
3-PA,489,0,0,0,3,3,C
3-PA,490,0,0,3,0,3,G
3-PA,491,3,0,0,0,3,A
3-PA,492,0,0,0,3,3,C
3-PA,493,0,0,3,0,3,G
3-PA,494,3,0,0,0,3,A
3-PA,495,0,0,3,0,3,G
3-PA,496,0,0,3,0,3,G
3-PA,497,3,0,0,0,3,A
3-PA,498,3,0,0,0,3,A
3-PA,499,3,0,0,0,3,A
3-PA,500,0,0,3,0,3,G
3-PA,501,0,0,0,3,3,C
3-PA,502,3,0,0,0,3,A
3-PA,503,0,0,3,0,3,G
3-PA,504,0,0,3,0,3,G
3-PA,505,0,0,3,0,3,G
3-PA,506,0,0,0,3,3,C
3-PA,507,0,3,0,0,3,T
3-PA,508,3,0,0,0,3,A
3-PA,509,0,0,3,0,3,G
3-PA,510,0,0,3,0,3,G
3-PA,511,3,0,0,0,3,A
3-PA,512,0,3,0,0,3,T
3-PA,513,0,3,0,0,3,T
3-PA,514,3,0,0,0,3,A
3-PA,515,3,0,0,0,3,A
3-PA,516,0,0,3,0,3,G
3-PA,517,3,0,0,0,3,A
3-PA,518,0,0,0,3,3,C
3-PA,519,0,0,0,3,3,C
3-PA,520,3,0,0,0,3,A
3-PA,521,0,0,3,0,3,G
3-PA,522,0,0,3,0,3,G
3-PA,523,0,0,0,3,3,C
3-PA,524,0,3,0,0,3,T
3-PA,525,0,0,3,0,3,G
3-PA,526,0,3,0,0,3,T
3-PA,527,0,3,0,0,3,T
3-PA,528,0,3,0,0,3,T
3-PA,529,3,0,0,0,3,A
3-PA,530,0,0,0,3,3,C
3-PA,531,0,0,0,3,3,C
3-PA,532,3,0,0,0,3,A
3-PA,533,0,3,0,0,3,T
3-PA,534,3,0,0,0,3,A
3-PA,535,3,0,0,0,3,A
3-PA,536,0,0,3,0,3,G
3-PA,537,3,0,0,0,3,A
3-PA,538,0,0,0,3,3,C
3-PA,539,3,0,0,0,3,A
3-PA,540,3,0,0,0,3,A
3-PA,541,0,0,3,0,3,G
3-PA,542,3,0,0,0,3,A
3-PA,543,3,0,0,0,3,A
3-PA,544,2,0,0,0,2,A
3-PA,545,0,2,0,0,2,T
3-PA,546,0,0,2,0,2,G
3-PA,547,0,0,2,0,2,G
3-PA,548,0,0,0,2,2,C
3-PA,549,0,0,0,2,2,C
3-PA,550,2,0,0,0,2,A
3-PA,551,2,0,0,0,2,A
3-PA,552,0,1,0,0,1,T
3-PA,553,1,0,0,0,1,A
3-PA,554,0,0,1,0,1,G
3-PA,555,1,0,0,0,1,A
3-PA,556,0,0,1,0,1,G
3-PA,557,0,0,1,0,1,G
3-PA,558,0,0,0,1,1,C
3-PA,560,0,1,0,0,1,T
3-PA,562,0,1,0,0,1,T
3-PA,563,0,0,1,0,1,G
3-PA,564,0,0,1,0,1,G
3-PA,565,0,0,1,0,1,G
3-PA,566,1,0,0,0,1,A
3-PA,567,0,1,0,0,1,T
3-PA,568,0,1,0,0,1,T
3-PA,569,0,0,0,100,100,C
3-PA,570,0,0,0,101,101,C
3-PA,571,0,108,0,0,108,T
3-PA,572,0,107,0,0,107,T
3-PA,573,0,111,0,0,111,T
3-PA,574,1,0,0,118,119,C
3-PA,575,0,0,120,1,121,G
3-PA,576,0,121,0,0,121,T
3-PA,577,0,2,0,119,121,C
3-PA,578,124,0,0,0,124,A
3-PA,579,0,0,258,0,258,G
3-PA,580,0,259,0,0,259,T
3-PA,581,0,0,0,260,260,C
3-PA,582,0,0,0,263,263,C
3-PA,583,0,0,268,0,268,G
3-PA,584,274,0,0,0,274,A
3-PA,585,273,0,0,0,273,A
3-PA,586,273,0,1,0,274,A
3-PA,587,0,0,281,0,281,G
3-PA,588,280,0,0,0,280,A
3-PA,589,0,1,292,0,293,G
3-PA,590,0,0,295,0,295,G
3-PA,591,0,0,0,293,293,C
3-PA,592,0,0,294,0,294,G
3-PA,593,294,0,0,0,294,A
3-PA,594,300,0,0,0,300,A
3-PA,595,0,0,305,0,305,G
3-PA,596,312,0,0,0,312,A
3-PA,597,312,0,0,0,312,A
3-PA,598,312,0,1,0,313,A
3-PA,599,0,0,0,322,322,C
3-PA,600,321,0,0,0,321,A
3-PA,601,326,0,0,0,326,A
3-PA,602,0,325,0,0,325,T
3-PA,603,0,326,0,0,326,T
3-PA,604,0,1,329,0,330,G
3-PA,605,329,1,0,0,330,A
3-PA,606,327,0,1,0,328,A
3-PA,607,0,0,331,0,331,G
3-PA,608,329,0,0,0,329,A
3-PA,609,329,0,0,0,329,A
3-PA,610,330,0,0,0,330,A
3-PA,611,331,0,0,0,331,A
3-PA,612,332,0,0,0,332,A
3-PA,613,0,331,0,0,331,T
3-PA,614,0,333,0,0,333,T
3-PA,615,0,334,0,0,334,T
3-PA,616,0,1,331,0,332,G
3-PA,617,335,1,0,0,336,A
3-PA,618,339,0,0,0,339,A
3-PA,619,341,0,0,0,341,A
3-PA,620,0,359,0,0,359,T
3-PA,621,0,0,0,455,455,C
3-PA,622,449,1,1,0,451,A
3-PA,623,0,0,0,464,464,C
3-PA,624,465,0,0,0,465,A
3-PA,625,0,0,483,0,483,G
3-PA,626,0,1,524,0,525,G
3-PA,627,547,0,0,0,547,A
3-PA,628,563,0,1,0,564,A
3-PA,629,0,0,0,575,575,C
3-PA,630,0,572,0,0,572,T
3-PA,631,668,0,0,0,668,A
3-PA,632,1,688,0,0,689,T
3-PA,633,0,0,719,0,719,G
3-PA,634,0,0,0,722,722,C
3-PA,635,0,0,719,0,719,G
3-PA,636,0,724,0,1,725,T
3-PA,637,724,0,0,0,724,A
3-PA,638,0,0,735,0,735,G
3-PA,639,0,1,733,0,734,G
3-PA,640,0,1,0,728,729,C
3-PA,641,0,724,6,0,730,T
3-PA,642,0,726,0,0,726,T
3-PA,643,0,1,730,0,731,G
3-PA,644,0,0,0,730,730,C
3-PA,645,0,0,0,732,732,C
3-PA,646,0,1,746,0,747,G
3-PA,647,754,0,0,0,754,A
3-PA,648,0,0,0,761,761,C
3-PA,649,0,0,0,764,764,C
3-PA,650,762,0,0,0,762,A
3-PA,651,765,0,0,0,765,A
3-PA,652,765,0,1,0,766,A
3-PA,653,0,0,803,0,803,G
3-PA,654,0,805,0,0,805,T
3-PA,655,0,0,0,808,808,C
3-PA,656,0,802,0,1,803,T
3-PA,657,0,1,0,810,811,C
3-PA,658,0,0,0,814,814,C
3-PA,659,2,0,0,818,820,C
3-PA,660,820,0,4,0,824,A
3-PA,661,0,0,0,829,829,C
3-PA,662,0,0,0,828,828,C
3-PA,663,0,1,836,0,837,G
3-PA,664,845,1,0,0,846,A
3-PA,665,849,0,1,0,850,A
3-PA,666,0,0,0,865,865,C
3-PA,667,0,861,0,2,863,T
3-PA,668,0,892,0,1,893,T
3-PA,669,0,0,0,908,908,C
3-PA,670,0,905,0,0,905,T
3-PA,671,0,0,0,907,907,C
3-PA,672,0,0,0,904,904,C
3-PA,673,1,905,0,1,907,T
3-PA,674,0,1,918,0,919,G
3-PA,675,1,0,0,919,920,C
3-PA,676,0,0,0,923,923,C
3-PA,677,0,916,0,2,918,T
3-PA,678,0,915,0,0,915,T
3-PA,679,0,0,919,0,919,G
3-PA,680,918,0,0,0,918,A
3-PA,681,0,1,934,0,935,G
3-PA,682,933,0,0,0,933,A
3-PA,683,938,0,0,0,938,A
3-PA,684,0,958,0,0,958,T
3-PA,685,0,964,0,0,964,T
3-PA,686,0,963,0,0,963,T
3-PA,687,0,966,0,0,966,T
3-PA,688,963,0,1,0,964,A
3-PA,689,0,0,967,0,967,G
3-PA,690,967,0,0,0,967,A
3-PA,691,0,0,1006,0,1006,G
3-PA,692,0,0,0,1009,1009,C
3-PA,693,0,0,0,1028,1028,C
3-PA,694,0,1052,0,0,1052,T
3-PA,695,1108,0,0,0,1108,A
3-PA,696,0,1106,0,2,1108,T
3-PA,697,0,0,1121,0,1121,G
3-PA,698,0,1123,0,0,1123,T
3-PA,699,0,0,1129,0,1129,G
3-PA,700,0,1,1124,0,1125,G
3-PA,701,1122,0,0,0,1122,A
3-PA,702,0,1121,0,0,1121,T
3-PA,703,0,0,1114,0,1114,G
3-PA,704,0,0,1189,0,1189,G
3-PA,705,1189,0,2,0,1191,A
3-PA,706,1,1187,0,0,1188,T
3-PA,707,1,1189,0,0,1190,T
3-PA,708,0,1,0,1187,1188,C
3-PA,709,0,2,1192,0,1194,G
3-PA,710,1195,1,1,0,1197,A
3-PA,711,1197,0,0,1,1198,A
3-PA,712,0,0,0,1204,1204,C
3-PA,713,1,0,0,1197,1198,C
3-PA,714,0,0,1205,0,1205,G
3-PA,715,1202,1,1,0,1204,A
3-PA,716,1205,0,0,0,1205,A
3-PA,717,0,0,0,1224,1224,C
3-PA,718,0,1,1219,1,1221,G
3-PA,719,0,1,1259,0,1260,G
3-PA,720,0,0,1,1264,1265,C
3-PA,721,0,1260,0,0,1260,T
3-PA,722,0,0,1304,0,1304,G
3-PA,723,0,1,1,1311,1313,C
3-PA,724,1325,0,1,0,1326,A
3-PA,725,0,1327,0,0,1327,T
3-PA,726,1,1318,0,1,1320,T
3-PA,727,1,0,1317,0,1318,G
3-PA,728,1302,0,2,0,1304,A
3-PA,729,1,6,1314,0,1321,G
3-PA,730,0,0,1319,0,1319,G
3-PA,731,1,0,1305,0,1306,G
3-PA,732,0,1,0,1307,1308,C
3-PA,733,1296,0,1,0,1297,A
3-PA,734,1302,0,3,0,1305,A
3-PA,735,0,0,1312,0,1312,G
3-PA,736,0,0,0,1316,1316,C
3-PA,737,0,1319,0,0,1319,T
3-PA,738,0,1321,0,0,1321,T
3-PA,739,0,1331,0,1,1332,T
3-PA,740,1,0,0,1338,1339,C
3-PA,741,0,1337,0,1,1338,T
3-PA,742,1,2,0,1341,1344,C
3-PA,743,1341,0,0,1,1342,A
3-PA,744,1337,0,0,0,1337,A
3-PA,745,1336,0,0,0,1336,A
3-PA,746,0,1335,1,1,1337,T
3-PA,747,0,0,1392,0,1392,G
3-PA,748,0,1388,0,3,1391,T
3-PA,749,0,1,0,1407,1408,C
3-PA,750,1,0,0,1408,1409,C
3-PA,751,1412,0,0,0,1412,A
3-PA,752,1417,0,1,0,1418,A
3-PA,753,1417,0,0,0,1417,A
3-PA,754,1,1,1437,0,1439,G
3-PA,755,1432,1,2,1,1436,A
3-PA,756,1418,0,0,0,1418,A
3-PA,757,0,0,1436,0,1436,G
3-PA,758,2,1430,0,1,1433,T
3-PA,759,0,2,1433,0,1435,G
3-PA,760,1429,2,0,0,1431,A
3-PA,761,1429,0,1,0,1430,A
3-PA,762,1,1437,0,0,1438,T
3-PA,763,0,0,1434,0,1434,G
3-PA,764,1,0,0,1439,1440,C
3-PA,765,1,0,0,1442,1443,C
3-PA,766,2,1,1,1435,1439,C
3-PA,767,1447,0,1,0,1448,A
3-PA,768,1457,0,0,0,1457,A
3-PA,769,1472,0,0,0,1472,A
3-PA,770,0,1470,0,0,1470,T
3-PA,771,0,1467,0,0,1467,T
3-PA,772,0,4,1468,0,1472,G
3-PA,773,1466,0,0,0,1466,A
3-PA,774,1468,0,1,0,1469,A
3-PA,775,0,0,0,1472,1472,C
3-PA,776,1,0,0,1470,1471,C
3-PA,777,0,1462,0,0,1462,T
3-PA,778,0,1498,0,1,1499,T
3-PA,779,0,1507,0,0,1507,T
3-PA,780,0,1543,0,0,1543,T
3-PA,781,1,0,0,1548,1549,C
3-PA,782,0,1544,0,0,1544,T
3-PA,783,0,0,1557,0,1557,G
3-PA,784,1550,0,0,0,1550,A
3-PA,785,1572,0,0,0,1572,A
3-PA,786,0,1,1585,0,1586,G
3-PA,787,1571,0,0,0,1571,A
3-PA,788,2,0,0,1584,1586,C
3-PA,789,1573,0,0,0,1573,A
3-PA,790,1582,0,4,0,1586,A
3-PA,791,0,1,0,1798,1799,C
3-PA,792,1801,1,2,0,1804,A
3-PA,793,0,0,0,1801,1801,C
3-PA,794,2,1,0,1789,1792,C
3-PA,795,1790,0,0,0,1790,A
3-PA,796,1795,0,1,1,1797,A
3-PA,797,0,0,1806,0,1806,G
3-PA,798,1798,0,2,0,1800,A
3-PA,799,0,1,0,1796,1797,C
3-PA,800,0,0,0,1715,1715,C
3-PA,801,1718,0,1,0,1719,A
3-PA,802,1721,0,1,0,1722,A
3-PA,803,0,1728,0,0,1728,T
3-PA,804,0,0,0,1732,1732,C
3-PA,805,1725,0,1,0,1726,A
3-PA,806,1727,0,1,0,1728,A
3-PA,807,1729,0,0,0,1729,A
3-PA,808,0,0,0,1758,1758,C
3-PA,809,0,1744,0,4,1748,T
3-PA,810,0,1756,0,0,1756,T
3-PA,811,0,0,0,1759,1759,C
3-PA,812,2,0,0,1771,1773,C
3-PA,813,1,1,1777,1,1780,G
3-PA,814,1782,0,0,0,1782,A
3-PA,815,1779,2,0,0,1781,A
3-PA,816,1,1782,0,0,1783,T
3-PA,817,0,1,1770,1,1772,G
3-PA,818,0,0,1785,0,1785,G
3-PA,819,1794,0,1,0,1795,A
3-PA,820,0,0,0,1809,1809,C
3-PA,821,2,0,0,1806,1808,C
3-PA,822,0,1873,0,1,1874,T
3-PA,823,2,0,0,1931,1933,C
3-PA,824,2,1,0,1940,1943,C
3-PA,825,0,1939,0,1,1940,T
3-PA,826,0,1950,0,0,1950,T
3-PA,827,0,0,2050,0,2050,G
3-PA,828,0,2045,0,1,2046,T
3-PA,829,0,2039,1,2,2042,T
3-PA,830,2043,0,0,0,2043,A
3-PA,831,0,1960,0,28,1988,T
3-PA,832,0,0,0,1990,1990,C
3-PA,833,1968,2,0,0,1970,A
3-PA,834,0,1,1969,0,1970,G
3-PA,835,0,1,1,1963,1965,C
3-PA,836,2,2,1920,0,1924,G
3-PA,837,1,0,1972,1,1974,G
3-PA,838,0,1974,0,2,1976,T
3-PA,839,0,0,0,1977,1977,C
3-PA,840,0,1,1,1976,1978,C
3-PA,841,1987,0,0,0,1987,A
3-PA,842,1992,0,1,0,1993,A
3-PA,843,1993,2,0,0,1995,A
3-PA,844,0,1993,0,1,1994,T
3-PA,845,0,1994,0,1,1995,T
3-PA,846,2,0,0,1990,1992,C
3-PA,847,1,1,1,1984,1987,C
3-PA,848,0,1983,0,0,1983,T
3-PA,849,5,0,0,1992,1997,C
3-PA,850,3,0,0,1998,2001,C
3-PA,851,1,1996,0,0,1997,T
3-PA,852,1,1,1998,0,2000,G
3-PA,853,1998,1,0,0,1999,A
3-PA,854,0,1999,0,2,2001,T
3-PA,855,1,1,1989,0,1991,G
3-PA,856,0,2,1982,0,1984,G
3-PA,857,1972,1,5,0,1978,A
3-PA,858,0,1976,0,0,1976,T
3-PA,859,0,0,1977,0,1977,G
3-PA,860,2,0,0,2057,2059,C
3-PA,861,0,2047,0,1,2048,T
3-PA,862,0,2055,0,1,2056,T
3-PA,863,0,2061,0,0,2061,T
3-PA,864,2055,2,1,0,2058,A
3-PA,865,2062,1,1,0,2064,A
3-PA,866,2068,0,0,0,2068,A
3-PA,867,2072,0,0,0,2072,A
3-PA,868,1,2068,0,0,2069,T
3-PA,869,0,1991,0,0,1991,T
3-PA,870,0,2,1999,1,2002,G
3-PA,871,1994,0,2,0,1996,A
3-PA,872,2,0,2020,0,2022,G
3-PA,873,0,1,0,2019,2020,C
3-PA,874,2023,1,1,0,2025,A
3-PA,875,1,2061,0,1,2063,T
3-PA,876,0,2067,0,0,2067,T
3-PA,877,0,1,2068,0,2069,G
3-PA,878,2068,0,0,0,2068,A
3-PA,879,2057,0,1,0,2058,A
3-PA,880,0,1,2072,0,2073,G
3-PA,881,2058,0,0,0,2058,A
3-PA,882,0,1,0,2063,2064,C
3-PA,883,0,0,0,2061,2061,C
3-PA,884,10,0,0,2036,2046,C
3-PA,885,2038,0,1,0,2039,A
3-PA,886,2053,1,3,0,2057,A
3-PA,887,0,1,2058,0,2059,G
3-PA,888,0,2073,0,0,2073,T
3-PA,889,2,0,0,2065,2067,C
3-PA,890,2069,0,0,0,2069,A
3-PA,891,0,0,0,2069,2069,C
3-PA,892,0,1,2065,1,2067,G
3-PA,893,2096,0,1,0,2097,A
3-PA,894,2089,1,2,0,2092,A
3-PA,895,3,1,2143,1,2148,G
3-PA,896,0,1,2142,0,2143,G
3-PA,897,2137,0,4,0,2141,A
3-PA,898,0,2,2156,0,2158,G
3-PA,899,2152,0,0,0,2152,A
3-PA,900,2153,1,2,0,2156,A
3-PA,901,0,8,2152,0,2160,G
3-PA,902,0,2,2142,0,2144,G
3-PA,903,6,4,2147,1,2158,G
3-PA,904,2096,0,1,0,2097,A
3-PA,905,0,2087,1,14,2102,T
3-PA,906,0,1,0,2113,2114,C
3-PA,907,1,1,0,2270,2272,C
3-PA,908,6,0,0,2291,2297,C
3-PA,909,2319,0,0,0,2319,A
3-PA,910,0,2317,0,0,2317,T
3-PA,911,0,2318,0,0,2318,T
3-PA,912,2374,0,0,0,2374,A
3-PA,913,0,2374,0,1,2375,T
3-PA,914,2369,0,0,0,2369,A
3-PA,915,1,2360,0,0,2361,T
3-PA,916,0,1,2125,0,2126,G
3-PA,917,2126,0,2,0,2128,A
3-PA,918,0,2107,0,2,2109,T
3-PA,919,0,1,2122,0,2123,G
3-PA,920,1,0,0,2098,2099,C
3-PA,921,1,4,2092,0,2097,G
3-PA,922,2101,0,1,1,2103,A
3-PA,923,1,2094,0,0,2095,T
3-PA,924,0,0,0,2102,2102,C
3-PA,925,2096,0,1,0,2097,A
3-PA,926,2074,0,2,2,2078,A
3-PA,927,0,0,2100,1,2101,G
3-PA,928,0,2062,0,2,2064,T
3-PA,929,0,0,2086,0,2086,G
3-PA,930,0,0,0,2084,2084,C
3-PA,931,2071,0,1,0,2072,A
3-PA,932,0,2079,0,0,2079,T
3-PA,933,2076,0,1,0,2077,A
3-PA,934,2100,0,0,0,2100,A
3-PA,935,2097,0,0,0,2097,A
3-PA,936,2086,0,1,0,2087,A
3-PA,937,2088,0,1,1,2090,A
3-PA,938,1,1,0,2089,2091,C
3-PA,939,2078,0,0,0,2078,A
3-PA,940,0,2099,0,1,2100,T
3-PA,941,0,2096,0,1,2097,T
3-PA,942,2,0,0,2105,2107,C
3-PA,943,0,2078,0,1,2079,T
3-PA,944,0,2072,0,1,2073,T
3-PA,945,1,2073,0,0,2074,T
3-PA,946,0,6,2064,0,2070,G
3-PA,947,2,1,2059,0,2062,G
3-PA,948,0,0,2040,0,2040,G
3-PA,949,0,2057,0,0,2057,T
3-PA,950,2,1,2078,0,2081,G
3-PA,951,2,1,2101,0,2104,G
3-PA,952,2106,0,2,0,2108,A
3-PA,953,2105,0,1,0,2106,A
3-PA,954,2110,0,2,0,2112,A
3-PA,955,1,1,2132,0,2134,G
3-PA,956,2121,1,2,0,2124,A
3-PA,957,2318,0,3,0,2321,A
3-PA,958,2,1,0,2358,2361,C
3-PA,959,0,0,1,2374,2375,C
3-PA,960,0,2373,0,0,2373,T
3-PA,961,0,2432,0,0,2432,T
3-PA,962,2442,0,0,0,2442,A
3-PA,963,0,2444,0,1,2445,T
3-PA,964,2431,0,0,0,2431,A
3-PA,965,1,2471,0,2,2474,T
3-PA,966,2319,1,0,0,2320,A
3-PA,967,0,0,2346,0,2346,G
3-PA,968,0,2323,0,1,2324,T
3-PA,969,1,0,0,2316,2317,C
3-PA,970,2287,0,0,0,2287,A
3-PA,971,2296,0,0,0,2296,A
3-PA,972,2293,0,1,1,2295,A
3-PA,973,2,0,0,2294,2296,C
3-PA,974,1,3,0,2268,2272,C
3-PA,975,2250,2,1,0,2253,A
3-PA,976,2,0,1,2271,2274,C
3-PA,977,2282,0,2,0,2284,A
3-PA,978,0,0,0,2294,2294,C
3-PA,979,0,2,2292,0,2294,G
3-PA,980,2288,2,0,0,2290,A
3-PA,981,2288,0,2,2,2292,A
3-PA,982,2277,0,1,0,2278,A
3-PA,983,2285,0,3,1,2289,A
3-PA,984,0,3,2297,0,2300,G
3-PA,985,0,2,2276,0,2278,G
3-PA,986,0,1,2299,0,2300,G
3-PA,987,2293,0,2,0,2295,A
3-PA,988,2295,1,0,0,2296,A
3-PA,989,0,2294,0,1,2295,T
3-PA,990,2292,0,0,0,2292,A
3-PA,991,2296,1,1,0,2298,A
3-PA,992,2301,1,0,0,2302,A
3-PA,993,0,2297,0,1,2298,T
3-PA,994,0,2291,0,0,2291,T
3-PA,995,0,1,0,2302,2303,C
3-PA,996,2305,0,0,0,2305,A
3-PA,997,2310,0,0,0,2310,A
3-PA,998,2317,0,0,0,2317,A
3-PA,999,0,2311,0,1,2312,T
3-PA,1000,0,2318,0,0,2318,T
3-PA,1001,2331,1,0,1,2333,A
3-PA,1002,1,1,0,2330,2332,C
3-PA,1003,1,0,0,2335,2336,C
3-PA,1004,1,2324,0,1,2326,T
3-PA,1005,1,1,2345,0,2347,G
3-PA,1006,1,0,0,2344,2345,C
3-PA,1007,1,2344,1,1,2347,T
3-PA,1008,0,1,2391,0,2392,G
3-PA,1009,0,2387,0,1,2388,T
3-PA,1010,4,0,0,2398,2402,C
3-PA,1011,2401,0,1,0,2402,A
3-PA,1012,0,2400,0,1,2401,T
3-PA,1013,0,2,2397,0,2399,G
3-PA,1014,2,1,2387,0,2390,G
3-PA,1015,2388,0,4,0,2392,A
3-PA,1016,2449,1,5,0,2455,A
3-PA,1017,2,1,2440,1,2444,G
3-PA,1018,0,1,0,2449,2450,C
3-PA,1019,2433,0,0,0,2433,A
3-PA,1020,2439,4,0,0,2443,A
3-PA,1021,0,0,2461,0,2461,G
3-PA,1022,1,2461,0,0,2462,T
3-PA,1023,2453,0,0,0,2453,A
3-PA,1024,5,0,0,2456,2461,C
3-PA,1025,0,2416,1,0,2417,T
3-PA,1026,0,3,2433,0,2436,G
3-PA,1027,0,2417,0,1,2418,T
3-PA,1028,1,0,0,2422,2423,C
3-PA,1029,2417,0,2,1,2420,A
3-PA,1030,0,0,2434,0,2434,G
3-PA,1031,2428,0,0,1,2429,A
3-PA,1032,2434,0,1,0,2435,A
3-PA,1033,1,2459,0,0,2460,T
3-PA,1034,0,2453,0,0,2453,T
3-PA,1035,0,1,2448,0,2449,G
3-PA,1036,0,0,1,2436,2437,C
3-PA,1037,2437,0,2,0,2439,A
3-PA,1038,3,0,2445,0,2448,G
3-PA,1039,2,3,2428,0,2433,G
3-PA,1040,2443,0,2,0,2445,A
3-PA,1041,1,1,0,2461,2463,C
3-PA,1042,2428,0,2,0,2430,A
3-PA,1043,0,2446,0,0,2446,T
3-PA,1044,0,2441,0,4,2445,T
3-PA,1045,0,2,2462,0,2464,G
3-PA,1046,2466,1,5,0,2472,A
3-PA,1047,2472,0,1,0,2473,A
3-PA,1048,2468,0,0,0,2468,A
3-PA,1049,2463,0,0,0,2463,A
3-PA,1050,0,2439,0,0,2439,T
3-PA,1051,0,0,2456,0,2456,G
3-PA,1052,2442,0,3,0,2445,A
3-PA,1053,1,4,2443,0,2448,G
3-PA,1054,0,2,2456,0,2458,G
3-PA,1055,2437,1,1,1,2440,A
3-PA,1056,1,2,2447,0,2450,G
3-PA,1057,2451,0,1,2,2454,A
3-PA,1058,2440,1,2,0,2443,A
3-PA,1059,0,2,2441,0,2443,G
3-PA,1060,1,3,2416,0,2420,G
3-PA,1061,1,2515,0,2,2518,T
3-PA,1062,0,2527,0,0,2527,T
3-PA,1063,0,0,0,2519,2519,C
3-PA,1064,1,0,0,2521,2522,C
3-PA,1065,2518,0,2,0,2520,A
3-PA,1066,2518,0,0,0,2518,A
3-PA,1067,0,3,2527,0,2530,G
3-PA,1068,0,1,2541,0,2542,G
3-PA,1069,2506,0,3,0,2509,A
3-PA,1070,0,0,0,2522,2522,C
3-PA,1071,0,2515,0,3,2518,T
3-PA,1072,2520,1,0,0,2521,A
3-PA,1073,2517,1,0,0,2518,A
3-PA,1074,2515,0,1,2,2518,A
3-PA,1075,2521,0,0,0,2521,A
3-PA,1076,2506,2,2,1,2511,A
3-PA,1077,0,0,0,2496,2496,C
3-PA,1078,2481,0,0,1,2482,A
3-PA,1079,0,2477,0,1,2478,T
3-PA,1080,0,2,2496,0,2498,G
3-PA,1081,2492,1,3,0,2496,A
3-PA,1082,2497,1,2,0,2500,A
3-PA,1083,0,1,2508,0,2509,G
3-PA,1084,2498,0,0,1,2499,A
3-PA,1085,2502,0,2,0,2504,A
3-PA,1086,2491,0,0,1,2492,A
3-PA,1087,2480,1,7,0,2488,A
3-PA,1088,0,1,0,2500,2501,C
3-PA,1089,0,4,2489,0,2493,G
3-PA,1090,2497,0,2,0,2499,A
3-PA,1091,0,0,2508,0,2508,G
3-PA,1092,0,2493,2,0,2495,T
3-PA,1093,4,0,0,2536,2540,C
3-PA,1094,2541,0,1,1,2543,A
3-PA,1095,2584,1,2,0,2587,A
3-PA,1096,0,0,0,2584,2584,C
3-PA,1097,0,2577,0,0,2577,T
3-PA,1098,0,0,2628,0,2628,G
3-PA,1099,2623,0,0,0,2623,A
3-PA,1100,2629,1,6,0,2636,A
3-PA,1101,0,1,2636,0,2637,G
3-PA,1102,1,2564,0,5,2570,T
3-PA,1103,0,2,2569,0,2571,G
3-PA,1104,1,0,2564,0,2565,G
3-PA,1105,0,1,2560,1,2562,G
3-PA,1106,0,0,0,2564,2564,C
3-PA,1107,0,2540,0,4,2544,T
3-PA,1108,3,0,0,2555,2558,C
3-PA,1109,0,2555,0,1,2556,T
3-PA,1110,0,2568,0,0,2568,T
3-PA,1111,0,1,2598,1,2600,G
3-PA,1112,1,0,2613,0,2614,G
3-PA,1113,1,2603,0,1,2605,T
3-PA,1114,1,1,2595,0,2597,G
3-PA,1115,2585,0,0,0,2585,A
3-PA,1116,2597,2,1,0,2600,A
3-PA,1117,2587,0,1,1,2589,A
3-PA,1118,2598,1,1,0,2600,A
3-PA,1119,0,1,0,2599,2600,C
3-PA,1120,2576,0,1,0,2577,A
3-PA,1121,0,2576,0,1,2577,T
3-PA,1122,0,2,2565,1,2568,G
3-PA,1123,2,0,2624,0,2626,G
3-PA,1124,0,3,0,2625,2628,C
3-PA,1125,2646,0,1,0,2647,A
3-PA,1126,0,1,0,2649,2650,C
3-PA,1127,2,0,0,2652,2654,C
3-PA,1128,2696,1,2,0,2699,A
3-PA,1129,0,1,2724,0,2725,G
3-PA,1130,2707,0,1,0,2708,A
3-PA,1131,0,0,2735,0,2735,G
3-PA,1132,2717,0,0,0,2717,A
3-PA,1133,2724,0,1,1,2726,A
3-PA,1134,0,4,2732,0,2736,G
3-PA,1135,1,0,2720,0,2721,G
3-PA,1136,0,2715,0,1,2716,T
3-PA,1137,2683,0,2,0,2685,A
3-PA,1138,1,3,2676,0,2680,G
3-PA,1139,2670,0,2,0,2672,A
3-PA,1140,1,1,0,2679,2681,C
3-PA,1141,0,2651,0,0,2651,T
3-PA,1142,1,2640,0,2,2643,T
3-PA,1143,0,2642,0,0,2642,T
3-PA,1144,0,4,2640,0,2644,G
3-PA,1145,2643,0,4,0,2647,A
3-PA,1146,2652,1,1,1,2655,A
3-PA,1147,2651,1,1,1,2654,A
3-PA,1148,2647,0,0,1,2648,A
3-PA,1149,1,1,0,2700,2702,C
3-PA,1150,3,2684,0,1,2688,T
3-PA,1151,1,1,2722,0,2724,G
3-PA,1152,0,1,0,2721,2722,C
3-PA,1153,2722,0,3,1,2726,A
3-PA,1154,0,0,2722,0,2722,G
3-PA,1155,2705,0,0,0,2705,A
3-PA,1156,0,2,2802,0,2804,G
3-PA,1157,2810,0,1,0,2811,A
3-PA,1158,1,0,0,2793,2794,C
3-PA,1159,2794,1,2,0,2797,A
3-PA,1160,0,2772,0,0,2772,T
3-PA,1161,2774,2,1,0,2777,A
3-PA,1162,2775,0,1,0,2776,A
3-PA,1163,1,0,2774,0,2775,G
3-PA,1164,1,1,0,2770,2772,C
3-PA,1165,1,1,2721,0,2723,G
3-PA,1166,2761,1,0,0,2762,A
3-PA,1167,0,2747,0,1,2748,T
3-PA,1168,0,2743,0,0,2743,T
3-PA,1169,0,2749,0,0,2749,T
3-PA,1170,1,1,2756,1,2759,G
3-PA,1171,2768,1,0,0,2769,A
3-PA,1172,2766,0,3,0,2769,A
3-PA,1173,0,1,2779,0,2780,G
3-PA,1174,1,2,0,2824,2827,C
3-PA,1175,2793,1,0,0,2794,A
3-PA,1176,2930,1,0,0,2931,A
3-PA,1177,0,2931,0,0,2931,T
3-PA,1178,2943,1,3,0,2947,A
3-PA,1179,1,2955,0,0,2956,T
3-PA,1180,1,2,2953,0,2956,G
3-PA,1181,2985,0,2,1,2988,A
3-PA,1182,0,2980,0,0,2980,T
3-PA,1183,2900,0,0,0,2900,A
3-PA,1184,0,2,2908,0,2910,G
3-PA,1185,1,2788,0,1,2790,T
3-PA,1186,0,1,2794,0,2795,G
3-PA,1187,2791,1,3,0,2795,A
3-PA,1188,0,6,1,2761,2768,C
3-PA,1189,0,3,2764,0,2767,G
3-PA,1190,2763,0,0,0,2763,A
3-PA,1191,2761,0,2,0,2763,A
3-PA,1192,0,1,0,2779,2780,C
3-PA,1193,7,0,0,2774,2781,C
3-PA,1194,0,2775,0,4,2779,T
3-PA,1195,1,3,2842,0,2846,G
3-PA,1196,2837,4,1,0,2842,A
3-PA,1197,2849,1,0,0,2850,A
3-PA,1198,1,2844,0,0,2845,T
3-PA,1199,0,2831,0,0,2831,T
3-PA,1200,2828,0,2,0,2830,A
3-PA,1201,2791,0,2,1,2794,A
3-PA,1202,1,1,2801,0,2803,G
3-PA,1203,0,0,2801,0,2801,G
3-PA,1204,1,2748,0,4,2753,T
3-PA,1205,5,0,0,2744,2749,C
3-PA,1206,2745,1,0,1,2747,A
3-PA,1207,0,0,1,2830,2831,C
3-PA,1208,0,2821,0,2,2823,T
3-PA,1209,0,2833,1,2,2836,T
3-PA,1210,0,2836,0,2,2838,T
3-PA,1211,3,1,0,2834,2838,C
3-PA,1212,2836,0,1,0,2837,A
3-PA,1213,2837,0,0,1,2838,A
3-PA,1214,1,0,2869,0,2870,G
3-PA,1215,0,0,0,2872,2872,C
3-PA,1216,0,2817,0,0,2817,T
3-PA,1217,0,3,2889,0,2892,G
3-PA,1218,0,4,2906,1,2911,G
3-PA,1219,2955,0,3,1,2959,A
3-PA,1220,0,2978,0,1,2979,T
3-PA,1221,2974,0,1,1,2976,A
3-PA,1222,0,0,1,2984,2985,C
3-PA,1223,2915,0,4,1,2920,A
3-PA,1224,0,2,2943,0,2945,G
3-PA,1225,2929,0,2,1,2932,A
3-PA,1226,2882,0,1,0,2883,A
3-PA,1227,1,2858,0,0,2859,T
3-PA,1228,1,6,2867,1,2875,G
3-PA,1229,2844,1,2,1,2848,A
3-PA,1230,15,1,2864,0,2880,G
3-PA,1231,1,2861,0,2,2864,T
3-PA,1232,0,2859,0,0,2859,T
3-PA,1233,2,0,0,2876,2878,C
3-PA,1234,2890,1,2,2,2895,A
3-PA,1235,2897,1,3,0,2901,A
3-PA,1236,0,0,0,2897,2897,C
3-PA,1237,2863,3,4,0,2870,A
3-PA,1238,2866,0,1,0,2867,A
3-PA,1239,1,2,2842,0,2845,G
3-PA,1240,0,1,2856,0,2857,G
3-PA,1241,0,0,0,2865,2865,C
3-PA,1242,0,1,0,2841,2842,C
3-PA,1243,2,2824,0,2,2828,T
3-PA,1244,2,0,2849,0,2851,G
3-PA,1245,0,2838,0,1,2839,T
3-PA,1246,1,3,2877,0,2881,G
3-PA,1247,2882,1,2,0,2885,A
3-PA,1248,1,0,2875,0,2876,G
3-PA,1249,0,0,0,2864,2864,C
3-PA,1250,0,2829,0,1,2830,T
3-PA,1251,2880,0,2,0,2882,A
3-PA,1252,2885,0,2,1,2888,A
3-PA,1253,2,0,0,2897,2899,C
3-PA,1254,0,2867,0,0,2867,T
3-PA,1255,0,1,2866,0,2867,G
3-PA,1256,2852,0,3,1,2856,A
3-PA,1257,0,2849,0,0,2849,T
3-PA,1258,0,2851,0,0,2851,T
3-PA,1259,2,1,0,2850,2853,C
3-PA,1260,2912,0,1,1,2914,A
3-PA,1261,0,2,2962,0,2964,G
3-PA,1262,0,2962,0,2,2964,T
3-PA,1263,5,0,0,2961,2966,C
3-PA,1264,2,2947,0,1,2950,T
3-PA,1265,2,3,3094,0,3099,G
3-PA,1266,0,1,3100,0,3101,G
3-PA,1267,3101,1,0,0,3102,A
3-PA,1268,0,3103,0,0,3103,T
3-PA,1269,2973,1,0,1,2975,A
3-PA,1270,0,3,2978,1,2982,G
3-PA,1271,2973,0,3,0,2976,A
3-PA,1272,1,2,2979,0,2982,G
3-PA,1273,0,2,0,2977,2979,C
3-PA,1274,0,2876,0,1,2877,T
3-PA,1275,0,2875,0,0,2875,T
3-PA,1276,0,1,2884,0,2885,G
3-PA,1277,2885,0,2,0,2887,A
3-PA,1278,1,2879,0,2,2882,T
3-PA,1279,0,1,2874,0,2875,G
3-PA,1280,2892,1,0,0,2893,A
3-PA,1281,2884,0,1,1,2886,A
3-PA,1282,2890,1,2,0,2893,A
3-PA,1283,0,2889,0,0,2889,T
3-PA,1284,0,2890,0,0,2890,T
3-PA,1285,0,2,2910,0,2912,G
3-PA,1286,1,3,2907,0,2911,G
3-PA,1287,2899,0,5,2,2906,A
3-PA,1288,1,1,2909,0,2911,G
3-PA,1289,2856,0,4,0,2860,A
3-PA,1290,0,1,2875,0,2876,G
3-PA,1291,1,1,2894,0,2896,G
3-PA,1292,2912,1,6,0,2919,A
3-PA,1293,1,2,0,2922,2925,C
3-PA,1294,1,0,2899,0,2900,G
3-PA,1295,0,2899,0,0,2899,T
3-PA,1296,2905,0,2,0,2907,A
3-PA,1297,1,2,2922,0,2925,G
3-PA,1298,1,0,0,2940,2941,C
3-PA,1299,4,2,1,2896,2903,C
3-PA,1300,6,1,0,2882,2889,C
3-PA,1301,9,1,0,2870,2880,C
3-PA,1302,2891,0,1,1,2893,A
3-PA,1303,2973,0,0,0,2973,A
3-PA,1304,1,2967,1,0,2969,T
3-PA,1305,0,2945,0,0,2945,T
3-PA,1306,1,0,2942,0,2943,G
3-PA,1307,2886,0,4,1,2891,A
3-PA,1308,0,1,2897,1,2899,G
3-PA,1309,0,4,0,2881,2885,C
3-PA,1310,2871,0,0,0,2871,A
3-PA,1311,2,0,0,2930,2932,C
3-PA,1312,2866,0,0,0,2866,A
3-PA,1313,0,2939,0,2,2941,T
3-PA,1314,2,2938,0,1,2941,T
3-PA,1315,0,0,2950,0,2950,G
3-PA,1316,0,0,0,2944,2944,C
3-PA,1317,2936,0,1,0,2937,A
3-PA,1318,2936,1,3,0,2940,A
3-PA,1319,16,0,2911,0,2927,G
3-PA,1320,0,0,0,2887,2887,C
3-PA,1321,2885,0,2,0,2887,A
3-PA,1322,0,2805,1,0,2806,T
3-PA,1323,3,2,2809,0,2814,G
3-PA,1324,2802,0,1,0,2803,A
3-PA,1325,0,2,2810,0,2812,G
3-PA,1326,2807,0,1,0,2808,A
3-PA,1327,2806,1,0,0,2807,A
3-PA,1328,1,4,2791,1,2797,G
3-PA,1329,0,1,2789,0,2790,G
3-PA,1330,2783,0,1,0,2784,A
3-PA,1331,2783,0,1,0,2784,A
3-PA,1332,0,2779,0,0,2779,T
3-PA,1333,0,2781,0,0,2781,T
3-PA,1334,2786,0,0,0,2786,A
3-PA,1335,0,2795,0,0,2795,T
3-PA,1336,1,2793,0,1,2795,T
3-PA,1337,1,2796,1,1,2799,T
3-PA,1338,1,0,0,2792,2793,C
3-PA,1339,2784,0,1,0,2785,A
3-PA,1340,1,3,0,2827,2831,C
3-PA,1341,2809,0,2,1,2812,A
3-PA,1342,0,1,2839,0,2840,G
3-PA,1343,2,0,0,2835,2837,C
3-PA,1344,2807,0,1,0,2808,A
3-PA,1345,0,4,2827,0,2831,G
3-PA,1346,2826,0,0,1,2827,A
3-PA,1347,16,1,2817,0,2834,G
3-PA,1348,0,1,2839,0,2840,G
3-PA,1349,1,2762,0,1,2764,T
3-PA,1350,3,0,2803,0,2806,G
3-PA,1351,0,2789,0,6,2795,T
3-PA,1352,3,0,0,2786,2789,C
3-PA,1353,5,0,0,2798,2803,C
3-PA,1354,8,0,1,2786,2795,C
3-PA,1355,2820,0,0,0,2820,A
3-PA,1356,1,2858,0,2,2861,T
3-PA,1357,0,2827,0,1,2828,T
3-PA,1358,0,0,2829,1,2830,G
3-PA,1359,0,2768,0,2,2770,T
3-PA,1360,2733,0,1,0,2734,A
3-PA,1361,0,1,2732,0,2733,G
3-PA,1362,2660,0,1,1,2662,A
3-PA,1363,1,0,2664,0,2665,G
3-PA,1364,0,0,1,2629,2630,C
3-PA,1365,1,0,0,2576,2577,C
3-PA,1366,2619,1,0,0,2620,A
3-PA,1367,0,0,0,2624,2624,C
3-PA,1368,2,2606,0,1,2609,T
3-PA,1369,0,2,2606,1,2609,G
3-PA,1370,2595,0,0,0,2595,A
3-PA,1371,2537,0,1,1,2539,A
3-PA,1372,1,2607,0,0,2608,T
3-PA,1373,2627,0,2,0,2629,A
3-PA,1374,0,4,0,2654,2658,C
3-PA,1375,2590,1,1,0,2592,A
3-PA,1376,0,2601,0,2,2603,T
3-PA,1377,2584,1,0,1,2586,A
3-PA,1378,2590,0,1,0,2591,A
3-PA,1379,1,2588,0,0,2589,T
3-PA,1380,2,0,2530,0,2532,G
3-PA,1381,2518,0,1,0,2519,A
3-PA,1382,2491,0,0,0,2491,A
3-PA,1383,1,6,2476,1,2484,G
3-PA,1384,0,5,2463,0,2468,G
3-PA,1385,0,4,2477,0,2481,G
3-PA,1386,0,4,2467,1,2472,G
3-PA,1387,1,2,2496,0,2499,G
3-PA,1388,0,2449,0,2,2451,T
3-PA,1389,2464,0,1,0,2465,A
3-PA,1390,0,2480,0,0,2480,T
3-PA,1391,2497,0,3,0,2500,A
3-PA,1392,1,1,0,2693,2695,C
3-PA,1393,2591,0,0,0,2591,A
3-PA,1394,1,2549,0,2,2552,T
3-PA,1395,0,2531,0,0,2531,T
3-PA,1396,2492,1,0,0,2493,A
3-PA,1397,2542,0,1,0,2543,A
3-PA,1398,1,0,0,2539,2540,C
3-PA,1399,2484,0,0,0,2484,A
3-PA,1400,1,0,0,2482,2483,C
3-PA,1401,1,2192,0,2,2195,T
3-PA,1402,1,1,2278,0,2280,G
3-PA,1403,0,0,0,2274,2274,C
3-PA,1404,0,0,0,2274,2274,C
3-PA,1405,2,1,0,2281,2284,C
3-PA,1406,0,2221,0,0,2221,T
3-PA,1407,1,2,2270,0,2273,G
3-PA,1408,0,1,0,2262,2263,C
3-PA,1409,0,2265,0,1,2266,T
3-PA,1410,0,0,1,2316,2317,C
3-PA,1411,2224,2,0,0,2226,A
3-PA,1412,2246,2,1,0,2249,A
3-PA,1413,0,2253,0,0,2253,T
3-PA,1414,0,0,2243,0,2243,G
3-PA,1415,0,0,0,2246,2246,C
3-PA,1416,2196,0,0,0,2196,A
3-PA,1417,0,2200,0,2,2202,T
3-PA,1418,0,0,0,2191,2191,C
3-PA,1419,2,0,0,2214,2216,C
3-PA,1420,1,2123,0,1,2125,T
3-PA,1421,1,1,2170,0,2172,G
3-PA,1422,0,2163,0,3,2166,T
3-PA,1423,0,1,2161,0,2162,G
3-PA,1424,2,1,0,2161,2164,C
3-PA,1425,2123,2,1,0,2126,A
3-PA,1426,1,0,2141,0,2142,G
3-PA,1427,1,0,0,2137,2138,C
3-PA,1428,2109,0,1,0,2110,A
3-PA,1429,2107,1,0,0,2108,A
3-PA,1430,0,2021,0,1,2022,T
3-PA,1431,0,0,2025,0,2025,G
3-PA,1432,0,0,2024,0,2024,G
3-PA,1433,2021,1,0,0,2022,A
3-PA,1434,0,0,0,2023,2023,C
3-PA,1435,0,0,2004,0,2004,G
3-PA,1436,2019,0,2,0,2021,A
3-PA,1437,0,2019,0,0,2019,T
3-PA,1438,0,2015,0,2,2017,T
3-PA,1439,0,2011,0,1,2012,T
3-PA,1440,0,2013,0,0,2013,T
3-PA,1441,0,1,0,2013,2014,C
3-PA,1442,2017,0,1,0,2018,A
3-PA,1443,2021,0,0,0,2021,A
3-PA,1444,0,0,0,2022,2022,C
3-PA,1445,0,1982,0,0,1982,T
3-PA,1446,1985,1,0,0,1986,A
3-PA,1447,1984,0,0,1,1985,A
3-PA,1448,1,1988,0,1,1990,T
3-PA,1449,0,1986,0,2,1988,T
3-PA,1450,0,1,0,1993,1994,C
3-PA,1451,3,1,1,1987,1992,C
3-PA,1452,4,0,1,1988,1993,C
3-PA,1453,1991,0,1,0,1992,A
3-PA,1454,0,2026,0,1,2027,T
3-PA,1455,0,2,2025,0,2027,G
3-PA,1456,2028,2,0,0,2030,A
3-PA,1457,0,2019,0,0,2019,T
3-PA,1458,2014,0,0,0,2014,A
3-PA,1459,2011,1,5,0,2017,A
3-PA,1460,1,1,2014,0,2016,G
3-PA,1461,1,0,0,2007,2008,C
3-PA,1462,1998,0,0,0,1998,A
3-PA,1463,1939,0,2,0,1941,A
3-PA,1464,0,2,1965,0,1967,G
3-PA,1465,0,1948,0,1,1949,T
3-PA,1466,1,1,1950,0,1952,G
3-PA,1467,0,0,0,1947,1947,C
3-PA,1468,1924,0,4,0,1928,A
3-PA,1469,0,0,1959,0,1959,G
3-PA,1470,1953,0,0,0,1953,A
3-PA,1471,1979,0,0,0,1979,A
3-PA,1472,0,0,0,1991,1991,C
3-PA,1473,0,1926,0,0,1926,T
3-PA,1474,1936,0,1,0,1937,A
3-PA,1475,1934,0,3,0,1937,A
3-PA,1476,1932,1,1,0,1934,A
3-PA,1477,0,1,1937,0,1938,G
3-PA,1478,1867,0,0,0,1867,A
3-PA,1479,1,8,1854,0,1863,G
3-PA,1480,0,2,1816,0,1818,G
3-PA,1481,1,1,1810,0,1812,G
3-PA,1482,1795,1,4,0,1800,A
3-PA,1483,1777,0,2,0,1779,A
3-PA,1484,2,1,1776,0,1779,G
3-PA,1485,0,1,1773,0,1774,G
3-PA,1486,0,2,0,1763,1765,C
3-PA,1487,1,0,1764,0,1765,G
3-PA,1488,1754,0,2,0,1756,A
3-PA,1489,1757,0,0,0,1757,A
3-PA,1490,1752,0,1,0,1753,A
3-PA,1491,1754,0,0,0,1754,A
3-PA,1492,1753,0,0,0,1753,A
3-PA,1493,0,0,0,1755,1755,C
3-PA,1494,1,0,0,1745,1746,C
3-PA,1495,1755,0,0,0,1755,A
3-PA,1496,1767,0,0,1,1768,A
3-PA,1497,1,1761,0,0,1762,T
3-PA,1498,0,1770,0,0,1770,T
3-PA,1499,0,1774,0,0,1774,T
3-PA,1500,1775,0,1,0,1776,A
3-PA,1501,0,1776,0,1,1777,T
3-PA,1502,1771,0,2,0,1773,A
3-PA,1503,0,1771,0,0,1771,T
3-PA,1504,0,0,1751,0,1751,G
3-PA,1505,0,0,1728,0,1728,G
3-PA,1506,1722,1,0,0,1723,A
3-PA,1507,0,1718,0,1,1719,T
3-PA,1508,1,1693,0,4,1698,T
3-PA,1509,1,0,0,1686,1687,C
3-PA,1510,1685,2,0,0,1687,A
3-PA,1511,0,1704,0,1,1705,T
3-PA,1512,2,0,0,1707,1709,C
3-PA,1513,1702,0,0,0,1702,A
3-PA,1514,1,1687,1,0,1689,T
3-PA,1515,1672,0,0,0,1672,A
3-PA,1516,1674,0,0,0,1674,A
3-PA,1517,1671,0,1,0,1672,A
3-PA,1518,1,4,1664,0,1669,G
3-PA,1519,0,0,1624,0,1624,G
3-PA,1520,0,0,1613,0,1613,G
3-PA,1521,1601,0,1,0,1602,A
3-PA,1522,1581,0,2,0,1583,A
3-PA,1523,0,1,1583,0,1584,G
3-PA,1524,1571,0,0,0,1571,A
3-PA,1525,0,1574,0,2,1576,T
3-PA,1526,2,1,0,1565,1568,C
3-PA,1527,0,1540,0,2,1542,T
3-PA,1528,0,0,0,1567,1567,C
3-PA,1529,1562,0,1,0,1563,A
3-PA,1530,0,1559,0,0,1559,T
3-PA,1531,0,1563,0,0,1563,T
3-PA,1532,0,1537,0,0,1537,T
3-PA,1533,1529,0,1,0,1530,A
3-PA,1534,1527,1,0,0,1528,A
3-PA,1535,0,1,1528,0,1529,G
3-PA,1536,0,1,1541,0,1542,G
3-PA,1537,1442,0,0,0,1442,A
3-PA,1538,1441,0,1,0,1442,A
3-PA,1539,0,1427,9,2,1438,T
3-PA,1540,0,2,1443,0,1445,G
3-PA,1541,1468,0,2,1,1471,A
3-PA,1542,0,1,0,1469,1470,C
3-PA,1543,1465,0,0,0,1465,A
3-PA,1544,1,0,0,1460,1461,C
3-PA,1545,1404,0,1,0,1405,A
3-PA,1546,0,1,1415,0,1416,G
3-PA,1547,1402,0,1,0,1403,A
3-PA,1548,0,0,0,1389,1389,C
3-PA,1549,1,1,1354,0,1356,G
3-PA,1550,0,1225,0,2,1227,T
3-PA,1551,0,3,1219,0,1222,G
3-PA,1552,0,0,1230,0,1230,G
3-PA,1553,0,1230,0,0,1230,T
3-PA,1554,1227,0,0,0,1227,A
3-PA,1555,1192,0,0,0,1192,A
3-PA,1556,1191,0,0,0,1191,A
3-PA,1557,0,1181,0,1,1182,T
3-PA,1558,0,1164,0,1,1165,T
3-PA,1559,0,1162,0,0,1162,T
3-PA,1560,1,1151,0,1,1153,T
3-PA,1561,0,0,1153,0,1153,G
3-PA,1562,0,1137,0,5,1142,T
3-PA,1563,1,1,1140,0,1142,G
3-PA,1564,1129,0,2,0,1131,A
3-PA,1565,1,0,1132,0,1133,G
3-PA,1566,0,1,0,1128,1129,C
3-PA,1567,1132,0,0,0,1132,A
3-PA,1568,0,1131,0,0,1131,T
3-PA,1569,0,0,1132,0,1132,G
3-PA,1570,0,0,1131,0,1131,G
3-PA,1571,1133,0,0,0,1133,A
3-PA,1572,0,0,1133,0,1133,G
3-PA,1573,0,1113,1,1,1115,T
3-PA,1574,0,1102,0,1,1103,T
3-PA,1575,1,1103,0,0,1104,T
3-PA,1576,0,1099,0,2,1101,T
3-PA,1577,1,1,0,1101,1103,C
3-PA,1578,0,1094,0,5,1099,T
3-PA,1579,2,1,0,1083,1086,C
3-PA,1580,1,1054,0,1,1056,T
3-PA,1581,2,0,1,1046,1049,C
3-PA,1582,1046,0,2,0,1048,A
3-PA,1583,0,0,0,1047,1047,C
3-PA,1584,0,1008,0,0,1008,T
3-PA,1585,0,1,1000,0,1001,G
3-PA,1586,997,0,1,0,998,A
3-PA,1587,0,4,0,995,999,C
3-PA,1588,1,1,0,987,989,C
3-PA,1589,4,0,0,968,972,C
3-PA,1590,1,0,968,0,969,G
3-PA,1591,960,1,0,0,961,A
3-PA,1592,0,1,959,0,960,G
3-PA,1593,958,1,1,0,960,A
3-PA,1594,1,0,0,937,938,C
3-PA,1595,0,914,0,1,915,T
3-PA,1596,0,860,0,1,861,T
3-PA,1597,0,0,862,0,862,G
3-PA,1598,863,0,0,0,863,A
3-PA,1599,0,0,866,0,866,G
3-PA,1600,1,0,0,863,864,C
3-PA,1601,2,1,0,810,813,C
3-PA,1602,807,0,0,0,807,A
3-PA,1603,0,0,0,804,804,C
3-PA,1604,800,3,2,0,805,A
3-PA,1605,0,802,0,1,803,T
3-PA,1606,786,0,0,0,786,A
3-PA,1607,783,0,0,0,783,A
3-PA,1608,772,0,0,0,772,A
3-PA,1609,0,764,0,0,764,T
3-PA,1610,0,2,763,0,765,G
3-PA,1611,0,0,644,0,644,G
3-PA,1612,0,1,635,0,636,G
3-PA,1613,609,0,1,0,610,A
3-PA,1614,0,1,608,0,609,G
3-PA,1615,596,0,0,0,596,A
3-PA,1616,586,0,0,0,586,A
3-PA,1617,582,0,0,0,582,A
3-PA,1618,0,583,0,0,583,T
3-PA,1619,571,0,0,0,571,A
3-PA,1620,0,0,0,570,570,C
3-PA,1621,0,353,0,0,353,T
3-PA,1622,0,0,356,0,356,G
3-PA,1623,1,217,0,0,218,T
3-PA,1624,0,0,221,0,221,G
3-PA,1625,0,203,0,0,203,T
3-PA,1626,0,0,0,141,141,C
3-PA,1627,0,0,0,133,133,C
3-PA,1628,0,127,0,0,127,T
3-PA,1629,0,125,0,0,125,T
3-PA,1630,0,1,126,0,127,G
3-PA,1631,126,0,0,0,126,A
3-PA,1632,0,0,127,0,127,G
3-PA,1633,120,0,0,0,120,A
3-PA,1634,0,120,0,0,120,T
3-PA,1635,116,0,0,0,116,A
3-PA,1636,0,0,117,0,117,G
3-PA,1637,0,0,120,0,120,G
3-PA,1638,117,0,1,0,118,A
3-PA,1639,0,0,118,0,118,G
3-PA,1640,118,0,0,0,118,A
3-PA,1641,0,119,0,0,119,T
3-PA,1642,121,0,0,0,121,A
3-PA,1643,0,120,0,0,120,T
3-PA,1644,0,0,122,0,122,G
3-PA,1645,0,123,0,0,123,T
3-PA,1646,0,123,0,0,123,T
3-PA,1647,123,1,0,0,124,A
3-PA,1648,0,0,0,124,124,C
3-PA,1649,0,123,0,0,123,T
3-PA,1650,125,0,0,0,125,A
3-PA,1651,122,0,0,0,122,A
3-PA,1652,0,0,123,0,123,G
3-PA,1653,120,0,0,0,120,A
3-PA,1654,115,0,1,0,116,A
3-PA,1655,0,0,113,0,113,G
3-PA,1656,0,116,0,0,116,T
3-PA,1657,0,0,115,0,115,G
3-PA,1658,0,0,0,116,116,C
3-PA,1659,1,0,0,115,116,C
3-PA,1660,116,0,0,0,116,A
3-PA,1661,0,116,0,0,116,T
3-PA,1662,116,0,0,0,116,A
3-PA,1663,0,0,116,0,116,G
3-PA,1664,0,0,114,0,114,G
3-PA,1665,0,0,0,113,113,C
3-PA,1666,0,0,0,112,112,C
3-PA,1667,113,0,0,0,113,A
3-PA,1668,113,0,0,0,113,A
3-PA,1669,113,0,0,0,113,A
3-PA,1670,0,114,0,0,114,T
3-PA,1671,0,114,0,0,114,T
3-PA,1672,0,114,0,0,114,T
3-PA,1673,0,0,0,113,113,C
3-PA,1674,110,0,0,0,110,A
3-PA,1675,110,0,0,0,110,A
3-PA,1676,0,1,108,0,109,G
3-PA,1677,0,0,108,0,108,G
3-PA,1678,0,0,0,110,110,C
3-PA,1679,0,0,0,107,107,C
3-PA,1680,0,0,106,0,106,G
3-PA,1681,113,0,0,0,113,A
3-PA,1682,0,114,0,0,114,T
3-PA,1683,0,0,115,0,115,G
3-PA,1684,0,114,0,0,114,T
3-PA,1685,0,115,0,0,115,T
3-PA,1686,0,0,0,117,117,C
3-PA,1687,0,118,0,0,118,T
3-PA,1688,0,118,0,0,118,T
3-PA,1689,0,0,118,0,118,G
3-PA,1690,0,118,0,0,118,T
3-PA,1691,118,0,0,0,118,A
3-PA,1692,0,112,0,0,112,T
3-PA,1693,0,0,111,0,111,G
3-PA,1694,0,109,0,0,109,T
3-PA,1695,0,1,108,0,109,G
3-PA,1696,109,0,0,0,109,A
3-PA,1697,0,0,108,0,108,G
3-PA,1698,0,0,110,0,110,G
3-PA,1699,109,0,0,0,109,A
3-PA,1700,0,0,0,111,111,C
3-PA,1701,110,0,0,0,110,A
3-PA,1702,110,0,0,0,110,A
3-PA,1703,109,0,0,0,109,A
3-PA,1704,0,0,0,110,110,C
3-PA,1705,0,0,110,0,110,G
3-PA,1706,0,0,111,0,111,G
3-PA,1707,110,0,0,0,110,A
3-PA,1708,110,0,0,0,110,A
3-PA,1709,0,0,0,110,110,C
3-PA,1710,110,0,0,0,110,A
3-PA,1711,0,110,0,0,110,T
3-PA,1712,0,0,0,110,110,C
3-PA,1713,110,0,0,0,110,A
3-PA,1714,110,0,0,0,110,A
3-PA,1715,107,0,0,0,107,A
3-PA,1716,0,0,106,0,106,G
3-PA,1717,0,0,106,0,106,G
3-PA,1718,0,104,0,0,104,T
3-PA,1719,0,0,0,104,104,C
3-PA,1720,105,0,0,0,105,A
3-PA,1721,107,0,0,0,107,A
3-PA,1722,106,0,0,0,106,A
3-PA,1723,108,0,0,0,108,A
3-PA,1724,0,109,0,0,109,T
3-PA,1725,0,0,109,0,109,G
3-PA,1726,107,0,0,0,107,A
3-PA,1727,108,0,0,0,108,A
3-PA,1728,107,0,0,0,107,A
3-PA,1729,0,108,0,0,108,T
3-PA,1730,0,1,109,0,110,G
3-PA,1731,0,0,109,0,109,G
3-PA,1732,0,0,109,0,109,G
3-PA,1733,0,0,110,0,110,G
3-PA,1734,110,0,0,0,110,A
3-PA,1735,110,0,0,0,110,A
3-PA,1736,0,110,0,0,110,T
3-PA,1737,0,0,110,0,110,G
3-PA,1738,0,0,111,0,111,G
3-PA,1739,111,0,0,0,111,A
3-PA,1740,0,0,110,0,110,G
3-PA,1741,109,0,0,0,109,A
3-PA,1742,0,109,0,0,109,T
3-PA,1743,0,0,110,0,110,G
3-PA,1744,109,0,0,0,109,A
3-PA,1745,0,0,110,0,110,G
3-PA,1746,109,0,0,0,109,A
3-PA,1747,0,0,0,106,106,C
3-PA,1748,0,0,105,0,105,G
3-PA,1749,0,105,0,0,105,T
3-PA,1750,0,104,0,0,104,T
3-PA,1751,0,0,104,0,104,G
3-PA,1752,0,0,0,103,103,C
3-PA,1753,0,0,0,105,105,C
3-PA,1754,0,103,0,0,103,T
3-PA,1755,0,0,0,107,107,C
3-PA,1756,0,0,0,108,108,C
3-PA,1757,0,109,0,0,109,T
3-PA,1758,0,109,0,0,109,T
3-PA,1759,0,0,0,109,109,C
3-PA,1760,108,0,1,0,109,A
3-PA,1761,0,0,109,0,109,G
3-PA,1762,0,109,0,0,109,T
3-PA,1763,0,0,0,111,111,C
3-PA,1764,111,0,0,0,111,A
3-PA,1765,0,0,0,114,114,C
3-PA,1766,0,116,0,0,116,T
3-PA,1767,0,0,0,117,117,C
3-PA,1768,0,0,0,116,116,C
3-PA,1769,117,0,0,0,117,A
3-PA,1770,0,0,117,0,117,G
3-PA,1771,0,0,0,116,116,C
3-PA,1772,114,0,0,0,114,A
3-PA,1773,0,0,116,0,116,G
3-PA,1774,115,0,0,0,115,A
3-PA,1775,0,116,0,0,116,T
3-PA,1776,1,0,0,113,114,C
3-PA,1777,0,0,115,0,115,G
3-PA,1778,114,0,0,0,114,A
3-PA,1779,0,0,114,0,114,G
3-PA,1780,113,0,0,0,113,A
3-PA,1781,0,0,115,0,115,G
3-PA,1782,0,0,0,113,113,C
3-PA,1783,113,0,0,0,113,A
3-PA,1784,0,113,0,0,113,T
3-PA,1785,0,0,117,0,117,G
3-PA,1786,118,0,0,0,118,A
3-PA,1787,0,118,0,0,118,T
3-PA,1788,0,119,0,0,119,T
3-PA,1789,0,0,119,0,119,G
3-PA,1790,119,0,0,0,119,A
3-PA,1791,118,0,0,0,118,A
3-PA,1792,0,0,119,0,119,G
3-PA,1793,0,0,0,119,119,C
3-PA,1794,0,0,0,121,121,C
3-PA,1795,0,0,121,0,121,G
3-PA,1796,121,0,0,0,121,A
3-PA,1797,0,0,122,0,122,G
3-PA,1798,0,119,0,0,119,T
3-PA,1799,0,0,0,121,121,C
3-PA,1800,0,0,0,122,122,C
3-PA,1801,0,123,0,0,123,T
3-PA,1802,0,0,0,124,124,C
3-PA,1803,0,0,123,0,123,G
3-PA,1804,0,0,127,0,127,G
3-PA,1805,0,126,0,1,127,T
3-PA,1806,0,123,0,0,123,T
3-PA,1807,124,0,0,0,124,A
3-PA,1808,123,0,0,0,123,A
3-PA,1809,121,0,0,0,121,A
3-PA,1810,0,0,125,0,125,G
3-PA,1811,123,0,0,0,123,A
3-PA,1812,0,0,125,0,125,G
3-PA,1813,123,0,0,0,123,A
3-PA,1814,123,0,0,0,123,A
3-PA,1815,123,0,0,0,123,A
3-PA,1816,0,1,124,0,125,G
3-PA,1817,125,0,0,0,125,A
3-PA,1818,0,0,0,125,125,C
3-PA,1819,125,0,0,0,125,A
3-PA,1820,0,125,0,0,125,T
3-PA,1821,0,0,126,0,126,G
3-PA,1822,126,0,0,0,126,A
3-PA,1823,0,0,0,126,126,C
3-PA,1824,1,0,0,125,126,C
3-PA,1825,127,0,0,0,127,A
3-PA,1826,125,0,0,0,125,A
3-PA,1827,127,0,0,0,127,A
3-PA,1828,0,0,127,0,127,G
3-PA,1829,126,0,0,0,126,A
3-PA,1830,0,0,126,0,126,G
3-PA,1831,0,125,0,0,125,T
3-PA,1832,0,122,0,0,122,T
3-PA,1833,0,124,0,0,124,T
3-PA,1834,0,124,0,0,124,T
3-PA,1835,0,123,0,0,123,T
3-PA,1836,0,122,0,0,122,T
3-PA,1837,0,0,125,0,125,G
3-PA,1838,121,2,0,0,123,A
3-PA,1839,0,1,123,0,124,G
3-PA,1840,123,0,0,0,123,A
3-PA,1841,124,0,0,0,124,A
3-PA,1842,0,124,0,0,124,T
3-PA,1843,124,0,0,0,124,A
3-PA,1844,124,0,0,0,124,A
3-PA,1845,0,0,123,0,123,G
3-PA,1846,0,124,0,0,124,T
3-PA,1847,0,0,0,125,125,C
3-PA,1848,125,0,0,0,125,A
3-PA,1849,0,0,125,0,125,G
3-PA,1850,125,0,0,0,125,A
3-PA,1851,124,0,1,0,125,A
3-PA,1852,0,0,125,0,125,G
3-PA,1853,0,0,0,121,121,C
3-PA,1854,117,0,0,0,117,A
3-PA,1855,0,117,0,0,117,T
3-PA,1856,0,0,117,0,117,G
3-PA,1857,0,0,115,0,115,G
3-PA,1858,0,0,0,116,116,C
3-PA,1859,1,0,0,119,120,C
3-PA,1860,0,0,0,119,119,C
3-PA,1861,119,0,0,0,119,A
3-PA,1862,0,120,0,0,120,T
3-PA,1863,0,120,0,0,120,T
3-PA,1864,0,0,120,0,120,G
3-PA,1865,0,1,117,0,118,G
3-PA,1866,0,0,117,0,117,G
3-PA,1867,0,0,117,0,117,G
3-PA,1868,113,0,0,0,113,A
3-PA,1869,0,0,112,0,112,G
3-PA,1870,0,109,0,0,109,T
3-PA,1871,0,0,0,114,114,C
3-PA,1872,0,0,0,118,118,C
3-PA,1873,0,0,0,117,117,C
3-PA,1874,0,0,0,118,118,C
3-PA,1875,0,0,0,117,117,C
3-PA,1876,118,0,0,0,118,A
3-PA,1877,117,0,0,0,117,A
3-PA,1878,0,0,118,0,118,G
3-PA,1879,0,0,114,0,114,G
3-PA,1880,0,0,114,0,114,G
3-PA,1881,100,0,0,0,100,A
3-PA,1882,0,0,100,0,100,G
3-PA,1883,0,100,0,0,100,T
3-PA,1884,1,0,99,0,100,G
3-PA,1885,0,0,99,0,99,G
3-PA,1886,100,0,0,0,100,A
3-PA,1887,98,0,0,0,98,A
3-PA,1888,0,0,98,0,98,G
3-PA,1889,94,0,0,0,94,A
3-PA,1890,96,0,0,0,96,A
3-PA,1891,0,0,95,0,95,G
3-PA,1892,0,0,95,0,95,G
3-PA,1893,0,93,0,0,93,T
3-PA,1894,0,93,0,1,94,T
3-PA,1895,0,0,0,94,94,C
3-PA,1896,0,0,0,94,94,C
3-PA,1897,96,0,0,0,96,A
3-PA,1898,0,95,0,0,95,T
3-PA,1899,0,95,0,0,95,T
3-PA,1900,0,0,95,0,95,G
3-PA,1901,0,0,95,0,95,G
3-PA,1902,0,0,95,0,95,G
3-PA,1903,94,0,0,0,94,A
3-PA,1904,94,0,0,0,94,A
3-PA,1905,94,0,0,0,94,A
3-PA,1906,0,0,94,0,94,G
3-PA,1907,0,93,0,0,93,T
3-PA,1908,0,0,0,95,95,C
3-PA,1909,0,93,0,0,93,T
3-PA,1910,0,0,94,0,94,G
3-PA,1911,0,93,0,1,94,T
3-PA,1912,93,0,0,0,93,A
3-PA,1913,0,0,95,0,95,G
3-PA,1914,0,1,93,0,94,G
3-PA,1915,91,0,0,0,91,A
3-PA,1916,0,0,0,91,91,C
3-PA,1917,1,86,0,0,87,T
3-PA,1918,0,0,0,89,89,C
3-PA,1919,0,90,0,0,90,T
3-PA,1920,88,0,2,0,90,A
3-PA,1921,0,89,0,0,89,T
3-PA,1922,0,89,0,0,89,T
3-PA,1923,0,0,90,0,90,G
3-PA,1924,0,0,91,0,91,G
3-PA,1925,0,0,0,90,90,C
3-PA,1926,0,91,0,0,91,T
3-PA,1927,82,0,0,0,82,A
3-PA,1928,82,0,0,0,82,A
3-PA,1929,0,0,82,0,82,G
3-PA,1930,0,81,0,0,81,T
3-PA,1931,0,0,0,80,80,C
3-PA,1932,80,0,0,0,80,A
3-PA,1933,0,0,83,0,83,G
3-PA,1934,0,82,0,0,82,T
3-PA,1935,87,0,1,0,88,A
3-PA,1936,0,90,0,0,90,T
3-PA,1937,0,90,0,0,90,T
3-PA,1938,0,0,0,88,88,C
3-PA,1939,87,0,0,0,87,A
3-PA,1940,87,0,0,0,87,A
3-PA,1941,0,87,0,0,87,T
3-PA,1942,84,0,0,0,84,A
3-PA,1943,0,0,85,0,85,G
3-PA,1944,0,2,0,84,86,C
3-PA,1945,0,0,0,87,87,C
3-PA,1946,0,86,0,0,86,T
3-PA,1947,0,0,92,0,92,G
3-PA,1948,0,92,0,0,92,T
3-PA,1949,92,0,0,0,92,A
3-PA,1950,0,93,0,0,93,T
3-PA,1951,0,0,92,0,92,G
3-PA,1952,0,0,0,92,92,C
3-PA,1953,90,0,0,0,90,A
3-PA,1954,0,91,0,0,91,T
3-PA,1955,0,0,0,91,91,C
3-PA,1956,89,0,0,0,89,A
3-PA,1957,0,0,0,88,88,C
3-PA,1958,1,0,0,88,89,C
3-PA,1959,88,0,0,0,88,A
3-PA,1960,0,0,0,89,89,C
3-PA,1961,86,0,0,0,86,A
3-PA,1962,87,0,0,0,87,A
3-PA,1963,0,87,0,0,87,T
3-PA,1964,0,86,0,1,87,T
3-PA,1965,0,0,87,0,87,G
3-PA,1966,0,0,87,0,87,G
3-PA,1967,86,0,0,0,86,A
3-PA,1968,86,0,0,0,86,A
3-PA,1969,0,0,86,0,86,G
3-PA,1970,0,1,85,0,86,G
3-PA,1971,86,0,0,0,86,A
3-PA,1972,0,85,0,0,85,T
3-PA,1973,0,85,0,0,85,T
3-PA,1974,0,85,0,1,86,T
3-PA,1975,0,85,0,0,85,T
3-PA,1976,0,0,0,86,86,C
3-PA,1977,86,0,0,0,86,A
3-PA,1978,0,0,86,0,86,G
3-PA,1979,0,0,0,86,86,C
3-PA,1980,0,0,86,0,86,G
3-PA,1981,0,0,86,0,86,G
3-PA,1982,86,0,0,0,86,A
3-PA,1983,0,0,87,0,87,G
3-PA,1984,0,87,0,0,87,T
3-PA,1985,0,0,0,88,88,C
3-PA,1986,88,0,1,0,89,A
3-PA,1987,89,0,0,0,89,A
3-PA,1988,0,0,89,0,89,G
3-PA,1989,88,0,0,0,88,A
3-PA,1990,88,0,0,0,88,A
3-PA,1991,88,0,0,0,88,A
3-PA,1992,82,0,0,0,82,A
3-PA,1993,0,0,0,84,84,C
3-PA,1994,0,83,0,0,83,T
3-PA,1995,0,0,83,0,83,G
3-PA,1996,0,0,0,83,83,C
3-PA,1997,0,83,0,0,83,T
3-PA,1998,0,0,0,83,83,C
3-PA,1999,0,0,0,82,82,C
3-PA,2000,0,80,0,0,80,T
3-PA,2001,0,80,0,0,80,T
3-PA,2002,0,0,80,0,80,G
3-PA,2003,0,80,0,0,80,T
3-PA,2004,0,80,0,0,80,T
3-PA,2005,0,0,80,0,80,G
3-PA,2006,0,79,0,0,79,T
3-PA,2007,0,79,0,0,79,T
3-PA,2008,1,0,0,77,78,C
3-PA,2009,78,0,0,0,78,A
3-PA,2010,0,0,78,0,78,G
3-PA,2011,0,0,78,0,78,G
3-PA,2012,0,0,0,78,78,C
3-PA,2013,0,78,0,0,78,T
3-PA,2014,0,0,0,80,80,C
3-PA,2015,0,80,0,0,80,T
3-PA,2016,0,80,0,0,80,T
3-PA,2017,79,0,0,0,79,A
3-PA,2018,0,0,79,0,79,G
3-PA,2019,0,0,78,0,78,G
3-PA,2020,0,0,78,0,78,G
3-PA,2021,77,0,0,0,77,A
3-PA,2022,0,0,0,77,77,C
3-PA,2023,70,0,0,0,70,A
3-PA,2024,70,0,0,0,70,A
3-PA,2025,0,0,0,71,71,C
3-PA,2026,0,0,0,71,71,C
3-PA,2027,0,71,0,0,71,T
3-PA,2028,0,0,0,70,70,C
3-PA,2029,0,0,71,0,71,G
3-PA,2030,71,0,0,0,71,A
3-PA,2031,71,0,0,0,71,A
3-PA,2032,0,0,0,71,71,C
3-PA,2033,0,0,0,69,69,C
3-PA,2034,0,68,0,0,68,T
3-PA,2035,0,0,67,0,67,G
3-PA,2036,0,0,67,0,67,G
3-PA,2037,0,0,68,0,68,G
3-PA,2038,68,0,0,0,68,A
3-PA,2039,0,0,0,66,66,C
3-PA,2040,0,0,0,66,66,C
3-PA,2041,0,61,0,0,61,T
3-PA,2042,0,61,0,1,62,T
3-PA,2043,0,62,0,0,62,T
3-PA,2044,0,0,63,0,63,G
3-PA,2045,64,0,0,0,64,A
3-PA,2046,0,64,0,0,64,T
3-PA,2047,0,0,0,64,64,C
3-PA,2048,0,64,0,0,64,T
3-PA,2049,0,64,0,0,64,T
3-PA,2050,0,0,64,0,64,G
3-PA,2051,0,0,64,0,64,G
3-PA,2052,0,0,63,0,63,G
3-PA,2053,0,0,62,0,62,G
3-PA,2054,0,0,61,0,61,G
3-PA,2055,0,0,61,0,61,G
3-PA,2056,0,0,0,61,61,C
3-PA,2057,0,60,0,0,60,T
3-PA,2058,61,0,0,0,61,A
3-PA,2059,0,61,0,0,61,T
3-PA,2060,61,0,0,0,61,A
3-PA,2061,0,60,0,0,60,T
3-PA,2062,0,0,54,0,54,G
3-PA,2063,53,0,0,0,53,A
3-PA,2064,51,0,0,0,51,A
3-PA,2065,0,0,50,0,50,G
3-PA,2066,0,0,0,52,52,C
3-PA,2067,45,0,0,0,45,A
3-PA,2068,47,0,0,0,47,A
3-PA,2069,0,47,0,0,47,T
3-PA,2070,0,47,0,0,47,T
3-PA,2071,0,0,47,0,47,G
3-PA,2072,45,1,0,0,46,A
3-PA,2073,0,0,46,0,46,G
3-PA,2074,0,0,46,0,46,G
3-PA,2075,43,0,0,0,43,A
3-PA,2076,0,0,43,0,43,G
3-PA,2077,0,41,0,0,41,T
3-PA,2078,0,0,41,0,41,G
3-PA,2079,0,0,0,40,40,C
3-PA,2080,0,0,0,40,40,C
3-PA,2081,0,40,0,0,40,T
3-PA,2082,0,0,39,0,39,G
3-PA,2083,39,0,0,0,39,A
3-PA,2084,0,39,0,0,39,T
3-PA,2085,0,38,0,0,38,T
3-PA,2086,38,0,0,0,38,A
3-PA,2087,39,0,0,0,39,A
3-PA,2088,0,39,0,0,39,T
3-PA,2089,0,0,39,0,39,G
3-PA,2090,39,0,0,0,39,A
3-PA,2091,0,38,0,0,38,T
3-PA,2092,0,0,0,38,38,C
3-PA,2093,1,0,0,37,38,C
3-PA,2094,0,0,0,38,38,C
3-PA,2095,0,38,0,0,38,T
3-PA,2096,0,0,38,0,38,G
3-PA,2097,0,0,38,0,38,G
3-PA,2098,0,0,38,0,38,G
3-PA,2099,0,37,0,0,37,T
3-PA,2100,0,35,0,0,35,T
3-PA,2101,0,34,0,0,34,T
3-PA,2102,0,34,0,0,34,T
3-PA,2103,0,0,34,0,34,G
3-PA,2104,0,0,0,34,34,C
3-PA,2105,0,33,0,0,33,T
3-PA,2106,0,0,0,34,34,C
3-PA,2107,33,0,0,0,33,A
3-PA,2108,33,0,0,0,33,A
3-PA,2109,0,33,0,0,33,T
3-PA,2110,0,0,33,0,33,G
3-PA,2111,0,0,0,33,33,C
3-PA,2112,0,0,32,0,32,G
3-PA,2113,0,32,0,0,32,T
3-PA,2114,0,0,0,32,32,C
3-PA,2115,0,32,0,0,32,T
3-PA,2116,0,32,0,0,32,T
3-PA,2117,0,0,31,0,31,G
3-PA,2118,0,0,30,0,30,G
3-PA,2119,0,30,0,0,30,T
3-PA,2120,0,30,0,0,30,T
3-PA,2121,0,0,0,30,30,C
3-PA,2122,29,0,0,0,29,A
3-PA,2123,29,0,0,0,29,A
3-PA,2124,0,0,0,29,29,C
3-PA,2125,0,29,0,0,29,T
3-PA,2126,0,0,0,29,29,C
3-PA,2127,0,0,0,27,27,C
3-PA,2128,0,27,0,0,27,T
3-PA,2129,0,27,0,0,27,T
3-PA,2130,0,0,0,27,27,C
3-PA,2131,0,0,0,27,27,C
3-PA,2132,0,26,0,0,26,T
3-PA,2133,0,0,26,0,26,G
3-PA,2134,26,0,0,0,26,A
3-PA,2135,0,0,0,26,26,C
3-PA,2136,26,0,0,0,26,A
3-PA,2137,0,0,0,22,22,C
3-PA,2138,21,0,0,0,21,A
3-PA,2139,0,21,0,0,21,T
3-PA,2140,0,0,21,0,21,G
3-PA,2141,0,0,0,21,21,C
3-PA,2142,21,0,0,0,21,A
3-PA,2143,0,21,0,0,21,T
3-PA,2144,0,20,0,0,20,T
3-PA,2145,20,0,0,0,20,A
3-PA,2146,20,0,0,0,20,A
3-PA,2147,20,0,0,0,20,A
3-PA,2148,20,0,0,0,20,A
3-PA,2149,0,19,0,0,19,T
3-PA,2150,12,0,0,0,12,A
3-PA,2151,0,0,12,0,12,G
4-HA,1,308,0,0,0,308,A
4-HA,2,0,310,0,0,310,T
4-HA,3,0,0,313,0,313,G
4-HA,4,313,0,0,0,313,A
4-HA,5,317,0,0,0,317,A
4-HA,6,0,0,351,0,351,G
4-HA,7,349,0,1,0,350,A
4-HA,8,0,0,0,374,374,C
4-HA,9,0,374,0,0,374,T
4-HA,10,387,0,1,1,389,A
4-HA,11,0,408,0,0,408,T
4-HA,12,0,0,0,412,412,C
4-HA,13,411,0,0,0,411,A
4-HA,14,0,413,0,0,413,T
4-HA,15,0,413,0,0,413,T
4-HA,16,0,1,450,0,451,G
4-HA,17,0,0,0,453,453,C
4-HA,18,0,454,0,0,454,T
4-HA,19,0,451,0,0,451,T
4-HA,20,0,454,0,0,454,T
4-HA,21,0,0,482,0,482,G
4-HA,22,485,0,0,0,485,A
4-HA,23,0,0,501,0,501,G
4-HA,24,0,0,0,502,502,C
4-HA,25,0,501,0,0,501,T
4-HA,26,548,0,0,0,548,A
4-HA,27,0,0,0,557,557,C
4-HA,28,572,0,0,0,572,A
4-HA,29,0,606,0,0,606,T
4-HA,30,0,602,0,0,602,T
4-HA,31,1,0,0,605,606,C
4-HA,32,0,607,0,0,607,T
4-HA,33,613,0,0,0,613,A
4-HA,34,0,614,0,0,614,T
4-HA,35,0,0,619,0,619,G
4-HA,36,0,617,0,2,619,T
4-HA,37,0,0,1,617,618,C
4-HA,38,0,616,0,0,616,T
4-HA,39,0,0,615,0,615,G
4-HA,40,0,0,618,0,618,G
4-HA,41,0,616,0,0,616,T
4-HA,42,0,617,0,1,618,T
4-HA,43,0,622,0,0,622,T
4-HA,44,0,622,0,0,622,T
4-HA,45,1,0,0,621,622,C
4-HA,46,0,0,621,0,621,G
4-HA,47,1,3,0,627,631,C
4-HA,48,0,626,0,1,627,T
4-HA,49,0,0,0,630,630,C
4-HA,50,629,0,0,0,629,A
4-HA,51,632,0,0,0,632,A
4-HA,52,634,0,0,0,634,A
4-HA,53,635,0,0,0,635,A
4-HA,54,633,0,0,0,633,A
4-HA,55,1,0,0,634,635,C
4-HA,56,0,636,0,0,636,T
4-HA,57,0,638,0,0,638,T
4-HA,58,1,0,0,635,636,C
4-HA,59,0,0,0,637,637,C
4-HA,60,1,638,0,0,639,T
4-HA,61,0,0,648,0,648,G
4-HA,62,0,1,648,0,649,G
4-HA,63,649,0,0,0,649,A
4-HA,64,666,0,0,0,666,A
4-HA,65,665,0,0,0,665,A
4-HA,66,0,671,0,0,671,T
4-HA,67,0,0,677,0,677,G
4-HA,68,677,0,0,0,677,A
4-HA,69,0,0,0,691,691,C
4-HA,70,688,0,0,0,688,A
4-HA,71,688,0,0,0,688,A
4-HA,72,0,0,0,705,705,C
4-HA,73,701,0,1,0,702,A
4-HA,74,0,0,706,0,706,G
4-HA,75,0,0,0,704,704,C
4-HA,76,704,0,0,0,704,A
4-HA,77,0,0,0,735,735,C
4-HA,78,0,3,731,0,734,G
4-HA,79,0,0,747,0,747,G
4-HA,80,0,0,0,749,749,C
4-HA,81,742,0,1,0,743,A
4-HA,82,758,0,1,0,759,A
4-HA,83,0,2,0,761,763,C
4-HA,84,0,1,770,0,771,G
4-HA,85,0,0,0,774,774,C
4-HA,86,0,763,0,2,765,T
4-HA,87,0,1,782,0,783,G
4-HA,88,0,781,0,0,781,T
4-HA,89,1,0,812,0,813,G
4-HA,90,0,0,0,826,826,C
4-HA,91,0,0,0,840,840,C
4-HA,92,1,836,0,0,837,T
4-HA,93,0,829,0,0,829,T
4-HA,94,0,1,830,0,831,G
4-HA,95,1,4,829,0,834,G
4-HA,96,0,0,851,0,851,G
4-HA,97,0,0,0,856,856,C
4-HA,98,850,0,0,0,850,A
4-HA,99,0,1,0,853,854,C
4-HA,100,0,0,0,849,849,C
4-HA,101,946,0,1,0,947,A
4-HA,102,0,950,0,0,950,T
4-HA,103,0,1,955,0,956,G
4-HA,104,0,0,0,957,957,C
4-HA,105,948,0,0,0,948,A
4-HA,106,0,0,1002,0,1002,G
4-HA,107,0,1002,0,1,1003,T
4-HA,108,1000,0,0,0,1000,A
4-HA,109,1,0,0,997,998,C
4-HA,110,1,0,0,976,977,C
4-HA,111,979,0,1,0,980,A
4-HA,112,976,0,0,0,976,A
4-HA,113,976,0,1,0,977,A
4-HA,114,0,0,0,986,986,C
4-HA,115,0,2,962,0,964,G
4-HA,116,0,0,1006,0,1006,G
4-HA,117,1006,1,1,0,1008,A
4-HA,118,1004,0,5,0,1009,A
4-HA,119,7,0,0,1001,1008,C
4-HA,120,1004,0,0,1,1005,A
4-HA,121,1026,1,0,0,1027,A
4-HA,122,0,1030,0,0,1030,T
4-HA,123,1043,0,0,0,1043,A
4-HA,124,0,0,1046,0,1046,G
4-HA,125,0,1035,0,0,1035,T
4-HA,126,0,0,1032,0,1032,G
4-HA,127,1033,0,2,0,1035,A
4-HA,128,1033,1,0,0,1034,A
4-HA,129,1033,0,0,0,1033,A
4-HA,130,1034,0,0,0,1034,A
4-HA,131,0,1,0,1042,1043,C
4-HA,132,1041,0,1,0,1042,A
4-HA,133,1046,0,1,0,1047,A
4-HA,134,0,1042,0,4,1046,T
4-HA,135,0,1,1,1046,1048,C
4-HA,136,1049,0,1,0,1050,A
4-HA,137,0,0,0,1050,1050,C
4-HA,138,0,1,1049,0,1050,G
4-HA,139,1050,0,0,0,1050,A
4-HA,140,1049,0,0,0,1049,A
4-HA,141,0,1051,0,0,1051,T
4-HA,142,1,3,1046,0,1050,G
4-HA,143,1057,0,2,0,1059,A
4-HA,144,2,0,0,1058,1060,C
4-HA,145,1,0,0,1054,1055,C
4-HA,146,1072,0,0,0,1072,A
4-HA,147,1076,0,0,0,1076,A
4-HA,148,1079,0,0,0,1079,A
4-HA,149,0,1080,0,0,1080,T
4-HA,150,1,1078,0,0,1079,T
4-HA,151,0,1,1079,0,1080,G
4-HA,152,1073,0,0,1,1074,A
4-HA,153,1066,0,5,0,1071,A
4-HA,154,0,0,1079,0,1079,G
4-HA,155,0,1085,0,0,1085,T
4-HA,156,0,1106,0,0,1106,T
4-HA,157,1118,0,0,0,1118,A
4-HA,158,1,0,0,1125,1126,C
4-HA,159,0,1132,0,0,1132,T
4-HA,160,1132,0,0,0,1132,A
4-HA,161,1160,0,0,0,1160,A
4-HA,162,0,1156,0,2,1158,T
4-HA,163,0,1,1160,0,1161,G
4-HA,164,0,1,0,1203,1204,C
4-HA,165,0,1199,0,0,1199,T
4-HA,166,1199,0,0,0,1199,A
4-HA,167,0,0,0,1200,1200,C
4-HA,168,0,1194,0,1,1195,T
4-HA,169,0,4,1198,0,1202,G
4-HA,170,1201,1,0,0,1202,A
4-HA,171,0,0,1201,0,1201,G
4-HA,172,0,0,0,1197,1197,C
4-HA,173,0,1173,0,0,1173,T
4-HA,174,0,2,1201,0,1203,G
4-HA,175,0,0,1240,0,1240,G
4-HA,176,0,1241,0,0,1241,T
4-HA,177,1,1241,0,0,1242,T
4-HA,178,2,0,0,1234,1236,C
4-HA,179,1236,0,0,0,1236,A
4-HA,180,0,1,1239,0,1240,G
4-HA,181,1236,0,0,0,1236,A
4-HA,182,1,0,1259,0,1260,G
4-HA,183,0,1246,0,0,1246,T
4-HA,184,0,1235,0,0,1235,T
4-HA,185,1,1,0,1234,1236,C
4-HA,186,1,0,0,1240,1241,C
4-HA,187,0,1239,0,0,1239,T
4-HA,188,2,0,0,1241,1243,C
4-HA,189,1242,0,0,0,1242,A
4-HA,190,1244,0,0,0,1244,A
4-HA,191,0,2,0,1247,1249,C
4-HA,192,1236,0,1,0,1237,A
4-HA,193,0,3,1250,0,1253,G
4-HA,194,0,1,1251,0,1252,G
4-HA,195,0,1246,0,1,1247,T
4-HA,196,0,1,1249,0,1250,G
4-HA,197,1258,0,0,0,1258,A
4-HA,198,1255,0,3,0,1258,A
4-HA,199,1284,0,2,1,1287,A
4-HA,200,1,1279,0,0,1280,T
4-HA,201,1289,1,1,0,1291,A
4-HA,202,0,1279,0,0,1279,T
4-HA,203,0,0,1274,1,1275,G
4-HA,204,1,0,0,1281,1282,C
4-HA,205,0,1,1282,0,1283,G
4-HA,206,1284,0,2,0,1286,A
4-HA,207,0,1,0,1280,1281,C
4-HA,208,1264,0,0,0,1264,A
4-HA,209,0,1,1322,0,1323,G
4-HA,210,0,1316,0,0,1316,T
4-HA,211,1,0,0,1328,1329,C
4-HA,212,0,0,0,1324,1324,C
4-HA,213,1,1322,0,0,1323,T
4-HA,214,1,0,0,1343,1344,C
4-HA,215,1343,0,1,0,1344,A
4-HA,216,0,1345,0,0,1345,T
4-HA,217,0,0,0,1344,1344,C
4-HA,218,1300,0,0,0,1300,A
4-HA,219,0,0,1305,0,1305,G
4-HA,220,1303,1,1,0,1305,A
4-HA,221,1,1305,0,0,1306,T
4-HA,222,1,0,0,1316,1317,C
4-HA,223,2,0,0,1309,1311,C
4-HA,224,0,1318,0,0,1318,T
4-HA,225,0,1321,0,0,1321,T
4-HA,226,0,1,1321,0,1322,G
4-HA,227,1324,0,0,0,1324,A
4-HA,228,0,1320,0,0,1320,T
4-HA,229,0,1,1332,0,1333,G
4-HA,230,0,1,1331,0,1332,G
4-HA,231,1309,0,1,0,1310,A
4-HA,232,1,2,1311,0,1314,G
4-HA,233,1302,0,0,0,1302,A
4-HA,234,0,0,1287,0,1287,G
4-HA,235,1315,1,1,0,1317,A
4-HA,236,1323,2,2,0,1327,A
4-HA,237,0,0,0,1338,1338,C
4-HA,238,0,1320,0,0,1320,T
4-HA,239,0,0,1334,0,1334,G
4-HA,240,0,1,0,1333,1334,C
4-HA,241,1328,0,1,0,1329,A
4-HA,242,0,1,0,1360,1361,C
4-HA,243,1345,0,0,0,1345,A
4-HA,244,2,0,1,1459,1462,C
4-HA,245,0,1457,0,0,1457,T
4-HA,246,1471,0,0,0,1471,A
4-HA,247,1468,0,1,0,1469,A
4-HA,248,0,1476,0,0,1476,T
4-HA,249,1467,0,1,0,1468,A
4-HA,250,0,0,1471,0,1471,G
4-HA,251,1446,0,0,0,1446,A
4-HA,252,2,1422,0,1,1425,T
4-HA,253,0,1,1386,0,1387,G
4-HA,254,0,0,0,1394,1394,C
4-HA,255,0,1390,0,1,1391,T
4-HA,256,0,0,0,1498,1498,C
4-HA,257,0,1492,0,0,1492,T
4-HA,258,1539,0,1,0,1540,A
4-HA,259,0,1540,0,0,1540,T
4-HA,260,1,1534,0,1,1536,T
4-HA,261,0,4,1535,0,1539,G
4-HA,262,0,3,1520,0,1523,G
4-HA,263,0,0,1530,0,1530,G
4-HA,264,1519,0,2,0,1521,A
4-HA,265,1,1,1493,0,1495,G
4-HA,266,1464,0,3,0,1467,A
4-HA,267,2,2,0,1565,1569,C
4-HA,268,1,0,0,1592,1593,C
4-HA,269,4,1,0,1615,1620,C
4-HA,270,0,1618,0,1,1619,T
4-HA,271,0,0,0,1633,1633,C
4-HA,272,1631,1,0,1,1633,A
4-HA,273,1419,0,198,0,1617,A
4-HA,274,0,1661,0,1,1662,T
4-HA,275,0,2,1674,0,1676,G
4-HA,276,2,1671,0,2,1675,T
4-HA,277,0,0,1671,0,1671,G
4-HA,278,1662,1,0,0,1663,A
4-HA,279,0,1664,0,1,1665,T
4-HA,280,0,1,1659,0,1660,G
4-HA,281,0,0,1657,0,1657,G
4-HA,282,0,0,0,1652,1652,C
4-HA,283,0,1647,0,1,1648,T
4-HA,284,0,1641,1,2,1644,T
4-HA,285,1,0,0,1649,1650,C
4-HA,286,1,1,0,1643,1645,C
4-HA,287,1645,0,1,0,1646,A
4-HA,288,1650,0,0,0,1650,A
4-HA,289,1650,0,0,0,1650,A
4-HA,290,1655,0,2,0,1657,A
4-HA,291,0,1654,0,0,1654,T
4-HA,292,1646,0,0,1,1647,A
4-HA,293,1647,0,0,0,1647,A
4-HA,294,0,0,1653,0,1653,G
4-HA,295,1658,1,0,0,1659,A
4-HA,296,1672,0,0,0,1672,A
4-HA,297,1667,0,1,0,1668,A
4-HA,298,0,1672,0,0,1672,T
4-HA,299,0,7,1664,0,1671,G
4-HA,300,0,1,1668,0,1669,G
4-HA,301,1,1,1666,0,1668,G
4-HA,302,1667,0,3,0,1670,A
4-HA,303,0,0,0,1673,1673,C
4-HA,304,0,0,0,1673,1673,C
4-HA,305,0,1687,0,2,1689,T
4-HA,306,0,1687,0,0,1687,T
4-HA,307,0,1688,1,0,1689,T
4-HA,308,0,1700,0,0,1700,T
4-HA,309,0,1701,0,0,1701,T
4-HA,310,0,0,1708,0,1708,G
4-HA,311,0,1703,0,6,1709,T
4-HA,312,0,1702,0,1,1703,T
4-HA,313,0,0,1704,0,1704,G
4-HA,314,1692,1,1,0,1694,A
4-HA,315,1699,0,0,0,1699,A
4-HA,316,0,1,0,1697,1698,C
4-HA,317,0,0,1695,0,1695,G
4-HA,318,0,0,1,1723,1724,C
4-HA,319,1716,0,5,1,1722,A
4-HA,320,0,0,1727,0,1727,G
4-HA,321,0,1,0,1728,1729,C
4-HA,322,1725,0,1,0,1726,A
4-HA,323,1726,0,1,1,1728,A
4-HA,324,1722,0,1,1,1724,A
4-HA,325,0,0,1800,0,1800,G
4-HA,326,0,0,0,1794,1794,C
4-HA,327,0,0,0,1789,1789,C
4-HA,328,0,1784,0,1,1785,T
4-HA,329,1779,0,1,0,1780,A
4-HA,330,1,0,0,1804,1805,C
4-HA,331,1801,0,0,1,1802,A
4-HA,332,0,1,1805,0,1806,G
4-HA,333,2,0,0,1791,1793,C
4-HA,334,1746,0,1,0,1747,A
4-HA,335,1765,2,0,0,1767,A
4-HA,336,1,0,0,1826,1827,C
4-HA,337,1,1809,0,13,1823,T
4-HA,338,1,1,1835,0,1837,G
4-HA,339,0,1813,0,1,1814,T
4-HA,340,0,1810,0,2,1812,T
4-HA,341,1817,0,1,0,1818,A
4-HA,342,1,0,0,1970,1971,C
4-HA,343,2,0,0,1977,1979,C
4-HA,344,5,0,0,2020,2025,C
4-HA,345,0,1964,0,2,1966,T
4-HA,346,0,1964,0,1,1965,T
4-HA,347,1972,0,0,0,1972,A
4-HA,348,0,1970,0,0,1970,T
4-HA,349,0,0,1972,0,1972,G
4-HA,350,1966,0,0,0,1966,A
4-HA,351,0,1860,0,0,1860,T
4-HA,352,0,1,1887,0,1888,G
4-HA,353,0,1853,0,1,1854,T
4-HA,354,0,0,1862,0,1862,G
4-HA,355,0,1,0,1860,1861,C
4-HA,356,0,1,0,1861,1862,C
4-HA,357,1,0,1896,0,1897,G
4-HA,358,2,0,1914,0,1916,G
4-HA,359,1924,0,0,0,1924,A
4-HA,360,0,1923,0,0,1923,T
4-HA,361,0,1892,0,0,1892,T
4-HA,362,1905,0,0,0,1905,A
4-HA,363,1,1902,1,0,1904,T
4-HA,364,0,0,1908,0,1908,G
4-HA,365,1,1,0,1902,1904,C
4-HA,366,2,1,1,1886,1890,C
4-HA,367,1,1898,0,3,1902,T
4-HA,368,0,0,0,2003,2003,C
4-HA,369,3,1,0,2016,2020,C
4-HA,370,6,0,0,2018,2024,C
4-HA,371,1,2017,0,1,2019,T
4-HA,372,0,2015,0,0,2015,T
4-HA,373,2019,0,1,0,2020,A
4-HA,374,1,2,2063,0,2066,G
4-HA,375,20,2,2039,0,2061,G
4-HA,376,0,2031,0,1,2032,T
4-HA,377,3,0,0,1972,1975,C
4-HA,378,1959,0,1,0,1960,A
4-HA,379,0,0,0,1996,1996,C
4-HA,380,0,1995,0,2,1997,T
4-HA,381,1998,1,0,0,1999,A
4-HA,382,0,3,1994,0,1997,G
4-HA,383,0,1970,0,1,1971,T
4-HA,384,0,1965,0,0,1965,T
4-HA,385,1,0,1987,0,1988,G
4-HA,386,0,0,0,1979,1979,C
4-HA,387,1,1,1,1982,1985,C
4-HA,388,0,1958,0,6,1964,T
4-HA,389,1,0,1,1978,1980,C
4-HA,390,2040,1,1,0,2042,A
4-HA,391,0,2043,0,1,2044,T
4-HA,392,2,0,0,2045,2047,C
4-HA,393,4,3,0,2044,2051,C
4-HA,394,0,3,2033,0,2036,G
4-HA,395,2,1,2039,1,2043,G
4-HA,396,0,0,0,2046,2046,C
4-HA,397,2062,0,0,0,2062,A
4-HA,398,0,2,0,2086,2088,C
4-HA,399,2058,0,3,1,2062,A
4-HA,400,0,1,0,2067,2068,C
4-HA,401,1,2065,0,1,2067,T
4-HA,402,1,1,2080,0,2082,G
4-HA,403,0,0,2107,0,2107,G
4-HA,404,2090,0,1,0,2091,A
4-HA,405,0,1,2109,0,2110,G
4-HA,406,0,2090,0,0,2090,T
4-HA,407,1,2079,0,0,2080,T
4-HA,408,0,2088,0,6,2094,T
4-HA,409,2083,0,0,0,2083,A
4-HA,410,2087,1,2,0,2090,A
4-HA,411,0,0,0,2098,2098,C
4-HA,412,2063,0,1,0,2064,A
4-HA,413,2055,0,13,0,2068,A
4-HA,414,0,2054,0,0,2054,T
4-HA,415,1,0,2053,0,2054,G
4-HA,416,2047,0,0,0,2047,A
4-HA,417,2040,0,2,0,2042,A
4-HA,418,2047,0,2,0,2049,A
4-HA,419,0,0,2054,0,2054,G
4-HA,420,1,2,0,2063,2066,C
4-HA,421,0,2059,0,2,2061,T
4-HA,422,0,2058,0,0,2058,T
4-HA,423,2,1,1,2079,2083,C
4-HA,424,2084,0,0,0,2084,A
4-HA,425,2085,0,0,0,2085,A
4-HA,426,0,2084,0,2,2086,T
4-HA,427,0,2078,0,1,2079,T
4-HA,428,1,1,2138,0,2140,G
4-HA,429,0,0,2175,0,2175,G
4-HA,430,2175,1,3,0,2179,A
4-HA,431,1,0,0,2178,2179,C
4-HA,432,0,2153,1,1,2155,T
4-HA,433,1,3,2154,0,2158,G
4-HA,434,0,3,2166,0,2169,G
4-HA,435,2157,0,4,0,2161,A
4-HA,436,1,0,2167,1,2169,G
4-HA,437,0,2134,0,1,2135,T
4-HA,438,1,0,1,2102,2104,C
4-HA,439,2127,0,1,0,2128,A
4-HA,440,0,1,0,2130,2131,C
4-HA,441,1,2134,0,0,2135,T
4-HA,442,5,1,0,2122,2128,C
4-HA,443,2107,0,0,0,2107,A
4-HA,444,2120,0,0,0,2120,A
4-HA,445,2113,2,1,1,2117,A
4-HA,446,2120,0,0,1,2121,A
4-HA,447,0,2,0,2125,2127,C
4-HA,448,1,3,2101,0,2105,G
4-HA,449,1,0,2133,0,2134,G
4-HA,450,2136,0,3,0,2139,A
4-HA,451,2134,0,1,0,2135,A
4-HA,452,1,0,0,2139,2140,C
4-HA,453,2130,0,0,0,2130,A
4-HA,454,2154,1,0,1,2156,A
4-HA,455,0,0,2158,0,2158,G
4-HA,456,0,0,1,2165,2166,C
4-HA,457,0,2151,0,1,2152,T
4-HA,458,1,0,1,2144,2146,C
4-HA,459,0,2142,0,0,2142,T
4-HA,460,0,0,2155,0,2155,G
4-HA,461,0,0,0,2154,2154,C
4-HA,462,1,2147,0,2,2150,T
4-HA,463,0,2170,0,1,2171,T
4-HA,464,0,0,2211,0,2211,G
4-HA,465,0,0,0,2227,2227,C
4-HA,466,2224,0,2,0,2226,A
4-HA,467,0,2206,0,1,2207,T
4-HA,468,2201,0,2,0,2203,A
4-HA,469,2199,0,1,1,2201,A
4-HA,470,0,1,2193,0,2194,G
4-HA,471,1,0,2198,0,2199,G
4-HA,472,2138,0,1,0,2139,A
4-HA,473,0,0,2125,0,2125,G
4-HA,474,2117,0,1,0,2118,A
4-HA,475,0,2180,0,1,2181,T
4-HA,476,2,1,1,2199,2203,C
4-HA,477,0,2209,0,0,2209,T
4-HA,478,2214,0,0,0,2214,A
4-HA,479,2216,1,0,0,2217,A
4-HA,480,0,2206,0,0,2206,T
4-HA,481,2208,0,0,0,2208,A
4-HA,482,2194,0,1,0,2195,A
4-HA,483,1,0,0,2201,2202,C
4-HA,484,2128,0,0,1,2129,A
4-HA,485,0,1,2149,0,2150,G
4-HA,486,1,2129,0,1,2131,T
4-HA,487,1,2169,0,2,2172,T
4-HA,488,0,2173,0,1,2174,T
4-HA,489,1,0,0,2223,2224,C
4-HA,490,0,2221,0,1,2222,T
4-HA,491,0,2223,0,0,2223,T
4-HA,492,0,2223,0,1,2224,T
4-HA,493,2216,0,2,0,2218,A
4-HA,494,0,0,2221,0,2221,G
4-HA,495,0,2210,0,1,2211,T
4-HA,496,2201,0,0,0,2201,A
4-HA,497,0,0,2207,0,2207,G
4-HA,498,2179,0,3,0,2182,A
4-HA,499,0,2184,0,0,2184,T
4-HA,500,0,2173,0,0,2173,T
4-HA,501,16,1,2196,0,2213,G
4-HA,502,2204,1,1,0,2206,A
4-HA,503,2209,0,1,0,2210,A
4-HA,504,0,2212,0,0,2212,T
4-HA,505,0,2187,0,1,2188,T
4-HA,506,4,1,2203,1,2209,G
4-HA,507,0,0,2201,0,2201,G
4-HA,508,0,2205,1,0,2206,T
4-HA,509,0,2201,0,2,2203,T
4-HA,510,0,2,2173,0,2175,G
4-HA,511,2172,0,2,0,2174,A
4-HA,512,0,1,0,2178,2179,C
4-HA,513,0,2,0,2169,2171,C
4-HA,514,6,0,0,2167,2173,C
4-HA,515,2169,0,0,0,2169,A
4-HA,516,0,0,0,2178,2178,C
4-HA,517,1,2176,0,0,2177,T
4-HA,518,0,2180,1,0,2181,T
4-HA,519,2179,0,1,0,2180,A
4-HA,520,2171,0,1,0,2172,A
4-HA,521,2170,0,1,0,2171,A
4-HA,522,2180,1,0,0,2181,A
4-HA,523,0,2225,0,0,2225,T
4-HA,524,1,2207,0,1,2209,T
4-HA,525,0,1,0,2215,2216,C
4-HA,526,2207,0,0,0,2207,A
4-HA,527,2210,0,0,0,2210,A
4-HA,528,2209,1,0,1,2211,A
4-HA,529,1,2214,0,0,2215,T
4-HA,530,2263,0,1,0,2264,A
4-HA,531,0,0,1,2268,2269,C
4-HA,532,5,0,0,2215,2220,C
4-HA,533,9,1,0,2215,2225,C
4-HA,534,2215,0,1,0,2216,A
4-HA,535,0,0,2313,0,2313,G
4-HA,536,0,1,0,2319,2320,C
4-HA,537,2314,0,0,0,2314,A
4-HA,538,0,2309,0,3,2312,T
4-HA,539,0,2287,1,2,2290,T
4-HA,540,0,1,2365,0,2366,G
4-HA,541,2369,0,0,0,2369,A
4-HA,542,2369,0,1,0,2370,A
4-HA,543,0,1,0,2365,2366,C
4-HA,544,0,1,2314,0,2315,G
4-HA,545,1,2334,0,1,2336,T
4-HA,546,0,4,2333,0,2337,G
4-HA,547,2340,0,2,0,2342,A
4-HA,548,0,0,0,2345,2345,C
4-HA,549,0,2259,1,0,2260,T
4-HA,550,2305,0,1,0,2306,A
4-HA,551,0,2305,1,2,2308,T
4-HA,552,0,1,2323,0,2324,G
4-HA,553,0,2,0,2320,2322,C
4-HA,554,5,1,0,2286,2292,C
4-HA,555,2282,0,2,0,2284,A
4-HA,556,2286,0,0,0,2286,A
4-HA,557,2304,1,1,0,2306,A
4-HA,558,0,1,0,2311,2312,C
4-HA,559,2257,0,0,0,2257,A
4-HA,560,2263,0,1,1,2265,A
4-HA,561,0,2254,0,0,2254,T
4-HA,562,0,5,2250,0,2255,G
4-HA,563,2254,3,0,0,2257,A
4-HA,564,2250,0,2,0,2252,A
4-HA,565,1,0,0,2219,2220,C
4-HA,566,2228,0,0,0,2228,A
4-HA,567,2239,0,0,0,2239,A
4-HA,568,0,2237,1,0,2238,T
4-HA,569,0,2233,1,0,2234,T
4-HA,570,0,2234,0,1,2235,T
4-HA,571,0,2,2234,0,2236,G
4-HA,572,2235,2,1,0,2238,A
4-HA,573,0,0,0,2238,2238,C
4-HA,574,2239,0,0,0,2239,A
4-HA,575,2242,0,0,0,2242,A
4-HA,576,2261,0,0,0,2261,A
4-HA,577,0,2270,0,0,2270,T
4-HA,578,0,2265,0,0,2265,T
4-HA,579,0,0,2276,1,2277,G
4-HA,580,0,2277,0,1,2278,T
4-HA,581,2275,2,2,1,2280,A
4-HA,582,1,0,0,2311,2312,C
4-HA,583,2317,1,1,0,2319,A
4-HA,584,0,2360,0,1,2361,T
4-HA,585,0,2325,0,0,2325,T
4-HA,586,1,2317,0,0,2318,T
4-HA,587,0,6,2298,0,2304,G
4-HA,588,0,8,2297,0,2305,G
4-HA,589,1,11,2293,0,2305,G
4-HA,590,0,4,2309,0,2313,G
4-HA,591,0,3,2274,0,2277,G
4-HA,592,1,4,2342,0,2347,G
4-HA,593,0,2314,0,2,2316,T
4-HA,594,0,2328,0,2,2330,T
4-HA,595,0,0,0,2332,2332,C
4-HA,596,2326,2,1,0,2329,A
4-HA,597,0,0,0,2342,2342,C
4-HA,598,0,0,0,2334,2334,C
4-HA,599,2336,0,1,1,2338,A
4-HA,600,2,0,0,2364,2366,C
4-HA,601,1,0,0,2335,2336,C
4-HA,602,6,0,0,2313,2319,C
4-HA,603,0,7,2313,0,2320,G
4-HA,604,1,2,2430,0,2433,G
4-HA,605,1,1,2430,1,2433,G
4-HA,606,0,2425,0,0,2425,T
4-HA,607,2426,0,0,0,2426,A
4-HA,608,0,1,1,2414,2416,C
4-HA,609,2,0,2369,0,2371,G
4-HA,610,0,1,2408,0,2409,G
4-HA,611,2413,1,1,0,2415,A
4-HA,612,0,0,0,2407,2407,C
4-HA,613,2273,0,0,0,2273,A
4-HA,614,2275,1,2,0,2278,A
4-HA,615,0,2276,0,0,2276,T
4-HA,616,0,2,2305,0,2307,G
4-HA,617,2304,0,2,0,2306,A
4-HA,618,1,1,0,2294,2296,C
4-HA,619,2,0,0,2278,2280,C
4-HA,620,2282,0,0,0,2282,A
4-HA,621,2277,0,1,0,2278,A
4-HA,622,2319,1,0,0,2320,A
4-HA,623,0,2313,0,0,2313,T
4-HA,624,4,0,0,2338,2342,C
4-HA,625,0,2298,0,3,2301,T
4-HA,626,1,2310,0,0,2311,T
4-HA,627,0,0,0,2330,2330,C
4-HA,628,2,0,0,2342,2344,C
4-HA,629,1,2336,0,1,2338,T
4-HA,630,0,0,2346,0,2346,G
4-HA,631,0,2299,0,1,2300,T
4-HA,632,2329,0,1,1,2331,A
4-HA,633,0,2317,1,2,2320,T
4-HA,634,0,0,2342,0,2342,G
4-HA,635,1,0,0,2348,2349,C
4-HA,636,0,2325,1,0,2326,T
4-HA,637,2,7,0,2318,2327,C
4-HA,638,2316,1,6,0,2323,A
4-HA,639,2323,0,0,0,2323,A
4-HA,640,1,0,2328,1,2330,G
4-HA,641,0,1,1,2332,2334,C
4-HA,642,2334,1,0,0,2335,A
4-HA,643,0,2328,0,0,2328,T
4-HA,644,3,0,0,2312,2315,C
4-HA,645,2310,2,0,0,2312,A
4-HA,646,0,2,2322,0,2324,G
4-HA,647,0,0,2325,0,2325,G
4-HA,648,2325,0,2,0,2327,A
4-HA,649,2309,2,3,0,2314,A
4-HA,650,0,1,2348,0,2349,G
4-HA,651,2344,0,3,0,2347,A
4-HA,652,2376,0,7,0,2383,A
4-HA,653,1,2402,0,2,2405,T
4-HA,654,2,0,0,2402,2404,C
4-HA,655,2383,0,1,0,2384,A
4-HA,656,0,1,0,2385,2386,C
4-HA,657,2373,0,2,0,2375,A
4-HA,658,0,0,2422,0,2422,G
4-HA,659,1,2388,0,0,2389,T
4-HA,660,0,0,0,2406,2406,C
4-HA,661,0,2373,2,2,2377,T
4-HA,662,1,1,0,2425,2427,C
4-HA,663,1,2428,0,4,2433,T
4-HA,664,2457,0,0,0,2457,A
4-HA,665,0,1,0,2451,2452,C
4-HA,666,2,1,0,2454,2457,C
4-HA,667,2424,0,0,0,2424,A
4-HA,668,2427,0,2,0,2429,A
4-HA,669,2415,0,0,0,2415,A
4-HA,670,2415,1,1,0,2417,A
4-HA,671,0,0,2418,0,2418,G
4-HA,672,2365,1,1,0,2367,A
4-HA,673,2364,0,1,1,2366,A
4-HA,674,1,1,2367,0,2369,G
4-HA,675,2,0,0,2371,2373,C
4-HA,676,1,1,0,2375,2377,C
4-HA,677,2379,2,3,0,2384,A
4-HA,678,2381,9,1,0,2391,A
4-HA,679,1,0,0,2393,2394,C
4-HA,680,2399,1,0,0,2400,A
4-HA,681,2383,0,0,9,2392,A
4-HA,682,2409,0,0,0,2409,A
4-HA,683,2,0,1,2471,2474,C
4-HA,684,2,2451,0,1,2454,T
4-HA,685,1,1,2465,0,2467,G
4-HA,686,0,2447,0,15,2462,T
4-HA,687,2465,0,0,0,2465,A
4-HA,688,2467,1,2,0,2470,A
4-HA,689,0,2457,0,1,2458,T
4-HA,690,1,0,0,2459,2460,C
4-HA,691,1,0,0,2474,2475,C
4-HA,692,6,0,0,2432,2438,C
4-HA,693,0,1,2439,0,2440,G
4-HA,694,2432,0,3,0,2435,A
4-HA,695,2441,0,1,0,2442,A
4-HA,696,0,2444,0,1,2445,T
4-HA,697,2438,0,1,0,2439,A
4-HA,698,0,2431,0,0,2431,T
4-HA,699,3,1,0,2427,2431,C
4-HA,700,1,0,2418,0,2419,G
4-HA,701,0,0,2480,1,2481,G
4-HA,702,2479,0,0,0,2479,A
4-HA,703,0,2510,0,1,2511,T
4-HA,704,1,0,0,2508,2509,C
4-HA,705,2,2497,0,1,2500,T
4-HA,706,2494,0,0,0,2494,A
4-HA,707,0,1,2501,0,2502,G
4-HA,708,2515,1,4,0,2520,A
4-HA,709,0,0,0,2512,2512,C
4-HA,710,1,0,1,2433,2435,C
4-HA,711,9,0,0,2430,2439,C
4-HA,712,2425,0,2,1,2428,A
4-HA,713,0,2,2544,0,2546,G
4-HA,714,2543,0,1,0,2544,A
4-HA,715,0,1,2572,0,2573,G
4-HA,716,0,2548,0,0,2548,T
4-HA,717,2545,0,1,0,2546,A
4-HA,718,2540,2,1,1,2544,A
4-HA,719,1,1,2587,0,2589,G
4-HA,720,2,6,2597,0,2605,G
4-HA,721,2585,0,3,0,2588,A
4-HA,722,2390,0,1,1,2392,A
4-HA,723,0,2387,1,0,2388,T
4-HA,724,2399,0,0,0,2399,A
4-HA,725,0,2388,0,1,2389,T
4-HA,726,3,0,0,2404,2407,C
4-HA,727,3,2,0,2400,2405,C
4-HA,728,5,0,0,2350,2355,C
4-HA,729,0,2338,0,1,2339,T
4-HA,730,2344,0,2,0,2346,A
4-HA,731,0,0,2348,0,2348,G
4-HA,732,0,0,0,2351,2351,C
4-HA,733,2306,0,0,0,2306,A
4-HA,734,0,1,2364,1,2366,G
4-HA,735,2328,0,1,0,2329,A
4-HA,736,2335,1,0,0,2336,A
4-HA,737,0,2333,0,0,2333,T
4-HA,738,2331,0,0,0,2331,A
4-HA,739,2334,0,3,0,2337,A
4-HA,740,0,1,2337,0,2338,G
4-HA,741,0,0,0,2338,2338,C
4-HA,742,2329,0,0,0,2329,A
4-HA,743,1,2269,0,2,2272,T
4-HA,744,1,1,0,2390,2392,C
4-HA,745,0,2388,0,1,2389,T
4-HA,746,2395,1,2,0,2398,A
4-HA,747,0,2398,0,0,2398,T
4-HA,748,0,2382,0,0,2382,T
4-HA,749,0,2,2394,0,2396,G
4-HA,750,2,1,2383,0,2386,G
4-HA,751,2385,1,0,0,2386,A
4-HA,752,1,1,0,2384,2386,C
4-HA,753,2190,0,0,0,2190,A
4-HA,754,2231,0,0,0,2231,A
4-HA,755,0,2309,2,2,2313,T
4-HA,756,2314,0,1,0,2315,A
4-HA,757,0,1,2339,0,2340,G
4-HA,758,0,2310,0,0,2310,T
4-HA,759,2315,0,0,1,2316,A
4-HA,760,2326,0,0,0,2326,A
4-HA,761,2371,0,0,0,2371,A
4-HA,762,2393,1,0,0,2394,A
4-HA,763,2,1,0,2404,2407,C
4-HA,764,3,0,0,2277,2280,C
4-HA,765,0,3,2277,2,2282,G
4-HA,766,0,3,2287,0,2290,G
4-HA,767,5,3,2302,0,2310,G
4-HA,768,2320,0,2,0,2322,A
4-HA,769,1,0,2339,0,2340,G
4-HA,770,2367,3,3,1,2374,A
4-HA,771,2,0,0,2372,2374,C
4-HA,772,2367,0,3,3,2373,A
4-HA,773,0,2376,0,0,2376,T
4-HA,774,2388,0,1,0,2389,A
4-HA,775,0,0,0,2443,2443,C
4-HA,776,0,2431,0,1,2432,T
4-HA,777,0,2452,1,2,2455,T
4-HA,778,0,2476,0,0,2476,T
4-HA,779,0,2444,0,12,2456,T
4-HA,780,0,2,2482,0,2484,G
4-HA,781,2493,0,1,0,2494,A
4-HA,782,1,2492,0,2,2495,T
4-HA,783,1,2581,0,1,2583,T
4-HA,784,2568,0,3,0,2571,A
4-HA,785,2592,0,0,0,2592,A
4-HA,786,1,1,0,2633,2635,C
4-HA,787,2624,0,2,0,2626,A
4-HA,788,0,0,2743,0,2743,G
4-HA,789,0,0,0,2737,2737,C
4-HA,790,2738,1,0,0,2739,A
4-HA,791,1,2,0,2769,2772,C
4-HA,792,2738,0,1,0,2739,A
4-HA,793,0,8,2777,0,2785,G
4-HA,794,0,3,2766,0,2769,G
4-HA,795,4,5,2869,0,2878,G
4-HA,796,2846,3,13,0,2862,A
4-HA,797,2889,0,5,0,2894,A
4-HA,798,0,2891,0,1,2892,T
4-HA,799,1,1,0,2900,2902,C
4-HA,800,0,2906,0,0,2906,T
4-HA,801,2917,0,0,0,2917,A
4-HA,802,2902,0,2,0,2904,A
4-HA,803,2,2902,0,0,2904,T
4-HA,804,0,2845,0,0,2845,T
4-HA,805,0,1,2887,0,2888,G
4-HA,806,0,0,0,2979,2979,C
4-HA,807,0,3068,0,6,3074,T
4-HA,808,1,0,1,3159,3161,C
4-HA,809,3,0,1,3163,3167,C
4-HA,810,1,3161,0,0,3162,T
4-HA,811,3166,0,1,0,3167,A
4-HA,812,1,9,3160,0,3170,G
4-HA,813,0,16,3175,1,3192,G
4-HA,814,0,2,3193,0,3195,G
4-HA,815,2,0,3167,0,3169,G
4-HA,816,0,3098,0,0,3098,T
4-HA,817,0,3065,0,0,3065,T
4-HA,818,3081,0,0,0,3081,A
4-HA,819,0,1,1,3127,3129,C
4-HA,820,0,3123,1,0,3124,T
4-HA,821,0,3135,0,1,3136,T
4-HA,822,1,0,0,3127,3128,C
4-HA,823,3121,0,0,0,3121,A
4-HA,824,3129,0,1,0,3130,A
4-HA,825,3132,0,0,0,3132,A
4-HA,826,3152,1,1,0,3154,A
4-HA,827,0,3150,0,0,3150,T
4-HA,828,3127,1,4,0,3132,A
4-HA,829,0,0,0,3127,3127,C
4-HA,830,8,1,3115,1,3125,G
4-HA,831,3125,0,2,0,3127,A
4-HA,832,3126,0,2,0,3128,A
4-HA,833,0,0,3177,1,3178,G
4-HA,834,0,3175,0,0,3175,T
4-HA,835,1,8,3168,0,3177,G
4-HA,836,0,3,3176,0,3179,G
4-HA,837,0,1,3190,0,3191,G
4-HA,838,3185,2,1,0,3188,A
4-HA,839,3191,0,2,0,3193,A
4-HA,840,3199,0,1,0,3200,A
4-HA,841,3193,0,5,0,3198,A
4-HA,842,1,0,3193,0,3194,G
4-HA,843,0,3148,0,2,3150,T
4-HA,844,0,3242,0,2,3244,T
4-HA,845,5,1,0,3238,3244,C
4-HA,846,3249,2,1,0,3252,A
4-HA,847,3269,1,2,0,3272,A
4-HA,848,0,3271,0,1,3272,T
4-HA,849,3300,1,1,0,3302,A
4-HA,850,3298,0,0,0,3298,A
4-HA,851,1,3242,0,1,3244,T
4-HA,852,0,4,3249,0,3253,G
4-HA,853,3247,0,0,0,3247,A
4-HA,854,0,4,3368,0,3372,G
4-HA,855,3370,2,1,0,3373,A
4-HA,856,1,3368,0,1,3370,T
4-HA,857,2,0,0,3432,3434,C
4-HA,858,3410,2,2,0,3414,A
4-HA,859,0,1,3500,0,3501,G
4-HA,860,3504,0,3,0,3507,A
4-HA,861,0,3490,0,1,3491,T
4-HA,862,0,0,3487,0,3487,G
4-HA,863,1,0,0,3442,3443,C
4-HA,864,3445,1,4,0,3450,A
4-HA,865,1,2,0,3508,3511,C
4-HA,866,2,1,0,3454,3457,C
4-HA,867,8,1,0,3458,3467,C
4-HA,868,3405,2,1,0,3408,A
4-HA,869,0,3407,0,1,3408,T
4-HA,870,1,3408,0,1,3410,T
4-HA,871,1,0,3453,0,3454,G
4-HA,872,1,2,3443,0,3446,G
4-HA,873,0,1,0,3445,3446,C
4-HA,874,3396,0,1,0,3397,A
4-HA,875,3388,1,1,0,3390,A
4-HA,876,3438,0,1,0,3439,A
4-HA,877,0,3435,0,2,3437,T
4-HA,878,0,0,3439,1,3440,G
4-HA,879,0,1,0,3439,3440,C
4-HA,880,3413,0,0,0,3413,A
4-HA,881,3496,1,0,0,3497,A
4-HA,882,0,3498,1,1,3500,T
4-HA,883,0,3521,0,0,3521,T
4-HA,884,2,1,1,3528,3532,C
4-HA,885,0,3477,0,2,3479,T
4-HA,886,0,4,3515,0,3519,G
4-HA,887,3514,1,2,0,3517,A
4-HA,888,3529,1,0,0,3530,A
4-HA,889,0,3528,0,1,3529,T
4-HA,890,0,1,3488,0,3489,G
4-HA,891,1,0,0,3511,3512,C
4-HA,892,3503,1,2,0,3506,A
4-HA,893,1,3498,0,2,3501,T
4-HA,894,3,0,0,3495,3498,C
4-HA,895,3494,1,2,0,3497,A
4-HA,896,1,0,0,3619,3620,C
4-HA,897,0,3599,1,3,3603,T
4-HA,898,4,0,0,3612,3616,C
4-HA,899,4,1,0,3593,3598,C
4-HA,900,3627,1,0,1,3629,A
4-HA,901,3627,1,1,0,3629,A
4-HA,902,3627,0,1,0,3628,A
4-HA,903,1,3493,0,0,3494,T
4-HA,904,0,2,3514,0,3516,G
4-HA,905,0,3,3527,0,3530,G
4-HA,906,3521,0,5,0,3526,A
4-HA,907,3512,0,6,1,3519,A
4-HA,908,1,1,3532,1,3535,G
4-HA,909,1,1,0,3489,3491,C
4-HA,910,3482,2,0,0,3484,A
4-HA,911,0,3491,0,2,3493,T
4-HA,912,0,3479,0,1,3480,T
4-HA,913,3,0,0,3597,3600,C
4-HA,914,5,0,0,3579,3584,C
4-HA,915,3,2,1,3579,3585,C
4-HA,916,3587,1,2,1,3591,A
4-HA,917,3648,0,0,1,3649,A
4-HA,918,0,3690,0,0,3690,T
4-HA,919,2,6,3685,1,3694,G
4-HA,920,3688,0,5,0,3693,A
4-HA,921,1,0,0,3695,3696,C
4-HA,922,3610,0,1,0,3611,A
4-HA,923,3606,0,1,2,3609,A
4-HA,924,3612,0,2,0,3614,A
4-HA,925,1,0,0,3621,3622,C
4-HA,926,5,0,0,3567,3572,C
4-HA,927,3532,0,0,1,3533,A
4-HA,928,1,3546,0,1,3548,T
4-HA,929,1,3545,0,2,3548,T
4-HA,930,1,1,0,3554,3556,C
4-HA,931,2,0,1,3559,3562,C
4-HA,932,3551,0,3,0,3554,A
4-HA,933,3546,0,1,2,3549,A
4-HA,934,3542,1,0,1,3544,A
4-HA,935,3594,0,1,0,3595,A
4-HA,936,0,3585,0,0,3585,T
4-HA,937,0,3,3570,1,3574,G
4-HA,938,0,3562,0,1,3563,T
4-HA,939,1,3554,0,1,3556,T
4-HA,940,3619,0,0,0,3619,A
4-HA,941,3614,0,1,0,3615,A
4-HA,942,3,1,0,3623,3627,C
4-HA,943,3590,0,17,2,3609,A
4-HA,944,1,4,3643,0,3648,G
4-HA,945,2,2,3689,0,3693,G
4-HA,946,3781,2,2,0,3785,A
4-HA,947,2,3782,0,1,3785,T
4-HA,948,1,2,1,3831,3835,C
4-HA,949,3846,0,2,1,3849,A
4-HA,950,0,1,0,3993,3994,C
4-HA,951,3997,0,0,0,3997,A
4-HA,952,1,4136,0,0,4137,T
4-HA,953,4078,1,0,0,4079,A
4-HA,954,0,2,0,4023,4025,C
4-HA,955,1,8,3932,0,3941,G
4-HA,956,0,6,3941,0,3947,G
4-HA,957,1,2,3930,0,3933,G
4-HA,958,0,0,3923,0,3923,G
4-HA,959,1,2,0,3829,3832,C
4-HA,960,3,1,0,3826,3830,C
4-HA,961,0,3729,0,2,3731,T
4-HA,962,0,1,4085,0,4086,G
4-HA,963,0,4097,0,6,4103,T
4-HA,964,2,3,0,4118,4123,C
4-HA,965,2,1,2,4100,4105,C
4-HA,966,9,1,1,4082,4093,C
4-HA,967,4079,0,6,0,4085,A
4-HA,968,6,0,4108,0,4114,G
4-HA,969,4106,0,1,0,4107,A
4-HA,970,0,4095,0,0,4095,T
4-HA,971,3788,0,0,0,3788,A
4-HA,972,1,3723,0,2,3726,T
4-HA,973,0,1,3740,0,3741,G
4-HA,974,0,3730,0,0,3730,T
4-HA,975,0,3694,0,0,3694,T
4-HA,976,3725,1,2,0,3728,A
4-HA,977,3691,0,2,0,3693,A
4-HA,978,1,3,3734,1,3739,G
4-HA,979,0,0,0,3718,3718,C
4-HA,980,3659,1,0,6,3666,A
4-HA,981,3656,0,1,3,3660,A
4-HA,982,3649,0,1,0,3650,A
4-HA,983,3647,0,3,0,3650,A
4-HA,984,2,0,0,3651,3653,C
4-HA,985,3610,1,1,0,3612,A
4-HA,986,0,0,0,3646,3646,C
4-HA,987,1,3585,0,1,3587,T
4-HA,988,4,0,0,3605,3609,C
4-HA,989,1,3601,0,1,3603,T
4-HA,990,2,1,3622,0,3625,G
4-HA,991,3624,0,1,0,3625,A
4-HA,992,3606,0,2,2,3610,A
4-HA,993,3617,1,0,0,3618,A
4-HA,994,0,3591,0,1,3592,T
4-HA,995,0,3552,0,0,3552,T
4-HA,996,1,1,3585,1,3588,G
4-HA,997,1,0,3586,0,3587,G
4-HA,998,0,0,0,3602,3602,C
4-HA,999,3574,0,0,0,3574,A
4-HA,1000,3581,1,1,0,3583,A
4-HA,1001,2,0,2,3587,3591,C
4-HA,1002,3584,3,0,0,3587,A
4-HA,1003,1,9,3613,0,3623,G
4-HA,1004,1,10,3598,1,3610,G
4-HA,1005,3,4,3584,0,3591,G
4-HA,1006,3585,0,1,0,3586,A
4-HA,1007,0,3567,0,0,3567,T
4-HA,1008,1,0,3569,0,3570,G
4-HA,1009,1,2,0,3569,3572,C
4-HA,1010,1,2,3582,0,3585,G
4-HA,1011,3602,0,1,0,3603,A
4-HA,1012,3543,0,1,1,3545,A
4-HA,1013,3565,1,0,1,3567,A
4-HA,1014,0,3533,0,0,3533,T
4-HA,1015,2,3,3592,1,3598,G
4-HA,1016,0,3592,0,2,3594,T
4-HA,1017,3579,0,3,1,3583,A
4-HA,1018,1,0,0,3583,3584,C
4-HA,1019,2,2,0,3565,3569,C
4-HA,1020,3525,1,0,0,3526,A
4-HA,1021,0,1,3534,0,3535,G
4-HA,1022,3483,0,2,0,3485,A
4-HA,1023,2,3,3504,1,3510,G
4-HA,1024,3442,0,2,0,3444,A
4-HA,1025,3433,2,3,0,3438,A
4-HA,1026,3446,0,3,0,3449,A
4-HA,1027,2,1,0,3454,3457,C
4-HA,1028,3404,0,2,0,3406,A
4-HA,1029,3462,0,2,0,3464,A
4-HA,1030,3439,1,1,0,3441,A
4-HA,1031,2,0,0,3470,3472,C
4-HA,1032,0,3437,0,2,3439,T
4-HA,1033,3387,0,1,0,3388,A
4-HA,1034,0,3,3395,0,3398,G
4-HA,1035,3367,1,3,0,3371,A
4-HA,1036,0,1,3429,0,3430,G
4-HA,1037,0,1,3414,0,3415,G
4-HA,1038,0,0,0,3371,3371,C
4-HA,1039,3368,3,1,0,3372,A
4-HA,1040,0,3389,0,1,3390,T
4-HA,1041,3412,0,0,0,3412,A
4-HA,1042,1,3398,1,1,3401,T
4-HA,1043,0,3388,1,0,3389,T
4-HA,1044,1,3387,0,0,3388,T
4-HA,1045,4,4,3280,1,3289,G
4-HA,1046,0,2,3287,0,3289,G
4-HA,1047,1,3,0,3280,3284,C
4-HA,1048,3,1,3287,0,3291,G
4-HA,1049,0,1,0,3261,3262,C
4-HA,1050,3248,0,2,0,3250,A
4-HA,1051,3289,0,0,1,3290,A
4-HA,1052,1,3281,0,1,3283,T
4-HA,1053,3,0,0,3281,3284,C
4-HA,1054,0,1,3283,1,3285,G
4-HA,1055,0,2,0,3271,3273,C
4-HA,1056,0,4,3268,0,3272,G
4-HA,1057,0,2,3281,0,3283,G
4-HA,1058,1,1,3313,0,3315,G
4-HA,1059,1,3298,1,1,3301,T
4-HA,1060,0,3257,0,2,3259,T
4-HA,1061,1,3251,1,3,3256,T
4-HA,1062,0,0,1,3260,3261,C
4-HA,1063,3261,0,2,1,3264,A
4-HA,1064,1,3275,0,0,3276,T
4-HA,1065,3264,0,3,1,3268,A
4-HA,1066,1,2,3307,0,3310,G
4-HA,1067,3238,0,2,1,3241,A
4-HA,1068,3268,0,0,0,3268,A
4-HA,1069,3256,1,0,1,3258,A
4-HA,1070,3276,1,2,1,3280,A
4-HA,1071,0,3275,0,1,3276,T
4-HA,1072,0,2,3334,0,3336,G
4-HA,1073,0,0,3352,0,3352,G
4-HA,1074,1,3318,0,1,3320,T
4-HA,1075,1,3263,0,3,3267,T
4-HA,1076,1,8,3263,0,3272,G
4-HA,1077,1,6,3345,0,3352,G
4-HA,1078,3,3,3370,0,3376,G
4-HA,1079,3362,1,5,0,3368,A
4-HA,1080,2,8,3388,0,3398,G
4-HA,1081,2,6,3374,0,3382,G
4-HA,1082,2,1,3502,0,3505,G
4-HA,1083,3478,1,4,1,3484,A
4-HA,1084,3533,1,0,1,3535,A
4-HA,1085,0,3532,0,0,3532,T
4-HA,1086,6,2,3521,0,3529,G
4-HA,1087,1,2,3582,0,3585,G
4-HA,1088,1,3551,0,0,3552,T
4-HA,1089,0,6,3555,0,3561,G
4-HA,1090,0,1,3541,0,3542,G
4-HA,1091,3469,1,4,0,3474,A
4-HA,1092,1,3481,0,0,3482,T
4-HA,1093,0,5,3529,0,3534,G
4-HA,1094,2,1,3585,0,3588,G
4-HA,1095,0,3546,0,1,3547,T
4-HA,1096,2,3465,0,0,3467,T
4-HA,1097,1,1,3475,0,3477,G
4-HA,1098,1,1,3523,0,3525,G
4-HA,1099,1,3522,0,0,3523,T
4-HA,1100,3520,0,3,0,3523,A
4-HA,1101,0,0,0,3356,3356,C
4-HA,1102,0,5,3369,0,3374,G
4-HA,1103,0,6,3484,0,3490,G
4-HA,1104,0,3482,0,6,3488,T
4-HA,1105,1,3483,0,2,3486,T
4-HA,1106,1,3483,0,0,3484,T
4-HA,1107,0,1,1,3434,3436,C
4-HA,1108,3421,0,7,0,3428,A
4-HA,1109,0,1,3424,0,3425,G
4-HA,1110,0,4,3409,0,3413,G
4-HA,1111,1,0,0,3406,3407,C
4-HA,1112,3306,0,1,0,3307,A
4-HA,1113,0,3318,0,2,3320,T
4-HA,1114,1,2,0,3319,3322,C
4-HA,1115,3324,1,3,0,3328,A
4-HA,1116,3328,0,0,0,3328,A
4-HA,1117,3325,1,1,0,3327,A
4-HA,1118,3333,1,0,0,3334,A
4-HA,1119,0,3337,0,0,3337,T
4-HA,1120,1,3333,0,1,3335,T
4-HA,1121,1,0,0,3337,3338,C
4-HA,1122,1,3330,0,0,3331,T
4-HA,1123,0,0,3334,0,3334,G
4-HA,1124,3321,2,5,0,3328,A
4-HA,1125,3312,1,1,1,3315,A
4-HA,1126,0,0,3337,0,3337,G
4-HA,1127,12,2,3374,0,3388,G
4-HA,1128,3381,0,3,0,3384,A
4-HA,1129,3381,1,3,0,3385,A
4-HA,1130,2,0,3348,0,3350,G
4-HA,1131,3381,1,3,0,3385,A
4-HA,1132,0,2,3410,1,3413,G
4-HA,1133,1,4,3423,0,3428,G
4-HA,1134,3431,0,4,0,3435,A
4-HA,1135,0,1,0,3424,3425,C
4-HA,1136,3406,1,2,0,3409,A
4-HA,1137,3404,0,5,0,3409,A
4-HA,1138,14,1,3394,0,3409,G
4-HA,1139,1,0,0,3421,3422,C
4-HA,1140,3376,0,0,1,3377,A
4-HA,1141,1,0,3386,0,3387,G
4-HA,1142,1,1,0,3375,3377,C
4-HA,1143,3365,1,0,0,3366,A
4-HA,1144,1,2,3401,0,3404,G
4-HA,1145,3381,0,0,0,3381,A
4-HA,1146,1,3452,1,0,3454,T
4-HA,1147,0,0,0,3483,3483,C
4-HA,1148,2,3449,0,4,3455,T
4-HA,1149,3,1,0,3489,3493,C
4-HA,1150,3463,0,0,0,3463,A
4-HA,1151,3491,1,1,0,3493,A
4-HA,1152,3487,1,0,0,3488,A
4-HA,1153,3421,1,7,0,3429,A
4-HA,1154,1,1,3436,0,3438,G
4-HA,1155,1,1,0,3383,3385,C
4-HA,1156,3355,0,0,0,3355,A
4-HA,1157,4,2,0,3415,3421,C
4-HA,1158,0,3405,0,4,3409,T
4-HA,1159,5,2,0,3415,3422,C
4-HA,1160,3416,0,1,0,3417,A
4-HA,1161,3478,0,2,0,3480,A
4-HA,1162,0,1,3478,0,3479,G
4-HA,1163,1,2,0,3481,3484,C
4-HA,1164,3460,1,3,0,3464,A
4-HA,1165,0,0,3478,0,3478,G
4-HA,1166,3,0,0,3418,3421,C
4-HA,1167,3415,0,0,0,3415,A
4-HA,1168,3416,1,0,0,3417,A
4-HA,1169,0,3404,0,0,3404,T
4-HA,1170,2,4,0,3301,3307,C
4-HA,1171,0,3,3329,0,3332,G
4-HA,1172,3319,1,13,0,3333,A
4-HA,1173,1,3320,0,0,3321,T
4-HA,1174,2,1,0,3306,3309,C
4-HA,1175,3305,0,2,1,3308,A
4-HA,1176,3392,1,2,0,3395,A
4-HA,1177,3402,1,1,1,3405,A
4-HA,1178,0,3389,0,1,3390,T
4-HA,1179,2,0,0,3402,3404,C
4-HA,1180,3360,1,1,0,3362,A
4-HA,1181,3387,1,1,1,3390,A
4-HA,1182,0,3380,0,0,3380,T
4-HA,1183,0,6,3387,0,3393,G
4-HA,1184,1,4,3371,0,3376,G
4-HA,1185,1,1,3348,0,3350,G
4-HA,1186,3368,1,2,0,3371,A
4-HA,1187,3351,2,8,0,3361,A
4-HA,1188,0,0,3395,0,3395,G
4-HA,1189,2,24,0,3378,3404,C
4-HA,1190,1,3378,0,1,3380,T
4-HA,1191,1,1,3520,2,3524,G
4-HA,1192,3511,1,3,0,3515,A
4-HA,1193,3523,0,1,0,3524,A
4-HA,1194,1,3524,0,0,3525,T
4-HA,1195,3435,0,1,1,3437,A
4-HA,1196,0,2,3429,0,3431,G
4-HA,1197,3205,1,2,0,3208,A
4-HA,1198,0,3220,0,1,3221,T
4-HA,1199,1,3226,0,2,3229,T
4-HA,1200,0,2,3244,0,3246,G
4-HA,1201,3234,0,2,0,3236,A
4-HA,1202,1,3224,0,0,3225,T
4-HA,1203,1,1,1,3225,3228,C
4-HA,1204,2,1,3228,0,3231,G
4-HA,1205,2,3,3220,0,3225,G
4-HA,1206,0,1,3237,1,3239,G
4-HA,1207,3227,0,1,1,3229,A
4-HA,1208,3231,0,2,0,3233,A
4-HA,1209,3211,0,1,0,3212,A
4-HA,1210,3225,1,1,0,3227,A
4-HA,1211,0,0,0,3231,3231,C
4-HA,1212,2,0,0,3230,3232,C
4-HA,1213,3212,1,1,0,3214,A
4-HA,1214,3211,0,0,0,3211,A
4-HA,1215,1,1,0,3208,3210,C
4-HA,1216,1,4,3217,0,3222,G
4-HA,1217,3220,1,1,0,3222,A
4-HA,1218,0,0,3223,0,3223,G
4-HA,1219,3204,0,1,0,3205,A
4-HA,1220,3228,0,0,0,3228,A
4-HA,1221,3222,2,0,0,3224,A
4-HA,1222,1,3227,0,1,3229,T
4-HA,1223,0,3230,0,0,3230,T
4-HA,1224,2,1,0,3239,3242,C
4-HA,1225,3,2,0,3226,3231,C
4-HA,1226,3238,1,2,0,3241,A
4-HA,1227,1,3232,0,1,3234,T
4-HA,1228,2,0,0,3228,3230,C
4-HA,1229,3213,1,1,0,3215,A
4-HA,1230,0,28,3194,0,3222,G
4-HA,1231,3210,1,1,1,3213,A
4-HA,1232,0,3210,0,0,3210,T
4-HA,1233,0,3202,0,3,3205,T
4-HA,1234,0,2,3225,0,3227,G
4-HA,1235,3225,0,1,0,3226,A
4-HA,1236,3225,0,2,0,3227,A
4-HA,1237,3224,0,1,0,3225,A
4-HA,1238,3222,0,1,0,3223,A
4-HA,1239,3184,0,5,0,3189,A
4-HA,1240,0,1,3196,0,3197,G
4-HA,1241,3191,0,0,0,3191,A
4-HA,1242,3204,0,0,0,3204,A
4-HA,1243,0,3171,0,0,3171,T
4-HA,1244,0,3175,0,1,3176,T
4-HA,1245,1,0,0,3183,3184,C
4-HA,1246,0,3184,0,1,3185,T
4-HA,1247,1,0,0,3185,3186,C
4-HA,1248,3187,0,0,0,3187,A
4-HA,1249,0,0,3190,0,3190,G
4-HA,1250,3189,1,1,0,3191,A
4-HA,1251,3178,0,3,0,3181,A
4-HA,1252,0,1,3208,1,3210,G
4-HA,1253,1,3198,0,1,3200,T
4-HA,1254,4,80,0,3113,3197,C
4-HA,1255,1,3,3194,0,3198,G
4-HA,1256,3198,1,2,0,3201,A
4-HA,1257,3190,0,3,0,3193,A
4-HA,1258,0,6,3191,0,3197,G
4-HA,1259,0,2,3203,0,3205,G
4-HA,1260,0,1,3211,0,3212,G
4-HA,1261,3158,2,7,0,3167,A
4-HA,1262,0,3,3173,0,3176,G
4-HA,1263,3170,0,2,0,3172,A
4-HA,1264,3346,0,1,1,3348,A
4-HA,1265,0,3345,0,1,3346,T
4-HA,1266,1,3335,1,2,3339,T
4-HA,1267,2,2,0,3338,3342,C
4-HA,1268,3282,0,3,0,3285,A
4-HA,1269,1,4,3287,0,3292,G
4-HA,1270,0,1,3290,0,3291,G
4-HA,1271,3287,0,3,0,3290,A
4-HA,1272,2,0,0,3290,3292,C
4-HA,1273,2,0,0,3080,3082,C
4-HA,1274,1,3063,1,3,3068,T
4-HA,1275,0,3033,0,48,3081,T
4-HA,1276,1,0,3107,0,3108,G
4-HA,1277,3103,0,2,0,3105,A
4-HA,1278,0,1,3161,0,3162,G
4-HA,1279,3137,0,0,0,3137,A
4-HA,1280,3018,0,3,1,3022,A
4-HA,1281,3011,1,2,0,3014,A
4-HA,1282,0,2989,0,1,2990,T
4-HA,1283,3084,1,2,1,3088,A
4-HA,1284,0,3069,1,1,3071,T
4-HA,1285,1,1,3108,0,3110,G
4-HA,1286,0,3109,0,4,3113,T
4-HA,1287,3,3031,0,1,3035,T
4-HA,1288,0,1,3040,0,3041,G
4-HA,1289,3025,0,0,0,3025,A
4-HA,1290,1,3,3045,1,3050,G
4-HA,1291,0,2,3021,0,3023,G
4-HA,1292,2958,3,3,0,2964,A
4-HA,1293,1,0,0,3019,3020,C
4-HA,1294,2997,1,1,0,2999,A
4-HA,1295,0,1,0,3058,3059,C
4-HA,1296,2,1,1,3054,3058,C
4-HA,1297,3064,0,0,0,3064,A
4-HA,1298,3135,1,1,1,3138,A
4-HA,1299,3122,0,0,0,3122,A
4-HA,1300,3142,0,0,0,3142,A
4-HA,1301,0,3140,0,2,3142,T
4-HA,1302,3068,1,1,1,3071,A
4-HA,1303,0,4,3096,0,3100,G
4-HA,1304,3038,0,2,0,3040,A
4-HA,1305,0,3071,0,3,3074,T
4-HA,1306,2,1,0,3070,3073,C
4-HA,1307,1,3010,1,2,3014,T
4-HA,1308,5,0,0,3060,3065,C
4-HA,1309,0,3044,0,1,3045,T
4-HA,1310,0,0,3092,0,3092,G
4-HA,1311,0,0,3165,0,3165,G
4-HA,1312,0,3152,1,1,3154,T
4-HA,1313,4,0,0,3149,3153,C
4-HA,1314,3159,1,1,0,3161,A
4-HA,1315,0,3162,0,2,3164,T
4-HA,1316,3165,0,2,0,3167,A
4-HA,1317,0,1,0,3163,3164,C
4-HA,1318,3061,0,0,0,3061,A
4-HA,1319,3073,0,1,0,3074,A
4-HA,1320,0,0,0,2995,2995,C
4-HA,1321,0,0,2990,0,2990,G
4-HA,1322,2,1,1,2977,2981,C
4-HA,1323,2,4,2966,0,2972,G
4-HA,1324,0,2,2991,0,2993,G
4-HA,1325,2991,0,0,0,2991,A
4-HA,1326,0,0,3035,1,3036,G
4-HA,1327,0,0,0,3030,3030,C
4-HA,1328,0,3002,0,3,3005,T
4-HA,1329,0,3040,2,1,3043,T
4-HA,1330,1,0,0,3039,3040,C
4-HA,1331,0,3052,0,1,3053,T
4-HA,1332,3,3052,0,1,3056,T
4-HA,1333,1,0,3051,0,3052,G
4-HA,1334,1,3041,0,3,3045,T
4-HA,1335,0,3007,0,1,3008,T
4-HA,1336,0,0,3058,0,3058,G
4-HA,1337,0,2,0,3046,3048,C
4-HA,1338,6,1,0,3037,3044,C
4-HA,1339,5,4,0,3050,3059,C
4-HA,1340,1,3041,0,4,3046,T
4-HA,1341,0,3,3062,0,3065,G
4-HA,1342,0,0,3068,0,3068,G
4-HA,1343,3064,0,2,0,3066,A
4-HA,1344,0,1,3079,0,3080,G
4-HA,1345,3029,1,1,0,3031,A
4-HA,1346,3041,1,1,0,3043,A
4-HA,1347,0,0,1,3071,3072,C
4-HA,1348,2,1,0,3058,3061,C
4-HA,1349,3063,0,0,0,3063,A
4-HA,1350,3166,0,0,0,3166,A
4-HA,1351,2,1,0,3168,3171,C
4-HA,1352,3180,0,2,0,3182,A
4-HA,1353,1,3168,0,2,3171,T
4-HA,1354,3162,0,0,0,3162,A
4-HA,1355,2,0,0,3210,3212,C
4-HA,1356,3142,0,0,0,3142,A
4-HA,1357,3146,0,0,0,3146,A
4-HA,1358,1,3134,0,1,3136,T
4-HA,1359,0,3008,0,1,3009,T
4-HA,1360,1,1,3067,0,3069,G
4-HA,1361,3080,0,1,0,3081,A
4-HA,1362,2,3070,1,2,3075,T
4-HA,1363,2,0,0,3082,3084,C
4-HA,1364,0,3035,0,3,3038,T
4-HA,1365,3078,0,1,0,3079,A
4-HA,1366,3072,2,0,0,3074,A
4-HA,1367,1,1,1,3076,3079,C
4-HA,1368,0,3069,0,1,3070,T
4-HA,1369,0,5,3077,0,3082,G
4-HA,1370,3103,0,1,0,3104,A
4-HA,1371,1,0,0,3106,3107,C
4-HA,1372,0,3091,0,1,3092,T
4-HA,1373,2,1,0,3104,3107,C
4-HA,1374,3076,0,5,0,3081,A
4-HA,1375,0,1,3077,0,3078,G
4-HA,1376,3070,1,3,0,3074,A
4-HA,1377,0,0,2963,0,2963,G
4-HA,1378,3033,0,3,0,3036,A
4-HA,1379,1,3054,0,1,3056,T
4-HA,1380,1,5,3083,0,3089,G
4-HA,1381,3086,0,2,0,3088,A
4-HA,1382,3092,0,3,0,3095,A
4-HA,1383,2,0,0,3094,3096,C
4-HA,1384,3048,1,0,0,3049,A
4-HA,1385,3046,0,3,0,3049,A
4-HA,1386,3026,2,1,0,3029,A
4-HA,1387,1,0,0,3034,3035,C
4-HA,1388,0,2995,0,1,2996,T
4-HA,1389,1,1,3008,0,3010,G
4-HA,1390,1,2973,1,1,2976,T
4-HA,1391,0,2959,1,1,2961,T
4-HA,1392,0,2965,1,1,2967,T
4-HA,1393,0,1,2972,0,2973,G
4-HA,1394,2960,0,1,11,2972,A
4-HA,1395,2972,0,1,0,2973,A
4-HA,1396,2963,1,2,0,2966,A
4-HA,1397,2968,0,0,0,2968,A
4-HA,1398,2957,1,1,0,2959,A
4-HA,1399,2961,0,0,1,2962,A
4-HA,1400,0,0,0,2963,2963,C
4-HA,1401,2964,1,0,0,2965,A
4-HA,1402,2964,1,0,0,2965,A
4-HA,1403,2965,0,1,0,2966,A
4-HA,1404,0,2,2977,0,2979,G
4-HA,1405,2988,1,2,0,2991,A
4-HA,1406,2981,0,1,0,2982,A
4-HA,1407,0,0,2984,0,2984,G
4-HA,1408,2,2,0,2980,2984,C
4-HA,1409,2985,0,2,0,2987,A
4-HA,1410,3008,0,2,0,3010,A
4-HA,1411,0,1,0,3011,3012,C
4-HA,1412,0,2994,0,0,2994,T
4-HA,1413,1,0,3007,0,3008,G
4-HA,1414,2969,0,9,0,2978,A
4-HA,1415,0,7,2994,0,3001,G
4-HA,1416,1,2,3000,0,3003,G
4-HA,1417,0,1,3006,1,3008,G
4-HA,1418,3002,1,1,0,3004,A
4-HA,1419,2982,0,0,0,2982,A
4-HA,1420,2962,0,1,0,2963,A
4-HA,1421,2988,0,0,0,2988,A
4-HA,1422,0,2976,0,0,2976,T
4-HA,1423,0,1,2992,0,2993,G
4-HA,1424,1,1,1,2983,2986,C
4-HA,1425,0,2963,0,1,2964,T
4-HA,1426,0,4,2965,0,2969,G
4-HA,1427,2957,1,3,0,2961,A
4-HA,1428,1,1,3082,0,3084,G
4-HA,1429,0,0,3127,2,3129,G
4-HA,1430,3082,4,2,0,3088,A
4-HA,1431,0,3075,0,1,3076,T
4-HA,1432,3052,0,2,1,3055,A
4-HA,1433,0,3051,0,0,3051,T
4-HA,1434,1,3,3061,0,3065,G
4-HA,1435,2,0,3085,0,3087,G
4-HA,1436,1,1,3075,1,3078,G
4-HA,1437,1,1,0,2922,2924,C
4-HA,1438,2827,0,3,0,2830,A
4-HA,1439,2831,0,2,0,2833,A
4-HA,1440,0,2822,0,0,2822,T
4-HA,1441,0,0,2831,0,2831,G
4-HA,1442,0,2,2830,0,2832,G
4-HA,1443,0,2795,0,4,2799,T
4-HA,1444,0,2726,0,0,2726,T
4-HA,1445,0,1,2746,0,2747,G
4-HA,1446,0,2766,0,5,2771,T
4-HA,1447,0,2774,2,0,2776,T
4-HA,1448,1,2767,1,1,2770,T
4-HA,1449,0,1,1,2772,2774,C
4-HA,1450,2777,1,3,0,2781,A
4-HA,1451,2784,0,3,0,2787,A
4-HA,1452,2782,0,1,0,2783,A
4-HA,1453,2812,0,0,0,2812,A
4-HA,1454,0,2803,0,0,2803,T
4-HA,1455,2783,0,0,0,2783,A
4-HA,1456,0,2789,1,0,2790,T
4-HA,1457,2784,0,1,0,2785,A
4-HA,1458,0,1,0,2807,2808,C
4-HA,1459,4,0,0,2789,2793,C
4-HA,1460,2794,0,0,0,2794,A
4-HA,1461,1,1,0,2793,2795,C
4-HA,1462,2784,1,0,0,2785,A
4-HA,1463,2789,1,2,0,2792,A
4-HA,1464,2797,0,0,0,2797,A
4-HA,1465,0,2793,0,1,2794,T
4-HA,1466,3,0,2797,0,2800,G
4-HA,1467,0,2772,0,1,2773,T
4-HA,1468,0,3,2793,0,2796,G
4-HA,1469,2791,1,3,0,2795,A
4-HA,1470,1,2,0,2784,2787,C
4-HA,1471,2755,0,0,0,2755,A
4-HA,1472,2751,0,0,0,2751,A
4-HA,1473,0,2773,0,0,2773,T
4-HA,1474,0,0,2806,0,2806,G
4-HA,1475,0,2,0,2785,2787,C
4-HA,1476,1,0,0,2790,2791,C
4-HA,1477,1,2772,0,0,2773,T
4-HA,1478,2,1,2875,0,2878,G
4-HA,1479,25,0,1,2855,2881,C
4-HA,1480,2885,1,0,0,2886,A
4-HA,1481,0,2886,0,1,2887,T
4-HA,1482,2796,0,2,0,2798,A
4-HA,1483,0,1,2793,0,2794,G
4-HA,1484,0,2,2773,0,2775,G
4-HA,1485,2756,1,0,0,2757,A
4-HA,1486,1,2749,0,0,2750,T
4-HA,1487,0,1,0,2597,2598,C
4-HA,1488,2588,1,0,0,2589,A
4-HA,1489,2599,0,0,0,2599,A
4-HA,1490,0,2593,0,0,2593,T
4-HA,1491,1,0,0,2600,2601,C
4-HA,1492,2555,0,1,0,2556,A
4-HA,1493,1,3,2562,0,2566,G
4-HA,1494,2562,0,0,0,2562,A
4-HA,1495,2565,1,3,0,2569,A
4-HA,1496,2562,1,0,0,2563,A
4-HA,1497,0,2544,0,1,2545,T
4-HA,1498,0,2,2532,0,2534,G
4-HA,1499,1,0,2531,0,2532,G
4-HA,1500,2532,1,2,1,2536,A
4-HA,1501,2553,0,0,1,2554,A
4-HA,1502,1,2,0,2521,2524,C
4-HA,1503,1,2490,1,0,2492,T
4-HA,1504,0,2512,0,2,2514,T
4-HA,1505,2511,0,0,1,2512,A
4-HA,1506,0,2511,0,0,2511,T
4-HA,1507,14,2,2495,0,2511,G
4-HA,1508,2513,0,2,1,2516,A
4-HA,1509,2,0,0,2515,2517,C
4-HA,1510,3,0,1,2493,2497,C
4-HA,1511,2486,0,0,1,2487,A
4-HA,1512,2,2,0,2533,2537,C
4-HA,1513,0,3,2608,0,2611,G
4-HA,1514,2653,0,2,1,2656,A
4-HA,1515,0,2690,0,0,2690,T
4-HA,1516,1,1,2776,0,2778,G
4-HA,1517,1,2755,0,1,2757,T
4-HA,1518,2830,0,2,0,2832,A
4-HA,1519,0,2836,0,2,2838,T
4-HA,1520,2830,0,4,1,2835,A
4-HA,1521,0,4,0,2826,2830,C
4-HA,1522,2503,0,0,0,2503,A
4-HA,1523,1,0,2529,0,2530,G
4-HA,1524,2387,0,1,0,2388,A
4-HA,1525,0,0,2322,0,2322,G
4-HA,1526,2307,1,0,0,2308,A
4-HA,1527,0,2144,0,1,2145,T
4-HA,1528,0,4,2137,0,2141,G
4-HA,1529,2134,1,0,0,2135,A
4-HA,1530,2131,0,1,0,2132,A
4-HA,1531,1,0,2170,0,2171,G
4-HA,1532,0,0,0,2123,2123,C
4-HA,1533,2112,0,0,0,2112,A
4-HA,1534,1,2099,0,0,2100,T
4-HA,1535,0,2095,0,3,2098,T
4-HA,1536,2108,0,0,0,2108,A
4-HA,1537,2109,0,0,0,2109,A
4-HA,1538,2108,1,1,0,2110,A
4-HA,1539,2,0,0,2106,2108,C
4-HA,1540,2047,0,0,0,2047,A
4-HA,1541,2050,0,1,0,2051,A
4-HA,1542,0,0,0,2048,2048,C
4-HA,1543,6,0,0,2032,2038,C
4-HA,1544,3,3,2031,0,2037,G
4-HA,1545,0,0,2071,0,2071,G
4-HA,1546,0,2072,0,2,2074,T
4-HA,1547,2,2056,0,11,2069,T
4-HA,1548,1,0,0,2068,2069,C
4-HA,1549,2,0,0,2069,2071,C
4-HA,1550,2060,0,1,0,2061,A
4-HA,1551,2,1,2078,0,2081,G
4-HA,1552,2080,0,1,0,2081,A
4-HA,1553,1,2073,0,1,2075,T
4-HA,1554,1,0,0,1992,1993,C
4-HA,1555,1974,0,1,0,1975,A
4-HA,1556,1973,0,0,0,1973,A
4-HA,1557,17,7,1949,0,1973,G
4-HA,1558,1,0,1965,0,1966,G
4-HA,1559,1,0,1973,0,1974,G
4-HA,1560,1893,0,0,0,1893,A
4-HA,1561,0,0,1916,0,1916,G
4-HA,1562,0,1914,0,0,1914,T
4-HA,1563,0,1914,0,0,1914,T
4-HA,1564,0,3,1930,0,1933,G
4-HA,1565,1924,0,0,0,1924,A
4-HA,1566,0,1,1928,0,1929,G
4-HA,1567,0,0,0,1924,1924,C
4-HA,1568,0,1896,0,3,1899,T
4-HA,1569,1,0,1903,1,1905,G
4-HA,1570,1884,0,4,0,1888,A
4-HA,1571,1894,0,2,0,1896,A
4-HA,1572,0,0,1898,0,1898,G
4-HA,1573,0,1857,0,0,1857,T
4-HA,1574,1,0,0,1850,1851,C
4-HA,1575,1828,0,0,0,1828,A
4-HA,1576,0,2,1829,0,1831,G
4-HA,1577,0,2,1827,0,1829,G
4-HA,1578,0,0,1790,0,1790,G
4-HA,1579,1,1839,0,1,1841,T
4-HA,1580,1841,1,2,0,1844,A
4-HA,1581,0,2,0,1839,1841,C
4-HA,1582,1830,0,1,0,1831,A
4-HA,1583,1834,0,0,0,1834,A
4-HA,1584,1829,0,1,0,1830,A
4-HA,1585,0,0,1826,0,1826,G
4-HA,1586,1774,1,0,0,1775,A
4-HA,1587,0,1726,0,0,1726,T
4-HA,1588,0,1703,1,0,1704,T
4-HA,1589,0,2,1687,0,1689,G
4-HA,1590,0,1,1692,0,1693,G
4-HA,1591,1693,0,2,0,1695,A
4-HA,1592,1,1691,0,1,1693,T
4-HA,1593,2,0,0,1690,1692,C
4-HA,1594,2,0,0,1664,1666,C
4-HA,1595,0,1647,0,0,1647,T
4-HA,1596,1654,0,1,0,1655,A
4-HA,1597,0,1655,0,0,1655,T
4-HA,1598,0,0,1654,0,1654,G
4-HA,1599,1,2,1646,0,1649,G
4-HA,1600,1613,0,1,0,1614,A
4-HA,1601,0,1605,0,1,1606,T
4-HA,1602,0,1595,0,0,1595,T
4-HA,1603,0,1600,0,0,1600,T
4-HA,1604,0,0,0,1610,1610,C
4-HA,1605,2,0,0,1596,1598,C
4-HA,1606,0,1574,0,2,1576,T
4-HA,1607,0,1573,0,2,1575,T
4-HA,1608,0,1564,0,0,1564,T
4-HA,1609,0,0,1576,0,1576,G
4-HA,1610,0,1,0,1566,1567,C
4-HA,1611,3,0,0,1564,1567,C
4-HA,1612,1537,0,1,0,1538,A
4-HA,1613,0,1529,0,0,1529,T
4-HA,1614,1540,1,0,0,1541,A
4-HA,1615,1,1539,0,1,1541,T
4-HA,1616,3,0,0,1528,1531,C
4-HA,1617,1531,0,0,0,1531,A
4-HA,1618,1,1503,0,1,1505,T
4-HA,1619,16,0,1495,0,1511,G
4-HA,1620,0,1497,0,0,1497,T
4-HA,1621,1,1480,0,0,1481,T
4-HA,1622,0,1481,0,0,1481,T
4-HA,1623,0,1459,0,0,1459,T
4-HA,1624,0,1454,0,1,1455,T
4-HA,1625,0,1452,0,1,1453,T
4-HA,1626,0,0,1455,0,1455,G
4-HA,1627,1,0,0,1449,1450,C
4-HA,1628,0,1420,0,2,1422,T
4-HA,1629,2,1419,0,1,1422,T
4-HA,1630,0,1411,0,0,1411,T
4-HA,1631,0,0,1428,0,1428,G
4-HA,1632,1,1425,0,0,1426,T
4-HA,1633,0,0,1424,0,1424,G
4-HA,1634,0,1428,0,0,1428,T
4-HA,1635,1,1404,0,0,1405,T
4-HA,1636,0,0,1413,0,1413,G
4-HA,1637,1,0,0,1406,1407,C
4-HA,1638,0,1401,0,2,1403,T
4-HA,1639,0,1409,0,1,1410,T
4-HA,1640,1,1331,0,0,1332,T
4-HA,1641,1,2,1337,0,1340,G
4-HA,1642,0,1335,0,0,1335,T
4-HA,1643,0,1331,0,0,1331,T
4-HA,1644,0,5,1327,0,1332,G
4-HA,1645,0,3,1288,0,1291,G
4-HA,1646,1,2,1287,0,1290,G
4-HA,1647,0,0,1293,0,1293,G
4-HA,1648,1,1242,0,2,1245,T
4-HA,1649,0,1233,0,2,1235,T
4-HA,1650,1,1,0,1206,1208,C
4-HA,1651,1196,0,1,0,1197,A
4-HA,1652,0,1201,0,1,1202,T
4-HA,1653,0,0,0,1190,1190,C
4-HA,1654,1167,0,0,0,1167,A
4-HA,1655,0,1131,0,4,1135,T
4-HA,1656,0,0,1122,0,1122,G
4-HA,1657,1,1097,0,2,1100,T
4-HA,1658,2,1,1087,0,1090,G
4-HA,1659,0,0,1048,0,1048,G
4-HA,1660,0,0,1036,0,1036,G
4-HA,1661,0,0,0,1020,1020,C
4-HA,1662,0,0,0,987,987,C
4-HA,1663,0,927,1,2,930,T
4-HA,1664,1,1,932,0,934,G
4-HA,1665,2,0,0,923,925,C
4-HA,1666,0,0,0,935,935,C
4-HA,1667,925,0,2,0,927,A
4-HA,1668,922,0,0,0,922,A
4-HA,1669,922,0,0,0,922,A
4-HA,1670,918,0,0,0,918,A
4-HA,1671,917,0,1,0,918,A
4-HA,1672,0,0,917,0,917,G
4-HA,1673,2,0,882,0,884,G
4-HA,1674,0,1,0,869,870,C
4-HA,1675,865,0,0,0,865,A
4-HA,1676,869,0,0,0,869,A
4-HA,1677,0,0,0,866,866,C
4-HA,1678,869,0,0,0,869,A
4-HA,1679,0,867,0,0,867,T
4-HA,1680,0,860,0,0,860,T
4-HA,1681,842,0,1,0,843,A
4-HA,1682,0,2,838,0,840,G
4-HA,1683,0,0,839,0,839,G
4-HA,1684,0,810,0,0,810,T
4-HA,1685,0,0,756,0,756,G
4-HA,1686,0,0,0,723,723,C
4-HA,1687,719,0,1,0,720,A
4-HA,1688,718,0,1,0,719,A
4-HA,1689,1,0,0,717,718,C
4-HA,1690,707,0,0,0,707,A
4-HA,1691,0,686,0,0,686,T
4-HA,1692,0,636,0,1,637,T
4-HA,1693,0,636,0,0,636,T
4-HA,1694,0,0,635,0,635,G
4-HA,1695,1,0,0,625,626,C
4-HA,1696,625,0,1,0,626,A
4-HA,1697,0,595,0,0,595,T
4-HA,1698,0,575,0,0,575,T
4-HA,1699,0,560,0,0,560,T
4-HA,1700,0,0,561,0,561,G
4-HA,1701,538,0,0,0,538,A
5-NP,1,231,0,0,0,231,A
5-NP,2,0,233,0,0,233,T
5-NP,3,0,0,233,0,233,G
5-NP,4,0,0,234,0,234,G
5-NP,5,0,0,0,236,236,C
5-NP,6,0,1,243,0,244,G
5-NP,7,0,256,0,0,256,T
5-NP,8,0,0,0,260,260,C
5-NP,9,0,0,0,261,261,C
5-NP,10,0,0,0,262,262,C
5-NP,11,261,0,0,0,261,A
5-NP,12,262,0,0,0,262,A
5-NP,13,0,0,267,0,267,G
5-NP,14,0,0,271,0,271,G
5-NP,15,0,0,0,275,275,C
5-NP,16,275,0,0,0,275,A
5-NP,17,0,0,0,278,278,C
5-NP,18,0,0,0,278,278,C
5-NP,19,281,0,0,0,281,A
5-NP,20,281,0,0,0,281,A
5-NP,21,280,0,1,0,281,A
5-NP,22,0,1,0,281,282,C
5-NP,23,0,0,283,0,283,G
5-NP,24,0,0,311,0,311,G
5-NP,25,0,309,0,0,309,T
5-NP,26,0,0,0,330,330,C
5-NP,27,0,328,0,0,328,T
5-NP,28,0,332,0,0,332,T
5-NP,29,332,0,0,0,332,A
5-NP,30,0,330,0,0,330,T
5-NP,31,0,0,337,0,337,G
5-NP,32,335,1,0,0,336,A
5-NP,33,335,0,0,0,335,A
5-NP,34,0,0,0,337,337,C
5-NP,35,332,0,0,0,332,A
5-NP,36,0,0,358,0,358,G
5-NP,37,358,0,0,0,358,A
5-NP,38,0,356,0,0,356,T
5-NP,39,1,0,356,0,357,G
5-NP,40,0,0,360,0,360,G
5-NP,41,362,0,0,0,362,A
5-NP,42,361,0,0,0,361,A
5-NP,43,363,1,1,0,365,A
5-NP,44,1,0,0,374,375,C
5-NP,45,0,366,0,1,367,T
5-NP,46,0,0,366,0,366,G
5-NP,47,365,0,0,0,365,A
5-NP,48,0,367,0,0,367,T
5-NP,49,1,4,361,0,366,G
5-NP,50,0,1,366,0,367,G
5-NP,51,0,1,365,0,366,G
5-NP,52,0,0,368,0,368,G
5-NP,53,362,0,0,0,362,A
5-NP,54,0,363,0,0,363,T
5-NP,55,0,0,0,364,364,C
5-NP,56,0,0,363,0,363,G
5-NP,57,0,0,0,371,371,C
5-NP,58,0,0,0,372,372,C
5-NP,59,370,0,0,0,370,A
5-NP,60,0,0,373,0,373,G
5-NP,61,374,0,0,0,374,A
5-NP,62,380,0,0,0,380,A
5-NP,63,0,379,0,0,379,T
5-NP,64,0,0,378,0,378,G
5-NP,65,0,0,0,388,388,C
5-NP,66,383,0,0,0,383,A
5-NP,67,391,0,0,0,391,A
5-NP,68,0,0,0,390,390,C
5-NP,69,0,390,0,0,390,T
5-NP,70,0,0,396,0,396,G
5-NP,71,399,0,1,0,400,A
5-NP,72,0,0,419,0,419,G
5-NP,73,418,0,0,0,418,A
5-NP,74,0,416,0,0,416,T
5-NP,75,0,416,0,1,417,T
5-NP,76,415,0,0,0,415,A
5-NP,77,0,2,413,0,415,G
5-NP,78,0,1,415,0,416,G
5-NP,79,1,0,415,0,416,G
5-NP,80,0,0,0,413,413,C
5-NP,81,408,0,0,1,409,A
5-NP,82,0,410,0,2,412,T
5-NP,83,0,0,0,413,413,C
5-NP,84,0,0,0,413,413,C
5-NP,85,0,0,418,0,418,G
5-NP,86,0,417,0,0,417,T
5-NP,87,1,1,0,417,419,C
5-NP,88,0,2,417,0,419,G
5-NP,89,0,0,420,0,420,G
5-NP,90,0,0,425,0,425,G
5-NP,91,422,0,1,0,423,A
5-NP,92,426,0,0,0,426,A
5-NP,93,0,0,429,0,429,G
5-NP,94,428,1,0,0,429,A
5-NP,95,0,428,0,0,428,T
5-NP,96,0,1,429,0,430,G
5-NP,97,427,0,0,0,427,A
5-NP,98,0,431,0,0,431,T
5-NP,99,1,427,0,1,429,T
5-NP,100,0,0,430,0,430,G
5-NP,101,426,1,1,0,428,A
5-NP,102,0,429,0,1,430,T
5-NP,103,0,4,427,0,431,G
5-NP,104,0,2,425,0,427,G
5-NP,105,0,1,426,0,427,G
5-NP,106,451,0,0,1,452,A
5-NP,107,0,453,0,0,453,T
5-NP,108,0,454,0,0,454,T
5-NP,109,0,1,454,0,455,G
5-NP,110,0,0,453,0,453,G
5-NP,111,0,0,455,0,455,G
5-NP,112,454,0,0,0,454,A
5-NP,113,0,0,453,0,453,G
5-NP,114,447,0,0,0,447,A
5-NP,115,0,460,0,0,460,T
5-NP,116,0,461,0,0,461,T
5-NP,117,0,0,0,463,463,C
5-NP,118,0,461,0,1,462,T
5-NP,119,474,0,0,1,475,A
5-NP,120,0,0,0,474,474,C
5-NP,121,481,0,0,1,482,A
5-NP,122,1,486,0,0,487,T
5-NP,123,0,0,0,483,483,C
5-NP,124,1,0,0,489,490,C
5-NP,125,488,0,0,0,488,A
5-NP,126,492,0,0,0,492,A
5-NP,127,493,0,0,0,493,A
5-NP,128,0,486,0,1,487,T
5-NP,129,0,0,493,0,493,G
5-NP,130,0,489,0,0,489,T
5-NP,131,0,0,498,0,498,G
5-NP,132,0,1,0,495,496,C
5-NP,133,494,0,0,1,495,A
5-NP,134,0,0,0,496,496,C
5-NP,135,1,490,0,0,491,T
5-NP,136,0,0,512,0,512,G
5-NP,137,523,0,0,1,524,A
5-NP,138,528,0,0,0,528,A
5-NP,139,0,0,0,538,538,C
5-NP,140,0,538,0,0,538,T
5-NP,141,0,540,0,0,540,T
5-NP,142,540,0,0,0,540,A
5-NP,143,536,0,0,0,536,A
5-NP,144,540,0,0,0,540,A
5-NP,145,0,0,0,539,539,C
5-NP,146,0,530,0,0,530,T
5-NP,147,0,0,0,533,533,C
5-NP,148,527,0,0,0,527,A
5-NP,149,0,2,530,0,532,G
5-NP,150,0,531,0,0,531,T
5-NP,151,0,2,537,0,539,G
5-NP,152,546,0,1,0,547,A
5-NP,153,0,547,0,0,547,T
5-NP,154,1,0,0,555,556,C
5-NP,155,560,0,0,0,560,A
5-NP,156,0,558,0,1,559,T
5-NP,157,1,0,559,0,560,G
5-NP,158,560,0,1,0,561,A
5-NP,159,560,0,1,0,561,A
5-NP,160,0,3,560,0,563,G
5-NP,161,0,0,557,0,557,G
5-NP,162,0,0,556,0,556,G
5-NP,163,0,0,0,551,551,C
5-NP,164,1,1,551,0,553,G
5-NP,165,0,0,553,0,553,G
5-NP,166,0,550,0,0,550,T
5-NP,167,0,552,0,0,552,T
5-NP,168,0,0,555,0,555,G
5-NP,169,610,0,0,0,610,A
5-NP,170,0,609,0,1,610,T
5-NP,171,0,0,0,608,608,C
5-NP,172,0,0,0,613,613,C
5-NP,173,609,0,0,0,609,A
5-NP,174,0,0,609,0,609,G
5-NP,175,610,0,0,0,610,A
5-NP,176,609,0,0,0,609,A
5-NP,177,1,0,0,609,610,C
5-NP,178,564,0,0,0,564,A
5-NP,179,0,0,570,0,570,G
5-NP,180,1,0,0,569,570,C
5-NP,181,0,570,0,0,570,T
5-NP,182,0,569,0,0,569,T
5-NP,183,0,0,572,0,572,G
5-NP,184,573,0,0,0,573,A
5-NP,185,0,0,0,574,574,C
5-NP,186,575,0,0,0,575,A
5-NP,187,577,1,0,0,578,A
5-NP,188,0,578,0,0,578,T
5-NP,189,576,0,0,0,576,A
5-NP,190,0,0,579,0,579,G
5-NP,191,573,0,0,0,573,A
5-NP,192,0,0,576,0,576,G
5-NP,193,574,0,0,0,574,A
5-NP,194,584,0,1,0,585,A
5-NP,195,586,0,0,0,586,A
5-NP,196,600,0,0,0,600,A
5-NP,197,0,603,0,0,603,T
5-NP,198,1,0,602,0,603,G
5-NP,199,0,0,603,0,603,G
5-NP,200,0,600,0,1,601,T
5-NP,201,594,0,0,0,594,A
5-NP,202,0,0,0,602,602,C
5-NP,203,0,604,0,0,604,T
5-NP,204,0,0,0,616,616,C
5-NP,205,0,606,0,0,606,T
5-NP,206,1,0,0,609,610,C
5-NP,207,0,610,0,0,610,T
5-NP,208,0,0,617,0,617,G
5-NP,209,0,1,0,618,619,C
5-NP,210,1,617,0,0,618,T
5-NP,211,0,618,0,0,618,T
5-NP,212,0,615,0,0,615,T
5-NP,213,0,613,0,0,613,T
5-NP,214,0,0,617,0,617,G
5-NP,215,617,0,0,0,617,A
5-NP,216,0,617,0,0,617,T
5-NP,217,0,0,618,0,618,G
5-NP,218,615,0,0,0,615,A
5-NP,219,615,0,0,0,615,A
5-NP,220,613,0,0,1,614,A
5-NP,221,0,1,617,0,618,G
5-NP,222,618,0,0,0,618,A
5-NP,223,615,1,0,0,616,A
5-NP,224,0,0,622,0,622,G
5-NP,225,0,0,640,0,640,G
5-NP,226,640,0,1,0,641,A
5-NP,227,646,0,1,0,647,A
5-NP,228,0,645,0,0,645,T
5-NP,229,647,0,0,0,647,A
5-NP,230,646,0,0,0,646,A
5-NP,231,652,0,0,0,652,A
5-NP,232,0,651,0,0,651,T
5-NP,233,655,0,0,0,655,A
5-NP,234,0,0,0,653,653,C
5-NP,235,0,0,0,637,637,C
5-NP,236,0,638,0,0,638,T
5-NP,237,0,0,637,0,637,G
5-NP,238,0,0,644,0,644,G
5-NP,239,645,0,0,0,645,A
5-NP,240,643,0,1,0,644,A
5-NP,241,0,0,649,0,649,G
5-NP,242,641,0,0,0,641,A
5-NP,243,640,0,1,0,641,A
5-NP,244,0,0,0,642,642,C
5-NP,245,637,0,0,0,637,A
5-NP,246,0,1,0,649,650,C
5-NP,247,2,0,0,637,639,C
5-NP,248,1,0,0,640,641,C
5-NP,249,0,0,0,644,644,C
5-NP,250,633,0,0,0,633,A
5-NP,251,0,0,633,0,633,G
5-NP,252,0,1,0,633,634,C
5-NP,253,0,0,634,0,634,G
5-NP,254,0,0,0,639,639,C
5-NP,255,0,0,633,0,633,G
5-NP,256,0,2,637,0,639,G
5-NP,257,0,0,639,0,639,G
5-NP,258,0,0,643,0,643,G
5-NP,259,646,0,0,0,646,A
5-NP,260,642,0,1,0,643,A
5-NP,261,642,1,0,0,643,A
5-NP,262,0,0,646,0,646,G
5-NP,263,645,0,0,0,645,A
5-NP,264,0,639,0,0,639,T
5-NP,265,0,0,0,638,638,C
5-NP,266,0,0,0,634,634,C
5-NP,267,1,0,0,641,642,C
5-NP,268,643,0,1,0,644,A
5-NP,269,645,0,0,0,645,A
5-NP,270,0,1,645,0,646,G
5-NP,271,648,0,0,0,648,A
5-NP,272,654,0,0,1,655,A
5-NP,273,653,0,0,0,653,A
5-NP,274,653,0,1,0,654,A
5-NP,275,0,0,0,658,658,C
5-NP,276,0,650,0,0,650,T
5-NP,277,0,1,651,0,652,G
5-NP,278,0,1,655,0,656,G
5-NP,279,0,3,651,0,654,G
5-NP,280,0,1,654,0,655,G
5-NP,281,0,0,654,0,654,G
5-NP,282,1,0,665,0,666,G
5-NP,283,0,0,0,704,704,C
5-NP,284,0,0,0,707,707,C
5-NP,285,2,0,0,712,714,C
5-NP,286,797,0,0,0,797,A
5-NP,287,0,798,0,0,798,T
5-NP,288,847,0,0,0,847,A
5-NP,289,1,844,0,1,846,T
5-NP,290,839,0,0,0,839,A
5-NP,291,0,1,0,843,844,C
5-NP,292,801,0,0,0,801,A
5-NP,293,0,0,806,0,806,G
5-NP,294,0,2,806,0,808,G
5-NP,295,729,0,1,0,730,A
5-NP,296,0,1,732,0,733,G
5-NP,297,708,0,1,0,709,A
5-NP,298,1,0,717,0,718,G
5-NP,299,0,713,0,0,713,T
5-NP,300,706,0,1,0,707,A
5-NP,301,20,0,692,0,712,G
5-NP,302,702,0,1,0,703,A
5-NP,303,0,704,0,0,704,T
5-NP,304,0,1,705,0,706,G
5-NP,305,0,1,710,0,711,G
5-NP,306,709,0,0,0,709,A
5-NP,307,700,0,0,0,700,A
5-NP,308,701,0,0,0,701,A
5-NP,309,702,0,1,0,703,A
5-NP,310,0,700,0,1,701,T
5-NP,311,1,2,707,0,710,G
5-NP,312,0,0,711,0,711,G
5-NP,313,713,0,0,0,713,A
5-NP,314,0,709,0,0,709,T
5-NP,315,0,0,712,0,712,G
5-NP,316,706,0,0,0,706,A
5-NP,317,1,1,705,0,707,G
5-NP,318,0,1,703,0,704,G
5-NP,319,1,0,721,0,722,G
5-NP,320,782,0,0,0,782,A
5-NP,321,785,0,2,0,787,A
5-NP,322,0,0,0,843,843,C
5-NP,323,0,842,0,0,842,T
5-NP,324,1,0,0,884,885,C
5-NP,325,1,1,925,0,927,G
5-NP,326,0,965,0,1,966,T
5-NP,327,0,0,0,990,990,C
5-NP,328,0,0,0,1282,1282,C
5-NP,329,0,1278,1,2,1281,T
5-NP,330,0,1302,0,0,1302,T
5-NP,331,0,1305,0,0,1305,T
5-NP,332,1323,0,0,0,1323,A
5-NP,333,0,1327,0,0,1327,T
5-NP,334,0,1,1326,0,1327,G
5-NP,335,1343,7,4,0,1354,A
5-NP,336,0,0,0,1364,1364,C
5-NP,337,1351,0,0,0,1351,A
5-NP,338,1362,0,0,0,1362,A
5-NP,339,1383,0,0,0,1383,A
5-NP,340,6,0,1493,0,1499,G
5-NP,341,1497,2,0,0,1499,A
5-NP,342,1502,1,0,0,1503,A
5-NP,343,1,2,1638,0,1641,G
5-NP,344,1657,1,1,0,1659,A
5-NP,345,1671,0,0,0,1671,A
5-NP,346,1671,0,0,0,1671,A
5-NP,347,0,1672,0,0,1672,T
5-NP,348,1675,0,0,0,1675,A
5-NP,349,1683,1,0,0,1684,A
5-NP,350,0,2,1720,0,1722,G
5-NP,351,0,1,1719,0,1720,G
5-NP,352,0,0,0,1719,1719,C
5-NP,353,0,1,1717,0,1718,G
5-NP,354,1736,0,1,0,1737,A
5-NP,355,1782,1,0,0,1783,A
5-NP,356,0,1793,0,0,1793,T
5-NP,357,0,0,0,1795,1795,C
5-NP,358,0,1791,0,0,1791,T
5-NP,359,0,3,1792,0,1795,G
5-NP,360,1,0,1798,0,1799,G
5-NP,361,0,1,0,1811,1812,C
5-NP,362,0,0,1809,0,1809,G
5-NP,363,0,0,0,1816,1816,C
5-NP,364,2,0,0,1815,1817,C
5-NP,365,1836,0,0,0,1836,A
5-NP,366,1893,0,0,0,1893,A
5-NP,367,2,0,1996,0,1998,G
5-NP,368,1,0,0,1999,2000,C
5-NP,369,0,0,0,2041,2041,C
5-NP,370,2039,2,4,0,2045,A
5-NP,371,2115,0,0,0,2115,A
5-NP,372,0,1,0,2153,2154,C
5-NP,373,2154,1,0,0,2155,A
5-NP,374,2253,0,0,0,2253,A
5-NP,375,0,2253,0,2,2255,T
5-NP,376,0,4,2356,0,2360,G
5-NP,377,1,2,2355,0,2358,G
5-NP,378,0,2344,0,0,2344,T
5-NP,379,1,1,2352,0,2354,G
5-NP,380,2340,0,1,0,2341,A
5-NP,381,1,4,2452,0,2457,G
5-NP,382,0,2,2461,0,2463,G
5-NP,383,2538,0,1,0,2539,A
5-NP,384,0,2935,0,1,2936,T
5-NP,385,0,0,3035,0,3035,G
5-NP,386,0,0,0,3058,3058,C
5-NP,387,0,3054,0,3,3057,T
5-NP,388,3105,1,1,0,3107,A
5-NP,389,0,0,0,3202,3202,C
5-NP,390,3215,0,0,0,3215,A
5-NP,391,0,3213,0,1,3214,T
5-NP,392,0,0,0,3210,3210,C
5-NP,393,1,3134,1,1,3137,T
5-NP,394,2,2,3312,1,3317,G
5-NP,395,3,1,3425,0,3429,G
5-NP,396,0,3426,0,3,3429,T
5-NP,397,6,0,0,3427,3433,C
5-NP,398,0,3416,0,0,3416,T
5-NP,399,3528,0,1,0,3529,A
5-NP,400,3523,0,1,1,3525,A
5-NP,401,0,0,0,3566,3566,C
5-NP,402,1,3556,1,2,3560,T
5-NP,403,1,1,0,3633,3635,C
5-NP,404,3638,4,0,1,3643,A
5-NP,405,0,1,0,3875,3876,C
5-NP,406,3877,2,1,0,3880,A
5-NP,407,1,3898,0,0,3899,T
5-NP,408,3886,0,1,0,3887,A
5-NP,409,3908,1,1,1,3911,A
5-NP,410,0,3953,0,3,3956,T
5-NP,411,0,6,3996,0,4002,G
5-NP,412,3983,0,0,0,3983,A
5-NP,413,2,3962,0,4,3968,T
5-NP,414,3,3926,2,2,3933,T
5-NP,415,1,3931,1,0,3933,T
5-NP,416,0,4,3925,0,3929,G
5-NP,417,0,2,3931,0,3933,G
5-NP,418,0,3,0,3931,3934,C
5-NP,419,3950,0,1,1,3952,A
5-NP,420,0,3957,0,0,3957,T
5-NP,421,0,3957,0,2,3959,T
5-NP,422,1,2,0,3958,3961,C
5-NP,423,2,4,0,3961,3967,C
5-NP,424,4056,1,2,0,4059,A
5-NP,425,4070,0,0,0,4070,A
5-NP,426,0,4070,1,1,4072,T
5-NP,427,0,4070,0,0,4070,T
5-NP,428,0,4070,1,0,4071,T
5-NP,429,0,4,4131,0,4135,G
5-NP,430,4125,1,2,0,4128,A
5-NP,431,4136,0,1,0,4137,A
5-NP,432,0,4189,0,1,4190,T
5-NP,433,0,1,4177,0,4178,G
5-NP,434,4403,1,2,1,4407,A
5-NP,435,2,4412,0,1,4415,T
5-NP,436,2,3,4433,0,4438,G
5-NP,437,1,1,0,4569,4571,C
5-NP,438,4557,1,6,1,4565,A
5-NP,439,4825,0,3,0,4828,A
5-NP,440,1,1,0,4835,4837,C
5-NP,441,4952,0,2,0,4954,A
5-NP,442,2,5021,0,2,5025,T
5-NP,443,4920,1,1,0,4922,A
5-NP,444,2,0,0,5017,5019,C
5-NP,445,3,2,0,5007,5012,C
5-NP,446,4974,1,3,1,4979,A
5-NP,447,0,4,5034,0,5038,G
5-NP,448,4973,0,1,0,4974,A
5-NP,449,0,4,4963,0,4967,G
5-NP,450,4871,2,4,0,4877,A
5-NP,451,5036,0,1,0,5037,A
5-NP,452,1,2,0,5083,5086,C
5-NP,453,5070,2,3,2,5077,A
5-NP,454,5088,0,1,1,5090,A
5-NP,455,2,2,5107,0,5111,G
5-NP,456,5056,2,9,2,5069,A
5-NP,457,1,1,5113,0,5115,G
5-NP,458,0,1,1,5119,5121,C
5-NP,459,0,5091,0,10,5101,T
5-NP,460,3,0,0,5126,5129,C
5-NP,461,3,5116,1,4,5124,T
5-NP,462,2,5140,1,0,5143,T
5-NP,463,2,0,5166,0,5168,G
5-NP,464,0,5163,0,1,5164,T
5-NP,465,0,5163,0,3,5166,T
5-NP,466,5,1,0,5153,5159,C
5-NP,467,0,6,5148,0,5154,G
5-NP,468,5257,1,0,0,5258,A
5-NP,469,5260,1,2,0,5263,A
5-NP,470,1,0,0,5311,5312,C
5-NP,471,0,5304,0,6,5310,T
5-NP,472,2,3,5386,0,5391,G
5-NP,473,0,5,5405,0,5410,G
5-NP,474,5396,15,3,0,5414,A
5-NP,475,5413,0,7,1,5421,A
5-NP,476,1,5419,1,2,5423,T
5-NP,477,3,5,5433,0,5441,G
5-NP,478,1,4,5469,0,5474,G
5-NP,479,5537,1,6,0,5544,A
5-NP,480,2,5604,0,2,5608,T
5-NP,481,1,1,0,5627,5629,C
5-NP,482,5,4,0,5626,5635,C
5-NP,483,8,1,0,5662,5671,C
5-NP,484,5720,1,6,0,5727,A
5-NP,485,1,5,5802,0,5808,G
5-NP,486,5841,0,0,0,5841,A
5-NP,487,5844,1,1,1,5847,A
5-NP,488,1,5808,1,1,5811,T
5-NP,489,2,2,5881,0,5885,G
5-NP,490,1,5839,0,24,5864,T
5-NP,491,0,2,5893,0,5895,G
5-NP,492,2,1,0,5898,5901,C
5-NP,493,0,5891,0,5,5896,T
5-NP,494,7,0,0,6374,6381,C
5-NP,495,1,6351,0,2,6354,T
5-NP,496,5,1,0,6652,6658,C
5-NP,497,3,6597,0,56,6656,T
5-NP,498,1,5,6693,0,6699,G
5-NP,499,6747,1,3,1,6752,A
5-NP,500,2,6734,0,0,6736,T
5-NP,501,2,2,6735,0,6739,G
5-NP,502,0,0,0,6733,6733,C
5-NP,503,6568,1,8,0,6577,A
5-NP,504,1,15,6782,0,6798,G
5-NP,505,2,5,6700,0,6707,G
5-NP,506,4,1,6783,1,6789,G
5-NP,507,0,0,1,6777,6778,C
5-NP,508,1,6764,0,3,6768,T
5-NP,509,1,0,0,6785,6786,C
5-NP,510,3,6,6786,0,6795,G
5-NP,511,6893,2,9,2,6906,A
5-NP,512,3,2,0,6905,6910,C
5-NP,513,1,6825,0,2,6828,T
5-NP,514,3,0,0,7251,7254,C
5-NP,515,1,7219,2,5,7227,T
5-NP,516,9,3,1,8425,8438,C
5-NP,517,8,0,0,8460,8468,C
5-NP,518,23,2,0,8454,8479,C
5-NP,519,1,8478,0,7,8486,T
5-NP,520,8453,0,0,0,8453,A
5-NP,521,0,5,8443,0,8448,G
5-NP,522,8439,2,1,1,8443,A
5-NP,523,8242,1,2,1,8246,A
5-NP,524,0,7,8262,0,8269,G
5-NP,525,3,0,8217,0,8220,G
5-NP,526,0,8129,0,1,8130,T
5-NP,527,8,1,1,8121,8131,C
5-NP,528,7,4,0,8130,8141,C
5-NP,529,3,11,8124,0,8138,G
5-NP,530,0,7,8202,0,8209,G
5-NP,531,8183,0,16,0,8199,A
5-NP,532,0,2,8313,0,8315,G
5-NP,533,0,2,0,8348,8350,C
5-NP,534,0,8268,0,18,8286,T
5-NP,535,2,1,8319,0,8322,G
5-NP,536,4,2,0,8338,8344,C
5-NP,537,8326,0,11,2,8339,A
5-NP,538,1,6,8373,0,8380,G
5-NP,539,2,4,8430,0,8436,G
5-NP,540,1,8426,0,4,8431,T
5-NP,541,2,1,8364,2,8369,G
5-NP,542,1,1,0,8397,8399,C
5-NP,543,0,8387,0,9,8396,T
5-NP,544,1,2,8389,0,8392,G
5-NP,545,1,2,0,8386,8389,C
5-NP,546,8472,1,7,0,8480,A
5-NP,547,2,5,8646,0,8653,G
5-NP,548,3,8600,0,4,8607,T
5-NP,549,13,2,1,8626,8642,C
5-NP,550,8635,0,2,2,8639,A
5-NP,551,8636,3,4,0,8643,A
5-NP,552,8641,1,8,0,8650,A
5-NP,553,0,6,8694,0,8700,G
5-NP,554,4,4,8751,0,8759,G
5-NP,555,8759,0,1,1,8761,A
5-NP,556,8708,0,1,1,8710,A
5-NP,557,0,8714,0,3,8717,T
5-NP,558,7,3,0,8710,8720,C
5-NP,559,1,16,8702,1,8720,G
5-NP,560,2,4,8942,1,8949,G
5-NP,561,6,5,8964,1,8976,G
5-NP,562,8945,0,11,0,8956,A
5-NP,563,3,2,0,8977,8982,C
5-NP,564,8924,2,2,2,8930,A
5-NP,565,9190,0,7,0,9197,A
5-NP,566,1,9236,0,2,9239,T
5-NP,567,2,8,9281,1,9292,G
5-NP,568,1,2,9513,0,9516,G
5-NP,569,1,9506,71,6,9584,T
5-NP,570,2,4,9620,0,9626,G
5-NP,571,9624,1,3,0,9628,A
5-NP,572,2,9584,0,7,9593,T
5-NP,573,66,6,9539,1,9612,G
5-NP,574,1,5,9741,0,9747,G
5-NP,575,9704,5,3,1,9713,A
5-NP,576,9722,0,2,0,9724,A
5-NP,577,1,3,0,9710,9714,C
5-NP,578,1,9491,0,3,9495,T
5-NP,579,1,5,10019,0,10025,G
5-NP,580,10010,1,2,1,10014,A
5-NP,581,2,10021,0,1,10024,T
5-NP,582,7,2,1,10046,10056,C
5-NP,583,9939,4,2,0,9945,A
5-NP,584,1,7,10226,0,10234,G
5-NP,585,10214,1,1,1,10217,A
5-NP,586,10207,2,12,0,10221,A
5-NP,587,1,10229,2,1,10233,T
5-NP,588,2,16,10087,0,10105,G
5-NP,589,0,6,10179,0,10185,G
5-NP,590,3,10182,1,10,10196,T
5-NP,591,6,0,0,10195,10201,C
5-NP,592,10201,2,3,0,10206,A
5-NP,593,10180,1,0,0,10181,A
5-NP,594,10187,2,5,0,10194,A
5-NP,595,4,2,0,10187,10193,C
5-NP,596,3,17,10175,1,10196,G
5-NP,597,12,26,10219,0,10257,G
5-NP,598,3,8,10175,0,10186,G
5-NP,599,4,5,10197,1,10207,G
5-NP,600,10132,4,4,1,10141,A
5-NP,601,10220,1,3,0,10224,A
5-NP,602,2,10203,0,2,10207,T
5-NP,603,5,0,1,10210,10216,C
5-NP,604,10208,0,8,1,10217,A
5-NP,605,10207,0,11,2,10220,A
5-NP,606,3,4,0,10156,10163,C
5-NP,607,1,5,10122,1,10129,G
5-NP,608,10116,1,10,0,10127,A
5-NP,609,2,10106,2,4,10114,T
5-NP,610,5,6,0,10109,10120,C
5-NP,611,4,7,10112,2,10125,G
5-NP,612,10108,0,3,1,10112,A
5-NP,613,10085,0,2,1,10088,A
5-NP,614,10100,0,2,4,10106,A
5-NP,615,2,10167,0,2,10171,T
5-NP,616,2,10157,2,4,10165,T
5-NP,617,1,10162,1,1,10165,T
5-NP,618,0,10202,1,2,10205,T
5-NP,619,2,10227,1,4,10234,T
5-NP,620,2,12,10225,0,10239,G
5-NP,621,0,8,10233,0,10241,G
5-NP,622,10201,1,6,0,10208,A
5-NP,623,0,5,10266,0,10271,G
5-NP,624,10172,4,1,2,10179,A
5-NP,625,1,5,10590,0,10596,G
5-NP,626,1,7,10646,0,10654,G
5-NP,627,2,10620,1,12,10635,T
5-NP,628,1,5,10650,1,10657,G
5-NP,629,10652,4,6,1,10663,A
5-NP,630,4,4,10720,0,10728,G
5-NP,631,10694,4,8,0,10706,A
5-NP,632,10679,3,2,0,10684,A
5-NP,633,0,10637,0,1,10638,T
5-NP,634,3,37,10322,1,10363,G
5-NP,635,2,4,10261,1,10268,G
5-NP,636,1,2,10282,0,10285,G
5-NP,637,3,4,0,10253,10260,C
5-NP,638,6,9,10251,0,10266,G
5-NP,639,1,2,10335,1,10339,G
5-NP,640,10314,1,1,1,10317,A
5-NP,641,10322,1,3,1,10327,A
5-NP,642,10474,2,4,1,10481,A
5-NP,643,10494,2,12,6,10514,A
5-NP,644,4,0,0,10555,10559,C
5-NP,645,10533,2,7,0,10542,A
5-NP,646,10519,1,7,2,10529,A
5-NP,647,0,13,10520,1,10534,G
5-NP,648,10301,0,2,0,10303,A
5-NP,649,10339,0,3,0,10342,A
5-NP,650,0,3,10545,0,10548,G
5-NP,651,0,10526,1,3,10530,T
5-NP,652,2,4,10990,0,10996,G
5-NP,653,2,2,0,10939,10943,C
5-NP,654,4,10932,3,6,10945,T
5-NP,655,1,11027,3,5,11036,T
5-NP,656,11137,0,2,0,11139,A
5-NP,657,2,11138,1,3,11144,T
5-NP,658,5,11,11176,0,11192,G
5-NP,659,10996,2,15,1,11014,A
5-NP,660,0,18,11019,1,11038,G
5-NP,661,10623,1,5,0,10629,A
5-NP,662,1,3,10683,0,10687,G
5-NP,663,10643,2,20,1,10666,A
5-NP,664,10742,1,5,2,10750,A
5-NP,665,2,10663,2,2,10669,T
5-NP,666,2,3,10789,1,10795,G
5-NP,667,1,10737,1,7,10746,T
5-NP,668,6,3,10783,2,10794,G
5-NP,669,1,2,3,10768,10774,C
5-NP,670,10745,1,6,2,10754,A
5-NP,671,10772,3,12,0,10787,A
5-NP,672,6,3,0,10736,10745,C
5-NP,673,10678,1,3,1,10683,A
5-NP,674,0,10702,1,1,10704,T
5-NP,675,1,10592,2,17,10612,T
5-NP,676,3,2,0,10642,10647,C
5-NP,677,2,10591,2,1,10596,T
5-NP,678,0,10599,1,4,10604,T
5-NP,679,10607,1,2,1,10611,A
5-NP,680,10552,4,3,2,10561,A
5-NP,681,10563,1,6,0,10570,A
5-NP,682,1,15,10554,1,10571,G
5-NP,683,3,10,10535,0,10548,G
5-NP,684,10564,4,4,2,10574,A
5-NP,685,10543,1,6,1,10551,A
5-NP,686,10540,0,5,0,10545,A
5-NP,687,10672,3,2,1,10678,A
5-NP,688,3,10661,1,2,10667,T
5-NP,689,4,10650,3,3,10660,T
5-NP,690,1,10716,1,1,10719,T
5-NP,691,3,3,1,10721,10728,C
5-NP,692,10722,0,7,0,10729,A
5-NP,693,10719,0,5,1,10725,A
5-NP,694,10718,0,8,2,10728,A
5-NP,695,1,2,0,10848,10851,C
5-NP,696,10749,0,3,0,10752,A
5-NP,697,0,0,10961,0,10961,G
5-NP,698,1,0,0,10953,10954,C
5-NP,699,1,10979,0,1,10981,T
5-NP,700,9,2,11175,1,11187,G
5-NP,701,1,2,0,11158,11161,C
5-NP,702,11249,3,12,0,11264,A
5-NP,703,2,10,1,11251,11264,C
5-NP,704,11180,2,2,0,11184,A
5-NP,705,11206,0,6,1,11213,A
5-NP,706,10994,2,3,1,11000,A
5-NP,707,2,17,11362,0,11381,G
5-NP,708,11355,2,9,1,11367,A
5-NP,709,6,2,11436,0,11444,G
5-NP,710,1,3,0,11407,11411,C
5-NP,711,11390,1,3,0,11394,A
5-NP,712,11718,2,6,2,11728,A
5-NP,713,0,11730,0,3,11733,T
5-NP,714,2,9,11744,1,11756,G
5-NP,715,6,3,11798,1,11808,G
5-NP,716,3,11507,0,12,11522,T
5-NP,717,6,15,11530,0,11551,G
5-NP,718,0,10,11616,1,11627,G
5-NP,719,11620,2,8,0,11630,A
5-NP,720,4,11603,0,3,11610,T
5-NP,721,5,3,1,11319,11328,C
5-NP,722,11365,1,2,1,11369,A
5-NP,723,11487,1,8,2,11498,A
5-NP,724,1,2,11529,1,11533,G
5-NP,725,2,11446,1,3,11452,T
5-NP,726,2,11,11450,2,11465,G
5-NP,727,11319,3,15,0,11337,A
5-NP,728,0,6,11366,0,11372,G
5-NP,729,11326,2,11,1,11340,A
5-NP,730,2,5,11341,2,11350,G
5-NP,731,11226,0,8,0,11234,A
5-NP,732,11084,0,1,0,11085,A
5-NP,733,11114,1,12,3,11130,A
5-NP,734,1,2,11185,0,11188,G
5-NP,735,1,11162,0,4,11167,T
5-NP,736,9,2,1,11137,11149,C
5-NP,737,2,4,11127,0,11133,G
5-NP,738,4,5,11152,0,11161,G
5-NP,739,11164,1,4,0,11169,A
5-NP,740,11206,1,3,1,11211,A
5-NP,741,5,7,0,11246,11258,C
5-NP,742,17,3,0,11167,11187,C
5-NP,743,33,2,1,11183,11219,C
5-NP,744,11199,1,10,1,11211,A
5-NP,745,33,6,11224,0,11263,G
5-NP,746,0,5,11276,3,11284,G
5-NP,747,11227,3,0,2,11232,A
5-NP,748,11217,0,11,1,11229,A
5-NP,749,11188,1,9,1,11199,A
5-NP,750,0,8,0,11186,11194,C
5-NP,751,4,1,11175,0,11180,G
5-NP,752,1,0,0,11160,11161,C
5-NP,753,0,11143,1,10,11154,T
5-NP,754,2,3,11169,0,11174,G
5-NP,755,11133,3,5,0,11141,A
5-NP,756,0,6,11261,0,11267,G
5-NP,757,11290,1,4,0,11295,A
5-NP,758,2,11271,0,0,11273,T
5-NP,759,11,0,0,11165,11176,C
5-NP,760,6,3,11178,0,11187,G
5-NP,761,11168,4,4,0,11176,A
5-NP,762,11171,0,6,1,11178,A
5-NP,763,0,3,11200,0,11203,G
5-NP,764,11235,0,2,0,11237,A
5-NP,765,0,11124,0,5,11129,T
5-NP,766,7,2,0,11200,11209,C
5-NP,767,3,11186,1,8,11198,T
5-NP,768,14,1,0,11232,11247,C
5-NP,769,11269,1,3,0,11273,A
5-NP,770,3,11252,0,0,11255,T
5-NP,771,11269,0,2,1,11272,A
5-NP,772,1,11246,1,2,11250,T
5-NP,773,2,11169,4,4,11179,T
5-NP,774,1,11146,3,4,11154,T
5-NP,775,1,11045,2,5,11053,T
5-NP,776,1,11083,1,3,11088,T
5-NP,777,11115,0,6,0,11121,A
5-NP,778,2,1,11110,1,11114,G
5-NP,779,1,1,1,11098,11101,C
5-NP,780,11038,4,44,1,11087,A
5-NP,781,11057,1,5,2,11065,A
5-NP,782,1,1,11396,0,11398,G
5-NP,783,11393,1,3,0,11397,A
5-NP,784,0,11396,2,1,11399,T
5-NP,785,5,0,0,11453,11458,C
5-NP,786,1,11412,2,5,11420,T
5-NP,787,1,7,11703,0,11711,G
5-NP,788,2,2,1,11719,11724,C
5-NP,789,11730,2,7,0,11739,A
5-NP,790,2,11824,3,3,11832,T
5-NP,791,1,11465,2,6,11474,T
5-NP,792,3,6,12110,1,12120,G
5-NP,793,12334,2,7,0,12343,A
5-NP,794,3,12318,0,1,12322,T
5-NP,795,12341,0,3,0,12344,A
5-NP,796,1,12115,2,7,12125,T
5-NP,797,3,12029,1,1,12034,T
5-NP,798,3,7,12096,1,12107,G
5-NP,799,11980,4,12,0,11996,A
5-NP,800,0,8,12082,0,12090,G
5-NP,801,11519,5,9,0,11533,A
5-NP,802,2,13,11323,0,11338,G
5-NP,803,3,3,11477,0,11483,G
5-NP,804,11446,4,2,0,11452,A
5-NP,805,1,11431,1,6,11439,T
5-NP,806,12,5,1,11452,11470,C
5-NP,807,11409,2,5,1,11417,A
5-NP,808,1,3,11476,0,11480,G
5-NP,809,2,11410,0,5,11417,T
5-NP,810,5,11326,1,1,11333,T
5-NP,811,4,2,11336,1,11343,G
5-NP,812,0,4,1,11220,11225,C
5-NP,813,2,11199,1,15,11217,T
5-NP,814,22,2,0,11248,11272,C
5-NP,815,11281,2,6,1,11290,A
5-NP,816,5,6,0,11287,11298,C
5-NP,817,11269,0,0,1,11270,A
5-NP,818,11324,0,1,0,11325,A
5-NP,819,11332,0,4,0,11336,A
5-NP,820,0,11304,0,10,11314,T
5-NP,821,5,0,0,11332,11337,C
5-NP,822,1,11330,1,3,11335,T
5-NP,823,1,11312,0,3,11316,T
5-NP,824,4,3,11359,0,11366,G
5-NP,825,5,39,0,11320,11364,C
5-NP,826,8,3,1,11514,11526,C
5-NP,827,0,11477,0,14,11491,T
5-NP,828,11555,4,4,0,11563,A
5-NP,829,2,2,0,11535,11539,C
5-NP,830,12,1,1,11525,11539,C
5-NP,831,2,11495,1,9,11507,T
5-NP,832,1,0,11671,0,11672,G
5-NP,833,3,1,1,11661,11666,C
5-NP,834,9,1,1,11643,11654,C
5-NP,835,1,11493,1,1,11496,T
5-NP,836,2,4,11630,0,11636,G
5-NP,837,6,11578,1,3,11588,T
5-NP,838,2,1,11690,0,11693,G
5-NP,839,3,4,0,11736,11743,C
5-NP,840,2,5,11909,0,11916,G
5-NP,841,0,11718,1,5,11724,T
5-NP,842,11697,1,4,0,11702,A
5-NP,843,5,11696,1,3,11705,T
5-NP,844,4,19,11683,0,11706,G
5-NP,845,2,6,12129,0,12137,G
5-NP,846,12070,1,25,0,12096,A
5-NP,847,2,8,1,11861,11872,C
5-NP,848,13,1,0,11881,11895,C
5-NP,849,2,11708,1,5,11716,T
5-NP,850,2,0,12229,0,12231,G
5-NP,851,3,2,0,12238,12243,C
5-NP,852,12242,3,10,1,12256,A
5-NP,853,3,6,12441,0,12450,G
5-NP,854,2,11817,0,1,11820,T
5-NP,855,12280,0,1,0,12281,A
5-NP,856,1,12253,1,5,12260,T
5-NP,857,14,2,0,12170,12186,C
5-NP,858,5,2,1,12201,12209,C
5-NP,859,11677,1,2,0,11680,A
5-NP,860,5,5,11741,0,11751,G
5-NP,861,3,11688,1,6,11698,T
5-NP,862,3,23,11782,1,11809,G
5-NP,863,4,13,11758,2,11777,G
5-NP,864,7,5,11590,1,11603,G
5-NP,865,1,11567,0,8,11576,T
5-NP,866,11545,0,3,0,11548,A
5-NP,867,1,6,1,11548,11556,C
5-NP,868,43,8,11440,0,11491,G
5-NP,869,11434,1,3,0,11438,A
5-NP,870,1,1,1,11452,11455,C
5-NP,871,1,11157,0,4,11162,T
5-NP,872,1,11180,0,6,11187,T
5-NP,873,4,6,0,11138,11148,C
5-NP,874,4,6,11154,1,11165,G
5-NP,875,11166,1,3,1,11171,A
5-NP,876,11161,1,1,1,11164,A
5-NP,877,11179,0,3,1,11183,A
5-NP,878,11164,2,1,0,11167,A
5-NP,879,11141,0,8,0,11149,A
5-NP,880,1,7,11201,0,11209,G
5-NP,881,11067,3,101,2,11173,A
5-NP,882,2,28,11223,0,11253,G
5-NP,883,2,16,11284,0,11302,G
5-NP,884,3,8,11313,0,11324,G
5-NP,885,11354,1,6,0,11361,A
5-NP,886,3,11346,1,8,11358,T
5-NP,887,11424,0,3,1,11428,A
5-NP,888,1,11410,1,7,11419,T
5-NP,889,3,11474,1,2,11480,T
5-NP,890,7,1,2,11544,11554,C
5-NP,891,6,0,1,11485,11492,C
5-NP,892,1,11360,0,4,11365,T
5-NP,893,1,11366,0,1,11368,T
5-NP,894,2,8,11473,0,11483,G
5-NP,895,2,6,11543,0,11551,G
5-NP,896,1,11476,2,10,11489,T
5-NP,897,34,20,11413,0,11467,G
5-NP,898,4,15,11408,0,11427,G
5-NP,899,1,7,11910,2,11920,G
5-NP,900,11827,2,78,2,11909,A
5-NP,901,11899,2,18,1,11920,A
5-NP,902,1,11920,0,5,11926,T
5-NP,903,11695,0,10,0,11705,A
5-NP,904,0,16,11696,1,11713,G
5-NP,905,11613,3,15,1,11632,A
5-NP,906,2,7,0,11605,11614,C
5-NP,907,12,2,0,11466,11480,C
5-NP,908,46,7,0,11064,11117,C
5-NP,909,1,11194,1,12,11208,T
5-NP,910,0,11215,1,3,11219,T
5-NP,911,1,11223,0,5,11229,T
5-NP,912,6,2,1,11227,11236,C
5-NP,913,11202,0,3,0,11205,A
5-NP,914,11203,1,2,1,11207,A
5-NP,915,11188,2,2,1,11193,A
5-NP,916,1,2,0,11215,11218,C
5-NP,917,0,10939,0,1,10940,T
5-NP,918,10843,0,4,1,10848,A
5-NP,919,2,4,0,10951,10957,C
5-NP,920,4,10893,0,6,10903,T
5-NP,921,0,10901,0,3,10904,T
5-NP,922,3,1,0,10940,10944,C
5-NP,923,10930,2,2,1,10935,A
5-NP,924,10938,0,0,1,10939,A
5-NP,925,10893,0,4,0,10897,A
5-NP,926,10899,0,3,0,10902,A
5-NP,927,0,10821,0,2,10823,T
5-NP,928,10672,0,6,2,10680,A
5-NP,929,2,8,10788,0,10798,G
5-NP,930,2,4,0,10817,10823,C
5-NP,931,10,4,0,10928,10942,C
5-NP,932,10949,1,2,1,10953,A
5-NP,933,10983,0,3,1,10987,A
5-NP,934,11286,0,2,0,11288,A
5-NP,935,1,11314,0,2,11317,T
5-NP,936,11359,1,0,0,11360,A
5-NP,937,1,11349,0,2,11352,T
5-NP,938,11180,1,7,0,11188,A
5-NP,939,7,2,0,11194,11203,C
5-NP,940,10967,1,4,1,10973,A
5-NP,941,2,0,11227,0,11229,G
5-NP,942,4,1,1,11192,11198,C
5-NP,943,2,10899,0,18,10919,T
5-NP,944,0,11015,0,1,11016,T
5-NP,945,11060,2,2,0,11064,A
5-NP,946,11078,4,2,0,11084,A
5-NP,947,1,11067,1,2,11071,T
5-NP,948,3,2,0,11063,11068,C
5-NP,949,10728,2,8,1,10739,A
5-NP,950,3,9,10851,2,10865,G
5-NP,951,10859,1,8,1,10869,A
5-NP,952,4,0,1,10919,10924,C
5-NP,953,9,2,0,10839,10850,C
5-NP,954,0,10726,0,8,10734,T
5-NP,955,10817,0,4,0,10821,A
5-NP,956,10816,2,4,0,10822,A
5-NP,957,1,1,0,10869,10871,C
5-NP,958,9,6,10853,0,10868,G
5-NP,959,10687,5,1,1,10694,A
5-NP,960,2,7,10685,0,10694,G
5-NP,961,10606,0,6,0,10612,A
5-NP,962,10721,0,5,0,10726,A
5-NP,963,3,10677,0,6,10686,T
5-NP,964,6,1,4,10591,10602,C
5-NP,965,5,2,2,10604,10613,C
5-NP,966,10466,2,12,1,10481,A
5-NP,967,4,2,10541,0,10547,G
5-NP,968,3,6,1,10524,10534,C
5-NP,969,10615,4,2,1,10622,A
5-NP,970,2,1,0,10672,10675,C
5-NP,971,10559,0,5,0,10564,A
5-NP,972,5,2,0,10574,10581,C
5-NP,973,10553,3,2,1,10559,A
5-NP,974,10584,3,6,0,10593,A
5-NP,975,1,7,10629,0,10637,G
5-NP,976,10512,3,4,0,10519,A
5-NP,977,1,3,10553,0,10557,G
5-NP,978,0,10368,0,5,10373,T
5-NP,979,13,1,0,10340,10354,C
5-NP,980,10284,0,28,0,10312,A
5-NP,981,4,0,10317,0,10321,G
5-NP,982,4,0,0,10302,10306,C
5-NP,983,0,10235,0,1,10236,T
5-NP,984,2,8,10374,1,10385,G
5-NP,985,1,9,10409,0,10419,G
5-NP,986,1,10356,0,1,10358,T
5-NP,987,5,2,10420,0,10427,G
5-NP,988,1,10337,0,5,10343,T
5-NP,989,1,7,10319,0,10327,G
5-NP,990,1,4,10290,0,10295,G
5-NP,991,10229,2,3,0,10234,A
5-NP,992,1,10254,1,1,10257,T
5-NP,993,3,12,9872,1,9888,G
5-NP,994,5,1,9856,1,9863,G
5-NP,995,2,2,0,9829,9833,C
5-NP,996,9744,1,5,0,9750,A
5-NP,997,3,9718,13,8,9742,T
5-NP,998,2,3,9691,0,9696,G
5-NP,999,3,2,0,9758,9763,C
5-NP,1000,7,1,0,9761,9769,C
5-NP,1001,9792,3,1,0,9796,A
5-NP,1002,0,9757,0,5,9762,T
5-NP,1003,1,9643,0,5,9649,T
5-NP,1004,9,1,1,9688,9699,C
5-NP,1005,0,9585,1,4,9590,T
5-NP,1006,2,1,9584,0,9587,G
5-NP,1007,2,1,0,9581,9584,C
5-NP,1008,3,9364,0,9,9376,T
5-NP,1009,2,4,9411,0,9417,G
5-NP,1010,3,1,1,9297,9302,C
5-NP,1011,9318,0,0,0,9318,A
5-NP,1012,4,9322,2,2,9330,T
5-NP,1013,0,9246,0,2,9248,T
5-NP,1014,2,9253,0,9,9264,T
5-NP,1015,2,3,9247,0,9252,G
5-NP,1016,9244,5,9,1,9259,A
5-NP,1017,9233,2,13,0,9248,A
5-NP,1018,2,3,9290,0,9295,G
5-NP,1019,9285,2,2,0,9289,A
5-NP,1020,1,9236,0,1,9238,T
5-NP,1021,0,9218,0,2,9220,T
5-NP,1022,2,9227,0,2,9231,T
5-NP,1023,9226,2,5,0,9233,A
5-NP,1024,9234,1,4,0,9239,A
5-NP,1025,1,3,9245,0,9249,G
5-NP,1026,9229,1,3,0,9233,A
5-NP,1027,2,9207,0,1,9210,T
5-NP,1028,1,9074,0,3,9078,T
5-NP,1029,0,1,9147,0,9148,G
5-NP,1030,0,9116,0,29,9145,T
5-NP,1031,2,9131,0,3,9136,T
5-NP,1032,9134,0,1,0,9135,A
5-NP,1033,9101,3,45,0,9149,A
5-NP,1034,1,1,9166,0,9168,G
5-NP,1035,1,1,0,9175,9177,C
5-NP,1036,0,9019,1,10,9030,T
5-NP,1037,3,9044,0,20,9067,T
5-NP,1038,5,1,0,9085,9091,C
5-NP,1039,9090,2,4,0,9096,A
5-NP,1040,0,9073,0,1,9074,T
5-NP,1041,5,2,1,9082,9090,C
5-NP,1042,8951,1,1,0,8953,A
5-NP,1043,2,5,8951,0,8958,G
5-NP,1044,8859,1,5,0,8865,A
5-NP,1045,4,26,8841,1,8872,G
5-NP,1046,2,11,8845,1,8859,G
5-NP,1047,6,4,8817,2,8829,G
5-NP,1048,8818,0,13,0,8831,A
5-NP,1049,2,3,1,8826,8832,C
5-NP,1050,8830,1,2,0,8833,A
5-NP,1051,8841,0,2,0,8843,A
5-NP,1052,8821,3,0,0,8824,A
5-NP,1053,8816,3,2,1,8822,A
5-NP,1054,4,0,8844,0,8848,G
5-NP,1055,2,8643,3,3,8651,T
5-NP,1056,8602,1,2,1,8606,A
5-NP,1057,4,8571,1,3,8579,T
5-NP,1058,3,1,0,8578,8582,C
5-NP,1059,4,8523,0,8,8535,T
5-NP,1060,9,0,0,8547,8556,C
5-NP,1061,9,10,0,8487,8506,C
5-NP,1062,1,8448,0,2,8451,T
5-NP,1063,7,6,0,8424,8437,C
5-NP,1064,1,13,8406,0,8420,G
5-NP,1065,3,15,8450,0,8468,G
5-NP,1066,3,21,8433,0,8457,G
5-NP,1067,1,3,8429,1,8434,G
5-NP,1068,6,8,8427,0,8441,G
5-NP,1069,8297,1,1,0,8299,A
5-NP,1070,8302,1,0,0,8303,A
5-NP,1071,8312,0,6,0,8318,A
5-NP,1072,3,0,0,8352,8355,C
5-NP,1073,1,8285,0,3,8289,T
5-NP,1074,0,0,8343,0,8343,G
5-NP,1075,3,8261,0,10,8274,T
5-NP,1076,10,1,3,8277,8291,C
5-NP,1077,8380,1,7,0,8388,A
5-NP,1078,8420,2,0,1,8423,A
5-NP,1079,3,1,0,8457,8461,C
5-NP,1080,1,8444,0,3,8448,T
5-NP,1081,8263,1,2,0,8266,A
5-NP,1082,0,4,8279,0,8283,G
5-NP,1083,8126,1,3,2,8132,A
5-NP,1084,2,7,8135,0,8144,G
5-NP,1085,1,5,8108,0,8114,G
5-NP,1086,7688,1,8,1,7698,A
5-NP,1087,3,0,7791,0,7794,G
5-NP,1088,1,7690,0,5,7696,T
5-NP,1089,7698,2,3,0,7703,A
5-NP,1090,3,3,0,7695,7701,C
5-NP,1091,7601,2,2,0,7605,A
5-NP,1092,7603,0,1,0,7604,A
5-NP,1093,7542,0,1,2,7545,A
5-NP,1094,1,7479,0,2,7482,T
5-NP,1095,2,7429,0,1,7432,T
5-NP,1096,2,0,7258,1,7261,G
5-NP,1097,3,2,0,7183,7188,C
5-NP,1098,1,7153,0,5,7159,T
5-NP,1099,1,7138,1,2,7142,T
5-NP,1100,2,3,0,7145,7150,C
5-NP,1101,7148,0,2,0,7150,A
5-NP,1102,7160,2,3,1,7166,A
5-NP,1103,7171,2,1,0,7174,A
5-NP,1104,0,7181,0,1,7182,T
5-NP,1105,1,6,7171,1,7179,G
5-NP,1106,7041,0,10,0,7051,A
5-NP,1107,0,2,7069,1,7072,G
5-NP,1108,7091,2,4,1,7098,A
5-NP,1109,7088,2,2,1,7093,A
5-NP,1110,4,1,0,7080,7085,C
5-NP,1111,7004,5,2,1,7012,A
5-NP,1112,0,7013,0,0,7013,T
5-NP,1113,0,6,7063,0,7069,G
5-NP,1114,2,2,7097,0,7101,G
5-NP,1115,7101,1,5,0,7107,A
5-NP,1116,0,6973,0,2,6975,T
5-NP,1117,6888,0,1,0,6889,A
5-NP,1118,7210,1,0,0,7211,A
5-NP,1119,2,7067,0,0,7069,T
5-NP,1120,7009,2,3,1,7015,A
5-NP,1121,1,6979,0,3,6983,T
5-NP,1122,4,12,6537,1,6554,G
5-NP,1123,2,5,6426,1,6434,G
5-NP,1124,0,5,6386,0,6391,G
5-NP,1125,6368,1,1,0,6370,A
5-NP,1126,3,6360,0,1,6364,T
5-NP,1127,3,0,0,5056,5059,C
5-NP,1128,4,4,5053,0,5061,G
5-NP,1129,5057,1,3,0,5061,A
5-NP,1130,1,0,5055,0,5056,G
5-NP,1131,2,1,0,5042,5045,C
5-NP,1132,4988,0,1,0,4989,A
5-NP,1133,1,3,0,5181,5185,C
5-NP,1134,0,5096,1,7,5104,T
5-NP,1135,6,0,0,5132,5138,C
5-NP,1136,0,5115,0,10,5125,T
5-NP,1137,0,5061,0,3,5064,T
5-NP,1138,1,5,5065,0,5071,G
5-NP,1139,5053,0,2,0,5055,A
5-NP,1140,5075,0,2,0,5077,A
5-NP,1141,1,1,0,5066,5068,C
5-NP,1142,0,3986,0,1,3987,T
5-NP,1143,1,4,3997,0,4002,G
5-NP,1144,3880,0,1,1,3882,A
5-NP,1145,0,0,3896,0,3896,G
5-NP,1146,3893,0,1,1,3895,A
5-NP,1147,3857,0,2,0,3859,A
5-NP,1148,1,0,3875,0,3876,G
5-NP,1149,0,3,0,3786,3789,C
5-NP,1150,93,6,3686,0,3785,G
5-NP,1151,2,1,3795,0,3798,G
5-NP,1152,1,1,3759,0,3761,G
5-NP,1153,0,3733,0,0,3733,T
5-NP,1154,3641,0,1,0,3642,A
5-NP,1155,1,1,0,3627,3629,C
5-NP,1156,1,3015,0,2,3018,T
5-NP,1157,1,3,2999,0,3003,G
5-NP,1158,34,2,2885,0,2921,G
5-NP,1159,3,0,2912,1,2916,G
5-NP,1160,0,0,0,2881,2881,C
5-NP,1161,1,1,0,2720,2722,C
5-NP,1162,2729,1,0,0,2730,A
5-NP,1163,0,2732,0,0,2732,T
5-NP,1164,2724,0,0,0,2724,A
5-NP,1165,2727,0,3,0,2730,A
5-NP,1166,1,4,2688,0,2693,G
5-NP,1167,0,2,2772,0,2774,G
5-NP,1168,2728,0,0,0,2728,A
5-NP,1169,0,2,2,2708,2712,C
5-NP,1170,4,0,1,2708,2713,C
5-NP,1171,2695,1,2,0,2698,A
5-NP,1172,0,4,2736,0,2740,G
5-NP,1173,1,4,2751,1,2757,G
5-NP,1174,2747,1,3,0,2751,A
5-NP,1175,0,0,2771,0,2771,G
5-NP,1176,0,2646,0,0,2646,T
5-NP,1177,0,1,2659,0,2660,G
5-NP,1178,2,2,2683,0,2687,G
5-NP,1179,2676,0,1,0,2677,A
5-NP,1180,1,0,2688,0,2689,G
5-NP,1181,1,1,2627,0,2629,G
5-NP,1182,2609,1,0,1,2611,A
5-NP,1183,2611,0,1,0,2612,A
5-NP,1184,2594,1,5,0,2600,A
5-NP,1185,1,0,0,2619,2620,C
5-NP,1186,2605,1,0,0,2606,A
5-NP,1187,1,0,0,2643,2644,C
5-NP,1188,1,2589,0,0,2590,T
5-NP,1189,2646,0,2,0,2648,A
5-NP,1190,2643,0,2,1,2646,A
5-NP,1191,0,2644,0,0,2644,T
5-NP,1192,0,0,0,2671,2671,C
5-NP,1193,2644,0,0,0,2644,A
5-NP,1194,2680,0,0,0,2680,A
5-NP,1195,0,1,0,2681,2682,C
5-NP,1196,2598,0,0,1,2599,A
5-NP,1197,0,0,2609,0,2609,G
5-NP,1198,2534,0,3,0,2537,A
5-NP,1199,2,5,2549,0,2556,G
5-NP,1200,0,1,2568,0,2569,G
5-NP,1201,3,1,2551,0,2555,G
5-NP,1202,1,1,0,2547,2549,C
5-NP,1203,1,2,0,2532,2535,C
5-NP,1204,0,2501,0,3,2504,T
5-NP,1205,2,1,0,2528,2531,C
5-NP,1206,1,2,0,2522,2525,C
5-NP,1207,0,1,2525,0,2526,G
5-NP,1208,1,1,0,2525,2527,C
5-NP,1209,2494,1,1,0,2496,A
5-NP,1210,1,0,2575,0,2576,G
5-NP,1211,1,1,2565,0,2567,G
5-NP,1212,1,1,0,2568,2570,C
5-NP,1213,0,1,0,2578,2579,C
5-NP,1214,2544,0,1,0,2545,A
5-NP,1215,2552,0,0,0,2552,A
5-NP,1216,2557,0,1,0,2558,A
5-NP,1217,1,0,1,2571,2573,C
5-NP,1218,3,0,0,2573,2576,C
5-NP,1219,2440,0,1,0,2441,A
5-NP,1220,0,1,2483,0,2484,G
5-NP,1221,1,2465,0,1,2467,T
5-NP,1222,1,1,2478,0,2480,G
5-NP,1223,1,2472,0,5,2478,T
5-NP,1224,1,3,2465,0,2469,G
5-NP,1225,1,1,0,2471,2473,C
5-NP,1226,2445,1,0,0,2446,A
5-NP,1227,2478,0,1,0,2479,A
5-NP,1228,0,0,0,2475,2475,C
5-NP,1229,1,1,1,2466,2469,C
5-NP,1230,0,2431,0,4,2435,T
5-NP,1231,2435,0,0,0,2435,A
5-NP,1232,0,3,0,2427,2430,C
5-NP,1233,1,1,2426,0,2428,G
5-NP,1234,0,2422,2,3,2427,T
5-NP,1235,0,2440,0,2,2442,T
5-NP,1236,0,2416,1,0,2417,T
5-NP,1237,1,2402,0,0,2403,T
5-NP,1238,5,0,0,2398,2403,C
5-NP,1239,0,2380,0,0,2380,T
5-NP,1240,24,1,2389,0,2414,G
5-NP,1241,0,2407,0,1,2408,T
5-NP,1242,2412,0,1,0,2413,A
5-NP,1243,2,1,0,2416,2419,C
5-NP,1244,2378,0,0,0,2378,A
5-NP,1245,2375,0,0,0,2375,A
5-NP,1246,2373,0,1,0,2374,A
5-NP,1247,1,2,2381,0,2384,G
5-NP,1248,2380,0,0,0,2380,A
5-NP,1249,2316,0,0,1,2317,A
5-NP,1250,2311,0,6,1,2318,A
5-NP,1251,1,1,0,2315,2317,C
5-NP,1252,0,0,0,2292,2292,C
5-NP,1253,0,2283,0,4,2287,T
5-NP,1254,2,1,0,2285,2288,C
5-NP,1255,4,1,0,2285,2290,C
5-NP,1256,8,1,0,2284,2293,C
5-NP,1257,2293,0,1,1,2295,A
5-NP,1258,0,2296,1,0,2297,T
5-NP,1259,0,2294,0,3,2297,T
5-NP,1260,0,2293,0,0,2293,T
5-NP,1261,0,1,2292,0,2293,G
5-NP,1262,2291,0,1,0,2292,A
5-NP,1263,2292,0,2,0,2294,A
5-NP,1264,2287,0,2,0,2289,A
5-NP,1265,2291,0,2,0,2293,A
5-NP,1266,0,0,2305,0,2305,G
5-NP,1267,0,2288,0,4,2292,T
5-NP,1268,3,2,0,2290,2295,C
5-NP,1269,2298,0,1,1,2300,A
5-NP,1270,2307,0,2,0,2309,A
5-NP,1271,1,1,0,2306,2308,C
5-NP,1272,0,0,0,2335,2335,C
5-NP,1273,2334,0,1,0,2335,A
5-NP,1274,1,2344,0,2,2347,T
5-NP,1275,1,0,0,2340,2341,C
5-NP,1276,2330,0,1,0,2331,A
5-NP,1277,2,2337,0,1,2340,T
5-NP,1278,0,1,2342,0,2343,G
5-NP,1279,1,0,2331,0,2332,G
5-NP,1280,1,0,0,2331,2332,C
5-NP,1281,2276,0,1,0,2277,A
5-NP,1282,1,1,2274,0,2276,G
5-NP,1283,0,0,0,2260,2260,C
5-NP,1284,2265,0,1,0,2266,A
5-NP,1285,0,2255,1,0,2256,T
5-NP,1286,0,2245,0,0,2245,T
5-NP,1287,1,0,0,2242,2243,C
5-NP,1288,2239,0,0,0,2239,A
5-NP,1289,0,1,0,2252,2253,C
5-NP,1290,0,2251,0,1,2252,T
5-NP,1291,1,0,2256,0,2257,G
5-NP,1292,2,1,2267,0,2270,G
5-NP,1293,2266,0,0,0,2266,A
5-NP,1294,2268,0,0,0,2268,A
5-NP,1295,2263,0,2,0,2265,A
5-NP,1296,0,2252,0,0,2252,T
5-NP,1297,2248,0,2,0,2250,A
5-NP,1298,0,2,0,2241,2243,C
5-NP,1299,0,3,2211,0,2214,G
5-NP,1300,0,3,2211,0,2214,G
5-NP,1301,2157,1,3,0,2161,A
5-NP,1302,0,8,2174,0,2182,G
5-NP,1303,0,1,2176,0,2177,G
5-NP,1304,2,0,2181,0,2183,G
5-NP,1305,2179,0,4,0,2183,A
5-NP,1306,2171,0,2,0,2173,A
5-NP,1307,0,2,2175,0,2177,G
5-NP,1308,2172,0,1,0,2173,A
5-NP,1309,2170,0,1,0,2171,A
5-NP,1310,0,1,0,2188,2189,C
5-NP,1311,0,2158,0,0,2158,T
5-NP,1312,0,2177,0,1,2178,T
5-NP,1313,1,1,0,2165,2167,C
5-NP,1314,2163,0,2,1,2166,A
5-NP,1315,19,1,2148,1,2169,G
5-NP,1316,2159,0,0,0,2159,A
5-NP,1317,1,1,0,2164,2166,C
5-NP,1318,2147,0,0,0,2147,A
5-NP,1319,0,2095,0,0,2095,T
5-NP,1320,0,0,2096,0,2096,G
5-NP,1321,2068,0,2,0,2070,A
5-NP,1322,0,14,2070,0,2084,G
5-NP,1323,1,1,2081,1,2084,G
5-NP,1324,0,0,2078,0,2078,G
5-NP,1325,0,0,0,2075,2075,C
5-NP,1326,2053,0,0,0,2053,A
5-NP,1327,0,0,2060,0,2060,G
5-NP,1328,2054,0,0,0,2054,A
5-NP,1329,2060,0,1,0,2061,A
5-NP,1330,2056,0,0,0,2056,A
5-NP,1331,0,2045,0,0,2045,T
5-NP,1332,0,0,1,2045,2046,C
5-NP,1333,2035,0,0,1,2036,A
5-NP,1334,0,2030,0,4,2034,T
5-NP,1335,2028,0,3,0,2031,A
5-NP,1336,2015,0,5,1,2021,A
5-NP,1337,1,1,2037,0,2039,G
5-NP,1338,2017,1,0,0,2018,A
5-NP,1339,2036,0,0,0,2036,A
5-NP,1340,0,1997,0,0,1997,T
5-NP,1341,1,0,2001,0,2002,G
5-NP,1342,1998,1,2,0,2001,A
5-NP,1343,0,1997,0,1,1998,T
5-NP,1344,4,0,2000,0,2004,G
5-NP,1345,1,0,2002,0,2003,G
5-NP,1346,1956,0,0,0,1956,A
5-NP,1347,1941,0,0,0,1941,A
5-NP,1348,1,1,1885,0,1887,G
5-NP,1349,2,0,1916,0,1918,G
5-NP,1350,1,1884,0,0,1885,T
5-NP,1351,2,0,1878,0,1880,G
5-NP,1352,0,0,2,1876,1878,C
5-NP,1353,1874,0,2,0,1876,A
5-NP,1354,1877,0,1,0,1878,A
5-NP,1355,1876,2,0,0,1878,A
5-NP,1356,1889,0,0,0,1889,A
5-NP,1357,0,0,0,1893,1893,C
5-NP,1358,0,3,0,1856,1859,C
5-NP,1359,1835,0,1,0,1836,A
5-NP,1360,0,1,1844,0,1845,G
5-NP,1361,1840,0,0,0,1840,A
5-NP,1362,1844,0,1,0,1845,A
5-NP,1363,0,0,1839,0,1839,G
5-NP,1364,1820,1,0,0,1821,A
5-NP,1365,1777,0,0,0,1777,A
5-NP,1366,0,0,1800,0,1800,G
5-NP,1367,0,1779,0,1,1780,T
5-NP,1368,1,0,1791,0,1792,G
5-NP,1369,1,1770,0,8,1779,T
5-NP,1370,2,0,0,1784,1786,C
5-NP,1371,1782,0,0,0,1782,A
5-NP,1372,0,1795,0,1,1796,T
5-NP,1373,0,1793,0,0,1793,T
5-NP,1374,0,0,0,1796,1796,C
5-NP,1375,0,0,0,1750,1750,C
5-NP,1376,0,7,1740,1,1748,G
5-NP,1377,1,2,1748,0,1751,G
5-NP,1378,0,4,1748,0,1752,G
5-NP,1379,0,3,1743,1,1747,G
5-NP,1380,0,1,1745,0,1746,G
5-NP,1381,1671,0,2,0,1673,A
5-NP,1382,1,2,1675,0,1678,G
5-NP,1383,17,5,1651,0,1673,G
5-NP,1384,0,0,1663,0,1663,G
5-NP,1385,1,0,1667,0,1668,G
5-NP,1386,1659,0,0,0,1659,A
5-NP,1387,1,2,1659,0,1662,G
5-NP,1388,0,1628,1,1,1630,T
5-NP,1389,0,1629,0,0,1629,T
5-NP,1390,1,1636,0,0,1637,T
5-NP,1391,2,1620,0,0,1622,T
5-NP,1392,2,1,0,1622,1625,C
5-NP,1393,0,1,1621,0,1622,G
5-NP,1394,1621,1,0,0,1622,A
5-NP,1395,0,1,1629,0,1630,G
5-NP,1396,0,0,0,1612,1612,C
5-NP,1397,0,1597,0,7,1604,T
5-NP,1398,2,2,0,1614,1618,C
5-NP,1399,0,1618,0,4,1622,T
5-NP,1400,0,0,0,1623,1623,C
5-NP,1401,1620,0,0,0,1620,A
5-NP,1402,0,1,1628,0,1629,G
5-NP,1403,1630,0,1,0,1631,A
5-NP,1404,0,1,0,1618,1619,C
5-NP,1405,0,3,1605,0,1608,G
5-NP,1406,1587,0,2,0,1589,A
5-NP,1407,0,0,1585,0,1585,G
5-NP,1408,1569,0,0,0,1569,A
5-NP,1409,1563,0,0,0,1563,A
5-NP,1410,0,0,1564,1,1565,G
5-NP,1411,0,0,1542,0,1542,G
5-NP,1412,0,0,0,1542,1542,C
5-NP,1413,1537,0,1,0,1538,A
5-NP,1414,1536,0,2,0,1538,A
5-NP,1415,0,0,0,1534,1534,C
5-NP,1416,0,3,1532,0,1535,G
5-NP,1417,1534,0,0,0,1534,A
5-NP,1418,1531,0,0,0,1531,A
5-NP,1419,0,0,0,1523,1523,C
5-NP,1420,1,0,0,1519,1520,C
5-NP,1421,1,1,0,1498,1500,C
5-NP,1422,0,0,1501,0,1501,G
5-NP,1423,1504,0,0,0,1504,A
5-NP,1424,0,1503,0,0,1503,T
5-NP,1425,1,0,0,1466,1467,C
5-NP,1426,0,1,1463,0,1464,G
5-NP,1427,0,1455,0,1,1456,T
5-NP,1428,0,0,1452,0,1452,G
5-NP,1429,2,1,0,1447,1450,C
5-NP,1430,1,2,0,1436,1439,C
5-NP,1431,7,1,0,1433,1441,C
5-NP,1432,0,1412,0,1,1413,T
5-NP,1433,1,0,0,1453,1454,C
5-NP,1434,0,1448,0,4,1452,T
5-NP,1435,0,1451,1,0,1452,T
5-NP,1436,0,1448,0,0,1448,T
5-NP,1437,0,1429,0,1,1430,T
5-NP,1438,0,0,1439,0,1439,G
5-NP,1439,1431,0,0,0,1431,A
5-NP,1440,0,1413,0,0,1413,T
5-NP,1441,1402,1,0,0,1403,A
5-NP,1442,0,1205,0,0,1205,T
5-NP,1443,0,0,1211,0,1211,G
5-NP,1444,1185,0,2,0,1187,A
5-NP,1445,0,0,1203,0,1203,G
5-NP,1446,0,1198,0,1,1199,T
5-NP,1447,1167,0,0,0,1167,A
5-NP,1448,1170,0,1,0,1171,A
5-NP,1449,0,1165,0,0,1165,T
5-NP,1450,0,1,1162,0,1163,G
5-NP,1451,1157,0,0,1,1158,A
5-NP,1452,1018,1,0,0,1019,A
5-NP,1453,0,1,1020,0,1021,G
5-NP,1454,0,2,944,0,946,G
5-NP,1455,944,0,1,0,945,A
5-NP,1456,0,938,0,1,939,T
5-NP,1457,0,0,0,933,933,C
5-NP,1458,0,916,1,2,919,T
5-NP,1459,0,921,0,0,921,T
5-NP,1460,920,0,1,0,921,A
5-NP,1461,0,918,0,0,918,T
5-NP,1462,0,899,0,2,901,T
5-NP,1463,0,895,0,0,895,T
5-NP,1464,0,0,0,877,877,C
5-NP,1465,0,853,0,1,854,T
5-NP,1466,0,854,0,0,854,T
5-NP,1467,0,0,0,855,855,C
5-NP,1468,1,0,851,0,852,G
5-NP,1469,0,0,850,0,850,G
5-NP,1470,850,0,0,0,850,A
5-NP,1471,0,0,849,0,849,G
5-NP,1472,841,0,1,0,842,A
5-NP,1473,0,0,0,830,830,C
5-NP,1474,777,0,0,0,777,A
5-NP,1475,776,0,0,0,776,A
5-NP,1476,0,775,0,0,775,T
5-NP,1477,0,0,775,0,775,G
5-NP,1478,0,1,0,774,775,C
5-NP,1479,747,0,0,0,747,A
5-NP,1480,0,0,747,0,747,G
5-NP,1481,745,0,0,0,745,A
5-NP,1482,691,0,1,0,692,A
5-NP,1483,0,0,692,0,692,G
5-NP,1484,427,0,0,0,427,A
5-NP,1485,0,0,427,0,427,G
5-NP,1486,0,392,0,0,392,T
5-NP,1487,389,0,0,0,389,A
5-NP,1488,0,0,0,390,390,C
5-NP,1489,1,0,356,0,357,G
5-NP,1490,358,0,0,0,358,A
5-NP,1491,0,1,0,348,349,C
5-NP,1492,232,0,0,0,232,A
5-NP,1493,233,0,0,0,233,A
5-NP,1494,0,180,0,0,180,T
5-NP,1495,0,175,0,0,175,T
5-NP,1496,170,0,0,0,170,A
5-NP,1497,163,0,0,0,163,A
6-NA,1,42,0,0,0,42,A
6-NA,2,0,42,0,0,42,T
6-NA,3,0,0,42,0,42,G
6-NA,4,41,0,0,1,42,A
6-NA,5,43,0,0,0,43,A
6-NA,6,0,44,0,0,44,T
6-NA,7,0,0,0,44,44,C
6-NA,8,0,0,0,44,44,C
6-NA,9,44,0,0,0,44,A
6-NA,10,45,0,0,0,45,A
6-NA,11,46,0,0,0,46,A
6-NA,12,0,46,0,0,46,T
6-NA,13,0,0,0,46,46,C
6-NA,14,45,0,0,0,45,A
6-NA,15,46,0,0,0,46,A
6-NA,16,46,0,0,0,46,A
6-NA,17,47,0,0,0,47,A
6-NA,18,0,0,53,0,53,G
6-NA,19,55,0,0,0,55,A
6-NA,20,0,54,0,0,54,T
6-NA,21,56,0,0,0,56,A
6-NA,22,55,0,0,0,55,A
6-NA,23,0,57,0,0,57,T
6-NA,24,57,0,0,0,57,A
6-NA,25,57,0,0,0,57,A
6-NA,26,0,0,0,61,61,C
6-NA,27,0,0,62,0,62,G
6-NA,28,62,0,0,0,62,A
6-NA,29,0,61,0,0,61,T
6-NA,30,0,62,0,0,62,T
6-NA,31,0,0,62,0,62,G
6-NA,32,0,0,67,0,67,G
6-NA,33,0,0,0,68,68,C
6-NA,34,0,68,0,0,68,T
6-NA,35,0,0,0,70,70,C
6-NA,36,0,70,0,0,70,T
6-NA,37,0,0,72,0,72,G
6-NA,38,0,72,0,0,72,T
6-NA,39,0,72,0,0,72,T
6-NA,40,0,75,0,0,75,T
6-NA,41,0,0,0,74,74,C
6-NA,42,0,74,0,0,74,T
6-NA,43,0,0,0,75,75,C
6-NA,44,0,75,0,0,75,T
6-NA,45,0,0,0,76,76,C
6-NA,46,75,0,0,0,75,A
6-NA,47,0,0,0,82,82,C
6-NA,48,0,0,0,81,81,C
6-NA,49,81,0,0,0,81,A
6-NA,50,0,82,0,0,82,T
6-NA,51,0,85,0,0,85,T
6-NA,52,0,87,0,0,87,T
6-NA,53,0,0,0,92,92,C
6-NA,54,0,0,0,92,92,C
6-NA,55,92,0,0,0,92,A
6-NA,56,0,0,0,98,98,C
6-NA,57,98,0,0,0,98,A
6-NA,58,110,0,0,0,110,A
6-NA,59,0,111,0,0,111,T
6-NA,60,122,0,0,0,122,A
6-NA,61,0,123,0,0,123,T
6-NA,62,0,0,125,0,125,G
6-NA,63,0,0,0,125,125,C
6-NA,64,0,125,0,0,125,T
6-NA,65,1,124,0,0,125,T
6-NA,66,0,0,0,127,127,C
6-NA,67,0,127,0,0,127,T
6-NA,68,0,126,0,0,126,T
6-NA,69,0,0,0,125,125,C
6-NA,70,125,0,0,0,125,A
6-NA,71,0,125,0,0,125,T
6-NA,72,0,0,125,0,125,G
6-NA,73,0,0,0,126,126,C
6-NA,74,126,0,0,0,126,A
6-NA,75,125,0,0,0,125,A
6-NA,76,126,0,0,0,126,A
6-NA,77,0,128,0,0,128,T
6-NA,78,0,128,0,0,128,T
6-NA,79,0,0,126,0,126,G
6-NA,80,0,0,0,128,128,C
6-NA,81,0,0,0,128,128,C
6-NA,82,129,0,0,0,129,A
6-NA,83,0,130,0,0,130,T
6-NA,84,0,0,0,134,134,C
6-NA,85,0,134,0,0,134,T
6-NA,86,0,133,0,0,133,T
6-NA,87,0,0,141,0,141,G
6-NA,88,140,0,0,0,140,A
6-NA,89,0,140,0,0,140,T
6-NA,90,140,0,0,0,140,A
6-NA,91,140,0,0,0,140,A
6-NA,92,5,0,0,158,163,C
6-NA,93,0,162,0,0,162,T
6-NA,94,162,0,0,0,162,A
6-NA,95,0,0,0,166,166,C
6-NA,96,0,165,0,0,165,T
6-NA,97,0,0,165,0,165,G
6-NA,98,0,165,0,0,165,T
6-NA,99,165,0,1,0,166,A
6-NA,100,166,0,0,0,166,A
6-NA,101,0,0,0,162,162,C
6-NA,102,161,0,0,0,161,A
6-NA,103,0,161,0,0,161,T
6-NA,104,0,159,0,0,159,T
6-NA,105,0,0,161,0,161,G
6-NA,106,0,0,0,162,162,C
6-NA,107,165,1,0,0,166,A
6-NA,108,0,166,0,0,166,T
6-NA,109,0,166,0,0,166,T
6-NA,110,0,166,0,0,166,T
6-NA,111,0,0,0,166,166,C
6-NA,112,165,0,0,0,165,A
6-NA,113,167,0,0,0,167,A
6-NA,114,0,0,166,0,166,G
6-NA,115,0,0,0,169,169,C
6-NA,116,169,0,0,0,169,A
6-NA,117,172,0,0,0,172,A
6-NA,118,0,173,0,0,173,T
6-NA,119,174,0,0,0,174,A
6-NA,120,0,175,0,0,175,T
6-NA,121,0,0,176,0,176,G
6-NA,122,177,0,0,0,177,A
6-NA,123,180,0,0,0,180,A
6-NA,124,1,180,0,0,181,T
6-NA,125,0,181,0,0,181,T
6-NA,126,0,0,0,182,182,C
6-NA,127,183,0,0,0,183,A
6-NA,128,183,0,0,0,183,A
6-NA,129,0,0,0,182,182,C
6-NA,130,0,183,0,0,183,T
6-NA,131,0,0,0,183,183,C
6-NA,132,0,0,0,182,182,C
6-NA,133,0,0,0,186,186,C
6-NA,134,0,0,0,187,187,C
6-NA,135,0,0,0,187,187,C
6-NA,136,1,0,0,186,187,C
6-NA,137,0,0,0,187,187,C
6-NA,138,188,0,0,0,188,A
6-NA,139,188,0,0,0,188,A
6-NA,140,187,0,1,0,188,A
6-NA,141,0,0,0,190,190,C
6-NA,142,190,0,0,0,190,A
6-NA,143,189,0,0,0,189,A
6-NA,144,0,0,0,189,189,C
6-NA,145,0,0,0,188,188,C
6-NA,146,194,0,0,0,194,A
6-NA,147,198,0,0,0,198,A
6-NA,148,0,0,203,0,203,G
6-NA,149,0,202,0,0,202,T
6-NA,150,0,0,197,0,197,G
6-NA,151,206,0,0,0,206,A
6-NA,152,0,204,0,2,206,T
6-NA,153,0,0,205,0,205,G
6-NA,154,0,0,0,208,208,C
6-NA,155,0,204,0,1,205,T
6-NA,156,0,0,223,0,223,G
6-NA,157,0,224,0,0,224,T
6-NA,158,0,0,224,0,224,G
6-NA,159,0,225,0,0,225,T
6-NA,160,0,1,224,0,225,G
6-NA,161,226,0,0,0,226,A
6-NA,162,226,0,0,0,226,A
6-NA,163,0,0,0,226,226,C
6-NA,164,0,0,0,224,224,C
6-NA,165,213,0,0,0,213,A
6-NA,166,213,0,0,0,213,A
6-NA,167,0,0,0,215,215,C
6-NA,168,215,0,0,0,215,A
6-NA,169,219,0,0,0,219,A
6-NA,170,0,221,0,0,221,T
6-NA,171,222,0,0,0,222,A
6-NA,172,221,0,0,0,221,A
6-NA,173,0,219,0,0,219,T
6-NA,174,221,0,0,0,221,A
6-NA,175,0,1,222,0,223,G
6-NA,176,221,0,0,0,221,A
6-NA,177,224,0,0,0,224,A
6-NA,178,223,0,0,0,223,A
6-NA,179,0,1,222,0,223,G
6-NA,180,227,0,0,0,227,A
6-NA,181,226,0,0,0,226,A
6-NA,182,233,0,1,0,234,A
6-NA,183,0,1,0,234,235,C
6-NA,184,235,0,0,0,235,A
6-NA,185,0,238,0,0,238,T
6-NA,186,241,0,0,0,241,A
6-NA,187,244,0,0,0,244,A
6-NA,188,0,0,0,247,247,C
6-NA,189,244,0,0,0,244,A
6-NA,190,0,0,253,0,253,G
6-NA,191,252,0,0,0,252,A
6-NA,192,0,0,250,0,250,G
6-NA,193,253,0,0,0,253,A
6-NA,194,0,262,0,0,262,T
6-NA,195,258,0,0,0,258,A
6-NA,196,0,1,266,0,267,G
6-NA,197,0,265,0,1,266,T
6-NA,198,0,1,270,0,271,G
6-NA,199,0,266,0,0,266,T
6-NA,200,265,0,0,0,265,A
6-NA,201,0,264,0,0,264,T
6-NA,202,0,0,0,266,266,C
6-NA,203,0,264,0,0,264,T
6-NA,204,0,0,270,0,270,G
6-NA,205,266,0,0,0,266,A
6-NA,206,0,0,0,263,263,C
6-NA,207,0,1,0,268,269,C
6-NA,208,266,0,0,0,266,A
6-NA,209,268,0,0,0,268,A
6-NA,210,0,0,0,271,271,C
6-NA,211,272,0,0,0,272,A
6-NA,212,0,0,0,277,277,C
6-NA,213,0,0,0,276,276,C
6-NA,214,285,0,0,0,285,A
6-NA,215,0,0,0,292,292,C
6-NA,216,0,0,0,292,292,C
6-NA,217,292,0,0,0,292,A
6-NA,218,0,292,0,0,292,T
6-NA,219,290,0,0,0,290,A
6-NA,220,0,0,291,0,291,G
6-NA,221,290,0,0,0,290,A
6-NA,222,0,0,294,0,294,G
6-NA,223,291,1,0,0,292,A
6-NA,224,286,0,0,0,286,A
6-NA,225,0,0,285,0,285,G
6-NA,226,0,0,281,0,281,G
6-NA,227,284,0,0,0,284,A
6-NA,228,286,0,0,0,286,A
6-NA,229,285,0,0,0,285,A
6-NA,230,0,283,0,0,283,T
6-NA,231,284,0,0,0,284,A
6-NA,232,0,283,0,0,283,T
6-NA,233,2,1,280,0,283,G
6-NA,234,0,0,0,285,285,C
6-NA,235,1,0,0,276,277,C
6-NA,236,1,0,0,280,281,C
6-NA,237,0,0,0,280,280,C
6-NA,238,283,0,0,0,283,A
6-NA,239,282,0,0,0,282,A
6-NA,240,284,0,0,0,284,A
6-NA,241,0,281,0,0,281,T
6-NA,242,0,290,0,0,290,T
6-NA,243,291,0,0,0,291,A
6-NA,244,0,0,291,0,291,G
6-NA,245,0,0,0,290,290,C
6-NA,246,290,1,0,0,291,A
6-NA,247,0,0,290,0,290,G
6-NA,248,288,0,0,0,288,A
6-NA,249,295,1,0,0,296,A
6-NA,250,0,295,0,0,295,T
6-NA,251,296,0,0,0,296,A
6-NA,252,0,0,0,296,296,C
6-NA,253,296,0,0,0,296,A
6-NA,254,0,0,296,0,296,G
6-NA,255,296,0,0,0,296,A
6-NA,256,296,0,0,0,296,A
6-NA,257,296,1,0,0,297,A
6-NA,258,0,286,0,1,287,T
6-NA,259,0,286,0,0,286,T
6-NA,260,0,0,290,0,290,G
6-NA,261,0,0,287,0,287,G
6-NA,262,0,290,0,1,291,T
6-NA,263,1,0,0,291,292,C
6-NA,264,293,0,0,0,293,A
6-NA,265,294,0,0,0,294,A
6-NA,266,291,0,1,0,292,A
6-NA,267,0,0,293,0,293,G
6-NA,268,1,0,0,292,293,C
6-NA,269,1,0,0,294,295,C
6-NA,270,0,0,291,0,291,G
6-NA,271,1,0,0,292,293,C
6-NA,272,296,0,0,0,296,A
6-NA,273,297,0,0,0,297,A
6-NA,274,0,295,0,0,295,T
6-NA,275,0,0,293,0,293,G
6-NA,276,0,0,0,289,289,C
6-NA,277,0,0,295,0,295,G
6-NA,278,303,0,1,0,304,A
6-NA,279,0,1,0,301,302,C
6-NA,280,304,0,0,0,304,A
6-NA,281,0,310,0,0,310,T
6-NA,282,0,309,0,1,310,T
6-NA,283,310,0,0,0,310,A
6-NA,284,0,0,0,310,310,C
6-NA,285,309,0,0,0,309,A
6-NA,286,0,0,310,0,310,G
6-NA,287,0,0,309,0,309,G
6-NA,288,307,0,0,0,307,A
6-NA,289,0,305,0,1,306,T
6-NA,290,0,302,1,0,303,T
6-NA,291,0,301,0,0,301,T
6-NA,292,0,0,301,0,301,G
6-NA,293,0,0,0,301,301,C
6-NA,294,302,0,0,0,302,A
6-NA,295,0,0,0,300,300,C
6-NA,296,0,0,0,298,298,C
6-NA,297,0,299,0,0,299,T
6-NA,298,0,300,0,0,300,T
6-NA,299,0,302,0,0,302,T
6-NA,300,0,305,0,0,305,T
6-NA,301,0,311,0,0,311,T
6-NA,302,0,0,1,311,312,C
6-NA,303,0,314,0,0,314,T
6-NA,304,312,0,0,0,312,A
6-NA,305,310,0,0,0,310,A
6-NA,306,0,0,315,0,315,G
6-NA,307,0,0,312,0,312,G
6-NA,308,313,0,0,0,313,A
6-NA,309,0,0,0,314,314,C
6-NA,310,307,0,0,0,307,A
6-NA,311,310,0,0,0,310,A
6-NA,312,0,310,0,0,310,T
6-NA,313,0,311,0,0,311,T
6-NA,314,0,0,0,313,313,C
6-NA,315,0,0,314,0,314,G
6-NA,316,314,0,0,0,314,A
6-NA,317,1,313,0,0,314,T
6-NA,318,0,315,0,0,315,T
6-NA,319,314,0,0,0,314,A
6-NA,320,0,0,319,0,319,G
6-NA,321,0,0,317,1,318,G
6-NA,322,0,0,0,319,319,C
6-NA,323,0,309,0,1,310,T
6-NA,324,0,314,0,0,314,T
6-NA,325,0,311,0,0,311,T
6-NA,326,0,0,0,315,315,C
6-NA,327,1,0,0,314,315,C
6-NA,328,0,0,317,0,317,G
6-NA,329,0,0,0,318,318,C
6-NA,330,2,314,0,0,316,T
6-NA,331,0,0,325,0,325,G
6-NA,332,0,0,325,0,325,G
6-NA,333,1,324,0,0,325,T
6-NA,334,0,0,327,0,327,G
6-NA,335,0,0,325,0,325,G
6-NA,336,0,0,328,0,328,G
6-NA,337,0,1,327,0,328,G
6-NA,338,325,0,0,0,325,A
6-NA,339,0,0,0,330,330,C
6-NA,340,325,0,0,0,325,A
6-NA,341,0,324,0,0,324,T
6-NA,342,0,0,0,326,326,C
6-NA,343,0,325,0,0,325,T
6-NA,344,0,1,327,0,328,G
6-NA,345,0,0,328,0,328,G
6-NA,346,0,0,329,0,329,G
6-NA,347,0,327,0,0,327,T
6-NA,348,0,0,323,0,323,G
6-NA,349,321,0,1,0,322,A
6-NA,350,1,0,0,326,327,C
6-NA,351,329,0,0,0,329,A
6-NA,352,334,0,0,0,334,A
6-NA,353,0,0,336,0,336,G
6-NA,354,334,0,0,0,334,A
6-NA,355,0,1,336,0,337,G
6-NA,356,347,0,0,0,347,A
6-NA,357,358,0,0,0,358,A
6-NA,358,0,0,0,413,413,C
6-NA,359,0,1,0,430,431,C
6-NA,360,0,428,0,0,428,T
6-NA,361,0,429,0,0,429,T
6-NA,362,429,0,0,0,429,A
6-NA,363,0,431,0,0,431,T
6-NA,364,0,0,441,0,441,G
6-NA,365,0,442,0,1,443,T
6-NA,366,0,0,449,0,449,G
6-NA,367,0,438,0,0,438,T
6-NA,368,0,0,0,433,433,C
6-NA,369,438,0,0,0,438,A
6-NA,370,0,439,0,0,439,T
6-NA,371,0,0,439,0,439,G
6-NA,372,0,0,0,439,439,C
6-NA,373,0,1,436,0,437,G
6-NA,374,496,0,0,0,496,A
6-NA,375,0,493,0,0,493,T
6-NA,376,0,0,0,501,501,C
6-NA,377,0,0,0,501,501,C
6-NA,378,0,507,0,1,508,T
6-NA,379,0,0,517,0,517,G
6-NA,380,518,0,1,0,519,A
6-NA,381,0,1,0,521,522,C
6-NA,382,519,0,2,0,521,A
6-NA,383,512,0,0,0,512,A
6-NA,384,0,1,533,0,534,G
6-NA,385,0,529,0,0,529,T
6-NA,386,1,0,530,0,531,G
6-NA,387,0,526,0,0,526,T
6-NA,388,0,528,0,0,528,T
6-NA,389,527,0,1,0,528,A
6-NA,390,0,526,0,0,526,T
6-NA,391,1,0,0,534,535,C
6-NA,392,533,0,0,0,533,A
6-NA,393,535,0,0,0,535,A
6-NA,394,0,531,0,0,531,T
6-NA,395,0,532,0,0,532,T
6-NA,396,0,530,0,0,530,T
6-NA,397,1,0,530,0,531,G
6-NA,398,0,0,0,559,559,C
6-NA,399,0,0,0,556,556,C
6-NA,400,2,1,0,554,557,C
6-NA,401,0,560,0,0,560,T
6-NA,402,0,559,0,1,560,T
6-NA,403,0,3,574,0,577,G
6-NA,404,0,1,579,0,580,G
6-NA,405,583,0,0,0,583,A
6-NA,406,0,0,0,586,586,C
6-NA,407,571,0,2,1,574,A
6-NA,408,1,0,594,0,595,G
6-NA,409,0,1,592,0,593,G
6-NA,410,0,2,610,0,612,G
6-NA,411,613,0,0,1,614,A
6-NA,412,608,0,0,1,609,A
6-NA,413,0,0,0,612,612,C
6-NA,414,608,0,0,1,609,A
6-NA,415,660,1,0,1,662,A
6-NA,416,0,0,0,670,670,C
6-NA,417,671,0,0,1,672,A
6-NA,418,0,0,0,680,680,C
6-NA,419,0,669,0,1,670,T
6-NA,420,684,0,0,0,684,A
6-NA,421,681,0,0,1,682,A
6-NA,422,685,0,0,1,686,A
6-NA,423,0,1,0,685,686,C
6-NA,424,664,0,0,0,664,A
6-NA,425,670,0,0,0,670,A
6-NA,426,0,0,0,665,665,C
6-NA,427,0,0,668,0,668,G
6-NA,428,0,667,0,0,667,T
6-NA,429,0,0,664,0,664,G
6-NA,430,0,0,0,667,667,C
6-NA,431,670,0,0,0,670,A
6-NA,432,0,665,0,0,665,T
6-NA,433,0,671,0,0,671,T
6-NA,434,0,0,0,684,684,C
6-NA,435,703,0,0,0,703,A
6-NA,436,706,0,0,0,706,A
6-NA,437,715,0,0,0,715,A
6-NA,438,0,717,0,0,717,T
6-NA,439,0,1,719,0,720,G
6-NA,440,736,0,0,0,736,A
6-NA,441,0,0,0,739,739,C
6-NA,442,740,0,1,0,741,A
6-NA,443,1,0,0,750,751,C
6-NA,444,742,0,0,0,742,A
6-NA,445,2,0,943,0,945,G
6-NA,446,0,947,0,0,947,T
6-NA,447,963,0,1,0,964,A
6-NA,448,1,1,0,969,971,C
6-NA,449,0,0,966,0,966,G
6-NA,450,0,999,0,0,999,T
6-NA,451,0,2,998,0,1000,G
6-NA,452,1004,0,0,0,1004,A
6-NA,453,0,1007,0,0,1007,T
6-NA,454,924,0,0,0,924,A
6-NA,455,0,1,925,0,926,G
6-NA,456,0,3,918,0,921,G
6-NA,457,923,0,0,0,923,A
6-NA,458,0,0,0,945,945,C
6-NA,459,1,0,0,930,931,C
6-NA,460,1,0,0,939,940,C
6-NA,461,2,0,0,940,942,C
6-NA,462,1,948,0,0,949,T
6-NA,463,0,969,0,0,969,T
6-NA,464,973,0,0,0,973,A
6-NA,465,1,973,0,1,975,T
6-NA,466,0,0,0,979,979,C
6-NA,467,0,2,968,1,971,G
6-NA,468,0,1,970,0,971,G
6-NA,469,972,0,0,0,972,A
6-NA,470,0,0,0,978,978,C
6-NA,471,0,0,0,975,975,C
6-NA,472,3,0,0,1012,1015,C
6-NA,473,0,1015,0,1,1016,T
6-NA,474,1032,0,1,0,1033,A
6-NA,475,0,1031,0,1,1032,T
6-NA,476,0,1035,0,0,1035,T
6-NA,477,2,0,1037,0,1039,G
6-NA,478,1037,1,0,0,1038,A
6-NA,479,0,1034,0,0,1034,T
6-NA,480,0,1,1036,0,1037,G
6-NA,481,1015,0,2,0,1017,A
6-NA,482,1015,0,0,0,1015,A
6-NA,483,2,1011,0,1,1014,T
6-NA,484,0,0,1032,0,1032,G
6-NA,485,1046,0,1,0,1047,A
6-NA,486,1,0,1057,0,1058,G
6-NA,487,0,1054,0,0,1054,T
6-NA,488,0,1055,0,0,1055,T
6-NA,489,1060,0,0,0,1060,A
6-NA,490,1,1,1059,0,1061,G
6-NA,491,2,0,1057,0,1059,G
6-NA,492,0,1054,0,0,1054,T
6-NA,493,0,0,1058,0,1058,G
6-NA,494,0,1043,0,1,1044,T
6-NA,495,0,1041,0,0,1041,T
6-NA,496,3,2,0,1041,1046,C
6-NA,497,2,0,0,1058,1060,C
6-NA,498,0,1063,0,0,1063,T
6-NA,499,0,1059,0,1,1060,T
6-NA,500,0,1058,0,0,1058,T
6-NA,501,0,1057,0,0,1057,T
6-NA,502,0,0,0,1059,1059,C
6-NA,503,1061,0,0,0,1061,A
6-NA,504,0,1092,0,0,1092,T
6-NA,505,1,0,0,1091,1092,C
6-NA,506,0,1082,0,0,1082,T
6-NA,507,1,1,1084,0,1086,G
6-NA,508,0,6,1071,0,1077,G
6-NA,509,1,2,1080,0,1083,G
6-NA,510,0,1,1092,0,1093,G
6-NA,511,1092,0,1,0,1093,A
6-NA,512,0,1,0,1109,1110,C
6-NA,513,2,0,0,1094,1096,C
6-NA,514,1099,0,0,0,1099,A
6-NA,515,1099,2,0,0,1101,A
6-NA,516,0,2,1100,0,1102,G
6-NA,517,0,0,0,1106,1106,C
6-NA,518,1098,0,0,0,1098,A
6-NA,519,1107,0,0,0,1107,A
6-NA,520,0,0,1117,0,1117,G
6-NA,521,0,1109,0,0,1109,T
6-NA,522,0,1,1143,0,1144,G
6-NA,523,0,1130,0,1,1131,T
6-NA,524,1,0,1167,0,1168,G
6-NA,525,0,0,0,1171,1171,C
6-NA,526,1167,1,0,0,1168,A
6-NA,527,1,1176,0,1,1178,T
6-NA,528,1162,0,0,1,1163,A
6-NA,529,0,0,1184,0,1184,G
6-NA,530,0,0,0,1185,1185,C
6-NA,531,1151,0,1,0,1152,A
6-NA,532,0,1153,0,0,1153,T
6-NA,533,0,2,1111,0,1113,G
6-NA,534,1,0,1300,0,1301,G
6-NA,535,0,1310,0,0,1310,T
6-NA,536,1,0,0,1308,1309,C
6-NA,537,0,0,0,1337,1337,C
6-NA,538,1390,0,1,0,1391,A
6-NA,539,1,0,1528,0,1529,G
6-NA,540,0,0,0,1539,1539,C
6-NA,541,0,1535,0,1,1536,T
6-NA,542,0,3,0,1546,1549,C
6-NA,543,1518,2,0,0,1520,A
6-NA,544,1562,0,1,0,1563,A
6-NA,545,0,0,1572,0,1572,G
6-NA,546,0,1576,0,0,1576,T
6-NA,547,0,1572,1,1,1574,T
6-NA,548,0,0,1590,0,1590,G
6-NA,549,0,1592,0,0,1592,T
6-NA,550,2,1,0,1583,1586,C
6-NA,551,1588,1,1,0,1590,A
6-NA,552,0,6,0,1618,1624,C
6-NA,553,1,0,1622,1,1624,G
6-NA,554,1691,0,1,0,1692,A
6-NA,555,0,1705,0,1,1706,T
6-NA,556,0,2,1768,0,1770,G
6-NA,557,0,0,1783,0,1783,G
6-NA,558,1787,1,0,0,1788,A
6-NA,559,1791,0,1,0,1792,A
6-NA,560,1833,0,0,1,1834,A
6-NA,561,1843,1,2,1,1847,A
6-NA,562,0,0,1900,0,1900,G
6-NA,563,2,0,0,1892,1894,C
6-NA,564,1892,0,0,0,1892,A
6-NA,565,0,1897,0,0,1897,T
6-NA,566,0,1,1928,0,1929,G
6-NA,567,3,1,1948,0,1952,G
6-NA,568,0,0,0,1998,1998,C
6-NA,569,0,1996,0,1,1997,T
6-NA,570,2,0,2018,1,2021,G
6-NA,571,1,1,0,2013,2015,C
6-NA,572,2016,1,3,0,2020,A
6-NA,573,0,2144,0,0,2144,T
6-NA,574,0,0,2155,0,2155,G
6-NA,575,2,2205,0,1,2208,T
6-NA,576,0,2298,0,6,2304,T
6-NA,577,0,2311,0,0,2311,T
6-NA,578,3,0,2543,0,2546,G
6-NA,579,0,2550,0,0,2550,T
6-NA,580,2552,0,1,0,2553,A
6-NA,581,1,2566,0,0,2567,T
6-NA,582,2556,0,0,1,2557,A
6-NA,583,2577,0,3,0,2580,A
6-NA,584,1,0,0,2574,2575,C
6-NA,585,0,11,2550,0,2561,G
6-NA,586,0,5,2562,0,2567,G
6-NA,587,0,4,2544,0,2548,G
6-NA,588,1,4,2556,0,2561,G
6-NA,589,1,2,2564,0,2567,G
6-NA,590,2557,2,2,0,2561,A
6-NA,591,0,2573,0,0,2573,T
6-NA,592,1,2,2593,0,2596,G
6-NA,593,2637,0,3,0,2640,A
6-NA,594,1,2648,1,0,2650,T
6-NA,595,2639,0,1,0,2640,A
6-NA,596,2689,0,0,2,2691,A
6-NA,597,2707,1,0,2,2710,A
6-NA,598,2717,0,0,0,2717,A
6-NA,599,2740,0,0,0,2740,A
6-NA,600,0,2737,0,0,2737,T
6-NA,601,0,0,2740,0,2740,G
6-NA,602,1,0,0,2745,2746,C
6-NA,603,2741,1,1,0,2743,A
6-NA,604,2756,2,4,0,2762,A
6-NA,605,1,0,0,2799,2800,C
6-NA,606,0,2805,0,2,2807,T
6-NA,607,0,0,2831,0,2831,G
6-NA,608,0,1,0,2830,2831,C
6-NA,609,0,2828,0,3,2831,T
6-NA,610,2837,1,1,0,2839,A
6-NA,611,1,0,2842,0,2843,G
6-NA,612,2,0,0,2882,2884,C
6-NA,613,1,2890,0,1,2892,T
6-NA,614,0,2887,0,3,2890,T
6-NA,615,1,1,0,2947,2949,C
6-NA,616,2982,0,0,0,2982,A
6-NA,617,0,2991,0,0,2991,T
6-NA,618,0,2994,0,0,2994,T
6-NA,619,0,3024,0,0,3024,T
6-NA,620,3044,1,2,0,3047,A
6-NA,621,0,0,0,3087,3087,C
6-NA,622,3078,0,3,1,3082,A
6-NA,623,3114,0,5,0,3119,A
6-NA,624,0,3107,0,1,3108,T
6-NA,625,18,7,3088,1,3114,G
6-NA,626,0,2,3105,0,3107,G
6-NA,627,0,1,3105,0,3106,G
6-NA,628,3101,1,2,1,3105,A
6-NA,629,0,4,3201,0,3205,G
6-NA,630,1,0,3251,0,3252,G
6-NA,631,0,1,0,3596,3597,C
6-NA,632,0,3597,0,0,3597,T
6-NA,633,0,3667,0,0,3667,T
6-NA,634,1,1,3717,0,3719,G
6-NA,635,0,3723,0,1,3724,T
6-NA,636,3819,1,0,0,3820,A
6-NA,637,0,1,3839,0,3840,G
6-NA,638,3796,0,0,1,3797,A
6-NA,639,1,3816,0,0,3817,T
6-NA,640,3621,1,0,0,3622,A
6-NA,641,1,4,3620,0,3625,G
6-NA,642,0,3599,0,7,3606,T
6-NA,643,1,1,3559,0,3561,G
6-NA,644,2,3774,0,2,3778,T
6-NA,645,0,3777,0,0,3777,T
6-NA,646,2,1,3832,0,3835,G
6-NA,647,0,3826,0,3,3829,T
6-NA,648,1,3847,0,1,3849,T
6-NA,649,1,3853,0,2,3856,T
6-NA,650,5,1,0,3819,3825,C
6-NA,651,3819,1,1,2,3823,A
6-NA,652,1,3809,0,1,3811,T
6-NA,653,0,4,3809,1,3814,G
6-NA,654,0,2,4083,0,4085,G
6-NA,655,2,4067,0,5,4074,T
6-NA,656,2,1,0,4068,4071,C
6-NA,657,3,1,1,4067,4072,C
6-NA,658,4097,0,1,0,4098,A
6-NA,659,4130,0,1,0,4131,A
6-NA,660,4130,0,2,0,4132,A
6-NA,661,1,5,4157,0,4163,G
6-NA,662,4146,1,4,0,4151,A
6-NA,663,4065,0,3,1,4069,A
6-NA,664,4081,0,3,0,4084,A
6-NA,665,1,4079,0,1,4081,T
6-NA,666,2,0,0,4246,4248,C
6-NA,667,4,1,0,4236,4241,C
6-NA,668,1,4235,0,1,4237,T
6-NA,669,2,2,0,4241,4245,C
6-NA,670,4230,1,4,0,4235,A
6-NA,671,1,3,4301,0,4305,G
6-NA,672,0,1,4308,0,4309,G
6-NA,673,4424,0,2,0,4426,A
6-NA,674,1,0,0,4432,4433,C
6-NA,675,3,0,1,4362,4366,C
6-NA,676,9,1,1,4359,4370,C
6-NA,677,4367,0,1,0,4368,A
6-NA,678,0,4,4371,1,4376,G
6-NA,679,1,1,4385,1,4388,G
6-NA,680,4376,1,3,0,4380,A
6-NA,681,1,5,4435,0,4441,G
6-NA,682,0,4371,0,4,4375,T
6-NA,683,1,3,0,4384,4388,C
6-NA,684,4380,1,5,0,4386,A
6-NA,685,0,3,4412,0,4415,G
6-NA,686,4407,0,2,0,4409,A
6-NA,687,4411,0,1,1,4413,A
6-NA,688,2,4403,0,2,4407,T
6-NA,689,0,2,4432,0,4434,G
6-NA,690,0,0,0,4445,4445,C
6-NA,691,3,0,4488,0,4491,G
6-NA,692,0,4478,2,1,4481,T
6-NA,693,1,4482,0,1,4484,T
6-NA,694,0,4469,0,2,4471,T
6-NA,695,2,2,4500,0,4504,G
6-NA,696,0,4524,0,1,4525,T
6-NA,697,4519,2,4,0,4525,A
6-NA,698,1,4514,0,2,4517,T
6-NA,699,2,0,0,4529,4531,C
6-NA,700,4527,1,1,0,4529,A
6-NA,701,4538,0,0,0,4538,A
6-NA,702,1,4541,0,0,4542,T
6-NA,703,0,1,4540,0,4541,G
6-NA,704,1,7,4537,2,4547,G
6-NA,705,4604,1,34,0,4639,A
6-NA,706,4644,0,1,0,4645,A
6-NA,707,1,1,0,4705,4707,C
6-NA,708,2,4743,1,3,4749,T
6-NA,709,0,4743,0,1,4744,T
6-NA,710,3,1,4905,0,4909,G
6-NA,711,2,4899,0,0,4901,T
6-NA,712,4901,1,2,0,4904,A
6-NA,713,3,2,0,4989,4994,C
6-NA,714,4887,2,2,0,4891,A
6-NA,715,0,1,5292,1,5294,G
6-NA,716,1,5268,0,2,5271,T
6-NA,717,5513,1,4,0,5518,A
6-NA,718,1,2,5542,0,5545,G
6-NA,719,1,5448,0,0,5449,T
6-NA,720,5448,0,1,0,5449,A
6-NA,721,5450,0,2,0,5452,A
6-NA,722,0,5419,0,1,5420,T
6-NA,723,6,7,5435,0,5448,G
6-NA,724,5352,1,2,0,5355,A
6-NA,725,0,0,0,5416,5416,C
6-NA,726,1,5291,1,0,5293,T
6-NA,727,1,2,5312,1,5316,G
6-NA,728,5292,4,4,0,5300,A
6-NA,729,0,5329,0,4,5333,T
6-NA,730,2,17,5317,0,5336,G
6-NA,731,0,3,5323,0,5326,G
6-NA,732,2,5,5319,0,5326,G
6-NA,733,5262,1,8,0,5271,A
6-NA,734,1,10,5262,0,5273,G
6-NA,735,0,5197,0,3,5200,T
6-NA,736,1,1,5271,0,5273,G
6-NA,737,1,3,1,5278,5283,C
6-NA,738,1,5269,2,3,5275,T
6-NA,739,1,5269,0,1,5271,T
6-NA,740,2,0,0,5257,5259,C
6-NA,741,1,5,5242,0,5248,G
6-NA,742,2,2,5297,0,5301,G
6-NA,743,0,3,5302,0,5305,G
6-NA,744,5300,2,0,0,5302,A
6-NA,745,5260,1,4,0,5265,A
6-NA,746,5248,1,4,0,5253,A
6-NA,747,5271,0,7,1,5279,A
6-NA,748,0,3,5305,0,5308,G
6-NA,749,0,0,0,5305,5305,C
6-NA,750,1,5265,0,2,5268,T
6-NA,751,1,2,5279,0,5282,G
6-NA,752,5276,1,4,0,5281,A
6-NA,753,0,5338,0,2,5340,T
6-NA,754,5351,0,0,0,5351,A
6-NA,755,2,0,0,5589,5591,C
6-NA,756,0,5560,0,1,5561,T
6-NA,757,5562,0,0,0,5562,A
6-NA,758,5568,1,0,0,5569,A
6-NA,759,5556,1,1,1,5559,A
6-NA,760,5672,1,2,1,5676,A
6-NA,761,1,5678,0,0,5679,T
6-NA,762,5660,0,3,0,5663,A
6-NA,763,2,0,0,5692,5694,C
6-NA,764,1,5520,0,2,5523,T
6-NA,765,5619,1,0,0,5620,A
6-NA,766,1,5608,0,4,5613,T
6-NA,767,1,6057,0,4,6062,T
6-NA,768,4,2,0,6131,6137,C
6-NA,769,6078,2,1,0,6081,A
6-NA,770,0,6079,1,0,6080,T
6-NA,771,0,6065,0,11,6076,T
6-NA,772,5994,0,0,0,5994,A
6-NA,773,6007,1,0,2,6010,A
6-NA,774,2,4,6056,0,6062,G
6-NA,775,0,3,6068,0,6071,G
6-NA,776,5687,2,1,1,5691,A
6-NA,777,0,19,5715,2,5736,G
6-NA,778,1,10,5731,1,5743,G
6-NA,779,1,11,5728,0,5740,G
6-NA,780,1,3,5752,0,5756,G
6-NA,781,5740,0,4,0,5744,A
6-NA,782,5750,1,4,1,5756,A
6-NA,783,5730,3,5,0,5738,A
6-NA,784,5731,0,1,0,5732,A
6-NA,785,0,5723,0,10,5733,T
6-NA,786,3,3,1,5688,5695,C
6-NA,787,10,0,5738,1,5749,G
6-NA,788,1,5734,0,3,5738,T
6-NA,789,1,5733,0,4,5738,T
6-NA,790,10,0,1,5737,5748,C
6-NA,791,5753,0,2,0,5755,A
6-NA,792,2,6180,0,1,6183,T
6-NA,793,6180,1,1,0,6182,A
6-NA,794,1,1,0,6213,6215,C
6-NA,795,2,6200,1,1,6204,T
6-NA,796,6202,0,3,0,6205,A
6-NA,797,2,6,6195,0,6203,G
6-NA,798,1,1,0,6209,6211,C
6-NA,799,6206,2,4,0,6212,A
6-NA,800,3,9,0,6219,6231,C
6-NA,801,5982,0,0,0,5982,A
6-NA,802,2,6075,0,2,6079,T
6-NA,803,0,6062,0,0,6062,T
6-NA,804,2,3,6470,0,6475,G
6-NA,805,0,6440,0,5,6445,T
6-NA,806,7,1,1,6428,6437,C
6-NA,807,6430,3,1,0,6434,A
6-NA,808,1,6,6473,1,6481,G
6-NA,809,1,5,6514,0,6520,G
6-NA,810,6513,1,2,0,6516,A
6-NA,811,6403,1,2,1,6407,A
6-NA,812,284,1,6226,0,6511,G
6-NA,813,0,6242,1,2,6245,T
6-NA,814,1,1,6274,0,6276,G
6-NA,815,1,1,0,6274,6276,C
6-NA,816,0,6251,0,8,6259,T
6-NA,817,3,4,0,6274,6281,C
6-NA,818,6214,0,3,0,6217,A
6-NA,819,1,0,6267,0,6268,G
6-NA,820,1,1,1,6270,6273,C
6-NA,821,6252,2,2,0,6256,A
6-NA,822,0,6263,0,0,6263,T
6-NA,823,3,1,6485,0,6489,G
6-NA,824,0,6499,0,0,6499,T
6-NA,825,2,1,0,6500,6503,C
6-NA,826,2,2,6498,1,6503,G
6-NA,827,6492,0,1,0,6493,A
6-NA,828,4,7,6439,0,6450,G
6-NA,829,2,7,6449,0,6458,G
6-NA,830,6420,0,4,1,6425,A
6-NA,831,2,0,6500,0,6502,G
6-NA,832,1,6340,0,3,6344,T
6-NA,833,0,2,6364,1,6367,G
6-NA,834,3,1,0,6500,6504,C
6-NA,835,0,6471,0,2,6473,T
6-NA,836,4,2,0,6507,6513,C
6-NA,837,7,1,0,6532,6540,C
6-NA,838,0,6537,0,4,6541,T
6-NA,839,1,4,6569,0,6574,G
6-NA,840,0,1,0,6515,6516,C
6-NA,841,1,6475,0,3,6479,T
6-NA,842,6526,1,1,1,6529,A
6-NA,843,0,6438,0,0,6438,T
6-NA,844,2,0,0,6489,6491,C
6-NA,845,9,1,0,6472,6482,C
6-NA,846,2,6459,0,28,6489,T
6-NA,847,3,2,0,6515,6520,C
6-NA,848,0,1,6520,0,6521,G
6-NA,849,6594,0,3,1,6598,A
6-NA,850,0,6595,0,4,6599,T
6-NA,851,6603,1,0,0,6604,A
6-NA,852,1,6600,0,3,6604,T
6-NA,853,5,0,3,6588,6596,C
6-NA,854,6,2,1,6595,6604,C
6-NA,855,1,6556,0,5,6562,T
6-NA,856,1,2,6596,2,6601,G
6-NA,857,1,3,6620,0,6624,G
6-NA,858,2,6691,0,6,6699,T
6-NA,859,0,2,6717,0,6719,G
6-NA,860,0,6678,1,1,6680,T
6-NA,861,7,2,0,6668,6677,C
6-NA,862,6651,2,7,0,6660,A
6-NA,863,1,5,6660,0,6666,G
6-NA,864,6656,1,6,0,6663,A
6-NA,865,0,6580,0,2,6582,T
6-NA,866,0,2,6592,2,6596,G
6-NA,867,2,6549,0,2,6553,T
6-NA,868,2,3,6565,0,6570,G
6-NA,869,0,6566,0,6,6572,T
6-NA,870,3,0,0,6581,6584,C
6-NA,871,1,6560,0,2,6563,T
6-NA,872,0,2,6579,0,6581,G
6-NA,873,0,3,0,6577,6580,C
6-NA,874,6564,0,5,0,6569,A
6-NA,875,0,5,6573,0,6578,G
6-NA,876,6471,0,3,0,6474,A
6-NA,877,1,3,6494,1,6499,G
6-NA,878,6483,0,8,0,6491,A
6-NA,879,3,1,0,6532,6536,C
6-NA,880,6549,0,3,0,6552,A
6-NA,881,6577,5,5,0,6587,A
6-NA,882,2,0,0,6624,6626,C
6-NA,883,0,6620,0,4,6624,T
6-NA,884,1,1,6626,1,6629,G
6-NA,885,4,6,6603,0,6613,G
6-NA,886,6590,2,6,3,6601,A
6-NA,887,6592,3,5,1,6601,A
6-NA,888,6464,0,7,0,6471,A
6-NA,889,1,2,6619,0,6622,G
6-NA,890,2,2,6586,0,6590,G
6-NA,891,1,0,0,6567,6568,C
6-NA,892,0,6548,0,11,6559,T
6-NA,893,6,1,0,6709,6716,C
6-NA,894,5,0,0,6789,6794,C
6-NA,895,6829,0,4,0,6833,A
6-NA,896,6825,0,2,1,6828,A
6-NA,897,1,6834,0,1,6836,T
6-NA,898,6618,0,1,0,6619,A
6-NA,899,1,1,6583,0,6585,G
6-NA,900,2,2,6623,0,6627,G
6-NA,901,0,5,0,6613,6618,C
6-NA,902,4,1,0,6501,6506,C
6-NA,903,10,0,0,6434,6444,C
6-NA,904,6536,1,1,0,6538,A
6-NA,905,0,6597,0,4,6601,T
6-NA,906,2,2,0,6603,6607,C
6-NA,907,2,2,6629,0,6633,G
6-NA,908,1,6601,0,1,6603,T
6-NA,909,6465,1,5,1,6472,A
6-NA,910,2,4,6616,0,6622,G
6-NA,911,6635,1,5,0,6641,A
6-NA,912,1,6660,0,2,6663,T
6-NA,913,6541,0,1,0,6542,A
6-NA,914,0,6475,0,2,6477,T
6-NA,915,6472,0,1,0,6473,A
6-NA,916,6464,0,3,0,6467,A
6-NA,917,6604,0,1,0,6605,A
6-NA,918,3,0,0,6747,6750,C
6-NA,919,6596,0,1,0,6597,A
6-NA,920,0,6586,1,0,6587,T
6-NA,921,6537,0,0,0,6537,A
6-NA,922,6553,0,3,1,6557,A
6-NA,923,6546,2,2,1,6551,A
6-NA,924,0,7,6612,0,6619,G
6-NA,925,2,2,6675,0,6679,G
6-NA,926,6524,0,2,0,6526,A
6-NA,927,2,6534,1,2,6539,T
6-NA,928,1,0,1,6540,6542,C
6-NA,929,6610,0,1,0,6611,A
6-NA,930,1,6610,0,5,6616,T
6-NA,931,6608,0,1,0,6609,A
6-NA,932,2,3,6655,0,6660,G
6-NA,933,0,2,0,6598,6600,C
6-NA,934,6505,1,0,0,6506,A
6-NA,935,1,6342,0,3,6346,T
6-NA,936,0,6368,0,0,6368,T
6-NA,937,0,3,6584,1,6588,G
6-NA,938,1,6588,0,2,6591,T
6-NA,939,1,6698,2,11,6712,T
6-NA,940,1,6712,0,4,6717,T
6-NA,941,2,0,0,6688,6690,C
6-NA,942,5,1,0,6706,6712,C
6-NA,943,6801,0,0,1,6802,A
6-NA,944,1,1,6883,0,6885,G
6-NA,945,0,6872,0,2,6874,T
6-NA,946,0,6734,0,3,6737,T
6-NA,947,6740,0,0,0,6740,A
6-NA,948,2,6681,0,2,6685,T
6-NA,949,3,0,6691,0,6694,G
6-NA,950,3,6650,0,4,6657,T
6-NA,951,1,2,6696,0,6699,G
6-NA,952,1,6549,0,3,6553,T
6-NA,953,2,3,6705,1,6711,G
6-NA,954,0,6706,0,6,6712,T
6-NA,955,1,6678,1,8,6688,T
6-NA,956,8,3,0,6678,6689,C
6-NA,957,6634,3,4,0,6641,A
6-NA,958,1,12,6661,0,6674,G
6-NA,959,1,4,6670,2,6677,G
6-NA,960,6646,1,4,1,6652,A
6-NA,961,1,0,0,6655,6656,C
6-NA,962,2,6509,0,4,6515,T
6-NA,963,3,6537,0,0,6540,T
6-NA,964,0,1,6818,1,6820,G
6-NA,965,0,6821,0,1,6822,T
6-NA,966,1,6817,0,1,6819,T
6-NA,967,9,4,6773,1,6787,G
6-NA,968,0,5,6786,0,6791,G
6-NA,969,6774,5,13,1,6793,A
6-NA,970,1,6,6801,0,6808,G
6-NA,971,6764,2,16,0,6782,A
6-NA,972,3,4,0,6746,6753,C
6-NA,973,6541,1,10,1,6553,A
6-NA,974,2,0,0,6592,6594,C
6-NA,975,6603,2,3,0,6608,A
6-NA,976,2,0,0,6627,6629,C
6-NA,977,6,1,0,6591,6598,C
6-NA,978,21,2,0,6591,6614,C
6-NA,979,6601,0,2,0,6603,A
6-NA,980,0,2,6630,0,6632,G
6-NA,981,6613,0,2,0,6615,A
6-NA,982,6638,0,1,1,6640,A
6-NA,983,6603,1,2,0,6606,A
6-NA,984,6593,0,0,1,6594,A
6-NA,985,6559,1,3,0,6563,A
6-NA,986,6572,0,4,1,6577,A
6-NA,987,0,1,0,6592,6593,C
6-NA,988,5,10,6562,0,6577,G
6-NA,989,6564,0,5,0,6569,A
6-NA,990,4,1,0,6558,6563,C
6-NA,991,6549,1,1,0,6551,A
6-NA,992,13,0,6620,0,6633,G
6-NA,993,0,1,0,6871,6872,C
6-NA,994,1,6843,0,10,6854,T
6-NA,995,9,2,1,6861,6873,C
6-NA,996,3,1,1,6878,6883,C
6-NA,997,6886,2,4,0,6892,A
6-NA,998,2,0,6952,0,6954,G
6-NA,999,1,0,1,6952,6954,C
6-NA,1000,6929,0,2,0,6931,A
6-NA,1001,2,2,6925,1,6930,G
6-NA,1002,1,6650,0,3,6654,T
6-NA,1003,6655,3,4,0,6662,A
6-NA,1004,1,2,6669,0,6672,G
6-NA,1005,2,0,1,6680,6683,C
6-NA,1006,5,0,0,6706,6711,C
6-NA,1007,6645,0,1,0,6646,A
6-NA,1008,2,6646,1,3,6652,T
6-NA,1009,1,6642,1,1,6645,T
6-NA,1010,3,0,6804,1,6808,G
6-NA,1011,1,6763,1,6,6771,T
6-NA,1012,2,6744,1,2,6749,T
6-NA,1013,2,6740,0,2,6744,T
6-NA,1014,3,7,6701,0,6711,G
6-NA,1015,0,4,6779,0,6783,G
6-NA,1016,6772,2,2,0,6776,A
6-NA,1017,0,6804,0,3,6807,T
6-NA,1018,3,1,0,6791,6795,C
6-NA,1019,3,0,0,6682,6685,C
6-NA,1020,2,6698,1,6,6707,T
6-NA,1021,6715,0,9,0,6724,A
6-NA,1022,6737,2,5,0,6744,A
6-NA,1023,1,4,0,6861,6866,C
6-NA,1024,6737,1,1,0,6739,A
6-NA,1025,6797,0,2,0,6799,A
6-NA,1026,2,6821,0,2,6825,T
6-NA,1027,4,3,6891,0,6898,G
6-NA,1028,6860,1,7,0,6868,A
6-NA,1029,6829,4,7,1,6841,A
6-NA,1030,2,6,6870,0,6878,G
6-NA,1031,6851,1,4,0,6856,A
6-NA,1032,6716,0,6,0,6722,A
6-NA,1033,0,7,6733,0,6740,G
6-NA,1034,1,3,6747,0,6751,G
6-NA,1035,2,6674,0,3,6679,T
6-NA,1036,3,8,6638,0,6649,G
6-NA,1037,2,4,6846,0,6852,G
6-NA,1038,3,6817,1,7,6828,T
6-NA,1039,15,0,1,6800,6816,C
6-NA,1040,6815,1,1,0,6817,A
6-NA,1041,1,6800,2,1,6804,T
6-NA,1042,3,3,6792,0,6798,G
6-NA,1043,0,5,6864,1,6870,G
6-NA,1044,6807,1,9,1,6818,A
6-NA,1045,0,2,7023,0,7025,G
6-NA,1046,0,6786,1,5,6792,T
6-NA,1047,0,3,6799,1,6803,G
6-NA,1048,6783,1,3,1,6788,A
6-NA,1049,6783,0,2,2,6787,A
6-NA,1050,6781,1,20,0,6802,A
6-NA,1051,1,6,6840,0,6847,G
6-NA,1052,2,0,6786,0,6788,G
6-NA,1053,2,1,1,6781,6785,C
6-NA,1054,0,6602,0,11,6613,T
6-NA,1055,1,6,6611,1,6619,G
6-NA,1056,1,2,6623,0,6626,G
6-NA,1057,1,0,6701,1,6703,G
6-NA,1058,1,5,0,6713,6719,C
6-NA,1059,5,1,0,6716,6722,C
6-NA,1060,1,6648,0,9,6658,T
6-NA,1061,1,6662,0,2,6665,T
6-NA,1062,0,6661,1,3,6665,T
6-NA,1063,0,2,6683,0,6685,G
6-NA,1064,6661,1,8,1,6671,A
6-NA,1065,2,6633,0,1,6636,T
6-NA,1066,0,4,6538,1,6543,G
6-NA,1067,6466,0,6,0,6472,A
6-NA,1068,2,6506,1,1,6510,T
6-NA,1069,2,1,6510,1,6514,G
6-NA,1070,2,6,6588,0,6596,G
6-NA,1071,6583,0,6,0,6589,A
6-NA,1072,6574,1,5,1,6581,A
6-NA,1073,6577,2,2,0,6581,A
6-NA,1074,0,6583,1,3,6587,T
6-NA,1075,2,6,6597,0,6605,G
6-NA,1076,6586,2,7,1,6596,A
6-NA,1077,3,0,0,6587,6590,C
6-NA,1078,4,0,6620,0,6624,G
6-NA,1079,2,6492,2,4,6500,T
6-NA,1080,1,4,6543,0,6548,G
6-NA,1081,0,6543,0,1,6544,T
6-NA,1082,2,6,6544,0,6552,G
6-NA,1083,2,0,6597,1,6600,G
6-NA,1084,6555,1,4,0,6560,A
6-NA,1085,1,6555,1,4,6561,T
6-NA,1086,0,12,6543,2,6557,G
6-NA,1087,0,5,6552,1,6558,G
6-NA,1088,3,1,6597,0,6601,G
6-NA,1089,6550,4,6,1,6561,A
6-NA,1090,6530,1,3,1,6535,A
6-NA,1091,2,3,6539,0,6544,G
6-NA,1092,6452,2,2,2,6458,A
6-NA,1093,6468,1,10,1,6480,A
6-NA,1094,2,3,0,6427,6432,C
6-NA,1095,2,5,6399,0,6406,G
6-NA,1096,6402,1,4,0,6407,A
6-NA,1097,2,6291,0,1,6294,T
6-NA,1098,4,2,0,6314,6320,C
6-NA,1099,6319,1,4,0,6324,A
6-NA,1100,0,2,6331,1,6334,G
6-NA,1101,0,0,0,6319,6319,C
6-NA,1102,2,3,6321,0,6326,G
6-NA,1103,6297,0,1,1,6299,A
6-NA,1104,4,4,6311,1,6320,G
6-NA,1105,6331,0,2,3,6336,A
6-NA,1106,6333,1,2,1,6337,A
6-NA,1107,3,2,6372,1,6378,G
6-NA,1108,0,6335,1,5,6341,T
6-NA,1109,6,1,0,6290,6297,C
6-NA,1110,6280,1,5,0,6286,A
6-NA,1111,1,1,0,6468,6470,C
6-NA,1112,0,1,6470,0,6471,G
6-NA,1113,2,3,0,6474,6479,C
6-NA,1114,1,6443,0,5,6449,T
6-NA,1115,0,6459,2,2,6463,T
6-NA,1116,6381,0,9,0,6390,A
6-NA,1117,18,16,6493,1,6528,G
6-NA,1118,1,4,6526,0,6531,G
6-NA,1119,4,5,6628,0,6637,G
6-NA,1120,0,6248,1,6,6255,T
6-NA,1121,6247,0,3,1,6251,A
6-NA,1122,3,6218,1,3,6225,T
6-NA,1123,2,1,6220,0,6223,G
6-NA,1124,6215,1,4,0,6220,A
6-NA,1125,6214,0,2,0,6216,A
6-NA,1126,5949,3,3,1,5956,A
6-NA,1127,1,2,1,5966,5970,C
6-NA,1128,8,3,0,5896,5907,C
6-NA,1129,0,5866,0,9,5875,T
6-NA,1130,1,5860,0,3,5864,T
6-NA,1131,1,0,0,5874,5875,C
6-NA,1132,5867,1,5,0,5873,A
6-NA,1133,5876,1,2,0,5879,A
6-NA,1134,5878,2,0,0,5880,A
6-NA,1135,0,1,5930,0,5931,G
6-NA,1136,3,5841,0,5,5849,T
6-NA,1137,5,0,1,5855,5861,C
6-NA,1138,5906,3,2,0,5911,A
6-NA,1139,0,5922,2,2,5926,T
6-NA,1140,1,5921,0,3,5925,T
6-NA,1141,1,3,5918,0,5922,G
6-NA,1142,5904,2,2,0,5908,A
6-NA,1143,5896,2,5,0,5903,A
6-NA,1144,1,4,5908,0,5913,G
6-NA,1145,3,1,5898,0,5902,G
6-NA,1146,1,0,0,5882,5883,C
6-NA,1147,1,5785,0,5,5791,T
6-NA,1148,0,7,5823,1,5831,G
6-NA,1149,3,1,5822,0,5826,G
6-NA,1150,2,5808,0,6,5816,T
6-NA,1151,2,5735,0,7,5744,T
6-NA,1152,3,3,0,5851,5857,C
6-NA,1153,5860,0,4,1,5865,A
6-NA,1154,5927,0,5,1,5933,A
6-NA,1155,2,0,0,5933,5935,C
6-NA,1156,2,0,0,5938,5940,C
6-NA,1157,13,1,0,5928,5942,C
6-NA,1158,1,5756,0,3,5760,T
6-NA,1159,5774,0,1,0,5775,A
6-NA,1160,5771,1,2,1,5775,A
6-NA,1161,0,0,5814,0,5814,G
6-NA,1162,0,5784,1,5,5790,T
6-NA,1163,5,1,2,5750,5758,C
6-NA,1164,9,1,0,5680,5690,C
6-NA,1165,5672,0,0,0,5672,A
6-NA,1166,5673,0,1,0,5674,A
6-NA,1167,5670,1,1,1,5673,A
6-NA,1168,1,5669,0,1,5671,T
6-NA,1169,0,5656,0,0,5656,T
6-NA,1170,0,2,5634,0,5636,G
6-NA,1171,1,1,0,5605,5607,C
6-NA,1172,5602,2,4,0,5608,A
6-NA,1173,4,3,5628,1,5636,G
6-NA,1174,5632,0,1,0,5633,A
6-NA,1175,1,5726,0,0,5727,T
6-NA,1176,5729,0,2,0,5731,A
6-NA,1177,5723,1,2,0,5726,A
6-NA,1178,5723,0,4,0,5727,A
6-NA,1179,1,5708,1,1,5711,T
6-NA,1180,5682,0,4,0,5686,A
6-NA,1181,0,3,5689,0,5692,G
6-NA,1182,3,1,5667,0,5671,G
6-NA,1183,1,1,0,5654,5656,C
6-NA,1184,5535,0,2,0,5537,A
6-NA,1185,5574,0,14,0,5588,A
6-NA,1186,3,1,5633,0,5637,G
6-NA,1187,0,5620,1,7,5628,T
6-NA,1188,2,1,0,5619,5622,C
6-NA,1189,5652,0,2,0,5654,A
6-NA,1190,1,5647,0,1,5649,T
6-NA,1191,5680,0,2,0,5682,A
6-NA,1192,1,1,5709,0,5711,G
6-NA,1193,0,5703,0,1,5704,T
6-NA,1194,1,5558,0,5,5564,T
6-NA,1195,1,5,5487,0,5493,G
6-NA,1196,5466,4,4,1,5475,A
6-NA,1197,0,0,0,5470,5470,C
6-NA,1198,5403,1,3,0,5407,A
6-NA,1199,1,3,5476,0,5480,G
6-NA,1200,5421,1,15,1,5438,A
6-NA,1201,1,2,5584,0,5587,G
6-NA,1202,0,4,5595,0,5599,G
6-NA,1203,6,5573,1,1,5581,T
6-NA,1204,5570,0,0,0,5570,A
6-NA,1205,5563,1,0,1,5565,A
6-NA,1206,0,5564,0,3,5567,T
6-NA,1207,5545,0,2,3,5550,A
6-NA,1208,0,5,5432,0,5437,G
6-NA,1209,0,0,5343,0,5343,G
6-NA,1210,1,5007,0,9,5017,T
6-NA,1211,9,1,0,4959,4969,C
6-NA,1212,4,3,0,4958,4965,C
6-NA,1213,2,4,4979,0,4985,G
6-NA,1214,0,1,4993,0,4994,G
6-NA,1215,1,4966,1,0,4968,T
6-NA,1216,0,4960,1,0,4961,T
6-NA,1217,4934,0,1,0,4935,A
6-NA,1218,0,4894,1,0,4895,T
6-NA,1219,0,4894,0,1,4895,T
6-NA,1220,3,0,0,4906,4909,C
6-NA,1221,2,4796,0,4,4802,T
6-NA,1222,1,8,4820,0,4829,G
6-NA,1223,1,1,4844,0,4846,G
6-NA,1224,0,4844,1,1,4846,T
6-NA,1225,4849,0,0,1,4850,A
6-NA,1226,0,4766,0,2,4768,T
6-NA,1227,1,4778,0,6,4785,T
6-NA,1228,0,4783,1,4,4788,T
6-NA,1229,1,4798,0,8,4807,T
6-NA,1230,1,0,1,4813,4815,C
6-NA,1231,1,4738,1,6,4746,T
6-NA,1232,4,1,0,4761,4766,C
6-NA,1233,0,4744,0,4,4748,T
6-NA,1234,0,1,4816,0,4817,G
6-NA,1235,1,4806,0,5,4812,T
6-NA,1236,0,4776,0,1,4777,T
6-NA,1237,1,2,4787,0,4790,G
6-NA,1238,4739,0,1,0,4740,A
6-NA,1239,4744,1,5,0,4750,A
6-NA,1240,0,1,4770,1,4772,G
6-NA,1241,3,2,4751,0,4756,G
6-NA,1242,1,2,0,4757,4760,C
6-NA,1243,4676,2,1,0,4679,A
6-NA,1244,4677,0,6,1,4684,A
6-NA,1245,4687,0,4,0,4691,A
6-NA,1246,4679,1,13,0,4693,A
6-NA,1247,0,0,4689,1,4690,G
6-NA,1248,1,0,1,4687,4689,C
6-NA,1249,3,4629,0,5,4637,T
6-NA,1250,1,1,4678,0,4680,G
6-NA,1251,1,1,1,4667,4670,C
6-NA,1252,4681,1,2,0,4684,A
6-NA,1253,0,4661,1,6,4668,T
6-NA,1254,4,1,0,4623,4628,C
6-NA,1255,4622,0,0,0,4622,A
6-NA,1256,4621,2,3,0,4626,A
6-NA,1257,0,4617,0,0,4617,T
6-NA,1258,2,1,0,4621,4624,C
6-NA,1259,1,3,4561,0,4565,G
6-NA,1260,2,1,4615,0,4618,G
6-NA,1261,0,4610,0,0,4610,T
6-NA,1262,4,1,4620,0,4625,G
6-NA,1263,0,1,0,4637,4638,C
6-NA,1264,0,4614,0,8,4622,T
6-NA,1265,0,4656,0,1,4657,T
6-NA,1266,0,4660,0,0,4660,T
6-NA,1267,0,4682,0,1,4683,T
6-NA,1268,4703,0,1,0,4704,A
6-NA,1269,0,4524,1,0,4525,T
6-NA,1270,1,1,4525,0,4527,G
6-NA,1271,1,4476,0,4,4481,T
6-NA,1272,1,2,4419,0,4422,G
6-NA,1273,0,1,4478,0,4479,G
6-NA,1274,4397,0,2,0,4399,A
6-NA,1275,0,2,4443,0,4445,G
6-NA,1276,1,4407,0,3,4411,T
6-NA,1277,1,4369,0,8,4378,T
6-NA,1278,2,3,4413,0,4418,G
6-NA,1279,4405,1,4,0,4410,A
6-NA,1280,1,4405,1,1,4408,T
6-NA,1281,4384,0,1,0,4385,A
6-NA,1282,4256,0,5,0,4261,A
6-NA,1283,0,17,4257,1,4275,G
6-NA,1284,0,13,4193,0,4206,G
6-NA,1285,2,1,4164,0,4167,G
6-NA,1286,1,1,4146,0,4148,G
6-NA,1287,4061,1,4,1,4067,A
6-NA,1288,4037,1,14,1,4053,A
6-NA,1289,0,3,4066,0,4069,G
6-NA,1290,4057,0,0,0,4057,A
6-NA,1291,4048,1,0,0,4049,A
6-NA,1292,4005,0,1,0,4006,A
6-NA,1293,3919,0,5,0,3924,A
6-NA,1294,0,3,3926,0,3929,G
6-NA,1295,3883,0,8,1,3892,A
6-NA,1296,2,2,3891,0,3895,G
6-NA,1297,1,2,3887,0,3890,G
6-NA,1298,3842,1,0,0,3843,A
6-NA,1299,3846,0,2,1,3849,A
6-NA,1300,3846,0,1,0,3847,A
6-NA,1301,0,1,0,3853,3854,C
6-NA,1302,1,3840,1,1,3843,T
6-NA,1303,1,0,3839,0,3840,G
6-NA,1304,3831,0,3,0,3834,A
6-NA,1305,3819,2,5,0,3826,A
6-NA,1306,0,0,3858,0,3858,G
6-NA,1307,0,3818,0,4,3822,T
6-NA,1308,2,0,0,3865,3867,C
6-NA,1309,1,3832,1,3,3837,T
6-NA,1310,1,3818,0,1,3820,T
6-NA,1311,0,0,3821,0,3821,G
6-NA,1312,2,3805,0,4,3811,T
6-NA,1313,2,2,3803,0,3807,G
6-NA,1314,2,1,3792,0,3795,G
6-NA,1315,3734,0,0,0,3734,A
6-NA,1316,0,3,1,3718,3722,C
6-NA,1317,3545,1,0,1,3547,A
6-NA,1318,1,3531,1,1,3534,T
6-NA,1319,4,0,0,3534,3538,C
6-NA,1320,1,3,3541,0,3545,G
6-NA,1321,3595,1,0,0,3596,A
6-NA,1322,3596,0,4,0,3600,A
6-NA,1323,1,1,0,3602,3604,C
6-NA,1324,3561,0,0,0,3561,A
6-NA,1325,0,1,3657,0,3658,G
6-NA,1326,0,3633,0,2,3635,T
6-NA,1327,3626,0,1,0,3627,A
6-NA,1328,0,3627,0,2,3629,T
6-NA,1329,0,3514,1,2,3517,T
6-NA,1330,0,0,3535,0,3535,G
6-NA,1331,0,3522,1,1,3524,T
6-NA,1332,0,3430,1,1,3432,T
6-NA,1333,1,1,3431,0,3433,G
6-NA,1334,0,3012,1,6,3019,T
6-NA,1335,22,0,3001,0,3023,G
6-NA,1336,0,2992,3,5,3000,T
6-NA,1337,1,2974,0,1,2976,T
6-NA,1338,0,2985,0,0,2985,T
6-NA,1339,0,2903,1,0,2904,T
6-NA,1340,0,2,2902,0,2904,G
6-NA,1341,0,2898,0,3,2901,T
6-NA,1342,0,0,2882,0,2882,G
6-NA,1343,2,0,2886,0,2888,G
6-NA,1344,0,0,0,2850,2850,C
6-NA,1345,2835,1,1,0,2837,A
6-NA,1346,0,1,0,2846,2847,C
6-NA,1347,2,0,0,2830,2832,C
6-NA,1348,0,2817,0,13,2830,T
6-NA,1349,3,1,0,2822,2826,C
6-NA,1350,2820,1,7,0,2828,A
6-NA,1351,0,2,2848,0,2850,G
6-NA,1352,0,1,2849,0,2850,G
6-NA,1353,0,2832,0,2,2834,T
6-NA,1354,2815,0,2,0,2817,A
6-NA,1355,1,1,0,2691,2693,C
6-NA,1356,2650,1,0,0,2651,A
6-NA,1357,0,2643,0,1,2644,T
6-NA,1358,2571,0,0,0,2571,A
6-NA,1359,0,2564,0,1,2565,T
6-NA,1360,0,2,2385,0,2387,G
6-NA,1361,36,2,2340,0,2378,G
6-NA,1362,2359,1,0,0,2360,A
6-NA,1363,2342,0,0,0,2342,A
6-NA,1364,1,1,1,2311,2314,C
6-NA,1365,1901,0,2,0,1903,A
6-NA,1366,0,0,1891,0,1891,G
6-NA,1367,0,0,1885,0,1885,G
6-NA,1368,0,0,0,1885,1885,C
6-NA,1369,0,1862,0,2,1864,T
6-NA,1370,0,1,0,1758,1759,C
6-NA,1371,1744,0,1,0,1745,A
6-NA,1372,0,1744,0,1,1745,T
6-NA,1373,0,1,1742,0,1743,G
6-NA,1374,0,0,1748,0,1748,G
6-NA,1375,0,1,0,1679,1680,C
6-NA,1376,1,0,0,1662,1663,C
6-NA,1377,0,1557,0,2,1559,T
6-NA,1378,0,1,1557,0,1558,G
6-NA,1379,1556,0,1,0,1557,A
6-NA,1380,0,1557,0,0,1557,T
6-NA,1381,1,3,1516,0,1520,G
6-NA,1382,0,2,1485,0,1487,G
6-NA,1383,0,0,1382,0,1382,G
6-NA,1384,3,0,1385,0,1388,G
6-NA,1385,0,0,0,1358,1358,C
6-NA,1386,0,0,1356,0,1356,G
6-NA,1387,0,2,1334,1,1337,G
6-NA,1388,1307,1,0,0,1308,A
6-NA,1389,0,1,0,1306,1307,C
6-NA,1390,1302,0,0,0,1302,A
6-NA,1391,0,1275,0,0,1275,T
6-NA,1392,0,0,0,1255,1255,C
6-NA,1393,1238,0,1,0,1239,A
6-NA,1394,1236,0,0,0,1236,A
6-NA,1395,1,1236,0,0,1237,T
6-NA,1396,0,1,0,1203,1204,C
6-NA,1397,1,1167,0,0,1168,T
6-NA,1398,2,0,0,976,978,C
6-NA,1399,971,1,0,0,972,A
6-NA,1400,0,960,0,1,961,T
6-NA,1401,0,0,961,0,961,G
6-NA,1402,0,2,0,949,951,C
6-NA,1403,2,0,0,912,914,C
6-NA,1404,0,813,0,1,814,T
6-NA,1405,799,0,1,0,800,A
6-NA,1406,0,798,0,1,799,T
6-NA,1407,792,1,0,0,793,A
6-NA,1408,0,787,0,0,787,T
6-NA,1409,712,0,0,0,712,A
6-NA,1410,678,0,0,0,678,A
7-M,1,37,0,0,0,37,A
7-M,2,0,38,0,0,38,T
7-M,3,0,0,37,0,37,G
7-M,4,38,0,0,0,38,A
7-M,5,0,0,43,0,43,G
7-M,6,0,0,0,45,45,C
7-M,7,0,0,0,48,48,C
7-M,8,0,71,0,0,71,T
7-M,9,0,71,0,0,71,T
7-M,10,0,0,0,71,71,C
7-M,11,0,71,0,0,71,T
7-M,12,71,0,0,0,71,A
7-M,13,72,0,0,0,72,A
7-M,14,0,0,0,72,72,C
7-M,15,0,0,0,72,72,C
7-M,16,0,0,72,0,72,G
7-M,17,72,0,0,0,72,A
7-M,18,0,0,75,0,75,G
7-M,19,0,0,77,0,77,G
7-M,20,0,78,0,0,78,T
7-M,21,0,0,0,77,77,C
7-M,22,1,0,75,0,76,G
7-M,23,84,0,0,0,84,A
7-M,24,84,0,0,0,84,A
7-M,25,87,0,0,0,87,A
7-M,26,0,0,0,94,94,C
7-M,27,0,0,97,0,97,G
7-M,28,0,98,0,0,98,T
7-M,29,99,0,0,0,99,A
7-M,30,0,100,0,0,100,T
7-M,31,0,0,105,0,105,G
7-M,32,0,107,0,0,107,T
7-M,33,0,120,0,0,120,T
7-M,34,0,0,0,123,123,C
7-M,35,0,123,0,0,123,T
7-M,36,0,0,0,132,132,C
7-M,37,0,131,0,0,131,T
7-M,38,0,0,0,140,140,C
7-M,39,0,140,0,0,140,T
7-M,40,140,0,0,0,140,A
7-M,41,0,140,0,0,140,T
7-M,42,0,0,1,142,143,C
7-M,43,0,0,143,0,143,G
7-M,44,0,149,0,0,149,T
7-M,45,0,148,0,0,148,T
7-M,46,0,0,0,150,150,C
7-M,47,0,0,0,152,152,C
7-M,48,154,0,0,0,154,A
7-M,49,0,154,0,0,154,T
7-M,50,0,0,0,154,154,C
7-M,51,155,0,0,0,155,A
7-M,52,0,0,159,0,159,G
7-M,53,0,0,158,0,158,G
7-M,54,0,0,0,160,160,C
7-M,55,0,0,0,163,163,C
7-M,56,0,0,0,163,163,C
7-M,57,3,0,0,167,170,C
7-M,58,1,0,0,169,170,C
7-M,59,0,169,0,0,169,T
7-M,60,0,0,0,170,170,C
7-M,61,170,0,0,0,170,A
7-M,62,170,0,0,0,170,A
7-M,63,178,0,0,0,178,A
7-M,64,0,0,179,0,179,G
7-M,65,0,0,0,179,179,C
7-M,66,1,0,0,176,177,C
7-M,67,0,0,178,0,178,G
7-M,68,178,0,0,0,178,A
7-M,69,0,0,176,0,176,G
7-M,70,177,0,0,0,177,A
7-M,71,0,178,0,0,178,T
7-M,72,0,0,0,178,178,C
7-M,73,0,0,178,0,178,G
7-M,74,0,0,0,179,179,C
7-M,75,1,0,178,0,179,G
7-M,76,0,0,0,179,179,C
7-M,77,179,0,0,0,179,A
7-M,78,0,0,181,0,181,G
7-M,79,181,0,0,0,181,A
7-M,80,0,0,195,0,195,G
7-M,81,196,0,0,0,196,A
7-M,82,1,0,0,199,200,C
7-M,83,0,199,0,0,199,T
7-M,84,0,199,0,0,199,T
7-M,85,0,1,201,0,202,G
7-M,86,202,0,0,0,202,A
7-M,87,201,0,0,0,201,A
7-M,88,0,0,203,0,203,G
7-M,89,196,0,0,0,196,A
7-M,90,0,196,0,0,196,T
7-M,91,0,0,197,0,197,G
7-M,92,0,196,0,0,196,T
7-M,93,0,0,0,197,197,C
7-M,94,0,194,0,2,196,T
7-M,95,0,196,0,0,196,T
7-M,96,0,195,0,1,196,T
7-M,97,0,0,196,0,196,G
7-M,98,0,0,0,195,195,C
7-M,99,0,194,0,1,195,T
7-M,100,0,0,195,0,195,G
7-M,101,0,0,196,0,196,G
7-M,102,0,0,203,0,203,G
7-M,103,203,0,0,0,203,A
7-M,104,200,0,1,0,201,A
7-M,105,203,1,0,0,204,A
7-M,106,203,0,0,0,203,A
7-M,107,207,0,0,0,207,A
7-M,108,0,0,0,206,206,C
7-M,109,206,0,0,0,206,A
7-M,110,0,0,0,207,207,C
7-M,111,204,0,1,0,205,A
7-M,112,0,0,210,0,210,G
7-M,113,210,0,0,0,210,A
7-M,114,0,217,0,0,217,T
7-M,115,0,0,0,217,217,C
7-M,116,0,214,0,0,214,T
7-M,117,0,214,0,0,214,T
7-M,118,0,0,216,0,216,G
7-M,119,216,0,1,0,217,A
7-M,120,0,0,218,0,218,G
7-M,121,0,1,217,0,218,G
7-M,122,0,5,0,213,218,C
7-M,123,0,216,0,0,216,T
7-M,124,0,0,0,239,239,C
7-M,125,0,238,0,0,238,T
7-M,126,0,0,0,240,240,C
7-M,127,239,0,0,0,239,A
7-M,128,0,240,0,0,240,T
7-M,129,0,0,240,0,240,G
7-M,130,0,1,240,0,241,G
7-M,131,239,1,1,1,242,A
7-M,132,241,0,1,0,242,A
7-M,133,0,237,0,0,237,T
7-M,134,0,0,246,0,246,G
7-M,135,1,0,256,0,257,G
7-M,136,2,0,0,258,260,C
7-M,137,0,260,0,0,260,T
7-M,138,256,1,0,0,257,A
7-M,139,257,0,0,0,257,A
7-M,140,265,0,0,0,265,A
7-M,141,0,0,272,0,272,G
7-M,142,272,0,0,0,272,A
7-M,143,0,0,0,270,270,C
7-M,144,263,0,1,0,264,A
7-M,145,262,0,1,0,263,A
7-M,146,0,0,272,0,272,G
7-M,147,272,0,0,0,272,A
7-M,148,0,0,0,273,273,C
7-M,149,1,0,0,272,273,C
7-M,150,272,0,0,0,272,A
7-M,151,275,0,0,0,275,A
7-M,152,0,275,0,0,275,T
7-M,153,0,275,0,0,275,T
7-M,154,0,0,0,278,278,C
7-M,155,0,276,0,0,276,T
7-M,156,0,0,278,0,278,G
7-M,157,0,278,0,0,278,T
7-M,158,0,0,0,278,278,C
7-M,159,279,0,0,0,279,A
7-M,160,0,0,0,290,290,C
7-M,161,1,0,0,289,290,C
7-M,162,0,290,0,0,290,T
7-M,163,0,0,0,290,290,C
7-M,164,0,290,0,0,290,T
7-M,165,0,0,293,0,293,G
7-M,166,292,0,0,0,292,A
7-M,167,0,0,0,293,293,C
7-M,168,0,293,0,0,293,T
7-M,169,284,0,0,0,284,A
7-M,170,283,0,0,0,283,A
7-M,171,0,0,281,0,281,G
7-M,172,0,0,281,0,281,G
7-M,173,0,0,282,0,282,G
7-M,174,0,0,279,0,279,G
7-M,175,286,0,0,0,286,A
7-M,176,0,286,0,0,286,T
7-M,177,0,285,0,0,285,T
7-M,178,0,283,0,0,283,T
7-M,179,0,285,0,1,286,T
7-M,180,0,0,285,0,285,G
7-M,181,0,0,286,0,286,G
7-M,182,0,0,286,0,286,G
7-M,183,0,0,288,0,288,G
7-M,184,0,285,0,0,285,T
7-M,185,0,288,0,0,288,T
7-M,186,0,290,0,0,290,T
7-M,187,0,0,296,0,296,G
7-M,188,1,296,0,0,297,T
7-M,189,0,0,299,0,299,G
7-M,190,0,299,0,0,299,T
7-M,191,0,300,0,0,300,T
7-M,192,0,0,0,302,302,C
7-M,193,301,0,0,0,301,A
7-M,194,0,0,0,307,307,C
7-M,195,0,0,306,0,306,G
7-M,196,0,0,0,306,306,C
7-M,197,0,306,0,0,306,T
7-M,198,0,0,0,315,315,C
7-M,199,316,0,0,0,316,A
7-M,200,0,0,0,319,319,C
7-M,201,0,0,0,319,319,C
7-M,202,0,0,319,0,319,G
7-M,203,0,323,0,0,323,T
7-M,204,0,0,323,0,323,G
7-M,205,0,0,0,328,328,C
7-M,206,0,0,0,329,329,C
7-M,207,1,0,0,328,329,C
7-M,208,322,0,0,1,323,A
7-M,209,0,0,329,0,329,G
7-M,210,0,329,0,0,329,T
7-M,211,0,0,334,0,334,G
7-M,212,339,0,0,0,339,A
7-M,213,0,0,341,0,341,G
7-M,214,0,0,0,340,340,C
7-M,215,0,1,338,0,339,G
7-M,216,334,0,0,0,334,A
7-M,217,0,1,336,0,337,G
7-M,218,0,0,338,0,338,G
7-M,219,334,0,0,0,334,A
7-M,220,0,0,0,342,342,C
7-M,221,0,338,0,0,338,T
7-M,222,0,0,339,0,339,G
7-M,223,0,0,0,338,338,C
7-M,224,337,0,0,0,337,A
7-M,225,0,0,347,0,347,G
7-M,226,0,0,0,348,348,C
7-M,227,0,0,351,0,351,G
7-M,228,0,352,0,0,352,T
7-M,229,348,0,0,0,348,A
7-M,230,0,1,345,0,346,G
7-M,231,347,0,0,0,347,A
7-M,232,0,0,0,347,347,C
7-M,233,0,0,347,0,347,G
7-M,234,0,0,0,344,344,C
7-M,235,0,340,0,0,340,T
7-M,236,0,341,0,0,341,T
7-M,237,0,340,0,0,340,T
7-M,238,0,0,352,0,352,G
7-M,239,0,348,0,2,350,T
7-M,240,0,0,0,352,352,C
7-M,241,1,0,0,349,350,C
7-M,242,353,0,0,0,353,A
7-M,243,354,0,0,0,354,A
7-M,244,353,0,0,0,353,A
7-M,245,355,0,0,0,355,A
7-M,246,0,354,0,0,354,T
7-M,247,0,0,347,0,347,G
7-M,248,0,0,0,348,348,C
7-M,249,0,0,0,345,345,C
7-M,250,1,0,0,349,350,C
7-M,251,0,350,0,0,350,T
7-M,252,0,0,0,360,360,C
7-M,253,362,0,0,0,362,A
7-M,254,363,1,0,0,364,A
7-M,255,0,365,0,0,365,T
7-M,256,0,0,369,0,369,G
7-M,257,1,0,372,0,373,G
7-M,258,0,0,377,0,377,G
7-M,259,375,0,0,0,375,A
7-M,260,373,0,0,0,373,A
7-M,261,0,365,0,0,365,T
7-M,262,0,1,365,0,366,G
7-M,263,0,0,364,0,364,G
7-M,264,357,0,1,1,359,A
7-M,265,0,1,355,0,356,G
7-M,266,350,0,2,0,352,A
7-M,267,0,0,0,350,350,C
7-M,268,0,0,0,360,360,C
7-M,269,1,1,0,360,362,C
7-M,270,368,0,0,0,368,A
7-M,271,369,0,0,0,369,A
7-M,272,370,0,0,0,370,A
7-M,273,0,372,0,0,372,T
7-M,274,373,1,0,0,374,A
7-M,275,374,0,1,0,375,A
7-M,276,1,0,0,364,365,C
7-M,277,362,0,0,0,362,A
7-M,278,0,361,0,0,361,T
7-M,279,0,1,366,0,367,G
7-M,280,0,1,366,0,367,G
7-M,281,368,0,0,0,368,A
7-M,282,0,0,0,368,368,C
7-M,283,359,0,0,0,359,A
7-M,284,360,0,0,0,360,A
7-M,285,358,0,0,0,358,A
7-M,286,0,0,364,0,364,G
7-M,287,0,0,0,373,373,C
7-M,288,371,0,0,0,371,A
7-M,289,0,1,378,0,379,G
7-M,290,0,380,0,0,380,T
7-M,291,0,378,0,0,378,T
7-M,292,380,0,0,0,380,A
7-M,293,380,0,0,0,380,A
7-M,294,382,0,0,0,382,A
7-M,295,0,0,0,385,385,C
7-M,296,0,371,0,0,371,T
7-M,297,1,0,389,0,390,G
7-M,298,1,386,0,0,387,T
7-M,299,388,0,0,0,388,A
7-M,300,0,387,0,0,387,T
7-M,301,385,0,0,0,385,A
7-M,302,0,0,387,0,387,G
7-M,303,365,0,0,0,365,A
7-M,304,367,0,0,0,367,A
7-M,305,365,0,0,0,365,A
7-M,306,376,0,0,0,376,A
7-M,307,0,0,0,379,379,C
7-M,308,0,379,0,0,379,T
7-M,309,0,378,0,1,379,T
7-M,310,380,0,0,0,380,A
7-M,311,380,0,1,0,381,A
7-M,312,0,0,384,0,384,G
7-M,313,380,0,0,0,380,A
7-M,314,0,0,385,0,385,G
7-M,315,0,0,382,0,382,G
7-M,316,0,1,385,0,386,G
7-M,317,388,0,1,0,389,A
7-M,318,0,0,389,0,389,G
7-M,319,390,0,0,0,390,A
7-M,320,0,389,0,0,389,T
7-M,321,389,0,0,0,389,A
7-M,322,387,0,1,0,388,A
7-M,323,0,0,0,391,391,C
7-M,324,0,0,393,0,393,G
7-M,325,0,396,0,0,396,T
7-M,326,1,388,0,0,389,T
7-M,327,1,0,0,393,394,C
7-M,328,0,0,0,392,392,C
7-M,329,392,0,0,0,392,A
7-M,330,0,392,0,0,392,T
7-M,331,0,0,391,0,391,G
7-M,332,1,0,393,0,394,G
7-M,333,0,0,390,0,390,G
7-M,334,0,0,391,0,391,G
7-M,335,0,0,0,390,390,C
7-M,336,0,0,0,392,392,C
7-M,337,395,0,0,0,395,A
7-M,338,397,0,1,0,398,A
7-M,339,399,0,0,0,399,A
7-M,340,0,0,402,0,402,G
7-M,341,402,0,0,0,402,A
7-M,342,400,0,0,0,400,A
7-M,343,399,0,1,0,400,A
7-M,344,0,402,0,0,402,T
7-M,345,402,0,0,0,402,A
7-M,346,0,0,408,0,408,G
7-M,347,0,0,0,405,405,C
7-M,348,0,405,0,0,405,T
7-M,349,0,0,0,400,400,C
7-M,350,0,399,0,0,399,T
7-M,351,0,0,0,410,410,C
7-M,352,409,1,0,0,410,A
7-M,353,0,0,409,0,409,G
7-M,354,0,401,0,2,403,T
7-M,355,1,408,0,0,409,T
7-M,356,410,0,0,0,410,A
7-M,357,0,409,0,0,409,T
7-M,358,0,408,0,0,408,T
7-M,359,0,0,0,410,410,C
7-M,360,0,397,0,0,397,T
7-M,361,0,0,399,0,399,G
7-M,362,0,2,0,397,399,C
7-M,363,0,395,0,1,396,T
7-M,364,0,1,395,0,396,G
7-M,365,0,0,395,0,395,G
7-M,366,0,395,0,0,395,T
7-M,367,0,0,395,0,395,G
7-M,368,0,1,0,393,394,C
7-M,369,397,0,0,0,397,A
7-M,370,0,0,0,397,397,C
7-M,371,0,392,0,0,392,T
7-M,372,0,400,0,0,400,T
7-M,373,0,0,397,0,397,G
7-M,374,0,0,0,396,396,C
7-M,375,0,0,0,397,397,C
7-M,376,395,0,0,0,395,A
7-M,377,0,0,395,0,395,G
7-M,378,0,398,0,0,398,T
7-M,379,0,397,0,0,397,T
7-M,380,1,0,400,0,401,G
7-M,381,0,0,0,394,394,C
7-M,382,394,0,0,0,394,A
7-M,383,0,393,0,0,393,T
7-M,384,0,2,389,0,391,G
7-M,385,0,0,394,0,394,G
7-M,386,0,1,397,0,398,G
7-M,387,0,0,0,401,401,C
7-M,388,1,0,0,407,408,C
7-M,389,0,401,0,1,402,T
7-M,390,0,0,0,409,409,C
7-M,391,432,0,0,0,432,A
7-M,392,0,435,0,0,435,T
7-M,393,444,0,0,1,445,A
7-M,394,0,442,0,0,442,T
7-M,395,438,0,0,0,438,A
7-M,396,0,0,0,469,469,C
7-M,397,457,1,0,0,458,A
7-M,398,461,0,0,0,461,A
7-M,399,0,452,0,0,452,T
7-M,400,429,0,0,0,429,A
7-M,401,0,0,437,0,437,G
7-M,402,0,0,433,0,433,G
7-M,403,431,0,0,0,431,A
7-M,404,0,430,0,0,430,T
7-M,405,0,2,418,0,420,G
7-M,406,0,1,418,0,419,G
7-M,407,0,2,417,0,419,G
7-M,408,0,0,418,1,419,G
7-M,409,0,0,421,0,421,G
7-M,410,0,0,0,420,420,C
7-M,411,0,413,2,1,416,T
7-M,412,0,0,417,0,417,G
7-M,413,0,416,0,1,417,T
7-M,414,416,0,1,0,417,A
7-M,415,414,1,0,0,415,A
7-M,416,0,0,0,419,419,C
7-M,417,0,0,0,416,416,C
7-M,418,411,0,1,0,412,A
7-M,419,0,0,0,411,411,C
7-M,420,0,410,0,0,410,T
7-M,421,0,0,413,0,413,G
7-M,422,413,0,0,0,413,A
7-M,423,413,0,0,0,413,A
7-M,424,0,0,413,0,413,G
7-M,425,0,409,0,0,409,T
7-M,426,0,0,408,0,408,G
7-M,427,0,0,412,0,412,G
7-M,428,0,1,0,407,408,C
7-M,429,408,0,0,0,408,A
7-M,430,1,407,0,0,408,T
7-M,431,0,407,0,0,407,T
7-M,432,0,407,0,1,408,T
7-M,433,0,0,420,0,420,G
7-M,434,0,0,417,0,417,G
7-M,435,0,0,0,420,420,C
7-M,436,1,0,0,419,420,C
7-M,437,0,416,0,0,416,T
7-M,438,0,0,428,0,428,G
7-M,439,0,0,435,0,435,G
7-M,440,0,433,0,1,434,T
7-M,441,437,0,0,0,437,A
7-M,442,0,425,0,0,425,T
7-M,443,0,0,434,1,435,G
7-M,444,0,437,0,0,437,T
7-M,445,0,0,438,0,438,G
7-M,446,0,1,0,437,438,C
7-M,447,425,0,0,0,425,A
7-M,448,424,1,0,0,425,A
7-M,449,0,0,0,431,431,C
7-M,450,431,0,0,0,431,A
7-M,451,0,430,0,3,433,T
7-M,452,0,0,430,0,430,G
7-M,453,0,417,0,1,418,T
7-M,454,0,1,419,0,420,G
7-M,455,419,0,0,0,419,A
7-M,456,0,0,419,0,419,G
7-M,457,0,0,0,418,418,C
7-M,458,411,0,0,0,411,A
7-M,459,1,0,416,0,417,G
7-M,460,414,0,0,0,414,A
7-M,461,0,418,0,0,418,T
7-M,462,0,417,0,0,417,T
7-M,463,0,1,416,0,417,G
7-M,464,1,0,0,416,417,C
7-M,465,0,415,0,0,415,T
7-M,466,0,0,413,0,413,G
7-M,467,415,0,0,0,415,A
7-M,468,0,0,0,427,427,C
7-M,469,0,429,0,1,430,T
7-M,470,1,0,0,427,428,C
7-M,471,2,0,0,426,428,C
7-M,472,1,0,0,430,431,C
7-M,473,431,0,0,0,431,A
7-M,474,0,0,434,0,434,G
7-M,475,0,0,0,430,430,C
7-M,476,431,1,0,0,432,A
7-M,477,0,0,0,431,431,C
7-M,478,395,0,0,0,395,A
7-M,479,0,0,405,1,406,G
7-M,480,0,1,406,0,407,G
7-M,481,0,406,0,0,406,T
7-M,482,0,0,0,411,411,C
7-M,483,0,404,0,3,407,T
7-M,484,0,0,0,412,412,C
7-M,485,410,0,0,0,410,A
7-M,486,0,412,0,0,412,T
7-M,487,411,0,0,0,411,A
7-M,488,0,0,403,0,403,G
7-M,489,0,0,401,0,401,G
7-M,490,0,0,0,400,400,C
7-M,491,388,0,0,0,388,A
7-M,492,0,0,385,0,385,G
7-M,493,387,0,0,0,387,A
7-M,494,0,388,0,0,388,T
7-M,495,0,0,388,0,388,G
7-M,496,0,0,387,0,387,G
7-M,497,0,384,0,0,384,T
7-M,498,0,1,386,0,387,G
7-M,499,0,0,388,0,388,G
7-M,500,0,0,0,386,386,C
7-M,501,384,0,1,0,385,A
7-M,502,382,0,1,0,383,A
7-M,503,0,0,0,388,388,C
7-M,504,389,0,0,0,389,A
7-M,505,389,0,0,0,389,A
7-M,506,0,0,0,387,387,C
7-M,507,1,0,0,386,387,C
7-M,508,385,0,0,0,385,A
7-M,509,384,0,0,0,384,A
7-M,510,0,384,0,0,384,T
7-M,511,0,0,0,385,385,C
7-M,512,0,0,0,378,378,C
7-M,513,375,0,0,0,375,A
7-M,514,1,377,0,0,378,T
7-M,515,0,378,0,0,378,T
7-M,516,377,0,0,0,377,A
7-M,517,378,0,0,0,378,A
7-M,518,0,379,0,0,379,T
7-M,519,380,0,0,0,380,A
7-M,520,378,0,0,0,378,A
7-M,521,371,0,0,0,371,A
7-M,522,372,0,0,0,372,A
7-M,523,1,0,0,378,379,C
7-M,524,379,0,0,0,379,A
7-M,525,0,381,0,0,381,T
7-M,526,0,0,381,0,381,G
7-M,527,379,0,0,0,379,A
7-M,528,0,1,381,0,382,G
7-M,529,380,0,0,0,380,A
7-M,530,382,0,0,0,382,A
7-M,531,0,0,0,384,384,C
7-M,532,368,0,1,0,369,A
7-M,533,0,0,370,0,370,G
7-M,534,370,1,1,0,372,A
7-M,535,369,0,0,0,369,A
7-M,536,0,369,0,0,369,T
7-M,537,0,0,367,0,367,G
7-M,538,0,0,366,0,366,G
7-M,539,0,366,0,0,366,T
7-M,540,0,359,0,1,360,T
7-M,541,0,369,0,0,369,T
7-M,542,0,369,0,0,369,T
7-M,543,1,0,373,0,374,G
7-M,544,0,0,376,0,376,G
7-M,545,0,1,0,376,377,C
7-M,546,0,0,0,377,377,C
7-M,547,368,0,0,0,368,A
7-M,548,0,0,384,0,384,G
7-M,549,0,0,0,383,383,C
7-M,550,385,0,0,0,385,A
7-M,551,0,0,0,395,395,C
7-M,552,0,393,0,0,393,T
7-M,553,393,0,0,0,393,A
7-M,554,0,0,0,398,398,C
7-M,555,403,0,1,0,404,A
7-M,556,0,0,412,0,412,G
7-M,557,0,0,0,398,398,C
7-M,558,0,389,0,0,389,T
7-M,559,389,0,0,0,389,A
7-M,560,378,0,0,0,378,A
7-M,561,0,0,381,0,381,G
7-M,562,1,0,383,0,384,G
7-M,563,0,0,0,385,385,C
7-M,564,0,369,0,0,369,T
7-M,565,366,0,0,0,366,A
7-M,566,0,366,0,0,366,T
7-M,567,0,1,365,0,366,G
7-M,568,0,0,368,0,368,G
7-M,569,360,0,0,0,360,A
7-M,570,0,0,362,0,362,G
7-M,571,0,0,0,360,360,C
7-M,572,357,0,0,0,357,A
7-M,573,355,0,1,0,356,A
7-M,574,353,0,1,0,354,A
7-M,575,0,354,0,0,354,T
7-M,576,2,3,352,0,357,G
7-M,577,0,0,348,0,348,G
7-M,578,0,0,0,351,351,C
7-M,579,0,347,0,2,349,T
7-M,580,0,0,351,0,351,G
7-M,581,0,0,357,0,357,G
7-M,582,358,0,1,0,359,A
7-M,583,0,358,0,0,358,T
7-M,584,0,0,0,352,352,C
7-M,585,348,0,0,0,348,A
7-M,586,351,0,0,0,351,A
7-M,587,0,0,350,0,350,G
7-M,588,0,350,0,0,350,T
7-M,589,0,0,350,0,350,G
7-M,590,342,0,0,0,342,A
7-M,591,0,0,346,0,346,G
7-M,592,0,0,0,345,345,C
7-M,593,343,1,0,0,344,A
7-M,594,1,0,344,0,345,G
7-M,595,0,0,343,0,343,G
7-M,596,0,0,0,344,344,C
7-M,597,341,0,1,0,342,A
7-M,598,0,0,350,0,350,G
7-M,599,0,1,0,346,347,C
7-M,600,0,0,348,0,348,G
7-M,601,0,0,348,0,348,G
7-M,602,348,0,0,0,348,A
7-M,603,0,0,356,0,356,G
7-M,604,0,0,356,0,356,G
7-M,605,0,1,0,353,354,C
7-M,606,0,1,0,352,353,C
7-M,607,358,0,0,0,358,A
7-M,608,0,356,0,0,356,T
7-M,609,0,0,359,0,359,G
7-M,610,0,0,359,0,359,G
7-M,611,359,0,0,0,359,A
7-M,612,0,0,357,0,357,G
7-M,613,351,0,0,0,351,A
7-M,614,0,368,0,0,368,T
7-M,615,0,366,0,0,366,T
7-M,616,0,0,368,0,368,G
7-M,617,0,0,0,366,366,C
7-M,618,0,366,0,0,366,T
7-M,619,369,0,0,0,369,A
7-M,620,0,0,369,0,369,G
7-M,621,0,365,0,0,365,T
7-M,622,0,0,0,361,361,C
7-M,623,357,0,1,0,358,A
7-M,624,0,0,362,0,362,G
7-M,625,0,0,363,0,363,G
7-M,626,0,0,0,360,360,C
7-M,627,0,0,0,361,361,C
7-M,628,363,0,0,0,363,A
7-M,629,0,0,368,0,368,G
7-M,630,0,0,368,0,368,G
7-M,631,0,0,0,366,366,C
7-M,632,366,0,0,0,366,A
7-M,633,0,1,361,0,362,G
7-M,634,360,0,0,0,360,A
7-M,635,0,359,0,0,359,T
7-M,636,0,1,362,0,363,G
7-M,637,0,0,374,0,374,G
7-M,638,0,368,0,0,368,T
7-M,639,0,0,370,0,370,G
7-M,640,0,0,0,369,369,C
7-M,641,369,0,0,0,369,A
7-M,642,0,0,374,0,374,G
7-M,643,0,0,371,0,371,G
7-M,644,0,1,0,370,371,C
7-M,645,372,0,0,0,372,A
7-M,646,366,0,0,0,366,A
7-M,647,0,365,0,0,365,T
7-M,648,0,0,366,0,366,G
7-M,649,366,0,0,0,366,A
7-M,650,0,0,366,0,366,G
7-M,651,361,0,0,0,361,A
7-M,652,0,0,361,0,361,G
7-M,653,0,0,0,365,365,C
7-M,654,0,0,0,371,371,C
7-M,655,372,0,0,0,372,A
7-M,656,0,375,0,0,375,T
7-M,657,0,375,0,0,375,T
7-M,658,1,3,371,0,375,G
7-M,659,0,0,371,0,371,G
7-M,660,4,0,371,0,375,G
7-M,661,374,0,0,0,374,A
7-M,662,0,0,0,373,373,C
7-M,663,0,357,0,0,357,T
7-M,664,0,0,0,356,356,C
7-M,665,358,0,0,0,358,A
7-M,666,0,377,0,0,377,T
7-M,667,0,0,0,374,374,C
7-M,668,0,0,0,373,373,C
7-M,669,0,374,0,1,375,T
7-M,670,373,0,0,0,373,A
7-M,671,0,0,376,0,376,G
7-M,672,0,401,0,1,402,T
7-M,673,1,398,0,0,399,T
7-M,674,0,0,0,398,398,C
7-M,675,1,0,0,387,388,C
7-M,676,384,0,0,0,384,A
7-M,677,0,0,389,0,389,G
7-M,678,0,391,0,0,391,T
7-M,679,390,0,0,0,390,A
7-M,680,0,0,0,388,388,C
7-M,681,0,342,0,0,342,T
7-M,682,0,0,358,0,358,G
7-M,683,0,0,371,0,371,G
7-M,684,0,372,0,1,373,T
7-M,685,0,1,0,369,370,C
7-M,686,0,366,0,0,366,T
7-M,687,366,0,0,0,366,A
7-M,688,367,0,0,0,367,A
7-M,689,0,0,368,0,368,G
7-M,690,367,0,0,0,367,A
7-M,691,0,0,357,0,357,G
7-M,692,339,0,0,0,339,A
7-M,693,0,339,0,0,339,T
7-M,694,0,0,338,0,338,G
7-M,695,339,0,0,0,339,A
7-M,696,0,338,0,0,338,T
7-M,697,0,0,0,338,338,C
7-M,698,0,335,0,0,335,T
7-M,699,0,335,0,0,335,T
7-M,700,0,0,0,334,334,C
7-M,701,0,335,0,0,335,T
7-M,702,0,331,0,5,336,T
7-M,703,0,0,335,0,335,G
7-M,704,331,0,0,0,331,A
7-M,705,334,1,0,0,335,A
7-M,706,335,0,0,0,335,A
7-M,707,335,0,0,0,335,A
7-M,708,0,337,0,0,337,T
7-M,709,0,340,0,2,342,T
7-M,710,0,341,0,0,341,T
7-M,711,0,0,342,0,342,G
7-M,712,1,1,0,340,342,C
7-M,713,342,0,0,1,343,A
7-M,714,1,1,338,0,340,G
7-M,715,342,0,0,0,342,A
7-M,716,0,0,0,348,348,C
7-M,717,0,0,0,345,345,C
7-M,718,0,347,0,0,347,T
7-M,719,352,0,0,0,352,A
7-M,720,0,352,0,0,352,T
7-M,721,0,0,0,351,351,C
7-M,722,352,0,0,0,352,A
7-M,723,0,0,351,0,351,G
7-M,724,351,0,0,0,351,A
7-M,725,339,0,0,0,339,A
7-M,726,338,0,1,0,339,A
7-M,727,0,0,0,339,339,C
7-M,728,0,1,340,0,341,G
7-M,729,341,0,0,0,341,A
7-M,730,341,0,0,0,341,A
7-M,731,0,341,0,0,341,T
7-M,732,1,2,336,0,339,G
7-M,733,1,0,340,0,341,G
7-M,734,0,2,343,0,345,G
7-M,735,0,0,341,0,341,G
7-M,736,0,0,347,0,347,G
7-M,737,0,338,0,0,338,T
7-M,738,1,0,338,0,339,G
7-M,739,0,1,0,339,340,C
7-M,740,339,1,0,0,340,A
7-M,741,0,0,341,0,341,G
7-M,742,334,1,0,0,335,A
7-M,743,0,335,0,0,335,T
7-M,744,0,0,335,0,335,G
7-M,745,0,0,0,326,326,C
7-M,746,324,0,1,0,325,A
7-M,747,324,0,0,0,324,A
7-M,748,0,0,0,328,328,C
7-M,749,0,0,327,0,327,G
7-M,750,328,0,0,0,328,A
7-M,751,0,326,0,0,326,T
7-M,752,0,325,0,0,325,T
7-M,753,0,0,0,325,325,C
7-M,754,326,0,0,0,326,A
7-M,755,325,0,1,0,326,A
7-M,756,0,0,320,0,320,G
7-M,757,0,315,0,0,315,T
7-M,758,0,0,317,0,317,G
7-M,759,317,0,0,0,317,A
7-M,760,0,0,0,316,316,C
7-M,761,0,0,0,316,316,C
7-M,762,0,0,0,317,317,C
7-M,763,0,0,321,0,321,G
7-M,764,0,0,0,319,319,C
7-M,765,0,318,0,0,318,T
7-M,766,1,317,0,0,318,T
7-M,767,0,1,317,0,318,G
7-M,768,0,318,0,0,318,T
7-M,769,0,316,0,0,316,T
7-M,770,0,0,318,0,318,G
7-M,771,0,311,0,1,312,T
7-M,772,0,308,0,0,308,T
7-M,773,0,0,306,0,306,G
7-M,774,0,0,0,306,306,C
7-M,775,0,0,0,304,304,C
7-M,776,1,0,305,0,306,G
7-M,777,0,0,0,305,305,C
7-M,778,2,0,302,0,304,G
7-M,779,307,0,0,0,307,A
7-M,780,308,0,1,0,309,A
7-M,781,0,311,0,0,311,T
7-M,782,312,0,0,0,312,A
7-M,783,0,315,0,1,316,T
7-M,784,0,0,0,319,319,C
7-M,785,320,0,0,0,320,A
7-M,786,0,319,0,0,319,T
7-M,787,0,315,0,1,316,T
7-M,788,0,1,314,0,315,G
7-M,789,0,1,311,0,312,G
7-M,790,0,0,313,0,313,G
7-M,791,312,1,0,0,313,A
7-M,792,0,312,0,0,312,T
7-M,793,0,0,0,305,305,C
7-M,794,0,306,0,0,306,T
7-M,795,0,305,0,0,305,T
7-M,796,0,0,307,0,307,G
7-M,797,0,0,0,307,307,C
7-M,798,307,1,0,0,308,A
7-M,799,0,0,0,308,308,C
7-M,800,0,299,0,0,299,T
7-M,801,0,301,0,1,302,T
7-M,802,0,0,302,0,302,G
7-M,803,305,0,0,0,305,A
7-M,804,0,309,0,0,309,T
7-M,805,301,0,0,0,301,A
7-M,806,0,301,0,0,301,T
7-M,807,0,299,0,0,299,T
7-M,808,0,0,303,0,303,G
7-M,809,0,300,0,0,300,T
7-M,810,0,0,295,0,295,G
7-M,811,0,0,297,0,297,G
7-M,812,293,0,0,0,293,A
7-M,813,0,293,0,0,293,T
7-M,814,0,289,0,1,290,T
7-M,815,0,0,0,291,291,C
7-M,816,0,290,0,0,290,T
7-M,817,0,287,0,0,287,T
7-M,818,0,1,286,0,287,G
7-M,819,286,0,0,0,286,A
7-M,820,0,284,0,0,284,T
7-M,821,0,1,0,282,283,C
7-M,822,1,0,282,0,283,G
7-M,823,0,284,0,0,284,T
7-M,824,0,0,0,282,282,C
7-M,825,0,280,0,1,281,T
7-M,826,0,282,0,0,282,T
7-M,827,0,282,0,0,282,T
7-M,828,0,282,0,0,282,T
7-M,829,0,283,0,0,283,T
7-M,830,0,283,0,0,283,T
7-M,831,0,283,0,0,283,T
7-M,832,0,0,0,282,282,C
7-M,833,281,0,0,0,281,A
7-M,834,281,0,0,0,281,A
7-M,835,282,0,0,0,282,A
7-M,836,0,282,0,0,282,T
7-M,837,0,1,281,0,282,G
7-M,838,0,2,0,279,281,C
7-M,839,1,0,281,0,282,G
7-M,840,0,284,0,0,284,T
7-M,841,0,0,0,284,284,C
7-M,842,0,284,0,0,284,T
7-M,843,284,0,0,0,284,A
7-M,844,0,284,0,0,284,T
7-M,845,0,0,0,282,282,C
7-M,846,0,0,283,0,283,G
7-M,847,277,0,1,0,278,A
7-M,848,0,0,0,277,277,C
7-M,849,0,269,0,0,269,T
7-M,850,1,0,0,272,273,C
7-M,851,0,269,0,1,270,T
7-M,852,0,271,0,0,271,T
7-M,853,0,0,0,270,270,C
7-M,854,271,0,0,0,271,A
7-M,855,270,0,0,0,270,A
7-M,856,267,0,1,0,268,A
7-M,857,0,0,0,269,269,C
7-M,858,268,0,0,0,268,A
7-M,859,0,0,0,259,259,C
7-M,860,0,0,250,0,250,G
7-M,861,0,0,256,0,256,G
7-M,862,0,0,0,254,254,C
7-M,863,0,0,0,257,257,C
7-M,864,0,256,0,0,256,T
7-M,865,0,258,0,0,258,T
7-M,866,258,0,0,0,258,A
7-M,867,259,0,0,0,259,A
7-M,868,258,0,1,0,259,A
7-M,869,257,0,0,0,257,A
7-M,870,0,0,253,0,253,G
7-M,871,217,0,0,0,217,A
7-M,872,0,0,217,0,217,G
7-M,873,0,0,217,0,217,G
7-M,874,0,0,0,216,216,C
7-M,875,0,0,0,213,213,C
7-M,876,0,0,0,215,215,C
7-M,877,0,213,0,0,213,T
7-M,878,0,214,0,0,214,T
7-M,879,0,0,0,215,215,C
7-M,880,0,213,0,0,213,T
7-M,881,212,0,0,0,212,A
7-M,882,0,0,0,212,212,C
7-M,883,0,0,209,0,209,G
7-M,884,0,0,208,0,208,G
7-M,885,202,0,1,0,203,A
7-M,886,202,0,0,0,202,A
7-M,887,0,1,197,0,198,G
7-M,888,0,0,195,0,195,G
7-M,889,189,0,0,0,189,A
7-M,890,0,0,191,0,191,G
7-M,891,1,188,0,0,189,T
7-M,892,192,0,0,0,192,A
7-M,893,0,0,0,191,191,C
7-M,894,0,0,0,190,190,C
7-M,895,0,184,0,0,184,T
7-M,896,0,0,183,0,183,G
7-M,897,173,0,0,0,173,A
7-M,898,0,0,179,0,179,G
7-M,899,0,174,0,0,174,T
7-M,900,0,0,0,175,175,C
7-M,901,0,171,0,1,172,T
7-M,902,171,0,0,0,171,A
7-M,903,0,170,0,0,170,T
7-M,904,0,0,170,0,170,G
7-M,905,168,0,0,0,168,A
7-M,906,0,0,167,0,167,G
7-M,907,0,0,154,0,154,G
7-M,908,0,0,153,0,153,G
7-M,909,149,0,1,0,150,A
7-M,910,146,0,0,1,147,A
7-M,911,0,0,147,0,147,G
7-M,912,139,0,0,0,139,A
7-M,913,141,0,0,0,141,A
7-M,914,0,139,0,1,140,T
7-M,915,139,0,0,0,139,A
7-M,916,0,138,0,0,138,T
7-M,917,0,1,0,132,133,C
7-M,918,0,0,134,0,134,G
7-M,919,134,0,0,0,134,A
7-M,920,131,0,0,0,131,A
7-M,921,130,0,0,0,130,A
7-M,922,0,0,129,0,129,G
7-M,923,0,0,130,0,130,G
7-M,924,128,0,0,0,128,A
7-M,925,128,0,0,0,128,A
7-M,926,0,0,0,128,128,C
7-M,927,126,0,0,0,126,A
7-M,928,0,0,127,0,127,G
7-M,929,0,0,0,127,127,C
7-M,930,125,0,0,0,125,A
7-M,931,0,0,125,0,125,G
7-M,932,115,0,0,0,115,A
7-M,933,115,0,0,0,115,A
7-M,934,0,115,0,0,115,T
7-M,935,0,0,111,0,111,G
7-M,936,0,0,0,111,111,C
7-M,937,0,102,0,0,102,T
7-M,938,0,0,102,0,102,G
7-M,939,0,101,0,0,101,T
7-M,940,0,0,101,0,101,G
7-M,941,0,0,101,0,101,G
7-M,942,100,0,0,0,100,A
7-M,943,0,99,0,0,99,T
7-M,944,0,0,95,0,95,G
7-M,945,0,0,0,94,94,C
7-M,946,0,92,0,0,92,T
7-M,947,0,0,92,0,92,G
7-M,948,92,0,0,0,92,A
7-M,949,0,0,0,92,92,C
7-M,950,0,0,91,0,91,G
7-M,951,91,0,0,0,91,A
7-M,952,0,0,0,90,90,C
7-M,953,85,0,1,0,86,A
7-M,954,0,0,86,0,86,G
7-M,955,0,85,0,0,85,T
7-M,956,0,0,0,85,85,C
7-M,957,84,0,0,0,84,A
7-M,958,0,84,0,0,84,T
7-M,959,0,83,0,1,84,T
7-M,960,0,83,0,0,83,T
7-M,961,0,81,0,0,81,T
7-M,962,0,0,81,0,81,G
7-M,963,0,80,0,0,80,T
7-M,964,0,0,0,80,80,C
7-M,965,78,0,0,0,78,A
7-M,966,0,0,77,0,77,G
7-M,967,0,0,0,78,78,C
7-M,968,78,0,0,0,78,A
7-M,969,0,78,0,0,78,T
7-M,970,70,0,0,0,70,A
7-M,971,0,0,70,0,70,G
7-M,972,68,0,0,0,68,A
7-M,973,0,0,68,0,68,G
7-M,974,0,65,0,0,65,T
7-M,975,0,49,0,0,49,T
7-M,976,0,0,49,0,49,G
7-M,977,0,0,49,0,49,G
7-M,978,49,0,0,0,49,A
7-M,979,0,0,49,0,49,G
7-M,980,0,29,0,0,29,T
7-M,981,27,0,0,0,27,A
7-M,982,26,0,0,0,26,A
8-NS,1,567,0,0,0,567,A
8-NS,2,0,568,0,0,568,T
8-NS,3,0,0,616,0,616,G
8-NS,4,0,1,664,0,665,G
8-NS,5,715,0,0,0,715,A
8-NS,6,0,1493,0,0,1493,T
8-NS,7,1,1495,0,0,1496,T
8-NS,8,1,0,0,1538,1539,C
8-NS,9,1,0,0,1539,1540,C
8-NS,10,1540,0,0,1,1541,A
8-NS,11,1556,0,0,0,1556,A
8-NS,12,0,0,0,1556,1556,C
8-NS,13,1558,0,0,0,1558,A
8-NS,14,2,0,0,1564,1566,C
8-NS,15,0,1566,0,1,1567,T
8-NS,16,3,0,1740,0,1743,G
8-NS,17,1,1742,0,0,1743,T
8-NS,18,0,1,1760,0,1761,G
8-NS,19,0,1759,0,2,1761,T
8-NS,20,4,1,0,1757,1762,C
8-NS,21,1761,0,0,0,1761,A
8-NS,22,1764,0,0,0,1764,A
8-NS,23,1,0,1788,0,1789,G
8-NS,24,0,1847,0,0,1847,T
8-NS,25,1,1835,1,3,1840,T
8-NS,26,0,1849,0,2,1851,T
8-NS,27,1,0,0,1851,1852,C
8-NS,28,0,2,0,1861,1863,C
8-NS,29,1858,1,1,1,1861,A
8-NS,30,1,5,1867,0,1873,G
8-NS,31,1,0,1887,0,1888,G
8-NS,32,0,1889,0,0,1889,T
8-NS,33,1891,0,1,0,1892,A
8-NS,34,0,0,1906,0,1906,G
8-NS,35,1898,0,1,0,1899,A
8-NS,36,1,1910,0,0,1911,T
8-NS,37,0,1912,0,0,1912,T
8-NS,38,0,1,1937,0,1938,G
8-NS,39,1,0,0,1935,1936,C
8-NS,40,0,1936,0,1,1937,T
8-NS,41,0,1957,0,1,1958,T
8-NS,42,0,1966,0,0,1966,T
8-NS,43,1,0,0,1999,2000,C
8-NS,44,0,2004,0,0,2004,T
8-NS,45,0,2005,0,0,2005,T
8-NS,46,0,2005,0,1,2006,T
8-NS,47,1,3,2019,2,2025,G
8-NS,48,0,1,2022,0,2023,G
8-NS,49,0,1,0,2028,2029,C
8-NS,50,2022,1,1,0,2024,A
8-NS,51,0,2029,0,1,2030,T
8-NS,52,2060,0,1,0,2061,A
8-NS,53,0,2110,0,0,2110,T
8-NS,54,0,0,0,2111,2111,C
8-NS,55,2,0,0,2113,2115,C
8-NS,56,1,2,2111,0,2114,G
8-NS,57,0,2,2117,0,2119,G
8-NS,58,2122,1,1,0,2124,A
8-NS,59,2134,0,1,0,2135,A
8-NS,60,2140,0,2,0,2142,A
8-NS,61,0,1,0,2170,2171,C
8-NS,62,2164,0,1,0,2165,A
8-NS,63,2172,0,0,1,2173,A
8-NS,64,0,0,2263,0,2263,G
8-NS,65,2,2261,0,2,2265,T
8-NS,66,1,2261,0,0,2262,T
8-NS,67,1,2,2265,0,2268,G
8-NS,68,0,2267,0,3,2270,T
8-NS,69,2272,0,1,0,2273,A
8-NS,70,0,1,2297,0,2298,G
8-NS,71,2409,0,3,0,2412,A
8-NS,72,0,1,1,2434,2436,C
8-NS,73,3,0,0,2415,2418,C
8-NS,74,2418,0,1,0,2419,A
8-NS,75,2435,0,1,0,2436,A
8-NS,76,0,2,2568,0,2570,G
8-NS,77,2573,1,3,0,2577,A
8-NS,78,2590,1,2,0,2593,A
8-NS,79,2,0,1,2589,2592,C
8-NS,80,0,2540,0,2,2542,T
8-NS,81,0,4,2570,0,2574,G
8-NS,82,2569,1,1,0,2571,A
8-NS,83,0,0,2630,0,2630,G
8-NS,84,0,2625,1,2,2628,T
8-NS,85,0,1,2612,0,2613,G
8-NS,86,2628,0,2,1,2631,A
8-NS,87,1,2628,0,1,2630,T
8-NS,88,2,0,2660,0,2662,G
8-NS,89,0,1,0,2712,2713,C
8-NS,90,0,4,1,2717,2722,C
8-NS,91,5,0,0,2733,2738,C
8-NS,92,4,0,0,2728,2732,C
8-NS,93,2742,1,2,1,2746,A
8-NS,94,1,2791,0,1,2793,T
8-NS,95,1,2837,0,0,2838,T
8-NS,96,2,1,0,2847,2850,C
8-NS,97,2,1,0,2843,2846,C
8-NS,98,0,2837,0,4,2841,T
8-NS,99,4,2829,0,1,2834,T
8-NS,100,1,1,2828,0,2830,G
8-NS,101,2824,2,0,1,2827,A
8-NS,102,0,2827,0,4,2831,T
8-NS,103,1,1,0,2817,2819,C
8-NS,104,1,1,2805,0,2807,G
8-NS,105,0,0,2836,0,2836,G
8-NS,106,0,1,0,2839,2840,C
8-NS,107,0,2839,1,0,2840,T
8-NS,108,0,2847,0,0,2847,T
8-NS,109,0,0,0,2847,2847,C
8-NS,110,0,0,2861,0,2861,G
8-NS,111,0,0,0,2871,2871,C
8-NS,112,2,1,0,2859,2862,C
8-NS,113,0,1,2870,1,2872,G
8-NS,114,2849,0,0,0,2849,A
8-NS,115,0,2,2962,0,2964,G
8-NS,116,2959,0,0,0,2959,A
8-NS,117,0,2970,0,0,2970,T
8-NS,118,2,1,0,2978,2981,C
8-NS,119,2973,0,0,1,2974,A
8-NS,120,0,2,2983,0,2985,G
8-NS,121,2977,0,4,0,2981,A
8-NS,122,0,2,2994,0,2996,G
8-NS,123,1,2,3026,0,3029,G
8-NS,124,0,3052,1,1,3054,T
8-NS,125,4,2,0,3236,3242,C
8-NS,126,0,1,0,3241,3242,C
8-NS,127,10,2,0,3250,3262,C
8-NS,128,0,3261,1,2,3264,T
8-NS,129,3277,1,1,0,3279,A
8-NS,130,3280,1,0,0,3281,A
8-NS,131,0,11,3317,0,3328,G
8-NS,132,1,15,3304,0,3320,G
8-NS,133,1,2,3301,1,3305,G
8-NS,134,1,4,3236,0,3241,G
8-NS,135,3236,0,1,0,3237,A
8-NS,136,3225,0,5,0,3230,A
8-NS,137,0,2,3261,0,3263,G
8-NS,138,3322,0,2,1,3325,A
8-NS,139,0,2,3350,0,3352,G
8-NS,140,0,0,3344,0,3344,G
8-NS,141,3,34,0,3319,3356,C
8-NS,142,3352,2,1,0,3355,A
8-NS,143,3372,2,1,0,3375,A
8-NS,144,0,3373,0,1,3374,T
8-NS,145,3396,0,2,1,3399,A
8-NS,146,5,0,0,3453,3458,C
8-NS,147,0,3391,0,1,3392,T
8-NS,148,0,1,1,3392,3394,C
8-NS,149,0,3380,0,0,3380,T
8-NS,150,1,2,0,3397,3400,C
8-NS,151,0,2,3448,0,3450,G
8-NS,152,1,0,3614,2,3617,G
8-NS,153,1,3622,0,1,3624,T
8-NS,154,1,0,0,3631,3632,C
8-NS,155,0,3611,0,0,3611,T
8-NS,156,3639,1,2,0,3642,A
8-NS,157,1,4,3640,0,3645,G
8-NS,158,3627,2,9,0,3638,A
8-NS,159,0,1,0,3739,3740,C
8-NS,160,3701,0,1,0,3702,A
8-NS,161,1,3619,0,1,3621,T
8-NS,162,0,0,0,3610,3610,C
8-NS,163,3611,0,2,0,3613,A
8-NS,164,3612,0,1,0,3613,A
8-NS,165,3599,0,6,0,3605,A
8-NS,166,1,0,3623,0,3624,G
8-NS,167,1,0,0,3621,3622,C
8-NS,168,3583,0,2,0,3585,A
8-NS,169,3,2,3602,0,3607,G
8-NS,170,1,3,0,3604,3608,C
8-NS,171,1,3,0,3611,3615,C
8-NS,172,3633,1,0,0,3634,A
8-NS,173,1,1,0,3682,3684,C
8-NS,174,1,2,0,3689,3692,C
8-NS,175,6,1,0,3682,3689,C
8-NS,176,3718,20,2,0,3740,A
8-NS,177,0,3750,0,1,3751,T
8-NS,178,1,0,3757,0,3758,G
8-NS,179,0,3749,0,5,3754,T
8-NS,180,0,3741,0,1,3742,T
8-NS,181,1,2,3715,0,3718,G
8-NS,182,2,1,3699,1,3703,G
8-NS,183,3692,1,3,0,3696,A
8-NS,184,3691,0,0,1,3692,A
8-NS,185,3647,1,2,2,3652,A
8-NS,186,0,2,3663,1,3666,G
8-NS,187,0,0,0,3670,3670,C
8-NS,188,3671,0,2,0,3673,A
8-NS,189,3661,1,3,0,3665,A
8-NS,190,3667,0,0,0,3667,A
8-NS,191,0,3685,0,2,3687,T
8-NS,192,0,3695,0,1,3696,T
8-NS,193,1,0,3739,0,3740,G
8-NS,194,2,3732,0,1,3735,T
8-NS,195,3721,0,0,0,3721,A
8-NS,196,0,0,3719,0,3719,G
8-NS,197,3715,1,2,0,3718,A
8-NS,198,3704,1,0,1,3706,A
8-NS,199,3710,0,1,0,3711,A
8-NS,200,3695,1,3,0,3699,A
8-NS,201,0,2,3722,0,3724,G
8-NS,202,3711,0,2,0,3713,A
8-NS,203,0,3710,0,1,3711,T
8-NS,204,2,3706,0,0,3708,T
8-NS,205,3,0,1,3719,3723,C
8-NS,206,2,3717,0,1,3720,T
8-NS,207,1,3,3720,0,3724,G
8-NS,208,3724,1,0,0,3725,A
8-NS,209,3723,0,1,0,3724,A
8-NS,210,3709,0,3,0,3712,A
8-NS,211,1,0,3733,0,3734,G
8-NS,212,3726,0,1,0,3727,A
8-NS,213,3734,1,3,0,3738,A
8-NS,214,0,3,3743,0,3746,G
8-NS,215,3762,0,1,0,3763,A
8-NS,216,3776,0,0,0,3776,A
8-NS,217,0,3783,0,1,3784,T
8-NS,218,1,0,0,3818,3819,C
8-NS,219,1,3813,0,0,3814,T
8-NS,220,0,2,3826,1,3829,G
8-NS,221,3824,0,4,1,3829,A
8-NS,222,0,3829,0,0,3829,T
8-NS,223,0,4,3803,0,3807,G
8-NS,224,3783,1,1,0,3785,A
8-NS,225,1,0,3770,1,3772,G
8-NS,226,2,1,3765,0,3768,G
8-NS,227,2,4,0,3745,3751,C
8-NS,228,3759,1,2,0,3762,A
8-NS,229,0,0,0,3860,3860,C
8-NS,230,0,3855,1,0,3856,T
8-NS,231,0,3885,0,2,3887,T
8-NS,232,3900,1,0,0,3901,A
8-NS,233,3908,0,1,0,3909,A
8-NS,234,3889,0,1,1,3891,A
8-NS,235,3888,1,2,0,3891,A
8-NS,236,0,3893,0,1,3894,T
8-NS,237,1,2,3892,0,3895,G
8-NS,238,3899,0,4,1,3904,A
8-NS,239,0,1,0,3909,3910,C
8-NS,240,2,1,0,3884,3887,C
8-NS,241,3904,1,3,1,3909,A
8-NS,242,0,3902,0,2,3904,T
8-NS,243,1,7,3997,1,4006,G
8-NS,244,0,1,4060,1,4062,G
8-NS,245,0,4079,0,3,4082,T
8-NS,246,2,0,0,4257,4259,C
8-NS,247,1,4221,1,10,4233,T
8-NS,248,4,0,0,4292,4296,C
8-NS,249,3,0,0,4297,4300,C
8-NS,250,4307,0,3,0,4310,A
8-NS,251,3,3,1,4338,4345,C
8-NS,252,4207,0,79,0,4286,A
8-NS,253,0,3,0,4271,4274,C
8-NS,254,2,1,0,4243,4246,C
8-NS,255,0,4095,0,3,4098,T
8-NS,256,0,2,4124,1,4127,G
8-NS,257,0,0,0,4092,4092,C
8-NS,258,0,4063,0,1,4064,T
8-NS,259,1,4078,0,1,4080,T
8-NS,260,3,1,0,4059,4063,C
8-NS,261,4,1,4068,0,4073,G
8-NS,262,1,1,0,4064,4066,C
8-NS,263,1,2,4069,0,4072,G
8-NS,264,4241,1,2,0,4244,A
8-NS,265,1,4229,0,0,4230,T
8-NS,266,4342,0,0,0,4342,A
8-NS,267,1,2,0,4354,4357,C
8-NS,268,4341,0,1,0,4342,A
8-NS,269,0,4440,0,3,4443,T
8-NS,270,4416,0,3,0,4419,A
8-NS,271,4439,0,1,0,4440,A
8-NS,272,2,0,0,4447,4449,C
8-NS,273,0,4319,0,4,4323,T
8-NS,274,0,3,4366,1,4370,G
8-NS,275,4292,1,7,0,4300,A
8-NS,276,0,1,1,4334,4336,C
8-NS,277,4318,1,3,0,4322,A
8-NS,278,0,4291,0,0,4291,T
8-NS,279,1,4,4288,0,4293,G
8-NS,280,4305,1,0,0,4306,A
8-NS,281,1,2,1,4412,4416,C
8-NS,282,2,4396,0,1,4399,T
8-NS,283,4438,0,2,0,4440,A
8-NS,284,1,4432,0,2,4435,T
8-NS,285,0,4409,0,2,4411,T
8-NS,286,0,4,4406,0,4410,G
8-NS,287,4388,0,3,0,4391,A
8-NS,288,0,3,4377,0,4380,G
8-NS,289,1,4,4374,0,4379,G
8-NS,290,4292,1,1,1,4295,A
8-NS,291,4318,0,2,0,4320,A
8-NS,292,0,4256,0,0,4256,T
8-NS,293,1,4245,0,0,4246,T
8-NS,294,3,1,4342,0,4346,G
8-NS,295,0,4338,0,1,4339,T
8-NS,296,1,2,0,4333,4336,C
8-NS,297,4336,0,2,0,4338,A
8-NS,298,4340,0,2,0,4342,A
8-NS,299,0,5,4348,0,4353,G
8-NS,300,4360,0,2,0,4362,A
8-NS,301,4258,4,90,0,4352,A
8-NS,302,4358,0,3,1,4362,A
8-NS,303,2,0,0,4362,4364,C
8-NS,304,0,4317,0,1,4318,T
8-NS,305,0,3,4371,0,4374,G
8-NS,306,1,2,4429,0,4432,G
8-NS,307,1,4431,0,2,4434,T
8-NS,308,3,4424,0,5,4432,T
8-NS,309,4,2,0,4396,4402,C
8-NS,310,4412,2,3,0,4417,A
8-NS,311,2,4476,0,1,4479,T
8-NS,312,2,1,4508,0,4511,G
8-NS,313,1,1,0,4529,4531,C
8-NS,314,0,4485,0,4,4489,T
8-NS,315,4442,0,1,1,4444,A
8-NS,316,4463,2,2,0,4467,A
8-NS,317,2,4497,0,1,4500,T
8-NS,318,1,0,4503,0,4504,G
8-NS,319,1,1,0,4505,4507,C
8-NS,320,5,3,1,4456,4465,C
8-NS,321,13,0,0,4452,4465,C
8-NS,322,4444,1,1,0,4446,A
8-NS,323,4470,0,0,0,4470,A
8-NS,324,0,0,4483,0,4483,G
8-NS,325,0,1,0,4494,4495,C
8-NS,326,4466,0,2,0,4468,A
8-NS,327,1,3,4481,0,4485,G
8-NS,328,4464,1,2,1,4468,A
8-NS,329,4481,0,0,0,4481,A
8-NS,330,4470,0,4,0,4474,A
8-NS,331,0,1,4531,0,4532,G
8-NS,332,0,4507,0,2,4509,T
8-NS,333,1,7,4493,0,4501,G
8-NS,334,0,3,4500,0,4503,G
8-NS,335,4487,1,5,0,4493,A
8-NS,336,4465,0,3,1,4469,A
8-NS,337,0,7,4453,0,4460,G
8-NS,338,0,2,4492,0,4494,G
8-NS,339,4505,1,0,0,4506,A
8-NS,340,0,0,0,4492,4492,C
8-NS,341,2,0,0,4460,4462,C
8-NS,342,1,4456,0,0,4457,T
8-NS,343,4,93,0,4438,4535,C
8-NS,344,1,4528,1,1,4531,T
8-NS,345,0,4550,0,1,4551,T
8-NS,346,1,4536,0,3,4540,T
8-NS,347,2,3,4521,0,4526,G
8-NS,348,0,0,1,4567,4568,C
8-NS,349,4524,0,0,0,4524,A
8-NS,350,1,4518,0,2,4521,T
8-NS,351,3,1,0,4515,4519,C
8-NS,352,4543,0,4,0,4547,A
8-NS,353,0,2,4689,1,4692,G
8-NS,354,4674,0,1,1,4676,A
8-NS,355,4678,3,3,0,4684,A
8-NS,356,1,4670,1,0,4672,T
8-NS,357,0,7,4627,1,4635,G
8-NS,358,6,2,4669,0,4677,G
8-NS,359,4667,0,4,0,4671,A
8-NS,360,4,1,0,4654,4659,C
8-NS,361,7,2,0,4544,4553,C
8-NS,362,4447,1,3,1,4452,A
8-NS,363,1,0,4491,0,4492,G
8-NS,364,0,1,4491,0,4492,G
8-NS,365,0,0,0,4501,4501,C
8-NS,366,4465,0,0,1,4466,A
8-NS,367,4476,1,0,0,4477,A
8-NS,368,1,4470,0,1,4472,T
8-NS,369,1,1,0,4475,4477,C
8-NS,370,4465,2,2,1,4470,A
8-NS,371,2,4440,1,1,4444,T
8-NS,372,1,2,4398,1,4402,G
8-NS,373,0,5,4422,0,4427,G
8-NS,374,4406,0,1,1,4408,A
8-NS,375,0,2,4435,1,4438,G
8-NS,376,4379,0,1,0,4380,A
8-NS,377,4383,1,1,0,4385,A
8-NS,378,4387,0,1,0,4388,A
8-NS,379,4379,0,2,0,4381,A
8-NS,380,4392,0,3,2,4397,A
8-NS,381,0,1,0,4412,4413,C
8-NS,382,4384,1,1,0,4386,A
8-NS,383,0,4376,0,2,4378,T
8-NS,384,2,1,0,4333,4336,C
8-NS,385,4333,0,2,0,4335,A
8-NS,386,0,4339,1,8,4348,T
8-NS,387,1,1,4356,0,4358,G
8-NS,388,0,4353,1,3,4357,T
8-NS,389,1,4323,0,1,4325,T
8-NS,390,2,3,4314,2,4321,G
8-NS,391,4310,2,0,0,4312,A
8-NS,392,4302,0,2,0,4304,A
8-NS,393,4298,0,7,0,4305,A
8-NS,394,2,2,4311,0,4315,G
8-NS,395,0,1,0,4291,4292,C
8-NS,396,1,5,4285,0,4291,G
8-NS,397,4285,1,1,0,4287,A
8-NS,398,4286,2,0,0,4288,A
8-NS,399,0,4284,1,1,4286,T
8-NS,400,0,4284,1,2,4287,T
8-NS,401,1,4297,1,2,4301,T
8-NS,402,5,0,0,4300,4305,C
8-NS,403,4275,2,3,0,4280,A
8-NS,404,1,3,4286,0,4290,G
8-NS,405,2,4276,0,1,4279,T
8-NS,406,2,3,4278,1,4284,G
8-NS,407,2,4269,0,4,4275,T
8-NS,408,0,2,4293,0,4295,G
8-NS,409,4310,0,1,0,4311,A
8-NS,410,4,4302,1,2,4309,T
8-NS,411,0,4301,0,0,4301,T
8-NS,412,2,4299,1,1,4303,T
8-NS,413,0,4300,1,1,4302,T
8-NS,414,1,4301,0,2,4304,T
8-NS,415,1,5,4303,0,4309,G
8-NS,416,4309,0,7,0,4316,A
8-NS,417,0,1,0,4308,4309,C
8-NS,418,5,2,0,4273,4280,C
8-NS,419,58,2,4240,0,4300,G
8-NS,420,4566,2,1,0,4569,A
8-NS,421,1,0,1,4658,4660,C
8-NS,422,0,4655,0,0,4655,T
8-NS,423,4677,0,2,0,4679,A
8-NS,424,1,2,4676,0,4679,G
8-NS,425,4666,0,3,1,4670,A
8-NS,426,3,7,4701,0,4711,G
8-NS,427,4700,1,6,0,4707,A
8-NS,428,2,0,0,4802,4804,C
8-NS,429,4,1,1,4573,4579,C
8-NS,430,4449,0,1,0,4450,A
8-NS,431,2,4672,0,1,4675,T
8-NS,432,4658,0,1,0,4659,A
8-NS,433,1,1,4969,1,4972,G
8-NS,434,0,4948,0,1,4949,T
8-NS,435,4913,0,0,0,4913,A
8-NS,436,3,4918,0,3,4924,T
8-NS,437,0,4798,0,1,4799,T
8-NS,438,4920,0,0,0,4920,A
8-NS,439,3,1,0,4910,4914,C
8-NS,440,0,4693,0,2,4695,T
8-NS,441,4688,0,1,0,4689,A
8-NS,442,4298,0,0,0,4298,A
8-NS,443,0,15,4299,0,4314,G
8-NS,444,1,7,4301,1,4310,G
8-NS,445,1,1,4315,0,4317,G
8-NS,446,1,0,0,4258,4259,C
8-NS,447,1,4176,0,8,4185,T
8-NS,448,1,4174,2,1,4178,T
8-NS,449,2,4242,0,3,4247,T
8-NS,450,4,1,0,4260,4265,C
8-NS,451,4310,2,3,0,4315,A
8-NS,452,1,3,0,4312,4316,C
8-NS,453,3,1,0,4285,4289,C
8-NS,454,0,2,4285,0,4287,G
8-NS,455,4276,1,2,0,4279,A
8-NS,456,4276,3,0,0,4279,A
8-NS,457,1,4,4293,0,4298,G
8-NS,458,4248,0,1,0,4249,A
8-NS,459,0,13,4245,0,4258,G
8-NS,460,1,6,4186,0,4193,G
8-NS,461,2,5,4217,0,4224,G
8-NS,462,4213,2,8,0,4223,A
8-NS,463,2,0,4219,0,4221,G
8-NS,464,3,1,0,4209,4213,C
8-NS,465,4199,2,2,2,4205,A
8-NS,466,4192,1,1,0,4194,A
8-NS,467,0,4198,0,0,4198,T
8-NS,468,0,4176,0,0,4176,T
8-NS,469,1,0,4188,0,4189,G
8-NS,470,0,4069,0,75,4144,T
8-NS,471,1,4145,0,3,4149,T
8-NS,472,2,2,4144,0,4148,G
8-NS,473,0,0,4143,0,4143,G
8-NS,474,0,0,0,4153,4153,C
8-NS,475,2,2,4128,0,4132,G
8-NS,476,4137,0,0,0,4137,A
8-NS,477,4155,1,0,0,4156,A
8-NS,478,4169,0,1,1,4171,A
8-NS,479,0,4184,0,1,4185,T
8-NS,480,3,1,0,4186,4190,C
8-NS,481,1,4161,0,5,4167,T
8-NS,482,4,0,0,4183,4187,C
8-NS,483,4190,0,2,0,4192,A
8-NS,484,3,0,0,4190,4193,C
8-NS,485,3,0,1,4192,4196,C
8-NS,486,4163,0,1,0,4164,A
8-NS,487,0,4151,0,3,4154,T
8-NS,488,1,4130,1,2,4134,T
8-NS,489,0,1,4155,1,4157,G
8-NS,490,1,1,0,4146,4148,C
8-NS,491,4,1,0,4140,4145,C
8-NS,492,1,4148,0,5,4154,T
8-NS,493,1,4136,0,3,4140,T
8-NS,494,1,2,0,4165,4168,C
8-NS,495,1,4154,1,2,4158,T
8-NS,496,1,4160,0,0,4161,T
8-NS,497,0,4245,1,1,4247,T
8-NS,498,2,4219,0,0,4221,T
8-NS,499,4,0,0,4222,4226,C
8-NS,500,2,1,0,4219,4222,C
8-NS,501,4208,1,4,0,4213,A
8-NS,502,0,4,4253,1,4258,G
8-NS,503,0,1,4237,0,4238,G
8-NS,504,4308,0,2,0,4310,A
8-NS,505,0,2,0,4313,4315,C
8-NS,506,4294,1,6,0,4301,A
8-NS,507,0,4313,1,1,4315,T
8-NS,508,4326,0,2,0,4328,A
8-NS,509,1,0,0,4606,4607,C
8-NS,510,0,4604,0,1,4605,T
8-NS,511,4560,0,1,0,4561,A
8-NS,512,0,4554,1,1,4556,T
8-NS,513,2,4407,0,1,4410,T
8-NS,514,1,3,4401,0,4405,G
8-NS,515,4271,1,3,0,4275,A
8-NS,516,0,9,4261,0,4270,G
8-NS,517,0,1,4260,0,4261,G
8-NS,518,3890,1,0,0,3891,A
8-NS,519,0,3895,0,0,3895,T
8-NS,520,0,2,3853,0,3855,G
8-NS,521,4,3836,0,4,3844,T
8-NS,522,7,1,0,3846,3854,C
8-NS,523,3857,0,0,0,3857,A
8-NS,524,3852,1,0,0,3853,A
8-NS,525,3847,0,1,0,3848,A
8-NS,526,3841,0,0,0,3841,A
8-NS,527,3860,1,1,0,3862,A
8-NS,528,0,3843,0,3,3846,T
8-NS,529,2,0,3847,0,3849,G
8-NS,530,2,0,0,3872,3874,C
8-NS,531,3864,1,1,1,3867,A
8-NS,532,3885,1,0,0,3886,A
8-NS,533,1,3884,1,3,3889,T
8-NS,534,2,3888,0,1,3891,T
8-NS,535,1,11,3877,0,3889,G
8-NS,536,3,12,3852,0,3867,G
8-NS,537,0,2,3856,0,3858,G
8-NS,538,1,0,3883,0,3884,G
8-NS,539,4,3839,0,4,3847,T
8-NS,540,2,1,0,3876,3879,C
8-NS,541,1,0,0,3870,3871,C
8-NS,542,0,3866,1,3,3870,T
8-NS,543,2,0,0,3896,3898,C
8-NS,544,3903,1,1,0,3905,A
8-NS,545,0,3913,0,0,3913,T
8-NS,546,2,1,0,3915,3918,C
8-NS,547,2,2,3866,0,3870,G
8-NS,548,1,2,3868,1,3872,G
8-NS,549,3807,0,1,1,3809,A
8-NS,550,2,1,3812,0,3815,G
8-NS,551,1,2,3831,0,3834,G
8-NS,552,3777,1,1,0,3779,A
8-NS,553,1,0,1,3795,3797,C
8-NS,554,0,3785,0,2,3787,T
8-NS,555,1,3788,0,0,3789,T
8-NS,556,2,1,3803,0,3806,G
8-NS,557,3796,2,0,0,3798,A
8-NS,558,3794,0,1,0,3795,A
8-NS,559,0,3786,0,2,3788,T
8-NS,560,0,4,3720,1,3725,G
8-NS,561,0,1,3757,0,3758,G
8-NS,562,3719,1,1,0,3721,A
8-NS,563,3743,0,1,0,3744,A
8-NS,564,0,3906,0,1,3907,T
8-NS,565,1,0,3950,0,3951,G
8-NS,566,3957,1,1,0,3959,A
8-NS,567,1,3957,0,4,3962,T
8-NS,568,3959,0,0,0,3959,A
8-NS,569,3978,0,1,0,3979,A
8-NS,570,0,0,0,3929,3929,C
8-NS,571,3855,2,1,0,3858,A
8-NS,572,1,0,0,3887,3888,C
8-NS,573,3557,0,1,0,3558,A
8-NS,574,2,1,3607,0,3610,G
8-NS,575,2,3578,0,4,3584,T
8-NS,576,1,3581,0,2,3584,T
8-NS,577,2,1,0,3580,3583,C
8-NS,578,0,3,3551,0,3554,G
8-NS,579,3552,1,1,0,3554,A
8-NS,580,1,1,3557,0,3559,G
8-NS,581,0,3514,0,2,3516,T
8-NS,582,4,1,0,3525,3530,C
8-NS,583,2,3438,0,8,3448,T
8-NS,584,3,0,0,3472,3475,C
8-NS,585,2,3469,0,6,3477,T
8-NS,586,3471,0,1,0,3472,A
8-NS,587,3474,0,2,0,3476,A
8-NS,588,3472,0,0,0,3472,A
8-NS,589,3479,1,1,0,3481,A
8-NS,590,3479,0,1,0,3480,A
8-NS,591,0,3442,0,0,3442,T
8-NS,592,1,0,0,3470,3471,C
8-NS,593,0,3448,0,0,3448,T
8-NS,594,3466,0,0,0,3466,A
8-NS,595,1,0,0,3465,3466,C
8-NS,596,3454,0,1,0,3455,A
8-NS,597,0,1,3460,0,3461,G
8-NS,598,3385,1,2,1,3389,A
8-NS,599,0,4,3392,0,3396,G
8-NS,600,3398,2,1,0,3401,A
8-NS,601,1,3371,0,0,3372,T
8-NS,602,0,3376,0,1,3377,T
8-NS,603,4,0,0,3354,3358,C
8-NS,604,1,0,3360,1,3362,G
8-NS,605,1,1,0,3370,3372,C
8-NS,606,0,3360,0,3,3363,T
8-NS,607,0,3358,1,0,3359,T
8-NS,608,1,4,3346,0,3351,G
8-NS,609,0,4,3361,1,3366,G
8-NS,610,3355,2,7,0,3364,A
8-NS,611,1,3,3364,0,3368,G
8-NS,612,3336,0,2,0,3338,A
8-NS,613,3310,2,3,0,3315,A
8-NS,614,2,1,3358,0,3361,G
8-NS,615,1,0,0,3357,3358,C
8-NS,616,3364,1,0,0,3365,A
8-NS,617,1,0,3415,0,3416,G
8-NS,618,1,3377,0,1,3379,T
8-NS,619,3395,0,2,0,3397,A
8-NS,620,3389,0,0,1,3390,A
8-NS,621,3,3376,0,1,3380,T
8-NS,622,0,2,3393,0,3395,G
8-NS,623,3275,0,1,0,3276,A
8-NS,624,1,2,3331,1,3335,G
8-NS,625,3310,1,0,0,3311,A
8-NS,626,3191,0,0,1,3192,A
8-NS,627,0,3190,0,1,3191,T
8-NS,628,0,7,3131,0,3138,G
8-NS,629,1,7,3130,0,3138,G
8-NS,630,1,10,3114,0,3125,G
8-NS,631,2,5,3106,0,3113,G
8-NS,632,0,4,3117,0,3121,G
8-NS,633,3047,1,3,1,3052,A
8-NS,634,3,0,0,3065,3068,C
8-NS,635,7,1,0,3058,3066,C
8-NS,636,1,3032,0,2,3035,T
8-NS,637,4,1,0,3047,3052,C
8-NS,638,4,2,0,3053,3059,C
8-NS,639,3070,1,0,1,3072,A
8-NS,640,0,0,0,3074,3074,C
8-NS,641,0,3005,1,1,3007,T
8-NS,642,0,3001,0,3,3004,T
8-NS,643,2926,0,0,0,2926,A
8-NS,644,0,2,0,2940,2942,C
8-NS,645,1,2913,0,5,2919,T
8-NS,646,1,2,0,2903,2906,C
8-NS,647,4,0,0,2875,2879,C
8-NS,648,2875,0,2,0,2877,A
8-NS,649,2883,0,2,0,2885,A
8-NS,650,2879,1,0,0,2880,A
8-NS,651,2877,0,0,1,2878,A
8-NS,652,1,0,0,2882,2883,C
8-NS,653,2797,0,2,0,2799,A
8-NS,654,0,0,2809,0,2809,G
8-NS,655,2806,0,0,0,2806,A
8-NS,656,2804,0,1,0,2805,A
8-NS,657,2803,0,3,1,2807,A
8-NS,658,0,1,0,2797,2798,C
8-NS,659,1,2,2797,0,2800,G
8-NS,660,0,1,2803,1,2805,G
8-NS,661,0,1,2803,0,2804,G
8-NS,662,2798,0,0,1,2799,A
8-NS,663,2783,1,0,0,2784,A
8-NS,664,2788,0,2,0,2790,A
8-NS,665,0,2783,0,1,2784,T
8-NS,666,0,1,2804,0,2805,G
8-NS,667,1,0,2795,0,2796,G
8-NS,668,1,4,0,2770,2775,C
8-NS,669,2,3,2777,0,2782,G
8-NS,670,2774,1,0,1,2776,A
8-NS,671,0,2,2785,0,2787,G
8-NS,672,2782,1,0,0,2783,A
8-NS,673,2780,0,1,0,2781,A
8-NS,674,1,0,0,2794,2795,C
8-NS,675,2726,0,5,0,2731,A
8-NS,676,0,1,2730,0,2731,G
8-NS,677,1,0,0,2725,2726,C
8-NS,678,0,2725,1,1,2727,T
8-NS,679,2717,0,1,0,2718,A
8-NS,680,0,2,2683,0,2685,G
8-NS,681,1,1,2684,0,2686,G
8-NS,682,0,2671,0,5,2676,T
8-NS,683,2,1,0,2622,2625,C
8-NS,684,2614,0,1,0,2615,A
8-NS,685,2616,1,1,0,2618,A
8-NS,686,2615,0,0,0,2615,A
8-NS,687,2630,0,2,0,2632,A
8-NS,688,0,0,2632,0,2632,G
8-NS,689,0,2589,0,0,2589,T
8-NS,690,1,2575,1,4,2581,T
8-NS,691,0,2581,0,1,2582,T
8-NS,692,0,0,2589,1,2590,G
8-NS,693,2585,0,2,0,2587,A
8-NS,694,2589,1,0,0,2590,A
8-NS,695,0,2,2604,0,2606,G
8-NS,696,2559,0,1,0,2560,A
8-NS,697,0,1,2569,0,2570,G
8-NS,698,2567,0,1,0,2568,A
8-NS,699,0,2576,0,0,2576,T
8-NS,700,2574,0,0,0,2574,A
8-NS,701,2563,0,2,0,2565,A
8-NS,702,0,1,2560,0,2561,G
8-NS,703,2386,0,2,0,2388,A
8-NS,704,0,2387,0,1,2388,T
8-NS,705,2,2,2389,0,2393,G
8-NS,706,0,0,2397,0,2397,G
8-NS,707,0,0,0,2382,2382,C
8-NS,708,0,2375,0,2,2377,T
8-NS,709,2380,1,1,0,2382,A
8-NS,710,2379,0,1,0,2380,A
8-NS,711,0,2385,0,0,2385,T
8-NS,712,0,2373,0,2,2375,T
8-NS,713,0,0,2385,0,2385,G
8-NS,714,2357,1,0,0,2358,A
8-NS,715,2346,0,3,0,2349,A
8-NS,716,0,3,2352,0,2355,G
8-NS,717,2352,0,1,0,2353,A
8-NS,718,2306,0,2,0,2308,A
8-NS,719,0,0,2335,0,2335,G
8-NS,720,1,2280,0,1,2282,T
8-NS,721,0,2,2287,0,2289,G
8-NS,722,2259,0,2,0,2261,A
8-NS,723,0,3,2266,0,2269,G
8-NS,724,2256,0,12,0,2268,A
8-NS,725,1,0,0,2249,2250,C
8-NS,726,2230,1,1,0,2232,A
8-NS,727,0,0,0,2231,2231,C
8-NS,728,2048,0,0,0,2048,A
8-NS,729,0,2,2088,0,2090,G
8-NS,730,2075,1,0,0,2076,A
8-NS,731,0,2065,0,0,2065,T
8-NS,732,2,2056,0,0,2058,T
8-NS,733,2052,1,0,0,2053,A
8-NS,734,2049,0,2,0,2051,A
8-NS,735,2045,1,1,0,2047,A
8-NS,736,2043,0,0,0,2043,A
8-NS,737,2041,0,0,0,2041,A
8-NS,738,0,0,0,1964,1964,C
8-NS,739,1875,1,0,0,1876,A
8-NS,740,1881,0,0,0,1881,A
8-NS,741,3,1,0,1875,1879,C
8-NS,742,0,1875,0,0,1875,T
8-NS,743,0,1,1882,0,1883,G
8-NS,744,1874,0,0,0,1874,A
8-NS,745,1876,0,0,0,1876,A
8-NS,746,1876,1,0,0,1877,A
8-NS,747,1859,1,2,0,1862,A
8-NS,748,0,1856,0,0,1856,T
8-NS,749,1820,0,3,0,1823,A
8-NS,750,0,0,1828,0,1828,G
8-NS,751,0,0,0,1827,1827,C
8-NS,752,0,1784,0,2,1786,T
8-NS,753,0,1785,0,0,1785,T
8-NS,754,0,1770,0,1,1771,T
8-NS,755,1,1,1780,0,1782,G
8-NS,756,1782,1,1,0,1784,A
8-NS,757,1781,0,1,0,1782,A
8-NS,758,0,0,0,1784,1784,C
8-NS,759,1730,0,0,0,1730,A
8-NS,760,1743,0,0,0,1743,A
8-NS,761,1743,1,0,1,1745,A
8-NS,762,0,1744,0,1,1745,T
8-NS,763,1742,1,0,0,1743,A
8-NS,764,1709,0,3,0,1712,A
8-NS,765,0,1,0,1710,1711,C
8-NS,766,1707,0,0,0,1707,A
8-NS,767,0,1681,0,0,1681,T
8-NS,768,0,1655,0,1,1656,T
8-NS,769,2,1,0,1622,1625,C
8-NS,770,1613,0,0,0,1613,A
8-NS,771,0,1610,0,1,1611,T
8-NS,772,0,0,1613,1,1614,G
8-NS,773,0,0,0,1586,1586,C
8-NS,774,1565,0,0,0,1565,A
8-NS,775,1553,0,6,0,1559,A
8-NS,776,0,0,1546,0,1546,G
8-NS,777,0,0,0,1563,1563,C
8-NS,778,1536,0,1,0,1537,A
8-NS,779,0,1527,0,0,1527,T
8-NS,780,0,1519,0,0,1519,T
8-NS,781,1518,0,0,0,1518,A
8-NS,782,1,0,0,1516,1517,C
8-NS,783,1482,0,0,0,1482,A
8-NS,784,0,0,1312,0,1312,G
8-NS,785,0,0,0,1318,1318,C
8-NS,786,0,1312,1,0,1313,T
8-NS,787,0,0,1320,0,1320,G
8-NS,788,0,0,0,1292,1292,C
8-NS,789,0,1278,1,0,1279,T
8-NS,790,0,0,1283,0,1283,G
8-NS,791,1,1243,0,15,1259,T
8-NS,792,0,1257,0,0,1257,T
8-NS,793,0,1255,0,0,1255,T
8-NS,794,0,0,1245,0,1245,G
8-NS,795,1244,1,3,0,1248,A
8-NS,796,1201,0,0,0,1201,A
8-NS,797,0,2,1205,0,1207,G
8-NS,798,0,1190,0,0,1190,T
8-NS,799,0,0,1120,0,1120,G
8-NS,800,0,0,1128,0,1128,G
8-NS,801,1120,1,2,0,1123,A
8-NS,802,1124,0,0,0,1124,A
8-NS,803,0,1,0,1118,1119,C
8-NS,804,1081,0,1,0,1082,A
8-NS,805,0,1,1082,0,1083,G
8-NS,806,0,0,1068,0,1068,G
8-NS,807,1049,0,3,0,1052,A
8-NS,808,0,0,1059,0,1059,G
8-NS,809,838,1,2,0,841,A
8-NS,810,0,832,0,1,833,T
8-NS,811,826,0,1,0,827,A
8-NS,812,822,0,1,0,823,A
8-NS,813,0,0,818,0,818,G
8-NS,814,722,0,1,0,723,A
8-NS,815,717,0,0,0,717,A
8-NS,816,0,0,0,708,708,C
8-NS,817,0,590,0,1,591,T
8-NS,818,1,582,0,0,583,T
8-NS,819,0,585,0,0,585,T
8-NS,820,0,0,0,585,585,C
8-NS,821,0,577,0,0,577,T
8-NS,822,0,0,0,569,569,C
8-NS,823,554,0,0,0,554,A
8-NS,824,1,553,0,0,554,T
8-NS,825,0,543,0,1,544,T
8-NS,826,1,535,0,3,539,T
8-NS,827,2,0,0,536,538,C
8-NS,828,511,1,0,0,512,A
8-NS,829,0,0,514,0,514,G
8-NS,830,0,0,0,513,513,C
8-NS,831,0,487,0,0,487,T
8-NS,832,0,480,0,0,480,T
8-NS,833,455,0,1,0,456,A
8-NS,834,0,456,0,0,456,T
8-NS,835,0,454,0,0,454,T
8-NS,836,0,447,0,0,447,T
8-NS,837,425,0,0,0,425,A
8-NS,838,412,0,0,0,412,A
8-NS,839,0,404,0,0,404,T
8-NS,840,0,0,399,0,399,G
8-NS,841,383,0,0,0,383,A
8-NS,842,0,342,0,0,342,T
8-NS,843,338,0,0,0,338,A
8-NS,844,336,0,1,0,337,A
8-NS,845,338,0,0,0,338,A
8-NS,846,337,0,0,0,337,A
8-NS,847,329,0,0,0,329,A
8-NS,848,329,0,0,0,329,A
8-NS,849,0,2,0,324,326,C
8-NS,850,279,0,1,0,280,A
8-NS,851,0,0,0,281,281,C
8-NS,852,0,0,0,272,272,C
8-NS,853,2,0,1,265,268,C
8-NS,854,0,259,0,0,259,T
8-NS,855,0,249,0,0,249,T
8-NS,856,1,0,248,0,249,G
8-NS,857,0,243,0,0,243,T
8-NS,858,0,242,0,0,242,T
8-NS,859,0,239,0,0,239,T
8-NS,860,0,0,0,88,88,C
8-NS,861,0,60,0,0,60,T
8-NS,862,54,0,0,0,54,A
8-NS,863,0,0,0,53,53,C
