Gene,Position,A,T,G,C,Coverage,Consensus
1-PB2,1,218,0,0,0,218,A
1-PB2,2,0,218,0,0,218,T
1-PB2,3,0,0,232,0,232,G
1-PB2,4,0,0,231,0,231,G
1-PB2,5,231,0,1,0,232,A
1-PB2,6,232,0,0,0,232,A
1-PB2,7,231,0,1,0,232,A
1-PB2,8,0,0,283,0,283,G
1-PB2,9,284,0,0,0,284,A
1-PB2,10,288,0,0,0,288,A
1-PB2,11,0,295,0,0,295,T
1-PB2,12,294,0,0,0,294,A
1-PB2,13,295,0,0,0,295,A
1-PB2,14,293,0,0,0,293,A
1-PB2,15,0,0,294,0,294,G
1-PB2,16,0,0,305,0,305,G
1-PB2,17,302,0,0,0,302,A
1-PB2,18,306,0,0,0,306,A
1-PB2,19,0,0,0,310,310,C
1-PB2,20,0,313,0,0,313,T
1-PB2,21,317,0,0,0,317,A
1-PB2,22,0,0,0,319,319,C
1-PB2,23,0,0,319,0,319,G
1-PB2,24,0,0,338,0,338,G
1-PB2,25,337,0,0,0,337,A
1-PB2,26,351,0,0,0,351,A
1-PB2,27,0,350,0,0,350,T
1-PB2,28,0,0,0,354,354,C
1-PB2,29,0,353,0,0,353,T
1-PB2,30,0,0,357,0,357,G
1-PB2,31,356,0,0,0,356,A
1-PB2,32,0,358,0,0,358,T
1-PB2,33,0,0,358,0,358,G
1-PB2,34,0,360,0,1,361,T
1-PB2,35,0,0,0,360,360,C
1-PB2,36,0,0,360,0,360,G
1-PB2,37,0,0,0,361,361,C
1-PB2,38,363,0,0,0,363,A
1-PB2,39,0,0,378,0,378,G
1-PB2,40,0,380,0,0,380,T
1-PB2,41,0,0,0,383,383,C
1-PB2,42,0,378,0,1,379,T
1-PB2,43,0,0,0,382,382,C
1-PB2,44,0,0,380,0,380,G
1-PB2,45,0,0,0,381,381,C
1-PB2,46,379,0,0,0,379,A
1-PB2,47,0,0,0,390,390,C
1-PB2,48,0,388,0,1,389,T
1-PB2,49,0,0,0,396,396,C
1-PB2,50,0,0,396,0,396,G
1-PB2,51,0,0,0,401,401,C
1-PB2,52,0,0,397,0,397,G
1-PB2,53,401,0,0,0,401,A
1-PB2,54,0,0,403,0,403,G
1-PB2,55,417,0,2,0,419,A
1-PB2,56,0,417,0,0,417,T
1-PB2,57,415,0,1,0,416,A
1-PB2,58,0,0,1,420,421,C
1-PB2,59,0,411,0,0,411,T
1-PB2,60,0,0,428,0,428,G
1-PB2,61,428,0,1,0,429,A
1-PB2,62,0,1,0,434,435,C
1-PB2,63,431,0,0,0,431,A
1-PB2,64,432,0,0,0,432,A
1-PB2,65,438,0,0,0,438,A
1-PB2,66,442,0,0,0,442,A
1-PB2,67,445,0,1,0,446,A
1-PB2,68,0,0,0,462,462,C
1-PB2,69,0,0,0,457,457,C
1-PB2,70,473,0,0,0,473,A
1-PB2,71,0,0,0,491,491,C
1-PB2,72,484,0,3,0,487,A
1-PB2,73,0,0,506,0,506,G
1-PB2,74,0,506,0,0,506,T
1-PB2,75,0,0,530,0,530,G
1-PB2,76,0,0,534,0,534,G
1-PB2,77,532,1,0,0,533,A
1-PB2,78,0,0,0,562,562,C
1-PB2,79,0,0,0,560,560,C
1-PB2,80,563,0,0,0,563,A
1-PB2,81,0,557,0,0,557,T
1-PB2,82,559,0,0,0,559,A
1-PB2,83,0,560,0,0,560,T
1-PB2,84,0,2,555,1,558,G
1-PB2,85,0,1,558,0,559,G
1-PB2,86,0,0,0,557,557,C
1-PB2,87,0,0,0,551,551,C
1-PB2,88,551,1,2,0,554,A
1-PB2,89,0,593,0,0,593,T
1-PB2,90,590,0,1,0,591,A
1-PB2,91,636,0,0,0,636,A
1-PB2,92,0,634,1,0,635,T
1-PB2,93,0,630,0,0,630,T
1-PB2,94,636,0,0,0,636,A
1-PB2,95,630,0,1,0,631,A
1-PB2,96,0,0,661,0,661,G
1-PB2,97,656,0,1,0,657,A
1-PB2,98,648,0,1,0,649,A
1-PB2,99,0,0,704,0,704,G
1-PB2,100,0,697,0,0,697,T
1-PB2,101,698,0,3,0,701,A
1-PB2,102,0,0,0,698,698,C
1-PB2,103,698,0,0,0,698,A
1-PB2,104,0,0,0,712,712,C
1-PB2,105,699,0,0,0,699,A
1-PB2,106,0,699,1,1,701,T
1-PB2,107,0,0,0,707,707,C
1-PB2,108,1,0,706,0,707,G
1-PB2,109,1,0,710,0,711,G
1-PB2,110,0,0,707,0,707,G
1-PB2,111,0,0,713,0,713,G
1-PB2,112,704,0,2,0,706,A
1-PB2,113,0,1,712,0,713,G
1-PB2,114,707,0,2,0,709,A
1-PB2,115,0,1,0,714,715,C
1-PB2,116,712,0,0,0,712,A
1-PB2,117,0,0,729,1,730,G
1-PB2,118,0,0,750,0,750,G
1-PB2,119,748,0,0,0,748,A
1-PB2,120,746,0,2,0,748,A
1-PB2,121,749,0,0,0,749,A
1-PB2,122,749,0,0,0,749,A
1-PB2,123,0,0,754,0,754,G
1-PB2,124,737,1,1,0,739,A
1-PB2,125,744,0,0,0,744,A
1-PB2,126,0,0,0,744,744,C
1-PB2,127,0,0,0,738,738,C
1-PB2,128,0,0,0,737,737,C
1-PB2,129,0,0,742,0,742,G
1-PB2,130,1,736,0,1,738,T
1-PB2,131,2,0,0,737,739,C
1-PB2,132,746,0,1,0,747,A
1-PB2,133,1,1,0,746,748,C
1-PB2,134,0,739,0,0,739,T
1-PB2,135,0,743,0,1,744,T
1-PB2,136,743,0,1,0,744,A
1-PB2,137,0,0,800,0,800,G
1-PB2,138,0,0,799,0,799,G
1-PB2,139,797,0,2,0,799,A
1-PB2,140,0,791,0,1,792,T
1-PB2,141,1,0,799,0,800,G
1-PB2,142,819,0,0,0,819,A
1-PB2,143,812,0,0,0,812,A
1-PB2,144,818,0,0,0,818,A
1-PB2,145,0,819,0,1,820,T
1-PB2,146,0,0,811,0,811,G
1-PB2,147,0,0,824,0,824,G
1-PB2,148,821,0,2,0,823,A
1-PB2,149,0,823,0,2,825,T
1-PB2,150,0,0,821,0,821,G
1-PB2,151,819,0,2,0,821,A
1-PB2,152,0,824,0,1,825,T
1-PB2,153,0,0,826,0,826,G
1-PB2,154,1,0,823,0,824,G
1-PB2,155,0,0,0,831,831,C
1-PB2,156,826,0,0,0,826,A
1-PB2,157,838,0,0,0,838,A
1-PB2,158,0,845,0,0,845,T
1-PB2,159,0,0,866,0,866,G
1-PB2,160,868,0,1,0,869,A
1-PB2,161,866,0,0,0,866,A
1-PB2,162,867,0,2,0,869,A
1-PB2,163,0,874,0,0,874,T
1-PB2,164,875,0,0,0,875,A
1-PB2,165,0,1,0,886,887,C
1-PB2,166,0,0,0,882,882,C
1-PB2,167,0,0,0,881,881,C
1-PB2,168,873,0,0,0,873,A
1-PB2,169,870,0,0,0,870,A
1-PB2,170,0,870,0,1,871,T
1-PB2,171,0,0,0,876,876,C
1-PB2,172,871,0,1,0,872,A
1-PB2,173,0,0,0,895,895,C
1-PB2,174,0,872,0,1,873,T
1-PB2,175,0,0,875,0,875,G
1-PB2,176,0,0,0,876,876,C
1-PB2,177,0,867,1,1,869,T
1-PB2,178,0,0,881,0,881,G
1-PB2,179,878,0,3,0,881,A
1-PB2,180,0,0,0,887,887,C
1-PB2,181,884,0,0,0,884,A
1-PB2,182,874,1,0,0,875,A
1-PB2,183,880,1,0,0,881,A
1-PB2,184,873,0,1,0,874,A
1-PB2,185,0,0,911,0,911,G
1-PB2,186,0,0,909,0,909,G
1-PB2,187,896,0,1,0,897,A
1-PB2,188,0,906,0,1,907,T
1-PB2,189,902,0,1,0,903,A
1-PB2,190,899,0,4,1,904,A
1-PB2,191,0,0,0,917,917,C
1-PB2,192,916,0,0,0,916,A
1-PB2,193,0,0,917,0,917,G
1-PB2,194,908,0,0,0,908,A
1-PB2,195,902,0,0,1,903,A
1-PB2,196,903,1,0,0,904,A
1-PB2,197,0,907,0,1,908,T
1-PB2,198,0,0,905,0,905,G
1-PB2,199,0,0,914,0,914,G
1-PB2,200,0,905,0,1,906,T
1-PB2,201,1,909,0,0,910,T
1-PB2,202,1,0,0,900,901,C
1-PB2,203,1,1,0,904,906,C
1-PB2,204,2,1,907,0,910,G
1-PB2,205,0,0,907,0,907,G
1-PB2,206,907,0,2,0,909,A
1-PB2,207,0,0,912,0,912,G
1-PB2,208,890,0,3,0,893,A
1-PB2,209,0,0,902,0,902,G
1-PB2,210,904,0,1,0,905,A
1-PB2,211,909,0,1,0,910,A
1-PB2,212,915,0,0,0,915,A
1-PB2,213,0,912,0,0,912,T
1-PB2,214,0,0,924,0,924,G
1-PB2,215,923,0,0,0,923,A
1-PB2,216,918,0,2,0,920,A
1-PB2,217,1,1,0,927,929,C
1-PB2,218,908,0,2,0,910,A
1-PB2,219,922,1,1,0,924,A
1-PB2,220,0,0,941,0,941,G
1-PB2,221,1,0,954,0,955,G
1-PB2,222,962,0,0,0,962,A
1-PB2,223,1,0,0,951,952,C
1-PB2,224,949,0,1,0,950,A
1-PB2,225,955,0,1,0,956,A
1-PB2,226,1007,0,1,0,1008,A
1-PB2,227,0,1,0,1031,1032,C
1-PB2,228,0,1007,0,1,1008,T
1-PB2,229,0,0,0,1037,1037,C
1-PB2,230,0,1002,1,0,1003,T
1-PB2,231,1019,0,0,0,1019,A
1-PB2,232,1,1015,0,0,1016,T
1-PB2,233,0,0,1018,0,1018,G
1-PB2,234,1,0,1041,0,1042,G
1-PB2,235,997,0,0,0,997,A
1-PB2,236,0,0,1025,0,1025,G
1-PB2,237,0,1025,0,1,1026,T
1-PB2,238,1015,0,0,0,1015,A
1-PB2,239,1019,0,0,0,1019,A
1-PB2,240,1014,1,0,0,1015,A
1-PB2,241,1017,0,1,0,1018,A
1-PB2,242,0,1015,0,0,1015,T
1-PB2,243,0,2,1016,0,1018,G
1-PB2,244,983,0,1,0,984,A
1-PB2,245,0,0,994,0,994,G
1-PB2,246,0,989,0,0,989,T
1-PB2,247,1,0,985,0,986,G
1-PB2,248,991,0,3,0,994,A
1-PB2,249,1,1003,0,0,1004,T
1-PB2,250,0,1,1002,0,1003,G
1-PB2,251,0,1,0,1003,1004,C
1-PB2,252,1,979,0,2,982,T
1-PB2,253,2,0,1091,0,1093,G
1-PB2,254,0,0,1094,0,1094,G
1-PB2,255,1097,0,0,0,1097,A
1-PB2,256,0,1097,0,0,1097,T
1-PB2,257,0,1,1,1098,1100,C
1-PB2,258,1098,0,1,0,1099,A
1-PB2,259,0,0,1133,0,1133,G
1-PB2,260,1126,0,1,0,1127,A
1-PB2,261,0,1136,0,0,1136,T
1-PB2,262,1072,0,2,0,1074,A
1-PB2,263,0,0,1128,0,1128,G
1-PB2,264,1106,0,1,0,1107,A
1-PB2,265,0,0,1133,0,1133,G
1-PB2,266,0,1111,0,1,1112,T
1-PB2,267,1,0,1112,0,1113,G
1-PB2,268,1093,0,1,0,1094,A
1-PB2,269,0,1095,0,1,1096,T
1-PB2,270,0,0,1104,0,1104,G
1-PB2,271,0,0,1105,0,1105,G
1-PB2,272,1,1086,0,1,1088,T
1-PB2,273,0,0,1070,0,1070,G
1-PB2,274,0,1097,0,1,1098,T
1-PB2,275,1,0,0,1097,1098,C
1-PB2,276,1113,0,1,0,1114,A
1-PB2,277,0,1,0,1117,1118,C
1-PB2,278,0,0,0,1119,1119,C
1-PB2,279,0,1085,0,1,1086,T
1-PB2,280,0,1070,0,0,1070,T
1-PB2,281,1,1071,0,1,1073,T
1-PB2,282,0,0,1084,0,1084,G
1-PB2,283,0,0,1088,0,1088,G
1-PB2,284,1,0,0,1097,1098,C
1-PB2,285,0,1090,0,2,1092,T
1-PB2,286,1,0,1093,0,1094,G
1-PB2,287,0,1094,1,0,1095,T
1-PB2,288,1096,0,1,0,1097,A
1-PB2,289,1100,0,3,0,1103,A
1-PB2,290,0,0,0,1100,1100,C
1-PB2,291,1080,0,1,0,1081,A
1-PB2,292,0,1083,0,1,1084,T
1-PB2,293,1,0,1056,0,1057,G
1-PB2,294,0,0,1088,0,1088,G
1-PB2,295,0,1075,0,1,1076,T
1-PB2,296,1,0,1070,0,1071,G
1-PB2,297,1,0,1089,0,1090,G
1-PB2,298,1084,1,1,0,1086,A
1-PB2,299,1094,0,1,0,1095,A
1-PB2,300,0,1095,0,0,1095,T
1-PB2,301,1093,0,0,1,1094,A
1-PB2,302,1,0,1113,0,1114,G
1-PB2,303,1087,0,4,0,1091,A
1-PB2,304,1090,0,1,0,1091,A
1-PB2,305,1095,1,0,0,1096,A
1-PB2,306,0,1077,0,0,1077,T
1-PB2,307,0,1,1070,0,1071,G
1-PB2,308,0,0,1070,0,1070,G
1-PB2,309,1073,0,1,0,1074,A
1-PB2,310,0,0,0,1084,1084,C
1-PB2,311,0,0,0,1061,1061,C
1-PB2,312,0,0,0,1066,1066,C
1-PB2,313,0,0,1078,0,1078,G
1-PB2,314,0,1081,0,2,1083,T
1-PB2,315,0,0,1106,0,1106,G
1-PB2,316,1107,0,0,0,1107,A
1-PB2,317,0,0,0,1112,1112,C
1-PB2,318,1109,0,1,0,1110,A
1-PB2,319,1108,0,1,0,1109,A
1-PB2,320,2,0,1136,0,1138,G
1-PB2,321,0,1127,0,2,1129,T
1-PB2,322,1132,0,0,0,1132,A
1-PB2,323,0,0,0,1124,1124,C
1-PB2,324,1,0,1102,0,1103,G
1-PB2,325,0,0,1141,0,1141,G
1-PB2,326,2,1124,0,3,1129,T
1-PB2,327,0,1,0,1151,1152,C
1-PB2,328,0,0,0,1141,1141,C
1-PB2,329,1131,1,0,0,1132,A
1-PB2,330,0,1131,0,3,1134,T
1-PB2,331,0,1138,0,1,1139,T
1-PB2,332,1185,0,0,0,1185,A
1-PB2,333,0,1,0,1184,1185,C
1-PB2,334,1,0,0,1148,1149,C
1-PB2,335,1,2,0,1147,1150,C
1-PB2,336,1138,0,0,0,1138,A
1-PB2,337,1143,0,0,0,1143,A
1-PB2,338,1139,0,0,1,1140,A
1-PB2,339,1139,0,0,0,1139,A
1-PB2,340,0,0,1175,0,1175,G
1-PB2,341,0,1116,0,1,1117,T
1-PB2,342,1,0,1151,0,1152,G
1-PB2,343,0,1148,0,2,1150,T
1-PB2,344,1155,0,0,0,1155,A
1-PB2,345,0,1,0,1146,1147,C
1-PB2,346,1150,0,0,0,1150,A
1-PB2,347,1149,1,1,0,1151,A
1-PB2,348,0,2,1166,0,1168,G
1-PB2,349,1140,0,3,0,1143,A
1-PB2,350,0,1,0,1145,1146,C
1-PB2,351,0,1097,0,2,1099,T
1-PB2,352,0,1106,0,2,1108,T
1-PB2,353,1102,0,0,0,1102,A
1-PB2,354,0,1108,0,0,1108,T
1-PB2,355,0,1103,0,1,1104,T
1-PB2,356,0,1106,0,0,1106,T
1-PB2,357,1,0,0,1098,1099,C
1-PB2,358,0,0,1102,0,1102,G
1-PB2,359,1091,0,1,0,1092,A
1-PB2,360,1,0,0,1099,1100,C
1-PB2,361,1092,0,0,0,1092,A
1-PB2,362,1089,0,1,0,1090,A
1-PB2,363,1092,0,1,2,1095,A
1-PB2,364,0,0,1116,0,1116,G
1-PB2,365,0,1111,0,3,1114,T
1-PB2,366,0,0,0,1120,1120,C
1-PB2,367,5,0,1110,0,1115,G
1-PB2,368,1111,0,0,0,1111,A
1-PB2,369,1112,1,2,0,1115,A
1-PB2,370,1108,0,2,0,1110,A
1-PB2,371,0,0,1151,0,1151,G
1-PB2,372,0,0,1158,0,1158,G
1-PB2,373,0,1145,0,0,1145,T
1-PB2,374,0,1146,0,1,1147,T
1-PB2,375,1137,0,1,0,1138,A
1-PB2,376,1142,0,0,0,1142,A
1-PB2,377,1138,0,0,0,1138,A
1-PB2,378,1155,0,1,0,1156,A
1-PB2,379,0,1,0,1164,1165,C
1-PB2,380,1114,0,3,0,1117,A
1-PB2,381,0,1116,0,0,1116,T
1-PB2,382,1,1,1109,0,1111,G
1-PB2,383,0,1,1109,0,1110,G
1-PB2,384,1108,0,1,0,1109,A
1-PB2,385,1116,0,2,0,1118,A
1-PB2,386,1,0,0,1145,1146,C
1-PB2,387,0,0,0,1160,1160,C
1-PB2,388,0,1139,0,2,1141,T
1-PB2,389,0,1135,0,1,1136,T
1-PB2,390,0,1145,0,1,1146,T
1-PB2,391,1,0,1137,0,1138,G
1-PB2,392,1,1,1151,0,1153,G
1-PB2,393,0,0,0,1144,1144,C
1-PB2,394,1,0,0,1138,1139,C
1-PB2,395,0,2,0,1139,1141,C
1-PB2,396,0,1091,1,0,1092,T
1-PB2,397,1,0,1101,0,1102,G
1-PB2,398,1,1098,1,1,1101,T
1-PB2,399,0,1097,0,2,1099,T
1-PB2,400,1,0,0,1102,1103,C
1-PB2,401,1088,0,0,0,1088,A
1-PB2,402,0,1084,0,0,1084,T
1-PB2,403,0,1079,0,1,1080,T
1-PB2,404,0,1074,0,0,1074,T
1-PB2,405,0,1081,0,0,1081,T
1-PB2,406,1063,1,1,0,1065,A
1-PB2,407,0,0,1060,0,1060,G
1-PB2,408,1063,0,0,0,1063,A
1-PB2,409,1060,1,1,0,1062,A
1-PB2,410,1064,0,0,0,1064,A
1-PB2,411,0,1059,0,0,1059,T
1-PB2,412,1,0,0,1064,1065,C
1-PB2,413,1059,0,0,0,1059,A
1-PB2,414,1067,0,0,1,1068,A
1-PB2,415,0,1,1082,0,1083,G
1-PB2,416,2,1075,0,0,1077,T
1-PB2,417,0,0,0,1075,1075,C
1-PB2,418,1080,0,0,0,1080,A
1-PB2,419,1083,1,1,0,1085,A
1-PB2,420,1,1,1089,0,1091,G
1-PB2,421,1081,0,1,0,1082,A
1-PB2,422,0,1084,0,0,1084,T
1-PB2,423,1106,0,3,0,1109,A
1-PB2,424,0,0,0,1096,1096,C
1-PB2,425,1,0,1089,0,1090,G
1-PB2,426,0,0,0,1123,1123,C
1-PB2,427,1116,0,0,0,1116,A
1-PB2,428,0,0,1143,0,1143,G
1-PB2,429,1139,0,0,0,1139,A
1-PB2,430,1148,0,3,0,1151,A
1-PB2,431,0,1,1168,0,1169,G
1-PB2,432,1130,1,5,0,1136,A
1-PB2,433,0,0,1147,0,1147,G
1-PB2,434,0,1139,0,0,1139,T
1-PB2,435,1131,0,0,0,1131,A
1-PB2,436,0,0,1146,0,1146,G
1-PB2,437,1086,0,2,1,1089,A
1-PB2,438,0,0,0,1125,1125,C
1-PB2,439,1101,0,1,0,1102,A
1-PB2,440,0,1089,1,0,1090,T
1-PB2,441,1078,0,0,0,1078,A
1-PB2,442,1076,0,0,0,1076,A
1-PB2,443,1074,0,1,2,1077,A
1-PB2,444,0,1,0,1076,1077,C
1-PB2,445,0,0,0,1061,1061,C
1-PB2,446,0,0,0,1052,1052,C
1-PB2,447,1,925,0,0,926,T
1-PB2,448,1,0,935,0,936,G
1-PB2,449,0,0,956,0,956,G
1-PB2,450,0,953,0,1,954,T
1-PB2,451,0,1,0,949,950,C
1-PB2,452,955,0,0,0,955,A
1-PB2,453,0,945,0,0,945,T
1-PB2,454,0,0,952,0,952,G
1-PB2,455,1,0,0,951,952,C
1-PB2,456,931,1,2,0,934,A
1-PB2,457,0,0,942,0,942,G
1-PB2,458,898,0,2,0,900,A
1-PB2,459,0,0,0,921,921,C
1-PB2,460,1,0,0,915,916,C
1-PB2,461,0,882,0,0,882,T
1-PB2,462,0,0,0,883,883,C
1-PB2,463,863,0,2,0,865,A
1-PB2,464,1,0,896,0,897,G
1-PB2,465,1,889,0,0,890,T
1-PB2,466,1,0,893,0,894,G
1-PB2,467,0,0,0,899,899,C
1-PB2,468,0,1,0,869,870,C
1-PB2,469,872,0,0,0,872,A
1-PB2,470,867,0,0,0,867,A
1-PB2,471,864,0,1,0,865,A
1-PB2,472,0,0,872,0,872,G
1-PB2,473,839,0,2,0,841,A
1-PB2,474,0,0,860,0,860,G
1-PB2,475,2,0,854,0,856,G
1-PB2,476,0,0,0,856,856,C
1-PB2,477,854,1,0,0,855,A
1-PB2,478,0,0,0,860,860,C
1-PB2,479,851,0,0,0,851,A
1-PB2,480,872,0,1,0,873,A
1-PB2,481,0,0,883,0,883,G
1-PB2,482,889,0,2,0,891,A
1-PB2,483,0,888,0,0,888,T
1-PB2,484,0,0,885,0,885,G
1-PB2,485,0,883,0,0,883,T
1-PB2,486,882,0,0,0,882,A
1-PB2,487,883,0,0,0,883,A
1-PB2,488,0,888,0,0,888,T
1-PB2,489,0,852,0,0,852,T
1-PB2,490,847,0,0,0,847,A
1-PB2,491,0,824,0,3,827,T
1-PB2,492,1,0,825,0,826,G
1-PB2,493,1,0,827,0,828,G
1-PB2,494,819,1,0,0,820,A
1-PB2,495,817,0,0,0,817,A
1-PB2,496,0,0,818,0,818,G
1-PB2,497,0,821,0,0,821,T
1-PB2,498,0,819,0,0,819,T
1-PB2,499,0,0,826,0,826,G
1-PB2,500,0,821,0,1,822,T
1-PB2,501,0,819,0,1,820,T
1-PB2,502,0,815,0,3,818,T
1-PB2,503,0,813,0,1,814,T
1-PB2,504,2,815,0,0,817,T
1-PB2,505,1,0,0,819,820,C
1-PB2,506,0,0,1,821,822,C
1-PB2,507,0,0,0,827,827,C
1-PB2,508,818,0,1,0,819,A
1-PB2,509,819,0,0,0,819,A
1-PB2,510,0,820,0,0,820,T
1-PB2,511,0,0,829,0,829,G
1-PB2,512,829,0,0,0,829,A
1-PB2,513,822,0,2,0,824,A
1-PB2,514,0,0,836,0,836,G
1-PB2,515,0,830,0,1,831,T
1-PB2,516,1,0,829,0,830,G
1-PB2,517,0,0,828,1,829,G
1-PB2,518,1,0,828,0,829,G
1-PB2,519,829,0,1,0,830,A
1-PB2,520,0,0,830,0,830,G
1-PB2,521,2,0,0,827,829,C
1-PB2,522,1,1,0,827,829,C
1-PB2,523,825,0,1,0,826,A
1-PB2,524,0,1,845,0,846,G
1-PB2,525,0,0,847,0,847,G
1-PB2,526,846,0,2,0,848,A
1-PB2,527,0,846,0,0,846,T
1-PB2,528,856,0,0,0,856,A
1-PB2,529,0,0,0,856,856,C
1-PB2,530,0,848,0,1,849,T
1-PB2,531,850,0,0,0,850,A
1-PB2,532,844,0,0,0,844,A
1-PB2,533,0,0,0,858,858,C
1-PB2,534,834,0,0,0,834,A
1-PB2,535,0,829,0,1,830,T
1-PB2,536,0,0,0,826,826,C
1-PB2,537,806,0,1,0,807,A
1-PB2,538,0,0,821,0,821,G
1-PB2,539,821,0,1,0,822,A
1-PB2,540,815,0,1,0,816,A
1-PB2,541,0,812,0,0,812,T
1-PB2,542,0,0,0,798,798,C
1-PB2,543,800,0,1,0,801,A
1-PB2,544,0,0,0,818,818,C
1-PB2,545,812,0,0,0,812,A
1-PB2,546,817,0,1,0,818,A
1-PB2,547,0,801,0,0,801,T
1-PB2,548,0,805,0,0,805,T
1-PB2,549,810,0,0,0,810,A
1-PB2,550,822,0,1,0,823,A
1-PB2,551,0,0,0,823,823,C
1-PB2,552,813,0,0,0,813,A
1-PB2,553,801,0,0,0,801,A
1-PB2,554,0,806,0,1,807,T
1-PB2,555,807,0,1,0,808,A
1-PB2,556,808,0,0,0,808,A
1-PB2,557,0,0,0,807,807,C
1-PB2,558,0,808,0,0,808,T
1-PB2,559,810,0,0,0,810,A
1-PB2,560,801,0,0,0,801,A
1-PB2,561,801,0,0,0,801,A
1-PB2,562,1,0,803,0,804,G
1-PB2,563,780,0,0,0,780,A
1-PB2,564,0,0,795,0,795,G
1-PB2,565,793,0,1,0,794,A
1-PB2,566,794,0,0,0,794,A
1-PB2,567,798,0,0,0,798,A
1-PB2,568,797,0,1,0,798,A
1-PB2,569,805,0,1,0,806,A
1-PB2,570,802,0,2,0,804,A
1-PB2,571,0,0,800,0,800,G
1-PB2,572,798,0,0,0,798,A
1-PB2,573,784,1,2,0,787,A
1-PB2,574,0,0,791,0,791,G
1-PB2,575,786,1,3,0,790,A
1-PB2,576,792,0,1,0,793,A
1-PB2,577,0,0,0,801,801,C
1-PB2,578,1,787,0,1,789,T
1-PB2,579,0,0,0,794,794,C
1-PB2,580,0,0,0,793,793,C
1-PB2,581,0,0,794,0,794,G
1-PB2,582,790,0,0,0,790,A
1-PB2,583,0,0,796,0,796,G
1-PB2,584,787,0,0,1,788,A
1-PB2,585,0,793,0,1,794,T
1-PB2,586,0,783,0,1,784,T
1-PB2,587,0,1,778,0,779,G
1-PB2,588,0,0,0,781,781,C
1-PB2,589,788,0,0,0,788,A
1-PB2,590,785,0,0,0,785,A
1-PB2,591,780,0,0,0,780,A
1-PB2,592,780,0,0,0,780,A
1-PB2,593,1,778,0,1,780,T
1-PB2,594,0,771,0,1,772,T
1-PB2,595,0,772,0,1,773,T
1-PB2,596,0,0,0,770,770,C
1-PB2,597,0,754,0,2,756,T
1-PB2,598,0,0,0,844,844,C
1-PB2,599,1,0,0,847,848,C
1-PB2,600,0,1,0,905,906,C
1-PB2,601,0,882,0,0,882,T
1-PB2,602,1,896,0,0,897,T
1-PB2,603,2,0,898,0,900,G
1-PB2,604,904,0,0,0,904,A
1-PB2,605,1,909,0,0,910,T
1-PB2,606,0,1,935,0,936,G
1-PB2,607,0,0,1053,0,1053,G
1-PB2,608,0,1068,0,1,1069,T
1-PB2,609,0,1056,0,0,1056,T
1-PB2,610,1,0,1162,0,1163,G
1-PB2,611,0,0,0,1179,1179,C
1-PB2,612,1196,0,2,0,1198,A
1-PB2,613,1,1200,0,1,1202,T
1-PB2,614,1211,0,0,2,1213,A
1-PB2,615,0,0,0,1298,1298,C
1-PB2,616,1485,0,0,5,1490,A
1-PB2,617,0,1533,0,1,1534,T
1-PB2,618,1,1,1626,0,1628,G
1-PB2,619,0,1624,0,2,1626,T
1-PB2,620,0,1629,0,2,1631,T
1-PB2,621,1624,0,0,0,1624,A
1-PB2,622,0,0,1628,0,1628,G
1-PB2,623,1646,0,0,0,1646,A
1-PB2,624,1,0,1683,0,1684,G
1-PB2,625,1610,1,3,0,1614,A
1-PB2,626,0,2,1623,1,1626,G
1-PB2,627,1590,0,4,0,1594,A
1-PB2,628,0,0,1619,0,1619,G
1-PB2,629,1621,0,1,0,1622,A
1-PB2,630,1635,0,2,0,1637,A
1-PB2,631,0,0,0,1656,1656,C
1-PB2,632,0,1633,0,3,1636,T
1-PB2,633,0,1629,0,0,1629,T
1-PB2,634,0,1,1629,0,1630,G
1-PB2,635,0,1628,0,0,1628,T
1-PB2,636,1627,0,1,0,1628,A
1-PB2,637,0,1,1,1617,1619,C
1-PB2,638,0,0,1622,0,1622,G
1-PB2,639,1620,0,1,0,1621,A
1-PB2,640,1617,0,0,0,1617,A
1-PB2,641,1654,0,1,0,1655,A
1-PB2,642,1652,0,0,0,1652,A
1-PB2,643,1651,0,3,1,1655,A
1-PB2,644,0,0,0,1661,1661,C
1-PB2,645,1658,0,0,0,1658,A
1-PB2,646,1669,0,0,0,1669,A
1-PB2,647,0,0,1690,0,1690,G
1-PB2,648,1696,0,0,0,1696,A
1-PB2,649,1,1691,0,0,1692,T
1-PB2,650,0,1684,0,0,1684,T
1-PB2,651,0,1685,0,2,1687,T
1-PB2,652,0,0,0,1700,1700,C
1-PB2,653,0,1697,0,1,1698,T
1-PB2,654,1,1,0,1720,1722,C
1-PB2,655,0,0,0,1712,1712,C
1-PB2,656,0,1,0,1730,1731,C
1-PB2,657,1727,1,0,1,1729,A
1-PB2,658,0,0,1766,0,1766,G
1-PB2,659,0,1763,0,1,1764,T
1-PB2,660,0,1764,0,0,1764,T
1-PB2,661,0,1,1759,0,1760,G
1-PB2,662,0,2,1,1760,1763,C
1-PB2,663,0,1760,0,2,1762,T
1-PB2,664,0,0,1777,0,1777,G
1-PB2,665,0,0,1763,0,1763,G
1-PB2,666,1,1,0,1768,1770,C
1-PB2,667,2,1,1768,0,1771,G
1-PB2,668,0,0,1880,0,1880,G
1-PB2,669,1902,0,1,0,1903,A
1-PB2,670,1925,0,1,0,1926,A
1-PB2,671,0,3,1,1951,1955,C
1-PB2,672,1980,1,3,0,1984,A
1-PB2,673,1978,0,2,0,1980,A
1-PB2,674,0,0,1986,0,1986,G
1-PB2,675,0,1942,0,1,1943,T
1-PB2,676,2437,0,1,0,2438,A
1-PB2,677,0,0,2681,0,2681,G
1-PB2,678,0,2696,0,1,2697,T
1-PB2,679,2710,0,1,0,2711,A
1-PB2,680,0,2700,0,3,2703,T
1-PB2,681,2708,0,4,0,2712,A
1-PB2,682,0,2705,0,3,2708,T
1-PB2,683,2649,0,2,0,2651,A
1-PB2,684,0,0,0,2715,2715,C
1-PB2,685,2607,0,0,0,2607,A
1-PB2,686,0,2563,0,1,2564,T
1-PB2,687,0,2540,0,7,2547,T
1-PB2,688,0,1,2552,0,2553,G
1-PB2,689,2559,0,0,0,2559,A
1-PB2,690,2559,0,3,0,2562,A
1-PB2,691,0,0,2682,0,2682,G
1-PB2,692,0,2656,0,7,2663,T
1-PB2,693,0,2619,0,1,2620,T
1-PB2,694,0,2621,1,3,2625,T
1-PB2,695,0,2627,0,2,2629,T
1-PB2,696,2660,0,1,0,2661,A
1-PB2,697,0,1,0,2658,2659,C
1-PB2,698,2646,0,5,0,2651,A
1-PB2,699,0,1,0,2615,2616,C
1-PB2,700,0,2669,1,4,2674,T
1-PB2,701,0,2687,0,2,2689,T
1-PB2,702,1,19,2721,0,2741,G
1-PB2,703,2765,1,5,0,2771,A
1-PB2,704,0,1,1,2780,2782,C
1-PB2,705,0,2762,0,2,2764,T
1-PB2,706,0,0,0,2761,2761,C
1-PB2,707,2741,0,2,0,2743,A
1-PB2,708,2,2,2705,0,2709,G
1-PB2,709,0,1,2792,0,2793,G
1-PB2,710,0,0,2811,0,2811,G
1-PB2,711,2816,1,3,0,2820,A
1-PB2,712,2819,0,3,4,2826,A
1-PB2,713,0,2,0,2823,2825,C
1-PB2,714,0,0,2867,0,2867,G
1-PB2,715,0,2848,0,5,2853,T
1-PB2,716,0,0,2874,0,2874,G
1-PB2,717,1,2833,1,6,2841,T
1-PB2,718,0,2826,0,0,2826,T
1-PB2,719,0,2,2845,0,2847,G
1-PB2,720,1,0,2839,0,2840,G
1-PB2,721,3,1,2904,0,2908,G
1-PB2,722,2897,0,3,1,2901,A
1-PB2,723,2900,1,1,0,2902,A
1-PB2,724,1,1,0,3016,3018,C
1-PB2,725,3012,0,1,0,3013,A
1-PB2,726,3170,0,1,1,3172,A
1-PB2,727,3205,1,2,0,3208,A
1-PB2,728,0,3215,0,1,3216,T
1-PB2,729,0,1,3303,0,3304,G
1-PB2,730,1,3270,0,3,3274,T
1-PB2,731,3262,0,7,0,3269,A
1-PB2,732,0,3,0,3274,3277,C
1-PB2,733,3216,0,2,0,3218,A
1-PB2,734,0,0,1,3210,3211,C
1-PB2,735,0,3079,0,7,3086,T
1-PB2,736,2,0,0,3367,3369,C
1-PB2,737,0,0,0,3383,3383,C
1-PB2,738,3455,1,3,0,3459,A
1-PB2,739,1,1,3514,0,3516,G
1-PB2,740,1,0,3600,0,3601,G
1-PB2,741,0,3575,0,6,3581,T
1-PB2,742,0,0,3592,0,3592,G
1-PB2,743,1,2,3508,0,3511,G
1-PB2,744,3435,1,12,0,3448,A
1-PB2,745,2,2,3530,1,3535,G
1-PB2,746,0,2,3541,0,3543,G
1-PB2,747,3489,1,5,0,3495,A
1-PB2,748,1,1,3549,0,3551,G
1-PB2,749,0,3446,0,1,3447,T
1-PB2,750,0,0,3467,0,3467,G
1-PB2,751,3459,0,2,0,3461,A
1-PB2,752,1,0,3502,0,3503,G
1-PB2,753,1,0,3547,0,3548,G
1-PB2,754,3509,2,3,0,3514,A
1-PB2,755,3524,0,4,0,3528,A
1-PB2,756,0,3551,0,2,3553,T
1-PB2,757,0,0,3556,0,3556,G
1-PB2,758,3548,0,8,1,3557,A
1-PB2,759,0,1,0,3552,3553,C
1-PB2,760,5,1,3532,0,3538,G
1-PB2,761,3590,0,3,0,3593,A
1-PB2,762,0,3572,0,1,3573,T
1-PB2,763,2,0,3582,2,3586,G
1-PB2,764,0,3590,0,2,3592,T
1-PB2,765,0,3573,0,0,3573,T
1-PB2,766,1,1,3590,1,3593,G
1-PB2,767,3602,0,4,0,3606,A
1-PB2,768,0,1,0,3612,3613,C
1-PB2,769,1,1,1,3592,3595,C
1-PB2,770,3538,1,1,1,3541,A
1-PB2,771,3535,0,5,0,3540,A
1-PB2,772,3563,0,5,0,3568,A
1-PB2,773,0,0,3655,0,3655,G
1-PB2,774,1,1,0,3648,3650,C
1-PB2,775,1,3,1,3640,3645,C
1-PB2,776,0,3645,0,4,3649,T
1-PB2,777,3647,0,1,0,3648,A
1-PB2,778,3643,1,3,0,3647,A
1-PB2,779,0,3655,0,3,3658,T
1-PB2,780,0,3645,1,1,3647,T
1-PB2,781,3593,1,0,0,3594,A
1-PB2,782,0,3520,0,2,3522,T
1-PB2,783,0,3490,0,2,3492,T
1-PB2,784,4,1,3457,0,3462,G
1-PB2,785,2,1,0,3439,3442,C
1-PB2,786,1,1,3452,1,3455,G
1-PB2,787,2,0,3535,0,3537,G
1-PB2,788,4,0,0,3524,3528,C
1-PB2,789,0,0,0,3589,3589,C
1-PB2,790,3597,1,2,0,3600,A
1-PB2,791,0,1,3724,0,3725,G
1-PB2,792,0,1,3754,0,3755,G
1-PB2,793,3726,2,6,0,3734,A
1-PB2,794,3756,3,6,0,3765,A
1-PB2,795,0,2,0,3776,3778,C
1-PB2,796,3721,0,5,0,3726,A
1-PB2,797,0,3764,0,2,3766,T
1-PB2,798,3784,0,4,1,3789,A
1-PB2,799,0,0,3841,0,3841,G
1-PB2,800,1,3780,0,3,3784,T
1-PB2,801,3754,0,3,0,3757,A
1-PB2,802,3745,0,4,1,3750,A
1-PB2,803,1,2,3754,0,3757,G
1-PB2,804,3740,1,0,1,3742,A
1-PB2,805,3679,0,5,0,3684,A
1-PB2,806,3,1,3690,0,3694,G
1-PB2,807,3546,0,15,0,3561,A
1-PB2,808,1,0,3582,0,3583,G
1-PB2,809,3,0,0,3579,3582,C
1-PB2,810,4,0,0,3573,3577,C
1-PB2,811,0,0,3590,0,3590,G
1-PB2,812,1,0,0,3597,3598,C
1-PB2,813,3614,0,0,0,3614,A
1-PB2,814,0,1,4067,0,4068,G
1-PB2,815,1,4046,1,3,4051,T
1-PB2,816,4061,0,0,0,4061,A
1-PB2,817,0,4026,0,0,4026,T
1-PB2,818,1,1,0,4116,4118,C
1-PB2,819,4109,0,6,1,4116,A
1-PB2,820,3,0,4114,0,4117,G
1-PB2,821,0,0,0,4116,4116,C
1-PB2,822,3946,0,3,0,3949,A
1-PB2,823,1,1,3917,1,3920,G
1-PB2,824,3916,0,3,1,3920,A
1-PB2,825,0,3918,0,3,3921,T
1-PB2,826,0,1,0,3940,3941,C
1-PB2,827,4,2,1,3933,3940,C
1-PB2,828,3955,0,5,0,3960,A
1-PB2,829,0,0,0,3974,3974,C
1-PB2,830,0,3962,0,2,3964,T
1-PB2,831,3969,0,5,0,3974,A
1-PB2,832,4,0,3954,0,3958,G
1-PB2,833,0,0,0,3940,3940,C
1-PB2,834,3921,1,4,0,3926,A
1-PB2,835,0,3931,0,2,3933,T
1-PB2,836,1,0,0,3971,3972,C
1-PB2,837,0,3932,0,3,3935,T
1-PB2,838,0,3996,0,0,3996,T
1-PB2,839,0,4007,0,1,4008,T
1-PB2,840,4009,1,2,0,4012,A
1-PB2,841,1,4013,1,3,4018,T
1-PB2,842,1,3988,0,3,3992,T
1-PB2,843,0,1,3988,0,3989,G
1-PB2,844,1,1,4001,0,4003,G
1-PB2,845,3894,0,6,0,3900,A
1-PB2,846,4,0,3915,0,3919,G
1-PB2,847,3832,1,2,0,3835,A
1-PB2,848,0,3803,0,2,3805,T
1-PB2,849,0,0,4025,0,4025,G
1-PB2,850,0,4034,0,3,4037,T
1-PB2,851,3,0,4028,0,4031,G
1-PB2,852,0,1,0,4053,4054,C
1-PB2,853,1,2,0,4030,4033,C
1-PB2,854,4002,1,5,1,4009,A
1-PB2,855,3,3791,0,4,3798,T
1-PB2,856,3817,1,2,0,3820,A
1-PB2,857,0,0,3856,0,3856,G
1-PB2,858,0,0,0,3853,3853,C
1-PB2,859,3839,0,3,0,3842,A
1-PB2,860,0,0,0,3830,3830,C
1-PB2,861,3796,0,4,0,3800,A
1-PB2,862,0,0,0,3820,3820,C
1-PB2,863,3789,0,3,0,3792,A
1-PB2,864,3780,0,3,0,3783,A
1-PB2,865,3780,0,1,1,3782,A
1-PB2,866,0,3704,1,0,3705,T
1-PB2,867,0,3703,0,1,3704,T
1-PB2,868,2,2,3671,0,3675,G
1-PB2,869,0,1,3682,0,3683,G
1-PB2,870,0,0,0,3681,3681,C
1-PB2,871,0,2,3640,0,3642,G
1-PB2,872,1,0,3712,1,3714,G
1-PB2,873,2,0,3761,1,3764,G
1-PB2,874,3776,1,3,0,3780,A
1-PB2,875,0,0,0,3801,3801,C
1-PB2,876,3813,1,1,0,3815,A
1-PB2,877,3807,1,3,0,3811,A
1-PB2,878,1,0,3794,0,3795,G
1-PB2,879,3624,0,7,0,3631,A
1-PB2,880,3673,0,6,0,3679,A
1-PB2,881,0,3672,1,2,3675,T
1-PB2,882,0,2,3681,0,3683,G
1-PB2,883,1,0,3704,0,3705,G
1-PB2,884,1,3649,0,8,3658,T
1-PB2,885,1,1,3646,0,3648,G
1-PB2,886,1,0,3637,0,3638,G
1-PB2,887,3592,1,6,0,3599,A
1-PB2,888,2,0,1,3597,3600,C
1-PB2,889,3565,1,0,0,3566,A
1-PB2,890,0,4135,0,1,4136,T
1-PB2,891,2,4091,2,1,4096,T
1-PB2,892,0,3,0,4121,4124,C
1-PB2,893,0,4103,0,2,4105,T
1-PB2,894,0,4109,0,1,4110,T
1-PB2,895,4104,1,6,0,4111,A
1-PB2,896,1,1,4134,0,4136,G
1-PB2,897,4117,1,3,0,4121,A
1-PB2,898,0,1,1,4123,4125,C
1-PB2,899,3430,0,3,1,3434,A
1-PB2,900,1,3,3477,0,3481,G
1-PB2,901,3467,0,4,0,3471,A
1-PB2,902,3483,0,5,0,3488,A
1-PB2,903,0,2,0,3477,3479,C
1-PB2,904,2,1,0,3461,3464,C
1-PB2,905,1,0,0,3458,3459,C
1-PB2,906,6,2,3452,0,3460,G
1-PB2,907,3447,0,8,0,3455,A
1-PB2,908,0,1,0,3468,3469,C
1-PB2,909,2,3420,0,4,3426,T
1-PB2,910,1,1,3466,0,3468,G
1-PB2,911,3451,0,5,0,3456,A
1-PB2,912,3481,0,11,0,3492,A
1-PB2,913,2,0,3527,0,3529,G
1-PB2,914,3499,0,3,0,3502,A
1-PB2,915,3499,0,2,1,3502,A
1-PB2,916,0,2,1,3503,3506,C
1-PB2,917,3448,0,6,2,3456,A
1-PB2,918,3471,0,5,0,3476,A
1-PB2,919,1,0,3508,0,3509,G
1-PB2,920,0,1,0,3552,3553,C
1-PB2,921,0,3492,0,4,3496,T
1-PB2,922,2,0,3581,0,3583,G
1-PB2,923,1,3545,0,3,3549,T
1-PB2,924,1,0,3626,0,3627,G
1-PB2,925,0,1,3753,0,3754,G
1-PB2,926,3755,0,7,1,3763,A
1-PB2,927,0,3767,1,4,3772,T
1-PB2,928,3696,0,2,0,3698,A
1-PB2,929,0,3644,0,3,3647,T
1-PB2,930,3762,0,2,1,3765,A
1-PB2,931,0,3698,0,3,3701,T
1-PB2,932,2,0,3684,0,3686,G
1-PB2,933,0,2,0,3636,3638,C
1-PB2,934,3457,0,3,0,3460,A
1-PB2,935,3471,0,3,1,3475,A
1-PB2,936,1,2,3463,0,3466,G
1-PB2,937,1,1,3487,0,3489,G
1-PB2,938,0,1,0,3496,3497,C
1-PB2,939,1,3353,2,6,3362,T
1-PB2,940,2,1,3366,0,3369,G
1-PB2,941,2,0,0,3383,3385,C
1-PB2,942,3382,0,2,0,3384,A
1-PB2,943,3383,2,4,0,3389,A
1-PB2,944,1,3370,1,0,3372,T
1-PB2,945,1,1,3398,0,3400,G
1-PB2,946,0,0,3361,0,3361,G
1-PB2,947,1,1,3356,0,3358,G
1-PB2,948,3342,1,4,1,3348,A
1-PB2,949,1,3330,0,2,3333,T
1-PB2,950,0,3332,1,1,3334,T
1-PB2,951,0,2,3331,0,3333,G
1-PB2,952,3305,1,2,0,3308,A
1-PB2,953,0,1,3368,0,3369,G
1-PB2,954,3321,1,6,0,3328,A
1-PB2,955,3305,1,1,0,3307,A
1-PB2,956,1,3270,2,4,3277,T
1-PB2,957,0,1,0,3293,3294,C
1-PB2,958,3291,0,4,0,3295,A
1-PB2,959,1,0,3330,0,3331,G
1-PB2,960,0,1,0,3326,3327,C
1-PB2,961,1,3265,1,7,3274,T
1-PB2,962,0,0,0,3281,3281,C
1-PB2,963,3276,1,2,0,3279,A
1-PB2,964,1,3348,0,4,3353,T
1-PB2,965,2,0,0,3367,3369,C
1-PB2,966,1,0,0,3377,3378,C
1-PB2,967,0,3340,0,9,3349,T
1-PB2,968,1,3314,0,5,3320,T
1-PB2,969,0,0,0,3323,3323,C
1-PB2,970,3316,0,7,0,3323,A
1-PB2,971,1,0,3389,1,3391,G
1-PB2,972,0,9,0,3364,3373,C
1-PB2,973,0,3271,0,9,3280,T
1-PB2,974,0,3264,0,0,3264,T
1-PB2,975,0,3229,0,1,3230,T
1-PB2,976,0,1,3239,0,3240,G
1-PB2,977,0,0,3241,0,3241,G
1-PB2,978,0,3224,2,8,3234,T
1-PB2,979,0,2,3235,0,3237,G
1-PB2,980,1,2,3195,0,3198,G
1-PB2,981,1,0,3232,0,3233,G
1-PB2,982,1,3202,1,4,3208,T
1-PB2,983,0,3202,0,5,3207,T
1-PB2,984,0,3207,0,1,3208,T
1-PB2,985,3226,0,1,0,3227,A
1-PB2,986,1,0,0,3230,3231,C
1-PB2,987,3235,0,0,0,3235,A
1-PB2,988,0,3220,0,1,3221,T
1-PB2,989,0,3156,1,2,3159,T
1-PB2,990,0,3147,0,4,3151,T
1-PB2,991,3161,1,0,1,3163,A
1-PB2,992,3152,1,1,0,3154,A
1-PB2,993,3159,0,0,0,3159,A
1-PB2,994,3141,0,5,0,3146,A
1-PB2,995,1,2,3216,0,3219,G
1-PB2,996,3191,1,5,0,3197,A
1-PB2,997,3191,0,3,0,3194,A
1-PB2,998,0,2,0,3205,3207,C
1-PB2,999,3185,0,1,0,3186,A
1-PB2,1000,3180,0,6,0,3186,A
1-PB2,1001,2,0,3187,0,3189,G
1-PB2,1002,1,0,0,3189,3190,C
1-PB2,1003,4,5,3183,0,3192,G
1-PB2,1004,1,2,3163,0,3166,G
1-PB2,1005,1,0,3179,0,3180,G
1-PB2,1006,0,3152,0,9,3161,T
1-PB2,1007,2,0,0,3165,3167,C
1-PB2,1008,3165,0,6,0,3171,A
1-PB2,1009,0,3139,2,5,3146,T
1-PB2,1010,0,0,0,3179,3179,C
1-PB2,1011,3159,0,3,0,3162,A
1-PB2,1012,0,0,3211,1,3212,G
1-PB2,1013,1,3140,1,7,3149,T
1-PB2,1014,3,1,0,3160,3164,C
1-PB2,1015,3176,0,0,0,3176,A
1-PB2,1016,3181,0,3,1,3185,A
1-PB2,1017,3179,1,0,0,3180,A
1-PB2,1018,3178,0,5,0,3183,A
1-PB2,1019,3228,0,1,0,3229,A
1-PB2,1020,3211,0,16,0,3227,A
1-PB2,1021,1,1,3260,0,3262,G
1-PB2,1022,3244,0,4,0,3248,A
1-PB2,1023,3245,0,2,1,3248,A
1-PB2,1024,0,0,3240,0,3240,G
1-PB2,1025,3211,1,2,2,3216,A
1-PB2,1026,3140,0,12,0,3152,A
1-PB2,1027,0,3,3146,0,3149,G
1-PB2,1028,3099,0,5,0,3104,A
1-PB2,1029,4,2,3142,1,3149,G
1-PB2,1030,1,0,3283,0,3284,G
1-PB2,1031,0,3268,0,0,3268,T
1-PB2,1032,1,0,3312,0,3313,G
1-PB2,1033,0,1,1,3337,3339,C
1-PB2,1034,1,3327,0,5,3333,T
1-PB2,1035,0,3348,1,3,3352,T
1-PB2,1036,3352,0,2,0,3354,A
1-PB2,1037,1,4,0,3356,3361,C
1-PB2,1038,3320,1,5,1,3327,A
1-PB2,1039,1,1,3333,0,3335,G
1-PB2,1040,1,0,3316,0,3317,G
1-PB2,1041,6,0,0,3247,3253,C
1-PB2,1042,3189,2,1,0,3192,A
1-PB2,1043,3205,0,2,0,3207,A
1-PB2,1044,0,3239,0,4,3243,T
1-PB2,1045,0,0,0,3278,3278,C
1-PB2,1046,0,3227,0,10,3237,T
1-PB2,1047,0,2,0,3264,3266,C
1-PB2,1048,1,0,1,3257,3259,C
1-PB2,1049,3260,0,3,0,3263,A
1-PB2,1050,3251,0,0,0,3251,A
1-PB2,1051,3264,0,2,0,3266,A
1-PB2,1052,1,0,0,3262,3263,C
1-PB2,1053,3168,0,1,0,3169,A
1-PB2,1054,0,3121,2,1,3124,T
1-PB2,1055,0,3102,0,0,3102,T
1-PB2,1056,0,0,3222,0,3222,G
1-PB2,1057,3213,0,2,0,3215,A
1-PB2,1058,3317,1,1,0,3319,A
1-PB2,1059,3328,0,6,0,3334,A
1-PB2,1060,3332,1,2,0,3335,A
1-PB2,1061,0,3332,0,0,3332,T
1-PB2,1062,3337,0,1,0,3338,A
1-PB2,1063,3322,0,10,2,3334,A
1-PB2,1064,0,1,3400,0,3401,G
1-PB2,1065,3305,2,3,0,3310,A
1-PB2,1066,1,0,3320,0,3321,G
1-PB2,1067,0,3219,0,2,3221,T
1-PB2,1068,1,1,3218,0,3220,G
1-PB2,1069,1,2,0,3486,3489,C
1-PB2,1070,3504,0,4,0,3508,A
1-PB2,1071,3,3484,0,0,3487,T
1-PB2,1072,6,1,3490,0,3497,G
1-PB2,1073,3445,1,10,1,3457,A
1-PB2,1074,0,3,3528,0,3531,G
1-PB2,1075,1,0,3587,0,3588,G
1-PB2,1076,1,2,3816,0,3819,G
1-PB2,1077,1,0,3854,0,3855,G
1-PB2,1078,1,3783,0,2,3786,T
1-PB2,1079,3786,1,7,2,3796,A
1-PB2,1080,0,3789,0,3,3792,T
1-PB2,1081,0,3,3821,0,3824,G
1-PB2,1082,3783,0,9,0,3792,A
1-PB2,1083,12,0,3784,0,3796,G
1-PB2,1084,3,0,3761,0,3764,G
1-PB2,1085,3454,0,2,0,3456,A
1-PB2,1086,3,0,3565,0,3568,G
1-PB2,1087,1,3564,0,2,3567,T
1-PB2,1088,0,3606,1,6,3613,T
1-PB2,1089,4,0,0,3638,3642,C
1-PB2,1090,3644,1,4,0,3649,A
1-PB2,1091,0,0,0,3625,3625,C
1-PB2,1092,3620,0,2,0,3622,A
1-PB2,1093,3621,0,2,0,3623,A
1-PB2,1094,0,3601,0,2,3603,T
1-PB2,1095,1,2,3488,0,3491,G
1-PB2,1096,0,1,3491,0,3492,G
1-PB2,1097,1,3416,1,4,3422,T
1-PB2,1098,2,4,3409,0,3415,G
1-PB2,1099,1,0,3422,0,3423,G
1-PB2,1100,0,2,3423,0,3425,G
1-PB2,1101,3401,0,5,0,3406,A
1-PB2,1102,3439,0,0,1,3440,A
1-PB2,1103,3428,0,5,1,3434,A
1-PB2,1104,3438,0,3,0,3441,A
1-PB2,1105,3414,0,8,0,3422,A
1-PB2,1106,0,4,3463,0,3467,G
1-PB2,1107,3435,0,9,0,3444,A
1-PB2,1108,1,0,3473,0,3474,G
1-PB2,1109,0,2,0,3450,3452,C
1-PB2,1110,3457,0,1,0,3458,A
1-PB2,1111,3457,0,3,1,3461,A
1-PB2,1112,0,1,1,3615,3617,C
1-PB2,1113,3599,0,3,0,3602,A
1-PB2,1114,1,1,3670,0,3672,G
1-PB2,1115,1,0,0,3638,3639,C
1-PB2,1116,0,3622,0,0,3622,T
1-PB2,1117,3705,0,2,0,3707,A
1-PB2,1118,1,3698,0,2,3701,T
1-PB2,1119,3720,0,1,0,3721,A
1-PB2,1120,0,1,0,3716,3717,C
1-PB2,1121,0,3419,1,1,3421,T
1-PB2,1122,3440,0,5,1,3446,A
1-PB2,1123,3398,0,2,0,3400,A
1-PB2,1124,1,0,3402,0,3403,G
1-PB2,1125,3391,0,2,1,3394,A
1-PB2,1126,3287,0,2,0,3289,A
1-PB2,1127,3289,0,1,0,3290,A
1-PB2,1128,3268,0,12,1,3281,A
1-PB2,1129,3,0,3307,0,3310,G
1-PB2,1130,0,1,0,3306,3307,C
1-PB2,1131,3301,0,2,0,3303,A
1-PB2,1132,3304,0,1,0,3305,A
1-PB2,1133,0,1,0,3318,3319,C
1-PB2,1134,1,1,0,3327,3329,C
1-PB2,1135,3322,0,1,0,3323,A
1-PB2,1136,0,0,3349,0,3349,G
1-PB2,1137,3341,0,1,0,3342,A
1-PB2,1138,3329,1,3,1,3334,A
1-PB2,1139,0,0,3380,0,3380,G
1-PB2,1140,3352,0,3,0,3355,A
1-PB2,1141,0,3344,0,0,3344,T
1-PB2,1142,0,3324,0,3,3327,T
1-PB2,1143,1,1,3342,0,3344,G
1-PB2,1144,1,0,3425,0,3426,G
1-PB2,1145,0,3399,1,8,3408,T
1-PB2,1146,1,3394,1,6,3402,T
1-PB2,1147,2,0,0,3407,3409,C
1-PB2,1148,3471,0,2,0,3473,A
1-PB2,1149,3,1,3623,0,3627,G
1-PB2,1150,1,2,0,3630,3633,C
1-PB2,1151,1,3605,0,10,3616,T
1-PB2,1152,0,2,0,3656,3658,C
1-PB2,1153,3538,0,6,2,3546,A
1-PB2,1154,1,3564,0,1,3566,T
1-PB2,1155,3567,2,6,0,3575,A
1-PB2,1156,0,0,3591,0,3591,G
1-PB2,1157,0,3385,0,7,3392,T
1-PB2,1158,0,2,3393,0,3395,G
1-PB2,1159,3276,0,1,1,3278,A
1-PB2,1160,0,0,3366,0,3366,G
1-PB2,1161,1,3332,0,3,3336,T
1-PB2,1162,2,1,3334,0,3337,G
1-PB2,1163,3,0,3359,0,3362,G
1-PB2,1164,3356,0,5,0,3361,A
1-PB2,1165,3354,0,7,2,3363,A
1-PB2,1166,0,0,3386,0,3386,G
1-PB2,1167,3281,0,6,0,3287,A
1-PB2,1168,0,1,3335,0,3336,G
1-PB2,1169,3275,0,6,0,3281,A
1-PB2,1170,0,3,0,3273,3276,C
1-PB2,1171,3,2,3278,0,3283,G
1-PB2,1172,3241,0,3,1,3245,A
1-PB2,1173,3250,0,8,1,3259,A
1-PB2,1174,0,1,0,3279,3280,C
1-PB2,1175,3259,0,3,0,3262,A
1-PB2,1176,2,0,3520,0,3522,G
1-PB2,1177,1,3485,0,2,3488,T
1-PB2,1178,0,1,0,3484,3485,C
1-PB2,1179,3493,0,2,0,3495,A
1-PB2,1180,3486,1,5,0,3492,A
1-PB2,1181,2,3495,0,0,3497,T
1-PB2,1182,3481,0,0,0,3481,A
1-PB2,1183,1,0,3483,0,3484,G
1-PB2,1184,1,4,0,3467,3472,C
1-PB2,1185,0,1,0,3326,3327,C
1-PB2,1186,0,1,3296,0,3297,G
1-PB2,1187,3284,0,2,0,3286,A
1-PB2,1188,3293,0,3,0,3296,A
1-PB2,1189,0,2,3344,0,3346,G
1-PB2,1190,0,1,0,3405,3406,C
1-PB2,1191,3423,0,0,0,3423,A
1-PB2,1192,3414,0,8,0,3422,A
1-PB2,1193,0,3425,0,1,3426,T
1-PB2,1194,3430,0,3,0,3433,A
1-PB2,1195,3445,0,3,0,3448,A
1-PB2,1196,0,3437,0,2,3439,T
1-PB2,1197,2,2,0,3431,3435,C
1-PB2,1198,2,0,3411,0,3413,G
1-PB2,1199,0,3326,0,2,3328,T
1-PB2,1200,1,1,3307,0,3309,G
1-PB2,1201,0,1,3347,0,3348,G
1-PB2,1202,0,2,0,3335,3337,C
1-PB2,1203,1,3,1,3335,3340,C
1-PB2,1204,3311,0,2,1,3314,A
1-PB2,1205,1,3306,0,1,3308,T
1-PB2,1206,3,1,3322,0,3326,G
1-PB2,1207,2,0,3370,0,3372,G
1-PB2,1208,1,3322,0,3,3326,T
1-PB2,1209,3,1,3353,0,3357,G
1-PB2,1210,0,3224,1,1,3226,T
1-PB2,1211,0,3242,0,8,3250,T
1-PB2,1212,0,3233,0,4,3237,T
1-PB2,1213,0,3241,0,5,3246,T
1-PB2,1214,0,0,0,3312,3312,C
1-PB2,1215,3301,1,4,0,3306,A
1-PB2,1216,0,0,0,3474,3474,C
1-PB2,1217,3411,0,1,0,3412,A
1-PB2,1218,3440,0,6,0,3446,A
1-PB2,1219,0,1,3459,0,3460,G
1-PB2,1220,3406,1,11,0,3418,A
1-PB2,1221,167,2,3323,1,3493,G
1-PB2,1222,0,1,3510,0,3511,G
1-PB2,1223,3458,0,3,0,3461,A
1-PB2,1224,1,3476,0,2,3479,T
1-PB2,1225,0,3408,0,2,3410,T
1-PB2,1226,1,0,3402,0,3403,G
1-PB2,1227,0,0,0,3344,3344,C
1-PB2,1228,3360,1,6,0,3367,A
1-PB2,1229,0,3371,0,5,3376,T
1-PB2,1230,2,0,3466,0,3468,G
1-PB2,1231,3478,0,5,0,3483,A
1-PB2,1232,0,3498,0,2,3500,T
1-PB2,1233,3503,0,0,0,3503,A
1-PB2,1234,3496,1,3,0,3500,A
1-PB2,1235,3495,0,1,0,3496,A
1-PB2,1236,3504,0,7,0,3511,A
1-PB2,1237,0,0,3509,0,3509,G
1-PB2,1238,0,0,0,3576,3576,C
1-PB2,1239,3619,0,3,0,3622,A
1-PB2,1240,2,0,3759,1,3762,G
1-PB2,1241,2,3729,0,5,3736,T
1-PB2,1242,0,3733,0,1,3734,T
1-PB2,1243,3739,0,4,1,3744,A
1-PB2,1244,0,1,3777,0,3778,G
1-PB2,1245,3742,0,5,0,3747,A
1-PB2,1246,1,0,3759,0,3760,G
1-PB2,1247,2,1,3730,0,3733,G
1-PB2,1248,0,3511,0,3,3514,T
1-PB2,1249,1,2,3510,0,3513,G
1-PB2,1250,3530,1,8,1,3540,A
1-PB2,1251,2,0,0,3561,3563,C
1-PB2,1252,0,1,0,3557,3558,C
1-PB2,1253,1,3482,1,8,3492,T
1-PB2,1254,1,3,3500,0,3504,G
1-PB2,1255,3497,0,1,0,3498,A
1-PB2,1256,3505,0,0,0,3505,A
1-PB2,1257,0,3505,1,0,3506,T
1-PB2,1258,1,3450,1,2,3454,T
1-PB2,1259,1,3464,0,2,3467,T
1-PB2,1260,1,0,0,3471,3472,C
1-PB2,1261,1,0,3472,0,3473,G
1-PB2,1262,2,3446,1,7,3456,T
1-PB2,1263,0,0,1,3451,3452,C
1-PB2,1264,3452,1,1,0,3454,A
1-PB2,1265,3462,0,0,0,3462,A
1-PB2,1266,1,0,0,3458,3459,C
1-PB2,1267,3414,0,0,1,3415,A
1-PB2,1268,0,0,3497,1,3498,G
1-PB2,1269,3437,0,2,0,3439,A
1-PB2,1270,1,1,3482,0,3484,G
1-PB2,1271,0,2,0,3485,3487,C
1-PB2,1272,3470,2,1,0,3473,A
1-PB2,1273,3525,0,3,0,3528,A
1-PB2,1274,3526,0,2,0,3528,A
1-PB2,1275,0,3515,1,1,3517,T
1-PB2,1276,0,0,0,3539,3539,C
1-PB2,1277,3491,0,5,0,3496,A
1-PB2,1278,2,0,3499,0,3501,G
1-PB2,1279,0,3,0,3524,3527,C
1-PB2,1280,2,2,3525,0,3529,G
1-PB2,1281,0,0,3901,0,3901,G
1-PB2,1282,0,3869,0,4,3873,T
1-PB2,1283,0,3879,1,5,3885,T
1-PB2,1284,2,2,3871,1,3876,G
1-PB2,1285,3871,1,5,0,3877,A
1-PB2,1286,3918,0,4,0,3922,A
1-PB2,1287,0,0,0,3956,3956,C
1-PB2,1288,0,0,0,3935,3935,C
1-PB2,1289,2,2,0,4004,4008,C
1-PB2,1290,2,1,1,3829,3833,C
1-PB2,1291,3879,0,2,2,3883,A
1-PB2,1292,1,3914,0,4,3919,T
1-PB2,1293,0,0,3913,1,3914,G
1-PB2,1294,0,0,0,3929,3929,C
1-PB2,1295,3914,2,4,0,3920,A
1-PB2,1296,0,3889,0,9,3898,T
1-PB2,1297,0,0,0,3888,3888,C
1-PB2,1298,3828,1,4,0,3833,A
1-PB2,1299,0,0,3922,0,3922,G
1-PB2,1300,1,2,0,3931,3934,C
1-PB2,1301,1,3902,0,4,3907,T
1-PB2,1302,1,3893,0,3,3897,T
1-PB2,1303,0,3877,0,1,3878,T
1-PB2,1304,0,3891,0,1,3892,T
1-PB2,1305,3888,1,2,0,3891,A
1-PB2,1306,3878,0,6,1,3885,A
1-PB2,1307,0,4,3895,0,3899,G
1-PB2,1308,3,1,3837,0,3841,G
1-PB2,1309,0,1,0,3812,3813,C
1-PB2,1310,3785,0,1,0,3786,A
1-PB2,1311,1,3781,0,6,3788,T
1-PB2,1312,0,3788,1,4,3793,T
1-PB2,1313,0,3792,0,2,3794,T
1-PB2,1314,1,3800,0,5,3806,T
1-PB2,1315,0,0,0,3815,3815,C
1-PB2,1316,3809,0,6,1,3816,A
1-PB2,1317,2,1,3816,0,3819,G
1-PB2,1318,3798,1,0,0,3799,A
1-PB2,1319,3803,0,0,0,3803,A
1-PB2,1320,3786,1,5,0,3792,A
1-PB2,1321,0,0,3823,0,3823,G
1-PB2,1322,3831,0,8,1,3840,A
1-PB2,1323,0,3848,0,2,3850,T
1-PB2,1324,1,0,3848,0,3849,G
1-PB2,1325,1,5,0,3859,3865,C
1-PB2,1326,3,0,3861,0,3864,G
1-PB2,1327,3864,0,3,0,3867,A
1-PB2,1328,3847,0,3,0,3850,A
1-PB2,1329,3851,0,7,0,3858,A
1-PB2,1330,1,1,3864,0,3866,G
1-PB2,1331,1,3821,0,1,3823,T
1-PB2,1332,1,0,3809,0,3810,G
1-PB2,1333,0,0,1,3799,3800,C
1-PB2,1334,2,3789,2,2,3795,T
1-PB2,1335,0,3806,0,2,3808,T
1-PB2,1336,0,3804,0,4,3808,T
1-PB2,1337,0,3801,0,1,3802,T
1-PB2,1338,1,3800,1,7,3809,T
1-PB2,1339,1,1,2,3800,3804,C
1-PB2,1340,3800,0,4,0,3804,A
1-PB2,1341,3851,0,1,0,3852,A
1-PB2,1342,3833,0,0,2,3835,A
1-PB2,1343,3861,0,0,0,3861,A
1-PB2,1344,1,3865,2,1,3869,T
1-PB2,1345,0,3866,1,0,3867,T
1-PB2,1346,0,7,3879,1,3887,G
1-PB2,1347,1,3,3882,0,3886,G
1-PB2,1348,2,0,3882,1,3885,G
1-PB2,1349,0,0,4056,0,4056,G
1-PB2,1350,4024,2,6,0,4032,A
1-PB2,1351,1,0,4245,0,4246,G
1-PB2,1352,0,4237,0,8,4245,T
1-PB2,1353,1,4229,1,2,4233,T
1-PB2,1354,0,5,4289,0,4294,G
1-PB2,1355,4288,0,8,1,4297,A
1-PB2,1356,4302,0,11,1,4314,A
1-PB2,1357,1,0,0,4456,4457,C
1-PB2,1358,4371,1,4,1,4377,A
1-PB2,1359,0,2,0,4542,4544,C
1-PB2,1360,4467,0,7,0,4474,A
1-PB2,1361,1,4454,1,5,4461,T
1-PB2,1362,0,2,0,4483,4485,C
1-PB2,1363,3,1,4483,0,4487,G
1-PB2,1364,4505,1,3,0,4509,A
1-PB2,1365,0,2,0,4494,4496,C
1-PB2,1366,4329,1,2,0,4332,A
1-PB2,1367,8,0,4548,0,4556,G
1-PB2,1368,0,4377,0,6,4383,T
1-PB2,1369,2,0,4431,0,4433,G
1-PB2,1370,1,4400,0,4,4405,T
1-PB2,1371,1,0,4411,0,4412,G
1-PB2,1372,4399,0,14,0,4413,A
1-PB2,1373,1,4400,0,0,4401,T
1-PB2,1374,1,7,4411,0,4419,G
1-PB2,1375,3,5,4416,0,4424,G
1-PB2,1376,0,2,4359,0,4361,G
1-PB2,1377,4335,0,8,0,4343,A
1-PB2,1378,4332,0,3,0,4335,A
1-PB2,1379,1,4369,0,3,4373,T
1-PB2,1380,2,1,4455,0,4458,G
1-PB2,1381,4447,0,2,0,4449,A
1-PB2,1382,0,4450,0,1,4451,T
1-PB2,1383,0,4445,0,0,4445,T
1-PB2,1384,1,1,4395,1,4398,G
1-PB2,1385,0,2,4559,0,4561,G
1-PB2,1386,4455,2,16,0,4473,A
1-PB2,1387,1,0,4580,0,4581,G
1-PB2,1388,0,4506,0,4,4510,T
1-PB2,1389,4470,1,4,0,4475,A
1-PB2,1390,0,4496,1,4,4501,T
1-PB2,1391,0,4528,0,2,4530,T
1-PB2,1392,4553,0,3,0,4556,A
1-PB2,1393,1,0,0,4557,4558,C
1-PB2,1394,2,1,0,4480,4483,C
1-PB2,1395,4445,1,3,0,4449,A
1-PB2,1396,0,0,4472,0,4472,G
1-PB2,1397,4590,0,2,0,4592,A
1-PB2,1398,0,4575,0,3,4578,T
1-PB2,1399,4547,0,7,0,4554,A
1-PB2,1400,0,4522,0,4,4526,T
1-PB2,1401,3,3,4504,0,4510,G
1-PB2,1402,4534,2,10,1,4547,A
1-PB2,1403,1,1,0,4578,4580,C
1-PB2,1404,1,4512,0,8,4521,T
1-PB2,1405,0,1,0,4532,4533,C
1-PB2,1406,1,0,1,4480,4482,C
1-PB2,1407,4526,1,1,1,4529,A
1-PB2,1408,4545,0,4,1,4550,A
1-PB2,1409,1,2,4661,0,4664,G
1-PB2,1410,1,0,0,4650,4651,C
1-PB2,1411,4667,0,1,2,4670,A
1-PB2,1412,0,1,0,4667,4668,C
1-PB2,1413,4642,1,4,1,4648,A
1-PB2,1414,3,0,4661,0,4664,G
1-PB2,1415,4600,0,7,0,4607,A
1-PB2,1416,1,0,4711,0,4712,G
1-PB2,1417,4743,0,7,0,4750,A
1-PB2,1418,0,4660,1,6,4667,T
1-PB2,1419,7,0,4754,0,4761,G
1-PB2,1420,4,4743,0,2,4749,T
1-PB2,1421,1,3,0,4728,4732,C
1-PB2,1422,4751,0,9,0,4760,A
1-PB2,1423,4756,0,3,0,4759,A
1-PB2,1424,1,4751,0,4,4756,T
1-PB2,1425,1,3,4744,0,4748,G
1-PB2,1426,4660,0,5,1,4666,A
1-PB2,1427,2,1,4702,0,4705,G
1-PB2,1428,4617,0,14,0,4631,A
1-PB2,1429,0,0,4677,0,4677,G
1-PB2,1430,2,0,4941,0,4943,G
1-PB2,1431,4925,0,1,0,4926,A
1-PB2,1432,4942,0,7,0,4949,A
1-PB2,1433,0,4945,0,1,4946,T
1-PB2,1434,4941,1,6,0,4948,A
1-PB2,1435,4933,0,3,0,4936,A
1-PB2,1436,0,1,4943,0,4944,G
1-PB2,1437,4880,2,5,0,4887,A
1-PB2,1438,4,0,4910,0,4914,G
1-PB2,1439,2,4593,0,2,4597,T
1-PB2,1440,2,4,0,4608,4614,C
1-PB2,1441,4611,0,4,0,4615,A
1-PB2,1442,2,1,4666,0,4669,G
1-PB2,1443,1,3,0,4675,4679,C
1-PB2,1444,4681,1,2,0,4684,A
1-PB2,1445,4694,1,1,0,4696,A
1-PB2,1446,4655,1,1,0,4657,A
1-PB2,1447,4685,0,5,0,4690,A
1-PB2,1448,0,4691,0,1,4692,T
1-PB2,1449,0,1,4733,2,4736,G
1-PB2,1450,1,2,4705,4,4712,G
1-PB2,1451,3,1,4747,0,4751,G
1-PB2,1452,0,4687,0,5,4692,T
1-PB2,1453,2,0,4701,0,4703,G
1-PB2,1454,1,4688,1,3,4693,T
1-PB2,1455,4,0,4699,1,4704,G
1-PB2,1456,1,1,4769,0,4771,G
1-PB2,1457,4771,0,5,0,4776,A
1-PB2,1458,0,4753,0,1,4754,T
1-PB2,1459,3,0,4762,2,4767,G
1-PB2,1460,4708,0,3,0,4711,A
1-PB2,1461,4743,1,4,0,4748,A
1-PB2,1462,0,4733,0,4,4737,T
1-PB2,1463,4726,0,3,0,4729,A
1-PB2,1464,0,1,0,5135,5136,C
1-PB2,1465,0,4995,0,3,4998,T
1-PB2,1466,2,1,0,5173,5176,C
1-PB2,1467,1,1,0,5158,5160,C
1-PB2,1468,5126,1,4,0,5131,A
1-PB2,1469,5,0,5358,0,5363,G
1-PB2,1470,0,5336,0,3,5339,T
1-PB2,1471,5368,0,3,0,5371,A
1-PB2,1472,1,1,0,5381,5383,C
1-PB2,1473,4942,0,8,0,4950,A
1-PB2,1474,0,1,4975,1,4977,G
1-PB2,1475,4759,1,3,0,4763,A
1-PB2,1476,2,1,4836,0,4839,G
1-PB2,1477,4648,0,11,0,4659,A
1-PB2,1478,4,0,4575,0,4579,G
1-PB2,1479,1,1,4567,0,4569,G
1-PB2,1480,1,0,4583,0,4584,G
1-PB2,1481,0,4505,0,7,4512,T
1-PB2,1482,3,1,4509,0,4513,G
1-PB2,1483,2,1,4531,0,4534,G
1-PB2,1484,0,4471,0,3,4474,T
1-PB2,1485,0,1,4591,0,4592,G
1-PB2,1486,0,0,4585,0,4585,G
1-PB2,1487,0,4440,1,5,4446,T
1-PB2,1488,1,4435,0,8,4444,T
1-PB2,1489,4383,1,6,0,4390,A
1-PB2,1490,4,1,4450,0,4455,G
1-PB2,1491,0,3,0,4444,4447,C
1-PB2,1492,4426,0,4,0,4430,A
1-PB2,1493,1,4427,0,3,4431,T
1-PB2,1494,1,4098,0,2,4101,T
1-PB2,1495,0,3,4088,3,4094,G
1-PB2,1496,4075,1,1,0,4077,A
1-PB2,1497,0,4082,0,2,4084,T
1-PB2,1498,3,2,0,4090,4095,C
1-PB2,1499,2,0,4042,0,4044,G
1-PB2,1500,2,0,4159,0,4161,G
1-PB2,1501,1,4126,0,4,4131,T
1-PB2,1502,0,4122,1,6,4129,T
1-PB2,1503,0,4143,0,2,4145,T
1-PB2,1504,1,4138,0,4,4143,T
1-PB2,1505,1,4143,0,3,4147,T
1-PB2,1506,0,2,4144,1,4147,G
1-PB2,1507,4099,2,8,0,4109,A
1-PB2,1508,3,1,4140,0,4144,G
1-PB2,1509,3913,0,9,0,3922,A
1-PB2,1510,0,0,3979,1,3980,G
1-PB2,1511,0,3981,0,5,3986,T
1-PB2,1512,0,3973,0,1,3974,T
1-PB2,1513,3,1,0,3976,3980,C
1-PB2,1514,4,1,3982,0,3987,G
1-PB2,1515,3987,1,8,0,3996,A
1-PB2,1516,4,1,3989,0,3994,G
1-PB2,1517,3993,0,5,0,3998,A
1-PB2,1518,1,4,0,3985,3990,C
1-PB2,1519,1,3,1,3953,3958,C
1-PB2,1520,3926,0,7,0,3933,A
1-PB2,1521,3969,0,6,0,3975,A
1-PB2,1522,0,8,0,3976,3984,C
1-PB2,1523,1,0,4005,0,4006,G
1-PB2,1524,0,3971,0,3,3974,T
1-PB2,1525,4,5,3951,0,3960,G
1-PB2,1526,0,1,3962,0,3963,G
1-PB2,1527,39,0,3935,0,3974,G
1-PB2,1528,3920,0,5,0,3925,A
1-PB2,1529,3951,0,2,0,3953,A
1-PB2,1530,0,3806,1,1,3808,T
1-PB2,1531,0,1,3967,0,3968,G
1-PB2,1532,0,3938,0,1,3939,T
1-PB2,1533,3947,0,2,0,3949,A
1-PB2,1534,0,3930,0,10,3940,T
1-PB2,1535,1,3890,0,2,3893,T
1-PB2,1536,3928,0,0,0,3928,A
1-PB2,1537,1,3893,0,1,3895,T
1-PB2,1538,0,3837,0,1,3838,T
1-PB2,1539,3833,0,1,1,3835,A
1-PB2,1540,0,3319,0,4,3323,T
1-PB2,1541,0,1,0,3379,3380,C
1-PB2,1542,4,3270,0,7,3281,T
1-PB2,1543,2,0,0,3287,3289,C
1-PB2,1544,0,1,0,3278,3279,C
1-PB2,1545,5,3,0,3193,3201,C
1-PB2,1546,1,1,3223,0,3225,G
1-PB2,1547,3206,1,3,0,3210,A
1-PB2,1548,1,1,3217,0,3219,G
1-PB2,1549,0,0,3213,0,3213,G
1-PB2,1550,3036,1,2,0,3039,A
1-PB2,1551,1,0,3068,0,3069,G
1-PB2,1552,0,0,3039,0,3039,G
1-PB2,1553,1,2842,0,2,2845,T
1-PB2,1554,1,1,0,2850,2852,C
1-PB2,1555,2832,0,2,0,2834,A
1-PB2,1556,0,0,2876,0,2876,G
1-PB2,1557,0,2861,0,3,2864,T
1-PB2,1558,0,1,2867,0,2868,G
1-PB2,1559,2862,1,2,0,2865,A
1-PB2,1560,2745,1,4,0,2750,A
1-PB2,1561,2750,0,5,0,2755,A
1-PB2,1562,1,1,0,2753,2755,C
1-PB2,1563,2720,0,1,0,2721,A
1-PB2,1564,0,0,0,2723,2723,C
1-PB2,1565,2555,1,6,0,2562,A
1-PB2,1566,1,1,2575,0,2577,G
1-PB2,1567,0,0,2552,0,2552,G
1-PB2,1568,1,1,2589,0,2591,G
1-PB2,1569,2574,1,5,0,2580,A
1-PB2,1570,2559,0,2,0,2561,A
1-PB2,1571,2,0,0,2588,2590,C
1-PB2,1572,0,2529,0,0,2529,T
1-PB2,1573,0,0,2529,1,2530,G
1-PB2,1574,2478,1,10,0,2489,A
1-PB2,1575,0,0,2493,0,2493,G
1-PB2,1576,2395,2,11,0,2408,A
1-PB2,1577,0,0,2256,0,2256,G
1-PB2,1578,2248,1,6,0,2255,A
1-PB2,1579,1,1,0,2250,2252,C
1-PB2,1580,0,2143,0,1,2144,T
1-PB2,1581,0,0,2182,0,2182,G
1-PB2,1582,2155,0,4,0,2159,A
1-PB2,1583,1,0,0,2170,2171,C
1-PB2,1584,2155,0,2,0,2157,A
1-PB2,1585,2156,0,1,0,2157,A
1-PB2,1586,0,2144,0,3,2147,T
1-PB2,1587,2142,0,0,0,2142,A
1-PB2,1588,2137,0,2,0,2139,A
1-PB2,1589,0,0,0,2166,2166,C
1-PB2,1590,0,1987,0,1,1988,T
1-PB2,1591,0,1958,0,1,1959,T
1-PB2,1592,1931,0,0,0,1931,A
1-PB2,1593,0,1925,0,6,1931,T
1-PB2,1594,0,1917,1,3,1921,T
1-PB2,1595,1,1,0,1913,1915,C
1-PB2,1596,1773,0,1,0,1774,A
1-PB2,1597,0,1764,0,0,1764,T
1-PB2,1598,0,1,0,1673,1674,C
1-PB2,1599,1,0,1675,0,1676,G
1-PB2,1600,0,1672,2,2,1676,T
1-PB2,1601,0,1,0,1638,1639,C
1-PB2,1602,0,1,1656,0,1657,G
1-PB2,1603,1656,0,5,0,1661,A
1-PB2,1604,0,1654,0,2,1656,T
1-PB2,1605,1,0,1651,0,1652,G
1-PB2,1606,1654,0,0,0,1654,A
1-PB2,1607,0,1650,0,0,1650,T
1-PB2,1608,1,0,1655,0,1656,G
1-PB2,1609,1,1594,2,1,1598,T
1-PB2,1610,0,2,1580,0,1582,G
1-PB2,1611,0,1,1586,0,1587,G
1-PB2,1612,0,0,1582,0,1582,G
1-PB2,1613,1535,0,3,0,1538,A
1-PB2,1614,0,0,1560,0,1560,G
1-PB2,1615,1491,0,1,0,1492,A
1-PB2,1616,0,1465,0,1,1466,T
1-PB2,1617,0,1435,0,0,1435,T
1-PB2,1618,1433,0,2,0,1435,A
1-PB2,1619,1432,0,1,0,1433,A
1-PB2,1620,0,0,0,1428,1428,C
1-PB2,1621,4,1,1349,0,1354,G
1-PB2,1622,0,0,1388,0,1388,G
1-PB2,1623,0,1260,0,3,1263,T
1-PB2,1624,2,0,0,1250,1252,C
1-PB2,1625,0,0,0,1245,1245,C
1-PB2,1626,0,1175,0,2,1177,T
1-PB2,1627,0,0,1237,0,1237,G
1-PB2,1628,1238,1,2,0,1241,A
1-PB2,1629,0,0,1270,0,1270,G
1-PB2,1630,1,1268,0,0,1269,T
1-PB2,1631,0,0,0,1226,1226,C
1-PB2,1632,0,1,1225,0,1226,G
1-PB2,1633,0,0,1248,0,1248,G
1-PB2,1634,1,1237,0,3,1241,T
1-PB2,1635,0,1236,0,0,1236,T
1-PB2,1636,0,1227,0,1,1228,T
1-PB2,1637,0,1232,0,0,1232,T
1-PB2,1638,0,1,1302,0,1303,G
1-PB2,1639,1,0,1308,0,1309,G
1-PB2,1640,0,1315,0,0,1315,T
1-PB2,1641,1,0,0,1307,1308,C
1-PB2,1642,1292,0,1,0,1293,A
1-PB2,1643,1346,0,1,0,1347,A
1-PB2,1644,0,1346,0,0,1346,T
1-PB2,1645,1352,0,1,0,1353,A
1-PB2,1646,0,1,0,1371,1372,C
1-PB2,1647,0,4,0,1292,1296,C
1-PB2,1648,0,1298,1,0,1299,T
1-PB2,1649,1307,0,1,0,1308,A
1-PB2,1650,0,1289,0,3,1292,T
1-PB2,1651,1,0,0,1300,1301,C
1-PB2,1652,1257,0,0,0,1257,A
1-PB2,1653,1258,0,0,0,1258,A
1-PB2,1654,1,1250,0,2,1253,T
1-PB2,1655,1,1,1213,0,1215,G
1-PB2,1656,0,0,1221,0,1221,G
1-PB2,1657,1204,0,5,0,1209,A
1-PB2,1658,1,1175,0,0,1176,T
1-PB2,1659,0,0,0,1182,1182,C
1-PB2,1660,1181,0,1,0,1182,A
1-PB2,1661,0,1178,0,2,1180,T
1-PB2,1662,0,2,0,1186,1188,C
1-PB2,1663,1184,0,0,0,1184,A
1-PB2,1664,0,0,1183,1,1184,G
1-PB2,1665,1186,1,3,0,1190,A
1-PB2,1666,1184,0,2,0,1186,A
1-PB2,1667,1196,0,0,0,1196,A
1-PB2,1668,0,1192,0,0,1192,T
1-PB2,1669,0,1185,0,1,1186,T
1-PB2,1670,0,1,1183,0,1184,G
1-PB2,1671,2,0,1182,0,1184,G
1-PB2,1672,0,0,1181,0,1181,G
1-PB2,1673,1172,1,0,0,1173,A
1-PB2,1674,1176,0,5,0,1181,A
1-PB2,1675,0,0,1184,0,1184,G
1-PB2,1676,0,0,0,1178,1178,C
1-PB2,1677,0,1175,0,0,1175,T
1-PB2,1678,0,0,1195,0,1195,G
1-PB2,1679,1,1184,0,3,1188,T
1-PB2,1680,0,0,0,1186,1186,C
1-PB2,1681,1199,0,0,0,1199,A
1-PB2,1682,1194,0,0,0,1194,A
1-PB2,1683,1195,0,1,1,1197,A
1-PB2,1684,1199,0,0,0,1199,A
1-PB2,1685,0,1205,0,0,1205,T
1-PB2,1686,0,1197,0,0,1197,T
1-PB2,1687,1,5,0,1182,1188,C
1-PB2,1688,1180,0,1,0,1181,A
1-PB2,1689,1181,0,1,0,1182,A
1-PB2,1690,0,1179,0,2,1181,T
1-PB2,1691,1,0,1181,0,1182,G
1-PB2,1692,0,0,1187,0,1187,G
1-PB2,1693,0,1191,0,1,1192,T
1-PB2,1694,0,0,0,1197,1197,C
1-PB2,1695,0,1198,1,1,1200,T
1-PB2,1696,0,0,0,1201,1201,C
1-PB2,1697,1199,1,3,0,1203,A
1-PB2,1698,0,0,1209,0,1209,G
1-PB2,1699,1205,0,0,0,1205,A
1-PB2,1700,1213,0,0,0,1213,A
1-PB2,1701,0,1180,0,1,1181,T
1-PB2,1702,1,0,0,1150,1151,C
1-PB2,1703,0,0,0,1168,1168,C
1-PB2,1704,0,1165,0,3,1168,T
1-PB2,1705,0,0,1169,0,1169,G
1-PB2,1706,0,1,0,1167,1168,C
1-PB2,1707,1158,0,2,0,1160,A
1-PB2,1708,1209,0,0,0,1209,A
1-PB2,1709,0,1195,0,0,1195,T
1-PB2,1710,0,1,1207,0,1208,G
1-PB2,1711,0,1209,0,3,1212,T
1-PB2,1712,0,1170,0,3,1173,T
1-PB2,1713,1,0,1178,0,1179,G
1-PB2,1714,1,1181,0,0,1182,T
1-PB2,1715,1184,0,1,0,1185,A
1-PB2,1716,0,0,0,1183,1183,C
1-PB2,1717,1152,0,3,0,1155,A
1-PB2,1718,1165,0,1,0,1166,A
1-PB2,1719,0,0,0,1150,1150,C
1-PB2,1720,1132,0,0,0,1132,A
1-PB2,1721,1136,0,0,0,1136,A
1-PB2,1722,1112,1,0,0,1113,A
1-PB2,1723,1110,0,0,0,1110,A
1-PB2,1724,0,1110,0,0,1110,T
1-PB2,1725,0,0,1099,0,1099,G
1-PB2,1726,1,0,1103,0,1104,G
1-PB2,1727,1095,0,2,0,1097,A
1-PB2,1728,1104,0,2,0,1106,A
1-PB2,1729,0,1099,0,0,1099,T
1-PB2,1730,0,1104,0,0,1104,T
1-PB2,1731,0,1099,0,0,1099,T
1-PB2,1732,0,0,1108,0,1108,G
1-PB2,1733,1106,1,3,0,1110,A
1-PB2,1734,1113,0,0,0,1113,A
1-PB2,1735,0,0,0,1108,1108,C
1-PB2,1736,0,0,1,1088,1089,C
1-PB2,1737,1119,0,0,0,1119,A
1-PB2,1738,0,1122,0,1,1123,T
1-PB2,1739,1,1114,1,0,1116,T
1-PB2,1740,0,1121,0,0,1121,T
1-PB2,1741,0,0,0,1121,1121,C
1-PB2,1742,1117,0,0,0,1117,A
1-PB2,1743,1129,0,0,0,1129,A
1-PB2,1744,1,1119,0,1,1121,T
1-PB2,1745,0,0,0,1144,1144,C
1-PB2,1746,0,1119,0,0,1119,T
1-PB2,1747,0,1121,0,1,1122,T
1-PB2,1748,0,1125,0,0,1125,T
1-PB2,1749,1127,0,0,0,1127,A
1-PB2,1750,0,0,1126,0,1126,G
1-PB2,1751,0,1127,0,1,1128,T
1-PB2,1752,0,0,0,1154,1154,C
1-PB2,1753,0,0,0,1154,1154,C
1-PB2,1754,1,1,0,1134,1136,C
1-PB2,1755,0,0,0,1140,1140,C
1-PB2,1756,1131,0,0,0,1131,A
1-PB2,1757,1126,1,0,0,1127,A
1-PB2,1758,0,0,1168,0,1168,G
1-PB2,1759,0,0,1166,0,1166,G
1-PB2,1760,0,2,0,1170,1172,C
1-PB2,1761,0,0,0,1148,1148,C
1-PB2,1762,1133,0,18,0,1151,A
1-PB2,1763,0,1165,0,1,1166,T
1-PB2,1764,0,1163,0,1,1164,T
1-PB2,1765,1166,0,0,0,1166,A
1-PB2,1766,0,1,1161,0,1162,G
1-PB2,1767,1137,0,0,0,1137,A
1-PB2,1768,1191,1,4,1,1197,A
1-PB2,1769,1,1,1226,1,1229,G
1-PB2,1770,0,0,0,1238,1238,C
1-PB2,1771,0,0,0,1242,1242,C
1-PB2,1772,1233,0,2,0,1235,A
1-PB2,1773,1243,0,3,0,1246,A
1-PB2,1774,0,1250,0,0,1250,T
1-PB2,1775,1258,0,0,0,1258,A
1-PB2,1776,0,0,0,1261,1261,C
1-PB2,1777,1158,0,0,0,1158,A
1-PB2,1778,0,0,1163,0,1163,G
1-PB2,1779,0,1138,0,1,1139,T
1-PB2,1780,0,2,1146,0,1148,G
1-PB2,1781,0,2,1154,0,1156,G
1-PB2,1782,1,0,1147,0,1148,G
1-PB2,1783,0,1134,0,1,1135,T
1-PB2,1784,0,1128,0,2,1130,T
1-PB2,1785,0,1134,0,2,1136,T
1-PB2,1786,0,0,1149,0,1149,G
1-PB2,1787,1,1143,0,2,1146,T
1-PB2,1788,0,0,0,1141,1141,C
1-PB2,1789,1123,0,1,0,1124,A
1-PB2,1790,0,1,1125,0,1126,G
1-PB2,1791,1117,0,1,0,1118,A
1-PB2,1792,1119,0,1,0,1120,A
1-PB2,1793,0,1,0,1121,1122,C
1-PB2,1794,0,1086,0,1,1087,T
1-PB2,1795,0,0,0,1122,1122,C
1-PB2,1796,0,1126,0,0,1126,T
1-PB2,1797,1129,0,0,0,1129,A
1-PB2,1798,0,1128,0,0,1128,T
1-PB2,1799,0,1123,0,0,1123,T
1-PB2,1800,0,1100,0,1,1101,T
1-PB2,1801,1,1,0,1113,1115,C
1-PB2,1802,1118,0,1,0,1119,A
1-PB2,1803,1120,0,2,0,1122,A
1-PB2,1804,0,0,0,1114,1114,C
1-PB2,1805,1091,1,1,0,1093,A
1-PB2,1806,1105,0,1,0,1106,A
1-PB2,1807,1103,0,1,0,1104,A
1-PB2,1808,0,1112,0,0,1112,T
1-PB2,1809,0,0,1123,0,1123,G
1-PB2,1810,1103,0,4,0,1107,A
1-PB2,1811,0,1,1120,1,1122,G
1-PB2,1812,1110,0,3,0,1113,A
1-PB2,1813,0,0,1124,0,1124,G
1-PB2,1814,1119,0,2,1,1122,A
1-PB2,1815,0,0,0,1120,1120,C
1-PB2,1816,1,1,1126,0,1128,G
1-PB2,1817,1,1129,0,0,1130,T
1-PB2,1818,1147,0,2,0,1149,A
1-PB2,1819,0,0,0,1145,1145,C
1-PB2,1820,0,1135,0,1,1136,T
1-PB2,1821,0,1134,0,0,1134,T
1-PB2,1822,0,0,1132,0,1132,G
1-PB2,1823,0,2,1132,0,1134,G
1-PB2,1824,0,1,1140,0,1141,G
1-PB2,1825,1127,0,1,0,1128,A
1-PB2,1826,1,0,0,1137,1138,C
1-PB2,1827,1133,0,0,0,1133,A
1-PB2,1828,0,1127,0,0,1127,T
1-PB2,1829,0,1128,0,0,1128,T
1-PB2,1830,0,1131,0,2,1133,T
1-PB2,1831,0,0,1130,0,1130,G
1-PB2,1832,1136,0,0,0,1136,A
1-PB2,1833,0,1,0,1134,1135,C
1-PB2,1834,1125,0,3,0,1128,A
1-PB2,1835,0,0,0,1128,1128,C
1-PB2,1836,0,0,0,1106,1106,C
1-PB2,1837,1114,0,0,0,1114,A
1-PB2,1838,0,0,0,1116,1116,C
1-PB2,1839,1,0,0,1121,1122,C
1-PB2,1840,1,0,0,1123,1124,C
1-PB2,1841,1111,0,1,0,1112,A
1-PB2,1842,0,0,1128,0,1128,G
1-PB2,1843,1124,0,2,0,1126,A
1-PB2,1844,0,1181,0,1,1182,T
1-PB2,1845,1158,0,0,0,1158,A
1-PB2,1846,1154,1,1,0,1156,A
1-PB2,1847,1,1151,0,0,1152,T
1-PB2,1848,1146,1,0,0,1147,A
1-PB2,1849,1143,0,0,0,1143,A
1-PB2,1850,1139,0,1,0,1140,A
1-PB2,1851,0,0,1145,0,1145,G
1-PB2,1852,0,1,0,1138,1139,C
1-PB2,1853,0,1101,0,1,1102,T
1-PB2,1854,0,1094,0,2,1096,T
1-PB2,1855,0,0,0,1103,1103,C
1-PB2,1856,0,1088,0,5,1093,T
1-PB2,1857,0,0,0,1120,1120,C
1-PB2,1858,1,0,0,1115,1116,C
1-PB2,1859,1,0,0,1130,1131,C
1-PB2,1860,0,1102,0,6,1108,T
1-PB2,1861,0,1093,0,1,1094,T
1-PB2,1862,1,1093,0,1,1095,T
1-PB2,1863,0,1094,0,1,1095,T
1-PB2,1864,0,0,1091,0,1091,G
1-PB2,1865,0,0,0,1098,1098,C
1-PB2,1866,1066,0,3,0,1069,A
1-PB2,1867,0,0,1072,0,1072,G
1-PB2,1868,0,0,0,1067,1067,C
1-PB2,1869,0,1053,0,1,1054,T
1-PB2,1870,0,1,1059,0,1060,G
1-PB2,1871,0,0,0,1062,1062,C
1-PB2,1872,2,1047,0,2,1051,T
1-PB2,1873,2,1,0,1059,1062,C
1-PB2,1874,0,0,0,1072,1072,C
1-PB2,1875,1079,0,1,0,1080,A
1-PB2,1876,0,0,0,1077,1077,C
1-PB2,1877,2,0,0,1072,1074,C
1-PB2,1878,1069,0,0,0,1069,A
1-PB2,1879,1076,0,1,0,1077,A
1-PB2,1880,1072,0,3,0,1075,A
1-PB2,1881,0,0,1082,0,1082,G
1-PB2,1882,0,0,0,1080,1080,C
1-PB2,1883,1054,0,0,0,1054,A
1-PB2,1884,1056,0,1,0,1057,A
1-PB2,1885,1055,0,0,0,1055,A
1-PB2,1886,0,0,1079,0,1079,G
1-PB2,1887,0,0,0,1084,1084,C
1-PB2,1888,1071,0,0,0,1071,A
1-PB2,1889,0,0,1068,0,1068,G
1-PB2,1890,1058,0,2,0,1060,A
1-PB2,1891,1094,0,4,0,1098,A
1-PB2,1892,0,1095,0,0,1095,T
1-PB2,1893,0,0,1091,0,1091,G
1-PB2,1894,0,0,0,1090,1090,C
1-PB2,1895,1079,0,0,0,1079,A
1-PB2,1896,0,0,1106,0,1106,G
1-PB2,1897,2,1102,0,2,1106,T
1-PB2,1898,0,1131,0,0,1131,T
1-PB2,1899,1,0,0,1128,1129,C
1-PB2,1900,1,1103,0,3,1107,T
1-PB2,1901,0,1,0,1120,1121,C
1-PB2,1902,0,1119,0,3,1122,T
1-PB2,1903,1,1113,0,0,1114,T
1-PB2,1904,0,0,0,1123,1123,C
1-PB2,1905,1103,0,2,0,1105,A
1-PB2,1906,0,0,0,1107,1107,C
1-PB2,1907,0,1056,0,0,1056,T
1-PB2,1908,0,0,1070,0,1070,G
1-PB2,1909,1054,1,0,0,1055,A
1-PB2,1910,0,0,0,1119,1119,C
1-PB2,1911,0,1099,0,1,1100,T
1-PB2,1912,0,0,1122,0,1122,G
1-PB2,1913,0,1100,0,1,1101,T
1-PB2,1914,0,0,1114,0,1114,G
1-PB2,1915,1111,0,3,0,1114,A
1-PB2,1916,1121,0,2,0,1123,A
1-PB2,1917,0,1095,0,3,1098,T
1-PB2,1918,0,0,1100,0,1100,G
1-PB2,1919,0,1049,0,0,1049,T
1-PB2,1920,1,0,1051,0,1052,G
1-PB2,1921,1029,0,1,1,1031,A
1-PB2,1922,0,0,1042,0,1042,G
1-PB2,1923,0,1,1038,1,1040,G
1-PB2,1924,1,0,1040,0,1041,G
1-PB2,1925,0,0,1089,0,1089,G
1-PB2,1926,1080,0,0,0,1080,A
1-PB2,1927,0,1075,0,0,1075,T
1-PB2,1928,0,2,0,1078,1080,C
1-PB2,1929,1082,0,2,0,1084,A
1-PB2,1930,1,1,1106,0,1108,G
1-PB2,1931,0,0,1104,0,1104,G
1-PB2,1932,0,0,1108,0,1108,G
1-PB2,1933,1102,0,0,0,1102,A
1-PB2,1934,0,1034,0,1,1035,T
1-PB2,1935,0,0,1042,0,1042,G
1-PB2,1936,1014,0,3,0,1017,A
1-PB2,1937,0,1,1064,0,1065,G
1-PB2,1938,1054,0,2,0,1056,A
1-PB2,1939,1050,0,1,0,1051,A
1-PB2,1940,0,1068,0,0,1068,T
1-PB2,1941,1055,0,1,0,1056,A
1-PB2,1942,0,0,0,1074,1074,C
1-PB2,1943,0,1052,0,3,1055,T
1-PB2,1944,0,1055,0,0,1055,T
1-PB2,1945,1,0,1062,0,1063,G
1-PB2,1946,0,1027,0,0,1027,T
1-PB2,1947,1025,0,0,0,1025,A
1-PB2,1948,1022,0,0,0,1022,A
1-PB2,1949,0,0,1011,0,1011,G
1-PB2,1950,0,0,1013,0,1013,G
1-PB2,1951,0,0,1000,0,1000,G
1-PB2,1952,1,1,985,0,987,G
1-PB2,1953,0,3,0,988,991,C
1-PB2,1954,981,0,1,0,982,A
1-PB2,1955,1002,0,0,0,1002,A
1-PB2,1956,0,1005,0,0,1005,T
1-PB2,1957,0,1004,0,1,1005,T
1-PB2,1958,0,0,0,1036,1036,C
1-PB2,1959,0,1014,1,2,1017,T
1-PB2,1960,0,1,0,1041,1042,C
1-PB2,1961,0,0,0,1042,1042,C
1-PB2,1962,1,1034,0,2,1037,T
1-PB2,1963,0,0,1079,0,1079,G
1-PB2,1964,0,1054,0,0,1054,T
1-PB2,1965,1062,0,0,0,1062,A
1-PB2,1966,0,1059,0,0,1059,T
1-PB2,1967,0,1034,0,0,1034,T
1-PB2,1968,0,0,0,1050,1050,C
1-PB2,1969,1036,0,0,0,1036,A
1-PB2,1970,1054,0,0,0,1054,A
1-PB2,1971,0,0,0,1051,1051,C
1-PB2,1972,0,1013,0,0,1013,T
1-PB2,1973,1019,0,2,0,1021,A
1-PB2,1974,1,0,0,1059,1060,C
1-PB2,1975,1060,0,2,0,1062,A
1-PB2,1976,1060,0,1,0,1061,A
1-PB2,1977,0,0,0,1058,1058,C
1-PB2,1978,1050,0,0,0,1050,A
1-PB2,1979,1037,0,1,0,1038,A
1-PB2,1980,0,0,1050,0,1050,G
1-PB2,1981,1048,1,0,0,1049,A
1-PB2,1982,0,0,0,1052,1052,C
1-PB2,1983,0,0,0,1008,1008,C
1-PB2,1984,1016,0,1,0,1017,A
1-PB2,1985,0,1,0,1058,1059,C
1-PB2,1986,0,1053,0,1,1054,T
1-PB2,1987,1055,0,0,0,1055,A
1-PB2,1988,1052,0,0,0,1052,A
1-PB2,1989,1049,0,0,0,1049,A
1-PB2,1990,1051,0,3,0,1054,A
1-PB2,1991,5,2,1067,0,1074,G
1-PB2,1992,1058,0,0,0,1058,A
1-PB2,1993,0,1,0,1063,1064,C
1-PB2,1994,0,1006,0,0,1006,T
1-PB2,1995,1011,0,0,0,1011,A
1-PB2,1996,1009,0,1,0,1010,A
1-PB2,1997,0,0,0,1010,1010,C
1-PB2,1998,1000,0,0,0,1000,A
1-PB2,1999,999,0,1,0,1000,A
1-PB2,2000,0,969,0,0,969,T
1-PB2,2001,0,968,0,0,968,T
1-PB2,2002,0,0,0,973,973,C
1-PB2,2003,0,948,0,0,948,T
1-PB2,2004,0,0,0,973,973,C
1-PB2,2005,0,1,968,0,969,G
1-PB2,2006,1,0,968,0,969,G
1-PB2,2007,974,0,0,0,974,A
1-PB2,2008,968,0,0,0,968,A
1-PB2,2009,970,0,0,1,971,A
1-PB2,2010,966,0,2,0,968,A
1-PB2,2011,0,0,974,0,974,G
1-PB2,2012,965,1,2,0,968,A
1-PB2,2013,1,966,0,1,968,T
1-PB2,2014,1,0,968,0,969,G
1-PB2,2015,0,0,0,963,963,C
1-PB2,2016,1,0,0,962,963,C
1-PB2,2017,0,0,966,0,966,G
1-PB2,2018,0,0,966,0,966,G
1-PB2,2019,0,0,0,976,976,C
1-PB2,2020,980,0,0,0,980,A
1-PB2,2021,0,0,0,990,990,C
1-PB2,2022,0,984,0,0,984,T
1-PB2,2023,0,985,0,3,988,T
1-PB2,2024,0,989,0,0,989,T
1-PB2,2025,991,0,0,0,991,A
1-PB2,2026,994,0,0,0,994,A
1-PB2,2027,0,994,0,0,994,T
1-PB2,2028,0,990,0,0,990,T
1-PB2,2029,0,0,989,0,989,G
1-PB2,2030,958,1,1,0,960,A
1-PB2,2031,952,0,0,1,953,A
1-PB2,2032,1,0,959,0,960,G
1-PB2,2033,974,0,0,0,974,A
1-PB2,2034,0,1,0,982,983,C
1-PB2,2035,0,1,0,971,972,C
1-PB2,2036,1,0,0,972,973,C
1-PB2,2037,971,0,1,0,972,A
1-PB2,2038,0,0,1008,0,1008,G
1-PB2,2039,1007,0,1,0,1008,A
1-PB2,2040,1,1010,0,0,1011,T
1-PB2,2041,0,0,1006,0,1006,G
1-PB2,2042,983,0,1,0,984,A
1-PB2,2043,978,0,0,0,978,A
1-PB2,2044,990,0,1,0,991,A
1-PB2,2045,0,0,1002,0,1002,G
1-PB2,2046,0,0,0,1004,1004,C
1-PB2,2047,984,0,0,0,984,A
1-PB2,2048,0,0,1,1003,1004,C
1-PB2,2049,1000,0,2,0,1002,A
1-PB2,2050,0,996,0,1,997,T
1-PB2,2051,0,0,0,1009,1009,C
1-PB2,2052,0,0,0,1012,1012,C
1-PB2,2053,3,1,1019,0,1023,G
1-PB2,2054,0,0,1030,0,1030,G
1-PB2,2055,1012,1,2,2,1017,A
1-PB2,2056,0,0,1040,0,1040,G
1-PB2,2057,0,1015,0,6,1021,T
1-PB2,2058,0,0,1017,0,1017,G
1-PB2,2059,0,1,1019,0,1020,G
1-PB2,2060,1002,0,1,0,1003,A
1-PB2,2061,3,0,1005,0,1008,G
1-PB2,2062,0,989,0,1,990,T
1-PB2,2063,0,0,0,986,986,C
1-PB2,2064,0,0,0,982,982,C
1-PB2,2065,1,0,983,0,984,G
1-PB2,2066,0,0,0,981,981,C
1-PB2,2067,3,0,0,978,981,C
1-PB2,2068,1,0,1014,0,1015,G
1-PB2,2069,0,1014,0,1,1015,T
1-PB2,2070,0,0,0,1029,1029,C
1-PB2,2071,0,1026,0,2,1028,T
1-PB2,2072,1,1026,0,0,1027,T
1-PB2,2073,0,0,1028,0,1028,G
1-PB2,2074,1016,0,2,0,1018,A
1-PB2,2075,0,0,1031,0,1031,G
1-PB2,2076,1010,0,1,0,1011,A
1-PB2,2077,0,0,993,0,993,G
1-PB2,2078,0,0,991,0,991,G
1-PB2,2079,0,0,984,0,984,G
1-PB2,2080,1,971,0,1,973,T
1-PB2,2081,1,971,0,1,973,T
1-PB2,2082,0,982,0,2,984,T
1-PB2,2083,0,0,0,982,982,C
1-PB2,2084,1,980,0,2,983,T
1-PB2,2085,0,0,0,1030,1030,C
1-PB2,2086,1031,0,1,0,1032,A
1-PB2,2087,0,1014,0,2,1016,T
1-PB2,2088,0,1012,0,0,1012,T
1-PB2,2089,1014,0,0,0,1014,A
1-PB2,2090,0,1013,0,0,1013,T
1-PB2,2091,1011,0,1,1,1013,A
1-PB2,2092,0,0,1017,0,1017,G
1-PB2,2093,0,0,1019,0,1019,G
1-PB2,2094,0,959,0,1,960,T
1-PB2,2095,964,0,0,0,964,A
1-PB2,2096,957,1,0,0,958,A
1-PB2,2097,0,1,965,0,966,G
1-PB2,2098,0,0,972,0,972,G
1-PB2,2099,967,0,0,0,967,A
1-PB2,2100,961,0,0,0,961,A
1-PB2,2101,1,0,958,0,959,G
1-PB2,2102,947,0,0,0,947,A
1-PB2,2103,0,0,0,953,953,C
1-PB2,2104,949,0,2,0,951,A
1-PB2,2105,1,0,957,0,958,G
1-PB2,2106,949,0,1,0,950,A
1-PB2,2107,945,0,2,0,947,A
1-PB2,2108,0,0,954,0,954,G
1-PB2,2109,948,1,0,0,949,A
1-PB2,2110,0,952,0,1,953,T
1-PB2,2111,952,0,1,0,953,A
1-PB2,2112,0,1,0,952,953,C
1-PB2,2113,2,0,940,0,942,G
1-PB2,2114,0,0,978,0,978,G
1-PB2,2115,977,0,1,0,978,A
1-PB2,2116,0,0,0,957,957,C
1-PB2,2117,0,0,0,967,967,C
1-PB2,2118,939,0,0,0,939,A
1-PB2,2119,1,0,994,0,995,G
1-PB2,2120,0,0,0,991,991,C
1-PB2,2121,994,0,0,0,994,A
1-PB2,2122,1,980,1,0,982,T
1-PB2,2123,0,937,0,1,938,T
1-PB2,2124,944,0,0,0,944,A
1-PB2,2125,940,0,1,0,941,A
1-PB2,2126,0,0,973,0,973,G
1-PB2,2127,0,1,0,970,971,C
1-PB2,2128,896,0,0,0,896,A
1-PB2,2129,0,883,0,1,884,T
1-PB2,2130,0,878,0,1,879,T
1-PB2,2131,937,0,0,0,937,A
1-PB2,2132,937,0,0,0,937,A
1-PB2,2133,0,939,0,0,939,T
1-PB2,2134,0,1,943,0,944,G
1-PB2,2135,925,0,2,0,927,A
1-PB2,2136,932,0,0,0,932,A
1-PB2,2137,0,0,0,939,939,C
1-PB2,2138,0,886,0,0,886,T
1-PB2,2139,0,0,932,0,932,G
1-PB2,2140,927,1,0,0,928,A
1-PB2,2141,0,0,925,0,925,G
1-PB2,2142,1,927,0,0,928,T
1-PB2,2143,921,0,0,0,921,A
1-PB2,2144,922,0,3,0,925,A
1-PB2,2145,0,0,0,924,924,C
1-PB2,2146,0,0,0,890,890,C
1-PB2,2147,0,881,1,1,883,T
1-PB2,2148,0,841,0,0,841,T
1-PB2,2149,0,0,843,0,843,G
1-PB2,2150,1,1,0,840,842,C
1-PB2,2151,840,0,0,0,840,A
1-PB2,2152,842,0,0,0,842,A
1-PB2,2153,828,0,0,0,828,A
1-PB2,2154,821,0,0,0,821,A
1-PB2,2155,0,1,824,0,825,G
1-PB2,2156,1,1,829,0,831,G
1-PB2,2157,0,0,833,0,833,G
1-PB2,2158,0,0,836,0,836,G
1-PB2,2159,835,0,0,0,835,A
1-PB2,2160,832,0,0,0,832,A
1-PB2,2161,833,0,0,0,833,A
1-PB2,2162,839,0,3,0,842,A
1-PB2,2163,0,0,867,0,867,G
1-PB2,2164,0,0,859,0,859,G
1-PB2,2165,0,0,0,857,857,C
1-PB2,2166,0,847,0,3,850,T
1-PB2,2167,846,0,0,0,846,A
1-PB2,2168,843,0,1,0,844,A
1-PB2,2169,0,844,0,1,845,T
1-PB2,2170,0,0,859,0,859,G
1-PB2,2171,0,821,0,1,822,T
1-PB2,2172,0,0,814,0,814,G
1-PB2,2173,0,0,0,810,810,C
1-PB2,2174,0,804,0,0,804,T
1-PB2,2175,803,0,1,0,804,A
1-PB2,2176,802,0,0,0,802,A
1-PB2,2177,0,793,0,0,793,T
1-PB2,2178,0,3,0,796,799,C
1-PB2,2179,0,1,779,0,780,G
1-PB2,2180,0,0,790,0,790,G
1-PB2,2181,1,0,789,0,790,G
1-PB2,2182,0,0,0,779,779,C
1-PB2,2183,794,0,0,0,794,A
1-PB2,2184,783,0,2,1,786,A
1-PB2,2185,1,0,796,0,797,G
1-PB2,2186,0,0,803,0,803,G
1-PB2,2187,796,1,2,0,799,A
1-PB2,2188,0,0,802,0,802,G
1-PB2,2189,772,0,1,1,774,A
1-PB2,2190,0,0,0,775,775,C
1-PB2,2191,0,0,777,0,777,G
1-PB2,2192,0,769,0,1,770,T
1-PB2,2193,1,2,762,0,765,G
1-PB2,2194,0,0,770,0,770,G
1-PB2,2195,0,751,0,0,751,T
1-PB2,2196,0,0,756,0,756,G
1-PB2,2197,0,732,0,0,732,T
1-PB2,2198,0,719,0,1,720,T
1-PB2,2199,1,0,722,0,723,G
1-PB2,2200,1,0,724,0,725,G
1-PB2,2201,0,721,0,0,721,T
1-PB2,2202,706,0,0,0,706,A
1-PB2,2203,687,1,0,0,688,A
1-PB2,2204,0,667,0,0,667,T
1-PB2,2205,0,0,649,0,649,G
1-PB2,2206,643,0,0,0,643,A
1-PB2,2207,633,0,0,0,633,A
1-PB2,2208,637,0,0,0,637,A
1-PB2,2209,0,0,0,629,629,C
1-PB2,2210,0,0,629,0,629,G
1-PB2,2211,625,0,0,0,625,A
1-PB2,2212,623,0,0,0,623,A
1-PB2,2213,623,0,0,0,623,A
1-PB2,2214,626,0,1,0,627,A
1-PB2,2215,0,0,0,628,628,C
1-PB2,2216,1,0,622,0,623,G
1-PB2,2217,0,0,624,0,624,G
1-PB2,2218,0,0,625,0,625,G
1-PB2,2219,624,0,2,0,626,A
1-PB2,2220,0,0,0,630,630,C
1-PB2,2221,0,616,0,1,617,T
1-PB2,2222,0,0,0,644,644,C
1-PB2,2223,1,641,0,0,642,T
1-PB2,2224,642,0,0,0,642,A
1-PB2,2225,1,0,641,0,642,G
1-PB2,2226,0,0,0,628,628,C
1-PB2,2227,630,0,1,0,631,A
1-PB2,2228,0,627,0,0,627,T
1-PB2,2229,591,0,1,0,592,A
1-PB2,2230,0,1,0,596,597,C
1-PB2,2231,0,491,0,0,491,T
1-PB2,2232,0,494,0,0,494,T
1-PB2,2233,489,0,0,0,489,A
1-PB2,2234,0,0,0,490,490,C
1-PB2,2235,0,484,0,1,485,T
1-PB2,2236,0,1,481,0,482,G
1-PB2,2237,464,0,1,0,465,A
1-PB2,2238,0,0,0,468,468,C
1-PB2,2239,380,0,0,0,380,A
1-PB2,2240,0,1,381,0,382,G
1-PB2,2241,0,0,0,380,380,C
1-PB2,2242,0,0,0,377,377,C
1-PB2,2243,373,0,1,0,374,A
1-PB2,2244,0,0,375,0,375,G
1-PB2,2245,370,0,0,0,370,A
1-PB2,2246,0,0,0,367,367,C
1-PB2,2247,321,0,0,0,321,A
1-PB2,2248,1,0,321,0,322,G
1-PB2,2249,0,0,0,289,289,C
1-PB2,2250,1,0,290,1,292,G
1-PB2,2251,290,0,1,0,291,A
1-PB2,2252,0,0,0,288,288,C
1-PB2,2253,0,0,0,290,290,C
1-PB2,2254,286,0,0,0,286,A
1-PB2,2255,286,0,0,0,286,A
1-PB2,2256,289,0,0,0,289,A
1-PB2,2257,285,0,1,0,286,A
1-PB2,2258,0,0,286,0,286,G
1-PB2,2259,261,0,0,0,261,A
1-PB2,2260,259,0,0,0,259,A
1-PB2,2261,0,256,0,0,256,T
1-PB2,2262,0,256,0,0,256,T
1-PB2,2263,0,0,0,257,257,C
1-PB2,2264,0,0,248,0,248,G
1-PB2,2265,0,0,247,0,247,G
1-PB2,2266,247,0,0,0,247,A
1-PB2,2267,0,235,0,0,235,T
1-PB2,2268,0,1,229,0,230,G
1-PB2,2269,0,0,232,0,232,G
1-PB2,2270,0,0,0,233,233,C
1-PB2,2271,0,0,0,232,232,C
1-PB2,2272,232,0,0,0,232,A
1-PB2,2273,0,229,0,0,229,T
1-PB2,2274,0,0,0,228,228,C
1-PB2,2275,230,0,1,0,231,A
1-PB2,2276,231,0,0,0,231,A
1-PB2,2277,0,228,0,0,228,T
1-PB2,2278,0,206,0,0,206,T
1-PB2,2279,194,0,0,0,194,A
1-PB2,2280,194,0,0,0,194,A
2-PB1,1,319,0,0,0,319,A
2-PB1,2,0,322,0,0,322,T
2-PB1,3,0,0,325,0,325,G
2-PB1,4,0,0,359,0,359,G
2-PB1,5,448,0,0,0,448,A
2-PB1,6,0,479,0,2,481,T
2-PB1,7,0,0,485,0,485,G
2-PB1,8,1,487,0,3,491,T
2-PB1,9,0,0,0,525,525,C
2-PB1,10,534,0,0,0,534,A
2-PB1,11,556,0,1,1,558,A
2-PB1,12,0,556,0,1,557,T
2-PB1,13,0,0,0,564,564,C
2-PB1,14,0,0,0,637,637,C
2-PB1,15,0,2,648,0,650,G
2-PB1,16,785,0,0,0,785,A
2-PB1,17,0,0,0,801,801,C
2-PB1,18,0,796,0,3,799,T
2-PB1,19,0,0,0,1025,1025,C
2-PB1,20,0,1026,0,3,1029,T
2-PB1,21,1038,0,0,0,1038,A
2-PB1,22,0,0,0,1038,1038,C
2-PB1,23,0,1037,0,2,1039,T
2-PB1,24,0,0,1181,0,1181,G
2-PB1,25,0,1190,0,2,1192,T
2-PB1,26,0,1191,0,1,1192,T
2-PB1,27,0,0,0,1189,1189,C
2-PB1,28,1,0,0,1189,1190,C
2-PB1,29,0,1384,0,0,1384,T
2-PB1,30,1405,0,0,0,1405,A
2-PB1,31,1404,0,2,0,1406,A
2-PB1,32,1416,1,0,0,1417,A
2-PB1,33,0,1,1429,0,1430,G
2-PB1,34,0,0,1452,0,1452,G
2-PB1,35,0,1462,0,1,1463,T
2-PB1,36,0,1466,0,1,1467,T
2-PB1,37,0,0,0,1471,1471,C
2-PB1,38,0,0,0,1466,1466,C
2-PB1,39,1464,0,0,0,1464,A
2-PB1,40,0,0,1487,0,1487,G
2-PB1,41,0,0,0,1484,1484,C
2-PB1,42,2,0,1490,0,1492,G
2-PB1,43,1,1,0,1500,1502,C
2-PB1,44,1501,0,2,0,1503,A
2-PB1,45,1506,0,2,0,1508,A
2-PB1,46,1504,0,0,0,1504,A
2-PB1,47,1524,0,3,0,1527,A
2-PB1,48,0,1537,0,0,1537,T
2-PB1,49,1,1,1634,0,1636,G
2-PB1,50,0,0,0,1647,1647,C
2-PB1,51,0,0,0,1662,1662,C
2-PB1,52,1661,1,3,0,1665,A
2-PB1,53,0,1667,0,2,1669,T
2-PB1,54,1812,0,0,0,1812,A
2-PB1,55,1820,0,0,0,1820,A
2-PB1,56,0,0,1945,0,1945,G
2-PB1,57,0,2,0,1945,1947,C
2-PB1,58,1943,0,1,0,1944,A
2-PB1,59,0,0,0,2048,2048,C
2-PB1,60,2052,0,1,0,2053,A
2-PB1,61,2177,0,2,0,2179,A
2-PB1,62,0,0,0,2192,2192,C
2-PB1,63,2173,0,1,0,2174,A
2-PB1,64,1,2192,0,3,2196,T
2-PB1,65,0,2175,0,2,2177,T
2-PB1,66,0,2,0,2929,2931,C
2-PB1,67,1,0,0,2936,2937,C
2-PB1,68,0,1,0,2946,2947,C
2-PB1,69,1,2954,1,4,2960,T
2-PB1,70,0,2950,0,5,2955,T
2-PB1,71,3150,0,0,0,3150,A
2-PB1,72,0,3165,0,0,3165,T
2-PB1,73,3179,0,0,0,3179,A
2-PB1,74,0,1,0,3219,3220,C
2-PB1,75,0,3133,0,7,3140,T
2-PB1,76,0,0,3197,0,3197,G
2-PB1,77,0,3,3201,0,3204,G
2-PB1,78,3192,0,7,0,3199,A
2-PB1,79,1,1,3219,0,3221,G
2-PB1,80,3196,1,2,0,3199,A
2-PB1,81,0,3202,0,4,3206,T
2-PB1,82,1,2,0,3399,3402,C
2-PB1,83,1,1,0,3421,3423,C
2-PB1,84,2,3402,0,4,3408,T
2-PB1,85,1,0,0,3611,3612,C
2-PB1,86,3,2,0,3609,3614,C
2-PB1,87,3648,2,0,0,3650,A
2-PB1,88,1,3649,0,1,3651,T
2-PB1,89,3649,1,2,0,3652,A
2-PB1,90,0,1,0,3668,3669,C
2-PB1,91,3625,2,3,1,3631,A
2-PB1,92,2,0,3780,0,3782,G
2-PB1,93,0,0,1,3798,3799,C
2-PB1,94,0,0,0,3775,3775,C
2-PB1,95,3783,0,2,0,3785,A
2-PB1,96,0,3780,0,2,3782,T
2-PB1,97,0,3,3790,0,3793,G
2-PB1,98,1,3,4033,0,4037,G
2-PB1,99,4057,0,10,0,4067,A
2-PB1,100,4088,0,4,0,4092,A
2-PB1,101,0,0,0,4158,4158,C
2-PB1,102,4119,1,5,1,4126,A
2-PB1,103,1,2,4321,0,4324,G
2-PB1,104,0,2,4407,0,4409,G
2-PB1,105,4403,0,1,0,4404,A
2-PB1,106,4445,0,7,0,4452,A
2-PB1,107,1,1,0,4486,4488,C
2-PB1,108,4446,0,5,0,4451,A
2-PB1,109,4,4,5185,0,5193,G
2-PB1,110,1,5,5161,0,5167,G
2-PB1,111,1,1,5231,0,5233,G
2-PB1,112,1,5192,0,13,5206,T
2-PB1,113,5168,2,6,1,5177,A
2-PB1,114,1,0,3,5198,5202,C
2-PB1,115,5335,0,6,1,5342,A
2-PB1,116,0,2,0,5469,5471,C
2-PB1,117,1,1,0,5443,5445,C
2-PB1,118,5326,0,2,0,5328,A
2-PB1,119,0,5330,0,6,5336,T
2-PB1,120,1,6,5331,1,5339,G
2-PB1,121,0,3,5364,0,5367,G
2-PB1,122,5366,1,8,1,5376,A
2-PB1,123,1,1,0,5394,5396,C
2-PB1,124,5223,0,3,0,5226,A
2-PB1,125,0,1,0,5358,5359,C
2-PB1,126,5279,1,4,1,5285,A
2-PB1,127,0,1,5473,0,5474,G
2-PB1,128,1,5434,1,10,5446,T
2-PB1,129,5,2,0,5693,5700,C
2-PB1,130,5684,1,4,0,5689,A
2-PB1,131,5739,0,7,0,5746,A
2-PB1,132,0,0,0,5757,5757,C
2-PB1,133,5716,1,3,0,5720,A
2-PB1,134,2,3,5797,0,5802,G
2-PB1,135,5702,0,6,0,5708,A
2-PB1,136,5705,0,9,0,5714,A
2-PB1,137,0,3,0,5693,5696,C
2-PB1,138,5537,0,6,0,5543,A
2-PB1,139,1,5,0,5707,5713,C
2-PB1,140,5678,0,2,5,5685,A
2-PB1,141,1,0,0,5850,5851,C
2-PB1,142,0,1,0,5827,5828,C
2-PB1,143,5803,2,1,0,5806,A
2-PB1,144,5842,1,3,4,5850,A
2-PB1,145,0,5842,0,1,5843,T
2-PB1,146,6053,1,0,0,6054,A
2-PB1,147,0,6039,0,0,6039,T
2-PB1,148,0,5931,1,2,5934,T
2-PB1,149,0,1,0,5942,5943,C
2-PB1,150,5800,1,5,0,5806,A
2-PB1,151,0,2,5843,0,5845,G
2-PB1,152,5787,0,3,1,5791,A
2-PB1,153,0,1,5859,0,5860,G
2-PB1,154,5795,0,1,0,5796,A
2-PB1,155,5710,0,6,0,5716,A
2-PB1,156,4,5,5701,0,5710,G
2-PB1,157,3,5,5791,0,5799,G
2-PB1,158,2,2,5802,1,5807,G
2-PB1,159,1,1,5849,0,5851,G
2-PB1,160,5795,2,7,0,5804,A
2-PB1,161,5806,2,5,0,5813,A
2-PB1,162,6,0,5861,0,5867,G
2-PB1,163,1,5841,0,8,5850,T
2-PB1,164,0,6,5837,0,5843,G
2-PB1,165,2,2,5812,0,5816,G
2-PB1,166,5790,0,14,0,5804,A
2-PB1,167,0,3,0,5824,5827,C
2-PB1,168,2,1,5809,0,5812,G
2-PB1,169,5872,0,8,0,5880,A
2-PB1,170,2,1,0,5891,5894,C
2-PB1,171,5863,0,2,1,5866,A
2-PB1,172,5866,0,4,1,5871,A
2-PB1,173,5900,2,4,0,5906,A
2-PB1,174,0,5959,0,0,5959,T
2-PB1,175,5996,0,1,1,5998,A
2-PB1,176,0,4,1,5998,6003,C
2-PB1,177,5883,0,13,1,5897,A
2-PB1,178,3,1,5901,0,5905,G
2-PB1,179,5857,0,4,0,5861,A
2-PB1,180,5908,1,2,0,5911,A
2-PB1,181,5921,3,3,0,5927,A
2-PB1,182,0,2,0,5963,5965,C
2-PB1,183,2,5832,0,1,5835,T
2-PB1,184,3,3,5838,0,5844,G
2-PB1,185,4,6,5820,0,5830,G
2-PB1,186,1,1,5801,0,5803,G
2-PB1,187,6,3,5814,0,5823,G
2-PB1,188,1,4,1,5817,5823,C
2-PB1,189,5820,0,7,0,5827,A
2-PB1,190,4,2,0,6047,6053,C
2-PB1,191,3,3,1,6004,6011,C
2-PB1,192,5,2,0,6016,6023,C
2-PB1,193,1,0,0,6029,6030,C
2-PB1,194,6057,0,2,0,6059,A
2-PB1,195,6116,0,4,0,6120,A
2-PB1,196,0,2,0,6105,6107,C
2-PB1,197,0,6062,0,14,6076,T
2-PB1,198,2,0,0,6092,6094,C
2-PB1,199,5788,0,6,0,5794,A
2-PB1,200,5920,1,3,0,5924,A
2-PB1,201,0,3,0,5897,5900,C
2-PB1,202,2,3,1,5858,5864,C
2-PB1,203,3,1,0,5845,5849,C
2-PB1,204,5705,0,6,0,5711,A
2-PB1,205,5739,1,2,0,5742,A
2-PB1,206,2,5754,0,0,5756,T
2-PB1,207,0,5720,1,1,5722,T
2-PB1,208,1,1,5746,0,5748,G
2-PB1,209,5682,0,4,1,5687,A
2-PB1,210,2,5676,1,7,5686,T
2-PB1,211,5,2,5650,0,5657,G
2-PB1,212,0,1,5757,0,5758,G
2-PB1,213,5804,2,8,1,5815,A
2-PB1,214,1,1,0,5885,5887,C
2-PB1,215,2,1,0,5880,5883,C
2-PB1,216,5857,1,4,1,5863,A
2-PB1,217,0,3,0,5994,5997,C
2-PB1,218,0,5966,0,1,5967,T
2-PB1,219,6040,1,11,0,6052,A
2-PB1,220,0,1,1,6085,6087,C
2-PB1,221,4,2,0,6026,6032,C
2-PB1,222,0,5900,1,7,5908,T
2-PB1,223,1,1,5935,0,5937,G
2-PB1,224,5878,1,7,0,5886,A
2-PB1,225,2,5,5931,0,5938,G
2-PB1,226,0,2,5918,0,5920,G
2-PB1,227,5881,1,1,2,5885,A
2-PB1,228,0,5870,0,2,5872,T
2-PB1,229,5750,0,3,0,5753,A
2-PB1,230,5745,1,9,1,5756,A
2-PB1,231,0,5746,0,1,5747,T
2-PB1,232,1,6,5737,0,5744,G
2-PB1,233,5720,2,7,1,5730,A
2-PB1,234,5678,0,11,0,5689,A
2-PB1,235,0,0,1,5681,5682,C
2-PB1,236,3,2,1,5574,5580,C
2-PB1,237,5617,0,1,0,5618,A
2-PB1,238,5610,0,6,0,5616,A
2-PB1,239,2,0,5655,0,5657,G
2-PB1,240,0,5651,0,1,5652,T
2-PB1,241,0,4,5628,0,5632,G
2-PB1,242,1,1,5684,0,5686,G
2-PB1,243,5664,2,10,0,5676,A
2-PB1,244,0,5652,0,1,5653,T
2-PB1,245,5691,0,1,0,5692,A
2-PB1,246,0,5795,0,5,5800,T
2-PB1,247,6,0,5834,0,5840,G
2-PB1,248,1,6,0,5824,5831,C
2-PB1,249,5805,0,8,0,5813,A
2-PB1,250,1,1,0,6010,6012,C
2-PB1,251,5784,1,2,0,5787,A
2-PB1,252,5904,1,3,0,5908,A
2-PB1,253,5903,0,4,0,5907,A
2-PB1,254,0,1,0,5923,5924,C
2-PB1,255,5716,0,4,0,5720,A
2-PB1,256,1,2,5812,1,5816,G
2-PB1,257,5744,2,9,1,5756,A
2-PB1,258,0,2,0,5800,5802,C
2-PB1,259,1,5490,0,10,5501,T
2-PB1,260,2,0,5746,0,5748,G
2-PB1,261,0,5628,0,8,5636,T
2-PB1,262,0,0,5919,0,5919,G
2-PB1,263,2,5895,0,8,5905,T
2-PB1,264,5,0,1,5904,5910,C
2-PB1,265,1,2,0,5913,5916,C
2-PB1,266,0,5815,0,4,5819,T
2-PB1,267,2,1,5795,0,5798,G
2-PB1,268,0,1,5806,0,5807,G
2-PB1,269,5676,0,3,1,5680,A
2-PB1,270,2,2,5775,1,5780,G
2-PB1,271,2,1,5540,0,5543,G
2-PB1,272,1,3,0,5548,5552,C
2-PB1,273,0,5469,0,11,5480,T
2-PB1,274,5488,0,2,0,5490,A
2-PB1,275,1,5484,2,11,5498,T
2-PB1,276,1,1,5473,0,5475,G
2-PB1,277,2,0,5457,1,5460,G
2-PB1,278,2,3,2,5431,5438,C
2-PB1,279,0,4,0,5312,5316,C
2-PB1,280,0,5192,1,6,5199,T
2-PB1,281,1,5370,0,3,5374,T
2-PB1,282,2,0,0,5384,5386,C
2-PB1,283,1,2,1,5383,5387,C
2-PB1,284,0,5387,0,4,5391,T
2-PB1,285,1,5367,0,4,5372,T
2-PB1,286,1,3,5390,0,5394,G
2-PB1,287,5381,1,1,1,5384,A
2-PB1,288,5387,1,6,0,5394,A
2-PB1,289,0,2,5404,1,5407,G
2-PB1,290,5061,0,6,0,5067,A
2-PB1,291,5126,2,6,0,5134,A
2-PB1,292,0,5112,1,3,5116,T
2-PB1,293,1,0,1,5131,5133,C
2-PB1,294,0,0,1,5114,5115,C
2-PB1,295,1,4,0,5081,5086,C
2-PB1,296,5075,0,5,0,5080,A
2-PB1,297,0,1,1,5093,5095,C
2-PB1,298,1,2,0,5088,5091,C
2-PB1,299,1,4,0,5118,5123,C
2-PB1,300,5058,1,5,1,5065,A
2-PB1,301,2,1,5145,0,5148,G
2-PB1,302,1,0,5162,1,5164,G
2-PB1,303,0,5148,0,7,5155,T
2-PB1,304,5179,0,2,0,5181,A
2-PB1,305,0,5145,1,3,5149,T
2-PB1,306,2,1,0,5158,5161,C
2-PB1,307,2,5120,0,9,5131,T
2-PB1,308,0,5109,1,5,5115,T
2-PB1,309,0,5065,0,5,5070,T
2-PB1,310,0,2,5034,1,5037,G
2-PB1,311,4973,0,11,0,4984,A
2-PB1,312,4,0,4990,0,4994,G
2-PB1,313,4893,0,10,0,4903,A
2-PB1,314,4937,0,1,0,4938,A
2-PB1,315,0,1,0,4979,4980,C
2-PB1,316,2,4851,0,17,4870,T
2-PB1,317,1,0,0,4886,4887,C
2-PB1,318,4884,1,1,0,4886,A
2-PB1,319,1,4883,0,3,4887,T
2-PB1,320,3,0,4884,0,4887,G
2-PB1,321,2,1,0,5009,5012,C
2-PB1,322,1,1,0,4999,5001,C
2-PB1,323,0,4953,0,9,4962,T
2-PB1,324,0,4868,0,3,4871,T
2-PB1,325,3,1,4872,0,4876,G
2-PB1,326,4907,0,3,0,4910,A
2-PB1,327,4910,0,4,1,4915,A
2-PB1,328,4903,0,10,0,4913,A
2-PB1,329,0,0,0,4969,4969,C
2-PB1,330,4693,0,0,0,4693,A
2-PB1,331,4722,0,2,0,4724,A
2-PB1,332,0,4730,0,5,4735,T
2-PB1,333,4,1,4706,0,4711,G
2-PB1,334,4,1,4700,0,4705,G
2-PB1,335,4629,0,9,0,4638,A
2-PB1,336,4633,0,7,1,4641,A
2-PB1,337,0,1,4654,0,4655,G
2-PB1,338,2,2,0,4693,4697,C
2-PB1,339,1,1,0,4615,4617,C
2-PB1,340,2,0,4722,0,4724,G
2-PB1,341,3,4682,0,4,4689,T
2-PB1,342,2,4694,1,1,4698,T
2-PB1,343,2,1,1,4758,4762,C
2-PB1,344,4765,0,5,0,4770,A
2-PB1,345,4834,1,7,0,4842,A
2-PB1,346,0,0,0,4841,4841,C
2-PB1,347,4819,0,7,1,4827,A
2-PB1,348,0,1,4892,0,4893,G
2-PB1,349,4722,0,16,0,4738,A
2-PB1,350,0,0,0,4747,4747,C
2-PB1,351,4733,1,0,0,4734,A
2-PB1,352,4735,0,16,0,4751,A
2-PB1,353,1,3,4806,0,4810,G
2-PB1,354,1,0,4731,0,4732,G
2-PB1,355,2,0,4737,0,4739,G
2-PB1,356,0,4575,0,3,4578,T
2-PB1,357,0,0,4576,0,4576,G
2-PB1,358,1,2,4565,0,4568,G
2-PB1,359,4569,1,11,0,4581,A
2-PB1,360,0,0,0,4583,4583,C
2-PB1,361,4488,1,0,0,4489,A
2-PB1,362,4583,0,4,0,4587,A
2-PB1,363,4577,0,4,1,4582,A
2-PB1,364,0,0,0,4594,4594,C
2-PB1,365,2,4503,1,2,4508,T
2-PB1,366,4471,0,1,0,4472,A
2-PB1,367,4485,1,8,0,4494,A
2-PB1,368,2,0,0,4497,4499,C
2-PB1,369,0,1,0,4485,4486,C
2-PB1,370,1,0,1,4473,4475,C
2-PB1,371,4240,0,3,0,4243,A
2-PB1,372,4248,0,1,0,4249,A
2-PB1,373,0,1,4238,0,4239,G
2-PB1,374,0,0,4252,0,4252,G
2-PB1,375,0,4224,0,5,4229,T
2-PB1,376,3,1,0,4213,4217,C
2-PB1,377,0,1,4214,1,4216,G
2-PB1,378,2,2,0,4203,4207,C
2-PB1,379,3,1,0,4226,4230,C
2-PB1,380,4222,0,3,1,4226,A
2-PB1,381,2,2,4307,0,4311,G
2-PB1,382,4343,1,11,1,4356,A
2-PB1,383,0,1,0,4367,4368,C
2-PB1,384,0,4313,0,2,4315,T
2-PB1,385,1,4304,2,1,4308,T
2-PB1,386,4299,0,8,0,4307,A
2-PB1,387,0,4324,0,0,4324,T
2-PB1,388,0,0,4329,0,4329,G
2-PB1,389,4288,0,2,1,4291,A
2-PB1,390,0,4198,0,1,4199,T
2-PB1,391,0,4047,0,2,4049,T
2-PB1,392,1,0,4054,1,4056,G
2-PB1,393,1,1,4052,0,4054,G
2-PB1,394,4091,1,7,0,4099,A
2-PB1,395,0,2,0,4101,4103,C
2-PB1,396,4047,0,0,0,4047,A
2-PB1,397,0,4015,0,1,4016,T
2-PB1,398,0,4057,1,1,4059,T
2-PB1,399,4069,2,2,0,4073,A
2-PB1,400,4055,0,4,0,4059,A
2-PB1,401,4074,1,2,0,4077,A
2-PB1,402,0,0,0,4078,4078,C
2-PB1,403,3977,1,4,2,3984,A
2-PB1,404,1,0,4015,0,4016,G
2-PB1,405,3965,1,4,0,3970,A
2-PB1,406,3979,1,5,0,3985,A
2-PB1,407,3983,0,2,1,3986,A
2-PB1,408,0,3929,0,2,3931,T
2-PB1,409,0,2,1,3972,3975,C
2-PB1,410,3928,0,3,1,3932,A
2-PB1,411,3941,0,2,0,3943,A
2-PB1,412,0,1,0,3966,3967,C
2-PB1,413,0,1,0,3934,3935,C
2-PB1,414,2,2,3936,0,3940,G
2-PB1,415,2,0,3939,0,3941,G
2-PB1,416,0,0,0,3957,3957,C
2-PB1,417,3946,0,5,0,3951,A
2-PB1,418,2,1,3978,0,3981,G
2-PB1,419,0,2,0,3998,4000,C
2-PB1,420,3999,1,4,0,4004,A
2-PB1,421,4015,0,4,1,4020,A
2-PB1,422,0,0,0,4039,4039,C
2-PB1,423,0,3999,1,5,4005,T
2-PB1,424,4,0,4159,0,4163,G
2-PB1,425,1,2,0,4169,4172,C
2-PB1,426,4173,0,1,0,4174,A
2-PB1,427,0,4141,0,4,4145,T
2-PB1,428,1,4021,0,1,4023,T
2-PB1,429,4262,0,8,0,4270,A
2-PB1,430,2,0,4283,0,4285,G
2-PB1,431,2,6,0,4248,4256,C
2-PB1,432,0,0,1,4249,4250,C
2-PB1,433,3987,0,6,1,3994,A
2-PB1,434,4013,0,4,0,4017,A
2-PB1,435,0,0,0,4029,4029,C
2-PB1,436,4038,0,2,0,4040,A
2-PB1,437,1,2,0,4198,4201,C
2-PB1,438,2,1,0,3904,3907,C
2-PB1,439,3881,0,12,0,3893,A
2-PB1,440,1,3870,0,2,3873,T
2-PB1,441,3880,2,1,0,3883,A
2-PB1,442,1,0,3907,0,3908,G
2-PB1,443,3855,0,0,0,3855,A
2-PB1,444,3809,0,1,1,3811,A
2-PB1,445,0,0,3872,0,3872,G
2-PB1,446,0,3587,1,4,3592,T
2-PB1,447,0,3573,0,2,3575,T
2-PB1,448,1,3581,0,0,3582,T
2-PB1,449,0,3575,3,2,3580,T
2-PB1,450,0,3587,0,5,3592,T
2-PB1,451,3585,0,4,0,3589,A
2-PB1,452,0,0,3605,0,3605,G
2-PB1,453,3557,0,3,0,3560,A
2-PB1,454,0,3554,0,2,3556,T
2-PB1,455,1,0,0,3514,3515,C
2-PB1,456,0,0,3540,1,3541,G
2-PB1,457,3525,0,2,0,3527,A
2-PB1,458,3529,1,1,0,3531,A
2-PB1,459,1,2,0,3566,3569,C
2-PB1,460,2,1,3570,0,3573,G
2-PB1,461,2,0,3755,1,3758,G
2-PB1,462,3731,0,4,1,3736,A
2-PB1,463,1,3719,0,2,3722,T
2-PB1,464,1,3723,0,2,3726,T
2-PB1,465,3728,4,4,0,3736,A
2-PB1,466,3730,3,4,0,3737,A
2-PB1,467,0,0,0,3783,3783,C
2-PB1,468,3749,0,6,1,3756,A
2-PB1,469,1,0,3788,0,3789,G
2-PB1,470,0,0,0,3556,3556,C
2-PB1,471,1,3549,0,3,3553,T
2-PB1,472,3552,0,3,0,3555,A
2-PB1,473,3561,1,2,2,3566,A
2-PB1,474,0,3566,0,0,3566,T
2-PB1,475,1,4,3597,0,3602,G
2-PB1,476,3575,0,1,0,3576,A
2-PB1,477,3585,0,1,0,3586,A
2-PB1,478,0,3502,0,0,3502,T
2-PB1,479,0,1,0,3505,3506,C
2-PB1,480,3479,2,8,1,3490,A
2-PB1,481,0,0,3481,1,3482,G
2-PB1,482,0,0,3485,0,3485,G
2-PB1,483,3470,0,1,0,3471,A
2-PB1,484,3414,1,6,0,3421,A
2-PB1,485,2,1,3672,0,3675,G
2-PB1,486,1,0,3683,0,3684,G
2-PB1,487,0,0,0,3690,3690,C
2-PB1,488,0,3668,0,6,3674,T
2-PB1,489,3675,0,3,0,3678,A
2-PB1,490,3682,0,7,1,3690,A
2-PB1,491,0,3694,0,1,3695,T
2-PB1,492,3697,0,1,0,3698,A
2-PB1,493,2,0,3706,0,3708,G
2-PB1,494,3411,0,3,0,3414,A
2-PB1,495,1,3374,0,5,3380,T
2-PB1,496,1,3327,0,3,3331,T
2-PB1,497,2,3302,0,3,3307,T
2-PB1,498,2,1,1,3428,3432,C
2-PB1,499,1,3,0,3424,3428,C
2-PB1,500,1,3403,0,8,3412,T
2-PB1,501,0,1,0,3435,3436,C
2-PB1,502,3416,1,2,5,3424,A
2-PB1,503,3447,0,0,0,3447,A
2-PB1,504,4,1,3463,1,3469,G
2-PB1,505,1,1,3526,0,3528,G
2-PB1,506,3503,0,0,0,3503,A
2-PB1,507,0,3365,0,2,3367,T
2-PB1,508,0,0,3419,0,3419,G
2-PB1,509,0,3403,0,5,3408,T
2-PB1,510,2,2,3442,0,3446,G
2-PB1,511,3439,1,3,0,3443,A
2-PB1,512,1,3429,0,0,3430,T
2-PB1,513,2,0,3430,0,3432,G
2-PB1,514,0,0,3416,0,3416,G
2-PB1,515,3397,0,3,0,3400,A
2-PB1,516,3392,0,17,0,3409,A
2-PB1,517,0,3368,0,0,3368,T
2-PB1,518,1,1,0,3376,3378,C
2-PB1,519,3347,0,0,0,3347,A
2-PB1,520,3342,0,1,0,3343,A
2-PB1,521,0,3333,0,0,3333,T
2-PB1,522,0,2,3378,0,3380,G
2-PB1,523,0,0,3396,0,3396,G
2-PB1,524,3369,1,7,0,3377,A
2-PB1,525,0,3379,1,1,3381,T
2-PB1,526,3377,0,1,1,3379,A
2-PB1,527,3388,0,1,1,3390,A
2-PB1,528,3380,1,4,1,3386,A
2-PB1,529,3,3,3455,0,3461,G
2-PB1,530,3408,0,5,0,3413,A
2-PB1,531,0,0,3428,0,3428,G
2-PB1,532,0,0,3432,0,3432,G
2-PB1,533,3413,0,2,0,3415,A
2-PB1,534,3420,0,2,0,3422,A
2-PB1,535,3440,0,4,0,3444,A
2-PB1,536,0,3445,0,1,3446,T
2-PB1,537,0,3,3526,0,3529,G
2-PB1,538,1,2,3525,0,3528,G
2-PB1,539,3470,1,8,0,3479,A
2-PB1,540,0,0,3531,0,3531,G
2-PB1,541,3494,2,4,0,3500,A
2-PB1,542,0,3570,0,1,3571,T
2-PB1,543,3569,0,5,0,3574,A
2-PB1,544,3616,0,10,1,3627,A
2-PB1,545,0,1,0,3625,3626,C
2-PB1,546,3564,0,3,0,3567,A
2-PB1,547,3586,0,2,0,3588,A
2-PB1,548,0,2,0,3571,3573,C
2-PB1,549,3533,0,5,1,3539,A
2-PB1,550,2,1,0,3547,3550,C
2-PB1,551,3431,1,3,1,3436,A
2-PB1,552,0,1,0,3479,3480,C
2-PB1,553,0,3395,0,5,3400,T
2-PB1,554,0,3379,1,0,3380,T
2-PB1,555,0,3379,0,1,3380,T
2-PB1,556,2,1,0,3385,3388,C
2-PB1,557,3396,0,2,0,3398,A
2-PB1,558,3396,1,3,0,3400,A
2-PB1,559,3397,0,3,0,3400,A
2-PB1,560,0,1,3483,0,3484,G
2-PB1,561,3434,1,2,0,3437,A
2-PB1,562,3443,0,1,1,3445,A
2-PB1,563,3453,0,2,0,3455,A
2-PB1,564,3459,0,2,0,3461,A
2-PB1,565,3459,0,10,0,3469,A
2-PB1,566,1,1,3523,0,3525,G
2-PB1,567,0,3,3522,0,3525,G
2-PB1,568,3465,0,6,0,3471,A
2-PB1,569,0,0,3578,0,3578,G
2-PB1,570,3546,1,7,0,3554,A
2-PB1,571,2,0,3712,0,3714,G
2-PB1,572,0,3691,1,2,3694,T
2-PB1,573,3697,0,4,0,3701,A
2-PB1,574,3704,0,9,1,3714,A
2-PB1,575,6,0,3712,0,3718,G
2-PB1,576,3,1,3775,0,3779,G
2-PB1,577,0,1,3760,0,3761,G
2-PB1,578,3706,1,8,0,3715,A
2-PB1,579,0,1,0,3741,3742,C
2-PB1,580,3632,0,4,1,3637,A
2-PB1,581,3645,2,10,0,3657,A
2-PB1,582,0,0,0,3653,3653,C
2-PB1,583,3634,0,4,0,3638,A
2-PB1,584,1,3494,0,1,3496,T
2-PB1,585,0,2,3390,0,3392,G
2-PB1,586,3363,0,14,0,3377,A
2-PB1,587,0,1,0,3374,3375,C
2-PB1,588,3,4,0,3282,3289,C
2-PB1,589,3281,1,2,0,3284,A
2-PB1,590,3282,1,5,0,3288,A
2-PB1,591,0,0,3303,0,3303,G
2-PB1,592,3299,1,2,0,3302,A
2-PB1,593,3290,0,1,0,3291,A
2-PB1,594,3291,0,5,0,3296,A
2-PB1,595,3296,1,0,0,3297,A
2-PB1,596,0,3303,0,0,3303,T
2-PB1,597,0,0,3315,0,3315,G
2-PB1,598,0,0,3312,0,3312,G
2-PB1,599,1,3257,0,3,3261,T
2-PB1,600,2,0,0,3236,3238,C
2-PB1,601,3250,0,7,0,3257,A
2-PB1,602,0,2,0,3394,3396,C
2-PB1,603,3446,1,2,0,3449,A
2-PB1,604,1,0,0,3460,3461,C
2-PB1,605,3429,0,1,0,3430,A
2-PB1,606,3488,0,1,1,3490,A
2-PB1,607,3467,0,1,0,3468,A
2-PB1,608,0,0,3742,0,3742,G
2-PB1,609,3704,1,4,0,3709,A
2-PB1,610,3742,0,5,0,3747,A
2-PB1,611,1,1,0,3840,3842,C
2-PB1,612,3741,0,5,0,3746,A
2-PB1,613,3767,0,3,0,3770,A
2-PB1,614,1,3748,0,2,3751,T
2-PB1,615,3716,0,4,0,3720,A
2-PB1,616,1,5,3736,0,3742,G
2-PB1,617,2,0,3620,1,3623,G
2-PB1,618,0,1,3623,0,3624,G
2-PB1,619,3598,0,0,1,3599,A
2-PB1,620,3566,0,9,0,3575,A
2-PB1,621,1,1,3617,0,3619,G
2-PB1,622,3586,0,1,0,3587,A
2-PB1,623,3602,0,1,0,3603,A
2-PB1,624,3601,0,6,0,3607,A
2-PB1,625,3621,0,6,2,3629,A
2-PB1,626,3686,0,1,0,3687,A
2-PB1,627,3699,0,6,0,3705,A
2-PB1,628,0,1,0,3715,3716,C
2-PB1,629,3712,0,1,1,3714,A
2-PB1,630,3704,0,3,0,3707,A
2-PB1,631,3683,1,6,1,3691,A
2-PB1,632,0,0,3900,0,3900,G
2-PB1,633,3877,0,5,0,3882,A
2-PB1,634,0,0,4094,0,4094,G
2-PB1,635,1,4038,0,0,4039,T
2-PB1,636,1,1,4580,0,4582,G
2-PB1,637,4571,0,6,2,4579,A
2-PB1,638,4578,1,10,0,4589,A
2-PB1,639,0,4664,1,3,4668,T
2-PB1,640,4674,0,0,0,4674,A
2-PB1,641,4635,0,9,0,4644,A
2-PB1,642,23,1,4633,0,4657,G
2-PB1,643,4516,1,17,1,4535,A
2-PB1,644,2,1,4581,0,4584,G
2-PB1,645,4338,1,3,0,4342,A
2-PB1,646,1,0,4413,0,4414,G
2-PB1,647,3,2,4401,0,4406,G
2-PB1,648,1,1,0,4380,4382,C
2-PB1,649,0,4360,0,4,4364,T
2-PB1,650,4491,1,2,1,4495,A
2-PB1,651,0,0,0,4686,4686,C
2-PB1,652,2,2,0,4705,4709,C
2-PB1,653,2,4721,0,7,4730,T
2-PB1,654,4898,1,3,0,4902,A
2-PB1,655,4875,0,1,1,4877,A
2-PB1,656,1,4890,0,2,4893,T
2-PB1,657,4885,0,2,0,4887,A
2-PB1,658,4868,0,5,0,4873,A
2-PB1,659,0,0,4900,0,4900,G
2-PB1,660,4739,0,6,0,4745,A
2-PB1,661,0,1,4855,0,4856,G
2-PB1,662,0,0,0,4875,4875,C
2-PB1,663,1,4706,3,4,4714,T
2-PB1,664,0,4720,0,4,4724,T
2-PB1,665,0,4733,0,2,4735,T
2-PB1,666,1,2,4736,0,4739,G
2-PB1,667,4810,1,5,0,4816,A
2-PB1,668,0,2,0,4841,4843,C
2-PB1,669,4818,1,3,0,4822,A
2-PB1,670,1,4783,0,11,4795,T
2-PB1,671,0,4738,0,7,4745,T
2-PB1,672,3,3,4876,2,4884,G
2-PB1,673,4871,0,7,0,4878,A
2-PB1,674,4879,2,13,0,4894,A
2-PB1,675,0,1,0,4907,4908,C
2-PB1,676,4868,1,3,0,4872,A
2-PB1,677,0,1,0,4861,4862,C
2-PB1,678,2,3,4867,0,4872,G
2-PB1,679,4859,0,7,1,4867,A
2-PB1,680,0,4867,0,4,4871,T
2-PB1,681,1,2,5003,0,5006,G
2-PB1,682,5014,1,5,1,5021,A
2-PB1,683,1,4,0,5111,5116,C
2-PB1,684,1,1,0,5105,5107,C
2-PB1,685,5112,1,4,0,5117,A
2-PB1,686,5166,1,7,0,5174,A
2-PB1,687,5029,2,142,1,5174,A
2-PB1,688,1,2,5467,0,5470,G
2-PB1,689,5536,2,7,0,5545,A
2-PB1,690,0,5465,0,4,5469,T
2-PB1,691,2,2,5477,0,5481,G
2-PB1,692,2,1,1,5447,5451,C
2-PB1,693,5407,1,8,0,5416,A
2-PB1,694,1,0,5473,0,5474,G
2-PB1,695,5335,2,12,2,5351,A
2-PB1,696,2,1,5400,0,5403,G
2-PB1,697,5250,2,6,0,5258,A
2-PB1,698,0,1,5286,0,5287,G
2-PB1,699,5234,3,9,0,5246,A
2-PB1,700,0,1,5262,0,5263,G
2-PB1,701,1,0,5250,0,5251,G
2-PB1,702,2,1,0,5250,5253,C
2-PB1,703,5186,0,1,0,5187,A
2-PB1,704,5185,0,3,0,5188,A
2-PB1,705,4,0,5152,0,5156,G
2-PB1,706,2,5346,2,4,5354,T
2-PB1,707,0,5360,0,1,5361,T
2-PB1,708,5371,2,7,0,5380,A
2-PB1,709,5375,0,4,0,5379,A
2-PB1,710,5379,0,7,0,5386,A
2-PB1,711,5418,1,1,0,5420,A
2-PB1,712,5420,0,4,0,5424,A
2-PB1,713,2,0,5437,0,5439,G
2-PB1,714,5235,2,3,0,5240,A
2-PB1,715,5180,2,13,1,5196,A
2-PB1,716,0,6,5411,0,5417,G
2-PB1,717,2,3,5534,0,5539,G
2-PB1,718,6,0,5579,0,5585,G
2-PB1,719,0,2,0,5617,5619,C
2-PB1,720,0,5604,0,7,5611,T
2-PB1,721,5671,0,4,0,5675,A
2-PB1,722,0,5764,0,10,5774,T
2-PB1,723,1,5738,0,8,5747,T
2-PB1,724,0,1,5776,0,5777,G
2-PB1,725,1,2,0,5717,5720,C
2-PB1,726,5582,1,9,1,5593,A
2-PB1,727,5584,0,13,1,5598,A
2-PB1,728,2,1,0,5582,5585,C
2-PB1,729,5572,0,11,0,5583,A
2-PB1,730,4,1,0,5576,5581,C
2-PB1,731,2,2,0,5438,5442,C
2-PB1,732,2,2,0,5443,5447,C
2-PB1,733,5,4,5372,1,5382,G
2-PB1,734,0,1,5406,0,5407,G
2-PB1,735,0,1,5407,0,5408,G
2-PB1,736,5409,1,3,0,5413,A
2-PB1,737,0,5403,0,6,5409,T
2-PB1,738,2,1,5448,0,5451,G
2-PB1,739,0,2,0,5425,5427,C
2-PB1,740,5547,0,4,0,5551,A
2-PB1,741,5655,0,1,0,5656,A
2-PB1,742,5737,0,1,2,5740,A
2-PB1,743,0,5735,0,1,5736,T
2-PB1,744,0,5734,2,1,5737,T
2-PB1,745,5710,0,1,0,5711,A
2-PB1,746,2,2,5709,0,5713,G
2-PB1,747,5648,0,16,0,5664,A
2-PB1,748,1,2,5788,0,5791,G
2-PB1,749,0,2,5685,0,5687,G
2-PB1,750,1,0,5826,0,5827,G
2-PB1,751,2,5808,0,3,5813,T
2-PB1,752,0,5804,0,5,5809,T
2-PB1,753,2,3,0,5816,5821,C
2-PB1,754,4,1,5894,0,5899,G
2-PB1,755,0,5877,1,14,5892,T
2-PB1,756,2,0,5892,0,5894,G
2-PB1,757,0,5876,0,5,5881,T
2-PB1,758,5836,1,0,0,5837,A
2-PB1,759,1,1,0,5831,5833,C
2-PB1,760,1,5457,0,4,5462,T
2-PB1,761,0,5479,0,2,5481,T
2-PB1,762,1,1,0,5443,5445,C
2-PB1,763,1,0,5374,0,5375,G
2-PB1,764,0,5356,0,4,5360,T
2-PB1,765,2,5338,0,12,5352,T
2-PB1,766,2,3,5339,0,5344,G
2-PB1,767,5334,1,2,1,5338,A
2-PB1,768,5339,0,5,0,5344,A
2-PB1,769,5392,6,3,0,5401,A
2-PB1,770,0,0,0,5462,5462,C
2-PB1,771,0,5369,0,8,5377,T
2-PB1,772,0,5338,1,1,5340,T
2-PB1,773,0,5361,1,0,5362,T
2-PB1,774,5440,2,3,1,5446,A
2-PB1,775,1,2,5452,0,5455,G
2-PB1,776,1,2,0,5467,5470,C
2-PB1,777,0,5465,0,6,5471,T
2-PB1,778,5405,0,2,0,5407,A
2-PB1,779,0,1,5387,0,5388,G
2-PB1,780,5355,0,7,1,5363,A
2-PB1,781,5361,0,16,0,5377,A
2-PB1,782,0,3,5391,0,5394,G
2-PB1,783,0,1,2,5338,5341,C
2-PB1,784,5337,1,1,0,5339,A
2-PB1,785,1,5296,1,2,5300,T
2-PB1,786,1,5306,0,1,5308,T
2-PB1,787,0,5304,0,2,5306,T
2-PB1,788,1,0,5319,0,5320,G
2-PB1,789,3,2,0,5313,5318,C
2-PB1,790,2,0,5333,0,5335,G
2-PB1,791,5304,1,6,0,5311,A
2-PB1,792,5290,0,3,0,5293,A
2-PB1,793,5309,0,3,0,5312,A
2-PB1,794,5599,0,8,0,5607,A
2-PB1,795,3,0,5784,1,5788,G
2-PB1,796,3,1,0,5823,5827,C
2-PB1,797,0,5814,3,6,5823,T
2-PB1,798,1,5815,1,2,5819,T
2-PB1,799,0,0,5830,0,5830,G
2-PB1,800,5815,0,8,0,5823,A
2-PB1,801,5820,1,7,0,5828,A
2-PB1,802,0,0,0,5852,5852,C
2-PB1,803,5597,0,5,0,5602,A
2-PB1,804,0,1,6059,0,6060,G
2-PB1,805,1,5947,0,5,5953,T
2-PB1,806,3,3,0,5975,5981,C
2-PB1,807,1,5967,1,13,5982,T
2-PB1,808,1,1,6017,0,6019,G
2-PB1,809,0,3,6019,0,6022,G
2-PB1,810,6017,0,11,0,6028,A
2-PB1,811,0,3,0,6055,6058,C
2-PB1,812,0,5808,1,13,5822,T
2-PB1,813,0,5401,0,18,5419,T
2-PB1,814,0,0,0,5422,5422,C
2-PB1,815,1,2,0,5421,5424,C
2-PB1,816,0,0,5471,0,5471,G
2-PB1,817,2,0,5494,0,5496,G
2-PB1,818,1,5406,0,14,5421,T
2-PB1,819,0,5416,0,7,5423,T
2-PB1,820,1,8,5385,0,5394,G
2-PB1,821,3,5,5454,0,5462,G
2-PB1,822,0,3,5545,0,5548,G
2-PB1,823,6,1,5533,0,5540,G
2-PB1,824,3,1,5549,1,5554,G
2-PB1,825,0,5503,0,2,5505,T
2-PB1,826,5492,0,1,1,5494,A
2-PB1,827,5546,2,3,1,5552,A
2-PB1,828,0,5549,0,3,5552,T
2-PB1,829,2,5,5570,0,5577,G
2-PB1,830,5505,0,4,0,5509,A
2-PB1,831,5464,1,9,0,5474,A
2-PB1,832,5465,1,4,0,5470,A
2-PB1,833,5466,1,6,0,5473,A
2-PB1,834,1,2,5465,0,5468,G
2-PB1,835,5403,0,2,0,5405,A
2-PB1,836,5355,1,10,0,5366,A
2-PB1,837,2,2,5402,1,5407,G
2-PB1,838,4,0,5402,0,5406,G
2-PB1,839,3,1,1,5392,5397,C
2-PB1,840,3,1,0,5381,5385,C
2-PB1,841,5399,1,8,0,5408,A
2-PB1,842,5413,0,4,0,5417,A
2-PB1,843,5392,1,7,0,5400,A
2-PB1,844,0,0,0,5432,5432,C
2-PB1,845,0,5405,1,3,5409,T
2-PB1,846,3,0,5493,0,5496,G
2-PB1,847,5,0,5487,0,5492,G
2-PB1,848,1,2,0,5475,5478,C
2-PB1,849,5505,0,2,0,5507,A
2-PB1,850,5501,0,4,0,5505,A
2-PB1,851,5503,0,2,0,5505,A
2-PB1,852,0,5508,1,1,5510,T
2-PB1,853,2,1,5527,0,5530,G
2-PB1,854,1,5481,1,4,5487,T
2-PB1,855,0,5299,0,1,5300,T
2-PB1,856,1,0,5311,0,5312,G
2-PB1,857,1,5267,0,8,5276,T
2-PB1,858,2,1,5296,0,5299,G
2-PB1,859,5282,0,9,0,5291,A
2-PB1,860,1,2,5311,0,5314,G
2-PB1,861,5286,0,4,0,5290,A
2-PB1,862,5280,0,1,0,5281,A
2-PB1,863,5287,1,6,0,5294,A
2-PB1,864,5301,1,3,0,5305,A
2-PB1,865,5358,0,3,0,5361,A
2-PB1,866,0,5354,0,2,5356,T
2-PB1,867,1,1,5348,0,5350,G
2-PB1,868,5322,0,8,0,5330,A
2-PB1,869,1,5259,0,2,5262,T
2-PB1,870,1,4,5328,0,5333,G
2-PB1,871,5323,0,6,1,5330,A
2-PB1,872,0,0,0,5420,5420,C
2-PB1,873,1,5385,0,1,5387,T
2-PB1,874,5372,1,2,0,5375,A
2-PB1,875,5427,1,4,0,5432,A
2-PB1,876,1,5424,0,2,5427,T
2-PB1,877,0,5441,2,7,5450,T
2-PB1,878,2,0,1,5484,5487,C
2-PB1,879,5463,0,6,0,5469,A
2-PB1,880,0,0,0,5496,5496,C
2-PB1,881,5413,1,2,2,5418,A
2-PB1,882,5453,0,14,0,5467,A
2-PB1,883,1,4,5486,0,5491,G
2-PB1,884,5632,0,12,1,5645,A
2-PB1,885,1,0,0,5626,5627,C
2-PB1,886,5607,0,6,1,5614,A
2-PB1,887,1,11,0,5595,5607,C
2-PB1,888,5504,0,6,0,5510,A
2-PB1,889,0,1,5548,0,5549,G
2-PB1,890,5454,0,6,1,5461,A
2-PB1,891,1,0,5512,0,5513,G
2-PB1,892,0,0,0,5510,5510,C
2-PB1,893,0,5275,0,15,5290,T
2-PB1,894,1,5340,0,3,5344,T
2-PB1,895,4,5326,0,7,5337,T
2-PB1,896,0,1,0,5377,5378,C
2-PB1,897,0,5351,1,13,5365,T
2-PB1,898,0,5293,0,2,5295,T
2-PB1,899,0,5292,0,9,5301,T
2-PB1,900,0,2,0,5274,5276,C
2-PB1,901,5268,0,10,0,5278,A
2-PB1,902,0,0,1,5364,5365,C
2-PB1,903,5265,0,6,0,5271,A
2-PB1,904,5297,0,5,1,5303,A
2-PB1,905,3,5294,1,3,5301,T
2-PB1,906,2,1,0,5397,5400,C
2-PB1,907,5408,0,2,2,5412,A
2-PB1,908,0,2,0,5457,5459,C
2-PB1,909,2,5403,1,5,5411,T
2-PB1,910,3,1,5484,0,5488,G
2-PB1,911,4,3,5432,0,5439,G
2-PB1,912,2,4,5809,0,5815,G
2-PB1,913,4,0,5803,0,5807,G
2-PB1,914,5707,1,12,0,5720,A
2-PB1,915,4,0,0,5501,5505,C
2-PB1,916,5582,0,3,1,5586,A
2-PB1,917,5850,1,7,0,5858,A
2-PB1,918,0,1,0,5892,5893,C
2-PB1,919,5890,1,4,0,5895,A
2-PB1,920,0,2,0,5887,5889,C
2-PB1,921,0,5239,0,7,5246,T
2-PB1,922,5273,0,1,0,5274,A
2-PB1,923,5264,2,4,0,5270,A
2-PB1,924,2,0,5328,0,5330,G
2-PB1,925,2,5289,0,2,5293,T
2-PB1,926,2,1,4941,0,4944,G
2-PB1,927,2,6,4862,1,4871,G
2-PB1,928,4847,0,3,0,4850,A
2-PB1,929,4836,1,7,0,4844,A
2-PB1,930,0,4844,0,2,4846,T
2-PB1,931,1,1,4839,0,4841,G
2-PB1,932,4827,0,5,0,4832,A
2-PB1,933,4716,0,3,0,4719,A
2-PB1,934,4755,1,4,0,4760,A
2-PB1,935,4780,0,4,0,4784,A
2-PB1,936,0,4761,0,1,4762,T
2-PB1,937,0,0,0,4773,4773,C
2-PB1,938,4755,0,3,0,4758,A
2-PB1,939,4753,0,3,0,4756,A
2-PB1,940,4735,1,6,0,4742,A
2-PB1,941,4737,0,5,0,4742,A
2-PB1,942,0,1,0,4758,4759,C
2-PB1,943,2,3,0,4721,4726,C
2-PB1,944,4,0,0,4711,4715,C
2-PB1,945,0,4665,0,9,4674,T
2-PB1,946,0,2,0,4727,4729,C
2-PB1,947,1,1,4706,0,4708,G
2-PB1,948,4712,0,4,0,4716,A
2-PB1,949,4726,0,1,0,4727,A
2-PB1,950,1,4730,0,1,4732,T
2-PB1,951,0,0,4738,0,4738,G
2-PB1,952,1,4653,0,11,4665,T
2-PB1,953,0,4635,0,3,4638,T
2-PB1,954,0,4640,0,4,4644,T
2-PB1,955,0,4634,0,2,4636,T
2-PB1,956,0,4643,1,1,4645,T
2-PB1,957,0,2,4640,0,4642,G
2-PB1,958,2,0,4618,0,4620,G
2-PB1,959,2,4,0,4615,4621,C
2-PB1,960,2,0,4523,0,4525,G
2-PB1,961,4516,0,0,0,4516,A
2-PB1,962,1,4700,0,2,4703,T
2-PB1,963,0,0,4878,0,4878,G
2-PB1,964,5058,0,1,0,5059,A
2-PB1,965,0,5092,1,5,5098,T
2-PB1,966,0,5092,0,5,5097,T
2-PB1,967,5127,1,8,1,5137,A
2-PB1,968,0,2,1,5145,5148,C
2-PB1,969,5154,1,2,0,5157,A
2-PB1,970,0,5132,0,4,5136,T
2-PB1,971,4889,0,2,0,4891,A
2-PB1,972,2,5,0,4909,4916,C
2-PB1,973,4471,0,2,0,4473,A
2-PB1,974,1,4450,0,4,4455,T
2-PB1,975,2,2,0,4468,4472,C
2-PB1,976,4469,0,1,0,4470,A
2-PB1,977,1,1,0,4471,4473,C
2-PB1,978,4449,0,0,1,4450,A
2-PB1,979,4443,0,3,0,4446,A
2-PB1,980,4421,0,2,0,4423,A
2-PB1,981,0,2,4131,0,4133,G
2-PB1,982,4383,0,4,0,4387,A
2-PB1,983,4384,0,7,0,4391,A
2-PB1,984,0,4380,0,4,4384,T
2-PB1,985,1,2,0,4384,4387,C
2-PB1,986,4374,1,3,0,4378,A
2-PB1,987,4402,0,6,0,4408,A
2-PB1,988,1,0,0,4395,4396,C
2-PB1,989,0,3,0,4402,4405,C
2-PB1,990,2,4038,0,5,4045,T
2-PB1,991,0,0,4081,0,4081,G
2-PB1,992,4037,1,8,3,4049,A
2-PB1,993,0,0,4068,0,4068,G
2-PB1,994,1,4048,0,3,4052,T
2-PB1,995,1,2,3974,0,3977,G
2-PB1,996,0,1,4141,0,4142,G
2-PB1,997,0,4087,1,3,4091,T
2-PB1,998,1,4079,0,5,4085,T
2-PB1,999,0,0,0,4090,4090,C
2-PB1,1000,4020,1,3,0,4024,A
2-PB1,1001,4,0,4149,0,4153,G
2-PB1,1002,4130,0,12,0,4142,A
2-PB1,1003,4148,1,4,0,4153,A
2-PB1,1004,4138,0,5,0,4143,A
2-PB1,1005,0,2,1,3789,3792,C
2-PB1,1006,3823,1,2,0,3826,A
2-PB1,1007,0,3817,0,4,3821,T
2-PB1,1008,2,1,0,3848,3851,C
2-PB1,1009,2,1,1,3857,3861,C
2-PB1,1010,1,3707,0,7,3715,T
2-PB1,1011,5,2,3718,0,3725,G
2-PB1,1012,3683,0,2,1,3686,A
2-PB1,1013,1,0,3738,0,3739,G
2-PB1,1014,0,1,0,3712,3713,C
2-PB1,1015,3600,0,3,1,3604,A
2-PB1,1016,0,3606,0,4,3610,T
2-PB1,1017,0,4,0,3578,3582,C
2-PB1,1018,3,0,3559,0,3562,G
2-PB1,1019,0,1,0,3664,3665,C
2-PB1,1020,3694,0,6,0,3700,A
2-PB1,1021,0,2,1,3812,3815,C
2-PB1,1022,1,0,0,3793,3794,C
2-PB1,1023,3806,0,2,0,3808,A
2-PB1,1024,3852,1,2,0,3855,A
2-PB1,1025,0,3851,0,1,3852,T
2-PB1,1026,3835,0,1,0,3836,A
2-PB1,1027,3831,0,4,0,3835,A
2-PB1,1028,1,3720,0,1,3722,T
2-PB1,1029,1,0,3738,0,3739,G
2-PB1,1030,1,3629,0,3,3633,T
2-PB1,1031,1,3586,0,6,3593,T
2-PB1,1032,2,1,0,3604,3607,C
2-PB1,1033,1,3574,0,2,3577,T
2-PB1,1034,0,2,1,3590,3593,C
2-PB1,1035,3599,0,0,0,3599,A
2-PB1,1036,3595,1,1,0,3597,A
2-PB1,1037,3609,0,1,0,3610,A
2-PB1,1038,0,0,0,3621,3621,C
2-PB1,1039,3619,0,0,0,3619,A
2-PB1,1040,3603,0,5,0,3608,A
2-PB1,1041,3582,0,5,0,3587,A
2-PB1,1042,3610,0,7,0,3617,A
2-PB1,1043,0,3656,0,2,3658,T
2-PB1,1044,1,2,3667,0,3670,G
2-PB1,1045,3,1,3664,0,3668,G
2-PB1,1046,0,2,0,3642,3644,C
2-PB1,1047,3643,0,4,1,3648,A
2-PB1,1048,3642,3,3,1,3649,A
2-PB1,1049,4,4,3682,0,3690,G
2-PB1,1050,3683,1,8,0,3692,A
2-PB1,1051,0,2,0,3715,3717,C
2-PB1,1052,0,3658,0,3,3661,T
2-PB1,1053,1,1,3783,2,3787,G
2-PB1,1054,0,0,3784,0,3784,G
2-PB1,1055,1,3,3812,0,3816,G
2-PB1,1056,3805,1,13,0,3819,A
2-PB1,1057,3805,0,2,0,3807,A
2-PB1,1058,3818,1,3,0,3822,A
2-PB1,1059,3802,1,4,0,3807,A
2-PB1,1060,2,0,3981,0,3983,G
2-PB1,1061,1,0,3967,0,3968,G
2-PB1,1062,3958,0,8,0,3966,A
2-PB1,1063,1,3946,0,4,3951,T
2-PB1,1064,3939,2,4,0,3945,A
2-PB1,1065,1,0,0,3970,3971,C
2-PB1,1066,4008,0,3,0,4011,A
2-PB1,1067,0,4007,0,1,4008,T
2-PB1,1068,1,0,4039,0,4040,G
2-PB1,1069,0,3874,0,14,3888,T
2-PB1,1070,1,3875,0,2,3878,T
2-PB1,1071,2,1,0,3856,3859,C
2-PB1,1072,3,1,3876,0,3880,G
2-PB1,1073,3865,1,5,0,3871,A
2-PB1,1074,1,2,3996,0,3999,G
2-PB1,1075,3921,2,9,0,3932,A
2-PB1,1076,1,0,3986,0,3987,G
2-PB1,1077,0,3942,0,2,3944,T
2-PB1,1078,3937,0,4,0,3941,A
2-PB1,1079,3940,1,7,0,3948,A
2-PB1,1080,45,1,3919,0,3965,G
2-PB1,1081,3938,0,6,1,3945,A
2-PB1,1082,1,2,4026,0,4029,G
2-PB1,1083,3933,0,4,0,3937,A
2-PB1,1084,3961,0,7,0,3968,A
2-PB1,1085,0,3897,1,4,3902,T
2-PB1,1086,1,2,3884,0,3887,G
2-PB1,1087,3874,1,7,0,3882,A
2-PB1,1088,3850,1,5,0,3856,A
2-PB1,1089,3,0,3871,0,3874,G
2-PB1,1090,0,1,0,3859,3860,C
2-PB1,1091,1,3792,0,2,3795,T
2-PB1,1092,3,0,0,3832,3835,C
2-PB1,1093,0,3,0,3816,3819,C
2-PB1,1094,2,3,3833,0,3838,G
2-PB1,1095,1,1,3836,1,3839,G
2-PB1,1096,3848,2,7,0,3857,A
2-PB1,1097,0,2,0,3923,3925,C
2-PB1,1098,3918,0,5,3,3926,A
2-PB1,1099,1,0,0,3979,3980,C
2-PB1,1100,3979,0,4,0,3983,A
2-PB1,1101,3966,1,8,0,3975,A
2-PB1,1102,3957,1,7,1,3966,A
2-PB1,1103,0,3972,0,0,3972,T
2-PB1,1104,3966,0,2,0,3968,A
2-PB1,1105,0,0,1,3964,3965,C
2-PB1,1106,2,1,0,3924,3927,C
2-PB1,1107,0,3800,0,6,3806,T
2-PB1,1108,2,0,3824,0,3826,G
2-PB1,1109,0,0,0,3844,3844,C
2-PB1,1110,3832,0,4,0,3836,A
2-PB1,1111,2,1,3838,0,3841,G
2-PB1,1112,3797,0,1,0,3798,A
2-PB1,1113,3813,2,3,0,3818,A
2-PB1,1114,3882,0,2,1,3885,A
2-PB1,1115,0,3878,1,1,3880,T
2-PB1,1116,1,1,3864,0,3866,G
2-PB1,1117,1,2,0,3845,3848,C
2-PB1,1118,0,3849,0,1,3850,T
2-PB1,1119,3970,2,2,1,3975,A
2-PB1,1120,1,0,3965,0,3966,G
2-PB1,1121,1,1,0,3959,3961,C
2-PB1,1122,2,3922,0,5,3929,T
2-PB1,1123,3951,0,2,0,3953,A
2-PB1,1124,0,0,3944,1,3945,G
2-PB1,1125,0,3,0,3939,3942,C
2-PB1,1126,3785,0,0,0,3785,A
2-PB1,1127,1,3856,1,6,3864,T
2-PB1,1128,0,3856,0,2,3858,T
2-PB1,1129,0,2,4007,0,4009,G
2-PB1,1130,4042,0,3,0,4045,A
2-PB1,1131,0,1,0,4055,4056,C
2-PB1,1132,0,2,0,4072,4074,C
2-PB1,1133,0,3931,0,9,3940,T
2-PB1,1134,4,1,3988,1,3994,G
2-PB1,1135,3992,0,5,2,3999,A
2-PB1,1136,4005,0,5,0,4010,A
2-PB1,1137,0,0,4085,0,4085,G
2-PB1,1138,0,3933,0,4,3937,T
2-PB1,1139,3959,1,1,0,3961,A
2-PB1,1140,0,3924,0,5,3929,T
2-PB1,1141,0,3926,1,5,3932,T
2-PB1,1142,0,3912,1,6,3919,T
2-PB1,1143,3,2,0,3864,3869,C
2-PB1,1144,3868,0,2,0,3870,A
2-PB1,1145,3870,3,2,0,3875,A
2-PB1,1146,0,3816,1,4,3821,T
2-PB1,1147,0,0,3842,0,3842,G
2-PB1,1148,3805,1,3,0,3809,A
2-PB1,1149,3836,0,8,0,3844,A
2-PB1,1150,3,3819,0,1,3823,T
2-PB1,1151,1,1,0,3856,3858,C
2-PB1,1152,3841,0,2,1,3844,A
2-PB1,1153,3870,0,1,1,3872,A
2-PB1,1154,1,0,0,3850,3851,C
2-PB1,1155,3850,0,5,0,3855,A
2-PB1,1156,3820,0,7,1,3828,A
2-PB1,1157,3,1,3846,0,3850,G
2-PB1,1158,0,0,3863,0,3863,G
2-PB1,1159,3847,1,2,0,3850,A
2-PB1,1160,3839,0,8,0,3847,A
2-PB1,1161,1,2,3856,0,3859,G
2-PB1,1162,3837,0,2,0,3839,A
2-PB1,1163,3849,0,4,0,3853,A
2-PB1,1164,3837,0,3,1,3841,A
2-PB1,1165,3845,0,2,0,3847,A
2-PB1,1166,1,3827,1,1,3830,T
2-PB1,1167,0,3794,0,1,3795,T
2-PB1,1168,2,0,3816,0,3818,G
2-PB1,1169,3783,1,5,0,3789,A
2-PB1,1170,0,0,3824,0,3824,G
2-PB1,1171,3823,0,2,0,3825,A
2-PB1,1172,3860,0,1,0,3861,A
2-PB1,1173,3909,0,1,0,3910,A
2-PB1,1174,3921,0,2,1,3924,A
2-PB1,1175,0,3925,0,2,3927,T
2-PB1,1176,3921,0,2,0,3923,A
2-PB1,1177,3924,0,5,0,3929,A
2-PB1,1178,0,2,3978,0,3980,G
2-PB1,1179,2,0,3989,0,3991,G
2-PB1,1180,1,1,1,3976,3979,C
2-PB1,1181,2,1,0,3953,3956,C
2-PB1,1182,1,3740,0,192,3933,T
2-PB1,1183,1,0,0,4311,4312,C
2-PB1,1184,0,4345,0,3,4348,T
2-PB1,1185,1,4344,0,6,4351,T
2-PB1,1186,0,4,0,4425,4429,C
2-PB1,1187,1,4367,0,3,4371,T
2-PB1,1188,4390,0,1,0,4391,A
2-PB1,1189,4392,0,0,0,4392,A
2-PB1,1190,1,4374,0,0,4375,T
2-PB1,1191,4414,0,0,0,4414,A
2-PB1,1192,1,4,4355,0,4360,G
2-PB1,1193,4049,1,5,0,4055,A
2-PB1,1194,1,4074,0,3,4078,T
2-PB1,1195,2,5,3987,0,3994,G
2-PB1,1196,3,0,4050,0,4053,G
2-PB1,1197,1,3,0,4032,4036,C
2-PB1,1198,4058,0,6,0,4064,A
2-PB1,1199,0,1,0,4069,4070,C
2-PB1,1200,3997,0,8,0,4005,A
2-PB1,1201,1,0,4169,0,4170,G
2-PB1,1202,1,2,0,4150,4153,C
2-PB1,1203,4161,1,4,0,4166,A
2-PB1,1204,1,4278,1,3,4283,T
2-PB1,1205,2,0,0,4234,4236,C
2-PB1,1206,4271,0,2,0,4273,A
2-PB1,1207,0,4264,1,1,4266,T
2-PB1,1208,1,4232,0,1,4234,T
2-PB1,1209,8,2,4208,0,4218,G
2-PB1,1210,4062,2,9,0,4073,A
2-PB1,1211,1,0,4199,0,4200,G
2-PB1,1212,1,0,0,4184,4185,C
2-PB1,1213,1,0,0,4093,4094,C
2-PB1,1214,1,0,0,4178,4179,C
2-PB1,1215,1,4115,0,7,4123,T
2-PB1,1216,0,0,4404,1,4405,G
2-PB1,1217,0,1,4508,0,4509,G
2-PB1,1218,4499,1,5,0,4505,A
2-PB1,1219,4595,1,2,0,4598,A
2-PB1,1220,1,4476,0,3,4480,T
2-PB1,1221,1,0,4620,0,4621,G
2-PB1,1222,4667,0,6,1,4674,A
2-PB1,1223,0,4660,0,1,4661,T
2-PB1,1224,0,0,4683,0,4683,G
2-PB1,1225,4611,0,9,1,4621,A
2-PB1,1226,1,4586,0,2,4589,T
2-PB1,1227,0,3,4589,0,4592,G
2-PB1,1228,5,1,4651,0,4657,G
2-PB1,1229,2,0,4698,0,4700,G
2-PB1,1230,1,0,0,4660,4661,C
2-PB1,1231,4662,0,4,0,4666,A
2-PB1,1232,0,4700,0,5,4705,T
2-PB1,1233,2,0,4888,1,4891,G
2-PB1,1234,0,4887,0,8,4895,T
2-PB1,1235,0,4909,0,5,4914,T
2-PB1,1236,2,4,0,4914,4920,C
2-PB1,1237,4874,0,9,1,4884,A
2-PB1,1238,4896,1,8,0,4905,A
2-PB1,1239,0,1,0,4903,4904,C
2-PB1,1240,4937,0,7,0,4944,A
2-PB1,1241,1,4949,0,2,4952,T
2-PB1,1242,0,0,5004,1,5005,G
2-PB1,1243,0,0,0,4984,4984,C
2-PB1,1244,0,4975,0,5,4980,T
2-PB1,1245,5023,0,2,0,5025,A
2-PB1,1246,5005,0,5,1,5011,A
2-PB1,1247,0,2,5138,0,5140,G
2-PB1,1248,0,5122,1,5,5128,T
2-PB1,1249,5090,0,5,0,5095,A
2-PB1,1250,1,3,0,5118,5122,C
2-PB1,1251,5,1,5113,0,5119,G
2-PB1,1252,0,0,5671,0,5671,G
2-PB1,1253,0,5635,0,5,5640,T
2-PB1,1254,0,5618,0,5,5623,T
2-PB1,1255,1,5608,1,9,5619,T
2-PB1,1256,0,5598,0,1,5599,T
2-PB1,1257,5606,1,10,0,5617,A
2-PB1,1258,2,1,5593,0,5596,G
2-PB1,1259,2,1,5585,0,5588,G
2-PB1,1260,5426,0,11,0,5437,A
2-PB1,1261,2,0,5462,0,5464,G
2-PB1,1262,1,5652,0,14,5667,T
2-PB1,1263,3,1,0,5705,5709,C
2-PB1,1264,0,5686,2,9,5697,T
2-PB1,1265,3,0,2,5693,5698,C
2-PB1,1266,5681,1,8,0,5690,A
2-PB1,1267,5913,1,1,1,5916,A
2-PB1,1268,0,5931,0,0,5931,T
2-PB1,1269,5985,0,3,0,5988,A
2-PB1,1270,0,2,1,5993,5996,C
2-PB1,1271,0,5702,1,24,5727,T
2-PB1,1272,2,1,5734,1,5738,G
2-PB1,1273,5729,0,3,0,5732,A
2-PB1,1274,5859,0,4,0,5863,A
2-PB1,1275,1,5852,0,7,5860,T
2-PB1,1276,0,0,0,5736,5736,C
2-PB1,1277,0,5693,0,4,5697,T
2-PB1,1278,0,5649,0,3,5652,T
2-PB1,1279,4,3,5666,0,5673,G
2-PB1,1280,1,0,5686,0,5687,G
2-PB1,1281,5665,1,11,0,5677,A
2-PB1,1282,0,2,0,5698,5700,C
2-PB1,1283,5614,0,3,0,5617,A
2-PB1,1284,5643,2,1,0,5646,A
2-PB1,1285,5645,0,3,0,5648,A
2-PB1,1286,5661,0,3,0,5664,A
2-PB1,1287,1,1,5843,1,5846,G
2-PB1,1288,5834,0,9,1,5844,A
2-PB1,1289,5835,0,8,0,5843,A
2-PB1,1290,5858,0,7,0,5865,A
2-PB1,1291,1,5859,0,1,5861,T
2-PB1,1292,5889,1,4,0,5894,A
2-PB1,1293,0,1,0,6130,6131,C
2-PB1,1294,6064,1,11,0,6076,A
2-PB1,1295,1,0,1,6110,6112,C
2-PB1,1296,1,2,0,6027,6030,C
2-PB1,1297,6026,0,9,0,6035,A
2-PB1,1298,6146,1,6,1,6154,A
2-PB1,1299,1,3,6483,0,6487,G
2-PB1,1300,6611,0,10,0,6621,A
2-PB1,1301,1,2,0,6777,6780,C
2-PB1,1302,6549,0,7,2,6558,A
2-PB1,1303,6809,1,9,0,6819,A
2-PB1,1304,1,0,0,6855,6856,C
2-PB1,1305,6978,1,5,0,6984,A
2-PB1,1306,0,6986,2,2,6990,T
2-PB1,1307,6942,1,0,0,6943,A
2-PB1,1308,0,4,0,7074,7078,C
2-PB1,1309,1,6823,0,6,6830,T
2-PB1,1310,1,1,6986,0,6988,G
2-PB1,1311,8,1,6981,0,6990,G
2-PB1,1312,0,6835,2,5,6842,T
2-PB1,1313,1,3,6823,0,6827,G
2-PB1,1314,2,2,6733,0,6737,G
2-PB1,1315,3,0,6771,0,6774,G
2-PB1,1316,6740,2,7,2,6751,A
2-PB1,1317,3,6696,0,6,6705,T
2-PB1,1318,1,4,6681,0,6686,G
2-PB1,1319,3,0,6632,1,6636,G
2-PB1,1320,2,2,6690,0,6694,G
2-PB1,1321,0,3,0,6800,6803,C
2-PB1,1322,1,6746,0,17,6764,T
2-PB1,1323,1,1,0,6809,6811,C
2-PB1,1324,0,3,0,6771,6774,C
2-PB1,1325,6774,0,5,0,6779,A
2-PB1,1326,6790,0,2,1,6793,A
2-PB1,1327,2,6749,0,7,6758,T
2-PB1,1328,1,0,0,6741,6742,C
2-PB1,1329,3,0,0,6681,6684,C
2-PB1,1330,1,6536,0,13,6550,T
2-PB1,1331,2,3,0,6550,6555,C
2-PB1,1332,4,11,0,6530,6545,C
2-PB1,1333,2,0,6554,0,6556,G
2-PB1,1334,6539,1,5,0,6545,A
2-PB1,1335,1,2,0,6551,6554,C
2-PB1,1336,3,0,6566,0,6569,G
2-PB1,1337,6589,0,1,0,6590,A
2-PB1,1338,2,6586,2,2,6592,T
2-PB1,1339,2,6574,0,5,6581,T
2-PB1,1340,0,6576,0,6,6582,T
2-PB1,1341,1,6590,0,4,6595,T
2-PB1,1342,3,0,6609,0,6612,G
2-PB1,1343,1,3,0,6632,6636,C
2-PB1,1344,4,0,0,6645,6649,C
2-PB1,1345,1,4,0,6843,6848,C
2-PB1,1346,2,6700,0,13,6715,T
2-PB1,1347,2,2,0,6960,6964,C
2-PB1,1348,7007,0,3,0,7010,A
2-PB1,1349,0,7031,1,5,7037,T
2-PB1,1350,7020,0,7,1,7028,A
2-PB1,1351,3,0,7074,0,7077,G
2-PB1,1352,3,6963,0,9,6975,T
2-PB1,1353,2,2,7017,0,7021,G
2-PB1,1354,6754,1,9,0,6764,A
2-PB1,1355,6766,0,8,0,6774,A
2-PB1,1356,1,6486,1,8,6496,T
2-PB1,1357,2,0,6502,0,6504,G
2-PB1,1358,0,2,0,6552,6554,C
2-PB1,1359,6562,2,6,0,6570,A
2-PB1,1360,1,4,0,6583,6588,C
2-PB1,1361,1,0,0,6515,6516,C
2-PB1,1362,6417,0,2,0,6419,A
2-PB1,1363,6424,0,2,0,6426,A
2-PB1,1364,6407,1,4,0,6412,A
2-PB1,1365,2,6226,0,2,6230,T
2-PB1,1366,2,2,0,6515,6519,C
2-PB1,1367,6510,2,6,0,6518,A
2-PB1,1368,0,6506,0,3,6509,T
2-PB1,1369,2,1,6539,0,6542,G
2-PB1,1370,6538,0,14,0,6552,A
2-PB1,1371,2,0,6665,0,6667,G
2-PB1,1372,0,3,6764,0,6767,G
2-PB1,1373,3,1,6823,1,6828,G
2-PB1,1374,6781,1,12,0,6794,A
2-PB1,1375,6915,2,14,0,6931,A
2-PB1,1376,0,6941,0,1,6942,T
2-PB1,1377,6940,1,7,1,6949,A
2-PB1,1378,1,3,0,6970,6974,C
2-PB1,1379,7018,3,9,1,7031,A
2-PB1,1380,7019,0,12,2,7033,A
2-PB1,1381,1,0,7016,0,7017,G
2-PB1,1382,0,3,0,6974,6977,C
2-PB1,1383,6922,1,3,0,6926,A
2-PB1,1384,1,0,7078,0,7079,G
2-PB1,1385,1,7,7059,0,7067,G
2-PB1,1386,6998,0,9,0,7007,A
2-PB1,1387,3,2,7095,1,7101,G
2-PB1,1388,2,6936,1,6,6945,T
2-PB1,1389,5,1,7055,0,7061,G
2-PB1,1390,14,1,7065,0,7080,G
2-PB1,1391,7044,3,9,0,7056,A
2-PB1,1392,0,7074,0,3,7077,T
2-PB1,1393,6776,0,4,2,6782,A
2-PB1,1394,1,1,6885,0,6887,G
2-PB1,1395,6944,1,7,1,6953,A
2-PB1,1396,1,6964,0,6,6971,T
2-PB1,1397,0,6904,0,9,6913,T
2-PB1,1398,3,1,0,7028,7032,C
2-PB1,1399,3,6976,0,5,6984,T
2-PB1,1400,6991,1,2,0,6994,A
2-PB1,1401,2,6,0,6970,6978,C
2-PB1,1402,6873,0,7,0,6880,A
2-PB1,1403,1,0,6916,0,6917,G
2-PB1,1404,2,5,6752,0,6759,G
2-PB1,1405,6692,0,7,2,6701,A
2-PB1,1406,1,0,0,6721,6722,C
2-PB1,1407,2,6302,0,10,6314,T
2-PB1,1408,0,6436,1,8,6445,T
2-PB1,1409,5,1,6440,1,6447,G
2-PB1,1410,0,1,0,6458,6459,C
2-PB1,1411,6455,3,3,1,6462,A
2-PB1,1412,6456,1,15,0,6472,A
2-PB1,1413,2,1,6497,1,6501,G
2-PB1,1414,1,6337,1,11,6350,T
2-PB1,1415,0,6340,1,2,6343,T
2-PB1,1416,6319,0,9,1,6329,A
2-PB1,1417,0,1,6380,0,6381,G
2-PB1,1418,0,6362,0,7,6369,T
2-PB1,1419,2,5,6355,0,6362,G
2-PB1,1420,2,1,6334,1,6338,G
2-PB1,1421,1,4,6366,0,6371,G
2-PB1,1422,6323,1,27,0,6351,A
2-PB1,1423,6391,2,5,0,6398,A
2-PB1,1424,0,6370,1,5,6376,T
2-PB1,1425,1,2,0,6388,6391,C
2-PB1,1426,6385,0,11,1,6397,A
2-PB1,1427,6427,0,11,0,6438,A
2-PB1,1428,0,1,0,6422,6423,C
2-PB1,1429,6408,2,8,0,6418,A
2-PB1,1430,1,6202,1,5,6209,T
2-PB1,1431,0,2,6215,0,6217,G
2-PB1,1432,6205,1,8,1,6215,A
2-PB1,1433,0,0,6278,0,6278,G
2-PB1,1434,0,4,0,6238,6242,C
2-PB1,1435,6233,0,3,0,6236,A
2-PB1,1436,6237,1,9,0,6247,A
2-PB1,1437,6233,1,12,0,6246,A
2-PB1,1438,6294,1,10,0,6305,A
2-PB1,1439,6296,0,10,0,6306,A
2-PB1,1440,0,0,6305,0,6305,G
2-PB1,1441,6237,0,4,0,6241,A
2-PB1,1442,6149,0,9,1,6159,A
2-PB1,1443,5,0,6447,0,6452,G
2-PB1,1444,1,6397,1,1,6400,T
2-PB1,1445,1,1,1,6415,6418,C
2-PB1,1446,3,2,1,6439,6445,C
2-PB1,1447,0,6379,0,8,6387,T
2-PB1,1448,6455,0,4,0,6459,A
2-PB1,1449,1,6431,1,2,6435,T
2-PB1,1450,6418,2,4,0,6424,A
2-PB1,1451,0,6434,0,2,6436,T
2-PB1,1452,6283,0,2,0,6285,A
2-PB1,1453,6287,0,8,0,6295,A
2-PB1,1454,6307,1,1,1,6310,A
2-PB1,1455,0,6314,0,2,6316,T
2-PB1,1456,6239,0,0,0,6239,A
2-PB1,1457,6228,0,4,0,6232,A
2-PB1,1458,6252,1,2,0,6255,A
2-PB1,1459,6275,0,4,1,6280,A
2-PB1,1460,0,2,0,6293,6295,C
2-PB1,1461,5981,1,7,0,5989,A
2-PB1,1462,2,1,6019,0,6022,G
2-PB1,1463,2,1,6001,1,6005,G
2-PB1,1464,0,5,6010,0,6015,G
2-PB1,1465,5993,1,14,0,6008,A
2-PB1,1466,0,3,0,6106,6109,C
2-PB1,1467,6062,1,4,1,6068,A
2-PB1,1468,1,6105,0,8,6114,T
2-PB1,1469,0,6105,2,7,6114,T
2-PB1,1470,0,6122,0,1,6123,T
2-PB1,1471,0,1,6135,0,6136,G
2-PB1,1472,6071,2,3,0,6076,A
2-PB1,1473,6083,0,4,2,6089,A
2-PB1,1474,0,6092,0,3,6095,T
2-PB1,1475,0,5934,0,4,5938,T
2-PB1,1476,2,2,0,5973,5977,C
2-PB1,1477,5936,0,3,0,5939,A
2-PB1,1478,0,2,0,5945,5947,C
2-PB1,1479,0,5932,0,2,5934,T
2-PB1,1480,5927,0,5,0,5932,A
2-PB1,1481,1,0,5917,0,5918,G
2-PB1,1482,0,1,0,5930,5931,C
2-PB1,1483,2,5853,0,9,5864,T
2-PB1,1484,0,5926,1,3,5930,T
2-PB1,1485,0,5876,1,7,5884,T
2-PB1,1486,0,5881,0,3,5884,T
2-PB1,1487,0,5877,1,4,5882,T
2-PB1,1488,1,5883,0,1,5885,T
2-PB1,1489,0,5859,0,3,5862,T
2-PB1,1490,5864,3,2,0,5869,A
2-PB1,1491,1,5833,1,2,5837,T
2-PB1,1492,1,4,0,5843,5848,C
2-PB1,1493,1,1,5902,0,5904,G
2-PB1,1494,5996,1,2,0,5999,A
2-PB1,1495,1,6024,1,2,6028,T
2-PB1,1496,6017,2,4,0,6023,A
2-PB1,1497,0,6072,0,11,6083,T
2-PB1,1498,3,5,6071,0,6079,G
2-PB1,1499,0,2,6141,0,6143,G
2-PB1,1500,6124,1,9,1,6135,A
2-PB1,1501,0,6070,0,6,6076,T
2-PB1,1502,1,6011,0,0,6012,T
2-PB1,1503,2,5836,0,3,5841,T
2-PB1,1504,1,0,5864,0,5865,G
2-PB1,1505,0,5838,0,4,5842,T
2-PB1,1506,3,0,5816,0,5819,G
2-PB1,1507,2,1,5817,0,5820,G
2-PB1,1508,1,0,0,5770,5771,C
2-PB1,1509,1,5766,0,4,5771,T
2-PB1,1510,5793,0,1,0,5794,A
2-PB1,1511,5839,0,1,0,5840,A
2-PB1,1512,0,5890,0,0,5890,T
2-PB1,1513,0,5892,0,1,5893,T
2-PB1,1514,1,5886,0,0,5887,T
2-PB1,1515,0,5880,0,3,5883,T
2-PB1,1516,5874,0,2,0,5876,A
2-PB1,1517,2,0,5939,0,5941,G
2-PB1,1518,0,0,0,5921,5921,C
2-PB1,1519,5932,1,2,0,5935,A
2-PB1,1520,0,5890,0,3,5893,T
2-PB1,1521,2,1,5817,0,5820,G
2-PB1,1522,1,2,5927,0,5930,G
2-PB1,1523,5873,2,7,0,5882,A
2-PB1,1524,1,0,5916,0,5917,G
2-PB1,1525,0,4,0,5887,5891,C
2-PB1,1526,1,5793,1,1,5796,T
2-PB1,1527,4,1,5865,0,5870,G
2-PB1,1528,2,2,0,5830,5834,C
2-PB1,1529,6,3,0,5823,5832,C
2-PB1,1530,5,1,0,5876,5882,C
2-PB1,1531,5589,1,5,0,5595,A
2-PB1,1532,2,1,6101,0,6104,G
2-PB1,1533,0,6066,2,7,6075,T
2-PB1,1534,0,6070,0,9,6079,T
2-PB1,1535,0,6084,0,9,6093,T
2-PB1,1536,1,5975,1,7,5984,T
2-PB1,1537,6,1,5957,0,5964,G
2-PB1,1538,2,1,5971,0,5974,G
2-PB1,1539,5902,0,4,0,5906,A
2-PB1,1540,1,1,5952,1,5955,G
2-PB1,1541,0,5328,0,4,5332,T
2-PB1,1542,2,0,5534,1,5537,G
2-PB1,1543,2,5501,0,6,5509,T
2-PB1,1544,4,4,0,5506,5514,C
2-PB1,1545,0,5508,0,12,5520,T
2-PB1,1546,4,1,5561,0,5566,G
2-PB1,1547,2,1,5716,0,5719,G
2-PB1,1548,5715,0,14,0,5729,A
2-PB1,1549,5742,0,9,0,5751,A
2-PB1,1550,0,5722,0,0,5722,T
2-PB1,1551,5339,0,0,0,5339,A
2-PB1,1552,5320,0,6,0,5326,A
2-PB1,1553,5315,0,2,1,5318,A
2-PB1,1554,1,5075,1,5,5082,T
2-PB1,1555,0,0,5109,0,5109,G
2-PB1,1556,5105,3,3,0,5111,A
2-PB1,1557,1,1,5144,0,5146,G
2-PB1,1558,0,5107,1,6,5114,T
2-PB1,1559,4,1,0,5170,5175,C
2-PB1,1560,5115,2,10,1,5128,A
2-PB1,1561,0,0,5268,0,5268,G
2-PB1,1562,0,2,0,5261,5263,C
2-PB1,1563,1,5264,1,5,5271,T
2-PB1,1564,3,1,5460,0,5464,G
2-PB1,1565,5416,3,2,0,5421,A
2-PB1,1566,0,5423,1,2,5426,T
2-PB1,1567,5439,0,6,0,5445,A
2-PB1,1568,1,5392,0,2,5395,T
2-PB1,1569,1,7,5434,0,5442,G
2-PB1,1570,5214,2,7,1,5224,A
2-PB1,1571,1,0,5362,1,5364,G
2-PB1,1572,1,1,0,5366,5368,C
2-PB1,1573,4974,1,4,0,4979,A
2-PB1,1574,0,4985,0,2,4987,T
2-PB1,1575,1,4962,0,1,4964,T
2-PB1,1576,1,1,5079,0,5081,G
2-PB1,1577,0,1,5377,0,5378,G
2-PB1,1578,5272,0,16,0,5288,A
2-PB1,1579,1,1,5318,0,5320,G
2-PB1,1580,0,5110,0,2,5112,T
2-PB1,1581,5114,0,1,0,5115,A
2-PB1,1582,5107,1,10,0,5118,A
2-PB1,1583,0,0,0,5179,5179,C
2-PB1,1584,5142,0,6,1,5149,A
2-PB1,1585,1,0,5247,0,5248,G
2-PB1,1586,0,4680,1,5,4686,T
2-PB1,1587,0,2,4743,0,4745,G
2-PB1,1588,4780,0,10,0,4790,A
2-PB1,1589,2,4784,0,3,4789,T
2-PB1,1590,4790,1,2,1,4794,A
2-PB1,1591,4790,0,5,0,4795,A
2-PB1,1592,4673,2,17,0,4692,A
2-PB1,1593,0,3,4837,0,4840,G
2-PB1,1594,4644,1,6,0,4651,A
2-PB1,1595,4655,1,6,0,4662,A
2-PB1,1596,0,4,0,4667,4671,C
2-PB1,1597,4540,0,11,0,4551,A
2-PB1,1598,4603,1,12,0,4616,A
2-PB1,1599,0,2,0,4640,4642,C
2-PB1,1600,4690,0,5,0,4695,A
2-PB1,1601,0,4686,10,6,4702,T
2-PB1,1602,0,2,4631,0,4633,G
2-PB1,1603,4608,0,7,1,4616,A
2-PB1,1604,1,4620,0,4,4625,T
2-PB1,1605,4572,0,4,8,4584,A
2-PB1,1606,4598,0,5,0,4603,A
2-PB1,1607,4592,1,6,0,4599,A
2-PB1,1608,0,1,0,4674,4675,C
2-PB1,1609,4514,0,1,0,4515,A
2-PB1,1610,4512,1,2,0,4515,A
2-PB1,1611,1,4446,2,3,4452,T
2-PB1,1612,1,3,4457,1,4462,G
2-PB1,1613,4563,0,4,0,4567,A
2-PB1,1614,1,5,0,4621,4627,C
2-PB1,1615,0,0,0,4589,4589,C
2-PB1,1616,1,4488,0,1,4490,T
2-PB1,1617,0,4372,0,7,4379,T
2-PB1,1618,0,4,4394,0,4398,G
2-PB1,1619,2,1,4429,0,4432,G
2-PB1,1620,4449,0,9,0,4458,A
2-PB1,1621,2,1,0,4455,4458,C
2-PB1,1622,1,1,0,4412,4414,C
2-PB1,1623,4350,2,8,0,4360,A
2-PB1,1624,3,1,4434,0,4438,G
2-PB1,1625,0,2,0,4437,4439,C
2-PB1,1626,4445,0,5,0,4450,A
2-PB1,1627,4438,0,6,0,4444,A
2-PB1,1628,0,1,0,4426,4427,C
2-PB1,1629,4370,0,0,0,4370,A
2-PB1,1630,0,0,4465,0,4465,G
2-PB1,1631,1,4,0,4469,4474,C
2-PB1,1632,0,2,1,4461,4464,C
2-PB1,1633,0,3,0,4456,4459,C
2-PB1,1634,4435,0,2,1,4438,A
2-PB1,1635,4421,1,2,1,4425,A
2-PB1,1636,4437,0,1,0,4438,A
2-PB1,1637,1,4447,0,1,4449,T
2-PB1,1638,0,0,4432,0,4432,G
2-PB1,1639,4,3,4354,0,4361,G
2-PB1,1640,0,0,0,4357,4357,C
2-PB1,1641,0,4303,0,7,4310,T
2-PB1,1642,0,0,0,4428,4428,C
2-PB1,1643,0,4408,0,4,4412,T
2-PB1,1644,1,0,0,4456,4457,C
2-PB1,1645,1,8,0,4451,4460,C
2-PB1,1646,4472,1,1,1,4475,A
2-PB1,1647,4478,1,0,0,4479,A
2-PB1,1648,1,4432,0,5,4438,T
2-PB1,1649,1,4379,2,6,4388,T
2-PB1,1650,1,1,4403,0,4405,G
2-PB1,1651,0,4315,0,9,4324,T
2-PB1,1652,2,4292,0,7,4301,T
2-PB1,1653,3,4,0,4311,4318,C
2-PB1,1654,4305,0,1,0,4306,A
2-PB1,1655,0,4289,0,3,4292,T
2-PB1,1656,1,0,0,4306,4307,C
2-PB1,1657,4315,0,4,0,4319,A
2-PB1,1658,4321,0,2,0,4323,A
2-PB1,1659,4317,1,8,1,4327,A
2-PB1,1660,1,1,4513,0,4515,G
2-PB1,1661,4481,0,6,1,4488,A
2-PB1,1662,0,4490,1,8,4499,T
2-PB1,1663,0,4504,0,1,4505,T
2-PB1,1664,4538,0,5,1,4544,A
2-PB1,1665,0,3,0,4665,4668,C
2-PB1,1666,4630,3,10,0,4643,A
2-PB1,1667,1,0,4773,1,4775,G
2-PB1,1668,4722,0,7,0,4729,A
2-PB1,1669,0,4821,0,0,4821,T
2-PB1,1670,4852,1,2,0,4855,A
2-PB1,1671,0,1,0,5099,5100,C
2-PB1,1672,5189,2,7,0,5198,A
2-PB1,1673,1,1,1,5532,5535,C
2-PB1,1674,5460,0,2,2,5464,A
2-PB1,1675,0,5505,0,1,5506,T
2-PB1,1676,5467,0,1,0,5468,A
2-PB1,1677,2,5453,1,4,5460,T
2-PB1,1678,5339,1,0,0,5340,A
2-PB1,1679,2,1,5368,0,5371,G
2-PB1,1680,6,1,5381,0,5388,G
2-PB1,1681,0,5145,0,7,5152,T
2-PB1,1682,2,0,5051,1,5054,G
2-PB1,1683,1,2,0,5203,5206,C
2-PB1,1684,1,0,0,5211,5212,C
2-PB1,1685,5286,0,3,0,5289,A
2-PB1,1686,1,5280,0,0,5281,T
2-PB1,1687,5262,0,4,0,5266,A
2-PB1,1688,6,3,5279,1,5289,G
2-PB1,1689,5121,2,10,0,5133,A
2-PB1,1690,1,0,5208,0,5209,G
2-PB1,1691,0,1,5201,0,5202,G
2-PB1,1692,4961,1,6,0,4968,A
2-PB1,1693,1,0,4998,0,4999,G
2-PB1,1694,4948,0,6,0,4954,A
2-PB1,1695,2,4,1,4969,4976,C
2-PB1,1696,4961,0,8,0,4969,A
2-PB1,1697,0,1,0,5057,5058,C
2-PB1,1698,5040,1,7,0,5048,A
2-PB1,1699,0,4,0,5054,5058,C
2-PB1,1700,5001,1,5,0,5007,A
2-PB1,1701,5025,0,8,0,5033,A
2-PB1,1702,5069,0,3,0,5072,A
2-PB1,1703,1,5060,1,0,5062,T
2-PB1,1704,1,0,0,5083,5084,C
2-PB1,1705,0,4,0,5036,5040,C
2-PB1,1706,4910,0,7,0,4917,A
2-PB1,1707,2,1,4934,1,4938,G
2-PB1,1708,4922,0,6,0,4928,A
2-PB1,1709,1,2,0,4970,4973,C
2-PB1,1710,2,0,4959,0,4961,G
2-PB1,1711,4880,0,4,1,4885,A
2-PB1,1712,0,0,4929,0,4929,G
2-PB1,1713,4905,2,3,0,4910,A
2-PB1,1714,4911,0,5,1,4917,A
2-PB1,1715,1,1,4925,0,4927,G
2-PB1,1716,1,0,4859,0,4860,G
2-PB1,1717,1,4897,1,12,4911,T
2-PB1,1718,2,1,0,4920,4923,C
2-PB1,1719,4941,1,4,0,4946,A
2-PB1,1720,0,4925,1,1,4927,T
2-PB1,1721,2,4910,0,1,4913,T
2-PB1,1722,2,2,0,4916,4920,C
2-PB1,1723,3,4,4933,0,4940,G
2-PB1,1724,4966,0,9,0,4975,A
2-PB1,1725,3,0,5003,0,5006,G
2-PB1,1726,0,4,0,5035,5039,C
2-PB1,1727,1,5022,0,8,5031,T
2-PB1,1728,5075,0,2,0,5077,A
2-PB1,1729,5082,0,2,0,5084,A
2-PB1,1730,5070,0,9,2,5081,A
2-PB1,1731,75,0,5037,0,5112,G
2-PB1,1732,5055,2,3,0,5060,A
2-PB1,1733,4950,0,9,0,4959,A
2-PB1,1734,0,0,5000,0,5000,G
2-PB1,1735,0,2,0,5003,5005,C
2-PB1,1736,1,4908,0,10,4919,T
2-PB1,1737,24,0,4890,1,4915,G
2-PB1,1738,1,4902,0,2,4905,T
2-PB1,1739,1,5,4869,0,4875,G
2-PB1,1740,0,4,4921,0,4925,G
2-PB1,1741,4,4,4989,0,4997,G
2-PB1,1742,4997,0,8,1,5006,A
2-PB1,1743,0,4975,0,1,4976,T
2-PB1,1744,0,1,0,4972,4973,C
2-PB1,1745,4964,0,2,0,4966,A
2-PB1,1746,4993,0,11,0,5004,A
2-PB1,1747,5018,2,8,0,5028,A
2-PB1,1748,1,0,0,5016,5017,C
2-PB1,1749,2,1,0,4974,4977,C
2-PB1,1750,6,0,0,4925,4931,C
2-PB1,1751,4908,0,8,0,4916,A
2-PB1,1752,5002,0,5,1,5008,A
2-PB1,1753,1,4996,0,1,4998,T
2-PB1,1754,2,1,0,5020,5023,C
2-PB1,1755,4972,0,2,2,4976,A
2-PB1,1756,4956,0,11,0,4967,A
2-PB1,1757,0,2,5114,0,5116,G
2-PB1,1758,2,1,5096,0,5099,G
2-PB1,1759,4,1,5084,0,5089,G
2-PB1,1760,0,1,0,5101,5102,C
2-PB1,1761,5018,0,6,0,5024,A
2-PB1,1762,3,3,5312,0,5318,G
2-PB1,1763,3,1,5338,1,5343,G
2-PB1,1764,5390,2,4,0,5396,A
2-PB1,1765,0,0,0,5435,5435,C
2-PB1,1766,0,5339,0,4,5343,T
2-PB1,1767,5508,0,5,0,5513,A
2-PB1,1768,1,5486,0,8,5495,T
2-PB1,1769,0,5494,0,6,5500,T
2-PB1,1770,1,3,5539,0,5543,G
2-PB1,1771,1,1,5644,0,5646,G
2-PB1,1772,0,5557,0,7,5564,T
2-PB1,1773,5563,0,2,0,5565,A
2-PB1,1774,0,5480,0,16,5496,T
2-PB1,1775,0,5,0,5489,5494,C
2-PB1,1776,5381,1,3,0,5385,A
2-PB1,1777,0,1,5413,1,5415,G
2-PB1,1778,5400,0,4,0,5404,A
2-PB1,1779,1,5378,0,2,5381,T
2-PB1,1780,1,3,5188,0,5192,G
2-PB1,1781,3,2,5178,0,5183,G
2-PB1,1782,5,2,5173,2,5182,G
2-PB1,1783,3,2,5198,0,5203,G
2-PB1,1784,1,3,5223,0,5227,G
2-PB1,1785,5203,1,9,0,5213,A
2-PB1,1786,0,2,0,5183,5185,C
2-PB1,1787,2,5,1,5163,5171,C
2-PB1,1788,5190,0,1,0,5191,A
2-PB1,1789,5604,0,6,1,5611,A
2-PB1,1790,5647,0,4,1,5652,A
2-PB1,1791,0,4,0,5772,5776,C
2-PB1,1792,0,5694,0,13,5707,T
2-PB1,1793,0,5674,0,1,5675,T
2-PB1,1794,5697,1,0,0,5698,A
2-PB1,1795,0,5688,0,4,5692,T
2-PB1,1796,5698,2,1,0,5701,A
2-PB1,1797,0,3,0,5711,5714,C
2-PB1,1798,5259,1,3,0,5263,A
2-PB1,1799,5277,1,3,0,5281,A
2-PB1,1800,1,5129,0,0,5130,T
2-PB1,1801,5221,0,2,1,5224,A
2-PB1,1802,2,5196,0,2,5200,T
2-PB1,1803,1,2,0,5203,5206,C
2-PB1,1804,1,2,0,5201,5204,C
2-PB1,1805,1,2,5202,1,5206,G
2-PB1,1806,2,1,5211,0,5214,G
2-PB1,1807,5210,1,0,0,5211,A
2-PB1,1808,5244,0,1,1,5246,A
2-PB1,1809,0,5245,0,2,5247,T
2-PB1,1810,2,0,0,5396,5398,C
2-PB1,1811,2,5380,0,5,5387,T
2-PB1,1812,0,5389,0,8,5397,T
2-PB1,1813,1,1,1,5395,5398,C
2-PB1,1814,5396,6,2,0,5404,A
2-PB1,1815,0,0,1,5421,5422,C
2-PB1,1816,5399,0,3,0,5402,A
2-PB1,1817,0,5732,0,5,5737,T
2-PB1,1818,1,0,0,5756,5757,C
2-PB1,1819,1,1,1,5724,5727,C
2-PB1,1820,2,2,0,5773,5777,C
2-PB1,1821,4,5747,1,10,5762,T
2-PB1,1822,4,2,5757,0,5763,G
2-PB1,1823,5756,0,1,1,5758,A
2-PB1,1824,5748,1,4,0,5753,A
2-PB1,1825,0,0,5778,0,5778,G
2-PB1,1826,0,5415,0,6,5421,T
2-PB1,1827,0,0,0,5449,5449,C
2-PB1,1828,0,5248,1,2,5251,T
2-PB1,1829,3,0,5477,0,5480,G
2-PB1,1830,1,1,0,5482,5484,C
2-PB1,1831,1,5450,1,6,5458,T
2-PB1,1832,2,5469,0,2,5473,T
2-PB1,1833,5446,0,2,1,5449,A
2-PB1,1834,5470,1,5,0,5476,A
2-PB1,1835,5491,0,5,0,5496,A
2-PB1,1836,2,1,5545,0,5548,G
2-PB1,1837,0,5423,0,8,5431,T
2-PB1,1838,1,3,5286,0,5290,G
2-PB1,1839,1,3,5337,0,5341,G
2-PB1,1840,8,2,5405,0,5415,G
2-PB1,1841,5365,0,13,1,5379,A
2-PB1,1842,0,0,5402,0,5402,G
2-PB1,1843,16,2,0,5378,5396,C
2-PB1,1844,0,5369,0,9,5378,T
2-PB1,1845,0,2,5394,0,5396,G
2-PB1,1846,5368,0,5,0,5373,A
2-PB1,1847,1,5375,0,6,5382,T
2-PB1,1848,3,3,5396,0,5402,G
2-PB1,1849,2,1,5361,0,5364,G
2-PB1,1850,5340,1,5,1,5347,A
2-PB1,1851,1,5347,0,0,5348,T
2-PB1,1852,1,4,5342,0,5347,G
2-PB1,1853,5311,0,5,0,5316,A
2-PB1,1854,0,0,5424,0,5424,G
2-PB1,1855,5382,3,4,0,5389,A
2-PB1,1856,5407,0,2,0,5409,A
2-PB1,1857,2,5363,0,3,5368,T
2-PB1,1858,0,5330,0,1,5331,T
2-PB1,1859,5359,0,2,0,5361,A
2-PB1,1860,1,5343,0,0,5344,T
2-PB1,1861,2,2,0,5346,5350,C
2-PB1,1862,2,3,5429,0,5434,G
2-PB1,1863,2,2,5396,0,5400,G
2-PB1,1864,2,1,5368,0,5371,G
2-PB1,1865,0,1,5369,1,5371,G
2-PB1,1866,5356,0,2,2,5360,A
2-PB1,1867,5366,0,16,0,5382,A
2-PB1,1868,0,0,5408,0,5408,G
2-PB1,1869,5437,0,9,1,5447,A
2-PB1,1870,0,0,0,5444,5444,C
2-PB1,1871,0,5338,0,5,5343,T
2-PB1,1872,0,3,0,5328,5331,C
2-PB1,1873,1,5700,1,7,5709,T
2-PB1,1874,0,0,5813,0,5813,G
2-PB1,1875,1,5818,0,5,5824,T
2-PB1,1876,5781,0,2,0,5783,A
2-PB1,1877,5773,0,2,1,5776,A
2-PB1,1878,0,5682,1,10,5693,T
2-PB1,1879,1,0,0,5761,5762,C
2-PB1,1880,0,2,0,5747,5749,C
2-PB1,1881,0,3,0,5614,5617,C
2-PB1,1882,5,0,0,5661,5666,C
2-PB1,1883,1,5547,1,4,5553,T
2-PB1,1884,3,2,5567,0,5572,G
2-PB1,1885,5547,0,2,0,5549,A
2-PB1,1886,5573,0,3,0,5576,A
2-PB1,1887,0,5568,1,7,5576,T
2-PB1,1888,1,2,0,5568,5571,C
2-PB1,1889,2,2,0,5513,5517,C
2-PB1,1890,2,2,0,5419,5423,C
2-PB1,1891,0,5363,0,5,5368,T
2-PB1,1892,0,5364,0,8,5372,T
2-PB1,1893,2,5342,0,5,5349,T
2-PB1,1894,6,1,5344,0,5351,G
2-PB1,1895,0,5328,0,7,5335,T
2-PB1,1896,3,2,0,5316,5321,C
2-PB1,1897,5247,1,9,0,5257,A
2-PB1,1898,4,2,5353,0,5359,G
2-PB1,1899,0,1,0,5348,5349,C
2-PB1,1900,0,2,0,5351,5353,C
2-PB1,1901,5358,0,1,0,5359,A
2-PB1,1902,4,5365,0,5,5374,T
2-PB1,1903,5377,0,4,0,5381,A
2-PB1,1904,5389,0,4,0,5393,A
2-PB1,1905,5380,0,7,0,5387,A
2-PB1,1906,0,2,5552,0,5554,G
2-PB1,1907,5382,1,7,2,5392,A
2-PB1,1908,5405,1,4,0,5410,A
2-PB1,1909,5424,0,7,0,5431,A
2-PB1,1910,1,5413,0,0,5414,T
2-PB1,1911,1,5402,1,1,5405,T
2-PB1,1912,0,0,5419,0,5419,G
2-PB1,1913,5368,0,7,0,5375,A
2-PB1,1914,4,0,5491,1,5496,G
2-PB1,1915,1,5432,0,11,5444,T
2-PB1,1916,3,2,0,5505,5510,C
2-PB1,1917,1,5490,0,5,5496,T
2-PB1,1918,2,0,5634,0,5636,G
2-PB1,1919,2,5629,0,7,5638,T
2-PB1,1920,5724,0,2,0,5726,A
2-PB1,1921,5712,0,2,0,5714,A
2-PB1,1922,5710,0,8,1,5719,A
2-PB1,1923,2,1,0,5749,5752,C
2-PB1,1924,5598,1,0,0,5599,A
2-PB1,1925,5824,0,3,0,5827,A
2-PB1,1926,0,5805,1,0,5806,T
2-PB1,1927,1,0,5805,0,5806,G
2-PB1,1928,0,1,0,5846,5847,C
2-PB1,1929,0,5738,1,12,5751,T
2-PB1,1930,2,2,6004,0,6008,G
2-PB1,1931,0,6008,0,4,6012,T
2-PB1,1932,6105,0,0,0,6105,A
2-PB1,1933,2,0,6122,0,6124,G
2-PB1,1934,0,5999,0,3,6002,T
2-PB1,1935,5980,2,2,0,5984,A
2-PB1,1936,5961,0,4,0,5965,A
2-PB1,1937,1,5918,0,2,5921,T
2-PB1,1938,1,1,5892,0,5894,G
2-PB1,1939,1,5,0,5822,5828,C
2-PB1,1940,0,1,0,5774,5775,C
2-PB1,1941,5655,0,8,0,5663,A
2-PB1,1942,1,0,5693,1,5695,G
2-PB1,1943,1,1,0,5810,5812,C
2-PB1,1944,2,2,0,5799,5803,C
2-PB1,1945,7,0,0,5804,5811,C
2-PB1,1946,5769,1,5,0,5775,A
2-PB1,1947,1,5759,0,9,5769,T
2-PB1,1948,2,0,5770,1,5773,G
2-PB1,1949,1,1,5773,1,5776,G
2-PB1,1950,2,5729,1,7,5739,T
2-PB1,1951,0,2,1,5699,5702,C
2-PB1,1952,0,4,0,5510,5514,C
2-PB1,1953,8,2,5585,0,5595,G
2-PB1,1954,5,3,5586,0,5594,G
2-PB1,1955,1,1,2,5557,5561,C
2-PB1,1956,3,1,0,5584,5588,C
2-PB1,1957,5601,1,0,0,5602,A
2-PB1,1958,5607,0,5,0,5612,A
2-PB1,1959,5609,0,3,0,5612,A
2-PB1,1960,5635,1,11,0,5647,A
2-PB1,1961,4,0,5862,0,5866,G
2-PB1,1962,1,5668,0,7,5676,T
2-PB1,1963,5705,1,6,0,5712,A
2-PB1,1964,0,5719,0,2,5721,T
2-PB1,1965,3,1,5717,0,5721,G
2-PB1,1966,1,1,5825,0,5827,G
2-PB1,1967,5793,0,3,0,5796,A
2-PB1,1968,5866,2,4,0,5872,A
2-PB1,1969,0,5838,0,3,5841,T
2-PB1,1970,5737,0,3,0,5740,A
2-PB1,1971,0,5723,0,5,5728,T
2-PB1,1972,3,0,5694,0,5697,G
2-PB1,1973,5689,1,7,1,5698,A
2-PB1,1974,1,5673,0,8,5682,T
2-PB1,1975,1,2,5526,0,5529,G
2-PB1,1976,0,3,0,5519,5522,C
2-PB1,1977,3,1,0,5442,5446,C
2-PB1,1978,2,0,5470,0,5472,G
2-PB1,1979,0,5428,2,5,5435,T
2-PB1,1980,1,5429,1,7,5438,T
2-PB1,1981,1,0,5464,0,5465,G
2-PB1,1982,1,2,0,5604,5607,C
2-PB1,1983,5611,1,6,0,5618,A
2-PB1,1984,5699,1,7,0,5707,A
2-PB1,1985,0,4,0,5728,5732,C
2-PB1,1986,1,5687,0,3,5691,T
2-PB1,1987,5722,2,4,0,5728,A
2-PB1,1988,1,1,0,5714,5716,C
2-PB1,1989,5710,1,6,0,5717,A
2-PB1,1990,1,1,1,5719,5722,C
2-PB1,1991,5456,1,4,0,5461,A
2-PB1,1992,0,3,0,5825,5828,C
2-PB1,1993,1,5638,1,7,5647,T
2-PB1,1994,1,2,0,5711,5714,C
2-PB1,1995,2,1,0,5718,5721,C
2-PB1,1996,0,5644,1,10,5655,T
2-PB1,1997,1,1,5647,0,5649,G
2-PB1,1998,2,0,5654,0,5656,G
2-PB1,1999,5627,0,10,0,5637,A
2-PB1,2000,0,5650,0,1,5651,T
2-PB1,2001,0,4921,0,3,4924,T
2-PB1,2002,0,3,0,5023,5026,C
2-PB1,2003,3,0,0,4947,4950,C
2-PB1,2004,2,0,0,4968,4970,C
2-PB1,2005,4980,0,2,1,4983,A
2-PB1,2006,4954,0,7,1,4962,A
2-PB1,2007,1,1,4967,0,4969,G
2-PB1,2008,4930,0,6,0,4936,A
2-PB1,2009,1,0,4946,0,4947,G
2-PB1,2010,4,2,4963,0,4969,G
2-PB1,2011,4876,2,6,0,4884,A
2-PB1,2012,4881,1,7,0,4889,A
2-PB1,2013,0,3,1,4869,4873,C
2-PB1,2014,2,0,0,4840,4842,C
2-PB1,2015,0,0,4953,0,4953,G
2-PB1,2016,0,1,0,4935,4936,C
2-PB1,2017,2,4898,1,11,4912,T
2-PB1,2018,0,1,0,4947,4948,C
2-PB1,2019,1,4868,0,2,4871,T
2-PB1,2020,5362,0,0,1,5363,A
2-PB1,2021,1,5339,0,13,5353,T
2-PB1,2022,0,5347,1,4,5352,T
2-PB1,2023,1,1,0,5365,5367,C
2-PB1,2024,1,5169,1,8,5179,T
2-PB1,2025,5186,0,4,0,5190,A
2-PB1,2026,5198,0,0,0,5198,A
2-PB1,2027,5195,0,5,0,5200,A
2-PB1,2028,0,1,0,5218,5219,C
2-PB1,2029,4774,1,5,0,4780,A
2-PB1,2030,0,0,0,4771,4771,C
2-PB1,2031,4683,0,4,1,4688,A
2-PB1,2032,4746,2,6,2,4756,A
2-PB1,2033,2,1,4778,0,4781,G
2-PB1,2034,1,3,0,4767,4771,C
2-PB1,2035,0,0,0,4795,4795,C
2-PB1,2036,4726,2,5,1,4734,A
2-PB1,2037,4722,0,5,0,4727,A
2-PB1,2038,4723,0,6,1,4730,A
2-PB1,2039,1,2,4800,0,4803,G
2-PB1,2040,0,2,4802,0,4804,G
2-PB1,2041,2,2,4705,0,4709,G
2-PB1,2042,1,1,4718,1,4721,G
2-PB1,2043,4667,0,7,1,4675,A
2-PB1,2044,4699,1,0,2,4702,A
2-PB1,2045,0,4721,1,2,4724,T
2-PB1,2046,1,4704,0,7,4712,T
2-PB1,2047,0,1,0,4731,4732,C
2-PB1,2048,0,4664,0,8,4672,T
2-PB1,2049,1,4685,0,0,4686,T
2-PB1,2050,0,1,4688,0,4689,G
2-PB1,2051,4659,0,6,2,4667,A
2-PB1,2052,1,0,4725,0,4726,G
2-PB1,2053,0,3,4729,0,4732,G
2-PB1,2054,4743,0,0,0,4743,A
2-PB1,2055,0,4722,1,8,4731,T
2-PB1,2056,1,1,4841,0,4843,G
2-PB1,2057,4821,0,8,0,4829,A
2-PB1,2058,4831,0,8,0,4839,A
2-PB1,2059,0,1,0,4851,4852,C
2-PB1,2060,4771,1,1,1,4774,A
2-PB1,2061,2,1,4827,1,4831,G
2-PB1,2062,4780,0,3,0,4783,A
2-PB1,2063,1,4779,0,3,4783,T
2-PB1,2064,0,0,4798,2,4800,G
2-PB1,2065,0,4866,0,1,4867,T
2-PB1,2066,4871,2,4,0,4877,A
2-PB1,2067,0,3,0,4853,4856,C
2-PB1,2068,0,3,0,4830,4833,C
2-PB1,2069,4792,1,6,0,4799,A
2-PB1,2070,2,0,4745,0,4747,G
2-PB1,2071,4674,0,5,0,4679,A
2-PB1,2072,4665,1,4,0,4670,A
2-PB1,2073,0,0,4717,0,4717,G
2-PB1,2074,1,4326,0,2,4329,T
2-PB1,2075,2,0,4364,0,4366,G
2-PB1,2076,3,3,0,4371,4377,C
2-PB1,2077,0,4351,0,5,4356,T
2-PB1,2078,8,0,4360,1,4369,G
2-PB1,2079,1,1,0,4341,4343,C
2-PB1,2080,4336,0,4,0,4340,A
2-PB1,2081,4350,0,6,0,4356,A
2-PB1,2082,0,0,0,4306,4306,C
2-PB1,2083,0,4258,0,8,4266,T
2-PB1,2084,0,4040,0,2,4042,T
2-PB1,2085,0,0,4036,0,4036,G
2-PB1,2086,0,4017,0,2,4019,T
2-PB1,2087,0,4018,0,2,4020,T
2-PB1,2088,3,2,0,4009,4014,C
2-PB1,2089,2,1,4013,1,4017,G
2-PB1,2090,3988,1,6,0,3995,A
2-PB1,2091,1,3,4009,0,4013,G
2-PB1,2092,4004,0,3,0,4007,A
2-PB1,2093,4005,0,2,0,4007,A
2-PB1,2094,4008,1,1,0,4010,A
2-PB1,2095,3,3992,0,2,3997,T
2-PB1,2096,0,4005,1,0,4006,T
2-PB1,2097,1,4001,0,4,4006,T
2-PB1,2098,1,3994,0,2,3997,T
2-PB1,2099,0,3992,0,2,3994,T
2-PB1,2100,0,5,0,4003,4008,C
2-PB1,2101,1,2,0,4011,4014,C
2-PB1,2102,5,1,0,4012,4018,C
2-PB1,2103,0,4004,0,6,4010,T
2-PB1,2104,4022,0,1,0,4023,A
2-PB1,2105,1,1,4067,0,4069,G
2-PB1,2106,0,4056,0,1,4057,T
2-PB1,2107,4117,1,3,0,4121,A
2-PB1,2108,1,1,4152,0,4154,G
2-PB1,2109,0,4113,1,4,4118,T
2-PB1,2110,0,4204,0,5,4209,T
2-PB1,2111,2,3,0,4234,4239,C
2-PB1,2112,4294,0,8,0,4302,A
2-PB1,2113,0,4303,0,5,4308,T
2-PB1,2114,4305,2,4,0,4311,A
2-PB1,2115,0,4318,0,3,4321,T
2-PB1,2116,4160,0,2,0,4162,A
2-PB1,2117,2,1,4139,0,4142,G
2-PB1,2118,0,1,4117,0,4118,G
2-PB1,2119,3781,0,13,0,3794,A
2-PB1,2120,1,1,3804,0,3806,G
2-PB1,2121,3616,1,5,0,3622,A
2-PB1,2122,1,0,0,3610,3611,C
2-PB1,2123,2,3,0,3457,3462,C
2-PB1,2124,1,0,3469,0,3470,G
2-PB1,2125,3390,0,4,0,3394,A
2-PB1,2126,0,3393,0,0,3393,T
2-PB1,2127,0,3395,1,2,3398,T
2-PB1,2128,0,0,3394,0,3394,G
2-PB1,2129,0,0,3385,0,3385,G
2-PB1,2130,3384,0,0,1,3385,A
2-PB1,2131,3398,0,1,1,3400,A
2-PB1,2132,0,3364,0,2,3366,T
2-PB1,2133,0,3368,0,2,3370,T
2-PB1,2134,0,3371,0,2,3373,T
2-PB1,2135,1,1,0,3371,3373,C
2-PB1,2136,0,3377,0,4,3381,T
2-PB1,2137,3347,0,3,0,3350,A
2-PB1,2138,1,0,3363,0,3364,G
2-PB1,2139,2,3,0,3358,3363,C
2-PB1,2140,3352,0,1,0,3353,A
2-PB1,2141,1,3367,0,0,3368,T
2-PB1,2142,1,2,3317,0,3320,G
2-PB1,2143,0,0,3394,0,3394,G
2-PB1,2144,0,3386,0,5,3391,T
2-PB1,2145,2,1,3373,0,3376,G
2-PB1,2146,3,0,3366,0,3369,G
2-PB1,2147,3332,0,12,0,3344,A
2-PB1,2148,2,0,3348,0,3350,G
2-PB1,2149,2,0,3351,0,3353,G
2-PB1,2150,1,1,1,3316,3319,C
2-PB1,2151,1,0,0,3287,3288,C
2-PB1,2152,3066,1,4,0,3071,A
2-PB1,2153,1,3059,0,1,3061,T
2-PB1,2154,0,0,3073,0,3073,G
2-PB1,2155,0,0,3118,0,3118,G
2-PB1,2156,1,3011,0,5,3017,T
2-PB1,2157,3,0,3043,0,3046,G
2-PB1,2158,1,2975,2,6,2984,T
2-PB1,2159,2,1,0,2957,2960,C
2-PB1,2160,2,2940,0,3,2945,T
2-PB1,2161,2882,0,3,0,2885,A
2-PB1,2162,5,0,2873,0,2878,G
2-PB1,2163,2,0,2801,0,2803,G
2-PB1,2164,2,0,2760,0,2762,G
2-PB1,2165,2,2,0,2674,2678,C
2-PB1,2166,1,0,0,2471,2472,C
2-PB1,2167,6,1,0,2435,2442,C
2-PB1,2168,1,0,2410,0,2411,G
2-PB1,2169,0,0,2429,1,2430,G
2-PB1,2170,2429,0,0,0,2429,A
2-PB1,2171,0,2426,0,0,2426,T
2-PB1,2172,0,2333,1,1,2335,T
2-PB1,2173,0,0,2313,0,2313,G
2-PB1,2174,2303,0,3,0,2306,A
2-PB1,2175,1,2321,1,2,2325,T
2-PB1,2176,1,0,2321,0,2322,G
2-PB1,2177,1,0,0,2277,2278,C
2-PB1,2178,0,2192,0,4,2196,T
2-PB1,2179,2211,0,1,0,2212,A
2-PB1,2180,0,0,2216,0,2216,G
2-PB1,2181,2206,0,3,0,2209,A
2-PB1,2182,2216,0,2,0,2218,A
2-PB1,2183,0,2190,0,7,2197,T
2-PB1,2184,0,2131,0,2,2133,T
2-PB1,2185,0,3,2129,0,2132,G
2-PB1,2186,2128,0,0,0,2128,A
2-PB1,2187,0,0,0,2126,2126,C
2-PB1,2188,0,2072,2,5,2079,T
2-PB1,2189,0,2076,0,2,2078,T
2-PB1,2190,0,3,0,2072,2075,C
2-PB1,2191,0,0,2076,0,2076,G
2-PB1,2192,2068,1,1,0,2070,A
2-PB1,2193,2077,0,0,0,2077,A
2-PB1,2194,1,2050,1,2,2054,T
2-PB1,2195,0,0,0,2060,2060,C
2-PB1,2196,1,2043,0,1,2045,T
2-PB1,2197,0,1,2044,0,2045,G
2-PB1,2198,0,0,2045,0,2045,G
2-PB1,2199,2042,0,0,0,2042,A
2-PB1,2200,1959,0,6,1,1966,A
2-PB1,2201,0,0,1983,0,1983,G
2-PB1,2202,0,0,2036,0,2036,G
2-PB1,2203,2043,0,1,0,2044,A
2-PB1,2204,0,2018,0,1,2019,T
2-PB1,2205,0,2027,0,1,2028,T
2-PB1,2206,2028,0,3,0,2031,A
2-PB1,2207,2024,0,6,0,2030,A
2-PB1,2208,0,0,2032,0,2032,G
2-PB1,2209,2015,1,8,0,2024,A
2-PB1,2210,1924,0,3,0,1927,A
2-PB1,2211,1,0,1764,0,1765,G
2-PB1,2212,0,1,1763,0,1764,G
2-PB1,2213,1762,1,2,0,1765,A
2-PB1,2214,1761,0,3,0,1764,A
2-PB1,2215,0,0,1767,0,1767,G
2-PB1,2216,1676,1,2,0,1679,A
2-PB1,2217,2,0,1686,0,1688,G
2-PB1,2218,1,1589,1,4,1595,T
2-PB1,2219,0,1567,0,2,1569,T
2-PB1,2220,1,0,1,1584,1586,C
2-PB1,2221,0,1525,0,0,1525,T
2-PB1,2222,0,0,0,1537,1537,C
2-PB1,2223,0,1529,0,3,1532,T
2-PB1,2224,0,0,1530,0,1530,G
2-PB1,2225,1481,0,2,0,1483,A
2-PB1,2226,0,0,1470,0,1470,G
2-PB1,2227,1452,0,1,0,1453,A
2-PB1,2228,0,1423,0,3,1426,T
2-PB1,2229,2,1,0,1342,1345,C
2-PB1,2230,1348,0,3,0,1351,A
2-PB1,2231,0,1348,0,0,1348,T
2-PB1,2232,2,0,1345,0,1347,G
2-PB1,2233,1346,0,0,0,1346,A
2-PB1,2234,1336,0,3,0,1339,A
2-PB1,2235,0,0,1329,0,1329,G
2-PB1,2236,1309,0,2,0,1311,A
2-PB1,2237,1,1303,0,2,1306,T
2-PB1,2238,1,0,0,1302,1303,C
2-PB1,2239,0,1211,0,1,1212,T
2-PB1,2240,0,0,1218,0,1218,G
2-PB1,2241,0,1215,0,2,1217,T
2-PB1,2242,1,1200,1,2,1204,T
2-PB1,2243,2,0,0,1199,1201,C
2-PB1,2244,1,0,0,1117,1118,C
2-PB1,2245,1116,0,3,0,1119,A
2-PB1,2246,0,0,0,1119,1119,C
2-PB1,2247,1,1,0,996,998,C
2-PB1,2248,967,0,1,1,969,A
2-PB1,2249,0,896,0,3,899,T
2-PB1,2250,0,876,0,1,877,T
2-PB1,2251,0,0,879,0,879,G
2-PB1,2252,868,0,1,0,869,A
2-PB1,2253,864,0,4,0,868,A
2-PB1,2254,0,0,866,0,866,G
2-PB1,2255,697,0,1,0,698,A
2-PB1,2256,694,1,0,0,695,A
2-PB1,2257,1,0,0,692,693,C
2-PB1,2258,0,659,0,1,660,T
2-PB1,2259,1,1,0,660,662,C
2-PB1,2260,628,0,0,0,628,A
2-PB1,2261,0,0,626,0,626,G
2-PB1,2262,622,0,2,0,624,A
2-PB1,2263,0,0,0,603,603,C
2-PB1,2264,1,0,584,0,585,G
2-PB1,2265,0,0,567,0,567,G
2-PB1,2266,0,0,0,567,567,C
2-PB1,2267,567,0,0,0,567,A
2-PB1,2268,566,0,0,0,566,A
2-PB1,2269,559,0,0,1,560,A
2-PB1,2270,559,0,0,0,559,A
2-PB1,2271,560,1,0,0,561,A
2-PB1,2272,0,550,0,0,550,T
2-PB1,2273,533,0,0,0,533,A
2-PB1,2274,529,0,0,0,529,A
3-PA,1,144,0,0,0,144,A
3-PA,2,0,148,0,0,148,T
3-PA,3,0,0,164,0,164,G
3-PA,4,0,0,166,0,166,G
3-PA,5,165,0,0,0,165,A
3-PA,6,162,0,0,1,163,A
3-PA,7,0,0,173,0,173,G
3-PA,8,177,0,0,0,177,A
3-PA,9,0,178,0,0,178,T
3-PA,10,0,178,0,0,178,T
3-PA,11,0,182,0,0,182,T
3-PA,12,0,183,0,0,183,T
3-PA,13,0,0,198,0,198,G
3-PA,14,0,200,0,0,200,T
3-PA,15,0,0,195,0,195,G
3-PA,16,0,0,0,207,207,C
3-PA,17,0,0,208,0,208,G
3-PA,18,228,0,0,0,228,A
3-PA,19,0,0,0,233,233,C
3-PA,20,234,0,0,0,234,A
3-PA,21,241,0,0,0,241,A
3-PA,22,0,252,0,0,252,T
3-PA,23,0,0,325,0,325,G
3-PA,24,0,0,0,331,331,C
3-PA,25,0,337,0,0,337,T
3-PA,26,0,334,0,0,334,T
3-PA,27,0,0,0,333,333,C
3-PA,28,344,0,0,0,344,A
3-PA,29,346,0,1,0,347,A
3-PA,30,0,1,0,359,360,C
3-PA,31,0,0,0,362,362,C
3-PA,32,0,0,0,363,363,C
3-PA,33,0,0,369,0,369,G
3-PA,34,367,0,0,0,367,A
3-PA,35,0,369,0,0,369,T
3-PA,36,2,3,366,0,371,G
3-PA,37,373,0,0,0,373,A
3-PA,38,0,381,0,0,381,T
3-PA,39,0,385,0,0,385,T
3-PA,40,0,0,385,0,385,G
3-PA,41,0,384,0,1,385,T
3-PA,42,0,1,0,383,384,C
3-PA,43,0,0,386,0,386,G
3-PA,44,385,0,0,0,385,A
3-PA,45,389,0,1,0,390,A
3-PA,46,0,0,0,396,396,C
3-PA,47,0,394,0,0,394,T
3-PA,48,0,394,0,0,394,T
3-PA,49,0,0,394,0,394,G
3-PA,50,0,0,0,395,395,C
3-PA,51,396,0,0,0,396,A
3-PA,52,0,0,400,0,400,G
3-PA,53,398,0,1,0,399,A
3-PA,54,397,1,0,1,399,A
3-PA,55,401,0,1,0,402,A
3-PA,56,405,0,2,0,407,A
3-PA,57,410,0,0,0,410,A
3-PA,58,1,0,438,0,439,G
3-PA,59,0,0,0,474,474,C
3-PA,60,476,0,0,0,476,A
3-PA,61,539,1,1,1,542,A
3-PA,62,0,547,0,0,547,T
3-PA,63,0,1,557,1,559,G
3-PA,64,562,0,0,0,562,A
3-PA,65,564,0,1,0,565,A
3-PA,66,572,0,2,0,574,A
3-PA,67,0,0,617,0,617,G
3-PA,68,640,0,1,0,641,A
3-PA,69,0,0,728,0,728,G
3-PA,70,0,726,0,1,727,T
3-PA,71,727,0,0,0,727,A
3-PA,72,0,729,0,3,732,T
3-PA,73,0,0,737,0,737,G
3-PA,74,1,0,735,0,736,G
3-PA,75,0,0,734,0,734,G
3-PA,76,0,0,733,0,733,G
3-PA,77,713,1,3,0,717,A
3-PA,78,0,0,731,1,732,G
3-PA,79,0,1,728,0,729,G
3-PA,80,728,0,0,0,728,A
3-PA,81,0,732,0,0,732,T
3-PA,82,0,724,0,8,732,T
3-PA,83,0,737,0,0,737,T
3-PA,84,0,0,736,0,736,G
3-PA,85,738,0,0,0,738,A
3-PA,86,739,0,0,0,739,A
3-PA,87,742,0,0,0,742,A
3-PA,88,742,0,0,0,742,A
3-PA,89,0,744,0,0,744,T
3-PA,90,0,741,0,0,741,T
3-PA,91,0,0,744,0,744,G
3-PA,92,742,0,0,0,742,A
3-PA,93,737,0,5,1,743,A
3-PA,94,741,1,1,0,743,A
3-PA,95,0,0,0,748,748,C
3-PA,96,755,0,0,0,755,A
3-PA,97,762,0,0,0,762,A
3-PA,98,760,0,1,0,761,A
3-PA,99,0,0,0,768,768,C
3-PA,100,766,0,0,0,766,A
3-PA,101,766,0,0,0,766,A
3-PA,102,769,0,0,0,769,A
3-PA,103,0,767,0,0,767,T
3-PA,104,0,770,0,1,771,T
3-PA,105,0,774,0,1,775,T
3-PA,106,1,0,777,0,778,G
3-PA,107,0,1,0,780,781,C
3-PA,108,782,0,0,0,782,A
3-PA,109,0,0,832,0,832,G
3-PA,110,0,0,0,836,836,C
3-PA,111,877,0,0,0,877,A
3-PA,112,891,0,0,0,891,A
3-PA,113,0,906,0,0,906,T
3-PA,114,936,0,0,0,936,A
3-PA,115,0,935,0,0,935,T
3-PA,116,4,0,948,0,952,G
3-PA,117,0,0,0,956,956,C
3-PA,118,946,1,2,0,949,A
3-PA,119,0,0,0,992,992,C
3-PA,120,1,986,0,0,987,T
3-PA,121,1,0,0,1244,1245,C
3-PA,122,1262,0,0,0,1262,A
3-PA,123,1,0,0,1310,1311,C
3-PA,124,0,1309,0,2,1311,T
3-PA,125,0,1310,0,1,1311,T
3-PA,126,0,1,1303,0,1304,G
3-PA,127,0,0,1329,0,1329,G
3-PA,128,1314,0,3,0,1317,A
3-PA,129,1,0,1345,0,1346,G
3-PA,130,1,0,1340,0,1341,G
3-PA,131,1,1293,0,2,1296,T
3-PA,132,0,0,1357,0,1357,G
3-PA,133,0,1352,0,3,1355,T
3-PA,134,0,0,1394,0,1394,G
3-PA,135,0,1396,0,1,1397,T
3-PA,136,0,1394,0,1,1395,T
3-PA,137,0,1395,0,1,1396,T
3-PA,138,0,0,0,1402,1402,C
3-PA,139,1397,0,3,0,1400,A
3-PA,140,0,1398,0,1,1399,T
3-PA,141,0,0,1425,0,1425,G
3-PA,142,0,1412,0,0,1412,T
3-PA,143,1411,0,0,0,1411,A
3-PA,144,0,1408,0,0,1408,T
3-PA,145,0,1401,0,1,1402,T
3-PA,146,0,0,0,1421,1421,C
3-PA,147,1409,0,0,0,1409,A
3-PA,148,0,0,1428,1,1429,G
3-PA,149,1426,0,2,0,1428,A
3-PA,150,0,1419,0,0,1419,T
3-PA,151,0,1410,1,4,1415,T
3-PA,152,0,1417,0,0,1417,T
3-PA,153,0,0,0,1418,1418,C
3-PA,154,1,0,0,1431,1432,C
3-PA,155,1434,0,2,0,1436,A
3-PA,156,0,1442,0,3,1445,T
3-PA,157,0,1433,0,1,1434,T
3-PA,158,0,1436,0,0,1436,T
3-PA,159,0,1,0,1443,1444,C
3-PA,160,1449,0,1,1,1451,A
3-PA,161,0,1496,1,2,1499,T
3-PA,162,0,0,0,1503,1503,C
3-PA,163,1503,0,0,0,1503,A
3-PA,164,1497,0,0,1,1498,A
3-PA,165,1,1497,0,0,1498,T
3-PA,166,0,1,1561,0,1562,G
3-PA,167,1560,0,2,0,1562,A
3-PA,168,1558,0,3,0,1561,A
3-PA,169,0,0,0,1561,1561,C
3-PA,170,1548,0,0,0,1548,A
3-PA,171,1582,0,2,0,1584,A
3-PA,172,1,0,1605,0,1606,G
3-PA,173,0,0,1600,0,1600,G
3-PA,174,0,4,0,1598,1602,C
3-PA,175,1,1,1589,0,1591,G
3-PA,176,1704,0,0,0,1704,A
3-PA,177,1716,0,1,0,1717,A
3-PA,178,0,1721,0,1,1722,T
3-PA,179,1,0,0,1743,1744,C
3-PA,180,1743,0,0,0,1743,A
3-PA,181,1736,0,2,0,1738,A
3-PA,182,0,1746,0,3,1749,T
3-PA,183,1742,0,2,0,1744,A
3-PA,184,0,0,1790,0,1790,G
3-PA,185,0,1737,0,1,1738,T
3-PA,186,1,1,1756,0,1758,G
3-PA,187,3,0,1753,0,1756,G
3-PA,188,1,1747,0,0,1748,T
3-PA,189,1749,0,1,0,1750,A
3-PA,190,0,1,1767,0,1768,G
3-PA,191,1771,0,0,0,1771,A
3-PA,192,1780,0,2,0,1782,A
3-PA,193,0,2,0,1775,1777,C
3-PA,194,0,1739,0,3,1742,T
3-PA,195,0,1742,0,1,1743,T
3-PA,196,0,0,1745,0,1745,G
3-PA,197,1734,0,5,0,1739,A
3-PA,198,0,2,0,1739,1741,C
3-PA,199,1,3,1721,0,1725,G
3-PA,200,1756,0,2,0,1758,A
3-PA,201,0,1773,0,3,1776,T
3-PA,202,0,0,0,1795,1795,C
3-PA,203,1,1,0,1817,1819,C
3-PA,204,1819,0,2,0,1821,A
3-PA,205,1821,0,0,0,1821,A
3-PA,206,1828,0,3,0,1831,A
3-PA,207,0,1825,0,2,1827,T
3-PA,208,0,0,1833,0,1833,G
3-PA,209,1,0,0,1819,1820,C
3-PA,210,1800,1,1,0,1802,A
3-PA,211,0,0,0,1869,1869,C
3-PA,212,0,1814,0,2,1816,T
3-PA,213,1,0,2007,0,2008,G
3-PA,214,0,2006,0,2,2008,T
3-PA,215,1,2001,0,0,2002,T
3-PA,216,2004,0,1,0,2005,A
3-PA,217,1998,0,4,0,2002,A
3-PA,218,1995,0,7,0,2002,A
3-PA,219,0,0,2024,0,2024,G
3-PA,220,0,0,0,1995,1995,C
3-PA,221,1965,0,1,0,1966,A
3-PA,222,0,0,0,1966,1966,C
3-PA,223,1856,0,5,0,1861,A
3-PA,224,0,0,1929,0,1929,G
3-PA,225,1922,0,1,1,1924,A
3-PA,226,0,1923,0,0,1923,T
3-PA,227,0,1915,0,1,1916,T
3-PA,228,0,1912,1,1,1914,T
3-PA,229,0,2,1911,2,1915,G
3-PA,230,1916,0,0,0,1916,A
3-PA,231,1917,1,2,0,1920,A
3-PA,232,1928,0,0,1,1929,A
3-PA,233,0,1877,0,0,1877,T
3-PA,234,1870,2,1,0,1873,A
3-PA,235,1904,0,1,0,1905,A
3-PA,236,2,1899,0,1,1902,T
3-PA,237,0,3,0,1908,1911,C
3-PA,238,0,0,1905,0,1905,G
3-PA,239,1885,0,1,0,1886,A
3-PA,240,1,0,1924,0,1925,G
3-PA,241,0,3,1962,0,1965,G
3-PA,242,0,1,1966,0,1967,G
3-PA,243,1,0,1975,1,1977,G
3-PA,244,1938,0,3,0,1941,A
3-PA,245,0,1,1954,0,1955,G
3-PA,246,1997,0,6,0,2003,A
3-PA,247,0,0,2015,0,2015,G
3-PA,248,2014,0,5,0,2019,A
3-PA,249,0,0,0,2030,2030,C
3-PA,250,1988,0,3,0,1991,A
3-PA,251,0,1,2039,0,2040,G
3-PA,252,2027,0,6,0,2033,A
3-PA,253,2064,0,6,0,2070,A
3-PA,254,0,0,0,2066,2066,C
3-PA,255,2005,0,1,0,2006,A
3-PA,256,2004,0,1,1,2006,A
3-PA,257,0,2009,0,1,2010,T
3-PA,258,0,1,2098,0,2099,G
3-PA,259,0,0,2094,0,2094,G
3-PA,260,0,1,1,2085,2087,C
3-PA,261,0,2,0,2091,2093,C
3-PA,262,0,2061,1,4,2066,T
3-PA,263,0,0,2190,0,2190,G
3-PA,264,0,2,2187,0,2189,G
3-PA,265,2180,0,6,0,2186,A
3-PA,266,0,3,0,2237,2240,C
3-PA,267,2136,0,2,1,2139,A
3-PA,268,1,0,2465,0,2466,G
3-PA,269,0,2462,0,3,2465,T
3-PA,270,2237,246,2,0,2485,A
3-PA,271,0,0,2546,0,2546,G
3-PA,272,0,2506,0,1,2507,T
3-PA,273,2511,0,2,0,2513,A
3-PA,274,2512,0,3,0,2515,A
3-PA,275,2482,0,5,1,2488,A
3-PA,276,0,2,0,2515,2517,C
3-PA,277,2337,1,2,0,2340,A
3-PA,278,2,0,2454,0,2456,G
3-PA,279,0,2436,0,1,2437,T
3-PA,280,2466,0,2,0,2468,A
3-PA,281,0,2452,0,1,2453,T
3-PA,282,0,0,0,2543,2543,C
3-PA,283,0,2533,0,3,2536,T
3-PA,284,0,0,2536,0,2536,G
3-PA,285,0,1,0,2528,2529,C
3-PA,286,2506,0,1,1,2508,A
3-PA,287,2521,0,0,0,2521,A
3-PA,288,0,0,0,2540,2540,C
3-PA,289,2519,0,1,0,2520,A
3-PA,290,0,1,0,2599,2600,C
3-PA,291,1,2565,0,1,2567,T
3-PA,292,2570,0,2,0,2572,A
3-PA,293,0,0,0,2566,2566,C
3-PA,294,0,2557,0,4,2561,T
3-PA,295,0,0,2569,0,2569,G
3-PA,296,1,1,2544,0,2546,G
3-PA,297,2516,0,5,0,2521,A
3-PA,298,0,0,2523,0,2523,G
3-PA,299,0,1,0,2487,2488,C
3-PA,300,1,2477,0,2,2480,T
3-PA,301,8,0,2464,0,2472,G
3-PA,302,2,0,2472,0,2474,G
3-PA,303,2465,0,5,0,2470,A
3-PA,304,2465,0,3,0,2468,A
3-PA,305,2466,0,1,0,2467,A
3-PA,306,2482,0,2,0,2484,A
3-PA,307,0,1,0,2489,2490,C
3-PA,308,3,0,0,2487,2490,C
3-PA,309,2,0,2486,0,2488,G
3-PA,310,2483,1,1,0,2485,A
3-PA,311,2479,0,1,0,2480,A
3-PA,312,0,0,2518,0,2518,G
3-PA,313,0,2506,0,0,2506,T
3-PA,314,0,2505,0,0,2505,T
3-PA,315,2,2500,0,1,2503,T
3-PA,316,0,0,0,2510,2510,C
3-PA,317,0,2515,0,0,2515,T
3-PA,318,2524,0,3,0,2527,A
3-PA,319,1,0,0,2512,2513,C
3-PA,320,1,0,0,2514,2515,C
3-PA,321,2498,0,1,0,2499,A
3-PA,322,0,1,2553,0,2554,G
3-PA,323,2545,0,0,0,2545,A
3-PA,324,0,2548,0,0,2548,T
3-PA,325,0,2544,0,2,2546,T
3-PA,326,0,2534,0,0,2534,T
3-PA,327,0,1,2548,0,2549,G
3-PA,328,0,2550,0,2,2552,T
3-PA,329,2545,0,1,0,2546,A
3-PA,330,1,2542,0,0,2543,T
3-PA,331,1,1,2509,0,2511,G
3-PA,332,2609,0,1,0,2610,A
3-PA,333,0,2611,0,1,2612,T
3-PA,334,0,2609,0,0,2609,T
3-PA,335,2619,0,3,0,2622,A
3-PA,336,0,0,0,2623,2623,C
3-PA,337,2622,1,0,0,2623,A
3-PA,338,2619,1,2,0,2622,A
3-PA,339,2491,0,4,0,2495,A
3-PA,340,0,2,2560,0,2562,G
3-PA,341,2563,0,0,0,2563,A
3-PA,342,1,1,2596,0,2598,G
3-PA,343,2601,1,2,0,2604,A
3-PA,344,2604,0,4,0,2608,A
3-PA,345,0,0,0,2610,2610,C
3-PA,346,2568,0,2,0,2570,A
3-PA,347,1,1,2591,0,2593,G
3-PA,348,2573,0,4,0,2577,A
3-PA,349,0,2558,0,2,2560,T
3-PA,350,2,2543,0,0,2545,T
3-PA,351,1,0,0,2511,2512,C
3-PA,352,2517,0,2,0,2519,A
3-PA,353,0,2495,1,2,2498,T
3-PA,354,0,4,0,2512,2516,C
3-PA,355,0,0,2513,0,2513,G
3-PA,356,2523,1,1,0,2525,A
3-PA,357,2525,0,1,0,2526,A
3-PA,358,2538,0,1,0,2539,A
3-PA,359,0,2521,0,4,2525,T
3-PA,360,0,2517,0,0,2517,T
3-PA,361,1,1,2522,0,2524,G
3-PA,362,0,1,2538,0,2539,G
3-PA,363,1,2,2535,0,2538,G
3-PA,364,1,0,2558,0,2559,G
3-PA,365,0,2515,0,1,2516,T
3-PA,366,4,1,2531,0,2536,G
3-PA,367,2536,1,4,0,2541,A
3-PA,368,0,2,0,2565,2567,C
3-PA,369,2568,0,1,0,2569,A
3-PA,370,2556,0,3,0,2559,A
3-PA,371,4,0,2615,0,2619,G
3-PA,372,1,2,2617,0,2620,G
3-PA,373,2581,1,5,0,2587,A
3-PA,374,2,0,2609,0,2611,G
3-PA,375,2561,2,4,1,2568,A
3-PA,376,0,0,2574,0,2574,G
3-PA,377,2537,0,2,0,2539,A
3-PA,378,2536,0,6,1,2543,A
3-PA,379,0,0,2639,0,2639,G
3-PA,380,0,2525,0,1,2526,T
3-PA,381,0,0,0,2549,2549,C
3-PA,382,1,1,0,2550,2552,C
3-PA,383,2577,0,3,0,2580,A
3-PA,384,0,3,0,2652,2655,C
3-PA,385,2692,0,1,2,2695,A
3-PA,386,0,2737,0,2,2739,T
3-PA,387,2722,59,0,0,2781,A
3-PA,388,0,2680,0,2,2682,T
3-PA,389,2672,0,1,0,2673,A
3-PA,390,0,2643,0,2,2645,T
3-PA,391,0,2622,0,1,2623,T
3-PA,392,2675,0,2,0,2677,A
3-PA,393,1,0,0,2665,2666,C
3-PA,394,0,1,0,2551,2552,C
3-PA,395,0,2489,0,5,2494,T
3-PA,396,0,2424,0,2,2426,T
3-PA,397,1,2,2438,0,2441,G
3-PA,398,2443,0,0,0,2443,A
3-PA,399,2444,1,3,1,2449,A
3-PA,400,2449,1,2,0,2452,A
3-PA,401,2359,0,5,0,2364,A
3-PA,402,0,0,2411,0,2411,G
3-PA,403,2,1,2399,2,2404,G
3-PA,404,2,0,0,2403,2405,C
3-PA,405,0,0,0,2411,2411,C
3-PA,406,2409,0,3,1,2413,A
3-PA,407,2408,0,0,0,2408,A
3-PA,408,0,2407,1,0,2408,T
3-PA,409,2413,0,2,0,2415,A
3-PA,410,2409,1,2,0,2412,A
3-PA,411,0,0,2449,0,2449,G
3-PA,412,2429,0,3,0,2432,A
3-PA,413,0,2434,0,1,2435,T
3-PA,414,0,2435,0,0,2435,T
3-PA,415,2428,1,2,0,2431,A
3-PA,416,2434,0,0,0,2434,A
3-PA,417,2447,0,0,0,2447,A
3-PA,418,1,2458,0,1,2460,T
3-PA,419,1,0,0,2467,2468,C
3-PA,420,0,2395,0,3,2398,T
3-PA,421,0,0,2443,0,2443,G
3-PA,422,2436,0,4,0,2440,A
3-PA,423,0,1,2469,0,2470,G
3-PA,424,2482,0,5,0,2487,A
3-PA,425,2489,1,3,0,2493,A
3-PA,426,0,0,0,2504,2504,C
3-PA,427,2496,0,7,1,2504,A
3-PA,428,0,1,0,2533,2534,C
3-PA,429,2532,1,4,0,2537,A
3-PA,430,0,4,0,2552,2556,C
3-PA,431,2532,1,3,0,2536,A
3-PA,432,0,2,0,2584,2586,C
3-PA,433,2566,0,1,0,2567,A
3-PA,434,1,2540,0,1,2542,T
3-PA,435,1,2539,1,3,2544,T
3-PA,436,0,0,1,2564,2565,C
3-PA,437,2556,0,2,0,2558,A
3-PA,438,1,0,0,2577,2578,C
3-PA,439,2554,0,1,0,2555,A
3-PA,440,0,2548,0,1,2549,T
3-PA,441,0,2305,0,2,2307,T
3-PA,442,0,2349,1,2,2352,T
3-PA,443,0,2340,0,6,2346,T
3-PA,444,1,1,0,2353,2355,C
3-PA,445,0,2328,1,4,2333,T
3-PA,446,1,1,0,2349,2351,C
3-PA,447,2363,0,1,0,2364,A
3-PA,448,0,2344,1,3,2348,T
3-PA,449,0,2354,0,3,2357,T
3-PA,450,1,0,0,2360,2361,C
3-PA,451,2335,0,1,0,2336,A
3-PA,452,0,2,0,2361,2363,C
3-PA,453,0,2338,0,1,2339,T
3-PA,454,1,0,2342,0,2343,G
3-PA,455,1,1,2341,0,2343,G
3-PA,456,2260,0,4,0,2264,A
3-PA,457,1,2,2354,0,2357,G
3-PA,458,2340,0,5,0,2345,A
3-PA,459,0,0,2377,0,2377,G
3-PA,460,2,0,2372,0,2374,G
3-PA,461,2350,0,5,0,2355,A
3-PA,462,2345,0,8,0,2353,A
3-PA,463,2333,0,3,0,2336,A
3-PA,464,0,2298,0,0,2298,T
3-PA,465,1,2,2300,0,2303,G
3-PA,466,1,0,2304,1,2306,G
3-PA,467,0,1,0,2298,2299,C
3-PA,468,0,1,0,2316,2317,C
3-PA,469,2310,0,1,0,2311,A
3-PA,470,0,0,0,2314,2314,C
3-PA,471,2317,0,0,0,2317,A
3-PA,472,2330,0,0,0,2330,A
3-PA,473,2330,0,3,1,2334,A
3-PA,474,0,1,2371,0,2372,G
3-PA,475,1,0,2376,0,2377,G
3-PA,476,0,0,0,2385,2385,C
3-PA,477,2401,0,7,0,2408,A
3-PA,478,0,1,2444,0,2445,G
3-PA,479,2446,0,1,0,2447,A
3-PA,480,1,1,0,2466,2468,C
3-PA,481,0,2460,0,7,2467,T
3-PA,482,2479,0,1,0,2480,A
3-PA,483,0,1,0,2461,2462,C
3-PA,484,2446,0,2,0,2448,A
3-PA,485,0,0,0,2471,2471,C
3-PA,486,0,2356,0,1,2357,T
3-PA,487,0,1,0,2380,2381,C
3-PA,488,1,2336,0,2,2339,T
3-PA,489,1,0,0,2324,2325,C
3-PA,490,1,0,2327,0,2328,G
3-PA,491,2314,0,2,0,2316,A
3-PA,492,0,1,0,2320,2321,C
3-PA,493,0,0,2338,0,2338,G
3-PA,494,2312,0,3,0,2315,A
3-PA,495,0,0,2333,0,2333,G
3-PA,496,0,0,2326,0,2326,G
3-PA,497,2321,0,2,0,2323,A
3-PA,498,2329,0,4,0,2333,A
3-PA,499,2334,0,7,0,2341,A
3-PA,500,0,0,2336,0,2336,G
3-PA,501,2,0,0,2331,2333,C
3-PA,502,2267,0,2,0,2269,A
3-PA,503,1,1,2323,0,2325,G
3-PA,504,0,2,2325,0,2327,G
3-PA,505,1,0,2332,0,2333,G
3-PA,506,1,0,0,2327,2328,C
3-PA,507,0,2325,0,2,2327,T
3-PA,508,2334,0,3,0,2337,A
3-PA,509,1,0,2410,0,2411,G
3-PA,510,1,1,2557,0,2559,G
3-PA,511,2566,0,1,0,2567,A
3-PA,512,0,2498,2,1,2501,T
3-PA,513,0,2462,0,0,2462,T
3-PA,514,2471,0,2,0,2473,A
3-PA,515,2500,0,6,0,2506,A
3-PA,516,1,1,2515,0,2517,G
3-PA,517,2506,0,6,0,2512,A
3-PA,518,1,5,0,2491,2497,C
3-PA,519,0,0,0,2291,2291,C
3-PA,520,2263,0,1,1,2265,A
3-PA,521,1,0,2277,0,2278,G
3-PA,522,1,0,2280,0,2281,G
3-PA,523,1,0,0,2298,2299,C
3-PA,524,0,2221,0,2,2223,T
3-PA,525,1,0,2279,0,2280,G
3-PA,526,0,2253,1,7,2261,T
3-PA,527,1,2256,0,2,2259,T
3-PA,528,0,2263,0,2,2265,T
3-PA,529,2268,1,1,0,2270,A
3-PA,530,1,1,0,2314,2316,C
3-PA,531,1,0,0,2271,2272,C
3-PA,532,2263,0,5,0,2268,A
3-PA,533,0,2265,0,2,2267,T
3-PA,534,2157,0,0,0,2157,A
3-PA,535,2156,0,0,0,2156,A
3-PA,536,0,1,2187,1,2189,G
3-PA,537,2183,0,5,0,2188,A
3-PA,538,0,0,0,2190,2190,C
3-PA,539,2108,1,0,0,2109,A
3-PA,540,2114,0,2,1,2117,A
3-PA,541,0,0,2133,0,2133,G
3-PA,542,2123,0,1,0,2124,A
3-PA,543,2115,1,3,0,2119,A
3-PA,544,2106,0,2,2,2110,A
3-PA,545,0,2057,0,0,2057,T
3-PA,546,0,2,2107,0,2109,G
3-PA,547,1,0,2108,0,2109,G
3-PA,548,2,1,0,2098,2101,C
3-PA,549,0,0,0,2106,2106,C
3-PA,550,2102,0,2,0,2104,A
3-PA,551,2140,0,2,0,2142,A
3-PA,552,0,1,0,2141,2142,C
3-PA,553,2134,1,0,0,2135,A
3-PA,554,0,0,2132,1,2133,G
3-PA,555,2100,1,2,0,2103,A
3-PA,556,1,0,2108,0,2109,G
3-PA,557,1,0,2113,0,2114,G
3-PA,558,1,1,0,2117,2119,C
3-PA,559,1,0,0,2120,2121,C
3-PA,560,0,2072,0,6,2078,T
3-PA,561,0,0,0,2089,2089,C
3-PA,562,0,2088,0,2,2090,T
3-PA,563,0,0,2094,0,2094,G
3-PA,564,1,0,2086,0,2087,G
3-PA,565,0,0,2057,1,2058,G
3-PA,566,2021,1,3,0,2025,A
3-PA,567,0,1930,0,6,1936,T
3-PA,568,1,1876,0,0,1877,T
3-PA,569,0,1,0,2071,2072,C
3-PA,570,2,1,0,1980,1983,C
3-PA,571,0,1908,1,0,1909,T
3-PA,572,0,1898,0,2,1900,T
3-PA,573,1,1894,0,2,1897,T
3-PA,574,0,3,0,1899,1902,C
3-PA,575,1,0,1896,1,1898,G
3-PA,576,0,1880,0,16,1896,T
3-PA,577,0,0,0,1893,1893,C
3-PA,578,1786,0,1,0,1787,A
3-PA,579,1,0,1996,0,1997,G
3-PA,580,0,1997,0,2,1999,T
3-PA,581,0,0,0,1998,1998,C
3-PA,582,3,1,0,1993,1997,C
3-PA,583,0,5,2002,0,2007,G
3-PA,584,2002,0,1,1,2004,A
3-PA,585,1999,0,1,2,2002,A
3-PA,586,2013,1,2,0,2016,A
3-PA,587,0,1,2054,0,2055,G
3-PA,588,1967,0,5,1,1973,A
3-PA,589,0,0,1998,0,1998,G
3-PA,590,0,0,2003,0,2003,G
3-PA,591,0,1,0,2003,2004,C
3-PA,592,2,0,2003,0,2005,G
3-PA,593,1999,2,2,0,2003,A
3-PA,594,2013,0,2,0,2015,A
3-PA,595,0,1,2019,0,2020,G
3-PA,596,2033,0,2,0,2035,A
3-PA,597,2029,0,3,0,2032,A
3-PA,598,2026,0,3,0,2029,A
3-PA,599,0,0,0,2042,2042,C
3-PA,600,2033,0,0,2,2035,A
3-PA,601,2037,0,1,0,2038,A
3-PA,602,0,2032,1,0,2033,T
3-PA,603,0,2015,0,4,2019,T
3-PA,604,1,4,2030,1,2036,G
3-PA,605,2021,0,3,0,2024,A
3-PA,606,2027,0,2,0,2029,A
3-PA,607,0,1,2034,0,2035,G
3-PA,608,2019,1,1,0,2021,A
3-PA,609,2019,1,3,0,2023,A
3-PA,610,2021,0,2,0,2023,A
3-PA,611,2031,1,1,0,2033,A
3-PA,612,2038,0,1,0,2039,A
3-PA,613,0,2031,1,0,2032,T
3-PA,614,0,2037,1,0,2038,T
3-PA,615,0,2044,0,0,2044,T
3-PA,616,0,4,2036,0,2040,G
3-PA,617,2040,0,1,0,2041,A
3-PA,618,2037,0,2,0,2039,A
3-PA,619,2044,1,1,0,2046,A
3-PA,620,0,2080,1,0,2081,T
3-PA,621,0,2,0,2303,2305,C
3-PA,622,2304,1,1,1,2307,A
3-PA,623,0,1,0,2380,2381,C
3-PA,624,2369,2,5,0,2376,A
3-PA,625,1,1,2455,0,2457,G
3-PA,626,2,1,2551,0,2554,G
3-PA,627,2589,0,0,0,2589,A
3-PA,628,2616,0,1,3,2620,A
3-PA,629,0,1,0,2642,2643,C
3-PA,630,0,2536,0,2,2538,T
3-PA,631,2765,0,1,0,2766,A
3-PA,632,1,2786,0,2,2789,T
3-PA,633,1,0,2873,0,2874,G
3-PA,634,0,0,0,2872,2872,C
3-PA,635,1,0,2834,0,2835,G
3-PA,636,0,2833,0,3,2836,T
3-PA,637,2813,0,0,0,2813,A
3-PA,638,0,3,2873,0,2876,G
3-PA,639,1,0,2872,0,2873,G
3-PA,640,0,1,0,2808,2809,C
3-PA,641,0,2728,0,4,2732,T
3-PA,642,0,2682,0,5,2687,T
3-PA,643,0,1,2692,0,2693,G
3-PA,644,0,2,0,2681,2683,C
3-PA,645,2,0,0,2679,2681,C
3-PA,646,2,1,2710,0,2713,G
3-PA,647,2689,1,6,0,2696,A
3-PA,648,0,0,1,2703,2704,C
3-PA,649,1,1,0,2701,2703,C
3-PA,650,2706,0,5,0,2711,A
3-PA,651,2712,0,1,0,2713,A
3-PA,652,2719,0,2,0,2721,A
3-PA,653,1,0,2804,0,2805,G
3-PA,654,1,2786,0,2,2789,T
3-PA,655,0,1,0,2785,2786,C
3-PA,656,1,2763,0,4,2768,T
3-PA,657,0,2,0,2790,2792,C
3-PA,658,1,0,0,2813,2814,C
3-PA,659,3,0,0,2807,2810,C
3-PA,660,2816,0,3,0,2819,A
3-PA,661,0,0,0,2833,2833,C
3-PA,662,0,2,0,2775,2777,C
3-PA,663,1,3,2806,0,2810,G
3-PA,664,2835,0,0,0,2835,A
3-PA,665,2840,0,2,0,2842,A
3-PA,666,0,1,0,2876,2877,C
3-PA,667,0,2810,1,7,2818,T
3-PA,668,0,2850,0,4,2854,T
3-PA,669,0,0,0,2909,2909,C
3-PA,670,0,2873,1,5,2879,T
3-PA,671,1,1,1,2908,2911,C
3-PA,672,2,0,0,2895,2897,C
3-PA,673,2,2860,2,3,2867,T
3-PA,674,0,1,2914,0,2915,G
3-PA,675,1,1,0,2905,2907,C
3-PA,676,1,0,0,2911,2912,C
3-PA,677,0,2860,0,3,2863,T
3-PA,678,0,2810,0,3,2813,T
3-PA,679,0,1,2819,0,2820,G
3-PA,680,2818,0,2,1,2821,A
3-PA,681,0,1,2894,0,2895,G
3-PA,682,2884,0,2,0,2886,A
3-PA,683,2921,2,1,1,2925,A
3-PA,684,0,3033,0,3,3036,T
3-PA,685,0,3052,0,0,3052,T
3-PA,686,0,3054,1,3,3058,T
3-PA,687,0,3067,0,2,3069,T
3-PA,688,3060,0,1,0,3061,A
3-PA,689,0,1,3092,0,3093,G
3-PA,690,3055,2,5,0,3062,A
3-PA,691,1,0,3179,0,3180,G
3-PA,692,0,0,0,3154,3154,C
3-PA,693,2,2,0,3174,3178,C
3-PA,694,0,3203,1,0,3204,T
3-PA,695,3334,0,0,0,3334,A
3-PA,696,1,3328,0,5,3334,T
3-PA,697,3,0,3351,0,3354,G
3-PA,698,1,3350,0,3,3354,T
3-PA,699,0,0,3380,0,3380,G
3-PA,700,5,0,3338,1,3344,G
3-PA,701,3315,1,6,1,3323,A
3-PA,702,0,3310,0,2,3312,T
3-PA,703,0,2,3246,0,3248,G
3-PA,704,1,2,3389,0,3392,G
3-PA,705,3386,0,8,0,3394,A
3-PA,706,0,3387,0,0,3387,T
3-PA,707,1,3379,1,1,3382,T
3-PA,708,0,8,1,3341,3350,C
3-PA,709,10,0,3343,0,3353,G
3-PA,710,3369,0,2,0,3371,A
3-PA,711,3372,1,3,0,3376,A
3-PA,712,1,2,0,3382,3385,C
3-PA,713,0,2,0,3201,3203,C
3-PA,714,1,0,3213,0,3214,G
3-PA,715,3205,1,2,0,3208,A
3-PA,716,3204,1,8,1,3214,A
3-PA,717,0,0,0,3296,3296,C
3-PA,718,1,0,3262,0,3263,G
3-PA,719,3,0,3453,0,3456,G
3-PA,720,1,2,0,3455,3458,C
3-PA,721,1,3436,0,7,3444,T
3-PA,722,4,0,3532,0,3536,G
3-PA,723,0,2,0,3550,3552,C
3-PA,724,3575,0,3,0,3578,A
3-PA,725,0,3563,0,3,3566,T
3-PA,726,0,3516,0,1,3517,T
3-PA,727,1,0,3539,0,3540,G
3-PA,728,3353,0,6,0,3359,A
3-PA,729,0,0,3494,0,3494,G
3-PA,730,0,0,3470,0,3470,G
3-PA,731,2,1,3419,1,3423,G
3-PA,732,0,1,0,3415,3416,C
3-PA,733,3394,3,1,1,3399,A
3-PA,734,3420,0,4,0,3424,A
3-PA,735,0,0,3437,0,3437,G
3-PA,736,0,0,0,3445,3445,C
3-PA,737,0,3420,0,12,3432,T
3-PA,738,1,3409,0,1,3411,T
3-PA,739,0,3416,0,7,3423,T
3-PA,740,2,0,0,3437,3439,C
3-PA,741,1,3419,0,3,3423,T
3-PA,742,0,3,0,3441,3444,C
3-PA,743,3425,0,5,0,3430,A
3-PA,744,3404,0,0,0,3404,A
3-PA,745,3407,0,1,1,3409,A
3-PA,746,0,3405,0,2,3407,T
3-PA,747,0,0,3577,0,3577,G
3-PA,748,1,3556,0,4,3561,T
3-PA,749,2,1,0,3578,3581,C
3-PA,750,1,1,0,3598,3600,C
3-PA,751,3591,0,5,0,3596,A
3-PA,752,3595,0,5,1,3601,A
3-PA,753,3601,0,2,1,3604,A
3-PA,754,2,2,3669,0,3673,G
3-PA,755,3648,1,1,0,3650,A
3-PA,756,3550,0,7,0,3557,A
3-PA,757,2,0,3577,1,3580,G
3-PA,758,0,3530,0,5,3535,T
3-PA,759,0,0,3537,0,3537,G
3-PA,760,3528,0,2,1,3531,A
3-PA,761,3517,0,6,1,3524,A
3-PA,762,0,3537,0,0,3537,T
3-PA,763,0,1,3535,0,3536,G
3-PA,764,1,1,0,3535,3537,C
3-PA,765,0,2,0,3533,3535,C
3-PA,766,2,1,0,3536,3539,C
3-PA,767,3551,0,2,1,3554,A
3-PA,768,3631,0,1,0,3632,A
3-PA,769,3652,0,0,0,3652,A
3-PA,770,0,3648,0,2,3650,T
3-PA,771,0,3644,0,0,3644,T
3-PA,772,0,0,3634,1,3635,G
3-PA,773,3613,0,1,0,3614,A
3-PA,774,3612,0,5,0,3617,A
3-PA,775,0,0,0,3639,3639,C
3-PA,776,2,2,0,3620,3624,C
3-PA,777,0,3566,1,3,3570,T
3-PA,778,1,3676,1,2,3680,T
3-PA,779,0,3676,0,3,3679,T
3-PA,780,1,3731,0,1,3733,T
3-PA,781,0,2,0,3762,3764,C
3-PA,782,0,3747,1,3,3751,T
3-PA,783,1,2,3762,0,3765,G
3-PA,784,3731,0,6,1,3738,A
3-PA,785,3797,0,7,0,3804,A
3-PA,786,1,2,3847,0,3850,G
3-PA,787,3761,0,8,0,3769,A
3-PA,788,0,0,0,3790,3790,C
3-PA,789,3720,0,6,0,3726,A
3-PA,790,3784,0,3,1,3788,A
3-PA,791,0,2,0,4231,4233,C
3-PA,792,4257,0,2,0,4259,A
3-PA,793,0,0,0,4247,4247,C
3-PA,794,0,4,0,4215,4219,C
3-PA,795,4192,0,5,0,4197,A
3-PA,796,4195,1,6,0,4202,A
3-PA,797,1,2,4209,0,4212,G
3-PA,798,4212,0,7,1,4220,A
3-PA,799,1,0,0,4208,4209,C
3-PA,800,2,1,0,3896,3899,C
3-PA,801,3856,0,1,0,3857,A
3-PA,802,3858,0,3,0,3861,A
3-PA,803,1,3861,2,3,3867,T
3-PA,804,1,1,1,3884,3887,C
3-PA,805,3859,0,4,0,3863,A
3-PA,806,3847,1,4,0,3852,A
3-PA,807,3857,0,3,0,3860,A
3-PA,808,2,0,0,3905,3907,C
3-PA,809,0,3789,1,3,3793,T
3-PA,810,2,3758,0,19,3779,T
3-PA,811,1,2,0,3807,3810,C
3-PA,812,0,4,0,3816,3820,C
3-PA,813,1,0,3819,0,3820,G
3-PA,814,3747,0,30,0,3777,A
3-PA,815,0,0,3744,0,3744,G
3-PA,816,0,3786,0,5,3791,T
3-PA,817,0,0,3795,0,3795,G
3-PA,818,2,3,3787,1,3793,G
3-PA,819,3813,0,4,1,3818,A
3-PA,820,2,2,0,3837,3841,C
3-PA,821,0,1,0,3815,3816,C
3-PA,822,0,3851,1,8,3860,T
3-PA,823,2,1,0,3954,3957,C
3-PA,824,2,0,0,3947,3949,C
3-PA,825,0,3940,0,1,3941,T
3-PA,826,0,3953,0,0,3953,T
3-PA,827,1,0,4091,0,4092,G
3-PA,828,0,4038,0,7,4045,T
3-PA,829,0,4018,0,9,4027,T
3-PA,830,4020,1,4,2,4027,A
3-PA,831,1,3898,0,1,3900,T
3-PA,832,0,0,0,3888,3888,C
3-PA,833,3774,0,4,0,3778,A
3-PA,834,2,0,3781,0,3783,G
3-PA,835,0,2,0,3762,3764,C
3-PA,836,0,1,3581,0,3582,G
3-PA,837,1,0,3672,0,3673,G
3-PA,838,1,3669,0,5,3675,T
3-PA,839,5,1,2,3677,3685,C
3-PA,840,0,3,0,3686,3689,C
3-PA,841,3706,0,4,0,3710,A
3-PA,842,3724,0,3,0,3727,A
3-PA,843,3727,0,2,0,3729,A
3-PA,844,1,3727,0,4,3732,T
3-PA,845,1,3699,0,2,3702,T
3-PA,846,0,0,0,3671,3671,C
3-PA,847,2,1,1,3624,3628,C
3-PA,848,0,3599,0,5,3604,T
3-PA,849,0,0,2,3636,3638,C
3-PA,850,1,2,0,3628,3631,C
3-PA,851,1,3597,0,2,3600,T
3-PA,852,2,1,3643,0,3646,G
3-PA,853,3619,1,4,0,3624,A
3-PA,854,0,3639,0,0,3639,T
3-PA,855,2,1,3594,1,3598,G
3-PA,856,1,0,3536,0,3537,G
3-PA,857,3513,0,5,0,3518,A
3-PA,858,1,3492,0,2,3495,T
3-PA,859,2,0,3505,0,3507,G
3-PA,860,0,1,0,3671,3672,C
3-PA,861,2,3617,0,4,3623,T
3-PA,862,0,3635,0,2,3637,T
3-PA,863,1,3644,0,1,3646,T
3-PA,864,3647,0,3,0,3650,A
3-PA,865,3651,0,3,1,3655,A
3-PA,866,3659,1,0,0,3660,A
3-PA,867,3671,0,0,0,3671,A
3-PA,868,1,3657,1,0,3659,T
3-PA,869,0,3295,2,3,3300,T
3-PA,870,1,0,3302,0,3303,G
3-PA,871,3273,1,4,0,3278,A
3-PA,872,26,0,3300,0,3326,G
3-PA,873,1,1,0,3318,3320,C
3-PA,874,3304,0,1,0,3305,A
3-PA,875,1,3363,0,7,3371,T
3-PA,876,0,3355,1,0,3356,T
3-PA,877,1,1,3342,0,3344,G
3-PA,878,3353,0,5,0,3358,A
3-PA,879,3343,2,9,0,3354,A
3-PA,880,0,0,3354,0,3354,G
3-PA,881,3311,1,5,0,3317,A
3-PA,882,1,0,0,3341,3342,C
3-PA,883,2,2,1,3331,3336,C
3-PA,884,2,1,0,3263,3266,C
3-PA,885,3236,0,2,0,3238,A
3-PA,886,3254,2,5,0,3261,A
3-PA,887,1,1,3290,0,3292,G
3-PA,888,0,3275,0,4,3279,T
3-PA,889,1,1,0,3289,3291,C
3-PA,890,3302,0,1,0,3303,A
3-PA,891,0,6,0,3287,3293,C
3-PA,892,2,0,3288,0,3290,G
3-PA,893,3333,0,2,0,3335,A
3-PA,894,3334,2,5,0,3341,A
3-PA,895,0,1,3486,0,3487,G
3-PA,896,0,0,3513,1,3514,G
3-PA,897,3460,1,7,0,3468,A
3-PA,898,0,0,3541,0,3541,G
3-PA,899,3521,0,6,1,3528,A
3-PA,900,3527,1,8,2,3538,A
3-PA,901,3,2,3539,0,3544,G
3-PA,902,0,0,3518,0,3518,G
3-PA,903,1,0,3536,0,3537,G
3-PA,904,3340,2,3,0,3345,A
3-PA,905,0,3350,0,2,3352,T
3-PA,906,0,0,0,3367,3367,C
3-PA,907,0,0,2,3666,3668,C
3-PA,908,0,1,0,3715,3716,C
3-PA,909,3743,1,0,0,3744,A
3-PA,910,0,3746,0,4,3750,T
3-PA,911,0,3755,0,5,3760,T
3-PA,912,3821,0,5,0,3826,A
3-PA,913,0,3819,2,0,3821,T
3-PA,914,3805,0,1,0,3806,A
3-PA,915,0,3790,0,3,3793,T
3-PA,916,4,1,3361,0,3366,G
3-PA,917,3354,1,3,1,3359,A
3-PA,918,1,3321,0,3,3325,T
3-PA,919,1,0,3350,0,3351,G
3-PA,920,0,2,2,3314,3318,C
3-PA,921,1,2,3326,1,3330,G
3-PA,922,3342,0,1,0,3343,A
3-PA,923,0,3331,0,3,3334,T
3-PA,924,0,0,0,3351,3351,C
3-PA,925,3347,0,2,0,3349,A
3-PA,926,3324,1,5,0,3330,A
3-PA,927,1,1,3343,0,3345,G
3-PA,928,0,3314,0,4,3318,T
3-PA,929,2,0,3326,0,3328,G
3-PA,930,1,0,1,3331,3333,C
3-PA,931,3316,0,7,0,3323,A
3-PA,932,1,3325,0,3,3329,T
3-PA,933,3321,0,0,0,3321,A
3-PA,934,3326,0,2,0,3328,A
3-PA,935,3325,0,2,0,3327,A
3-PA,936,3299,0,6,0,3305,A
3-PA,937,3312,1,3,0,3316,A
3-PA,938,0,4,0,3314,3318,C
3-PA,939,3254,0,1,0,3255,A
3-PA,940,1,3238,0,1,3240,T
3-PA,941,0,3225,0,2,3227,T
3-PA,942,1,1,1,3237,3240,C
3-PA,943,1,3177,1,2,3181,T
3-PA,944,0,3185,0,2,3187,T
3-PA,945,0,3174,0,2,3176,T
3-PA,946,1,1,3186,0,3188,G
3-PA,947,0,0,3194,0,3194,G
3-PA,948,3190,0,4,0,3194,A
3-PA,949,1,3188,1,2,3192,T
3-PA,950,1,3,3218,0,3222,G
3-PA,951,0,1,3278,0,3279,G
3-PA,952,3272,0,3,1,3276,A
3-PA,953,3275,2,3,0,3280,A
3-PA,954,3280,1,10,0,3291,A
3-PA,955,1,0,3337,1,3339,G
3-PA,956,3316,1,3,0,3320,A
3-PA,957,3652,0,7,0,3659,A
3-PA,958,0,1,0,3714,3715,C
3-PA,959,2,1,1,3698,3702,C
3-PA,960,0,3625,0,3,3628,T
3-PA,961,0,3665,0,1,3666,T
3-PA,962,3694,0,0,1,3695,A
3-PA,963,0,3684,0,1,3685,T
3-PA,964,3659,0,1,0,3660,A
3-PA,965,0,3697,0,1,3698,T
3-PA,966,3422,1,1,0,3424,A
3-PA,967,3,1,3460,0,3464,G
3-PA,968,0,3420,0,6,3426,T
3-PA,969,1,2,0,3426,3429,C
3-PA,970,3406,0,1,0,3407,A
3-PA,971,3417,0,3,0,3420,A
3-PA,972,3408,0,3,0,3411,A
3-PA,973,0,0,0,3429,3429,C
3-PA,974,3,0,0,3316,3319,C
3-PA,975,3264,1,2,0,3267,A
3-PA,976,0,0,1,3280,3281,C
3-PA,977,3271,2,2,0,3275,A
3-PA,978,0,0,0,3314,3314,C
3-PA,979,0,2,3311,0,3313,G
3-PA,980,3290,2,1,0,3293,A
3-PA,981,3297,0,1,0,3298,A
3-PA,982,3279,1,6,0,3286,A
3-PA,983,3280,0,6,0,3286,A
3-PA,984,1,2,3319,0,3322,G
3-PA,985,1,5,3295,0,3301,G
3-PA,986,1,1,3302,0,3304,G
3-PA,987,3291,1,7,0,3299,A
3-PA,988,3311,0,4,0,3315,A
3-PA,989,0,3311,0,0,3311,T
3-PA,990,3306,0,2,0,3308,A
3-PA,991,3314,0,1,1,3316,A
3-PA,992,3306,0,1,0,3307,A
3-PA,993,1,3306,0,0,3307,T
3-PA,994,0,3279,0,0,3279,T
3-PA,995,2,2,0,3292,3296,C
3-PA,996,3299,0,1,1,3301,A
3-PA,997,3302,0,2,0,3304,A
3-PA,998,3300,0,0,0,3300,A
3-PA,999,1,3295,1,0,3297,T
3-PA,1000,0,3303,0,1,3304,T
3-PA,1001,3313,0,2,1,3316,A
3-PA,1002,0,1,0,3312,3313,C
3-PA,1003,4,1,0,3310,3315,C
3-PA,1004,1,3142,0,6,3149,T
3-PA,1005,5,0,3177,0,3182,G
3-PA,1006,0,2,0,3198,3200,C
3-PA,1007,0,3184,2,3,3189,T
3-PA,1008,0,0,3258,1,3259,G
3-PA,1009,0,3234,0,5,3239,T
3-PA,1010,1,0,0,3237,3238,C
3-PA,1011,3245,1,3,0,3249,A
3-PA,1012,0,3239,0,4,3243,T
3-PA,1013,0,0,3247,0,3247,G
3-PA,1014,2,1,3232,1,3236,G
3-PA,1015,3232,0,3,0,3235,A
3-PA,1016,3321,1,6,0,3328,A
3-PA,1017,2,1,3315,0,3318,G
3-PA,1018,0,2,0,3320,3322,C
3-PA,1019,3281,1,4,1,3287,A
3-PA,1020,3291,0,5,0,3296,A
3-PA,1021,1,1,3325,0,3327,G
3-PA,1022,1,3318,0,4,3323,T
3-PA,1023,3307,0,0,0,3307,A
3-PA,1024,0,7,1,3294,3302,C
3-PA,1025,1,3221,0,1,3223,T
3-PA,1026,1,1,3262,0,3264,G
3-PA,1027,2,3224,0,6,3232,T
3-PA,1028,0,0,1,3239,3240,C
3-PA,1029,3229,0,4,0,3233,A
3-PA,1030,1,1,3345,0,3347,G
3-PA,1031,3329,0,1,0,3330,A
3-PA,1032,3344,0,2,0,3346,A
3-PA,1033,0,3454,0,1,3455,T
3-PA,1034,0,3413,0,1,3414,T
3-PA,1035,1,0,3400,0,3401,G
3-PA,1036,1,1,1,3400,3403,C
3-PA,1037,3366,3,7,0,3376,A
3-PA,1038,2,5,3402,0,3409,G
3-PA,1039,0,1,3356,0,3357,G
3-PA,1040,3370,0,4,0,3374,A
3-PA,1041,0,3,0,3397,3400,C
3-PA,1042,3339,0,4,1,3344,A
3-PA,1043,0,3361,1,3,3365,T
3-PA,1044,1,3365,0,5,3371,T
3-PA,1045,1,2,3396,0,3399,G
3-PA,1046,3405,2,2,0,3409,A
3-PA,1047,3392,1,2,0,3395,A
3-PA,1048,3382,0,3,1,3386,A
3-PA,1049,3381,1,3,0,3385,A
3-PA,1050,0,3354,0,1,3355,T
3-PA,1051,1,1,3414,0,3416,G
3-PA,1052,3382,1,4,0,3387,A
3-PA,1053,2,3,3409,0,3414,G
3-PA,1054,1,1,3412,0,3414,G
3-PA,1055,3386,3,2,0,3391,A
3-PA,1056,1,1,3418,0,3420,G
3-PA,1057,3411,0,1,0,3412,A
3-PA,1058,3413,0,5,0,3418,A
3-PA,1059,0,0,3435,0,3435,G
3-PA,1060,3380,0,5,0,3385,A
3-PA,1061,0,3376,1,2,3379,T
3-PA,1062,0,3371,1,3,3375,T
3-PA,1063,1,1,1,3385,3388,C
3-PA,1064,0,2,0,3386,3388,C
3-PA,1065,3381,0,0,1,3382,A
3-PA,1066,3374,0,1,0,3375,A
3-PA,1067,1,1,3377,0,3379,G
3-PA,1068,3317,0,1,0,3318,A
3-PA,1069,3375,0,1,0,3376,A
3-PA,1070,0,4,0,3409,3413,C
3-PA,1071,0,3404,0,2,3406,T
3-PA,1072,3414,0,1,0,3415,A
3-PA,1073,3412,0,2,1,3415,A
3-PA,1074,3408,0,2,0,3410,A
3-PA,1075,3418,0,3,0,3421,A
3-PA,1076,3396,0,3,1,3400,A
3-PA,1077,0,1,0,3411,3412,C
3-PA,1078,3391,0,3,0,3394,A
3-PA,1079,0,3379,0,2,3381,T
3-PA,1080,1,2,3405,0,3408,G
3-PA,1081,3417,0,2,0,3419,A
3-PA,1082,3411,0,5,0,3416,A
3-PA,1083,0,0,3443,0,3443,G
3-PA,1084,3438,0,0,1,3439,A
3-PA,1085,3443,1,3,0,3447,A
3-PA,1086,3421,2,5,0,3428,A
3-PA,1087,3424,1,5,1,3431,A
3-PA,1088,0,3,0,3459,3462,C
3-PA,1089,0,3,3446,0,3449,G
3-PA,1090,3465,2,4,0,3471,A
3-PA,1091,2,1,3481,1,3485,G
3-PA,1092,0,3402,0,48,3450,T
3-PA,1093,3,1,0,3568,3572,C
3-PA,1094,3575,0,4,0,3579,A
3-PA,1095,3636,0,2,1,3639,A
3-PA,1096,0,2,0,3629,3631,C
3-PA,1097,0,3618,0,4,3622,T
3-PA,1098,3,1,3679,0,3683,G
3-PA,1099,3651,0,7,0,3658,A
3-PA,1100,3670,0,7,0,3677,A
3-PA,1101,0,0,3691,0,3691,G
3-PA,1102,2,3512,0,3,3517,T
3-PA,1103,0,2,3541,0,3543,G
3-PA,1104,0,3,3514,0,3517,G
3-PA,1105,3,0,3521,0,3524,G
3-PA,1106,0,0,0,3535,3535,C
3-PA,1107,0,3467,0,10,3477,T
3-PA,1108,1,3,0,3514,3518,C
3-PA,1109,0,3509,0,5,3514,T
3-PA,1110,1,3541,1,0,3543,T
3-PA,1111,1,1,3687,0,3689,G
3-PA,1112,1,1,3712,0,3714,G
3-PA,1113,0,3689,0,3,3692,T
3-PA,1114,1,1,3681,0,3683,G
3-PA,1115,3656,1,5,0,3662,A
3-PA,1116,3714,0,2,0,3716,A
3-PA,1117,3699,0,0,0,3699,A
3-PA,1118,3737,0,4,1,3742,A
3-PA,1119,2,1,0,3811,3814,C
3-PA,1120,3732,0,1,1,3734,A
3-PA,1121,0,3740,2,7,3749,T
3-PA,1122,2,4,3718,0,3724,G
3-PA,1123,1,1,3835,0,3837,G
3-PA,1124,0,1,1,3871,3873,C
3-PA,1125,3871,1,5,1,3878,A
3-PA,1126,0,0,0,3920,3920,C
3-PA,1127,0,2,0,3921,3923,C
3-PA,1128,3983,0,2,1,3986,A
3-PA,1129,0,1,4070,0,4071,G
3-PA,1130,4026,0,11,1,4038,A
3-PA,1131,5,0,4102,0,4107,G
3-PA,1132,4099,0,7,0,4106,A
3-PA,1133,4174,0,5,1,4180,A
3-PA,1134,0,1,4228,0,4229,G
3-PA,1135,3,0,4209,1,4213,G
3-PA,1136,0,4202,0,3,4205,T
3-PA,1137,4165,0,4,1,4170,A
3-PA,1138,0,1,4172,1,4174,G
3-PA,1139,4179,0,5,0,4184,A
3-PA,1140,0,1,0,4209,4210,C
3-PA,1141,1,4134,0,3,4138,T
3-PA,1142,0,4136,0,4,4140,T
3-PA,1143,0,4127,0,1,4128,T
3-PA,1144,2,1,4142,0,4145,G
3-PA,1145,4123,1,3,1,4128,A
3-PA,1146,4143,1,1,0,4145,A
3-PA,1147,4137,1,3,0,4141,A
3-PA,1148,4141,0,2,0,4143,A
3-PA,1149,0,1,0,4515,4516,C
3-PA,1150,0,4472,2,3,4477,T
3-PA,1151,2,0,4551,0,4553,G
3-PA,1152,1,4,0,4549,4554,C
3-PA,1153,4546,0,7,0,4553,A
3-PA,1154,0,1,4567,0,4568,G
3-PA,1155,4518,0,4,1,4523,A
3-PA,1156,4,0,4903,0,4907,G
3-PA,1157,4908,0,8,0,4916,A
3-PA,1158,1,1,0,4902,4904,C
3-PA,1159,4885,0,6,1,4892,A
3-PA,1160,0,4853,1,4,4858,T
3-PA,1161,4856,0,3,0,4859,A
3-PA,1162,4846,1,11,0,4858,A
3-PA,1163,3,1,4869,1,4874,G
3-PA,1164,0,2,1,4866,4869,C
3-PA,1165,4,2,4766,0,4772,G
3-PA,1166,4949,1,1,0,4951,A
3-PA,1167,0,4916,0,3,4919,T
3-PA,1168,2,4915,0,3,4920,T
3-PA,1169,2,4948,0,2,4952,T
3-PA,1170,1,1,4955,0,4957,G
3-PA,1171,4968,1,8,0,4977,A
3-PA,1172,4971,2,10,1,4984,A
3-PA,1173,0,0,5017,0,5017,G
3-PA,1174,2,0,1,5117,5120,C
3-PA,1175,5039,0,4,0,5043,A
3-PA,1176,5430,2,5,0,5437,A
3-PA,1177,1,5447,1,0,5449,T
3-PA,1178,5473,0,6,0,5479,A
3-PA,1179,0,5488,0,5,5493,T
3-PA,1180,4,0,5494,0,5498,G
3-PA,1181,5530,2,10,0,5542,A
3-PA,1182,0,5527,0,1,5528,T
3-PA,1183,5392,0,4,0,5396,A
3-PA,1184,1,0,5424,0,5425,G
3-PA,1185,1,5192,0,4,5197,T
3-PA,1186,0,3,5186,0,5189,G
3-PA,1187,5207,0,9,1,5217,A
3-PA,1188,1,0,0,5194,5195,C
3-PA,1189,6,2,5165,0,5173,G
3-PA,1190,5183,1,0,0,5184,A
3-PA,1191,5197,0,2,0,5199,A
3-PA,1192,1,2,2,5266,5271,C
3-PA,1193,4,0,0,5273,5277,C
3-PA,1194,0,5225,0,9,5234,T
3-PA,1195,0,2,5479,0,5481,G
3-PA,1196,5447,2,3,0,5452,A
3-PA,1197,5495,0,3,1,5499,A
3-PA,1198,0,5480,0,3,5483,T
3-PA,1199,0,5463,0,2,5465,T
3-PA,1200,5466,1,2,0,5469,A
3-PA,1201,5400,0,8,2,5410,A
3-PA,1202,3,3,5454,0,5460,G
3-PA,1203,0,0,5454,0,5454,G
3-PA,1204,1,5331,2,5,5339,T
3-PA,1205,2,3,0,5327,5332,C
3-PA,1206,5351,1,1,0,5353,A
3-PA,1207,0,3,0,5713,5716,C
3-PA,1208,1,5683,0,14,5698,T
3-PA,1209,1,5709,0,1,5711,T
3-PA,1210,2,5701,2,9,5714,T
3-PA,1211,0,2,1,5694,5697,C
3-PA,1212,5699,0,6,0,5705,A
3-PA,1213,5685,0,9,0,5694,A
3-PA,1214,0,1,5789,0,5790,G
3-PA,1215,1,0,0,5784,5785,C
3-PA,1216,0,5637,0,6,5643,T
3-PA,1217,3,1,5790,0,5794,G
3-PA,1218,1,3,5815,1,5820,G
3-PA,1219,5914,0,9,0,5923,A
3-PA,1220,0,5991,0,0,5991,T
3-PA,1221,5989,0,2,1,5992,A
3-PA,1222,0,3,0,6044,6047,C
3-PA,1223,5901,2,9,1,5913,A
3-PA,1224,1,0,6082,0,6083,G
3-PA,1225,6020,0,13,0,6033,A
3-PA,1226,5964,1,11,0,5976,A
3-PA,1227,1,5934,1,2,5938,T
3-PA,1228,1,4,6233,2,6240,G
3-PA,1229,6175,0,8,0,6183,A
3-PA,1230,0,2,6361,0,6363,G
3-PA,1231,3,6319,0,10,6332,T
3-PA,1232,0,6298,0,4,6302,T
3-PA,1233,1,1,1,6427,6430,C
3-PA,1234,6478,0,6,0,6484,A
3-PA,1235,6493,0,7,1,6501,A
3-PA,1236,0,0,0,6499,6499,C
3-PA,1237,6376,0,7,7,6390,A
3-PA,1238,6421,2,6,0,6429,A
3-PA,1239,1,3,6510,0,6514,G
3-PA,1240,0,20,6531,0,6551,G
3-PA,1241,1,3,0,6654,6658,C
3-PA,1242,2,2,0,6613,6617,C
3-PA,1243,0,6574,0,9,6583,T
3-PA,1244,3,1,6650,0,6654,G
3-PA,1245,1,6638,1,8,6648,T
3-PA,1246,4,5,6681,0,6690,G
3-PA,1247,6647,1,18,1,6667,A
3-PA,1248,3,0,6700,0,6703,G
3-PA,1249,3,3,0,6672,6678,C
3-PA,1250,0,6621,0,8,6629,T
3-PA,1251,6815,2,5,0,6822,A
3-PA,1252,6838,0,5,0,6843,A
3-PA,1253,2,3,0,6861,6866,C
3-PA,1254,0,6795,0,6,6801,T
3-PA,1255,1,4,6841,6,6852,G
3-PA,1256,6789,2,8,0,6799,A
3-PA,1257,1,6802,0,9,6812,T
3-PA,1258,2,6798,0,5,6805,T
3-PA,1259,1,2,0,6844,6847,C
3-PA,1260,6891,0,5,0,6896,A
3-PA,1261,0,14,7128,0,7142,G
3-PA,1262,2,7115,0,11,7128,T
3-PA,1263,3,4,0,7127,7134,C
3-PA,1264,1,7056,0,15,7072,T
3-PA,1265,5,1,7346,0,7352,G
3-PA,1266,1,4,7354,0,7359,G
3-PA,1267,7381,0,6,0,7387,A
3-PA,1268,0,7380,0,5,7385,T
3-PA,1269,7079,2,1,0,7082,A
3-PA,1270,0,1,7067,1,7069,G
3-PA,1271,6984,0,11,0,6995,A
3-PA,1272,0,0,7086,0,7086,G
3-PA,1273,0,1,0,7066,7067,C
3-PA,1274,0,6871,0,2,6873,T
3-PA,1275,2,2,0,6938,6942,C
3-PA,1276,2,0,6966,0,6968,G
3-PA,1277,6959,1,6,0,6966,A
3-PA,1278,1,6970,0,1,6972,T
3-PA,1279,0,2,6956,0,6958,G
3-PA,1280,7083,0,3,1,7087,A
3-PA,1281,7090,0,6,0,7096,A
3-PA,1282,7177,1,8,0,7186,A
3-PA,1283,0,7163,3,2,7168,T
3-PA,1284,1,7119,0,3,7123,T
3-PA,1285,2,4,7223,2,7231,G
3-PA,1286,0,2,7238,1,7241,G
3-PA,1287,7204,0,12,1,7217,A
3-PA,1288,4,3,7236,0,7243,G
3-PA,1289,7120,1,14,0,7135,A
3-PA,1290,0,2,7248,1,7251,G
3-PA,1291,1,1,7320,0,7322,G
3-PA,1292,7396,0,7,0,7403,A
3-PA,1293,0,5,1,7419,7425,C
3-PA,1294,8,0,7338,1,7347,G
3-PA,1295,0,7361,0,4,7365,T
3-PA,1296,7397,0,8,0,7405,A
3-PA,1297,1,1,7517,0,7519,G
3-PA,1298,0,5,0,7625,7630,C
3-PA,1299,8,3,0,7541,7552,C
3-PA,1300,4,5,0,7517,7526,C
3-PA,1301,3,7,0,7571,7581,C
3-PA,1302,7598,0,5,0,7603,A
3-PA,1303,7894,0,1,1,7896,A
3-PA,1304,3,7869,0,1,7873,T
3-PA,1305,1,7827,0,2,7830,T
3-PA,1306,3,1,7817,1,7822,G
3-PA,1307,7633,2,16,1,7652,A
3-PA,1308,5,0,7698,0,7703,G
3-PA,1309,2,5,0,7682,7689,C
3-PA,1310,7623,4,3,1,7631,A
3-PA,1311,0,1,0,7881,7882,C
3-PA,1312,7699,0,5,0,7704,A
3-PA,1313,2,7876,1,14,7893,T
3-PA,1314,1,7874,0,6,7881,T
3-PA,1315,4,1,7946,0,7951,G
3-PA,1316,0,4,0,7918,7922,C
3-PA,1317,7942,0,10,0,7952,A
3-PA,1318,7919,1,12,0,7932,A
3-PA,1319,0,0,7955,0,7955,G
3-PA,1320,1,7627,0,5,7633,T
3-PA,1321,7815,1,1,0,7817,A
3-PA,1322,0,7810,1,3,7814,T
3-PA,1323,1,3,7828,0,7832,G
3-PA,1324,7764,1,13,0,7778,A
3-PA,1325,2,0,7823,1,7826,G
3-PA,1326,7798,1,10,0,7809,A
3-PA,1327,7815,0,6,0,7821,A
3-PA,1328,2,1,7759,1,7763,G
3-PA,1329,0,1,7828,0,7829,G
3-PA,1330,7828,1,8,0,7837,A
3-PA,1331,7841,0,7,0,7848,A
3-PA,1332,0,7845,0,2,7847,T
3-PA,1333,1,7868,0,4,7873,T
3-PA,1334,8000,0,1,0,8001,A
3-PA,1335,0,8002,0,4,8006,T
3-PA,1336,0,7976,1,3,7980,T
3-PA,1337,2,7990,0,4,7996,T
3-PA,1338,1,1,0,7953,7955,C
3-PA,1339,7941,2,6,0,7949,A
3-PA,1340,2,2,0,8154,8158,C
3-PA,1341,8117,0,5,0,8122,A
3-PA,1342,3,0,8207,0,8210,G
3-PA,1343,0,1,1,8199,8201,C
3-PA,1344,8194,3,7,1,8205,A
3-PA,1345,0,4,8296,0,8300,G
3-PA,1346,8265,1,17,0,8283,A
3-PA,1347,1,1,8402,0,8404,G
3-PA,1348,0,1,8463,0,8464,G
3-PA,1349,1,8282,1,7,8291,T
3-PA,1350,7,0,8401,0,8408,G
3-PA,1351,2,8390,0,9,8401,T
3-PA,1352,4,5,0,8389,8398,C
3-PA,1353,4,2,0,8419,8425,C
3-PA,1354,4,2,0,8407,8413,C
3-PA,1355,8313,0,19,0,8332,A
3-PA,1356,1,2,8140,1,8144,G
3-PA,1357,1,8602,1,9,8613,T
3-PA,1358,0,0,8638,0,8638,G
3-PA,1359,0,8653,0,2,8655,T
3-PA,1360,8449,0,6,0,8455,A
3-PA,1361,1,1,8461,0,8463,G
3-PA,1362,8312,3,15,0,8330,A
3-PA,1363,6,0,8400,1,8407,G
3-PA,1364,2,2,0,8341,8345,C
3-PA,1365,1,3,0,7675,7679,C
3-PA,1366,7750,1,5,0,7756,A
3-PA,1367,1,9,1,7767,7778,C
3-PA,1368,0,7727,1,4,7732,T
3-PA,1369,1,2,7730,0,7733,G
3-PA,1370,7681,0,0,0,7681,A
3-PA,1371,7602,0,6,0,7608,A
3-PA,1372,1,7904,0,1,7906,T
3-PA,1373,7963,2,5,0,7970,A
3-PA,1374,0,2,0,8062,8064,C
3-PA,1375,7865,1,7,1,7874,A
3-PA,1376,0,7900,0,3,7903,T
3-PA,1377,7867,0,3,0,7870,A
3-PA,1378,7915,0,3,1,7919,A
3-PA,1379,1,7930,0,2,7933,T
3-PA,1380,0,2,7858,1,7861,G
3-PA,1381,7810,1,3,1,7815,A
3-PA,1382,7772,0,13,0,7785,A
3-PA,1383,2,4,7830,0,7836,G
3-PA,1384,1,5,7868,0,7874,G
3-PA,1385,2,10,7996,0,8008,G
3-PA,1386,0,5,8014,0,8019,G
3-PA,1387,2,0,8153,0,8155,G
3-PA,1388,0,8071,0,10,8081,T
3-PA,1389,8099,2,5,0,8106,A
3-PA,1390,3,8122,0,9,8134,T
3-PA,1391,8162,1,4,0,8167,A
3-PA,1392,0,4,2,8505,8511,C
3-PA,1393,8318,1,5,0,8324,A
3-PA,1394,1,8138,0,8,8147,T
3-PA,1395,0,7,0,7946,7953,C
3-PA,1396,8010,0,2,0,8012,A
3-PA,1397,8203,0,1,0,8204,A
3-PA,1398,2,1,0,8189,8192,C
3-PA,1399,8112,0,3,0,8115,A
3-PA,1400,0,2,0,8131,8133,C
3-PA,1401,1,7212,0,5,7218,T
3-PA,1402,2,2,7453,0,7457,G
3-PA,1403,0,1,0,7435,7436,C
3-PA,1404,2,1,1,7389,7393,C
3-PA,1405,2,2,0,7448,7452,C
3-PA,1406,1,7000,0,15,7016,T
3-PA,1407,3,0,7340,2,7345,G
3-PA,1408,0,1,0,7349,7350,C
3-PA,1409,0,7289,0,11,7300,T
3-PA,1410,5,3,0,7498,7506,C
3-PA,1411,7294,0,5,1,7300,A
3-PA,1412,7389,0,6,1,7396,A
3-PA,1413,1,7407,0,10,7418,T
3-PA,1414,1,2,7396,0,7399,G
3-PA,1415,0,4,0,7362,7366,C
3-PA,1416,7170,0,6,0,7176,A
3-PA,1417,1,7152,1,10,7164,T
3-PA,1418,2,2,2,7136,7142,C
3-PA,1419,0,3,0,7167,7170,C
3-PA,1420,0,6651,1,9,6661,T
3-PA,1421,0,0,6841,0,6841,G
3-PA,1422,0,6817,0,5,6822,T
3-PA,1423,2,0,6788,0,6790,G
3-PA,1424,0,7,0,6804,6811,C
3-PA,1425,6658,0,11,0,6669,A
3-PA,1426,2,1,6740,0,6743,G
3-PA,1427,2,2,0,6711,6715,C
3-PA,1428,6545,1,3,1,6550,A
3-PA,1429,6559,2,1,0,6562,A
3-PA,1430,2,6275,0,3,6280,T
3-PA,1431,2,3,6280,0,6285,G
3-PA,1432,2,5,6263,1,6271,G
3-PA,1433,6270,2,12,0,6284,A
3-PA,1434,0,2,0,6279,6281,C
3-PA,1435,1,2,6182,0,6185,G
3-PA,1436,6248,0,1,0,6249,A
3-PA,1437,0,6245,0,3,6248,T
3-PA,1438,0,6250,1,1,6252,T
3-PA,1439,0,6218,1,3,6222,T
3-PA,1440,1,6224,0,5,6230,T
3-PA,1441,2,0,1,6242,6245,C
3-PA,1442,6244,0,5,0,6249,A
3-PA,1443,6273,2,4,0,6279,A
3-PA,1444,0,4,1,6285,6290,C
3-PA,1445,0,6182,0,5,6187,T
3-PA,1446,6166,0,1,0,6167,A
3-PA,1447,6153,0,4,1,6158,A
3-PA,1448,0,6173,0,3,6176,T
3-PA,1449,2,6145,1,5,6153,T
3-PA,1450,4,2,0,6190,6196,C
3-PA,1451,2,1,0,6176,6179,C
3-PA,1452,2,2,0,6151,6155,C
3-PA,1453,6142,1,6,0,6149,A
3-PA,1454,0,6207,1,4,6212,T
3-PA,1455,1,1,6219,0,6221,G
3-PA,1456,6192,2,6,2,6202,A
3-PA,1457,0,6206,0,4,6210,T
3-PA,1458,6170,0,6,0,6176,A
3-PA,1459,6198,0,6,1,6205,A
3-PA,1460,1,1,6201,1,6204,G
3-PA,1461,0,0,0,6206,6206,C
3-PA,1462,6194,0,1,0,6195,A
3-PA,1463,6004,1,5,0,6010,A
3-PA,1464,1,0,6156,0,6157,G
3-PA,1465,0,6100,0,5,6105,T
3-PA,1466,1,0,6101,0,6102,G
3-PA,1467,0,3,0,6075,6078,C
3-PA,1468,6063,0,8,0,6071,A
3-PA,1469,1,0,6238,0,6239,G
3-PA,1470,6194,0,3,0,6197,A
3-PA,1471,6288,3,7,0,6298,A
3-PA,1472,0,4,0,6285,6289,C
3-PA,1473,0,6082,0,2,6084,T
3-PA,1474,6118,0,0,0,6118,A
3-PA,1475,6115,0,2,2,6119,A
3-PA,1476,6095,2,11,1,6109,A
3-PA,1477,2,0,6145,0,6147,G
3-PA,1478,5772,1,14,1,5788,A
3-PA,1479,4,22,5796,0,5822,G
3-PA,1480,1,1,5658,0,5660,G
3-PA,1481,1,1,5657,0,5659,G
3-PA,1482,5594,0,8,0,5602,A
3-PA,1483,5510,0,9,0,5519,A
3-PA,1484,2,2,5500,0,5504,G
3-PA,1485,6,0,5491,0,5497,G
3-PA,1486,1,0,0,5482,5483,C
3-PA,1487,2,0,5503,0,5505,G
3-PA,1488,5472,1,3,0,5476,A
3-PA,1489,5490,2,0,0,5492,A
3-PA,1490,5467,0,7,0,5474,A
3-PA,1491,5471,0,1,1,5473,A
3-PA,1492,5481,0,10,3,5494,A
3-PA,1493,2,0,0,5476,5478,C
3-PA,1494,3,0,1,5457,5461,C
3-PA,1495,5443,0,4,0,5447,A
3-PA,1496,5478,1,2,0,5481,A
3-PA,1497,1,5472,0,1,5474,T
3-PA,1498,0,5463,2,4,5469,T
3-PA,1499,0,5496,0,2,5498,T
3-PA,1500,5518,0,0,0,5518,A
3-PA,1501,2,5501,1,3,5507,T
3-PA,1502,5494,2,6,0,5502,A
3-PA,1503,0,5470,1,5,5476,T
3-PA,1504,1,1,5424,1,5427,G
3-PA,1505,1,7,5385,0,5393,G
3-PA,1506,5367,1,3,0,5371,A
3-PA,1507,2,5360,1,7,5370,T
3-PA,1508,0,5318,2,5,5325,T
3-PA,1509,6,2,1,5303,5312,C
3-PA,1510,5328,0,7,0,5335,A
3-PA,1511,1,5342,0,12,5355,T
3-PA,1512,3,2,0,5366,5371,C
3-PA,1513,5337,1,4,0,5342,A
3-PA,1514,0,5265,0,4,5269,T
3-PA,1515,5243,0,3,0,5246,A
3-PA,1516,5222,2,5,0,5229,A
3-PA,1517,5240,0,5,1,5246,A
3-PA,1518,2,0,5275,1,5278,G
3-PA,1519,2,2,5202,0,5206,G
3-PA,1520,0,1,5151,0,5152,G
3-PA,1521,5118,0,8,2,5128,A
3-PA,1522,5087,0,3,1,5091,A
3-PA,1523,1,1,5103,0,5105,G
3-PA,1524,5048,0,11,0,5059,A
3-PA,1525,0,5022,2,3,5027,T
3-PA,1526,0,1,0,5022,5023,C
3-PA,1527,1,4897,0,6,4904,T
3-PA,1528,3,0,0,4993,4996,C
3-PA,1529,4967,0,5,0,4972,A
3-PA,1530,0,4890,0,37,4927,T
3-PA,1531,2,4935,0,6,4943,T
3-PA,1532,1,4894,0,3,4898,T
3-PA,1533,4881,0,4,0,4885,A
3-PA,1534,4882,1,6,0,4889,A
3-PA,1535,2,2,4880,0,4884,G
3-PA,1536,0,2,4973,0,4975,G
3-PA,1537,4653,1,3,0,4657,A
3-PA,1538,4665,0,8,0,4673,A
3-PA,1539,0,4668,1,3,4672,T
3-PA,1540,1,4,4704,0,4709,G
3-PA,1541,4803,2,10,0,4815,A
3-PA,1542,1,3,0,4811,4815,C
3-PA,1543,4792,2,6,1,4801,A
3-PA,1544,0,1,0,4790,4791,C
3-PA,1545,4572,2,8,0,4582,A
3-PA,1546,0,1,4605,0,4606,G
3-PA,1547,4578,0,14,0,4592,A
3-PA,1548,0,4,0,4546,4550,C
3-PA,1549,3,0,4503,0,4506,G
3-PA,1550,2,4164,0,3,4169,T
3-PA,1551,0,1,4177,0,4178,G
3-PA,1552,3,1,4195,0,4199,G
3-PA,1553,0,4196,1,1,4198,T
3-PA,1554,4190,0,0,0,4190,A
3-PA,1555,4137,0,0,0,4137,A
3-PA,1556,4150,2,0,0,4152,A
3-PA,1557,0,4140,1,1,4142,T
3-PA,1558,0,4008,0,3,4011,T
3-PA,1559,1,4001,1,2,4005,T
3-PA,1560,1,3944,0,1,3946,T
3-PA,1561,2,0,3934,0,3936,G
3-PA,1562,0,3847,0,4,3851,T
3-PA,1563,1,3,3852,0,3856,G
3-PA,1564,3791,0,12,0,3803,A
3-PA,1565,3,0,3828,0,3831,G
3-PA,1566,1,1,0,3787,3789,C
3-PA,1567,3814,0,1,0,3815,A
3-PA,1568,1,3796,0,10,3807,T
3-PA,1569,1,0,3816,0,3817,G
3-PA,1570,1,2,3826,0,3829,G
3-PA,1571,3830,3,5,0,3838,A
3-PA,1572,1,0,3847,0,3848,G
3-PA,1573,0,3791,0,6,3797,T
3-PA,1574,0,3716,0,10,3726,T
3-PA,1575,1,3732,1,8,3742,T
3-PA,1576,3,3723,0,4,3730,T
3-PA,1577,1,2,0,3734,3737,C
3-PA,1578,2,3690,0,6,3698,T
3-PA,1579,0,36,0,3672,3708,C
3-PA,1580,1,3581,0,6,3588,T
3-PA,1581,12,1,0,3558,3571,C
3-PA,1582,3584,0,2,0,3586,A
3-PA,1583,1,0,0,3565,3566,C
3-PA,1584,1,3417,0,1,3419,T
3-PA,1585,0,2,3416,0,3418,G
3-PA,1586,3408,0,6,0,3414,A
3-PA,1587,1,1,0,3447,3449,C
3-PA,1588,1,1,0,3422,3424,C
3-PA,1589,4,5,0,3366,3375,C
3-PA,1590,1,0,3318,0,3319,G
3-PA,1591,3293,0,6,0,3299,A
3-PA,1592,0,1,3339,0,3340,G
3-PA,1593,3320,0,5,1,3326,A
3-PA,1594,0,0,1,3272,3273,C
3-PA,1595,0,3211,0,6,3217,T
3-PA,1596,0,3047,0,1,3048,T
3-PA,1597,1,0,3036,0,3037,G
3-PA,1598,2991,0,8,0,2999,A
3-PA,1599,0,0,3044,0,3044,G
3-PA,1600,0,2,0,3022,3024,C
3-PA,1601,0,2,0,2930,2932,C
3-PA,1602,2954,0,4,0,2958,A
3-PA,1603,0,1,0,2948,2949,C
3-PA,1604,2944,0,2,0,2946,A
3-PA,1605,0,2949,0,1,2950,T
3-PA,1606,2921,0,2,0,2923,A
3-PA,1607,2900,0,8,0,2908,A
3-PA,1608,2903,0,4,2,2909,A
3-PA,1609,0,2891,0,1,2892,T
3-PA,1610,2,1,2887,0,2890,G
3-PA,1611,2,1,2731,0,2734,G
3-PA,1612,2,1,2716,0,2719,G
3-PA,1613,2654,0,5,0,2659,A
3-PA,1614,0,1,2706,0,2707,G
3-PA,1615,2675,0,3,0,2678,A
3-PA,1616,2653,0,2,0,2655,A
3-PA,1617,2671,0,4,0,2675,A
3-PA,1618,0,2675,0,0,2675,T
3-PA,1619,2678,1,1,0,2680,A
3-PA,1620,8,1,0,2674,2683,C
3-PA,1621,0,1839,0,1,1840,T
3-PA,1622,0,0,1875,0,1875,G
3-PA,1623,0,1628,1,4,1633,T
3-PA,1624,0,0,1686,0,1686,G
3-PA,1625,0,1657,2,0,1659,T
3-PA,1626,0,3,0,1542,1545,C
3-PA,1627,2,0,0,1531,1533,C
3-PA,1628,0,1494,0,1,1495,T
3-PA,1629,0,1501,0,0,1501,T
3-PA,1630,1,2,1509,0,1512,G
3-PA,1631,1492,0,5,1,1498,A
3-PA,1632,0,1,1546,0,1547,G
3-PA,1633,1470,0,2,0,1472,A
3-PA,1634,0,1475,0,0,1475,T
3-PA,1635,1448,0,2,0,1450,A
3-PA,1636,4,1,1488,0,1493,G
3-PA,1637,1,0,1492,0,1493,G
3-PA,1638,1473,1,1,1,1476,A
3-PA,1639,1,1,1490,0,1492,G
3-PA,1640,1440,0,3,0,1443,A
3-PA,1641,0,1452,0,0,1452,T
3-PA,1642,1455,0,0,0,1455,A
3-PA,1643,0,1462,0,0,1462,T
3-PA,1644,1,0,1491,0,1492,G
3-PA,1645,0,1455,0,2,1457,T
3-PA,1646,0,1437,0,1,1438,T
3-PA,1647,1440,0,0,0,1440,A
3-PA,1648,0,1418,0,0,1418,T
3-PA,1649,1,1449,0,0,1450,T
3-PA,1650,1452,0,0,0,1452,A
3-PA,1651,1445,0,1,0,1446,A
3-PA,1652,0,0,1463,0,1463,G
3-PA,1653,1420,0,0,0,1420,A
3-PA,1654,1395,0,1,0,1396,A
3-PA,1655,0,0,1362,0,1362,G
3-PA,1656,0,1376,0,1,1377,T
3-PA,1657,0,1,1389,0,1390,G
3-PA,1658,0,1,0,1397,1398,C
3-PA,1659,0,0,1,1407,1408,C
3-PA,1660,1407,0,1,0,1408,A
3-PA,1661,0,1403,0,0,1403,T
3-PA,1662,1376,0,0,0,1376,A
3-PA,1663,1,0,1379,0,1380,G
3-PA,1664,0,0,1374,0,1374,G
3-PA,1665,1,0,0,1370,1371,C
3-PA,1666,0,0,0,1359,1359,C
3-PA,1667,1357,0,1,2,1360,A
3-PA,1668,1358,0,0,0,1358,A
3-PA,1669,1361,0,1,0,1362,A
3-PA,1670,0,1384,0,0,1384,T
3-PA,1671,0,1382,0,0,1382,T
3-PA,1672,0,1371,0,0,1371,T
3-PA,1673,0,0,0,1372,1372,C
3-PA,1674,1375,1,1,0,1377,A
3-PA,1675,1376,0,3,0,1379,A
3-PA,1676,0,0,1405,0,1405,G
3-PA,1677,0,0,1437,0,1437,G
3-PA,1678,0,0,0,1457,1457,C
3-PA,1679,0,0,0,1459,1459,C
3-PA,1680,0,1457,0,2,1459,T
3-PA,1681,1917,0,1,0,1918,A
3-PA,1682,0,1923,0,1,1924,T
3-PA,1683,0,0,1956,0,1956,G
3-PA,1684,0,1947,0,1,1948,T
3-PA,1685,0,1958,0,1,1959,T
3-PA,1686,1,1,0,1940,1942,C
3-PA,1687,0,1919,0,5,1924,T
3-PA,1688,0,1914,0,0,1914,T
3-PA,1689,0,0,1933,0,1933,G
3-PA,1690,0,1883,0,2,1885,T
3-PA,1691,1880,0,3,0,1883,A
3-PA,1692,2,1860,0,1,1863,T
3-PA,1693,0,1,1861,0,1862,G
3-PA,1694,1,1820,0,1,1822,T
3-PA,1695,0,0,1810,0,1810,G
3-PA,1696,1800,0,4,0,1804,A
3-PA,1697,1,1,1823,0,1825,G
3-PA,1698,0,0,1825,0,1825,G
3-PA,1699,1828,0,3,0,1831,A
3-PA,1700,0,1,0,1834,1835,C
3-PA,1701,1830,0,1,0,1831,A
3-PA,1702,1821,0,3,0,1824,A
3-PA,1703,1827,1,3,0,1831,A
3-PA,1704,0,13,0,1831,1844,C
3-PA,1705,0,0,1841,0,1841,G
3-PA,1706,0,0,1850,0,1850,G
3-PA,1707,1834,0,1,0,1835,A
3-PA,1708,1841,0,5,0,1846,A
3-PA,1709,0,2,0,1864,1866,C
3-PA,1710,1854,0,3,0,1857,A
3-PA,1711,1,1849,0,2,1852,T
3-PA,1712,0,0,0,1858,1858,C
3-PA,1713,1847,0,0,0,1847,A
3-PA,1714,1849,0,1,0,1850,A
3-PA,1715,1822,0,5,0,1827,A
3-PA,1716,1,0,1865,0,1866,G
3-PA,1717,0,0,1868,1,1869,G
3-PA,1718,0,1853,0,1,1854,T
3-PA,1719,1,0,0,1853,1854,C
3-PA,1720,1858,0,2,0,1860,A
3-PA,1721,1869,0,0,0,1869,A
3-PA,1722,1866,0,2,0,1868,A
3-PA,1723,1879,0,1,0,1880,A
3-PA,1724,0,1878,0,0,1878,T
3-PA,1725,1,2,1885,1,1889,G
3-PA,1726,1866,0,2,0,1868,A
3-PA,1727,1864,0,4,0,1868,A
3-PA,1728,1861,1,4,0,1866,A
3-PA,1729,0,1878,0,1,1879,T
3-PA,1730,1,0,1918,0,1919,G
3-PA,1731,0,3,1918,0,1921,G
3-PA,1732,1,0,1907,0,1908,G
3-PA,1733,2,1,1945,0,1948,G
3-PA,1734,1921,0,3,0,1924,A
3-PA,1735,1946,0,1,0,1947,A
3-PA,1736,0,1956,0,1,1957,T
3-PA,1737,1,0,1967,1,1969,G
3-PA,1738,2,1,2004,0,2007,G
3-PA,1739,1975,0,7,1,1983,A
3-PA,1740,1,0,2039,0,2040,G
3-PA,1741,2013,0,5,0,2018,A
3-PA,1742,0,2008,0,0,2008,T
3-PA,1743,0,2,2011,0,2013,G
3-PA,1744,1984,1,3,0,1988,A
3-PA,1745,0,0,2013,0,2013,G
3-PA,1746,2000,1,3,0,2004,A
3-PA,1747,0,1,1,1995,1997,C
3-PA,1748,2,0,1989,0,1991,G
3-PA,1749,1,1973,0,2,1976,T
3-PA,1750,0,1964,1,1,1966,T
3-PA,1751,0,0,1977,0,1977,G
3-PA,1752,2,0,0,1970,1972,C
3-PA,1753,0,2,0,1980,1982,C
3-PA,1754,0,1959,0,5,1964,T
3-PA,1755,0,0,0,2044,2044,C
3-PA,1756,0,0,0,2053,2053,C
3-PA,1757,0,2040,0,3,2043,T
3-PA,1758,0,2048,0,1,2049,T
3-PA,1759,0,0,0,2059,2059,C
3-PA,1760,2047,0,1,0,2048,A
3-PA,1761,0,0,2055,0,2055,G
3-PA,1762,0,2034,7,4,2045,T
3-PA,1763,0,0,0,2069,2069,C
3-PA,1764,2001,0,0,0,2001,A
3-PA,1765,0,0,0,2106,2106,C
3-PA,1766,0,2073,0,4,2077,T
3-PA,1767,1,0,0,2106,2107,C
3-PA,1768,1,2,0,2103,2106,C
3-PA,1769,2108,0,1,0,2109,A
3-PA,1770,1,1,2113,0,2115,G
3-PA,1771,0,6,0,2112,2118,C
3-PA,1772,2094,0,0,0,2094,A
3-PA,1773,0,0,2107,0,2107,G
3-PA,1774,1991,1,3,0,1995,A
3-PA,1775,0,2006,0,1,2007,T
3-PA,1776,0,2,0,2001,2003,C
3-PA,1777,0,0,2005,1,2006,G
3-PA,1778,1989,0,2,0,1991,A
3-PA,1779,0,1,2004,0,2005,G
3-PA,1780,1982,0,4,0,1986,A
3-PA,1781,0,0,2024,0,2024,G
3-PA,1782,0,0,0,1994,1994,C
3-PA,1783,1995,0,0,1,1996,A
3-PA,1784,0,2004,0,1,2005,T
3-PA,1785,1,0,2047,0,2048,G
3-PA,1786,2058,0,3,0,2061,A
3-PA,1787,0,2053,0,2,2055,T
3-PA,1788,1,2039,0,2,2042,T
3-PA,1789,0,1,2049,0,2050,G
3-PA,1790,2027,0,4,0,2031,A
3-PA,1791,2033,0,0,0,2033,A
3-PA,1792,1,1,2043,0,2045,G
3-PA,1793,0,0,0,2030,2030,C
3-PA,1794,1,0,0,2005,2006,C
3-PA,1795,1,1,1992,0,1994,G
3-PA,1796,1975,0,3,0,1978,A
3-PA,1797,1,0,1997,0,1998,G
3-PA,1798,1,1984,1,2,1988,T
3-PA,1799,2,0,0,1981,1983,C
3-PA,1800,0,0,0,1988,1988,C
3-PA,1801,0,1981,0,2,1983,T
3-PA,1802,0,0,0,2026,2026,C
3-PA,1803,0,0,2025,0,2025,G
3-PA,1804,0,0,2104,0,2104,G
3-PA,1805,0,2092,0,1,2093,T
3-PA,1806,0,2085,0,1,2086,T
3-PA,1807,2087,0,0,0,2087,A
3-PA,1808,2090,0,1,1,2092,A
3-PA,1809,2095,0,4,0,2099,A
3-PA,1810,0,0,2183,0,2183,G
3-PA,1811,2144,0,6,0,2150,A
3-PA,1812,0,1,2170,1,2172,G
3-PA,1813,2084,1,3,0,2088,A
3-PA,1814,2085,0,1,0,2086,A
3-PA,1815,2101,0,1,1,2103,A
3-PA,1816,1,0,2116,0,2117,G
3-PA,1817,2123,0,3,0,2126,A
3-PA,1818,0,1,0,2120,2121,C
3-PA,1819,2096,0,0,1,2097,A
3-PA,1820,1,2094,0,0,2095,T
3-PA,1821,0,0,2093,0,2093,G
3-PA,1822,2110,1,4,0,2115,A
3-PA,1823,0,1,0,2118,2119,C
3-PA,1824,0,0,0,2111,2111,C
3-PA,1825,2094,1,1,0,2096,A
3-PA,1826,2092,0,1,0,2093,A
3-PA,1827,2092,0,2,0,2094,A
3-PA,1828,0,0,2104,0,2104,G
3-PA,1829,2085,0,0,0,2085,A
3-PA,1830,24,0,2079,0,2103,G
3-PA,1831,0,2054,0,2,2056,T
3-PA,1832,1,2038,0,0,2039,T
3-PA,1833,0,2046,0,1,2047,T
3-PA,1834,0,2056,0,1,2057,T
3-PA,1835,0,2063,0,2,2065,T
3-PA,1836,0,2061,0,0,2061,T
3-PA,1837,0,2,2065,0,2067,G
3-PA,1838,2038,1,8,0,2047,A
3-PA,1839,1,0,2079,0,2080,G
3-PA,1840,2067,2,1,1,2071,A
3-PA,1841,2063,0,3,0,2066,A
3-PA,1842,0,2075,0,0,2075,T
3-PA,1843,2069,0,1,0,2070,A
3-PA,1844,1,0,2064,0,2065,G
3-PA,1845,2189,0,0,0,2189,A
3-PA,1846,0,2189,0,1,2190,T
3-PA,1847,1,1,0,2193,2195,C
3-PA,1848,2186,0,2,0,2188,A
3-PA,1849,0,0,2191,0,2191,G
3-PA,1850,2191,0,1,0,2192,A
3-PA,1851,2196,0,4,0,2200,A
3-PA,1852,0,0,2222,0,2222,G
3-PA,1853,0,1,0,2116,2117,C
3-PA,1854,2111,1,1,0,2113,A
3-PA,1855,1,2101,0,1,2103,T
3-PA,1856,2,1,2102,1,2106,G
3-PA,1857,1,0,2152,0,2153,G
3-PA,1858,0,1,0,2117,2118,C
3-PA,1859,2,0,0,2190,2192,C
3-PA,1860,3,0,0,2200,2203,C
3-PA,1861,2223,0,1,2,2226,A
3-PA,1862,0,2232,2,0,2234,T
3-PA,1863,0,2229,0,0,2229,T
3-PA,1864,2,1,2247,0,2250,G
3-PA,1865,1,2,2250,0,2253,G
3-PA,1866,0,0,2236,0,2236,G
3-PA,1867,1,2,2236,0,2239,G
3-PA,1868,2112,1,4,0,2117,A
3-PA,1869,0,0,2158,0,2158,G
3-PA,1870,0,2113,0,5,2118,T
3-PA,1871,3,1,0,2161,2165,C
3-PA,1872,0,0,0,2286,2286,C
3-PA,1873,1,0,0,2289,2290,C
3-PA,1874,4,3,0,2280,2287,C
3-PA,1875,1,1,0,2290,2292,C
3-PA,1876,2285,0,1,1,2287,A
3-PA,1877,2280,1,3,0,2284,A
3-PA,1878,0,1,2290,0,2291,G
3-PA,1879,2,1,2277,0,2280,G
3-PA,1880,1,1,2289,0,2291,G
3-PA,1881,2065,0,3,0,2068,A
3-PA,1882,1,0,2108,0,2109,G
3-PA,1883,0,2101,0,3,2104,T
3-PA,1884,0,2,2109,0,2111,G
3-PA,1885,1,0,2120,0,2121,G
3-PA,1886,2119,0,1,0,2120,A
3-PA,1887,2106,1,3,0,2110,A
3-PA,1888,0,0,2111,1,2112,G
3-PA,1889,2086,0,2,0,2088,A
3-PA,1890,2094,0,1,0,2095,A
3-PA,1891,0,0,2096,0,2096,G
3-PA,1892,1,0,2093,0,2094,G
3-PA,1893,0,2088,0,4,2092,T
3-PA,1894,1,2062,0,4,2067,T
3-PA,1895,0,1,0,2069,2070,C
3-PA,1896,0,1,0,2070,2071,C
3-PA,1897,2071,0,1,1,2073,A
3-PA,1898,0,2071,0,0,2071,T
3-PA,1899,1,2059,0,1,2061,T
3-PA,1900,0,2,2071,1,2074,G
3-PA,1901,1,0,2064,0,2065,G
3-PA,1902,0,2,2058,0,2060,G
3-PA,1903,2070,0,0,0,2070,A
3-PA,1904,2054,2,0,0,2056,A
3-PA,1905,2080,0,2,0,2082,A
3-PA,1906,0,0,2181,0,2181,G
3-PA,1907,1,2172,0,0,2173,T
3-PA,1908,0,0,0,2211,2211,C
3-PA,1909,0,2200,0,2,2202,T
3-PA,1910,0,0,2221,0,2221,G
3-PA,1911,0,2217,0,2,2219,T
3-PA,1912,2212,0,1,0,2213,A
3-PA,1913,0,0,2221,0,2221,G
3-PA,1914,1,1,2189,0,2191,G
3-PA,1915,2145,1,3,0,2149,A
3-PA,1916,0,1,0,2147,2148,C
3-PA,1917,0,2093,0,4,2097,T
3-PA,1918,1,1,0,2188,2190,C
3-PA,1919,0,2174,1,1,2176,T
3-PA,1920,2183,0,0,0,2183,A
3-PA,1921,0,2177,1,2,2180,T
3-PA,1922,0,2162,0,1,2163,T
3-PA,1923,1,0,2195,0,2196,G
3-PA,1924,1,0,2181,0,2182,G
3-PA,1925,1,1,1,2178,2181,C
3-PA,1926,0,2159,0,2,2161,T
3-PA,1927,2032,0,2,1,2035,A
3-PA,1928,2055,0,0,0,2055,A
3-PA,1929,0,0,2073,0,2073,G
3-PA,1930,0,2063,0,0,2063,T
3-PA,1931,0,0,0,2057,2057,C
3-PA,1932,1976,0,0,0,1976,A
3-PA,1933,1,0,2108,0,2109,G
3-PA,1934,1,2106,0,0,2107,T
3-PA,1935,2165,0,1,0,2166,A
3-PA,1936,0,2166,0,4,2170,T
3-PA,1937,1,2157,1,1,2160,T
3-PA,1938,1,8,1,2149,2159,C
3-PA,1939,2143,0,0,0,2143,A
3-PA,1940,2158,0,2,0,2160,A
3-PA,1941,0,2150,6,0,2156,T
3-PA,1942,2070,1,1,0,2072,A
3-PA,1943,0,0,2091,0,2091,G
3-PA,1944,0,0,0,2059,2059,C
3-PA,1945,0,0,0,2080,2080,C
3-PA,1946,0,1993,0,3,1996,T
3-PA,1947,2,0,2044,0,2046,G
3-PA,1948,0,2037,0,2,2039,T
3-PA,1949,2056,0,1,0,2057,A
3-PA,1950,0,2054,1,3,2058,T
3-PA,1951,3,1,2027,0,2031,G
3-PA,1952,0,0,0,2022,2022,C
3-PA,1953,1983,0,1,0,1984,A
3-PA,1954,0,1971,1,4,1976,T
3-PA,1955,0,0,0,1975,1975,C
3-PA,1956,1896,0,4,0,1900,A
3-PA,1957,0,0,0,1914,1914,C
3-PA,1958,4,1,0,1887,1892,C
3-PA,1959,1899,0,1,0,1900,A
3-PA,1960,0,1,0,1914,1915,C
3-PA,1961,1842,0,0,0,1842,A
3-PA,1962,1837,0,2,0,1839,A
3-PA,1963,0,1844,0,0,1844,T
3-PA,1964,1,1839,0,0,1840,T
3-PA,1965,0,1,1841,0,1842,G
3-PA,1966,0,1,1806,0,1807,G
3-PA,1967,1802,0,2,0,1804,A
3-PA,1968,1804,0,4,0,1808,A
3-PA,1969,1,0,1791,0,1792,G
3-PA,1970,0,0,1804,0,1804,G
3-PA,1971,1802,1,2,1,1806,A
3-PA,1972,0,1795,0,3,1798,T
3-PA,1973,0,1797,0,0,1797,T
3-PA,1974,0,1802,1,1,1804,T
3-PA,1975,0,1796,0,3,1799,T
3-PA,1976,0,0,0,1803,1803,C
3-PA,1977,1794,0,4,0,1798,A
3-PA,1978,0,0,1802,1,1803,G
3-PA,1979,0,1,0,1790,1791,C
3-PA,1980,0,0,1771,0,1771,G
3-PA,1981,0,0,1774,0,1774,G
3-PA,1982,1762,0,1,0,1763,A
3-PA,1983,0,0,1785,0,1785,G
3-PA,1984,0,1782,0,1,1783,T
3-PA,1985,1,0,0,1800,1801,C
3-PA,1986,1810,0,1,0,1811,A
3-PA,1987,1805,0,2,0,1807,A
3-PA,1988,0,0,1811,0,1811,G
3-PA,1989,1800,0,1,0,1801,A
3-PA,1990,1790,0,1,0,1791,A
3-PA,1991,1791,0,2,0,1793,A
3-PA,1992,1759,0,1,0,1760,A
3-PA,1993,0,0,0,1778,1778,C
3-PA,1994,0,1711,0,4,1715,T
3-PA,1995,0,0,1722,0,1722,G
3-PA,1996,0,0,0,1718,1718,C
3-PA,1997,1,1700,0,3,1704,T
3-PA,1998,0,0,0,1713,1713,C
3-PA,1999,0,0,0,1704,1704,C
3-PA,2000,0,1708,0,2,1710,T
3-PA,2001,0,1708,0,0,1708,T
3-PA,2002,0,0,1710,0,1710,G
3-PA,2003,0,1706,0,2,1708,T
3-PA,2004,0,1676,0,0,1676,T
3-PA,2005,0,0,1687,0,1687,G
3-PA,2006,0,1670,0,3,1673,T
3-PA,2007,0,1667,0,0,1667,T
3-PA,2008,1,1,0,1664,1666,C
3-PA,2009,1597,0,2,0,1599,A
3-PA,2010,1,0,1624,0,1625,G
3-PA,2011,0,0,1623,0,1623,G
3-PA,2012,0,0,0,1641,1641,C
3-PA,2013,1,1614,0,4,1619,T
3-PA,2014,0,0,0,1645,1645,C
3-PA,2015,0,1633,0,0,1633,T
3-PA,2016,0,1634,0,2,1636,T
3-PA,2017,1635,0,3,0,1638,A
3-PA,2018,0,0,1645,0,1645,G
3-PA,2019,0,1,1614,0,1615,G
3-PA,2020,4,1,1605,0,1610,G
3-PA,2021,1557,0,3,0,1560,A
3-PA,2022,0,0,0,1554,1554,C
3-PA,2023,1440,0,6,0,1446,A
3-PA,2024,1478,0,1,1,1480,A
3-PA,2025,0,0,0,1500,1500,C
3-PA,2026,0,0,1,1485,1486,C
3-PA,2027,0,1478,0,2,1480,T
3-PA,2028,0,0,0,1444,1444,C
3-PA,2029,0,0,1443,0,1443,G
3-PA,2030,1447,1,0,0,1448,A
3-PA,2031,1448,0,3,0,1451,A
3-PA,2032,1,0,0,1458,1459,C
3-PA,2033,0,2,0,1393,1395,C
3-PA,2034,0,1322,0,1,1323,T
3-PA,2035,1,1,1319,0,1321,G
3-PA,2036,2,0,1315,0,1317,G
3-PA,2037,1,0,1317,0,1318,G
3-PA,2038,1317,1,1,0,1319,A
3-PA,2039,2,1,1,1312,1316,C
3-PA,2040,0,0,0,1306,1306,C
3-PA,2041,1,1270,0,1,1272,T
3-PA,2042,0,1285,0,1,1286,T
3-PA,2043,0,1288,1,0,1289,T
3-PA,2044,0,0,1291,0,1291,G
3-PA,2045,1283,0,4,0,1287,A
3-PA,2046,0,1287,0,0,1287,T
3-PA,2047,0,0,0,1306,1306,C
3-PA,2048,0,1265,0,1,1266,T
3-PA,2049,0,1254,0,0,1254,T
3-PA,2050,0,0,1254,0,1254,G
3-PA,2051,1,0,1251,0,1252,G
3-PA,2052,4,2,1256,0,1262,G
3-PA,2053,0,1,1251,0,1252,G
3-PA,2054,1,0,1228,0,1229,G
3-PA,2055,0,0,1231,0,1231,G
3-PA,2056,0,0,0,1232,1232,C
3-PA,2057,0,1220,0,1,1221,T
3-PA,2058,0,0,1217,0,1217,G
3-PA,2059,0,1276,0,0,1276,T
3-PA,2060,1276,0,1,0,1277,A
3-PA,2061,0,1274,0,0,1274,T
3-PA,2062,0,2,1252,0,1254,G
3-PA,2063,1244,0,2,0,1246,A
3-PA,2064,1238,0,1,0,1239,A
3-PA,2065,0,0,1242,0,1242,G
3-PA,2066,1,0,0,1244,1245,C
3-PA,2067,1090,0,0,0,1090,A
3-PA,2068,1116,0,1,0,1117,A
3-PA,2069,1,1114,0,0,1115,T
3-PA,2070,0,1113,0,0,1113,T
3-PA,2071,0,0,1115,0,1115,G
3-PA,2072,1090,3,0,0,1093,A
3-PA,2073,0,0,1095,0,1095,G
3-PA,2074,0,0,1096,0,1096,G
3-PA,2075,1049,0,0,0,1049,A
3-PA,2076,0,0,1061,0,1061,G
3-PA,2077,0,977,0,0,977,T
3-PA,2078,0,0,975,0,975,G
3-PA,2079,2,2,0,966,970,C
3-PA,2080,0,0,0,974,974,C
3-PA,2081,0,966,0,2,968,T
3-PA,2082,0,2,965,0,967,G
3-PA,2083,966,0,1,0,967,A
3-PA,2084,0,967,0,0,967,T
3-PA,2085,1,932,0,0,933,T
3-PA,2086,928,0,0,0,928,A
3-PA,2087,924,0,3,0,927,A
3-PA,2088,0,919,0,0,919,T
3-PA,2089,0,4,914,0,918,G
3-PA,2090,906,0,1,0,907,A
3-PA,2091,0,878,0,0,878,T
3-PA,2092,0,0,0,884,884,C
3-PA,2093,2,0,0,873,875,C
3-PA,2094,0,0,0,879,879,C
3-PA,2095,0,858,0,2,860,T
3-PA,2096,0,1,863,0,864,G
3-PA,2097,0,0,866,0,866,G
3-PA,2098,0,0,871,0,871,G
3-PA,2099,0,856,0,1,857,T
3-PA,2100,1,767,0,0,768,T
3-PA,2101,0,764,0,1,765,T
3-PA,2102,2,762,0,0,764,T
3-PA,2103,0,0,766,0,766,G
3-PA,2104,0,1,0,764,765,C
3-PA,2105,0,750,0,1,751,T
3-PA,2106,1,0,0,744,745,C
3-PA,2107,697,0,0,0,697,A
3-PA,2108,698,0,0,0,698,A
3-PA,2109,0,698,0,1,699,T
3-PA,2110,2,0,694,0,696,G
3-PA,2111,0,0,0,694,694,C
3-PA,2112,0,0,670,0,670,G
3-PA,2113,0,662,0,3,665,T
3-PA,2114,0,1,0,664,665,C
3-PA,2115,0,655,0,2,657,T
3-PA,2116,0,659,0,1,660,T
3-PA,2117,0,0,650,0,650,G
3-PA,2118,0,0,650,0,650,G
3-PA,2119,0,647,1,0,648,T
3-PA,2120,0,640,0,2,642,T
3-PA,2121,0,0,0,622,622,C
3-PA,2122,597,0,0,0,597,A
3-PA,2123,598,0,0,0,598,A
3-PA,2124,0,0,0,599,599,C
3-PA,2125,0,590,0,1,591,T
3-PA,2126,0,0,0,590,590,C
3-PA,2127,0,0,0,531,531,C
3-PA,2128,1,524,0,2,527,T
3-PA,2129,0,521,0,1,522,T
3-PA,2130,0,0,0,526,526,C
3-PA,2131,0,0,0,525,525,C
3-PA,2132,0,507,1,1,509,T
3-PA,2133,0,0,504,0,504,G
3-PA,2134,505,0,1,0,506,A
3-PA,2135,0,0,0,492,492,C
3-PA,2136,466,0,2,0,468,A
3-PA,2137,0,1,0,451,452,C
3-PA,2138,427,0,0,0,427,A
3-PA,2139,0,421,0,0,421,T
3-PA,2140,0,0,419,0,419,G
3-PA,2141,0,1,0,414,415,C
3-PA,2142,404,0,0,0,404,A
3-PA,2143,0,404,0,1,405,T
3-PA,2144,0,401,0,0,401,T
3-PA,2145,396,1,1,0,398,A
3-PA,2146,396,0,0,0,396,A
3-PA,2147,395,0,0,0,395,A
3-PA,2148,390,0,1,0,391,A
3-PA,2149,0,373,0,0,373,T
3-PA,2150,258,0,0,0,258,A
3-PA,2151,0,0,259,0,259,G
4-HA,1,856,0,0,0,856,A
4-HA,2,0,860,0,0,860,T
4-HA,3,0,0,873,0,873,G
4-HA,4,872,0,0,0,872,A
4-HA,5,883,0,3,1,887,A
4-HA,6,0,0,984,0,984,G
4-HA,7,982,0,1,0,983,A
4-HA,8,0,0,0,1091,1091,C
4-HA,9,1,1090,0,3,1094,T
4-HA,10,1131,0,0,0,1131,A
4-HA,11,0,1186,0,0,1186,T
4-HA,12,0,0,0,1194,1194,C
4-HA,13,1187,0,0,0,1187,A
4-HA,14,0,1193,0,0,1193,T
4-HA,15,0,1192,0,2,1194,T
4-HA,16,0,0,1306,0,1306,G
4-HA,17,0,0,0,1323,1323,C
4-HA,18,0,1324,0,2,1326,T
4-HA,19,0,1325,1,2,1328,T
4-HA,20,0,1333,0,0,1333,T
4-HA,21,2,1,1469,0,1472,G
4-HA,22,1473,0,4,0,1477,A
4-HA,23,1,0,1566,0,1567,G
4-HA,24,0,0,0,1572,1572,C
4-HA,25,0,1569,0,7,1576,T
4-HA,26,1730,1,1,0,1732,A
4-HA,27,0,0,0,1751,1751,C
4-HA,28,1796,0,0,0,1796,A
4-HA,29,0,1918,0,2,1920,T
4-HA,30,0,1916,0,1,1917,T
4-HA,31,0,0,0,1956,1956,C
4-HA,32,0,1948,0,4,1952,T
4-HA,33,1984,0,0,1,1985,A
4-HA,34,0,1997,0,1,1998,T
4-HA,35,0,1,2004,1,2006,G
4-HA,36,1,1997,0,7,2005,T
4-HA,37,1,0,0,2008,2009,C
4-HA,38,0,1998,0,2,2000,T
4-HA,39,2,1,2001,0,2004,G
4-HA,40,0,0,2006,0,2006,G
4-HA,41,0,2000,1,3,2004,T
4-HA,42,0,1987,0,3,1990,T
4-HA,43,0,2000,0,1,2001,T
4-HA,44,0,2003,0,2,2005,T
4-HA,45,0,0,0,2000,2000,C
4-HA,46,4,0,1990,0,1994,G
4-HA,47,0,0,1,2024,2025,C
4-HA,48,0,2010,0,4,2014,T
4-HA,49,0,0,0,2042,2042,C
4-HA,50,2047,0,0,0,2047,A
4-HA,51,2050,0,0,0,2050,A
4-HA,52,2053,0,1,0,2054,A
4-HA,53,2051,0,1,0,2052,A
4-HA,54,2052,0,2,0,2054,A
4-HA,55,0,0,0,2076,2076,C
4-HA,56,1,2065,0,0,2066,T
4-HA,57,0,2080,1,0,2081,T
4-HA,58,1,1,0,2075,2077,C
4-HA,59,0,0,0,2093,2093,C
4-HA,60,0,2079,0,3,2082,T
4-HA,61,4,0,2114,0,2118,G
4-HA,62,0,2,2120,0,2122,G
4-HA,63,2121,1,1,0,2123,A
4-HA,64,2182,2,5,0,2189,A
4-HA,65,2202,0,0,1,2203,A
4-HA,66,0,2278,0,0,2278,T
4-HA,67,0,0,2320,0,2320,G
4-HA,68,2321,0,4,0,2325,A
4-HA,69,0,0,0,2422,2422,C
4-HA,70,2419,0,2,2,2423,A
4-HA,71,2415,0,3,0,2418,A
4-HA,72,0,0,0,2532,2532,C
4-HA,73,2519,0,4,0,2523,A
4-HA,74,0,0,2539,0,2539,G
4-HA,75,0,0,0,2524,2524,C
4-HA,76,2523,0,2,0,2525,A
4-HA,77,1,1,0,2697,2699,C
4-HA,78,3,0,2684,0,2687,G
4-HA,79,3,0,2712,1,2716,G
4-HA,80,0,0,0,2735,2735,C
4-HA,81,2729,1,2,0,2732,A
4-HA,82,2803,0,0,0,2803,A
4-HA,83,0,0,0,2861,2861,C
4-HA,84,1,0,2911,0,2912,G
4-HA,85,2,0,0,2946,2948,C
4-HA,86,1,2928,0,3,2932,T
4-HA,87,1,0,3075,0,3076,G
4-HA,88,0,3063,0,3,3066,T
4-HA,89,1,1,3292,0,3294,G
4-HA,90,0,2,0,3353,3355,C
4-HA,91,3,0,0,3421,3424,C
4-HA,92,0,3385,0,9,3394,T
4-HA,93,0,3357,0,3,3360,T
4-HA,94,3,3,3430,1,3437,G
4-HA,95,1,0,3452,0,3453,G
4-HA,96,1,0,3527,0,3528,G
4-HA,97,0,0,0,3532,3532,C
4-HA,98,3485,0,1,2,3488,A
4-HA,99,0,1,0,3555,3556,C
4-HA,100,0,2,0,3529,3531,C
4-HA,101,3945,2,9,0,3956,A
4-HA,102,0,3957,0,4,3961,T
4-HA,103,2,1,3948,0,3951,G
4-HA,104,1,4,1,3957,3963,C
4-HA,105,3915,1,5,0,3921,A
4-HA,106,0,0,4243,1,4244,G
4-HA,107,1,4244,0,3,4248,T
4-HA,108,4304,0,0,0,4304,A
4-HA,109,0,0,0,4291,4291,C
4-HA,110,2,3,0,4211,4216,C
4-HA,111,4233,0,0,0,4233,A
4-HA,112,4219,0,1,0,4220,A
4-HA,113,4214,0,6,0,4220,A
4-HA,114,0,4048,0,3,4051,T
4-HA,115,0,0,4083,0,4083,G
4-HA,116,0,2,4155,0,4157,G
4-HA,117,4160,0,5,0,4165,A
4-HA,118,4189,0,4,0,4193,A
4-HA,119,0,2,0,4178,4180,C
4-HA,120,1,0,4179,0,4180,G
4-HA,121,4215,0,4,0,4219,A
4-HA,122,1,4221,0,1,4223,T
4-HA,123,4260,1,5,1,4267,A
4-HA,124,2,0,4288,1,4291,G
4-HA,125,0,4251,0,2,4253,T
4-HA,126,1,2,4253,0,4256,G
4-HA,127,4253,0,8,0,4261,A
4-HA,128,4262,0,7,0,4269,A
4-HA,129,4266,0,3,0,4269,A
4-HA,130,4265,0,5,0,4270,A
4-HA,131,0,1,0,4318,4319,C
4-HA,132,4308,0,1,0,4309,A
4-HA,133,4307,2,1,0,4310,A
4-HA,134,1,4294,0,6,4301,T
4-HA,135,0,1,0,4308,4309,C
4-HA,136,4307,0,3,0,4310,A
4-HA,137,0,5,1,4335,4341,C
4-HA,138,0,2,4345,0,4347,G
4-HA,139,4315,1,2,0,4318,A
4-HA,140,4299,1,3,0,4303,A
4-HA,141,0,4323,0,2,4325,T
4-HA,142,1,2,4325,0,4328,G
4-HA,143,4351,1,7,0,4359,A
4-HA,144,0,2,0,4369,4371,C
4-HA,145,3,3,0,4359,4365,C
4-HA,146,4392,0,1,1,4394,A
4-HA,147,4392,0,2,0,4394,A
4-HA,148,4397,0,3,0,4400,A
4-HA,149,1,4402,0,1,4404,T
4-HA,150,0,4403,3,2,4408,T
4-HA,151,2,0,4421,0,4423,G
4-HA,152,4398,1,1,0,4400,A
4-HA,153,4411,0,5,0,4416,A
4-HA,154,1,1,4432,0,4434,G
4-HA,155,1,4397,0,0,4398,T
4-HA,156,0,4504,2,3,4509,T
4-HA,157,4545,2,3,0,4550,A
4-HA,158,0,0,0,4574,4574,C
4-HA,159,0,4564,0,1,4565,T
4-HA,160,4556,1,2,1,4560,A
4-HA,161,4639,1,3,1,4644,A
4-HA,162,0,4654,0,3,4657,T
4-HA,163,2,0,4640,0,4642,G
4-HA,164,0,3,0,4841,4844,C
4-HA,165,1,4780,1,5,4787,T
4-HA,166,4804,0,1,0,4805,A
4-HA,167,1,0,0,4802,4803,C
4-HA,168,0,4774,0,2,4776,T
4-HA,169,0,0,4824,0,4824,G
4-HA,170,4733,1,5,0,4739,A
4-HA,171,0,0,4780,0,4780,G
4-HA,172,2,3,0,4788,4793,C
4-HA,173,1,4590,0,8,4599,T
4-HA,174,0,1,4821,1,4823,G
4-HA,175,4,0,4903,0,4907,G
4-HA,176,0,4898,0,3,4901,T
4-HA,177,0,4901,0,6,4907,T
4-HA,178,2,0,0,4897,4899,C
4-HA,179,4878,4,0,1,4883,A
4-HA,180,0,0,4939,0,4939,G
4-HA,181,4920,1,8,0,4929,A
4-HA,182,3,1,5036,0,5040,G
4-HA,183,0,4861,0,6,4867,T
4-HA,184,0,4772,0,3,4775,T
4-HA,185,4,2,1,4822,4829,C
4-HA,186,3,3,0,4846,4852,C
4-HA,187,1,4784,0,11,4796,T
4-HA,188,2,1,0,4863,4866,C
4-HA,189,4855,0,2,0,4857,A
4-HA,190,4860,0,4,0,4864,A
4-HA,191,0,0,0,4904,4904,C
4-HA,192,4812,0,4,1,4817,A
4-HA,193,0,1,4925,0,4926,G
4-HA,194,0,0,4909,0,4909,G
4-HA,195,0,4901,0,4,4905,T
4-HA,196,2,1,4904,1,4908,G
4-HA,197,4898,1,9,2,4910,A
4-HA,198,4915,1,4,0,4920,A
4-HA,199,5064,0,12,0,5076,A
4-HA,200,1,5050,0,1,5052,T
4-HA,201,5190,0,3,0,5193,A
4-HA,202,0,5117,1,1,5119,T
4-HA,203,0,1,5096,0,5097,G
4-HA,204,0,5,0,5128,5133,C
4-HA,205,5,2,5127,0,5134,G
4-HA,206,5123,1,9,0,5133,A
4-HA,207,0,1,0,5140,5141,C
4-HA,208,5033,0,4,0,5037,A
4-HA,209,1,1,5461,0,5463,G
4-HA,210,0,5428,0,6,5434,T
4-HA,211,1,0,1,5479,5481,C
4-HA,212,7,0,1,5477,5485,C
4-HA,213,1,5401,0,14,5416,T
4-HA,214,1,0,0,5523,5524,C
4-HA,215,5521,1,3,3,5528,A
4-HA,216,0,5524,0,8,5532,T
4-HA,217,0,1,0,5536,5537,C
4-HA,218,5266,0,4,1,5271,A
4-HA,219,1,0,5305,0,5306,G
4-HA,220,5248,0,6,0,5254,A
4-HA,221,1,5247,0,2,5250,T
4-HA,222,2,1,0,5284,5287,C
4-HA,223,0,2,0,5125,5127,C
4-HA,224,0,5094,1,2,5097,T
4-HA,225,0,5084,2,1,5087,T
4-HA,226,0,0,5101,0,5101,G
4-HA,227,5104,1,5,0,5110,A
4-HA,228,2,5087,1,4,5094,T
4-HA,229,1,1,5141,0,5143,G
4-HA,230,0,0,5148,0,5148,G
4-HA,231,5093,1,7,1,5102,A
4-HA,232,1,1,5124,0,5126,G
4-HA,233,5111,1,5,1,5118,A
4-HA,234,5148,0,7,2,5157,A
4-HA,235,5141,0,2,0,5143,A
4-HA,236,5180,0,5,0,5185,A
4-HA,237,0,0,0,5313,5313,C
4-HA,238,1,5236,0,1,5238,T
4-HA,239,0,1,5293,0,5294,G
4-HA,240,2,0,0,5295,5297,C
4-HA,241,5296,1,5,2,5304,A
4-HA,242,0,4,1,5444,5449,C
4-HA,243,5424,0,6,0,5430,A
4-HA,244,1,1,1,6021,6024,C
4-HA,245,0,5988,0,2,5990,T
4-HA,246,6063,0,2,0,6065,A
4-HA,247,6049,0,6,1,6056,A
4-HA,248,0,6072,0,0,6072,T
4-HA,249,6021,1,4,2,6028,A
4-HA,250,0,0,6068,0,6068,G
4-HA,251,5927,1,6,0,5934,A
4-HA,252,1,5857,0,0,5858,T
4-HA,253,0,0,5603,1,5604,G
4-HA,254,1,1,0,5657,5659,C
4-HA,255,0,5565,0,7,5572,T
4-HA,256,1,2,0,6040,6043,C
4-HA,257,0,6019,0,3,6022,T
4-HA,258,6245,2,5,0,6252,A
4-HA,259,1,6241,0,2,6244,T
4-HA,260,0,6226,0,5,6231,T
4-HA,261,1,2,6285,0,6288,G
4-HA,262,4,3,6235,1,6243,G
4-HA,263,3,0,6263,1,6267,G
4-HA,264,6116,0,18,0,6134,A
4-HA,265,4,1,6032,0,6037,G
4-HA,266,5907,1,4,0,5912,A
4-HA,267,1,1,0,6285,6287,C
4-HA,268,3,3,0,6304,6310,C
4-HA,269,3,4,0,6331,6338,C
4-HA,270,3,6203,1,9,6216,T
4-HA,271,3,3,0,6314,6320,C
4-HA,272,6289,1,5,0,6295,A
4-HA,273,2,2,6586,0,6590,G
4-HA,274,0,6571,0,5,6576,T
4-HA,275,7,3,6612,0,6622,G
4-HA,276,0,6386,0,17,6403,T
4-HA,277,2,0,6360,0,6362,G
4-HA,278,6334,1,10,0,6345,A
4-HA,279,0,6360,0,9,6369,T
4-HA,280,1,1,6279,0,6281,G
4-HA,281,2,1,6284,1,6288,G
4-HA,282,4,2,1,6099,6106,C
4-HA,283,0,6067,0,10,6077,T
4-HA,284,0,6050,0,1,6051,T
4-HA,285,1,2,0,6052,6055,C
4-HA,286,2,3,0,6049,6054,C
4-HA,287,6076,1,0,0,6077,A
4-HA,288,6083,1,1,0,6085,A
4-HA,289,6073,1,0,0,6074,A
4-HA,290,6110,0,0,0,6110,A
4-HA,291,0,6129,0,1,6130,T
4-HA,292,6109,0,4,0,6113,A
4-HA,293,6109,1,2,2,6114,A
4-HA,294,1,1,6161,0,6163,G
4-HA,295,6166,0,3,2,6171,A
4-HA,296,6180,0,2,0,6182,A
4-HA,297,6198,1,4,1,6204,A
4-HA,298,1,6208,0,1,6210,T
4-HA,299,1,2,6213,0,6216,G
4-HA,300,1,3,6175,1,6180,G
4-HA,301,1,1,6169,0,6171,G
4-HA,302,6178,1,13,0,6192,A
4-HA,303,1,2,0,6261,6264,C
4-HA,304,1,2,0,6258,6261,C
4-HA,305,0,6289,0,15,6304,T
4-HA,306,1,6312,1,8,6322,T
4-HA,307,0,6296,0,4,6300,T
4-HA,308,0,6331,1,0,6332,T
4-HA,309,0,6327,1,2,6330,T
4-HA,310,0,0,6379,0,6379,G
4-HA,311,0,6369,1,8,6378,T
4-HA,312,0,6335,0,5,6340,T
4-HA,313,3,2,6348,0,6353,G
4-HA,314,6284,0,3,0,6287,A
4-HA,315,6291,1,3,0,6295,A
4-HA,316,0,1,0,6307,6308,C
4-HA,317,2,3,6268,0,6273,G
4-HA,318,1,1,0,6445,6447,C
4-HA,319,6440,2,3,2,6447,A
4-HA,320,2,1,6500,0,6503,G
4-HA,321,0,3,0,6498,6501,C
4-HA,322,6504,0,3,0,6507,A
4-HA,323,6507,0,11,1,6519,A
4-HA,324,6506,0,17,0,6523,A
4-HA,325,2,1,6939,0,6942,G
4-HA,326,1,3,0,6934,6938,C
4-HA,327,1,2,0,6924,6927,C
4-HA,328,0,6919,0,7,6926,T
4-HA,329,6918,0,0,0,6918,A
4-HA,330,0,0,0,6989,6989,C
4-HA,331,6971,0,8,0,6979,A
4-HA,332,2,0,7004,0,7006,G
4-HA,333,1,4,0,6961,6966,C
4-HA,334,6811,0,4,0,6815,A
4-HA,335,6845,1,9,1,6856,A
4-HA,336,0,6,0,7213,7219,C
4-HA,337,0,7150,0,1,7151,T
4-HA,338,2,0,7193,0,7195,G
4-HA,339,0,7060,1,8,7069,T
4-HA,340,1,7066,0,6,7073,T
4-HA,341,7075,0,4,0,7079,A
4-HA,342,1,2,0,7414,7417,C
4-HA,343,0,6,0,7426,7432,C
4-HA,344,6,1,0,7497,7504,C
4-HA,345,2,6868,0,10,6880,T
4-HA,346,0,6885,1,4,6890,T
4-HA,347,6899,0,2,0,6901,A
4-HA,348,0,6890,0,4,6894,T
4-HA,349,0,1,6894,0,6895,G
4-HA,350,6858,1,11,1,6871,A
4-HA,351,0,6424,0,5,6429,T
4-HA,352,0,0,6481,0,6481,G
4-HA,353,1,6242,0,5,6248,T
4-HA,354,2,0,6212,1,6215,G
4-HA,355,3,2,1,6200,6206,C
4-HA,356,2,1,0,6212,6215,C
4-HA,357,16,1,6335,1,6353,G
4-HA,358,0,0,6432,0,6432,G
4-HA,359,6435,0,1,0,6436,A
4-HA,360,0,6452,1,2,6455,T
4-HA,361,0,6361,0,2,6363,T
4-HA,362,6416,0,5,0,6421,A
4-HA,363,1,6393,1,12,6407,T
4-HA,364,1,2,6407,0,6410,G
4-HA,365,1,1,1,6395,6398,C
4-HA,366,2,3,0,6308,6313,C
4-HA,367,4,6270,1,12,6287,T
4-HA,368,1,2,1,6633,6637,C
4-HA,369,2,1,0,6685,6688,C
4-HA,370,3,2,0,6707,6712,C
4-HA,371,2,6632,1,17,6652,T
4-HA,372,0,6681,0,2,6683,T
4-HA,373,6667,1,8,0,6676,A
4-HA,374,0,3,6922,0,6925,G
4-HA,375,3,1,6950,0,6954,G
4-HA,376,2,6763,0,7,6772,T
4-HA,377,4,2,1,6585,6592,C
4-HA,378,6494,2,9,3,6508,A
4-HA,379,0,1,0,6717,6718,C
4-HA,380,0,6700,0,4,6704,T
4-HA,381,6704,0,2,0,6706,A
4-HA,382,1,2,6702,0,6705,G
4-HA,383,0,6551,0,2,6553,T
4-HA,384,0,6488,0,5,6493,T
4-HA,385,1,1,6572,0,6574,G
4-HA,386,0,0,0,6570,6570,C
4-HA,387,3,2,0,6560,6565,C
4-HA,388,3,6347,1,16,6367,T
4-HA,389,3,1,0,6366,6370,C
4-HA,390,6523,1,5,0,6529,A
4-HA,391,2,6529,1,2,6534,T
4-HA,392,1,3,0,6539,6543,C
4-HA,393,3,3,0,6554,6560,C
4-HA,394,3,1,6489,0,6493,G
4-HA,395,6,2,6555,0,6563,G
4-HA,396,0,1,0,6574,6575,C
4-HA,397,6618,1,6,0,6625,A
4-HA,398,0,1,0,6688,6689,C
4-HA,399,6514,0,12,0,6526,A
4-HA,400,0,1,0,6568,6569,C
4-HA,401,0,6546,0,22,6568,T
4-HA,402,2,2,6642,0,6646,G
4-HA,403,1,5,6737,0,6743,G
4-HA,404,6656,1,14,1,6672,A
4-HA,405,0,1,6777,1,6779,G
4-HA,406,1,6685,3,6,6695,T
4-HA,407,1,6627,1,6,6635,T
4-HA,408,0,6630,0,2,6632,T
4-HA,409,6619,0,3,0,6622,A
4-HA,410,6626,3,8,1,6638,A
4-HA,411,0,3,0,6655,6658,C
4-HA,412,6539,0,1,0,6540,A
4-HA,413,6526,2,6,3,6537,A
4-HA,414,2,6471,0,2,6475,T
4-HA,415,3,4,6463,0,6470,G
4-HA,416,6452,0,1,0,6453,A
4-HA,417,6439,0,4,0,6443,A
4-HA,418,6430,0,13,1,6444,A
4-HA,419,1,0,6488,0,6489,G
4-HA,420,0,2,1,6539,6542,C
4-HA,421,1,6515,1,14,6531,T
4-HA,422,1,6514,1,3,6519,T
4-HA,423,3,3,1,6588,6595,C
4-HA,424,6610,0,3,1,6614,A
4-HA,425,6624,0,2,1,6627,A
4-HA,426,1,6616,0,6,6623,T
4-HA,427,1,6609,1,3,6614,T
4-HA,428,0,4,6727,1,6732,G
4-HA,429,3,2,6782,1,6788,G
4-HA,430,6808,0,5,0,6813,A
4-HA,431,4,1,0,6823,6828,C
4-HA,432,2,6720,1,6,6729,T
4-HA,433,4,1,6792,0,6797,G
4-HA,434,0,3,6858,1,6862,G
4-HA,435,6810,1,14,0,6825,A
4-HA,436,3,0,6871,0,6874,G
4-HA,437,2,6592,0,13,6607,T
4-HA,438,2,2,1,6495,6500,C
4-HA,439,6551,2,3,1,6557,A
4-HA,440,3,0,0,6608,6611,C
4-HA,441,1,6558,0,10,6569,T
4-HA,442,5,2,0,6586,6593,C
4-HA,443,6483,0,2,0,6485,A
4-HA,444,6532,1,3,0,6536,A
4-HA,445,6492,1,8,2,6503,A
4-HA,446,6529,1,2,0,6532,A
4-HA,447,0,3,0,6560,6563,C
4-HA,448,3,1,6338,0,6342,G
4-HA,449,1,2,6415,0,6418,G
4-HA,450,6424,1,10,0,6435,A
4-HA,451,6412,0,10,0,6422,A
4-HA,452,0,3,0,6444,6447,C
4-HA,453,6391,0,4,2,6397,A
4-HA,454,6432,0,8,0,6440,A
4-HA,455,1,0,6511,0,6512,G
4-HA,456,0,0,0,6532,6532,C
4-HA,457,0,6406,0,14,6420,T
4-HA,458,2,1,0,6474,6477,C
4-HA,459,1,6423,0,5,6429,T
4-HA,460,1,0,6467,2,6470,G
4-HA,461,0,1,0,6472,6473,C
4-HA,462,0,6460,0,11,6471,T
4-HA,463,0,6540,0,7,6547,T
4-HA,464,1,0,6600,0,6601,G
4-HA,465,0,1,0,6636,6637,C
4-HA,466,6643,0,1,0,6644,A
4-HA,467,1,6597,0,3,6601,T
4-HA,468,6566,0,4,0,6570,A
4-HA,469,6537,0,7,2,6546,A
4-HA,470,2,1,6538,0,6541,G
4-HA,471,1,1,6536,2,6540,G
4-HA,472,6243,1,7,1,6252,A
4-HA,473,1,1,6234,0,6236,G
4-HA,474,6126,0,14,1,6141,A
4-HA,475,0,6314,1,1,6316,T
4-HA,476,2,0,0,6371,6373,C
4-HA,477,1,6369,0,2,6372,T
4-HA,478,6388,0,1,0,6389,A
4-HA,479,6375,1,3,1,6380,A
4-HA,480,0,6379,0,1,6380,T
4-HA,481,6361,1,2,0,6364,A
4-HA,482,6290,0,10,1,6301,A
4-HA,483,1,0,0,6331,6332,C
4-HA,484,6056,1,0,0,6057,A
4-HA,485,3,0,6136,0,6139,G
4-HA,486,1,5941,0,7,5949,T
4-HA,487,0,6001,1,2,6004,T
4-HA,488,0,6000,2,7,6009,T
4-HA,489,2,0,0,6155,6157,C
4-HA,490,0,6164,0,3,6167,T
4-HA,491,0,6172,2,2,6176,T
4-HA,492,1,6184,0,3,6188,T
4-HA,493,6157,1,4,2,6164,A
4-HA,494,1,0,6165,0,6166,G
4-HA,495,1,6140,0,1,6142,T
4-HA,496,6124,0,4,0,6128,A
4-HA,497,1,1,6154,0,6156,G
4-HA,498,6030,1,5,0,6036,A
4-HA,499,1,6037,1,2,6041,T
4-HA,500,0,6015,0,1,6016,T
4-HA,501,3,2,6116,0,6121,G
4-HA,502,6083,1,3,0,6087,A
4-HA,503,6084,1,1,0,6086,A
4-HA,504,0,6089,0,6,6095,T
4-HA,505,0,6021,0,2,6023,T
4-HA,506,4,4,6095,0,6103,G
4-HA,507,2,1,6110,0,6113,G
4-HA,508,1,6114,0,9,6124,T
4-HA,509,0,6076,0,5,6081,T
4-HA,510,4,7,5960,0,5971,G
4-HA,511,5969,1,11,0,5981,A
4-HA,512,0,1,0,5962,5963,C
4-HA,513,0,0,0,5944,5944,C
4-HA,514,8,2,0,5926,5936,C
4-HA,515,5853,0,0,1,5854,A
4-HA,516,0,1,0,5895,5896,C
4-HA,517,1,5867,0,4,5872,T
4-HA,518,1,5880,0,2,5883,T
4-HA,519,5896,1,0,0,5897,A
4-HA,520,5876,0,2,0,5878,A
4-HA,521,5861,1,3,0,5865,A
4-HA,522,5906,1,7,1,5915,A
4-HA,523,0,6009,1,1,6011,T
4-HA,524,0,5947,0,1,5948,T
4-HA,525,3,3,0,5991,5997,C
4-HA,526,5938,2,7,0,5947,A
4-HA,527,5958,0,1,0,5959,A
4-HA,528,5971,0,5,1,5977,A
4-HA,529,1,5983,0,3,5987,T
4-HA,530,6102,0,1,0,6103,A
4-HA,531,0,2,0,6098,6100,C
4-HA,532,1,1,0,5972,5974,C
4-HA,533,8,5,0,5989,6002,C
4-HA,534,5927,0,6,0,5933,A
4-HA,535,3,1,6347,0,6351,G
4-HA,536,0,1,0,6372,6373,C
4-HA,537,6352,0,4,0,6356,A
4-HA,538,1,6316,1,8,6326,T
4-HA,539,1,6167,1,2,6171,T
4-HA,540,5,2,6410,0,6417,G
4-HA,541,6420,2,16,1,6439,A
4-HA,542,6441,0,16,0,6457,A
4-HA,543,2,2,0,6467,6471,C
4-HA,544,6,0,6198,0,6204,G
4-HA,545,0,6227,0,10,6237,T
4-HA,546,0,1,6254,1,6256,G
4-HA,547,6241,1,10,1,6253,A
4-HA,548,0,1,0,6261,6262,C
4-HA,549,3,5927,2,3,5935,T
4-HA,550,6023,0,5,0,6028,A
4-HA,551,2,6013,0,3,6018,T
4-HA,552,4,0,6001,0,6005,G
4-HA,553,1,1,1,5985,5988,C
4-HA,554,3,3,1,5842,5849,C
4-HA,555,5839,1,2,0,5842,A
4-HA,556,5819,0,1,0,5820,A
4-HA,557,5812,0,11,1,5824,A
4-HA,558,0,1,1,5829,5831,C
4-HA,559,5741,1,0,0,5742,A
4-HA,560,5741,0,2,1,5744,A
4-HA,561,5700,5,13,1,5719,A
4-HA,562,5,1,5729,0,5735,G
4-HA,563,5719,0,1,0,5720,A
4-HA,564,5713,1,4,0,5718,A
4-HA,565,5736,0,3,3,5742,A
4-HA,566,5718,0,4,0,5722,A
4-HA,567,5742,0,2,1,5745,A
4-HA,568,1,5687,0,2,5690,T
4-HA,569,0,5710,0,1,5711,T
4-HA,570,1,5723,1,0,5725,T
4-HA,571,1,2,5702,0,5705,G
4-HA,572,5713,0,12,0,5725,A
4-HA,573,1,2,0,5730,5733,C
4-HA,574,5741,1,0,0,5742,A
4-HA,575,5751,0,2,1,5754,A
4-HA,576,5854,2,0,0,5856,A
4-HA,577,0,5902,2,1,5905,T
4-HA,578,0,5912,0,3,5915,T
4-HA,579,2,1,5999,1,6003,G
4-HA,580,1,5994,0,8,6003,T
4-HA,581,6030,1,8,0,6039,A
4-HA,582,0,2,0,6239,6241,C
4-HA,583,6213,0,2,2,6217,A
4-HA,584,3,6276,1,0,6280,T
4-HA,585,1,6161,2,3,6167,T
4-HA,586,0,6175,1,1,6177,T
4-HA,587,1,8,6138,1,6148,G
4-HA,588,1,10,6096,0,6107,G
4-HA,589,4,4,6103,0,6111,G
4-HA,590,1,7,6106,1,6115,G
4-HA,591,2,2,6062,0,6066,G
4-HA,592,2,1,6225,0,6228,G
4-HA,593,1,6168,1,13,6183,T
4-HA,594,2,6182,0,8,6192,T
4-HA,595,3,4,0,6161,6168,C
4-HA,596,6194,0,15,0,6209,A
4-HA,597,0,10,0,6249,6259,C
4-HA,598,2,0,0,6250,6252,C
4-HA,599,6240,0,6,0,6246,A
4-HA,600,1,1,1,6286,6289,C
4-HA,601,2,3,0,6154,6159,C
4-HA,602,5,5,0,6091,6101,C
4-HA,603,5,3,6145,0,6153,G
4-HA,604,3,1,6374,0,6378,G
4-HA,605,0,0,6392,2,6394,G
4-HA,606,1,6377,0,1,6379,T
4-HA,607,6387,1,0,0,6388,A
4-HA,608,0,7,0,6350,6357,C
4-HA,609,5,1,6252,0,6258,G
4-HA,610,1,2,6332,0,6335,G
4-HA,611,6335,2,5,0,6342,A
4-HA,612,0,6,0,6319,6325,C
4-HA,613,6011,0,3,0,6014,A
4-HA,614,6018,0,6,1,6025,A
4-HA,615,1,6029,0,3,6033,T
4-HA,616,1,4,6130,1,6136,G
4-HA,617,6117,2,14,2,6135,A
4-HA,618,3,3,1,6112,6119,C
4-HA,619,3,1,0,6042,6046,C
4-HA,620,6070,0,3,0,6073,A
4-HA,621,6081,1,1,0,6083,A
4-HA,622,6225,0,5,0,6230,A
4-HA,623,0,6239,2,3,6244,T
4-HA,624,0,0,1,6292,6293,C
4-HA,625,0,5706,1,5,5712,T
4-HA,626,2,5677,1,5,5685,T
4-HA,627,2,0,0,5724,5726,C
4-HA,628,0,3,0,5730,5733,C
4-HA,629,0,5692,2,4,5698,T
4-HA,630,4,1,5730,0,5735,G
4-HA,631,0,5636,0,4,5640,T
4-HA,632,5697,0,0,0,5697,A
4-HA,633,1,5663,0,7,5671,T
4-HA,634,0,4,5691,0,5695,G
4-HA,635,0,1,0,5697,5698,C
4-HA,636,2,5621,0,14,5637,T
4-HA,637,1,8,0,5654,5663,C
4-HA,638,5648,1,10,0,5659,A
4-HA,639,5631,1,13,0,5645,A
4-HA,640,4,0,5682,0,5686,G
4-HA,641,1,3,0,5692,5696,C
4-HA,642,5683,0,6,1,5690,A
4-HA,643,1,5622,0,1,5624,T
4-HA,644,0,1,1,5605,5607,C
4-HA,645,5601,1,6,0,5608,A
4-HA,646,2,0,5719,0,5721,G
4-HA,647,0,3,5723,0,5726,G
4-HA,648,5707,0,2,0,5709,A
4-HA,649,5672,1,10,0,5683,A
4-HA,650,1,1,5883,0,5885,G
4-HA,651,5873,1,6,0,5880,A
4-HA,652,5955,0,7,1,5963,A
4-HA,653,1,5969,0,9,5979,T
4-HA,654,4,1,0,5973,5978,C
4-HA,655,5933,1,9,1,5944,A
4-HA,656,0,4,0,5961,5965,C
4-HA,657,5917,1,4,0,5922,A
4-HA,658,0,0,6081,1,6082,G
4-HA,659,0,5924,0,6,5930,T
4-HA,660,2,0,0,5973,5975,C
4-HA,661,1,5846,1,8,5856,T
4-HA,662,0,3,1,5986,5990,C
4-HA,663,0,5997,0,6,6003,T
4-HA,664,6078,0,1,0,6079,A
4-HA,665,2,1,1,6053,6057,C
4-HA,666,1,1,0,6058,6060,C
4-HA,667,5944,1,1,0,5946,A
4-HA,668,5928,0,3,2,5933,A
4-HA,669,5915,0,0,0,5915,A
4-HA,670,5904,1,6,0,5911,A
4-HA,671,2,1,5911,0,5914,G
4-HA,672,5784,0,11,0,5795,A
4-HA,673,5783,1,8,1,5793,A
4-HA,674,2,3,5809,0,5814,G
4-HA,675,2,2,0,5807,5811,C
4-HA,676,2,2,0,5802,5806,C
4-HA,677,5824,0,4,0,5828,A
4-HA,678,5837,3,8,0,5848,A
4-HA,679,0,3,1,5849,5853,C
4-HA,680,5832,0,1,1,5834,A
4-HA,681,5837,1,2,3,5843,A
4-HA,682,5845,0,4,0,5849,A
4-HA,683,1,2,0,6052,6055,C
4-HA,684,1,5977,0,4,5982,T
4-HA,685,1,0,6027,0,6028,G
4-HA,686,0,5993,0,1,5994,T
4-HA,687,5996,0,1,0,5997,A
4-HA,688,6022,0,2,1,6025,A
4-HA,689,0,5988,0,4,5992,T
4-HA,690,1,2,0,6031,6034,C
4-HA,691,1,2,0,6006,6009,C
4-HA,692,6,3,1,5890,5900,C
4-HA,693,1,9,5896,0,5906,G
4-HA,694,5865,0,0,0,5865,A
4-HA,695,5886,0,2,0,5888,A
4-HA,696,0,5906,0,3,5909,T
4-HA,697,5903,0,1,0,5904,A
4-HA,698,0,5853,0,2,5855,T
4-HA,699,2,4,0,5869,5875,C
4-HA,700,4,2,5850,0,5856,G
4-HA,701,1,1,6089,0,6091,G
4-HA,702,6093,0,3,1,6097,A
4-HA,703,0,6116,2,8,6126,T
4-HA,704,1,2,0,6133,6136,C
4-HA,705,0,6144,0,4,6148,T
4-HA,706,6125,0,8,0,6133,A
4-HA,707,0,3,6154,0,6157,G
4-HA,708,6195,1,8,0,6204,A
4-HA,709,3,1,0,6179,6183,C
4-HA,710,4,0,1,5891,5896,C
4-HA,711,4,1,0,5888,5893,C
4-HA,712,5770,1,4,0,5775,A
4-HA,713,3,2,6161,1,6167,G
4-HA,714,6126,1,9,0,6136,A
4-HA,715,4,1,6247,0,6252,G
4-HA,716,0,6180,0,4,6184,T
4-HA,717,6166,0,2,0,6168,A
4-HA,718,6140,2,12,0,6154,A
4-HA,719,5,0,6278,0,6283,G
4-HA,720,0,1,6321,0,6322,G
4-HA,721,6196,0,6,1,6203,A
4-HA,722,5791,0,11,0,5802,A
4-HA,723,1,5781,0,3,5785,T
4-HA,724,5817,0,5,0,5822,A
4-HA,725,0,5777,0,7,5784,T
4-HA,726,0,2,0,5888,5890,C
4-HA,727,1,1,1,5869,5872,C
4-HA,728,5,1,1,5751,5758,C
4-HA,729,1,5690,0,7,5698,T
4-HA,730,5717,0,2,0,5719,A
4-HA,731,1,0,5726,0,5727,G
4-HA,732,0,2,0,5725,5727,C
4-HA,733,5544,1,0,0,5545,A
4-HA,734,0,0,5690,0,5690,G
4-HA,735,5562,1,4,0,5567,A
4-HA,736,5582,1,4,0,5587,A
4-HA,737,0,5579,1,1,5581,T
4-HA,738,5564,0,0,0,5564,A
4-HA,739,5573,0,13,0,5586,A
4-HA,740,2,3,5592,0,5597,G
4-HA,741,2,1,0,5604,5607,C
4-HA,742,5612,3,2,0,5617,A
4-HA,743,1,5425,0,8,5434,T
4-HA,744,0,1,0,5708,5709,C
4-HA,745,1,5667,0,4,5672,T
4-HA,746,5700,2,1,0,5703,A
4-HA,747,1,5685,0,2,5688,T
4-HA,748,1,5632,0,3,5636,T
4-HA,749,3,3,5685,0,5691,G
4-HA,750,4,1,5675,0,5680,G
4-HA,751,5666,1,6,0,5673,A
4-HA,752,1,2,0,5664,5667,C
4-HA,753,5062,0,1,0,5063,A
4-HA,754,5173,1,2,0,5176,A
4-HA,755,1,5414,1,2,5418,T
4-HA,756,5445,2,6,0,5453,A
4-HA,757,2,0,5488,1,5491,G
4-HA,758,0,5437,0,3,5440,T
4-HA,759,5434,1,2,1,5438,A
4-HA,760,5427,0,1,0,5428,A
4-HA,761,5474,0,5,0,5479,A
4-HA,762,5513,0,5,0,5518,A
4-HA,763,1,0,0,5559,5560,C
4-HA,764,3,1,0,5291,5295,C
4-HA,765,50,3,5234,0,5287,G
4-HA,766,1,4,5306,0,5311,G
4-HA,767,1,1,5360,0,5362,G
4-HA,768,5344,1,2,0,5347,A
4-HA,769,0,0,5403,0,5403,G
4-HA,770,5440,0,6,0,5446,A
4-HA,771,0,1,0,5467,5468,C
4-HA,772,5453,1,5,3,5462,A
4-HA,773,0,5458,0,1,5459,T
4-HA,774,5489,1,3,0,5493,A
4-HA,775,4,5,0,5548,5557,C
4-HA,776,0,5472,0,6,5478,T
4-HA,777,0,5512,1,4,5517,T
4-HA,778,0,5527,1,6,5534,T
4-HA,779,0,5496,1,3,5500,T
4-HA,780,0,0,5581,0,5581,G
4-HA,781,5577,1,2,1,5581,A
4-HA,782,0,5564,1,12,5577,T
4-HA,783,2,5623,1,0,5626,T
4-HA,784,5576,0,2,0,5578,A
4-HA,785,5598,1,6,0,5605,A
4-HA,786,2,1,0,5725,5728,C
4-HA,787,5673,1,4,0,5678,A
4-HA,788,2,0,5940,0,5942,G
4-HA,789,0,2,0,5898,5900,C
4-HA,790,5898,2,6,1,5907,A
4-HA,791,1,3,0,5957,5961,C
4-HA,792,5839,2,10,0,5851,A
4-HA,793,1,2,5929,0,5932,G
4-HA,794,2,0,5928,0,5930,G
4-HA,795,5,1,6149,0,6155,G
4-HA,796,6098,2,7,0,6107,A
4-HA,797,6176,0,9,4,6189,A
4-HA,798,0,6194,0,7,6201,T
4-HA,799,1,0,0,6225,6226,C
4-HA,800,0,6241,1,3,6245,T
4-HA,801,6264,0,1,0,6265,A
4-HA,802,6231,1,4,2,6238,A
4-HA,803,0,6222,0,0,6222,T
4-HA,804,1,6006,0,2,6009,T
4-HA,805,2,2,6051,2,6057,G
4-HA,806,0,1,1,6196,6198,C
4-HA,807,1,6325,0,15,6341,T
4-HA,808,1,0,1,6499,6501,C
4-HA,809,0,0,0,6499,6499,C
4-HA,810,0,6469,1,9,6479,T
4-HA,811,6508,0,3,2,6513,A
4-HA,812,3,4,6530,0,6537,G
4-HA,813,3,3,6620,0,6626,G
4-HA,814,1,3,6625,0,6629,G
4-HA,815,2,3,6559,1,6565,G
4-HA,816,0,6359,0,10,6369,T
4-HA,817,0,6313,1,2,6316,T
4-HA,818,6316,0,2,1,6319,A
4-HA,819,0,1,0,6410,6411,C
4-HA,820,1,6282,0,9,6292,T
4-HA,821,1,6300,1,6,6308,T
4-HA,822,1,1,0,6293,6295,C
4-HA,823,6246,0,1,0,6247,A
4-HA,824,6248,1,3,0,6252,A
4-HA,825,6260,1,1,0,6262,A
4-HA,826,6348,0,0,2,6350,A
4-HA,827,0,6336,0,2,6338,T
4-HA,828,6277,1,3,0,6281,A
4-HA,829,0,0,0,6280,6280,C
4-HA,830,1,1,6247,0,6249,G
4-HA,831,6234,2,0,0,6236,A
4-HA,832,6244,0,5,0,6249,A
4-HA,833,1,0,6348,0,6349,G
4-HA,834,2,6333,0,5,6340,T
4-HA,835,6,7,6369,1,6383,G
4-HA,836,1,3,6403,0,6407,G
4-HA,837,3,3,6422,0,6428,G
4-HA,838,6405,1,10,0,6416,A
4-HA,839,6426,0,6,1,6433,A
4-HA,840,6421,0,11,1,6433,A
4-HA,841,6406,0,11,1,6418,A
4-HA,842,0,1,6597,0,6598,G
4-HA,843,0,1,0,6607,6608,C
4-HA,844,1,6487,0,8,6496,T
4-HA,845,5,1,0,6623,6629,C
4-HA,846,6631,1,9,0,6641,A
4-HA,847,6700,1,2,0,6703,A
4-HA,848,2,6688,0,2,6692,T
4-HA,849,6782,0,3,0,6785,A
4-HA,850,6784,1,3,0,6788,A
4-HA,851,0,6673,1,2,6676,T
4-HA,852,1,2,6687,0,6690,G
4-HA,853,6591,0,10,2,6603,A
4-HA,854,4,1,7047,0,7052,G
4-HA,855,7041,0,6,0,7047,A
4-HA,856,0,7007,0,7,7014,T
4-HA,857,4,0,0,7163,7167,C
4-HA,858,7146,0,3,4,7153,A
4-HA,859,1,1,7312,1,7315,G
4-HA,860,7289,0,8,1,7298,A
4-HA,861,1,7281,1,5,7288,T
4-HA,862,10,0,7264,0,7274,G
4-HA,863,0,2,0,7082,7084,C
4-HA,864,7093,1,11,1,7106,A
4-HA,865,2,4,0,7201,7207,C
4-HA,866,2,3,0,7131,7136,C
4-HA,867,4,1,0,7146,7151,C
4-HA,868,6907,1,0,0,6908,A
4-HA,869,0,6883,2,7,6892,T
4-HA,870,0,6890,1,11,6902,T
4-HA,871,2,3,6981,0,6986,G
4-HA,872,4,1,6956,0,6961,G
4-HA,873,0,2,0,6984,6986,C
4-HA,874,6805,0,2,0,6807,A
4-HA,875,6781,0,4,0,6785,A
4-HA,876,6984,2,1,0,6987,A
4-HA,877,1,6993,0,2,6996,T
4-HA,878,5,0,6984,0,6989,G
4-HA,879,1,2,0,6989,6992,C
4-HA,880,6902,0,4,0,6906,A
4-HA,881,7131,1,6,1,7139,A
4-HA,882,0,7128,0,6,7134,T
4-HA,883,1,7162,0,5,7168,T
4-HA,884,2,1,1,7201,7205,C
4-HA,885,0,7022,0,6,7028,T
4-HA,886,4,0,7139,1,7144,G
4-HA,887,7122,3,8,0,7133,A
4-HA,888,7182,1,4,0,7187,A
4-HA,889,2,7176,0,4,7182,T
4-HA,890,2,3,7142,0,7147,G
4-HA,891,0,3,0,7185,7188,C
4-HA,892,7158,1,6,0,7165,A
4-HA,893,0,7129,1,10,7140,T
4-HA,894,0,4,1,7138,7143,C
4-HA,895,7089,1,7,0,7097,A
4-HA,896,0,2,0,7418,7420,C
4-HA,897,1,7343,1,13,7358,T
4-HA,898,4,0,1,7370,7375,C
4-HA,899,1,0,0,7344,7345,C
4-HA,900,7352,0,2,1,7355,A
4-HA,901,7334,0,4,0,7338,A
4-HA,902,7318,1,8,2,7329,A
4-HA,903,0,6973,0,3,6976,T
4-HA,904,1,0,7011,0,7012,G
4-HA,905,1,4,7022,0,7027,G
4-HA,906,7041,2,6,0,7049,A
4-HA,907,7028,1,18,0,7047,A
4-HA,908,3,0,7049,0,7052,G
4-HA,909,0,5,0,6964,6969,C
4-HA,910,6924,1,1,1,6927,A
4-HA,911,1,6947,0,5,6953,T
4-HA,912,3,6888,0,15,6906,T
4-HA,913,4,1,1,7078,7084,C
4-HA,914,2,1,0,7048,7051,C
4-HA,915,7,2,1,7038,7048,C
4-HA,916,7052,0,3,0,7055,A
4-HA,917,7144,1,2,10,7157,A
4-HA,918,0,7210,0,5,7215,T
4-HA,919,0,1,7235,0,7236,G
4-HA,920,7225,0,7,0,7232,A
4-HA,921,0,3,0,7223,7226,C
4-HA,922,7006,0,4,0,7010,A
4-HA,923,7040,1,1,0,7042,A
4-HA,924,7016,0,10,4,7030,A
4-HA,925,0,2,0,7087,7089,C
4-HA,926,3,1,0,6996,7000,C
4-HA,927,6762,0,1,0,6763,A
4-HA,928,1,6750,0,8,6759,T
4-HA,929,0,6716,0,4,6720,T
4-HA,930,2,0,1,6774,6777,C
4-HA,931,1,7,0,6781,6789,C
4-HA,932,6767,1,1,0,6769,A
4-HA,933,6756,0,1,2,6759,A
4-HA,934,6712,1,1,0,6714,A
4-HA,935,6981,0,2,0,6983,A
4-HA,936,0,6958,0,0,6958,T
4-HA,937,0,1,7012,1,7014,G
4-HA,938,0,6975,1,4,6980,T
4-HA,939,7018,0,4,0,7022,A
4-HA,940,7007,2,6,1,7016,A
4-HA,941,7004,0,3,0,7007,A
4-HA,942,0,1,0,7056,7057,C
4-HA,943,6901,1,3,0,6905,A
4-HA,944,5,4,7234,0,7243,G
4-HA,945,0,2,7239,0,7241,G
4-HA,946,7312,3,12,1,7328,A
4-HA,947,3,7275,1,11,7290,T
4-HA,948,3,3,1,7341,7348,C
4-HA,949,7384,1,10,1,7396,A
4-HA,950,0,0,0,7580,7580,C
4-HA,951,7568,1,5,0,7574,A
4-HA,952,1,7703,0,3,7707,T
4-HA,953,7448,0,6,1,7455,A
4-HA,954,0,7,0,7414,7421,C
4-HA,955,1,1,7220,0,7222,G
4-HA,956,3,8,7287,0,7298,G
4-HA,957,5,8,7279,0,7292,G
4-HA,958,1,2,7328,4,7335,G
4-HA,959,1,5,0,7142,7148,C
4-HA,960,2,3,0,7121,7126,C
4-HA,961,2,6840,1,20,6863,T
4-HA,962,1,0,7341,1,7343,G
4-HA,963,2,7279,0,14,7295,T
4-HA,964,3,3,0,7340,7346,C
4-HA,965,6,3,0,7307,7316,C
4-HA,966,3,1,0,7266,7270,C
4-HA,967,7137,0,13,0,7150,A
4-HA,968,0,1,7213,0,7214,G
4-HA,969,7153,0,8,1,7162,A
4-HA,970,1,7155,0,3,7159,T
4-HA,971,6574,1,0,0,6575,A
4-HA,972,0,6483,1,4,6488,T
4-HA,973,1,0,6486,0,6487,G
4-HA,974,0,6455,0,3,6458,T
4-HA,975,0,6317,1,0,6318,T
4-HA,976,6382,2,2,0,6386,A
4-HA,977,6304,0,8,1,6313,A
4-HA,978,1,1,6408,0,6410,G
4-HA,979,2,2,0,6389,6393,C
4-HA,980,6217,0,4,0,6221,A
4-HA,981,6218,0,6,2,6226,A
4-HA,982,6174,0,9,0,6183,A
4-HA,983,6186,0,13,0,6199,A
4-HA,984,1,2,0,6208,6211,C
4-HA,985,6089,1,1,0,6091,A
4-HA,986,1,0,0,6154,6155,C
4-HA,987,0,5926,1,4,5931,T
4-HA,988,0,1,0,6007,6008,C
4-HA,989,1,5983,0,12,5996,T
4-HA,990,2,1,6066,0,6069,G
4-HA,991,6069,0,4,0,6073,A
4-HA,992,6046,0,2,1,6049,A
4-HA,993,6049,0,8,0,6057,A
4-HA,994,0,5978,0,2,5980,T
4-HA,995,1,5847,1,4,5853,T
4-HA,996,0,2,5963,0,5965,G
4-HA,997,7,1,5933,1,5942,G
4-HA,998,3,0,0,5959,5962,C
4-HA,999,5906,0,6,0,5912,A
4-HA,1000,5916,0,5,0,5921,A
4-HA,1001,0,3,0,5905,5908,C
4-HA,1002,5888,0,3,4,5895,A
4-HA,1003,3,6,5956,0,5965,G
4-HA,1004,2,1,5899,0,5902,G
4-HA,1005,3,3,5862,0,5868,G
4-HA,1006,5872,0,4,1,5877,A
4-HA,1007,2,5830,0,6,5838,T
4-HA,1008,2,1,5845,0,5848,G
4-HA,1009,2,5,0,5835,5842,C
4-HA,1010,4,1,5847,0,5852,G
4-HA,1011,5900,1,2,0,5903,A
4-HA,1012,5788,1,6,0,5795,A
4-HA,1013,5877,1,4,0,5882,A
4-HA,1014,0,5791,1,0,5792,T
4-HA,1015,1,0,5909,0,5910,G
4-HA,1016,0,5904,0,9,5913,T
4-HA,1017,5890,0,2,0,5892,A
4-HA,1018,2,3,0,5861,5866,C
4-HA,1019,1,0,0,5812,5813,C
4-HA,1020,5638,1,4,0,5643,A
4-HA,1021,1,2,5644,0,5647,G
4-HA,1022,5378,0,1,1,5380,A
4-HA,1023,2,1,5471,0,5474,G
4-HA,1024,5324,0,6,0,5330,A
4-HA,1025,5334,0,4,0,5338,A
4-HA,1026,5331,0,11,0,5342,A
4-HA,1027,0,3,0,5331,5334,C
4-HA,1028,5302,2,0,0,5304,A
4-HA,1029,5404,1,4,0,5409,A
4-HA,1030,5371,0,14,0,5385,A
4-HA,1031,0,1,0,5428,5429,C
4-HA,1032,0,5353,0,1,5354,T
4-HA,1033,5307,1,5,0,5313,A
4-HA,1034,5,2,5335,0,5342,G
4-HA,1035,5247,0,12,0,5259,A
4-HA,1036,2,0,5420,0,5422,G
4-HA,1037,2,0,5402,0,5404,G
4-HA,1038,0,4,0,5272,5276,C
4-HA,1039,5260,1,2,0,5263,A
4-HA,1040,0,5222,0,4,5226,T
4-HA,1041,5232,0,2,0,5234,A
4-HA,1042,0,5204,0,5,5209,T
4-HA,1043,1,5176,0,0,5177,T
4-HA,1044,1,5179,1,2,5183,T
4-HA,1045,1,2,4915,0,4918,G
4-HA,1046,2,1,4928,0,4931,G
4-HA,1047,0,7,0,4883,4890,C
4-HA,1048,2,0,4880,0,4882,G
4-HA,1049,1,2,0,4813,4816,C
4-HA,1050,4781,0,1,0,4782,A
4-HA,1051,4813,1,0,0,4814,A
4-HA,1052,0,4783,0,1,4784,T
4-HA,1053,1,1,0,4821,4823,C
4-HA,1054,0,0,4820,0,4820,G
4-HA,1055,0,1,0,4796,4797,C
4-HA,1056,2,5,4785,0,4792,G
4-HA,1057,0,0,4814,0,4814,G
4-HA,1058,2,1,4848,0,4851,G
4-HA,1059,0,4818,0,10,4828,T
4-HA,1060,0,4783,0,1,4784,T
4-HA,1061,0,4772,2,4,4778,T
4-HA,1062,2,1,0,4786,4789,C
4-HA,1063,4806,1,3,0,4810,A
4-HA,1064,2,4803,0,3,4808,T
4-HA,1065,4800,0,5,0,4805,A
4-HA,1066,1,0,4842,0,4843,G
4-HA,1067,4655,0,1,0,4656,A
4-HA,1068,4641,0,1,0,4642,A
4-HA,1069,4638,0,3,1,4642,A
4-HA,1070,4693,0,6,0,4699,A
4-HA,1071,0,4688,0,1,4689,T
4-HA,1072,0,3,4794,0,4797,G
4-HA,1073,0,0,4805,0,4805,G
4-HA,1074,0,4757,0,4,4761,T
4-HA,1075,0,4639,0,1,4640,T
4-HA,1076,1,3,4648,0,4652,G
4-HA,1077,1,1,4695,0,4697,G
4-HA,1078,2,2,4724,0,4728,G
4-HA,1079,4637,3,5,1,4646,A
4-HA,1080,2,8,4714,0,4724,G
4-HA,1081,0,1,4608,0,4609,G
4-HA,1082,2,1,4795,1,4799,G
4-HA,1083,4745,0,6,0,4751,A
4-HA,1084,4819,1,5,1,4826,A
4-HA,1085,0,4819,0,2,4821,T
4-HA,1086,2,5,4808,0,4815,G
4-HA,1087,1,0,4876,0,4877,G
4-HA,1088,3,4791,0,0,4794,T
4-HA,1089,3,0,4792,0,4795,G
4-HA,1090,5,5,4767,0,4777,G
4-HA,1091,4645,1,9,2,4657,A
4-HA,1092,1,4670,0,3,4674,T
4-HA,1093,0,3,4739,0,4742,G
4-HA,1094,1,0,4802,0,4803,G
4-HA,1095,0,4717,0,1,4718,T
4-HA,1096,0,4592,0,6,4598,T
4-HA,1097,1,3,4589,1,4594,G
4-HA,1098,4,0,4642,0,4646,G
4-HA,1099,0,4639,0,4,4643,T
4-HA,1100,4647,1,2,1,4651,A
4-HA,1101,1,1,0,4373,4375,C
4-HA,1102,2,0,4421,0,4423,G
4-HA,1103,1,0,4602,0,4603,G
4-HA,1104,1,4579,0,5,4585,T
4-HA,1105,0,4605,1,2,4608,T
4-HA,1106,1,4582,0,2,4585,T
4-HA,1107,0,0,1,4501,4502,C
4-HA,1108,4483,1,15,1,4500,A
4-HA,1109,0,1,4506,1,4508,G
4-HA,1110,8,1,4491,1,4501,G
4-HA,1111,0,2,0,4469,4471,C
4-HA,1112,4304,3,3,0,4310,A
4-HA,1113,1,4346,1,1,4349,T
4-HA,1114,0,0,2,4359,4361,C
4-HA,1115,4372,0,0,0,4372,A
4-HA,1116,4377,0,2,0,4379,A
4-HA,1117,4372,0,0,0,4372,A
4-HA,1118,4404,0,0,1,4405,A
4-HA,1119,0,4405,0,2,4407,T
4-HA,1120,0,4368,0,2,4370,T
4-HA,1121,2,1,0,4375,4378,C
4-HA,1122,0,4318,0,1,4319,T
4-HA,1123,1,2,4329,0,4332,G
4-HA,1124,4289,3,7,1,4300,A
4-HA,1125,1,6,4342,0,4349,G
4-HA,1126,0,0,4345,0,4345,G
4-HA,1127,2,0,4464,1,4467,G
4-HA,1128,4440,1,1,0,4442,A
4-HA,1129,4469,1,4,0,4474,A
4-HA,1130,1,4479,0,0,4480,T
4-HA,1131,4500,1,7,0,4508,A
4-HA,1132,3,0,4587,0,4590,G
4-HA,1133,1,1,4574,0,4576,G
4-HA,1134,4562,2,7,0,4571,A
4-HA,1135,0,1,0,4552,4553,C
4-HA,1136,4379,0,2,1,4382,A
4-HA,1137,4362,4,11,1,4378,A
4-HA,1138,0,1,4401,0,4402,G
4-HA,1139,0,4,1,4450,4455,C
4-HA,1140,4323,2,4,1,4330,A
4-HA,1141,0,2,4328,1,4331,G
4-HA,1142,0,2,0,4304,4306,C
4-HA,1143,4273,0,7,0,4280,A
4-HA,1144,2,0,4326,0,4328,G
4-HA,1145,4255,0,3,1,4259,A
4-HA,1146,0,4329,0,2,4331,T
4-HA,1147,0,1,0,4370,4371,C
4-HA,1148,0,4285,1,16,4302,T
4-HA,1149,0,3,0,4359,4362,C
4-HA,1150,4350,1,2,0,4353,A
4-HA,1151,4346,0,4,0,4350,A
4-HA,1152,4345,2,2,0,4349,A
4-HA,1153,4274,1,8,1,4284,A
4-HA,1154,0,2,4292,0,4294,G
4-HA,1155,1,0,0,4193,4194,C
4-HA,1156,4186,0,2,0,4188,A
4-HA,1157,0,1,2,4238,4241,C
4-HA,1158,1,4179,2,5,4187,T
4-HA,1159,1,0,0,4202,4203,C
4-HA,1160,4197,0,1,0,4198,A
4-HA,1161,4274,1,13,0,4288,A
4-HA,1162,1,0,4286,0,4287,G
4-HA,1163,1,1,0,4287,4289,C
4-HA,1164,4228,0,7,0,4235,A
4-HA,1165,1,0,4271,0,4272,G
4-HA,1166,0,2,0,4160,4162,C
4-HA,1167,4135,1,1,0,4137,A
4-HA,1168,4131,1,0,1,4133,A
4-HA,1169,2,4111,0,3,4116,T
4-HA,1170,0,7,0,4063,4070,C
4-HA,1171,2,0,4089,0,4091,G
4-HA,1172,4064,0,2,0,4066,A
4-HA,1173,2,4025,1,5,4033,T
4-HA,1174,1,0,0,4032,4033,C
4-HA,1175,4002,1,1,0,4004,A
4-HA,1176,4110,0,4,0,4114,A
4-HA,1177,4116,0,4,0,4120,A
4-HA,1178,1,4090,0,1,4092,T
4-HA,1179,1,0,0,4112,4113,C
4-HA,1180,4042,1,2,0,4045,A
4-HA,1181,4105,0,1,0,4106,A
4-HA,1182,0,4093,0,4,4097,T
4-HA,1183,0,4,4119,0,4123,G
4-HA,1184,0,2,4110,0,4112,G
4-HA,1185,1,1,4045,0,4047,G
4-HA,1186,4071,0,4,0,4075,A
4-HA,1187,4076,0,10,0,4086,A
4-HA,1188,1,0,4175,0,4176,G
4-HA,1189,0,0,0,4189,4189,C
4-HA,1190,0,4110,4,3,4117,T
4-HA,1191,3,0,4289,0,4292,G
4-HA,1192,4279,0,4,1,4284,A
4-HA,1193,4287,1,4,0,4292,A
4-HA,1194,0,4290,0,2,4292,T
4-HA,1195,4224,0,3,1,4228,A
4-HA,1196,0,1,4278,0,4279,G
4-HA,1197,0,0,4212,0,4212,G
4-HA,1198,0,4140,0,3,4143,T
4-HA,1199,1,3886,0,1,3888,T
4-HA,1200,2,2,3664,0,3668,G
4-HA,1201,3656,1,3,1,3661,A
4-HA,1202,1,3653,0,0,3654,T
4-HA,1203,2,1,0,3666,3669,C
4-HA,1204,2,2,3678,0,3682,G
4-HA,1205,1,1,3631,0,3633,G
4-HA,1206,2,1,3649,0,3652,G
4-HA,1207,3625,2,5,1,3633,A
4-HA,1208,3656,0,0,0,3656,A
4-HA,1209,3624,0,3,0,3627,A
4-HA,1210,3642,1,3,1,3647,A
4-HA,1211,1,2,0,3642,3645,C
4-HA,1212,0,0,0,3639,3639,C
4-HA,1213,3581,3,4,0,3588,A
4-HA,1214,3593,1,5,0,3599,A
4-HA,1215,0,0,0,3610,3610,C
4-HA,1216,0,0,3617,0,3617,G
4-HA,1217,3596,1,3,0,3600,A
4-HA,1218,0,1,3596,0,3597,G
4-HA,1219,3596,0,1,0,3597,A
4-HA,1220,3597,0,2,0,3599,A
4-HA,1221,3614,0,0,1,3615,A
4-HA,1222,0,3608,0,2,3610,T
4-HA,1223,0,3599,0,7,3606,T
4-HA,1224,3,3,0,3625,3631,C
4-HA,1225,1,1,0,3599,3601,C
4-HA,1226,3612,0,0,2,3614,A
4-HA,1227,1,3582,0,6,3589,T
4-HA,1228,1,1,0,3602,3604,C
4-HA,1229,3591,0,2,0,3593,A
4-HA,1230,0,1,3618,0,3619,G
4-HA,1231,3599,1,2,0,3602,A
4-HA,1232,1,3615,0,0,3616,T
4-HA,1233,0,3578,2,3,3583,T
4-HA,1234,0,1,3615,0,3616,G
4-HA,1235,3607,0,2,0,3609,A
4-HA,1236,3607,0,2,0,3609,A
4-HA,1237,3602,0,4,1,3607,A
4-HA,1238,3571,0,6,1,3578,A
4-HA,1239,2,3,3474,0,3479,G
4-HA,1240,0,3,3503,0,3506,G
4-HA,1241,3500,0,4,0,3504,A
4-HA,1242,3519,0,2,1,3522,A
4-HA,1243,0,3470,0,0,3470,T
4-HA,1244,0,3460,1,6,3467,T
4-HA,1245,1,0,0,3483,3484,C
4-HA,1246,1,3458,1,8,3468,T
4-HA,1247,0,3,1,3463,3467,C
4-HA,1248,3454,0,2,0,3456,A
4-HA,1249,1,0,3465,0,3466,G
4-HA,1250,3437,0,2,0,3439,A
4-HA,1251,3425,0,5,0,3430,A
4-HA,1252,0,0,3493,0,3493,G
4-HA,1253,0,3459,1,7,3467,T
4-HA,1254,2,0,0,3454,3456,C
4-HA,1255,0,0,3472,0,3472,G
4-HA,1256,3460,1,6,0,3467,A
4-HA,1257,3460,0,7,0,3467,A
4-HA,1258,2,1,3478,0,3481,G
4-HA,1259,3,1,3503,0,3507,G
4-HA,1260,1,2,3519,0,3522,G
4-HA,1261,3444,1,9,0,3454,A
4-HA,1262,0,0,3504,0,3504,G
4-HA,1263,3476,1,11,0,3488,A
4-HA,1264,3839,0,0,0,3839,A
4-HA,1265,0,3865,0,1,3866,T
4-HA,1266,1,3854,0,2,3857,T
4-HA,1267,1,2,0,3865,3868,C
4-HA,1268,3782,0,12,1,3795,A
4-HA,1269,230,0,3560,0,3790,G
4-HA,1270,2,1,3780,0,3783,G
4-HA,1271,3763,0,9,0,3772,A
4-HA,1272,0,0,0,3767,3767,C
4-HA,1273,1,1,0,3361,3363,C
4-HA,1274,0,3275,2,8,3285,T
4-HA,1275,0,3192,0,97,3289,T
4-HA,1276,1,1,3314,0,3316,G
4-HA,1277,3296,0,8,0,3304,A
4-HA,1278,0,0,3384,0,3384,G
4-HA,1279,3348,0,4,0,3352,A
4-HA,1280,3086,0,3,0,3089,A
4-HA,1281,3069,2,4,0,3075,A
4-HA,1282,0,3051,0,0,3051,T
4-HA,1283,3221,0,2,0,3223,A
4-HA,1284,0,3206,0,3,3209,T
4-HA,1285,0,0,3217,0,3217,G
4-HA,1286,0,3210,0,2,3212,T
4-HA,1287,0,3111,0,4,3115,T
4-HA,1288,3,0,3142,0,3145,G
4-HA,1289,3108,1,3,0,3112,A
4-HA,1290,1,1,3200,0,3202,G
4-HA,1291,0,3,3178,0,3181,G
4-HA,1292,3113,0,5,1,3119,A
4-HA,1293,0,0,0,3233,3233,C
4-HA,1294,3205,1,1,0,3207,A
4-HA,1295,0,0,0,3270,3270,C
4-HA,1296,3,0,0,3282,3285,C
4-HA,1297,3293,0,3,4,3300,A
4-HA,1298,3377,0,2,3,3382,A
4-HA,1299,3365,0,2,0,3367,A
4-HA,1300,3392,0,2,0,3394,A
4-HA,1301,0,3384,1,1,3386,T
4-HA,1302,3261,1,0,1,3263,A
4-HA,1303,2,1,3283,0,3286,G
4-HA,1304,3196,0,8,0,3204,A
4-HA,1305,0,3239,0,3,3242,T
4-HA,1306,0,0,0,3258,3258,C
4-HA,1307,0,3161,0,7,3168,T
4-HA,1308,0,0,2,3208,3210,C
4-HA,1309,0,3201,0,2,3203,T
4-HA,1310,3,1,3233,0,3237,G
4-HA,1311,2,0,3313,0,3315,G
4-HA,1312,1,3277,0,6,3284,T
4-HA,1313,3,2,0,3287,3292,C
4-HA,1314,3309,0,2,0,3311,A
4-HA,1315,0,3309,0,1,3310,T
4-HA,1316,3310,0,0,0,3310,A
4-HA,1317,0,3211,0,1,3212,T
4-HA,1318,3227,0,1,0,3228,A
4-HA,1319,3255,0,0,0,3255,A
4-HA,1320,3,3,0,3252,3258,C
4-HA,1321,3,0,3242,0,3245,G
4-HA,1322,1,0,0,3234,3235,C
4-HA,1323,0,0,3194,0,3194,G
4-HA,1324,0,2,3191,0,3193,G
4-HA,1325,3161,0,2,1,3164,A
4-HA,1326,0,0,3235,0,3235,G
4-HA,1327,0,0,1,3234,3235,C
4-HA,1328,0,3216,0,4,3220,T
4-HA,1329,1,3232,0,2,3235,T
4-HA,1330,4,1,0,3228,3233,C
4-HA,1331,1,3238,1,5,3245,T
4-HA,1332,1,3253,1,1,3256,T
4-HA,1333,1,1,3239,0,3241,G
4-HA,1334,0,3218,0,5,3223,T
4-HA,1335,0,3149,0,3,3152,T
4-HA,1336,1,0,3187,0,3188,G
4-HA,1337,0,4,0,3187,3191,C
4-HA,1338,1,2,0,3170,3173,C
4-HA,1339,5,0,0,3201,3206,C
4-HA,1340,1,3157,1,8,3167,T
4-HA,1341,3,0,3183,0,3186,G
4-HA,1342,0,1,3191,0,3192,G
4-HA,1343,3178,0,4,0,3182,A
4-HA,1344,0,3,3203,1,3207,G
4-HA,1345,3145,0,2,0,3147,A
4-HA,1346,3160,0,6,0,3166,A
4-HA,1347,0,3,0,3234,3237,C
4-HA,1348,2,0,0,3208,3210,C
4-HA,1349,3216,0,1,1,3218,A
4-HA,1350,3347,0,4,0,3351,A
4-HA,1351,0,1,0,3363,3364,C
4-HA,1352,3378,0,3,0,3381,A
4-HA,1353,1,3378,0,2,3381,T
4-HA,1354,3366,0,3,0,3369,A
4-HA,1355,0,2,0,3476,3478,C
4-HA,1356,3401,0,1,0,3402,A
4-HA,1357,3396,0,2,0,3398,A
4-HA,1358,0,3394,0,3,3397,T
4-HA,1359,0,3266,1,0,3267,T
4-HA,1360,1,0,3299,0,3300,G
4-HA,1361,3301,1,2,1,3305,A
4-HA,1362,0,3278,1,8,3287,T
4-HA,1363,2,2,0,3309,3313,C
4-HA,1364,0,3071,1,6,3078,T
4-HA,1365,3123,0,3,0,3126,A
4-HA,1366,3109,1,7,0,3117,A
4-HA,1367,1,0,0,3117,3118,C
4-HA,1368,0,3092,1,1,3094,T
4-HA,1369,0,1,3035,0,3036,G
4-HA,1370,2937,0,4,0,2941,A
4-HA,1371,0,2904,0,2,2906,T
4-HA,1372,0,2949,0,0,2949,T
4-HA,1373,0,1,0,2960,2961,C
4-HA,1374,2960,0,5,0,2965,A
4-HA,1375,1,0,3015,0,3016,G
4-HA,1376,3010,0,2,0,3012,A
4-HA,1377,3016,3,1,0,3020,A
4-HA,1378,3027,0,0,0,3027,A
4-HA,1379,0,2993,0,0,2993,T
4-HA,1380,0,0,3062,0,3062,G
4-HA,1381,3060,0,7,0,3067,A
4-HA,1382,3059,0,10,0,3069,A
4-HA,1383,0,1,1,3061,3063,C
4-HA,1384,3035,0,1,0,3036,A
4-HA,1385,3028,1,0,0,3029,A
4-HA,1386,3020,0,0,0,3020,A
4-HA,1387,0,1,0,3032,3033,C
4-HA,1388,0,2989,0,1,2990,T
4-HA,1389,1,0,3004,0,3005,G
4-HA,1390,0,2958,0,6,2964,T
4-HA,1391,1,2948,1,3,2953,T
4-HA,1392,1,2948,0,7,2956,T
4-HA,1393,2,1,2964,0,2967,G
4-HA,1394,2962,0,0,0,2962,A
4-HA,1395,2968,0,1,0,2969,A
4-HA,1396,2958,0,2,0,2960,A
4-HA,1397,2957,0,4,1,2962,A
4-HA,1398,2941,0,1,0,2942,A
4-HA,1399,2943,1,5,0,2949,A
4-HA,1400,0,2,0,2963,2965,C
4-HA,1401,2962,0,1,0,2963,A
4-HA,1402,2961,0,0,0,2961,A
4-HA,1403,2956,0,0,0,2956,A
4-HA,1404,1,0,2983,0,2984,G
4-HA,1405,3007,0,4,0,3011,A
4-HA,1406,3004,0,3,0,3007,A
4-HA,1407,0,0,3018,0,3018,G
4-HA,1408,0,2,0,3009,3011,C
4-HA,1409,3003,0,4,0,3007,A
4-HA,1410,3031,1,8,0,3040,A
4-HA,1411,0,0,0,3036,3036,C
4-HA,1412,0,3014,1,0,3015,T
4-HA,1413,0,0,3056,0,3056,G
4-HA,1414,3004,0,7,2,3013,A
4-HA,1415,0,0,3074,0,3074,G
4-HA,1416,1,0,3080,0,3081,G
4-HA,1417,1,0,3082,0,3083,G
4-HA,1418,3081,0,1,0,3082,A
4-HA,1419,3065,0,0,0,3065,A
4-HA,1420,3052,0,6,0,3058,A
4-HA,1421,3153,1,0,0,3154,A
4-HA,1422,0,3153,0,1,3154,T
4-HA,1423,0,0,3186,0,3186,G
4-HA,1424,0,0,0,3192,3192,C
4-HA,1425,0,3124,0,2,3126,T
4-HA,1426,0,0,3144,0,3144,G
4-HA,1427,3125,0,7,0,3132,A
4-HA,1428,0,1,3340,0,3341,G
4-HA,1429,1,1,3388,0,3390,G
4-HA,1430,3354,0,2,0,3356,A
4-HA,1431,0,3351,0,0,3351,T
4-HA,1432,3319,1,5,1,3326,A
4-HA,1433,1,3314,0,1,3316,T
4-HA,1434,7,3,3373,0,3383,G
4-HA,1435,1,1,3405,0,3407,G
4-HA,1436,6,0,3400,0,3406,G
4-HA,1437,0,1,0,3230,3231,C
4-HA,1438,3148,0,1,0,3149,A
4-HA,1439,3156,0,2,2,3160,A
4-HA,1440,0,3146,0,5,3151,T
4-HA,1441,0,0,3162,0,3162,G
4-HA,1442,1,0,3167,0,3168,G
4-HA,1443,1,3115,0,3,3119,T
4-HA,1444,0,3027,0,0,3027,T
4-HA,1445,0,0,3043,0,3043,G
4-HA,1446,1,3043,0,9,3053,T
4-HA,1447,0,3030,1,1,3032,T
4-HA,1448,0,3039,1,5,3045,T
4-HA,1449,0,1,0,3050,3051,C
4-HA,1450,3032,0,2,0,3034,A
4-HA,1451,3042,1,0,0,3043,A
4-HA,1452,3036,1,1,0,3038,A
4-HA,1453,3039,0,0,0,3039,A
4-HA,1454,0,3011,0,2,3013,T
4-HA,1455,1,0,0,3009,3010,C
4-HA,1456,0,3033,0,2,3035,T
4-HA,1457,3040,0,4,0,3044,A
4-HA,1458,0,0,0,3080,3080,C
4-HA,1459,0,1,0,3084,3085,C
4-HA,1460,3096,0,2,0,3098,A
4-HA,1461,0,0,0,3107,3107,C
4-HA,1462,3112,0,0,0,3112,A
4-HA,1463,3108,2,0,0,3110,A
4-HA,1464,3139,1,1,0,3141,A
4-HA,1465,0,3159,0,1,3160,T
4-HA,1466,2,0,3183,0,3185,G
4-HA,1467,0,3157,0,1,3158,T
4-HA,1468,3,2,3196,0,3201,G
4-HA,1469,3204,0,6,0,3210,A
4-HA,1470,0,0,0,3194,3194,C
4-HA,1471,3161,2,1,0,3164,A
4-HA,1472,3174,0,1,0,3175,A
4-HA,1473,0,3219,1,2,3222,T
4-HA,1474,1,1,3246,0,3248,G
4-HA,1475,0,3,0,3214,3217,C
4-HA,1476,1,2,1,3234,3238,C
4-HA,1477,0,3216,0,5,3221,T
4-HA,1478,4,0,3357,0,3361,G
4-HA,1479,0,2,0,3355,3357,C
4-HA,1480,3365,0,1,0,3366,A
4-HA,1481,0,3362,0,0,3362,T
4-HA,1482,3263,1,5,0,3269,A
4-HA,1483,0,1,3330,0,3331,G
4-HA,1484,6,1,3316,0,3323,G
4-HA,1485,3303,0,0,0,3303,A
4-HA,1486,0,3283,0,2,3285,T
4-HA,1487,1,0,0,3077,3078,C
4-HA,1488,3076,0,2,0,3078,A
4-HA,1489,3079,0,2,0,3081,A
4-HA,1490,0,3060,0,4,3064,T
4-HA,1491,2,0,0,3074,3076,C
4-HA,1492,2998,1,1,0,3000,A
4-HA,1493,0,3,3004,0,3007,G
4-HA,1494,3009,1,0,0,3010,A
4-HA,1495,3010,0,1,0,3011,A
4-HA,1496,3009,0,4,0,3013,A
4-HA,1497,0,2993,0,0,2993,T
4-HA,1498,0,1,2981,0,2982,G
4-HA,1499,0,3,3000,0,3003,G
4-HA,1500,3000,0,2,0,3002,A
4-HA,1501,3023,0,4,0,3027,A
4-HA,1502,0,0,0,3020,3020,C
4-HA,1503,0,2983,0,3,2986,T
4-HA,1504,0,3002,0,2,3004,T
4-HA,1505,3007,0,3,1,3011,A
4-HA,1506,0,3008,0,2,3010,T
4-HA,1507,1,1,3009,0,3011,G
4-HA,1508,3006,0,3,1,3010,A
4-HA,1509,3,1,0,3017,3021,C
4-HA,1510,5,2,0,2984,2991,C
4-HA,1511,2984,0,1,0,2985,A
4-HA,1512,2,1,0,3043,3046,C
4-HA,1513,6,0,3144,0,3150,G
4-HA,1514,3219,1,3,0,3223,A
4-HA,1515,0,3252,0,0,3252,T
4-HA,1516,4,0,3369,0,3373,G
4-HA,1517,0,3336,0,5,3341,T
4-HA,1518,3456,0,5,0,3461,A
4-HA,1519,0,3452,0,5,3457,T
4-HA,1520,3446,1,7,0,3454,A
4-HA,1521,1,0,0,3450,3451,C
4-HA,1522,3078,1,5,0,3084,A
4-HA,1523,0,0,3151,0,3151,G
4-HA,1524,2891,0,2,1,2894,A
4-HA,1525,0,0,2860,0,2860,G
4-HA,1526,2842,0,1,0,2843,A
4-HA,1527,0,2634,0,1,2635,T
4-HA,1528,1,0,2624,0,2625,G
4-HA,1529,2613,2,5,1,2621,A
4-HA,1530,2607,0,4,0,2611,A
4-HA,1531,1,0,2706,0,2707,G
4-HA,1532,0,2,0,2621,2623,C
4-HA,1533,2616,0,0,0,2616,A
4-HA,1534,0,2592,0,1,2593,T
4-HA,1535,0,2588,0,0,2588,T
4-HA,1536,2598,0,1,0,2599,A
4-HA,1537,2597,0,1,0,2598,A
4-HA,1538,2597,0,1,0,2598,A
4-HA,1539,0,1,0,2600,2601,C
4-HA,1540,2495,0,1,0,2496,A
4-HA,1541,2511,0,0,0,2511,A
4-HA,1542,0,0,0,2512,2512,C
4-HA,1543,1,1,0,2498,2500,C
4-HA,1544,0,2,2494,0,2496,G
4-HA,1545,1,0,2566,0,2567,G
4-HA,1546,0,2570,0,5,2575,T
4-HA,1547,0,2554,0,3,2557,T
4-HA,1548,3,1,0,2555,2559,C
4-HA,1549,2,1,0,2558,2561,C
4-HA,1550,2515,1,7,0,2523,A
4-HA,1551,2,1,2583,0,2586,G
4-HA,1552,2575,1,1,0,2577,A
4-HA,1553,0,2554,1,3,2558,T
4-HA,1554,0,0,0,2474,2474,C
4-HA,1555,2456,1,3,0,2460,A
4-HA,1556,2458,0,5,1,2464,A
4-HA,1557,0,1,2465,1,2467,G
4-HA,1558,1,0,2452,0,2453,G
4-HA,1559,0,0,2472,0,2472,G
4-HA,1560,1,2,0,2386,2389,C
4-HA,1561,0,0,2402,0,2402,G
4-HA,1562,0,2389,1,4,2394,T
4-HA,1563,1,2377,0,3,2381,T
4-HA,1564,1,1,2409,0,2411,G
4-HA,1565,2394,0,3,0,2397,A
4-HA,1566,1,1,2419,0,2421,G
4-HA,1567,0,0,0,2415,2415,C
4-HA,1568,0,2390,0,4,2394,T
4-HA,1569,0,0,2411,0,2411,G
4-HA,1570,2409,0,2,0,2411,A
4-HA,1571,2420,0,4,0,2424,A
4-HA,1572,1,0,2422,0,2423,G
4-HA,1573,0,2333,0,2,2335,T
4-HA,1574,0,0,0,2342,2342,C
4-HA,1575,2279,1,1,1,2282,A
4-HA,1576,0,0,2324,0,2324,G
4-HA,1577,0,0,2319,0,2319,G
4-HA,1578,2286,0,2,1,2289,A
4-HA,1579,0,2298,0,2,2300,T
4-HA,1580,2268,0,3,0,2271,A
4-HA,1581,0,2,0,2256,2258,C
4-HA,1582,2255,1,0,0,2256,A
4-HA,1583,2249,1,6,0,2256,A
4-HA,1584,2254,1,5,0,2260,A
4-HA,1585,0,0,2275,0,2275,G
4-HA,1586,2208,1,0,0,2209,A
4-HA,1587,1,2201,0,1,2203,T
4-HA,1588,0,2190,0,1,2191,T
4-HA,1589,0,1,2183,0,2184,G
4-HA,1590,0,0,2182,0,2182,G
4-HA,1591,2180,0,0,0,2180,A
4-HA,1592,1,2183,0,1,2185,T
4-HA,1593,0,1,0,2181,2182,C
4-HA,1594,0,0,0,2126,2126,C
4-HA,1595,0,2091,0,2,2093,T
4-HA,1596,2113,0,0,0,2113,A
4-HA,1597,0,2108,0,0,2108,T
4-HA,1598,0,0,2102,0,2102,G
4-HA,1599,0,1,2097,0,2098,G
4-HA,1600,2045,0,0,0,2045,A
4-HA,1601,0,2038,0,3,2041,T
4-HA,1602,0,1999,0,4,2003,T
4-HA,1603,1,1977,0,3,1981,T
4-HA,1604,2,0,0,1992,1994,C
4-HA,1605,2,0,0,1988,1990,C
4-HA,1606,0,1952,0,4,1956,T
4-HA,1607,0,1945,0,1,1946,T
4-HA,1608,0,1927,0,0,1927,T
4-HA,1609,0,0,1942,0,1942,G
4-HA,1610,1,1,0,1943,1945,C
4-HA,1611,0,0,0,1938,1938,C
4-HA,1612,1874,0,2,0,1876,A
4-HA,1613,1,1846,0,2,1849,T
4-HA,1614,1854,1,0,0,1855,A
4-HA,1615,0,1846,0,4,1850,T
4-HA,1616,0,0,0,1845,1845,C
4-HA,1617,1849,0,3,0,1852,A
4-HA,1618,0,1812,0,1,1813,T
4-HA,1619,0,0,1834,0,1834,G
4-HA,1620,0,1818,1,3,1822,T
4-HA,1621,0,1793,0,0,1793,T
4-HA,1622,0,1772,1,3,1776,T
4-HA,1623,0,1712,0,1,1713,T
4-HA,1624,0,1711,0,1,1712,T
4-HA,1625,2,1705,0,2,1709,T
4-HA,1626,2,0,1715,0,1717,G
4-HA,1627,0,0,0,1707,1707,C
4-HA,1628,0,1654,0,4,1658,T
4-HA,1629,1,1655,0,1,1657,T
4-HA,1630,0,1650,0,0,1650,T
4-HA,1631,0,0,1677,0,1677,G
4-HA,1632,0,1678,0,3,1681,T
4-HA,1633,0,0,1673,0,1673,G
4-HA,1634,0,1678,0,2,1680,T
4-HA,1635,1,1621,0,0,1622,T
4-HA,1636,0,0,1638,0,1638,G
4-HA,1637,0,0,0,1643,1643,C
4-HA,1638,0,1627,0,1,1628,T
4-HA,1639,0,1632,0,0,1632,T
4-HA,1640,0,1513,0,0,1513,T
4-HA,1641,0,0,1515,0,1515,G
4-HA,1642,0,1503,1,5,1509,T
4-HA,1643,1,1499,0,3,1503,T
4-HA,1644,0,0,1503,0,1503,G
4-HA,1645,1,1,1416,1,1419,G
4-HA,1646,1,0,1422,0,1423,G
4-HA,1647,0,0,1422,0,1422,G
4-HA,1648,0,1362,0,3,1365,T
4-HA,1649,2,1344,0,2,1348,T
4-HA,1650,2,0,0,1325,1327,C
4-HA,1651,1307,0,0,0,1307,A
4-HA,1652,0,1306,0,1,1307,T
4-HA,1653,0,0,0,1310,1310,C
4-HA,1654,1293,0,1,0,1294,A
4-HA,1655,0,1239,0,1,1240,T
4-HA,1656,0,0,1224,0,1224,G
4-HA,1657,0,1184,1,2,1187,T
4-HA,1658,0,0,1166,0,1166,G
4-HA,1659,2,0,1128,0,1130,G
4-HA,1660,0,0,1128,0,1128,G
4-HA,1661,2,0,0,1096,1098,C
4-HA,1662,0,0,0,1056,1056,C
4-HA,1663,0,962,0,0,962,T
4-HA,1664,0,0,966,0,966,G
4-HA,1665,1,2,0,960,963,C
4-HA,1666,0,0,0,973,973,C
4-HA,1667,966,0,1,0,967,A
4-HA,1668,947,0,0,0,947,A
4-HA,1669,944,0,0,0,944,A
4-HA,1670,942,0,0,0,942,A
4-HA,1671,944,0,4,0,948,A
4-HA,1672,1,1,943,0,945,G
4-HA,1673,0,0,900,0,900,G
4-HA,1674,1,0,0,891,892,C
4-HA,1675,895,0,1,0,896,A
4-HA,1676,895,0,3,0,898,A
4-HA,1677,0,0,0,900,900,C
4-HA,1678,897,0,0,0,897,A
4-HA,1679,0,889,0,1,890,T
4-HA,1680,0,866,0,1,867,T
4-HA,1681,824,1,5,0,830,A
4-HA,1682,0,0,817,0,817,G
4-HA,1683,2,0,817,0,819,G
4-HA,1684,0,781,0,1,782,T
4-HA,1685,0,0,721,0,721,G
4-HA,1686,0,0,0,679,679,C
4-HA,1687,661,0,1,0,662,A
4-HA,1688,661,0,2,0,663,A
4-HA,1689,0,0,0,663,663,C
4-HA,1690,643,0,0,0,643,A
4-HA,1691,0,616,2,0,618,T
4-HA,1692,0,542,0,1,543,T
4-HA,1693,0,542,0,1,543,T
4-HA,1694,1,0,539,0,540,G
4-HA,1695,0,1,0,532,533,C
4-HA,1696,533,0,1,0,534,A
4-HA,1697,0,475,0,0,475,T
4-HA,1698,0,445,0,1,446,T
4-HA,1699,0,430,0,0,430,T
4-HA,1700,0,0,428,0,428,G
4-HA,1701,406,0,0,0,406,A
5-NP,1,1631,0,0,0,1631,A
5-NP,2,0,1644,0,0,1644,T
5-NP,3,0,0,1638,0,1638,G
5-NP,4,0,0,1643,1,1644,G
5-NP,5,0,0,0,1662,1662,C
5-NP,6,0,0,1716,0,1716,G
5-NP,7,0,1817,0,4,1821,T
5-NP,8,0,0,0,1845,1845,C
5-NP,9,1,0,0,1849,1850,C
5-NP,10,1,0,0,1851,1852,C
5-NP,11,1859,0,1,0,1860,A
5-NP,12,1854,2,3,0,1859,A
5-NP,13,0,1,1906,0,1907,G
5-NP,14,0,1,2041,1,2043,G
5-NP,15,0,2,0,2071,2073,C
5-NP,16,2079,0,0,0,2079,A
5-NP,17,0,2,0,2118,2120,C
5-NP,18,0,0,1,2126,2127,C
5-NP,19,2142,0,3,0,2145,A
5-NP,20,2133,0,1,0,2134,A
5-NP,21,2136,1,1,0,2138,A
5-NP,22,0,2,0,2165,2167,C
5-NP,23,1,0,2178,0,2179,G
5-NP,24,0,0,2484,0,2484,G
5-NP,25,1,2469,0,4,2474,T
5-NP,26,1,0,0,2780,2781,C
5-NP,27,0,2772,0,4,2776,T
5-NP,28,0,2819,0,2,2821,T
5-NP,29,2827,0,1,0,2828,A
5-NP,30,0,2826,0,5,2831,T
5-NP,31,0,3,2864,0,2867,G
5-NP,32,2846,0,1,0,2847,A
5-NP,33,2821,2,5,0,2828,A
5-NP,34,0,0,0,2856,2856,C
5-NP,35,2743,0,2,1,2746,A
5-NP,36,2,0,2998,0,3000,G
5-NP,37,2979,0,6,1,2986,A
5-NP,38,0,2988,0,2,2990,T
5-NP,39,0,0,3010,0,3010,G
5-NP,40,1,0,3015,0,3016,G
5-NP,41,2997,1,5,0,3003,A
5-NP,42,3049,0,1,0,3050,A
5-NP,43,3072,0,3,0,3075,A
5-NP,44,0,1,0,3207,3208,C
5-NP,45,0,3133,0,2,3135,T
5-NP,46,0,1,3207,0,3208,G
5-NP,47,3161,1,8,2,3172,A
5-NP,48,0,3179,1,6,3186,T
5-NP,49,1,1,3191,0,3193,G
5-NP,50,0,2,3192,0,3194,G
5-NP,51,3123,0,3,1,3127,A
5-NP,52,1,0,3179,0,3180,G
5-NP,53,3168,1,3,0,3172,A
5-NP,54,0,3185,0,2,3187,T
5-NP,55,1,0,1,3213,3215,C
5-NP,56,3,0,3223,0,3226,G
5-NP,57,0,1,1,3249,3251,C
5-NP,58,1,2,0,3259,3262,C
5-NP,59,3262,1,2,1,3266,A
5-NP,60,0,0,3336,0,3336,G
5-NP,61,3317,2,2,0,3321,A
5-NP,62,3499,1,3,0,3503,A
5-NP,63,0,3506,0,5,3511,T
5-NP,64,2,0,3506,0,3508,G
5-NP,65,0,3,0,3576,3579,C
5-NP,66,3555,0,4,1,3560,A
5-NP,67,3664,0,5,1,3670,A
5-NP,68,0,4,0,3668,3672,C
5-NP,69,7,3633,1,1,3642,T
5-NP,70,1,2,3686,1,3690,G
5-NP,71,3699,3,5,0,3707,A
5-NP,72,0,1,4009,0,4010,G
5-NP,73,3973,1,7,0,3981,A
5-NP,74,0,3954,0,0,3954,T
5-NP,75,0,3967,0,0,3967,T
5-NP,76,3944,0,7,0,3951,A
5-NP,77,0,2,4000,0,4002,G
5-NP,78,0,0,4037,0,4037,G
5-NP,79,4,0,4014,0,4018,G
5-NP,80,1,1,0,3981,3983,C
5-NP,81,3920,0,3,0,3923,A
5-NP,82,0,3939,0,4,3943,T
5-NP,83,1,2,0,3932,3935,C
5-NP,84,2,1,1,3938,3942,C
5-NP,85,2,0,4019,0,4021,G
5-NP,86,0,3990,0,3,3993,T
5-NP,87,1,3,0,3994,3998,C
5-NP,88,1,3,4015,0,4019,G
5-NP,89,1,0,4028,0,4029,G
5-NP,90,0,2,4048,0,4050,G
5-NP,91,4024,0,1,0,4025,A
5-NP,92,4046,1,6,0,4053,A
5-NP,93,1,0,4077,0,4078,G
5-NP,94,4049,0,2,0,4051,A
5-NP,95,3,4073,0,1,4077,T
5-NP,96,1,0,4142,0,4143,G
5-NP,97,4121,1,5,0,4127,A
5-NP,98,0,4140,0,0,4140,T
5-NP,99,0,4130,0,2,4132,T
5-NP,100,113,1,4010,0,4124,G
5-NP,101,4115,0,7,1,4123,A
5-NP,102,0,4124,0,7,4131,T
5-NP,103,1,0,4127,0,4128,G
5-NP,104,0,2,4246,0,4248,G
5-NP,105,4204,1,6,0,4211,A
5-NP,106,4242,0,2,0,4244,A
5-NP,107,1,4236,0,0,4237,T
5-NP,108,0,4245,0,0,4245,T
5-NP,109,1,3,4274,0,4278,G
5-NP,110,2,2,4252,0,4256,G
5-NP,111,0,1,4268,0,4269,G
5-NP,112,4230,1,8,1,4240,A
5-NP,113,0,2,4224,0,4226,G
5-NP,114,4241,0,2,0,4243,A
5-NP,115,0,4360,0,3,4363,T
5-NP,116,0,4379,0,0,4379,T
5-NP,117,4,0,0,4383,4387,C
5-NP,118,1,4375,0,3,4379,T
5-NP,119,4433,1,5,0,4439,A
5-NP,120,0,1,0,4447,4448,C
5-NP,121,4576,1,2,0,4579,A
5-NP,122,0,4584,0,3,4587,T
5-NP,123,1,1,0,4561,4563,C
5-NP,124,0,3,1,4562,4566,C
5-NP,125,4576,0,1,1,4578,A
5-NP,126,4678,0,1,0,4679,A
5-NP,127,4685,0,0,0,4685,A
5-NP,128,0,4669,0,1,4670,T
5-NP,129,1,0,4686,0,4687,G
5-NP,130,0,4568,1,5,4574,T
5-NP,131,2,0,4608,0,4610,G
5-NP,132,1,3,0,4601,4605,C
5-NP,133,4566,0,8,0,4574,A
5-NP,134,0,0,0,4575,4575,C
5-NP,135,1,4445,0,5,4451,T
5-NP,136,1,0,4721,1,4723,G
5-NP,137,4761,1,2,0,4764,A
5-NP,138,4881,1,5,0,4887,A
5-NP,139,2,0,0,4947,4949,C
5-NP,140,0,4882,1,9,4892,T
5-NP,141,1,4919,0,3,4923,T
5-NP,142,4914,0,8,1,4923,A
5-NP,143,4915,1,3,0,4919,A
5-NP,144,4946,3,2,0,4951,A
5-NP,145,0,2,0,4983,4985,C
5-NP,146,1,4720,0,5,4726,T
5-NP,147,1,0,0,4916,4917,C
5-NP,148,4826,1,5,0,4832,A
5-NP,149,1,0,5080,1,5082,G
5-NP,150,1,5082,1,1,5085,T
5-NP,151,1,4,5136,0,5141,G
5-NP,152,5186,0,5,3,5194,A
5-NP,153,2,5188,0,3,5193,T
5-NP,154,0,1,0,5281,5282,C
5-NP,155,5293,0,3,0,5296,A
5-NP,156,2,5272,1,3,5278,T
5-NP,157,1,0,5286,1,5288,G
5-NP,158,5251,0,6,0,5257,A
5-NP,159,5209,1,12,0,5222,A
5-NP,160,4,4,5321,0,5329,G
5-NP,161,1,0,5262,0,5263,G
5-NP,162,2,0,5274,0,5276,G
5-NP,163,0,3,6,5224,5233,C
5-NP,164,2,2,5284,0,5288,G
5-NP,165,0,0,5337,0,5337,G
5-NP,166,0,5332,2,5,5339,T
5-NP,167,0,5330,0,5,5335,T
5-NP,168,1,4,5334,0,5339,G
5-NP,169,6254,0,12,0,6266,A
5-NP,170,0,6268,0,12,6280,T
5-NP,171,0,1,0,6285,6286,C
5-NP,172,1,1,0,6279,6281,C
5-NP,173,6236,1,4,1,6242,A
5-NP,174,0,1,6288,0,6289,G
5-NP,175,6273,0,2,0,6275,A
5-NP,176,6286,0,7,0,6293,A
5-NP,177,0,0,0,6360,6360,C
5-NP,178,5942,0,6,0,5948,A
5-NP,179,3,1,6042,1,6047,G
5-NP,180,1,2,0,6043,6046,C
5-NP,181,1,6020,1,8,6030,T
5-NP,182,2,6072,0,3,6077,T
5-NP,183,13,1,6058,0,6072,G
5-NP,184,6089,1,10,0,6100,A
5-NP,185,0,3,0,6139,6142,C
5-NP,186,6101,1,3,0,6105,A
5-NP,187,6112,0,1,0,6113,A
5-NP,188,1,6082,0,3,6086,T
5-NP,189,6067,0,5,1,6073,A
5-NP,190,0,2,6177,0,6179,G
5-NP,191,6151,2,16,0,6169,A
5-NP,192,0,2,6220,0,6222,G
5-NP,193,6192,2,3,0,6197,A
5-NP,194,6228,0,4,0,6232,A
5-NP,195,6222,2,3,0,6227,A
5-NP,196,6301,0,7,0,6308,A
5-NP,197,0,6319,0,4,6323,T
5-NP,198,1,0,6294,0,6295,G
5-NP,199,1,2,6302,0,6305,G
5-NP,200,1,6200,0,15,6216,T
5-NP,201,6,1,6225,0,6232,G
5-NP,202,0,2,0,6257,6259,C
5-NP,203,0,6184,0,14,6198,T
5-NP,204,0,2,0,6304,6306,C
5-NP,205,0,6220,1,11,6232,T
5-NP,206,3,1,0,6290,6294,C
5-NP,207,1,6257,1,15,6274,T
5-NP,208,1,1,6336,0,6338,G
5-NP,209,2,0,0,6337,6339,C
5-NP,210,0,6254,0,13,6267,T
5-NP,211,0,6239,1,4,6244,T
5-NP,212,0,6202,0,9,6211,T
5-NP,213,3,6161,0,1,6165,T
5-NP,214,1,3,6189,1,6194,G
5-NP,215,6125,1,8,6,6140,A
5-NP,216,1,6155,0,2,6158,T
5-NP,217,1,3,6132,0,6136,G
5-NP,218,6093,1,5,1,6100,A
5-NP,219,6110,0,2,1,6113,A
5-NP,220,6107,2,14,0,6123,A
5-NP,221,1,1,6147,0,6149,G
5-NP,222,6136,1,4,1,6142,A
5-NP,223,6127,1,5,0,6133,A
5-NP,224,2,3,6250,0,6255,G
5-NP,225,2,3,6471,0,6476,G
5-NP,226,6473,1,10,1,6485,A
5-NP,227,6534,0,7,0,6541,A
5-NP,228,1,6517,0,4,6522,T
5-NP,229,6552,0,1,0,6553,A
5-NP,230,6530,1,6,0,6537,A
5-NP,231,6547,1,12,0,6560,A
5-NP,232,1,6558,0,1,6560,T
5-NP,233,6558,0,1,0,6559,A
5-NP,234,1,2,0,6568,6571,C
5-NP,235,1,1,0,6479,6481,C
5-NP,236,0,6429,1,12,6442,T
5-NP,237,0,1,6487,0,6488,G
5-NP,238,1,0,6572,0,6573,G
5-NP,239,6565,0,3,0,6568,A
5-NP,240,6556,0,8,1,6565,A
5-NP,241,1,1,6623,1,6626,G
5-NP,242,6567,3,3,0,6573,A
5-NP,243,6543,0,13,0,6556,A
5-NP,244,1,3,0,6544,6548,C
5-NP,245,6517,1,12,0,6530,A
5-NP,246,0,1,0,6682,6683,C
5-NP,247,4,1,0,6560,6565,C
5-NP,248,4,8,0,6546,6558,C
5-NP,249,3,2,0,6580,6585,C
5-NP,250,6477,0,4,0,6481,A
5-NP,251,0,0,6494,1,6495,G
5-NP,252,0,2,0,6464,6466,C
5-NP,253,2,1,6460,0,6463,G
5-NP,254,0,3,0,6479,6482,C
5-NP,255,1,2,6261,1,6265,G
5-NP,256,2,2,6307,0,6311,G
5-NP,257,2,2,6300,0,6304,G
5-NP,258,2,2,6344,0,6348,G
5-NP,259,6313,1,2,0,6316,A
5-NP,260,6339,1,8,1,6349,A
5-NP,261,6333,0,13,0,6346,A
5-NP,262,1,1,6352,0,6354,G
5-NP,263,6313,2,8,0,6323,A
5-NP,264,2,6290,1,1,6294,T
5-NP,265,3,2,0,6277,6282,C
5-NP,266,3,1,0,6258,6262,C
5-NP,267,3,0,3,6292,6298,C
5-NP,268,6329,0,4,0,6333,A
5-NP,269,6318,1,3,0,6322,A
5-NP,270,2,1,6368,0,6371,G
5-NP,271,6327,0,2,0,6329,A
5-NP,272,6439,0,0,0,6439,A
5-NP,273,6416,0,10,1,6427,A
5-NP,274,6433,1,7,3,6444,A
5-NP,275,0,0,1,6497,6498,C
5-NP,276,2,6392,1,5,6400,T
5-NP,277,0,0,6429,0,6429,G
5-NP,278,3,5,6407,0,6415,G
5-NP,279,0,6,6415,0,6421,G
5-NP,280,2,0,6419,1,6422,G
5-NP,281,2,2,6476,0,6480,G
5-NP,282,2,1,6578,0,6581,G
5-NP,283,1,1,0,7239,7241,C
5-NP,284,4,2,0,7228,7234,C
5-NP,285,1,4,0,7270,7275,C
5-NP,286,8192,0,5,0,8197,A
5-NP,287,2,8210,0,4,8216,T
5-NP,288,8618,0,7,0,8625,A
5-NP,289,2,8638,0,3,8643,T
5-NP,290,8574,1,1,0,8576,A
5-NP,291,1,3,0,8649,8653,C
5-NP,292,8023,1,17,1,8042,A
5-NP,293,0,3,8341,0,8344,G
5-NP,294,2,1,8325,1,8329,G
5-NP,295,7514,1,6,1,7522,A
5-NP,296,0,1,7683,2,7686,G
5-NP,297,7206,2,10,0,7218,A
5-NP,298,0,0,7333,0,7333,G
5-NP,299,0,7283,1,3,7287,T
5-NP,300,7229,2,4,1,7236,A
5-NP,301,4,0,7255,1,7260,G
5-NP,302,7042,0,12,0,7054,A
5-NP,303,1,7055,0,4,7060,T
5-NP,304,19,0,7055,0,7074,G
5-NP,305,2,2,7123,0,7127,G
5-NP,306,7099,2,5,0,7106,A
5-NP,307,7086,3,3,0,7092,A
5-NP,308,7092,1,1,0,7094,A
5-NP,309,7135,1,6,1,7143,A
5-NP,310,1,7143,1,1,7146,T
5-NP,311,3,5,7278,0,7286,G
5-NP,312,2,0,7285,1,7288,G
5-NP,313,7252,3,8,0,7263,A
5-NP,314,1,7244,0,4,7249,T
5-NP,315,3,0,7271,0,7274,G
5-NP,316,7276,2,14,0,7292,A
5-NP,317,0,1,7361,1,7363,G
5-NP,318,3,1,7329,0,7333,G
5-NP,319,6,0,7366,1,7373,G
5-NP,320,7404,1,6,0,7411,A
5-NP,321,7420,0,13,0,7433,A
5-NP,322,0,3,0,7464,7467,C
5-NP,323,3,7422,0,14,7439,T
5-NP,324,0,1,1,7490,7492,C
5-NP,325,1,0,7488,0,7489,G
5-NP,326,0,7458,0,10,7468,T
5-NP,327,1,1,0,7477,7479,C
5-NP,328,4,1,1,7750,7756,C
5-NP,329,0,7651,0,9,7660,T
5-NP,330,2,7656,1,2,7661,T
5-NP,331,0,7660,1,3,7664,T
5-NP,332,7693,1,1,0,7695,A
5-NP,333,0,7669,0,6,7675,T
5-NP,334,3,3,7683,1,7690,G
5-NP,335,7692,1,18,0,7711,A
5-NP,336,1,2,0,7704,7707,C
5-NP,337,7544,2,2,0,7548,A
5-NP,338,7554,3,1,0,7558,A
5-NP,339,7556,1,7,0,7564,A
5-NP,340,10,1,7774,0,7785,G
5-NP,341,7750,1,5,0,7756,A
5-NP,342,7776,0,9,1,7786,A
5-NP,343,1,2,8034,0,8037,G
5-NP,344,8051,1,7,0,8059,A
5-NP,345,8069,1,6,0,8076,A
5-NP,346,8066,1,5,0,8072,A
5-NP,347,1,8062,0,3,8066,T
5-NP,348,8050,0,7,1,8058,A
5-NP,349,7988,2,21,1,8012,A
5-NP,350,1,2,8072,0,8075,G
5-NP,351,1,0,8063,0,8064,G
5-NP,352,0,4,0,7985,7989,C
5-NP,353,2,3,7993,0,7998,G
5-NP,354,7991,0,6,0,7997,A
5-NP,355,8078,0,1,0,8079,A
5-NP,356,0,8051,0,9,8060,T
5-NP,357,0,3,0,8096,8099,C
5-NP,358,0,8087,1,6,8094,T
5-NP,359,1,1,8046,0,8048,G
5-NP,360,2,2,8024,0,8028,G
5-NP,361,0,7,1,8057,8065,C
5-NP,362,3,0,8069,0,8072,G
5-NP,363,0,1,0,8043,8044,C
5-NP,364,8,3,1,8021,8033,C
5-NP,365,8060,3,7,1,8071,A
5-NP,366,8146,0,5,0,8151,A
5-NP,367,4,0,8414,0,8418,G
5-NP,368,1,4,0,8393,8398,C
5-NP,369,7,4,0,8535,8546,C
5-NP,370,8579,0,5,1,8585,A
5-NP,371,8696,0,3,0,8699,A
5-NP,372,2,0,0,8778,8780,C
5-NP,373,8778,0,5,0,8783,A
5-NP,374,9009,0,5,0,9014,A
5-NP,375,0,8972,1,4,8977,T
5-NP,376,1,4,9159,0,9164,G
5-NP,377,0,2,9168,0,9170,G
5-NP,378,0,9063,1,8,9072,T
5-NP,379,3,2,9080,1,9086,G
5-NP,380,9017,1,15,1,9034,A
5-NP,381,0,2,9283,0,9285,G
5-NP,382,2,0,9280,0,9282,G
5-NP,383,9339,0,5,0,9344,A
5-NP,384,0,9887,1,3,9891,T
5-NP,385,5,1,9861,1,9868,G
5-NP,386,1,2,1,9873,9877,C
5-NP,387,0,9859,1,9,9869,T
5-NP,388,9936,0,4,0,9940,A
5-NP,389,1,5,0,10018,10024,C
5-NP,390,9836,0,2,0,9838,A
5-NP,391,1,9780,0,16,9797,T
5-NP,392,1,1,0,9776,9778,C
5-NP,393,0,9318,1,10,9329,T
5-NP,394,3,4,9612,0,9619,G
5-NP,395,1,2,9842,0,9845,G
5-NP,396,0,9808,0,15,9823,T
5-NP,397,1,2,0,9800,9803,C
5-NP,398,0,9623,1,6,9630,T
5-NP,399,9697,0,7,0,9704,A
5-NP,400,9705,2,23,0,9730,A
5-NP,401,0,1,0,9788,9789,C
5-NP,402,2,9701,0,23,9726,T
5-NP,403,2,1,0,9668,9671,C
5-NP,404,9319,0,7,0,9326,A
5-NP,405,1,3,0,9578,9582,C
5-NP,406,9590,0,4,0,9594,A
5-NP,407,0,9598,1,9,9608,T
5-NP,408,9457,0,4,1,9462,A
5-NP,409,9468,0,14,0,9482,A
5-NP,410,0,9506,0,4,9510,T
5-NP,411,0,3,9572,0,9575,G
5-NP,412,9523,0,5,0,9528,A
5-NP,413,0,9443,0,3,9446,T
5-NP,414,1,9209,0,9,9219,T
5-NP,415,1,9194,0,8,9203,T
5-NP,416,1,4,9166,0,9171,G
5-NP,417,5,4,9159,1,9169,G
5-NP,418,0,2,0,9198,9200,C
5-NP,419,9111,1,1,0,9113,A
5-NP,420,4,9070,2,9,9085,T
5-NP,421,2,9026,0,19,9047,T
5-NP,422,2,3,0,9062,9067,C
5-NP,423,3,3,0,9090,9096,C
5-NP,424,9244,1,2,0,9247,A
5-NP,425,9231,1,3,0,9235,A
5-NP,426,1,9235,0,2,9238,T
5-NP,427,0,9226,1,5,9232,T
5-NP,428,1,9230,0,2,9233,T
5-NP,429,3,3,9313,0,9319,G
5-NP,430,9297,5,8,0,9310,A
5-NP,431,9322,2,3,0,9327,A
5-NP,432,0,9343,0,2,9345,T
5-NP,433,1,4,9261,1,9267,G
5-NP,434,9682,2,12,0,9696,A
5-NP,435,1,9701,0,12,9714,T
5-NP,436,3,0,9743,0,9746,G
5-NP,437,1,5,1,10035,10042,C
5-NP,438,9891,2,137,0,10030,A
5-NP,439,10659,1,12,1,10673,A
5-NP,440,2,6,0,10674,10682,C
5-NP,441,10820,1,3,1,10825,A
5-NP,442,1,10989,2,1,10993,T
5-NP,443,10776,2,2,1,10781,A
5-NP,444,1,4,0,10872,10877,C
5-NP,445,3,2,0,10870,10875,C
5-NP,446,10532,1,6,0,10539,A
5-NP,447,1,1,10723,1,10726,G
5-NP,448,10180,1,21,0,10202,A
5-NP,449,1,4,10587,2,10594,G
5-NP,450,0,5,10526,0,10531,G
5-NP,451,10425,3,19,2,10449,A
5-NP,452,2,4,0,10518,10524,C
5-NP,453,10389,1,5,0,10395,A
5-NP,454,10368,2,20,1,10391,A
5-NP,455,4,3,10441,0,10448,G
5-NP,456,10211,2,20,1,10234,A
5-NP,457,1,1,10344,0,10346,G
5-NP,458,1,0,0,10265,10266,C
5-NP,459,0,10094,0,30,10124,T
5-NP,460,1,0,0,10214,10215,C
5-NP,461,1,10091,1,13,10106,T
5-NP,462,2,10135,0,2,10139,T
5-NP,463,2,1,10167,0,10170,G
5-NP,464,3,10089,0,6,10098,T
5-NP,465,3,10080,0,9,10092,T
5-NP,466,5,1,1,10043,10050,C
5-NP,467,1,4,9970,0,9975,G
5-NP,468,10096,1,5,0,10102,A
5-NP,469,10089,0,5,2,10096,A
5-NP,470,0,2,0,10182,10184,C
5-NP,471,1,10067,0,6,10074,T
5-NP,472,4,6,10226,0,10236,G
5-NP,473,3,4,10257,0,10264,G
5-NP,474,10239,1,11,0,10251,A
5-NP,475,10277,1,14,0,10292,A
5-NP,476,0,10277,0,4,10281,T
5-NP,477,1,3,10212,1,10217,G
5-NP,478,2,3,10218,0,10223,G
5-NP,479,10209,0,11,1,10221,A
5-NP,480,2,10230,0,18,10250,T
5-NP,481,2,1,0,10193,10196,C
5-NP,482,3,5,0,10148,10156,C
5-NP,483,6,0,0,10207,10213,C
5-NP,484,10275,0,2,0,10277,A
5-NP,485,0,1,10339,0,10340,G
5-NP,486,10296,1,2,0,10299,A
5-NP,487,10299,1,3,3,10306,A
5-NP,488,0,10207,1,2,10210,T
5-NP,489,1,0,10372,0,10373,G
5-NP,490,1,10280,0,8,10289,T
5-NP,491,2,0,10294,0,10296,G
5-NP,492,0,2,0,10305,10307,C
5-NP,493,2,10139,4,16,10161,T
5-NP,494,2,1,0,10922,10925,C
5-NP,495,0,10822,1,18,10841,T
5-NP,496,3,1,1,11365,11370,C
5-NP,497,1,11305,0,19,11325,T
5-NP,498,1,1,11315,0,11317,G
5-NP,499,11348,1,13,1,11363,A
5-NP,500,0,11324,0,6,11330,T
5-NP,501,1,1,11340,0,11342,G
5-NP,502,5,4,0,11265,11274,C
5-NP,503,10513,3,11,0,10527,A
5-NP,504,9,8,10803,0,10820,G
5-NP,505,3,5,10500,0,10508,G
5-NP,506,8,4,10704,0,10716,G
5-NP,507,3,4,0,10656,10663,C
5-NP,508,1,10576,1,17,10595,T
5-NP,509,4,5,0,10699,10708,C
5-NP,510,7,1,10743,0,10751,G
5-NP,511,10797,6,19,1,10823,A
5-NP,512,2,1,0,10838,10841,C
5-NP,513,3,10536,1,19,10559,T
5-NP,514,2,5,0,10979,10986,C
5-NP,515,3,10743,2,15,10763,T
5-NP,516,4,5,0,11823,11832,C
5-NP,517,4,1,0,11828,11833,C
5-NP,518,10,6,0,11846,11862,C
5-NP,519,1,11813,1,13,11828,T
5-NP,520,11709,0,5,1,11715,A
5-NP,521,0,2,11713,2,11717,G
5-NP,522,11672,1,10,0,11683,A
5-NP,523,11352,1,18,0,11371,A
5-NP,524,0,2,11419,0,11421,G
5-NP,525,3,7,11159,0,11169,G
5-NP,526,1,11021,0,8,11030,T
5-NP,527,1,1,0,11005,11007,C
5-NP,528,3,4,0,11026,11033,C
5-NP,529,2,2,11035,0,11039,G
5-NP,530,1,4,11198,0,11203,G
5-NP,531,11087,3,9,1,11100,A
5-NP,532,2,1,11312,0,11315,G
5-NP,533,0,1,0,11343,11344,C
5-NP,534,0,11101,0,16,11117,T
5-NP,535,0,1,11149,2,11152,G
5-NP,536,1,3,1,11146,11151,C
5-NP,537,11107,5,20,1,11133,A
5-NP,538,3,3,11187,1,11194,G
5-NP,539,1,3,11085,1,11090,G
5-NP,540,2,11023,0,14,11039,T
5-NP,541,5,4,10857,1,10867,G
5-NP,542,1,3,0,10940,10944,C
5-NP,543,2,10893,0,17,10912,T
5-NP,544,5,1,10932,0,10938,G
5-NP,545,5,4,1,10913,10923,C
5-NP,546,11038,1,5,1,11045,A
5-NP,547,5,0,11277,0,11282,G
5-NP,548,1,11100,1,15,11117,T
5-NP,549,8,2,0,11123,11133,C
5-NP,550,11124,1,6,0,11131,A
5-NP,551,11148,2,8,2,11160,A
5-NP,552,11115,2,27,2,11146,A
5-NP,553,0,3,11245,0,11248,G
5-NP,554,0,4,11313,0,11317,G
5-NP,555,11124,4,5,2,11135,A
5-NP,556,11026,1,9,1,11037,A
5-NP,557,1,11049,0,2,11052,T
5-NP,558,3,21,0,11028,11052,C
5-NP,559,6,9,11048,0,11063,G
5-NP,560,6,3,11733,0,11742,G
5-NP,561,1,2,11764,0,11767,G
5-NP,562,11697,3,9,0,11709,A
5-NP,563,1,2,0,11734,11737,C
5-NP,564,11575,2,11,1,11589,A
5-NP,565,11792,0,13,0,11805,A
5-NP,566,2,11814,0,6,11822,T
5-NP,567,1,1,11895,0,11897,G
5-NP,568,2,0,12127,0,12129,G
5-NP,569,2,11906,2,14,11924,T
5-NP,570,4,2,11964,0,11970,G
5-NP,571,11915,2,24,2,11943,A
5-NP,572,1,11905,0,14,11920,T
5-NP,573,9,1,11937,0,11947,G
5-NP,574,4,2,12169,3,12178,G
5-NP,575,12106,0,19,1,12126,A
5-NP,576,12143,1,5,0,12149,A
5-NP,577,6,1,0,12141,12148,C
5-NP,578,1,11665,0,10,11676,T
5-NP,579,32,3,12293,0,12328,G
5-NP,580,12227,1,12,3,12243,A
5-NP,581,4,12226,2,10,12242,T
5-NP,582,7,5,1,12295,12308,C
5-NP,583,11887,4,13,4,11908,A
5-NP,584,3,2,12188,0,12193,G
5-NP,585,12089,2,9,1,12101,A
5-NP,586,12127,2,8,0,12137,A
5-NP,587,1,12181,0,5,12187,T
5-NP,588,4,0,11821,0,11825,G
5-NP,589,1,1,12200,1,12203,G
5-NP,590,1,12151,0,26,12178,T
5-NP,591,7,1,1,12172,12181,C
5-NP,592,12199,2,5,0,12206,A
5-NP,593,12091,2,6,2,12101,A
5-NP,594,12120,2,5,2,12129,A
5-NP,595,0,4,1,12134,12139,C
5-NP,596,7,12,12046,2,12067,G
5-NP,597,2,17,11972,0,11991,G
5-NP,598,2,12,11774,0,11788,G
5-NP,599,7,6,11835,1,11849,G
5-NP,600,2,4,11868,0,11874,G
5-NP,601,11811,2,26,0,11839,A
5-NP,602,1,11741,1,16,11759,T
5-NP,603,7,3,0,11792,11802,C
5-NP,604,11830,1,13,0,11844,A
5-NP,605,11867,1,10,0,11878,A
5-NP,606,2,4,0,11787,11793,C
5-NP,607,1,1,11685,0,11687,G
5-NP,608,11586,2,6,0,11594,A
5-NP,609,2,11342,0,240,11584,T
5-NP,610,2,2,1,11603,11608,C
5-NP,611,1,3,11621,0,11625,G
5-NP,612,11582,0,3,0,11585,A
5-NP,613,11566,0,3,0,11569,A
5-NP,614,11564,2,8,1,11575,A
5-NP,615,1,11705,0,4,11710,T
5-NP,616,1,11662,3,4,11670,T
5-NP,617,0,11650,1,3,11654,T
5-NP,618,1,11719,0,7,11727,T
5-NP,619,2,11759,1,5,11767,T
5-NP,620,1,2,11781,4,11788,G
5-NP,621,4,3,11779,0,11786,G
5-NP,622,11587,4,21,0,11612,A
5-NP,623,0,1,11804,0,11805,G
5-NP,624,11538,2,17,1,11558,A
5-NP,625,1,1,12232,0,12234,G
5-NP,626,2,0,12283,0,12285,G
5-NP,627,1,12203,1,34,12239,T
5-NP,628,3,5,12258,0,12266,G
5-NP,629,12185,2,33,1,12221,A
5-NP,630,5,3,12302,0,12310,G
5-NP,631,12226,4,23,1,12254,A
5-NP,632,12257,0,11,2,12270,A
5-NP,633,1,12200,1,4,12206,T
5-NP,634,2,4,11532,2,11540,G
5-NP,635,2,3,11356,0,11361,G
5-NP,636,2,5,11372,0,11379,G
5-NP,637,2,5,0,11363,11370,C
5-NP,638,3,1,11376,0,11380,G
5-NP,639,4,0,11407,0,11411,G
5-NP,640,11372,1,4,1,11378,A
5-NP,641,11386,5,10,0,11401,A
5-NP,642,11591,0,12,1,11604,A
5-NP,643,11638,2,23,3,11666,A
5-NP,644,0,3,0,11767,11770,C
5-NP,645,11726,1,4,3,11734,A
5-NP,646,11700,2,14,1,11717,A
5-NP,647,3,1,11706,0,11710,G
5-NP,648,11367,1,8,2,11378,A
5-NP,649,11430,0,10,2,11442,A
5-NP,650,1,3,12066,0,12070,G
5-NP,651,1,12031,1,3,12036,T
5-NP,652,1,3,12745,0,12749,G
5-NP,653,0,8,1,12682,12691,C
5-NP,654,1,12677,2,26,12706,T
5-NP,655,0,12729,2,3,12734,T
5-NP,656,12843,1,3,0,12847,A
5-NP,657,1,12847,1,10,12859,T
5-NP,658,0,1,12897,2,12900,G
5-NP,659,12552,4,43,1,12600,A
5-NP,660,2,5,12654,1,12662,G
5-NP,661,11768,2,17,3,11790,A
5-NP,662,3,1,11878,0,11882,G
5-NP,663,11776,1,5,0,11782,A
5-NP,664,11908,2,7,1,11918,A
5-NP,665,0,11872,1,2,11875,T
5-NP,666,4,1,12083,0,12088,G
5-NP,667,2,11950,1,16,11969,T
5-NP,668,7,1,11947,0,11955,G
5-NP,669,2,7,1,11927,11937,C
5-NP,670,11917,2,11,0,11930,A
5-NP,671,11915,2,21,5,11943,A
5-NP,672,1,3,0,11909,11913,C
5-NP,673,11766,2,6,0,11774,A
5-NP,674,0,11811,0,5,11816,T
5-NP,675,0,11645,0,18,11663,T
5-NP,676,1,0,1,11682,11684,C
5-NP,677,0,11560,3,14,11577,T
5-NP,678,1,11566,0,13,11580,T
5-NP,679,11597,2,0,0,11599,A
5-NP,680,11544,1,6,0,11551,A
5-NP,681,11558,2,7,0,11567,A
5-NP,682,1,2,11581,0,11584,G
5-NP,683,2,5,11547,1,11555,G
5-NP,684,11485,0,9,0,11494,A
5-NP,685,11476,0,6,0,11482,A
5-NP,686,11475,0,5,1,11481,A
5-NP,687,11779,0,3,0,11782,A
5-NP,688,2,11761,4,2,11769,T
5-NP,689,2,11742,1,8,11753,T
5-NP,690,1,11806,0,5,11812,T
5-NP,691,3,2,0,11809,11814,C
5-NP,692,11805,0,11,0,11816,A
5-NP,693,11791,0,17,0,11808,A
5-NP,694,11801,2,9,0,11812,A
5-NP,695,0,1,1,11999,12001,C
5-NP,696,11827,1,5,0,11833,A
5-NP,697,1,1,12152,0,12154,G
5-NP,698,0,4,0,12156,12160,C
5-NP,699,2,12088,1,21,12112,T
5-NP,700,14,0,12371,0,12385,G
5-NP,701,1,4,1,12340,12346,C
5-NP,702,12438,1,12,0,12451,A
5-NP,703,0,2,2,12463,12467,C
5-NP,704,12345,0,9,0,12354,A
5-NP,705,12373,0,10,0,12383,A
5-NP,706,12005,3,17,1,12026,A
5-NP,707,4,4,13049,1,13058,G
5-NP,708,12903,2,23,1,12929,A
5-NP,709,9,5,13011,0,13025,G
5-NP,710,2,4,0,13000,13006,C
5-NP,711,12990,2,8,0,13000,A
5-NP,712,13358,2,15,2,13377,A
5-NP,713,0,13378,1,8,13387,T
5-NP,714,2,0,13423,1,13426,G
5-NP,715,1,2,13478,0,13481,G
5-NP,716,1,12961,2,22,12986,T
5-NP,717,5,5,13011,0,13021,G
5-NP,718,3,4,13196,2,13205,G
5-NP,719,13189,3,21,0,13213,A
5-NP,720,2,13140,2,16,13160,T
5-NP,721,3,3,0,12903,12909,C
5-NP,722,13009,0,5,1,13015,A
5-NP,723,13151,0,11,0,13162,A
5-NP,724,2,1,13254,1,13258,G
5-NP,725,0,13126,0,5,13131,T
5-NP,726,2,2,13144,1,13149,G
5-NP,727,12865,1,20,2,12888,A
5-NP,728,3,3,12970,1,12977,G
5-NP,729,12895,2,24,0,12921,A
5-NP,730,3,2,12966,0,12971,G
5-NP,731,12859,3,16,0,12878,A
5-NP,732,12733,0,0,0,12733,A
5-NP,733,12813,0,22,1,12836,A
5-NP,734,1,0,12954,0,12955,G
5-NP,735,1,12891,2,5,12899,T
5-NP,736,3,1,0,12894,12898,C
5-NP,737,10,9,12836,0,12855,G
5-NP,738,8,3,12845,1,12857,G
5-NP,739,12862,2,18,0,12882,A
5-NP,740,12960,1,5,0,12966,A
5-NP,741,1,2,0,12967,12970,C
5-NP,742,1,4,0,12871,12876,C
5-NP,743,4,5,0,12901,12910,C
5-NP,744,12861,1,16,2,12880,A
5-NP,745,3,2,12941,1,12947,G
5-NP,746,2,3,12943,0,12948,G
5-NP,747,12857,0,6,0,12863,A
5-NP,748,12846,1,2,0,12849,A
5-NP,749,12836,1,12,4,12853,A
5-NP,750,0,4,0,12989,12993,C
5-NP,751,3,2,12925,0,12930,G
5-NP,752,1,5,0,12900,12906,C
5-NP,753,2,12850,0,20,12872,T
5-NP,754,3,2,12877,1,12883,G
5-NP,755,12794,1,10,1,12806,A
5-NP,756,15,4,13032,1,13052,G
5-NP,757,13024,1,14,2,13041,A
5-NP,758,1,13004,1,8,13014,T
5-NP,759,4,4,0,12912,12920,C
5-NP,760,25,1,12929,0,12955,G
5-NP,761,12913,0,8,0,12921,A
5-NP,762,12892,0,6,2,12900,A
5-NP,763,8,2,12936,0,12946,G
5-NP,764,12895,1,11,1,12908,A
5-NP,765,1,12803,0,10,12814,T
5-NP,766,3,1,0,12929,12933,C
5-NP,767,3,12868,0,30,12901,T
5-NP,768,2,3,0,13131,13136,C
5-NP,769,13178,0,5,1,13184,A
5-NP,770,2,13192,0,3,13197,T
5-NP,771,13186,5,2,0,13193,A
5-NP,772,2,13140,1,5,13148,T
5-NP,773,3,13031,1,4,13039,T
5-NP,774,2,12951,0,4,12957,T
5-NP,775,1,12794,1,6,12802,T
5-NP,776,0,12841,1,0,12842,T
5-NP,777,12849,1,8,0,12858,A
5-NP,778,2,1,12845,0,12848,G
5-NP,779,1,5,0,12845,12851,C
5-NP,780,12816,2,3,0,12821,A
5-NP,781,12762,2,11,0,12775,A
5-NP,782,1,0,13250,0,13251,G
5-NP,783,13180,3,12,0,13195,A
5-NP,784,0,13168,0,6,13174,T
5-NP,785,1,3,0,13322,13326,C
5-NP,786,4,13235,1,25,13265,T
5-NP,787,1,4,13672,0,13677,G
5-NP,788,2,7,0,13702,13711,C
5-NP,789,13726,3,9,2,13740,A
5-NP,790,1,13850,0,9,13860,T
5-NP,791,1,13302,0,9,13312,T
5-NP,792,4,3,14351,1,14359,G
5-NP,793,14614,2,15,0,14631,A
5-NP,794,2,14636,1,10,14649,T
5-NP,795,14674,1,18,0,14693,A
5-NP,796,0,14409,0,11,14420,T
5-NP,797,0,14336,1,5,14342,T
5-NP,798,2,2,14394,0,14398,G
5-NP,799,14147,2,30,3,14182,A
5-NP,800,2,5,14338,0,14345,G
5-NP,801,13491,3,22,0,13516,A
5-NP,802,3,6,13510,0,13519,G
5-NP,803,5,3,13827,0,13835,G
5-NP,804,13700,2,15,0,13717,A
5-NP,805,1,13701,0,18,13720,T
5-NP,806,4,3,0,13823,13830,C
5-NP,807,13754,2,14,0,13770,A
5-NP,808,4,0,13846,1,13851,G
5-NP,809,3,13764,0,9,13776,T
5-NP,810,4,13656,1,3,13664,T
5-NP,811,8,2,13616,0,13626,G
5-NP,812,2,6,0,13362,13370,C
5-NP,813,2,13251,2,25,13280,T
5-NP,814,4,3,0,13396,13403,C
5-NP,815,13430,1,9,0,13440,A
5-NP,816,3,4,1,13414,13422,C
5-NP,817,13390,0,8,0,13398,A
5-NP,818,13475,1,5,2,13483,A
5-NP,819,13485,0,3,0,13488,A
5-NP,820,2,13419,1,6,13428,T
5-NP,821,4,2,0,13482,13488,C
5-NP,822,3,13423,3,17,13446,T
5-NP,823,1,13319,2,7,13329,T
5-NP,824,4,2,13384,0,13390,G
5-NP,825,3,11,0,13351,13365,C
5-NP,826,5,7,1,13558,13571,C
5-NP,827,1,13550,0,17,13568,T
5-NP,828,13663,1,6,1,13671,A
5-NP,829,0,3,0,13645,13648,C
5-NP,830,4,2,1,13640,13647,C
5-NP,831,9,13576,0,16,13601,T
5-NP,832,5,2,13800,0,13807,G
5-NP,833,1,5,0,13732,13738,C
5-NP,834,5,3,1,13790,13799,C
5-NP,835,1,13403,1,24,13429,T
5-NP,836,3,1,13675,0,13679,G
5-NP,837,1,13415,2,11,13429,T
5-NP,838,4,2,13547,0,13553,G
5-NP,839,0,9,0,13600,13609,C
5-NP,840,19,0,13803,0,13822,G
5-NP,841,3,13482,1,7,13493,T
5-NP,842,13476,2,1,1,13480,A
5-NP,843,0,13467,2,10,13479,T
5-NP,844,1,5,13459,0,13465,G
5-NP,845,4,3,14198,0,14205,G
5-NP,846,14177,3,20,0,14200,A
5-NP,847,3,1,0,14022,14026,C
5-NP,848,2,6,0,14089,14097,C
5-NP,849,10,13741,1,28,13780,T
5-NP,850,10,0,14745,1,14756,G
5-NP,851,0,5,0,14769,14774,C
5-NP,852,14807,1,16,0,14824,A
5-NP,853,4,5,15317,0,15326,G
5-NP,854,1,14097,0,6,14104,T
5-NP,855,14751,0,3,0,14754,A
5-NP,856,2,14628,1,21,14652,T
5-NP,857,1,6,0,14624,14631,C
5-NP,858,3,4,0,14649,14656,C
5-NP,859,13778,1,14,0,13793,A
5-NP,860,5,0,13872,1,13878,G
5-NP,861,1,13690,0,6,13697,T
5-NP,862,2,7,14031,0,14040,G
5-NP,863,3,2,13972,0,13977,G
5-NP,864,3,0,13718,0,13721,G
5-NP,865,1,13681,2,15,13699,T
5-NP,866,13684,0,4,1,13689,A
5-NP,867,2,3,1,13650,13656,C
5-NP,868,8,7,13607,0,13622,G
5-NP,869,13560,1,22,0,13583,A
5-NP,870,0,5,0,13546,13551,C
5-NP,871,4,13136,2,9,13151,T
5-NP,872,1,13163,0,2,13166,T
5-NP,873,3,5,1,13112,13121,C
5-NP,874,6,3,13133,0,13142,G
5-NP,875,13141,3,11,1,13156,A
5-NP,876,13154,0,3,0,13157,A
5-NP,877,13176,0,4,0,13180,A
5-NP,878,13170,0,0,0,13170,A
5-NP,879,13136,0,22,0,13158,A
5-NP,880,4,1,13213,0,13218,G
5-NP,881,13149,2,32,1,13184,A
5-NP,882,6,8,13282,0,13296,G
5-NP,883,6,3,13352,0,13361,G
5-NP,884,4,3,13394,0,13401,G
5-NP,885,13388,2,19,1,13410,A
5-NP,886,1,13438,1,9,13449,T
5-NP,887,13479,0,13,2,13494,A
5-NP,888,0,13448,3,21,13472,T
5-NP,889,1,13445,2,2,13450,T
5-NP,890,5,7,0,13553,13565,C
5-NP,891,6,4,0,13445,13455,C
5-NP,892,1,13234,1,4,13240,T
5-NP,893,0,13245,0,7,13252,T
5-NP,894,6,5,13395,0,13406,G
5-NP,895,2,2,13455,0,13459,G
5-NP,896,0,13381,0,9,13390,T
5-NP,897,29,5,13324,1,13359,G
5-NP,898,3,5,13256,3,13267,G
5-NP,899,7,1,13881,0,13889,G
5-NP,900,13873,3,3,1,13880,A
5-NP,901,13905,0,11,0,13916,A
5-NP,902,0,13907,1,4,13912,T
5-NP,903,13667,0,22,0,13689,A
5-NP,904,5,3,13678,0,13686,G
5-NP,905,13561,4,27,1,13593,A
5-NP,906,0,6,2,13486,13494,C
5-NP,907,10,3,0,13391,13404,C
5-NP,908,8,2,0,12821,12831,C
5-NP,909,0,12846,0,34,12880,T
5-NP,910,1,12861,1,13,12876,T
5-NP,911,0,12848,1,19,12868,T
5-NP,912,3,6,1,12902,12912,C
5-NP,913,12882,0,3,1,12886,A
5-NP,914,12858,1,6,0,12865,A
5-NP,915,12852,0,7,0,12859,A
5-NP,916,1,0,0,12893,12894,C
5-NP,917,1,12306,2,8,12317,T
5-NP,918,12125,1,6,1,12133,A
5-NP,919,4,2,5,12236,12247,C
5-NP,920,4,12128,2,15,12149,T
5-NP,921,2,12103,1,5,12111,T
5-NP,922,0,2,0,12221,12223,C
5-NP,923,12150,4,5,0,12159,A
5-NP,924,12140,1,4,0,12145,A
5-NP,925,12091,2,0,1,12094,A
5-NP,926,12094,0,9,0,12103,A
5-NP,927,0,11953,0,34,11987,T
5-NP,928,11691,2,10,0,11703,A
5-NP,929,5,0,11910,0,11915,G
5-NP,930,1,7,1,11913,11922,C
5-NP,931,2,3,1,12071,12077,C
5-NP,932,12064,2,3,2,12071,A
5-NP,933,12085,1,7,2,12095,A
5-NP,934,12417,1,2,1,12421,A
5-NP,935,0,12443,1,1,12445,T
5-NP,936,12496,0,6,1,12503,A
5-NP,937,1,12464,0,6,12471,T
5-NP,938,12271,1,13,0,12285,A
5-NP,939,3,5,0,12297,12305,C
5-NP,940,11900,1,9,1,11911,A
5-NP,941,2,0,12266,0,12268,G
5-NP,942,0,1,0,12229,12230,C
5-NP,943,0,11764,2,20,11786,T
5-NP,944,0,11845,0,7,11852,T
5-NP,945,11871,1,1,1,11874,A
5-NP,946,11878,1,4,2,11885,A
5-NP,947,0,11859,0,4,11863,T
5-NP,948,7,2,0,11868,11877,C
5-NP,949,11282,2,16,0,11300,A
5-NP,950,2,6,11446,0,11454,G
5-NP,951,11430,0,14,0,11444,A
5-NP,952,1,2,0,11504,11507,C
5-NP,953,3,1,0,11390,11394,C
5-NP,954,1,11153,0,8,11162,T
5-NP,955,11237,1,6,1,11245,A
5-NP,956,11223,0,16,4,11243,A
5-NP,957,12,7,0,11300,11319,C
5-NP,958,4,3,11294,0,11301,G
5-NP,959,10878,1,8,1,10888,A
5-NP,960,0,2,10945,1,10948,G
5-NP,961,10749,0,18,0,10767,A
5-NP,962,10842,1,8,0,10851,A
5-NP,963,2,10814,2,7,10825,T
5-NP,964,2,4,1,10728,10735,C
5-NP,965,2,2,1,10714,10719,C
5-NP,966,10058,3,19,2,10082,A
5-NP,967,2,0,10174,1,10177,G
5-NP,968,3,3,1,10173,10180,C
5-NP,969,10247,2,15,0,10264,A
5-NP,970,1,3,1,10319,10324,C
5-NP,971,10108,1,6,0,10115,A
5-NP,972,1,3,0,10128,10132,C
5-NP,973,10098,0,6,1,10105,A
5-NP,974,10111,1,19,0,10131,A
5-NP,975,1,3,10203,1,10208,G
5-NP,976,9955,4,26,1,9986,A
5-NP,977,4,1,10093,0,10098,G
5-NP,978,1,9785,0,10,9796,T
5-NP,979,10,2,0,9731,9743,C
5-NP,980,9663,2,12,1,9678,A
5-NP,981,3,1,9674,0,9678,G
5-NP,982,0,3,0,9649,9652,C
5-NP,983,0,9475,0,12,9487,T
5-NP,984,3,0,9598,0,9601,G
5-NP,985,3,2,9605,0,9610,G
5-NP,986,3,9451,1,8,9463,T
5-NP,987,1,3,9539,0,9543,G
5-NP,988,1,9363,1,15,9380,T
5-NP,989,2,1,9361,0,9364,G
5-NP,990,2,0,9339,0,9341,G
5-NP,991,9229,2,11,0,9242,A
5-NP,992,0,9294,1,7,9302,T
5-NP,993,4,1,8342,0,8347,G
5-NP,994,2,4,8208,0,8214,G
5-NP,995,0,5,0,8173,8178,C
5-NP,996,8080,1,8,0,8089,A
5-NP,997,0,8061,6,7,8074,T
5-NP,998,4,0,7948,1,7953,G
5-NP,999,2,3,0,8015,8020,C
5-NP,1000,3,0,0,8025,8028,C
5-NP,1001,8063,2,1,0,8066,A
5-NP,1002,1,8032,0,9,8042,T
5-NP,1003,0,7841,0,11,7852,T
5-NP,1004,1,1,0,7878,7880,C
5-NP,1005,1,7685,0,5,7691,T
5-NP,1006,3,1,7671,1,7676,G
5-NP,1007,0,2,0,7669,7671,C
5-NP,1008,1,7258,0,22,7281,T
5-NP,1009,3,0,7346,1,7350,G
5-NP,1010,1,5,0,7096,7102,C
5-NP,1011,7099,1,1,0,7101,A
5-NP,1012,0,7096,0,4,7100,T
5-NP,1013,0,6966,1,7,6974,T
5-NP,1014,1,6948,0,6,6955,T
5-NP,1015,1,0,6967,0,6968,G
5-NP,1016,6938,0,2,0,6940,A
5-NP,1017,6929,1,12,2,6944,A
5-NP,1018,0,1,7058,0,7059,G
5-NP,1019,7034,0,11,0,7045,A
5-NP,1020,0,7016,2,4,7022,T
5-NP,1021,1,7003,1,1,7006,T
5-NP,1022,1,7018,0,2,7021,T
5-NP,1023,7028,0,2,0,7030,A
5-NP,1024,7035,0,6,1,7042,A
5-NP,1025,1,0,7056,0,7057,G
5-NP,1026,7005,1,7,0,7013,A
5-NP,1027,0,7016,0,0,7016,T
5-NP,1028,1,6858,0,2,6861,T
5-NP,1029,1,0,6892,0,6893,G
5-NP,1030,2,6888,0,7,6897,T
5-NP,1031,1,6886,0,5,6892,T
5-NP,1032,6881,1,4,0,6886,A
5-NP,1033,6904,0,5,1,6910,A
5-NP,1034,4,0,6957,0,6961,G
5-NP,1035,1,0,0,6976,6977,C
5-NP,1036,0,6830,0,17,6847,T
5-NP,1037,3,6824,1,11,6839,T
5-NP,1038,1,0,1,6869,6871,C
5-NP,1039,6877,1,9,0,6887,A
5-NP,1040,2,6845,0,4,6851,T
5-NP,1041,1,0,0,6878,6879,C
5-NP,1042,6768,2,11,1,6782,A
5-NP,1043,1,2,6774,0,6777,G
5-NP,1044,6645,1,16,1,6663,A
5-NP,1045,3,3,6710,0,6716,G
5-NP,1046,1,3,6777,0,6781,G
5-NP,1047,16,4,6733,0,6753,G
5-NP,1048,6768,1,11,1,6781,A
5-NP,1049,0,4,0,6769,6773,C
5-NP,1050,6763,0,3,3,6769,A
5-NP,1051,6780,2,0,0,6782,A
5-NP,1052,6746,0,7,1,6754,A
5-NP,1053,6755,1,14,0,6770,A
5-NP,1054,0,0,6791,0,6791,G
5-NP,1055,0,6376,1,8,6385,T
5-NP,1056,0,0,6207,0,6207,G
5-NP,1057,1,6250,0,9,6260,T
5-NP,1058,0,5,0,6279,6284,C
5-NP,1059,3,6225,0,16,6244,T
5-NP,1060,3,1,0,6271,6275,C
5-NP,1061,3,1,0,6278,6282,C
5-NP,1062,1,6233,0,3,6237,T
5-NP,1063,2,0,0,6236,6238,C
5-NP,1064,2,1,6198,0,6201,G
5-NP,1065,5,6,6203,0,6214,G
5-NP,1066,1,5,6223,0,6229,G
5-NP,1067,3,2,6180,0,6185,G
5-NP,1068,0,2,6182,0,6184,G
5-NP,1069,6100,0,1,0,6101,A
5-NP,1070,6105,0,9,1,6115,A
5-NP,1071,6127,0,7,1,6135,A
5-NP,1072,0,0,0,6298,6298,C
5-NP,1073,0,6245,0,5,6250,T
5-NP,1074,2,0,6324,0,6326,G
5-NP,1075,1,6264,0,17,6282,T
5-NP,1076,2,3,0,6268,6273,C
5-NP,1077,6374,1,11,0,6386,A
5-NP,1078,6428,0,8,0,6436,A
5-NP,1079,0,0,0,6456,6456,C
5-NP,1080,0,6436,0,4,6440,T
5-NP,1081,6309,2,3,0,6314,A
5-NP,1082,0,0,6353,0,6353,G
5-NP,1083,6206,0,18,0,6224,A
5-NP,1084,0,0,6226,0,6226,G
5-NP,1085,0,2,6235,0,6237,G
5-NP,1086,5915,0,5,1,5921,A
5-NP,1087,2,0,6017,1,6020,G
5-NP,1088,0,5921,2,6,5929,T
5-NP,1089,5936,0,5,0,5941,A
5-NP,1090,0,5,0,5919,5924,C
5-NP,1091,5817,0,3,0,5820,A
5-NP,1092,5814,0,4,0,5818,A
5-NP,1093,5757,1,4,0,5762,A
5-NP,1094,1,5724,0,1,5726,T
5-NP,1095,0,5652,0,1,5653,T
5-NP,1096,0,0,5493,0,5493,G
5-NP,1097,2,0,0,5410,5412,C
5-NP,1098,0,5335,0,11,5346,T
5-NP,1099,1,5329,0,3,5333,T
5-NP,1100,0,1,0,5343,5344,C
5-NP,1101,5348,0,0,0,5348,A
5-NP,1102,5374,0,0,0,5374,A
5-NP,1103,5381,1,3,0,5385,A
5-NP,1104,0,5394,0,1,5395,T
5-NP,1105,2,1,5387,0,5390,G
5-NP,1106,5240,0,15,0,5255,A
5-NP,1107,1,1,5305,0,5307,G
5-NP,1108,5288,0,14,2,5304,A
5-NP,1109,5303,3,6,0,5312,A
5-NP,1110,1,2,0,5312,5315,C
5-NP,1111,5263,2,5,0,5270,A
5-NP,1112,0,5260,0,6,5266,T
5-NP,1113,2,3,5362,0,5367,G
5-NP,1114,2,3,5395,0,5400,G
5-NP,1115,5390,0,5,1,5396,A
5-NP,1116,0,5313,0,4,5317,T
5-NP,1117,5252,0,0,0,5252,A
5-NP,1118,5572,3,2,0,5577,A
5-NP,1119,1,5487,0,1,5489,T
5-NP,1120,5479,2,5,0,5486,A
5-NP,1121,0,5457,0,2,5459,T
5-NP,1122,174,4,4940,0,5118,G
5-NP,1123,4,2,5007,0,5013,G
5-NP,1124,4,0,5010,0,5014,G
5-NP,1125,4996,0,4,1,5001,A
5-NP,1126,1,4982,0,1,4984,T
5-NP,1127,0,4,0,3843,3847,C
5-NP,1128,0,1,3853,0,3854,G
5-NP,1129,3841,0,5,1,3847,A
5-NP,1130,1,0,3842,0,3843,G
5-NP,1131,0,1,0,3827,3828,C
5-NP,1132,3767,1,2,1,3771,A
5-NP,1133,0,0,0,3991,3991,C
5-NP,1134,1,3918,1,3,3923,T
5-NP,1135,1,1,0,3973,3975,C
5-NP,1136,1,3963,0,4,3968,T
5-NP,1137,0,3919,0,2,3921,T
5-NP,1138,2,1,3923,0,3926,G
5-NP,1139,3909,0,7,0,3916,A
5-NP,1140,3940,0,6,0,3946,A
5-NP,1141,0,1,0,3944,3945,C
5-NP,1142,0,3206,0,2,3208,T
5-NP,1143,0,2,3236,0,3238,G
5-NP,1144,3108,0,6,0,3114,A
5-NP,1145,1,0,3137,0,3138,G
5-NP,1146,3125,1,6,0,3132,A
5-NP,1147,3124,0,4,0,3128,A
5-NP,1148,1,2,3130,0,3133,G
5-NP,1149,0,1,0,3094,3095,C
5-NP,1150,23,0,3067,0,3090,G
5-NP,1151,2,0,3094,0,3096,G
5-NP,1152,3,0,3132,0,3135,G
5-NP,1153,2,3118,0,2,3122,T
5-NP,1154,3094,0,1,0,3095,A
5-NP,1155,0,2,0,3085,3087,C
5-NP,1156,0,2835,0,2,2837,T
5-NP,1157,0,2,2921,0,2923,G
5-NP,1158,1,0,2935,0,2936,G
5-NP,1159,1,2,2965,0,2968,G
5-NP,1160,1,0,0,2928,2929,C
5-NP,1161,1,0,0,2788,2789,C
5-NP,1162,2810,2,0,0,2812,A
5-NP,1163,0,2813,0,1,2814,T
5-NP,1164,2814,0,3,0,2817,A
5-NP,1165,2809,1,2,2,2814,A
5-NP,1166,0,1,2800,0,2801,G
5-NP,1167,1,1,2869,0,2871,G
5-NP,1168,2813,1,3,1,2818,A
5-NP,1169,0,2,0,2811,2813,C
5-NP,1170,1,0,0,2815,2816,C
5-NP,1171,2796,1,7,0,2804,A
5-NP,1172,0,0,2843,0,2843,G
5-NP,1173,0,0,2857,0,2857,G
5-NP,1174,2831,0,4,0,2835,A
5-NP,1175,0,0,2859,0,2859,G
5-NP,1176,0,2735,0,1,2736,T
5-NP,1177,0,0,2742,0,2742,G
5-NP,1178,0,0,2770,0,2770,G
5-NP,1179,2741,0,3,1,2745,A
5-NP,1180,0,2,2764,0,2766,G
5-NP,1181,2,0,2671,0,2673,G
5-NP,1182,2658,0,2,1,2661,A
5-NP,1183,2652,1,2,0,2655,A
5-NP,1184,2672,0,2,0,2674,A
5-NP,1185,0,1,0,2699,2700,C
5-NP,1186,2688,0,1,0,2689,A
5-NP,1187,0,0,0,2741,2741,C
5-NP,1188,0,2660,0,0,2660,T
5-NP,1189,2759,0,0,0,2759,A
5-NP,1190,2753,0,2,1,2756,A
5-NP,1191,0,2749,0,2,2751,T
5-NP,1192,0,0,0,2796,2796,C
5-NP,1193,2758,0,1,0,2759,A
5-NP,1194,2791,0,2,0,2793,A
5-NP,1195,1,1,0,2785,2787,C
5-NP,1196,2687,0,2,0,2689,A
5-NP,1197,0,1,2701,0,2702,G
5-NP,1198,2561,1,3,0,2565,A
5-NP,1199,2,1,2592,0,2595,G
5-NP,1200,0,0,2600,0,2600,G
5-NP,1201,1,0,2586,0,2587,G
5-NP,1202,0,2,0,2568,2570,C
5-NP,1203,1,0,0,2557,2558,C
5-NP,1204,1,2485,0,3,2489,T
5-NP,1205,2,0,0,2522,2524,C
5-NP,1206,1,1,0,2535,2537,C
5-NP,1207,0,0,2540,0,2540,G
5-NP,1208,0,0,0,2533,2533,C
5-NP,1209,2500,0,0,0,2500,A
5-NP,1210,0,1,2630,0,2631,G
5-NP,1211,1,1,2623,0,2625,G
5-NP,1212,0,2,0,2623,2625,C
5-NP,1213,0,1,0,2632,2633,C
5-NP,1214,2604,0,0,0,2604,A
5-NP,1215,2609,1,5,1,2616,A
5-NP,1216,2618,0,4,0,2622,A
5-NP,1217,0,1,0,2625,2626,C
5-NP,1218,1,0,1,2647,2649,C
5-NP,1219,2440,0,0,0,2440,A
5-NP,1220,0,3,2479,0,2482,G
5-NP,1221,0,2454,0,1,2455,T
5-NP,1222,1,0,2477,0,2478,G
5-NP,1223,1,2474,0,2,2477,T
5-NP,1224,0,0,2464,0,2464,G
5-NP,1225,0,1,0,2470,2471,C
5-NP,1226,2430,0,4,0,2434,A
5-NP,1227,2467,0,6,0,2473,A
5-NP,1228,0,0,0,2470,2470,C
5-NP,1229,0,1,0,2409,2410,C
5-NP,1230,0,2344,0,2,2346,T
5-NP,1231,2323,0,0,0,2323,A
5-NP,1232,0,2,0,2316,2318,C
5-NP,1233,1,0,2320,0,2321,G
5-NP,1234,0,2291,1,2,2294,T
5-NP,1235,0,2290,1,0,2291,T
5-NP,1236,0,2269,0,1,2270,T
5-NP,1237,2,2239,0,1,2242,T
5-NP,1238,1,0,0,2261,2262,C
5-NP,1239,0,2197,0,2,2199,T
5-NP,1240,0,0,2273,0,2273,G
5-NP,1241,1,2255,0,1,2257,T
5-NP,1242,2276,0,0,0,2276,A
5-NP,1243,0,0,0,2271,2271,C
5-NP,1244,2217,0,1,0,2218,A
5-NP,1245,2222,0,1,0,2223,A
5-NP,1246,2223,1,1,0,2225,A
5-NP,1247,0,0,2220,0,2220,G
5-NP,1248,2203,0,2,0,2205,A
5-NP,1249,2135,0,2,0,2137,A
5-NP,1250,2123,0,7,0,2130,A
5-NP,1251,0,0,0,2136,2136,C
5-NP,1252,1,0,0,2109,2110,C
5-NP,1253,1,2095,0,3,2099,T
5-NP,1254,0,0,0,2092,2092,C
5-NP,1255,0,0,0,2104,2104,C
5-NP,1256,2,2,0,2097,2101,C
5-NP,1257,2101,0,0,0,2101,A
5-NP,1258,0,2086,0,3,2089,T
5-NP,1259,0,2093,0,2,2095,T
5-NP,1260,0,2087,0,1,2088,T
5-NP,1261,1,0,2085,0,2086,G
5-NP,1262,2080,0,1,1,2082,A
5-NP,1263,2088,0,1,0,2089,A
5-NP,1264,2079,0,1,0,2080,A
5-NP,1265,2076,0,1,0,2077,A
5-NP,1266,1,0,2157,0,2158,G
5-NP,1267,0,2127,0,7,2134,T
5-NP,1268,1,0,0,2141,2142,C
5-NP,1269,2142,0,2,1,2145,A
5-NP,1270,2148,0,2,0,2150,A
5-NP,1271,1,1,0,2149,2151,C
5-NP,1272,2,1,0,2169,2172,C
5-NP,1273,2163,2,2,0,2167,A
5-NP,1274,0,2156,0,2,2158,T
5-NP,1275,0,0,0,2143,2143,C
5-NP,1276,2128,0,3,0,2131,A
5-NP,1277,0,2143,0,0,2143,T
5-NP,1278,0,1,2136,0,2137,G
5-NP,1279,1,0,2139,0,2140,G
5-NP,1280,0,1,0,2136,2137,C
5-NP,1281,2089,0,3,0,2092,A
5-NP,1282,0,1,2098,1,2100,G
5-NP,1283,0,0,0,2068,2068,C
5-NP,1284,2073,0,3,0,2076,A
5-NP,1285,1,2061,0,2,2064,T
5-NP,1286,0,2030,0,0,2030,T
5-NP,1287,0,0,1,2038,2039,C
5-NP,1288,2031,0,1,0,2032,A
5-NP,1289,3,0,0,2056,2059,C
5-NP,1290,0,2050,0,0,2050,T
5-NP,1291,1,0,2084,0,2085,G
5-NP,1292,0,0,2092,0,2092,G
5-NP,1293,2074,0,2,1,2077,A
5-NP,1294,2082,0,0,0,2082,A
5-NP,1295,2090,0,0,0,2090,A
5-NP,1296,1,2075,0,0,2076,T
5-NP,1297,2088,1,1,0,2090,A
5-NP,1298,2,0,0,2075,2077,C
5-NP,1299,1,2,2039,0,2042,G
5-NP,1300,0,0,2039,0,2039,G
5-NP,1301,1962,0,4,1,1967,A
5-NP,1302,2,0,2013,0,2015,G
5-NP,1303,0,0,2013,0,2013,G
5-NP,1304,0,0,2018,0,2018,G
5-NP,1305,2015,0,3,0,2018,A
5-NP,1306,2013,0,3,0,2016,A
5-NP,1307,2,1,2025,0,2028,G
5-NP,1308,2024,1,1,0,2026,A
5-NP,1309,2041,0,0,0,2041,A
5-NP,1310,1,0,0,2078,2079,C
5-NP,1311,0,1979,0,0,1979,T
5-NP,1312,1,1950,0,1,1952,T
5-NP,1313,0,1,0,1951,1952,C
5-NP,1314,1950,0,2,0,1952,A
5-NP,1315,0,1,1964,0,1965,G
5-NP,1316,1948,2,2,0,1952,A
5-NP,1317,0,0,0,1965,1965,C
5-NP,1318,1936,0,0,0,1936,A
5-NP,1319,2,1868,0,2,1872,T
5-NP,1320,0,0,1871,0,1871,G
5-NP,1321,1806,0,3,0,1809,A
5-NP,1322,0,1,1845,0,1846,G
5-NP,1323,0,0,1841,0,1841,G
5-NP,1324,1,0,1830,0,1831,G
5-NP,1325,0,0,0,1831,1831,C
5-NP,1326,1807,0,6,0,1813,A
5-NP,1327,1,0,1810,0,1811,G
5-NP,1328,1803,0,1,0,1804,A
5-NP,1329,1817,0,1,0,1818,A
5-NP,1330,1817,0,0,0,1817,A
5-NP,1331,0,1809,0,2,1811,T
5-NP,1332,0,0,0,1815,1815,C
5-NP,1333,1767,1,0,1,1769,A
5-NP,1334,0,1807,0,0,1807,T
5-NP,1335,1807,0,0,0,1807,A
5-NP,1336,1793,1,0,0,1794,A
5-NP,1337,0,1,1825,0,1826,G
5-NP,1338,1793,0,3,0,1796,A
5-NP,1339,1809,0,0,0,1809,A
5-NP,1340,0,1769,1,0,1770,T
5-NP,1341,0,0,1770,0,1770,G
5-NP,1342,1754,2,7,0,1763,A
5-NP,1343,1,1753,0,4,1758,T
5-NP,1344,0,0,1761,0,1761,G
5-NP,1345,1,1,1758,0,1760,G
5-NP,1346,1704,1,1,0,1706,A
5-NP,1347,1689,0,3,0,1692,A
5-NP,1348,0,0,1671,0,1671,G
5-NP,1349,0,0,1749,0,1749,G
5-NP,1350,0,1709,0,7,1716,T
5-NP,1351,2,0,1704,1,1707,G
5-NP,1352,0,1,0,1702,1703,C
5-NP,1353,1703,1,0,0,1704,A
5-NP,1354,1702,0,0,0,1702,A
5-NP,1355,1701,0,0,0,1701,A
5-NP,1356,1736,0,3,0,1739,A
5-NP,1357,0,0,0,1748,1748,C
5-NP,1358,0,0,0,1719,1719,C
5-NP,1359,1662,0,6,0,1668,A
5-NP,1360,2,0,1670,0,1672,G
5-NP,1361,1666,0,2,0,1668,A
5-NP,1362,1661,0,3,0,1664,A
5-NP,1363,0,1,1676,0,1677,G
5-NP,1364,1660,0,0,0,1660,A
5-NP,1365,1624,0,0,0,1624,A
5-NP,1366,0,0,1662,0,1662,G
5-NP,1367,0,1635,0,0,1635,T
5-NP,1368,1,1,1643,0,1645,G
5-NP,1369,1,1617,0,3,1621,T
5-NP,1370,3,0,0,1628,1631,C
5-NP,1371,1626,0,1,0,1627,A
5-NP,1372,0,1652,0,2,1654,T
5-NP,1373,0,1630,0,1,1631,T
5-NP,1374,0,0,0,1642,1642,C
5-NP,1375,1,0,0,1576,1577,C
5-NP,1376,0,0,1570,1,1571,G
5-NP,1377,1,0,1581,0,1582,G
5-NP,1378,1,2,1570,0,1573,G
5-NP,1379,1,2,1573,0,1576,G
5-NP,1380,0,1,1573,0,1574,G
5-NP,1381,1490,0,2,0,1492,A
5-NP,1382,1,0,1505,0,1506,G
5-NP,1383,1,1,1501,0,1503,G
5-NP,1384,0,1,1494,0,1495,G
5-NP,1385,1,0,1504,1,1506,G
5-NP,1386,1477,0,2,0,1479,A
5-NP,1387,2,1,1497,0,1500,G
5-NP,1388,0,1459,1,1,1461,T
5-NP,1389,0,1449,0,2,1451,T
5-NP,1390,0,1458,0,2,1460,T
5-NP,1391,0,1454,0,0,1454,T
5-NP,1392,1,1,0,1452,1454,C
5-NP,1393,0,0,1455,0,1455,G
5-NP,1394,1444,0,2,0,1446,A
5-NP,1395,1,0,1452,0,1453,G
5-NP,1396,0,0,0,1431,1431,C
5-NP,1397,0,1422,0,1,1423,T
5-NP,1398,0,0,0,1430,1430,C
5-NP,1399,0,1420,0,1,1421,T
5-NP,1400,1,1,0,1425,1427,C
5-NP,1401,1430,0,0,0,1430,A
5-NP,1402,0,0,1446,0,1446,G
5-NP,1403,1448,0,0,0,1448,A
5-NP,1404,1,0,0,1426,1427,C
5-NP,1405,1,0,1430,0,1431,G
5-NP,1406,1382,1,3,1,1387,A
5-NP,1407,0,0,1387,0,1387,G
5-NP,1408,1374,0,4,0,1378,A
5-NP,1409,1376,0,3,0,1379,A
5-NP,1410,0,0,1383,0,1383,G
5-NP,1411,0,0,1357,0,1357,G
5-NP,1412,0,0,0,1369,1369,C
5-NP,1413,1360,0,1,0,1361,A
5-NP,1414,1358,0,3,0,1361,A
5-NP,1415,0,0,0,1359,1359,C
5-NP,1416,0,1,1352,0,1353,G
5-NP,1417,1364,0,1,0,1365,A
5-NP,1418,1363,0,2,0,1365,A
5-NP,1419,0,1,0,1355,1356,C
5-NP,1420,1,0,0,1349,1350,C
5-NP,1421,2,0,0,1307,1309,C
5-NP,1422,0,0,1304,0,1304,G
5-NP,1423,1297,0,1,0,1298,A
5-NP,1424,1,1301,1,2,1305,T
5-NP,1425,1,0,0,1292,1293,C
5-NP,1426,0,1,1282,0,1283,G
5-NP,1427,0,1270,0,0,1270,T
5-NP,1428,0,1,1271,0,1272,G
5-NP,1429,1,0,0,1259,1260,C
5-NP,1430,1,0,0,1254,1255,C
5-NP,1431,3,1,0,1244,1248,C
5-NP,1432,0,1207,0,6,1213,T
5-NP,1433,1,0,0,1269,1270,C
5-NP,1434,0,1254,0,3,1257,T
5-NP,1435,0,1255,1,0,1256,T
5-NP,1436,0,1254,0,0,1254,T
5-NP,1437,0,1246,0,0,1246,T
5-NP,1438,1,0,1249,0,1250,G
5-NP,1439,1235,0,0,0,1235,A
5-NP,1440,0,1230,0,1,1231,T
5-NP,1441,1232,0,0,0,1232,A
5-NP,1442,0,995,0,2,997,T
5-NP,1443,0,0,1009,1,1010,G
5-NP,1444,997,0,2,0,999,A
5-NP,1445,0,0,1005,0,1005,G
5-NP,1446,0,1004,0,0,1004,T
5-NP,1447,972,0,0,0,972,A
5-NP,1448,972,0,0,0,972,A
5-NP,1449,0,969,0,1,970,T
5-NP,1450,0,0,966,0,966,G
5-NP,1451,970,0,1,0,971,A
5-NP,1452,851,0,0,0,851,A
5-NP,1453,0,0,855,0,855,G
5-NP,1454,1,0,774,0,775,G
5-NP,1455,762,0,4,0,766,A
5-NP,1456,0,757,0,2,759,T
5-NP,1457,0,0,0,758,758,C
5-NP,1458,0,742,0,2,744,T
5-NP,1459,0,740,0,1,741,T
5-NP,1460,742,0,0,0,742,A
5-NP,1461,0,739,0,1,740,T
5-NP,1462,0,726,0,0,726,T
5-NP,1463,0,711,0,1,712,T
5-NP,1464,0,0,0,695,695,C
5-NP,1465,0,641,0,2,643,T
5-NP,1466,0,641,0,0,641,T
5-NP,1467,0,0,0,642,642,C
5-NP,1468,0,1,634,0,635,G
5-NP,1469,0,0,634,0,634,G
5-NP,1470,621,0,3,0,624,A
5-NP,1471,0,0,633,0,633,G
5-NP,1472,624,0,2,0,626,A
5-NP,1473,0,0,0,615,615,C
5-NP,1474,592,0,0,0,592,A
5-NP,1475,593,0,0,0,593,A
5-NP,1476,0,592,0,0,592,T
5-NP,1477,0,0,591,0,591,G
5-NP,1478,0,1,0,588,589,C
5-NP,1479,572,0,1,0,573,A
5-NP,1480,0,0,573,0,573,G
5-NP,1481,570,0,2,0,572,A
5-NP,1482,528,0,0,0,528,A
5-NP,1483,0,1,529,0,530,G
5-NP,1484,360,0,0,0,360,A
5-NP,1485,0,0,359,0,359,G
5-NP,1486,0,321,0,0,321,T
5-NP,1487,322,0,0,0,322,A
5-NP,1488,0,0,0,322,322,C
5-NP,1489,0,0,297,0,297,G
5-NP,1490,296,0,0,0,296,A
5-NP,1491,0,0,0,297,297,C
5-NP,1492,219,0,0,0,219,A
5-NP,1493,219,0,0,0,219,A
5-NP,1494,0,187,0,0,187,T
5-NP,1495,0,176,0,0,176,T
5-NP,1496,173,0,0,0,173,A
5-NP,1497,163,0,0,0,163,A
6-NA,1,60,0,0,0,60,A
6-NA,2,0,61,0,0,61,T
6-NA,3,0,0,60,0,60,G
6-NA,4,59,0,2,0,61,A
6-NA,5,65,0,0,0,65,A
6-NA,6,0,65,0,0,65,T
6-NA,7,0,0,0,65,65,C
6-NA,8,0,0,0,65,65,C
6-NA,9,65,0,0,0,65,A
6-NA,10,70,0,0,0,70,A
6-NA,11,68,0,0,0,68,A
6-NA,12,0,73,0,0,73,T
6-NA,13,0,0,0,73,73,C
6-NA,14,73,0,0,0,73,A
6-NA,15,72,0,0,0,72,A
6-NA,16,73,0,0,0,73,A
6-NA,17,78,0,0,0,78,A
6-NA,18,0,0,88,0,88,G
6-NA,19,92,0,0,0,92,A
6-NA,20,0,92,0,0,92,T
6-NA,21,93,0,0,0,93,A
6-NA,22,93,0,0,0,93,A
6-NA,23,0,93,0,0,93,T
6-NA,24,90,0,1,1,92,A
6-NA,25,93,0,0,0,93,A
6-NA,26,0,0,0,96,96,C
6-NA,27,0,0,96,0,96,G
6-NA,28,96,0,0,0,96,A
6-NA,29,0,96,0,0,96,T
6-NA,30,0,96,0,0,96,T
6-NA,31,0,0,96,0,96,G
6-NA,32,0,0,113,0,113,G
6-NA,33,0,0,0,115,115,C
6-NA,34,0,115,0,0,115,T
6-NA,35,0,0,0,121,121,C
6-NA,36,0,121,0,1,122,T
6-NA,37,0,0,129,0,129,G
6-NA,38,0,128,0,1,129,T
6-NA,39,0,127,0,1,128,T
6-NA,40,0,135,0,1,136,T
6-NA,41,0,0,0,143,143,C
6-NA,42,0,142,0,0,142,T
6-NA,43,0,0,0,146,146,C
6-NA,44,0,146,0,0,146,T
6-NA,45,0,0,0,147,147,C
6-NA,46,148,0,0,0,148,A
6-NA,47,0,0,0,158,158,C
6-NA,48,0,0,0,161,161,C
6-NA,49,159,0,0,0,159,A
6-NA,50,0,164,0,0,164,T
6-NA,51,0,167,0,0,167,T
6-NA,52,0,169,0,0,169,T
6-NA,53,0,0,0,179,179,C
6-NA,54,0,1,0,181,182,C
6-NA,55,185,0,0,0,185,A
6-NA,56,0,1,0,194,195,C
6-NA,57,198,0,0,0,198,A
6-NA,58,219,0,0,0,219,A
6-NA,59,0,219,0,0,219,T
6-NA,60,231,0,0,0,231,A
6-NA,61,0,232,0,0,232,T
6-NA,62,1,0,231,0,232,G
6-NA,63,0,0,0,233,233,C
6-NA,64,0,232,0,0,232,T
6-NA,65,0,238,0,1,239,T
6-NA,66,0,0,0,239,239,C
6-NA,67,0,238,0,0,238,T
6-NA,68,0,236,0,0,236,T
6-NA,69,0,0,0,236,236,C
6-NA,70,234,0,0,0,234,A
6-NA,71,0,235,0,1,236,T
6-NA,72,0,0,237,0,237,G
6-NA,73,0,0,0,238,238,C
6-NA,74,237,0,0,0,237,A
6-NA,75,237,0,0,0,237,A
6-NA,76,238,0,0,0,238,A
6-NA,77,0,248,0,0,248,T
6-NA,78,0,249,0,0,249,T
6-NA,79,0,0,251,0,251,G
6-NA,80,0,1,0,249,250,C
6-NA,81,0,0,0,252,252,C
6-NA,82,252,0,0,0,252,A
6-NA,83,0,255,0,1,256,T
6-NA,84,0,0,0,285,285,C
6-NA,85,0,286,0,0,286,T
6-NA,86,0,285,0,0,285,T
6-NA,87,1,0,294,0,295,G
6-NA,88,295,0,1,0,296,A
6-NA,89,0,296,0,0,296,T
6-NA,90,298,0,0,0,298,A
6-NA,91,296,0,1,0,297,A
6-NA,92,0,0,0,339,339,C
6-NA,93,0,335,0,0,335,T
6-NA,94,336,0,0,0,336,A
6-NA,95,0,1,0,358,359,C
6-NA,96,0,352,0,0,352,T
6-NA,97,0,0,363,0,363,G
6-NA,98,0,365,0,0,365,T
6-NA,99,365,0,0,0,365,A
6-NA,100,369,0,2,0,371,A
6-NA,101,0,0,0,366,366,C
6-NA,102,361,0,0,0,361,A
6-NA,103,0,361,0,1,362,T
6-NA,104,0,349,0,0,349,T
6-NA,105,0,0,350,0,350,G
6-NA,106,0,0,0,352,352,C
6-NA,107,358,0,0,0,358,A
6-NA,108,0,361,2,0,363,T
6-NA,109,0,362,0,0,362,T
6-NA,110,0,358,0,1,359,T
6-NA,111,0,0,0,362,362,C
6-NA,112,362,0,0,0,362,A
6-NA,113,364,0,0,0,364,A
6-NA,114,0,0,362,0,362,G
6-NA,115,0,0,0,366,366,C
6-NA,116,361,0,0,0,361,A
6-NA,117,378,0,1,0,379,A
6-NA,118,0,381,0,0,381,T
6-NA,119,383,0,0,0,383,A
6-NA,120,0,384,0,0,384,T
6-NA,121,0,0,391,0,391,G
6-NA,122,391,0,0,0,391,A
6-NA,123,403,0,0,0,403,A
6-NA,124,0,401,0,0,401,T
6-NA,125,0,398,0,0,398,T
6-NA,126,0,0,0,400,400,C
6-NA,127,399,0,1,0,400,A
6-NA,128,403,0,1,0,404,A
6-NA,129,0,0,0,404,404,C
6-NA,130,0,390,0,1,391,T
6-NA,131,0,1,0,394,395,C
6-NA,132,1,0,0,399,400,C
6-NA,133,2,0,0,410,412,C
6-NA,134,0,0,0,411,411,C
6-NA,135,1,0,0,413,414,C
6-NA,136,0,1,0,416,417,C
6-NA,137,1,0,0,416,417,C
6-NA,138,419,0,1,0,420,A
6-NA,139,417,0,0,0,417,A
6-NA,140,420,0,0,0,420,A
6-NA,141,0,0,0,437,437,C
6-NA,142,430,0,0,0,430,A
6-NA,143,440,0,0,0,440,A
6-NA,144,0,2,0,442,444,C
6-NA,145,0,1,0,439,440,C
6-NA,146,444,1,0,0,445,A
6-NA,147,446,0,0,0,446,A
6-NA,148,0,0,459,0,459,G
6-NA,149,0,459,0,0,459,T
6-NA,150,0,0,458,0,458,G
6-NA,151,459,0,0,0,459,A
6-NA,152,0,462,0,1,463,T
6-NA,153,1,0,458,0,459,G
6-NA,154,0,0,0,464,464,C
6-NA,155,0,452,0,1,453,T
6-NA,156,1,0,483,0,484,G
6-NA,157,0,472,0,1,473,T
6-NA,158,0,0,474,0,474,G
6-NA,159,1,474,0,1,476,T
6-NA,160,0,0,467,0,467,G
6-NA,161,466,0,2,0,468,A
6-NA,162,473,0,2,0,475,A
6-NA,163,0,0,0,475,475,C
6-NA,164,0,0,0,471,471,C
6-NA,165,451,0,4,0,455,A
6-NA,166,457,0,0,0,457,A
6-NA,167,0,0,0,469,469,C
6-NA,168,466,0,0,0,466,A
6-NA,169,467,0,0,0,467,A
6-NA,170,0,463,0,0,463,T
6-NA,171,469,0,0,0,469,A
6-NA,172,468,0,0,0,468,A
6-NA,173,1,465,0,0,466,T
6-NA,174,460,0,0,0,460,A
6-NA,175,0,0,469,0,469,G
6-NA,176,458,0,0,0,458,A
6-NA,177,460,0,0,0,460,A
6-NA,178,452,0,2,0,454,A
6-NA,179,0,0,455,0,455,G
6-NA,180,471,0,1,0,472,A
6-NA,181,474,0,0,0,474,A
6-NA,182,502,0,1,0,503,A
6-NA,183,0,0,0,507,507,C
6-NA,184,509,0,0,0,509,A
6-NA,185,0,509,0,0,509,T
6-NA,186,514,0,1,0,515,A
6-NA,187,515,0,1,1,517,A
6-NA,188,0,0,0,522,522,C
6-NA,189,513,0,0,0,513,A
6-NA,190,0,0,537,0,537,G
6-NA,191,508,0,1,0,509,A
6-NA,192,0,0,515,0,515,G
6-NA,193,513,0,1,0,514,A
6-NA,194,0,536,1,0,537,T
6-NA,195,535,0,0,0,535,A
6-NA,196,0,0,553,0,553,G
6-NA,197,0,541,0,0,541,T
6-NA,198,0,0,560,0,560,G
6-NA,199,0,558,0,2,560,T
6-NA,200,560,0,1,0,561,A
6-NA,201,0,557,0,0,557,T
6-NA,202,0,0,0,560,560,C
6-NA,203,0,550,0,0,550,T
6-NA,204,0,2,581,0,583,G
6-NA,205,578,1,2,1,582,A
6-NA,206,1,0,0,584,585,C
6-NA,207,0,0,0,585,585,C
6-NA,208,579,0,1,0,580,A
6-NA,209,583,0,0,0,583,A
6-NA,210,0,0,0,592,592,C
6-NA,211,587,0,0,0,587,A
6-NA,212,0,0,0,625,625,C
6-NA,213,1,0,0,614,615,C
6-NA,214,635,0,1,0,636,A
6-NA,215,0,0,0,657,657,C
6-NA,216,0,0,0,658,658,C
6-NA,217,657,0,0,0,657,A
6-NA,218,0,659,0,0,659,T
6-NA,219,643,0,2,1,646,A
6-NA,220,0,0,653,0,653,G
6-NA,221,637,0,2,0,639,A
6-NA,222,0,0,653,0,653,G
6-NA,223,643,0,1,0,644,A
6-NA,224,639,0,1,0,640,A
6-NA,225,0,0,649,0,649,G
6-NA,226,0,0,654,0,654,G
6-NA,227,651,0,0,0,651,A
6-NA,228,659,0,0,0,659,A
6-NA,229,656,0,0,0,656,A
6-NA,230,3,656,0,1,660,T
6-NA,231,651,0,0,0,651,A
6-NA,232,1,648,0,1,650,T
6-NA,233,0,0,655,0,655,G
6-NA,234,0,0,0,664,664,C
6-NA,235,0,1,0,648,649,C
6-NA,236,2,1,0,658,661,C
6-NA,237,1,0,0,658,659,C
6-NA,238,658,0,0,0,658,A
6-NA,239,668,0,0,0,668,A
6-NA,240,671,0,0,0,671,A
6-NA,241,0,0,0,671,671,C
6-NA,242,0,671,0,1,672,T
6-NA,243,668,0,0,0,668,A
6-NA,244,0,0,667,0,667,G
6-NA,245,0,0,0,665,665,C
6-NA,246,663,1,1,0,665,A
6-NA,247,0,1,689,0,690,G
6-NA,248,681,0,1,0,682,A
6-NA,249,698,0,0,1,699,A
6-NA,250,0,701,0,0,701,T
6-NA,251,699,0,0,0,699,A
6-NA,252,0,0,0,700,700,C
6-NA,253,697,0,0,0,697,A
6-NA,254,1,0,698,0,699,G
6-NA,255,700,0,0,0,700,A
6-NA,256,695,0,0,0,695,A
6-NA,257,697,0,1,0,698,A
6-NA,258,0,687,1,0,688,T
6-NA,259,0,682,0,0,682,T
6-NA,260,0,1,689,0,690,G
6-NA,261,0,0,694,0,694,G
6-NA,262,0,703,0,0,703,T
6-NA,263,1,0,0,699,700,C
6-NA,264,697,0,0,0,697,A
6-NA,265,702,0,0,0,702,A
6-NA,266,697,0,2,0,699,A
6-NA,267,3,0,704,0,707,G
6-NA,268,0,0,0,709,709,C
6-NA,269,0,0,0,702,702,C
6-NA,270,3,0,696,0,699,G
6-NA,271,0,0,0,710,710,C
6-NA,272,714,0,0,0,714,A
6-NA,273,723,0,0,0,723,A
6-NA,274,0,724,0,0,724,T
6-NA,275,0,0,728,0,728,G
6-NA,276,0,723,0,3,726,T
6-NA,277,0,0,723,0,723,G
6-NA,278,733,0,1,0,734,A
6-NA,279,0,0,0,738,738,C
6-NA,280,733,0,0,0,733,A
6-NA,281,0,730,0,1,731,T
6-NA,282,0,728,0,0,728,T
6-NA,283,732,0,1,0,733,A
6-NA,284,0,0,0,732,732,C
6-NA,285,730,0,0,0,730,A
6-NA,286,0,0,730,0,730,G
6-NA,287,1,0,729,0,730,G
6-NA,288,724,0,1,0,725,A
6-NA,289,0,720,0,0,720,T
6-NA,290,0,711,0,1,712,T
6-NA,291,0,712,0,0,712,T
6-NA,292,0,0,714,0,714,G
6-NA,293,0,1,0,713,714,C
6-NA,294,715,0,1,0,716,A
6-NA,295,0,1,0,721,722,C
6-NA,296,0,0,0,711,711,C
6-NA,297,0,713,0,0,713,T
6-NA,298,0,712,0,1,713,T
6-NA,299,0,712,0,0,712,T
6-NA,300,0,712,1,0,713,T
6-NA,301,0,724,0,0,724,T
6-NA,302,0,0,0,725,725,C
6-NA,303,0,726,0,0,726,T
6-NA,304,721,0,0,0,721,A
6-NA,305,715,1,0,0,716,A
6-NA,306,0,0,734,0,734,G
6-NA,307,0,0,737,0,737,G
6-NA,308,721,0,1,0,722,A
6-NA,309,0,0,0,727,727,C
6-NA,310,718,0,1,0,719,A
6-NA,311,722,0,0,0,722,A
6-NA,312,0,722,0,1,723,T
6-NA,313,0,724,0,0,724,T
6-NA,314,0,0,0,729,729,C
6-NA,315,0,1,730,0,731,G
6-NA,316,728,0,1,1,730,A
6-NA,317,0,727,0,0,727,T
6-NA,318,0,722,0,1,723,T
6-NA,319,730,0,0,0,730,A
6-NA,320,0,0,731,0,731,G
6-NA,321,0,0,740,0,740,G
6-NA,322,0,0,0,740,740,C
6-NA,323,0,709,0,0,709,T
6-NA,324,0,708,0,0,708,T
6-NA,325,0,712,0,0,712,T
6-NA,326,0,0,0,716,716,C
6-NA,327,0,1,0,713,714,C
6-NA,328,0,0,719,0,719,G
6-NA,329,0,1,0,720,721,C
6-NA,330,0,708,0,0,708,T
6-NA,331,0,1,731,0,732,G
6-NA,332,1,0,735,0,736,G
6-NA,333,0,727,0,1,728,T
6-NA,334,0,0,729,0,729,G
6-NA,335,0,0,727,0,727,G
6-NA,336,0,0,733,0,733,G
6-NA,337,1,0,742,0,743,G
6-NA,338,737,0,2,0,739,A
6-NA,339,0,0,0,751,751,C
6-NA,340,721,0,0,0,721,A
6-NA,341,0,723,0,0,723,T
6-NA,342,0,0,0,721,721,C
6-NA,343,2,716,0,1,719,T
6-NA,344,0,0,730,0,730,G
6-NA,345,1,0,735,0,736,G
6-NA,346,0,0,742,0,742,G
6-NA,347,0,740,0,2,742,T
6-NA,348,1,0,736,0,737,G
6-NA,349,735,0,0,0,735,A
6-NA,350,0,0,0,772,772,C
6-NA,351,778,0,0,0,778,A
6-NA,352,833,0,1,0,834,A
6-NA,353,0,0,864,0,864,G
6-NA,354,858,0,0,0,858,A
6-NA,355,0,0,933,0,933,G
6-NA,356,972,0,1,0,973,A
6-NA,357,1089,0,1,1,1091,A
6-NA,358,0,0,0,1586,1586,C
6-NA,359,0,0,0,1757,1757,C
6-NA,360,0,1744,0,1,1745,T
6-NA,361,2,1757,0,2,1761,T
6-NA,362,1771,0,0,0,1771,A
6-NA,363,0,1781,0,1,1782,T
6-NA,364,1,0,1898,0,1899,G
6-NA,365,1,1906,0,0,1907,T
6-NA,366,0,0,1960,0,1960,G
6-NA,367,0,1938,0,2,1940,T
6-NA,368,1,1,1,1924,1927,C
6-NA,369,1965,0,1,15,1981,A
6-NA,370,0,1993,0,5,1998,T
6-NA,371,0,1,1982,0,1983,G
6-NA,372,0,0,0,1995,1995,C
6-NA,373,1,0,1992,0,1993,G
6-NA,374,2410,0,3,0,2413,A
6-NA,375,0,2409,0,3,2412,T
6-NA,376,1,1,0,2493,2495,C
6-NA,377,0,0,0,2510,2510,C
6-NA,378,1,2610,0,5,2616,T
6-NA,379,1,1,2686,0,2688,G
6-NA,380,2686,1,3,1,2691,A
6-NA,381,0,1,0,2694,2695,C
6-NA,382,2686,0,3,0,2689,A
6-NA,383,2689,0,4,0,2693,A
6-NA,384,0,1,2944,0,2945,G
6-NA,385,0,2940,0,2,2942,T
6-NA,386,2,0,2988,0,2990,G
6-NA,387,0,2982,0,3,2985,T
6-NA,388,0,2971,0,5,2976,T
6-NA,389,2982,1,0,1,2984,A
6-NA,390,0,2986,0,4,2990,T
6-NA,391,2,1,0,3076,3079,C
6-NA,392,3081,0,2,0,3083,A
6-NA,393,3077,0,2,1,3080,A
6-NA,394,0,3067,1,5,3073,T
6-NA,395,1,3062,0,3,3066,T
6-NA,396,0,3062,0,1,3063,T
6-NA,397,1,0,3075,0,3076,G
6-NA,398,0,1,0,3351,3352,C
6-NA,399,1,1,0,3341,3343,C
6-NA,400,2,2,0,3354,3358,C
6-NA,401,1,3348,0,9,3358,T
6-NA,402,0,3355,1,2,3358,T
6-NA,403,1,2,3440,0,3443,G
6-NA,404,0,0,3454,1,3455,G
6-NA,405,3469,0,3,0,3472,A
6-NA,406,0,0,0,3479,3479,C
6-NA,407,3431,1,8,1,3441,A
6-NA,408,0,1,3747,0,3748,G
6-NA,409,0,0,3762,0,3762,G
6-NA,410,1,3,4089,0,4093,G
6-NA,411,4082,1,12,1,4096,A
6-NA,412,4092,0,11,0,4103,A
6-NA,413,0,0,0,4134,4134,C
6-NA,414,4127,0,5,1,4133,A
6-NA,415,4872,0,5,0,4877,A
6-NA,416,8,3,0,4918,4929,C
6-NA,417,4908,2,6,0,4916,A
6-NA,418,0,3,0,4981,4984,C
6-NA,419,0,4862,0,5,4867,T
6-NA,420,4933,0,1,0,4934,A
6-NA,421,4924,0,1,1,4926,A
6-NA,422,4924,0,5,1,4930,A
6-NA,423,0,0,0,4950,4950,C
6-NA,424,4777,1,2,0,4780,A
6-NA,425,4798,0,0,0,4798,A
6-NA,426,0,3,0,4810,4813,C
6-NA,427,4,0,4817,0,4821,G
6-NA,428,2,4805,0,1,4808,T
6-NA,429,1,0,4800,0,4801,G
6-NA,430,0,4,0,4850,4854,C
6-NA,431,4856,0,4,0,4860,A
6-NA,432,0,4870,1,3,4874,T
6-NA,433,1,4870,0,1,4872,T
6-NA,434,3,0,0,5203,5206,C
6-NA,435,5422,3,1,0,5426,A
6-NA,436,5496,0,1,0,5497,A
6-NA,437,5489,1,0,0,5490,A
6-NA,438,0,5491,0,1,5492,T
6-NA,439,5450,0,2,0,5452,A
6-NA,440,5800,0,4,0,5804,A
6-NA,441,0,2,0,5885,5887,C
6-NA,442,5878,0,5,0,5883,A
6-NA,443,0,1,0,6058,6059,C
6-NA,444,5880,0,8,3,5891,A
6-NA,445,12,1,7197,0,7210,G
6-NA,446,0,7193,1,0,7194,T
6-NA,447,7269,1,5,1,7276,A
6-NA,448,0,1,0,7292,7293,C
6-NA,449,2,0,7264,0,7266,G
6-NA,450,0,7541,1,5,7547,T
6-NA,451,1,4,7533,0,7538,G
6-NA,452,7532,3,8,2,7545,A
6-NA,453,0,7595,0,0,7595,T
6-NA,454,7172,2,10,0,7184,A
6-NA,455,1,1,7189,0,7191,G
6-NA,456,0,5,7139,0,7144,G
6-NA,457,7164,1,12,0,7177,A
6-NA,458,2,3,0,7274,7279,C
6-NA,459,1,1,1,7090,7093,C
6-NA,460,2,0,1,7184,7187,C
6-NA,461,8,2,0,7168,7178,C
6-NA,462,0,7195,1,6,7202,T
6-NA,463,0,7271,0,3,7274,T
6-NA,464,7298,0,0,0,7298,A
6-NA,465,0,7280,1,5,7286,T
6-NA,466,1,4,1,7291,7297,C
6-NA,467,2,3,7244,0,7249,G
6-NA,468,3,3,7238,0,7244,G
6-NA,469,7247,1,11,2,7261,A
6-NA,470,0,0,0,7327,7327,C
6-NA,471,4,3,0,7255,7262,C
6-NA,472,2,0,1,7626,7629,C
6-NA,473,1,7597,1,5,7604,T
6-NA,474,7705,1,2,4,7712,A
6-NA,475,0,7731,0,3,7734,T
6-NA,476,0,7734,0,2,7736,T
6-NA,477,2,3,7745,0,7750,G
6-NA,478,7739,0,9,0,7748,A
6-NA,479,5,7741,0,4,7750,T
6-NA,480,1,1,7779,1,7782,G
6-NA,481,7481,1,6,6,7494,A
6-NA,482,7493,0,11,1,7505,A
6-NA,483,0,7520,0,1,7521,T
6-NA,484,2,2,7731,0,7735,G
6-NA,485,7777,2,10,0,7789,A
6-NA,486,2,0,7957,0,7959,G
6-NA,487,2,7921,0,3,7926,T
6-NA,488,0,7924,1,6,7931,T
6-NA,489,7959,1,17,1,7978,A
6-NA,490,0,4,7989,1,7994,G
6-NA,491,1,2,8021,1,8025,G
6-NA,492,0,7998,1,16,8015,T
6-NA,493,5,1,7976,0,7982,G
6-NA,494,1,7896,1,10,7908,T
6-NA,495,6,7837,1,13,7857,T
6-NA,496,2,4,0,7906,7912,C
6-NA,497,2,3,0,7970,7975,C
6-NA,498,1,7907,0,7,7915,T
6-NA,499,0,7901,1,11,7913,T
6-NA,500,2,7863,0,4,7869,T
6-NA,501,0,7862,0,4,7866,T
6-NA,502,2,1,0,7889,7892,C
6-NA,503,7873,1,2,0,7876,A
6-NA,504,4,7981,0,5,7990,T
6-NA,505,0,1,0,8000,8001,C
6-NA,506,0,7896,2,7,7905,T
6-NA,507,3,8,7883,0,7894,G
6-NA,508,6,7,7848,0,7861,G
6-NA,509,11,6,7848,1,7866,G
6-NA,510,1,6,7964,0,7971,G
6-NA,511,7978,2,14,1,7995,A
6-NA,512,0,2,1,8075,8078,C
6-NA,513,3,1,0,7950,7954,C
6-NA,514,8237,1,6,0,8244,A
6-NA,515,8252,1,15,2,8270,A
6-NA,516,2,0,8280,0,8282,G
6-NA,517,1,0,0,8292,8293,C
6-NA,518,8274,5,6,1,8286,A
6-NA,519,8568,1,15,1,8585,A
6-NA,520,1,1,8731,0,8733,G
6-NA,521,2,8683,0,4,8689,T
6-NA,522,5,1,8895,1,8902,G
6-NA,523,0,8798,0,7,8805,T
6-NA,524,5,1,9005,0,9011,G
6-NA,525,0,19,0,9000,9019,C
6-NA,526,8990,2,7,1,9000,A
6-NA,527,1,9078,0,8,9087,T
6-NA,528,8596,2,3,0,8601,A
6-NA,529,1,1,8889,0,8891,G
6-NA,530,1,3,0,8871,8875,C
6-NA,531,8674,1,5,1,8681,A
6-NA,532,0,8676,0,10,8686,T
6-NA,533,4,2,8342,0,8348,G
6-NA,534,4,1,8751,0,8756,G
6-NA,535,2,8784,1,11,8798,T
6-NA,536,7,4,0,8695,8706,C
6-NA,537,5,3,0,8711,8719,C
6-NA,538,8381,0,12,0,8393,A
6-NA,539,2,0,8516,0,8518,G
6-NA,540,0,2,0,8524,8526,C
6-NA,541,1,8438,0,18,8457,T
6-NA,542,7,0,0,8509,8516,C
6-NA,543,8218,1,3,0,8222,A
6-NA,544,8244,2,11,0,8257,A
6-NA,545,1,2,8276,1,8280,G
6-NA,546,1,8268,0,6,8275,T
6-NA,547,0,8187,1,10,8198,T
6-NA,548,0,0,8175,0,8175,G
6-NA,549,4,8132,1,6,8143,T
6-NA,550,2,7,0,8118,8127,C
6-NA,551,8149,1,8,1,8159,A
6-NA,552,1,2,0,8182,8185,C
6-NA,553,1,3,8145,0,8149,G
6-NA,554,8192,0,9,0,8201,A
6-NA,555,1,8247,0,12,8260,T
6-NA,556,5,2,8409,1,8417,G
6-NA,557,1,2,8456,0,8459,G
6-NA,558,8422,2,16,0,8440,A
6-NA,559,8452,0,13,1,8466,A
6-NA,560,8551,2,13,1,8567,A
6-NA,561,8549,2,20,0,8571,A
6-NA,562,2,0,8707,1,8710,G
6-NA,563,1,0,0,8667,8668,C
6-NA,564,8628,0,11,0,8639,A
6-NA,565,1,8621,0,6,8628,T
6-NA,566,2,3,8699,0,8704,G
6-NA,567,6,4,8748,0,8758,G
6-NA,568,3,3,0,8832,8838,C
6-NA,569,2,8791,1,18,8812,T
6-NA,570,2,0,8830,0,8832,G
6-NA,571,1,1,0,8788,8790,C
6-NA,572,8811,0,3,0,8814,A
6-NA,573,1,9143,1,1,9146,T
6-NA,574,2,4,9167,0,9173,G
6-NA,575,1,9054,0,4,9059,T
6-NA,576,1,9164,0,14,9179,T
6-NA,577,1,9123,0,12,9136,T
6-NA,578,5,1,9617,0,9623,G
6-NA,579,2,9573,0,10,9585,T
6-NA,580,9588,1,1,0,9590,A
6-NA,581,2,9589,0,3,9594,T
6-NA,582,9326,0,6,0,9332,A
6-NA,583,9363,0,11,1,9375,A
6-NA,584,1,4,1,9318,9324,C
6-NA,585,4,5,9191,1,9201,G
6-NA,586,1,3,9208,0,9212,G
6-NA,587,2,9,8969,0,8980,G
6-NA,588,0,2,8996,1,8999,G
6-NA,589,1,3,9020,0,9024,G
6-NA,590,8949,5,16,2,8972,A
6-NA,591,0,9009,1,7,9017,T
6-NA,592,2,5,9044,0,9051,G
6-NA,593,9088,3,15,0,9106,A
6-NA,594,0,9143,0,2,9145,T
6-NA,595,9102,0,9,0,9111,A
6-NA,596,9212,1,7,2,9222,A
6-NA,597,9238,0,1,1,9240,A
6-NA,598,9235,0,4,0,9239,A
6-NA,599,9295,0,7,1,9303,A
6-NA,600,4,9296,0,4,9304,T
6-NA,601,1,4,9283,0,9288,G
6-NA,602,0,3,0,9247,9250,C
6-NA,603,9209,2,14,0,9225,A
6-NA,604,9258,1,15,0,9274,A
6-NA,605,0,0,0,9411,9411,C
6-NA,606,2,9392,0,6,9400,T
6-NA,607,1,0,9436,1,9438,G
6-NA,608,3,1,0,9420,9424,C
6-NA,609,2,9425,1,9,9437,T
6-NA,610,9431,0,12,0,9443,A
6-NA,611,2,2,9439,0,9443,G
6-NA,612,1,4,0,9483,9488,C
6-NA,613,2,9458,0,16,9476,T
6-NA,614,4,9414,0,12,9430,T
6-NA,615,4,0,1,9522,9527,C
6-NA,616,9575,1,3,0,9579,A
6-NA,617,0,9577,1,3,9581,T
6-NA,618,2,9572,0,5,9579,T
6-NA,619,0,9620,0,0,9620,T
6-NA,620,9624,2,4,0,9630,A
6-NA,621,1,4,1,9705,9711,C
6-NA,622,9622,2,4,0,9628,A
6-NA,623,9699,1,9,0,9709,A
6-NA,624,0,9622,1,3,9626,T
6-NA,625,1,7,9625,0,9633,G
6-NA,626,2,5,9600,0,9607,G
6-NA,627,1,1,9603,0,9605,G
6-NA,628,9530,3,23,0,9556,A
6-NA,629,0,1,10069,0,10070,G
6-NA,630,6,2,10140,0,10148,G
6-NA,631,2,1,0,10696,10699,C
6-NA,632,1,10653,2,20,10676,T
6-NA,633,2,10693,2,6,10703,T
6-NA,634,0,0,10860,0,10860,G
6-NA,635,2,10841,1,7,10851,T
6-NA,636,11082,2,11,1,11096,A
6-NA,637,1,2,11189,1,11193,G
6-NA,638,10904,3,19,2,10928,A
6-NA,639,0,11006,1,5,11012,T
6-NA,640,10344,4,3,0,10351,A
6-NA,641,1,0,11076,0,11077,G
6-NA,642,2,11029,1,14,11046,T
6-NA,643,10943,0,30,0,10973,A
6-NA,644,1,10975,0,5,10981,T
6-NA,645,2,10685,0,8,10695,T
6-NA,646,8,0,10918,0,10926,G
6-NA,647,1,10848,0,17,10866,T
6-NA,648,2,10793,0,11,10806,T
6-NA,649,1,10794,0,16,10811,T
6-NA,650,2,1,0,10337,10340,C
6-NA,651,10293,4,11,0,10308,A
6-NA,652,1,10302,0,5,10308,T
6-NA,653,0,7,10264,0,10271,G
6-NA,654,1,3,10839,1,10844,G
6-NA,655,2,10601,1,20,10624,T
6-NA,656,3,1,0,10567,10571,C
6-NA,657,6,8,1,10581,10596,C
6-NA,658,10657,1,3,0,10661,A
6-NA,659,10706,1,7,1,10715,A
6-NA,660,10708,1,19,0,10728,A
6-NA,661,3,1,10745,0,10749,G
6-NA,662,10677,3,10,0,10690,A
6-NA,663,10272,0,13,0,10285,A
6-NA,664,10275,3,18,1,10297,A
6-NA,665,1,10285,2,2,10290,T
6-NA,666,1,7,0,10758,10766,C
6-NA,667,8,1,0,10742,10751,C
6-NA,668,3,10647,3,14,10667,T
6-NA,669,2,2,1,10744,10749,C
6-NA,670,10731,3,16,0,10750,A
6-NA,671,4,1,10938,1,10944,G
6-NA,672,4,3,10926,0,10933,G
6-NA,673,11199,1,17,0,11217,A
6-NA,674,1,2,0,11200,11203,C
6-NA,675,2,7,1,10965,10975,C
6-NA,676,2,4,0,11024,11030,C
6-NA,677,11035,0,16,0,11051,A
6-NA,678,1,3,11072,0,11076,G
6-NA,679,1,5,11080,0,11086,G
6-NA,680,11011,4,15,0,11030,A
6-NA,681,3,0,11272,0,11275,G
6-NA,682,1,11081,1,16,11099,T
6-NA,683,5,3,1,11108,11117,C
6-NA,684,11108,2,9,0,11119,A
6-NA,685,0,2,11206,1,11209,G
6-NA,686,11126,0,12,4,11142,A
6-NA,687,11182,2,3,2,11189,A
6-NA,688,1,11123,0,8,11132,T
6-NA,689,2,2,11213,0,11217,G
6-NA,690,0,6,1,11185,11192,C
6-NA,691,5,0,11276,0,11281,G
6-NA,692,0,11210,3,10,11223,T
6-NA,693,0,11233,1,9,11243,T
6-NA,694,0,11144,0,5,11149,T
6-NA,695,4,3,11247,0,11254,G
6-NA,696,2,11269,2,5,11278,T
6-NA,697,11262,1,9,1,11273,A
6-NA,698,1,11188,1,12,11202,T
6-NA,699,6,2,1,11202,11211,C
6-NA,700,11135,0,11,2,11148,A
6-NA,701,11166,0,4,0,11170,A
6-NA,702,0,11174,0,4,11178,T
6-NA,703,3,2,11159,0,11164,G
6-NA,704,3,2,11254,0,11259,G
6-NA,705,11596,2,14,1,11613,A
6-NA,706,11629,3,17,2,11651,A
6-NA,707,0,9,7,11780,11796,C
6-NA,708,0,11853,0,20,11873,T
6-NA,709,2,11864,0,5,11871,T
6-NA,710,5,0,12271,0,12276,G
6-NA,711,0,12297,0,7,12304,T
6-NA,712,12275,2,10,0,12287,A
6-NA,713,0,4,0,12425,12429,C
6-NA,714,12067,1,14,0,12082,A
6-NA,715,3,1,12887,0,12891,G
6-NA,716,3,12796,0,4,12803,T
6-NA,717,13239,0,4,0,13243,A
6-NA,718,5,1,13326,0,13332,G
6-NA,719,1,13023,0,16,13040,T
6-NA,720,13011,1,8,0,13020,A
6-NA,721,12981,1,12,0,12994,A
6-NA,722,2,13005,0,4,13011,T
6-NA,723,1,3,13048,0,13052,G
6-NA,724,12662,1,9,1,12673,A
6-NA,725,1,4,0,12776,12781,C
6-NA,726,1,12332,0,28,12361,T
6-NA,727,2,2,12420,2,12426,G
6-NA,728,12339,1,21,0,12361,A
6-NA,729,2,12402,1,14,12419,T
6-NA,730,6,10,12414,0,12430,G
6-NA,731,2,2,12330,0,12334,G
6-NA,732,8,5,12357,0,12370,G
6-NA,733,12043,1,30,0,12074,A
6-NA,734,2,0,12102,2,12106,G
6-NA,735,1,11993,0,7,12001,T
6-NA,736,1,1,11998,0,12000,G
6-NA,737,0,4,0,12054,12058,C
6-NA,738,1,12015,1,10,12027,T
6-NA,739,1,12007,0,5,12013,T
6-NA,740,1,1,0,12024,12026,C
6-NA,741,11958,1,25,2,11986,A
6-NA,742,4,3,12038,1,12046,G
6-NA,743,1,1,12051,0,12053,G
6-NA,744,12019,1,3,0,12023,A
6-NA,745,11940,1,13,0,11954,A
6-NA,746,11867,0,14,0,11881,A
6-NA,747,11955,1,30,1,11987,A
6-NA,748,2,1,12095,0,12098,G
6-NA,749,0,5,1,12073,12079,C
6-NA,750,1,12030,1,6,12038,T
6-NA,751,106,4,11913,0,12023,G
6-NA,752,11933,1,10,2,11946,A
6-NA,753,1,12088,0,0,12089,T
6-NA,754,12124,2,8,0,12134,A
6-NA,755,0,3,1,12674,12678,C
6-NA,756,1,12535,0,5,12541,T
6-NA,757,12531,0,1,0,12532,A
6-NA,758,12496,1,8,1,12506,A
6-NA,759,12540,1,6,8,12555,A
6-NA,760,12909,1,5,1,12916,A
6-NA,761,1,12932,0,2,12935,T
6-NA,762,12900,3,7,0,12910,A
6-NA,763,1,0,0,12999,13000,C
6-NA,764,1,12332,0,13,12346,T
6-NA,765,12574,1,5,1,12581,A
6-NA,766,2,12471,3,20,12496,T
6-NA,767,0,12917,0,7,12924,T
6-NA,768,0,4,0,13088,13092,C
6-NA,769,12826,0,5,0,12831,A
6-NA,770,1,12788,0,7,12796,T
6-NA,771,2,12741,0,8,12751,T
6-NA,772,2,2,12809,0,12813,G
6-NA,773,12619,0,28,1,12648,A
6-NA,774,3,2,12704,0,12709,G
6-NA,775,2,5,12665,1,12673,G
6-NA,776,12125,2,10,3,12140,A
6-NA,777,0,9,12413,1,12423,G
6-NA,778,11,9,12403,0,12423,G
6-NA,779,6,2,12461,1,12470,G
6-NA,780,10,4,12498,0,12512,G
6-NA,781,12446,1,18,0,12465,A
6-NA,782,12468,3,15,0,12486,A
6-NA,783,12432,0,15,1,12448,A
6-NA,784,12419,1,13,1,12434,A
6-NA,785,0,12441,2,4,12447,T
6-NA,786,2,3,0,12256,12261,C
6-NA,787,6,0,12377,1,12384,G
6-NA,788,0,12328,0,2,12330,T
6-NA,789,4,12261,0,20,12285,T
6-NA,790,1,1,0,12326,12328,C
6-NA,791,12344,0,4,0,12348,A
6-NA,792,3,12907,0,13,12923,T
6-NA,793,12914,4,5,1,12924,A
6-NA,794,0,2,0,13001,13003,C
6-NA,795,1,12918,2,15,12936,T
6-NA,796,12870,1,19,0,12890,A
6-NA,797,4,0,12866,0,12870,G
6-NA,798,3,5,0,12851,12859,C
6-NA,799,12861,0,15,1,12877,A
6-NA,800,1,4,0,12901,12906,C
6-NA,801,12104,1,4,3,12112,A
6-NA,802,0,12233,1,12,12246,T
6-NA,803,0,12155,0,2,12157,T
6-NA,804,1,1,13163,1,13166,G
6-NA,805,2,13042,0,19,13063,T
6-NA,806,7,3,0,13045,13055,C
6-NA,807,13005,2,48,1,13056,A
6-NA,808,4,1,13055,0,13060,G
6-NA,809,5,6,13056,1,13068,G
6-NA,810,13023,2,2,2,13029,A
6-NA,811,12880,0,17,2,12899,A
6-NA,812,4,0,13314,1,13319,G
6-NA,813,0,12323,0,6,12329,T
6-NA,814,7,1,12387,0,12395,G
6-NA,815,0,4,1,12363,12368,C
6-NA,816,1,12271,1,19,12292,T
6-NA,817,6,4,2,12448,12460,C
6-NA,818,12321,1,12,0,12334,A
6-NA,819,10,1,12584,1,12596,G
6-NA,820,2,1,9,12590,12602,C
6-NA,821,12588,0,8,0,12596,A
6-NA,822,0,12579,0,10,12589,T
6-NA,823,12,0,12951,0,12963,G
6-NA,824,1,12921,1,17,12940,T
6-NA,825,4,6,0,12935,12945,C
6-NA,826,5,4,12918,1,12928,G
6-NA,827,12844,1,6,0,12851,A
6-NA,828,4,3,12822,0,12829,G
6-NA,829,3,5,12851,0,12859,G
6-NA,830,12591,4,20,0,12615,A
6-NA,831,1,3,12793,1,12798,G
6-NA,832,1,12165,0,16,12182,T
6-NA,833,5,1,12165,0,12171,G
6-NA,834,0,5,0,12322,12327,C
6-NA,835,1,12195,1,22,12219,T
6-NA,836,7,4,1,12311,12323,C
6-NA,837,4,3,0,12385,12392,C
6-NA,838,2,12328,0,12,12342,T
6-NA,839,2,1,12365,0,12368,G
6-NA,840,4,5,0,12238,12247,C
6-NA,841,0,12151,2,11,12164,T
6-NA,842,12278,1,7,0,12286,A
6-NA,843,0,11896,1,12,11909,T
6-NA,844,0,2,0,12018,12020,C
6-NA,845,4,3,0,11960,11967,C
6-NA,846,1,11829,1,18,11849,T
6-NA,847,0,1,0,12056,12057,C
6-NA,848,4,6,12035,0,12045,G
6-NA,849,12194,0,11,0,12205,A
6-NA,850,2,12203,0,14,12219,T
6-NA,851,12186,0,4,0,12190,A
6-NA,852,1,12154,2,6,12163,T
6-NA,853,6,2,8,12107,12123,C
6-NA,854,1,1,0,12097,12099,C
6-NA,855,5,11930,1,8,11944,T
6-NA,856,3,3,12057,0,12063,G
6-NA,857,1,1,12097,0,12099,G
6-NA,858,0,12249,1,25,12275,T
6-NA,859,1,2,12259,0,12262,G
6-NA,860,0,12133,0,18,12151,T
6-NA,861,1,5,0,12130,12136,C
6-NA,862,12138,1,18,0,12157,A
6-NA,863,4,0,12192,0,12196,G
6-NA,864,12152,6,14,0,12172,A
6-NA,865,0,12036,1,12,12049,T
6-NA,866,5,0,12053,0,12058,G
6-NA,867,3,11696,1,3,11703,T
6-NA,868,3,0,11686,3,11692,G
6-NA,869,0,11594,1,14,11609,T
6-NA,870,2,3,0,11691,11696,C
6-NA,871,5,11628,1,22,11656,T
6-NA,872,9,1,11669,0,11679,G
6-NA,873,0,12,0,11652,11664,C
6-NA,874,11625,2,16,2,11645,A
6-NA,875,4,1,11671,1,11677,G
6-NA,876,11157,0,17,0,11174,A
6-NA,877,0,2,11243,1,11246,G
6-NA,878,11196,2,26,0,11224,A
6-NA,879,0,3,1,11292,11296,C
6-NA,880,11261,0,9,0,11270,A
6-NA,881,11341,4,11,0,11356,A
6-NA,882,1,7,0,11414,11422,C
6-NA,883,1,11390,0,2,11393,T
6-NA,884,1,3,11393,2,11399,G
6-NA,885,2,3,11352,0,11357,G
6-NA,886,11308,0,9,0,11317,A
6-NA,887,11297,0,17,0,11314,A
6-NA,888,11041,0,23,3,11067,A
6-NA,889,1,2,11537,0,11540,G
6-NA,890,3,2,11515,0,11520,G
6-NA,891,0,1,0,11521,11522,C
6-NA,892,2,11379,0,27,11408,T
6-NA,893,0,4,1,11712,11717,C
6-NA,894,1,4,0,11850,11855,C
6-NA,895,11879,3,8,0,11890,A
6-NA,896,11871,1,10,0,11882,A
6-NA,897,1,11875,0,5,11881,T
6-NA,898,11448,1,15,0,11464,A
6-NA,899,1,5,11427,0,11433,G
6-NA,900,4,0,11407,1,11412,G
6-NA,901,0,5,1,11414,11420,C
6-NA,902,2,2,1,11086,11091,C
6-NA,903,7,3,0,10882,10892,C
6-NA,904,10820,0,8,0,10828,A
6-NA,905,0,10873,1,18,10892,T
6-NA,906,0,6,0,10920,10926,C
6-NA,907,7,0,10950,0,10957,G
6-NA,908,1,10914,0,2,10917,T
6-NA,909,10723,1,9,1,10734,A
6-NA,910,1,1,11051,0,11053,G
6-NA,911,11040,2,12,0,11054,A
6-NA,912,1,11118,0,4,11123,T
6-NA,913,11005,0,2,1,11008,A
6-NA,914,2,10928,0,2,10932,T
6-NA,915,10943,0,3,0,10946,A
6-NA,916,10897,0,9,2,10908,A
6-NA,917,11223,1,15,0,11239,A
6-NA,918,0,1,2,11489,11492,C
6-NA,919,11147,0,1,0,11148,A
6-NA,920,0,11125,0,4,11129,T
6-NA,921,11012,0,7,1,11020,A
6-NA,922,11001,0,21,0,11022,A
6-NA,923,11028,2,14,2,11046,A
6-NA,924,3,1,11258,0,11262,G
6-NA,925,2,3,11382,0,11387,G
6-NA,926,10930,4,5,0,10939,A
6-NA,927,2,10806,1,17,10826,T
6-NA,928,2,6,0,10903,10911,C
6-NA,929,10962,3,14,0,10979,A
6-NA,930,0,10980,0,5,10985,T
6-NA,931,10952,1,12,0,10965,A
6-NA,932,1,1,11049,0,11051,G
6-NA,933,0,3,0,10887,10890,C
6-NA,934,10667,1,4,0,10672,A
6-NA,935,0,10300,1,8,10309,T
6-NA,936,2,10345,0,3,10350,T
6-NA,937,2,0,10738,0,10740,G
6-NA,938,0,10737,1,9,10747,T
6-NA,939,2,10841,2,14,10859,T
6-NA,940,1,10829,0,19,10849,T
6-NA,941,3,0,0,10790,10793,C
6-NA,942,2,0,1,10881,10884,C
6-NA,943,11016,2,13,0,11031,A
6-NA,944,2,0,11277,0,11279,G
6-NA,945,1,11214,1,12,11228,T
6-NA,946,0,10899,0,6,10905,T
6-NA,947,10906,0,4,1,10911,A
6-NA,948,0,10822,0,6,10828,T
6-NA,949,3,2,10840,0,10845,G
6-NA,950,1,10648,0,17,10666,T
6-NA,951,0,1,10761,0,10762,G
6-NA,952,0,10417,0,11,10428,T
6-NA,953,4,0,10695,1,10700,G
6-NA,954,1,10665,0,9,10675,T
6-NA,955,3,10584,0,11,10598,T
6-NA,956,6,2,0,10615,10623,C
6-NA,957,10457,3,19,2,10481,A
6-NA,958,3,3,10679,1,10686,G
6-NA,959,2,2,10662,0,10666,G
6-NA,960,10530,1,10,1,10542,A
6-NA,961,2,6,0,10580,10588,C
6-NA,962,2,10021,0,7,10030,T
6-NA,963,2,10038,0,7,10047,T
6-NA,964,3,1,10446,0,10450,G
6-NA,965,0,10446,0,7,10453,T
6-NA,966,0,10410,0,9,10419,T
6-NA,967,1,2,10296,0,10299,G
6-NA,968,3,2,10294,2,10301,G
6-NA,969,10247,1,21,0,10269,A
6-NA,970,3,7,10327,1,10338,G
6-NA,971,10299,3,19,1,10322,A
6-NA,972,0,3,0,10348,10351,C
6-NA,973,9991,1,12,0,10004,A
6-NA,974,1,3,0,10003,10007,C
6-NA,975,10016,1,14,0,10031,A
6-NA,976,1,3,0,10079,10083,C
6-NA,977,6,7,0,9998,10011,C
6-NA,978,6,3,1,10004,10014,C
6-NA,979,9937,0,19,0,9956,A
6-NA,980,0,0,9994,0,9994,G
6-NA,981,9968,0,4,0,9972,A
6-NA,982,10037,0,2,1,10040,A
6-NA,983,9990,1,10,1,10002,A
6-NA,984,9974,0,9,0,9983,A
6-NA,985,9915,1,13,0,9929,A
6-NA,986,9989,0,10,4,10003,A
6-NA,987,0,4,0,10076,10080,C
6-NA,988,3,4,10020,0,10027,G
6-NA,989,9992,1,20,0,10013,A
6-NA,990,0,3,0,10022,10025,C
6-NA,991,9986,2,9,0,9997,A
6-NA,992,0,1,10106,0,10107,G
6-NA,993,4,3,1,10375,10383,C
6-NA,994,0,10277,3,24,10304,T
6-NA,995,4,2,1,10395,10402,C
6-NA,996,0,10,1,10446,10457,C
6-NA,997,10440,2,18,1,10461,A
6-NA,998,4,10,10596,0,10610,G
6-NA,999,2,1,0,10621,10624,C
6-NA,1000,10567,0,5,0,10572,A
6-NA,1001,7,0,10589,0,10596,G
6-NA,1002,4,10147,1,12,10164,T
6-NA,1003,10162,2,10,1,10175,A
6-NA,1004,3,0,10175,0,10178,G
6-NA,1005,5,5,0,10171,10181,C
6-NA,1006,1,9,0,10195,10205,C
6-NA,1007,9949,1,6,0,9956,A
6-NA,1008,0,9914,0,5,9919,T
6-NA,1009,0,9787,0,1,9788,T
6-NA,1010,0,0,10084,0,10084,G
6-NA,1011,1,9973,2,13,9989,T
6-NA,1012,2,9968,0,7,9977,T
6-NA,1013,6,9939,0,10,9955,T
6-NA,1014,5,5,9862,0,9872,G
6-NA,1015,1,0,9981,0,9982,G
6-NA,1016,9922,1,5,0,9928,A
6-NA,1017,2,9960,0,6,9968,T
6-NA,1018,2,0,0,9996,9998,C
6-NA,1019,3,1,0,9721,9725,C
6-NA,1020,5,9696,1,7,9709,T
6-NA,1021,9723,0,11,0,9734,A
6-NA,1022,9737,0,10,0,9747,A
6-NA,1023,0,4,0,9960,9964,C
6-NA,1024,9723,1,2,0,9726,A
6-NA,1025,9952,0,5,0,9957,A
6-NA,1026,0,9953,0,1,9954,T
6-NA,1027,3,2,10134,0,10139,G
6-NA,1028,10066,2,11,0,10079,A
6-NA,1029,10058,1,29,3,10091,A
6-NA,1030,11,1,10129,0,10141,G
6-NA,1031,10052,0,25,0,10077,A
6-NA,1032,9866,1,13,0,9880,A
6-NA,1033,2,3,9974,0,9979,G
6-NA,1034,1,2,10000,0,10003,G
6-NA,1035,1,9877,0,12,9890,T
6-NA,1036,4,4,9817,0,9825,G
6-NA,1037,0,0,10156,1,10157,G
6-NA,1038,2,10079,0,22,10103,T
6-NA,1039,4,3,0,10066,10073,C
6-NA,1040,10093,1,4,0,10098,A
6-NA,1041,0,10035,0,17,10052,T
6-NA,1042,2,1,10039,0,10042,G
6-NA,1043,0,4,10172,0,10176,G
6-NA,1044,10029,2,19,1,10051,A
6-NA,1045,3,1,10453,1,10458,G
6-NA,1046,0,9936,0,7,9943,T
6-NA,1047,1,4,9945,2,9952,G
6-NA,1048,9918,0,8,0,9926,A
6-NA,1049,9914,0,10,0,9924,A
6-NA,1050,9933,3,28,5,9969,A
6-NA,1051,1,1,10031,0,10033,G
6-NA,1052,0,2,9836,0,9838,G
6-NA,1053,1,3,0,9809,9813,C
6-NA,1054,1,9295,0,10,9306,T
6-NA,1055,5,2,9322,0,9329,G
6-NA,1056,5,2,9317,0,9324,G
6-NA,1057,3,0,9422,2,9427,G
6-NA,1058,2,1,0,9410,9413,C
6-NA,1059,2,2,0,9401,9405,C
6-NA,1060,3,9231,2,25,9261,T
6-NA,1061,1,9266,0,8,9275,T
6-NA,1062,1,9251,0,9,9261,T
6-NA,1063,2,4,9298,0,9304,G
6-NA,1064,9272,0,14,0,9286,A
6-NA,1065,2,9224,0,5,9231,T
6-NA,1066,1,1,9037,0,9039,G
6-NA,1067,8916,2,15,0,8933,A
6-NA,1068,2,8931,1,6,8940,T
6-NA,1069,6,2,8982,0,8990,G
6-NA,1070,3,2,9148,0,9153,G
6-NA,1071,9098,0,14,0,9112,A
6-NA,1072,9102,1,7,0,9110,A
6-NA,1073,9138,1,10,2,9151,A
6-NA,1074,0,9109,1,4,9114,T
6-NA,1075,3,1,9176,0,9180,G
6-NA,1076,9164,0,9,0,9173,A
6-NA,1077,0,1,1,9143,9145,C
6-NA,1078,3,1,9194,0,9198,G
6-NA,1079,0,8945,0,8,8953,T
6-NA,1080,4,0,8998,0,9002,G
6-NA,1081,0,8973,2,10,8985,T
6-NA,1082,2,3,9002,0,9007,G
6-NA,1083,1,3,9023,2,9029,G
6-NA,1084,8939,3,11,1,8954,A
6-NA,1085,0,8954,0,8,8962,T
6-NA,1086,5,4,8883,1,8893,G
6-NA,1087,4,4,8832,0,8840,G
6-NA,1088,1,0,8883,1,8885,G
6-NA,1089,8801,1,14,0,8816,A
6-NA,1090,8808,1,12,0,8821,A
6-NA,1091,0,0,8844,0,8844,G
6-NA,1092,8613,0,10,0,8623,A
6-NA,1093,8612,2,17,1,8632,A
6-NA,1094,1,8,0,8618,8627,C
6-NA,1095,7,6,8562,1,8576,G
6-NA,1096,8542,0,6,0,8548,A
6-NA,1097,1,8368,0,2,8371,T
6-NA,1098,1,6,0,8400,8407,C
6-NA,1099,8376,1,18,1,8396,A
6-NA,1100,1,3,8427,0,8431,G
6-NA,1101,0,4,0,8422,8426,C
6-NA,1102,0,4,8434,0,8438,G
6-NA,1103,8362,0,13,0,8375,A
6-NA,1104,0,1,8403,0,8404,G
6-NA,1105,8377,0,9,0,8386,A
6-NA,1106,8408,0,9,0,8417,A
6-NA,1107,1,0,8532,0,8533,G
6-NA,1108,2,8445,1,12,8460,T
6-NA,1109,3,5,0,8355,8363,C
6-NA,1110,8361,1,6,2,8370,A
6-NA,1111,1,3,0,8716,8720,C
6-NA,1112,4,1,8721,0,8726,G
6-NA,1113,1,2,0,8714,8717,C
6-NA,1114,5,8564,0,12,8581,T
6-NA,1115,2,8605,0,7,8614,T
6-NA,1116,8422,0,9,0,8431,A
6-NA,1117,0,4,8818,0,8822,G
6-NA,1118,0,2,8807,0,8809,G
6-NA,1119,1,2,9019,4,9026,G
6-NA,1120,1,8343,1,4,8349,T
6-NA,1121,8317,2,2,0,8321,A
6-NA,1122,0,8301,1,8,8310,T
6-NA,1123,1,3,8286,0,8290,G
6-NA,1124,8260,1,12,1,8274,A
6-NA,1125,8264,0,3,0,8267,A
6-NA,1126,7922,0,17,1,7940,A
6-NA,1127,3,0,0,7960,7963,C
6-NA,1128,2,0,0,7468,7470,C
6-NA,1129,0,7037,0,12,7049,T
6-NA,1130,1,7019,0,8,7028,T
6-NA,1131,15,2,0,7021,7038,C
6-NA,1132,7039,2,2,1,7044,A
6-NA,1133,7042,1,4,0,7047,A
6-NA,1134,7025,2,6,2,7035,A
6-NA,1135,20,0,7122,0,7142,G
6-NA,1136,2,6871,0,13,6886,T
6-NA,1137,2,1,0,6882,6885,C
6-NA,1138,6987,4,5,1,6997,A
6-NA,1139,0,6986,0,5,6991,T
6-NA,1140,0,7001,0,8,7009,T
6-NA,1141,2,1,7004,0,7007,G
6-NA,1142,6969,2,3,1,6975,A
6-NA,1143,7001,1,7,0,7009,A
6-NA,1144,3,4,7173,1,7181,G
6-NA,1145,0,0,7167,0,7167,G
6-NA,1146,0,3,0,7119,7122,C
6-NA,1147,1,6791,0,8,6800,T
6-NA,1148,5,2,6823,0,6830,G
6-NA,1149,2,0,6985,1,6988,G
6-NA,1150,4,6981,0,11,6996,T
6-NA,1151,1,3,0,6972,6976,C
6-NA,1152,3,2,1,6936,6942,C
6-NA,1153,6906,0,12,0,6918,A
6-NA,1154,6959,0,8,1,6968,A
6-NA,1155,2,0,0,6996,6998,C
6-NA,1156,1,1,0,6964,6966,C
6-NA,1157,4,0,0,6897,6901,C
6-NA,1158,1,6262,1,9,6273,T
6-NA,1159,6285,0,4,0,6289,A
6-NA,1160,6272,1,6,1,6280,A
6-NA,1161,2,2,6327,0,6331,G
6-NA,1162,2,6263,0,4,6269,T
6-NA,1163,0,0,0,6263,6263,C
6-NA,1164,4,3,0,6095,6102,C
6-NA,1165,6050,1,5,0,6056,A
6-NA,1166,6037,1,3,0,6041,A
6-NA,1167,6048,0,0,0,6048,A
6-NA,1168,0,6044,1,1,6046,T
6-NA,1169,0,6028,2,1,6031,T
6-NA,1170,0,1,5975,0,5976,G
6-NA,1171,0,2,0,5956,5958,C
6-NA,1172,5919,2,9,2,5932,A
6-NA,1173,0,0,5978,0,5978,G
6-NA,1174,5948,1,2,0,5951,A
6-NA,1175,0,6038,0,1,6039,T
6-NA,1176,6041,0,1,0,6042,A
6-NA,1177,6008,1,4,0,6013,A
6-NA,1178,6010,0,10,0,6020,A
6-NA,1179,1,5988,0,0,5989,T
6-NA,1180,5969,0,6,0,5975,A
6-NA,1181,0,2,5978,0,5980,G
6-NA,1182,3,1,5926,0,5930,G
6-NA,1183,0,2,0,5904,5906,C
6-NA,1184,5692,2,4,1,5699,A
6-NA,1185,5751,0,7,0,5758,A
6-NA,1186,1,0,5813,0,5814,G
6-NA,1187,0,5787,0,10,5797,T
6-NA,1188,2,1,1,5799,5803,C
6-NA,1189,5810,0,7,0,5817,A
6-NA,1190,0,5796,0,5,5801,T
6-NA,1191,5829,1,4,0,5834,A
6-NA,1192,5,0,5900,0,5905,G
6-NA,1193,0,5869,0,3,5872,T
6-NA,1194,1,5594,0,3,5598,T
6-NA,1195,2,2,5495,0,5499,G
6-NA,1196,5451,1,14,1,5467,A
6-NA,1197,0,2,0,5452,5454,C
6-NA,1198,5351,0,6,0,5357,A
6-NA,1199,1,0,5515,0,5516,G
6-NA,1200,5360,2,15,0,5377,A
6-NA,1201,1,3,5649,0,5653,G
6-NA,1202,1,0,5656,0,5657,G
6-NA,1203,0,5595,0,2,5597,T
6-NA,1204,5447,0,114,0,5561,A
6-NA,1205,5534,0,13,0,5547,A
6-NA,1206,1,5546,0,2,5549,T
6-NA,1207,5530,0,10,0,5540,A
6-NA,1208,0,3,5383,0,5386,G
6-NA,1209,0,3,5167,0,5170,G
6-NA,1210,1,4390,1,3,4395,T
6-NA,1211,1,1,0,4340,4342,C
6-NA,1212,3,2,0,4303,4308,C
6-NA,1213,8,0,4326,1,4335,G
6-NA,1214,1,2,4332,0,4335,G
6-NA,1215,0,4319,0,6,4325,T
6-NA,1216,0,4315,1,2,4318,T
6-NA,1217,4270,0,1,0,4271,A
6-NA,1218,0,4160,0,1,4161,T
6-NA,1219,0,4147,0,3,4150,T
6-NA,1220,0,1,0,4159,4160,C
6-NA,1221,0,3901,0,4,3905,T
6-NA,1222,1,1,3946,0,3948,G
6-NA,1223,1,0,3955,0,3956,G
6-NA,1224,1,3942,0,1,3944,T
6-NA,1225,3943,1,1,0,3945,A
6-NA,1226,0,3877,0,7,3884,T
6-NA,1227,1,3874,0,9,3884,T
6-NA,1228,1,3882,0,2,3885,T
6-NA,1229,0,3899,0,5,3904,T
6-NA,1230,0,0,0,3907,3907,C
6-NA,1231,0,3840,0,9,3849,T
6-NA,1232,3,0,0,3886,3889,C
6-NA,1233,0,3874,0,4,3878,T
6-NA,1234,0,0,3973,0,3973,G
6-NA,1235,0,3970,0,2,3972,T
6-NA,1236,0,3954,0,2,3956,T
6-NA,1237,0,0,3951,0,3951,G
6-NA,1238,3900,3,3,0,3906,A
6-NA,1239,3903,0,13,0,3916,A
6-NA,1240,1,0,3994,0,3995,G
6-NA,1241,0,1,3964,0,3965,G
6-NA,1242,0,1,0,3977,3978,C
6-NA,1243,3880,1,4,0,3885,A
6-NA,1244,3880,0,11,0,3891,A
6-NA,1245,3901,0,1,1,3903,A
6-NA,1246,3906,0,9,0,3915,A
6-NA,1247,3,0,3922,0,3925,G
6-NA,1248,0,3,0,3927,3930,C
6-NA,1249,0,3867,0,7,3874,T
6-NA,1250,1,0,3955,0,3956,G
6-NA,1251,0,16,0,3922,3938,C
6-NA,1252,3962,1,8,0,3971,A
6-NA,1253,1,3957,0,2,3960,T
6-NA,1254,1,1,0,3930,3932,C
6-NA,1255,3932,0,1,0,3933,A
6-NA,1256,3938,0,2,0,3940,A
6-NA,1257,0,3916,1,3,3920,T
6-NA,1258,0,1,0,3922,3923,C
6-NA,1259,1,1,3851,2,3855,G
6-NA,1260,0,0,3947,0,3947,G
6-NA,1261,0,3935,0,1,3936,T
6-NA,1262,0,0,3967,0,3967,G
6-NA,1263,0,2,0,3977,3979,C
6-NA,1264,0,3951,0,9,3960,T
6-NA,1265,0,4012,3,7,4022,T
6-NA,1266,0,4010,0,5,4015,T
6-NA,1267,0,4040,0,0,4040,T
6-NA,1268,4076,0,2,0,4078,A
6-NA,1269,0,3936,0,5,3941,T
6-NA,1270,1,1,3955,0,3957,G
6-NA,1271,1,3899,0,2,3902,T
6-NA,1272,0,0,3868,0,3868,G
6-NA,1273,2,0,3948,0,3950,G
6-NA,1274,3856,1,2,0,3859,A
6-NA,1275,1,0,3922,0,3923,G
6-NA,1276,0,3905,0,3,3908,T
6-NA,1277,1,3884,0,0,3885,T
6-NA,1278,0,1,3910,0,3911,G
6-NA,1279,3888,0,6,0,3894,A
6-NA,1280,0,3897,0,1,3898,T
6-NA,1281,3892,0,3,0,3895,A
6-NA,1282,3786,1,4,0,3791,A
6-NA,1283,1,1,3814,0,3816,G
6-NA,1284,0,2,3762,0,3764,G
6-NA,1285,0,0,3735,0,3735,G
6-NA,1286,1,0,3728,0,3729,G
6-NA,1287,3686,1,7,0,3694,A
6-NA,1288,3686,1,15,0,3702,A
6-NA,1289,0,1,3742,0,3743,G
6-NA,1290,3728,0,3,0,3731,A
6-NA,1291,3726,0,5,0,3731,A
6-NA,1292,3686,0,1,0,3687,A
6-NA,1293,3632,0,7,0,3639,A
6-NA,1294,0,0,3651,0,3651,G
6-NA,1295,3552,0,7,0,3559,A
6-NA,1296,1,0,3552,0,3553,G
6-NA,1297,2,3,3552,0,3557,G
6-NA,1298,3520,0,7,2,3529,A
6-NA,1299,3513,0,5,0,3518,A
6-NA,1300,3531,0,6,0,3537,A
6-NA,1301,0,1,0,3561,3562,C
6-NA,1302,0,3530,0,5,3535,T
6-NA,1303,2,0,3543,0,3545,G
6-NA,1304,3523,1,2,0,3526,A
6-NA,1305,3515,2,10,0,3527,A
6-NA,1306,0,0,3571,0,3571,G
6-NA,1307,0,3533,0,7,3540,T
6-NA,1308,1,0,0,3585,3586,C
6-NA,1309,0,3575,0,4,3579,T
6-NA,1310,0,3537,0,8,3545,T
6-NA,1311,3,1,3541,1,3546,G
6-NA,1312,0,3535,0,3,3538,T
6-NA,1313,1,1,3520,0,3522,G
6-NA,1314,1,2,3517,0,3520,G
6-NA,1315,3469,1,5,0,3475,A
6-NA,1316,0,1,0,3506,3507,C
6-NA,1317,2,0,0,3386,3388,C
6-NA,1318,2,3376,0,9,3387,T
6-NA,1319,0,0,0,3393,3393,C
6-NA,1320,3400,0,3,0,3403,A
6-NA,1321,3403,0,1,0,3404,A
6-NA,1322,3395,0,4,0,3399,A
6-NA,1323,0,1,0,3456,3457,C
6-NA,1324,3248,0,7,0,3255,A
6-NA,1325,0,0,3338,0,3338,G
6-NA,1326,0,3278,0,2,3280,T
6-NA,1327,3282,0,3,0,3285,A
6-NA,1328,0,3279,0,1,3280,T
6-NA,1329,0,3214,0,0,3214,T
6-NA,1330,0,0,3248,1,3249,G
6-NA,1331,0,3235,0,5,3240,T
6-NA,1332,0,3085,0,4,3089,T
6-NA,1333,0,1,3099,0,3100,G
6-NA,1334,0,2821,0,4,2825,T
6-NA,1335,3,0,2854,0,2857,G
6-NA,1336,1,2834,0,5,2840,T
6-NA,1337,0,2780,0,6,2786,T
6-NA,1338,0,2789,0,3,2792,T
6-NA,1339,1,2691,0,2,2694,T
6-NA,1340,0,0,2708,0,2708,G
6-NA,1341,0,2689,7,2,2698,T
6-NA,1342,0,0,2678,0,2678,G
6-NA,1343,1,0,2679,0,2680,G
6-NA,1344,0,2,0,2615,2617,C
6-NA,1345,2618,0,4,0,2622,A
6-NA,1346,2,0,0,2644,2646,C
6-NA,1347,1,0,0,2636,2637,C
6-NA,1348,0,2615,0,1,2616,T
6-NA,1349,0,0,0,2651,2651,C
6-NA,1350,2645,2,4,1,2652,A
6-NA,1351,1,1,2675,0,2677,G
6-NA,1352,1,0,2683,0,2684,G
6-NA,1353,0,2668,0,0,2668,T
6-NA,1354,2661,0,1,0,2662,A
6-NA,1355,0,1,0,2541,2542,C
6-NA,1356,2514,0,2,0,2516,A
6-NA,1357,0,2504,0,3,2507,T
6-NA,1358,2450,0,1,0,2451,A
6-NA,1359,1,2446,0,1,2448,T
6-NA,1360,0,1,2260,0,2261,G
6-NA,1361,0,1,2261,1,2263,G
6-NA,1362,2225,0,4,0,2229,A
6-NA,1363,2224,0,1,0,2225,A
6-NA,1364,0,1,0,2206,2207,C
6-NA,1365,1823,0,1,0,1824,A
6-NA,1366,0,0,1827,0,1827,G
6-NA,1367,0,1,1815,0,1816,G
6-NA,1368,0,0,0,1814,1814,C
6-NA,1369,0,1791,0,2,1793,T
6-NA,1370,0,1,0,1653,1654,C
6-NA,1371,1646,0,1,1,1648,A
6-NA,1372,0,1637,2,4,1643,T
6-NA,1373,0,0,1642,0,1642,G
6-NA,1374,1,0,1653,0,1654,G
6-NA,1375,0,0,0,1587,1587,C
6-NA,1376,0,0,0,1567,1567,C
6-NA,1377,0,1432,0,3,1435,T
6-NA,1378,0,0,1434,0,1434,G
6-NA,1379,1430,0,2,0,1432,A
6-NA,1380,0,1436,0,0,1436,T
6-NA,1381,0,1,1421,0,1422,G
6-NA,1382,0,1,1382,0,1383,G
6-NA,1383,1,0,1310,0,1311,G
6-NA,1384,0,0,1315,0,1315,G
6-NA,1385,0,0,0,1311,1311,C
6-NA,1386,1245,0,3,0,1248,A
6-NA,1387,0,1,1248,0,1249,G
6-NA,1388,1249,0,3,0,1252,A
6-NA,1389,4,0,0,1243,1247,C
6-NA,1390,1245,0,0,0,1245,A
6-NA,1391,1,1200,0,1,1202,T
6-NA,1392,0,1,0,1181,1182,C
6-NA,1393,1150,0,4,0,1154,A
6-NA,1394,1152,0,3,0,1155,A
6-NA,1395,1,1147,0,0,1148,T
6-NA,1396,0,0,0,1123,1123,C
6-NA,1397,0,1083,1,0,1084,T
6-NA,1398,0,1,0,921,922,C
6-NA,1399,913,0,3,1,917,A
6-NA,1400,0,908,0,0,908,T
6-NA,1401,0,0,910,0,910,G
6-NA,1402,0,0,0,905,905,C
6-NA,1403,0,1,0,853,854,C
6-NA,1404,0,725,0,1,726,T
6-NA,1405,713,0,1,0,714,A
6-NA,1406,0,715,0,0,715,T
6-NA,1407,709,0,0,0,709,A
6-NA,1408,0,710,0,0,710,T
6-NA,1409,673,0,0,0,673,A
6-NA,1410,644,0,0,0,644,A
7-M,1,77,0,0,0,77,A
7-M,2,0,76,0,0,76,T
7-M,3,0,0,74,0,74,G
7-M,4,77,0,0,0,77,A
7-M,5,0,0,88,0,88,G
7-M,6,0,0,0,94,94,C
7-M,7,0,0,0,103,103,C
7-M,8,0,134,0,1,135,T
7-M,9,0,138,0,0,138,T
7-M,10,0,0,0,139,139,C
7-M,11,0,137,0,0,137,T
7-M,12,144,0,0,0,144,A
7-M,13,144,0,0,0,144,A
7-M,14,0,0,0,146,146,C
7-M,15,0,0,0,146,146,C
7-M,16,0,0,146,0,146,G
7-M,17,147,0,0,0,147,A
7-M,18,0,0,152,0,152,G
7-M,19,0,0,160,0,160,G
7-M,20,0,162,0,0,162,T
7-M,21,0,0,0,161,161,C
7-M,22,0,1,161,0,162,G
7-M,23,175,0,0,0,175,A
7-M,24,176,0,2,0,178,A
7-M,25,183,0,0,0,183,A
7-M,26,0,0,0,206,206,C
7-M,27,0,0,213,0,213,G
7-M,28,0,215,0,0,215,T
7-M,29,215,0,0,0,215,A
7-M,30,0,214,0,1,215,T
7-M,31,0,0,224,0,224,G
7-M,32,1,224,0,0,225,T
7-M,33,0,243,0,0,243,T
7-M,34,0,0,0,258,258,C
7-M,35,0,253,0,0,253,T
7-M,36,0,0,0,270,270,C
7-M,37,0,268,0,0,268,T
7-M,38,0,0,0,295,295,C
7-M,39,0,295,0,2,297,T
7-M,40,294,0,0,0,294,A
7-M,41,0,295,0,0,295,T
7-M,42,0,0,0,295,295,C
7-M,43,0,0,304,0,304,G
7-M,44,0,303,0,0,303,T
7-M,45,0,302,0,0,302,T
7-M,46,0,0,0,311,311,C
7-M,47,1,0,0,319,320,C
7-M,48,317,0,0,0,317,A
7-M,49,0,317,0,0,317,T
7-M,50,0,0,0,320,320,C
7-M,51,320,0,0,0,320,A
7-M,52,0,0,332,0,332,G
7-M,53,0,0,328,0,328,G
7-M,54,0,0,0,329,329,C
7-M,55,0,0,0,327,327,C
7-M,56,0,0,0,334,334,C
7-M,57,0,0,0,355,355,C
7-M,58,0,0,0,358,358,C
7-M,59,0,353,0,0,353,T
7-M,60,0,0,0,358,358,C
7-M,61,358,0,0,0,358,A
7-M,62,356,0,0,0,356,A
7-M,63,363,0,0,0,363,A
7-M,64,0,0,377,0,377,G
7-M,65,0,0,0,376,376,C
7-M,66,0,0,0,369,369,C
7-M,67,0,0,363,5,368,G
7-M,68,370,0,0,0,370,A
7-M,69,0,0,373,0,373,G
7-M,70,375,0,0,1,376,A
7-M,71,0,380,0,0,380,T
7-M,72,1,0,0,374,375,C
7-M,73,0,0,385,0,385,G
7-M,74,0,0,0,390,390,C
7-M,75,0,0,386,0,386,G
7-M,76,0,0,0,389,389,C
7-M,77,387,0,1,1,389,A
7-M,78,0,0,399,0,399,G
7-M,79,392,0,0,0,392,A
7-M,80,0,0,478,0,478,G
7-M,81,467,1,1,0,469,A
7-M,82,0,1,0,491,492,C
7-M,83,0,489,0,0,489,T
7-M,84,0,491,0,0,491,T
7-M,85,0,0,496,0,496,G
7-M,86,502,0,1,0,503,A
7-M,87,501,0,1,0,502,A
7-M,88,0,0,502,0,502,G
7-M,89,486,0,0,0,486,A
7-M,90,0,495,0,2,497,T
7-M,91,0,0,500,0,500,G
7-M,92,0,494,1,0,495,T
7-M,93,1,0,0,494,495,C
7-M,94,0,491,0,2,493,T
7-M,95,0,494,0,0,494,T
7-M,96,0,495,0,0,495,T
7-M,97,0,0,494,0,494,G
7-M,98,0,1,0,495,496,C
7-M,99,0,494,0,0,494,T
7-M,100,0,0,497,0,497,G
7-M,101,0,0,496,0,496,G
7-M,102,1,0,512,0,513,G
7-M,103,509,0,0,0,509,A
7-M,104,515,0,1,0,516,A
7-M,105,512,0,0,0,512,A
7-M,106,516,0,0,0,516,A
7-M,107,521,0,1,0,522,A
7-M,108,0,1,0,528,529,C
7-M,109,527,0,0,0,527,A
7-M,110,0,0,0,532,532,C
7-M,111,527,0,0,0,527,A
7-M,112,0,0,545,0,545,G
7-M,113,550,0,1,0,551,A
7-M,114,0,564,0,0,564,T
7-M,115,0,0,0,570,570,C
7-M,116,0,564,0,0,564,T
7-M,117,0,560,0,1,561,T
7-M,118,0,0,559,0,559,G
7-M,119,560,0,0,0,560,A
7-M,120,0,0,554,1,555,G
7-M,121,0,0,551,0,551,G
7-M,122,0,0,0,559,559,C
7-M,123,0,548,0,0,548,T
7-M,124,0,0,0,610,610,C
7-M,125,0,610,0,0,610,T
7-M,126,0,0,0,618,618,C
7-M,127,618,0,0,1,619,A
7-M,128,0,619,0,0,619,T
7-M,129,0,0,617,0,617,G
7-M,130,0,0,619,0,619,G
7-M,131,612,0,0,0,612,A
7-M,132,613,0,2,0,615,A
7-M,133,0,594,0,0,594,T
7-M,134,0,0,629,0,629,G
7-M,135,1,0,668,0,669,G
7-M,136,0,0,0,673,673,C
7-M,137,0,670,0,1,671,T
7-M,138,672,0,1,0,673,A
7-M,139,668,0,0,0,668,A
7-M,140,689,0,1,1,691,A
7-M,141,0,0,710,0,710,G
7-M,142,709,0,2,0,711,A
7-M,143,0,0,0,712,712,C
7-M,144,688,0,1,0,689,A
7-M,145,691,0,1,0,692,A
7-M,146,0,1,712,0,713,G
7-M,147,716,0,1,0,717,A
7-M,148,0,0,0,711,711,C
7-M,149,0,1,0,704,705,C
7-M,150,700,0,1,1,702,A
7-M,151,713,0,0,0,713,A
7-M,152,0,714,0,2,716,T
7-M,153,0,716,0,0,716,T
7-M,154,0,0,0,731,731,C
7-M,155,0,725,0,2,727,T
7-M,156,0,0,733,0,733,G
7-M,157,0,730,0,3,733,T
7-M,158,1,0,0,731,732,C
7-M,159,737,0,1,0,738,A
7-M,160,0,0,0,757,757,C
7-M,161,1,0,1,756,758,C
7-M,162,0,746,0,2,748,T
7-M,163,0,1,0,754,755,C
7-M,164,0,741,0,0,741,T
7-M,165,2,1,768,0,771,G
7-M,166,767,0,2,0,769,A
7-M,167,0,0,0,771,771,C
7-M,168,0,771,0,0,771,T
7-M,169,751,0,0,0,751,A
7-M,170,748,0,2,1,751,A
7-M,171,0,0,746,0,746,G
7-M,172,0,0,750,0,750,G
7-M,173,0,2,747,0,749,G
7-M,174,0,0,754,0,754,G
7-M,175,764,0,0,0,764,A
7-M,176,0,766,0,0,766,T
7-M,177,0,761,0,0,761,T
7-M,178,0,765,0,0,765,T
7-M,179,0,761,0,0,761,T
7-M,180,1,0,764,0,765,G
7-M,181,0,2,769,0,771,G
7-M,182,0,0,768,0,768,G
7-M,183,0,0,774,0,774,G
7-M,184,0,756,0,2,758,T
7-M,185,0,754,0,0,754,T
7-M,186,0,761,0,0,761,T
7-M,187,1,1,777,0,779,G
7-M,188,0,787,0,0,787,T
7-M,189,0,0,789,0,789,G
7-M,190,0,786,0,1,787,T
7-M,191,0,782,0,1,783,T
7-M,192,0,0,0,783,783,C
7-M,193,779,1,1,0,781,A
7-M,194,0,0,0,804,804,C
7-M,195,0,0,798,0,798,G
7-M,196,0,0,0,795,795,C
7-M,197,0,772,0,4,776,T
7-M,198,0,0,0,797,797,C
7-M,199,798,0,0,0,798,A
7-M,200,0,0,0,809,809,C
7-M,201,1,0,0,806,807,C
7-M,202,0,1,812,0,813,G
7-M,203,0,807,0,0,807,T
7-M,204,0,0,808,0,808,G
7-M,205,0,1,0,807,808,C
7-M,206,0,0,0,796,796,C
7-M,207,0,0,0,805,805,C
7-M,208,792,0,0,0,792,A
7-M,209,0,0,800,0,800,G
7-M,210,0,793,0,0,793,T
7-M,211,0,1,807,0,808,G
7-M,212,807,0,1,0,808,A
7-M,213,0,0,812,0,812,G
7-M,214,0,1,0,810,811,C
7-M,215,0,0,814,0,814,G
7-M,216,806,0,0,1,807,A
7-M,217,0,1,832,0,833,G
7-M,218,0,2,834,0,836,G
7-M,219,829,0,0,0,829,A
7-M,220,0,1,0,841,842,C
7-M,221,0,828,0,1,829,T
7-M,222,0,0,835,0,835,G
7-M,223,0,1,0,835,836,C
7-M,224,832,0,0,0,832,A
7-M,225,0,0,846,0,846,G
7-M,226,0,0,0,830,830,C
7-M,227,0,0,844,0,844,G
7-M,228,0,841,0,0,841,T
7-M,229,831,0,0,0,831,A
7-M,230,0,0,826,0,826,G
7-M,231,824,0,2,0,826,A
7-M,232,0,1,0,836,837,C
7-M,233,0,0,840,0,840,G
7-M,234,0,0,0,826,826,C
7-M,235,0,809,1,1,811,T
7-M,236,0,814,0,0,814,T
7-M,237,0,804,0,0,804,T
7-M,238,0,0,817,0,817,G
7-M,239,0,814,0,0,814,T
7-M,240,0,0,0,810,810,C
7-M,241,0,0,0,818,818,C
7-M,242,809,1,0,0,810,A
7-M,243,814,0,0,0,814,A
7-M,244,809,0,1,0,810,A
7-M,245,810,0,1,0,811,A
7-M,246,0,810,0,2,812,T
7-M,247,1,0,804,0,805,G
7-M,248,0,0,0,807,807,C
7-M,249,1,1,0,804,806,C
7-M,250,1,1,0,808,810,C
7-M,251,0,803,0,1,804,T
7-M,252,0,1,0,842,843,C
7-M,253,841,0,0,0,841,A
7-M,254,843,0,1,0,844,A
7-M,255,0,849,0,0,849,T
7-M,256,0,0,853,0,853,G
7-M,257,0,0,854,0,854,G
7-M,258,0,0,866,0,866,G
7-M,259,861,0,0,0,861,A
7-M,260,859,0,0,0,859,A
7-M,261,0,838,0,1,839,T
7-M,262,0,0,835,0,835,G
7-M,263,0,0,837,0,837,G
7-M,264,827,0,0,0,827,A
7-M,265,0,1,823,0,824,G
7-M,266,818,0,0,0,818,A
7-M,267,1,0,0,808,809,C
7-M,268,0,1,0,846,847,C
7-M,269,0,0,0,847,847,C
7-M,270,865,0,1,0,866,A
7-M,271,871,0,1,0,872,A
7-M,272,873,0,0,0,873,A
7-M,273,0,872,0,1,873,T
7-M,274,878,0,0,0,878,A
7-M,275,881,0,0,0,881,A
7-M,276,0,1,0,865,866,C
7-M,277,855,0,0,0,855,A
7-M,278,0,851,0,0,851,T
7-M,279,0,1,870,0,871,G
7-M,280,0,0,873,0,873,G
7-M,281,871,0,1,0,872,A
7-M,282,0,0,0,874,874,C
7-M,283,851,0,0,0,851,A
7-M,284,856,0,1,0,857,A
7-M,285,857,0,1,0,858,A
7-M,286,0,0,873,0,873,G
7-M,287,0,0,0,898,898,C
7-M,288,889,0,1,0,890,A
7-M,289,0,0,901,0,901,G
7-M,290,0,896,0,1,897,T
7-M,291,0,895,0,0,895,T
7-M,292,902,0,0,0,902,A
7-M,293,898,0,0,0,898,A
7-M,294,899,1,0,0,900,A
7-M,295,0,0,0,920,920,C
7-M,296,0,888,0,1,889,T
7-M,297,0,1,954,0,955,G
7-M,298,0,944,0,0,944,T
7-M,299,949,0,0,0,949,A
7-M,300,0,947,0,0,947,T
7-M,301,936,0,1,0,937,A
7-M,302,1,0,935,0,936,G
7-M,303,0,1,937,0,938,G
7-M,304,928,0,2,0,930,A
7-M,305,920,0,0,0,920,A
7-M,306,871,0,0,0,871,A
7-M,307,0,0,0,899,899,C
7-M,308,0,898,0,0,898,T
7-M,309,0,899,0,0,899,T
7-M,310,900,0,0,0,900,A
7-M,311,895,0,1,0,896,A
7-M,312,0,0,899,0,899,G
7-M,313,888,0,0,0,888,A
7-M,314,0,1,892,0,893,G
7-M,315,2,2,881,0,885,G
7-M,316,0,0,885,0,885,G
7-M,317,871,0,2,0,873,A
7-M,318,0,0,881,0,881,G
7-M,319,884,0,0,0,884,A
7-M,320,0,888,1,0,889,T
7-M,321,885,0,0,0,885,A
7-M,322,895,0,1,0,896,A
7-M,323,0,0,0,895,895,C
7-M,324,0,0,879,0,879,G
7-M,325,0,883,0,0,883,T
7-M,326,0,872,0,0,872,T
7-M,327,0,0,0,876,876,C
7-M,328,0,2,0,871,873,C
7-M,329,871,0,0,0,871,A
7-M,330,0,869,0,0,869,T
7-M,331,0,2,858,0,860,G
7-M,332,1,0,866,0,867,G
7-M,333,0,0,863,0,863,G
7-M,334,1,0,864,0,865,G
7-M,335,0,1,3,857,861,C
7-M,336,0,0,0,866,866,C
7-M,337,863,0,0,0,863,A
7-M,338,871,0,0,0,871,A
7-M,339,865,0,0,0,865,A
7-M,340,0,0,880,0,880,G
7-M,341,883,0,0,0,883,A
7-M,342,876,0,0,0,876,A
7-M,343,874,0,2,0,876,A
7-M,344,0,876,0,0,876,T
7-M,345,871,0,1,0,872,A
7-M,346,0,0,882,0,882,G
7-M,347,0,0,0,876,876,C
7-M,348,0,860,0,0,860,T
7-M,349,0,0,0,869,869,C
7-M,350,0,858,0,2,860,T
7-M,351,0,0,0,897,897,C
7-M,352,897,0,0,0,897,A
7-M,353,0,0,894,0,894,G
7-M,354,0,885,0,0,885,T
7-M,355,0,904,0,0,904,T
7-M,356,907,0,0,0,907,A
7-M,357,1,906,0,1,908,T
7-M,358,0,905,0,1,906,T
7-M,359,0,0,1,907,908,C
7-M,360,0,859,0,0,859,T
7-M,361,0,0,872,0,872,G
7-M,362,0,0,0,864,864,C
7-M,363,2,857,0,0,859,T
7-M,364,0,0,865,0,865,G
7-M,365,1,0,860,0,861,G
7-M,366,0,860,0,0,860,T
7-M,367,1,0,863,0,864,G
7-M,368,0,1,0,856,857,C
7-M,369,864,0,0,0,864,A
7-M,370,0,0,0,868,868,C
7-M,371,0,843,0,0,843,T
7-M,372,0,850,0,1,851,T
7-M,373,1,0,848,0,849,G
7-M,374,0,0,0,847,847,C
7-M,375,0,0,0,853,853,C
7-M,376,848,0,0,0,848,A
7-M,377,0,1,854,0,855,G
7-M,378,0,852,0,1,853,T
7-M,379,0,851,0,0,851,T
7-M,380,0,0,858,0,858,G
7-M,381,0,0,0,846,846,C
7-M,382,850,0,0,0,850,A
7-M,383,0,849,1,0,850,T
7-M,384,1,0,842,0,843,G
7-M,385,0,0,852,0,852,G
7-M,386,0,0,866,0,866,G
7-M,387,0,0,0,877,877,C
7-M,388,0,0,0,901,901,C
7-M,389,0,889,0,1,890,T
7-M,390,0,0,0,905,905,C
7-M,391,957,0,0,0,957,A
7-M,392,0,960,0,0,960,T
7-M,393,990,0,0,0,990,A
7-M,394,0,988,0,0,988,T
7-M,395,972,0,0,0,972,A
7-M,396,0,0,0,1021,1021,C
7-M,397,984,0,0,0,984,A
7-M,398,990,0,0,0,990,A
7-M,399,0,981,0,0,981,T
7-M,400,959,0,0,0,959,A
7-M,401,0,0,969,0,969,G
7-M,402,0,0,972,0,972,G
7-M,403,968,0,1,0,969,A
7-M,404,0,968,0,0,968,T
7-M,405,0,0,882,0,882,G
7-M,406,0,1,883,0,884,G
7-M,407,1,1,885,0,887,G
7-M,408,2,0,890,0,892,G
7-M,409,0,0,903,0,903,G
7-M,410,0,0,0,897,897,C
7-M,411,0,850,0,0,850,T
7-M,412,0,0,856,0,856,G
7-M,413,0,852,0,0,852,T
7-M,414,856,0,0,0,856,A
7-M,415,854,0,1,0,855,A
7-M,416,0,0,0,861,861,C
7-M,417,2,0,0,849,851,C
7-M,418,845,0,1,0,846,A
7-M,419,0,1,0,847,848,C
7-M,420,0,848,0,0,848,T
7-M,421,0,1,849,0,850,G
7-M,422,840,0,0,1,841,A
7-M,423,843,0,0,0,843,A
7-M,424,0,0,846,0,846,G
7-M,425,0,838,0,0,838,T
7-M,426,0,0,837,0,837,G
7-M,427,0,0,840,0,840,G
7-M,428,0,0,0,841,841,C
7-M,429,838,0,1,0,839,A
7-M,430,0,835,0,0,835,T
7-M,431,0,834,0,1,835,T
7-M,432,0,834,0,1,835,T
7-M,433,0,0,862,0,862,G
7-M,434,0,0,863,0,863,G
7-M,435,0,0,0,855,855,C
7-M,436,0,0,0,861,861,C
7-M,437,0,849,0,2,851,T
7-M,438,0,0,885,1,886,G
7-M,439,0,0,897,0,897,G
7-M,440,0,898,0,0,898,T
7-M,441,898,0,0,0,898,A
7-M,442,0,866,0,1,867,T
7-M,443,1,0,893,0,894,G
7-M,444,0,895,0,2,897,T
7-M,445,2,0,888,0,890,G
7-M,446,0,0,1,899,900,C
7-M,447,848,0,1,0,849,A
7-M,448,859,0,0,0,859,A
7-M,449,1,0,0,874,875,C
7-M,450,874,1,0,0,875,A
7-M,451,1,881,0,0,882,T
7-M,452,0,0,871,0,871,G
7-M,453,0,844,0,0,844,T
7-M,454,0,0,846,0,846,G
7-M,455,826,0,3,0,829,A
7-M,456,1,1,840,0,842,G
7-M,457,0,0,0,834,834,C
7-M,458,821,0,0,0,821,A
7-M,459,0,0,827,0,827,G
7-M,460,819,0,1,0,820,A
7-M,461,0,818,0,1,819,T
7-M,462,0,823,0,0,823,T
7-M,463,0,0,816,0,816,G
7-M,464,0,0,0,821,821,C
7-M,465,0,813,0,1,814,T
7-M,466,1,1,809,0,811,G
7-M,467,808,0,0,0,808,A
7-M,468,0,1,0,856,857,C
7-M,469,0,856,0,1,857,T
7-M,470,0,0,0,856,856,C
7-M,471,0,0,0,860,860,C
7-M,472,0,0,0,857,857,C
7-M,473,854,0,0,1,855,A
7-M,474,1,0,866,1,868,G
7-M,475,0,0,0,862,862,C
7-M,476,867,1,0,0,868,A
7-M,477,0,0,0,863,863,C
7-M,478,795,0,0,0,795,A
7-M,479,1,0,810,0,811,G
7-M,480,0,1,812,0,813,G
7-M,481,0,805,0,1,806,T
7-M,482,0,0,0,811,811,C
7-M,483,0,781,0,0,781,T
7-M,484,0,1,0,779,780,C
7-M,485,783,0,0,0,783,A
7-M,486,0,780,0,0,780,T
7-M,487,778,1,0,0,779,A
7-M,488,0,0,766,0,766,G
7-M,489,0,1,759,0,760,G
7-M,490,0,0,0,759,759,C
7-M,491,752,0,0,0,752,A
7-M,492,750,0,0,0,750,A
7-M,493,747,0,1,0,748,A
7-M,494,0,749,0,0,749,T
7-M,495,0,0,753,0,753,G
7-M,496,1,0,750,0,751,G
7-M,497,0,731,0,0,731,T
7-M,498,0,0,733,0,733,G
7-M,499,0,0,730,0,730,G
7-M,500,1,0,0,735,736,C
7-M,501,733,0,2,0,735,A
7-M,502,733,0,0,0,733,A
7-M,503,0,0,0,751,751,C
7-M,504,750,0,0,0,750,A
7-M,505,754,0,0,0,754,A
7-M,506,0,0,0,756,756,C
7-M,507,0,0,0,749,749,C
7-M,508,740,0,1,0,741,A
7-M,509,743,0,0,0,743,A
7-M,510,0,738,0,1,739,T
7-M,511,0,0,0,748,748,C
7-M,512,0,0,0,736,736,C
7-M,513,746,0,0,0,746,A
7-M,514,0,733,0,2,735,T
7-M,515,0,741,0,0,741,T
7-M,516,747,0,0,0,747,A
7-M,517,744,0,0,0,744,A
7-M,518,0,745,0,0,745,T
7-M,519,745,0,0,0,745,A
7-M,520,741,0,0,0,741,A
7-M,521,0,0,753,0,753,G
7-M,522,746,0,0,0,746,A
7-M,523,0,0,0,781,781,C
7-M,524,785,0,0,0,785,A
7-M,525,1,781,0,0,782,T
7-M,526,0,0,782,0,782,G
7-M,527,773,0,2,0,775,A
7-M,528,0,1,785,0,786,G
7-M,529,778,0,2,0,780,A
7-M,530,785,0,0,0,785,A
7-M,531,0,2,0,784,786,C
7-M,532,742,0,1,0,743,A
7-M,533,0,1,758,0,759,G
7-M,534,747,0,1,0,748,A
7-M,535,751,0,3,0,754,A
7-M,536,0,751,0,0,751,T
7-M,537,1,0,739,0,740,G
7-M,538,0,0,741,0,741,G
7-M,539,0,733,0,0,733,T
7-M,540,0,717,0,0,717,T
7-M,541,0,735,0,0,735,T
7-M,542,0,739,1,0,740,T
7-M,543,0,0,741,0,741,G
7-M,544,0,0,739,0,739,G
7-M,545,0,0,0,741,741,C
7-M,546,0,0,0,743,743,C
7-M,547,734,0,0,0,734,A
7-M,548,0,0,768,0,768,G
7-M,549,0,0,0,769,769,C
7-M,550,774,0,0,0,774,A
7-M,551,0,0,0,785,785,C
7-M,552,0,770,0,0,770,T
7-M,553,771,0,1,0,772,A
7-M,554,0,0,0,781,781,C
7-M,555,784,0,2,0,786,A
7-M,556,0,1,797,0,798,G
7-M,557,0,0,0,776,776,C
7-M,558,0,762,0,0,762,T
7-M,559,760,0,0,0,760,A
7-M,560,751,0,1,0,752,A
7-M,561,0,0,768,0,768,G
7-M,562,2,0,769,0,771,G
7-M,563,0,0,0,775,775,C
7-M,564,0,721,1,0,722,T
7-M,565,719,0,0,0,719,A
7-M,566,0,717,0,0,717,T
7-M,567,0,0,723,0,723,G
7-M,568,1,0,724,0,725,G
7-M,569,695,0,3,0,698,A
7-M,570,0,0,705,0,705,G
7-M,571,0,0,0,692,692,C
7-M,572,684,0,0,0,684,A
7-M,573,683,0,0,0,683,A
7-M,574,677,0,1,0,678,A
7-M,575,0,690,0,0,690,T
7-M,576,0,0,691,0,691,G
7-M,577,0,0,682,0,682,G
7-M,578,0,0,0,685,685,C
7-M,579,0,670,0,0,670,T
7-M,580,1,0,672,0,673,G
7-M,581,0,0,704,0,704,G
7-M,582,702,0,0,0,702,A
7-M,583,0,696,0,2,698,T
7-M,584,0,1,0,696,697,C
7-M,585,690,0,0,0,690,A
7-M,586,709,0,1,0,710,A
7-M,587,0,0,711,0,711,G
7-M,588,0,709,0,0,709,T
7-M,589,0,0,715,0,715,G
7-M,590,689,0,1,0,690,A
7-M,591,0,0,694,0,694,G
7-M,592,0,1,0,692,693,C
7-M,593,696,0,0,0,696,A
7-M,594,0,0,709,0,709,G
7-M,595,0,0,695,0,695,G
7-M,596,0,1,0,694,695,C
7-M,597,693,0,0,0,693,A
7-M,598,0,1,696,0,697,G
7-M,599,0,0,1,694,695,C
7-M,600,0,1,693,0,694,G
7-M,601,0,0,694,0,694,G
7-M,602,689,0,1,0,690,A
7-M,603,0,0,695,1,696,G
7-M,604,0,0,705,0,705,G
7-M,605,1,1,0,705,707,C
7-M,606,0,1,0,705,706,C
7-M,607,708,1,1,0,710,A
7-M,608,0,708,0,1,709,T
7-M,609,0,0,710,0,710,G
7-M,610,0,0,711,1,712,G
7-M,611,696,1,3,0,700,A
7-M,612,0,1,704,0,705,G
7-M,613,669,0,3,0,672,A
7-M,614,0,708,0,1,709,T
7-M,615,0,706,0,0,706,T
7-M,616,0,0,707,0,707,G
7-M,617,0,0,0,709,709,C
7-M,618,1,705,0,1,707,T
7-M,619,711,0,1,0,712,A
7-M,620,3,0,709,0,712,G
7-M,621,0,706,0,1,707,T
7-M,622,1,0,0,703,704,C
7-M,623,688,0,0,0,688,A
7-M,624,0,0,703,0,703,G
7-M,625,1,0,699,0,700,G
7-M,626,0,0,0,692,692,C
7-M,627,0,0,0,697,697,C
7-M,628,689,0,2,0,691,A
7-M,629,0,0,726,0,726,G
7-M,630,0,1,729,0,730,G
7-M,631,0,1,0,728,729,C
7-M,632,732,0,0,0,732,A
7-M,633,0,0,728,0,728,G
7-M,634,726,0,0,0,726,A
7-M,635,0,728,0,1,729,T
7-M,636,0,0,732,0,732,G
7-M,637,0,0,751,0,751,G
7-M,638,1,734,0,0,735,T
7-M,639,0,0,737,0,737,G
7-M,640,0,1,1,731,733,C
7-M,641,729,1,1,0,731,A
7-M,642,0,0,754,0,754,G
7-M,643,0,0,750,0,750,G
7-M,644,0,0,1,754,755,C
7-M,645,744,0,0,0,744,A
7-M,646,738,0,2,0,740,A
7-M,647,0,736,0,0,736,T
7-M,648,0,0,733,0,733,G
7-M,649,729,0,1,0,730,A
7-M,650,1,0,738,0,739,G
7-M,651,716,0,1,0,717,A
7-M,652,0,0,713,0,713,G
7-M,653,0,0,0,721,721,C
7-M,654,0,0,0,729,729,C
7-M,655,733,0,0,0,733,A
7-M,656,0,732,0,0,732,T
7-M,657,0,733,0,1,734,T
7-M,658,0,1,733,0,734,G
7-M,659,0,0,729,0,729,G
7-M,660,0,0,736,0,736,G
7-M,661,737,0,0,0,737,A
7-M,662,0,1,0,732,733,C
7-M,663,0,715,0,0,715,T
7-M,664,0,0,0,712,712,C
7-M,665,715,0,1,0,716,A
7-M,666,0,736,0,1,737,T
7-M,667,0,0,0,732,732,C
7-M,668,0,0,0,727,727,C
7-M,669,0,712,0,2,714,T
7-M,670,713,0,0,0,713,A
7-M,671,0,0,726,0,726,G
7-M,672,0,772,0,0,772,T
7-M,673,0,767,0,0,767,T
7-M,674,0,0,0,762,762,C
7-M,675,0,0,0,735,735,C
7-M,676,731,0,2,0,733,A
7-M,677,0,0,749,0,749,G
7-M,678,0,745,0,2,747,T
7-M,679,743,0,1,0,744,A
7-M,680,0,0,0,743,743,C
7-M,681,0,661,0,1,662,T
7-M,682,0,0,691,0,691,G
7-M,683,0,0,709,0,709,G
7-M,684,0,704,0,0,704,T
7-M,685,0,0,0,710,710,C
7-M,686,0,686,0,4,690,T
7-M,687,690,0,0,0,690,A
7-M,688,688,0,0,0,688,A
7-M,689,0,1,692,0,693,G
7-M,690,679,0,1,0,680,A
7-M,691,0,0,671,0,671,G
7-M,692,621,0,0,0,621,A
7-M,693,0,619,0,1,620,T
7-M,694,0,0,618,0,618,G
7-M,695,618,0,1,1,620,A
7-M,696,1,610,0,0,611,T
7-M,697,0,0,0,619,619,C
7-M,698,0,606,0,1,607,T
7-M,699,0,606,0,0,606,T
7-M,700,1,0,0,610,611,C
7-M,701,0,612,0,0,612,T
7-M,702,0,607,0,0,607,T
7-M,703,0,0,610,0,610,G
7-M,704,609,0,0,0,609,A
7-M,705,605,0,0,0,605,A
7-M,706,610,0,1,0,611,A
7-M,707,614,0,0,0,614,A
7-M,708,0,614,0,0,614,T
7-M,709,0,617,0,0,617,T
7-M,710,0,614,0,1,615,T
7-M,711,0,0,614,0,614,G
7-M,712,0,0,0,614,614,C
7-M,713,614,0,3,0,617,A
7-M,714,0,1,623,0,624,G
7-M,715,621,0,1,0,622,A
7-M,716,1,0,0,640,641,C
7-M,717,0,0,0,638,638,C
7-M,718,0,635,0,0,635,T
7-M,719,649,0,0,0,649,A
7-M,720,0,643,0,2,645,T
7-M,721,0,0,0,648,648,C
7-M,722,650,0,0,0,650,A
7-M,723,0,1,647,0,648,G
7-M,724,641,0,0,0,641,A
7-M,725,626,0,0,0,626,A
7-M,726,629,0,2,0,631,A
7-M,727,1,0,0,632,633,C
7-M,728,0,1,629,0,630,G
7-M,729,621,0,0,1,622,A
7-M,730,622,0,1,0,623,A
7-M,731,0,623,0,0,623,T
7-M,732,1,0,625,0,626,G
7-M,733,0,0,637,0,637,G
7-M,734,0,0,630,0,630,G
7-M,735,0,1,633,0,634,G
7-M,736,1,0,646,0,647,G
7-M,737,0,630,0,0,630,T
7-M,738,1,0,626,0,627,G
7-M,739,0,0,0,628,628,C
7-M,740,628,0,0,0,628,A
7-M,741,2,1,636,0,639,G
7-M,742,632,0,1,0,633,A
7-M,743,0,634,0,0,634,T
7-M,744,0,1,629,0,630,G
7-M,745,0,0,0,628,628,C
7-M,746,626,0,0,0,626,A
7-M,747,626,1,0,0,627,A
7-M,748,0,0,0,632,632,C
7-M,749,0,0,638,0,638,G
7-M,750,635,0,0,0,635,A
7-M,751,0,636,0,1,637,T
7-M,752,0,635,0,1,636,T
7-M,753,0,0,0,641,641,C
7-M,754,628,0,0,0,628,A
7-M,755,629,0,0,0,629,A
7-M,756,0,0,630,0,630,G
7-M,757,0,619,0,0,619,T
7-M,758,0,0,608,0,608,G
7-M,759,609,0,1,0,610,A
7-M,760,0,0,0,611,611,C
7-M,761,0,1,0,596,597,C
7-M,762,0,1,0,595,596,C
7-M,763,0,0,603,0,603,G
7-M,764,0,0,0,599,599,C
7-M,765,0,599,0,1,600,T
7-M,766,0,604,0,0,604,T
7-M,767,1,0,602,0,603,G
7-M,768,0,605,0,0,605,T
7-M,769,0,600,0,0,600,T
7-M,770,0,0,600,0,600,G
7-M,771,0,589,0,0,589,T
7-M,772,0,579,0,1,580,T
7-M,773,0,0,583,0,583,G
7-M,774,0,0,0,576,576,C
7-M,775,0,0,0,572,572,C
7-M,776,0,1,579,0,580,G
7-M,777,0,0,0,573,573,C
7-M,778,1,0,578,0,579,G
7-M,779,579,0,0,0,579,A
7-M,780,586,0,0,0,586,A
7-M,781,0,584,0,1,585,T
7-M,782,585,0,2,0,587,A
7-M,783,0,592,0,0,592,T
7-M,784,0,2,0,601,603,C
7-M,785,603,0,0,0,603,A
7-M,786,0,598,0,0,598,T
7-M,787,0,598,0,0,598,T
7-M,788,0,0,601,0,601,G
7-M,789,0,0,596,0,596,G
7-M,790,0,0,591,0,591,G
7-M,791,586,0,0,0,586,A
7-M,792,0,584,0,0,584,T
7-M,793,0,0,0,573,573,C
7-M,794,0,568,0,1,569,T
7-M,795,0,571,0,0,571,T
7-M,796,0,0,586,0,586,G
7-M,797,0,0,0,584,584,C
7-M,798,588,0,0,0,588,A
7-M,799,0,0,0,593,593,C
7-M,800,0,575,0,0,575,T
7-M,801,1,580,1,0,582,T
7-M,802,0,0,583,0,583,G
7-M,803,591,0,1,0,592,A
7-M,804,0,595,0,0,595,T
7-M,805,587,0,0,0,587,A
7-M,806,0,587,0,0,587,T
7-M,807,0,579,0,0,579,T
7-M,808,2,0,580,0,582,G
7-M,809,0,578,0,0,578,T
7-M,810,0,0,568,0,568,G
7-M,811,1,0,568,0,569,G
7-M,812,562,0,0,0,562,A
7-M,813,0,562,0,0,562,T
7-M,814,0,554,0,3,557,T
7-M,815,0,0,0,554,554,C
7-M,816,0,554,1,1,556,T
7-M,817,0,548,0,0,548,T
7-M,818,0,0,549,0,549,G
7-M,819,537,0,1,1,539,A
7-M,820,0,546,0,0,546,T
7-M,821,0,0,0,534,534,C
7-M,822,0,0,538,0,538,G
7-M,823,0,530,0,3,533,T
7-M,824,0,0,0,533,533,C
7-M,825,0,529,0,2,531,T
7-M,826,0,535,0,0,535,T
7-M,827,0,533,0,0,533,T
7-M,828,0,535,0,0,535,T
7-M,829,0,535,0,0,535,T
7-M,830,0,538,0,0,538,T
7-M,831,0,533,0,1,534,T
7-M,832,0,1,0,534,535,C
7-M,833,530,0,1,0,531,A
7-M,834,531,0,0,0,531,A
7-M,835,529,0,0,0,529,A
7-M,836,0,533,0,0,533,T
7-M,837,0,0,534,0,534,G
7-M,838,0,0,0,535,535,C
7-M,839,0,0,536,0,536,G
7-M,840,0,542,0,0,542,T
7-M,841,0,0,0,545,545,C
7-M,842,0,544,0,0,544,T
7-M,843,544,0,1,0,545,A
7-M,844,0,545,0,0,545,T
7-M,845,0,1,0,542,543,C
7-M,846,0,0,541,0,541,G
7-M,847,533,0,0,0,533,A
7-M,848,0,0,0,533,533,C
7-M,849,0,498,0,1,499,T
7-M,850,0,0,0,521,521,C
7-M,851,0,507,0,1,508,T
7-M,852,0,512,0,1,513,T
7-M,853,0,1,0,513,514,C
7-M,854,513,0,0,0,513,A
7-M,855,512,0,0,0,512,A
7-M,856,509,0,0,0,509,A
7-M,857,0,0,0,510,510,C
7-M,858,505,0,1,0,506,A
7-M,859,0,0,0,483,483,C
7-M,860,0,0,462,0,462,G
7-M,861,0,0,489,0,489,G
7-M,862,0,0,0,485,485,C
7-M,863,0,0,0,493,493,C
7-M,864,0,489,0,0,489,T
7-M,865,0,490,0,0,490,T
7-M,866,491,0,0,0,491,A
7-M,867,491,0,1,0,492,A
7-M,868,488,0,0,0,488,A
7-M,869,482,0,0,0,482,A
7-M,870,0,0,444,0,444,G
7-M,871,1,0,408,0,409,G
7-M,872,0,1,410,0,411,G
7-M,873,0,0,412,1,413,G
7-M,874,0,0,0,411,411,C
7-M,875,1,0,0,406,407,C
7-M,876,0,0,0,413,413,C
7-M,877,0,418,0,0,418,T
7-M,878,0,419,0,1,420,T
7-M,879,0,0,0,424,424,C
7-M,880,0,414,0,0,414,T
7-M,881,417,0,0,0,417,A
7-M,882,0,0,0,418,418,C
7-M,883,0,1,405,0,406,G
7-M,884,0,0,409,0,409,G
7-M,885,399,0,0,0,399,A
7-M,886,396,1,0,0,397,A
7-M,887,0,0,392,0,392,G
7-M,888,0,0,399,0,399,G
7-M,889,393,0,0,0,393,A
7-M,890,0,0,398,0,398,G
7-M,891,0,397,0,0,397,T
7-M,892,400,0,1,0,401,A
7-M,893,0,0,0,398,398,C
7-M,894,0,0,0,401,401,C
7-M,895,0,394,0,0,394,T
7-M,896,0,0,398,0,398,G
7-M,897,372,0,1,0,373,A
7-M,898,0,0,384,0,384,G
7-M,899,0,363,0,1,364,T
7-M,900,0,1,0,365,366,C
7-M,901,0,356,0,0,356,T
7-M,902,354,0,0,0,354,A
7-M,903,0,349,0,1,350,T
7-M,904,0,0,356,0,356,G
7-M,905,344,0,0,0,344,A
7-M,906,0,0,342,0,342,G
7-M,907,0,0,309,0,309,G
7-M,908,0,0,309,0,309,G
7-M,909,309,0,1,0,310,A
7-M,910,309,0,0,0,309,A
7-M,911,0,0,306,0,306,G
7-M,912,305,0,1,0,306,A
7-M,913,307,0,0,0,307,A
7-M,914,0,305,0,0,305,T
7-M,915,299,0,0,0,299,A
7-M,916,0,297,0,0,297,T
7-M,917,0,0,0,292,292,C
7-M,918,0,1,295,0,296,G
7-M,919,295,0,0,0,295,A
7-M,920,294,0,0,0,294,A
7-M,921,295,0,0,0,295,A
7-M,922,0,0,293,0,293,G
7-M,923,0,0,295,0,295,G
7-M,924,294,0,0,0,294,A
7-M,925,290,0,2,0,292,A
7-M,926,0,0,0,294,294,C
7-M,927,284,0,1,0,285,A
7-M,928,0,0,288,0,288,G
7-M,929,0,0,0,288,288,C
7-M,930,282,0,0,0,282,A
7-M,931,0,0,283,1,284,G
7-M,932,249,0,0,0,249,A
7-M,933,250,0,0,0,250,A
7-M,934,0,248,0,0,248,T
7-M,935,0,0,241,0,241,G
7-M,936,0,0,0,240,240,C
7-M,937,0,228,0,0,228,T
7-M,938,0,0,227,0,227,G
7-M,939,0,225,0,0,225,T
7-M,940,0,0,225,0,225,G
7-M,941,0,0,225,0,225,G
7-M,942,217,0,0,0,217,A
7-M,943,0,215,0,1,216,T
7-M,944,0,0,209,0,209,G
7-M,945,0,0,0,202,202,C
7-M,946,0,181,0,0,181,T
7-M,947,0,0,178,0,178,G
7-M,948,179,0,0,0,179,A
7-M,949,0,0,0,177,177,C
7-M,950,0,0,176,0,176,G
7-M,951,172,0,1,0,173,A
7-M,952,0,0,0,174,174,C
7-M,953,169,0,1,0,170,A
7-M,954,0,0,171,0,171,G
7-M,955,0,169,0,0,169,T
7-M,956,0,0,0,168,168,C
7-M,957,168,0,0,0,168,A
7-M,958,0,165,0,0,165,T
7-M,959,0,165,0,0,165,T
7-M,960,0,165,0,0,165,T
7-M,961,0,156,0,0,156,T
7-M,962,0,0,156,0,156,G
7-M,963,0,151,0,0,151,T
7-M,964,0,0,0,151,151,C
7-M,965,141,0,0,0,141,A
7-M,966,0,0,141,0,141,G
7-M,967,0,0,0,140,140,C
7-M,968,141,0,0,0,141,A
7-M,969,0,141,0,0,141,T
7-M,970,134,0,0,0,134,A
7-M,971,0,0,133,0,133,G
7-M,972,134,0,0,0,134,A
7-M,973,0,0,134,0,134,G
7-M,974,0,132,0,0,132,T
7-M,975,0,89,0,0,89,T
7-M,976,0,0,87,0,87,G
7-M,977,0,0,87,0,87,G
7-M,978,88,0,0,0,88,A
7-M,979,0,0,88,0,88,G
7-M,980,0,62,0,0,62,T
7-M,981,52,0,0,0,52,A
7-M,982,49,0,0,0,49,A
8-NS,1,256,0,0,0,256,A
8-NS,2,0,258,0,0,258,T
8-NS,3,0,0,281,0,281,G
8-NS,4,0,0,304,0,304,G
8-NS,5,328,0,0,0,328,A
8-NS,6,0,628,0,0,628,T
8-NS,7,0,626,0,1,627,T
8-NS,8,0,0,0,663,663,C
8-NS,9,0,0,0,666,666,C
8-NS,10,665,1,0,0,666,A
8-NS,11,666,0,3,0,669,A
8-NS,12,0,2,0,670,672,C
8-NS,13,675,0,0,0,675,A
8-NS,14,0,0,0,681,681,C
8-NS,15,0,681,0,1,682,T
8-NS,16,0,0,761,0,761,G
8-NS,17,0,760,0,2,762,T
8-NS,18,0,0,771,0,771,G
8-NS,19,1,766,0,3,770,T
8-NS,20,0,0,0,774,774,C
8-NS,21,776,0,0,0,776,A
8-NS,22,772,0,2,0,774,A
8-NS,23,0,0,798,0,798,G
8-NS,24,0,814,0,0,814,T
8-NS,25,0,812,0,0,812,T
8-NS,26,0,820,0,0,820,T
8-NS,27,0,2,0,821,823,C
8-NS,28,0,0,0,823,823,C
8-NS,29,821,0,1,1,823,A
8-NS,30,0,0,849,0,849,G
8-NS,31,1,0,852,0,853,G
8-NS,32,0,859,0,0,859,T
8-NS,33,860,0,0,0,860,A
8-NS,34,0,1,872,0,873,G
8-NS,35,860,0,2,1,863,A
8-NS,36,1,869,0,1,871,T
8-NS,37,0,875,0,1,876,T
8-NS,38,0,0,884,0,884,G
8-NS,39,0,1,0,885,886,C
8-NS,40,0,884,0,2,886,T
8-NS,41,0,893,0,0,893,T
8-NS,42,0,894,0,1,895,T
8-NS,43,0,1,0,910,911,C
8-NS,44,0,907,0,4,911,T
8-NS,45,0,912,0,0,912,T
8-NS,46,0,908,0,2,910,T
8-NS,47,1,0,923,0,924,G
8-NS,48,0,0,918,0,918,G
8-NS,49,0,0,1,927,928,C
8-NS,50,922,0,1,0,923,A
8-NS,51,0,932,0,0,932,T
8-NS,52,936,0,0,0,936,A
8-NS,53,0,950,0,1,951,T
8-NS,54,0,0,0,955,955,C
8-NS,55,1,2,0,951,954,C
8-NS,56,1,0,953,0,954,G
8-NS,57,0,1,956,0,957,G
8-NS,58,958,1,1,0,960,A
8-NS,59,963,0,1,0,964,A
8-NS,60,975,0,2,0,977,A
8-NS,61,0,0,0,1022,1022,C
8-NS,62,1027,0,0,0,1027,A
8-NS,63,1031,0,0,0,1031,A
8-NS,64,0,0,1076,0,1076,G
8-NS,65,1,1078,0,4,1083,T
8-NS,66,1,1076,0,0,1077,T
8-NS,67,0,0,1077,0,1077,G
8-NS,68,0,1077,0,1,1078,T
8-NS,69,1071,0,0,0,1071,A
8-NS,70,0,1,1085,0,1086,G
8-NS,71,1103,0,4,0,1107,A
8-NS,72,0,2,0,1129,1131,C
8-NS,73,2,0,1,1118,1121,C
8-NS,74,1122,0,2,0,1124,A
8-NS,75,1124,0,0,0,1124,A
8-NS,76,1113,0,2,0,1115,A
8-NS,77,1142,0,1,1,1144,A
8-NS,78,1147,0,1,0,1148,A
8-NS,79,0,0,0,1151,1151,C
8-NS,80,0,1130,1,0,1131,T
8-NS,81,1,1,1147,0,1149,G
8-NS,82,1136,0,1,0,1137,A
8-NS,83,3,0,1162,0,1165,G
8-NS,84,0,1163,0,1,1164,T
8-NS,85,0,0,1154,0,1154,G
8-NS,86,1160,0,1,0,1161,A
8-NS,87,1,1162,0,1,1164,T
8-NS,88,0,0,1186,0,1186,G
8-NS,89,0,0,0,1213,1213,C
8-NS,90,0,2,0,1217,1219,C
8-NS,91,1,0,0,1221,1222,C
8-NS,92,0,0,0,1214,1214,C
8-NS,93,1220,0,0,0,1220,A
8-NS,94,0,1246,0,2,1248,T
8-NS,95,0,1254,0,0,1254,T
8-NS,96,1,0,0,1270,1271,C
8-NS,97,0,0,0,1264,1264,C
8-NS,98,0,1257,0,4,1261,T
8-NS,99,0,1251,0,1,1252,T
8-NS,100,0,2,1244,0,1246,G
8-NS,101,1239,0,0,0,1239,A
8-NS,102,0,1237,0,1,1238,T
8-NS,103,0,0,0,1238,1238,C
8-NS,104,0,0,1222,0,1222,G
8-NS,105,0,0,1250,0,1250,G
8-NS,106,0,0,0,1252,1252,C
8-NS,107,0,1243,0,1,1244,T
8-NS,108,0,1253,0,0,1253,T
8-NS,109,11,0,0,1236,1247,C
8-NS,110,0,0,1261,1,1262,G
8-NS,111,0,1,0,1262,1263,C
8-NS,112,0,1,0,1259,1260,C
8-NS,113,0,1,1268,2,1271,G
8-NS,114,1240,0,0,0,1240,A
8-NS,115,0,0,1357,1,1358,G
8-NS,116,1353,1,0,0,1354,A
8-NS,117,0,1361,0,1,1362,T
8-NS,118,3,0,0,1360,1363,C
8-NS,119,1343,0,1,0,1344,A
8-NS,120,0,0,1360,0,1360,G
8-NS,121,1358,0,2,0,1360,A
8-NS,122,0,0,1374,0,1374,G
8-NS,123,0,0,1395,0,1395,G
8-NS,124,0,1385,0,3,1388,T
8-NS,125,0,0,0,1463,1463,C
8-NS,126,0,0,0,1459,1459,C
8-NS,127,1,0,0,1477,1478,C
8-NS,128,0,1479,0,2,1481,T
8-NS,129,1476,0,0,0,1476,A
8-NS,130,1474,0,1,0,1475,A
8-NS,131,3,1,1536,0,1540,G
8-NS,132,0,1,1550,0,1551,G
8-NS,133,0,0,1533,0,1533,G
8-NS,134,0,0,1494,0,1494,G
8-NS,135,1476,0,2,0,1478,A
8-NS,136,1483,0,2,0,1485,A
8-NS,137,1,0,1506,0,1507,G
8-NS,138,1577,0,2,0,1579,A
8-NS,139,0,0,1612,0,1612,G
8-NS,140,0,2,1591,0,1593,G
8-NS,141,1,0,0,1590,1591,C
8-NS,142,1582,0,3,0,1585,A
8-NS,143,1587,1,3,0,1591,A
8-NS,144,0,1597,0,0,1597,T
8-NS,145,1610,0,0,0,1610,A
8-NS,146,0,0,0,1641,1641,C
8-NS,147,1,1593,0,1,1595,T
8-NS,148,2,0,0,1591,1593,C
8-NS,149,0,1560,0,5,1565,T
8-NS,150,0,0,0,1597,1597,C
8-NS,151,2,0,1613,0,1615,G
8-NS,152,0,0,1727,0,1727,G
8-NS,153,1,1713,0,2,1716,T
8-NS,154,1,0,0,1740,1741,C
8-NS,155,0,1729,0,3,1732,T
8-NS,156,1751,0,0,0,1751,A
8-NS,157,0,1,1755,0,1756,G
8-NS,158,1755,0,4,0,1759,A
8-NS,159,0,0,0,1841,1841,C
8-NS,160,1816,0,2,0,1818,A
8-NS,161,0,1786,0,0,1786,T
8-NS,162,0,0,1,1785,1786,C
8-NS,163,1782,0,0,0,1782,A
8-NS,164,1784,0,2,0,1786,A
8-NS,165,1769,0,4,0,1773,A
8-NS,166,1,0,1778,0,1779,G
8-NS,167,0,1,0,1794,1795,C
8-NS,168,1754,0,4,0,1758,A
8-NS,169,1,0,1763,0,1764,G
8-NS,170,0,1,0,1748,1749,C
8-NS,171,1,0,1,1755,1757,C
8-NS,172,1769,0,2,0,1771,A
8-NS,173,1,0,0,1794,1795,C
8-NS,174,0,1,0,1792,1793,C
8-NS,175,3,0,0,1790,1793,C
8-NS,176,1806,0,1,0,1807,A
8-NS,177,0,1813,0,1,1814,T
8-NS,178,0,0,1822,0,1822,G
8-NS,179,0,1816,0,2,1818,T
8-NS,180,0,1811,0,2,1813,T
8-NS,181,1,0,1817,0,1818,G
8-NS,182,0,0,1803,0,1803,G
8-NS,183,1798,0,3,0,1801,A
8-NS,184,1800,0,1,0,1801,A
8-NS,185,1767,0,7,0,1774,A
8-NS,186,1,0,1793,0,1794,G
8-NS,187,0,0,0,1788,1788,C
8-NS,188,1787,0,0,0,1787,A
8-NS,189,1773,1,2,0,1776,A
8-NS,190,1777,0,3,0,1780,A
8-NS,191,0,1806,0,0,1806,T
8-NS,192,1,1791,0,0,1792,T
8-NS,193,0,0,1844,0,1844,G
8-NS,194,0,1840,0,1,1841,T
8-NS,195,1832,0,5,0,1837,A
8-NS,196,0,1,1831,0,1832,G
8-NS,197,1832,0,0,0,1832,A
8-NS,198,1817,0,4,1,1822,A
8-NS,199,1833,0,0,0,1833,A
8-NS,200,1821,0,3,0,1824,A
8-NS,201,0,0,1838,0,1838,G
8-NS,202,1797,0,0,0,1797,A
8-NS,203,0,1803,0,0,1803,T
8-NS,204,0,1803,0,1,1804,T
8-NS,205,0,0,0,1806,1806,C
8-NS,206,0,1795,1,3,1799,T
8-NS,207,3,1,1797,1,1802,G
8-NS,208,1799,1,0,1,1801,A
8-NS,209,1792,0,1,0,1793,A
8-NS,210,1798,0,3,0,1801,A
8-NS,211,0,0,1805,1,1806,G
8-NS,212,1801,0,1,0,1802,A
8-NS,213,1809,0,1,0,1810,A
8-NS,214,1,0,1823,0,1824,G
8-NS,215,1851,0,2,0,1853,A
8-NS,216,1860,0,1,1,1862,A
8-NS,217,0,1863,0,1,1864,T
8-NS,218,1,0,0,1901,1902,C
8-NS,219,1,1901,0,0,1902,T
8-NS,220,0,1,1901,0,1902,G
8-NS,221,1899,0,5,0,1904,A
8-NS,222,0,1900,0,1,1901,T
8-NS,223,0,0,1896,0,1896,G
8-NS,224,1873,1,3,0,1877,A
8-NS,225,0,0,1882,0,1882,G
8-NS,226,2,3,1883,0,1888,G
8-NS,227,0,0,0,1878,1878,C
8-NS,228,1884,0,2,0,1886,A
8-NS,229,0,0,0,1869,1869,C
8-NS,230,0,1869,0,0,1869,T
8-NS,231,0,1,0,1863,1864,C
8-NS,232,1940,0,1,0,1941,A
8-NS,233,1954,0,0,0,1954,A
8-NS,234,1948,0,1,0,1949,A
8-NS,235,1950,0,3,0,1953,A
8-NS,236,0,1966,1,0,1967,T
8-NS,237,1,0,1978,0,1979,G
8-NS,238,1982,0,2,0,1984,A
8-NS,239,0,2,0,1989,1991,C
8-NS,240,3,1,0,1957,1961,C
8-NS,241,1951,0,1,0,1952,A
8-NS,242,0,1942,1,3,1946,T
8-NS,243,1,1,1996,0,1998,G
8-NS,244,0,0,2012,0,2012,G
8-NS,245,0,1993,0,4,1997,T
8-NS,246,1,1,0,2109,2111,C
8-NS,247,0,2082,0,7,2089,T
8-NS,248,0,3,0,2111,2114,C
8-NS,249,1,3,0,2111,2115,C
8-NS,250,2122,0,1,1,2124,A
8-NS,251,1,0,0,2116,2117,C
8-NS,252,2071,0,2,0,2073,A
8-NS,253,1,0,0,2072,2073,C
8-NS,254,0,1,0,2053,2054,C
8-NS,255,0,1,0,1860,1861,C
8-NS,256,0,0,1879,0,1879,G
8-NS,257,2,1,0,1886,1889,C
8-NS,258,0,1875,0,1,1876,T
8-NS,259,0,1907,0,0,1907,T
8-NS,260,1,1,0,1896,1898,C
8-NS,261,0,0,1917,0,1917,G
8-NS,262,1,0,0,1924,1925,C
8-NS,263,1,0,1921,0,1922,G
8-NS,264,2006,1,2,0,2009,A
8-NS,265,0,2002,0,8,2010,T
8-NS,266,2089,0,2,0,2091,A
8-NS,267,0,0,0,2110,2110,C
8-NS,268,2089,0,2,0,2091,A
8-NS,269,0,2153,1,2,2156,T
8-NS,270,2136,1,1,0,2138,A
8-NS,271,2153,0,3,0,2156,A
8-NS,272,0,0,0,2150,2150,C
8-NS,273,2,2041,0,4,2047,T
8-NS,274,0,1,2076,0,2077,G
8-NS,275,2030,0,3,0,2033,A
8-NS,276,0,0,0,2047,2047,C
8-NS,277,2044,0,3,0,2047,A
8-NS,278,0,2005,0,2,2007,T
8-NS,279,1,0,2015,0,2016,G
8-NS,280,2009,0,5,0,2014,A
8-NS,281,0,0,0,2087,2087,C
8-NS,282,0,2078,0,0,2078,T
8-NS,283,2076,0,16,0,2092,A
8-NS,284,1,2096,0,2,2099,T
8-NS,285,0,2063,0,3,2066,T
8-NS,286,0,0,2075,0,2075,G
8-NS,287,2059,0,0,1,2060,A
8-NS,288,0,0,2055,0,2055,G
8-NS,289,0,4,2045,1,2050,G
8-NS,290,1995,0,1,0,1996,A
8-NS,291,2001,0,3,0,2004,A
8-NS,292,0,1975,0,0,1975,T
8-NS,293,0,1975,0,0,1975,T
8-NS,294,3,2,2012,0,2017,G
8-NS,295,1,2011,0,3,2015,T
8-NS,296,1,0,0,2014,2015,C
8-NS,297,2018,1,2,0,2021,A
8-NS,298,2025,0,2,0,2027,A
8-NS,299,2,1,2021,0,2024,G
8-NS,300,2034,0,2,0,2036,A
8-NS,301,2037,0,0,0,2037,A
8-NS,302,2040,0,3,0,2043,A
8-NS,303,0,0,0,2044,2044,C
8-NS,304,0,2008,1,1,2010,T
8-NS,305,0,1,2064,0,2065,G
8-NS,306,0,0,2088,0,2088,G
8-NS,307,0,2088,0,0,2088,T
8-NS,308,0,2086,0,6,2092,T
8-NS,309,2,2,0,2081,2085,C
8-NS,310,2085,1,5,1,2092,A
8-NS,311,1,2114,0,3,2118,T
8-NS,312,1,1,2131,0,2133,G
8-NS,313,1,1,0,2142,2144,C
8-NS,314,0,2104,0,1,2105,T
8-NS,315,2071,0,1,0,2072,A
8-NS,316,2131,0,4,0,2135,A
8-NS,317,1,2155,0,2,2158,T
8-NS,318,0,0,2166,0,2166,G
8-NS,319,0,2,0,2154,2156,C
8-NS,320,0,0,0,2137,2137,C
8-NS,321,1,1,0,2126,2128,C
8-NS,322,2105,0,2,0,2107,A
8-NS,323,2123,0,1,0,2124,A
8-NS,324,11,0,2120,0,2131,G
8-NS,325,0,0,0,2138,2138,C
8-NS,326,2125,0,2,0,2127,A
8-NS,327,0,0,2156,0,2156,G
8-NS,328,2126,1,3,0,2130,A
8-NS,329,2151,0,2,0,2153,A
8-NS,330,2147,0,1,1,2149,A
8-NS,331,1,0,2219,0,2220,G
8-NS,332,0,2196,0,1,2197,T
8-NS,333,2,0,2190,1,2193,G
8-NS,334,0,0,2189,0,2189,G
8-NS,335,2188,0,3,0,2191,A
8-NS,336,2187,1,4,1,2193,A
8-NS,337,1,0,2184,0,2185,G
8-NS,338,1,1,2205,0,2207,G
8-NS,339,2211,1,4,0,2216,A
8-NS,340,1,1,0,2209,2211,C
8-NS,341,1,1,0,2195,2197,C
8-NS,342,0,2181,0,3,2184,T
8-NS,343,1,0,1,2250,2252,C
8-NS,344,0,2246,1,1,2248,T
8-NS,345,1,2247,0,0,2248,T
8-NS,346,0,2248,0,3,2251,T
8-NS,347,2,0,2241,0,2243,G
8-NS,348,0,0,0,2271,2271,C
8-NS,349,2257,0,1,0,2258,A
8-NS,350,1,2236,0,4,2241,T
8-NS,351,0,0,0,2256,2256,C
8-NS,352,2169,0,3,0,2172,A
8-NS,353,1,0,2255,0,2256,G
8-NS,354,2247,0,3,0,2250,A
8-NS,355,2251,0,2,0,2253,A
8-NS,356,0,2243,0,2,2245,T
8-NS,357,1,0,2247,0,2248,G
8-NS,358,2,3,2252,0,2257,G
8-NS,359,2257,0,4,0,2261,A
8-NS,360,1,0,0,2262,2263,C
8-NS,361,0,2,0,2208,2210,C
8-NS,362,2172,1,2,0,2175,A
8-NS,363,1,2,2200,0,2203,G
8-NS,364,2,0,2198,0,2200,G
8-NS,365,1,0,0,2195,2196,C
8-NS,366,2183,0,1,0,2184,A
8-NS,367,2194,0,1,0,2195,A
8-NS,368,1,2175,0,4,2180,T
8-NS,369,0,2,0,2188,2190,C
8-NS,370,2188,1,1,0,2190,A
8-NS,371,3,2178,0,1,2182,T
8-NS,372,0,0,2168,0,2168,G
8-NS,373,1,1,2173,0,2175,G
8-NS,374,2154,0,2,0,2156,A
8-NS,375,1,0,2193,0,2194,G
8-NS,376,2156,0,0,0,2156,A
8-NS,377,2158,0,1,0,2159,A
8-NS,378,2155,1,2,0,2158,A
8-NS,379,2145,0,1,1,2147,A
8-NS,380,2163,0,6,0,2169,A
8-NS,381,0,1,0,2184,2185,C
8-NS,382,2168,1,1,0,2170,A
8-NS,383,0,2149,0,2,2151,T
8-NS,384,0,0,0,2141,2141,C
8-NS,385,2131,0,4,0,2135,A
8-NS,386,0,2135,0,0,2135,T
8-NS,387,2,1,2145,0,2148,G
8-NS,388,0,2141,0,4,2145,T
8-NS,389,0,2120,0,2,2122,T
8-NS,390,0,0,2125,0,2125,G
8-NS,391,2116,0,0,0,2116,A
8-NS,392,2114,0,1,0,2115,A
8-NS,393,2120,0,0,0,2120,A
8-NS,394,2,1,2126,0,2129,G
8-NS,395,0,0,0,2114,2114,C
8-NS,396,1,2,2122,0,2125,G
8-NS,397,2111,0,1,1,2113,A
8-NS,398,2120,2,1,0,2123,A
8-NS,399,0,2110,0,4,2114,T
8-NS,400,0,2108,1,2,2111,T
8-NS,401,0,2108,0,0,2108,T
8-NS,402,0,0,1,2120,2121,C
8-NS,403,2109,0,0,0,2109,A
8-NS,404,0,0,2117,0,2117,G
8-NS,405,0,2103,0,2,2105,T
8-NS,406,1,0,2100,0,2101,G
8-NS,407,0,2099,0,0,2099,T
8-NS,408,1,1,2112,0,2114,G
8-NS,409,2128,0,0,0,2128,A
8-NS,410,0,2128,0,1,2129,T
8-NS,411,0,2118,0,1,2119,T
8-NS,412,2,2113,0,3,2118,T
8-NS,413,0,2120,0,1,2121,T
8-NS,414,0,2120,0,0,2120,T
8-NS,415,3,1,2114,0,2118,G
8-NS,416,2118,0,6,0,2124,A
8-NS,417,0,1,0,2124,2125,C
8-NS,418,1,2,0,2087,2090,C
8-NS,419,1,0,2115,0,2116,G
8-NS,420,2231,1,2,0,2234,A
8-NS,421,0,0,0,2287,2287,C
8-NS,422,0,2288,0,1,2289,T
8-NS,423,2294,0,1,0,2295,A
8-NS,424,0,0,2298,1,2299,G
8-NS,425,2295,0,5,0,2300,A
8-NS,426,2,0,2335,0,2337,G
8-NS,427,2338,0,4,0,2342,A
8-NS,428,0,0,0,2405,2405,C
8-NS,429,0,3,0,2270,2273,C
8-NS,430,2202,0,1,1,2204,A
8-NS,431,0,2332,0,1,2333,T
8-NS,432,2317,0,3,0,2320,A
8-NS,433,1,0,2494,0,2495,G
8-NS,434,0,2471,0,2,2473,T
8-NS,435,2450,0,0,0,2450,A
8-NS,436,0,2445,0,2,2447,T
8-NS,437,0,2358,0,1,2359,T
8-NS,438,2442,0,1,0,2443,A
8-NS,439,0,0,0,2440,2440,C
8-NS,440,0,2332,0,0,2332,T
8-NS,441,2320,0,0,1,2321,A
8-NS,442,2095,0,1,0,2096,A
8-NS,443,2,2,2120,1,2125,G
8-NS,444,0,0,2120,0,2120,G
8-NS,445,1,1,2102,0,2104,G
8-NS,446,1,0,0,2087,2088,C
8-NS,447,2,2025,0,8,2035,T
8-NS,448,0,2030,0,5,2035,T
8-NS,449,0,2054,0,1,2055,T
8-NS,450,1,1,1,2062,2065,C
8-NS,451,2084,1,1,0,2086,A
8-NS,452,0,0,1,2091,2092,C
8-NS,453,0,2,0,2047,2049,C
8-NS,454,1,1,2051,0,2053,G
8-NS,455,2042,0,0,0,2042,A
8-NS,456,2037,5,7,0,2049,A
8-NS,457,0,0,2061,0,2061,G
8-NS,458,2038,0,0,0,2038,A
8-NS,459,1,0,2069,1,2071,G
8-NS,460,0,1,2035,0,2036,G
8-NS,461,1,0,2052,0,2053,G
8-NS,462,2044,0,4,0,2048,A
8-NS,463,0,0,2059,0,2059,G
8-NS,464,0,0,0,2048,2048,C
8-NS,465,2048,0,1,0,2049,A
8-NS,466,2045,0,1,0,2046,A
8-NS,467,0,2043,0,1,2044,T
8-NS,468,0,2030,0,1,2031,T
8-NS,469,0,0,2045,0,2045,G
8-NS,470,0,2018,0,3,2021,T
8-NS,471,0,2022,0,0,2022,T
8-NS,472,0,1,2021,0,2022,G
8-NS,473,0,0,2018,0,2018,G
8-NS,474,0,2,0,2019,2021,C
8-NS,475,0,1,2014,0,2015,G
8-NS,476,2025,0,0,0,2025,A
8-NS,477,2030,0,0,0,2030,A
8-NS,478,2039,1,1,0,2041,A
8-NS,479,0,2043,0,4,2047,T
8-NS,480,1,0,0,2045,2046,C
8-NS,481,0,2026,0,1,2027,T
8-NS,482,0,1,0,2033,2034,C
8-NS,483,2041,1,3,0,2045,A
8-NS,484,0,0,0,2057,2057,C
8-NS,485,0,0,0,2046,2046,C
8-NS,486,2043,0,1,0,2044,A
8-NS,487,0,2034,1,2,2037,T
8-NS,488,0,2014,0,2,2016,T
8-NS,489,0,0,2038,0,2038,G
8-NS,490,0,1,0,2029,2030,C
8-NS,491,0,1,0,2028,2029,C
8-NS,492,1,2023,0,8,2032,T
8-NS,493,0,2001,0,6,2007,T
8-NS,494,0,1,0,2019,2020,C
8-NS,495,1,2007,0,7,2015,T
8-NS,496,0,2017,0,1,2018,T
8-NS,497,0,2027,0,6,2033,T
8-NS,498,2,2025,0,2,2029,T
8-NS,499,1,1,0,2028,2030,C
8-NS,500,0,1,0,2028,2029,C
8-NS,501,2015,1,1,0,2017,A
8-NS,502,2,2,2064,0,2068,G
8-NS,503,2,2,2044,0,2048,G
8-NS,504,2104,1,1,0,2106,A
8-NS,505,0,0,0,2101,2101,C
8-NS,506,2119,0,4,0,2123,A
8-NS,507,0,2129,0,1,2130,T
8-NS,508,2131,0,2,3,2136,A
8-NS,509,0,0,0,2282,2282,C
8-NS,510,1,2270,0,4,2275,T
8-NS,511,2246,0,3,0,2249,A
8-NS,512,0,2241,0,1,2242,T
8-NS,513,0,2163,0,2,2165,T
8-NS,514,0,0,2170,0,2170,G
8-NS,515,2076,0,4,0,2080,A
8-NS,516,0,0,2095,0,2095,G
8-NS,517,2,0,2074,0,2076,G
8-NS,518,1861,0,1,0,1862,A
8-NS,519,0,1870,0,2,1872,T
8-NS,520,0,0,1852,0,1852,G
8-NS,521,0,1847,0,0,1847,T
8-NS,522,0,0,0,1850,1850,C
8-NS,523,1855,0,3,0,1858,A
8-NS,524,1852,0,0,0,1852,A
8-NS,525,1858,0,0,0,1858,A
8-NS,526,1841,0,0,1,1842,A
8-NS,527,1869,0,0,0,1869,A
8-NS,528,0,1873,0,0,1873,T
8-NS,529,0,1,1864,0,1865,G
8-NS,530,1,0,0,1876,1877,C
8-NS,531,1863,0,1,0,1864,A
8-NS,532,1884,0,1,0,1885,A
8-NS,533,0,1876,0,2,1878,T
8-NS,534,0,1887,0,0,1887,T
8-NS,535,1,1,1887,1,1890,G
8-NS,536,4,1,1865,0,1870,G
8-NS,537,1,0,1865,0,1866,G
8-NS,538,0,0,1890,0,1890,G
8-NS,539,0,1834,0,4,1838,T
8-NS,540,1,0,0,1857,1858,C
8-NS,541,0,1,0,1844,1845,C
8-NS,542,1,1839,0,8,1848,T
8-NS,543,0,0,0,1876,1876,C
8-NS,544,1878,2,0,0,1880,A
8-NS,545,0,1876,0,3,1879,T
8-NS,546,0,0,0,1875,1875,C
8-NS,547,1,1,1857,0,1859,G
8-NS,548,0,0,1860,0,1860,G
8-NS,549,1810,0,0,0,1810,A
8-NS,550,1,1,1814,0,1816,G
8-NS,551,0,0,1840,0,1840,G
8-NS,552,1808,0,1,0,1809,A
8-NS,553,0,2,0,1845,1847,C
8-NS,554,0,1828,0,1,1829,T
8-NS,555,0,1822,1,2,1825,T
8-NS,556,1,1,1837,0,1839,G
8-NS,557,1826,0,1,0,1827,A
8-NS,558,1827,0,1,0,1828,A
8-NS,559,0,1821,0,1,1822,T
8-NS,560,0,1,1759,0,1760,G
8-NS,561,0,0,1803,0,1803,G
8-NS,562,1771,1,2,0,1774,A
8-NS,563,1785,1,4,1,1791,A
8-NS,564,1,1862,0,0,1863,T
8-NS,565,3,0,1874,0,1877,G
8-NS,566,1878,0,3,0,1881,A
8-NS,567,1,1884,0,2,1887,T
8-NS,568,1881,0,3,0,1884,A
8-NS,569,1896,3,2,0,1901,A
8-NS,570,0,1,0,1886,1887,C
8-NS,571,1869,0,3,0,1872,A
8-NS,572,0,0,0,1886,1886,C
8-NS,573,1724,0,4,2,1730,A
8-NS,574,0,1,1773,0,1774,G
8-NS,575,0,1758,0,3,1761,T
8-NS,576,1,1751,0,2,1754,T
8-NS,577,0,0,0,1761,1761,C
8-NS,578,0,0,1734,0,1734,G
8-NS,579,1730,1,2,0,1733,A
8-NS,580,0,0,1744,0,1744,G
8-NS,581,0,1688,0,6,1694,T
8-NS,582,0,0,1,1710,1711,C
8-NS,583,0,1635,1,2,1638,T
8-NS,584,0,0,0,1670,1670,C
8-NS,585,0,1667,0,0,1667,T
8-NS,586,1670,0,0,0,1670,A
8-NS,587,1670,0,1,0,1671,A
8-NS,588,1664,1,2,0,1667,A
8-NS,589,1690,0,2,0,1692,A
8-NS,590,1696,0,0,0,1696,A
8-NS,591,0,1672,0,0,1672,T
8-NS,592,0,0,0,1691,1691,C
8-NS,593,0,1665,0,1,1666,T
8-NS,594,1674,0,0,0,1674,A
8-NS,595,0,0,0,1672,1672,C
8-NS,596,1666,0,3,0,1669,A
8-NS,597,0,0,1676,0,1676,G
8-NS,598,1617,0,0,0,1617,A
8-NS,599,0,0,1648,0,1648,G
8-NS,600,1637,0,4,0,1641,A
8-NS,601,0,1615,0,2,1617,T
8-NS,602,0,1617,0,2,1619,T
8-NS,603,0,1,0,1623,1624,C
8-NS,604,0,0,1633,0,1633,G
8-NS,605,0,0,0,1630,1630,C
8-NS,606,0,1623,0,2,1625,T
8-NS,607,0,1629,0,0,1629,T
8-NS,608,1,0,1609,0,1610,G
8-NS,609,0,1,1622,0,1623,G
8-NS,610,1608,0,2,0,1610,A
8-NS,611,0,0,1625,0,1625,G
8-NS,612,1601,0,3,0,1604,A
8-NS,613,1602,0,1,1,1604,A
8-NS,614,1,0,1659,0,1660,G
8-NS,615,0,0,0,1669,1669,C
8-NS,616,1658,0,6,0,1664,A
8-NS,617,3,0,1703,0,1706,G
8-NS,618,0,1685,0,0,1685,T
8-NS,619,1678,0,4,0,1682,A
8-NS,620,1686,0,0,0,1686,A
8-NS,621,0,1692,0,0,1692,T
8-NS,622,0,1,1697,0,1698,G
8-NS,623,1606,1,3,0,1610,A
8-NS,624,0,1,1665,0,1666,G
8-NS,625,1644,0,4,0,1648,A
8-NS,626,1627,1,0,0,1628,A
8-NS,627,0,1626,0,0,1626,T
8-NS,628,0,3,1611,0,1614,G
8-NS,629,1,1,1625,0,1627,G
8-NS,630,1,1,1608,0,1610,G
8-NS,631,0,0,1599,0,1599,G
8-NS,632,0,0,1609,0,1609,G
8-NS,633,1546,0,3,0,1549,A
8-NS,634,0,0,0,1577,1577,C
8-NS,635,2,0,0,1569,1571,C
8-NS,636,0,1535,0,2,1537,T
8-NS,637,0,1,1,1546,1548,C
8-NS,638,0,0,0,1549,1549,C
8-NS,639,1548,0,1,0,1549,A
8-NS,640,0,2,0,1550,1552,C
8-NS,641,0,1517,0,5,1522,T
8-NS,642,0,1514,0,2,1516,T
8-NS,643,1466,0,0,0,1466,A
8-NS,644,0,0,0,1493,1493,C
8-NS,645,0,1470,0,1,1471,T
8-NS,646,2,0,0,1472,1474,C
8-NS,647,0,0,0,1446,1446,C
8-NS,648,1418,0,0,0,1418,A
8-NS,649,1419,0,1,0,1420,A
8-NS,650,1415,0,1,0,1416,A
8-NS,651,1419,0,1,0,1420,A
8-NS,652,0,1,0,1418,1419,C
8-NS,653,1305,1,1,0,1307,A
8-NS,654,1,0,1305,0,1306,G
8-NS,655,1293,1,1,0,1295,A
8-NS,656,1288,0,1,0,1289,A
8-NS,657,1297,0,1,0,1298,A
8-NS,658,0,0,0,1305,1305,C
8-NS,659,0,3,1305,0,1308,G
8-NS,660,0,0,1305,0,1305,G
8-NS,661,0,0,1306,0,1306,G
8-NS,662,1307,0,0,0,1307,A
8-NS,663,1294,0,0,0,1294,A
8-NS,664,1296,0,0,0,1296,A
8-NS,665,0,1301,0,0,1301,T
8-NS,666,0,0,1343,0,1343,G
8-NS,667,0,0,1341,0,1341,G
8-NS,668,1,1,0,1334,1336,C
8-NS,669,0,0,1332,0,1332,G
8-NS,670,1331,0,1,0,1332,A
8-NS,671,1,0,1339,0,1340,G
8-NS,672,1339,1,0,0,1340,A
8-NS,673,1339,0,0,0,1339,A
8-NS,674,0,0,0,1349,1349,C
8-NS,675,1321,0,3,0,1324,A
8-NS,676,1,0,1318,0,1319,G
8-NS,677,1,0,0,1317,1318,C
8-NS,678,0,1308,0,4,1312,T
8-NS,679,1314,0,2,0,1316,A
8-NS,680,0,0,1305,0,1305,G
8-NS,681,2,0,1304,0,1306,G
8-NS,682,0,1298,0,3,1301,T
8-NS,683,0,0,0,1263,1263,C
8-NS,684,1265,0,0,0,1265,A
8-NS,685,1265,0,0,0,1265,A
8-NS,686,1261,1,0,0,1262,A
8-NS,687,1282,0,1,0,1283,A
8-NS,688,0,0,1309,0,1309,G
8-NS,689,0,1248,0,2,1250,T
8-NS,690,0,1246,0,1,1247,T
8-NS,691,0,1249,0,0,1249,T
8-NS,692,0,0,1258,1,1259,G
8-NS,693,1253,0,1,0,1254,A
8-NS,694,1256,0,1,0,1257,A
8-NS,695,0,0,1265,0,1265,G
8-NS,696,1223,0,0,0,1223,A
8-NS,697,0,0,1245,0,1245,G
8-NS,698,1232,0,1,0,1233,A
8-NS,699,0,1244,0,0,1244,T
8-NS,700,1240,0,1,0,1241,A
8-NS,701,1233,0,1,0,1234,A
8-NS,702,3,0,1229,0,1232,G
8-NS,703,1135,0,2,0,1137,A
8-NS,704,0,1140,0,0,1140,T
8-NS,705,0,0,1142,0,1142,G
8-NS,706,0,0,1146,1,1147,G
8-NS,707,0,0,0,1136,1136,C
8-NS,708,0,1132,0,2,1134,T
8-NS,709,1135,0,0,0,1135,A
8-NS,710,1138,1,1,0,1140,A
8-NS,711,0,1151,0,0,1151,T
8-NS,712,0,1153,0,1,1154,T
8-NS,713,2,0,1145,0,1147,G
8-NS,714,1140,0,3,0,1143,A
8-NS,715,1138,1,0,0,1139,A
8-NS,716,0,0,1144,0,1144,G
8-NS,717,1145,0,1,0,1146,A
8-NS,718,1136,0,0,0,1136,A
8-NS,719,1,0,1147,0,1148,G
8-NS,720,0,1121,0,0,1121,T
8-NS,721,0,0,1126,0,1126,G
8-NS,722,1113,0,0,0,1113,A
8-NS,723,0,0,1118,0,1118,G
8-NS,724,1112,0,3,0,1115,A
8-NS,725,0,0,0,1117,1117,C
8-NS,726,1106,0,1,0,1107,A
8-NS,727,0,1,0,1103,1104,C
8-NS,728,1037,0,2,0,1039,A
8-NS,729,0,0,1063,0,1063,G
8-NS,730,1059,0,4,0,1063,A
8-NS,731,0,1059,0,2,1061,T
8-NS,732,0,1057,0,1,1058,T
8-NS,733,1057,0,1,0,1058,A
8-NS,734,1056,0,0,0,1056,A
8-NS,735,1056,0,1,0,1057,A
8-NS,736,1053,0,0,0,1053,A
8-NS,737,1051,0,1,0,1052,A
8-NS,738,0,0,0,1022,1022,C
8-NS,739,963,0,1,0,964,A
8-NS,740,972,0,0,0,972,A
8-NS,741,0,0,0,971,971,C
8-NS,742,0,971,0,0,971,T
8-NS,743,0,0,983,0,983,G
8-NS,744,982,0,0,0,982,A
8-NS,745,980,0,0,0,980,A
8-NS,746,977,0,0,0,977,A
8-NS,747,960,0,0,0,960,A
8-NS,748,0,951,0,3,954,T
8-NS,749,936,0,3,0,939,A
8-NS,750,0,0,955,0,955,G
8-NS,751,0,0,0,953,953,C
8-NS,752,0,923,1,2,926,T
8-NS,753,0,926,0,0,926,T
8-NS,754,0,923,0,0,923,T
8-NS,755,0,0,918,0,918,G
8-NS,756,920,0,1,0,921,A
8-NS,757,919,0,2,0,921,A
8-NS,758,0,0,0,922,922,C
8-NS,759,884,0,1,0,885,A
8-NS,760,893,0,1,0,894,A
8-NS,761,891,0,0,0,891,A
8-NS,762,0,893,0,0,893,T
8-NS,763,887,0,3,0,890,A
8-NS,764,873,0,1,0,874,A
8-NS,765,0,0,0,876,876,C
8-NS,766,871,0,0,0,871,A
8-NS,767,0,852,0,1,853,T
8-NS,768,0,832,0,2,834,T
8-NS,769,0,2,0,842,844,C
8-NS,770,840,0,1,0,841,A
8-NS,771,0,838,0,1,839,T
8-NS,772,0,0,839,0,839,G
8-NS,773,0,1,0,816,817,C
8-NS,774,806,0,1,0,807,A
8-NS,775,801,0,3,0,804,A
8-NS,776,0,0,802,0,802,G
8-NS,777,0,0,1,811,812,C
8-NS,778,798,0,0,0,798,A
8-NS,779,0,787,0,2,789,T
8-NS,780,0,789,0,1,790,T
8-NS,781,790,0,3,0,793,A
8-NS,782,0,0,0,787,787,C
8-NS,783,774,0,2,0,776,A
8-NS,784,770,0,4,0,774,A
8-NS,785,0,1,0,768,769,C
8-NS,786,0,630,1,0,631,T
8-NS,787,0,0,629,0,629,G
8-NS,788,0,0,0,613,613,C
8-NS,789,0,586,1,0,587,T
8-NS,790,0,0,587,0,587,G
8-NS,791,0,557,0,1,558,T
8-NS,792,0,562,0,0,562,T
8-NS,793,0,560,0,1,561,T
8-NS,794,0,0,548,0,548,G
8-NS,795,547,0,2,0,549,A
8-NS,796,539,0,1,0,540,A
8-NS,797,0,0,539,0,539,G
8-NS,798,0,529,0,0,529,T
8-NS,799,0,0,485,0,485,G
8-NS,800,0,0,484,0,484,G
8-NS,801,482,0,0,0,482,A
8-NS,802,480,0,1,0,481,A
8-NS,803,0,0,0,479,479,C
8-NS,804,464,0,1,0,465,A
8-NS,805,0,0,465,0,465,G
8-NS,806,0,0,449,0,449,G
8-NS,807,431,0,0,0,431,A
8-NS,808,0,0,438,0,438,G
8-NS,809,368,0,2,0,370,A
8-NS,810,0,368,0,0,368,T
8-NS,811,366,0,1,0,367,A
8-NS,812,359,0,2,0,361,A
8-NS,813,0,0,363,0,363,G
8-NS,814,315,0,1,0,316,A
8-NS,815,314,0,0,0,314,A
8-NS,816,0,0,0,307,307,C
8-NS,817,0,237,0,0,237,T
8-NS,818,0,226,0,0,226,T
8-NS,819,0,224,1,0,225,T
8-NS,820,0,1,0,224,225,C
8-NS,821,1,223,0,0,224,T
8-NS,822,0,0,0,219,219,C
8-NS,823,210,0,1,0,211,A
8-NS,824,0,211,0,0,211,T
8-NS,825,0,204,0,0,204,T
8-NS,826,1,203,0,0,204,T
8-NS,827,0,0,0,203,203,C
8-NS,828,193,2,1,0,196,A
8-NS,829,0,0,195,0,195,G
8-NS,830,0,0,0,195,195,C
8-NS,831,0,173,0,1,174,T
8-NS,832,0,170,0,0,170,T
8-NS,833,165,0,0,0,165,A
8-NS,834,0,160,0,0,160,T
8-NS,835,0,163,0,0,163,T
8-NS,836,0,161,0,0,161,T
8-NS,837,155,0,0,0,155,A
8-NS,838,149,0,0,0,149,A
8-NS,839,0,149,0,0,149,T
8-NS,840,0,0,148,0,148,G
8-NS,841,142,0,0,0,142,A
8-NS,842,0,129,0,0,129,T
8-NS,843,126,0,1,0,127,A
8-NS,844,128,0,0,0,128,A
8-NS,845,127,0,1,0,128,A
8-NS,846,126,0,1,0,127,A
8-NS,847,128,0,0,0,128,A
8-NS,848,123,0,1,0,124,A
8-NS,849,0,0,0,123,123,C
8-NS,850,105,0,0,0,105,A
8-NS,851,0,0,0,105,105,C
8-NS,852,0,0,0,99,99,C
8-NS,853,1,0,0,95,96,C
8-NS,854,0,90,0,0,90,T
8-NS,855,1,84,0,0,85,T
8-NS,856,0,0,86,0,86,G
8-NS,857,0,79,0,0,79,T
8-NS,858,0,74,0,0,74,T
8-NS,859,0,72,0,0,72,T
8-NS,860,0,0,0,21,21,C
8-NS,861,0,17,0,0,17,T
8-NS,862,14,0,0,0,14,A
8-NS,863,0,0,0,14,14,C
