Gene,Position,A,T,G,C,Coverage,Consensus
1-PB2,1,78,0,0,0,78,A
1-PB2,2,0,78,0,0,78,T
1-PB2,3,0,0,78,0,78,G
1-PB2,4,0,0,80,0,80,G
1-PB2,5,80,0,0,0,80,A
1-PB2,6,79,0,0,0,79,A
1-PB2,7,80,0,0,0,80,A
1-PB2,8,0,0,78,0,78,G
1-PB2,9,80,0,0,0,80,A
1-PB2,10,0,0,80,0,80,G
1-PB2,11,0,85,0,0,85,T
1-PB2,12,86,0,0,0,86,A
1-PB2,13,85,0,1,0,86,A
1-PB2,14,85,0,0,0,85,A
1-PB2,15,86,0,0,0,86,A
1-PB2,16,0,0,87,0,87,G
1-PB2,17,88,0,0,0,88,A
1-PB2,18,89,0,0,0,89,A
1-PB2,19,0,0,0,91,91,C
1-PB2,20,0,92,0,0,92,T
1-PB2,21,92,0,0,0,92,A
1-PB2,22,0,0,0,94,94,C
1-PB2,23,0,0,94,0,94,G
1-PB2,24,0,0,93,0,93,G
1-PB2,25,94,0,0,0,94,A
1-PB2,26,93,0,0,0,93,A
1-PB2,27,0,93,0,0,93,T
1-PB2,28,0,0,0,97,97,C
1-PB2,29,0,96,0,0,96,T
1-PB2,30,0,0,99,0,99,G
1-PB2,31,98,0,0,0,98,A
1-PB2,32,0,100,0,0,100,T
1-PB2,33,0,0,100,0,100,G
1-PB2,34,0,101,0,0,101,T
1-PB2,35,0,0,0,102,102,C
1-PB2,36,0,0,103,0,103,G
1-PB2,37,0,0,0,103,103,C
1-PB2,38,102,0,0,0,102,A
1-PB2,39,0,0,110,0,110,G
1-PB2,40,0,110,0,0,110,T
1-PB2,41,0,0,0,111,111,C
1-PB2,42,0,107,0,0,107,T
1-PB2,43,0,0,0,110,110,C
1-PB2,44,0,0,110,0,110,G
1-PB2,45,0,0,0,110,110,C
1-PB2,46,111,0,0,0,111,A
1-PB2,47,0,0,0,112,112,C
1-PB2,48,0,112,0,0,112,T
1-PB2,49,0,0,0,111,111,C
1-PB2,50,0,0,112,0,112,G
1-PB2,51,0,0,0,110,110,C
1-PB2,52,0,0,111,0,111,G
1-PB2,53,111,0,0,0,111,A
1-PB2,54,0,0,111,0,111,G
1-PB2,55,115,0,0,0,115,A
1-PB2,56,0,115,0,0,115,T
1-PB2,57,116,0,0,0,116,A
1-PB2,58,0,0,0,115,115,C
1-PB2,59,0,116,0,0,116,T
1-PB2,60,0,0,116,0,116,G
1-PB2,61,114,0,1,0,115,A
1-PB2,62,0,0,0,114,114,C
1-PB2,63,115,0,0,0,115,A
1-PB2,64,116,0,0,0,116,A
1-PB2,65,116,0,0,0,116,A
1-PB2,66,116,0,0,0,116,A
1-PB2,67,118,0,0,0,118,A
1-PB2,68,0,0,0,118,118,C
1-PB2,69,0,0,0,116,116,C
1-PB2,70,118,0,0,0,118,A
1-PB2,71,0,0,0,120,120,C
1-PB2,72,118,0,0,0,118,A
1-PB2,73,0,0,124,0,124,G
1-PB2,74,0,122,0,0,122,T
1-PB2,75,0,0,124,0,124,G
1-PB2,76,0,0,124,0,124,G
1-PB2,77,123,0,0,0,123,A
1-PB2,78,0,0,0,127,127,C
1-PB2,79,0,0,0,127,127,C
1-PB2,80,132,0,0,0,132,A
1-PB2,81,0,131,0,0,131,T
1-PB2,82,127,0,0,0,127,A
1-PB2,83,1,128,0,0,129,T
1-PB2,84,0,0,126,0,126,G
1-PB2,85,0,0,127,0,127,G
1-PB2,86,0,0,0,126,126,C
1-PB2,87,0,0,0,124,124,C
1-PB2,88,123,0,0,0,123,A
1-PB2,89,0,126,0,0,126,T
1-PB2,90,123,0,0,0,123,A
1-PB2,91,134,0,0,0,134,A
1-PB2,92,0,135,0,0,135,T
1-PB2,93,0,135,0,0,135,T
1-PB2,94,138,0,0,0,138,A
1-PB2,95,138,0,0,0,138,A
1-PB2,96,0,0,142,0,142,G
1-PB2,97,140,0,0,0,140,A
1-PB2,98,140,0,0,0,140,A
1-PB2,99,0,0,145,0,145,G
1-PB2,100,0,146,0,0,146,T
1-PB2,101,148,0,0,0,148,A
1-PB2,102,0,0,0,149,149,C
1-PB2,103,150,0,1,0,151,A
1-PB2,104,0,0,0,152,152,C
1-PB2,105,150,0,0,0,150,A
1-PB2,106,0,150,0,0,150,T
1-PB2,107,0,0,0,152,152,C
1-PB2,108,0,0,149,0,149,G
1-PB2,109,0,0,146,0,146,G
1-PB2,110,0,0,151,0,151,G
1-PB2,111,0,0,145,0,145,G
1-PB2,112,150,0,0,0,150,A
1-PB2,113,0,0,149,0,149,G
1-PB2,114,151,0,0,0,151,A
1-PB2,115,0,0,0,150,150,C
1-PB2,116,149,0,0,0,149,A
1-PB2,117,0,0,153,0,153,G
1-PB2,118,0,0,157,0,157,G
1-PB2,119,157,0,0,0,157,A
1-PB2,120,156,0,0,0,156,A
1-PB2,121,158,0,0,0,158,A
1-PB2,122,156,0,0,0,156,A
1-PB2,123,0,0,160,0,160,G
1-PB2,124,158,0,0,0,158,A
1-PB2,125,159,0,0,0,159,A
1-PB2,126,0,0,0,160,160,C
1-PB2,127,0,0,0,156,156,C
1-PB2,128,0,0,0,157,157,C
1-PB2,129,0,0,155,0,155,G
1-PB2,130,0,156,0,1,157,T
1-PB2,131,0,0,0,157,157,C
1-PB2,132,160,0,0,0,160,A
1-PB2,133,0,0,0,163,163,C
1-PB2,134,0,163,0,0,163,T
1-PB2,135,0,163,0,0,163,T
1-PB2,136,159,0,0,0,159,A
1-PB2,137,0,0,161,0,161,G
1-PB2,138,0,0,162,0,162,G
1-PB2,139,161,0,0,0,161,A
1-PB2,140,0,160,0,0,160,T
1-PB2,141,0,0,166,0,166,G
1-PB2,142,166,0,0,0,166,A
1-PB2,143,166,0,0,0,166,A
1-PB2,144,165,0,0,0,165,A
1-PB2,145,0,166,0,0,166,T
1-PB2,146,0,0,164,0,164,G
1-PB2,147,0,0,168,0,168,G
1-PB2,148,167,0,0,0,167,A
1-PB2,149,0,167,0,0,167,T
1-PB2,150,0,0,164,0,164,G
1-PB2,151,162,0,0,0,162,A
1-PB2,152,0,161,0,0,161,T
1-PB2,153,0,0,161,0,161,G
1-PB2,154,0,0,164,0,164,G
1-PB2,155,0,0,0,165,165,C
1-PB2,156,163,0,0,0,163,A
1-PB2,157,168,0,0,0,168,A
1-PB2,158,0,167,0,1,168,T
1-PB2,159,0,0,174,0,174,G
1-PB2,160,173,0,0,0,173,A
1-PB2,161,172,0,1,0,173,A
1-PB2,162,174,0,0,0,174,A
1-PB2,163,0,170,0,0,170,T
1-PB2,164,174,0,0,0,174,A
1-PB2,165,0,0,0,179,179,C
1-PB2,166,0,0,0,179,179,C
1-PB2,167,0,0,0,179,179,C
1-PB2,168,178,0,0,0,178,A
1-PB2,169,179,0,0,0,179,A
1-PB2,170,0,180,0,0,180,T
1-PB2,171,0,0,0,179,179,C
1-PB2,172,177,0,0,0,177,A
1-PB2,173,0,0,0,185,185,C
1-PB2,174,0,183,0,0,183,T
1-PB2,175,0,0,183,0,183,G
1-PB2,176,0,0,0,182,182,C
1-PB2,177,0,183,0,0,183,T
1-PB2,178,0,0,186,0,186,G
1-PB2,179,185,0,0,0,185,A
1-PB2,180,0,0,0,189,189,C
1-PB2,181,188,0,0,0,188,A
1-PB2,182,187,0,0,0,187,A
1-PB2,183,186,0,0,0,186,A
1-PB2,184,189,0,0,0,189,A
1-PB2,185,0,0,188,0,188,G
1-PB2,186,0,0,187,0,187,G
1-PB2,187,184,0,0,0,184,A
1-PB2,188,0,186,0,0,186,T
1-PB2,189,187,0,0,0,187,A
1-PB2,190,191,0,0,0,191,A
1-PB2,191,0,0,0,192,192,C
1-PB2,192,193,0,0,0,193,A
1-PB2,193,0,0,191,0,191,G
1-PB2,194,190,0,0,0,190,A
1-PB2,195,190,0,0,0,190,A
1-PB2,196,190,0,0,0,190,A
1-PB2,197,0,190,0,0,190,T
1-PB2,198,0,0,189,0,189,G
1-PB2,199,184,0,0,0,184,A
1-PB2,200,0,187,0,0,187,T
1-PB2,201,0,186,0,0,186,T
1-PB2,202,0,0,0,189,189,C
1-PB2,203,0,0,0,188,188,C
1-PB2,204,189,0,0,0,189,A
1-PB2,205,0,0,189,0,189,G
1-PB2,206,189,0,0,0,189,A
1-PB2,207,0,0,191,0,191,G
1-PB2,208,187,0,0,0,187,A
1-PB2,209,0,0,189,0,189,G
1-PB2,210,189,0,0,0,189,A
1-PB2,211,190,0,1,0,191,A
1-PB2,212,188,0,0,0,188,A
1-PB2,213,0,191,0,0,191,T
1-PB2,214,0,0,191,0,191,G
1-PB2,215,192,0,0,0,192,A
1-PB2,216,191,0,0,0,191,A
1-PB2,217,0,0,0,189,189,C
1-PB2,218,188,0,0,0,188,A
1-PB2,219,192,0,0,0,192,A
1-PB2,220,0,0,194,0,194,G
1-PB2,221,0,0,195,0,195,G
1-PB2,222,197,0,0,0,197,A
1-PB2,223,0,0,0,196,196,C
1-PB2,224,198,0,0,0,198,A
1-PB2,225,196,0,0,0,196,A
1-PB2,226,204,0,0,0,204,A
1-PB2,227,0,0,0,207,207,C
1-PB2,228,0,198,0,0,198,T
1-PB2,229,0,0,0,203,203,C
1-PB2,230,0,203,0,0,203,T
1-PB2,231,205,0,0,0,205,A
1-PB2,232,0,206,0,0,206,T
1-PB2,233,0,0,206,0,206,G
1-PB2,234,0,0,207,0,207,G
1-PB2,235,194,0,0,0,194,A
1-PB2,236,0,0,197,0,197,G
1-PB2,237,0,197,0,0,197,T
1-PB2,238,198,0,0,0,198,A
1-PB2,239,199,0,1,0,200,A
1-PB2,240,197,0,0,0,197,A
1-PB2,241,198,0,0,0,198,A
1-PB2,242,0,196,0,0,196,T
1-PB2,243,0,0,200,0,200,G
1-PB2,244,196,0,0,0,196,A
1-PB2,245,0,0,199,0,199,G
1-PB2,246,0,194,0,0,194,T
1-PB2,247,0,0,198,0,198,G
1-PB2,248,201,0,1,0,202,A
1-PB2,249,0,206,0,0,206,T
1-PB2,250,0,0,211,0,211,G
1-PB2,251,0,0,0,203,203,C
1-PB2,252,0,206,0,0,206,T
1-PB2,253,0,0,212,0,212,G
1-PB2,254,0,0,215,0,215,G
1-PB2,255,216,0,0,0,216,A
1-PB2,256,0,216,0,0,216,T
1-PB2,257,0,0,0,212,212,C
1-PB2,258,213,0,0,0,213,A
1-PB2,259,0,0,220,0,220,G
1-PB2,260,224,0,0,0,224,A
1-PB2,261,0,224,0,0,224,T
1-PB2,262,215,0,0,0,215,A
1-PB2,263,0,0,215,0,215,G
1-PB2,264,212,0,1,0,213,A
1-PB2,265,0,0,217,0,217,G
1-PB2,266,0,213,0,0,213,T
1-PB2,267,0,0,211,0,211,G
1-PB2,268,205,0,0,0,205,A
1-PB2,269,0,203,0,0,203,T
1-PB2,270,0,0,206,0,206,G
1-PB2,271,0,0,208,0,208,G
1-PB2,272,0,204,0,1,205,T
1-PB2,273,206,0,1,0,207,A
1-PB2,274,0,201,0,0,201,T
1-PB2,275,0,0,0,204,204,C
1-PB2,276,202,1,0,0,203,A
1-PB2,277,0,0,0,201,201,C
1-PB2,278,0,0,0,204,204,C
1-PB2,279,0,200,0,0,200,T
1-PB2,280,0,201,0,0,201,T
1-PB2,281,0,199,0,0,199,T
1-PB2,282,0,0,204,0,204,G
1-PB2,283,0,0,200,0,200,G
1-PB2,284,0,0,0,207,207,C
1-PB2,285,0,201,0,0,201,T
1-PB2,286,0,0,200,0,200,G
1-PB2,287,0,202,0,0,202,T
1-PB2,288,201,0,0,0,201,A
1-PB2,289,205,0,0,0,205,A
1-PB2,290,0,0,0,201,201,C
1-PB2,291,194,0,0,0,194,A
1-PB2,292,0,196,0,0,196,T
1-PB2,293,0,0,197,0,197,G
1-PB2,294,0,0,200,0,200,G
1-PB2,295,0,200,0,0,200,T
1-PB2,296,0,0,200,0,200,G
1-PB2,297,0,0,198,0,198,G
1-PB2,298,202,0,0,0,202,A
1-PB2,299,205,0,0,0,205,A
1-PB2,300,0,202,0,0,202,T
1-PB2,301,204,0,0,0,204,A
1-PB2,302,0,0,208,0,208,G
1-PB2,303,210,0,0,0,210,A
1-PB2,304,212,0,0,0,212,A
1-PB2,305,210,0,0,0,210,A
1-PB2,306,0,199,0,0,199,T
1-PB2,307,0,0,198,0,198,G
1-PB2,308,0,0,196,0,196,G
1-PB2,309,200,0,0,0,200,A
1-PB2,310,0,0,0,200,200,C
1-PB2,311,0,0,0,192,192,C
1-PB2,312,0,0,0,196,196,C
1-PB2,313,0,0,195,0,195,G
1-PB2,314,0,197,0,0,197,T
1-PB2,315,0,0,204,0,204,G
1-PB2,316,206,0,0,0,206,A
1-PB2,317,0,0,0,209,209,C
1-PB2,318,206,0,0,0,206,A
1-PB2,319,206,0,0,0,206,A
1-PB2,320,0,0,211,0,211,G
1-PB2,321,0,207,0,0,207,T
1-PB2,322,210,0,0,0,210,A
1-PB2,323,0,0,0,204,204,C
1-PB2,324,0,0,201,0,201,G
1-PB2,325,0,0,208,0,208,G
1-PB2,326,0,205,0,0,205,T
1-PB2,327,0,0,0,207,207,C
1-PB2,328,0,0,0,209,209,C
1-PB2,329,208,0,0,0,208,A
1-PB2,330,0,207,0,0,207,T
1-PB2,331,0,210,0,0,210,T
1-PB2,332,222,0,0,0,222,A
1-PB2,333,0,0,0,221,221,C
1-PB2,334,0,0,0,218,218,C
1-PB2,335,0,0,0,215,215,C
1-PB2,336,216,0,0,0,216,A
1-PB2,337,216,0,0,0,216,A
1-PB2,338,215,0,0,0,215,A
1-PB2,339,216,0,0,0,216,A
1-PB2,340,0,0,218,0,218,G
1-PB2,341,0,209,0,0,209,T
1-PB2,342,0,0,213,0,213,G
1-PB2,343,0,212,0,0,212,T
1-PB2,344,215,0,0,0,215,A
1-PB2,345,0,0,0,214,214,C
1-PB2,346,213,0,0,0,213,A
1-PB2,347,214,0,0,0,214,A
1-PB2,348,0,0,212,0,212,G
1-PB2,349,213,0,0,0,213,A
1-PB2,350,0,0,0,214,214,C
1-PB2,351,0,210,0,0,210,T
1-PB2,352,0,213,0,1,214,T
1-PB2,353,212,0,0,0,212,A
1-PB2,354,0,215,0,0,215,T
1-PB2,355,0,216,0,0,216,T
1-PB2,356,0,213,0,0,213,T
1-PB2,357,0,0,0,213,213,C
1-PB2,358,0,0,213,0,213,G
1-PB2,359,211,0,0,0,211,A
1-PB2,360,0,0,0,211,211,C
1-PB2,361,212,0,0,0,212,A
1-PB2,362,212,0,0,0,212,A
1-PB2,363,211,0,0,0,211,A
1-PB2,364,0,0,212,0,212,G
1-PB2,365,0,211,0,0,211,T
1-PB2,366,0,0,0,214,214,C
1-PB2,367,0,0,215,0,215,G
1-PB2,368,214,0,0,0,214,A
1-PB2,369,213,0,0,0,213,A
1-PB2,370,213,0,0,0,213,A
1-PB2,371,0,0,218,0,218,G
1-PB2,372,0,0,218,0,218,G
1-PB2,373,0,217,0,0,217,T
1-PB2,374,0,218,0,0,218,T
1-PB2,375,218,0,0,0,218,A
1-PB2,376,217,0,0,0,217,A
1-PB2,377,218,0,0,0,218,A
1-PB2,378,219,0,0,0,219,A
1-PB2,379,0,0,0,223,223,C
1-PB2,380,216,0,0,0,216,A
1-PB2,381,0,214,0,0,214,T
1-PB2,382,0,0,208,0,208,G
1-PB2,383,0,0,208,0,208,G
1-PB2,384,209,0,1,0,210,A
1-PB2,385,212,0,0,0,212,A
1-PB2,386,0,0,0,214,214,C
1-PB2,387,0,0,0,211,211,C
1-PB2,388,0,212,0,0,212,T
1-PB2,389,0,212,0,0,212,T
1-PB2,390,0,212,0,0,212,T
1-PB2,391,0,0,212,0,212,G
1-PB2,392,0,0,209,0,209,G
1-PB2,393,0,1,0,210,211,C
1-PB2,394,0,0,0,210,210,C
1-PB2,395,0,0,0,205,205,C
1-PB2,396,0,201,0,0,201,T
1-PB2,397,0,0,201,0,201,G
1-PB2,398,0,203,0,0,203,T
1-PB2,399,0,203,0,0,203,T
1-PB2,400,0,0,0,204,204,C
1-PB2,401,201,0,0,0,201,A
1-PB2,402,0,204,0,0,204,T
1-PB2,403,0,202,0,0,202,T
1-PB2,404,0,202,0,0,202,T
1-PB2,405,0,204,0,0,204,T
1-PB2,406,199,0,0,0,199,A
1-PB2,407,0,0,198,0,198,G
1-PB2,408,198,0,0,0,198,A
1-PB2,409,198,0,1,0,199,A
1-PB2,410,199,0,0,0,199,A
1-PB2,411,0,196,0,0,196,T
1-PB2,412,0,0,0,199,199,C
1-PB2,413,197,0,0,0,197,A
1-PB2,414,200,0,0,0,200,A
1-PB2,415,0,0,200,0,200,G
1-PB2,416,0,198,0,0,198,T
1-PB2,417,0,0,0,203,203,C
1-PB2,418,204,0,0,0,204,A
1-PB2,419,203,0,0,0,203,A
1-PB2,420,0,0,203,0,203,G
1-PB2,421,205,0,0,0,205,A
1-PB2,422,0,205,0,0,205,T
1-PB2,423,212,0,0,0,212,A
1-PB2,424,0,0,0,210,210,C
1-PB2,425,0,0,212,0,212,G
1-PB2,426,0,0,0,216,216,C
1-PB2,427,212,0,0,0,212,A
1-PB2,428,0,0,212,0,212,G
1-PB2,429,210,0,0,0,210,A
1-PB2,430,208,0,0,0,208,A
1-PB2,431,0,0,221,0,221,G
1-PB2,432,215,0,0,0,215,A
1-PB2,433,0,0,218,0,218,G
1-PB2,434,0,217,0,0,217,T
1-PB2,435,219,0,0,0,219,A
1-PB2,436,0,0,221,0,221,G
1-PB2,437,221,0,1,0,222,A
1-PB2,438,0,0,0,231,231,C
1-PB2,439,228,0,0,0,228,A
1-PB2,440,0,227,0,0,227,T
1-PB2,441,224,0,0,0,224,A
1-PB2,442,223,0,0,0,223,A
1-PB2,443,220,0,1,0,221,A
1-PB2,444,0,0,0,220,220,C
1-PB2,445,0,0,0,218,218,C
1-PB2,446,0,0,0,220,220,C
1-PB2,447,0,206,0,0,206,T
1-PB2,448,0,0,207,0,207,G
1-PB2,449,0,0,211,0,211,G
1-PB2,450,0,209,0,0,209,T
1-PB2,451,0,0,0,209,209,C
1-PB2,452,211,0,0,0,211,A
1-PB2,453,0,211,0,0,211,T
1-PB2,454,0,0,213,0,213,G
1-PB2,455,0,1,0,212,213,C
1-PB2,456,214,0,0,0,214,A
1-PB2,457,0,0,216,0,216,G
1-PB2,458,213,0,0,0,213,A
1-PB2,459,0,0,0,219,219,C
1-PB2,460,0,0,0,220,220,C
1-PB2,461,0,222,0,0,222,T
1-PB2,462,0,0,0,220,220,C
1-PB2,463,220,0,0,0,220,A
1-PB2,464,0,0,227,0,227,G
1-PB2,465,0,226,0,0,226,T
1-PB2,466,0,0,228,0,228,G
1-PB2,467,0,1,0,226,227,C
1-PB2,468,0,0,0,227,227,C
1-PB2,469,228,0,0,0,228,A
1-PB2,470,228,0,1,0,229,A
1-PB2,471,227,0,0,0,227,A
1-PB2,472,0,0,231,0,231,G
1-PB2,473,217,0,0,0,217,A
1-PB2,474,0,0,222,0,222,G
1-PB2,475,0,0,222,0,222,G
1-PB2,476,0,0,0,219,219,C
1-PB2,477,223,0,0,0,223,A
1-PB2,478,0,0,0,220,220,C
1-PB2,479,223,0,0,0,223,A
1-PB2,480,227,0,0,0,227,A
1-PB2,481,0,0,229,0,229,G
1-PB2,482,232,0,0,0,232,A
1-PB2,483,0,231,0,0,231,T
1-PB2,484,0,0,231,0,231,G
1-PB2,485,0,231,0,0,231,T
1-PB2,486,231,0,0,0,231,A
1-PB2,487,232,0,0,0,232,A
1-PB2,488,0,233,0,0,233,T
1-PB2,489,0,225,0,0,225,T
1-PB2,490,227,0,0,0,227,A
1-PB2,491,0,220,0,0,220,T
1-PB2,492,0,0,220,0,220,G
1-PB2,493,0,0,221,0,221,G
1-PB2,494,217,0,0,0,217,A
1-PB2,495,216,0,0,0,216,A
1-PB2,496,1,0,214,0,215,G
1-PB2,497,0,212,0,0,212,T
1-PB2,498,0,215,0,0,215,T
1-PB2,499,0,0,216,0,216,G
1-PB2,500,0,214,0,0,214,T
1-PB2,501,0,212,0,0,212,T
1-PB2,502,0,212,0,0,212,T
1-PB2,503,0,213,0,0,213,T
1-PB2,504,0,215,0,0,215,T
1-PB2,505,0,0,0,212,212,C
1-PB2,506,0,0,0,214,214,C
1-PB2,507,0,0,0,214,214,C
1-PB2,508,214,0,0,0,214,A
1-PB2,509,216,0,0,0,216,A
1-PB2,510,0,217,0,0,217,T
1-PB2,511,0,0,217,0,217,G
1-PB2,512,217,0,0,0,217,A
1-PB2,513,214,0,0,0,214,A
1-PB2,514,0,0,218,0,218,G
1-PB2,515,0,212,0,0,212,T
1-PB2,516,0,0,213,0,213,G
1-PB2,517,0,0,213,0,213,G
1-PB2,518,0,0,209,0,209,G
1-PB2,519,212,0,0,0,212,A
1-PB2,520,0,0,216,0,216,G
1-PB2,521,0,0,0,213,213,C
1-PB2,522,0,0,0,215,215,C
1-PB2,523,220,0,0,0,220,A
1-PB2,524,0,0,219,0,219,G
1-PB2,525,0,0,223,0,223,G
1-PB2,526,223,0,0,0,223,A
1-PB2,527,0,221,0,0,221,T
1-PB2,528,220,0,0,0,220,A
1-PB2,529,0,0,0,221,221,C
1-PB2,530,0,223,0,0,223,T
1-PB2,531,223,0,0,0,223,A
1-PB2,532,222,0,0,0,222,A
1-PB2,533,0,0,0,222,222,C
1-PB2,534,214,0,0,0,214,A
1-PB2,535,0,213,0,0,213,T
1-PB2,536,0,0,0,216,216,C
1-PB2,537,211,0,0,0,211,A
1-PB2,538,0,0,212,0,212,G
1-PB2,539,211,0,0,0,211,A
1-PB2,540,214,0,0,0,214,A
1-PB2,541,0,213,0,1,214,T
1-PB2,542,0,0,0,205,205,C
1-PB2,543,209,0,0,0,209,A
1-PB2,544,0,0,0,210,210,C
1-PB2,545,210,0,0,0,210,A
1-PB2,546,208,0,0,0,208,A
1-PB2,547,0,208,0,0,208,T
1-PB2,548,0,209,0,0,209,T
1-PB2,549,209,0,0,0,209,A
1-PB2,550,210,0,0,0,210,A
1-PB2,551,0,0,0,211,211,C
1-PB2,552,210,0,0,0,210,A
1-PB2,553,210,0,0,0,210,A
1-PB2,554,0,212,0,0,212,T
1-PB2,555,209,0,0,0,209,A
1-PB2,556,209,0,0,0,209,A
1-PB2,557,0,0,0,209,209,C
1-PB2,558,0,211,0,0,211,T
1-PB2,559,210,0,0,0,210,A
1-PB2,560,209,0,0,0,209,A
1-PB2,561,211,0,0,0,211,A
1-PB2,562,0,0,211,0,211,G
1-PB2,563,204,0,0,0,204,A
1-PB2,564,0,0,201,0,201,G
1-PB2,565,201,0,1,0,202,A
1-PB2,566,204,0,0,0,204,A
1-PB2,567,205,0,0,0,205,A
1-PB2,568,203,0,0,0,203,A
1-PB2,569,204,0,0,0,204,A
1-PB2,570,205,0,1,0,206,A
1-PB2,571,0,0,203,0,203,G
1-PB2,572,207,0,0,0,207,A
1-PB2,573,205,0,0,0,205,A
1-PB2,574,0,0,204,0,204,G
1-PB2,575,207,0,0,0,207,A
1-PB2,576,206,0,0,0,206,A
1-PB2,577,0,0,0,207,207,C
1-PB2,578,0,197,0,1,198,T
1-PB2,579,0,0,0,200,200,C
1-PB2,580,0,0,0,198,198,C
1-PB2,581,0,0,200,0,200,G
1-PB2,582,200,1,0,0,201,A
1-PB2,583,0,0,200,0,200,G
1-PB2,584,201,0,0,0,201,A
1-PB2,585,0,200,0,0,200,T
1-PB2,586,0,201,0,0,201,T
1-PB2,587,0,0,199,0,199,G
1-PB2,588,0,0,0,200,200,C
1-PB2,589,201,0,0,0,201,A
1-PB2,590,203,0,0,0,203,A
1-PB2,591,201,0,0,0,201,A
1-PB2,592,202,0,0,0,202,A
1-PB2,593,0,200,0,0,200,T
1-PB2,594,0,202,0,0,202,T
1-PB2,595,0,202,0,0,202,T
1-PB2,596,0,0,0,203,203,C
1-PB2,597,0,203,0,0,203,T
1-PB2,598,0,0,0,251,251,C
1-PB2,599,0,0,0,256,256,C
1-PB2,600,0,0,0,355,355,C
1-PB2,601,1,353,0,0,354,T
1-PB2,602,0,362,0,0,362,T
1-PB2,603,0,0,368,0,368,G
1-PB2,604,371,0,0,0,371,A
1-PB2,605,0,382,0,0,382,T
1-PB2,606,0,0,399,0,399,G
1-PB2,607,0,0,507,0,507,G
1-PB2,608,0,536,0,0,536,T
1-PB2,609,1,543,0,0,544,T
1-PB2,610,0,0,628,0,628,G
1-PB2,611,0,0,0,637,637,C
1-PB2,612,666,0,0,0,666,A
1-PB2,613,0,669,0,0,669,T
1-PB2,614,674,0,1,4,679,A
1-PB2,615,0,0,0,740,740,C
1-PB2,616,914,0,0,3,917,A
1-PB2,617,0,950,0,0,950,T
1-PB2,618,1,0,1026,0,1027,G
1-PB2,619,0,1021,0,0,1021,T
1-PB2,620,0,1021,0,0,1021,T
1-PB2,621,1024,0,0,0,1024,A
1-PB2,622,0,0,1023,0,1023,G
1-PB2,623,1051,0,2,0,1053,A
1-PB2,624,0,0,1061,0,1061,G
1-PB2,625,1057,0,1,0,1058,A
1-PB2,626,0,0,1062,0,1062,G
1-PB2,627,1043,0,0,0,1043,A
1-PB2,628,0,0,1061,0,1061,G
1-PB2,629,1065,0,0,0,1065,A
1-PB2,630,1077,0,1,0,1078,A
1-PB2,631,0,1,0,1083,1084,C
1-PB2,632,0,1085,0,0,1085,T
1-PB2,633,1,1088,0,0,1089,T
1-PB2,634,0,0,1092,0,1092,G
1-PB2,635,0,1089,0,0,1089,T
1-PB2,636,1094,0,1,0,1095,A
1-PB2,637,0,0,0,1089,1089,C
1-PB2,638,0,0,1084,0,1084,G
1-PB2,639,1084,0,0,0,1084,A
1-PB2,640,1083,0,0,0,1083,A
1-PB2,641,1096,0,0,0,1096,A
1-PB2,642,1097,0,0,0,1097,A
1-PB2,643,1095,0,1,1,1097,A
1-PB2,644,0,0,0,1100,1100,C
1-PB2,645,1100,0,0,0,1100,A
1-PB2,646,1103,0,0,0,1103,A
1-PB2,647,0,0,1107,0,1107,G
1-PB2,648,1111,0,0,0,1111,A
1-PB2,649,0,1113,0,0,1113,T
1-PB2,650,0,1112,0,0,1112,T
1-PB2,651,0,1119,0,0,1119,T
1-PB2,652,0,0,0,1128,1128,C
1-PB2,653,0,1127,0,2,1129,T
1-PB2,654,0,0,0,1129,1129,C
1-PB2,655,0,0,0,1129,1129,C
1-PB2,656,0,0,0,1132,1132,C
1-PB2,657,1134,0,1,0,1135,A
1-PB2,658,0,0,1147,0,1147,G
1-PB2,659,0,1151,0,0,1151,T
1-PB2,660,0,1145,0,0,1145,T
1-PB2,661,0,0,1146,0,1146,G
1-PB2,662,0,0,0,1141,1141,C
1-PB2,663,0,1142,0,1,1143,T
1-PB2,664,0,0,1149,0,1149,G
1-PB2,665,0,0,1143,0,1143,G
1-PB2,666,0,0,0,1140,1140,C
1-PB2,667,1,0,1145,0,1146,G
1-PB2,668,0,0,1162,0,1162,G
1-PB2,669,1162,0,1,0,1163,A
1-PB2,670,1165,0,1,0,1166,A
1-PB2,671,0,0,0,1172,1172,C
1-PB2,672,1173,0,0,0,1173,A
1-PB2,673,1177,0,1,0,1178,A
1-PB2,674,0,0,1231,0,1231,G
1-PB2,675,0,0,0,1255,1255,C
1-PB2,676,1262,0,2,0,1264,A
1-PB2,677,1,0,1640,0,1641,G
1-PB2,678,0,1643,0,0,1643,T
1-PB2,679,1657,0,0,0,1657,A
1-PB2,680,0,1655,0,0,1655,T
1-PB2,681,1657,0,1,0,1658,A
1-PB2,682,0,1662,0,0,1662,T
1-PB2,683,1641,0,0,0,1641,A
1-PB2,684,0,2,0,1658,1660,C
1-PB2,685,1599,0,1,0,1600,A
1-PB2,686,0,1517,0,1,1518,T
1-PB2,687,0,1486,0,0,1486,T
1-PB2,688,1,1,1480,0,1482,G
1-PB2,689,1476,2,0,0,1478,A
1-PB2,690,1475,0,0,0,1475,A
1-PB2,691,0,0,1490,0,1490,G
1-PB2,692,0,1477,0,0,1477,T
1-PB2,693,0,1483,0,0,1483,T
1-PB2,694,0,1486,0,1,1487,T
1-PB2,695,0,1491,0,0,1491,T
1-PB2,696,1504,0,1,0,1505,A
1-PB2,697,0,0,0,1506,1506,C
1-PB2,698,1515,0,0,0,1515,A
1-PB2,699,0,1506,0,3,1509,T
1-PB2,700,0,1508,0,0,1508,T
1-PB2,701,0,1509,0,0,1509,T
1-PB2,702,0,0,1517,0,1517,G
1-PB2,703,1509,0,1,0,1510,A
1-PB2,704,0,0,0,1534,1534,C
1-PB2,705,0,1527,0,0,1527,T
1-PB2,706,0,0,0,1523,1523,C
1-PB2,707,1526,0,4,0,1530,A
1-PB2,708,1,0,1525,0,1526,G
1-PB2,709,0,0,1561,0,1561,G
1-PB2,710,0,0,1550,0,1550,G
1-PB2,711,1555,0,3,0,1558,A
1-PB2,712,1561,0,3,3,1567,A
1-PB2,713,0,0,0,1569,1569,C
1-PB2,714,0,0,1585,0,1585,G
1-PB2,715,0,1578,0,0,1578,T
1-PB2,716,0,0,1596,0,1596,G
1-PB2,717,0,1572,0,0,1572,T
1-PB2,718,1,1584,0,0,1585,T
1-PB2,719,0,0,1586,0,1586,G
1-PB2,720,1,1,1581,0,1583,G
1-PB2,721,0,0,1591,0,1591,G
1-PB2,722,1561,0,0,0,1561,A
1-PB2,723,1574,1,1,0,1576,A
1-PB2,724,0,0,0,1622,1622,C
1-PB2,725,1618,1,0,0,1619,A
1-PB2,726,1665,0,0,0,1665,A
1-PB2,727,1676,0,0,0,1676,A
1-PB2,728,0,1686,0,0,1686,T
1-PB2,729,0,0,1707,0,1707,G
1-PB2,730,0,1692,0,3,1695,T
1-PB2,731,1701,0,0,0,1701,A
1-PB2,732,0,1,0,1701,1702,C
1-PB2,733,1678,0,1,0,1679,A
1-PB2,734,0,0,0,1682,1682,C
1-PB2,735,0,1636,0,0,1636,T
1-PB2,736,0,0,0,1819,1819,C
1-PB2,737,0,0,0,1818,1818,C
1-PB2,738,1848,0,2,0,1850,A
1-PB2,739,0,0,1878,0,1878,G
1-PB2,740,1,0,1901,0,1902,G
1-PB2,741,0,1877,0,0,1877,T
1-PB2,742,0,0,1897,0,1897,G
1-PB2,743,0,0,1845,0,1845,G
1-PB2,744,1819,1,1,0,1821,A
1-PB2,745,0,0,1847,0,1847,G
1-PB2,746,0,0,1842,0,1842,G
1-PB2,747,1812,1,0,0,1813,A
1-PB2,748,0,0,1846,0,1846,G
1-PB2,749,0,1807,0,2,1809,T
1-PB2,750,0,0,1836,0,1836,G
1-PB2,751,1826,0,0,0,1826,A
1-PB2,752,0,0,1837,0,1837,G
1-PB2,753,0,0,1846,0,1846,G
1-PB2,754,1840,0,0,0,1840,A
1-PB2,755,1845,0,1,0,1846,A
1-PB2,756,0,1843,0,0,1843,T
1-PB2,757,1,0,1839,0,1840,G
1-PB2,758,1823,0,3,0,1826,A
1-PB2,759,0,0,0,1833,1833,C
1-PB2,760,0,0,1843,0,1843,G
1-PB2,761,1849,0,1,0,1850,A
1-PB2,762,0,1841,0,1,1842,T
1-PB2,763,0,0,1859,0,1859,G
1-PB2,764,1,1854,0,0,1855,T
1-PB2,765,1,1856,0,0,1857,T
1-PB2,766,0,0,1853,0,1853,G
1-PB2,767,1849,0,4,0,1853,A
1-PB2,768,0,1,0,1860,1861,C
1-PB2,769,0,1,1,1853,1855,C
1-PB2,770,1841,0,0,0,1841,A
1-PB2,771,1836,0,8,0,1844,A
1-PB2,772,1854,0,1,0,1855,A
1-PB2,773,0,0,1899,0,1899,G
1-PB2,774,0,0,0,1898,1898,C
1-PB2,775,0,0,0,1895,1895,C
1-PB2,776,0,1916,0,1,1917,T
1-PB2,777,1911,0,1,0,1912,A
1-PB2,778,1902,0,0,0,1902,A
1-PB2,779,0,1909,0,0,1909,T
1-PB2,780,0,1915,0,0,1915,T
1-PB2,781,1894,0,0,0,1894,A
1-PB2,782,0,1853,0,0,1853,T
1-PB2,783,1,1850,0,0,1851,T
1-PB2,784,0,0,1847,0,1847,G
1-PB2,785,0,1,0,1838,1839,C
1-PB2,786,0,0,1844,0,1844,G
1-PB2,787,1,0,1867,0,1868,G
1-PB2,788,0,3,0,1864,1867,C
1-PB2,789,0,0,0,1873,1873,C
1-PB2,790,1878,0,0,0,1878,A
1-PB2,791,0,0,1894,0,1894,G
1-PB2,792,0,0,1925,0,1925,G
1-PB2,793,1912,0,0,0,1912,A
1-PB2,794,1927,0,2,0,1929,A
1-PB2,795,1,0,0,1934,1935,C
1-PB2,796,1925,0,0,0,1925,A
1-PB2,797,0,1974,1,0,1975,T
1-PB2,798,2016,0,1,0,2017,A
1-PB2,799,0,0,2038,0,2038,G
1-PB2,800,0,2021,0,1,2022,T
1-PB2,801,2018,0,0,0,2018,A
1-PB2,802,2006,0,0,1,2007,A
1-PB2,803,0,0,2002,0,2002,G
1-PB2,804,1990,0,3,1,1994,A
1-PB2,805,1962,0,2,0,1964,A
1-PB2,806,0,1,1951,0,1952,G
1-PB2,807,1894,0,4,0,1898,A
1-PB2,808,1,0,1894,0,1895,G
1-PB2,809,0,1,0,1893,1894,C
1-PB2,810,0,0,0,1911,1911,C
1-PB2,811,1,0,1904,0,1905,G
1-PB2,812,0,0,0,1921,1921,C
1-PB2,813,1929,0,1,0,1930,A
1-PB2,814,0,0,2069,0,2069,G
1-PB2,815,1,2058,0,0,2059,T
1-PB2,816,2065,0,1,0,2066,A
1-PB2,817,0,2054,0,2,2056,T
1-PB2,818,0,0,0,2082,2082,C
1-PB2,819,2074,0,2,0,2076,A
1-PB2,820,6,0,2067,0,2073,G
1-PB2,821,0,0,0,2071,2071,C
1-PB2,822,1995,0,0,0,1995,A
1-PB2,823,0,0,1950,0,1950,G
1-PB2,824,1964,1,0,0,1965,A
1-PB2,825,1,1961,0,0,1962,T
1-PB2,826,0,0,0,1974,1974,C
1-PB2,827,0,0,0,1985,1985,C
1-PB2,828,1980,0,0,0,1980,A
1-PB2,829,0,0,0,1992,1992,C
1-PB2,830,0,1992,0,1,1993,T
1-PB2,831,1994,0,4,0,1998,A
1-PB2,832,0,0,1977,0,1977,G
1-PB2,833,0,0,0,1966,1966,C
1-PB2,834,1960,0,0,0,1960,A
1-PB2,835,0,1975,0,1,1976,T
1-PB2,836,1,0,0,2003,2004,C
1-PB2,837,0,2000,0,1,2001,T
1-PB2,838,0,2079,0,0,2079,T
1-PB2,839,1,2085,0,0,2086,T
1-PB2,840,2083,0,0,0,2083,A
1-PB2,841,0,2079,1,0,2080,T
1-PB2,842,0,2079,0,0,2079,T
1-PB2,843,0,0,2070,0,2070,G
1-PB2,844,0,1,2068,0,2069,G
1-PB2,845,2033,0,2,0,2035,A
1-PB2,846,0,0,2042,0,2042,G
1-PB2,847,2043,0,1,0,2044,A
1-PB2,848,0,2034,0,0,2034,T
1-PB2,849,0,0,2080,0,2080,G
1-PB2,850,0,2078,0,1,2079,T
1-PB2,851,2,0,2072,0,2074,G
1-PB2,852,0,0,1,2083,2084,C
1-PB2,853,0,0,0,2081,2081,C
1-PB2,854,2079,0,2,0,2081,A
1-PB2,855,0,0,0,2088,2088,C
1-PB2,856,2061,0,1,1,2063,A
1-PB2,857,0,0,2074,1,2075,G
1-PB2,858,0,1,0,2022,2023,C
1-PB2,859,2034,0,1,0,2035,A
1-PB2,860,0,0,0,2030,2030,C
1-PB2,861,2016,0,1,0,2017,A
1-PB2,862,0,0,0,2038,2038,C
1-PB2,863,2041,0,0,0,2041,A
1-PB2,864,2045,0,0,0,2045,A
1-PB2,865,2039,0,0,0,2039,A
1-PB2,866,0,1981,0,0,1981,T
1-PB2,867,0,1984,0,0,1984,T
1-PB2,868,0,0,1979,0,1979,G
1-PB2,869,0,0,1964,1,1965,G
1-PB2,870,0,3,0,1968,1971,C
1-PB2,871,1,0,1969,0,1970,G
1-PB2,872,0,0,1991,0,1991,G
1-PB2,873,2,0,1992,0,1994,G
1-PB2,874,1959,0,1,0,1960,A
1-PB2,875,0,1,0,1973,1974,C
1-PB2,876,1994,0,2,1,1997,A
1-PB2,877,2011,1,1,0,2013,A
1-PB2,878,0,0,1992,0,1992,G
1-PB2,879,1,0,2055,0,2056,G
1-PB2,880,1948,0,0,0,1948,A
1-PB2,881,0,1952,0,0,1952,T
1-PB2,882,1,0,1935,0,1936,G
1-PB2,883,0,1,1966,0,1967,G
1-PB2,884,0,1840,0,0,1840,T
1-PB2,885,0,0,1959,0,1959,G
1-PB2,886,0,0,1954,0,1954,G
1-PB2,887,1856,0,5,0,1861,A
1-PB2,888,0,1,0,1884,1885,C
1-PB2,889,1899,0,0,0,1899,A
1-PB2,890,0,2179,0,0,2179,T
1-PB2,891,0,2191,0,0,2191,T
1-PB2,892,0,2,0,2165,2167,C
1-PB2,893,0,2192,0,1,2193,T
1-PB2,894,0,2206,0,0,2206,T
1-PB2,895,2181,0,2,0,2183,A
1-PB2,896,1,1,2195,0,2197,G
1-PB2,897,2214,0,1,0,2215,A
1-PB2,898,0,0,0,2191,2191,C
1-PB2,899,1929,2,0,0,1931,A
1-PB2,900,1,0,1922,0,1923,G
1-PB2,901,1919,0,1,0,1920,A
1-PB2,902,1925,0,1,0,1926,A
1-PB2,903,0,0,0,1872,1872,C
1-PB2,904,0,0,0,1938,1938,C
1-PB2,905,0,1,0,1937,1938,C
1-PB2,906,0,0,1922,0,1922,G
1-PB2,907,1902,0,0,0,1902,A
1-PB2,908,0,0,0,1932,1932,C
1-PB2,909,0,1934,0,1,1935,T
1-PB2,910,0,0,1965,0,1965,G
1-PB2,911,1919,0,1,0,1920,A
1-PB2,912,1962,0,9,0,1971,A
1-PB2,913,0,0,1958,0,1958,G
1-PB2,914,1939,0,2,0,1941,A
1-PB2,915,1952,0,0,0,1952,A
1-PB2,916,0,0,1,1936,1937,C
1-PB2,917,1942,0,1,0,1943,A
1-PB2,918,1952,0,2,0,1954,A
1-PB2,919,0,0,1934,0,1934,G
1-PB2,920,0,0,0,1944,1944,C
1-PB2,921,0,1965,0,1,1966,T
1-PB2,922,1,0,2012,0,2013,G
1-PB2,923,0,1978,0,0,1978,T
1-PB2,924,1,0,2046,0,2047,G
1-PB2,925,0,0,2141,0,2141,G
1-PB2,926,2095,0,2,0,2097,A
1-PB2,927,0,2119,1,0,2120,T
1-PB2,928,2150,0,0,0,2150,A
1-PB2,929,0,2119,0,1,2120,T
1-PB2,930,2197,0,1,0,2198,A
1-PB2,931,0,2146,0,1,2147,T
1-PB2,932,1,1,2131,0,2133,G
1-PB2,933,0,0,0,2111,2111,C
1-PB2,934,2022,0,2,0,2024,A
1-PB2,935,2036,0,0,0,2036,A
1-PB2,936,0,0,2018,0,2018,G
1-PB2,937,0,0,2028,1,2029,G
1-PB2,938,2,1,1,1990,1994,C
1-PB2,939,0,2002,0,0,2002,T
1-PB2,940,0,0,2015,0,2015,G
1-PB2,941,1,1,0,2007,2009,C
1-PB2,942,2004,0,1,0,2005,A
1-PB2,943,2023,0,0,1,2024,A
1-PB2,944,0,2001,0,0,2001,T
1-PB2,945,0,0,2004,0,2004,G
1-PB2,946,0,1,1996,0,1997,G
1-PB2,947,1,0,2001,0,2002,G
1-PB2,948,1961,0,1,0,1962,A
1-PB2,949,0,1965,0,2,1967,T
1-PB2,950,0,1998,0,0,1998,T
1-PB2,951,0,0,1981,0,1981,G
1-PB2,952,1971,0,2,0,1973,A
1-PB2,953,0,0,2013,0,2013,G
1-PB2,954,1994,1,0,0,1995,A
1-PB2,955,1974,0,0,0,1974,A
1-PB2,956,0,1937,0,0,1937,T
1-PB2,957,0,0,0,1959,1959,C
1-PB2,958,1971,0,0,0,1971,A
1-PB2,959,0,0,1971,0,1971,G
1-PB2,960,0,1,0,1964,1965,C
1-PB2,961,0,1940,1,2,1943,T
1-PB2,962,0,1,0,1970,1971,C
1-PB2,963,1936,0,2,0,1938,A
1-PB2,964,0,1991,0,1,1992,T
1-PB2,965,0,0,0,1999,1999,C
1-PB2,966,0,0,0,2015,2015,C
1-PB2,967,1,2012,0,3,2016,T
1-PB2,968,0,1996,1,2,1999,T
1-PB2,969,0,0,0,2000,2000,C
1-PB2,970,1998,0,2,0,2000,A
1-PB2,971,0,0,2029,0,2029,G
1-PB2,972,0,0,0,2016,2016,C
1-PB2,973,0,2020,0,2,2022,T
1-PB2,974,0,2031,1,0,2032,T
1-PB2,975,0,2021,0,1,2022,T
1-PB2,976,0,1,2017,0,2018,G
1-PB2,977,0,0,2019,0,2019,G
1-PB2,978,0,1973,0,0,1973,T
1-PB2,979,1,0,2043,0,2044,G
1-PB2,980,0,2,2044,1,2047,G
1-PB2,981,0,0,2076,0,2076,G
1-PB2,982,0,2031,2,2,2035,T
1-PB2,983,1,2068,0,3,2072,T
1-PB2,984,0,2067,0,0,2067,T
1-PB2,985,2075,0,0,0,2075,A
1-PB2,986,0,0,0,2083,2083,C
1-PB2,987,2085,0,1,1,2087,A
1-PB2,988,0,2087,0,2,2089,T
1-PB2,989,0,2035,0,1,2036,T
1-PB2,990,1,2041,0,0,2042,T
1-PB2,991,2036,1,2,0,2039,A
1-PB2,992,2032,0,0,0,2032,A
1-PB2,993,2031,0,0,0,2031,A
1-PB2,994,2016,0,2,0,2018,A
1-PB2,995,0,0,2014,1,2015,G
1-PB2,996,2008,0,1,0,2009,A
1-PB2,997,1995,0,1,0,1996,A
1-PB2,998,0,0,0,2020,2020,C
1-PB2,999,2013,1,0,0,2014,A
1-PB2,1000,2006,0,1,0,2007,A
1-PB2,1001,1,0,1992,0,1993,G
1-PB2,1002,1,0,0,1996,1997,C
1-PB2,1003,1,1,1993,0,1995,G
1-PB2,1004,1,0,1994,1,1996,G
1-PB2,1005,0,0,2005,0,2005,G
1-PB2,1006,0,1984,0,1,1985,T
1-PB2,1007,0,1,0,1995,1996,C
1-PB2,1008,2018,0,0,0,2018,A
1-PB2,1009,0,1981,0,4,1985,T
1-PB2,1010,1,0,0,2008,2009,C
1-PB2,1011,2012,0,1,0,2013,A
1-PB2,1012,0,1,2035,0,2036,G
1-PB2,1013,1,1988,0,1,1990,T
1-PB2,1014,0,0,0,2005,2005,C
1-PB2,1015,2022,0,1,0,2023,A
1-PB2,1016,2019,0,0,0,2019,A
1-PB2,1017,2015,1,0,0,2016,A
1-PB2,1018,2019,0,0,0,2019,A
1-PB2,1019,2037,0,0,0,2037,A
1-PB2,1020,2025,1,2,0,2028,A
1-PB2,1021,0,1,2036,0,2037,G
1-PB2,1022,2025,0,0,0,2025,A
1-PB2,1023,2023,0,3,0,2026,A
1-PB2,1024,0,0,2027,0,2027,G
1-PB2,1025,2019,0,1,0,2020,A
1-PB2,1026,1967,0,2,0,1969,A
1-PB2,1027,0,0,1966,0,1966,G
1-PB2,1028,1958,0,3,0,1961,A
1-PB2,1029,0,0,1967,0,1967,G
1-PB2,1030,0,0,2001,0,2001,G
1-PB2,1031,0,1978,0,0,1978,T
1-PB2,1032,1,0,2041,0,2042,G
1-PB2,1033,0,2,0,2042,2044,C
1-PB2,1034,0,2052,0,2,2054,T
1-PB2,1035,0,2069,1,2,2072,T
1-PB2,1036,2068,0,0,0,2068,A
1-PB2,1037,0,0,0,2055,2055,C
1-PB2,1038,2052,0,0,0,2052,A
1-PB2,1039,0,0,2037,0,2037,G
1-PB2,1040,0,0,2016,0,2016,G
1-PB2,1041,0,0,0,1971,1971,C
1-PB2,1042,1967,0,0,1,1968,A
1-PB2,1043,1973,0,0,0,1973,A
1-PB2,1044,0,2005,0,1,2006,T
1-PB2,1045,0,0,0,2023,2023,C
1-PB2,1046,0,2011,0,1,2012,T
1-PB2,1047,1,0,0,2011,2012,C
1-PB2,1048,0,0,0,2019,2019,C
1-PB2,1049,2028,0,2,0,2030,A
1-PB2,1050,2030,0,0,0,2030,A
1-PB2,1051,2016,0,0,1,2017,A
1-PB2,1052,0,0,0,2035,2035,C
1-PB2,1053,1976,0,0,0,1976,A
1-PB2,1054,0,1955,0,0,1955,T
1-PB2,1055,1,1947,0,1,1949,T
1-PB2,1056,0,0,1975,0,1975,G
1-PB2,1057,1975,1,0,0,1976,A
1-PB2,1058,2015,0,0,0,2015,A
1-PB2,1059,2022,0,1,0,2023,A
1-PB2,1060,2016,0,1,1,2018,A
1-PB2,1061,0,2009,0,0,2009,T
1-PB2,1062,2010,0,0,0,2010,A
1-PB2,1063,2001,0,2,0,2003,A
1-PB2,1064,0,0,2030,0,2030,G
1-PB2,1065,2007,1,3,0,2011,A
1-PB2,1066,1,0,2067,0,2068,G
1-PB2,1067,0,1996,0,0,1996,T
1-PB2,1068,1806,0,228,0,2034,A
1-PB2,1069,0,1,0,2076,2077,C
1-PB2,1070,2063,0,0,0,2063,A
1-PB2,1071,1,2057,0,0,2058,T
1-PB2,1072,0,0,2074,0,2074,G
1-PB2,1073,2031,0,0,0,2031,A
1-PB2,1074,1,0,2043,0,2044,G
1-PB2,1075,0,0,2050,0,2050,G
1-PB2,1076,1,0,2144,0,2145,G
1-PB2,1077,1,0,2177,0,2178,G
1-PB2,1078,0,2110,0,0,2110,T
1-PB2,1079,2149,0,0,0,2149,A
1-PB2,1080,0,2147,0,0,2147,T
1-PB2,1081,0,0,2167,0,2167,G
1-PB2,1082,2162,1,3,0,2166,A
1-PB2,1083,0,0,2156,0,2156,G
1-PB2,1084,1,0,2119,0,2120,G
1-PB2,1085,1986,0,1,0,1987,A
1-PB2,1086,1,1,2044,0,2046,G
1-PB2,1087,0,2070,0,5,2075,T
1-PB2,1088,0,2135,1,2,2138,T
1-PB2,1089,0,0,1,2146,2147,C
1-PB2,1090,2138,0,3,0,2141,A
1-PB2,1091,0,2,0,2148,2150,C
1-PB2,1092,2140,0,0,0,2140,A
1-PB2,1093,2128,0,2,0,2130,A
1-PB2,1094,0,2144,0,0,2144,T
1-PB2,1095,0,1,2094,0,2095,G
1-PB2,1096,0,0,2102,0,2102,G
1-PB2,1097,0,2047,0,3,2050,T
1-PB2,1098,1,0,2057,0,2058,G
1-PB2,1099,0,0,2058,0,2058,G
1-PB2,1100,0,0,2048,0,2048,G
1-PB2,1101,0,0,2079,0,2079,G
1-PB2,1102,2067,0,0,0,2067,A
1-PB2,1103,2089,0,0,0,2089,A
1-PB2,1104,2069,0,1,0,2070,A
1-PB2,1105,2022,0,2,0,2024,A
1-PB2,1106,0,0,2030,0,2030,G
1-PB2,1107,2014,0,0,0,2014,A
1-PB2,1108,0,0,2035,0,2035,G
1-PB2,1109,1,0,0,2020,2021,C
1-PB2,1110,2021,0,0,0,2021,A
1-PB2,1111,2034,0,1,0,2035,A
1-PB2,1112,0,0,0,2093,2093,C
1-PB2,1113,2101,0,1,0,2102,A
1-PB2,1114,1,0,2146,0,2147,G
1-PB2,1115,1,0,0,2115,2116,C
1-PB2,1116,0,2131,0,0,2131,T
1-PB2,1117,2211,0,0,0,2211,A
1-PB2,1118,0,2208,0,0,2208,T
1-PB2,1119,2222,1,1,0,2224,A
1-PB2,1120,0,1,0,2231,2232,C
1-PB2,1121,0,2131,0,0,2131,T
1-PB2,1122,2145,0,1,0,2146,A
1-PB2,1123,2108,0,1,0,2109,A
1-PB2,1124,0,0,2108,0,2108,G
1-PB2,1125,2106,0,3,0,2109,A
1-PB2,1126,2035,0,0,0,2035,A
1-PB2,1127,2038,0,0,0,2038,A
1-PB2,1128,2017,0,2,0,2019,A
1-PB2,1129,0,0,2011,0,2011,G
1-PB2,1130,0,0,0,2018,2018,C
1-PB2,1131,2023,0,1,0,2024,A
1-PB2,1132,2024,0,0,0,2024,A
1-PB2,1133,0,0,0,2021,2021,C
1-PB2,1134,0,0,0,2022,2022,C
1-PB2,1135,2030,1,1,0,2032,A
1-PB2,1136,0,0,2048,0,2048,G
1-PB2,1137,2033,0,0,0,2033,A
1-PB2,1138,2032,0,2,0,2034,A
1-PB2,1139,0,0,2053,1,2054,G
1-PB2,1140,2034,0,1,0,2035,A
1-PB2,1141,0,2020,0,0,2020,T
1-PB2,1142,0,2014,0,0,2014,T
1-PB2,1143,0,0,2042,0,2042,G
1-PB2,1144,0,0,2058,0,2058,G
1-PB2,1145,1,2038,0,1,2040,T
1-PB2,1146,1,2008,1,1,2011,T
1-PB2,1147,0,0,0,2050,2050,C
1-PB2,1148,2097,0,0,0,2097,A
1-PB2,1149,0,0,2160,2,2162,G
1-PB2,1150,0,0,0,2183,2183,C
1-PB2,1151,0,2177,0,2,2179,T
1-PB2,1152,0,0,0,2206,2206,C
1-PB2,1153,2183,0,0,0,2183,A
1-PB2,1154,1,2181,0,0,2182,T
1-PB2,1155,2187,1,0,0,2188,A
1-PB2,1156,0,0,2193,0,2193,G
1-PB2,1157,0,2033,0,0,2033,T
1-PB2,1158,0,0,2042,0,2042,G
1-PB2,1159,1969,1,1,0,1971,A
1-PB2,1160,1,1,2009,0,2011,G
1-PB2,1161,0,1974,0,0,1974,T
1-PB2,1162,2,0,1975,0,1977,G
1-PB2,1163,0,0,1984,0,1984,G
1-PB2,1164,1996,0,1,0,1997,A
1-PB2,1165,1997,0,0,0,1997,A
1-PB2,1166,0,0,1997,1,1998,G
1-PB2,1167,1977,0,2,0,1979,A
1-PB2,1168,0,0,1993,0,1993,G
1-PB2,1169,1956,1,1,1,1959,A
1-PB2,1170,0,0,0,1966,1966,C
1-PB2,1171,0,0,1969,0,1969,G
1-PB2,1172,1923,0,2,1,1926,A
1-PB2,1173,1930,0,3,0,1933,A
1-PB2,1174,0,1,0,1942,1943,C
1-PB2,1175,1929,0,2,0,1931,A
1-PB2,1176,0,0,2041,0,2041,G
1-PB2,1177,1,2033,1,2,2037,T
1-PB2,1178,0,0,0,2048,2048,C
1-PB2,1179,2062,0,0,0,2062,A
1-PB2,1180,2056,0,0,0,2056,A
1-PB2,1181,0,2044,0,0,2044,T
1-PB2,1182,2051,0,1,0,2052,A
1-PB2,1183,1,0,2024,0,2025,G
1-PB2,1184,0,0,0,2016,2016,C
1-PB2,1185,1,0,0,1930,1931,C
1-PB2,1186,0,1,1923,0,1924,G
1-PB2,1187,1931,0,0,0,1931,A
1-PB2,1188,1928,0,0,0,1928,A
1-PB2,1189,1,0,1925,0,1926,G
1-PB2,1190,1,0,0,1974,1975,C
1-PB2,1191,1994,0,0,0,1994,A
1-PB2,1192,1970,0,0,0,1970,A
1-PB2,1193,1,1972,0,0,1973,T
1-PB2,1194,1990,0,0,0,1990,A
1-PB2,1195,1987,0,0,0,1987,A
1-PB2,1196,0,1999,0,0,1999,T
1-PB2,1197,0,2,0,1987,1989,C
1-PB2,1198,0,0,1978,0,1978,G
1-PB2,1199,0,1911,0,1,1912,T
1-PB2,1200,1,0,1916,1,1918,G
1-PB2,1201,0,0,1914,0,1914,G
1-PB2,1202,1,0,0,1901,1902,C
1-PB2,1203,0,0,0,1920,1920,C
1-PB2,1204,1899,1,0,0,1900,A
1-PB2,1205,0,1902,0,2,1904,T
1-PB2,1206,0,0,1916,0,1916,G
1-PB2,1207,0,0,1946,0,1946,G
1-PB2,1208,0,1900,0,0,1900,T
1-PB2,1209,0,0,1956,0,1956,G
1-PB2,1210,0,1895,0,0,1895,T
1-PB2,1211,0,1929,0,2,1931,T
1-PB2,1212,0,1944,0,2,1946,T
1-PB2,1213,0,1949,0,2,1951,T
1-PB2,1214,0,0,0,1973,1973,C
1-PB2,1215,1986,0,1,0,1987,A
1-PB2,1216,0,0,0,2024,2024,C
1-PB2,1217,1990,0,0,0,1990,A
1-PB2,1218,1976,0,1,1,1978,A
1-PB2,1219,0,0,1994,0,1994,G
1-PB2,1220,1949,0,2,0,1951,A
1-PB2,1221,31,0,1965,0,1996,G
1-PB2,1222,0,0,1994,0,1994,G
1-PB2,1223,1970,0,1,0,1971,A
1-PB2,1224,0,1967,0,3,1970,T
1-PB2,1225,0,1974,0,0,1974,T
1-PB2,1226,1,0,1972,0,1973,G
1-PB2,1227,0,4,0,1935,1939,C
1-PB2,1228,1947,0,2,0,1949,A
1-PB2,1229,0,1968,0,1,1969,T
1-PB2,1230,0,0,2017,0,2017,G
1-PB2,1231,2022,0,2,0,2024,A
1-PB2,1232,0,2036,0,0,2036,T
1-PB2,1233,2025,0,1,0,2026,A
1-PB2,1234,2021,0,0,0,2021,A
1-PB2,1235,2017,0,0,0,2017,A
1-PB2,1236,2009,0,1,0,2010,A
1-PB2,1237,0,0,2001,0,2001,G
1-PB2,1238,0,0,0,2032,2032,C
1-PB2,1239,2039,0,1,0,2040,A
1-PB2,1240,0,0,2090,0,2090,G
1-PB2,1241,0,2079,0,12,2091,T
1-PB2,1242,0,2094,0,0,2094,T
1-PB2,1243,2099,0,1,0,2100,A
1-PB2,1244,1,0,2101,0,2102,G
1-PB2,1245,2083,0,0,0,2083,A
1-PB2,1246,0,0,2081,0,2081,G
1-PB2,1247,0,0,2074,0,2074,G
1-PB2,1248,0,1925,0,1,1926,T
1-PB2,1249,1,0,1953,0,1954,G
1-PB2,1250,1956,0,1,0,1957,A
1-PB2,1251,0,2,0,1953,1955,C
1-PB2,1252,0,0,0,1987,1987,C
1-PB2,1253,0,1989,0,3,1992,T
1-PB2,1254,0,1,2001,0,2002,G
1-PB2,1255,1986,0,0,0,1986,A
1-PB2,1256,1992,1,0,0,1993,A
1-PB2,1257,0,1997,0,0,1997,T
1-PB2,1258,0,1999,0,0,1999,T
1-PB2,1259,0,2013,0,0,2013,T
1-PB2,1260,0,1,0,2011,2012,C
1-PB2,1261,0,0,2012,0,2012,G
1-PB2,1262,0,2005,0,1,2006,T
1-PB2,1263,0,0,0,2008,2008,C
1-PB2,1264,2006,0,0,0,2006,A
1-PB2,1265,2008,0,0,0,2008,A
1-PB2,1266,0,0,0,2008,2008,C
1-PB2,1267,1979,0,0,0,1979,A
1-PB2,1268,0,0,1994,0,1994,G
1-PB2,1269,1973,0,2,0,1975,A
1-PB2,1270,0,0,1979,0,1979,G
1-PB2,1271,0,0,0,1985,1985,C
1-PB2,1272,1992,0,0,0,1992,A
1-PB2,1273,2051,0,1,0,2052,A
1-PB2,1274,1801,249,0,0,2050,A
1-PB2,1275,0,2044,0,1,2045,T
1-PB2,1276,0,0,0,2062,2062,C
1-PB2,1277,2049,0,2,0,2051,A
1-PB2,1278,0,0,2046,0,2046,G
1-PB2,1279,1986,0,0,2,1988,A
1-PB2,1280,1,0,2029,0,2030,G
1-PB2,1281,1,0,2068,0,2069,G
1-PB2,1282,0,2060,0,3,2063,T
1-PB2,1283,0,2088,0,0,2088,T
1-PB2,1284,1,0,2081,0,2082,G
1-PB2,1285,2092,0,0,0,2092,A
1-PB2,1286,2086,0,2,0,2088,A
1-PB2,1287,0,0,0,2092,2092,C
1-PB2,1288,0,0,0,2070,2070,C
1-PB2,1289,0,0,0,2093,2093,C
1-PB2,1290,0,0,0,2071,2071,C
1-PB2,1291,2083,0,1,0,2084,A
1-PB2,1292,0,2084,0,0,2084,T
1-PB2,1293,1,0,2087,0,2088,G
1-PB2,1294,0,1,0,2085,2086,C
1-PB2,1295,2076,0,1,0,2077,A
1-PB2,1296,0,2030,0,0,2030,T
1-PB2,1297,0,0,0,2058,2058,C
1-PB2,1298,2039,1,0,0,2040,A
1-PB2,1299,0,0,2050,0,2050,G
1-PB2,1300,0,0,0,2053,2053,C
1-PB2,1301,0,2056,0,2,2058,T
1-PB2,1302,0,2062,0,3,2065,T
1-PB2,1303,0,2063,0,0,2063,T
1-PB2,1304,0,2063,0,0,2063,T
1-PB2,1305,2061,1,1,0,2063,A
1-PB2,1306,2054,0,1,0,2055,A
1-PB2,1307,1,0,2055,0,2056,G
1-PB2,1308,1,1,2027,0,2029,G
1-PB2,1309,0,0,0,2018,2018,C
1-PB2,1310,2023,0,1,0,2024,A
1-PB2,1311,2,2033,0,2,2037,T
1-PB2,1312,1,2040,0,0,2041,T
1-PB2,1313,0,2030,0,0,2030,T
1-PB2,1314,0,2037,0,4,2041,T
1-PB2,1315,0,0,0,2043,2043,C
1-PB2,1316,2050,0,1,0,2051,A
1-PB2,1317,1,0,2039,0,2040,G
1-PB2,1318,2042,0,1,0,2043,A
1-PB2,1319,2048,0,0,0,2048,A
1-PB2,1320,2043,0,2,0,2045,A
1-PB2,1321,0,0,2037,0,2037,G
1-PB2,1322,2058,0,1,1,2060,A
1-PB2,1323,0,2041,0,0,2041,T
1-PB2,1324,0,0,2048,0,2048,G
1-PB2,1325,0,0,0,2036,2036,C
1-PB2,1326,0,0,2063,0,2063,G
1-PB2,1327,2044,1,1,0,2046,A
1-PB2,1328,2053,0,0,0,2053,A
1-PB2,1329,2048,0,0,0,2048,A
1-PB2,1330,1,0,2060,0,2061,G
1-PB2,1331,0,2026,0,1,2027,T
1-PB2,1332,1,0,2036,0,2037,G
1-PB2,1333,0,0,0,2013,2013,C
1-PB2,1334,0,2034,0,2,2036,T
1-PB2,1335,2,2033,0,0,2035,T
1-PB2,1336,0,2048,0,0,2048,T
1-PB2,1337,0,2048,0,0,2048,T
1-PB2,1338,0,2021,0,6,2027,T
1-PB2,1339,0,1,0,2037,2038,C
1-PB2,1340,2044,1,0,0,2045,A
1-PB2,1341,2037,0,0,0,2037,A
1-PB2,1342,2034,0,0,0,2034,A
1-PB2,1343,2046,0,0,0,2046,A
1-PB2,1344,0,2043,0,0,2043,T
1-PB2,1345,0,2054,0,0,2054,T
1-PB2,1346,1,0,2047,0,2048,G
1-PB2,1347,0,0,2031,0,2031,G
1-PB2,1348,0,0,2045,0,2045,G
1-PB2,1349,0,0,2064,0,2064,G
1-PB2,1350,2056,0,1,0,2057,A
1-PB2,1351,0,0,2102,0,2102,G
1-PB2,1352,0,2091,0,3,2094,T
1-PB2,1353,0,2090,1,0,2091,T
1-PB2,1354,1,4,2089,0,2094,G
1-PB2,1355,2093,0,1,0,2094,A
1-PB2,1356,2082,0,10,0,2092,A
1-PB2,1357,0,0,0,2150,2150,C
1-PB2,1358,2121,0,3,0,2124,A
1-PB2,1359,0,0,1,2200,2201,C
1-PB2,1360,2159,1,1,0,2161,A
1-PB2,1361,0,2152,0,2,2154,T
1-PB2,1362,1,2148,0,1,2150,T
1-PB2,1363,0,0,2172,0,2172,G
1-PB2,1364,2156,0,3,0,2159,A
1-PB2,1365,1,0,0,2146,2147,C
1-PB2,1366,2039,0,1,0,2040,A
1-PB2,1367,1,0,2096,0,2097,G
1-PB2,1368,0,2007,0,0,2007,T
1-PB2,1369,0,0,2050,0,2050,G
1-PB2,1370,0,2021,0,0,2021,T
1-PB2,1371,0,0,2035,0,2035,G
1-PB2,1372,2019,0,0,0,2019,A
1-PB2,1373,0,2009,0,1,2010,T
1-PB2,1374,0,0,2016,0,2016,G
1-PB2,1375,0,0,2011,0,2011,G
1-PB2,1376,0,0,1986,0,1986,G
1-PB2,1377,1975,0,2,0,1977,A
1-PB2,1378,1949,0,0,0,1949,A
1-PB2,1379,0,1946,0,0,1946,T
1-PB2,1380,0,0,1949,0,1949,G
1-PB2,1381,1961,0,0,0,1961,A
1-PB2,1382,0,1940,0,10,1950,T
1-PB2,1383,0,1938,0,0,1938,T
1-PB2,1384,1,0,1935,0,1936,G
1-PB2,1385,0,0,1965,0,1965,G
1-PB2,1386,1952,1,2,1,1956,A
1-PB2,1387,0,0,1982,0,1982,G
1-PB2,1388,0,1953,0,0,1953,T
1-PB2,1389,1944,0,2,0,1946,A
1-PB2,1390,0,1963,0,0,1963,T
1-PB2,1391,0,1986,0,1,1987,T
1-PB2,1392,1996,0,0,0,1996,A
1-PB2,1393,0,1,0,1993,1994,C
1-PB2,1394,0,0,0,1976,1976,C
1-PB2,1395,1958,0,1,0,1959,A
1-PB2,1396,0,0,1979,0,1979,G
1-PB2,1397,2012,0,0,1,2013,A
1-PB2,1398,0,1981,0,0,1981,T
1-PB2,1399,1948,0,2,0,1950,A
1-PB2,1400,1,1920,0,0,1921,T
1-PB2,1401,0,0,1918,0,1918,G
1-PB2,1402,1907,0,0,0,1907,A
1-PB2,1403,0,0,0,1912,1912,C
1-PB2,1404,3,1901,8,3,1915,T
1-PB2,1405,0,0,0,1888,1888,C
1-PB2,1406,1,0,0,1881,1882,C
1-PB2,1407,1907,0,0,0,1907,A
1-PB2,1408,1918,0,1,1,1920,A
1-PB2,1409,0,0,1964,0,1964,G
1-PB2,1410,1,0,0,1945,1946,C
1-PB2,1411,1935,1,0,0,1936,A
1-PB2,1412,0,0,0,1938,1938,C
1-PB2,1413,1936,0,1,0,1937,A
1-PB2,1414,0,0,1931,0,1931,G
1-PB2,1415,1909,0,1,0,1910,A
1-PB2,1416,0,0,1919,0,1919,G
1-PB2,1417,1927,0,1,0,1928,A
1-PB2,1418,0,1855,0,0,1855,T
1-PB2,1419,0,0,1879,0,1879,G
1-PB2,1420,0,1863,0,0,1863,T
1-PB2,1421,0,0,0,1854,1854,C
1-PB2,1422,1871,0,1,0,1872,A
1-PB2,1423,1871,0,1,0,1872,A
1-PB2,1424,0,1865,0,0,1865,T
1-PB2,1425,0,0,1872,0,1872,G
1-PB2,1426,1832,0,1,0,1833,A
1-PB2,1427,0,1,1848,0,1849,G
1-PB2,1428,1817,0,1,0,1818,A
1-PB2,1429,0,0,1812,0,1812,G
1-PB2,1430,0,0,1884,0,1884,G
1-PB2,1431,1896,0,1,0,1897,A
1-PB2,1432,1890,0,1,0,1891,A
1-PB2,1433,0,1888,0,1,1889,T
1-PB2,1434,1884,0,0,0,1884,A
1-PB2,1435,1891,0,2,0,1893,A
1-PB2,1436,0,0,1891,0,1891,G
1-PB2,1437,1862,0,2,0,1864,A
1-PB2,1438,0,0,1874,0,1874,G
1-PB2,1439,0,1746,0,0,1746,T
1-PB2,1440,0,0,0,1763,1763,C
1-PB2,1441,1765,0,3,0,1768,A
1-PB2,1442,0,0,1774,0,1774,G
1-PB2,1443,0,0,0,1771,1771,C
1-PB2,1444,1784,0,0,0,1784,A
1-PB2,1445,1782,0,0,0,1782,A
1-PB2,1446,1768,0,8,0,1776,A
1-PB2,1447,1772,0,0,1,1773,A
1-PB2,1448,0,1763,0,1,1764,T
1-PB2,1449,0,1,1769,0,1770,G
1-PB2,1450,0,0,1766,0,1766,G
1-PB2,1451,0,0,1784,0,1784,G
1-PB2,1452,0,1753,0,0,1753,T
1-PB2,1453,0,0,1768,0,1768,G
1-PB2,1454,0,1752,0,2,1754,T
1-PB2,1455,0,0,1761,0,1761,G
1-PB2,1456,0,0,1782,0,1782,G
1-PB2,1457,1767,1,2,0,1770,A
1-PB2,1458,0,1769,0,0,1769,T
1-PB2,1459,0,0,1783,0,1783,G
1-PB2,1460,1774,0,2,0,1776,A
1-PB2,1461,1775,0,1,0,1776,A
1-PB2,1462,0,1772,0,0,1772,T
1-PB2,1463,1748,0,0,0,1748,A
1-PB2,1464,0,0,0,1842,1842,C
1-PB2,1465,0,1773,0,2,1775,T
1-PB2,1466,1,0,1,1791,1793,C
1-PB2,1467,0,1,1,1805,1807,C
1-PB2,1468,1795,0,0,0,1795,A
1-PB2,1469,0,0,1863,0,1863,G
1-PB2,1470,0,1847,0,0,1847,T
1-PB2,1471,1858,0,0,0,1858,A
1-PB2,1472,0,0,0,1860,1860,C
1-PB2,1473,1680,0,0,0,1680,A
1-PB2,1474,1,0,1682,0,1683,G
1-PB2,1475,1641,0,0,0,1641,A
1-PB2,1476,0,0,1646,0,1646,G
1-PB2,1477,1570,0,0,0,1570,A
1-PB2,1478,1,0,1529,0,1530,G
1-PB2,1479,0,0,1507,0,1507,G
1-PB2,1480,0,0,1521,0,1521,G
1-PB2,1481,0,1479,0,1,1480,T
1-PB2,1482,0,0,1488,0,1488,G
1-PB2,1483,0,0,1500,0,1500,G
1-PB2,1484,0,1492,0,0,1492,T
1-PB2,1485,0,0,1510,0,1510,G
1-PB2,1486,1,0,1510,0,1511,G
1-PB2,1487,0,1488,0,1,1489,T
1-PB2,1488,0,1488,0,0,1488,T
1-PB2,1489,1473,0,0,0,1473,A
1-PB2,1490,0,0,1469,0,1469,G
1-PB2,1491,0,0,0,1465,1465,C
1-PB2,1492,1467,0,0,0,1467,A
1-PB2,1493,0,1463,0,4,1467,T
1-PB2,1494,0,1370,0,0,1370,T
1-PB2,1495,1,0,1371,0,1372,G
1-PB2,1496,1359,1,1,0,1361,A
1-PB2,1497,0,1359,0,1,1360,T
1-PB2,1498,0,0,0,1373,1373,C
1-PB2,1499,0,0,1359,0,1359,G
1-PB2,1500,0,0,1386,0,1386,G
1-PB2,1501,0,1378,0,1,1379,T
1-PB2,1502,0,1375,0,1,1376,T
1-PB2,1503,0,1368,0,0,1368,T
1-PB2,1504,0,1371,0,1,1372,T
1-PB2,1505,0,1376,0,1,1377,T
1-PB2,1506,0,0,1384,0,1384,G
1-PB2,1507,1384,0,2,0,1386,A
1-PB2,1508,0,0,1382,0,1382,G
1-PB2,1509,1317,0,3,0,1320,A
1-PB2,1510,0,0,1325,0,1325,G
1-PB2,1511,0,1320,0,2,1322,T
1-PB2,1512,0,1303,0,0,1303,T
1-PB2,1513,0,0,0,1316,1316,C
1-PB2,1514,0,0,1326,0,1326,G
1-PB2,1515,1322,0,2,0,1324,A
1-PB2,1516,0,0,1327,0,1327,G
1-PB2,1517,1311,0,2,0,1313,A
1-PB2,1518,0,0,0,1313,1313,C
1-PB2,1519,0,0,0,1301,1301,C
1-PB2,1520,1285,0,1,0,1286,A
1-PB2,1521,1299,0,0,0,1299,A
1-PB2,1522,0,0,0,1309,1309,C
1-PB2,1523,0,0,1311,0,1311,G
1-PB2,1524,0,1297,0,0,1297,T
1-PB2,1525,0,1,1298,0,1299,G
1-PB2,1526,1,0,1301,1,1303,G
1-PB2,1527,0,0,1304,0,1304,G
1-PB2,1528,1288,0,0,0,1288,A
1-PB2,1529,1288,0,0,0,1288,A
1-PB2,1530,0,1221,0,0,1221,T
1-PB2,1531,0,0,1248,0,1248,G
1-PB2,1532,0,1237,0,1,1238,T
1-PB2,1533,1242,0,0,0,1242,A
1-PB2,1534,0,1244,0,0,1244,T
1-PB2,1535,0,1225,0,0,1225,T
1-PB2,1536,1232,0,0,0,1232,A
1-PB2,1537,0,1219,0,0,1219,T
1-PB2,1538,0,1204,0,0,1204,T
1-PB2,1539,1194,0,0,0,1194,A
1-PB2,1540,0,1032,0,1,1033,T
1-PB2,1541,0,0,0,1067,1067,C
1-PB2,1542,0,1042,0,6,1048,T
1-PB2,1543,0,0,0,1055,1055,C
1-PB2,1544,0,0,0,1054,1054,C
1-PB2,1545,0,1030,0,1,1031,T
1-PB2,1546,0,0,1034,0,1034,G
1-PB2,1547,1020,0,1,0,1021,A
1-PB2,1548,0,0,1028,0,1028,G
1-PB2,1549,0,0,1027,0,1027,G
1-PB2,1550,878,0,0,0,878,A
1-PB2,1551,0,0,879,0,879,G
1-PB2,1552,0,0,871,0,871,G
1-PB2,1553,0,834,0,2,836,T
1-PB2,1554,0,1,0,838,839,C
1-PB2,1555,829,0,0,0,829,A
1-PB2,1556,0,0,847,0,847,G
1-PB2,1557,0,843,0,0,843,T
1-PB2,1558,0,0,842,0,842,G
1-PB2,1559,837,0,0,0,837,A
1-PB2,1560,794,0,0,0,794,A
1-PB2,1561,785,0,2,0,787,A
1-PB2,1562,0,0,0,790,790,C
1-PB2,1563,772,0,2,0,774,A
1-PB2,1564,0,0,0,775,775,C
1-PB2,1565,730,0,2,0,732,A
1-PB2,1566,0,0,733,0,733,G
1-PB2,1567,0,0,724,0,724,G
1-PB2,1568,0,0,730,0,730,G
1-PB2,1569,729,0,0,0,729,A
1-PB2,1570,711,1,0,0,712,A
1-PB2,1571,0,0,0,713,713,C
1-PB2,1572,0,703,0,0,703,T
1-PB2,1573,0,1,702,0,703,G
1-PB2,1574,700,0,1,0,701,A
1-PB2,1575,0,0,702,0,702,G
1-PB2,1576,677,0,0,0,677,A
1-PB2,1577,0,0,626,0,626,G
1-PB2,1578,618,0,1,0,619,A
1-PB2,1579,0,0,0,614,614,C
1-PB2,1580,0,593,0,0,593,T
1-PB2,1581,0,0,601,0,601,G
1-PB2,1582,593,0,2,0,595,A
1-PB2,1583,0,0,0,596,596,C
1-PB2,1584,596,0,0,0,596,A
1-PB2,1585,597,0,0,0,597,A
1-PB2,1586,0,591,0,0,591,T
1-PB2,1587,590,0,0,0,590,A
1-PB2,1588,586,0,0,0,586,A
1-PB2,1589,0,0,0,592,592,C
1-PB2,1590,0,505,0,19,524,T
1-PB2,1591,0,514,0,0,514,T
1-PB2,1592,505,0,0,0,505,A
1-PB2,1593,0,503,0,0,503,T
1-PB2,1594,0,503,0,0,503,T
1-PB2,1595,0,0,0,500,500,C
1-PB2,1596,437,0,0,0,437,A
1-PB2,1597,0,436,0,0,436,T
1-PB2,1598,0,0,0,411,411,C
1-PB2,1599,0,0,408,0,408,G
1-PB2,1600,0,408,0,0,408,T
1-PB2,1601,0,0,0,394,394,C
1-PB2,1602,0,0,396,0,396,G
1-PB2,1603,396,0,0,0,396,A
1-PB2,1604,0,390,0,0,390,T
1-PB2,1605,0,0,392,0,392,G
1-PB2,1606,387,0,0,0,387,A
1-PB2,1607,0,388,0,0,388,T
1-PB2,1608,0,0,387,0,387,G
1-PB2,1609,0,355,1,1,357,T
1-PB2,1610,0,0,357,0,357,G
1-PB2,1611,0,1,352,0,353,G
1-PB2,1612,0,0,354,0,354,G
1-PB2,1613,341,0,0,0,341,A
1-PB2,1614,0,0,322,0,322,G
1-PB2,1615,272,0,1,0,273,A
1-PB2,1616,0,255,0,0,255,T
1-PB2,1617,0,243,0,0,243,T
1-PB2,1618,241,0,0,0,241,A
1-PB2,1619,237,0,0,0,237,A
1-PB2,1620,0,0,0,228,228,C
1-PB2,1621,0,0,197,0,197,G
1-PB2,1622,0,0,187,0,187,G
1-PB2,1623,0,111,0,0,111,T
1-PB2,1624,0,0,0,107,107,C
1-PB2,1625,0,0,0,106,106,C
1-PB2,1626,0,77,0,0,77,T
1-PB2,1627,0,0,77,0,77,G
1-PB2,1628,78,0,0,0,78,A
1-PB2,1629,0,0,76,0,76,G
1-PB2,1630,0,74,0,0,74,T
1-PB2,1631,0,0,0,74,74,C
1-PB2,1632,0,0,74,0,74,G
1-PB2,1633,0,0,74,0,74,G
1-PB2,1634,0,73,0,0,73,T
1-PB2,1635,0,73,0,1,74,T
1-PB2,1636,0,73,0,0,73,T
1-PB2,1637,0,73,0,0,73,T
1-PB2,1638,0,0,75,0,75,G
1-PB2,1639,0,0,73,0,73,G
1-PB2,1640,0,71,0,0,71,T
1-PB2,1641,0,0,0,73,73,C
1-PB2,1642,74,0,0,0,74,A
1-PB2,1643,77,0,0,0,77,A
1-PB2,1644,0,77,0,0,77,T
1-PB2,1645,77,0,0,0,77,A
1-PB2,1646,1,0,0,79,80,C
1-PB2,1647,0,0,0,73,73,C
1-PB2,1648,0,73,0,0,73,T
1-PB2,1649,76,0,0,0,76,A
1-PB2,1650,0,75,0,0,75,T
1-PB2,1651,0,0,0,75,75,C
1-PB2,1652,69,0,0,0,69,A
1-PB2,1653,69,0,0,0,69,A
1-PB2,1654,0,67,0,0,67,T
1-PB2,1655,0,0,67,0,67,G
1-PB2,1656,0,0,69,0,69,G
1-PB2,1657,67,0,0,0,67,A
1-PB2,1658,0,65,0,0,65,T
1-PB2,1659,0,0,0,66,66,C
1-PB2,1660,66,0,0,0,66,A
1-PB2,1661,0,67,0,0,67,T
1-PB2,1662,0,0,0,67,67,C
1-PB2,1663,67,0,0,0,67,A
1-PB2,1664,0,0,66,0,66,G
1-PB2,1665,67,0,0,0,67,A
1-PB2,1666,67,0,0,0,67,A
1-PB2,1667,68,0,0,0,68,A
1-PB2,1668,0,63,0,0,63,T
1-PB2,1669,0,68,0,0,68,T
1-PB2,1670,0,0,67,0,67,G
1-PB2,1671,0,0,67,0,67,G
1-PB2,1672,0,0,64,0,64,G
1-PB2,1673,64,0,0,0,64,A
1-PB2,1674,66,0,0,0,66,A
1-PB2,1675,0,0,67,0,67,G
1-PB2,1676,0,0,0,65,65,C
1-PB2,1677,0,66,0,0,66,T
1-PB2,1678,0,0,66,0,66,G
1-PB2,1679,0,66,0,0,66,T
1-PB2,1680,0,0,0,67,67,C
1-PB2,1681,66,0,0,0,66,A
1-PB2,1682,68,0,0,0,68,A
1-PB2,1683,66,0,0,0,66,A
1-PB2,1684,69,0,0,0,69,A
1-PB2,1685,0,68,0,0,68,T
1-PB2,1686,0,67,0,0,67,T
1-PB2,1687,0,0,0,65,65,C
1-PB2,1688,67,0,0,0,67,A
1-PB2,1689,67,0,0,0,67,A
1-PB2,1690,0,67,0,0,67,T
1-PB2,1691,0,0,67,0,67,G
1-PB2,1692,0,0,67,0,67,G
1-PB2,1693,0,70,0,0,70,T
1-PB2,1694,0,0,0,70,70,C
1-PB2,1695,0,70,0,0,70,T
1-PB2,1696,0,1,0,69,70,C
1-PB2,1697,70,0,0,0,70,A
1-PB2,1698,0,0,69,0,69,G
1-PB2,1699,69,0,0,0,69,A
1-PB2,1700,69,0,0,0,69,A
1-PB2,1701,0,67,0,0,67,T
1-PB2,1702,0,0,0,63,63,C
1-PB2,1703,0,0,0,67,67,C
1-PB2,1704,0,66,0,0,66,T
1-PB2,1705,0,0,65,0,65,G
1-PB2,1706,0,0,0,66,66,C
1-PB2,1707,66,0,0,0,66,A
1-PB2,1708,69,0,0,0,69,A
1-PB2,1709,0,68,0,0,68,T
1-PB2,1710,0,0,71,0,71,G
1-PB2,1711,0,72,0,0,72,T
1-PB2,1712,0,70,0,0,70,T
1-PB2,1713,0,0,73,0,73,G
1-PB2,1714,0,74,0,0,74,T
1-PB2,1715,74,0,0,0,74,A
1-PB2,1716,0,0,0,72,72,C
1-PB2,1717,74,0,0,0,74,A
1-PB2,1718,73,0,0,0,73,A
1-PB2,1719,0,0,0,73,73,C
1-PB2,1720,70,0,0,0,70,A
1-PB2,1721,70,0,0,0,70,A
1-PB2,1722,68,0,0,0,68,A
1-PB2,1723,69,0,0,0,69,A
1-PB2,1724,0,70,0,0,70,T
1-PB2,1725,0,0,68,0,68,G
1-PB2,1726,0,0,69,0,69,G
1-PB2,1727,66,0,0,0,66,A
1-PB2,1728,68,0,0,0,68,A
1-PB2,1729,0,68,0,0,68,T
1-PB2,1730,0,67,0,0,67,T
1-PB2,1731,0,66,0,0,66,T
1-PB2,1732,0,0,68,0,68,G
1-PB2,1733,68,0,0,0,68,A
1-PB2,1734,67,0,0,0,67,A
1-PB2,1735,0,0,0,67,67,C
1-PB2,1736,0,0,0,68,68,C
1-PB2,1737,68,0,0,0,68,A
1-PB2,1738,0,68,0,0,68,T
1-PB2,1739,0,68,0,0,68,T
1-PB2,1740,0,68,0,0,68,T
1-PB2,1741,0,0,0,68,68,C
1-PB2,1742,68,0,0,0,68,A
1-PB2,1743,68,0,0,0,68,A
1-PB2,1744,0,69,0,0,69,T
1-PB2,1745,0,0,0,68,68,C
1-PB2,1746,0,68,0,0,68,T
1-PB2,1747,0,68,0,0,68,T
1-PB2,1748,0,68,0,0,68,T
1-PB2,1749,69,0,0,0,69,A
1-PB2,1750,0,0,67,0,67,G
1-PB2,1751,0,67,0,0,67,T
1-PB2,1752,0,0,0,71,71,C
1-PB2,1753,0,0,0,70,70,C
1-PB2,1754,0,0,0,67,67,C
1-PB2,1755,0,0,0,69,69,C
1-PB2,1756,70,0,0,0,70,A
1-PB2,1757,69,0,0,0,69,A
1-PB2,1758,0,0,75,0,75,G
1-PB2,1759,0,0,75,0,75,G
1-PB2,1760,0,0,1,73,74,C
1-PB2,1761,0,0,0,72,72,C
1-PB2,1762,73,0,0,0,73,A
1-PB2,1763,0,73,0,0,73,T
1-PB2,1764,0,75,0,0,75,T
1-PB2,1765,73,0,0,0,73,A
1-PB2,1766,0,0,74,0,74,G
1-PB2,1767,70,0,0,0,70,A
1-PB2,1768,73,0,0,0,73,A
1-PB2,1769,0,0,74,0,74,G
1-PB2,1770,0,0,0,73,73,C
1-PB2,1771,0,0,0,74,74,C
1-PB2,1772,75,0,0,0,75,A
1-PB2,1773,76,0,0,0,76,A
1-PB2,1774,0,76,0,0,76,T
1-PB2,1775,77,0,0,0,77,A
1-PB2,1776,0,0,0,77,77,C
1-PB2,1777,71,0,0,0,71,A
1-PB2,1778,0,0,72,0,72,G
1-PB2,1779,0,69,0,0,69,T
1-PB2,1780,0,0,71,0,71,G
1-PB2,1781,0,0,69,0,69,G
1-PB2,1782,0,0,71,0,71,G
1-PB2,1783,0,68,0,0,68,T
1-PB2,1784,0,69,0,0,69,T
1-PB2,1785,0,66,0,0,66,T
1-PB2,1786,0,0,68,0,68,G
1-PB2,1787,0,66,0,0,66,T
1-PB2,1788,0,0,0,68,68,C
1-PB2,1789,67,0,0,0,67,A
1-PB2,1790,0,0,66,0,66,G
1-PB2,1791,67,0,0,0,67,A
1-PB2,1792,68,0,0,0,68,A
1-PB2,1793,0,0,0,67,67,C
1-PB2,1794,0,65,0,0,65,T
1-PB2,1795,0,0,0,68,68,C
1-PB2,1796,0,67,0,0,67,T
1-PB2,1797,69,0,0,0,69,A
1-PB2,1798,0,68,0,0,68,T
1-PB2,1799,0,69,0,0,69,T
1-PB2,1800,0,0,0,68,68,C
1-PB2,1801,0,0,0,68,68,C
1-PB2,1802,68,0,0,0,68,A
1-PB2,1803,68,0,0,0,68,A
1-PB2,1804,0,0,0,68,68,C
1-PB2,1805,70,0,0,0,70,A
1-PB2,1806,71,0,0,0,71,A
1-PB2,1807,70,0,0,0,70,A
1-PB2,1808,0,70,0,0,70,T
1-PB2,1809,0,0,71,0,71,G
1-PB2,1810,71,0,0,0,71,A
1-PB2,1811,0,0,70,0,70,G
1-PB2,1812,71,0,0,0,71,A
1-PB2,1813,0,0,70,0,70,G
1-PB2,1814,72,0,0,0,72,A
1-PB2,1815,0,0,0,70,70,C
1-PB2,1816,0,0,71,0,71,G
1-PB2,1817,0,70,0,0,70,T
1-PB2,1818,72,0,0,0,72,A
1-PB2,1819,0,0,0,72,72,C
1-PB2,1820,0,73,0,0,73,T
1-PB2,1821,0,73,0,0,73,T
1-PB2,1822,0,0,70,0,70,G
1-PB2,1823,0,0,69,0,69,G
1-PB2,1824,0,0,70,0,70,G
1-PB2,1825,70,0,0,0,70,A
1-PB2,1826,0,0,0,68,68,C
1-PB2,1827,71,0,0,0,71,A
1-PB2,1828,0,69,0,0,69,T
1-PB2,1829,0,71,0,0,71,T
1-PB2,1830,0,71,0,0,71,T
1-PB2,1831,0,0,70,0,70,G
1-PB2,1832,69,0,0,0,69,A
1-PB2,1833,0,0,0,69,69,C
1-PB2,1834,70,0,0,0,70,A
1-PB2,1835,0,0,0,70,70,C
1-PB2,1836,0,0,0,71,71,C
1-PB2,1837,75,0,0,0,75,A
1-PB2,1838,0,0,0,75,75,C
1-PB2,1839,0,0,0,75,75,C
1-PB2,1840,0,0,0,76,76,C
1-PB2,1841,75,0,0,0,75,A
1-PB2,1842,0,0,79,0,79,G
1-PB2,1843,79,0,0,0,79,A
1-PB2,1844,0,78,0,0,78,T
1-PB2,1845,78,0,0,0,78,A
1-PB2,1846,77,0,0,0,77,A
1-PB2,1847,0,77,0,0,77,T
1-PB2,1848,78,0,0,0,78,A
1-PB2,1849,78,0,0,0,78,A
1-PB2,1850,77,0,0,0,77,A
1-PB2,1851,0,0,77,0,77,G
1-PB2,1852,0,0,0,76,76,C
1-PB2,1853,0,75,0,0,75,T
1-PB2,1854,0,74,0,0,74,T
1-PB2,1855,0,0,0,73,73,C
1-PB2,1856,0,74,0,0,74,T
1-PB2,1857,0,0,0,77,77,C
1-PB2,1858,0,0,0,76,76,C
1-PB2,1859,0,0,0,75,75,C
1-PB2,1860,0,75,0,0,75,T
1-PB2,1861,0,75,0,0,75,T
1-PB2,1862,0,76,0,0,76,T
1-PB2,1863,0,75,0,0,75,T
1-PB2,1864,0,0,76,0,76,G
1-PB2,1865,0,0,0,76,76,C
1-PB2,1866,75,0,0,0,75,A
1-PB2,1867,0,0,75,0,75,G
1-PB2,1868,0,0,0,75,75,C
1-PB2,1869,0,73,0,0,73,T
1-PB2,1870,0,0,77,0,77,G
1-PB2,1871,0,0,0,75,75,C
1-PB2,1872,0,73,0,0,73,T
1-PB2,1873,0,0,0,74,74,C
1-PB2,1874,0,0,0,75,75,C
1-PB2,1875,76,0,0,0,76,A
1-PB2,1876,0,0,0,76,76,C
1-PB2,1877,0,0,0,77,77,C
1-PB2,1878,75,0,0,0,75,A
1-PB2,1879,75,0,0,0,75,A
1-PB2,1880,76,0,0,0,76,A
1-PB2,1881,0,0,75,0,75,G
1-PB2,1882,0,0,0,75,75,C
1-PB2,1883,75,0,0,0,75,A
1-PB2,1884,73,0,0,0,73,A
1-PB2,1885,74,0,1,0,75,A
1-PB2,1886,0,0,74,0,74,G
1-PB2,1887,0,0,0,74,74,C
1-PB2,1888,75,0,0,0,75,A
1-PB2,1889,0,0,75,0,75,G
1-PB2,1890,74,0,0,0,74,A
1-PB2,1891,74,0,0,0,74,A
1-PB2,1892,0,74,0,0,74,T
1-PB2,1893,0,0,74,0,74,G
1-PB2,1894,0,0,0,73,73,C
1-PB2,1895,73,0,0,0,73,A
1-PB2,1896,0,0,74,0,74,G
1-PB2,1897,0,72,0,0,72,T
1-PB2,1898,0,76,0,0,76,T
1-PB2,1899,0,0,0,76,76,C
1-PB2,1900,0,73,0,0,73,T
1-PB2,1901,0,0,0,75,75,C
1-PB2,1902,0,73,0,0,73,T
1-PB2,1903,0,74,0,0,74,T
1-PB2,1904,0,0,0,74,74,C
1-PB2,1905,72,0,0,0,72,A
1-PB2,1906,0,0,0,71,71,C
1-PB2,1907,0,68,0,0,68,T
1-PB2,1908,0,0,70,0,70,G
1-PB2,1909,68,0,0,0,68,A
1-PB2,1910,0,0,0,69,69,C
1-PB2,1911,0,70,0,0,70,T
1-PB2,1912,0,0,70,0,70,G
1-PB2,1913,0,69,0,0,69,T
1-PB2,1914,0,0,70,0,70,G
1-PB2,1915,70,0,0,0,70,A
1-PB2,1916,72,0,0,0,72,A
1-PB2,1917,0,70,0,0,70,T
1-PB2,1918,0,0,71,0,71,G
1-PB2,1919,0,68,0,0,68,T
1-PB2,1920,0,65,0,0,65,T
1-PB2,1921,65,0,0,0,65,A
1-PB2,1922,0,0,64,0,64,G
1-PB2,1923,0,0,65,0,65,G
1-PB2,1924,0,0,62,0,62,G
1-PB2,1925,0,0,64,0,64,G
1-PB2,1926,64,0,0,0,64,A
1-PB2,1927,0,63,0,0,63,T
1-PB2,1928,0,0,0,64,64,C
1-PB2,1929,62,0,0,0,62,A
1-PB2,1930,0,0,65,0,65,G
1-PB2,1931,0,0,64,0,64,G
1-PB2,1932,0,0,65,0,65,G
1-PB2,1933,64,0,0,0,64,A
1-PB2,1934,0,59,0,0,59,T
1-PB2,1935,0,0,59,0,59,G
1-PB2,1936,59,0,0,0,59,A
1-PB2,1937,0,0,60,0,60,G
1-PB2,1938,60,0,0,0,60,A
1-PB2,1939,56,0,0,0,56,A
1-PB2,1940,0,58,0,0,58,T
1-PB2,1941,57,0,0,0,57,A
1-PB2,1942,0,0,0,58,58,C
1-PB2,1943,0,57,0,0,57,T
1-PB2,1944,0,59,0,0,59,T
1-PB2,1945,0,0,59,0,59,G
1-PB2,1946,0,58,0,0,58,T
1-PB2,1947,58,0,0,0,58,A
1-PB2,1948,57,0,0,0,57,A
1-PB2,1949,0,0,59,0,59,G
1-PB2,1950,0,0,59,0,59,G
1-PB2,1951,0,0,56,0,56,G
1-PB2,1952,0,0,56,0,56,G
1-PB2,1953,0,0,0,56,56,C
1-PB2,1954,56,0,0,0,56,A
1-PB2,1955,57,0,0,0,57,A
1-PB2,1956,0,57,0,0,57,T
1-PB2,1957,0,57,0,0,57,T
1-PB2,1958,0,0,0,57,57,C
1-PB2,1959,0,58,0,0,58,T
1-PB2,1960,0,0,0,59,59,C
1-PB2,1961,0,0,0,59,59,C
1-PB2,1962,0,59,0,0,59,T
1-PB2,1963,0,0,60,0,60,G
1-PB2,1964,0,59,0,0,59,T
1-PB2,1965,59,0,0,0,59,A
1-PB2,1966,0,58,0,0,58,T
1-PB2,1967,0,56,0,0,56,T
1-PB2,1968,0,0,0,55,55,C
1-PB2,1969,56,0,0,0,56,A
1-PB2,1970,57,0,0,0,57,A
1-PB2,1971,0,0,0,57,57,C
1-PB2,1972,0,53,0,0,53,T
1-PB2,1973,60,0,0,0,60,A
1-PB2,1974,0,1,0,61,62,C
1-PB2,1975,60,0,0,0,60,A
1-PB2,1976,60,0,0,0,60,A
1-PB2,1977,0,0,0,61,61,C
1-PB2,1978,60,0,0,0,60,A
1-PB2,1979,61,0,0,0,61,A
1-PB2,1980,0,0,61,0,61,G
1-PB2,1981,61,0,0,0,61,A
1-PB2,1982,0,0,0,60,60,C
1-PB2,1983,0,0,0,59,59,C
1-PB2,1984,59,0,0,0,59,A
1-PB2,1985,0,0,0,61,61,C
1-PB2,1986,0,60,0,0,60,T
1-PB2,1987,61,0,0,0,61,A
1-PB2,1988,60,0,0,0,60,A
1-PB2,1989,59,0,0,0,59,A
1-PB2,1990,60,0,0,0,60,A
1-PB2,1991,0,0,61,0,61,G
1-PB2,1992,59,0,0,0,59,A
1-PB2,1993,0,0,0,61,61,C
1-PB2,1994,0,59,0,0,59,T
1-PB2,1995,60,0,0,0,60,A
1-PB2,1996,59,0,0,0,59,A
1-PB2,1997,0,0,0,60,60,C
1-PB2,1998,59,0,0,0,59,A
1-PB2,1999,60,0,0,0,60,A
1-PB2,2000,0,58,0,0,58,T
1-PB2,2001,0,57,0,0,57,T
1-PB2,2002,0,0,0,58,58,C
1-PB2,2003,0,57,0,0,57,T
1-PB2,2004,0,0,0,59,59,C
1-PB2,2005,0,0,58,0,58,G
1-PB2,2006,0,0,59,0,59,G
1-PB2,2007,59,0,0,0,59,A
1-PB2,2008,59,0,0,0,59,A
1-PB2,2009,59,0,0,0,59,A
1-PB2,2010,60,0,0,0,60,A
1-PB2,2011,0,0,59,0,59,G
1-PB2,2012,60,0,0,0,60,A
1-PB2,2013,0,59,0,1,60,T
1-PB2,2014,0,0,59,0,59,G
1-PB2,2015,0,0,0,58,58,C
1-PB2,2016,0,0,0,57,57,C
1-PB2,2017,0,0,58,0,58,G
1-PB2,2018,0,0,60,0,60,G
1-PB2,2019,0,0,0,62,62,C
1-PB2,2020,61,0,1,0,62,A
1-PB2,2021,1,0,0,65,66,C
1-PB2,2022,0,65,0,0,65,T
1-PB2,2023,0,67,0,0,67,T
1-PB2,2024,0,66,0,0,66,T
1-PB2,2025,67,0,0,0,67,A
1-PB2,2026,66,0,0,0,66,A
1-PB2,2027,0,66,0,0,66,T
1-PB2,2028,60,0,0,0,60,A
1-PB2,2029,0,0,60,0,60,G
1-PB2,2030,58,0,0,0,58,A
1-PB2,2031,59,0,0,0,59,A
1-PB2,2032,0,0,59,0,59,G
1-PB2,2033,61,0,0,0,61,A
1-PB2,2034,0,0,0,59,59,C
1-PB2,2035,0,0,0,59,59,C
1-PB2,2036,0,0,0,60,60,C
1-PB2,2037,59,0,0,0,59,A
1-PB2,2038,0,0,59,0,59,G
1-PB2,2039,58,0,0,0,58,A
1-PB2,2040,0,58,0,0,58,T
1-PB2,2041,0,0,59,0,59,G
1-PB2,2042,58,0,0,0,58,A
1-PB2,2043,59,0,0,0,59,A
1-PB2,2044,61,0,0,0,61,A
1-PB2,2045,0,0,59,0,59,G
1-PB2,2046,0,0,0,60,60,C
1-PB2,2047,57,0,0,0,57,A
1-PB2,2048,0,0,0,59,59,C
1-PB2,2049,59,0,0,0,59,A
1-PB2,2050,0,58,0,0,58,T
1-PB2,2051,0,0,0,58,58,C
1-PB2,2052,0,0,0,59,59,C
1-PB2,2053,0,0,56,0,56,G
1-PB2,2054,0,0,55,0,55,G
1-PB2,2055,55,0,0,0,55,A
1-PB2,2056,0,0,56,0,56,G
1-PB2,2057,0,58,0,0,58,T
1-PB2,2058,0,0,58,0,58,G
1-PB2,2059,0,0,59,0,59,G
1-PB2,2060,58,0,0,0,58,A
1-PB2,2061,0,0,57,0,57,G
1-PB2,2062,0,57,0,0,57,T
1-PB2,2063,0,0,0,54,54,C
1-PB2,2064,0,0,0,58,58,C
1-PB2,2065,0,0,57,0,57,G
1-PB2,2066,0,0,0,58,58,C
1-PB2,2067,0,0,0,56,56,C
1-PB2,2068,0,0,58,0,58,G
1-PB2,2069,0,55,0,0,55,T
1-PB2,2070,0,0,0,59,59,C
1-PB2,2071,0,59,0,0,59,T
1-PB2,2072,0,58,0,0,58,T
1-PB2,2073,0,0,59,0,59,G
1-PB2,2074,58,0,0,0,58,A
1-PB2,2075,0,0,60,0,60,G
1-PB2,2076,60,0,0,0,60,A
1-PB2,2077,0,0,56,0,56,G
1-PB2,2078,0,0,59,0,59,G
1-PB2,2079,0,0,57,0,57,G
1-PB2,2080,0,56,0,0,56,T
1-PB2,2081,0,57,0,0,57,T
1-PB2,2082,0,57,0,0,57,T
1-PB2,2083,0,0,0,57,57,C
1-PB2,2084,0,58,0,0,58,T
1-PB2,2085,0,0,0,56,56,C
1-PB2,2086,59,0,0,0,59,A
1-PB2,2087,0,58,0,0,58,T
1-PB2,2088,0,59,0,0,59,T
1-PB2,2089,58,0,0,0,58,A
1-PB2,2090,0,58,0,0,58,T
1-PB2,2091,58,0,0,0,58,A
1-PB2,2092,0,0,56,0,56,G
1-PB2,2093,0,0,55,0,55,G
1-PB2,2094,0,54,0,0,54,T
1-PB2,2095,50,0,0,0,50,A
1-PB2,2096,51,0,0,0,51,A
1-PB2,2097,0,0,51,0,51,G
1-PB2,2098,0,0,51,0,51,G
1-PB2,2099,50,0,0,0,50,A
1-PB2,2100,49,0,0,0,49,A
1-PB2,2101,0,0,49,0,49,G
1-PB2,2102,46,0,0,0,46,A
1-PB2,2103,0,0,0,46,46,C
1-PB2,2104,47,0,0,0,47,A
1-PB2,2105,0,0,47,0,47,G
1-PB2,2106,47,0,0,0,47,A
1-PB2,2107,46,0,0,0,46,A
1-PB2,2108,0,0,47,0,47,G
1-PB2,2109,45,0,0,0,45,A
1-PB2,2110,0,44,0,0,44,T
1-PB2,2111,43,0,0,0,43,A
1-PB2,2112,0,0,0,43,43,C
1-PB2,2113,0,0,43,0,43,G
1-PB2,2114,0,0,42,0,42,G
1-PB2,2115,39,0,0,0,39,A
1-PB2,2116,0,0,0,43,43,C
1-PB2,2117,0,0,0,42,42,C
1-PB2,2118,43,0,0,0,43,A
1-PB2,2119,0,0,44,0,44,G
1-PB2,2120,0,0,0,44,44,C
1-PB2,2121,44,0,0,0,44,A
1-PB2,2122,0,42,0,0,42,T
1-PB2,2123,0,42,0,0,42,T
1-PB2,2124,42,0,0,0,42,A
1-PB2,2125,42,0,0,0,42,A
1-PB2,2126,0,0,42,0,42,G
1-PB2,2127,0,0,0,42,42,C
1-PB2,2128,40,0,0,0,40,A
1-PB2,2129,0,40,0,0,40,T
1-PB2,2130,0,0,0,40,40,C
1-PB2,2131,40,0,0,0,40,A
1-PB2,2132,40,0,0,0,40,A
1-PB2,2133,0,39,0,0,39,T
1-PB2,2134,0,0,39,0,39,G
1-PB2,2135,38,0,0,0,38,A
1-PB2,2136,38,0,0,0,38,A
1-PB2,2137,0,0,0,39,39,C
1-PB2,2138,0,36,0,0,36,T
1-PB2,2139,0,0,37,0,37,G
1-PB2,2140,37,0,0,0,37,A
1-PB2,2141,0,0,36,0,36,G
1-PB2,2142,0,36,0,0,36,T
1-PB2,2143,36,0,0,0,36,A
1-PB2,2144,36,0,0,0,36,A
1-PB2,2145,0,0,0,36,36,C
1-PB2,2146,0,0,0,35,35,C
1-PB2,2147,0,36,0,0,36,T
1-PB2,2148,0,34,0,0,34,T
1-PB2,2149,0,0,34,0,34,G
1-PB2,2150,0,0,0,34,34,C
1-PB2,2151,34,0,0,0,34,A
1-PB2,2152,34,0,0,0,34,A
1-PB2,2153,34,0,0,0,34,A
1-PB2,2154,32,0,0,0,32,A
1-PB2,2155,0,0,32,0,32,G
1-PB2,2156,0,0,32,0,32,G
1-PB2,2157,0,0,32,0,32,G
1-PB2,2158,0,0,31,0,31,G
1-PB2,2159,29,0,0,0,29,A
1-PB2,2160,31,0,0,0,31,A
1-PB2,2161,31,0,0,0,31,A
1-PB2,2162,31,0,0,0,31,A
1-PB2,2163,0,0,31,0,31,G
1-PB2,2164,0,0,31,0,31,G
1-PB2,2165,0,0,0,31,31,C
1-PB2,2166,0,30,0,0,30,T
1-PB2,2167,30,0,0,0,30,A
1-PB2,2168,30,0,0,0,30,A
1-PB2,2169,0,30,0,0,30,T
1-PB2,2170,0,0,29,0,29,G
1-PB2,2171,0,29,0,0,29,T
1-PB2,2172,0,0,29,0,29,G
1-PB2,2173,0,0,0,29,29,C
1-PB2,2174,0,27,0,0,27,T
1-PB2,2175,27,0,0,0,27,A
1-PB2,2176,27,0,0,0,27,A
1-PB2,2177,0,27,0,0,27,T
1-PB2,2178,0,0,0,26,26,C
1-PB2,2179,0,0,23,0,23,G
1-PB2,2180,0,0,25,0,25,G
1-PB2,2181,0,0,25,0,25,G
1-PB2,2182,0,0,0,25,25,C
1-PB2,2183,25,0,0,0,25,A
1-PB2,2184,24,0,0,0,24,A
1-PB2,2185,0,0,25,0,25,G
1-PB2,2186,0,0,24,0,24,G
1-PB2,2187,23,0,0,0,23,A
1-PB2,2188,0,0,25,0,25,G
1-PB2,2189,24,0,0,0,24,A
1-PB2,2190,0,0,0,25,25,C
1-PB2,2191,0,0,25,0,25,G
1-PB2,2192,0,25,0,0,25,T
1-PB2,2193,0,0,25,0,25,G
1-PB2,2194,0,0,26,0,26,G
1-PB2,2195,0,25,0,0,25,T
1-PB2,2196,0,0,25,0,25,G
1-PB2,2197,0,25,0,0,25,T
1-PB2,2198,0,23,0,0,23,T
1-PB2,2199,0,0,24,0,24,G
1-PB2,2200,0,0,24,0,24,G
1-PB2,2201,0,25,0,0,25,T
1-PB2,2202,24,0,0,0,24,A
1-PB2,2203,23,0,0,0,23,A
1-PB2,2204,0,22,0,0,22,T
1-PB2,2205,0,0,23,0,23,G
1-PB2,2206,23,0,0,0,23,A
1-PB2,2207,23,0,0,0,23,A
1-PB2,2208,23,0,0,0,23,A
1-PB2,2209,0,0,0,23,23,C
1-PB2,2210,0,0,23,0,23,G
1-PB2,2211,23,0,0,0,23,A
1-PB2,2212,23,0,0,0,23,A
1-PB2,2213,23,0,0,0,23,A
1-PB2,2214,23,0,0,0,23,A
1-PB2,2215,0,0,0,23,23,C
1-PB2,2216,0,0,22,0,22,G
1-PB2,2217,0,0,23,0,23,G
1-PB2,2218,0,0,23,0,23,G
1-PB2,2219,23,0,0,0,23,A
1-PB2,2220,0,0,0,23,23,C
1-PB2,2221,0,22,0,0,22,T
1-PB2,2222,0,0,0,22,22,C
1-PB2,2223,0,23,0,0,23,T
1-PB2,2224,23,0,0,0,23,A
1-PB2,2225,0,0,23,0,23,G
1-PB2,2226,0,0,0,23,23,C
1-PB2,2227,23,0,0,0,23,A
1-PB2,2228,0,22,0,0,22,T
1-PB2,2229,22,0,0,0,22,A
1-PB2,2230,0,0,0,22,22,C
1-PB2,2231,0,21,0,0,21,T
1-PB2,2232,0,21,0,0,21,T
1-PB2,2233,20,0,0,0,20,A
1-PB2,2234,0,0,0,19,19,C
1-PB2,2235,0,20,0,0,20,T
1-PB2,2236,0,0,20,0,20,G
1-PB2,2237,20,0,0,0,20,A
1-PB2,2238,0,0,0,20,20,C
1-PB2,2239,18,0,0,0,18,A
1-PB2,2240,0,0,17,0,17,G
1-PB2,2241,0,0,0,17,17,C
1-PB2,2242,0,0,0,17,17,C
1-PB2,2243,17,0,0,0,17,A
1-PB2,2244,0,0,17,0,17,G
1-PB2,2245,18,0,0,0,18,A
1-PB2,2246,0,0,0,18,18,C
1-PB2,2247,16,0,0,0,16,A
1-PB2,2248,0,0,16,0,16,G
1-PB2,2249,0,0,0,15,15,C
1-PB2,2250,0,0,15,0,15,G
1-PB2,2251,15,0,0,0,15,A
1-PB2,2252,0,0,0,14,14,C
1-PB2,2253,0,0,0,15,15,C
1-PB2,2254,15,0,0,0,15,A
1-PB2,2255,15,0,0,0,15,A
1-PB2,2256,15,0,0,0,15,A
1-PB2,2257,15,0,0,0,15,A
1-PB2,2258,0,0,15,0,15,G
1-PB2,2259,15,0,0,0,15,A
1-PB2,2260,15,0,0,0,15,A
1-PB2,2261,0,14,0,0,14,T
1-PB2,2262,0,15,0,0,15,T
1-PB2,2263,0,1,0,14,15,C
1-PB2,2264,0,0,15,0,15,G
1-PB2,2265,0,0,15,0,15,G
1-PB2,2266,15,0,0,0,15,A
1-PB2,2267,0,14,0,0,14,T
1-PB2,2268,0,0,15,0,15,G
1-PB2,2269,0,0,13,0,13,G
1-PB2,2270,0,0,0,14,14,C
1-PB2,2271,0,0,0,14,14,C
1-PB2,2272,14,0,0,0,14,A
1-PB2,2273,0,15,0,0,15,T
1-PB2,2274,0,0,0,15,15,C
1-PB2,2275,15,0,0,0,15,A
1-PB2,2276,14,0,0,0,14,A
1-PB2,2277,0,15,0,0,15,T
1-PB2,2278,0,13,0,0,13,T
1-PB2,2279,13,0,0,0,13,A
1-PB2,2280,13,0,0,0,13,A
2-PB1,1,205,0,0,0,205,A
2-PB1,2,0,204,0,0,204,T
2-PB1,3,0,0,205,0,205,G
2-PB1,4,0,0,219,0,219,G
2-PB1,5,250,0,0,0,250,A
2-PB1,6,0,270,0,0,270,T
2-PB1,7,0,0,268,0,268,G
2-PB1,8,0,272,0,0,272,T
2-PB1,9,0,0,0,289,289,C
2-PB1,10,295,0,0,0,295,A
2-PB1,11,303,0,0,0,303,A
2-PB1,12,0,307,0,0,307,T
2-PB1,13,0,0,0,309,309,C
2-PB1,14,0,0,0,332,332,C
2-PB1,15,0,0,336,0,336,G
2-PB1,16,393,0,0,0,393,A
2-PB1,17,0,0,0,400,400,C
2-PB1,18,0,402,0,0,402,T
2-PB1,19,0,0,0,458,458,C
2-PB1,20,0,458,0,0,458,T
2-PB1,21,464,0,0,0,464,A
2-PB1,22,0,0,0,462,462,C
2-PB1,23,0,461,0,1,462,T
2-PB1,24,0,0,508,0,508,G
2-PB1,25,0,515,0,0,515,T
2-PB1,26,0,517,0,0,517,T
2-PB1,27,0,0,0,516,516,C
2-PB1,28,0,0,0,516,516,C
2-PB1,29,0,600,0,0,600,T
2-PB1,30,600,0,0,0,600,A
2-PB1,31,598,0,0,0,598,A
2-PB1,32,599,0,0,0,599,A
2-PB1,33,0,0,603,0,603,G
2-PB1,34,0,0,611,0,611,G
2-PB1,35,0,594,0,0,594,T
2-PB1,36,0,607,0,0,607,T
2-PB1,37,0,1,0,612,613,C
2-PB1,38,0,0,0,615,615,C
2-PB1,39,616,0,1,0,617,A
2-PB1,40,0,0,619,0,619,G
2-PB1,41,0,0,0,620,620,C
2-PB1,42,0,0,624,0,624,G
2-PB1,43,0,0,0,622,622,C
2-PB1,44,629,0,0,0,629,A
2-PB1,45,634,0,0,0,634,A
2-PB1,46,630,0,0,0,630,A
2-PB1,47,632,0,0,0,632,A
2-PB1,48,0,640,0,1,641,T
2-PB1,49,0,0,662,0,662,G
2-PB1,50,0,0,0,673,673,C
2-PB1,51,0,0,0,672,672,C
2-PB1,52,678,0,0,0,678,A
2-PB1,53,0,680,0,0,680,T
2-PB1,54,759,0,0,0,759,A
2-PB1,55,758,0,0,0,758,A
2-PB1,56,0,0,785,0,785,G
2-PB1,57,0,0,0,788,788,C
2-PB1,58,786,0,0,0,786,A
2-PB1,59,0,0,0,809,809,C
2-PB1,60,813,0,0,0,813,A
2-PB1,61,865,0,0,0,865,A
2-PB1,62,0,0,0,864,864,C
2-PB1,63,865,0,0,0,865,A
2-PB1,64,0,880,0,0,880,T
2-PB1,65,0,878,0,0,878,T
2-PB1,66,0,0,0,1087,1087,C
2-PB1,67,0,0,1,1085,1086,C
2-PB1,68,0,0,0,1109,1109,C
2-PB1,69,0,1121,0,1,1122,T
2-PB1,70,0,1118,0,0,1118,T
2-PB1,71,1237,0,0,0,1237,A
2-PB1,72,2,1248,0,0,1250,T
2-PB1,73,1258,0,0,0,1258,A
2-PB1,74,0,0,0,1265,1265,C
2-PB1,75,0,1224,0,1,1225,T
2-PB1,76,0,0,1242,0,1242,G
2-PB1,77,0,0,1237,1,1238,G
2-PB1,78,1231,0,1,0,1232,A
2-PB1,79,0,0,1241,0,1241,G
2-PB1,80,1243,0,1,0,1244,A
2-PB1,81,0,1255,0,0,1255,T
2-PB1,82,0,0,0,1328,1328,C
2-PB1,83,0,0,0,1324,1324,C
2-PB1,84,0,1331,0,0,1331,T
2-PB1,85,0,0,0,1425,1425,C
2-PB1,86,0,0,0,1434,1434,C
2-PB1,87,1443,0,1,0,1444,A
2-PB1,88,0,1445,0,0,1445,T
2-PB1,89,1442,0,0,0,1442,A
2-PB1,90,0,0,0,1444,1444,C
2-PB1,91,1418,0,0,0,1418,A
2-PB1,92,0,0,1482,0,1482,G
2-PB1,93,1,0,0,1498,1499,C
2-PB1,94,0,1,0,1487,1488,C
2-PB1,95,1499,0,0,0,1499,A
2-PB1,96,0,1494,0,0,1494,T
2-PB1,97,0,0,1493,0,1493,G
2-PB1,98,0,0,1567,0,1567,G
2-PB1,99,1570,1,0,0,1571,A
2-PB1,100,1600,0,0,0,1600,A
2-PB1,101,0,0,0,1601,1601,C
2-PB1,102,1583,1,2,0,1586,A
2-PB1,103,0,0,1618,0,1618,G
2-PB1,104,0,0,1632,0,1632,G
2-PB1,105,1636,0,2,0,1638,A
2-PB1,106,1656,0,1,0,1657,A
2-PB1,107,0,0,0,1662,1662,C
2-PB1,108,1661,0,1,0,1662,A
2-PB1,109,0,0,1885,0,1885,G
2-PB1,110,0,0,1879,0,1879,G
2-PB1,111,0,0,1914,0,1914,G
2-PB1,112,0,1917,0,3,1920,T
2-PB1,113,1926,0,0,0,1926,A
2-PB1,114,0,0,0,1940,1940,C
2-PB1,115,2024,1,0,0,2025,A
2-PB1,116,0,0,0,2113,2113,C
2-PB1,117,0,0,0,2101,2101,C
2-PB1,118,2049,0,0,0,2049,A
2-PB1,119,0,2039,0,2,2041,T
2-PB1,120,0,0,2053,0,2053,G
2-PB1,121,1,0,2043,1,2045,G
2-PB1,122,2040,0,2,0,2042,A
2-PB1,123,0,1,0,2054,2055,C
2-PB1,124,2029,0,0,0,2029,A
2-PB1,125,1,0,0,2063,2064,C
2-PB1,126,2060,0,0,1,2061,A
2-PB1,127,0,0,2099,0,2099,G
2-PB1,128,0,2097,0,1,2098,T
2-PB1,129,0,0,0,2160,2160,C
2-PB1,130,2162,0,1,0,2163,A
2-PB1,131,2165,0,0,0,2165,A
2-PB1,132,0,1,0,2176,2177,C
2-PB1,133,2172,0,0,0,2172,A
2-PB1,134,0,0,2182,0,2182,G
2-PB1,135,2160,0,0,0,2160,A
2-PB1,136,2169,0,1,0,2170,A
2-PB1,137,0,0,0,2162,2162,C
2-PB1,138,2140,0,1,0,2141,A
2-PB1,139,0,1,0,2155,2156,C
2-PB1,140,2139,0,1,0,2140,A
2-PB1,141,0,2127,0,2,2129,T
2-PB1,142,0,0,0,2264,2264,C
2-PB1,143,2276,0,1,0,2277,A
2-PB1,144,2302,0,1,0,2303,A
2-PB1,145,0,2331,0,0,2331,T
2-PB1,146,2414,0,0,0,2414,A
2-PB1,147,0,2420,0,1,2421,T
2-PB1,148,0,2402,0,0,2402,T
2-PB1,149,0,0,0,2402,2402,C
2-PB1,150,2369,0,1,0,2370,A
2-PB1,151,0,0,2363,0,2363,G
2-PB1,152,2348,0,0,0,2348,A
2-PB1,153,0,0,2365,0,2365,G
2-PB1,154,2302,0,1,0,2303,A
2-PB1,155,0,0,2246,0,2246,G
2-PB1,156,0,0,2234,0,2234,G
2-PB1,157,0,0,2311,0,2311,G
2-PB1,158,0,0,2324,0,2324,G
2-PB1,159,1,0,2339,0,2340,G
2-PB1,160,2347,0,1,1,2349,A
2-PB1,161,2342,0,2,1,2345,A
2-PB1,162,0,0,2362,0,2362,G
2-PB1,163,0,2312,0,3,2315,T
2-PB1,164,0,0,2329,0,2329,G
2-PB1,165,0,0,2324,0,2324,G
2-PB1,166,2316,1,4,0,2321,A
2-PB1,167,0,0,0,2343,2343,C
2-PB1,168,0,0,2354,0,2354,G
2-PB1,169,2367,0,1,0,2368,A
2-PB1,170,0,0,0,2390,2390,C
2-PB1,171,2390,0,0,1,2391,A
2-PB1,172,2394,0,3,0,2397,A
2-PB1,173,2402,0,0,0,2402,A
2-PB1,174,0,2434,0,0,2434,T
2-PB1,175,2450,1,0,0,2451,A
2-PB1,176,0,2,0,2452,2454,C
2-PB1,177,2432,1,0,0,2433,A
2-PB1,178,0,0,2425,0,2425,G
2-PB1,179,2414,0,0,0,2414,A
2-PB1,180,2434,0,0,1,2435,A
2-PB1,181,2440,0,0,0,2440,A
2-PB1,182,0,1,0,2438,2439,C
2-PB1,183,0,2401,0,0,2401,T
2-PB1,184,0,0,2405,0,2405,G
2-PB1,185,0,0,2371,0,2371,G
2-PB1,186,0,0,2353,0,2353,G
2-PB1,187,1,0,2363,0,2364,G
2-PB1,188,0,0,0,2395,2395,C
2-PB1,189,2393,0,0,0,2393,A
2-PB1,190,1,0,0,2491,2492,C
2-PB1,191,0,1,0,2499,2500,C
2-PB1,192,0,1,1,2496,2498,C
2-PB1,193,1,0,0,2525,2526,C
2-PB1,194,2522,0,0,0,2522,A
2-PB1,195,2552,1,0,0,2553,A
2-PB1,196,0,0,0,2543,2543,C
2-PB1,197,0,2517,0,2,2519,T
2-PB1,198,0,0,0,2538,2538,C
2-PB1,199,2448,0,1,1,2450,A
2-PB1,200,2470,0,2,0,2472,A
2-PB1,201,0,0,0,2484,2484,C
2-PB1,202,0,0,0,2466,2466,C
2-PB1,203,0,0,0,2466,2466,C
2-PB1,204,2473,0,1,0,2474,A
2-PB1,205,2472,0,1,0,2473,A
2-PB1,206,0,2477,0,1,2478,T
2-PB1,207,0,2492,0,0,2492,T
2-PB1,208,0,0,2496,0,2496,G
2-PB1,209,2464,0,1,0,2465,A
2-PB1,210,0,2457,0,1,2458,T
2-PB1,211,0,0,2464,0,2464,G
2-PB1,212,0,0,2469,0,2469,G
2-PB1,213,2507,0,3,1,2511,A
2-PB1,214,0,0,0,2511,2511,C
2-PB1,215,1,1,0,2504,2506,C
2-PB1,216,2510,1,0,1,2512,A
2-PB1,217,0,0,0,2570,2570,C
2-PB1,218,0,2566,0,0,2566,T
2-PB1,219,2613,0,0,2,2615,A
2-PB1,220,0,0,0,2640,2640,C
2-PB1,221,0,0,0,2621,2621,C
2-PB1,222,0,2568,0,1,2569,T
2-PB1,223,0,0,2592,0,2592,G
2-PB1,224,2580,1,1,0,2582,A
2-PB1,225,0,0,2599,0,2599,G
2-PB1,226,0,0,2571,0,2571,G
2-PB1,227,2545,0,1,0,2546,A
2-PB1,228,0,2515,0,0,2515,T
2-PB1,229,2508,0,0,0,2508,A
2-PB1,230,2490,0,3,0,2493,A
2-PB1,231,0,2491,0,1,2492,T
2-PB1,232,0,0,2492,0,2492,G
2-PB1,233,2498,0,0,0,2498,A
2-PB1,234,2480,1,0,0,2481,A
2-PB1,235,0,0,0,2490,2490,C
2-PB1,236,0,0,0,2470,2470,C
2-PB1,237,2491,0,0,0,2491,A
2-PB1,238,2482,1,1,0,2484,A
2-PB1,239,0,0,2492,0,2492,G
2-PB1,240,0,2454,0,0,2454,T
2-PB1,241,1,0,2478,0,2479,G
2-PB1,242,0,0,2521,0,2521,G
2-PB1,243,2514,0,0,0,2514,A
2-PB1,244,0,2512,0,0,2512,T
2-PB1,245,2526,0,0,0,2526,A
2-PB1,246,0,2587,0,2,2589,T
2-PB1,247,0,1,2592,0,2593,G
2-PB1,248,0,2,0,2583,2585,C
2-PB1,249,2591,0,0,0,2591,A
2-PB1,250,0,0,0,2667,2667,C
2-PB1,251,2648,0,0,0,2648,A
2-PB1,252,2703,1,0,0,2704,A
2-PB1,253,2681,0,1,0,2682,A
2-PB1,254,0,0,0,2697,2697,C
2-PB1,255,2641,0,0,0,2641,A
2-PB1,256,0,0,2651,0,2651,G
2-PB1,257,2639,0,1,0,2640,A
2-PB1,258,0,0,0,2652,2652,C
2-PB1,259,0,2570,0,0,2570,T
2-PB1,260,0,0,2634,0,2634,G
2-PB1,261,0,2587,1,1,2589,T
2-PB1,262,1,0,2717,0,2718,G
2-PB1,263,0,2706,0,1,2707,T
2-PB1,264,0,0,0,2717,2717,C
2-PB1,265,0,0,1,2699,2700,C
2-PB1,266,2,2704,0,0,2706,T
2-PB1,267,0,0,2703,0,2703,G
2-PB1,268,1,0,2700,0,2701,G
2-PB1,269,2640,0,1,0,2641,A
2-PB1,270,2,0,2688,0,2690,G
2-PB1,271,0,0,2607,0,2607,G
2-PB1,272,0,1,0,2603,2604,C
2-PB1,273,0,2609,0,0,2609,T
2-PB1,274,2621,0,0,0,2621,A
2-PB1,275,0,2602,0,0,2602,T
2-PB1,276,0,0,2611,0,2611,G
2-PB1,277,2,0,2575,0,2577,G
2-PB1,278,1,1,0,2576,2578,C
2-PB1,279,0,0,0,2564,2564,C
2-PB1,280,0,2532,0,0,2532,T
2-PB1,281,0,2698,0,0,2698,T
2-PB1,282,0,0,0,2687,2687,C
2-PB1,283,0,0,0,2709,2709,C
2-PB1,284,0,2712,0,0,2712,T
2-PB1,285,0,2710,0,1,2711,T
2-PB1,286,0,0,2717,0,2717,G
2-PB1,287,2708,0,0,0,2708,A
2-PB1,288,2705,0,1,0,2706,A
2-PB1,289,0,0,2710,0,2710,G
2-PB1,290,2598,0,1,0,2599,A
2-PB1,291,2614,0,0,0,2614,A
2-PB1,292,0,2573,0,0,2573,T
2-PB1,293,0,1,0,2602,2603,C
2-PB1,294,0,0,0,2587,2587,C
2-PB1,295,0,0,0,2603,2603,C
2-PB1,296,2603,0,1,0,2604,A
2-PB1,297,0,0,0,2628,2628,C
2-PB1,298,0,0,0,2626,2626,C
2-PB1,299,0,0,0,2631,2631,C
2-PB1,300,2610,1,1,0,2612,A
2-PB1,301,0,0,2623,0,2623,G
2-PB1,302,0,0,2619,0,2619,G
2-PB1,303,0,2562,0,3,2565,T
2-PB1,304,2644,0,1,0,2645,A
2-PB1,305,0,2632,0,0,2632,T
2-PB1,306,0,0,0,2649,2649,C
2-PB1,307,0,2646,0,0,2646,T
2-PB1,308,0,2642,0,0,2642,T
2-PB1,309,0,2651,0,3,2654,T
2-PB1,310,0,0,2642,0,2642,G
2-PB1,311,2623,0,1,0,2624,A
2-PB1,312,0,0,2640,0,2640,G
2-PB1,313,2599,0,0,0,2599,A
2-PB1,314,2614,0,0,0,2614,A
2-PB1,315,0,0,0,2629,2629,C
2-PB1,316,1,2600,0,2,2603,T
2-PB1,317,1,0,0,2628,2629,C
2-PB1,318,2608,1,1,0,2610,A
2-PB1,319,0,2615,0,0,2615,T
2-PB1,320,1,0,2627,0,2628,G
2-PB1,321,0,1,0,2645,2646,C
2-PB1,322,0,0,0,2665,2665,C
2-PB1,323,0,2650,1,1,2652,T
2-PB1,324,0,2644,1,0,2645,T
2-PB1,325,0,0,2640,0,2640,G
2-PB1,326,2642,0,1,0,2643,A
2-PB1,327,2641,0,0,0,2641,A
2-PB1,328,2648,0,8,0,2656,A
2-PB1,329,0,0,0,2674,2674,C
2-PB1,330,2618,0,1,0,2619,A
2-PB1,331,2630,0,2,0,2632,A
2-PB1,332,0,2640,0,3,2643,T
2-PB1,333,1,0,2631,0,2632,G
2-PB1,334,0,0,2616,0,2616,G
2-PB1,335,2584,0,1,0,2585,A
2-PB1,336,2575,0,4,0,2579,A
2-PB1,337,0,0,2564,0,2564,G
2-PB1,338,0,0,0,2550,2550,C
2-PB1,339,0,0,0,2562,2562,C
2-PB1,340,1,0,2576,0,2577,G
2-PB1,341,0,2552,0,2,2554,T
2-PB1,342,0,2551,0,2,2553,T
2-PB1,343,0,0,0,2594,2594,C
2-PB1,344,2593,0,1,1,2595,A
2-PB1,345,2630,0,0,1,2631,A
2-PB1,346,0,0,0,2642,2642,C
2-PB1,347,2631,1,1,1,2634,A
2-PB1,348,1,0,2634,0,2635,G
2-PB1,349,2608,0,1,0,2609,A
2-PB1,350,0,0,0,2627,2627,C
2-PB1,351,2628,0,1,0,2629,A
2-PB1,352,2643,0,1,0,2644,A
2-PB1,353,0,0,2679,0,2679,G
2-PB1,354,1,0,2644,1,2646,G
2-PB1,355,0,0,2634,0,2634,G
2-PB1,356,0,2512,0,0,2512,T
2-PB1,357,0,0,2579,0,2579,G
2-PB1,358,0,0,2579,1,2580,G
2-PB1,359,2598,0,1,0,2599,A
2-PB1,360,0,0,0,2604,2604,C
2-PB1,361,2567,0,0,0,2567,A
2-PB1,362,2572,1,0,0,2573,A
2-PB1,363,2584,0,1,0,2585,A
2-PB1,364,0,0,0,2578,2578,C
2-PB1,365,0,2568,0,0,2568,T
2-PB1,366,2571,0,0,0,2571,A
2-PB1,367,2546,0,1,0,2547,A
2-PB1,368,0,0,0,2569,2569,C
2-PB1,369,0,0,0,2570,2570,C
2-PB1,370,0,0,0,2600,2600,C
2-PB1,371,2523,0,0,0,2523,A
2-PB1,372,2504,0,1,0,2505,A
2-PB1,373,0,0,2520,0,2520,G
2-PB1,374,1,0,2520,0,2521,G
2-PB1,375,1,2455,1,3,2460,T
2-PB1,376,0,1,0,2503,2504,C
2-PB1,377,0,0,2499,0,2499,G
2-PB1,378,0,0,0,2501,2501,C
2-PB1,379,0,1,0,2514,2515,C
2-PB1,380,2514,1,0,0,2515,A
2-PB1,381,0,0,2567,0,2567,G
2-PB1,382,2589,0,0,0,2589,A
2-PB1,383,0,0,0,2613,2613,C
2-PB1,384,0,2597,0,1,2598,T
2-PB1,385,0,2590,0,1,2591,T
2-PB1,386,2583,0,3,0,2586,A
2-PB1,387,0,2613,0,1,2614,T
2-PB1,388,0,0,2616,0,2616,G
2-PB1,389,2594,0,0,1,2595,A
2-PB1,390,0,2543,1,0,2544,T
2-PB1,391,0,2479,0,0,2479,T
2-PB1,392,0,0,2461,0,2461,G
2-PB1,393,1,0,2461,0,2462,G
2-PB1,394,2500,0,4,0,2504,A
2-PB1,395,0,1,0,2506,2507,C
2-PB1,396,2486,0,1,0,2487,A
2-PB1,397,0,2465,0,0,2465,T
2-PB1,398,0,2498,0,0,2498,T
2-PB1,399,2511,1,1,0,2513,A
2-PB1,400,2501,0,0,0,2501,A
2-PB1,401,2498,0,1,0,2499,A
2-PB1,402,0,0,0,2511,2511,C
2-PB1,403,2465,1,1,0,2467,A
2-PB1,404,0,0,2467,0,2467,G
2-PB1,405,2443,1,4,1,2449,A
2-PB1,406,2443,0,0,0,2443,A
2-PB1,407,2451,0,0,0,2451,A
2-PB1,408,0,2392,0,1,2393,T
2-PB1,409,0,1,0,2426,2427,C
2-PB1,410,2427,0,3,0,2430,A
2-PB1,411,2440,0,1,0,2441,A
2-PB1,412,0,0,0,2434,2434,C
2-PB1,413,0,0,0,2414,2414,C
2-PB1,414,0,0,2396,0,2396,G
2-PB1,415,1,0,2392,0,2393,G
2-PB1,416,0,0,0,2420,2420,C
2-PB1,417,2417,0,1,0,2418,A
2-PB1,418,0,0,2404,0,2404,G
2-PB1,419,0,0,0,2443,2443,C
2-PB1,420,2441,0,0,0,2441,A
2-PB1,421,2442,0,0,0,2442,A
2-PB1,422,0,1,0,2453,2454,C
2-PB1,423,1,2434,0,0,2435,T
2-PB1,424,1,0,2541,0,2542,G
2-PB1,425,1,0,0,2538,2539,C
2-PB1,426,2542,2,0,1,2545,A
2-PB1,427,1,2546,0,1,2548,T
2-PB1,428,0,2514,0,1,2515,T
2-PB1,429,2664,0,0,2,2666,A
2-PB1,430,1,0,2660,0,2661,G
2-PB1,431,2,0,0,2618,2620,C
2-PB1,432,0,3,0,2646,2649,C
2-PB1,433,2540,0,0,0,2540,A
2-PB1,434,2556,0,1,0,2557,A
2-PB1,435,0,1,0,2585,2586,C
2-PB1,436,2580,2,1,0,2583,A
2-PB1,437,0,1,0,2646,2647,C
2-PB1,438,1,0,0,2434,2435,C
2-PB1,439,2450,0,0,0,2450,A
2-PB1,440,0,2440,0,0,2440,T
2-PB1,441,2460,0,0,0,2460,A
2-PB1,442,0,0,2455,0,2455,G
2-PB1,443,2424,0,0,0,2424,A
2-PB1,444,2391,0,2,0,2393,A
2-PB1,445,1,0,2395,0,2396,G
2-PB1,446,0,2311,0,0,2311,T
2-PB1,447,0,2310,0,1,2311,T
2-PB1,448,0,2335,0,0,2335,T
2-PB1,449,0,2340,0,0,2340,T
2-PB1,450,0,2354,0,0,2354,T
2-PB1,451,2348,1,0,0,2349,A
2-PB1,452,0,0,2341,0,2341,G
2-PB1,453,2327,0,0,0,2327,A
2-PB1,454,0,2297,0,0,2297,T
2-PB1,455,0,1,1,2293,2295,C
2-PB1,456,0,0,2309,0,2309,G
2-PB1,457,2278,0,1,0,2279,A
2-PB1,458,2289,0,0,0,2289,A
2-PB1,459,0,2,0,2313,2315,C
2-PB1,460,0,1,2315,0,2316,G
2-PB1,461,0,0,2405,0,2405,G
2-PB1,462,2392,0,0,0,2392,A
2-PB1,463,0,2393,0,0,2393,T
2-PB1,464,0,2411,0,0,2411,T
2-PB1,465,2397,0,9,0,2406,A
2-PB1,466,2390,0,2,0,2392,A
2-PB1,467,1,0,0,2409,2410,C
2-PB1,468,2384,0,2,0,2386,A
2-PB1,469,0,0,2399,0,2399,G
2-PB1,470,0,0,1,2273,2274,C
2-PB1,471,0,2278,0,1,2279,T
2-PB1,472,2294,0,0,0,2294,A
2-PB1,473,2295,0,0,0,2295,A
2-PB1,474,1,2287,0,0,2288,T
2-PB1,475,0,0,2317,0,2317,G
2-PB1,476,2316,0,0,0,2316,A
2-PB1,477,2303,0,0,0,2303,A
2-PB1,478,0,2249,1,0,2250,T
2-PB1,479,0,0,0,2281,2281,C
2-PB1,480,2264,0,2,1,2267,A
2-PB1,481,1,0,2268,0,2269,G
2-PB1,482,0,0,2262,0,2262,G
2-PB1,483,2264,0,0,0,2264,A
2-PB1,484,2226,0,2,1,2229,A
2-PB1,485,0,0,2297,0,2297,G
2-PB1,486,0,0,2270,1,2271,G
2-PB1,487,0,0,0,2289,2289,C
2-PB1,488,0,2300,1,2,2303,T
2-PB1,489,2306,0,0,0,2306,A
2-PB1,490,2307,0,0,0,2307,A
2-PB1,491,1,2313,1,1,2316,T
2-PB1,492,2314,0,1,0,2315,A
2-PB1,493,0,1,2330,0,2331,G
2-PB1,494,2179,0,0,0,2179,A
2-PB1,495,0,2154,0,2,2156,T
2-PB1,496,0,2162,1,0,2163,T
2-PB1,497,0,2128,0,0,2128,T
2-PB1,498,1,0,0,2213,2214,C
2-PB1,499,0,1,0,2227,2228,C
2-PB1,500,0,2209,1,2,2212,T
2-PB1,501,0,3,1,2245,2249,C
2-PB1,502,2251,1,2,0,2254,A
2-PB1,503,2255,0,0,0,2255,A
2-PB1,504,0,0,2258,0,2258,G
2-PB1,505,0,0,2283,1,2284,G
2-PB1,506,2278,0,1,1,2280,A
2-PB1,507,0,2195,0,0,2195,T
2-PB1,508,0,0,2223,0,2223,G
2-PB1,509,0,2195,0,0,2195,T
2-PB1,510,0,1,2249,0,2250,G
2-PB1,511,2242,0,1,0,2243,A
2-PB1,512,0,2238,0,0,2238,T
2-PB1,513,0,0,2221,0,2221,G
2-PB1,514,0,0,2215,1,2216,G
2-PB1,515,2222,1,1,0,2224,A
2-PB1,516,2214,1,0,0,2215,A
2-PB1,517,0,2151,0,0,2151,T
2-PB1,518,0,1,0,2190,2191,C
2-PB1,519,2174,0,1,0,2175,A
2-PB1,520,2166,0,1,0,2167,A
2-PB1,521,0,2166,0,0,2166,T
2-PB1,522,0,0,2186,0,2186,G
2-PB1,523,0,2,2195,0,2197,G
2-PB1,524,2184,0,1,0,2185,A
2-PB1,525,0,2184,0,1,2185,T
2-PB1,526,2200,0,0,0,2200,A
2-PB1,527,2182,0,0,0,2182,A
2-PB1,528,2183,0,1,0,2184,A
2-PB1,529,0,0,2207,0,2207,G
2-PB1,530,2183,0,3,0,2186,A
2-PB1,531,0,0,2167,0,2167,G
2-PB1,532,1,0,2165,0,2166,G
2-PB1,533,2149,0,0,0,2149,A
2-PB1,534,2149,0,1,0,2150,A
2-PB1,535,2154,0,0,0,2154,A
2-PB1,536,0,2157,0,0,2157,T
2-PB1,537,0,0,2191,0,2191,G
2-PB1,538,0,0,2180,0,2180,G
2-PB1,539,2158,0,1,0,2159,A
2-PB1,540,0,0,2182,0,2182,G
2-PB1,541,2160,0,2,0,2162,A
2-PB1,542,0,2188,0,0,2188,T
2-PB1,543,2201,0,0,0,2201,A
2-PB1,544,2201,0,3,0,2204,A
2-PB1,545,0,1,0,2219,2220,C
2-PB1,546,2194,0,0,0,2194,A
2-PB1,547,2202,0,1,0,2203,A
2-PB1,548,0,0,1,2195,2196,C
2-PB1,549,2165,0,0,0,2165,A
2-PB1,550,0,0,0,2177,2177,C
2-PB1,551,2134,0,1,1,2136,A
2-PB1,552,0,0,0,2159,2159,C
2-PB1,553,0,2123,0,0,2123,T
2-PB1,554,2,2116,0,0,2118,T
2-PB1,555,0,2117,0,0,2117,T
2-PB1,556,0,0,0,2138,2138,C
2-PB1,557,2149,0,0,0,2149,A
2-PB1,558,2140,0,0,0,2140,A
2-PB1,559,1996,0,142,0,2138,A
2-PB1,560,0,0,2158,0,2158,G
2-PB1,561,2133,0,0,0,2133,A
2-PB1,562,2146,0,0,0,2146,A
2-PB1,563,2138,0,0,0,2138,A
2-PB1,564,2138,0,0,0,2138,A
2-PB1,565,2136,0,2,0,2138,A
2-PB1,566,0,0,2141,0,2141,G
2-PB1,567,0,0,2139,0,2139,G
2-PB1,568,2118,0,4,0,2122,A
2-PB1,569,329,0,1840,0,2169,G
2-PB1,570,2163,0,3,0,2166,A
2-PB1,571,1,0,2234,1,2236,G
2-PB1,572,0,2205,0,0,2205,T
2-PB1,573,2231,0,0,0,2231,A
2-PB1,574,2223,0,2,0,2225,A
2-PB1,575,0,0,2226,0,2226,G
2-PB1,576,0,0,2228,0,2228,G
2-PB1,577,0,0,2223,0,2223,G
2-PB1,578,2207,0,3,0,2210,A
2-PB1,579,0,1,0,2220,2221,C
2-PB1,580,2184,0,2,0,2186,A
2-PB1,581,2194,0,3,0,2197,A
2-PB1,582,0,0,0,2174,2174,C
2-PB1,583,2183,0,0,0,2183,A
2-PB1,584,0,2147,0,0,2147,T
2-PB1,585,0,0,2130,0,2130,G
2-PB1,586,2137,0,1,0,2138,A
2-PB1,587,2,1,0,2106,2109,C
2-PB1,588,0,1,0,2101,2102,C
2-PB1,589,2133,0,0,0,2133,A
2-PB1,590,2120,0,0,0,2120,A
2-PB1,591,0,0,2132,0,2132,G
2-PB1,592,2135,0,1,0,2136,A
2-PB1,593,2139,0,0,0,2139,A
2-PB1,594,2116,0,1,0,2117,A
2-PB1,595,2115,0,1,0,2116,A
2-PB1,596,0,2097,0,0,2097,T
2-PB1,597,0,0,2112,0,2112,G
2-PB1,598,0,0,2105,0,2105,G
2-PB1,599,0,2064,0,0,2064,T
2-PB1,600,0,0,0,2073,2073,C
2-PB1,601,2099,0,0,0,2099,A
2-PB1,602,0,0,0,2252,2252,C
2-PB1,603,2318,0,0,0,2318,A
2-PB1,604,0,0,0,2341,2341,C
2-PB1,605,2337,0,0,0,2337,A
2-PB1,606,2448,0,1,0,2449,A
2-PB1,607,2440,0,0,0,2440,A
2-PB1,608,1,0,2615,1,2617,G
2-PB1,609,2603,0,0,0,2603,A
2-PB1,610,2637,0,0,0,2637,A
2-PB1,611,0,2,0,2705,2707,C
2-PB1,612,2666,0,0,0,2666,A
2-PB1,613,2682,0,0,1,2683,A
2-PB1,614,0,2664,0,0,2664,T
2-PB1,615,2675,0,1,0,2676,A
2-PB1,616,0,3,2655,0,2658,G
2-PB1,617,0,0,2584,0,2584,G
2-PB1,618,0,0,2599,0,2599,G
2-PB1,619,2585,0,2,0,2587,A
2-PB1,620,2561,1,1,0,2563,A
2-PB1,621,0,0,2574,0,2574,G
2-PB1,622,2572,0,2,0,2574,A
2-PB1,623,2588,0,1,0,2589,A
2-PB1,624,2600,0,0,0,2600,A
2-PB1,625,2608,0,2,0,2610,A
2-PB1,626,2691,0,1,0,2692,A
2-PB1,627,2697,0,1,0,2698,A
2-PB1,628,0,0,0,2696,2696,C
2-PB1,629,2705,0,0,0,2705,A
2-PB1,630,2697,0,1,1,2699,A
2-PB1,631,2694,1,1,0,2696,A
2-PB1,632,0,1,2721,0,2722,G
2-PB1,633,2717,0,8,0,2725,A
2-PB1,634,0,0,2842,0,2842,G
2-PB1,635,0,2786,0,0,2786,T
2-PB1,636,0,0,3351,0,3351,G
2-PB1,637,3360,0,3,0,3363,A
2-PB1,638,3373,0,2,0,3375,A
2-PB1,639,0,3431,0,0,3431,T
2-PB1,640,3461,0,1,0,3462,A
2-PB1,641,3468,2,0,0,3470,A
2-PB1,642,0,1,3473,0,3474,G
2-PB1,643,3409,1,5,0,3415,A
2-PB1,644,0,0,3403,1,3404,G
2-PB1,645,3251,1,1,1,3254,A
2-PB1,646,0,0,3256,1,3257,G
2-PB1,647,1,1,3228,0,3230,G
2-PB1,648,0,1,0,3255,3256,C
2-PB1,649,0,3243,0,1,3244,T
2-PB1,650,3355,1,2,0,3358,A
2-PB1,651,0,1,0,3548,3549,C
2-PB1,652,0,0,0,3592,3592,C
2-PB1,653,1,3634,0,0,3635,T
2-PB1,654,3791,0,0,0,3791,A
2-PB1,655,3777,0,0,0,3777,A
2-PB1,656,0,3795,0,0,3795,T
2-PB1,657,3785,0,1,0,3786,A
2-PB1,658,3774,0,2,0,3776,A
2-PB1,659,1,0,3742,0,3743,G
2-PB1,660,3657,0,0,0,3657,A
2-PB1,661,0,0,3658,0,3658,G
2-PB1,662,0,0,0,3684,3684,C
2-PB1,663,0,3670,0,0,3670,T
2-PB1,664,0,3685,0,3,3688,T
2-PB1,665,0,3708,0,0,3708,T
2-PB1,666,0,0,3683,0,3683,G
2-PB1,667,3771,0,5,0,3776,A
2-PB1,668,0,1,0,3787,3788,C
2-PB1,669,3799,0,1,0,3800,A
2-PB1,670,1,3753,1,0,3755,T
2-PB1,671,0,3771,0,1,3772,T
2-PB1,672,0,0,3828,0,3828,G
2-PB1,673,3833,0,1,1,3835,A
2-PB1,674,3848,0,6,0,3854,A
2-PB1,675,0,1,0,3836,3837,C
2-PB1,676,3840,0,2,0,3842,A
2-PB1,677,0,1,0,3837,3838,C
2-PB1,678,0,1,3842,0,3843,G
2-PB1,679,3832,0,13,0,3845,A
2-PB1,680,0,3850,0,0,3850,T
2-PB1,681,0,1,3885,0,3886,G
2-PB1,682,3901,0,2,0,3903,A
2-PB1,683,0,0,1,3890,3891,C
2-PB1,684,0,0,0,3943,3943,C
2-PB1,685,3946,0,3,0,3949,A
2-PB1,686,4012,1,1,0,4014,A
2-PB1,687,4018,1,4,0,4023,A
2-PB1,688,0,0,4108,0,4108,G
2-PB1,689,4129,1,1,0,4131,A
2-PB1,690,0,4065,0,4,4069,T
2-PB1,691,0,0,4106,0,4106,G
2-PB1,692,0,3,0,4054,4057,C
2-PB1,693,4081,2,1,0,4084,A
2-PB1,694,0,0,4143,0,4143,G
2-PB1,695,4074,0,1,1,4076,A
2-PB1,696,0,0,4102,0,4102,G
2-PB1,697,3981,0,0,0,3981,A
2-PB1,698,0,0,3947,0,3947,G
2-PB1,699,3896,2,4,0,3902,A
2-PB1,700,0,0,3885,0,3885,G
2-PB1,701,1,0,3883,0,3884,G
2-PB1,702,1,1,1,3893,3896,C
2-PB1,703,3908,0,2,0,3910,A
2-PB1,704,3911,1,2,0,3914,A
2-PB1,705,3918,0,0,0,3918,A
2-PB1,706,0,3937,0,1,3938,T
2-PB1,707,0,3964,1,0,3965,T
2-PB1,708,3966,0,1,1,3968,A
2-PB1,709,3967,0,0,0,3967,A
2-PB1,710,3972,0,0,0,3972,A
2-PB1,711,3988,0,0,0,3988,A
2-PB1,712,3959,0,2,0,3961,A
2-PB1,713,0,0,3967,0,3967,G
2-PB1,714,3927,0,1,0,3928,A
2-PB1,715,3933,0,1,0,3934,A
2-PB1,716,1,0,3983,0,3984,G
2-PB1,717,1,0,4005,1,4007,G
2-PB1,718,1,1,4015,1,4018,G
2-PB1,719,0,0,0,4089,4089,C
2-PB1,720,0,4097,0,0,4097,T
2-PB1,721,4147,0,2,0,4149,A
2-PB1,722,0,4251,1,1,4253,T
2-PB1,723,0,4242,0,1,4243,T
2-PB1,724,1,0,4257,0,4258,G
2-PB1,725,0,0,0,4252,4252,C
2-PB1,726,4165,0,6,0,4171,A
2-PB1,727,4173,0,4,0,4177,A
2-PB1,728,1,0,0,4160,4161,C
2-PB1,729,4128,0,1,0,4129,A
2-PB1,730,0,0,0,4157,4157,C
2-PB1,731,0,1,0,4046,4047,C
2-PB1,732,0,3,0,4063,4066,C
2-PB1,733,6,1,4065,0,4072,G
2-PB1,734,0,0,4052,0,4052,G
2-PB1,735,1,1,4055,0,4057,G
2-PB1,736,4069,0,1,0,4070,A
2-PB1,737,0,4068,0,1,4069,T
2-PB1,738,1,0,4093,0,4094,G
2-PB1,739,0,0,0,4068,4068,C
2-PB1,740,4132,0,0,1,4133,A
2-PB1,741,4218,0,4,0,4222,A
2-PB1,742,4257,0,1,0,4258,A
2-PB1,743,0,4256,0,0,4256,T
2-PB1,744,0,4264,0,0,4264,T
2-PB1,745,4236,0,2,1,4239,A
2-PB1,746,2,0,4236,0,4238,G
2-PB1,747,4218,0,4,1,4223,A
2-PB1,748,0,0,4242,0,4242,G
2-PB1,749,1,0,4173,0,4174,G
2-PB1,750,1,0,4298,0,4299,G
2-PB1,751,0,4260,0,0,4260,T
2-PB1,752,0,4323,0,2,4325,T
2-PB1,753,0,0,0,4348,4348,C
2-PB1,754,0,0,4410,0,4410,G
2-PB1,755,0,4400,0,6,4406,T
2-PB1,756,2,0,4408,0,4410,G
2-PB1,757,0,4390,0,2,4392,T
2-PB1,758,4356,1,1,0,4358,A
2-PB1,759,0,0,0,4360,4360,C
2-PB1,760,0,4191,0,4,4195,T
2-PB1,761,1,4211,0,0,4212,T
2-PB1,762,0,0,0,4198,4198,C
2-PB1,763,2,0,4174,0,4176,G
2-PB1,764,0,4173,0,2,4175,T
2-PB1,765,0,4183,0,3,4186,T
2-PB1,766,2,0,4179,0,4181,G
2-PB1,767,4134,1,0,0,4135,A
2-PB1,768,4166,0,2,0,4168,A
2-PB1,769,4175,0,1,1,4177,A
2-PB1,770,0,1,0,4192,4193,C
2-PB1,771,0,4166,1,1,4168,T
2-PB1,772,0,4151,0,1,4152,T
2-PB1,773,0,4166,0,0,4166,T
2-PB1,774,4234,0,9,0,4243,A
2-PB1,775,0,1,4244,0,4245,G
2-PB1,776,0,3,0,4248,4251,C
2-PB1,777,0,4265,0,5,4270,T
2-PB1,778,4222,1,0,0,4223,A
2-PB1,779,0,0,4213,0,4213,G
2-PB1,780,4196,0,2,0,4198,A
2-PB1,781,4203,1,2,0,4206,A
2-PB1,782,0,0,4213,0,4213,G
2-PB1,783,0,1,0,4105,4106,C
2-PB1,784,4129,0,2,0,4131,A
2-PB1,785,0,4121,0,0,4121,T
2-PB1,786,0,4123,0,2,4125,T
2-PB1,787,0,4131,0,0,4131,T
2-PB1,788,1,0,4135,0,4136,G
2-PB1,789,0,0,0,4108,4108,C
2-PB1,790,0,0,4143,0,4143,G
2-PB1,791,4118,0,0,0,4118,A
2-PB1,792,4113,0,0,0,4113,A
2-PB1,793,4117,0,0,0,4117,A
2-PB1,794,4226,0,2,0,4228,A
2-PB1,795,1,0,4262,0,4263,G
2-PB1,796,0,0,0,4270,4270,C
2-PB1,797,0,4281,0,1,4282,T
2-PB1,798,0,4276,0,0,4276,T
2-PB1,799,0,0,4286,1,4287,G
2-PB1,800,4263,0,6,0,4269,A
2-PB1,801,4264,0,5,0,4269,A
2-PB1,802,1,2,0,4289,4292,C
2-PB1,803,4210,0,3,0,4213,A
2-PB1,804,1,0,4674,0,4675,G
2-PB1,805,0,4639,0,0,4639,T
2-PB1,806,1,0,0,4656,4657,C
2-PB1,807,1,4653,0,7,4661,T
2-PB1,808,0,2,4652,0,4654,G
2-PB1,809,0,0,4632,0,4632,G
2-PB1,810,4653,1,2,0,4656,A
2-PB1,811,0,0,0,4682,4682,C
2-PB1,812,0,4511,0,8,4519,T
2-PB1,813,0,4207,0,2,4209,T
2-PB1,814,0,0,0,4190,4190,C
2-PB1,815,1,7,0,4180,4188,C
2-PB1,816,1,0,4225,0,4226,G
2-PB1,817,0,0,4236,0,4236,G
2-PB1,818,0,4169,0,2,4171,T
2-PB1,819,0,4223,0,3,4226,T
2-PB1,820,0,3,4192,0,4195,G
2-PB1,821,1,0,4225,1,4227,G
2-PB1,822,0,0,4270,0,4270,G
2-PB1,823,2,0,4273,0,4275,G
2-PB1,824,0,1,4284,0,4285,G
2-PB1,825,0,4213,0,1,4214,T
2-PB1,826,4252,0,4,0,4256,A
2-PB1,827,4280,0,1,0,4281,A
2-PB1,828,0,4298,1,2,4301,T
2-PB1,829,1,0,4315,0,4316,G
2-PB1,830,4254,0,2,1,4257,A
2-PB1,831,4220,0,2,0,4222,A
2-PB1,832,4214,0,0,1,4215,A
2-PB1,833,4212,0,1,0,4213,A
2-PB1,834,0,1,4208,0,4209,G
2-PB1,835,4175,0,4,0,4179,A
2-PB1,836,4144,0,2,0,4146,A
2-PB1,837,0,0,4158,0,4158,G
2-PB1,838,0,1,4140,0,4141,G
2-PB1,839,0,1,0,4118,4119,C
2-PB1,840,1,1,0,4151,4153,C
2-PB1,841,4157,0,1,0,4158,A
2-PB1,842,4163,0,3,0,4166,A
2-PB1,843,4137,0,3,0,4140,A
2-PB1,844,0,1,0,4172,4173,C
2-PB1,845,0,4155,0,0,4155,T
2-PB1,846,1,0,4230,0,4231,G
2-PB1,847,4,1,4215,0,4220,G
2-PB1,848,0,2,0,4233,4235,C
2-PB1,849,4241,1,0,0,4242,A
2-PB1,850,4224,1,0,0,4225,A
2-PB1,851,4244,1,0,0,4245,A
2-PB1,852,1,4259,0,0,4260,T
2-PB1,853,1,0,4267,0,4268,G
2-PB1,854,1,4242,0,2,4245,T
2-PB1,855,0,4183,0,0,4183,T
2-PB1,856,2,0,4182,0,4184,G
2-PB1,857,2,4133,0,3,4138,T
2-PB1,858,0,0,4178,0,4178,G
2-PB1,859,4181,0,5,0,4186,A
2-PB1,860,0,0,4188,0,4188,G
2-PB1,861,4174,1,1,0,4176,A
2-PB1,862,4153,0,0,0,4153,A
2-PB1,863,4132,0,0,0,4132,A
2-PB1,864,4149,0,0,0,4149,A
2-PB1,865,4167,0,1,1,4169,A
2-PB1,866,0,4145,0,2,4147,T
2-PB1,867,0,0,4170,0,4170,G
2-PB1,868,4149,0,3,0,4152,A
2-PB1,869,1,4103,0,2,4106,T
2-PB1,870,0,0,4148,0,4148,G
2-PB1,871,4117,0,6,0,4123,A
2-PB1,872,0,0,0,4165,4165,C
2-PB1,873,0,4152,0,2,4154,T
2-PB1,874,4180,1,0,0,4181,A
2-PB1,875,4209,0,2,0,4211,A
2-PB1,876,0,4171,0,0,4171,T
2-PB1,877,0,4212,0,0,4212,T
2-PB1,878,0,0,0,4280,4280,C
2-PB1,879,4256,0,3,0,4259,A
2-PB1,880,0,1,0,4269,4270,C
2-PB1,881,4251,0,2,0,4253,A
2-PB1,882,4228,0,1,0,4229,A
2-PB1,883,0,0,4240,0,4240,G
2-PB1,884,4298,0,8,0,4306,A
2-PB1,885,0,1,1,4293,4295,C
2-PB1,886,4245,1,3,0,4249,A
2-PB1,887,0,2,0,4256,4258,C
2-PB1,888,4235,0,5,0,4240,A
2-PB1,889,0,0,4255,0,4255,G
2-PB1,890,4214,1,5,1,4221,A
2-PB1,891,1,0,4206,0,4207,G
2-PB1,892,0,0,0,4176,4176,C
2-PB1,893,0,4136,0,6,4142,T
2-PB1,894,0,4220,0,1,4221,T
2-PB1,895,0,4193,0,3,4196,T
2-PB1,896,0,0,0,4210,4210,C
2-PB1,897,0,4223,0,3,4226,T
2-PB1,898,0,4198,1,1,4200,T
2-PB1,899,0,4191,1,2,4194,T
2-PB1,900,2,1,0,4199,4202,C
2-PB1,901,4169,0,4,0,4173,A
2-PB1,902,0,4,0,4211,4215,C
2-PB1,903,4171,1,0,0,4172,A
2-PB1,904,4166,0,1,0,4167,A
2-PB1,905,1,4188,0,2,4191,T
2-PB1,906,2,1,0,4259,4262,C
2-PB1,907,4284,0,1,1,4286,A
2-PB1,908,0,0,0,4347,4347,C
2-PB1,909,0,4296,0,3,4299,T
2-PB1,910,0,0,4321,0,4321,G
2-PB1,911,1,0,4279,1,4281,G
2-PB1,912,0,0,4390,0,4390,G
2-PB1,913,1,0,4384,0,4385,G
2-PB1,914,4300,2,1,0,4303,A
2-PB1,915,0,0,0,4141,4141,C
2-PB1,916,4191,0,3,0,4194,A
2-PB1,917,4486,0,4,1,4491,A
2-PB1,918,0,0,0,4548,4548,C
2-PB1,919,4518,1,1,1,4521,A
2-PB1,920,0,1,0,4546,4547,C
2-PB1,921,0,4389,0,1,4390,T
2-PB1,922,4437,0,1,0,4438,A
2-PB1,923,4414,0,4,1,4419,A
2-PB1,924,1,0,4420,0,4421,G
2-PB1,925,0,4383,0,0,4383,T
2-PB1,926,0,0,4103,0,4103,G
2-PB1,927,0,0,4076,0,4076,G
2-PB1,928,4057,0,2,0,4059,A
2-PB1,929,4074,0,2,0,4076,A
2-PB1,930,0,4064,1,0,4065,T
2-PB1,931,0,0,4053,0,4053,G
2-PB1,932,4074,1,0,0,4075,A
2-PB1,933,4022,0,5,0,4027,A
2-PB1,934,4040,0,3,0,4043,A
2-PB1,935,4056,0,2,0,4058,A
2-PB1,936,0,3991,0,0,3991,T
2-PB1,937,0,1,0,4030,4031,C
2-PB1,938,4048,0,0,0,4048,A
2-PB1,939,4015,0,1,0,4016,A
2-PB1,940,4007,0,2,0,4009,A
2-PB1,941,3971,1,1,1,3974,A
2-PB1,942,0,1,0,4026,4027,C
2-PB1,943,0,0,0,4003,4003,C
2-PB1,944,0,2,0,4008,4010,C
2-PB1,945,0,3958,0,2,3960,T
2-PB1,946,0,0,0,4002,4002,C
2-PB1,947,1,0,4005,0,4006,G
2-PB1,948,3994,0,2,0,3996,A
2-PB1,949,3994,0,0,0,3994,A
2-PB1,950,0,4009,0,0,4009,T
2-PB1,951,0,0,4036,0,4036,G
2-PB1,952,0,3994,1,2,3997,T
2-PB1,953,0,3981,0,1,3982,T
2-PB1,954,0,4026,0,1,4027,T
2-PB1,955,2,3990,0,3,3995,T
2-PB1,956,0,4013,0,1,4014,T
2-PB1,957,0,1,3996,0,3997,G
2-PB1,958,0,0,3961,0,3961,G
2-PB1,959,0,5,0,3972,3977,C
2-PB1,960,0,0,3995,0,3995,G
2-PB1,961,3983,0,0,0,3983,A
2-PB1,962,0,4142,0,2,4144,T
2-PB1,963,0,0,4322,0,4322,G
2-PB1,964,4575,0,1,0,4576,A
2-PB1,965,0,4584,0,3,4587,T
2-PB1,966,1,4619,0,0,4620,T
2-PB1,967,4625,1,1,1,4628,A
2-PB1,968,0,2,0,4641,4643,C
2-PB1,969,4671,1,2,0,4674,A
2-PB1,970,0,4630,0,2,4632,T
2-PB1,971,4362,0,1,0,4363,A
2-PB1,972,0,0,0,4409,4409,C
2-PB1,973,4010,0,1,0,4011,A
2-PB1,974,0,4002,0,0,4002,T
2-PB1,975,0,0,0,3995,3995,C
2-PB1,976,3970,0,2,0,3972,A
2-PB1,977,0,0,0,3994,3994,C
2-PB1,978,3983,0,1,0,3984,A
2-PB1,979,3975,0,0,0,3975,A
2-PB1,980,3969,1,2,0,3972,A
2-PB1,981,2,1,3824,0,3827,G
2-PB1,982,3990,0,0,0,3990,A
2-PB1,983,3994,0,4,0,3998,A
2-PB1,984,0,3973,0,2,3975,T
2-PB1,985,1,0,0,3990,3991,C
2-PB1,986,4034,0,0,0,4034,A
2-PB1,987,4025,0,3,0,4028,A
2-PB1,988,0,1,0,4064,4065,C
2-PB1,989,0,0,0,4059,4059,C
2-PB1,990,1,3933,0,2,3936,T
2-PB1,991,0,0,3962,0,3962,G
2-PB1,992,3947,0,1,0,3948,A
2-PB1,993,0,0,3967,0,3967,G
2-PB1,994,1,3918,0,2,3921,T
2-PB1,995,1,0,3843,0,3844,G
2-PB1,996,1,1,4078,0,4080,G
2-PB1,997,1,4093,0,2,4096,T
2-PB1,998,0,4095,0,0,4095,T
2-PB1,999,0,1,0,4101,4102,C
2-PB1,1000,4077,0,2,0,4079,A
2-PB1,1001,0,0,4140,0,4140,G
2-PB1,1002,4143,0,1,0,4144,A
2-PB1,1003,4141,0,3,1,4145,A
2-PB1,1004,4109,0,6,0,4115,A
2-PB1,1005,0,1,0,3712,3713,C
2-PB1,1006,3767,2,0,0,3769,A
2-PB1,1007,1,3698,0,6,3705,T
2-PB1,1008,0,0,0,3803,3803,C
2-PB1,1009,0,1,0,3807,3808,C
2-PB1,1010,0,3740,0,6,3746,T
2-PB1,1011,0,0,3753,0,3753,G
2-PB1,1012,3735,0,4,0,3739,A
2-PB1,1013,1,1,3757,0,3759,G
2-PB1,1014,0,2,0,3756,3758,C
2-PB1,1015,3678,0,0,0,3678,A
2-PB1,1016,0,3664,0,4,3668,T
2-PB1,1017,0,0,0,3635,3635,C
2-PB1,1018,1,1,3630,0,3632,G
2-PB1,1019,0,0,0,3768,3768,C
2-PB1,1020,3784,0,4,0,3788,A
2-PB1,1021,0,0,0,3882,3882,C
2-PB1,1022,1,0,0,3903,3904,C
2-PB1,1023,3932,0,0,0,3932,A
2-PB1,1024,4000,1,1,0,4002,A
2-PB1,1025,0,3978,1,4,3983,T
2-PB1,1026,3994,0,1,0,3995,A
2-PB1,1027,3964,0,3,0,3967,A
2-PB1,1028,1,3840,0,0,3841,T
2-PB1,1029,0,0,3842,0,3842,G
2-PB1,1030,1,3758,2,4,3765,T
2-PB1,1031,1,3708,0,2,3711,T
2-PB1,1032,0,0,0,3744,3744,C
2-PB1,1033,0,3738,0,1,3739,T
2-PB1,1034,0,0,0,3757,3757,C
2-PB1,1035,3767,0,1,0,3768,A
2-PB1,1036,3753,1,1,1,3756,A
2-PB1,1037,3751,0,1,1,3753,A
2-PB1,1038,0,0,0,3787,3787,C
2-PB1,1039,3781,0,1,1,3783,A
2-PB1,1040,3765,0,1,0,3766,A
2-PB1,1041,3751,0,2,0,3753,A
2-PB1,1042,3765,0,6,0,3771,A
2-PB1,1043,1,3803,1,0,3805,T
2-PB1,1044,0,0,3829,0,3829,G
2-PB1,1045,1,0,3797,0,3798,G
2-PB1,1046,0,0,0,3808,3808,C
2-PB1,1047,3803,0,10,1,3814,A
2-PB1,1048,3807,2,2,1,3812,A
2-PB1,1049,0,0,3871,0,3871,G
2-PB1,1050,3838,0,1,0,3839,A
2-PB1,1051,0,0,0,3857,3857,C
2-PB1,1052,0,3823,0,0,3823,T
2-PB1,1053,0,1,3876,0,3877,G
2-PB1,1054,0,1,3844,0,3845,G
2-PB1,1055,1,1,3874,0,3876,G
2-PB1,1056,3869,0,2,1,3872,A
2-PB1,1057,3895,0,0,0,3895,A
2-PB1,1058,3859,0,3,0,3862,A
2-PB1,1059,3821,0,4,2,3827,A
2-PB1,1060,1,0,3899,0,3900,G
2-PB1,1061,0,0,3893,0,3893,G
2-PB1,1062,3892,0,7,0,3899,A
2-PB1,1063,0,3865,0,0,3865,T
2-PB1,1064,3883,0,1,0,3884,A
2-PB1,1065,0,0,0,3895,3895,C
2-PB1,1066,3924,0,0,0,3924,A
2-PB1,1067,0,3905,0,2,3907,T
2-PB1,1068,0,0,3944,0,3944,G
2-PB1,1069,0,3857,0,2,3859,T
2-PB1,1070,0,3861,0,1,3862,T
2-PB1,1071,0,1,0,3848,3849,C
2-PB1,1072,0,0,3859,0,3859,G
2-PB1,1073,3828,0,2,0,3830,A
2-PB1,1074,0,1,3955,0,3956,G
2-PB1,1075,3871,0,3,0,3874,A
2-PB1,1076,1,0,3908,0,3909,G
2-PB1,1077,0,3859,0,0,3859,T
2-PB1,1078,3880,0,0,0,3880,A
2-PB1,1079,3894,1,1,0,3896,A
2-PB1,1080,0,0,3905,0,3905,G
2-PB1,1081,3857,1,47,0,3905,A
2-PB1,1082,0,0,3947,0,3947,G
2-PB1,1083,3872,0,3,0,3875,A
2-PB1,1084,3883,0,6,0,3889,A
2-PB1,1085,1,3861,0,0,3862,T
2-PB1,1086,0,0,3855,0,3855,G
2-PB1,1087,3855,1,3,0,3859,A
2-PB1,1088,3826,0,4,0,3830,A
2-PB1,1089,1,0,3816,0,3817,G
2-PB1,1090,0,0,0,3787,3787,C
2-PB1,1091,0,3718,0,1,3719,T
2-PB1,1092,2,0,0,3746,3748,C
2-PB1,1093,1,2,0,3775,3778,C
2-PB1,1094,5,0,3763,0,3768,G
2-PB1,1095,1,0,3770,0,3771,G
2-PB1,1096,3793,1,2,0,3796,A
2-PB1,1097,0,1,0,3862,3863,C
2-PB1,1098,3865,0,0,0,3865,A
2-PB1,1099,0,0,0,3927,3927,C
2-PB1,1100,3926,0,1,0,3927,A
2-PB1,1101,3920,0,1,0,3921,A
2-PB1,1102,3930,0,0,0,3930,A
2-PB1,1103,0,3909,1,0,3910,T
2-PB1,1104,3901,0,0,1,3902,A
2-PB1,1105,0,0,0,3922,3922,C
2-PB1,1106,0,1,0,3890,3891,C
2-PB1,1107,1,3848,1,4,3854,T
2-PB1,1108,0,0,3877,0,3877,G
2-PB1,1109,0,0,0,3895,3895,C
2-PB1,1110,3911,0,6,0,3917,A
2-PB1,1111,0,0,3896,0,3896,G
2-PB1,1112,3885,0,0,0,3885,A
2-PB1,1113,3878,0,0,0,3878,A
2-PB1,1114,3896,1,0,0,3897,A
2-PB1,1115,0,3886,0,0,3886,T
2-PB1,1116,1,0,3898,0,3899,G
2-PB1,1117,0,1,1,3881,3883,C
2-PB1,1118,0,3900,0,2,3902,T
2-PB1,1119,3937,0,3,1,3941,A
2-PB1,1120,0,0,3919,0,3919,G
2-PB1,1121,1,0,0,3918,3919,C
2-PB1,1122,3930,1,2,1,3934,A
2-PB1,1123,3931,1,1,0,3933,A
2-PB1,1124,1,0,3887,1,3889,G
2-PB1,1125,1,0,0,3875,3876,C
2-PB1,1126,3860,0,1,1,3862,A
2-PB1,1127,0,3925,0,1,3926,T
2-PB1,1128,0,3953,0,1,3954,T
2-PB1,1129,1,0,4085,0,4086,G
2-PB1,1130,4114,0,0,1,4115,A
2-PB1,1131,1,1,0,4074,4076,C
2-PB1,1132,0,0,0,4132,4132,C
2-PB1,1133,0,4064,0,3,4067,T
2-PB1,1134,0,0,4147,0,4147,G
2-PB1,1135,4159,0,0,0,4159,A
2-PB1,1136,4169,0,2,0,4171,A
2-PB1,1137,0,0,4230,0,4230,G
2-PB1,1138,0,4060,0,1,4061,T
2-PB1,1139,4113,0,0,1,4114,A
2-PB1,1140,1,4091,0,0,4092,T
2-PB1,1141,0,4100,0,1,4101,T
2-PB1,1142,0,4084,1,0,4085,T
2-PB1,1143,0,1,0,4062,4063,C
2-PB1,1144,4045,0,2,0,4047,A
2-PB1,1145,4048,1,2,0,4051,A
2-PB1,1146,0,3987,0,0,3987,T
2-PB1,1147,1,0,4019,0,4020,G
2-PB1,1148,4005,2,1,0,4008,A
2-PB1,1149,4009,0,1,0,4010,A
2-PB1,1150,1,3966,0,2,3969,T
2-PB1,1151,0,0,0,4031,4031,C
2-PB1,1152,4033,0,0,1,4034,A
2-PB1,1153,4036,0,1,1,4038,A
2-PB1,1154,0,0,0,4027,4027,C
2-PB1,1155,4034,1,1,1,4037,A
2-PB1,1156,4025,0,1,1,4027,A
2-PB1,1157,2,0,4019,0,4021,G
2-PB1,1158,0,1,4044,0,4045,G
2-PB1,1159,4019,0,1,0,4020,A
2-PB1,1160,4025,0,3,0,4028,A
2-PB1,1161,0,0,4028,0,4028,G
2-PB1,1162,4014,0,3,0,4017,A
2-PB1,1163,4025,0,1,0,4026,A
2-PB1,1164,4037,0,1,0,4038,A
2-PB1,1165,4026,0,2,0,4028,A
2-PB1,1166,1,3992,0,0,3993,T
2-PB1,1167,0,3967,0,1,3968,T
2-PB1,1168,1,0,3973,0,3974,G
2-PB1,1169,3951,0,5,0,3956,A
2-PB1,1170,0,0,3974,1,3975,G
2-PB1,1171,3977,0,1,0,3978,A
2-PB1,1172,3993,0,1,0,3994,A
2-PB1,1173,4048,0,0,0,4048,A
2-PB1,1174,4056,0,0,0,4056,A
2-PB1,1175,1,4033,0,0,4034,T
2-PB1,1176,4051,0,0,0,4051,A
2-PB1,1177,4051,0,4,0,4055,A
2-PB1,1178,0,0,4046,0,4046,G
2-PB1,1179,1,0,4015,1,4017,G
2-PB1,1180,1,0,0,3966,3967,C
2-PB1,1181,1,0,0,4001,4002,C
2-PB1,1182,0,3972,0,2,3974,T
2-PB1,1183,0,13,0,4507,4520,C
2-PB1,1184,1,4634,0,0,4635,T
2-PB1,1185,0,4639,0,3,4642,T
2-PB1,1186,0,0,0,4753,4753,C
2-PB1,1187,0,4748,0,4,4752,T
2-PB1,1188,4778,0,0,0,4778,A
2-PB1,1189,4778,0,1,0,4779,A
2-PB1,1190,0,4773,0,0,4773,T
2-PB1,1191,4801,0,1,0,4802,A
2-PB1,1192,0,0,4675,0,4675,G
2-PB1,1193,4278,0,1,1,4280,A
2-PB1,1194,0,4264,1,2,4267,T
2-PB1,1195,0,0,4195,0,4195,G
2-PB1,1196,0,0,4229,1,4230,G
2-PB1,1197,1,1,0,4244,4246,C
2-PB1,1198,4255,0,4,0,4259,A
2-PB1,1199,0,0,1,4268,4269,C
2-PB1,1200,4219,0,2,0,4221,A
2-PB1,1201,1,0,4351,0,4352,G
2-PB1,1202,0,1,0,4336,4337,C
2-PB1,1203,4351,0,0,0,4351,A
2-PB1,1204,1,4454,0,3,4458,T
2-PB1,1205,0,2,1,4403,4406,C
2-PB1,1206,4455,1,1,0,4457,A
2-PB1,1207,0,4448,0,0,4448,T
2-PB1,1208,0,4453,0,0,4453,T
2-PB1,1209,1,0,4438,0,4439,G
2-PB1,1210,4306,0,9,1,4316,A
2-PB1,1211,1,0,4427,0,4428,G
2-PB1,1212,0,1,1,4404,4406,C
2-PB1,1213,0,0,0,4325,4325,C
2-PB1,1214,0,0,0,4390,4390,C
2-PB1,1215,1,4390,0,6,4397,T
2-PB1,1216,0,0,4486,0,4486,G
2-PB1,1217,0,0,4529,0,4529,G
2-PB1,1218,4494,1,14,1,4510,A
2-PB1,1219,4558,0,1,0,4559,A
2-PB1,1220,0,4429,0,1,4430,T
2-PB1,1221,0,0,4495,0,4495,G
2-PB1,1222,4499,0,2,0,4501,A
2-PB1,1223,0,4478,0,2,4480,T
2-PB1,1224,0,0,4506,1,4507,G
2-PB1,1225,4443,1,2,0,4446,A
2-PB1,1226,1,4409,0,2,4412,T
2-PB1,1227,2,0,4398,0,4400,G
2-PB1,1228,0,0,4399,0,4399,G
2-PB1,1229,4,0,4400,0,4404,G
2-PB1,1230,2,1,0,4362,4365,C
2-PB1,1231,4405,0,3,0,4408,A
2-PB1,1232,0,4433,0,1,4434,T
2-PB1,1233,1,0,4527,0,4528,G
2-PB1,1234,2,4495,0,5,4502,T
2-PB1,1235,0,4509,0,1,4510,T
2-PB1,1236,0,1,0,4506,4507,C
2-PB1,1237,4484,0,1,0,4485,A
2-PB1,1238,4492,0,5,0,4497,A
2-PB1,1239,0,0,0,4489,4489,C
2-PB1,1240,4512,0,1,0,4513,A
2-PB1,1241,0,4496,1,0,4497,T
2-PB1,1242,0,0,4468,0,4468,G
2-PB1,1243,0,2,1,4439,4442,C
2-PB1,1244,1,4502,0,0,4503,T
2-PB1,1245,4537,0,1,0,4538,A
2-PB1,1246,4521,1,1,0,4523,A
2-PB1,1247,1,0,4569,0,4570,G
2-PB1,1248,0,4544,0,0,4544,T
2-PB1,1249,4505,0,2,0,4507,A
2-PB1,1250,0,2,1,4557,4560,C
2-PB1,1251,2,0,4552,0,4554,G
2-PB1,1252,1,0,4729,0,4730,G
2-PB1,1253,1,4675,0,6,4682,T
2-PB1,1254,0,4656,0,0,4656,T
2-PB1,1255,0,4671,2,1,4674,T
2-PB1,1256,0,4662,0,0,4662,T
2-PB1,1257,4690,0,4,0,4694,A
2-PB1,1258,0,0,4656,0,4656,G
2-PB1,1259,0,0,4636,0,4636,G
2-PB1,1260,4552,1,6,0,4559,A
2-PB1,1261,1,0,4493,0,4494,G
2-PB1,1262,1,4487,0,4,4492,T
2-PB1,1263,0,0,0,4516,4516,C
2-PB1,1264,0,4508,0,1,4509,T
2-PB1,1265,0,0,0,4546,4546,C
2-PB1,1266,1,0,4559,0,4560,G
2-PB1,1267,4612,0,0,0,4612,A
2-PB1,1268,1,4646,0,1,4648,T
2-PB1,1269,4623,0,0,0,4623,A
2-PB1,1270,0,0,0,4641,4641,C
2-PB1,1271,0,4558,0,3,4561,T
2-PB1,1272,0,1,4552,1,4554,G
2-PB1,1273,4526,0,0,0,4526,A
2-PB1,1274,4549,0,3,0,4552,A
2-PB1,1275,2,4554,0,2,4558,T
2-PB1,1276,0,0,0,4453,4453,C
2-PB1,1277,0,4475,0,4,4479,T
2-PB1,1278,0,4458,0,3,4461,T
2-PB1,1279,1,0,4472,0,4473,G
2-PB1,1280,1,0,4453,0,4454,G
2-PB1,1281,4426,0,5,0,4431,A
2-PB1,1282,0,1,1,4459,4461,C
2-PB1,1283,4418,1,0,0,4419,A
2-PB1,1284,4422,0,1,0,4423,A
2-PB1,1285,4438,0,2,0,4440,A
2-PB1,1286,4441,0,1,0,4442,A
2-PB1,1287,1,0,4497,0,4498,G
2-PB1,1288,4476,0,3,0,4479,A
2-PB1,1289,4493,0,2,0,4495,A
2-PB1,1290,4499,0,4,0,4503,A
2-PB1,1291,0,4487,0,1,4488,T
2-PB1,1292,4480,0,1,0,4481,A
2-PB1,1293,0,3,0,4620,4623,C
2-PB1,1294,4530,0,1,0,4531,A
2-PB1,1295,1,0,0,4596,4597,C
2-PB1,1296,0,0,0,4559,4559,C
2-PB1,1297,4541,0,2,0,4543,A
2-PB1,1298,4579,0,1,0,4580,A
2-PB1,1299,1,1,4683,0,4685,G
2-PB1,1300,4703,0,8,0,4711,A
2-PB1,1301,0,0,0,4782,4782,C
2-PB1,1302,4675,1,2,0,4678,A
2-PB1,1303,4765,1,6,0,4772,A
2-PB1,1304,1,0,0,4782,4783,C
2-PB1,1305,4819,0,3,0,4822,A
2-PB1,1306,0,4818,0,1,4819,T
2-PB1,1307,4784,0,0,0,4784,A
2-PB1,1308,0,0,0,4863,4863,C
2-PB1,1309,0,4717,0,1,4718,T
2-PB1,1310,0,0,4785,0,4785,G
2-PB1,1311,0,0,4762,0,4762,G
2-PB1,1312,0,4585,0,2,4587,T
2-PB1,1313,1,0,4623,1,4625,G
2-PB1,1314,0,0,4572,1,4573,G
2-PB1,1315,0,0,4585,0,4585,G
2-PB1,1316,4560,0,1,0,4561,A
2-PB1,1317,0,4480,0,3,4483,T
2-PB1,1318,0,1,4474,0,4475,G
2-PB1,1319,0,1,4408,1,4410,G
2-PB1,1320,1,0,4437,0,4438,G
2-PB1,1321,0,0,0,4492,4492,C
2-PB1,1322,1,4455,0,3,4459,T
2-PB1,1323,0,1,0,4504,4505,C
2-PB1,1324,0,0,0,4511,4511,C
2-PB1,1325,4513,0,0,0,4513,A
2-PB1,1326,4499,0,1,3,4503,A
2-PB1,1327,0,4452,0,1,4453,T
2-PB1,1328,2,0,0,4425,4427,C
2-PB1,1329,0,2,0,4390,4392,C
2-PB1,1330,0,4325,0,5,4330,T
2-PB1,1331,0,0,0,4334,4334,C
2-PB1,1332,0,0,0,4323,4323,C
2-PB1,1333,0,0,4359,0,4359,G
2-PB1,1334,4340,1,1,0,4342,A
2-PB1,1335,0,2,0,4351,4353,C
2-PB1,1336,1,0,4352,0,4353,G
2-PB1,1337,4350,0,0,1,4351,A
2-PB1,1338,0,4353,0,0,4353,T
2-PB1,1339,0,4358,0,0,4358,T
2-PB1,1340,0,4353,0,3,4356,T
2-PB1,1341,0,4366,1,0,4367,T
2-PB1,1342,1,1,4385,0,4387,G
2-PB1,1343,0,4,0,4343,4347,C
2-PB1,1344,1,1,0,4333,4335,C
2-PB1,1345,0,0,1,4507,4508,C
2-PB1,1346,0,4413,0,5,4418,T
2-PB1,1347,1,0,0,4577,4578,C
2-PB1,1348,4589,0,7,1,4597,A
2-PB1,1349,0,4623,0,0,4623,T
2-PB1,1350,4618,0,0,0,4618,A
2-PB1,1351,0,0,4636,0,4636,G
2-PB1,1352,1,4548,0,0,4549,T
2-PB1,1353,0,0,4590,0,4590,G
2-PB1,1354,4415,0,5,0,4420,A
2-PB1,1355,4418,1,2,0,4421,A
2-PB1,1356,1,4108,0,2,4111,T
2-PB1,1357,2,0,4083,0,4085,G
2-PB1,1358,0,4,0,4130,4134,C
2-PB1,1359,4080,0,12,0,4092,A
2-PB1,1360,0,0,0,4140,4140,C
2-PB1,1361,0,0,0,4103,4103,C
2-PB1,1362,4092,0,0,0,4092,A
2-PB1,1363,4089,0,0,0,4089,A
2-PB1,1364,4067,0,0,0,4067,A
2-PB1,1365,0,3959,1,1,3961,T
2-PB1,1366,0,2,0,4076,4078,C
2-PB1,1367,4082,0,0,1,4083,A
2-PB1,1368,0,4083,0,0,4083,T
2-PB1,1369,1,0,4091,0,4092,G
2-PB1,1370,4063,0,4,1,4068,A
2-PB1,1371,0,0,4098,0,4098,G
2-PB1,1372,2,0,4084,0,4086,G
2-PB1,1373,2,1,4102,0,4105,G
2-PB1,1374,4058,0,6,0,4064,A
2-PB1,1375,4123,0,3,0,4126,A
2-PB1,1376,0,4121,0,0,4121,T
2-PB1,1377,4115,1,1,0,4117,A
2-PB1,1378,0,0,0,4135,4135,C
2-PB1,1379,4139,0,1,0,4140,A
2-PB1,1380,4132,0,3,0,4135,A
2-PB1,1381,1,0,4109,0,4110,G
2-PB1,1382,0,0,0,4061,4061,C
2-PB1,1383,4022,1,1,0,4024,A
2-PB1,1384,0,0,4010,0,4010,G
2-PB1,1385,0,0,4002,0,4002,G
2-PB1,1386,3974,0,2,0,3976,A
2-PB1,1387,0,7,4005,0,4012,G
2-PB1,1388,0,3904,1,0,3905,T
2-PB1,1389,1,0,3955,0,3956,G
2-PB1,1390,0,1,3977,0,3978,G
2-PB1,1391,3960,1,7,0,3968,A
2-PB1,1392,0,3970,1,2,3973,T
2-PB1,1393,3899,0,4,0,3903,A
2-PB1,1394,1,0,3912,0,3913,G
2-PB1,1395,3951,0,0,0,3951,A
2-PB1,1396,0,3939,1,2,3942,T
2-PB1,1397,1,3909,0,0,3910,T
2-PB1,1398,1,0,0,4004,4005,C
2-PB1,1399,0,3980,1,0,3981,T
2-PB1,1400,3982,0,0,0,3982,A
2-PB1,1401,0,0,0,3988,3988,C
2-PB1,1402,3888,0,2,0,3890,A
2-PB1,1403,0,0,3869,0,3869,G
2-PB1,1404,0,1,3769,0,3770,G
2-PB1,1405,3794,1,2,0,3797,A
2-PB1,1406,0,0,0,3778,3778,C
2-PB1,1407,1,2,0,3673,3676,C
2-PB1,1408,2,3650,0,6,3658,T
2-PB1,1409,1,0,3670,0,3671,G
2-PB1,1410,2,1,0,3679,3682,C
2-PB1,1411,3701,0,3,0,3704,A
2-PB1,1412,3701,0,1,0,3702,A
2-PB1,1413,2,1,3699,0,3702,G
2-PB1,1414,0,3609,1,7,3617,T
2-PB1,1415,0,3643,1,1,3645,T
2-PB1,1416,3587,0,0,0,3587,A
2-PB1,1417,0,0,3584,0,3584,G
2-PB1,1418,0,3526,1,1,3528,T
2-PB1,1419,1,1,3541,0,3543,G
2-PB1,1420,0,0,3536,0,3536,G
2-PB1,1421,0,0,3516,0,3516,G
2-PB1,1422,3509,0,4,0,3513,A
2-PB1,1423,3517,0,1,0,3518,A
2-PB1,1424,0,3505,1,1,3507,T
2-PB1,1425,1,0,0,3510,3511,C
2-PB1,1426,3515,0,1,0,3516,A
2-PB1,1427,3517,0,1,0,3518,A
2-PB1,1428,1,1,0,3511,3513,C
2-PB1,1429,3517,0,1,0,3518,A
2-PB1,1430,0,3421,1,0,3422,T
2-PB1,1431,0,0,3436,0,3436,G
2-PB1,1432,3421,0,2,0,3423,A
2-PB1,1433,1,0,3426,0,3427,G
2-PB1,1434,1,1,0,3416,3418,C
2-PB1,1435,3412,0,0,0,3412,A
2-PB1,1436,3415,1,0,0,3416,A
2-PB1,1437,3401,0,2,0,3403,A
2-PB1,1438,3429,0,0,0,3429,A
2-PB1,1439,3430,0,1,0,3431,A
2-PB1,1440,0,0,3408,0,3408,G
2-PB1,1441,3368,0,1,0,3369,A
2-PB1,1442,3310,0,5,0,3315,A
2-PB1,1443,1,0,3392,1,3394,G
2-PB1,1444,0,3351,0,3,3354,T
2-PB1,1445,0,0,0,3380,3380,C
2-PB1,1446,0,0,0,3411,3411,C
2-PB1,1447,0,3407,1,1,3409,T
2-PB1,1448,3460,0,0,0,3460,A
2-PB1,1449,0,3454,0,0,3454,T
2-PB1,1450,3456,1,0,0,3457,A
2-PB1,1451,0,3445,0,0,3445,T
2-PB1,1452,3344,0,1,0,3345,A
2-PB1,1453,3333,0,1,0,3334,A
2-PB1,1454,3328,0,0,0,3328,A
2-PB1,1455,0,3302,0,1,3303,T
2-PB1,1456,3251,0,0,0,3251,A
2-PB1,1457,3195,0,0,0,3195,A
2-PB1,1458,3208,0,2,0,3210,A
2-PB1,1459,3181,0,2,1,3184,A
2-PB1,1460,0,0,0,3209,3209,C
2-PB1,1461,3054,0,0,0,3054,A
2-PB1,1462,1,0,3066,0,3067,G
2-PB1,1463,1,0,3042,0,3043,G
2-PB1,1464,1,0,3055,0,3056,G
2-PB1,1465,3018,1,2,0,3021,A
2-PB1,1466,1,4,1,3035,3041,C
2-PB1,1467,3040,0,0,0,3040,A
2-PB1,1468,0,3044,0,2,3046,T
2-PB1,1469,0,3064,0,1,3065,T
2-PB1,1470,0,3052,0,0,3052,T
2-PB1,1471,0,0,3052,0,3052,G
2-PB1,1472,3022,0,0,0,3022,A
2-PB1,1473,3052,1,1,0,3054,A
2-PB1,1474,1,3030,0,1,3032,T
2-PB1,1475,0,2965,0,2,2967,T
2-PB1,1476,0,0,1,2985,2986,C
2-PB1,1477,2915,0,0,0,2915,A
2-PB1,1478,0,0,1,2951,2952,C
2-PB1,1479,0,2946,0,1,2947,T
2-PB1,1480,2973,0,1,0,2974,A
2-PB1,1481,1,0,2968,0,2969,G
2-PB1,1482,0,0,0,2937,2937,C
2-PB1,1483,0,2935,0,5,2940,T
2-PB1,1484,0,2954,0,1,2955,T
2-PB1,1485,0,2950,0,1,2951,T
2-PB1,1486,0,2957,0,1,2958,T
2-PB1,1487,0,2963,0,0,2963,T
2-PB1,1488,0,2946,1,0,2947,T
2-PB1,1489,0,2950,0,1,2951,T
2-PB1,1490,2940,0,0,0,2940,A
2-PB1,1491,0,2889,0,0,2889,T
2-PB1,1492,0,1,0,2938,2939,C
2-PB1,1493,2,0,2951,0,2953,G
2-PB1,1494,3020,0,1,0,3021,A
2-PB1,1495,1,3026,0,0,3027,T
2-PB1,1496,3024,0,1,0,3025,A
2-PB1,1497,1,3062,0,1,3064,T
2-PB1,1498,1,1,3028,0,3030,G
2-PB1,1499,0,0,3045,0,3045,G
2-PB1,1500,3054,0,2,0,3056,A
2-PB1,1501,1,2996,1,1,2999,T
2-PB1,1502,0,2987,0,1,2988,T
2-PB1,1503,0,2865,0,0,2865,T
2-PB1,1504,1,0,2866,0,2867,G
2-PB1,1505,0,2845,0,1,2846,T
2-PB1,1506,0,0,2856,0,2856,G
2-PB1,1507,1,0,2830,0,2831,G
2-PB1,1508,1,1,1,2764,2767,C
2-PB1,1509,0,2829,0,1,2830,T
2-PB1,1510,2837,1,0,0,2838,A
2-PB1,1511,2857,0,0,0,2857,A
2-PB1,1512,1,2840,0,0,2841,T
2-PB1,1513,0,2872,0,0,2872,T
2-PB1,1514,0,2864,0,0,2864,T
2-PB1,1515,1,2875,0,0,2876,T
2-PB1,1516,2873,0,1,0,2874,A
2-PB1,1517,1,1,2873,1,2876,G
2-PB1,1518,0,0,0,2872,2872,C
2-PB1,1519,2870,0,1,0,2871,A
2-PB1,1520,0,2830,0,3,2833,T
2-PB1,1521,1,0,2790,0,2791,G
2-PB1,1522,0,1,2830,0,2831,G
2-PB1,1523,2819,0,1,0,2820,A
2-PB1,1524,0,0,2796,0,2796,G
2-PB1,1525,0,1,0,2763,2764,C
2-PB1,1526,0,2763,0,2,2765,T
2-PB1,1527,2,0,2764,0,2766,G
2-PB1,1528,0,3,0,2717,2720,C
2-PB1,1529,0,0,1,2722,2723,C
2-PB1,1530,0,0,0,2781,2781,C
2-PB1,1531,2671,0,1,0,2672,A
2-PB1,1532,0,0,2758,0,2758,G
2-PB1,1533,0,2760,0,3,2763,T
2-PB1,1534,0,2754,0,0,2754,T
2-PB1,1535,0,2754,0,0,2754,T
2-PB1,1536,0,2717,0,2,2719,T
2-PB1,1537,0,0,2709,0,2709,G
2-PB1,1538,0,0,2698,0,2698,G
2-PB1,1539,2699,0,1,0,2700,A
2-PB1,1540,1,0,2702,0,2703,G
2-PB1,1541,0,2527,0,0,2527,T
2-PB1,1542,2517,0,1,0,2518,A
2-PB1,1543,0,2535,0,1,2536,T
2-PB1,1544,0,1,0,2568,2569,C
2-PB1,1545,0,2580,0,0,2580,T
2-PB1,1546,1,2,2576,0,2579,G
2-PB1,1547,0,2,2592,0,2594,G
2-PB1,1548,2610,0,0,0,2610,A
2-PB1,1549,2606,0,4,0,2610,A
2-PB1,1550,0,2586,0,0,2586,T
2-PB1,1551,2445,0,0,0,2445,A
2-PB1,1552,2421,1,3,0,2425,A
2-PB1,1553,2431,0,3,0,2434,A
2-PB1,1554,0,0,0,2436,2436,C
2-PB1,1555,0,0,2403,0,2403,G
2-PB1,1556,2367,0,2,0,2369,A
2-PB1,1557,0,0,2353,0,2353,G
2-PB1,1558,0,2314,1,3,2318,T
2-PB1,1559,0,1,0,2345,2346,C
2-PB1,1560,2345,0,3,2,2350,A
2-PB1,1561,1,0,2348,0,2349,G
2-PB1,1562,0,2,0,2349,2351,C
2-PB1,1563,1,2364,0,1,2366,T
2-PB1,1564,0,0,2387,0,2387,G
2-PB1,1565,2362,0,2,1,2365,A
2-PB1,1566,0,2365,0,2,2367,T
2-PB1,1567,2363,0,1,0,2364,A
2-PB1,1568,0,2324,0,0,2324,T
2-PB1,1569,0,0,2357,0,2357,G
2-PB1,1570,2191,0,1,0,2192,A
2-PB1,1571,0,0,2207,0,2207,G
2-PB1,1572,0,1972,3,3,1978,T
2-PB1,1573,2041,0,0,0,2041,A
2-PB1,1574,1,2028,0,0,2029,T
2-PB1,1575,1,2030,0,0,2031,T
2-PB1,1576,0,0,2044,0,2044,G
2-PB1,1577,0,0,2062,0,2062,G
2-PB1,1578,1934,0,3,0,1937,A
2-PB1,1579,0,0,1952,0,1952,G
2-PB1,1580,0,1732,0,1,1733,T
2-PB1,1581,1736,0,0,0,1736,A
2-PB1,1582,1716,0,2,0,1718,A
2-PB1,1583,0,1,0,1712,1713,C
2-PB1,1584,1717,0,1,0,1718,A
2-PB1,1585,0,0,1731,0,1731,G
2-PB1,1586,0,1424,0,1,1425,T
2-PB1,1587,0,0,1434,0,1434,G
2-PB1,1588,1434,1,1,0,1436,A
2-PB1,1589,0,1428,1,1,1430,T
2-PB1,1590,1428,0,0,0,1428,A
2-PB1,1591,1421,0,0,0,1421,A
2-PB1,1592,1346,0,3,0,1349,A
2-PB1,1593,0,0,1354,0,1354,G
2-PB1,1594,1230,0,0,0,1230,A
2-PB1,1595,1228,0,0,0,1228,A
2-PB1,1596,0,0,0,1225,1225,C
2-PB1,1597,1154,0,3,0,1157,A
2-PB1,1598,1149,0,2,0,1151,A
2-PB1,1599,0,0,0,1151,1151,C
2-PB1,1600,1151,0,0,0,1151,A
2-PB1,1601,0,1131,1,0,1132,T
2-PB1,1602,0,0,1080,0,1080,G
2-PB1,1603,1073,0,1,0,1074,A
2-PB1,1604,1,1068,0,0,1069,T
2-PB1,1605,1046,0,0,0,1046,A
2-PB1,1606,1052,0,0,0,1052,A
2-PB1,1607,1000,0,0,0,1000,A
2-PB1,1608,0,0,0,999,999,C
2-PB1,1609,910,0,0,0,910,A
2-PB1,1610,897,0,0,0,897,A
2-PB1,1611,0,854,0,0,854,T
2-PB1,1612,0,0,853,0,853,G
2-PB1,1613,850,0,1,0,851,A
2-PB1,1614,0,0,0,869,869,C
2-PB1,1615,0,0,0,832,832,C
2-PB1,1616,0,750,0,3,753,T
2-PB1,1617,0,676,0,2,678,T
2-PB1,1618,0,0,685,0,685,G
2-PB1,1619,0,0,687,0,687,G
2-PB1,1620,691,0,0,0,691,A
2-PB1,1621,0,0,0,690,690,C
2-PB1,1622,0,0,0,690,690,C
2-PB1,1623,691,0,1,0,692,A
2-PB1,1624,0,0,704,0,704,G
2-PB1,1625,0,0,0,713,713,C
2-PB1,1626,723,0,0,0,723,A
2-PB1,1627,718,0,0,0,718,A
2-PB1,1628,0,0,0,717,717,C
2-PB1,1629,712,0,0,0,712,A
2-PB1,1630,0,0,719,0,719,G
2-PB1,1631,0,0,0,708,708,C
2-PB1,1632,0,0,0,714,714,C
2-PB1,1633,0,0,0,717,717,C
2-PB1,1634,728,0,0,0,728,A
2-PB1,1635,726,0,1,0,727,A
2-PB1,1636,732,0,0,0,732,A
2-PB1,1637,0,730,0,0,730,T
2-PB1,1638,0,0,716,0,716,G
2-PB1,1639,0,0,699,0,699,G
2-PB1,1640,0,1,0,715,716,C
2-PB1,1641,0,702,0,1,703,T
2-PB1,1642,0,0,0,734,734,C
2-PB1,1643,0,727,0,0,727,T
2-PB1,1644,0,0,0,734,734,C
2-PB1,1645,0,0,0,735,735,C
2-PB1,1646,740,0,0,0,740,A
2-PB1,1647,746,0,0,0,746,A
2-PB1,1648,1,727,0,0,728,T
2-PB1,1649,1,733,0,0,734,T
2-PB1,1650,0,0,734,0,734,G
2-PB1,1651,0,718,0,2,720,T
2-PB1,1652,0,719,0,0,719,T
2-PB1,1653,0,3,0,722,725,C
2-PB1,1654,732,0,0,0,732,A
2-PB1,1655,0,730,0,0,730,T
2-PB1,1656,0,1,0,732,733,C
2-PB1,1657,734,0,0,0,734,A
2-PB1,1658,732,0,1,0,733,A
2-PB1,1659,728,0,2,0,730,A
2-PB1,1660,0,0,739,0,739,G
2-PB1,1661,732,0,0,0,732,A
2-PB1,1662,0,736,1,0,737,T
2-PB1,1663,0,737,0,0,737,T
2-PB1,1664,738,0,0,0,738,A
2-PB1,1665,0,1,0,748,749,C
2-PB1,1666,751,0,0,1,752,A
2-PB1,1667,0,0,765,0,765,G
2-PB1,1668,766,1,1,0,768,A
2-PB1,1669,0,770,0,0,770,T
2-PB1,1670,781,0,0,0,781,A
2-PB1,1671,0,0,0,823,823,C
2-PB1,1672,824,6,8,0,838,A
2-PB1,1673,0,0,0,894,894,C
2-PB1,1674,883,0,1,0,884,A
2-PB1,1675,0,896,0,0,896,T
2-PB1,1676,885,0,0,0,885,A
2-PB1,1677,1,866,0,1,868,T
2-PB1,1678,867,0,0,0,867,A
2-PB1,1679,0,0,857,0,857,G
2-PB1,1680,0,0,855,0,855,G
2-PB1,1681,0,808,0,1,809,T
2-PB1,1682,0,0,807,0,807,G
2-PB1,1683,0,0,0,824,824,C
2-PB1,1684,0,0,0,828,828,C
2-PB1,1685,838,0,1,0,839,A
2-PB1,1686,0,837,0,0,837,T
2-PB1,1687,836,0,0,0,836,A
2-PB1,1688,0,0,834,0,834,G
2-PB1,1689,828,0,2,0,830,A
2-PB1,1690,0,0,830,0,830,G
2-PB1,1691,0,0,827,1,828,G
2-PB1,1692,787,0,1,0,788,A
2-PB1,1693,0,0,807,0,807,G
2-PB1,1694,786,0,1,0,787,A
2-PB1,1695,0,0,0,799,799,C
2-PB1,1696,803,0,0,0,803,A
2-PB1,1697,0,0,0,811,811,C
2-PB1,1698,820,0,1,0,821,A
2-PB1,1699,0,0,0,825,825,C
2-PB1,1700,821,0,1,0,822,A
2-PB1,1701,823,0,1,0,824,A
2-PB1,1702,825,0,0,0,825,A
2-PB1,1703,0,816,0,0,816,T
2-PB1,1704,0,0,0,825,825,C
2-PB1,1705,0,0,0,818,818,C
2-PB1,1706,821,0,1,0,822,A
2-PB1,1707,0,0,823,0,823,G
2-PB1,1708,815,0,0,0,815,A
2-PB1,1709,0,0,0,822,822,C
2-PB1,1710,0,0,823,0,823,G
2-PB1,1711,792,0,25,0,817,A
2-PB1,1712,0,0,813,0,813,G
2-PB1,1713,813,0,0,0,813,A
2-PB1,1714,821,0,1,0,822,A
2-PB1,1715,0,0,815,0,815,G
2-PB1,1716,813,0,1,0,814,A
2-PB1,1717,0,812,0,0,812,T
2-PB1,1718,0,0,0,803,803,C
2-PB1,1719,806,0,0,0,806,A
2-PB1,1720,0,795,0,0,795,T
2-PB1,1721,0,799,0,0,799,T
2-PB1,1722,1,0,0,805,806,C
2-PB1,1723,0,0,815,0,815,G
2-PB1,1724,802,0,1,0,803,A
2-PB1,1725,0,0,807,0,807,G
2-PB1,1726,798,0,0,0,798,A
2-PB1,1727,0,822,0,0,822,T
2-PB1,1728,820,0,0,0,820,A
2-PB1,1729,825,0,0,0,825,A
2-PB1,1730,821,0,1,0,822,A
2-PB1,1731,2,0,823,0,825,G
2-PB1,1732,823,0,0,0,823,A
2-PB1,1733,800,0,1,0,801,A
2-PB1,1734,0,0,796,0,796,G
2-PB1,1735,0,0,0,799,799,C
2-PB1,1736,0,797,0,0,797,T
2-PB1,1737,1,0,798,0,799,G
2-PB1,1738,0,788,0,0,788,T
2-PB1,1739,0,0,800,0,800,G
2-PB1,1740,0,0,797,0,797,G
2-PB1,1741,1,0,802,0,803,G
2-PB1,1742,801,0,0,0,801,A
2-PB1,1743,0,798,0,0,798,T
2-PB1,1744,0,1,0,798,799,C
2-PB1,1745,796,0,0,0,796,A
2-PB1,1746,794,0,0,0,794,A
2-PB1,1747,794,0,1,0,795,A
2-PB1,1748,0,1,0,800,801,C
2-PB1,1749,0,0,0,792,792,C
2-PB1,1750,0,0,0,784,784,C
2-PB1,1751,785,0,1,0,786,A
2-PB1,1752,794,0,0,0,794,A
2-PB1,1753,0,787,0,2,789,T
2-PB1,1754,0,0,0,794,794,C
2-PB1,1755,792,0,0,0,792,A
2-PB1,1756,782,0,0,0,782,A
2-PB1,1757,0,0,788,0,788,G
2-PB1,1758,0,0,784,0,784,G
2-PB1,1759,0,0,782,0,782,G
2-PB1,1760,0,0,0,785,785,C
2-PB1,1761,782,0,0,0,782,A
2-PB1,1762,0,0,802,0,802,G
2-PB1,1763,0,0,819,1,820,G
2-PB1,1764,812,0,1,0,813,A
2-PB1,1765,0,0,0,833,833,C
2-PB1,1766,0,830,0,0,830,T
2-PB1,1767,859,1,0,0,860,A
2-PB1,1768,0,852,0,1,853,T
2-PB1,1769,0,853,0,0,853,T
2-PB1,1770,0,0,864,0,864,G
2-PB1,1771,0,0,861,0,861,G
2-PB1,1772,0,845,0,0,845,T
2-PB1,1773,853,0,0,0,853,A
2-PB1,1774,0,837,0,1,838,T
2-PB1,1775,0,0,0,832,832,C
2-PB1,1776,824,0,0,0,824,A
2-PB1,1777,0,0,828,0,828,G
2-PB1,1778,821,0,0,0,821,A
2-PB1,1779,0,815,0,0,815,T
2-PB1,1780,0,0,792,0,792,G
2-PB1,1781,0,0,781,0,781,G
2-PB1,1782,0,0,785,0,785,G
2-PB1,1783,0,0,784,0,784,G
2-PB1,1784,1,0,780,0,781,G
2-PB1,1785,777,0,2,0,779,A
2-PB1,1786,0,0,0,778,778,C
2-PB1,1787,0,0,0,766,766,C
2-PB1,1788,774,0,0,0,774,A
2-PB1,1789,823,0,0,0,823,A
2-PB1,1790,826,0,0,0,826,A
2-PB1,1791,0,0,0,844,844,C
2-PB1,1792,0,833,0,1,834,T
2-PB1,1793,0,837,0,0,837,T
2-PB1,1794,837,0,1,0,838,A
2-PB1,1795,0,837,0,0,837,T
2-PB1,1796,842,0,0,0,842,A
2-PB1,1797,0,0,0,847,847,C
2-PB1,1798,775,0,1,0,776,A
2-PB1,1799,777,0,0,0,777,A
2-PB1,1800,0,764,0,0,764,T
2-PB1,1801,779,0,0,0,779,A
2-PB1,1802,0,775,0,0,775,T
2-PB1,1803,0,0,0,777,777,C
2-PB1,1804,0,1,0,774,775,C
2-PB1,1805,0,0,767,0,767,G
2-PB1,1806,1,0,768,0,769,G
2-PB1,1807,769,0,0,0,769,A
2-PB1,1808,772,0,0,0,772,A
2-PB1,1809,0,777,0,0,777,T
2-PB1,1810,0,0,0,771,771,C
2-PB1,1811,0,774,0,0,774,T
2-PB1,1812,0,772,0,2,774,T
2-PB1,1813,0,0,0,774,774,C
2-PB1,1814,755,0,11,0,766,A
2-PB1,1815,0,0,0,767,767,C
2-PB1,1816,766,0,0,0,766,A
2-PB1,1817,0,826,0,0,826,T
2-PB1,1818,0,0,0,831,831,C
2-PB1,1819,0,0,0,824,824,C
2-PB1,1820,0,0,0,836,836,C
2-PB1,1821,0,834,0,2,836,T
2-PB1,1822,0,0,837,0,837,G
2-PB1,1823,826,0,0,0,826,A
2-PB1,1824,827,0,0,0,827,A
2-PB1,1825,0,0,831,0,831,G
2-PB1,1826,0,784,0,0,784,T
2-PB1,1827,0,0,0,793,793,C
2-PB1,1828,0,775,0,0,775,T
2-PB1,1829,0,0,796,0,796,G
2-PB1,1830,0,0,0,793,793,C
2-PB1,1831,0,791,0,1,792,T
2-PB1,1832,0,797,0,0,797,T
2-PB1,1833,797,1,0,0,798,A
2-PB1,1834,796,0,1,0,797,A
2-PB1,1835,800,0,0,0,800,A
2-PB1,1836,1,0,801,0,802,G
2-PB1,1837,0,786,0,0,786,T
2-PB1,1838,0,0,777,0,777,G
2-PB1,1839,0,0,770,0,770,G
2-PB1,1840,0,0,773,0,773,G
2-PB1,1841,762,0,0,0,762,A
2-PB1,1842,1,0,784,0,785,G
2-PB1,1843,0,0,0,775,775,C
2-PB1,1844,0,778,0,0,778,T
2-PB1,1845,0,0,784,0,784,G
2-PB1,1846,771,0,1,0,772,A
2-PB1,1847,0,774,0,0,774,T
2-PB1,1848,0,0,783,0,783,G
2-PB1,1849,0,0,774,0,774,G
2-PB1,1850,771,0,0,0,771,A
2-PB1,1851,0,764,0,0,764,T
2-PB1,1852,0,0,767,0,767,G
2-PB1,1853,766,0,0,0,766,A
2-PB1,1854,0,0,784,0,784,G
2-PB1,1855,779,0,0,0,779,A
2-PB1,1856,779,0,0,0,779,A
2-PB1,1857,0,774,0,1,775,T
2-PB1,1858,0,776,0,0,776,T
2-PB1,1859,777,0,1,0,778,A
2-PB1,1860,0,769,0,0,769,T
2-PB1,1861,0,0,0,773,773,C
2-PB1,1862,0,0,778,0,778,G
2-PB1,1863,0,0,762,0,762,G
2-PB1,1864,0,0,760,0,760,G
2-PB1,1865,0,0,762,0,762,G
2-PB1,1866,759,0,0,0,759,A
2-PB1,1867,755,0,0,0,755,A
2-PB1,1868,0,0,762,0,762,G
2-PB1,1869,767,0,0,0,767,A
2-PB1,1870,0,0,0,784,784,C
2-PB1,1871,0,781,0,2,783,T
2-PB1,1872,0,787,0,0,787,T
2-PB1,1873,0,789,0,1,790,T
2-PB1,1874,0,0,795,0,795,G
2-PB1,1875,0,793,0,0,793,T
2-PB1,1876,788,0,1,0,789,A
2-PB1,1877,791,0,0,0,791,A
2-PB1,1878,1,774,0,1,776,T
2-PB1,1879,0,0,0,796,796,C
2-PB1,1880,0,0,0,792,792,C
2-PB1,1881,0,0,0,785,785,C
2-PB1,1882,0,0,0,795,795,C
2-PB1,1883,0,794,0,1,795,T
2-PB1,1884,0,0,800,0,800,G
2-PB1,1885,793,0,0,0,793,A
2-PB1,1886,800,0,0,0,800,A
2-PB1,1887,0,809,0,0,809,T
2-PB1,1888,0,0,0,798,798,C
2-PB1,1889,0,0,0,793,793,C
2-PB1,1890,1,0,0,777,778,C
2-PB1,1891,0,778,0,2,780,T
2-PB1,1892,0,780,0,1,781,T
2-PB1,1893,0,786,0,0,786,T
2-PB1,1894,0,0,783,0,783,G
2-PB1,1895,0,782,0,0,782,T
2-PB1,1896,0,0,0,779,779,C
2-PB1,1897,774,0,0,0,774,A
2-PB1,1898,0,0,780,0,780,G
2-PB1,1899,0,1,0,773,774,C
2-PB1,1900,0,0,0,785,785,C
2-PB1,1901,789,0,0,0,789,A
2-PB1,1902,0,784,0,0,784,T
2-PB1,1903,786,0,0,0,786,A
2-PB1,1904,782,0,1,0,783,A
2-PB1,1905,783,0,0,0,783,A
2-PB1,1906,0,0,794,0,794,G
2-PB1,1907,771,0,0,0,771,A
2-PB1,1908,773,1,0,0,774,A
2-PB1,1909,780,0,0,0,780,A
2-PB1,1910,0,770,0,0,770,T
2-PB1,1911,1,777,0,0,778,T
2-PB1,1912,0,0,780,0,780,G
2-PB1,1913,778,2,0,0,780,A
2-PB1,1914,772,0,1,0,773,A
2-PB1,1915,0,805,0,0,805,T
2-PB1,1916,0,0,0,814,814,C
2-PB1,1917,0,815,0,0,815,T
2-PB1,1918,0,0,820,0,820,G
2-PB1,1919,0,820,0,0,820,T
2-PB1,1920,829,0,1,0,830,A
2-PB1,1921,832,0,0,0,832,A
2-PB1,1922,824,2,1,0,827,A
2-PB1,1923,0,0,0,827,827,C
2-PB1,1924,812,0,0,0,812,A
2-PB1,1925,820,0,0,0,820,A
2-PB1,1926,1,810,0,0,811,T
2-PB1,1927,0,0,804,0,804,G
2-PB1,1928,0,0,0,825,825,C
2-PB1,1929,0,819,0,0,819,T
2-PB1,1930,0,0,848,0,848,G
2-PB1,1931,0,846,0,0,846,T
2-PB1,1932,868,0,0,0,868,A
2-PB1,1933,1,0,872,0,873,G
2-PB1,1934,0,844,1,0,845,T
2-PB1,1935,844,0,0,0,844,A
2-PB1,1936,842,0,0,0,842,A
2-PB1,1937,0,833,0,0,833,T
2-PB1,1938,0,0,827,0,827,G
2-PB1,1939,0,0,0,801,801,C
2-PB1,1940,0,0,0,794,794,C
2-PB1,1941,779,0,0,0,779,A
2-PB1,1942,0,0,785,0,785,G
2-PB1,1943,0,0,0,804,804,C
2-PB1,1944,0,0,0,802,802,C
2-PB1,1945,0,0,0,811,811,C
2-PB1,1946,802,0,1,0,803,A
2-PB1,1947,0,803,0,0,803,T
2-PB1,1948,0,0,808,0,808,G
2-PB1,1949,0,0,809,0,809,G
2-PB1,1950,0,795,0,0,795,T
2-PB1,1951,0,1,0,789,790,C
2-PB1,1952,0,0,0,768,768,C
2-PB1,1953,3,1,775,0,779,G
2-PB1,1954,0,0,787,0,787,G
2-PB1,1955,0,0,0,779,779,C
2-PB1,1956,0,0,0,781,781,C
2-PB1,1957,794,0,0,0,794,A
2-PB1,1958,791,0,0,0,791,A
2-PB1,1959,790,0,0,0,790,A
2-PB1,1960,792,0,0,0,792,A
2-PB1,1961,0,0,802,0,802,G
2-PB1,1962,0,772,0,0,772,T
2-PB1,1963,786,0,0,0,786,A
2-PB1,1964,0,785,0,0,785,T
2-PB1,1965,0,0,790,0,790,G
2-PB1,1966,0,0,804,0,804,G
2-PB1,1967,805,1,1,0,807,A
2-PB1,1968,815,0,0,0,815,A
2-PB1,1969,0,817,0,0,817,T
2-PB1,1970,804,0,0,0,804,A
2-PB1,1971,0,805,0,0,805,T
2-PB1,1972,0,0,798,0,798,G
2-PB1,1973,794,0,0,0,794,A
2-PB1,1974,0,795,0,0,795,T
2-PB1,1975,0,0,759,0,759,G
2-PB1,1976,0,0,0,761,761,C
2-PB1,1977,0,0,0,760,760,C
2-PB1,1978,0,0,768,0,768,G
2-PB1,1979,0,759,0,0,759,T
2-PB1,1980,0,760,0,1,761,T
2-PB1,1981,1,0,758,0,759,G
2-PB1,1982,0,0,0,778,778,C
2-PB1,1983,779,0,0,0,779,A
2-PB1,1984,790,0,0,0,790,A
2-PB1,1985,0,0,0,789,789,C
2-PB1,1986,0,783,0,0,783,T
2-PB1,1987,786,0,1,0,787,A
2-PB1,1988,0,0,0,791,791,C
2-PB1,1989,785,0,2,0,787,A
2-PB1,1990,0,1,0,790,791,C
2-PB1,1991,758,0,0,0,758,A
2-PB1,1992,0,0,0,822,822,C
2-PB1,1993,0,798,0,0,798,T
2-PB1,1994,0,1,0,815,816,C
2-PB1,1995,0,1,0,816,817,C
2-PB1,1996,0,796,0,2,798,T
2-PB1,1997,0,1,803,0,804,G
2-PB1,1998,0,0,804,0,804,G
2-PB1,1999,799,0,1,0,800,A
2-PB1,2000,0,798,0,0,798,T
2-PB1,2001,0,744,0,1,745,T
2-PB1,2002,0,1,0,750,751,C
2-PB1,2003,0,0,0,745,745,C
2-PB1,2004,0,0,0,750,750,C
2-PB1,2005,753,0,1,0,754,A
2-PB1,2006,749,0,0,0,749,A
2-PB1,2007,0,0,754,0,754,G
2-PB1,2008,748,0,0,0,748,A
2-PB1,2009,0,0,753,0,753,G
2-PB1,2010,0,0,750,0,750,G
2-PB1,2011,730,0,1,0,731,A
2-PB1,2012,742,0,0,0,742,A
2-PB1,2013,0,0,0,732,732,C
2-PB1,2014,0,0,0,731,731,C
2-PB1,2015,0,0,734,0,734,G
2-PB1,2016,0,0,0,730,730,C
2-PB1,2017,0,733,0,0,733,T
2-PB1,2018,0,0,0,736,736,C
2-PB1,2019,0,737,0,0,737,T
2-PB1,2020,790,0,0,0,790,A
2-PB1,2021,0,797,1,0,798,T
2-PB1,2022,0,794,0,0,794,T
2-PB1,2023,0,1,0,802,803,C
2-PB1,2024,0,783,0,0,783,T
2-PB1,2025,784,0,0,0,784,A
2-PB1,2026,786,0,0,0,786,A
2-PB1,2027,773,0,0,0,773,A
2-PB1,2028,0,0,0,781,781,C
2-PB1,2029,716,0,0,0,716,A
2-PB1,2030,0,0,0,722,722,C
2-PB1,2031,711,0,0,0,711,A
2-PB1,2032,707,0,1,0,708,A
2-PB1,2033,0,0,711,0,711,G
2-PB1,2034,0,0,0,699,699,C
2-PB1,2035,0,0,0,710,710,C
2-PB1,2036,704,0,1,0,705,A
2-PB1,2037,703,0,1,0,704,A
2-PB1,2038,708,0,0,0,708,A
2-PB1,2039,0,0,724,0,724,G
2-PB1,2040,0,0,727,0,727,G
2-PB1,2041,0,0,713,0,713,G
2-PB1,2042,0,0,714,0,714,G
2-PB1,2043,711,0,0,0,711,A
2-PB1,2044,712,0,0,0,712,A
2-PB1,2045,0,717,0,0,717,T
2-PB1,2046,0,714,0,0,714,T
2-PB1,2047,0,0,0,719,719,C
2-PB1,2048,0,712,0,1,713,T
2-PB1,2049,0,712,0,1,713,T
2-PB1,2050,0,1,716,0,717,G
2-PB1,2051,718,0,0,0,718,A
2-PB1,2052,0,0,718,0,718,G
2-PB1,2053,0,0,712,0,712,G
2-PB1,2054,709,1,1,0,711,A
2-PB1,2055,0,709,0,1,710,T
2-PB1,2056,0,0,711,0,711,G
2-PB1,2057,703,0,1,0,704,A
2-PB1,2058,701,0,1,0,702,A
2-PB1,2059,0,0,0,710,710,C
2-PB1,2060,706,0,0,0,706,A
2-PB1,2061,0,0,708,0,708,G
2-PB1,2062,714,0,0,0,714,A
2-PB1,2063,0,708,0,1,709,T
2-PB1,2064,0,0,712,0,712,G
2-PB1,2065,0,732,0,0,732,T
2-PB1,2066,726,1,0,0,727,A
2-PB1,2067,0,1,0,721,722,C
2-PB1,2068,0,0,0,720,720,C
2-PB1,2069,721,0,0,0,721,A
2-PB1,2070,0,0,712,0,712,G
2-PB1,2071,708,0,0,0,708,A
2-PB1,2072,704,0,0,0,704,A
2-PB1,2073,0,0,712,0,712,G
2-PB1,2074,0,673,0,1,674,T
2-PB1,2075,0,0,672,0,672,G
2-PB1,2076,0,0,0,668,668,C
2-PB1,2077,0,671,0,2,673,T
2-PB1,2078,0,0,674,0,674,G
2-PB1,2079,0,0,0,672,672,C
2-PB1,2080,681,0,0,0,681,A
2-PB1,2081,677,0,0,0,677,A
2-PB1,2082,0,0,0,667,667,C
2-PB1,2083,0,663,0,0,663,T
2-PB1,2084,0,660,0,0,660,T
2-PB1,2085,0,0,665,0,665,G
2-PB1,2086,0,660,0,0,660,T
2-PB1,2087,0,665,0,0,665,T
2-PB1,2088,0,0,0,662,662,C
2-PB1,2089,0,0,661,0,661,G
2-PB1,2090,661,0,0,0,661,A
2-PB1,2091,0,0,662,0,662,G
2-PB1,2092,659,0,0,0,659,A
2-PB1,2093,657,0,0,0,657,A
2-PB1,2094,661,0,0,0,661,A
2-PB1,2095,0,658,0,0,658,T
2-PB1,2096,0,652,0,0,652,T
2-PB1,2097,0,654,0,1,655,T
2-PB1,2098,0,652,0,0,652,T
2-PB1,2099,0,650,0,0,650,T
2-PB1,2100,0,0,0,650,650,C
2-PB1,2101,0,0,0,651,651,C
2-PB1,2102,0,0,0,656,656,C
2-PB1,2103,0,653,0,0,653,T
2-PB1,2104,654,0,0,0,654,A
2-PB1,2105,0,0,656,0,656,G
2-PB1,2106,0,658,0,0,658,T
2-PB1,2107,657,0,0,0,657,A
2-PB1,2108,0,0,661,0,661,G
2-PB1,2109,0,653,0,0,653,T
2-PB1,2110,0,667,0,0,667,T
2-PB1,2111,0,0,0,678,678,C
2-PB1,2112,687,0,0,0,687,A
2-PB1,2113,0,688,0,0,688,T
2-PB1,2114,688,0,0,0,688,A
2-PB1,2115,0,689,0,0,689,T
2-PB1,2116,668,0,1,0,669,A
2-PB1,2117,0,0,658,0,658,G
2-PB1,2118,0,0,652,0,652,G
2-PB1,2119,589,0,1,0,590,A
2-PB1,2120,0,0,590,0,590,G
2-PB1,2121,563,0,0,0,563,A
2-PB1,2122,0,0,0,553,553,C
2-PB1,2123,0,1,0,535,536,C
2-PB1,2124,0,0,540,0,540,G
2-PB1,2125,537,0,1,0,538,A
2-PB1,2126,0,535,0,0,535,T
2-PB1,2127,0,540,0,0,540,T
2-PB1,2128,0,0,540,0,540,G
2-PB1,2129,0,0,540,0,540,G
2-PB1,2130,541,0,0,0,541,A
2-PB1,2131,540,0,0,0,540,A
2-PB1,2132,0,539,0,0,539,T
2-PB1,2133,0,534,0,0,534,T
2-PB1,2134,0,538,0,0,538,T
2-PB1,2135,0,0,0,535,535,C
2-PB1,2136,0,542,0,0,542,T
2-PB1,2137,536,0,3,0,539,A
2-PB1,2138,0,0,538,0,538,G
2-PB1,2139,0,0,0,538,538,C
2-PB1,2140,530,0,0,0,530,A
2-PB1,2141,0,535,0,0,535,T
2-PB1,2142,0,0,531,0,531,G
2-PB1,2143,0,0,535,0,535,G
2-PB1,2144,0,535,0,0,535,T
2-PB1,2145,0,0,536,0,536,G
2-PB1,2146,0,0,535,0,535,G
2-PB1,2147,533,0,0,0,533,A
2-PB1,2148,0,0,534,0,534,G
2-PB1,2149,0,0,526,0,526,G
2-PB1,2150,0,0,0,510,510,C
2-PB1,2151,0,0,0,515,515,C
2-PB1,2152,485,0,0,0,485,A
2-PB1,2153,0,486,0,0,486,T
2-PB1,2154,0,0,488,0,488,G
2-PB1,2155,0,0,487,0,487,G
2-PB1,2156,0,472,0,0,472,T
2-PB1,2157,0,0,481,0,481,G
2-PB1,2158,0,473,0,1,474,T
2-PB1,2159,1,0,0,469,470,C
2-PB1,2160,0,474,0,0,474,T
2-PB1,2161,472,0,0,0,472,A
2-PB1,2162,0,0,464,0,464,G
2-PB1,2163,0,0,455,0,455,G
2-PB1,2164,0,0,450,0,450,G
2-PB1,2165,0,0,0,436,436,C
2-PB1,2166,0,0,0,416,416,C
2-PB1,2167,0,0,1,420,421,C
2-PB1,2168,0,0,419,0,419,G
2-PB1,2169,0,0,425,0,425,G
2-PB1,2170,424,0,0,0,424,A
2-PB1,2171,0,420,0,0,420,T
2-PB1,2172,0,411,0,0,411,T
2-PB1,2173,0,0,410,0,410,G
2-PB1,2174,411,0,0,0,411,A
2-PB1,2175,0,405,0,0,405,T
2-PB1,2176,0,0,406,0,406,G
2-PB1,2177,0,0,0,399,399,C
2-PB1,2178,0,0,0,403,403,C
2-PB1,2179,400,0,0,0,400,A
2-PB1,2180,0,0,404,0,404,G
2-PB1,2181,398,0,1,0,399,A
2-PB1,2182,397,0,0,0,397,A
2-PB1,2183,0,394,0,0,394,T
2-PB1,2184,0,385,0,1,386,T
2-PB1,2185,0,0,389,0,389,G
2-PB1,2186,381,0,0,0,381,A
2-PB1,2187,0,0,0,384,384,C
2-PB1,2188,0,380,0,0,380,T
2-PB1,2189,0,375,0,0,375,T
2-PB1,2190,0,0,0,379,379,C
2-PB1,2191,0,0,383,0,383,G
2-PB1,2192,379,0,0,0,379,A
2-PB1,2193,0,0,371,0,371,G
2-PB1,2194,0,372,0,0,372,T
2-PB1,2195,0,0,0,376,376,C
2-PB1,2196,0,380,0,0,380,T
2-PB1,2197,0,0,380,0,380,G
2-PB1,2198,0,0,379,0,379,G
2-PB1,2199,374,0,0,0,374,A
2-PB1,2200,351,0,0,0,351,A
2-PB1,2201,0,0,353,0,353,G
2-PB1,2202,0,0,358,0,358,G
2-PB1,2203,355,0,0,0,355,A
2-PB1,2204,1,352,0,0,353,T
2-PB1,2205,0,357,0,0,357,T
2-PB1,2206,350,0,1,0,351,A
2-PB1,2207,354,0,0,0,354,A
2-PB1,2208,1,0,351,0,352,G
2-PB1,2209,352,0,0,0,352,A
2-PB1,2210,341,0,0,0,341,A
2-PB1,2211,0,0,321,0,321,G
2-PB1,2212,0,0,321,0,321,G
2-PB1,2213,324,0,0,0,324,A
2-PB1,2214,322,0,0,0,322,A
2-PB1,2215,0,0,317,0,317,G
2-PB1,2216,283,0,0,0,283,A
2-PB1,2217,0,0,280,0,280,G
2-PB1,2218,0,255,0,0,255,T
2-PB1,2219,0,252,0,0,252,T
2-PB1,2220,0,0,0,255,255,C
2-PB1,2221,0,252,0,1,253,T
2-PB1,2222,0,0,0,253,253,C
2-PB1,2223,0,252,0,1,253,T
2-PB1,2224,0,0,252,0,252,G
2-PB1,2225,245,0,0,0,245,A
2-PB1,2226,0,0,243,0,243,G
2-PB1,2227,244,0,0,0,244,A
2-PB1,2228,0,236,0,0,236,T
2-PB1,2229,0,0,0,223,223,C
2-PB1,2230,226,0,0,0,226,A
2-PB1,2231,0,226,0,0,226,T
2-PB1,2232,0,0,227,0,227,G
2-PB1,2233,227,0,0,0,227,A
2-PB1,2234,225,0,0,0,225,A
2-PB1,2235,0,0,222,0,222,G
2-PB1,2236,215,0,0,0,215,A
2-PB1,2237,0,211,0,0,211,T
2-PB1,2238,0,0,0,211,211,C
2-PB1,2239,0,194,0,0,194,T
2-PB1,2240,0,0,198,0,198,G
2-PB1,2241,0,198,1,0,199,T
2-PB1,2242,0,196,0,0,196,T
2-PB1,2243,0,0,0,192,192,C
2-PB1,2244,0,0,0,188,188,C
2-PB1,2245,184,0,0,0,184,A
2-PB1,2246,0,0,0,188,188,C
2-PB1,2247,0,0,0,186,186,C
2-PB1,2248,180,0,0,0,180,A
2-PB1,2249,0,173,0,0,173,T
2-PB1,2250,0,172,0,0,172,T
2-PB1,2251,0,0,171,0,171,G
2-PB1,2252,169,0,0,0,169,A
2-PB1,2253,169,0,0,0,169,A
2-PB1,2254,0,0,168,0,168,G
2-PB1,2255,144,0,0,0,144,A
2-PB1,2256,149,0,0,0,149,A
2-PB1,2257,0,0,0,145,145,C
2-PB1,2258,0,133,0,1,134,T
2-PB1,2259,0,0,0,138,138,C
2-PB1,2260,134,0,0,0,134,A
2-PB1,2261,0,0,132,0,132,G
2-PB1,2262,134,0,0,0,134,A
2-PB1,2263,0,0,0,130,130,C
2-PB1,2264,0,0,123,0,123,G
2-PB1,2265,0,0,124,0,124,G
2-PB1,2266,0,0,0,122,122,C
2-PB1,2267,121,0,0,0,121,A
2-PB1,2268,122,0,0,0,122,A
2-PB1,2269,120,0,0,0,120,A
2-PB1,2270,117,0,0,0,117,A
2-PB1,2271,117,0,0,0,117,A
2-PB1,2272,0,113,0,0,113,T
2-PB1,2273,111,0,0,0,111,A
2-PB1,2274,111,0,0,0,111,A
3-PA,1,13,0,0,0,13,A
3-PA,2,0,14,0,0,14,T
3-PA,3,0,0,14,0,14,G
3-PA,4,0,0,14,0,14,G
3-PA,5,14,0,0,0,14,A
3-PA,6,14,0,0,0,14,A
3-PA,7,0,0,14,0,14,G
3-PA,8,14,0,0,0,14,A
3-PA,9,0,14,0,0,14,T
3-PA,10,0,14,0,0,14,T
3-PA,11,0,13,0,0,13,T
3-PA,12,0,14,0,0,14,T
3-PA,13,0,0,14,0,14,G
3-PA,14,0,15,0,0,15,T
3-PA,15,0,0,15,0,15,G
3-PA,16,0,0,0,15,15,C
3-PA,17,0,0,15,0,15,G
3-PA,18,20,0,0,0,20,A
3-PA,19,0,0,0,18,18,C
3-PA,20,19,0,0,0,19,A
3-PA,21,20,0,0,0,20,A
3-PA,22,0,19,0,0,19,T
3-PA,23,0,0,17,0,17,G
3-PA,24,0,0,0,20,20,C
3-PA,25,0,21,0,0,21,T
3-PA,26,0,22,0,0,22,T
3-PA,27,0,0,0,21,21,C
3-PA,28,21,0,0,0,21,A
3-PA,29,26,0,0,0,26,A
3-PA,30,0,0,0,26,26,C
3-PA,31,0,0,0,26,26,C
3-PA,32,0,0,0,27,27,C
3-PA,33,26,0,0,0,26,A
3-PA,34,27,0,0,0,27,A
3-PA,35,0,27,0,0,27,T
3-PA,36,0,0,27,0,27,G
3-PA,37,27,0,0,0,27,A
3-PA,38,0,28,0,0,28,T
3-PA,39,0,28,0,0,28,T
3-PA,40,0,0,29,0,29,G
3-PA,41,0,27,0,0,27,T
3-PA,42,0,0,0,29,29,C
3-PA,43,0,0,29,0,29,G
3-PA,44,29,0,0,0,29,A
3-PA,45,27,0,0,0,27,A
3-PA,46,0,0,0,29,29,C
3-PA,47,0,28,0,0,28,T
3-PA,48,0,28,0,0,28,T
3-PA,49,0,0,28,0,28,G
3-PA,50,0,0,0,28,28,C
3-PA,51,29,0,0,0,29,A
3-PA,52,0,0,29,0,29,G
3-PA,53,29,0,0,0,29,A
3-PA,54,27,0,0,0,27,A
3-PA,55,29,0,0,0,29,A
3-PA,56,29,0,0,0,29,A
3-PA,57,30,0,0,0,30,A
3-PA,58,0,0,28,0,28,G
3-PA,59,0,0,0,29,29,C
3-PA,60,30,0,0,0,30,A
3-PA,61,31,0,0,0,31,A
3-PA,62,0,30,0,0,30,T
3-PA,63,0,0,32,0,32,G
3-PA,64,32,0,0,0,32,A
3-PA,65,31,0,0,0,31,A
3-PA,66,32,0,0,0,32,A
3-PA,67,0,0,35,0,35,G
3-PA,68,38,0,0,0,38,A
3-PA,69,0,0,45,0,45,G
3-PA,70,0,43,0,0,43,T
3-PA,71,42,0,0,0,42,A
3-PA,72,0,44,0,0,44,T
3-PA,73,0,0,44,0,44,G
3-PA,74,0,0,44,0,44,G
3-PA,75,0,0,44,0,44,G
3-PA,76,0,0,44,0,44,G
3-PA,77,44,0,0,0,44,A
3-PA,78,0,0,44,0,44,G
3-PA,79,0,0,45,0,45,G
3-PA,80,42,0,0,0,42,A
3-PA,81,0,45,0,0,45,T
3-PA,82,0,0,0,43,43,C
3-PA,83,0,44,0,0,44,T
3-PA,84,0,0,46,0,46,G
3-PA,85,45,0,0,0,45,A
3-PA,86,45,0,0,0,45,A
3-PA,87,47,0,0,0,47,A
3-PA,88,47,0,0,0,47,A
3-PA,89,0,47,0,0,47,T
3-PA,90,0,47,0,0,47,T
3-PA,91,0,0,47,0,47,G
3-PA,92,47,0,0,0,47,A
3-PA,93,47,0,0,0,47,A
3-PA,94,47,0,0,0,47,A
3-PA,95,0,0,0,47,47,C
3-PA,96,47,0,0,0,47,A
3-PA,97,48,0,0,0,48,A
3-PA,98,47,0,0,0,47,A
3-PA,99,0,0,0,47,47,C
3-PA,100,48,0,0,0,48,A
3-PA,101,49,0,0,0,49,A
3-PA,102,50,0,0,0,50,A
3-PA,103,0,50,0,0,50,T
3-PA,104,0,50,0,0,50,T
3-PA,105,0,49,0,0,49,T
3-PA,106,0,0,49,0,49,G
3-PA,107,0,0,0,49,49,C
3-PA,108,50,0,0,0,50,A
3-PA,109,0,0,53,0,53,G
3-PA,110,0,0,0,52,52,C
3-PA,111,56,0,0,0,56,A
3-PA,112,56,0,0,0,56,A
3-PA,113,0,55,0,0,55,T
3-PA,114,56,0,0,0,56,A
3-PA,115,0,56,0,0,56,T
3-PA,116,0,0,56,0,56,G
3-PA,117,0,0,0,55,55,C
3-PA,118,56,0,0,0,56,A
3-PA,119,0,0,0,56,56,C
3-PA,120,0,55,0,0,55,T
3-PA,121,0,0,0,70,70,C
3-PA,122,70,0,0,0,70,A
3-PA,123,0,0,0,69,69,C
3-PA,124,0,70,0,1,71,T
3-PA,125,0,72,0,0,72,T
3-PA,126,0,0,72,0,72,G
3-PA,127,0,0,72,0,72,G
3-PA,128,71,0,0,0,71,A
3-PA,129,0,0,74,0,74,G
3-PA,130,0,0,74,0,74,G
3-PA,131,0,70,0,0,70,T
3-PA,132,0,0,77,0,77,G
3-PA,133,0,77,0,0,77,T
3-PA,134,0,0,76,0,76,G
3-PA,135,0,77,0,1,78,T
3-PA,136,0,75,0,0,75,T
3-PA,137,0,77,0,0,77,T
3-PA,138,0,0,0,74,74,C
3-PA,139,74,0,0,0,74,A
3-PA,140,0,77,0,0,77,T
3-PA,141,0,0,76,0,76,G
3-PA,142,0,76,0,0,76,T
3-PA,143,75,0,0,0,75,A
3-PA,144,0,75,0,0,75,T
3-PA,145,0,75,0,0,75,T
3-PA,146,0,0,0,75,75,C
3-PA,147,75,0,0,0,75,A
3-PA,148,0,0,75,0,75,G
3-PA,149,76,0,0,0,76,A
3-PA,150,0,75,0,0,75,T
3-PA,151,0,73,0,0,73,T
3-PA,152,0,74,0,0,74,T
3-PA,153,0,0,0,75,75,C
3-PA,154,0,0,0,74,74,C
3-PA,155,74,0,0,0,74,A
3-PA,156,0,75,0,0,75,T
3-PA,157,0,75,0,0,75,T
3-PA,158,0,75,0,0,75,T
3-PA,159,0,0,0,75,75,C
3-PA,160,74,0,0,0,74,A
3-PA,161,0,72,0,0,72,T
3-PA,162,0,0,0,74,74,C
3-PA,163,73,0,0,0,73,A
3-PA,164,72,0,0,0,72,A
3-PA,165,0,74,0,0,74,T
3-PA,166,0,0,76,0,76,G
3-PA,167,76,0,0,0,76,A
3-PA,168,75,0,1,0,76,A
3-PA,169,0,0,0,76,76,C
3-PA,170,76,0,0,0,76,A
3-PA,171,75,0,0,0,75,A
3-PA,172,0,0,77,0,77,G
3-PA,173,0,0,78,0,78,G
3-PA,174,0,0,0,77,77,C
3-PA,175,0,0,77,0,77,G
3-PA,176,82,0,0,0,82,A
3-PA,177,83,0,0,0,83,A
3-PA,178,0,84,0,0,84,T
3-PA,179,0,0,0,84,84,C
3-PA,180,84,0,0,0,84,A
3-PA,181,84,0,0,0,84,A
3-PA,182,0,83,0,0,83,T
3-PA,183,85,0,0,0,85,A
3-PA,184,0,0,85,0,85,G
3-PA,185,0,88,0,0,88,T
3-PA,186,0,0,89,0,89,G
3-PA,187,0,0,88,0,88,G
3-PA,188,0,88,0,0,88,T
3-PA,189,89,0,0,0,89,A
3-PA,190,0,0,90,0,90,G
3-PA,191,89,0,0,0,89,A
3-PA,192,88,0,0,0,88,A
3-PA,193,0,0,0,88,88,C
3-PA,194,0,87,0,0,87,T
3-PA,195,0,88,0,0,88,T
3-PA,196,0,0,89,0,89,G
3-PA,197,88,0,1,0,89,A
3-PA,198,0,0,0,87,87,C
3-PA,199,0,0,87,0,87,G
3-PA,200,91,0,0,0,91,A
3-PA,201,0,89,0,0,89,T
3-PA,202,0,0,0,90,90,C
3-PA,203,0,0,0,90,90,C
3-PA,204,90,0,0,0,90,A
3-PA,205,90,0,0,0,90,A
3-PA,206,90,0,0,0,90,A
3-PA,207,0,91,0,0,91,T
3-PA,208,0,0,91,0,91,G
3-PA,209,0,1,0,90,91,C
3-PA,210,92,0,0,0,92,A
3-PA,211,0,0,0,93,93,C
3-PA,212,0,94,0,0,94,T
3-PA,213,0,0,110,0,110,G
3-PA,214,0,113,0,0,113,T
3-PA,215,0,111,0,0,111,T
3-PA,216,112,0,0,0,112,A
3-PA,217,112,0,0,0,112,A
3-PA,218,111,0,0,0,111,A
3-PA,219,0,0,113,0,113,G
3-PA,220,0,0,0,112,112,C
3-PA,221,107,0,1,0,108,A
3-PA,222,0,0,0,112,112,C
3-PA,223,106,0,0,0,106,A
3-PA,224,0,0,114,0,114,G
3-PA,225,110,0,2,0,112,A
3-PA,226,0,115,0,0,115,T
3-PA,227,0,114,0,0,114,T
3-PA,228,0,115,0,0,115,T
3-PA,229,0,0,116,0,116,G
3-PA,230,116,0,0,0,116,A
3-PA,231,117,0,0,0,117,A
3-PA,232,115,0,0,0,115,A
3-PA,233,0,116,0,0,116,T
3-PA,234,115,0,0,0,115,A
3-PA,235,116,0,0,0,116,A
3-PA,236,0,118,0,0,118,T
3-PA,237,0,0,0,119,119,C
3-PA,238,0,0,118,0,118,G
3-PA,239,117,0,0,0,117,A
3-PA,240,0,0,120,0,120,G
3-PA,241,0,0,121,0,121,G
3-PA,242,0,0,121,0,121,G
3-PA,243,0,0,121,0,121,G
3-PA,244,117,0,0,0,117,A
3-PA,245,0,0,122,0,122,G
3-PA,246,127,0,0,0,127,A
3-PA,247,0,0,122,0,122,G
3-PA,248,125,0,0,0,125,A
3-PA,249,0,0,0,125,125,C
3-PA,250,126,0,0,0,126,A
3-PA,251,0,0,127,0,127,G
3-PA,252,127,0,0,0,127,A
3-PA,253,127,0,0,0,127,A
3-PA,254,0,0,0,128,128,C
3-PA,255,124,0,0,0,124,A
3-PA,256,122,0,0,0,122,A
3-PA,257,0,122,0,0,122,T
3-PA,258,0,0,125,0,125,G
3-PA,259,0,0,126,0,126,G
3-PA,260,0,0,0,128,128,C
3-PA,261,0,0,0,126,126,C
3-PA,262,0,128,0,0,128,T
3-PA,263,0,0,130,0,130,G
3-PA,264,0,0,127,0,127,G
3-PA,265,129,0,0,0,129,A
3-PA,266,0,0,0,134,134,C
3-PA,267,126,0,0,0,126,A
3-PA,268,0,0,146,0,146,G
3-PA,269,0,147,0,0,147,T
3-PA,270,146,0,0,0,146,A
3-PA,271,0,0,149,0,149,G
3-PA,272,0,147,0,0,147,T
3-PA,273,147,0,0,0,147,A
3-PA,274,147,0,0,0,147,A
3-PA,275,144,0,1,0,145,A
3-PA,276,0,0,0,147,147,C
3-PA,277,136,0,0,0,136,A
3-PA,278,0,0,142,0,142,G
3-PA,279,0,138,0,0,138,T
3-PA,280,142,0,0,0,142,A
3-PA,281,0,141,0,0,141,T
3-PA,282,0,0,0,143,143,C
3-PA,283,0,144,0,0,144,T
3-PA,284,0,0,143,0,143,G
3-PA,285,0,0,0,142,142,C
3-PA,286,139,0,0,0,139,A
3-PA,287,144,0,0,0,144,A
3-PA,288,0,0,0,147,147,C
3-PA,289,147,0,1,0,148,A
3-PA,290,0,0,0,159,159,C
3-PA,291,0,157,0,0,157,T
3-PA,292,159,0,0,0,159,A
3-PA,293,0,0,0,157,157,C
3-PA,294,0,157,0,0,157,T
3-PA,295,0,0,157,0,157,G
3-PA,296,0,0,157,0,157,G
3-PA,297,152,0,0,0,152,A
3-PA,298,0,0,155,0,155,G
3-PA,299,0,0,0,156,156,C
3-PA,300,0,156,0,0,156,T
3-PA,301,0,0,157,0,157,G
3-PA,302,0,0,155,0,155,G
3-PA,303,155,0,1,0,156,A
3-PA,304,156,0,0,0,156,A
3-PA,305,155,0,0,0,155,A
3-PA,306,157,0,0,0,157,A
3-PA,307,0,0,0,155,155,C
3-PA,308,0,0,0,157,157,C
3-PA,309,0,1,156,0,157,G
3-PA,310,153,0,0,0,153,A
3-PA,311,156,0,0,0,156,A
3-PA,312,0,0,159,0,159,G
3-PA,313,0,158,0,0,158,T
3-PA,314,0,159,0,0,159,T
3-PA,315,0,160,0,0,160,T
3-PA,316,0,0,0,158,158,C
3-PA,317,0,158,0,0,158,T
3-PA,318,161,0,0,0,161,A
3-PA,319,0,0,0,161,161,C
3-PA,320,0,0,0,161,161,C
3-PA,321,162,0,0,0,162,A
3-PA,322,0,0,161,0,161,G
3-PA,323,162,0,0,0,162,A
3-PA,324,0,1,0,157,158,C
3-PA,325,0,163,0,0,163,T
3-PA,326,0,162,0,1,163,T
3-PA,327,0,0,165,0,165,G
3-PA,328,0,165,0,0,165,T
3-PA,329,164,0,0,0,164,A
3-PA,330,0,164,0,0,164,T
3-PA,331,0,0,162,0,162,G
3-PA,332,165,0,0,0,165,A
3-PA,333,0,162,0,0,162,T
3-PA,334,0,163,0,0,163,T
3-PA,335,163,0,0,0,163,A
3-PA,336,0,0,0,160,160,C
3-PA,337,160,0,0,0,160,A
3-PA,338,160,0,0,0,160,A
3-PA,339,0,0,161,0,161,G
3-PA,340,0,0,161,0,161,G
3-PA,341,158,0,0,0,158,A
3-PA,342,0,0,163,0,163,G
3-PA,343,163,0,0,0,163,A
3-PA,344,159,0,0,0,159,A
3-PA,345,0,0,0,162,162,C
3-PA,346,158,0,0,0,158,A
3-PA,347,0,0,160,0,160,G
3-PA,348,156,0,0,0,156,A
3-PA,349,0,156,0,0,156,T
3-PA,350,0,155,0,0,155,T
3-PA,351,0,0,0,154,154,C
3-PA,352,154,0,0,0,154,A
3-PA,353,0,152,0,0,152,T
3-PA,354,0,0,0,152,152,C
3-PA,355,0,0,153,0,153,G
3-PA,356,153,0,0,0,153,A
3-PA,357,153,0,0,0,153,A
3-PA,358,154,0,0,0,154,A
3-PA,359,0,153,0,0,153,T
3-PA,360,0,152,0,0,152,T
3-PA,361,0,0,153,0,153,G
3-PA,362,0,0,155,0,155,G
3-PA,363,0,0,155,0,155,G
3-PA,364,0,0,155,0,155,G
3-PA,365,0,151,0,0,151,T
3-PA,366,0,0,154,0,154,G
3-PA,367,152,0,0,0,152,A
3-PA,368,0,0,0,154,154,C
3-PA,369,157,0,0,0,157,A
3-PA,370,157,0,0,0,157,A
3-PA,371,0,0,159,0,159,G
3-PA,372,0,0,161,0,161,G
3-PA,373,158,0,0,0,158,A
3-PA,374,0,0,156,0,156,G
3-PA,375,154,0,0,0,154,A
3-PA,376,0,0,153,0,153,G
3-PA,377,148,0,0,0,148,A
3-PA,378,145,0,0,0,145,A
3-PA,379,0,0,147,0,147,G
3-PA,380,0,141,0,0,141,T
3-PA,381,0,0,0,147,147,C
3-PA,382,0,0,0,146,146,C
3-PA,383,149,0,0,0,149,A
3-PA,384,0,0,0,152,152,C
3-PA,385,158,0,0,0,158,A
3-PA,386,0,163,0,0,163,T
3-PA,387,167,0,0,0,167,A
3-PA,388,0,166,0,0,166,T
3-PA,389,166,0,0,0,166,A
3-PA,390,0,161,0,0,161,T
3-PA,391,0,160,0,0,160,T
3-PA,392,166,0,0,0,166,A
3-PA,393,0,0,0,165,165,C
3-PA,394,0,0,0,159,159,C
3-PA,395,0,156,0,0,156,T
3-PA,396,0,155,0,0,155,T
3-PA,397,0,0,155,0,155,G
3-PA,398,156,0,0,0,156,A
3-PA,399,156,0,1,0,157,A
3-PA,400,158,0,0,0,158,A
3-PA,401,150,0,0,0,150,A
3-PA,402,0,0,150,0,150,G
3-PA,403,0,0,152,0,152,G
3-PA,404,0,1,0,150,151,C
3-PA,405,0,0,0,150,150,C
3-PA,406,150,0,0,0,150,A
3-PA,407,150,0,0,0,150,A
3-PA,408,0,150,0,0,150,T
3-PA,409,148,0,0,0,148,A
3-PA,410,152,0,0,0,152,A
3-PA,411,0,0,154,0,154,G
3-PA,412,152,0,0,0,152,A
3-PA,413,0,152,0,0,152,T
3-PA,414,0,155,0,0,155,T
3-PA,415,155,0,0,0,155,A
3-PA,416,155,0,0,0,155,A
3-PA,417,154,0,0,0,154,A
3-PA,418,0,155,0,0,155,T
3-PA,419,0,0,0,155,155,C
3-PA,420,0,148,0,0,148,T
3-PA,421,0,0,149,0,149,G
3-PA,422,149,0,0,0,149,A
3-PA,423,0,0,150,0,150,G
3-PA,424,149,0,0,0,149,A
3-PA,425,151,0,0,0,151,A
3-PA,426,0,0,0,151,151,C
3-PA,427,150,0,0,0,150,A
3-PA,428,0,0,0,147,147,C
3-PA,429,149,0,0,0,149,A
3-PA,430,0,0,0,151,151,C
3-PA,431,150,0,0,0,150,A
3-PA,432,0,0,0,156,156,C
3-PA,433,151,0,0,0,151,A
3-PA,434,0,148,0,0,148,T
3-PA,435,0,147,0,0,147,T
3-PA,436,0,0,0,146,146,C
3-PA,437,145,0,1,0,146,A
3-PA,438,0,0,0,147,147,C
3-PA,439,149,0,0,0,149,A
3-PA,440,0,147,0,0,147,T
3-PA,441,0,150,0,0,150,T
3-PA,442,0,150,0,0,150,T
3-PA,443,0,138,0,13,151,T
3-PA,444,0,0,0,149,149,C
3-PA,445,0,150,0,0,150,T
3-PA,446,0,0,0,150,150,C
3-PA,447,149,0,0,0,149,A
3-PA,448,0,149,0,0,149,T
3-PA,449,0,150,0,0,150,T
3-PA,450,0,0,0,151,151,C
3-PA,451,151,0,0,0,151,A
3-PA,452,0,0,0,150,150,C
3-PA,453,0,149,0,0,149,T
3-PA,454,0,0,153,0,153,G
3-PA,455,0,0,151,0,151,G
3-PA,456,2,0,150,0,152,G
3-PA,457,0,0,152,0,152,G
3-PA,458,154,0,0,0,154,A
3-PA,459,0,0,154,0,154,G
3-PA,460,1,0,150,0,151,G
3-PA,461,153,0,0,0,153,A
3-PA,462,153,0,0,0,153,A
3-PA,463,145,0,0,0,145,A
3-PA,464,0,145,0,0,145,T
3-PA,465,0,0,142,0,142,G
3-PA,466,0,0,139,0,139,G
3-PA,467,0,0,0,139,139,C
3-PA,468,1,0,0,141,142,C
3-PA,469,142,0,1,0,143,A
3-PA,470,0,0,0,141,141,C
3-PA,471,143,0,0,0,143,A
3-PA,472,143,0,0,0,143,A
3-PA,473,140,0,0,0,140,A
3-PA,474,0,0,136,0,136,G
3-PA,475,0,0,135,0,135,G
3-PA,476,0,0,0,136,136,C
3-PA,477,135,0,0,0,135,A
3-PA,478,0,0,139,0,139,G
3-PA,479,140,0,1,0,141,A
3-PA,480,0,0,0,145,145,C
3-PA,481,0,144,0,0,144,T
3-PA,482,144,0,0,0,144,A
3-PA,483,0,0,0,147,147,C
3-PA,484,144,0,0,0,144,A
3-PA,485,0,0,0,144,144,C
3-PA,486,0,138,0,0,138,T
3-PA,487,0,0,0,138,138,C
3-PA,488,0,131,0,0,131,T
3-PA,489,0,0,0,137,137,C
3-PA,490,0,0,136,0,136,G
3-PA,491,136,0,0,0,136,A
3-PA,492,0,0,0,137,137,C
3-PA,493,0,0,136,0,136,G
3-PA,494,135,0,0,0,135,A
3-PA,495,0,0,137,0,137,G
3-PA,496,0,0,139,0,139,G
3-PA,497,137,0,0,0,137,A
3-PA,498,139,0,0,0,139,A
3-PA,499,137,0,0,0,137,A
3-PA,500,0,0,139,0,139,G
3-PA,501,0,0,0,137,137,C
3-PA,502,138,0,1,0,139,A
3-PA,503,0,0,140,0,140,G
3-PA,504,0,0,142,0,142,G
3-PA,505,0,0,142,0,142,G
3-PA,506,0,0,0,141,141,C
3-PA,507,0,142,0,0,142,T
3-PA,508,145,0,0,0,145,A
3-PA,509,0,0,141,0,141,G
3-PA,510,0,0,149,0,149,G
3-PA,511,149,0,0,0,149,A
3-PA,512,0,150,0,0,150,T
3-PA,513,0,145,0,0,145,T
3-PA,514,144,0,0,0,144,A
3-PA,515,144,0,1,0,145,A
3-PA,516,0,0,146,0,146,G
3-PA,517,142,0,0,0,142,A
3-PA,518,0,0,0,147,147,C
3-PA,519,0,0,0,133,133,C
3-PA,520,130,0,0,0,130,A
3-PA,521,0,0,134,0,134,G
3-PA,522,1,0,132,0,133,G
3-PA,523,0,0,0,133,133,C
3-PA,524,0,134,0,0,134,T
3-PA,525,0,0,138,0,138,G
3-PA,526,0,139,0,0,139,T
3-PA,527,0,139,0,0,139,T
3-PA,528,0,140,0,0,140,T
3-PA,529,138,0,0,0,138,A
3-PA,530,0,0,0,141,141,C
3-PA,531,0,0,0,142,142,C
3-PA,532,139,0,0,0,139,A
3-PA,533,0,142,0,0,142,T
3-PA,534,133,0,0,0,133,A
3-PA,535,132,0,0,0,132,A
3-PA,536,0,0,137,0,137,G
3-PA,537,135,0,0,0,135,A
3-PA,538,0,0,0,135,135,C
3-PA,539,130,0,0,0,130,A
3-PA,540,132,0,0,0,132,A
3-PA,541,0,0,133,0,133,G
3-PA,542,133,0,0,0,133,A
3-PA,543,137,0,0,0,137,A
3-PA,544,132,0,0,0,132,A
3-PA,545,0,130,0,0,130,T
3-PA,546,0,0,135,0,135,G
3-PA,547,0,0,132,0,132,G
3-PA,548,0,0,0,135,135,C
3-PA,549,0,0,0,135,135,C
3-PA,550,133,0,0,0,133,A
3-PA,551,134,0,0,0,134,A
3-PA,552,0,133,0,0,133,T
3-PA,553,139,0,0,0,139,A
3-PA,554,0,0,135,0,135,G
3-PA,555,134,0,0,0,134,A
3-PA,556,0,0,137,0,137,G
3-PA,557,0,0,133,0,133,G
3-PA,558,0,0,0,138,138,C
3-PA,559,0,0,0,138,138,C
3-PA,560,0,135,0,1,136,T
3-PA,561,0,0,0,135,135,C
3-PA,562,0,136,0,0,136,T
3-PA,563,0,0,136,0,136,G
3-PA,564,0,0,137,0,137,G
3-PA,565,0,0,133,0,133,G
3-PA,566,136,0,0,0,136,A
3-PA,567,0,129,0,0,129,T
3-PA,568,0,124,0,0,124,T
3-PA,569,0,0,0,154,154,C
3-PA,570,0,0,0,153,153,C
3-PA,571,0,154,0,0,154,T
3-PA,572,0,154,0,0,154,T
3-PA,573,0,152,0,0,152,T
3-PA,574,0,0,0,153,153,C
3-PA,575,0,0,154,0,154,G
3-PA,576,0,152,0,0,152,T
3-PA,577,0,0,0,158,158,C
3-PA,578,161,0,0,0,161,A
3-PA,579,0,0,200,0,200,G
3-PA,580,1,200,0,0,201,T
3-PA,581,0,0,0,204,204,C
3-PA,582,0,0,0,203,203,C
3-PA,583,0,0,206,0,206,G
3-PA,584,203,0,1,0,204,A
3-PA,585,206,0,0,0,206,A
3-PA,586,208,0,0,0,208,A
3-PA,587,0,0,207,0,207,G
3-PA,588,200,0,0,0,200,A
3-PA,589,0,0,204,0,204,G
3-PA,590,0,0,203,0,203,G
3-PA,591,0,3,0,199,202,C
3-PA,592,0,0,208,0,208,G
3-PA,593,206,0,0,0,206,A
3-PA,594,205,0,0,0,205,A
3-PA,595,0,0,209,0,209,G
3-PA,596,210,0,0,0,210,A
3-PA,597,208,0,1,0,209,A
3-PA,598,209,0,0,0,209,A
3-PA,599,0,0,0,210,210,C
3-PA,600,209,0,0,0,209,A
3-PA,601,211,0,0,0,211,A
3-PA,602,0,211,0,0,211,T
3-PA,603,0,212,0,0,212,T
3-PA,604,0,0,210,0,210,G
3-PA,605,209,0,0,0,209,A
3-PA,606,209,0,0,0,209,A
3-PA,607,0,0,207,0,207,G
3-PA,608,209,0,0,0,209,A
3-PA,609,208,0,0,0,208,A
3-PA,610,210,0,0,0,210,A
3-PA,611,206,0,0,0,206,A
3-PA,612,209,0,0,0,209,A
3-PA,613,0,208,0,0,208,T
3-PA,614,0,208,0,0,208,T
3-PA,615,0,208,0,1,209,T
3-PA,616,0,0,208,0,208,G
3-PA,617,209,0,0,0,209,A
3-PA,618,209,0,0,0,209,A
3-PA,619,210,0,0,0,210,A
3-PA,620,0,210,0,0,210,T
3-PA,621,0,0,0,242,242,C
3-PA,622,241,0,0,0,241,A
3-PA,623,0,0,0,247,247,C
3-PA,624,246,0,1,0,247,A
3-PA,625,0,0,249,0,249,G
3-PA,626,0,0,260,0,260,G
3-PA,627,271,0,0,0,271,A
3-PA,628,273,0,0,0,273,A
3-PA,629,0,0,0,278,278,C
3-PA,630,0,267,0,0,267,T
3-PA,631,291,0,1,0,292,A
3-PA,632,0,296,0,0,296,T
3-PA,633,0,0,323,1,324,G
3-PA,634,0,0,0,325,325,C
3-PA,635,0,0,320,0,320,G
3-PA,636,0,316,0,0,316,T
3-PA,637,313,0,0,0,313,A
3-PA,638,0,0,317,0,317,G
3-PA,639,0,0,317,0,317,G
3-PA,640,0,0,0,320,320,C
3-PA,641,0,315,0,0,315,T
3-PA,642,0,311,0,0,311,T
3-PA,643,0,0,309,0,309,G
3-PA,644,0,0,0,303,303,C
3-PA,645,0,0,0,307,307,C
3-PA,646,0,0,314,0,314,G
3-PA,647,319,0,0,0,319,A
3-PA,648,0,0,0,321,321,C
3-PA,649,0,0,0,324,324,C
3-PA,650,328,0,0,0,328,A
3-PA,651,322,0,0,0,322,A
3-PA,652,325,0,0,0,325,A
3-PA,653,0,0,326,0,326,G
3-PA,654,0,318,0,0,318,T
3-PA,655,0,0,0,327,327,C
3-PA,656,0,323,0,0,323,T
3-PA,657,0,0,0,323,323,C
3-PA,658,0,0,0,326,326,C
3-PA,659,0,0,0,328,328,C
3-PA,660,325,0,0,0,325,A
3-PA,661,0,0,0,328,328,C
3-PA,662,0,0,0,327,327,C
3-PA,663,0,0,323,0,323,G
3-PA,664,330,0,0,0,330,A
3-PA,665,332,0,0,0,332,A
3-PA,666,0,0,0,335,335,C
3-PA,667,0,335,0,0,335,T
3-PA,668,0,346,0,0,346,T
3-PA,669,0,0,0,348,348,C
3-PA,670,0,344,0,2,346,T
3-PA,671,0,0,0,349,349,C
3-PA,672,0,0,0,350,350,C
3-PA,673,0,345,0,0,345,T
3-PA,674,0,0,348,0,348,G
3-PA,675,0,0,0,350,350,C
3-PA,676,0,0,0,348,348,C
3-PA,677,0,347,0,0,347,T
3-PA,678,0,340,0,0,340,T
3-PA,679,0,0,344,0,344,G
3-PA,680,342,0,0,0,342,A
3-PA,681,0,0,346,0,346,G
3-PA,682,350,0,0,0,350,A
3-PA,683,349,0,0,0,349,A
3-PA,684,0,355,0,0,355,T
3-PA,685,0,356,0,0,356,T
3-PA,686,0,360,0,0,360,T
3-PA,687,0,361,0,0,361,T
3-PA,688,359,0,0,0,359,A
3-PA,689,0,0,356,1,357,G
3-PA,690,352,0,1,0,353,A
3-PA,691,0,0,367,0,367,G
3-PA,692,0,0,0,369,369,C
3-PA,693,0,0,0,375,375,C
3-PA,694,0,385,0,0,385,T
3-PA,695,396,0,0,0,396,A
3-PA,696,0,395,0,0,395,T
3-PA,697,1,0,403,0,404,G
3-PA,698,0,401,0,0,401,T
3-PA,699,0,0,404,0,404,G
3-PA,700,0,0,403,0,403,G
3-PA,701,398,0,0,0,398,A
3-PA,702,0,399,0,0,399,T
3-PA,703,0,0,389,0,389,G
3-PA,704,0,0,402,0,402,G
3-PA,705,403,0,0,0,403,A
3-PA,706,0,402,0,0,402,T
3-PA,707,0,404,0,0,404,T
3-PA,708,0,0,0,405,405,C
3-PA,709,0,0,407,0,407,G
3-PA,710,405,0,0,0,405,A
3-PA,711,404,0,1,0,405,A
3-PA,712,0,0,0,406,406,C
3-PA,713,0,0,0,399,399,C
3-PA,714,0,0,403,0,403,G
3-PA,715,396,0,0,1,397,A
3-PA,716,398,0,1,0,399,A
3-PA,717,0,0,0,406,406,C
3-PA,718,0,0,401,0,401,G
3-PA,719,0,0,412,0,412,G
3-PA,720,0,0,0,417,417,C
3-PA,721,0,408,1,0,409,T
3-PA,722,0,0,425,0,425,G
3-PA,723,0,0,0,429,429,C
3-PA,724,437,0,0,0,437,A
3-PA,725,0,433,0,1,434,T
3-PA,726,0,432,0,0,432,T
3-PA,727,0,0,429,0,429,G
3-PA,728,422,0,0,0,422,A
3-PA,729,1,0,428,0,429,G
3-PA,730,0,0,429,0,429,G
3-PA,731,0,0,422,0,422,G
3-PA,732,0,0,0,423,423,C
3-PA,733,419,0,0,0,419,A
3-PA,734,416,0,2,0,418,A
3-PA,735,0,0,422,0,422,G
3-PA,736,0,0,0,423,423,C
3-PA,737,0,426,0,1,427,T
3-PA,738,0,427,0,0,427,T
3-PA,739,0,428,0,1,429,T
3-PA,740,0,0,0,434,434,C
3-PA,741,0,429,0,0,429,T
3-PA,742,0,0,0,434,434,C
3-PA,743,432,0,0,0,432,A
3-PA,744,431,0,0,0,431,A
3-PA,745,429,0,0,0,429,A
3-PA,746,0,429,0,0,429,T
3-PA,747,0,0,448,0,448,G
3-PA,748,0,446,0,0,446,T
3-PA,749,0,0,0,451,451,C
3-PA,750,1,0,0,456,457,C
3-PA,751,457,0,0,0,457,A
3-PA,752,456,0,0,0,456,A
3-PA,753,457,0,0,0,457,A
3-PA,754,0,0,464,0,464,G
3-PA,755,460,0,0,0,460,A
3-PA,756,451,0,1,0,452,A
3-PA,757,0,0,455,0,455,G
3-PA,758,0,452,0,0,452,T
3-PA,759,0,0,455,0,455,G
3-PA,760,454,0,0,0,454,A
3-PA,761,454,0,0,0,454,A
3-PA,762,0,451,0,0,451,T
3-PA,763,0,0,453,0,453,G
3-PA,764,0,0,0,458,458,C
3-PA,765,0,0,0,460,460,C
3-PA,766,1,0,0,458,459,C
3-PA,767,451,0,0,0,451,A
3-PA,768,459,0,0,0,459,A
3-PA,769,464,0,0,0,464,A
3-PA,770,0,462,0,0,462,T
3-PA,771,0,462,0,0,462,T
3-PA,772,0,0,464,0,464,G
3-PA,773,459,0,0,0,459,A
3-PA,774,464,0,0,0,464,A
3-PA,775,0,0,0,463,463,C
3-PA,776,0,0,0,461,461,C
3-PA,777,0,459,0,0,459,T
3-PA,778,0,468,0,0,468,T
3-PA,779,0,469,0,0,469,T
3-PA,780,0,479,0,0,479,T
3-PA,781,0,0,0,482,482,C
3-PA,782,0,479,0,0,479,T
3-PA,783,0,0,480,0,480,G
3-PA,784,482,0,0,0,482,A
3-PA,785,487,0,1,0,488,A
3-PA,786,0,0,492,0,492,G
3-PA,787,482,0,1,0,483,A
3-PA,788,0,0,0,487,487,C
3-PA,789,485,0,0,0,485,A
3-PA,790,488,0,0,0,488,A
3-PA,791,0,0,0,540,540,C
3-PA,792,538,0,1,0,539,A
3-PA,793,1,0,0,546,547,C
3-PA,794,1,0,0,536,537,C
3-PA,795,536,0,1,0,537,A
3-PA,796,536,0,1,0,537,A
3-PA,797,0,0,535,0,535,G
3-PA,798,534,0,1,0,535,A
3-PA,799,0,0,0,534,534,C
3-PA,800,0,0,0,493,493,C
3-PA,801,493,0,0,0,493,A
3-PA,802,493,0,0,0,493,A
3-PA,803,0,489,0,0,489,T
3-PA,804,0,0,0,492,492,C
3-PA,805,490,0,0,0,490,A
3-PA,806,488,0,0,0,488,A
3-PA,807,480,0,0,0,480,A
3-PA,808,0,0,0,489,489,C
3-PA,809,0,480,0,0,480,T
3-PA,810,0,486,0,0,486,T
3-PA,811,0,0,0,494,494,C
3-PA,812,0,0,0,496,496,C
3-PA,813,0,0,498,0,498,G
3-PA,814,494,0,0,0,494,A
3-PA,815,491,0,0,0,491,A
3-PA,816,0,499,0,0,499,T
3-PA,817,0,0,497,0,497,G
3-PA,818,0,0,491,0,491,G
3-PA,819,495,0,1,0,496,A
3-PA,820,0,0,0,497,497,C
3-PA,821,0,0,0,494,494,C
3-PA,822,0,512,0,0,512,T
3-PA,823,0,1,0,524,525,C
3-PA,824,0,0,0,541,541,C
3-PA,825,1,535,0,0,536,T
3-PA,826,0,544,0,0,544,T
3-PA,827,0,0,563,0,563,G
3-PA,828,0,558,0,0,558,T
3-PA,829,0,563,0,0,563,T
3-PA,830,556,0,1,0,557,A
3-PA,831,0,538,0,1,539,T
3-PA,832,0,0,0,535,535,C
3-PA,833,530,0,0,0,530,A
3-PA,834,0,0,521,0,521,G
3-PA,835,0,0,0,523,523,C
3-PA,836,0,0,498,0,498,G
3-PA,837,1,0,506,0,507,G
3-PA,838,0,508,0,0,508,T
3-PA,839,0,0,0,516,516,C
3-PA,840,0,0,0,515,515,C
3-PA,841,523,0,0,0,523,A
3-PA,842,524,0,1,0,525,A
3-PA,843,530,0,0,0,530,A
3-PA,844,0,522,0,0,522,T
3-PA,845,0,530,0,0,530,T
3-PA,846,0,0,0,512,512,C
3-PA,847,0,1,0,511,512,C
3-PA,848,0,508,0,0,508,T
3-PA,849,0,0,0,511,511,C
3-PA,850,0,0,0,519,519,C
3-PA,851,0,516,0,1,517,T
3-PA,852,0,0,525,0,525,G
3-PA,853,517,0,0,0,517,A
3-PA,854,0,524,0,0,524,T
3-PA,855,0,0,520,0,520,G
3-PA,856,0,0,518,0,518,G
3-PA,857,504,0,0,0,504,A
3-PA,858,0,510,0,0,510,T
3-PA,859,0,0,514,0,514,G
3-PA,860,0,0,0,549,549,C
3-PA,861,0,549,0,1,550,T
3-PA,862,0,554,0,2,556,T
3-PA,863,0,555,0,0,555,T
3-PA,864,554,0,0,0,554,A
3-PA,865,556,0,0,0,556,A
3-PA,866,558,0,0,0,558,A
3-PA,867,562,0,1,0,563,A
3-PA,868,0,561,0,1,562,T
3-PA,869,0,527,0,0,527,T
3-PA,870,0,0,527,0,527,G
3-PA,871,517,0,2,0,519,A
3-PA,872,0,0,527,0,527,G
3-PA,873,0,0,0,532,532,C
3-PA,874,529,0,0,0,529,A
3-PA,875,0,548,0,0,548,T
3-PA,876,0,544,0,0,544,T
3-PA,877,0,0,544,0,544,G
3-PA,878,550,0,0,0,550,A
3-PA,879,548,0,0,0,548,A
3-PA,880,0,0,544,0,544,G
3-PA,881,534,1,6,0,541,A
3-PA,882,0,0,0,539,539,C
3-PA,883,0,0,0,533,533,C
3-PA,884,0,0,0,530,530,C
3-PA,885,533,0,0,0,533,A
3-PA,886,532,0,0,0,532,A
3-PA,887,0,0,528,0,528,G
3-PA,888,0,530,1,0,531,T
3-PA,889,0,0,0,536,536,C
3-PA,890,536,0,0,0,536,A
3-PA,891,0,0,0,531,531,C
3-PA,892,0,0,535,0,535,G
3-PA,893,544,0,0,0,544,A
3-PA,894,542,0,0,0,542,A
3-PA,895,0,0,564,0,564,G
3-PA,896,0,0,551,0,551,G
3-PA,897,552,0,0,0,552,A
3-PA,898,0,0,558,0,558,G
3-PA,899,554,0,2,0,556,A
3-PA,900,555,0,1,0,556,A
3-PA,901,0,1,548,0,549,G
3-PA,902,0,0,548,0,548,G
3-PA,903,0,0,555,0,555,G
3-PA,904,524,0,1,0,525,A
3-PA,905,1,524,0,0,525,T
3-PA,906,0,0,0,526,526,C
3-PA,907,0,0,0,550,550,C
3-PA,908,0,0,0,562,562,C
3-PA,909,579,0,0,0,579,A
3-PA,910,0,574,0,1,575,T
3-PA,911,0,584,0,0,584,T
3-PA,912,611,0,0,0,611,A
3-PA,913,0,608,0,0,608,T
3-PA,914,612,0,0,0,612,A
3-PA,915,0,601,0,0,601,T
3-PA,916,1,0,551,0,552,G
3-PA,917,558,0,0,0,558,A
3-PA,918,0,550,0,0,550,T
3-PA,919,0,0,557,0,557,G
3-PA,920,0,0,0,542,542,C
3-PA,921,0,0,540,0,540,G
3-PA,922,544,0,1,0,545,A
3-PA,923,0,544,0,0,544,T
3-PA,924,0,0,0,545,545,C
3-PA,925,550,0,0,0,550,A
3-PA,926,543,0,0,0,543,A
3-PA,927,0,0,546,0,546,G
3-PA,928,0,534,0,0,534,T
3-PA,929,0,0,547,0,547,G
3-PA,930,0,0,0,550,550,C
3-PA,931,546,0,0,0,546,A
3-PA,932,0,551,0,0,551,T
3-PA,933,543,0,1,0,544,A
3-PA,934,547,0,0,0,547,A
3-PA,935,548,0,0,0,548,A
3-PA,936,551,0,0,0,551,A
3-PA,937,543,0,1,0,544,A
3-PA,938,0,0,0,549,549,C
3-PA,939,546,0,0,0,546,A
3-PA,940,0,546,0,0,546,T
3-PA,941,0,547,0,0,547,T
3-PA,942,0,0,0,553,553,C
3-PA,943,0,552,0,0,552,T
3-PA,944,0,546,0,0,546,T
3-PA,945,0,550,0,0,550,T
3-PA,946,0,0,548,0,548,G
3-PA,947,0,0,548,0,548,G
3-PA,948,547,1,0,0,548,A
3-PA,949,0,547,0,0,547,T
3-PA,950,0,1,553,0,554,G
3-PA,951,0,0,564,0,564,G
3-PA,952,569,0,0,0,569,A
3-PA,953,572,0,0,0,572,A
3-PA,954,572,0,2,0,574,A
3-PA,955,0,0,568,0,568,G
3-PA,956,562,0,0,0,562,A
3-PA,957,619,0,0,0,619,A
3-PA,958,0,0,0,631,631,C
3-PA,959,0,0,0,633,633,C
3-PA,960,0,624,0,1,625,T
3-PA,961,0,641,0,0,641,T
3-PA,962,649,0,1,1,651,A
3-PA,963,0,649,0,0,649,T
3-PA,964,641,0,0,0,641,A
3-PA,965,0,650,0,0,650,T
3-PA,966,608,0,0,0,608,A
3-PA,967,0,0,614,0,614,G
3-PA,968,0,600,0,1,601,T
3-PA,969,0,0,0,604,604,C
3-PA,970,604,0,0,0,604,A
3-PA,971,605,0,0,0,605,A
3-PA,972,602,0,1,0,603,A
3-PA,973,0,0,0,603,603,C
3-PA,974,0,0,0,603,603,C
3-PA,975,592,0,0,0,592,A
3-PA,976,0,0,0,597,597,C
3-PA,977,594,0,0,0,594,A
3-PA,978,0,0,0,602,602,C
3-PA,979,0,0,600,0,600,G
3-PA,980,584,0,0,0,584,A
3-PA,981,592,0,0,0,592,A
3-PA,982,600,0,0,0,600,A
3-PA,983,590,0,0,0,590,A
3-PA,984,0,0,602,0,602,G
3-PA,985,0,0,594,0,594,G
3-PA,986,0,1,589,0,590,G
3-PA,987,0,0,588,0,588,G
3-PA,988,598,0,0,0,598,A
3-PA,989,0,600,0,0,600,T
3-PA,990,603,0,0,0,603,A
3-PA,991,604,0,0,0,604,A
3-PA,992,606,0,0,0,606,A
3-PA,993,0,607,0,0,607,T
3-PA,994,0,603,0,0,603,T
3-PA,995,0,0,0,602,602,C
3-PA,996,606,0,0,0,606,A
3-PA,997,601,0,0,0,601,A
3-PA,998,604,0,0,0,604,A
3-PA,999,1,606,0,0,607,T
3-PA,1000,0,606,0,0,606,T
3-PA,1001,611,0,0,0,611,A
3-PA,1002,0,0,0,606,606,C
3-PA,1003,0,0,0,608,608,C
3-PA,1004,1,604,0,1,606,T
3-PA,1005,0,0,609,0,609,G
3-PA,1006,0,0,0,610,610,C
3-PA,1007,0,618,0,0,618,T
3-PA,1008,1,0,623,0,624,G
3-PA,1009,0,621,0,0,621,T
3-PA,1010,0,0,0,624,624,C
3-PA,1011,622,0,0,0,622,A
3-PA,1012,0,627,0,0,627,T
3-PA,1013,0,0,621,0,621,G
3-PA,1014,0,0,609,0,609,G
3-PA,1015,625,0,0,0,625,A
3-PA,1016,639,0,0,0,639,A
3-PA,1017,0,0,633,0,633,G
3-PA,1018,0,0,0,638,638,C
3-PA,1019,635,0,0,0,635,A
3-PA,1020,638,0,0,0,638,A
3-PA,1021,0,0,642,0,642,G
3-PA,1022,0,635,0,1,636,T
3-PA,1023,642,0,0,0,642,A
3-PA,1024,0,0,1,644,645,C
3-PA,1025,0,630,0,0,630,T
3-PA,1026,0,0,644,0,644,G
3-PA,1027,0,638,0,1,639,T
3-PA,1028,0,0,0,641,641,C
3-PA,1029,636,0,0,0,636,A
3-PA,1030,1,0,650,0,651,G
3-PA,1031,645,1,1,0,647,A
3-PA,1032,646,0,0,0,646,A
3-PA,1033,0,660,0,0,660,T
3-PA,1034,0,657,0,1,658,T
3-PA,1035,0,0,655,0,655,G
3-PA,1036,0,1,0,655,656,C
3-PA,1037,659,0,0,0,659,A
3-PA,1038,0,0,663,0,663,G
3-PA,1039,0,0,653,0,653,G
3-PA,1040,665,0,2,0,667,A
3-PA,1041,0,1,0,666,667,C
3-PA,1042,658,0,0,0,658,A
3-PA,1043,0,662,0,0,662,T
3-PA,1044,0,668,0,0,668,T
3-PA,1045,0,0,667,0,667,G
3-PA,1046,670,0,0,0,670,A
3-PA,1047,670,0,1,0,671,A
3-PA,1048,668,0,0,0,668,A
3-PA,1049,652,0,0,0,652,A
3-PA,1050,0,658,0,0,658,T
3-PA,1051,0,0,665,0,665,G
3-PA,1052,663,0,0,0,663,A
3-PA,1053,0,0,669,0,669,G
3-PA,1054,0,0,666,0,666,G
3-PA,1055,647,0,1,0,648,A
3-PA,1056,0,0,664,0,664,G
3-PA,1057,662,0,0,0,662,A
3-PA,1058,657,0,1,0,658,A
3-PA,1059,0,0,660,0,660,G
3-PA,1060,0,0,652,0,652,G
3-PA,1061,0,658,0,0,658,T
3-PA,1062,0,675,0,0,675,T
3-PA,1063,0,0,0,667,667,C
3-PA,1064,0,0,0,670,670,C
3-PA,1065,677,0,0,0,677,A
3-PA,1066,667,0,1,1,669,A
3-PA,1067,0,1,669,0,670,G
3-PA,1068,0,0,671,0,671,G
3-PA,1069,659,0,1,0,660,A
3-PA,1070,0,0,0,672,672,C
3-PA,1071,0,675,0,0,675,T
3-PA,1072,675,0,0,0,675,A
3-PA,1073,676,0,0,0,676,A
3-PA,1074,676,0,0,0,676,A
3-PA,1075,672,0,0,0,672,A
3-PA,1076,667,0,0,0,667,A
3-PA,1077,0,0,0,666,666,C
3-PA,1078,669,0,0,0,669,A
3-PA,1079,0,660,0,0,660,T
3-PA,1080,0,0,679,0,679,G
3-PA,1081,676,0,0,0,676,A
3-PA,1082,674,0,1,0,675,A
3-PA,1083,0,0,679,0,679,G
3-PA,1084,680,0,0,0,680,A
3-PA,1085,679,0,0,0,679,A
3-PA,1086,678,0,0,0,678,A
3-PA,1087,672,0,0,1,673,A
3-PA,1088,0,1,0,677,678,C
3-PA,1089,0,0,672,0,672,G
3-PA,1090,671,0,0,0,671,A
3-PA,1091,0,0,661,0,661,G
3-PA,1092,0,665,0,0,665,T
3-PA,1093,0,1,0,685,686,C
3-PA,1094,690,0,0,0,690,A
3-PA,1095,702,0,1,0,703,A
3-PA,1096,0,0,0,700,700,C
3-PA,1097,0,699,0,0,699,T
3-PA,1098,0,0,715,0,715,G
3-PA,1099,719,0,0,0,719,A
3-PA,1100,714,0,0,0,714,A
3-PA,1101,0,0,719,0,719,G
3-PA,1102,0,697,0,1,698,T
3-PA,1103,0,0,703,0,703,G
3-PA,1104,0,0,694,0,694,G
3-PA,1105,0,0,699,0,699,G
3-PA,1106,0,0,0,703,703,C
3-PA,1107,0,691,0,1,692,T
3-PA,1108,0,0,0,699,699,C
3-PA,1109,0,703,0,1,704,T
3-PA,1110,0,705,0,0,705,T
3-PA,1111,0,0,711,0,711,G
3-PA,1112,0,0,716,0,716,G
3-PA,1113,0,707,0,0,707,T
3-PA,1114,0,0,712,0,712,G
3-PA,1115,702,0,0,0,702,A
3-PA,1116,716,0,0,0,716,A
3-PA,1117,710,0,0,0,710,A
3-PA,1118,715,0,0,0,715,A
3-PA,1119,0,0,0,718,718,C
3-PA,1120,708,0,0,0,708,A
3-PA,1121,0,704,0,0,704,T
3-PA,1122,0,0,703,0,703,G
3-PA,1123,0,0,708,0,708,G
3-PA,1124,0,0,0,708,708,C
3-PA,1125,709,0,0,0,709,A
3-PA,1126,0,0,0,702,702,C
3-PA,1127,0,0,0,712,712,C
3-PA,1128,721,0,1,0,722,A
3-PA,1129,0,0,737,0,737,G
3-PA,1130,724,0,0,0,724,A
3-PA,1131,0,0,728,0,728,G
3-PA,1132,725,0,1,0,726,A
3-PA,1133,725,0,1,0,726,A
3-PA,1134,0,0,727,0,727,G
3-PA,1135,0,0,721,0,721,G
3-PA,1136,0,701,0,0,701,T
3-PA,1137,715,0,0,0,715,A
3-PA,1138,0,0,723,0,723,G
3-PA,1139,721,0,0,0,721,A
3-PA,1140,0,1,0,722,723,C
3-PA,1141,1,706,0,1,708,T
3-PA,1142,0,714,0,0,714,T
3-PA,1143,0,723,0,0,723,T
3-PA,1144,0,0,722,0,722,G
3-PA,1145,720,0,0,0,720,A
3-PA,1146,721,0,0,0,721,A
3-PA,1147,720,0,0,0,720,A
3-PA,1148,715,1,0,0,716,A
3-PA,1149,0,0,0,740,740,C
3-PA,1150,0,737,0,1,738,T
3-PA,1151,0,0,739,0,739,G
3-PA,1152,0,0,0,735,735,C
3-PA,1153,745,0,0,0,745,A
3-PA,1154,0,0,743,0,743,G
3-PA,1155,730,0,1,0,731,A
3-PA,1156,0,0,769,0,769,G
3-PA,1157,766,0,0,0,766,A
3-PA,1158,0,0,1,747,748,C
3-PA,1159,757,0,0,0,757,A
3-PA,1160,0,758,0,0,758,T
3-PA,1161,758,0,0,0,758,A
3-PA,1162,756,0,0,0,756,A
3-PA,1163,1,0,752,0,753,G
3-PA,1164,0,0,0,749,749,C
3-PA,1165,0,0,745,0,745,G
3-PA,1166,761,0,0,0,761,A
3-PA,1167,0,754,0,0,754,T
3-PA,1168,0,757,0,0,757,T
3-PA,1169,0,757,0,0,757,T
3-PA,1170,0,0,760,0,760,G
3-PA,1171,763,0,0,0,763,A
3-PA,1172,767,0,1,0,768,A
3-PA,1173,0,0,765,0,765,G
3-PA,1174,0,0,0,772,772,C
3-PA,1175,769,0,0,0,769,A
3-PA,1176,816,0,0,0,816,A
3-PA,1177,0,819,0,0,819,T
3-PA,1178,823,0,0,0,823,A
3-PA,1179,0,828,0,0,828,T
3-PA,1180,0,0,833,0,833,G
3-PA,1181,839,0,1,0,840,A
3-PA,1182,0,841,0,0,841,T
3-PA,1183,802,0,0,0,802,A
3-PA,1184,0,0,800,0,800,G
3-PA,1185,0,772,0,0,772,T
3-PA,1186,0,0,769,0,769,G
3-PA,1187,759,0,1,0,760,A
3-PA,1188,0,0,0,755,755,C
3-PA,1189,1,0,745,0,746,G
3-PA,1190,755,0,0,0,755,A
3-PA,1191,758,0,0,0,758,A
3-PA,1192,0,0,0,760,760,C
3-PA,1193,0,0,0,758,758,C
3-PA,1194,0,761,0,1,762,T
3-PA,1195,0,0,778,0,778,G
3-PA,1196,781,0,0,0,781,A
3-PA,1197,783,0,0,0,783,A
3-PA,1198,0,785,0,0,785,T
3-PA,1199,0,783,0,0,783,T
3-PA,1200,779,0,1,0,780,A
3-PA,1201,776,0,0,0,776,A
3-PA,1202,0,0,771,0,771,G
3-PA,1203,0,0,767,0,767,G
3-PA,1204,0,746,0,2,748,T
3-PA,1205,0,0,0,759,759,C
3-PA,1206,758,0,1,0,759,A
3-PA,1207,0,0,0,783,783,C
3-PA,1208,0,779,0,0,779,T
3-PA,1209,1,780,0,0,781,T
3-PA,1210,0,783,0,0,783,T
3-PA,1211,0,0,0,777,777,C
3-PA,1212,781,0,0,0,781,A
3-PA,1213,784,0,0,0,784,A
3-PA,1214,0,0,782,0,782,G
3-PA,1215,0,0,0,784,784,C
3-PA,1216,0,778,0,0,778,T
3-PA,1217,1,0,795,0,796,G
3-PA,1218,0,0,797,0,797,G
3-PA,1219,802,0,0,0,802,A
3-PA,1220,0,815,0,0,815,T
3-PA,1221,819,0,0,0,819,A
3-PA,1222,0,1,0,816,817,C
3-PA,1223,801,0,1,0,802,A
3-PA,1224,0,0,810,0,810,G
3-PA,1225,809,0,0,0,809,A
3-PA,1226,781,0,0,0,781,A
3-PA,1227,0,777,0,0,777,T
3-PA,1228,0,0,790,0,790,G
3-PA,1229,779,0,0,0,779,A
3-PA,1230,1,0,785,0,786,G
3-PA,1231,0,778,0,3,781,T
3-PA,1232,0,777,0,0,777,T
3-PA,1233,0,0,0,794,794,C
3-PA,1234,802,1,0,0,803,A
3-PA,1235,802,0,0,0,802,A
3-PA,1236,0,0,0,794,794,C
3-PA,1237,793,0,0,0,793,A
3-PA,1238,797,0,0,0,797,A
3-PA,1239,0,0,788,0,788,G
3-PA,1240,0,0,781,0,781,G
3-PA,1241,0,0,0,785,785,C
3-PA,1242,0,0,0,783,783,C
3-PA,1243,0,788,0,2,790,T
3-PA,1244,0,0,793,0,793,G
3-PA,1245,0,784,0,1,785,T
3-PA,1246,0,0,805,0,805,G
3-PA,1247,799,0,1,1,801,A
3-PA,1248,0,0,795,0,795,G
3-PA,1249,0,0,0,794,794,C
3-PA,1250,0,796,0,0,796,T
3-PA,1251,809,0,1,0,810,A
3-PA,1252,814,0,0,0,814,A
3-PA,1253,0,0,0,819,819,C
3-PA,1254,0,813,0,0,813,T
3-PA,1255,0,0,807,0,807,G
3-PA,1256,806,0,1,0,807,A
3-PA,1257,0,797,0,0,797,T
3-PA,1258,0,810,0,1,811,T
3-PA,1259,0,0,0,817,817,C
3-PA,1260,836,0,0,0,836,A
3-PA,1261,0,1,843,0,844,G
3-PA,1262,0,841,0,0,841,T
3-PA,1263,0,0,0,838,838,C
3-PA,1264,0,843,0,0,843,T
3-PA,1265,0,0,870,0,870,G
3-PA,1266,0,0,873,0,873,G
3-PA,1267,881,0,0,0,881,A
3-PA,1268,0,880,0,1,881,T
3-PA,1269,832,0,0,0,832,A
3-PA,1270,0,0,830,0,830,G
3-PA,1271,825,0,2,0,827,A
3-PA,1272,0,0,828,0,828,G
3-PA,1273,0,0,0,825,825,C
3-PA,1274,0,805,0,0,805,T
3-PA,1275,0,807,0,0,807,T
3-PA,1276,0,0,813,0,813,G
3-PA,1277,807,0,0,0,807,A
3-PA,1278,0,811,0,0,811,T
3-PA,1279,0,0,809,0,809,G
3-PA,1280,817,0,0,0,817,A
3-PA,1281,818,0,0,0,818,A
3-PA,1282,816,0,0,0,816,A
3-PA,1283,0,810,0,0,810,T
3-PA,1284,0,818,0,0,818,T
3-PA,1285,0,0,818,0,818,G
3-PA,1286,0,0,817,0,817,G
3-PA,1287,820,0,0,0,820,A
3-PA,1288,0,0,818,0,818,G
3-PA,1289,806,0,0,0,806,A
3-PA,1290,0,0,809,0,809,G
3-PA,1291,0,0,816,0,816,G
3-PA,1292,831,0,1,0,832,A
3-PA,1293,0,0,0,832,832,C
3-PA,1294,0,0,826,0,826,G
3-PA,1295,0,828,0,0,828,T
3-PA,1296,829,0,1,0,830,A
3-PA,1297,0,0,827,0,827,G
3-PA,1298,1,0,0,835,836,C
3-PA,1299,0,0,0,813,813,C
3-PA,1300,0,0,0,819,819,C
3-PA,1301,0,1,0,818,819,C
3-PA,1302,830,0,0,0,830,A
3-PA,1303,849,0,0,0,849,A
3-PA,1304,0,840,0,0,840,T
3-PA,1305,0,838,0,0,838,T
3-PA,1306,0,0,836,0,836,G
3-PA,1307,824,0,0,0,824,A
3-PA,1308,0,0,823,0,823,G
3-PA,1309,0,1,0,810,811,C
3-PA,1310,815,0,0,0,815,A
3-PA,1311,0,0,0,839,839,C
3-PA,1312,816,0,0,1,817,A
3-PA,1313,0,826,0,1,827,T
3-PA,1314,0,830,0,0,830,T
3-PA,1315,0,0,835,0,835,G
3-PA,1316,0,0,0,831,831,C
3-PA,1317,829,0,2,0,831,A
3-PA,1318,824,0,1,0,825,A
3-PA,1319,0,0,832,0,832,G
3-PA,1320,0,0,0,816,816,C
3-PA,1321,817,0,0,0,817,A
3-PA,1322,0,781,0,0,781,T
3-PA,1323,0,0,784,0,784,G
3-PA,1324,775,0,0,1,776,A
3-PA,1325,1,0,781,0,782,G
3-PA,1326,783,0,1,0,784,A
3-PA,1327,786,0,0,0,786,A
3-PA,1328,0,0,781,0,781,G
3-PA,1329,0,0,772,0,772,G
3-PA,1330,769,0,0,0,769,A
3-PA,1331,775,0,0,0,775,A
3-PA,1332,0,768,0,0,768,T
3-PA,1333,0,778,0,0,778,T
3-PA,1334,780,0,0,0,780,A
3-PA,1335,0,786,0,0,786,T
3-PA,1336,0,781,0,0,781,T
3-PA,1337,0,784,0,1,785,T
3-PA,1338,0,0,0,777,777,C
3-PA,1339,778,0,1,0,779,A
3-PA,1340,0,0,0,800,800,C
3-PA,1341,799,0,0,0,799,A
3-PA,1342,0,1,802,0,803,G
3-PA,1343,0,1,0,803,804,C
3-PA,1344,802,0,0,0,802,A
3-PA,1345,1,0,804,0,805,G
3-PA,1346,799,0,1,0,800,A
3-PA,1347,0,0,797,0,797,G
3-PA,1348,0,0,801,0,801,G
3-PA,1349,0,764,0,1,765,T
3-PA,1350,0,0,785,0,785,G
3-PA,1351,0,783,0,0,783,T
3-PA,1352,0,0,0,777,777,C
3-PA,1353,0,0,0,795,795,C
3-PA,1354,0,0,0,793,793,C
3-PA,1355,808,0,0,0,808,A
3-PA,1356,0,822,0,2,824,T
3-PA,1357,0,812,0,0,812,T
3-PA,1358,0,0,812,0,812,G
3-PA,1359,1,805,0,0,806,T
3-PA,1360,792,0,0,0,792,A
3-PA,1361,0,0,788,0,788,G
3-PA,1362,760,0,0,0,760,A
3-PA,1363,0,0,765,0,765,G
3-PA,1364,0,0,0,764,764,C
3-PA,1365,1,0,0,746,747,C
3-PA,1366,757,0,0,0,757,A
3-PA,1367,0,0,0,760,760,C
3-PA,1368,1,753,0,0,754,T
3-PA,1369,0,0,752,0,752,G
3-PA,1370,743,0,1,1,745,A
3-PA,1371,741,0,0,0,741,A
3-PA,1372,0,754,0,0,754,T
3-PA,1373,766,0,0,0,766,A
3-PA,1374,0,0,0,777,777,C
3-PA,1375,758,0,0,0,758,A
3-PA,1376,0,760,0,1,761,T
3-PA,1377,756,0,0,0,756,A
3-PA,1378,756,0,0,0,756,A
3-PA,1379,0,757,0,0,757,T
3-PA,1380,0,0,747,0,747,G
3-PA,1381,742,0,0,0,742,A
3-PA,1382,719,1,0,0,720,A
3-PA,1383,0,1,721,0,722,G
3-PA,1384,0,0,725,0,725,G
3-PA,1385,0,0,725,0,725,G
3-PA,1386,0,0,727,0,727,G
3-PA,1387,0,0,737,0,737,G
3-PA,1388,0,718,0,2,720,T
3-PA,1389,724,1,1,0,726,A
3-PA,1390,0,728,0,0,728,T
3-PA,1391,736,0,0,0,736,A
3-PA,1392,0,0,0,784,784,C
3-PA,1393,768,0,1,0,769,A
3-PA,1394,0,759,0,0,759,T
3-PA,1395,0,747,0,0,747,T
3-PA,1396,739,0,1,0,740,A
3-PA,1397,744,0,0,0,744,A
3-PA,1398,0,0,0,749,749,C
3-PA,1399,727,0,0,0,727,A
3-PA,1400,0,1,0,728,729,C
3-PA,1401,0,643,0,0,643,T
3-PA,1402,0,0,665,0,665,G
3-PA,1403,0,0,0,660,660,C
3-PA,1404,0,0,0,662,662,C
3-PA,1405,0,0,0,667,667,C
3-PA,1406,0,646,0,1,647,T
3-PA,1407,0,0,667,0,667,G
3-PA,1408,0,0,0,665,665,C
3-PA,1409,0,663,0,1,664,T
3-PA,1410,0,1,0,684,685,C
3-PA,1411,665,0,0,0,665,A
3-PA,1412,667,0,0,0,667,A
3-PA,1413,0,664,0,0,664,T
3-PA,1414,0,0,663,0,663,G
3-PA,1415,0,0,0,656,656,C
3-PA,1416,649,0,0,0,649,A
3-PA,1417,0,649,0,0,649,T
3-PA,1418,0,0,0,645,645,C
3-PA,1419,0,0,0,651,651,C
3-PA,1420,0,627,0,0,627,T
3-PA,1421,0,0,642,0,642,G
3-PA,1422,0,639,0,0,639,T
3-PA,1423,0,0,631,0,631,G
3-PA,1424,0,0,0,638,638,C
3-PA,1425,622,0,1,0,623,A
3-PA,1426,0,0,632,0,632,G
3-PA,1427,0,0,0,622,622,C
3-PA,1428,625,0,0,0,625,A
3-PA,1429,622,0,0,0,622,A
3-PA,1430,0,594,0,0,594,T
3-PA,1431,0,0,592,0,592,G
3-PA,1432,0,0,596,0,596,G
3-PA,1433,594,0,1,0,595,A
3-PA,1434,0,0,0,592,592,C
3-PA,1435,0,0,585,0,585,G
3-PA,1436,590,0,0,0,590,A
3-PA,1437,0,592,0,0,592,T
3-PA,1438,0,587,0,1,588,T
3-PA,1439,0,591,0,0,591,T
3-PA,1440,0,587,0,0,587,T
3-PA,1441,0,0,0,590,590,C
3-PA,1442,593,0,0,0,593,A
3-PA,1443,594,0,0,0,594,A
3-PA,1444,0,0,0,594,594,C
3-PA,1445,0,585,0,0,585,T
3-PA,1446,588,0,0,0,588,A
3-PA,1447,582,0,0,0,582,A
3-PA,1448,0,579,0,0,579,T
3-PA,1449,0,574,0,0,574,T
3-PA,1450,0,0,0,582,582,C
3-PA,1451,0,0,0,580,580,C
3-PA,1452,0,0,0,585,585,C
3-PA,1453,582,0,1,0,583,A
3-PA,1454,0,589,0,0,589,T
3-PA,1455,0,0,592,0,592,G
3-PA,1456,589,0,0,0,589,A
3-PA,1457,0,584,0,0,584,T
3-PA,1458,581,0,0,0,581,A
3-PA,1459,581,0,0,0,581,A
3-PA,1460,0,0,578,0,578,G
3-PA,1461,0,0,0,579,579,C
3-PA,1462,574,0,0,0,574,A
3-PA,1463,541,0,0,0,541,A
3-PA,1464,0,0,547,0,547,G
3-PA,1465,0,537,0,0,537,T
3-PA,1466,0,1,536,0,537,G
3-PA,1467,0,0,0,542,542,C
3-PA,1468,531,0,0,0,531,A
3-PA,1469,0,0,534,1,535,G
3-PA,1470,534,0,0,0,534,A
3-PA,1471,537,0,0,0,537,A
3-PA,1472,0,0,0,546,546,C
3-PA,1473,0,528,0,0,528,T
3-PA,1474,535,0,0,0,535,A
3-PA,1475,531,0,0,0,531,A
3-PA,1476,532,0,0,0,532,A
3-PA,1477,0,0,533,0,533,G
3-PA,1478,506,0,1,0,507,A
3-PA,1479,0,0,503,0,503,G
3-PA,1480,0,0,490,0,490,G
3-PA,1481,0,0,489,0,489,G
3-PA,1482,487,0,0,0,487,A
3-PA,1483,476,0,1,0,477,A
3-PA,1484,0,0,468,0,468,G
3-PA,1485,0,0,472,0,472,G
3-PA,1486,0,0,0,472,472,C
3-PA,1487,0,0,469,0,469,G
3-PA,1488,468,0,0,0,468,A
3-PA,1489,471,0,0,0,471,A
3-PA,1490,468,0,0,0,468,A
3-PA,1491,471,0,0,0,471,A
3-PA,1492,467,0,0,0,467,A
3-PA,1493,0,1,0,469,470,C
3-PA,1494,0,0,0,471,471,C
3-PA,1495,472,0,0,0,472,A
3-PA,1496,471,0,0,0,471,A
3-PA,1497,0,473,1,0,474,T
3-PA,1498,0,468,0,0,468,T
3-PA,1499,0,471,0,0,471,T
3-PA,1500,474,0,0,0,474,A
3-PA,1501,0,473,0,0,473,T
3-PA,1502,471,0,0,0,471,A
3-PA,1503,0,469,0,0,469,T
3-PA,1504,0,0,468,0,468,G
3-PA,1505,0,0,458,0,458,G
3-PA,1506,460,0,0,0,460,A
3-PA,1507,0,455,0,0,455,T
3-PA,1508,0,455,0,0,455,T
3-PA,1509,0,0,0,449,449,C
3-PA,1510,456,0,0,0,456,A
3-PA,1511,0,451,0,2,453,T
3-PA,1512,0,0,0,453,453,C
3-PA,1513,458,0,0,0,458,A
3-PA,1514,0,448,0,1,449,T
3-PA,1515,444,0,0,0,444,A
3-PA,1516,442,0,0,0,442,A
3-PA,1517,444,0,0,0,444,A
3-PA,1518,0,1,435,0,436,G
3-PA,1519,0,0,418,0,418,G
3-PA,1520,0,0,420,0,420,G
3-PA,1521,418,0,0,0,418,A
3-PA,1522,407,0,0,0,407,A
3-PA,1523,0,0,405,0,405,G
3-PA,1524,399,0,0,0,399,A
3-PA,1525,0,398,0,0,398,T
3-PA,1526,0,0,0,396,396,C
3-PA,1527,0,394,1,0,395,T
3-PA,1528,0,0,0,399,399,C
3-PA,1529,400,0,0,0,400,A
3-PA,1530,0,400,0,0,400,T
3-PA,1531,0,398,0,0,398,T
3-PA,1532,0,392,0,0,392,T
3-PA,1533,390,0,0,0,390,A
3-PA,1534,391,0,0,0,391,A
3-PA,1535,0,0,389,1,390,G
3-PA,1536,370,0,2,0,372,A
3-PA,1537,373,0,0,0,373,A
3-PA,1538,372,0,0,0,372,A
3-PA,1539,0,373,0,0,373,T
3-PA,1540,0,0,373,0,373,G
3-PA,1541,380,0,0,0,380,A
3-PA,1542,0,1,0,379,380,C
3-PA,1543,378,0,0,0,378,A
3-PA,1544,0,0,0,381,381,C
3-PA,1545,373,0,0,0,373,A
3-PA,1546,0,0,371,0,371,G
3-PA,1547,369,0,1,0,370,A
3-PA,1548,0,0,0,357,357,C
3-PA,1549,0,0,355,0,355,G
3-PA,1550,0,334,0,0,334,T
3-PA,1551,0,0,336,0,336,G
3-PA,1552,0,0,335,0,335,G
3-PA,1553,0,336,0,0,336,T
3-PA,1554,334,0,0,0,334,A
3-PA,1555,323,0,0,0,323,A
3-PA,1556,322,0,0,0,322,A
3-PA,1557,0,319,0,0,319,T
3-PA,1558,0,314,0,0,314,T
3-PA,1559,0,316,0,0,316,T
3-PA,1560,0,312,0,0,312,T
3-PA,1561,0,0,309,0,309,G
3-PA,1562,0,308,0,0,308,T
3-PA,1563,0,0,310,0,310,G
3-PA,1564,306,0,0,0,306,A
3-PA,1565,0,0,307,0,307,G
3-PA,1566,0,0,0,303,303,C
3-PA,1567,303,0,0,0,303,A
3-PA,1568,0,300,0,0,300,T
3-PA,1569,0,0,304,0,304,G
3-PA,1570,0,0,307,0,307,G
3-PA,1571,305,0,0,0,305,A
3-PA,1572,0,0,303,0,303,G
3-PA,1573,0,302,0,0,302,T
3-PA,1574,0,296,0,0,296,T
3-PA,1575,0,298,0,0,298,T
3-PA,1576,0,300,0,0,300,T
3-PA,1577,0,0,0,300,300,C
3-PA,1578,0,301,0,1,302,T
3-PA,1579,0,0,0,299,299,C
3-PA,1580,0,293,0,0,293,T
3-PA,1581,0,0,0,292,292,C
3-PA,1582,293,0,0,0,293,A
3-PA,1583,0,0,0,295,295,C
3-PA,1584,0,280,0,0,280,T
3-PA,1585,1,0,274,0,275,G
3-PA,1586,270,0,0,0,270,A
3-PA,1587,0,0,0,275,275,C
3-PA,1588,0,0,0,274,274,C
3-PA,1589,0,0,0,271,271,C
3-PA,1590,0,0,275,0,275,G
3-PA,1591,269,0,1,0,270,A
3-PA,1592,0,0,276,0,276,G
3-PA,1593,273,0,0,0,273,A
3-PA,1594,0,0,0,263,263,C
3-PA,1595,0,252,0,0,252,T
3-PA,1596,0,243,0,0,243,T
3-PA,1597,0,0,236,0,236,G
3-PA,1598,237,0,0,0,237,A
3-PA,1599,0,0,235,0,235,G
3-PA,1600,0,0,0,235,235,C
3-PA,1601,0,0,0,221,221,C
3-PA,1602,218,0,0,0,218,A
3-PA,1603,0,0,0,220,220,C
3-PA,1604,220,0,0,0,220,A
3-PA,1605,0,221,0,0,221,T
3-PA,1606,219,0,0,0,219,A
3-PA,1607,213,0,0,0,213,A
3-PA,1608,210,0,0,0,210,A
3-PA,1609,0,206,0,0,206,T
3-PA,1610,0,0,206,0,206,G
3-PA,1611,0,0,177,0,177,G
3-PA,1612,0,0,172,0,172,G
3-PA,1613,167,0,0,0,167,A
3-PA,1614,0,0,165,0,165,G
3-PA,1615,165,0,0,0,165,A
3-PA,1616,156,0,0,0,156,A
3-PA,1617,157,0,0,0,157,A
3-PA,1618,0,152,0,0,152,T
3-PA,1619,149,0,0,0,149,A
3-PA,1620,1,0,0,149,150,C
3-PA,1621,0,85,0,0,85,T
3-PA,1622,0,0,85,0,85,G
3-PA,1623,0,51,0,0,51,T
3-PA,1624,0,0,51,0,51,G
3-PA,1625,0,44,0,0,44,T
3-PA,1626,0,0,0,20,20,C
3-PA,1627,0,0,0,18,18,C
3-PA,1628,0,16,0,0,16,T
3-PA,1629,0,16,0,0,16,T
3-PA,1630,0,0,16,0,16,G
3-PA,1631,16,0,0,0,16,A
3-PA,1632,0,0,16,0,16,G
3-PA,1633,16,0,0,0,16,A
3-PA,1634,0,16,0,0,16,T
3-PA,1635,15,0,0,0,15,A
3-PA,1636,0,0,16,0,16,G
3-PA,1637,0,0,16,0,16,G
3-PA,1638,16,0,0,0,16,A
3-PA,1639,0,0,16,0,16,G
3-PA,1640,17,0,0,0,17,A
3-PA,1641,0,17,0,0,17,T
3-PA,1642,17,0,0,0,17,A
3-PA,1643,0,17,0,0,17,T
3-PA,1644,0,0,16,0,16,G
3-PA,1645,0,15,0,0,15,T
3-PA,1646,0,15,0,0,15,T
3-PA,1647,15,0,0,0,15,A
3-PA,1648,0,0,0,15,15,C
3-PA,1649,0,15,0,0,15,T
3-PA,1650,16,0,0,0,16,A
3-PA,1651,16,0,0,0,16,A
3-PA,1652,0,0,17,0,17,G
3-PA,1653,16,0,0,0,16,A
3-PA,1654,16,0,0,0,16,A
3-PA,1655,0,0,16,0,16,G
3-PA,1656,0,17,0,0,17,T
3-PA,1657,0,0,16,0,16,G
3-PA,1658,0,0,0,17,17,C
3-PA,1659,0,0,0,17,17,C
3-PA,1660,17,0,0,0,17,A
3-PA,1661,0,16,0,0,16,T
3-PA,1662,17,0,0,0,17,A
3-PA,1663,0,0,17,0,17,G
3-PA,1664,0,0,17,0,17,G
3-PA,1665,0,0,0,17,17,C
3-PA,1666,0,0,0,17,17,C
3-PA,1667,17,0,0,0,17,A
3-PA,1668,17,0,0,0,17,A
3-PA,1669,17,0,0,0,17,A
3-PA,1670,0,17,0,0,17,T
3-PA,1671,0,16,0,0,16,T
3-PA,1672,0,16,0,0,16,T
3-PA,1673,0,0,0,17,17,C
3-PA,1674,15,0,0,0,15,A
3-PA,1675,15,0,0,0,15,A
3-PA,1676,0,0,14,0,14,G
3-PA,1677,0,0,14,0,14,G
3-PA,1678,0,0,0,14,14,C
3-PA,1679,0,0,0,14,14,C
3-PA,1680,0,0,14,0,14,G
3-PA,1681,14,0,0,0,14,A
3-PA,1682,0,15,0,0,15,T
3-PA,1683,0,0,16,0,16,G
3-PA,1684,0,16,0,0,16,T
3-PA,1685,0,16,0,0,16,T
3-PA,1686,0,0,0,16,16,C
3-PA,1687,0,16,0,0,16,T
3-PA,1688,0,15,0,0,15,T
3-PA,1689,0,0,15,0,15,G
3-PA,1690,0,16,0,0,16,T
3-PA,1691,16,0,0,0,16,A
3-PA,1692,0,14,0,0,14,T
3-PA,1693,0,0,14,0,14,G
3-PA,1694,0,15,0,0,15,T
3-PA,1695,0,0,15,0,15,G
3-PA,1696,13,0,0,0,13,A
3-PA,1697,0,0,13,0,13,G
3-PA,1698,0,0,14,0,14,G
3-PA,1699,14,0,0,0,14,A
3-PA,1700,0,0,0,14,14,C
3-PA,1701,14,0,0,0,14,A
3-PA,1702,14,0,0,0,14,A
3-PA,1703,14,0,0,0,14,A
3-PA,1704,0,0,0,14,14,C
3-PA,1705,0,0,14,0,14,G
3-PA,1706,0,0,14,0,14,G
3-PA,1707,14,0,0,0,14,A
3-PA,1708,14,0,0,0,14,A
3-PA,1709,0,0,0,15,15,C
3-PA,1710,15,0,0,0,15,A
3-PA,1711,0,15,0,0,15,T
3-PA,1712,0,0,0,15,15,C
3-PA,1713,15,0,0,0,15,A
3-PA,1714,15,0,0,0,15,A
3-PA,1715,14,0,0,0,14,A
3-PA,1716,0,0,14,0,14,G
3-PA,1717,0,0,14,0,14,G
3-PA,1718,0,13,0,0,13,T
3-PA,1719,0,0,0,13,13,C
3-PA,1720,14,0,0,0,14,A
3-PA,1721,14,0,0,0,14,A
3-PA,1722,14,0,0,0,14,A
3-PA,1723,14,0,0,0,14,A
3-PA,1724,0,14,0,0,14,T
3-PA,1725,0,0,13,0,13,G
3-PA,1726,13,0,0,0,13,A
3-PA,1727,12,0,0,0,12,A
3-PA,1728,13,0,0,0,13,A
3-PA,1729,0,13,0,0,13,T
3-PA,1730,0,0,13,0,13,G
3-PA,1731,0,0,13,0,13,G
3-PA,1732,0,0,13,0,13,G
3-PA,1733,0,0,13,0,13,G
3-PA,1734,13,0,0,0,13,A
3-PA,1735,13,0,0,0,13,A
3-PA,1736,0,12,0,0,12,T
3-PA,1737,0,0,13,0,13,G
3-PA,1738,0,0,13,0,13,G
3-PA,1739,12,0,0,0,12,A
3-PA,1740,0,0,13,0,13,G
3-PA,1741,13,0,0,0,13,A
3-PA,1742,0,13,0,0,13,T
3-PA,1743,0,0,13,0,13,G
3-PA,1744,13,0,0,0,13,A
3-PA,1745,0,0,13,0,13,G
3-PA,1746,12,0,0,0,12,A
3-PA,1747,0,0,0,13,13,C
3-PA,1748,0,0,13,0,13,G
3-PA,1749,0,12,0,0,12,T
3-PA,1750,0,13,0,0,13,T
3-PA,1751,0,0,13,0,13,G
3-PA,1752,0,0,0,13,13,C
3-PA,1753,0,0,0,13,13,C
3-PA,1754,0,13,0,0,13,T
3-PA,1755,0,0,0,13,13,C
3-PA,1756,0,0,0,13,13,C
3-PA,1757,0,13,0,0,13,T
3-PA,1758,0,13,0,0,13,T
3-PA,1759,0,0,0,13,13,C
3-PA,1760,13,0,0,0,13,A
3-PA,1761,0,0,12,0,12,G
3-PA,1762,0,13,0,0,13,T
3-PA,1763,0,0,0,13,13,C
3-PA,1764,13,0,0,0,13,A
3-PA,1765,0,0,0,13,13,C
3-PA,1766,0,13,0,0,13,T
3-PA,1767,0,12,0,0,12,T
3-PA,1768,0,0,0,12,12,C
3-PA,1769,12,0,0,0,12,A
3-PA,1770,0,0,12,0,12,G
3-PA,1771,0,0,0,12,12,C
3-PA,1772,11,0,0,0,11,A
3-PA,1773,0,0,11,0,11,G
3-PA,1774,11,0,0,0,11,A
3-PA,1775,0,11,0,0,11,T
3-PA,1776,0,0,0,11,11,C
3-PA,1777,0,0,11,0,11,G
3-PA,1778,10,0,0,0,10,A
3-PA,1779,0,0,11,0,11,G
3-PA,1780,11,0,0,0,11,A
3-PA,1781,0,0,11,0,11,G
3-PA,1782,0,0,0,11,11,C
3-PA,1783,11,0,0,0,11,A
3-PA,1784,0,11,0,0,11,T
3-PA,1785,0,0,10,0,10,G
3-PA,1786,11,0,0,0,11,A
3-PA,1787,0,11,0,0,11,T
3-PA,1788,0,11,0,0,11,T
3-PA,1789,0,0,11,0,11,G
3-PA,1790,11,0,0,0,11,A
3-PA,1791,11,0,0,0,11,A
3-PA,1792,0,0,11,0,11,G
3-PA,1793,0,0,0,11,11,C
3-PA,1794,0,0,0,10,10,C
3-PA,1795,0,0,10,0,10,G
3-PA,1796,9,0,1,0,10,A
3-PA,1797,0,0,10,0,10,G
3-PA,1798,0,8,0,0,8,T
3-PA,1799,0,0,0,9,9,C
3-PA,1800,0,0,0,10,10,C
3-PA,1801,0,9,0,0,9,T
3-PA,1802,0,0,0,10,10,C
3-PA,1803,0,0,11,0,11,G
3-PA,1804,0,0,11,0,11,G
3-PA,1805,0,10,0,0,10,T
3-PA,1806,0,10,0,0,10,T
3-PA,1807,11,0,0,0,11,A
3-PA,1808,11,0,0,0,11,A
3-PA,1809,11,0,0,0,11,A
3-PA,1810,0,0,11,0,11,G
3-PA,1811,11,0,0,0,11,A
3-PA,1812,0,0,11,0,11,G
3-PA,1813,10,0,0,0,10,A
3-PA,1814,11,0,0,0,11,A
3-PA,1815,10,0,0,0,10,A
3-PA,1816,0,0,12,0,12,G
3-PA,1817,12,0,0,0,12,A
3-PA,1818,0,0,0,12,12,C
3-PA,1819,12,0,0,0,12,A
3-PA,1820,0,11,0,0,11,T
3-PA,1821,0,0,12,0,12,G
3-PA,1822,12,0,0,0,12,A
3-PA,1823,0,0,0,11,11,C
3-PA,1824,0,0,0,10,10,C
3-PA,1825,11,0,0,0,11,A
3-PA,1826,11,0,0,0,11,A
3-PA,1827,11,0,0,0,11,A
3-PA,1828,0,0,11,0,11,G
3-PA,1829,10,0,0,0,10,A
3-PA,1830,0,0,10,0,10,G
3-PA,1831,0,7,0,0,7,T
3-PA,1832,0,7,0,0,7,T
3-PA,1833,0,9,0,0,9,T
3-PA,1834,0,9,0,0,9,T
3-PA,1835,0,10,0,0,10,T
3-PA,1836,0,9,0,0,9,T
3-PA,1837,0,0,10,0,10,G
3-PA,1838,10,0,0,0,10,A
3-PA,1839,0,0,10,0,10,G
3-PA,1840,10,0,0,0,10,A
3-PA,1841,10,0,0,0,10,A
3-PA,1842,0,10,0,0,10,T
3-PA,1843,10,0,0,0,10,A
3-PA,1844,10,0,0,0,10,A
3-PA,1845,0,0,10,0,10,G
3-PA,1846,0,10,0,0,10,T
3-PA,1847,0,0,0,9,9,C
3-PA,1848,10,0,0,0,10,A
3-PA,1849,0,0,10,0,10,G
3-PA,1850,10,0,0,0,10,A
3-PA,1851,11,0,0,0,11,A
3-PA,1852,0,0,11,0,11,G
3-PA,1853,0,0,0,11,11,C
3-PA,1854,11,0,0,0,11,A
3-PA,1855,0,11,0,0,11,T
3-PA,1856,0,0,11,0,11,G
3-PA,1857,0,0,11,0,11,G
3-PA,1858,0,0,0,11,11,C
3-PA,1859,0,0,0,10,10,C
3-PA,1860,0,0,0,11,11,C
3-PA,1861,12,0,0,0,12,A
3-PA,1862,0,11,0,0,11,T
3-PA,1863,0,12,0,0,12,T
3-PA,1864,0,0,12,0,12,G
3-PA,1865,0,0,12,0,12,G
3-PA,1866,0,0,11,0,11,G
3-PA,1867,0,0,11,0,11,G
3-PA,1868,11,0,0,0,11,A
3-PA,1869,0,0,11,0,11,G
3-PA,1870,0,11,0,0,11,T
3-PA,1871,0,0,0,11,11,C
3-PA,1872,0,0,0,14,14,C
3-PA,1873,0,0,0,13,13,C
3-PA,1874,0,0,0,14,14,C
3-PA,1875,0,0,0,13,13,C
3-PA,1876,12,0,0,0,12,A
3-PA,1877,14,0,0,0,14,A
3-PA,1878,0,0,14,0,14,G
3-PA,1879,0,0,14,0,14,G
3-PA,1880,0,0,14,0,14,G
3-PA,1881,13,0,0,0,13,A
3-PA,1882,0,0,13,0,13,G
3-PA,1883,0,14,0,0,14,T
3-PA,1884,0,0,14,0,14,G
3-PA,1885,0,0,14,0,14,G
3-PA,1886,14,0,0,0,14,A
3-PA,1887,14,0,0,0,14,A
3-PA,1888,0,0,14,0,14,G
3-PA,1889,13,0,0,0,13,A
3-PA,1890,14,0,0,0,14,A
3-PA,1891,0,0,14,0,14,G
3-PA,1892,0,0,14,0,14,G
3-PA,1893,0,14,0,0,14,T
3-PA,1894,0,12,0,0,12,T
3-PA,1895,0,0,0,12,12,C
3-PA,1896,0,0,0,12,12,C
3-PA,1897,12,0,0,0,12,A
3-PA,1898,0,12,0,0,12,T
3-PA,1899,0,12,0,0,12,T
3-PA,1900,0,0,12,0,12,G
3-PA,1901,0,0,12,0,12,G
3-PA,1902,0,0,12,0,12,G
3-PA,1903,12,0,0,0,12,A
3-PA,1904,11,0,0,0,11,A
3-PA,1905,11,0,0,0,11,A
3-PA,1906,0,0,11,0,11,G
3-PA,1907,0,11,0,0,11,T
3-PA,1908,0,0,0,11,11,C
3-PA,1909,0,11,0,0,11,T
3-PA,1910,0,0,11,0,11,G
3-PA,1911,0,11,0,0,11,T
3-PA,1912,11,0,0,0,11,A
3-PA,1913,0,0,11,0,11,G
3-PA,1914,0,0,11,0,11,G
3-PA,1915,11,0,0,0,11,A
3-PA,1916,0,0,0,11,11,C
3-PA,1917,0,11,0,0,11,T
3-PA,1918,0,0,0,12,12,C
3-PA,1919,0,12,0,0,12,T
3-PA,1920,12,0,0,0,12,A
3-PA,1921,0,12,0,0,12,T
3-PA,1922,0,12,0,0,12,T
3-PA,1923,0,0,12,0,12,G
3-PA,1924,0,0,12,0,12,G
3-PA,1925,0,0,0,12,12,C
3-PA,1926,0,12,0,0,12,T
3-PA,1927,12,0,0,0,12,A
3-PA,1928,12,0,0,0,12,A
3-PA,1929,0,0,12,0,12,G
3-PA,1930,0,12,0,0,12,T
3-PA,1931,0,0,0,12,12,C
3-PA,1932,11,0,0,0,11,A
3-PA,1933,0,0,11,0,11,G
3-PA,1934,0,11,0,0,11,T
3-PA,1935,11,0,0,0,11,A
3-PA,1936,0,11,0,0,11,T
3-PA,1937,0,11,0,0,11,T
3-PA,1938,0,0,0,11,11,C
3-PA,1939,11,0,0,0,11,A
3-PA,1940,11,0,0,0,11,A
3-PA,1941,0,11,0,0,11,T
3-PA,1942,11,0,0,0,11,A
3-PA,1943,0,0,11,0,11,G
3-PA,1944,0,0,0,11,11,C
3-PA,1945,0,0,0,11,11,C
3-PA,1946,0,11,0,0,11,T
3-PA,1947,0,0,11,0,11,G
3-PA,1948,0,11,0,0,11,T
3-PA,1949,11,0,0,0,11,A
3-PA,1950,0,11,0,0,11,T
3-PA,1951,0,0,9,0,9,G
3-PA,1952,0,0,0,9,9,C
3-PA,1953,8,0,0,0,8,A
3-PA,1954,0,7,0,0,7,T
3-PA,1955,0,0,0,7,7,C
3-PA,1956,7,0,0,0,7,A
3-PA,1957,0,0,0,7,7,C
3-PA,1958,0,0,0,7,7,C
3-PA,1959,7,0,0,0,7,A
3-PA,1960,0,0,0,7,7,C
3-PA,1961,7,0,0,0,7,A
3-PA,1962,7,0,0,0,7,A
3-PA,1963,0,7,0,0,7,T
3-PA,1964,0,7,0,0,7,T
3-PA,1965,0,0,7,0,7,G
3-PA,1966,0,0,7,0,7,G
3-PA,1967,7,0,0,0,7,A
3-PA,1968,7,0,0,0,7,A
3-PA,1969,0,0,6,0,6,G
3-PA,1970,0,0,6,0,6,G
3-PA,1971,6,0,0,0,6,A
3-PA,1972,0,6,0,0,6,T
3-PA,1973,0,6,0,0,6,T
3-PA,1974,0,6,0,0,6,T
3-PA,1975,0,6,0,0,6,T
3-PA,1976,0,0,0,6,6,C
3-PA,1977,6,0,0,0,6,A
3-PA,1978,0,0,6,0,6,G
3-PA,1979,0,0,0,6,6,C
3-PA,1980,0,0,6,0,6,G
3-PA,1981,0,0,6,0,6,G
3-PA,1982,6,0,0,0,6,A
3-PA,1983,0,0,6,0,6,G
3-PA,1984,0,6,0,0,6,T
3-PA,1985,0,0,0,6,6,C
3-PA,1986,6,0,0,0,6,A
3-PA,1987,6,0,0,0,6,A
3-PA,1988,0,0,6,0,6,G
3-PA,1989,6,0,0,0,6,A
3-PA,1990,6,0,0,0,6,A
3-PA,1991,6,0,0,0,6,A
3-PA,1992,6,0,0,0,6,A
3-PA,1993,0,0,0,6,6,C
3-PA,1994,0,6,0,0,6,T
3-PA,1995,0,0,6,0,6,G
3-PA,1996,0,0,0,6,6,C
3-PA,1997,0,6,0,0,6,T
3-PA,1998,0,0,0,6,6,C
3-PA,1999,0,0,0,6,6,C
3-PA,2000,0,6,0,0,6,T
3-PA,2001,0,6,0,0,6,T
3-PA,2002,0,0,6,0,6,G
3-PA,2003,0,6,0,0,6,T
3-PA,2004,0,6,0,0,6,T
3-PA,2005,0,0,6,0,6,G
3-PA,2006,0,6,0,0,6,T
3-PA,2007,0,6,0,0,6,T
3-PA,2008,0,0,0,6,6,C
3-PA,2009,6,0,0,0,6,A
3-PA,2010,0,0,6,0,6,G
3-PA,2011,0,0,6,0,6,G
3-PA,2012,0,0,0,7,7,C
3-PA,2013,0,7,0,0,7,T
3-PA,2014,0,0,0,7,7,C
3-PA,2015,0,7,0,0,7,T
3-PA,2016,0,7,0,0,7,T
3-PA,2017,7,0,0,0,7,A
3-PA,2018,0,0,7,0,7,G
3-PA,2019,0,0,7,0,7,G
3-PA,2020,0,0,7,0,7,G
3-PA,2021,7,0,0,0,7,A
3-PA,2022,0,0,0,7,7,C
3-PA,2023,7,0,0,0,7,A
3-PA,2024,7,0,0,0,7,A
3-PA,2025,0,0,0,7,7,C
3-PA,2026,0,0,0,7,7,C
3-PA,2027,0,7,0,0,7,T
3-PA,2028,0,0,0,7,7,C
3-PA,2029,0,0,7,0,7,G
3-PA,2030,7,0,0,0,7,A
3-PA,2031,7,0,0,0,7,A
3-PA,2032,0,0,0,7,7,C
3-PA,2033,0,0,0,7,7,C
3-PA,2034,0,7,0,0,7,T
3-PA,2035,0,0,7,0,7,G
3-PA,2036,0,0,7,0,7,G
3-PA,2037,0,0,7,0,7,G
3-PA,2038,6,0,0,0,6,A
3-PA,2039,0,0,0,7,7,C
3-PA,2040,0,0,0,7,7,C
3-PA,2041,0,7,0,0,7,T
3-PA,2042,0,7,0,0,7,T
3-PA,2043,0,7,0,0,7,T
3-PA,2044,0,0,7,0,7,G
3-PA,2045,7,0,0,0,7,A
3-PA,2046,0,7,0,0,7,T
3-PA,2047,0,0,0,8,8,C
3-PA,2048,0,7,0,0,7,T
3-PA,2049,0,7,0,0,7,T
3-PA,2050,0,0,7,0,7,G
3-PA,2051,0,0,7,0,7,G
3-PA,2052,0,0,7,0,7,G
3-PA,2053,0,0,7,0,7,G
3-PA,2054,0,0,7,0,7,G
3-PA,2055,0,0,7,0,7,G
3-PA,2056,0,0,0,6,6,C
3-PA,2057,0,7,0,0,7,T
3-PA,2058,7,0,0,0,7,A
3-PA,2059,0,7,0,0,7,T
3-PA,2060,7,0,0,0,7,A
3-PA,2061,0,7,0,0,7,T
3-PA,2062,0,0,6,0,6,G
3-PA,2063,6,0,0,0,6,A
3-PA,2064,6,0,0,0,6,A
3-PA,2065,0,0,5,0,5,G
3-PA,2066,0,0,0,6,6,C
3-PA,2067,5,0,0,0,5,A
3-PA,2068,5,0,0,0,5,A
3-PA,2069,0,5,0,0,5,T
3-PA,2070,0,5,0,0,5,T
3-PA,2071,0,0,5,0,5,G
3-PA,2072,5,0,0,0,5,A
3-PA,2073,0,0,5,0,5,G
3-PA,2074,0,0,5,0,5,G
3-PA,2075,5,0,0,0,5,A
3-PA,2076,0,0,5,0,5,G
3-PA,2077,0,5,0,0,5,T
3-PA,2078,0,0,5,0,5,G
3-PA,2079,0,0,0,5,5,C
3-PA,2080,0,0,0,5,5,C
3-PA,2081,0,5,0,0,5,T
3-PA,2082,0,0,5,0,5,G
3-PA,2083,5,0,0,0,5,A
3-PA,2084,0,5,0,0,5,T
3-PA,2085,0,5,0,0,5,T
3-PA,2086,5,0,0,0,5,A
3-PA,2087,5,0,0,0,5,A
3-PA,2088,0,5,0,0,5,T
3-PA,2089,0,0,5,0,5,G
3-PA,2090,5,0,0,0,5,A
3-PA,2091,0,4,0,0,4,T
3-PA,2092,0,0,0,4,4,C
3-PA,2093,0,0,0,4,4,C
3-PA,2094,0,0,0,4,4,C
3-PA,2095,0,4,0,0,4,T
3-PA,2096,0,0,4,0,4,G
3-PA,2097,0,0,4,0,4,G
3-PA,2098,0,0,4,0,4,G
3-PA,2099,0,4,0,0,4,T
3-PA,2100,0,4,0,0,4,T
3-PA,2101,0,4,0,0,4,T
3-PA,2102,0,4,0,0,4,T
3-PA,2103,0,0,4,0,4,G
3-PA,2104,0,0,0,4,4,C
3-PA,2105,0,4,0,0,4,T
3-PA,2106,0,0,0,4,4,C
3-PA,2107,4,0,0,0,4,A
3-PA,2108,4,0,0,0,4,A
3-PA,2109,0,4,0,0,4,T
3-PA,2110,0,0,4,0,4,G
3-PA,2111,0,0,0,4,4,C
3-PA,2112,0,0,4,0,4,G
3-PA,2113,0,4,0,0,4,T
3-PA,2114,0,0,0,4,4,C
3-PA,2115,0,4,0,0,4,T
3-PA,2116,0,4,0,0,4,T
3-PA,2117,0,0,4,0,4,G
3-PA,2118,0,0,4,0,4,G
3-PA,2119,0,4,0,0,4,T
3-PA,2120,0,4,0,0,4,T
3-PA,2121,0,0,0,4,4,C
3-PA,2122,4,0,0,0,4,A
3-PA,2123,4,0,0,0,4,A
3-PA,2124,0,0,0,4,4,C
3-PA,2125,0,4,0,0,4,T
3-PA,2126,0,0,0,4,4,C
3-PA,2127,0,0,0,4,4,C
3-PA,2128,0,4,0,0,4,T
3-PA,2129,0,4,0,0,4,T
3-PA,2130,0,0,0,4,4,C
3-PA,2131,0,0,0,4,4,C
3-PA,2132,0,4,0,0,4,T
3-PA,2133,0,0,4,0,4,G
3-PA,2134,4,0,0,0,4,A
3-PA,2135,0,0,0,4,4,C
3-PA,2136,3,0,0,0,3,A
3-PA,2137,0,0,0,3,3,C
3-PA,2138,3,0,0,0,3,A
3-PA,2139,0,3,0,0,3,T
3-PA,2140,0,0,3,0,3,G
3-PA,2141,0,0,0,3,3,C
3-PA,2142,3,0,0,0,3,A
3-PA,2143,0,3,0,0,3,T
3-PA,2144,0,3,0,0,3,T
3-PA,2145,3,0,0,0,3,A
3-PA,2146,3,0,0,0,3,A
3-PA,2147,3,0,0,0,3,A
3-PA,2148,3,0,0,0,3,A
3-PA,2149,0,3,0,0,3,T
3-PA,2150,3,0,0,0,3,A
3-PA,2151,0,0,3,0,3,G
4-HA,1,20,0,0,0,20,A
4-HA,2,0,20,0,0,20,T
4-HA,3,0,0,20,0,20,G
4-HA,4,20,0,0,0,20,A
4-HA,5,19,0,1,0,20,A
4-HA,6,0,0,21,0,21,G
4-HA,7,21,0,0,0,21,A
4-HA,8,0,0,0,23,23,C
4-HA,9,0,23,0,0,23,T
4-HA,10,23,0,0,0,23,A
4-HA,11,0,22,0,0,22,T
4-HA,12,0,0,0,23,23,C
4-HA,13,23,0,0,0,23,A
4-HA,14,0,23,0,0,23,T
4-HA,15,0,23,0,0,23,T
4-HA,16,0,0,25,0,25,G
4-HA,17,0,0,0,25,25,C
4-HA,18,0,25,0,0,25,T
4-HA,19,0,25,0,0,25,T
4-HA,20,0,25,0,0,25,T
4-HA,21,0,0,25,0,25,G
4-HA,22,25,0,0,0,25,A
4-HA,23,0,0,26,0,26,G
4-HA,24,0,0,0,26,26,C
4-HA,25,0,26,0,0,26,T
4-HA,26,31,0,0,0,31,A
4-HA,27,0,0,0,31,31,C
4-HA,28,32,0,0,0,32,A
4-HA,29,0,39,0,0,39,T
4-HA,30,0,40,0,0,40,T
4-HA,31,0,0,0,40,40,C
4-HA,32,0,39,0,0,39,T
4-HA,33,40,0,0,0,40,A
4-HA,34,0,41,0,0,41,T
4-HA,35,0,0,40,0,40,G
4-HA,36,0,39,0,0,39,T
4-HA,37,0,0,0,39,39,C
4-HA,38,0,38,0,0,38,T
4-HA,39,0,0,39,0,39,G
4-HA,40,0,0,39,0,39,G
4-HA,41,0,39,0,0,39,T
4-HA,42,0,39,0,0,39,T
4-HA,43,0,38,0,0,38,T
4-HA,44,0,39,0,0,39,T
4-HA,45,0,0,0,39,39,C
4-HA,46,0,0,39,0,39,G
4-HA,47,0,0,0,39,39,C
4-HA,48,0,39,0,0,39,T
4-HA,49,0,0,0,40,40,C
4-HA,50,39,0,0,0,39,A
4-HA,51,40,0,0,0,40,A
4-HA,52,40,0,0,0,40,A
4-HA,53,40,0,0,0,40,A
4-HA,54,40,0,0,0,40,A
4-HA,55,0,0,0,40,40,C
4-HA,56,0,39,0,0,39,T
4-HA,57,0,39,0,0,39,T
4-HA,58,0,0,0,38,38,C
4-HA,59,0,0,0,38,38,C
4-HA,60,0,39,0,0,39,T
4-HA,61,0,0,38,0,38,G
4-HA,62,38,0,0,0,38,A
4-HA,63,40,0,0,0,40,A
4-HA,64,41,0,0,0,41,A
4-HA,65,41,0,0,0,41,A
4-HA,66,0,40,0,0,40,T
4-HA,67,0,0,41,0,41,G
4-HA,68,41,0,0,0,41,A
4-HA,69,0,0,0,42,42,C
4-HA,70,42,0,0,0,42,A
4-HA,71,42,0,0,0,42,A
4-HA,72,0,0,0,42,42,C
4-HA,73,40,1,0,0,41,A
4-HA,74,0,0,43,0,43,G
4-HA,75,0,0,0,43,43,C
4-HA,76,43,0,0,0,43,A
4-HA,77,0,0,0,44,44,C
4-HA,78,0,0,42,0,42,G
4-HA,79,0,0,44,0,44,G
4-HA,80,0,0,0,44,44,C
4-HA,81,45,0,0,0,45,A
4-HA,82,46,0,0,0,46,A
4-HA,83,0,0,0,46,46,C
4-HA,84,0,0,48,0,48,G
4-HA,85,0,0,0,48,48,C
4-HA,86,0,47,0,0,47,T
4-HA,87,0,0,46,0,46,G
4-HA,88,0,48,0,0,48,T
4-HA,89,0,0,47,0,47,G
4-HA,90,0,0,0,49,49,C
4-HA,91,0,0,0,53,53,C
4-HA,92,0,53,0,0,53,T
4-HA,93,0,53,0,0,53,T
4-HA,94,0,0,53,0,53,G
4-HA,95,0,0,55,0,55,G
4-HA,96,0,0,54,0,54,G
4-HA,97,0,0,0,53,53,C
4-HA,98,55,0,0,0,55,A
4-HA,99,0,0,0,57,57,C
4-HA,100,0,0,0,56,56,C
4-HA,101,61,0,0,0,61,A
4-HA,102,0,60,0,0,60,T
4-HA,103,0,0,59,0,59,G
4-HA,104,0,0,0,58,58,C
4-HA,105,59,0,0,0,59,A
4-HA,106,0,0,63,0,63,G
4-HA,107,0,62,0,0,62,T
4-HA,108,62,0,0,0,62,A
4-HA,109,0,0,0,62,62,C
4-HA,110,0,0,0,59,59,C
4-HA,111,62,0,0,0,62,A
4-HA,112,63,0,0,0,63,A
4-HA,113,62,0,0,0,62,A
4-HA,114,0,0,0,63,63,C
4-HA,115,0,0,61,0,61,G
4-HA,116,0,0,63,0,63,G
4-HA,117,63,0,0,0,63,A
4-HA,118,62,0,0,0,62,A
4-HA,119,0,0,0,62,62,C
4-HA,120,61,0,0,0,61,A
4-HA,121,62,0,0,0,62,A
4-HA,122,0,62,0,0,62,T
4-HA,123,63,0,0,0,63,A
4-HA,124,0,0,62,0,62,G
4-HA,125,1,54,0,1,56,T
4-HA,126,0,0,58,0,58,G
4-HA,127,58,0,0,0,58,A
4-HA,128,59,0,0,0,59,A
4-HA,129,57,0,0,0,57,A
4-HA,130,58,0,0,0,58,A
4-HA,131,0,0,0,59,59,C
4-HA,132,59,0,0,0,59,A
4-HA,133,59,0,0,0,59,A
4-HA,134,0,59,0,0,59,T
4-HA,135,0,0,0,58,58,C
4-HA,136,59,0,0,0,59,A
4-HA,137,0,0,0,59,59,C
4-HA,138,0,0,59,0,59,G
4-HA,139,57,0,0,0,57,A
4-HA,140,57,0,0,0,57,A
4-HA,141,0,58,0,0,58,T
4-HA,142,0,0,58,0,58,G
4-HA,143,59,1,0,0,60,A
4-HA,144,0,0,0,59,59,C
4-HA,145,0,0,0,58,58,C
4-HA,146,58,1,0,0,59,A
4-HA,147,59,0,0,0,59,A
4-HA,148,59,0,0,0,59,A
4-HA,149,0,59,0,0,59,T
4-HA,150,0,60,0,0,60,T
4-HA,151,0,0,60,0,60,G
4-HA,152,60,0,0,0,60,A
4-HA,153,60,0,0,0,60,A
4-HA,154,0,0,61,0,61,G
4-HA,155,0,62,0,0,62,T
4-HA,156,0,64,0,0,64,T
4-HA,157,63,0,0,0,63,A
4-HA,158,0,0,0,64,64,C
4-HA,159,0,64,0,0,64,T
4-HA,160,64,0,0,0,64,A
4-HA,161,66,0,0,0,66,A
4-HA,162,0,66,0,0,66,T
4-HA,163,0,0,66,0,66,G
4-HA,164,0,0,0,67,67,C
4-HA,165,0,68,0,0,68,T
4-HA,166,66,0,0,0,66,A
4-HA,167,0,0,0,68,68,C
4-HA,168,0,68,0,0,68,T
4-HA,169,0,0,70,0,70,G
4-HA,170,68,0,0,0,68,A
4-HA,171,0,0,70,0,70,G
4-HA,172,0,0,0,70,70,C
4-HA,173,0,67,0,0,67,T
4-HA,174,0,0,72,0,72,G
4-HA,175,0,0,73,0,73,G
4-HA,176,0,71,0,0,71,T
4-HA,177,0,73,0,0,73,T
4-HA,178,0,0,0,73,73,C
4-HA,179,73,0,0,0,73,A
4-HA,180,0,0,73,0,73,G
4-HA,181,71,0,0,0,71,A
4-HA,182,0,0,74,0,74,G
4-HA,183,0,74,0,0,74,T
4-HA,184,0,73,0,0,73,T
4-HA,185,0,0,0,75,75,C
4-HA,186,0,0,0,75,75,C
4-HA,187,0,75,0,0,75,T
4-HA,188,0,0,0,75,75,C
4-HA,189,74,0,0,0,74,A
4-HA,190,75,0,0,0,75,A
4-HA,191,0,0,0,75,75,C
4-HA,192,72,0,1,0,73,A
4-HA,193,0,0,78,0,78,G
4-HA,194,0,0,78,0,78,G
4-HA,195,0,76,0,0,76,T
4-HA,196,0,0,78,0,78,G
4-HA,197,75,0,1,0,76,A
4-HA,198,77,0,0,0,77,A
4-HA,199,77,0,0,0,77,A
4-HA,200,0,78,0,0,78,T
4-HA,201,77,0,0,0,77,A
4-HA,202,0,77,0,0,77,T
4-HA,203,0,0,77,0,77,G
4-HA,204,0,0,0,76,76,C
4-HA,205,0,0,76,0,76,G
4-HA,206,75,0,0,0,75,A
4-HA,207,0,0,0,75,75,C
4-HA,208,74,0,0,0,74,A
4-HA,209,0,0,79,0,79,G
4-HA,210,0,79,0,0,79,T
4-HA,211,0,0,0,79,79,C
4-HA,212,0,0,0,79,79,C
4-HA,213,0,79,0,0,79,T
4-HA,214,0,0,0,81,81,C
4-HA,215,81,0,0,0,81,A
4-HA,216,0,80,0,0,80,T
4-HA,217,0,0,0,81,81,C
4-HA,218,79,0,0,0,79,A
4-HA,219,0,0,78,0,78,G
4-HA,220,78,0,0,0,78,A
4-HA,221,0,80,0,0,80,T
4-HA,222,0,0,0,80,80,C
4-HA,223,0,0,0,78,78,C
4-HA,224,0,81,0,0,81,T
4-HA,225,0,80,0,0,80,T
4-HA,226,0,0,80,0,80,G
4-HA,227,81,0,0,0,81,A
4-HA,228,0,82,0,0,82,T
4-HA,229,0,0,84,0,84,G
4-HA,230,0,0,83,0,83,G
4-HA,231,83,0,0,0,83,A
4-HA,232,0,0,83,0,83,G
4-HA,233,81,0,0,0,81,A
4-HA,234,0,0,79,0,79,G
4-HA,235,83,0,0,0,83,A
4-HA,236,83,0,0,0,83,A
4-HA,237,0,0,0,82,82,C
4-HA,238,0,83,0,0,83,T
4-HA,239,0,0,85,0,85,G
4-HA,240,0,0,0,85,85,C
4-HA,241,85,0,0,0,85,A
4-HA,242,0,0,0,84,84,C
4-HA,243,80,0,0,0,80,A
4-HA,244,0,0,0,88,88,C
4-HA,245,0,88,0,0,88,T
4-HA,246,86,0,0,0,86,A
4-HA,247,87,0,0,0,87,A
4-HA,248,0,87,0,0,87,T
4-HA,249,88,0,0,0,88,A
4-HA,250,0,0,88,0,88,G
4-HA,251,86,0,0,0,86,A
4-HA,252,0,83,0,0,83,T
4-HA,253,0,0,85,0,85,G
4-HA,254,0,0,0,83,83,C
4-HA,255,0,85,0,0,85,T
4-HA,256,0,0,0,85,85,C
4-HA,257,0,86,0,0,86,T
4-HA,258,92,0,0,0,92,A
4-HA,259,0,93,0,0,93,T
4-HA,260,0,94,0,0,94,T
4-HA,261,0,0,99,0,99,G
4-HA,262,0,0,100,0,100,G
4-HA,263,0,0,106,0,106,G
4-HA,264,107,0,0,0,107,A
4-HA,265,0,0,112,0,112,G
4-HA,266,114,0,0,0,114,A
4-HA,267,0,0,0,240,240,C
4-HA,268,0,0,0,277,277,C
4-HA,269,0,0,0,305,305,C
4-HA,270,0,312,0,0,312,T
4-HA,271,0,0,0,326,326,C
4-HA,272,330,0,0,0,330,A
4-HA,273,138,0,235,0,373,G
4-HA,274,0,392,0,0,392,T
4-HA,275,1,0,399,0,400,G
4-HA,276,0,400,0,0,400,T
4-HA,277,0,0,395,0,395,G
4-HA,278,396,0,1,0,397,A
4-HA,279,0,399,0,1,400,T
4-HA,280,0,1,394,0,395,G
4-HA,281,0,0,397,0,397,G
4-HA,282,0,0,0,404,404,C
4-HA,283,0,405,0,0,405,T
4-HA,284,0,408,0,0,408,T
4-HA,285,0,0,0,415,415,C
4-HA,286,0,0,0,416,416,C
4-HA,287,416,0,0,0,416,A
4-HA,288,416,0,0,0,416,A
4-HA,289,413,0,0,0,413,A
4-HA,290,417,0,0,0,417,A
4-HA,291,0,421,0,0,421,T
4-HA,292,421,0,0,0,421,A
4-HA,293,425,0,0,0,425,A
4-HA,294,0,0,432,0,432,G
4-HA,295,433,0,0,0,433,A
4-HA,296,438,1,0,0,439,A
4-HA,297,438,0,0,0,438,A
4-HA,298,0,441,0,0,441,T
4-HA,299,0,0,445,0,445,G
4-HA,300,0,0,437,0,437,G
4-HA,301,0,0,436,0,436,G
4-HA,302,433,0,0,0,433,A
4-HA,303,0,0,0,441,441,C
4-HA,304,0,0,0,445,445,C
4-HA,305,0,460,0,0,460,T
4-HA,306,0,459,0,1,460,T
4-HA,307,0,459,0,0,459,T
4-HA,308,0,466,0,0,466,T
4-HA,309,0,464,0,0,464,T
4-HA,310,0,0,469,0,469,G
4-HA,311,0,470,0,0,470,T
4-HA,312,0,472,0,0,472,T
4-HA,313,0,0,471,0,471,G
4-HA,314,472,0,0,0,472,A
4-HA,315,476,0,0,0,476,A
4-HA,316,0,0,0,478,478,C
4-HA,317,0,0,472,0,472,G
4-HA,318,0,0,0,482,482,C
4-HA,319,486,0,0,0,486,A
4-HA,320,0,0,493,0,493,G
4-HA,321,0,0,0,489,489,C
4-HA,322,492,0,0,0,492,A
4-HA,323,488,0,0,0,488,A
4-HA,324,500,0,0,0,500,A
4-HA,325,0,0,527,0,527,G
4-HA,326,0,1,0,528,529,C
4-HA,327,0,0,0,530,530,C
4-HA,328,0,533,0,0,533,T
4-HA,329,532,0,0,0,532,A
4-HA,330,1,0,0,543,544,C
4-HA,331,534,0,1,0,535,A
4-HA,332,0,0,537,0,537,G
4-HA,333,1,0,0,533,534,C
4-HA,334,527,0,0,0,527,A
4-HA,335,530,0,0,0,530,A
4-HA,336,0,0,0,563,563,C
4-HA,337,0,564,0,0,564,T
4-HA,338,0,0,564,0,564,G
4-HA,339,0,568,0,0,568,T
4-HA,340,0,570,0,0,570,T
4-HA,341,548,0,0,0,548,A
4-HA,342,0,0,0,605,605,C
4-HA,343,0,0,0,620,620,C
4-HA,344,0,0,0,642,642,C
4-HA,345,0,629,0,1,630,T
4-HA,346,0,631,0,0,631,T
4-HA,347,624,0,0,0,624,A
4-HA,348,0,632,0,0,632,T
4-HA,349,0,0,628,0,628,G
4-HA,350,628,0,0,0,628,A
4-HA,351,0,612,0,0,612,T
4-HA,352,0,0,618,0,618,G
4-HA,353,0,619,0,0,619,T
4-HA,354,0,0,611,0,611,G
4-HA,355,0,0,0,614,614,C
4-HA,356,0,1,0,620,621,C
4-HA,357,0,0,636,0,636,G
4-HA,358,0,0,644,0,644,G
4-HA,359,647,0,0,0,647,A
4-HA,360,0,661,0,0,661,T
4-HA,361,0,654,0,0,654,T
4-HA,362,655,0,0,0,655,A
4-HA,363,0,661,0,1,662,T
4-HA,364,0,0,654,0,654,G
4-HA,365,0,0,0,660,660,C
4-HA,366,0,0,0,649,649,C
4-HA,367,0,662,0,0,662,T
4-HA,368,0,1,0,713,714,C
4-HA,369,0,0,0,726,726,C
4-HA,370,0,0,0,731,731,C
4-HA,371,0,726,0,3,729,T
4-HA,372,0,731,0,0,731,T
4-HA,373,730,0,1,0,731,A
4-HA,374,0,1,739,0,740,G
4-HA,375,1,0,739,0,740,G
4-HA,376,1,738,0,0,739,T
4-HA,377,0,0,0,734,734,C
4-HA,378,715,0,0,0,715,A
4-HA,379,0,0,0,750,750,C
4-HA,380,0,753,0,0,753,T
4-HA,381,749,1,0,0,750,A
4-HA,382,0,0,749,0,749,G
4-HA,383,0,743,0,0,743,T
4-HA,384,0,743,0,2,745,T
4-HA,385,0,0,750,0,750,G
4-HA,386,0,0,0,752,752,C
4-HA,387,0,0,0,750,750,C
4-HA,388,0,757,0,1,758,T
4-HA,389,0,0,0,761,761,C
4-HA,390,802,0,0,0,802,A
4-HA,391,0,805,0,0,805,T
4-HA,392,0,0,0,804,804,C
4-HA,393,1,0,0,804,805,C
4-HA,394,0,0,810,0,810,G
4-HA,395,0,0,806,0,806,G
4-HA,396,0,0,0,813,813,C
4-HA,397,820,0,0,0,820,A
4-HA,398,0,0,0,844,844,C
4-HA,399,829,0,1,0,830,A
4-HA,400,0,1,0,842,843,C
4-HA,401,0,844,0,0,844,T
4-HA,402,1,0,841,0,842,G
4-HA,403,1,1,845,0,847,G
4-HA,404,832,0,1,0,833,A
4-HA,405,0,0,917,0,917,G
4-HA,406,0,906,0,0,906,T
4-HA,407,0,905,0,0,905,T
4-HA,408,0,842,0,66,908,T
4-HA,409,905,0,0,0,905,A
4-HA,410,906,0,1,0,907,A
4-HA,411,0,13,0,894,907,C
4-HA,412,898,0,0,0,898,A
4-HA,413,895,0,0,0,895,A
4-HA,414,889,1,0,0,890,A
4-HA,415,0,0,893,0,893,G
4-HA,416,886,0,0,0,886,A
4-HA,417,893,0,1,0,894,A
4-HA,418,891,0,1,0,892,A
4-HA,419,0,0,897,0,897,G
4-HA,420,0,1,0,899,900,C
4-HA,421,0,901,0,1,902,T
4-HA,422,0,904,0,2,906,T
4-HA,423,0,0,0,914,914,C
4-HA,424,915,0,0,0,915,A
4-HA,425,921,0,0,0,921,A
4-HA,426,1,918,0,0,919,T
4-HA,427,0,915,0,0,915,T
4-HA,428,0,0,947,0,947,G
4-HA,429,0,0,967,0,967,G
4-HA,430,960,0,0,0,960,A
4-HA,431,0,0,0,971,971,C
4-HA,432,0,957,0,0,957,T
4-HA,433,0,0,964,0,964,G
4-HA,434,0,0,967,0,967,G
4-HA,435,970,0,0,0,970,A
4-HA,436,0,0,970,0,970,G
4-HA,437,0,963,0,0,963,T
4-HA,438,0,0,0,959,959,C
4-HA,439,975,0,0,0,975,A
4-HA,440,0,0,0,977,977,C
4-HA,441,0,974,0,1,975,T
4-HA,442,0,0,0,980,980,C
4-HA,443,973,0,0,0,973,A
4-HA,444,973,0,0,0,973,A
4-HA,445,965,0,1,0,966,A
4-HA,446,970,0,1,0,971,A
4-HA,447,0,1,1,975,977,C
4-HA,448,1,0,972,0,973,G
4-HA,449,0,0,970,0,970,G
4-HA,450,975,0,1,0,976,A
4-HA,451,979,0,0,0,979,A
4-HA,452,0,0,0,978,978,C
4-HA,453,980,0,0,0,980,A
4-HA,454,982,0,0,0,982,A
4-HA,455,0,0,987,0,987,G
4-HA,456,0,0,0,981,981,C
4-HA,457,0,979,0,0,979,T
4-HA,458,0,0,1,990,991,C
4-HA,459,0,991,0,0,991,T
4-HA,460,1,0,998,0,999,G
4-HA,461,0,0,0,999,999,C
4-HA,462,0,996,0,3,999,T
4-HA,463,0,1029,0,0,1029,T
4-HA,464,0,0,1039,1,1040,G
4-HA,465,0,0,0,1052,1052,C
4-HA,466,1049,0,0,0,1049,A
4-HA,467,0,1042,0,2,1044,T
4-HA,468,1042,0,0,0,1042,A
4-HA,469,1036,0,1,0,1037,A
4-HA,470,0,0,1041,0,1041,G
4-HA,471,0,0,1039,0,1039,G
4-HA,472,1008,0,1,0,1009,A
4-HA,473,1,0,1014,0,1015,G
4-HA,474,998,0,2,0,1000,A
4-HA,475,0,1030,0,0,1030,T
4-HA,476,0,0,0,1040,1040,C
4-HA,477,0,1049,0,0,1049,T
4-HA,478,1049,0,0,0,1049,A
4-HA,479,1051,0,0,0,1051,A
4-HA,480,0,1054,0,0,1054,T
4-HA,481,1049,0,0,0,1049,A
4-HA,482,1040,0,0,0,1040,A
4-HA,483,0,1,0,1042,1043,C
4-HA,484,1023,0,0,0,1023,A
4-HA,485,1,0,1018,0,1019,G
4-HA,486,0,1004,0,0,1004,T
4-HA,487,0,1039,0,0,1039,T
4-HA,488,0,1038,0,0,1038,T
4-HA,489,0,0,0,1064,1064,C
4-HA,490,0,1060,0,1,1061,T
4-HA,491,0,1065,0,0,1065,T
4-HA,492,0,1067,0,0,1067,T
4-HA,493,1068,0,0,0,1068,A
4-HA,494,0,0,1068,0,1068,G
4-HA,495,0,1054,0,0,1054,T
4-HA,496,1059,0,0,0,1059,A
4-HA,497,0,0,1066,0,1066,G
4-HA,498,1051,0,0,0,1051,A
4-HA,499,0,1047,0,0,1047,T
4-HA,500,0,1047,0,0,1047,T
4-HA,501,1,0,1059,0,1060,G
4-HA,502,1060,0,0,0,1060,A
4-HA,503,1064,0,0,0,1064,A
4-HA,504,0,1067,1,0,1068,T
4-HA,505,0,1062,0,0,1062,T
4-HA,506,0,0,1081,0,1081,G
4-HA,507,0,0,1082,0,1082,G
4-HA,508,0,1081,0,1,1082,T
4-HA,509,0,1079,0,1,1080,T
4-HA,510,2,0,1074,0,1076,G
4-HA,511,1075,0,2,0,1077,A
4-HA,512,0,0,0,1074,1074,C
4-HA,513,0,0,0,1080,1080,C
4-HA,514,0,0,0,1079,1079,C
4-HA,515,1066,1,2,0,1069,A
4-HA,516,0,1,0,1059,1060,C
4-HA,517,0,1054,0,0,1054,T
4-HA,518,0,1,0,1056,1057,C
4-HA,519,1071,0,0,0,1071,A
4-HA,520,1073,0,0,0,1073,A
4-HA,521,1079,0,0,0,1079,A
4-HA,522,1082,0,1,0,1083,A
4-HA,523,0,1094,0,0,1094,T
4-HA,524,0,1090,0,0,1090,T
4-HA,525,0,0,0,1096,1096,C
4-HA,526,1091,0,0,0,1091,A
4-HA,527,1088,0,0,0,1088,A
4-HA,528,1089,0,0,0,1089,A
4-HA,529,0,1087,0,0,1087,T
4-HA,530,1102,0,0,0,1102,A
4-HA,531,0,0,0,1103,1103,C
4-HA,532,0,0,0,1085,1085,C
4-HA,533,0,0,0,1091,1091,C
4-HA,534,1091,0,0,0,1091,A
4-HA,535,0,0,1126,0,1126,G
4-HA,536,0,0,0,1135,1135,C
4-HA,537,1134,0,0,0,1134,A
4-HA,538,0,1135,0,0,1135,T
4-HA,539,0,1122,0,0,1122,T
4-HA,540,0,0,1169,0,1169,G
4-HA,541,1164,0,0,0,1164,A
4-HA,542,1155,0,0,0,1155,A
4-HA,543,0,1127,0,1,1128,T
4-HA,544,0,1,1135,0,1136,G
4-HA,545,0,1139,0,1,1140,T
4-HA,546,1,1,1151,0,1153,G
4-HA,547,1160,0,0,0,1160,A
4-HA,548,0,0,0,1156,1156,C
4-HA,549,0,1116,0,1,1117,T
4-HA,550,1134,0,0,0,1134,A
4-HA,551,0,1134,0,2,1136,T
4-HA,552,1,0,1138,0,1139,G
4-HA,553,0,1,1,1130,1132,C
4-HA,554,0,1,0,1137,1138,C
4-HA,555,1141,0,0,0,1141,A
4-HA,556,1135,0,0,0,1135,A
4-HA,557,1138,0,0,12,1150,A
4-HA,558,0,0,0,1154,1154,C
4-HA,559,1128,0,0,0,1128,A
4-HA,560,1122,0,1,0,1123,A
4-HA,561,0,1112,0,0,1112,T
4-HA,562,0,0,1119,0,1119,G
4-HA,563,1120,1,0,0,1121,A
4-HA,564,1119,0,0,0,1119,A
4-HA,565,1,0,0,1105,1106,C
4-HA,566,1106,0,0,1,1107,A
4-HA,567,1107,0,0,0,1107,A
4-HA,568,0,1107,0,1,1108,T
4-HA,569,0,1105,0,0,1105,T
4-HA,570,0,1107,0,0,1107,T
4-HA,571,0,0,1107,0,1107,G
4-HA,572,1103,1,3,0,1107,A
4-HA,573,0,0,0,1113,1113,C
4-HA,574,1118,0,0,0,1118,A
4-HA,575,1116,0,0,0,1116,A
4-HA,576,1123,0,0,0,1123,A
4-HA,577,0,1125,0,0,1125,T
4-HA,578,0,1109,0,0,1109,T
4-HA,579,0,0,1115,0,1115,G
4-HA,580,0,1115,0,2,1117,T
4-HA,581,1114,1,1,0,1116,A
4-HA,582,0,0,0,1139,1139,C
4-HA,583,1138,0,0,0,1138,A
4-HA,584,0,1150,0,0,1150,T
4-HA,585,0,1146,0,0,1146,T
4-HA,586,0,1137,0,0,1137,T
4-HA,587,0,0,1135,0,1135,G
4-HA,588,0,0,1135,0,1135,G
4-HA,589,1,0,1124,0,1125,G
4-HA,590,0,0,1134,0,1134,G
4-HA,591,0,0,1115,0,1115,G
4-HA,592,0,0,1138,0,1138,G
4-HA,593,0,1133,0,1,1134,T
4-HA,594,0,1132,0,0,1132,T
4-HA,595,0,0,0,1136,1136,C
4-HA,596,1135,0,0,0,1135,A
4-HA,597,0,1,0,1135,1136,C
4-HA,598,0,0,0,1133,1133,C
4-HA,599,1118,0,0,0,1118,A
4-HA,600,0,1,0,1148,1149,C
4-HA,601,0,0,0,1132,1132,C
4-HA,602,0,1,0,1118,1119,C
4-HA,603,0,0,1120,0,1120,G
4-HA,604,0,0,1164,0,1164,G
4-HA,605,0,0,1168,0,1168,G
4-HA,606,0,1162,0,0,1162,T
4-HA,607,1175,0,1,0,1176,A
4-HA,608,0,0,0,1177,1177,C
4-HA,609,0,0,1162,0,1162,G
4-HA,610,0,0,1175,0,1175,G
4-HA,611,1174,0,0,0,1174,A
4-HA,612,0,0,0,1174,1174,C
4-HA,613,1124,0,0,0,1124,A
4-HA,614,1120,0,0,0,1120,A
4-HA,615,0,1118,0,1,1119,T
4-HA,616,1,0,1130,0,1131,G
4-HA,617,1129,0,0,0,1129,A
4-HA,618,0,0,0,1131,1131,C
4-HA,619,0,0,0,1117,1117,C
4-HA,620,1125,0,0,0,1125,A
4-HA,621,1122,0,0,0,1122,A
4-HA,622,1138,0,0,0,1138,A
4-HA,623,1,1119,0,0,1120,T
4-HA,624,0,0,0,1145,1145,C
4-HA,625,0,1029,0,0,1029,T
4-HA,626,0,1024,0,1,1025,T
4-HA,627,0,0,0,1033,1033,C
4-HA,628,0,0,0,1045,1045,C
4-HA,629,0,1038,0,0,1038,T
4-HA,630,0,0,1045,0,1045,G
4-HA,631,0,1035,0,1,1036,T
4-HA,632,1043,0,0,0,1043,A
4-HA,633,0,1052,0,0,1052,T
4-HA,634,0,0,1050,0,1050,G
4-HA,635,0,0,0,1042,1042,C
4-HA,636,0,1042,0,0,1042,T
4-HA,637,0,2,0,1046,1048,C
4-HA,638,1049,0,2,0,1051,A
4-HA,639,1039,0,0,0,1039,A
4-HA,640,0,0,1049,0,1049,G
4-HA,641,0,1,0,1062,1063,C
4-HA,642,1059,0,0,0,1059,A
4-HA,643,0,1054,0,0,1054,T
4-HA,644,0,0,0,1052,1052,C
4-HA,645,1049,0,3,0,1052,A
4-HA,646,0,0,1060,0,1060,G
4-HA,647,1,0,1055,0,1056,G
4-HA,648,1062,1,0,0,1063,A
4-HA,649,1055,0,0,0,1055,A
4-HA,650,0,0,1073,0,1073,G
4-HA,651,1069,0,1,0,1070,A
4-HA,652,1088,0,0,0,1088,A
4-HA,653,0,1089,0,2,1091,T
4-HA,654,0,0,0,1103,1103,C
4-HA,655,1094,0,0,0,1094,A
4-HA,656,0,0,0,1090,1090,C
4-HA,657,1076,0,2,0,1078,A
4-HA,658,0,1,1100,0,1101,G
4-HA,659,0,1080,0,0,1080,T
4-HA,660,0,0,0,1084,1084,C
4-HA,661,0,1077,0,0,1077,T
4-HA,662,0,0,0,1097,1097,C
4-HA,663,0,1092,1,1,1094,T
4-HA,664,1098,0,0,0,1098,A
4-HA,665,0,0,0,1106,1106,C
4-HA,666,0,0,0,1102,1102,C
4-HA,667,1086,0,1,0,1087,A
4-HA,668,1091,0,0,0,1091,A
4-HA,669,1072,1,0,0,1073,A
4-HA,670,1069,0,1,0,1070,A
4-HA,671,0,0,1074,0,1074,G
4-HA,672,1056,0,2,0,1058,A
4-HA,673,1048,0,1,0,1049,A
4-HA,674,0,0,1038,0,1038,G
4-HA,675,0,0,0,1047,1047,C
4-HA,676,0,0,0,1058,1058,C
4-HA,677,1061,0,0,0,1061,A
4-HA,678,1062,1,0,0,1063,A
4-HA,679,0,1,0,1069,1070,C
4-HA,680,1060,0,0,0,1060,A
4-HA,681,0,0,1038,1,1039,G
4-HA,682,1060,0,0,0,1060,A
4-HA,683,0,0,0,1090,1090,C
4-HA,684,0,1088,0,1,1089,T
4-HA,685,0,0,1094,0,1094,G
4-HA,686,1,1092,0,0,1093,T
4-HA,687,1103,0,0,0,1103,A
4-HA,688,1098,0,0,0,1098,A
4-HA,689,0,1080,0,0,1080,T
4-HA,690,0,0,0,1087,1087,C
4-HA,691,0,0,0,1079,1079,C
4-HA,692,1,0,0,1079,1080,C
4-HA,693,0,0,1087,0,1087,G
4-HA,694,1072,0,0,0,1072,A
4-HA,695,1074,0,1,0,1075,A
4-HA,696,0,1076,0,0,1076,T
4-HA,697,1074,0,0,0,1074,A
4-HA,698,0,1058,0,0,1058,T
4-HA,699,0,0,0,1062,1062,C
4-HA,700,0,0,1062,0,1062,G
4-HA,701,0,0,1089,0,1089,G
4-HA,702,1086,0,0,0,1086,A
4-HA,703,0,1104,0,1,1105,T
4-HA,704,0,0,0,1107,1107,C
4-HA,705,0,1106,0,0,1106,T
4-HA,706,1107,0,0,0,1107,A
4-HA,707,0,1,1099,0,1100,G
4-HA,708,1106,0,1,0,1107,A
4-HA,709,0,1,0,1097,1098,C
4-HA,710,0,1,0,1083,1084,C
4-HA,711,0,0,0,1090,1090,C
4-HA,712,1083,0,0,0,1083,A
4-HA,713,0,0,1124,0,1124,G
4-HA,714,1118,0,0,0,1118,A
4-HA,715,0,0,1128,0,1128,G
4-HA,716,0,1131,0,0,1131,T
4-HA,717,1124,0,0,0,1124,A
4-HA,718,1124,0,0,0,1124,A
4-HA,719,1,0,1131,0,1132,G
4-HA,720,0,0,1139,0,1139,G
4-HA,721,1130,0,0,0,1130,A
4-HA,722,1042,0,1,0,1043,A
4-HA,723,0,1028,0,0,1028,T
4-HA,724,1038,0,0,0,1038,A
4-HA,725,0,1033,0,1,1034,T
4-HA,726,0,0,0,1045,1045,C
4-HA,727,0,0,0,1049,1049,C
4-HA,728,1,0,0,1017,1018,C
4-HA,729,0,1021,0,2,1023,T
4-HA,730,1025,0,0,1,1026,A
4-HA,731,0,0,1019,0,1019,G
4-HA,732,0,1,0,1024,1025,C
4-HA,733,1013,0,1,0,1014,A
4-HA,734,1,0,1043,0,1044,G
4-HA,735,1023,0,1,0,1024,A
4-HA,736,1023,0,0,0,1023,A
4-HA,737,0,1026,0,0,1026,T
4-HA,738,1032,0,0,0,1032,A
4-HA,739,1033,0,1,0,1034,A
4-HA,740,0,1,1023,0,1024,G
4-HA,741,0,0,0,1018,1018,C
4-HA,742,1026,0,0,0,1026,A
4-HA,743,0,986,0,1,987,T
4-HA,744,0,0,0,1036,1036,C
4-HA,745,0,1033,0,0,1033,T
4-HA,746,1046,0,0,0,1046,A
4-HA,747,0,1040,0,0,1040,T
4-HA,748,0,1031,0,0,1031,T
4-HA,749,2,0,1033,0,1035,G
4-HA,750,0,0,1023,0,1023,G
4-HA,751,1024,0,0,0,1024,A
4-HA,752,0,0,0,1038,1038,C
4-HA,753,959,1,0,0,960,A
4-HA,754,971,0,0,0,971,A
4-HA,755,0,1021,0,0,1021,T
4-HA,756,1033,0,0,0,1033,A
4-HA,757,0,0,1038,0,1038,G
4-HA,758,1,1021,0,0,1022,T
4-HA,759,1035,0,0,0,1035,A
4-HA,760,1040,0,0,0,1040,A
4-HA,761,1056,0,0,0,1056,A
4-HA,762,1064,1,0,0,1065,A
4-HA,763,0,0,0,1079,1079,C
4-HA,764,0,0,0,1042,1042,C
4-HA,765,2,0,1040,1,1043,G
4-HA,766,0,0,1033,0,1033,G
4-HA,767,0,0,1066,0,1066,G
4-HA,768,1064,0,0,0,1064,A
4-HA,769,0,0,1079,0,1079,G
4-HA,770,1094,0,0,0,1094,A
4-HA,771,0,0,0,1103,1103,C
4-HA,772,1097,0,1,1,1099,A
4-HA,773,0,1108,0,1,1109,T
4-HA,774,1089,0,1,0,1090,A
4-HA,775,0,0,0,1134,1134,C
4-HA,776,0,1128,0,1,1129,T
4-HA,777,0,1148,0,0,1148,T
4-HA,778,0,1170,0,0,1170,T
4-HA,779,0,1161,0,1,1162,T
4-HA,780,0,0,1175,0,1175,G
4-HA,781,1190,0,0,1,1191,A
4-HA,782,0,1195,0,0,1195,T
4-HA,783,0,1273,0,1,1274,T
4-HA,784,1272,0,0,0,1272,A
4-HA,785,1274,0,0,0,1274,A
4-HA,786,0,1,0,1302,1303,C
4-HA,787,1301,0,0,0,1301,A
4-HA,788,0,0,1378,0,1378,G
4-HA,789,0,0,0,1365,1365,C
4-HA,790,1380,0,0,0,1380,A
4-HA,791,0,0,0,1391,1391,C
4-HA,792,1376,0,0,0,1376,A
4-HA,793,0,0,1407,0,1407,G
4-HA,794,0,2,1392,0,1394,G
4-HA,795,0,0,1474,0,1474,G
4-HA,796,1474,0,0,0,1474,A
4-HA,797,1473,0,1,0,1474,A
4-HA,798,0,1475,0,0,1475,T
4-HA,799,0,0,0,1485,1485,C
4-HA,800,0,1508,0,0,1508,T
4-HA,801,1512,0,0,0,1512,A
4-HA,802,1506,0,0,0,1506,A
4-HA,803,0,1497,0,0,1497,T
4-HA,804,0,1465,0,0,1465,T
4-HA,805,0,0,1475,0,1475,G
4-HA,806,0,0,0,1551,1551,C
4-HA,807,0,1642,1,0,1643,T
4-HA,808,1,0,0,1707,1708,C
4-HA,809,0,0,0,1700,1700,C
4-HA,810,1,1718,0,0,1719,T
4-HA,811,1722,0,1,0,1723,A
4-HA,812,0,0,1728,0,1728,G
4-HA,813,0,0,1745,0,1745,G
4-HA,814,0,0,1739,0,1739,G
4-HA,815,0,0,1733,0,1733,G
4-HA,816,0,1690,0,0,1690,T
4-HA,817,0,1699,0,1,1700,T
4-HA,818,1699,0,1,0,1700,A
4-HA,819,0,0,0,1735,1735,C
4-HA,820,0,1733,0,0,1733,T
4-HA,821,0,1763,0,2,1765,T
4-HA,822,0,0,0,1784,1784,C
4-HA,823,1782,0,0,0,1782,A
4-HA,824,1781,0,0,0,1781,A
4-HA,825,1793,0,1,0,1794,A
4-HA,826,1823,0,1,0,1824,A
4-HA,827,0,1821,0,0,1821,T
4-HA,828,1813,0,0,0,1813,A
4-HA,829,0,0,0,1813,1813,C
4-HA,830,1799,0,2,0,1801,A
4-HA,831,1807,0,2,0,1809,A
4-HA,832,1810,0,0,0,1810,A
4-HA,833,0,0,1850,0,1850,G
4-HA,834,0,1844,0,0,1844,T
4-HA,835,1,0,1859,0,1860,G
4-HA,836,0,0,1853,0,1853,G
4-HA,837,0,0,1855,0,1855,G
4-HA,838,1861,0,0,0,1861,A
4-HA,839,1879,0,0,0,1879,A
4-HA,840,1872,0,2,0,1874,A
4-HA,841,1849,0,3,0,1852,A
4-HA,842,1,0,1881,0,1882,G
4-HA,843,0,1,0,1870,1871,C
4-HA,844,1,1869,0,1,1871,T
4-HA,845,0,0,0,1901,1901,C
4-HA,846,1916,0,0,0,1916,A
4-HA,847,1933,0,1,0,1934,A
4-HA,848,0,1931,1,0,1932,T
4-HA,849,1946,0,0,0,1946,A
4-HA,850,1952,0,0,0,1952,A
4-HA,851,0,1912,0,0,1912,T
4-HA,852,1,0,1926,0,1927,G
4-HA,853,1905,0,2,0,1907,A
4-HA,854,0,0,1980,0,1980,G
4-HA,855,1986,0,0,0,1986,A
4-HA,856,1,1963,0,0,1964,T
4-HA,857,0,1,0,2015,2016,C
4-HA,858,2007,0,0,0,2007,A
4-HA,859,0,0,2053,0,2053,G
4-HA,860,2052,0,0,0,2052,A
4-HA,861,0,2053,0,0,2053,T
4-HA,862,1,0,2058,0,2059,G
4-HA,863,0,0,0,2035,2035,C
4-HA,864,2029,1,1,0,2031,A
4-HA,865,0,1,0,2092,2093,C
4-HA,866,0,0,0,2079,2079,C
4-HA,867,1,1,0,2093,2095,C
4-HA,868,2066,0,0,0,2066,A
4-HA,869,0,2069,0,0,2069,T
4-HA,870,0,2060,0,2,2062,T
4-HA,871,0,0,2077,0,2077,G
4-HA,872,0,0,2066,0,2066,G
4-HA,873,0,0,0,2079,2079,C
4-HA,874,2066,0,1,0,2067,A
4-HA,875,2059,0,0,0,2059,A
4-HA,876,2077,0,2,0,2079,A
4-HA,877,0,2081,0,1,2082,T
4-HA,878,0,0,2088,0,2088,G
4-HA,879,0,0,1,2090,2091,C
4-HA,880,2079,0,1,0,2080,A
4-HA,881,2148,0,1,0,2149,A
4-HA,882,0,2139,0,0,2139,T
4-HA,883,0,2150,0,0,2150,T
4-HA,884,0,0,0,2165,2165,C
4-HA,885,0,2130,0,1,2131,T
4-HA,886,1,0,2163,0,2164,G
4-HA,887,2158,0,0,0,2158,A
4-HA,888,2170,0,0,0,2170,A
4-HA,889,0,2172,0,1,2173,T
4-HA,890,0,0,2150,0,2150,G
4-HA,891,0,0,0,2152,2152,C
4-HA,892,2147,0,0,0,2147,A
4-HA,893,0,2143,1,2,2146,T
4-HA,894,0,1,0,2137,2138,C
4-HA,895,2133,0,1,0,2134,A
4-HA,896,0,0,0,2258,2258,C
4-HA,897,0,2230,0,1,2231,T
4-HA,898,0,0,0,2261,2261,C
4-HA,899,1,2,0,2253,2256,C
4-HA,900,2286,0,0,0,2286,A
4-HA,901,2289,0,0,0,2289,A
4-HA,902,2273,1,0,0,2274,A
4-HA,903,0,2225,0,0,2225,T
4-HA,904,0,0,2235,0,2235,G
4-HA,905,0,0,2235,0,2235,G
4-HA,906,2242,1,0,0,2243,A
4-HA,907,2233,1,4,0,2238,A
4-HA,908,0,0,2246,0,2246,G
4-HA,909,0,0,0,2234,2234,C
4-HA,910,2235,0,0,0,2235,A
4-HA,911,0,2242,0,0,2242,T
4-HA,912,0,2235,0,0,2235,T
4-HA,913,0,0,0,2311,2311,C
4-HA,914,0,0,0,2307,2307,C
4-HA,915,0,0,2,2322,2324,C
4-HA,916,2318,0,1,1,2320,A
4-HA,917,2354,0,0,1,2355,A
4-HA,918,0,2408,0,0,2408,T
4-HA,919,1,0,2403,0,2404,G
4-HA,920,2395,0,1,0,2396,A
4-HA,921,0,0,0,2404,2404,C
4-HA,922,2362,0,0,0,2362,A
4-HA,923,2362,0,0,0,2362,A
4-HA,924,2332,0,3,0,2335,A
4-HA,925,0,0,0,2355,2355,C
4-HA,926,0,1,0,2337,2338,C
4-HA,927,2293,0,0,0,2293,A
4-HA,928,0,2295,0,1,2296,T
4-HA,929,0,2287,0,0,2287,T
4-HA,930,0,1,0,2306,2307,C
4-HA,931,0,0,0,2311,2311,C
4-HA,932,2316,0,0,0,2316,A
4-HA,933,2316,0,1,0,2317,A
4-HA,934,2312,0,0,0,2312,A
4-HA,935,2332,0,0,0,2332,A
4-HA,936,0,2324,0,0,2324,T
4-HA,937,0,0,2324,0,2324,G
4-HA,938,0,2315,0,2,2317,T
4-HA,939,0,2318,0,1,2319,T
4-HA,940,2358,0,0,0,2358,A
4-HA,941,2346,0,1,0,2347,A
4-HA,942,0,0,0,2343,2343,C
4-HA,943,2340,0,0,0,2340,A
4-HA,944,1,0,2377,0,2378,G
4-HA,945,0,1,2390,0,2391,G
4-HA,946,2442,2,2,0,2446,A
4-HA,947,0,2441,0,0,2441,T
4-HA,948,0,0,0,2479,2479,C
4-HA,949,2492,1,1,0,2494,A
4-HA,950,0,0,0,2587,2587,C
4-HA,951,2591,0,1,0,2592,A
4-HA,952,0,2690,0,0,2690,T
4-HA,953,2638,0,2,0,2640,A
4-HA,954,0,0,0,2634,2634,C
4-HA,955,1,0,2550,0,2551,G
4-HA,956,0,0,2533,0,2533,G
4-HA,957,1,0,2494,0,2495,G
4-HA,958,3,0,2498,0,2501,G
4-HA,959,0,0,0,2491,2491,C
4-HA,960,0,1,0,2509,2510,C
4-HA,961,1,2476,0,4,2481,T
4-HA,962,0,0,2717,0,2717,G
4-HA,963,0,2719,0,2,2721,T
4-HA,964,1,0,0,2735,2736,C
4-HA,965,1,0,0,2745,2746,C
4-HA,966,0,0,0,2756,2756,C
4-HA,967,2767,0,1,0,2768,A
4-HA,968,0,0,2778,0,2778,G
4-HA,969,2779,0,0,0,2779,A
4-HA,970,0,2748,0,1,2749,T
4-HA,971,2565,0,0,0,2565,A
4-HA,972,0,2522,0,0,2522,T
4-HA,973,1,0,2522,1,2524,G
4-HA,974,0,2515,0,2,2517,T
4-HA,975,0,2509,0,0,2509,T
4-HA,976,2537,0,0,0,2537,A
4-HA,977,2508,0,0,1,2509,A
4-HA,978,0,0,2522,0,2522,G
4-HA,979,0,0,0,2533,2533,C
4-HA,980,2501,0,1,0,2502,A
4-HA,981,2507,0,0,0,2507,A
4-HA,982,2489,0,0,0,2489,A
4-HA,983,2487,0,1,0,2488,A
4-HA,984,0,0,0,2490,2490,C
4-HA,985,2465,0,0,0,2465,A
4-HA,986,0,0,0,2498,2498,C
4-HA,987,0,2464,0,1,2465,T
4-HA,988,0,0,0,2486,2486,C
4-HA,989,0,2493,0,0,2493,T
4-HA,990,1,0,2498,0,2499,G
4-HA,991,2499,1,0,0,2500,A
4-HA,992,2501,0,0,0,2501,A
4-HA,993,2506,0,0,0,2506,A
4-HA,994,0,2483,0,0,2483,T
4-HA,995,0,2469,0,1,2470,T
4-HA,996,0,0,2489,0,2489,G
4-HA,997,0,0,2469,0,2469,G
4-HA,998,0,1,0,2488,2489,C
4-HA,999,2482,0,0,0,2482,A
4-HA,1000,2489,0,0,0,2489,A
4-HA,1001,0,1,0,2494,2495,C
4-HA,1002,2490,1,2,0,2493,A
4-HA,1003,0,0,2504,0,2504,G
4-HA,1004,2,1,2487,0,2490,G
4-HA,1005,0,0,2474,0,2474,G
4-HA,1006,2465,0,5,0,2470,A
4-HA,1007,0,2451,0,0,2451,T
4-HA,1008,1,0,2456,0,2457,G
4-HA,1009,0,0,0,2450,2450,C
4-HA,1010,0,0,2478,0,2478,G
4-HA,1011,2478,0,0,0,2478,A
4-HA,1012,2451,0,0,0,2451,A
4-HA,1013,2476,0,0,0,2476,A
4-HA,1014,0,2449,0,0,2449,T
4-HA,1015,0,0,2483,0,2483,G
4-HA,1016,0,2467,0,2,2469,T
4-HA,1017,2460,0,1,0,2461,A
4-HA,1018,0,1,0,2456,2457,C
4-HA,1019,1,0,0,2457,2458,C
4-HA,1020,2434,2,0,0,2436,A
4-HA,1021,1,0,2415,0,2416,G
4-HA,1022,2244,1,1,0,2246,A
4-HA,1023,1,0,2257,0,2258,G
4-HA,1024,2198,0,0,0,2198,A
4-HA,1025,2181,0,0,0,2181,A
4-HA,1026,2181,0,0,0,2181,A
4-HA,1027,0,0,0,2177,2177,C
4-HA,1028,2098,0,1,0,2099,A
4-HA,1029,2132,0,0,0,2132,A
4-HA,1030,2105,0,0,0,2105,A
4-HA,1031,0,0,0,2132,2132,C
4-HA,1032,0,2104,0,0,2104,T
4-HA,1033,2064,0,0,0,2064,A
4-HA,1034,0,0,2064,0,2064,G
4-HA,1035,2043,0,3,0,2046,A
4-HA,1036,1,0,2095,0,2096,G
4-HA,1037,2,0,2075,0,2077,G
4-HA,1038,0,0,0,2038,2038,C
4-HA,1039,2060,0,0,0,2060,A
4-HA,1040,0,2067,0,0,2067,T
4-HA,1041,2075,0,1,0,2076,A
4-HA,1042,0,2065,0,0,2065,T
4-HA,1043,0,2059,0,0,2059,T
4-HA,1044,0,2065,0,1,2066,T
4-HA,1045,0,0,2006,0,2006,G
4-HA,1046,2,0,2006,0,2008,G
4-HA,1047,0,1,0,1994,1995,C
4-HA,1048,2,0,2005,0,2007,G
4-HA,1049,0,0,0,1991,1991,C
4-HA,1050,1976,0,0,0,1976,A
4-HA,1051,1982,0,0,0,1982,A
4-HA,1052,0,1982,0,0,1982,T
4-HA,1053,0,0,0,1992,1992,C
4-HA,1054,0,0,2009,0,2009,G
4-HA,1055,0,0,0,1985,1985,C
4-HA,1056,0,0,2006,0,2006,G
4-HA,1057,0,0,2007,0,2007,G
4-HA,1058,1,0,2026,0,2027,G
4-HA,1059,0,2015,0,1,2016,T
4-HA,1060,0,1983,0,17,2000,T
4-HA,1061,0,2005,0,1,2006,T
4-HA,1062,0,0,0,2005,2005,C
4-HA,1063,2019,0,0,0,2019,A
4-HA,1064,0,2026,0,0,2026,T
4-HA,1065,2029,0,0,1,2030,A
4-HA,1066,0,0,2046,0,2046,G
4-HA,1067,2007,1,0,0,2008,A
4-HA,1068,2028,1,2,0,2031,A
4-HA,1069,2019,0,0,0,2019,A
4-HA,1070,2028,0,0,0,2028,A
4-HA,1071,0,2029,0,1,2030,T
4-HA,1072,0,0,2043,0,2043,G
4-HA,1073,0,0,2049,0,2049,G
4-HA,1074,0,2033,0,0,2033,T
4-HA,1075,0,2039,0,1,2040,T
4-HA,1076,0,0,2032,0,2032,G
4-HA,1077,0,0,2045,0,2045,G
4-HA,1078,0,1,2044,1,2046,G
4-HA,1079,2026,0,6,0,2032,A
4-HA,1080,0,0,2060,0,2060,G
4-HA,1081,0,0,2057,0,2057,G
4-HA,1082,0,0,2151,0,2151,G
4-HA,1083,2140,0,1,0,2141,A
4-HA,1084,2172,0,2,0,2174,A
4-HA,1085,0,2176,0,0,2176,T
4-HA,1086,0,0,2191,0,2191,G
4-HA,1087,0,0,2232,0,2232,G
4-HA,1088,1,2173,0,3,2177,T
4-HA,1089,0,0,2208,0,2208,G
4-HA,1090,0,0,2192,0,2192,G
4-HA,1091,2130,0,0,0,2130,A
4-HA,1092,0,2155,0,0,2155,T
4-HA,1093,0,0,2189,0,2189,G
4-HA,1094,0,0,2219,0,2219,G
4-HA,1095,0,2188,0,0,2188,T
4-HA,1096,0,2139,0,2,2141,T
4-HA,1097,0,0,2137,0,2137,G
4-HA,1098,3,0,2157,0,2160,G
4-HA,1099,0,2133,0,1,2134,T
4-HA,1100,2159,0,0,0,2159,A
4-HA,1101,0,0,0,2063,2063,C
4-HA,1102,2,0,2082,0,2084,G
4-HA,1103,0,0,2157,0,2157,G
4-HA,1104,0,2147,0,4,2151,T
4-HA,1105,0,2136,0,1,2137,T
4-HA,1106,0,2136,0,1,2137,T
4-HA,1107,0,0,0,2109,2109,C
4-HA,1108,2115,0,2,0,2117,A
4-HA,1109,0,0,2113,0,2113,G
4-HA,1110,0,1,2101,0,2102,G
4-HA,1111,0,0,0,2109,2109,C
4-HA,1112,2036,0,0,0,2036,A
4-HA,1113,0,2037,1,2,2040,T
4-HA,1114,0,0,0,2051,2051,C
4-HA,1115,2059,0,0,0,2059,A
4-HA,1116,2053,0,0,0,2053,A
4-HA,1117,2058,0,1,0,2059,A
4-HA,1118,2063,1,1,0,2065,A
4-HA,1119,0,2059,0,0,2059,T
4-HA,1120,0,2057,0,0,2057,T
4-HA,1121,0,2,0,2047,2049,C
4-HA,1122,0,2057,0,1,2058,T
4-HA,1123,0,0,2060,0,2060,G
4-HA,1124,2044,0,0,0,2044,A
4-HA,1125,2038,1,2,0,2041,A
4-HA,1126,1,0,2054,0,2055,G
4-HA,1127,2,0,2068,0,2070,G
4-HA,1128,2055,0,0,0,2055,A
4-HA,1129,2063,0,2,0,2065,A
4-HA,1130,1,0,2060,0,2061,G
4-HA,1131,2080,0,2,0,2082,A
4-HA,1132,0,0,2087,0,2087,G
4-HA,1133,0,0,2098,0,2098,G
4-HA,1134,2087,0,0,0,2087,A
4-HA,1135,0,0,0,2092,2092,C
4-HA,1136,2086,0,1,0,2087,A
4-HA,1137,2078,0,4,0,2082,A
4-HA,1138,0,0,2086,0,2086,G
4-HA,1139,0,0,1,2083,2084,C
4-HA,1140,2087,0,1,0,2088,A
4-HA,1141,0,0,2120,0,2120,G
4-HA,1142,1,0,0,2109,2110,C
4-HA,1143,2107,0,1,0,2108,A
4-HA,1144,0,0,2152,0,2152,G
4-HA,1145,2111,0,0,0,2111,A
4-HA,1146,0,2176,0,0,2176,T
4-HA,1147,0,0,0,2195,2195,C
4-HA,1148,0,2167,0,4,2171,T
4-HA,1149,0,1,0,2225,2226,C
4-HA,1150,2220,0,0,0,2220,A
4-HA,1151,2219,1,1,0,2221,A
4-HA,1152,2222,0,0,0,2222,A
4-HA,1153,2174,1,3,1,2179,A
4-HA,1154,1,0,2180,0,2181,G
4-HA,1155,0,1,0,2190,2191,C
4-HA,1156,2177,0,1,0,2178,A
4-HA,1157,0,0,0,2229,2229,C
4-HA,1158,0,2205,1,0,2206,T
4-HA,1159,0,0,0,2242,2242,C
4-HA,1160,2233,0,4,0,2237,A
4-HA,1161,2288,0,3,0,2291,A
4-HA,1162,0,0,2281,0,2281,G
4-HA,1163,0,0,0,2285,2285,C
4-HA,1164,2287,0,0,0,2287,A
4-HA,1165,2,0,2281,0,2283,G
4-HA,1166,0,1,0,2232,2233,C
4-HA,1167,2247,1,0,0,2248,A
4-HA,1168,2237,0,0,0,2237,A
4-HA,1169,0,2215,0,0,2215,T
4-HA,1170,0,0,0,2167,2167,C
4-HA,1171,0,0,2179,0,2179,G
4-HA,1172,2167,1,0,0,2168,A
4-HA,1173,0,2162,0,0,2162,T
4-HA,1174,0,1,0,2155,2156,C
4-HA,1175,2163,0,1,0,2164,A
4-HA,1176,2209,0,1,0,2210,A
4-HA,1177,2207,0,2,0,2209,A
4-HA,1178,3,2202,0,0,2205,T
4-HA,1179,0,0,0,2211,2211,C
4-HA,1180,2182,0,0,0,2182,A
4-HA,1181,2206,1,0,0,2207,A
4-HA,1182,1,2195,0,6,2202,T
4-HA,1183,0,0,2207,0,2207,G
4-HA,1184,1,1,2178,0,2180,G
4-HA,1185,0,0,2150,0,2150,G
4-HA,1186,2155,0,3,0,2158,A
4-HA,1187,2173,0,1,0,2174,A
4-HA,1188,0,0,2189,0,2189,G
4-HA,1189,0,1,0,2188,2189,C
4-HA,1190,0,2182,0,0,2182,T
4-HA,1191,0,1,2295,0,2296,G
4-HA,1192,2276,1,0,0,2277,A
4-HA,1193,2292,0,0,0,2292,A
4-HA,1194,0,2292,0,0,2292,T
4-HA,1195,2236,0,2,0,2238,A
4-HA,1196,0,0,2237,0,2237,G
4-HA,1197,2057,0,4,0,2061,A
4-HA,1198,0,2064,0,0,2064,T
4-HA,1199,0,2074,0,0,2074,T
4-HA,1200,1,0,2074,0,2075,G
4-HA,1201,2061,0,0,0,2061,A
4-HA,1202,0,2051,1,0,2052,T
4-HA,1203,0,2,0,2077,2079,C
4-HA,1204,1,0,2077,0,2078,G
4-HA,1205,0,0,2053,0,2053,G
4-HA,1206,0,0,2070,0,2070,G
4-HA,1207,2080,0,0,0,2080,A
4-HA,1208,2078,0,0,0,2078,A
4-HA,1209,2070,0,1,1,2072,A
4-HA,1210,2051,0,1,0,2052,A
4-HA,1211,0,0,0,2077,2077,C
4-HA,1212,0,0,0,2074,2074,C
4-HA,1213,2071,0,1,0,2072,A
4-HA,1214,2057,0,0,0,2057,A
4-HA,1215,0,0,0,2055,2055,C
4-HA,1216,0,0,2068,0,2068,G
4-HA,1217,2069,0,0,0,2069,A
4-HA,1218,0,0,2063,0,2063,G
4-HA,1219,2069,0,0,0,2069,A
4-HA,1220,2067,0,0,0,2067,A
4-HA,1221,2063,0,2,0,2065,A
4-HA,1222,0,2058,0,0,2058,T
4-HA,1223,0,2061,0,1,2062,T
4-HA,1224,0,0,0,2074,2074,C
4-HA,1225,0,0,0,2078,2078,C
4-HA,1226,2090,0,1,0,2091,A
4-HA,1227,0,2071,0,0,2071,T
4-HA,1228,0,0,0,2083,2083,C
4-HA,1229,2089,0,0,0,2089,A
4-HA,1230,0,0,2093,1,2094,G
4-HA,1231,2085,0,0,0,2085,A
4-HA,1232,0,2078,0,0,2078,T
4-HA,1233,0,2082,0,0,2082,T
4-HA,1234,0,1,2091,0,2092,G
4-HA,1235,2086,0,1,0,2087,A
4-HA,1236,2097,0,0,0,2097,A
4-HA,1237,2101,0,0,0,2101,A
4-HA,1238,2096,0,0,0,2096,A
4-HA,1239,2069,1,1,0,2071,A
4-HA,1240,0,0,2079,0,2079,G
4-HA,1241,2085,0,0,0,2085,A
4-HA,1242,2085,0,0,0,2085,A
4-HA,1243,0,2045,0,1,2046,T
4-HA,1244,0,2060,0,0,2060,T
4-HA,1245,0,1,0,2062,2063,C
4-HA,1246,1,2068,0,0,2069,T
4-HA,1247,0,1,0,2066,2067,C
4-HA,1248,2075,0,0,0,2075,A
4-HA,1249,2,0,2069,0,2071,G
4-HA,1250,2055,0,2,0,2057,A
4-HA,1251,2046,0,2,0,2048,A
4-HA,1252,0,0,2055,0,2055,G
4-HA,1253,0,2015,0,0,2015,T
4-HA,1254,0,0,0,2046,2046,C
4-HA,1255,1,0,2049,0,2050,G
4-HA,1256,2041,0,5,0,2046,A
4-HA,1257,2036,0,2,0,2038,A
4-HA,1258,1,0,2045,0,2046,G
4-HA,1259,0,1,2040,0,2041,G
4-HA,1260,0,0,2056,0,2056,G
4-HA,1261,2018,0,5,0,2023,A
4-HA,1262,3,0,2051,0,2054,G
4-HA,1263,2046,1,3,0,2050,A
4-HA,1264,2209,0,0,1,2210,A
4-HA,1265,0,2206,0,2,2208,T
4-HA,1266,0,2212,0,0,2212,T
4-HA,1267,0,0,0,2221,2221,C
4-HA,1268,2173,0,3,0,2176,A
4-HA,1269,0,0,2175,1,2176,G
4-HA,1270,0,0,2158,0,2158,G
4-HA,1271,2150,0,1,0,2151,A
4-HA,1272,0,0,0,2160,2160,C
4-HA,1273,0,1,0,2010,2011,C
4-HA,1274,0,2000,1,2,2003,T
4-HA,1275,0,1973,0,49,2022,T
4-HA,1276,0,0,2049,0,2049,G
4-HA,1277,2038,0,0,0,2038,A
4-HA,1278,0,1,2074,0,2075,G
4-HA,1279,2063,0,0,0,2063,A
4-HA,1280,1884,0,0,0,1884,A
4-HA,1281,1871,1,0,0,1872,A
4-HA,1282,0,1847,0,0,1847,T
4-HA,1283,1924,0,1,0,1925,A
4-HA,1284,0,1921,0,1,1922,T
4-HA,1285,0,0,1924,0,1924,G
4-HA,1286,0,1910,0,2,1912,T
4-HA,1287,0,1877,0,0,1877,T
4-HA,1288,0,0,1889,1,1890,G
4-HA,1289,1883,0,0,0,1883,A
4-HA,1290,0,0,1963,0,1963,G
4-HA,1291,0,0,1961,0,1961,G
4-HA,1292,1933,0,3,0,1936,A
4-HA,1293,0,1,0,1968,1969,C
4-HA,1294,1916,0,2,0,1918,A
4-HA,1295,0,0,0,1971,1971,C
4-HA,1296,0,1,0,1974,1975,C
4-HA,1297,1980,0,0,0,1980,A
4-HA,1298,2019,0,0,0,2019,A
4-HA,1299,2017,0,0,0,2017,A
4-HA,1300,2031,1,0,0,2032,A
4-HA,1301,0,2024,0,0,2024,T
4-HA,1302,1988,0,0,0,1988,A
4-HA,1303,0,0,1981,0,1981,G
4-HA,1304,1958,0,0,0,1958,A
4-HA,1305,0,1973,0,0,1973,T
4-HA,1306,0,0,0,1985,1985,C
4-HA,1307,0,1945,0,1,1946,T
4-HA,1308,0,0,0,2006,2006,C
4-HA,1309,0,2000,0,4,2004,T
4-HA,1310,0,0,2051,0,2051,G
4-HA,1311,0,0,2078,0,2078,G
4-HA,1312,0,2066,0,4,2070,T
4-HA,1313,0,1,0,2094,2095,C
4-HA,1314,2102,0,1,0,2103,A
4-HA,1315,0,2117,0,3,2120,T
4-HA,1316,2110,0,1,0,2111,A
4-HA,1317,0,1,0,2101,2102,C
4-HA,1318,2059,0,2,0,2061,A
4-HA,1319,2059,0,2,0,2061,A
4-HA,1320,0,0,0,2004,2004,C
4-HA,1321,0,0,1980,0,1980,G
4-HA,1322,0,2,0,1986,1988,C
4-HA,1323,0,0,1976,0,1976,G
4-HA,1324,0,1,1968,0,1969,G
4-HA,1325,1976,0,0,0,1976,A
4-HA,1326,0,1,1993,0,1994,G
4-HA,1327,0,1,0,2000,2001,C
4-HA,1328,0,2003,1,1,2005,T
4-HA,1329,0,2025,1,1,2027,T
4-HA,1330,0,0,0,2031,2031,C
4-HA,1331,0,2039,0,2,2041,T
4-HA,1332,0,2041,0,2,2043,T
4-HA,1333,0,0,2043,0,2043,G
4-HA,1334,0,2013,0,2,2015,T
4-HA,1335,0,1989,0,1,1990,T
4-HA,1336,1,0,2017,0,2018,G
4-HA,1337,1,0,0,2020,2021,C
4-HA,1338,1,0,0,2003,2004,C
4-HA,1339,0,0,0,2030,2030,C
4-HA,1340,0,2036,0,2,2038,T
4-HA,1341,0,0,2062,0,2062,G
4-HA,1342,0,0,2057,0,2057,G
4-HA,1343,2054,0,1,0,2055,A
4-HA,1344,1,1,2064,0,2066,G
4-HA,1345,2034,0,2,0,2036,A
4-HA,1346,2039,0,1,0,2040,A
4-HA,1347,0,1,0,2057,2058,C
4-HA,1348,0,0,0,2060,2060,C
4-HA,1349,2057,0,1,0,2058,A
4-HA,1350,2156,0,1,0,2157,A
4-HA,1351,0,1,1,2168,2170,C
4-HA,1352,2171,0,0,0,2171,A
4-HA,1353,0,2156,0,1,2157,T
4-HA,1354,2153,0,0,0,2153,A
4-HA,1355,0,1,0,2180,2181,C
4-HA,1356,2164,0,0,0,2164,A
4-HA,1357,2168,0,0,0,2168,A
4-HA,1358,0,2146,0,1,2147,T
4-HA,1359,0,2059,0,0,2059,T
4-HA,1360,0,0,2080,0,2080,G
4-HA,1361,2086,0,0,1,2087,A
4-HA,1362,0,2081,0,3,2084,T
4-HA,1363,0,0,0,2097,2097,C
4-HA,1364,0,2070,0,3,2073,T
4-HA,1365,2101,0,0,0,2101,A
4-HA,1366,2098,0,0,0,2098,A
4-HA,1367,0,0,0,2098,2098,C
4-HA,1368,0,2074,0,0,2074,T
4-HA,1369,1,0,2069,0,2070,G
4-HA,1370,2059,0,2,0,2061,A
4-HA,1371,0,1,0,2052,2053,C
4-HA,1372,0,2053,1,1,2055,T
4-HA,1373,1,0,0,2063,2064,C
4-HA,1374,2061,0,2,0,2063,A
4-HA,1375,0,0,2107,0,2107,G
4-HA,1376,2100,0,1,0,2101,A
4-HA,1377,2100,0,0,0,2100,A
4-HA,1378,2105,0,1,0,2106,A
4-HA,1379,0,2068,0,0,2068,T
4-HA,1380,0,0,2084,0,2084,G
4-HA,1381,2079,0,1,0,2080,A
4-HA,1382,2083,0,1,0,2084,A
4-HA,1383,0,0,0,2086,2086,C
4-HA,1384,2070,0,0,0,2070,A
4-HA,1385,2060,0,1,0,2061,A
4-HA,1386,2058,0,1,0,2059,A
4-HA,1387,0,0,0,2068,2068,C
4-HA,1388,0,2051,0,0,2051,T
4-HA,1389,1,0,2059,0,2060,G
4-HA,1390,1,2047,0,1,2049,T
4-HA,1391,0,2048,0,1,2049,T
4-HA,1392,0,2062,0,2,2064,T
4-HA,1393,0,0,2059,0,2059,G
4-HA,1394,2050,1,1,0,2052,A
4-HA,1395,2056,0,0,0,2056,A
4-HA,1396,2053,1,0,0,2054,A
4-HA,1397,2047,0,2,0,2049,A
4-HA,1398,2031,0,0,0,2031,A
4-HA,1399,2037,1,0,1,2039,A
4-HA,1400,0,0,0,2049,2049,C
4-HA,1401,2044,0,0,0,2044,A
4-HA,1402,2049,0,1,0,2050,A
4-HA,1403,2049,0,1,0,2050,A
4-HA,1404,1,0,2045,0,2046,G
4-HA,1405,2056,0,0,0,2056,A
4-HA,1406,2041,0,4,0,2045,A
4-HA,1407,1,0,2042,0,2043,G
4-HA,1408,0,0,0,2042,2042,C
4-HA,1409,2049,0,3,0,2052,A
4-HA,1410,2059,0,2,0,2061,A
4-HA,1411,0,0,0,2049,2049,C
4-HA,1412,0,2029,0,1,2030,T
4-HA,1413,0,0,2071,0,2071,G
4-HA,1414,2035,0,1,0,2036,A
4-HA,1415,0,1,2048,0,2049,G
4-HA,1416,1,0,2058,0,2059,G
4-HA,1417,0,0,2054,0,2054,G
4-HA,1418,2067,0,0,0,2067,A
4-HA,1419,2051,0,0,0,2051,A
4-HA,1420,2057,0,1,0,2058,A
4-HA,1421,2070,0,0,0,2070,A
4-HA,1422,0,2066,0,0,2066,T
4-HA,1423,0,0,2074,0,2074,G
4-HA,1424,0,0,0,2067,2067,C
4-HA,1425,0,2067,0,0,2067,T
4-HA,1426,0,0,2069,0,2069,G
4-HA,1427,2060,0,0,0,2060,A
4-HA,1428,0,0,2165,0,2165,G
4-HA,1429,0,0,2187,0,2187,G
4-HA,1430,2159,0,2,0,2161,A
4-HA,1431,0,2141,0,0,2141,T
4-HA,1432,2144,0,0,0,2144,A
4-HA,1433,0,2119,0,1,2120,T
4-HA,1434,0,1,2142,0,2143,G
4-HA,1435,0,0,2152,0,2152,G
4-HA,1436,0,0,2149,1,2150,G
4-HA,1437,1,0,0,2055,2056,C
4-HA,1438,2021,0,0,0,2021,A
4-HA,1439,2014,0,0,0,2014,A
4-HA,1440,0,2025,0,0,2025,T
4-HA,1441,0,0,2027,0,2027,G
4-HA,1442,0,1,2025,0,2026,G
4-HA,1443,0,1998,0,0,1998,T
4-HA,1444,0,1970,0,0,1970,T
4-HA,1445,0,0,1972,0,1972,G
4-HA,1446,0,1976,0,3,1979,T
4-HA,1447,0,1989,0,1,1990,T
4-HA,1448,0,1983,0,0,1983,T
4-HA,1449,0,0,0,1997,1997,C
4-HA,1450,1997,0,1,0,1998,A
4-HA,1451,1999,0,0,0,1999,A
4-HA,1452,2000,0,1,0,2001,A
4-HA,1453,2018,1,0,0,2019,A
4-HA,1454,0,2003,0,0,2003,T
4-HA,1455,1986,0,1,0,1987,A
4-HA,1456,0,1993,0,1,1994,T
4-HA,1457,1965,0,1,0,1966,A
4-HA,1458,0,0,0,1988,1988,C
4-HA,1459,0,0,0,1983,1983,C
4-HA,1460,1984,0,1,0,1985,A
4-HA,1461,0,0,0,1994,1994,C
4-HA,1462,1997,0,0,0,1997,A
4-HA,1463,2010,0,0,0,2010,A
4-HA,1464,2015,1,0,0,2016,A
4-HA,1465,0,2014,0,0,2014,T
4-HA,1466,0,0,2021,0,2021,G
4-HA,1467,0,1986,0,2,1988,T
4-HA,1468,2,0,2010,0,2012,G
4-HA,1469,2015,1,1,0,2017,A
4-HA,1470,0,1,0,1999,2000,C
4-HA,1471,1983,0,0,0,1983,A
4-HA,1472,1968,0,1,1,1970,A
4-HA,1473,0,2007,0,0,2007,T
4-HA,1474,1,0,2014,0,2015,G
4-HA,1475,1,1,1,1981,1984,C
4-HA,1476,0,1,0,2017,2018,C
4-HA,1477,0,2016,0,3,2019,T
4-HA,1478,0,0,2090,0,2090,G
4-HA,1479,0,0,0,2095,2095,C
4-HA,1480,2098,1,0,0,2099,A
4-HA,1481,0,2093,0,1,2094,T
4-HA,1482,2013,0,0,0,2013,A
4-HA,1483,0,0,2022,0,2022,G
4-HA,1484,0,0,2015,0,2015,G
4-HA,1485,1981,0,20,0,2001,A
4-HA,1486,0,1976,0,1,1977,T
4-HA,1487,1,1,0,1892,1894,C
4-HA,1488,1894,0,0,0,1894,A
4-HA,1489,1898,0,1,0,1899,A
4-HA,1490,0,1893,0,1,1894,T
4-HA,1491,0,1,0,1902,1903,C
4-HA,1492,1878,0,1,0,1879,A
4-HA,1493,0,0,1882,0,1882,G
4-HA,1494,1886,0,3,0,1889,A
4-HA,1495,1885,0,0,0,1885,A
4-HA,1496,1886,0,0,0,1886,A
4-HA,1497,0,1873,0,0,1873,T
4-HA,1498,0,0,1856,0,1856,G
4-HA,1499,0,0,1857,0,1857,G
4-HA,1500,1855,0,0,0,1855,A
4-HA,1501,1867,0,0,0,1867,A
4-HA,1502,0,0,0,1856,1856,C
4-HA,1503,0,1833,0,2,1835,T
4-HA,1504,0,1853,0,0,1853,T
4-HA,1505,1859,0,1,0,1860,A
4-HA,1506,0,1850,0,0,1850,T
4-HA,1507,0,0,1856,0,1856,G
4-HA,1508,1826,0,2,0,1828,A
4-HA,1509,0,1,0,1828,1829,C
4-HA,1510,0,0,0,1814,1814,C
4-HA,1511,1818,0,0,0,1818,A
4-HA,1512,0,0,0,1850,1850,C
4-HA,1513,0,0,1881,0,1881,G
4-HA,1514,1916,0,1,0,1917,A
4-HA,1515,0,1934,0,1,1935,T
4-HA,1516,0,0,2004,0,2004,G
4-HA,1517,0,1990,0,0,1990,T
4-HA,1518,2052,0,0,0,2052,A
4-HA,1519,0,2053,0,1,2054,T
4-HA,1520,2044,0,3,0,2047,A
4-HA,1521,0,0,0,2041,2041,C
4-HA,1522,1801,0,0,0,1801,A
4-HA,1523,0,0,1824,0,1824,G
4-HA,1524,1704,0,2,0,1706,A
4-HA,1525,0,0,1640,0,1640,G
4-HA,1526,1624,0,1,0,1625,A
4-HA,1527,0,1466,0,0,1466,T
4-HA,1528,0,0,1464,0,1464,G
4-HA,1529,1459,0,0,1,1460,A
4-HA,1530,1446,0,2,0,1448,A
4-HA,1531,0,0,1464,0,1464,G
4-HA,1532,0,0,0,1426,1426,C
4-HA,1533,1416,0,0,0,1416,A
4-HA,1534,0,1407,0,1,1408,T
4-HA,1535,0,1405,0,0,1405,T
4-HA,1536,1425,0,0,0,1425,A
4-HA,1537,1420,0,1,0,1421,A
4-HA,1538,1418,0,0,0,1418,A
4-HA,1539,0,2,0,1417,1419,C
4-HA,1540,1358,0,0,0,1358,A
4-HA,1541,1355,0,0,1,1356,A
4-HA,1542,0,0,0,1363,1363,C
4-HA,1543,0,0,0,1358,1358,C
4-HA,1544,2,1,1342,1,1346,G
4-HA,1545,0,0,1367,0,1367,G
4-HA,1546,0,1372,0,1,1373,T
4-HA,1547,0,1365,0,1,1366,T
4-HA,1548,1,0,0,1370,1371,C
4-HA,1549,0,0,0,1372,1372,C
4-HA,1550,1360,0,2,0,1362,A
4-HA,1551,2,0,1375,0,1377,G
4-HA,1552,1374,0,1,1,1376,A
4-HA,1553,0,1360,1,1,1362,T
4-HA,1554,0,0,0,1291,1291,C
4-HA,1555,1282,0,0,0,1282,A
4-HA,1556,1283,0,1,0,1284,A
4-HA,1557,0,0,1286,0,1286,G
4-HA,1558,1,0,1272,0,1273,G
4-HA,1559,0,0,1283,0,1283,G
4-HA,1560,1211,0,0,0,1211,A
4-HA,1561,0,0,1233,0,1233,G
4-HA,1562,1,1231,0,2,1234,T
4-HA,1563,1,1230,0,0,1231,T
4-HA,1564,0,0,1236,0,1236,G
4-HA,1565,1226,0,0,0,1226,A
4-HA,1566,0,0,1231,0,1231,G
4-HA,1567,0,1,0,1217,1218,C
4-HA,1568,0,1217,0,0,1217,T
4-HA,1569,0,0,1221,0,1221,G
4-HA,1570,1217,0,0,0,1217,A
4-HA,1571,1218,0,1,0,1219,A
4-HA,1572,0,0,1225,0,1225,G
4-HA,1573,0,1186,0,0,1186,T
4-HA,1574,0,0,0,1189,1189,C
4-HA,1575,1180,0,1,0,1181,A
4-HA,1576,0,0,1174,0,1174,G
4-HA,1577,0,0,1170,0,1170,G
4-HA,1578,1,0,1140,0,1141,G
4-HA,1579,0,1178,0,1,1179,T
4-HA,1580,1175,0,0,0,1175,A
4-HA,1581,0,0,0,1178,1178,C
4-HA,1582,1174,0,0,0,1174,A
4-HA,1583,1175,0,0,0,1175,A
4-HA,1584,1177,0,0,0,1177,A
4-HA,1585,0,0,1179,0,1179,G
4-HA,1586,1133,1,0,0,1134,A
4-HA,1587,0,1084,0,0,1084,T
4-HA,1588,0,1068,0,0,1068,T
4-HA,1589,0,0,1059,0,1059,G
4-HA,1590,0,0,1062,0,1062,G
4-HA,1591,1061,0,2,0,1063,A
4-HA,1592,0,1065,0,0,1065,T
4-HA,1593,0,0,0,1060,1060,C
4-HA,1594,0,0,0,1043,1043,C
4-HA,1595,0,1039,0,0,1039,T
4-HA,1596,1043,0,0,0,1043,A
4-HA,1597,0,1044,0,0,1044,T
4-HA,1598,0,0,1043,0,1043,G
4-HA,1599,0,1,1040,0,1041,G
4-HA,1600,1020,0,0,0,1020,A
4-HA,1601,0,1018,0,0,1018,T
4-HA,1602,0,1008,0,0,1008,T
4-HA,1603,0,999,1,2,1002,T
4-HA,1604,0,1,0,1003,1004,C
4-HA,1605,0,0,1,1007,1008,C
4-HA,1606,0,993,0,0,993,T
4-HA,1607,0,998,0,0,998,T
4-HA,1608,0,986,0,0,986,T
4-HA,1609,0,0,995,0,995,G
4-HA,1610,0,2,0,987,989,C
4-HA,1611,0,0,0,989,989,C
4-HA,1612,963,0,0,0,963,A
4-HA,1613,0,958,0,0,958,T
4-HA,1614,954,0,1,0,955,A
4-HA,1615,0,955,0,3,958,T
4-HA,1616,0,0,0,948,948,C
4-HA,1617,947,1,0,0,948,A
4-HA,1618,0,933,0,0,933,T
4-HA,1619,0,0,935,0,935,G
4-HA,1620,0,929,0,1,930,T
4-HA,1621,0,909,0,0,909,T
4-HA,1622,0,902,0,0,902,T
4-HA,1623,0,883,0,0,883,T
4-HA,1624,0,879,0,0,879,T
4-HA,1625,0,875,0,0,875,T
4-HA,1626,0,0,880,1,881,G
4-HA,1627,0,0,0,863,863,C
4-HA,1628,0,832,0,19,851,T
4-HA,1629,0,853,0,0,853,T
4-HA,1630,0,851,0,0,851,T
4-HA,1631,0,0,867,0,867,G
4-HA,1632,0,861,0,0,861,T
4-HA,1633,0,0,860,0,860,G
4-HA,1634,0,863,0,1,864,T
4-HA,1635,0,847,0,0,847,T
4-HA,1636,0,0,841,0,841,G
4-HA,1637,0,0,0,833,833,C
4-HA,1638,0,839,0,1,840,T
4-HA,1639,0,841,0,0,841,T
4-HA,1640,0,796,0,0,796,T
4-HA,1641,0,0,810,0,810,G
4-HA,1642,0,807,0,1,808,T
4-HA,1643,0,798,0,4,802,T
4-HA,1644,0,0,802,0,802,G
4-HA,1645,0,0,779,0,779,G
4-HA,1646,0,1,776,0,777,G
4-HA,1647,0,0,779,0,779,G
4-HA,1648,0,759,0,1,760,T
4-HA,1649,0,744,0,1,745,T
4-HA,1650,0,0,0,732,732,C
4-HA,1651,723,0,3,0,726,A
4-HA,1652,1,716,0,0,717,T
4-HA,1653,0,0,0,713,713,C
4-HA,1654,707,0,1,0,708,A
4-HA,1655,0,694,0,1,695,T
4-HA,1656,0,0,677,0,677,G
4-HA,1657,0,666,0,0,666,T
4-HA,1658,0,0,655,0,655,G
4-HA,1659,0,0,641,0,641,G
4-HA,1660,0,0,633,0,633,G
4-HA,1661,0,0,0,609,609,C
4-HA,1662,0,0,0,591,591,C
4-HA,1663,0,548,0,1,549,T
4-HA,1664,0,0,550,0,550,G
4-HA,1665,0,0,0,537,537,C
4-HA,1666,0,0,0,547,547,C
4-HA,1667,551,0,0,0,551,A
4-HA,1668,544,0,0,0,544,A
4-HA,1669,547,0,0,0,547,A
4-HA,1670,545,0,0,0,545,A
4-HA,1671,544,1,1,0,546,A
4-HA,1672,0,0,541,0,541,G
4-HA,1673,0,0,535,0,535,G
4-HA,1674,0,0,0,525,525,C
4-HA,1675,518,0,0,0,518,A
4-HA,1676,523,0,0,0,523,A
4-HA,1677,0,0,0,527,527,C
4-HA,1678,526,0,0,0,526,A
4-HA,1679,0,521,0,0,521,T
4-HA,1680,0,521,0,0,521,T
4-HA,1681,513,0,0,0,513,A
4-HA,1682,0,0,506,0,506,G
4-HA,1683,0,0,506,0,506,G
4-HA,1684,0,482,0,0,482,T
4-HA,1685,0,0,437,0,437,G
4-HA,1686,0,0,0,421,421,C
4-HA,1687,420,0,0,0,420,A
4-HA,1688,417,0,0,0,417,A
4-HA,1689,0,0,0,419,419,C
4-HA,1690,413,0,0,0,413,A
4-HA,1691,0,399,0,0,399,T
4-HA,1692,0,384,1,0,385,T
4-HA,1693,0,388,0,0,388,T
4-HA,1694,0,0,385,0,385,G
4-HA,1695,0,0,0,381,381,C
4-HA,1696,383,0,0,0,383,A
4-HA,1697,0,358,0,0,358,T
4-HA,1698,0,340,0,1,341,T
4-HA,1699,0,337,0,0,337,T
4-HA,1700,0,0,336,0,336,G
4-HA,1701,316,0,0,0,316,A
5-NP,1,118,0,0,0,118,A
5-NP,2,0,119,0,0,119,T
5-NP,3,0,0,119,0,119,G
5-NP,4,0,0,115,0,115,G
5-NP,5,0,1,0,119,120,C
5-NP,6,0,0,123,0,123,G
5-NP,7,0,133,0,0,133,T
5-NP,8,0,0,0,135,135,C
5-NP,9,0,0,0,135,135,C
5-NP,10,0,0,0,136,136,C
5-NP,11,137,0,0,0,137,A
5-NP,12,135,0,0,0,135,A
5-NP,13,0,0,139,0,139,G
5-NP,14,0,0,138,0,138,G
5-NP,15,0,0,0,140,140,C
5-NP,16,140,0,0,0,140,A
5-NP,17,0,0,0,143,143,C
5-NP,18,0,0,0,144,144,C
5-NP,19,143,0,0,0,143,A
5-NP,20,145,0,0,0,145,A
5-NP,21,140,0,1,0,141,A
5-NP,22,0,0,0,142,142,C
5-NP,23,0,0,142,0,142,G
5-NP,24,0,0,155,0,155,G
5-NP,25,0,154,0,0,154,T
5-NP,26,0,0,0,164,164,C
5-NP,27,0,164,0,0,164,T
5-NP,28,0,172,0,1,173,T
5-NP,29,173,0,0,0,173,A
5-NP,30,0,175,0,0,175,T
5-NP,31,0,0,181,0,181,G
5-NP,32,179,0,0,0,179,A
5-NP,33,176,0,1,0,177,A
5-NP,34,0,0,0,175,175,C
5-NP,35,172,0,0,0,172,A
5-NP,36,0,0,185,0,185,G
5-NP,37,180,0,0,0,180,A
5-NP,38,0,189,0,0,189,T
5-NP,39,0,0,190,0,190,G
5-NP,40,0,0,185,0,185,G
5-NP,41,190,0,1,0,191,A
5-NP,42,188,0,0,0,188,A
5-NP,43,189,0,0,0,189,A
5-NP,44,0,0,0,200,200,C
5-NP,45,0,199,0,0,199,T
5-NP,46,0,0,200,0,200,G
5-NP,47,195,0,0,0,195,A
5-NP,48,0,202,0,0,202,T
5-NP,49,0,0,200,0,200,G
5-NP,50,0,0,195,0,195,G
5-NP,51,0,0,196,0,196,G
5-NP,52,0,0,196,0,196,G
5-NP,53,194,0,0,0,194,A
5-NP,54,0,192,0,0,192,T
5-NP,55,0,0,0,195,195,C
5-NP,56,0,0,196,0,196,G
5-NP,57,0,1,0,194,195,C
5-NP,58,0,0,0,195,195,C
5-NP,59,195,0,0,0,195,A
5-NP,60,0,0,200,0,200,G
5-NP,61,199,0,0,0,199,A
5-NP,62,203,0,0,0,203,A
5-NP,63,0,204,0,0,204,T
5-NP,64,0,0,200,0,200,G
5-NP,65,0,6,0,194,200,C
5-NP,66,198,0,0,0,198,A
5-NP,67,204,0,0,0,204,A
5-NP,68,0,0,0,204,204,C
5-NP,69,0,202,0,0,202,T
5-NP,70,0,0,206,0,206,G
5-NP,71,201,0,0,0,201,A
5-NP,72,0,0,218,0,218,G
5-NP,73,215,0,0,0,215,A
5-NP,74,0,215,0,0,215,T
5-NP,75,0,216,0,0,216,T
5-NP,76,214,0,0,0,214,A
5-NP,77,0,0,212,0,212,G
5-NP,78,0,0,210,0,210,G
5-NP,79,0,0,210,0,210,G
5-NP,80,0,0,0,211,211,C
5-NP,81,208,0,0,0,208,A
5-NP,82,0,208,0,0,208,T
5-NP,83,0,0,0,211,211,C
5-NP,84,0,0,0,212,212,C
5-NP,85,0,0,216,0,216,G
5-NP,86,0,217,0,0,217,T
5-NP,87,0,0,0,216,216,C
5-NP,88,0,0,217,0,217,G
5-NP,89,0,0,216,0,216,G
5-NP,90,0,0,217,0,217,G
5-NP,91,216,0,0,0,216,A
5-NP,92,218,0,0,0,218,A
5-NP,93,0,0,218,0,218,G
5-NP,94,214,0,0,0,214,A
5-NP,95,0,216,0,0,216,T
5-NP,96,0,0,219,0,219,G
5-NP,97,218,0,0,0,218,A
5-NP,98,0,216,0,0,216,T
5-NP,99,0,220,0,0,220,T
5-NP,100,0,0,220,0,220,G
5-NP,101,216,0,0,0,216,A
5-NP,102,0,220,0,0,220,T
5-NP,103,0,0,219,0,219,G
5-NP,104,0,0,220,0,220,G
5-NP,105,0,0,214,0,214,G
5-NP,106,225,0,0,0,225,A
5-NP,107,0,227,0,0,227,T
5-NP,108,0,229,0,0,229,T
5-NP,109,0,0,231,0,231,G
5-NP,110,0,0,228,0,228,G
5-NP,111,0,0,233,0,233,G
5-NP,112,228,0,0,0,228,A
5-NP,113,0,0,231,0,231,G
5-NP,114,225,0,0,0,225,A
5-NP,115,0,230,0,0,230,T
5-NP,116,0,229,0,0,229,T
5-NP,117,0,0,0,231,231,C
5-NP,118,0,229,0,0,229,T
5-NP,119,229,0,0,0,229,A
5-NP,120,0,0,0,233,233,C
5-NP,121,241,0,0,0,241,A
5-NP,122,0,243,0,0,243,T
5-NP,123,0,0,0,244,244,C
5-NP,124,0,0,0,238,238,C
5-NP,125,240,0,0,0,240,A
5-NP,126,246,0,0,0,246,A
5-NP,127,245,0,0,0,245,A
5-NP,128,0,246,0,0,246,T
5-NP,129,0,0,249,0,249,G
5-NP,130,0,243,0,0,243,T
5-NP,131,0,0,251,0,251,G
5-NP,132,0,0,0,250,250,C
5-NP,133,250,0,0,0,250,A
5-NP,134,0,0,0,249,249,C
5-NP,135,0,248,0,0,248,T
5-NP,136,0,0,267,0,267,G
5-NP,137,266,0,0,0,266,A
5-NP,138,272,0,0,0,272,A
5-NP,139,0,0,0,281,281,C
5-NP,140,0,280,0,0,280,T
5-NP,141,0,280,0,0,280,T
5-NP,142,281,0,0,0,281,A
5-NP,143,281,0,0,0,281,A
5-NP,144,283,0,0,0,283,A
5-NP,145,0,0,0,283,283,C
5-NP,146,0,275,0,0,275,T
5-NP,147,0,0,0,279,279,C
5-NP,148,274,0,0,0,274,A
5-NP,149,0,0,276,0,276,G
5-NP,150,0,273,0,4,277,T
5-NP,151,0,0,280,0,280,G
5-NP,152,286,0,0,0,286,A
5-NP,153,0,288,0,0,288,T
5-NP,154,0,0,0,290,290,C
5-NP,155,290,0,0,0,290,A
5-NP,156,0,289,0,0,289,T
5-NP,157,1,0,288,0,289,G
5-NP,158,288,0,0,0,288,A
5-NP,159,284,1,0,0,285,A
5-NP,160,0,0,285,0,285,G
5-NP,161,0,1,272,0,273,G
5-NP,162,0,0,273,0,273,G
5-NP,163,0,0,0,274,274,C
5-NP,164,0,0,275,0,275,G
5-NP,165,0,0,274,0,274,G
5-NP,166,0,276,0,0,276,T
5-NP,167,0,274,0,0,274,T
5-NP,168,0,0,274,0,274,G
5-NP,169,308,0,0,0,308,A
5-NP,170,0,310,0,0,310,T
5-NP,171,0,0,0,307,307,C
5-NP,172,0,0,0,312,312,C
5-NP,173,309,0,0,0,309,A
5-NP,174,0,0,312,0,312,G
5-NP,175,305,0,0,0,305,A
5-NP,176,308,0,0,0,308,A
5-NP,177,0,0,0,313,313,C
5-NP,178,297,0,0,0,297,A
5-NP,179,0,0,303,0,303,G
5-NP,180,0,1,0,301,302,C
5-NP,181,0,303,0,0,303,T
5-NP,182,0,308,0,0,308,T
5-NP,183,0,0,307,0,307,G
5-NP,184,308,0,0,0,308,A
5-NP,185,0,0,0,310,310,C
5-NP,186,306,0,0,0,306,A
5-NP,187,312,0,0,0,312,A
5-NP,188,0,312,0,0,312,T
5-NP,189,305,0,1,0,306,A
5-NP,190,0,0,305,0,305,G
5-NP,191,308,0,0,0,308,A
5-NP,192,0,0,307,0,307,G
5-NP,193,308,0,0,0,308,A
5-NP,194,311,0,0,0,311,A
5-NP,195,317,0,0,0,317,A
5-NP,196,317,0,0,0,317,A
5-NP,197,0,319,0,0,319,T
5-NP,198,0,0,324,0,324,G
5-NP,199,0,0,322,0,322,G
5-NP,200,0,317,0,1,318,T
5-NP,201,314,1,0,0,315,A
5-NP,202,0,0,0,324,324,C
5-NP,203,0,322,0,0,322,T
5-NP,204,0,0,0,324,324,C
5-NP,205,0,316,0,0,316,T
5-NP,206,0,0,0,322,322,C
5-NP,207,0,322,0,0,322,T
5-NP,208,0,0,326,0,326,G
5-NP,209,0,0,0,324,324,C
5-NP,210,0,325,0,1,326,T
5-NP,211,0,330,0,0,330,T
5-NP,212,0,330,0,0,330,T
5-NP,213,0,328,0,0,328,T
5-NP,214,0,0,328,0,328,G
5-NP,215,330,0,0,0,330,A
5-NP,216,0,329,0,0,329,T
5-NP,217,0,0,331,0,331,G
5-NP,218,327,0,0,0,327,A
5-NP,219,330,0,0,0,330,A
5-NP,220,333,0,0,0,333,A
5-NP,221,0,0,334,0,334,G
5-NP,222,336,0,0,0,336,A
5-NP,223,330,0,0,0,330,A
5-NP,224,0,0,331,0,331,G
5-NP,225,0,0,343,0,343,G
5-NP,226,341,0,0,0,341,A
5-NP,227,344,0,0,0,344,A
5-NP,228,0,340,0,0,340,T
5-NP,229,347,0,0,0,347,A
5-NP,230,344,0,0,0,344,A
5-NP,231,345,0,0,0,345,A
5-NP,232,0,341,0,0,341,T
5-NP,233,337,0,0,0,337,A
5-NP,234,0,0,0,343,343,C
5-NP,235,0,0,0,343,343,C
5-NP,236,0,340,0,0,340,T
5-NP,237,0,0,344,0,344,G
5-NP,238,0,0,350,0,350,G
5-NP,239,353,0,0,0,353,A
5-NP,240,348,0,0,0,348,A
5-NP,241,0,0,348,0,348,G
5-NP,242,348,0,0,0,348,A
5-NP,243,345,0,0,0,345,A
5-NP,244,0,0,0,341,341,C
5-NP,245,340,0,1,0,341,A
5-NP,246,0,0,0,363,363,C
5-NP,247,0,0,0,363,363,C
5-NP,248,0,0,0,358,358,C
5-NP,249,0,0,0,363,363,C
5-NP,250,365,0,0,0,365,A
5-NP,251,0,0,360,0,360,G
5-NP,252,0,0,0,358,358,C
5-NP,253,356,0,0,0,356,A
5-NP,254,0,0,0,354,354,C
5-NP,255,0,0,355,0,355,G
5-NP,256,0,1,361,0,362,G
5-NP,257,0,0,359,0,359,G
5-NP,258,0,0,357,0,357,G
5-NP,259,361,0,0,0,361,A
5-NP,260,366,0,0,0,366,A
5-NP,261,360,0,0,0,360,A
5-NP,262,0,0,359,0,359,G
5-NP,263,360,0,0,0,360,A
5-NP,264,0,352,0,0,352,T
5-NP,265,0,0,0,355,355,C
5-NP,266,0,0,0,348,348,C
5-NP,267,0,0,0,361,361,C
5-NP,268,361,0,0,0,361,A
5-NP,269,360,0,0,0,360,A
5-NP,270,0,0,358,0,358,G
5-NP,271,358,0,0,0,358,A
5-NP,272,364,0,1,0,365,A
5-NP,273,362,0,1,0,363,A
5-NP,274,365,0,0,0,365,A
5-NP,275,0,0,0,363,363,C
5-NP,276,0,355,0,0,355,T
5-NP,277,0,0,359,0,359,G
5-NP,278,0,0,354,0,354,G
5-NP,279,0,0,355,0,355,G
5-NP,280,0,0,354,0,354,G
5-NP,281,0,0,357,0,357,G
5-NP,282,0,0,361,0,361,G
5-NP,283,0,0,0,386,386,C
5-NP,284,0,0,0,385,385,C
5-NP,285,0,0,0,391,391,C
5-NP,286,441,0,0,0,441,A
5-NP,287,0,452,0,0,452,T
5-NP,288,474,0,0,0,474,A
5-NP,289,0,477,0,0,477,T
5-NP,290,469,0,0,0,469,A
5-NP,291,0,0,0,475,475,C
5-NP,292,443,0,0,0,443,A
5-NP,293,0,0,448,0,448,G
5-NP,294,0,0,446,0,446,G
5-NP,295,400,0,0,0,400,A
5-NP,296,0,0,404,0,404,G
5-NP,297,391,0,0,0,391,A
5-NP,298,0,0,391,0,391,G
5-NP,299,0,385,0,0,385,T
5-NP,300,387,0,0,0,387,A
5-NP,301,0,0,394,0,394,G
5-NP,302,392,0,0,0,392,A
5-NP,303,0,393,0,0,393,T
5-NP,304,0,0,391,0,391,G
5-NP,305,0,0,392,0,392,G
5-NP,306,388,0,0,0,388,A
5-NP,307,387,0,0,0,387,A
5-NP,308,386,1,0,0,387,A
5-NP,309,387,0,0,0,387,A
5-NP,310,0,386,0,0,386,T
5-NP,311,0,0,389,0,389,G
5-NP,312,0,0,388,0,388,G
5-NP,313,387,0,0,0,387,A
5-NP,314,0,383,0,0,383,T
5-NP,315,0,0,391,0,391,G
5-NP,316,389,0,1,0,390,A
5-NP,317,0,0,391,0,391,G
5-NP,318,0,0,389,0,389,G
5-NP,319,0,0,402,0,402,G
5-NP,320,426,0,1,0,427,A
5-NP,321,429,0,0,0,429,A
5-NP,322,0,0,0,464,464,C
5-NP,323,0,461,0,0,461,T
5-NP,324,0,0,0,498,498,C
5-NP,325,0,0,523,0,523,G
5-NP,326,0,552,0,0,552,T
5-NP,327,0,0,0,569,569,C
5-NP,328,0,0,0,805,805,C
5-NP,329,0,817,0,0,817,T
5-NP,330,0,841,0,0,841,T
5-NP,331,0,839,0,0,839,T
5-NP,332,846,0,0,0,846,A
5-NP,333,0,849,0,0,849,T
5-NP,334,0,0,849,0,849,G
5-NP,335,854,0,3,0,857,A
5-NP,336,0,0,0,857,857,C
5-NP,337,849,0,1,0,850,A
5-NP,338,857,0,0,0,857,A
5-NP,339,862,0,0,0,862,A
5-NP,340,0,0,952,0,952,G
5-NP,341,949,0,0,0,949,A
5-NP,342,955,0,0,0,955,A
5-NP,343,0,0,1078,0,1078,G
5-NP,344,1088,0,1,0,1089,A
5-NP,345,1111,0,0,0,1111,A
5-NP,346,1107,0,1,0,1108,A
5-NP,347,0,1107,0,2,1109,T
5-NP,348,1120,0,0,0,1120,A
5-NP,349,1115,0,0,0,1115,A
5-NP,350,0,0,1137,0,1137,G
5-NP,351,1,0,1123,0,1124,G
5-NP,352,0,0,0,1132,1132,C
5-NP,353,0,0,1141,0,1141,G
5-NP,354,1151,1,1,0,1153,A
5-NP,355,1193,0,0,0,1193,A
5-NP,356,0,1199,0,0,1199,T
5-NP,357,0,0,0,1205,1205,C
5-NP,358,0,1202,0,0,1202,T
5-NP,359,0,0,1196,0,1196,G
5-NP,360,0,0,1204,0,1204,G
5-NP,361,0,1,0,1211,1212,C
5-NP,362,0,0,1210,0,1210,G
5-NP,363,0,0,0,1211,1211,C
5-NP,364,0,0,0,1214,1214,C
5-NP,365,1224,0,0,0,1224,A
5-NP,366,1253,0,1,0,1254,A
5-NP,367,0,0,1302,0,1302,G
5-NP,368,0,0,0,1301,1301,C
5-NP,369,0,0,0,1332,1332,C
5-NP,370,1331,0,1,0,1332,A
5-NP,371,1370,0,1,0,1371,A
5-NP,372,0,0,0,1400,1400,C
5-NP,373,1410,0,0,1,1411,A
5-NP,374,1453,0,0,0,1453,A
5-NP,375,0,1463,0,0,1463,T
5-NP,376,0,0,1522,0,1522,G
5-NP,377,0,0,1519,0,1519,G
5-NP,378,0,1499,0,1,1500,T
5-NP,379,0,0,1519,0,1519,G
5-NP,380,1507,0,1,0,1508,A
5-NP,381,0,0,1571,0,1571,G
5-NP,382,0,0,1567,0,1567,G
5-NP,383,1617,0,0,0,1617,A
5-NP,384,1,1967,0,0,1968,T
5-NP,385,0,0,2001,0,2001,G
5-NP,386,0,0,0,2026,2026,C
5-NP,387,0,2044,0,3,2047,T
5-NP,388,2057,0,0,0,2057,A
5-NP,389,0,0,0,2115,2115,C
5-NP,390,2124,0,0,0,2124,A
5-NP,391,1,2135,0,0,2136,T
5-NP,392,0,0,0,2122,2122,C
5-NP,393,0,2063,0,1,2064,T
5-NP,394,0,0,2216,0,2216,G
5-NP,395,0,0,2289,0,2289,G
5-NP,396,0,2289,0,1,2290,T
5-NP,397,0,0,0,2313,2313,C
5-NP,398,0,2292,0,1,2293,T
5-NP,399,2343,0,1,0,2344,A
5-NP,400,2345,0,2,0,2347,A
5-NP,401,0,0,0,2375,2375,C
5-NP,402,0,2382,0,2,2384,T
5-NP,403,0,0,0,2426,2426,C
5-NP,404,2423,0,2,0,2425,A
5-NP,405,0,0,0,2531,2531,C
5-NP,406,2537,0,0,0,2537,A
5-NP,407,0,2547,0,0,2547,T
5-NP,408,2529,0,0,0,2529,A
5-NP,409,2530,0,0,1,2531,A
5-NP,410,0,2557,0,1,2558,T
5-NP,411,0,0,2601,0,2601,G
5-NP,412,2582,0,0,0,2582,A
5-NP,413,0,2572,0,0,2572,T
5-NP,414,0,2562,0,0,2562,T
5-NP,415,0,2552,0,1,2553,T
5-NP,416,0,0,2539,0,2539,G
5-NP,417,1,0,2529,0,2530,G
5-NP,418,0,0,0,2559,2559,C
5-NP,419,2552,1,2,0,2555,A
5-NP,420,0,2568,0,2,2570,T
5-NP,421,0,2572,0,0,2572,T
5-NP,422,0,1,0,2568,2569,C
5-NP,423,0,2,0,2583,2585,C
5-NP,424,2641,0,0,0,2641,A
5-NP,425,2639,1,0,0,2640,A
5-NP,426,0,2656,0,0,2656,T
5-NP,427,0,2648,0,0,2648,T
5-NP,428,0,2649,0,1,2650,T
5-NP,429,0,0,2672,0,2672,G
5-NP,430,2665,0,2,0,2667,A
5-NP,431,2658,0,1,0,2659,A
5-NP,432,0,2709,0,1,2710,T
5-NP,433,0,0,2690,1,2691,G
5-NP,434,2846,1,1,0,2848,A
5-NP,435,0,2874,0,1,2875,T
5-NP,436,0,0,2884,0,2884,G
5-NP,437,0,1,0,2987,2988,C
5-NP,438,2980,1,3,0,2984,A
5-NP,439,3124,0,2,0,3126,A
5-NP,440,0,0,0,3149,3149,C
5-NP,441,3203,0,0,0,3203,A
5-NP,442,0,3313,0,0,3313,T
5-NP,443,3250,0,2,0,3252,A
5-NP,444,0,0,1,3316,3317,C
5-NP,445,1,0,0,3307,3308,C
5-NP,446,3255,0,0,0,3255,A
5-NP,447,1,0,3287,0,3288,G
5-NP,448,3202,0,2,0,3204,A
5-NP,449,0,0,3271,0,3271,G
5-NP,450,0,0,3255,0,3255,G
5-NP,451,3229,0,1,0,3230,A
5-NP,452,1,1,0,3280,3282,C
5-NP,453,3240,0,2,0,3242,A
5-NP,454,3256,0,2,0,3258,A
5-NP,455,0,0,3258,0,3258,G
5-NP,456,3216,0,7,0,3223,A
5-NP,457,1,0,3255,0,3256,G
5-NP,458,0,0,0,3273,3273,C
5-NP,459,0,3257,0,0,3257,T
5-NP,460,0,0,0,3293,3293,C
5-NP,461,0,3282,0,2,3284,T
5-NP,462,0,3291,0,1,3292,T
5-NP,463,0,0,3322,0,3322,G
5-NP,464,0,3321,0,0,3321,T
5-NP,465,0,3328,0,2,3330,T
5-NP,466,1,0,0,3310,3311,C
5-NP,467,0,1,3298,0,3299,G
5-NP,468,3379,0,0,0,3379,A
5-NP,469,3387,2,0,0,3389,A
5-NP,470,0,0,0,3434,3434,C
5-NP,471,0,3424,0,1,3425,T
5-NP,472,0,0,3481,1,3482,G
5-NP,473,0,2,3479,0,3481,G
5-NP,474,3494,0,2,0,3496,A
5-NP,475,3508,0,1,0,3509,A
5-NP,476,0,3480,0,0,3480,T
5-NP,477,1,1,3488,0,3490,G
5-NP,478,0,0,3472,0,3472,G
5-NP,479,3539,0,0,0,3539,A
5-NP,480,0,3579,0,2,3581,T
5-NP,481,0,0,0,3606,3606,C
5-NP,482,0,1,0,3605,3606,C
5-NP,483,1,0,0,3636,3637,C
5-NP,484,3678,1,2,0,3681,A
5-NP,485,0,2,3721,0,3723,G
5-NP,486,3715,0,0,0,3715,A
5-NP,487,3697,0,0,0,3697,A
5-NP,488,0,3684,0,0,3684,T
5-NP,489,1,0,3738,0,3739,G
5-NP,490,0,3689,0,1,3690,T
5-NP,491,1,1,3718,0,3720,G
5-NP,492,0,1,0,3741,3742,C
5-NP,493,0,3731,0,3,3734,T
5-NP,494,0,1,0,3959,3960,C
5-NP,495,0,3959,0,3,3962,T
5-NP,496,0,2,0,4177,4179,C
5-NP,497,0,4186,0,0,4186,T
5-NP,498,0,1,4188,1,4190,G
5-NP,499,4207,0,2,0,4209,A
5-NP,500,0,4214,0,1,4215,T
5-NP,501,1,0,4207,0,4208,G
5-NP,502,0,0,0,4226,4226,C
5-NP,503,4099,1,3,1,4104,A
5-NP,504,1,1,4205,0,4207,G
5-NP,505,0,1,4132,0,4133,G
5-NP,506,1,1,4145,0,4147,G
5-NP,507,0,0,0,4172,4172,C
5-NP,508,0,4156,0,1,4157,T
5-NP,509,0,1,0,4197,4198,C
5-NP,510,1,1,4190,0,4192,G
5-NP,511,4224,0,2,0,4226,A
5-NP,512,0,0,0,4256,4256,C
5-NP,513,0,4200,0,4,4204,T
5-NP,514,0,0,0,4455,4455,C
5-NP,515,0,4440,0,2,4442,T
5-NP,516,0,1,0,5172,5173,C
5-NP,517,0,1,0,5188,5189,C
5-NP,518,0,0,0,5216,5216,C
5-NP,519,0,5237,0,0,5237,T
5-NP,520,5190,0,0,0,5190,A
5-NP,521,1,1,5178,0,5180,G
5-NP,522,5158,0,1,0,5159,A
5-NP,523,4994,1,1,0,4996,A
5-NP,524,0,0,5010,0,5010,G
5-NP,525,0,1,4897,0,4898,G
5-NP,526,0,4783,0,4,4787,T
5-NP,527,1,0,0,4856,4857,C
5-NP,528,0,0,0,4863,4863,C
5-NP,529,2,1,4863,0,4866,G
5-NP,530,0,0,4861,0,4861,G
5-NP,531,4832,0,34,0,4866,A
5-NP,532,1,0,4948,0,4949,G
5-NP,533,0,0,0,4966,4966,C
5-NP,534,1,4912,0,6,4919,T
5-NP,535,1,0,4932,0,4933,G
5-NP,536,1,3,0,4946,4950,C
5-NP,537,4932,1,6,0,4939,A
5-NP,538,0,1,4947,0,4948,G
5-NP,539,0,1,4931,0,4932,G
5-NP,540,0,4817,0,1,4818,T
5-NP,541,1,0,4894,0,4895,G
5-NP,542,0,0,0,4910,4910,C
5-NP,543,0,4923,0,5,4928,T
5-NP,544,0,0,4960,0,4960,G
5-NP,545,0,1,0,4933,4934,C
5-NP,546,5001,0,5,1,5007,A
5-NP,547,0,0,5112,0,5112,G
5-NP,548,1,5059,0,1,5061,T
5-NP,549,0,2,0,5103,5105,C
5-NP,550,5086,1,4,0,5091,A
5-NP,551,5086,0,3,2,5091,A
5-NP,552,5099,1,6,0,5106,A
5-NP,553,0,0,5135,0,5135,G
5-NP,554,2,0,5120,0,5122,G
5-NP,555,5090,0,0,0,5090,A
5-NP,556,5055,0,2,0,5057,A
5-NP,557,0,5058,0,1,5059,T
5-NP,558,0,1,0,5085,5086,C
5-NP,559,1,0,5079,0,5080,G
5-NP,560,0,0,5141,0,5141,G
5-NP,561,0,0,5169,0,5169,G
5-NP,562,5128,0,3,0,5131,A
5-NP,563,0,0,0,5174,5174,C
5-NP,564,5137,0,1,0,5138,A
5-NP,565,5230,1,0,1,5232,A
5-NP,566,0,5293,0,2,5295,T
5-NP,567,0,0,5317,0,5317,G
5-NP,568,0,0,5416,0,5416,G
5-NP,569,0,5385,0,1,5386,T
5-NP,570,0,0,5491,1,5492,G
5-NP,571,5427,0,2,0,5429,A
5-NP,572,0,5482,0,1,5483,T
5-NP,573,0,0,5498,0,5498,G
5-NP,574,0,1,5518,0,5519,G
5-NP,575,5427,0,6,0,5433,A
5-NP,576,5496,0,4,1,5501,A
5-NP,577,0,0,0,5506,5506,C
5-NP,578,0,5338,1,0,5339,T
5-NP,579,0,1,5608,0,5609,G
5-NP,580,5522,1,2,0,5525,A
5-NP,581,0,5559,0,0,5559,T
5-NP,582,0,2,0,5625,5627,C
5-NP,583,5550,0,1,0,5551,A
5-NP,584,0,0,5700,0,5700,G
5-NP,585,5604,0,5,0,5609,A
5-NP,586,5660,0,0,1,5661,A
5-NP,587,0,5683,0,0,5683,T
5-NP,588,0,0,5556,0,5556,G
5-NP,589,0,0,5596,0,5596,G
5-NP,590,0,5553,0,6,5559,T
5-NP,591,0,0,0,5607,5607,C
5-NP,592,5615,0,0,0,5615,A
5-NP,593,5576,0,1,0,5577,A
5-NP,594,5591,1,0,0,5592,A
5-NP,595,0,0,0,5598,5598,C
5-NP,596,1,0,5607,0,5608,G
5-NP,597,0,0,5620,0,5620,G
5-NP,598,0,1,5538,1,5540,G
5-NP,599,0,0,5581,0,5581,G
5-NP,600,5562,0,3,0,5565,A
5-NP,601,5586,1,1,0,5588,A
5-NP,602,1,5573,0,2,5576,T
5-NP,603,0,1,0,5611,5612,C
5-NP,604,5627,0,3,0,5630,A
5-NP,605,5599,0,3,0,5602,A
5-NP,606,0,0,0,5580,5580,C
5-NP,607,2,0,5550,0,5552,G
5-NP,608,5516,0,0,0,5516,A
5-NP,609,0,5486,0,0,5486,T
5-NP,610,0,3,2,5524,5529,C
5-NP,611,0,0,5560,0,5560,G
5-NP,612,5491,0,0,0,5491,A
5-NP,613,5523,0,0,0,5523,A
5-NP,614,5510,0,2,0,5512,A
5-NP,615,0,5569,0,2,5571,T
5-NP,616,0,5587,0,0,5587,T
5-NP,617,0,5594,0,1,5595,T
5-NP,618,0,5603,0,0,5603,T
5-NP,619,0,5628,0,1,5629,T
5-NP,620,1,0,5627,0,5628,G
5-NP,621,0,1,5607,0,5608,G
5-NP,622,5531,1,8,0,5540,A
5-NP,623,0,0,5634,0,5634,G
5-NP,624,5508,0,2,0,5510,A
5-NP,625,1,0,5819,0,5820,G
5-NP,626,1,0,5852,0,5853,G
5-NP,627,0,5680,1,6,5687,T
5-NP,628,1,0,5854,0,5855,G
5-NP,629,5823,2,3,0,5828,A
5-NP,630,0,0,5874,0,5874,G
5-NP,631,5830,1,5,0,5836,A
5-NP,632,5841,2,2,0,5845,A
5-NP,633,0,5831,0,0,5831,T
5-NP,634,1,0,5633,0,5634,G
5-NP,635,1,0,5580,0,5581,G
5-NP,636,4,1,5531,1,5537,G
5-NP,637,1,6,0,5500,5507,C
5-NP,638,0,0,5589,0,5589,G
5-NP,639,1,1,5600,0,5602,G
5-NP,640,5567,0,0,0,5567,A
5-NP,641,5597,1,0,0,5598,A
5-NP,642,5698,0,1,0,5699,A
5-NP,643,5695,0,3,0,5698,A
5-NP,644,0,1,0,5726,5727,C
5-NP,645,5731,0,3,0,5734,A
5-NP,646,5717,0,1,1,5719,A
5-NP,647,2,0,5715,0,5717,G
5-NP,648,5569,0,1,0,5570,A
5-NP,649,5604,0,1,0,5605,A
5-NP,650,1,0,5699,0,5700,G
5-NP,651,3,5627,0,0,5630,T
5-NP,652,1,0,5951,0,5952,G
5-NP,653,0,0,0,5899,5899,C
5-NP,654,2,5946,0,1,5949,T
5-NP,655,0,6010,0,1,6011,T
5-NP,656,6086,0,1,0,6087,A
5-NP,657,0,6106,0,3,6109,T
5-NP,658,0,1,6129,0,6130,G
5-NP,659,5974,1,9,1,5985,A
5-NP,660,0,0,6031,0,6031,G
5-NP,661,5715,0,6,0,5721,A
5-NP,662,0,0,5750,0,5750,G
5-NP,663,5760,0,6,0,5766,A
5-NP,664,5834,0,1,0,5835,A
5-NP,665,0,5777,0,0,5777,T
5-NP,666,0,0,5877,0,5877,G
5-NP,667,0,5782,1,5,5788,T
5-NP,668,0,0,5843,0,5843,G
5-NP,669,0,2,0,5843,5845,C
5-NP,670,5848,1,1,0,5850,A
5-NP,671,5856,0,6,0,5862,A
5-NP,672,1,2,1,5837,5841,C
5-NP,673,5789,0,0,0,5789,A
5-NP,674,1,5811,0,1,5813,T
5-NP,675,1,5756,0,2,5759,T
5-NP,676,0,0,0,5778,5778,C
5-NP,677,1,5773,0,3,5777,T
5-NP,678,1,5805,0,0,5806,T
5-NP,679,5778,0,1,0,5779,A
5-NP,680,5774,0,0,1,5775,A
5-NP,681,5767,1,3,0,5771,A
5-NP,682,0,0,5775,0,5775,G
5-NP,683,2,0,5742,1,5745,G
5-NP,684,5760,0,0,0,5760,A
5-NP,685,5748,0,2,1,5751,A
5-NP,686,5757,0,2,0,5759,A
5-NP,687,5790,1,0,0,5791,A
5-NP,688,0,5767,1,0,5768,T
5-NP,689,0,5770,1,2,5773,T
5-NP,690,1,5782,0,2,5785,T
5-NP,691,0,0,1,5795,5796,C
5-NP,692,5820,1,4,0,5825,A
5-NP,693,5793,0,4,0,5797,A
5-NP,694,5791,0,3,0,5794,A
5-NP,695,1,0,0,5883,5884,C
5-NP,696,5837,0,2,0,5839,A
5-NP,697,0,1,5918,0,5919,G
5-NP,698,1,0,0,5948,5949,C
5-NP,699,0,5915,0,3,5918,T
5-NP,700,0,0,6025,1,6026,G
5-NP,701,0,1,1,6010,6012,C
5-NP,702,6080,1,3,0,6084,A
5-NP,703,0,1,0,6094,6095,C
5-NP,704,6063,0,0,2,6065,A
5-NP,705,6070,0,4,0,6074,A
5-NP,706,5916,2,2,1,5921,A
5-NP,707,2,1,6075,0,6078,G
5-NP,708,6062,1,8,0,6071,A
5-NP,709,3,1,6097,0,6101,G
5-NP,710,0,0,0,6071,6071,C
5-NP,711,6065,1,1,0,6067,A
5-NP,712,6280,1,2,0,6283,A
5-NP,713,0,6314,1,0,6315,T
5-NP,714,2,0,6328,0,6330,G
5-NP,715,1,0,6330,1,6332,G
5-NP,716,4,6153,1,3,6161,T
5-NP,717,1,1,6209,0,6211,G
5-NP,718,1,0,6240,0,6241,G
5-NP,719,6237,0,3,0,6240,A
5-NP,720,0,6218,1,1,6220,T
5-NP,721,0,0,0,6050,6050,C
5-NP,722,6111,2,2,0,6115,A
5-NP,723,6152,0,2,0,6154,A
5-NP,724,0,0,6215,0,6215,G
5-NP,725,0,6139,0,2,6141,T
5-NP,726,1,1,6181,0,6183,G
5-NP,727,6105,2,9,0,6116,A
5-NP,728,0,0,6134,0,6134,G
5-NP,729,6134,0,6,0,6140,A
5-NP,730,1,0,6130,1,6132,G
5-NP,731,6078,0,6,0,6084,A
5-NP,732,5965,0,0,0,5965,A
5-NP,733,5976,0,2,1,5979,A
5-NP,734,0,0,5969,0,5969,G
5-NP,735,0,5890,2,1,5893,T
5-NP,736,0,0,0,5953,5953,C
5-NP,737,2,0,5948,0,5950,G
5-NP,738,0,0,5929,0,5929,G
5-NP,739,5963,0,2,0,5965,A
5-NP,740,5967,0,1,0,5968,A
5-NP,741,0,0,0,5996,5996,C
5-NP,742,0,1,0,5975,5976,C
5-NP,743,1,0,0,6010,6011,C
5-NP,744,6029,1,4,0,6034,A
5-NP,745,2,0,6026,0,6028,G
5-NP,746,0,2,5997,0,5999,G
5-NP,747,6001,0,1,0,6002,A
5-NP,748,6017,0,1,0,6018,A
5-NP,749,5957,0,3,1,5961,A
5-NP,750,0,1,0,5967,5968,C
5-NP,751,0,0,5947,0,5947,G
5-NP,752,1,1,0,5949,5951,C
5-NP,753,0,5913,0,6,5919,T
5-NP,754,1,0,5972,0,5973,G
5-NP,755,5949,1,2,0,5952,A
5-NP,756,0,0,6050,0,6050,G
5-NP,757,6049,0,1,0,6050,A
5-NP,758,0,6000,0,2,6002,T
5-NP,759,0,4,0,5972,5976,C
5-NP,760,0,0,6017,0,6017,G
5-NP,761,5996,0,0,0,5996,A
5-NP,762,6005,1,0,0,6006,A
5-NP,763,0,1,6005,0,6006,G
5-NP,764,6035,0,0,0,6035,A
5-NP,765,0,5975,0,1,5976,T
5-NP,766,1,0,0,5995,5996,C
5-NP,767,1,6021,0,3,6025,T
5-NP,768,0,0,0,6053,6053,C
5-NP,769,6078,0,0,0,6078,A
5-NP,770,0,6074,0,2,6076,T
5-NP,771,6087,0,0,0,6087,A
5-NP,772,1,6089,0,0,6090,T
5-NP,773,0,6071,0,1,6072,T
5-NP,774,0,6060,0,0,6060,T
5-NP,775,0,5988,1,1,5990,T
5-NP,776,0,5993,0,0,5993,T
5-NP,777,6007,0,4,0,6011,A
5-NP,778,2,0,5997,0,5999,G
5-NP,779,0,0,0,5995,5995,C
5-NP,780,6020,1,0,0,6021,A
5-NP,781,5973,0,3,0,5976,A
5-NP,782,0,0,6180,1,6181,G
5-NP,783,6148,0,0,0,6148,A
5-NP,784,0,6152,0,2,6154,T
5-NP,785,0,1,1,6215,6217,C
5-NP,786,0,6165,1,10,6176,T
5-NP,787,0,0,6348,0,6348,G
5-NP,788,0,2,0,6364,6366,C
5-NP,789,6377,1,0,0,6378,A
5-NP,790,0,6434,0,1,6435,T
5-NP,791,1,6230,0,0,6231,T
5-NP,792,0,0,6634,0,6634,G
5-NP,793,6792,1,2,0,6795,A
5-NP,794,0,6802,0,0,6802,T
5-NP,795,6814,0,1,0,6815,A
5-NP,796,0,6712,2,1,6715,T
5-NP,797,0,6651,0,1,6652,T
5-NP,798,1,0,6714,0,6715,G
5-NP,799,6604,1,11,0,6616,A
5-NP,800,0,0,6667,0,6667,G
5-NP,801,6353,0,3,0,6356,A
5-NP,802,0,1,6257,0,6258,G
5-NP,803,1,2,6313,0,6316,G
5-NP,804,6262,1,9,0,6272,A
5-NP,805,0,6201,1,3,6205,T
5-NP,806,0,3,0,6293,6296,C
5-NP,807,6276,0,0,1,6277,A
5-NP,808,1,0,6307,0,6308,G
5-NP,809,1,6279,0,3,6283,T
5-NP,810,0,6229,0,3,6232,T
5-NP,811,0,1,6224,0,6225,G
5-NP,812,0,0,0,6162,6162,C
5-NP,813,0,6140,1,5,6146,T
5-NP,814,0,0,0,6192,6192,C
5-NP,815,6186,0,3,3,6192,A
5-NP,816,0,0,0,6228,6228,C
5-NP,817,6249,0,1,0,6250,A
5-NP,818,6272,0,2,0,6274,A
5-NP,819,6197,0,1,0,6198,A
5-NP,820,2,6180,1,1,6184,T
5-NP,821,0,1,0,6246,6247,C
5-NP,822,0,6224,0,5,6229,T
5-NP,823,0,6210,0,6,6216,T
5-NP,824,0,0,6227,0,6227,G
5-NP,825,0,3,0,6203,6206,C
5-NP,826,1,0,0,6244,6245,C
5-NP,827,2,6298,0,2,6302,T
5-NP,828,6200,0,0,1,6201,A
5-NP,829,0,0,0,6326,6326,C
5-NP,830,0,1,0,6345,6346,C
5-NP,831,2,6315,0,6,6323,T
5-NP,832,0,0,6391,0,6391,G
5-NP,833,0,0,0,6351,6351,C
5-NP,834,0,0,0,6393,6393,C
5-NP,835,1,6300,0,3,6304,T
5-NP,836,1,0,6418,0,6419,G
5-NP,837,0,6353,0,2,6355,T
5-NP,838,0,0,6453,0,6453,G
5-NP,839,0,6,0,6473,6479,C
5-NP,840,1,0,6620,0,6621,G
5-NP,841,1,6500,0,2,6503,T
5-NP,842,6505,0,0,0,6505,A
5-NP,843,0,6488,0,1,6489,T
5-NP,844,0,0,6488,0,6488,G
5-NP,845,0,1,6682,0,6683,G
5-NP,846,6643,0,4,0,6647,A
5-NP,847,0,0,0,6536,6536,C
5-NP,848,0,0,1,6561,6562,C
5-NP,849,1,6443,0,8,6452,T
5-NP,850,0,0,6747,0,6747,G
5-NP,851,0,1,0,6737,6738,C
5-NP,852,6775,1,5,1,6782,A
5-NP,853,0,0,6888,0,6888,G
5-NP,854,1,6615,0,0,6616,T
5-NP,855,6870,0,0,0,6870,A
5-NP,856,1,6815,1,6,6823,T
5-NP,857,0,0,0,6788,6788,C
5-NP,858,0,3,0,6815,6818,C
5-NP,859,6541,0,1,0,6542,A
5-NP,860,0,1,6575,0,6576,G
5-NP,861,1,6518,0,3,6522,T
5-NP,862,1,2,6571,0,6574,G
5-NP,863,0,0,6528,0,6528,G
5-NP,864,0,1,6444,0,6445,G
5-NP,865,1,6423,0,6,6430,T
5-NP,866,6429,1,3,0,6433,A
5-NP,867,0,0,1,6424,6425,C
5-NP,868,0,0,6399,0,6399,G
5-NP,869,6327,0,2,0,6329,A
5-NP,870,0,0,0,6367,6367,C
5-NP,871,0,6184,1,5,6190,T
5-NP,872,0,6195,0,2,6197,T
5-NP,873,1,1,1,6222,6225,C
5-NP,874,3,0,6230,1,6234,G
5-NP,875,6207,0,3,1,6211,A
5-NP,876,6236,0,0,0,6236,A
5-NP,877,6264,0,1,0,6265,A
5-NP,878,6249,0,2,0,6251,A
5-NP,879,6216,0,6,0,6222,A
5-NP,880,1,0,6241,0,6242,G
5-NP,881,6212,0,5,2,6219,A
5-NP,882,2,1,6238,0,6241,G
5-NP,883,2,0,6292,0,6294,G
5-NP,884,4,0,6324,0,6328,G
5-NP,885,6344,1,3,0,6348,A
5-NP,886,0,6318,0,1,6319,T
5-NP,887,6390,0,1,0,6391,A
5-NP,888,0,6356,0,3,6359,T
5-NP,889,0,6361,0,1,6362,T
5-NP,890,0,0,0,6455,6455,C
5-NP,891,0,1,0,6445,6446,C
5-NP,892,1,6374,0,1,6376,T
5-NP,893,0,6402,0,0,6402,T
5-NP,894,0,0,6478,0,6478,G
5-NP,895,0,0,6500,0,6500,G
5-NP,896,1,6417,0,3,6421,T
5-NP,897,1,0,6445,0,6446,G
5-NP,898,0,2,6372,0,6374,G
5-NP,899,1,0,6671,0,6672,G
5-NP,900,6665,0,3,1,6669,A
5-NP,901,6703,0,0,0,6703,A
5-NP,902,0,6704,0,1,6705,T
5-NP,903,6594,0,2,0,6596,A
5-NP,904,0,1,6576,0,6577,G
5-NP,905,6448,0,7,0,6455,A
5-NP,906,2,2,0,6421,6425,C
5-NP,907,2,1,0,6369,6372,C
5-NP,908,0,1,0,6234,6235,C
5-NP,909,0,6313,0,8,6321,T
5-NP,910,0,6324,0,4,6328,T
5-NP,911,0,6336,2,0,6338,T
5-NP,912,0,0,0,6348,6348,C
5-NP,913,6332,0,1,0,6333,A
5-NP,914,6337,0,0,0,6337,A
5-NP,915,6295,0,1,0,6296,A
5-NP,916,0,0,0,6312,6312,C
5-NP,917,0,6140,0,0,6140,T
5-NP,918,6088,0,2,0,6090,A
5-NP,919,0,0,0,6158,6158,C
5-NP,920,2,6109,0,3,6114,T
5-NP,921,0,6063,0,1,6064,T
5-NP,922,0,1,0,6160,6161,C
5-NP,923,6159,1,1,0,6161,A
5-NP,924,6154,0,1,0,6155,A
5-NP,925,6128,0,0,1,6129,A
5-NP,926,6123,0,2,0,6125,A
5-NP,927,0,6037,0,0,6037,T
5-NP,928,5995,1,2,0,5998,A
5-NP,929,1,0,6032,0,6033,G
5-NP,930,0,4,0,6044,6048,C
5-NP,931,0,0,0,6133,6133,C
5-NP,932,6146,0,1,1,6148,A
5-NP,933,6145,0,0,0,6145,A
5-NP,934,6360,1,0,0,6361,A
5-NP,935,0,6372,0,0,6372,T
5-NP,936,6406,1,0,0,6407,A
5-NP,937,0,6402,0,2,6404,T
5-NP,938,6295,0,7,0,6302,A
5-NP,939,0,1,0,6326,6327,C
5-NP,940,6195,0,4,0,6199,A
5-NP,941,0,0,6318,0,6318,G
5-NP,942,8,0,1,6278,6287,C
5-NP,943,2,6117,1,4,6124,T
5-NP,944,0,6204,0,0,6204,T
5-NP,945,6244,2,1,0,6247,A
5-NP,946,6237,0,0,0,6237,A
5-NP,947,0,6181,0,0,6181,T
5-NP,948,1,1,0,6208,6210,C
5-NP,949,6042,1,3,1,6047,A
5-NP,950,0,0,6087,0,6087,G
5-NP,951,6060,0,3,0,6063,A
5-NP,952,2,0,0,6129,6131,C
5-NP,953,0,0,0,6066,6066,C
5-NP,954,0,6014,0,0,6014,T
5-NP,955,6103,1,3,0,6107,A
5-NP,956,6085,0,1,0,6086,A
5-NP,957,0,45,0,6056,6101,C
5-NP,958,1,1,6120,0,6122,G
5-NP,959,5991,1,0,0,5992,A
5-NP,960,0,0,5992,0,5992,G
5-NP,961,5944,0,7,0,5951,A
5-NP,962,5989,0,0,0,5989,A
5-NP,963,0,5940,0,5,5945,T
5-NP,964,0,0,2,5892,5894,C
5-NP,965,0,0,0,5913,5913,C
5-NP,966,5764,0,10,0,5774,A
5-NP,967,0,0,5770,0,5770,G
5-NP,968,1,1,0,5747,5749,C
5-NP,969,5822,1,2,0,5825,A
5-NP,970,0,1,0,5854,5855,C
5-NP,971,5795,1,4,1,5801,A
5-NP,972,0,0,0,5821,5821,C
5-NP,973,5816,0,0,0,5816,A
5-NP,974,5833,0,6,1,5840,A
5-NP,975,0,0,5829,0,5829,G
5-NP,976,5781,0,8,0,5789,A
5-NP,977,0,0,5784,0,5784,G
5-NP,978,1,5650,0,1,5652,T
5-NP,979,0,2,0,5675,5677,C
5-NP,980,5676,0,4,0,5680,A
5-NP,981,33,0,5618,0,5651,G
5-NP,982,0,1,0,5627,5628,C
5-NP,983,0,5620,0,4,5624,T
5-NP,984,0,0,5694,0,5694,G
5-NP,985,0,1,5729,0,5730,G
5-NP,986,1,5691,0,1,5693,T
5-NP,987,1,0,5758,0,5759,G
5-NP,988,0,5685,0,3,5688,T
5-NP,989,1,1,5702,0,5704,G
5-NP,990,0,0,5693,1,5694,G
5-NP,991,5669,0,1,0,5670,A
5-NP,992,0,5680,0,0,5680,T
5-NP,993,0,0,5508,1,5509,G
5-NP,994,1,0,5469,0,5470,G
5-NP,995,0,1,1,5473,5475,C
5-NP,996,5463,0,3,0,5466,A
5-NP,997,0,5444,0,7,5451,T
5-NP,998,1,0,5427,0,5428,G
5-NP,999,0,0,0,5402,5402,C
5-NP,1000,2,1,0,5441,5444,C
5-NP,1001,5468,0,0,0,5468,A
5-NP,1002,0,5429,0,3,5432,T
5-NP,1003,1,5392,0,0,5393,T
5-NP,1004,0,1,0,5415,5416,C
5-NP,1005,0,5375,0,2,5377,T
5-NP,1006,1,0,5351,0,5352,G
5-NP,1007,0,1,0,5335,5336,C
5-NP,1008,0,5241,2,8,5251,T
5-NP,1009,0,0,5243,0,5243,G
5-NP,1010,0,1,1,5192,5194,C
5-NP,1011,5204,0,1,0,5205,A
5-NP,1012,0,5207,0,0,5207,T
5-NP,1013,0,5156,0,0,5156,T
5-NP,1014,0,5157,0,2,5159,T
5-NP,1015,1,0,5165,0,5166,G
5-NP,1016,5141,0,1,1,5143,A
5-NP,1017,5168,0,1,0,5169,A
5-NP,1018,0,1,5191,0,5192,G
5-NP,1019,5189,0,0,0,5189,A
5-NP,1020,0,5158,0,1,5159,T
5-NP,1021,0,5155,1,0,5156,T
5-NP,1022,0,5174,0,0,5174,T
5-NP,1023,5174,0,2,0,5176,A
5-NP,1024,5173,1,0,0,5174,A
5-NP,1025,1,0,5174,0,5175,G
5-NP,1026,5157,0,0,0,5157,A
5-NP,1027,1,5106,0,0,5107,T
5-NP,1028,0,5046,1,0,5047,T
5-NP,1029,1,1,5066,0,5068,G
5-NP,1030,0,5070,0,8,5078,T
5-NP,1031,0,5068,0,0,5068,T
5-NP,1032,5081,0,0,0,5081,A
5-NP,1033,5090,0,1,1,5092,A
5-NP,1034,1,0,5093,0,5094,G
5-NP,1035,0,1,0,5076,5077,C
5-NP,1036,0,4981,0,7,4988,T
5-NP,1037,2,4979,2,0,4983,T
5-NP,1038,0,2,0,5024,5026,C
5-NP,1039,5030,0,0,0,5030,A
5-NP,1040,0,4989,0,3,4992,T
5-NP,1041,0,1,0,5020,5021,C
5-NP,1042,4955,0,1,0,4956,A
5-NP,1043,0,0,4960,0,4960,G
5-NP,1044,4879,2,6,0,4887,A
5-NP,1045,0,0,4881,0,4881,G
5-NP,1046,0,0,4830,0,4830,G
5-NP,1047,1,0,4804,0,4805,G
5-NP,1048,4791,1,6,1,4799,A
5-NP,1049,0,0,0,4816,4816,C
5-NP,1050,4850,0,0,0,4850,A
5-NP,1051,4836,0,2,0,4838,A
5-NP,1052,4847,0,0,0,4847,A
5-NP,1053,4852,0,1,0,4853,A
5-NP,1054,2,0,4862,0,4864,G
5-NP,1055,0,4742,0,1,4743,T
5-NP,1056,4720,0,0,0,4720,A
5-NP,1057,0,4671,0,2,4673,T
5-NP,1058,1,0,0,4680,4681,C
5-NP,1059,1,4597,0,5,4603,T
5-NP,1060,1,0,0,4651,4652,C
5-NP,1061,1,0,0,4627,4628,C
5-NP,1062,0,4574,0,0,4574,T
5-NP,1063,1,0,0,4627,4628,C
5-NP,1064,0,0,4632,0,4632,G
5-NP,1065,1,1,4657,0,4659,G
5-NP,1066,0,0,4643,0,4643,G
5-NP,1067,1,1,4614,1,4617,G
5-NP,1068,0,0,4636,0,4636,G
5-NP,1069,4556,0,3,0,4559,A
5-NP,1070,4563,0,1,0,4564,A
5-NP,1071,4536,1,2,0,4539,A
5-NP,1072,1,0,0,4553,4554,C
5-NP,1073,0,4543,0,0,4543,T
5-NP,1074,0,0,4549,0,4549,G
5-NP,1075,1,4506,0,5,4512,T
5-NP,1076,1,4,1,4531,4537,C
5-NP,1077,4604,0,3,1,4608,A
5-NP,1078,4628,0,1,0,4629,A
5-NP,1079,0,0,0,4647,4647,C
5-NP,1080,0,4625,1,1,4627,T
5-NP,1081,4549,1,1,0,4551,A
5-NP,1082,0,0,4566,0,4566,G
5-NP,1083,4481,0,1,0,4482,A
5-NP,1084,1,0,4478,0,4479,G
5-NP,1085,0,1,4483,0,4484,G
5-NP,1086,4233,0,3,0,4236,A
5-NP,1087,2,0,4279,0,4281,G
5-NP,1088,1,4219,0,5,4225,T
5-NP,1089,4216,0,4,0,4220,A
5-NP,1090,0,0,0,4226,4226,C
5-NP,1091,4196,0,0,0,4196,A
5-NP,1092,4180,0,1,0,4181,A
5-NP,1093,4172,1,0,0,4173,A
5-NP,1094,0,4092,0,0,4092,T
5-NP,1095,0,4089,0,0,4089,T
5-NP,1096,0,0,3965,0,3965,G
5-NP,1097,0,0,0,3926,3926,C
5-NP,1098,1,3925,1,3,3930,T
5-NP,1099,0,3913,2,4,3919,T
5-NP,1100,0,0,0,3927,3927,C
5-NP,1101,3935,0,0,0,3935,A
5-NP,1102,3942,1,0,1,3944,A
5-NP,1103,3942,0,0,0,3942,A
5-NP,1104,0,3944,0,0,3944,T
5-NP,1105,0,0,3942,0,3942,G
5-NP,1106,3865,0,1,0,3866,A
5-NP,1107,1,0,3902,0,3903,G
5-NP,1108,3895,0,2,0,3897,A
5-NP,1109,3890,0,3,0,3893,A
5-NP,1110,0,0,0,3893,3893,C
5-NP,1111,3870,0,1,0,3871,A
5-NP,1112,0,3866,0,0,3866,T
5-NP,1113,0,0,3897,0,3897,G
5-NP,1114,1,0,3923,0,3924,G
5-NP,1115,3915,0,0,0,3915,A
5-NP,1116,0,3824,0,0,3824,T
5-NP,1117,3807,0,0,0,3807,A
5-NP,1118,4047,0,0,0,4047,A
5-NP,1119,0,3961,0,0,3961,T
5-NP,1120,3953,1,3,0,3957,A
5-NP,1121,0,3901,0,0,3901,T
5-NP,1122,0,2,3677,0,3679,G
5-NP,1123,1,0,3584,0,3585,G
5-NP,1124,0,0,3587,0,3587,G
5-NP,1125,3567,0,6,0,3573,A
5-NP,1126,0,3537,0,0,3537,T
5-NP,1127,0,1,0,2785,2786,C
5-NP,1128,0,0,2804,0,2804,G
5-NP,1129,2777,0,1,0,2778,A
5-NP,1130,2,0,2774,0,2776,G
5-NP,1131,0,2,0,2766,2768,C
5-NP,1132,2726,0,0,0,2726,A
5-NP,1133,0,0,0,2840,2840,C
5-NP,1134,0,2773,0,1,2774,T
5-NP,1135,0,1,0,2801,2802,C
5-NP,1136,0,2821,0,3,2824,T
5-NP,1137,0,2778,1,3,2782,T
5-NP,1138,0,0,2780,0,2780,G
5-NP,1139,2766,0,1,0,2767,A
5-NP,1140,2785,0,0,0,2785,A
5-NP,1141,0,0,0,2771,2771,C
5-NP,1142,1,2235,0,1,2237,T
5-NP,1143,0,0,2258,0,2258,G
5-NP,1144,2194,1,1,0,2196,A
5-NP,1145,0,0,2199,0,2199,G
5-NP,1146,2198,0,0,0,2198,A
5-NP,1147,2180,0,1,0,2181,A
5-NP,1148,0,0,2165,0,2165,G
5-NP,1149,0,0,1,2127,2128,C
5-NP,1150,378,0,1759,0,2137,G
5-NP,1151,0,0,2147,0,2147,G
5-NP,1152,0,0,2115,0,2115,G
5-NP,1153,0,2075,0,1,2076,T
5-NP,1154,2045,0,0,0,2045,A
5-NP,1155,0,0,0,2043,2043,C
5-NP,1156,0,1659,0,0,1659,T
5-NP,1157,2,1,1649,0,1652,G
5-NP,1158,0,0,1584,0,1584,G
5-NP,1159,0,0,1581,0,1581,G
5-NP,1160,0,0,0,1544,1544,C
5-NP,1161,0,0,0,1468,1468,C
5-NP,1162,1479,0,0,0,1479,A
5-NP,1163,0,1486,0,1,1487,T
5-NP,1164,1483,0,1,0,1484,A
5-NP,1165,1485,0,0,0,1485,A
5-NP,1166,0,0,1465,0,1465,G
5-NP,1167,0,0,1487,0,1487,G
5-NP,1168,1442,0,0,1,1443,A
5-NP,1169,1,1,0,1437,1439,C
5-NP,1170,0,0,0,1458,1458,C
5-NP,1171,1446,0,2,0,1448,A
5-NP,1172,0,0,1472,0,1472,G
5-NP,1173,0,0,1473,0,1473,G
5-NP,1174,1467,0,0,0,1467,A
5-NP,1175,0,0,1487,0,1487,G
5-NP,1176,0,1396,0,1,1397,T
5-NP,1177,0,0,1404,0,1404,G
5-NP,1178,0,0,1431,0,1431,G
5-NP,1179,1417,0,1,0,1418,A
5-NP,1180,2,0,1432,0,1434,G
5-NP,1181,0,0,1393,0,1393,G
5-NP,1182,1395,0,0,0,1395,A
5-NP,1183,1403,0,0,0,1403,A
5-NP,1184,1390,0,1,0,1391,A
5-NP,1185,1,0,0,1388,1389,C
5-NP,1186,1387,0,0,0,1387,A
5-NP,1187,0,0,0,1416,1416,C
5-NP,1188,0,1394,0,0,1394,T
5-NP,1189,1420,0,0,0,1420,A
5-NP,1190,1414,0,0,0,1414,A
5-NP,1191,0,1411,0,0,1411,T
5-NP,1192,0,0,0,1437,1437,C
5-NP,1193,1428,0,0,0,1428,A
5-NP,1194,1448,0,1,0,1449,A
5-NP,1195,0,0,0,1448,1448,C
5-NP,1196,1410,0,1,0,1411,A
5-NP,1197,0,0,1412,0,1412,G
5-NP,1198,1363,0,1,0,1364,A
5-NP,1199,0,0,1385,0,1385,G
5-NP,1200,0,0,1380,0,1380,G
5-NP,1201,0,0,1370,0,1370,G
5-NP,1202,0,1,0,1363,1364,C
5-NP,1203,0,0,0,1364,1364,C
5-NP,1204,0,1353,0,0,1353,T
5-NP,1205,0,0,0,1367,1367,C
5-NP,1206,0,0,0,1375,1375,C
5-NP,1207,0,0,1374,0,1374,G
5-NP,1208,0,0,0,1370,1370,C
5-NP,1209,1361,0,0,0,1361,A
5-NP,1210,1,0,1389,0,1390,G
5-NP,1211,0,0,1385,0,1385,G
5-NP,1212,0,0,0,1387,1387,C
5-NP,1213,0,0,0,1395,1395,C
5-NP,1214,1374,0,0,0,1374,A
5-NP,1215,1382,0,0,0,1382,A
5-NP,1216,1385,0,0,0,1385,A
5-NP,1217,0,0,0,1383,1383,C
5-NP,1218,0,1,0,1392,1393,C
5-NP,1219,1302,0,1,1,1304,A
5-NP,1220,0,0,1333,0,1333,G
5-NP,1221,0,1308,0,0,1308,T
5-NP,1222,0,0,1323,0,1323,G
5-NP,1223,0,1299,0,1,1300,T
5-NP,1224,0,0,1317,0,1317,G
5-NP,1225,0,0,0,1301,1301,C
5-NP,1226,1310,0,0,0,1310,A
5-NP,1227,1330,0,3,0,1333,A
5-NP,1228,0,0,0,1325,1325,C
5-NP,1229,0,0,0,1325,1325,C
5-NP,1230,1,1313,0,2,1316,T
5-NP,1231,1309,0,0,0,1309,A
5-NP,1232,0,1,0,1312,1313,C
5-NP,1233,0,0,1317,0,1317,G
5-NP,1234,0,1297,0,0,1297,T
5-NP,1235,0,1316,0,0,1316,T
5-NP,1236,0,1287,0,0,1287,T
5-NP,1237,0,1269,0,0,1269,T
5-NP,1238,0,0,0,1282,1282,C
5-NP,1239,0,1277,0,0,1277,T
5-NP,1240,0,0,1295,0,1295,G
5-NP,1241,0,1283,0,1,1284,T
5-NP,1242,1293,0,0,0,1293,A
5-NP,1243,0,0,0,1311,1311,C
5-NP,1244,1293,0,0,0,1293,A
5-NP,1245,1291,0,0,0,1291,A
5-NP,1246,1291,0,0,0,1291,A
5-NP,1247,0,0,1289,0,1289,G
5-NP,1248,1286,0,0,0,1286,A
5-NP,1249,1245,0,0,1,1246,A
5-NP,1250,1243,0,0,0,1243,A
5-NP,1251,1,0,0,1250,1251,C
5-NP,1252,0,0,0,1247,1247,C
5-NP,1253,0,1224,0,0,1224,T
5-NP,1254,1,0,0,1238,1239,C
5-NP,1255,0,0,0,1246,1246,C
5-NP,1256,0,0,0,1242,1242,C
5-NP,1257,1247,0,0,0,1247,A
5-NP,1258,0,1233,0,1,1234,T
5-NP,1259,0,1246,0,0,1246,T
5-NP,1260,0,1246,0,0,1246,T
5-NP,1261,2,0,1249,0,1251,G
5-NP,1262,1251,0,0,0,1251,A
5-NP,1263,1249,0,1,0,1250,A
5-NP,1264,1247,0,0,0,1247,A
5-NP,1265,1237,0,1,0,1238,A
5-NP,1266,0,0,1256,0,1256,G
5-NP,1267,0,1232,0,4,1236,T
5-NP,1268,0,0,0,1246,1246,C
5-NP,1269,1250,0,1,0,1251,A
5-NP,1270,1251,0,1,0,1252,A
5-NP,1271,0,0,0,1247,1247,C
5-NP,1272,1,0,0,1268,1269,C
5-NP,1273,1264,0,0,0,1264,A
5-NP,1274,0,1253,0,0,1253,T
5-NP,1275,0,0,0,1263,1263,C
5-NP,1276,1250,0,0,0,1250,A
5-NP,1277,0,1259,0,3,1262,T
5-NP,1278,9,0,1247,0,1256,G
5-NP,1279,0,0,1257,0,1257,G
5-NP,1280,0,0,0,1264,1264,C
5-NP,1281,1230,0,0,0,1230,A
5-NP,1282,0,0,1226,0,1226,G
5-NP,1283,0,0,0,1218,1218,C
5-NP,1284,1221,0,2,0,1223,A
5-NP,1285,0,1214,0,1,1215,T
5-NP,1286,0,1206,0,0,1206,T
5-NP,1287,0,0,0,1213,1213,C
5-NP,1288,1207,0,0,0,1207,A
5-NP,1289,0,0,0,1211,1211,C
5-NP,1290,0,1210,0,0,1210,T
5-NP,1291,0,0,1222,0,1222,G
5-NP,1292,0,0,1231,0,1231,G
5-NP,1293,1214,0,1,0,1215,A
5-NP,1294,1220,0,1,0,1221,A
5-NP,1295,1224,0,1,0,1225,A
5-NP,1296,0,1212,0,0,1212,T
5-NP,1297,1223,0,1,0,1224,A
5-NP,1298,0,0,0,1210,1210,C
5-NP,1299,0,0,1198,0,1198,G
5-NP,1300,1,0,1198,0,1199,G
5-NP,1301,1149,0,0,0,1149,A
5-NP,1302,0,0,1161,0,1161,G
5-NP,1303,0,0,1159,0,1159,G
5-NP,1304,0,0,1151,1,1152,G
5-NP,1305,1160,0,2,0,1162,A
5-NP,1306,1157,0,1,0,1158,A
5-NP,1307,0,0,1157,0,1157,G
5-NP,1308,1153,0,0,0,1153,A
5-NP,1309,1149,0,0,0,1149,A
5-NP,1310,0,0,0,1144,1144,C
5-NP,1311,0,1124,0,0,1124,T
5-NP,1312,0,1138,0,0,1138,T
5-NP,1313,0,0,0,1139,1139,C
5-NP,1314,1143,0,2,0,1145,A
5-NP,1315,0,0,1141,0,1141,G
5-NP,1316,1136,0,0,0,1136,A
5-NP,1317,0,0,0,1144,1144,C
5-NP,1318,1133,0,1,0,1134,A
5-NP,1319,0,1097,0,0,1097,T
5-NP,1320,1,0,1096,0,1097,G
5-NP,1321,1075,1,3,1,1080,A
5-NP,1322,0,2,1090,0,1092,G
5-NP,1323,0,0,1082,0,1082,G
5-NP,1324,0,0,1070,0,1070,G
5-NP,1325,0,1,0,1085,1086,C
5-NP,1326,1071,0,2,0,1073,A
5-NP,1327,0,0,1079,0,1079,G
5-NP,1328,1070,0,2,0,1072,A
5-NP,1329,1075,0,0,0,1075,A
5-NP,1330,1076,0,1,0,1077,A
5-NP,1331,0,1055,0,2,1057,T
5-NP,1332,0,0,0,1066,1066,C
5-NP,1333,1064,0,0,0,1064,A
5-NP,1334,0,1061,0,0,1061,T
5-NP,1335,1068,0,0,0,1068,A
5-NP,1336,1052,0,0,0,1052,A
5-NP,1337,0,0,1069,0,1069,G
5-NP,1338,1054,0,0,0,1054,A
5-NP,1339,1063,0,0,0,1063,A
5-NP,1340,0,1049,0,0,1049,T
5-NP,1341,0,0,1056,0,1056,G
5-NP,1342,1055,1,1,0,1057,A
5-NP,1343,0,1051,0,1,1052,T
5-NP,1344,0,0,1051,0,1051,G
5-NP,1345,0,0,1055,0,1055,G
5-NP,1346,1014,0,0,0,1014,A
5-NP,1347,994,0,10,0,1004,A
5-NP,1348,0,0,972,0,972,G
5-NP,1349,0,0,984,0,984,G
5-NP,1350,0,974,0,1,975,T
5-NP,1351,0,0,974,0,974,G
5-NP,1352,0,0,0,962,962,C
5-NP,1353,972,0,2,0,974,A
5-NP,1354,974,0,0,0,974,A
5-NP,1355,975,0,0,0,975,A
5-NP,1356,969,0,3,0,972,A
5-NP,1357,0,0,0,976,976,C
5-NP,1358,0,0,0,961,961,C
5-NP,1359,957,0,0,0,957,A
5-NP,1360,0,0,966,0,966,G
5-NP,1361,963,0,0,0,963,A
5-NP,1362,961,0,0,0,961,A
5-NP,1363,0,0,960,0,960,G
5-NP,1364,938,0,0,0,938,A
5-NP,1365,924,0,0,0,924,A
5-NP,1366,0,0,926,0,926,G
5-NP,1367,0,913,0,3,916,T
5-NP,1368,0,0,932,0,932,G
5-NP,1369,0,903,0,2,905,T
5-NP,1370,0,0,0,915,915,C
5-NP,1371,921,0,0,0,921,A
5-NP,1372,0,925,0,0,925,T
5-NP,1373,0,911,0,0,911,T
5-NP,1374,0,0,0,932,932,C
5-NP,1375,0,0,0,919,919,C
5-NP,1376,1,1,913,0,915,G
5-NP,1377,0,0,913,0,913,G
5-NP,1378,0,0,918,0,918,G
5-NP,1379,0,0,920,0,920,G
5-NP,1380,0,0,916,0,916,G
5-NP,1381,865,0,0,0,865,A
5-NP,1382,0,0,868,0,868,G
5-NP,1383,0,0,873,0,873,G
5-NP,1384,0,0,872,0,872,G
5-NP,1385,0,0,870,0,870,G
5-NP,1386,859,0,1,0,860,A
5-NP,1387,0,0,870,0,870,G
5-NP,1388,0,849,0,0,849,T
5-NP,1389,0,848,0,0,848,T
5-NP,1390,0,850,0,0,850,T
5-NP,1391,0,842,0,0,842,T
5-NP,1392,0,0,0,851,851,C
5-NP,1393,0,0,853,0,853,G
5-NP,1394,838,0,1,0,839,A
5-NP,1395,0,1,848,0,849,G
5-NP,1396,0,0,0,824,824,C
5-NP,1397,0,834,0,2,836,T
5-NP,1398,0,0,0,845,845,C
5-NP,1399,0,836,0,3,839,T
5-NP,1400,0,0,0,834,834,C
5-NP,1401,849,0,1,0,850,A
5-NP,1402,0,1,852,0,853,G
5-NP,1403,845,0,0,0,845,A
5-NP,1404,0,0,0,848,848,C
5-NP,1405,0,0,839,0,839,G
5-NP,1406,827,0,1,0,828,A
5-NP,1407,0,0,818,0,818,G
5-NP,1408,811,0,0,0,811,A
5-NP,1409,814,0,0,0,814,A
5-NP,1410,0,0,813,0,813,G
5-NP,1411,0,0,799,0,799,G
5-NP,1412,0,0,0,788,788,C
5-NP,1413,798,0,0,0,798,A
5-NP,1414,803,0,0,0,803,A
5-NP,1415,1,0,0,803,804,C
5-NP,1416,0,0,792,1,793,G
5-NP,1417,790,0,0,0,790,A
5-NP,1418,784,0,4,0,788,A
5-NP,1419,0,0,0,786,786,C
5-NP,1420,0,0,0,777,777,C
5-NP,1421,0,0,0,774,774,C
5-NP,1422,0,0,787,0,787,G
5-NP,1423,779,0,0,0,779,A
5-NP,1424,0,779,0,1,780,T
5-NP,1425,0,0,0,761,761,C
5-NP,1426,0,0,769,0,769,G
5-NP,1427,0,746,0,0,746,T
5-NP,1428,0,0,750,0,750,G
5-NP,1429,0,0,0,730,730,C
5-NP,1430,0,1,1,730,732,C
5-NP,1431,0,0,0,743,743,C
5-NP,1432,0,729,0,0,729,T
5-NP,1433,0,0,0,747,747,C
5-NP,1434,0,754,0,1,755,T
5-NP,1435,0,749,0,0,749,T
5-NP,1436,0,762,0,0,762,T
5-NP,1437,0,757,0,0,757,T
5-NP,1438,0,0,761,0,761,G
5-NP,1439,764,0,0,0,764,A
5-NP,1440,0,753,0,0,753,T
5-NP,1441,748,0,1,0,749,A
5-NP,1442,0,644,0,0,644,T
5-NP,1443,0,0,658,0,658,G
5-NP,1444,643,0,0,0,643,A
5-NP,1445,0,0,656,0,656,G
5-NP,1446,0,656,0,0,656,T
5-NP,1447,636,0,0,0,636,A
5-NP,1448,635,1,0,0,636,A
5-NP,1449,0,633,0,0,633,T
5-NP,1450,0,0,634,0,634,G
5-NP,1451,631,0,0,0,631,A
5-NP,1452,567,0,1,0,568,A
5-NP,1453,0,0,565,0,565,G
5-NP,1454,0,0,529,0,529,G
5-NP,1455,530,0,0,0,530,A
5-NP,1456,0,523,0,3,526,T
5-NP,1457,0,0,0,523,523,C
5-NP,1458,0,522,0,1,523,T
5-NP,1459,0,523,0,1,524,T
5-NP,1460,527,0,0,0,527,A
5-NP,1461,1,520,0,1,522,T
5-NP,1462,0,523,0,0,523,T
5-NP,1463,0,513,0,1,514,T
5-NP,1464,0,0,0,507,507,C
5-NP,1465,0,492,0,1,493,T
5-NP,1466,0,491,0,0,491,T
5-NP,1467,0,0,0,490,490,C
5-NP,1468,0,0,488,0,488,G
5-NP,1469,0,0,486,0,486,G
5-NP,1470,489,0,0,0,489,A
5-NP,1471,0,0,485,0,485,G
5-NP,1472,483,0,0,0,483,A
5-NP,1473,0,0,0,476,476,C
5-NP,1474,449,0,0,0,449,A
5-NP,1475,445,0,0,0,445,A
5-NP,1476,0,445,0,0,445,T
5-NP,1477,0,0,441,0,441,G
5-NP,1478,0,0,0,442,442,C
5-NP,1479,429,0,1,0,430,A
5-NP,1480,0,0,426,0,426,G
5-NP,1481,428,0,0,0,428,A
5-NP,1482,395,0,0,0,395,A
5-NP,1483,0,0,395,0,395,G
5-NP,1484,239,0,0,0,239,A
5-NP,1485,0,0,241,0,241,G
5-NP,1486,0,222,0,0,222,T
5-NP,1487,223,0,0,0,223,A
5-NP,1488,0,0,0,224,224,C
5-NP,1489,0,0,204,0,204,G
5-NP,1490,201,0,0,0,201,A
5-NP,1491,0,0,0,189,189,C
5-NP,1492,132,0,0,0,132,A
5-NP,1493,130,0,0,0,130,A
5-NP,1494,0,102,0,0,102,T
5-NP,1495,0,94,0,0,94,T
5-NP,1496,95,0,0,0,95,A
5-NP,1497,93,0,0,0,93,A
6-NA,1,3,0,0,0,3,A
6-NA,2,0,3,0,0,3,T
6-NA,3,0,0,3,0,3,G
6-NA,4,3,0,0,0,3,A
6-NA,5,3,0,0,0,3,A
6-NA,6,0,3,0,0,3,T
6-NA,7,0,0,0,3,3,C
6-NA,8,0,0,0,3,3,C
6-NA,9,3,0,0,0,3,A
6-NA,10,3,0,0,0,3,A
6-NA,11,3,0,0,0,3,A
6-NA,12,0,3,0,0,3,T
6-NA,13,0,0,0,3,3,C
6-NA,14,3,0,0,0,3,A
6-NA,15,3,0,0,0,3,A
6-NA,16,3,0,0,0,3,A
6-NA,17,3,0,0,0,3,A
6-NA,18,0,0,4,0,4,G
6-NA,19,4,0,0,0,4,A
6-NA,20,0,4,0,0,4,T
6-NA,21,4,0,0,0,4,A
6-NA,22,4,0,0,0,4,A
6-NA,23,0,4,0,0,4,T
6-NA,24,4,0,0,0,4,A
6-NA,25,4,0,0,0,4,A
6-NA,26,0,0,0,5,5,C
6-NA,27,0,0,5,0,5,G
6-NA,28,5,0,0,0,5,A
6-NA,29,0,5,0,0,5,T
6-NA,30,0,5,0,0,5,T
6-NA,31,0,0,5,0,5,G
6-NA,32,0,0,5,0,5,G
6-NA,33,0,0,0,5,5,C
6-NA,34,0,5,0,0,5,T
6-NA,35,0,0,0,5,5,C
6-NA,36,0,5,0,0,5,T
6-NA,37,0,0,5,0,5,G
6-NA,38,0,5,0,0,5,T
6-NA,39,0,5,0,0,5,T
6-NA,40,0,5,0,0,5,T
6-NA,41,0,0,0,5,5,C
6-NA,42,0,5,0,0,5,T
6-NA,43,0,0,0,5,5,C
6-NA,44,0,5,0,0,5,T
6-NA,45,0,0,0,5,5,C
6-NA,46,4,0,0,0,4,A
6-NA,47,0,0,0,5,5,C
6-NA,48,0,0,0,6,6,C
6-NA,49,6,0,0,0,6,A
6-NA,50,0,6,0,0,6,T
6-NA,51,0,7,0,0,7,T
6-NA,52,0,7,0,0,7,T
6-NA,53,0,0,0,7,7,C
6-NA,54,0,0,0,6,6,C
6-NA,55,7,0,0,0,7,A
6-NA,56,0,0,0,7,7,C
6-NA,57,7,0,0,0,7,A
6-NA,58,7,0,0,0,7,A
6-NA,59,0,7,0,0,7,T
6-NA,60,7,0,0,0,7,A
6-NA,61,0,7,0,0,7,T
6-NA,62,0,0,7,0,7,G
6-NA,63,0,0,0,7,7,C
6-NA,64,0,7,0,0,7,T
6-NA,65,0,6,0,0,6,T
6-NA,66,0,0,0,6,6,C
6-NA,67,0,6,0,0,6,T
6-NA,68,0,6,0,0,6,T
6-NA,69,0,0,0,6,6,C
6-NA,70,6,0,0,0,6,A
6-NA,71,0,6,0,0,6,T
6-NA,72,0,0,6,0,6,G
6-NA,73,0,0,0,6,6,C
6-NA,74,6,0,0,0,6,A
6-NA,75,6,0,0,0,6,A
6-NA,76,6,0,0,0,6,A
6-NA,77,0,6,0,0,6,T
6-NA,78,0,6,0,0,6,T
6-NA,79,0,0,6,0,6,G
6-NA,80,0,0,0,6,6,C
6-NA,81,0,0,0,6,6,C
6-NA,82,6,0,0,0,6,A
6-NA,83,0,6,0,0,6,T
6-NA,84,0,0,0,6,6,C
6-NA,85,0,6,0,0,6,T
6-NA,86,0,6,0,0,6,T
6-NA,87,0,0,7,0,7,G
6-NA,88,7,0,0,0,7,A
6-NA,89,0,7,0,0,7,T
6-NA,90,7,0,0,0,7,A
6-NA,91,7,0,0,0,7,A
6-NA,92,0,0,0,7,7,C
6-NA,93,0,7,0,0,7,T
6-NA,94,7,0,0,0,7,A
6-NA,95,0,0,0,9,9,C
6-NA,96,0,9,0,0,9,T
6-NA,97,0,0,9,0,9,G
6-NA,98,0,9,0,0,9,T
6-NA,99,9,0,0,0,9,A
6-NA,100,10,0,0,0,10,A
6-NA,101,0,0,0,9,9,C
6-NA,102,10,0,0,0,10,A
6-NA,103,0,10,0,0,10,T
6-NA,104,0,10,0,0,10,T
6-NA,105,0,0,10,0,10,G
6-NA,106,0,0,0,10,10,C
6-NA,107,10,0,0,0,10,A
6-NA,108,0,10,0,0,10,T
6-NA,109,0,10,0,0,10,T
6-NA,110,0,10,0,0,10,T
6-NA,111,0,0,0,10,10,C
6-NA,112,10,0,0,0,10,A
6-NA,113,10,0,0,0,10,A
6-NA,114,0,0,10,0,10,G
6-NA,115,0,0,0,9,9,C
6-NA,116,9,0,0,0,9,A
6-NA,117,10,0,0,0,10,A
6-NA,118,0,10,0,0,10,T
6-NA,119,10,0,0,0,10,A
6-NA,120,0,10,0,0,10,T
6-NA,121,0,0,10,0,10,G
6-NA,122,10,0,0,0,10,A
6-NA,123,11,0,0,0,11,A
6-NA,124,0,10,0,0,10,T
6-NA,125,0,10,0,0,10,T
6-NA,126,0,0,0,10,10,C
6-NA,127,10,0,0,0,10,A
6-NA,128,10,0,0,0,10,A
6-NA,129,0,0,0,10,10,C
6-NA,130,0,10,0,0,10,T
6-NA,131,0,0,0,10,10,C
6-NA,132,0,0,0,11,11,C
6-NA,133,0,0,0,12,12,C
6-NA,134,0,0,0,11,11,C
6-NA,135,0,0,0,12,12,C
6-NA,136,0,0,0,12,12,C
6-NA,137,0,0,0,12,12,C
6-NA,138,12,0,0,0,12,A
6-NA,139,12,0,0,0,12,A
6-NA,140,12,0,0,0,12,A
6-NA,141,0,0,0,11,11,C
6-NA,142,13,0,0,0,13,A
6-NA,143,13,0,0,0,13,A
6-NA,144,0,0,0,13,13,C
6-NA,145,0,0,0,13,13,C
6-NA,146,14,0,0,0,14,A
6-NA,147,14,0,0,0,14,A
6-NA,148,0,0,14,0,14,G
6-NA,149,0,14,0,0,14,T
6-NA,150,0,0,14,0,14,G
6-NA,151,15,0,0,0,15,A
6-NA,152,0,14,0,0,14,T
6-NA,153,0,0,14,0,14,G
6-NA,154,0,0,0,14,14,C
6-NA,155,0,14,0,0,14,T
6-NA,156,0,0,14,0,14,G
6-NA,157,0,14,0,0,14,T
6-NA,158,0,0,14,0,14,G
6-NA,159,0,14,0,0,14,T
6-NA,160,0,0,14,0,14,G
6-NA,161,14,0,0,0,14,A
6-NA,162,14,0,0,0,14,A
6-NA,163,0,0,0,14,14,C
6-NA,164,0,0,0,14,14,C
6-NA,165,13,0,0,0,13,A
6-NA,166,13,0,0,0,13,A
6-NA,167,0,0,0,13,13,C
6-NA,168,13,0,0,0,13,A
6-NA,169,13,0,0,0,13,A
6-NA,170,0,13,0,0,13,T
6-NA,171,13,0,0,0,13,A
6-NA,172,13,0,0,0,13,A
6-NA,173,0,13,0,0,13,T
6-NA,174,13,0,0,0,13,A
6-NA,175,0,0,13,0,13,G
6-NA,176,13,0,0,0,13,A
6-NA,177,13,0,0,0,13,A
6-NA,178,13,0,0,0,13,A
6-NA,179,0,0,13,0,13,G
6-NA,180,13,0,0,0,13,A
6-NA,181,13,0,0,0,13,A
6-NA,182,13,0,0,0,13,A
6-NA,183,0,0,0,13,13,C
6-NA,184,13,0,0,0,13,A
6-NA,185,0,13,0,0,13,T
6-NA,186,13,0,0,0,13,A
6-NA,187,13,0,0,0,13,A
6-NA,188,0,0,0,13,13,C
6-NA,189,13,0,0,0,13,A
6-NA,190,0,0,13,0,13,G
6-NA,191,13,0,0,0,13,A
6-NA,192,0,0,13,0,13,G
6-NA,193,14,0,0,0,14,A
6-NA,194,0,18,0,0,18,T
6-NA,195,17,0,0,0,17,A
6-NA,196,0,0,18,0,18,G
6-NA,197,0,18,0,0,18,T
6-NA,198,0,0,19,0,19,G
6-NA,199,0,19,0,0,19,T
6-NA,200,19,0,0,0,19,A
6-NA,201,0,19,0,0,19,T
6-NA,202,0,0,0,19,19,C
6-NA,203,0,18,0,0,18,T
6-NA,204,0,0,18,0,18,G
6-NA,205,17,0,0,0,17,A
6-NA,206,0,0,0,18,18,C
6-NA,207,0,0,0,18,18,C
6-NA,208,18,0,0,0,18,A
6-NA,209,19,0,0,0,19,A
6-NA,210,0,0,0,19,19,C
6-NA,211,19,0,0,0,19,A
6-NA,212,0,0,0,20,20,C
6-NA,213,0,0,0,20,20,C
6-NA,214,21,0,0,0,21,A
6-NA,215,0,0,0,21,21,C
6-NA,216,0,0,0,21,21,C
6-NA,217,21,0,0,0,21,A
6-NA,218,0,21,0,0,21,T
6-NA,219,21,0,0,0,21,A
6-NA,220,0,0,21,0,21,G
6-NA,221,21,0,0,0,21,A
6-NA,222,0,0,20,0,20,G
6-NA,223,21,0,0,0,21,A
6-NA,224,21,0,0,0,21,A
6-NA,225,0,0,21,0,21,G
6-NA,226,0,0,21,0,21,G
6-NA,227,21,0,0,0,21,A
6-NA,228,21,0,0,0,21,A
6-NA,229,21,0,0,0,21,A
6-NA,230,0,21,0,0,21,T
6-NA,231,21,0,0,0,21,A
6-NA,232,0,22,0,0,22,T
6-NA,233,0,0,21,0,21,G
6-NA,234,0,0,0,21,21,C
6-NA,235,0,0,0,21,21,C
6-NA,236,0,0,0,22,22,C
6-NA,237,0,0,0,22,22,C
6-NA,238,22,0,0,0,22,A
6-NA,239,21,0,0,0,21,A
6-NA,240,22,0,0,0,22,A
6-NA,241,0,22,0,0,22,T
6-NA,242,0,23,0,0,23,T
6-NA,243,23,0,0,0,23,A
6-NA,244,0,0,23,0,23,G
6-NA,245,0,0,0,22,22,C
6-NA,246,23,0,0,0,23,A
6-NA,247,0,0,25,0,25,G
6-NA,248,24,0,0,0,24,A
6-NA,249,26,0,0,0,26,A
6-NA,250,0,26,0,0,26,T
6-NA,251,26,0,0,0,26,A
6-NA,252,0,0,0,25,25,C
6-NA,253,26,0,0,0,26,A
6-NA,254,0,0,25,0,25,G
6-NA,255,26,0,0,0,26,A
6-NA,256,23,0,0,0,23,A
6-NA,257,24,0,0,0,24,A
6-NA,258,0,24,0,0,24,T
6-NA,259,0,24,0,0,24,T
6-NA,260,0,0,24,0,24,G
6-NA,261,0,0,24,0,24,G
6-NA,262,0,24,0,0,24,T
6-NA,263,0,0,0,24,24,C
6-NA,264,24,0,0,0,24,A
6-NA,265,24,0,0,0,24,A
6-NA,266,24,0,0,0,24,A
6-NA,267,24,0,0,0,24,A
6-NA,268,0,0,0,24,24,C
6-NA,269,0,0,0,24,24,C
6-NA,270,0,0,24,0,24,G
6-NA,271,0,0,0,24,24,C
6-NA,272,23,0,0,0,23,A
6-NA,273,24,0,0,0,24,A
6-NA,274,0,24,0,0,24,T
6-NA,275,0,0,24,0,24,G
6-NA,276,0,0,0,23,23,C
6-NA,277,0,0,24,0,24,G
6-NA,278,23,0,0,0,23,A
6-NA,279,0,0,0,24,24,C
6-NA,280,24,0,0,0,24,A
6-NA,281,0,26,0,0,26,T
6-NA,282,0,25,0,0,25,T
6-NA,283,26,0,0,0,26,A
6-NA,284,0,0,0,26,26,C
6-NA,285,26,0,0,0,26,A
6-NA,286,0,0,25,0,25,G
6-NA,287,0,0,26,0,26,G
6-NA,288,26,0,0,0,26,A
6-NA,289,0,25,0,0,25,T
6-NA,290,0,25,0,0,25,T
6-NA,291,0,26,0,0,26,T
6-NA,292,0,0,26,0,26,G
6-NA,293,0,0,0,25,25,C
6-NA,294,26,0,0,0,26,A
6-NA,295,0,0,0,26,26,C
6-NA,296,0,0,0,27,27,C
6-NA,297,0,27,0,0,27,T
6-NA,298,0,27,0,0,27,T
6-NA,299,0,27,0,0,27,T
6-NA,300,0,27,0,0,27,T
6-NA,301,0,26,0,0,26,T
6-NA,302,0,0,0,27,27,C
6-NA,303,0,27,0,0,27,T
6-NA,304,27,0,0,0,27,A
6-NA,305,26,0,0,0,26,A
6-NA,306,0,0,27,0,27,G
6-NA,307,0,0,26,0,26,G
6-NA,308,26,0,0,0,26,A
6-NA,309,0,0,0,25,25,C
6-NA,310,25,0,0,0,25,A
6-NA,311,25,0,0,0,25,A
6-NA,312,0,25,0,0,25,T
6-NA,313,0,25,0,0,25,T
6-NA,314,0,0,0,25,25,C
6-NA,315,0,0,25,0,25,G
6-NA,316,25,0,0,0,25,A
6-NA,317,0,25,0,0,25,T
6-NA,318,0,25,0,0,25,T
6-NA,319,25,0,0,0,25,A
6-NA,320,0,0,24,0,24,G
6-NA,321,0,0,25,0,25,G
6-NA,322,0,0,0,25,25,C
6-NA,323,0,24,0,0,24,T
6-NA,324,0,25,0,0,25,T
6-NA,325,0,25,0,0,25,T
6-NA,326,0,0,0,25,25,C
6-NA,327,0,0,0,25,25,C
6-NA,328,0,0,25,0,25,G
6-NA,329,0,0,0,25,25,C
6-NA,330,0,25,0,0,25,T
6-NA,331,0,0,24,0,24,G
6-NA,332,0,0,25,0,25,G
6-NA,333,0,25,0,0,25,T
6-NA,334,0,0,25,0,25,G
6-NA,335,0,0,24,0,24,G
6-NA,336,0,0,24,0,24,G
6-NA,337,0,0,24,0,24,G
6-NA,338,25,0,0,0,25,A
6-NA,339,0,0,0,25,25,C
6-NA,340,23,0,0,0,23,A
6-NA,341,0,24,0,0,24,T
6-NA,342,0,0,0,24,24,C
6-NA,343,0,24,0,0,24,T
6-NA,344,0,0,24,0,24,G
6-NA,345,0,0,24,0,24,G
6-NA,346,0,0,26,0,26,G
6-NA,347,0,26,0,0,26,T
6-NA,348,0,0,26,0,26,G
6-NA,349,26,0,0,0,26,A
6-NA,350,0,0,0,29,29,C
6-NA,351,30,0,0,0,30,A
6-NA,352,49,0,0,0,49,A
6-NA,353,0,0,53,0,53,G
6-NA,354,53,0,0,0,53,A
6-NA,355,0,0,64,0,64,G
6-NA,356,76,0,0,0,76,A
6-NA,357,112,0,0,0,112,A
6-NA,358,0,0,0,249,249,C
6-NA,359,0,0,0,309,309,C
6-NA,360,0,310,0,0,310,T
6-NA,361,0,321,0,1,322,T
6-NA,362,322,0,0,0,322,A
6-NA,363,0,324,0,0,324,T
6-NA,364,1,0,365,0,366,G
6-NA,365,0,364,0,0,364,T
6-NA,366,0,0,391,0,391,G
6-NA,367,0,391,0,0,391,T
6-NA,368,0,0,0,393,393,C
6-NA,369,401,0,1,1,403,A
6-NA,370,0,408,0,0,408,T
6-NA,371,0,0,407,0,407,G
6-NA,372,0,1,0,406,407,C
6-NA,373,0,0,410,0,410,G
6-NA,374,525,1,0,0,526,A
6-NA,375,0,528,0,0,528,T
6-NA,376,0,0,0,550,550,C
6-NA,377,0,0,0,558,558,C
6-NA,378,0,583,0,0,583,T
6-NA,379,0,0,593,0,593,G
6-NA,380,598,0,2,0,600,A
6-NA,381,0,0,0,599,599,C
6-NA,382,598,0,1,0,599,A
6-NA,383,602,0,1,0,603,A
6-NA,384,0,0,641,0,641,G
6-NA,385,0,638,0,0,638,T
6-NA,386,0,0,664,0,664,G
6-NA,387,0,664,0,0,664,T
6-NA,388,0,671,0,0,671,T
6-NA,389,667,0,0,0,667,A
6-NA,390,0,668,0,0,668,T
6-NA,391,0,1,0,686,687,C
6-NA,392,686,0,0,0,686,A
6-NA,393,687,0,0,0,687,A
6-NA,394,0,690,0,0,690,T
6-NA,395,0,695,0,0,695,T
6-NA,396,0,695,0,0,695,T
6-NA,397,0,0,697,0,697,G
6-NA,398,0,1,0,774,775,C
6-NA,399,0,0,0,767,767,C
6-NA,400,0,0,0,773,773,C
6-NA,401,0,772,0,0,772,T
6-NA,402,0,776,0,0,776,T
6-NA,403,0,0,792,0,792,G
6-NA,404,0,0,789,0,789,G
6-NA,405,793,0,2,0,795,A
6-NA,406,0,0,0,804,804,C
6-NA,407,791,0,0,0,791,A
6-NA,408,0,0,811,0,811,G
6-NA,409,0,0,802,0,802,G
6-NA,410,0,1,837,0,838,G
6-NA,411,833,0,0,0,833,A
6-NA,412,838,1,1,1,841,A
6-NA,413,0,0,0,854,854,C
6-NA,414,848,0,0,0,848,A
6-NA,415,975,0,0,0,975,A
6-NA,416,0,0,0,996,996,C
6-NA,417,997,0,0,0,997,A
6-NA,418,0,0,0,1021,1021,C
6-NA,419,0,1006,0,0,1006,T
6-NA,420,1018,0,0,0,1018,A
6-NA,421,1019,0,0,0,1019,A
6-NA,422,1017,0,0,0,1017,A
6-NA,423,0,1,0,1027,1028,C
6-NA,424,1008,0,0,0,1008,A
6-NA,425,1011,1,0,0,1012,A
6-NA,426,0,1,0,1008,1009,C
6-NA,427,0,0,1015,0,1015,G
6-NA,428,0,995,0,0,995,T
6-NA,429,2,0,1000,0,1002,G
6-NA,430,0,1,0,1009,1010,C
6-NA,431,1012,0,1,0,1013,A
6-NA,432,0,1023,0,0,1023,T
6-NA,433,0,1025,0,1,1026,T
6-NA,434,0,0,0,1046,1046,C
6-NA,435,1054,0,0,0,1054,A
6-NA,436,1059,0,0,0,1059,A
6-NA,437,1075,0,0,0,1075,A
6-NA,438,0,1083,0,0,1083,T
6-NA,439,1,0,1077,0,1078,G
6-NA,440,1099,0,1,0,1100,A
6-NA,441,0,0,0,1105,1105,C
6-NA,442,1096,0,0,0,1096,A
6-NA,443,0,0,0,1123,1123,C
6-NA,444,1104,0,0,0,1104,A
6-NA,445,0,0,1431,0,1431,G
6-NA,446,0,1437,0,0,1437,T
6-NA,447,1453,0,0,0,1453,A
6-NA,448,0,0,0,1463,1463,C
6-NA,449,0,0,1463,0,1463,G
6-NA,450,0,1513,0,0,1513,T
6-NA,451,2,0,1512,0,1514,G
6-NA,452,1511,0,1,0,1512,A
6-NA,453,0,1540,0,0,1540,T
6-NA,454,1420,0,0,0,1420,A
6-NA,455,0,0,1418,0,1418,G
6-NA,456,0,0,1398,0,1398,G
6-NA,457,1419,0,1,0,1420,A
6-NA,458,0,0,0,1450,1450,C
6-NA,459,0,1,0,1429,1430,C
6-NA,460,0,0,0,1454,1454,C
6-NA,461,1,0,0,1458,1459,C
6-NA,462,1,1474,1,1,1477,T
6-NA,463,0,1504,0,0,1504,T
6-NA,464,1515,0,0,0,1515,A
6-NA,465,0,1507,0,0,1507,T
6-NA,466,0,1,0,1521,1522,C
6-NA,467,1,0,1500,0,1501,G
6-NA,468,0,0,1483,0,1483,G
6-NA,469,1500,1,2,0,1503,A
6-NA,470,0,0,0,1519,1519,C
6-NA,471,0,0,0,1508,1508,C
6-NA,472,0,0,0,1613,1613,C
6-NA,473,0,1609,1,2,1612,T
6-NA,474,1625,0,0,0,1625,A
6-NA,475,0,1631,0,0,1631,T
6-NA,476,0,1632,0,0,1632,T
6-NA,477,0,0,1639,0,1639,G
6-NA,478,1624,0,0,0,1624,A
6-NA,479,0,1629,0,1,1630,T
6-NA,480,0,0,1644,0,1644,G
6-NA,481,1586,0,0,0,1586,A
6-NA,482,1601,0,0,1,1602,A
6-NA,483,0,1595,0,0,1595,T
6-NA,484,0,0,1628,0,1628,G
6-NA,485,1617,0,1,0,1618,A
6-NA,486,2,0,1673,0,1675,G
6-NA,487,0,1662,0,0,1662,T
6-NA,488,0,1686,0,0,1686,T
6-NA,489,1682,0,2,0,1684,A
6-NA,490,0,0,1678,0,1678,G
6-NA,491,0,0,1685,0,1685,G
6-NA,492,0,1672,0,3,1675,T
6-NA,493,0,0,1679,0,1679,G
6-NA,494,1,1659,0,2,1662,T
6-NA,495,0,1667,0,2,1669,T
6-NA,496,0,0,0,1678,1678,C
6-NA,497,0,0,0,1683,1683,C
6-NA,498,0,1689,0,2,1691,T
6-NA,499,0,1696,0,0,1696,T
6-NA,500,0,1683,0,0,1683,T
6-NA,501,0,1683,0,0,1683,T
6-NA,502,0,0,0,1701,1701,C
6-NA,503,1693,0,1,0,1694,A
6-NA,504,0,1760,0,1,1761,T
6-NA,505,0,0,0,1776,1776,C
6-NA,506,0,1760,0,0,1760,T
6-NA,507,1,0,1756,0,1757,G
6-NA,508,0,0,1738,1,1739,G
6-NA,509,0,1,1730,0,1731,G
6-NA,510,0,1,1753,0,1754,G
6-NA,511,1754,1,1,0,1756,A
6-NA,512,0,0,0,1780,1780,C
6-NA,513,1,0,0,1783,1784,C
6-NA,514,1804,0,1,1,1806,A
6-NA,515,1794,0,6,1,1801,A
6-NA,516,0,0,1798,0,1798,G
6-NA,517,0,0,0,1811,1811,C
6-NA,518,1818,0,0,0,1818,A
6-NA,519,1837,0,2,0,1839,A
6-NA,520,0,0,1846,0,1846,G
6-NA,521,0,1833,0,1,1834,T
6-NA,522,0,0,1880,0,1880,G
6-NA,523,0,1866,0,1,1867,T
6-NA,524,0,0,1925,0,1925,G
6-NA,525,0,0,0,1928,1928,C
6-NA,526,1933,0,1,0,1934,A
6-NA,527,0,1948,1,1,1950,T
6-NA,528,1920,0,0,0,1920,A
6-NA,529,0,0,1967,0,1967,G
6-NA,530,0,0,0,1966,1966,C
6-NA,531,1924,0,0,0,1924,A
6-NA,532,0,1916,0,0,1916,T
6-NA,533,0,0,1853,0,1853,G
6-NA,534,0,0,1959,0,1959,G
6-NA,535,2,1964,0,2,1968,T
6-NA,536,1,0,1,1943,1945,C
6-NA,537,0,1,0,1964,1965,C
6-NA,538,1916,0,3,1,1920,A
6-NA,539,0,0,1976,0,1976,G
6-NA,540,0,1,0,1974,1975,C
6-NA,541,0,1972,0,0,1972,T
6-NA,542,0,1,0,1983,1984,C
6-NA,543,1936,0,0,1,1937,A
6-NA,544,1939,0,4,0,1943,A
6-NA,545,0,0,1966,0,1966,G
6-NA,546,0,1957,0,1,1958,T
6-NA,547,0,1960,0,0,1960,T
6-NA,548,0,1,1947,0,1948,G
6-NA,549,0,1947,0,0,1947,T
6-NA,550,0,0,0,1940,1940,C
6-NA,551,1944,1,2,0,1947,A
6-NA,552,0,1,0,1972,1973,C
6-NA,553,0,0,1972,0,1972,G
6-NA,554,1980,0,0,0,1980,A
6-NA,555,0,2013,1,2,2016,T
6-NA,556,2,0,2045,0,2047,G
6-NA,557,0,0,2057,0,2057,G
6-NA,558,2059,0,0,0,2059,A
6-NA,559,2066,0,0,0,2066,A
6-NA,560,2082,1,1,0,2084,A
6-NA,561,2096,0,4,0,2100,A
6-NA,562,1,0,2115,0,2116,G
6-NA,563,0,0,0,2114,2114,C
6-NA,564,2107,0,1,0,2108,A
6-NA,565,0,2109,0,0,2109,T
6-NA,566,0,0,2134,0,2134,G
6-NA,567,0,0,2125,0,2125,G
6-NA,568,0,0,0,2164,2164,C
6-NA,569,1,2150,0,0,2151,T
6-NA,570,2,0,2161,0,2163,G
6-NA,571,0,0,0,2155,2155,C
6-NA,572,2149,0,1,0,2150,A
6-NA,573,0,2247,0,0,2247,T
6-NA,574,1,0,2261,0,2262,G
6-NA,575,1,2296,0,1,2298,T
6-NA,576,0,2367,0,3,2370,T
6-NA,577,0,2368,0,2,2370,T
6-NA,578,0,1,2490,0,2491,G
6-NA,579,0,2457,0,2,2459,T
6-NA,580,2488,0,0,0,2488,A
6-NA,581,1,2501,0,0,2502,T
6-NA,582,2477,0,1,0,2478,A
6-NA,583,2486,0,3,0,2489,A
6-NA,584,0,0,0,2472,2472,C
6-NA,585,1,0,2442,0,2443,G
6-NA,586,0,0,2435,0,2435,G
6-NA,587,0,0,2404,0,2404,G
6-NA,588,0,1,2415,0,2416,G
6-NA,589,1,2,2427,1,2431,G
6-NA,590,2379,0,1,0,2380,A
6-NA,591,0,2425,0,0,2425,T
6-NA,592,0,0,2429,0,2429,G
6-NA,593,2444,0,0,0,2444,A
6-NA,594,0,2468,0,1,2469,T
6-NA,595,2460,0,1,0,2461,A
6-NA,596,2583,0,1,0,2584,A
6-NA,597,2600,0,0,0,2600,A
6-NA,598,2600,0,1,0,2601,A
6-NA,599,2597,0,1,0,2598,A
6-NA,600,0,2593,0,0,2593,T
6-NA,601,1,0,2589,0,2590,G
6-NA,602,0,0,0,2598,2598,C
6-NA,603,2605,0,1,0,2606,A
6-NA,604,2601,0,0,0,2601,A
6-NA,605,0,0,0,2646,2646,C
6-NA,606,0,2647,0,0,2647,T
6-NA,607,1,0,2659,0,2660,G
6-NA,608,0,0,0,2653,2653,C
6-NA,609,0,2665,0,1,2666,T
6-NA,610,2673,0,0,0,2673,A
6-NA,611,0,0,2656,0,2656,G
6-NA,612,0,0,0,2681,2681,C
6-NA,613,0,2671,0,7,2678,T
6-NA,614,1,2666,0,1,2668,T
6-NA,615,0,0,0,2706,2706,C
6-NA,616,2716,1,0,0,2717,A
6-NA,617,0,2728,0,0,2728,T
6-NA,618,0,2734,0,0,2734,T
6-NA,619,0,2749,0,0,2749,T
6-NA,620,2766,0,1,0,2767,A
6-NA,621,0,0,0,2798,2798,C
6-NA,622,2784,0,0,0,2784,A
6-NA,623,2794,0,0,0,2794,A
6-NA,624,0,2788,0,1,2789,T
6-NA,625,0,1,2766,0,2767,G
6-NA,626,0,0,2751,0,2751,G
6-NA,627,1,0,2750,0,2751,G
6-NA,628,2719,0,3,0,2722,A
6-NA,629,1,0,2791,0,2792,G
6-NA,630,1,2,2827,0,2830,G
6-NA,631,0,0,0,3005,3005,C
6-NA,632,0,3033,1,1,3035,T
6-NA,633,0,3072,0,0,3072,T
6-NA,634,0,1,3094,0,3095,G
6-NA,635,0,3061,0,0,3061,T
6-NA,636,3142,0,4,0,3146,A
6-NA,637,0,0,3188,0,3188,G
6-NA,638,3117,1,0,1,3119,A
6-NA,639,1,3132,0,2,3135,T
6-NA,640,2908,0,0,0,2908,A
6-NA,641,0,0,2900,0,2900,G
6-NA,642,0,2851,0,3,2854,T
6-NA,643,1,1,2830,0,2832,G
6-NA,644,1,2910,0,3,2914,T
6-NA,645,0,2936,0,1,2937,T
6-NA,646,1,0,2974,0,2975,G
6-NA,647,0,2958,2,2,2962,T
6-NA,648,0,2980,0,0,2980,T
6-NA,649,0,2976,0,1,2977,T
6-NA,650,0,0,0,2965,2965,C
6-NA,651,2947,0,1,0,2948,A
6-NA,652,0,2936,0,1,2937,T
6-NA,653,0,0,2938,0,2938,G
6-NA,654,1,0,3110,0,3111,G
6-NA,655,0,3084,0,4,3088,T
6-NA,656,0,0,0,3082,3082,C
6-NA,657,0,0,0,3109,3109,C
6-NA,658,3126,0,3,1,3130,A
6-NA,659,3140,1,0,1,3142,A
6-NA,660,3156,0,1,0,3157,A
6-NA,661,1,0,3159,0,3160,G
6-NA,662,3154,0,0,1,3155,A
6-NA,663,3062,0,1,1,3064,A
6-NA,664,3052,0,3,1,3056,A
6-NA,665,0,3054,0,0,3054,T
6-NA,666,0,0,0,3135,3135,C
6-NA,667,0,0,0,3142,3142,C
6-NA,668,0,3137,0,3,3140,T
6-NA,669,0,1,0,3138,3139,C
6-NA,670,3135,1,0,0,3136,A
6-NA,671,0,0,3144,0,3144,G
6-NA,672,0,0,3133,0,3133,G
6-NA,673,3229,1,7,0,3237,A
6-NA,674,0,1,0,3251,3252,C
6-NA,675,0,1,0,3182,3183,C
6-NA,676,0,1,0,3206,3207,C
6-NA,677,3206,0,1,1,3208,A
6-NA,678,0,1,3234,0,3235,G
6-NA,679,1,0,3238,1,3240,G
6-NA,680,3217,0,3,1,3221,A
6-NA,681,0,0,3286,0,3286,G
6-NA,682,0,3205,1,1,3207,T
6-NA,683,0,2,1,3239,3242,C
6-NA,684,3242,2,0,0,3244,A
6-NA,685,0,0,3267,0,3267,G
6-NA,686,3256,0,1,0,3257,A
6-NA,687,3252,1,0,0,3253,A
6-NA,688,0,3244,0,0,3244,T
6-NA,689,0,0,3267,0,3267,G
6-NA,690,0,1,0,3246,3247,C
6-NA,691,2,1,3274,0,3277,G
6-NA,692,0,3257,0,1,3258,T
6-NA,693,0,3274,0,3,3277,T
6-NA,694,0,3267,0,0,3267,T
6-NA,695,0,0,3296,0,3296,G
6-NA,696,0,3298,0,3,3301,T
6-NA,697,3311,0,0,0,3311,A
6-NA,698,0,3261,0,23,3284,T
6-NA,699,1,2,0,3302,3305,C
6-NA,700,3315,0,0,0,3315,A
6-NA,701,3296,0,0,0,3296,A
6-NA,702,0,3303,2,0,3305,T
6-NA,703,0,0,3293,0,3293,G
6-NA,704,0,0,3293,0,3293,G
6-NA,705,3360,0,3,0,3363,A
6-NA,706,3361,0,4,1,3366,A
6-NA,707,0,0,0,3390,3390,C
6-NA,708,0,3435,1,2,3438,T
6-NA,709,0,3430,0,0,3430,T
6-NA,710,1,0,3515,0,3516,G
6-NA,711,0,3501,0,1,3502,T
6-NA,712,3516,1,3,0,3520,A
6-NA,713,0,1,0,3571,3572,C
6-NA,714,3517,0,0,0,3517,A
6-NA,715,0,0,3743,0,3743,G
6-NA,716,0,3698,0,2,3700,T
6-NA,717,3858,0,1,0,3859,A
6-NA,718,0,0,3865,0,3865,G
6-NA,719,0,3809,0,1,3810,T
6-NA,720,3820,0,1,0,3821,A
6-NA,721,3792,0,0,0,3792,A
6-NA,722,0,3792,0,2,3794,T
6-NA,723,0,0,3812,0,3812,G
6-NA,724,3716,0,0,0,3716,A
6-NA,725,0,0,0,3772,3772,C
6-NA,726,0,3706,0,1,3707,T
6-NA,727,1,0,3725,0,3726,G
6-NA,728,3680,0,1,0,3681,A
6-NA,729,0,3718,0,0,3718,T
6-NA,730,0,0,3721,0,3721,G
6-NA,731,0,1,3687,1,3689,G
6-NA,732,0,0,3704,0,3704,G
6-NA,733,3608,0,3,0,3611,A
6-NA,734,0,0,3651,0,3651,G
6-NA,735,0,3628,0,6,3634,T
6-NA,736,0,0,3651,0,3651,G
6-NA,737,0,0,0,3647,3647,C
6-NA,738,0,3638,0,1,3639,T
6-NA,739,1,3645,0,0,3646,T
6-NA,740,1,0,0,3648,3649,C
6-NA,741,2,1,3643,0,3646,G
6-NA,742,1,0,3645,1,3647,G
6-NA,743,0,0,3653,0,3653,G
6-NA,744,3646,0,4,0,3650,A
6-NA,745,3637,0,1,0,3638,A
6-NA,746,3616,0,1,0,3617,A
6-NA,747,3628,1,2,0,3631,A
6-NA,748,0,0,3643,0,3643,G
6-NA,749,0,0,0,3633,3633,C
6-NA,750,0,3642,0,1,3643,T
6-NA,751,0,0,3646,0,3646,G
6-NA,752,3607,1,0,0,3608,A
6-NA,753,0,3671,0,2,3673,T
6-NA,754,3662,0,1,3,3666,A
6-NA,755,0,1,0,3850,3851,C
6-NA,756,0,3835,0,0,3835,T
6-NA,757,3829,0,0,0,3829,A
6-NA,758,3828,0,0,0,3828,A
6-NA,759,3814,0,1,0,3815,A
6-NA,760,3886,0,0,0,3886,A
6-NA,761,0,3886,0,0,3886,T
6-NA,762,3839,0,1,0,3840,A
6-NA,763,0,1,0,3877,3878,C
6-NA,764,0,3763,0,3,3766,T
6-NA,765,3839,0,0,0,3839,A
6-NA,766,0,3802,0,2,3804,T
6-NA,767,0,4111,0,0,4111,T
6-NA,768,0,0,0,4167,4167,C
6-NA,769,4126,0,0,1,4127,A
6-NA,770,0,4119,0,4,4123,T
6-NA,771,0,4132,0,0,4132,T
6-NA,772,4064,0,2,0,4066,A
6-NA,773,4065,0,1,0,4066,A
6-NA,774,0,0,4098,1,4099,G
6-NA,775,0,0,4092,0,4092,G
6-NA,776,3831,0,5,0,3836,A
6-NA,777,0,0,3904,0,3904,G
6-NA,778,1,1,3885,0,3887,G
6-NA,779,0,2,3890,0,3892,G
6-NA,780,0,0,3909,0,3909,G
6-NA,781,3898,1,1,0,3900,A
6-NA,782,3913,0,1,0,3914,A
6-NA,783,3921,0,0,0,3921,A
6-NA,784,3885,0,1,0,3886,A
6-NA,785,0,3880,0,0,3880,T
6-NA,786,1,0,0,3907,3908,C
6-NA,787,4,1,3944,0,3949,G
6-NA,788,0,3925,0,0,3925,T
6-NA,789,0,3927,0,2,3929,T
6-NA,790,0,0,0,3939,3939,C
6-NA,791,3941,0,0,0,3941,A
6-NA,792,0,4212,0,0,4212,T
6-NA,793,4198,0,1,0,4199,A
6-NA,794,0,0,0,4240,4240,C
6-NA,795,0,4224,0,2,4226,T
6-NA,796,4217,0,1,0,4218,A
6-NA,797,1,0,4203,0,4204,G
6-NA,798,0,0,0,4203,4203,C
6-NA,799,4207,0,0,0,4207,A
6-NA,800,0,1,0,4239,4240,C
6-NA,801,4079,0,0,0,4079,A
6-NA,802,0,4135,0,0,4135,T
6-NA,803,0,4139,0,0,4139,T
6-NA,804,2,0,4408,0,4410,G
6-NA,805,2,4393,0,3,4398,T
6-NA,806,0,0,0,4397,4397,C
6-NA,807,4394,0,6,0,4400,A
6-NA,808,0,0,4416,1,4417,G
6-NA,809,0,0,4427,0,4427,G
6-NA,810,4399,1,1,1,4402,A
6-NA,811,4350,0,0,0,4350,A
6-NA,812,0,1,4395,0,4396,G
6-NA,813,0,4249,0,2,4251,T
6-NA,814,4,0,4264,0,4268,G
6-NA,815,0,2,0,4264,4266,C
6-NA,816,0,4297,0,4,4301,T
6-NA,817,0,0,0,4311,4311,C
6-NA,818,4300,0,0,0,4300,A
6-NA,819,1,0,4312,0,4313,G
6-NA,820,1,1,0,4309,4311,C
6-NA,821,4312,0,3,1,4316,A
6-NA,822,0,4322,0,4,4326,T
6-NA,823,0,0,4456,0,4456,G
6-NA,824,0,4419,0,1,4420,T
6-NA,825,0,1,0,4443,4444,C
6-NA,826,0,1,4449,0,4450,G
6-NA,827,4400,0,0,0,4400,A
6-NA,828,1,0,4423,0,4424,G
6-NA,829,0,0,4402,0,4402,G
6-NA,830,4373,0,7,0,4380,A
6-NA,831,0,0,4423,0,4423,G
6-NA,832,0,4321,0,2,4323,T
6-NA,833,2,0,4331,0,4333,G
6-NA,834,1,0,0,4420,4421,C
6-NA,835,1,4418,0,3,4422,T
6-NA,836,2,0,0,4440,4442,C
6-NA,837,0,3,0,4477,4480,C
6-NA,838,1,4479,0,0,4480,T
6-NA,839,0,0,4501,0,4501,G
6-NA,840,0,0,0,4461,4461,C
6-NA,841,0,4442,0,2,4444,T
6-NA,842,4488,1,0,0,4489,A
6-NA,843,0,4404,0,0,4404,T
6-NA,844,0,0,0,4444,4444,C
6-NA,845,0,0,0,4442,4442,C
6-NA,846,0,4406,0,1,4407,T
6-NA,847,0,2,0,4542,4544,C
6-NA,848,2,0,4542,0,4544,G
6-NA,849,4562,0,0,0,4562,A
6-NA,850,1,4574,0,4,4579,T
6-NA,851,4583,0,0,0,4583,A
6-NA,852,0,4573,0,2,4575,T
6-NA,853,1,2,2,4578,4583,C
6-NA,854,0,0,0,4592,4592,C
6-NA,855,1,4579,0,2,4582,T
6-NA,856,1,0,4588,0,4589,G
6-NA,857,0,0,4573,0,4573,G
6-NA,858,0,4649,0,1,4650,T
6-NA,859,0,0,4677,0,4677,G
6-NA,860,0,4665,0,5,4670,T
6-NA,861,0,0,0,4672,4672,C
6-NA,862,4665,2,2,0,4669,A
6-NA,863,4,0,4675,0,4679,G
6-NA,864,4664,2,1,1,4668,A
6-NA,865,1,4644,0,1,4646,T
6-NA,866,0,1,4653,1,4655,G
6-NA,867,0,4591,0,1,4592,T
6-NA,868,0,0,4592,2,4594,G
6-NA,869,0,4598,1,3,4602,T
6-NA,870,2,0,0,4608,4610,C
6-NA,871,0,4616,1,2,4619,T
6-NA,872,2,0,4598,0,4600,G
6-NA,873,1,2,0,4604,4607,C
6-NA,874,4610,1,2,0,4613,A
6-NA,875,0,0,4610,0,4610,G
6-NA,876,4501,0,0,1,4502,A
6-NA,877,0,0,4553,2,4555,G
6-NA,878,4542,1,4,0,4547,A
6-NA,879,0,1,0,4600,4601,C
6-NA,880,4607,0,2,0,4609,A
6-NA,881,4605,2,1,0,4608,A
6-NA,882,0,462,0,4184,4646,C
6-NA,883,1,4650,0,0,4651,T
6-NA,884,2,0,4634,0,4636,G
6-NA,885,0,0,4628,0,4628,G
6-NA,886,4586,0,1,0,4587,A
6-NA,887,4553,0,0,0,4553,A
6-NA,888,4404,1,7,0,4412,A
6-NA,889,0,1,4464,0,4465,G
6-NA,890,0,1,4415,0,4416,G
6-NA,891,1,1,0,4408,4410,C
6-NA,892,0,4367,0,4,4371,T
6-NA,893,0,2,0,4494,4496,C
6-NA,894,0,0,0,4569,4569,C
6-NA,895,4593,1,0,0,4594,A
6-NA,896,4576,0,2,0,4578,A
6-NA,897,1,4597,0,0,4598,T
6-NA,898,4420,0,1,1,4422,A
6-NA,899,0,0,4381,0,4381,G
6-NA,900,2,1,4352,0,4355,G
6-NA,901,0,1,0,4352,4353,C
6-NA,902,0,1,0,4264,4265,C
6-NA,903,0,0,0,4232,4232,C
6-NA,904,4307,0,0,0,4307,A
6-NA,905,0,4318,0,1,4319,T
6-NA,906,0,1,0,4358,4359,C
6-NA,907,21,1,4360,0,4382,G
6-NA,908,0,4349,0,0,4349,T
6-NA,909,4257,0,1,0,4258,A
6-NA,910,0,0,4337,1,4338,G
6-NA,911,4309,1,1,1,4312,A
6-NA,912,1,4336,0,1,4338,T
6-NA,913,4229,0,1,1,4231,A
6-NA,914,0,4183,0,0,4183,T
6-NA,915,4168,0,0,0,4168,A
6-NA,916,4155,0,0,1,4156,A
6-NA,917,4231,0,2,1,4234,A
6-NA,918,2,1,0,4467,4470,C
6-NA,919,4358,0,0,1,4359,A
6-NA,920,0,4339,1,0,4340,T
6-NA,921,4323,0,1,0,4324,A
6-NA,922,4324,1,4,0,4329,A
6-NA,923,4325,0,4,0,4329,A
6-NA,924,2,1,4333,1,4337,G
6-NA,925,0,0,4371,0,4371,G
6-NA,926,4243,1,0,1,4245,A
6-NA,927,0,4234,0,1,4235,T
6-NA,928,1,2,0,4277,4280,C
6-NA,929,4300,0,1,0,4301,A
6-NA,930,0,4293,0,5,4298,T
6-NA,931,4291,1,19,0,4311,A
6-NA,932,0,1,4327,0,4328,G
6-NA,933,1,0,0,4279,4280,C
6-NA,934,4221,0,2,0,4223,A
6-NA,935,0,4116,0,2,4118,T
6-NA,936,1,4117,0,0,4118,T
6-NA,937,0,1,4236,0,4237,G
6-NA,938,0,4224,0,2,4226,T
6-NA,939,0,4273,0,5,4278,T
6-NA,940,0,4264,0,1,4265,T
6-NA,941,1,0,0,4259,4260,C
6-NA,942,2,1,0,4295,4298,C
6-NA,943,4339,1,1,0,4341,A
6-NA,944,0,0,4425,0,4425,G
6-NA,945,1,4407,0,3,4411,T
6-NA,946,0,4281,0,0,4281,T
6-NA,947,4284,1,1,0,4286,A
6-NA,948,0,4214,0,0,4214,T
6-NA,949,0,0,4257,0,4257,G
6-NA,950,0,4204,0,2,4206,T
6-NA,951,0,1,4244,0,4245,G
6-NA,952,0,4113,0,4,4117,T
6-NA,953,1,0,4208,0,4209,G
6-NA,954,0,4203,0,3,4206,T
6-NA,955,0,4182,0,3,4185,T
6-NA,956,0,0,0,4192,4192,C
6-NA,957,4151,2,5,0,4158,A
6-NA,958,1,0,4143,0,4144,G
6-NA,959,0,1,4137,0,4138,G
6-NA,960,4096,0,2,0,4098,A
6-NA,961,0,1,0,4125,4126,C
6-NA,962,0,4067,0,0,4067,T
6-NA,963,0,4104,0,0,4104,T
6-NA,964,1,0,4236,0,4237,G
6-NA,965,0,4215,0,2,4217,T
6-NA,966,0,4234,0,3,4237,T
6-NA,967,0,0,4240,0,4240,G
6-NA,968,0,0,4233,0,4233,G
6-NA,969,4229,0,5,1,4235,A
6-NA,970,0,0,4292,0,4292,G
6-NA,971,4286,0,9,0,4295,A
6-NA,972,0,0,0,4535,4535,C
6-NA,973,4422,1,2,0,4425,A
6-NA,974,1,0,0,4570,4571,C
6-NA,975,4562,0,2,0,4564,A
6-NA,976,0,2,0,4724,4726,C
6-NA,977,0,0,0,4654,4654,C
6-NA,978,2,0,0,4695,4697,C
6-NA,979,4712,0,2,0,4714,A
6-NA,980,0,0,4716,0,4716,G
6-NA,981,4705,0,2,0,4707,A
6-NA,982,4728,0,2,1,4731,A
6-NA,983,4705,0,0,0,4705,A
6-NA,984,4706,0,0,0,4706,A
6-NA,985,4662,0,1,0,4663,A
6-NA,986,4668,0,2,0,4670,A
6-NA,987,0,1,0,4706,4707,C
6-NA,988,1,0,4696,1,4698,G
6-NA,989,4673,1,2,0,4676,A
6-NA,990,0,0,0,4672,4672,C
6-NA,991,4690,0,1,0,4691,A
6-NA,992,1,0,4701,0,4702,G
6-NA,993,0,0,1,4827,4828,C
6-NA,994,0,4782,0,6,4788,T
6-NA,995,1,0,0,4837,4838,C
6-NA,996,1,0,0,4865,4866,C
6-NA,997,4893,1,6,0,4900,A
6-NA,998,1,0,4925,0,4926,G
6-NA,999,0,2,0,4928,4930,C
6-NA,1000,4915,0,1,0,4916,A
6-NA,1001,0,1,4932,0,4933,G
6-NA,1002,0,4756,0,0,4756,T
6-NA,1003,4768,0,4,1,4773,A
6-NA,1004,1,0,4763,0,4764,G
6-NA,1005,0,2,0,4752,4754,C
6-NA,1006,0,0,0,4780,4780,C
6-NA,1007,4724,0,0,0,4724,A
6-NA,1008,0,4726,0,1,4727,T
6-NA,1009,0,4726,0,0,4726,T
6-NA,1010,1,0,4834,0,4835,G
6-NA,1011,0,4800,0,3,4803,T
6-NA,1012,0,4787,0,0,4787,T
6-NA,1013,4,4783,0,0,4787,T
6-NA,1014,2,1,4730,0,4733,G
6-NA,1015,0,1,4789,0,4790,G
6-NA,1016,4745,1,1,0,4747,A
6-NA,1017,0,4788,0,1,4789,T
6-NA,1018,0,0,0,4784,4784,C
6-NA,1019,0,0,0,4727,4727,C
6-NA,1020,4,4758,1,3,4766,T
6-NA,1021,4749,1,24,0,4774,A
6-NA,1022,4772,2,1,1,4776,A
6-NA,1023,0,2,0,4829,4831,C
6-NA,1024,4708,0,0,0,4708,A
6-NA,1025,4817,0,0,1,4818,A
6-NA,1026,0,4813,0,2,4815,T
6-NA,1027,1,0,4856,0,4857,G
6-NA,1028,4828,1,0,0,4829,A
6-NA,1029,4774,0,5,0,4779,A
6-NA,1030,0,1,4821,0,4822,G
6-NA,1031,4789,0,2,0,4791,A
6-NA,1032,4666,0,12,0,4678,A
6-NA,1033,0,0,4712,0,4712,G
6-NA,1034,1,0,4686,0,4687,G
6-NA,1035,0,4535,0,1,4536,T
6-NA,1036,1,0,4624,1,4626,G
6-NA,1037,0,0,4739,0,4739,G
6-NA,1038,1,4690,0,1,4692,T
6-NA,1039,0,1,0,4712,4713,C
6-NA,1040,4712,0,4,0,4716,A
6-NA,1041,0,4727,1,1,4729,T
6-NA,1042,0,0,4733,0,4733,G
6-NA,1043,0,0,4743,0,4743,G
6-NA,1044,4686,0,5,0,4691,A
6-NA,1045,0,0,4840,0,4840,G
6-NA,1046,0,4642,0,2,4644,T
6-NA,1047,1,0,4656,0,4657,G
6-NA,1048,4620,2,3,0,4625,A
6-NA,1049,4636,0,3,0,4639,A
6-NA,1050,4639,0,4,0,4643,A
6-NA,1051,0,0,4647,0,4647,G
6-NA,1052,1,0,4571,0,4572,G
6-NA,1053,0,0,0,4589,4589,C
6-NA,1054,0,4470,0,5,4475,T
6-NA,1055,1,0,4482,1,4484,G
6-NA,1056,1,0,4466,0,4467,G
6-NA,1057,1,0,4486,0,4487,G
6-NA,1058,0,1,0,4496,4497,C
6-NA,1059,0,1,0,4503,4504,C
6-NA,1060,1,4448,0,6,4455,T
6-NA,1061,0,4490,0,0,4490,T
6-NA,1062,0,4513,1,1,4515,T
6-NA,1063,0,0,4527,0,4527,G
6-NA,1064,4509,0,2,0,4511,A
6-NA,1065,0,4472,1,0,4473,T
6-NA,1066,0,1,4397,0,4398,G
6-NA,1067,4329,0,2,0,4331,A
6-NA,1068,0,4346,1,0,4347,T
6-NA,1069,2,0,4353,0,4355,G
6-NA,1070,0,1,4382,0,4383,G
6-NA,1071,4361,1,1,0,4363,A
6-NA,1072,4371,1,0,0,4372,A
6-NA,1073,4367,0,1,0,4368,A
6-NA,1074,0,4358,1,1,4360,T
6-NA,1075,0,0,4375,0,4375,G
6-NA,1076,4334,0,8,0,4342,A
6-NA,1077,0,0,0,4338,4338,C
6-NA,1078,1,0,4373,0,4374,G
6-NA,1079,3,4236,1,4,4244,T
6-NA,1080,0,0,4272,0,4272,G
6-NA,1081,1,4258,0,2,4261,T
6-NA,1082,1,1,4269,0,4271,G
6-NA,1083,0,0,4301,0,4301,G
6-NA,1084,4259,0,1,0,4260,A
6-NA,1085,0,4250,0,2,4252,T
6-NA,1086,1,0,4254,0,4255,G
6-NA,1087,0,0,4246,0,4246,G
6-NA,1088,1,0,4268,1,4270,G
6-NA,1089,4218,0,2,0,4220,A
6-NA,1090,4221,0,1,0,4222,A
6-NA,1091,0,0,4217,0,4217,G
6-NA,1092,4145,0,4,0,4149,A
6-NA,1093,4140,0,2,0,4142,A
6-NA,1094,1,1,0,4120,4122,C
6-NA,1095,1,0,4100,0,4101,G
6-NA,1096,4070,0,5,0,4075,A
6-NA,1097,0,3982,0,0,3982,T
6-NA,1098,1,21,0,3987,4009,C
6-NA,1099,4005,0,4,0,4009,A
6-NA,1100,0,0,4012,0,4012,G
6-NA,1101,1,1,0,4007,4009,C
6-NA,1102,0,1,4016,0,4017,G
6-NA,1103,3995,1,3,0,3999,A
6-NA,1104,3,0,4019,0,4022,G
6-NA,1105,4019,0,0,0,4019,A
6-NA,1106,4031,0,0,0,4031,A
6-NA,1107,0,0,4039,0,4039,G
6-NA,1108,0,3963,0,3,3966,T
6-NA,1109,0,0,0,3964,3964,C
6-NA,1110,3952,0,2,0,3954,A
6-NA,1111,0,0,0,4053,4053,C
6-NA,1112,0,0,4063,0,4063,G
6-NA,1113,0,0,0,4040,4040,C
6-NA,1114,0,4011,0,0,4011,T
6-NA,1115,0,4025,0,0,4025,T
6-NA,1116,3991,0,9,0,4000,A
6-NA,1117,1,0,4097,0,4098,G
6-NA,1118,0,0,4072,0,4072,G
6-NA,1119,0,1,4148,0,4149,G
6-NA,1120,0,3848,0,2,3850,T
6-NA,1121,3868,0,2,0,3870,A
6-NA,1122,0,3856,0,1,3857,T
6-NA,1123,0,0,3870,0,3870,G
6-NA,1124,3861,0,8,0,3869,A
6-NA,1125,3843,1,0,0,3844,A
6-NA,1126,3600,0,1,0,3601,A
6-NA,1127,0,0,0,3619,3619,C
6-NA,1128,0,0,1,3540,3541,C
6-NA,1129,0,3448,0,4,3452,T
6-NA,1130,0,3443,0,2,3445,T
6-NA,1131,0,0,0,3455,3455,C
6-NA,1132,3467,0,0,0,3467,A
6-NA,1133,3475,0,1,1,3477,A
6-NA,1134,3474,0,1,0,3475,A
6-NA,1135,0,0,3481,0,3481,G
6-NA,1136,0,3417,0,1,3418,T
6-NA,1137,1,0,0,3444,3445,C
6-NA,1138,3516,0,0,0,3516,A
6-NA,1139,0,3518,1,0,3519,T
6-NA,1140,0,3521,2,1,3524,T
6-NA,1141,1,0,3533,0,3534,G
6-NA,1142,3516,0,1,0,3517,A
6-NA,1143,3526,0,1,0,3527,A
6-NA,1144,0,0,3516,1,3517,G
6-NA,1145,0,0,3480,0,3480,G
6-NA,1146,0,1,0,3449,3450,C
6-NA,1147,0,3338,0,1,3339,T
6-NA,1148,0,0,3360,0,3360,G
6-NA,1149,1,0,3434,0,3435,G
6-NA,1150,0,3402,0,4,3406,T
6-NA,1151,0,1,1,3383,3385,C
6-NA,1152,0,0,1,3383,3384,C
6-NA,1153,3399,0,0,0,3399,A
6-NA,1154,3386,0,3,0,3389,A
6-NA,1155,0,0,0,3386,3386,C
6-NA,1156,0,0,0,3356,3356,C
6-NA,1157,1,0,0,3321,3322,C
6-NA,1158,0,3,0,3233,3236,C
6-NA,1159,3244,1,1,0,3246,A
6-NA,1160,3255,0,0,0,3255,A
6-NA,1161,1,0,3260,1,3262,G
6-NA,1162,0,3195,0,7,3202,T
6-NA,1163,0,0,0,3233,3233,C
6-NA,1164,1,0,0,3223,3224,C
6-NA,1165,3234,0,1,1,3236,A
6-NA,1166,3213,0,0,0,3213,A
6-NA,1167,3233,0,0,0,3233,A
6-NA,1168,0,3213,0,0,3213,T
6-NA,1169,0,3205,0,0,3205,T
6-NA,1170,0,0,3188,0,3188,G
6-NA,1171,0,2,0,3169,3171,C
6-NA,1172,3170,0,2,0,3172,A
6-NA,1173,0,0,3180,0,3180,G
6-NA,1174,3178,0,0,0,3178,A
6-NA,1175,0,3218,0,0,3218,T
6-NA,1176,3220,0,0,0,3220,A
6-NA,1177,3213,0,0,0,3213,A
6-NA,1178,3225,0,1,0,3226,A
6-NA,1179,0,3204,0,0,3204,T
6-NA,1180,3194,0,2,0,3196,A
6-NA,1181,0,0,3192,0,3192,G
6-NA,1182,0,0,3140,0,3140,G
6-NA,1183,0,0,0,3140,3140,C
6-NA,1184,3068,0,1,1,3070,A
6-NA,1185,3072,0,1,0,3073,A
6-NA,1186,0,0,3087,0,3087,G
6-NA,1187,0,3091,0,0,3091,T
6-NA,1188,0,0,0,3081,3081,C
6-NA,1189,3099,1,1,0,3101,A
6-NA,1190,0,3075,0,2,3077,T
6-NA,1191,3093,1,1,0,3095,A
6-NA,1192,0,0,3104,0,3104,G
6-NA,1193,0,3100,0,1,3101,T
6-NA,1194,0,2974,0,0,2974,T
6-NA,1195,2,0,2926,0,2928,G
6-NA,1196,2906,1,4,0,2911,A
6-NA,1197,0,1,0,2906,2907,C
6-NA,1198,2857,0,0,0,2857,A
6-NA,1199,0,0,2897,0,2897,G
6-NA,1200,2840,0,7,0,2847,A
6-NA,1201,0,0,2915,0,2915,G
6-NA,1202,0,0,2919,0,2919,G
6-NA,1203,2,2891,0,2,2895,T
6-NA,1204,2890,0,0,0,2890,A
6-NA,1205,2887,0,0,0,2887,A
6-NA,1206,0,2878,0,0,2878,T
6-NA,1207,2886,0,0,0,2886,A
6-NA,1208,0,0,2815,0,2815,G
6-NA,1209,0,0,2715,0,2715,G
6-NA,1210,1,2420,0,1,2422,T
6-NA,1211,1,0,0,2396,2397,C
6-NA,1212,0,0,0,2401,2401,C
6-NA,1213,0,0,2414,0,2414,G
6-NA,1214,1,0,2423,1,2425,G
6-NA,1215,0,2421,0,0,2421,T
6-NA,1216,0,2420,0,0,2420,T
6-NA,1217,2385,0,0,0,2385,A
6-NA,1218,0,2319,0,1,2320,T
6-NA,1219,1,2317,0,0,2318,T
6-NA,1220,0,0,0,2318,2318,C
6-NA,1221,0,2222,1,0,2223,T
6-NA,1222,1,0,2205,0,2206,G
6-NA,1223,0,0,2225,0,2225,G
6-NA,1224,0,2212,0,2,2214,T
6-NA,1225,2219,0,1,0,2220,A
6-NA,1226,0,2184,0,0,2184,T
6-NA,1227,0,2192,0,1,2193,T
6-NA,1228,0,2180,0,2,2182,T
6-NA,1229,1,2200,0,1,2202,T
6-NA,1230,0,31,0,2173,2204,C
6-NA,1231,0,2169,0,0,2169,T
6-NA,1232,0,0,0,2205,2205,C
6-NA,1233,0,2205,0,0,2205,T
6-NA,1234,0,0,2246,0,2246,G
6-NA,1235,0,2243,0,0,2243,T
6-NA,1236,1,2206,0,0,2207,T
6-NA,1237,0,0,2203,0,2203,G
6-NA,1238,2185,0,1,0,2186,A
6-NA,1239,2183,1,1,0,2185,A
6-NA,1240,0,1,2189,0,2190,G
6-NA,1241,0,0,2169,0,2169,G
6-NA,1242,0,0,0,2169,2169,C
6-NA,1243,2149,0,0,0,2149,A
6-NA,1244,2154,0,3,0,2157,A
6-NA,1245,2155,0,1,0,2156,A
6-NA,1246,2147,0,2,0,2149,A
6-NA,1247,0,0,2145,0,2145,G
6-NA,1248,0,0,0,2135,2135,C
6-NA,1249,0,2111,0,1,2112,T
6-NA,1250,0,0,2119,0,2119,G
6-NA,1251,0,0,0,2116,2116,C
6-NA,1252,2131,0,1,0,2132,A
6-NA,1253,1,2100,0,1,2102,T
6-NA,1254,0,0,0,2093,2093,C
6-NA,1255,2093,0,1,0,2094,A
6-NA,1256,2095,0,1,0,2096,A
6-NA,1257,0,2067,0,2,2069,T
6-NA,1258,0,0,1,2102,2103,C
6-NA,1259,0,0,2078,0,2078,G
6-NA,1260,0,0,2095,0,2095,G
6-NA,1261,0,2085,0,1,2086,T
6-NA,1262,1,1,2080,0,2082,G
6-NA,1263,0,1,0,2083,2084,C
6-NA,1264,0,2084,0,1,2085,T
6-NA,1265,0,2100,0,0,2100,T
6-NA,1266,0,2100,0,0,2100,T
6-NA,1267,0,2115,0,1,2116,T
6-NA,1268,2125,0,2,0,2127,A
6-NA,1269,0,2031,0,2,2033,T
6-NA,1270,0,0,2045,0,2045,G
6-NA,1271,0,2007,0,3,2010,T
6-NA,1272,1,0,1990,0,1991,G
6-NA,1273,0,0,2017,0,2017,G
6-NA,1274,1959,0,1,0,1960,A
6-NA,1275,0,0,1979,0,1979,G
6-NA,1276,0,1971,0,1,1972,T
6-NA,1277,1,1951,0,0,1952,T
6-NA,1278,0,0,1970,0,1970,G
6-NA,1279,1956,0,0,0,1956,A
6-NA,1280,0,1961,0,0,1961,T
6-NA,1281,1953,0,1,0,1954,A
6-NA,1282,1883,0,1,0,1884,A
6-NA,1283,0,0,1901,0,1901,G
6-NA,1284,0,1,1857,0,1858,G
6-NA,1285,2,0,1844,0,1846,G
6-NA,1286,0,0,1846,0,1846,G
6-NA,1287,1814,0,0,0,1814,A
6-NA,1288,1810,0,1,0,1811,A
6-NA,1289,0,0,1825,0,1825,G
6-NA,1290,1821,0,0,0,1821,A
6-NA,1291,1810,0,0,0,1810,A
6-NA,1292,1790,0,0,0,1790,A
6-NA,1293,1754,1,1,0,1756,A
6-NA,1294,0,0,1762,0,1762,G
6-NA,1295,1747,1,1,0,1749,A
6-NA,1296,0,0,1732,0,1732,G
6-NA,1297,0,0,1741,0,1741,G
6-NA,1298,1718,0,0,0,1718,A
6-NA,1299,1713,0,1,0,1714,A
6-NA,1300,1707,0,0,0,1707,A
6-NA,1301,0,0,0,1716,1716,C
6-NA,1302,0,1705,0,2,1707,T
6-NA,1303,0,0,1708,0,1708,G
6-NA,1304,1710,0,0,0,1710,A
6-NA,1305,1710,1,1,1,1713,A
6-NA,1306,0,0,1717,0,1717,G
6-NA,1307,0,1658,0,3,1661,T
6-NA,1308,0,1,0,1704,1705,C
6-NA,1309,0,1706,0,1,1707,T
6-NA,1310,0,1690,0,0,1690,T
6-NA,1311,1,0,1700,0,1701,G
6-NA,1312,1,1694,0,4,1699,T
6-NA,1313,0,0,1692,0,1692,G
6-NA,1314,0,0,1691,0,1691,G
6-NA,1315,1657,0,0,0,1657,A
6-NA,1316,0,0,0,1653,1653,C
6-NA,1317,1599,0,0,1,1600,A
6-NA,1318,0,1568,0,1,1569,T
6-NA,1319,0,0,0,1594,1594,C
6-NA,1320,0,0,1602,0,1602,G
6-NA,1321,1620,0,2,1,1623,A
6-NA,1322,1613,1,2,0,1616,A
6-NA,1323,0,1,0,1624,1625,C
6-NA,1324,1599,0,1,0,1600,A
6-NA,1325,1,0,1643,0,1644,G
6-NA,1326,0,1642,0,1,1643,T
6-NA,1327,1638,0,0,0,1638,A
6-NA,1328,0,1631,0,0,1631,T
6-NA,1329,0,1570,0,1,1571,T
6-NA,1330,0,0,1591,0,1591,G
6-NA,1331,0,1588,0,1,1589,T
6-NA,1332,0,1541,0,1,1542,T
6-NA,1333,0,0,1541,0,1541,G
6-NA,1334,0,1395,0,1,1396,T
6-NA,1335,0,0,1407,0,1407,G
6-NA,1336,0,1386,0,2,1388,T
6-NA,1337,0,1363,0,1,1364,T
6-NA,1338,0,1374,0,1,1375,T
6-NA,1339,0,1344,0,0,1344,T
6-NA,1340,0,0,1356,0,1356,G
6-NA,1341,0,1341,0,4,1345,T
6-NA,1342,0,0,1349,0,1349,G
6-NA,1343,0,0,1340,0,1340,G
6-NA,1344,0,0,0,1323,1323,C
6-NA,1345,1282,0,1,1,1284,A
6-NA,1346,0,0,0,1322,1322,C
6-NA,1347,0,0,0,1324,1324,C
6-NA,1348,0,1305,0,1,1306,T
6-NA,1349,0,0,0,1329,1329,C
6-NA,1350,1329,0,2,0,1331,A
6-NA,1351,0,0,1342,0,1342,G
6-NA,1352,0,1,1331,0,1332,G
6-NA,1353,1,1314,0,1,1316,T
6-NA,1354,1315,0,0,0,1315,A
6-NA,1355,0,0,0,1226,1226,C
6-NA,1356,1223,0,0,0,1223,A
6-NA,1357,0,1218,0,0,1218,T
6-NA,1358,1168,3,0,0,1171,A
6-NA,1359,0,1170,0,0,1170,T
6-NA,1360,1,0,1095,0,1096,G
6-NA,1361,0,0,1098,0,1098,G
6-NA,1362,1093,0,0,0,1093,A
6-NA,1363,1084,0,0,0,1084,A
6-NA,1364,0,0,0,1070,1070,C
6-NA,1365,867,0,0,0,867,A
6-NA,1366,0,0,863,0,863,G
6-NA,1367,0,0,848,0,848,G
6-NA,1368,0,0,0,845,845,C
6-NA,1369,0,844,0,0,844,T
6-NA,1370,0,0,0,806,806,C
6-NA,1371,799,0,3,0,802,A
6-NA,1372,0,802,0,1,803,T
6-NA,1373,0,0,805,0,805,G
6-NA,1374,0,0,805,0,805,G
6-NA,1375,0,0,0,765,765,C
6-NA,1376,0,0,0,755,755,C
6-NA,1377,0,721,0,0,721,T
6-NA,1378,0,0,719,0,719,G
6-NA,1379,716,0,0,0,716,A
6-NA,1380,0,708,0,1,709,T
6-NA,1381,0,0,699,0,699,G
6-NA,1382,0,0,681,0,681,G
6-NA,1383,0,0,637,0,637,G
6-NA,1384,0,0,634,0,634,G
6-NA,1385,0,0,0,617,617,C
6-NA,1386,0,1,613,0,614,G
6-NA,1387,0,1,606,0,607,G
6-NA,1388,592,0,1,0,593,A
6-NA,1389,0,1,0,586,587,C
6-NA,1390,591,0,0,0,591,A
6-NA,1391,0,576,0,0,576,T
6-NA,1392,0,0,0,568,568,C
6-NA,1393,565,0,1,0,566,A
6-NA,1394,565,0,0,0,565,A
6-NA,1395,0,558,0,0,558,T
6-NA,1396,0,0,0,538,538,C
6-NA,1397,0,519,0,0,519,T
6-NA,1398,0,0,0,439,439,C
6-NA,1399,438,0,0,0,438,A
6-NA,1400,0,435,0,0,435,T
6-NA,1401,0,0,430,0,430,G
6-NA,1402,0,0,0,424,424,C
6-NA,1403,0,0,0,420,420,C
6-NA,1404,0,372,1,0,373,T
6-NA,1405,372,0,0,0,372,A
6-NA,1406,0,372,0,1,373,T
6-NA,1407,369,0,0,0,369,A
6-NA,1408,0,365,0,0,365,T
6-NA,1409,326,0,0,0,326,A
6-NA,1410,309,0,0,0,309,A
7-M,1,15,0,0,0,15,A
7-M,2,0,17,0,0,17,T
7-M,3,0,0,16,0,16,G
7-M,4,17,0,0,0,17,A
7-M,5,0,0,19,0,19,G
7-M,6,0,0,0,21,21,C
7-M,7,0,0,0,21,21,C
7-M,8,0,25,0,0,25,T
7-M,9,0,26,0,0,26,T
7-M,10,0,0,0,25,25,C
7-M,11,0,27,0,0,27,T
7-M,12,29,0,0,0,29,A
7-M,13,29,0,0,0,29,A
7-M,14,0,0,0,29,29,C
7-M,15,0,0,0,28,28,C
7-M,16,0,0,29,0,29,G
7-M,17,27,0,0,0,27,A
7-M,18,0,0,27,0,27,G
7-M,19,0,0,29,0,29,G
7-M,20,0,27,0,0,27,T
7-M,21,0,0,0,28,28,C
7-M,22,0,0,28,0,28,G
7-M,23,30,0,0,0,30,A
7-M,24,29,0,0,0,29,A
7-M,25,31,0,0,0,31,A
7-M,26,0,0,0,34,34,C
7-M,27,0,0,35,0,35,G
7-M,28,0,35,0,0,35,T
7-M,29,34,0,0,0,34,A
7-M,30,0,34,0,0,34,T
7-M,31,0,0,37,0,37,G
7-M,32,0,36,0,0,36,T
7-M,33,0,40,0,1,41,T
7-M,34,0,0,0,41,41,C
7-M,35,0,43,0,0,43,T
7-M,36,1,0,0,42,43,C
7-M,37,0,44,0,0,44,T
7-M,38,0,0,0,46,46,C
7-M,39,0,46,0,0,46,T
7-M,40,49,0,0,0,49,A
7-M,41,0,48,0,0,48,T
7-M,42,0,0,0,49,49,C
7-M,43,0,0,49,0,49,G
7-M,44,0,49,0,0,49,T
7-M,45,0,50,0,0,50,T
7-M,46,0,0,0,52,52,C
7-M,47,0,0,0,57,57,C
7-M,48,56,0,0,0,56,A
7-M,49,0,58,0,0,58,T
7-M,50,0,0,0,56,56,C
7-M,51,56,0,0,0,56,A
7-M,52,0,0,58,0,58,G
7-M,53,0,0,55,0,55,G
7-M,54,0,0,0,58,58,C
7-M,55,0,0,0,57,57,C
7-M,56,0,0,0,57,57,C
7-M,57,0,0,0,58,58,C
7-M,58,0,0,0,58,58,C
7-M,59,0,59,0,0,59,T
7-M,60,0,0,0,59,59,C
7-M,61,59,0,0,0,59,A
7-M,62,59,0,0,0,59,A
7-M,63,60,0,0,0,60,A
7-M,64,0,0,60,0,60,G
7-M,65,0,0,0,59,59,C
7-M,66,0,0,0,58,58,C
7-M,67,1,0,56,0,57,G
7-M,68,57,0,0,0,57,A
7-M,69,0,0,57,0,57,G
7-M,70,56,0,0,0,56,A
7-M,71,0,57,0,0,57,T
7-M,72,0,0,0,58,58,C
7-M,73,0,0,56,0,56,G
7-M,74,0,0,0,57,57,C
7-M,75,0,0,58,0,58,G
7-M,76,0,0,0,58,58,C
7-M,77,57,0,0,0,57,A
7-M,78,0,0,58,0,58,G
7-M,79,55,0,0,0,55,A
7-M,80,0,0,58,0,58,G
7-M,81,60,0,0,0,60,A
7-M,82,0,0,0,60,60,C
7-M,83,0,61,0,0,61,T
7-M,84,0,59,0,0,59,T
7-M,85,0,0,63,0,63,G
7-M,86,60,0,0,0,60,A
7-M,87,63,0,0,0,63,A
7-M,88,0,0,63,0,63,G
7-M,89,60,0,0,0,60,A
7-M,90,0,61,0,0,61,T
7-M,91,0,0,63,0,63,G
7-M,92,0,62,0,0,62,T
7-M,93,0,0,0,63,63,C
7-M,94,0,63,0,0,63,T
7-M,95,0,60,0,1,61,T
7-M,96,0,62,0,0,62,T
7-M,97,0,0,63,0,63,G
7-M,98,0,0,0,61,61,C
7-M,99,0,63,0,0,63,T
7-M,100,0,0,62,0,62,G
7-M,101,0,0,60,0,60,G
7-M,102,0,0,63,0,63,G
7-M,103,62,0,0,0,62,A
7-M,104,62,0,0,0,62,A
7-M,105,63,0,0,0,63,A
7-M,106,62,0,0,0,62,A
7-M,107,63,0,0,0,63,A
7-M,108,0,0,0,63,63,C
7-M,109,64,0,0,0,64,A
7-M,110,0,0,0,64,64,C
7-M,111,61,0,0,0,61,A
7-M,112,0,0,65,0,65,G
7-M,113,68,0,0,0,68,A
7-M,114,0,68,0,0,68,T
7-M,115,0,0,0,68,68,C
7-M,116,0,69,0,0,69,T
7-M,117,0,68,0,0,68,T
7-M,118,0,0,67,0,67,G
7-M,119,67,0,0,0,67,A
7-M,120,0,0,68,0,68,G
7-M,121,0,0,67,0,67,G
7-M,122,0,0,0,68,68,C
7-M,123,0,68,0,1,69,T
7-M,124,0,0,0,74,74,C
7-M,125,0,75,0,0,75,T
7-M,126,0,0,0,76,76,C
7-M,127,75,0,0,0,75,A
7-M,128,0,76,0,0,76,T
7-M,129,0,0,76,0,76,G
7-M,130,0,0,74,0,74,G
7-M,131,75,0,0,0,75,A
7-M,132,76,0,0,0,76,A
7-M,133,0,72,0,0,72,T
7-M,134,0,0,74,0,74,G
7-M,135,0,0,78,0,78,G
7-M,136,0,0,0,78,78,C
7-M,137,0,77,0,0,77,T
7-M,138,78,0,0,0,78,A
7-M,139,78,0,0,0,78,A
7-M,140,79,0,0,0,79,A
7-M,141,0,0,76,0,76,G
7-M,142,78,0,0,0,78,A
7-M,143,0,0,0,79,79,C
7-M,144,78,0,0,0,78,A
7-M,145,78,0,0,0,78,A
7-M,146,0,0,79,0,79,G
7-M,147,80,0,0,0,80,A
7-M,148,0,0,0,81,81,C
7-M,149,0,1,0,79,80,C
7-M,150,82,0,0,0,82,A
7-M,151,84,0,0,0,84,A
7-M,152,0,85,0,0,85,T
7-M,153,0,81,0,0,81,T
7-M,154,0,0,0,84,84,C
7-M,155,0,83,0,0,83,T
7-M,156,0,0,83,0,83,G
7-M,157,0,83,0,0,83,T
7-M,158,0,0,0,85,85,C
7-M,159,82,0,0,0,82,A
7-M,160,0,0,0,85,85,C
7-M,161,0,0,0,85,85,C
7-M,162,0,85,0,0,85,T
7-M,163,0,0,0,83,83,C
7-M,164,0,85,0,0,85,T
7-M,165,0,0,86,0,86,G
7-M,166,85,0,0,0,85,A
7-M,167,0,0,0,86,86,C
7-M,168,0,87,0,0,87,T
7-M,169,85,0,0,0,85,A
7-M,170,85,0,0,0,85,A
7-M,171,0,0,83,0,83,G
7-M,172,0,1,83,0,84,G
7-M,173,0,0,86,0,86,G
7-M,174,0,0,82,0,82,G
7-M,175,80,0,0,0,80,A
7-M,176,0,84,0,0,84,T
7-M,177,0,84,0,0,84,T
7-M,178,0,85,0,0,85,T
7-M,179,0,85,0,0,85,T
7-M,180,0,0,84,0,84,G
7-M,181,0,0,85,0,85,G
7-M,182,0,0,84,0,84,G
7-M,183,0,0,86,0,86,G
7-M,184,0,81,0,1,82,T
7-M,185,0,86,0,0,86,T
7-M,186,0,83,0,0,83,T
7-M,187,0,0,86,0,86,G
7-M,188,0,86,0,0,86,T
7-M,189,0,0,87,0,87,G
7-M,190,0,88,0,0,88,T
7-M,191,0,88,0,0,88,T
7-M,192,0,0,0,89,89,C
7-M,193,88,0,0,0,88,A
7-M,194,0,0,0,92,92,C
7-M,195,0,0,91,0,91,G
7-M,196,0,0,0,92,92,C
7-M,197,0,90,0,0,90,T
7-M,198,0,0,0,93,93,C
7-M,199,94,0,0,0,94,A
7-M,200,0,0,0,96,96,C
7-M,201,0,0,0,97,97,C
7-M,202,0,0,95,0,95,G
7-M,203,0,96,0,0,96,T
7-M,204,0,0,95,0,95,G
7-M,205,0,1,0,93,94,C
7-M,206,0,0,0,98,98,C
7-M,207,0,0,0,99,99,C
7-M,208,99,0,0,0,99,A
7-M,209,0,0,98,0,98,G
7-M,210,0,99,0,0,99,T
7-M,211,0,0,103,0,103,G
7-M,212,106,0,0,0,106,A
7-M,213,0,0,109,0,109,G
7-M,214,0,0,0,107,107,C
7-M,215,0,0,106,0,106,G
7-M,216,107,0,0,0,107,A
7-M,217,0,0,107,0,107,G
7-M,218,0,0,106,0,106,G
7-M,219,106,0,0,0,106,A
7-M,220,0,0,0,108,108,C
7-M,221,0,107,0,0,107,T
7-M,222,0,0,107,0,107,G
7-M,223,0,0,0,107,107,C
7-M,224,107,1,0,0,108,A
7-M,225,0,0,112,0,112,G
7-M,226,0,0,0,113,113,C
7-M,227,0,0,114,0,114,G
7-M,228,0,114,0,0,114,T
7-M,229,112,0,0,0,112,A
7-M,230,0,0,112,0,112,G
7-M,231,110,0,0,0,110,A
7-M,232,0,0,0,111,111,C
7-M,233,0,0,112,0,112,G
7-M,234,0,0,0,113,113,C
7-M,235,0,109,0,0,109,T
7-M,236,0,111,0,0,111,T
7-M,237,0,110,0,0,110,T
7-M,238,0,0,112,0,112,G
7-M,239,0,111,0,1,112,T
7-M,240,0,0,0,112,112,C
7-M,241,0,0,0,113,113,C
7-M,242,112,0,0,0,112,A
7-M,243,111,0,0,0,111,A
7-M,244,112,0,0,0,112,A
7-M,245,112,0,0,0,112,A
7-M,246,0,112,0,0,112,T
7-M,247,0,0,114,0,114,G
7-M,248,0,0,0,112,112,C
7-M,249,0,0,0,109,109,C
7-M,250,0,0,0,115,115,C
7-M,251,0,112,0,0,112,T
7-M,252,0,0,0,119,119,C
7-M,253,120,0,0,0,120,A
7-M,254,118,0,0,0,118,A
7-M,255,0,121,0,0,121,T
7-M,256,0,0,121,0,121,G
7-M,257,0,0,125,0,125,G
7-M,258,0,0,127,0,127,G
7-M,259,129,0,0,0,129,A
7-M,260,127,0,0,0,127,A
7-M,261,0,123,0,0,123,T
7-M,262,0,0,125,0,125,G
7-M,263,0,0,122,0,122,G
7-M,264,125,0,0,0,125,A
7-M,265,0,0,123,0,123,G
7-M,266,123,0,0,0,123,A
7-M,267,0,0,0,124,124,C
7-M,268,0,0,0,127,127,C
7-M,269,0,0,0,129,129,C
7-M,270,129,0,0,0,129,A
7-M,271,129,0,0,0,129,A
7-M,272,129,0,0,0,129,A
7-M,273,0,130,0,0,130,T
7-M,274,130,0,0,0,130,A
7-M,275,127,0,0,0,127,A
7-M,276,0,0,0,124,124,C
7-M,277,123,0,1,0,124,A
7-M,278,0,124,0,0,124,T
7-M,279,0,0,127,0,127,G
7-M,280,0,0,127,0,127,G
7-M,281,127,0,0,0,127,A
7-M,282,0,0,0,128,128,C
7-M,283,125,0,0,0,125,A
7-M,284,125,0,0,0,125,A
7-M,285,125,0,0,0,125,A
7-M,286,0,0,125,0,125,G
7-M,287,0,0,0,124,124,C
7-M,288,122,0,0,0,122,A
7-M,289,0,0,127,0,127,G
7-M,290,0,125,0,0,125,T
7-M,291,0,125,0,0,125,T
7-M,292,128,0,0,0,128,A
7-M,293,126,0,0,0,126,A
7-M,294,127,0,0,0,127,A
7-M,295,0,0,0,128,128,C
7-M,296,0,125,0,0,125,T
7-M,297,0,0,131,0,131,G
7-M,298,0,127,0,0,127,T
7-M,299,132,0,0,0,132,A
7-M,300,0,131,0,0,131,T
7-M,301,132,0,0,0,132,A
7-M,302,0,0,131,0,131,G
7-M,303,118,0,0,0,118,A
7-M,304,119,0,0,0,119,A
7-M,305,120,0,0,0,120,A
7-M,306,119,0,0,0,119,A
7-M,307,0,0,0,123,123,C
7-M,308,0,124,0,0,124,T
7-M,309,0,121,0,0,121,T
7-M,310,124,0,0,0,124,A
7-M,311,125,0,0,0,125,A
7-M,312,0,0,126,0,126,G
7-M,313,122,0,0,0,122,A
7-M,314,0,0,124,0,124,G
7-M,315,0,0,117,0,117,G
7-M,316,0,0,122,0,122,G
7-M,317,125,0,0,0,125,A
7-M,318,0,0,122,0,122,G
7-M,319,125,0,0,0,125,A
7-M,320,0,123,0,0,123,T
7-M,321,124,0,0,0,124,A
7-M,322,124,0,0,0,124,A
7-M,323,0,0,0,121,121,C
7-M,324,0,0,122,0,122,G
7-M,325,0,121,0,0,121,T
7-M,326,0,119,0,0,119,T
7-M,327,0,0,0,122,122,C
7-M,328,0,0,0,122,122,C
7-M,329,121,0,0,0,121,A
7-M,330,0,123,0,0,123,T
7-M,331,0,0,121,0,121,G
7-M,332,0,0,118,0,118,G
7-M,333,0,0,121,0,121,G
7-M,334,0,0,120,0,120,G
7-M,335,0,0,0,119,119,C
7-M,336,0,0,0,121,121,C
7-M,337,119,0,0,0,119,A
7-M,338,121,0,0,0,121,A
7-M,339,121,0,0,0,121,A
7-M,340,0,0,121,0,121,G
7-M,341,125,0,0,0,125,A
7-M,342,123,0,0,0,123,A
7-M,343,125,0,0,0,125,A
7-M,344,0,121,0,0,121,T
7-M,345,124,0,0,0,124,A
7-M,346,0,0,124,0,124,G
7-M,347,0,0,0,125,125,C
7-M,348,0,123,0,0,123,T
7-M,349,0,0,0,124,124,C
7-M,350,0,123,0,0,123,T
7-M,351,0,0,0,128,128,C
7-M,352,127,0,0,0,127,A
7-M,353,0,0,126,0,126,G
7-M,354,0,125,0,0,125,T
7-M,355,0,127,0,0,127,T
7-M,356,129,0,0,0,129,A
7-M,357,0,129,0,0,129,T
7-M,358,0,126,0,0,126,T
7-M,359,0,0,0,128,128,C
7-M,360,0,128,0,0,128,T
7-M,361,0,0,130,0,130,G
7-M,362,0,0,0,129,129,C
7-M,363,0,130,0,0,130,T
7-M,364,0,0,131,0,131,G
7-M,365,0,0,129,0,129,G
7-M,366,0,128,0,0,128,T
7-M,367,0,0,129,0,129,G
7-M,368,0,0,0,128,128,C
7-M,369,129,0,0,0,129,A
7-M,370,0,0,0,125,125,C
7-M,371,0,129,0,0,129,T
7-M,372,0,131,0,0,131,T
7-M,373,0,0,126,0,126,G
7-M,374,0,0,0,124,124,C
7-M,375,0,0,0,127,127,C
7-M,376,123,0,0,0,123,A
7-M,377,0,0,125,0,125,G
7-M,378,0,125,0,0,125,T
7-M,379,0,124,0,0,124,T
7-M,380,0,0,124,0,124,G
7-M,381,0,0,0,123,123,C
7-M,382,124,0,0,0,124,A
7-M,383,1,121,0,0,122,T
7-M,384,0,0,122,0,122,G
7-M,385,0,0,122,0,122,G
7-M,386,0,0,121,0,121,G
7-M,387,0,0,0,123,123,C
7-M,388,0,0,0,133,133,C
7-M,389,0,132,0,0,132,T
7-M,390,0,0,0,133,133,C
7-M,391,141,0,0,0,141,A
7-M,392,0,138,0,0,138,T
7-M,393,148,0,0,0,148,A
7-M,394,0,144,0,0,144,T
7-M,395,144,0,0,0,144,A
7-M,396,0,1,0,158,159,C
7-M,397,153,0,0,0,153,A
7-M,398,156,0,0,0,156,A
7-M,399,0,153,0,0,153,T
7-M,400,145,0,0,0,145,A
7-M,401,0,0,146,0,146,G
7-M,402,0,0,138,0,138,G
7-M,403,136,0,0,1,137,A
7-M,404,0,142,0,0,142,T
7-M,405,0,0,131,0,131,G
7-M,406,0,0,132,0,132,G
7-M,407,0,0,131,0,131,G
7-M,408,0,0,134,0,134,G
7-M,409,0,0,131,0,131,G
7-M,410,0,0,0,136,136,C
7-M,411,0,134,0,0,134,T
7-M,412,0,0,134,0,134,G
7-M,413,0,133,0,1,134,T
7-M,414,134,0,0,0,134,A
7-M,415,131,0,0,0,131,A
7-M,416,0,0,0,134,134,C
7-M,417,0,0,0,134,134,C
7-M,418,131,0,1,0,132,A
7-M,419,0,0,0,128,128,C
7-M,420,0,129,0,0,129,T
7-M,421,0,0,130,0,130,G
7-M,422,128,0,0,0,128,A
7-M,423,130,0,0,0,130,A
7-M,424,0,0,129,0,129,G
7-M,425,0,129,0,0,129,T
7-M,426,0,0,127,0,127,G
7-M,427,0,0,126,0,126,G
7-M,428,0,0,0,127,127,C
7-M,429,126,0,0,0,126,A
7-M,430,0,123,0,0,123,T
7-M,431,0,125,0,0,125,T
7-M,432,0,125,0,0,125,T
7-M,433,0,0,127,0,127,G
7-M,434,0,0,124,0,124,G
7-M,435,0,0,0,125,125,C
7-M,436,0,0,0,125,125,C
7-M,437,0,124,0,0,124,T
7-M,438,0,0,131,0,131,G
7-M,439,0,0,132,0,132,G
7-M,440,0,130,0,0,130,T
7-M,441,136,0,0,0,136,A
7-M,442,0,131,0,0,131,T
7-M,443,0,0,137,0,137,G
7-M,444,0,137,0,0,137,T
7-M,445,0,0,136,0,136,G
7-M,446,0,0,0,140,140,C
7-M,447,132,0,1,0,133,A
7-M,448,129,0,0,0,129,A
7-M,449,0,0,0,132,132,C
7-M,450,131,0,0,0,131,A
7-M,451,0,130,0,0,130,T
7-M,452,0,0,130,0,130,G
7-M,453,1,122,0,1,124,T
7-M,454,0,0,127,0,127,G
7-M,455,125,0,0,0,125,A
7-M,456,0,0,126,0,126,G
7-M,457,0,0,0,128,128,C
7-M,458,123,0,0,0,123,A
7-M,459,0,0,126,0,126,G
7-M,460,125,0,0,0,125,A
7-M,461,0,126,0,0,126,T
7-M,462,0,125,0,0,125,T
7-M,463,0,0,125,0,125,G
7-M,464,0,0,0,126,126,C
7-M,465,0,123,0,0,123,T
7-M,466,0,0,125,0,125,G
7-M,467,125,0,0,0,125,A
7-M,468,0,0,0,127,127,C
7-M,469,0,133,0,0,133,T
7-M,470,0,0,0,134,134,C
7-M,471,0,0,0,131,131,C
7-M,472,0,0,0,134,134,C
7-M,473,134,0,0,0,134,A
7-M,474,0,0,135,0,135,G
7-M,475,0,0,0,134,134,C
7-M,476,133,0,0,0,133,A
7-M,477,0,0,0,137,137,C
7-M,478,133,0,0,0,133,A
7-M,479,0,0,134,0,134,G
7-M,480,0,0,132,0,132,G
7-M,481,0,132,0,0,132,T
7-M,482,0,0,0,141,141,C
7-M,483,0,144,0,0,144,T
7-M,484,0,0,0,145,145,C
7-M,485,144,0,0,0,144,A
7-M,486,0,145,0,0,145,T
7-M,487,144,0,0,0,144,A
7-M,488,0,0,144,0,144,G
7-M,489,0,0,145,0,145,G
7-M,490,0,0,0,143,143,C
7-M,491,143,0,0,0,143,A
7-M,492,0,0,142,0,142,G
7-M,493,142,0,0,0,142,A
7-M,494,0,140,0,0,140,T
7-M,495,0,0,143,0,143,G
7-M,496,0,0,143,0,143,G
7-M,497,0,139,0,0,139,T
7-M,498,0,0,144,0,144,G
7-M,499,0,0,145,0,145,G
7-M,500,0,0,0,143,143,C
7-M,501,146,0,0,0,146,A
7-M,502,142,0,0,0,142,A
7-M,503,0,0,0,146,146,C
7-M,504,149,0,0,0,149,A
7-M,505,148,0,0,0,148,A
7-M,506,0,0,0,151,151,C
7-M,507,0,0,0,147,147,C
7-M,508,147,0,0,0,147,A
7-M,509,151,0,0,0,151,A
7-M,510,0,147,0,0,147,T
7-M,511,0,0,0,150,150,C
7-M,512,0,0,0,149,149,C
7-M,513,148,0,0,0,148,A
7-M,514,0,150,0,0,150,T
7-M,515,0,152,0,0,152,T
7-M,516,150,0,0,0,150,A
7-M,517,150,0,0,0,150,A
7-M,518,0,151,0,0,151,T
7-M,519,149,0,0,0,149,A
7-M,520,151,0,0,0,151,A
7-M,521,148,0,0,0,148,A
7-M,522,149,0,0,0,149,A
7-M,523,0,0,0,153,153,C
7-M,524,153,0,0,0,153,A
7-M,525,0,148,0,0,148,T
7-M,526,0,0,153,0,153,G
7-M,527,150,0,1,0,151,A
7-M,528,0,0,152,0,152,G
7-M,529,153,0,0,0,153,A
7-M,530,152,0,0,0,152,A
7-M,531,0,0,0,152,152,C
7-M,532,149,0,0,0,149,A
7-M,533,0,0,151,0,151,G
7-M,534,152,0,0,0,152,A
7-M,535,146,0,0,0,146,A
7-M,536,0,148,0,0,148,T
7-M,537,0,0,150,0,150,G
7-M,538,0,0,150,0,150,G
7-M,539,0,146,0,0,146,T
7-M,540,0,147,0,1,148,T
7-M,541,0,149,0,0,149,T
7-M,542,0,149,0,0,149,T
7-M,543,0,0,150,0,150,G
7-M,544,0,0,151,0,151,G
7-M,545,0,0,0,149,149,C
7-M,546,0,0,0,147,147,C
7-M,547,147,0,0,0,147,A
7-M,548,0,0,154,0,154,G
7-M,549,0,0,0,154,154,C
7-M,550,157,0,0,0,157,A
7-M,551,0,0,0,159,159,C
7-M,552,0,153,0,0,153,T
7-M,553,155,0,0,0,155,A
7-M,554,0,0,0,159,159,C
7-M,555,161,0,1,0,162,A
7-M,556,0,0,161,0,161,G
7-M,557,0,0,0,157,157,C
7-M,558,0,156,0,0,156,T
7-M,559,157,0,0,0,157,A
7-M,560,157,0,0,0,157,A
7-M,561,0,0,155,0,155,G
7-M,562,0,0,161,0,161,G
7-M,563,0,0,0,159,159,C
7-M,564,0,155,0,0,155,T
7-M,565,156,0,0,0,156,A
7-M,566,0,156,0,0,156,T
7-M,567,0,0,156,0,156,G
7-M,568,0,0,155,0,155,G
7-M,569,150,0,0,0,150,A
7-M,570,0,0,152,0,152,G
7-M,571,0,0,0,145,145,C
7-M,572,148,0,0,0,148,A
7-M,573,148,0,0,0,148,A
7-M,574,145,0,0,0,145,A
7-M,575,0,145,0,0,145,T
7-M,576,0,0,147,0,147,G
7-M,577,0,0,147,0,147,G
7-M,578,0,0,0,144,144,C
7-M,579,0,146,0,0,146,T
7-M,580,0,0,149,0,149,G
7-M,581,0,0,151,0,151,G
7-M,582,151,0,0,0,151,A
7-M,583,0,146,0,1,147,T
7-M,584,0,0,0,147,147,C
7-M,585,146,0,0,0,146,A
7-M,586,147,0,0,0,147,A
7-M,587,0,0,148,0,148,G
7-M,588,0,149,0,0,149,T
7-M,589,0,0,150,0,150,G
7-M,590,144,0,0,0,144,A
7-M,591,0,0,147,0,147,G
7-M,592,0,0,0,148,148,C
7-M,593,147,0,0,0,147,A
7-M,594,0,0,152,0,152,G
7-M,595,0,0,146,0,146,G
7-M,596,0,0,0,148,148,C
7-M,597,149,0,0,0,149,A
7-M,598,0,0,149,0,149,G
7-M,599,0,0,0,147,147,C
7-M,600,0,0,148,0,148,G
7-M,601,0,0,146,0,146,G
7-M,602,144,0,0,0,144,A
7-M,603,0,0,149,0,149,G
7-M,604,0,0,148,0,148,G
7-M,605,0,0,0,148,148,C
7-M,606,0,0,0,149,149,C
7-M,607,148,0,0,0,148,A
7-M,608,0,150,0,0,150,T
7-M,609,2,0,150,0,152,G
7-M,610,0,0,152,0,152,G
7-M,611,150,0,0,0,150,A
7-M,612,0,0,152,0,152,G
7-M,613,150,0,0,0,150,A
7-M,614,0,155,0,0,155,T
7-M,615,0,157,0,0,157,T
7-M,616,0,0,155,0,155,G
7-M,617,0,0,0,156,156,C
7-M,618,0,157,0,0,157,T
7-M,619,159,0,0,0,159,A
7-M,620,0,0,158,0,158,G
7-M,621,0,159,0,0,159,T
7-M,622,0,0,0,158,158,C
7-M,623,154,0,0,0,154,A
7-M,624,0,0,162,0,162,G
7-M,625,0,0,163,0,163,G
7-M,626,0,0,0,161,161,C
7-M,627,0,0,0,161,161,C
7-M,628,164,0,0,0,164,A
7-M,629,0,0,167,0,167,G
7-M,630,0,0,165,0,165,G
7-M,631,0,0,0,166,166,C
7-M,632,166,0,0,0,166,A
7-M,633,0,0,165,0,165,G
7-M,634,160,0,0,0,160,A
7-M,635,0,163,0,0,163,T
7-M,636,0,0,163,0,163,G
7-M,637,0,0,166,0,166,G
7-M,638,0,160,0,0,160,T
7-M,639,0,0,164,0,164,G
7-M,640,0,0,0,154,154,C
7-M,641,161,0,0,0,161,A
7-M,642,0,0,164,0,164,G
7-M,643,0,0,162,0,162,G
7-M,644,0,0,0,163,163,C
7-M,645,163,0,0,0,163,A
7-M,646,160,0,0,0,160,A
7-M,647,0,161,0,0,161,T
7-M,648,0,0,157,0,157,G
7-M,649,154,0,0,0,154,A
7-M,650,0,0,158,0,158,G
7-M,651,156,0,0,0,156,A
7-M,652,0,0,154,0,154,G
7-M,653,0,0,0,157,157,C
7-M,654,0,0,0,163,163,C
7-M,655,160,0,0,0,160,A
7-M,656,0,161,0,0,161,T
7-M,657,0,163,0,0,163,T
7-M,658,0,0,161,0,161,G
7-M,659,0,0,159,0,159,G
7-M,660,0,0,161,0,161,G
7-M,661,154,0,0,0,154,A
7-M,662,0,0,0,158,158,C
7-M,663,0,155,0,0,155,T
7-M,664,0,0,0,157,157,C
7-M,665,159,0,0,0,159,A
7-M,666,0,158,0,1,159,T
7-M,667,0,0,0,158,158,C
7-M,668,0,0,0,161,161,C
7-M,669,0,160,0,0,160,T
7-M,670,161,0,0,0,161,A
7-M,671,0,0,161,0,161,G
7-M,672,0,171,0,0,171,T
7-M,673,0,174,0,0,174,T
7-M,674,0,0,0,176,176,C
7-M,675,0,0,0,172,172,C
7-M,676,174,0,0,0,174,A
7-M,677,0,0,173,0,173,G
7-M,678,0,174,0,0,174,T
7-M,679,172,0,0,0,172,A
7-M,680,0,0,0,171,171,C
7-M,681,0,140,0,0,140,T
7-M,682,0,0,146,0,146,G
7-M,683,0,0,145,0,145,G
7-M,684,0,147,0,0,147,T
7-M,685,0,0,0,150,150,C
7-M,686,0,151,0,0,151,T
7-M,687,150,0,0,0,150,A
7-M,688,152,0,0,0,152,A
7-M,689,0,0,153,0,153,G
7-M,690,149,0,0,0,149,A
7-M,691,0,0,148,0,148,G
7-M,692,138,0,0,0,138,A
7-M,693,0,140,0,0,140,T
7-M,694,0,0,134,0,134,G
7-M,695,138,0,0,0,138,A
7-M,696,0,133,0,0,133,T
7-M,697,0,0,0,139,139,C
7-M,698,0,136,0,0,136,T
7-M,699,0,135,0,0,135,T
7-M,700,0,0,0,135,135,C
7-M,701,0,136,0,0,136,T
7-M,702,0,136,0,0,136,T
7-M,703,0,0,137,0,137,G
7-M,704,137,0,0,0,137,A
7-M,705,136,0,0,0,136,A
7-M,706,136,0,0,0,136,A
7-M,707,137,0,0,0,137,A
7-M,708,0,139,0,0,139,T
7-M,709,0,139,0,0,139,T
7-M,710,0,138,0,0,138,T
7-M,711,0,0,136,0,136,G
7-M,712,0,0,0,136,136,C
7-M,713,136,0,0,0,136,A
7-M,714,0,0,137,0,137,G
7-M,715,138,0,0,0,138,A
7-M,716,0,0,0,144,144,C
7-M,717,0,0,0,142,142,C
7-M,718,0,140,0,0,140,T
7-M,719,143,0,0,0,143,A
7-M,720,0,141,0,0,141,T
7-M,721,0,0,0,143,143,C
7-M,722,145,0,0,0,145,A
7-M,723,0,0,142,0,142,G
7-M,724,143,0,0,0,143,A
7-M,725,141,0,0,0,141,A
7-M,726,135,0,0,0,135,A
7-M,727,0,0,0,137,137,C
7-M,728,0,0,142,0,142,G
7-M,729,139,0,0,0,139,A
7-M,730,140,0,0,0,140,A
7-M,731,0,140,0,0,140,T
7-M,732,0,0,140,0,140,G
7-M,733,0,0,140,0,140,G
7-M,734,0,0,138,0,138,G
7-M,735,138,0,0,0,138,A
7-M,736,0,0,142,0,142,G
7-M,737,0,141,0,0,141,T
7-M,738,0,0,142,0,142,G
7-M,739,0,0,0,143,143,C
7-M,740,143,0,0,0,143,A
7-M,741,0,0,142,0,142,G
7-M,742,137,0,0,0,137,A
7-M,743,0,139,0,0,139,T
7-M,744,0,0,139,0,139,G
7-M,745,0,0,0,132,132,C
7-M,746,134,0,0,0,134,A
7-M,747,130,0,0,0,130,A
7-M,748,0,0,0,133,133,C
7-M,749,0,0,131,0,131,G
7-M,750,133,0,0,0,133,A
7-M,751,0,132,0,0,132,T
7-M,752,0,131,0,0,131,T
7-M,753,0,0,0,134,134,C
7-M,754,134,0,0,0,134,A
7-M,755,133,0,0,0,133,A
7-M,756,0,0,134,0,134,G
7-M,757,1,131,0,0,132,T
7-M,758,0,0,127,0,127,G
7-M,759,129,0,0,0,129,A
7-M,760,0,0,0,127,127,C
7-M,761,0,0,0,125,125,C
7-M,762,0,0,0,124,124,C
7-M,763,0,0,124,0,124,G
7-M,764,0,0,0,125,125,C
7-M,765,0,126,0,0,126,T
7-M,766,0,126,0,0,126,T
7-M,767,0,0,127,0,127,G
7-M,768,0,125,0,0,125,T
7-M,769,0,126,0,0,126,T
7-M,770,0,0,127,0,127,G
7-M,771,0,123,0,0,123,T
7-M,772,0,121,0,0,121,T
7-M,773,0,0,121,1,122,G
7-M,774,0,0,0,117,117,C
7-M,775,0,0,0,116,116,C
7-M,776,0,0,118,0,118,G
7-M,777,0,0,0,118,118,C
7-M,778,0,0,122,0,122,G
7-M,779,121,0,0,0,121,A
7-M,780,121,0,0,0,121,A
7-M,781,0,122,0,0,122,T
7-M,782,121,0,0,0,121,A
7-M,783,0,121,0,0,121,T
7-M,784,0,0,0,121,121,C
7-M,785,124,0,0,0,124,A
7-M,786,0,125,0,0,125,T
7-M,787,0,120,0,0,120,T
7-M,788,0,0,119,0,119,G
7-M,789,0,0,117,0,117,G
7-M,790,0,0,120,0,120,G
7-M,791,115,0,0,0,115,A
7-M,792,0,114,0,0,114,T
7-M,793,0,0,0,112,112,C
7-M,794,0,114,0,0,114,T
7-M,795,0,113,0,0,113,T
7-M,796,0,0,115,0,115,G
7-M,797,0,0,0,112,112,C
7-M,798,111,0,0,0,111,A
7-M,799,0,0,0,113,113,C
7-M,800,0,111,0,0,111,T
7-M,801,0,109,0,0,109,T
7-M,802,1,0,109,0,110,G
7-M,803,110,0,0,0,110,A
7-M,804,0,110,0,0,110,T
7-M,805,110,0,0,0,110,A
7-M,806,0,110,0,0,110,T
7-M,807,0,110,0,0,110,T
7-M,808,0,0,109,0,109,G
7-M,809,0,108,0,0,108,T
7-M,810,0,0,108,0,108,G
7-M,811,0,0,106,0,106,G
7-M,812,108,0,0,0,108,A
7-M,813,0,108,0,0,108,T
7-M,814,0,108,0,1,109,T
7-M,815,0,0,0,106,106,C
7-M,816,0,105,0,0,105,T
7-M,817,0,108,0,0,108,T
7-M,818,0,0,108,0,108,G
7-M,819,107,0,0,0,107,A
7-M,820,0,107,0,0,107,T
7-M,821,0,0,0,106,106,C
7-M,822,0,0,105,0,105,G
7-M,823,0,105,0,0,105,T
7-M,824,0,0,0,105,105,C
7-M,825,0,107,0,0,107,T
7-M,826,0,105,0,0,105,T
7-M,827,0,106,0,0,106,T
7-M,828,0,106,0,0,106,T
7-M,829,0,108,0,0,108,T
7-M,830,0,104,0,0,104,T
7-M,831,0,105,0,0,105,T
7-M,832,0,0,0,107,107,C
7-M,833,108,0,0,0,108,A
7-M,834,107,0,0,0,107,A
7-M,835,106,0,0,0,106,A
7-M,836,0,107,0,0,107,T
7-M,837,0,0,102,0,102,G
7-M,838,0,0,0,108,108,C
7-M,839,0,0,108,0,108,G
7-M,840,0,107,0,0,107,T
7-M,841,0,0,0,110,110,C
7-M,842,0,109,0,0,109,T
7-M,843,111,0,0,0,111,A
7-M,844,0,108,0,0,108,T
7-M,845,0,0,0,109,109,C
7-M,846,0,0,111,0,111,G
7-M,847,108,0,0,0,108,A
7-M,848,0,0,0,107,107,C
7-M,849,0,105,0,0,105,T
7-M,850,0,0,0,109,109,C
7-M,851,0,104,0,0,104,T
7-M,852,0,106,0,0,106,T
7-M,853,0,0,0,104,104,C
7-M,854,106,0,0,0,106,A
7-M,855,106,0,0,0,106,A
7-M,856,105,0,0,0,105,A
7-M,857,0,0,0,104,104,C
7-M,858,103,0,0,0,103,A
7-M,859,0,0,0,95,95,C
7-M,860,0,0,93,0,93,G
7-M,861,0,0,93,0,93,G
7-M,862,0,0,0,98,98,C
7-M,863,0,0,0,100,100,C
7-M,864,0,99,0,0,99,T
7-M,865,0,99,0,0,99,T
7-M,866,100,0,0,0,100,A
7-M,867,99,0,0,0,99,A
7-M,868,99,0,0,0,99,A
7-M,869,80,0,20,0,100,A
7-M,870,0,0,98,0,98,G
7-M,871,84,0,1,0,85,A
7-M,872,0,0,84,0,84,G
7-M,873,0,0,84,0,84,G
7-M,874,0,0,0,81,81,C
7-M,875,0,0,0,80,80,C
7-M,876,0,0,0,80,80,C
7-M,877,0,84,0,0,84,T
7-M,878,0,84,0,0,84,T
7-M,879,0,0,0,82,82,C
7-M,880,0,85,0,0,85,T
7-M,881,84,0,0,0,84,A
7-M,882,0,0,0,86,86,C
7-M,883,0,0,82,0,82,G
7-M,884,0,0,83,0,83,G
7-M,885,82,0,0,0,82,A
7-M,886,83,0,0,0,83,A
7-M,887,0,0,81,0,81,G
7-M,888,0,0,82,0,82,G
7-M,889,78,0,0,0,78,A
7-M,890,0,0,81,0,81,G
7-M,891,0,79,0,0,79,T
7-M,892,77,0,0,0,77,A
7-M,893,0,0,0,77,77,C
7-M,894,0,0,0,80,80,C
7-M,895,0,79,0,0,79,T
7-M,896,0,0,81,0,81,G
7-M,897,76,0,0,0,76,A
7-M,898,0,0,78,0,78,G
7-M,899,0,73,0,0,73,T
7-M,900,0,0,0,74,74,C
7-M,901,0,70,0,0,70,T
7-M,902,73,0,0,0,73,A
7-M,903,0,73,0,0,73,T
7-M,904,0,0,73,0,73,G
7-M,905,68,0,0,0,68,A
7-M,906,0,0,69,0,69,G
7-M,907,0,0,66,0,66,G
7-M,908,0,0,65,0,65,G
7-M,909,66,0,0,0,66,A
7-M,910,63,0,0,0,63,A
7-M,911,0,0,65,0,65,G
7-M,912,63,0,0,0,63,A
7-M,913,63,0,0,0,63,A
7-M,914,0,62,0,0,62,T
7-M,915,57,0,0,0,57,A
7-M,916,0,56,0,0,56,T
7-M,917,0,0,0,56,56,C
7-M,918,0,0,56,0,56,G
7-M,919,55,0,0,0,55,A
7-M,920,55,0,0,0,55,A
7-M,921,55,0,0,0,55,A
7-M,922,0,0,54,0,54,G
7-M,923,0,0,55,0,55,G
7-M,924,54,0,0,0,54,A
7-M,925,54,0,0,0,54,A
7-M,926,0,0,0,55,55,C
7-M,927,55,0,0,0,55,A
7-M,928,0,0,53,0,53,G
7-M,929,0,0,0,51,51,C
7-M,930,51,0,0,0,51,A
7-M,931,0,0,53,0,53,G
7-M,932,51,0,0,0,51,A
7-M,933,50,0,0,0,50,A
7-M,934,0,49,0,0,49,T
7-M,935,0,0,49,0,49,G
7-M,936,0,0,0,47,47,C
7-M,937,0,46,0,0,46,T
7-M,938,0,0,45,0,45,G
7-M,939,0,45,0,0,45,T
7-M,940,0,0,46,0,46,G
7-M,941,0,0,46,0,46,G
7-M,942,43,0,0,0,43,A
7-M,943,0,43,0,0,43,T
7-M,944,0,0,38,0,38,G
7-M,945,0,0,0,38,38,C
7-M,946,0,36,0,0,36,T
7-M,947,0,0,35,0,35,G
7-M,948,35,0,0,0,35,A
7-M,949,0,0,0,33,33,C
7-M,950,0,0,35,0,35,G
7-M,951,33,0,0,0,33,A
7-M,952,0,0,0,33,33,C
7-M,953,33,0,0,0,33,A
7-M,954,0,0,34,0,34,G
7-M,955,0,32,0,0,32,T
7-M,956,0,0,0,33,33,C
7-M,957,34,0,0,0,34,A
7-M,958,0,33,0,0,33,T
7-M,959,0,33,0,0,33,T
7-M,960,0,34,0,0,34,T
7-M,961,0,33,0,0,33,T
7-M,962,0,0,34,0,34,G
7-M,963,0,32,0,0,32,T
7-M,964,0,0,0,31,31,C
7-M,965,29,0,0,0,29,A
7-M,966,0,0,29,0,29,G
7-M,967,0,0,0,27,27,C
7-M,968,30,0,0,0,30,A
7-M,969,0,29,0,0,29,T
7-M,970,28,0,0,0,28,A
7-M,971,0,0,29,0,29,G
7-M,972,29,0,0,0,29,A
7-M,973,0,0,27,0,27,G
7-M,974,0,28,0,0,28,T
7-M,975,0,14,0,0,14,T
7-M,976,0,0,13,0,13,G
7-M,977,0,0,15,0,15,G
7-M,978,15,0,0,0,15,A
7-M,979,0,0,15,0,15,G
7-M,980,0,6,0,0,6,T
7-M,981,6,0,0,0,6,A
7-M,982,5,0,0,0,5,A
8-NS,1,858,0,0,0,858,A
8-NS,2,0,856,0,0,856,T
8-NS,3,0,0,930,0,930,G
8-NS,4,0,0,997,0,997,G
8-NS,5,1066,1,0,0,1067,A
8-NS,6,0,2509,0,0,2509,T
8-NS,7,0,2546,1,0,2547,T
8-NS,8,0,0,0,2609,2609,C
8-NS,9,0,0,0,2629,2629,C
8-NS,10,2631,0,0,0,2631,A
8-NS,11,2655,1,1,1,2658,A
8-NS,12,0,1,0,2648,2649,C
8-NS,13,2651,1,3,0,2655,A
8-NS,14,0,0,0,2679,2679,C
8-NS,15,0,2677,0,2,2679,T
8-NS,16,1,0,2942,0,2943,G
8-NS,17,0,2947,0,0,2947,T
8-NS,18,0,0,2981,0,2981,G
8-NS,19,1,2977,0,5,2983,T
8-NS,20,0,0,0,2978,2978,C
8-NS,21,2988,0,1,0,2989,A
8-NS,22,2988,0,0,1,2989,A
8-NS,23,1,1,3010,0,3012,G
8-NS,24,0,3091,0,0,3091,T
8-NS,25,0,3097,0,0,3097,T
8-NS,26,0,3118,0,1,3119,T
8-NS,27,0,0,0,3103,3103,C
8-NS,28,0,0,0,3125,3125,C
8-NS,29,3120,1,2,0,3123,A
8-NS,30,1,0,3148,0,3149,G
8-NS,31,0,1,3158,0,3159,G
8-NS,32,0,3063,0,1,3064,T
8-NS,33,3181,0,0,0,3181,A
8-NS,34,1,0,3189,0,3190,G
8-NS,35,3189,0,1,0,3190,A
8-NS,36,1,3218,0,0,3219,T
8-NS,37,0,3220,0,0,3220,T
8-NS,38,0,0,3235,0,3235,G
8-NS,39,0,0,0,3226,3226,C
8-NS,40,0,3245,0,7,3252,T
8-NS,41,0,3303,0,1,3304,T
8-NS,42,1,3316,0,2,3319,T
8-NS,43,0,1,0,3381,3382,C
8-NS,44,0,3374,2,1,3377,T
8-NS,45,1,3368,0,1,3370,T
8-NS,46,1,3376,0,1,3378,T
8-NS,47,0,1,3390,0,3391,G
8-NS,48,0,1,3367,0,3368,G
8-NS,49,0,0,0,3394,3394,C
8-NS,50,3399,1,3,1,3404,A
8-NS,51,0,3402,0,0,3402,T
8-NS,52,3456,0,0,0,3456,A
8-NS,53,1,3538,0,2,3541,T
8-NS,54,0,1,0,3540,3541,C
8-NS,55,0,3,0,3544,3547,C
8-NS,56,2,1,3525,0,3528,G
8-NS,57,0,1,3547,0,3548,G
8-NS,58,3551,0,0,0,3551,A
8-NS,59,3559,0,2,0,3561,A
8-NS,60,3573,1,2,0,3576,A
8-NS,61,0,0,0,3595,3595,C
8-NS,62,3598,0,1,0,3599,A
8-NS,63,3582,0,2,0,3584,A
8-NS,64,0,0,3734,0,3734,G
8-NS,65,0,3742,0,4,3746,T
8-NS,66,0,3755,0,0,3755,T
8-NS,67,1,0,3762,0,3763,G
8-NS,68,0,3757,0,1,3758,T
8-NS,69,3758,0,4,0,3762,A
8-NS,70,2,3,3762,1,3768,G
8-NS,71,3994,0,3,0,3997,A
8-NS,72,0,0,0,4047,4047,C
8-NS,73,0,2,0,3977,3979,C
8-NS,74,3998,0,0,0,3998,A
8-NS,75,3983,0,5,0,3988,A
8-NS,76,2,1,4137,0,4140,G
8-NS,77,4132,0,0,0,4132,A
8-NS,78,4180,0,0,0,4180,A
8-NS,79,0,0,0,4206,4206,C
8-NS,80,1,4110,0,1,4112,T
8-NS,81,0,0,4142,1,4143,G
8-NS,82,4070,0,3,0,4073,A
8-NS,83,0,0,4226,0,4226,G
8-NS,84,0,4226,0,1,4227,T
8-NS,85,0,1,4177,1,4179,G
8-NS,86,4185,0,4,1,4190,A
8-NS,87,0,4205,0,0,4205,T
8-NS,88,2,0,4252,0,4254,G
8-NS,89,0,2,0,4334,4336,C
8-NS,90,1,2,0,4316,4319,C
8-NS,91,0,0,0,4357,4357,C
8-NS,92,1,0,0,4329,4330,C
8-NS,93,4357,0,1,0,4358,A
8-NS,94,0,4434,0,0,4434,T
8-NS,95,0,4514,0,1,4515,T
8-NS,96,0,0,0,4535,4535,C
8-NS,97,0,0,0,4530,4530,C
8-NS,98,0,4520,0,4,4524,T
8-NS,99,0,4501,0,2,4503,T
8-NS,100,1,0,4491,0,4492,G
8-NS,101,4439,1,0,0,4440,A
8-NS,102,1,4489,0,1,4491,T
8-NS,103,0,0,0,4482,4482,C
8-NS,104,0,0,4410,0,4410,G
8-NS,105,1,0,4418,0,4419,G
8-NS,106,0,1,0,4467,4468,C
8-NS,107,0,4448,0,3,4451,T
8-NS,108,0,4500,0,2,4502,T
8-NS,109,0,1,0,4493,4494,C
8-NS,110,0,0,4483,0,4483,G
8-NS,111,0,3,0,4490,4493,C
8-NS,112,0,0,0,4511,4511,C
8-NS,113,0,1,4527,0,4528,G
8-NS,114,4422,0,0,1,4423,A
8-NS,115,0,0,4630,0,4630,G
8-NS,116,4603,2,2,0,4607,A
8-NS,117,0,4649,0,0,4649,T
8-NS,118,0,0,0,4664,4664,C
8-NS,119,4642,1,2,0,4645,A
8-NS,120,0,0,4639,0,4639,G
8-NS,121,4630,0,2,0,4632,A
8-NS,122,0,1,4638,0,4639,G
8-NS,123,0,1,4674,0,4675,G
8-NS,124,0,4692,0,1,4693,T
8-NS,125,0,1,0,4999,5000,C
8-NS,126,1,1,0,5014,5016,C
8-NS,127,1,1,0,5105,5107,C
8-NS,128,0,5103,0,0,5103,T
8-NS,129,5100,0,1,0,5101,A
8-NS,130,5082,0,2,1,5085,A
8-NS,131,0,2,5151,0,5153,G
8-NS,132,0,1,5135,0,5136,G
8-NS,133,1,0,5042,0,5043,G
8-NS,134,0,0,4944,0,4944,G
8-NS,135,4887,1,0,0,4888,A
8-NS,136,4965,0,4,0,4969,A
8-NS,137,0,0,4989,0,4989,G
8-NS,138,5054,0,8,0,5062,A
8-NS,139,1,0,5103,0,5104,G
8-NS,140,2,0,5084,0,5086,G
8-NS,141,0,8,0,5103,5111,C
8-NS,142,5126,0,1,0,5127,A
8-NS,143,5136,0,1,0,5137,A
8-NS,144,0,5159,0,0,5159,T
8-NS,145,5190,0,2,0,5192,A
8-NS,146,0,0,0,5276,5276,C
8-NS,147,0,5157,0,13,5170,T
8-NS,148,0,1,0,5183,5184,C
8-NS,149,0,5126,0,4,5130,T
8-NS,150,0,3,0,5186,5189,C
8-NS,151,0,0,5237,0,5237,G
8-NS,152,0,0,5547,0,5547,G
8-NS,153,0,5521,0,3,5524,T
8-NS,154,0,0,0,5595,5595,C
8-NS,155,0,5546,0,2,5548,T
8-NS,156,5613,0,1,0,5614,A
8-NS,157,1,0,5620,0,5621,G
8-NS,158,5604,4,14,0,5622,A
8-NS,159,0,1,0,5743,5744,C
8-NS,160,5660,1,0,0,5661,A
8-NS,161,1,5537,0,2,5540,T
8-NS,162,0,0,0,5539,5539,C
8-NS,163,5528,0,0,1,5529,A
8-NS,164,5517,0,0,1,5518,A
8-NS,165,5464,0,2,1,5467,A
8-NS,166,0,0,5487,0,5487,G
8-NS,167,0,1,0,5518,5519,C
8-NS,168,5467,1,2,2,5472,A
8-NS,169,0,2,5467,0,5469,G
8-NS,170,0,0,0,5462,5462,C
8-NS,171,0,1,0,5503,5504,C
8-NS,172,5524,0,1,1,5526,A
8-NS,173,0,0,0,5613,5613,C
8-NS,174,0,0,0,5627,5627,C
8-NS,175,0,0,0,5647,5647,C
8-NS,176,5721,0,1,1,5723,A
8-NS,177,2,5770,0,0,5772,T
8-NS,178,1,0,5797,0,5798,G
8-NS,179,2,5760,0,4,5766,T
8-NS,180,1,5776,0,5,5782,T
8-NS,181,1,0,5766,2,5769,G
8-NS,182,1,0,5711,0,5712,G
8-NS,183,5649,1,8,0,5658,A
8-NS,184,5708,0,3,0,5711,A
8-NS,185,5599,0,2,1,5602,A
8-NS,186,1,0,5655,0,5656,G
8-NS,187,0,1,0,5643,5644,C
8-NS,188,5649,0,1,1,5651,A
8-NS,189,5629,1,1,1,5632,A
8-NS,190,5624,0,0,0,5624,A
8-NS,191,0,5691,0,0,5691,T
8-NS,192,1,5706,0,3,5710,T
8-NS,193,0,0,5777,1,5778,G
8-NS,194,1,5740,0,1,5742,T
8-NS,195,5757,1,2,1,5761,A
8-NS,196,0,1,5742,0,5743,G
8-NS,197,5744,1,0,0,5745,A
8-NS,198,5748,0,3,0,5751,A
8-NS,199,5759,0,0,0,5759,A
8-NS,200,5724,1,4,0,5729,A
8-NS,201,0,0,5729,0,5729,G
8-NS,202,5667,1,0,0,5668,A
8-NS,203,0,5683,0,2,5685,T
8-NS,204,0,5702,0,1,5703,T
8-NS,205,0,2,0,5720,5722,C
8-NS,206,1,5715,0,1,5717,T
8-NS,207,1,0,5714,0,5715,G
8-NS,208,5706,0,1,0,5707,A
8-NS,209,5715,0,2,0,5717,A
8-NS,210,5698,0,1,0,5699,A
8-NS,211,0,0,5708,1,5709,G
8-NS,212,5692,0,1,0,5693,A
8-NS,213,5691,0,10,0,5701,A
8-NS,214,1,0,5759,0,5760,G
8-NS,215,5799,0,4,0,5803,A
8-NS,216,5820,1,3,0,5824,A
8-NS,217,2,5812,0,2,5816,T
8-NS,218,1,0,0,5892,5893,C
8-NS,219,0,5888,0,1,5889,T
8-NS,220,1,0,5917,0,5918,G
8-NS,221,5870,0,7,0,5877,A
8-NS,222,1,5904,0,1,5906,T
8-NS,223,0,0,5864,0,5864,G
8-NS,224,5830,0,5,0,5835,A
8-NS,225,1,0,5794,0,5795,G
8-NS,226,3,0,5800,0,5803,G
8-NS,227,2,0,0,5777,5779,C
8-NS,228,5802,0,1,0,5803,A
8-NS,229,0,0,0,5954,5954,C
8-NS,230,0,5940,0,0,5940,T
8-NS,231,0,5965,0,0,5965,T
8-NS,232,6010,0,1,0,6011,A
8-NS,233,6028,0,0,0,6028,A
8-NS,234,6016,0,0,0,6016,A
8-NS,235,5981,2,1,0,5984,A
8-NS,236,0,5960,0,0,5960,T
8-NS,237,0,1,5969,0,5970,G
8-NS,238,5925,3,6,0,5934,A
8-NS,239,0,1,0,5950,5951,C
8-NS,240,0,0,0,5934,5934,C
8-NS,241,5953,0,2,0,5955,A
8-NS,242,0,5930,0,3,5933,T
8-NS,243,0,1,6104,0,6105,G
8-NS,244,0,0,6160,0,6160,G
8-NS,245,1,6188,0,4,6193,T
8-NS,246,0,1,0,6531,6532,C
8-NS,247,0,6496,0,9,6505,T
8-NS,248,0,0,0,6574,6574,C
8-NS,249,0,0,0,6595,6595,C
8-NS,250,6620,0,1,0,6621,A
8-NS,251,0,1,0,6685,6686,C
8-NS,252,6529,0,3,0,6532,A
8-NS,253,0,0,0,6546,6546,C
8-NS,254,0,0,0,6511,6511,C
8-NS,255,0,6233,0,4,6237,T
8-NS,256,0,0,6275,0,6275,G
8-NS,257,0,1,0,6242,6243,C
8-NS,258,0,6212,0,2,6214,T
8-NS,259,2,6251,1,1,6255,T
8-NS,260,0,4,0,6290,6294,C
8-NS,261,0,1,6278,0,6279,G
8-NS,262,1,1,0,6281,6283,C
8-NS,263,2,0,6317,0,6319,G
8-NS,264,6545,2,2,0,6549,A
8-NS,265,0,6568,0,2,6570,T
8-NS,266,6760,0,1,0,6761,A
8-NS,267,1,1,0,6795,6797,C
8-NS,268,6753,0,4,0,6757,A
8-NS,269,0,6926,0,0,6926,T
8-NS,270,6893,0,1,0,6894,A
8-NS,271,6912,1,6,1,6920,A
8-NS,272,1,0,0,6911,6912,C
8-NS,273,0,6745,0,2,6747,T
8-NS,274,0,0,6832,0,6832,G
8-NS,275,6720,1,2,0,6723,A
8-NS,276,0,0,0,6751,6751,C
8-NS,277,6751,0,5,0,6756,A
8-NS,278,1,6687,0,4,6692,T
8-NS,279,0,1,6710,0,6711,G
8-NS,280,6670,1,5,1,6677,A
8-NS,281,1,1,0,6894,6896,C
8-NS,282,0,6919,0,2,6921,T
8-NS,283,7049,0,0,0,7049,A
8-NS,284,1,6981,0,4,6986,T
8-NS,285,1,6989,0,0,6990,T
8-NS,286,1,0,7030,0,7031,G
8-NS,287,6968,0,5,0,6973,A
8-NS,288,2,0,6955,0,6957,G
8-NS,289,0,0,6945,0,6945,G
8-NS,290,6770,0,5,1,6776,A
8-NS,291,6802,0,0,0,6802,A
8-NS,292,0,6671,0,1,6672,T
8-NS,293,0,6687,0,0,6687,T
8-NS,294,1,0,6789,0,6790,G
8-NS,295,1,6756,0,13,6770,T
8-NS,296,2,1,0,6800,6803,C
8-NS,297,6805,1,6,0,6812,A
8-NS,298,6795,0,3,0,6798,A
8-NS,299,0,1,6814,1,6816,G
8-NS,300,6835,0,0,0,6835,A
8-NS,301,6822,0,3,0,6825,A
8-NS,302,6803,4,2,1,6810,A
8-NS,303,0,0,0,6838,6838,C
8-NS,304,0,6774,0,3,6777,T
8-NS,305,1,1,6874,0,6876,G
8-NS,306,0,0,6941,1,6942,G
8-NS,307,2,6928,0,2,6932,T
8-NS,308,1,6920,0,2,6923,T
8-NS,309,0,0,0,6920,6920,C
8-NS,310,6942,1,2,1,6946,A
8-NS,311,0,7019,1,1,7021,T
8-NS,312,1,1,7056,0,7058,G
8-NS,313,1,2,0,7130,7133,C
8-NS,314,0,7093,0,4,7097,T
8-NS,315,6990,0,2,0,6992,A
8-NS,316,6994,0,0,1,6995,A
8-NS,317,1,7053,0,3,7057,T
8-NS,318,1,0,7049,0,7050,G
8-NS,319,0,1,0,7028,7029,C
8-NS,320,0,1,1,6924,6926,C
8-NS,321,4,2,0,6922,6928,C
8-NS,322,6937,0,3,0,6940,A
8-NS,323,6992,0,1,0,6993,A
8-NS,324,0,0,7005,0,7005,G
8-NS,325,0,1,0,7029,7030,C
8-NS,326,7002,0,3,0,7005,A
8-NS,327,0,0,7022,0,7022,G
8-NS,328,6995,2,3,0,7000,A
8-NS,329,7024,1,0,0,7025,A
8-NS,330,7023,0,3,0,7026,A
8-NS,331,1,0,7110,0,7111,G
8-NS,332,0,7018,0,2,7020,T
8-NS,333,1,0,7045,0,7046,G
8-NS,334,1,0,7025,0,7026,G
8-NS,335,7035,1,6,0,7042,A
8-NS,336,6983,1,4,0,6988,A
8-NS,337,1,0,6962,0,6963,G
8-NS,338,0,0,6965,0,6965,G
8-NS,339,6909,2,38,1,6950,A
8-NS,340,1,0,0,6916,6917,C
8-NS,341,0,0,0,6966,6966,C
8-NS,342,0,6967,0,4,6971,T
8-NS,343,1,2,0,7046,7049,C
8-NS,344,0,7062,0,2,7064,T
8-NS,345,0,7102,0,1,7103,T
8-NS,346,1,7115,0,0,7116,T
8-NS,347,2,0,7070,0,7072,G
8-NS,348,0,1,0,7121,7122,C
8-NS,349,7099,0,6,0,7105,A
8-NS,350,1,7070,1,1,7073,T
8-NS,351,0,0,0,7100,7100,C
8-NS,352,7158,0,1,0,7159,A
8-NS,353,0,0,7387,0,7387,G
8-NS,354,7348,0,3,0,7351,A
8-NS,355,7378,0,1,0,7379,A
8-NS,356,0,7347,0,2,7349,T
8-NS,357,2,1,7284,0,7287,G
8-NS,358,6,0,7344,0,7350,G
8-NS,359,7309,0,9,0,7318,A
8-NS,360,1,1,0,7295,7297,C
8-NS,361,1,0,0,7149,7150,C
8-NS,362,7047,0,8,1,7056,A
8-NS,363,2,0,7115,1,7118,G
8-NS,364,1,0,7074,0,7075,G
8-NS,365,0,0,0,7129,7129,C
8-NS,366,7097,0,1,0,7098,A
8-NS,367,7102,1,3,0,7106,A
8-NS,368,0,7089,0,1,7090,T
8-NS,369,0,0,0,7091,7091,C
8-NS,370,7110,0,1,0,7111,A
8-NS,371,0,7071,0,3,7074,T
8-NS,372,1,0,7010,0,7011,G
8-NS,373,0,0,6998,0,6998,G
8-NS,374,6972,0,3,0,6975,A
8-NS,375,0,1,7040,0,7041,G
8-NS,376,6947,0,0,0,6947,A
8-NS,377,6952,1,1,1,6955,A
8-NS,378,6974,0,1,0,6975,A
8-NS,379,6960,0,1,0,6961,A
8-NS,380,6974,0,4,2,6980,A
8-NS,381,0,0,0,7002,7002,C
8-NS,382,6997,0,0,0,6997,A
8-NS,383,2,6890,1,24,6917,T
8-NS,384,1,2,0,6949,6952,C
8-NS,385,6944,1,0,0,6945,A
8-NS,386,1,6957,2,2,6962,T
8-NS,387,0,0,6971,0,6971,G
8-NS,388,1,6941,2,8,6952,T
8-NS,389,2,6920,1,12,6935,T
8-NS,390,3,0,6914,4,6921,G
8-NS,391,6895,0,0,0,6895,A
8-NS,392,6909,1,3,0,6913,A
8-NS,393,6895,0,3,1,6899,A
8-NS,394,1,0,6871,0,6872,G
8-NS,395,0,1,1,6871,6873,C
8-NS,396,1,4,6895,0,6900,G
8-NS,397,6902,0,0,1,6903,A
8-NS,398,6915,4,0,0,6919,A
8-NS,399,0,6846,0,8,6854,T
8-NS,400,0,6891,0,5,6896,T
8-NS,401,2,6882,0,2,6886,T
8-NS,402,0,0,0,6919,6919,C
8-NS,403,6871,0,4,0,6875,A
8-NS,404,3,0,6887,0,6890,G
8-NS,405,0,6861,1,1,6863,T
8-NS,406,0,0,6886,0,6886,G
8-NS,407,1,6814,0,7,6822,T
8-NS,408,1,0,6856,0,6857,G
8-NS,409,6879,0,0,0,6879,A
8-NS,410,0,6844,0,1,6845,T
8-NS,411,0,6872,0,4,6876,T
8-NS,412,0,6830,0,3,6833,T
8-NS,413,0,6866,0,2,6868,T
8-NS,414,0,6880,0,0,6880,T
8-NS,415,2,0,6883,0,6885,G
8-NS,416,6825,0,2,0,6827,A
8-NS,417,0,6697,0,2,6699,T
8-NS,418,2,2,0,6797,6801,C
8-NS,419,1,0,6845,0,6846,G
8-NS,420,7478,0,2,0,7480,A
8-NS,421,0,1,0,7565,7566,C
8-NS,422,0,7618,0,2,7620,T
8-NS,423,7626,1,2,0,7629,A
8-NS,424,0,0,7623,0,7623,G
8-NS,425,7610,0,10,0,7620,A
8-NS,426,1,1,7669,1,7672,G
8-NS,427,7586,0,9,1,7596,A
8-NS,428,1,0,0,7802,7803,C
8-NS,429,0,2,1,7291,7294,C
8-NS,430,7093,0,2,1,7096,A
8-NS,431,0,7483,1,2,7486,T
8-NS,432,7465,0,1,1,7467,A
8-NS,433,2,0,7904,0,7906,G
8-NS,434,0,7817,0,3,7820,T
8-NS,435,7779,0,0,1,7780,A
8-NS,436,1,7756,0,2,7759,T
8-NS,437,0,7569,0,1,7570,T
8-NS,438,7788,0,2,1,7791,A
8-NS,439,0,4,0,7797,7801,C
8-NS,440,0,7504,0,1,7505,T
8-NS,441,7488,1,1,0,7490,A
8-NS,442,6779,1,2,2,6784,A
8-NS,443,2,0,6785,0,6787,G
8-NS,444,0,1,6722,1,6724,G
8-NS,445,4,0,6705,1,6710,G
8-NS,446,0,0,0,6656,6656,C
8-NS,447,0,6600,0,9,6609,T
8-NS,448,2,6586,0,1,6589,T
8-NS,449,0,6718,0,4,6722,T
8-NS,450,0,3,1,6742,6746,C
8-NS,451,6822,0,3,0,6825,A
8-NS,452,0,4,0,6856,6860,C
8-NS,453,1,4,1,6805,6811,C
8-NS,454,1,1,6845,0,6847,G
8-NS,455,6753,0,1,0,6754,A
8-NS,456,6799,4,2,0,6805,A
8-NS,457,0,0,6827,0,6827,G
8-NS,458,6710,0,4,2,6716,A
8-NS,459,0,1,6722,0,6723,G
8-NS,460,4,0,6592,0,6596,G
8-NS,461,3,0,6619,0,6622,G
8-NS,462,6613,1,12,0,6626,A
8-NS,463,0,0,6617,0,6617,G
8-NS,464,0,1,0,6588,6589,C
8-NS,465,6629,1,2,0,6632,A
8-NS,466,6632,0,1,0,6633,A
8-NS,467,0,6636,0,2,6638,T
8-NS,468,1,6625,1,0,6627,T
8-NS,469,1,0,6627,0,6628,G
8-NS,470,0,6539,0,0,6539,T
8-NS,471,0,6553,0,3,6556,T
8-NS,472,0,0,6532,0,6532,G
8-NS,473,3,1,6456,0,6460,G
8-NS,474,1,1,0,6488,6490,C
8-NS,475,0,0,6554,0,6554,G
8-NS,476,6544,0,1,0,6545,A
8-NS,477,6587,1,0,0,6588,A
8-NS,478,6606,0,1,0,6607,A
8-NS,479,0,6624,0,3,6627,T
8-NS,480,0,0,1,6607,6608,C
8-NS,481,0,6563,0,7,6570,T
8-NS,482,0,0,0,6612,6612,C
8-NS,483,6611,0,3,0,6614,A
8-NS,484,4,1,0,6602,6607,C
8-NS,485,0,2,0,6627,6629,C
8-NS,486,6590,0,1,0,6591,A
8-NS,487,0,6538,0,6,6544,T
8-NS,488,0,6543,0,7,6550,T
8-NS,489,1,0,6521,1,6523,G
8-NS,490,0,2,0,6482,6484,C
8-NS,491,1,0,0,6493,6494,C
8-NS,492,0,6539,1,4,6544,T
8-NS,493,0,6490,0,8,6498,T
8-NS,494,1,0,0,6562,6563,C
8-NS,495,0,6551,0,5,6556,T
8-NS,496,0,6580,0,0,6580,T
8-NS,497,0,6716,1,1,6718,T
8-NS,498,0,6636,0,4,6640,T
8-NS,499,0,2,1,6666,6669,C
8-NS,500,0,0,0,6664,6664,C
8-NS,501,6657,2,7,0,6666,A
8-NS,502,1,0,6730,0,6731,G
8-NS,503,0,0,6702,0,6702,G
8-NS,504,6799,0,4,0,6803,A
8-NS,505,2,0,0,6814,6816,C
8-NS,506,6810,1,3,1,6815,A
8-NS,507,0,6831,0,3,6834,T
8-NS,508,6821,0,4,0,6825,A
8-NS,509,1,2,0,7340,7343,C
8-NS,510,0,7338,1,3,7342,T
8-NS,511,7276,0,2,0,7278,A
8-NS,512,0,7232,0,2,7234,T
8-NS,513,0,6983,0,2,6985,T
8-NS,514,0,0,6995,0,6995,G
8-NS,515,6634,0,1,1,6636,A
8-NS,516,1,1,6655,0,6657,G
8-NS,517,1,0,6614,0,6615,G
8-NS,518,6045,1,0,0,6046,A
8-NS,519,0,6064,0,0,6064,T
8-NS,520,1,0,5986,0,5987,G
8-NS,521,0,5941,0,6,5947,T
8-NS,522,0,0,0,5976,5976,C
8-NS,523,6026,0,0,0,6026,A
8-NS,524,5994,1,1,0,5996,A
8-NS,525,5983,1,0,0,5984,A
8-NS,526,5957,0,1,1,5959,A
8-NS,527,5988,0,0,0,5988,A
8-NS,528,0,5980,0,2,5982,T
8-NS,529,0,0,5970,1,5971,G
8-NS,530,1,0,1,5999,6001,C
8-NS,531,5987,0,1,0,5988,A
8-NS,532,6010,0,4,2,6016,A
8-NS,533,1,6025,0,1,6027,T
8-NS,534,0,6050,0,0,6050,T
8-NS,535,2,0,6040,0,6042,G
8-NS,536,1,0,5934,0,5935,G
8-NS,537,0,0,5966,0,5966,G
8-NS,538,6,0,6030,0,6036,G
8-NS,539,1,5938,0,6,5945,T
8-NS,540,0,0,0,5990,5990,C
8-NS,541,1,0,0,6002,6003,C
8-NS,542,0,6022,0,6,6028,T
8-NS,543,2,2,0,6102,6106,C
8-NS,544,6076,0,1,0,6077,A
8-NS,545,0,6062,0,1,6063,T
8-NS,546,0,0,0,6120,6120,C
8-NS,547,0,0,6059,0,6059,G
8-NS,548,1,1,6051,0,6053,G
8-NS,549,5942,0,2,0,5944,A
8-NS,550,4,0,5940,0,5944,G
8-NS,551,0,0,5931,0,5931,G
8-NS,552,5844,0,2,0,5846,A
8-NS,553,1,3,0,5902,5906,C
8-NS,554,0,5902,0,3,5905,T
8-NS,555,0,5916,0,1,5917,T
8-NS,556,0,1,5955,1,5957,G
8-NS,557,5868,0,32,2,5902,A
8-NS,558,5904,3,9,0,5916,A
8-NS,559,0,5918,0,0,5918,T
8-NS,560,3,1,5786,0,5790,G
8-NS,561,0,0,5855,0,5855,G
8-NS,562,5751,1,2,1,5755,A
8-NS,563,5835,0,1,0,5836,A
8-NS,564,0,6075,0,1,6076,T
8-NS,565,0,0,6116,0,6116,G
8-NS,566,6130,0,4,0,6134,A
8-NS,567,0,6156,0,0,6156,T
8-NS,568,6148,2,1,0,6151,A
8-NS,569,6172,1,3,0,6176,A
8-NS,570,0,0,0,6086,6086,C
8-NS,571,5989,1,3,0,5993,A
8-NS,572,0,0,0,6016,6016,C
8-NS,573,5481,0,1,0,5482,A
8-NS,574,0,0,5562,0,5562,G
8-NS,575,0,5497,0,8,5505,T
8-NS,576,0,5460,1,3,5464,T
8-NS,577,0,1,0,5495,5496,C
8-NS,578,2,0,5470,0,5472,G
8-NS,579,5442,2,2,0,5446,A
8-NS,580,1,0,5477,0,5478,G
8-NS,581,0,5401,1,4,5406,T
8-NS,582,0,0,0,5423,5423,C
8-NS,583,0,5306,0,8,5314,T
8-NS,584,0,1,0,5341,5342,C
8-NS,585,0,5383,0,2,5385,T
8-NS,586,5391,0,2,0,5393,A
8-NS,587,5380,0,0,0,5380,A
8-NS,588,5361,0,0,0,5361,A
8-NS,589,5378,0,1,5,5384,A
8-NS,590,5400,0,0,0,5400,A
8-NS,591,0,5342,0,2,5344,T
8-NS,592,0,1,0,5395,5396,C
8-NS,593,0,5351,0,5,5356,T
8-NS,594,5380,0,2,1,5383,A
8-NS,595,0,0,0,5386,5386,C
8-NS,596,5380,1,1,0,5382,A
8-NS,597,1,0,5403,0,5404,G
8-NS,598,5297,0,7,0,5304,A
8-NS,599,1,0,5303,0,5304,G
8-NS,600,5297,0,1,0,5298,A
8-NS,601,0,5202,0,4,5206,T
8-NS,602,0,5204,1,4,5209,T
8-NS,603,0,0,0,5245,5245,C
8-NS,604,0,0,5246,1,5247,G
8-NS,605,0,0,0,5236,5236,C
8-NS,606,0,5214,0,4,5218,T
8-NS,607,0,5243,0,2,5245,T
8-NS,608,0,0,5210,0,5210,G
8-NS,609,0,1,5220,0,5221,G
8-NS,610,5232,0,2,0,5234,A
8-NS,611,1,0,5250,0,5251,G
8-NS,612,5211,0,0,0,5211,A
8-NS,613,5154,0,4,0,5158,A
8-NS,614,1,0,5202,0,5203,G
8-NS,615,0,2,0,5201,5203,C
8-NS,616,5211,0,6,0,5217,A
8-NS,617,0,2,5282,0,5284,G
8-NS,618,1,5233,0,1,5235,T
8-NS,619,5324,0,1,0,5325,A
8-NS,620,5297,0,0,0,5297,A
8-NS,621,0,5280,0,1,5281,T
8-NS,622,1,1,5328,0,5330,G
8-NS,623,5164,1,3,0,5168,A
8-NS,624,0,0,5331,0,5331,G
8-NS,625,5311,0,1,0,5312,A
8-NS,626,5111,0,2,0,5113,A
8-NS,627,0,5087,0,0,5087,T
8-NS,628,4821,0,6,0,4827,A
8-NS,629,2,0,4852,0,4854,G
8-NS,630,0,2,4828,0,4830,G
8-NS,631,1,0,4791,0,4792,G
8-NS,632,2,0,4827,0,4829,G
8-NS,633,4600,0,4,0,4604,A
8-NS,634,0,0,0,4636,4636,C
8-NS,635,0,0,0,4663,4663,C
8-NS,636,0,4595,0,6,4601,T
8-NS,637,0,0,0,4662,4662,C
8-NS,638,0,1,0,4691,4692,C
8-NS,639,4686,1,5,0,4692,A
8-NS,640,0,0,0,4696,4696,C
8-NS,641,0,4597,0,2,4599,T
8-NS,642,0,4600,1,0,4601,T
8-NS,643,4450,1,1,0,4452,A
8-NS,644,0,1,0,4471,4472,C
8-NS,645,0,4399,0,8,4407,T
8-NS,646,0,1,0,4380,4381,C
8-NS,647,0,0,0,4372,4372,C
8-NS,648,4375,0,1,0,4376,A
8-NS,649,4384,0,0,0,4384,A
8-NS,650,4377,0,0,0,4377,A
8-NS,651,4376,0,2,1,4379,A
8-NS,652,0,2,0,4390,4392,C
8-NS,653,4311,1,1,0,4313,A
8-NS,654,1,0,4312,0,4313,G
8-NS,655,4300,1,2,0,4303,A
8-NS,656,4302,0,1,0,4303,A
8-NS,657,4293,0,4,0,4297,A
8-NS,658,0,0,0,4292,4292,C
8-NS,659,1,1,4296,0,4298,G
8-NS,660,0,0,4295,0,4295,G
8-NS,661,0,0,4295,1,4296,G
8-NS,662,4289,0,0,0,4289,A
8-NS,663,4282,1,0,0,4283,A
8-NS,664,4279,1,4,0,4284,A
8-NS,665,0,4258,0,1,4259,T
8-NS,666,0,0,4286,0,4286,G
8-NS,667,0,0,4254,0,4254,G
8-NS,668,0,1,1,4218,4220,C
8-NS,669,0,0,4272,0,4272,G
8-NS,670,4267,0,0,0,4267,A
8-NS,671,0,0,4283,0,4283,G
8-NS,672,4273,0,1,0,4274,A
8-NS,673,4265,0,0,0,4265,A
8-NS,674,1,1,0,4266,4268,C
8-NS,675,4203,1,6,0,4210,A
8-NS,676,2,0,4187,0,4189,G
8-NS,677,0,0,0,4121,4121,C
8-NS,678,1,4185,1,0,4187,T
8-NS,679,4177,0,1,0,4178,A
8-NS,680,0,0,4106,0,4106,G
8-NS,681,1,0,4096,0,4097,G
8-NS,682,0,3175,0,843,4018,T
8-NS,683,0,2,0,4004,4006,C
8-NS,684,4031,0,0,1,4032,A
8-NS,685,4023,0,1,0,4024,A
8-NS,686,4016,1,0,0,4017,A
8-NS,687,4047,0,0,0,4047,A
8-NS,688,0,0,4027,0,4027,G
8-NS,689,0,3922,1,0,3923,T
8-NS,690,1,3936,0,0,3937,T
8-NS,691,0,3953,0,0,3953,T
8-NS,692,0,1,3954,0,3955,G
8-NS,693,3980,0,1,0,3981,A
8-NS,694,3979,1,2,0,3982,A
8-NS,695,1,0,3989,0,3990,G
8-NS,696,3900,1,3,0,3904,A
8-NS,697,0,1,3902,0,3903,G
8-NS,698,3929,0,1,0,3930,A
8-NS,699,1,3923,1,0,3925,T
8-NS,700,3942,0,2,0,3944,A
8-NS,701,3912,0,1,0,3913,A
8-NS,702,0,0,3892,0,3892,G
8-NS,703,3646,0,1,0,3647,A
8-NS,704,0,3616,1,0,3617,T
8-NS,705,0,1,3634,0,3635,G
8-NS,706,0,0,3621,1,3622,G
8-NS,707,0,1,0,3579,3580,C
8-NS,708,0,3628,0,1,3629,T
8-NS,709,3659,0,1,0,3660,A
8-NS,710,3653,0,0,0,3653,A
8-NS,711,0,3643,0,0,3643,T
8-NS,712,0,3646,0,2,3648,T
8-NS,713,0,0,3647,1,3648,G
8-NS,714,3597,1,0,1,3599,A
8-NS,715,3591,0,3,0,3594,A
8-NS,716,2,0,3570,0,3572,G
8-NS,717,3588,1,1,0,3590,A
8-NS,718,3543,0,0,0,3543,A
8-NS,719,0,0,3589,0,3589,G
8-NS,720,1,3498,0,3,3502,T
8-NS,721,0,0,3512,0,3512,G
8-NS,722,3491,0,3,1,3495,A
8-NS,723,0,0,3484,0,3484,G
8-NS,724,3497,1,4,0,3502,A
8-NS,725,0,0,0,3461,3461,C
8-NS,726,3410,1,3,0,3414,A
8-NS,727,0,1,0,3422,3423,C
8-NS,728,3150,0,2,0,3152,A
8-NS,729,0,0,3216,0,3216,G
8-NS,730,3201,0,0,0,3201,A
8-NS,731,0,3140,1,1,3142,T
8-NS,732,1,3172,0,1,3174,T
8-NS,733,3165,0,1,0,3166,A
8-NS,734,3150,1,0,0,3151,A
8-NS,735,3146,0,0,0,3146,A
8-NS,736,3126,0,1,0,3127,A
8-NS,737,3113,0,0,0,3113,A
8-NS,738,0,1,0,2986,2987,C
8-NS,739,2835,0,1,0,2836,A
8-NS,740,2839,2,1,0,2842,A
8-NS,741,0,0,0,2840,2840,C
8-NS,742,1,2823,0,1,2825,T
8-NS,743,0,1,2850,0,2851,G
8-NS,744,2831,1,1,1,2834,A
8-NS,745,2851,0,0,0,2851,A
8-NS,746,2845,0,0,0,2845,A
8-NS,747,2813,1,0,0,2814,A
8-NS,748,0,2792,0,0,2792,T
8-NS,749,2723,0,22,1,2746,A
8-NS,750,1,0,2732,0,2733,G
8-NS,751,0,1,0,2756,2757,C
8-NS,752,0,2679,1,1,2681,T
8-NS,753,0,2698,0,0,2698,T
8-NS,754,0,2674,0,2,2676,T
8-NS,755,0,0,2692,0,2692,G
8-NS,756,2688,0,3,0,2691,A
8-NS,757,2689,0,1,0,2690,A
8-NS,758,0,0,0,2698,2698,C
8-NS,759,2634,0,0,0,2634,A
8-NS,760,2654,0,2,0,2656,A
8-NS,761,2658,0,0,0,2658,A
8-NS,762,0,2644,1,0,2645,T
8-NS,763,2659,0,0,0,2659,A
8-NS,764,2609,0,1,0,2610,A
8-NS,765,0,2,0,2624,2626,C
8-NS,766,2613,0,0,0,2613,A
8-NS,767,0,2557,0,2,2559,T
8-NS,768,0,2493,0,0,2493,T
8-NS,769,0,1,0,2472,2473,C
8-NS,770,2447,0,1,0,2448,A
8-NS,771,0,2420,0,0,2420,T
8-NS,772,0,0,2424,0,2424,G
8-NS,773,0,0,0,2385,2385,C
8-NS,774,2360,0,1,0,2361,A
8-NS,775,2345,0,2,0,2347,A
8-NS,776,0,0,2336,0,2336,G
8-NS,777,0,0,0,2354,2354,C
8-NS,778,2349,0,0,0,2349,A
8-NS,779,0,2340,0,2,2342,T
8-NS,780,0,2335,0,1,2336,T
8-NS,781,2334,1,2,0,2337,A
8-NS,782,0,0,0,2317,2317,C
8-NS,783,2276,0,2,0,2278,A
8-NS,784,1,0,1969,0,1970,G
8-NS,785,0,1,0,1974,1975,C
8-NS,786,0,1974,0,1,1975,T
8-NS,787,2,0,1976,0,1978,G
8-NS,788,0,0,0,1952,1952,C
8-NS,789,0,1943,1,2,1946,T
8-NS,790,0,0,1942,0,1942,G
8-NS,791,0,1924,0,3,1927,T
8-NS,792,0,1933,0,1,1934,T
8-NS,793,0,1936,1,0,1937,T
8-NS,794,1,0,1918,0,1919,G
8-NS,795,1923,0,5,0,1928,A
8-NS,796,1899,0,1,0,1900,A
8-NS,797,0,0,1897,0,1897,G
8-NS,798,0,1860,1,0,1861,T
8-NS,799,1,0,1755,0,1756,G
8-NS,800,0,0,1783,0,1783,G
8-NS,801,1779,1,1,0,1781,A
8-NS,802,1777,0,0,0,1777,A
8-NS,803,0,0,0,1777,1777,C
8-NS,804,1731,0,0,0,1731,A
8-NS,805,0,0,1720,0,1720,G
8-NS,806,0,0,1699,0,1699,G
8-NS,807,1658,0,4,0,1662,A
8-NS,808,0,0,1659,0,1659,G
8-NS,809,1346,0,1,0,1347,A
8-NS,810,0,1335,0,0,1335,T
8-NS,811,1341,0,0,0,1341,A
8-NS,812,1332,0,0,0,1332,A
8-NS,813,0,0,1328,0,1328,G
8-NS,814,1134,0,0,0,1134,A
8-NS,815,1116,1,0,0,1117,A
8-NS,816,0,0,0,1102,1102,C
8-NS,817,0,933,0,1,934,T
8-NS,818,0,932,0,0,932,T
8-NS,819,0,926,0,0,926,T
8-NS,820,0,0,0,934,934,C
8-NS,821,0,916,0,0,916,T
8-NS,822,0,0,0,899,899,C
8-NS,823,883,0,0,0,883,A
8-NS,824,0,875,0,1,876,T
8-NS,825,0,856,0,2,858,T
8-NS,826,0,860,0,1,861,T
8-NS,827,0,0,0,861,861,C
8-NS,828,823,0,2,0,825,A
8-NS,829,0,0,819,0,819,G
8-NS,830,0,0,0,820,820,C
8-NS,831,0,771,0,1,772,T
8-NS,832,0,764,0,0,764,T
8-NS,833,730,0,0,0,730,A
8-NS,834,0,727,0,0,727,T
8-NS,835,0,724,0,1,725,T
8-NS,836,0,723,0,0,723,T
8-NS,837,689,0,0,0,689,A
8-NS,838,670,0,0,0,670,A
8-NS,839,0,656,0,0,656,T
8-NS,840,0,0,653,0,653,G
8-NS,841,633,0,0,0,633,A
8-NS,842,0,561,0,0,561,T
8-NS,843,552,0,0,0,552,A
8-NS,844,557,0,0,0,557,A
8-NS,845,555,0,1,0,556,A
8-NS,846,554,0,0,0,554,A
8-NS,847,545,0,0,0,545,A
8-NS,848,546,0,0,0,546,A
8-NS,849,0,0,0,553,553,C
8-NS,850,457,0,0,0,457,A
8-NS,851,0,0,0,473,473,C
8-NS,852,0,0,0,458,458,C
8-NS,853,0,0,0,448,448,C
8-NS,854,0,416,0,0,416,T
8-NS,855,0,396,0,0,396,T
8-NS,856,0,0,395,0,395,G
8-NS,857,0,385,0,0,385,T
8-NS,858,0,384,0,0,384,T
8-NS,859,0,372,0,0,372,T
8-NS,860,0,0,0,134,134,C
8-NS,861,0,99,0,0,99,T
8-NS,862,78,0,0,0,78,A
8-NS,863,0,0,0,77,77,C
