Gene,Position,A,T,G,C,Coverage,Consensus
1-PB2,1,585,0,0,0,585,A
1-PB2,2,0,584,0,0,584,T
1-PB2,3,0,0,593,0,593,G
1-PB2,4,1,0,589,0,590,G
1-PB2,5,593,0,0,0,593,A
1-PB2,6,591,0,0,0,591,A
1-PB2,7,591,0,0,0,591,A
1-PB2,8,0,1,678,0,679,G
1-PB2,9,673,0,0,0,673,A
1-PB2,10,679,0,0,0,679,A
1-PB2,11,0,695,0,0,695,T
1-PB2,12,696,1,0,0,697,A
1-PB2,13,697,0,0,0,697,A
1-PB2,14,701,0,0,0,701,A
1-PB2,15,702,0,1,0,703,A
1-PB2,16,0,3,726,0,729,G
1-PB2,17,727,0,0,0,727,A
1-PB2,18,733,0,0,0,733,A
1-PB2,19,0,0,0,741,741,C
1-PB2,20,0,748,0,0,748,T
1-PB2,21,765,0,0,0,765,A
1-PB2,22,0,0,0,763,763,C
1-PB2,23,0,1,767,0,768,G
1-PB2,24,2,1,769,0,772,G
1-PB2,25,780,0,0,0,780,A
1-PB2,26,802,0,0,0,802,A
1-PB2,27,0,810,0,0,810,T
1-PB2,28,0,0,0,815,815,C
1-PB2,29,0,811,0,0,811,T
1-PB2,30,0,3,814,0,817,G
1-PB2,31,822,0,0,0,822,A
1-PB2,32,0,826,0,0,826,T
1-PB2,33,1,0,825,0,826,G
1-PB2,34,0,841,0,0,841,T
1-PB2,35,1,1,0,839,841,C
1-PB2,36,0,0,835,0,835,G
1-PB2,37,0,0,0,840,840,C
1-PB2,38,835,0,1,0,836,A
1-PB2,39,0,0,881,0,881,G
1-PB2,40,0,886,0,0,886,T
1-PB2,41,1,0,0,880,881,C
1-PB2,42,0,883,0,1,884,T
1-PB2,43,4,0,0,891,895,C
1-PB2,44,1,0,884,0,885,G
1-PB2,45,0,0,0,891,891,C
1-PB2,46,888,0,1,0,889,A
1-PB2,47,0,0,0,905,905,C
1-PB2,48,0,905,0,0,905,T
1-PB2,49,1,1,0,924,926,C
1-PB2,50,1,1,927,0,929,G
1-PB2,51,0,0,0,931,931,C
1-PB2,52,0,0,934,0,934,G
1-PB2,53,925,0,0,2,927,A
1-PB2,54,0,2,946,0,948,G
1-PB2,55,982,0,0,0,982,A
1-PB2,56,1,969,0,0,970,T
1-PB2,57,986,0,0,0,986,A
1-PB2,58,0,0,0,985,985,C
1-PB2,59,0,984,0,0,984,T
1-PB2,60,0,0,1002,0,1002,G
1-PB2,61,1008,0,1,0,1009,A
1-PB2,62,0,0,0,1014,1014,C
1-PB2,63,1017,0,0,0,1017,A
1-PB2,64,1021,0,0,0,1021,A
1-PB2,65,1019,0,0,0,1019,A
1-PB2,66,1039,0,0,0,1039,A
1-PB2,67,1039,0,2,0,1041,A
1-PB2,68,0,0,0,1063,1063,C
1-PB2,69,2,0,0,1058,1060,C
1-PB2,70,1102,0,0,2,1104,A
1-PB2,71,0,0,0,1128,1128,C
1-PB2,72,1119,0,0,0,1119,A
1-PB2,73,0,0,1154,0,1154,G
1-PB2,74,0,1139,0,0,1139,T
1-PB2,75,0,2,1189,0,1191,G
1-PB2,76,0,2,1175,0,1177,G
1-PB2,77,1181,0,3,0,1184,A
1-PB2,78,0,0,0,1256,1256,C
1-PB2,79,1,0,0,1253,1254,C
1-PB2,80,1273,0,0,0,1273,A
1-PB2,81,0,1273,0,0,1273,T
1-PB2,82,1264,0,0,0,1264,A
1-PB2,83,1,1255,0,0,1256,T
1-PB2,84,2,3,1252,0,1257,G
1-PB2,85,0,0,1273,0,1273,G
1-PB2,86,0,0,0,1268,1268,C
1-PB2,87,1,0,0,1245,1246,C
1-PB2,88,1247,0,0,0,1247,A
1-PB2,89,0,1300,0,0,1300,T
1-PB2,90,1295,0,0,0,1295,A
1-PB2,91,1358,0,0,0,1358,A
1-PB2,92,0,1367,0,0,1367,T
1-PB2,93,0,1371,0,0,1371,T
1-PB2,94,1382,0,0,0,1382,A
1-PB2,95,1379,0,1,0,1380,A
1-PB2,96,0,4,1406,0,1410,G
1-PB2,97,1401,0,0,0,1401,A
1-PB2,98,1376,0,1,0,1377,A
1-PB2,99,1,0,1429,0,1430,G
1-PB2,100,0,1401,0,1,1402,T
1-PB2,101,1426,0,1,0,1427,A
1-PB2,102,0,1,0,1427,1428,C
1-PB2,103,1433,0,3,0,1436,A
1-PB2,104,0,0,0,1475,1475,C
1-PB2,105,1458,0,0,0,1458,A
1-PB2,106,0,1465,0,0,1465,T
1-PB2,107,5,0,0,1473,1478,C
1-PB2,108,1,0,1471,1,1473,G
1-PB2,109,0,2,1446,0,1448,G
1-PB2,110,1,1,1455,0,1457,G
1-PB2,111,0,3,1465,0,1468,G
1-PB2,112,1453,0,0,0,1453,A
1-PB2,113,0,1,1458,0,1459,G
1-PB2,114,1467,0,0,0,1467,A
1-PB2,115,0,1,0,1474,1475,C
1-PB2,116,1480,0,1,0,1481,A
1-PB2,117,1,1,1504,0,1506,G
1-PB2,118,0,4,1529,0,1533,G
1-PB2,119,1532,0,1,0,1533,A
1-PB2,120,1537,0,0,0,1537,A
1-PB2,121,1533,0,2,0,1535,A
1-PB2,122,1525,0,2,0,1527,A
1-PB2,123,0,3,1531,0,1534,G
1-PB2,124,1520,0,3,0,1523,A
1-PB2,125,1536,0,2,0,1538,A
1-PB2,126,1,0,0,1538,1539,C
1-PB2,127,3,0,0,1523,1526,C
1-PB2,128,1,2,0,1520,1523,C
1-PB2,129,0,0,1524,0,1524,G
1-PB2,130,0,1521,0,0,1521,T
1-PB2,131,5,0,0,1518,1523,C
1-PB2,132,1534,0,0,0,1534,A
1-PB2,133,1,0,0,1546,1547,C
1-PB2,134,0,1544,0,0,1544,T
1-PB2,135,0,1549,0,0,1549,T
1-PB2,136,1551,0,0,0,1551,A
1-PB2,137,0,2,1572,0,1574,G
1-PB2,138,0,1,1575,0,1576,G
1-PB2,139,1566,0,2,0,1568,A
1-PB2,140,0,1573,0,0,1573,T
1-PB2,141,0,6,1585,0,1591,G
1-PB2,142,1606,0,0,0,1606,A
1-PB2,143,1613,0,3,0,1616,A
1-PB2,144,1618,0,1,0,1619,A
1-PB2,145,0,1614,0,0,1614,T
1-PB2,146,0,3,1610,0,1613,G
1-PB2,147,1,3,1623,0,1627,G
1-PB2,148,1623,0,3,0,1626,A
1-PB2,149,0,1621,0,0,1621,T
1-PB2,150,2,1,1624,0,1627,G
1-PB2,151,1617,0,1,0,1618,A
1-PB2,152,0,1620,0,0,1620,T
1-PB2,153,1,3,1612,0,1616,G
1-PB2,154,2,0,1617,0,1619,G
1-PB2,155,1,0,0,1621,1622,C
1-PB2,156,1626,0,0,0,1626,A
1-PB2,157,1645,0,2,0,1647,A
1-PB2,158,0,1653,0,0,1653,T
1-PB2,159,0,0,1709,0,1709,G
1-PB2,160,1705,0,0,0,1705,A
1-PB2,161,1705,0,0,0,1705,A
1-PB2,162,1706,0,2,0,1708,A
1-PB2,163,0,1709,0,1,1710,T
1-PB2,164,1736,0,0,0,1736,A
1-PB2,165,2,1,0,1774,1777,C
1-PB2,166,2,1,0,1755,1758,C
1-PB2,167,2,1,0,1760,1763,C
1-PB2,168,1772,0,0,0,1772,A
1-PB2,169,1771,0,0,0,1771,A
1-PB2,170,0,1765,0,2,1767,T
1-PB2,171,2,0,0,1775,1777,C
1-PB2,172,1770,0,0,0,1770,A
1-PB2,173,0,0,0,1815,1815,C
1-PB2,174,0,1793,0,0,1793,T
1-PB2,175,0,0,1810,0,1810,G
1-PB2,176,1,0,0,1801,1802,C
1-PB2,177,0,1806,0,1,1807,T
1-PB2,178,1,6,1810,0,1817,G
1-PB2,179,1810,0,1,0,1811,A
1-PB2,180,0,0,0,1835,1835,C
1-PB2,181,1824,0,2,0,1826,A
1-PB2,182,1815,0,0,0,1815,A
1-PB2,183,1822,0,1,0,1823,A
1-PB2,184,1822,0,2,0,1824,A
1-PB2,185,1,6,1850,0,1857,G
1-PB2,186,0,3,1852,0,1855,G
1-PB2,187,1847,0,0,0,1847,A
1-PB2,188,0,1856,0,0,1856,T
1-PB2,189,1855,0,0,0,1855,A
1-PB2,190,1875,1,0,0,1876,A
1-PB2,191,0,0,0,1889,1889,C
1-PB2,192,1884,0,0,0,1884,A
1-PB2,193,0,1,1878,0,1879,G
1-PB2,194,1856,0,0,0,1856,A
1-PB2,195,1869,0,0,0,1869,A
1-PB2,196,1859,0,0,0,1859,A
1-PB2,197,0,1864,0,0,1864,T
1-PB2,198,0,5,1851,0,1856,G
1-PB2,199,1852,0,0,0,1852,A
1-PB2,200,1,1870,0,1,1872,T
1-PB2,201,0,1869,1,0,1870,T
1-PB2,202,3,0,0,1872,1875,C
1-PB2,203,0,2,0,1874,1876,C
1-PB2,204,1865,1,3,1,1870,A
1-PB2,205,0,1,1887,0,1888,G
1-PB2,206,1885,1,0,2,1888,A
1-PB2,207,0,3,1889,0,1892,G
1-PB2,208,1870,0,0,0,1870,A
1-PB2,209,0,2,1903,1,1906,G
1-PB2,210,1904,0,4,0,1908,A
1-PB2,211,1915,0,0,0,1915,A
1-PB2,212,1913,0,2,0,1915,A
1-PB2,213,0,1912,0,0,1912,T
1-PB2,214,0,8,1926,0,1934,G
1-PB2,215,1950,0,0,0,1950,A
1-PB2,216,1938,0,2,0,1940,A
1-PB2,217,0,1,0,1940,1941,C
1-PB2,218,1920,1,0,0,1921,A
1-PB2,219,1925,0,2,0,1927,A
1-PB2,220,0,5,1963,0,1968,G
1-PB2,221,0,5,1976,0,1981,G
1-PB2,222,1977,0,1,2,1980,A
1-PB2,223,0,1,0,1987,1988,C
1-PB2,224,1988,0,0,0,1988,A
1-PB2,225,1981,0,0,0,1981,A
1-PB2,226,2063,0,0,1,2064,A
1-PB2,227,0,0,0,2087,2087,C
1-PB2,228,1,2055,0,0,2056,T
1-PB2,229,1,1,0,2098,2100,C
1-PB2,230,0,2067,0,1,2068,T
1-PB2,231,2067,0,2,5,2074,A
1-PB2,232,0,2079,0,1,2080,T
1-PB2,233,0,3,2083,0,2086,G
1-PB2,234,0,4,2131,0,2135,G
1-PB2,235,2035,0,5,0,2040,A
1-PB2,236,0,0,2070,0,2070,G
1-PB2,237,0,2063,0,0,2063,T
1-PB2,238,2054,0,0,0,2054,A
1-PB2,239,2060,0,3,0,2063,A
1-PB2,240,2059,0,1,0,2060,A
1-PB2,241,2063,0,0,0,2063,A
1-PB2,242,0,2059,0,1,2060,T
1-PB2,243,0,9,2045,0,2054,G
1-PB2,244,2037,0,3,0,2040,A
1-PB2,245,0,0,2048,0,2048,G
1-PB2,246,0,2017,0,0,2017,T
1-PB2,247,0,2,2030,1,2033,G
1-PB2,248,2083,0,2,0,2085,A
1-PB2,249,0,2102,0,0,2102,T
1-PB2,250,0,2,2107,0,2109,G
1-PB2,251,1,0,0,2096,2097,C
1-PB2,252,0,2095,0,0,2095,T
1-PB2,253,0,7,2152,0,2159,G
1-PB2,254,1,3,2146,1,2151,G
1-PB2,255,2175,0,1,0,2176,A
1-PB2,256,0,2176,0,0,2176,T
1-PB2,257,7,0,0,2165,2172,C
1-PB2,258,2176,0,2,0,2178,A
1-PB2,259,0,2,2230,0,2232,G
1-PB2,260,2232,0,1,0,2233,A
1-PB2,261,1,2240,0,0,2241,T
1-PB2,262,2189,0,0,0,2189,A
1-PB2,263,0,3,2247,0,2250,G
1-PB2,264,2227,0,2,0,2229,A
1-PB2,265,1,1,2247,0,2249,G
1-PB2,266,0,2204,1,0,2205,T
1-PB2,267,0,4,2205,0,2209,G
1-PB2,268,2172,0,0,0,2172,A
1-PB2,269,0,2177,0,0,2177,T
1-PB2,270,1,5,2210,0,2216,G
1-PB2,271,1,1,2225,0,2227,G
1-PB2,272,0,2217,0,0,2217,T
1-PB2,273,2223,0,0,0,2223,A
1-PB2,274,0,2182,0,2,2184,T
1-PB2,275,5,1,0,2184,2190,C
1-PB2,276,2202,0,0,0,2202,A
1-PB2,277,0,1,0,2262,2263,C
1-PB2,278,3,0,0,2262,2265,C
1-PB2,279,0,2228,0,1,2229,T
1-PB2,280,0,2210,0,0,2210,T
1-PB2,281,0,2219,1,1,2221,T
1-PB2,282,3,5,2237,0,2245,G
1-PB2,283,0,0,2238,0,2238,G
1-PB2,284,0,0,0,2273,2273,C
1-PB2,285,0,2224,0,4,2228,T
1-PB2,286,1,0,2254,0,2255,G
1-PB2,287,0,2257,0,0,2257,T
1-PB2,288,2269,0,0,0,2269,A
1-PB2,289,2271,0,3,0,2274,A
1-PB2,290,2,0,0,2269,2271,C
1-PB2,291,2249,0,0,0,2249,A
1-PB2,292,0,2246,1,1,2248,T
1-PB2,293,2,4,2223,0,2229,G
1-PB2,294,0,1,2261,0,2262,G
1-PB2,295,0,2231,0,1,2232,T
1-PB2,296,0,4,2240,0,2244,G
1-PB2,297,0,5,2267,0,2272,G
1-PB2,298,2271,0,1,0,2272,A
1-PB2,299,2274,0,0,0,2274,A
1-PB2,300,0,2268,0,0,2268,T
1-PB2,301,2279,0,0,0,2279,A
1-PB2,302,0,7,2303,0,2310,G
1-PB2,303,2304,0,0,0,2304,A
1-PB2,304,2298,0,4,0,2302,A
1-PB2,305,2294,0,0,4,2298,A
1-PB2,306,0,2247,0,1,2248,T
1-PB2,307,0,3,2245,0,2248,G
1-PB2,308,1,7,2230,0,2238,G
1-PB2,309,2226,0,5,0,2231,A
1-PB2,310,3,0,0,2238,2241,C
1-PB2,311,2,0,0,2216,2218,C
1-PB2,312,3,1,0,2216,2220,C
1-PB2,313,1,1,2230,0,2232,G
1-PB2,314,0,2226,0,2,2228,T
1-PB2,315,2,8,2252,0,2262,G
1-PB2,316,2267,0,0,0,2267,A
1-PB2,317,0,0,0,2285,2285,C
1-PB2,318,2284,0,3,0,2287,A
1-PB2,319,2272,0,1,0,2273,A
1-PB2,320,1,0,2335,0,2336,G
1-PB2,321,0,2319,0,0,2319,T
1-PB2,322,2320,0,0,0,2320,A
1-PB2,323,0,3,0,2310,2313,C
1-PB2,324,2,6,2257,0,2265,G
1-PB2,325,0,0,2322,0,2322,G
1-PB2,326,0,2309,0,0,2309,T
1-PB2,327,8,0,0,2318,2326,C
1-PB2,328,3,0,1,2318,2322,C
1-PB2,329,2307,0,0,0,2307,A
1-PB2,330,0,2308,0,1,2309,T
1-PB2,331,0,2316,0,1,2317,T
1-PB2,332,2422,1,1,0,2424,A
1-PB2,333,2,0,0,2428,2430,C
1-PB2,334,3,1,0,2378,2382,C
1-PB2,335,5,1,0,2378,2384,C
1-PB2,336,2369,0,0,1,2370,A
1-PB2,337,2372,0,1,0,2373,A
1-PB2,338,2379,0,0,0,2379,A
1-PB2,339,2357,0,1,0,2358,A
1-PB2,340,0,0,2388,0,2388,G
1-PB2,341,0,2294,0,1,2295,T
1-PB2,342,0,0,2370,0,2370,G
1-PB2,343,0,2364,0,0,2364,T
1-PB2,344,2366,0,5,0,2371,A
1-PB2,345,1,1,0,2367,2369,C
1-PB2,346,2366,0,0,0,2366,A
1-PB2,347,2374,0,1,0,2375,A
1-PB2,348,0,7,2389,0,2396,G
1-PB2,349,2337,0,1,0,2338,A
1-PB2,350,0,1,0,2369,2370,C
1-PB2,351,0,2336,0,2,2338,T
1-PB2,352,0,2358,0,1,2359,T
1-PB2,353,2356,0,1,0,2357,A
1-PB2,354,0,2360,0,0,2360,T
1-PB2,355,1,2363,0,0,2364,T
1-PB2,356,0,2338,0,2,2340,T
1-PB2,357,1,5,0,2333,2339,C
1-PB2,358,0,11,2330,0,2341,G
1-PB2,359,2320,0,0,0,2320,A
1-PB2,360,0,0,0,2341,2341,C
1-PB2,361,2335,0,0,0,2335,A
1-PB2,362,2329,0,0,0,2329,A
1-PB2,363,2333,0,1,0,2334,A
1-PB2,364,0,0,2364,1,2365,G
1-PB2,365,0,2330,0,0,2330,T
1-PB2,366,10,3,0,2355,2368,C
1-PB2,367,3,5,2373,0,2381,G
1-PB2,368,2354,0,1,0,2355,A
1-PB2,369,2356,1,2,0,2359,A
1-PB2,370,2350,0,1,0,2351,A
1-PB2,371,0,5,2433,0,2438,G
1-PB2,372,0,0,2443,0,2443,G
1-PB2,373,1,2422,0,0,2423,T
1-PB2,374,0,2441,0,1,2442,T
1-PB2,375,2439,0,2,0,2441,A
1-PB2,376,2437,0,1,0,2438,A
1-PB2,377,2439,0,0,0,2439,A
1-PB2,378,2463,0,1,0,2464,A
1-PB2,379,1,0,0,2476,2477,C
1-PB2,380,2419,0,0,1,2420,A
1-PB2,381,1,2399,0,1,2401,T
1-PB2,382,1,2,2386,0,2389,G
1-PB2,383,1,6,2376,0,2383,G
1-PB2,384,2400,0,0,0,2400,A
1-PB2,385,2391,0,1,0,2392,A
1-PB2,386,1,0,0,2441,2442,C
1-PB2,387,5,0,0,2444,2449,C
1-PB2,388,0,2443,0,1,2444,T
1-PB2,389,0,2442,0,1,2443,T
1-PB2,390,0,2448,2,1,2451,T
1-PB2,391,0,3,2442,0,2445,G
1-PB2,392,2,7,2421,0,2430,G
1-PB2,393,1,2,0,2412,2415,C
1-PB2,394,3,0,0,2421,2424,C
1-PB2,395,4,7,0,2420,2431,C
1-PB2,396,0,2375,0,3,2378,T
1-PB2,397,0,0,2410,0,2410,G
1-PB2,398,0,2407,0,0,2407,T
1-PB2,399,0,2402,0,0,2402,T
1-PB2,400,6,0,0,2399,2405,C
1-PB2,401,2384,1,0,1,2386,A
1-PB2,402,0,2380,0,0,2380,T
1-PB2,403,0,2390,0,0,2390,T
1-PB2,404,1,2397,0,0,2398,T
1-PB2,405,0,2393,0,1,2394,T
1-PB2,406,2363,0,0,0,2363,A
1-PB2,407,2,2,2349,1,2354,G
1-PB2,408,2344,0,0,0,2344,A
1-PB2,409,2356,0,0,0,2356,A
1-PB2,410,2354,0,1,0,2355,A
1-PB2,411,0,2325,0,0,2325,T
1-PB2,412,8,0,0,2341,2349,C
1-PB2,413,2351,0,0,0,2351,A
1-PB2,414,2352,0,2,0,2354,A
1-PB2,415,0,1,2364,0,2365,G
1-PB2,416,0,2347,0,0,2347,T
1-PB2,417,8,0,1,2358,2367,C
1-PB2,418,2381,1,1,0,2383,A
1-PB2,419,2388,1,2,0,2391,A
1-PB2,420,0,1,2391,1,2393,G
1-PB2,421,2390,0,0,0,2390,A
1-PB2,422,0,2384,0,0,2384,T
1-PB2,423,2419,0,2,0,2421,A
1-PB2,424,1,2,0,2410,2413,C
1-PB2,425,0,0,2417,0,2417,G
1-PB2,426,0,0,0,2430,2430,C
1-PB2,427,2409,0,1,0,2410,A
1-PB2,428,0,2,2440,0,2442,G
1-PB2,429,2421,0,0,0,2421,A
1-PB2,430,2439,0,4,0,2443,A
1-PB2,431,1,1,2472,0,2474,G
1-PB2,432,2413,0,0,0,2413,A
1-PB2,433,0,0,2448,0,2448,G
1-PB2,434,0,2410,0,0,2410,T
1-PB2,435,2400,0,1,0,2401,A
1-PB2,436,1,1,2443,0,2445,G
1-PB2,437,2461,0,0,0,2461,A
1-PB2,438,0,1,0,2542,2543,C
1-PB2,439,2515,0,0,0,2515,A
1-PB2,440,0,2460,1,0,2461,T
1-PB2,441,2449,0,0,1,2450,A
1-PB2,442,2439,0,1,0,2440,A
1-PB2,443,2436,0,1,0,2437,A
1-PB2,444,1,0,0,2468,2469,C
1-PB2,445,1,1,0,2441,2443,C
1-PB2,446,0,0,0,2433,2433,C
1-PB2,447,0,2307,0,0,2307,T
1-PB2,448,0,1,2307,0,2308,G
1-PB2,449,0,0,2350,0,2350,G
1-PB2,450,0,2346,0,1,2347,T
1-PB2,451,8,2,0,2340,2350,C
1-PB2,452,2371,0,1,0,2372,A
1-PB2,453,0,2361,0,1,2362,T
1-PB2,454,1,1,2369,0,2371,G
1-PB2,455,0,4,0,2361,2365,C
1-PB2,456,2364,0,1,0,2365,A
1-PB2,457,0,6,2383,0,2389,G
1-PB2,458,2319,0,3,0,2322,A
1-PB2,459,1,1,0,2358,2360,C
1-PB2,460,4,0,0,2342,2346,C
1-PB2,461,0,2300,0,3,2303,T
1-PB2,462,3,1,0,2308,2312,C
1-PB2,463,2288,0,0,2,2290,A
1-PB2,464,0,0,2334,0,2334,G
1-PB2,465,0,2331,0,0,2331,T
1-PB2,466,1,1,2326,0,2328,G
1-PB2,467,0,1,0,2324,2325,C
1-PB2,468,6,0,0,2315,2321,C
1-PB2,469,2314,0,3,0,2317,A
1-PB2,470,2315,0,1,0,2316,A
1-PB2,471,2308,0,1,0,2309,A
1-PB2,472,0,7,2306,0,2313,G
1-PB2,473,2250,0,3,0,2253,A
1-PB2,474,0,4,2269,0,2273,G
1-PB2,475,2,0,2265,0,2267,G
1-PB2,476,0,1,0,2262,2263,C
1-PB2,477,2263,2,1,0,2266,A
1-PB2,478,0,0,0,2273,2273,C
1-PB2,479,2278,0,2,0,2280,A
1-PB2,480,2321,0,0,0,2321,A
1-PB2,481,0,3,2352,0,2355,G
1-PB2,482,2381,0,2,0,2383,A
1-PB2,483,0,2377,0,1,2378,T
1-PB2,484,0,1,2367,0,2368,G
1-PB2,485,0,2358,0,0,2358,T
1-PB2,486,2372,0,0,0,2372,A
1-PB2,487,2385,0,0,0,2385,A
1-PB2,488,0,2380,0,0,2380,T
1-PB2,489,0,2301,0,2,2303,T
1-PB2,490,2271,0,0,0,2271,A
1-PB2,491,1,2216,0,0,2217,T
1-PB2,492,0,2,2214,1,2217,G
1-PB2,493,1,3,2213,0,2217,G
1-PB2,494,2202,0,0,0,2202,A
1-PB2,495,2192,0,0,0,2192,A
1-PB2,496,0,0,2194,0,2194,G
1-PB2,497,0,2176,0,0,2176,T
1-PB2,498,0,2180,0,2,2182,T
1-PB2,499,0,1,2199,0,2200,G
1-PB2,500,0,2177,0,1,2178,T
1-PB2,501,0,2166,0,0,2166,T
1-PB2,502,0,2172,0,0,2172,T
1-PB2,503,0,2173,0,0,2173,T
1-PB2,504,0,2172,0,2,2174,T
1-PB2,505,6,2,0,2168,2176,C
1-PB2,506,2,1,0,2181,2184,C
1-PB2,507,3,2,0,2189,2194,C
1-PB2,508,2178,1,3,0,2182,A
1-PB2,509,2172,0,0,0,2172,A
1-PB2,510,0,2190,0,0,2190,T
1-PB2,511,0,1,2212,0,2213,G
1-PB2,512,2210,0,0,0,2210,A
1-PB2,513,2190,0,5,0,2195,A
1-PB2,514,0,0,2216,0,2216,G
1-PB2,515,0,2178,0,0,2178,T
1-PB2,516,1,3,2185,0,2189,G
1-PB2,517,0,3,2173,0,2176,G
1-PB2,518,0,3,2168,0,2171,G
1-PB2,519,2192,0,4,0,2196,A
1-PB2,520,0,0,2186,0,2186,G
1-PB2,521,2,1,0,2161,2164,C
1-PB2,522,2,0,0,2183,2185,C
1-PB2,523,2182,0,2,0,2184,A
1-PB2,524,0,2,2229,0,2231,G
1-PB2,525,0,2,2233,0,2235,G
1-PB2,526,2252,1,1,0,2254,A
1-PB2,527,0,2240,0,0,2240,T
1-PB2,528,2233,1,1,0,2235,A
1-PB2,529,0,0,0,2219,2219,C
1-PB2,530,0,2222,0,2,2224,T
1-PB2,531,2231,0,0,0,2231,A
1-PB2,532,2212,0,2,0,2214,A
1-PB2,533,1,0,0,2243,2244,C
1-PB2,534,2188,0,0,0,2188,A
1-PB2,535,0,2169,0,0,2169,T
1-PB2,536,3,0,0,2184,2187,C
1-PB2,537,2155,0,1,0,2156,A
1-PB2,538,1,5,2176,0,2182,G
1-PB2,539,2177,0,0,0,2177,A
1-PB2,540,2176,0,1,0,2177,A
1-PB2,541,0,2147,0,1,2148,T
1-PB2,542,6,0,0,2122,2128,C
1-PB2,543,2116,1,3,0,2120,A
1-PB2,544,0,0,0,2183,2183,C
1-PB2,545,2191,0,1,0,2192,A
1-PB2,546,2198,0,1,0,2199,A
1-PB2,547,1,2155,0,0,2156,T
1-PB2,548,0,2173,1,0,2174,T
1-PB2,549,2189,0,0,0,2189,A
1-PB2,550,2192,0,1,0,2193,A
1-PB2,551,1,0,0,2199,2200,C
1-PB2,552,2200,0,1,0,2201,A
1-PB2,553,2178,0,0,0,2178,A
1-PB2,554,0,2204,0,0,2204,T
1-PB2,555,2183,0,0,0,2183,A
1-PB2,556,2193,0,0,1,2194,A
1-PB2,557,0,0,0,2194,2194,C
1-PB2,558,0,2189,0,1,2190,T
1-PB2,559,2181,1,0,0,2182,A
1-PB2,560,2161,0,0,0,2161,A
1-PB2,561,2161,0,4,0,2165,A
1-PB2,562,1,6,2157,0,2164,G
1-PB2,563,2135,0,1,0,2136,A
1-PB2,564,1,4,2141,0,2146,G
1-PB2,565,2147,0,0,0,2147,A
1-PB2,566,2150,0,0,1,2151,A
1-PB2,567,2154,0,0,0,2154,A
1-PB2,568,2152,0,0,0,2152,A
1-PB2,569,2153,0,1,0,2154,A
1-PB2,570,2155,0,2,0,2157,A
1-PB2,571,0,1,2157,0,2158,G
1-PB2,572,2152,0,3,0,2155,A
1-PB2,573,2133,0,1,0,2134,A
1-PB2,574,0,4,2124,0,2128,G
1-PB2,575,2132,0,0,0,2132,A
1-PB2,576,2133,0,0,0,2133,A
1-PB2,577,0,0,0,2173,2173,C
1-PB2,578,0,2102,0,1,2103,T
1-PB2,579,1,0,0,2135,2136,C
1-PB2,580,1,0,0,2146,2147,C
1-PB2,581,2,7,2147,1,2157,G
1-PB2,582,2137,0,0,1,2138,A
1-PB2,583,0,2,2156,0,2158,G
1-PB2,584,2135,0,0,0,2135,A
1-PB2,585,0,2115,0,1,2116,T
1-PB2,586,0,2086,0,1,2087,T
1-PB2,587,1,2,2096,0,2099,G
1-PB2,588,1,0,0,2103,2104,C
1-PB2,589,2118,0,0,0,2118,A
1-PB2,590,2114,0,1,0,2115,A
1-PB2,591,2113,0,0,0,2113,A
1-PB2,592,2122,0,0,0,2122,A
1-PB2,593,0,2094,0,0,2094,T
1-PB2,594,0,2099,0,0,2099,T
1-PB2,595,1,2080,0,1,2082,T
1-PB2,596,7,0,0,2079,2086,C
1-PB2,597,1,2064,1,3,2069,T
1-PB2,598,7,0,0,2195,2202,C
1-PB2,599,2,0,0,2211,2213,C
1-PB2,600,0,0,0,2360,2360,C
1-PB2,601,0,2354,0,1,2355,T
1-PB2,602,0,2394,0,1,2395,T
1-PB2,603,2,2,2409,0,2413,G
1-PB2,604,2402,0,2,0,2404,A
1-PB2,605,0,2438,0,0,2438,T
1-PB2,606,0,8,2449,1,2458,G
1-PB2,607,3,0,2653,0,2656,G
1-PB2,608,0,2686,0,2,2688,T
1-PB2,609,0,2678,1,2,2681,T
1-PB2,610,0,0,2854,0,2854,G
1-PB2,611,1,2,0,2867,2870,C
1-PB2,612,2932,0,1,0,2933,A
1-PB2,613,0,2937,0,0,2937,T
1-PB2,614,2950,0,1,3,2954,A
1-PB2,615,1,2,0,3038,3041,C
1-PB2,616,3317,3,0,6,3326,A
1-PB2,617,0,3395,0,1,3396,T
1-PB2,618,0,1,3551,0,3552,G
1-PB2,619,0,3514,0,0,3514,T
1-PB2,620,0,3495,0,2,3497,T
1-PB2,621,3504,0,2,0,3506,A
1-PB2,622,0,4,3499,0,3503,G
1-PB2,623,3545,0,1,0,3546,A
1-PB2,624,0,4,3577,0,3581,G
1-PB2,625,3411,0,6,1,3418,A
1-PB2,626,0,3,3410,1,3414,G
1-PB2,627,3340,0,4,0,3344,A
1-PB2,628,3,12,3351,0,3366,G
1-PB2,629,3374,0,0,0,3374,A
1-PB2,630,3354,0,2,0,3356,A
1-PB2,631,0,0,0,3399,3399,C
1-PB2,632,0,3368,0,1,3369,T
1-PB2,633,0,3372,0,0,3372,T
1-PB2,634,2,1,3362,1,3366,G
1-PB2,635,0,3361,0,1,3362,T
1-PB2,636,3373,0,2,0,3375,A
1-PB2,637,1,0,0,3351,3352,C
1-PB2,638,1,10,3348,0,3359,G
1-PB2,639,3353,0,1,0,3354,A
1-PB2,640,3359,0,0,0,3359,A
1-PB2,641,3375,0,0,0,3375,A
1-PB2,642,3390,0,0,0,3390,A
1-PB2,643,3376,0,2,0,3378,A
1-PB2,644,1,0,0,3390,3391,C
1-PB2,645,3394,0,2,1,3397,A
1-PB2,646,3394,0,2,0,3396,A
1-PB2,647,0,6,3407,0,3413,G
1-PB2,648,3409,0,0,0,3409,A
1-PB2,649,0,3408,0,1,3409,T
1-PB2,650,1,3406,0,0,3407,T
1-PB2,651,1,3414,0,0,3415,T
1-PB2,652,4,0,0,3415,3419,C
1-PB2,653,1,3408,0,4,3413,T
1-PB2,654,12,1,0,3406,3419,C
1-PB2,655,2,0,0,3400,3402,C
1-PB2,656,2,2,0,3417,3421,C
1-PB2,657,3427,0,1,0,3428,A
1-PB2,658,0,1,3461,0,3462,G
1-PB2,659,0,3452,1,1,3454,T
1-PB2,660,0,3456,0,0,3456,T
1-PB2,661,0,1,3450,0,3451,G
1-PB2,662,0,1,0,3439,3440,C
1-PB2,663,0,3441,0,1,3442,T
1-PB2,664,2,6,3450,0,3458,G
1-PB2,665,1,1,3430,0,3432,G
1-PB2,666,2,2,2,3428,3434,C
1-PB2,667,2,5,3431,0,3438,G
1-PB2,668,0,4,3489,0,3493,G
1-PB2,669,3488,0,4,0,3492,A
1-PB2,670,3497,0,2,0,3499,A
1-PB2,671,1,0,0,3479,3480,C
1-PB2,672,3517,0,2,0,3519,A
1-PB2,673,3513,0,4,0,3517,A
1-PB2,674,0,2,3661,0,3663,G
1-PB2,675,2,2,0,3701,3705,C
1-PB2,676,3749,0,1,0,3750,A
1-PB2,677,0,0,4552,0,4552,G
1-PB2,678,1,4530,0,0,4531,T
1-PB2,679,4568,0,3,1,4572,A
1-PB2,680,1,4570,0,2,4573,T
1-PB2,681,4580,0,5,0,4585,A
1-PB2,682,1,4566,0,3,4570,T
1-PB2,683,4505,0,4,0,4509,A
1-PB2,684,0,1,0,4569,4570,C
1-PB2,685,4371,0,0,0,4371,A
1-PB2,686,0,4133,0,1,4134,T
1-PB2,687,2,3994,0,3,3999,T
1-PB2,688,2,4,3992,0,3998,G
1-PB2,689,3987,0,0,0,3987,A
1-PB2,690,3982,0,5,0,3987,A
1-PB2,691,0,1,4040,0,4041,G
1-PB2,692,0,4008,0,0,4008,T
1-PB2,693,0,3984,0,0,3984,T
1-PB2,694,0,3996,0,1,3997,T
1-PB2,695,0,3996,0,1,3997,T
1-PB2,696,4032,0,1,0,4033,A
1-PB2,697,1,1,0,4067,4069,C
1-PB2,698,4056,1,2,0,4059,A
1-PB2,699,0,4045,0,2,4047,T
1-PB2,700,0,4008,0,1,4009,T
1-PB2,701,0,4017,0,0,4017,T
1-PB2,702,0,17,4051,0,4068,G
1-PB2,703,4059,0,2,0,4061,A
1-PB2,704,2,0,0,4098,4100,C
1-PB2,705,0,4057,0,3,4060,T
1-PB2,706,13,0,0,4057,4070,C
1-PB2,707,4058,0,4,0,4062,A
1-PB2,708,0,4,4052,0,4056,G
1-PB2,709,0,8,4110,0,4118,G
1-PB2,710,2,8,4116,0,4126,G
1-PB2,711,4120,0,3,0,4123,A
1-PB2,712,4141,0,2,0,4143,A
1-PB2,713,0,1,0,4145,4146,C
1-PB2,714,4,0,4186,1,4191,G
1-PB2,715,0,4159,0,0,4159,T
1-PB2,716,1,0,4201,0,4202,G
1-PB2,717,0,4153,0,1,4154,T
1-PB2,718,1,4161,0,1,4163,T
1-PB2,719,0,9,4162,0,4171,G
1-PB2,720,0,5,4155,0,4160,G
1-PB2,721,3,16,4173,0,4192,G
1-PB2,722,4176,0,1,0,4177,A
1-PB2,723,4139,0,3,0,4142,A
1-PB2,724,2,0,0,4251,4253,C
1-PB2,725,4229,0,0,1,4230,A
1-PB2,726,4337,0,0,0,4337,A
1-PB2,727,4364,0,1,0,4365,A
1-PB2,728,0,4389,0,0,4389,T
1-PB2,729,3,2,4457,0,4462,G
1-PB2,730,1,4408,0,1,4410,T
1-PB2,731,4418,0,2,0,4420,A
1-PB2,732,3,2,0,4441,4446,C
1-PB2,733,4350,0,2,0,4352,A
1-PB2,734,0,2,0,4358,4360,C
1-PB2,735,0,4183,0,33,4216,T
1-PB2,736,7,0,0,4523,4530,C
1-PB2,737,5,0,0,4536,4541,C
1-PB2,738,4617,0,4,0,4621,A
1-PB2,739,0,4,4696,0,4700,G
1-PB2,740,2,2,4751,0,4755,G
1-PB2,741,0,4667,0,3,4670,T
1-PB2,742,3,7,4745,0,4755,G
1-PB2,743,0,2,4630,0,4632,G
1-PB2,744,4525,0,8,0,4533,A
1-PB2,745,0,3,4612,0,4615,G
1-PB2,746,0,15,4609,0,4624,G
1-PB2,747,4533,0,5,0,4538,A
1-PB2,748,3,0,4605,0,4608,G
1-PB2,749,0,4489,0,3,4492,T
1-PB2,750,0,10,4548,0,4558,G
1-PB2,751,4544,1,1,0,4546,A
1-PB2,752,2,3,4577,0,4582,G
1-PB2,753,0,7,4597,0,4604,G
1-PB2,754,4568,0,1,1,4570,A
1-PB2,755,4565,0,4,1,4570,A
1-PB2,756,0,4533,1,0,4534,T
1-PB2,757,1,6,4532,0,4539,G
1-PB2,758,4527,0,8,0,4535,A
1-PB2,759,0,3,0,4521,4524,C
1-PB2,760,1,2,4536,0,4539,G
1-PB2,761,4542,0,0,0,4542,A
1-PB2,762,2,4517,0,0,4519,T
1-PB2,763,1,0,4556,0,4557,G
1-PB2,764,1,4542,0,4,4547,T
1-PB2,765,0,4528,0,1,4529,T
1-PB2,766,0,16,4528,0,4544,G
1-PB2,767,4527,0,3,0,4530,A
1-PB2,768,0,0,0,4533,4533,C
1-PB2,769,9,1,2,4531,4543,C
1-PB2,770,4497,0,0,0,4497,A
1-PB2,771,4511,0,3,0,4514,A
1-PB2,772,4515,0,0,0,4515,A
1-PB2,773,0,0,4598,0,4598,G
1-PB2,774,3,1,0,4592,4596,C
1-PB2,775,8,1,0,4582,4591,C
1-PB2,776,0,4628,0,1,4629,T
1-PB2,777,4631,0,0,0,4631,A
1-PB2,778,4623,0,0,0,4623,A
1-PB2,779,0,4634,0,0,4634,T
1-PB2,780,0,4622,0,0,4622,T
1-PB2,781,4581,0,0,0,4581,A
1-PB2,782,0,4472,0,3,4475,T
1-PB2,783,1,4463,0,2,4466,T
1-PB2,784,0,2,4450,0,4452,G
1-PB2,785,2,7,1,4397,4407,C
1-PB2,786,2,6,4398,0,4406,G
1-PB2,787,1,1,4456,0,4458,G
1-PB2,788,2,1,0,4421,4424,C
1-PB2,789,4,1,0,4467,4472,C
1-PB2,790,4476,0,1,0,4477,A
1-PB2,791,3,4,4523,1,4531,G
1-PB2,792,1,9,4555,0,4565,G
1-PB2,793,4549,0,3,1,4553,A
1-PB2,794,4575,2,1,1,4579,A
1-PB2,795,2,1,0,4600,4603,C
1-PB2,796,4524,0,1,0,4525,A
1-PB2,797,0,4574,0,1,4575,T
1-PB2,798,4635,2,2,0,4639,A
1-PB2,799,1,1,4675,0,4677,G
1-PB2,800,0,4598,0,2,4600,T
1-PB2,801,4580,0,0,1,4581,A
1-PB2,802,4565,0,1,0,4566,A
1-PB2,803,7,10,4551,1,4569,G
1-PB2,804,4553,1,0,0,4554,A
1-PB2,805,4484,0,1,0,4485,A
1-PB2,806,1,3,4439,0,4443,G
1-PB2,807,4279,0,4,0,4283,A
1-PB2,808,0,1,4307,0,4308,G
1-PB2,809,1,0,0,4267,4268,C
1-PB2,810,2,0,1,4290,4293,C
1-PB2,811,1,2,4302,1,4306,G
1-PB2,812,0,0,0,4332,4332,C
1-PB2,813,4343,0,2,1,4346,A
1-PB2,814,0,0,4605,1,4606,G
1-PB2,815,0,4566,0,5,4571,T
1-PB2,816,4606,0,0,1,4607,A
1-PB2,817,0,4564,0,1,4565,T
1-PB2,818,7,1,0,4591,4599,C
1-PB2,819,4608,0,5,0,4613,A
1-PB2,820,2,1,4580,0,4583,G
1-PB2,821,1,0,0,4595,4596,C
1-PB2,822,4421,0,1,0,4422,A
1-PB2,823,3,9,4350,0,4362,G
1-PB2,824,4357,1,1,1,4360,A
1-PB2,825,0,4356,0,0,4356,T
1-PB2,826,4,0,0,4365,4369,C
1-PB2,827,7,1,0,4385,4393,C
1-PB2,828,4365,0,0,0,4365,A
1-PB2,829,4,1,2,4383,4390,C
1-PB2,830,0,4382,0,1,4383,T
1-PB2,831,4379,0,0,0,4379,A
1-PB2,832,0,2,4355,0,4357,G
1-PB2,833,2,1,0,4318,4321,C
1-PB2,834,4323,0,0,0,4323,A
1-PB2,835,0,4317,0,2,4319,T
1-PB2,836,5,0,0,4352,4357,C
1-PB2,837,0,4360,0,2,4362,T
1-PB2,838,0,4466,0,0,4466,T
1-PB2,839,0,4476,0,1,4477,T
1-PB2,840,4475,0,0,0,4475,A
1-PB2,841,0,4458,0,0,4458,T
1-PB2,842,0,4459,0,0,4459,T
1-PB2,843,1,1,4462,0,4464,G
1-PB2,844,1,5,4431,0,4437,G
1-PB2,845,4362,0,3,0,4365,A
1-PB2,846,0,5,4370,0,4375,G
1-PB2,847,4282,0,0,0,4282,A
1-PB2,848,0,4215,0,3,4218,T
1-PB2,849,0,1,4296,0,4297,G
1-PB2,850,0,4277,0,4,4281,T
1-PB2,851,5,1,4276,0,4282,G
1-PB2,852,0,0,0,4269,4269,C
1-PB2,853,8,1,0,4265,4274,C
1-PB2,854,4261,0,2,0,4263,A
1-PB2,855,1,2,0,4276,4279,C
1-PB2,856,4215,2,1,0,4218,A
1-PB2,857,0,2,4268,0,4270,G
1-PB2,858,2,1,0,4152,4155,C
1-PB2,859,4135,0,4,0,4139,A
1-PB2,860,3,4,0,4136,4143,C
1-PB2,861,4129,1,4,0,4134,A
1-PB2,862,0,1,0,4159,4160,C
1-PB2,863,4147,0,0,0,4147,A
1-PB2,864,4153,0,1,0,4154,A
1-PB2,865,4129,0,1,0,4130,A
1-PB2,866,1,4032,0,0,4033,T
1-PB2,867,0,4029,0,2,4031,T
1-PB2,868,0,5,3998,0,4003,G
1-PB2,869,0,3,3971,0,3974,G
1-PB2,870,1,1,1,3978,3981,C
1-PB2,871,0,4,3951,0,3955,G
1-PB2,872,1,3,4011,0,4015,G
1-PB2,873,0,7,3984,0,3991,G
1-PB2,874,3902,0,4,0,3906,A
1-PB2,875,0,1,1,3958,3960,C
1-PB2,876,3975,1,5,0,3981,A
1-PB2,877,4028,0,5,0,4033,A
1-PB2,878,0,4,3995,0,3999,G
1-PB2,879,0,1,4092,0,4093,G
1-PB2,880,3949,1,3,0,3953,A
1-PB2,881,0,3860,0,2,3862,T
1-PB2,882,0,6,3792,0,3798,G
1-PB2,883,0,2,3853,0,3855,G
1-PB2,884,2,3652,0,4,3658,T
1-PB2,885,1,4,3815,0,3820,G
1-PB2,886,0,5,3810,0,3815,G
1-PB2,887,3623,0,3,0,3626,A
1-PB2,888,1,1,0,3647,3649,C
1-PB2,889,3653,0,0,0,3653,A
1-PB2,890,0,4117,0,1,4118,T
1-PB2,891,0,4138,0,3,4141,T
1-PB2,892,9,0,0,4065,4074,C
1-PB2,893,0,4112,0,0,4112,T
1-PB2,894,0,4123,0,0,4123,T
1-PB2,895,4069,0,2,0,4071,A
1-PB2,896,1,5,4093,0,4099,G
1-PB2,897,4086,3,2,0,4091,A
1-PB2,898,1,1,0,4061,4063,C
1-PB2,899,3339,0,0,0,3339,A
1-PB2,900,1,9,3353,0,3363,G
1-PB2,901,3334,0,0,0,3334,A
1-PB2,902,3377,0,3,0,3380,A
1-PB2,903,2,0,0,3271,3273,C
1-PB2,904,2,2,0,3359,3363,C
1-PB2,905,6,3,0,3391,3400,C
1-PB2,906,0,9,3326,0,3335,G
1-PB2,907,3316,0,6,0,3322,A
1-PB2,908,1,0,0,3382,3383,C
1-PB2,909,0,3369,0,0,3369,T
1-PB2,910,1,3,3410,0,3414,G
1-PB2,911,3360,0,2,0,3362,A
1-PB2,912,3434,0,4,0,3438,A
1-PB2,913,1,11,3408,0,3420,G
1-PB2,914,3390,0,1,0,3391,A
1-PB2,915,3419,0,5,0,3424,A
1-PB2,916,2,1,0,3382,3385,C
1-PB2,917,3396,1,2,0,3399,A
1-PB2,918,3447,0,4,0,3451,A
1-PB2,919,1,0,3410,0,3411,G
1-PB2,920,0,0,0,3424,3424,C
1-PB2,921,0,3457,1,0,3458,T
1-PB2,922,2,1,3525,0,3528,G
1-PB2,923,0,3473,0,1,3474,T
1-PB2,924,3,5,3570,0,3578,G
1-PB2,925,0,8,3725,0,3733,G
1-PB2,926,3656,0,5,0,3661,A
1-PB2,927,1,3694,0,0,3695,T
1-PB2,928,3691,0,0,0,3691,A
1-PB2,929,0,3658,0,0,3658,T
1-PB2,930,3808,0,2,0,3810,A
1-PB2,931,1,3743,0,2,3746,T
1-PB2,932,1,1,3707,0,3709,G
1-PB2,933,3,0,0,3659,3662,C
1-PB2,934,3537,1,0,0,3538,A
1-PB2,935,3564,1,4,0,3569,A
1-PB2,936,1,5,3528,1,3535,G
1-PB2,937,1,2,3581,0,3584,G
1-PB2,938,2,1,0,3527,3530,C
1-PB2,939,0,3515,0,2,3517,T
1-PB2,940,1,2,3532,0,3535,G
1-PB2,941,1,1,0,3519,3521,C
1-PB2,942,3546,0,2,0,3548,A
1-PB2,943,3575,0,0,0,3575,A
1-PB2,944,1,3527,0,0,3528,T
1-PB2,945,4,7,3527,2,3540,G
1-PB2,946,1,5,3524,0,3530,G
1-PB2,947,1,3,3554,0,3558,G
1-PB2,948,3480,0,3,0,3483,A
1-PB2,949,0,3510,0,0,3510,T
1-PB2,950,0,3553,0,2,3555,T
1-PB2,951,1,6,3529,0,3536,G
1-PB2,952,3512,0,2,0,3514,A
1-PB2,953,2,10,3570,0,3582,G
1-PB2,954,3543,1,0,1,3545,A
1-PB2,955,3523,0,1,0,3524,A
1-PB2,956,0,3442,0,0,3442,T
1-PB2,957,7,0,0,3494,3501,C
1-PB2,958,3502,0,1,1,3504,A
1-PB2,959,0,0,3484,0,3484,G
1-PB2,960,0,0,0,3486,3486,C
1-PB2,961,1,3432,0,2,3435,T
1-PB2,962,8,1,0,3485,3494,C
1-PB2,963,3477,1,0,0,3478,A
1-PB2,964,0,3538,0,0,3538,T
1-PB2,965,8,0,0,3544,3552,C
1-PB2,966,3,2,0,3591,3596,C
1-PB2,967,0,3542,0,7,3549,T
1-PB2,968,1,3556,0,3,3560,T
1-PB2,969,5,0,0,3533,3538,C
1-PB2,970,3546,0,4,0,3550,A
1-PB2,971,0,2,3604,0,3606,G
1-PB2,972,0,0,0,3569,3569,C
1-PB2,973,0,3549,0,2,3551,T
1-PB2,974,0,3562,0,1,3563,T
1-PB2,975,0,3555,0,0,3555,T
1-PB2,976,2,10,3531,0,3543,G
1-PB2,977,6,3,3545,1,3555,G
1-PB2,978,0,3471,0,1,3472,T
1-PB2,979,1,3,3577,0,3581,G
1-PB2,980,0,2,3558,0,3560,G
1-PB2,981,1,2,3628,0,3631,G
1-PB2,982,0,3523,1,3,3527,T
1-PB2,983,0,3566,0,1,3567,T
1-PB2,984,0,3597,0,0,3597,T
1-PB2,985,3579,0,4,0,3583,A
1-PB2,986,0,1,0,3615,3616,C
1-PB2,987,3628,0,0,0,3628,A
1-PB2,988,0,3608,0,1,3609,T
1-PB2,989,1,3557,0,0,3558,T
1-PB2,990,0,3555,0,2,3557,T
1-PB2,991,3548,0,1,0,3549,A
1-PB2,992,3554,0,1,0,3555,A
1-PB2,993,3558,0,1,0,3559,A
1-PB2,994,3544,0,3,0,3547,A
1-PB2,995,0,6,3556,0,3562,G
1-PB2,996,3535,1,3,0,3539,A
1-PB2,997,3522,0,1,0,3523,A
1-PB2,998,1,0,0,3542,3543,C
1-PB2,999,3544,0,0,0,3544,A
1-PB2,1000,3532,0,3,0,3535,A
1-PB2,1001,0,0,3536,0,3536,G
1-PB2,1002,0,3,0,3534,3537,C
1-PB2,1003,6,4,3517,1,3528,G
1-PB2,1004,1,4,3509,0,3514,G
1-PB2,1005,2,2,3530,0,3534,G
1-PB2,1006,0,3481,0,3,3484,T
1-PB2,1007,9,4,0,3507,3520,C
1-PB2,1008,3533,0,2,0,3535,A
1-PB2,1009,1,3480,0,1,3482,T
1-PB2,1010,2,2,0,3545,3549,C
1-PB2,1011,3527,0,5,0,3532,A
1-PB2,1012,1,1,3623,0,3625,G
1-PB2,1013,0,3535,0,1,3536,T
1-PB2,1014,15,0,0,3574,3589,C
1-PB2,1015,3598,3,0,0,3601,A
1-PB2,1016,3605,0,0,0,3605,A
1-PB2,1017,3605,0,1,0,3606,A
1-PB2,1018,3602,0,0,0,3602,A
1-PB2,1019,3594,0,6,1,3601,A
1-PB2,1020,6,4,3521,0,3531,G
1-PB2,1021,2,6,3607,1,3616,G
1-PB2,1022,3624,0,4,0,3628,A
1-PB2,1023,3625,0,1,0,3626,A
1-PB2,1024,2,2,3630,0,3634,G
1-PB2,1025,3619,0,0,1,3620,A
1-PB2,1026,3513,0,6,0,3519,A
1-PB2,1027,1,1,3511,0,3513,G
1-PB2,1028,3491,0,2,1,3494,A
1-PB2,1029,3,5,3499,0,3507,G
1-PB2,1030,1,1,3561,0,3563,G
1-PB2,1031,0,3534,0,0,3534,T
1-PB2,1032,3,6,3632,0,3641,G
1-PB2,1033,2,0,0,3656,3658,C
1-PB2,1034,2,3673,1,7,3683,T
1-PB2,1035,0,3718,0,0,3718,T
1-PB2,1036,3706,0,0,0,3706,A
1-PB2,1037,0,4,0,3702,3706,C
1-PB2,1038,3678,2,6,0,3686,A
1-PB2,1039,0,5,3681,0,3686,G
1-PB2,1040,0,1,3660,0,3661,G
1-PB2,1041,1,0,0,3588,3589,C
1-PB2,1042,3586,0,0,0,3586,A
1-PB2,1043,3602,0,2,0,3604,A
1-PB2,1044,0,3658,0,1,3659,T
1-PB2,1045,12,1,0,3680,3693,C
1-PB2,1046,1,3655,0,4,3660,T
1-PB2,1047,6,1,0,3676,3683,C
1-PB2,1048,3,4,0,3674,3681,C
1-PB2,1049,3698,0,2,0,3700,A
1-PB2,1050,3676,1,4,0,3681,A
1-PB2,1051,3690,1,1,1,3693,A
1-PB2,1052,1,0,0,3717,3718,C
1-PB2,1053,3629,0,0,0,3629,A
1-PB2,1054,0,3591,1,1,3593,T
1-PB2,1055,0,3579,0,2,3581,T
1-PB2,1056,0,8,3624,0,3632,G
1-PB2,1057,3630,0,0,0,3630,A
1-PB2,1058,3696,0,1,0,3697,A
1-PB2,1059,3708,0,0,1,3709,A
1-PB2,1060,3697,1,0,0,3698,A
1-PB2,1061,1,3707,0,0,3708,T
1-PB2,1062,3707,0,1,0,3708,A
1-PB2,1063,3710,0,1,0,3711,A
1-PB2,1064,2,10,3772,0,3784,G
1-PB2,1065,3710,0,3,0,3713,A
1-PB2,1066,1,2,3823,0,3826,G
1-PB2,1067,0,3757,0,1,3758,T
1-PB2,1068,3804,0,4,0,3808,A
1-PB2,1069,2,1,3,3881,3887,C
1-PB2,1070,3865,0,1,0,3866,A
1-PB2,1071,0,3858,0,2,3860,T
1-PB2,1072,5,6,3893,0,3904,G
1-PB2,1073,3788,0,3,0,3791,A
1-PB2,1074,1,3,3841,0,3845,G
1-PB2,1075,4,7,3835,0,3846,G
1-PB2,1076,1,4,3997,0,4002,G
1-PB2,1077,4,2,4007,1,4014,G
1-PB2,1078,0,3903,0,4,3907,T
1-PB2,1079,3966,2,3,0,3971,A
1-PB2,1080,0,3961,0,3,3964,T
1-PB2,1081,0,9,3967,0,3976,G
1-PB2,1082,3968,0,0,0,3968,A
1-PB2,1083,1,5,3931,0,3937,G
1-PB2,1084,3,10,3870,0,3883,G
1-PB2,1085,3679,1,0,0,3680,A
1-PB2,1086,2,0,3770,0,3772,G
1-PB2,1087,4,3805,0,3,3812,T
1-PB2,1088,0,3918,1,4,3923,T
1-PB2,1089,19,0,0,3916,3935,C
1-PB2,1090,3947,0,0,0,3947,A
1-PB2,1091,1,0,0,3955,3956,C
1-PB2,1092,3954,0,0,0,3954,A
1-PB2,1093,3944,0,3,0,3947,A
1-PB2,1094,0,3954,0,0,3954,T
1-PB2,1095,2,10,3875,0,3887,G
1-PB2,1096,0,0,3905,0,3905,G
1-PB2,1097,0,3740,0,2,3742,T
1-PB2,1098,0,2,3809,1,3812,G
1-PB2,1099,4,2,3767,0,3773,G
1-PB2,1100,0,4,3780,0,3784,G
1-PB2,1101,0,8,3820,0,3828,G
1-PB2,1102,3817,0,1,0,3818,A
1-PB2,1103,3854,0,2,0,3856,A
1-PB2,1104,3828,0,4,0,3832,A
1-PB2,1105,3770,0,2,1,3773,A
1-PB2,1106,0,12,3810,0,3822,G
1-PB2,1107,3786,0,1,0,3787,A
1-PB2,1108,2,1,3792,0,3795,G
1-PB2,1109,3,1,0,3769,3773,C
1-PB2,1110,3770,0,0,0,3770,A
1-PB2,1111,3772,0,1,1,3774,A
1-PB2,1112,0,3,1,3893,3897,C
1-PB2,1113,3908,0,1,0,3909,A
1-PB2,1114,2,1,3974,0,3977,G
1-PB2,1115,1,1,0,3935,3937,C
1-PB2,1116,0,3918,0,3,3921,T
1-PB2,1117,4048,1,0,0,4049,A
1-PB2,1118,1,4056,0,0,4057,T
1-PB2,1119,4065,0,1,0,4066,A
1-PB2,1120,2,0,0,4068,4070,C
1-PB2,1121,0,3860,1,3,3864,T
1-PB2,1122,3898,0,0,0,3898,A
1-PB2,1123,3820,0,1,0,3821,A
1-PB2,1124,0,5,3803,0,3808,G
1-PB2,1125,3812,0,0,0,3812,A
1-PB2,1126,3707,1,2,0,3710,A
1-PB2,1127,3703,0,1,0,3704,A
1-PB2,1128,3679,0,3,0,3682,A
1-PB2,1129,0,1,3688,0,3689,G
1-PB2,1130,4,1,0,3659,3664,C
1-PB2,1131,3689,0,1,0,3690,A
1-PB2,1132,3680,0,1,0,3681,A
1-PB2,1133,1,1,0,3698,3700,C
1-PB2,1134,4,1,0,3706,3711,C
1-PB2,1135,3718,0,1,0,3719,A
1-PB2,1136,0,3,3742,0,3745,G
1-PB2,1137,3727,0,0,1,3728,A
1-PB2,1138,3706,1,3,0,3710,A
1-PB2,1139,0,2,3759,0,3761,G
1-PB2,1140,3751,0,0,0,3751,A
1-PB2,1141,0,3708,3,0,3711,T
1-PB2,1142,0,3721,0,0,3721,T
1-PB2,1143,1,7,3729,0,3737,G
1-PB2,1144,2,1,3770,0,3773,G
1-PB2,1145,0,3732,0,8,3740,T
1-PB2,1146,0,3706,0,4,3710,T
1-PB2,1147,13,0,0,3753,3766,C
1-PB2,1148,3814,0,1,0,3815,A
1-PB2,1149,0,0,3927,0,3927,G
1-PB2,1150,1,1,1,3938,3941,C
1-PB2,1151,0,3935,0,5,3940,T
1-PB2,1152,14,0,0,3951,3965,C
1-PB2,1153,3946,0,2,1,3949,A
1-PB2,1154,1,3946,0,3,3950,T
1-PB2,1155,3957,1,1,0,3959,A
1-PB2,1156,0,0,3989,0,3989,G
1-PB2,1157,2,3765,0,1,3768,T
1-PB2,1158,0,5,3796,0,3801,G
1-PB2,1159,3690,0,2,0,3692,A
1-PB2,1160,2,2,3749,1,3754,G
1-PB2,1161,0,3701,0,0,3701,T
1-PB2,1162,1,2,3726,0,3729,G
1-PB2,1163,0,0,3747,0,3747,G
1-PB2,1164,3736,0,1,0,3737,A
1-PB2,1165,3731,2,3,0,3736,A
1-PB2,1166,2,6,3741,0,3749,G
1-PB2,1167,3695,0,4,0,3699,A
1-PB2,1168,1,5,3717,0,3723,G
1-PB2,1169,3695,0,6,0,3701,A
1-PB2,1170,4,1,0,3704,3709,C
1-PB2,1171,0,12,3710,0,3722,G
1-PB2,1172,3661,0,2,0,3663,A
1-PB2,1173,3669,0,4,0,3673,A
1-PB2,1174,0,0,0,3699,3699,C
1-PB2,1175,3690,1,1,0,3692,A
1-PB2,1176,2,1,3861,0,3864,G
1-PB2,1177,0,3793,1,2,3796,T
1-PB2,1178,10,0,0,3815,3825,C
1-PB2,1179,3850,0,1,1,3852,A
1-PB2,1180,3833,0,1,0,3834,A
1-PB2,1181,0,3826,0,2,3828,T
1-PB2,1182,3846,0,1,0,3847,A
1-PB2,1183,1,1,3817,0,3819,G
1-PB2,1184,1,1,0,3803,3805,C
1-PB2,1185,8,3,0,3682,3693,C
1-PB2,1186,0,4,3666,0,3670,G
1-PB2,1187,3663,0,1,0,3664,A
1-PB2,1188,3658,0,1,0,3659,A
1-PB2,1189,1,0,3686,1,3688,G
1-PB2,1190,1,1,0,3783,3785,C
1-PB2,1191,3799,0,2,0,3801,A
1-PB2,1192,3803,0,3,0,3806,A
1-PB2,1193,0,3810,0,0,3810,T
1-PB2,1194,3818,0,1,1,3820,A
1-PB2,1195,3862,0,0,0,3862,A
1-PB2,1196,1,3814,1,2,3818,T
1-PB2,1197,3,4,1,3819,3827,C
1-PB2,1198,4,0,3800,0,3804,G
1-PB2,1199,1,3677,0,5,3683,T
1-PB2,1200,1,8,3687,0,3696,G
1-PB2,1201,5,1,3689,0,3695,G
1-PB2,1202,1,0,0,3685,3686,C
1-PB2,1203,7,0,0,3694,3701,C
1-PB2,1204,3670,0,0,1,3671,A
1-PB2,1205,0,3685,0,3,3688,T
1-PB2,1206,2,8,3701,0,3711,G
1-PB2,1207,1,2,3739,0,3742,G
1-PB2,1208,0,3648,0,3,3651,T
1-PB2,1209,2,0,3756,0,3758,G
1-PB2,1210,0,3634,0,0,3634,T
1-PB2,1211,0,3659,0,2,3661,T
1-PB2,1212,0,3671,1,0,3672,T
1-PB2,1213,1,3678,0,7,3686,T
1-PB2,1214,4,2,0,3737,3743,C
1-PB2,1215,3733,1,5,0,3739,A
1-PB2,1216,0,3,0,3951,3954,C
1-PB2,1217,3915,0,0,1,3916,A
1-PB2,1218,3942,0,0,0,3942,A
1-PB2,1219,1,3,4000,0,4004,G
1-PB2,1220,3900,1,3,1,3905,A
1-PB2,1221,222,4,3779,0,4005,G
1-PB2,1222,0,4,4034,0,4038,G
1-PB2,1223,3990,0,0,0,3990,A
1-PB2,1224,0,3999,0,0,3999,T
1-PB2,1225,1,3969,0,1,3971,T
1-PB2,1226,0,0,3972,0,3972,G
1-PB2,1227,1,1,0,3913,3915,C
1-PB2,1228,3932,0,1,0,3933,A
1-PB2,1229,0,3969,0,0,3969,T
1-PB2,1230,2,3,4118,0,4123,G
1-PB2,1231,4141,0,0,0,4141,A
1-PB2,1232,1,4156,0,0,4157,T
1-PB2,1233,4155,0,1,0,4156,A
1-PB2,1234,4147,0,0,0,4147,A
1-PB2,1235,4148,0,0,0,4148,A
1-PB2,1236,4159,0,2,0,4161,A
1-PB2,1237,0,1,4154,0,4155,G
1-PB2,1238,3,0,0,4205,4208,C
1-PB2,1239,4270,0,1,0,4271,A
1-PB2,1240,1,1,4405,0,4407,G
1-PB2,1241,0,4381,0,2,4383,T
1-PB2,1242,1,4409,0,0,4410,T
1-PB2,1243,4403,0,1,0,4404,A
1-PB2,1244,0,9,4408,0,4417,G
1-PB2,1245,4386,0,4,0,4390,A
1-PB2,1246,0,5,4385,0,4390,G
1-PB2,1247,1,1,4357,0,4359,G
1-PB2,1248,0,4122,0,4,4126,T
1-PB2,1249,0,21,4210,0,4231,G
1-PB2,1250,4245,1,3,1,4250,A
1-PB2,1251,0,0,1,4285,4286,C
1-PB2,1252,4,0,0,4315,4319,C
1-PB2,1253,0,4276,0,8,4284,T
1-PB2,1254,7,6,4299,0,4312,G
1-PB2,1255,4277,0,0,0,4277,A
1-PB2,1256,4290,0,0,0,4290,A
1-PB2,1257,0,4315,0,0,4315,T
1-PB2,1258,0,4361,0,2,4363,T
1-PB2,1259,0,4369,0,1,4370,T
1-PB2,1260,11,1,1,4356,4369,C
1-PB2,1261,4,1,4362,0,4367,G
1-PB2,1262,0,4350,0,3,4353,T
1-PB2,1263,7,0,0,4355,4362,C
1-PB2,1264,4366,0,1,0,4367,A
1-PB2,1265,4374,0,0,0,4374,A
1-PB2,1266,0,1,0,4369,4370,C
1-PB2,1267,4331,0,0,0,4331,A
1-PB2,1268,1,4,4356,0,4361,G
1-PB2,1269,4326,0,1,0,4327,A
1-PB2,1270,1,1,4327,0,4329,G
1-PB2,1271,1,1,0,4354,4356,C
1-PB2,1272,4361,0,0,0,4361,A
1-PB2,1273,4415,0,2,1,4418,A
1-PB2,1274,4425,0,2,0,4427,A
1-PB2,1275,0,4372,0,0,4372,T
1-PB2,1276,8,0,0,4404,4412,C
1-PB2,1277,4376,0,1,0,4377,A
1-PB2,1278,0,1,4360,0,4361,G
1-PB2,1279,2,3,0,4362,4367,C
1-PB2,1280,0,6,4398,0,4404,G
1-PB2,1281,0,0,4586,0,4586,G
1-PB2,1282,0,4561,0,5,4566,T
1-PB2,1283,0,4565,0,0,4565,T
1-PB2,1284,1,8,4550,1,4560,G
1-PB2,1285,4560,5,2,0,4567,A
1-PB2,1286,4588,0,4,0,4592,A
1-PB2,1287,2,0,0,4594,4596,C
1-PB2,1288,7,1,0,4554,4562,C
1-PB2,1289,6,1,1,4622,4630,C
1-PB2,1290,4,0,0,4512,4516,C
1-PB2,1291,4542,1,2,0,4545,A
1-PB2,1292,0,4558,0,1,4559,T
1-PB2,1293,6,2,4540,0,4548,G
1-PB2,1294,1,1,0,4577,4579,C
1-PB2,1295,4547,0,0,0,4547,A
1-PB2,1296,0,4495,0,7,4502,T
1-PB2,1297,8,1,0,4514,4523,C
1-PB2,1298,4473,0,0,0,4473,A
1-PB2,1299,1,0,4523,0,4524,G
1-PB2,1300,0,0,0,4525,4525,C
1-PB2,1301,0,4510,1,9,4520,T
1-PB2,1302,0,4527,0,0,4527,T
1-PB2,1303,0,4517,0,1,4518,T
1-PB2,1304,0,4523,0,5,4528,T
1-PB2,1305,4533,0,0,0,4533,A
1-PB2,1306,4507,1,3,0,4511,A
1-PB2,1307,0,9,4506,1,4516,G
1-PB2,1308,1,1,4463,0,4465,G
1-PB2,1309,1,1,0,4444,4446,C
1-PB2,1310,4451,0,0,0,4451,A
1-PB2,1311,0,4471,0,0,4471,T
1-PB2,1312,0,4482,1,0,4483,T
1-PB2,1313,0,4454,1,0,4455,T
1-PB2,1314,0,4480,0,1,4481,T
1-PB2,1315,10,2,0,4487,4499,C
1-PB2,1316,4505,0,3,1,4509,A
1-PB2,1317,0,0,4495,0,4495,G
1-PB2,1318,4483,0,2,0,4485,A
1-PB2,1319,4489,0,2,0,4491,A
1-PB2,1320,4465,0,3,0,4468,A
1-PB2,1321,2,7,4475,0,4484,G
1-PB2,1322,4475,0,5,0,4480,A
1-PB2,1323,0,4473,0,0,4473,T
1-PB2,1324,1,0,4492,0,4493,G
1-PB2,1325,7,0,2,4466,4475,C
1-PB2,1326,1,12,4516,0,4529,G
1-PB2,1327,4460,1,3,0,4464,A
1-PB2,1328,4474,0,0,0,4474,A
1-PB2,1329,4491,0,0,1,4492,A
1-PB2,1330,0,2,4512,0,4514,G
1-PB2,1331,0,4448,1,1,4450,T
1-PB2,1332,0,0,4451,0,4451,G
1-PB2,1333,1,6,0,4382,4389,C
1-PB2,1334,0,4447,0,5,4452,T
1-PB2,1335,0,4456,0,0,4456,T
1-PB2,1336,1,4467,0,1,4469,T
1-PB2,1337,0,4472,0,4,4476,T
1-PB2,1338,0,4450,0,2,4452,T
1-PB2,1339,19,0,0,4459,4478,C
1-PB2,1340,4473,0,2,0,4475,A
1-PB2,1341,4495,1,0,0,4496,A
1-PB2,1342,4457,0,1,0,4458,A
1-PB2,1343,4496,0,2,0,4498,A
1-PB2,1344,0,4472,0,2,4474,T
1-PB2,1345,0,4522,0,2,4524,T
1-PB2,1346,0,11,4511,0,4522,G
1-PB2,1347,1,6,4467,0,4474,G
1-PB2,1348,3,1,4495,0,4499,G
1-PB2,1349,0,5,4546,2,4553,G
1-PB2,1350,4533,0,3,0,4536,A
1-PB2,1351,1,0,4628,0,4629,G
1-PB2,1352,1,4616,0,4,4621,T
1-PB2,1353,0,4615,1,0,4616,T
1-PB2,1354,1,15,4619,0,4635,G
1-PB2,1355,4620,0,3,0,4623,A
1-PB2,1356,4630,2,10,0,4642,A
1-PB2,1357,2,0,0,4776,4778,C
1-PB2,1358,4749,0,5,0,4754,A
1-PB2,1359,1,3,0,4931,4935,C
1-PB2,1360,4855,0,0,0,4855,A
1-PB2,1361,0,4828,0,0,4828,T
1-PB2,1362,0,4809,0,9,4818,T
1-PB2,1363,0,15,4865,1,4881,G
1-PB2,1364,4859,1,3,0,4863,A
1-PB2,1365,0,0,0,4873,4873,C
1-PB2,1366,4690,0,2,0,4692,A
1-PB2,1367,2,1,4803,0,4806,G
1-PB2,1368,0,4648,0,4,4652,T
1-PB2,1369,0,1,4743,0,4744,G
1-PB2,1370,0,4713,0,2,4715,T
1-PB2,1371,0,6,4748,0,4754,G
1-PB2,1372,4726,1,3,1,4731,A
1-PB2,1373,0,4718,0,1,4719,T
1-PB2,1374,1,8,4727,0,4736,G
1-PB2,1375,2,3,4721,0,4726,G
1-PB2,1376,0,12,4694,0,4706,G
1-PB2,1377,4680,0,4,0,4684,A
1-PB2,1378,4644,0,2,0,4646,A
1-PB2,1379,0,4680,0,1,4681,T
1-PB2,1380,3,14,4691,0,4708,G
1-PB2,1381,4720,0,1,1,4722,A
1-PB2,1382,0,4704,0,0,4704,T
1-PB2,1383,0,4694,0,4,4698,T
1-PB2,1384,1,8,4666,0,4675,G
1-PB2,1385,0,12,4759,0,4771,G
1-PB2,1386,4706,0,4,0,4710,A
1-PB2,1387,0,1,4794,0,4795,G
1-PB2,1388,0,4733,0,0,4733,T
1-PB2,1389,4749,0,2,0,4751,A
1-PB2,1390,0,4753,0,1,4754,T
1-PB2,1391,0,4807,0,2,4809,T
1-PB2,1392,4843,0,3,0,4846,A
1-PB2,1393,1,2,0,4842,4845,C
1-PB2,1394,6,2,0,4806,4814,C
1-PB2,1395,4795,0,0,0,4795,A
1-PB2,1396,1,2,4844,0,4847,G
1-PB2,1397,4927,0,0,0,4927,A
1-PB2,1398,0,4907,0,0,4907,T
1-PB2,1399,4864,0,4,0,4868,A
1-PB2,1400,2,4838,0,2,4842,T
1-PB2,1401,1,21,4794,0,4816,G
1-PB2,1402,4806,0,1,0,4807,A
1-PB2,1403,2,0,0,4813,4815,C
1-PB2,1404,0,4790,0,6,4796,T
1-PB2,1405,7,0,1,4740,4748,C
1-PB2,1406,5,0,0,4737,4742,C
1-PB2,1407,4768,0,2,0,4770,A
1-PB2,1408,4807,1,4,1,4813,A
1-PB2,1409,3,3,4929,0,4935,G
1-PB2,1410,3,2,0,4887,4892,C
1-PB2,1411,4881,0,2,0,4883,A
1-PB2,1412,1,3,0,4893,4897,C
1-PB2,1413,4881,0,3,0,4884,A
1-PB2,1414,5,6,4875,0,4886,G
1-PB2,1415,4830,0,0,0,4830,A
1-PB2,1416,1,1,4876,0,4878,G
1-PB2,1417,4890,0,1,0,4891,A
1-PB2,1418,0,4798,0,4,4802,T
1-PB2,1419,4,0,4848,0,4852,G
1-PB2,1420,2,4762,0,3,4767,T
1-PB2,1421,10,2,1,4750,4763,C
1-PB2,1422,4775,0,0,0,4775,A
1-PB2,1423,4765,0,0,0,4765,A
1-PB2,1424,1,4756,0,1,4758,T
1-PB2,1425,1,7,4762,0,4770,G
1-PB2,1426,4698,1,5,0,4704,A
1-PB2,1427,0,10,4741,0,4751,G
1-PB2,1428,4681,0,6,0,4687,A
1-PB2,1429,2,6,4694,0,4702,G
1-PB2,1430,2,14,4874,0,4890,G
1-PB2,1431,4886,1,1,0,4888,A
1-PB2,1432,4888,0,0,1,4889,A
1-PB2,1433,4,4888,0,0,4892,T
1-PB2,1434,4888,0,0,1,4889,A
1-PB2,1435,4887,0,4,0,4891,A
1-PB2,1436,0,9,4884,1,4894,G
1-PB2,1437,4855,0,2,0,4857,A
1-PB2,1438,0,1,4866,0,4867,G
1-PB2,1439,0,4613,0,4,4617,T
1-PB2,1440,17,4,0,4608,4629,C
1-PB2,1441,4650,1,6,0,4657,A
1-PB2,1442,3,0,4671,0,4674,G
1-PB2,1443,1,1,0,4681,4683,C
1-PB2,1444,4701,1,0,2,4704,A
1-PB2,1445,4710,1,0,0,4711,A
1-PB2,1446,4705,0,0,0,4705,A
1-PB2,1447,4706,0,2,1,4709,A
1-PB2,1448,0,4690,0,0,4690,T
1-PB2,1449,1,8,4686,0,4695,G
1-PB2,1450,1,3,4683,1,4688,G
1-PB2,1451,1,1,4708,0,4710,G
1-PB2,1452,0,4646,0,3,4649,T
1-PB2,1453,2,1,4682,0,4685,G
1-PB2,1454,0,4647,0,3,4650,T
1-PB2,1455,1,8,4664,1,4674,G
1-PB2,1456,1,3,4721,0,4725,G
1-PB2,1457,4725,0,0,0,4725,A
1-PB2,1458,0,4704,0,0,4704,T
1-PB2,1459,3,13,4735,0,4751,G
1-PB2,1460,4732,0,0,0,4732,A
1-PB2,1461,4748,0,1,1,4750,A
1-PB2,1462,0,4735,0,3,4738,T
1-PB2,1463,4640,0,2,1,4643,A
1-PB2,1464,0,3,0,4902,4905,C
1-PB2,1465,0,4782,0,1,4783,T
1-PB2,1466,10,0,1,4806,4817,C
1-PB2,1467,1,2,0,4881,4884,C
1-PB2,1468,4840,0,3,0,4843,A
1-PB2,1469,0,0,5032,0,5032,G
1-PB2,1470,1,4990,0,0,4991,T
1-PB2,1471,4997,0,2,0,4999,A
1-PB2,1472,0,0,0,5001,5001,C
1-PB2,1473,4649,1,2,0,4652,A
1-PB2,1474,0,5,4664,0,4669,G
1-PB2,1475,4531,0,3,1,4535,A
1-PB2,1476,0,4,4574,0,4578,G
1-PB2,1477,4437,0,4,0,4441,A
1-PB2,1478,3,7,4293,0,4303,G
1-PB2,1479,2,2,4287,0,4291,G
1-PB2,1480,2,2,4288,0,4292,G
1-PB2,1481,0,4184,0,3,4187,T
1-PB2,1482,0,5,4213,0,4218,G
1-PB2,1483,2,2,4245,0,4249,G
1-PB2,1484,0,4197,0,2,4199,T
1-PB2,1485,1,4,4269,0,4274,G
1-PB2,1486,0,0,4267,0,4267,G
1-PB2,1487,0,4195,0,0,4195,T
1-PB2,1488,0,4212,1,1,4214,T
1-PB2,1489,4176,0,1,0,4177,A
1-PB2,1490,0,3,4174,0,4177,G
1-PB2,1491,2,0,0,4176,4178,C
1-PB2,1492,4149,0,0,0,4149,A
1-PB2,1493,0,4137,0,1,4138,T
1-PB2,1494,0,3978,0,1,3979,T
1-PB2,1495,2,12,3956,0,3970,G
1-PB2,1496,3948,0,1,0,3949,A
1-PB2,1497,1,7,0,3884,3892,C
1-PB2,1498,5,1,0,3923,3929,C
1-PB2,1499,2,4,3933,0,3939,G
1-PB2,1500,0,1,3993,0,3994,G
1-PB2,1501,0,3953,0,2,3955,T
1-PB2,1502,0,3971,0,0,3971,T
1-PB2,1503,0,3959,0,0,3959,T
1-PB2,1504,0,3963,0,0,3963,T
1-PB2,1505,0,3973,0,2,3975,T
1-PB2,1506,1,8,3964,0,3973,G
1-PB2,1507,3945,0,5,0,3950,A
1-PB2,1508,2,6,3971,0,3979,G
1-PB2,1509,3833,2,2,0,3837,A
1-PB2,1510,2,0,3829,0,3831,G
1-PB2,1511,0,3819,0,2,3821,T
1-PB2,1512,0,3798,0,3,3801,T
1-PB2,1513,19,2,0,3825,3846,C
1-PB2,1514,3,2,3840,0,3845,G
1-PB2,1515,3846,0,4,0,3850,A
1-PB2,1516,0,6,3850,0,3856,G
1-PB2,1517,3814,0,4,0,3818,A
1-PB2,1518,1,0,0,3815,3816,C
1-PB2,1519,5,1,0,3798,3804,C
1-PB2,1520,3789,0,2,0,3791,A
1-PB2,1521,3821,0,2,0,3823,A
1-PB2,1522,0,2,0,3847,3849,C
1-PB2,1523,2,0,3857,0,3859,G
1-PB2,1524,0,3828,1,0,3829,T
1-PB2,1525,1,3,3825,0,3829,G
1-PB2,1526,4,3,3836,0,3843,G
1-PB2,1527,0,5,3835,0,3840,G
1-PB2,1528,3804,0,1,1,3806,A
1-PB2,1529,3825,0,0,0,3825,A
1-PB2,1530,0,3719,0,0,3719,T
1-PB2,1531,0,1,3829,0,3830,G
1-PB2,1532,0,3813,0,2,3815,T
1-PB2,1533,3820,0,0,0,3820,A
1-PB2,1534,0,3803,0,1,3804,T
1-PB2,1535,0,3753,0,3,3756,T
1-PB2,1536,3783,0,0,0,3783,A
1-PB2,1537,0,3743,0,0,3743,T
1-PB2,1538,0,3719,0,0,3719,T
1-PB2,1539,3700,0,0,0,3700,A
1-PB2,1540,0,3258,0,1,3259,T
1-PB2,1541,6,2,0,3359,3367,C
1-PB2,1542,0,3308,0,2,3310,T
1-PB2,1543,12,0,0,3302,3314,C
1-PB2,1544,0,0,0,3328,3328,C
1-PB2,1545,0,3236,0,2,3238,T
1-PB2,1546,1,5,3248,0,3254,G
1-PB2,1547,3225,0,1,0,3226,A
1-PB2,1548,0,2,3223,0,3225,G
1-PB2,1549,0,1,3209,0,3210,G
1-PB2,1550,2853,0,2,0,2855,A
1-PB2,1551,1,3,2867,0,2871,G
1-PB2,1552,2,4,2861,0,2867,G
1-PB2,1553,0,2721,0,2,2723,T
1-PB2,1554,7,0,0,2747,2754,C
1-PB2,1555,2722,0,1,0,2723,A
1-PB2,1556,0,0,2753,0,2753,G
1-PB2,1557,1,2735,0,2,2738,T
1-PB2,1558,1,5,2740,0,2746,G
1-PB2,1559,2740,0,0,0,2740,A
1-PB2,1560,2631,0,0,0,2631,A
1-PB2,1561,2631,0,2,0,2633,A
1-PB2,1562,0,1,0,2622,2623,C
1-PB2,1563,2595,0,1,0,2596,A
1-PB2,1564,0,1,0,2598,2599,C
1-PB2,1565,2509,0,0,0,2509,A
1-PB2,1566,0,1,2526,0,2527,G
1-PB2,1567,2,3,2497,0,2502,G
1-PB2,1568,0,10,2523,0,2533,G
1-PB2,1569,2522,0,0,1,2523,A
1-PB2,1570,2494,0,2,0,2496,A
1-PB2,1571,0,0,0,2513,2513,C
1-PB2,1572,0,2456,0,1,2457,T
1-PB2,1573,1,1,2466,0,2468,G
1-PB2,1574,2437,0,7,0,2444,A
1-PB2,1575,2,4,2445,0,2451,G
1-PB2,1576,2405,0,1,0,2406,A
1-PB2,1577,1,4,2277,0,2282,G
1-PB2,1578,2272,0,2,0,2274,A
1-PB2,1579,0,2,0,2273,2275,C
1-PB2,1580,0,2205,0,0,2205,T
1-PB2,1581,1,4,2228,0,2233,G
1-PB2,1582,2214,0,3,0,2217,A
1-PB2,1583,0,0,0,2226,2226,C
1-PB2,1584,2212,0,0,0,2212,A
1-PB2,1585,2209,0,0,0,2209,A
1-PB2,1586,0,2211,0,0,2211,T
1-PB2,1587,2213,0,0,0,2213,A
1-PB2,1588,2200,0,1,0,2201,A
1-PB2,1589,0,1,0,2220,2221,C
1-PB2,1590,0,2087,0,0,2087,T
1-PB2,1591,0,2065,0,0,2065,T
1-PB2,1592,2042,0,1,0,2043,A
1-PB2,1593,0,2035,0,4,2039,T
1-PB2,1594,0,2024,0,0,2024,T
1-PB2,1595,5,1,0,2014,2020,C
1-PB2,1596,1901,0,0,0,1901,A
1-PB2,1597,0,1888,0,1,1889,T
1-PB2,1598,5,1,0,1815,1821,C
1-PB2,1599,1,0,1820,0,1821,G
1-PB2,1600,0,1820,0,0,1820,T
1-PB2,1601,3,1,1,1796,1801,C
1-PB2,1602,0,2,1807,0,1809,G
1-PB2,1603,1801,1,1,0,1803,A
1-PB2,1604,0,1813,0,2,1815,T
1-PB2,1605,0,0,1806,0,1806,G
1-PB2,1606,1809,0,2,0,1811,A
1-PB2,1607,0,1802,0,0,1802,T
1-PB2,1608,0,0,1796,0,1796,G
1-PB2,1609,0,1713,0,1,1714,T
1-PB2,1610,0,4,1702,0,1706,G
1-PB2,1611,0,2,1695,1,1698,G
1-PB2,1612,0,2,1708,0,1710,G
1-PB2,1613,1641,0,0,0,1641,A
1-PB2,1614,2,1,1627,0,1630,G
1-PB2,1615,1493,0,2,0,1495,A
1-PB2,1616,0,1456,0,0,1456,T
1-PB2,1617,1,1428,0,0,1429,T
1-PB2,1618,1421,0,0,0,1421,A
1-PB2,1619,1409,0,0,0,1409,A
1-PB2,1620,0,0,0,1396,1396,C
1-PB2,1621,4,3,1293,0,1300,G
1-PB2,1622,0,0,1310,0,1310,G
1-PB2,1623,0,1172,0,1,1173,T
1-PB2,1624,1,0,0,1159,1160,C
1-PB2,1625,1,0,0,1161,1162,C
1-PB2,1626,0,1098,0,1,1099,T
1-PB2,1627,0,2,1113,0,1115,G
1-PB2,1628,1111,0,0,0,1111,A
1-PB2,1629,0,0,1108,0,1108,G
1-PB2,1630,0,1104,0,0,1104,T
1-PB2,1631,4,0,0,1066,1070,C
1-PB2,1632,1,0,1065,0,1066,G
1-PB2,1633,0,0,1073,0,1073,G
1-PB2,1634,0,1076,0,0,1076,T
1-PB2,1635,0,1081,0,2,1083,T
1-PB2,1636,0,1084,0,0,1084,T
1-PB2,1637,0,1074,0,0,1074,T
1-PB2,1638,2,3,1081,0,1086,G
1-PB2,1639,0,1,1093,0,1094,G
1-PB2,1640,0,1081,0,0,1081,T
1-PB2,1641,1,1,0,1096,1098,C
1-PB2,1642,1072,0,0,0,1072,A
1-PB2,1643,1098,0,0,0,1098,A
1-PB2,1644,0,1113,0,0,1113,T
1-PB2,1645,1105,0,0,0,1105,A
1-PB2,1646,0,2,0,1134,1136,C
1-PB2,1647,1,0,0,1091,1092,C
1-PB2,1648,0,1097,0,1,1098,T
1-PB2,1649,1115,0,0,0,1115,A
1-PB2,1650,0,1117,1,0,1118,T
1-PB2,1651,0,0,0,1131,1131,C
1-PB2,1652,1100,0,1,0,1101,A
1-PB2,1653,1102,0,0,0,1102,A
1-PB2,1654,0,1087,0,0,1087,T
1-PB2,1655,0,2,1048,0,1050,G
1-PB2,1656,0,2,1056,0,1058,G
1-PB2,1657,1047,0,0,0,1047,A
1-PB2,1658,0,1020,0,0,1020,T
1-PB2,1659,1,0,0,1029,1030,C
1-PB2,1660,1027,0,2,1,1030,A
1-PB2,1661,0,1033,0,1,1034,T
1-PB2,1662,1,0,0,1037,1038,C
1-PB2,1663,1037,0,0,0,1037,A
1-PB2,1664,0,3,1041,0,1044,G
1-PB2,1665,1037,0,0,0,1037,A
1-PB2,1666,1036,0,0,0,1036,A
1-PB2,1667,1039,0,1,0,1040,A
1-PB2,1668,0,1034,0,2,1036,T
1-PB2,1669,0,1037,0,1,1038,T
1-PB2,1670,1,2,1024,0,1027,G
1-PB2,1671,0,0,1029,0,1029,G
1-PB2,1672,0,2,1023,0,1025,G
1-PB2,1673,1025,0,0,0,1025,A
1-PB2,1674,1023,0,0,0,1023,A
1-PB2,1675,0,1,1019,0,1020,G
1-PB2,1676,0,0,0,1012,1012,C
1-PB2,1677,0,1017,0,0,1017,T
1-PB2,1678,0,0,1035,0,1035,G
1-PB2,1679,0,1022,0,0,1022,T
1-PB2,1680,2,0,1,1031,1034,C
1-PB2,1681,1038,0,0,0,1038,A
1-PB2,1682,1037,0,1,0,1038,A
1-PB2,1683,1038,0,0,0,1038,A
1-PB2,1684,1042,0,0,0,1042,A
1-PB2,1685,0,1044,0,0,1044,T
1-PB2,1686,0,1041,0,0,1041,T
1-PB2,1687,2,0,1,1029,1032,C
1-PB2,1688,1034,0,0,0,1034,A
1-PB2,1689,1039,0,1,0,1040,A
1-PB2,1690,0,1043,0,0,1043,T
1-PB2,1691,1,0,1033,0,1034,G
1-PB2,1692,1,0,1046,1,1048,G
1-PB2,1693,1,1041,0,1,1043,T
1-PB2,1694,3,0,0,1038,1041,C
1-PB2,1695,2,2,0,1033,1037,C
1-PB2,1696,0,0,0,1077,1077,C
1-PB2,1697,1082,0,0,0,1082,A
1-PB2,1698,0,1,1081,0,1082,G
1-PB2,1699,1077,0,0,0,1077,A
1-PB2,1700,1087,0,2,0,1089,A
1-PB2,1701,0,1061,0,0,1061,T
1-PB2,1702,0,0,0,1045,1045,C
1-PB2,1703,0,1,0,1049,1050,C
1-PB2,1704,0,1051,0,1,1052,T
1-PB2,1705,0,0,1047,0,1047,G
1-PB2,1706,0,0,0,1052,1052,C
1-PB2,1707,1054,0,0,0,1054,A
1-PB2,1708,1061,0,0,0,1061,A
1-PB2,1709,1,1053,0,0,1054,T
1-PB2,1710,0,1,1071,0,1072,G
1-PB2,1711,0,1080,1,1,1082,T
1-PB2,1712,0,1056,0,0,1056,T
1-PB2,1713,0,0,1059,0,1059,G
1-PB2,1714,0,1053,0,0,1053,T
1-PB2,1715,1056,0,0,0,1056,A
1-PB2,1716,0,0,0,1060,1060,C
1-PB2,1717,1038,1,0,0,1039,A
1-PB2,1718,1047,0,0,0,1047,A
1-PB2,1719,1,0,0,1040,1041,C
1-PB2,1720,1014,0,0,0,1014,A
1-PB2,1721,1018,0,0,0,1018,A
1-PB2,1722,997,0,1,0,998,A
1-PB2,1723,995,0,0,0,995,A
1-PB2,1724,0,1000,0,0,1000,T
1-PB2,1725,0,1,987,0,988,G
1-PB2,1726,0,1,998,0,999,G
1-PB2,1727,989,0,0,0,989,A
1-PB2,1728,995,0,0,0,995,A
1-PB2,1729,0,995,0,0,995,T
1-PB2,1730,0,994,0,0,994,T
1-PB2,1731,0,999,0,0,999,T
1-PB2,1732,2,5,978,0,985,G
1-PB2,1733,996,0,1,0,997,A
1-PB2,1734,989,0,0,0,989,A
1-PB2,1735,0,1,0,992,993,C
1-PB2,1736,3,0,0,982,985,C
1-PB2,1737,995,0,0,1,996,A
1-PB2,1738,0,1004,0,0,1004,T
1-PB2,1739,0,1003,0,0,1003,T
1-PB2,1740,0,995,0,1,996,T
1-PB2,1741,0,1,0,998,999,C
1-PB2,1742,1000,0,1,0,1001,A
1-PB2,1743,1001,0,0,0,1001,A
1-PB2,1744,1,1001,0,0,1002,T
1-PB2,1745,2,0,0,1015,1017,C
1-PB2,1746,0,993,0,0,993,T
1-PB2,1747,0,993,0,0,993,T
1-PB2,1748,0,997,1,0,998,T
1-PB2,1749,1005,0,0,0,1005,A
1-PB2,1750,0,0,999,0,999,G
1-PB2,1751,0,991,0,0,991,T
1-PB2,1752,6,1,0,1003,1010,C
1-PB2,1753,2,2,0,1006,1010,C
1-PB2,1754,2,0,0,1000,1002,C
1-PB2,1755,2,0,0,1005,1007,C
1-PB2,1756,1004,0,1,0,1005,A
1-PB2,1757,1005,0,1,0,1006,A
1-PB2,1758,1,1,1020,0,1022,G
1-PB2,1759,1,0,1003,0,1004,G
1-PB2,1760,0,0,0,1006,1006,C
1-PB2,1761,1,0,0,997,998,C
1-PB2,1762,1004,0,1,0,1005,A
1-PB2,1763,0,1009,0,3,1012,T
1-PB2,1764,0,1014,0,0,1014,T
1-PB2,1765,1017,0,0,0,1017,A
1-PB2,1766,0,0,1011,0,1011,G
1-PB2,1767,988,0,0,0,988,A
1-PB2,1768,1019,0,1,0,1020,A
1-PB2,1769,0,1,1027,0,1028,G
1-PB2,1770,0,0,0,1039,1039,C
1-PB2,1771,1,0,0,1047,1048,C
1-PB2,1772,1046,0,0,0,1046,A
1-PB2,1773,1057,0,0,0,1057,A
1-PB2,1774,0,1049,0,0,1049,T
1-PB2,1775,1048,0,0,0,1048,A
1-PB2,1776,0,0,0,1060,1060,C
1-PB2,1777,981,0,0,0,981,A
1-PB2,1778,0,0,977,0,977,G
1-PB2,1779,0,952,0,1,953,T
1-PB2,1780,0,5,959,0,964,G
1-PB2,1781,0,1,959,0,960,G
1-PB2,1782,0,0,947,0,947,G
1-PB2,1783,0,936,0,0,936,T
1-PB2,1784,0,939,0,0,939,T
1-PB2,1785,0,945,0,0,945,T
1-PB2,1786,1,0,949,0,950,G
1-PB2,1787,0,942,0,0,942,T
1-PB2,1788,6,0,0,940,946,C
1-PB2,1789,938,0,0,0,938,A
1-PB2,1790,1,3,930,0,934,G
1-PB2,1791,938,1,0,0,939,A
1-PB2,1792,925,0,1,0,926,A
1-PB2,1793,0,0,0,934,934,C
1-PB2,1794,0,905,0,0,905,T
1-PB2,1795,0,0,0,926,926,C
1-PB2,1796,0,935,0,0,935,T
1-PB2,1797,937,0,0,0,937,A
1-PB2,1798,0,938,0,0,938,T
1-PB2,1799,0,930,0,0,930,T
1-PB2,1800,2,0,0,926,928,C
1-PB2,1801,1,0,0,931,932,C
1-PB2,1802,929,0,0,0,929,A
1-PB2,1803,926,0,0,0,926,A
1-PB2,1804,0,0,0,927,927,C
1-PB2,1805,931,0,0,0,931,A
1-PB2,1806,933,0,0,0,933,A
1-PB2,1807,924,0,0,0,924,A
1-PB2,1808,0,936,0,0,936,T
1-PB2,1809,0,3,933,0,936,G
1-PB2,1810,931,0,0,0,931,A
1-PB2,1811,0,4,927,0,931,G
1-PB2,1812,922,0,1,0,923,A
1-PB2,1813,0,3,923,0,926,G
1-PB2,1814,921,0,1,0,922,A
1-PB2,1815,0,0,0,920,920,C
1-PB2,1816,0,0,931,0,931,G
1-PB2,1817,0,933,0,0,933,T
1-PB2,1818,945,0,0,0,945,A
1-PB2,1819,0,1,0,957,958,C
1-PB2,1820,0,944,0,0,944,T
1-PB2,1821,0,946,0,0,946,T
1-PB2,1822,0,0,932,0,932,G
1-PB2,1823,0,1,945,0,946,G
1-PB2,1824,0,1,944,0,945,G
1-PB2,1825,936,1,0,0,937,A
1-PB2,1826,0,0,0,945,945,C
1-PB2,1827,949,0,1,0,950,A
1-PB2,1828,0,947,0,0,947,T
1-PB2,1829,0,949,0,0,949,T
1-PB2,1830,0,955,0,0,955,T
1-PB2,1831,0,4,946,0,950,G
1-PB2,1832,947,0,2,0,949,A
1-PB2,1833,0,2,0,950,952,C
1-PB2,1834,942,0,0,0,942,A
1-PB2,1835,0,0,0,943,943,C
1-PB2,1836,3,0,0,910,913,C
1-PB2,1837,912,0,1,0,913,A
1-PB2,1838,0,1,0,923,924,C
1-PB2,1839,0,0,0,914,914,C
1-PB2,1840,0,0,0,922,922,C
1-PB2,1841,927,0,0,0,927,A
1-PB2,1842,912,0,1,0,913,A
1-PB2,1843,914,0,0,0,914,A
1-PB2,1844,0,958,0,0,958,T
1-PB2,1845,964,0,0,0,964,A
1-PB2,1846,964,0,0,0,964,A
1-PB2,1847,0,953,0,0,953,T
1-PB2,1848,950,0,0,0,950,A
1-PB2,1849,946,0,0,0,946,A
1-PB2,1850,941,0,0,0,941,A
1-PB2,1851,0,1,943,0,944,G
1-PB2,1852,0,0,0,943,943,C
1-PB2,1853,0,897,0,0,897,T
1-PB2,1854,0,890,0,1,891,T
1-PB2,1855,0,0,0,911,911,C
1-PB2,1856,0,901,0,0,901,T
1-PB2,1857,1,0,0,924,925,C
1-PB2,1858,1,0,0,914,915,C
1-PB2,1859,0,0,0,928,928,C
1-PB2,1860,0,928,0,0,928,T
1-PB2,1861,0,927,0,0,927,T
1-PB2,1862,0,923,0,0,923,T
1-PB2,1863,0,925,0,2,927,T
1-PB2,1864,0,0,933,0,933,G
1-PB2,1865,1,0,0,927,928,C
1-PB2,1866,920,0,0,0,920,A
1-PB2,1867,0,0,914,0,914,G
1-PB2,1868,0,0,0,915,915,C
1-PB2,1869,0,917,0,0,917,T
1-PB2,1870,0,0,921,0,921,G
1-PB2,1871,0,1,0,912,913,C
1-PB2,1872,0,901,0,0,901,T
1-PB2,1873,0,0,0,914,914,C
1-PB2,1874,0,0,0,925,925,C
1-PB2,1875,915,0,0,0,915,A
1-PB2,1876,0,0,0,930,930,C
1-PB2,1877,0,0,0,937,937,C
1-PB2,1878,932,0,1,0,933,A
1-PB2,1879,928,0,0,0,928,A
1-PB2,1880,931,0,0,0,931,A
1-PB2,1881,0,1,936,0,937,G
1-PB2,1882,1,0,0,936,937,C
1-PB2,1883,916,0,0,0,916,A
1-PB2,1884,919,0,2,0,921,A
1-PB2,1885,917,0,0,0,917,A
1-PB2,1886,0,0,929,0,929,G
1-PB2,1887,0,0,0,934,934,C
1-PB2,1888,931,0,1,0,932,A
1-PB2,1889,0,1,935,0,936,G
1-PB2,1890,932,0,0,0,932,A
1-PB2,1891,946,0,1,0,947,A
1-PB2,1892,0,944,0,0,944,T
1-PB2,1893,0,0,940,0,940,G
1-PB2,1894,0,0,0,943,943,C
1-PB2,1895,927,0,0,0,927,A
1-PB2,1896,0,1,948,0,949,G
1-PB2,1897,0,944,0,3,947,T
1-PB2,1898,0,975,0,0,975,T
1-PB2,1899,0,0,0,978,978,C
1-PB2,1900,0,980,0,0,980,T
1-PB2,1901,1,0,0,986,987,C
1-PB2,1902,0,987,0,0,987,T
1-PB2,1903,0,983,0,0,983,T
1-PB2,1904,2,0,0,985,987,C
1-PB2,1905,973,0,0,0,973,A
1-PB2,1906,0,0,0,982,982,C
1-PB2,1907,0,942,0,0,942,T
1-PB2,1908,0,5,959,0,964,G
1-PB2,1909,959,0,0,0,959,A
1-PB2,1910,5,0,0,982,987,C
1-PB2,1911,0,979,0,1,980,T
1-PB2,1912,1,0,991,0,992,G
1-PB2,1913,0,984,0,0,984,T
1-PB2,1914,1,2,992,0,995,G
1-PB2,1915,988,0,0,0,988,A
1-PB2,1916,989,0,0,0,989,A
1-PB2,1917,0,978,0,1,979,T
1-PB2,1918,0,0,986,0,986,G
1-PB2,1919,0,947,0,0,947,T
1-PB2,1920,0,0,955,0,955,G
1-PB2,1921,940,0,1,0,941,A
1-PB2,1922,0,6,934,0,940,G
1-PB2,1923,0,3,928,0,931,G
1-PB2,1924,1,1,923,0,925,G
1-PB2,1925,1,2,952,0,955,G
1-PB2,1926,952,0,0,0,952,A
1-PB2,1927,0,951,0,0,951,T
1-PB2,1928,2,1,0,952,955,C
1-PB2,1929,955,0,2,0,957,A
1-PB2,1930,0,2,976,0,978,G
1-PB2,1931,0,2,967,0,969,G
1-PB2,1932,0,1,974,0,975,G
1-PB2,1933,967,0,0,0,967,A
1-PB2,1934,0,939,0,0,939,T
1-PB2,1935,0,0,948,0,948,G
1-PB2,1936,941,0,0,0,941,A
1-PB2,1937,0,2,963,0,965,G
1-PB2,1938,965,0,1,0,966,A
1-PB2,1939,951,0,1,0,952,A
1-PB2,1940,0,970,0,0,970,T
1-PB2,1941,948,0,0,0,948,A
1-PB2,1942,1,0,0,970,971,C
1-PB2,1943,0,964,0,1,965,T
1-PB2,1944,0,965,0,1,966,T
1-PB2,1945,1,0,969,0,970,G
1-PB2,1946,0,949,0,0,949,T
1-PB2,1947,948,0,0,0,948,A
1-PB2,1948,941,0,1,0,942,A
1-PB2,1949,0,2,919,0,921,G
1-PB2,1950,1,1,914,0,916,G
1-PB2,1951,0,1,898,0,899,G
1-PB2,1952,0,0,908,0,908,G
1-PB2,1953,0,0,0,918,918,C
1-PB2,1954,921,0,0,0,921,A
1-PB2,1955,942,0,0,0,942,A
1-PB2,1956,0,945,0,0,945,T
1-PB2,1957,0,935,0,0,935,T
1-PB2,1958,2,0,0,952,954,C
1-PB2,1959,0,940,0,1,941,T
1-PB2,1960,2,2,0,952,956,C
1-PB2,1961,1,0,1,957,959,C
1-PB2,1962,0,945,0,3,948,T
1-PB2,1963,0,0,975,0,975,G
1-PB2,1964,0,959,0,0,959,T
1-PB2,1965,960,0,0,1,961,A
1-PB2,1966,0,966,0,1,967,T
1-PB2,1967,0,945,0,0,945,T
1-PB2,1968,2,0,0,948,950,C
1-PB2,1969,944,0,0,0,944,A
1-PB2,1970,951,0,0,0,951,A
1-PB2,1971,0,0,0,951,951,C
1-PB2,1972,0,939,1,0,940,T
1-PB2,1973,931,0,0,0,931,A
1-PB2,1974,0,0,0,970,970,C
1-PB2,1975,964,0,0,0,964,A
1-PB2,1976,962,0,0,0,962,A
1-PB2,1977,0,2,0,955,957,C
1-PB2,1978,958,1,0,0,959,A
1-PB2,1979,951,0,0,0,951,A
1-PB2,1980,0,1,947,0,948,G
1-PB2,1981,945,0,1,0,946,A
1-PB2,1982,1,0,0,953,954,C
1-PB2,1983,1,0,0,920,921,C
1-PB2,1984,929,0,0,0,929,A
1-PB2,1985,1,0,0,953,954,C
1-PB2,1986,0,958,0,0,958,T
1-PB2,1987,956,0,0,0,956,A
1-PB2,1988,955,0,1,0,956,A
1-PB2,1989,946,0,0,0,946,A
1-PB2,1990,953,0,0,0,953,A
1-PB2,1991,1,2,953,0,956,G
1-PB2,1992,945,0,1,0,946,A
1-PB2,1993,1,0,0,947,948,C
1-PB2,1994,0,928,1,1,930,T
1-PB2,1995,931,0,0,0,931,A
1-PB2,1996,928,0,0,0,928,A
1-PB2,1997,0,0,0,925,925,C
1-PB2,1998,927,0,0,0,927,A
1-PB2,1999,920,0,0,0,920,A
1-PB2,2000,0,907,0,0,907,T
1-PB2,2001,0,897,0,0,897,T
1-PB2,2002,3,0,0,904,907,C
1-PB2,2003,0,892,0,0,892,T
1-PB2,2004,2,1,0,909,912,C
1-PB2,2005,0,3,904,0,907,G
1-PB2,2006,0,2,907,0,909,G
1-PB2,2007,905,0,0,0,905,A
1-PB2,2008,902,0,0,0,902,A
1-PB2,2009,902,0,0,0,902,A
1-PB2,2010,904,0,0,0,904,A
1-PB2,2011,0,0,907,0,907,G
1-PB2,2012,908,0,0,0,908,A
1-PB2,2013,0,901,0,0,901,T
1-PB2,2014,0,1,905,0,906,G
1-PB2,2015,0,1,0,891,892,C
1-PB2,2016,1,0,0,895,896,C
1-PB2,2017,0,2,899,0,901,G
1-PB2,2018,1,0,902,0,903,G
1-PB2,2019,0,1,0,899,900,C
1-PB2,2020,899,0,0,0,899,A
1-PB2,2021,1,0,0,960,961,C
1-PB2,2022,0,955,0,1,956,T
1-PB2,2023,0,954,0,0,954,T
1-PB2,2024,0,964,0,0,964,T
1-PB2,2025,963,1,0,0,964,A
1-PB2,2026,959,0,0,0,959,A
1-PB2,2027,0,962,0,0,962,T
1-PB2,2028,913,0,0,0,913,A
1-PB2,2029,0,0,922,0,922,G
1-PB2,2030,917,0,0,0,917,A
1-PB2,2031,916,0,1,0,917,A
1-PB2,2032,0,1,912,0,913,G
1-PB2,2033,918,0,0,0,918,A
1-PB2,2034,0,0,0,931,931,C
1-PB2,2035,0,0,0,915,915,C
1-PB2,2036,3,0,0,919,922,C
1-PB2,2037,919,0,2,0,921,A
1-PB2,2038,0,0,933,0,933,G
1-PB2,2039,938,0,0,0,938,A
1-PB2,2040,1,935,0,0,936,T
1-PB2,2041,1,3,920,0,924,G
1-PB2,2042,913,0,0,0,913,A
1-PB2,2043,905,0,1,0,906,A
1-PB2,2044,914,0,1,0,915,A
1-PB2,2045,0,0,908,0,908,G
1-PB2,2046,0,0,0,909,909,C
1-PB2,2047,896,0,0,0,896,A
1-PB2,2048,0,0,0,910,910,C
1-PB2,2049,912,0,0,0,912,A
1-PB2,2050,0,895,0,0,895,T
1-PB2,2051,0,0,0,910,910,C
1-PB2,2052,0,0,0,915,915,C
1-PB2,2053,0,0,910,0,910,G
1-PB2,2054,0,1,916,0,917,G
1-PB2,2055,911,0,0,0,911,A
1-PB2,2056,2,0,917,0,919,G
1-PB2,2057,0,890,0,0,890,T
1-PB2,2058,1,1,893,0,895,G
1-PB2,2059,0,1,897,0,898,G
1-PB2,2060,881,0,1,0,882,A
1-PB2,2061,0,0,886,0,886,G
1-PB2,2062,0,864,0,0,864,T
1-PB2,2063,1,0,0,868,869,C
1-PB2,2064,1,0,0,869,870,C
1-PB2,2065,0,1,873,0,874,G
1-PB2,2066,0,1,0,868,869,C
1-PB2,2067,1,0,0,868,869,C
1-PB2,2068,0,0,876,0,876,G
1-PB2,2069,0,868,0,1,869,T
1-PB2,2070,1,0,0,879,880,C
1-PB2,2071,0,880,0,0,880,T
1-PB2,2072,0,884,0,1,885,T
1-PB2,2073,0,3,887,0,890,G
1-PB2,2074,886,0,0,0,886,A
1-PB2,2075,0,1,888,0,889,G
1-PB2,2076,878,0,0,0,878,A
1-PB2,2077,0,1,859,0,860,G
1-PB2,2078,0,1,851,0,852,G
1-PB2,2079,1,0,849,0,850,G
1-PB2,2080,0,841,0,3,844,T
1-PB2,2081,0,848,0,1,849,T
1-PB2,2082,0,857,0,1,858,T
1-PB2,2083,3,0,0,852,855,C
1-PB2,2084,0,856,0,0,856,T
1-PB2,2085,2,0,0,891,893,C
1-PB2,2086,886,0,0,0,886,A
1-PB2,2087,0,881,0,0,881,T
1-PB2,2088,0,883,0,0,883,T
1-PB2,2089,878,0,1,0,879,A
1-PB2,2090,1,881,0,0,882,T
1-PB2,2091,877,0,0,0,877,A
1-PB2,2092,0,2,878,0,880,G
1-PB2,2093,1,1,881,1,884,G
1-PB2,2094,0,831,0,0,831,T
1-PB2,2095,835,0,0,0,835,A
1-PB2,2096,828,0,1,0,829,A
1-PB2,2097,0,0,828,0,828,G
1-PB2,2098,0,1,826,0,827,G
1-PB2,2099,830,0,0,0,830,A
1-PB2,2100,812,0,0,0,812,A
1-PB2,2101,0,1,813,0,814,G
1-PB2,2102,797,0,0,0,797,A
1-PB2,2103,0,0,0,803,803,C
1-PB2,2104,801,0,0,0,801,A
1-PB2,2105,5,1,799,0,805,G
1-PB2,2106,798,0,0,0,798,A
1-PB2,2107,787,1,0,0,788,A
1-PB2,2108,0,0,793,0,793,G
1-PB2,2109,791,0,0,0,791,A
1-PB2,2110,0,782,0,0,782,T
1-PB2,2111,779,0,0,0,779,A
1-PB2,2112,0,0,0,783,783,C
1-PB2,2113,1,0,763,0,764,G
1-PB2,2114,0,3,774,0,777,G
1-PB2,2115,775,0,0,0,775,A
1-PB2,2116,0,0,0,773,773,C
1-PB2,2117,0,0,0,772,772,C
1-PB2,2118,755,0,0,0,755,A
1-PB2,2119,0,0,780,0,780,G
1-PB2,2120,0,0,0,779,779,C
1-PB2,2121,778,0,0,0,778,A
1-PB2,2122,0,783,0,0,783,T
1-PB2,2123,0,750,0,0,750,T
1-PB2,2124,751,0,0,0,751,A
1-PB2,2125,747,0,1,0,748,A
1-PB2,2126,0,1,749,0,750,G
1-PB2,2127,0,0,0,745,745,C
1-PB2,2128,710,0,0,0,710,A
1-PB2,2129,0,726,0,1,727,T
1-PB2,2130,1,0,0,731,732,C
1-PB2,2131,731,0,0,0,731,A
1-PB2,2132,733,0,0,0,733,A
1-PB2,2133,0,728,0,1,729,T
1-PB2,2134,0,3,735,0,738,G
1-PB2,2135,727,1,0,0,728,A
1-PB2,2136,724,0,0,0,724,A
1-PB2,2137,0,0,0,731,731,C
1-PB2,2138,0,679,0,0,679,T
1-PB2,2139,0,2,702,0,704,G
1-PB2,2140,699,0,0,0,699,A
1-PB2,2141,1,0,701,0,702,G
1-PB2,2142,0,696,0,0,696,T
1-PB2,2143,697,0,0,0,697,A
1-PB2,2144,688,0,0,0,688,A
1-PB2,2145,1,0,0,687,688,C
1-PB2,2146,3,0,0,663,666,C
1-PB2,2147,0,670,0,0,670,T
1-PB2,2148,0,637,0,1,638,T
1-PB2,2149,0,1,640,0,641,G
1-PB2,2150,0,0,0,635,635,C
1-PB2,2151,635,0,0,0,635,A
1-PB2,2152,637,0,1,0,638,A
1-PB2,2153,638,0,0,0,638,A
1-PB2,2154,629,0,0,0,629,A
1-PB2,2155,0,0,627,0,627,G
1-PB2,2156,0,0,628,1,629,G
1-PB2,2157,0,0,623,0,623,G
1-PB2,2158,0,1,623,0,624,G
1-PB2,2159,629,0,0,0,629,A
1-PB2,2160,633,0,0,0,633,A
1-PB2,2161,629,0,0,0,629,A
1-PB2,2162,628,0,1,0,629,A
1-PB2,2163,1,0,630,0,631,G
1-PB2,2164,0,0,629,0,629,G
1-PB2,2165,0,0,0,634,634,C
1-PB2,2166,0,639,0,0,639,T
1-PB2,2167,636,0,0,0,636,A
1-PB2,2168,631,1,1,0,633,A
1-PB2,2169,0,632,0,0,632,T
1-PB2,2170,0,0,645,0,645,G
1-PB2,2171,0,624,0,0,624,T
1-PB2,2172,0,0,612,1,613,G
1-PB2,2173,0,0,0,611,611,C
1-PB2,2174,0,600,0,0,600,T
1-PB2,2175,604,0,0,0,604,A
1-PB2,2176,603,0,0,0,603,A
1-PB2,2177,0,600,0,0,600,T
1-PB2,2178,1,0,0,604,605,C
1-PB2,2179,0,1,580,0,581,G
1-PB2,2180,0,0,581,0,581,G
1-PB2,2181,2,0,574,0,576,G
1-PB2,2182,0,0,0,581,581,C
1-PB2,2183,584,0,0,0,584,A
1-PB2,2184,579,0,0,0,579,A
1-PB2,2185,0,1,575,0,576,G
1-PB2,2186,1,0,579,0,580,G
1-PB2,2187,580,0,0,0,580,A
1-PB2,2188,0,1,575,0,576,G
1-PB2,2189,555,0,0,0,555,A
1-PB2,2190,1,0,0,563,564,C
1-PB2,2191,1,0,562,0,563,G
1-PB2,2192,0,560,0,0,560,T
1-PB2,2193,2,1,557,0,560,G
1-PB2,2194,0,0,567,0,567,G
1-PB2,2195,0,556,0,0,556,T
1-PB2,2196,0,0,556,0,556,G
1-PB2,2197,0,542,1,0,543,T
1-PB2,2198,0,543,0,0,543,T
1-PB2,2199,0,2,537,0,539,G
1-PB2,2200,0,0,539,0,539,G
1-PB2,2201,0,538,0,0,538,T
1-PB2,2202,529,0,0,0,529,A
1-PB2,2203,510,0,1,0,511,A
1-PB2,2204,0,498,0,0,498,T
1-PB2,2205,0,1,492,0,493,G
1-PB2,2206,491,0,0,0,491,A
1-PB2,2207,491,0,0,0,491,A
1-PB2,2208,487,0,0,0,487,A
1-PB2,2209,0,1,0,485,486,C
1-PB2,2210,0,0,487,0,487,G
1-PB2,2211,485,0,0,0,485,A
1-PB2,2212,486,0,0,0,486,A
1-PB2,2213,485,0,0,0,485,A
1-PB2,2214,476,0,0,0,476,A
1-PB2,2215,0,1,0,484,485,C
1-PB2,2216,0,0,484,0,484,G
1-PB2,2217,0,2,474,0,476,G
1-PB2,2218,0,2,481,0,483,G
1-PB2,2219,482,0,0,0,482,A
1-PB2,2220,0,0,0,479,479,C
1-PB2,2221,0,467,0,2,469,T
1-PB2,2222,1,0,0,482,483,C
1-PB2,2223,0,483,0,0,483,T
1-PB2,2224,483,0,0,0,483,A
1-PB2,2225,0,0,484,0,484,G
1-PB2,2226,1,0,0,477,478,C
1-PB2,2227,477,0,0,0,477,A
1-PB2,2228,0,470,0,0,470,T
1-PB2,2229,449,0,0,0,449,A
1-PB2,2230,0,0,0,449,449,C
1-PB2,2231,0,386,0,1,387,T
1-PB2,2232,0,380,0,0,380,T
1-PB2,2233,376,0,0,0,376,A
1-PB2,2234,0,0,1,376,377,C
1-PB2,2235,0,372,0,0,372,T
1-PB2,2236,0,2,368,0,370,G
1-PB2,2237,354,0,0,0,354,A
1-PB2,2238,0,0,0,359,359,C
1-PB2,2239,320,0,1,0,321,A
1-PB2,2240,0,0,327,0,327,G
1-PB2,2241,0,0,0,318,318,C
1-PB2,2242,0,1,0,320,321,C
1-PB2,2243,318,0,0,0,318,A
1-PB2,2244,0,1,320,0,321,G
1-PB2,2245,318,0,0,0,318,A
1-PB2,2246,0,0,0,315,315,C
1-PB2,2247,290,0,0,0,290,A
1-PB2,2248,0,0,290,0,290,G
1-PB2,2249,0,1,0,275,276,C
1-PB2,2250,0,1,278,0,279,G
1-PB2,2251,279,0,0,0,279,A
1-PB2,2252,0,0,0,276,276,C
1-PB2,2253,1,1,0,273,275,C
1-PB2,2254,278,0,0,0,278,A
1-PB2,2255,277,0,0,0,277,A
1-PB2,2256,275,0,0,0,275,A
1-PB2,2257,278,0,0,0,278,A
1-PB2,2258,0,1,274,0,275,G
1-PB2,2259,269,0,0,0,269,A
1-PB2,2260,264,0,0,0,264,A
1-PB2,2261,0,260,0,0,260,T
1-PB2,2262,0,258,0,0,258,T
1-PB2,2263,0,0,0,267,267,C
1-PB2,2264,0,0,257,0,257,G
1-PB2,2265,0,1,257,0,258,G
1-PB2,2266,262,0,0,0,262,A
1-PB2,2267,0,250,0,0,250,T
1-PB2,2268,0,0,252,0,252,G
1-PB2,2269,0,0,249,0,249,G
1-PB2,2270,0,0,0,246,246,C
1-PB2,2271,1,0,0,249,250,C
1-PB2,2272,249,0,0,0,249,A
1-PB2,2273,0,250,0,0,250,T
1-PB2,2274,1,0,0,246,247,C
1-PB2,2275,250,0,0,0,250,A
1-PB2,2276,250,0,0,0,250,A
1-PB2,2277,0,246,0,0,246,T
1-PB2,2278,0,222,0,0,222,T
1-PB2,2279,216,0,0,0,216,A
1-PB2,2280,213,0,0,0,213,A
2-PB1,1,241,0,0,0,241,A
2-PB1,2,0,242,0,0,242,T
2-PB1,3,0,0,247,0,247,G
2-PB1,4,0,0,262,0,262,G
2-PB1,5,293,0,1,0,294,A
2-PB1,6,0,325,0,0,325,T
2-PB1,7,0,0,326,0,326,G
2-PB1,8,0,324,0,1,325,T
2-PB1,9,1,2,0,345,348,C
2-PB1,10,355,0,0,0,355,A
2-PB1,11,370,0,0,0,370,A
2-PB1,12,0,371,0,0,371,T
2-PB1,13,0,0,0,373,373,C
2-PB1,14,0,0,0,405,405,C
2-PB1,15,0,2,411,0,413,G
2-PB1,16,454,0,0,0,454,A
2-PB1,17,0,0,0,461,461,C
2-PB1,18,0,458,0,0,458,T
2-PB1,19,0,0,0,537,537,C
2-PB1,20,0,536,0,0,536,T
2-PB1,21,538,0,0,0,538,A
2-PB1,22,1,0,0,540,541,C
2-PB1,23,0,544,0,0,544,T
2-PB1,24,0,1,610,0,611,G
2-PB1,25,0,622,0,0,622,T
2-PB1,26,0,624,0,0,624,T
2-PB1,27,1,0,0,620,621,C
2-PB1,28,0,0,0,625,625,C
2-PB1,29,0,717,0,0,717,T
2-PB1,30,727,0,0,0,727,A
2-PB1,31,729,0,1,0,730,A
2-PB1,32,731,0,0,0,731,A
2-PB1,33,0,1,733,0,734,G
2-PB1,34,0,0,743,0,743,G
2-PB1,35,0,741,0,0,741,T
2-PB1,36,0,754,0,0,754,T
2-PB1,37,1,0,0,745,746,C
2-PB1,38,1,1,0,749,751,C
2-PB1,39,756,0,0,0,756,A
2-PB1,40,0,1,762,0,763,G
2-PB1,41,0,0,0,766,766,C
2-PB1,42,0,1,765,0,766,G
2-PB1,43,0,0,0,770,770,C
2-PB1,44,776,0,0,0,776,A
2-PB1,45,776,0,0,0,776,A
2-PB1,46,774,0,0,0,774,A
2-PB1,47,785,0,0,0,785,A
2-PB1,48,0,788,0,0,788,T
2-PB1,49,1,0,825,0,826,G
2-PB1,50,0,0,0,831,831,C
2-PB1,51,1,0,0,837,838,C
2-PB1,52,839,0,1,0,840,A
2-PB1,53,0,843,0,0,843,T
2-PB1,54,898,0,0,0,898,A
2-PB1,55,902,1,0,0,903,A
2-PB1,56,0,0,942,0,942,G
2-PB1,57,0,1,0,938,939,C
2-PB1,58,943,0,0,0,943,A
2-PB1,59,1,4,0,972,977,C
2-PB1,60,980,0,0,0,980,A
2-PB1,61,1027,0,0,0,1027,A
2-PB1,62,0,0,0,1033,1033,C
2-PB1,63,1032,0,0,0,1032,A
2-PB1,64,0,1047,0,0,1047,T
2-PB1,65,0,1046,0,0,1046,T
2-PB1,66,1,0,0,1279,1280,C
2-PB1,67,3,0,0,1278,1281,C
2-PB1,68,1,0,0,1292,1293,C
2-PB1,69,0,1305,0,0,1305,T
2-PB1,70,0,1308,0,0,1308,T
2-PB1,71,1428,0,0,0,1428,A
2-PB1,72,0,1440,0,1,1441,T
2-PB1,73,1446,0,1,0,1447,A
2-PB1,74,0,0,0,1470,1470,C
2-PB1,75,0,1444,0,4,1448,T
2-PB1,76,0,1,1469,0,1470,G
2-PB1,77,1,2,1452,0,1455,G
2-PB1,78,1458,0,1,0,1459,A
2-PB1,79,0,8,1457,0,1465,G
2-PB1,80,1448,0,0,0,1448,A
2-PB1,81,0,1465,0,0,1465,T
2-PB1,82,1,0,0,1548,1549,C
2-PB1,83,0,0,0,1561,1561,C
2-PB1,84,0,1576,0,1,1577,T
2-PB1,85,0,0,0,1680,1680,C
2-PB1,86,1,0,0,1664,1665,C
2-PB1,87,1684,0,0,0,1684,A
2-PB1,88,0,1691,0,0,1691,T
2-PB1,89,1686,1,1,0,1688,A
2-PB1,90,0,3,1,1695,1699,C
2-PB1,91,1680,0,1,0,1681,A
2-PB1,92,0,1,1765,0,1766,G
2-PB1,93,0,0,0,1770,1770,C
2-PB1,94,0,0,0,1764,1764,C
2-PB1,95,1770,0,2,0,1772,A
2-PB1,96,0,1785,0,0,1785,T
2-PB1,97,0,4,1777,0,1781,G
2-PB1,98,0,4,1873,0,1877,G
2-PB1,99,1893,0,0,0,1893,A
2-PB1,100,1905,0,0,0,1905,A
2-PB1,101,0,1,0,1908,1909,C
2-PB1,102,1903,0,0,0,1903,A
2-PB1,103,0,2,1940,0,1942,G
2-PB1,104,2,10,1945,0,1957,G
2-PB1,105,1951,0,2,0,1953,A
2-PB1,106,1975,0,0,0,1975,A
2-PB1,107,1,0,0,1993,1994,C
2-PB1,108,1981,0,0,0,1981,A
2-PB1,109,5,1,2186,0,2192,G
2-PB1,110,0,7,2169,0,2176,G
2-PB1,111,0,0,2221,0,2221,G
2-PB1,112,0,2200,0,0,2200,T
2-PB1,113,2224,0,5,0,2229,A
2-PB1,114,0,1,1,2246,2248,C
2-PB1,115,2334,0,1,0,2335,A
2-PB1,116,0,0,0,2429,2429,C
2-PB1,117,2,0,0,2414,2416,C
2-PB1,118,2361,0,1,0,2362,A
2-PB1,119,0,2353,0,2,2355,T
2-PB1,120,10,2,2371,0,2383,G
2-PB1,121,0,8,2377,0,2385,G
2-PB1,122,2386,1,1,0,2388,A
2-PB1,123,0,0,0,2402,2402,C
2-PB1,124,2379,0,0,0,2379,A
2-PB1,125,0,1,0,2426,2427,C
2-PB1,126,2442,0,0,0,2442,A
2-PB1,127,1,1,2485,1,2488,G
2-PB1,128,0,2476,0,1,2477,T
2-PB1,129,8,0,0,2531,2539,C
2-PB1,130,2545,0,0,0,2545,A
2-PB1,131,2560,2,1,0,2563,A
2-PB1,132,0,0,0,2568,2568,C
2-PB1,133,2578,0,0,0,2578,A
2-PB1,134,1,7,2594,0,2602,G
2-PB1,135,2572,0,1,0,2573,A
2-PB1,136,2579,0,2,0,2581,A
2-PB1,137,1,1,0,2575,2577,C
2-PB1,138,2544,0,1,0,2545,A
2-PB1,139,2,1,0,2609,2612,C
2-PB1,140,2610,0,0,1,2611,A
2-PB1,141,2,0,0,2700,2702,C
2-PB1,142,4,0,0,2699,2703,C
2-PB1,143,2709,0,0,0,2709,A
2-PB1,144,2709,1,0,0,2710,A
2-PB1,145,0,2765,0,0,2765,T
2-PB1,146,2853,0,1,4,2858,A
2-PB1,147,0,2857,0,0,2857,T
2-PB1,148,1,2830,0,0,2831,T
2-PB1,149,5,3,0,2831,2839,C
2-PB1,150,2794,0,1,0,2795,A
2-PB1,151,0,4,2794,0,2798,G
2-PB1,152,2766,1,1,0,2768,A
2-PB1,153,0,3,2779,0,2782,G
2-PB1,154,2718,0,0,0,2718,A
2-PB1,155,2,2,2695,0,2699,G
2-PB1,156,0,3,2680,0,2683,G
2-PB1,157,1,4,2728,0,2733,G
2-PB1,158,0,1,2747,0,2748,G
2-PB1,159,0,10,2758,0,2768,G
2-PB1,160,2761,0,1,0,2762,A
2-PB1,161,2782,0,2,0,2784,A
2-PB1,162,0,0,2820,0,2820,G
2-PB1,163,1,2745,0,2,2748,T
2-PB1,164,2,4,2758,0,2764,G
2-PB1,165,4,3,2734,0,2741,G
2-PB1,166,2758,0,5,1,2764,A
2-PB1,167,1,3,0,2782,2786,C
2-PB1,168,0,10,2771,1,2782,G
2-PB1,169,2790,0,0,0,2790,A
2-PB1,170,1,0,0,2823,2824,C
2-PB1,171,2827,0,0,0,2827,A
2-PB1,172,2825,0,0,0,2825,A
2-PB1,173,2825,0,2,0,2827,A
2-PB1,174,0,2853,0,1,2854,T
2-PB1,175,2877,0,0,0,2877,A
2-PB1,176,0,0,0,2878,2878,C
2-PB1,177,2843,0,0,0,2843,A
2-PB1,178,0,4,2846,1,2851,G
2-PB1,179,2831,0,1,0,2832,A
2-PB1,180,2850,1,0,0,2851,A
2-PB1,181,2851,0,0,0,2851,A
2-PB1,182,0,0,0,2854,2854,C
2-PB1,183,0,2797,0,0,2797,T
2-PB1,184,0,7,2792,0,2799,G
2-PB1,185,0,3,2762,0,2765,G
2-PB1,186,2,3,2738,0,2743,G
2-PB1,187,2,2,2751,0,2755,G
2-PB1,188,0,1,3,2775,2779,C
2-PB1,189,2798,0,1,0,2799,A
2-PB1,190,0,2,0,2882,2884,C
2-PB1,191,5,1,0,2875,2881,C
2-PB1,192,3,0,0,2880,2883,C
2-PB1,193,3,0,2,2897,2902,C
2-PB1,194,2912,0,0,0,2912,A
2-PB1,195,2940,0,0,0,2940,A
2-PB1,196,0,0,0,2935,2935,C
2-PB1,197,0,2917,0,0,2917,T
2-PB1,198,3,0,0,2932,2935,C
2-PB1,199,2847,0,1,0,2848,A
2-PB1,200,2891,0,0,0,2891,A
2-PB1,201,0,0,0,2898,2898,C
2-PB1,202,4,1,0,2883,2888,C
2-PB1,203,9,0,0,2881,2890,C
2-PB1,204,2887,0,0,0,2887,A
2-PB1,205,2900,1,1,0,2902,A
2-PB1,206,0,2896,0,0,2896,T
2-PB1,207,0,2898,0,6,2904,T
2-PB1,208,0,1,2920,0,2921,G
2-PB1,209,2893,0,1,0,2894,A
2-PB1,210,0,2878,0,0,2878,T
2-PB1,211,1,7,2874,0,2882,G
2-PB1,212,0,9,2892,0,2901,G
2-PB1,213,2948,0,1,0,2949,A
2-PB1,214,1,0,1,2958,2960,C
2-PB1,215,6,0,0,2972,2978,C
2-PB1,216,2955,0,4,0,2959,A
2-PB1,217,1,3,0,3021,3025,C
2-PB1,218,0,3022,0,1,3023,T
2-PB1,219,3050,4,3,0,3057,A
2-PB1,220,0,0,0,3092,3092,C
2-PB1,221,4,1,0,3056,3061,C
2-PB1,222,0,3012,0,2,3014,T
2-PB1,223,0,1,3030,0,3031,G
2-PB1,224,3010,0,2,0,3012,A
2-PB1,225,2,4,3053,0,3059,G
2-PB1,226,2,1,3033,0,3036,G
2-PB1,227,3034,0,1,0,3035,A
2-PB1,228,0,2997,0,0,2997,T
2-PB1,229,2973,0,0,0,2973,A
2-PB1,230,2967,0,6,1,2974,A
2-PB1,231,1,2976,0,0,2977,T
2-PB1,232,0,9,2962,1,2972,G
2-PB1,233,2953,2,7,0,2962,A
2-PB1,234,2959,0,1,0,2960,A
2-PB1,235,0,0,0,2984,2984,C
2-PB1,236,7,0,0,2940,2947,C
2-PB1,237,2956,0,0,0,2956,A
2-PB1,238,2937,0,0,1,2938,A
2-PB1,239,1,0,2965,0,2966,G
2-PB1,240,0,2927,0,0,2927,T
2-PB1,241,3,4,2959,0,2966,G
2-PB1,242,2,6,2987,0,2995,G
2-PB1,243,2992,2,2,0,2996,A
2-PB1,244,0,2999,0,0,2999,T
2-PB1,245,3011,0,0,0,3011,A
2-PB1,246,0,3046,0,0,3046,T
2-PB1,247,1,1,3056,1,3059,G
2-PB1,248,1,0,0,3043,3044,C
2-PB1,249,3045,0,0,0,3045,A
2-PB1,250,1,0,0,3129,3130,C
2-PB1,251,3066,0,0,0,3066,A
2-PB1,252,3110,0,0,0,3110,A
2-PB1,253,3103,0,0,0,3103,A
2-PB1,254,1,1,0,3119,3121,C
2-PB1,255,3059,0,1,0,3060,A
2-PB1,256,0,6,3061,0,3067,G
2-PB1,257,3065,1,1,0,3067,A
2-PB1,258,0,0,0,3091,3091,C
2-PB1,259,0,2998,0,1,2999,T
2-PB1,260,1,0,3061,0,3062,G
2-PB1,261,0,3006,0,0,3006,T
2-PB1,262,2,0,3134,0,3136,G
2-PB1,263,0,3119,0,4,3123,T
2-PB1,264,9,0,0,3120,3129,C
2-PB1,265,6,0,0,3122,3128,C
2-PB1,266,1,3116,0,7,3124,T
2-PB1,267,0,0,3121,0,3121,G
2-PB1,268,0,2,3106,0,3108,G
2-PB1,269,3050,1,2,0,3053,A
2-PB1,270,0,5,3113,0,3118,G
2-PB1,271,0,2,3018,0,3020,G
2-PB1,272,2,0,0,3023,3025,C
2-PB1,273,0,3008,0,3,3011,T
2-PB1,274,3012,0,2,0,3014,A
2-PB1,275,0,2999,0,2,3001,T
2-PB1,276,1,4,3012,1,3018,G
2-PB1,277,2,2,2990,0,2994,G
2-PB1,278,1,0,0,2982,2983,C
2-PB1,279,2,0,0,2959,2961,C
2-PB1,280,1,2929,0,1,2931,T
2-PB1,281,0,3076,0,0,3076,T
2-PB1,282,7,0,0,3068,3075,C
2-PB1,283,3,0,0,3082,3085,C
2-PB1,284,0,3096,0,0,3096,T
2-PB1,285,0,3080,0,2,3082,T
2-PB1,286,0,7,3074,0,3081,G
2-PB1,287,3070,0,0,0,3070,A
2-PB1,288,3082,0,0,0,3082,A
2-PB1,289,1,6,3072,0,3079,G
2-PB1,290,2957,0,0,0,2957,A
2-PB1,291,2982,0,0,0,2982,A
2-PB1,292,0,2964,0,0,2964,T
2-PB1,293,7,2,0,2979,2988,C
2-PB1,294,3,1,0,2947,2951,C
2-PB1,295,5,2,0,2947,2954,C
2-PB1,296,2929,0,2,0,2931,A
2-PB1,297,0,0,0,2985,2985,C
2-PB1,298,4,0,0,2973,2977,C
2-PB1,299,4,1,0,2990,2995,C
2-PB1,300,2957,0,1,0,2958,A
2-PB1,301,0,2,2985,0,2987,G
2-PB1,302,0,0,2980,0,2980,G
2-PB1,303,0,2907,0,0,2907,T
2-PB1,304,3014,0,0,0,3014,A
2-PB1,305,0,2991,0,0,2991,T
2-PB1,306,3,0,0,2993,2996,C
2-PB1,307,1,2975,0,3,2979,T
2-PB1,308,0,2978,0,0,2978,T
2-PB1,309,0,2973,1,1,2975,T
2-PB1,310,0,5,2956,0,2961,G
2-PB1,311,2930,0,0,0,2930,A
2-PB1,312,2,4,2934,0,2940,G
2-PB1,313,2914,0,1,0,2915,A
2-PB1,314,2928,0,0,0,2928,A
2-PB1,315,1,0,1,2942,2944,C
2-PB1,316,0,2885,0,2,2887,T
2-PB1,317,10,2,0,2907,2919,C
2-PB1,318,2916,0,0,0,2916,A
2-PB1,319,0,2892,0,2,2894,T
2-PB1,320,0,3,2911,0,2914,G
2-PB1,321,0,2,1,2958,2961,C
2-PB1,322,6,0,0,2967,2973,C
2-PB1,323,0,2957,1,4,2962,T
2-PB1,324,0,2941,0,2,2943,T
2-PB1,325,0,4,2953,0,2957,G
2-PB1,326,2955,0,1,0,2956,A
2-PB1,327,2974,1,0,0,2975,A
2-PB1,328,2979,1,1,0,2981,A
2-PB1,329,0,0,0,3017,3017,C
2-PB1,330,2935,0,1,0,2936,A
2-PB1,331,2958,0,0,0,2958,A
2-PB1,332,0,2954,0,0,2954,T
2-PB1,333,1,2,2947,0,2950,G
2-PB1,334,1,2,2940,0,2943,G
2-PB1,335,2893,0,2,0,2895,A
2-PB1,336,2902,0,2,0,2904,A
2-PB1,337,3,1,2892,0,2896,G
2-PB1,338,3,0,0,2896,2899,C
2-PB1,339,5,0,0,2897,2902,C
2-PB1,340,2,1,2910,0,2913,G
2-PB1,341,0,2894,0,1,2895,T
2-PB1,342,0,2899,0,0,2899,T
2-PB1,343,9,0,0,2934,2943,C
2-PB1,344,2954,0,2,0,2956,A
2-PB1,345,2973,0,4,0,2977,A
2-PB1,346,0,0,0,2987,2987,C
2-PB1,347,2992,0,1,0,2993,A
2-PB1,348,0,3,2989,0,2992,G
2-PB1,349,2969,0,1,0,2970,A
2-PB1,350,1,0,0,2973,2974,C
2-PB1,351,2981,0,0,0,2981,A
2-PB1,352,2980,1,0,0,2981,A
2-PB1,353,0,6,2999,0,3005,G
2-PB1,354,0,2,2948,0,2950,G
2-PB1,355,0,2,2962,0,2964,G
2-PB1,356,1,2813,0,1,2815,T
2-PB1,357,1,2,2875,0,2878,G
2-PB1,358,0,4,2879,0,2883,G
2-PB1,359,2889,2,6,0,2897,A
2-PB1,360,1,0,0,2930,2931,C
2-PB1,361,2893,1,0,0,2894,A
2-PB1,362,2921,0,3,0,2924,A
2-PB1,363,2915,0,0,0,2915,A
2-PB1,364,0,0,0,2918,2918,C
2-PB1,365,0,2900,0,1,2901,T
2-PB1,366,2919,1,0,0,2920,A
2-PB1,367,2890,0,1,0,2891,A
2-PB1,368,1,0,0,2920,2921,C
2-PB1,369,4,0,0,2922,2926,C
2-PB1,370,1,0,0,2939,2940,C
2-PB1,371,2854,0,1,1,2856,A
2-PB1,372,2831,0,1,0,2832,A
2-PB1,373,1,6,2836,0,2843,G
2-PB1,374,0,0,2860,0,2860,G
2-PB1,375,0,2772,0,3,2775,T
2-PB1,376,8,1,4,2835,2848,C
2-PB1,377,7,1,2834,0,2842,G
2-PB1,378,0,0,0,2834,2834,C
2-PB1,379,4,1,0,2862,2867,C
2-PB1,380,2851,0,0,0,2851,A
2-PB1,381,3,6,2901,0,2910,G
2-PB1,382,2930,2,1,0,2933,A
2-PB1,383,0,0,0,2965,2965,C
2-PB1,384,0,2936,0,0,2936,T
2-PB1,385,0,2946,0,0,2946,T
2-PB1,386,2943,0,0,0,2943,A
2-PB1,387,0,2964,0,1,2965,T
2-PB1,388,0,8,2960,0,2968,G
2-PB1,389,2954,0,0,0,2954,A
2-PB1,390,0,2915,0,1,2916,T
2-PB1,391,0,2830,0,0,2830,T
2-PB1,392,0,6,2818,0,2824,G
2-PB1,393,0,4,2801,0,2805,G
2-PB1,394,2853,0,1,0,2854,A
2-PB1,395,0,0,0,2864,2864,C
2-PB1,396,2831,0,0,0,2831,A
2-PB1,397,0,2810,0,0,2810,T
2-PB1,398,0,2840,0,0,2840,T
2-PB1,399,2852,0,1,0,2853,A
2-PB1,400,2841,0,0,0,2841,A
2-PB1,401,2856,0,1,0,2857,A
2-PB1,402,0,1,0,2851,2852,C
2-PB1,403,2800,0,1,0,2801,A
2-PB1,404,0,5,2820,0,2825,G
2-PB1,405,2819,1,0,0,2820,A
2-PB1,406,2824,0,0,0,2824,A
2-PB1,407,2823,0,1,0,2824,A
2-PB1,408,0,2749,0,2,2751,T
2-PB1,409,5,0,0,2786,2791,C
2-PB1,410,2799,0,0,0,2799,A
2-PB1,411,2796,0,1,0,2797,A
2-PB1,412,0,1,0,2799,2800,C
2-PB1,413,2,3,0,2766,2771,C
2-PB1,414,3,3,2755,0,2761,G
2-PB1,415,0,0,2743,0,2743,G
2-PB1,416,0,0,1,2787,2788,C
2-PB1,417,2774,0,2,1,2777,A
2-PB1,418,0,0,2782,0,2782,G
2-PB1,419,1,1,0,2803,2805,C
2-PB1,420,2804,1,1,0,2806,A
2-PB1,421,2807,0,2,0,2809,A
2-PB1,422,1,0,0,2817,2818,C
2-PB1,423,0,2777,1,1,2779,T
2-PB1,424,0,1,2911,0,2912,G
2-PB1,425,0,1,0,2909,2910,C
2-PB1,426,2901,3,0,0,2904,A
2-PB1,427,0,2898,0,1,2899,T
2-PB1,428,0,2895,0,0,2895,T
2-PB1,429,2990,3,0,0,2993,A
2-PB1,430,0,1,2961,0,2962,G
2-PB1,431,0,0,0,2913,2913,C
2-PB1,432,2,1,0,2957,2960,C
2-PB1,433,2861,0,1,0,2862,A
2-PB1,434,2882,0,1,0,2883,A
2-PB1,435,0,0,0,2890,2890,C
2-PB1,436,2885,1,2,2,2890,A
2-PB1,437,2,0,0,2953,2955,C
2-PB1,438,5,7,0,2794,2806,C
2-PB1,439,2799,0,0,0,2799,A
2-PB1,440,2,2798,0,0,2800,T
2-PB1,441,2829,0,0,0,2829,A
2-PB1,442,0,7,2812,0,2819,G
2-PB1,443,2786,1,0,0,2787,A
2-PB1,444,2751,0,0,0,2751,A
2-PB1,445,0,0,2766,0,2766,G
2-PB1,446,0,2677,1,0,2678,T
2-PB1,447,1,2668,1,0,2670,T
2-PB1,448,0,2700,1,0,2701,T
2-PB1,449,0,2701,0,0,2701,T
2-PB1,450,0,2722,1,0,2723,T
2-PB1,451,2703,0,0,0,2703,A
2-PB1,452,0,3,2697,0,2700,G
2-PB1,453,2697,0,0,0,2697,A
2-PB1,454,1,2655,1,0,2657,T
2-PB1,455,4,2,0,2641,2647,C
2-PB1,456,0,10,2629,0,2639,G
2-PB1,457,2608,0,1,0,2609,A
2-PB1,458,2631,0,0,0,2631,A
2-PB1,459,0,2,0,2661,2663,C
2-PB1,460,3,4,2642,0,2649,G
2-PB1,461,1,6,2754,0,2761,G
2-PB1,462,2757,0,0,0,2757,A
2-PB1,463,0,2755,0,0,2755,T
2-PB1,464,0,2777,0,0,2777,T
2-PB1,465,2773,0,5,0,2778,A
2-PB1,466,2769,0,1,0,2770,A
2-PB1,467,1,1,0,2786,2788,C
2-PB1,468,2768,0,1,0,2769,A
2-PB1,469,2,0,2782,0,2784,G
2-PB1,470,0,0,0,2673,2673,C
2-PB1,471,0,2687,0,0,2687,T
2-PB1,472,2688,0,1,0,2689,A
2-PB1,473,2686,0,0,1,2687,A
2-PB1,474,0,2686,0,0,2686,T
2-PB1,475,4,10,2703,0,2717,G
2-PB1,476,2697,2,1,0,2700,A
2-PB1,477,2697,0,0,1,2698,A
2-PB1,478,0,2644,0,1,2645,T
2-PB1,479,8,0,1,2670,2679,C
2-PB1,480,2666,0,4,0,2670,A
2-PB1,481,0,5,2658,0,2663,G
2-PB1,482,0,1,2647,0,2648,G
2-PB1,483,2637,0,1,0,2638,A
2-PB1,484,2615,0,2,0,2617,A
2-PB1,485,1,2,2729,0,2732,G
2-PB1,486,3,0,2725,0,2728,G
2-PB1,487,0,2,0,2741,2743,C
2-PB1,488,0,2762,0,2,2764,T
2-PB1,489,2764,0,0,0,2764,A
2-PB1,490,2759,0,2,0,2761,A
2-PB1,491,0,2770,0,1,2771,T
2-PB1,492,2778,0,0,0,2778,A
2-PB1,493,0,5,2779,0,2784,G
2-PB1,494,2624,0,0,0,2624,A
2-PB1,495,0,2592,0,1,2593,T
2-PB1,496,0,2587,0,0,2587,T
2-PB1,497,0,2530,0,2,2532,T
2-PB1,498,3,0,0,2654,2657,C
2-PB1,499,3,0,0,2653,2656,C
2-PB1,500,0,2645,0,3,2648,T
2-PB1,501,2,0,0,2670,2672,C
2-PB1,502,2663,0,4,1,2668,A
2-PB1,503,2664,0,2,0,2666,A
2-PB1,504,1,2,2679,0,2682,G
2-PB1,505,1,7,2697,0,2705,G
2-PB1,506,2697,0,0,0,2697,A
2-PB1,507,1,2607,0,1,2609,T
2-PB1,508,0,1,2637,0,2638,G
2-PB1,509,1,2606,0,2,2609,T
2-PB1,510,4,6,2654,0,2664,G
2-PB1,511,2659,0,3,0,2662,A
2-PB1,512,1,2651,0,0,2652,T
2-PB1,513,1,2,2635,0,2638,G
2-PB1,514,4,8,2623,0,2635,G
2-PB1,515,2631,0,1,0,2632,A
2-PB1,516,2631,0,2,0,2633,A
2-PB1,517,1,2580,0,0,2581,T
2-PB1,518,5,1,0,2602,2608,C
2-PB1,519,2584,0,2,0,2586,A
2-PB1,520,2589,0,0,0,2589,A
2-PB1,521,0,2597,0,0,2597,T
2-PB1,522,0,1,2616,0,2617,G
2-PB1,523,0,1,2618,0,2619,G
2-PB1,524,2612,0,1,0,2613,A
2-PB1,525,0,2617,0,0,2617,T
2-PB1,526,2632,0,0,0,2632,A
2-PB1,527,2615,0,0,0,2615,A
2-PB1,528,2608,0,1,0,2609,A
2-PB1,529,0,2,2642,0,2644,G
2-PB1,530,2605,0,8,0,2613,A
2-PB1,531,1,1,2595,0,2597,G
2-PB1,532,0,3,2579,0,2582,G
2-PB1,533,2574,0,2,0,2576,A
2-PB1,534,2588,0,0,0,2588,A
2-PB1,535,2588,0,0,0,2588,A
2-PB1,536,0,2585,0,0,2585,T
2-PB1,537,0,1,2631,0,2632,G
2-PB1,538,0,3,2630,0,2633,G
2-PB1,539,2587,0,4,0,2591,A
2-PB1,540,0,3,2618,0,2621,G
2-PB1,541,2593,1,1,0,2595,A
2-PB1,542,0,2644,0,6,2650,T
2-PB1,543,2657,0,0,0,2657,A
2-PB1,544,2659,0,2,0,2661,A
2-PB1,545,0,0,0,2685,2685,C
2-PB1,546,2653,0,0,1,2654,A
2-PB1,547,2650,0,1,0,2651,A
2-PB1,548,2,1,0,2631,2634,C
2-PB1,549,2610,0,1,0,2611,A
2-PB1,550,0,1,0,2618,2619,C
2-PB1,551,2579,0,0,0,2579,A
2-PB1,552,0,1,0,2609,2610,C
2-PB1,553,0,2585,0,0,2585,T
2-PB1,554,2,2568,0,0,2570,T
2-PB1,555,0,2560,0,0,2560,T
2-PB1,556,7,0,0,2592,2599,C
2-PB1,557,2612,0,2,0,2614,A
2-PB1,558,2612,0,0,0,2612,A
2-PB1,559,2618,0,1,0,2619,A
2-PB1,560,0,3,2629,0,2632,G
2-PB1,561,2588,0,1,0,2589,A
2-PB1,562,2598,0,0,0,2598,A
2-PB1,563,2603,0,1,0,2604,A
2-PB1,564,2604,0,2,0,2606,A
2-PB1,565,2599,0,3,0,2602,A
2-PB1,566,1,2,2587,0,2590,G
2-PB1,567,0,2,2602,0,2604,G
2-PB1,568,2564,2,2,0,2568,A
2-PB1,569,0,1,2622,0,2623,G
2-PB1,570,2614,0,2,0,2616,A
2-PB1,571,0,1,2689,0,2690,G
2-PB1,572,1,2659,0,1,2661,T
2-PB1,573,2695,0,0,1,2696,A
2-PB1,574,2687,1,4,0,2692,A
2-PB1,575,1,4,2691,0,2696,G
2-PB1,576,1,5,2701,0,2707,G
2-PB1,577,1,7,2694,0,2702,G
2-PB1,578,2661,0,1,0,2662,A
2-PB1,579,0,2,0,2665,2667,C
2-PB1,580,2617,0,3,0,2620,A
2-PB1,581,2622,0,2,0,2624,A
2-PB1,582,0,0,0,2605,2605,C
2-PB1,583,2616,1,0,0,2617,A
2-PB1,584,0,2574,0,1,2575,T
2-PB1,585,0,9,2545,0,2554,G
2-PB1,586,2560,1,3,0,2564,A
2-PB1,587,1,0,0,2533,2534,C
2-PB1,588,6,5,0,2515,2526,C
2-PB1,589,2543,0,1,0,2544,A
2-PB1,590,2545,0,2,0,2547,A
2-PB1,591,0,4,2550,0,2554,G
2-PB1,592,2565,0,0,0,2565,A
2-PB1,593,2560,0,1,0,2561,A
2-PB1,594,2546,0,1,0,2547,A
2-PB1,595,2537,0,0,0,2537,A
2-PB1,596,0,2526,0,0,2526,T
2-PB1,597,0,3,2540,0,2543,G
2-PB1,598,1,0,2538,0,2539,G
2-PB1,599,0,2494,0,2,2496,T
2-PB1,600,5,1,0,2493,2499,C
2-PB1,601,2511,0,0,1,2512,A
2-PB1,602,0,1,0,2660,2661,C
2-PB1,603,2709,0,0,1,2710,A
2-PB1,604,0,1,0,2722,2723,C
2-PB1,605,2725,0,1,0,2726,A
2-PB1,606,2820,0,0,1,2821,A
2-PB1,607,2813,0,1,0,2814,A
2-PB1,608,0,6,2969,0,2975,G
2-PB1,609,2958,0,0,0,2958,A
2-PB1,610,2992,1,0,0,2993,A
2-PB1,611,1,1,0,3054,3056,C
2-PB1,612,3010,0,1,0,3011,A
2-PB1,613,3016,0,0,0,3016,A
2-PB1,614,0,2998,0,0,2998,T
2-PB1,615,2990,0,4,0,2994,A
2-PB1,616,1,2,2971,0,2974,G
2-PB1,617,1,3,2903,1,2908,G
2-PB1,618,0,4,2908,0,2912,G
2-PB1,619,2898,0,3,0,2901,A
2-PB1,620,2897,0,1,0,2898,A
2-PB1,621,0,7,2895,0,2902,G
2-PB1,622,2898,0,0,0,2898,A
2-PB1,623,2912,0,0,0,2912,A
2-PB1,624,2925,0,0,0,2925,A
2-PB1,625,2938,0,1,0,2939,A
2-PB1,626,2987,0,1,0,2988,A
2-PB1,627,3008,0,1,0,3009,A
2-PB1,628,0,0,0,3006,3006,C
2-PB1,629,3006,0,0,0,3006,A
2-PB1,630,3008,1,0,0,3009,A
2-PB1,631,2994,0,0,1,2995,A
2-PB1,632,0,4,3022,0,3026,G
2-PB1,633,3038,0,0,0,3038,A
2-PB1,634,0,0,3179,0,3179,G
2-PB1,635,0,3074,1,0,3075,T
2-PB1,636,2,7,3530,0,3539,G
2-PB1,637,3567,1,5,1,3574,A
2-PB1,638,3578,0,1,0,3579,A
2-PB1,639,1,3593,1,2,3597,T
2-PB1,640,3627,0,3,0,3630,A
2-PB1,641,3619,0,2,0,3621,A
2-PB1,642,0,11,3599,0,3610,G
2-PB1,643,3553,0,1,0,3554,A
2-PB1,644,0,5,3576,0,3581,G
2-PB1,645,3409,0,1,0,3410,A
2-PB1,646,0,4,3408,0,3412,G
2-PB1,647,2,1,3380,0,3383,G
2-PB1,648,2,1,0,3377,3380,C
2-PB1,649,0,3394,0,0,3394,T
2-PB1,650,3500,0,1,0,3501,A
2-PB1,651,1,3,0,3645,3649,C
2-PB1,652,10,0,0,3674,3684,C
2-PB1,653,0,3739,0,0,3739,T
2-PB1,654,3846,0,1,0,3847,A
2-PB1,655,3859,0,0,0,3859,A
2-PB1,656,0,3837,0,0,3837,T
2-PB1,657,3852,0,1,0,3853,A
2-PB1,658,3829,0,1,0,3830,A
2-PB1,659,0,7,3814,0,3821,G
2-PB1,660,3710,0,1,0,3711,A
2-PB1,661,1,0,3700,0,3701,G
2-PB1,662,0,2,0,3712,3714,C
2-PB1,663,1,3659,0,1,3661,T
2-PB1,664,0,3700,0,0,3700,T
2-PB1,665,0,3700,0,2,3702,T
2-PB1,666,2,11,3688,0,3701,G
2-PB1,667,3756,0,4,0,3760,A
2-PB1,668,0,0,0,3779,3779,C
2-PB1,669,3775,0,0,0,3775,A
2-PB1,670,0,3727,0,3,3730,T
2-PB1,671,1,3715,0,4,3720,T
2-PB1,672,1,12,3796,0,3809,G
2-PB1,673,3815,1,2,0,3818,A
2-PB1,674,3818,1,4,0,3823,A
2-PB1,675,0,0,0,3828,3828,C
2-PB1,676,3814,0,0,0,3814,A
2-PB1,677,2,4,0,3797,3803,C
2-PB1,678,1,8,3807,1,3817,G
2-PB1,679,3820,0,4,0,3824,A
2-PB1,680,0,3844,0,1,3845,T
2-PB1,681,1,22,3874,0,3897,G
2-PB1,682,3899,0,1,0,3900,A
2-PB1,683,1,1,0,3916,3918,C
2-PB1,684,6,0,0,3922,3928,C
2-PB1,685,3919,1,0,0,3920,A
2-PB1,686,3980,3,2,0,3985,A
2-PB1,687,3989,0,0,0,3989,A
2-PB1,688,3,4,4096,0,4103,G
2-PB1,689,4121,0,0,0,4121,A
2-PB1,690,0,4079,0,0,4079,T
2-PB1,691,0,0,4120,0,4120,G
2-PB1,692,0,4,0,4079,4083,C
2-PB1,693,4109,1,1,0,4111,A
2-PB1,694,0,4,4128,0,4132,G
2-PB1,695,4068,1,1,1,4071,A
2-PB1,696,3,11,4069,0,4083,G
2-PB1,697,3978,0,0,0,3978,A
2-PB1,698,0,4,3963,0,3967,G
2-PB1,699,3934,0,2,0,3936,A
2-PB1,700,0,5,3922,0,3927,G
2-PB1,701,0,0,3914,1,3915,G
2-PB1,702,0,1,1,3916,3918,C
2-PB1,703,3916,1,2,0,3919,A
2-PB1,704,3921,0,0,0,3921,A
2-PB1,705,3952,0,0,0,3952,A
2-PB1,706,0,3959,0,0,3959,T
2-PB1,707,0,3954,0,1,3955,T
2-PB1,708,3984,0,1,0,3985,A
2-PB1,709,3966,1,0,1,3968,A
2-PB1,710,3969,0,1,0,3970,A
2-PB1,711,3985,1,0,1,3987,A
2-PB1,712,3962,1,0,1,3964,A
2-PB1,713,1,2,3963,0,3966,G
2-PB1,714,3939,0,0,1,3940,A
2-PB1,715,3923,0,2,0,3925,A
2-PB1,716,0,3,3976,0,3979,G
2-PB1,717,0,2,4039,0,4041,G
2-PB1,718,3,1,4032,0,4036,G
2-PB1,719,0,0,0,4071,4071,C
2-PB1,720,0,4086,0,0,4086,T
2-PB1,721,4133,0,0,0,4133,A
2-PB1,722,0,4178,0,0,4178,T
2-PB1,723,0,4169,0,2,4171,T
2-PB1,724,2,4,4171,0,4177,G
2-PB1,725,2,4,0,4164,4170,C
2-PB1,726,4071,1,5,2,4079,A
2-PB1,727,4082,0,2,1,4085,A
2-PB1,728,0,1,0,4069,4070,C
2-PB1,729,4054,0,0,0,4054,A
2-PB1,730,0,1,0,4081,4082,C
2-PB1,731,0,1,0,3990,3991,C
2-PB1,732,1,3,0,4005,4009,C
2-PB1,733,7,4,3981,1,3993,G
2-PB1,734,2,4,3989,1,3996,G
2-PB1,735,0,2,3999,0,4001,G
2-PB1,736,3997,0,0,0,3997,A
2-PB1,737,0,3993,0,0,3993,T
2-PB1,738,0,0,4003,0,4003,G
2-PB1,739,2,0,2,3988,3992,C
2-PB1,740,4061,0,0,0,4061,A
2-PB1,741,4130,0,1,0,4131,A
2-PB1,742,4188,0,1,0,4189,A
2-PB1,743,0,4160,1,1,4162,T
2-PB1,744,0,4156,0,1,4157,T
2-PB1,745,4150,0,0,0,4150,A
2-PB1,746,0,4,4137,0,4141,G
2-PB1,747,4094,0,6,0,4100,A
2-PB1,748,0,9,4105,0,4114,G
2-PB1,749,1,4,4034,0,4039,G
2-PB1,750,1,1,4113,0,4115,G
2-PB1,751,0,4030,0,3,4033,T
2-PB1,752,1,4097,0,3,4101,T
2-PB1,753,12,0,2,4089,4103,C
2-PB1,754,1,1,4171,0,4173,G
2-PB1,755,0,4134,2,8,4144,T
2-PB1,756,1,1,4166,0,4168,G
2-PB1,757,0,4131,0,2,4133,T
2-PB1,758,4103,0,0,0,4103,A
2-PB1,759,1,1,0,4092,4094,C
2-PB1,760,0,3890,0,0,3890,T
2-PB1,761,0,3907,0,0,3907,T
2-PB1,762,6,3,0,3919,3928,C
2-PB1,763,4,0,3895,0,3899,G
2-PB1,764,0,3893,0,4,3897,T
2-PB1,765,0,3895,0,3,3898,T
2-PB1,766,2,13,3881,0,3896,G
2-PB1,767,3864,0,0,0,3864,A
2-PB1,768,3876,0,2,0,3878,A
2-PB1,769,3899,0,1,0,3900,A
2-PB1,770,1,2,0,3930,3933,C
2-PB1,771,0,3899,0,0,3899,T
2-PB1,772,0,3880,0,0,3880,T
2-PB1,773,0,3893,1,0,3894,T
2-PB1,774,3959,0,2,0,3961,A
2-PB1,775,4,1,3965,0,3970,G
2-PB1,776,1,1,0,3972,3974,C
2-PB1,777,0,3972,0,1,3973,T
2-PB1,778,3926,0,0,0,3926,A
2-PB1,779,1,3,3930,0,3934,G
2-PB1,780,3915,0,1,0,3916,A
2-PB1,781,3922,1,0,0,3923,A
2-PB1,782,1,1,3938,0,3940,G
2-PB1,783,0,2,0,3858,3860,C
2-PB1,784,3856,0,0,0,3856,A
2-PB1,785,0,3839,0,0,3839,T
2-PB1,786,0,3850,0,0,3850,T
2-PB1,787,1,3853,0,0,3854,T
2-PB1,788,1,1,3854,0,3856,G
2-PB1,789,3,3,0,3841,3847,C
2-PB1,790,0,8,3834,1,3843,G
2-PB1,791,3824,0,2,0,3826,A
2-PB1,792,3820,0,0,0,3820,A
2-PB1,793,3831,0,0,0,3831,A
2-PB1,794,3917,0,5,0,3922,A
2-PB1,795,1,2,3952,1,3956,G
2-PB1,796,0,2,0,3961,3963,C
2-PB1,797,0,3963,0,0,3963,T
2-PB1,798,0,3977,0,0,3977,T
2-PB1,799,2,13,3967,0,3982,G
2-PB1,800,3961,0,5,0,3966,A
2-PB1,801,3966,0,0,0,3966,A
2-PB1,802,0,2,0,3997,3999,C
2-PB1,803,3888,0,2,0,3890,A
2-PB1,804,0,1,4229,0,4230,G
2-PB1,805,0,4164,0,0,4164,T
2-PB1,806,13,0,0,4156,4169,C
2-PB1,807,0,4194,0,2,4196,T
2-PB1,808,2,3,4180,0,4185,G
2-PB1,809,0,10,4172,1,4183,G
2-PB1,810,4175,0,2,1,4178,A
2-PB1,811,1,0,1,4216,4218,C
2-PB1,812,1,4101,0,2,4104,T
2-PB1,813,0,3845,0,2,3847,T
2-PB1,814,3,0,0,3830,3833,C
2-PB1,815,3,0,0,3821,3824,C
2-PB1,816,1,2,3870,0,3873,G
2-PB1,817,2,1,3884,0,3887,G
2-PB1,818,0,3829,0,3,3832,T
2-PB1,819,0,3841,0,0,3841,T
2-PB1,820,1,9,3836,0,3846,G
2-PB1,821,1,4,3847,0,3852,G
2-PB1,822,2,6,3862,0,3870,G
2-PB1,823,1,2,3901,0,3904,G
2-PB1,824,1,2,3917,0,3920,G
2-PB1,825,1,3866,0,1,3868,T
2-PB1,826,3879,0,0,0,3879,A
2-PB1,827,3895,0,1,0,3896,A
2-PB1,828,0,3908,0,0,3908,T
2-PB1,829,0,7,3904,0,3911,G
2-PB1,830,3879,1,1,0,3881,A
2-PB1,831,3860,0,0,1,3861,A
2-PB1,832,3872,0,0,0,3872,A
2-PB1,833,3854,0,2,0,3856,A
2-PB1,834,1,4,3840,0,3845,G
2-PB1,835,3820,0,1,0,3821,A
2-PB1,836,3797,0,3,0,3800,A
2-PB1,837,4,5,3804,0,3813,G
2-PB1,838,1,1,3777,0,3779,G
2-PB1,839,0,0,0,3776,3776,C
2-PB1,840,6,1,0,3792,3799,C
2-PB1,841,3795,0,2,0,3797,A
2-PB1,842,3796,0,1,0,3797,A
2-PB1,843,3799,0,0,0,3799,A
2-PB1,844,0,1,0,3805,3806,C
2-PB1,845,0,3799,0,2,3801,T
2-PB1,846,1,6,3849,0,3856,G
2-PB1,847,0,1,3842,0,3843,G
2-PB1,848,1,2,2,3837,3842,C
2-PB1,849,3854,0,3,1,3858,A
2-PB1,850,3854,0,2,0,3856,A
2-PB1,851,3865,0,1,0,3866,A
2-PB1,852,1,3865,0,1,3867,T
2-PB1,853,2,3,3867,0,3872,G
2-PB1,854,0,3849,0,0,3849,T
2-PB1,855,0,3774,0,0,3774,T
2-PB1,856,1,1,3783,0,3785,G
2-PB1,857,0,3767,0,0,3767,T
2-PB1,858,1,6,3775,0,3782,G
2-PB1,859,3779,1,0,0,3780,A
2-PB1,860,3,11,3763,0,3777,G
2-PB1,861,3771,0,2,0,3773,A
2-PB1,862,3749,0,1,0,3750,A
2-PB1,863,3756,0,1,0,3757,A
2-PB1,864,3756,0,0,0,3756,A
2-PB1,865,3763,0,0,1,3764,A
2-PB1,866,1,3751,0,1,3753,T
2-PB1,867,1,2,3772,0,3775,G
2-PB1,868,3753,0,0,0,3753,A
2-PB1,869,1,3729,0,1,3731,T
2-PB1,870,1,14,3756,0,3771,G
2-PB1,871,3748,0,2,0,3750,A
2-PB1,872,0,0,0,3781,3781,C
2-PB1,873,1,3779,0,0,3780,T
2-PB1,874,3787,0,1,0,3788,A
2-PB1,875,3800,0,0,0,3800,A
2-PB1,876,0,3782,0,0,3782,T
2-PB1,877,0,3807,0,2,3809,T
2-PB1,878,19,0,2,3824,3845,C
2-PB1,879,3832,2,3,0,3837,A
2-PB1,880,0,1,2,3859,3862,C
2-PB1,881,3837,0,2,0,3839,A
2-PB1,882,3837,0,7,0,3844,A
2-PB1,883,0,12,3828,0,3840,G
2-PB1,884,3903,0,0,0,3903,A
2-PB1,885,0,2,0,3915,3917,C
2-PB1,886,3865,1,1,0,3867,A
2-PB1,887,1,1,0,3859,3861,C
2-PB1,888,3841,1,0,1,3843,A
2-PB1,889,0,6,3853,0,3859,G
2-PB1,890,3833,0,1,0,3834,A
2-PB1,891,2,0,3827,0,3829,G
2-PB1,892,0,0,1,3786,3787,C
2-PB1,893,0,3727,0,4,3731,T
2-PB1,894,0,3776,1,0,3777,T
2-PB1,895,1,3767,0,0,3768,T
2-PB1,896,6,0,0,3791,3797,C
2-PB1,897,0,3804,0,3,3807,T
2-PB1,898,0,3769,0,0,3769,T
2-PB1,899,1,3775,0,3,3779,T
2-PB1,900,10,3,0,3773,3786,C
2-PB1,901,3753,0,5,0,3758,A
2-PB1,902,1,1,0,3794,3796,C
2-PB1,903,3775,0,0,1,3776,A
2-PB1,904,3786,0,0,0,3786,A
2-PB1,905,0,3801,0,0,3801,T
2-PB1,906,10,0,0,3855,3865,C
2-PB1,907,3849,0,0,0,3849,A
2-PB1,908,0,1,0,3909,3910,C
2-PB1,909,0,3873,0,1,3874,T
2-PB1,910,1,3,3907,1,3912,G
2-PB1,911,0,5,3856,0,3861,G
2-PB1,912,2,7,3964,0,3973,G
2-PB1,913,1,8,3945,0,3954,G
2-PB1,914,3911,0,4,0,3915,A
2-PB1,915,0,2,0,3760,3762,C
2-PB1,916,3812,0,1,0,3813,A
2-PB1,917,4025,0,2,0,4027,A
2-PB1,918,1,6,0,4059,4066,C
2-PB1,919,4042,0,0,0,4042,A
2-PB1,920,5,0,0,4047,4052,C
2-PB1,921,1,3907,0,1,3909,T
2-PB1,922,3932,0,0,0,3932,A
2-PB1,923,3910,1,5,0,3916,A
2-PB1,924,3,1,3934,0,3938,G
2-PB1,925,0,3872,0,0,3872,T
2-PB1,926,2,5,3625,0,3632,G
2-PB1,927,0,4,3598,0,3602,G
2-PB1,928,3599,0,3,0,3602,A
2-PB1,929,3603,1,2,0,3606,A
2-PB1,930,0,3614,0,1,3615,T
2-PB1,931,0,10,3599,1,3610,G
2-PB1,932,3602,0,4,0,3606,A
2-PB1,933,3578,0,2,0,3580,A
2-PB1,934,3615,0,3,0,3618,A
2-PB1,935,3619,0,0,0,3619,A
2-PB1,936,0,3570,0,1,3571,T
2-PB1,937,11,0,0,3593,3604,C
2-PB1,938,3617,0,0,0,3617,A
2-PB1,939,3605,0,1,0,3606,A
2-PB1,940,3591,1,1,1,3594,A
2-PB1,941,3567,0,1,0,3568,A
2-PB1,942,0,0,0,3611,3611,C
2-PB1,943,5,0,0,3583,3588,C
2-PB1,944,4,1,0,3583,3588,C
2-PB1,945,0,3575,0,4,3579,T
2-PB1,946,5,1,0,3588,3594,C
2-PB1,947,4,6,3595,0,3605,G
2-PB1,948,3587,0,0,0,3587,A
2-PB1,949,3581,0,2,0,3583,A
2-PB1,950,0,3587,0,0,3587,T
2-PB1,951,0,0,3606,0,3606,G
2-PB1,952,0,3553,1,1,3555,T
2-PB1,953,0,3547,0,1,3548,T
2-PB1,954,0,3559,0,2,3561,T
2-PB1,955,1,3561,0,0,3562,T
2-PB1,956,0,3560,2,0,3562,T
2-PB1,957,1,8,3542,0,3551,G
2-PB1,958,0,1,3528,1,3530,G
2-PB1,959,3,3,0,3537,3543,C
2-PB1,960,2,5,3501,0,3508,G
2-PB1,961,3494,1,1,0,3496,A
2-PB1,962,0,3595,0,3,3598,T
2-PB1,963,0,13,3716,0,3729,G
2-PB1,964,3899,0,0,0,3899,A
2-PB1,965,0,3926,0,0,3926,T
2-PB1,966,0,3916,1,6,3923,T
2-PB1,967,3936,0,3,0,3939,A
2-PB1,968,0,3,0,3963,3966,C
2-PB1,969,3966,0,1,0,3967,A
2-PB1,970,0,3953,1,1,3955,T
2-PB1,971,3721,0,6,0,3727,A
2-PB1,972,0,0,0,3773,3773,C
2-PB1,973,3431,0,2,0,3433,A
2-PB1,974,0,3423,0,2,3425,T
2-PB1,975,5,1,1,3403,3410,C
2-PB1,976,3400,0,1,0,3401,A
2-PB1,977,0,1,0,3403,3404,C
2-PB1,978,3384,1,1,0,3386,A
2-PB1,979,3390,0,1,0,3391,A
2-PB1,980,3384,0,1,0,3385,A
2-PB1,981,0,6,3244,0,3250,G
2-PB1,982,3416,0,1,0,3417,A
2-PB1,983,3411,0,1,0,3412,A
2-PB1,984,0,3376,0,1,3377,T
2-PB1,985,4,1,1,3398,3404,C
2-PB1,986,3433,0,3,0,3436,A
2-PB1,987,3416,0,1,0,3417,A
2-PB1,988,0,0,0,3441,3441,C
2-PB1,989,6,3,0,3433,3442,C
2-PB1,990,0,3295,0,1,3296,T
2-PB1,991,0,6,3322,0,3328,G
2-PB1,992,3309,1,2,0,3312,A
2-PB1,993,1,1,3303,3,3308,G
2-PB1,994,1,3282,0,0,3283,T
2-PB1,995,2,8,3235,0,3245,G
2-PB1,996,0,1,3382,0,3383,G
2-PB1,997,0,3364,2,0,3366,T
2-PB1,998,1,3365,0,1,3367,T
2-PB1,999,13,0,0,3366,3379,C
2-PB1,1000,3342,0,2,0,3344,A
2-PB1,1001,0,3,3411,0,3414,G
2-PB1,1002,3411,0,1,0,3412,A
2-PB1,1003,3404,0,2,0,3406,A
2-PB1,1004,3369,0,1,0,3370,A
2-PB1,1005,0,1,0,3092,3093,C
2-PB1,1006,3136,0,0,0,3136,A
2-PB1,1007,1,3112,0,0,3113,T
2-PB1,1008,7,0,1,3136,3144,C
2-PB1,1009,6,0,0,3164,3170,C
2-PB1,1010,0,3059,1,1,3061,T
2-PB1,1011,1,9,3060,1,3071,G
2-PB1,1012,3035,0,3,0,3038,A
2-PB1,1013,0,1,3061,0,3062,G
2-PB1,1014,3,3,0,3035,3041,C
2-PB1,1015,2948,0,1,0,2949,A
2-PB1,1016,0,2923,0,3,2926,T
2-PB1,1017,3,3,0,2932,2938,C
2-PB1,1018,1,3,2924,0,2928,G
2-PB1,1019,1,1,0,3006,3008,C
2-PB1,1020,3033,0,0,0,3033,A
2-PB1,1021,0,1,0,3116,3117,C
2-PB1,1022,5,1,0,3130,3136,C
2-PB1,1023,3146,1,0,0,3147,A
2-PB1,1024,3178,0,0,0,3178,A
2-PB1,1025,1,3180,0,0,3181,T
2-PB1,1026,3185,0,0,0,3185,A
2-PB1,1027,3165,1,0,0,3166,A
2-PB1,1028,0,3076,0,1,3077,T
2-PB1,1029,1,1,3100,0,3102,G
2-PB1,1030,0,3012,0,0,3012,T
2-PB1,1031,1,2967,0,4,2972,T
2-PB1,1032,13,0,0,2992,3005,C
2-PB1,1033,0,2978,0,1,2979,T
2-PB1,1034,4,0,0,2992,2996,C
2-PB1,1035,2996,1,2,0,2999,A
2-PB1,1036,3000,0,1,0,3001,A
2-PB1,1037,2996,0,0,0,2996,A
2-PB1,1038,2,0,0,3006,3008,C
2-PB1,1039,3000,0,0,0,3000,A
2-PB1,1040,2997,0,0,0,2997,A
2-PB1,1041,2980,0,1,0,2981,A
2-PB1,1042,2998,0,1,0,2999,A
2-PB1,1043,0,3015,1,0,3016,T
2-PB1,1044,0,4,3010,0,3014,G
2-PB1,1045,1,3,3000,0,3004,G
2-PB1,1046,1,0,0,3009,3010,C
2-PB1,1047,3026,0,2,0,3028,A
2-PB1,1048,3024,0,4,0,3028,A
2-PB1,1049,0,10,3036,0,3046,G
2-PB1,1050,3042,0,2,0,3044,A
2-PB1,1051,0,0,0,3073,3073,C
2-PB1,1052,0,3034,1,0,3035,T
2-PB1,1053,1,4,3078,0,3083,G
2-PB1,1054,1,5,3058,0,3064,G
2-PB1,1055,1,3,3080,0,3084,G
2-PB1,1056,3087,0,0,0,3087,A
2-PB1,1057,3089,0,0,0,3089,A
2-PB1,1058,3078,0,1,0,3079,A
2-PB1,1059,3055,0,7,0,3062,A
2-PB1,1060,0,2,3152,0,3154,G
2-PB1,1061,0,5,3132,0,3137,G
2-PB1,1062,3144,0,7,0,3151,A
2-PB1,1063,0,3133,0,3,3136,T
2-PB1,1064,3150,0,0,0,3150,A
2-PB1,1065,1,0,1,3134,3136,C
2-PB1,1066,3172,1,2,0,3175,A
2-PB1,1067,0,3168,0,2,3170,T
2-PB1,1068,1,0,3203,0,3204,G
2-PB1,1069,0,3118,0,2,3120,T
2-PB1,1070,0,3120,0,0,3120,T
2-PB1,1071,7,2,0,3112,3121,C
2-PB1,1072,1,8,3120,0,3129,G
2-PB1,1073,3102,0,2,0,3104,A
2-PB1,1074,1,9,3170,0,3180,G
2-PB1,1075,3127,0,0,0,3127,A
2-PB1,1076,1,0,3168,0,3169,G
2-PB1,1077,1,3124,0,0,3125,T
2-PB1,1078,3146,0,0,0,3146,A
2-PB1,1079,3144,1,7,0,3152,A
2-PB1,1080,0,9,3158,0,3167,G
2-PB1,1081,3146,0,1,0,3147,A
2-PB1,1082,0,9,3194,0,3203,G
2-PB1,1083,3135,0,1,0,3136,A
2-PB1,1084,3156,0,1,0,3157,A
2-PB1,1085,2,3119,0,0,3121,T
2-PB1,1086,0,7,3112,0,3119,G
2-PB1,1087,3111,0,5,0,3116,A
2-PB1,1088,3092,0,1,0,3093,A
2-PB1,1089,0,0,3088,0,3088,G
2-PB1,1090,1,0,0,3074,3075,C
2-PB1,1091,0,3023,0,0,3023,T
2-PB1,1092,2,0,0,3062,3064,C
2-PB1,1093,6,1,0,3065,3072,C
2-PB1,1094,3,4,3072,0,3079,G
2-PB1,1095,1,8,3073,1,3083,G
2-PB1,1096,3097,0,0,0,3097,A
2-PB1,1097,0,0,1,3142,3143,C
2-PB1,1098,3144,0,4,0,3148,A
2-PB1,1099,1,0,0,3194,3195,C
2-PB1,1100,3195,0,1,0,3196,A
2-PB1,1101,3185,0,2,0,3187,A
2-PB1,1102,3188,0,1,0,3189,A
2-PB1,1103,0,3178,0,0,3178,T
2-PB1,1104,3170,0,0,0,3170,A
2-PB1,1105,1,2,0,3174,3177,C
2-PB1,1106,6,0,0,3147,3153,C
2-PB1,1107,1,3120,0,4,3125,T
2-PB1,1108,1,0,3145,0,3146,G
2-PB1,1109,2,0,1,3156,3159,C
2-PB1,1110,3166,0,2,0,3168,A
2-PB1,1111,0,2,3163,0,3165,G
2-PB1,1112,3160,0,0,0,3160,A
2-PB1,1113,3152,0,2,0,3154,A
2-PB1,1114,3169,0,0,0,3169,A
2-PB1,1115,0,3151,0,0,3151,T
2-PB1,1116,1,1,3161,0,3163,G
2-PB1,1117,0,1,0,3140,3141,C
2-PB1,1118,0,3155,0,1,3156,T
2-PB1,1119,3193,0,1,0,3194,A
2-PB1,1120,2,1,3176,0,3179,G
2-PB1,1121,0,0,0,3180,3180,C
2-PB1,1122,3191,0,0,0,3191,A
2-PB1,1123,3185,0,4,0,3189,A
2-PB1,1124,0,0,3177,0,3177,G
2-PB1,1125,0,3,0,3153,3156,C
2-PB1,1126,3116,0,1,0,3117,A
2-PB1,1127,1,3179,0,0,3180,T
2-PB1,1128,0,3189,0,0,3189,T
2-PB1,1129,0,9,3284,0,3293,G
2-PB1,1130,3319,0,3,0,3322,A
2-PB1,1131,1,1,0,3309,3311,C
2-PB1,1132,6,0,0,3328,3334,C
2-PB1,1133,0,3275,0,14,3289,T
2-PB1,1134,0,4,3336,0,3340,G
2-PB1,1135,3355,0,1,0,3356,A
2-PB1,1136,3365,0,1,0,3366,A
2-PB1,1137,0,1,3410,0,3411,G
2-PB1,1138,0,3286,0,5,3291,T
2-PB1,1139,3351,0,0,0,3351,A
2-PB1,1140,0,3344,0,0,3344,T
2-PB1,1141,0,3339,0,0,3339,T
2-PB1,1142,0,3325,0,3,3328,T
2-PB1,1143,8,1,0,3294,3303,C
2-PB1,1144,3302,0,2,0,3304,A
2-PB1,1145,3304,1,0,0,3305,A
2-PB1,1146,0,3268,0,0,3268,T
2-PB1,1147,1,10,3269,0,3280,G
2-PB1,1148,3268,1,0,1,3270,A
2-PB1,1149,3270,0,0,0,3270,A
2-PB1,1150,0,3245,0,0,3245,T
2-PB1,1151,8,1,0,3282,3291,C
2-PB1,1152,3288,0,2,0,3290,A
2-PB1,1153,3272,0,0,0,3272,A
2-PB1,1154,0,0,0,3271,3271,C
2-PB1,1155,3266,0,5,0,3271,A
2-PB1,1156,3260,0,2,0,3262,A
2-PB1,1157,2,2,3252,0,3256,G
2-PB1,1158,0,4,3268,0,3272,G
2-PB1,1159,3264,0,1,0,3265,A
2-PB1,1160,3265,0,2,0,3267,A
2-PB1,1161,0,8,3273,0,3281,G
2-PB1,1162,3262,0,0,0,3262,A
2-PB1,1163,3269,0,2,1,3272,A
2-PB1,1164,3273,1,0,1,3275,A
2-PB1,1165,3278,0,1,0,3279,A
2-PB1,1166,0,3257,1,4,3262,T
2-PB1,1167,1,3240,0,2,3243,T
2-PB1,1168,0,16,3239,0,3255,G
2-PB1,1169,3241,0,5,0,3246,A
2-PB1,1170,0,5,3245,0,3250,G
2-PB1,1171,3250,0,1,0,3251,A
2-PB1,1172,3277,0,1,0,3278,A
2-PB1,1173,3332,0,0,0,3332,A
2-PB1,1174,3336,1,0,0,3337,A
2-PB1,1175,0,3324,1,3,3328,T
2-PB1,1176,3343,0,1,0,3344,A
2-PB1,1177,3332,0,7,4,3343,A
2-PB1,1178,1,7,3332,0,3340,G
2-PB1,1179,1,4,3300,0,3305,G
2-PB1,1180,2,1,0,3288,3291,C
2-PB1,1181,2,0,0,3305,3307,C
2-PB1,1182,1,3273,2,4,3280,T
2-PB1,1183,3,0,0,3669,3672,C
2-PB1,1184,0,3711,1,3,3715,T
2-PB1,1185,0,3709,0,3,3712,T
2-PB1,1186,4,1,0,3795,3800,C
2-PB1,1187,0,3795,0,1,3796,T
2-PB1,1188,3807,0,0,0,3807,A
2-PB1,1189,3800,1,2,0,3803,A
2-PB1,1190,0,3792,0,0,3792,T
2-PB1,1191,3818,0,1,1,3820,A
2-PB1,1192,0,4,3727,0,3731,G
2-PB1,1193,3510,0,1,0,3511,A
2-PB1,1194,1,3496,0,4,3501,T
2-PB1,1195,0,7,3428,0,3435,G
2-PB1,1196,3,0,3449,0,3452,G
2-PB1,1197,0,1,0,3463,3464,C
2-PB1,1198,3481,0,1,0,3482,A
2-PB1,1199,0,1,0,3496,3497,C
2-PB1,1200,3445,1,3,0,3449,A
2-PB1,1201,2,0,3554,0,3556,G
2-PB1,1202,2,0,0,3553,3555,C
2-PB1,1203,3564,1,2,0,3567,A
2-PB1,1204,0,3608,0,4,3612,T
2-PB1,1205,3,2,0,3582,3587,C
2-PB1,1206,3620,1,0,0,3621,A
2-PB1,1207,0,3614,1,0,3615,T
2-PB1,1208,0,3594,0,1,3595,T
2-PB1,1209,1,6,3576,0,3583,G
2-PB1,1210,3461,0,6,0,3467,A
2-PB1,1211,1,2,3556,0,3559,G
2-PB1,1212,2,1,1,3524,3528,C
2-PB1,1213,3,0,0,3487,3490,C
2-PB1,1214,4,0,0,3523,3527,C
2-PB1,1215,0,3518,1,5,3524,T
2-PB1,1216,1,5,3728,0,3734,G
2-PB1,1217,0,5,3787,0,3792,G
2-PB1,1218,3769,0,6,0,3775,A
2-PB1,1219,3883,0,1,0,3884,A
2-PB1,1220,0,3787,0,0,3787,T
2-PB1,1221,0,3,3880,0,3883,G
2-PB1,1222,3916,0,2,0,3918,A
2-PB1,1223,0,3940,1,0,3941,T
2-PB1,1224,8,10,3940,0,3958,G
2-PB1,1225,3927,0,0,0,3927,A
2-PB1,1226,0,3874,1,1,3876,T
2-PB1,1227,1,8,3851,1,3861,G
2-PB1,1228,0,5,3866,0,3871,G
2-PB1,1229,0,3,3869,0,3872,G
2-PB1,1230,2,0,0,3853,3855,C
2-PB1,1231,3889,1,1,4,3895,A
2-PB1,1232,0,3909,1,1,3911,T
2-PB1,1233,0,1,4024,0,4025,G
2-PB1,1234,0,4034,1,4,4039,T
2-PB1,1235,1,4033,0,2,4036,T
2-PB1,1236,19,3,1,4023,4046,C
2-PB1,1237,4039,0,1,0,4040,A
2-PB1,1238,4027,1,0,0,4028,A
2-PB1,1239,1,1,1,4030,4033,C
2-PB1,1240,4063,0,1,0,4064,A
2-PB1,1241,0,4044,0,1,4045,T
2-PB1,1242,1,2,4079,0,4082,G
2-PB1,1243,3,0,0,4062,4065,C
2-PB1,1244,0,4083,2,0,4085,T
2-PB1,1245,4122,0,0,0,4122,A
2-PB1,1246,4107,0,0,0,4107,A
2-PB1,1247,4,0,4182,0,4186,G
2-PB1,1248,0,4161,0,0,4161,T
2-PB1,1249,4158,0,1,0,4159,A
2-PB1,1250,1,4,0,4173,4178,C
2-PB1,1251,2,12,4163,0,4177,G
2-PB1,1252,2,0,4412,0,4414,G
2-PB1,1253,1,4328,0,0,4329,T
2-PB1,1254,0,4355,0,0,4355,T
2-PB1,1255,0,4369,0,0,4369,T
2-PB1,1256,0,4343,0,2,4345,T
2-PB1,1257,4355,0,5,0,4360,A
2-PB1,1258,0,6,4347,0,4353,G
2-PB1,1259,0,6,4319,0,4325,G
2-PB1,1260,4249,0,6,0,4255,A
2-PB1,1261,0,0,4240,0,4240,G
2-PB1,1262,0,4231,0,1,4232,T
2-PB1,1263,12,0,0,4230,4242,C
2-PB1,1264,1,4233,0,2,4236,T
2-PB1,1265,8,0,1,4268,4277,C
2-PB1,1266,1,12,4276,0,4289,G
2-PB1,1267,4399,0,2,0,4401,A
2-PB1,1268,1,4420,0,0,4421,T
2-PB1,1269,4426,0,2,0,4428,A
2-PB1,1270,1,1,0,4429,4431,C
2-PB1,1271,0,4376,0,3,4379,T
2-PB1,1272,1,11,4388,0,4400,G
2-PB1,1273,4373,2,4,0,4379,A
2-PB1,1274,4435,0,0,0,4435,A
2-PB1,1275,1,4437,0,1,4439,T
2-PB1,1276,12,1,0,4366,4379,C
2-PB1,1277,0,4384,0,1,4385,T
2-PB1,1278,0,4399,0,1,4400,T
2-PB1,1279,1,3,4399,0,4403,G
2-PB1,1280,0,8,4379,0,4387,G
2-PB1,1281,4351,0,4,0,4355,A
2-PB1,1282,1,0,0,4401,4402,C
2-PB1,1283,4326,0,3,0,4329,A
2-PB1,1284,4337,1,1,1,4340,A
2-PB1,1285,4361,0,0,1,4362,A
2-PB1,1286,4354,0,8,0,4362,A
2-PB1,1287,0,6,4442,0,4448,G
2-PB1,1288,4454,2,1,0,4457,A
2-PB1,1289,4467,0,3,0,4470,A
2-PB1,1290,4456,0,5,0,4461,A
2-PB1,1291,0,4440,0,0,4440,T
2-PB1,1292,4451,0,5,1,4457,A
2-PB1,1293,0,1,1,4587,4589,C
2-PB1,1294,4533,0,3,0,4536,A
2-PB1,1295,0,1,1,4561,4563,C
2-PB1,1296,6,1,0,4523,4530,C
2-PB1,1297,4512,0,0,1,4513,A
2-PB1,1298,4554,0,1,0,4555,A
2-PB1,1299,2,8,4655,0,4665,G
2-PB1,1300,4706,1,2,0,4709,A
2-PB1,1301,0,1,0,4786,4787,C
2-PB1,1302,4714,1,2,0,4717,A
2-PB1,1303,4821,0,5,0,4826,A
2-PB1,1304,0,2,0,4845,4847,C
2-PB1,1305,4916,1,1,1,4919,A
2-PB1,1306,0,4906,0,1,4907,T
2-PB1,1307,4872,0,4,1,4877,A
2-PB1,1308,0,0,0,4955,4955,C
2-PB1,1309,0,4798,0,1,4799,T
2-PB1,1310,1,0,4862,0,4863,G
2-PB1,1311,1,0,4835,0,4836,G
2-PB1,1312,0,4711,0,1,4712,T
2-PB1,1313,1,5,4722,0,4728,G
2-PB1,1314,1,0,4686,0,4687,G
2-PB1,1315,2,4,4719,0,4725,G
2-PB1,1316,4701,0,2,0,4703,A
2-PB1,1317,1,4623,0,1,4625,T
2-PB1,1318,0,3,4629,0,4632,G
2-PB1,1319,0,1,4583,0,4584,G
2-PB1,1320,3,2,4578,0,4583,G
2-PB1,1321,0,1,1,4640,4642,C
2-PB1,1322,0,4614,0,5,4619,T
2-PB1,1323,2,0,1,4652,4655,C
2-PB1,1324,6,0,0,4659,4665,C
2-PB1,1325,4672,0,2,0,4674,A
2-PB1,1326,4650,0,0,0,4650,A
2-PB1,1327,0,4624,0,1,4625,T
2-PB1,1328,4,0,1,4573,4578,C
2-PB1,1329,3,3,0,4534,4540,C
2-PB1,1330,1,4484,1,4,4490,T
2-PB1,1331,7,0,0,4475,4482,C
2-PB1,1332,0,0,0,4494,4494,C
2-PB1,1333,2,6,4503,0,4511,G
2-PB1,1334,4497,0,1,0,4498,A
2-PB1,1335,0,2,0,4508,4510,C
2-PB1,1336,0,10,4518,1,4529,G
2-PB1,1337,4531,0,3,0,4534,A
2-PB1,1338,1,4505,0,0,4506,T
2-PB1,1339,0,4527,0,0,4527,T
2-PB1,1340,1,4521,1,2,4525,T
2-PB1,1341,1,4522,0,1,4524,T
2-PB1,1342,0,1,4541,0,4542,G
2-PB1,1343,7,3,0,4552,4562,C
2-PB1,1344,12,1,1,4519,4533,C
2-PB1,1345,9,1,0,4652,4662,C
2-PB1,1346,0,4594,0,5,4599,T
2-PB1,1347,3,0,0,4735,4738,C
2-PB1,1348,4813,2,0,0,4815,A
2-PB1,1349,0,4836,0,5,4841,T
2-PB1,1350,4849,0,1,1,4851,A
2-PB1,1351,0,2,4908,0,4910,G
2-PB1,1352,1,4799,0,2,4802,T
2-PB1,1353,2,20,4810,0,4832,G
2-PB1,1354,4736,0,1,0,4737,A
2-PB1,1355,4742,0,0,0,4742,A
2-PB1,1356,3,7,0,4513,4523,C
2-PB1,1357,1,1,4529,0,4531,G
2-PB1,1358,3,5,0,4595,4603,C
2-PB1,1359,4595,1,1,0,4597,A
2-PB1,1360,0,0,0,4633,4633,C
2-PB1,1361,15,1,0,4621,4637,C
2-PB1,1362,4619,0,1,0,4620,A
2-PB1,1363,4617,0,1,0,4618,A
2-PB1,1364,4600,0,1,0,4601,A
2-PB1,1365,1,4482,1,1,4485,T
2-PB1,1366,13,0,0,4628,4641,C
2-PB1,1367,4649,0,2,0,4651,A
2-PB1,1368,0,4651,0,0,4651,T
2-PB1,1369,8,6,4658,0,4672,G
2-PB1,1370,4655,1,6,0,4662,A
2-PB1,1371,2,8,4661,0,4671,G
2-PB1,1372,2,9,4649,0,4660,G
2-PB1,1373,2,7,4674,0,4683,G
2-PB1,1374,4666,0,4,0,4670,A
2-PB1,1375,4731,0,3,1,4735,A
2-PB1,1376,1,4746,1,3,4751,T
2-PB1,1377,4737,0,4,0,4741,A
2-PB1,1378,0,2,0,4755,4757,C
2-PB1,1379,4773,0,0,1,4774,A
2-PB1,1380,4777,0,3,0,4780,A
2-PB1,1381,0,1,4727,0,4728,G
2-PB1,1382,2,0,0,4714,4716,C
2-PB1,1383,4679,0,8,0,4687,A
2-PB1,1384,1,1,4704,0,4706,G
2-PB1,1385,3,6,4701,0,4710,G
2-PB1,1386,4670,0,3,0,4673,A
2-PB1,1387,0,7,4718,0,4725,G
2-PB1,1388,0,4625,0,3,4628,T
2-PB1,1389,1,7,4682,1,4691,G
2-PB1,1390,1,3,4695,0,4699,G
2-PB1,1391,4687,1,2,1,4691,A
2-PB1,1392,0,4679,3,0,4682,T
2-PB1,1393,4648,0,2,0,4650,A
2-PB1,1394,5,6,4673,0,4684,G
2-PB1,1395,4717,0,1,1,4719,A
2-PB1,1396,2,4693,0,1,4696,T
2-PB1,1397,0,4688,0,0,4688,T
2-PB1,1398,6,1,0,4775,4782,C
2-PB1,1399,0,4763,0,1,4764,T
2-PB1,1400,4787,0,0,0,4787,A
2-PB1,1401,2,0,0,4779,4781,C
2-PB1,1402,4680,0,5,0,4685,A
2-PB1,1403,1,6,4669,0,4676,G
2-PB1,1404,2,9,4603,0,4614,G
2-PB1,1405,4644,1,1,0,4646,A
2-PB1,1406,1,0,0,4616,4617,C
2-PB1,1407,4,0,0,4522,4526,C
2-PB1,1408,3,4458,1,8,4470,T
2-PB1,1409,5,1,4465,0,4471,G
2-PB1,1410,0,1,0,4479,4480,C
2-PB1,1411,4503,0,1,0,4504,A
2-PB1,1412,4533,0,0,3,4536,A
2-PB1,1413,1,1,4540,0,4542,G
2-PB1,1414,0,4431,0,2,4433,T
2-PB1,1415,0,4446,0,2,4448,T
2-PB1,1416,4415,0,0,0,4415,A
2-PB1,1417,0,0,4427,0,4427,G
2-PB1,1418,1,4377,0,4,4382,T
2-PB1,1419,2,4,4391,0,4397,G
2-PB1,1420,0,3,4371,0,4374,G
2-PB1,1421,3,9,4373,0,4385,G
2-PB1,1422,4374,0,1,0,4375,A
2-PB1,1423,4409,1,1,0,4411,A
2-PB1,1424,0,4377,0,1,4378,T
2-PB1,1425,10,4,0,4385,4399,C
2-PB1,1426,4394,0,0,0,4394,A
2-PB1,1427,4401,1,0,0,4402,A
2-PB1,1428,1,1,0,4383,4385,C
2-PB1,1429,4393,1,0,0,4394,A
2-PB1,1430,0,4295,0,0,4295,T
2-PB1,1431,0,10,4308,0,4318,G
2-PB1,1432,4298,1,6,0,4305,A
2-PB1,1433,0,0,4335,0,4335,G
2-PB1,1434,1,0,0,4314,4315,C
2-PB1,1435,4324,0,1,0,4325,A
2-PB1,1436,4327,0,2,0,4329,A
2-PB1,1437,4328,0,0,0,4328,A
2-PB1,1438,4361,0,1,2,4364,A
2-PB1,1439,4371,0,1,0,4372,A
2-PB1,1440,0,4,4346,0,4350,G
2-PB1,1441,4317,0,2,0,4319,A
2-PB1,1442,4266,0,6,0,4272,A
2-PB1,1443,1,0,4408,0,4409,G
2-PB1,1444,1,4373,0,0,4374,T
2-PB1,1445,11,1,0,4387,4399,C
2-PB1,1446,9,1,0,4406,4416,C
2-PB1,1447,0,4409,0,3,4412,T
2-PB1,1448,4483,0,1,0,4484,A
2-PB1,1449,1,4477,0,0,4478,T
2-PB1,1450,4490,0,1,0,4491,A
2-PB1,1451,2,4488,0,0,4490,T
2-PB1,1452,4393,0,0,0,4393,A
2-PB1,1453,4401,0,0,0,4401,A
2-PB1,1454,4386,0,1,0,4387,A
2-PB1,1455,0,4379,0,0,4379,T
2-PB1,1456,4338,1,0,0,4339,A
2-PB1,1457,4315,1,1,0,4317,A
2-PB1,1458,4315,0,2,0,4317,A
2-PB1,1459,4301,0,3,0,4304,A
2-PB1,1460,0,0,0,4332,4332,C
2-PB1,1461,4140,0,3,0,4143,A
2-PB1,1462,2,8,4141,0,4151,G
2-PB1,1463,0,8,4122,1,4131,G
2-PB1,1464,2,6,4125,0,4133,G
2-PB1,1465,4109,0,7,0,4116,A
2-PB1,1466,0,4,0,4150,4154,C
2-PB1,1467,4118,0,1,0,4119,A
2-PB1,1468,0,4134,0,1,4135,T
2-PB1,1469,0,4130,1,2,4133,T
2-PB1,1470,0,4136,1,2,4139,T
2-PB1,1471,8,10,4123,1,4142,G
2-PB1,1472,4101,2,1,0,4104,A
2-PB1,1473,4115,0,1,0,4116,A
2-PB1,1474,0,4121,0,1,4122,T
2-PB1,1475,0,4008,1,0,4009,T
2-PB1,1476,12,2,0,4026,4040,C
2-PB1,1477,3983,1,1,0,3985,A
2-PB1,1478,0,0,0,4011,4011,C
2-PB1,1479,0,4004,0,1,4005,T
2-PB1,1480,4004,0,3,0,4007,A
2-PB1,1481,2,0,3996,0,3998,G
2-PB1,1482,0,1,0,3989,3990,C
2-PB1,1483,0,3966,2,7,3975,T
2-PB1,1484,0,3998,0,0,3998,T
2-PB1,1485,1,3983,0,0,3984,T
2-PB1,1486,0,3993,0,2,3995,T
2-PB1,1487,0,3995,0,2,3997,T
2-PB1,1488,1,3995,0,0,3996,T
2-PB1,1489,0,3980,0,0,3980,T
2-PB1,1490,3981,1,0,0,3982,A
2-PB1,1491,0,3934,0,1,3935,T
2-PB1,1492,11,1,0,3955,3967,C
2-PB1,1493,1,2,3989,0,3992,G
2-PB1,1494,4095,0,0,0,4095,A
2-PB1,1495,0,4125,0,1,4126,T
2-PB1,1496,4138,1,4,0,4143,A
2-PB1,1497,0,4161,0,2,4163,T
2-PB1,1498,1,4,4138,0,4143,G
2-PB1,1499,1,5,4161,1,4168,G
2-PB1,1500,4179,0,3,0,4182,A
2-PB1,1501,0,4112,0,0,4112,T
2-PB1,1502,0,4093,0,0,4093,T
2-PB1,1503,0,3981,0,0,3981,T
2-PB1,1504,0,1,3987,0,3988,G
2-PB1,1505,0,3965,1,3,3969,T
2-PB1,1506,1,6,3969,0,3976,G
2-PB1,1507,2,3,3959,1,3965,G
2-PB1,1508,2,0,0,3860,3862,C
2-PB1,1509,0,3948,0,1,3949,T
2-PB1,1510,3955,2,1,0,3958,A
2-PB1,1511,3986,0,0,0,3986,A
2-PB1,1512,0,3997,0,0,3997,T
2-PB1,1513,1,4016,0,1,4018,T
2-PB1,1514,0,4004,1,0,4005,T
2-PB1,1515,0,4014,1,1,4016,T
2-PB1,1516,4022,0,6,0,4028,A
2-PB1,1517,1,1,4046,0,4048,G
2-PB1,1518,1,0,0,4058,4059,C
2-PB1,1519,4046,0,1,0,4047,A
2-PB1,1520,0,4005,0,2,4007,T
2-PB1,1521,2,9,3948,0,3959,G
2-PB1,1522,0,8,4008,0,4016,G
2-PB1,1523,4002,0,2,0,4004,A
2-PB1,1524,2,1,3989,0,3992,G
2-PB1,1525,1,0,0,3956,3957,C
2-PB1,1526,0,3946,0,0,3946,T
2-PB1,1527,1,1,3950,0,3952,G
2-PB1,1528,0,2,0,3888,3890,C
2-PB1,1529,2,0,0,3894,3896,C
2-PB1,1530,7,1,1,3962,3971,C
2-PB1,1531,3877,1,0,1,3879,A
2-PB1,1532,2,1,4013,0,4016,G
2-PB1,1533,0,4004,0,0,4004,T
2-PB1,1534,0,4015,0,0,4015,T
2-PB1,1535,0,4012,0,2,4014,T
2-PB1,1536,0,3982,0,1,3983,T
2-PB1,1537,5,1,3954,0,3960,G
2-PB1,1538,1,5,3947,2,3955,G
2-PB1,1539,3958,0,4,0,3962,A
2-PB1,1540,0,0,3968,0,3968,G
2-PB1,1541,1,3701,0,2,3704,T
2-PB1,1542,3694,0,0,0,3694,A
2-PB1,1543,0,3775,0,2,3777,T
2-PB1,1544,6,0,0,3811,3817,C
2-PB1,1545,0,3821,0,0,3821,T
2-PB1,1546,1,2,3830,0,3833,G
2-PB1,1547,0,12,3844,0,3856,G
2-PB1,1548,3874,0,1,0,3875,A
2-PB1,1549,3877,1,1,0,3879,A
2-PB1,1550,0,3866,0,0,3866,T
2-PB1,1551,3743,0,1,0,3744,A
2-PB1,1552,3729,0,2,0,3731,A
2-PB1,1553,3721,0,2,1,3724,A
2-PB1,1554,0,2,0,3737,3739,C
2-PB1,1555,0,8,3661,1,3670,G
2-PB1,1556,3641,0,2,0,3643,A
2-PB1,1557,0,0,3632,0,3632,G
2-PB1,1558,1,3609,0,0,3610,T
2-PB1,1559,13,2,0,3613,3628,C
2-PB1,1560,3632,0,8,0,3640,A
2-PB1,1561,0,1,3656,0,3657,G
2-PB1,1562,0,2,1,3652,3655,C
2-PB1,1563,0,3675,1,0,3676,T
2-PB1,1564,1,3,3790,0,3794,G
2-PB1,1565,3777,0,0,0,3777,A
2-PB1,1566,0,3790,0,0,3790,T
2-PB1,1567,3785,0,5,0,3790,A
2-PB1,1568,1,3734,0,1,3736,T
2-PB1,1569,3,9,3740,0,3752,G
2-PB1,1570,3615,0,7,0,3622,A
2-PB1,1571,0,1,3674,0,3675,G
2-PB1,1572,0,4,3,3668,3675,C
2-PB1,1573,3524,0,0,0,3524,A
2-PB1,1574,0,3512,0,0,3512,T
2-PB1,1575,5,3501,0,0,3506,T
2-PB1,1576,5,2,3551,0,3558,G
2-PB1,1577,1,5,3675,0,3681,G
2-PB1,1578,3616,0,5,0,3621,A
2-PB1,1579,1,1,3631,1,3634,G
2-PB1,1580,0,3494,1,0,3495,T
2-PB1,1581,3494,0,2,0,3496,A
2-PB1,1582,3495,0,3,0,3498,A
2-PB1,1583,0,1,0,3510,3511,C
2-PB1,1584,3509,0,2,0,3511,A
2-PB1,1585,2,0,3548,0,3550,G
2-PB1,1586,0,3194,0,0,3194,T
2-PB1,1587,0,5,3228,0,3233,G
2-PB1,1588,3267,1,1,0,3269,A
2-PB1,1589,1,3278,0,1,3280,T
2-PB1,1590,3277,0,2,0,3279,A
2-PB1,1591,3276,0,0,0,3276,A
2-PB1,1592,3174,0,8,0,3182,A
2-PB1,1593,0,9,3199,0,3208,G
2-PB1,1594,3083,1,2,0,3086,A
2-PB1,1595,3084,0,0,0,3084,A
2-PB1,1596,4,1,0,3089,3094,C
2-PB1,1597,3015,0,1,0,3016,A
2-PB1,1598,3033,0,1,0,3034,A
2-PB1,1599,0,0,0,3049,3049,C
2-PB1,1600,3097,0,1,0,3098,A
2-PB1,1601,1,3069,2,2,3074,T
2-PB1,1602,0,2,3023,0,3025,G
2-PB1,1603,3030,1,2,1,3034,A
2-PB1,1604,0,3037,0,0,3037,T
2-PB1,1605,3003,0,0,0,3003,A
2-PB1,1606,3023,0,2,0,3025,A
2-PB1,1607,3012,0,0,0,3012,A
2-PB1,1608,0,1,0,3028,3029,C
2-PB1,1609,2903,0,0,0,2903,A
2-PB1,1610,2889,0,0,0,2889,A
2-PB1,1611,0,2805,0,0,2805,T
2-PB1,1612,0,12,2809,0,2821,G
2-PB1,1613,2875,0,5,0,2880,A
2-PB1,1614,1,1,0,2916,2918,C
2-PB1,1615,4,0,0,2864,2868,C
2-PB1,1616,0,2805,0,0,2805,T
2-PB1,1617,0,2765,0,0,2765,T
2-PB1,1618,3,4,2772,0,2779,G
2-PB1,1619,0,11,2792,0,2803,G
2-PB1,1620,2824,0,5,0,2829,A
2-PB1,1621,0,0,1,2813,2814,C
2-PB1,1622,4,2,0,2791,2797,C
2-PB1,1623,2777,0,2,0,2779,A
2-PB1,1624,2,2,2790,0,2794,G
2-PB1,1625,1,1,0,2805,2807,C
2-PB1,1626,2820,0,2,0,2822,A
2-PB1,1627,2801,0,1,0,2802,A
2-PB1,1628,0,2,0,2787,2789,C
2-PB1,1629,2780,0,2,1,2783,A
2-PB1,1630,0,1,2812,0,2813,G
2-PB1,1631,1,1,0,2800,2802,C
2-PB1,1632,2,1,0,2809,2812,C
2-PB1,1633,3,0,0,2816,2819,C
2-PB1,1634,2844,0,0,0,2844,A
2-PB1,1635,2848,0,0,0,2848,A
2-PB1,1636,2845,0,0,0,2845,A
2-PB1,1637,0,2820,0,2,2822,T
2-PB1,1638,0,6,2817,0,2823,G
2-PB1,1639,0,2,2759,0,2761,G
2-PB1,1640,4,0,0,2775,2779,C
2-PB1,1641,0,2752,0,1,2753,T
2-PB1,1642,6,0,1,2825,2832,C
2-PB1,1643,0,2810,0,5,2815,T
2-PB1,1644,5,0,0,2855,2860,C
2-PB1,1645,1,0,0,2871,2872,C
2-PB1,1646,2882,0,0,0,2882,A
2-PB1,1647,2891,0,0,1,2892,A
2-PB1,1648,0,2877,0,1,2878,T
2-PB1,1649,0,2868,0,0,2868,T
2-PB1,1650,2,0,2898,1,2901,G
2-PB1,1651,0,2837,0,1,2838,T
2-PB1,1652,0,2837,0,1,2838,T
2-PB1,1653,18,17,0,2820,2855,C
2-PB1,1654,2849,1,1,0,2851,A
2-PB1,1655,1,2822,0,5,2828,T
2-PB1,1656,7,0,0,2846,2853,C
2-PB1,1657,2865,1,1,0,2867,A
2-PB1,1658,2840,0,1,0,2841,A
2-PB1,1659,2858,0,4,0,2862,A
2-PB1,1660,0,2,2922,0,2924,G
2-PB1,1661,2915,0,1,0,2916,A
2-PB1,1662,0,2930,0,1,2931,T
2-PB1,1663,0,2931,0,0,2931,T
2-PB1,1664,2932,0,2,2,2936,A
2-PB1,1665,0,0,0,2982,2982,C
2-PB1,1666,2990,0,0,0,2990,A
2-PB1,1667,0,4,3008,0,3012,G
2-PB1,1668,2994,0,1,1,2996,A
2-PB1,1669,0,3036,0,2,3038,T
2-PB1,1670,3065,0,1,0,3066,A
2-PB1,1671,1,0,0,3243,3244,C
2-PB1,1672,3299,0,2,1,3302,A
2-PB1,1673,0,1,0,3492,3493,C
2-PB1,1674,3473,0,1,0,3474,A
2-PB1,1675,0,3475,0,3,3478,T
2-PB1,1676,3476,0,2,0,3478,A
2-PB1,1677,0,3450,0,0,3450,T
2-PB1,1678,3370,0,2,0,3372,A
2-PB1,1679,1,3,3354,0,3358,G
2-PB1,1680,0,2,3292,0,3294,G
2-PB1,1681,0,3152,0,3,3155,T
2-PB1,1682,1,3,3119,0,3123,G
2-PB1,1683,0,0,0,3214,3214,C
2-PB1,1684,4,1,0,3224,3229,C
2-PB1,1685,3267,1,1,0,3269,A
2-PB1,1686,0,3283,0,0,3283,T
2-PB1,1687,3291,0,2,0,3293,A
2-PB1,1688,0,5,3284,0,3289,G
2-PB1,1689,3237,0,2,1,3240,A
2-PB1,1690,2,1,3250,0,3253,G
2-PB1,1691,0,2,3231,1,3234,G
2-PB1,1692,3118,1,8,0,3127,A
2-PB1,1693,0,3,3133,0,3136,G
2-PB1,1694,3113,0,6,0,3119,A
2-PB1,1695,0,1,0,3141,3142,C
2-PB1,1696,3124,0,7,0,3131,A
2-PB1,1697,0,2,0,3173,3175,C
2-PB1,1698,3177,0,4,0,3181,A
2-PB1,1699,0,1,0,3182,3183,C
2-PB1,1700,3177,0,0,0,3177,A
2-PB1,1701,3190,1,2,0,3193,A
2-PB1,1702,3197,0,0,0,3197,A
2-PB1,1703,0,3182,0,0,3182,T
2-PB1,1704,7,1,0,3187,3195,C
2-PB1,1705,3,2,0,3196,3201,C
2-PB1,1706,3168,0,4,1,3173,A
2-PB1,1707,6,4,3179,0,3189,G
2-PB1,1708,3187,0,3,0,3190,A
2-PB1,1709,1,0,0,3202,3203,C
2-PB1,1710,0,8,3187,0,3195,G
2-PB1,1711,3150,1,1,0,3152,A
2-PB1,1712,0,0,3181,0,3181,G
2-PB1,1713,3175,0,3,0,3178,A
2-PB1,1714,3204,0,0,0,3204,A
2-PB1,1715,1,4,3197,0,3202,G
2-PB1,1716,3178,0,3,0,3181,A
2-PB1,1717,1,3175,0,3,3179,T
2-PB1,1718,3,4,0,3157,3164,C
2-PB1,1719,3176,0,0,0,3176,A
2-PB1,1720,0,3161,0,1,3162,T
2-PB1,1721,1,3154,1,1,3157,T
2-PB1,1722,5,1,0,3163,3169,C
2-PB1,1723,5,3,3173,2,3183,G
2-PB1,1724,3150,0,1,0,3151,A
2-PB1,1725,1,2,3149,0,3152,G
2-PB1,1726,3126,1,1,0,3128,A
2-PB1,1727,0,3209,0,0,3209,T
2-PB1,1728,3232,1,0,0,3233,A
2-PB1,1729,3232,0,0,0,3232,A
2-PB1,1730,3224,1,2,0,3227,A
2-PB1,1731,2,0,3237,1,3240,G
2-PB1,1732,3234,0,0,0,3234,A
2-PB1,1733,3148,0,0,1,3149,A
2-PB1,1734,0,0,3168,0,3168,G
2-PB1,1735,0,1,0,3153,3154,C
2-PB1,1736,0,3143,0,0,3143,T
2-PB1,1737,1,0,3152,0,3153,G
2-PB1,1738,1,3118,1,0,3120,T
2-PB1,1739,0,5,3114,0,3119,G
2-PB1,1740,1,1,3148,0,3150,G
2-PB1,1741,0,5,3140,0,3145,G
2-PB1,1742,3166,0,2,0,3168,A
2-PB1,1743,1,3130,0,0,3131,T
2-PB1,1744,9,0,0,3126,3135,C
2-PB1,1745,3141,0,0,0,3141,A
2-PB1,1746,3150,0,0,0,3150,A
2-PB1,1747,3162,0,2,0,3164,A
2-PB1,1748,1,1,0,3164,3166,C
2-PB1,1749,5,0,0,3154,3159,C
2-PB1,1750,1,0,0,3152,3153,C
2-PB1,1751,3152,0,0,6,3158,A
2-PB1,1752,3211,0,0,0,3211,A
2-PB1,1753,2,3190,0,0,3192,T
2-PB1,1754,8,0,0,3204,3212,C
2-PB1,1755,3200,0,0,0,3200,A
2-PB1,1756,3186,0,1,0,3187,A
2-PB1,1757,0,5,3208,1,3214,G
2-PB1,1758,0,4,3176,0,3180,G
2-PB1,1759,5,0,3171,0,3176,G
2-PB1,1760,1,19,0,3170,3190,C
2-PB1,1761,3164,0,4,0,3168,A
2-PB1,1762,2,3,3240,0,3245,G
2-PB1,1763,2,4,3254,0,3260,G
2-PB1,1764,3280,0,1,0,3281,A
2-PB1,1765,0,0,0,3335,3335,C
2-PB1,1766,0,3256,0,1,3257,T
2-PB1,1767,3366,0,0,2,3368,A
2-PB1,1768,0,3347,0,0,3347,T
2-PB1,1769,0,3371,0,0,3371,T
2-PB1,1770,0,6,3370,0,3376,G
2-PB1,1771,1,0,3357,0,3358,G
2-PB1,1772,0,3306,0,2,3308,T
2-PB1,1773,3341,0,0,1,3342,A
2-PB1,1774,0,3274,0,0,3274,T
2-PB1,1775,7,0,1,3286,3294,C
2-PB1,1776,3241,0,1,0,3242,A
2-PB1,1777,1,1,3278,0,3280,G
2-PB1,1778,3258,2,0,0,3260,A
2-PB1,1779,0,3236,0,1,3237,T
2-PB1,1780,0,3,3127,0,3130,G
2-PB1,1781,1,7,3112,0,3120,G
2-PB1,1782,0,2,3099,0,3101,G
2-PB1,1783,0,4,3099,0,3103,G
2-PB1,1784,1,7,3113,0,3121,G
2-PB1,1785,3101,0,3,0,3104,A
2-PB1,1786,0,0,0,3091,3091,C
2-PB1,1787,4,0,0,3079,3083,C
2-PB1,1788,3097,0,1,0,3098,A
2-PB1,1789,3304,0,3,0,3307,A
2-PB1,1790,3330,0,2,0,3332,A
2-PB1,1791,0,0,0,3398,3398,C
2-PB1,1792,0,3387,0,0,3387,T
2-PB1,1793,0,3388,0,0,3388,T
2-PB1,1794,3399,1,1,0,3401,A
2-PB1,1795,0,3407,0,0,3407,T
2-PB1,1796,3388,0,6,0,3394,A
2-PB1,1797,0,4,0,3412,3416,C
2-PB1,1798,3166,0,0,0,3166,A
2-PB1,1799,3165,0,0,0,3165,A
2-PB1,1800,0,3096,0,1,3097,T
2-PB1,1801,3137,1,0,0,3138,A
2-PB1,1802,1,3117,0,0,3118,T
2-PB1,1803,9,0,0,3108,3117,C
2-PB1,1804,2,2,0,3121,3125,C
2-PB1,1805,5,5,3116,0,3126,G
2-PB1,1806,0,6,3126,0,3132,G
2-PB1,1807,3118,0,0,0,3118,A
2-PB1,1808,3148,0,0,0,3148,A
2-PB1,1809,0,3138,1,0,3139,T
2-PB1,1810,0,0,0,3152,3152,C
2-PB1,1811,0,3144,0,1,3145,T
2-PB1,1812,1,3148,0,2,3151,T
2-PB1,1813,10,0,1,3148,3159,C
2-PB1,1814,3157,1,3,0,3161,A
2-PB1,1815,0,0,0,3168,3168,C
2-PB1,1816,3156,0,0,0,3156,A
2-PB1,1817,0,3362,4,1,3367,T
2-PB1,1818,4,0,0,3360,3364,C
2-PB1,1819,5,0,0,3364,3369,C
2-PB1,1820,2,0,0,3403,3405,C
2-PB1,1821,1,3400,0,2,3403,T
2-PB1,1822,4,5,3411,0,3420,G
2-PB1,1823,3390,0,0,0,3390,A
2-PB1,1824,3373,0,2,0,3375,A
2-PB1,1825,0,0,3389,0,3389,G
2-PB1,1826,1,3194,0,4,3199,T
2-PB1,1827,5,0,0,3232,3237,C
2-PB1,1828,1,3191,0,1,3193,T
2-PB1,1829,1,0,3230,0,3231,G
2-PB1,1830,0,0,0,3240,3240,C
2-PB1,1831,0,3256,0,0,3256,T
2-PB1,1832,0,3259,0,3,3262,T
2-PB1,1833,3239,1,0,0,3240,A
2-PB1,1834,3246,0,0,0,3246,A
2-PB1,1835,3259,0,10,0,3269,A
2-PB1,1836,0,1,3275,0,3276,G
2-PB1,1837,0,3223,0,2,3225,T
2-PB1,1838,0,4,3182,1,3187,G
2-PB1,1839,0,2,3156,0,3158,G
2-PB1,1840,1,6,3172,0,3179,G
2-PB1,1841,3160,0,4,0,3164,A
2-PB1,1842,0,1,3209,1,3211,G
2-PB1,1843,1,0,0,3182,3183,C
2-PB1,1844,1,3200,0,4,3205,T
2-PB1,1845,1,3,3219,0,3223,G
2-PB1,1846,3185,0,2,0,3187,A
2-PB1,1847,0,3214,0,2,3216,T
2-PB1,1848,10,3,3208,0,3221,G
2-PB1,1849,2,3,3210,0,3215,G
2-PB1,1850,3213,0,2,0,3215,A
2-PB1,1851,0,3196,0,0,3196,T
2-PB1,1852,0,6,3197,0,3203,G
2-PB1,1853,3160,1,3,0,3164,A
2-PB1,1854,0,5,3204,0,3209,G
2-PB1,1855,3208,1,0,0,3209,A
2-PB1,1856,3217,0,1,0,3218,A
2-PB1,1857,0,3202,0,1,3203,T
2-PB1,1858,0,3198,0,0,3198,T
2-PB1,1859,3197,0,0,1,3198,A
2-PB1,1860,0,3186,0,0,3186,T
2-PB1,1861,7,0,0,3184,3191,C
2-PB1,1862,3,1,3207,0,3211,G
2-PB1,1863,1,3,3168,1,3173,G
2-PB1,1864,0,3,3149,0,3152,G
2-PB1,1865,0,2,3168,0,3170,G
2-PB1,1866,3168,0,0,0,3168,A
2-PB1,1867,3172,0,2,0,3174,A
2-PB1,1868,0,7,3192,0,3199,G
2-PB1,1869,3175,1,3,0,3179,A
2-PB1,1870,2,0,0,3231,3233,C
2-PB1,1871,0,3194,0,2,3196,T
2-PB1,1872,0,3249,0,1,3250,T
2-PB1,1873,1,3265,0,1,3267,T
2-PB1,1874,1,1,3264,0,3266,G
2-PB1,1875,0,3273,0,1,3274,T
2-PB1,1876,3273,0,0,0,3273,A
2-PB1,1877,3237,0,0,0,3237,A
2-PB1,1878,0,3172,0,2,3174,T
2-PB1,1879,7,1,0,3194,3202,C
2-PB1,1880,7,8,0,3181,3196,C
2-PB1,1881,8,0,1,3168,3177,C
2-PB1,1882,6,1,0,3214,3221,C
2-PB1,1883,1,3191,1,2,3195,T
2-PB1,1884,0,6,3199,1,3206,G
2-PB1,1885,3186,1,0,0,3187,A
2-PB1,1886,3182,0,0,0,3182,A
2-PB1,1887,0,3190,0,6,3196,T
2-PB1,1888,5,1,0,3171,3177,C
2-PB1,1889,8,2,0,3143,3153,C
2-PB1,1890,6,0,0,3130,3136,C
2-PB1,1891,0,3144,1,5,3150,T
2-PB1,1892,0,3153,0,0,3153,T
2-PB1,1893,1,3152,0,0,3153,T
2-PB1,1894,1,1,3145,0,3147,G
2-PB1,1895,0,3127,0,5,3132,T
2-PB1,1896,8,1,0,3120,3129,C
2-PB1,1897,3105,0,4,0,3109,A
2-PB1,1898,1,2,3122,0,3125,G
2-PB1,1899,2,0,0,3119,3121,C
2-PB1,1900,2,0,0,3136,3138,C
2-PB1,1901,3154,0,1,0,3155,A
2-PB1,1902,0,3161,0,0,3161,T
2-PB1,1903,3143,0,0,0,3143,A
2-PB1,1904,3149,0,1,0,3150,A
2-PB1,1905,3148,0,5,0,3153,A
2-PB1,1906,0,4,3177,0,3181,G
2-PB1,1907,3106,0,0,0,3106,A
2-PB1,1908,3127,0,0,0,3127,A
2-PB1,1909,3124,1,1,0,3126,A
2-PB1,1910,0,3104,0,0,3104,T
2-PB1,1911,0,3112,0,1,3113,T
2-PB1,1912,0,4,3112,0,3116,G
2-PB1,1913,3107,1,1,1,3110,A
2-PB1,1914,3069,0,0,0,3069,A
2-PB1,1915,0,3142,0,0,3142,T
2-PB1,1916,5,0,0,3153,3158,C
2-PB1,1917,0,3179,0,0,3179,T
2-PB1,1918,1,0,3223,0,3224,G
2-PB1,1919,1,3210,0,6,3217,T
2-PB1,1920,3248,0,4,0,3252,A
2-PB1,1921,3238,0,1,1,3240,A
2-PB1,1922,3232,2,2,0,3236,A
2-PB1,1923,0,2,0,3248,3250,C
2-PB1,1924,3173,0,0,0,3173,A
2-PB1,1925,3246,0,0,0,3246,A
2-PB1,1926,0,3215,0,1,3216,T
2-PB1,1927,0,2,3200,1,3203,G
2-PB1,1928,1,1,0,3233,3235,C
2-PB1,1929,0,3241,0,1,3242,T
2-PB1,1930,0,0,3329,0,3329,G
2-PB1,1931,0,3312,0,2,3314,T
2-PB1,1932,3370,0,2,0,3372,A
2-PB1,1933,0,0,3373,0,3373,G
2-PB1,1934,0,3294,0,4,3298,T
2-PB1,1935,3284,0,1,0,3285,A
2-PB1,1936,3251,0,0,0,3251,A
2-PB1,1937,0,3225,0,0,3225,T
2-PB1,1938,0,3,3228,0,3231,G
2-PB1,1939,0,0,0,3149,3149,C
2-PB1,1940,3,1,0,3110,3114,C
2-PB1,1941,3054,1,1,0,3056,A
2-PB1,1942,2,2,3064,0,3068,G
2-PB1,1943,0,2,0,3111,3113,C
2-PB1,1944,5,0,0,3108,3113,C
2-PB1,1945,3,0,0,3127,3130,C
2-PB1,1946,3100,0,2,1,3103,A
2-PB1,1947,2,3101,0,3,3106,T
2-PB1,1948,0,7,3109,0,3116,G
2-PB1,1949,0,0,3134,0,3134,G
2-PB1,1950,0,3117,0,2,3119,T
2-PB1,1951,7,0,0,3050,3057,C
2-PB1,1952,5,1,0,3029,3035,C
2-PB1,1953,3019,0,1,0,3020,A
2-PB1,1954,2,3,3064,0,3069,G
2-PB1,1955,1,0,1,3038,3040,C
2-PB1,1956,6,1,0,3053,3060,C
2-PB1,1957,3071,0,1,0,3072,A
2-PB1,1958,3042,0,9,0,3051,A
2-PB1,1959,3048,0,0,0,3048,A
2-PB1,1960,3065,0,1,0,3066,A
2-PB1,1961,0,0,3101,0,3101,G
2-PB1,1962,0,2984,0,1,2985,T
2-PB1,1963,3030,0,0,0,3030,A
2-PB1,1964,0,3030,0,0,3030,T
2-PB1,1965,0,0,3036,0,3036,G
2-PB1,1966,0,4,3077,1,3082,G
2-PB1,1967,3082,0,0,0,3082,A
2-PB1,1968,3106,0,0,0,3106,A
2-PB1,1969,0,3085,0,2,3087,T
2-PB1,1970,3038,0,1,0,3039,A
2-PB1,1971,1,3031,0,0,3032,T
2-PB1,1972,0,3,3005,0,3008,G
2-PB1,1973,3024,1,0,0,3025,A
2-PB1,1974,1,3003,0,1,3005,T
2-PB1,1975,0,0,2933,0,2933,G
2-PB1,1976,0,0,2,2923,2925,C
2-PB1,1977,2,0,0,2909,2911,C
2-PB1,1978,2,2,2913,0,2917,G
2-PB1,1979,1,2915,0,3,2919,T
2-PB1,1980,0,2898,0,8,2906,T
2-PB1,1981,0,1,2912,0,2913,G
2-PB1,1982,1,0,1,2980,2982,C
2-PB1,1983,2993,0,0,0,2993,A
2-PB1,1984,3012,1,3,0,3016,A
2-PB1,1985,1,0,0,3035,3036,C
2-PB1,1986,0,3013,0,0,3013,T
2-PB1,1987,3007,0,1,0,3008,A
2-PB1,1988,1,1,0,3008,3010,C
2-PB1,1989,2991,1,2,0,2994,A
2-PB1,1990,0,0,0,3015,3015,C
2-PB1,1991,2885,0,0,0,2885,A
2-PB1,1992,1,0,0,3103,3104,C
2-PB1,1993,0,3017,0,0,3017,T
2-PB1,1994,8,1,0,3053,3062,C
2-PB1,1995,3,4,0,3064,3071,C
2-PB1,1996,0,3024,0,1,3025,T
2-PB1,1997,2,6,3032,0,3040,G
2-PB1,1998,0,5,3035,0,3040,G
2-PB1,1999,3048,0,0,0,3048,A
2-PB1,2000,0,3053,0,0,3053,T
2-PB1,2001,0,2763,0,0,2763,T
2-PB1,2002,6,1,0,2794,2801,C
2-PB1,2003,2,0,1,2793,2796,C
2-PB1,2004,7,1,0,2797,2805,C
2-PB1,2005,2825,0,0,0,2825,A
2-PB1,2006,2818,1,0,0,2819,A
2-PB1,2007,0,1,2824,0,2825,G
2-PB1,2008,2804,0,4,0,2808,A
2-PB1,2009,0,3,2808,0,2811,G
2-PB1,2010,1,5,2797,0,2803,G
2-PB1,2011,2781,0,1,0,2782,A
2-PB1,2012,2771,0,1,0,2772,A
2-PB1,2013,1,0,0,2763,2764,C
2-PB1,2014,3,0,0,2744,2747,C
2-PB1,2015,2,0,2784,0,2786,G
2-PB1,2016,2,0,1,2773,2776,C
2-PB1,2017,1,2775,0,2,2778,T
2-PB1,2018,7,0,0,2790,2797,C
2-PB1,2019,0,2775,1,0,2776,T
2-PB1,2020,2920,0,0,0,2920,A
2-PB1,2021,0,2925,0,2,2927,T
2-PB1,2022,1,2891,0,0,2892,T
2-PB1,2023,1,0,0,2932,2933,C
2-PB1,2024,0,2835,0,3,2838,T
2-PB1,2025,2840,0,0,0,2840,A
2-PB1,2026,2830,0,2,0,2832,A
2-PB1,2027,2826,0,1,0,2827,A
2-PB1,2028,2,1,0,2828,2831,C
2-PB1,2029,2645,0,1,0,2646,A
2-PB1,2030,0,1,0,2663,2664,C
2-PB1,2031,2640,0,1,0,2641,A
2-PB1,2032,2665,0,2,0,2667,A
2-PB1,2033,0,0,2668,0,2668,G
2-PB1,2034,0,1,1,2654,2656,C
2-PB1,2035,4,0,0,2677,2681,C
2-PB1,2036,2640,1,1,0,2642,A
2-PB1,2037,2625,0,0,0,2625,A
2-PB1,2038,2628,0,5,1,2634,A
2-PB1,2039,0,1,2645,0,2646,G
2-PB1,2040,2,5,2642,0,2649,G
2-PB1,2041,0,0,2607,0,2607,G
2-PB1,2042,1,3,2625,0,2629,G
2-PB1,2043,2614,1,2,0,2617,A
2-PB1,2044,2634,0,0,0,2634,A
2-PB1,2045,0,2633,0,2,2635,T
2-PB1,2046,0,2621,0,0,2621,T
2-PB1,2047,7,0,0,2631,2638,C
2-PB1,2048,0,2623,0,2,2625,T
2-PB1,2049,0,2623,0,1,2624,T
2-PB1,2050,1,1,2623,1,2626,G
2-PB1,2051,2618,0,2,0,2620,A
2-PB1,2052,1,5,2617,0,2623,G
2-PB1,2053,0,2,2620,0,2622,G
2-PB1,2054,2614,0,0,0,2614,A
2-PB1,2055,0,2602,0,1,2603,T
2-PB1,2056,1,5,2619,0,2625,G
2-PB1,2057,2621,0,0,0,2621,A
2-PB1,2058,2615,0,8,0,2623,A
2-PB1,2059,1,1,0,2633,2635,C
2-PB1,2060,2603,0,1,0,2604,A
2-PB1,2061,0,2,2627,0,2629,G
2-PB1,2062,2615,0,1,0,2616,A
2-PB1,2063,0,2620,0,1,2621,T
2-PB1,2064,1,0,2626,0,2627,G
2-PB1,2065,0,2649,0,3,2652,T
2-PB1,2066,2625,1,1,0,2627,A
2-PB1,2067,2,2,0,2625,2629,C
2-PB1,2068,3,0,0,2619,2622,C
2-PB1,2069,2608,0,0,0,2608,A
2-PB1,2070,2,3,2564,0,2569,G
2-PB1,2071,2532,0,1,0,2533,A
2-PB1,2072,2528,0,1,0,2529,A
2-PB1,2073,0,0,2549,0,2549,G
2-PB1,2074,0,2409,0,2,2411,T
2-PB1,2075,1,0,2419,0,2420,G
2-PB1,2076,2,0,0,2409,2411,C
2-PB1,2077,0,2419,0,3,2422,T
2-PB1,2078,2,0,2414,0,2416,G
2-PB1,2079,1,0,0,2416,2417,C
2-PB1,2080,2406,0,1,0,2407,A
2-PB1,2081,2400,0,1,0,2401,A
2-PB1,2082,0,0,0,2383,2383,C
2-PB1,2083,0,2374,0,3,2377,T
2-PB1,2084,0,2362,0,0,2362,T
2-PB1,2085,1,1,2353,0,2355,G
2-PB1,2086,0,2352,0,0,2352,T
2-PB1,2087,0,2335,0,0,2335,T
2-PB1,2088,10,0,0,2332,2342,C
2-PB1,2089,0,4,2355,0,2359,G
2-PB1,2090,2353,1,0,0,2354,A
2-PB1,2091,0,2,2344,0,2346,G
2-PB1,2092,2357,0,3,0,2360,A
2-PB1,2093,2350,0,0,0,2350,A
2-PB1,2094,2351,0,0,0,2351,A
2-PB1,2095,0,2339,0,0,2339,T
2-PB1,2096,0,2345,0,0,2345,T
2-PB1,2097,0,2339,0,1,2340,T
2-PB1,2098,0,2344,1,2,2347,T
2-PB1,2099,0,2326,0,1,2327,T
2-PB1,2100,7,2,0,2335,2344,C
2-PB1,2101,3,0,0,2324,2327,C
2-PB1,2102,5,0,1,2353,2359,C
2-PB1,2103,0,2356,0,1,2357,T
2-PB1,2104,2367,0,0,0,2367,A
2-PB1,2105,0,0,2366,0,2366,G
2-PB1,2106,0,2352,0,0,2352,T
2-PB1,2107,2381,0,0,0,2381,A
2-PB1,2108,0,0,2386,0,2386,G
2-PB1,2109,0,2350,0,1,2351,T
2-PB1,2110,0,2398,0,1,2399,T
2-PB1,2111,11,1,0,2401,2413,C
2-PB1,2112,2444,0,0,0,2444,A
2-PB1,2113,0,2440,0,0,2440,T
2-PB1,2114,2443,0,0,0,2443,A
2-PB1,2115,1,2438,0,0,2439,T
2-PB1,2116,2369,1,1,0,2371,A
2-PB1,2117,0,0,2352,0,2352,G
2-PB1,2118,0,2,2336,0,2338,G
2-PB1,2119,2107,0,1,0,2108,A
2-PB1,2120,0,5,2103,0,2108,G
2-PB1,2121,1973,0,2,0,1975,A
2-PB1,2122,1,0,0,1967,1968,C
2-PB1,2123,1,0,0,1896,1897,C
2-PB1,2124,2,0,1894,0,1896,G
2-PB1,2125,1892,0,1,0,1893,A
2-PB1,2126,0,1876,0,0,1876,T
2-PB1,2127,0,1877,0,1,1878,T
2-PB1,2128,0,2,1875,1,1878,G
2-PB1,2129,0,4,1864,0,1868,G
2-PB1,2130,1874,0,1,0,1875,A
2-PB1,2131,1887,0,0,0,1887,A
2-PB1,2132,0,1875,0,0,1875,T
2-PB1,2133,0,1881,0,0,1881,T
2-PB1,2134,0,1865,0,0,1865,T
2-PB1,2135,4,0,0,1876,1880,C
2-PB1,2136,0,1880,0,2,1882,T
2-PB1,2137,1870,0,0,0,1870,A
2-PB1,2138,1,0,1871,0,1872,G
2-PB1,2139,2,1,0,1862,1865,C
2-PB1,2140,1860,1,0,0,1861,A
2-PB1,2141,0,1852,0,0,1852,T
2-PB1,2142,1,0,1821,0,1822,G
2-PB1,2143,0,1,1869,0,1870,G
2-PB1,2144,0,1865,0,1,1866,T
2-PB1,2145,0,1,1860,0,1861,G
2-PB1,2146,0,1,1853,0,1854,G
2-PB1,2147,1829,0,3,0,1832,A
2-PB1,2148,2,1,1831,0,1834,G
2-PB1,2149,1,0,1825,0,1826,G
2-PB1,2150,0,0,0,1760,1760,C
2-PB1,2151,1,1,0,1786,1788,C
2-PB1,2152,1666,0,2,0,1668,A
2-PB1,2153,0,1666,0,0,1666,T
2-PB1,2154,0,2,1682,0,1684,G
2-PB1,2155,0,0,1699,0,1699,G
2-PB1,2156,1,1664,0,0,1665,T
2-PB1,2157,1,1,1702,0,1704,G
2-PB1,2158,0,1658,0,0,1658,T
2-PB1,2159,3,0,0,1640,1643,C
2-PB1,2160,0,1662,1,0,1663,T
2-PB1,2161,1638,1,1,0,1640,A
2-PB1,2162,0,0,1634,0,1634,G
2-PB1,2163,0,6,1598,0,1604,G
2-PB1,2164,0,0,1569,0,1569,G
2-PB1,2165,0,0,0,1525,1525,C
2-PB1,2166,1,0,0,1452,1453,C
2-PB1,2167,4,0,0,1433,1437,C
2-PB1,2168,1,3,1448,0,1452,G
2-PB1,2169,1,1,1458,0,1460,G
2-PB1,2170,1456,0,0,0,1456,A
2-PB1,2171,0,1437,0,0,1437,T
2-PB1,2172,0,1370,0,0,1370,T
2-PB1,2173,0,2,1368,0,1370,G
2-PB1,2174,1368,0,0,0,1368,A
2-PB1,2175,0,1374,0,0,1374,T
2-PB1,2176,0,1,1369,0,1370,G
2-PB1,2177,0,1,0,1346,1347,C
2-PB1,2178,1,2,0,1354,1357,C
2-PB1,2179,1338,0,0,0,1338,A
2-PB1,2180,0,5,1352,0,1357,G
2-PB1,2181,1357,0,0,0,1357,A
2-PB1,2182,1347,0,0,0,1347,A
2-PB1,2183,0,1338,1,0,1339,T
2-PB1,2184,0,1318,0,0,1318,T
2-PB1,2185,0,1,1319,0,1320,G
2-PB1,2186,1296,0,0,0,1296,A
2-PB1,2187,1,1,0,1302,1304,C
2-PB1,2188,0,1298,0,1,1299,T
2-PB1,2189,0,1276,0,0,1276,T
2-PB1,2190,0,0,0,1290,1290,C
2-PB1,2191,0,0,1294,0,1294,G
2-PB1,2192,1283,0,0,0,1283,A
2-PB1,2193,0,0,1262,0,1262,G
2-PB1,2194,0,1255,0,0,1255,T
2-PB1,2195,3,0,0,1268,1271,C
2-PB1,2196,0,1278,0,0,1278,T
2-PB1,2197,0,3,1273,0,1276,G
2-PB1,2198,0,0,1274,0,1274,G
2-PB1,2199,1275,0,0,0,1275,A
2-PB1,2200,1187,0,1,0,1188,A
2-PB1,2201,1,1,1185,0,1187,G
2-PB1,2202,0,0,1195,0,1195,G
2-PB1,2203,1192,0,0,0,1192,A
2-PB1,2204,0,1177,1,0,1178,T
2-PB1,2205,1,1187,0,0,1188,T
2-PB1,2206,1182,0,0,0,1182,A
2-PB1,2207,1181,0,0,0,1181,A
2-PB1,2208,0,2,1188,0,1190,G
2-PB1,2209,1188,1,0,0,1189,A
2-PB1,2210,1110,0,0,0,1110,A
2-PB1,2211,1,2,1026,0,1029,G
2-PB1,2212,0,2,1022,0,1024,G
2-PB1,2213,1025,1,1,0,1027,A
2-PB1,2214,1030,0,1,0,1031,A
2-PB1,2215,0,1,1025,0,1026,G
2-PB1,2216,938,0,1,0,939,A
2-PB1,2217,0,1,933,0,934,G
2-PB1,2218,0,891,0,0,891,T
2-PB1,2219,1,877,0,0,878,T
2-PB1,2220,0,1,0,888,889,C
2-PB1,2221,0,860,0,1,861,T
2-PB1,2222,1,0,0,866,867,C
2-PB1,2223,1,857,0,2,860,T
2-PB1,2224,0,0,860,0,860,G
2-PB1,2225,833,0,0,0,833,A
2-PB1,2226,0,2,818,0,820,G
2-PB1,2227,812,0,0,0,812,A
2-PB1,2228,0,785,0,0,785,T
2-PB1,2229,3,0,0,731,734,C
2-PB1,2230,734,0,0,0,734,A
2-PB1,2231,0,732,0,1,733,T
2-PB1,2232,0,0,732,0,732,G
2-PB1,2233,727,0,0,0,727,A
2-PB1,2234,729,0,1,0,730,A
2-PB1,2235,0,1,709,0,710,G
2-PB1,2236,699,0,0,0,699,A
2-PB1,2237,0,691,0,0,691,T
2-PB1,2238,3,0,0,684,687,C
2-PB1,2239,0,644,0,0,644,T
2-PB1,2240,0,0,643,0,643,G
2-PB1,2241,0,636,0,0,636,T
2-PB1,2242,0,631,0,0,631,T
2-PB1,2243,3,0,0,623,626,C
2-PB1,2244,1,1,0,608,610,C
2-PB1,2245,594,0,1,0,595,A
2-PB1,2246,0,1,0,604,605,C
2-PB1,2247,1,0,0,581,582,C
2-PB1,2248,564,0,1,0,565,A
2-PB1,2249,0,536,0,0,536,T
2-PB1,2250,0,518,0,1,519,T
2-PB1,2251,1,2,518,0,521,G
2-PB1,2252,513,0,0,0,513,A
2-PB1,2253,514,0,0,0,514,A
2-PB1,2254,0,1,507,0,508,G
2-PB1,2255,448,0,0,0,448,A
2-PB1,2256,441,0,0,0,441,A
2-PB1,2257,0,0,0,435,435,C
2-PB1,2258,0,408,0,0,408,T
2-PB1,2259,1,0,0,408,409,C
2-PB1,2260,394,0,0,0,394,A
2-PB1,2261,0,0,395,0,395,G
2-PB1,2262,394,0,0,0,394,A
2-PB1,2263,0,0,0,382,382,C
2-PB1,2264,1,1,365,0,367,G
2-PB1,2265,0,0,364,0,364,G
2-PB1,2266,0,0,0,357,357,C
2-PB1,2267,358,0,0,0,358,A
2-PB1,2268,359,0,0,0,359,A
2-PB1,2269,348,0,0,0,348,A
2-PB1,2270,350,0,0,0,350,A
2-PB1,2271,348,0,0,0,348,A
2-PB1,2272,0,342,0,0,342,T
2-PB1,2273,333,0,0,0,333,A
2-PB1,2274,328,0,0,0,328,A
3-PA,1,95,0,0,0,95,A
3-PA,2,0,97,0,0,97,T
3-PA,3,0,0,104,0,104,G
3-PA,4,0,0,104,0,104,G
3-PA,5,105,0,0,0,105,A
3-PA,6,102,0,0,0,102,A
3-PA,7,0,0,108,0,108,G
3-PA,8,113,0,0,0,113,A
3-PA,9,0,113,0,0,113,T
3-PA,10,0,114,0,0,114,T
3-PA,11,0,115,0,0,115,T
3-PA,12,0,114,0,0,114,T
3-PA,13,0,0,119,0,119,G
3-PA,14,0,118,0,0,118,T
3-PA,15,0,0,120,0,120,G
3-PA,16,0,0,0,124,124,C
3-PA,17,0,0,123,0,123,G
3-PA,18,143,0,0,0,143,A
3-PA,19,0,0,0,145,145,C
3-PA,20,145,0,0,0,145,A
3-PA,21,148,0,0,0,148,A
3-PA,22,0,150,0,0,150,T
3-PA,23,0,0,167,0,167,G
3-PA,24,0,0,0,173,173,C
3-PA,25,0,171,0,1,172,T
3-PA,26,0,174,0,0,174,T
3-PA,27,0,0,0,174,174,C
3-PA,28,179,0,0,0,179,A
3-PA,29,181,0,0,0,181,A
3-PA,30,0,0,0,184,184,C
3-PA,31,0,0,0,186,186,C
3-PA,32,0,0,0,187,187,C
3-PA,33,1,0,190,0,191,G
3-PA,34,187,0,0,0,187,A
3-PA,35,0,190,0,0,190,T
3-PA,36,0,0,189,0,189,G
3-PA,37,192,0,0,0,192,A
3-PA,38,0,201,0,0,201,T
3-PA,39,0,199,0,0,199,T
3-PA,40,0,0,200,0,200,G
3-PA,41,0,200,0,0,200,T
3-PA,42,0,0,0,201,201,C
3-PA,43,0,1,200,0,201,G
3-PA,44,199,0,0,1,200,A
3-PA,45,199,0,2,0,201,A
3-PA,46,0,0,0,204,204,C
3-PA,47,0,206,0,0,206,T
3-PA,48,0,205,0,0,205,T
3-PA,49,0,0,207,0,207,G
3-PA,50,0,0,0,209,209,C
3-PA,51,209,0,0,0,209,A
3-PA,52,0,1,211,0,212,G
3-PA,53,211,0,0,0,211,A
3-PA,54,212,0,0,0,212,A
3-PA,55,211,0,0,0,211,A
3-PA,56,213,0,0,0,213,A
3-PA,57,214,0,0,0,214,A
3-PA,58,0,0,223,0,223,G
3-PA,59,0,0,0,228,228,C
3-PA,60,227,0,0,0,227,A
3-PA,61,236,0,0,0,236,A
3-PA,62,0,240,0,0,240,T
3-PA,63,0,0,247,0,247,G
3-PA,64,249,0,0,0,249,A
3-PA,65,251,0,0,0,251,A
3-PA,66,253,0,0,0,253,A
3-PA,67,0,0,268,0,268,G
3-PA,68,282,0,0,0,282,A
3-PA,69,0,0,342,0,342,G
3-PA,70,0,333,0,0,333,T
3-PA,71,344,0,0,0,344,A
3-PA,72,0,344,0,0,344,T
3-PA,73,0,0,343,0,343,G
3-PA,74,0,0,348,0,348,G
3-PA,75,0,0,349,0,349,G
3-PA,76,0,2,347,0,349,G
3-PA,77,342,0,1,0,343,A
3-PA,78,0,1,345,0,346,G
3-PA,79,0,2,353,0,355,G
3-PA,80,346,0,0,1,347,A
3-PA,81,0,351,0,0,351,T
3-PA,82,0,0,0,361,361,C
3-PA,83,0,360,0,0,360,T
3-PA,84,0,3,357,0,360,G
3-PA,85,361,0,0,0,361,A
3-PA,86,363,0,0,0,363,A
3-PA,87,361,0,0,0,361,A
3-PA,88,358,0,0,0,358,A
3-PA,89,0,358,0,0,358,T
3-PA,90,0,357,0,0,357,T
3-PA,91,0,1,358,0,359,G
3-PA,92,358,0,0,0,358,A
3-PA,93,356,0,0,0,356,A
3-PA,94,358,0,0,0,358,A
3-PA,95,0,0,0,361,361,C
3-PA,96,364,0,0,0,364,A
3-PA,97,363,0,0,0,363,A
3-PA,98,363,0,0,0,363,A
3-PA,99,0,0,0,363,363,C
3-PA,100,366,0,0,0,366,A
3-PA,101,367,0,0,0,367,A
3-PA,102,369,0,0,0,369,A
3-PA,103,0,369,0,0,369,T
3-PA,104,0,370,0,0,370,T
3-PA,105,0,369,0,0,369,T
3-PA,106,0,0,367,0,367,G
3-PA,107,0,0,0,370,370,C
3-PA,108,372,0,1,0,373,A
3-PA,109,0,0,388,0,388,G
3-PA,110,0,0,0,392,392,C
3-PA,111,413,0,0,0,413,A
3-PA,112,418,0,0,0,418,A
3-PA,113,0,421,0,0,421,T
3-PA,114,433,0,0,0,433,A
3-PA,115,0,435,0,0,435,T
3-PA,116,0,1,441,0,442,G
3-PA,117,0,1,0,438,439,C
3-PA,118,443,0,0,0,443,A
3-PA,119,0,0,0,448,448,C
3-PA,120,1,442,0,0,443,T
3-PA,121,1,0,0,522,523,C
3-PA,122,531,0,0,0,531,A
3-PA,123,0,0,0,553,553,C
3-PA,124,0,551,0,0,551,T
3-PA,125,0,553,0,0,553,T
3-PA,126,0,0,558,0,558,G
3-PA,127,0,2,557,0,559,G
3-PA,128,554,1,1,0,556,A
3-PA,129,0,0,573,0,573,G
3-PA,130,0,0,578,0,578,G
3-PA,131,0,554,0,0,554,T
3-PA,132,0,0,580,0,580,G
3-PA,133,0,581,0,1,582,T
3-PA,134,0,0,591,0,591,G
3-PA,135,0,592,0,1,593,T
3-PA,136,0,593,0,0,593,T
3-PA,137,0,594,0,1,595,T
3-PA,138,1,0,0,597,598,C
3-PA,139,598,0,0,0,598,A
3-PA,140,0,604,0,0,604,T
3-PA,141,0,0,615,0,615,G
3-PA,142,0,604,0,0,604,T
3-PA,143,617,0,0,0,617,A
3-PA,144,0,617,0,0,617,T
3-PA,145,1,618,0,0,619,T
3-PA,146,0,0,0,616,616,C
3-PA,147,611,0,0,0,611,A
3-PA,148,0,1,618,0,619,G
3-PA,149,620,0,0,0,620,A
3-PA,150,0,624,0,0,624,T
3-PA,151,0,623,0,1,624,T
3-PA,152,0,626,0,0,626,T
3-PA,153,1,0,0,616,617,C
3-PA,154,0,0,0,628,628,C
3-PA,155,631,0,0,0,631,A
3-PA,156,0,631,1,0,632,T
3-PA,157,0,630,0,0,630,T
3-PA,158,0,635,0,0,635,T
3-PA,159,1,0,0,631,632,C
3-PA,160,635,0,1,0,636,A
3-PA,161,0,659,0,1,660,T
3-PA,162,0,0,0,661,661,C
3-PA,163,656,0,0,0,656,A
3-PA,164,655,0,0,0,655,A
3-PA,165,0,658,0,0,658,T
3-PA,166,0,5,675,0,680,G
3-PA,167,685,0,0,0,685,A
3-PA,168,680,0,0,0,680,A
3-PA,169,0,1,0,685,686,C
3-PA,170,677,0,0,0,677,A
3-PA,171,682,0,0,0,682,A
3-PA,172,0,0,691,0,691,G
3-PA,173,0,0,688,0,688,G
3-PA,174,0,0,0,693,693,C
3-PA,175,1,3,682,1,687,G
3-PA,176,722,0,0,0,722,A
3-PA,177,727,0,0,1,728,A
3-PA,178,0,728,0,0,728,T
3-PA,179,4,0,0,727,731,C
3-PA,180,734,0,0,0,734,A
3-PA,181,730,1,0,0,731,A
3-PA,182,0,742,0,0,742,T
3-PA,183,739,0,0,0,739,A
3-PA,184,2,1,753,0,756,G
3-PA,185,0,746,0,1,747,T
3-PA,186,0,0,753,0,753,G
3-PA,187,0,0,751,0,751,G
3-PA,188,0,742,0,0,742,T
3-PA,189,756,0,1,0,757,A
3-PA,190,0,2,761,0,763,G
3-PA,191,762,0,1,0,763,A
3-PA,192,767,0,0,0,767,A
3-PA,193,0,0,0,762,762,C
3-PA,194,0,751,0,0,751,T
3-PA,195,1,753,0,0,754,T
3-PA,196,0,3,751,0,754,G
3-PA,197,743,0,4,0,747,A
3-PA,198,0,0,0,754,754,C
3-PA,199,0,2,741,0,743,G
3-PA,200,763,0,0,0,763,A
3-PA,201,0,780,0,1,781,T
3-PA,202,1,0,0,790,791,C
3-PA,203,1,0,0,793,794,C
3-PA,204,794,0,0,0,794,A
3-PA,205,792,0,0,0,792,A
3-PA,206,792,0,1,0,793,A
3-PA,207,0,789,0,0,789,T
3-PA,208,0,0,793,0,793,G
3-PA,209,0,0,0,787,787,C
3-PA,210,781,0,1,0,782,A
3-PA,211,0,0,0,793,793,C
3-PA,212,0,790,0,0,790,T
3-PA,213,0,0,900,0,900,G
3-PA,214,0,902,0,0,902,T
3-PA,215,0,899,0,0,899,T
3-PA,216,900,0,0,0,900,A
3-PA,217,895,0,0,0,895,A
3-PA,218,894,0,1,0,895,A
3-PA,219,0,0,897,0,897,G
3-PA,220,0,2,0,886,888,C
3-PA,221,882,0,0,0,882,A
3-PA,222,0,0,0,886,886,C
3-PA,223,850,0,0,0,850,A
3-PA,224,0,1,890,0,891,G
3-PA,225,884,0,0,0,884,A
3-PA,226,0,885,0,0,885,T
3-PA,227,0,892,0,0,892,T
3-PA,228,0,881,0,1,882,T
3-PA,229,0,0,886,0,886,G
3-PA,230,882,0,0,0,882,A
3-PA,231,886,0,0,0,886,A
3-PA,232,886,0,0,0,886,A
3-PA,233,0,866,0,0,866,T
3-PA,234,876,0,0,0,876,A
3-PA,235,880,0,0,0,880,A
3-PA,236,0,874,0,0,874,T
3-PA,237,0,0,0,884,884,C
3-PA,238,0,1,887,0,888,G
3-PA,239,872,0,0,0,872,A
3-PA,240,0,2,882,0,884,G
3-PA,241,0,2,887,0,889,G
3-PA,242,0,1,890,0,891,G
3-PA,243,0,0,892,0,892,G
3-PA,244,875,0,0,0,875,A
3-PA,245,0,0,890,0,890,G
3-PA,246,912,0,0,0,912,A
3-PA,247,0,1,917,0,918,G
3-PA,248,919,0,0,0,919,A
3-PA,249,0,0,0,927,927,C
3-PA,250,916,0,0,0,916,A
3-PA,251,0,2,929,0,931,G
3-PA,252,928,0,4,0,932,A
3-PA,253,934,0,1,0,935,A
3-PA,254,0,0,0,930,930,C
3-PA,255,914,0,0,0,914,A
3-PA,256,907,0,0,0,907,A
3-PA,257,0,905,0,0,905,T
3-PA,258,0,1,940,0,941,G
3-PA,259,0,0,936,0,936,G
3-PA,260,0,0,0,930,930,C
3-PA,261,0,0,0,939,939,C
3-PA,262,0,929,0,2,931,T
3-PA,263,0,1,951,0,952,G
3-PA,264,0,2,951,0,953,G
3-PA,265,950,0,0,0,950,A
3-PA,266,0,1,0,957,958,C
3-PA,267,932,0,0,0,932,A
3-PA,268,0,0,1047,0,1047,G
3-PA,269,0,1048,1,1,1050,T
3-PA,270,1073,0,0,0,1073,A
3-PA,271,0,0,1069,0,1069,G
3-PA,272,0,1048,0,1,1049,T
3-PA,273,1061,0,1,0,1062,A
3-PA,274,1060,0,0,0,1060,A
3-PA,275,1056,0,0,1,1057,A
3-PA,276,0,0,0,1066,1066,C
3-PA,277,1013,1,0,0,1014,A
3-PA,278,0,0,1036,0,1036,G
3-PA,279,0,1004,1,0,1005,T
3-PA,280,1033,0,0,0,1033,A
3-PA,281,0,1024,0,2,1026,T
3-PA,282,4,0,0,1037,1041,C
3-PA,283,0,1039,0,2,1041,T
3-PA,284,0,1,1044,0,1045,G
3-PA,285,1,0,0,1036,1037,C
3-PA,286,1038,0,1,0,1039,A
3-PA,287,1033,1,1,0,1035,A
3-PA,288,0,0,0,1030,1030,C
3-PA,289,1032,0,0,0,1032,A
3-PA,290,0,0,0,1068,1068,C
3-PA,291,0,1059,0,0,1059,T
3-PA,292,1057,1,0,0,1058,A
3-PA,293,1,0,0,1060,1061,C
3-PA,294,0,1054,0,0,1054,T
3-PA,295,0,2,1056,0,1058,G
3-PA,296,0,0,1044,0,1044,G
3-PA,297,1040,0,0,0,1040,A
3-PA,298,0,0,1043,0,1043,G
3-PA,299,0,0,0,1017,1017,C
3-PA,300,0,1031,0,1,1032,T
3-PA,301,0,1,1034,0,1035,G
3-PA,302,0,2,1026,0,1028,G
3-PA,303,1024,0,0,0,1024,A
3-PA,304,1035,0,0,0,1035,A
3-PA,305,1030,0,0,0,1030,A
3-PA,306,1028,0,0,1,1029,A
3-PA,307,1,0,0,1028,1029,C
3-PA,308,3,0,0,1027,1030,C
3-PA,309,1,1,1030,0,1032,G
3-PA,310,1029,0,0,0,1029,A
3-PA,311,1035,0,0,0,1035,A
3-PA,312,0,0,1039,0,1039,G
3-PA,313,0,1028,0,0,1028,T
3-PA,314,0,1039,0,1,1040,T
3-PA,315,1,1032,0,0,1033,T
3-PA,316,0,0,1,1052,1053,C
3-PA,317,0,1049,0,0,1049,T
3-PA,318,1051,0,0,0,1051,A
3-PA,319,0,0,0,1049,1049,C
3-PA,320,1,1,0,1057,1059,C
3-PA,321,1052,0,0,0,1052,A
3-PA,322,1,4,1050,0,1055,G
3-PA,323,1054,0,0,0,1054,A
3-PA,324,0,0,0,1028,1028,C
3-PA,325,0,1057,0,1,1058,T
3-PA,326,0,1069,0,0,1069,T
3-PA,327,0,0,1074,0,1074,G
3-PA,328,0,1073,0,0,1073,T
3-PA,329,1077,0,1,0,1078,A
3-PA,330,1,1072,0,0,1073,T
3-PA,331,0,5,1061,0,1066,G
3-PA,332,1099,1,0,0,1100,A
3-PA,333,0,1082,0,1,1083,T
3-PA,334,2,1089,0,0,1091,T
3-PA,335,1089,0,0,0,1089,A
3-PA,336,0,0,0,1085,1085,C
3-PA,337,1076,0,0,0,1076,A
3-PA,338,1075,0,1,0,1076,A
3-PA,339,0,1,1076,0,1077,G
3-PA,340,0,1,1086,0,1087,G
3-PA,341,1032,0,0,0,1032,A
3-PA,342,0,3,1032,0,1035,G
3-PA,343,1035,0,1,0,1036,A
3-PA,344,1033,0,1,0,1034,A
3-PA,345,0,1,0,1041,1042,C
3-PA,346,1029,1,1,0,1031,A
3-PA,347,0,1,1032,0,1033,G
3-PA,348,1031,0,0,0,1031,A
3-PA,349,0,1022,0,0,1022,T
3-PA,350,0,1022,0,1,1023,T
3-PA,351,4,0,0,1006,1010,C
3-PA,352,1014,0,0,0,1014,A
3-PA,353,0,1004,0,1,1005,T
3-PA,354,2,0,0,1008,1010,C
3-PA,355,0,2,1007,0,1009,G
3-PA,356,1012,0,0,0,1012,A
3-PA,357,1006,0,0,0,1006,A
3-PA,358,1010,0,0,0,1010,A
3-PA,359,0,1005,0,0,1005,T
3-PA,360,0,1007,0,0,1007,T
3-PA,361,0,2,1004,0,1006,G
3-PA,362,0,1,996,0,997,G
3-PA,363,1,0,990,0,991,G
3-PA,364,0,1,1005,0,1006,G
3-PA,365,0,980,0,0,980,T
3-PA,366,1,4,1005,0,1010,G
3-PA,367,1017,0,0,0,1017,A
3-PA,368,0,0,0,1026,1026,C
3-PA,369,1028,0,0,0,1028,A
3-PA,370,1031,0,1,0,1032,A
3-PA,371,1,2,1042,0,1045,G
3-PA,372,0,4,1042,0,1046,G
3-PA,373,1042,0,0,0,1042,A
3-PA,374,0,1,1042,0,1043,G
3-PA,375,1037,0,2,0,1039,A
3-PA,376,0,0,1035,0,1035,G
3-PA,377,1022,0,1,0,1023,A
3-PA,378,1031,0,0,0,1031,A
3-PA,379,1,0,1052,0,1053,G
3-PA,380,1,1028,0,0,1029,T
3-PA,381,1,0,0,1038,1039,C
3-PA,382,3,0,0,1038,1041,C
3-PA,383,1044,0,0,0,1044,A
3-PA,384,0,1,0,1073,1074,C
3-PA,385,1072,0,0,0,1072,A
3-PA,386,0,1095,0,0,1095,T
3-PA,387,1120,1,0,0,1121,A
3-PA,388,0,1097,0,0,1097,T
3-PA,389,1096,0,0,0,1096,A
3-PA,390,0,1079,0,0,1079,T
3-PA,391,0,1066,0,1,1067,T
3-PA,392,1067,0,0,0,1067,A
3-PA,393,0,988,0,1,989,T
3-PA,394,2,1,0,1031,1034,C
3-PA,395,0,1031,0,2,1033,T
3-PA,396,0,1035,0,0,1035,T
3-PA,397,0,0,1036,0,1036,G
3-PA,398,1036,0,0,0,1036,A
3-PA,399,1038,0,1,0,1039,A
3-PA,400,1034,0,1,0,1035,A
3-PA,401,986,0,1,0,987,A
3-PA,402,0,0,993,0,993,G
3-PA,403,1,0,997,0,998,G
3-PA,404,0,1,0,1001,1002,C
3-PA,405,1,1,0,1005,1007,C
3-PA,406,1007,0,0,0,1007,A
3-PA,407,1000,0,0,0,1000,A
3-PA,408,0,1005,0,0,1005,T
3-PA,409,1006,0,0,0,1006,A
3-PA,410,1007,0,0,0,1007,A
3-PA,411,0,2,1016,0,1018,G
3-PA,412,1015,0,0,0,1015,A
3-PA,413,0,999,0,0,999,T
3-PA,414,0,1008,0,0,1008,T
3-PA,415,1008,0,0,0,1008,A
3-PA,416,1008,0,0,0,1008,A
3-PA,417,1003,0,0,0,1003,A
3-PA,418,0,996,0,0,996,T
3-PA,419,1,0,0,1009,1010,C
3-PA,420,0,988,0,0,988,T
3-PA,421,1,4,990,0,995,G
3-PA,422,993,0,0,0,993,A
3-PA,423,0,6,1002,0,1008,G
3-PA,424,1005,0,1,0,1006,A
3-PA,425,1002,0,0,0,1002,A
3-PA,426,0,0,0,1009,1009,C
3-PA,427,998,0,0,0,998,A
3-PA,428,0,0,0,1008,1008,C
3-PA,429,1010,0,1,0,1011,A
3-PA,430,0,0,0,1024,1024,C
3-PA,431,1007,0,0,0,1007,A
3-PA,432,0,0,0,1036,1036,C
3-PA,433,1024,0,0,0,1024,A
3-PA,434,0,1027,0,0,1027,T
3-PA,435,0,1009,0,0,1009,T
3-PA,436,2,0,0,1024,1026,C
3-PA,437,1020,0,0,0,1020,A
3-PA,438,0,0,0,1033,1033,C
3-PA,439,1021,0,0,0,1021,A
3-PA,440,0,1020,0,0,1020,T
3-PA,441,0,991,0,0,991,T
3-PA,442,0,1002,0,0,1002,T
3-PA,443,0,1002,0,0,1002,T
3-PA,444,0,0,0,1010,1010,C
3-PA,445,0,1012,0,0,1012,T
3-PA,446,2,0,0,1012,1014,C
3-PA,447,1005,0,0,0,1005,A
3-PA,448,0,1005,0,0,1005,T
3-PA,449,0,1012,0,0,1012,T
3-PA,450,1,0,0,1014,1015,C
3-PA,451,1009,0,1,0,1010,A
3-PA,452,0,0,0,1020,1020,C
3-PA,453,0,1010,0,1,1011,T
3-PA,454,0,1,1031,0,1032,G
3-PA,455,0,1,1021,0,1022,G
3-PA,456,1,2,1015,0,1018,G
3-PA,457,0,0,1020,0,1020,G
3-PA,458,1005,0,1,0,1006,A
3-PA,459,0,2,1016,0,1018,G
3-PA,460,0,0,1022,0,1022,G
3-PA,461,1020,0,0,0,1020,A
3-PA,462,1018,0,1,0,1019,A
3-PA,463,1010,0,0,0,1010,A
3-PA,464,0,987,0,0,987,T
3-PA,465,1,0,979,0,980,G
3-PA,466,1,0,971,0,972,G
3-PA,467,1,0,0,973,974,C
3-PA,468,2,0,0,967,969,C
3-PA,469,976,1,0,0,977,A
3-PA,470,0,0,0,985,985,C
3-PA,471,986,0,0,0,986,A
3-PA,472,992,0,0,0,992,A
3-PA,473,988,0,0,1,989,A
3-PA,474,0,0,991,0,991,G
3-PA,475,0,0,993,0,993,G
3-PA,476,0,0,0,996,996,C
3-PA,477,999,0,0,0,999,A
3-PA,478,0,1,1007,0,1008,G
3-PA,479,1001,0,0,0,1001,A
3-PA,480,2,0,0,1013,1015,C
3-PA,481,0,1022,0,0,1022,T
3-PA,482,1023,0,0,0,1023,A
3-PA,483,0,1,0,1021,1022,C
3-PA,484,1004,0,0,0,1004,A
3-PA,485,0,0,0,1017,1017,C
3-PA,486,0,985,0,0,985,T
3-PA,487,0,1,0,1003,1004,C
3-PA,488,1,985,0,0,986,T
3-PA,489,0,0,0,994,994,C
3-PA,490,0,2,984,0,986,G
3-PA,491,996,0,1,0,997,A
3-PA,492,0,2,0,985,987,C
3-PA,493,0,1,994,0,995,G
3-PA,494,988,0,0,0,988,A
3-PA,495,0,2,985,0,987,G
3-PA,496,0,1,989,0,990,G
3-PA,497,989,0,0,0,989,A
3-PA,498,991,0,1,0,992,A
3-PA,499,986,1,1,0,988,A
3-PA,500,0,0,980,0,980,G
3-PA,501,0,1,0,985,986,C
3-PA,502,983,1,1,0,985,A
3-PA,503,0,0,1007,0,1007,G
3-PA,504,0,0,1002,0,1002,G
3-PA,505,0,0,1003,0,1003,G
3-PA,506,0,0,0,1002,1002,C
3-PA,507,0,1002,0,1,1003,T
3-PA,508,1009,0,0,0,1009,A
3-PA,509,0,2,1011,0,1013,G
3-PA,510,3,0,1066,0,1069,G
3-PA,511,1070,0,0,0,1070,A
3-PA,512,0,1043,0,0,1043,T
3-PA,513,0,1024,0,0,1024,T
3-PA,514,1021,0,0,0,1021,A
3-PA,515,1024,0,0,0,1024,A
3-PA,516,0,3,1024,0,1027,G
3-PA,517,1016,0,0,0,1016,A
3-PA,518,0,0,0,1017,1017,C
3-PA,519,0,0,0,958,958,C
3-PA,520,952,0,0,0,952,A
3-PA,521,0,0,963,0,963,G
3-PA,522,1,0,958,0,959,G
3-PA,523,1,0,0,953,954,C
3-PA,524,0,949,0,0,949,T
3-PA,525,0,0,974,0,974,G
3-PA,526,0,964,0,0,964,T
3-PA,527,0,967,0,0,967,T
3-PA,528,0,970,0,1,971,T
3-PA,529,962,0,0,0,962,A
3-PA,530,1,0,0,974,975,C
3-PA,531,3,1,0,958,962,C
3-PA,532,958,0,0,0,958,A
3-PA,533,0,953,0,0,953,T
3-PA,534,911,0,1,0,912,A
3-PA,535,906,0,1,0,907,A
3-PA,536,0,2,917,0,919,G
3-PA,537,919,0,0,0,919,A
3-PA,538,0,0,0,925,925,C
3-PA,539,899,0,1,0,900,A
3-PA,540,900,0,0,0,900,A
3-PA,541,0,0,906,1,907,G
3-PA,542,909,0,0,0,909,A
3-PA,543,903,0,0,0,903,A
3-PA,544,892,0,0,0,892,A
3-PA,545,0,866,0,0,866,T
3-PA,546,0,0,897,0,897,G
3-PA,547,0,0,891,0,891,G
3-PA,548,1,0,0,887,888,C
3-PA,549,1,0,0,893,894,C
3-PA,550,894,0,0,0,894,A
3-PA,551,893,0,0,0,893,A
3-PA,552,0,840,0,0,840,T
3-PA,553,863,0,1,0,864,A
3-PA,554,0,0,858,0,858,G
3-PA,555,863,0,0,0,863,A
3-PA,556,0,1,853,0,854,G
3-PA,557,1,0,866,0,867,G
3-PA,558,0,0,0,859,859,C
3-PA,559,2,0,0,856,858,C
3-PA,560,0,845,0,0,845,T
3-PA,561,4,0,0,851,855,C
3-PA,562,0,864,0,1,865,T
3-PA,563,1,0,861,0,862,G
3-PA,564,1,1,858,0,860,G
3-PA,565,0,1,853,0,854,G
3-PA,566,848,0,0,0,848,A
3-PA,567,0,826,0,1,827,T
3-PA,568,0,816,0,0,816,T
3-PA,569,2,0,0,905,907,C
3-PA,570,1,0,0,899,900,C
3-PA,571,0,904,0,0,904,T
3-PA,572,0,897,0,0,897,T
3-PA,573,0,908,0,0,908,T
3-PA,574,2,0,0,916,918,C
3-PA,575,1,1,918,0,920,G
3-PA,576,0,910,0,0,910,T
3-PA,577,2,0,0,914,916,C
3-PA,578,907,0,0,0,907,A
3-PA,579,0,0,1019,0,1019,G
3-PA,580,0,1018,0,0,1018,T
3-PA,581,4,0,0,1008,1012,C
3-PA,582,3,3,0,1004,1010,C
3-PA,583,1,0,1023,0,1024,G
3-PA,584,1024,0,1,0,1025,A
3-PA,585,1027,0,2,0,1029,A
3-PA,586,1023,0,2,0,1025,A
3-PA,587,0,5,1035,0,1040,G
3-PA,588,1005,0,1,0,1006,A
3-PA,589,0,2,1025,0,1027,G
3-PA,590,0,0,1025,0,1025,G
3-PA,591,0,0,0,1029,1029,C
3-PA,592,0,1,1039,0,1040,G
3-PA,593,1037,0,0,0,1037,A
3-PA,594,1049,0,0,0,1049,A
3-PA,595,0,2,1043,0,1045,G
3-PA,596,1052,1,0,0,1053,A
3-PA,597,1048,0,1,0,1049,A
3-PA,598,1037,0,2,0,1039,A
3-PA,599,1,1,0,1061,1063,C
3-PA,600,1057,0,0,0,1057,A
3-PA,601,1058,0,0,0,1058,A
3-PA,602,0,1056,0,0,1056,T
3-PA,603,0,1056,0,2,1058,T
3-PA,604,1,4,1051,0,1056,G
3-PA,605,1050,0,0,0,1050,A
3-PA,606,1056,0,0,0,1056,A
3-PA,607,0,5,1049,0,1054,G
3-PA,608,1052,0,0,0,1052,A
3-PA,609,1040,0,0,0,1040,A
3-PA,610,1047,0,0,0,1047,A
3-PA,611,1059,0,0,0,1059,A
3-PA,612,1054,0,0,0,1054,A
3-PA,613,0,1052,0,0,1052,T
3-PA,614,0,1059,0,0,1059,T
3-PA,615,0,1055,0,0,1055,T
3-PA,616,0,2,1054,0,1056,G
3-PA,617,1052,0,1,0,1053,A
3-PA,618,1060,0,0,0,1060,A
3-PA,619,1054,0,3,0,1057,A
3-PA,620,0,1071,0,0,1071,T
3-PA,621,5,0,0,1187,1192,C
3-PA,622,1182,0,1,0,1183,A
3-PA,623,0,0,0,1214,1214,C
3-PA,624,1198,1,2,0,1201,A
3-PA,625,1,0,1247,0,1248,G
3-PA,626,0,4,1277,0,1281,G
3-PA,627,1301,0,2,0,1303,A
3-PA,628,1318,0,0,0,1318,A
3-PA,629,0,2,0,1335,1337,C
3-PA,630,0,1305,0,0,1305,T
3-PA,631,1408,0,0,0,1408,A
3-PA,632,0,1410,0,0,1410,T
3-PA,633,1,2,1467,0,1470,G
3-PA,634,0,0,0,1465,1465,C
3-PA,635,3,0,1444,0,1447,G
3-PA,636,0,1427,0,0,1427,T
3-PA,637,1424,0,0,0,1424,A
3-PA,638,0,2,1433,0,1435,G
3-PA,639,0,2,1417,0,1419,G
3-PA,640,0,2,0,1409,1411,C
3-PA,641,1,1388,0,0,1389,T
3-PA,642,1,1381,0,2,1384,T
3-PA,643,0,0,1379,0,1379,G
3-PA,644,1,1,0,1370,1372,C
3-PA,645,1,1,0,1382,1384,C
3-PA,646,1,5,1388,0,1394,G
3-PA,647,1386,0,1,0,1387,A
3-PA,648,0,0,0,1403,1403,C
3-PA,649,5,0,0,1388,1393,C
3-PA,650,1413,0,0,0,1413,A
3-PA,651,1411,0,0,0,1411,A
3-PA,652,1412,0,1,0,1413,A
3-PA,653,0,0,1434,0,1434,G
3-PA,654,0,1417,0,0,1417,T
3-PA,655,5,0,0,1428,1433,C
3-PA,656,0,1426,0,1,1427,T
3-PA,657,1,0,0,1435,1436,C
3-PA,658,2,0,0,1440,1442,C
3-PA,659,0,1,0,1449,1450,C
3-PA,660,1452,0,0,0,1452,A
3-PA,661,1,1,0,1462,1464,C
3-PA,662,1,1,0,1450,1452,C
3-PA,663,0,0,1462,0,1462,G
3-PA,664,1464,0,0,0,1464,A
3-PA,665,1469,0,0,1,1470,A
3-PA,666,0,0,0,1485,1485,C
3-PA,667,0,1470,0,1,1471,T
3-PA,668,0,1497,0,0,1497,T
3-PA,669,3,0,0,1529,1532,C
3-PA,670,1,1516,0,0,1517,T
3-PA,671,7,0,0,1527,1534,C
3-PA,672,0,0,0,1530,1530,C
3-PA,673,0,1516,0,0,1516,T
3-PA,674,0,0,1530,0,1530,G
3-PA,675,0,0,0,1528,1528,C
3-PA,676,4,0,0,1522,1526,C
3-PA,677,0,1529,0,0,1529,T
3-PA,678,0,1525,0,0,1525,T
3-PA,679,0,4,1526,0,1530,G
3-PA,680,1513,1,1,0,1515,A
3-PA,681,1,3,1544,0,1548,G
3-PA,682,1546,0,0,0,1546,A
3-PA,683,1549,0,0,0,1549,A
3-PA,684,0,1575,0,0,1575,T
3-PA,685,0,1583,0,0,1583,T
3-PA,686,0,1578,0,0,1578,T
3-PA,687,0,1583,0,0,1583,T
3-PA,688,1585,0,0,0,1585,A
3-PA,689,0,2,1580,0,1582,G
3-PA,690,1568,0,0,0,1568,A
3-PA,691,4,0,1612,0,1616,G
3-PA,692,0,1,0,1602,1603,C
3-PA,693,0,0,0,1624,1624,C
3-PA,694,0,1649,0,1,1650,T
3-PA,695,1700,1,0,0,1701,A
3-PA,696,0,1714,0,0,1714,T
3-PA,697,1,0,1720,0,1721,G
3-PA,698,0,1724,0,1,1725,T
3-PA,699,0,3,1725,0,1728,G
3-PA,700,2,2,1687,0,1691,G
3-PA,701,1688,0,0,0,1688,A
3-PA,702,0,1682,0,0,1682,T
3-PA,703,1,3,1664,0,1668,G
3-PA,704,0,5,1703,0,1708,G
3-PA,705,1705,0,3,0,1708,A
3-PA,706,0,1703,0,0,1703,T
3-PA,707,0,1700,0,0,1700,T
3-PA,708,4,0,0,1695,1699,C
3-PA,709,3,8,1690,0,1701,G
3-PA,710,1708,0,1,0,1709,A
3-PA,711,1713,0,0,0,1713,A
3-PA,712,0,0,0,1712,1712,C
3-PA,713,0,1,0,1666,1667,C
3-PA,714,4,2,1665,0,1671,G
3-PA,715,1666,0,0,0,1666,A
3-PA,716,1658,0,1,0,1659,A
3-PA,717,0,1,0,1692,1693,C
3-PA,718,1,0,1678,0,1679,G
3-PA,719,0,2,1695,0,1697,G
3-PA,720,0,0,0,1724,1724,C
3-PA,721,0,1704,0,4,1708,T
3-PA,722,1,0,1743,0,1744,G
3-PA,723,0,1,0,1750,1751,C
3-PA,724,1768,0,1,0,1769,A
3-PA,725,0,1769,0,0,1769,T
3-PA,726,0,1750,0,1,1751,T
3-PA,727,4,2,1750,0,1756,G
3-PA,728,1699,0,2,0,1701,A
3-PA,729,0,2,1709,0,1711,G
3-PA,730,0,3,1710,0,1713,G
3-PA,731,0,0,1705,0,1705,G
3-PA,732,0,0,0,1689,1689,C
3-PA,733,1699,1,0,0,1700,A
3-PA,734,1695,0,1,1,1697,A
3-PA,735,2,0,1694,0,1696,G
3-PA,736,0,2,0,1700,1702,C
3-PA,737,0,1702,0,1,1703,T
3-PA,738,0,1704,0,0,1704,T
3-PA,739,0,1709,0,1,1710,T
3-PA,740,4,0,0,1708,1712,C
3-PA,741,0,1705,0,2,1707,T
3-PA,742,3,0,0,1718,1721,C
3-PA,743,1719,1,1,0,1721,A
3-PA,744,1716,0,0,0,1716,A
3-PA,745,1705,0,0,0,1705,A
3-PA,746,0,1700,0,1,1701,T
3-PA,747,1,0,1739,0,1740,G
3-PA,748,0,1730,0,1,1731,T
3-PA,749,4,0,0,1754,1758,C
3-PA,750,0,3,0,1772,1775,C
3-PA,751,1762,0,1,0,1763,A
3-PA,752,1765,0,0,0,1765,A
3-PA,753,1759,0,0,0,1759,A
3-PA,754,0,1,1800,0,1801,G
3-PA,755,1778,0,1,0,1779,A
3-PA,756,1740,0,0,0,1740,A
3-PA,757,1,1,1757,0,1759,G
3-PA,758,0,1726,0,0,1726,T
3-PA,759,1,9,1724,1,1735,G
3-PA,760,1731,0,0,0,1731,A
3-PA,761,1726,0,0,0,1726,A
3-PA,762,0,1734,0,0,1734,T
3-PA,763,1,0,1735,0,1736,G
3-PA,764,0,0,0,1738,1738,C
3-PA,765,3,1,0,1736,1740,C
3-PA,766,3,0,0,1755,1758,C
3-PA,767,1760,0,1,0,1761,A
3-PA,768,1774,0,0,0,1774,A
3-PA,769,1793,0,0,0,1793,A
3-PA,770,0,1789,0,0,1789,T
3-PA,771,0,1790,0,1,1791,T
3-PA,772,0,7,1786,0,1793,G
3-PA,773,1768,0,0,0,1768,A
3-PA,774,1759,0,3,0,1762,A
3-PA,775,0,0,0,1778,1778,C
3-PA,776,2,0,0,1770,1772,C
3-PA,777,0,1752,0,0,1752,T
3-PA,778,0,1799,0,1,1800,T
3-PA,779,0,1804,0,0,1804,T
3-PA,780,0,1850,0,0,1850,T
3-PA,781,3,0,0,1848,1851,C
3-PA,782,1,1844,0,2,1847,T
3-PA,783,1,1,1841,0,1843,G
3-PA,784,1837,0,0,0,1837,A
3-PA,785,1868,0,1,0,1869,A
3-PA,786,0,5,1865,0,1870,G
3-PA,787,1843,1,1,0,1845,A
3-PA,788,0,0,0,1855,1855,C
3-PA,789,1827,0,1,0,1828,A
3-PA,790,1843,0,0,1,1844,A
3-PA,791,0,2,0,2013,2015,C
3-PA,792,1996,0,0,0,1996,A
3-PA,793,2,2,0,2007,2011,C
3-PA,794,3,0,0,1995,1998,C
3-PA,795,2006,0,1,0,2007,A
3-PA,796,2001,0,0,0,2001,A
3-PA,797,0,6,2007,0,2013,G
3-PA,798,2002,1,0,0,2003,A
3-PA,799,1,0,0,1998,1999,C
3-PA,800,5,1,0,1858,1864,C
3-PA,801,1872,0,0,0,1872,A
3-PA,802,1865,0,0,0,1865,A
3-PA,803,0,1859,0,0,1859,T
3-PA,804,3,1,0,1868,1872,C
3-PA,805,1875,0,0,0,1875,A
3-PA,806,1866,0,0,0,1866,A
3-PA,807,1862,0,0,0,1862,A
3-PA,808,0,0,0,1883,1883,C
3-PA,809,0,1860,0,0,1860,T
3-PA,810,0,1866,0,0,1866,T
3-PA,811,2,0,0,1881,1883,C
3-PA,812,3,1,0,1890,1894,C
3-PA,813,0,3,1897,0,1900,G
3-PA,814,1906,0,0,0,1906,A
3-PA,815,1900,0,0,0,1900,A
3-PA,816,1,1888,0,0,1889,T
3-PA,817,1,4,1863,0,1868,G
3-PA,818,0,3,1876,0,1879,G
3-PA,819,1870,0,1,0,1871,A
3-PA,820,0,2,0,1891,1893,C
3-PA,821,3,0,0,1875,1878,C
3-PA,822,0,1935,0,0,1935,T
3-PA,823,3,0,0,1995,1998,C
3-PA,824,4,0,0,2016,2020,C
3-PA,825,0,2026,0,0,2026,T
3-PA,826,1,2033,0,0,2034,T
3-PA,827,1,0,2097,0,2098,G
3-PA,828,0,2081,0,1,2082,T
3-PA,829,0,2091,0,1,2092,T
3-PA,830,2078,0,0,0,2078,A
3-PA,831,1,2017,0,0,2018,T
3-PA,832,1,1,0,2003,2005,C
3-PA,833,1962,0,0,0,1962,A
3-PA,834,2,1,1950,0,1953,G
3-PA,835,0,1,0,1960,1961,C
3-PA,836,2,4,1900,0,1906,G
3-PA,837,0,1,1959,0,1960,G
3-PA,838,0,1935,0,2,1937,T
3-PA,839,1,0,0,1954,1955,C
3-PA,840,4,0,0,1965,1969,C
3-PA,841,1986,0,0,0,1986,A
3-PA,842,1986,0,0,0,1986,A
3-PA,843,1982,0,0,0,1982,A
3-PA,844,0,1984,0,0,1984,T
3-PA,845,0,1972,0,0,1972,T
3-PA,846,7,1,0,1937,1945,C
3-PA,847,3,1,0,1924,1928,C
3-PA,848,0,1916,0,0,1916,T
3-PA,849,4,1,0,1911,1916,C
3-PA,850,1,0,0,1935,1936,C
3-PA,851,0,1927,1,1,1929,T
3-PA,852,1,2,1941,0,1944,G
3-PA,853,1928,0,1,0,1929,A
3-PA,854,0,1930,0,1,1931,T
3-PA,855,0,1,1920,0,1921,G
3-PA,856,2,3,1884,0,1889,G
3-PA,857,1879,0,1,0,1880,A
3-PA,858,0,1872,1,1,1874,T
3-PA,859,0,0,1884,0,1884,G
3-PA,860,0,0,0,1962,1962,C
3-PA,861,0,1976,0,0,1976,T
3-PA,862,0,1974,0,3,1977,T
3-PA,863,0,1989,0,1,1990,T
3-PA,864,1980,0,2,0,1982,A
3-PA,865,1990,0,0,0,1990,A
3-PA,866,1992,0,0,0,1992,A
3-PA,867,1999,0,0,0,1999,A
3-PA,868,0,1989,0,0,1989,T
3-PA,869,0,1868,0,0,1868,T
3-PA,870,0,5,1850,0,1855,G
3-PA,871,1845,0,4,0,1849,A
3-PA,872,0,1,1856,0,1857,G
3-PA,873,0,1,1,1859,1861,C
3-PA,874,1860,0,1,0,1861,A
3-PA,875,0,1897,0,1,1898,T
3-PA,876,1,1893,0,1,1895,T
3-PA,877,0,3,1883,0,1886,G
3-PA,878,1886,0,2,0,1888,A
3-PA,879,1891,2,2,0,1895,A
3-PA,880,1,3,1885,0,1889,G
3-PA,881,1868,0,4,0,1872,A
3-PA,882,0,2,0,1881,1883,C
3-PA,883,3,0,0,1867,1870,C
3-PA,884,3,1,0,1820,1824,C
3-PA,885,1826,0,1,1,1828,A
3-PA,886,1828,0,0,0,1828,A
3-PA,887,0,0,1840,1,1841,G
3-PA,888,0,1833,0,1,1834,T
3-PA,889,4,0,0,1844,1848,C
3-PA,890,1850,0,1,0,1851,A
3-PA,891,0,0,0,1856,1856,C
3-PA,892,2,0,1843,0,1845,G
3-PA,893,1867,1,0,0,1868,A
3-PA,894,1865,0,0,0,1865,A
3-PA,895,1,1,1940,0,1942,G
3-PA,896,1,4,1926,0,1931,G
3-PA,897,1908,0,3,0,1911,A
3-PA,898,0,2,1936,0,1938,G
3-PA,899,1927,0,2,0,1929,A
3-PA,900,1930,0,3,0,1933,A
3-PA,901,1,3,1916,0,1920,G
3-PA,902,0,3,1893,0,1896,G
3-PA,903,0,1,1918,0,1919,G
3-PA,904,1858,0,0,0,1858,A
3-PA,905,0,1865,0,1,1866,T
3-PA,906,6,3,0,1861,1870,C
3-PA,907,3,0,0,2011,2014,C
3-PA,908,2,0,0,2049,2051,C
3-PA,909,2069,0,0,0,2069,A
3-PA,910,0,2067,1,0,2068,T
3-PA,911,0,2089,0,0,2089,T
3-PA,912,2155,0,0,0,2155,A
3-PA,913,0,2145,0,0,2145,T
3-PA,914,2141,0,1,0,2142,A
3-PA,915,0,2128,0,1,2129,T
3-PA,916,1,2,1921,1,1925,G
3-PA,917,1916,0,1,0,1917,A
3-PA,918,0,1890,1,0,1891,T
3-PA,919,0,1,1901,0,1902,G
3-PA,920,1,1,0,1875,1877,C
3-PA,921,4,0,1875,1,1880,G
3-PA,922,1879,0,1,0,1880,A
3-PA,923,0,1876,0,0,1876,T
3-PA,924,6,1,0,1883,1890,C
3-PA,925,1894,0,3,1,1898,A
3-PA,926,1880,0,1,0,1881,A
3-PA,927,1,0,1905,0,1906,G
3-PA,928,1,1853,0,1,1855,T
3-PA,929,1,2,1885,0,1888,G
3-PA,930,2,1,0,1899,1902,C
3-PA,931,1892,0,1,0,1893,A
3-PA,932,0,1906,0,0,1906,T
3-PA,933,1903,0,0,0,1903,A
3-PA,934,1914,4,0,0,1918,A
3-PA,935,1911,0,0,0,1911,A
3-PA,936,1906,0,1,0,1907,A
3-PA,937,1896,1,0,1,1898,A
3-PA,938,0,1,0,1906,1907,C
3-PA,939,1886,0,0,0,1886,A
3-PA,940,0,1887,0,0,1887,T
3-PA,941,0,1895,1,0,1896,T
3-PA,942,0,0,0,1908,1908,C
3-PA,943,0,1893,1,0,1894,T
3-PA,944,0,1891,1,0,1892,T
3-PA,945,0,1890,1,0,1891,T
3-PA,946,0,6,1884,1,1891,G
3-PA,947,7,1,1874,0,1882,G
3-PA,948,1889,0,0,0,1889,A
3-PA,949,0,1888,0,0,1888,T
3-PA,950,2,2,1905,0,1909,G
3-PA,951,0,3,1932,0,1935,G
3-PA,952,1946,0,0,0,1946,A
3-PA,953,1956,0,1,0,1957,A
3-PA,954,1955,0,1,0,1956,A
3-PA,955,1,3,1966,1,1971,G
3-PA,956,1957,0,1,0,1958,A
3-PA,957,2150,0,1,0,2151,A
3-PA,958,3,1,0,2176,2180,C
3-PA,959,5,1,1,2174,2181,C
3-PA,960,0,2181,0,0,2181,T
3-PA,961,0,2219,0,0,2219,T
3-PA,962,2226,0,0,0,2226,A
3-PA,963,0,2231,0,0,2231,T
3-PA,964,2217,0,0,0,2217,A
3-PA,965,0,2250,0,0,2250,T
3-PA,966,2086,0,0,1,2087,A
3-PA,967,0,0,2099,0,2099,G
3-PA,968,0,2081,0,2,2083,T
3-PA,969,3,0,0,2079,2082,C
3-PA,970,2077,0,1,0,2078,A
3-PA,971,2077,0,1,0,2078,A
3-PA,972,2082,0,1,0,2083,A
3-PA,973,0,0,0,2086,2086,C
3-PA,974,6,0,0,2051,2057,C
3-PA,975,2027,0,1,0,2028,A
3-PA,976,0,1,1,2058,2060,C
3-PA,977,2040,0,0,0,2040,A
3-PA,978,0,1,0,2058,2059,C
3-PA,979,0,4,2066,1,2071,G
3-PA,980,2037,0,0,1,2038,A
3-PA,981,2050,0,0,0,2050,A
3-PA,982,2047,0,1,0,2048,A
3-PA,983,2041,0,2,0,2043,A
3-PA,984,0,3,2049,0,2052,G
3-PA,985,0,3,2029,0,2032,G
3-PA,986,0,7,2032,0,2039,G
3-PA,987,2046,0,0,0,2046,A
3-PA,988,2062,0,1,0,2063,A
3-PA,989,0,2054,0,0,2054,T
3-PA,990,2059,0,4,0,2063,A
3-PA,991,2065,0,0,0,2065,A
3-PA,992,2057,0,0,0,2057,A
3-PA,993,0,2061,0,0,2061,T
3-PA,994,0,2048,0,2,2050,T
3-PA,995,5,0,0,2059,2064,C
3-PA,996,2076,0,0,0,2076,A
3-PA,997,2084,0,0,0,2084,A
3-PA,998,2079,0,0,1,2080,A
3-PA,999,0,2083,0,1,2084,T
3-PA,1000,0,2095,0,0,2095,T
3-PA,1001,2101,0,3,0,2104,A
3-PA,1002,1,1,0,2101,2103,C
3-PA,1003,1,0,0,2104,2105,C
3-PA,1004,0,2088,0,1,2089,T
3-PA,1005,0,1,2102,0,2103,G
3-PA,1006,0,0,0,2100,2100,C
3-PA,1007,0,2117,0,0,2117,T
3-PA,1008,0,1,2156,0,2157,G
3-PA,1009,0,2142,0,0,2142,T
3-PA,1010,2,1,0,2145,2148,C
3-PA,1011,2145,0,2,0,2147,A
3-PA,1012,0,2156,1,2,2159,T
3-PA,1013,1,0,2155,0,2156,G
3-PA,1014,0,2,2139,0,2141,G
3-PA,1015,2132,1,1,0,2134,A
3-PA,1016,2176,0,4,0,2180,A
3-PA,1017,1,1,2154,0,2156,G
3-PA,1018,0,0,0,2179,2179,C
3-PA,1019,2173,0,0,0,2173,A
3-PA,1020,2167,0,2,0,2169,A
3-PA,1021,0,0,2171,0,2171,G
3-PA,1022,0,2169,0,0,2169,T
3-PA,1023,2193,0,0,0,2193,A
3-PA,1024,0,1,0,2188,2189,C
3-PA,1025,0,2141,0,1,2142,T
3-PA,1026,0,0,2163,0,2163,G
3-PA,1027,0,2153,0,1,2154,T
3-PA,1028,5,0,1,2164,2170,C
3-PA,1029,2165,0,3,0,2168,A
3-PA,1030,0,8,2174,0,2182,G
3-PA,1031,2170,0,0,0,2170,A
3-PA,1032,2177,0,0,0,2177,A
3-PA,1033,0,2213,0,0,2213,T
3-PA,1034,0,2197,0,0,2197,T
3-PA,1035,1,0,2188,0,2189,G
3-PA,1036,0,0,0,2198,2198,C
3-PA,1037,2189,1,4,0,2194,A
3-PA,1038,0,2,2205,0,2207,G
3-PA,1039,0,2,2186,0,2188,G
3-PA,1040,2203,0,0,0,2203,A
3-PA,1041,0,1,0,2207,2208,C
3-PA,1042,2174,0,0,0,2174,A
3-PA,1043,0,2177,0,1,2178,T
3-PA,1044,0,2188,0,0,2188,T
3-PA,1045,0,1,2204,0,2205,G
3-PA,1046,2207,1,0,0,2208,A
3-PA,1047,2205,0,0,0,2205,A
3-PA,1048,2198,0,0,1,2199,A
3-PA,1049,2180,0,1,0,2181,A
3-PA,1050,0,2177,0,0,2177,T
3-PA,1051,0,3,2191,0,2194,G
3-PA,1052,2184,1,0,0,2185,A
3-PA,1053,0,1,2191,0,2192,G
3-PA,1054,0,4,2189,0,2193,G
3-PA,1055,2164,0,0,0,2164,A
3-PA,1056,0,3,2180,0,2183,G
3-PA,1057,2190,0,1,0,2191,A
3-PA,1058,2184,0,1,0,2185,A
3-PA,1059,0,3,2176,0,2179,G
3-PA,1060,2,0,2143,2,2147,G
3-PA,1061,0,2196,0,0,2196,T
3-PA,1062,0,2229,0,0,2229,T
3-PA,1063,5,0,0,2223,2228,C
3-PA,1064,5,2,0,2226,2233,C
3-PA,1065,2241,0,0,0,2241,A
3-PA,1066,2236,0,0,0,2236,A
3-PA,1067,0,7,2248,0,2255,G
3-PA,1068,0,6,2277,0,2283,G
3-PA,1069,2251,0,0,0,2251,A
3-PA,1070,0,0,0,2273,2273,C
3-PA,1071,0,2288,0,0,2288,T
3-PA,1072,2292,0,0,0,2292,A
3-PA,1073,2291,0,1,0,2292,A
3-PA,1074,2301,0,0,0,2301,A
3-PA,1075,2300,0,0,0,2300,A
3-PA,1076,2284,0,1,0,2285,A
3-PA,1077,0,2,0,2262,2264,C
3-PA,1078,2258,1,1,1,2261,A
3-PA,1079,0,2242,0,0,2242,T
3-PA,1080,0,5,2271,0,2276,G
3-PA,1081,2266,0,1,0,2267,A
3-PA,1082,2262,0,1,0,2263,A
3-PA,1083,0,5,2283,0,2288,G
3-PA,1084,2287,0,0,0,2287,A
3-PA,1085,2287,0,0,0,2287,A
3-PA,1086,2278,0,1,0,2279,A
3-PA,1087,2280,0,1,0,2281,A
3-PA,1088,0,0,0,2294,2294,C
3-PA,1089,0,5,2279,0,2284,G
3-PA,1090,2281,0,3,0,2284,A
3-PA,1091,0,0,2275,0,2275,G
3-PA,1092,1,2261,0,1,2263,T
3-PA,1093,9,0,0,2311,2320,C
3-PA,1094,2334,0,1,0,2335,A
3-PA,1095,2368,0,0,0,2368,A
3-PA,1096,0,1,0,2366,2367,C
3-PA,1097,0,2364,0,2,2366,T
3-PA,1098,0,5,2388,0,2393,G
3-PA,1099,2379,0,0,0,2379,A
3-PA,1100,2381,0,6,0,2387,A
3-PA,1101,1,0,2386,0,2387,G
3-PA,1102,0,2306,0,3,2309,T
3-PA,1103,1,5,2324,0,2330,G
3-PA,1104,0,3,2333,0,2336,G
3-PA,1105,1,0,2334,0,2335,G
3-PA,1106,1,1,0,2344,2346,C
3-PA,1107,0,2323,0,1,2324,T
3-PA,1108,5,1,0,2341,2347,C
3-PA,1109,1,2339,0,0,2340,T
3-PA,1110,0,2353,0,0,2353,T
3-PA,1111,2,2,2384,0,2388,G
3-PA,1112,0,0,2397,0,2397,G
3-PA,1113,1,2368,0,2,2371,T
3-PA,1114,0,7,2388,0,2395,G
3-PA,1115,2378,0,1,0,2379,A
3-PA,1116,2392,0,1,0,2393,A
3-PA,1117,2398,0,2,0,2400,A
3-PA,1118,2403,0,0,5,2408,A
3-PA,1119,1,0,0,2410,2411,C
3-PA,1120,2393,0,1,0,2394,A
3-PA,1121,0,2379,0,2,2381,T
3-PA,1122,2,6,2370,2,2380,G
3-PA,1123,1,1,2381,0,2383,G
3-PA,1124,1,1,0,2386,2388,C
3-PA,1125,2414,1,1,0,2416,A
3-PA,1126,0,0,0,2387,2387,C
3-PA,1127,3,1,0,2418,2422,C
3-PA,1128,2455,0,0,0,2455,A
3-PA,1129,0,5,2461,0,2466,G
3-PA,1130,2465,0,0,0,2465,A
3-PA,1131,11,1,2480,0,2492,G
3-PA,1132,2485,0,1,0,2486,A
3-PA,1133,2488,0,0,0,2488,A
3-PA,1134,1,5,2493,0,2499,G
3-PA,1135,2,0,2484,0,2486,G
3-PA,1136,0,2442,0,1,2443,T
3-PA,1137,2474,0,3,0,2477,A
3-PA,1138,0,10,2464,0,2474,G
3-PA,1139,2481,0,1,0,2482,A
3-PA,1140,3,1,0,2499,2503,C
3-PA,1141,0,2472,0,0,2472,T
3-PA,1142,0,2460,0,1,2461,T
3-PA,1143,0,2463,0,1,2464,T
3-PA,1144,1,7,2463,0,2471,G
3-PA,1145,2467,0,0,0,2467,A
3-PA,1146,2464,1,0,0,2465,A
3-PA,1147,2457,0,1,0,2458,A
3-PA,1148,2459,0,0,0,2459,A
3-PA,1149,0,0,0,2479,2479,C
3-PA,1150,0,2466,0,0,2466,T
3-PA,1151,0,0,2492,0,2492,G
3-PA,1152,2,1,0,2498,2501,C
3-PA,1153,2500,1,4,0,2505,A
3-PA,1154,1,3,2499,0,2503,G
3-PA,1155,2507,0,0,0,2507,A
3-PA,1156,2,3,2594,0,2599,G
3-PA,1157,2603,0,5,0,2608,A
3-PA,1158,0,2,0,2583,2585,C
3-PA,1159,2584,0,2,0,2586,A
3-PA,1160,1,2565,0,0,2566,T
3-PA,1161,2581,0,1,0,2582,A
3-PA,1162,2556,0,2,0,2558,A
3-PA,1163,0,1,2561,0,2562,G
3-PA,1164,3,2,0,2544,2549,C
3-PA,1165,2,7,2502,0,2511,G
3-PA,1166,2582,1,0,0,2583,A
3-PA,1167,0,2561,1,1,2563,T
3-PA,1168,0,2568,0,0,2568,T
3-PA,1169,0,2577,0,0,2577,T
3-PA,1170,1,3,2573,0,2577,G
3-PA,1171,2579,0,0,0,2579,A
3-PA,1172,2586,0,4,0,2590,A
3-PA,1173,1,1,2599,0,2601,G
3-PA,1174,2,0,0,2663,2665,C
3-PA,1175,2639,0,1,1,2641,A
3-PA,1176,2812,0,0,0,2812,A
3-PA,1177,0,2808,0,0,2808,T
3-PA,1178,2820,0,1,0,2821,A
3-PA,1179,0,2834,1,0,2835,T
3-PA,1180,2,6,2835,0,2843,G
3-PA,1181,2856,2,0,0,2858,A
3-PA,1182,0,2857,0,0,2857,T
3-PA,1183,2791,0,3,0,2794,A
3-PA,1184,0,0,2791,0,2791,G
3-PA,1185,0,2663,1,1,2665,T
3-PA,1186,0,3,2685,0,2688,G
3-PA,1187,2680,0,0,0,2680,A
3-PA,1188,0,0,0,2659,2659,C
3-PA,1189,1,4,2635,0,2640,G
3-PA,1190,2639,0,0,0,2639,A
3-PA,1191,2643,0,3,0,2646,A
3-PA,1192,1,0,0,2672,2673,C
3-PA,1193,4,2,0,2670,2676,C
3-PA,1194,0,2682,0,2,2684,T
3-PA,1195,0,3,2760,0,2763,G
3-PA,1196,2750,0,0,0,2750,A
3-PA,1197,2769,0,0,0,2769,A
3-PA,1198,0,2762,0,0,2762,T
3-PA,1199,1,2758,0,0,2759,T
3-PA,1200,2746,1,0,0,2747,A
3-PA,1201,2712,0,1,1,2714,A
3-PA,1202,0,2,2720,0,2722,G
3-PA,1203,2,0,2701,0,2703,G
3-PA,1204,1,2632,1,3,2637,T
3-PA,1205,8,0,0,2661,2669,C
3-PA,1206,2659,0,0,0,2659,A
3-PA,1207,1,0,1,2752,2754,C
3-PA,1208,0,2761,0,3,2764,T
3-PA,1209,1,2750,0,1,2752,T
3-PA,1210,0,2757,0,0,2757,T
3-PA,1211,6,0,0,2750,2756,C
3-PA,1212,2759,0,1,0,2760,A
3-PA,1213,2759,0,1,0,2760,A
3-PA,1214,0,0,2792,0,2792,G
3-PA,1215,0,1,0,2782,2783,C
3-PA,1216,0,2742,0,1,2743,T
3-PA,1217,1,4,2811,0,2816,G
3-PA,1218,0,3,2810,0,2813,G
3-PA,1219,2852,0,1,0,2853,A
3-PA,1220,0,2880,0,2,2882,T
3-PA,1221,2862,0,3,0,2865,A
3-PA,1222,1,3,0,2883,2887,C
3-PA,1223,2816,0,0,0,2816,A
3-PA,1224,1,2,2859,0,2862,G
3-PA,1225,2854,0,2,0,2856,A
3-PA,1226,2802,0,1,0,2803,A
3-PA,1227,0,2782,0,0,2782,T
3-PA,1228,1,8,2796,0,2805,G
3-PA,1229,2782,0,0,0,2782,A
3-PA,1230,1,2,2819,0,2822,G
3-PA,1231,0,2795,0,2,2797,T
3-PA,1232,1,2782,0,1,2784,T
3-PA,1233,6,1,0,2817,2824,C
3-PA,1234,2857,0,2,0,2859,A
3-PA,1235,2853,0,0,0,2853,A
3-PA,1236,0,1,0,2850,2851,C
3-PA,1237,2824,0,1,0,2825,A
3-PA,1238,2812,0,1,0,2813,A
3-PA,1239,1,1,2805,0,2807,G
3-PA,1240,0,1,2791,0,2792,G
3-PA,1241,3,1,0,2784,2788,C
3-PA,1242,5,1,0,2800,2806,C
3-PA,1243,0,2814,0,1,2815,T
3-PA,1244,0,0,2847,0,2847,G
3-PA,1245,0,2814,0,2,2816,T
3-PA,1246,1,8,2870,0,2879,G
3-PA,1247,2873,0,3,0,2876,A
3-PA,1248,1,0,2867,0,2868,G
3-PA,1249,0,4,0,2830,2834,C
3-PA,1250,0,2828,0,1,2829,T
3-PA,1251,2880,0,0,1,2881,A
3-PA,1252,2869,1,1,0,2871,A
3-PA,1253,2,0,0,2866,2868,C
3-PA,1254,1,2860,0,1,2862,T
3-PA,1255,0,10,2867,0,2877,G
3-PA,1256,2852,0,0,0,2852,A
3-PA,1257,1,2837,0,0,2838,T
3-PA,1258,0,2841,0,0,2841,T
3-PA,1259,11,0,0,2854,2865,C
3-PA,1260,2908,0,4,0,2912,A
3-PA,1261,0,1,2970,0,2971,G
3-PA,1262,2,2931,0,3,2936,T
3-PA,1263,6,1,0,2941,2948,C
3-PA,1264,1,2940,0,5,2946,T
3-PA,1265,0,1,3075,0,3076,G
3-PA,1266,1,4,3071,0,3076,G
3-PA,1267,3065,0,3,0,3068,A
3-PA,1268,0,3084,0,1,3085,T
3-PA,1269,2935,0,0,1,2936,A
3-PA,1270,0,5,2954,0,2959,G
3-PA,1271,2952,1,1,0,2954,A
3-PA,1272,0,0,2960,0,2960,G
3-PA,1273,0,0,0,2935,2935,C
3-PA,1274,0,2866,0,0,2866,T
3-PA,1275,0,2874,1,1,2876,T
3-PA,1276,1,12,2876,0,2889,G
3-PA,1277,2880,0,1,0,2881,A
3-PA,1278,1,2894,0,0,2895,T
3-PA,1279,2,8,2876,0,2886,G
3-PA,1280,2915,0,0,0,2915,A
3-PA,1281,2914,0,3,0,2917,A
3-PA,1282,2920,1,0,0,2921,A
3-PA,1283,0,2895,0,0,2895,T
3-PA,1284,0,2909,0,0,2909,T
3-PA,1285,0,4,2932,0,2936,G
3-PA,1286,0,2,2920,0,2922,G
3-PA,1287,2936,0,1,0,2937,A
3-PA,1288,0,7,2931,0,2938,G
3-PA,1289,2907,0,1,0,2908,A
3-PA,1290,2,3,2892,0,2897,G
3-PA,1291,1,5,2925,0,2931,G
3-PA,1292,2950,0,1,0,2951,A
3-PA,1293,1,0,0,2975,2976,C
3-PA,1294,1,0,2962,1,2964,G
3-PA,1295,0,2948,0,0,2948,T
3-PA,1296,2982,0,3,0,2985,A
3-PA,1297,0,0,2985,0,2985,G
3-PA,1298,0,1,0,2977,2978,C
3-PA,1299,3,1,0,2963,2967,C
3-PA,1300,9,3,1,2936,2949,C
3-PA,1301,4,0,0,2971,2975,C
3-PA,1302,2990,0,5,0,2995,A
3-PA,1303,3090,0,0,0,3090,A
3-PA,1304,0,3062,0,3,3065,T
3-PA,1305,0,3054,0,0,3054,T
3-PA,1306,0,10,3034,0,3044,G
3-PA,1307,2990,0,1,0,2991,A
3-PA,1308,1,1,2999,1,3002,G
3-PA,1309,3,2,0,2987,2992,C
3-PA,1310,2984,0,1,0,2985,A
3-PA,1311,0,3,0,3033,3036,C
3-PA,1312,2975,0,0,0,2975,A
3-PA,1313,0,3042,0,0,3042,T
3-PA,1314,0,3039,0,0,3039,T
3-PA,1315,0,0,3042,0,3042,G
3-PA,1316,0,3,1,3021,3025,C
3-PA,1317,3034,1,1,0,3036,A
3-PA,1318,3037,0,2,0,3039,A
3-PA,1319,1,1,3040,0,3042,G
3-PA,1320,1,0,0,3004,3005,C
3-PA,1321,2990,0,1,0,2991,A
3-PA,1322,0,2924,0,3,2927,T
3-PA,1323,0,6,2943,0,2949,G
3-PA,1324,2922,1,1,0,2924,A
3-PA,1325,0,2,2948,0,2950,G
3-PA,1326,2945,0,1,0,2946,A
3-PA,1327,2943,0,0,0,2943,A
3-PA,1328,1,1,2932,0,2934,G
3-PA,1329,5,4,2943,0,2952,G
3-PA,1330,2949,0,1,0,2950,A
3-PA,1331,2956,0,0,0,2956,A
3-PA,1332,0,2942,0,0,2942,T
3-PA,1333,0,2951,0,0,2951,T
3-PA,1334,2961,0,0,0,2961,A
3-PA,1335,0,2958,0,1,2959,T
3-PA,1336,1,2948,0,0,2949,T
3-PA,1337,1,2954,0,0,2955,T
3-PA,1338,5,2,0,2926,2933,C
3-PA,1339,2928,0,1,0,2929,A
3-PA,1340,0,0,0,2980,2980,C
3-PA,1341,2969,1,1,0,2971,A
3-PA,1342,2,0,2994,0,2996,G
3-PA,1343,0,1,0,2986,2987,C
3-PA,1344,2976,0,0,1,2977,A
3-PA,1345,0,4,2994,0,2998,G
3-PA,1346,2972,1,0,0,2973,A
3-PA,1347,1,2,2982,0,2985,G
3-PA,1348,3,1,2987,0,2991,G
3-PA,1349,0,2901,0,1,2902,T
3-PA,1350,0,1,2963,0,2964,G
3-PA,1351,0,2925,0,6,2931,T
3-PA,1352,7,2,0,2918,2927,C
3-PA,1353,8,1,2,2933,2944,C
3-PA,1354,7,2,0,2933,2942,C
3-PA,1355,2985,0,0,0,2985,A
3-PA,1356,0,3021,0,1,3022,T
3-PA,1357,0,3014,0,0,3014,T
3-PA,1358,0,0,3025,0,3025,G
3-PA,1359,0,2982,0,0,2982,T
3-PA,1360,2946,0,1,0,2947,A
3-PA,1361,0,8,2931,0,2939,G
3-PA,1362,2849,0,2,1,2852,A
3-PA,1363,0,2,2846,0,2848,G
3-PA,1364,1,0,2,2818,2821,C
3-PA,1365,7,0,0,2786,2793,C
3-PA,1366,2833,0,0,0,2833,A
3-PA,1367,0,0,0,2847,2847,C
3-PA,1368,0,2829,0,0,2829,T
3-PA,1369,1,7,2816,0,2824,G
3-PA,1370,2818,0,0,0,2818,A
3-PA,1371,2764,0,0,0,2764,A
3-PA,1372,0,2851,0,0,2851,T
3-PA,1373,2877,1,3,0,2881,A
3-PA,1374,0,0,0,2907,2907,C
3-PA,1375,2830,0,0,0,2830,A
3-PA,1376,1,2843,0,1,2845,T
3-PA,1377,2809,0,1,1,2811,A
3-PA,1378,2821,0,0,0,2821,A
3-PA,1379,0,2818,0,1,2819,T
3-PA,1380,4,2,2787,0,2793,G
3-PA,1381,2764,0,0,0,2764,A
3-PA,1382,2708,0,3,0,2711,A
3-PA,1383,0,3,2723,0,2726,G
3-PA,1384,1,5,2712,0,2718,G
3-PA,1385,1,2,2745,1,2749,G
3-PA,1386,0,6,2747,0,2753,G
3-PA,1387,2,1,2774,0,2777,G
3-PA,1388,0,2749,0,0,2749,T
3-PA,1389,2764,0,0,0,2764,A
3-PA,1390,0,2778,0,0,2778,T
3-PA,1391,2788,0,0,0,2788,A
3-PA,1392,1,0,0,2997,2998,C
3-PA,1393,2905,0,2,0,2907,A
3-PA,1394,0,2860,0,1,2861,T
3-PA,1395,0,2827,0,1,2828,T
3-PA,1396,2795,0,1,0,2796,A
3-PA,1397,2845,1,0,0,2846,A
3-PA,1398,1,1,0,2833,2835,C
3-PA,1399,2779,0,0,0,2779,A
3-PA,1400,0,1,0,2791,2792,C
3-PA,1401,0,2462,0,1,2463,T
3-PA,1402,1,1,2545,0,2547,G
3-PA,1403,0,0,0,2518,2518,C
3-PA,1404,4,1,0,2514,2519,C
3-PA,1405,3,0,0,2537,2540,C
3-PA,1406,0,2437,0,3,2440,T
3-PA,1407,0,0,2522,0,2522,G
3-PA,1408,1,0,0,2515,2516,C
3-PA,1409,0,2513,0,0,2513,T
3-PA,1410,10,0,0,2582,2592,C
3-PA,1411,2514,0,0,0,2514,A
3-PA,1412,2526,0,1,0,2527,A
3-PA,1413,0,2519,0,0,2519,T
3-PA,1414,2,0,2522,0,2524,G
3-PA,1415,0,0,0,2513,2513,C
3-PA,1416,2471,0,0,0,2471,A
3-PA,1417,0,2440,1,4,2445,T
3-PA,1418,0,0,0,2450,2450,C
3-PA,1419,0,1,0,2473,2474,C
3-PA,1420,0,2381,0,0,2381,T
3-PA,1421,0,0,2431,0,2431,G
3-PA,1422,0,2422,0,1,2423,T
3-PA,1423,0,0,2420,0,2420,G
3-PA,1424,0,0,0,2418,2418,C
3-PA,1425,2383,0,2,0,2385,A
3-PA,1426,1,0,2411,0,2412,G
3-PA,1427,1,1,0,2393,2395,C
3-PA,1428,2373,0,1,0,2374,A
3-PA,1429,2364,0,0,1,2365,A
3-PA,1430,0,2261,0,2,2263,T
3-PA,1431,0,6,2254,0,2260,G
3-PA,1432,0,2,2252,0,2254,G
3-PA,1433,2268,0,3,0,2271,A
3-PA,1434,0,5,0,2254,2259,C
3-PA,1435,2,3,2243,0,2248,G
3-PA,1436,2258,0,2,0,2260,A
3-PA,1437,0,2256,0,1,2257,T
3-PA,1438,0,2264,0,1,2265,T
3-PA,1439,0,2253,0,0,2253,T
3-PA,1440,1,2244,0,2,2247,T
3-PA,1441,4,0,0,2254,2258,C
3-PA,1442,2266,0,0,0,2266,A
3-PA,1443,2262,0,0,0,2262,A
3-PA,1444,0,0,0,2262,2262,C
3-PA,1445,0,2222,0,1,2223,T
3-PA,1446,2227,0,0,0,2227,A
3-PA,1447,2210,0,0,0,2210,A
3-PA,1448,0,2202,0,1,2203,T
3-PA,1449,0,2194,0,0,2194,T
3-PA,1450,7,3,0,2187,2197,C
3-PA,1451,1,1,0,2207,2209,C
3-PA,1452,1,0,0,2212,2213,C
3-PA,1453,2216,0,0,0,2216,A
3-PA,1454,0,2231,0,2,2233,T
3-PA,1455,1,3,2235,0,2239,G
3-PA,1456,2233,0,0,0,2233,A
3-PA,1457,1,2231,0,0,2232,T
3-PA,1458,2223,0,0,0,2223,A
3-PA,1459,2224,0,1,0,2225,A
3-PA,1460,0,0,2209,0,2209,G
3-PA,1461,1,0,0,2212,2213,C
3-PA,1462,2218,0,1,0,2219,A
3-PA,1463,2154,0,3,0,2157,A
3-PA,1464,2,0,2186,0,2188,G
3-PA,1465,0,2157,0,1,2158,T
3-PA,1466,0,0,2160,0,2160,G
3-PA,1467,0,0,0,2156,2156,C
3-PA,1468,2154,0,2,0,2156,A
3-PA,1469,0,6,2172,0,2178,G
3-PA,1470,2170,0,0,0,2170,A
3-PA,1471,2178,0,0,0,2178,A
3-PA,1472,1,0,0,2182,2183,C
3-PA,1473,0,2101,0,3,2104,T
3-PA,1474,2128,0,0,0,2128,A
3-PA,1475,2127,0,0,0,2127,A
3-PA,1476,2129,0,0,0,2129,A
3-PA,1477,1,0,2127,1,2129,G
3-PA,1478,2042,0,0,0,2042,A
3-PA,1479,1,0,2031,0,2032,G
3-PA,1480,1,3,1979,0,1983,G
3-PA,1481,0,2,1980,0,1982,G
3-PA,1482,1960,0,1,0,1961,A
3-PA,1483,1944,0,0,0,1944,A
3-PA,1484,0,3,1925,0,1928,G
3-PA,1485,0,0,1921,0,1921,G
3-PA,1486,1,2,0,1917,1920,C
3-PA,1487,0,3,1918,0,1921,G
3-PA,1488,1931,0,0,0,1931,A
3-PA,1489,1926,0,1,0,1927,A
3-PA,1490,1930,0,0,0,1930,A
3-PA,1491,1930,0,0,0,1930,A
3-PA,1492,1919,0,1,0,1920,A
3-PA,1493,0,0,0,1919,1919,C
3-PA,1494,4,1,0,1913,1918,C
3-PA,1495,1909,0,0,0,1909,A
3-PA,1496,1919,1,0,0,1920,A
3-PA,1497,0,1906,0,0,1906,T
3-PA,1498,1,1907,0,0,1908,T
3-PA,1499,0,1918,0,0,1918,T
3-PA,1500,1927,0,0,0,1927,A
3-PA,1501,0,1914,0,0,1914,T
3-PA,1502,1914,1,0,0,1915,A
3-PA,1503,0,1901,0,1,1902,T
3-PA,1504,0,1,1886,0,1887,G
3-PA,1505,1,0,1847,0,1848,G
3-PA,1506,1836,0,0,0,1836,A
3-PA,1507,0,1834,0,0,1834,T
3-PA,1508,0,1815,0,0,1815,T
3-PA,1509,3,1,0,1803,1807,C
3-PA,1510,1805,1,1,0,1807,A
3-PA,1511,0,1811,0,2,1813,T
3-PA,1512,2,1,0,1820,1823,C
3-PA,1513,1804,0,0,0,1804,A
3-PA,1514,0,1778,0,1,1779,T
3-PA,1515,1778,0,0,0,1778,A
3-PA,1516,1774,0,0,0,1774,A
3-PA,1517,1764,0,1,0,1765,A
3-PA,1518,0,4,1744,0,1748,G
3-PA,1519,0,1,1724,0,1725,G
3-PA,1520,0,3,1704,0,1707,G
3-PA,1521,1688,0,2,0,1690,A
3-PA,1522,1673,0,0,0,1673,A
3-PA,1523,0,3,1668,0,1671,G
3-PA,1524,1655,0,1,0,1656,A
3-PA,1525,1,1648,0,1,1650,T
3-PA,1526,1,0,0,1647,1648,C
3-PA,1527,0,1606,0,2,1608,T
3-PA,1528,6,0,0,1632,1638,C
3-PA,1529,1630,0,0,0,1630,A
3-PA,1530,0,1636,0,0,1636,T
3-PA,1531,0,1637,0,0,1637,T
3-PA,1532,0,1609,0,0,1609,T
3-PA,1533,1602,0,1,0,1603,A
3-PA,1534,1596,0,0,0,1596,A
3-PA,1535,1,3,1588,0,1592,G
3-PA,1536,2,2,1596,0,1600,G
3-PA,1537,1524,0,2,0,1526,A
3-PA,1538,1522,0,0,0,1522,A
3-PA,1539,0,1511,1,0,1512,T
3-PA,1540,1,4,1509,0,1514,G
3-PA,1541,1538,1,0,0,1539,A
3-PA,1542,0,1,0,1539,1540,C
3-PA,1543,1528,0,2,0,1530,A
3-PA,1544,0,0,0,1520,1520,C
3-PA,1545,1472,0,4,0,1476,A
3-PA,1546,1,0,1486,0,1487,G
3-PA,1547,1470,0,0,0,1470,A
3-PA,1548,0,0,0,1443,1443,C
3-PA,1549,0,0,1434,0,1434,G
3-PA,1550,1,1303,0,2,1306,T
3-PA,1551,0,0,1306,0,1306,G
3-PA,1552,0,0,1310,0,1310,G
3-PA,1553,0,1318,0,0,1318,T
3-PA,1554,1316,0,1,0,1317,A
3-PA,1555,1279,0,0,0,1279,A
3-PA,1556,1275,0,0,0,1275,A
3-PA,1557,0,1277,0,0,1277,T
3-PA,1558,0,1248,0,0,1248,T
3-PA,1559,0,1252,0,0,1252,T
3-PA,1560,0,1234,0,0,1234,T
3-PA,1561,0,1,1236,0,1237,G
3-PA,1562,0,1214,0,1,1215,T
3-PA,1563,0,5,1213,0,1218,G
3-PA,1564,1202,0,0,0,1202,A
3-PA,1565,0,0,1195,0,1195,G
3-PA,1566,0,0,0,1185,1185,C
3-PA,1567,1185,1,0,0,1186,A
3-PA,1568,0,1186,0,0,1186,T
3-PA,1569,0,0,1191,0,1191,G
3-PA,1570,0,4,1188,0,1192,G
3-PA,1571,1180,0,2,0,1182,A
3-PA,1572,1,0,1172,0,1173,G
3-PA,1573,0,1160,0,0,1160,T
3-PA,1574,0,1142,0,1,1143,T
3-PA,1575,0,1146,0,0,1146,T
3-PA,1576,0,1144,0,0,1144,T
3-PA,1577,1,1,0,1139,1141,C
3-PA,1578,0,1137,0,2,1139,T
3-PA,1579,0,0,0,1134,1134,C
3-PA,1580,0,1094,0,3,1097,T
3-PA,1581,1,0,0,1091,1092,C
3-PA,1582,1097,0,0,0,1097,A
3-PA,1583,0,0,0,1088,1088,C
3-PA,1584,1,1057,0,1,1059,T
3-PA,1585,1,3,1054,0,1058,G
3-PA,1586,1041,0,1,0,1042,A
3-PA,1587,0,0,0,1039,1039,C
3-PA,1588,3,0,0,1023,1026,C
3-PA,1589,4,1,0,1006,1011,C
3-PA,1590,4,0,1007,0,1011,G
3-PA,1591,1013,0,0,0,1013,A
3-PA,1592,0,1,1012,0,1013,G
3-PA,1593,1007,0,0,0,1007,A
3-PA,1594,2,0,0,970,972,C
3-PA,1595,0,958,0,0,958,T
3-PA,1596,0,882,0,0,882,T
3-PA,1597,0,1,871,0,872,G
3-PA,1598,870,0,0,0,870,A
3-PA,1599,0,0,875,0,875,G
3-PA,1600,0,0,1,860,861,C
3-PA,1601,2,0,0,835,837,C
3-PA,1602,831,0,1,0,832,A
3-PA,1603,1,1,0,830,832,C
3-PA,1604,835,0,0,0,835,A
3-PA,1605,0,835,0,2,837,T
3-PA,1606,831,0,0,0,831,A
3-PA,1607,826,0,0,0,826,A
3-PA,1608,820,0,0,0,820,A
3-PA,1609,0,804,0,1,805,T
3-PA,1610,1,0,810,0,811,G
3-PA,1611,0,1,704,0,705,G
3-PA,1612,0,1,693,0,694,G
3-PA,1613,674,0,2,0,676,A
3-PA,1614,0,0,668,1,669,G
3-PA,1615,646,0,0,0,646,A
3-PA,1616,636,0,0,0,636,A
3-PA,1617,636,0,0,0,636,A
3-PA,1618,0,631,0,0,631,T
3-PA,1619,614,0,1,0,615,A
3-PA,1620,1,0,0,611,612,C
3-PA,1621,0,327,0,0,327,T
3-PA,1622,0,0,322,0,322,G
3-PA,1623,0,193,0,0,193,T
3-PA,1624,0,0,193,0,193,G
3-PA,1625,0,174,0,0,174,T
3-PA,1626,0,0,0,103,103,C
3-PA,1627,0,0,0,97,97,C
3-PA,1628,0,88,0,0,88,T
3-PA,1629,0,89,0,0,89,T
3-PA,1630,0,0,91,0,91,G
3-PA,1631,89,0,0,0,89,A
3-PA,1632,0,0,95,0,95,G
3-PA,1633,88,0,1,0,89,A
3-PA,1634,0,92,0,0,92,T
3-PA,1635,92,0,0,0,92,A
3-PA,1636,0,0,94,0,94,G
3-PA,1637,0,0,94,0,94,G
3-PA,1638,93,0,0,0,93,A
3-PA,1639,0,0,93,0,93,G
3-PA,1640,92,0,0,0,92,A
3-PA,1641,0,89,0,0,89,T
3-PA,1642,90,0,0,0,90,A
3-PA,1643,0,91,0,0,91,T
3-PA,1644,0,0,94,0,94,G
3-PA,1645,0,91,0,0,91,T
3-PA,1646,0,91,0,0,91,T
3-PA,1647,93,0,0,0,93,A
3-PA,1648,0,0,0,93,93,C
3-PA,1649,0,91,0,0,91,T
3-PA,1650,93,0,0,0,93,A
3-PA,1651,91,0,0,0,91,A
3-PA,1652,0,0,92,0,92,G
3-PA,1653,92,0,1,0,93,A
3-PA,1654,91,0,0,0,91,A
3-PA,1655,0,0,88,0,88,G
3-PA,1656,0,88,0,0,88,T
3-PA,1657,0,0,87,0,87,G
3-PA,1658,0,0,0,87,87,C
3-PA,1659,0,0,0,88,88,C
3-PA,1660,89,0,0,0,89,A
3-PA,1661,0,85,0,0,85,T
3-PA,1662,84,0,0,0,84,A
3-PA,1663,0,0,86,0,86,G
3-PA,1664,0,0,85,0,85,G
3-PA,1665,0,0,0,86,86,C
3-PA,1666,0,0,0,86,86,C
3-PA,1667,84,0,0,0,84,A
3-PA,1668,87,0,0,0,87,A
3-PA,1669,85,0,0,0,85,A
3-PA,1670,0,87,0,0,87,T
3-PA,1671,0,89,0,0,89,T
3-PA,1672,0,87,0,0,87,T
3-PA,1673,0,0,0,89,89,C
3-PA,1674,88,0,0,0,88,A
3-PA,1675,88,0,0,0,88,A
3-PA,1676,0,0,86,0,86,G
3-PA,1677,0,0,87,0,87,G
3-PA,1678,0,0,0,88,88,C
3-PA,1679,1,0,0,86,87,C
3-PA,1680,0,0,88,0,88,G
3-PA,1681,89,0,0,0,89,A
3-PA,1682,0,90,0,0,90,T
3-PA,1683,0,0,91,0,91,G
3-PA,1684,0,90,0,0,90,T
3-PA,1685,0,93,0,0,93,T
3-PA,1686,0,0,0,91,91,C
3-PA,1687,0,93,0,0,93,T
3-PA,1688,0,94,0,0,94,T
3-PA,1689,0,0,95,0,95,G
3-PA,1690,0,91,0,0,91,T
3-PA,1691,92,0,0,0,92,A
3-PA,1692,0,93,0,0,93,T
3-PA,1693,0,0,93,0,93,G
3-PA,1694,0,91,0,0,91,T
3-PA,1695,0,0,92,0,92,G
3-PA,1696,91,0,0,0,91,A
3-PA,1697,0,1,89,0,90,G
3-PA,1698,0,0,91,0,91,G
3-PA,1699,92,0,0,0,92,A
3-PA,1700,0,0,0,91,91,C
3-PA,1701,92,0,0,0,92,A
3-PA,1702,92,0,0,0,92,A
3-PA,1703,91,0,0,0,91,A
3-PA,1704,0,0,0,92,92,C
3-PA,1705,0,0,91,0,91,G
3-PA,1706,0,1,93,0,94,G
3-PA,1707,93,0,0,0,93,A
3-PA,1708,93,0,0,0,93,A
3-PA,1709,0,0,0,92,92,C
3-PA,1710,93,0,0,0,93,A
3-PA,1711,0,94,0,0,94,T
3-PA,1712,1,0,0,93,94,C
3-PA,1713,94,0,0,0,94,A
3-PA,1714,93,0,0,0,93,A
3-PA,1715,92,0,0,0,92,A
3-PA,1716,0,0,93,0,93,G
3-PA,1717,1,0,93,0,94,G
3-PA,1718,0,91,0,0,91,T
3-PA,1719,0,0,0,89,89,C
3-PA,1720,90,0,0,0,90,A
3-PA,1721,90,0,0,0,90,A
3-PA,1722,89,0,0,0,89,A
3-PA,1723,91,0,0,0,91,A
3-PA,1724,0,91,0,0,91,T
3-PA,1725,0,0,91,0,91,G
3-PA,1726,91,0,0,0,91,A
3-PA,1727,91,0,0,0,91,A
3-PA,1728,90,0,0,0,90,A
3-PA,1729,0,90,0,0,90,T
3-PA,1730,0,0,92,0,92,G
3-PA,1731,0,0,92,0,92,G
3-PA,1732,0,0,92,0,92,G
3-PA,1733,0,0,91,0,91,G
3-PA,1734,91,0,0,0,91,A
3-PA,1735,90,0,0,0,90,A
3-PA,1736,0,90,0,0,90,T
3-PA,1737,0,0,91,0,91,G
3-PA,1738,0,0,92,0,92,G
3-PA,1739,88,0,0,0,88,A
3-PA,1740,0,0,91,0,91,G
3-PA,1741,91,0,0,0,91,A
3-PA,1742,0,90,0,0,90,T
3-PA,1743,0,0,89,0,89,G
3-PA,1744,89,0,0,0,89,A
3-PA,1745,0,0,89,0,89,G
3-PA,1746,88,0,0,0,88,A
3-PA,1747,0,0,0,87,87,C
3-PA,1748,0,0,88,0,88,G
3-PA,1749,0,87,0,0,87,T
3-PA,1750,0,88,0,0,88,T
3-PA,1751,0,0,87,0,87,G
3-PA,1752,0,0,0,86,86,C
3-PA,1753,0,0,0,87,87,C
3-PA,1754,0,86,0,0,86,T
3-PA,1755,0,0,0,88,88,C
3-PA,1756,0,0,0,88,88,C
3-PA,1757,0,91,0,0,91,T
3-PA,1758,0,90,0,0,90,T
3-PA,1759,0,0,0,90,90,C
3-PA,1760,92,0,0,0,92,A
3-PA,1761,0,0,92,0,92,G
3-PA,1762,0,91,0,0,91,T
3-PA,1763,1,0,0,90,91,C
3-PA,1764,88,0,0,0,88,A
3-PA,1765,0,0,0,90,90,C
3-PA,1766,0,90,0,0,90,T
3-PA,1767,0,89,0,0,89,T
3-PA,1768,0,0,0,90,90,C
3-PA,1769,91,0,0,0,91,A
3-PA,1770,0,0,91,0,91,G
3-PA,1771,0,0,0,91,91,C
3-PA,1772,89,0,0,0,89,A
3-PA,1773,0,0,92,0,92,G
3-PA,1774,90,0,0,0,90,A
3-PA,1775,0,89,0,0,89,T
3-PA,1776,0,0,0,90,90,C
3-PA,1777,0,0,88,0,88,G
3-PA,1778,89,0,0,0,89,A
3-PA,1779,0,0,91,0,91,G
3-PA,1780,90,0,0,0,90,A
3-PA,1781,0,0,89,0,89,G
3-PA,1782,0,0,0,89,89,C
3-PA,1783,88,0,0,0,88,A
3-PA,1784,0,89,0,0,89,T
3-PA,1785,0,0,88,0,88,G
3-PA,1786,89,0,0,0,89,A
3-PA,1787,0,88,0,0,88,T
3-PA,1788,0,89,0,0,89,T
3-PA,1789,0,0,90,0,90,G
3-PA,1790,88,0,0,0,88,A
3-PA,1791,89,0,0,0,89,A
3-PA,1792,0,0,90,0,90,G
3-PA,1793,0,0,0,91,91,C
3-PA,1794,0,0,0,90,90,C
3-PA,1795,0,0,88,0,88,G
3-PA,1796,89,0,0,0,89,A
3-PA,1797,0,0,92,0,92,G
3-PA,1798,0,89,0,0,89,T
3-PA,1799,0,0,0,92,92,C
3-PA,1800,0,0,0,91,91,C
3-PA,1801,0,91,0,0,91,T
3-PA,1802,0,0,0,93,93,C
3-PA,1803,0,0,92,0,92,G
3-PA,1804,0,0,96,0,96,G
3-PA,1805,0,96,0,0,96,T
3-PA,1806,0,95,0,0,95,T
3-PA,1807,95,0,0,0,95,A
3-PA,1808,94,0,0,0,94,A
3-PA,1809,95,0,0,0,95,A
3-PA,1810,0,0,97,0,97,G
3-PA,1811,95,0,0,0,95,A
3-PA,1812,0,0,96,0,96,G
3-PA,1813,91,0,0,0,91,A
3-PA,1814,90,0,0,0,90,A
3-PA,1815,92,0,0,0,92,A
3-PA,1816,0,0,90,0,90,G
3-PA,1817,90,0,0,0,90,A
3-PA,1818,0,0,0,91,91,C
3-PA,1819,88,0,0,0,88,A
3-PA,1820,0,87,0,0,87,T
3-PA,1821,0,0,88,0,88,G
3-PA,1822,87,0,0,0,87,A
3-PA,1823,0,0,0,89,89,C
3-PA,1824,0,0,0,90,90,C
3-PA,1825,89,0,0,0,89,A
3-PA,1826,89,0,0,0,89,A
3-PA,1827,88,0,0,0,88,A
3-PA,1828,0,0,89,0,89,G
3-PA,1829,87,0,0,0,87,A
3-PA,1830,0,0,90,0,90,G
3-PA,1831,0,88,0,0,88,T
3-PA,1832,0,87,0,0,87,T
3-PA,1833,0,89,0,0,89,T
3-PA,1834,0,88,0,0,88,T
3-PA,1835,0,88,0,0,88,T
3-PA,1836,0,89,0,0,89,T
3-PA,1837,1,0,87,0,88,G
3-PA,1838,88,0,0,0,88,A
3-PA,1839,0,0,87,0,87,G
3-PA,1840,87,0,1,0,88,A
3-PA,1841,86,0,0,0,86,A
3-PA,1842,0,86,0,0,86,T
3-PA,1843,88,0,0,0,88,A
3-PA,1844,86,0,0,0,86,A
3-PA,1845,0,0,87,0,87,G
3-PA,1846,0,91,0,0,91,T
3-PA,1847,0,0,0,92,92,C
3-PA,1848,92,0,0,0,92,A
3-PA,1849,0,0,92,0,92,G
3-PA,1850,92,0,0,0,92,A
3-PA,1851,95,0,0,0,95,A
3-PA,1852,0,0,95,0,95,G
3-PA,1853,1,0,0,88,89,C
3-PA,1854,87,1,0,0,88,A
3-PA,1855,0,87,0,0,87,T
3-PA,1856,0,0,89,0,89,G
3-PA,1857,0,0,90,0,90,G
3-PA,1858,0,0,0,87,87,C
3-PA,1859,0,0,0,87,87,C
3-PA,1860,2,0,0,88,90,C
3-PA,1861,92,0,0,0,92,A
3-PA,1862,0,91,0,0,91,T
3-PA,1863,0,91,0,0,91,T
3-PA,1864,0,0,93,0,93,G
3-PA,1865,0,0,88,0,88,G
3-PA,1866,0,0,87,0,87,G
3-PA,1867,0,0,88,0,88,G
3-PA,1868,83,0,0,0,83,A
3-PA,1869,0,0,85,0,85,G
3-PA,1870,0,82,0,0,82,T
3-PA,1871,0,0,0,84,84,C
3-PA,1872,0,0,0,86,86,C
3-PA,1873,0,0,0,86,86,C
3-PA,1874,0,0,0,87,87,C
3-PA,1875,0,0,0,84,84,C
3-PA,1876,85,0,0,0,85,A
3-PA,1877,86,0,0,0,86,A
3-PA,1878,0,0,84,0,84,G
3-PA,1879,0,0,87,0,87,G
3-PA,1880,0,0,85,0,85,G
3-PA,1881,81,0,0,0,81,A
3-PA,1882,0,0,81,0,81,G
3-PA,1883,0,80,0,0,80,T
3-PA,1884,0,0,79,0,79,G
3-PA,1885,0,0,82,0,82,G
3-PA,1886,83,0,0,0,83,A
3-PA,1887,81,0,0,0,81,A
3-PA,1888,0,0,82,0,82,G
3-PA,1889,81,0,0,0,81,A
3-PA,1890,80,0,0,0,80,A
3-PA,1891,0,0,77,0,77,G
3-PA,1892,0,0,77,0,77,G
3-PA,1893,0,78,0,0,78,T
3-PA,1894,0,77,0,0,77,T
3-PA,1895,0,0,0,75,75,C
3-PA,1896,1,0,0,77,78,C
3-PA,1897,79,0,0,0,79,A
3-PA,1898,0,78,0,0,78,T
3-PA,1899,0,78,0,0,78,T
3-PA,1900,0,0,80,0,80,G
3-PA,1901,0,0,78,0,78,G
3-PA,1902,0,0,80,0,80,G
3-PA,1903,79,0,0,0,79,A
3-PA,1904,80,0,0,0,80,A
3-PA,1905,80,0,0,0,80,A
3-PA,1906,0,0,81,0,81,G
3-PA,1907,0,81,0,0,81,T
3-PA,1908,0,0,0,85,85,C
3-PA,1909,0,83,0,0,83,T
3-PA,1910,1,0,82,0,83,G
3-PA,1911,0,84,0,0,84,T
3-PA,1912,83,0,0,0,83,A
3-PA,1913,0,0,83,0,83,G
3-PA,1914,0,0,82,0,82,G
3-PA,1915,80,0,0,0,80,A
3-PA,1916,0,0,0,81,81,C
3-PA,1917,0,79,0,0,79,T
3-PA,1918,0,0,0,81,81,C
3-PA,1919,0,80,0,0,80,T
3-PA,1920,81,0,0,0,81,A
3-PA,1921,0,80,0,0,80,T
3-PA,1922,0,80,0,0,80,T
3-PA,1923,0,0,82,0,82,G
3-PA,1924,0,0,78,0,78,G
3-PA,1925,0,0,0,79,79,C
3-PA,1926,0,80,0,0,80,T
3-PA,1927,79,0,0,0,79,A
3-PA,1928,78,0,0,0,78,A
3-PA,1929,0,0,81,0,81,G
3-PA,1930,0,78,0,0,78,T
3-PA,1931,0,0,0,80,80,C
3-PA,1932,77,0,0,0,77,A
3-PA,1933,0,0,82,0,82,G
3-PA,1934,0,82,0,0,82,T
3-PA,1935,85,0,0,0,85,A
3-PA,1936,0,83,0,0,83,T
3-PA,1937,0,82,0,0,82,T
3-PA,1938,0,0,0,83,83,C
3-PA,1939,82,0,0,0,82,A
3-PA,1940,83,0,0,0,83,A
3-PA,1941,0,83,0,0,83,T
3-PA,1942,84,0,0,0,84,A
3-PA,1943,0,0,84,0,84,G
3-PA,1944,0,0,0,82,82,C
3-PA,1945,0,0,0,81,81,C
3-PA,1946,0,81,0,0,81,T
3-PA,1947,0,0,83,0,83,G
3-PA,1948,0,83,0,0,83,T
3-PA,1949,84,0,0,0,84,A
3-PA,1950,0,83,0,0,83,T
3-PA,1951,0,0,83,0,83,G
3-PA,1952,0,0,0,81,81,C
3-PA,1953,77,0,0,0,77,A
3-PA,1954,0,78,0,0,78,T
3-PA,1955,0,0,0,79,79,C
3-PA,1956,76,0,0,0,76,A
3-PA,1957,0,1,0,77,78,C
3-PA,1958,0,0,0,77,77,C
3-PA,1959,75,0,0,0,75,A
3-PA,1960,0,0,0,77,77,C
3-PA,1961,76,0,0,0,76,A
3-PA,1962,77,0,0,0,77,A
3-PA,1963,0,76,0,0,76,T
3-PA,1964,0,77,0,0,77,T
3-PA,1965,0,0,76,0,76,G
3-PA,1966,0,0,77,0,77,G
3-PA,1967,76,0,0,0,76,A
3-PA,1968,76,0,0,0,76,A
3-PA,1969,0,0,76,0,76,G
3-PA,1970,0,1,78,0,79,G
3-PA,1971,79,0,0,0,79,A
3-PA,1972,0,77,0,0,77,T
3-PA,1973,0,78,0,0,78,T
3-PA,1974,0,79,0,0,79,T
3-PA,1975,0,78,0,0,78,T
3-PA,1976,0,0,0,77,77,C
3-PA,1977,77,0,0,0,77,A
3-PA,1978,0,0,77,0,77,G
3-PA,1979,0,0,0,79,79,C
3-PA,1980,0,0,78,0,78,G
3-PA,1981,0,1,78,0,79,G
3-PA,1982,79,0,0,0,79,A
3-PA,1983,0,0,78,0,78,G
3-PA,1984,0,78,0,0,78,T
3-PA,1985,0,0,0,79,79,C
3-PA,1986,80,0,0,0,80,A
3-PA,1987,80,0,0,0,80,A
3-PA,1988,0,0,80,0,80,G
3-PA,1989,80,0,0,0,80,A
3-PA,1990,81,0,0,0,81,A
3-PA,1991,78,0,0,0,78,A
3-PA,1992,77,0,0,0,77,A
3-PA,1993,0,0,0,77,77,C
3-PA,1994,0,72,0,0,72,T
3-PA,1995,0,0,74,0,74,G
3-PA,1996,0,0,0,75,75,C
3-PA,1997,0,75,0,0,75,T
3-PA,1998,1,0,0,74,75,C
3-PA,1999,0,0,0,76,76,C
3-PA,2000,0,76,0,0,76,T
3-PA,2001,0,77,0,0,77,T
3-PA,2002,0,0,75,0,75,G
3-PA,2003,0,77,0,0,77,T
3-PA,2004,0,77,0,0,77,T
3-PA,2005,0,0,77,0,77,G
3-PA,2006,0,77,0,0,77,T
3-PA,2007,0,75,0,0,75,T
3-PA,2008,0,0,0,74,74,C
3-PA,2009,72,0,0,0,72,A
3-PA,2010,0,0,74,0,74,G
3-PA,2011,0,0,73,0,73,G
3-PA,2012,0,0,0,75,75,C
3-PA,2013,0,75,0,0,75,T
3-PA,2014,0,0,0,75,75,C
3-PA,2015,0,73,0,0,73,T
3-PA,2016,0,74,0,0,74,T
3-PA,2017,74,0,0,0,74,A
3-PA,2018,0,0,73,0,73,G
3-PA,2019,0,0,72,0,72,G
3-PA,2020,0,0,72,0,72,G
3-PA,2021,69,0,0,0,69,A
3-PA,2022,0,0,0,68,68,C
3-PA,2023,64,0,0,0,64,A
3-PA,2024,64,0,0,0,64,A
3-PA,2025,0,0,0,65,65,C
3-PA,2026,0,0,0,64,64,C
3-PA,2027,0,63,0,1,64,T
3-PA,2028,0,0,0,64,64,C
3-PA,2029,0,0,65,0,65,G
3-PA,2030,65,0,0,0,65,A
3-PA,2031,65,0,0,0,65,A
3-PA,2032,0,0,0,65,65,C
3-PA,2033,0,1,0,64,65,C
3-PA,2034,0,62,0,0,62,T
3-PA,2035,0,0,62,0,62,G
3-PA,2036,0,0,61,0,61,G
3-PA,2037,0,0,62,0,62,G
3-PA,2038,61,0,0,0,61,A
3-PA,2039,0,0,0,60,60,C
3-PA,2040,0,0,0,62,62,C
3-PA,2041,0,62,0,0,62,T
3-PA,2042,0,63,0,0,63,T
3-PA,2043,0,62,0,0,62,T
3-PA,2044,0,1,61,0,62,G
3-PA,2045,62,0,0,0,62,A
3-PA,2046,0,62,0,0,62,T
3-PA,2047,0,0,0,63,63,C
3-PA,2048,0,62,0,0,62,T
3-PA,2049,0,62,0,0,62,T
3-PA,2050,0,0,62,0,62,G
3-PA,2051,0,0,62,0,62,G
3-PA,2052,0,0,62,0,62,G
3-PA,2053,0,0,61,0,61,G
3-PA,2054,0,0,61,0,61,G
3-PA,2055,0,0,61,0,61,G
3-PA,2056,0,0,0,61,61,C
3-PA,2057,0,61,0,0,61,T
3-PA,2058,64,0,0,0,64,A
3-PA,2059,0,64,0,0,64,T
3-PA,2060,64,0,0,0,64,A
3-PA,2061,0,64,0,0,64,T
3-PA,2062,0,0,61,0,61,G
3-PA,2063,60,0,0,0,60,A
3-PA,2064,57,0,0,0,57,A
3-PA,2065,0,0,57,0,57,G
3-PA,2066,0,0,0,57,57,C
3-PA,2067,52,0,0,0,52,A
3-PA,2068,56,0,0,0,56,A
3-PA,2069,0,56,0,0,56,T
3-PA,2070,0,56,0,0,56,T
3-PA,2071,0,0,56,0,56,G
3-PA,2072,54,1,0,0,55,A
3-PA,2073,0,0,56,0,56,G
3-PA,2074,0,0,56,0,56,G
3-PA,2075,54,0,0,0,54,A
3-PA,2076,0,0,56,0,56,G
3-PA,2077,0,49,0,0,49,T
3-PA,2078,0,0,49,0,49,G
3-PA,2079,0,0,0,47,47,C
3-PA,2080,0,0,0,48,48,C
3-PA,2081,0,48,0,0,48,T
3-PA,2082,0,0,48,0,48,G
3-PA,2083,48,0,0,0,48,A
3-PA,2084,0,48,0,0,48,T
3-PA,2085,0,47,0,0,47,T
3-PA,2086,47,0,0,0,47,A
3-PA,2087,45,0,0,0,45,A
3-PA,2088,0,44,0,0,44,T
3-PA,2089,0,0,44,0,44,G
3-PA,2090,43,0,0,0,43,A
3-PA,2091,0,42,0,0,42,T
3-PA,2092,0,0,0,42,42,C
3-PA,2093,0,0,0,40,40,C
3-PA,2094,0,0,0,41,41,C
3-PA,2095,0,40,0,0,40,T
3-PA,2096,0,0,40,0,40,G
3-PA,2097,0,0,40,0,40,G
3-PA,2098,0,0,40,0,40,G
3-PA,2099,0,40,0,0,40,T
3-PA,2100,0,38,0,0,38,T
3-PA,2101,0,38,0,0,38,T
3-PA,2102,0,38,0,0,38,T
3-PA,2103,0,0,38,0,38,G
3-PA,2104,0,0,0,38,38,C
3-PA,2105,0,38,0,0,38,T
3-PA,2106,0,0,0,38,38,C
3-PA,2107,35,0,0,0,35,A
3-PA,2108,35,0,0,0,35,A
3-PA,2109,0,35,0,0,35,T
3-PA,2110,0,0,35,0,35,G
3-PA,2111,0,1,0,34,35,C
3-PA,2112,0,0,34,0,34,G
3-PA,2113,0,34,0,0,34,T
3-PA,2114,0,0,0,34,34,C
3-PA,2115,0,34,0,0,34,T
3-PA,2116,0,33,0,0,33,T
3-PA,2117,0,0,33,0,33,G
3-PA,2118,0,0,33,0,33,G
3-PA,2119,0,33,0,0,33,T
3-PA,2120,0,32,0,0,32,T
3-PA,2121,0,0,0,31,31,C
3-PA,2122,30,0,0,0,30,A
3-PA,2123,29,0,0,0,29,A
3-PA,2124,0,0,0,30,30,C
3-PA,2125,0,29,0,0,29,T
3-PA,2126,0,0,0,29,29,C
3-PA,2127,0,0,0,28,28,C
3-PA,2128,0,29,0,0,29,T
3-PA,2129,0,29,0,0,29,T
3-PA,2130,0,0,0,29,29,C
3-PA,2131,0,0,0,29,29,C
3-PA,2132,0,29,0,0,29,T
3-PA,2133,0,0,29,0,29,G
3-PA,2134,29,0,0,0,29,A
3-PA,2135,0,0,0,29,29,C
3-PA,2136,29,0,0,0,29,A
3-PA,2137,0,0,0,28,28,C
3-PA,2138,28,0,0,0,28,A
3-PA,2139,0,27,0,0,27,T
3-PA,2140,0,0,27,0,27,G
3-PA,2141,0,0,0,27,27,C
3-PA,2142,25,0,0,0,25,A
3-PA,2143,0,25,0,0,25,T
3-PA,2144,0,25,0,0,25,T
3-PA,2145,24,0,0,0,24,A
3-PA,2146,23,0,0,0,23,A
3-PA,2147,23,0,0,0,23,A
3-PA,2148,23,0,0,0,23,A
3-PA,2149,0,23,0,0,23,T
3-PA,2150,20,0,0,0,20,A
3-PA,2151,0,0,20,0,20,G
4-HA,1,126,0,0,0,126,A
4-HA,2,0,121,0,0,121,T
4-HA,3,0,0,131,0,131,G
4-HA,4,131,0,0,0,131,A
4-HA,5,133,0,0,0,133,A
4-HA,6,0,2,141,0,143,G
4-HA,7,144,0,0,0,144,A
4-HA,8,0,0,0,156,156,C
4-HA,9,0,160,0,0,160,T
4-HA,10,159,0,0,0,159,A
4-HA,11,0,169,0,0,169,T
4-HA,12,0,0,0,170,170,C
4-HA,13,170,0,0,0,170,A
4-HA,14,0,170,0,0,170,T
4-HA,15,0,169,0,1,170,T
4-HA,16,0,0,185,0,185,G
4-HA,17,1,0,0,185,186,C
4-HA,18,0,186,0,0,186,T
4-HA,19,0,189,0,0,189,T
4-HA,20,0,187,0,0,187,T
4-HA,21,0,0,203,0,203,G
4-HA,22,203,0,0,0,203,A
4-HA,23,0,0,210,0,210,G
4-HA,24,0,0,0,209,209,C
4-HA,25,0,209,0,1,210,T
4-HA,26,230,0,0,0,230,A
4-HA,27,0,1,0,234,235,C
4-HA,28,240,0,0,0,240,A
4-HA,29,0,258,0,0,258,T
4-HA,30,0,257,0,0,257,T
4-HA,31,0,0,0,260,260,C
4-HA,32,0,264,0,0,264,T
4-HA,33,262,0,0,0,262,A
4-HA,34,0,262,0,0,262,T
4-HA,35,0,0,266,0,266,G
4-HA,36,1,270,0,0,271,T
4-HA,37,0,0,0,268,268,C
4-HA,38,0,266,0,0,266,T
4-HA,39,1,0,265,0,266,G
4-HA,40,0,0,266,0,266,G
4-HA,41,0,267,0,0,267,T
4-HA,42,0,269,0,0,269,T
4-HA,43,0,265,0,0,265,T
4-HA,44,0,271,0,0,271,T
4-HA,45,2,0,0,266,268,C
4-HA,46,2,0,264,0,266,G
4-HA,47,0,0,0,276,276,C
4-HA,48,0,275,0,0,275,T
4-HA,49,0,0,0,278,278,C
4-HA,50,282,0,0,0,282,A
4-HA,51,278,0,0,0,278,A
4-HA,52,276,0,0,0,276,A
4-HA,53,277,0,1,0,278,A
4-HA,54,275,0,0,0,275,A
4-HA,55,0,0,0,279,279,C
4-HA,56,0,278,0,0,278,T
4-HA,57,0,285,0,0,285,T
4-HA,58,2,0,0,283,285,C
4-HA,59,0,0,0,281,281,C
4-HA,60,0,283,0,0,283,T
4-HA,61,0,0,289,0,289,G
4-HA,62,0,0,287,0,287,G
4-HA,63,288,0,0,0,288,A
4-HA,64,292,0,0,0,292,A
4-HA,65,294,0,0,0,294,A
4-HA,66,0,297,0,0,297,T
4-HA,67,0,1,301,0,302,G
4-HA,68,299,0,0,0,299,A
4-HA,69,0,0,0,303,303,C
4-HA,70,303,0,0,0,303,A
4-HA,71,305,0,0,0,305,A
4-HA,72,0,0,0,304,304,C
4-HA,73,308,0,0,0,308,A
4-HA,74,0,0,308,0,308,G
4-HA,75,0,0,0,310,310,C
4-HA,76,310,0,0,0,310,A
4-HA,77,0,0,0,318,318,C
4-HA,78,0,0,314,0,314,G
4-HA,79,0,0,310,0,310,G
4-HA,80,1,0,0,313,314,C
4-HA,81,318,0,0,0,318,A
4-HA,82,323,0,0,0,323,A
4-HA,83,0,0,0,328,328,C
4-HA,84,0,0,326,0,326,G
4-HA,85,0,0,0,329,329,C
4-HA,86,0,327,0,0,327,T
4-HA,87,0,0,332,0,332,G
4-HA,88,0,328,0,0,328,T
4-HA,89,0,0,340,0,340,G
4-HA,90,0,0,0,343,343,C
4-HA,91,1,0,0,356,357,C
4-HA,92,0,355,0,0,355,T
4-HA,93,0,351,0,0,351,T
4-HA,94,0,2,350,0,352,G
4-HA,95,0,0,357,0,357,G
4-HA,96,0,0,360,0,360,G
4-HA,97,0,0,0,363,363,C
4-HA,98,368,0,0,0,368,A
4-HA,99,1,0,0,369,370,C
4-HA,100,1,1,0,363,365,C
4-HA,101,392,0,0,0,392,A
4-HA,102,0,390,0,0,390,T
4-HA,103,0,0,394,0,394,G
4-HA,104,0,0,0,393,393,C
4-HA,105,386,0,0,0,386,A
4-HA,106,0,0,412,0,412,G
4-HA,107,0,409,0,0,409,T
4-HA,108,416,0,0,0,416,A
4-HA,109,0,1,0,407,408,C
4-HA,110,0,0,0,398,398,C
4-HA,111,398,0,1,0,399,A
4-HA,112,396,0,0,0,396,A
4-HA,113,400,0,0,0,400,A
4-HA,114,0,1,0,399,400,C
4-HA,115,0,1,396,0,397,G
4-HA,116,0,0,407,0,407,G
4-HA,117,395,0,1,0,396,A
4-HA,118,401,0,0,0,401,A
4-HA,119,0,0,0,404,404,C
4-HA,120,398,0,0,0,398,A
4-HA,121,405,0,0,0,405,A
4-HA,122,0,406,0,0,406,T
4-HA,123,414,0,0,0,414,A
4-HA,124,0,0,415,0,415,G
4-HA,125,0,404,0,0,404,T
4-HA,126,1,0,402,0,403,G
4-HA,127,410,0,0,0,410,A
4-HA,128,410,0,0,0,410,A
4-HA,129,409,0,1,0,410,A
4-HA,130,400,0,1,0,401,A
4-HA,131,0,0,0,415,415,C
4-HA,132,423,0,0,0,423,A
4-HA,133,421,0,1,0,422,A
4-HA,134,0,420,0,0,420,T
4-HA,135,0,0,0,421,421,C
4-HA,136,424,0,0,0,424,A
4-HA,137,0,0,0,425,425,C
4-HA,138,0,0,425,0,425,G
4-HA,139,415,0,0,0,415,A
4-HA,140,0,0,417,0,417,G
4-HA,141,0,413,0,0,413,T
4-HA,142,0,0,421,0,421,G
4-HA,143,415,0,2,0,417,A
4-HA,144,0,1,0,424,425,C
4-HA,145,0,0,0,421,421,C
4-HA,146,423,0,1,0,424,A
4-HA,147,423,0,0,0,423,A
4-HA,148,424,0,0,0,424,A
4-HA,149,0,426,0,0,426,T
4-HA,150,0,426,0,0,426,T
4-HA,151,0,0,426,0,426,G
4-HA,152,426,0,0,0,426,A
4-HA,153,425,0,0,0,425,A
4-HA,154,1,0,426,0,427,G
4-HA,155,0,425,0,0,425,T
4-HA,156,0,437,0,0,437,T
4-HA,157,440,0,0,0,440,A
4-HA,158,1,0,0,440,441,C
4-HA,159,0,443,0,0,443,T
4-HA,160,447,0,0,0,447,A
4-HA,161,460,0,0,0,460,A
4-HA,162,0,456,0,0,456,T
4-HA,163,1,1,456,0,458,G
4-HA,164,0,0,0,487,487,C
4-HA,165,0,475,0,1,476,T
4-HA,166,479,0,0,0,479,A
4-HA,167,0,0,0,477,477,C
4-HA,168,0,477,0,1,478,T
4-HA,169,0,0,481,0,481,G
4-HA,170,473,0,1,0,474,A
4-HA,171,0,1,477,0,478,G
4-HA,172,1,0,0,472,473,C
4-HA,173,0,469,0,0,469,T
4-HA,174,0,1,483,0,484,G
4-HA,175,0,0,490,0,490,G
4-HA,176,0,487,0,0,487,T
4-HA,177,0,493,0,0,493,T
4-HA,178,1,1,0,491,493,C
4-HA,179,489,0,0,0,489,A
4-HA,180,0,0,491,0,491,G
4-HA,181,490,0,0,0,490,A
4-HA,182,2,0,494,0,496,G
4-HA,183,0,496,0,0,496,T
4-HA,184,0,491,0,0,491,T
4-HA,185,2,0,0,493,495,C
4-HA,186,1,0,0,494,495,C
4-HA,187,0,495,0,0,495,T
4-HA,188,0,0,0,491,491,C
4-HA,189,494,0,1,0,495,A
4-HA,190,493,1,0,0,494,A
4-HA,191,0,0,0,496,496,C
4-HA,192,485,0,0,0,485,A
4-HA,193,0,0,495,0,495,G
4-HA,194,0,0,493,0,493,G
4-HA,195,0,485,0,0,485,T
4-HA,196,0,0,492,0,492,G
4-HA,197,493,0,1,0,494,A
4-HA,198,499,0,0,0,499,A
4-HA,199,512,0,0,0,512,A
4-HA,200,0,503,0,0,503,T
4-HA,201,511,0,0,0,511,A
4-HA,202,0,506,0,0,506,T
4-HA,203,1,0,503,0,504,G
4-HA,204,0,0,0,505,505,C
4-HA,205,0,0,506,0,506,G
4-HA,206,501,0,0,0,501,A
4-HA,207,0,0,0,508,508,C
4-HA,208,501,0,0,0,501,A
4-HA,209,0,1,520,0,521,G
4-HA,210,0,516,0,0,516,T
4-HA,211,1,1,0,525,527,C
4-HA,212,0,0,0,526,526,C
4-HA,213,0,526,0,0,526,T
4-HA,214,3,0,0,530,533,C
4-HA,215,529,0,0,0,529,A
4-HA,216,0,532,0,0,532,T
4-HA,217,0,0,0,536,536,C
4-HA,218,519,0,0,0,519,A
4-HA,219,0,0,519,0,519,G
4-HA,220,513,0,0,0,513,A
4-HA,221,0,513,0,1,514,T
4-HA,222,0,0,0,516,516,C
4-HA,223,1,0,0,511,512,C
4-HA,224,0,508,0,0,508,T
4-HA,225,0,506,0,0,506,T
4-HA,226,0,0,508,0,508,G
4-HA,227,505,0,0,0,505,A
4-HA,228,0,508,0,0,508,T
4-HA,229,0,1,513,0,514,G
4-HA,230,1,0,511,0,512,G
4-HA,231,512,0,0,0,512,A
4-HA,232,0,1,509,0,510,G
4-HA,233,499,0,1,0,500,A
4-HA,234,0,2,495,0,497,G
4-HA,235,500,0,0,0,500,A
4-HA,236,512,0,0,0,512,A
4-HA,237,0,0,0,515,515,C
4-HA,238,0,508,0,0,508,T
4-HA,239,0,0,511,0,511,G
4-HA,240,0,0,0,514,514,C
4-HA,241,511,0,2,0,513,A
4-HA,242,0,1,0,526,527,C
4-HA,243,516,1,0,0,517,A
4-HA,244,0,0,0,565,565,C
4-HA,245,0,565,0,0,565,T
4-HA,246,573,0,0,0,573,A
4-HA,247,573,0,0,0,573,A
4-HA,248,0,564,0,0,564,T
4-HA,249,560,0,1,0,561,A
4-HA,250,0,2,561,0,563,G
4-HA,251,553,0,0,1,554,A
4-HA,252,0,546,0,0,546,T
4-HA,253,0,0,519,0,519,G
4-HA,254,0,0,0,523,523,C
4-HA,255,0,519,0,0,519,T
4-HA,256,1,0,0,554,555,C
4-HA,257,0,556,0,0,556,T
4-HA,258,572,0,0,0,572,A
4-HA,259,0,576,0,0,576,T
4-HA,260,0,571,0,0,571,T
4-HA,261,0,0,592,0,592,G
4-HA,262,0,1,596,0,597,G
4-HA,263,0,4,602,0,606,G
4-HA,264,597,0,0,0,597,A
4-HA,265,1,2,585,0,588,G
4-HA,266,577,0,1,0,578,A
4-HA,267,0,0,2,732,734,C
4-HA,268,1,0,0,770,771,C
4-HA,269,1,0,0,808,809,C
4-HA,270,0,822,0,0,822,T
4-HA,271,0,0,0,851,851,C
4-HA,272,849,0,0,0,849,A
4-HA,273,560,0,347,0,907,A
4-HA,274,0,940,0,1,941,T
4-HA,275,0,3,950,1,954,G
4-HA,276,1,939,0,1,941,T
4-HA,277,0,3,940,0,943,G
4-HA,278,944,3,1,0,948,A
4-HA,279,1,944,0,0,945,T
4-HA,280,0,0,951,0,951,G
4-HA,281,0,0,944,0,944,G
4-HA,282,0,0,0,948,948,C
4-HA,283,0,947,0,0,947,T
4-HA,284,0,950,0,0,950,T
4-HA,285,0,0,0,954,954,C
4-HA,286,3,0,0,947,950,C
4-HA,287,954,0,0,0,954,A
4-HA,288,958,0,0,0,958,A
4-HA,289,955,0,0,0,955,A
4-HA,290,961,0,0,0,961,A
4-HA,291,0,969,0,0,969,T
4-HA,292,967,0,0,0,967,A
4-HA,293,973,0,0,0,973,A
4-HA,294,0,3,977,0,980,G
4-HA,295,985,0,1,0,986,A
4-HA,296,989,0,0,0,989,A
4-HA,297,982,0,0,0,982,A
4-HA,298,0,989,0,0,989,T
4-HA,299,0,1,991,0,992,G
4-HA,300,0,1,986,0,987,G
4-HA,301,1,5,978,0,984,G
4-HA,302,965,0,3,0,968,A
4-HA,303,0,0,0,993,993,C
4-HA,304,1,0,0,997,998,C
4-HA,305,0,1019,0,0,1019,T
4-HA,306,1,1024,0,0,1025,T
4-HA,307,0,1023,0,0,1023,T
4-HA,308,0,1035,1,0,1036,T
4-HA,309,0,1034,0,0,1034,T
4-HA,310,0,0,1039,0,1039,G
4-HA,311,0,1040,0,2,1042,T
4-HA,312,0,1042,0,1,1043,T
4-HA,313,0,3,1039,0,1042,G
4-HA,314,1031,1,0,0,1032,A
4-HA,315,1036,0,0,0,1036,A
4-HA,316,0,1,0,1030,1031,C
4-HA,317,0,0,1036,0,1036,G
4-HA,318,0,0,0,1062,1062,C
4-HA,319,1062,0,0,0,1062,A
4-HA,320,0,0,1066,0,1066,G
4-HA,321,0,0,0,1070,1070,C
4-HA,322,1069,0,0,0,1069,A
4-HA,323,1068,0,0,0,1068,A
4-HA,324,1063,0,3,0,1066,A
4-HA,325,1,0,1138,0,1139,G
4-HA,326,0,0,0,1135,1135,C
4-HA,327,0,0,0,1135,1135,C
4-HA,328,0,1151,0,0,1151,T
4-HA,329,1151,0,0,0,1151,A
4-HA,330,0,1,0,1166,1167,C
4-HA,331,1168,0,0,0,1168,A
4-HA,332,0,1,1165,0,1166,G
4-HA,333,2,0,0,1166,1168,C
4-HA,334,1143,0,0,0,1143,A
4-HA,335,1157,0,0,0,1157,A
4-HA,336,0,0,0,1218,1218,C
4-HA,337,0,1216,0,0,1216,T
4-HA,338,0,0,1228,0,1228,G
4-HA,339,0,1217,0,0,1217,T
4-HA,340,0,1219,0,0,1219,T
4-HA,341,1218,0,0,0,1218,A
4-HA,342,1,1,0,1318,1320,C
4-HA,343,2,1,0,1317,1320,C
4-HA,344,1,0,0,1376,1377,C
4-HA,345,0,1347,0,0,1347,T
4-HA,346,0,1345,0,0,1345,T
4-HA,347,1355,0,0,0,1355,A
4-HA,348,0,1357,0,1,1358,T
4-HA,349,1,3,1353,0,1357,G
4-HA,350,1345,0,0,0,1345,A
4-HA,351,0,1275,0,1,1276,T
4-HA,352,0,0,1303,0,1303,G
4-HA,353,0,1288,0,0,1288,T
4-HA,354,1,0,1278,0,1279,G
4-HA,355,1,0,0,1291,1292,C
4-HA,356,2,0,0,1289,1291,C
4-HA,357,0,1,1308,0,1309,G
4-HA,358,1,3,1307,0,1311,G
4-HA,359,1314,0,0,0,1314,A
4-HA,360,0,1326,0,1,1327,T
4-HA,361,0,1330,0,0,1330,T
4-HA,362,1330,0,0,0,1330,A
4-HA,363,0,1332,0,0,1332,T
4-HA,364,0,2,1321,0,1323,G
4-HA,365,1,1,0,1319,1321,C
4-HA,366,2,0,0,1319,1321,C
4-HA,367,0,1326,0,1,1327,T
4-HA,368,3,0,0,1399,1402,C
4-HA,369,3,0,0,1418,1421,C
4-HA,370,2,0,0,1424,1426,C
4-HA,371,0,1421,0,0,1421,T
4-HA,372,0,1431,0,0,1431,T
4-HA,373,1427,0,0,0,1427,A
4-HA,374,0,1,1455,0,1456,G
4-HA,375,2,0,1458,0,1460,G
4-HA,376,0,1436,0,0,1436,T
4-HA,377,7,2,0,1423,1432,C
4-HA,378,1411,0,0,0,1411,A
4-HA,379,0,0,0,1435,1435,C
4-HA,380,0,1446,0,0,1446,T
4-HA,381,1446,0,0,0,1446,A
4-HA,382,0,0,1441,0,1441,G
4-HA,383,1,1436,0,0,1437,T
4-HA,384,0,1438,0,0,1438,T
4-HA,385,0,2,1444,0,1446,G
4-HA,386,1,2,0,1439,1442,C
4-HA,387,5,0,0,1435,1440,C
4-HA,388,0,1430,0,1,1431,T
4-HA,389,0,0,0,1443,1443,C
4-HA,390,1484,0,0,0,1484,A
4-HA,391,0,1495,0,1,1496,T
4-HA,392,2,1,0,1491,1494,C
4-HA,393,0,0,0,1499,1499,C
4-HA,394,0,2,1485,0,1487,G
4-HA,395,2,1,1487,0,1490,G
4-HA,396,1,2,0,1496,1499,C
4-HA,397,1513,1,0,0,1514,A
4-HA,398,1,0,0,1548,1549,C
4-HA,399,1510,0,1,0,1511,A
4-HA,400,2,0,0,1527,1529,C
4-HA,401,0,1528,0,0,1528,T
4-HA,402,1,1,1531,0,1533,G
4-HA,403,0,2,1541,0,1543,G
4-HA,404,1539,0,0,0,1539,A
4-HA,405,1,0,1561,0,1562,G
4-HA,406,0,1537,0,0,1537,T
4-HA,407,0,1545,0,0,1545,T
4-HA,408,0,1542,0,8,1550,T
4-HA,409,1532,1,0,0,1533,A
4-HA,410,1546,0,0,0,1546,A
4-HA,411,0,1,0,1542,1543,C
4-HA,412,1526,0,0,0,1526,A
4-HA,413,1512,0,0,0,1512,A
4-HA,414,1509,0,2,0,1511,A
4-HA,415,0,2,1524,0,1526,G
4-HA,416,1516,0,0,0,1516,A
4-HA,417,1526,0,0,0,1526,A
4-HA,418,1523,0,1,0,1524,A
4-HA,419,0,0,1532,0,1532,G
4-HA,420,1,0,0,1543,1544,C
4-HA,421,0,1544,0,1,1545,T
4-HA,422,0,1548,1,0,1549,T
4-HA,423,3,0,0,1565,1568,C
4-HA,424,1574,0,1,1,1576,A
4-HA,425,1574,0,0,0,1574,A
4-HA,426,0,1576,0,0,1576,T
4-HA,427,0,1573,0,0,1573,T
4-HA,428,1,6,1590,0,1597,G
4-HA,429,0,2,1615,0,1617,G
4-HA,430,1613,0,1,0,1614,A
4-HA,431,1,0,0,1623,1624,C
4-HA,432,0,1611,0,1,1612,T
4-HA,433,0,0,1615,0,1615,G
4-HA,434,0,4,1621,0,1625,G
4-HA,435,1620,0,0,0,1620,A
4-HA,436,1,0,1623,0,1624,G
4-HA,437,0,1600,0,0,1600,T
4-HA,438,8,0,0,1590,1598,C
4-HA,439,1618,0,0,0,1618,A
4-HA,440,1,0,0,1623,1624,C
4-HA,441,0,1620,0,3,1623,T
4-HA,442,8,0,0,1624,1632,C
4-HA,443,1610,0,0,0,1610,A
4-HA,444,1615,0,0,0,1615,A
4-HA,445,1608,0,0,0,1608,A
4-HA,446,1628,0,1,0,1629,A
4-HA,447,1,1,0,1633,1635,C
4-HA,448,2,4,1617,0,1623,G
4-HA,449,0,5,1635,0,1640,G
4-HA,450,1640,0,1,0,1641,A
4-HA,451,1643,0,0,0,1643,A
4-HA,452,0,2,0,1644,1646,C
4-HA,453,1647,0,1,0,1648,A
4-HA,454,1667,0,0,0,1667,A
4-HA,455,0,0,1659,0,1659,G
4-HA,456,0,1,0,1662,1663,C
4-HA,457,0,1646,0,0,1646,T
4-HA,458,3,0,1,1660,1664,C
4-HA,459,0,1660,0,0,1660,T
4-HA,460,0,0,1664,0,1664,G
4-HA,461,0,0,0,1660,1660,C
4-HA,462,0,1673,0,2,1675,T
4-HA,463,0,1698,0,0,1698,T
4-HA,464,0,3,1721,0,1724,G
4-HA,465,0,1,0,1744,1745,C
4-HA,466,1744,0,0,0,1744,A
4-HA,467,0,1743,0,0,1743,T
4-HA,468,1743,0,0,0,1743,A
4-HA,469,1730,0,1,0,1731,A
4-HA,470,0,1,1724,0,1725,G
4-HA,471,0,7,1709,0,1716,G
4-HA,472,1673,0,0,0,1673,A
4-HA,473,0,4,1679,0,1683,G
4-HA,474,1660,0,3,0,1663,A
4-HA,475,0,1731,0,0,1731,T
4-HA,476,4,1,0,1750,1755,C
4-HA,477,0,1766,0,1,1767,T
4-HA,478,1774,0,0,0,1774,A
4-HA,479,1773,0,1,0,1774,A
4-HA,480,0,1768,0,0,1768,T
4-HA,481,1767,0,0,0,1767,A
4-HA,482,1751,0,0,0,1751,A
4-HA,483,1,0,0,1760,1761,C
4-HA,484,1726,0,0,0,1726,A
4-HA,485,0,0,1739,0,1739,G
4-HA,486,0,1703,0,0,1703,T
4-HA,487,0,1733,0,0,1733,T
4-HA,488,0,1742,0,0,1742,T
4-HA,489,2,0,0,1778,1780,C
4-HA,490,0,1773,0,0,1773,T
4-HA,491,0,1786,0,0,1786,T
4-HA,492,0,1783,0,0,1783,T
4-HA,493,1782,0,0,0,1782,A
4-HA,494,0,0,1779,0,1779,G
4-HA,495,0,1767,0,0,1767,T
4-HA,496,1774,0,1,0,1775,A
4-HA,497,0,5,1773,0,1778,G
4-HA,498,1751,0,0,0,1751,A
4-HA,499,0,1743,0,1,1744,T
4-HA,500,0,1748,0,1,1749,T
4-HA,501,0,5,1775,0,1780,G
4-HA,502,1777,0,0,0,1777,A
4-HA,503,1778,0,0,0,1778,A
4-HA,504,0,1781,0,0,1781,T
4-HA,505,0,1766,0,1,1767,T
4-HA,506,0,6,1787,0,1793,G
4-HA,507,1,0,1801,0,1802,G
4-HA,508,0,1794,0,0,1794,T
4-HA,509,1,1791,0,1,1793,T
4-HA,510,2,8,1769,0,1779,G
4-HA,511,1766,0,1,0,1767,A
4-HA,512,1,0,0,1758,1759,C
4-HA,513,0,0,0,1762,1762,C
4-HA,514,6,0,0,1760,1766,C
4-HA,515,1762,0,1,0,1763,A
4-HA,516,0,0,0,1762,1762,C
4-HA,517,0,1747,0,0,1747,T
4-HA,518,4,2,0,1753,1759,C
4-HA,519,1769,0,1,1,1771,A
4-HA,520,1776,0,1,0,1777,A
4-HA,521,1780,0,0,0,1780,A
4-HA,522,1793,1,0,0,1794,A
4-HA,523,0,1823,0,0,1823,T
4-HA,524,0,1823,0,0,1823,T
4-HA,525,10,0,0,1820,1830,C
4-HA,526,1821,0,0,0,1821,A
4-HA,527,1823,0,0,0,1823,A
4-HA,528,1811,0,0,0,1811,A
4-HA,529,0,1812,0,2,1814,T
4-HA,530,1839,0,0,0,1839,A
4-HA,531,4,0,0,1852,1856,C
4-HA,532,1,0,0,1823,1824,C
4-HA,533,1,0,0,1818,1819,C
4-HA,534,1833,0,0,0,1833,A
4-HA,535,1,0,1893,0,1894,G
4-HA,536,0,0,0,1894,1894,C
4-HA,537,1905,0,0,0,1905,A
4-HA,538,0,1900,0,0,1900,T
4-HA,539,0,1853,0,1,1854,T
4-HA,540,0,3,1889,0,1892,G
4-HA,541,1901,1,0,0,1902,A
4-HA,542,1906,0,2,0,1908,A
4-HA,543,0,3,0,1912,1915,C
4-HA,544,2,0,1872,0,1874,G
4-HA,545,0,1863,0,1,1864,T
4-HA,546,1,4,1880,0,1885,G
4-HA,547,1889,1,1,0,1891,A
4-HA,548,0,0,0,1893,1893,C
4-HA,549,0,1841,0,0,1841,T
4-HA,550,1894,0,0,0,1894,A
4-HA,551,0,1880,0,0,1880,T
4-HA,552,0,1,1897,0,1898,G
4-HA,553,1,1,0,1886,1888,C
4-HA,554,2,0,0,1885,1887,C
4-HA,555,1875,0,1,0,1876,A
4-HA,556,1880,0,0,0,1880,A
4-HA,557,1898,0,0,6,1904,A
4-HA,558,0,0,0,1920,1920,C
4-HA,559,1878,1,0,0,1879,A
4-HA,560,1888,0,0,0,1888,A
4-HA,561,0,1865,0,0,1865,T
4-HA,562,0,9,1871,0,1880,G
4-HA,563,1882,0,2,0,1884,A
4-HA,564,1878,0,2,0,1880,A
4-HA,565,1,0,0,1846,1847,C
4-HA,566,1862,0,0,0,1862,A
4-HA,567,1872,0,0,0,1872,A
4-HA,568,0,1858,0,0,1858,T
4-HA,569,0,1866,0,1,1867,T
4-HA,570,1,1869,0,0,1870,T
4-HA,571,1,3,1856,0,1860,G
4-HA,572,1865,0,1,0,1866,A
4-HA,573,1,0,0,1871,1872,C
4-HA,574,1865,0,0,0,1865,A
4-HA,575,1859,0,0,0,1859,A
4-HA,576,1880,0,0,0,1880,A
4-HA,577,0,1884,1,0,1885,T
4-HA,578,0,1881,0,0,1881,T
4-HA,579,0,0,1890,0,1890,G
4-HA,580,0,1882,0,0,1882,T
4-HA,581,1889,0,1,0,1890,A
4-HA,582,0,1,0,1941,1942,C
4-HA,583,1948,0,0,0,1948,A
4-HA,584,0,1971,0,0,1971,T
4-HA,585,0,1932,0,0,1932,T
4-HA,586,0,1932,1,1,1934,T
4-HA,587,1,0,1931,0,1932,G
4-HA,588,1,4,1915,0,1920,G
4-HA,589,0,1,1906,0,1907,G
4-HA,590,0,1,1908,0,1909,G
4-HA,591,0,2,1893,0,1895,G
4-HA,592,0,2,1932,0,1934,G
4-HA,593,0,1901,0,0,1901,T
4-HA,594,0,1933,1,0,1934,T
4-HA,595,7,1,0,1915,1923,C
4-HA,596,1917,0,2,0,1919,A
4-HA,597,0,2,0,1938,1940,C
4-HA,598,3,2,0,1933,1938,C
4-HA,599,1939,0,2,0,1941,A
4-HA,600,2,0,0,1958,1960,C
4-HA,601,1,0,0,1927,1928,C
4-HA,602,3,0,0,1928,1931,C
4-HA,603,2,1,1925,0,1928,G
4-HA,604,0,0,2022,0,2022,G
4-HA,605,0,0,2012,0,2012,G
4-HA,606,0,1989,0,0,1989,T
4-HA,607,2007,0,0,0,2007,A
4-HA,608,0,2,0,2004,2006,C
4-HA,609,1,1,1981,0,1983,G
4-HA,610,0,6,1995,0,2001,G
4-HA,611,2011,0,1,0,2012,A
4-HA,612,0,1,0,2011,2012,C
4-HA,613,1929,0,0,0,1929,A
4-HA,614,1922,0,0,0,1922,A
4-HA,615,0,1903,0,0,1903,T
4-HA,616,2,8,1925,0,1935,G
4-HA,617,1939,0,2,0,1941,A
4-HA,618,0,0,0,1935,1935,C
4-HA,619,4,0,0,1922,1926,C
4-HA,620,1934,0,0,0,1934,A
4-HA,621,1936,0,1,0,1937,A
4-HA,622,1953,1,0,0,1954,A
4-HA,623,0,1932,0,0,1932,T
4-HA,624,1,0,0,1977,1978,C
4-HA,625,0,1889,0,0,1889,T
4-HA,626,0,1881,0,1,1882,T
4-HA,627,5,0,0,1932,1937,C
4-HA,628,2,2,0,1937,1941,C
4-HA,629,0,1935,0,2,1937,T
4-HA,630,0,0,1951,0,1951,G
4-HA,631,0,1918,0,1,1919,T
4-HA,632,1939,1,0,0,1940,A
4-HA,633,0,1924,0,0,1924,T
4-HA,634,1,2,1930,0,1933,G
4-HA,635,0,0,0,1911,1911,C
4-HA,636,0,1912,0,2,1914,T
4-HA,637,5,5,0,1927,1937,C
4-HA,638,1935,0,4,0,1939,A
4-HA,639,1934,0,2,0,1936,A
4-HA,640,0,0,1934,1,1935,G
4-HA,641,0,1,0,1941,1942,C
4-HA,642,1951,0,0,0,1951,A
4-HA,643,1,1918,0,0,1919,T
4-HA,644,6,0,0,1927,1933,C
4-HA,645,1925,0,3,0,1928,A
4-HA,646,0,1,1933,0,1934,G
4-HA,647,0,2,1927,0,1929,G
4-HA,648,1939,0,0,0,1939,A
4-HA,649,1930,0,0,0,1930,A
4-HA,650,0,3,1945,0,1948,G
4-HA,651,1950,0,2,0,1952,A
4-HA,652,1978,0,0,0,1978,A
4-HA,653,0,1989,0,1,1990,T
4-HA,654,6,0,0,1984,1990,C
4-HA,655,1983,0,1,0,1984,A
4-HA,656,0,0,0,1976,1976,C
4-HA,657,1970,0,0,0,1970,A
4-HA,658,1,0,2013,0,2014,G
4-HA,659,0,1944,0,1,1945,T
4-HA,660,5,0,0,1959,1964,C
4-HA,661,0,1940,0,0,1940,T
4-HA,662,0,0,0,2002,2002,C
4-HA,663,0,2000,0,1,2001,T
4-HA,664,1996,1,2,0,1999,A
4-HA,665,0,0,0,2000,2000,C
4-HA,666,4,0,0,2000,2004,C
4-HA,667,1970,0,0,0,1970,A
4-HA,668,1960,0,0,0,1960,A
4-HA,669,1960,0,1,0,1961,A
4-HA,670,1957,0,1,0,1958,A
4-HA,671,0,2,1946,0,1948,G
4-HA,672,1914,0,0,1,1915,A
4-HA,673,1898,0,2,0,1900,A
4-HA,674,3,0,1907,0,1910,G
4-HA,675,2,4,0,1889,1895,C
4-HA,676,0,1,0,1925,1926,C
4-HA,677,1927,0,1,0,1928,A
4-HA,678,1926,4,3,0,1933,A
4-HA,679,0,0,0,1940,1940,C
4-HA,680,1943,0,0,0,1943,A
4-HA,681,1936,0,0,4,1940,A
4-HA,682,1936,0,0,0,1936,A
4-HA,683,0,0,0,1976,1976,C
4-HA,684,0,1956,0,2,1958,T
4-HA,685,1,0,1982,0,1983,G
4-HA,686,0,1972,0,0,1972,T
4-HA,687,1982,0,0,0,1982,A
4-HA,688,1983,1,0,0,1984,A
4-HA,689,0,1954,0,0,1954,T
4-HA,690,3,1,0,1977,1981,C
4-HA,691,1,4,0,1973,1978,C
4-HA,692,6,0,0,1952,1958,C
4-HA,693,1,5,1959,0,1965,G
4-HA,694,1951,0,0,0,1951,A
4-HA,695,1960,0,2,0,1962,A
4-HA,696,0,1959,0,0,1959,T
4-HA,697,1963,0,1,0,1964,A
4-HA,698,0,1933,0,0,1933,T
4-HA,699,1,1,0,1947,1949,C
4-HA,700,1,1,1936,0,1938,G
4-HA,701,0,4,1980,0,1984,G
4-HA,702,1990,0,1,0,1991,A
4-HA,703,0,2008,0,0,2008,T
4-HA,704,5,0,1,2016,2022,C
4-HA,705,0,2012,0,1,2013,T
4-HA,706,1998,0,1,0,1999,A
4-HA,707,0,2,2005,1,2008,G
4-HA,708,2009,1,1,0,2011,A
4-HA,709,0,1,0,1990,1991,C
4-HA,710,4,0,0,1943,1947,C
4-HA,711,1,1,0,1971,1973,C
4-HA,712,1971,0,0,0,1971,A
4-HA,713,0,3,2067,0,2070,G
4-HA,714,2057,0,0,0,2057,A
4-HA,715,2,0,2086,0,2088,G
4-HA,716,0,2074,0,0,2074,T
4-HA,717,2060,0,1,0,2061,A
4-HA,718,2055,0,1,0,2056,A
4-HA,719,0,3,2087,0,2090,G
4-HA,720,0,4,2084,0,2088,G
4-HA,721,2055,0,0,0,2055,A
4-HA,722,1923,0,0,0,1923,A
4-HA,723,0,1901,0,0,1901,T
4-HA,724,1926,0,0,0,1926,A
4-HA,725,0,1907,0,2,1909,T
4-HA,726,1,0,1,1930,1932,C
4-HA,727,2,0,0,1932,1934,C
4-HA,728,3,0,0,1899,1902,C
4-HA,729,0,1901,0,0,1901,T
4-HA,730,1907,0,0,0,1907,A
4-HA,731,1,1,1901,0,1903,G
4-HA,732,0,0,0,1906,1906,C
4-HA,733,1869,0,0,0,1869,A
4-HA,734,0,6,1910,0,1916,G
4-HA,735,1892,0,1,0,1893,A
4-HA,736,1905,0,0,0,1905,A
4-HA,737,0,1902,0,0,1902,T
4-HA,738,1904,0,0,0,1904,A
4-HA,739,1904,0,1,0,1905,A
4-HA,740,1,0,1888,0,1889,G
4-HA,741,1,0,0,1890,1891,C
4-HA,742,1901,0,0,0,1901,A
4-HA,743,0,1836,0,1,1837,T
4-HA,744,0,0,0,1935,1935,C
4-HA,745,0,1938,0,0,1938,T
4-HA,746,1946,2,0,0,1948,A
4-HA,747,0,1952,0,0,1952,T
4-HA,748,0,1945,0,0,1945,T
4-HA,749,0,4,1951,0,1955,G
4-HA,750,1,3,1949,0,1953,G
4-HA,751,1948,0,1,0,1949,A
4-HA,752,0,0,1,1953,1954,C
4-HA,753,1867,0,0,0,1867,A
4-HA,754,1884,0,0,0,1884,A
4-HA,755,0,1974,0,0,1974,T
4-HA,756,2015,0,0,0,2015,A
4-HA,757,1,0,2037,0,2038,G
4-HA,758,0,2008,0,0,2008,T
4-HA,759,2028,0,0,0,2028,A
4-HA,760,2028,0,0,0,2028,A
4-HA,761,2099,0,0,0,2099,A
4-HA,762,2105,0,0,0,2105,A
4-HA,763,0,0,0,2113,2113,C
4-HA,764,1,2,0,2042,2045,C
4-HA,765,1,1,2034,1,2037,G
4-HA,766,1,0,2043,0,2044,G
4-HA,767,0,6,2076,0,2082,G
4-HA,768,2086,1,0,0,2087,A
4-HA,769,1,4,2099,0,2104,G
4-HA,770,2146,1,1,0,2148,A
4-HA,771,0,0,0,2149,2149,C
4-HA,772,2145,1,0,3,2149,A
4-HA,773,0,2148,0,0,2148,T
4-HA,774,2141,0,1,0,2142,A
4-HA,775,0,0,0,2204,2204,C
4-HA,776,0,2181,0,2,2183,T
4-HA,777,0,2207,0,0,2207,T
4-HA,778,0,2226,0,0,2226,T
4-HA,779,0,2215,0,2,2217,T
4-HA,780,3,7,2233,0,2243,G
4-HA,781,2242,0,0,0,2242,A
4-HA,782,0,2253,0,1,2254,T
4-HA,783,0,2339,0,1,2340,T
4-HA,784,2319,0,1,0,2320,A
4-HA,785,2334,0,0,0,2334,A
4-HA,786,0,0,0,2366,2366,C
4-HA,787,2358,0,2,0,2360,A
4-HA,788,3,0,2445,0,2448,G
4-HA,789,0,1,0,2436,2437,C
4-HA,790,2435,0,0,0,2435,A
4-HA,791,0,0,0,2465,2465,C
4-HA,792,2425,0,3,0,2428,A
4-HA,793,0,3,2472,0,2475,G
4-HA,794,0,2,2452,1,2455,G
4-HA,795,1,9,2539,0,2549,G
4-HA,796,2550,0,0,0,2550,A
4-HA,797,2588,1,2,0,2591,A
4-HA,798,0,2591,0,0,2591,T
4-HA,799,6,0,0,2593,2599,C
4-HA,800,0,2623,0,3,2626,T
4-HA,801,2624,0,0,0,2624,A
4-HA,802,2623,0,1,0,2624,A
4-HA,803,1,2607,0,0,2608,T
4-HA,804,0,2550,0,0,2550,T
4-HA,805,0,1,2574,0,2575,G
4-HA,806,0,1,0,2655,2656,C
4-HA,807,0,2751,0,1,2752,T
4-HA,808,10,0,0,2827,2837,C
4-HA,809,3,0,0,2836,2839,C
4-HA,810,0,2855,0,1,2856,T
4-HA,811,2853,0,2,0,2855,A
4-HA,812,1,3,2862,0,2866,G
4-HA,813,1,10,2858,2,2871,G
4-HA,814,1,4,2878,1,2884,G
4-HA,815,2,0,2864,0,2866,G
4-HA,816,0,2809,0,2,2811,T
4-HA,817,0,2803,0,0,2803,T
4-HA,818,2802,0,1,0,2803,A
4-HA,819,1,0,0,2850,2851,C
4-HA,820,1,2865,0,1,2867,T
4-HA,821,0,2901,0,1,2902,T
4-HA,822,7,0,0,2900,2907,C
4-HA,823,2898,0,0,0,2898,A
4-HA,824,2891,1,0,0,2892,A
4-HA,825,2893,0,2,0,2895,A
4-HA,826,2957,0,1,0,2958,A
4-HA,827,0,2968,0,0,2968,T
4-HA,828,2935,0,0,0,2935,A
4-HA,829,0,1,0,2930,2931,C
4-HA,830,2908,0,0,0,2908,A
4-HA,831,2915,0,1,0,2916,A
4-HA,832,2918,0,2,0,2920,A
4-HA,833,1,0,2957,0,2958,G
4-HA,834,2,2934,0,0,2936,T
4-HA,835,0,2,2940,0,2942,G
4-HA,836,1,1,2941,0,2943,G
4-HA,837,1,7,2951,0,2959,G
4-HA,838,2962,0,4,0,2966,A
4-HA,839,2973,0,0,0,2973,A
4-HA,840,2976,0,3,0,2979,A
4-HA,841,2957,0,4,0,2961,A
4-HA,842,0,3,3026,0,3029,G
4-HA,843,0,1,0,2998,2999,C
4-HA,844,0,2995,0,2,2997,T
4-HA,845,5,0,0,3072,3077,C
4-HA,846,3089,0,0,0,3089,A
4-HA,847,3116,1,0,0,3117,A
4-HA,848,0,3125,0,0,3125,T
4-HA,849,3152,1,0,0,3153,A
4-HA,850,3139,0,0,0,3139,A
4-HA,851,0,3104,0,0,3104,T
4-HA,852,1,8,3111,0,3120,G
4-HA,853,3089,1,1,0,3091,A
4-HA,854,0,3,3192,0,3195,G
4-HA,855,3198,1,0,0,3199,A
4-HA,856,0,3179,0,2,3181,T
4-HA,857,11,2,0,3247,3260,C
4-HA,858,3247,0,0,0,3247,A
4-HA,859,1,3,3318,0,3322,G
4-HA,860,3322,0,0,0,3322,A
4-HA,861,0,3317,0,0,3317,T
4-HA,862,1,2,3307,0,3310,G
4-HA,863,0,1,0,3262,3263,C
4-HA,864,3248,1,7,1,3257,A
4-HA,865,1,0,0,3346,3347,C
4-HA,866,4,0,0,3310,3314,C
4-HA,867,8,0,0,3342,3350,C
4-HA,868,3306,0,0,3,3309,A
4-HA,869,0,3291,0,2,3293,T
4-HA,870,0,3301,0,1,3302,T
4-HA,871,0,3,3327,0,3330,G
4-HA,872,2,3,3309,1,3315,G
4-HA,873,0,0,0,3340,3340,C
4-HA,874,3296,1,0,1,3298,A
4-HA,875,3301,0,2,0,3303,A
4-HA,876,3350,0,1,0,3351,A
4-HA,877,0,3365,0,1,3366,T
4-HA,878,1,0,3361,0,3362,G
4-HA,879,2,7,0,3363,3372,C
4-HA,880,3325,0,1,0,3326,A
4-HA,881,3418,0,2,0,3420,A
4-HA,882,0,3413,0,0,3413,T
4-HA,883,0,3434,0,0,3434,T
4-HA,884,3,1,0,3448,3452,C
4-HA,885,0,3389,0,3,3392,T
4-HA,886,0,9,3430,0,3439,G
4-HA,887,3427,0,0,0,3427,A
4-HA,888,3446,0,0,0,3446,A
4-HA,889,0,3446,0,0,3446,T
4-HA,890,0,4,3399,0,3403,G
4-HA,891,2,1,0,3430,3433,C
4-HA,892,3431,0,1,0,3432,A
4-HA,893,0,3408,0,3,3411,T
4-HA,894,10,1,0,3415,3426,C
4-HA,895,3400,0,1,0,3401,A
4-HA,896,0,1,0,3562,3563,C
4-HA,897,1,3523,0,1,3525,T
4-HA,898,13,0,0,3527,3540,C
4-HA,899,3,0,0,3537,3540,C
4-HA,900,3563,0,4,0,3567,A
4-HA,901,3558,0,0,0,3558,A
4-HA,902,3551,0,2,3,3556,A
4-HA,903,0,3439,0,1,3440,T
4-HA,904,0,2,3452,0,3454,G
4-HA,905,0,5,3451,0,3456,G
4-HA,906,3448,0,0,0,3448,A
4-HA,907,3442,0,3,2,3447,A
4-HA,908,0,2,3448,0,3450,G
4-HA,909,2,2,0,3417,3421,C
4-HA,910,3416,0,2,1,3419,A
4-HA,911,0,3434,0,0,3434,T
4-HA,912,1,3420,0,4,3425,T
4-HA,913,4,0,0,3496,3500,C
4-HA,914,3,0,0,3470,3473,C
4-HA,915,2,2,0,3497,3501,C
4-HA,916,3496,1,1,0,3498,A
4-HA,917,3544,0,3,3,3550,A
4-HA,918,0,3609,0,3,3612,T
4-HA,919,2,18,3586,0,3606,G
4-HA,920,3600,0,2,0,3602,A
4-HA,921,0,0,0,3603,3603,C
4-HA,922,3523,0,0,0,3523,A
4-HA,923,3531,1,1,0,3533,A
4-HA,924,3495,0,1,0,3496,A
4-HA,925,0,0,0,3532,3532,C
4-HA,926,6,0,0,3499,3505,C
4-HA,927,3450,0,0,0,3450,A
4-HA,928,0,3446,1,1,3448,T
4-HA,929,0,3421,0,2,3423,T
4-HA,930,3,0,0,3461,3464,C
4-HA,931,3,0,1,3461,3465,C
4-HA,932,3469,0,0,0,3469,A
4-HA,933,3475,0,1,0,3476,A
4-HA,934,3475,0,0,0,3475,A
4-HA,935,3523,0,0,0,3523,A
4-HA,936,0,3514,0,0,3514,T
4-HA,937,0,0,3506,0,3506,G
4-HA,938,0,3492,0,1,3493,T
4-HA,939,0,3490,0,1,3491,T
4-HA,940,3546,0,1,0,3547,A
4-HA,941,3544,0,1,0,3545,A
4-HA,942,1,0,0,3558,3559,C
4-HA,943,3524,1,4,0,3529,A
4-HA,944,0,4,3547,0,3551,G
4-HA,945,1,8,3573,1,3583,G
4-HA,946,3670,0,2,0,3672,A
4-HA,947,0,3666,0,1,3667,T
4-HA,948,8,0,0,3698,3706,C
4-HA,949,3718,1,7,1,3727,A
4-HA,950,1,0,0,3856,3857,C
4-HA,951,3857,0,0,0,3857,A
4-HA,952,0,3974,0,1,3975,T
4-HA,953,3919,0,0,0,3919,A
4-HA,954,1,6,0,3878,3885,C
4-HA,955,1,5,3768,0,3774,G
4-HA,956,1,3,3729,0,3733,G
4-HA,957,0,5,3666,0,3671,G
4-HA,958,1,0,3699,0,3700,G
4-HA,959,1,1,0,3664,3666,C
4-HA,960,2,1,0,3686,3689,C
4-HA,961,0,3632,0,4,3636,T
4-HA,962,6,2,3945,0,3953,G
4-HA,963,0,3927,0,6,3933,T
4-HA,964,4,0,0,3938,3942,C
4-HA,965,1,0,0,3943,3944,C
4-HA,966,5,2,0,3972,3979,C
4-HA,967,3977,0,2,0,3979,A
4-HA,968,0,3,4006,0,4009,G
4-HA,969,3992,0,0,0,3992,A
4-HA,970,0,4003,0,3,4006,T
4-HA,971,3791,0,0,0,3791,A
4-HA,972,1,3712,0,2,3715,T
4-HA,973,0,1,3737,0,3738,G
4-HA,974,0,3710,0,1,3711,T
4-HA,975,1,3683,0,0,3684,T
4-HA,976,3718,1,0,0,3719,A
4-HA,977,3667,0,2,0,3669,A
4-HA,978,0,7,3675,0,3682,G
4-HA,979,0,0,0,3700,3700,C
4-HA,980,3672,0,2,0,3674,A
4-HA,981,3669,0,0,0,3669,A
4-HA,982,3640,0,1,0,3641,A
4-HA,983,3634,0,2,1,3637,A
4-HA,984,0,2,0,3644,3646,C
4-HA,985,3594,0,0,0,3594,A
4-HA,986,2,1,0,3632,3635,C
4-HA,987,0,3563,0,1,3564,T
4-HA,988,4,0,0,3601,3605,C
4-HA,989,1,3605,0,2,3608,T
4-HA,990,1,3,3642,0,3646,G
4-HA,991,3644,0,1,0,3645,A
4-HA,992,3624,0,0,1,3625,A
4-HA,993,3639,0,1,0,3640,A
4-HA,994,0,3618,0,0,3618,T
4-HA,995,0,3611,0,0,3611,T
4-HA,996,1,3,3622,0,3626,G
4-HA,997,1,0,3599,0,3600,G
4-HA,998,3,2,0,3621,3626,C
4-HA,999,3617,0,0,0,3617,A
4-HA,1000,3617,0,0,0,3617,A
4-HA,1001,0,2,0,3621,3623,C
4-HA,1002,3615,0,2,0,3617,A
4-HA,1003,2,2,3655,0,3659,G
4-HA,1004,0,5,3620,0,3625,G
4-HA,1005,0,8,3627,0,3635,G
4-HA,1006,3637,0,0,0,3637,A
4-HA,1007,0,3611,0,0,3611,T
4-HA,1008,2,1,3627,0,3630,G
4-HA,1009,0,3,0,3638,3641,C
4-HA,1010,4,8,3658,0,3670,G
4-HA,1011,3676,0,0,0,3676,A
4-HA,1012,3638,0,2,0,3640,A
4-HA,1013,3681,1,0,0,3682,A
4-HA,1014,0,3640,1,0,3641,T
4-HA,1015,5,0,3699,0,3704,G
4-HA,1016,2,3671,0,2,3675,T
4-HA,1017,3658,0,3,0,3661,A
4-HA,1018,2,0,0,3666,3668,C
4-HA,1019,5,0,0,3664,3669,C
4-HA,1020,3642,0,0,0,3642,A
4-HA,1021,0,2,3622,0,3624,G
4-HA,1022,3588,0,1,0,3589,A
4-HA,1023,2,8,3612,0,3622,G
4-HA,1024,3596,0,3,0,3599,A
4-HA,1025,3604,0,0,0,3604,A
4-HA,1026,3603,0,2,1,3606,A
4-HA,1027,0,1,0,3597,3598,C
4-HA,1028,3599,0,2,1,3602,A
4-HA,1029,3651,0,0,1,3652,A
4-HA,1030,3634,0,1,0,3635,A
4-HA,1031,1,0,0,3670,3671,C
4-HA,1032,0,3623,0,0,3623,T
4-HA,1033,3615,2,0,0,3617,A
4-HA,1034,3,7,3601,0,3611,G
4-HA,1035,3591,0,5,0,3596,A
4-HA,1036,2,5,3685,0,3692,G
4-HA,1037,1,4,3634,0,3639,G
4-HA,1038,1,0,0,3583,3584,C
4-HA,1039,3615,0,0,0,3615,A
4-HA,1040,1,3634,0,0,3635,T
4-HA,1041,3654,1,0,0,3655,A
4-HA,1042,0,3651,0,0,3651,T
4-HA,1043,0,3643,0,0,3643,T
4-HA,1044,0,3637,0,3,3640,T
4-HA,1045,1,5,3532,0,3538,G
4-HA,1046,2,2,3545,0,3549,G
4-HA,1047,3,4,2,3498,3507,C
4-HA,1048,2,1,3535,0,3538,G
4-HA,1049,0,1,0,3498,3499,C
4-HA,1050,3495,1,0,0,3496,A
4-HA,1051,3512,1,0,0,3513,A
4-HA,1052,0,3497,0,0,3497,T
4-HA,1053,4,2,0,3520,3526,C
4-HA,1054,1,0,3535,0,3536,G
4-HA,1055,5,4,0,3507,3516,C
4-HA,1056,0,6,3529,0,3535,G
4-HA,1057,0,1,3537,0,3538,G
4-HA,1058,1,0,3573,0,3574,G
4-HA,1059,0,3523,0,2,3525,T
4-HA,1060,0,3510,0,0,3510,T
4-HA,1061,0,3525,0,1,3526,T
4-HA,1062,11,0,0,3526,3537,C
4-HA,1063,3539,0,2,0,3541,A
4-HA,1064,0,3557,0,0,3557,T
4-HA,1065,3558,0,1,0,3559,A
4-HA,1066,1,3,3566,0,3570,G
4-HA,1067,3513,0,0,0,3513,A
4-HA,1068,3509,0,0,0,3509,A
4-HA,1069,3506,0,0,0,3506,A
4-HA,1070,3509,0,1,0,3510,A
4-HA,1071,1,3523,0,0,3524,T
4-HA,1072,1,4,3547,0,3552,G
4-HA,1073,1,1,3544,0,3546,G
4-HA,1074,0,3506,0,2,3508,T
4-HA,1075,0,3507,0,0,3507,T
4-HA,1076,1,8,3498,1,3508,G
4-HA,1077,0,2,3511,0,3513,G
4-HA,1078,1,2,3536,1,3540,G
4-HA,1079,3476,1,3,0,3480,A
4-HA,1080,1,9,3521,0,3531,G
4-HA,1081,3,3,3492,0,3498,G
4-HA,1082,1,3,3541,0,3545,G
4-HA,1083,3495,1,2,2,3500,A
4-HA,1084,3539,0,0,0,3539,A
4-HA,1085,0,3556,0,0,3556,T
4-HA,1086,0,5,3557,0,3562,G
4-HA,1087,0,0,3625,0,3625,G
4-HA,1088,0,3510,0,3,3513,T
4-HA,1089,12,5,3559,1,3577,G
4-HA,1090,1,3,3545,0,3549,G
4-HA,1091,3467,0,5,0,3472,A
4-HA,1092,0,3500,0,1,3501,T
4-HA,1093,3,6,3531,1,3541,G
4-HA,1094,1,0,3571,0,3572,G
4-HA,1095,0,3454,0,0,3454,T
4-HA,1096,0,3416,0,0,3416,T
4-HA,1097,0,6,3404,0,3410,G
4-HA,1098,1,0,3447,0,3448,G
4-HA,1099,0,3406,0,1,3407,T
4-HA,1100,3427,0,1,1,3429,A
4-HA,1101,0,2,0,3292,3294,C
4-HA,1102,0,8,3325,0,3333,G
4-HA,1103,0,0,3439,0,3439,G
4-HA,1104,0,3424,0,2,3426,T
4-HA,1105,0,3412,0,2,3414,T
4-HA,1106,0,3411,0,1,3412,T
4-HA,1107,9,4,0,3344,3357,C
4-HA,1108,3359,0,13,0,3372,A
4-HA,1109,0,8,3350,1,3359,G
4-HA,1110,2,1,3341,0,3344,G
4-HA,1111,0,1,0,3345,3346,C
4-HA,1112,3244,1,1,0,3246,A
4-HA,1113,1,3247,0,2,3250,T
4-HA,1114,6,0,0,3262,3268,C
4-HA,1115,3282,0,0,0,3282,A
4-HA,1116,3270,0,1,0,3271,A
4-HA,1117,3274,0,0,0,3274,A
4-HA,1118,3294,0,0,0,3294,A
4-HA,1119,0,3281,0,1,3282,T
4-HA,1120,0,3271,0,0,3271,T
4-HA,1121,11,2,0,3286,3299,C
4-HA,1122,0,3281,0,0,3281,T
4-HA,1123,1,3,3275,0,3279,G
4-HA,1124,3249,1,0,0,3250,A
4-HA,1125,3221,0,1,0,3222,A
4-HA,1126,0,1,3252,0,3253,G
4-HA,1127,0,5,3293,0,3298,G
4-HA,1128,3273,0,0,0,3273,A
4-HA,1129,3279,0,2,0,3281,A
4-HA,1130,0,6,3261,1,3268,G
4-HA,1131,3282,0,8,0,3290,A
4-HA,1132,0,3,3292,0,3295,G
4-HA,1133,0,9,3297,1,3307,G
4-HA,1134,3302,0,9,0,3311,A
4-HA,1135,1,1,0,3304,3306,C
4-HA,1136,3298,0,0,0,3298,A
4-HA,1137,3283,0,6,0,3289,A
4-HA,1138,0,0,3297,0,3297,G
4-HA,1139,0,2,0,3290,3292,C
4-HA,1140,3270,0,2,0,3272,A
4-HA,1141,0,2,3255,0,3257,G
4-HA,1142,1,2,0,3236,3239,C
4-HA,1143,3246,0,2,0,3248,A
4-HA,1144,0,5,3280,0,3285,G
4-HA,1145,3229,0,1,0,3230,A
4-HA,1146,1,3291,1,1,3294,T
4-HA,1147,5,0,0,3314,3319,C
4-HA,1148,0,3285,0,7,3292,T
4-HA,1149,6,1,0,3353,3360,C
4-HA,1150,3344,1,1,0,3346,A
4-HA,1151,3344,0,0,0,3344,A
4-HA,1152,3342,0,4,0,3346,A
4-HA,1153,3293,0,2,0,3295,A
4-HA,1154,0,2,3258,0,3260,G
4-HA,1155,2,1,0,3215,3218,C
4-HA,1156,3208,0,1,0,3209,A
4-HA,1157,1,4,0,3249,3254,C
4-HA,1158,1,3233,0,2,3236,T
4-HA,1159,9,0,0,3256,3265,C
4-HA,1160,3265,0,0,0,3265,A
4-HA,1161,3327,0,2,0,3329,A
4-HA,1162,0,1,3319,1,3321,G
4-HA,1163,2,3,0,3306,3311,C
4-HA,1164,3300,0,5,0,3305,A
4-HA,1165,0,2,3316,0,3318,G
4-HA,1166,1,0,0,3268,3269,C
4-HA,1167,3274,0,0,0,3274,A
4-HA,1168,3253,0,0,0,3253,A
4-HA,1169,0,3221,0,0,3221,T
4-HA,1170,3,1,0,3190,3194,C
4-HA,1171,2,7,3196,0,3205,G
4-HA,1172,3170,0,3,0,3173,A
4-HA,1173,0,3144,1,0,3145,T
4-HA,1174,6,1,0,3161,3168,C
4-HA,1175,3184,0,0,0,3184,A
4-HA,1176,3239,0,0,0,3239,A
4-HA,1177,3241,0,0,0,3241,A
4-HA,1178,0,3220,1,0,3221,T
4-HA,1179,8,4,0,3240,3252,C
4-HA,1180,3218,0,1,0,3219,A
4-HA,1181,3223,0,2,0,3225,A
4-HA,1182,0,3236,0,0,3236,T
4-HA,1183,4,5,3227,1,3237,G
4-HA,1184,4,1,3204,1,3210,G
4-HA,1185,0,3,3180,0,3183,G
4-HA,1186,3185,0,0,0,3185,A
4-HA,1187,3190,0,2,0,3192,A
4-HA,1188,0,1,3256,0,3257,G
4-HA,1189,2,0,1,3229,3232,C
4-HA,1190,1,3225,0,2,3228,T
4-HA,1191,0,7,3349,0,3356,G
4-HA,1192,3349,0,4,0,3353,A
4-HA,1193,3339,0,1,0,3340,A
4-HA,1194,0,3339,0,0,3339,T
4-HA,1195,3289,0,1,0,3290,A
4-HA,1196,0,2,3277,0,3279,G
4-HA,1197,3041,0,0,0,3041,A
4-HA,1198,1,3020,0,1,3022,T
4-HA,1199,0,3075,0,0,3075,T
4-HA,1200,1,2,3060,0,3063,G
4-HA,1201,3043,0,1,0,3044,A
4-HA,1202,2,3033,0,0,3035,T
4-HA,1203,6,5,0,3040,3051,C
4-HA,1204,1,3,3051,0,3055,G
4-HA,1205,0,1,3012,0,3013,G
4-HA,1206,0,5,3034,0,3039,G
4-HA,1207,3037,0,0,0,3037,A
4-HA,1208,3046,1,0,0,3047,A
4-HA,1209,3034,0,2,1,3037,A
4-HA,1210,3011,0,2,3,3016,A
4-HA,1211,0,0,0,3036,3036,C
4-HA,1212,9,1,0,3031,3041,C
4-HA,1213,3020,0,2,1,3023,A
4-HA,1214,3015,1,0,0,3016,A
4-HA,1215,0,2,0,3025,3027,C
4-HA,1216,2,2,3058,0,3062,G
4-HA,1217,3044,0,1,0,3045,A
4-HA,1218,0,5,3039,0,3044,G
4-HA,1219,3038,0,2,0,3040,A
4-HA,1220,3037,0,0,0,3037,A
4-HA,1221,3044,0,0,1,3045,A
4-HA,1222,0,3032,0,0,3032,T
4-HA,1223,0,3012,0,1,3013,T
4-HA,1224,9,0,0,3019,3028,C
4-HA,1225,7,1,0,3049,3057,C
4-HA,1226,3048,0,2,0,3050,A
4-HA,1227,0,3025,0,0,3025,T
4-HA,1228,3,3,0,3047,3053,C
4-HA,1229,3041,0,1,0,3042,A
4-HA,1230,0,2,3048,0,3050,G
4-HA,1231,3020,0,0,0,3020,A
4-HA,1232,0,3015,0,0,3015,T
4-HA,1233,0,3013,0,1,3014,T
4-HA,1234,0,6,3015,0,3021,G
4-HA,1235,3021,0,3,0,3024,A
4-HA,1236,3027,0,0,0,3027,A
4-HA,1237,3040,0,2,0,3042,A
4-HA,1238,3034,0,0,0,3034,A
4-HA,1239,3011,0,2,0,3013,A
4-HA,1240,2,5,3001,0,3008,G
4-HA,1241,2999,0,0,0,2999,A
4-HA,1242,3003,0,0,0,3003,A
4-HA,1243,0,2945,0,1,2946,T
4-HA,1244,0,2954,1,0,2955,T
4-HA,1245,6,2,0,2973,2981,C
4-HA,1246,0,2984,0,2,2986,T
4-HA,1247,4,0,0,2972,2976,C
4-HA,1248,2982,0,1,0,2983,A
4-HA,1249,1,1,2981,0,2983,G
4-HA,1250,2959,0,0,0,2959,A
4-HA,1251,2948,0,1,1,2950,A
4-HA,1252,0,0,3001,0,3001,G
4-HA,1253,0,2907,0,2,2909,T
4-HA,1254,7,1,1,2957,2966,C
4-HA,1255,1,7,2965,0,2973,G
4-HA,1256,2950,0,1,0,2951,A
4-HA,1257,2961,0,1,0,2962,A
4-HA,1258,0,4,2962,0,2966,G
4-HA,1259,2,2,2979,0,2983,G
4-HA,1260,0,10,2974,0,2984,G
4-HA,1261,2927,0,7,0,2934,A
4-HA,1262,0,8,2946,0,2954,G
4-HA,1263,2943,0,1,0,2944,A
4-HA,1264,3145,0,0,1,3146,A
4-HA,1265,0,3128,0,1,3129,T
4-HA,1266,0,3137,0,0,3137,T
4-HA,1267,8,0,0,3134,3142,C
4-HA,1268,3058,1,3,0,3062,A
4-HA,1269,9,7,3055,0,3071,G
4-HA,1270,6,7,3043,0,3056,G
4-HA,1271,3014,0,1,0,3015,A
4-HA,1272,1,1,0,3059,3061,C
4-HA,1273,7,2,0,2885,2894,C
4-HA,1274,0,2871,1,0,2872,T
4-HA,1275,0,2842,0,58,2900,T
4-HA,1276,0,5,2923,0,2928,G
4-HA,1277,2927,0,0,0,2927,A
4-HA,1278,2,7,2965,0,2974,G
4-HA,1279,2952,0,1,0,2953,A
4-HA,1280,2762,0,0,0,2762,A
4-HA,1281,2740,0,1,0,2741,A
4-HA,1282,0,2697,0,0,2697,T
4-HA,1283,2776,0,0,0,2776,A
4-HA,1284,0,2756,0,2,2758,T
4-HA,1285,1,0,2773,0,2774,G
4-HA,1286,0,2760,0,0,2760,T
4-HA,1287,0,2717,0,2,2719,T
4-HA,1288,1,6,2691,1,2699,G
4-HA,1289,2672,1,1,0,2674,A
4-HA,1290,1,3,2679,0,2683,G
4-HA,1291,0,6,2671,0,2677,G
4-HA,1292,2617,0,2,0,2619,A
4-HA,1293,2,2,0,2697,2701,C
4-HA,1294,2630,0,2,0,2632,A
4-HA,1295,1,2,0,2737,2740,C
4-HA,1296,3,2,0,2759,2764,C
4-HA,1297,2773,0,0,0,2773,A
4-HA,1298,2839,1,1,0,2841,A
4-HA,1299,2827,0,0,0,2827,A
4-HA,1300,2872,0,0,2,2874,A
4-HA,1301,0,2860,0,0,2860,T
4-HA,1302,2797,0,1,0,2798,A
4-HA,1303,2,7,2814,0,2823,G
4-HA,1304,2765,0,1,0,2766,A
4-HA,1305,0,2760,0,3,2763,T
4-HA,1306,4,3,0,2783,2790,C
4-HA,1307,1,2712,0,2,2715,T
4-HA,1308,3,0,0,2810,2813,C
4-HA,1309,0,2808,0,2,2810,T
4-HA,1310,2,6,2833,0,2841,G
4-HA,1311,6,0,2899,0,2905,G
4-HA,1312,1,2859,1,7,2868,T
4-HA,1313,11,0,0,2896,2907,C
4-HA,1314,2913,0,0,1,2914,A
4-HA,1315,0,2921,0,4,2925,T
4-HA,1316,2912,0,0,0,2912,A
4-HA,1317,0,1,0,2917,2918,C
4-HA,1318,2837,0,2,0,2839,A
4-HA,1319,2858,0,2,1,2861,A
4-HA,1320,0,3,0,2801,2804,C
4-HA,1321,2,1,2783,0,2786,G
4-HA,1322,0,5,0,2785,2790,C
4-HA,1323,7,2,2768,0,2777,G
4-HA,1324,0,4,2759,0,2763,G
4-HA,1325,2757,1,0,0,2758,A
4-HA,1326,0,1,2791,0,2792,G
4-HA,1327,3,1,0,2793,2797,C
4-HA,1328,0,2783,0,2,2785,T
4-HA,1329,0,2797,0,5,2802,T
4-HA,1330,2,0,0,2808,2810,C
4-HA,1331,0,2832,0,3,2835,T
4-HA,1332,0,2833,0,0,2833,T
4-HA,1333,1,0,2818,0,2819,G
4-HA,1334,1,2803,0,1,2805,T
4-HA,1335,0,2779,0,0,2779,T
4-HA,1336,1,1,2826,0,2828,G
4-HA,1337,3,1,1,2811,2816,C
4-HA,1338,11,1,0,2813,2825,C
4-HA,1339,5,0,0,2840,2845,C
4-HA,1340,0,2826,0,8,2834,T
4-HA,1341,0,4,2851,0,2855,G
4-HA,1342,0,5,2841,0,2846,G
4-HA,1343,2845,0,2,1,2848,A
4-HA,1344,0,3,2875,0,2878,G
4-HA,1345,2815,0,2,1,2818,A
4-HA,1346,2821,1,1,0,2823,A
4-HA,1347,2,1,0,2861,2864,C
4-HA,1348,4,1,0,2859,2864,C
4-HA,1349,2864,0,2,0,2866,A
4-HA,1350,2998,0,1,0,2999,A
4-HA,1351,2,0,0,3007,3009,C
4-HA,1352,3017,1,1,0,3019,A
4-HA,1353,0,3001,1,0,3002,T
4-HA,1354,2997,0,1,0,2998,A
4-HA,1355,1,1,0,3049,3051,C
4-HA,1356,2988,0,2,0,2990,A
4-HA,1357,2987,0,0,0,2987,A
4-HA,1358,0,2985,0,1,2986,T
4-HA,1359,1,2895,0,0,2896,T
4-HA,1360,0,9,2943,0,2952,G
4-HA,1361,2964,1,0,0,2965,A
4-HA,1362,0,2952,1,4,2957,T
4-HA,1363,3,0,0,2974,2977,C
4-HA,1364,1,2946,0,1,2948,T
4-HA,1365,2976,0,1,1,2978,A
4-HA,1366,2963,1,2,0,2966,A
4-HA,1367,1,3,0,2962,2966,C
4-HA,1368,0,2962,0,4,2966,T
4-HA,1369,1,10,2934,1,2946,G
4-HA,1370,2938,0,0,1,2939,A
4-HA,1371,0,1,0,2939,2940,C
4-HA,1372,1,2932,0,2,2935,T
4-HA,1373,6,0,0,2956,2962,C
4-HA,1374,2939,0,1,0,2940,A
4-HA,1375,1,3,3020,0,3024,G
4-HA,1376,2997,1,1,0,2999,A
4-HA,1377,3019,0,0,1,3020,A
4-HA,1378,3022,0,1,0,3023,A
4-HA,1379,1,2980,3,3,2987,T
4-HA,1380,0,10,3009,0,3019,G
4-HA,1381,3014,0,3,0,3017,A
4-HA,1382,3015,0,3,0,3018,A
4-HA,1383,1,2,0,3033,3036,C
4-HA,1384,2989,0,1,0,2990,A
4-HA,1385,2977,0,1,1,2979,A
4-HA,1386,2976,0,1,0,2977,A
4-HA,1387,1,1,0,3009,3011,C
4-HA,1388,0,2974,0,1,2975,T
4-HA,1389,1,0,2986,0,2987,G
4-HA,1390,0,2944,0,0,2944,T
4-HA,1391,0,2959,0,1,2960,T
4-HA,1392,0,2963,0,1,2964,T
4-HA,1393,1,4,2970,0,2975,G
4-HA,1394,2963,0,2,0,2965,A
4-HA,1395,2971,0,1,0,2972,A
4-HA,1396,2955,0,1,0,2956,A
4-HA,1397,2958,0,0,0,2958,A
4-HA,1398,2932,0,0,0,2932,A
4-HA,1399,2949,0,3,3,2955,A
4-HA,1400,1,0,0,2972,2973,C
4-HA,1401,2962,0,1,0,2963,A
4-HA,1402,2966,0,0,0,2966,A
4-HA,1403,2961,0,0,0,2961,A
4-HA,1404,0,3,2961,0,2964,G
4-HA,1405,2978,0,0,1,2979,A
4-HA,1406,2979,1,2,0,2982,A
4-HA,1407,0,1,2975,0,2976,G
4-HA,1408,1,5,0,2948,2954,C
4-HA,1409,2977,0,4,0,2981,A
4-HA,1410,2978,0,0,0,2978,A
4-HA,1411,0,0,0,2978,2978,C
4-HA,1412,0,2955,0,1,2956,T
4-HA,1413,3,4,2984,0,2991,G
4-HA,1414,2960,1,3,0,2964,A
4-HA,1415,2,7,2970,0,2979,G
4-HA,1416,1,9,2991,0,3001,G
4-HA,1417,2,7,2997,1,3007,G
4-HA,1418,3019,0,2,0,3021,A
4-HA,1419,2997,0,0,0,2997,A
4-HA,1420,2990,0,3,0,2993,A
4-HA,1421,3007,1,0,0,3008,A
4-HA,1422,0,3000,0,0,3000,T
4-HA,1423,1,1,2989,0,2991,G
4-HA,1424,1,4,0,2983,2988,C
4-HA,1425,0,2987,1,1,2989,T
4-HA,1426,4,2,2992,0,2998,G
4-HA,1427,3002,0,3,0,3005,A
4-HA,1428,0,2,3139,0,3141,G
4-HA,1429,0,1,3178,1,3180,G
4-HA,1430,3138,1,0,0,3139,A
4-HA,1431,0,3145,0,1,3146,T
4-HA,1432,3109,0,3,0,3112,A
4-HA,1433,0,3096,0,1,3097,T
4-HA,1434,2,14,3103,0,3119,G
4-HA,1435,0,5,3145,0,3150,G
4-HA,1436,2,1,3130,1,3134,G
4-HA,1437,1,0,0,2997,2998,C
4-HA,1438,2971,0,0,0,2971,A
4-HA,1439,2951,1,4,0,2956,A
4-HA,1440,2,2938,0,1,2941,T
4-HA,1441,0,5,2942,0,2947,G
4-HA,1442,0,3,2941,0,2944,G
4-HA,1443,0,2887,0,0,2887,T
4-HA,1444,0,2825,0,0,2825,T
4-HA,1445,0,1,2831,0,2832,G
4-HA,1446,0,2841,0,3,2844,T
4-HA,1447,1,2848,0,0,2849,T
4-HA,1448,1,2836,0,0,2837,T
4-HA,1449,3,0,0,2860,2863,C
4-HA,1450,2858,0,2,0,2860,A
4-HA,1451,2874,0,0,0,2874,A
4-HA,1452,2882,0,1,0,2883,A
4-HA,1453,2902,0,0,0,2902,A
4-HA,1454,0,2886,0,1,2887,T
4-HA,1455,2868,0,3,0,2871,A
4-HA,1456,0,2868,0,0,2868,T
4-HA,1457,2840,0,4,0,2844,A
4-HA,1458,1,0,0,2884,2885,C
4-HA,1459,11,0,1,2869,2881,C
4-HA,1460,2860,1,2,0,2863,A
4-HA,1461,0,0,0,2889,2889,C
4-HA,1462,2873,0,0,0,2873,A
4-HA,1463,2880,0,0,0,2880,A
4-HA,1464,2888,0,0,0,2888,A
4-HA,1465,0,2874,0,0,2874,T
4-HA,1466,1,0,2875,0,2876,G
4-HA,1467,0,2830,1,4,2835,T
4-HA,1468,0,13,2854,0,2867,G
4-HA,1469,2878,0,4,0,2882,A
4-HA,1470,0,0,0,2863,2863,C
4-HA,1471,2847,0,0,0,2847,A
4-HA,1472,2838,0,0,0,2838,A
4-HA,1473,0,2857,0,0,2857,T
4-HA,1474,0,1,2874,1,2876,G
4-HA,1475,0,0,0,2825,2825,C
4-HA,1476,5,0,0,2855,2860,C
4-HA,1477,1,2847,0,2,2850,T
4-HA,1478,2,1,2965,0,2968,G
4-HA,1479,1,0,0,2984,2985,C
4-HA,1480,3001,0,0,0,3001,A
4-HA,1481,1,2993,0,0,2994,T
4-HA,1482,2898,1,3,1,2903,A
4-HA,1483,0,1,2923,0,2924,G
4-HA,1484,0,1,2906,0,2907,G
4-HA,1485,2897,0,2,0,2899,A
4-HA,1486,0,2871,0,0,2871,T
4-HA,1487,8,2,0,2741,2751,C
4-HA,1488,2760,0,1,0,2761,A
4-HA,1489,2767,0,0,0,2767,A
4-HA,1490,1,2771,0,0,2772,T
4-HA,1491,6,0,0,2763,2769,C
4-HA,1492,2735,0,1,0,2736,A
4-HA,1493,1,0,2740,0,2741,G
4-HA,1494,2747,0,1,0,2748,A
4-HA,1495,2748,0,0,0,2748,A
4-HA,1496,2753,0,0,0,2753,A
4-HA,1497,0,2728,0,1,2729,T
4-HA,1498,0,6,2713,0,2719,G
4-HA,1499,0,7,2712,0,2719,G
4-HA,1500,2716,0,2,0,2718,A
4-HA,1501,2729,0,0,0,2729,A
4-HA,1502,0,0,0,2750,2750,C
4-HA,1503,0,2710,1,5,2716,T
4-HA,1504,0,2746,0,0,2746,T
4-HA,1505,2737,0,1,0,2738,A
4-HA,1506,0,2729,0,0,2729,T
4-HA,1507,0,19,2703,0,2722,G
4-HA,1508,2714,0,6,0,2720,A
4-HA,1509,2,0,0,2705,2707,C
4-HA,1510,9,1,0,2673,2683,C
4-HA,1511,2677,0,0,0,2677,A
4-HA,1512,1,5,0,2738,2744,C
4-HA,1513,0,4,2803,0,2807,G
4-HA,1514,2853,0,1,0,2854,A
4-HA,1515,0,2893,0,0,2893,T
4-HA,1516,0,0,2978,0,2978,G
4-HA,1517,0,2944,0,4,2948,T
4-HA,1518,3057,0,0,0,3057,A
4-HA,1519,1,3048,0,4,3053,T
4-HA,1520,3028,0,6,1,3035,A
4-HA,1521,2,1,0,3045,3048,C
4-HA,1522,2767,0,0,0,2767,A
4-HA,1523,0,6,2787,0,2793,G
4-HA,1524,2619,1,1,0,2621,A
4-HA,1525,0,1,2536,1,2538,G
4-HA,1526,2519,0,1,0,2520,A
4-HA,1527,0,2309,0,0,2309,T
4-HA,1528,0,7,2296,0,2303,G
4-HA,1529,2306,0,0,0,2306,A
4-HA,1530,2285,0,5,0,2290,A
4-HA,1531,0,3,2332,0,2335,G
4-HA,1532,0,1,0,2281,2282,C
4-HA,1533,2279,0,0,0,2279,A
4-HA,1534,0,2260,0,1,2261,T
4-HA,1535,0,2259,0,2,2261,T
4-HA,1536,2270,0,0,0,2270,A
4-HA,1537,2255,0,1,0,2256,A
4-HA,1538,2261,1,0,0,2262,A
4-HA,1539,0,0,0,2263,2263,C
4-HA,1540,2172,0,0,0,2172,A
4-HA,1541,2156,0,0,0,2156,A
4-HA,1542,0,1,0,2161,2162,C
4-HA,1543,1,1,0,2154,2156,C
4-HA,1544,2,0,2143,0,2145,G
4-HA,1545,0,0,2159,0,2159,G
4-HA,1546,0,2160,0,4,2164,T
4-HA,1547,0,2159,0,2,2161,T
4-HA,1548,12,4,0,2137,2153,C
4-HA,1549,1,0,0,2170,2171,C
4-HA,1550,2166,0,0,0,2166,A
4-HA,1551,2,5,2182,0,2189,G
4-HA,1552,2177,0,0,0,2177,A
4-HA,1553,0,2149,0,2,2151,T
4-HA,1554,12,0,0,2083,2095,C
4-HA,1555,2079,0,0,0,2079,A
4-HA,1556,2067,1,3,0,2071,A
4-HA,1557,0,4,2071,0,2075,G
4-HA,1558,1,1,2062,0,2064,G
4-HA,1559,0,5,2054,0,2059,G
4-HA,1560,1990,0,0,0,1990,A
4-HA,1561,2,0,2008,0,2010,G
4-HA,1562,0,2010,1,1,2012,T
4-HA,1563,0,2019,0,0,2019,T
4-HA,1564,1,8,2015,2,2026,G
4-HA,1565,2011,0,2,0,2013,A
4-HA,1566,1,0,2021,0,2022,G
4-HA,1567,0,0,0,2006,2006,C
4-HA,1568,0,1995,0,3,1998,T
4-HA,1569,1,2,1986,0,1989,G
4-HA,1570,1978,0,0,0,1978,A
4-HA,1571,1959,0,6,0,1965,A
4-HA,1572,0,0,1964,0,1964,G
4-HA,1573,1,2,0,1863,1866,C
4-HA,1574,2,0,0,1892,1894,C
4-HA,1575,1900,0,0,0,1900,A
4-HA,1576,0,2,1911,0,1913,G
4-HA,1577,0,2,1905,0,1907,G
4-HA,1578,2,0,1867,0,1869,G
4-HA,1579,0,1961,0,0,1961,T
4-HA,1580,2018,0,4,0,2022,A
4-HA,1581,1,0,0,2031,2032,C
4-HA,1582,2036,0,0,0,2036,A
4-HA,1583,2030,0,0,0,2030,A
4-HA,1584,2028,0,0,0,2028,A
4-HA,1585,0,1,2019,0,2020,G
4-HA,1586,1951,0,0,0,1951,A
4-HA,1587,0,3,0,1778,1781,C
4-HA,1588,0,1817,0,0,1817,T
4-HA,1589,0,1,1826,0,1827,G
4-HA,1590,0,2,1821,0,1823,G
4-HA,1591,1828,0,0,0,1828,A
4-HA,1592,0,1842,0,0,1842,T
4-HA,1593,2,1,0,1823,1826,C
4-HA,1594,2,0,0,1812,1814,C
4-HA,1595,0,1806,0,4,1810,T
4-HA,1596,1817,0,0,0,1817,A
4-HA,1597,0,1821,0,0,1821,T
4-HA,1598,0,1,1811,0,1812,G
4-HA,1599,0,4,1811,0,1815,G
4-HA,1600,1743,0,0,0,1743,A
4-HA,1601,0,1755,1,1,1757,T
4-HA,1602,0,1739,0,0,1739,T
4-HA,1603,0,1732,0,1,1733,T
4-HA,1604,3,0,0,1731,1734,C
4-HA,1605,3,0,0,1740,1743,C
4-HA,1606,0,1719,0,4,1723,T
4-HA,1607,0,1728,0,0,1728,T
4-HA,1608,0,1718,0,0,1718,T
4-HA,1609,0,1,1719,0,1720,G
4-HA,1610,0,0,0,1717,1717,C
4-HA,1611,7,0,0,1726,1733,C
4-HA,1612,1688,0,0,0,1688,A
4-HA,1613,0,1678,0,3,1681,T
4-HA,1614,1704,0,3,0,1707,A
4-HA,1615,0,1700,0,1,1701,T
4-HA,1616,6,1,0,1689,1696,C
4-HA,1617,1700,0,0,0,1700,A
4-HA,1618,0,1666,0,2,1668,T
4-HA,1619,1,0,1676,0,1677,G
4-HA,1620,0,1673,0,2,1675,T
4-HA,1621,0,1653,0,0,1653,T
4-HA,1622,0,1646,0,3,1649,T
4-HA,1623,0,1619,0,0,1619,T
4-HA,1624,0,1622,0,0,1622,T
4-HA,1625,0,1613,0,0,1613,T
4-HA,1626,1,0,1611,0,1612,G
4-HA,1627,1,0,0,1609,1610,C
4-HA,1628,0,1575,0,3,1578,T
4-HA,1629,0,1582,0,2,1584,T
4-HA,1630,0,1577,0,1,1578,T
4-HA,1631,1,0,1612,0,1613,G
4-HA,1632,0,1615,0,0,1615,T
4-HA,1633,0,0,1613,0,1613,G
4-HA,1634,0,1612,0,0,1612,T
4-HA,1635,0,1586,0,1,1587,T
4-HA,1636,1,0,1584,0,1585,G
4-HA,1637,1,1,0,1577,1579,C
4-HA,1638,0,1570,0,1,1571,T
4-HA,1639,1,1594,0,0,1595,T
4-HA,1640,0,1528,1,0,1529,T
4-HA,1641,0,0,1534,0,1534,G
4-HA,1642,0,1534,0,0,1534,T
4-HA,1643,0,1521,1,0,1522,T
4-HA,1644,0,1,1524,0,1525,G
4-HA,1645,0,0,1485,0,1485,G
4-HA,1646,0,0,1475,0,1475,G
4-HA,1647,0,0,1489,0,1489,G
4-HA,1648,0,1447,0,1,1448,T
4-HA,1649,0,1441,1,0,1442,T
4-HA,1650,7,0,0,1425,1432,C
4-HA,1651,1417,0,2,0,1419,A
4-HA,1652,0,1404,0,0,1404,T
4-HA,1653,3,0,0,1419,1422,C
4-HA,1654,1413,0,0,0,1413,A
4-HA,1655,0,1378,0,0,1378,T
4-HA,1656,0,0,1362,0,1362,G
4-HA,1657,0,1344,0,0,1344,T
4-HA,1658,0,1,1325,0,1326,G
4-HA,1659,0,1,1292,0,1293,G
4-HA,1660,1,0,1279,0,1280,G
4-HA,1661,2,0,0,1238,1240,C
4-HA,1662,1,0,0,1215,1216,C
4-HA,1663,0,1161,0,1,1162,T
4-HA,1664,2,0,1162,1,1165,G
4-HA,1665,1,0,0,1150,1151,C
4-HA,1666,3,0,0,1162,1165,C
4-HA,1667,1166,0,3,0,1169,A
4-HA,1668,1164,0,1,0,1165,A
4-HA,1669,1164,0,0,0,1164,A
4-HA,1670,1154,0,1,0,1155,A
4-HA,1671,1160,0,0,0,1160,A
4-HA,1672,0,0,1156,0,1156,G
4-HA,1673,0,1,1119,0,1120,G
4-HA,1674,0,0,0,1089,1089,C
4-HA,1675,1089,0,0,0,1089,A
4-HA,1676,1100,0,0,0,1100,A
4-HA,1677,0,0,0,1103,1103,C
4-HA,1678,1106,0,0,0,1106,A
4-HA,1679,0,1095,0,1,1096,T
4-HA,1680,0,1086,0,1,1087,T
4-HA,1681,1056,0,2,0,1058,A
4-HA,1682,0,1,1044,0,1045,G
4-HA,1683,0,0,1045,0,1045,G
4-HA,1684,0,1020,0,0,1020,T
4-HA,1685,0,0,961,0,961,G
4-HA,1686,0,0,1,914,915,C
4-HA,1687,892,0,0,0,892,A
4-HA,1688,887,0,0,0,887,A
4-HA,1689,1,0,0,892,893,C
4-HA,1690,876,0,0,0,876,A
4-HA,1691,0,858,0,0,858,T
4-HA,1692,0,819,0,1,820,T
4-HA,1693,0,817,0,0,817,T
4-HA,1694,2,0,814,0,816,G
4-HA,1695,0,0,0,806,806,C
4-HA,1696,803,0,0,0,803,A
4-HA,1697,0,751,1,1,753,T
4-HA,1698,0,732,0,1,733,T
4-HA,1699,0,714,0,0,714,T
4-HA,1700,0,0,716,0,716,G
4-HA,1701,678,0,0,0,678,A
5-NP,1,236,0,0,0,236,A
5-NP,2,0,234,0,0,234,T
5-NP,3,0,0,232,0,232,G
5-NP,4,0,0,235,0,235,G
5-NP,5,0,0,0,234,234,C
5-NP,6,0,0,243,0,243,G
5-NP,7,0,250,0,0,250,T
5-NP,8,0,0,0,253,253,C
5-NP,9,1,0,0,256,257,C
5-NP,10,0,0,0,258,258,C
5-NP,11,254,0,1,0,255,A
5-NP,12,250,0,0,0,250,A
5-NP,13,0,2,252,0,254,G
5-NP,14,0,0,264,0,264,G
5-NP,15,0,0,0,270,270,C
5-NP,16,274,0,0,0,274,A
5-NP,17,0,0,0,270,270,C
5-NP,18,0,0,0,275,275,C
5-NP,19,277,0,0,0,277,A
5-NP,20,274,0,0,0,274,A
5-NP,21,271,0,0,0,271,A
5-NP,22,0,0,0,276,276,C
5-NP,23,0,0,279,0,279,G
5-NP,24,0,0,312,0,312,G
5-NP,25,0,305,0,0,305,T
5-NP,26,0,0,0,351,351,C
5-NP,27,0,348,0,0,348,T
5-NP,28,0,355,0,0,355,T
5-NP,29,357,0,0,0,357,A
5-NP,30,1,355,0,0,356,T
5-NP,31,0,0,356,0,356,G
5-NP,32,354,1,0,0,355,A
5-NP,33,353,0,0,0,353,A
5-NP,34,0,0,0,349,349,C
5-NP,35,345,0,0,1,346,A
5-NP,36,0,0,373,0,373,G
5-NP,37,362,0,0,0,362,A
5-NP,38,0,372,0,0,372,T
5-NP,39,0,0,374,0,374,G
5-NP,40,0,1,370,0,371,G
5-NP,41,369,0,0,0,369,A
5-NP,42,372,0,0,0,372,A
5-NP,43,379,0,0,0,379,A
5-NP,44,0,0,0,394,394,C
5-NP,45,0,385,0,1,386,T
5-NP,46,0,1,391,0,392,G
5-NP,47,375,1,0,0,376,A
5-NP,48,0,393,0,0,393,T
5-NP,49,0,3,392,0,395,G
5-NP,50,0,2,393,0,395,G
5-NP,51,0,0,395,0,395,G
5-NP,52,0,4,392,0,396,G
5-NP,53,392,0,0,0,392,A
5-NP,54,0,396,0,0,396,T
5-NP,55,1,1,0,390,392,C
5-NP,56,0,0,395,0,395,G
5-NP,57,0,387,0,1,388,T
5-NP,58,0,0,0,403,403,C
5-NP,59,406,0,0,0,406,A
5-NP,60,0,1,416,0,417,G
5-NP,61,417,1,0,0,418,A
5-NP,62,423,0,0,0,423,A
5-NP,63,0,423,0,0,423,T
5-NP,64,0,1,423,0,424,G
5-NP,65,0,0,0,419,419,C
5-NP,66,420,0,0,0,420,A
5-NP,67,431,0,1,0,432,A
5-NP,68,0,0,0,429,429,C
5-NP,69,0,424,0,0,424,T
5-NP,70,0,2,430,0,432,G
5-NP,71,433,0,1,0,434,A
5-NP,72,0,2,453,0,455,G
5-NP,73,453,0,0,0,453,A
5-NP,74,0,450,0,0,450,T
5-NP,75,0,454,0,0,454,T
5-NP,76,459,0,0,0,459,A
5-NP,77,0,1,448,0,449,G
5-NP,78,1,1,443,0,445,G
5-NP,79,0,0,452,0,452,G
5-NP,80,0,0,0,446,446,C
5-NP,81,441,0,0,0,441,A
5-NP,82,0,449,0,0,449,T
5-NP,83,0,0,0,451,451,C
5-NP,84,0,0,0,448,448,C
5-NP,85,0,0,451,0,451,G
5-NP,86,0,447,0,0,447,T
5-NP,87,0,0,0,452,452,C
5-NP,88,0,0,460,0,460,G
5-NP,89,0,1,455,0,456,G
5-NP,90,0,0,461,0,461,G
5-NP,91,449,0,0,0,449,A
5-NP,92,459,0,1,0,460,A
5-NP,93,0,0,470,0,470,G
5-NP,94,457,0,1,0,458,A
5-NP,95,1,468,0,0,469,T
5-NP,96,0,1,471,0,472,G
5-NP,97,469,0,0,0,469,A
5-NP,98,0,474,0,0,474,T
5-NP,99,0,469,0,0,469,T
5-NP,100,0,0,476,0,476,G
5-NP,101,470,0,0,0,470,A
5-NP,102,0,472,0,0,472,T
5-NP,103,0,0,476,0,476,G
5-NP,104,0,1,470,0,471,G
5-NP,105,0,4,460,0,464,G
5-NP,106,488,0,0,0,488,A
5-NP,107,0,491,0,0,491,T
5-NP,108,1,494,0,0,495,T
5-NP,109,0,1,498,0,499,G
5-NP,110,0,2,495,0,497,G
5-NP,111,0,0,493,0,493,G
5-NP,112,491,0,0,0,491,A
5-NP,113,0,1,487,0,488,G
5-NP,114,498,0,0,0,498,A
5-NP,115,0,504,0,0,504,T
5-NP,116,0,508,0,0,508,T
5-NP,117,1,0,0,508,509,C
5-NP,118,0,509,0,0,509,T
5-NP,119,512,0,0,0,512,A
5-NP,120,0,0,0,514,514,C
5-NP,121,524,0,0,0,524,A
5-NP,122,0,526,0,0,526,T
5-NP,123,0,0,0,518,518,C
5-NP,124,2,0,0,523,525,C
5-NP,125,523,0,0,0,523,A
5-NP,126,539,0,0,0,539,A
5-NP,127,538,0,0,0,538,A
5-NP,128,0,538,0,0,538,T
5-NP,129,0,0,544,0,544,G
5-NP,130,0,534,0,0,534,T
5-NP,131,0,0,547,0,547,G
5-NP,132,0,0,0,539,539,C
5-NP,133,543,0,1,0,544,A
5-NP,134,0,0,0,544,544,C
5-NP,135,0,538,0,0,538,T
5-NP,136,0,5,564,0,569,G
5-NP,137,569,0,0,0,569,A
5-NP,138,574,0,0,0,574,A
5-NP,139,0,0,0,593,593,C
5-NP,140,0,595,0,0,595,T
5-NP,141,0,594,0,0,594,T
5-NP,142,593,0,0,0,593,A
5-NP,143,590,0,0,0,590,A
5-NP,144,595,0,0,0,595,A
5-NP,145,0,0,0,593,593,C
5-NP,146,0,579,0,0,579,T
5-NP,147,2,0,0,584,586,C
5-NP,148,584,0,0,0,584,A
5-NP,149,0,0,588,0,588,G
5-NP,150,1,585,0,0,586,T
5-NP,151,0,2,590,0,592,G
5-NP,152,599,0,0,0,599,A
5-NP,153,0,597,0,0,597,T
5-NP,154,1,0,0,605,606,C
5-NP,155,605,0,0,0,605,A
5-NP,156,0,606,0,0,606,T
5-NP,157,0,2,604,0,606,G
5-NP,158,603,0,1,0,604,A
5-NP,159,599,0,0,0,599,A
5-NP,160,0,2,602,0,604,G
5-NP,161,0,0,596,0,596,G
5-NP,162,0,0,600,0,600,G
5-NP,163,0,1,0,597,598,C
5-NP,164,0,1,602,0,603,G
5-NP,165,0,0,604,0,604,G
5-NP,166,0,595,0,0,595,T
5-NP,167,0,607,0,0,607,T
5-NP,168,0,1,609,0,610,G
5-NP,169,641,0,0,0,641,A
5-NP,170,0,641,0,1,642,T
5-NP,171,3,0,0,641,644,C
5-NP,172,0,1,0,644,645,C
5-NP,173,641,0,0,0,641,A
5-NP,174,0,0,646,0,646,G
5-NP,175,639,0,0,0,639,A
5-NP,176,645,0,0,0,645,A
5-NP,177,0,0,0,646,646,C
5-NP,178,597,0,1,0,598,A
5-NP,179,0,0,602,0,602,G
5-NP,180,0,0,0,606,606,C
5-NP,181,0,607,0,0,607,T
5-NP,182,0,616,0,0,616,T
5-NP,183,0,1,617,0,618,G
5-NP,184,627,0,1,0,628,A
5-NP,185,0,0,0,625,625,C
5-NP,186,624,1,0,0,625,A
5-NP,187,634,0,0,0,634,A
5-NP,188,0,625,0,0,625,T
5-NP,189,632,0,0,0,632,A
5-NP,190,1,0,629,0,630,G
5-NP,191,630,0,0,0,630,A
5-NP,192,0,0,632,0,632,G
5-NP,193,629,0,0,0,629,A
5-NP,194,634,0,0,0,634,A
5-NP,195,639,0,0,0,639,A
5-NP,196,644,0,0,0,644,A
5-NP,197,0,649,0,0,649,T
5-NP,198,0,2,646,0,648,G
5-NP,199,0,2,649,0,651,G
5-NP,200,0,636,0,2,638,T
5-NP,201,631,0,0,0,631,A
5-NP,202,1,0,0,639,640,C
5-NP,203,0,638,0,0,638,T
5-NP,204,5,0,0,653,658,C
5-NP,205,0,638,0,0,638,T
5-NP,206,3,0,0,645,648,C
5-NP,207,0,649,0,0,649,T
5-NP,208,0,0,654,0,654,G
5-NP,209,0,0,0,641,641,C
5-NP,210,0,644,0,1,645,T
5-NP,211,0,650,0,0,650,T
5-NP,212,0,649,0,0,649,T
5-NP,213,0,641,0,0,641,T
5-NP,214,0,1,639,0,640,G
5-NP,215,633,0,0,2,635,A
5-NP,216,0,636,0,0,636,T
5-NP,217,0,1,639,0,640,G
5-NP,218,638,0,0,0,638,A
5-NP,219,640,0,0,0,640,A
5-NP,220,640,0,0,0,640,A
5-NP,221,0,4,638,0,642,G
5-NP,222,638,0,0,0,638,A
5-NP,223,637,0,0,0,637,A
5-NP,224,0,1,646,0,647,G
5-NP,225,2,2,660,0,664,G
5-NP,226,667,0,1,0,668,A
5-NP,227,671,0,0,0,671,A
5-NP,228,0,667,0,0,667,T
5-NP,229,676,0,0,0,676,A
5-NP,230,672,1,0,0,673,A
5-NP,231,679,0,0,0,679,A
5-NP,232,0,680,0,0,680,T
5-NP,233,671,0,1,0,672,A
5-NP,234,0,0,0,669,669,C
5-NP,235,1,0,1,664,666,C
5-NP,236,0,663,0,1,664,T
5-NP,237,0,1,667,0,668,G
5-NP,238,0,1,680,0,681,G
5-NP,239,679,0,0,0,679,A
5-NP,240,676,0,0,0,676,A
5-NP,241,0,2,677,0,679,G
5-NP,242,686,0,0,0,686,A
5-NP,243,679,0,0,0,679,A
5-NP,244,0,0,0,675,675,C
5-NP,245,665,0,0,0,665,A
5-NP,246,0,0,0,681,681,C
5-NP,247,0,0,0,684,684,C
5-NP,248,0,0,0,683,683,C
5-NP,249,1,0,0,685,686,C
5-NP,250,686,0,0,0,686,A
5-NP,251,1,0,682,0,683,G
5-NP,252,1,0,0,682,683,C
5-NP,253,0,0,679,0,679,G
5-NP,254,0,1,0,683,684,C
5-NP,255,1,1,674,0,676,G
5-NP,256,0,0,695,0,695,G
5-NP,257,0,0,690,0,690,G
5-NP,258,0,0,692,0,692,G
5-NP,259,693,0,0,0,693,A
5-NP,260,696,0,0,0,696,A
5-NP,261,693,0,2,0,695,A
5-NP,262,0,0,687,0,687,G
5-NP,263,686,0,1,0,687,A
5-NP,264,0,686,0,0,686,T
5-NP,265,1,0,0,686,687,C
5-NP,266,1,0,0,688,689,C
5-NP,267,0,0,0,686,686,C
5-NP,268,687,0,1,0,688,A
5-NP,269,687,0,0,0,687,A
5-NP,270,0,1,686,0,687,G
5-NP,271,691,0,0,0,691,A
5-NP,272,694,0,0,0,694,A
5-NP,273,694,0,0,0,694,A
5-NP,274,693,0,0,0,693,A
5-NP,275,0,0,0,694,694,C
5-NP,276,0,688,0,0,688,T
5-NP,277,0,0,689,0,689,G
5-NP,278,0,0,684,0,684,G
5-NP,279,0,0,684,0,684,G
5-NP,280,0,3,682,0,685,G
5-NP,281,0,0,687,0,687,G
5-NP,282,0,0,690,0,690,G
5-NP,283,0,0,0,734,734,C
5-NP,284,0,0,0,742,742,C
5-NP,285,1,0,0,750,751,C
5-NP,286,840,0,0,1,841,A
5-NP,287,0,840,0,0,840,T
5-NP,288,874,0,0,0,874,A
5-NP,289,0,874,0,0,874,T
5-NP,290,872,0,0,0,872,A
5-NP,291,0,0,0,878,878,C
5-NP,292,819,0,0,0,819,A
5-NP,293,0,0,827,0,827,G
5-NP,294,0,0,823,0,823,G
5-NP,295,743,0,0,2,745,A
5-NP,296,0,0,760,0,760,G
5-NP,297,731,0,0,0,731,A
5-NP,298,0,2,744,0,746,G
5-NP,299,0,734,0,0,734,T
5-NP,300,740,0,0,0,740,A
5-NP,301,0,2,749,0,751,G
5-NP,302,739,0,0,0,739,A
5-NP,303,0,743,0,0,743,T
5-NP,304,1,1,740,0,742,G
5-NP,305,0,3,738,0,741,G
5-NP,306,737,0,1,0,738,A
5-NP,307,735,0,0,0,735,A
5-NP,308,735,0,1,0,736,A
5-NP,309,729,0,1,0,730,A
5-NP,310,0,736,0,0,736,T
5-NP,311,1,5,733,0,739,G
5-NP,312,0,0,742,0,742,G
5-NP,313,739,0,0,0,739,A
5-NP,314,0,738,0,0,738,T
5-NP,315,0,0,744,0,744,G
5-NP,316,745,0,0,0,745,A
5-NP,317,0,2,744,0,746,G
5-NP,318,0,1,738,0,739,G
5-NP,319,0,3,739,0,742,G
5-NP,320,755,0,1,0,756,A
5-NP,321,759,0,1,0,760,A
5-NP,322,0,0,0,770,770,C
5-NP,323,0,767,0,0,767,T
5-NP,324,2,3,0,781,786,C
5-NP,325,0,1,793,0,794,G
5-NP,326,0,803,0,0,803,T
5-NP,327,1,0,0,804,805,C
5-NP,328,2,0,0,926,928,C
5-NP,329,0,924,0,0,924,T
5-NP,330,0,933,0,0,933,T
5-NP,331,0,933,0,0,933,T
5-NP,332,933,0,0,1,934,A
5-NP,333,0,935,0,0,935,T
5-NP,334,0,2,935,0,937,G
5-NP,335,939,0,0,0,939,A
5-NP,336,0,0,0,943,943,C
5-NP,337,928,0,0,0,928,A
5-NP,338,931,0,1,0,932,A
5-NP,339,930,0,0,0,930,A
5-NP,340,1,0,985,0,986,G
5-NP,341,973,0,1,0,974,A
5-NP,342,978,0,0,0,978,A
5-NP,343,2,4,1028,0,1034,G
5-NP,344,1043,0,0,0,1043,A
5-NP,345,1045,0,0,0,1045,A
5-NP,346,1045,0,0,0,1045,A
5-NP,347,0,1035,0,0,1035,T
5-NP,348,1042,0,0,0,1042,A
5-NP,349,1039,0,1,0,1040,A
5-NP,350,0,1,1057,0,1058,G
5-NP,351,0,1,1044,0,1045,G
5-NP,352,0,0,0,1024,1024,C
5-NP,353,0,2,1038,0,1040,G
5-NP,354,1042,0,0,0,1042,A
5-NP,355,1059,0,0,0,1059,A
5-NP,356,0,1054,0,1,1055,T
5-NP,357,1,0,0,1058,1059,C
5-NP,358,0,1062,0,0,1062,T
5-NP,359,0,1,1064,0,1065,G
5-NP,360,0,1,1062,0,1063,G
5-NP,361,0,1,0,1062,1063,C
5-NP,362,0,0,1066,0,1066,G
5-NP,363,0,0,0,1064,1064,C
5-NP,364,1,0,0,1058,1059,C
5-NP,365,1074,0,0,0,1074,A
5-NP,366,1083,0,1,0,1084,A
5-NP,367,1,1,1110,0,1112,G
5-NP,368,0,0,0,1112,1112,C
5-NP,369,0,0,0,1125,1125,C
5-NP,370,1134,0,0,0,1134,A
5-NP,371,1170,0,0,0,1170,A
5-NP,372,0,0,0,1187,1187,C
5-NP,373,1186,0,0,0,1186,A
5-NP,374,1222,0,0,0,1222,A
5-NP,375,0,1224,0,0,1224,T
5-NP,376,0,1,1262,0,1263,G
5-NP,377,0,0,1264,0,1264,G
5-NP,378,0,1252,0,0,1252,T
5-NP,379,0,5,1260,0,1265,G
5-NP,380,1258,0,0,0,1258,A
5-NP,381,0,2,1320,0,1322,G
5-NP,382,2,1,1320,0,1323,G
5-NP,383,1349,0,1,0,1350,A
5-NP,384,0,1485,0,1,1486,T
5-NP,385,0,0,1508,0,1508,G
5-NP,386,0,0,0,1517,1517,C
5-NP,387,0,1519,0,1,1520,T
5-NP,388,1538,0,0,0,1538,A
5-NP,389,0,1,0,1575,1576,C
5-NP,390,1564,0,0,1,1565,A
5-NP,391,0,1563,0,0,1563,T
5-NP,392,4,0,0,1567,1571,C
5-NP,393,0,1513,0,0,1513,T
5-NP,394,0,2,1597,0,1599,G
5-NP,395,0,0,1642,0,1642,G
5-NP,396,2,1630,0,2,1634,T
5-NP,397,2,0,0,1644,1646,C
5-NP,398,0,1633,0,4,1637,T
5-NP,399,1659,0,0,0,1659,A
5-NP,400,1672,0,0,0,1672,A
5-NP,401,0,1,0,1674,1675,C
5-NP,402,0,1673,0,0,1673,T
5-NP,403,4,0,0,1694,1698,C
5-NP,404,1674,0,0,0,1674,A
5-NP,405,0,0,0,1761,1761,C
5-NP,406,1755,0,0,0,1755,A
5-NP,407,0,1761,0,1,1762,T
5-NP,408,1745,0,0,0,1745,A
5-NP,409,1763,0,0,0,1763,A
5-NP,410,0,1766,0,0,1766,T
5-NP,411,0,4,1785,0,1789,G
5-NP,412,1779,1,1,0,1781,A
5-NP,413,0,1764,0,0,1764,T
5-NP,414,0,1755,0,1,1756,T
5-NP,415,0,1753,0,2,1755,T
5-NP,416,0,6,1739,0,1745,G
5-NP,417,1,0,1749,0,1750,G
5-NP,418,0,0,0,1753,1753,C
5-NP,419,1767,1,0,0,1768,A
5-NP,420,0,1765,0,0,1765,T
5-NP,421,0,1769,0,0,1769,T
5-NP,422,4,2,0,1763,1769,C
5-NP,423,0,1769,0,1,1770,T
5-NP,424,1847,0,0,0,1847,A
5-NP,425,1855,0,1,0,1856,A
5-NP,426,0,1862,0,0,1862,T
5-NP,427,0,1854,0,2,1856,T
5-NP,428,0,1854,0,2,1856,T
5-NP,429,0,6,1870,0,1876,G
5-NP,430,1871,0,1,0,1872,A
5-NP,431,1870,0,0,0,1870,A
5-NP,432,0,1884,0,0,1884,T
5-NP,433,1,1,1872,0,1874,G
5-NP,434,1956,0,0,1,1957,A
5-NP,435,0,1967,0,0,1967,T
5-NP,436,0,0,1964,0,1964,G
5-NP,437,0,3,0,2028,2031,C
5-NP,438,2016,1,1,0,2018,A
5-NP,439,2100,0,2,1,2103,A
5-NP,440,0,1,0,2105,2106,C
5-NP,441,2143,0,0,0,2143,A
5-NP,442,0,2190,0,1,2191,T
5-NP,443,2155,0,1,0,2156,A
5-NP,444,0,0,0,2185,2185,C
5-NP,445,2,0,0,2184,2186,C
5-NP,446,2160,0,0,0,2160,A
5-NP,447,0,4,2176,0,2180,G
5-NP,448,2137,1,0,0,2138,A
5-NP,449,0,5,2182,1,2188,G
5-NP,450,0,3,2178,0,2181,G
5-NP,451,2157,0,1,0,2158,A
5-NP,452,0,0,0,2195,2195,C
5-NP,453,2170,0,1,0,2171,A
5-NP,454,2172,0,6,0,2178,A
5-NP,455,0,3,2182,0,2185,G
5-NP,456,2156,1,1,0,2158,A
5-NP,457,0,0,2176,0,2176,G
5-NP,458,0,1,0,2179,2180,C
5-NP,459,0,2167,0,2,2169,T
5-NP,460,5,0,0,2176,2181,C
5-NP,461,0,2178,1,0,2179,T
5-NP,462,0,2187,0,1,2188,T
5-NP,463,0,0,2199,0,2199,G
5-NP,464,1,2196,0,0,2197,T
5-NP,465,0,2193,0,2,2195,T
5-NP,466,9,0,0,2180,2189,C
5-NP,467,2,8,2182,0,2192,G
5-NP,468,2219,0,0,0,2219,A
5-NP,469,2205,1,0,0,2206,A
5-NP,470,0,0,0,2249,2249,C
5-NP,471,0,2241,0,2,2243,T
5-NP,472,0,0,2278,0,2278,G
5-NP,473,0,5,2271,0,2276,G
5-NP,474,2278,2,2,0,2282,A
5-NP,475,2288,0,1,0,2289,A
5-NP,476,0,2286,0,0,2286,T
5-NP,477,3,6,2263,0,2272,G
5-NP,478,0,3,2284,0,2287,G
5-NP,479,2307,0,4,0,2311,A
5-NP,480,0,2340,0,0,2340,T
5-NP,481,3,2,0,2345,2350,C
5-NP,482,3,1,0,2347,2351,C
5-NP,483,3,2,1,2394,2400,C
5-NP,484,2441,0,1,0,2442,A
5-NP,485,6,3,2481,0,2490,G
5-NP,486,2491,0,0,0,2491,A
5-NP,487,2496,0,0,0,2496,A
5-NP,488,0,2479,0,1,2480,T
5-NP,489,3,1,2525,0,2529,G
5-NP,490,0,2489,0,1,2490,T
5-NP,491,3,1,2526,0,2530,G
5-NP,492,0,0,0,2526,2526,C
5-NP,493,0,2512,0,2,2514,T
5-NP,494,6,0,0,2749,2755,C
5-NP,495,0,2743,0,0,2743,T
5-NP,496,5,0,0,2898,2903,C
5-NP,497,1,2892,0,6,2899,T
5-NP,498,2,5,2917,0,2924,G
5-NP,499,2960,0,1,0,2961,A
5-NP,500,0,2950,0,0,2950,T
5-NP,501,0,0,2952,0,2952,G
5-NP,502,0,0,0,2951,2951,C
5-NP,503,2865,0,3,0,2868,A
5-NP,504,0,2,2970,0,2972,G
5-NP,505,0,6,2888,0,2894,G
5-NP,506,1,3,2931,0,2935,G
5-NP,507,3,0,0,2941,2944,C
5-NP,508,0,2919,0,1,2920,T
5-NP,509,3,2,0,2952,2957,C
5-NP,510,0,11,2943,1,2955,G
5-NP,511,3000,0,0,0,3000,A
5-NP,512,0,0,0,3012,3012,C
5-NP,513,0,2979,0,2,2981,T
5-NP,514,4,0,0,3172,3176,C
5-NP,515,0,3149,0,0,3149,T
5-NP,516,10,0,0,3601,3611,C
5-NP,517,3,0,0,3623,3626,C
5-NP,518,2,0,0,3632,3634,C
5-NP,519,1,3638,0,1,3640,T
5-NP,520,3631,0,0,0,3631,A
5-NP,521,1,4,3622,0,3627,G
5-NP,522,3615,0,2,0,3617,A
5-NP,523,3564,0,1,0,3565,A
5-NP,524,1,6,3566,0,3573,G
5-NP,525,4,0,3539,0,3543,G
5-NP,526,0,3474,0,4,3478,T
5-NP,527,9,0,0,3523,3532,C
5-NP,528,1,2,0,3515,3518,C
5-NP,529,4,4,3516,0,3524,G
5-NP,530,0,7,3544,0,3551,G
5-NP,531,3542,0,0,0,3542,A
5-NP,532,0,2,3606,0,3608,G
5-NP,533,0,0,0,3597,3597,C
5-NP,534,0,3573,1,1,3575,T
5-NP,535,1,1,3599,0,3601,G
5-NP,536,1,2,0,3605,3608,C
5-NP,537,3591,1,5,0,3597,A
5-NP,538,0,5,3615,0,3620,G
5-NP,539,0,1,3641,0,3642,G
5-NP,540,0,3556,0,0,3556,T
5-NP,541,0,2,3615,0,3617,G
5-NP,542,2,1,2,3618,3623,C
5-NP,543,0,3619,1,4,3624,T
5-NP,544,2,1,3657,0,3660,G
5-NP,545,0,1,0,3646,3647,C
5-NP,546,3715,0,0,0,3715,A
5-NP,547,1,0,3792,0,3793,G
5-NP,548,0,3770,1,0,3771,T
5-NP,549,18,0,0,3763,3781,C
5-NP,550,3774,1,0,0,3775,A
5-NP,551,3770,0,1,0,3771,A
5-NP,552,3768,0,5,1,3774,A
5-NP,553,1,5,3813,0,3819,G
5-NP,554,0,13,3810,0,3823,G
5-NP,555,3837,0,0,0,3837,A
5-NP,556,3825,0,0,0,3825,A
5-NP,557,0,3836,0,0,3836,T
5-NP,558,8,3,0,3829,3840,C
5-NP,559,1,5,3834,0,3840,G
5-NP,560,3,4,3919,0,3926,G
5-NP,561,1,11,3920,0,3932,G
5-NP,562,3916,0,1,0,3917,A
5-NP,563,1,2,0,3949,3952,C
5-NP,564,3930,0,0,0,3930,A
5-NP,565,4002,0,0,0,4002,A
5-NP,566,0,4046,0,0,4046,T
5-NP,567,3,5,4060,0,4068,G
5-NP,568,1,2,4129,0,4132,G
5-NP,569,0,4073,0,3,4076,T
5-NP,570,1,4,4170,0,4175,G
5-NP,571,4121,0,3,0,4124,A
5-NP,572,1,4158,0,0,4159,T
5-NP,573,0,10,4160,0,4170,G
5-NP,574,1,11,4208,0,4220,G
5-NP,575,4168,0,1,0,4169,A
5-NP,576,4208,1,0,0,4209,A
5-NP,577,1,0,0,4226,4227,C
5-NP,578,1,4133,1,0,4135,T
5-NP,579,1,15,4358,0,4374,G
5-NP,580,4308,0,0,0,4308,A
5-NP,581,0,4361,0,0,4361,T
5-NP,582,6,1,0,4370,4377,C
5-NP,583,4317,0,1,2,4320,A
5-NP,584,0,6,4433,0,4439,G
5-NP,585,4375,0,0,0,4375,A
5-NP,586,4411,1,0,0,4412,A
5-NP,587,0,4422,0,1,4423,T
5-NP,588,1,4,4365,1,4371,G
5-NP,589,0,2,4389,0,4391,G
5-NP,590,0,4357,0,7,4364,T
5-NP,591,14,0,0,4385,4399,C
5-NP,592,4405,0,0,0,4405,A
5-NP,593,4344,0,1,0,4345,A
5-NP,594,4367,0,0,0,4367,A
5-NP,595,0,4,0,4362,4366,C
5-NP,596,1,4,4382,0,4387,G
5-NP,597,0,5,4370,0,4375,G
5-NP,598,0,4,4339,0,4343,G
5-NP,599,1,9,4357,0,4367,G
5-NP,600,4342,0,4,1,4347,A
5-NP,601,4391,0,0,0,4391,A
5-NP,602,0,4385,0,1,4386,T
5-NP,603,10,0,1,4377,4388,C
5-NP,604,4407,0,0,0,4407,A
5-NP,605,4405,0,2,0,4407,A
5-NP,606,0,1,0,4380,4381,C
5-NP,607,1,7,4362,0,4370,G
5-NP,608,4341,1,2,0,4344,A
5-NP,609,0,4358,0,1,4359,T
5-NP,610,11,0,0,4360,4371,C
5-NP,611,1,10,4367,0,4378,G
5-NP,612,4328,0,0,0,4328,A
5-NP,613,4357,0,0,0,4357,A
5-NP,614,4359,1,0,0,4360,A
5-NP,615,0,4411,0,0,4411,T
5-NP,616,0,4416,0,1,4417,T
5-NP,617,0,4419,0,2,4421,T
5-NP,618,0,4430,0,0,4430,T
5-NP,619,0,4446,0,2,4448,T
5-NP,620,2,7,4438,0,4447,G
5-NP,621,3,10,4428,0,4441,G
5-NP,622,4382,0,1,0,4383,A
5-NP,623,8,3,4433,0,4444,G
5-NP,624,4371,0,1,0,4372,A
5-NP,625,0,7,4597,0,4604,G
5-NP,626,3,0,4621,0,4624,G
5-NP,627,1,4512,0,2,4515,T
5-NP,628,0,9,4623,0,4632,G
5-NP,629,4600,1,3,0,4604,A
5-NP,630,0,10,4656,0,4666,G
5-NP,631,4635,0,5,0,4640,A
5-NP,632,4634,0,0,0,4634,A
5-NP,633,0,4614,0,0,4614,T
5-NP,634,3,10,4480,0,4493,G
5-NP,635,1,6,4455,0,4462,G
5-NP,636,3,2,4440,0,4445,G
5-NP,637,0,6,0,4412,4418,C
5-NP,638,0,9,4456,0,4465,G
5-NP,639,0,9,4508,0,4517,G
5-NP,640,4486,0,0,0,4486,A
5-NP,641,4501,0,0,0,4501,A
5-NP,642,4564,0,2,0,4566,A
5-NP,643,4561,0,6,0,4567,A
5-NP,644,1,0,0,4612,4613,C
5-NP,645,4605,0,0,0,4605,A
5-NP,646,4590,0,1,0,4591,A
5-NP,647,1,7,4579,0,4587,G
5-NP,648,4486,1,0,0,4487,A
5-NP,649,4494,0,4,1,4499,A
5-NP,650,3,1,4611,0,4615,G
5-NP,651,1,4532,0,1,4534,T
5-NP,652,0,0,4780,0,4780,G
5-NP,653,1,1,0,4743,4745,C
5-NP,654,0,4776,0,2,4778,T
5-NP,655,0,4806,0,0,4806,T
5-NP,656,4853,0,0,0,4853,A
5-NP,657,1,4835,0,2,4838,T
5-NP,658,1,9,4856,0,4866,G
5-NP,659,4749,1,6,0,4756,A
5-NP,660,0,10,4777,0,4787,G
5-NP,661,4552,0,3,0,4555,A
5-NP,662,0,7,4579,0,4586,G
5-NP,663,4570,0,1,0,4571,A
5-NP,664,4624,0,1,0,4625,A
5-NP,665,0,4554,1,0,4555,T
5-NP,666,5,2,4622,0,4629,G
5-NP,667,0,4586,0,3,4589,T
5-NP,668,4,1,4626,1,4632,G
5-NP,669,2,1,1,4618,4622,C
5-NP,670,4630,0,1,0,4631,A
5-NP,671,4592,0,4,0,4596,A
5-NP,672,0,1,0,4602,4603,C
5-NP,673,4548,0,1,0,4549,A
5-NP,674,0,4573,0,0,4573,T
5-NP,675,0,4516,0,4,4520,T
5-NP,676,6,0,0,4515,4521,C
5-NP,677,0,4527,0,0,4527,T
5-NP,678,0,4529,0,1,4530,T
5-NP,679,4518,2,0,0,4520,A
5-NP,680,4498,0,0,0,4498,A
5-NP,681,4501,0,2,3,4506,A
5-NP,682,0,5,4503,0,4508,G
5-NP,683,0,5,4485,0,4490,G
5-NP,684,4470,0,2,0,4472,A
5-NP,685,4467,0,1,0,4468,A
5-NP,686,4479,0,2,0,4481,A
5-NP,687,4523,2,0,0,4525,A
5-NP,688,0,4520,0,1,4521,T
5-NP,689,1,4514,0,0,4515,T
5-NP,690,0,4512,0,6,4518,T
5-NP,691,16,0,0,4507,4523,C
5-NP,692,4539,1,1,0,4541,A
5-NP,693,4531,0,0,0,4531,A
5-NP,694,4523,0,0,0,4523,A
5-NP,695,4,3,0,4559,4566,C
5-NP,696,4524,0,1,0,4525,A
5-NP,697,0,1,4611,0,4612,G
5-NP,698,0,0,0,4610,4610,C
5-NP,699,0,4586,0,4,4590,T
5-NP,700,3,3,4676,0,4682,G
5-NP,701,0,0,0,4656,4656,C
5-NP,702,4704,1,7,0,4712,A
5-NP,703,2,1,0,4710,4713,C
5-NP,704,4698,0,0,0,4698,A
5-NP,705,4693,0,2,0,4695,A
5-NP,706,4601,0,0,0,4601,A
5-NP,707,3,9,4745,0,4757,G
5-NP,708,4737,1,4,0,4742,A
5-NP,709,1,7,4782,0,4790,G
5-NP,710,1,2,0,4770,4773,C
5-NP,711,4765,0,4,0,4769,A
5-NP,712,4899,0,3,0,4902,A
5-NP,713,0,4924,0,2,4926,T
5-NP,714,1,7,4923,0,4931,G
5-NP,715,1,2,4941,0,4944,G
5-NP,716,1,4803,0,2,4806,T
5-NP,717,6,14,4831,0,4851,G
5-NP,718,1,8,4845,0,4854,G
5-NP,719,4851,0,5,0,4856,A
5-NP,720,0,4847,0,0,4847,T
5-NP,721,16,0,0,4753,4769,C
5-NP,722,4790,0,1,0,4791,A
5-NP,723,4809,0,2,0,4811,A
5-NP,724,5,1,4847,1,4854,G
5-NP,725,0,4774,0,1,4775,T
5-NP,726,1,7,4804,0,4812,G
5-NP,727,4768,0,2,0,4770,A
5-NP,728,0,11,4777,0,4788,G
5-NP,729,4803,1,0,0,4804,A
5-NP,730,2,6,4793,0,4801,G
5-NP,731,4770,0,0,0,4770,A
5-NP,732,4708,0,1,0,4709,A
5-NP,733,4732,0,3,0,4735,A
5-NP,734,0,0,4746,0,4746,G
5-NP,735,2,4694,0,0,4696,T
5-NP,736,15,0,0,4726,4741,C
5-NP,737,13,6,4709,0,4728,G
5-NP,738,2,11,4697,0,4710,G
5-NP,739,4736,0,0,0,4736,A
5-NP,740,4733,0,0,0,4733,A
5-NP,741,1,2,2,4766,4771,C
5-NP,742,9,1,0,4738,4748,C
5-NP,743,6,0,0,4763,4769,C
5-NP,744,4761,0,5,0,4766,A
5-NP,745,0,3,4801,0,4804,G
5-NP,746,0,10,4777,0,4787,G
5-NP,747,4773,0,0,0,4773,A
5-NP,748,4788,1,0,1,4790,A
5-NP,749,4756,0,2,0,4758,A
5-NP,750,1,4,0,4752,4757,C
5-NP,751,0,1,4750,0,4751,G
5-NP,752,1,0,0,4749,4750,C
5-NP,753,0,4734,0,3,4737,T
5-NP,754,0,9,4753,0,4762,G
5-NP,755,4735,0,0,0,4735,A
5-NP,756,0,5,4797,0,4802,G
5-NP,757,4801,0,0,0,4801,A
5-NP,758,0,4736,0,0,4736,T
5-NP,759,13,2,0,4731,4746,C
5-NP,760,2,4,4769,0,4775,G
5-NP,761,4743,0,0,0,4743,A
5-NP,762,4763,0,1,0,4764,A
5-NP,763,0,9,4745,0,4754,G
5-NP,764,4752,0,1,0,4753,A
5-NP,765,1,4722,0,3,4726,T
5-NP,766,3,0,0,4741,4744,C
5-NP,767,1,4769,1,1,4772,T
5-NP,768,16,0,0,4792,4808,C
5-NP,769,4834,1,1,1,4837,A
5-NP,770,0,4823,0,0,4823,T
5-NP,771,4846,4,0,0,4850,A
5-NP,772,1,4829,0,0,4830,T
5-NP,773,0,4806,0,0,4806,T
5-NP,774,0,4819,0,0,4819,T
5-NP,775,0,4750,0,0,4750,T
5-NP,776,0,4760,0,0,4760,T
5-NP,777,4782,0,0,0,4782,A
5-NP,778,0,2,4761,0,4763,G
5-NP,779,0,0,0,4765,4765,C
5-NP,780,4769,0,2,1,4772,A
5-NP,781,4733,1,1,0,4735,A
5-NP,782,0,9,4865,0,4874,G
5-NP,783,4851,0,0,0,4851,A
5-NP,784,0,4862,0,1,4863,T
5-NP,785,9,3,0,4931,4943,C
5-NP,786,2,4897,0,4,4903,T
5-NP,787,0,1,5042,0,5043,G
5-NP,788,1,1,0,5063,5065,C
5-NP,789,5090,0,1,0,5091,A
5-NP,790,0,5104,0,0,5104,T
5-NP,791,0,4973,0,4,4977,T
5-NP,792,6,10,5286,0,5302,G
5-NP,793,5370,0,1,1,5372,A
5-NP,794,2,5380,0,1,5383,T
5-NP,795,5399,0,2,0,5401,A
5-NP,796,0,5313,0,3,5316,T
5-NP,797,0,5265,1,2,5268,T
5-NP,798,0,8,5290,0,5298,G
5-NP,799,5224,1,3,0,5228,A
5-NP,800,0,8,5238,0,5246,G
5-NP,801,4969,0,7,0,4976,A
5-NP,802,1,6,4918,0,4925,G
5-NP,803,2,14,4960,0,4976,G
5-NP,804,4964,0,1,0,4965,A
5-NP,805,0,4911,0,2,4913,T
5-NP,806,15,1,0,4961,4977,C
5-NP,807,4957,0,0,1,4958,A
5-NP,808,3,3,4981,0,4987,G
5-NP,809,0,4957,0,2,4959,T
5-NP,810,0,4926,0,0,4926,T
5-NP,811,0,4,4912,1,4917,G
5-NP,812,0,0,0,4866,4866,C
5-NP,813,0,4859,0,1,4860,T
5-NP,814,17,1,0,4874,4892,C
5-NP,815,4890,1,0,0,4891,A
5-NP,816,1,1,0,4921,4923,C
5-NP,817,4933,0,1,0,4934,A
5-NP,818,4951,0,0,0,4951,A
5-NP,819,4906,1,3,0,4910,A
5-NP,820,0,4872,0,1,4873,T
5-NP,821,8,2,0,4908,4918,C
5-NP,822,0,4925,0,2,4927,T
5-NP,823,0,4914,1,0,4915,T
5-NP,824,1,4,4898,0,4903,G
5-NP,825,1,2,0,4904,4907,C
5-NP,826,9,1,0,4953,4963,C
5-NP,827,0,4975,0,0,4975,T
5-NP,828,4894,0,2,1,4897,A
5-NP,829,1,1,0,5010,5012,C
5-NP,830,6,1,0,5006,5013,C
5-NP,831,1,5006,0,4,5011,T
5-NP,832,1,2,5079,0,5082,G
5-NP,833,5,0,0,5005,5010,C
5-NP,834,4,1,0,5041,5046,C
5-NP,835,0,4982,0,1,4983,T
5-NP,836,0,0,5109,0,5109,G
5-NP,837,1,5053,0,3,5057,T
5-NP,838,10,1,5147,0,5158,G
5-NP,839,17,5,0,5156,5178,C
5-NP,840,4,1,5279,0,5284,G
5-NP,841,0,5183,0,1,5184,T
5-NP,842,5197,0,0,0,5197,A
5-NP,843,0,5196,0,2,5198,T
5-NP,844,2,6,5200,0,5208,G
5-NP,845,1,9,5371,0,5381,G
5-NP,846,5338,1,3,0,5342,A
5-NP,847,0,0,0,5244,5244,C
5-NP,848,7,0,0,5254,5261,C
5-NP,849,3,5153,1,5,5162,T
5-NP,850,0,0,5392,1,5393,G
5-NP,851,0,1,0,5394,5395,C
5-NP,852,5418,0,2,0,5420,A
5-NP,853,0,0,5494,0,5494,G
5-NP,854,0,5294,0,0,5294,T
5-NP,855,5481,0,2,0,5483,A
5-NP,856,0,5457,0,4,5461,T
5-NP,857,5,0,0,5453,5458,C
5-NP,858,6,3,0,5490,5499,C
5-NP,859,5227,0,0,0,5227,A
5-NP,860,0,1,5255,0,5256,G
5-NP,861,0,5218,0,1,5219,T
5-NP,862,1,8,5295,1,5305,G
5-NP,863,0,7,5238,0,5245,G
5-NP,864,0,0,5170,0,5170,G
5-NP,865,0,5136,0,4,5140,T
5-NP,866,5159,0,1,1,5161,A
5-NP,867,0,3,0,5169,5172,C
5-NP,868,7,16,5116,0,5139,G
5-NP,869,5093,0,2,0,5095,A
5-NP,870,0,1,0,5113,5114,C
5-NP,871,0,4996,0,0,4996,T
5-NP,872,0,4992,0,1,4993,T
5-NP,873,6,1,0,5027,5034,C
5-NP,874,3,13,5011,0,5027,G
5-NP,875,5005,0,0,0,5005,A
5-NP,876,5020,0,0,0,5020,A
5-NP,877,5046,0,0,0,5046,A
5-NP,878,5032,0,0,0,5032,A
5-NP,879,5014,0,4,0,5018,A
5-NP,880,3,3,5052,0,5058,G
5-NP,881,5036,0,5,0,5041,A
5-NP,882,6,9,5058,0,5073,G
5-NP,883,1,14,5110,0,5125,G
5-NP,884,1,5,5118,0,5124,G
5-NP,885,5130,0,1,0,5131,A
5-NP,886,0,5127,0,3,5130,T
5-NP,887,5193,0,0,0,5193,A
5-NP,888,0,5169,0,2,5171,T
5-NP,889,2,5157,0,2,5161,T
5-NP,890,16,1,1,5226,5244,C
5-NP,891,7,1,7,5198,5213,C
5-NP,892,0,5173,0,2,5175,T
5-NP,893,0,5180,0,1,5181,T
5-NP,894,0,5,5205,1,5211,G
5-NP,895,0,2,5227,1,5230,G
5-NP,896,0,5147,0,0,5147,T
5-NP,897,0,5,5168,0,5173,G
5-NP,898,0,4,5137,0,5141,G
5-NP,899,1,11,5361,1,5374,G
5-NP,900,5378,0,2,0,5380,A
5-NP,901,5394,1,2,0,5397,A
5-NP,902,0,5395,0,0,5395,T
5-NP,903,5292,0,2,0,5294,A
5-NP,904,1,10,5284,1,5296,G
5-NP,905,5193,0,5,0,5198,A
5-NP,906,2,1,0,5211,5214,C
5-NP,907,11,1,0,5146,5158,C
5-NP,908,8,0,0,5110,5118,C
5-NP,909,1,5186,1,8,5196,T
5-NP,910,0,5189,0,2,5191,T
5-NP,911,0,5197,0,1,5198,T
5-NP,912,10,2,0,5191,5203,C
5-NP,913,5187,0,2,0,5189,A
5-NP,914,5188,0,2,0,5190,A
5-NP,915,5184,1,0,0,5185,A
5-NP,916,0,1,0,5193,5194,C
5-NP,917,0,5078,0,0,5078,T
5-NP,918,5042,0,1,1,5044,A
5-NP,919,1,0,0,5098,5099,C
5-NP,920,0,5071,0,1,5072,T
5-NP,921,1,5051,0,1,5053,T
5-NP,922,5,0,0,5095,5100,C
5-NP,923,5092,0,2,0,5094,A
5-NP,924,5090,1,0,0,5091,A
5-NP,925,5078,0,0,0,5078,A
5-NP,926,5075,0,0,0,5075,A
5-NP,927,0,5036,0,0,5036,T
5-NP,928,4984,1,0,0,4985,A
5-NP,929,0,1,5042,0,5043,G
5-NP,930,0,3,0,5055,5058,C
5-NP,931,3,1,0,5116,5120,C
5-NP,932,5148,1,0,0,5149,A
5-NP,933,5153,0,0,0,5153,A
5-NP,934,5333,1,3,0,5337,A
5-NP,935,0,5359,0,0,5359,T
5-NP,936,5396,0,0,0,5396,A
5-NP,937,0,5376,0,1,5377,T
5-NP,938,5296,0,3,0,5299,A
5-NP,939,1,2,0,5316,5319,C
5-NP,940,5208,0,4,0,5212,A
5-NP,941,0,2,5325,0,5327,G
5-NP,942,2,1,0,5287,5290,C
5-NP,943,0,5154,0,1,5155,T
5-NP,944,1,5231,0,1,5233,T
5-NP,945,5273,1,0,0,5274,A
5-NP,946,5273,1,0,0,5274,A
5-NP,947,0,5255,0,0,5255,T
5-NP,948,11,4,0,5241,5256,C
5-NP,949,5129,1,4,0,5134,A
5-NP,950,7,14,5185,1,5207,G
5-NP,951,5187,0,2,0,5189,A
5-NP,952,0,0,0,5223,5223,C
5-NP,953,5,1,0,5201,5207,C
5-NP,954,0,5146,0,9,5155,T
5-NP,955,5206,0,0,0,5206,A
5-NP,956,5191,0,0,1,5192,A
5-NP,957,4,0,0,5208,5212,C
5-NP,958,3,16,5208,0,5227,G
5-NP,959,5106,1,1,0,5108,A
5-NP,960,1,8,5116,0,5125,G
5-NP,961,5097,0,1,0,5098,A
5-NP,962,5150,0,0,0,5150,A
5-NP,963,1,5127,0,0,5128,T
5-NP,964,11,0,1,5091,5103,C
5-NP,965,4,0,0,5093,5097,C
5-NP,966,5033,0,5,0,5038,A
5-NP,967,2,2,5058,0,5062,G
5-NP,968,1,5,2,5045,5053,C
5-NP,969,5094,0,5,0,5099,A
5-NP,970,1,0,0,5131,5132,C
5-NP,971,5077,0,0,0,5077,A
5-NP,972,1,1,0,5084,5086,C
5-NP,973,5088,0,2,0,5090,A
5-NP,974,5102,0,5,0,5107,A
5-NP,975,7,9,5073,0,5089,G
5-NP,976,5062,0,5,1,5068,A
5-NP,977,6,1,5065,1,5073,G
5-NP,978,0,4943,0,0,4943,T
5-NP,979,6,0,0,4977,4983,C
5-NP,980,4961,0,5,0,4966,A
5-NP,981,0,1,4966,0,4967,G
5-NP,982,1,0,0,4939,4940,C
5-NP,983,2,4941,0,1,4944,T
5-NP,984,3,4,4996,0,5003,G
5-NP,985,1,1,5009,0,5011,G
5-NP,986,0,4974,0,3,4977,T
5-NP,987,3,0,5008,0,5011,G
5-NP,988,3,4960,0,2,4965,T
5-NP,989,2,11,4958,0,4971,G
5-NP,990,1,4,4948,1,4954,G
5-NP,991,4921,2,3,0,4926,A
5-NP,992,0,4937,1,3,4941,T
5-NP,993,4,10,4802,0,4816,G
5-NP,994,3,2,4773,0,4778,G
5-NP,995,1,2,0,4799,4802,C
5-NP,996,4758,0,1,0,4759,A
5-NP,997,0,4766,0,3,4769,T
5-NP,998,1,1,4747,0,4749,G
5-NP,999,2,0,0,4746,4748,C
5-NP,1000,5,1,0,4768,4774,C
5-NP,1001,4785,0,1,0,4786,A
5-NP,1002,0,4758,1,1,4760,T
5-NP,1003,0,4724,0,2,4726,T
5-NP,1004,5,0,0,4749,4754,C
5-NP,1005,0,4710,0,3,4713,T
5-NP,1006,1,0,4674,0,4675,G
5-NP,1007,0,1,0,4682,4683,C
5-NP,1008,1,4561,0,4,4566,T
5-NP,1009,0,1,4613,0,4614,G
5-NP,1010,1,1,0,4563,4565,C
5-NP,1011,4577,0,1,0,4578,A
5-NP,1012,0,4566,0,0,4566,T
5-NP,1013,0,4536,1,0,4537,T
5-NP,1014,0,4542,1,0,4543,T
5-NP,1015,0,11,4522,0,4533,G
5-NP,1016,4514,0,1,0,4515,A
5-NP,1017,4530,0,1,0,4531,A
5-NP,1018,0,14,4548,0,4562,G
5-NP,1019,4538,0,2,0,4540,A
5-NP,1020,0,4535,0,1,4536,T
5-NP,1021,0,4528,0,0,4528,T
5-NP,1022,0,4544,0,0,4544,T
5-NP,1023,4528,0,1,1,4530,A
5-NP,1024,4545,0,1,0,4546,A
5-NP,1025,2,6,4524,0,4532,G
5-NP,1026,4516,0,2,0,4518,A
5-NP,1027,0,4507,0,0,4507,T
5-NP,1028,0,4437,1,0,4438,T
5-NP,1029,0,1,4468,0,4469,G
5-NP,1030,0,4459,0,2,4461,T
5-NP,1031,1,4455,3,0,4459,T
5-NP,1032,4457,0,4,0,4461,A
5-NP,1033,4463,0,1,1,4465,A
5-NP,1034,1,1,4462,0,4464,G
5-NP,1035,1,1,0,4474,4476,C
5-NP,1036,1,4417,1,6,4425,T
5-NP,1037,0,4429,1,1,4431,T
5-NP,1038,9,2,0,4439,4450,C
5-NP,1039,4457,0,1,0,4458,A
5-NP,1040,1,4428,0,0,4429,T
5-NP,1041,8,0,0,4436,4444,C
5-NP,1042,4417,0,0,1,4418,A
5-NP,1043,1,2,4414,0,4417,G
5-NP,1044,4375,0,2,0,4377,A
5-NP,1045,0,6,4363,0,4369,G
5-NP,1046,1,7,4358,0,4366,G
5-NP,1047,4,6,4323,0,4333,G
5-NP,1048,4323,0,3,1,4327,A
5-NP,1049,0,0,0,4357,4357,C
5-NP,1050,4366,0,1,0,4367,A
5-NP,1051,4381,0,1,0,4382,A
5-NP,1052,4384,0,0,1,4385,A
5-NP,1053,4394,0,3,2,4399,A
5-NP,1054,2,0,4411,0,4413,G
5-NP,1055,0,4309,0,1,4310,T
5-NP,1056,4294,0,0,0,4294,A
5-NP,1057,0,4262,2,6,4270,T
5-NP,1058,5,0,0,4264,4269,C
5-NP,1059,1,4213,0,0,4214,T
5-NP,1060,10,1,0,4254,4265,C
5-NP,1061,5,0,0,4243,4248,C
5-NP,1062,0,4201,0,0,4201,T
5-NP,1063,7,0,0,4234,4241,C
5-NP,1064,1,3,4211,0,4215,G
5-NP,1065,3,4,4242,0,4249,G
5-NP,1066,1,5,4236,0,4242,G
5-NP,1067,2,6,4216,0,4224,G
5-NP,1068,1,6,4218,0,4225,G
5-NP,1069,4175,0,1,0,4176,A
5-NP,1070,4174,0,1,0,4175,A
5-NP,1071,4159,0,2,0,4161,A
5-NP,1072,0,1,0,4197,4198,C
5-NP,1073,1,4194,0,0,4195,T
5-NP,1074,0,0,4216,0,4216,G
5-NP,1075,0,4189,0,0,4189,T
5-NP,1076,16,1,0,4184,4201,C
5-NP,1077,4264,0,0,1,4265,A
5-NP,1078,4271,0,3,0,4274,A
5-NP,1079,1,0,0,4311,4312,C
5-NP,1080,0,4296,0,0,4296,T
5-NP,1081,4230,0,1,0,4231,A
5-NP,1082,0,5,4240,0,4245,G
5-NP,1083,4138,0,1,0,4139,A
5-NP,1084,1,6,4142,0,4149,G
5-NP,1085,0,10,4169,0,4179,G
5-NP,1086,4027,0,1,0,4028,A
5-NP,1087,1,0,4130,0,4131,G
5-NP,1088,0,4049,0,1,4050,T
5-NP,1089,4055,0,3,1,4059,A
5-NP,1090,1,1,0,4075,4077,C
5-NP,1091,4038,1,2,0,4041,A
5-NP,1092,4035,0,0,0,4035,A
5-NP,1093,4017,0,0,0,4017,A
5-NP,1094,0,3977,0,0,3977,T
5-NP,1095,0,3951,0,1,3952,T
5-NP,1096,2,2,3861,0,3865,G
5-NP,1097,2,1,0,3819,3822,C
5-NP,1098,0,3811,2,2,3815,T
5-NP,1099,0,3798,0,1,3799,T
5-NP,1100,5,0,1,3820,3826,C
5-NP,1101,3841,0,1,0,3842,A
5-NP,1102,3863,0,0,0,3863,A
5-NP,1103,3834,0,1,0,3835,A
5-NP,1104,1,3850,0,3,3854,T
5-NP,1105,0,7,3859,0,3866,G
5-NP,1106,3802,0,2,1,3805,A
5-NP,1107,6,11,3818,0,3835,G
5-NP,1108,3835,0,4,0,3839,A
5-NP,1109,3833,0,0,0,3833,A
5-NP,1110,2,0,0,3838,3840,C
5-NP,1111,3793,0,2,0,3795,A
5-NP,1112,1,3803,2,1,3807,T
5-NP,1113,3,6,3853,0,3862,G
5-NP,1114,1,1,3905,0,3907,G
5-NP,1115,3879,0,1,0,3880,A
5-NP,1116,0,3836,2,0,3838,T
5-NP,1117,3819,0,3,0,3822,A
5-NP,1118,4067,0,1,0,4068,A
5-NP,1119,0,3993,0,2,3995,T
5-NP,1120,4008,0,0,0,4008,A
5-NP,1121,0,3966,1,1,3968,T
5-NP,1122,0,8,3739,0,3747,G
5-NP,1123,0,5,3665,0,3670,G
5-NP,1124,1,3,3673,0,3677,G
5-NP,1125,3674,0,0,0,3674,A
5-NP,1126,1,3658,1,0,3660,T
5-NP,1127,6,1,0,3075,3082,C
5-NP,1128,0,8,3087,0,3095,G
5-NP,1129,3090,0,2,0,3092,A
5-NP,1130,2,1,3085,1,3089,G
5-NP,1131,1,1,0,3074,3076,C
5-NP,1132,3065,0,0,0,3065,A
5-NP,1133,1,0,0,3214,3215,C
5-NP,1134,0,3165,0,2,3167,T
5-NP,1135,7,0,0,3217,3224,C
5-NP,1136,0,3221,1,2,3224,T
5-NP,1137,0,3192,2,0,3194,T
5-NP,1138,1,16,3191,1,3209,G
5-NP,1139,3194,0,2,0,3196,A
5-NP,1140,3201,0,0,0,3201,A
5-NP,1141,2,0,0,3202,3204,C
5-NP,1142,0,2804,0,1,2805,T
5-NP,1143,6,5,2818,0,2829,G
5-NP,1144,2764,1,3,0,2768,A
5-NP,1145,0,1,2787,0,2788,G
5-NP,1146,2788,0,0,0,2788,A
5-NP,1147,2784,0,0,0,2784,A
5-NP,1148,1,2,2787,0,2790,G
5-NP,1149,2,0,0,2754,2756,C
5-NP,1150,3,5,2752,0,2760,G
5-NP,1151,0,2,2767,0,2769,G
5-NP,1152,0,0,2788,0,2788,G
5-NP,1153,0,2762,0,0,2762,T
5-NP,1154,2724,0,2,0,2726,A
5-NP,1155,1,0,0,2731,2732,C
5-NP,1156,0,2540,0,1,2541,T
5-NP,1157,1,2,2558,0,2561,G
5-NP,1158,1,3,2523,0,2527,G
5-NP,1159,0,0,2550,0,2550,G
5-NP,1160,2,1,0,2522,2525,C
5-NP,1161,3,0,0,2494,2497,C
5-NP,1162,2522,1,0,0,2523,A
5-NP,1163,0,2515,0,0,2515,T
5-NP,1164,2521,0,1,0,2522,A
5-NP,1165,2532,0,1,0,2533,A
5-NP,1166,1,1,2495,0,2497,G
5-NP,1167,1,4,2508,0,2513,G
5-NP,1168,2455,0,0,0,2455,A
5-NP,1169,1,0,0,2468,2469,C
5-NP,1170,4,1,1,2476,2482,C
5-NP,1171,2476,0,0,0,2476,A
5-NP,1172,0,0,2516,0,2516,G
5-NP,1173,1,4,2528,0,2533,G
5-NP,1174,2517,0,1,0,2518,A
5-NP,1175,0,0,2543,0,2543,G
5-NP,1176,0,2410,0,0,2410,T
5-NP,1177,1,2,2442,1,2446,G
5-NP,1178,0,2,2479,0,2481,G
5-NP,1179,2448,0,1,0,2449,A
5-NP,1180,1,3,2487,0,2491,G
5-NP,1181,2,2,2443,0,2447,G
5-NP,1182,2420,0,0,0,2420,A
5-NP,1183,2415,0,1,0,2416,A
5-NP,1184,2422,0,1,0,2423,A
5-NP,1185,1,0,0,2427,2428,C
5-NP,1186,2429,0,0,1,2430,A
5-NP,1187,1,0,1,2465,2467,C
5-NP,1188,0,2414,0,0,2414,T
5-NP,1189,2500,0,1,0,2501,A
5-NP,1190,2489,0,0,0,2489,A
5-NP,1191,0,2484,0,1,2485,T
5-NP,1192,8,0,0,2491,2499,C
5-NP,1193,2497,0,0,0,2497,A
5-NP,1194,2507,0,0,0,2507,A
5-NP,1195,2,1,0,2502,2505,C
5-NP,1196,2468,0,1,0,2469,A
5-NP,1197,0,2,2456,0,2458,G
5-NP,1198,2388,0,1,0,2389,A
5-NP,1199,0,3,2406,0,2409,G
5-NP,1200,0,3,2396,0,2399,G
5-NP,1201,1,0,2385,0,2386,G
5-NP,1202,1,2,0,2357,2360,C
5-NP,1203,0,0,0,2378,2378,C
5-NP,1204,1,2326,0,1,2328,T
5-NP,1205,2,0,0,2353,2355,C
5-NP,1206,2,1,0,2361,2364,C
5-NP,1207,0,1,2374,0,2375,G
5-NP,1208,0,0,0,2365,2365,C
5-NP,1209,2354,0,4,0,2358,A
5-NP,1210,0,1,2415,0,2416,G
5-NP,1211,1,1,2401,0,2403,G
5-NP,1212,0,0,0,2412,2412,C
5-NP,1213,6,0,0,2413,2419,C
5-NP,1214,2396,0,2,0,2398,A
5-NP,1215,2415,0,0,0,2415,A
5-NP,1216,2408,0,0,0,2408,A
5-NP,1217,0,0,0,2414,2414,C
5-NP,1218,3,1,0,2436,2440,C
5-NP,1219,2268,0,1,0,2269,A
5-NP,1220,0,1,2318,0,2319,G
5-NP,1221,0,2281,0,0,2281,T
5-NP,1222,0,0,2313,0,2313,G
5-NP,1223,1,2259,0,2,2262,T
5-NP,1224,2,1,2269,0,2272,G
5-NP,1225,2,0,0,2268,2270,C
5-NP,1226,2262,0,0,0,2262,A
5-NP,1227,2299,0,0,0,2299,A
5-NP,1228,1,0,0,2283,2284,C
5-NP,1229,2,0,0,2274,2276,C
5-NP,1230,1,2261,0,0,2262,T
5-NP,1231,2260,0,0,0,2260,A
5-NP,1232,0,1,0,2271,2272,C
5-NP,1233,1,0,2264,0,2265,G
5-NP,1234,1,2249,1,1,2252,T
5-NP,1235,0,2280,0,3,2283,T
5-NP,1236,0,2240,0,0,2240,T
5-NP,1237,0,2223,0,0,2223,T
5-NP,1238,1,0,0,2232,2233,C
5-NP,1239,0,2214,0,2,2216,T
5-NP,1240,2,0,2263,0,2265,G
5-NP,1241,0,2243,0,1,2244,T
5-NP,1242,2265,0,0,0,2265,A
5-NP,1243,1,2,0,2264,2267,C
5-NP,1244,2237,0,2,0,2239,A
5-NP,1245,2240,0,0,1,2241,A
5-NP,1246,2237,1,0,0,2238,A
5-NP,1247,0,0,2235,0,2235,G
5-NP,1248,2225,0,0,0,2225,A
5-NP,1249,2149,0,0,0,2149,A
5-NP,1250,2136,0,0,0,2136,A
5-NP,1251,0,0,0,2153,2153,C
5-NP,1252,3,0,0,2100,2103,C
5-NP,1253,1,2050,0,2,2053,T
5-NP,1254,2,0,0,2083,2085,C
5-NP,1255,2,0,0,2083,2085,C
5-NP,1256,5,1,0,2075,2081,C
5-NP,1257,2084,0,0,0,2084,A
5-NP,1258,0,2076,0,0,2076,T
5-NP,1259,0,2094,0,1,2095,T
5-NP,1260,0,2092,0,1,2093,T
5-NP,1261,0,5,2089,0,2094,G
5-NP,1262,2076,0,0,0,2076,A
5-NP,1263,2080,1,0,0,2081,A
5-NP,1264,2082,0,0,0,2082,A
5-NP,1265,2086,0,1,0,2087,A
5-NP,1266,0,0,2100,0,2100,G
5-NP,1267,0,2060,0,1,2061,T
5-NP,1268,8,0,0,2074,2082,C
5-NP,1269,2083,0,1,0,2084,A
5-NP,1270,2067,0,2,0,2069,A
5-NP,1271,0,0,0,2084,2084,C
5-NP,1272,3,0,0,2108,2111,C
5-NP,1273,2114,0,1,0,2115,A
5-NP,1274,0,2080,0,4,2084,T
5-NP,1275,4,0,0,2103,2107,C
5-NP,1276,2098,0,0,0,2098,A
5-NP,1277,0,2097,0,1,2098,T
5-NP,1278,0,5,2099,0,2104,G
5-NP,1279,0,1,2087,0,2088,G
5-NP,1280,0,0,0,2101,2101,C
5-NP,1281,2043,0,2,0,2045,A
5-NP,1282,0,0,2038,0,2038,G
5-NP,1283,4,0,0,2017,2021,C
5-NP,1284,2020,0,0,0,2020,A
5-NP,1285,0,2018,0,0,2018,T
5-NP,1286,0,2010,0,0,2010,T
5-NP,1287,0,0,0,2009,2009,C
5-NP,1288,1991,0,0,0,1991,A
5-NP,1289,1,1,0,2000,2002,C
5-NP,1290,0,1996,0,1,1997,T
5-NP,1291,0,1,2002,0,2003,G
5-NP,1292,0,3,1999,0,2002,G
5-NP,1293,2004,0,0,0,2004,A
5-NP,1294,2001,0,1,0,2002,A
5-NP,1295,2007,0,0,0,2007,A
5-NP,1296,0,1989,0,0,1989,T
5-NP,1297,1971,0,0,0,1971,A
5-NP,1298,0,2,0,1972,1974,C
5-NP,1299,0,1,1955,0,1956,G
5-NP,1300,0,3,1952,0,1955,G
5-NP,1301,1891,0,1,0,1892,A
5-NP,1302,6,0,1908,0,1914,G
5-NP,1303,0,4,1908,0,1912,G
5-NP,1304,0,4,1918,0,1922,G
5-NP,1305,1923,0,1,0,1924,A
5-NP,1306,1908,0,6,0,1914,A
5-NP,1307,1,5,1911,0,1917,G
5-NP,1308,1910,0,0,0,1910,A
5-NP,1309,1909,0,0,0,1909,A
5-NP,1310,0,1,0,1927,1928,C
5-NP,1311,0,1890,0,1,1891,T
5-NP,1312,0,1895,0,1,1896,T
5-NP,1313,1,0,0,1906,1907,C
5-NP,1314,1913,1,4,0,1918,A
5-NP,1315,0,3,1922,0,1925,G
5-NP,1316,1906,1,1,0,1908,A
5-NP,1317,6,0,0,1895,1901,C
5-NP,1318,1886,0,1,0,1887,A
5-NP,1319,0,1823,0,2,1825,T
5-NP,1320,3,3,1829,0,1835,G
5-NP,1321,1793,0,3,0,1796,A
5-NP,1322,0,3,1812,0,1815,G
5-NP,1323,1,1,1805,0,1807,G
5-NP,1324,0,0,1809,0,1809,G
5-NP,1325,0,1,0,1806,1807,C
5-NP,1326,1790,0,0,0,1790,A
5-NP,1327,0,5,1784,0,1789,G
5-NP,1328,1783,0,0,0,1783,A
5-NP,1329,1802,0,1,0,1803,A
5-NP,1330,1794,0,0,0,1794,A
5-NP,1331,1,1764,0,0,1765,T
5-NP,1332,7,0,0,1765,1772,C
5-NP,1333,1781,0,0,0,1781,A
5-NP,1334,0,1766,0,1,1767,T
5-NP,1335,1771,0,0,0,1771,A
5-NP,1336,1764,0,1,0,1765,A
5-NP,1337,0,3,1795,0,1798,G
5-NP,1338,1769,0,2,0,1771,A
5-NP,1339,1775,0,0,0,1775,A
5-NP,1340,0,1738,0,0,1738,T
5-NP,1341,0,3,1738,0,1741,G
5-NP,1342,1733,0,2,0,1735,A
5-NP,1343,0,1736,0,0,1736,T
5-NP,1344,0,3,1731,0,1734,G
5-NP,1345,0,0,1737,0,1737,G
5-NP,1346,1700,0,1,0,1701,A
5-NP,1347,1689,0,1,0,1690,A
5-NP,1348,0,1,1654,0,1655,G
5-NP,1349,1,0,1661,0,1662,G
5-NP,1350,0,1653,0,0,1653,T
5-NP,1351,2,1,1646,1,1650,G
5-NP,1352,1,1,0,1633,1635,C
5-NP,1353,1648,0,2,0,1650,A
5-NP,1354,1660,0,2,0,1662,A
5-NP,1355,1660,0,0,0,1660,A
5-NP,1356,1664,0,0,0,1664,A
5-NP,1357,0,2,0,1672,1674,C
5-NP,1358,1,0,0,1644,1645,C
5-NP,1359,1620,0,0,0,1620,A
5-NP,1360,0,1,1633,0,1634,G
5-NP,1361,1631,0,0,0,1631,A
5-NP,1362,1625,0,0,0,1625,A
5-NP,1363,0,0,1626,0,1626,G
5-NP,1364,1619,1,0,0,1620,A
5-NP,1365,1577,0,0,0,1577,A
5-NP,1366,0,0,1603,0,1603,G
5-NP,1367,0,1554,0,0,1554,T
5-NP,1368,0,0,1582,0,1582,G
5-NP,1369,1,1543,0,0,1544,T
5-NP,1370,2,0,0,1565,1567,C
5-NP,1371,1557,1,0,0,1558,A
5-NP,1372,0,1564,0,0,1564,T
5-NP,1373,0,1538,1,0,1539,T
5-NP,1374,5,0,0,1571,1576,C
5-NP,1375,4,0,0,1557,1561,C
5-NP,1376,2,3,1543,0,1548,G
5-NP,1377,0,3,1553,0,1556,G
5-NP,1378,2,2,1554,0,1558,G
5-NP,1379,0,0,1558,1,1559,G
5-NP,1380,0,1,1560,0,1561,G
5-NP,1381,1490,0,3,0,1493,A
5-NP,1382,0,2,1491,0,1493,G
5-NP,1383,0,0,1488,0,1488,G
5-NP,1384,0,1,1478,0,1479,G
5-NP,1385,1,1,1491,0,1493,G
5-NP,1386,1473,0,3,0,1476,A
5-NP,1387,1,0,1476,0,1477,G
5-NP,1388,0,1464,0,0,1464,T
5-NP,1389,0,1452,0,1,1453,T
5-NP,1390,0,1468,0,0,1468,T
5-NP,1391,0,1431,0,2,1433,T
5-NP,1392,3,0,0,1439,1442,C
5-NP,1393,0,4,1450,0,1454,G
5-NP,1394,1417,1,0,0,1418,A
5-NP,1395,0,0,1451,0,1451,G
5-NP,1396,0,2,0,1418,1420,C
5-NP,1397,0,1432,0,2,1434,T
5-NP,1398,2,0,0,1439,1441,C
5-NP,1399,1,1426,0,1,1428,T
5-NP,1400,2,0,0,1438,1440,C
5-NP,1401,1444,0,0,0,1444,A
5-NP,1402,1,1,1455,0,1457,G
5-NP,1403,1447,0,1,0,1448,A
5-NP,1404,2,0,0,1450,1452,C
5-NP,1405,1,2,1437,0,1440,G
5-NP,1406,1415,0,0,0,1415,A
5-NP,1407,0,0,1416,0,1416,G
5-NP,1408,1413,0,1,0,1414,A
5-NP,1409,1411,0,1,0,1412,A
5-NP,1410,0,1,1407,0,1408,G
5-NP,1411,0,0,1383,0,1383,G
5-NP,1412,1,0,0,1372,1373,C
5-NP,1413,1366,0,0,0,1366,A
5-NP,1414,1372,0,0,0,1372,A
5-NP,1415,0,0,0,1369,1369,C
5-NP,1416,0,2,1355,0,1357,G
5-NP,1417,1358,0,0,0,1358,A
5-NP,1418,1340,0,0,0,1340,A
5-NP,1419,0,0,0,1338,1338,C
5-NP,1420,1,0,0,1338,1339,C
5-NP,1421,1,0,1,1327,1329,C
5-NP,1422,2,3,1342,0,1347,G
5-NP,1423,1329,0,0,0,1329,A
5-NP,1424,0,1342,0,0,1342,T
5-NP,1425,5,0,0,1322,1327,C
5-NP,1426,1,0,1320,0,1321,G
5-NP,1427,0,1299,0,3,1302,T
5-NP,1428,0,0,1306,0,1306,G
5-NP,1429,0,0,0,1279,1279,C
5-NP,1430,5,1,0,1268,1274,C
5-NP,1431,2,0,0,1299,1301,C
5-NP,1432,0,1264,0,0,1264,T
5-NP,1433,2,0,0,1329,1331,C
5-NP,1434,0,1323,1,0,1324,T
5-NP,1435,0,1322,1,0,1323,T
5-NP,1436,0,1332,0,1,1333,T
5-NP,1437,0,1333,0,0,1333,T
5-NP,1438,0,3,1332,0,1335,G
5-NP,1439,1338,0,0,0,1338,A
5-NP,1440,0,1312,0,0,1312,T
5-NP,1441,1304,0,0,0,1304,A
5-NP,1442,0,1143,0,0,1143,T
5-NP,1443,0,6,1153,0,1159,G
5-NP,1444,1146,1,0,0,1147,A
5-NP,1445,0,0,1166,0,1166,G
5-NP,1446,0,1162,0,0,1162,T
5-NP,1447,1154,0,0,0,1154,A
5-NP,1448,1147,0,0,0,1147,A
5-NP,1449,0,1146,0,0,1146,T
5-NP,1450,0,1,1137,0,1138,G
5-NP,1451,1134,0,0,0,1134,A
5-NP,1452,1001,0,3,0,1004,A
5-NP,1453,2,2,988,0,992,G
5-NP,1454,0,0,939,0,939,G
5-NP,1455,940,0,0,0,940,A
5-NP,1456,0,920,0,0,920,T
5-NP,1457,4,0,0,929,933,C
5-NP,1458,0,926,0,1,927,T
5-NP,1459,0,924,0,0,924,T
5-NP,1460,924,0,0,0,924,A
5-NP,1461,0,917,0,0,917,T
5-NP,1462,0,904,0,0,904,T
5-NP,1463,0,892,0,1,893,T
5-NP,1464,2,0,0,881,883,C
5-NP,1465,0,847,0,0,847,T
5-NP,1466,0,838,0,0,838,T
5-NP,1467,2,0,0,848,850,C
5-NP,1468,0,0,839,0,839,G
5-NP,1469,0,1,845,0,846,G
5-NP,1470,839,0,1,0,840,A
5-NP,1471,0,4,842,0,846,G
5-NP,1472,835,0,0,0,835,A
5-NP,1473,0,0,0,833,833,C
5-NP,1474,783,0,1,0,784,A
5-NP,1475,777,1,0,0,778,A
5-NP,1476,0,777,0,0,777,T
5-NP,1477,1,0,778,0,779,G
5-NP,1478,0,0,0,778,778,C
5-NP,1479,754,0,0,0,754,A
5-NP,1480,1,1,748,0,750,G
5-NP,1481,746,0,0,2,748,A
5-NP,1482,680,0,1,0,681,A
5-NP,1483,0,0,678,0,678,G
5-NP,1484,466,0,0,0,466,A
5-NP,1485,0,0,466,0,466,G
5-NP,1486,1,435,0,0,436,T
5-NP,1487,424,0,0,0,424,A
5-NP,1488,0,1,0,432,433,C
5-NP,1489,0,1,391,0,392,G
5-NP,1490,393,0,0,0,393,A
5-NP,1491,0,0,0,386,386,C
5-NP,1492,270,0,0,0,270,A
5-NP,1493,264,0,0,0,264,A
5-NP,1494,0,216,0,0,216,T
5-NP,1495,0,206,0,0,206,T
5-NP,1496,207,0,0,0,207,A
5-NP,1497,194,0,0,0,194,A
6-NA,1,31,0,0,0,31,A
6-NA,2,0,30,0,0,30,T
6-NA,3,0,0,32,0,32,G
6-NA,4,32,0,0,0,32,A
6-NA,5,32,0,0,0,32,A
6-NA,6,0,33,0,0,33,T
6-NA,7,0,0,0,33,33,C
6-NA,8,0,0,0,33,33,C
6-NA,9,33,0,0,0,33,A
6-NA,10,35,0,0,0,35,A
6-NA,11,35,0,0,0,35,A
6-NA,12,0,35,0,0,35,T
6-NA,13,0,0,0,35,35,C
6-NA,14,35,0,0,0,35,A
6-NA,15,36,0,0,0,36,A
6-NA,16,35,0,0,0,35,A
6-NA,17,39,0,0,0,39,A
6-NA,18,0,0,43,0,43,G
6-NA,19,44,0,0,0,44,A
6-NA,20,0,45,0,0,45,T
6-NA,21,46,0,0,0,46,A
6-NA,22,46,0,0,0,46,A
6-NA,23,0,46,0,0,46,T
6-NA,24,46,0,0,0,46,A
6-NA,25,46,0,0,0,46,A
6-NA,26,0,0,0,47,47,C
6-NA,27,0,0,47,0,47,G
6-NA,28,47,0,0,0,47,A
6-NA,29,0,48,0,0,48,T
6-NA,30,0,48,0,0,48,T
6-NA,31,0,0,49,0,49,G
6-NA,32,0,0,48,0,48,G
6-NA,33,0,0,0,48,48,C
6-NA,34,0,48,0,0,48,T
6-NA,35,0,0,0,50,50,C
6-NA,36,0,50,0,0,50,T
6-NA,37,0,0,52,0,52,G
6-NA,38,0,52,0,0,52,T
6-NA,39,0,52,0,0,52,T
6-NA,40,0,52,0,0,52,T
6-NA,41,0,0,0,53,53,C
6-NA,42,0,53,0,0,53,T
6-NA,43,0,0,0,53,53,C
6-NA,44,0,52,0,0,52,T
6-NA,45,0,0,0,51,51,C
6-NA,46,52,0,0,0,52,A
6-NA,47,0,0,0,55,55,C
6-NA,48,0,0,0,55,55,C
6-NA,49,56,0,0,0,56,A
6-NA,50,0,55,0,0,55,T
6-NA,51,0,61,0,0,61,T
6-NA,52,0,61,0,0,61,T
6-NA,53,0,0,0,63,63,C
6-NA,54,0,0,0,62,62,C
6-NA,55,62,0,1,0,63,A
6-NA,56,0,0,0,68,68,C
6-NA,57,68,0,0,0,68,A
6-NA,58,72,0,0,0,72,A
6-NA,59,0,72,0,0,72,T
6-NA,60,76,0,0,0,76,A
6-NA,61,0,75,0,0,75,T
6-NA,62,0,0,77,0,77,G
6-NA,63,0,0,0,76,76,C
6-NA,64,0,77,0,0,77,T
6-NA,65,0,76,0,0,76,T
6-NA,66,0,0,0,78,78,C
6-NA,67,0,78,0,0,78,T
6-NA,68,0,78,0,0,78,T
6-NA,69,0,0,0,77,77,C
6-NA,70,77,0,0,0,77,A
6-NA,71,0,77,0,0,77,T
6-NA,72,0,0,77,0,77,G
6-NA,73,0,0,0,76,76,C
6-NA,74,76,0,0,0,76,A
6-NA,75,77,0,0,0,77,A
6-NA,76,78,0,0,0,78,A
6-NA,77,0,77,0,0,77,T
6-NA,78,0,78,0,0,78,T
6-NA,79,0,0,79,0,79,G
6-NA,80,0,0,0,77,77,C
6-NA,81,0,0,0,80,80,C
6-NA,82,81,0,0,0,81,A
6-NA,83,0,81,0,0,81,T
6-NA,84,0,0,0,93,93,C
6-NA,85,0,92,0,0,92,T
6-NA,86,0,92,0,0,92,T
6-NA,87,0,0,97,0,97,G
6-NA,88,97,0,0,0,97,A
6-NA,89,0,97,0,0,97,T
6-NA,90,98,0,0,0,98,A
6-NA,91,97,0,0,0,97,A
6-NA,92,0,0,0,115,115,C
6-NA,93,0,116,0,0,116,T
6-NA,94,117,0,0,0,117,A
6-NA,95,0,0,0,120,120,C
6-NA,96,0,119,0,0,119,T
6-NA,97,0,0,125,0,125,G
6-NA,98,0,124,0,0,124,T
6-NA,99,125,0,0,0,125,A
6-NA,100,124,0,0,0,124,A
6-NA,101,0,0,0,117,117,C
6-NA,102,116,0,0,0,116,A
6-NA,103,0,117,0,0,117,T
6-NA,104,0,115,0,0,115,T
6-NA,105,0,0,116,0,116,G
6-NA,106,0,0,0,114,114,C
6-NA,107,113,0,0,0,113,A
6-NA,108,0,116,0,0,116,T
6-NA,109,0,115,0,0,115,T
6-NA,110,0,115,0,0,115,T
6-NA,111,0,0,0,116,116,C
6-NA,112,117,0,0,0,117,A
6-NA,113,121,0,0,0,121,A
6-NA,114,0,0,118,0,118,G
6-NA,115,0,0,0,122,122,C
6-NA,116,121,0,0,0,121,A
6-NA,117,122,0,0,0,122,A
6-NA,118,0,124,0,0,124,T
6-NA,119,126,0,0,0,126,A
6-NA,120,0,124,0,0,124,T
6-NA,121,0,1,127,0,128,G
6-NA,122,128,0,0,0,128,A
6-NA,123,127,0,0,0,127,A
6-NA,124,0,127,0,0,127,T
6-NA,125,0,127,0,0,127,T
6-NA,126,0,0,0,130,130,C
6-NA,127,128,0,0,0,128,A
6-NA,128,132,0,0,0,132,A
6-NA,129,0,0,0,130,130,C
6-NA,130,0,130,0,0,130,T
6-NA,131,0,0,0,130,130,C
6-NA,132,0,0,0,128,128,C
6-NA,133,0,0,0,133,133,C
6-NA,134,0,0,0,135,135,C
6-NA,135,0,0,0,134,134,C
6-NA,136,0,0,0,133,133,C
6-NA,137,0,0,0,137,137,C
6-NA,138,138,0,0,0,138,A
6-NA,139,138,0,0,0,138,A
6-NA,140,137,0,0,0,137,A
6-NA,141,0,0,0,140,140,C
6-NA,142,138,0,0,0,138,A
6-NA,143,140,0,0,0,140,A
6-NA,144,0,0,0,140,140,C
6-NA,145,0,0,0,139,139,C
6-NA,146,140,0,0,0,140,A
6-NA,147,141,0,0,0,141,A
6-NA,148,0,0,142,0,142,G
6-NA,149,0,141,0,0,141,T
6-NA,150,0,3,139,0,142,G
6-NA,151,146,0,1,0,147,A
6-NA,152,0,143,0,0,143,T
6-NA,153,0,1,144,0,145,G
6-NA,154,0,0,0,145,145,C
6-NA,155,0,146,0,0,146,T
6-NA,156,0,0,159,0,159,G
6-NA,157,0,155,0,0,155,T
6-NA,158,0,1,155,0,156,G
6-NA,159,0,159,0,0,159,T
6-NA,160,0,2,154,0,156,G
6-NA,161,159,0,1,0,160,A
6-NA,162,160,0,0,1,161,A
6-NA,163,1,0,0,163,164,C
6-NA,164,1,0,1,161,163,C
6-NA,165,164,0,0,0,164,A
6-NA,166,164,0,0,0,164,A
6-NA,167,0,0,0,165,165,C
6-NA,168,168,0,0,0,168,A
6-NA,169,169,0,0,1,170,A
6-NA,170,0,168,0,0,168,T
6-NA,171,170,0,0,0,170,A
6-NA,172,168,0,0,0,168,A
6-NA,173,0,167,0,0,167,T
6-NA,174,170,0,0,0,170,A
6-NA,175,0,1,168,0,169,G
6-NA,176,169,0,0,0,169,A
6-NA,177,169,0,0,0,169,A
6-NA,178,170,0,0,0,170,A
6-NA,179,0,0,171,0,171,G
6-NA,180,175,0,0,0,175,A
6-NA,181,177,0,0,0,177,A
6-NA,182,184,0,0,0,184,A
6-NA,183,0,0,0,184,184,C
6-NA,184,186,0,0,0,186,A
6-NA,185,0,186,0,0,186,T
6-NA,186,191,0,0,0,191,A
6-NA,187,189,0,0,0,189,A
6-NA,188,0,0,0,190,190,C
6-NA,189,187,0,0,0,187,A
6-NA,190,0,1,188,0,189,G
6-NA,191,189,0,0,0,189,A
6-NA,192,0,0,187,0,187,G
6-NA,193,188,0,1,0,189,A
6-NA,194,0,192,0,0,192,T
6-NA,195,193,0,0,0,193,A
6-NA,196,0,0,196,0,196,G
6-NA,197,0,196,0,0,196,T
6-NA,198,0,0,201,0,201,G
6-NA,199,0,197,0,0,197,T
6-NA,200,200,0,0,0,200,A
6-NA,201,0,201,0,0,201,T
6-NA,202,0,0,0,200,200,C
6-NA,203,0,194,0,1,195,T
6-NA,204,0,0,197,0,197,G
6-NA,205,196,0,1,0,197,A
6-NA,206,1,0,0,200,201,C
6-NA,207,1,1,0,203,205,C
6-NA,208,202,0,0,0,202,A
6-NA,209,206,0,0,0,206,A
6-NA,210,0,0,0,209,209,C
6-NA,211,206,0,0,0,206,A
6-NA,212,0,0,0,217,217,C
6-NA,213,0,0,0,208,208,C
6-NA,214,220,0,0,0,220,A
6-NA,215,1,0,0,227,228,C
6-NA,216,0,0,0,230,230,C
6-NA,217,228,0,0,0,228,A
6-NA,218,0,230,0,0,230,T
6-NA,219,225,0,1,0,226,A
6-NA,220,0,0,225,0,225,G
6-NA,221,224,0,0,0,224,A
6-NA,222,0,0,231,0,231,G
6-NA,223,227,0,1,0,228,A
6-NA,224,225,0,0,0,225,A
6-NA,225,0,0,228,0,228,G
6-NA,226,0,0,227,0,227,G
6-NA,227,229,0,0,0,229,A
6-NA,228,225,0,0,1,226,A
6-NA,229,224,0,0,0,224,A
6-NA,230,0,224,0,0,224,T
6-NA,231,225,0,0,0,225,A
6-NA,232,0,222,0,0,222,T
6-NA,233,0,0,220,0,220,G
6-NA,234,0,0,0,221,221,C
6-NA,235,0,0,0,222,222,C
6-NA,236,0,0,0,226,226,C
6-NA,237,0,0,0,226,226,C
6-NA,238,227,0,0,0,227,A
6-NA,239,229,0,0,0,229,A
6-NA,240,228,0,1,0,229,A
6-NA,241,0,226,0,0,226,T
6-NA,242,0,231,0,0,231,T
6-NA,243,231,0,2,0,233,A
6-NA,244,0,0,230,0,230,G
6-NA,245,0,1,0,227,228,C
6-NA,246,233,0,0,0,233,A
6-NA,247,0,0,235,0,235,G
6-NA,248,232,0,0,0,232,A
6-NA,249,242,0,0,0,242,A
6-NA,250,0,245,0,0,245,T
6-NA,251,244,0,0,0,244,A
6-NA,252,0,0,0,246,246,C
6-NA,253,245,0,0,0,245,A
6-NA,254,0,0,241,0,241,G
6-NA,255,244,0,0,0,244,A
6-NA,256,243,0,0,0,243,A
6-NA,257,244,0,0,0,244,A
6-NA,258,0,235,0,0,235,T
6-NA,259,0,233,0,0,233,T
6-NA,260,0,1,232,0,233,G
6-NA,261,0,0,236,0,236,G
6-NA,262,0,237,0,0,237,T
6-NA,263,2,0,0,234,236,C
6-NA,264,234,0,0,0,234,A
6-NA,265,234,0,0,0,234,A
6-NA,266,233,0,0,0,233,A
6-NA,267,232,0,0,0,232,A
6-NA,268,0,0,0,235,235,C
6-NA,269,2,0,0,233,235,C
6-NA,270,0,0,229,0,229,G
6-NA,271,0,0,0,231,231,C
6-NA,272,235,0,0,0,235,A
6-NA,273,235,0,0,0,235,A
6-NA,274,0,235,0,0,235,T
6-NA,275,0,0,233,0,233,G
6-NA,276,0,0,0,233,233,C
6-NA,277,0,1,233,0,234,G
6-NA,278,236,0,0,0,236,A
6-NA,279,0,0,0,239,239,C
6-NA,280,241,1,0,0,242,A
6-NA,281,0,245,0,0,245,T
6-NA,282,0,248,0,0,248,T
6-NA,283,247,0,0,0,247,A
6-NA,284,0,0,0,249,249,C
6-NA,285,245,0,1,0,246,A
6-NA,286,0,0,246,0,246,G
6-NA,287,0,1,246,0,247,G
6-NA,288,247,0,0,0,247,A
6-NA,289,0,243,0,0,243,T
6-NA,290,0,245,0,0,245,T
6-NA,291,0,242,0,0,242,T
6-NA,292,0,1,239,0,240,G
6-NA,293,0,0,0,243,243,C
6-NA,294,240,0,0,0,240,A
6-NA,295,0,0,0,244,244,C
6-NA,296,0,0,0,242,242,C
6-NA,297,0,246,0,0,246,T
6-NA,298,0,245,0,0,245,T
6-NA,299,0,245,0,0,245,T
6-NA,300,0,245,0,0,245,T
6-NA,301,0,252,0,0,252,T
6-NA,302,1,0,0,252,253,C
6-NA,303,0,254,0,0,254,T
6-NA,304,252,0,0,0,252,A
6-NA,305,254,0,0,0,254,A
6-NA,306,0,0,253,0,253,G
6-NA,307,0,1,251,0,252,G
6-NA,308,251,0,1,0,252,A
6-NA,309,0,0,0,259,259,C
6-NA,310,255,0,0,0,255,A
6-NA,311,255,0,0,0,255,A
6-NA,312,0,256,0,0,256,T
6-NA,313,0,256,0,0,256,T
6-NA,314,2,0,0,258,260,C
6-NA,315,0,2,259,0,261,G
6-NA,316,261,0,0,0,261,A
6-NA,317,0,260,0,0,260,T
6-NA,318,0,263,0,0,263,T
6-NA,319,259,0,0,0,259,A
6-NA,320,0,0,262,0,262,G
6-NA,321,0,0,264,0,264,G
6-NA,322,0,0,0,267,267,C
6-NA,323,0,261,0,0,261,T
6-NA,324,0,258,0,0,258,T
6-NA,325,0,258,0,0,258,T
6-NA,326,0,0,0,259,259,C
6-NA,327,1,0,0,260,261,C
6-NA,328,2,0,260,0,262,G
6-NA,329,0,0,0,265,265,C
6-NA,330,0,264,0,0,264,T
6-NA,331,0,0,275,0,275,G
6-NA,332,0,0,269,0,269,G
6-NA,333,0,264,0,0,264,T
6-NA,334,0,0,268,0,268,G
6-NA,335,0,0,264,0,264,G
6-NA,336,0,2,265,0,267,G
6-NA,337,0,0,266,0,266,G
6-NA,338,265,0,0,0,265,A
6-NA,339,0,0,0,271,271,C
6-NA,340,265,0,0,0,265,A
6-NA,341,0,263,0,0,263,T
6-NA,342,0,0,0,266,266,C
6-NA,343,0,265,0,0,265,T
6-NA,344,0,1,268,0,269,G
6-NA,345,1,1,265,0,267,G
6-NA,346,0,0,267,0,267,G
6-NA,347,0,264,0,0,264,T
6-NA,348,0,0,266,0,266,G
6-NA,349,265,0,0,0,265,A
6-NA,350,0,0,0,282,282,C
6-NA,351,279,0,0,0,279,A
6-NA,352,326,0,0,0,326,A
6-NA,353,0,1,333,0,334,G
6-NA,354,334,0,0,0,334,A
6-NA,355,0,1,385,0,386,G
6-NA,356,421,0,0,0,421,A
6-NA,357,511,0,0,0,511,A
6-NA,358,0,0,0,810,810,C
6-NA,359,3,0,0,921,924,C
6-NA,360,1,931,0,1,933,T
6-NA,361,1,961,0,1,963,T
6-NA,362,963,0,0,0,963,A
6-NA,363,0,974,0,0,974,T
6-NA,364,0,0,1059,0,1059,G
6-NA,365,0,1058,0,0,1058,T
6-NA,366,1,0,1102,0,1103,G
6-NA,367,0,1107,0,1,1108,T
6-NA,368,1,0,0,1108,1109,C
6-NA,369,1134,0,0,5,1139,A
6-NA,370,0,1145,0,0,1145,T
6-NA,371,1,0,1140,0,1141,G
6-NA,372,0,2,0,1143,1145,C
6-NA,373,1,4,1143,0,1148,G
6-NA,374,1419,0,0,0,1419,A
6-NA,375,0,1425,0,0,1425,T
6-NA,376,1,3,0,1483,1487,C
6-NA,377,1,0,0,1504,1505,C
6-NA,378,0,1566,0,4,1570,T
6-NA,379,2,9,1594,0,1605,G
6-NA,380,1607,1,0,0,1608,A
6-NA,381,0,0,0,1607,1607,C
6-NA,382,1613,0,0,0,1613,A
6-NA,383,1603,0,1,0,1604,A
6-NA,384,0,0,1700,0,1700,G
6-NA,385,0,1700,0,1,1701,T
6-NA,386,0,0,1735,0,1735,G
6-NA,387,0,1734,0,1,1735,T
6-NA,388,1,1741,0,0,1742,T
6-NA,389,1742,0,0,0,1742,A
6-NA,390,0,1744,0,0,1744,T
6-NA,391,7,0,0,1768,1775,C
6-NA,392,1794,0,0,0,1794,A
6-NA,393,1779,0,1,1,1781,A
6-NA,394,0,1787,0,0,1787,T
6-NA,395,0,1784,0,0,1784,T
6-NA,396,1,1786,0,1,1788,T
6-NA,397,1,2,1788,0,1791,G
6-NA,398,0,0,0,1945,1945,C
6-NA,399,3,0,0,1931,1934,C
6-NA,400,2,2,0,1945,1949,C
6-NA,401,0,1958,0,2,1960,T
6-NA,402,0,1967,0,0,1967,T
6-NA,403,0,8,1997,0,2005,G
6-NA,404,1,2,1993,0,1996,G
6-NA,405,2012,0,2,0,2014,A
6-NA,406,0,1,0,2025,2026,C
6-NA,407,2007,0,3,0,2010,A
6-NA,408,0,1,2088,0,2089,G
6-NA,409,0,3,2058,0,2061,G
6-NA,410,0,7,2153,0,2160,G
6-NA,411,2144,0,3,0,2147,A
6-NA,412,2172,0,1,0,2173,A
6-NA,413,0,1,0,2182,2183,C
6-NA,414,2185,0,3,0,2188,A
6-NA,415,2454,0,1,0,2455,A
6-NA,416,0,1,0,2478,2479,C
6-NA,417,2496,0,0,0,2496,A
6-NA,418,1,0,0,2536,2537,C
6-NA,419,1,2510,0,0,2511,T
6-NA,420,2537,0,0,0,2537,A
6-NA,421,2513,0,1,1,2515,A
6-NA,422,2537,1,0,0,2538,A
6-NA,423,0,2,0,2552,2554,C
6-NA,424,2494,0,0,0,2494,A
6-NA,425,2496,0,1,1,2498,A
6-NA,426,0,1,0,2500,2501,C
6-NA,427,1,0,2509,0,2510,G
6-NA,428,0,2481,1,0,2482,T
6-NA,429,2,1,2501,0,2504,G
6-NA,430,0,2,0,2513,2515,C
6-NA,431,2524,1,0,0,2525,A
6-NA,432,0,2553,0,1,2554,T
6-NA,433,0,2558,0,1,2559,T
6-NA,434,4,0,0,2587,2591,C
6-NA,435,2638,0,0,0,2638,A
6-NA,436,2668,0,0,0,2668,A
6-NA,437,2662,0,1,0,2663,A
6-NA,438,0,2678,0,0,2678,T
6-NA,439,1,14,2653,0,2668,G
6-NA,440,2716,0,0,0,2716,A
6-NA,441,0,0,0,2742,2742,C
6-NA,442,2718,0,3,1,2722,A
6-NA,443,1,1,0,2801,2803,C
6-NA,444,2769,0,0,0,2769,A
6-NA,445,2,0,3565,0,3567,G
6-NA,446,0,3552,0,0,3552,T
6-NA,447,3628,0,0,0,3628,A
6-NA,448,1,3,0,3634,3638,C
6-NA,449,2,2,3646,0,3650,G
6-NA,450,1,3756,0,4,3761,T
6-NA,451,0,15,3805,0,3820,G
6-NA,452,3780,0,2,0,3782,A
6-NA,453,0,3827,0,0,3827,T
6-NA,454,3613,0,5,0,3618,A
6-NA,455,1,5,3589,0,3595,G
6-NA,456,0,6,3541,2,3549,G
6-NA,457,3580,1,13,0,3594,A
6-NA,458,0,0,0,3668,3668,C
6-NA,459,3,0,0,3611,3614,C
6-NA,460,5,9,0,3665,3679,C
6-NA,461,5,0,0,3701,3706,C
6-NA,462,1,3733,0,1,3735,T
6-NA,463,1,3819,0,1,3821,T
6-NA,464,3864,0,0,0,3864,A
6-NA,465,0,3835,0,0,3835,T
6-NA,466,4,7,0,3837,3848,C
6-NA,467,1,3,3807,0,3811,G
6-NA,468,3,9,3757,0,3769,G
6-NA,469,3807,0,5,0,3812,A
6-NA,470,0,1,0,3855,3856,C
6-NA,471,6,0,0,3830,3836,C
6-NA,472,4,0,0,4053,4057,C
6-NA,473,0,4068,0,1,4069,T
6-NA,474,4125,0,1,0,4126,A
6-NA,475,1,4132,1,0,4134,T
6-NA,476,0,4154,0,1,4155,T
6-NA,477,1,12,4151,0,4164,G
6-NA,478,4125,1,3,0,4129,A
6-NA,479,1,4156,0,1,4158,T
6-NA,480,1,8,4172,0,4181,G
6-NA,481,4059,1,2,1,4063,A
6-NA,482,4079,0,3,0,4082,A
6-NA,483,0,4090,0,0,4090,T
6-NA,484,5,16,4105,0,4126,G
6-NA,485,4025,0,0,2,4027,A
6-NA,486,1,1,4154,1,4157,G
6-NA,487,4,4121,0,0,4125,T
6-NA,488,0,4159,0,2,4161,T
6-NA,489,3,5,4113,0,4121,G
6-NA,490,0,8,4134,0,4142,G
6-NA,491,2,1,4159,0,4162,G
6-NA,492,0,4102,0,2,4104,T
6-NA,493,3,1,4153,0,4157,G
6-NA,494,0,4169,1,3,4173,T
6-NA,495,0,4164,0,2,4166,T
6-NA,496,17,0,0,4207,4224,C
6-NA,497,3,3,0,4247,4253,C
6-NA,498,0,4266,1,1,4268,T
6-NA,499,0,4268,0,2,4270,T
6-NA,500,0,4275,0,0,4275,T
6-NA,501,0,4268,0,1,4269,T
6-NA,502,5,0,0,4302,4307,C
6-NA,503,4275,1,0,0,4276,A
6-NA,504,0,4401,0,2,4403,T
6-NA,505,4,0,0,4412,4416,C
6-NA,506,0,4361,0,0,4361,T
6-NA,507,1,3,4325,1,4330,G
6-NA,508,2,11,4266,0,4279,G
6-NA,509,4,10,4247,0,4261,G
6-NA,510,2,14,4343,0,4359,G
6-NA,511,4369,0,2,0,4371,A
6-NA,512,0,1,0,4425,4426,C
6-NA,513,7,0,0,4395,4402,C
6-NA,514,4461,0,3,0,4464,A
6-NA,515,4465,1,4,1,4471,A
6-NA,516,1,1,4463,1,4466,G
6-NA,517,2,0,0,4477,4479,C
6-NA,518,4497,0,1,0,4498,A
6-NA,519,4570,0,4,0,4574,A
6-NA,520,7,0,4592,0,4599,G
6-NA,521,0,4556,0,1,4557,T
6-NA,522,0,1,4728,0,4729,G
6-NA,523,0,4671,0,2,4673,T
6-NA,524,7,2,4842,0,4851,G
6-NA,525,2,3,0,4826,4831,C
6-NA,526,4852,0,1,0,4853,A
6-NA,527,0,4907,0,0,4907,T
6-NA,528,4828,0,3,0,4831,A
6-NA,529,0,1,4949,0,4950,G
6-NA,530,1,1,0,4920,4922,C
6-NA,531,4864,0,2,0,4866,A
6-NA,532,0,4862,0,1,4863,T
6-NA,533,0,11,4763,0,4774,G
6-NA,534,0,2,5037,0,5039,G
6-NA,535,0,5027,0,5,5032,T
6-NA,536,10,2,0,4986,4998,C
6-NA,537,5,3,1,4996,5005,C
6-NA,538,5040,0,3,0,5043,A
6-NA,539,1,0,5158,0,5159,G
6-NA,540,2,9,0,5149,5160,C
6-NA,541,0,5180,0,3,5183,T
6-NA,542,15,1,0,5178,5194,C
6-NA,543,5113,0,0,0,5113,A
6-NA,544,5143,0,1,0,5144,A
6-NA,545,1,2,5176,0,5179,G
6-NA,546,0,5187,0,0,5187,T
6-NA,547,0,5187,1,1,5189,T
6-NA,548,1,1,5176,0,5178,G
6-NA,549,0,5161,0,2,5163,T
6-NA,550,13,0,0,5169,5182,C
6-NA,551,5178,0,3,0,5181,A
6-NA,552,0,5,0,5203,5208,C
6-NA,553,2,5,5207,0,5214,G
6-NA,554,5185,0,3,0,5188,A
6-NA,555,0,5266,0,3,5269,T
6-NA,556,3,5,5336,0,5344,G
6-NA,557,0,12,5341,1,5354,G
6-NA,558,5357,0,5,0,5362,A
6-NA,559,5363,0,3,0,5366,A
6-NA,560,5427,0,4,0,5431,A
6-NA,561,5428,1,7,1,5437,A
6-NA,562,2,3,5462,0,5467,G
6-NA,563,0,4,0,5457,5461,C
6-NA,564,5443,1,9,3,5456,A
6-NA,565,0,5473,0,2,5475,T
6-NA,566,0,4,5503,0,5507,G
6-NA,567,3,1,5486,0,5490,G
6-NA,568,0,1,0,5569,5570,C
6-NA,569,0,5539,0,4,5543,T
6-NA,570,1,1,5572,0,5574,G
6-NA,571,1,4,0,5560,5565,C
6-NA,572,5566,0,1,0,5567,A
6-NA,573,1,5756,0,1,5758,T
6-NA,574,4,5,5771,0,5780,G
6-NA,575,0,5799,1,2,5802,T
6-NA,576,0,5943,0,1,5944,T
6-NA,577,0,5937,1,2,5940,T
6-NA,578,1,0,6217,0,6218,G
6-NA,579,0,6141,0,10,6151,T
6-NA,580,6213,0,0,0,6213,A
6-NA,581,0,6226,0,0,6226,T
6-NA,582,6157,0,0,0,6157,A
6-NA,583,6182,0,3,0,6185,A
6-NA,584,1,4,1,6147,6153,C
6-NA,585,0,9,6106,1,6116,G
6-NA,586,1,7,6106,1,6115,G
6-NA,587,0,9,6025,0,6034,G
6-NA,588,1,3,6031,0,6035,G
6-NA,589,1,7,6044,0,6052,G
6-NA,590,5989,1,2,0,5992,A
6-NA,591,0,6042,0,0,6042,T
6-NA,592,0,14,6058,0,6072,G
6-NA,593,6102,2,3,0,6107,A
6-NA,594,0,6145,0,0,6145,T
6-NA,595,6142,0,0,0,6142,A
6-NA,596,6165,1,0,1,6167,A
6-NA,597,6156,1,1,0,6158,A
6-NA,598,6153,0,2,0,6155,A
6-NA,599,6146,1,2,0,6149,A
6-NA,600,1,6135,0,1,6137,T
6-NA,601,0,3,6145,0,6148,G
6-NA,602,2,3,0,6134,6139,C
6-NA,603,6156,1,1,0,6158,A
6-NA,604,6153,1,1,0,6155,A
6-NA,605,0,0,0,6205,6205,C
6-NA,606,1,6178,0,1,6180,T
6-NA,607,1,0,6188,0,6189,G
6-NA,608,1,3,0,6188,6192,C
6-NA,609,0,6196,0,2,6198,T
6-NA,610,6210,0,2,0,6212,A
6-NA,611,2,3,6212,0,6217,G
6-NA,612,2,0,0,6249,6251,C
6-NA,613,0,6246,0,4,6250,T
6-NA,614,0,6248,0,2,6250,T
6-NA,615,18,0,0,6314,6332,C
6-NA,616,6350,1,0,0,6351,A
6-NA,617,0,6353,0,0,6353,T
6-NA,618,0,6368,0,1,6369,T
6-NA,619,0,6409,0,0,6409,T
6-NA,620,6421,0,1,0,6422,A
6-NA,621,5,1,0,6456,6462,C
6-NA,622,6421,0,0,0,6421,A
6-NA,623,6440,1,2,0,6443,A
6-NA,624,0,6455,0,1,6456,T
6-NA,625,1,10,6416,1,6428,G
6-NA,626,8,3,6390,1,6402,G
6-NA,627,0,7,6380,0,6387,G
6-NA,628,6305,2,21,0,6328,A
6-NA,629,2,4,6530,0,6536,G
6-NA,630,0,2,6568,0,6570,G
6-NA,631,4,0,0,6936,6940,C
6-NA,632,0,7060,0,4,7064,T
6-NA,633,0,7160,0,3,7163,T
6-NA,634,1,1,7237,0,7239,G
6-NA,635,1,7172,0,0,7173,T
6-NA,636,7316,0,7,0,7323,A
6-NA,637,4,8,7341,0,7353,G
6-NA,638,7228,0,2,0,7230,A
6-NA,639,0,7228,0,2,7230,T
6-NA,640,6757,1,2,0,6760,A
6-NA,641,2,1,6778,0,6781,G
6-NA,642,0,6676,0,4,6680,T
6-NA,643,2,1,6619,0,6622,G
6-NA,644,0,6879,0,2,6881,T
6-NA,645,0,6909,0,1,6910,T
6-NA,646,1,0,6999,0,7000,G
6-NA,647,0,6955,0,2,6957,T
6-NA,648,0,6984,0,2,6986,T
6-NA,649,1,6991,0,3,6995,T
6-NA,650,22,9,1,6881,6913,C
6-NA,651,6916,0,5,0,6921,A
6-NA,652,2,6865,1,0,6868,T
6-NA,653,1,14,6846,0,6861,G
6-NA,654,2,3,7160,0,7165,G
6-NA,655,0,7081,0,6,7087,T
6-NA,656,24,2,0,7061,7087,C
6-NA,657,11,1,0,7103,7115,C
6-NA,658,7150,0,4,0,7154,A
6-NA,659,7179,0,2,0,7181,A
6-NA,660,7196,0,3,0,7199,A
6-NA,661,1,7,7233,0,7241,G
6-NA,662,7223,0,1,0,7224,A
6-NA,663,6987,0,2,0,6989,A
6-NA,664,6986,0,5,0,6991,A
6-NA,665,0,6933,0,0,6933,T
6-NA,666,12,0,0,7165,7177,C
6-NA,667,4,1,1,7176,7182,C
6-NA,668,0,7166,0,2,7168,T
6-NA,669,6,2,0,7175,7183,C
6-NA,670,7154,0,12,2,7168,A
6-NA,671,4,8,7195,0,7207,G
6-NA,672,3,17,7135,1,7156,G
6-NA,673,7305,0,5,0,7310,A
6-NA,674,1,2,0,7326,7329,C
6-NA,675,12,4,1,7172,7189,C
6-NA,676,8,3,1,7217,7229,C
6-NA,677,7231,1,4,1,7237,A
6-NA,678,0,7,7283,0,7290,G
6-NA,679,0,14,7290,0,7304,G
6-NA,680,7249,0,3,0,7252,A
6-NA,681,5,1,7330,2,7338,G
6-NA,682,1,7174,2,2,7179,T
6-NA,683,11,2,1,7205,7219,C
6-NA,684,7245,0,4,1,7250,A
6-NA,685,1,11,7288,2,7302,G
6-NA,686,7244,1,3,0,7248,A
6-NA,687,7244,0,4,0,7248,A
6-NA,688,0,7234,0,1,7235,T
6-NA,689,5,2,7300,0,7307,G
6-NA,690,2,4,0,7275,7281,C
6-NA,691,1,2,7342,0,7345,G
6-NA,692,1,7268,2,2,7273,T
6-NA,693,0,7327,0,0,7327,T
6-NA,694,1,7301,0,3,7305,T
6-NA,695,0,4,7357,0,7361,G
6-NA,696,0,7352,1,4,7357,T
6-NA,697,7386,0,1,0,7387,A
6-NA,698,0,7342,0,3,7345,T
6-NA,699,14,1,0,7390,7405,C
6-NA,700,7390,0,0,0,7390,A
6-NA,701,7381,0,0,0,7381,A
6-NA,702,2,7365,0,1,7368,T
6-NA,703,3,7,7363,0,7373,G
6-NA,704,2,18,7357,0,7377,G
6-NA,705,7513,0,9,0,7522,A
6-NA,706,7525,0,9,0,7534,A
6-NA,707,1,0,0,7611,7612,C
6-NA,708,0,7660,0,2,7662,T
6-NA,709,0,7643,0,0,7643,T
6-NA,710,3,3,7856,1,7863,G
6-NA,711,2,7838,1,5,7846,T
6-NA,712,7854,1,4,0,7859,A
6-NA,713,0,2,0,7954,7956,C
6-NA,714,7814,0,2,0,7816,A
6-NA,715,4,0,8339,0,8343,G
6-NA,716,0,8271,0,1,8272,T
6-NA,717,8575,1,1,0,8577,A
6-NA,718,1,2,8607,0,8610,G
6-NA,719,0,8452,0,1,8453,T
6-NA,720,8493,0,3,0,8496,A
6-NA,721,8461,0,1,0,8462,A
6-NA,722,1,8433,0,2,8436,T
6-NA,723,7,32,8445,0,8484,G
6-NA,724,8260,2,2,0,8264,A
6-NA,725,0,2,0,8360,8362,C
6-NA,726,0,8170,0,6,8176,T
6-NA,727,17,6,8183,1,8207,G
6-NA,728,8104,0,8,0,8112,A
6-NA,729,0,8232,0,2,8234,T
6-NA,730,2,11,8230,0,8243,G
6-NA,731,1,9,8125,1,8136,G
6-NA,732,3,13,8149,0,8165,G
6-NA,733,8009,1,4,0,8014,A
6-NA,734,3,1,8062,0,8066,G
6-NA,735,0,7993,0,1,7994,T
6-NA,736,1,5,8010,0,8016,G
6-NA,737,1,0,2,8011,8014,C
6-NA,738,1,7988,0,2,7991,T
6-NA,739,0,7977,0,2,7979,T
6-NA,740,9,3,0,7985,7997,C
6-NA,741,5,16,7957,0,7978,G
6-NA,742,1,6,8017,0,8024,G
6-NA,743,1,10,8024,0,8035,G
6-NA,744,8015,1,8,0,8024,A
6-NA,745,8000,0,1,0,8001,A
6-NA,746,7987,1,4,1,7993,A
6-NA,747,8013,1,10,0,8024,A
6-NA,748,1,1,8021,0,8023,G
6-NA,749,2,6,1,8021,8030,C
6-NA,750,1,8023,1,1,8026,T
6-NA,751,8,14,8011,0,8033,G
6-NA,752,7993,0,5,0,7998,A
6-NA,753,0,8115,0,0,8115,T
6-NA,754,8124,1,3,0,8128,A
6-NA,755,1,0,0,8488,8489,C
6-NA,756,0,8465,0,0,8465,T
6-NA,757,8473,0,0,0,8473,A
6-NA,758,8472,0,0,0,8472,A
6-NA,759,8469,0,2,0,8471,A
6-NA,760,8634,1,0,0,8635,A
6-NA,761,0,8645,0,1,8646,T
6-NA,762,8542,0,2,0,8544,A
6-NA,763,8,14,0,8611,8633,C
6-NA,764,0,8312,0,3,8315,T
6-NA,765,8396,0,0,0,8396,A
6-NA,766,0,8319,0,5,8324,T
6-NA,767,2,8900,0,4,8906,T
6-NA,768,28,1,0,8990,9019,C
6-NA,769,8917,0,1,0,8918,A
6-NA,770,0,8896,0,2,8898,T
6-NA,771,0,8918,0,2,8920,T
6-NA,772,8798,0,3,0,8801,A
6-NA,773,8795,0,2,0,8797,A
6-NA,774,2,5,8863,1,8871,G
6-NA,775,2,8,8838,2,8850,G
6-NA,776,8302,1,5,2,8310,A
6-NA,777,0,8,8457,0,8465,G
6-NA,778,4,15,8403,0,8422,G
6-NA,779,1,9,8398,0,8408,G
6-NA,780,1,16,8431,1,8449,G
6-NA,781,8398,1,3,0,8402,A
6-NA,782,8485,0,1,0,8486,A
6-NA,783,8448,0,2,0,8450,A
6-NA,784,8393,1,2,0,8396,A
6-NA,785,0,8350,0,1,8351,T
6-NA,786,22,4,0,8382,8408,C
6-NA,787,5,0,8496,0,8501,G
6-NA,788,1,8470,0,0,8471,T
6-NA,789,0,8439,0,3,8442,T
6-NA,790,32,2,0,8473,8507,C
6-NA,791,8498,1,0,0,8499,A
6-NA,792,0,9001,0,2,9003,T
6-NA,793,8956,0,0,0,8956,A
6-NA,794,0,0,0,9088,9088,C
6-NA,795,2,9056,0,4,9062,T
6-NA,796,9057,0,3,0,9060,A
6-NA,797,2,2,9015,1,9020,G
6-NA,798,1,3,0,9017,9021,C
6-NA,799,8986,4,3,0,8993,A
6-NA,800,1,2,0,9045,9048,C
6-NA,801,8700,1,2,0,8703,A
6-NA,802,1,8847,0,1,8849,T
6-NA,803,0,8846,0,2,8848,T
6-NA,804,1,2,9339,0,9342,G
6-NA,805,1,9269,0,7,9277,T
6-NA,806,25,4,0,9268,9297,C
6-NA,807,9302,1,12,0,9315,A
6-NA,808,3,8,9322,0,9333,G
6-NA,809,1,14,9274,0,9289,G
6-NA,810,9259,0,2,1,9262,A
6-NA,811,9195,1,2,0,9198,A
6-NA,812,1,4,9273,0,9278,G
6-NA,813,0,8883,0,1,8884,T
6-NA,814,5,4,8917,0,8926,G
6-NA,815,2,3,0,8907,8912,C
6-NA,816,0,8942,0,3,8945,T
6-NA,817,15,1,0,8984,9000,C
6-NA,818,8988,0,1,8,8997,A
6-NA,819,4,1,9008,0,9013,G
6-NA,820,4,3,2,8999,9008,C
6-NA,821,9072,0,1,0,9073,A
6-NA,822,0,9089,0,2,9091,T
6-NA,823,3,1,9314,0,9318,G
6-NA,824,2,9278,0,2,9282,T
6-NA,825,24,10,2,9281,9317,C
6-NA,826,3,11,9306,1,9321,G
6-NA,827,9230,0,2,0,9232,A
6-NA,828,2,7,9248,0,9257,G
6-NA,829,0,21,9251,0,9272,G
6-NA,830,9177,1,5,0,9183,A
6-NA,831,4,3,9259,0,9266,G
6-NA,832,0,9026,0,7,9033,T
6-NA,833,0,5,9039,0,9044,G
6-NA,834,5,6,0,9127,9138,C
6-NA,835,1,9115,2,8,9126,T
6-NA,836,27,1,0,9167,9195,C
6-NA,837,5,4,0,9236,9245,C
6-NA,838,1,9274,0,2,9277,T
6-NA,839,5,7,9248,0,9260,G
6-NA,840,4,3,0,9198,9205,C
6-NA,841,0,9155,0,5,9160,T
6-NA,842,9210,2,0,2,9214,A
6-NA,843,1,9043,0,1,9045,T
6-NA,844,21,2,2,9107,9132,C
6-NA,845,21,2,1,9105,9129,C
6-NA,846,1,9055,0,6,9062,T
6-NA,847,12,3,1,9183,9199,C
6-NA,848,3,16,9172,0,9191,G
6-NA,849,9196,0,4,0,9200,A
6-NA,850,1,9260,1,4,9266,T
6-NA,851,9259,1,2,1,9263,A
6-NA,852,1,9237,0,1,9239,T
6-NA,853,7,0,4,9212,9223,C
6-NA,854,11,3,0,9202,9216,C
6-NA,855,1,9158,0,9,9168,T
6-NA,856,1,1,9204,1,9207,G
6-NA,857,1,1,9173,0,9175,G
6-NA,858,0,9253,0,3,9256,T
6-NA,859,1,3,9309,0,9313,G
6-NA,860,0,9280,1,4,9285,T
6-NA,861,31,3,0,9257,9291,C
6-NA,862,9288,0,2,0,9290,A
6-NA,863,0,6,9293,0,9299,G
6-NA,864,9270,5,4,0,9279,A
6-NA,865,0,9182,1,3,9186,T
6-NA,866,0,8,9227,0,9235,G
6-NA,867,2,9089,0,5,9096,T
6-NA,868,2,1,9140,2,9145,G
6-NA,869,0,9104,0,5,9109,T
6-NA,870,19,1,0,9128,9148,C
6-NA,871,0,9128,0,8,9136,T
6-NA,872,4,3,9137,0,9144,G
6-NA,873,2,2,0,9165,9169,C
6-NA,874,9125,0,8,0,9133,A
6-NA,875,4,14,9143,0,9161,G
6-NA,876,8971,1,1,0,8973,A
6-NA,877,0,14,8987,2,9003,G
6-NA,878,8945,2,4,0,8951,A
6-NA,879,0,1,1,9004,9006,C
6-NA,880,9018,0,3,0,9021,A
6-NA,881,9034,3,2,0,9039,A
6-NA,882,3,1,0,9074,9078,C
6-NA,883,1,9075,0,2,9078,T
6-NA,884,3,5,9075,0,9083,G
6-NA,885,1,10,9031,1,9043,G
6-NA,886,9049,0,2,0,9051,A
6-NA,887,9028,0,5,0,9033,A
6-NA,888,8816,0,1,1,8818,A
6-NA,889,2,7,8911,0,8920,G
6-NA,890,1,2,8836,1,8840,G
6-NA,891,3,1,0,8810,8814,C
6-NA,892,2,8712,0,14,8728,T
6-NA,893,12,1,0,8923,8936,C
6-NA,894,9,5,1,9048,9063,C
6-NA,895,9113,0,1,0,9114,A
6-NA,896,9064,1,0,5,9070,A
6-NA,897,0,9089,0,0,9089,T
6-NA,898,8826,0,6,0,8832,A
6-NA,899,0,5,8736,2,8743,G
6-NA,900,1,4,8706,0,8711,G
6-NA,901,7,1,0,8702,8710,C
6-NA,902,6,2,0,8516,8524,C
6-NA,903,12,0,0,8488,8500,C
6-NA,904,8544,0,1,0,8545,A
6-NA,905,1,8629,0,7,8637,T
6-NA,906,15,7,0,8655,8677,C
6-NA,907,7,0,8693,0,8700,G
6-NA,908,0,8637,0,0,8637,T
6-NA,909,8423,1,10,0,8434,A
6-NA,910,2,6,8649,0,8657,G
6-NA,911,8625,0,1,0,8626,A
6-NA,912,1,8661,0,0,8662,T
6-NA,913,8507,1,2,0,8510,A
6-NA,914,0,8413,0,0,8413,T
6-NA,915,8407,0,3,0,8410,A
6-NA,916,8364,0,2,1,8367,A
6-NA,917,8519,2,1,0,8522,A
6-NA,918,2,1,0,8693,8696,C
6-NA,919,8484,0,3,1,8488,A
6-NA,920,0,8475,0,1,8476,T
6-NA,921,8445,0,2,0,8447,A
6-NA,922,8426,0,8,1,8435,A
6-NA,923,8414,1,4,1,8420,A
6-NA,924,2,7,8464,0,8473,G
6-NA,925,2,21,8485,1,8509,G
6-NA,926,8187,0,4,0,8191,A
6-NA,927,0,8151,0,2,8153,T
6-NA,928,17,3,0,8198,8218,C
6-NA,929,8273,0,1,0,8274,A
6-NA,930,0,8268,0,2,8270,T
6-NA,931,8274,0,4,0,8278,A
6-NA,932,0,3,8280,0,8283,G
6-NA,933,3,2,0,8194,8199,C
6-NA,934,8074,0,2,0,8076,A
6-NA,935,0,7862,0,4,7866,T
6-NA,936,1,7886,0,1,7888,T
6-NA,937,2,0,8073,0,8075,G
6-NA,938,0,8028,0,6,8034,T
6-NA,939,0,8161,0,2,8163,T
6-NA,940,0,8129,0,1,8130,T
6-NA,941,11,1,2,8105,8119,C
6-NA,942,7,3,1,8135,8146,C
6-NA,943,8223,0,2,1,8226,A
6-NA,944,1,1,8332,0,8334,G
6-NA,945,1,8306,0,2,8309,T
6-NA,946,0,8003,0,3,8006,T
6-NA,947,8015,1,1,0,8017,A
6-NA,948,0,7903,0,1,7904,T
6-NA,949,2,2,7933,0,7937,G
6-NA,950,0,7826,0,3,7829,T
6-NA,951,6,0,7885,0,7891,G
6-NA,952,1,7649,1,6,7657,T
6-NA,953,2,2,7819,0,7823,G
6-NA,954,0,7789,0,5,7794,T
6-NA,955,1,7752,0,1,7754,T
6-NA,956,29,2,0,7725,7756,C
6-NA,957,7702,0,15,1,7718,A
6-NA,958,1,13,7732,0,7746,G
6-NA,959,2,10,7694,0,7706,G
6-NA,960,7633,0,3,0,7636,A
6-NA,961,4,0,0,7675,7679,C
6-NA,962,0,7498,0,1,7499,T
6-NA,963,0,7504,0,0,7504,T
6-NA,964,6,3,7715,1,7725,G
6-NA,965,2,7702,0,2,7706,T
6-NA,966,1,7727,1,3,7732,T
6-NA,967,3,4,7646,0,7653,G
6-NA,968,0,13,7622,0,7635,G
6-NA,969,7613,0,12,0,7625,A
6-NA,970,0,14,7656,0,7670,G
6-NA,971,7643,3,9,1,7656,A
6-NA,972,0,10,0,7590,7600,C
6-NA,973,7341,0,5,0,7346,A
6-NA,974,2,1,0,7330,7333,C
6-NA,975,7327,0,3,3,7333,A
6-NA,976,2,0,0,7369,7371,C
6-NA,977,14,1,0,7271,7286,C
6-NA,978,13,2,1,7302,7318,C
6-NA,979,7312,0,3,0,7315,A
6-NA,980,5,9,7333,0,7347,G
6-NA,981,7337,1,0,0,7338,A
6-NA,982,7407,1,0,0,7408,A
6-NA,983,7362,1,0,1,7364,A
6-NA,984,7343,0,1,0,7344,A
6-NA,985,7259,0,3,0,7262,A
6-NA,986,7273,1,0,3,7277,A
6-NA,987,1,3,1,7322,7327,C
6-NA,988,1,31,7230,0,7262,G
6-NA,989,7272,0,2,0,7274,A
6-NA,990,0,1,0,7274,7275,C
6-NA,991,7229,1,4,0,7234,A
6-NA,992,3,0,7264,0,7267,G
6-NA,993,1,1,0,7411,7413,C
6-NA,994,1,7286,0,6,7293,T
6-NA,995,12,3,0,7376,7391,C
6-NA,996,11,2,1,7420,7434,C
6-NA,997,7467,0,5,0,7472,A
6-NA,998,1,3,7531,0,7535,G
6-NA,999,4,0,0,7517,7521,C
6-NA,1000,7491,0,0,1,7492,A
6-NA,1001,1,2,7517,0,7520,G
6-NA,1002,0,7221,1,0,7222,T
6-NA,1003,7221,1,7,2,7231,A
6-NA,1004,4,2,7225,0,7231,G
6-NA,1005,1,2,0,7211,7214,C
6-NA,1006,9,2,0,7232,7243,C
6-NA,1007,7187,1,0,0,7188,A
6-NA,1008,0,7178,0,1,7179,T
6-NA,1009,0,7200,0,0,7200,T
6-NA,1010,3,0,7350,0,7353,G
6-NA,1011,2,7277,0,1,7280,T
6-NA,1012,0,7265,0,1,7266,T
6-NA,1013,1,7212,0,18,7231,T
6-NA,1014,2,13,7166,0,7181,G
6-NA,1015,1,5,7233,1,7240,G
6-NA,1016,7183,0,1,0,7184,A
6-NA,1017,2,7209,0,3,7214,T
6-NA,1018,17,2,2,7192,7213,C
6-NA,1019,11,0,0,7062,7073,C
6-NA,1020,3,7108,0,9,7120,T
6-NA,1021,7127,0,8,2,7137,A
6-NA,1022,7134,2,3,0,7139,A
6-NA,1023,1,1,0,7212,7214,C
6-NA,1024,7063,0,1,1,7065,A
6-NA,1025,7117,1,1,0,7119,A
6-NA,1026,0,7104,0,1,7105,T
6-NA,1027,1,7,7161,0,7169,G
6-NA,1028,7132,0,4,2,7138,A
6-NA,1029,7084,1,6,0,7091,A
6-NA,1030,5,5,7105,0,7115,G
6-NA,1031,7051,1,3,0,7055,A
6-NA,1032,6897,1,2,0,6900,A
6-NA,1033,4,5,6919,0,6928,G
6-NA,1034,0,1,6903,1,6905,G
6-NA,1035,1,6701,0,2,6704,T
6-NA,1036,4,19,6747,0,6770,G
6-NA,1037,3,0,6943,0,6946,G
6-NA,1038,1,6855,1,0,6857,T
6-NA,1039,25,1,0,6828,6854,C
6-NA,1040,6849,1,1,1,6852,A
6-NA,1041,0,6838,3,2,6843,T
6-NA,1042,0,7,6838,0,6845,G
6-NA,1043,2,18,6887,0,6907,G
6-NA,1044,6840,0,5,3,6848,A
6-NA,1045,0,0,7015,0,7015,G
6-NA,1046,0,6733,0,2,6735,T
6-NA,1047,9,7,6728,0,6744,G
6-NA,1048,6731,0,3,0,6734,A
6-NA,1049,6714,0,2,0,6716,A
6-NA,1050,6748,0,11,1,6760,A
6-NA,1051,0,8,6730,0,6738,G
6-NA,1052,0,1,6660,0,6661,G
6-NA,1053,0,1,0,6645,6646,C
6-NA,1054,0,6451,0,3,6454,T
6-NA,1055,1,5,6495,0,6501,G
6-NA,1056,2,8,6445,0,6455,G
6-NA,1057,1,0,6494,0,6495,G
6-NA,1058,7,2,0,6440,6449,C
6-NA,1059,7,0,1,6465,6473,C
6-NA,1060,4,6397,1,7,6409,T
6-NA,1061,0,6439,0,0,6439,T
6-NA,1062,0,6462,0,2,6464,T
6-NA,1063,0,6,6480,0,6486,G
6-NA,1064,6450,1,5,0,6456,A
6-NA,1065,0,6398,0,1,6399,T
6-NA,1066,3,9,6273,0,6285,G
6-NA,1067,6183,0,3,1,6187,A
6-NA,1068,0,6230,0,0,6230,T
6-NA,1069,1,4,6229,0,6234,G
6-NA,1070,0,6,6300,0,6306,G
6-NA,1071,6269,1,1,1,6272,A
6-NA,1072,6285,0,0,0,6285,A
6-NA,1073,6275,0,3,0,6278,A
6-NA,1074,0,6236,0,4,6240,T
6-NA,1075,2,6,6300,0,6308,G
6-NA,1076,6231,1,3,1,6236,A
6-NA,1077,3,1,0,6232,6236,C
6-NA,1078,12,0,6258,0,6270,G
6-NA,1079,0,6066,0,4,6070,T
6-NA,1080,5,1,6139,0,6145,G
6-NA,1081,1,6125,0,2,6128,T
6-NA,1082,1,8,6120,0,6129,G
6-NA,1083,2,4,6148,0,6154,G
6-NA,1084,6115,0,2,0,6117,A
6-NA,1085,0,6100,0,0,6100,T
6-NA,1086,3,9,6091,1,6104,G
6-NA,1087,2,5,6067,0,6074,G
6-NA,1088,0,5,6127,0,6132,G
6-NA,1089,6052,0,0,0,6052,A
6-NA,1090,6042,0,1,0,6043,A
6-NA,1091,2,21,6051,0,6074,G
6-NA,1092,5988,1,5,0,5994,A
6-NA,1093,5973,1,2,0,5976,A
6-NA,1094,2,4,0,5971,5977,C
6-NA,1095,4,23,5925,1,5953,G
6-NA,1096,5907,0,1,0,5908,A
6-NA,1097,2,5760,0,0,5762,T
6-NA,1098,14,1,0,5824,5839,C
6-NA,1099,5818,1,8,0,5827,A
6-NA,1100,1,2,5844,0,5847,G
6-NA,1101,1,6,0,5811,5818,C
6-NA,1102,3,12,5822,0,5837,G
6-NA,1103,5803,0,0,0,5803,A
6-NA,1104,0,7,5821,0,5828,G
6-NA,1105,5799,1,1,0,5801,A
6-NA,1106,5817,0,3,0,5820,A
6-NA,1107,1,2,5846,0,5849,G
6-NA,1108,1,5722,0,2,5725,T
6-NA,1109,17,1,0,5721,5739,C
6-NA,1110,5686,0,3,0,5689,A
6-NA,1111,1,2,0,5891,5894,C
6-NA,1112,4,0,5887,0,5891,G
6-NA,1113,0,1,0,5888,5889,C
6-NA,1114,0,5857,0,6,5863,T
6-NA,1115,0,5861,0,3,5864,T
6-NA,1116,5782,1,5,0,5788,A
6-NA,1117,3,10,5896,0,5909,G
6-NA,1118,0,8,5864,1,5873,G
6-NA,1119,2,0,6011,0,6013,G
6-NA,1120,0,5609,0,6,5615,T
6-NA,1121,5637,0,2,0,5639,A
6-NA,1122,1,5635,0,0,5636,T
6-NA,1123,0,15,5605,0,5620,G
6-NA,1124,5626,0,2,0,5628,A
6-NA,1125,5588,0,0,0,5588,A
6-NA,1126,5226,0,0,4,5230,A
6-NA,1127,1,1,0,5288,5290,C
6-NA,1128,10,1,0,5172,5183,C
6-NA,1129,0,5083,0,4,5087,T
6-NA,1130,1,5079,0,8,5088,T
6-NA,1131,6,0,1,5071,5078,C
6-NA,1132,5119,0,1,0,5120,A
6-NA,1133,5127,0,1,0,5128,A
6-NA,1134,5109,0,0,0,5109,A
6-NA,1135,1,0,5142,0,5143,G
6-NA,1136,0,5017,0,2,5019,T
6-NA,1137,17,0,0,5047,5064,C
6-NA,1138,5153,0,1,0,5154,A
6-NA,1139,0,5169,1,3,5173,T
6-NA,1140,0,5172,0,0,5172,T
6-NA,1141,0,6,5161,0,5167,G
6-NA,1142,5133,0,1,0,5134,A
6-NA,1143,5130,2,1,0,5133,A
6-NA,1144,0,5,5104,0,5109,G
6-NA,1145,2,3,5035,0,5040,G
6-NA,1146,3,1,0,5045,5049,C
6-NA,1147,0,4866,0,3,4869,T
6-NA,1148,3,6,4874,1,4884,G
6-NA,1149,1,3,4976,0,4980,G
6-NA,1150,1,4936,1,8,4946,T
6-NA,1151,13,0,0,4898,4911,C
6-NA,1152,3,1,0,4900,4904,C
6-NA,1153,4900,0,1,5,4906,A
6-NA,1154,4877,0,3,0,4880,A
6-NA,1155,2,0,0,4893,4895,C
6-NA,1156,7,0,0,4858,4865,C
6-NA,1157,8,1,0,4838,4847,C
6-NA,1158,7,11,0,4612,4630,C
6-NA,1159,4655,0,1,0,4656,A
6-NA,1160,4653,0,0,0,4653,A
6-NA,1161,1,0,4691,1,4693,G
6-NA,1162,0,4589,1,4,4594,T
6-NA,1163,10,1,0,4644,4655,C
6-NA,1164,13,2,0,4619,4634,C
6-NA,1165,4644,1,1,1,4647,A
6-NA,1166,4623,0,1,0,4624,A
6-NA,1167,4630,0,1,0,4631,A
6-NA,1168,1,4592,3,2,4598,T
6-NA,1169,0,4588,1,4,4593,T
6-NA,1170,3,2,4588,0,4593,G
6-NA,1171,1,1,0,4557,4559,C
6-NA,1172,4556,0,5,1,4562,A
6-NA,1173,0,2,4587,0,4589,G
6-NA,1174,4572,0,1,0,4573,A
6-NA,1175,2,4642,3,0,4647,T
6-NA,1176,4655,0,0,0,4655,A
6-NA,1177,4620,1,0,0,4621,A
6-NA,1178,4618,0,0,0,4618,A
6-NA,1179,0,4615,1,0,4616,T
6-NA,1180,4585,0,4,0,4589,A
6-NA,1181,1,6,4578,0,4585,G
6-NA,1182,1,4,4527,0,4532,G
6-NA,1183,2,0,1,4513,4516,C
6-NA,1184,4381,0,2,1,4384,A
6-NA,1185,4402,0,2,0,4404,A
6-NA,1186,0,1,4449,1,4451,G
6-NA,1187,2,4406,0,3,4411,T
6-NA,1188,28,2,0,4384,4414,C
6-NA,1189,4413,1,5,0,4419,A
6-NA,1190,0,4411,1,1,4413,T
6-NA,1191,4437,0,0,0,4437,A
6-NA,1192,0,0,4466,0,4466,G
6-NA,1193,0,4438,1,0,4439,T
6-NA,1194,0,4286,0,0,4286,T
6-NA,1195,2,10,4098,0,4110,G
6-NA,1196,9,2,4021,0,4032,G
6-NA,1197,1,0,0,4035,4036,C
6-NA,1198,4061,0,1,1,4063,A
6-NA,1199,0,2,4104,0,4106,G
6-NA,1200,4046,2,3,0,4051,A
6-NA,1201,4,3,4214,0,4221,G
6-NA,1202,2,0,4231,0,4233,G
6-NA,1203,1,4203,0,2,4206,T
6-NA,1204,4193,2,2,0,4197,A
6-NA,1205,4190,0,2,0,4192,A
6-NA,1206,0,4168,0,1,4169,T
6-NA,1207,4171,0,2,0,4173,A
6-NA,1208,0,7,4086,0,4093,G
6-NA,1209,0,2,3982,0,3984,G
6-NA,1210,1,3389,1,0,3391,T
6-NA,1211,7,0,0,3349,3356,C
6-NA,1212,6,4,1,3322,3333,C
6-NA,1213,2,5,3347,0,3354,G
6-NA,1214,1,2,3360,0,3363,G
6-NA,1215,0,3347,0,1,3348,T
6-NA,1216,0,3332,0,0,3332,T
6-NA,1217,3253,1,0,0,3254,A
6-NA,1218,1,3160,0,0,3161,T
6-NA,1219,0,3174,0,0,3174,T
6-NA,1220,4,0,0,3142,3146,C
6-NA,1221,0,2983,0,0,2983,T
6-NA,1222,3,4,2969,0,2976,G
6-NA,1223,1,0,2985,0,2986,G
6-NA,1224,0,2973,0,1,2974,T
6-NA,1225,2978,0,0,0,2978,A
6-NA,1226,0,2906,0,6,2912,T
6-NA,1227,0,2910,1,4,2915,T
6-NA,1228,0,2908,0,2,2910,T
6-NA,1229,1,2918,0,1,2920,T
6-NA,1230,6,0,0,2917,2923,C
6-NA,1231,1,2855,0,3,2859,T
6-NA,1232,1,0,0,2892,2893,C
6-NA,1233,0,2883,0,0,2883,T
6-NA,1234,3,0,2951,0,2954,G
6-NA,1235,1,2940,0,2,2943,T
6-NA,1236,0,2919,0,1,2920,T
6-NA,1237,7,2,2918,0,2927,G
6-NA,1238,2903,0,6,1,2910,A
6-NA,1239,2903,0,3,0,2906,A
6-NA,1240,1,5,2918,1,2925,G
6-NA,1241,1,0,2901,0,2902,G
6-NA,1242,1,0,1,2908,2910,C
6-NA,1243,2853,0,0,0,2853,A
6-NA,1244,2864,1,1,0,2866,A
6-NA,1245,2868,0,0,0,2868,A
6-NA,1246,2860,0,6,0,2866,A
6-NA,1247,1,0,2862,0,2863,G
6-NA,1248,0,1,0,2857,2858,C
6-NA,1249,1,2816,0,2,2819,T
6-NA,1250,2,1,2845,0,2848,G
6-NA,1251,1,1,0,2845,2847,C
6-NA,1252,2866,0,2,0,2868,A
6-NA,1253,1,2844,1,1,2847,T
6-NA,1254,3,0,0,2824,2827,C
6-NA,1255,2811,0,0,0,2811,A
6-NA,1256,2810,0,0,0,2810,A
6-NA,1257,0,2782,0,0,2782,T
6-NA,1258,4,0,0,2812,2816,C
6-NA,1259,1,1,2774,0,2776,G
6-NA,1260,1,0,2837,0,2838,G
6-NA,1261,0,2812,0,4,2816,T
6-NA,1262,0,0,2831,0,2831,G
6-NA,1263,4,3,0,2830,2837,C
6-NA,1264,1,2831,0,3,2835,T
6-NA,1265,0,2870,0,1,2871,T
6-NA,1266,0,2865,1,0,2866,T
6-NA,1267,0,2882,0,0,2882,T
6-NA,1268,2887,0,0,0,2887,A
6-NA,1269,0,2770,1,0,2771,T
6-NA,1270,1,0,2778,0,2779,G
6-NA,1271,0,2745,0,4,2749,T
6-NA,1272,1,2,2726,0,2729,G
6-NA,1273,0,8,2753,0,2761,G
6-NA,1274,2687,0,1,0,2688,A
6-NA,1275,4,1,2718,0,2723,G
6-NA,1276,0,2700,0,0,2700,T
6-NA,1277,0,2692,0,2,2694,T
6-NA,1278,0,3,2714,0,2717,G
6-NA,1279,2704,1,3,0,2708,A
6-NA,1280,0,2712,0,0,2712,T
6-NA,1281,2684,0,1,0,2685,A
6-NA,1282,2606,0,4,0,2610,A
6-NA,1283,2,1,2620,0,2623,G
6-NA,1284,6,3,2570,1,2580,G
6-NA,1285,1,2,2572,0,2575,G
6-NA,1286,0,4,2562,0,2566,G
6-NA,1287,2542,0,0,0,2542,A
6-NA,1288,2533,0,3,0,2536,A
6-NA,1289,1,2,2555,0,2558,G
6-NA,1290,2550,0,1,0,2551,A
6-NA,1291,2549,0,0,0,2549,A
6-NA,1292,2526,0,0,0,2526,A
6-NA,1293,2488,0,3,0,2491,A
6-NA,1294,0,1,2492,0,2493,G
6-NA,1295,2469,0,0,0,2469,A
6-NA,1296,0,0,2467,0,2467,G
6-NA,1297,0,6,2456,0,2462,G
6-NA,1298,2445,0,0,0,2445,A
6-NA,1299,2440,0,0,0,2440,A
6-NA,1300,2436,0,0,0,2436,A
6-NA,1301,0,0,0,2458,2458,C
6-NA,1302,0,2423,0,0,2423,T
6-NA,1303,0,1,2442,0,2443,G
6-NA,1304,2443,0,1,0,2444,A
6-NA,1305,2436,0,1,0,2437,A
6-NA,1306,0,0,2449,0,2449,G
6-NA,1307,0,2406,0,0,2406,T
6-NA,1308,8,0,0,2454,2462,C
6-NA,1309,0,2441,0,1,2442,T
6-NA,1310,0,2439,0,0,2439,T
6-NA,1311,0,0,2451,0,2451,G
6-NA,1312,0,2446,0,1,2447,T
6-NA,1313,0,6,2437,0,2443,G
6-NA,1314,0,4,2432,0,2436,G
6-NA,1315,2379,0,3,0,2382,A
6-NA,1316,0,1,0,2388,2389,C
6-NA,1317,2297,0,2,1,2300,A
6-NA,1318,0,2273,0,0,2273,T
6-NA,1319,2,0,0,2287,2289,C
6-NA,1320,1,8,2287,0,2296,G
6-NA,1321,2330,0,1,0,2331,A
6-NA,1322,2342,0,0,0,2342,A
6-NA,1323,0,1,0,2354,2355,C
6-NA,1324,2310,0,1,0,2311,A
6-NA,1325,0,0,2362,0,2362,G
6-NA,1326,0,2347,0,0,2347,T
6-NA,1327,2332,0,1,0,2333,A
6-NA,1328,0,2329,0,0,2329,T
6-NA,1329,3,2215,0,1,2219,T
6-NA,1330,0,1,2228,0,2229,G
6-NA,1331,0,2207,0,1,2208,T
6-NA,1332,11,5,0,2022,2038,C
6-NA,1333,0,0,2054,0,2054,G
6-NA,1334,0,2049,0,2,2051,T
6-NA,1335,1,1,2056,0,2058,G
6-NA,1336,0,2053,1,2,2056,T
6-NA,1337,1,2031,0,0,2032,T
6-NA,1338,0,2035,0,0,2035,T
6-NA,1339,0,1992,0,0,1992,T
6-NA,1340,1,0,1996,0,1997,G
6-NA,1341,1,1984,0,1,1986,T
6-NA,1342,1,3,1975,0,1979,G
6-NA,1343,2,0,1970,0,1972,G
6-NA,1344,0,0,1,1955,1956,C
6-NA,1345,1911,0,3,0,1914,A
6-NA,1346,2,0,0,1949,1951,C
6-NA,1347,5,1,0,1953,1959,C
6-NA,1348,0,1932,0,3,1935,T
6-NA,1349,6,1,0,1950,1957,C
6-NA,1350,1947,0,4,0,1951,A
6-NA,1351,0,3,1959,0,1962,G
6-NA,1352,0,0,1959,0,1959,G
6-NA,1353,0,1944,0,1,1945,T
6-NA,1354,1934,0,0,0,1934,A
6-NA,1355,2,0,0,1841,1843,C
6-NA,1356,1820,0,1,0,1821,A
6-NA,1357,1,1817,0,0,1818,T
6-NA,1358,1757,0,4,0,1761,A
6-NA,1359,0,1756,0,1,1757,T
6-NA,1360,3,2,1638,0,1643,G
6-NA,1361,1,3,1635,0,1639,G
6-NA,1362,1637,0,0,0,1637,A
6-NA,1363,1615,0,0,0,1615,A
6-NA,1364,0,0,0,1619,1619,C
6-NA,1365,1310,0,0,0,1310,A
6-NA,1366,0,0,1310,0,1310,G
6-NA,1367,0,1,1298,0,1299,G
6-NA,1368,0,0,0,1301,1301,C
6-NA,1369,0,1295,0,0,1295,T
6-NA,1370,4,0,0,1237,1241,C
6-NA,1371,1232,1,0,0,1233,A
6-NA,1372,0,1235,0,0,1235,T
6-NA,1373,1,0,1236,0,1237,G
6-NA,1374,1,0,1235,0,1236,G
6-NA,1375,0,0,0,1181,1181,C
6-NA,1376,2,0,0,1176,1178,C
6-NA,1377,0,1099,0,0,1099,T
6-NA,1378,1,0,1100,0,1101,G
6-NA,1379,1099,0,0,0,1099,A
6-NA,1380,0,1099,0,0,1099,T
6-NA,1381,0,0,1074,0,1074,G
6-NA,1382,0,0,1054,0,1054,G
6-NA,1383,0,1,993,0,994,G
6-NA,1384,0,0,998,0,998,G
6-NA,1385,0,0,0,961,961,C
6-NA,1386,0,2,967,0,969,G
6-NA,1387,1,0,961,0,962,G
6-NA,1388,947,0,2,0,949,A
6-NA,1389,0,0,0,943,943,C
6-NA,1390,943,1,0,0,944,A
6-NA,1391,0,920,0,0,920,T
6-NA,1392,0,0,0,901,901,C
6-NA,1393,906,0,0,0,906,A
6-NA,1394,898,0,2,0,900,A
6-NA,1395,0,900,0,0,900,T
6-NA,1396,0,0,0,880,880,C
6-NA,1397,0,839,0,0,839,T
6-NA,1398,2,0,0,728,730,C
6-NA,1399,732,0,0,0,732,A
6-NA,1400,0,714,0,0,714,T
6-NA,1401,0,0,713,0,713,G
6-NA,1402,0,0,1,709,710,C
6-NA,1403,1,0,0,686,687,C
6-NA,1404,0,609,0,0,609,T
6-NA,1405,602,0,0,0,602,A
6-NA,1406,0,600,0,0,600,T
6-NA,1407,591,0,0,0,591,A
6-NA,1408,0,589,0,0,589,T
6-NA,1409,530,0,0,0,530,A
6-NA,1410,504,0,0,0,504,A
7-M,1,64,0,0,0,64,A
7-M,2,0,63,0,0,63,T
7-M,3,0,0,64,0,64,G
7-M,4,64,0,0,0,64,A
7-M,5,0,0,71,0,71,G
7-M,6,0,0,0,77,77,C
7-M,7,0,0,0,81,81,C
7-M,8,0,112,0,0,112,T
7-M,9,0,110,0,0,110,T
7-M,10,0,0,0,111,111,C
7-M,11,0,112,0,0,112,T
7-M,12,115,0,0,0,115,A
7-M,13,116,0,0,0,116,A
7-M,14,0,0,0,115,115,C
7-M,15,0,0,0,116,116,C
7-M,16,0,0,114,0,114,G
7-M,17,109,0,0,0,109,A
7-M,18,0,0,115,0,115,G
7-M,19,0,0,119,0,119,G
7-M,20,0,115,0,0,115,T
7-M,21,0,0,0,119,119,C
7-M,22,0,1,118,0,119,G
7-M,23,125,0,0,0,125,A
7-M,24,127,0,0,0,127,A
7-M,25,126,0,0,0,126,A
7-M,26,0,1,0,138,139,C
7-M,27,0,0,144,0,144,G
7-M,28,0,146,0,0,146,T
7-M,29,146,0,0,0,146,A
7-M,30,0,148,0,0,148,T
7-M,31,0,0,148,0,148,G
7-M,32,0,150,0,0,150,T
7-M,33,0,158,0,0,158,T
7-M,34,0,0,0,163,163,C
7-M,35,0,160,0,0,160,T
7-M,36,1,0,0,167,168,C
7-M,37,0,170,0,0,170,T
7-M,38,0,0,0,180,180,C
7-M,39,0,179,0,0,179,T
7-M,40,180,0,0,0,180,A
7-M,41,0,180,0,0,180,T
7-M,42,0,0,0,183,183,C
7-M,43,1,0,184,0,185,G
7-M,44,0,189,0,0,189,T
7-M,45,0,187,0,0,187,T
7-M,46,2,0,0,191,193,C
7-M,47,1,0,0,198,199,C
7-M,48,202,0,0,0,202,A
7-M,49,0,201,0,0,201,T
7-M,50,1,0,0,201,202,C
7-M,51,202,0,0,0,202,A
7-M,52,0,0,204,0,204,G
7-M,53,0,0,204,0,204,G
7-M,54,0,0,0,204,204,C
7-M,55,0,0,0,199,199,C
7-M,56,0,0,0,203,203,C
7-M,57,0,0,0,211,211,C
7-M,58,0,0,0,215,215,C
7-M,59,0,214,0,1,215,T
7-M,60,0,0,0,216,216,C
7-M,61,216,0,0,0,216,A
7-M,62,216,0,0,0,216,A
7-M,63,219,0,0,0,219,A
7-M,64,0,0,227,0,227,G
7-M,65,0,0,0,225,225,C
7-M,66,0,0,0,222,222,C
7-M,67,0,0,224,0,224,G
7-M,68,224,0,0,0,224,A
7-M,69,0,1,225,0,226,G
7-M,70,225,0,0,0,225,A
7-M,71,0,227,0,0,227,T
7-M,72,0,1,0,226,227,C
7-M,73,0,0,228,0,228,G
7-M,74,0,1,0,230,231,C
7-M,75,1,0,228,0,229,G
7-M,76,0,1,0,230,231,C
7-M,77,229,0,0,0,229,A
7-M,78,0,0,235,0,235,G
7-M,79,232,0,0,0,232,A
7-M,80,0,1,256,0,257,G
7-M,81,254,1,0,0,255,A
7-M,82,0,0,0,262,262,C
7-M,83,0,260,0,0,260,T
7-M,84,0,260,0,0,260,T
7-M,85,0,0,260,0,260,G
7-M,86,258,0,0,0,258,A
7-M,87,260,0,0,0,260,A
7-M,88,0,1,260,0,261,G
7-M,89,256,0,0,0,256,A
7-M,90,0,261,0,0,261,T
7-M,91,1,0,266,0,267,G
7-M,92,0,265,0,0,265,T
7-M,93,0,0,0,270,270,C
7-M,94,0,267,0,0,267,T
7-M,95,0,269,0,0,269,T
7-M,96,0,268,0,0,268,T
7-M,97,0,0,266,0,266,G
7-M,98,0,0,0,268,268,C
7-M,99,0,266,0,0,266,T
7-M,100,0,0,268,0,268,G
7-M,101,0,1,269,0,270,G
7-M,102,0,1,273,0,274,G
7-M,103,274,0,0,0,274,A
7-M,104,273,0,0,0,273,A
7-M,105,276,0,0,0,276,A
7-M,106,277,0,0,0,277,A
7-M,107,278,0,1,0,279,A
7-M,108,0,0,0,280,280,C
7-M,109,276,0,0,0,276,A
7-M,110,0,0,0,281,281,C
7-M,111,273,0,1,0,274,A
7-M,112,0,0,284,0,284,G
7-M,113,290,0,0,0,290,A
7-M,114,0,295,0,0,295,T
7-M,115,1,0,0,297,298,C
7-M,116,0,295,0,0,295,T
7-M,117,0,294,0,0,294,T
7-M,118,0,1,291,0,292,G
7-M,119,290,0,1,0,291,A
7-M,120,0,1,293,0,294,G
7-M,121,0,0,292,0,292,G
7-M,122,0,0,0,305,305,C
7-M,123,1,306,0,1,308,T
7-M,124,2,0,0,344,346,C
7-M,125,0,343,0,0,343,T
7-M,126,2,0,0,346,348,C
7-M,127,349,0,0,0,349,A
7-M,128,0,347,0,0,347,T
7-M,129,0,0,347,0,347,G
7-M,130,0,0,348,0,348,G
7-M,131,337,0,0,0,337,A
7-M,132,0,0,325,0,325,G
7-M,133,0,330,0,0,330,T
7-M,134,0,0,354,0,354,G
7-M,135,0,0,366,0,366,G
7-M,136,0,0,0,369,369,C
7-M,137,0,368,0,0,368,T
7-M,138,369,0,0,0,369,A
7-M,139,367,0,0,0,367,A
7-M,140,375,0,1,0,376,A
7-M,141,0,0,379,0,379,G
7-M,142,381,0,0,0,381,A
7-M,143,0,0,0,377,377,C
7-M,144,362,0,1,0,363,A
7-M,145,362,0,1,0,363,A
7-M,146,0,1,370,0,371,G
7-M,147,370,0,0,0,370,A
7-M,148,0,0,0,373,373,C
7-M,149,3,0,0,367,370,C
7-M,150,370,0,0,0,370,A
7-M,151,379,0,0,0,379,A
7-M,152,0,379,0,0,379,T
7-M,153,0,382,0,0,382,T
7-M,154,0,0,0,388,388,C
7-M,155,0,383,0,0,383,T
7-M,156,0,0,385,0,385,G
7-M,157,0,385,0,0,385,T
7-M,158,2,0,0,383,385,C
7-M,159,383,0,0,0,383,A
7-M,160,0,0,0,394,394,C
7-M,161,0,0,0,397,397,C
7-M,162,0,393,0,1,394,T
7-M,163,2,0,0,392,394,C
7-M,164,0,395,0,0,395,T
7-M,165,0,0,413,0,413,G
7-M,166,408,0,0,0,408,A
7-M,167,0,0,0,412,412,C
7-M,168,0,414,0,0,414,T
7-M,169,408,0,0,0,408,A
7-M,170,408,0,0,0,408,A
7-M,171,0,1,406,0,407,G
7-M,172,0,0,408,0,408,G
7-M,173,0,1,408,0,409,G
7-M,174,0,1,407,0,408,G
7-M,175,410,0,0,0,410,A
7-M,176,0,414,0,0,414,T
7-M,177,0,417,0,0,417,T
7-M,178,0,416,0,0,416,T
7-M,179,0,417,0,1,418,T
7-M,180,0,0,416,0,416,G
7-M,181,0,1,417,0,418,G
7-M,182,0,0,417,0,417,G
7-M,183,0,0,417,0,417,G
7-M,184,0,409,0,0,409,T
7-M,185,0,415,0,1,416,T
7-M,186,0,413,0,0,413,T
7-M,187,0,0,421,0,421,G
7-M,188,0,420,0,0,420,T
7-M,189,0,0,429,0,429,G
7-M,190,0,425,0,0,425,T
7-M,191,0,428,0,0,428,T
7-M,192,0,0,0,429,429,C
7-M,193,428,0,0,0,428,A
7-M,194,0,0,0,441,441,C
7-M,195,1,0,429,0,430,G
7-M,196,1,0,0,433,434,C
7-M,197,0,429,0,0,429,T
7-M,198,2,0,0,448,450,C
7-M,199,447,0,0,0,447,A
7-M,200,0,0,0,448,448,C
7-M,201,0,0,0,449,449,C
7-M,202,0,0,451,0,451,G
7-M,203,0,448,0,0,448,T
7-M,204,0,0,461,0,461,G
7-M,205,0,0,0,458,458,C
7-M,206,2,1,0,456,459,C
7-M,207,0,0,0,462,462,C
7-M,208,455,0,1,0,456,A
7-M,209,0,0,465,0,465,G
7-M,210,0,462,0,0,462,T
7-M,211,0,1,474,0,475,G
7-M,212,478,0,0,0,478,A
7-M,213,0,0,474,0,474,G
7-M,214,0,0,0,478,478,C
7-M,215,0,0,483,0,483,G
7-M,216,476,0,1,0,477,A
7-M,217,0,1,478,0,479,G
7-M,218,0,1,482,0,483,G
7-M,219,484,0,0,0,484,A
7-M,220,0,0,0,495,495,C
7-M,221,0,491,0,0,491,T
7-M,222,0,0,494,0,494,G
7-M,223,0,0,0,490,490,C
7-M,224,494,0,0,0,494,A
7-M,225,0,0,503,0,503,G
7-M,226,0,0,0,503,503,C
7-M,227,0,0,503,0,503,G
7-M,228,0,501,0,1,502,T
7-M,229,501,0,0,0,501,A
7-M,230,2,0,493,0,495,G
7-M,231,499,0,0,0,499,A
7-M,232,0,0,0,503,503,C
7-M,233,0,0,501,0,501,G
7-M,234,0,0,0,499,499,C
7-M,235,0,493,0,0,493,T
7-M,236,0,492,0,0,492,T
7-M,237,0,491,0,0,491,T
7-M,238,0,0,497,0,497,G
7-M,239,0,500,0,0,500,T
7-M,240,1,0,0,496,497,C
7-M,241,0,0,0,497,497,C
7-M,242,497,0,1,0,498,A
7-M,243,499,0,0,0,499,A
7-M,244,500,0,1,0,501,A
7-M,245,498,0,0,0,498,A
7-M,246,0,494,0,0,494,T
7-M,247,0,0,494,0,494,G
7-M,248,0,0,0,492,492,C
7-M,249,0,0,0,486,486,C
7-M,250,0,0,0,492,492,C
7-M,251,0,497,0,0,497,T
7-M,252,1,0,0,513,514,C
7-M,253,517,0,0,0,517,A
7-M,254,515,0,0,0,515,A
7-M,255,0,522,0,0,522,T
7-M,256,0,1,524,0,525,G
7-M,257,0,3,523,0,526,G
7-M,258,0,1,529,0,530,G
7-M,259,525,0,0,0,525,A
7-M,260,521,0,0,0,521,A
7-M,261,0,508,0,0,508,T
7-M,262,0,1,504,0,505,G
7-M,263,0,1,506,0,507,G
7-M,264,504,0,0,0,504,A
7-M,265,0,3,496,0,499,G
7-M,266,497,0,0,0,497,A
7-M,267,0,1,0,487,488,C
7-M,268,2,0,0,510,512,C
7-M,269,2,0,0,520,522,C
7-M,270,535,0,0,0,535,A
7-M,271,531,0,0,0,531,A
7-M,272,531,0,0,0,531,A
7-M,273,0,530,0,0,530,T
7-M,274,541,0,1,0,542,A
7-M,275,545,0,0,0,545,A
7-M,276,0,1,0,532,533,C
7-M,277,532,0,0,0,532,A
7-M,278,0,530,0,0,530,T
7-M,279,0,1,534,0,535,G
7-M,280,0,0,534,0,534,G
7-M,281,533,0,0,0,533,A
7-M,282,0,0,0,534,534,C
7-M,283,528,0,0,0,528,A
7-M,284,531,0,0,0,531,A
7-M,285,528,0,0,0,528,A
7-M,286,0,0,536,0,536,G
7-M,287,0,0,0,546,546,C
7-M,288,543,0,0,0,543,A
7-M,289,0,0,551,0,551,G
7-M,290,0,550,0,0,550,T
7-M,291,0,551,0,0,551,T
7-M,292,556,0,0,0,556,A
7-M,293,549,0,1,0,550,A
7-M,294,555,0,0,0,555,A
7-M,295,0,0,0,550,550,C
7-M,296,0,538,0,0,538,T
7-M,297,0,0,583,0,583,G
7-M,298,0,579,0,0,579,T
7-M,299,582,0,0,0,582,A
7-M,300,0,588,0,0,588,T
7-M,301,582,0,0,0,582,A
7-M,302,0,4,573,0,577,G
7-M,303,552,0,1,0,553,A
7-M,304,559,0,0,0,559,A
7-M,305,563,0,0,0,563,A
7-M,306,572,0,1,0,573,A
7-M,307,0,0,0,583,583,C
7-M,308,0,578,0,1,579,T
7-M,309,0,578,0,0,578,T
7-M,310,578,0,0,0,578,A
7-M,311,574,0,0,0,574,A
7-M,312,0,1,575,0,576,G
7-M,313,571,0,0,0,571,A
7-M,314,1,2,572,0,575,G
7-M,315,0,0,563,0,563,G
7-M,316,0,0,565,0,565,G
7-M,317,574,0,0,0,574,A
7-M,318,0,1,576,0,577,G
7-M,319,583,0,0,0,583,A
7-M,320,0,571,0,0,571,T
7-M,321,589,0,1,0,590,A
7-M,322,587,0,0,0,587,A
7-M,323,0,0,0,591,591,C
7-M,324,0,1,584,0,585,G
7-M,325,0,585,0,0,585,T
7-M,326,1,579,0,0,580,T
7-M,327,0,0,0,587,587,C
7-M,328,1,0,0,578,579,C
7-M,329,581,0,0,0,581,A
7-M,330,0,584,0,0,584,T
7-M,331,0,1,577,0,578,G
7-M,332,0,1,573,0,574,G
7-M,333,0,0,564,0,564,G
7-M,334,1,0,573,0,574,G
7-M,335,0,0,0,571,571,C
7-M,336,2,0,0,582,584,C
7-M,337,584,0,0,0,584,A
7-M,338,590,0,0,0,590,A
7-M,339,590,0,1,0,591,A
7-M,340,0,1,593,0,594,G
7-M,341,597,0,0,0,597,A
7-M,342,604,0,0,0,604,A
7-M,343,605,0,0,0,605,A
7-M,344,0,601,0,1,602,T
7-M,345,603,0,0,0,603,A
7-M,346,0,0,601,0,601,G
7-M,347,0,0,0,606,606,C
7-M,348,0,603,0,0,603,T
7-M,349,1,0,0,608,609,C
7-M,350,0,599,0,0,599,T
7-M,351,1,1,0,619,621,C
7-M,352,625,0,0,0,625,A
7-M,353,0,0,622,0,622,G
7-M,354,0,612,0,1,613,T
7-M,355,0,625,0,0,625,T
7-M,356,628,0,0,0,628,A
7-M,357,0,623,0,0,623,T
7-M,358,0,620,0,0,620,T
7-M,359,5,0,0,622,627,C
7-M,360,0,619,0,0,619,T
7-M,361,0,0,625,0,625,G
7-M,362,0,0,0,630,630,C
7-M,363,0,621,0,0,621,T
7-M,364,1,2,621,0,624,G
7-M,365,0,0,616,0,616,G
7-M,366,0,621,0,0,621,T
7-M,367,0,0,620,0,620,G
7-M,368,1,0,0,623,624,C
7-M,369,622,0,0,0,622,A
7-M,370,0,0,0,631,631,C
7-M,371,0,619,0,0,619,T
7-M,372,0,635,0,0,635,T
7-M,373,0,0,630,0,630,G
7-M,374,0,1,0,621,622,C
7-M,375,0,0,0,629,629,C
7-M,376,630,0,0,0,630,A
7-M,377,0,1,635,0,636,G
7-M,378,0,630,0,0,630,T
7-M,379,0,631,0,1,632,T
7-M,380,0,0,634,0,634,G
7-M,381,1,0,0,627,628,C
7-M,382,628,0,3,0,631,A
7-M,383,0,625,0,0,625,T
7-M,384,1,1,624,0,626,G
7-M,385,0,0,633,0,633,G
7-M,386,0,0,640,0,640,G
7-M,387,0,0,0,632,632,C
7-M,388,0,0,0,668,668,C
7-M,389,0,673,1,2,676,T
7-M,390,1,1,0,681,683,C
7-M,391,711,0,1,0,712,A
7-M,392,0,719,0,0,719,T
7-M,393,738,0,0,0,738,A
7-M,394,0,736,0,0,736,T
7-M,395,726,1,1,0,728,A
7-M,396,1,0,0,766,767,C
7-M,397,736,0,0,1,737,A
7-M,398,736,0,0,0,736,A
7-M,399,0,728,0,0,728,T
7-M,400,693,0,1,0,694,A
7-M,401,0,1,708,0,709,G
7-M,402,0,0,688,0,688,G
7-M,403,684,0,0,0,684,A
7-M,404,0,687,0,0,687,T
7-M,405,0,2,659,0,661,G
7-M,406,0,0,656,0,656,G
7-M,407,0,1,654,0,655,G
7-M,408,0,0,665,0,665,G
7-M,409,0,0,663,0,663,G
7-M,410,0,0,0,658,658,C
7-M,411,0,660,0,0,660,T
7-M,412,0,0,662,0,662,G
7-M,413,1,660,0,3,664,T
7-M,414,665,0,0,0,665,A
7-M,415,655,1,0,0,656,A
7-M,416,0,0,0,664,664,C
7-M,417,1,0,0,648,649,C
7-M,418,652,0,0,0,652,A
7-M,419,0,0,0,654,654,C
7-M,420,0,650,0,0,650,T
7-M,421,0,0,653,0,653,G
7-M,422,651,0,0,0,651,A
7-M,423,650,0,1,0,651,A
7-M,424,2,0,648,0,650,G
7-M,425,0,642,0,0,642,T
7-M,426,0,1,640,0,641,G
7-M,427,1,0,645,0,646,G
7-M,428,0,0,1,651,652,C
7-M,429,651,0,0,0,651,A
7-M,430,0,648,0,0,648,T
7-M,431,0,647,0,0,647,T
7-M,432,0,645,0,0,645,T
7-M,433,0,0,647,0,647,G
7-M,434,1,0,647,0,648,G
7-M,435,1,1,0,643,645,C
7-M,436,2,0,0,649,651,C
7-M,437,0,644,0,1,645,T
7-M,438,0,0,671,0,671,G
7-M,439,0,1,680,0,681,G
7-M,440,0,678,0,0,678,T
7-M,441,686,0,0,0,686,A
7-M,442,0,670,0,0,670,T
7-M,443,0,0,686,0,686,G
7-M,444,0,685,0,0,685,T
7-M,445,0,0,694,0,694,G
7-M,446,0,0,0,684,684,C
7-M,447,667,0,0,0,667,A
7-M,448,655,0,4,0,659,A
7-M,449,0,0,0,660,660,C
7-M,450,663,0,0,0,663,A
7-M,451,0,662,0,0,662,T
7-M,452,0,0,667,0,667,G
7-M,453,0,647,0,1,648,T
7-M,454,0,1,651,1,653,G
7-M,455,645,0,1,0,646,A
7-M,456,0,0,649,0,649,G
7-M,457,1,1,0,644,646,C
7-M,458,636,0,0,0,636,A
7-M,459,0,0,636,0,636,G
7-M,460,632,0,0,0,632,A
7-M,461,0,631,0,0,631,T
7-M,462,0,640,0,0,640,T
7-M,463,0,0,637,0,637,G
7-M,464,1,0,0,627,628,C
7-M,465,0,641,0,0,641,T
7-M,466,1,0,638,0,639,G
7-M,467,635,0,0,0,635,A
7-M,468,0,0,0,653,653,C
7-M,469,0,654,0,2,656,T
7-M,470,1,0,0,658,659,C
7-M,471,1,0,0,655,656,C
7-M,472,0,0,0,662,662,C
7-M,473,660,0,1,0,661,A
7-M,474,0,0,660,0,660,G
7-M,475,0,0,1,656,657,C
7-M,476,661,0,0,0,661,A
7-M,477,0,1,0,661,662,C
7-M,478,613,0,0,0,613,A
7-M,479,0,1,627,0,628,G
7-M,480,0,0,631,0,631,G
7-M,481,0,621,0,0,621,T
7-M,482,2,0,0,640,642,C
7-M,483,0,640,0,0,640,T
7-M,484,4,0,0,642,646,C
7-M,485,654,0,0,0,654,A
7-M,486,0,652,0,0,652,T
7-M,487,653,1,1,0,655,A
7-M,488,0,0,644,0,644,G
7-M,489,0,0,633,0,633,G
7-M,490,0,0,0,637,637,C
7-M,491,621,0,1,0,622,A
7-M,492,0,0,618,0,618,G
7-M,493,623,0,0,0,623,A
7-M,494,0,621,0,0,621,T
7-M,495,0,1,627,0,628,G
7-M,496,0,0,615,0,615,G
7-M,497,0,610,0,0,610,T
7-M,498,0,2,616,0,618,G
7-M,499,0,0,617,0,617,G
7-M,500,0,1,0,620,621,C
7-M,501,617,0,0,0,617,A
7-M,502,621,0,0,0,621,A
7-M,503,0,0,0,621,621,C
7-M,504,623,0,0,0,623,A
7-M,505,627,0,0,0,627,A
7-M,506,0,0,0,626,626,C
7-M,507,0,0,0,623,623,C
7-M,508,622,0,0,0,622,A
7-M,509,616,0,0,0,616,A
7-M,510,0,613,0,1,614,T
7-M,511,2,0,0,617,619,C
7-M,512,1,0,0,617,618,C
7-M,513,609,0,1,0,610,A
7-M,514,0,612,0,0,612,T
7-M,515,0,617,0,0,617,T
7-M,516,619,0,0,0,619,A
7-M,517,619,0,0,0,619,A
7-M,518,0,615,0,0,615,T
7-M,519,615,0,0,0,615,A
7-M,520,614,0,0,0,614,A
7-M,521,608,0,0,0,608,A
7-M,522,618,0,1,0,619,A
7-M,523,0,0,0,627,627,C
7-M,524,622,1,2,0,625,A
7-M,525,0,623,0,0,623,T
7-M,526,0,1,621,0,622,G
7-M,527,621,0,0,0,621,A
7-M,528,0,1,626,0,627,G
7-M,529,631,0,1,0,632,A
7-M,530,627,0,0,0,627,A
7-M,531,0,0,0,631,631,C
7-M,532,609,0,0,0,609,A
7-M,533,0,1,621,0,622,G
7-M,534,623,0,1,0,624,A
7-M,535,621,0,0,0,621,A
7-M,536,0,609,0,0,609,T
7-M,537,1,1,604,0,606,G
7-M,538,0,0,612,0,612,G
7-M,539,0,608,0,0,608,T
7-M,540,0,592,0,2,594,T
7-M,541,0,608,0,0,608,T
7-M,542,0,609,0,0,609,T
7-M,543,0,0,610,0,610,G
7-M,544,0,2,609,0,611,G
7-M,545,0,0,0,600,600,C
7-M,546,1,1,0,605,607,C
7-M,547,599,0,0,0,599,A
7-M,548,1,0,620,0,621,G
7-M,549,0,0,0,613,613,C
7-M,550,620,0,0,0,620,A
7-M,551,0,0,0,639,639,C
7-M,552,0,637,0,0,637,T
7-M,553,635,0,0,0,635,A
7-M,554,0,0,0,644,644,C
7-M,555,654,0,0,0,654,A
7-M,556,0,0,659,0,659,G
7-M,557,0,0,0,642,642,C
7-M,558,0,635,0,0,635,T
7-M,559,641,0,0,0,641,A
7-M,560,633,0,0,0,633,A
7-M,561,0,0,646,0,646,G
7-M,562,0,1,641,0,642,G
7-M,563,0,1,0,643,644,C
7-M,564,0,626,0,0,626,T
7-M,565,627,0,0,0,627,A
7-M,566,0,625,0,0,625,T
7-M,567,0,1,622,0,623,G
7-M,568,0,2,622,0,624,G
7-M,569,610,0,0,0,610,A
7-M,570,0,0,617,0,617,G
7-M,571,1,0,0,608,609,C
7-M,572,613,0,0,0,613,A
7-M,573,602,0,0,0,602,A
7-M,574,603,0,1,0,604,A
7-M,575,0,602,0,0,602,T
7-M,576,1,0,609,0,610,G
7-M,577,0,0,601,0,601,G
7-M,578,0,0,0,598,598,C
7-M,579,0,603,0,0,603,T
7-M,580,0,0,603,0,603,G
7-M,581,1,2,610,0,613,G
7-M,582,610,0,0,0,610,A
7-M,583,0,606,0,0,606,T
7-M,584,0,0,0,605,605,C
7-M,585,603,0,1,0,604,A
7-M,586,603,0,0,0,603,A
7-M,587,0,0,607,0,607,G
7-M,588,0,612,0,0,612,T
7-M,589,0,4,604,0,608,G
7-M,590,588,1,1,0,590,A
7-M,591,0,0,591,0,591,G
7-M,592,0,0,0,590,590,C
7-M,593,595,0,0,0,595,A
7-M,594,0,1,593,0,594,G
7-M,595,0,0,588,0,588,G
7-M,596,1,0,0,591,592,C
7-M,597,589,0,0,0,589,A
7-M,598,0,1,594,0,595,G
7-M,599,0,0,0,589,589,C
7-M,600,0,1,593,0,594,G
7-M,601,1,0,589,0,590,G
7-M,602,586,0,0,0,586,A
7-M,603,1,1,592,0,594,G
7-M,604,1,0,592,0,593,G
7-M,605,0,0,0,578,578,C
7-M,606,0,1,0,600,601,C
7-M,607,588,0,0,0,588,A
7-M,608,0,595,0,1,596,T
7-M,609,0,1,590,0,591,G
7-M,610,1,0,591,0,592,G
7-M,611,591,0,0,0,591,A
7-M,612,0,0,587,0,587,G
7-M,613,574,0,0,0,574,A
7-M,614,0,580,0,0,580,T
7-M,615,0,577,0,0,577,T
7-M,616,0,0,576,0,576,G
7-M,617,0,0,0,569,569,C
7-M,618,0,577,0,1,578,T
7-M,619,583,0,1,0,584,A
7-M,620,0,0,583,0,583,G
7-M,621,0,576,0,0,576,T
7-M,622,3,0,0,581,584,C
7-M,623,566,0,0,0,566,A
7-M,624,0,0,573,0,573,G
7-M,625,0,0,570,0,570,G
7-M,626,0,0,0,565,565,C
7-M,627,1,1,0,574,576,C
7-M,628,563,0,1,0,564,A
7-M,629,0,1,576,0,577,G
7-M,630,0,0,579,0,579,G
7-M,631,0,0,0,577,577,C
7-M,632,575,0,0,0,575,A
7-M,633,0,0,575,0,575,G
7-M,634,565,0,0,0,565,A
7-M,635,0,563,0,0,563,T
7-M,636,0,1,577,0,578,G
7-M,637,0,0,577,0,577,G
7-M,638,0,563,0,0,563,T
7-M,639,0,0,566,0,566,G
7-M,640,0,0,0,561,561,C
7-M,641,566,0,1,0,567,A
7-M,642,0,1,572,0,573,G
7-M,643,0,0,570,0,570,G
7-M,644,0,0,0,568,568,C
7-M,645,571,0,0,0,571,A
7-M,646,554,0,0,0,554,A
7-M,647,0,558,0,0,558,T
7-M,648,0,2,558,0,560,G
7-M,649,552,0,0,0,552,A
7-M,650,0,1,557,0,558,G
7-M,651,542,0,0,0,542,A
7-M,652,0,0,551,0,551,G
7-M,653,0,0,0,550,550,C
7-M,654,1,0,0,549,550,C
7-M,655,560,0,0,0,560,A
7-M,656,0,561,0,0,561,T
7-M,657,0,565,0,0,565,T
7-M,658,0,1,563,0,564,G
7-M,659,0,0,558,0,558,G
7-M,660,0,0,570,0,570,G
7-M,661,569,0,0,0,569,A
7-M,662,0,0,0,566,566,C
7-M,663,0,550,0,1,551,T
7-M,664,5,0,0,546,551,C
7-M,665,557,0,0,0,557,A
7-M,666,0,570,0,0,570,T
7-M,667,1,0,0,569,570,C
7-M,668,1,0,0,569,570,C
7-M,669,0,566,0,0,566,T
7-M,670,568,0,1,0,569,A
7-M,671,0,0,574,0,574,G
7-M,672,0,623,0,0,623,T
7-M,673,1,618,0,0,619,T
7-M,674,3,0,0,616,619,C
7-M,675,0,0,0,600,600,C
7-M,676,601,0,0,0,601,A
7-M,677,0,0,606,0,606,G
7-M,678,0,603,0,1,604,T
7-M,679,598,0,0,0,598,A
7-M,680,0,0,0,598,598,C
7-M,681,0,526,0,0,526,T
7-M,682,0,0,551,1,552,G
7-M,683,0,2,565,0,567,G
7-M,684,0,569,0,0,569,T
7-M,685,3,0,0,561,564,C
7-M,686,0,565,0,0,565,T
7-M,687,562,0,0,0,562,A
7-M,688,561,0,0,0,561,A
7-M,689,0,0,566,0,566,G
7-M,690,556,0,0,0,556,A
7-M,691,0,1,540,0,541,G
7-M,692,513,0,0,0,513,A
7-M,693,0,514,0,1,515,T
7-M,694,0,1,512,0,513,G
7-M,695,508,0,0,0,508,A
7-M,696,0,510,0,0,510,T
7-M,697,1,0,0,508,509,C
7-M,698,0,506,0,0,506,T
7-M,699,0,507,0,0,507,T
7-M,700,1,0,0,508,509,C
7-M,701,0,508,0,0,508,T
7-M,702,0,511,0,0,511,T
7-M,703,0,0,510,0,510,G
7-M,704,508,0,0,0,508,A
7-M,705,508,0,0,0,508,A
7-M,706,508,0,0,0,508,A
7-M,707,511,0,0,0,511,A
7-M,708,0,504,0,0,504,T
7-M,709,0,512,0,0,512,T
7-M,710,0,512,0,0,512,T
7-M,711,0,0,508,0,508,G
7-M,712,0,1,0,506,507,C
7-M,713,511,0,1,0,512,A
7-M,714,0,0,508,0,508,G
7-M,715,505,0,0,0,505,A
7-M,716,0,1,0,512,513,C
7-M,717,0,0,0,512,512,C
7-M,718,1,511,0,0,512,T
7-M,719,518,0,0,0,518,A
7-M,720,0,515,0,0,515,T
7-M,721,0,0,0,514,514,C
7-M,722,518,0,0,0,518,A
7-M,723,0,2,514,0,516,G
7-M,724,510,0,0,0,510,A
7-M,725,498,0,0,0,498,A
7-M,726,499,0,0,0,499,A
7-M,727,0,0,0,501,501,C
7-M,728,0,0,501,0,501,G
7-M,729,495,0,0,0,495,A
7-M,730,494,0,0,0,494,A
7-M,731,0,494,0,0,494,T
7-M,732,1,0,493,0,494,G
7-M,733,0,0,499,0,499,G
7-M,734,0,1,499,0,500,G
7-M,735,0,0,497,0,497,G
7-M,736,1,0,498,0,499,G
7-M,737,0,492,0,0,492,T
7-M,738,0,0,490,0,490,G
7-M,739,0,0,0,491,491,C
7-M,740,491,1,0,0,492,A
7-M,741,0,0,491,0,491,G
7-M,742,486,0,0,0,486,A
7-M,743,0,485,0,0,485,T
7-M,744,0,0,479,0,479,G
7-M,745,0,0,0,474,474,C
7-M,746,475,0,1,0,476,A
7-M,747,475,0,0,0,475,A
7-M,748,0,0,0,480,480,C
7-M,749,0,1,484,0,485,G
7-M,750,484,0,0,0,484,A
7-M,751,0,481,0,1,482,T
7-M,752,0,487,0,0,487,T
7-M,753,4,0,0,486,490,C
7-M,754,476,0,0,0,476,A
7-M,755,476,0,1,0,477,A
7-M,756,0,0,475,0,475,G
7-M,757,0,471,0,0,471,T
7-M,758,0,2,459,1,462,G
7-M,759,461,0,1,0,462,A
7-M,760,1,0,0,457,458,C
7-M,761,1,0,0,455,456,C
7-M,762,0,0,0,456,456,C
7-M,763,0,0,460,0,460,G
7-M,764,0,0,0,456,456,C
7-M,765,0,459,0,0,459,T
7-M,766,0,464,0,0,464,T
7-M,767,0,0,464,0,464,G
7-M,768,0,456,0,0,456,T
7-M,769,0,455,0,2,457,T
7-M,770,0,0,453,0,453,G
7-M,771,0,437,0,1,438,T
7-M,772,0,440,0,0,440,T
7-M,773,0,1,436,0,437,G
7-M,774,0,0,0,431,431,C
7-M,775,1,0,0,431,432,C
7-M,776,0,0,431,0,431,G
7-M,777,0,0,0,427,427,C
7-M,778,0,1,433,0,434,G
7-M,779,433,0,0,0,433,A
7-M,780,434,0,0,0,434,A
7-M,781,0,434,0,0,434,T
7-M,782,436,0,1,0,437,A
7-M,783,0,443,0,0,443,T
7-M,784,0,0,0,446,446,C
7-M,785,446,0,0,0,446,A
7-M,786,0,445,0,0,445,T
7-M,787,0,444,0,0,444,T
7-M,788,1,4,438,0,443,G
7-M,789,0,0,439,0,439,G
7-M,790,0,3,435,0,438,G
7-M,791,435,0,0,0,435,A
7-M,792,0,431,0,0,431,T
7-M,793,0,0,0,419,419,C
7-M,794,0,417,0,1,418,T
7-M,795,1,418,0,2,421,T
7-M,796,0,0,423,0,423,G
7-M,797,0,0,0,422,422,C
7-M,798,420,0,0,0,420,A
7-M,799,0,0,0,423,423,C
7-M,800,0,418,0,0,418,T
7-M,801,0,416,0,0,416,T
7-M,802,0,0,416,0,416,G
7-M,803,426,0,0,0,426,A
7-M,804,0,428,0,0,428,T
7-M,805,415,0,0,0,415,A
7-M,806,0,415,0,0,415,T
7-M,807,0,407,0,0,407,T
7-M,808,0,0,411,0,411,G
7-M,809,0,409,0,0,409,T
7-M,810,1,0,407,0,408,G
7-M,811,2,2,404,0,408,G
7-M,812,392,0,0,0,392,A
7-M,813,0,397,0,0,397,T
7-M,814,0,396,0,0,396,T
7-M,815,0,0,0,394,394,C
7-M,816,0,399,0,0,399,T
7-M,817,0,397,0,0,397,T
7-M,818,0,0,395,0,395,G
7-M,819,387,0,0,0,387,A
7-M,820,0,392,0,0,392,T
7-M,821,1,0,0,386,387,C
7-M,822,0,0,386,0,386,G
7-M,823,0,386,0,0,386,T
7-M,824,0,0,0,383,383,C
7-M,825,0,384,0,0,384,T
7-M,826,0,383,0,1,384,T
7-M,827,0,380,0,0,380,T
7-M,828,0,386,0,0,386,T
7-M,829,0,386,0,0,386,T
7-M,830,0,386,0,0,386,T
7-M,831,0,383,0,0,383,T
7-M,832,1,0,0,385,386,C
7-M,833,385,0,0,0,385,A
7-M,834,384,0,0,0,384,A
7-M,835,387,0,0,0,387,A
7-M,836,0,383,0,0,383,T
7-M,837,0,0,386,0,386,G
7-M,838,0,1,0,384,385,C
7-M,839,0,0,385,0,385,G
7-M,840,0,390,0,0,390,T
7-M,841,0,0,0,394,394,C
7-M,842,0,389,0,1,390,T
7-M,843,388,0,0,0,388,A
7-M,844,0,384,0,0,384,T
7-M,845,2,0,0,388,390,C
7-M,846,0,1,388,0,389,G
7-M,847,383,0,0,0,383,A
7-M,848,0,0,0,383,383,C
7-M,849,0,369,0,0,369,T
7-M,850,0,0,0,378,378,C
7-M,851,0,378,0,0,378,T
7-M,852,0,373,0,1,374,T
7-M,853,0,0,0,378,378,C
7-M,854,374,0,0,0,374,A
7-M,855,377,0,0,0,377,A
7-M,856,376,0,0,0,376,A
7-M,857,0,0,0,374,374,C
7-M,858,366,0,0,0,366,A
7-M,859,0,0,0,351,351,C
7-M,860,0,1,338,0,339,G
7-M,861,0,0,350,0,350,G
7-M,862,1,0,0,345,346,C
7-M,863,0,0,0,350,350,C
7-M,864,0,349,0,1,350,T
7-M,865,0,353,0,0,353,T
7-M,866,352,0,0,0,352,A
7-M,867,358,0,0,0,358,A
7-M,868,357,0,0,0,357,A
7-M,869,356,0,0,0,356,A
7-M,870,0,0,353,0,353,G
7-M,871,305,0,0,0,305,A
7-M,872,0,0,303,0,303,G
7-M,873,0,1,299,0,300,G
7-M,874,0,0,0,296,296,C
7-M,875,1,0,0,288,289,C
7-M,876,0,0,0,300,300,C
7-M,877,0,305,0,0,305,T
7-M,878,0,302,0,0,302,T
7-M,879,0,0,0,305,305,C
7-M,880,0,306,0,0,306,T
7-M,881,302,0,0,0,302,A
7-M,882,0,0,0,306,306,C
7-M,883,0,0,301,0,301,G
7-M,884,0,0,299,0,299,G
7-M,885,294,0,0,0,294,A
7-M,886,295,0,0,0,295,A
7-M,887,0,0,289,0,289,G
7-M,888,0,1,284,0,285,G
7-M,889,286,0,0,0,286,A
7-M,890,0,0,283,0,283,G
7-M,891,0,285,0,0,285,T
7-M,892,284,0,0,0,284,A
7-M,893,0,1,0,277,278,C
7-M,894,0,0,0,281,281,C
7-M,895,0,277,0,0,277,T
7-M,896,0,0,278,0,278,G
7-M,897,267,0,0,0,267,A
7-M,898,0,0,275,0,275,G
7-M,899,0,267,0,0,267,T
7-M,900,0,0,0,263,263,C
7-M,901,0,252,0,0,252,T
7-M,902,252,0,0,0,252,A
7-M,903,0,250,0,0,250,T
7-M,904,0,0,250,0,250,G
7-M,905,248,0,1,0,249,A
7-M,906,0,0,248,0,248,G
7-M,907,1,0,227,0,228,G
7-M,908,0,0,230,0,230,G
7-M,909,229,0,1,0,230,A
7-M,910,227,0,0,0,227,A
7-M,911,0,0,228,0,228,G
7-M,912,224,0,0,0,224,A
7-M,913,231,0,0,0,231,A
7-M,914,0,227,0,0,227,T
7-M,915,222,0,0,0,222,A
7-M,916,0,222,0,0,222,T
7-M,917,0,7,0,206,213,C
7-M,918,0,0,217,0,217,G
7-M,919,216,0,0,0,216,A
7-M,920,209,0,0,0,209,A
7-M,921,213,0,0,0,213,A
7-M,922,0,0,210,0,210,G
7-M,923,0,2,213,0,215,G
7-M,924,215,0,0,0,215,A
7-M,925,214,0,0,0,214,A
7-M,926,0,0,0,213,213,C
7-M,927,212,0,0,0,212,A
7-M,928,0,0,212,0,212,G
7-M,929,0,0,0,212,212,C
7-M,930,214,0,0,0,214,A
7-M,931,0,0,214,0,214,G
7-M,932,198,0,0,0,198,A
7-M,933,198,0,0,0,198,A
7-M,934,0,197,0,0,197,T
7-M,935,0,0,198,0,198,G
7-M,936,0,0,0,197,197,C
7-M,937,0,183,0,1,184,T
7-M,938,0,0,180,0,180,G
7-M,939,0,182,0,0,182,T
7-M,940,0,0,178,0,178,G
7-M,941,0,0,182,0,182,G
7-M,942,177,0,0,0,177,A
7-M,943,0,176,0,0,176,T
7-M,944,0,0,161,0,161,G
7-M,945,0,0,0,162,162,C
7-M,946,0,151,0,0,151,T
7-M,947,0,0,147,0,147,G
7-M,948,147,0,0,0,147,A
7-M,949,0,0,0,145,145,C
7-M,950,0,0,143,0,143,G
7-M,951,137,0,0,0,137,A
7-M,952,0,0,0,137,137,C
7-M,953,134,0,0,0,134,A
7-M,954,0,0,134,0,134,G
7-M,955,0,132,0,0,132,T
7-M,956,1,0,0,130,131,C
7-M,957,130,0,0,0,130,A
7-M,958,0,130,0,0,130,T
7-M,959,0,130,0,0,130,T
7-M,960,0,130,0,0,130,T
7-M,961,0,128,0,0,128,T
7-M,962,0,0,125,0,125,G
7-M,963,0,122,0,0,122,T
7-M,964,1,0,0,123,124,C
7-M,965,120,0,0,0,120,A
7-M,966,0,0,116,0,116,G
7-M,967,0,0,0,118,118,C
7-M,968,119,0,0,0,119,A
7-M,969,0,117,0,0,117,T
7-M,970,117,0,0,0,117,A
7-M,971,0,0,117,0,117,G
7-M,972,112,0,0,0,112,A
7-M,973,0,0,114,0,114,G
7-M,974,0,111,0,0,111,T
7-M,975,0,78,0,0,78,T
7-M,976,0,0,76,0,76,G
7-M,977,0,0,76,0,76,G
7-M,978,78,0,0,0,78,A
7-M,979,0,0,79,0,79,G
7-M,980,0,46,0,0,46,T
7-M,981,46,0,0,0,46,A
7-M,982,46,0,0,0,46,A
8-NS,1,348,0,0,0,348,A
8-NS,2,0,349,0,0,349,T
8-NS,3,0,0,376,0,376,G
8-NS,4,2,4,386,0,392,G
8-NS,5,406,0,0,0,406,A
8-NS,6,0,838,0,1,839,T
8-NS,7,0,846,0,0,846,T
8-NS,8,2,0,0,864,866,C
8-NS,9,0,0,0,868,868,C
8-NS,10,879,0,2,0,881,A
8-NS,11,892,0,0,0,892,A
8-NS,12,0,1,0,882,883,C
8-NS,13,892,0,0,0,892,A
8-NS,14,0,0,0,906,906,C
8-NS,15,0,903,0,0,903,T
8-NS,16,0,0,991,0,991,G
8-NS,17,0,981,0,0,981,T
8-NS,18,2,0,996,0,998,G
8-NS,19,0,1003,0,0,1003,T
8-NS,20,7,0,0,991,998,C
8-NS,21,1000,0,3,0,1003,A
8-NS,22,1003,0,1,0,1004,A
8-NS,23,0,0,1018,0,1018,G
8-NS,24,0,1042,0,0,1042,T
8-NS,25,0,1042,0,1,1043,T
8-NS,26,0,1045,0,0,1045,T
8-NS,27,1,0,0,1039,1040,C
8-NS,28,1,1,0,1048,1050,C
8-NS,29,1041,1,0,0,1042,A
8-NS,30,0,1,1062,0,1063,G
8-NS,31,0,0,1055,0,1055,G
8-NS,32,0,1035,0,0,1035,T
8-NS,33,1070,0,0,0,1070,A
8-NS,34,0,3,1070,0,1073,G
8-NS,35,1069,0,1,0,1070,A
8-NS,36,0,1078,0,0,1078,T
8-NS,37,0,1080,0,0,1080,T
8-NS,38,0,0,1091,0,1091,G
8-NS,39,0,0,0,1082,1082,C
8-NS,40,0,1103,0,0,1103,T
8-NS,41,0,1113,0,0,1113,T
8-NS,42,0,1121,0,0,1121,T
8-NS,43,0,1,0,1145,1146,C
8-NS,44,0,1144,0,0,1144,T
8-NS,45,0,1139,0,0,1139,T
8-NS,46,0,1141,0,2,1143,T
8-NS,47,0,6,1154,0,1160,G
8-NS,48,0,1,1141,0,1142,G
8-NS,49,0,0,0,1164,1164,C
8-NS,50,1154,0,0,0,1154,A
8-NS,51,0,1155,0,2,1157,T
8-NS,52,1175,0,0,0,1175,A
8-NS,53,0,1197,0,0,1197,T
8-NS,54,1,0,0,1200,1201,C
8-NS,55,1,0,0,1198,1199,C
8-NS,56,0,1,1195,0,1196,G
8-NS,57,0,2,1201,0,1203,G
8-NS,58,1200,0,0,0,1200,A
8-NS,59,1206,0,0,0,1206,A
8-NS,60,1212,0,0,0,1212,A
8-NS,61,0,0,0,1221,1221,C
8-NS,62,1234,0,0,0,1234,A
8-NS,63,1228,0,0,0,1228,A
8-NS,64,0,0,1291,0,1291,G
8-NS,65,0,1284,0,0,1284,T
8-NS,66,0,1293,0,0,1293,T
8-NS,67,0,0,1292,0,1292,G
8-NS,68,0,1296,0,1,1297,T
8-NS,69,1295,0,0,0,1295,A
8-NS,70,0,3,1296,1,1300,G
8-NS,71,1377,0,0,0,1377,A
8-NS,72,0,1,0,1395,1396,C
8-NS,73,10,1,0,1365,1376,C
8-NS,74,1381,0,0,1,1382,A
8-NS,75,1388,0,0,0,1388,A
8-NS,76,3,1,1473,0,1477,G
8-NS,77,1454,1,1,0,1456,A
8-NS,78,1474,0,0,0,1474,A
8-NS,79,0,0,0,1489,1489,C
8-NS,80,0,1454,0,0,1454,T
8-NS,81,0,5,1477,0,1482,G
8-NS,82,1448,0,0,0,1448,A
8-NS,83,0,1,1509,0,1510,G
8-NS,84,0,1501,0,0,1501,T
8-NS,85,0,1,1489,0,1490,G
8-NS,86,1498,0,0,0,1498,A
8-NS,87,0,1497,0,0,1497,T
8-NS,88,1,1,1516,0,1518,G
8-NS,89,0,1,0,1538,1539,C
8-NS,90,2,0,0,1538,1540,C
8-NS,91,2,2,0,1560,1564,C
8-NS,92,1,0,0,1555,1556,C
8-NS,93,1572,1,0,0,1573,A
8-NS,94,0,1597,0,0,1597,T
8-NS,95,0,1613,0,0,1613,T
8-NS,96,4,0,0,1618,1622,C
8-NS,97,1,0,0,1619,1620,C
8-NS,98,0,1621,0,1,1622,T
8-NS,99,0,1615,0,1,1616,T
8-NS,100,0,7,1603,0,1610,G
8-NS,101,1587,0,0,0,1587,A
8-NS,102,0,1609,0,1,1610,T
8-NS,103,3,0,0,1599,1602,C
8-NS,104,0,2,1583,1,1586,G
8-NS,105,1,0,1594,0,1595,G
8-NS,106,0,0,0,1616,1616,C
8-NS,107,0,1603,0,2,1605,T
8-NS,108,0,1622,0,0,1622,T
8-NS,109,1,2,0,1623,1626,C
8-NS,110,0,3,1624,0,1627,G
8-NS,111,0,0,0,1626,1626,C
8-NS,112,1,0,0,1630,1631,C
8-NS,113,0,1,1638,0,1639,G
8-NS,114,1607,1,1,0,1609,A
8-NS,115,0,7,1672,0,1679,G
8-NS,116,1669,0,0,0,1669,A
8-NS,117,0,1684,0,0,1684,T
8-NS,118,1,1,0,1682,1684,C
8-NS,119,1686,0,0,0,1686,A
8-NS,120,0,2,1684,0,1686,G
8-NS,121,1668,0,0,0,1668,A
8-NS,122,0,2,1681,0,1683,G
8-NS,123,0,1,1717,0,1718,G
8-NS,124,0,1728,0,0,1728,T
8-NS,125,3,1,0,1825,1829,C
8-NS,126,1,0,0,1824,1825,C
8-NS,127,1,0,0,1857,1858,C
8-NS,128,0,1867,0,0,1867,T
8-NS,129,1871,1,0,0,1872,A
8-NS,130,1863,1,1,0,1865,A
8-NS,131,1,2,1897,1,1901,G
8-NS,132,0,4,1883,0,1887,G
8-NS,133,0,2,1851,0,1853,G
8-NS,134,0,1,1835,0,1836,G
8-NS,135,1808,0,0,0,1808,A
8-NS,136,1838,0,2,0,1840,A
8-NS,137,0,1,1836,0,1837,G
8-NS,138,1874,0,1,0,1875,A
8-NS,139,0,3,1893,0,1896,G
8-NS,140,1,2,1897,0,1900,G
8-NS,141,2,0,0,1904,1906,C
8-NS,142,1909,0,1,0,1910,A
8-NS,143,1902,0,0,0,1902,A
8-NS,144,0,1918,0,0,1918,T
8-NS,145,1931,2,0,0,1933,A
8-NS,146,0,1,0,1960,1961,C
8-NS,147,0,1921,0,1,1922,T
8-NS,148,5,0,0,1919,1924,C
8-NS,149,0,1899,0,0,1899,T
8-NS,150,0,2,0,1919,1921,C
8-NS,151,0,1,1934,0,1935,G
8-NS,152,1,0,2036,0,2037,G
8-NS,153,0,2033,0,0,2033,T
8-NS,154,2,2,0,2047,2051,C
8-NS,155,0,2030,0,3,2033,T
8-NS,156,2048,0,0,0,2048,A
8-NS,157,1,2,2051,0,2054,G
8-NS,158,2047,0,1,0,2048,A
8-NS,159,1,0,0,2116,2117,C
8-NS,160,2079,1,0,0,2080,A
8-NS,161,0,2057,0,0,2057,T
8-NS,162,2,0,0,2056,2058,C
8-NS,163,2051,0,0,0,2051,A
8-NS,164,2054,0,1,0,2055,A
8-NS,165,2034,0,0,0,2034,A
8-NS,166,1,1,2029,0,2031,G
8-NS,167,0,0,0,2058,2058,C
8-NS,168,2050,0,1,0,2051,A
8-NS,169,0,0,2064,0,2064,G
8-NS,170,1,1,0,2066,2068,C
8-NS,171,4,2,0,2077,2083,C
8-NS,172,2073,0,0,0,2073,A
8-NS,173,0,0,0,2103,2103,C
8-NS,174,0,0,0,2108,2108,C
8-NS,175,5,0,0,2118,2123,C
8-NS,176,2123,3,4,0,2130,A
8-NS,177,0,2135,0,0,2135,T
8-NS,178,0,0,2144,0,2144,G
8-NS,179,0,2121,0,0,2121,T
8-NS,180,0,2140,0,0,2140,T
8-NS,181,0,3,2126,0,2129,G
8-NS,182,0,2,2118,0,2120,G
8-NS,183,2080,0,1,1,2082,A
8-NS,184,2106,0,0,0,2106,A
8-NS,185,2075,0,1,1,2077,A
8-NS,186,1,0,2100,0,2101,G
8-NS,187,0,0,0,2101,2101,C
8-NS,188,2100,0,1,0,2101,A
8-NS,189,2099,0,0,0,2099,A
8-NS,190,2105,0,0,0,2105,A
8-NS,191,0,2130,0,0,2130,T
8-NS,192,0,2132,0,0,2132,T
8-NS,193,2,0,2159,0,2161,G
8-NS,194,0,2154,0,2,2156,T
8-NS,195,2142,0,0,0,2142,A
8-NS,196,0,6,2133,0,2139,G
8-NS,197,2137,0,0,0,2137,A
8-NS,198,2143,0,0,0,2143,A
8-NS,199,2147,0,0,0,2147,A
8-NS,200,2139,0,0,0,2139,A
8-NS,201,0,4,2140,0,2144,G
8-NS,202,2121,0,0,0,2121,A
8-NS,203,0,2118,0,0,2118,T
8-NS,204,1,2129,1,0,2131,T
8-NS,205,3,1,0,2128,2132,C
8-NS,206,0,2132,0,1,2133,T
8-NS,207,0,3,2125,0,2128,G
8-NS,208,2122,0,0,0,2122,A
8-NS,209,2123,0,1,0,2124,A
8-NS,210,2125,1,1,0,2127,A
8-NS,211,0,3,2133,0,2136,G
8-NS,212,2133,0,0,0,2133,A
8-NS,213,2135,0,1,0,2136,A
8-NS,214,0,4,2144,0,2148,G
8-NS,215,2170,0,2,0,2172,A
8-NS,216,2178,0,0,0,2178,A
8-NS,217,0,2181,1,0,2182,T
8-NS,218,4,0,0,2196,2200,C
8-NS,219,0,2199,1,1,2201,T
8-NS,220,1,5,2206,0,2212,G
8-NS,221,2196,0,1,0,2197,A
8-NS,222,0,2209,1,0,2210,T
8-NS,223,0,2,2193,0,2195,G
8-NS,224,2174,1,2,0,2177,A
8-NS,225,0,5,2163,0,2168,G
8-NS,226,2,0,2153,0,2155,G
8-NS,227,0,0,0,2174,2174,C
8-NS,228,2174,0,1,0,2175,A
8-NS,229,1,0,0,2244,2245,C
8-NS,230,0,2245,1,2,2248,T
8-NS,231,0,2255,0,0,2255,T
8-NS,232,2264,0,0,0,2264,A
8-NS,233,2264,0,0,0,2264,A
8-NS,234,2267,0,2,0,2269,A
8-NS,235,2258,0,0,0,2258,A
8-NS,236,0,2255,1,1,2257,T
8-NS,237,0,12,2241,0,2253,G
8-NS,238,2263,0,2,0,2265,A
8-NS,239,0,0,1,2274,2275,C
8-NS,240,2,0,1,2256,2259,C
8-NS,241,2266,0,0,0,2266,A
8-NS,242,1,2258,1,1,2261,T
8-NS,243,1,4,2318,0,2323,G
8-NS,244,1,2,2331,0,2334,G
8-NS,245,1,2329,0,5,2335,T
8-NS,246,4,0,1,2461,2466,C
8-NS,247,0,2441,0,2,2443,T
8-NS,248,10,0,0,2455,2465,C
8-NS,249,1,0,1,2474,2476,C
8-NS,250,2483,2,3,1,2489,A
8-NS,251,1,2,0,2507,2510,C
8-NS,252,2454,0,2,1,2457,A
8-NS,253,0,0,0,2485,2485,C
8-NS,254,4,2,0,2455,2461,C
8-NS,255,0,2336,0,2,2338,T
8-NS,256,0,0,2363,0,2363,G
8-NS,257,0,0,0,2357,2357,C
8-NS,258,0,2336,1,0,2337,T
8-NS,259,0,2346,0,1,2347,T
8-NS,260,3,3,0,2359,2365,C
8-NS,261,0,0,2361,0,2361,G
8-NS,262,0,0,0,2357,2357,C
8-NS,263,0,1,2367,0,2368,G
8-NS,264,2440,0,0,1,2441,A
8-NS,265,0,2436,0,1,2437,T
8-NS,266,2503,0,0,0,2503,A
8-NS,267,0,1,0,2528,2529,C
8-NS,268,2516,0,1,0,2517,A
8-NS,269,0,2571,0,1,2572,T
8-NS,270,2561,0,2,0,2563,A
8-NS,271,2577,1,1,0,2579,A
8-NS,272,0,0,0,2585,2585,C
8-NS,273,0,2513,0,1,2514,T
8-NS,274,1,12,2510,1,2524,G
8-NS,275,2496,0,0,0,2496,A
8-NS,276,0,1,0,2511,2512,C
8-NS,277,2513,0,0,0,2513,A
8-NS,278,0,2490,0,1,2491,T
8-NS,279,0,5,2490,0,2495,G
8-NS,280,2491,0,1,0,2492,A
8-NS,281,1,1,0,2560,2562,C
8-NS,282,0,2553,0,0,2553,T
8-NS,283,2596,0,0,0,2596,A
8-NS,284,0,2578,0,2,2580,T
8-NS,285,0,2582,0,0,2582,T
8-NS,286,1,2,2588,0,2591,G
8-NS,287,2566,0,4,0,2570,A
8-NS,288,2,3,2558,0,2563,G
8-NS,289,0,10,2560,0,2570,G
8-NS,290,2514,0,0,0,2514,A
8-NS,291,2522,0,0,0,2522,A
8-NS,292,0,2477,0,0,2477,T
8-NS,293,0,2497,0,1,2498,T
8-NS,294,0,0,2534,0,2534,G
8-NS,295,0,2530,0,2,2532,T
8-NS,296,9,0,0,2536,2545,C
8-NS,297,2539,0,3,0,2542,A
8-NS,298,2545,0,1,0,2546,A
8-NS,299,1,3,2532,0,2536,G
8-NS,300,2553,0,0,0,2553,A
8-NS,301,2549,0,0,0,2549,A
8-NS,302,2543,0,0,0,2543,A
8-NS,303,1,0,0,2559,2560,C
8-NS,304,0,2520,1,1,2522,T
8-NS,305,0,6,2558,0,2564,G
8-NS,306,1,1,2579,0,2581,G
8-NS,307,0,2580,0,0,2580,T
8-NS,308,0,2567,0,0,2567,T
8-NS,309,14,0,0,2564,2578,C
8-NS,310,2592,0,0,0,2592,A
8-NS,311,0,2611,0,1,2612,T
8-NS,312,0,1,2630,0,2631,G
8-NS,313,0,1,0,2649,2650,C
8-NS,314,0,2631,0,0,2631,T
8-NS,315,2588,1,1,0,2590,A
8-NS,316,2607,0,1,0,2608,A
8-NS,317,0,2630,0,0,2630,T
8-NS,318,1,1,2627,1,2630,G
8-NS,319,1,0,0,2611,2612,C
8-NS,320,9,0,0,2557,2566,C
8-NS,321,6,1,0,2590,2597,C
8-NS,322,2599,0,0,0,2599,A
8-NS,323,2612,0,0,0,2612,A
8-NS,324,0,1,2615,0,2616,G
8-NS,325,1,0,0,2616,2617,C
8-NS,326,2614,0,0,0,2614,A
8-NS,327,0,4,2617,0,2621,G
8-NS,328,2602,0,3,0,2605,A
8-NS,329,2619,0,0,0,2619,A
8-NS,330,2622,0,1,0,2623,A
8-NS,331,1,0,2654,0,2655,G
8-NS,332,1,2620,0,0,2621,T
8-NS,333,0,2,2629,0,2631,G
8-NS,334,1,2,2634,0,2637,G
8-NS,335,2645,0,1,0,2646,A
8-NS,336,2626,2,6,0,2634,A
8-NS,337,5,2,2606,0,2613,G
8-NS,338,0,7,2620,1,2628,G
8-NS,339,2626,0,3,0,2629,A
8-NS,340,0,0,0,2608,2608,C
8-NS,341,4,1,0,2602,2607,C
8-NS,342,0,2626,0,1,2627,T
8-NS,343,4,0,0,2645,2649,C
8-NS,344,0,2644,0,0,2644,T
8-NS,345,0,2668,0,1,2669,T
8-NS,346,0,2670,0,6,2676,T
8-NS,347,0,0,2661,0,2661,G
8-NS,348,7,0,0,2696,2703,C
8-NS,349,2672,0,1,0,2673,A
8-NS,350,0,2671,1,1,2673,T
8-NS,351,8,1,0,2675,2684,C
8-NS,352,2707,0,0,0,2707,A
8-NS,353,0,3,2779,1,2783,G
8-NS,354,2776,0,0,0,2776,A
8-NS,355,2793,1,0,0,2794,A
8-NS,356,0,2784,0,0,2784,T
8-NS,357,0,2,2777,0,2779,G
8-NS,358,16,9,2777,0,2802,G
8-NS,359,2788,0,1,0,2789,A
8-NS,360,0,0,0,2776,2776,C
8-NS,361,2,12,0,2734,2748,C
8-NS,362,2725,0,0,0,2725,A
8-NS,363,0,4,2750,0,2754,G
8-NS,364,0,0,2731,0,2731,G
8-NS,365,4,0,0,2746,2750,C
8-NS,366,2743,0,0,0,2743,A
8-NS,367,2749,0,0,0,2749,A
8-NS,368,0,2737,0,0,2737,T
8-NS,369,5,0,0,2741,2746,C
8-NS,370,2751,0,7,0,2758,A
8-NS,371,0,2734,0,0,2734,T
8-NS,372,4,2,2716,0,2722,G
8-NS,373,0,2,2730,0,2732,G
8-NS,374,2713,0,1,0,2714,A
8-NS,375,0,2,2742,0,2744,G
8-NS,376,2707,0,2,0,2709,A
8-NS,377,2715,2,0,0,2717,A
8-NS,378,2720,0,1,0,2721,A
8-NS,379,2719,0,0,0,2719,A
8-NS,380,2719,0,3,1,2723,A
8-NS,381,1,2,0,2733,2736,C
8-NS,382,2723,0,1,0,2724,A
8-NS,383,0,2688,0,1,2689,T
8-NS,384,4,7,0,2691,2702,C
8-NS,385,2689,0,2,0,2691,A
8-NS,386,0,2691,0,0,2691,T
8-NS,387,0,1,2710,0,2711,G
8-NS,388,0,2693,0,1,2694,T
8-NS,389,0,2683,0,1,2684,T
8-NS,390,1,2,2675,1,2679,G
8-NS,391,2670,0,0,0,2670,A
8-NS,392,2679,0,2,0,2681,A
8-NS,393,2667,1,1,0,2669,A
8-NS,394,0,1,2668,0,2669,G
8-NS,395,2,3,0,2635,2640,C
8-NS,396,3,13,2630,0,2646,G
8-NS,397,2644,0,0,0,2644,A
8-NS,398,2641,1,0,0,2642,A
8-NS,399,0,2643,0,0,2643,T
8-NS,400,0,2640,0,7,2647,T
8-NS,401,0,2635,0,0,2635,T
8-NS,402,2,2,1,2643,2648,C
8-NS,403,2635,0,1,0,2636,A
8-NS,404,2627,0,1,0,2628,A
8-NS,405,0,2627,0,0,2627,T
8-NS,406,0,1,2628,0,2629,G
8-NS,407,0,2622,0,1,2623,T
8-NS,408,1,4,2638,0,2643,G
8-NS,409,2646,0,0,1,2647,A
8-NS,410,0,2623,0,0,2623,T
8-NS,411,0,2641,0,2,2643,T
8-NS,412,0,2630,0,0,2630,T
8-NS,413,0,2621,0,0,2621,T
8-NS,414,0,2632,0,0,2632,T
8-NS,415,0,7,2618,0,2625,G
8-NS,416,2607,0,1,0,2608,A
8-NS,417,0,2572,0,0,2572,T
8-NS,418,2,3,0,2594,2599,C
8-NS,419,2,6,2609,0,2617,G
8-NS,420,2781,2,0,0,2783,A
8-NS,421,1,0,1,2805,2807,C
8-NS,422,0,2812,0,0,2812,T
8-NS,423,2839,0,1,0,2840,A
8-NS,424,0,5,2826,0,2831,G
8-NS,425,2821,0,8,0,2829,A
8-NS,426,1,8,2837,0,2846,G
8-NS,427,2817,1,4,0,2822,A
8-NS,428,0,1,1,2911,2913,C
8-NS,429,6,0,0,2793,2799,C
8-NS,430,2731,0,0,0,2731,A
8-NS,431,0,2857,0,1,2858,T
8-NS,432,2858,0,1,0,2859,A
8-NS,433,0,0,3033,0,3033,G
8-NS,434,0,2987,0,1,2988,T
8-NS,435,2996,0,0,0,2996,A
8-NS,436,0,2999,0,0,2999,T
8-NS,437,0,2885,0,0,2885,T
8-NS,438,2943,0,0,0,2943,A
8-NS,439,0,0,0,2949,2949,C
8-NS,440,0,2850,0,0,2850,T
8-NS,441,2848,0,0,0,2848,A
8-NS,442,2620,0,0,0,2620,A
8-NS,443,0,2,2622,0,2624,G
8-NS,444,0,4,2612,0,2616,G
8-NS,445,0,0,2582,0,2582,G
8-NS,446,0,1,0,2575,2576,C
8-NS,447,0,2539,0,2,2541,T
8-NS,448,0,2539,0,0,2539,T
8-NS,449,0,2566,0,0,2566,T
8-NS,450,3,0,0,2572,2575,C
8-NS,451,2585,0,3,0,2588,A
8-NS,452,1,1,0,2604,2606,C
8-NS,453,1,3,0,2582,2586,C
8-NS,454,6,1,2585,0,2592,G
8-NS,455,2558,0,0,0,2558,A
8-NS,456,2560,0,0,0,2560,A
8-NS,457,0,2,2576,0,2578,G
8-NS,458,2547,0,2,0,2549,A
8-NS,459,0,0,2559,0,2559,G
8-NS,460,0,0,2505,1,2506,G
8-NS,461,0,6,2515,0,2521,G
8-NS,462,2495,1,1,0,2497,A
8-NS,463,1,2,2507,0,2510,G
8-NS,464,0,0,0,2502,2502,C
8-NS,465,2508,0,4,0,2512,A
8-NS,466,2518,0,2,0,2520,A
8-NS,467,0,2525,0,0,2525,T
8-NS,468,0,2501,0,6,2507,T
8-NS,469,2,0,2510,0,2512,G
8-NS,470,0,2480,0,1,2481,T
8-NS,471,0,2470,0,1,2471,T
8-NS,472,0,3,2456,0,2459,G
8-NS,473,1,1,2439,0,2441,G
8-NS,474,1,1,1,2446,2449,C
8-NS,475,0,5,2468,0,2473,G
8-NS,476,2473,1,1,1,2476,A
8-NS,477,2494,0,1,0,2495,A
8-NS,478,2494,1,0,0,2495,A
8-NS,479,0,2503,0,0,2503,T
8-NS,480,2,0,0,2497,2499,C
8-NS,481,0,2480,0,2,2482,T
8-NS,482,5,0,0,2480,2485,C
8-NS,483,2486,0,1,0,2487,A
8-NS,484,0,1,0,2484,2485,C
8-NS,485,5,1,0,2484,2490,C
8-NS,486,2472,0,1,0,2473,A
8-NS,487,0,2459,0,2,2461,T
8-NS,488,0,2420,0,3,2423,T
8-NS,489,0,0,2426,0,2426,G
8-NS,490,2,0,0,2394,2396,C
8-NS,491,6,1,1,2390,2398,C
8-NS,492,0,2398,0,5,2403,T
8-NS,493,0,2382,0,1,2383,T
8-NS,494,1,1,0,2393,2395,C
8-NS,495,0,2393,1,1,2395,T
8-NS,496,0,2407,0,0,2407,T
8-NS,497,2,2460,1,0,2463,T
8-NS,498,0,2429,0,2,2431,T
8-NS,499,3,0,0,2445,2448,C
8-NS,500,3,1,0,2445,2449,C
8-NS,501,2431,0,4,0,2435,A
8-NS,502,7,3,2444,0,2454,G
8-NS,503,0,4,2433,0,2437,G
8-NS,504,2490,0,0,0,2490,A
8-NS,505,0,0,0,2479,2479,C
8-NS,506,2484,0,0,0,2484,A
8-NS,507,1,2494,0,2,2497,T
8-NS,508,2482,0,1,0,2483,A
8-NS,509,0,0,0,2654,2654,C
8-NS,510,0,2649,0,1,2650,T
8-NS,511,2631,0,0,0,2631,A
8-NS,512,0,2597,0,1,2598,T
8-NS,513,0,2521,0,0,2521,T
8-NS,514,0,1,2527,0,2528,G
8-NS,515,2430,0,1,0,2431,A
8-NS,516,0,0,2437,0,2437,G
8-NS,517,1,0,2425,0,2426,G
8-NS,518,2253,0,0,0,2253,A
8-NS,519,0,2265,0,0,2265,T
8-NS,520,2,0,2236,0,2238,G
8-NS,521,0,2217,0,2,2219,T
8-NS,522,4,0,0,2232,2236,C
8-NS,523,2241,0,1,0,2242,A
8-NS,524,2249,0,0,0,2249,A
8-NS,525,2239,0,0,0,2239,A
8-NS,526,2222,0,1,0,2223,A
8-NS,527,2250,0,0,0,2250,A
8-NS,528,0,2239,0,2,2241,T
8-NS,529,0,0,2229,0,2229,G
8-NS,530,0,1,0,2242,2243,C
8-NS,531,2253,0,1,0,2254,A
8-NS,532,2258,0,0,1,2259,A
8-NS,533,0,2252,0,0,2252,T
8-NS,534,1,2269,0,0,2270,T
8-NS,535,0,1,2269,0,2270,G
8-NS,536,0,4,2227,0,2231,G
8-NS,537,0,1,2220,0,2221,G
8-NS,538,0,1,2239,0,2240,G
8-NS,539,1,2207,0,0,2208,T
8-NS,540,4,0,0,2215,2219,C
8-NS,541,5,1,0,2215,2221,C
8-NS,542,0,2223,0,0,2223,T
8-NS,543,2,0,0,2244,2246,C
8-NS,544,2246,0,0,0,2246,A
8-NS,545,0,2229,0,0,2229,T
8-NS,546,1,2,0,2244,2247,C
8-NS,547,1,0,2241,0,2242,G
8-NS,548,0,3,2228,0,2231,G
8-NS,549,2190,0,0,0,2190,A
8-NS,550,0,3,2193,0,2196,G
8-NS,551,0,3,2205,0,2208,G
8-NS,552,2184,1,2,0,2187,A
8-NS,553,1,0,0,2201,2202,C
8-NS,554,1,2198,0,1,2200,T
8-NS,555,0,2205,0,1,2206,T
8-NS,556,0,2,2212,1,2215,G
8-NS,557,2200,0,1,1,2202,A
8-NS,558,2197,0,0,0,2197,A
8-NS,559,0,2199,0,0,2199,T
8-NS,560,0,4,2161,0,2165,G
8-NS,561,0,3,2169,0,2172,G
8-NS,562,2137,0,1,0,2138,A
8-NS,563,2162,0,5,0,2167,A
8-NS,564,0,2245,0,0,2245,T
8-NS,565,1,8,2250,0,2259,G
8-NS,566,2268,0,1,0,2269,A
8-NS,567,0,2269,1,0,2270,T
8-NS,568,2262,0,2,0,2264,A
8-NS,569,2264,1,0,0,2265,A
8-NS,570,1,0,0,2238,2239,C
8-NS,571,2204,1,1,0,2206,A
8-NS,572,0,1,0,2232,2233,C
8-NS,573,2053,0,2,0,2055,A
8-NS,574,0,0,2081,0,2081,G
8-NS,575,0,2078,0,0,2078,T
8-NS,576,1,2047,0,0,2048,T
8-NS,577,7,0,0,2068,2075,C
8-NS,578,1,5,2052,0,2058,G
8-NS,579,2038,0,1,0,2039,A
8-NS,580,0,0,2056,0,2056,G
8-NS,581,0,2033,1,1,2035,T
8-NS,582,7,0,0,2031,2038,C
8-NS,583,0,2000,0,1,2001,T
8-NS,584,2,0,0,2016,2018,C
8-NS,585,0,2028,0,1,2029,T
8-NS,586,2026,0,1,0,2027,A
8-NS,587,2027,0,0,0,2027,A
8-NS,588,2022,0,0,0,2022,A
8-NS,589,2048,0,0,1,2049,A
8-NS,590,2045,0,0,0,2045,A
8-NS,591,0,2017,0,0,2017,T
8-NS,592,4,0,0,2028,2032,C
8-NS,593,0,2010,0,1,2011,T
8-NS,594,2014,0,0,0,2014,A
8-NS,595,0,0,0,2019,2019,C
8-NS,596,2018,0,0,1,2019,A
8-NS,597,0,1,2012,0,2013,G
8-NS,598,1989,1,1,1,1992,A
8-NS,599,1,2,1985,1,1989,G
8-NS,600,1985,0,3,0,1988,A
8-NS,601,0,1949,0,0,1949,T
8-NS,602,0,1955,0,0,1955,T
8-NS,603,5,0,1,1951,1957,C
8-NS,604,0,2,1948,0,1950,G
8-NS,605,0,0,0,1946,1946,C
8-NS,606,0,1934,0,1,1935,T
8-NS,607,0,1954,0,2,1956,T
8-NS,608,0,3,1938,0,1941,G
8-NS,609,0,4,1950,0,1954,G
8-NS,610,1960,0,0,0,1960,A
8-NS,611,0,1,1956,0,1957,G
8-NS,612,1948,0,0,0,1948,A
8-NS,613,1937,0,3,0,1940,A
8-NS,614,0,0,1950,0,1950,G
8-NS,615,0,0,0,1956,1956,C
8-NS,616,1953,2,2,0,1957,A
8-NS,617,2,0,1970,0,1972,G
8-NS,618,1,1945,0,0,1946,T
8-NS,619,1975,0,0,0,1975,A
8-NS,620,1974,0,0,0,1974,A
8-NS,621,0,1962,1,0,1963,T
8-NS,622,0,3,1972,0,1975,G
8-NS,623,1909,1,2,0,1912,A
8-NS,624,0,2,1924,0,1926,G
8-NS,625,1902,0,7,0,1909,A
8-NS,626,1851,0,0,0,1851,A
8-NS,627,0,1838,0,0,1838,T
8-NS,628,5,3,1805,0,1813,G
8-NS,629,0,1,1815,0,1816,G
8-NS,630,0,3,1796,0,1799,G
8-NS,631,1,0,1803,1,1805,G
8-NS,632,1,2,1817,0,1820,G
8-NS,633,1765,0,0,0,1765,A
8-NS,634,0,1,0,1771,1772,C
8-NS,635,3,1,0,1778,1782,C
8-NS,636,0,1695,0,0,1695,T
8-NS,637,2,0,1,1696,1699,C
8-NS,638,1,2,0,1706,1709,C
8-NS,639,1715,1,0,0,1716,A
8-NS,640,0,0,0,1718,1718,C
8-NS,641,0,1687,0,0,1687,T
8-NS,642,0,1686,0,1,1687,T
8-NS,643,1637,0,1,0,1638,A
8-NS,644,1,0,0,1646,1647,C
8-NS,645,0,1608,0,2,1610,T
8-NS,646,11,4,0,1594,1609,C
8-NS,647,1,0,0,1607,1608,C
8-NS,648,1603,0,0,0,1603,A
8-NS,649,1607,0,1,0,1608,A
8-NS,650,1613,0,0,0,1613,A
8-NS,651,1608,1,0,0,1609,A
8-NS,652,1,6,0,1607,1614,C
8-NS,653,1577,0,0,0,1577,A
8-NS,654,0,0,1572,0,1572,G
8-NS,655,1563,0,1,0,1564,A
8-NS,656,1572,0,0,0,1572,A
8-NS,657,1571,0,1,0,1572,A
8-NS,658,0,0,0,1571,1571,C
8-NS,659,1,2,1564,0,1567,G
8-NS,660,1,2,1575,0,1578,G
8-NS,661,1,4,1569,0,1574,G
8-NS,662,1570,1,0,0,1571,A
8-NS,663,1571,0,0,0,1571,A
8-NS,664,1568,0,1,0,1569,A
8-NS,665,0,1560,0,0,1560,T
8-NS,666,0,4,1563,0,1567,G
8-NS,667,0,0,1564,0,1564,G
8-NS,668,2,2,0,1553,1557,C
8-NS,669,3,4,1561,0,1568,G
8-NS,670,1565,0,0,0,1565,A
8-NS,671,0,2,1574,0,1576,G
8-NS,672,1573,0,0,0,1573,A
8-NS,673,1570,0,0,0,1570,A
8-NS,674,1,0,0,1569,1570,C
8-NS,675,1543,0,1,0,1544,A
8-NS,676,0,0,1539,0,1539,G
8-NS,677,1,0,0,1519,1520,C
8-NS,678,0,1536,0,1,1537,T
8-NS,679,1537,0,3,0,1540,A
8-NS,680,0,3,1516,0,1519,G
8-NS,681,0,0,1528,0,1528,G
8-NS,682,0,1518,0,2,1520,T
8-NS,683,7,0,0,1501,1508,C
8-NS,684,1513,0,0,0,1513,A
8-NS,685,1505,0,0,0,1505,A
8-NS,686,1508,0,0,0,1508,A
8-NS,687,1504,0,4,0,1508,A
8-NS,688,0,0,1509,0,1509,G
8-NS,689,0,1462,0,0,1462,T
8-NS,690,0,1471,0,1,1472,T
8-NS,691,0,1466,0,0,1466,T
8-NS,692,0,4,1463,0,1467,G
8-NS,693,1474,0,1,0,1475,A
8-NS,694,1472,0,1,0,1473,A
8-NS,695,0,1,1479,0,1480,G
8-NS,696,1446,0,0,0,1446,A
8-NS,697,0,0,1460,0,1460,G
8-NS,698,1456,0,0,0,1456,A
8-NS,699,0,1456,0,0,1456,T
8-NS,700,1459,0,0,0,1459,A
8-NS,701,1446,0,1,0,1447,A
8-NS,702,0,0,1439,0,1439,G
8-NS,703,1359,0,0,0,1359,A
8-NS,704,0,1351,0,0,1351,T
8-NS,705,0,1,1348,0,1349,G
8-NS,706,0,0,1330,0,1330,G
8-NS,707,0,0,0,1320,1320,C
8-NS,708,0,1341,0,0,1341,T
8-NS,709,1346,0,0,0,1346,A
8-NS,710,1341,0,0,0,1341,A
8-NS,711,0,1347,0,0,1347,T
8-NS,712,0,1339,0,0,1339,T
8-NS,713,1,1,1337,0,1339,G
8-NS,714,1312,0,0,0,1312,A
8-NS,715,1312,0,0,0,1312,A
8-NS,716,0,3,1300,0,1303,G
8-NS,717,1311,0,0,0,1311,A
8-NS,718,1294,0,1,0,1295,A
8-NS,719,0,1,1303,0,1304,G
8-NS,720,0,1272,0,1,1273,T
8-NS,721,0,3,1275,0,1278,G
8-NS,722,1262,0,3,0,1265,A
8-NS,723,0,1,1267,0,1268,G
8-NS,724,1261,0,2,0,1263,A
8-NS,725,0,0,0,1256,1256,C
8-NS,726,1246,0,2,0,1248,A
8-NS,727,0,0,0,1250,1250,C
8-NS,728,1177,0,0,0,1177,A
8-NS,729,0,2,1185,0,1187,G
8-NS,730,1187,0,0,0,1187,A
8-NS,731,0,1167,0,0,1167,T
8-NS,732,0,1171,0,0,1171,T
8-NS,733,1174,0,0,0,1174,A
8-NS,734,1171,0,0,0,1171,A
8-NS,735,1169,0,0,0,1169,A
8-NS,736,1164,0,2,0,1166,A
8-NS,737,1164,0,0,0,1164,A
8-NS,738,0,0,0,1107,1107,C
8-NS,739,1039,0,1,1,1041,A
8-NS,740,1037,0,2,0,1039,A
8-NS,741,0,0,0,1043,1043,C
8-NS,742,0,1037,0,0,1037,T
8-NS,743,0,1,1041,0,1042,G
8-NS,744,1040,0,0,0,1040,A
8-NS,745,1039,0,0,0,1039,A
8-NS,746,1039,0,0,0,1039,A
8-NS,747,1027,0,0,0,1027,A
8-NS,748,0,1015,0,0,1015,T
8-NS,749,989,0,1,0,990,A
8-NS,750,0,0,985,0,985,G
8-NS,751,1,0,0,991,992,C
8-NS,752,0,955,0,1,956,T
8-NS,753,0,960,0,0,960,T
8-NS,754,0,955,0,0,955,T
8-NS,755,0,3,962,0,965,G
8-NS,756,959,0,0,0,959,A
8-NS,757,955,0,0,0,955,A
8-NS,758,1,0,0,968,969,C
8-NS,759,932,0,0,0,932,A
8-NS,760,936,0,0,0,936,A
8-NS,761,938,0,0,0,938,A
8-NS,762,0,933,0,0,933,T
8-NS,763,931,0,0,0,931,A
8-NS,764,910,0,0,0,910,A
8-NS,765,0,1,0,908,909,C
8-NS,766,911,0,1,0,912,A
8-NS,767,0,882,0,0,882,T
8-NS,768,0,859,0,0,859,T
8-NS,769,1,1,0,862,864,C
8-NS,770,854,0,0,0,854,A
8-NS,771,1,846,0,0,847,T
8-NS,772,1,0,846,0,847,G
8-NS,773,0,1,0,831,832,C
8-NS,774,822,0,0,0,822,A
8-NS,775,815,0,0,0,815,A
8-NS,776,0,0,808,0,808,G
8-NS,777,1,0,0,824,825,C
8-NS,778,803,0,0,0,803,A
8-NS,779,0,813,0,0,813,T
8-NS,780,0,802,0,0,802,T
8-NS,781,800,0,1,0,801,A
8-NS,782,0,0,0,795,795,C
8-NS,783,775,0,1,0,776,A
8-NS,784,1,0,696,0,697,G
8-NS,785,1,1,0,693,695,C
8-NS,786,0,697,0,0,697,T
8-NS,787,0,0,700,0,700,G
8-NS,788,0,0,0,689,689,C
8-NS,789,0,671,0,0,671,T
8-NS,790,0,1,676,0,677,G
8-NS,791,0,675,0,0,675,T
8-NS,792,0,674,0,0,674,T
8-NS,793,0,671,0,1,672,T
8-NS,794,1,1,665,0,667,G
8-NS,795,672,0,0,0,672,A
8-NS,796,660,0,1,0,661,A
8-NS,797,0,0,656,0,656,G
8-NS,798,0,650,0,0,650,T
8-NS,799,3,0,612,0,615,G
8-NS,800,1,2,613,0,616,G
8-NS,801,618,0,0,0,618,A
8-NS,802,616,0,1,1,618,A
8-NS,803,0,0,0,613,613,C
8-NS,804,588,0,4,0,592,A
8-NS,805,1,1,595,0,597,G
8-NS,806,1,3,576,0,580,G
8-NS,807,572,0,1,0,573,A
8-NS,808,0,0,580,0,580,G
8-NS,809,498,0,0,0,498,A
8-NS,810,0,488,0,0,488,T
8-NS,811,486,0,0,0,486,A
8-NS,812,480,0,0,0,480,A
8-NS,813,0,1,475,0,476,G
8-NS,814,413,0,0,0,413,A
8-NS,815,406,0,0,0,406,A
8-NS,816,0,0,0,403,403,C
8-NS,817,0,345,0,0,345,T
8-NS,818,0,333,0,0,333,T
8-NS,819,0,333,0,1,334,T
8-NS,820,1,0,0,332,333,C
8-NS,821,0,326,0,0,326,T
8-NS,822,2,0,0,312,314,C
8-NS,823,305,0,0,0,305,A
8-NS,824,0,308,0,0,308,T
8-NS,825,0,307,0,0,307,T
8-NS,826,1,302,0,0,303,T
8-NS,827,2,0,0,302,304,C
8-NS,828,290,1,1,0,292,A
8-NS,829,0,0,290,0,290,G
8-NS,830,0,0,0,287,287,C
8-NS,831,0,270,0,0,270,T
8-NS,832,0,269,0,0,269,T
8-NS,833,260,0,0,0,260,A
8-NS,834,0,261,0,0,261,T
8-NS,835,0,260,0,0,260,T
8-NS,836,0,260,0,0,260,T
8-NS,837,245,0,0,0,245,A
8-NS,838,242,0,0,0,242,A
8-NS,839,0,240,0,0,240,T
8-NS,840,0,0,233,0,233,G
8-NS,841,225,0,0,0,225,A
8-NS,842,0,205,0,0,205,T
8-NS,843,207,0,0,0,207,A
8-NS,844,204,0,0,0,204,A
8-NS,845,205,0,0,0,205,A
8-NS,846,207,0,0,0,207,A
8-NS,847,203,0,0,0,203,A
8-NS,848,199,0,1,0,200,A
8-NS,849,0,0,0,201,201,C
8-NS,850,168,0,0,0,168,A
8-NS,851,0,0,0,172,172,C
8-NS,852,2,0,0,163,165,C
8-NS,853,1,0,0,160,161,C
8-NS,854,0,153,0,0,153,T
8-NS,855,0,150,0,0,150,T
8-NS,856,1,0,148,0,149,G
8-NS,857,0,143,0,0,143,T
8-NS,858,0,136,0,0,136,T
8-NS,859,0,137,0,0,137,T
8-NS,860,0,0,0,52,52,C
8-NS,861,0,39,0,0,39,T
8-NS,862,35,0,0,0,35,A
8-NS,863,0,0,0,34,34,C
