Gene,Position,A,T,G,C,Coverage,Consensus
1-PB2,1,251,0,0,0,251,A
1-PB2,2,0,252,0,0,252,T
1-PB2,3,0,0,260,0,260,G
1-PB2,4,0,0,259,0,259,G
1-PB2,5,259,0,0,0,259,A
1-PB2,6,260,0,0,0,260,A
1-PB2,7,260,0,0,0,260,A
1-PB2,8,0,1,288,0,289,G
1-PB2,9,289,0,0,0,289,A
1-PB2,10,289,0,1,0,290,A
1-PB2,11,0,297,0,0,297,T
1-PB2,12,296,0,0,0,296,A
1-PB2,13,300,0,0,0,300,A
1-PB2,14,301,0,0,0,301,A
1-PB2,15,301,0,0,0,301,A
1-PB2,16,0,0,310,0,310,G
1-PB2,17,311,0,1,0,312,A
1-PB2,18,314,0,0,0,314,A
1-PB2,19,0,0,0,318,318,C
1-PB2,20,0,318,0,0,318,T
1-PB2,21,330,0,0,0,330,A
1-PB2,22,0,0,0,331,331,C
1-PB2,23,1,0,331,0,332,G
1-PB2,24,2,0,335,0,337,G
1-PB2,25,338,1,0,0,339,A
1-PB2,26,344,0,0,0,344,A
1-PB2,27,0,345,0,1,346,T
1-PB2,28,0,1,0,346,347,C
1-PB2,29,0,346,0,1,347,T
1-PB2,30,0,0,346,0,346,G
1-PB2,31,349,0,1,0,350,A
1-PB2,32,0,349,0,0,349,T
1-PB2,33,0,0,351,0,351,G
1-PB2,34,0,354,0,0,354,T
1-PB2,35,0,0,0,350,350,C
1-PB2,36,0,0,353,0,353,G
1-PB2,37,0,0,0,354,354,C
1-PB2,38,351,0,1,0,352,A
1-PB2,39,0,0,370,0,370,G
1-PB2,40,0,372,0,0,372,T
1-PB2,41,0,0,0,371,371,C
1-PB2,42,0,372,0,0,372,T
1-PB2,43,0,1,0,370,371,C
1-PB2,44,0,0,369,0,369,G
1-PB2,45,0,0,0,372,372,C
1-PB2,46,371,0,0,0,371,A
1-PB2,47,0,0,0,376,376,C
1-PB2,48,0,374,0,0,374,T
1-PB2,49,0,0,0,387,387,C
1-PB2,50,0,0,386,0,386,G
1-PB2,51,0,0,0,388,388,C
1-PB2,52,1,0,385,0,386,G
1-PB2,53,387,0,1,0,388,A
1-PB2,54,0,1,388,0,389,G
1-PB2,55,396,0,1,0,397,A
1-PB2,56,0,402,0,0,402,T
1-PB2,57,401,1,0,0,402,A
1-PB2,58,0,0,0,403,403,C
1-PB2,59,0,401,0,0,401,T
1-PB2,60,5,0,402,0,407,G
1-PB2,61,409,0,0,0,409,A
1-PB2,62,0,0,0,412,412,C
1-PB2,63,414,0,0,0,414,A
1-PB2,64,412,0,0,0,412,A
1-PB2,65,424,0,1,0,425,A
1-PB2,66,429,0,0,0,429,A
1-PB2,67,429,0,0,0,429,A
1-PB2,68,1,0,0,437,438,C
1-PB2,69,0,0,0,438,438,C
1-PB2,70,445,0,1,0,446,A
1-PB2,71,0,0,0,453,453,C
1-PB2,72,452,0,0,0,452,A
1-PB2,73,0,0,473,0,473,G
1-PB2,74,0,470,0,1,471,T
1-PB2,75,0,2,481,0,483,G
1-PB2,76,0,0,483,0,483,G
1-PB2,77,487,0,0,0,487,A
1-PB2,78,0,0,0,508,508,C
1-PB2,79,0,0,0,507,507,C
1-PB2,80,510,0,0,0,510,A
1-PB2,81,0,510,0,0,510,T
1-PB2,82,509,0,0,0,509,A
1-PB2,83,0,508,0,0,508,T
1-PB2,84,0,0,509,0,509,G
1-PB2,85,0,0,517,0,517,G
1-PB2,86,0,1,0,518,519,C
1-PB2,87,1,0,0,512,513,C
1-PB2,88,512,0,0,0,512,A
1-PB2,89,0,541,0,0,541,T
1-PB2,90,543,0,0,0,543,A
1-PB2,91,570,1,0,0,571,A
1-PB2,92,0,569,0,0,569,T
1-PB2,93,0,566,0,0,566,T
1-PB2,94,571,0,0,1,572,A
1-PB2,95,569,1,2,0,572,A
1-PB2,96,0,1,586,0,587,G
1-PB2,97,586,0,0,0,586,A
1-PB2,98,579,0,0,0,579,A
1-PB2,99,0,0,608,0,608,G
1-PB2,100,0,607,0,0,607,T
1-PB2,101,610,0,0,0,610,A
1-PB2,102,0,0,1,611,612,C
1-PB2,103,615,1,0,0,616,A
1-PB2,104,0,0,0,626,626,C
1-PB2,105,624,0,0,0,624,A
1-PB2,106,0,619,0,0,619,T
1-PB2,107,0,0,0,624,624,C
1-PB2,108,1,1,619,0,621,G
1-PB2,109,0,1,623,0,624,G
1-PB2,110,0,1,618,0,619,G
1-PB2,111,0,0,619,0,619,G
1-PB2,112,619,0,0,1,620,A
1-PB2,113,0,0,624,0,624,G
1-PB2,114,620,0,1,0,621,A
1-PB2,115,1,0,0,623,624,C
1-PB2,116,623,0,0,0,623,A
1-PB2,117,1,2,628,0,631,G
1-PB2,118,1,0,644,0,645,G
1-PB2,119,644,0,1,0,645,A
1-PB2,120,643,0,1,0,644,A
1-PB2,121,645,0,0,0,645,A
1-PB2,122,644,0,2,0,646,A
1-PB2,123,0,1,644,0,645,G
1-PB2,124,645,0,0,0,645,A
1-PB2,125,645,0,2,0,647,A
1-PB2,126,0,0,0,646,646,C
1-PB2,127,0,1,0,645,646,C
1-PB2,128,1,1,0,643,645,C
1-PB2,129,0,0,649,0,649,G
1-PB2,130,0,647,0,0,647,T
1-PB2,131,0,0,0,648,648,C
1-PB2,132,649,0,0,0,649,A
1-PB2,133,0,0,0,661,661,C
1-PB2,134,0,658,0,1,659,T
1-PB2,135,0,659,0,0,659,T
1-PB2,136,654,0,1,0,655,A
1-PB2,137,2,0,665,0,667,G
1-PB2,138,0,0,670,0,670,G
1-PB2,139,667,0,3,0,670,A
1-PB2,140,0,667,0,1,668,T
1-PB2,141,0,0,670,0,670,G
1-PB2,142,674,0,2,0,676,A
1-PB2,143,674,0,1,0,675,A
1-PB2,144,675,0,1,0,676,A
1-PB2,145,0,677,0,0,677,T
1-PB2,146,2,2,672,0,676,G
1-PB2,147,0,1,679,0,680,G
1-PB2,148,679,0,0,0,679,A
1-PB2,149,0,676,0,0,676,T
1-PB2,150,0,0,677,0,677,G
1-PB2,151,667,0,3,0,670,A
1-PB2,152,0,673,0,0,673,T
1-PB2,153,0,0,670,0,670,G
1-PB2,154,0,0,672,0,672,G
1-PB2,155,0,0,0,665,665,C
1-PB2,156,668,0,0,1,669,A
1-PB2,157,675,0,1,0,676,A
1-PB2,158,0,678,0,0,678,T
1-PB2,159,0,0,710,1,711,G
1-PB2,160,712,0,0,0,712,A
1-PB2,161,709,0,1,0,710,A
1-PB2,162,708,1,3,1,713,A
1-PB2,163,0,719,0,2,721,T
1-PB2,164,726,1,3,0,730,A
1-PB2,165,0,0,0,738,738,C
1-PB2,166,1,0,0,732,733,C
1-PB2,167,0,0,0,734,734,C
1-PB2,168,738,0,0,0,738,A
1-PB2,169,735,0,2,0,737,A
1-PB2,170,0,734,1,1,736,T
1-PB2,171,0,0,0,738,738,C
1-PB2,172,735,0,1,0,736,A
1-PB2,173,0,0,0,743,743,C
1-PB2,174,0,740,0,0,740,T
1-PB2,175,0,0,742,0,742,G
1-PB2,176,0,0,0,739,739,C
1-PB2,177,0,733,0,3,736,T
1-PB2,178,1,0,741,0,742,G
1-PB2,179,741,0,1,1,743,A
1-PB2,180,0,0,0,748,748,C
1-PB2,181,749,0,0,0,749,A
1-PB2,182,746,0,0,0,746,A
1-PB2,183,743,1,2,0,746,A
1-PB2,184,746,0,0,0,746,A
1-PB2,185,1,0,758,0,759,G
1-PB2,186,0,0,757,0,757,G
1-PB2,187,753,0,3,0,756,A
1-PB2,188,1,758,0,0,759,T
1-PB2,189,753,0,2,1,756,A
1-PB2,190,761,0,4,0,765,A
1-PB2,191,0,0,0,777,777,C
1-PB2,192,773,0,2,0,775,A
1-PB2,193,1,0,779,0,780,G
1-PB2,194,771,0,0,0,771,A
1-PB2,195,765,0,2,0,767,A
1-PB2,196,768,0,1,1,770,A
1-PB2,197,1,769,0,0,770,T
1-PB2,198,0,0,770,0,770,G
1-PB2,199,0,0,781,0,781,G
1-PB2,200,0,775,0,2,777,T
1-PB2,201,0,768,0,3,771,T
1-PB2,202,1,0,0,766,767,C
1-PB2,203,0,0,0,773,773,C
1-PB2,204,770,0,0,0,770,A
1-PB2,205,0,0,771,0,771,G
1-PB2,206,772,0,2,0,774,A
1-PB2,207,2,0,774,0,776,G
1-PB2,208,765,0,0,0,765,A
1-PB2,209,0,0,776,0,776,G
1-PB2,210,779,0,0,0,779,A
1-PB2,211,778,0,1,0,779,A
1-PB2,212,776,0,3,0,779,A
1-PB2,213,0,775,0,1,776,T
1-PB2,214,0,1,783,0,784,G
1-PB2,215,787,0,0,0,787,A
1-PB2,216,783,0,0,0,783,A
1-PB2,217,0,1,0,782,783,C
1-PB2,218,773,0,0,0,773,A
1-PB2,219,777,0,2,0,779,A
1-PB2,220,0,0,789,0,789,G
1-PB2,221,1,0,797,0,798,G
1-PB2,222,799,1,1,1,802,A
1-PB2,223,0,0,0,804,804,C
1-PB2,224,801,0,0,1,802,A
1-PB2,225,803,0,2,0,805,A
1-PB2,226,842,0,2,1,845,A
1-PB2,227,0,2,0,847,849,C
1-PB2,228,0,839,0,0,839,T
1-PB2,229,0,0,0,856,856,C
1-PB2,230,0,841,0,0,841,T
1-PB2,231,844,0,0,2,846,A
1-PB2,232,1,841,0,0,842,T
1-PB2,233,1,0,837,0,838,G
1-PB2,234,0,0,861,0,861,G
1-PB2,235,838,0,0,0,838,A
1-PB2,236,0,0,838,0,838,G
1-PB2,237,0,841,0,0,841,T
1-PB2,238,831,0,0,0,831,A
1-PB2,239,835,0,1,0,836,A
1-PB2,240,834,0,1,0,835,A
1-PB2,241,837,0,2,0,839,A
1-PB2,242,0,832,0,1,833,T
1-PB2,243,0,0,829,0,829,G
1-PB2,244,830,0,1,1,832,A
1-PB2,245,823,0,0,1,824,A
1-PB2,246,0,831,0,2,833,T
1-PB2,247,0,0,834,0,834,G
1-PB2,248,851,0,1,0,852,A
1-PB2,249,0,853,0,0,853,T
1-PB2,250,0,0,853,0,853,G
1-PB2,251,0,0,0,849,849,C
1-PB2,252,0,842,0,4,846,T
1-PB2,253,1,0,874,1,876,G
1-PB2,254,0,0,881,0,881,G
1-PB2,255,892,0,0,0,892,A
1-PB2,256,0,885,0,1,886,T
1-PB2,257,0,0,0,888,888,C
1-PB2,258,894,1,2,0,897,A
1-PB2,259,0,0,917,0,917,G
1-PB2,260,914,0,1,0,915,A
1-PB2,261,0,916,0,1,917,T
1-PB2,262,892,1,0,0,893,A
1-PB2,263,0,0,912,0,912,G
1-PB2,264,909,0,0,0,909,A
1-PB2,265,0,0,913,0,913,G
1-PB2,266,0,894,0,3,897,T
1-PB2,267,0,0,893,0,893,G
1-PB2,268,875,0,2,0,877,A
1-PB2,269,0,880,0,1,881,T
1-PB2,270,0,1,895,0,896,G
1-PB2,271,0,0,906,0,906,G
1-PB2,272,1,898,0,1,900,T
1-PB2,273,901,0,0,0,901,A
1-PB2,274,1,884,0,5,890,T
1-PB2,275,0,0,0,885,885,C
1-PB2,276,898,0,1,0,899,A
1-PB2,277,0,0,0,918,918,C
1-PB2,278,1,0,0,910,911,C
1-PB2,279,0,893,1,3,897,T
1-PB2,280,0,893,0,0,893,T
1-PB2,281,1,893,0,0,894,T
1-PB2,282,1,2,897,0,900,G
1-PB2,283,0,0,901,0,901,G
1-PB2,284,0,0,0,915,915,C
1-PB2,285,0,893,0,2,895,T
1-PB2,286,0,0,904,0,904,G
1-PB2,287,0,906,0,2,908,T
1-PB2,288,910,0,1,0,911,A
1-PB2,289,911,1,0,0,912,A
1-PB2,290,0,0,0,912,912,C
1-PB2,291,902,0,0,0,902,A
1-PB2,292,0,899,0,1,900,T
1-PB2,293,0,0,892,0,892,G
1-PB2,294,0,1,904,0,905,G
1-PB2,295,0,899,0,0,899,T
1-PB2,296,1,0,898,0,899,G
1-PB2,297,0,0,906,0,906,G
1-PB2,298,901,0,1,0,902,A
1-PB2,299,908,0,0,0,908,A
1-PB2,300,0,907,0,0,907,T
1-PB2,301,902,0,1,0,903,A
1-PB2,302,0,0,910,0,910,G
1-PB2,303,901,0,1,0,902,A
1-PB2,304,902,0,0,0,902,A
1-PB2,305,895,0,0,1,896,A
1-PB2,306,0,888,0,1,889,T
1-PB2,307,1,0,888,0,889,G
1-PB2,308,0,1,886,0,887,G
1-PB2,309,886,0,2,0,888,A
1-PB2,310,1,0,0,887,888,C
1-PB2,311,1,1,0,874,876,C
1-PB2,312,0,0,0,867,867,C
1-PB2,313,0,1,872,0,873,G
1-PB2,314,0,876,0,0,876,T
1-PB2,315,1,1,888,0,890,G
1-PB2,316,890,0,0,0,890,A
1-PB2,317,0,1,0,890,891,C
1-PB2,318,888,0,2,1,891,A
1-PB2,319,888,0,0,0,888,A
1-PB2,320,0,0,901,0,901,G
1-PB2,321,0,894,0,2,896,T
1-PB2,322,895,0,0,0,895,A
1-PB2,323,0,1,0,889,890,C
1-PB2,324,2,0,872,0,874,G
1-PB2,325,1,0,900,0,901,G
1-PB2,326,0,894,0,2,896,T
1-PB2,327,1,2,0,902,905,C
1-PB2,328,0,0,0,911,911,C
1-PB2,329,905,0,1,0,906,A
1-PB2,330,0,904,0,1,905,T
1-PB2,331,0,904,0,1,905,T
1-PB2,332,947,0,1,0,948,A
1-PB2,333,1,0,0,944,945,C
1-PB2,334,2,0,0,919,921,C
1-PB2,335,3,0,0,921,924,C
1-PB2,336,906,0,0,0,906,A
1-PB2,337,912,0,1,0,913,A
1-PB2,338,914,0,0,0,914,A
1-PB2,339,911,0,0,0,911,A
1-PB2,340,0,0,920,0,920,G
1-PB2,341,0,894,0,0,894,T
1-PB2,342,1,0,910,0,911,G
1-PB2,343,0,912,0,0,912,T
1-PB2,344,914,0,1,0,915,A
1-PB2,345,0,1,0,911,912,C
1-PB2,346,903,0,2,0,905,A
1-PB2,347,905,0,2,1,908,A
1-PB2,348,0,1,916,0,917,G
1-PB2,349,905,0,4,0,909,A
1-PB2,350,1,4,0,902,907,C
1-PB2,351,0,889,0,3,892,T
1-PB2,352,0,899,0,0,899,T
1-PB2,353,896,0,1,0,897,A
1-PB2,354,0,896,0,0,896,T
1-PB2,355,1,894,0,1,896,T
1-PB2,356,0,896,0,0,896,T
1-PB2,357,0,0,0,890,890,C
1-PB2,358,0,1,893,0,894,G
1-PB2,359,892,0,1,0,893,A
1-PB2,360,1,0,0,891,892,C
1-PB2,361,885,0,2,0,887,A
1-PB2,362,886,0,0,0,886,A
1-PB2,363,885,0,2,0,887,A
1-PB2,364,1,0,902,0,903,G
1-PB2,365,0,900,0,1,901,T
1-PB2,366,0,0,0,899,899,C
1-PB2,367,0,0,902,0,902,G
1-PB2,368,898,0,1,0,899,A
1-PB2,369,899,0,1,0,900,A
1-PB2,370,899,0,0,0,899,A
1-PB2,371,0,2,926,0,928,G
1-PB2,372,0,0,931,0,931,G
1-PB2,373,0,917,1,0,918,T
1-PB2,374,0,914,0,0,914,T
1-PB2,375,915,0,2,0,917,A
1-PB2,376,916,0,1,0,917,A
1-PB2,377,918,0,0,0,918,A
1-PB2,378,920,0,2,1,923,A
1-PB2,379,0,0,0,934,934,C
1-PB2,380,904,0,0,0,904,A
1-PB2,381,0,901,0,0,901,T
1-PB2,382,0,2,900,0,902,G
1-PB2,383,0,0,905,0,905,G
1-PB2,384,905,0,0,0,905,A
1-PB2,385,911,0,1,0,912,A
1-PB2,386,0,0,0,937,937,C
1-PB2,387,1,0,0,947,948,C
1-PB2,388,1,928,0,1,930,T
1-PB2,389,0,935,0,0,935,T
1-PB2,390,0,934,0,2,936,T
1-PB2,391,0,0,935,0,935,G
1-PB2,392,1,1,936,0,938,G
1-PB2,393,1,0,0,936,937,C
1-PB2,394,1,0,0,920,921,C
1-PB2,395,0,1,0,929,930,C
1-PB2,396,0,894,0,1,895,T
1-PB2,397,0,1,901,0,902,G
1-PB2,398,1,900,0,0,901,T
1-PB2,399,0,906,0,0,906,T
1-PB2,400,1,0,0,906,907,C
1-PB2,401,896,0,0,0,896,A
1-PB2,402,0,899,0,0,899,T
1-PB2,403,0,898,0,1,899,T
1-PB2,404,0,900,0,2,902,T
1-PB2,405,0,901,0,1,902,T
1-PB2,406,892,0,1,0,893,A
1-PB2,407,0,0,892,0,892,G
1-PB2,408,890,0,0,0,890,A
1-PB2,409,892,0,0,0,892,A
1-PB2,410,893,0,1,0,894,A
1-PB2,411,1,888,0,1,890,T
1-PB2,412,1,0,0,887,888,C
1-PB2,413,886,0,1,0,887,A
1-PB2,414,885,0,3,0,888,A
1-PB2,415,0,0,894,0,894,G
1-PB2,416,0,890,0,1,891,T
1-PB2,417,0,1,0,892,893,C
1-PB2,418,892,1,4,0,897,A
1-PB2,419,897,0,1,0,898,A
1-PB2,420,0,1,898,0,899,G
1-PB2,421,901,0,1,0,902,A
1-PB2,422,0,900,0,1,901,T
1-PB2,423,908,0,1,0,909,A
1-PB2,424,0,1,0,906,907,C
1-PB2,425,1,0,910,0,911,G
1-PB2,426,0,0,0,916,916,C
1-PB2,427,909,0,0,0,909,A
1-PB2,428,0,0,917,0,917,G
1-PB2,429,915,0,0,0,915,A
1-PB2,430,918,1,1,0,920,A
1-PB2,431,0,0,935,0,935,G
1-PB2,432,922,0,1,0,923,A
1-PB2,433,0,0,927,0,927,G
1-PB2,434,0,925,0,0,925,T
1-PB2,435,918,0,1,0,919,A
1-PB2,436,1,0,934,0,935,G
1-PB2,437,947,0,2,0,949,A
1-PB2,438,0,1,0,979,980,C
1-PB2,439,971,0,0,0,971,A
1-PB2,440,0,959,0,0,959,T
1-PB2,441,958,0,0,0,958,A
1-PB2,442,963,0,0,0,963,A
1-PB2,443,972,0,0,0,972,A
1-PB2,444,0,0,0,981,981,C
1-PB2,445,2,0,0,962,964,C
1-PB2,446,1,0,0,951,952,C
1-PB2,447,0,903,0,0,903,T
1-PB2,448,0,0,906,0,906,G
1-PB2,449,1,0,912,0,913,G
1-PB2,450,0,913,0,1,914,T
1-PB2,451,0,1,1,911,913,C
1-PB2,452,918,0,0,0,918,A
1-PB2,453,0,913,0,1,914,T
1-PB2,454,0,0,917,0,917,G
1-PB2,455,0,0,0,917,917,C
1-PB2,456,913,0,1,1,915,A
1-PB2,457,0,0,913,0,913,G
1-PB2,458,896,1,1,0,898,A
1-PB2,459,0,0,0,910,910,C
1-PB2,460,0,0,0,912,912,C
1-PB2,461,0,894,0,0,894,T
1-PB2,462,1,0,0,893,894,C
1-PB2,463,888,0,1,0,889,A
1-PB2,464,0,0,910,0,910,G
1-PB2,465,0,908,0,0,908,T
1-PB2,466,0,0,906,0,906,G
1-PB2,467,0,0,0,907,907,C
1-PB2,468,1,1,0,887,889,C
1-PB2,469,890,0,0,0,890,A
1-PB2,470,891,0,0,0,891,A
1-PB2,471,886,0,1,0,887,A
1-PB2,472,0,0,889,0,889,G
1-PB2,473,873,0,0,0,873,A
1-PB2,474,0,0,885,0,885,G
1-PB2,475,1,0,884,0,885,G
1-PB2,476,0,0,0,884,884,C
1-PB2,477,883,0,3,0,886,A
1-PB2,478,0,1,0,883,884,C
1-PB2,479,887,0,1,0,888,A
1-PB2,480,908,0,1,0,909,A
1-PB2,481,0,0,914,0,914,G
1-PB2,482,936,0,0,0,936,A
1-PB2,483,0,932,0,0,932,T
1-PB2,484,0,0,927,0,927,G
1-PB2,485,0,931,0,0,931,T
1-PB2,486,933,0,1,0,934,A
1-PB2,487,937,0,1,0,938,A
1-PB2,488,0,938,0,1,939,T
1-PB2,489,0,910,0,0,910,T
1-PB2,490,906,0,0,0,906,A
1-PB2,491,0,885,0,1,886,T
1-PB2,492,0,0,884,0,884,G
1-PB2,493,0,0,887,0,887,G
1-PB2,494,883,0,0,0,883,A
1-PB2,495,882,0,2,0,884,A
1-PB2,496,0,0,881,0,881,G
1-PB2,497,0,878,0,2,880,T
1-PB2,498,0,878,0,0,878,T
1-PB2,499,0,0,883,0,883,G
1-PB2,500,0,876,0,2,878,T
1-PB2,501,1,877,0,0,878,T
1-PB2,502,0,878,0,0,878,T
1-PB2,503,1,878,0,1,880,T
1-PB2,504,1,885,0,0,886,T
1-PB2,505,1,0,0,883,884,C
1-PB2,506,0,0,0,883,883,C
1-PB2,507,0,1,0,885,886,C
1-PB2,508,886,0,0,0,886,A
1-PB2,509,885,1,0,1,887,A
1-PB2,510,0,888,0,0,888,T
1-PB2,511,0,0,893,0,893,G
1-PB2,512,889,0,1,0,890,A
1-PB2,513,885,0,1,0,886,A
1-PB2,514,0,0,887,0,887,G
1-PB2,515,0,886,0,0,886,T
1-PB2,516,0,2,886,0,888,G
1-PB2,517,0,2,882,0,884,G
1-PB2,518,0,0,880,0,880,G
1-PB2,519,885,1,2,1,889,A
1-PB2,520,0,0,890,0,890,G
1-PB2,521,0,2,0,885,887,C
1-PB2,522,0,0,0,894,894,C
1-PB2,523,893,0,0,0,893,A
1-PB2,524,0,0,905,0,905,G
1-PB2,525,0,1,909,0,910,G
1-PB2,526,913,0,2,0,915,A
1-PB2,527,0,915,0,0,915,T
1-PB2,528,918,0,0,0,918,A
1-PB2,529,1,2,0,912,915,C
1-PB2,530,0,913,0,1,914,T
1-PB2,531,914,0,0,0,914,A
1-PB2,532,909,0,1,0,910,A
1-PB2,533,0,0,0,926,926,C
1-PB2,534,914,0,0,0,914,A
1-PB2,535,0,901,0,3,904,T
1-PB2,536,0,0,0,903,903,C
1-PB2,537,888,0,0,0,888,A
1-PB2,538,0,1,900,0,901,G
1-PB2,539,901,0,0,0,901,A
1-PB2,540,895,0,1,0,896,A
1-PB2,541,0,895,0,0,895,T
1-PB2,542,1,1,0,877,879,C
1-PB2,543,880,0,0,0,880,A
1-PB2,544,0,0,0,889,889,C
1-PB2,545,888,0,2,0,890,A
1-PB2,546,897,0,0,0,897,A
1-PB2,547,0,879,0,1,880,T
1-PB2,548,0,878,0,0,878,T
1-PB2,549,880,0,1,0,881,A
1-PB2,550,882,0,1,0,883,A
1-PB2,551,0,0,0,885,885,C
1-PB2,552,881,0,2,0,883,A
1-PB2,553,872,0,0,0,872,A
1-PB2,554,0,872,0,0,872,T
1-PB2,555,868,0,0,0,868,A
1-PB2,556,870,0,1,0,871,A
1-PB2,557,0,0,0,875,875,C
1-PB2,558,0,869,0,0,869,T
1-PB2,559,869,0,0,0,869,A
1-PB2,560,862,0,0,0,862,A
1-PB2,561,862,0,2,0,864,A
1-PB2,562,0,1,863,0,864,G
1-PB2,563,840,1,1,0,842,A
1-PB2,564,0,1,851,0,852,G
1-PB2,565,843,0,1,0,844,A
1-PB2,566,842,0,0,0,842,A
1-PB2,567,843,0,1,1,845,A
1-PB2,568,840,0,0,0,840,A
1-PB2,569,848,0,1,0,849,A
1-PB2,570,847,0,1,0,848,A
1-PB2,571,1,0,851,0,852,G
1-PB2,572,847,2,0,0,849,A
1-PB2,573,845,0,0,0,845,A
1-PB2,574,0,0,843,0,843,G
1-PB2,575,843,0,2,0,845,A
1-PB2,576,847,0,0,0,847,A
1-PB2,577,0,0,0,849,849,C
1-PB2,578,0,839,0,2,841,T
1-PB2,579,1,0,0,842,843,C
1-PB2,580,3,0,0,837,840,C
1-PB2,581,2,0,843,0,845,G
1-PB2,582,842,0,2,0,844,A
1-PB2,583,0,0,845,0,845,G
1-PB2,584,836,0,0,0,836,A
1-PB2,585,0,840,0,0,840,T
1-PB2,586,0,828,0,1,829,T
1-PB2,587,0,0,831,0,831,G
1-PB2,588,0,0,0,828,828,C
1-PB2,589,831,0,0,0,831,A
1-PB2,590,832,1,2,0,835,A
1-PB2,591,833,0,0,0,833,A
1-PB2,592,844,0,0,0,844,A
1-PB2,593,0,845,0,0,845,T
1-PB2,594,1,842,1,1,845,T
1-PB2,595,1,840,0,2,843,T
1-PB2,596,0,0,0,842,842,C
1-PB2,597,0,840,0,0,840,T
1-PB2,598,1,0,0,873,874,C
1-PB2,599,1,0,0,865,866,C
1-PB2,600,1,0,0,913,914,C
1-PB2,601,0,908,0,0,908,T
1-PB2,602,0,919,0,0,919,T
1-PB2,603,0,1,919,0,920,G
1-PB2,604,919,0,1,1,921,A
1-PB2,605,0,935,0,0,935,T
1-PB2,606,1,1,939,0,941,G
1-PB2,607,0,1,994,0,995,G
1-PB2,608,0,1002,0,2,1004,T
1-PB2,609,0,998,0,2,1000,T
1-PB2,610,1,0,1041,0,1042,G
1-PB2,611,1,1,0,1058,1060,C
1-PB2,612,1066,1,1,0,1068,A
1-PB2,613,0,1072,0,1,1073,T
1-PB2,614,1080,0,1,0,1081,A
1-PB2,615,0,68,0,1041,1109,C
1-PB2,616,1163,0,0,2,1165,A
1-PB2,617,0,1181,0,1,1182,T
1-PB2,618,1,0,1220,0,1221,G
1-PB2,619,1,1175,0,1,1177,T
1-PB2,620,0,1166,0,1,1167,T
1-PB2,621,1160,0,2,0,1162,A
1-PB2,622,0,0,1162,0,1162,G
1-PB2,623,1168,1,0,0,1169,A
1-PB2,624,1,0,1181,0,1182,G
1-PB2,625,1114,0,2,0,1116,A
1-PB2,626,1,0,1115,0,1116,G
1-PB2,627,1096,1,2,0,1099,A
1-PB2,628,1,0,1103,0,1104,G
1-PB2,629,1102,1,1,0,1104,A
1-PB2,630,1105,0,1,1,1107,A
1-PB2,631,0,0,0,1112,1112,C
1-PB2,632,0,1099,0,2,1101,T
1-PB2,633,0,1095,1,0,1096,T
1-PB2,634,0,0,1094,0,1094,G
1-PB2,635,0,1092,0,0,1092,T
1-PB2,636,1094,0,0,0,1094,A
1-PB2,637,0,0,1,1091,1092,C
1-PB2,638,0,0,1091,0,1091,G
1-PB2,639,1091,1,0,0,1092,A
1-PB2,640,1089,0,0,0,1089,A
1-PB2,641,1112,0,0,0,1112,A
1-PB2,642,1111,0,0,0,1111,A
1-PB2,643,1112,0,2,1,1115,A
1-PB2,644,0,0,0,1115,1115,C
1-PB2,645,1115,0,0,0,1115,A
1-PB2,646,1114,1,0,1,1116,A
1-PB2,647,0,0,1123,0,1123,G
1-PB2,648,1123,0,0,1,1124,A
1-PB2,649,0,1124,0,0,1124,T
1-PB2,650,0,1120,0,1,1121,T
1-PB2,651,0,1125,0,0,1125,T
1-PB2,652,1,0,0,1132,1133,C
1-PB2,653,0,1129,0,0,1129,T
1-PB2,654,0,2,0,1137,1139,C
1-PB2,655,0,1,0,1129,1130,C
1-PB2,656,1,0,0,1133,1134,C
1-PB2,657,1134,0,0,0,1134,A
1-PB2,658,0,1,1142,0,1143,G
1-PB2,659,0,1144,0,0,1144,T
1-PB2,660,0,1140,0,0,1140,T
1-PB2,661,0,0,1142,0,1142,G
1-PB2,662,0,0,0,1142,1142,C
1-PB2,663,0,1140,0,0,1140,T
1-PB2,664,0,1,1141,0,1142,G
1-PB2,665,0,0,1142,0,1142,G
1-PB2,666,0,0,0,1130,1130,C
1-PB2,667,0,1,1140,0,1141,G
1-PB2,668,0,0,1152,0,1152,G
1-PB2,669,1152,1,1,0,1154,A
1-PB2,670,1155,1,0,0,1156,A
1-PB2,671,0,1,0,1156,1157,C
1-PB2,672,1155,1,2,0,1158,A
1-PB2,673,1157,0,1,0,1158,A
1-PB2,674,0,0,1202,0,1202,G
1-PB2,675,0,1,0,1213,1214,C
1-PB2,676,1215,0,1,0,1216,A
1-PB2,677,1,0,1479,0,1480,G
1-PB2,678,0,1471,0,1,1472,T
1-PB2,679,1476,0,0,0,1476,A
1-PB2,680,0,1471,0,1,1472,T
1-PB2,681,1484,0,0,0,1484,A
1-PB2,682,1,1480,0,0,1481,T
1-PB2,683,1461,0,0,0,1461,A
1-PB2,684,2,0,0,1481,1483,C
1-PB2,685,1420,1,1,0,1422,A
1-PB2,686,0,1353,0,0,1353,T
1-PB2,687,1,1306,0,1,1308,T
1-PB2,688,0,1,1307,0,1308,G
1-PB2,689,1308,0,0,0,1308,A
1-PB2,690,1308,0,1,0,1309,A
1-PB2,691,0,0,1325,0,1325,G
1-PB2,692,0,1310,0,3,1313,T
1-PB2,693,0,1293,0,1,1294,T
1-PB2,694,1,1289,1,4,1295,T
1-PB2,695,0,1298,0,2,1300,T
1-PB2,696,1314,1,0,0,1315,A
1-PB2,697,0,0,0,1324,1324,C
1-PB2,698,1319,0,1,0,1320,A
1-PB2,699,0,1320,0,1,1321,T
1-PB2,700,0,1303,1,3,1307,T
1-PB2,701,0,1312,1,0,1313,T
1-PB2,702,0,4,1317,0,1321,G
1-PB2,703,1320,1,2,0,1323,A
1-PB2,704,0,0,0,1325,1325,C
1-PB2,705,0,1316,0,3,1319,T
1-PB2,706,1,0,0,1316,1317,C
1-PB2,707,1313,1,2,0,1316,A
1-PB2,708,1,0,1305,0,1306,G
1-PB2,709,1,0,1334,0,1335,G
1-PB2,710,1,1,1334,0,1336,G
1-PB2,711,1337,0,1,0,1338,A
1-PB2,712,1337,0,0,0,1337,A
1-PB2,713,0,1,0,1333,1334,C
1-PB2,714,2,0,1345,0,1347,G
1-PB2,715,0,1344,0,0,1344,T
1-PB2,716,1,1,1353,0,1355,G
1-PB2,717,0,1344,0,0,1344,T
1-PB2,718,0,1345,0,0,1345,T
1-PB2,719,0,0,1345,0,1345,G
1-PB2,720,0,0,1347,0,1347,G
1-PB2,721,0,0,1360,0,1360,G
1-PB2,722,1354,0,1,0,1355,A
1-PB2,723,1352,1,0,0,1353,A
1-PB2,724,0,0,0,1392,1392,C
1-PB2,725,1386,1,1,0,1388,A
1-PB2,726,1430,0,0,0,1430,A
1-PB2,727,1432,2,0,0,1434,A
1-PB2,728,0,1440,0,0,1440,T
1-PB2,729,2,0,1456,0,1458,G
1-PB2,730,0,1450,0,2,1452,T
1-PB2,731,1451,0,0,0,1451,A
1-PB2,732,1,0,0,1459,1460,C
1-PB2,733,1429,0,2,0,1431,A
1-PB2,734,0,0,0,1424,1424,C
1-PB2,735,0,1393,0,2,1395,T
1-PB2,736,1,2,0,1487,1490,C
1-PB2,737,0,0,0,1490,1490,C
1-PB2,738,1512,0,0,0,1512,A
1-PB2,739,4,0,1515,0,1519,G
1-PB2,740,0,0,1550,0,1550,G
1-PB2,741,1,1537,0,4,1542,T
1-PB2,742,0,0,1544,0,1544,G
1-PB2,743,0,2,1500,1,1503,G
1-PB2,744,1486,0,1,0,1487,A
1-PB2,745,0,1,1501,0,1502,G
1-PB2,746,0,0,1504,0,1504,G
1-PB2,747,1480,0,3,0,1483,A
1-PB2,748,0,0,1496,0,1496,G
1-PB2,749,0,1455,0,0,1455,T
1-PB2,750,2,1,1457,0,1460,G
1-PB2,751,1463,0,1,0,1464,A
1-PB2,752,0,1,1466,0,1467,G
1-PB2,753,0,0,1476,0,1476,G
1-PB2,754,1472,0,2,0,1474,A
1-PB2,755,1467,0,6,0,1473,A
1-PB2,756,1,1472,1,1,1475,T
1-PB2,757,1,1,1470,0,1472,G
1-PB2,758,1471,0,1,0,1472,A
1-PB2,759,0,0,0,1463,1463,C
1-PB2,760,1,0,1461,0,1462,G
1-PB2,761,1471,1,0,0,1472,A
1-PB2,762,0,1466,0,1,1467,T
1-PB2,763,0,0,1472,0,1472,G
1-PB2,764,0,1469,0,0,1469,T
1-PB2,765,0,1459,0,2,1461,T
1-PB2,766,0,0,1470,0,1470,G
1-PB2,767,1472,1,5,0,1478,A
1-PB2,768,0,0,0,1478,1478,C
1-PB2,769,2,1,0,1471,1474,C
1-PB2,770,1465,0,0,0,1465,A
1-PB2,771,1465,0,0,0,1465,A
1-PB2,772,1469,0,1,0,1470,A
1-PB2,773,0,0,1523,0,1523,G
1-PB2,774,0,2,0,1524,1526,C
1-PB2,775,0,0,0,1513,1513,C
1-PB2,776,0,1519,0,3,1522,T
1-PB2,777,1521,0,1,0,1522,A
1-PB2,778,1520,0,4,0,1524,A
1-PB2,779,1,1526,1,0,1528,T
1-PB2,780,0,1523,0,1,1524,T
1-PB2,781,1508,0,0,0,1508,A
1-PB2,782,0,1466,0,2,1468,T
1-PB2,783,0,1461,0,3,1464,T
1-PB2,784,0,0,1461,0,1461,G
1-PB2,785,1,1,0,1455,1457,C
1-PB2,786,0,0,1456,0,1456,G
1-PB2,787,0,1,1476,0,1477,G
1-PB2,788,1,1,0,1469,1471,C
1-PB2,789,3,1,0,1468,1472,C
1-PB2,790,1475,0,0,0,1475,A
1-PB2,791,0,1,1488,0,1489,G
1-PB2,792,4,1,1490,0,1495,G
1-PB2,793,1488,0,4,0,1492,A
1-PB2,794,1495,0,3,0,1498,A
1-PB2,795,1,2,0,1498,1501,C
1-PB2,796,1474,0,2,0,1476,A
1-PB2,797,0,1481,0,2,1483,T
1-PB2,798,1503,0,1,0,1504,A
1-PB2,799,1,0,1515,0,1516,G
1-PB2,800,1,1502,0,0,1503,T
1-PB2,801,1491,0,1,0,1492,A
1-PB2,802,1485,0,2,0,1487,A
1-PB2,803,0,0,1490,0,1490,G
1-PB2,804,1485,0,2,0,1487,A
1-PB2,805,1472,0,2,0,1474,A
1-PB2,806,1,0,1463,0,1464,G
1-PB2,807,1424,0,3,0,1427,A
1-PB2,808,0,0,1429,0,1429,G
1-PB2,809,1,1,1,1418,1421,C
1-PB2,810,5,3,0,1416,1424,C
1-PB2,811,0,0,1424,0,1424,G
1-PB2,812,0,0,0,1427,1427,C
1-PB2,813,1436,0,1,1,1438,A
1-PB2,814,1,1,1515,0,1517,G
1-PB2,815,1,1507,0,0,1508,T
1-PB2,816,1512,0,0,0,1512,A
1-PB2,817,0,1499,0,0,1499,T
1-PB2,818,0,1,0,1500,1501,C
1-PB2,819,1495,1,2,0,1498,A
1-PB2,820,0,0,1504,0,1504,G
1-PB2,821,0,0,0,1503,1503,C
1-PB2,822,1457,0,2,0,1459,A
1-PB2,823,1,0,1447,0,1448,G
1-PB2,824,1450,0,0,0,1450,A
1-PB2,825,1,1446,0,4,1451,T
1-PB2,826,1,1,0,1447,1449,C
1-PB2,827,1,1,0,1446,1448,C
1-PB2,828,1451,2,2,0,1455,A
1-PB2,829,0,0,0,1460,1460,C
1-PB2,830,0,1454,0,0,1454,T
1-PB2,831,1455,1,0,0,1456,A
1-PB2,832,0,0,1461,0,1461,G
1-PB2,833,0,2,1,1445,1448,C
1-PB2,834,1445,0,1,1,1447,A
1-PB2,835,0,1455,0,0,1455,T
1-PB2,836,1,0,0,1466,1467,C
1-PB2,837,0,1457,0,3,1460,T
1-PB2,838,0,1489,0,0,1489,T
1-PB2,839,0,1494,0,0,1494,T
1-PB2,840,1486,1,0,0,1487,A
1-PB2,841,1,1488,0,1,1490,T
1-PB2,842,0,1482,0,0,1482,T
1-PB2,843,2,0,1478,0,1480,G
1-PB2,844,0,3,1472,1,1476,G
1-PB2,845,1435,1,3,0,1439,A
1-PB2,846,0,0,1438,0,1438,G
1-PB2,847,1410,0,1,0,1411,A
1-PB2,848,0,1403,0,3,1406,T
1-PB2,849,12,0,1401,0,1413,G
1-PB2,850,0,1408,0,1,1409,T
1-PB2,851,1,0,1404,0,1405,G
1-PB2,852,0,0,0,1415,1415,C
1-PB2,853,0,2,1,1406,1409,C
1-PB2,854,1404,0,1,1,1406,A
1-PB2,855,0,1,0,1406,1407,C
1-PB2,856,1389,0,2,1,1392,A
1-PB2,857,1,0,1415,0,1416,G
1-PB2,858,0,1,0,1398,1399,C
1-PB2,859,1392,0,1,1,1394,A
1-PB2,860,1,0,0,1393,1394,C
1-PB2,861,1392,1,0,0,1393,A
1-PB2,862,0,0,0,1406,1406,C
1-PB2,863,1407,0,1,0,1408,A
1-PB2,864,1403,2,1,0,1406,A
1-PB2,865,1407,0,0,0,1407,A
1-PB2,866,0,1371,0,0,1371,T
1-PB2,867,0,1366,1,0,1367,T
1-PB2,868,7,1,1356,0,1364,G
1-PB2,869,2,0,1356,0,1358,G
1-PB2,870,0,2,0,1361,1363,C
1-PB2,871,2,0,1345,0,1347,G
1-PB2,872,0,3,1361,0,1364,G
1-PB2,873,0,3,1362,0,1365,G
1-PB2,874,1367,0,2,0,1369,A
1-PB2,875,0,0,0,1367,1367,C
1-PB2,876,1368,0,1,0,1369,A
1-PB2,877,1367,0,2,1,1370,A
1-PB2,878,0,1,1370,0,1371,G
1-PB2,879,1,1,1367,0,1369,G
1-PB2,880,1377,0,1,0,1378,A
1-PB2,881,0,1321,0,1,1322,T
1-PB2,882,1,0,1301,0,1302,G
1-PB2,883,1,1,1313,0,1315,G
1-PB2,884,0,1301,1,2,1304,T
1-PB2,885,0,1,1301,0,1302,G
1-PB2,886,1,0,1299,0,1300,G
1-PB2,887,1276,0,2,0,1278,A
1-PB2,888,1,2,0,1274,1277,C
1-PB2,889,1267,0,0,0,1267,A
1-PB2,890,0,1404,0,0,1404,T
1-PB2,891,1,1395,0,2,1398,T
1-PB2,892,0,0,0,1389,1389,C
1-PB2,893,0,1369,0,2,1371,T
1-PB2,894,0,1369,0,0,1369,T
1-PB2,895,1367,0,1,0,1368,A
1-PB2,896,0,1,1380,0,1381,G
1-PB2,897,1376,0,0,0,1376,A
1-PB2,898,0,0,0,1372,1372,C
1-PB2,899,1076,0,0,0,1076,A
1-PB2,900,2,0,1090,0,1092,G
1-PB2,901,1088,0,2,0,1090,A
1-PB2,902,1089,0,1,0,1090,A
1-PB2,903,1,1,0,1090,1092,C
1-PB2,904,1,0,0,1089,1090,C
1-PB2,905,1,1,0,1089,1091,C
1-PB2,906,0,0,1091,0,1091,G
1-PB2,907,1091,0,1,0,1092,A
1-PB2,908,0,0,0,1089,1089,C
1-PB2,909,0,1077,0,0,1077,T
1-PB2,910,0,1,1083,0,1084,G
1-PB2,911,1083,0,1,0,1084,A
1-PB2,912,1093,0,0,1,1094,A
1-PB2,913,0,0,1095,0,1095,G
1-PB2,914,1094,0,1,0,1095,A
1-PB2,915,1094,0,1,0,1095,A
1-PB2,916,1,1,0,1091,1093,C
1-PB2,917,1093,0,0,0,1093,A
1-PB2,918,1092,0,2,0,1094,A
1-PB2,919,0,0,1100,0,1100,G
1-PB2,920,0,0,0,1106,1106,C
1-PB2,921,0,1100,0,0,1100,T
1-PB2,922,1,1,1119,0,1121,G
1-PB2,923,0,1115,0,1,1116,T
1-PB2,924,0,0,1146,0,1146,G
1-PB2,925,0,1,1178,0,1179,G
1-PB2,926,1178,0,2,0,1180,A
1-PB2,927,1,1178,0,2,1181,T
1-PB2,928,1176,0,1,0,1177,A
1-PB2,929,0,1170,0,0,1170,T
1-PB2,930,1189,1,0,0,1190,A
1-PB2,931,1,1162,0,1,1164,T
1-PB2,932,0,0,1161,0,1161,G
1-PB2,933,1,0,0,1152,1153,C
1-PB2,934,1127,2,0,0,1129,A
1-PB2,935,1132,0,1,0,1133,A
1-PB2,936,0,1,1127,0,1128,G
1-PB2,937,1,0,1142,0,1143,G
1-PB2,938,0,0,0,1145,1145,C
1-PB2,939,0,1130,0,0,1130,T
1-PB2,940,0,0,1130,0,1130,G
1-PB2,941,0,0,0,1132,1132,C
1-PB2,942,1135,0,1,0,1136,A
1-PB2,943,1133,0,2,0,1135,A
1-PB2,944,0,1133,0,0,1133,T
1-PB2,945,1,0,1134,0,1135,G
1-PB2,946,0,0,1132,0,1132,G
1-PB2,947,1,0,1129,0,1130,G
1-PB2,948,1126,0,3,0,1129,A
1-PB2,949,1,1119,1,0,1121,T
1-PB2,950,0,1117,0,2,1119,T
1-PB2,951,0,1,1118,0,1119,G
1-PB2,952,1116,0,1,0,1117,A
1-PB2,953,0,1,1123,0,1124,G
1-PB2,954,1112,0,1,0,1113,A
1-PB2,955,1115,0,0,0,1115,A
1-PB2,956,0,1102,0,1,1103,T
1-PB2,957,1,1,0,1105,1107,C
1-PB2,958,1107,0,0,0,1107,A
1-PB2,959,1,0,1112,0,1113,G
1-PB2,960,1,0,0,1109,1110,C
1-PB2,961,0,1108,0,2,1110,T
1-PB2,962,0,0,0,1107,1107,C
1-PB2,963,1105,0,1,0,1106,A
1-PB2,964,0,1118,0,0,1118,T
1-PB2,965,1,1,0,1120,1122,C
1-PB2,966,0,0,0,1127,1127,C
1-PB2,967,0,1118,0,4,1122,T
1-PB2,968,1,1116,0,2,1119,T
1-PB2,969,0,0,0,1123,1123,C
1-PB2,970,1121,1,2,0,1124,A
1-PB2,971,0,0,1136,1,1137,G
1-PB2,972,0,0,0,1135,1135,C
1-PB2,973,0,1115,0,1,1116,T
1-PB2,974,0,1120,0,2,1122,T
1-PB2,975,0,1114,0,0,1114,T
1-PB2,976,0,3,1109,0,1112,G
1-PB2,977,0,1,1112,0,1113,G
1-PB2,978,0,1104,0,1,1105,T
1-PB2,979,0,1,1119,0,1120,G
1-PB2,980,0,1,1113,0,1114,G
1-PB2,981,0,0,1122,0,1122,G
1-PB2,982,0,1113,0,1,1114,T
1-PB2,983,0,1115,0,0,1115,T
1-PB2,984,0,1119,0,0,1119,T
1-PB2,985,1120,1,0,0,1121,A
1-PB2,986,0,0,0,1126,1126,C
1-PB2,987,1122,0,0,0,1122,A
1-PB2,988,0,1112,0,1,1113,T
1-PB2,989,0,1092,0,0,1092,T
1-PB2,990,0,1089,0,0,1089,T
1-PB2,991,1087,0,1,0,1088,A
1-PB2,992,1085,0,2,0,1087,A
1-PB2,993,1085,0,2,0,1087,A
1-PB2,994,1084,0,1,0,1085,A
1-PB2,995,0,1,1093,0,1094,G
1-PB2,996,1088,0,1,0,1089,A
1-PB2,997,1088,0,5,0,1093,A
1-PB2,998,0,1,0,1092,1093,C
1-PB2,999,1089,0,0,0,1089,A
1-PB2,1000,1089,0,0,0,1089,A
1-PB2,1001,0,0,1078,0,1078,G
1-PB2,1002,0,0,0,1087,1087,C
1-PB2,1003,0,1,1085,0,1086,G
1-PB2,1004,0,1,1090,0,1091,G
1-PB2,1005,0,0,1088,0,1088,G
1-PB2,1006,0,1084,0,1,1085,T
1-PB2,1007,3,1,0,1076,1080,C
1-PB2,1008,1087,0,1,0,1088,A
1-PB2,1009,0,1090,0,1,1091,T
1-PB2,1010,2,0,0,1085,1087,C
1-PB2,1011,1085,0,0,0,1085,A
1-PB2,1012,0,0,1104,0,1104,G
1-PB2,1013,0,1092,0,1,1093,T
1-PB2,1014,0,0,0,1096,1096,C
1-PB2,1015,1094,2,0,0,1096,A
1-PB2,1016,1097,0,0,0,1097,A
1-PB2,1017,1095,1,0,0,1096,A
1-PB2,1018,1092,0,1,0,1093,A
1-PB2,1019,1099,0,0,0,1099,A
1-PB2,1020,1097,0,2,0,1099,A
1-PB2,1021,0,0,1099,0,1099,G
1-PB2,1022,1095,0,0,0,1095,A
1-PB2,1023,1092,0,4,0,1096,A
1-PB2,1024,0,1,1096,0,1097,G
1-PB2,1025,1091,0,1,0,1092,A
1-PB2,1026,1057,0,3,0,1060,A
1-PB2,1027,0,2,1054,0,1056,G
1-PB2,1028,1049,0,1,0,1050,A
1-PB2,1029,0,0,1054,0,1054,G
1-PB2,1030,0,0,1067,0,1067,G
1-PB2,1031,0,1065,0,2,1067,T
1-PB2,1032,0,0,1086,0,1086,G
1-PB2,1033,0,1,0,1074,1075,C
1-PB2,1034,0,1073,0,4,1077,T
1-PB2,1035,0,1076,0,1,1077,T
1-PB2,1036,1077,0,3,0,1080,A
1-PB2,1037,0,0,0,1079,1079,C
1-PB2,1038,1067,0,1,0,1068,A
1-PB2,1039,1,0,1073,0,1074,G
1-PB2,1040,0,0,1071,0,1071,G
1-PB2,1041,0,0,0,1064,1064,C
1-PB2,1042,1055,0,0,0,1055,A
1-PB2,1043,1055,0,0,0,1055,A
1-PB2,1044,0,1080,0,1,1081,T
1-PB2,1045,0,1,0,1090,1091,C
1-PB2,1046,1,1082,0,1,1084,T
1-PB2,1047,0,0,0,1084,1084,C
1-PB2,1048,0,0,0,1079,1079,C
1-PB2,1049,1081,0,0,0,1081,A
1-PB2,1050,1078,0,0,0,1078,A
1-PB2,1051,1076,0,1,1,1078,A
1-PB2,1052,0,0,0,1084,1084,C
1-PB2,1053,1052,0,0,0,1052,A
1-PB2,1054,0,1050,0,1,1051,T
1-PB2,1055,0,1042,0,0,1042,T
1-PB2,1056,0,1,1065,0,1066,G
1-PB2,1057,1059,3,0,0,1062,A
1-PB2,1058,1073,0,1,0,1074,A
1-PB2,1059,1074,0,1,0,1075,A
1-PB2,1060,1074,0,2,0,1076,A
1-PB2,1061,0,1081,0,0,1081,T
1-PB2,1062,1078,0,0,0,1078,A
1-PB2,1063,1078,0,1,0,1079,A
1-PB2,1064,0,1,1098,0,1099,G
1-PB2,1065,1065,1,10,0,1076,A
1-PB2,1066,0,0,1111,0,1111,G
1-PB2,1067,0,1093,0,1,1094,T
1-PB2,1068,1096,0,2,0,1098,A
1-PB2,1069,0,2,0,1120,1122,C
1-PB2,1070,1111,0,2,0,1113,A
1-PB2,1071,0,1114,0,2,1116,T
1-PB2,1072,2,1,1113,0,1116,G
1-PB2,1073,1089,0,1,0,1090,A
1-PB2,1074,0,1,1087,0,1088,G
1-PB2,1075,0,1,1069,0,1070,G
1-PB2,1076,0,2,1117,0,1119,G
1-PB2,1077,1,0,1118,0,1119,G
1-PB2,1078,0,1094,0,0,1094,T
1-PB2,1079,1098,0,0,0,1098,A
1-PB2,1080,0,1087,0,1,1088,T
1-PB2,1081,1,0,1099,0,1100,G
1-PB2,1082,1098,0,1,0,1099,A
1-PB2,1083,2,1,1094,0,1097,G
1-PB2,1084,0,1,1089,0,1090,G
1-PB2,1085,1012,0,3,0,1015,A
1-PB2,1086,1,1,1037,0,1039,G
1-PB2,1087,0,1029,0,2,1031,T
1-PB2,1088,0,1071,0,0,1071,T
1-PB2,1089,2,0,0,1072,1074,C
1-PB2,1090,1071,0,1,0,1072,A
1-PB2,1091,0,0,0,1076,1076,C
1-PB2,1092,1070,1,1,0,1072,A
1-PB2,1093,1080,0,0,0,1080,A
1-PB2,1094,0,1079,0,0,1079,T
1-PB2,1095,0,2,1054,0,1056,G
1-PB2,1096,0,0,1062,0,1062,G
1-PB2,1097,0,1024,0,1,1025,T
1-PB2,1098,0,1,1025,0,1026,G
1-PB2,1099,1,2,1025,0,1028,G
1-PB2,1100,0,1,1028,0,1029,G
1-PB2,1101,1,1,1037,0,1039,G
1-PB2,1102,1038,0,0,0,1038,A
1-PB2,1103,1036,0,1,0,1037,A
1-PB2,1104,1040,0,1,0,1041,A
1-PB2,1105,1016,0,5,0,1021,A
1-PB2,1106,1,2,1030,0,1033,G
1-PB2,1107,1008,0,20,0,1028,A
1-PB2,1108,0,0,1028,0,1028,G
1-PB2,1109,0,0,0,1025,1025,C
1-PB2,1110,1013,0,2,0,1015,A
1-PB2,1111,1015,1,3,0,1019,A
1-PB2,1112,0,0,0,1048,1048,C
1-PB2,1113,1047,0,1,0,1048,A
1-PB2,1114,1,0,1063,0,1064,G
1-PB2,1115,0,0,0,1053,1053,C
1-PB2,1116,0,1046,0,5,1051,T
1-PB2,1117,1085,0,1,0,1086,A
1-PB2,1118,0,1086,0,0,1086,T
1-PB2,1119,1090,0,1,0,1091,A
1-PB2,1120,0,4,0,1090,1094,C
1-PB2,1121,0,1043,0,1,1044,T
1-PB2,1122,1047,0,1,0,1048,A
1-PB2,1123,1025,0,0,0,1025,A
1-PB2,1124,0,1,1027,0,1028,G
1-PB2,1125,1020,0,2,0,1022,A
1-PB2,1126,998,0,2,0,1000,A
1-PB2,1127,993,0,3,0,996,A
1-PB2,1128,994,0,3,0,997,A
1-PB2,1129,0,1,998,0,999,G
1-PB2,1130,0,1,0,996,997,C
1-PB2,1131,990,0,2,0,992,A
1-PB2,1132,999,1,1,0,1001,A
1-PB2,1133,0,0,0,1002,1002,C
1-PB2,1134,0,0,0,1002,1002,C
1-PB2,1135,1004,0,0,0,1004,A
1-PB2,1136,1,0,1005,0,1006,G
1-PB2,1137,1003,0,1,0,1004,A
1-PB2,1138,1001,0,0,1,1002,A
1-PB2,1139,0,0,1012,0,1012,G
1-PB2,1140,1003,0,6,0,1009,A
1-PB2,1141,0,1002,1,0,1003,T
1-PB2,1142,0,999,0,0,999,T
1-PB2,1143,0,1,996,0,997,G
1-PB2,1144,1,0,1013,0,1014,G
1-PB2,1145,0,1014,0,2,1016,T
1-PB2,1146,0,1013,0,2,1015,T
1-PB2,1147,2,0,0,1011,1013,C
1-PB2,1148,1035,0,0,0,1035,A
1-PB2,1149,1,0,1067,0,1068,G
1-PB2,1150,1,0,6,1063,1070,C
1-PB2,1151,0,1063,0,1,1064,T
1-PB2,1152,0,0,0,1073,1073,C
1-PB2,1153,1061,0,0,0,1061,A
1-PB2,1154,0,1063,0,0,1063,T
1-PB2,1155,1062,1,3,0,1066,A
1-PB2,1156,0,0,1069,0,1069,G
1-PB2,1157,0,1015,0,2,1017,T
1-PB2,1158,1,0,1013,0,1014,G
1-PB2,1159,991,0,0,0,991,A
1-PB2,1160,0,0,1002,0,1002,G
1-PB2,1161,0,996,0,0,996,T
1-PB2,1162,2,0,997,0,999,G
1-PB2,1163,0,2,998,0,1000,G
1-PB2,1164,998,0,1,0,999,A
1-PB2,1165,997,1,2,0,1000,A
1-PB2,1166,0,0,1003,0,1003,G
1-PB2,1167,993,0,1,0,994,A
1-PB2,1168,2,0,999,0,1001,G
1-PB2,1169,986,0,2,0,988,A
1-PB2,1170,1,0,0,988,989,C
1-PB2,1171,0,1,990,0,991,G
1-PB2,1172,984,0,0,0,984,A
1-PB2,1173,985,0,2,0,987,A
1-PB2,1174,0,0,0,986,986,C
1-PB2,1175,982,0,0,0,982,A
1-PB2,1176,1,0,1020,0,1021,G
1-PB2,1177,1,1012,1,2,1016,T
1-PB2,1178,2,0,0,1010,1012,C
1-PB2,1179,1013,1,4,0,1018,A
1-PB2,1180,1013,0,1,0,1014,A
1-PB2,1181,0,1018,0,1,1019,T
1-PB2,1182,1011,0,2,0,1013,A
1-PB2,1183,0,0,1017,0,1017,G
1-PB2,1184,0,0,0,1005,1005,C
1-PB2,1185,0,2,0,972,974,C
1-PB2,1186,1,0,968,0,969,G
1-PB2,1187,966,0,0,0,966,A
1-PB2,1188,970,0,0,0,970,A
1-PB2,1189,1,0,977,1,979,G
1-PB2,1190,0,0,0,997,997,C
1-PB2,1191,995,0,2,0,997,A
1-PB2,1192,1001,0,0,0,1001,A
1-PB2,1193,0,1004,0,0,1004,T
1-PB2,1194,1004,0,0,0,1004,A
1-PB2,1195,1015,0,0,0,1015,A
1-PB2,1196,0,1012,0,1,1013,T
1-PB2,1197,0,0,0,1003,1003,C
1-PB2,1198,1,0,1003,0,1004,G
1-PB2,1199,0,972,0,0,972,T
1-PB2,1200,0,2,969,0,971,G
1-PB2,1201,0,0,985,0,985,G
1-PB2,1202,0,0,0,988,988,C
1-PB2,1203,2,1,0,983,986,C
1-PB2,1204,979,0,0,0,979,A
1-PB2,1205,1,980,0,1,982,T
1-PB2,1206,1,2,979,0,982,G
1-PB2,1207,1,0,1000,0,1001,G
1-PB2,1208,0,1001,0,1,1002,T
1-PB2,1209,1,0,1007,0,1008,G
1-PB2,1210,0,988,0,0,988,T
1-PB2,1211,0,989,1,2,992,T
1-PB2,1212,0,989,0,2,991,T
1-PB2,1213,0,995,0,0,995,T
1-PB2,1214,1,0,0,1022,1023,C
1-PB2,1215,1026,0,1,0,1027,A
1-PB2,1216,0,0,0,1122,1122,C
1-PB2,1217,1109,0,1,0,1110,A
1-PB2,1218,1122,0,0,1,1123,A
1-PB2,1219,0,0,1134,0,1134,G
1-PB2,1220,1132,0,0,0,1132,A
1-PB2,1221,93,2,1054,0,1149,G
1-PB2,1222,0,1,1162,0,1163,G
1-PB2,1223,1152,0,1,0,1153,A
1-PB2,1224,0,1155,0,1,1156,T
1-PB2,1225,0,1144,0,1,1145,T
1-PB2,1226,0,0,1139,0,1139,G
1-PB2,1227,1,1,0,1130,1132,C
1-PB2,1228,1139,0,1,0,1140,A
1-PB2,1229,0,1155,0,0,1155,T
1-PB2,1230,0,0,1203,0,1203,G
1-PB2,1231,1216,1,3,0,1220,A
1-PB2,1232,0,1227,0,0,1227,T
1-PB2,1233,1224,0,0,1,1225,A
1-PB2,1234,1226,0,0,0,1226,A
1-PB2,1235,1221,0,1,0,1222,A
1-PB2,1236,1226,0,2,0,1228,A
1-PB2,1237,0,1,1230,0,1231,G
1-PB2,1238,0,0,0,1253,1253,C
1-PB2,1239,1280,0,1,0,1281,A
1-PB2,1240,0,0,1311,0,1311,G
1-PB2,1241,0,1309,0,2,1311,T
1-PB2,1242,0,1313,0,0,1313,T
1-PB2,1243,1312,0,3,0,1315,A
1-PB2,1244,3,1,1316,0,1320,G
1-PB2,1245,1308,0,1,0,1309,A
1-PB2,1246,2,0,1312,0,1314,G
1-PB2,1247,1,0,1300,0,1301,G
1-PB2,1248,1,1259,0,1,1261,T
1-PB2,1249,0,0,1265,0,1265,G
1-PB2,1250,1272,0,1,0,1273,A
1-PB2,1251,0,0,0,1276,1276,C
1-PB2,1252,2,1,0,1278,1281,C
1-PB2,1253,1,1242,0,3,1246,T
1-PB2,1254,0,0,1252,0,1252,G
1-PB2,1255,1252,0,0,0,1252,A
1-PB2,1256,1254,0,0,0,1254,A
1-PB2,1257,1,1250,0,0,1251,T
1-PB2,1258,0,1249,0,3,1252,T
1-PB2,1259,0,1256,0,0,1256,T
1-PB2,1260,1,0,0,1253,1254,C
1-PB2,1261,1,0,1253,0,1254,G
1-PB2,1262,0,1250,1,3,1254,T
1-PB2,1263,1,0,0,1252,1253,C
1-PB2,1264,1251,0,1,0,1252,A
1-PB2,1265,1252,0,1,0,1253,A
1-PB2,1266,0,0,0,1251,1251,C
1-PB2,1267,1242,0,1,0,1243,A
1-PB2,1268,1,1,1252,1,1255,G
1-PB2,1269,1251,0,2,0,1253,A
1-PB2,1270,0,0,1258,0,1258,G
1-PB2,1271,0,0,0,1257,1257,C
1-PB2,1272,1258,0,0,0,1258,A
1-PB2,1273,1262,0,0,0,1262,A
1-PB2,1274,1263,0,1,0,1264,A
1-PB2,1275,1,1261,0,1,1263,T
1-PB2,1276,0,0,0,1267,1267,C
1-PB2,1277,1262,0,0,0,1262,A
1-PB2,1278,1,0,1263,0,1264,G
1-PB2,1279,0,0,0,1262,1262,C
1-PB2,1280,0,0,1264,0,1264,G
1-PB2,1281,1,1,1334,0,1336,G
1-PB2,1282,0,1329,0,2,1331,T
1-PB2,1283,0,1332,0,3,1335,T
1-PB2,1284,1,2,1334,0,1337,G
1-PB2,1285,1329,0,6,0,1335,A
1-PB2,1286,1340,0,1,0,1341,A
1-PB2,1287,0,0,0,1349,1349,C
1-PB2,1288,1,0,0,1346,1347,C
1-PB2,1289,2,0,0,1349,1351,C
1-PB2,1290,2,0,0,1318,1320,C
1-PB2,1291,1326,0,0,0,1326,A
1-PB2,1292,0,1329,0,1,1330,T
1-PB2,1293,0,0,1336,0,1336,G
1-PB2,1294,0,0,0,1342,1342,C
1-PB2,1295,1336,1,0,0,1337,A
1-PB2,1296,0,1331,0,1,1332,T
1-PB2,1297,1,1,0,1327,1329,C
1-PB2,1298,1326,0,2,0,1328,A
1-PB2,1299,0,1,1349,0,1350,G
1-PB2,1300,2,0,0,1352,1354,C
1-PB2,1301,0,1349,0,2,1351,T
1-PB2,1302,0,1348,0,1,1349,T
1-PB2,1303,0,1350,0,1,1351,T
1-PB2,1304,0,1350,0,1,1351,T
1-PB2,1305,1354,0,0,0,1354,A
1-PB2,1306,1355,1,0,0,1356,A
1-PB2,1307,0,0,1356,0,1356,G
1-PB2,1308,1,0,1343,0,1344,G
1-PB2,1309,1,0,0,1345,1346,C
1-PB2,1310,1345,0,0,0,1345,A
1-PB2,1311,1,1339,0,0,1340,T
1-PB2,1312,0,1345,0,1,1346,T
1-PB2,1313,0,1346,0,0,1346,T
1-PB2,1314,0,1349,0,0,1349,T
1-PB2,1315,0,0,0,1350,1350,C
1-PB2,1316,1348,0,1,0,1349,A
1-PB2,1317,1,0,1347,0,1348,G
1-PB2,1318,1342,0,2,0,1344,A
1-PB2,1319,1345,0,2,0,1347,A
1-PB2,1320,1342,0,2,1,1345,A
1-PB2,1321,0,1,1347,0,1348,G
1-PB2,1322,1353,0,2,0,1355,A
1-PB2,1323,1,1357,0,0,1358,T
1-PB2,1324,0,0,1360,0,1360,G
1-PB2,1325,1,1,0,1357,1359,C
1-PB2,1326,1,0,1361,0,1362,G
1-PB2,1327,1355,0,4,0,1359,A
1-PB2,1328,1360,1,0,0,1361,A
1-PB2,1329,1360,0,2,0,1362,A
1-PB2,1330,1,0,1364,0,1365,G
1-PB2,1331,0,1359,0,2,1361,T
1-PB2,1332,0,0,1360,0,1360,G
1-PB2,1333,0,0,0,1360,1360,C
1-PB2,1334,0,1351,0,5,1356,T
1-PB2,1335,0,1355,0,0,1355,T
1-PB2,1336,0,1362,0,0,1362,T
1-PB2,1337,0,1357,0,1,1358,T
1-PB2,1338,0,1354,0,1,1355,T
1-PB2,1339,0,1,0,1364,1365,C
1-PB2,1340,1365,0,0,0,1365,A
1-PB2,1341,1374,0,0,0,1374,A
1-PB2,1342,1369,0,0,0,1369,A
1-PB2,1343,1375,1,0,0,1376,A
1-PB2,1344,0,1365,0,1,1366,T
1-PB2,1345,0,1371,0,1,1372,T
1-PB2,1346,2,3,1372,0,1377,G
1-PB2,1347,0,1,1377,0,1378,G
1-PB2,1348,0,0,1375,3,1378,G
1-PB2,1349,0,3,1383,0,1386,G
1-PB2,1350,1371,0,7,0,1378,A
1-PB2,1351,1,0,1400,0,1401,G
1-PB2,1352,0,1402,0,1,1403,T
1-PB2,1353,0,1393,0,1,1394,T
1-PB2,1354,0,0,1403,1,1404,G
1-PB2,1355,1402,1,1,0,1404,A
1-PB2,1356,1405,1,3,0,1409,A
1-PB2,1357,0,1,0,1432,1433,C
1-PB2,1358,1420,0,2,0,1422,A
1-PB2,1359,0,0,0,1452,1452,C
1-PB2,1360,1437,0,1,0,1438,A
1-PB2,1361,0,1438,0,1,1439,T
1-PB2,1362,0,3,0,1447,1450,C
1-PB2,1363,0,0,1449,0,1449,G
1-PB2,1364,1458,0,0,1,1459,A
1-PB2,1365,0,1,0,1456,1457,C
1-PB2,1366,1432,1,2,0,1435,A
1-PB2,1367,1,0,1474,0,1475,G
1-PB2,1368,1,1437,0,0,1438,T
1-PB2,1369,0,0,1454,0,1454,G
1-PB2,1370,0,1447,0,2,1449,T
1-PB2,1371,0,0,1453,0,1453,G
1-PB2,1372,1451,0,0,1,1452,A
1-PB2,1373,0,1451,0,0,1451,T
1-PB2,1374,1,1,1452,0,1454,G
1-PB2,1375,0,1,1459,0,1460,G
1-PB2,1376,1,1,1441,0,1443,G
1-PB2,1377,1437,0,1,0,1438,A
1-PB2,1378,1424,1,2,0,1427,A
1-PB2,1379,0,1427,0,1,1428,T
1-PB2,1380,2,1,1442,0,1445,G
1-PB2,1381,1456,0,0,0,1456,A
1-PB2,1382,1,1456,0,2,1459,T
1-PB2,1383,1,1454,0,3,1458,T
1-PB2,1384,0,0,1449,0,1449,G
1-PB2,1385,0,0,1491,0,1491,G
1-PB2,1386,1486,0,2,0,1488,A
1-PB2,1387,1,2,1505,0,1508,G
1-PB2,1388,0,1491,0,1,1492,T
1-PB2,1389,1471,0,1,0,1472,A
1-PB2,1390,0,1481,0,3,1484,T
1-PB2,1391,0,1499,0,1,1500,T
1-PB2,1392,1512,0,0,0,1512,A
1-PB2,1393,1,0,0,1512,1513,C
1-PB2,1394,3,3,1,1476,1483,C
1-PB2,1395,1479,0,3,0,1482,A
1-PB2,1396,0,1,1492,0,1493,G
1-PB2,1397,1522,0,2,0,1524,A
1-PB2,1398,0,1515,0,0,1515,T
1-PB2,1399,1510,0,0,0,1510,A
1-PB2,1400,0,1497,0,2,1499,T
1-PB2,1401,2,1,1494,0,1497,G
1-PB2,1402,1488,0,3,0,1491,A
1-PB2,1403,0,0,0,1492,1492,C
1-PB2,1404,0,1481,0,0,1481,T
1-PB2,1405,1,0,0,1474,1475,C
1-PB2,1406,2,0,0,1467,1469,C
1-PB2,1407,1469,0,0,0,1469,A
1-PB2,1408,1473,0,1,1,1475,A
1-PB2,1409,0,1,1505,0,1506,G
1-PB2,1410,1,2,0,1500,1503,C
1-PB2,1411,1499,0,0,0,1499,A
1-PB2,1412,0,2,0,1501,1503,C
1-PB2,1413,1494,0,3,0,1497,A
1-PB2,1414,0,0,1500,0,1500,G
1-PB2,1415,1493,0,2,0,1495,A
1-PB2,1416,0,1,1512,0,1513,G
1-PB2,1417,1508,0,1,0,1509,A
1-PB2,1418,0,1475,1,0,1476,T
1-PB2,1419,0,0,1491,0,1491,G
1-PB2,1420,0,1476,0,3,1479,T
1-PB2,1421,2,2,1,1474,1479,C
1-PB2,1422,1480,0,6,0,1486,A
1-PB2,1423,1481,0,1,0,1482,A
1-PB2,1424,1,1481,0,1,1483,T
1-PB2,1425,0,0,1481,0,1481,G
1-PB2,1426,1469,0,1,0,1470,A
1-PB2,1427,0,0,1475,0,1475,G
1-PB2,1428,1450,0,5,0,1455,A
1-PB2,1429,0,1,1467,0,1468,G
1-PB2,1430,0,1,1532,0,1533,G
1-PB2,1431,1531,0,0,0,1531,A
1-PB2,1432,1533,0,1,0,1534,A
1-PB2,1433,0,1530,0,0,1530,T
1-PB2,1434,1534,0,0,0,1534,A
1-PB2,1435,1527,1,1,0,1529,A
1-PB2,1436,0,0,1532,0,1532,G
1-PB2,1437,1521,0,3,0,1524,A
1-PB2,1438,0,0,1526,0,1526,G
1-PB2,1439,0,1450,0,3,1453,T
1-PB2,1440,3,1,0,1452,1456,C
1-PB2,1441,1460,0,1,0,1461,A
1-PB2,1442,4,1,1460,1,1466,G
1-PB2,1443,0,1,0,1488,1489,C
1-PB2,1444,1487,0,0,0,1487,A
1-PB2,1445,1488,0,1,0,1489,A
1-PB2,1446,1484,0,2,0,1486,A
1-PB2,1447,1485,0,1,0,1486,A
1-PB2,1448,0,1490,0,0,1490,T
1-PB2,1449,0,2,1485,0,1487,G
1-PB2,1450,0,0,1492,0,1492,G
1-PB2,1451,0,1,1489,2,1492,G
1-PB2,1452,0,1479,0,0,1479,T
1-PB2,1453,0,0,1476,1,1477,G
1-PB2,1454,0,1466,0,4,1470,T
1-PB2,1455,1,1,1473,0,1475,G
1-PB2,1456,1,0,1499,0,1500,G
1-PB2,1457,1499,0,0,0,1499,A
1-PB2,1458,0,1493,0,1,1494,T
1-PB2,1459,0,0,1510,1,1511,G
1-PB2,1460,1495,0,4,0,1499,A
1-PB2,1461,1503,0,3,0,1506,A
1-PB2,1462,0,1502,0,1,1503,T
1-PB2,1463,1494,0,2,0,1496,A
1-PB2,1464,0,0,0,1594,1594,C
1-PB2,1465,0,1568,0,1,1569,T
1-PB2,1466,1,1,1,1578,1581,C
1-PB2,1467,3,0,0,1581,1584,C
1-PB2,1468,1570,1,2,0,1573,A
1-PB2,1469,2,0,1616,0,1618,G
1-PB2,1470,0,1609,0,1,1610,T
1-PB2,1471,1619,1,0,0,1620,A
1-PB2,1472,0,0,0,1615,1615,C
1-PB2,1473,1489,2,3,0,1494,A
1-PB2,1474,0,1,1497,0,1498,G
1-PB2,1475,1471,0,2,0,1473,A
1-PB2,1476,0,1,1481,0,1482,G
1-PB2,1477,1437,0,2,0,1439,A
1-PB2,1478,1,0,1390,0,1391,G
1-PB2,1479,1,0,1379,0,1380,G
1-PB2,1480,1,0,1384,0,1385,G
1-PB2,1481,0,1362,1,4,1367,T
1-PB2,1482,0,0,1360,0,1360,G
1-PB2,1483,0,0,1367,0,1367,G
1-PB2,1484,0,1361,0,1,1362,T
1-PB2,1485,1,0,1400,0,1401,G
1-PB2,1486,0,0,1404,0,1404,G
1-PB2,1487,1,1384,0,0,1385,T
1-PB2,1488,0,1380,0,4,1384,T
1-PB2,1489,1381,0,0,0,1381,A
1-PB2,1490,2,0,1381,0,1383,G
1-PB2,1491,1,0,0,1383,1384,C
1-PB2,1492,1381,0,1,0,1382,A
1-PB2,1493,0,1382,0,0,1382,T
1-PB2,1494,2,1328,0,0,1330,T
1-PB2,1495,0,1,1331,0,1332,G
1-PB2,1496,1327,0,1,0,1328,A
1-PB2,1497,0,1330,0,1,1331,T
1-PB2,1498,1,2,0,1325,1328,C
1-PB2,1499,1,0,1319,0,1320,G
1-PB2,1500,0,0,1335,0,1335,G
1-PB2,1501,1,1331,0,1,1333,T
1-PB2,1502,1,1330,0,1,1332,T
1-PB2,1503,0,1329,0,0,1329,T
1-PB2,1504,0,1331,0,1,1332,T
1-PB2,1505,0,1332,0,1,1333,T
1-PB2,1506,0,0,1333,0,1333,G
1-PB2,1507,1326,1,4,0,1331,A
1-PB2,1508,1,1,1328,0,1330,G
1-PB2,1509,1298,0,2,0,1300,A
1-PB2,1510,0,1,1309,0,1310,G
1-PB2,1511,0,1310,0,3,1313,T
1-PB2,1512,0,1307,0,1,1308,T
1-PB2,1513,0,1,0,1308,1309,C
1-PB2,1514,0,0,1313,0,1313,G
1-PB2,1515,1307,0,6,0,1313,A
1-PB2,1516,0,0,1316,0,1316,G
1-PB2,1517,1313,0,5,0,1318,A
1-PB2,1518,0,0,0,1312,1312,C
1-PB2,1519,2,2,0,1304,1308,C
1-PB2,1520,1304,0,2,2,1308,A
1-PB2,1521,1318,1,1,0,1320,A
1-PB2,1522,0,2,0,1315,1317,C
1-PB2,1523,1,2,1321,0,1324,G
1-PB2,1524,0,1320,0,0,1320,T
1-PB2,1525,0,1,1318,0,1319,G
1-PB2,1526,0,4,1320,0,1324,G
1-PB2,1527,0,0,1327,0,1327,G
1-PB2,1528,1318,1,2,0,1321,A
1-PB2,1529,1320,0,2,0,1322,A
1-PB2,1530,0,1294,0,2,1296,T
1-PB2,1531,1,0,1350,0,1351,G
1-PB2,1532,0,1345,0,2,1347,T
1-PB2,1533,1345,1,0,0,1346,A
1-PB2,1534,0,1339,0,12,1351,T
1-PB2,1535,0,1335,1,0,1336,T
1-PB2,1536,1357,0,0,0,1357,A
1-PB2,1537,0,1347,0,1,1348,T
1-PB2,1538,0,1337,0,2,1339,T
1-PB2,1539,1334,0,0,0,1334,A
1-PB2,1540,0,1198,0,1,1199,T
1-PB2,1541,0,0,0,1241,1241,C
1-PB2,1542,0,1231,0,1,1232,T
1-PB2,1543,2,0,0,1238,1240,C
1-PB2,1544,0,2,1,1244,1247,C
1-PB2,1545,2,1203,0,2,1207,T
1-PB2,1546,1,0,1216,0,1217,G
1-PB2,1547,1213,0,3,0,1216,A
1-PB2,1548,0,0,1217,0,1217,G
1-PB2,1549,1,1,1210,1,1213,G
1-PB2,1550,1113,0,1,0,1114,A
1-PB2,1551,1,0,1118,0,1119,G
1-PB2,1552,0,1,1110,0,1111,G
1-PB2,1553,1,1069,0,2,1072,T
1-PB2,1554,3,0,0,1070,1073,C
1-PB2,1555,1062,0,5,0,1067,A
1-PB2,1556,0,0,1080,0,1080,G
1-PB2,1557,0,1075,0,1,1076,T
1-PB2,1558,0,0,1073,0,1073,G
1-PB2,1559,1076,0,1,0,1077,A
1-PB2,1560,1051,0,1,1,1053,A
1-PB2,1561,1057,0,1,0,1058,A
1-PB2,1562,0,0,0,1058,1058,C
1-PB2,1563,1051,0,0,0,1051,A
1-PB2,1564,1,0,0,1053,1054,C
1-PB2,1565,1008,1,2,0,1011,A
1-PB2,1566,0,0,1017,0,1017,G
1-PB2,1567,0,0,1018,0,1018,G
1-PB2,1568,0,0,1020,0,1020,G
1-PB2,1569,1017,0,2,0,1019,A
1-PB2,1570,1005,1,1,0,1007,A
1-PB2,1571,0,0,0,1015,1015,C
1-PB2,1572,0,1001,0,2,1003,T
1-PB2,1573,0,1,1001,0,1002,G
1-PB2,1574,998,0,0,0,998,A
1-PB2,1575,0,1,995,0,996,G
1-PB2,1576,980,0,1,0,981,A
1-PB2,1577,0,0,956,0,956,G
1-PB2,1578,950,0,2,0,952,A
1-PB2,1579,0,0,0,948,948,C
1-PB2,1580,0,930,0,1,931,T
1-PB2,1581,1,1,946,0,948,G
1-PB2,1582,948,0,1,0,949,A
1-PB2,1583,0,0,0,950,950,C
1-PB2,1584,946,0,1,0,947,A
1-PB2,1585,944,0,0,0,944,A
1-PB2,1586,0,946,0,0,946,T
1-PB2,1587,951,0,0,0,951,A
1-PB2,1588,949,0,0,0,949,A
1-PB2,1589,1,1,0,956,958,C
1-PB2,1590,0,907,0,0,907,T
1-PB2,1591,0,900,0,1,901,T
1-PB2,1592,895,0,0,0,895,A
1-PB2,1593,0,898,0,0,898,T
1-PB2,1594,1,887,1,4,893,T
1-PB2,1595,0,0,0,893,893,C
1-PB2,1596,837,0,0,0,837,A
1-PB2,1597,0,833,1,2,836,T
1-PB2,1598,0,1,0,811,812,C
1-PB2,1599,0,0,813,0,813,G
1-PB2,1600,0,819,0,1,820,T
1-PB2,1601,0,1,0,814,815,C
1-PB2,1602,0,0,817,0,817,G
1-PB2,1603,816,0,1,0,817,A
1-PB2,1604,0,818,0,0,818,T
1-PB2,1605,0,0,821,0,821,G
1-PB2,1606,829,0,0,0,829,A
1-PB2,1607,0,827,0,0,827,T
1-PB2,1608,0,0,827,0,827,G
1-PB2,1609,1,818,0,1,820,T
1-PB2,1610,1,2,813,0,816,G
1-PB2,1611,0,0,822,0,822,G
1-PB2,1612,0,0,822,0,822,G
1-PB2,1613,809,0,1,0,810,A
1-PB2,1614,0,0,813,0,813,G
1-PB2,1615,787,0,2,0,789,A
1-PB2,1616,0,790,0,0,790,T
1-PB2,1617,0,776,0,1,777,T
1-PB2,1618,776,0,2,0,778,A
1-PB2,1619,775,0,0,0,775,A
1-PB2,1620,0,0,0,776,776,C
1-PB2,1621,1,0,749,0,750,G
1-PB2,1622,0,0,754,0,754,G
1-PB2,1623,0,709,0,0,709,T
1-PB2,1624,2,0,0,703,705,C
1-PB2,1625,2,0,1,702,705,C
1-PB2,1626,0,679,0,1,680,T
1-PB2,1627,0,1,679,0,680,G
1-PB2,1628,679,0,2,0,681,A
1-PB2,1629,0,0,684,0,684,G
1-PB2,1630,0,682,0,0,682,T
1-PB2,1631,0,0,0,661,661,C
1-PB2,1632,0,0,661,0,661,G
1-PB2,1633,0,1,672,0,673,G
1-PB2,1634,0,673,0,0,673,T
1-PB2,1635,0,668,1,1,670,T
1-PB2,1636,0,669,0,2,671,T
1-PB2,1637,0,673,0,0,673,T
1-PB2,1638,0,1,682,0,683,G
1-PB2,1639,0,0,680,0,680,G
1-PB2,1640,0,679,0,1,680,T
1-PB2,1641,2,0,0,676,678,C
1-PB2,1642,669,0,0,0,669,A
1-PB2,1643,686,1,1,0,688,A
1-PB2,1644,0,689,0,0,689,T
1-PB2,1645,688,0,0,0,688,A
1-PB2,1646,1,0,0,702,703,C
1-PB2,1647,0,0,0,677,677,C
1-PB2,1648,0,676,0,2,678,T
1-PB2,1649,687,0,0,0,687,A
1-PB2,1650,0,686,0,0,686,T
1-PB2,1651,0,0,0,690,690,C
1-PB2,1652,669,0,0,0,669,A
1-PB2,1653,670,0,0,0,670,A
1-PB2,1654,0,667,0,2,669,T
1-PB2,1655,0,0,651,0,651,G
1-PB2,1656,0,0,649,0,649,G
1-PB2,1657,642,0,1,0,643,A
1-PB2,1658,0,634,0,0,634,T
1-PB2,1659,0,0,0,638,638,C
1-PB2,1660,635,0,0,0,635,A
1-PB2,1661,0,633,0,1,634,T
1-PB2,1662,0,0,0,632,632,C
1-PB2,1663,634,0,0,0,634,A
1-PB2,1664,0,0,636,0,636,G
1-PB2,1665,635,0,0,0,635,A
1-PB2,1666,635,0,0,0,635,A
1-PB2,1667,637,0,1,0,638,A
1-PB2,1668,0,635,0,0,635,T
1-PB2,1669,0,632,1,2,635,T
1-PB2,1670,0,2,631,0,633,G
1-PB2,1671,0,0,632,0,632,G
1-PB2,1672,0,0,635,0,635,G
1-PB2,1673,631,1,0,0,632,A
1-PB2,1674,629,0,0,0,629,A
1-PB2,1675,0,0,627,0,627,G
1-PB2,1676,0,0,0,631,631,C
1-PB2,1677,0,631,0,0,631,T
1-PB2,1678,0,0,638,0,638,G
1-PB2,1679,0,633,0,5,638,T
1-PB2,1680,0,0,0,639,639,C
1-PB2,1681,638,0,0,1,639,A
1-PB2,1682,640,0,0,0,640,A
1-PB2,1683,636,0,0,0,636,A
1-PB2,1684,640,0,0,0,640,A
1-PB2,1685,0,640,0,0,640,T
1-PB2,1686,0,638,0,0,638,T
1-PB2,1687,0,0,0,632,632,C
1-PB2,1688,633,0,0,0,633,A
1-PB2,1689,630,0,1,0,631,A
1-PB2,1690,0,633,0,0,633,T
1-PB2,1691,0,0,630,0,630,G
1-PB2,1692,0,0,636,0,636,G
1-PB2,1693,0,652,0,0,652,T
1-PB2,1694,1,3,0,647,651,C
1-PB2,1695,0,654,0,1,655,T
1-PB2,1696,0,0,0,655,655,C
1-PB2,1697,655,0,1,0,656,A
1-PB2,1698,0,0,659,0,659,G
1-PB2,1699,658,0,0,0,658,A
1-PB2,1700,660,0,0,0,660,A
1-PB2,1701,1,651,0,1,653,T
1-PB2,1702,2,0,0,635,637,C
1-PB2,1703,0,0,0,631,631,C
1-PB2,1704,1,627,0,2,630,T
1-PB2,1705,0,0,630,0,630,G
1-PB2,1706,0,0,0,633,633,C
1-PB2,1707,629,0,0,0,629,A
1-PB2,1708,642,0,0,0,642,A
1-PB2,1709,0,635,0,0,635,T
1-PB2,1710,0,0,645,0,645,G
1-PB2,1711,0,646,0,2,648,T
1-PB2,1712,0,636,0,2,638,T
1-PB2,1713,1,0,642,0,643,G
1-PB2,1714,0,643,0,0,643,T
1-PB2,1715,644,0,1,0,645,A
1-PB2,1716,0,1,0,646,647,C
1-PB2,1717,635,0,0,0,635,A
1-PB2,1718,638,0,0,1,639,A
1-PB2,1719,0,0,0,629,629,C
1-PB2,1720,624,0,0,0,624,A
1-PB2,1721,625,0,0,0,625,A
1-PB2,1722,614,1,1,0,616,A
1-PB2,1723,616,0,1,0,617,A
1-PB2,1724,0,617,0,0,617,T
1-PB2,1725,0,0,616,0,616,G
1-PB2,1726,0,0,622,0,622,G
1-PB2,1727,616,0,1,0,617,A
1-PB2,1728,617,0,2,0,619,A
1-PB2,1729,0,618,0,0,618,T
1-PB2,1730,1,614,0,0,615,T
1-PB2,1731,0,617,1,0,618,T
1-PB2,1732,0,0,614,1,615,G
1-PB2,1733,617,0,1,0,618,A
1-PB2,1734,618,0,0,0,618,A
1-PB2,1735,0,0,0,616,616,C
1-PB2,1736,0,0,0,596,596,C
1-PB2,1737,603,0,0,0,603,A
1-PB2,1738,0,607,0,0,607,T
1-PB2,1739,0,607,0,0,607,T
1-PB2,1740,0,606,0,2,608,T
1-PB2,1741,0,0,0,602,602,C
1-PB2,1742,603,1,0,0,604,A
1-PB2,1743,601,1,1,0,603,A
1-PB2,1744,0,603,0,0,603,T
1-PB2,1745,1,0,0,621,622,C
1-PB2,1746,0,607,0,0,607,T
1-PB2,1747,0,606,0,0,606,T
1-PB2,1748,0,605,0,0,605,T
1-PB2,1749,606,1,0,0,607,A
1-PB2,1750,0,0,606,0,606,G
1-PB2,1751,0,607,0,0,607,T
1-PB2,1752,0,0,0,611,611,C
1-PB2,1753,0,0,0,613,613,C
1-PB2,1754,0,0,0,605,605,C
1-PB2,1755,0,2,0,602,604,C
1-PB2,1756,602,0,1,0,603,A
1-PB2,1757,603,0,0,0,603,A
1-PB2,1758,0,0,613,0,613,G
1-PB2,1759,0,0,609,0,609,G
1-PB2,1760,1,0,0,611,612,C
1-PB2,1761,1,0,0,603,604,C
1-PB2,1762,606,0,1,0,607,A
1-PB2,1763,0,609,1,0,610,T
1-PB2,1764,0,616,0,1,617,T
1-PB2,1765,616,0,0,0,616,A
1-PB2,1766,0,0,615,0,615,G
1-PB2,1767,601,0,1,0,602,A
1-PB2,1768,618,0,1,0,619,A
1-PB2,1769,0,0,625,0,625,G
1-PB2,1770,1,0,0,627,628,C
1-PB2,1771,1,0,0,623,624,C
1-PB2,1772,618,0,0,0,618,A
1-PB2,1773,625,0,1,0,626,A
1-PB2,1774,1,624,0,1,626,T
1-PB2,1775,629,0,0,0,629,A
1-PB2,1776,0,0,0,633,633,C
1-PB2,1777,585,0,1,0,586,A
1-PB2,1778,0,0,587,0,587,G
1-PB2,1779,0,583,0,0,583,T
1-PB2,1780,0,0,584,0,584,G
1-PB2,1781,0,1,578,0,579,G
1-PB2,1782,0,0,577,0,577,G
1-PB2,1783,0,576,0,0,576,T
1-PB2,1784,0,574,0,0,574,T
1-PB2,1785,0,575,0,1,576,T
1-PB2,1786,0,0,579,0,579,G
1-PB2,1787,0,579,0,1,580,T
1-PB2,1788,0,0,0,577,577,C
1-PB2,1789,571,0,0,0,571,A
1-PB2,1790,0,0,570,0,570,G
1-PB2,1791,569,0,0,0,569,A
1-PB2,1792,568,0,0,0,568,A
1-PB2,1793,0,0,0,570,570,C
1-PB2,1794,1,550,0,1,552,T
1-PB2,1795,1,0,0,565,566,C
1-PB2,1796,0,566,0,0,566,T
1-PB2,1797,570,0,0,0,570,A
1-PB2,1798,0,569,0,0,569,T
1-PB2,1799,1,565,0,0,566,T
1-PB2,1800,0,1,0,564,565,C
1-PB2,1801,0,1,0,564,565,C
1-PB2,1802,563,0,0,0,563,A
1-PB2,1803,563,0,0,0,563,A
1-PB2,1804,0,0,0,564,564,C
1-PB2,1805,555,0,0,0,555,A
1-PB2,1806,560,0,0,0,560,A
1-PB2,1807,561,0,0,0,561,A
1-PB2,1808,0,564,0,0,564,T
1-PB2,1809,0,0,566,0,566,G
1-PB2,1810,566,0,1,0,567,A
1-PB2,1811,0,1,568,0,569,G
1-PB2,1812,570,0,0,1,571,A
1-PB2,1813,0,1,570,0,571,G
1-PB2,1814,567,0,1,0,568,A
1-PB2,1815,0,0,0,566,566,C
1-PB2,1816,0,0,567,0,567,G
1-PB2,1817,0,566,0,0,566,T
1-PB2,1818,573,0,0,0,573,A
1-PB2,1819,0,0,0,573,573,C
1-PB2,1820,0,572,0,0,572,T
1-PB2,1821,0,569,0,0,569,T
1-PB2,1822,0,2,564,0,566,G
1-PB2,1823,0,1,570,0,571,G
1-PB2,1824,0,0,573,1,574,G
1-PB2,1825,564,0,1,0,565,A
1-PB2,1826,0,0,0,573,573,C
1-PB2,1827,567,0,0,0,567,A
1-PB2,1828,0,568,0,2,570,T
1-PB2,1829,0,569,0,1,570,T
1-PB2,1830,0,568,0,2,570,T
1-PB2,1831,0,0,563,0,563,G
1-PB2,1832,568,0,1,0,569,A
1-PB2,1833,0,1,0,567,568,C
1-PB2,1834,566,0,0,0,566,A
1-PB2,1835,0,0,1,566,567,C
1-PB2,1836,0,0,0,558,558,C
1-PB2,1837,560,0,0,0,560,A
1-PB2,1838,0,1,0,562,563,C
1-PB2,1839,0,0,0,563,563,C
1-PB2,1840,1,0,0,566,567,C
1-PB2,1841,570,0,0,0,570,A
1-PB2,1842,0,0,575,0,575,G
1-PB2,1843,578,0,0,0,578,A
1-PB2,1844,0,589,0,1,590,T
1-PB2,1845,583,0,0,0,583,A
1-PB2,1846,581,0,1,0,582,A
1-PB2,1847,0,579,0,0,579,T
1-PB2,1848,574,0,1,0,575,A
1-PB2,1849,576,0,0,0,576,A
1-PB2,1850,569,0,1,0,570,A
1-PB2,1851,0,0,576,0,576,G
1-PB2,1852,0,0,0,573,573,C
1-PB2,1853,0,550,0,2,552,T
1-PB2,1854,0,557,0,0,557,T
1-PB2,1855,0,1,0,558,559,C
1-PB2,1856,0,552,0,1,553,T
1-PB2,1857,1,0,0,568,569,C
1-PB2,1858,0,0,0,570,570,C
1-PB2,1859,0,0,0,569,569,C
1-PB2,1860,0,564,0,0,564,T
1-PB2,1861,0,567,0,0,567,T
1-PB2,1862,0,567,0,1,568,T
1-PB2,1863,0,566,1,0,567,T
1-PB2,1864,0,0,568,0,568,G
1-PB2,1865,0,0,0,564,564,C
1-PB2,1866,556,0,0,0,556,A
1-PB2,1867,1,0,553,0,554,G
1-PB2,1868,0,0,0,555,555,C
1-PB2,1869,0,554,0,0,554,T
1-PB2,1870,1,0,555,0,556,G
1-PB2,1871,0,0,0,555,555,C
1-PB2,1872,0,552,0,1,553,T
1-PB2,1873,1,0,0,559,560,C
1-PB2,1874,0,0,0,565,565,C
1-PB2,1875,569,0,1,0,570,A
1-PB2,1876,0,0,0,569,569,C
1-PB2,1877,1,0,0,572,573,C
1-PB2,1878,568,0,0,0,568,A
1-PB2,1879,570,0,1,0,571,A
1-PB2,1880,570,0,0,0,570,A
1-PB2,1881,0,0,578,0,578,G
1-PB2,1882,0,1,0,574,575,C
1-PB2,1883,566,0,0,0,566,A
1-PB2,1884,567,0,1,0,568,A
1-PB2,1885,567,0,0,0,567,A
1-PB2,1886,2,0,570,0,572,G
1-PB2,1887,0,0,0,574,574,C
1-PB2,1888,569,0,1,1,571,A
1-PB2,1889,0,0,571,0,571,G
1-PB2,1890,566,0,0,0,566,A
1-PB2,1891,572,0,0,0,572,A
1-PB2,1892,1,570,0,1,572,T
1-PB2,1893,0,0,571,0,571,G
1-PB2,1894,0,0,0,574,574,C
1-PB2,1895,561,0,1,0,562,A
1-PB2,1896,0,0,566,0,566,G
1-PB2,1897,0,565,0,2,567,T
1-PB2,1898,0,592,0,0,592,T
1-PB2,1899,1,0,0,593,594,C
1-PB2,1900,0,585,0,2,587,T
1-PB2,1901,0,1,0,593,594,C
1-PB2,1902,0,595,0,0,595,T
1-PB2,1903,0,594,0,2,596,T
1-PB2,1904,0,0,0,595,595,C
1-PB2,1905,590,0,1,0,591,A
1-PB2,1906,0,0,0,590,590,C
1-PB2,1907,0,571,0,2,573,T
1-PB2,1908,0,0,582,0,582,G
1-PB2,1909,580,0,0,0,580,A
1-PB2,1910,0,0,0,586,586,C
1-PB2,1911,0,576,0,0,576,T
1-PB2,1912,0,0,584,0,584,G
1-PB2,1913,0,577,0,0,577,T
1-PB2,1914,0,0,584,0,584,G
1-PB2,1915,578,0,1,0,579,A
1-PB2,1916,583,0,0,0,583,A
1-PB2,1917,0,577,0,1,578,T
1-PB2,1918,0,0,581,0,581,G
1-PB2,1919,0,565,0,1,566,T
1-PB2,1920,0,0,565,0,565,G
1-PB2,1921,556,0,1,0,557,A
1-PB2,1922,1,0,560,0,561,G
1-PB2,1923,0,0,555,0,555,G
1-PB2,1924,0,0,553,0,553,G
1-PB2,1925,0,0,572,0,572,G
1-PB2,1926,569,0,0,0,569,A
1-PB2,1927,0,568,0,1,569,T
1-PB2,1928,0,0,0,566,566,C
1-PB2,1929,566,0,0,0,566,A
1-PB2,1930,0,0,573,0,573,G
1-PB2,1931,0,0,573,0,573,G
1-PB2,1932,0,1,570,0,571,G
1-PB2,1933,568,0,3,0,571,A
1-PB2,1934,1,550,0,0,551,T
1-PB2,1935,0,0,554,0,554,G
1-PB2,1936,548,0,0,0,548,A
1-PB2,1937,0,0,566,0,566,G
1-PB2,1938,564,1,0,0,565,A
1-PB2,1939,554,0,0,0,554,A
1-PB2,1940,0,556,0,0,556,T
1-PB2,1941,554,0,0,0,554,A
1-PB2,1942,0,1,0,564,565,C
1-PB2,1943,1,559,1,0,561,T
1-PB2,1944,0,558,0,0,558,T
1-PB2,1945,0,0,560,0,560,G
1-PB2,1946,0,540,0,0,540,T
1-PB2,1947,539,0,0,0,539,A
1-PB2,1948,537,0,1,0,538,A
1-PB2,1949,0,0,527,0,527,G
1-PB2,1950,0,0,535,0,535,G
1-PB2,1951,0,0,529,0,529,G
1-PB2,1952,1,0,524,1,526,G
1-PB2,1953,0,0,0,533,533,C
1-PB2,1954,528,0,0,0,528,A
1-PB2,1955,538,0,0,0,538,A
1-PB2,1956,0,540,0,0,540,T
1-PB2,1957,0,541,0,1,542,T
1-PB2,1958,1,0,0,553,554,C
1-PB2,1959,0,542,0,2,544,T
1-PB2,1960,1,1,0,546,548,C
1-PB2,1961,0,0,0,549,549,C
1-PB2,1962,0,548,0,0,548,T
1-PB2,1963,0,0,559,0,559,G
1-PB2,1964,0,548,0,2,550,T
1-PB2,1965,550,0,0,1,551,A
1-PB2,1966,0,547,0,3,550,T
1-PB2,1967,0,538,0,1,539,T
1-PB2,1968,0,0,0,543,543,C
1-PB2,1969,538,0,0,0,538,A
1-PB2,1970,540,0,1,0,541,A
1-PB2,1971,0,0,0,541,541,C
1-PB2,1972,1,533,0,0,534,T
1-PB2,1973,536,0,0,0,536,A
1-PB2,1974,0,0,0,549,549,C
1-PB2,1975,550,0,0,0,550,A
1-PB2,1976,549,0,1,0,550,A
1-PB2,1977,0,0,0,550,550,C
1-PB2,1978,547,0,0,0,547,A
1-PB2,1979,540,0,0,0,540,A
1-PB2,1980,0,1,536,0,537,G
1-PB2,1981,538,0,1,0,539,A
1-PB2,1982,0,1,0,541,542,C
1-PB2,1983,1,0,0,534,535,C
1-PB2,1984,536,0,0,0,536,A
1-PB2,1985,0,0,0,557,557,C
1-PB2,1986,0,555,0,0,555,T
1-PB2,1987,553,0,0,0,553,A
1-PB2,1988,554,0,0,0,554,A
1-PB2,1989,553,0,0,0,553,A
1-PB2,1990,556,0,0,0,556,A
1-PB2,1991,0,0,559,0,559,G
1-PB2,1992,559,0,0,0,559,A
1-PB2,1993,0,0,0,557,557,C
1-PB2,1994,0,532,0,1,533,T
1-PB2,1995,534,0,0,0,534,A
1-PB2,1996,534,0,1,0,535,A
1-PB2,1997,0,1,0,534,535,C
1-PB2,1998,533,0,0,0,533,A
1-PB2,1999,530,1,0,0,531,A
1-PB2,2000,0,520,0,0,520,T
1-PB2,2001,0,516,0,0,516,T
1-PB2,2002,0,0,0,521,521,C
1-PB2,2003,0,518,0,0,518,T
1-PB2,2004,0,0,0,521,521,C
1-PB2,2005,1,0,521,0,522,G
1-PB2,2006,1,0,523,0,524,G
1-PB2,2007,521,0,0,1,522,A
1-PB2,2008,520,0,1,0,521,A
1-PB2,2009,521,0,0,0,521,A
1-PB2,2010,521,0,1,0,522,A
1-PB2,2011,0,0,525,0,525,G
1-PB2,2012,523,0,0,0,523,A
1-PB2,2013,0,521,0,1,522,T
1-PB2,2014,0,0,521,0,521,G
1-PB2,2015,0,0,0,515,515,C
1-PB2,2016,0,1,0,517,518,C
1-PB2,2017,0,0,515,0,515,G
1-PB2,2018,0,0,514,0,514,G
1-PB2,2019,0,0,0,516,516,C
1-PB2,2020,516,0,0,0,516,A
1-PB2,2021,0,1,0,523,524,C
1-PB2,2022,0,526,0,0,526,T
1-PB2,2023,0,524,0,1,525,T
1-PB2,2024,0,525,0,0,525,T
1-PB2,2025,524,0,1,0,525,A
1-PB2,2026,528,0,0,0,528,A
1-PB2,2027,0,525,0,0,525,T
1-PB2,2028,0,528,0,0,528,T
1-PB2,2029,1,1,527,0,529,G
1-PB2,2030,516,1,1,0,518,A
1-PB2,2031,515,1,2,0,518,A
1-PB2,2032,0,0,517,0,517,G
1-PB2,2033,521,0,2,0,523,A
1-PB2,2034,0,0,0,520,520,C
1-PB2,2035,1,1,0,514,516,C
1-PB2,2036,0,0,1,517,518,C
1-PB2,2037,515,0,0,1,516,A
1-PB2,2038,0,0,524,0,524,G
1-PB2,2039,521,0,1,0,522,A
1-PB2,2040,0,523,0,0,523,T
1-PB2,2041,0,0,523,0,523,G
1-PB2,2042,512,0,0,0,512,A
1-PB2,2043,512,0,0,0,512,A
1-PB2,2044,508,0,1,0,509,A
1-PB2,2045,0,0,510,0,510,G
1-PB2,2046,0,0,0,510,510,C
1-PB2,2047,498,0,1,0,499,A
1-PB2,2048,0,0,0,503,503,C
1-PB2,2049,505,0,0,0,505,A
1-PB2,2050,0,503,1,0,504,T
1-PB2,2051,1,0,0,509,510,C
1-PB2,2052,0,1,0,511,512,C
1-PB2,2053,1,1,512,0,514,G
1-PB2,2054,0,1,512,0,513,G
1-PB2,2055,508,0,1,0,509,A
1-PB2,2056,0,0,509,0,509,G
1-PB2,2057,0,502,0,0,502,T
1-PB2,2058,0,0,503,0,503,G
1-PB2,2059,0,1,502,0,503,G
1-PB2,2060,498,0,2,0,500,A
1-PB2,2061,0,0,499,0,499,G
1-PB2,2062,0,489,0,2,491,T
1-PB2,2063,0,0,0,486,486,C
1-PB2,2064,2,0,0,489,491,C
1-PB2,2065,0,0,489,1,490,G
1-PB2,2066,0,0,0,488,488,C
1-PB2,2067,0,0,1,478,479,C
1-PB2,2068,0,0,486,0,486,G
1-PB2,2069,0,484,0,0,484,T
1-PB2,2070,1,0,0,484,485,C
1-PB2,2071,0,486,0,1,487,T
1-PB2,2072,0,486,0,1,487,T
1-PB2,2073,0,2,484,0,486,G
1-PB2,2074,486,0,0,0,486,A
1-PB2,2075,0,0,486,0,486,G
1-PB2,2076,481,0,0,0,481,A
1-PB2,2077,0,1,463,0,464,G
1-PB2,2078,0,0,467,0,467,G
1-PB2,2079,0,0,467,0,467,G
1-PB2,2080,0,462,0,1,463,T
1-PB2,2081,0,460,0,0,460,T
1-PB2,2082,0,462,0,0,462,T
1-PB2,2083,0,0,0,462,462,C
1-PB2,2084,0,461,0,2,463,T
1-PB2,2085,0,0,0,472,472,C
1-PB2,2086,469,0,0,0,469,A
1-PB2,2087,0,460,0,0,460,T
1-PB2,2088,0,457,0,1,458,T
1-PB2,2089,457,0,1,0,458,A
1-PB2,2090,0,456,0,1,457,T
1-PB2,2091,456,0,2,0,458,A
1-PB2,2092,0,2,464,0,466,G
1-PB2,2093,0,0,466,0,466,G
1-PB2,2094,0,434,0,2,436,T
1-PB2,2095,439,0,0,0,439,A
1-PB2,2096,437,0,0,0,437,A
1-PB2,2097,0,0,437,0,437,G
1-PB2,2098,0,0,440,0,440,G
1-PB2,2099,437,0,0,0,437,A
1-PB2,2100,430,0,1,0,431,A
1-PB2,2101,0,1,430,0,431,G
1-PB2,2102,424,1,0,0,425,A
1-PB2,2103,0,0,0,426,426,C
1-PB2,2104,420,0,2,0,422,A
1-PB2,2105,1,0,424,0,425,G
1-PB2,2106,420,0,2,0,422,A
1-PB2,2107,418,0,0,0,418,A
1-PB2,2108,0,0,419,0,419,G
1-PB2,2109,417,0,0,0,417,A
1-PB2,2110,0,417,0,0,417,T
1-PB2,2111,415,1,0,0,416,A
1-PB2,2112,0,0,0,413,413,C
1-PB2,2113,1,1,411,0,413,G
1-PB2,2114,0,0,413,0,413,G
1-PB2,2115,415,0,0,0,415,A
1-PB2,2116,0,0,0,412,412,C
1-PB2,2117,0,0,0,411,411,C
1-PB2,2118,401,0,0,0,401,A
1-PB2,2119,0,0,412,0,412,G
1-PB2,2120,0,0,0,412,412,C
1-PB2,2121,411,0,0,0,411,A
1-PB2,2122,0,410,0,0,410,T
1-PB2,2123,0,390,0,0,390,T
1-PB2,2124,390,0,0,0,390,A
1-PB2,2125,387,0,1,0,388,A
1-PB2,2126,0,0,388,0,388,G
1-PB2,2127,0,0,0,388,388,C
1-PB2,2128,356,0,0,0,356,A
1-PB2,2129,0,359,0,0,359,T
1-PB2,2130,0,0,0,356,356,C
1-PB2,2131,357,0,1,0,358,A
1-PB2,2132,358,0,0,0,358,A
1-PB2,2133,0,356,0,0,356,T
1-PB2,2134,0,0,357,0,357,G
1-PB2,2135,350,0,0,0,350,A
1-PB2,2136,351,0,0,0,351,A
1-PB2,2137,0,0,0,353,353,C
1-PB2,2138,0,336,1,0,337,T
1-PB2,2139,0,0,345,0,345,G
1-PB2,2140,346,0,0,0,346,A
1-PB2,2141,0,0,348,0,348,G
1-PB2,2142,0,347,0,0,347,T
1-PB2,2143,343,0,0,0,343,A
1-PB2,2144,345,0,0,0,345,A
1-PB2,2145,0,0,0,343,343,C
1-PB2,2146,0,1,0,331,332,C
1-PB2,2147,0,326,0,0,326,T
1-PB2,2148,0,319,0,0,319,T
1-PB2,2149,0,0,320,0,320,G
1-PB2,2150,0,0,0,316,316,C
1-PB2,2151,320,0,0,0,320,A
1-PB2,2152,320,0,0,0,320,A
1-PB2,2153,318,0,0,0,318,A
1-PB2,2154,315,0,1,0,316,A
1-PB2,2155,0,1,317,0,318,G
1-PB2,2156,0,0,317,0,317,G
1-PB2,2157,0,0,313,0,313,G
1-PB2,2158,0,0,315,0,315,G
1-PB2,2159,313,0,0,0,313,A
1-PB2,2160,314,0,0,0,314,A
1-PB2,2161,314,0,0,0,314,A
1-PB2,2162,314,0,2,0,316,A
1-PB2,2163,0,0,316,0,316,G
1-PB2,2164,0,0,315,0,315,G
1-PB2,2165,0,0,0,313,313,C
1-PB2,2166,0,311,0,0,311,T
1-PB2,2167,310,0,0,0,310,A
1-PB2,2168,310,0,0,0,310,A
1-PB2,2169,0,310,0,0,310,T
1-PB2,2170,1,0,315,0,316,G
1-PB2,2171,0,303,0,0,303,T
1-PB2,2172,1,0,298,0,299,G
1-PB2,2173,0,0,0,299,299,C
1-PB2,2174,1,294,0,1,296,T
1-PB2,2175,296,0,0,0,296,A
1-PB2,2176,294,0,0,0,294,A
1-PB2,2177,0,295,0,0,295,T
1-PB2,2178,0,0,0,295,295,C
1-PB2,2179,0,0,282,0,282,G
1-PB2,2180,0,0,281,0,281,G
1-PB2,2181,0,0,285,0,285,G
1-PB2,2182,0,0,0,284,284,C
1-PB2,2183,285,0,0,0,285,A
1-PB2,2184,280,0,3,2,285,A
1-PB2,2185,0,0,287,0,287,G
1-PB2,2186,0,0,287,0,287,G
1-PB2,2187,283,0,0,0,283,A
1-PB2,2188,0,0,286,0,286,G
1-PB2,2189,280,0,1,0,281,A
1-PB2,2190,0,0,1,278,279,C
1-PB2,2191,0,0,280,0,280,G
1-PB2,2192,0,278,0,0,278,T
1-PB2,2193,2,0,276,0,278,G
1-PB2,2194,0,0,278,0,278,G
1-PB2,2195,0,270,0,0,270,T
1-PB2,2196,0,0,272,0,272,G
1-PB2,2197,0,263,0,0,263,T
1-PB2,2198,0,263,0,0,263,T
1-PB2,2199,0,1,262,0,263,G
1-PB2,2200,0,0,263,0,263,G
1-PB2,2201,0,261,0,0,261,T
1-PB2,2202,259,0,0,0,259,A
1-PB2,2203,254,0,0,0,254,A
1-PB2,2204,0,251,0,0,251,T
1-PB2,2205,0,0,248,0,248,G
1-PB2,2206,248,0,0,0,248,A
1-PB2,2207,245,0,0,0,245,A
1-PB2,2208,245,0,0,0,245,A
1-PB2,2209,0,0,0,243,243,C
1-PB2,2210,0,0,241,1,242,G
1-PB2,2211,241,0,0,0,241,A
1-PB2,2212,241,0,0,0,241,A
1-PB2,2213,242,0,0,0,242,A
1-PB2,2214,242,0,0,0,242,A
1-PB2,2215,0,0,0,242,242,C
1-PB2,2216,0,1,241,0,242,G
1-PB2,2217,1,0,240,0,241,G
1-PB2,2218,0,0,242,0,242,G
1-PB2,2219,240,0,0,0,240,A
1-PB2,2220,0,0,0,239,239,C
1-PB2,2221,0,232,0,1,233,T
1-PB2,2222,0,0,0,236,236,C
1-PB2,2223,0,236,0,0,236,T
1-PB2,2224,237,0,0,0,237,A
1-PB2,2225,0,0,237,0,237,G
1-PB2,2226,0,0,0,234,234,C
1-PB2,2227,233,0,0,0,233,A
1-PB2,2228,0,229,0,0,229,T
1-PB2,2229,221,0,0,0,221,A
1-PB2,2230,0,0,0,221,221,C
1-PB2,2231,0,185,0,0,185,T
1-PB2,2232,0,184,0,0,184,T
1-PB2,2233,183,0,0,0,183,A
1-PB2,2234,0,0,0,184,184,C
1-PB2,2235,0,183,0,0,183,T
1-PB2,2236,0,0,182,0,182,G
1-PB2,2237,180,0,0,0,180,A
1-PB2,2238,0,0,0,181,181,C
1-PB2,2239,167,0,0,0,167,A
1-PB2,2240,0,1,167,0,168,G
1-PB2,2241,0,0,0,166,166,C
1-PB2,2242,1,0,0,165,166,C
1-PB2,2243,165,0,0,0,165,A
1-PB2,2244,0,0,165,0,165,G
1-PB2,2245,164,0,0,0,164,A
1-PB2,2246,0,0,1,162,163,C
1-PB2,2247,152,0,1,0,153,A
1-PB2,2248,0,0,152,0,152,G
1-PB2,2249,0,0,0,148,148,C
1-PB2,2250,0,0,147,0,147,G
1-PB2,2251,146,0,0,0,146,A
1-PB2,2252,0,1,0,145,146,C
1-PB2,2253,0,0,0,146,146,C
1-PB2,2254,146,0,0,0,146,A
1-PB2,2255,144,0,0,0,144,A
1-PB2,2256,144,0,0,0,144,A
1-PB2,2257,143,0,0,1,144,A
1-PB2,2258,0,0,143,0,143,G
1-PB2,2259,137,0,0,0,137,A
1-PB2,2260,138,0,0,0,138,A
1-PB2,2261,0,136,1,0,137,T
1-PB2,2262,0,138,0,0,138,T
1-PB2,2263,0,0,0,138,138,C
1-PB2,2264,0,0,136,0,136,G
1-PB2,2265,0,1,135,0,136,G
1-PB2,2266,135,0,0,0,135,A
1-PB2,2267,0,129,0,0,129,T
1-PB2,2268,0,0,129,0,129,G
1-PB2,2269,0,0,129,0,129,G
1-PB2,2270,0,0,0,128,128,C
1-PB2,2271,0,0,0,129,129,C
1-PB2,2272,129,0,0,0,129,A
1-PB2,2273,0,129,0,0,129,T
1-PB2,2274,0,0,0,128,128,C
1-PB2,2275,128,0,0,0,128,A
1-PB2,2276,128,0,0,0,128,A
1-PB2,2277,0,125,0,0,125,T
1-PB2,2278,0,113,0,0,113,T
1-PB2,2279,112,0,0,0,112,A
1-PB2,2280,111,0,0,0,111,A
2-PB1,1,144,0,0,0,144,A
2-PB1,2,0,144,0,0,144,T
2-PB1,3,0,0,146,0,146,G
2-PB1,4,0,0,154,0,154,G
2-PB1,5,163,0,0,0,163,A
2-PB1,6,0,178,0,0,178,T
2-PB1,7,0,0,179,0,179,G
2-PB1,8,0,180,0,0,180,T
2-PB1,9,0,0,0,197,197,C
2-PB1,10,199,0,0,0,199,A
2-PB1,11,203,0,0,0,203,A
2-PB1,12,0,200,0,2,202,T
2-PB1,13,0,0,0,205,205,C
2-PB1,14,0,0,0,218,218,C
2-PB1,15,0,0,221,0,221,G
2-PB1,16,251,0,0,0,251,A
2-PB1,17,0,0,1,254,255,C
2-PB1,18,0,253,0,1,254,T
2-PB1,19,0,0,0,305,305,C
2-PB1,20,0,304,0,0,304,T
2-PB1,21,309,0,0,1,310,A
2-PB1,22,0,0,0,311,311,C
2-PB1,23,0,311,0,0,311,T
2-PB1,24,2,0,337,0,339,G
2-PB1,25,0,339,0,0,339,T
2-PB1,26,0,340,0,0,340,T
2-PB1,27,0,0,0,340,340,C
2-PB1,28,1,0,0,339,340,C
2-PB1,29,0,392,0,0,392,T
2-PB1,30,400,0,0,0,400,A
2-PB1,31,401,0,0,0,401,A
2-PB1,32,405,0,1,0,406,A
2-PB1,33,0,0,408,0,408,G
2-PB1,34,0,0,410,0,410,G
2-PB1,35,0,408,0,1,409,T
2-PB1,36,0,408,0,1,409,T
2-PB1,37,0,0,0,408,408,C
2-PB1,38,0,0,0,410,410,C
2-PB1,39,410,0,0,0,410,A
2-PB1,40,0,0,415,0,415,G
2-PB1,41,0,0,0,415,415,C
2-PB1,42,1,0,419,0,420,G
2-PB1,43,0,0,0,420,420,C
2-PB1,44,422,0,0,0,422,A
2-PB1,45,420,0,1,0,421,A
2-PB1,46,421,0,0,0,421,A
2-PB1,47,419,2,0,1,422,A
2-PB1,48,0,422,0,0,422,T
2-PB1,49,0,0,440,0,440,G
2-PB1,50,0,0,0,440,440,C
2-PB1,51,0,0,0,442,442,C
2-PB1,52,441,0,0,1,442,A
2-PB1,53,0,443,0,0,443,T
2-PB1,54,470,0,0,0,470,A
2-PB1,55,466,0,2,0,468,A
2-PB1,56,0,0,494,0,494,G
2-PB1,57,0,0,0,496,496,C
2-PB1,58,495,0,1,0,496,A
2-PB1,59,0,0,0,519,519,C
2-PB1,60,518,1,0,0,519,A
2-PB1,61,540,0,1,0,541,A
2-PB1,62,0,0,0,543,543,C
2-PB1,63,543,0,0,0,543,A
2-PB1,64,0,546,0,1,547,T
2-PB1,65,0,542,0,3,545,T
2-PB1,66,1,0,0,676,677,C
2-PB1,67,0,1,0,675,676,C
2-PB1,68,0,1,0,676,677,C
2-PB1,69,0,678,0,1,679,T
2-PB1,70,0,675,0,1,676,T
2-PB1,71,735,0,0,0,735,A
2-PB1,72,0,739,0,0,739,T
2-PB1,73,740,0,1,0,741,A
2-PB1,74,0,0,0,745,745,C
2-PB1,75,0,725,0,1,726,T
2-PB1,76,0,3,740,0,743,G
2-PB1,77,2,0,740,0,742,G
2-PB1,78,742,0,0,0,742,A
2-PB1,79,0,0,742,0,742,G
2-PB1,80,741,1,0,0,742,A
2-PB1,81,0,741,0,1,742,T
2-PB1,82,1,0,0,786,787,C
2-PB1,83,1,0,0,790,791,C
2-PB1,84,0,790,0,3,793,T
2-PB1,85,0,0,0,831,831,C
2-PB1,86,1,0,0,833,834,C
2-PB1,87,845,0,0,0,845,A
2-PB1,88,0,847,0,0,847,T
2-PB1,89,847,0,0,0,847,A
2-PB1,90,0,1,0,848,849,C
2-PB1,91,845,0,1,1,847,A
2-PB1,92,0,0,884,0,884,G
2-PB1,93,0,1,0,892,893,C
2-PB1,94,1,0,0,890,891,C
2-PB1,95,894,0,0,0,894,A
2-PB1,96,0,891,0,1,892,T
2-PB1,97,1,0,893,0,894,G
2-PB1,98,0,1,928,0,929,G
2-PB1,99,935,0,1,0,936,A
2-PB1,100,936,0,3,0,939,A
2-PB1,101,0,0,0,943,943,C
2-PB1,102,936,0,2,0,938,A
2-PB1,103,0,0,963,0,963,G
2-PB1,104,0,1,975,0,976,G
2-PB1,105,981,0,0,0,981,A
2-PB1,106,986,1,1,0,988,A
2-PB1,107,0,0,1,991,992,C
2-PB1,108,986,0,0,0,986,A
2-PB1,109,1,1,1079,0,1081,G
2-PB1,110,1,3,1077,0,1081,G
2-PB1,111,1,0,1095,0,1096,G
2-PB1,112,0,1093,0,0,1093,T
2-PB1,113,1089,0,1,0,1090,A
2-PB1,114,0,1,0,1103,1104,C
2-PB1,115,1125,0,1,1,1127,A
2-PB1,116,0,0,0,1167,1167,C
2-PB1,117,0,1,0,1163,1164,C
2-PB1,118,1142,0,1,0,1143,A
2-PB1,119,1,1143,0,1,1145,T
2-PB1,120,1,2,1152,0,1155,G
2-PB1,121,0,2,1155,1,1158,G
2-PB1,122,1154,1,3,1,1159,A
2-PB1,123,0,0,0,1160,1160,C
2-PB1,124,1152,0,0,1,1153,A
2-PB1,125,0,0,0,1174,1174,C
2-PB1,126,1175,0,0,0,1175,A
2-PB1,127,0,1,1187,0,1188,G
2-PB1,128,1,1183,0,1,1185,T
2-PB1,129,1,0,1,1226,1228,C
2-PB1,130,1226,0,3,0,1229,A
2-PB1,131,1239,0,1,0,1240,A
2-PB1,132,1,0,0,1236,1237,C
2-PB1,133,1232,2,3,0,1237,A
2-PB1,134,0,0,1252,1,1253,G
2-PB1,135,1229,0,5,0,1234,A
2-PB1,136,1236,1,2,0,1239,A
2-PB1,137,2,0,0,1235,1237,C
2-PB1,138,1218,1,2,0,1221,A
2-PB1,139,0,1,1,1256,1258,C
2-PB1,140,1256,0,4,0,1260,A
2-PB1,141,0,1,0,1322,1323,C
2-PB1,142,3,0,0,1317,1320,C
2-PB1,143,1325,0,0,1,1326,A
2-PB1,144,1327,1,1,0,1329,A
2-PB1,145,0,1357,1,0,1358,T
2-PB1,146,1391,0,1,1,1393,A
2-PB1,147,0,1392,0,3,1395,T
2-PB1,148,0,1385,0,2,1387,T
2-PB1,149,0,0,0,1391,1391,C
2-PB1,150,1358,0,3,0,1361,A
2-PB1,151,2,0,1362,0,1364,G
2-PB1,152,1352,1,3,0,1356,A
2-PB1,153,0,0,1356,0,1356,G
2-PB1,154,1331,0,1,0,1332,A
2-PB1,155,2,2,1308,0,1312,G
2-PB1,156,2,0,1313,0,1315,G
2-PB1,157,0,3,1350,0,1353,G
2-PB1,158,0,1,1353,0,1354,G
2-PB1,159,0,1,1353,0,1354,G
2-PB1,160,1354,0,2,1,1357,A
2-PB1,161,1354,1,2,0,1357,A
2-PB1,162,0,0,1371,0,1371,G
2-PB1,163,0,1365,0,1,1366,T
2-PB1,164,1,2,1362,0,1365,G
2-PB1,165,0,2,1359,0,1361,G
2-PB1,166,1353,1,4,0,1358,A
2-PB1,167,0,1,0,1355,1356,C
2-PB1,168,1,0,1368,0,1369,G
2-PB1,169,1380,0,1,0,1381,A
2-PB1,170,0,0,0,1389,1389,C
2-PB1,171,1388,0,1,0,1389,A
2-PB1,172,1384,0,0,0,1384,A
2-PB1,173,1399,0,1,0,1400,A
2-PB1,174,0,1410,0,0,1410,T
2-PB1,175,1414,1,0,0,1415,A
2-PB1,176,2,0,0,1413,1415,C
2-PB1,177,1404,0,0,0,1404,A
2-PB1,178,0,0,1409,0,1409,G
2-PB1,179,1414,0,1,0,1415,A
2-PB1,180,1420,0,0,0,1420,A
2-PB1,181,1422,0,0,1,1423,A
2-PB1,182,0,0,0,1423,1423,C
2-PB1,183,0,1395,0,1,1396,T
2-PB1,184,0,0,1394,0,1394,G
2-PB1,185,1,1,1389,0,1391,G
2-PB1,186,1,2,1392,0,1395,G
2-PB1,187,1,1,1396,0,1398,G
2-PB1,188,1,0,0,1400,1401,C
2-PB1,189,1397,0,3,0,1400,A
2-PB1,190,1,2,0,1432,1435,C
2-PB1,191,0,2,0,1429,1431,C
2-PB1,192,3,1,0,1425,1429,C
2-PB1,193,1,0,0,1441,1442,C
2-PB1,194,1442,0,1,0,1443,A
2-PB1,195,1454,0,1,0,1455,A
2-PB1,196,0,1,0,1454,1455,C
2-PB1,197,0,1447,0,2,1449,T
2-PB1,198,1,1,0,1453,1455,C
2-PB1,199,1426,0,0,0,1426,A
2-PB1,200,1450,0,1,0,1451,A
2-PB1,201,1,1,0,1447,1449,C
2-PB1,202,3,0,1,1436,1440,C
2-PB1,203,1,0,0,1449,1450,C
2-PB1,204,1448,0,2,0,1450,A
2-PB1,205,1454,0,1,0,1455,A
2-PB1,206,0,1454,0,1,1455,T
2-PB1,207,0,1449,0,1,1450,T
2-PB1,208,0,0,1453,0,1453,G
2-PB1,209,1448,0,0,0,1448,A
2-PB1,210,0,1444,0,2,1446,T
2-PB1,211,1,2,1443,0,1446,G
2-PB1,212,1,0,1459,0,1460,G
2-PB1,213,1469,0,0,0,1469,A
2-PB1,214,1,0,0,1479,1480,C
2-PB1,215,1,0,1,1478,1480,C
2-PB1,216,1477,0,2,0,1479,A
2-PB1,217,1,0,0,1509,1510,C
2-PB1,218,0,1509,0,1,1510,T
2-PB1,219,1525,1,0,0,1526,A
2-PB1,220,0,0,0,1542,1542,C
2-PB1,221,0,1,0,1536,1537,C
2-PB1,222,0,1519,0,1,1520,T
2-PB1,223,0,0,1524,0,1524,G
2-PB1,224,1518,0,3,0,1521,A
2-PB1,225,1,0,1526,1,1528,G
2-PB1,226,1,3,1520,0,1524,G
2-PB1,227,1526,0,0,0,1526,A
2-PB1,228,0,1521,0,0,1521,T
2-PB1,229,1496,0,1,0,1497,A
2-PB1,230,1494,0,3,0,1497,A
2-PB1,231,0,1498,0,0,1498,T
2-PB1,232,0,0,1498,0,1498,G
2-PB1,233,1494,0,2,1,1497,A
2-PB1,234,1499,0,1,0,1500,A
2-PB1,235,0,0,0,1500,1500,C
2-PB1,236,3,0,0,1474,1477,C
2-PB1,237,1486,0,1,0,1487,A
2-PB1,238,1491,0,0,0,1491,A
2-PB1,239,0,1,1495,0,1496,G
2-PB1,240,0,1494,0,1,1495,T
2-PB1,241,1,2,1489,0,1492,G
2-PB1,242,0,0,1511,0,1511,G
2-PB1,243,1507,1,1,0,1509,A
2-PB1,244,0,1504,0,2,1506,T
2-PB1,245,1507,0,1,0,1508,A
2-PB1,246,0,1536,0,0,1536,T
2-PB1,247,2,1,1542,0,1545,G
2-PB1,248,0,2,0,1547,1549,C
2-PB1,249,1548,1,1,0,1550,A
2-PB1,250,0,1,0,1582,1583,C
2-PB1,251,1563,1,1,0,1565,A
2-PB1,252,1584,0,0,1,1585,A
2-PB1,253,1587,1,2,0,1590,A
2-PB1,254,1,0,0,1588,1589,C
2-PB1,255,1556,0,3,1,1560,A
2-PB1,256,0,1,1573,0,1574,G
2-PB1,257,1562,0,4,0,1566,A
2-PB1,258,0,0,0,1570,1570,C
2-PB1,259,0,1527,0,2,1529,T
2-PB1,260,0,1,1553,0,1554,G
2-PB1,261,0,1534,0,2,1536,T
2-PB1,262,1,0,1588,0,1589,G
2-PB1,263,0,1579,0,2,1581,T
2-PB1,264,0,0,0,1590,1590,C
2-PB1,265,0,0,0,1590,1590,C
2-PB1,266,1,1569,0,4,1574,T
2-PB1,267,1,1,1575,0,1577,G
2-PB1,268,0,1,1569,0,1570,G
2-PB1,269,1549,0,2,0,1551,A
2-PB1,270,1,1,1578,0,1580,G
2-PB1,271,1,0,1543,0,1544,G
2-PB1,272,0,0,0,1542,1542,C
2-PB1,273,0,1544,0,1,1545,T
2-PB1,274,1550,1,1,0,1552,A
2-PB1,275,0,1552,0,0,1552,T
2-PB1,276,1,1,1547,0,1549,G
2-PB1,277,0,0,1549,0,1549,G
2-PB1,278,0,0,0,1550,1550,C
2-PB1,279,1,0,1,1516,1518,C
2-PB1,280,0,1492,1,4,1497,T
2-PB1,281,0,1571,0,0,1571,T
2-PB1,282,0,0,0,1573,1573,C
2-PB1,283,1,0,0,1575,1576,C
2-PB1,284,1,1568,0,3,1572,T
2-PB1,285,1,1569,0,1,1571,T
2-PB1,286,0,0,1581,0,1581,G
2-PB1,287,1580,1,0,0,1581,A
2-PB1,288,1583,0,1,0,1584,A
2-PB1,289,1,0,1582,0,1583,G
2-PB1,290,1512,1,0,0,1513,A
2-PB1,291,1527,0,3,1,1531,A
2-PB1,292,0,1533,0,0,1533,T
2-PB1,293,2,1,0,1527,1530,C
2-PB1,294,1,2,0,1528,1531,C
2-PB1,295,0,0,0,1524,1524,C
2-PB1,296,1535,0,1,0,1536,A
2-PB1,297,2,1,1,1539,1543,C
2-PB1,298,1,1,0,1540,1542,C
2-PB1,299,2,1,0,1542,1545,C
2-PB1,300,1525,0,3,0,1528,A
2-PB1,301,1,0,1538,1,1540,G
2-PB1,302,2,1,1543,0,1546,G
2-PB1,303,0,1544,0,0,1544,T
2-PB1,304,1551,0,2,0,1553,A
2-PB1,305,0,1547,0,1,1548,T
2-PB1,306,0,1,0,1545,1546,C
2-PB1,307,0,1542,0,1,1543,T
2-PB1,308,1,1539,1,1,1542,T
2-PB1,309,0,1537,0,1,1538,T
2-PB1,310,3,0,1530,0,1533,G
2-PB1,311,1525,1,0,0,1526,A
2-PB1,312,0,2,1528,0,1530,G
2-PB1,313,1518,0,3,1,1522,A
2-PB1,314,1517,0,1,2,1520,A
2-PB1,315,0,0,0,1534,1534,C
2-PB1,316,0,1517,1,2,1520,T
2-PB1,317,1,0,0,1523,1524,C
2-PB1,318,1522,0,1,1,1524,A
2-PB1,319,0,1523,0,2,1525,T
2-PB1,320,0,0,1529,0,1529,G
2-PB1,321,0,0,0,1547,1547,C
2-PB1,322,0,1,0,1555,1556,C
2-PB1,323,2,1541,1,4,1548,T
2-PB1,324,1,1545,0,2,1548,T
2-PB1,325,1,1,1553,0,1555,G
2-PB1,326,1559,0,2,0,1561,A
2-PB1,327,1560,0,1,1,1562,A
2-PB1,328,1559,1,2,0,1562,A
2-PB1,329,0,0,0,1569,1569,C
2-PB1,330,1553,1,0,0,1554,A
2-PB1,331,1560,1,1,0,1562,A
2-PB1,332,0,1554,0,4,1558,T
2-PB1,333,1,2,1557,0,1560,G
2-PB1,334,1,1,1552,1,1555,G
2-PB1,335,1539,1,2,0,1542,A
2-PB1,336,1537,0,5,0,1542,A
2-PB1,337,2,1,1539,0,1542,G
2-PB1,338,0,1,0,1537,1538,C
2-PB1,339,0,1,0,1533,1534,C
2-PB1,340,0,0,1546,0,1546,G
2-PB1,341,0,1540,1,2,1543,T
2-PB1,342,0,1541,0,2,1543,T
2-PB1,343,3,0,0,1545,1548,C
2-PB1,344,1551,0,0,0,1551,A
2-PB1,345,1557,0,3,0,1560,A
2-PB1,346,0,0,0,1564,1564,C
2-PB1,347,1553,0,5,0,1558,A
2-PB1,348,2,2,1563,0,1567,G
2-PB1,349,1543,0,6,0,1549,A
2-PB1,350,0,0,1,1548,1549,C
2-PB1,351,1545,1,0,0,1546,A
2-PB1,352,1544,0,0,0,1544,A
2-PB1,353,1,4,1548,0,1553,G
2-PB1,354,1,1,1537,0,1539,G
2-PB1,355,0,0,1543,0,1543,G
2-PB1,356,0,1513,0,1,1514,T
2-PB1,357,1,3,1511,0,1515,G
2-PB1,358,0,1,1515,0,1516,G
2-PB1,359,1519,1,1,0,1521,A
2-PB1,360,0,1,0,1524,1525,C
2-PB1,361,1491,0,1,0,1492,A
2-PB1,362,1504,1,1,0,1506,A
2-PB1,363,1506,0,0,0,1506,A
2-PB1,364,0,0,0,1503,1503,C
2-PB1,365,0,1495,0,3,1498,T
2-PB1,366,1505,0,1,0,1506,A
2-PB1,367,1513,0,1,0,1514,A
2-PB1,368,0,0,0,1510,1510,C
2-PB1,369,0,1,0,1510,1511,C
2-PB1,370,1,0,0,1511,1512,C
2-PB1,371,1475,0,1,1,1477,A
2-PB1,372,1475,0,0,0,1475,A
2-PB1,373,0,1,1476,0,1477,G
2-PB1,374,0,0,1482,0,1482,G
2-PB1,375,0,1480,0,3,1483,T
2-PB1,376,0,1,0,1476,1477,C
2-PB1,377,0,1,1470,0,1471,G
2-PB1,378,1,0,0,1473,1474,C
2-PB1,379,3,0,1,1472,1476,C
2-PB1,380,1471,1,3,0,1475,A
2-PB1,381,0,0,1506,0,1506,G
2-PB1,382,1517,0,3,0,1520,A
2-PB1,383,0,0,0,1526,1526,C
2-PB1,384,1,1514,0,3,1518,T
2-PB1,385,1,1508,0,1,1510,T
2-PB1,386,1509,0,1,0,1510,A
2-PB1,387,0,1506,0,2,1508,T
2-PB1,388,0,2,1516,0,1518,G
2-PB1,389,1513,0,0,0,1513,A
2-PB1,390,0,1489,0,0,1489,T
2-PB1,391,1,1461,0,0,1462,T
2-PB1,392,1,0,1454,0,1455,G
2-PB1,393,0,0,1462,0,1462,G
2-PB1,394,1467,0,3,0,1470,A
2-PB1,395,0,1,0,1467,1468,C
2-PB1,396,1457,1,1,0,1459,A
2-PB1,397,0,1451,0,1,1452,T
2-PB1,398,0,1460,0,2,1462,T
2-PB1,399,1464,0,2,0,1466,A
2-PB1,400,1463,1,1,0,1465,A
2-PB1,401,1462,1,1,0,1464,A
2-PB1,402,0,1,0,1465,1466,C
2-PB1,403,1446,1,0,1,1448,A
2-PB1,404,1,2,1456,0,1459,G
2-PB1,405,1447,0,1,0,1448,A
2-PB1,406,1452,0,2,0,1454,A
2-PB1,407,1454,0,0,0,1454,A
2-PB1,408,2,1429,0,4,1435,T
2-PB1,409,1,0,1,1446,1448,C
2-PB1,410,1444,0,1,0,1445,A
2-PB1,411,1438,0,7,0,1445,A
2-PB1,412,0,0,0,1438,1438,C
2-PB1,413,3,1,0,1425,1429,C
2-PB1,414,2,2,1431,0,1435,G
2-PB1,415,1,0,1429,0,1430,G
2-PB1,416,0,2,0,1429,1431,C
2-PB1,417,1431,0,2,0,1433,A
2-PB1,418,1,0,1431,0,1432,G
2-PB1,419,0,1,0,1433,1434,C
2-PB1,420,1430,1,1,0,1432,A
2-PB1,421,1433,0,2,0,1435,A
2-PB1,422,0,0,0,1437,1437,C
2-PB1,423,1,1431,0,3,1435,T
2-PB1,424,0,0,1482,0,1482,G
2-PB1,425,0,0,1,1482,1483,C
2-PB1,426,1479,2,2,0,1483,A
2-PB1,427,0,1486,0,1,1487,T
2-PB1,428,0,1469,0,1,1470,T
2-PB1,429,1528,2,4,1,1535,A
2-PB1,430,0,0,1529,0,1529,G
2-PB1,431,0,1,0,1517,1518,C
2-PB1,432,3,1,0,1517,1521,C
2-PB1,433,1462,0,3,0,1465,A
2-PB1,434,1475,0,0,0,1475,A
2-PB1,435,1,1,0,1470,1472,C
2-PB1,436,1472,1,1,0,1474,A
2-PB1,437,2,0,0,1506,1508,C
2-PB1,438,3,1,0,1411,1415,C
2-PB1,439,1413,0,0,0,1413,A
2-PB1,440,0,1408,0,0,1408,T
2-PB1,441,1414,0,2,0,1416,A
2-PB1,442,0,0,1417,0,1417,G
2-PB1,443,1398,2,0,0,1400,A
2-PB1,444,1388,1,1,0,1390,A
2-PB1,445,0,0,1397,0,1397,G
2-PB1,446,0,1336,0,1,1337,T
2-PB1,447,0,1339,0,1,1340,T
2-PB1,448,0,1336,3,1,1340,T
2-PB1,449,0,1335,0,0,1335,T
2-PB1,450,0,1344,0,0,1344,T
2-PB1,451,1339,0,0,0,1339,A
2-PB1,452,0,1,1338,0,1339,G
2-PB1,453,1334,0,1,0,1335,A
2-PB1,454,1,1325,0,1,1327,T
2-PB1,455,0,1,0,1304,1305,C
2-PB1,456,0,0,1303,1,1304,G
2-PB1,457,1307,0,1,0,1308,A
2-PB1,458,1308,0,1,0,1309,A
2-PB1,459,0,2,0,1311,1313,C
2-PB1,460,0,1,1312,0,1313,G
2-PB1,461,0,2,1364,0,1366,G
2-PB1,462,1363,0,0,0,1363,A
2-PB1,463,1,1362,1,2,1366,T
2-PB1,464,0,1362,0,0,1362,T
2-PB1,465,1358,0,3,0,1361,A
2-PB1,466,1361,0,2,0,1363,A
2-PB1,467,1,0,0,1374,1375,C
2-PB1,468,1357,1,1,0,1359,A
2-PB1,469,0,0,1371,0,1371,G
2-PB1,470,0,0,0,1326,1326,C
2-PB1,471,0,1321,0,1,1322,T
2-PB1,472,1322,0,0,0,1322,A
2-PB1,473,1320,1,3,1,1325,A
2-PB1,474,0,1317,1,1,1319,T
2-PB1,475,0,2,1335,0,1337,G
2-PB1,476,1339,0,1,0,1340,A
2-PB1,477,1340,0,1,0,1341,A
2-PB1,478,1,1308,0,0,1309,T
2-PB1,479,0,0,0,1319,1319,C
2-PB1,480,1314,0,0,0,1314,A
2-PB1,481,0,1,1313,0,1314,G
2-PB1,482,0,0,1311,0,1311,G
2-PB1,483,1312,0,1,0,1313,A
2-PB1,484,1296,0,2,0,1298,A
2-PB1,485,0,0,1353,0,1353,G
2-PB1,486,2,0,1355,0,1357,G
2-PB1,487,1,0,0,1356,1357,C
2-PB1,488,0,1356,0,5,1361,T
2-PB1,489,1356,0,0,1,1357,A
2-PB1,490,1358,0,1,0,1359,A
2-PB1,491,0,1356,0,1,1357,T
2-PB1,492,1357,0,0,0,1357,A
2-PB1,493,1,1,1368,0,1370,G
2-PB1,494,1266,0,1,0,1267,A
2-PB1,495,0,1254,1,1,1256,T
2-PB1,496,0,1244,0,1,1245,T
2-PB1,497,0,1248,0,0,1248,T
2-PB1,498,0,1,0,1283,1284,C
2-PB1,499,0,0,0,1279,1279,C
2-PB1,500,0,1279,0,3,1282,T
2-PB1,501,2,0,0,1284,1286,C
2-PB1,502,1279,0,1,0,1280,A
2-PB1,503,1279,1,0,0,1280,A
2-PB1,504,0,0,1287,1,1288,G
2-PB1,505,0,0,1298,0,1298,G
2-PB1,506,1301,0,1,0,1302,A
2-PB1,507,0,1260,0,2,1262,T
2-PB1,508,0,0,1275,0,1275,G
2-PB1,509,0,1273,0,1,1274,T
2-PB1,510,1,1,1286,0,1288,G
2-PB1,511,1286,0,0,0,1286,A
2-PB1,512,0,1281,0,0,1281,T
2-PB1,513,1,1,1279,1,1282,G
2-PB1,514,0,3,1271,0,1274,G
2-PB1,515,1279,0,1,0,1280,A
2-PB1,516,1272,0,3,0,1275,A
2-PB1,517,0,1254,0,3,1257,T
2-PB1,518,2,0,0,1264,1266,C
2-PB1,519,1250,1,0,0,1251,A
2-PB1,520,1257,0,0,0,1257,A
2-PB1,521,0,1256,0,1,1257,T
2-PB1,522,2,0,1266,0,1268,G
2-PB1,523,0,1,1271,1,1273,G
2-PB1,524,1264,0,2,0,1266,A
2-PB1,525,1,1265,0,1,1267,T
2-PB1,526,1269,0,0,0,1269,A
2-PB1,527,1263,0,0,0,1263,A
2-PB1,528,1265,0,0,0,1265,A
2-PB1,529,0,0,1279,0,1279,G
2-PB1,530,1272,0,2,0,1274,A
2-PB1,531,0,1,1263,0,1264,G
2-PB1,532,0,0,1263,1,1264,G
2-PB1,533,1257,0,0,0,1257,A
2-PB1,534,1257,0,3,0,1260,A
2-PB1,535,1260,0,2,0,1262,A
2-PB1,536,0,1264,0,0,1264,T
2-PB1,537,0,0,1283,0,1283,G
2-PB1,538,0,1,1275,0,1276,G
2-PB1,539,1270,1,0,0,1271,A
2-PB1,540,0,0,1280,1,1281,G
2-PB1,541,1269,0,1,0,1270,A
2-PB1,542,0,1298,0,1,1299,T
2-PB1,543,1297,0,0,0,1297,A
2-PB1,544,1306,1,3,0,1310,A
2-PB1,545,0,0,0,1310,1310,C
2-PB1,546,1290,0,3,0,1293,A
2-PB1,547,1295,0,1,0,1296,A
2-PB1,548,0,0,0,1298,1298,C
2-PB1,549,1283,1,1,0,1285,A
2-PB1,550,0,0,0,1284,1284,C
2-PB1,551,1248,0,2,0,1250,A
2-PB1,552,0,0,0,1260,1260,C
2-PB1,553,0,1245,0,3,1248,T
2-PB1,554,0,1247,1,1,1249,T
2-PB1,555,1,1247,0,2,1250,T
2-PB1,556,2,0,0,1246,1248,C
2-PB1,557,1248,0,2,0,1250,A
2-PB1,558,1254,0,0,1,1255,A
2-PB1,559,1251,0,3,0,1254,A
2-PB1,560,0,1,1276,0,1277,G
2-PB1,561,1256,0,1,0,1257,A
2-PB1,562,1255,0,1,0,1256,A
2-PB1,563,1255,0,2,0,1257,A
2-PB1,564,1260,0,1,0,1261,A
2-PB1,565,1251,1,4,0,1256,A
2-PB1,566,1,0,1267,0,1268,G
2-PB1,567,0,1,1264,0,1265,G
2-PB1,568,1252,0,2,0,1254,A
2-PB1,569,0,1,1274,0,1275,G
2-PB1,570,1265,0,3,0,1268,A
2-PB1,571,1,1,1308,0,1310,G
2-PB1,572,0,1307,0,0,1307,T
2-PB1,573,1312,0,0,0,1312,A
2-PB1,574,1308,0,2,0,1310,A
2-PB1,575,1,0,1304,0,1305,G
2-PB1,576,0,1,1308,0,1309,G
2-PB1,577,0,1,1312,0,1313,G
2-PB1,578,1284,0,1,0,1285,A
2-PB1,579,0,0,1,1293,1294,C
2-PB1,580,1246,0,3,0,1249,A
2-PB1,581,1246,0,1,1,1248,A
2-PB1,582,0,0,0,1248,1248,C
2-PB1,583,1243,0,4,0,1247,A
2-PB1,584,0,1239,0,0,1239,T
2-PB1,585,0,1,1235,0,1236,G
2-PB1,586,1242,0,1,0,1243,A
2-PB1,587,0,0,0,1241,1241,C
2-PB1,588,1,1,0,1218,1220,C
2-PB1,589,1220,0,1,0,1221,A
2-PB1,590,1222,1,0,0,1223,A
2-PB1,591,1,0,1227,1,1229,G
2-PB1,592,1235,1,0,0,1236,A
2-PB1,593,1235,0,0,0,1235,A
2-PB1,594,1233,0,0,0,1233,A
2-PB1,595,1227,2,0,1,1230,A
2-PB1,596,0,1233,0,1,1234,T
2-PB1,597,0,1,1231,0,1232,G
2-PB1,598,0,0,1235,0,1235,G
2-PB1,599,0,1225,0,1,1226,T
2-PB1,600,1,0,0,1223,1224,C
2-PB1,601,1230,0,0,0,1230,A
2-PB1,602,0,1,0,1268,1269,C
2-PB1,603,1289,0,0,0,1289,A
2-PB1,604,0,0,0,1293,1293,C
2-PB1,605,1292,0,0,0,1292,A
2-PB1,606,1310,0,4,1,1315,A
2-PB1,607,1304,1,3,0,1308,A
2-PB1,608,0,1,1381,0,1382,G
2-PB1,609,1382,1,0,0,1383,A
2-PB1,610,1387,0,1,0,1388,A
2-PB1,611,1,0,0,1413,1414,C
2-PB1,612,1386,0,0,0,1386,A
2-PB1,613,1389,0,0,0,1389,A
2-PB1,614,0,1389,0,1,1390,T
2-PB1,615,1379,0,3,0,1382,A
2-PB1,616,1,1,1380,0,1382,G
2-PB1,617,1,2,1342,0,1345,G
2-PB1,618,0,2,1346,0,1348,G
2-PB1,619,1334,0,4,0,1338,A
2-PB1,620,1323,0,0,0,1323,A
2-PB1,621,0,1,1334,0,1335,G
2-PB1,622,1323,0,1,0,1324,A
2-PB1,623,1327,0,0,0,1327,A
2-PB1,624,1331,0,1,0,1332,A
2-PB1,625,1331,1,2,2,1336,A
2-PB1,626,1356,0,1,0,1357,A
2-PB1,627,1353,2,0,1,1356,A
2-PB1,628,0,0,0,1359,1359,C
2-PB1,629,1354,0,1,0,1355,A
2-PB1,630,1354,0,0,0,1354,A
2-PB1,631,1342,0,4,0,1346,A
2-PB1,632,0,1,1365,1,1367,G
2-PB1,633,1365,0,2,0,1367,A
2-PB1,634,1,0,1430,0,1431,G
2-PB1,635,0,1414,0,0,1414,T
2-PB1,636,0,0,1587,0,1587,G
2-PB1,637,1584,0,2,1,1587,A
2-PB1,638,1586,0,1,0,1587,A
2-PB1,639,0,1601,0,2,1603,T
2-PB1,640,1602,0,0,1,1603,A
2-PB1,641,1595,0,4,0,1599,A
2-PB1,642,0,1,1597,0,1598,G
2-PB1,643,1555,1,3,0,1559,A
2-PB1,644,0,1,1563,0,1564,G
2-PB1,645,1467,0,1,1,1469,A
2-PB1,646,0,0,1475,1,1476,G
2-PB1,647,0,0,1472,0,1472,G
2-PB1,648,1,0,0,1464,1465,C
2-PB1,649,2,1463,0,0,1465,T
2-PB1,650,1491,0,3,0,1494,A
2-PB1,651,0,0,0,1546,1546,C
2-PB1,652,1,1,0,1548,1550,C
2-PB1,653,0,1561,0,1,1562,T
2-PB1,654,1610,0,0,0,1610,A
2-PB1,655,1614,0,0,0,1614,A
2-PB1,656,0,1618,0,0,1618,T
2-PB1,657,1613,0,0,0,1613,A
2-PB1,658,1613,0,1,0,1614,A
2-PB1,659,2,1,1611,0,1614,G
2-PB1,660,1566,0,2,0,1568,A
2-PB1,661,0,0,1578,0,1578,G
2-PB1,662,0,0,0,1575,1575,C
2-PB1,663,1,1539,0,4,1544,T
2-PB1,664,2,1542,0,4,1548,T
2-PB1,665,0,1549,0,2,1551,T
2-PB1,666,2,1,1551,0,1554,G
2-PB1,667,1566,0,2,0,1568,A
2-PB1,668,0,0,0,1571,1571,C
2-PB1,669,1560,1,0,0,1561,A
2-PB1,670,0,1554,0,2,1556,T
2-PB1,671,1,1550,0,1,1552,T
2-PB1,672,0,1,1573,0,1574,G
2-PB1,673,1571,1,1,0,1573,A
2-PB1,674,1572,0,3,1,1576,A
2-PB1,675,1,1,0,1578,1580,C
2-PB1,676,1570,0,0,0,1570,A
2-PB1,677,1,0,0,1571,1572,C
2-PB1,678,2,0,1567,0,1569,G
2-PB1,679,1568,0,5,1,1574,A
2-PB1,680,2,1571,0,1,1574,T
2-PB1,681,0,0,1594,1,1595,G
2-PB1,682,1597,1,1,0,1599,A
2-PB1,683,1,0,0,1601,1602,C
2-PB1,684,1,2,0,1590,1593,C
2-PB1,685,1605,0,0,0,1605,A
2-PB1,686,1616,0,2,1,1619,A
2-PB1,687,1620,1,1,0,1622,A
2-PB1,688,0,1,1650,0,1651,G
2-PB1,689,1663,0,1,0,1664,A
2-PB1,690,0,1629,0,4,1633,T
2-PB1,691,0,0,1641,1,1642,G
2-PB1,692,1,3,0,1630,1634,C
2-PB1,693,1635,0,4,0,1639,A
2-PB1,694,0,1,1642,0,1643,G
2-PB1,695,1632,0,1,0,1633,A
2-PB1,696,0,2,1642,0,1644,G
2-PB1,697,1598,2,1,0,1601,A
2-PB1,698,1,1,1599,0,1601,G
2-PB1,699,1580,1,1,1,1583,A
2-PB1,700,0,0,1586,1,1587,G
2-PB1,701,0,1,1586,0,1587,G
2-PB1,702,0,1,0,1587,1588,C
2-PB1,703,1584,0,1,0,1585,A
2-PB1,704,1584,0,2,0,1586,A
2-PB1,705,1583,0,1,0,1584,A
2-PB1,706,0,1580,0,3,1583,T
2-PB1,707,0,1581,0,1,1582,T
2-PB1,708,1581,1,1,0,1583,A
2-PB1,709,1576,0,1,0,1577,A
2-PB1,710,1586,0,0,0,1586,A
2-PB1,711,1585,0,4,0,1589,A
2-PB1,712,1593,1,1,0,1595,A
2-PB1,713,2,0,1597,0,1599,G
2-PB1,714,1587,0,2,0,1589,A
2-PB1,715,1582,0,1,0,1583,A
2-PB1,716,0,1,1602,0,1603,G
2-PB1,717,0,1,1623,0,1624,G
2-PB1,718,2,1,1629,1,1633,G
2-PB1,719,0,1,0,1639,1640,C
2-PB1,720,0,1638,0,2,1640,T
2-PB1,721,1654,0,0,0,1654,A
2-PB1,722,0,1664,0,1,1665,T
2-PB1,723,0,1668,0,0,1668,T
2-PB1,724,2,1,1674,0,1677,G
2-PB1,725,0,3,0,1652,1655,C
2-PB1,726,1620,0,2,0,1622,A
2-PB1,727,1623,2,5,0,1630,A
2-PB1,728,0,0,0,1689,1689,C
2-PB1,729,1687,0,1,0,1688,A
2-PB1,730,0,0,0,1682,1682,C
2-PB1,731,1,0,0,1674,1675,C
2-PB1,732,4,122,0,1543,1669,C
2-PB1,733,2,4,1663,0,1669,G
2-PB1,734,0,3,1659,0,1662,G
2-PB1,735,2,1,1662,0,1665,G
2-PB1,736,1671,1,1,0,1673,A
2-PB1,737,0,1620,0,2,1622,T
2-PB1,738,0,0,1634,0,1634,G
2-PB1,739,0,0,0,1621,1621,C
2-PB1,740,1643,0,0,0,1643,A
2-PB1,741,1653,0,2,0,1655,A
2-PB1,742,1670,0,2,1,1673,A
2-PB1,743,1,1666,0,1,1668,T
2-PB1,744,0,1670,0,2,1672,T
2-PB1,745,1658,0,3,0,1661,A
2-PB1,746,0,1,1656,0,1657,G
2-PB1,747,1654,0,4,0,1658,A
2-PB1,748,0,2,1657,0,1659,G
2-PB1,749,0,1,1636,0,1637,G
2-PB1,750,0,0,1679,0,1679,G
2-PB1,751,0,1670,0,2,1672,T
2-PB1,752,1,1657,0,4,1662,T
2-PB1,753,2,1,0,1657,1660,C
2-PB1,754,0,0,1680,0,1680,G
2-PB1,755,0,1671,1,4,1676,T
2-PB1,756,2,0,1678,0,1680,G
2-PB1,757,1,1671,0,1,1673,T
2-PB1,758,1670,0,0,0,1670,A
2-PB1,759,2,1,0,1662,1665,C
2-PB1,760,0,1597,0,4,1601,T
2-PB1,761,1,1615,0,0,1616,T
2-PB1,762,0,0,0,1606,1606,C
2-PB1,763,1,1,1600,0,1602,G
2-PB1,764,2,1596,0,0,1598,T
2-PB1,765,0,1589,0,3,1592,T
2-PB1,766,0,1,1588,0,1589,G
2-PB1,767,1593,0,1,0,1594,A
2-PB1,768,1591,0,1,0,1592,A
2-PB1,769,1599,0,1,0,1600,A
2-PB1,770,0,0,0,1601,1601,C
2-PB1,771,2,1583,0,2,1587,T
2-PB1,772,0,1581,0,0,1581,T
2-PB1,773,0,1586,0,1,1587,T
2-PB1,774,1598,0,1,1,1600,A
2-PB1,775,1,1,1595,0,1597,G
2-PB1,776,0,0,0,1601,1601,C
2-PB1,777,0,1597,0,1,1598,T
2-PB1,778,1586,0,2,0,1588,A
2-PB1,779,0,1,1583,0,1584,G
2-PB1,780,1579,0,1,0,1580,A
2-PB1,781,1582,0,1,2,1585,A
2-PB1,782,0,1,1580,0,1581,G
2-PB1,783,0,0,0,1568,1568,C
2-PB1,784,1570,0,0,0,1570,A
2-PB1,785,0,1558,0,1,1559,T
2-PB1,786,1,1558,0,0,1559,T
2-PB1,787,0,1558,0,0,1558,T
2-PB1,788,0,0,1563,0,1563,G
2-PB1,789,0,3,0,1557,1560,C
2-PB1,790,0,0,1561,0,1561,G
2-PB1,791,1559,1,0,0,1560,A
2-PB1,792,1555,0,0,0,1555,A
2-PB1,793,1561,0,0,0,1561,A
2-PB1,794,1588,0,2,0,1590,A
2-PB1,795,0,0,1611,0,1611,G
2-PB1,796,0,1,0,1606,1607,C
2-PB1,797,2,1607,0,1,1610,T
2-PB1,798,0,1608,0,1,1609,T
2-PB1,799,0,1,1610,0,1611,G
2-PB1,800,1608,0,2,0,1610,A
2-PB1,801,1611,0,1,0,1612,A
2-PB1,802,1,1,0,1615,1617,C
2-PB1,803,1576,0,2,0,1578,A
2-PB1,804,0,0,1665,0,1665,G
2-PB1,805,0,1651,0,1,1652,T
2-PB1,806,2,0,0,1647,1649,C
2-PB1,807,0,1646,0,4,1650,T
2-PB1,808,0,0,1655,0,1655,G
2-PB1,809,0,0,1650,1,1651,G
2-PB1,810,1660,0,2,0,1662,A
2-PB1,811,0,0,0,1664,1664,C
2-PB1,812,0,1619,1,2,1622,T
2-PB1,813,1,1543,0,1,1545,T
2-PB1,814,2,1,0,1535,1538,C
2-PB1,815,1,1,0,1541,1543,C
2-PB1,816,0,1,1545,0,1546,G
2-PB1,817,0,0,1540,0,1540,G
2-PB1,818,0,1528,0,2,1530,T
2-PB1,819,0,1527,0,1,1528,T
2-PB1,820,2,2,1523,0,1527,G
2-PB1,821,1,2,1529,0,1532,G
2-PB1,822,22,0,1516,0,1538,G
2-PB1,823,1,0,1533,0,1534,G
2-PB1,824,2,1,1536,0,1539,G
2-PB1,825,1,1527,0,1,1529,T
2-PB1,826,1531,0,1,0,1532,A
2-PB1,827,1539,0,1,0,1540,A
2-PB1,828,0,1538,0,1,1539,T
2-PB1,829,0,1,1544,0,1545,G
2-PB1,830,1521,1,1,0,1523,A
2-PB1,831,1509,1,4,0,1514,A
2-PB1,832,1513,0,1,0,1514,A
2-PB1,833,1512,0,1,0,1513,A
2-PB1,834,0,0,1513,0,1513,G
2-PB1,835,1503,0,1,0,1504,A
2-PB1,836,1492,0,1,0,1493,A
2-PB1,837,1,0,1501,0,1502,G
2-PB1,838,0,1,1491,0,1492,G
2-PB1,839,0,0,0,1488,1488,C
2-PB1,840,1,0,0,1485,1486,C
2-PB1,841,1499,0,2,0,1501,A
2-PB1,842,1498,0,0,0,1498,A
2-PB1,843,1500,0,0,0,1500,A
2-PB1,844,1,0,0,1502,1503,C
2-PB1,845,0,1498,0,3,1501,T
2-PB1,846,1,3,1527,0,1531,G
2-PB1,847,1,0,1528,1,1530,G
2-PB1,848,1,1,1,1527,1530,C
2-PB1,849,1533,0,0,0,1533,A
2-PB1,850,1526,2,2,1,1531,A
2-PB1,851,1536,0,0,0,1536,A
2-PB1,852,0,1534,0,1,1535,T
2-PB1,853,1,1,1538,0,1540,G
2-PB1,854,0,1527,0,1,1528,T
2-PB1,855,0,1494,0,1,1495,T
2-PB1,856,1,0,1495,0,1496,G
2-PB1,857,0,1493,0,0,1493,T
2-PB1,858,0,1,1498,1,1500,G
2-PB1,859,1503,0,0,0,1503,A
2-PB1,860,0,0,1507,0,1507,G
2-PB1,861,1500,0,0,2,1502,A
2-PB1,862,1491,1,0,0,1492,A
2-PB1,863,1494,0,0,0,1494,A
2-PB1,864,1495,0,3,0,1498,A
2-PB1,865,1501,0,1,0,1502,A
2-PB1,866,0,1498,0,1,1499,T
2-PB1,867,0,0,1500,1,1501,G
2-PB1,868,1498,0,4,0,1502,A
2-PB1,869,0,1477,0,2,1479,T
2-PB1,870,0,0,1490,0,1490,G
2-PB1,871,1491,1,2,1,1495,A
2-PB1,872,0,1,0,1504,1505,C
2-PB1,873,0,1499,0,2,1501,T
2-PB1,874,1495,0,2,0,1497,A
2-PB1,875,1503,0,1,0,1504,A
2-PB1,876,1,1498,0,1,1500,T
2-PB1,877,0,1511,0,1,1512,T
2-PB1,878,1,1,0,1513,1515,C
2-PB1,879,1508,1,3,0,1512,A
2-PB1,880,0,2,0,1506,1508,C
2-PB1,881,1479,1,3,0,1483,A
2-PB1,882,1481,0,5,0,1486,A
2-PB1,883,0,0,1483,0,1483,G
2-PB1,884,1486,0,1,0,1487,A
2-PB1,885,0,1,0,1483,1484,C
2-PB1,886,1472,0,0,0,1472,A
2-PB1,887,0,0,0,1474,1474,C
2-PB1,888,1451,0,2,0,1453,A
2-PB1,889,0,0,1460,0,1460,G
2-PB1,890,1454,0,0,0,1454,A
2-PB1,891,0,0,1455,0,1455,G
2-PB1,892,1,0,0,1453,1454,C
2-PB1,893,0,1411,1,4,1416,T
2-PB1,894,0,1424,0,1,1425,T
2-PB1,895,0,1419,0,1,1420,T
2-PB1,896,0,1,0,1427,1428,C
2-PB1,897,0,1423,0,1,1424,T
2-PB1,898,1,1415,0,0,1416,T
2-PB1,899,0,1412,0,3,1415,T
2-PB1,900,0,1,0,1408,1409,C
2-PB1,901,1406,0,0,0,1406,A
2-PB1,902,0,0,0,1408,1408,C
2-PB1,903,1395,0,1,0,1396,A
2-PB1,904,1401,0,1,0,1402,A
2-PB1,905,0,1411,0,1,1412,T
2-PB1,906,1,3,0,1413,1417,C
2-PB1,907,1420,0,0,0,1420,A
2-PB1,908,0,0,0,1423,1423,C
2-PB1,909,0,1399,0,0,1399,T
2-PB1,910,1,3,1408,0,1412,G
2-PB1,911,1,1,1400,0,1402,G
2-PB1,912,2,3,1422,0,1427,G
2-PB1,913,0,1,1422,0,1423,G
2-PB1,914,1392,0,2,0,1394,A
2-PB1,915,3,1,0,1333,1337,C
2-PB1,916,1356,0,1,0,1357,A
2-PB1,917,1411,0,1,0,1412,A
2-PB1,918,0,0,0,1419,1419,C
2-PB1,919,1416,0,1,0,1417,A
2-PB1,920,0,0,0,1413,1413,C
2-PB1,921,0,1350,1,2,1353,T
2-PB1,922,1356,0,0,0,1356,A
2-PB1,923,1351,1,3,1,1356,A
2-PB1,924,0,0,1362,0,1362,G
2-PB1,925,1,1348,0,0,1349,T
2-PB1,926,2,1,1246,0,1249,G
2-PB1,927,2,0,1229,0,1231,G
2-PB1,928,1230,0,0,0,1230,A
2-PB1,929,1231,0,1,0,1232,A
2-PB1,930,0,1231,0,2,1233,T
2-PB1,931,0,0,1227,0,1227,G
2-PB1,932,1227,0,1,0,1228,A
2-PB1,933,1207,0,2,0,1209,A
2-PB1,934,1214,0,1,0,1215,A
2-PB1,935,1214,1,0,0,1215,A
2-PB1,936,0,1217,0,0,1217,T
2-PB1,937,1,0,0,1217,1218,C
2-PB1,938,1216,0,0,0,1216,A
2-PB1,939,1216,0,2,0,1218,A
2-PB1,940,1212,0,1,1,1214,A
2-PB1,941,1216,0,0,1,1217,A
2-PB1,942,1,0,0,1218,1219,C
2-PB1,943,1,0,0,1212,1213,C
2-PB1,944,2,1,0,1198,1201,C
2-PB1,945,2,1188,0,3,1193,T
2-PB1,946,1,0,0,1198,1199,C
2-PB1,947,0,0,1199,0,1199,G
2-PB1,948,1199,0,0,0,1199,A
2-PB1,949,1200,1,0,0,1201,A
2-PB1,950,0,1199,0,0,1199,T
2-PB1,951,0,0,1200,0,1200,G
2-PB1,952,0,1188,3,1,1192,T
2-PB1,953,0,1186,0,1,1187,T
2-PB1,954,0,1178,1,2,1181,T
2-PB1,955,0,1186,0,0,1186,T
2-PB1,956,1,1181,2,1,1185,T
2-PB1,957,0,1,1185,0,1186,G
2-PB1,958,0,0,1183,0,1183,G
2-PB1,959,2,0,0,1175,1177,C
2-PB1,960,0,1,1170,0,1171,G
2-PB1,961,1167,1,0,0,1168,A
2-PB1,962,0,1192,0,0,1192,T
2-PB1,963,0,0,1219,0,1219,G
2-PB1,964,1248,0,0,1,1249,A
2-PB1,965,0,1249,0,1,1250,T
2-PB1,966,0,1249,0,1,1250,T
2-PB1,967,1253,0,3,0,1256,A
2-PB1,968,0,2,0,1256,1258,C
2-PB1,969,1259,0,0,0,1259,A
2-PB1,970,0,1257,0,1,1258,T
2-PB1,971,1190,0,1,0,1191,A
2-PB1,972,1,1,0,1196,1198,C
2-PB1,973,1069,0,1,0,1070,A
2-PB1,974,0,1063,0,0,1063,T
2-PB1,975,0,2,0,1057,1059,C
2-PB1,976,1059,0,1,0,1060,A
2-PB1,977,0,0,0,1057,1057,C
2-PB1,978,1048,0,0,0,1048,A
2-PB1,979,1048,0,1,0,1049,A
2-PB1,980,1044,0,0,0,1044,A
2-PB1,981,1,0,1006,0,1007,G
2-PB1,982,1046,0,0,0,1046,A
2-PB1,983,1048,0,1,1,1050,A
2-PB1,984,0,1051,0,2,1053,T
2-PB1,985,2,2,0,1039,1043,C
2-PB1,986,1026,0,6,0,1032,A
2-PB1,987,1033,0,2,0,1035,A
2-PB1,988,0,0,0,1042,1042,C
2-PB1,989,1,0,0,1040,1041,C
2-PB1,990,0,964,0,0,964,T
2-PB1,991,0,1,969,0,970,G
2-PB1,992,966,0,1,0,967,A
2-PB1,993,0,0,969,0,969,G
2-PB1,994,0,964,0,0,964,T
2-PB1,995,1,1,931,0,933,G
2-PB1,996,0,0,983,0,983,G
2-PB1,997,0,970,0,5,975,T
2-PB1,998,0,966,1,5,972,T
2-PB1,999,1,1,0,971,973,C
2-PB1,1000,962,0,1,0,963,A
2-PB1,1001,0,0,974,0,974,G
2-PB1,1002,971,1,0,0,972,A
2-PB1,1003,970,1,0,0,971,A
2-PB1,1004,960,0,2,0,962,A
2-PB1,1005,0,0,0,867,867,C
2-PB1,1006,868,0,0,0,868,A
2-PB1,1007,0,861,0,1,862,T
2-PB1,1008,0,0,0,866,866,C
2-PB1,1009,1,0,0,866,867,C
2-PB1,1010,0,822,0,0,822,T
2-PB1,1011,1,0,824,0,825,G
2-PB1,1012,818,0,1,0,819,A
2-PB1,1013,0,1,826,0,827,G
2-PB1,1014,0,0,0,817,817,C
2-PB1,1015,784,0,0,0,784,A
2-PB1,1016,0,782,0,0,782,T
2-PB1,1017,0,1,0,780,781,C
2-PB1,1018,0,0,780,2,782,G
2-PB1,1019,1,1,0,801,803,C
2-PB1,1020,806,1,1,0,808,A
2-PB1,1021,0,0,0,837,837,C
2-PB1,1022,1,0,0,832,833,C
2-PB1,1023,836,0,1,0,837,A
2-PB1,1024,848,0,1,0,849,A
2-PB1,1025,1,842,0,3,846,T
2-PB1,1026,840,0,1,0,841,A
2-PB1,1027,844,1,1,1,847,A
2-PB1,1028,0,817,0,2,819,T
2-PB1,1029,1,0,822,0,823,G
2-PB1,1030,0,798,0,2,800,T
2-PB1,1031,0,794,1,1,796,T
2-PB1,1032,0,0,0,797,797,C
2-PB1,1033,1,788,0,1,790,T
2-PB1,1034,0,0,1,794,795,C
2-PB1,1035,795,0,0,0,795,A
2-PB1,1036,794,1,0,0,795,A
2-PB1,1037,792,0,1,0,793,A
2-PB1,1038,0,0,0,795,795,C
2-PB1,1039,797,0,0,0,797,A
2-PB1,1040,793,0,0,0,793,A
2-PB1,1041,795,0,0,0,795,A
2-PB1,1042,796,1,1,0,798,A
2-PB1,1043,0,807,0,0,807,T
2-PB1,1044,0,0,809,0,809,G
2-PB1,1045,0,0,810,0,810,G
2-PB1,1046,0,0,0,803,803,C
2-PB1,1047,804,0,0,0,804,A
2-PB1,1048,810,0,1,0,811,A
2-PB1,1049,0,0,812,0,812,G
2-PB1,1050,808,0,2,0,810,A
2-PB1,1051,1,1,0,811,813,C
2-PB1,1052,0,806,0,2,808,T
2-PB1,1053,0,0,824,0,824,G
2-PB1,1054,0,1,826,0,827,G
2-PB1,1055,2,0,829,0,831,G
2-PB1,1056,832,0,0,0,832,A
2-PB1,1057,829,0,0,1,830,A
2-PB1,1058,830,0,1,0,831,A
2-PB1,1059,830,1,2,0,833,A
2-PB1,1060,1,0,855,0,856,G
2-PB1,1061,0,0,857,0,857,G
2-PB1,1062,853,0,3,0,856,A
2-PB1,1063,0,851,0,0,851,T
2-PB1,1064,847,0,0,0,847,A
2-PB1,1065,0,1,0,849,850,C
2-PB1,1066,864,0,0,0,864,A
2-PB1,1067,0,859,0,0,859,T
2-PB1,1068,0,0,861,0,861,G
2-PB1,1069,0,841,0,0,841,T
2-PB1,1070,0,846,0,1,847,T
2-PB1,1071,2,0,0,846,848,C
2-PB1,1072,1,1,848,0,850,G
2-PB1,1073,851,0,0,0,851,A
2-PB1,1074,0,0,860,0,860,G
2-PB1,1075,851,0,1,0,852,A
2-PB1,1076,0,0,862,0,862,G
2-PB1,1077,0,852,0,3,855,T
2-PB1,1078,853,0,1,0,854,A
2-PB1,1079,853,1,1,0,855,A
2-PB1,1080,1,0,856,0,857,G
2-PB1,1081,854,0,3,0,857,A
2-PB1,1082,0,0,866,0,866,G
2-PB1,1083,845,0,0,0,845,A
2-PB1,1084,849,0,0,0,849,A
2-PB1,1085,0,836,0,0,836,T
2-PB1,1086,0,0,837,0,837,G
2-PB1,1087,836,1,0,0,837,A
2-PB1,1088,829,0,3,0,832,A
2-PB1,1089,0,0,834,0,834,G
2-PB1,1090,1,0,0,830,831,C
2-PB1,1091,0,818,0,1,819,T
2-PB1,1092,1,0,0,819,820,C
2-PB1,1093,1,1,0,818,820,C
2-PB1,1094,0,1,818,0,819,G
2-PB1,1095,1,0,817,0,818,G
2-PB1,1096,821,0,0,0,821,A
2-PB1,1097,1,1,0,829,831,C
2-PB1,1098,831,0,0,0,831,A
2-PB1,1099,1,2,0,838,841,C
2-PB1,1100,842,0,0,0,842,A
2-PB1,1101,843,0,1,0,844,A
2-PB1,1102,842,0,1,0,843,A
2-PB1,1103,0,843,0,2,845,T
2-PB1,1104,845,0,0,0,845,A
2-PB1,1105,0,0,0,847,847,C
2-PB1,1106,1,1,0,835,837,C
2-PB1,1107,0,829,0,1,830,T
2-PB1,1108,0,0,836,0,836,G
2-PB1,1109,0,0,0,835,835,C
2-PB1,1110,835,0,2,0,837,A
2-PB1,1111,1,0,836,0,837,G
2-PB1,1112,835,0,0,0,835,A
2-PB1,1113,832,0,0,0,832,A
2-PB1,1114,830,0,0,0,830,A
2-PB1,1115,0,833,0,1,834,T
2-PB1,1116,0,0,834,0,834,G
2-PB1,1117,1,0,0,832,833,C
2-PB1,1118,0,829,0,1,830,T
2-PB1,1119,837,0,1,0,838,A
2-PB1,1120,0,0,838,0,838,G
2-PB1,1121,1,0,0,837,838,C
2-PB1,1122,840,0,0,0,840,A
2-PB1,1123,838,0,0,1,839,A
2-PB1,1124,1,0,833,0,834,G
2-PB1,1125,0,0,0,835,835,C
2-PB1,1126,828,0,0,0,828,A
2-PB1,1127,0,840,0,4,844,T
2-PB1,1128,0,846,0,0,846,T
2-PB1,1129,1,0,864,0,865,G
2-PB1,1130,872,0,0,0,872,A
2-PB1,1131,0,0,0,873,873,C
2-PB1,1132,1,0,0,875,876,C
2-PB1,1133,0,862,0,0,862,T
2-PB1,1134,0,2,872,0,874,G
2-PB1,1135,878,0,1,0,879,A
2-PB1,1136,875,1,1,0,877,A
2-PB1,1137,3,0,891,1,895,G
2-PB1,1138,0,869,0,5,874,T
2-PB1,1139,879,0,1,0,880,A
2-PB1,1140,1,868,0,0,869,T
2-PB1,1141,0,870,0,1,871,T
2-PB1,1142,0,868,0,1,869,T
2-PB1,1143,0,0,0,855,855,C
2-PB1,1144,860,0,0,0,860,A
2-PB1,1145,860,0,1,0,861,A
2-PB1,1146,0,848,0,0,848,T
2-PB1,1147,0,1,849,0,850,G
2-PB1,1148,840,0,2,0,842,A
2-PB1,1149,841,0,2,0,843,A
2-PB1,1150,1,834,1,2,838,T
2-PB1,1151,1,0,0,845,846,C
2-PB1,1152,842,0,2,0,844,A
2-PB1,1153,845,0,1,1,847,A
2-PB1,1154,1,0,0,843,844,C
2-PB1,1155,835,0,1,1,837,A
2-PB1,1156,836,0,1,0,837,A
2-PB1,1157,0,2,840,0,842,G
2-PB1,1158,1,1,852,0,854,G
2-PB1,1159,855,0,1,0,856,A
2-PB1,1160,850,0,1,0,851,A
2-PB1,1161,0,1,850,0,851,G
2-PB1,1162,848,0,3,0,851,A
2-PB1,1163,850,0,2,0,852,A
2-PB1,1164,846,0,2,0,848,A
2-PB1,1165,850,1,0,1,852,A
2-PB1,1166,0,846,0,0,846,T
2-PB1,1167,1,840,0,1,842,T
2-PB1,1168,0,1,845,0,846,G
2-PB1,1169,843,0,2,0,845,A
2-PB1,1170,0,0,843,0,843,G
2-PB1,1171,843,0,0,1,844,A
2-PB1,1172,852,0,0,0,852,A
2-PB1,1173,860,1,0,0,861,A
2-PB1,1174,863,1,0,0,864,A
2-PB1,1175,0,860,1,2,863,T
2-PB1,1176,864,0,0,0,864,A
2-PB1,1177,859,0,1,0,860,A
2-PB1,1178,0,2,859,0,861,G
2-PB1,1179,0,0,865,0,865,G
2-PB1,1180,0,0,0,860,860,C
2-PB1,1181,0,0,0,859,859,C
2-PB1,1182,0,853,0,2,855,T
2-PB1,1183,1,0,0,937,938,C
2-PB1,1184,0,952,0,1,953,T
2-PB1,1185,0,964,0,0,964,T
2-PB1,1186,0,2,0,978,980,C
2-PB1,1187,0,974,0,1,975,T
2-PB1,1188,977,0,0,0,977,A
2-PB1,1189,976,1,3,0,980,A
2-PB1,1190,0,985,0,0,985,T
2-PB1,1191,998,0,0,0,998,A
2-PB1,1192,0,0,972,0,972,G
2-PB1,1193,901,0,0,0,901,A
2-PB1,1194,0,897,0,4,901,T
2-PB1,1195,1,0,893,0,894,G
2-PB1,1196,0,0,903,0,903,G
2-PB1,1197,0,0,0,900,900,C
2-PB1,1198,900,0,0,0,900,A
2-PB1,1199,0,0,0,907,907,C
2-PB1,1200,889,2,0,0,891,A
2-PB1,1201,0,0,919,0,919,G
2-PB1,1202,0,1,0,917,918,C
2-PB1,1203,917,1,3,0,921,A
2-PB1,1204,0,944,0,0,944,T
2-PB1,1205,0,0,0,934,934,C
2-PB1,1206,942,0,0,1,943,A
2-PB1,1207,0,941,0,0,941,T
2-PB1,1208,0,940,0,1,941,T
2-PB1,1209,0,0,934,0,934,G
2-PB1,1210,918,0,1,0,919,A
2-PB1,1211,1,1,944,0,946,G
2-PB1,1212,0,0,0,942,942,C
2-PB1,1213,0,0,0,924,924,C
2-PB1,1214,0,0,0,936,936,C
2-PB1,1215,1,930,0,1,932,T
2-PB1,1216,0,0,1034,0,1034,G
2-PB1,1217,1,0,1061,0,1062,G
2-PB1,1218,1062,0,2,0,1064,A
2-PB1,1219,1111,0,0,0,1111,A
2-PB1,1220,0,1093,0,1,1094,T
2-PB1,1221,0,0,1155,0,1155,G
2-PB1,1222,1187,0,0,0,1187,A
2-PB1,1223,0,1193,0,1,1194,T
2-PB1,1224,2,0,1200,0,1202,G
2-PB1,1225,1194,0,1,0,1195,A
2-PB1,1226,0,1186,0,0,1186,T
2-PB1,1227,1,4,1180,0,1185,G
2-PB1,1228,0,2,1205,0,1207,G
2-PB1,1229,1,0,1213,0,1214,G
2-PB1,1230,0,0,0,1203,1203,C
2-PB1,1231,1209,0,0,0,1209,A
2-PB1,1232,0,1219,0,2,1221,T
2-PB1,1233,1,0,1262,0,1263,G
2-PB1,1234,1,1262,0,2,1265,T
2-PB1,1235,0,1266,0,2,1268,T
2-PB1,1236,0,0,0,1265,1265,C
2-PB1,1237,1260,0,2,0,1262,A
2-PB1,1238,1269,0,1,0,1270,A
2-PB1,1239,0,1,0,1270,1271,C
2-PB1,1240,1283,0,0,0,1283,A
2-PB1,1241,0,1283,0,0,1283,T
2-PB1,1242,0,1,1322,0,1323,G
2-PB1,1243,1,0,0,1318,1319,C
2-PB1,1244,0,1320,0,1,1321,T
2-PB1,1245,1338,0,0,0,1338,A
2-PB1,1246,1336,0,1,0,1337,A
2-PB1,1247,0,0,1368,0,1368,G
2-PB1,1248,0,1369,0,0,1369,T
2-PB1,1249,1364,0,0,0,1364,A
2-PB1,1250,0,0,0,1378,1378,C
2-PB1,1251,0,0,1395,0,1395,G
2-PB1,1252,0,1,1520,1,1522,G
2-PB1,1253,0,1514,2,1,1517,T
2-PB1,1254,0,1508,0,1,1509,T
2-PB1,1255,0,1509,0,1,1510,T
2-PB1,1256,0,1505,0,2,1507,T
2-PB1,1257,1503,0,3,1,1507,A
2-PB1,1258,0,0,1510,0,1510,G
2-PB1,1259,1,2,1500,0,1503,G
2-PB1,1260,1474,0,6,0,1480,A
2-PB1,1261,1,0,1476,0,1477,G
2-PB1,1262,0,1498,1,5,1504,T
2-PB1,1263,2,0,0,1503,1505,C
2-PB1,1264,0,1504,0,2,1506,T
2-PB1,1265,0,0,0,1505,1505,C
2-PB1,1266,3,2,1505,0,1510,G
2-PB1,1267,1581,1,1,0,1583,A
2-PB1,1268,0,1584,0,1,1585,T
2-PB1,1269,1593,0,0,0,1593,A
2-PB1,1270,0,1,0,1596,1597,C
2-PB1,1271,0,1568,0,6,1574,T
2-PB1,1272,0,0,1576,0,1576,G
2-PB1,1273,1574,0,1,0,1575,A
2-PB1,1274,1609,1,1,0,1611,A
2-PB1,1275,0,1614,0,0,1614,T
2-PB1,1276,3,0,0,1584,1587,C
2-PB1,1277,0,1577,0,3,1580,T
2-PB1,1278,0,1578,1,1,1580,T
2-PB1,1279,0,0,1581,0,1581,G
2-PB1,1280,1,0,1582,0,1583,G
2-PB1,1281,1575,1,4,0,1580,A
2-PB1,1282,0,0,0,1582,1582,C
2-PB1,1283,1559,0,1,1,1561,A
2-PB1,1284,1563,0,2,1,1566,A
2-PB1,1285,1568,1,2,1,1572,A
2-PB1,1286,1574,3,0,0,1577,A
2-PB1,1287,0,1,1610,0,1611,G
2-PB1,1288,1613,0,4,0,1617,A
2-PB1,1289,1613,0,5,0,1618,A
2-PB1,1290,1613,0,5,0,1618,A
2-PB1,1291,0,1615,0,4,1619,T
2-PB1,1292,1623,0,2,0,1625,A
2-PB1,1293,0,0,0,1685,1685,C
2-PB1,1294,1666,0,5,0,1671,A
2-PB1,1295,0,0,0,1682,1682,C
2-PB1,1296,1,0,0,1664,1665,C
2-PB1,1297,1654,0,2,0,1656,A
2-PB1,1298,1679,1,0,0,1680,A
2-PB1,1299,0,3,1752,0,1755,G
2-PB1,1300,1772,1,5,0,1778,A
2-PB1,1301,0,0,0,1798,1798,C
2-PB1,1302,1755,1,4,0,1760,A
2-PB1,1303,1810,1,7,0,1818,A
2-PB1,1304,0,3,0,1817,1820,C
2-PB1,1305,1858,0,0,0,1858,A
2-PB1,1306,0,1863,0,0,1863,T
2-PB1,1307,1858,1,2,0,1861,A
2-PB1,1308,0,0,0,1887,1887,C
2-PB1,1309,0,1848,2,1,1851,T
2-PB1,1310,2,3,1871,0,1876,G
2-PB1,1311,1,0,1878,0,1879,G
2-PB1,1312,0,1845,1,3,1849,T
2-PB1,1313,0,3,1847,0,1850,G
2-PB1,1314,0,2,1822,0,1824,G
2-PB1,1315,0,1,1834,0,1835,G
2-PB1,1316,1818,1,6,0,1825,A
2-PB1,1317,0,1809,0,0,1809,T
2-PB1,1318,1,2,1795,0,1798,G
2-PB1,1319,1,0,1783,0,1784,G
2-PB1,1320,0,1,1806,0,1807,G
2-PB1,1321,0,0,1,1836,1837,C
2-PB1,1322,2,1826,0,1,1829,T
2-PB1,1323,2,2,2,1839,1845,C
2-PB1,1324,2,0,0,1841,1843,C
2-PB1,1325,1842,0,0,0,1842,A
2-PB1,1326,1845,0,3,0,1848,A
2-PB1,1327,0,1843,0,3,1846,T
2-PB1,1328,1,0,2,1837,1840,C
2-PB1,1329,0,0,0,1837,1837,C
2-PB1,1330,1,1824,0,4,1829,T
2-PB1,1331,0,0,0,1826,1826,C
2-PB1,1332,0,1,0,1819,1820,C
2-PB1,1333,1,1,1824,0,1826,G
2-PB1,1334,1825,0,0,0,1825,A
2-PB1,1335,0,0,0,1825,1825,C
2-PB1,1336,1,0,1826,0,1827,G
2-PB1,1337,1837,0,0,0,1837,A
2-PB1,1338,0,1828,0,1,1829,T
2-PB1,1339,0,1826,0,2,1828,T
2-PB1,1340,0,1834,0,0,1834,T
2-PB1,1341,1,1833,0,0,1834,T
2-PB1,1342,1,0,1836,0,1837,G
2-PB1,1343,0,3,0,1843,1846,C
2-PB1,1344,0,3,0,1848,1851,C
2-PB1,1345,3,0,1,1907,1911,C
2-PB1,1346,0,1878,1,4,1883,T
2-PB1,1347,2,1,0,1938,1941,C
2-PB1,1348,1950,0,1,0,1951,A
2-PB1,1349,0,1952,0,1,1953,T
2-PB1,1350,1953,0,1,0,1954,A
2-PB1,1351,0,1,1971,0,1972,G
2-PB1,1352,0,1954,0,1,1955,T
2-PB1,1353,0,2,1968,0,1970,G
2-PB1,1354,1933,0,0,0,1933,A
2-PB1,1355,1933,1,2,0,1936,A
2-PB1,1356,0,1886,0,4,1890,T
2-PB1,1357,1,1,1894,0,1896,G
2-PB1,1358,2,0,0,1917,1919,C
2-PB1,1359,1921,0,4,0,1925,A
2-PB1,1360,1,0,0,1923,1924,C
2-PB1,1361,5,1,0,1913,1919,C
2-PB1,1362,1912,0,1,0,1913,A
2-PB1,1363,1912,0,0,0,1912,A
2-PB1,1364,1901,0,1,0,1902,A
2-PB1,1365,0,1878,0,1,1879,T
2-PB1,1366,0,1,0,1927,1928,C
2-PB1,1367,1930,0,0,0,1930,A
2-PB1,1368,0,1935,0,2,1937,T
2-PB1,1369,1,3,1933,0,1937,G
2-PB1,1370,1938,0,3,0,1941,A
2-PB1,1371,0,4,1958,0,1962,G
2-PB1,1372,0,5,1961,0,1966,G
2-PB1,1373,3,1,1963,0,1967,G
2-PB1,1374,1948,0,4,1,1953,A
2-PB1,1375,1973,0,2,0,1975,A
2-PB1,1376,0,1978,0,0,1978,T
2-PB1,1377,1975,1,2,0,1978,A
2-PB1,1378,0,0,0,1982,1982,C
2-PB1,1379,1991,1,1,1,1994,A
2-PB1,1380,1979,2,8,0,1989,A
2-PB1,1381,0,0,1987,0,1987,G
2-PB1,1382,0,0,0,1980,1980,C
2-PB1,1383,1965,1,0,0,1966,A
2-PB1,1384,0,1,2006,0,2007,G
2-PB1,1385,0,2,2008,0,2010,G
2-PB1,1386,2010,1,1,0,2012,A
2-PB1,1387,1,2,2013,0,2016,G
2-PB1,1388,0,1992,0,1,1993,T
2-PB1,1389,1,2,2022,0,2025,G
2-PB1,1390,12,1,2018,1,2032,G
2-PB1,1391,2024,0,2,0,2026,A
2-PB1,1392,0,2035,0,0,2035,T
2-PB1,1393,2007,1,1,1,2010,A
2-PB1,1394,0,1,2037,0,2038,G
2-PB1,1395,2062,0,3,0,2065,A
2-PB1,1396,0,2065,1,2,2068,T
2-PB1,1397,0,2067,0,1,2068,T
2-PB1,1398,0,1,0,2132,2133,C
2-PB1,1399,1,2126,2,3,2132,T
2-PB1,1400,2133,0,0,0,2133,A
2-PB1,1401,0,4,0,2128,2132,C
2-PB1,1402,2102,2,4,0,2108,A
2-PB1,1403,3,1,2113,0,2117,G
2-PB1,1404,2,1,2099,0,2102,G
2-PB1,1405,2115,0,4,0,2119,A
2-PB1,1406,1,0,0,2106,2107,C
2-PB1,1407,1,0,0,2077,2078,C
2-PB1,1408,1,2057,1,6,2065,T
2-PB1,1409,1,0,2074,0,2075,G
2-PB1,1410,0,0,0,2069,2069,C
2-PB1,1411,2074,0,0,0,2074,A
2-PB1,1412,2092,1,3,0,2096,A
2-PB1,1413,0,0,2111,0,2111,G
2-PB1,1414,0,2081,0,2,2083,T
2-PB1,1415,0,2086,0,0,2086,T
2-PB1,1416,2056,0,3,0,2059,A
2-PB1,1417,0,1,2056,0,2057,G
2-PB1,1418,0,2054,0,0,2054,T
2-PB1,1419,1,1,2050,0,2052,G
2-PB1,1420,1,1,2045,0,2047,G
2-PB1,1421,0,0,2073,0,2073,G
2-PB1,1422,2078,1,1,0,2080,A
2-PB1,1423,2085,0,0,0,2085,A
2-PB1,1424,0,2080,0,2,2082,T
2-PB1,1425,2,1,0,2084,2087,C
2-PB1,1426,2090,0,0,0,2090,A
2-PB1,1427,2087,2,3,0,2092,A
2-PB1,1428,0,0,0,2091,2091,C
2-PB1,1429,2091,0,0,0,2091,A
2-PB1,1430,0,2065,0,1,2066,T
2-PB1,1431,0,0,2072,0,2072,G
2-PB1,1432,2070,0,5,0,2075,A
2-PB1,1433,0,0,2097,0,2097,G
2-PB1,1434,1,1,0,2089,2091,C
2-PB1,1435,2083,0,0,0,2083,A
2-PB1,1436,2083,0,0,0,2083,A
2-PB1,1437,2081,1,3,0,2085,A
2-PB1,1438,2106,0,0,0,2106,A
2-PB1,1439,2105,0,0,0,2105,A
2-PB1,1440,2,0,2106,0,2108,G
2-PB1,1441,2090,2,3,0,2095,A
2-PB1,1442,2076,0,2,0,2078,A
2-PB1,1443,2,0,2158,0,2160,G
2-PB1,1444,0,2160,0,2,2162,T
2-PB1,1445,2,0,0,2154,2156,C
2-PB1,1446,1,2,0,2169,2172,C
2-PB1,1447,0,2154,0,3,2157,T
2-PB1,1448,2185,0,1,0,2186,A
2-PB1,1449,0,2185,0,0,2185,T
2-PB1,1450,2186,0,0,0,2186,A
2-PB1,1451,1,2182,0,0,2183,T
2-PB1,1452,2162,0,3,0,2165,A
2-PB1,1453,2159,0,3,0,2162,A
2-PB1,1454,2155,1,2,0,2158,A
2-PB1,1455,1,2157,0,2,2160,T
2-PB1,1456,2142,0,1,0,2143,A
2-PB1,1457,2149,0,1,0,2150,A
2-PB1,1458,2157,0,2,0,2159,A
2-PB1,1459,2161,1,4,0,2166,A
2-PB1,1460,0,1,0,2165,2166,C
2-PB1,1461,2083,0,0,0,2083,A
2-PB1,1462,1,2,2077,0,2080,G
2-PB1,1463,0,2,2076,0,2078,G
2-PB1,1464,1,0,2075,0,2076,G
2-PB1,1465,2085,0,1,0,2086,A
2-PB1,1466,0,0,0,2099,2099,C
2-PB1,1467,2082,0,3,0,2085,A
2-PB1,1468,0,2085,0,1,2086,T
2-PB1,1469,1,2077,0,2,2080,T
2-PB1,1470,1,2093,0,1,2095,T
2-PB1,1471,1,3,2080,0,2084,G
2-PB1,1472,2070,0,2,0,2072,A
2-PB1,1473,2077,0,0,0,2077,A
2-PB1,1474,0,2068,0,1,2069,T
2-PB1,1475,0,2043,1,1,2045,T
2-PB1,1476,1,0,0,2052,2053,C
2-PB1,1477,2038,0,3,0,2041,A
2-PB1,1478,0,0,0,2043,2043,C
2-PB1,1479,0,2040,0,1,2041,T
2-PB1,1480,2042,1,1,0,2044,A
2-PB1,1481,0,0,2044,0,2044,G
2-PB1,1482,1,1,0,2041,2043,C
2-PB1,1483,0,2024,0,1,2025,T
2-PB1,1484,0,2049,0,1,2050,T
2-PB1,1485,0,2036,0,3,2039,T
2-PB1,1486,0,2042,0,3,2045,T
2-PB1,1487,0,2046,0,2,2048,T
2-PB1,1488,0,2033,1,1,2035,T
2-PB1,1489,0,2032,1,1,2034,T
2-PB1,1490,2032,0,0,0,2032,A
2-PB1,1491,1,2024,0,0,2025,T
2-PB1,1492,0,1,0,2025,2026,C
2-PB1,1493,1,1,2039,0,2041,G
2-PB1,1494,2089,0,2,0,2091,A
2-PB1,1495,1,2093,1,0,2095,T
2-PB1,1496,2107,1,0,0,2108,A
2-PB1,1497,1,2113,0,3,2117,T
2-PB1,1498,0,1,2115,1,2117,G
2-PB1,1499,0,1,2126,0,2127,G
2-PB1,1500,2127,0,3,0,2130,A
2-PB1,1501,1,2112,1,2,2116,T
2-PB1,1502,0,2111,1,0,2112,T
2-PB1,1503,0,2068,0,0,2068,T
2-PB1,1504,10,1,2061,0,2072,G
2-PB1,1505,0,2073,0,0,2073,T
2-PB1,1506,0,2,2063,0,2065,G
2-PB1,1507,1,2,2059,0,2062,G
2-PB1,1508,1,1,1,2048,2051,C
2-PB1,1509,0,2049,0,2,2051,T
2-PB1,1510,2055,0,0,0,2055,A
2-PB1,1511,2065,0,1,2,2068,A
2-PB1,1512,0,2078,0,0,2078,T
2-PB1,1513,0,2075,0,0,2075,T
2-PB1,1514,0,2079,0,0,2079,T
2-PB1,1515,0,2083,0,0,2083,T
2-PB1,1516,2079,0,2,0,2081,A
2-PB1,1517,1,0,2092,0,2093,G
2-PB1,1518,1,0,1,2093,2095,C
2-PB1,1519,2095,0,2,1,2098,A
2-PB1,1520,0,2074,0,0,2074,T
2-PB1,1521,1,2,2048,0,2051,G
2-PB1,1522,0,1,2075,0,2076,G
2-PB1,1523,2072,1,2,0,2075,A
2-PB1,1524,0,1,2075,0,2076,G
2-PB1,1525,3,0,0,2074,2077,C
2-PB1,1526,0,2056,0,2,2058,T
2-PB1,1527,1,1,2084,0,2086,G
2-PB1,1528,0,5,0,2072,2077,C
2-PB1,1529,1,2,0,2071,2074,C
2-PB1,1530,0,1,0,2091,2092,C
2-PB1,1531,2053,0,3,0,2056,A
2-PB1,1532,0,0,2177,0,2177,G
2-PB1,1533,0,2168,1,3,2172,T
2-PB1,1534,0,2173,1,3,2177,T
2-PB1,1535,0,2175,0,2,2177,T
2-PB1,1536,0,2160,0,2,2162,T
2-PB1,1537,0,2,2148,0,2150,G
2-PB1,1538,1,0,2150,0,2151,G
2-PB1,1539,2148,1,0,0,2149,A
2-PB1,1540,0,0,2143,0,2143,G
2-PB1,1541,1,2015,0,1,2017,T
2-PB1,1542,1,1,2077,0,2079,G
2-PB1,1543,0,2076,0,3,2079,T
2-PB1,1544,0,0,1,2081,2082,C
2-PB1,1545,2,2074,1,3,2080,T
2-PB1,1546,1,0,2087,0,2088,G
2-PB1,1547,1,0,2114,0,2115,G
2-PB1,1548,2106,0,0,0,2106,A
2-PB1,1549,2118,0,2,0,2120,A
2-PB1,1550,1,2118,0,2,2121,T
2-PB1,1551,2000,0,2,1,2003,A
2-PB1,1552,1996,0,4,0,2000,A
2-PB1,1553,2000,1,0,0,2001,A
2-PB1,1554,0,1,1,2004,2006,C
2-PB1,1555,1,2,1993,0,1996,G
2-PB1,1556,1955,0,1,0,1956,A
2-PB1,1557,0,0,1957,0,1957,G
2-PB1,1558,0,1952,0,1,1953,T
2-PB1,1559,1,1,0,1955,1957,C
2-PB1,1560,1957,0,1,0,1958,A
2-PB1,1561,0,4,1980,0,1984,G
2-PB1,1562,0,0,0,1979,1979,C
2-PB1,1563,1,1973,0,3,1977,T
2-PB1,1564,0,0,2039,0,2039,G
2-PB1,1565,2026,0,3,0,2029,A
2-PB1,1566,0,2032,0,1,2033,T
2-PB1,1567,2030,1,3,0,2034,A
2-PB1,1568,0,2024,0,1,2025,T
2-PB1,1569,1,1,2035,0,2037,G
2-PB1,1570,1980,0,2,0,1982,A
2-PB1,1571,1,0,2011,0,2012,G
2-PB1,1572,0,0,0,2015,2015,C
2-PB1,1573,1920,0,1,0,1921,A
2-PB1,1574,0,1915,0,1,1916,T
2-PB1,1575,0,1916,0,2,1918,T
2-PB1,1576,0,2,1932,0,1934,G
2-PB1,1577,0,0,2006,0,2006,G
2-PB1,1578,1973,0,6,0,1979,A
2-PB1,1579,0,0,1983,0,1983,G
2-PB1,1580,0,1920,0,2,1922,T
2-PB1,1581,1915,0,2,0,1917,A
2-PB1,1582,1915,0,5,0,1920,A
2-PB1,1583,0,1,0,1927,1928,C
2-PB1,1584,1920,0,0,0,1920,A
2-PB1,1585,0,0,1962,0,1962,G
2-PB1,1586,0,1838,0,1,1839,T
2-PB1,1587,0,1,1861,0,1862,G
2-PB1,1588,1878,2,3,1,1884,A
2-PB1,1589,0,1884,0,1,1885,T
2-PB1,1590,1877,2,2,0,1881,A
2-PB1,1591,1882,0,2,0,1884,A
2-PB1,1592,1837,1,13,0,1851,A
2-PB1,1593,1,0,1864,0,1865,G
2-PB1,1594,1801,0,3,0,1804,A
2-PB1,1595,1799,1,1,0,1801,A
2-PB1,1596,0,0,0,1806,1806,C
2-PB1,1597,1755,0,1,0,1756,A
2-PB1,1598,1774,0,1,0,1775,A
2-PB1,1599,0,1,0,1779,1780,C
2-PB1,1600,1799,0,2,0,1801,A
2-PB1,1601,0,1798,3,2,1803,T
2-PB1,1602,0,0,1793,0,1793,G
2-PB1,1603,1790,0,1,1,1792,A
2-PB1,1604,1,1790,0,2,1793,T
2-PB1,1605,1770,0,2,0,1772,A
2-PB1,1606,1778,2,3,0,1783,A
2-PB1,1607,1780,4,0,1,1785,A
2-PB1,1608,0,0,0,1794,1794,C
2-PB1,1609,1755,0,1,0,1756,A
2-PB1,1610,1749,0,0,1,1750,A
2-PB1,1611,0,1728,0,2,1730,T
2-PB1,1612,1,1,1729,0,1731,G
2-PB1,1613,1761,1,1,0,1763,A
2-PB1,1614,0,1,0,1778,1779,C
2-PB1,1615,0,0,0,1764,1764,C
2-PB1,1616,0,1717,0,0,1717,T
2-PB1,1617,10,1686,0,1,1697,T
2-PB1,1618,2,1,1694,1,1698,G
2-PB1,1619,0,0,1700,0,1700,G
2-PB1,1620,1708,0,4,0,1712,A
2-PB1,1621,0,1,0,1707,1708,C
2-PB1,1622,4,0,0,1674,1678,C
2-PB1,1623,1668,1,0,0,1669,A
2-PB1,1624,0,0,1676,0,1676,G
2-PB1,1625,1,2,0,1673,1676,C
2-PB1,1626,1675,0,0,0,1675,A
2-PB1,1627,1678,0,1,0,1679,A
2-PB1,1628,0,0,0,1674,1674,C
2-PB1,1629,1673,0,0,0,1673,A
2-PB1,1630,0,0,1708,0,1708,G
2-PB1,1631,0,0,0,1705,1705,C
2-PB1,1632,1,1,0,1704,1706,C
2-PB1,1633,1,1,0,1708,1710,C
2-PB1,1634,1709,1,2,0,1712,A
2-PB1,1635,1707,0,1,0,1708,A
2-PB1,1636,1705,0,1,0,1706,A
2-PB1,1637,0,1706,0,0,1706,T
2-PB1,1638,0,0,1703,0,1703,G
2-PB1,1639,1,0,1696,0,1697,G
2-PB1,1640,0,0,1,1698,1699,C
2-PB1,1641,0,1674,0,3,1677,T
2-PB1,1642,1,0,0,1717,1718,C
2-PB1,1643,0,1719,0,1,1720,T
2-PB1,1644,3,0,0,1723,1726,C
2-PB1,1645,3,1,0,1726,1730,C
2-PB1,1646,1738,0,2,0,1740,A
2-PB1,1647,1738,1,2,0,1741,A
2-PB1,1648,0,1736,0,2,1738,T
2-PB1,1649,0,1726,0,0,1726,T
2-PB1,1650,0,0,1733,0,1733,G
2-PB1,1651,1,1691,0,3,1695,T
2-PB1,1652,0,1693,0,2,1695,T
2-PB1,1653,1,2,0,1692,1695,C
2-PB1,1654,1691,1,1,0,1693,A
2-PB1,1655,0,1692,0,1,1693,T
2-PB1,1656,1,0,0,1693,1694,C
2-PB1,1657,1698,0,2,0,1700,A
2-PB1,1658,1697,1,1,0,1699,A
2-PB1,1659,1697,0,4,0,1701,A
2-PB1,1660,0,0,1743,0,1743,G
2-PB1,1661,1743,0,1,0,1744,A
2-PB1,1662,0,1749,0,1,1750,T
2-PB1,1663,0,1752,0,1,1753,T
2-PB1,1664,1756,1,1,0,1758,A
2-PB1,1665,1,3,0,1776,1780,C
2-PB1,1666,1775,1,1,0,1777,A
2-PB1,1667,2,2,1788,0,1792,G
2-PB1,1668,1775,0,5,1,1781,A
2-PB1,1669,0,1803,0,0,1803,T
2-PB1,1670,1802,0,0,0,1802,A
2-PB1,1671,0,0,0,1913,1913,C
2-PB1,1672,1943,0,3,0,1946,A
2-PB1,1673,0,5,0,2030,2035,C
2-PB1,1674,1994,2,1,0,1997,A
2-PB1,1675,0,2017,0,1,2018,T
2-PB1,1676,2008,0,1,0,2009,A
2-PB1,1677,0,2005,0,1,2006,T
2-PB1,1678,1938,0,1,0,1939,A
2-PB1,1679,0,3,1942,0,1945,G
2-PB1,1680,1,1,1920,0,1922,G
2-PB1,1681,0,1808,1,2,1811,T
2-PB1,1682,0,0,1784,0,1784,G
2-PB1,1683,2,1,0,1839,1842,C
2-PB1,1684,1,1,0,1841,1843,C
2-PB1,1685,1864,0,1,0,1865,A
2-PB1,1686,0,1860,0,0,1860,T
2-PB1,1687,1860,1,3,0,1864,A
2-PB1,1688,0,0,1871,0,1871,G
2-PB1,1689,1828,0,3,0,1831,A
2-PB1,1690,2,2,1830,0,1834,G
2-PB1,1691,1,2,1837,0,1840,G
2-PB1,1692,1790,0,3,0,1793,A
2-PB1,1693,0,0,1797,0,1797,G
2-PB1,1694,1789,1,1,0,1791,A
2-PB1,1695,0,1,0,1792,1793,C
2-PB1,1696,1797,0,4,1,1802,A
2-PB1,1697,1,1,0,1814,1816,C
2-PB1,1698,1819,1,1,0,1821,A
2-PB1,1699,0,0,0,1821,1821,C
2-PB1,1700,1806,0,0,0,1806,A
2-PB1,1701,1813,0,1,0,1814,A
2-PB1,1702,1820,0,1,1,1822,A
2-PB1,1703,0,1816,0,1,1817,T
2-PB1,1704,0,0,0,1822,1822,C
2-PB1,1705,2,0,0,1819,1821,C
2-PB1,1706,1804,0,2,0,1806,A
2-PB1,1707,1,3,1803,0,1807,G
2-PB1,1708,1813,0,1,0,1814,A
2-PB1,1709,0,0,0,1823,1823,C
2-PB1,1710,1,3,1813,0,1817,G
2-PB1,1711,1806,1,0,0,1807,A
2-PB1,1712,0,0,1813,0,1813,G
2-PB1,1713,1807,0,0,0,1807,A
2-PB1,1714,1805,0,2,1,1808,A
2-PB1,1715,1,0,1811,0,1812,G
2-PB1,1716,1799,0,2,0,1801,A
2-PB1,1717,0,1797,0,6,1803,T
2-PB1,1718,0,0,0,1794,1794,C
2-PB1,1719,1798,0,2,0,1800,A
2-PB1,1720,0,1789,0,2,1791,T
2-PB1,1721,1,1794,1,1,1797,T
2-PB1,1722,1,0,0,1798,1799,C
2-PB1,1723,0,2,1797,0,1799,G
2-PB1,1724,1779,0,2,0,1781,A
2-PB1,1725,0,0,1789,0,1789,G
2-PB1,1726,1780,0,0,0,1780,A
2-PB1,1727,1,1839,0,2,1842,T
2-PB1,1728,1833,1,5,0,1839,A
2-PB1,1729,1848,0,0,0,1848,A
2-PB1,1730,1847,0,4,0,1851,A
2-PB1,1731,2,2,1850,0,1854,G
2-PB1,1732,1853,1,0,0,1854,A
2-PB1,1733,1810,0,3,0,1813,A
2-PB1,1734,0,0,1819,0,1819,G
2-PB1,1735,2,0,0,1810,1812,C
2-PB1,1736,0,1800,0,1,1801,T
2-PB1,1737,0,0,1812,0,1812,G
2-PB1,1738,1,1804,0,0,1805,T
2-PB1,1739,0,3,1804,0,1807,G
2-PB1,1740,2,1,1805,0,1808,G
2-PB1,1741,1,0,1823,0,1824,G
2-PB1,1742,1826,0,1,0,1827,A
2-PB1,1743,1,1818,0,3,1822,T
2-PB1,1744,0,0,0,1816,1816,C
2-PB1,1745,1817,0,2,0,1819,A
2-PB1,1746,1823,0,0,0,1823,A
2-PB1,1747,1831,1,2,0,1834,A
2-PB1,1748,1,0,1,1831,1833,C
2-PB1,1749,1,1,0,1822,1824,C
2-PB1,1750,2,1,0,1821,1824,C
2-PB1,1751,1821,0,1,0,1822,A
2-PB1,1752,1842,0,2,0,1844,A
2-PB1,1753,0,1835,0,3,1838,T
2-PB1,1754,0,0,1,1844,1845,C
2-PB1,1755,1832,0,1,0,1833,A
2-PB1,1756,1819,0,5,0,1824,A
2-PB1,1757,1,6,1837,0,1844,G
2-PB1,1758,1,4,1825,0,1830,G
2-PB1,1759,0,1,1828,0,1829,G
2-PB1,1760,2,0,0,1830,1832,C
2-PB1,1761,1803,0,2,0,1805,A
2-PB1,1762,2,1,1858,0,1861,G
2-PB1,1763,1,0,1869,0,1870,G
2-PB1,1764,1879,0,2,0,1881,A
2-PB1,1765,0,3,0,1896,1899,C
2-PB1,1766,0,1850,0,1,1851,T
2-PB1,1767,1886,0,1,0,1887,A
2-PB1,1768,0,1878,0,0,1878,T
2-PB1,1769,2,1883,0,2,1887,T
2-PB1,1770,1,6,1874,0,1881,G
2-PB1,1771,1,2,1880,0,1883,G
2-PB1,1772,0,1861,0,0,1861,T
2-PB1,1773,1862,0,0,0,1862,A
2-PB1,1774,0,1834,0,2,1836,T
2-PB1,1775,0,1,0,1838,1839,C
2-PB1,1776,1808,0,2,0,1810,A
2-PB1,1777,0,0,1820,0,1820,G
2-PB1,1778,1818,1,2,0,1821,A
2-PB1,1779,2,1812,0,3,1817,T
2-PB1,1780,0,1,1742,0,1743,G
2-PB1,1781,0,1,1739,0,1740,G
2-PB1,1782,1,4,1735,0,1740,G
2-PB1,1783,1,1,1745,0,1747,G
2-PB1,1784,1,0,1747,0,1748,G
2-PB1,1785,1742,0,4,1,1747,A
2-PB1,1786,1,1,0,1739,1741,C
2-PB1,1787,0,1,0,1734,1735,C
2-PB1,1788,1733,0,0,0,1733,A
2-PB1,1789,1856,0,1,0,1857,A
2-PB1,1790,1854,0,0,0,1854,A
2-PB1,1791,0,0,0,1894,1894,C
2-PB1,1792,0,1868,1,6,1875,T
2-PB1,1793,0,1871,0,0,1871,T
2-PB1,1794,1878,0,0,0,1878,A
2-PB1,1795,0,1877,0,0,1877,T
2-PB1,1796,1885,0,0,0,1885,A
2-PB1,1797,0,0,1,1885,1886,C
2-PB1,1798,1752,0,2,0,1754,A
2-PB1,1799,1760,0,0,0,1760,A
2-PB1,1800,0,1728,0,2,1730,T
2-PB1,1801,1749,1,0,0,1750,A
2-PB1,1802,0,1748,0,0,1748,T
2-PB1,1803,0,0,0,1742,1742,C
2-PB1,1804,21,2,0,1725,1748,C
2-PB1,1805,2,0,1739,0,1741,G
2-PB1,1806,0,2,1745,1,1748,G
2-PB1,1807,1746,1,0,0,1747,A
2-PB1,1808,1748,0,0,0,1748,A
2-PB1,1809,0,1732,0,1,1733,T
2-PB1,1810,0,0,0,1736,1736,C
2-PB1,1811,0,1724,0,2,1726,T
2-PB1,1812,0,1731,0,1,1732,T
2-PB1,1813,1,0,0,1730,1731,C
2-PB1,1814,1727,0,3,0,1730,A
2-PB1,1815,0,1,0,1736,1737,C
2-PB1,1816,1729,0,0,1,1730,A
2-PB1,1817,0,1839,0,2,1841,T
2-PB1,1818,0,4,0,1836,1840,C
2-PB1,1819,0,0,0,1843,1843,C
2-PB1,1820,3,0,0,1849,1852,C
2-PB1,1821,0,1841,1,3,1845,T
2-PB1,1822,3,1,1840,0,1844,G
2-PB1,1823,1841,1,1,0,1843,A
2-PB1,1824,1843,0,0,0,1843,A
2-PB1,1825,0,1,1846,0,1847,G
2-PB1,1826,1,1748,0,2,1751,T
2-PB1,1827,1,0,0,1750,1751,C
2-PB1,1828,0,1728,0,1,1729,T
2-PB1,1829,1,0,1779,0,1780,G
2-PB1,1830,0,1,0,1778,1779,C
2-PB1,1831,0,1771,1,4,1776,T
2-PB1,1832,0,1779,0,3,1782,T
2-PB1,1833,1779,0,0,0,1779,A
2-PB1,1834,1778,0,1,0,1779,A
2-PB1,1835,1788,0,0,0,1788,A
2-PB1,1836,0,0,1793,1,1794,G
2-PB1,1837,0,1772,1,2,1775,T
2-PB1,1838,0,0,1744,0,1744,G
2-PB1,1839,1,0,1743,0,1744,G
2-PB1,1840,2,2,1744,0,1748,G
2-PB1,1841,1744,0,4,1,1749,A
2-PB1,1842,0,0,1750,0,1750,G
2-PB1,1843,1,0,0,1751,1752,C
2-PB1,1844,0,1733,1,2,1736,T
2-PB1,1845,0,0,1740,0,1740,G
2-PB1,1846,1736,0,5,0,1741,A
2-PB1,1847,0,1739,0,1,1740,T
2-PB1,1848,0,0,1749,1,1750,G
2-PB1,1849,0,1,1751,1,1753,G
2-PB1,1850,1754,0,1,0,1755,A
2-PB1,1851,2,1747,0,2,1751,T
2-PB1,1852,0,2,1744,0,1746,G
2-PB1,1853,1746,1,2,0,1749,A
2-PB1,1854,0,0,1782,0,1782,G
2-PB1,1855,1775,0,2,0,1777,A
2-PB1,1856,1774,0,6,0,1780,A
2-PB1,1857,1,1768,0,0,1769,T
2-PB1,1858,0,1759,0,0,1759,T
2-PB1,1859,1761,0,1,0,1762,A
2-PB1,1860,0,1765,0,0,1765,T
2-PB1,1861,0,2,0,1765,1767,C
2-PB1,1862,0,3,1764,0,1767,G
2-PB1,1863,0,3,1743,0,1746,G
2-PB1,1864,1,0,1747,0,1748,G
2-PB1,1865,2,0,1750,0,1752,G
2-PB1,1866,1748,0,5,1,1754,A
2-PB1,1867,1751,0,6,0,1757,A
2-PB1,1868,0,2,1768,0,1770,G
2-PB1,1869,1770,0,3,0,1773,A
2-PB1,1870,0,0,0,1780,1780,C
2-PB1,1871,0,1759,0,3,1762,T
2-PB1,1872,0,1800,0,0,1800,T
2-PB1,1873,0,1804,0,0,1804,T
2-PB1,1874,0,0,1806,0,1806,G
2-PB1,1875,1,1805,0,0,1806,T
2-PB1,1876,1795,0,0,0,1795,A
2-PB1,1877,1784,0,2,0,1786,A
2-PB1,1878,0,1779,0,3,1782,T
2-PB1,1879,2,0,0,1786,1788,C
2-PB1,1880,1,1,0,1784,1786,C
2-PB1,1881,5,0,0,1738,1743,C
2-PB1,1882,1743,0,1,1,1745,A
2-PB1,1883,0,1761,0,1,1762,T
2-PB1,1884,0,1,1764,0,1765,G
2-PB1,1885,1765,0,2,0,1767,A
2-PB1,1886,1764,0,1,0,1765,A
2-PB1,1887,0,1756,0,1,1757,T
2-PB1,1888,3,0,0,1745,1748,C
2-PB1,1889,1,0,0,1754,1755,C
2-PB1,1890,1,0,1,1736,1738,C
2-PB1,1891,0,1731,2,1,1734,T
2-PB1,1892,1,1733,0,2,1736,T
2-PB1,1893,0,1734,0,1,1735,T
2-PB1,1894,0,0,1736,0,1736,G
2-PB1,1895,0,1726,0,3,1729,T
2-PB1,1896,0,0,0,1724,1724,C
2-PB1,1897,1719,0,4,0,1723,A
2-PB1,1898,1,1,1737,0,1739,G
2-PB1,1899,0,0,0,1735,1735,C
2-PB1,1900,3,0,1,1737,1741,C
2-PB1,1901,1743,0,0,0,1743,A
2-PB1,1902,0,1739,0,1,1740,T
2-PB1,1903,1741,0,0,0,1741,A
2-PB1,1904,1743,0,0,0,1743,A
2-PB1,1905,1746,0,2,0,1748,A
2-PB1,1906,1,2,1773,0,1776,G
2-PB1,1907,1737,0,0,1,1738,A
2-PB1,1908,1734,1,4,0,1739,A
2-PB1,1909,1738,1,2,0,1741,A
2-PB1,1910,1,1735,0,0,1736,T
2-PB1,1911,1,1734,0,1,1736,T
2-PB1,1912,1,1,1733,1,1736,G
2-PB1,1913,1722,1,1,0,1724,A
2-PB1,1914,2,0,1734,0,1736,G
2-PB1,1915,0,1729,0,2,1731,T
2-PB1,1916,1,1,0,1735,1737,C
2-PB1,1917,1,1723,0,3,1727,T
2-PB1,1918,3,0,1760,0,1763,G
2-PB1,1919,0,1761,0,2,1763,T
2-PB1,1920,1780,0,1,0,1781,A
2-PB1,1921,1780,0,2,0,1782,A
2-PB1,1922,1780,0,3,1,1784,A
2-PB1,1923,1,0,0,1788,1789,C
2-PB1,1924,1748,0,0,0,1748,A
2-PB1,1925,1775,0,0,0,1775,A
2-PB1,1926,1,1772,0,1,1774,T
2-PB1,1927,0,0,1758,0,1758,G
2-PB1,1928,1,0,0,1777,1778,C
2-PB1,1929,0,1758,0,0,1758,T
2-PB1,1930,1,1,1806,0,1808,G
2-PB1,1931,0,1802,0,1,1803,T
2-PB1,1932,1824,0,1,0,1825,A
2-PB1,1933,0,0,1829,0,1829,G
2-PB1,1934,0,1791,0,2,1793,T
2-PB1,1935,1778,0,1,0,1779,A
2-PB1,1936,1760,0,0,1,1761,A
2-PB1,1937,1,1749,0,1,1751,T
2-PB1,1938,2,0,1740,0,1742,G
2-PB1,1939,1,0,0,1717,1718,C
2-PB1,1940,0,0,1,1702,1703,C
2-PB1,1941,1671,0,0,1,1672,A
2-PB1,1942,1,0,1682,0,1683,G
2-PB1,1943,1,2,0,1697,1700,C
2-PB1,1944,1,2,0,1703,1706,C
2-PB1,1945,3,0,1,1698,1702,C
2-PB1,1946,1701,0,1,0,1702,A
2-PB1,1947,0,1698,0,0,1698,T
2-PB1,1948,0,0,1702,0,1702,G
2-PB1,1949,1,0,1703,0,1704,G
2-PB1,1950,0,1695,0,4,1699,T
2-PB1,1951,1,0,0,1692,1693,C
2-PB1,1952,0,1,0,1636,1637,C
2-PB1,1953,3,1,1657,1,1662,G
2-PB1,1954,0,0,1672,0,1672,G
2-PB1,1955,1,0,1,1657,1659,C
2-PB1,1956,3,1,0,1663,1667,C
2-PB1,1957,1670,1,0,0,1671,A
2-PB1,1958,1670,0,2,0,1672,A
2-PB1,1959,1674,0,0,0,1674,A
2-PB1,1960,1677,0,3,0,1680,A
2-PB1,1961,0,0,1692,0,1692,G
2-PB1,1962,0,1652,0,1,1653,T
2-PB1,1963,1667,0,0,0,1667,A
2-PB1,1964,0,1665,0,1,1666,T
2-PB1,1965,0,2,1662,0,1664,G
2-PB1,1966,1,0,1691,0,1692,G
2-PB1,1967,1676,1,0,0,1677,A
2-PB1,1968,1699,0,3,0,1702,A
2-PB1,1969,1,1699,0,1,1701,T
2-PB1,1970,1671,0,1,0,1672,A
2-PB1,1971,0,1663,1,2,1666,T
2-PB1,1972,0,1,1655,0,1656,G
2-PB1,1973,1654,0,1,0,1655,A
2-PB1,1974,0,1644,0,1,1645,T
2-PB1,1975,1,0,1607,0,1608,G
2-PB1,1976,0,1,0,1609,1610,C
2-PB1,1977,0,0,0,1588,1588,C
2-PB1,1978,1,0,1585,0,1586,G
2-PB1,1979,1,1577,0,2,1580,T
2-PB1,1980,0,1582,0,1,1583,T
2-PB1,1981,1,1,1586,0,1588,G
2-PB1,1982,0,1,0,1605,1606,C
2-PB1,1983,1598,0,5,1,1604,A
2-PB1,1984,1613,0,1,0,1614,A
2-PB1,1985,1,3,0,1615,1619,C
2-PB1,1986,1,1602,0,1,1604,T
2-PB1,1987,1606,0,0,0,1606,A
2-PB1,1988,1,1,0,1603,1605,C
2-PB1,1989,1602,1,5,0,1608,A
2-PB1,1990,2,0,0,1607,1609,C
2-PB1,1991,1541,0,1,0,1542,A
2-PB1,1992,0,2,0,1631,1633,C
2-PB1,1993,0,1608,0,4,1612,T
2-PB1,1994,2,0,0,1609,1611,C
2-PB1,1995,1,1,0,1612,1614,C
2-PB1,1996,0,1603,0,1,1604,T
2-PB1,1997,0,0,1602,0,1602,G
2-PB1,1998,0,0,1605,0,1605,G
2-PB1,1999,1601,1,0,0,1602,A
2-PB1,2000,0,1595,0,2,1597,T
2-PB1,2001,0,1467,0,1,1468,T
2-PB1,2002,2,1,0,1476,1479,C
2-PB1,2003,0,2,0,1466,1468,C
2-PB1,2004,1,0,0,1473,1474,C
2-PB1,2005,1477,1,0,0,1478,A
2-PB1,2006,1476,0,0,0,1476,A
2-PB1,2007,0,2,1475,0,1477,G
2-PB1,2008,1472,0,0,0,1472,A
2-PB1,2009,0,1,1469,0,1470,G
2-PB1,2010,0,1,1480,0,1481,G
2-PB1,2011,1451,2,4,0,1457,A
2-PB1,2012,1450,0,6,0,1456,A
2-PB1,2013,1,1,0,1452,1454,C
2-PB1,2014,1,0,0,1451,1452,C
2-PB1,2015,0,0,1480,0,1480,G
2-PB1,2016,1,0,0,1475,1476,C
2-PB1,2017,1,1467,0,1,1469,T
2-PB1,2018,2,0,1,1474,1477,C
2-PB1,2019,0,1468,0,1,1469,T
2-PB1,2020,1548,0,0,0,1548,A
2-PB1,2021,0,1538,1,3,1542,T
2-PB1,2022,1,1545,0,1,1547,T
2-PB1,2023,1,0,0,1544,1545,C
2-PB1,2024,0,1491,1,3,1495,T
2-PB1,2025,1492,1,1,0,1494,A
2-PB1,2026,1491,0,2,1,1494,A
2-PB1,2027,1491,0,0,1,1492,A
2-PB1,2028,1,0,0,1492,1493,C
2-PB1,2029,1390,0,0,0,1390,A
2-PB1,2030,0,1,0,1387,1388,C
2-PB1,2031,1369,0,1,0,1370,A
2-PB1,2032,1372,1,6,0,1379,A
2-PB1,2033,3,0,1377,0,1380,G
2-PB1,2034,1,1,0,1381,1383,C
2-PB1,2035,0,0,0,1390,1390,C
2-PB1,2036,1373,0,2,0,1375,A
2-PB1,2037,1371,0,1,0,1372,A
2-PB1,2038,1373,0,2,0,1375,A
2-PB1,2039,1,0,1380,0,1381,G
2-PB1,2040,0,1,1383,0,1384,G
2-PB1,2041,1,1,1361,0,1363,G
2-PB1,2042,1,0,1366,0,1367,G
2-PB1,2043,1358,1,1,0,1360,A
2-PB1,2044,1363,0,1,0,1364,A
2-PB1,2045,0,1359,0,1,1360,T
2-PB1,2046,0,1365,0,1,1366,T
2-PB1,2047,0,2,0,1361,1363,C
2-PB1,2048,1,1352,1,2,1356,T
2-PB1,2049,1,1348,0,1,1350,T
2-PB1,2050,1,0,1346,0,1347,G
2-PB1,2051,1350,1,0,0,1351,A
2-PB1,2052,0,0,1352,0,1352,G
2-PB1,2053,0,1,1347,0,1348,G
2-PB1,2054,1341,0,1,0,1342,A
2-PB1,2055,0,1331,1,1,1333,T
2-PB1,2056,2,0,1335,0,1337,G
2-PB1,2057,1338,0,1,0,1339,A
2-PB1,2058,1332,0,5,0,1337,A
2-PB1,2059,0,1,0,1337,1338,C
2-PB1,2060,1325,0,1,0,1326,A
2-PB1,2061,0,0,1335,0,1335,G
2-PB1,2062,1327,0,0,0,1327,A
2-PB1,2063,0,1323,0,0,1323,T
2-PB1,2064,2,0,1328,0,1330,G
2-PB1,2065,0,1332,0,2,1334,T
2-PB1,2066,1336,0,1,0,1337,A
2-PB1,2067,0,1,0,1331,1332,C
2-PB1,2068,1,1,0,1324,1326,C
2-PB1,2069,1315,0,0,0,1315,A
2-PB1,2070,0,1,1294,0,1295,G
2-PB1,2071,1287,0,0,0,1287,A
2-PB1,2072,1285,0,1,0,1286,A
2-PB1,2073,0,1,1287,0,1288,G
2-PB1,2074,0,1216,0,0,1216,T
2-PB1,2075,0,0,1218,0,1218,G
2-PB1,2076,0,1,0,1211,1212,C
2-PB1,2077,0,1209,0,2,1211,T
2-PB1,2078,1,0,1208,0,1209,G
2-PB1,2079,0,0,0,1212,1212,C
2-PB1,2080,1209,2,1,0,1212,A
2-PB1,2081,1209,0,2,0,1211,A
2-PB1,2082,0,0,0,1197,1197,C
2-PB1,2083,0,1194,0,2,1196,T
2-PB1,2084,0,1185,0,1,1186,T
2-PB1,2085,0,0,1187,0,1187,G
2-PB1,2086,0,1179,0,1,1180,T
2-PB1,2087,0,1182,0,0,1182,T
2-PB1,2088,0,2,0,1182,1184,C
2-PB1,2089,1,0,1181,0,1182,G
2-PB1,2090,1182,0,1,0,1183,A
2-PB1,2091,0,0,1181,0,1181,G
2-PB1,2092,1178,0,0,0,1178,A
2-PB1,2093,1181,0,0,0,1181,A
2-PB1,2094,1181,0,0,0,1181,A
2-PB1,2095,0,1174,0,0,1174,T
2-PB1,2096,0,1176,0,1,1177,T
2-PB1,2097,1,1177,0,0,1178,T
2-PB1,2098,0,1177,0,1,1178,T
2-PB1,2099,1,1172,0,4,1177,T
2-PB1,2100,1,0,0,1189,1190,C
2-PB1,2101,3,1,0,1183,1187,C
2-PB1,2102,1,0,0,1190,1191,C
2-PB1,2103,0,1188,0,1,1189,T
2-PB1,2104,1183,1,2,0,1186,A
2-PB1,2105,0,0,1191,0,1191,G
2-PB1,2106,0,1187,0,0,1187,T
2-PB1,2107,1186,0,0,0,1186,A
2-PB1,2108,1,0,1194,0,1195,G
2-PB1,2109,0,1174,0,1,1175,T
2-PB1,2110,0,1197,0,0,1197,T
2-PB1,2111,1,1,0,1200,1202,C
2-PB1,2112,1209,0,2,0,1211,A
2-PB1,2113,0,1207,0,1,1208,T
2-PB1,2114,1195,0,1,0,1196,A
2-PB1,2115,0,1200,0,0,1200,T
2-PB1,2116,1153,1,1,0,1155,A
2-PB1,2117,0,1,1153,0,1154,G
2-PB1,2118,0,0,1145,0,1145,G
2-PB1,2119,1055,0,0,0,1055,A
2-PB1,2120,1,0,1053,0,1054,G
2-PB1,2121,996,0,0,0,996,A
2-PB1,2122,1,0,0,990,991,C
2-PB1,2123,1,2,0,959,962,C
2-PB1,2124,0,0,961,0,961,G
2-PB1,2125,959,0,0,0,959,A
2-PB1,2126,0,955,0,2,957,T
2-PB1,2127,0,951,0,1,952,T
2-PB1,2128,0,0,956,0,956,G
2-PB1,2129,0,0,958,1,959,G
2-PB1,2130,956,0,1,0,957,A
2-PB1,2131,954,1,0,0,955,A
2-PB1,2132,0,943,0,1,944,T
2-PB1,2133,0,946,0,1,947,T
2-PB1,2134,0,944,0,1,945,T
2-PB1,2135,0,0,0,941,941,C
2-PB1,2136,0,944,0,0,944,T
2-PB1,2137,940,0,0,0,940,A
2-PB1,2138,0,0,939,0,939,G
2-PB1,2139,0,1,0,929,930,C
2-PB1,2140,924,0,1,0,925,A
2-PB1,2141,0,914,0,3,917,T
2-PB1,2142,1,0,915,0,916,G
2-PB1,2143,0,0,931,0,931,G
2-PB1,2144,0,927,0,1,928,T
2-PB1,2145,0,0,925,0,925,G
2-PB1,2146,0,0,917,0,917,G
2-PB1,2147,909,0,5,0,914,A
2-PB1,2148,1,0,908,0,909,G
2-PB1,2149,0,0,914,0,914,G
2-PB1,2150,0,1,1,908,910,C
2-PB1,2151,0,1,0,895,896,C
2-PB1,2152,831,1,2,0,834,A
2-PB1,2153,0,828,0,0,828,T
2-PB1,2154,0,0,832,0,832,G
2-PB1,2155,0,0,835,0,835,G
2-PB1,2156,0,813,2,1,816,T
2-PB1,2157,0,0,822,0,822,G
2-PB1,2158,0,807,0,2,809,T
2-PB1,2159,0,0,0,806,806,C
2-PB1,2160,0,805,0,0,805,T
2-PB1,2161,794,0,4,0,798,A
2-PB1,2162,0,0,801,0,801,G
2-PB1,2163,1,0,784,0,785,G
2-PB1,2164,0,0,771,0,771,G
2-PB1,2165,0,2,0,749,751,C
2-PB1,2166,0,3,0,728,731,C
2-PB1,2167,0,1,0,718,719,C
2-PB1,2168,0,0,716,0,716,G
2-PB1,2169,0,0,718,0,718,G
2-PB1,2170,717,0,0,0,717,A
2-PB1,2171,0,716,0,0,716,T
2-PB1,2172,0,686,0,1,687,T
2-PB1,2173,0,0,682,0,682,G
2-PB1,2174,681,0,1,0,682,A
2-PB1,2175,0,685,0,0,685,T
2-PB1,2176,0,0,686,0,686,G
2-PB1,2177,0,0,0,677,677,C
2-PB1,2178,0,0,0,676,676,C
2-PB1,2179,669,0,0,0,669,A
2-PB1,2180,0,0,670,0,670,G
2-PB1,2181,656,0,11,0,667,A
2-PB1,2182,668,0,0,0,668,A
2-PB1,2183,0,665,0,0,665,T
2-PB1,2184,1,655,0,0,656,T
2-PB1,2185,1,2,655,0,658,G
2-PB1,2186,655,0,0,0,655,A
2-PB1,2187,0,0,0,653,653,C
2-PB1,2188,0,646,0,0,646,T
2-PB1,2189,0,640,0,2,642,T
2-PB1,2190,1,0,0,641,642,C
2-PB1,2191,0,0,642,0,642,G
2-PB1,2192,640,0,1,0,641,A
2-PB1,2193,0,0,628,0,628,G
2-PB1,2194,0,627,0,1,628,T
2-PB1,2195,0,1,1,627,629,C
2-PB1,2196,1,628,0,0,629,T
2-PB1,2197,0,0,631,0,631,G
2-PB1,2198,0,1,630,0,631,G
2-PB1,2199,628,0,1,0,629,A
2-PB1,2200,604,0,0,0,604,A
2-PB1,2201,0,1,605,0,606,G
2-PB1,2202,0,0,612,0,612,G
2-PB1,2203,614,0,0,0,614,A
2-PB1,2204,0,605,0,0,605,T
2-PB1,2205,0,612,0,0,612,T
2-PB1,2206,605,0,1,0,606,A
2-PB1,2207,605,0,1,0,606,A
2-PB1,2208,0,0,607,0,607,G
2-PB1,2209,605,0,2,0,607,A
2-PB1,2210,560,0,2,0,562,A
2-PB1,2211,0,0,519,0,519,G
2-PB1,2212,0,0,514,0,514,G
2-PB1,2213,511,1,1,0,513,A
2-PB1,2214,512,0,0,0,512,A
2-PB1,2215,1,0,510,0,511,G
2-PB1,2216,476,0,2,0,478,A
2-PB1,2217,0,0,477,0,477,G
2-PB1,2218,0,453,0,0,453,T
2-PB1,2219,0,449,0,0,449,T
2-PB1,2220,0,1,0,450,451,C
2-PB1,2221,2,433,0,0,435,T
2-PB1,2222,1,0,0,435,436,C
2-PB1,2223,0,435,0,0,435,T
2-PB1,2224,0,0,432,0,432,G
2-PB1,2225,422,0,1,0,423,A
2-PB1,2226,0,0,414,0,414,G
2-PB1,2227,407,0,0,0,407,A
2-PB1,2228,0,397,0,1,398,T
2-PB1,2229,0,0,0,377,377,C
2-PB1,2230,377,0,0,0,377,A
2-PB1,2231,1,375,0,1,377,T
2-PB1,2232,0,0,377,0,377,G
2-PB1,2233,373,0,0,0,373,A
2-PB1,2234,369,0,1,0,370,A
2-PB1,2235,0,0,364,0,364,G
2-PB1,2236,357,0,0,0,357,A
2-PB1,2237,0,355,0,0,355,T
2-PB1,2238,0,0,0,351,351,C
2-PB1,2239,0,324,0,0,324,T
2-PB1,2240,1,1,323,0,325,G
2-PB1,2241,0,325,0,0,325,T
2-PB1,2242,0,323,0,1,324,T
2-PB1,2243,2,0,0,322,324,C
2-PB1,2244,0,0,1,308,309,C
2-PB1,2245,306,0,2,0,308,A
2-PB1,2246,0,1,0,306,307,C
2-PB1,2247,0,0,0,295,295,C
2-PB1,2248,290,0,0,0,290,A
2-PB1,2249,0,270,0,1,271,T
2-PB1,2250,0,264,0,0,264,T
2-PB1,2251,0,0,264,0,264,G
2-PB1,2252,262,0,0,0,262,A
2-PB1,2253,257,1,1,0,259,A
2-PB1,2254,0,0,260,0,260,G
2-PB1,2255,225,0,0,0,225,A
2-PB1,2256,224,0,0,0,224,A
2-PB1,2257,0,0,0,221,221,C
2-PB1,2258,0,207,0,0,207,T
2-PB1,2259,0,1,0,206,207,C
2-PB1,2260,200,0,0,0,200,A
2-PB1,2261,0,0,199,0,199,G
2-PB1,2262,199,0,1,0,200,A
2-PB1,2263,0,0,0,197,197,C
2-PB1,2264,0,1,190,0,191,G
2-PB1,2265,0,0,187,1,188,G
2-PB1,2266,0,1,1,185,187,C
2-PB1,2267,186,0,1,0,187,A
2-PB1,2268,187,0,0,0,187,A
2-PB1,2269,184,0,0,0,184,A
2-PB1,2270,183,0,0,0,183,A
2-PB1,2271,182,0,0,0,182,A
2-PB1,2272,0,181,0,0,181,T
2-PB1,2273,176,0,0,0,176,A
2-PB1,2274,177,0,0,0,177,A
3-PA,1,72,0,0,0,72,A
3-PA,2,0,74,0,0,74,T
3-PA,3,0,0,81,0,81,G
3-PA,4,0,0,83,0,83,G
3-PA,5,82,0,1,0,83,A
3-PA,6,81,0,0,0,81,A
3-PA,7,0,0,86,0,86,G
3-PA,8,92,0,0,0,92,A
3-PA,9,0,92,1,0,93,T
3-PA,10,0,93,0,0,93,T
3-PA,11,0,94,0,0,94,T
3-PA,12,0,94,0,0,94,T
3-PA,13,0,0,95,0,95,G
3-PA,14,0,95,0,0,95,T
3-PA,15,0,0,95,0,95,G
3-PA,16,0,0,0,100,100,C
3-PA,17,0,0,100,0,100,G
3-PA,18,110,0,0,0,110,A
3-PA,19,0,0,0,113,113,C
3-PA,20,112,0,0,0,112,A
3-PA,21,115,0,0,0,115,A
3-PA,22,0,118,0,0,118,T
3-PA,23,0,0,141,0,141,G
3-PA,24,0,0,0,143,143,C
3-PA,25,0,141,0,1,142,T
3-PA,26,0,143,0,0,143,T
3-PA,27,0,0,0,143,143,C
3-PA,28,144,0,0,0,144,A
3-PA,29,147,1,0,0,148,A
3-PA,30,0,0,0,153,153,C
3-PA,31,0,0,0,153,153,C
3-PA,32,0,0,0,152,152,C
3-PA,33,1,0,153,0,154,G
3-PA,34,154,0,0,0,154,A
3-PA,35,0,153,0,0,153,T
3-PA,36,0,0,154,0,154,G
3-PA,37,154,0,0,0,154,A
3-PA,38,0,164,0,0,164,T
3-PA,39,0,162,0,0,162,T
3-PA,40,0,0,166,0,166,G
3-PA,41,0,164,1,1,166,T
3-PA,42,0,0,0,165,165,C
3-PA,43,0,0,165,0,165,G
3-PA,44,168,0,0,0,168,A
3-PA,45,168,0,0,0,168,A
3-PA,46,0,0,0,169,169,C
3-PA,47,0,169,0,0,169,T
3-PA,48,0,168,0,0,168,T
3-PA,49,0,0,169,0,169,G
3-PA,50,0,0,0,169,169,C
3-PA,51,168,0,0,0,168,A
3-PA,52,0,0,172,0,172,G
3-PA,53,171,0,0,0,171,A
3-PA,54,172,0,0,0,172,A
3-PA,55,171,0,0,0,171,A
3-PA,56,173,0,0,0,173,A
3-PA,57,173,1,0,0,174,A
3-PA,58,0,0,174,0,174,G
3-PA,59,0,0,0,185,185,C
3-PA,60,184,0,0,0,184,A
3-PA,61,199,0,1,0,200,A
3-PA,62,0,202,0,0,202,T
3-PA,63,0,1,209,0,210,G
3-PA,64,211,0,1,0,212,A
3-PA,65,214,0,0,0,214,A
3-PA,66,212,0,0,0,212,A
3-PA,67,0,0,229,0,229,G
3-PA,68,244,0,1,0,245,A
3-PA,69,0,0,278,0,278,G
3-PA,70,0,281,0,0,281,T
3-PA,71,280,0,0,0,280,A
3-PA,72,0,278,0,2,280,T
3-PA,73,0,0,283,0,283,G
3-PA,74,0,0,281,0,281,G
3-PA,75,0,0,283,0,283,G
3-PA,76,0,0,284,0,284,G
3-PA,77,282,0,0,0,282,A
3-PA,78,0,0,278,0,278,G
3-PA,79,1,0,285,0,286,G
3-PA,80,286,0,1,0,287,A
3-PA,81,0,291,0,0,291,T
3-PA,82,0,0,0,291,291,C
3-PA,83,0,288,0,2,290,T
3-PA,84,0,0,291,0,291,G
3-PA,85,291,0,0,0,291,A
3-PA,86,291,0,0,0,291,A
3-PA,87,291,0,0,0,291,A
3-PA,88,291,0,0,0,291,A
3-PA,89,0,292,0,0,292,T
3-PA,90,0,291,0,0,291,T
3-PA,91,0,0,288,0,288,G
3-PA,92,292,0,0,0,292,A
3-PA,93,290,0,1,0,291,A
3-PA,94,290,0,0,0,290,A
3-PA,95,0,0,0,293,293,C
3-PA,96,296,0,0,0,296,A
3-PA,97,299,0,0,0,299,A
3-PA,98,297,0,2,1,300,A
3-PA,99,0,0,0,300,300,C
3-PA,100,299,0,0,0,299,A
3-PA,101,299,0,0,0,299,A
3-PA,102,300,0,0,0,300,A
3-PA,103,0,303,0,0,303,T
3-PA,104,1,302,0,0,303,T
3-PA,105,0,302,0,1,303,T
3-PA,106,0,0,301,0,301,G
3-PA,107,0,0,0,304,304,C
3-PA,108,302,0,0,0,302,A
3-PA,109,0,0,310,0,310,G
3-PA,110,0,1,0,315,316,C
3-PA,111,340,0,0,0,340,A
3-PA,112,345,0,0,0,345,A
3-PA,113,0,347,0,0,347,T
3-PA,114,355,0,0,0,355,A
3-PA,115,0,357,0,0,357,T
3-PA,116,0,0,362,0,362,G
3-PA,117,0,0,0,362,362,C
3-PA,118,360,0,2,0,362,A
3-PA,119,0,0,0,369,369,C
3-PA,120,0,365,1,0,366,T
3-PA,121,0,0,0,452,452,C
3-PA,122,457,0,0,0,457,A
3-PA,123,0,0,0,466,466,C
3-PA,124,0,464,0,0,464,T
3-PA,125,0,463,0,0,463,T
3-PA,126,0,0,460,0,460,G
3-PA,127,0,1,465,0,466,G
3-PA,128,462,0,0,0,462,A
3-PA,129,0,0,467,0,467,G
3-PA,130,0,0,464,0,464,G
3-PA,131,0,456,0,1,457,T
3-PA,132,0,0,474,0,474,G
3-PA,133,0,478,0,0,478,T
3-PA,134,0,0,488,0,488,G
3-PA,135,0,490,0,0,490,T
3-PA,136,0,488,0,0,488,T
3-PA,137,0,488,0,1,489,T
3-PA,138,1,0,0,494,495,C
3-PA,139,494,0,1,0,495,A
3-PA,140,0,496,0,0,496,T
3-PA,141,1,0,506,0,507,G
3-PA,142,0,506,0,0,506,T
3-PA,143,512,1,1,0,514,A
3-PA,144,0,513,0,0,513,T
3-PA,145,0,513,0,1,514,T
3-PA,146,0,0,0,512,512,C
3-PA,147,510,0,0,0,510,A
3-PA,148,0,0,515,0,515,G
3-PA,149,515,0,0,0,515,A
3-PA,150,0,512,0,0,512,T
3-PA,151,0,511,0,1,512,T
3-PA,152,0,511,0,0,511,T
3-PA,153,0,0,0,509,509,C
3-PA,154,1,0,0,516,517,C
3-PA,155,519,0,0,0,519,A
3-PA,156,0,520,0,0,520,T
3-PA,157,0,517,0,4,521,T
3-PA,158,0,520,1,0,521,T
3-PA,159,1,0,0,522,523,C
3-PA,160,527,0,0,0,527,A
3-PA,161,0,548,0,1,549,T
3-PA,162,1,0,0,549,550,C
3-PA,163,549,0,0,0,549,A
3-PA,164,551,0,0,0,551,A
3-PA,165,0,550,0,1,551,T
3-PA,166,0,2,570,0,572,G
3-PA,167,572,0,0,0,572,A
3-PA,168,569,0,1,0,570,A
3-PA,169,0,0,0,570,570,C
3-PA,170,567,0,2,0,569,A
3-PA,171,578,0,1,0,579,A
3-PA,172,0,1,584,0,585,G
3-PA,173,0,0,581,0,581,G
3-PA,174,0,0,0,586,586,C
3-PA,175,0,0,580,0,580,G
3-PA,176,603,0,1,1,605,A
3-PA,177,605,0,2,0,607,A
3-PA,178,0,610,0,0,610,T
3-PA,179,1,0,0,618,619,C
3-PA,180,615,0,2,0,617,A
3-PA,181,622,1,1,0,624,A
3-PA,182,0,624,0,0,624,T
3-PA,183,625,0,0,0,625,A
3-PA,184,1,0,637,0,638,G
3-PA,185,0,652,1,0,653,T
3-PA,186,0,0,655,0,655,G
3-PA,187,1,0,654,0,655,G
3-PA,188,1,655,0,1,657,T
3-PA,189,655,0,0,0,655,A
3-PA,190,0,0,661,0,661,G
3-PA,191,662,0,0,0,662,A
3-PA,192,662,0,1,0,663,A
3-PA,193,0,0,0,661,661,C
3-PA,194,0,658,0,0,658,T
3-PA,195,0,648,1,0,649,T
3-PA,196,0,0,654,0,654,G
3-PA,197,653,1,0,0,654,A
3-PA,198,0,0,0,656,656,C
3-PA,199,1,1,651,0,653,G
3-PA,200,667,0,1,0,668,A
3-PA,201,0,677,0,0,677,T
3-PA,202,0,0,0,684,684,C
3-PA,203,0,0,0,683,683,C
3-PA,204,687,0,0,0,687,A
3-PA,205,686,0,1,0,687,A
3-PA,206,687,0,1,0,688,A
3-PA,207,0,684,0,2,686,T
3-PA,208,1,0,688,0,689,G
3-PA,209,0,0,0,691,691,C
3-PA,210,687,0,0,0,687,A
3-PA,211,0,1,0,709,710,C
3-PA,212,0,702,0,0,702,T
3-PA,213,0,0,774,0,774,G
3-PA,214,0,773,0,2,775,T
3-PA,215,0,774,0,1,775,T
3-PA,216,778,0,0,0,778,A
3-PA,217,777,0,1,0,778,A
3-PA,218,774,0,3,0,777,A
3-PA,219,0,0,786,0,786,G
3-PA,220,0,0,0,778,778,C
3-PA,221,772,1,0,0,773,A
3-PA,222,0,0,0,774,774,C
3-PA,223,744,0,1,0,745,A
3-PA,224,0,0,782,0,782,G
3-PA,225,781,1,0,0,782,A
3-PA,226,0,780,0,0,780,T
3-PA,227,0,778,0,1,779,T
3-PA,228,0,779,0,0,779,T
3-PA,229,1,0,782,0,783,G
3-PA,230,782,0,0,0,782,A
3-PA,231,784,0,0,0,784,A
3-PA,232,780,0,0,0,780,A
3-PA,233,0,772,0,0,772,T
3-PA,234,773,0,0,0,773,A
3-PA,235,784,0,0,0,784,A
3-PA,236,0,785,0,0,785,T
3-PA,237,2,0,0,787,789,C
3-PA,238,0,1,788,0,789,G
3-PA,239,784,0,0,0,784,A
3-PA,240,1,2,792,0,795,G
3-PA,241,0,2,803,0,805,G
3-PA,242,0,0,802,0,802,G
3-PA,243,0,0,805,0,805,G
3-PA,244,796,0,1,0,797,A
3-PA,245,0,1,801,1,803,G
3-PA,246,821,0,1,0,822,A
3-PA,247,0,0,820,0,820,G
3-PA,248,823,0,1,0,824,A
3-PA,249,0,0,0,820,820,C
3-PA,250,819,0,0,0,819,A
3-PA,251,0,0,832,0,832,G
3-PA,252,832,0,3,0,835,A
3-PA,253,855,0,0,0,855,A
3-PA,254,1,1,0,851,853,C
3-PA,255,839,0,1,0,840,A
3-PA,256,835,0,1,0,836,A
3-PA,257,0,834,0,1,835,T
3-PA,258,1,1,865,0,867,G
3-PA,259,0,0,868,0,868,G
3-PA,260,0,0,0,861,861,C
3-PA,261,0,1,0,866,867,C
3-PA,262,1,862,0,0,863,T
3-PA,263,0,1,889,0,890,G
3-PA,264,0,1,888,0,889,G
3-PA,265,890,0,2,0,892,A
3-PA,266,0,0,0,895,895,C
3-PA,267,879,1,0,0,880,A
3-PA,268,0,1,976,0,977,G
3-PA,269,0,969,0,1,970,T
3-PA,270,985,0,0,0,985,A
3-PA,271,0,0,986,0,986,G
3-PA,272,0,961,0,3,964,T
3-PA,273,977,0,1,0,978,A
3-PA,274,977,0,0,0,977,A
3-PA,275,977,0,1,0,978,A
3-PA,276,0,0,0,992,992,C
3-PA,277,926,0,0,0,926,A
3-PA,278,0,0,942,0,942,G
3-PA,279,0,930,0,0,930,T
3-PA,280,937,0,0,0,937,A
3-PA,281,0,932,1,0,933,T
3-PA,282,0,1,0,937,938,C
3-PA,283,0,937,0,1,938,T
3-PA,284,0,0,938,0,938,G
3-PA,285,0,0,0,940,940,C
3-PA,286,933,1,0,0,934,A
3-PA,287,933,0,1,0,934,A
3-PA,288,0,0,0,936,936,C
3-PA,289,933,0,0,0,933,A
3-PA,290,0,0,0,948,948,C
3-PA,291,0,943,0,2,945,T
3-PA,292,949,0,0,0,949,A
3-PA,293,0,0,0,949,949,C
3-PA,294,1,946,0,0,947,T
3-PA,295,0,1,943,0,944,G
3-PA,296,2,0,942,0,944,G
3-PA,297,942,0,1,0,943,A
3-PA,298,0,0,947,0,947,G
3-PA,299,0,0,0,926,926,C
3-PA,300,0,922,0,2,924,T
3-PA,301,0,1,923,0,924,G
3-PA,302,0,0,925,0,925,G
3-PA,303,924,0,1,0,925,A
3-PA,304,924,0,2,0,926,A
3-PA,305,919,0,0,0,919,A
3-PA,306,924,1,0,1,926,A
3-PA,307,0,0,0,925,925,C
3-PA,308,1,0,0,925,926,C
3-PA,309,2,1,926,0,929,G
3-PA,310,926,0,0,0,926,A
3-PA,311,929,0,0,0,929,A
3-PA,312,0,2,936,0,938,G
3-PA,313,0,933,0,0,933,T
3-PA,314,0,936,0,1,937,T
3-PA,315,1,928,0,0,929,T
3-PA,316,1,0,0,939,940,C
3-PA,317,0,943,0,2,945,T
3-PA,318,947,0,0,0,947,A
3-PA,319,0,0,0,944,944,C
3-PA,320,1,0,0,944,945,C
3-PA,321,933,0,0,0,933,A
3-PA,322,0,1,931,0,932,G
3-PA,323,930,2,0,0,932,A
3-PA,324,0,0,0,919,919,C
3-PA,325,0,941,0,0,941,T
3-PA,326,0,944,0,1,945,T
3-PA,327,0,0,958,0,958,G
3-PA,328,0,957,0,0,957,T
3-PA,329,955,0,2,0,957,A
3-PA,330,1,957,0,1,959,T
3-PA,331,1,0,947,0,948,G
3-PA,332,971,0,2,0,973,A
3-PA,333,0,968,0,1,969,T
3-PA,334,0,971,0,0,971,T
3-PA,335,968,0,1,0,969,A
3-PA,336,0,0,0,963,963,C
3-PA,337,965,0,1,0,966,A
3-PA,338,963,0,3,0,966,A
3-PA,339,1,3,965,0,969,G
3-PA,340,1,1,973,0,975,G
3-PA,341,940,0,1,0,941,A
3-PA,342,0,0,948,0,948,G
3-PA,343,946,0,1,0,947,A
3-PA,344,949,0,1,0,950,A
3-PA,345,0,0,0,948,948,C
3-PA,346,931,0,2,1,934,A
3-PA,347,0,0,934,0,934,G
3-PA,348,932,0,1,0,933,A
3-PA,349,0,920,0,0,920,T
3-PA,350,0,919,0,0,919,T
3-PA,351,1,0,0,904,905,C
3-PA,352,904,1,0,0,905,A
3-PA,353,0,901,0,0,901,T
3-PA,354,0,1,0,903,904,C
3-PA,355,0,0,903,0,903,G
3-PA,356,907,0,0,0,907,A
3-PA,357,904,0,0,0,904,A
3-PA,358,908,0,0,0,908,A
3-PA,359,0,907,0,1,908,T
3-PA,360,0,906,0,0,906,T
3-PA,361,0,1,905,0,906,G
3-PA,362,1,1,905,0,907,G
3-PA,363,0,1,902,0,903,G
3-PA,364,0,1,909,0,910,G
3-PA,365,0,901,0,1,902,T
3-PA,366,0,2,909,0,911,G
3-PA,367,913,0,1,0,914,A
3-PA,368,0,1,0,921,922,C
3-PA,369,920,1,3,1,925,A
3-PA,370,924,0,0,0,924,A
3-PA,371,1,1,939,0,941,G
3-PA,372,1,0,936,0,937,G
3-PA,373,931,0,1,0,932,A
3-PA,374,0,1,934,0,935,G
3-PA,375,933,1,1,0,935,A
3-PA,376,1,0,942,0,943,G
3-PA,377,933,0,2,0,935,A
3-PA,378,937,0,1,1,939,A
3-PA,379,0,0,966,0,966,G
3-PA,380,1,950,1,1,953,T
3-PA,381,1,0,0,963,964,C
3-PA,382,0,0,0,959,959,C
3-PA,383,965,0,0,0,965,A
3-PA,384,0,0,0,979,979,C
3-PA,385,993,0,0,0,993,A
3-PA,386,0,1024,0,1,1025,T
3-PA,387,1032,0,0,1,1033,A
3-PA,388,0,1012,1,1,1014,T
3-PA,389,1004,0,1,0,1005,A
3-PA,390,0,990,0,2,992,T
3-PA,391,0,989,0,1,990,T
3-PA,392,1005,0,0,0,1005,A
3-PA,393,0,0,2,998,1000,C
3-PA,394,0,1,0,950,951,C
3-PA,395,0,934,1,0,935,T
3-PA,396,0,917,0,0,917,T
3-PA,397,0,1,923,0,924,G
3-PA,398,922,0,0,2,924,A
3-PA,399,923,0,1,0,924,A
3-PA,400,919,1,3,0,923,A
3-PA,401,894,0,2,0,896,A
3-PA,402,1,0,899,0,900,G
3-PA,403,1,2,892,0,895,G
3-PA,404,0,1,0,896,897,C
3-PA,405,1,1,0,899,901,C
3-PA,406,894,0,0,2,896,A
3-PA,407,893,0,1,1,895,A
3-PA,408,0,895,0,1,896,T
3-PA,409,898,0,1,0,899,A
3-PA,410,897,1,0,0,898,A
3-PA,411,0,0,913,0,913,G
3-PA,412,911,0,1,0,912,A
3-PA,413,0,910,0,0,910,T
3-PA,414,0,907,0,0,907,T
3-PA,415,903,1,1,0,905,A
3-PA,416,905,0,0,0,905,A
3-PA,417,910,0,0,0,910,A
3-PA,418,0,912,0,1,913,T
3-PA,419,0,0,0,916,916,C
3-PA,420,0,896,0,0,896,T
3-PA,421,0,0,902,0,902,G
3-PA,422,898,2,3,0,903,A
3-PA,423,0,1,909,0,910,G
3-PA,424,906,0,1,0,907,A
3-PA,425,908,1,1,1,911,A
3-PA,426,0,0,0,909,909,C
3-PA,427,902,0,1,0,903,A
3-PA,428,0,2,0,909,911,C
3-PA,429,910,0,0,1,911,A
3-PA,430,0,0,1,914,915,C
3-PA,431,911,0,0,0,911,A
3-PA,432,1,0,0,927,928,C
3-PA,433,921,1,2,0,924,A
3-PA,434,0,919,0,1,920,T
3-PA,435,0,917,0,0,917,T
3-PA,436,2,0,0,922,924,C
3-PA,437,914,0,1,0,915,A
3-PA,438,0,0,0,923,923,C
3-PA,439,906,0,1,0,907,A
3-PA,440,0,901,0,1,902,T
3-PA,441,0,881,0,0,881,T
3-PA,442,1,889,0,2,892,T
3-PA,443,0,892,0,0,892,T
3-PA,444,0,0,0,894,894,C
3-PA,445,0,886,0,1,887,T
3-PA,446,0,0,1,887,888,C
3-PA,447,880,0,0,1,881,A
3-PA,448,0,878,0,0,878,T
3-PA,449,0,881,0,0,881,T
3-PA,450,0,0,0,883,883,C
3-PA,451,877,0,0,0,877,A
3-PA,452,0,0,0,884,884,C
3-PA,453,0,878,0,0,878,T
3-PA,454,0,1,892,0,893,G
3-PA,455,0,1,889,0,890,G
3-PA,456,0,1,892,0,893,G
3-PA,457,0,2,891,0,893,G
3-PA,458,880,0,2,0,882,A
3-PA,459,1,0,883,0,884,G
3-PA,460,0,0,886,0,886,G
3-PA,461,883,0,0,0,883,A
3-PA,462,877,4,1,0,882,A
3-PA,463,873,0,0,0,873,A
3-PA,464,0,856,0,0,856,T
3-PA,465,0,1,848,0,849,G
3-PA,466,1,0,848,0,849,G
3-PA,467,0,1,0,847,848,C
3-PA,468,0,0,0,843,843,C
3-PA,469,845,0,0,0,845,A
3-PA,470,0,0,0,849,849,C
3-PA,471,843,0,1,0,844,A
3-PA,472,846,1,0,0,847,A
3-PA,473,848,0,1,0,849,A
3-PA,474,0,0,858,0,858,G
3-PA,475,0,0,857,0,857,G
3-PA,476,0,1,0,854,855,C
3-PA,477,853,0,1,0,854,A
3-PA,478,0,1,869,0,870,G
3-PA,479,864,0,3,0,867,A
3-PA,480,0,0,0,884,884,C
3-PA,481,0,879,0,0,879,T
3-PA,482,878,0,0,0,878,A
3-PA,483,0,1,0,873,874,C
3-PA,484,864,0,2,1,867,A
3-PA,485,1,0,0,869,870,C
3-PA,486,0,847,0,0,847,T
3-PA,487,0,0,0,845,845,C
3-PA,488,0,842,0,0,842,T
3-PA,489,0,0,0,836,836,C
3-PA,490,0,1,833,0,834,G
3-PA,491,829,0,1,0,830,A
3-PA,492,0,2,0,826,828,C
3-PA,493,0,0,833,0,833,G
3-PA,494,829,0,1,0,830,A
3-PA,495,0,0,832,0,832,G
3-PA,496,0,0,830,0,830,G
3-PA,497,824,0,2,0,826,A
3-PA,498,826,0,2,0,828,A
3-PA,499,826,1,1,0,828,A
3-PA,500,0,0,833,0,833,G
3-PA,501,0,1,0,830,831,C
3-PA,502,820,0,1,0,821,A
3-PA,503,1,1,835,0,837,G
3-PA,504,1,0,834,0,835,G
3-PA,505,0,0,833,1,834,G
3-PA,506,0,0,0,838,838,C
3-PA,507,0,824,0,4,828,T
3-PA,508,829,0,1,0,830,A
3-PA,509,1,0,848,0,849,G
3-PA,510,0,0,874,0,874,G
3-PA,511,881,0,1,0,882,A
3-PA,512,0,853,0,0,853,T
3-PA,513,0,835,0,1,836,T
3-PA,514,838,0,0,0,838,A
3-PA,515,836,0,5,0,841,A
3-PA,516,0,0,841,0,841,G
3-PA,517,840,0,2,0,842,A
3-PA,518,0,0,0,837,837,C
3-PA,519,0,0,0,770,770,C
3-PA,520,756,0,3,0,759,A
3-PA,521,0,0,762,0,762,G
3-PA,522,0,0,761,0,761,G
3-PA,523,0,0,0,765,765,C
3-PA,524,0,755,0,0,755,T
3-PA,525,0,0,766,0,766,G
3-PA,526,0,758,0,2,760,T
3-PA,527,0,760,0,0,760,T
3-PA,528,0,762,0,1,763,T
3-PA,529,759,0,1,0,760,A
3-PA,530,0,0,0,769,769,C
3-PA,531,0,0,0,756,756,C
3-PA,532,751,0,0,0,751,A
3-PA,533,0,750,0,0,750,T
3-PA,534,727,0,0,0,727,A
3-PA,535,728,0,0,0,728,A
3-PA,536,0,0,739,0,739,G
3-PA,537,736,0,0,0,736,A
3-PA,538,0,0,0,738,738,C
3-PA,539,719,0,0,0,719,A
3-PA,540,716,0,1,0,717,A
3-PA,541,0,1,723,0,724,G
3-PA,542,723,0,0,0,723,A
3-PA,543,720,0,0,0,720,A
3-PA,544,715,1,1,0,717,A
3-PA,545,0,696,0,1,697,T
3-PA,546,1,0,708,0,709,G
3-PA,547,0,0,710,0,710,G
3-PA,548,0,0,0,706,706,C
3-PA,549,0,0,0,706,706,C
3-PA,550,699,0,0,0,699,A
3-PA,551,708,0,0,0,708,A
3-PA,552,0,0,0,709,709,C
3-PA,553,707,0,0,0,707,A
3-PA,554,0,0,703,1,704,G
3-PA,555,685,0,1,0,686,A
3-PA,556,0,0,691,0,691,G
3-PA,557,0,0,693,0,693,G
3-PA,558,0,0,0,695,695,C
3-PA,559,0,1,0,703,704,C
3-PA,560,0,686,0,1,687,T
3-PA,561,0,1,1,692,694,C
3-PA,562,0,698,0,0,698,T
3-PA,563,1,0,697,0,698,G
3-PA,564,0,0,694,0,694,G
3-PA,565,1,0,692,0,693,G
3-PA,566,686,0,1,0,687,A
3-PA,567,0,670,0,1,671,T
3-PA,568,1,665,0,0,666,T
3-PA,569,0,0,0,715,715,C
3-PA,570,0,0,0,703,703,C
3-PA,571,0,686,0,1,687,T
3-PA,572,0,687,0,1,688,T
3-PA,573,0,684,1,1,686,T
3-PA,574,0,0,0,694,694,C
3-PA,575,0,0,694,0,694,G
3-PA,576,0,692,0,1,693,T
3-PA,577,0,0,0,693,693,C
3-PA,578,674,0,0,0,674,A
3-PA,579,0,0,722,0,722,G
3-PA,580,0,720,0,1,721,T
3-PA,581,0,1,0,720,721,C
3-PA,582,0,0,0,726,726,C
3-PA,583,0,0,726,0,726,G
3-PA,584,725,1,1,1,728,A
3-PA,585,726,0,2,0,728,A
3-PA,586,727,0,1,0,728,A
3-PA,587,0,0,729,0,729,G
3-PA,588,705,0,3,0,708,A
3-PA,589,0,0,714,0,714,G
3-PA,590,1,0,711,0,712,G
3-PA,591,0,0,0,712,712,C
3-PA,592,0,0,711,0,711,G
3-PA,593,709,0,1,0,710,A
3-PA,594,709,0,0,0,709,A
3-PA,595,0,0,719,0,719,G
3-PA,596,719,0,0,0,719,A
3-PA,597,721,0,0,0,721,A
3-PA,598,717,0,1,1,719,A
3-PA,599,0,0,0,722,722,C
3-PA,600,719,0,0,1,720,A
3-PA,601,721,0,0,0,721,A
3-PA,602,0,718,1,0,719,T
3-PA,603,0,722,0,0,722,T
3-PA,604,0,1,723,0,724,G
3-PA,605,724,0,0,0,724,A
3-PA,606,721,0,0,0,721,A
3-PA,607,0,0,724,0,724,G
3-PA,608,721,0,0,0,721,A
3-PA,609,720,0,1,0,721,A
3-PA,610,721,0,0,0,721,A
3-PA,611,722,0,0,0,722,A
3-PA,612,724,0,0,0,724,A
3-PA,613,0,719,0,0,719,T
3-PA,614,0,721,0,0,721,T
3-PA,615,0,723,0,1,724,T
3-PA,616,0,1,720,0,721,G
3-PA,617,719,0,1,0,720,A
3-PA,618,720,1,0,0,721,A
3-PA,619,721,0,0,0,721,A
3-PA,620,0,729,0,0,729,T
3-PA,621,0,0,0,786,786,C
3-PA,622,782,0,1,0,783,A
3-PA,623,0,0,0,797,797,C
3-PA,624,794,0,1,0,795,A
3-PA,625,0,1,810,0,811,G
3-PA,626,0,2,837,0,839,G
3-PA,627,851,0,3,0,854,A
3-PA,628,869,0,1,0,870,A
3-PA,629,0,0,0,877,877,C
3-PA,630,1,840,0,2,843,T
3-PA,631,888,0,0,0,888,A
3-PA,632,0,896,0,3,899,T
3-PA,633,0,0,915,0,915,G
3-PA,634,1,2,0,910,913,C
3-PA,635,0,1,903,0,904,G
3-PA,636,0,899,0,2,901,T
3-PA,637,897,0,1,0,898,A
3-PA,638,1,0,897,0,898,G
3-PA,639,0,1,900,0,901,G
3-PA,640,0,0,0,877,877,C
3-PA,641,0,864,0,0,864,T
3-PA,642,0,854,0,1,855,T
3-PA,643,0,0,855,0,855,G
3-PA,644,0,1,0,851,852,C
3-PA,645,1,0,0,852,853,C
3-PA,646,0,1,865,0,866,G
3-PA,647,860,1,1,0,862,A
3-PA,648,0,0,0,866,866,C
3-PA,649,0,0,0,868,868,C
3-PA,650,863,0,2,0,865,A
3-PA,651,874,0,0,0,874,A
3-PA,652,872,0,1,0,873,A
3-PA,653,0,0,894,0,894,G
3-PA,654,0,895,0,0,895,T
3-PA,655,0,0,0,892,892,C
3-PA,656,0,884,0,1,885,T
3-PA,657,1,0,0,887,888,C
3-PA,658,1,0,0,895,896,C
3-PA,659,0,1,0,901,902,C
3-PA,660,906,0,0,0,906,A
3-PA,661,1,1,0,907,909,C
3-PA,662,1,0,0,897,898,C
3-PA,663,0,0,898,0,898,G
3-PA,664,905,0,0,0,905,A
3-PA,665,905,0,1,0,906,A
3-PA,666,0,0,0,913,913,C
3-PA,667,0,904,0,0,904,T
3-PA,668,0,908,0,0,908,T
3-PA,669,0,0,0,920,920,C
3-PA,670,0,912,0,2,914,T
3-PA,671,1,0,0,917,918,C
3-PA,672,1,1,0,915,917,C
3-PA,673,0,908,0,2,910,T
3-PA,674,0,0,918,0,918,G
3-PA,675,0,1,0,919,920,C
3-PA,676,0,0,0,923,923,C
3-PA,677,0,915,0,1,916,T
3-PA,678,0,904,1,0,905,T
3-PA,679,0,1,904,0,905,G
3-PA,680,905,0,1,0,906,A
3-PA,681,1,1,920,0,922,G
3-PA,682,915,1,0,0,916,A
3-PA,683,917,0,0,0,917,A
3-PA,684,0,944,0,0,944,T
3-PA,685,0,937,0,0,937,T
3-PA,686,0,940,0,0,940,T
3-PA,687,0,939,0,1,940,T
3-PA,688,939,1,0,0,940,A
3-PA,689,1,0,937,0,938,G
3-PA,690,924,0,4,0,928,A
3-PA,691,0,0,969,0,969,G
3-PA,692,0,0,0,963,963,C
3-PA,693,1,0,1,955,957,C
3-PA,694,0,964,0,2,966,T
3-PA,695,995,0,0,0,995,A
3-PA,696,0,990,0,3,993,T
3-PA,697,0,0,1000,0,1000,G
3-PA,698,1,996,0,2,999,T
3-PA,699,1,0,1000,0,1001,G
3-PA,700,0,1,978,0,979,G
3-PA,701,967,0,4,1,972,A
3-PA,702,0,967,0,0,967,T
3-PA,703,1,0,958,0,959,G
3-PA,704,0,0,972,0,972,G
3-PA,705,975,0,0,0,975,A
3-PA,706,0,971,0,0,971,T
3-PA,707,0,970,0,1,971,T
3-PA,708,0,0,0,964,964,C
3-PA,709,0,1,964,0,965,G
3-PA,710,963,0,3,0,966,A
3-PA,711,962,0,2,0,964,A
3-PA,712,0,0,0,969,969,C
3-PA,713,0,0,0,946,946,C
3-PA,714,0,0,948,0,948,G
3-PA,715,949,0,0,0,949,A
3-PA,716,947,0,0,0,947,A
3-PA,717,0,1,0,959,960,C
3-PA,718,0,0,955,0,955,G
3-PA,719,1,0,980,0,981,G
3-PA,720,1,0,0,981,982,C
3-PA,721,0,981,0,1,982,T
3-PA,722,0,0,1010,0,1010,G
3-PA,723,0,1,0,1009,1010,C
3-PA,724,1018,0,1,0,1019,A
3-PA,725,1,1017,0,1,1019,T
3-PA,726,0,1011,0,0,1011,T
3-PA,727,1,0,1012,0,1013,G
3-PA,728,984,0,3,0,987,A
3-PA,729,0,1,1002,0,1003,G
3-PA,730,0,2,1000,0,1002,G
3-PA,731,0,0,991,0,991,G
3-PA,732,0,0,0,985,985,C
3-PA,733,978,0,0,0,978,A
3-PA,734,979,0,1,0,980,A
3-PA,735,1,0,984,1,986,G
3-PA,736,0,0,0,989,989,C
3-PA,737,0,988,0,2,990,T
3-PA,738,0,982,0,1,983,T
3-PA,739,1,981,0,2,984,T
3-PA,740,0,0,0,983,983,C
3-PA,741,0,979,0,5,984,T
3-PA,742,0,0,0,991,991,C
3-PA,743,985,1,0,0,986,A
3-PA,744,982,1,1,0,984,A
3-PA,745,984,0,0,0,984,A
3-PA,746,0,980,0,0,980,T
3-PA,747,0,0,998,1,999,G
3-PA,748,1,994,0,0,995,T
3-PA,749,0,0,0,1004,1004,C
3-PA,750,0,0,0,1009,1009,C
3-PA,751,1008,0,2,0,1010,A
3-PA,752,1008,0,0,1,1009,A
3-PA,753,1008,0,2,0,1010,A
3-PA,754,1,0,1024,0,1025,G
3-PA,755,1020,0,1,0,1021,A
3-PA,756,994,0,0,0,994,A
3-PA,757,0,0,996,0,996,G
3-PA,758,0,989,0,1,990,T
3-PA,759,0,0,986,0,986,G
3-PA,760,987,0,0,0,987,A
3-PA,761,985,0,2,1,988,A
3-PA,762,0,989,1,0,990,T
3-PA,763,0,2,992,0,994,G
3-PA,764,0,2,0,996,998,C
3-PA,765,0,1,0,990,991,C
3-PA,766,1,0,0,992,993,C
3-PA,767,990,1,0,0,991,A
3-PA,768,1002,0,0,0,1002,A
3-PA,769,1006,1,0,0,1007,A
3-PA,770,0,1005,0,1,1006,T
3-PA,771,0,1006,0,0,1006,T
3-PA,772,0,0,1007,0,1007,G
3-PA,773,1004,0,0,0,1004,A
3-PA,774,1005,0,2,0,1007,A
3-PA,775,0,0,0,1011,1011,C
3-PA,776,0,1,0,1003,1004,C
3-PA,777,0,991,0,2,993,T
3-PA,778,0,1014,0,1,1015,T
3-PA,779,0,1019,0,1,1020,T
3-PA,780,0,1038,0,0,1038,T
3-PA,781,1,0,0,1038,1039,C
3-PA,782,0,1036,0,1,1037,T
3-PA,783,1,0,1039,0,1040,G
3-PA,784,1034,0,3,1,1038,A
3-PA,785,1037,0,4,0,1041,A
3-PA,786,1,0,1049,0,1050,G
3-PA,787,1027,0,0,0,1027,A
3-PA,788,1,0,0,1030,1031,C
3-PA,789,1026,0,0,0,1026,A
3-PA,790,1025,0,2,0,1027,A
3-PA,791,0,0,0,1098,1098,C
3-PA,792,1100,1,2,0,1103,A
3-PA,793,0,2,0,1105,1107,C
3-PA,794,0,2,0,1096,1098,C
3-PA,795,1089,0,4,0,1093,A
3-PA,796,1089,0,3,0,1092,A
3-PA,797,0,0,1094,0,1094,G
3-PA,798,1089,1,4,0,1094,A
3-PA,799,0,0,0,1090,1090,C
3-PA,800,3,1,0,1014,1018,C
3-PA,801,1008,0,0,0,1008,A
3-PA,802,1010,0,1,0,1011,A
3-PA,803,1,1011,0,0,1012,T
3-PA,804,2,0,0,1011,1013,C
3-PA,805,1010,0,0,0,1010,A
3-PA,806,1006,0,0,0,1006,A
3-PA,807,1006,0,1,0,1007,A
3-PA,808,0,0,0,1010,1010,C
3-PA,809,0,999,0,0,999,T
3-PA,810,0,1009,0,0,1009,T
3-PA,811,1,0,0,1013,1014,C
3-PA,812,1,1,0,1012,1014,C
3-PA,813,2,0,1021,0,1023,G
3-PA,814,1022,0,0,0,1022,A
3-PA,815,1021,0,3,0,1024,A
3-PA,816,0,1024,0,0,1024,T
3-PA,817,0,1,1012,0,1013,G
3-PA,818,0,1,1015,0,1016,G
3-PA,819,1017,0,1,0,1018,A
3-PA,820,1,3,0,1018,1022,C
3-PA,821,0,1,0,1019,1020,C
3-PA,822,0,1040,0,2,1042,T
3-PA,823,2,0,0,1065,1067,C
3-PA,824,0,0,0,1068,1068,C
3-PA,825,0,1066,0,1,1067,T
3-PA,826,0,1070,0,2,1072,T
3-PA,827,1,0,1101,0,1102,G
3-PA,828,1,1093,1,0,1095,T
3-PA,829,0,1092,0,1,1093,T
3-PA,830,1091,0,0,0,1091,A
3-PA,831,0,1062,0,0,1062,T
3-PA,832,0,0,0,1053,1053,C
3-PA,833,1033,2,0,0,1035,A
3-PA,834,1,0,1035,0,1036,G
3-PA,835,1,0,0,1031,1032,C
3-PA,836,2,0,1017,0,1019,G
3-PA,837,0,0,1040,0,1040,G
3-PA,838,2,1037,1,3,1043,T
3-PA,839,1,1,0,1040,1042,C
3-PA,840,1,1,0,1043,1045,C
3-PA,841,1045,0,1,0,1046,A
3-PA,842,1047,0,1,0,1048,A
3-PA,843,1050,0,0,0,1050,A
3-PA,844,0,1046,1,0,1047,T
3-PA,845,0,1044,0,0,1044,T
3-PA,846,0,0,0,1033,1033,C
3-PA,847,1,0,0,1020,1021,C
3-PA,848,0,1017,0,1,1018,T
3-PA,849,1,0,0,1026,1027,C
3-PA,850,1,1,0,1023,1025,C
3-PA,851,0,1015,0,0,1015,T
3-PA,852,0,0,1018,0,1018,G
3-PA,853,1017,0,1,0,1018,A
3-PA,854,0,1017,1,1,1019,T
3-PA,855,2,0,1004,0,1006,G
3-PA,856,0,0,997,0,997,G
3-PA,857,997,0,0,0,997,A
3-PA,858,0,979,0,0,979,T
3-PA,859,0,0,985,0,985,G
3-PA,860,0,0,1,1039,1040,C
3-PA,861,0,1022,0,3,1025,T
3-PA,862,1,1025,1,1,1028,T
3-PA,863,0,1026,0,0,1026,T
3-PA,864,1026,1,0,0,1027,A
3-PA,865,1034,0,2,0,1036,A
3-PA,866,1033,0,0,1,1034,A
3-PA,867,1036,0,0,0,1036,A
3-PA,868,0,1035,0,1,1036,T
3-PA,869,0,946,0,1,947,T
3-PA,870,1,1,942,1,945,G
3-PA,871,942,0,1,0,943,A
3-PA,872,1,0,949,0,950,G
3-PA,873,0,1,0,947,948,C
3-PA,874,942,0,1,0,943,A
3-PA,875,0,962,0,0,962,T
3-PA,876,0,961,0,0,961,T
3-PA,877,0,1,956,0,957,G
3-PA,878,959,0,1,0,960,A
3-PA,879,956,0,3,1,960,A
3-PA,880,0,1,962,0,963,G
3-PA,881,940,0,2,0,942,A
3-PA,882,0,1,0,944,945,C
3-PA,883,1,0,0,934,935,C
3-PA,884,1,0,0,913,914,C
3-PA,885,908,0,2,1,911,A
3-PA,886,910,0,1,0,911,A
3-PA,887,0,0,920,0,920,G
3-PA,888,0,921,0,0,921,T
3-PA,889,0,1,0,921,922,C
3-PA,890,923,0,1,0,924,A
3-PA,891,0,2,0,921,923,C
3-PA,892,0,0,918,0,918,G
3-PA,893,925,1,2,0,928,A
3-PA,894,923,0,3,0,926,A
3-PA,895,0,0,950,0,950,G
3-PA,896,1,2,941,0,944,G
3-PA,897,939,0,3,0,942,A
3-PA,898,0,0,951,0,951,G
3-PA,899,949,1,1,0,951,A
3-PA,900,943,1,4,0,948,A
3-PA,901,1,1,944,0,946,G
3-PA,902,0,2,948,0,950,G
3-PA,903,2,2,951,0,955,G
3-PA,904,930,0,2,0,932,A
3-PA,905,0,925,0,1,926,T
3-PA,906,1,0,1,925,927,C
3-PA,907,0,0,0,1007,1007,C
3-PA,908,2,0,0,1017,1019,C
3-PA,909,1040,1,0,0,1041,A
3-PA,910,0,1046,0,0,1046,T
3-PA,911,1,1050,0,0,1051,T
3-PA,912,1066,0,0,0,1066,A
3-PA,913,0,1063,0,1,1064,T
3-PA,914,1064,0,1,0,1065,A
3-PA,915,0,1054,1,1,1056,T
3-PA,916,0,1,962,0,963,G
3-PA,917,966,1,0,0,967,A
3-PA,918,0,963,0,0,963,T
3-PA,919,0,0,976,0,976,G
3-PA,920,0,1,0,961,962,C
3-PA,921,0,1,954,0,955,G
3-PA,922,961,0,3,0,964,A
3-PA,923,0,956,0,1,957,T
3-PA,924,0,0,0,961,961,C
3-PA,925,959,0,1,0,960,A
3-PA,926,955,0,2,0,957,A
3-PA,927,0,0,966,0,966,G
3-PA,928,1,960,0,2,963,T
3-PA,929,0,0,973,1,974,G
3-PA,930,0,1,0,974,975,C
3-PA,931,975,0,0,0,975,A
3-PA,932,1,975,0,0,976,T
3-PA,933,975,0,1,0,976,A
3-PA,934,995,0,1,0,996,A
3-PA,935,994,0,1,0,995,A
3-PA,936,990,0,0,0,990,A
3-PA,937,991,0,1,1,993,A
3-PA,938,0,2,0,987,989,C
3-PA,939,977,0,1,0,978,A
3-PA,940,0,978,1,0,979,T
3-PA,941,0,977,0,1,978,T
3-PA,942,0,0,0,979,979,C
3-PA,943,0,973,0,0,973,T
3-PA,944,0,974,0,0,974,T
3-PA,945,0,972,0,0,972,T
3-PA,946,0,3,974,0,977,G
3-PA,947,0,0,977,0,977,G
3-PA,948,974,0,1,0,975,A
3-PA,949,0,973,0,0,973,T
3-PA,950,0,0,982,0,982,G
3-PA,951,0,1,1000,0,1001,G
3-PA,952,1002,0,0,0,1002,A
3-PA,953,1001,0,1,0,1002,A
3-PA,954,1003,0,1,0,1004,A
3-PA,955,0,0,1017,0,1017,G
3-PA,956,1013,0,3,0,1016,A
3-PA,957,1120,0,1,0,1121,A
3-PA,958,1,0,0,1137,1138,C
3-PA,959,0,0,0,1137,1137,C
3-PA,960,0,1136,0,0,1136,T
3-PA,961,0,1158,0,1,1159,T
3-PA,962,1158,0,0,0,1158,A
3-PA,963,0,1159,0,1,1160,T
3-PA,964,1145,0,1,0,1146,A
3-PA,965,0,1159,0,1,1160,T
3-PA,966,1067,0,2,0,1069,A
3-PA,967,2,0,1077,0,1079,G
3-PA,968,0,1073,0,2,1075,T
3-PA,969,0,1,0,1069,1070,C
3-PA,970,1060,0,1,0,1061,A
3-PA,971,1061,0,2,0,1063,A
3-PA,972,1062,0,1,0,1063,A
3-PA,973,0,0,0,1065,1065,C
3-PA,974,3,0,0,1051,1054,C
3-PA,975,1031,0,0,0,1031,A
3-PA,976,0,0,1,1037,1038,C
3-PA,977,1040,0,1,0,1041,A
3-PA,978,0,1,0,1043,1044,C
3-PA,979,1,0,1042,0,1043,G
3-PA,980,1040,0,2,0,1042,A
3-PA,981,1044,0,0,0,1044,A
3-PA,982,1041,0,1,0,1042,A
3-PA,983,1043,0,0,0,1043,A
3-PA,984,0,2,1049,0,1051,G
3-PA,985,1,0,1045,0,1046,G
3-PA,986,1,0,1050,0,1051,G
3-PA,987,1047,0,1,0,1048,A
3-PA,988,1045,0,4,1,1050,A
3-PA,989,1,1044,0,1,1046,T
3-PA,990,1046,0,1,0,1047,A
3-PA,991,1050,0,1,0,1051,A
3-PA,992,1049,0,1,0,1050,A
3-PA,993,0,1045,0,0,1045,T
3-PA,994,0,1040,0,1,1041,T
3-PA,995,0,0,0,1046,1046,C
3-PA,996,1047,0,0,0,1047,A
3-PA,997,1046,0,0,0,1046,A
3-PA,998,1047,1,0,0,1048,A
3-PA,999,0,1045,1,1,1047,T
3-PA,1000,0,1049,0,3,1052,T
3-PA,1001,1056,0,1,0,1057,A
3-PA,1002,1,0,0,1054,1055,C
3-PA,1003,4,1,0,1052,1057,C
3-PA,1004,0,1047,0,2,1049,T
3-PA,1005,0,0,1061,0,1061,G
3-PA,1006,0,1,0,1063,1064,C
3-PA,1007,0,1065,0,0,1065,T
3-PA,1008,2,0,1078,0,1080,G
3-PA,1009,1,1075,0,3,1079,T
3-PA,1010,0,0,0,1085,1085,C
3-PA,1011,1086,0,0,0,1086,A
3-PA,1012,0,1083,0,2,1085,T
3-PA,1013,0,0,1085,0,1085,G
3-PA,1014,0,1,1088,0,1089,G
3-PA,1015,1089,0,2,0,1091,A
3-PA,1016,1114,0,2,0,1116,A
3-PA,1017,0,0,1113,0,1113,G
3-PA,1018,0,1,0,1115,1116,C
3-PA,1019,1108,1,0,0,1109,A
3-PA,1020,1105,1,5,0,1111,A
3-PA,1021,0,2,1118,0,1120,G
3-PA,1022,0,1120,0,1,1121,T
3-PA,1023,1118,0,0,0,1118,A
3-PA,1024,0,1,0,1118,1119,C
3-PA,1025,0,1100,0,0,1100,T
3-PA,1026,2,0,1111,0,1113,G
3-PA,1027,0,1107,1,2,1110,T
3-PA,1028,0,0,0,1115,1115,C
3-PA,1029,1108,0,0,0,1108,A
3-PA,1030,0,1,1118,0,1119,G
3-PA,1031,1116,1,0,0,1117,A
3-PA,1032,1116,0,1,0,1117,A
3-PA,1033,0,1144,0,0,1144,T
3-PA,1034,0,1137,1,0,1138,T
3-PA,1035,2,0,1135,0,1137,G
3-PA,1036,1,0,0,1140,1141,C
3-PA,1037,1140,0,2,0,1142,A
3-PA,1038,1,0,1145,0,1146,G
3-PA,1039,1,0,1134,0,1135,G
3-PA,1040,1143,0,1,0,1144,A
3-PA,1041,0,0,0,1150,1150,C
3-PA,1042,1137,1,2,0,1140,A
3-PA,1043,0,1147,0,1,1148,T
3-PA,1044,0,1147,0,1,1148,T
3-PA,1045,1,0,1159,0,1160,G
3-PA,1046,1159,0,4,0,1163,A
3-PA,1047,1153,0,3,0,1156,A
3-PA,1048,1158,0,0,0,1158,A
3-PA,1049,1154,0,0,0,1154,A
3-PA,1050,0,1147,0,0,1147,T
3-PA,1051,1,0,1156,0,1157,G
3-PA,1052,1150,0,1,1,1152,A
3-PA,1053,0,0,1155,0,1155,G
3-PA,1054,0,0,1156,0,1156,G
3-PA,1055,1149,0,0,0,1149,A
3-PA,1056,0,0,1150,0,1150,G
3-PA,1057,1152,0,0,0,1152,A
3-PA,1058,1149,0,1,0,1150,A
3-PA,1059,1,0,1151,0,1152,G
3-PA,1060,0,2,1136,0,1138,G
3-PA,1061,0,1167,0,2,1169,T
3-PA,1062,0,1182,0,1,1183,T
3-PA,1063,0,1,0,1176,1177,C
3-PA,1064,0,0,0,1179,1179,C
3-PA,1065,1178,0,0,0,1178,A
3-PA,1066,1174,0,1,0,1175,A
3-PA,1067,0,0,1183,0,1183,G
3-PA,1068,0,1,1195,0,1196,G
3-PA,1069,1172,0,0,0,1172,A
3-PA,1070,0,0,0,1181,1181,C
3-PA,1071,0,1178,0,2,1180,T
3-PA,1072,1180,0,0,0,1180,A
3-PA,1073,1185,0,0,0,1185,A
3-PA,1074,1183,0,0,1,1184,A
3-PA,1075,1177,0,1,1,1179,A
3-PA,1076,1170,1,0,0,1171,A
3-PA,1077,0,0,0,1160,1160,C
3-PA,1078,1160,0,0,0,1160,A
3-PA,1079,0,1155,0,0,1155,T
3-PA,1080,0,1,1165,0,1166,G
3-PA,1081,1162,0,3,0,1165,A
3-PA,1082,1166,0,1,1,1168,A
3-PA,1083,0,0,1175,0,1175,G
3-PA,1084,1173,0,0,0,1173,A
3-PA,1085,1173,0,0,0,1173,A
3-PA,1086,1165,0,1,0,1166,A
3-PA,1087,1158,0,4,0,1162,A
3-PA,1088,0,1,0,1165,1166,C
3-PA,1089,0,0,1169,0,1169,G
3-PA,1090,1170,0,2,0,1172,A
3-PA,1091,0,0,1171,0,1171,G
3-PA,1092,0,1165,0,2,1167,T
3-PA,1093,0,0,0,1186,1186,C
3-PA,1094,1196,0,0,0,1196,A
3-PA,1095,1204,0,0,0,1204,A
3-PA,1096,0,1,0,1204,1205,C
3-PA,1097,0,1201,0,2,1203,T
3-PA,1098,3,0,1211,0,1214,G
3-PA,1099,1217,0,0,0,1217,A
3-PA,1100,1215,0,4,0,1219,A
3-PA,1101,0,1,1218,0,1219,G
3-PA,1102,0,1197,0,1,1198,T
3-PA,1103,0,0,1199,0,1199,G
3-PA,1104,0,0,1196,0,1196,G
3-PA,1105,1,0,1201,0,1202,G
3-PA,1106,0,0,0,1200,1200,C
3-PA,1107,0,1185,0,2,1187,T
3-PA,1108,1,0,0,1196,1197,C
3-PA,1109,0,1195,0,0,1195,T
3-PA,1110,0,1204,0,1,1205,T
3-PA,1111,0,0,1258,0,1258,G
3-PA,1112,1,2,1264,1,1268,G
3-PA,1113,1,1264,0,1,1266,T
3-PA,1114,0,1,1267,0,1268,G
3-PA,1115,1260,0,1,0,1261,A
3-PA,1116,1288,0,1,0,1289,A
3-PA,1117,1281,0,2,2,1285,A
3-PA,1118,1298,1,4,0,1303,A
3-PA,1119,0,0,0,1312,1312,C
3-PA,1120,1296,1,3,0,1300,A
3-PA,1121,0,1299,0,0,1299,T
3-PA,1122,0,5,1294,0,1299,G
3-PA,1123,2,0,1319,0,1321,G
3-PA,1124,2,0,0,1320,1322,C
3-PA,1125,1320,1,1,1,1323,A
3-PA,1126,2,1,0,1328,1331,C
3-PA,1127,1,2,0,1335,1338,C
3-PA,1128,1368,0,0,0,1368,A
3-PA,1129,1,1,1386,0,1388,G
3-PA,1130,1387,0,0,0,1387,A
3-PA,1131,1,0,1402,0,1403,G
3-PA,1132,1397,0,4,0,1401,A
3-PA,1133,1417,0,0,0,1417,A
3-PA,1134,0,0,1437,0,1437,G
3-PA,1135,0,1,1432,0,1433,G
3-PA,1136,0,1427,0,0,1427,T
3-PA,1137,1416,0,1,0,1417,A
3-PA,1138,0,1,1413,0,1414,G
3-PA,1139,1416,0,0,0,1416,A
3-PA,1140,0,1,0,1430,1431,C
3-PA,1141,0,1411,0,1,1412,T
3-PA,1142,0,1407,0,0,1407,T
3-PA,1143,0,1411,1,1,1413,T
3-PA,1144,0,0,1415,0,1415,G
3-PA,1145,1407,0,5,0,1412,A
3-PA,1146,1413,2,0,0,1415,A
3-PA,1147,1413,0,3,1,1417,A
3-PA,1148,1411,0,0,1,1412,A
3-PA,1149,0,0,1,1450,1451,C
3-PA,1150,0,1431,0,2,1433,T
3-PA,1151,0,0,1464,0,1464,G
3-PA,1152,0,0,0,1461,1461,C
3-PA,1153,1466,0,3,0,1469,A
3-PA,1154,0,2,1467,0,1469,G
3-PA,1155,1463,0,4,0,1467,A
3-PA,1156,2,0,1561,0,1563,G
3-PA,1157,1562,0,3,1,1566,A
3-PA,1158,0,0,0,1555,1555,C
3-PA,1159,1560,0,0,0,1560,A
3-PA,1160,0,1543,0,1,1544,T
3-PA,1161,1545,0,4,0,1549,A
3-PA,1162,1544,0,2,0,1546,A
3-PA,1163,0,1,1542,0,1543,G
3-PA,1164,0,1,0,1545,1546,C
3-PA,1165,1,3,1507,0,1511,G
3-PA,1166,1570,0,0,0,1570,A
3-PA,1167,0,1563,0,2,1565,T
3-PA,1168,0,1562,0,0,1562,T
3-PA,1169,0,1567,0,1,1568,T
3-PA,1170,0,0,1569,0,1569,G
3-PA,1171,1568,0,0,1,1569,A
3-PA,1172,1566,0,3,0,1569,A
3-PA,1173,0,0,1576,0,1576,G
3-PA,1174,1,0,0,1624,1625,C
3-PA,1175,1604,0,1,0,1605,A
3-PA,1176,1730,0,0,1,1731,A
3-PA,1177,0,1730,0,1,1731,T
3-PA,1178,1740,0,0,1,1741,A
3-PA,1179,0,1752,0,2,1754,T
3-PA,1180,9,3,1748,0,1760,G
3-PA,1181,1775,0,3,0,1778,A
3-PA,1182,2,1774,0,1,1777,T
3-PA,1183,1735,1,1,0,1737,A
3-PA,1184,0,1,1737,0,1738,G
3-PA,1185,0,1694,0,2,1696,T
3-PA,1186,0,0,1695,0,1695,G
3-PA,1187,1698,0,1,0,1699,A
3-PA,1188,0,2,0,1688,1690,C
3-PA,1189,1,1,1690,0,1692,G
3-PA,1190,1699,0,2,0,1701,A
3-PA,1191,1702,0,3,0,1705,A
3-PA,1192,0,0,0,1724,1724,C
3-PA,1193,0,0,0,1725,1725,C
3-PA,1194,0,1726,0,2,1728,T
3-PA,1195,0,0,1801,1,1802,G
3-PA,1196,1799,1,1,0,1801,A
3-PA,1197,1806,0,1,0,1807,A
3-PA,1198,0,1802,0,3,1805,T
3-PA,1199,0,1789,0,1,1790,T
3-PA,1200,1789,1,5,0,1795,A
3-PA,1201,1777,0,2,2,1781,A
3-PA,1202,1,2,1787,0,1790,G
3-PA,1203,0,0,1786,1,1787,G
3-PA,1204,0,1759,0,3,1762,T
3-PA,1205,0,1,0,1757,1758,C
3-PA,1206,1764,2,0,0,1766,A
3-PA,1207,1,1,0,1823,1825,C
3-PA,1208,0,1831,0,0,1831,T
3-PA,1209,0,1834,0,0,1834,T
3-PA,1210,0,1830,0,4,1834,T
3-PA,1211,1,1,1,1830,1833,C
3-PA,1212,1828,0,2,1,1831,A
3-PA,1213,1829,0,0,0,1829,A
3-PA,1214,2,0,1855,0,1857,G
3-PA,1215,1,0,0,1855,1856,C
3-PA,1216,0,1827,1,1,1829,T
3-PA,1217,0,1,1876,0,1877,G
3-PA,1218,2,1,1880,0,1883,G
3-PA,1219,1907,0,1,0,1908,A
3-PA,1220,0,1925,0,1,1926,T
3-PA,1221,1928,1,2,0,1931,A
3-PA,1222,0,2,1,1941,1944,C
3-PA,1223,1915,0,1,0,1916,A
3-PA,1224,0,1,1943,0,1944,G
3-PA,1225,1934,0,1,0,1935,A
3-PA,1226,1917,0,2,1,1920,A
3-PA,1227,0,1902,0,1,1903,T
3-PA,1228,0,0,1900,0,1900,G
3-PA,1229,1887,1,5,0,1893,A
3-PA,1230,0,0,1923,0,1923,G
3-PA,1231,1,1917,0,1,1919,T
3-PA,1232,0,1919,0,2,1921,T
3-PA,1233,1,0,0,1942,1943,C
3-PA,1234,1954,0,0,0,1954,A
3-PA,1235,1952,0,1,0,1953,A
3-PA,1236,0,2,0,1950,1952,C
3-PA,1237,1940,0,1,0,1941,A
3-PA,1238,1938,1,4,0,1943,A
3-PA,1239,1,3,1950,0,1954,G
3-PA,1240,1,0,1967,1,1969,G
3-PA,1241,0,0,0,1984,1984,C
3-PA,1242,1,0,0,1979,1980,C
3-PA,1243,0,1967,0,5,1972,T
3-PA,1244,3,0,1989,1,1993,G
3-PA,1245,0,1990,0,2,1992,T
3-PA,1246,2,2,2003,0,2007,G
3-PA,1247,1993,0,7,0,2000,A
3-PA,1248,1,0,2003,0,2004,G
3-PA,1249,0,2,0,1992,1994,C
3-PA,1250,0,1980,0,1,1981,T
3-PA,1251,2027,0,0,0,2027,A
3-PA,1252,2020,1,3,0,2024,A
3-PA,1253,0,1,0,2034,2035,C
3-PA,1254,0,2023,0,2,2025,T
3-PA,1255,0,0,2030,0,2030,G
3-PA,1256,2024,0,1,1,2026,A
3-PA,1257,2,2020,0,3,2025,T
3-PA,1258,0,2024,0,1,2025,T
3-PA,1259,3,2,0,2023,2028,C
3-PA,1260,2082,1,2,0,2085,A
3-PA,1261,2,0,2123,0,2125,G
3-PA,1262,0,2120,0,1,2121,T
3-PA,1263,1,0,0,2119,2120,C
3-PA,1264,0,2110,1,3,2114,T
3-PA,1265,1,1,2181,0,2183,G
3-PA,1266,1,0,2183,0,2184,G
3-PA,1267,2180,2,3,0,2185,A
3-PA,1268,0,2183,0,2,2185,T
3-PA,1269,2108,1,0,0,2109,A
3-PA,1270,1,1,2113,0,2115,G
3-PA,1271,2093,0,5,0,2098,A
3-PA,1272,0,0,2100,0,2100,G
3-PA,1273,0,1,0,2102,2103,C
3-PA,1274,0,2072,0,2,2074,T
3-PA,1275,1,2,0,2081,2084,C
3-PA,1276,1,1,2084,0,2086,G
3-PA,1277,2084,0,3,0,2087,A
3-PA,1278,1,2089,0,1,2091,T
3-PA,1279,0,0,2086,0,2086,G
3-PA,1280,2107,0,0,1,2108,A
3-PA,1281,2107,0,1,0,2108,A
3-PA,1282,2115,0,0,0,2115,A
3-PA,1283,1,2118,0,0,2119,T
3-PA,1284,0,2110,0,0,2110,T
3-PA,1285,0,0,2138,0,2138,G
3-PA,1286,3,2,2131,0,2136,G
3-PA,1287,2126,1,5,0,2132,A
3-PA,1288,0,0,2134,0,2134,G
3-PA,1289,2117,0,0,0,2117,A
3-PA,1290,4,0,2133,0,2137,G
3-PA,1291,1,2,2152,0,2155,G
3-PA,1292,2167,0,1,0,2168,A
3-PA,1293,0,1,0,2169,2170,C
3-PA,1294,1,0,2155,0,2156,G
3-PA,1295,0,2155,0,2,2157,T
3-PA,1296,2158,1,6,0,2165,A
3-PA,1297,1,0,2188,0,2189,G
3-PA,1298,2,1,1,2207,2211,C
3-PA,1299,1,3,0,2186,2190,C
3-PA,1300,2,0,1,2186,2189,C
3-PA,1301,3,4,0,2176,2183,C
3-PA,1302,2184,0,2,0,2186,A
3-PA,1303,2245,0,4,1,2250,A
3-PA,1304,0,2248,0,0,2248,T
3-PA,1305,0,2242,0,0,2242,T
3-PA,1306,1,4,2234,0,2239,G
3-PA,1307,2199,0,8,0,2207,A
3-PA,1308,1,1,2208,0,2210,G
3-PA,1309,0,1,0,2210,2211,C
3-PA,1310,2184,1,0,0,2185,A
3-PA,1311,0,1,0,2222,2223,C
3-PA,1312,2192,0,2,0,2194,A
3-PA,1313,0,2234,0,0,2234,T
3-PA,1314,0,2242,0,0,2242,T
3-PA,1315,0,0,2238,1,2239,G
3-PA,1316,0,0,0,2235,2235,C
3-PA,1317,2226,0,1,0,2227,A
3-PA,1318,2227,1,1,0,2229,A
3-PA,1319,0,1,2230,1,2232,G
3-PA,1320,0,0,0,2222,2222,C
3-PA,1321,2221,0,0,0,2221,A
3-PA,1322,0,2195,0,1,2196,T
3-PA,1323,1,3,2195,0,2199,G
3-PA,1324,2182,2,6,0,2190,A
3-PA,1325,1,1,2196,0,2198,G
3-PA,1326,2200,0,2,0,2202,A
3-PA,1327,2198,0,1,0,2199,A
3-PA,1328,0,2,2198,0,2200,G
3-PA,1329,0,5,2206,1,2212,G
3-PA,1330,2213,0,2,0,2215,A
3-PA,1331,2206,0,2,3,2211,A
3-PA,1332,0,2218,1,0,2219,T
3-PA,1333,2,2216,0,1,2219,T
3-PA,1334,2225,1,1,0,2227,A
3-PA,1335,0,2225,0,1,2226,T
3-PA,1336,0,2223,0,2,2225,T
3-PA,1337,0,2223,0,2,2225,T
3-PA,1338,0,1,0,2216,2217,C
3-PA,1339,2204,0,3,1,2208,A
3-PA,1340,1,0,0,2233,2234,C
3-PA,1341,2229,0,2,0,2231,A
3-PA,1342,1,1,2253,0,2255,G
3-PA,1343,2,0,0,2252,2254,C
3-PA,1344,2251,0,1,0,2252,A
3-PA,1345,0,0,2260,0,2260,G
3-PA,1346,2246,0,4,0,2250,A
3-PA,1347,1,1,2263,0,2265,G
3-PA,1348,0,1,2272,0,2273,G
3-PA,1349,0,2230,0,4,2234,T
3-PA,1350,0,0,2266,0,2266,G
3-PA,1351,0,2249,0,4,2253,T
3-PA,1352,0,1,0,2248,2249,C
3-PA,1353,3,1,0,2270,2274,C
3-PA,1354,3,1,0,2266,2270,C
3-PA,1355,2274,0,1,0,2275,A
3-PA,1356,0,2294,0,3,2297,T
3-PA,1357,1,2285,0,0,2286,T
3-PA,1358,1,0,2297,0,2298,G
3-PA,1359,0,2272,0,3,2275,T
3-PA,1360,2258,0,1,0,2259,A
3-PA,1361,1,0,2255,0,2256,G
3-PA,1362,2222,0,4,0,2226,A
3-PA,1363,1,0,2230,0,2231,G
3-PA,1364,0,0,0,2216,2216,C
3-PA,1365,2,1,0,2204,2207,C
3-PA,1366,2243,0,4,0,2247,A
3-PA,1367,0,1,0,2254,2255,C
3-PA,1368,0,2236,0,3,2239,T
3-PA,1369,2,1,2235,0,2238,G
3-PA,1370,2229,0,2,0,2231,A
3-PA,1371,2193,0,2,1,2196,A
3-PA,1372,0,2250,0,0,2250,T
3-PA,1373,2271,0,2,0,2273,A
3-PA,1374,0,0,1,2288,2289,C
3-PA,1375,2227,1,4,0,2232,A
3-PA,1376,0,2256,0,1,2257,T
3-PA,1377,2245,0,2,0,2247,A
3-PA,1378,2273,1,1,0,2275,A
3-PA,1379,1,2269,0,2,2272,T
3-PA,1380,1,1,2245,0,2247,G
3-PA,1381,2232,0,1,0,2233,A
3-PA,1382,2207,0,3,0,2210,A
3-PA,1383,2,3,2217,0,2222,G
3-PA,1384,2,3,2204,0,2209,G
3-PA,1385,1,2,2228,0,2231,G
3-PA,1386,0,2,2239,0,2241,G
3-PA,1387,1,2,2265,0,2268,G
3-PA,1388,0,2222,0,3,2225,T
3-PA,1389,2225,2,1,0,2228,A
3-PA,1390,1,2244,0,2,2247,T
3-PA,1391,2273,0,1,1,2275,A
3-PA,1392,3,0,0,2474,2477,C
3-PA,1393,2414,0,1,0,2415,A
3-PA,1394,1,2362,1,0,2364,T
3-PA,1395,0,2344,0,3,2347,T
3-PA,1396,2324,0,0,0,2324,A
3-PA,1397,2365,0,3,1,2369,A
3-PA,1398,0,1,0,2366,2367,C
3-PA,1399,2341,0,0,0,2341,A
3-PA,1400,0,0,0,2342,2342,C
3-PA,1401,1,2094,0,5,2100,T
3-PA,1402,0,1,2166,0,2167,G
3-PA,1403,0,1,0,2156,2157,C
3-PA,1404,4,0,1,2153,2158,C
3-PA,1405,1,0,0,2162,2163,C
3-PA,1406,0,2111,0,3,2114,T
3-PA,1407,0,0,2192,0,2192,G
3-PA,1408,0,2,0,2182,2184,C
3-PA,1409,1,2182,0,2,2185,T
3-PA,1410,0,2,0,2240,2242,C
3-PA,1411,2180,1,1,1,2183,A
3-PA,1412,2196,0,5,0,2201,A
3-PA,1413,0,2200,0,3,2203,T
3-PA,1414,1,0,2197,0,2198,G
3-PA,1415,0,0,1,2194,2195,C
3-PA,1416,2132,0,0,0,2132,A
3-PA,1417,0,2124,0,2,2126,T
3-PA,1418,1,2,1,2122,2126,C
3-PA,1419,2,1,0,2137,2140,C
3-PA,1420,1,2077,0,1,2079,T
3-PA,1421,0,0,2107,1,2108,G
3-PA,1422,0,2103,0,2,2105,T
3-PA,1423,0,0,2099,0,2099,G
3-PA,1424,1,2,0,2099,2102,C
3-PA,1425,2073,0,2,0,2075,A
3-PA,1426,2,3,2079,0,2084,G
3-PA,1427,0,0,0,2080,2080,C
3-PA,1428,2060,0,1,0,2061,A
3-PA,1429,2059,0,0,0,2059,A
3-PA,1430,1,2012,0,1,2014,T
3-PA,1431,0,0,2015,0,2015,G
3-PA,1432,0,1,2019,0,2020,G
3-PA,1433,2011,0,6,1,2018,A
3-PA,1434,0,1,0,2014,2015,C
3-PA,1435,0,0,2000,0,2000,G
3-PA,1436,2039,0,2,0,2041,A
3-PA,1437,0,2034,0,2,2036,T
3-PA,1438,0,2036,0,0,2036,T
3-PA,1439,0,2030,0,0,2030,T
3-PA,1440,0,2030,0,2,2032,T
3-PA,1441,0,0,1,2037,2038,C
3-PA,1442,2028,0,4,0,2032,A
3-PA,1443,2042,1,2,0,2045,A
3-PA,1444,1,0,1,2046,2048,C
3-PA,1445,1,2005,0,2,2008,T
3-PA,1446,2011,0,0,0,2011,A
3-PA,1447,2007,0,0,0,2007,A
3-PA,1448,1,2002,0,2,2005,T
3-PA,1449,0,2001,0,4,2005,T
3-PA,1450,2,1,0,1997,2000,C
3-PA,1451,2,0,0,1998,2000,C
3-PA,1452,2,0,1,1997,2000,C
3-PA,1453,2006,0,0,0,2006,A
3-PA,1454,2,2031,0,1,2034,T
3-PA,1455,0,0,2039,0,2039,G
3-PA,1456,2032,0,4,1,2037,A
3-PA,1457,0,2026,0,4,2030,T
3-PA,1458,2029,0,1,0,2030,A
3-PA,1459,2024,0,3,0,2027,A
3-PA,1460,1,0,2026,0,2027,G
3-PA,1461,0,1,0,2030,2031,C
3-PA,1462,2024,1,1,1,2027,A
3-PA,1463,1995,0,5,0,2000,A
3-PA,1464,1,1,2022,0,2024,G
3-PA,1465,0,2011,0,3,2014,T
3-PA,1466,0,0,2013,0,2013,G
3-PA,1467,2,1,0,2006,2009,C
3-PA,1468,1977,1,4,0,1982,A
3-PA,1469,0,0,2024,0,2024,G
3-PA,1470,2017,0,2,1,2020,A
3-PA,1471,2043,0,1,0,2044,A
3-PA,1472,1,2,0,2044,2047,C
3-PA,1473,1,1989,0,14,2004,T
3-PA,1474,2022,0,0,0,2022,A
3-PA,1475,2017,0,0,0,2017,A
3-PA,1476,2011,0,6,0,2017,A
3-PA,1477,0,0,2023,0,2023,G
3-PA,1478,1939,1,4,0,1944,A
3-PA,1479,0,3,1943,0,1946,G
3-PA,1480,1,0,1902,0,1903,G
3-PA,1481,1,0,1908,0,1909,G
3-PA,1482,1889,1,7,0,1897,A
3-PA,1483,1875,0,4,0,1879,A
3-PA,1484,0,1,1879,0,1880,G
3-PA,1485,1,1,1878,0,1880,G
3-PA,1486,1,0,0,1878,1879,C
3-PA,1487,1,0,1880,0,1881,G
3-PA,1488,1878,0,0,0,1878,A
3-PA,1489,1879,1,0,0,1880,A
3-PA,1490,1876,0,0,0,1876,A
3-PA,1491,1881,0,2,0,1883,A
3-PA,1492,1885,0,4,1,1890,A
3-PA,1493,0,0,1,1887,1888,C
3-PA,1494,2,0,0,1882,1884,C
3-PA,1495,1880,0,1,0,1881,A
3-PA,1496,1897,0,0,0,1897,A
3-PA,1497,0,1897,0,0,1897,T
3-PA,1498,0,1896,0,0,1896,T
3-PA,1499,0,1896,0,1,1897,T
3-PA,1500,1898,0,0,0,1898,A
3-PA,1501,1,1894,0,0,1895,T
3-PA,1502,1882,1,4,0,1887,A
3-PA,1503,0,1878,0,3,1881,T
3-PA,1504,1,1,1866,0,1868,G
3-PA,1505,0,1,1847,0,1848,G
3-PA,1506,1838,0,4,1,1843,A
3-PA,1507,0,1836,2,1,1839,T
3-PA,1508,0,1821,0,1,1822,T
3-PA,1509,1,3,0,1818,1822,C
3-PA,1510,1825,0,3,0,1828,A
3-PA,1511,0,1842,0,2,1844,T
3-PA,1512,0,0,0,1850,1850,C
3-PA,1513,1844,1,3,0,1848,A
3-PA,1514,0,1828,0,3,1831,T
3-PA,1515,1823,0,2,0,1825,A
3-PA,1516,1824,0,0,0,1824,A
3-PA,1517,1822,0,3,0,1825,A
3-PA,1518,0,3,1833,0,1836,G
3-PA,1519,0,2,1818,0,1820,G
3-PA,1520,1,0,1805,0,1806,G
3-PA,1521,1777,0,23,0,1800,A
3-PA,1522,1788,2,1,0,1791,A
3-PA,1523,1,0,1802,0,1803,G
3-PA,1524,1797,0,1,0,1798,A
3-PA,1525,0,1786,0,2,1788,T
3-PA,1526,0,3,0,1788,1791,C
3-PA,1527,0,1760,1,2,1763,T
3-PA,1528,1,1,0,1798,1800,C
3-PA,1529,1795,0,3,0,1798,A
3-PA,1530,0,1792,0,2,1794,T
3-PA,1531,0,1798,0,1,1799,T
3-PA,1532,1,1789,0,0,1790,T
3-PA,1533,1781,0,0,0,1781,A
3-PA,1534,1776,0,2,0,1778,A
3-PA,1535,0,1,1778,0,1779,G
3-PA,1536,0,0,1800,0,1800,G
3-PA,1537,1738,0,2,0,1740,A
3-PA,1538,1737,0,1,0,1738,A
3-PA,1539,0,1735,1,3,1739,T
3-PA,1540,0,1,1754,1,1756,G
3-PA,1541,1780,0,3,0,1783,A
3-PA,1542,2,2,1,1779,1784,C
3-PA,1543,1771,1,2,0,1774,A
3-PA,1544,0,1,0,1774,1775,C
3-PA,1545,1730,0,3,1,1734,A
3-PA,1546,1,1,1736,1,1739,G
3-PA,1547,1732,0,3,0,1735,A
3-PA,1548,0,4,0,1724,1728,C
3-PA,1549,1,0,1717,0,1718,G
3-PA,1550,0,1626,0,1,1627,T
3-PA,1551,1,3,1630,0,1634,G
3-PA,1552,0,0,1644,0,1644,G
3-PA,1553,0,1642,0,1,1643,T
3-PA,1554,1638,0,0,0,1638,A
3-PA,1555,1611,0,3,0,1614,A
3-PA,1556,1612,0,0,0,1612,A
3-PA,1557,0,1615,0,1,1616,T
3-PA,1558,1,1600,1,0,1602,T
3-PA,1559,0,1590,1,4,1595,T
3-PA,1560,0,1574,0,0,1574,T
3-PA,1561,0,0,1576,0,1576,G
3-PA,1562,0,1568,0,0,1568,T
3-PA,1563,0,0,1568,0,1568,G
3-PA,1564,1565,0,3,0,1568,A
3-PA,1565,0,1,1568,0,1569,G
3-PA,1566,0,0,0,1561,1561,C
3-PA,1567,1560,0,0,0,1560,A
3-PA,1568,0,1553,1,5,1559,T
3-PA,1569,0,1,1559,0,1560,G
3-PA,1570,2,1,1568,0,1571,G
3-PA,1571,1573,0,1,1,1575,A
3-PA,1572,0,0,1580,0,1580,G
3-PA,1573,0,1566,1,1,1568,T
3-PA,1574,0,1549,1,1,1551,T
3-PA,1575,0,1557,1,0,1558,T
3-PA,1576,1,1551,1,3,1556,T
3-PA,1577,1,0,0,1558,1559,C
3-PA,1578,0,1552,1,1,1554,T
3-PA,1579,1,0,0,1544,1545,C
3-PA,1580,0,1508,0,1,1509,T
3-PA,1581,0,0,0,1515,1515,C
3-PA,1582,1513,0,2,0,1515,A
3-PA,1583,0,0,0,1514,1514,C
3-PA,1584,0,1498,0,3,1501,T
3-PA,1585,0,1,1503,0,1504,G
3-PA,1586,1505,0,1,0,1506,A
3-PA,1587,0,0,0,1512,1512,C
3-PA,1588,2,1,0,1507,1510,C
3-PA,1589,4,1,0,1494,1499,C
3-PA,1590,1,1,1501,0,1503,G
3-PA,1591,1499,0,0,0,1499,A
3-PA,1592,0,1,1506,0,1507,G
3-PA,1593,1510,0,3,0,1513,A
3-PA,1594,1,0,0,1497,1498,C
3-PA,1595,1,1486,0,1,1488,T
3-PA,1596,0,1431,0,1,1432,T
3-PA,1597,0,0,1428,0,1428,G
3-PA,1598,1428,0,1,0,1429,A
3-PA,1599,0,0,1431,0,1431,G
3-PA,1600,3,1,0,1427,1431,C
3-PA,1601,1,1,0,1392,1394,C
3-PA,1602,1410,0,1,0,1411,A
3-PA,1603,0,0,1,1412,1413,C
3-PA,1604,1417,1,2,0,1420,A
3-PA,1605,1,1421,0,0,1422,T
3-PA,1606,1414,0,1,0,1415,A
3-PA,1607,1414,0,0,0,1414,A
3-PA,1608,1410,0,0,0,1410,A
3-PA,1609,0,1410,0,1,1411,T
3-PA,1610,0,2,1398,0,1400,G
3-PA,1611,1,0,1337,0,1338,G
3-PA,1612,0,0,1328,0,1328,G
3-PA,1613,1317,1,0,0,1318,A
3-PA,1614,0,0,1348,0,1348,G
3-PA,1615,1331,0,1,0,1332,A
3-PA,1616,1328,0,0,0,1328,A
3-PA,1617,1338,0,0,0,1338,A
3-PA,1618,0,1333,0,0,1333,T
3-PA,1619,1327,0,0,0,1327,A
3-PA,1620,1,963,0,301,1265,T
3-PA,1621,0,1107,0,0,1107,T
3-PA,1622,0,0,1095,0,1095,G
3-PA,1623,1,1038,0,2,1041,T
3-PA,1624,0,0,1047,0,1047,G
3-PA,1625,0,1040,0,1,1041,T
3-PA,1626,1,0,0,996,997,C
3-PA,1627,1,0,0,991,992,C
3-PA,1628,0,980,0,2,982,T
3-PA,1629,0,986,0,2,988,T
3-PA,1630,0,2,985,1,988,G
3-PA,1631,986,0,7,0,993,A
3-PA,1632,0,0,1008,0,1008,G
3-PA,1633,977,0,1,0,978,A
3-PA,1634,0,976,0,1,977,T
3-PA,1635,956,0,2,0,958,A
3-PA,1636,0,0,986,0,986,G
3-PA,1637,1,1,986,0,988,G
3-PA,1638,976,0,4,0,980,A
3-PA,1639,0,0,983,0,983,G
3-PA,1640,970,0,1,0,971,A
3-PA,1641,0,963,0,0,963,T
3-PA,1642,968,0,1,0,969,A
3-PA,1643,0,971,0,0,971,T
3-PA,1644,0,1,978,0,979,G
3-PA,1645,0,963,0,0,963,T
3-PA,1646,0,955,0,0,955,T
3-PA,1647,974,0,1,0,975,A
3-PA,1648,0,0,0,974,974,C
3-PA,1649,0,958,0,0,958,T
3-PA,1650,962,0,1,0,963,A
3-PA,1651,944,0,0,2,946,A
3-PA,1652,0,0,956,0,956,G
3-PA,1653,940,1,1,0,942,A
3-PA,1654,917,0,1,0,918,A
3-PA,1655,0,0,902,1,903,G
3-PA,1656,0,899,0,1,900,T
3-PA,1657,0,0,908,1,909,G
3-PA,1658,0,1,0,904,905,C
3-PA,1659,2,0,0,908,910,C
3-PA,1660,910,0,0,0,910,A
3-PA,1661,0,903,0,0,903,T
3-PA,1662,901,0,0,0,901,A
3-PA,1663,0,0,907,0,907,G
3-PA,1664,1,0,908,0,909,G
3-PA,1665,1,0,0,899,900,C
3-PA,1666,0,0,0,898,898,C
3-PA,1667,899,0,1,0,900,A
3-PA,1668,901,0,1,0,902,A
3-PA,1669,902,0,0,0,902,A
3-PA,1670,0,913,0,0,913,T
3-PA,1671,2,912,1,0,915,T
3-PA,1672,0,906,0,0,906,T
3-PA,1673,1,0,0,910,911,C
3-PA,1674,898,0,1,0,899,A
3-PA,1675,897,2,0,0,899,A
3-PA,1676,0,1,900,0,901,G
3-PA,1677,0,1,905,0,906,G
3-PA,1678,0,1,0,907,908,C
3-PA,1679,0,0,0,898,898,C
3-PA,1680,0,0,902,0,902,G
3-PA,1681,915,0,2,0,917,A
3-PA,1682,0,920,0,0,920,T
3-PA,1683,0,0,943,0,943,G
3-PA,1684,0,942,0,0,942,T
3-PA,1685,0,964,0,1,965,T
3-PA,1686,2,0,0,970,972,C
3-PA,1687,0,961,0,4,965,T
3-PA,1688,0,969,0,1,970,T
3-PA,1689,1,0,980,0,981,G
3-PA,1690,0,960,1,0,961,T
3-PA,1691,963,0,0,0,963,A
3-PA,1692,1,937,0,2,940,T
3-PA,1693,0,0,942,0,942,G
3-PA,1694,0,919,0,1,920,T
3-PA,1695,0,0,922,0,922,G
3-PA,1696,915,1,3,0,919,A
3-PA,1697,1,0,918,1,920,G
3-PA,1698,0,0,918,0,918,G
3-PA,1699,919,0,1,0,920,A
3-PA,1700,0,0,0,917,917,C
3-PA,1701,914,0,2,0,916,A
3-PA,1702,917,0,1,1,919,A
3-PA,1703,919,0,1,1,921,A
3-PA,1704,1,1,0,919,921,C
3-PA,1705,1,1,921,0,923,G
3-PA,1706,0,0,934,0,934,G
3-PA,1707,926,0,1,0,927,A
3-PA,1708,929,0,0,0,929,A
3-PA,1709,1,0,0,941,942,C
3-PA,1710,941,0,0,0,941,A
3-PA,1711,0,938,0,0,938,T
3-PA,1712,1,1,0,933,935,C
3-PA,1713,934,0,1,0,935,A
3-PA,1714,933,0,0,1,934,A
3-PA,1715,923,0,1,0,924,A
3-PA,1716,0,0,934,0,934,G
3-PA,1717,0,0,936,0,936,G
3-PA,1718,1,924,0,0,925,T
3-PA,1719,924,0,0,1,925,A
3-PA,1720,929,0,0,0,929,A
3-PA,1721,930,0,0,0,930,A
3-PA,1722,929,0,1,0,930,A
3-PA,1723,938,0,0,0,938,A
3-PA,1724,0,936,0,1,937,T
3-PA,1725,1,1,943,0,945,G
3-PA,1726,939,0,1,0,940,A
3-PA,1727,937,0,2,0,939,A
3-PA,1728,940,0,0,0,940,A
3-PA,1729,0,936,0,0,936,T
3-PA,1730,0,2,943,0,945,G
3-PA,1731,0,0,947,0,947,G
3-PA,1732,0,1,945,0,946,G
3-PA,1733,1,0,952,0,953,G
3-PA,1734,944,2,0,0,946,A
3-PA,1735,951,0,4,1,956,A
3-PA,1736,0,955,0,0,955,T
3-PA,1737,0,0,958,1,959,G
3-PA,1738,0,3,963,0,966,G
3-PA,1739,945,0,2,0,947,A
3-PA,1740,0,1,957,0,958,G
3-PA,1741,954,0,1,1,956,A
3-PA,1742,0,943,0,0,943,T
3-PA,1743,0,3,940,0,943,G
3-PA,1744,934,0,3,0,937,A
3-PA,1745,0,0,944,0,944,G
3-PA,1746,944,0,2,0,946,A
3-PA,1747,0,0,0,937,937,C
3-PA,1748,0,0,941,0,941,G
3-PA,1749,0,932,0,0,932,T
3-PA,1750,0,935,0,0,935,T
3-PA,1751,0,0,943,0,943,G
3-PA,1752,0,1,0,939,940,C
3-PA,1753,0,0,0,942,942,C
3-PA,1754,0,932,0,4,936,T
3-PA,1755,3,0,0,951,954,C
3-PA,1756,1,0,0,955,956,C
3-PA,1757,0,957,0,0,957,T
3-PA,1758,1,956,0,2,959,T
3-PA,1759,1,0,0,959,960,C
3-PA,1760,955,0,0,0,955,A
3-PA,1761,0,0,952,0,952,G
3-PA,1762,1,943,0,2,946,T
3-PA,1763,0,0,0,954,954,C
3-PA,1764,931,0,0,0,931,A
3-PA,1765,0,0,0,955,955,C
3-PA,1766,0,960,0,0,960,T
3-PA,1767,3,0,0,964,967,C
3-PA,1768,1,0,0,966,967,C
3-PA,1769,968,0,1,0,969,A
3-PA,1770,0,0,972,0,972,G
3-PA,1771,0,2,0,975,977,C
3-PA,1772,970,0,0,0,970,A
3-PA,1773,0,0,974,0,974,G
3-PA,1774,951,0,0,0,951,A
3-PA,1775,0,946,0,0,946,T
3-PA,1776,0,1,1,944,946,C
3-PA,1777,1,0,948,0,949,G
3-PA,1778,944,0,2,0,946,A
3-PA,1779,1,1,946,0,948,G
3-PA,1780,946,0,1,1,948,A
3-PA,1781,0,0,953,0,953,G
3-PA,1782,0,0,0,946,946,C
3-PA,1783,941,0,2,0,943,A
3-PA,1784,0,943,0,0,943,T
3-PA,1785,1,0,969,0,970,G
3-PA,1786,971,0,2,0,973,A
3-PA,1787,0,975,0,0,975,T
3-PA,1788,0,968,0,0,968,T
3-PA,1789,0,0,969,0,969,G
3-PA,1790,960,0,2,0,962,A
3-PA,1791,968,0,1,0,969,A
3-PA,1792,0,0,971,0,971,G
3-PA,1793,0,0,0,969,969,C
3-PA,1794,1,0,1,955,957,C
3-PA,1795,2,0,955,0,957,G
3-PA,1796,954,0,2,0,956,A
3-PA,1797,0,0,967,0,967,G
3-PA,1798,0,960,0,3,963,T
3-PA,1799,2,1,0,958,961,C
3-PA,1800,0,0,1,963,964,C
3-PA,1801,0,958,0,0,958,T
3-PA,1802,0,0,0,977,977,C
3-PA,1803,0,1,972,0,973,G
3-PA,1804,0,0,1004,0,1004,G
3-PA,1805,0,1004,0,0,1004,T
3-PA,1806,0,995,0,2,997,T
3-PA,1807,996,0,1,0,997,A
3-PA,1808,999,0,0,0,999,A
3-PA,1809,991,0,2,1,994,A
3-PA,1810,0,0,1006,1,1007,G
3-PA,1811,996,1,0,0,997,A
3-PA,1812,0,0,1002,0,1002,G
3-PA,1813,974,0,4,0,978,A
3-PA,1814,979,1,0,0,980,A
3-PA,1815,981,1,2,0,984,A
3-PA,1816,0,0,995,0,995,G
3-PA,1817,995,0,0,0,995,A
3-PA,1818,0,4,0,990,994,C
3-PA,1819,967,0,2,0,969,A
3-PA,1820,0,967,0,1,968,T
3-PA,1821,1,1,966,0,968,G
3-PA,1822,982,0,1,0,983,A
3-PA,1823,0,0,0,983,983,C
3-PA,1824,1,0,0,981,982,C
3-PA,1825,973,0,1,0,974,A
3-PA,1826,973,0,0,0,973,A
3-PA,1827,972,0,2,0,974,A
3-PA,1828,0,0,979,0,979,G
3-PA,1829,969,0,1,0,970,A
3-PA,1830,0,1,973,0,974,G
3-PA,1831,0,961,0,0,961,T
3-PA,1832,0,961,1,1,963,T
3-PA,1833,0,962,0,0,962,T
3-PA,1834,0,966,0,0,966,T
3-PA,1835,0,970,0,0,970,T
3-PA,1836,0,970,0,0,970,T
3-PA,1837,0,0,971,0,971,G
3-PA,1838,961,0,2,0,963,A
3-PA,1839,0,2,972,0,974,G
3-PA,1840,968,2,0,0,970,A
3-PA,1841,969,0,0,0,969,A
3-PA,1842,0,968,0,3,971,T
3-PA,1843,971,0,0,0,971,A
3-PA,1844,979,0,0,0,979,A
3-PA,1845,983,0,0,0,983,A
3-PA,1846,0,983,0,0,983,T
3-PA,1847,0,0,0,986,986,C
3-PA,1848,970,1,3,0,974,A
3-PA,1849,0,0,978,0,978,G
3-PA,1850,977,0,1,0,978,A
3-PA,1851,977,0,3,0,980,A
3-PA,1852,0,1,984,0,985,G
3-PA,1853,0,0,0,960,960,C
3-PA,1854,957,0,0,0,957,A
3-PA,1855,0,952,0,0,952,T
3-PA,1856,0,1,951,0,952,G
3-PA,1857,0,0,955,0,955,G
3-PA,1858,0,0,1,948,949,C
3-PA,1859,2,0,1,978,981,C
3-PA,1860,0,0,0,982,982,C
3-PA,1861,986,0,3,0,989,A
3-PA,1862,0,989,0,1,990,T
3-PA,1863,0,991,0,0,991,T
3-PA,1864,1,1,992,0,994,G
3-PA,1865,0,1,994,0,995,G
3-PA,1866,0,1,980,0,981,G
3-PA,1867,0,2,977,0,979,G
3-PA,1868,927,0,1,1,929,A
3-PA,1869,0,0,938,0,938,G
3-PA,1870,0,932,0,1,933,T
3-PA,1871,3,0,0,944,947,C
3-PA,1872,0,1,0,976,977,C
3-PA,1873,2,0,0,976,978,C
3-PA,1874,0,1,0,976,977,C
3-PA,1875,0,2,0,973,975,C
3-PA,1876,979,0,1,0,980,A
3-PA,1877,978,0,2,0,980,A
3-PA,1878,2,2,977,0,981,G
3-PA,1879,1,1,971,1,974,G
3-PA,1880,0,0,978,0,978,G
3-PA,1881,881,1,0,0,882,A
3-PA,1882,0,0,887,0,887,G
3-PA,1883,0,885,0,3,888,T
3-PA,1884,0,1,893,0,894,G
3-PA,1885,0,1,901,0,902,G
3-PA,1886,903,0,0,0,903,A
3-PA,1887,901,0,0,0,901,A
3-PA,1888,0,0,897,0,897,G
3-PA,1889,881,0,0,0,881,A
3-PA,1890,886,0,0,0,886,A
3-PA,1891,1,1,882,0,884,G
3-PA,1892,0,1,889,0,890,G
3-PA,1893,0,883,0,1,884,T
3-PA,1894,0,886,0,0,886,T
3-PA,1895,1,1,0,886,888,C
3-PA,1896,0,1,0,890,891,C
3-PA,1897,894,0,0,0,894,A
3-PA,1898,0,894,0,0,894,T
3-PA,1899,0,889,0,0,889,T
3-PA,1900,0,0,893,0,893,G
3-PA,1901,0,1,888,0,889,G
3-PA,1902,0,0,885,0,885,G
3-PA,1903,885,0,2,0,887,A
3-PA,1904,883,0,0,1,884,A
3-PA,1905,889,0,1,0,890,A
3-PA,1906,0,0,911,0,911,G
3-PA,1907,0,906,0,0,906,T
3-PA,1908,0,0,0,925,925,C
3-PA,1909,0,912,0,0,912,T
3-PA,1910,0,0,918,0,918,G
3-PA,1911,1,916,0,0,917,T
3-PA,1912,911,0,1,0,912,A
3-PA,1913,0,1,916,0,917,G
3-PA,1914,1,1,905,0,907,G
3-PA,1915,883,0,0,0,883,A
3-PA,1916,0,0,0,889,889,C
3-PA,1917,0,868,0,1,869,T
3-PA,1918,1,0,0,895,896,C
3-PA,1919,0,891,0,0,891,T
3-PA,1920,887,0,1,0,888,A
3-PA,1921,0,886,0,1,887,T
3-PA,1922,0,871,0,2,873,T
3-PA,1923,0,0,892,0,892,G
3-PA,1924,0,0,890,0,890,G
3-PA,1925,0,0,0,892,892,C
3-PA,1926,1,891,0,1,893,T
3-PA,1927,838,1,0,0,839,A
3-PA,1928,842,0,1,0,843,A
3-PA,1929,0,0,850,0,850,G
3-PA,1930,0,849,0,1,850,T
3-PA,1931,1,0,0,848,849,C
3-PA,1932,825,0,0,0,825,A
3-PA,1933,0,0,851,0,851,G
3-PA,1934,0,849,0,0,849,T
3-PA,1935,881,0,0,0,881,A
3-PA,1936,0,879,0,2,881,T
3-PA,1937,0,896,0,1,897,T
3-PA,1938,1,1,0,896,898,C
3-PA,1939,889,0,1,0,890,A
3-PA,1940,889,0,2,0,891,A
3-PA,1941,0,892,0,0,892,T
3-PA,1942,848,0,1,0,849,A
3-PA,1943,0,0,856,0,856,G
3-PA,1944,0,0,0,836,836,C
3-PA,1945,0,1,0,846,847,C
3-PA,1946,0,819,0,0,819,T
3-PA,1947,0,0,841,0,841,G
3-PA,1948,0,842,0,1,843,T
3-PA,1949,847,0,1,0,848,A
3-PA,1950,0,847,0,3,850,T
3-PA,1951,0,0,838,0,838,G
3-PA,1952,0,0,0,834,834,C
3-PA,1953,820,0,1,0,821,A
3-PA,1954,1,812,1,1,815,T
3-PA,1955,0,0,0,813,813,C
3-PA,1956,801,1,1,0,803,A
3-PA,1957,0,0,0,814,814,C
3-PA,1958,2,1,0,803,806,C
3-PA,1959,807,0,0,0,807,A
3-PA,1960,0,0,0,811,811,C
3-PA,1961,803,0,0,0,803,A
3-PA,1962,805,0,0,0,805,A
3-PA,1963,0,803,0,1,804,T
3-PA,1964,0,804,0,0,804,T
3-PA,1965,1,1,801,0,803,G
3-PA,1966,0,0,798,0,798,G
3-PA,1967,797,0,0,0,797,A
3-PA,1968,795,1,0,0,796,A
3-PA,1969,0,0,792,0,792,G
3-PA,1970,0,1,793,0,794,G
3-PA,1971,795,0,0,0,795,A
3-PA,1972,0,791,0,0,791,T
3-PA,1973,0,791,0,1,792,T
3-PA,1974,0,790,0,1,791,T
3-PA,1975,0,795,0,0,795,T
3-PA,1976,0,0,0,794,794,C
3-PA,1977,789,0,1,0,790,A
3-PA,1978,0,0,790,0,790,G
3-PA,1979,0,0,0,789,789,C
3-PA,1980,0,0,787,0,787,G
3-PA,1981,0,2,786,0,788,G
3-PA,1982,788,0,0,0,788,A
3-PA,1983,0,0,794,0,794,G
3-PA,1984,1,794,0,0,795,T
3-PA,1985,1,0,0,796,797,C
3-PA,1986,795,0,1,0,796,A
3-PA,1987,794,0,3,0,797,A
3-PA,1988,0,1,795,0,796,G
3-PA,1989,796,0,1,0,797,A
3-PA,1990,788,0,2,1,791,A
3-PA,1991,787,1,0,0,788,A
3-PA,1992,776,0,2,0,778,A
3-PA,1993,1,0,0,780,781,C
3-PA,1994,0,768,0,1,769,T
3-PA,1995,0,0,771,0,771,G
3-PA,1996,0,0,0,768,768,C
3-PA,1997,0,767,0,1,768,T
3-PA,1998,1,0,0,767,768,C
3-PA,1999,0,0,0,761,761,C
3-PA,2000,0,765,0,0,765,T
3-PA,2001,0,762,0,3,765,T
3-PA,2002,0,0,768,0,768,G
3-PA,2003,1,766,0,2,769,T
3-PA,2004,0,760,0,0,760,T
3-PA,2005,0,0,766,0,766,G
3-PA,2006,0,758,0,1,759,T
3-PA,2007,1,754,0,0,755,T
3-PA,2008,0,1,0,755,756,C
3-PA,2009,743,0,3,0,746,A
3-PA,2010,0,0,756,0,756,G
3-PA,2011,1,0,752,0,753,G
3-PA,2012,0,0,0,759,759,C
3-PA,2013,0,755,0,2,757,T
3-PA,2014,0,1,0,767,768,C
3-PA,2015,0,766,0,0,766,T
3-PA,2016,0,767,0,0,767,T
3-PA,2017,766,1,0,0,767,A
3-PA,2018,1,0,765,0,766,G
3-PA,2019,0,0,757,0,757,G
3-PA,2020,0,0,749,0,749,G
3-PA,2021,733,0,3,0,736,A
3-PA,2022,0,0,0,736,736,C
3-PA,2023,701,0,1,0,702,A
3-PA,2024,702,0,0,0,702,A
3-PA,2025,0,0,0,706,706,C
3-PA,2026,0,0,0,706,706,C
3-PA,2027,0,707,0,0,707,T
3-PA,2028,0,0,0,703,703,C
3-PA,2029,2,0,700,0,702,G
3-PA,2030,701,0,0,0,701,A
3-PA,2031,701,0,1,0,702,A
3-PA,2032,0,0,0,707,707,C
3-PA,2033,0,0,0,687,687,C
3-PA,2034,0,676,0,3,679,T
3-PA,2035,0,0,680,0,680,G
3-PA,2036,0,0,680,0,680,G
3-PA,2037,0,1,680,0,681,G
3-PA,2038,679,2,0,0,681,A
3-PA,2039,0,0,0,679,679,C
3-PA,2040,0,1,0,671,672,C
3-PA,2041,0,667,0,0,667,T
3-PA,2042,0,666,0,0,666,T
3-PA,2043,0,668,0,0,668,T
3-PA,2044,0,0,669,0,669,G
3-PA,2045,671,0,0,0,671,A
3-PA,2046,0,671,0,0,671,T
3-PA,2047,0,1,0,669,670,C
3-PA,2048,0,660,0,1,661,T
3-PA,2049,0,657,0,1,658,T
3-PA,2050,0,1,658,0,659,G
3-PA,2051,1,0,656,0,657,G
3-PA,2052,0,1,654,0,655,G
3-PA,2053,0,0,657,0,657,G
3-PA,2054,1,0,658,1,660,G
3-PA,2055,0,0,656,0,656,G
3-PA,2056,0,0,0,655,655,C
3-PA,2057,0,656,0,0,656,T
3-PA,2058,668,0,0,0,668,A
3-PA,2059,0,664,0,1,665,T
3-PA,2060,666,0,0,0,666,A
3-PA,2061,1,664,0,1,666,T
3-PA,2062,0,0,635,0,635,G
3-PA,2063,632,0,0,0,632,A
3-PA,2064,616,0,1,0,617,A
3-PA,2065,0,0,616,0,616,G
3-PA,2066,0,0,0,618,618,C
3-PA,2067,576,0,0,0,576,A
3-PA,2068,577,0,0,0,577,A
3-PA,2069,0,580,0,0,580,T
3-PA,2070,0,579,0,0,579,T
3-PA,2071,0,0,579,0,579,G
3-PA,2072,573,0,1,0,574,A
3-PA,2073,0,0,572,0,572,G
3-PA,2074,0,0,575,0,575,G
3-PA,2075,545,0,0,0,545,A
3-PA,2076,0,0,548,0,548,G
3-PA,2077,0,518,1,0,519,T
3-PA,2078,0,0,519,0,519,G
3-PA,2079,1,0,0,515,516,C
3-PA,2080,1,0,0,515,516,C
3-PA,2081,0,515,0,0,515,T
3-PA,2082,0,1,515,0,516,G
3-PA,2083,516,0,0,0,516,A
3-PA,2084,0,518,0,0,518,T
3-PA,2085,0,495,1,0,496,T
3-PA,2086,490,0,1,0,491,A
3-PA,2087,488,0,1,0,489,A
3-PA,2088,0,483,0,1,484,T
3-PA,2089,0,0,488,0,488,G
3-PA,2090,486,0,0,0,486,A
3-PA,2091,0,479,0,0,479,T
3-PA,2092,1,0,0,477,478,C
3-PA,2093,0,0,0,463,463,C
3-PA,2094,1,0,0,467,468,C
3-PA,2095,0,461,0,0,461,T
3-PA,2096,0,1,463,0,464,G
3-PA,2097,0,0,462,0,462,G
3-PA,2098,0,0,464,0,464,G
3-PA,2099,0,456,0,0,456,T
3-PA,2100,0,434,0,1,435,T
3-PA,2101,0,433,1,0,434,T
3-PA,2102,0,430,0,0,430,T
3-PA,2103,1,0,429,0,430,G
3-PA,2104,0,0,0,431,431,C
3-PA,2105,0,426,0,0,426,T
3-PA,2106,0,0,0,425,425,C
3-PA,2107,408,0,0,0,408,A
3-PA,2108,408,0,0,0,408,A
3-PA,2109,1,407,0,0,408,T
3-PA,2110,1,0,407,0,408,G
3-PA,2111,0,0,0,407,407,C
3-PA,2112,0,0,397,0,397,G
3-PA,2113,0,396,0,0,396,T
3-PA,2114,0,0,0,396,396,C
3-PA,2115,0,393,0,1,394,T
3-PA,2116,0,394,0,1,395,T
3-PA,2117,0,0,388,0,388,G
3-PA,2118,0,0,389,0,389,G
3-PA,2119,0,387,0,2,389,T
3-PA,2120,0,384,0,3,387,T
3-PA,2121,0,0,0,382,382,C
3-PA,2122,379,0,0,0,379,A
3-PA,2123,379,0,0,0,379,A
3-PA,2124,0,0,0,376,376,C
3-PA,2125,0,376,0,0,376,T
3-PA,2126,0,0,0,376,376,C
3-PA,2127,1,0,0,360,361,C
3-PA,2128,0,361,0,0,361,T
3-PA,2129,0,357,0,1,358,T
3-PA,2130,0,0,0,360,360,C
3-PA,2131,0,0,0,360,360,C
3-PA,2132,0,349,0,1,350,T
3-PA,2133,0,0,349,0,349,G
3-PA,2134,347,0,2,0,349,A
3-PA,2135,0,0,0,343,343,C
3-PA,2136,329,0,0,0,329,A
3-PA,2137,0,0,0,317,317,C
3-PA,2138,313,0,0,0,313,A
3-PA,2139,0,306,0,0,306,T
3-PA,2140,0,0,308,0,308,G
3-PA,2141,0,0,0,308,308,C
3-PA,2142,303,0,0,0,303,A
3-PA,2143,0,300,0,1,301,T
3-PA,2144,0,297,0,0,297,T
3-PA,2145,293,0,0,0,293,A
3-PA,2146,292,0,1,0,293,A
3-PA,2147,292,0,0,0,292,A
3-PA,2148,291,0,0,0,291,A
3-PA,2149,0,292,0,0,292,T
3-PA,2150,233,0,0,0,233,A
3-PA,2151,0,0,233,0,233,G
4-HA,1,443,0,0,0,443,A
4-HA,2,0,445,0,0,445,T
4-HA,3,0,0,451,0,451,G
4-HA,4,453,0,2,0,455,A
4-HA,5,462,0,1,0,463,A
4-HA,6,0,0,509,0,509,G
4-HA,7,508,0,1,0,509,A
4-HA,8,0,0,0,557,557,C
4-HA,9,0,561,0,1,562,T
4-HA,10,575,0,0,0,575,A
4-HA,11,0,588,0,1,589,T
4-HA,12,0,0,0,594,594,C
4-HA,13,593,0,0,0,593,A
4-HA,14,0,594,0,0,594,T
4-HA,15,0,593,0,1,594,T
4-HA,16,0,1,652,0,653,G
4-HA,17,0,1,0,653,654,C
4-HA,18,0,656,0,1,657,T
4-HA,19,0,660,0,0,660,T
4-HA,20,0,658,0,1,659,T
4-HA,21,0,0,696,0,696,G
4-HA,22,700,0,1,0,701,A
4-HA,23,0,0,729,0,729,G
4-HA,24,0,0,0,730,730,C
4-HA,25,0,728,0,2,730,T
4-HA,26,791,0,0,0,791,A
4-HA,27,0,0,0,803,803,C
4-HA,28,824,0,1,0,825,A
4-HA,29,0,876,0,1,877,T
4-HA,30,0,871,0,0,871,T
4-HA,31,0,0,0,889,889,C
4-HA,32,0,886,0,3,889,T
4-HA,33,903,0,1,0,904,A
4-HA,34,0,909,0,1,910,T
4-HA,35,0,0,915,0,915,G
4-HA,36,0,915,0,1,916,T
4-HA,37,1,0,0,915,916,C
4-HA,38,1,914,0,1,916,T
4-HA,39,0,0,918,0,918,G
4-HA,40,0,0,916,1,917,G
4-HA,41,1,917,1,1,920,T
4-HA,42,0,917,0,0,917,T
4-HA,43,0,917,0,1,918,T
4-HA,44,0,919,0,0,919,T
4-HA,45,0,2,0,916,918,C
4-HA,46,1,1,914,0,916,G
4-HA,47,0,0,0,932,932,C
4-HA,48,0,927,0,5,932,T
4-HA,49,0,0,0,941,941,C
4-HA,50,940,0,0,0,940,A
4-HA,51,940,0,0,0,940,A
4-HA,52,942,0,1,0,943,A
4-HA,53,938,0,1,0,939,A
4-HA,54,945,0,1,0,946,A
4-HA,55,0,0,0,946,946,C
4-HA,56,0,943,0,0,943,T
4-HA,57,0,945,0,1,946,T
4-HA,58,0,0,0,948,948,C
4-HA,59,1,0,0,946,947,C
4-HA,60,0,946,0,2,948,T
4-HA,61,1,0,954,0,955,G
4-HA,62,0,0,953,1,954,G
4-HA,63,956,0,1,0,957,A
4-HA,64,972,0,1,0,973,A
4-HA,65,968,0,3,0,971,A
4-HA,66,0,991,0,1,992,T
4-HA,67,0,0,996,0,996,G
4-HA,68,996,0,0,0,996,A
4-HA,69,0,1,0,1009,1010,C
4-HA,70,1006,0,1,0,1007,A
4-HA,71,1006,0,0,0,1006,A
4-HA,72,0,0,0,1019,1019,C
4-HA,73,1015,0,2,0,1017,A
4-HA,74,0,0,1024,0,1024,G
4-HA,75,0,0,0,1019,1019,C
4-HA,76,1018,0,0,0,1018,A
4-HA,77,0,1,0,1033,1034,C
4-HA,78,1,3,1027,0,1031,G
4-HA,79,1,1,1043,0,1045,G
4-HA,80,1,0,0,1047,1048,C
4-HA,81,1045,0,0,0,1045,A
4-HA,82,1059,0,0,0,1059,A
4-HA,83,0,1,0,1064,1065,C
4-HA,84,0,0,1078,0,1078,G
4-HA,85,0,0,0,1082,1082,C
4-HA,86,0,1074,0,2,1076,T
4-HA,87,0,0,1094,0,1094,G
4-HA,88,0,1091,0,0,1091,T
4-HA,89,1,0,1133,0,1134,G
4-HA,90,0,0,0,1141,1141,C
4-HA,91,0,0,0,1171,1171,C
4-HA,92,0,1162,0,1,1163,T
4-HA,93,0,1163,0,0,1163,T
4-HA,94,1,1,1158,0,1160,G
4-HA,95,2,0,1166,0,1168,G
4-HA,96,1,0,1182,0,1183,G
4-HA,97,0,0,0,1185,1185,C
4-HA,98,1177,3,0,0,1180,A
4-HA,99,0,0,0,1190,1190,C
4-HA,100,0,0,0,1189,1189,C
4-HA,101,1293,1,2,0,1296,A
4-HA,102,0,1296,0,1,1297,T
4-HA,103,0,0,1294,0,1294,G
4-HA,104,1,1,0,1299,1301,C
4-HA,105,1289,0,0,0,1289,A
4-HA,106,0,0,1373,0,1373,G
4-HA,107,0,1373,0,2,1375,T
4-HA,108,1384,0,2,0,1386,A
4-HA,109,0,1,0,1386,1387,C
4-HA,110,0,0,0,1357,1357,C
4-HA,111,1375,0,0,0,1375,A
4-HA,112,1367,0,0,0,1367,A
4-HA,113,1370,0,2,0,1372,A
4-HA,114,0,2,0,1379,1381,C
4-HA,115,2,3,1359,0,1364,G
4-HA,116,0,2,1415,0,1417,G
4-HA,117,1415,0,0,0,1415,A
4-HA,118,1414,0,1,0,1415,A
4-HA,119,0,0,0,1416,1416,C
4-HA,120,1398,0,3,0,1401,A
4-HA,121,1442,0,2,0,1444,A
4-HA,122,0,1444,0,4,1448,T
4-HA,123,1462,0,1,0,1463,A
4-HA,124,0,0,1468,0,1468,G
4-HA,125,0,1444,0,4,1448,T
4-HA,126,2,1,1452,0,1455,G
4-HA,127,1450,0,1,0,1451,A
4-HA,128,1455,2,0,0,1457,A
4-HA,129,1457,0,0,0,1457,A
4-HA,130,1448,0,1,1,1450,A
4-HA,131,1,0,0,1467,1468,C
4-HA,132,1465,0,0,0,1465,A
4-HA,133,1471,0,0,0,1471,A
4-HA,134,0,1467,0,3,1470,T
4-HA,135,1,0,0,1472,1473,C
4-HA,136,1477,0,0,1,1478,A
4-HA,137,0,0,0,1487,1487,C
4-HA,138,0,0,1480,0,1480,G
4-HA,139,1480,0,0,0,1480,A
4-HA,140,1472,0,0,0,1472,A
4-HA,141,0,1470,0,0,1470,T
4-HA,142,1,0,1472,0,1473,G
4-HA,143,1487,0,1,0,1488,A
4-HA,144,1,1,0,1477,1479,C
4-HA,145,0,0,0,1485,1485,C
4-HA,146,1512,0,0,0,1512,A
4-HA,147,1517,0,3,0,1520,A
4-HA,148,1521,0,0,0,1521,A
4-HA,149,0,1516,0,0,1516,T
4-HA,150,0,1520,0,0,1520,T
4-HA,151,1,1,1524,0,1526,G
4-HA,152,1520,1,0,0,1521,A
4-HA,153,1527,0,0,1,1528,A
4-HA,154,0,0,1534,0,1534,G
4-HA,155,0,1533,0,1,1534,T
4-HA,156,0,1564,0,3,1567,T
4-HA,157,1572,1,0,0,1573,A
4-HA,158,2,0,0,1578,1580,C
4-HA,159,0,1582,0,2,1584,T
4-HA,160,1578,1,1,0,1580,A
4-HA,161,1608,0,0,0,1608,A
4-HA,162,2,1608,0,0,1610,T
4-HA,163,1,0,1612,0,1613,G
4-HA,164,0,1,0,1690,1691,C
4-HA,165,0,1680,0,5,1685,T
4-HA,166,1688,0,3,0,1691,A
4-HA,167,1,0,0,1693,1694,C
4-HA,168,0,1682,0,10,1692,T
4-HA,169,0,3,1701,0,1704,G
4-HA,170,1697,0,2,0,1699,A
4-HA,171,1,0,1695,0,1696,G
4-HA,172,0,1,0,1691,1692,C
4-HA,173,0,1672,0,2,1674,T
4-HA,174,0,1,1707,0,1708,G
4-HA,175,3,1,1723,0,1727,G
4-HA,176,0,1729,0,2,1731,T
4-HA,177,0,1727,0,1,1728,T
4-HA,178,2,0,0,1724,1726,C
4-HA,179,1720,0,2,0,1722,A
4-HA,180,0,3,1725,0,1728,G
4-HA,181,1728,0,2,0,1730,A
4-HA,182,0,0,1762,0,1762,G
4-HA,183,2,1744,0,3,1749,T
4-HA,184,0,1733,1,1,1735,T
4-HA,185,2,1,0,1745,1748,C
4-HA,186,2,1,0,1747,1750,C
4-HA,187,0,1744,0,4,1748,T
4-HA,188,0,0,0,1754,1754,C
4-HA,189,1745,0,0,3,1748,A
4-HA,190,1751,0,0,0,1751,A
4-HA,191,0,0,0,1753,1753,C
4-HA,192,1730,0,2,0,1732,A
4-HA,193,1,2,1764,0,1767,G
4-HA,194,1,1,1761,0,1763,G
4-HA,195,0,1758,0,2,1760,T
4-HA,196,0,1,1769,0,1770,G
4-HA,197,1762,0,2,0,1764,A
4-HA,198,1768,0,0,0,1768,A
4-HA,199,1823,0,2,0,1825,A
4-HA,200,0,1823,0,1,1824,T
4-HA,201,1831,0,1,0,1832,A
4-HA,202,0,1808,0,1,1809,T
4-HA,203,1,0,1807,0,1808,G
4-HA,204,1,0,0,1814,1815,C
4-HA,205,1,2,1812,0,1815,G
4-HA,206,1811,0,2,0,1813,A
4-HA,207,0,1,0,1813,1814,C
4-HA,208,1791,0,1,0,1792,A
4-HA,209,0,0,1879,0,1879,G
4-HA,210,0,1870,0,3,1873,T
4-HA,211,1,0,0,1877,1878,C
4-HA,212,3,0,0,1880,1883,C
4-HA,213,1,1871,0,6,1878,T
4-HA,214,0,0,0,1918,1918,C
4-HA,215,1917,0,1,0,1918,A
4-HA,216,0,1920,1,1,1922,T
4-HA,217,1,0,0,1919,1920,C
4-HA,218,1852,0,2,0,1854,A
4-HA,219,0,0,1859,0,1859,G
4-HA,220,1853,0,1,0,1854,A
4-HA,221,0,1846,0,4,1850,T
4-HA,222,3,2,1,1865,1871,C
4-HA,223,0,0,0,1869,1869,C
4-HA,224,0,1881,0,0,1881,T
4-HA,225,0,1880,0,2,1882,T
4-HA,226,0,1,1884,0,1885,G
4-HA,227,1886,0,2,0,1888,A
4-HA,228,0,1884,0,1,1885,T
4-HA,229,0,4,1909,0,1913,G
4-HA,230,1,1,1904,1,1907,G
4-HA,231,1893,0,3,1,1897,A
4-HA,232,0,0,1903,0,1903,G
4-HA,233,1885,0,2,0,1887,A
4-HA,234,0,3,1879,0,1882,G
4-HA,235,1914,1,5,0,1920,A
4-HA,236,1921,0,2,0,1923,A
4-HA,237,1,1,0,1933,1935,C
4-HA,238,1,1914,0,1,1916,T
4-HA,239,0,0,1952,0,1952,G
4-HA,240,0,0,0,1950,1950,C
4-HA,241,1957,0,2,0,1959,A
4-HA,242,0,1,0,2021,2022,C
4-HA,243,2007,0,3,0,2010,A
4-HA,244,1,1,1,2247,2250,C
4-HA,245,0,2242,0,2,2244,T
4-HA,246,2279,1,1,0,2281,A
4-HA,247,2275,0,1,1,2277,A
4-HA,248,1,2277,0,0,2278,T
4-HA,249,2269,0,0,0,2269,A
4-HA,250,0,1,2271,0,2272,G
4-HA,251,2239,1,0,0,2240,A
4-HA,252,0,2211,0,2,2213,T
4-HA,253,1,0,2117,0,2118,G
4-HA,254,0,1,0,2135,2136,C
4-HA,255,0,2127,0,1,2128,T
4-HA,256,0,0,0,2264,2264,C
4-HA,257,0,2261,0,1,2262,T
4-HA,258,2299,0,0,0,2299,A
4-HA,259,1,2292,0,1,2294,T
4-HA,260,0,2294,0,0,2294,T
4-HA,261,0,3,2294,0,2297,G
4-HA,262,0,1,2287,0,2288,G
4-HA,263,0,2,2279,0,2281,G
4-HA,264,2259,0,5,0,2264,A
4-HA,265,0,1,2227,0,2228,G
4-HA,266,2196,2,2,0,2200,A
4-HA,267,1,1,0,2346,2348,C
4-HA,268,0,1,0,2370,2371,C
4-HA,269,2,0,0,2391,2393,C
4-HA,270,0,2392,0,3,2395,T
4-HA,271,0,0,0,2405,2405,C
4-HA,272,2409,1,0,0,2410,A
4-HA,273,2173,0,221,0,2394,A
4-HA,274,0,2448,0,1,2449,T
4-HA,275,1,3,2460,0,2464,G
4-HA,276,1,2452,1,5,2459,T
4-HA,277,1,0,2446,0,2447,G
4-HA,278,2442,2,2,0,2446,A
4-HA,279,0,2433,0,7,2440,T
4-HA,280,2,3,2422,0,2427,G
4-HA,281,0,0,2430,0,2430,G
4-HA,282,1,0,0,2406,2407,C
4-HA,283,1,2406,1,8,2416,T
4-HA,284,0,2412,0,2,2414,T
4-HA,285,1,0,0,2417,2418,C
4-HA,286,2,1,1,2417,2421,C
4-HA,287,2427,1,1,1,2430,A
4-HA,288,2434,0,0,0,2434,A
4-HA,289,2438,0,0,0,2438,A
4-HA,290,2444,1,0,0,2445,A
4-HA,291,0,2447,0,0,2447,T
4-HA,292,2440,0,0,0,2440,A
4-HA,293,2441,0,3,0,2444,A
4-HA,294,1,0,2450,1,2452,G
4-HA,295,2468,1,2,0,2471,A
4-HA,296,2470,0,0,0,2470,A
4-HA,297,2470,0,5,0,2475,A
4-HA,298,0,2473,1,0,2474,T
4-HA,299,2,2,2470,0,2474,G
4-HA,300,0,1,2472,0,2473,G
4-HA,301,2,2,2469,0,2473,G
4-HA,302,2473,0,4,0,2477,A
4-HA,303,0,0,0,2480,2480,C
4-HA,304,0,0,0,2477,2477,C
4-HA,305,0,2487,0,7,2494,T
4-HA,306,0,2488,0,4,2492,T
4-HA,307,0,2484,2,1,2487,T
4-HA,308,1,2499,0,1,2501,T
4-HA,309,1,2495,1,1,2498,T
4-HA,310,0,2,2517,0,2519,G
4-HA,311,0,2513,0,3,2516,T
4-HA,312,0,2512,0,0,2512,T
4-HA,313,1,1,2508,0,2510,G
4-HA,314,2483,1,1,0,2485,A
4-HA,315,2494,0,2,0,2496,A
4-HA,316,0,0,0,2497,2497,C
4-HA,317,1,1,2491,0,2493,G
4-HA,318,0,2,0,2525,2527,C
4-HA,319,2522,1,2,0,2525,A
4-HA,320,0,0,2540,0,2540,G
4-HA,321,0,1,1,2542,2544,C
4-HA,322,2532,1,8,0,2541,A
4-HA,323,2541,1,1,0,2543,A
4-HA,324,2540,0,5,0,2545,A
4-HA,325,0,0,2621,0,2621,G
4-HA,326,0,1,0,2616,2617,C
4-HA,327,0,1,0,2617,2618,C
4-HA,328,0,2617,0,1,2618,T
4-HA,329,2609,1,4,0,2614,A
4-HA,330,0,2,0,2637,2639,C
4-HA,331,2626,1,3,1,2631,A
4-HA,332,3,0,2630,1,2634,G
4-HA,333,1,1,0,2624,2626,C
4-HA,334,2569,1,1,0,2571,A
4-HA,335,2592,1,2,0,2595,A
4-HA,336,0,0,0,2698,2698,C
4-HA,337,0,2683,0,2,2685,T
4-HA,338,1,2,2683,0,2686,G
4-HA,339,0,2667,0,3,2670,T
4-HA,340,0,2664,0,1,2665,T
4-HA,341,2666,1,2,0,2669,A
4-HA,342,0,1,0,2837,2838,C
4-HA,343,3,2,0,2844,2849,C
4-HA,344,9,0,0,2906,2915,C
4-HA,345,0,2813,0,3,2816,T
4-HA,346,0,2814,0,1,2815,T
4-HA,347,2829,0,1,0,2830,A
4-HA,348,3,2828,0,2,2833,T
4-HA,349,1,1,2823,0,2825,G
4-HA,350,2813,0,2,0,2815,A
4-HA,351,1,2649,0,1,2651,T
4-HA,352,1,1,2687,0,2689,G
4-HA,353,1,2635,0,2,2638,T
4-HA,354,2,0,2630,0,2632,G
4-HA,355,1,1,0,2628,2630,C
4-HA,356,0,0,0,2638,2638,C
4-HA,357,2,0,2686,0,2688,G
4-HA,358,0,0,2718,0,2718,G
4-HA,359,2717,1,1,0,2719,A
4-HA,360,0,2718,0,14,2732,T
4-HA,361,0,2698,0,4,2702,T
4-HA,362,2713,1,1,0,2715,A
4-HA,363,1,2698,0,3,2702,T
4-HA,364,0,2,2707,0,2709,G
4-HA,365,1,1,1,2701,2704,C
4-HA,366,1,1,0,2677,2679,C
4-HA,367,0,2686,0,3,2689,T
4-HA,368,3,1,0,2787,2791,C
4-HA,369,4,0,0,2814,2818,C
4-HA,370,5,1,0,2811,2817,C
4-HA,371,0,2804,0,4,2808,T
4-HA,372,0,2803,0,3,2806,T
4-HA,373,2805,0,1,0,2806,A
4-HA,374,1,4,2850,0,2855,G
4-HA,375,2,1,2859,0,2862,G
4-HA,376,0,2809,0,6,2815,T
4-HA,377,1,0,0,2769,2770,C
4-HA,378,2727,0,4,1,2732,A
4-HA,379,0,0,1,2784,2785,C
4-HA,380,0,2785,0,3,2788,T
4-HA,381,2783,0,1,0,2784,A
4-HA,382,0,2,2784,0,2786,G
4-HA,383,0,2741,0,2,2743,T
4-HA,384,0,2730,0,1,2731,T
4-HA,385,1,0,2750,0,2751,G
4-HA,386,0,2,2,2746,2750,C
4-HA,387,0,0,0,2757,2757,C
4-HA,388,0,2723,1,3,2727,T
4-HA,389,0,0,0,2731,2731,C
4-HA,390,2790,0,1,0,2791,A
4-HA,391,1,2787,0,2,2790,T
4-HA,392,1,0,0,2796,2797,C
4-HA,393,4,1,0,2790,2795,C
4-HA,394,0,3,2770,0,2773,G
4-HA,395,5,1,2776,0,2782,G
4-HA,396,0,0,0,2793,2793,C
4-HA,397,2806,0,2,0,2808,A
4-HA,398,0,3,0,2838,2841,C
4-HA,399,2788,2,2,0,2792,A
4-HA,400,0,0,0,2801,2801,C
4-HA,401,0,2795,1,2,2798,T
4-HA,402,2,1,2820,0,2823,G
4-HA,403,1,1,2844,0,2846,G
4-HA,404,2820,1,2,0,2823,A
4-HA,405,1,0,2849,0,2850,G
4-HA,406,0,2831,0,3,2834,T
4-HA,407,0,2815,0,0,2815,T
4-HA,408,0,2816,0,5,2821,T
4-HA,409,2808,2,1,1,2812,A
4-HA,410,2812,1,2,0,2815,A
4-HA,411,0,0,0,2819,2819,C
4-HA,412,2767,0,2,0,2769,A
4-HA,413,2768,1,4,0,2773,A
4-HA,414,1,2755,0,1,2757,T
4-HA,415,0,1,2754,1,2756,G
4-HA,416,2751,0,2,0,2753,A
4-HA,417,2749,0,1,1,2751,A
4-HA,418,2750,0,7,0,2757,A
4-HA,419,0,1,2769,0,2770,G
4-HA,420,0,2,0,2779,2781,C
4-HA,421,2,2774,1,9,2786,T
4-HA,422,1,2784,0,1,2786,T
4-HA,423,1,1,0,2803,2805,C
4-HA,424,2803,1,2,2,2808,A
4-HA,425,2809,0,1,0,2810,A
4-HA,426,0,2803,0,3,2806,T
4-HA,427,1,2804,0,0,2805,T
4-HA,428,1,2,2833,0,2836,G
4-HA,429,0,1,2849,0,2850,G
4-HA,430,2849,0,5,0,2854,A
4-HA,431,0,1,0,2859,2860,C
4-HA,432,0,2832,0,6,2838,T
4-HA,433,4,0,2836,0,2840,G
4-HA,434,1,1,2856,0,2858,G
4-HA,435,2856,2,3,0,2861,A
4-HA,436,0,0,2861,0,2861,G
4-HA,437,0,2810,0,6,2816,T
4-HA,438,4,0,0,2798,2802,C
4-HA,439,2814,0,2,0,2816,A
4-HA,440,0,1,0,2823,2824,C
4-HA,441,0,2809,0,6,2815,T
4-HA,442,1,1,1,2817,2820,C
4-HA,443,2802,0,4,0,2806,A
4-HA,444,2827,0,1,0,2828,A
4-HA,445,2819,1,4,0,2824,A
4-HA,446,2824,1,0,0,2825,A
4-HA,447,0,3,0,2830,2833,C
4-HA,448,3,4,2804,0,2811,G
4-HA,449,0,1,2858,0,2859,G
4-HA,450,2859,0,2,0,2861,A
4-HA,451,2859,2,5,0,2866,A
4-HA,452,0,0,0,2869,2869,C
4-HA,453,2848,0,1,1,2850,A
4-HA,454,2863,0,2,0,2865,A
4-HA,455,0,0,2878,0,2878,G
4-HA,456,0,0,0,2882,2882,C
4-HA,457,0,2854,0,7,2861,T
4-HA,458,2,1,1,2871,2875,C
4-HA,459,2,2860,0,0,2862,T
4-HA,460,1,0,2875,0,2876,G
4-HA,461,0,0,0,2880,2880,C
4-HA,462,2,2867,0,1,2870,T
4-HA,463,0,2904,0,2,2906,T
4-HA,464,2,0,2945,0,2947,G
4-HA,465,1,1,0,2963,2965,C
4-HA,466,2962,0,1,0,2963,A
4-HA,467,1,2944,0,3,2948,T
4-HA,468,2936,0,3,1,2940,A
4-HA,469,2935,0,5,0,2940,A
4-HA,470,0,3,2943,1,2947,G
4-HA,471,1,2,2943,0,2946,G
4-HA,472,2869,1,5,1,2876,A
4-HA,473,1,1,2865,0,2867,G
4-HA,474,2838,0,6,1,2845,A
4-HA,475,0,2941,0,1,2942,T
4-HA,476,3,0,0,2956,2959,C
4-HA,477,0,2970,1,0,2971,T
4-HA,478,2963,0,3,0,2966,A
4-HA,479,2970,0,0,2,2972,A
4-HA,480,0,2972,0,0,2972,T
4-HA,481,2967,1,1,1,2970,A
4-HA,482,2933,0,1,0,2934,A
4-HA,483,0,2,0,2942,2944,C
4-HA,484,2848,1,2,0,2851,A
4-HA,485,0,0,2859,0,2859,G
4-HA,486,3,2820,0,3,2826,T
4-HA,487,0,2857,1,1,2859,T
4-HA,488,0,2863,0,1,2864,T
4-HA,489,2,2,0,2927,2931,C
4-HA,490,0,2932,0,3,2935,T
4-HA,491,0,2948,0,2,2950,T
4-HA,492,0,2943,0,3,2946,T
4-HA,493,2931,0,1,2,2934,A
4-HA,494,1,0,2937,0,2938,G
4-HA,495,0,2934,0,0,2934,T
4-HA,496,2923,0,0,0,2923,A
4-HA,497,0,0,2930,0,2930,G
4-HA,498,2858,1,3,0,2862,A
4-HA,499,0,2856,0,0,2856,T
4-HA,500,0,2852,0,1,2853,T
4-HA,501,1,1,2893,0,2895,G
4-HA,502,2884,1,4,0,2889,A
4-HA,503,2894,0,5,0,2899,A
4-HA,504,0,2895,0,0,2895,T
4-HA,505,0,2867,0,0,2867,T
4-HA,506,0,1,2892,0,2893,G
4-HA,507,1,1,2892,0,2894,G
4-HA,508,1,2891,0,5,2897,T
4-HA,509,1,2892,0,3,2896,T
4-HA,510,1,0,2854,0,2855,G
4-HA,511,2851,2,3,0,2856,A
4-HA,512,0,0,1,2840,2841,C
4-HA,513,4,0,0,2838,2842,C
4-HA,514,4,0,0,2847,2851,C
4-HA,515,2848,0,3,0,2851,A
4-HA,516,0,1,0,2862,2863,C
4-HA,517,0,2856,0,2,2858,T
4-HA,518,1,2865,0,0,2866,T
4-HA,519,2865,0,3,1,2869,A
4-HA,520,2857,1,1,0,2859,A
4-HA,521,2856,1,2,0,2859,A
4-HA,522,2879,0,4,1,2884,A
4-HA,523,1,2929,0,0,2930,T
4-HA,524,0,2911,1,0,2912,T
4-HA,525,1,6,0,2916,2923,C
4-HA,526,2913,1,1,1,2916,A
4-HA,527,2920,0,1,0,2921,A
4-HA,528,2920,0,1,0,2921,A
4-HA,529,1,2922,0,1,2924,T
4-HA,530,2980,0,3,0,2983,A
4-HA,531,1,1,0,2976,2978,C
4-HA,532,1,0,0,2927,2928,C
4-HA,533,3,4,0,2917,2924,C
4-HA,534,2908,2,5,0,2915,A
4-HA,535,3,0,3032,0,3035,G
4-HA,536,1,0,0,3044,3045,C
4-HA,537,3036,0,1,0,3037,A
4-HA,538,0,3024,0,7,3031,T
4-HA,539,0,2964,4,3,2971,T
4-HA,540,2,2,3056,0,3060,G
4-HA,541,3058,1,5,0,3064,A
4-HA,542,3059,0,9,0,3068,A
4-HA,543,0,1,0,3064,3065,C
4-HA,544,1,0,2973,0,2974,G
4-HA,545,0,2977,0,2,2979,T
4-HA,546,2,3,2981,1,2987,G
4-HA,547,2988,0,2,0,2990,A
4-HA,548,0,0,0,2989,2989,C
4-HA,549,1,2896,0,3,2900,T
4-HA,550,2950,1,0,0,2951,A
4-HA,551,0,2948,0,1,2949,T
4-HA,552,1,1,2956,0,2958,G
4-HA,553,2,1,0,2945,2948,C
4-HA,554,0,2,0,2918,2920,C
4-HA,555,2921,1,1,0,2923,A
4-HA,556,2920,0,2,0,2922,A
4-HA,557,2960,0,1,2,2963,A
4-HA,558,0,1,1,2969,2971,C
4-HA,559,2908,0,3,0,2911,A
4-HA,560,2917,1,1,0,2919,A
4-HA,561,0,2891,0,3,2894,T
4-HA,562,0,2,2898,2,2902,G
4-HA,563,2901,1,2,0,2904,A
4-HA,564,2898,1,4,0,2903,A
4-HA,565,0,1,0,2848,2849,C
4-HA,566,2864,0,1,0,2865,A
4-HA,567,2893,0,2,0,2895,A
4-HA,568,1,2883,0,5,2889,T
4-HA,569,2,2882,1,0,2885,T
4-HA,570,0,2891,0,1,2892,T
4-HA,571,1,2,2885,0,2888,G
4-HA,572,2891,1,3,0,2895,A
4-HA,573,0,2,0,2894,2896,C
4-HA,574,2879,0,3,0,2882,A
4-HA,575,2885,0,1,0,2886,A
4-HA,576,2912,0,1,1,2914,A
4-HA,577,0,2917,0,4,2921,T
4-HA,578,0,2903,0,1,2904,T
4-HA,579,2,0,2925,0,2927,G
4-HA,580,0,2922,0,2,2924,T
4-HA,581,2926,0,2,0,2928,A
4-HA,582,0,0,0,2993,2993,C
4-HA,583,2990,0,1,0,2991,A
4-HA,584,1,3022,0,0,3023,T
4-HA,585,0,2975,0,1,2976,T
4-HA,586,1,2972,0,1,2974,T
4-HA,587,2,4,2962,1,2969,G
4-HA,588,1,4,2955,1,2961,G
4-HA,589,2,3,2954,0,2959,G
4-HA,590,1,2,2963,0,2966,G
4-HA,591,0,3,2907,0,2910,G
4-HA,592,1,2,2963,0,2966,G
4-HA,593,1,2928,1,7,2937,T
4-HA,594,2,2940,0,1,2943,T
4-HA,595,2,1,0,2940,2943,C
4-HA,596,2944,1,5,0,2950,A
4-HA,597,0,0,0,2959,2959,C
4-HA,598,2,1,1,2949,2953,C
4-HA,599,2952,0,5,0,2957,A
4-HA,600,3,0,0,2971,2974,C
4-HA,601,1,1,0,2930,2932,C
4-HA,602,6,1,0,2902,2909,C
4-HA,603,2,6,2906,0,2914,G
4-HA,604,2,2,2998,0,3002,G
4-HA,605,0,3,3001,0,3004,G
4-HA,606,0,2991,0,1,2992,T
4-HA,607,2996,0,0,0,2996,A
4-HA,608,1,2,0,2977,2980,C
4-HA,609,1,3,2952,0,2956,G
4-HA,610,3,1,2966,0,2970,G
4-HA,611,2972,1,4,1,2978,A
4-HA,612,0,2,0,2973,2975,C
4-HA,613,2848,1,0,0,2849,A
4-HA,614,2849,0,3,0,2852,A
4-HA,615,0,2846,0,3,2849,T
4-HA,616,0,0,2889,0,2889,G
4-HA,617,2888,0,6,0,2894,A
4-HA,618,0,2,1,2878,2881,C
4-HA,619,3,4,0,2834,2841,C
4-HA,620,2839,0,0,1,2840,A
4-HA,621,2843,0,1,0,2844,A
4-HA,622,2873,1,2,0,2876,A
4-HA,623,0,2870,0,1,2871,T
4-HA,624,1,0,0,2890,2891,C
4-HA,625,0,2773,0,3,2776,T
4-HA,626,0,2773,0,7,2780,T
4-HA,627,1,1,0,2799,2801,C
4-HA,628,0,1,0,2810,2811,C
4-HA,629,0,2791,1,6,2798,T
4-HA,630,3,1,2813,0,2817,G
4-HA,631,1,2768,0,3,2772,T
4-HA,632,2791,0,0,0,2791,A
4-HA,633,0,2774,0,4,2778,T
4-HA,634,1,0,2795,0,2796,G
4-HA,635,1,1,0,2794,2796,C
4-HA,636,0,2785,0,4,2789,T
4-HA,637,0,5,1,2776,2782,C
4-HA,638,2785,0,4,0,2789,A
4-HA,639,2773,0,8,0,2781,A
4-HA,640,1,1,2794,0,2796,G
4-HA,641,1,2,0,2793,2796,C
4-HA,642,2797,0,1,0,2798,A
4-HA,643,0,2777,0,1,2778,T
4-HA,644,1,0,0,2765,2766,C
4-HA,645,2760,0,6,0,2766,A
4-HA,646,0,0,2775,0,2775,G
4-HA,647,1,1,2779,0,2781,G
4-HA,648,2781,0,5,0,2786,A
4-HA,649,2766,0,2,0,2768,A
4-HA,650,2,2,2817,1,2822,G
4-HA,651,2816,0,3,0,2819,A
4-HA,652,2847,0,6,1,2854,A
4-HA,653,1,2869,0,5,2875,T
4-HA,654,0,1,0,2874,2875,C
4-HA,655,2852,0,2,2,2856,A
4-HA,656,0,2,0,2857,2859,C
4-HA,657,2845,0,5,0,2850,A
4-HA,658,0,1,2890,0,2891,G
4-HA,659,0,2840,0,4,2844,T
4-HA,660,3,2,0,2850,2855,C
4-HA,661,0,2810,0,6,2816,T
4-HA,662,0,1,0,2877,2878,C
4-HA,663,0,2878,0,3,2881,T
4-HA,664,2902,0,2,0,2904,A
4-HA,665,1,1,0,2896,2898,C
4-HA,666,1,1,1,2891,2894,C
4-HA,667,2844,1,1,0,2846,A
4-HA,668,2836,0,0,0,2836,A
4-HA,669,2829,0,0,0,2829,A
4-HA,670,2828,0,3,1,2832,A
4-HA,671,1,3,2816,0,2820,G
4-HA,672,2763,0,2,2,2767,A
4-HA,673,2748,0,5,0,2753,A
4-HA,674,2,0,2751,0,2753,G
4-HA,675,0,2,0,2745,2747,C
4-HA,676,0,2,0,2747,2749,C
4-HA,677,2752,0,2,0,2754,A
4-HA,678,2759,1,2,0,2762,A
4-HA,679,1,0,1,2762,2764,C
4-HA,680,2761,0,1,0,2762,A
4-HA,681,2764,0,1,0,2765,A
4-HA,682,2756,0,0,0,2756,A
4-HA,683,0,0,1,2807,2808,C
4-HA,684,0,2802,1,4,2807,T
4-HA,685,1,0,2811,0,2812,G
4-HA,686,0,2806,0,0,2806,T
4-HA,687,2801,1,1,0,2803,A
4-HA,688,2804,0,4,0,2808,A
4-HA,689,0,2789,0,1,2790,T
4-HA,690,1,0,0,2805,2806,C
4-HA,691,2,2,0,2802,2806,C
4-HA,692,3,4,0,2751,2758,C
4-HA,693,2,0,2761,0,2763,G
4-HA,694,2748,0,3,0,2751,A
4-HA,695,2759,0,1,0,2760,A
4-HA,696,0,2761,1,1,2763,T
4-HA,697,2762,1,1,0,2764,A
4-HA,698,1,2747,5,2,2755,T
4-HA,699,13,2,0,2711,2726,C
4-HA,700,0,2,2723,0,2725,G
4-HA,701,1,2,2776,0,2779,G
4-HA,702,2781,1,4,0,2786,A
4-HA,703,0,2807,0,3,2810,T
4-HA,704,0,0,0,2803,2803,C
4-HA,705,0,2802,0,2,2804,T
4-HA,706,2800,0,2,0,2802,A
4-HA,707,1,1,2812,0,2814,G
4-HA,708,2822,0,2,0,2824,A
4-HA,709,3,1,0,2810,2814,C
4-HA,710,0,2,0,2742,2744,C
4-HA,711,2,2,0,2745,2749,C
4-HA,712,2728,0,3,1,2732,A
4-HA,713,2,1,2862,0,2865,G
4-HA,714,2865,1,4,0,2870,A
4-HA,715,14,1,2897,0,2912,G
4-HA,716,0,2876,0,2,2878,T
4-HA,717,2865,0,0,0,2865,A
4-HA,718,2855,3,7,0,2865,A
4-HA,719,0,3,2913,1,2917,G
4-HA,720,0,4,2928,0,2932,G
4-HA,721,2886,0,4,2,2892,A
4-HA,722,2691,0,0,0,2691,A
4-HA,723,0,2688,0,1,2689,T
4-HA,724,2687,0,2,0,2689,A
4-HA,725,0,2660,1,8,2669,T
4-HA,726,0,0,0,2696,2696,C
4-HA,727,2,4,0,2690,2696,C
4-HA,728,4,0,1,2629,2634,C
4-HA,729,1,2603,0,4,2608,T
4-HA,730,2616,0,3,0,2619,A
4-HA,731,0,1,2624,0,2625,G
4-HA,732,0,2,0,2627,2629,C
4-HA,733,2562,0,2,1,2565,A
4-HA,734,2,0,2633,0,2635,G
4-HA,735,2598,1,0,0,2599,A
4-HA,736,2596,3,2,1,2602,A
4-HA,737,0,2601,1,0,2602,T
4-HA,738,2593,0,1,1,2595,A
4-HA,739,2596,0,4,0,2600,A
4-HA,740,0,1,2600,0,2601,G
4-HA,741,0,2,0,2594,2596,C
4-HA,742,2603,0,0,0,2603,A
4-HA,743,0,2540,0,5,2545,T
4-HA,744,2,0,0,2628,2630,C
4-HA,745,1,2633,1,3,2638,T
4-HA,746,2666,0,2,1,2669,A
4-HA,747,2,2663,1,0,2666,T
4-HA,748,0,2650,0,0,2650,T
4-HA,749,0,3,2655,0,2658,G
4-HA,750,1,4,2640,0,2645,G
4-HA,751,2642,1,2,0,2645,A
4-HA,752,2,1,0,2638,2641,C
4-HA,753,2512,0,1,1,2514,A
4-HA,754,2560,0,2,1,2563,A
4-HA,755,1,2664,0,1,2666,T
4-HA,756,2678,0,1,0,2679,A
4-HA,757,1,1,2692,0,2694,G
4-HA,758,0,2674,0,1,2675,T
4-HA,759,2664,0,1,1,2666,A
4-HA,760,2669,0,1,0,2670,A
4-HA,761,2687,0,1,0,2688,A
4-HA,762,2697,0,2,0,2699,A
4-HA,763,1,1,1,2694,2697,C
4-HA,764,1,0,0,2559,2560,C
4-HA,765,2,5,2550,0,2557,G
4-HA,766,3,5,2558,0,2566,G
4-HA,767,2,2,2573,0,2577,G
4-HA,768,2579,1,1,0,2581,A
4-HA,769,0,1,2586,0,2587,G
4-HA,770,2594,0,4,0,2598,A
4-HA,771,2,1,0,2592,2595,C
4-HA,772,2583,1,2,0,2586,A
4-HA,773,0,2583,0,2,2585,T
4-HA,774,2594,1,2,0,2597,A
4-HA,775,0,2,0,2613,2615,C
4-HA,776,1,2594,0,2,2597,T
4-HA,777,2,2591,0,0,2593,T
4-HA,778,0,2594,1,4,2599,T
4-HA,779,0,2590,0,2,2592,T
4-HA,780,0,1,2606,0,2607,G
4-HA,781,2605,0,2,1,2608,A
4-HA,782,0,2601,2,4,2607,T
4-HA,783,1,2635,0,4,2640,T
4-HA,784,2612,0,1,0,2613,A
4-HA,785,2617,0,1,0,2618,A
4-HA,786,0,0,0,2631,2631,C
4-HA,787,2599,0,5,1,2605,A
4-HA,788,0,1,2662,0,2663,G
4-HA,789,1,1,1,2642,2645,C
4-HA,790,2652,0,2,1,2655,A
4-HA,791,1,1,0,2665,2667,C
4-HA,792,2641,0,8,0,2649,A
4-HA,793,0,5,2669,0,2674,G
4-HA,794,0,3,2666,0,2669,G
4-HA,795,0,2,2712,0,2714,G
4-HA,796,2693,0,2,1,2696,A
4-HA,797,2689,0,2,0,2691,A
4-HA,798,0,2687,1,3,2691,T
4-HA,799,2,0,0,2688,2690,C
4-HA,800,0,2695,0,4,2699,T
4-HA,801,2705,0,0,0,2705,A
4-HA,802,2686,0,1,0,2687,A
4-HA,803,0,2674,0,1,2675,T
4-HA,804,0,2594,0,2,2596,T
4-HA,805,0,0,2603,0,2603,G
4-HA,806,1,1,0,2632,2634,C
4-HA,807,0,2678,0,2,2680,T
4-HA,808,4,1,0,2725,2730,C
4-HA,809,2,1,0,2724,2727,C
4-HA,810,0,2730,0,3,2733,T
4-HA,811,2726,1,2,0,2729,A
4-HA,812,1,4,2718,0,2723,G
4-HA,813,1,4,2735,0,2740,G
4-HA,814,0,3,2735,0,2738,G
4-HA,815,2,1,2697,0,2700,G
4-HA,816,1,2627,0,5,2633,T
4-HA,817,0,2612,0,3,2615,T
4-HA,818,2615,0,1,0,2616,A
4-HA,819,0,0,0,2644,2644,C
4-HA,820,0,2621,0,4,2625,T
4-HA,821,1,2631,0,2,2634,T
4-HA,822,1,1,0,2621,2623,C
4-HA,823,2610,1,0,0,2611,A
4-HA,824,2611,0,0,0,2611,A
4-HA,825,2613,0,0,0,2613,A
4-HA,826,2623,0,2,0,2625,A
4-HA,827,0,2613,0,2,2615,T
4-HA,828,2590,0,3,0,2593,A
4-HA,829,4,0,0,2588,2592,C
4-HA,830,3,1,2572,0,2576,G
4-HA,831,2578,0,0,0,2578,A
4-HA,832,2575,0,0,0,2575,A
4-HA,833,0,0,2614,0,2614,G
4-HA,834,0,2598,2,3,2603,T
4-HA,835,0,0,2601,0,2601,G
4-HA,836,1,3,2602,0,2606,G
4-HA,837,0,1,2613,2,2616,G
4-HA,838,2615,0,4,1,2620,A
4-HA,839,2613,1,3,0,2617,A
4-HA,840,2615,0,2,2,2619,A
4-HA,841,2610,0,7,1,2618,A
4-HA,842,2,2,2655,0,2659,G
4-HA,843,1,1,0,2645,2647,C
4-HA,844,0,2618,0,3,2621,T
4-HA,845,3,0,0,2642,2645,C
4-HA,846,2644,0,2,0,2646,A
4-HA,847,2656,0,1,0,2657,A
4-HA,848,0,2656,0,1,2657,T
4-HA,849,2678,0,0,0,2678,A
4-HA,850,2678,0,1,0,2679,A
4-HA,851,0,2618,0,1,2619,T
4-HA,852,3,3,2615,0,2621,G
4-HA,853,2594,0,3,0,2597,A
4-HA,854,0,0,2636,0,2636,G
4-HA,855,2642,0,0,0,2642,A
4-HA,856,0,2609,0,5,2614,T
4-HA,857,0,0,0,2649,2649,C
4-HA,858,2624,1,3,0,2628,A
4-HA,859,0,0,2655,0,2655,G
4-HA,860,2656,0,4,0,2660,A
4-HA,861,0,2655,0,2,2657,T
4-HA,862,2,2,2650,0,2654,G
4-HA,863,0,3,0,2615,2618,C
4-HA,864,2620,1,2,0,2623,A
4-HA,865,1,1,0,2647,2649,C
4-HA,866,4,0,0,2605,2609,C
4-HA,867,3,0,0,2608,2611,C
4-HA,868,2575,1,1,0,2577,A
4-HA,869,1,2561,0,2,2564,T
4-HA,870,1,2566,0,3,2570,T
4-HA,871,1,1,2593,0,2595,G
4-HA,872,1,1,2586,0,2588,G
4-HA,873,1,1,0,2597,2599,C
4-HA,874,2564,0,0,0,2564,A
4-HA,875,2558,0,2,0,2560,A
4-HA,876,2589,1,0,0,2590,A
4-HA,877,0,2596,0,0,2596,T
4-HA,878,1,0,2593,0,2594,G
4-HA,879,0,1,0,2590,2591,C
4-HA,880,2553,0,1,0,2554,A
4-HA,881,2592,0,1,0,2593,A
4-HA,882,0,2594,0,0,2594,T
4-HA,883,2,2585,0,3,2590,T
4-HA,884,0,0,0,2599,2599,C
4-HA,885,1,2530,1,6,2538,T
4-HA,886,0,0,2555,0,2555,G
4-HA,887,2545,0,2,0,2547,A
4-HA,888,2556,0,0,0,2556,A
4-HA,889,0,2552,0,1,2553,T
4-HA,890,1,1,2525,0,2527,G
4-HA,891,0,0,0,2531,2531,C
4-HA,892,2510,0,1,0,2511,A
4-HA,893,0,2506,1,2,2509,T
4-HA,894,2,1,0,2496,2499,C
4-HA,895,2491,0,2,0,2493,A
4-HA,896,0,1,0,2563,2564,C
4-HA,897,1,2556,0,3,2560,T
4-HA,898,1,1,1,2558,2561,C
4-HA,899,2,0,1,2554,2557,C
4-HA,900,2559,1,2,0,2562,A
4-HA,901,2559,0,1,0,2560,A
4-HA,902,2549,1,2,0,2552,A
4-HA,903,0,2462,1,1,2464,T
4-HA,904,3,3,2472,0,2478,G
4-HA,905,0,1,2482,0,2483,G
4-HA,906,2482,1,3,0,2486,A
4-HA,907,2474,0,5,0,2479,A
4-HA,908,1,0,2487,0,2488,G
4-HA,909,0,0,0,2454,2454,C
4-HA,910,2443,0,0,0,2443,A
4-HA,911,0,2449,0,2,2451,T
4-HA,912,2,2437,0,8,2447,T
4-HA,913,1,2,1,2489,2493,C
4-HA,914,3,0,0,2484,2487,C
4-HA,915,2,0,0,2475,2477,C
4-HA,916,2480,2,2,0,2484,A
4-HA,917,2483,0,4,6,2493,A
4-HA,918,1,2512,0,2,2515,T
4-HA,919,1,1,2508,0,2510,G
4-HA,920,2507,0,3,0,2510,A
4-HA,921,0,1,0,2505,2506,C
4-HA,922,2435,0,1,0,2436,A
4-HA,923,2435,1,1,2,2439,A
4-HA,924,2430,0,4,0,2434,A
4-HA,925,1,0,0,2448,2449,C
4-HA,926,4,1,0,2416,2421,C
4-HA,927,2374,0,0,0,2374,A
4-HA,928,0,2368,0,2,2370,T
4-HA,929,0,2362,0,3,2365,T
4-HA,930,1,0,0,2381,2382,C
4-HA,931,5,0,0,2374,2379,C
4-HA,932,2377,0,0,0,2377,A
4-HA,933,2376,1,0,0,2377,A
4-HA,934,2355,0,1,0,2356,A
4-HA,935,2390,0,0,0,2390,A
4-HA,936,1,2375,0,1,2377,T
4-HA,937,1,0,2370,0,2371,G
4-HA,938,0,2350,0,4,2354,T
4-HA,939,0,2356,0,1,2357,T
4-HA,940,2388,0,0,0,2388,A
4-HA,941,2385,1,3,0,2389,A
4-HA,942,1,1,0,2392,2394,C
4-HA,943,2364,0,4,0,2368,A
4-HA,944,0,2,2361,0,2363,G
4-HA,945,0,4,2359,0,2363,G
4-HA,946,2375,0,2,0,2377,A
4-HA,947,1,2365,0,6,2372,T
4-HA,948,3,2,0,2375,2380,C
4-HA,949,2384,0,5,1,2390,A
4-HA,950,0,1,0,2429,2430,C
4-HA,951,2421,0,0,1,2422,A
4-HA,952,0,2460,1,1,2462,T
4-HA,953,2417,0,3,0,2420,A
4-HA,954,1,1,0,2379,2381,C
4-HA,955,2,1,2303,0,2306,G
4-HA,956,3,3,2302,0,2308,G
4-HA,957,1,2,2284,0,2287,G
4-HA,958,43,0,2240,0,2283,G
4-HA,959,1,2,0,2217,2220,C
4-HA,960,3,1,0,2212,2216,C
4-HA,961,0,2145,0,3,2148,T
4-HA,962,1,1,2277,0,2279,G
4-HA,963,1,2273,0,3,2277,T
4-HA,964,3,0,0,2280,2283,C
4-HA,965,3,1,0,2278,2282,C
4-HA,966,1,0,0,2257,2258,C
4-HA,967,2235,1,3,0,2239,A
4-HA,968,1,0,2250,0,2251,G
4-HA,969,2250,0,1,0,2251,A
4-HA,970,0,2245,0,1,2246,T
4-HA,971,2034,0,0,0,2034,A
4-HA,972,2,1996,0,1,1999,T
4-HA,973,0,0,2006,0,2006,G
4-HA,974,1,1992,0,4,1997,T
4-HA,975,2,1952,0,3,1957,T
4-HA,976,1976,0,2,0,1978,A
4-HA,977,1942,0,2,0,1944,A
4-HA,978,0,3,1956,0,1959,G
4-HA,979,0,0,0,1950,1950,C
4-HA,980,1908,0,0,0,1908,A
4-HA,981,1903,2,1,0,1906,A
4-HA,982,1891,0,2,0,1893,A
4-HA,983,1898,1,2,0,1901,A
4-HA,984,1,0,0,1901,1902,C
4-HA,985,1866,0,2,1,1869,A
4-HA,986,0,0,0,1878,1878,C
4-HA,987,1,1833,0,1,1835,T
4-HA,988,4,0,1,1850,1855,C
4-HA,989,0,1851,0,4,1855,T
4-HA,990,1,0,1864,0,1865,G
4-HA,991,1864,0,0,0,1864,A
4-HA,992,1856,0,0,0,1856,A
4-HA,993,1860,0,1,0,1861,A
4-HA,994,0,1834,0,0,1834,T
4-HA,995,0,1797,0,1,1798,T
4-HA,996,1,0,1803,0,1804,G
4-HA,997,1,0,1801,0,1802,G
4-HA,998,0,4,0,1802,1806,C
4-HA,999,1778,0,0,0,1778,A
4-HA,1000,1782,1,1,0,1784,A
4-HA,1001,0,1,0,1779,1780,C
4-HA,1002,1781,0,1,0,1782,A
4-HA,1003,0,3,1792,0,1795,G
4-HA,1004,1,2,1780,0,1783,G
4-HA,1005,0,0,1773,0,1773,G
4-HA,1006,1768,0,4,0,1772,A
4-HA,1007,0,1756,0,1,1757,T
4-HA,1008,0,1,1756,0,1757,G
4-HA,1009,1,1,0,1751,1753,C
4-HA,1010,0,0,1759,0,1759,G
4-HA,1011,1770,0,0,0,1770,A
4-HA,1012,1733,0,2,0,1735,A
4-HA,1013,1739,1,2,0,1742,A
4-HA,1014,0,1721,0,1,1722,T
4-HA,1015,1,0,1738,0,1739,G
4-HA,1016,0,1732,0,2,1734,T
4-HA,1017,1726,1,0,0,1727,A
4-HA,1018,1,4,0,1715,1720,C
4-HA,1019,0,0,0,1708,1708,C
4-HA,1020,1667,0,1,0,1668,A
4-HA,1021,0,1,1669,0,1670,G
4-HA,1022,1633,1,1,0,1635,A
4-HA,1023,2,2,1656,0,1660,G
4-HA,1024,1622,0,1,0,1623,A
4-HA,1025,1613,1,1,0,1615,A
4-HA,1026,1618,0,2,0,1620,A
4-HA,1027,1,1,0,1615,1617,C
4-HA,1028,1611,0,0,0,1611,A
4-HA,1029,1626,0,1,0,1627,A
4-HA,1030,1620,1,2,0,1623,A
4-HA,1031,0,0,0,1634,1634,C
4-HA,1032,0,1609,0,1,1610,T
4-HA,1033,1589,0,1,0,1590,A
4-HA,1034,0,0,1595,0,1595,G
4-HA,1035,1581,0,1,1,1583,A
4-HA,1036,1,2,1601,0,1604,G
4-HA,1037,1,2,1595,0,1598,G
4-HA,1038,0,1,0,1556,1557,C
4-HA,1039,1557,0,3,0,1560,A
4-HA,1040,0,1546,0,0,1546,T
4-HA,1041,1553,0,1,0,1554,A
4-HA,1042,0,1544,0,2,1546,T
4-HA,1043,1,1535,0,0,1536,T
4-HA,1044,0,1535,0,0,1535,T
4-HA,1045,0,1,1464,0,1465,G
4-HA,1046,1,0,1466,0,1467,G
4-HA,1047,0,1,0,1461,1462,C
4-HA,1048,1,1,1460,0,1462,G
4-HA,1049,2,0,0,1446,1448,C
4-HA,1050,1441,0,1,0,1442,A
4-HA,1051,1442,0,0,0,1442,A
4-HA,1052,1,1437,1,1,1440,T
4-HA,1053,1,0,0,1437,1438,C
4-HA,1054,1,0,1443,0,1444,G
4-HA,1055,0,1,0,1437,1438,C
4-HA,1056,0,2,1439,0,1441,G
4-HA,1057,0,0,1444,0,1444,G
4-HA,1058,0,0,1449,0,1449,G
4-HA,1059,0,1441,0,3,1444,T
4-HA,1060,0,1429,0,1,1430,T
4-HA,1061,0,1422,1,4,1427,T
4-HA,1062,1,1,0,1433,1435,C
4-HA,1063,1437,0,0,0,1437,A
4-HA,1064,0,1438,0,1,1439,T
4-HA,1065,1430,0,2,0,1432,A
4-HA,1066,0,0,1443,0,1443,G
4-HA,1067,1384,0,1,1,1386,A
4-HA,1068,1392,0,1,0,1393,A
4-HA,1069,1389,0,1,1,1391,A
4-HA,1070,1387,1,0,0,1388,A
4-HA,1071,0,1374,1,0,1375,T
4-HA,1072,0,2,1380,0,1382,G
4-HA,1073,2,0,1385,0,1387,G
4-HA,1074,1,1363,1,2,1367,T
4-HA,1075,1,1312,0,3,1316,T
4-HA,1076,1,1,1315,0,1317,G
4-HA,1077,0,2,1295,0,1297,G
4-HA,1078,0,1,1304,0,1305,G
4-HA,1079,1279,0,3,0,1282,A
4-HA,1080,1,1,1286,0,1288,G
4-HA,1081,1,2,1252,0,1255,G
4-HA,1082,1,2,1270,0,1273,G
4-HA,1083,1262,0,3,0,1265,A
4-HA,1084,1277,0,2,1,1280,A
4-HA,1085,2,1267,1,3,1273,T
4-HA,1086,0,3,1269,0,1272,G
4-HA,1087,0,0,1293,0,1293,G
4-HA,1088,0,1278,1,0,1279,T
4-HA,1089,0,1,1274,0,1275,G
4-HA,1090,0,1,1263,0,1264,G
4-HA,1091,1234,0,6,0,1240,A
4-HA,1092,0,1241,0,0,1241,T
4-HA,1093,0,1,1261,0,1262,G
4-HA,1094,0,1,1267,0,1268,G
4-HA,1095,0,1247,0,0,1247,T
4-HA,1096,0,1227,1,1,1229,T
4-HA,1097,0,4,1228,0,1232,G
4-HA,1098,0,0,1248,0,1248,G
4-HA,1099,1,1241,1,2,1245,T
4-HA,1100,1244,0,0,0,1244,A
4-HA,1101,0,0,0,1187,1187,C
4-HA,1102,0,2,1196,0,1198,G
4-HA,1103,0,0,1233,0,1233,G
4-HA,1104,0,1228,0,4,1232,T
4-HA,1105,1,1228,0,1,1230,T
4-HA,1106,0,1232,0,0,1232,T
4-HA,1107,2,1,1,1204,1208,C
4-HA,1108,1202,2,3,0,1207,A
4-HA,1109,1,1,1209,0,1211,G
4-HA,1110,0,1,1204,0,1205,G
4-HA,1111,0,1,0,1194,1195,C
4-HA,1112,1151,0,0,0,1151,A
4-HA,1113,0,1155,1,1,1157,T
4-HA,1114,0,0,0,1159,1159,C
4-HA,1115,1163,0,0,0,1163,A
4-HA,1116,1161,0,1,0,1162,A
4-HA,1117,1158,0,0,0,1158,A
4-HA,1118,1168,0,0,0,1168,A
4-HA,1119,0,1165,1,1,1167,T
4-HA,1120,1,1159,0,1,1161,T
4-HA,1121,1,1,0,1166,1168,C
4-HA,1122,0,1159,0,1,1160,T
4-HA,1123,1,1,1159,0,1161,G
4-HA,1124,1158,0,2,0,1160,A
4-HA,1125,1149,0,2,0,1151,A
4-HA,1126,1,0,1157,0,1158,G
4-HA,1127,0,0,1173,0,1173,G
4-HA,1128,1169,0,1,0,1170,A
4-HA,1129,1170,1,0,0,1171,A
4-HA,1130,0,1,1161,0,1162,G
4-HA,1131,1172,0,2,0,1174,A
4-HA,1132,0,2,1178,0,1180,G
4-HA,1133,1,0,1183,0,1184,G
4-HA,1134,1184,0,0,0,1184,A
4-HA,1135,1,1,0,1179,1181,C
4-HA,1136,1162,1,3,0,1166,A
4-HA,1137,1162,0,2,0,1164,A
4-HA,1138,2,0,1163,0,1165,G
4-HA,1139,0,1,0,1159,1160,C
4-HA,1140,1152,0,0,0,1152,A
4-HA,1141,0,0,1149,0,1149,G
4-HA,1142,0,0,1,1146,1147,C
4-HA,1143,1147,0,1,0,1148,A
4-HA,1144,0,0,1155,0,1155,G
4-HA,1145,1144,0,1,0,1145,A
4-HA,1146,0,1164,0,2,1166,T
4-HA,1147,1,0,0,1172,1173,C
4-HA,1148,0,1156,0,3,1159,T
4-HA,1149,2,4,0,1171,1177,C
4-HA,1150,1174,0,0,0,1174,A
4-HA,1151,1175,0,0,0,1175,A
4-HA,1152,1176,0,0,0,1176,A
4-HA,1153,1160,1,3,0,1164,A
4-HA,1154,0,0,1164,0,1164,G
4-HA,1155,0,0,1,1139,1140,C
4-HA,1156,1132,0,2,0,1134,A
4-HA,1157,0,1,0,1156,1157,C
4-HA,1158,0,1145,0,0,1145,T
4-HA,1159,1,1,0,1147,1149,C
4-HA,1160,1150,0,0,1,1151,A
4-HA,1161,1155,0,1,0,1156,A
4-HA,1162,2,0,1156,0,1158,G
4-HA,1163,0,1,0,1152,1153,C
4-HA,1164,1146,1,2,0,1149,A
4-HA,1165,1,1,1154,0,1156,G
4-HA,1166,0,1,0,1137,1138,C
4-HA,1167,1135,0,3,0,1138,A
4-HA,1168,1137,0,0,0,1137,A
4-HA,1169,0,1130,0,2,1132,T
4-HA,1170,1,1,0,1124,1126,C
4-HA,1171,1,2,1131,1,1135,G
4-HA,1172,1130,0,1,0,1131,A
4-HA,1173,0,1123,0,3,1126,T
4-HA,1174,1,0,0,1123,1124,C
4-HA,1175,1113,0,2,0,1115,A
4-HA,1176,1135,0,1,0,1136,A
4-HA,1177,1138,0,1,0,1139,A
4-HA,1178,0,1137,0,2,1139,T
4-HA,1179,0,1,1,1137,1139,C
4-HA,1180,1131,0,1,0,1132,A
4-HA,1181,1144,0,1,0,1145,A
4-HA,1182,0,1142,0,0,1142,T
4-HA,1183,0,1,1145,0,1146,G
4-HA,1184,0,0,1142,0,1142,G
4-HA,1185,0,1,1125,0,1126,G
4-HA,1186,1128,1,1,0,1130,A
4-HA,1187,1125,0,2,0,1127,A
4-HA,1188,0,0,1144,0,1144,G
4-HA,1189,0,0,0,1149,1149,C
4-HA,1190,0,1135,0,2,1137,T
4-HA,1191,1,0,1170,0,1171,G
4-HA,1192,1167,0,1,0,1168,A
4-HA,1193,1165,0,2,0,1167,A
4-HA,1194,0,1172,0,0,1172,T
4-HA,1195,1143,0,1,0,1144,A
4-HA,1196,0,1,1145,0,1146,G
4-HA,1197,1055,0,2,0,1057,A
4-HA,1198,0,1059,0,0,1059,T
4-HA,1199,0,1059,0,0,1059,T
4-HA,1200,0,0,1068,0,1068,G
4-HA,1201,1061,1,0,0,1062,A
4-HA,1202,0,1058,0,0,1058,T
4-HA,1203,2,0,0,1061,1063,C
4-HA,1204,1,1,1063,0,1065,G
4-HA,1205,0,0,1061,0,1061,G
4-HA,1206,0,0,1067,0,1067,G
4-HA,1207,1063,1,1,0,1065,A
4-HA,1208,1066,0,1,0,1067,A
4-HA,1209,1053,0,3,0,1056,A
4-HA,1210,1064,0,0,0,1064,A
4-HA,1211,0,0,0,1064,1064,C
4-HA,1212,0,1,0,1061,1062,C
4-HA,1213,1055,0,0,0,1055,A
4-HA,1214,1048,0,0,0,1048,A
4-HA,1215,0,0,0,1050,1050,C
4-HA,1216,0,1,1051,0,1052,G
4-HA,1217,1052,0,0,2,1054,A
4-HA,1218,0,1,1052,0,1053,G
4-HA,1219,1051,0,0,0,1051,A
4-HA,1220,1053,0,0,0,1053,A
4-HA,1221,1051,0,2,0,1053,A
4-HA,1222,0,1049,0,3,1052,T
4-HA,1223,0,1050,1,1,1052,T
4-HA,1224,1,0,0,1060,1061,C
4-HA,1225,0,1,0,1060,1061,C
4-HA,1226,1061,0,1,0,1062,A
4-HA,1227,0,1056,0,1,1057,T
4-HA,1228,0,0,0,1062,1062,C
4-HA,1229,1057,0,0,0,1057,A
4-HA,1230,0,0,1064,0,1064,G
4-HA,1231,1065,0,0,0,1065,A
4-HA,1232,0,1065,0,0,1065,T
4-HA,1233,0,1060,0,0,1060,T
4-HA,1234,1,0,1066,0,1067,G
4-HA,1235,1065,0,0,0,1065,A
4-HA,1236,1066,0,0,0,1066,A
4-HA,1237,1064,0,1,0,1065,A
4-HA,1238,1064,0,1,0,1065,A
4-HA,1239,1054,0,1,0,1055,A
4-HA,1240,1,2,1054,0,1057,G
4-HA,1241,1047,0,2,2,1051,A
4-HA,1242,1053,0,0,0,1053,A
4-HA,1243,0,1037,0,0,1037,T
4-HA,1244,0,1036,0,0,1036,T
4-HA,1245,1,0,0,1041,1042,C
4-HA,1246,0,1039,0,1,1040,T
4-HA,1247,0,1,0,1041,1042,C
4-HA,1248,1037,0,3,0,1040,A
4-HA,1249,0,1,1038,0,1039,G
4-HA,1250,1036,0,1,0,1037,A
4-HA,1251,1032,0,2,1,1035,A
4-HA,1252,1,1,1042,0,1044,G
4-HA,1253,0,1031,0,0,1031,T
4-HA,1254,0,1,0,1032,1033,C
4-HA,1255,0,1,1034,0,1035,G
4-HA,1256,1031,0,1,0,1032,A
4-HA,1257,1033,0,0,0,1033,A
4-HA,1258,0,4,1025,0,1029,G
4-HA,1259,0,0,1035,0,1035,G
4-HA,1260,2,0,1033,0,1035,G
4-HA,1261,1006,0,3,0,1009,A
4-HA,1262,0,0,1014,0,1014,G
4-HA,1263,1007,0,2,0,1009,A
4-HA,1264,1067,0,0,0,1067,A
4-HA,1265,0,1069,0,2,1071,T
4-HA,1266,1,1069,0,0,1070,T
4-HA,1267,1,0,0,1069,1070,C
4-HA,1268,1049,0,2,0,1051,A
4-HA,1269,1,1,1052,0,1054,G
4-HA,1270,1,0,1056,0,1057,G
4-HA,1271,1048,0,1,0,1049,A
4-HA,1272,1,0,0,1047,1048,C
4-HA,1273,0,1,0,962,963,C
4-HA,1274,1,956,0,1,958,T
4-HA,1275,0,937,1,28,966,T
4-HA,1276,0,0,977,0,977,G
4-HA,1277,970,0,2,0,972,A
4-HA,1278,0,0,993,0,993,G
4-HA,1279,978,0,1,0,979,A
4-HA,1280,827,0,0,0,827,A
4-HA,1281,819,0,4,0,823,A
4-HA,1282,0,801,0,3,804,T
4-HA,1283,823,0,1,0,824,A
4-HA,1284,0,819,0,1,820,T
4-HA,1285,0,0,821,0,821,G
4-HA,1286,0,815,0,3,818,T
4-HA,1287,0,791,0,1,792,T
4-HA,1288,1,0,796,0,797,G
4-HA,1289,790,0,2,0,792,A
4-HA,1290,0,1,789,0,790,G
4-HA,1291,0,0,783,0,783,G
4-HA,1292,768,0,4,0,772,A
4-HA,1293,0,0,0,796,796,C
4-HA,1294,787,0,2,0,789,A
4-HA,1295,0,1,0,822,823,C
4-HA,1296,0,0,0,823,823,C
4-HA,1297,823,0,0,0,823,A
4-HA,1298,851,0,2,0,853,A
4-HA,1299,846,0,2,0,848,A
4-HA,1300,852,0,4,0,856,A
4-HA,1301,0,854,0,2,856,T
4-HA,1302,831,0,1,0,832,A
4-HA,1303,1,1,839,0,841,G
4-HA,1304,820,0,0,0,820,A
4-HA,1305,1,822,0,0,823,T
4-HA,1306,0,0,0,827,827,C
4-HA,1307,0,811,0,1,812,T
4-HA,1308,0,0,0,824,824,C
4-HA,1309,0,830,0,0,830,T
4-HA,1310,0,0,846,0,846,G
4-HA,1311,0,0,856,0,856,G
4-HA,1312,0,850,0,2,852,T
4-HA,1313,0,0,0,849,849,C
4-HA,1314,846,1,0,0,847,A
4-HA,1315,0,848,0,0,848,T
4-HA,1316,850,0,0,0,850,A
4-HA,1317,0,1,0,849,850,C
4-HA,1318,822,0,0,0,822,A
4-HA,1319,827,0,2,0,829,A
4-HA,1320,0,3,0,809,812,C
4-HA,1321,0,0,811,0,811,G
4-HA,1322,0,0,0,808,808,C
4-HA,1323,0,2,803,0,805,G
4-HA,1324,0,0,808,0,808,G
4-HA,1325,808,0,1,0,809,A
4-HA,1326,0,0,819,0,819,G
4-HA,1327,0,0,0,824,824,C
4-HA,1328,0,817,0,1,818,T
4-HA,1329,0,827,0,2,829,T
4-HA,1330,3,0,0,829,832,C
4-HA,1331,0,839,0,1,840,T
4-HA,1332,0,841,0,1,842,T
4-HA,1333,2,0,838,0,840,G
4-HA,1334,0,834,0,1,835,T
4-HA,1335,0,823,0,0,823,T
4-HA,1336,0,0,832,0,832,G
4-HA,1337,0,2,0,823,825,C
4-HA,1338,0,1,0,823,824,C
4-HA,1339,2,0,0,827,829,C
4-HA,1340,0,827,1,2,830,T
4-HA,1341,0,0,837,0,837,G
4-HA,1342,0,2,835,0,837,G
4-HA,1343,830,0,4,0,834,A
4-HA,1344,0,0,836,0,836,G
4-HA,1345,830,0,0,0,830,A
4-HA,1346,829,0,1,0,830,A
4-HA,1347,1,2,0,841,844,C
4-HA,1348,1,0,0,838,839,C
4-HA,1349,841,0,0,0,841,A
4-HA,1350,867,1,0,0,868,A
4-HA,1351,0,0,0,872,872,C
4-HA,1352,876,0,1,0,877,A
4-HA,1353,0,874,0,0,874,T
4-HA,1354,872,0,0,0,872,A
4-HA,1355,0,0,0,892,892,C
4-HA,1356,871,0,0,0,871,A
4-HA,1357,872,1,0,0,873,A
4-HA,1358,0,865,1,0,866,T
4-HA,1359,0,843,0,2,845,T
4-HA,1360,0,1,855,0,856,G
4-HA,1361,858,0,0,0,858,A
4-HA,1362,0,858,0,0,858,T
4-HA,1363,2,0,0,852,854,C
4-HA,1364,0,841,0,1,842,T
4-HA,1365,847,0,0,0,847,A
4-HA,1366,846,0,0,0,846,A
4-HA,1367,0,0,0,847,847,C
4-HA,1368,0,836,0,2,838,T
4-HA,1369,0,0,832,0,832,G
4-HA,1370,839,1,1,0,841,A
4-HA,1371,0,1,0,839,840,C
4-HA,1372,0,837,0,0,837,T
4-HA,1373,0,0,0,838,838,C
4-HA,1374,834,0,1,0,835,A
4-HA,1375,0,0,852,1,853,G
4-HA,1376,853,0,0,0,853,A
4-HA,1377,853,0,1,0,854,A
4-HA,1378,850,0,2,0,852,A
4-HA,1379,0,854,0,1,855,T
4-HA,1380,0,1,861,0,862,G
4-HA,1381,864,0,0,0,864,A
4-HA,1382,858,0,5,0,863,A
4-HA,1383,0,1,0,863,864,C
4-HA,1384,850,0,1,0,851,A
4-HA,1385,850,0,1,0,851,A
4-HA,1386,847,1,1,0,849,A
4-HA,1387,0,0,1,848,849,C
4-HA,1388,0,846,0,0,846,T
4-HA,1389,0,0,844,0,844,G
4-HA,1390,0,836,0,0,836,T
4-HA,1391,1,834,1,3,839,T
4-HA,1392,0,838,0,0,838,T
4-HA,1393,0,0,840,0,840,G
4-HA,1394,839,1,1,0,841,A
4-HA,1395,838,0,1,0,839,A
4-HA,1396,839,0,0,0,839,A
4-HA,1397,837,1,0,0,838,A
4-HA,1398,826,0,2,0,828,A
4-HA,1399,833,0,1,0,834,A
4-HA,1400,0,1,0,834,835,C
4-HA,1401,834,0,0,0,834,A
4-HA,1402,836,0,0,0,836,A
4-HA,1403,832,1,2,0,835,A
4-HA,1404,0,2,832,0,834,G
4-HA,1405,839,0,1,0,840,A
4-HA,1406,834,0,2,0,836,A
4-HA,1407,1,0,832,0,833,G
4-HA,1408,0,0,0,839,839,C
4-HA,1409,831,0,0,1,832,A
4-HA,1410,832,0,3,0,835,A
4-HA,1411,0,0,0,837,837,C
4-HA,1412,0,835,0,1,836,T
4-HA,1413,1,0,839,0,840,G
4-HA,1414,834,0,0,0,834,A
4-HA,1415,0,1,839,0,840,G
4-HA,1416,1,0,841,0,842,G
4-HA,1417,0,1,839,0,840,G
4-HA,1418,842,0,0,1,843,A
4-HA,1419,842,0,1,0,843,A
4-HA,1420,838,0,1,0,839,A
4-HA,1421,847,1,0,0,848,A
4-HA,1422,0,848,0,0,848,T
4-HA,1423,0,0,854,0,854,G
4-HA,1424,0,0,0,850,850,C
4-HA,1425,0,837,1,2,840,T
4-HA,1426,0,0,843,0,843,G
4-HA,1427,844,0,0,0,844,A
4-HA,1428,1,0,880,0,881,G
4-HA,1429,0,0,893,0,893,G
4-HA,1430,886,0,1,0,887,A
4-HA,1431,0,882,0,0,882,T
4-HA,1432,872,0,0,0,872,A
4-HA,1433,0,867,0,1,868,T
4-HA,1434,0,2,872,0,874,G
4-HA,1435,1,1,869,0,871,G
4-HA,1436,0,0,873,0,873,G
4-HA,1437,0,1,1,834,836,C
4-HA,1438,818,0,2,0,820,A
4-HA,1439,818,0,1,0,819,A
4-HA,1440,0,818,0,0,818,T
4-HA,1441,0,1,822,0,823,G
4-HA,1442,1,0,823,0,824,G
4-HA,1443,0,810,0,0,810,T
4-HA,1444,0,796,0,1,797,T
4-HA,1445,0,0,807,0,807,G
4-HA,1446,0,802,0,3,805,T
4-HA,1447,0,809,0,0,809,T
4-HA,1448,0,805,0,1,806,T
4-HA,1449,0,0,0,808,808,C
4-HA,1450,807,0,0,0,807,A
4-HA,1451,807,0,0,0,807,A
4-HA,1452,809,0,1,0,810,A
4-HA,1453,819,0,0,0,819,A
4-HA,1454,0,817,0,0,817,T
4-HA,1455,814,0,0,0,814,A
4-HA,1456,0,813,0,0,813,T
4-HA,1457,811,0,1,0,812,A
4-HA,1458,0,0,0,816,816,C
4-HA,1459,2,0,0,806,808,C
4-HA,1460,805,0,1,0,806,A
4-HA,1461,0,0,0,810,810,C
4-HA,1462,808,0,0,0,808,A
4-HA,1463,806,0,0,0,806,A
4-HA,1464,814,0,0,0,814,A
4-HA,1465,0,808,0,1,809,T
4-HA,1466,2,1,810,0,813,G
4-HA,1467,0,806,0,0,806,T
4-HA,1468,2,1,807,0,810,G
4-HA,1469,812,0,0,0,812,A
4-HA,1470,0,1,0,811,812,C
4-HA,1471,798,0,0,0,798,A
4-HA,1472,795,0,1,0,796,A
4-HA,1473,0,805,0,0,805,T
4-HA,1474,0,0,808,0,808,G
4-HA,1475,0,0,0,797,797,C
4-HA,1476,0,0,0,804,804,C
4-HA,1477,0,797,0,2,799,T
4-HA,1478,0,1,818,0,819,G
4-HA,1479,0,0,0,819,819,C
4-HA,1480,823,1,0,0,824,A
4-HA,1481,0,823,0,0,823,T
4-HA,1482,798,0,1,0,799,A
4-HA,1483,1,0,804,0,805,G
4-HA,1484,0,0,804,0,804,G
4-HA,1485,799,1,1,0,801,A
4-HA,1486,0,796,0,2,798,T
4-HA,1487,1,0,0,756,757,C
4-HA,1488,757,0,0,0,757,A
4-HA,1489,760,0,1,0,761,A
4-HA,1490,0,760,0,0,760,T
4-HA,1491,1,0,0,761,762,C
4-HA,1492,748,0,0,0,748,A
4-HA,1493,0,0,753,0,753,G
4-HA,1494,751,0,1,0,752,A
4-HA,1495,752,0,0,0,752,A
4-HA,1496,747,0,2,0,749,A
4-HA,1497,0,747,0,0,747,T
4-HA,1498,1,1,741,0,743,G
4-HA,1499,0,2,747,0,749,G
4-HA,1500,747,0,1,0,748,A
4-HA,1501,752,0,0,0,752,A
4-HA,1502,1,0,1,748,750,C
4-HA,1503,0,736,1,2,739,T
4-HA,1504,0,745,0,0,745,T
4-HA,1505,747,0,0,0,747,A
4-HA,1506,1,745,0,1,747,T
4-HA,1507,0,2,740,0,742,G
4-HA,1508,745,0,3,0,748,A
4-HA,1509,0,0,0,746,746,C
4-HA,1510,0,0,0,742,742,C
4-HA,1511,735,1,0,0,736,A
4-HA,1512,0,0,0,745,745,C
4-HA,1513,0,0,758,0,758,G
4-HA,1514,780,0,0,0,780,A
4-HA,1515,0,790,0,0,790,T
4-HA,1516,0,1,816,0,817,G
4-HA,1517,0,814,0,1,815,T
4-HA,1518,830,0,2,0,832,A
4-HA,1519,0,831,0,0,831,T
4-HA,1520,831,0,0,1,832,A
4-HA,1521,0,0,0,826,826,C
4-HA,1522,764,0,2,0,766,A
4-HA,1523,0,0,773,0,773,G
4-HA,1524,728,0,1,0,729,A
4-HA,1525,0,0,713,0,713,G
4-HA,1526,710,0,1,0,711,A
4-HA,1527,0,668,0,0,668,T
4-HA,1528,1,0,667,0,668,G
4-HA,1529,668,0,0,0,668,A
4-HA,1530,665,0,3,0,668,A
4-HA,1531,0,0,672,0,672,G
4-HA,1532,0,0,0,666,666,C
4-HA,1533,665,0,0,0,665,A
4-HA,1534,1,656,1,1,659,T
4-HA,1535,0,656,0,1,657,T
4-HA,1536,661,0,0,0,661,A
4-HA,1537,660,0,1,0,661,A
4-HA,1538,659,0,0,0,659,A
4-HA,1539,0,0,0,661,661,C
4-HA,1540,627,1,0,1,629,A
4-HA,1541,631,0,0,0,631,A
4-HA,1542,0,0,0,627,627,C
4-HA,1543,1,0,0,624,625,C
4-HA,1544,0,1,627,0,628,G
4-HA,1545,1,0,633,0,634,G
4-HA,1546,0,631,0,1,632,T
4-HA,1547,0,627,0,2,629,T
4-HA,1548,0,0,0,634,634,C
4-HA,1549,1,0,0,629,630,C
4-HA,1550,632,0,1,0,633,A
4-HA,1551,1,0,638,0,639,G
4-HA,1552,641,0,0,0,641,A
4-HA,1553,0,637,0,0,637,T
4-HA,1554,0,0,0,610,610,C
4-HA,1555,609,0,0,0,609,A
4-HA,1556,609,1,2,0,612,A
4-HA,1557,0,2,611,0,613,G
4-HA,1558,2,0,608,0,610,G
4-HA,1559,0,0,613,0,613,G
4-HA,1560,586,0,2,0,588,A
4-HA,1561,0,0,592,0,592,G
4-HA,1562,0,595,0,0,595,T
4-HA,1563,0,596,0,0,596,T
4-HA,1564,0,2,595,0,597,G
4-HA,1565,595,0,0,0,595,A
4-HA,1566,0,0,600,0,600,G
4-HA,1567,0,0,0,599,599,C
4-HA,1568,0,590,1,0,591,T
4-HA,1569,0,0,592,0,592,G
4-HA,1570,588,0,0,0,588,A
4-HA,1571,589,0,1,0,590,A
4-HA,1572,0,0,591,0,591,G
4-HA,1573,0,575,0,1,576,T
4-HA,1574,0,0,0,578,578,C
4-HA,1575,570,0,0,1,571,A
4-HA,1576,0,0,571,0,571,G
4-HA,1577,0,0,570,0,570,G
4-HA,1578,0,0,553,0,553,G
4-HA,1579,0,559,0,0,559,T
4-HA,1580,562,0,0,0,562,A
4-HA,1581,0,0,0,560,560,C
4-HA,1582,558,0,0,0,558,A
4-HA,1583,560,0,0,0,560,A
4-HA,1584,556,0,1,0,557,A
4-HA,1585,0,0,555,0,555,G
4-HA,1586,536,0,0,0,536,A
4-HA,1587,0,515,0,0,515,T
4-HA,1588,0,508,0,0,508,T
4-HA,1589,0,0,511,0,511,G
4-HA,1590,0,0,511,0,511,G
4-HA,1591,510,1,1,0,512,A
4-HA,1592,0,508,0,1,509,T
4-HA,1593,0,0,0,506,506,C
4-HA,1594,0,0,0,490,490,C
4-HA,1595,0,483,0,2,485,T
4-HA,1596,489,0,0,0,489,A
4-HA,1597,0,487,0,2,489,T
4-HA,1598,2,1,489,0,492,G
4-HA,1599,0,0,489,0,489,G
4-HA,1600,481,0,0,0,481,A
4-HA,1601,0,473,0,2,475,T
4-HA,1602,0,465,0,0,465,T
4-HA,1603,1,462,0,0,463,T
4-HA,1604,0,0,0,465,465,C
4-HA,1605,0,0,0,468,468,C
4-HA,1606,0,455,0,1,456,T
4-HA,1607,0,455,0,0,455,T
4-HA,1608,0,456,0,0,456,T
4-HA,1609,0,0,456,0,456,G
4-HA,1610,1,0,0,455,456,C
4-HA,1611,0,0,0,454,454,C
4-HA,1612,442,0,0,0,442,A
4-HA,1613,0,440,0,1,441,T
4-HA,1614,440,0,1,0,441,A
4-HA,1615,0,440,0,1,441,T
4-HA,1616,2,0,0,437,439,C
4-HA,1617,439,0,0,0,439,A
4-HA,1618,1,430,0,0,431,T
4-HA,1619,0,0,434,0,434,G
4-HA,1620,0,432,0,1,433,T
4-HA,1621,0,423,1,0,424,T
4-HA,1622,0,422,0,0,422,T
4-HA,1623,0,408,0,0,408,T
4-HA,1624,0,402,0,1,403,T
4-HA,1625,0,404,0,1,405,T
4-HA,1626,0,0,409,0,409,G
4-HA,1627,0,0,0,408,408,C
4-HA,1628,0,400,0,1,401,T
4-HA,1629,0,402,0,0,402,T
4-HA,1630,0,401,0,0,401,T
4-HA,1631,0,0,408,0,408,G
4-HA,1632,0,407,0,0,407,T
4-HA,1633,0,0,407,0,407,G
4-HA,1634,0,406,0,0,406,T
4-HA,1635,0,397,0,1,398,T
4-HA,1636,0,0,401,0,401,G
4-HA,1637,0,0,0,401,401,C
4-HA,1638,0,398,0,1,399,T
4-HA,1639,0,401,0,0,401,T
4-HA,1640,0,381,0,0,381,T
4-HA,1641,0,1,381,0,382,G
4-HA,1642,0,380,0,0,380,T
4-HA,1643,0,377,1,0,378,T
4-HA,1644,0,0,378,0,378,G
4-HA,1645,0,1,362,0,363,G
4-HA,1646,0,0,358,0,358,G
4-HA,1647,0,0,359,0,359,G
4-HA,1648,0,351,0,0,351,T
4-HA,1649,0,348,0,0,348,T
4-HA,1650,1,0,0,345,346,C
4-HA,1651,342,0,0,0,342,A
4-HA,1652,0,341,0,1,342,T
4-HA,1653,0,0,0,340,340,C
4-HA,1654,334,0,0,0,334,A
4-HA,1655,0,322,0,0,322,T
4-HA,1656,0,1,318,0,319,G
4-HA,1657,0,315,0,0,315,T
4-HA,1658,0,0,310,0,310,G
4-HA,1659,0,0,303,0,303,G
4-HA,1660,0,0,300,0,300,G
4-HA,1661,0,0,0,297,297,C
4-HA,1662,0,0,0,291,291,C
4-HA,1663,0,285,0,0,285,T
4-HA,1664,0,1,287,0,288,G
4-HA,1665,0,0,0,288,288,C
4-HA,1666,0,0,0,288,288,C
4-HA,1667,287,0,0,0,287,A
4-HA,1668,285,0,1,0,286,A
4-HA,1669,286,0,0,0,286,A
4-HA,1670,286,0,0,0,286,A
4-HA,1671,286,0,0,0,286,A
4-HA,1672,0,1,285,0,286,G
4-HA,1673,0,0,272,0,272,G
4-HA,1674,0,0,0,269,269,C
4-HA,1675,267,0,0,0,267,A
4-HA,1676,267,0,0,0,267,A
4-HA,1677,0,0,0,268,268,C
4-HA,1678,268,0,0,0,268,A
4-HA,1679,0,266,0,0,266,T
4-HA,1680,0,263,1,0,264,T
4-HA,1681,255,0,2,0,257,A
4-HA,1682,0,0,256,0,256,G
4-HA,1683,0,0,255,0,255,G
4-HA,1684,0,249,0,0,249,T
4-HA,1685,0,1,234,0,235,G
4-HA,1686,0,0,0,226,226,C
4-HA,1687,221,1,0,0,222,A
4-HA,1688,223,0,0,0,223,A
4-HA,1689,0,0,0,222,222,C
4-HA,1690,221,0,0,0,221,A
4-HA,1691,0,218,0,0,218,T
4-HA,1692,0,204,0,2,206,T
4-HA,1693,0,202,0,0,202,T
4-HA,1694,0,0,204,0,204,G
4-HA,1695,1,0,0,202,203,C
4-HA,1696,201,0,0,0,201,A
4-HA,1697,0,189,0,1,190,T
4-HA,1698,0,184,0,0,184,T
4-HA,1699,0,181,0,0,181,T
4-HA,1700,0,0,181,0,181,G
4-HA,1701,175,0,0,0,175,A
5-NP,1,918,0,0,0,918,A
5-NP,2,0,922,0,0,922,T
5-NP,3,0,0,920,0,920,G
5-NP,4,0,0,925,0,925,G
5-NP,5,1,0,0,934,935,C
5-NP,6,0,0,957,0,957,G
5-NP,7,1,976,0,3,980,T
5-NP,8,0,0,0,996,996,C
5-NP,9,1,0,2,1001,1004,C
5-NP,10,0,0,0,1001,1001,C
5-NP,11,1005,0,1,0,1006,A
5-NP,12,1005,0,0,0,1005,A
5-NP,13,0,1,1008,0,1009,G
5-NP,14,1,0,1046,0,1047,G
5-NP,15,0,0,0,1052,1052,C
5-NP,16,1057,0,1,0,1058,A
5-NP,17,0,0,0,1082,1082,C
5-NP,18,0,0,0,1083,1083,C
5-NP,19,1086,0,0,0,1086,A
5-NP,20,1088,0,0,0,1088,A
5-NP,21,1087,0,0,0,1087,A
5-NP,22,0,0,0,1087,1087,C
5-NP,23,1,1,1084,0,1086,G
5-NP,24,0,0,1199,0,1199,G
5-NP,25,0,1197,0,2,1199,T
5-NP,26,0,0,0,1308,1308,C
5-NP,27,0,1304,0,1,1305,T
5-NP,28,0,1326,0,0,1326,T
5-NP,29,1330,1,0,0,1331,A
5-NP,30,1,1329,0,0,1330,T
5-NP,31,1,0,1350,0,1351,G
5-NP,32,1341,0,2,0,1343,A
5-NP,33,1321,1,1,0,1323,A
5-NP,34,0,0,0,1335,1335,C
5-NP,35,1317,0,0,0,1317,A
5-NP,36,1,0,1445,0,1446,G
5-NP,37,1439,0,1,0,1440,A
5-NP,38,1,1444,0,0,1445,T
5-NP,39,0,1,1447,0,1448,G
5-NP,40,0,0,1448,0,1448,G
5-NP,41,1451,0,3,0,1454,A
5-NP,42,1464,0,3,0,1467,A
5-NP,43,1465,0,3,0,1468,A
5-NP,44,0,1,0,1516,1517,C
5-NP,45,0,1505,0,0,1505,T
5-NP,46,0,0,1536,0,1536,G
5-NP,47,1525,0,3,1,1529,A
5-NP,48,0,1528,0,0,1528,T
5-NP,49,0,1,1528,0,1529,G
5-NP,50,0,3,1536,0,1539,G
5-NP,51,0,0,1546,0,1546,G
5-NP,52,1,1,1547,0,1549,G
5-NP,53,1533,1,2,0,1536,A
5-NP,54,1,1533,0,1,1535,T
5-NP,55,1,1,0,1542,1544,C
5-NP,56,0,0,1555,0,1555,G
5-NP,57,0,1,0,1567,1568,C
5-NP,58,0,0,0,1571,1571,C
5-NP,59,1573,0,0,1,1574,A
5-NP,60,0,1,1584,1,1586,G
5-NP,61,1582,0,2,0,1584,A
5-NP,62,1598,0,2,0,1600,A
5-NP,63,0,1602,0,1,1603,T
5-NP,64,1,1,1601,0,1603,G
5-NP,65,0,0,0,1619,1619,C
5-NP,66,1613,0,3,0,1616,A
5-NP,67,1636,2,5,0,1643,A
5-NP,68,2,1,0,1641,1644,C
5-NP,69,0,1641,0,0,1641,T
5-NP,70,0,0,1653,0,1653,G
5-NP,71,1670,0,3,0,1673,A
5-NP,72,1,1,1773,0,1775,G
5-NP,73,1781,0,0,0,1781,A
5-NP,74,3,1767,0,1,1771,T
5-NP,75,0,1775,0,1,1776,T
5-NP,76,1780,0,0,0,1780,A
5-NP,77,3,2,1778,0,1783,G
5-NP,78,0,1,1779,1,1781,G
5-NP,79,0,0,1781,1,1782,G
5-NP,80,0,0,0,1772,1772,C
5-NP,81,1750,0,3,0,1753,A
5-NP,82,0,1756,0,4,1760,T
5-NP,83,0,1,0,1763,1764,C
5-NP,84,0,0,0,1771,1771,C
5-NP,85,2,0,1777,0,1779,G
5-NP,86,0,1775,0,0,1775,T
5-NP,87,0,0,0,1774,1774,C
5-NP,88,2,1,1777,0,1780,G
5-NP,89,0,1,1786,0,1787,G
5-NP,90,0,1,1789,1,1791,G
5-NP,91,1772,1,5,0,1778,A
5-NP,92,1794,0,1,1,1796,A
5-NP,93,0,1,1819,0,1820,G
5-NP,94,1805,0,2,2,1809,A
5-NP,95,0,1830,0,1,1831,T
5-NP,96,0,2,1842,0,1844,G
5-NP,97,1849,0,2,0,1851,A
5-NP,98,0,1847,0,0,1847,T
5-NP,99,0,1844,0,2,1846,T
5-NP,100,0,1,1847,0,1848,G
5-NP,101,1844,0,3,0,1847,A
5-NP,102,0,1846,0,2,1848,T
5-NP,103,1,2,1843,2,1848,G
5-NP,104,0,2,1837,0,1839,G
5-NP,105,0,3,1833,0,1836,G
5-NP,106,1932,0,0,0,1932,A
5-NP,107,0,1934,0,0,1934,T
5-NP,108,0,1940,0,0,1940,T
5-NP,109,1,2,1955,0,1958,G
5-NP,110,0,2,1958,0,1960,G
5-NP,111,1,3,1958,0,1962,G
5-NP,112,1956,0,1,0,1957,A
5-NP,113,0,1,1957,0,1958,G
5-NP,114,1946,0,1,0,1947,A
5-NP,115,0,1984,0,2,1986,T
5-NP,116,0,1988,0,0,1988,T
5-NP,117,0,0,0,1995,1995,C
5-NP,118,0,1991,0,4,1995,T
5-NP,119,2016,0,2,0,2018,A
5-NP,120,0,0,0,2024,2024,C
5-NP,121,2082,0,0,0,2082,A
5-NP,122,0,2097,0,0,2097,T
5-NP,123,3,0,0,2087,2090,C
5-NP,124,0,0,0,2105,2105,C
5-NP,125,2108,0,1,0,2109,A
5-NP,126,2143,0,0,1,2144,A
5-NP,127,2138,1,2,0,2141,A
5-NP,128,0,2138,0,1,2139,T
5-NP,129,0,0,2148,0,2148,G
5-NP,130,0,2122,0,4,2126,T
5-NP,131,1,0,2149,0,2150,G
5-NP,132,0,2,0,2149,2151,C
5-NP,133,2149,0,4,0,2153,A
5-NP,134,0,2,0,2157,2159,C
5-NP,135,1,2140,0,3,2144,T
5-NP,136,0,0,2228,0,2228,G
5-NP,137,2259,1,0,0,2260,A
5-NP,138,2300,0,4,2,2306,A
5-NP,139,0,0,0,2329,2329,C
5-NP,140,0,2310,1,3,2314,T
5-NP,141,3,2318,0,1,2322,T
5-NP,142,2318,1,0,0,2319,A
5-NP,143,2315,1,3,0,2319,A
5-NP,144,2334,0,2,0,2336,A
5-NP,145,0,0,0,2342,2342,C
5-NP,146,0,2280,0,2,2282,T
5-NP,147,1,0,0,2297,2298,C
5-NP,148,2280,0,2,0,2282,A
5-NP,149,1,0,2297,0,2298,G
5-NP,150,0,2301,0,0,2301,T
5-NP,151,0,0,2313,0,2313,G
5-NP,152,2326,0,4,0,2330,A
5-NP,153,0,2338,0,3,2341,T
5-NP,154,3,2,0,2365,2370,C
5-NP,155,2373,0,7,0,2380,A
5-NP,156,0,2373,0,3,2376,T
5-NP,157,0,1,2374,1,2376,G
5-NP,158,2365,1,6,0,2372,A
5-NP,159,2364,1,6,0,2371,A
5-NP,160,1,2,2363,0,2366,G
5-NP,161,1,0,2359,0,2360,G
5-NP,162,0,0,2355,0,2355,G
5-NP,163,0,1,0,2327,2328,C
5-NP,164,1,1,2343,1,2346,G
5-NP,165,2,0,2351,0,2353,G
5-NP,166,0,2348,0,0,2348,T
5-NP,167,0,2344,0,3,2347,T
5-NP,168,0,0,2352,0,2352,G
5-NP,169,2536,0,1,0,2537,A
5-NP,170,0,2527,0,5,2532,T
5-NP,171,1,2,0,2534,2537,C
5-NP,172,2,0,0,2543,2545,C
5-NP,173,2542,0,2,1,2545,A
5-NP,174,0,1,2554,0,2555,G
5-NP,175,2547,0,3,0,2550,A
5-NP,176,2548,0,4,0,2552,A
5-NP,177,1,1,0,2572,2574,C
5-NP,178,2484,0,0,0,2484,A
5-NP,179,1,1,2507,1,2510,G
5-NP,180,0,0,0,2515,2515,C
5-NP,181,0,2512,0,4,2516,T
5-NP,182,1,2530,0,1,2532,T
5-NP,183,1,0,2533,0,2534,G
5-NP,184,2541,1,3,0,2545,A
5-NP,185,0,1,0,2554,2555,C
5-NP,186,2548,0,0,1,2549,A
5-NP,187,2558,0,2,0,2560,A
5-NP,188,0,2550,0,0,2550,T
5-NP,189,2545,0,1,0,2546,A
5-NP,190,0,0,2571,0,2571,G
5-NP,191,2556,0,3,1,2560,A
5-NP,192,1,0,2585,1,2587,G
5-NP,193,2570,2,1,0,2573,A
5-NP,194,2615,0,2,0,2617,A
5-NP,195,2615,1,2,0,2618,A
5-NP,196,2681,0,0,0,2681,A
5-NP,197,0,2684,0,1,2685,T
5-NP,198,0,1,2681,0,2682,G
5-NP,199,0,0,2679,0,2679,G
5-NP,200,3,2665,0,0,2668,T
5-NP,201,2629,1,6,0,2636,A
5-NP,202,0,0,0,2657,2657,C
5-NP,203,2,2655,0,6,2663,T
5-NP,204,0,1,0,2691,2692,C
5-NP,205,1,2646,0,7,2654,T
5-NP,206,0,1,0,2668,2669,C
5-NP,207,1,2669,1,2,2673,T
5-NP,208,1,1,2688,0,2690,G
5-NP,209,1,1,0,2686,2688,C
5-NP,210,0,2669,0,5,2674,T
5-NP,211,3,2673,0,3,2679,T
5-NP,212,1,2672,1,1,2675,T
5-NP,213,0,2665,1,1,2667,T
5-NP,214,0,0,2675,0,2675,G
5-NP,215,2660,1,1,3,2665,A
5-NP,216,2,2661,0,1,2664,T
5-NP,217,0,3,2659,0,2662,G
5-NP,218,2646,1,1,1,2649,A
5-NP,219,2650,0,3,1,2654,A
5-NP,220,2655,0,1,0,2656,A
5-NP,221,0,2,2664,0,2666,G
5-NP,222,2666,0,1,0,2667,A
5-NP,223,2656,0,5,0,2661,A
5-NP,224,1,0,2679,0,2680,G
5-NP,225,1,0,2756,0,2757,G
5-NP,226,2768,0,1,0,2769,A
5-NP,227,2790,0,1,0,2791,A
5-NP,228,0,2782,0,2,2784,T
5-NP,229,2785,0,1,0,2786,A
5-NP,230,2781,0,3,2,2786,A
5-NP,231,2792,0,0,0,2792,A
5-NP,232,0,2789,0,4,2793,T
5-NP,233,2788,0,5,0,2793,A
5-NP,234,0,1,0,2777,2778,C
5-NP,235,0,1,0,2742,2743,C
5-NP,236,0,2734,0,3,2737,T
5-NP,237,1,1,2744,0,2746,G
5-NP,238,1,0,2773,0,2774,G
5-NP,239,2774,0,1,0,2775,A
5-NP,240,2761,0,6,0,2767,A
5-NP,241,1,1,2801,2,2805,G
5-NP,242,2789,0,5,1,2795,A
5-NP,243,2791,0,3,0,2794,A
5-NP,244,0,1,2,2786,2789,C
5-NP,245,2788,0,1,0,2789,A
5-NP,246,1,1,0,2833,2835,C
5-NP,247,1,0,0,2802,2803,C
5-NP,248,1,2,0,2800,2803,C
5-NP,249,1,0,0,2803,2804,C
5-NP,250,2773,1,2,1,2777,A
5-NP,251,1,0,2778,0,2779,G
5-NP,252,1,1,0,2770,2772,C
5-NP,253,0,0,2774,0,2774,G
5-NP,254,0,4,0,2771,2775,C
5-NP,255,1,4,2744,0,2749,G
5-NP,256,2,1,2764,0,2767,G
5-NP,257,0,3,2766,0,2769,G
5-NP,258,0,0,2784,0,2784,G
5-NP,259,2771,2,2,1,2776,A
5-NP,260,2768,0,4,0,2772,A
5-NP,261,2767,0,6,1,2774,A
5-NP,262,1,0,2786,0,2787,G
5-NP,263,2779,1,3,0,2783,A
5-NP,264,2,2761,0,2,2765,T
5-NP,265,2,1,0,2761,2764,C
5-NP,266,3,0,0,2755,2758,C
5-NP,267,5,0,0,2769,2774,C
5-NP,268,2782,1,1,0,2784,A
5-NP,269,2802,0,1,0,2803,A
5-NP,270,0,0,2820,0,2820,G
5-NP,271,2807,0,1,0,2808,A
5-NP,272,2822,0,0,0,2822,A
5-NP,273,2719,0,103,0,2822,A
5-NP,274,2826,1,3,0,2830,A
5-NP,275,0,0,0,2823,2823,C
5-NP,276,0,2808,0,0,2808,T
5-NP,277,1,3,2786,0,2790,G
5-NP,278,0,4,2789,0,2793,G
5-NP,279,0,2,2779,0,2781,G
5-NP,280,1,1,2782,3,2787,G
5-NP,281,1,1,2780,1,2783,G
5-NP,282,0,1,2818,0,2819,G
5-NP,283,1,0,0,2996,2997,C
5-NP,284,0,1,0,3011,3012,C
5-NP,285,4,3,0,3011,3018,C
5-NP,286,3342,0,5,0,3347,A
5-NP,287,0,3346,0,5,3351,T
5-NP,288,3498,0,1,0,3499,A
5-NP,289,0,3497,0,1,3498,T
5-NP,290,3476,1,2,0,3479,A
5-NP,291,0,1,0,3523,3524,C
5-NP,292,3281,1,9,0,3291,A
5-NP,293,2,3,3337,0,3342,G
5-NP,294,1,1,3339,0,3341,G
5-NP,295,3064,2,6,1,3073,A
5-NP,296,0,1,3098,0,3099,G
5-NP,297,2949,0,4,2,2955,A
5-NP,298,1,0,2977,0,2978,G
5-NP,299,1,2968,0,1,2970,T
5-NP,300,2942,0,2,0,2944,A
5-NP,301,2,1,2946,0,2949,G
5-NP,302,2907,0,2,0,2909,A
5-NP,303,0,2914,0,1,2915,T
5-NP,304,1,1,2912,0,2914,G
5-NP,305,1,0,2913,0,2914,G
5-NP,306,2917,2,2,1,2922,A
5-NP,307,2902,0,1,0,2903,A
5-NP,308,2900,2,2,0,2904,A
5-NP,309,2911,0,1,0,2912,A
5-NP,310,0,2904,0,0,2904,T
5-NP,311,2,1,2920,1,2924,G
5-NP,312,3,1,2918,0,2922,G
5-NP,313,2916,0,0,0,2916,A
5-NP,314,0,2895,0,1,2896,T
5-NP,315,0,1,2904,0,2905,G
5-NP,316,2906,0,2,0,2908,A
5-NP,317,0,4,2909,1,2914,G
5-NP,318,1,1,2908,0,2910,G
5-NP,319,6,2,2899,1,2908,G
5-NP,320,2894,2,3,0,2899,A
5-NP,321,2897,0,5,0,2902,A
5-NP,322,2,0,1,2909,2912,C
5-NP,323,0,2899,0,4,2903,T
5-NP,324,4,0,0,2913,2917,C
5-NP,325,0,1,2918,0,2919,G
5-NP,326,0,2917,0,3,2920,T
5-NP,327,1,2,1,2905,2909,C
5-NP,328,2,1,0,2985,2988,C
5-NP,329,2,2980,0,5,2987,T
5-NP,330,2,2980,0,3,2985,T
5-NP,331,0,2982,0,4,2986,T
5-NP,332,2991,0,2,0,2993,A
5-NP,333,0,2972,1,4,2977,T
5-NP,334,1,1,2972,0,2974,G
5-NP,335,2973,0,7,0,2980,A
5-NP,336,0,0,0,2981,2981,C
5-NP,337,2935,0,2,0,2937,A
5-NP,338,2932,1,1,0,2934,A
5-NP,339,2929,0,5,0,2934,A
5-NP,340,0,5,3000,0,3005,G
5-NP,341,3000,0,1,1,3002,A
5-NP,342,3002,0,4,0,3006,A
5-NP,343,0,1,3083,1,3085,G
5-NP,344,3078,2,6,1,3087,A
5-NP,345,3085,0,2,0,3087,A
5-NP,346,3090,0,2,1,3093,A
5-NP,347,0,3080,0,0,3080,T
5-NP,348,3061,0,2,0,3063,A
5-NP,349,3032,1,5,0,3038,A
5-NP,350,1,2,3048,0,3051,G
5-NP,351,1,0,3049,0,3050,G
5-NP,352,1,2,0,3013,3016,C
5-NP,353,2,1,3005,0,3008,G
5-NP,354,3003,1,0,0,3004,A
5-NP,355,3022,0,2,0,3024,A
5-NP,356,0,3022,1,2,3025,T
5-NP,357,2,3,0,3022,3027,C
5-NP,358,1,3015,0,4,3020,T
5-NP,359,1,0,3014,1,3016,G
5-NP,360,2,2,3011,0,3015,G
5-NP,361,2,3,0,3002,3007,C
5-NP,362,4,1,3007,0,3012,G
5-NP,363,2,1,0,3004,3007,C
5-NP,364,3,1,0,2994,2998,C
5-NP,365,3004,0,2,1,3007,A
5-NP,366,3008,2,2,0,3012,A
5-NP,367,0,1,3045,0,3046,G
5-NP,368,0,0,0,3042,3042,C
5-NP,369,3,0,0,3060,3063,C
5-NP,370,3073,0,2,0,3075,A
5-NP,371,3113,0,1,0,3114,A
5-NP,372,1,0,0,3118,3119,C
5-NP,373,3125,1,2,0,3128,A
5-NP,374,3153,0,1,0,3154,A
5-NP,375,0,3131,0,1,3132,T
5-NP,376,1,4,3133,1,3139,G
5-NP,377,2,1,3143,1,3147,G
5-NP,378,2,3102,0,4,3108,T
5-NP,379,0,1,3111,0,3112,G
5-NP,380,3093,0,1,0,3094,A
5-NP,381,0,1,3133,0,3134,G
5-NP,382,2,0,3128,0,3130,G
5-NP,383,3134,2,1,0,3137,A
5-NP,384,0,3256,0,2,3258,T
5-NP,385,0,0,3250,0,3250,G
5-NP,386,1,0,0,3248,3249,C
5-NP,387,0,3252,0,5,3257,T
5-NP,388,3265,0,3,0,3268,A
5-NP,389,2,1,0,3287,3290,C
5-NP,390,3248,0,1,0,3249,A
5-NP,391,0,3225,0,5,3230,T
5-NP,392,0,1,0,3214,3215,C
5-NP,393,0,3083,0,4,3087,T
5-NP,394,3,1,3170,0,3174,G
5-NP,395,0,1,3220,0,3221,G
5-NP,396,0,3198,2,12,3212,T
5-NP,397,3,0,0,3214,3217,C
5-NP,398,0,3177,0,3,3180,T
5-NP,399,3210,0,1,0,3211,A
5-NP,400,3210,0,3,0,3213,A
5-NP,401,0,0,0,3226,3226,C
5-NP,402,0,3217,0,4,3221,T
5-NP,403,1,0,0,3194,3195,C
5-NP,404,3151,0,3,1,3155,A
5-NP,405,0,0,0,3237,3237,C
5-NP,406,3236,1,1,0,3238,A
5-NP,407,0,3245,1,2,3248,T
5-NP,408,3217,0,1,0,3218,A
5-NP,409,3215,0,6,1,3222,A
5-NP,410,0,3227,0,3,3230,T
5-NP,411,1,4,3253,1,3259,G
5-NP,412,3226,0,1,0,3227,A
5-NP,413,0,3203,1,1,3205,T
5-NP,414,0,3130,0,2,3132,T
5-NP,415,0,3139,0,3,3142,T
5-NP,416,2,4,3120,0,3126,G
5-NP,417,2,0,3137,0,3139,G
5-NP,418,0,3,1,3142,3146,C
5-NP,419,3118,0,3,0,3121,A
5-NP,420,0,3113,0,6,3119,T
5-NP,421,1,3102,0,9,3112,T
5-NP,422,0,2,0,3113,3115,C
5-NP,423,0,1,0,3119,3120,C
5-NP,424,3158,1,1,0,3160,A
5-NP,425,3160,0,0,1,3161,A
5-NP,426,1,3151,0,1,3153,T
5-NP,427,0,3155,0,1,3156,T
5-NP,428,1,3150,1,1,3153,T
5-NP,429,0,0,3165,1,3166,G
5-NP,430,3163,1,2,0,3166,A
5-NP,431,3162,0,2,0,3164,A
5-NP,432,0,3165,0,1,3166,T
5-NP,433,0,2,3132,0,3134,G
5-NP,434,3199,0,7,0,3206,A
5-NP,435,1,3205,0,1,3207,T
5-NP,436,3,0,3218,1,3222,G
5-NP,437,0,4,1,3272,3277,C
5-NP,438,3257,1,8,0,3266,A
5-NP,439,3356,0,5,0,3361,A
5-NP,440,1,1,0,3357,3359,C
5-NP,441,3383,0,2,0,3385,A
5-NP,442,0,3425,2,2,3429,T
5-NP,443,3359,1,4,0,3364,A
5-NP,444,0,0,0,3398,3398,C
5-NP,445,1,0,1,3381,3383,C
5-NP,446,3292,2,1,0,3295,A
5-NP,447,1,0,3327,0,3328,G
5-NP,448,3238,0,2,0,3240,A
5-NP,449,1,2,3299,1,3303,G
5-NP,450,0,0,3270,0,3270,G
5-NP,451,3253,2,3,0,3258,A
5-NP,452,1,3,0,3264,3268,C
5-NP,453,3220,0,3,0,3223,A
5-NP,454,3218,1,9,0,3228,A
5-NP,455,0,0,3243,0,3243,G
5-NP,456,3207,0,4,0,3211,A
5-NP,457,3,0,3228,1,3232,G
5-NP,458,1,1,0,3196,3198,C
5-NP,459,0,3160,0,8,3168,T
5-NP,460,1,0,0,3175,3176,C
5-NP,461,0,3166,0,3,3169,T
5-NP,462,1,3176,1,1,3179,T
5-NP,463,1,0,3188,0,3189,G
5-NP,464,1,3170,1,2,3174,T
5-NP,465,0,3171,1,4,3176,T
5-NP,466,0,5,2,3155,3162,C
5-NP,467,2,1,3144,1,3148,G
5-NP,468,3183,1,2,0,3186,A
5-NP,469,3183,0,4,0,3187,A
5-NP,470,1,3,0,3199,3203,C
5-NP,471,0,3188,0,6,3194,T
5-NP,472,0,3,3220,0,3223,G
5-NP,473,1,2,3234,0,3237,G
5-NP,474,3230,1,5,0,3236,A
5-NP,475,3236,0,3,1,3240,A
5-NP,476,1,3228,0,1,3230,T
5-NP,477,1,5,3212,0,3218,G
5-NP,478,3,2,3222,0,3227,G
5-NP,479,3231,0,5,1,3237,A
5-NP,480,0,3252,0,3,3255,T
5-NP,481,1,2,0,3221,3224,C
5-NP,482,4,6,0,3217,3227,C
5-NP,483,4,3,0,3228,3235,C
5-NP,484,3256,0,3,0,3259,A
5-NP,485,1,0,3275,0,3276,G
5-NP,486,3273,1,0,1,3275,A
5-NP,487,3269,0,1,0,3270,A
5-NP,488,0,3238,0,2,3240,T
5-NP,489,1,1,3265,0,3267,G
5-NP,490,1,3240,0,4,3245,T
5-NP,491,3,0,3269,0,3272,G
5-NP,492,0,1,1,3262,3264,C
5-NP,493,0,3236,1,9,3246,T
5-NP,494,1,1,0,3413,3415,C
5-NP,495,0,3383,1,6,3390,T
5-NP,496,2,0,0,3494,3496,C
5-NP,497,2,3483,0,6,3491,T
5-NP,498,1,3,3493,0,3497,G
5-NP,499,3511,0,5,0,3516,A
5-NP,500,0,3503,0,0,3503,T
5-NP,501,1,1,3497,0,3499,G
5-NP,502,0,1,0,3489,3490,C
5-NP,503,3348,1,6,0,3355,A
5-NP,504,0,1,3428,0,3429,G
5-NP,505,0,4,3356,0,3360,G
5-NP,506,1,0,3392,0,3393,G
5-NP,507,1,1,0,3389,3391,C
5-NP,508,0,3376,1,4,3381,T
5-NP,509,3,2,0,3386,3391,C
5-NP,510,2,2,3393,0,3397,G
5-NP,511,3425,1,2,0,3428,A
5-NP,512,0,0,0,3424,3424,C
5-NP,513,0,3366,1,12,3379,T
5-NP,514,4,1,1,3480,3486,C
5-NP,515,0,3446,0,6,3452,T
5-NP,516,1,2,1,3779,3783,C
5-NP,517,0,3,0,3779,3782,C
5-NP,518,2,2,1,3787,3792,C
5-NP,519,0,3784,0,3,3787,T
5-NP,520,3758,0,3,2,3763,A
5-NP,521,0,1,3759,1,3761,G
5-NP,522,3751,2,2,1,3756,A
5-NP,523,3652,1,3,0,3656,A
5-NP,524,0,4,3659,0,3663,G
5-NP,525,0,3,3583,0,3586,G
5-NP,526,0,3524,1,4,3529,T
5-NP,527,4,0,0,3519,3523,C
5-NP,528,4,0,0,3519,3523,C
5-NP,529,7,3,3516,0,3526,G
5-NP,530,1,1,3542,1,3545,G
5-NP,531,3534,1,6,0,3541,A
5-NP,532,1,1,3558,0,3560,G
5-NP,533,2,1,0,3568,3571,C
5-NP,534,1,3504,0,3,3508,T
5-NP,535,2,0,3507,1,3510,G
5-NP,536,2,0,0,3511,3513,C
5-NP,537,3502,2,6,0,3510,A
5-NP,538,0,0,3523,0,3523,G
5-NP,539,1,1,3529,0,3531,G
5-NP,540,0,3521,1,1,3523,T
5-NP,541,2,3,3493,0,3498,G
5-NP,542,1,0,0,3509,3510,C
5-NP,543,0,3499,0,6,3505,T
5-NP,544,0,0,3508,0,3508,G
5-NP,545,2,0,0,3510,3512,C
5-NP,546,3549,0,2,0,3551,A
5-NP,547,2,1,3596,0,3599,G
5-NP,548,0,3577,0,3,3580,T
5-NP,549,2,1,1,3596,3600,C
5-NP,550,3597,0,3,1,3601,A
5-NP,551,3596,0,5,0,3601,A
5-NP,552,3583,0,13,2,3598,A
5-NP,553,0,1,3620,0,3621,G
5-NP,554,2,2,3633,0,3637,G
5-NP,555,3607,1,3,0,3611,A
5-NP,556,3589,1,2,1,3593,A
5-NP,557,1,3585,0,1,3587,T
5-NP,558,0,1,0,3582,3583,C
5-NP,559,0,5,3573,0,3578,G
5-NP,560,0,2,3668,1,3671,G
5-NP,561,0,1,3676,0,3677,G
5-NP,562,3648,1,11,0,3660,A
5-NP,563,0,1,0,3669,3670,C
5-NP,564,3617,1,3,0,3621,A
5-NP,565,3681,1,3,1,3686,A
5-NP,566,0,3695,0,2,3697,T
5-NP,567,2,5,3712,2,3721,G
5-NP,568,0,2,3768,0,3770,G
5-NP,569,2,3728,0,6,3736,T
5-NP,570,1,1,3743,0,3745,G
5-NP,571,3736,1,3,0,3740,A
5-NP,572,1,3731,0,2,3734,T
5-NP,573,1,2,3729,2,3734,G
5-NP,574,2,3,3761,0,3766,G
5-NP,575,3750,1,0,0,3751,A
5-NP,576,3742,0,3,0,3745,A
5-NP,577,1,2,0,3736,3739,C
5-NP,578,0,3655,0,1,3656,T
5-NP,579,1,2,3820,0,3823,G
5-NP,580,3812,1,4,1,3818,A
5-NP,581,0,3826,0,1,3827,T
5-NP,582,3,1,0,3827,3831,C
5-NP,583,3770,0,3,0,3773,A
5-NP,584,1,3,3849,0,3853,G
5-NP,585,3840,0,1,0,3841,A
5-NP,586,3843,0,3,0,3846,A
5-NP,587,1,3838,0,4,3843,T
5-NP,588,1,2,3776,0,3779,G
5-NP,589,3,1,3816,1,3821,G
5-NP,590,0,3816,0,7,3823,T
5-NP,591,3,0,1,3818,3822,C
5-NP,592,3820,0,0,2,3822,A
5-NP,593,3787,2,4,1,3794,A
5-NP,594,3795,0,0,0,3795,A
5-NP,595,1,5,1,3787,3794,C
5-NP,596,1,3,3776,1,3781,G
5-NP,597,2,4,3799,0,3805,G
5-NP,598,2,10,3763,0,3775,G
5-NP,599,3,3,3781,0,3787,G
5-NP,600,2,1,3792,1,3796,G
5-NP,601,3771,2,18,0,3791,A
5-NP,602,1,3774,0,7,3782,T
5-NP,603,1,3,1,3774,3779,C
5-NP,604,3783,0,3,0,3786,A
5-NP,605,3781,0,7,0,3788,A
5-NP,606,0,1,0,3768,3769,C
5-NP,607,0,5,3737,0,3742,G
5-NP,608,3737,1,2,0,3740,A
5-NP,609,0,3736,0,1,3737,T
5-NP,610,0,1,0,3735,3736,C
5-NP,611,0,1,3742,0,3743,G
5-NP,612,3727,1,2,0,3730,A
5-NP,613,3725,0,5,0,3730,A
5-NP,614,3723,0,3,1,3727,A
5-NP,615,1,3737,1,1,3740,T
5-NP,616,2,3749,0,1,3752,T
5-NP,617,0,3746,1,2,3749,T
5-NP,618,0,3771,0,2,3773,T
5-NP,619,2,3764,0,4,3770,T
5-NP,620,1,2,3779,0,3782,G
5-NP,621,1,0,3776,0,3777,G
5-NP,622,3739,1,5,0,3745,A
5-NP,623,2,0,3776,0,3778,G
5-NP,624,3731,1,1,0,3733,A
5-NP,625,1,1,3881,0,3883,G
5-NP,626,1,0,3892,0,3893,G
5-NP,627,1,3879,0,5,3885,T
5-NP,628,4,3,3887,0,3894,G
5-NP,629,3881,0,9,0,3890,A
5-NP,630,1,0,3898,0,3899,G
5-NP,631,3889,0,3,0,3892,A
5-NP,632,3879,1,1,1,3882,A
5-NP,633,1,3870,0,0,3871,T
5-NP,634,3,5,3766,0,3774,G
5-NP,635,1,2,3744,0,3747,G
5-NP,636,2,1,3751,0,3754,G
5-NP,637,3,3,0,3734,3740,C
5-NP,638,3,4,3739,0,3746,G
5-NP,639,0,1,3766,0,3767,G
5-NP,640,3772,0,1,0,3773,A
5-NP,641,3775,0,1,1,3777,A
5-NP,642,3821,0,3,0,3824,A
5-NP,643,3826,1,2,5,3834,A
5-NP,644,0,2,0,3859,3861,C
5-NP,645,3854,0,2,0,3856,A
5-NP,646,3849,2,2,0,3853,A
5-NP,647,0,1,3851,2,3854,G
5-NP,648,3760,0,3,0,3763,A
5-NP,649,3777,0,1,0,3778,A
5-NP,650,0,0,3886,0,3886,G
5-NP,651,1,3875,0,2,3878,T
5-NP,652,1,1,4079,0,4081,G
5-NP,653,1,0,1,4042,4044,C
5-NP,654,0,4036,2,8,4046,T
5-NP,655,0,4051,0,2,4053,T
5-NP,656,4085,0,1,1,4087,A
5-NP,657,0,4080,0,2,4082,T
5-NP,658,1,2,4098,0,4101,G
5-NP,659,3988,0,5,0,3993,A
5-NP,660,0,1,4010,0,4011,G
5-NP,661,3794,0,6,0,3800,A
5-NP,662,0,2,3812,0,3814,G
5-NP,663,3789,0,2,0,3791,A
5-NP,664,3812,0,1,0,3813,A
5-NP,665,0,3788,0,2,3790,T
5-NP,666,3,0,3827,0,3830,G
5-NP,667,0,3815,0,4,3819,T
5-NP,668,1,0,3830,0,3831,G
5-NP,669,0,1,0,3809,3810,C
5-NP,670,3809,3,1,0,3813,A
5-NP,671,3824,1,3,1,3829,A
5-NP,672,1,1,1,3814,3817,C
5-NP,673,3791,0,2,0,3793,A
5-NP,674,1,3795,1,3,3800,T
5-NP,675,1,3760,0,8,3769,T
5-NP,676,1,1,1,3780,3783,C
5-NP,677,0,3772,1,1,3774,T
5-NP,678,0,3773,1,1,3775,T
5-NP,679,3775,1,0,0,3776,A
5-NP,680,3761,2,2,0,3765,A
5-NP,681,3760,1,4,1,3766,A
5-NP,682,0,3,3761,0,3764,G
5-NP,683,0,1,3762,0,3763,G
5-NP,684,3744,0,2,0,3746,A
5-NP,685,3731,1,3,1,3736,A
5-NP,686,3735,0,3,1,3739,A
5-NP,687,3788,0,3,0,3791,A
5-NP,688,0,3784,1,4,3789,T
5-NP,689,0,3777,3,3,3783,T
5-NP,690,1,3793,0,3,3797,T
5-NP,691,1,1,0,3802,3804,C
5-NP,692,3802,0,4,0,3806,A
5-NP,693,3804,0,2,0,3806,A
5-NP,694,3803,0,3,0,3806,A
5-NP,695,0,3,0,3832,3835,C
5-NP,696,3783,0,3,0,3786,A
5-NP,697,1,0,3827,0,3828,G
5-NP,698,0,1,0,3814,3815,C
5-NP,699,0,3814,0,6,3820,T
5-NP,700,4,1,3869,0,3874,G
5-NP,701,0,1,1,3856,3858,C
5-NP,702,3882,0,7,2,3891,A
5-NP,703,1,1,0,3887,3889,C
5-NP,704,3863,1,2,0,3866,A
5-NP,705,3864,0,4,0,3868,A
5-NP,706,3808,1,6,1,3816,A
5-NP,707,1,4,3933,0,3938,G
5-NP,708,3908,1,14,1,3924,A
5-NP,709,0,1,3935,0,3936,G
5-NP,710,3,5,0,3897,3905,C
5-NP,711,3916,0,4,1,3921,A
5-NP,712,3981,1,5,0,3987,A
5-NP,713,0,3978,0,2,3980,T
5-NP,714,4,2,3981,0,3987,G
5-NP,715,2,1,3988,1,3992,G
5-NP,716,2,3884,0,6,3892,T
5-NP,717,0,2,3901,1,3904,G
5-NP,718,1,0,3932,1,3934,G
5-NP,719,3918,3,6,0,3927,A
5-NP,720,0,3922,0,5,3927,T
5-NP,721,3,0,1,3846,3850,C
5-NP,722,3868,1,3,0,3872,A
5-NP,723,3881,0,3,0,3884,A
5-NP,724,0,0,3891,1,3892,G
5-NP,725,1,3875,0,3,3879,T
5-NP,726,1,3,3874,1,3879,G
5-NP,727,3812,3,13,0,3828,A
5-NP,728,0,3,3842,0,3845,G
5-NP,729,3829,0,1,0,3830,A
5-NP,730,1,3,3834,0,3838,G
5-NP,731,3812,0,4,1,3817,A
5-NP,732,3775,0,2,0,3777,A
5-NP,733,3776,0,9,0,3785,A
5-NP,734,0,1,3791,0,3792,G
5-NP,735,0,3773,1,2,3776,T
5-NP,736,5,1,0,3777,3783,C
5-NP,737,1,1,3766,2,3770,G
5-NP,738,0,2,3772,0,3774,G
5-NP,739,3770,3,3,0,3776,A
5-NP,740,3786,0,0,0,3786,A
5-NP,741,0,0,0,3779,3779,C
5-NP,742,4,0,1,3729,3734,C
5-NP,743,11,2,0,3732,3745,C
5-NP,744,3732,0,10,0,3742,A
5-NP,745,0,2,3747,0,3749,G
5-NP,746,1,0,3745,0,3746,G
5-NP,747,3737,0,0,2,3739,A
5-NP,748,3733,0,1,0,3734,A
5-NP,749,3694,1,6,0,3701,A
5-NP,750,0,3,0,3705,3708,C
5-NP,751,3,0,3689,0,3692,G
5-NP,752,2,1,0,3679,3682,C
5-NP,753,3,3,0,3670,3676,C
5-NP,754,2,1,3679,0,3682,G
5-NP,755,3686,0,1,0,3687,A
5-NP,756,0,0,3714,0,3714,G
5-NP,757,3723,1,0,0,3724,A
5-NP,758,0,3721,0,1,3722,T
5-NP,759,1,0,0,3704,3705,C
5-NP,760,3,2,3710,0,3715,G
5-NP,761,3714,1,1,0,3716,A
5-NP,762,3708,1,3,1,3713,A
5-NP,763,0,0,3733,0,3733,G
5-NP,764,3738,1,1,0,3740,A
5-NP,765,1,3717,0,1,3719,T
5-NP,766,2,0,0,3721,3723,C
5-NP,767,3,3721,0,0,3724,T
5-NP,768,6,1,0,3761,3768,C
5-NP,769,3774,0,1,1,3776,A
5-NP,770,0,3768,0,4,3772,T
5-NP,771,3786,0,1,0,3787,A
5-NP,772,0,3747,0,1,3748,T
5-NP,773,1,3722,2,2,3727,T
5-NP,774,0,3710,0,2,3712,T
5-NP,775,0,3668,0,1,3669,T
5-NP,776,0,3673,1,1,3675,T
5-NP,777,3669,0,1,0,3670,A
5-NP,778,1,0,3665,1,3667,G
5-NP,779,0,0,0,3668,3668,C
5-NP,780,3649,0,2,0,3651,A
5-NP,781,3640,1,8,1,3650,A
5-NP,782,0,0,3743,0,3743,G
5-NP,783,3729,0,4,0,3733,A
5-NP,784,2,3737,1,2,3742,T
5-NP,785,1,0,0,3752,3753,C
5-NP,786,1,3735,0,5,3741,T
5-NP,787,0,1,3819,1,3821,G
5-NP,788,0,3,0,3816,3819,C
5-NP,789,3820,0,3,0,3823,A
5-NP,790,0,3829,1,2,3832,T
5-NP,791,0,3728,0,1,3729,T
5-NP,792,1,4,3901,0,3906,G
5-NP,793,3953,1,5,0,3959,A
5-NP,794,1,3946,0,3,3950,T
5-NP,795,3950,0,3,1,3954,A
5-NP,796,1,3842,0,3,3846,T
5-NP,797,0,3807,0,5,3812,T
5-NP,798,6,2,3826,0,3834,G
5-NP,799,3800,0,3,0,3803,A
5-NP,800,1,0,3825,0,3826,G
5-NP,801,3605,0,8,0,3613,A
5-NP,802,3,2,3565,0,3570,G
5-NP,803,0,0,3602,0,3602,G
5-NP,804,3592,1,3,0,3596,A
5-NP,805,0,3589,0,5,3594,T
5-NP,806,4,0,0,3591,3595,C
5-NP,807,3576,1,1,0,3578,A
5-NP,808,0,0,3597,0,3597,G
5-NP,809,0,3574,0,1,3575,T
5-NP,810,0,3553,0,2,3555,T
5-NP,811,1,1,3553,0,3555,G
5-NP,812,1,2,0,3512,3515,C
5-NP,813,2,3509,1,4,3516,T
5-NP,814,3,1,1,3532,3537,C
5-NP,815,3540,1,1,0,3542,A
5-NP,816,0,0,0,3543,3543,C
5-NP,817,3540,1,1,0,3542,A
5-NP,818,3552,2,2,0,3556,A
5-NP,819,3565,0,1,0,3566,A
5-NP,820,0,3550,0,2,3552,T
5-NP,821,2,0,0,3558,3560,C
5-NP,822,0,3537,1,2,3540,T
5-NP,823,2,3530,0,2,3534,T
5-NP,824,2,0,3550,0,3552,G
5-NP,825,0,3,0,3531,3534,C
5-NP,826,7,1,0,3571,3579,C
5-NP,827,1,3554,0,3,3558,T
5-NP,828,3571,2,3,0,3576,A
5-NP,829,0,1,0,3562,3563,C
5-NP,830,4,0,0,3563,3567,C
5-NP,831,0,3548,0,5,3553,T
5-NP,832,3,1,3592,0,3596,G
5-NP,833,1,1,0,3576,3578,C
5-NP,834,5,3,0,3582,3590,C
5-NP,835,0,3520,0,4,3524,T
5-NP,836,4,1,3548,0,3553,G
5-NP,837,1,3526,0,3,3530,T
5-NP,838,1,2,3552,0,3555,G
5-NP,839,0,100,0,3474,3574,C
5-NP,840,7,0,3605,0,3612,G
5-NP,841,0,3540,0,2,3542,T
5-NP,842,3537,0,2,0,3539,A
5-NP,843,0,3542,0,1,3543,T
5-NP,844,0,2,3521,0,3523,G
5-NP,845,0,2,3611,0,3613,G
5-NP,846,3599,2,7,0,3608,A
5-NP,847,2,3,1,3556,3562,C
5-NP,848,4,1,0,3556,3561,C
5-NP,849,1,3508,1,3,3513,T
5-NP,850,1,0,3645,0,3646,G
5-NP,851,3,1,0,3640,3644,C
5-NP,852,3648,1,2,0,3651,A
5-NP,853,0,1,3704,0,3705,G
5-NP,854,1,3529,0,2,3532,T
5-NP,855,3607,1,1,0,3609,A
5-NP,856,0,3588,0,5,3593,T
5-NP,857,3,2,0,3575,3580,C
5-NP,858,1,1,0,3584,3586,C
5-NP,859,3332,0,0,1,3333,A
5-NP,860,6,2,3342,0,3350,G
5-NP,861,0,3328,0,2,3330,T
5-NP,862,0,2,3346,1,3349,G
5-NP,863,0,2,3338,0,3340,G
5-NP,864,1,3,3265,0,3269,G
5-NP,865,0,3255,1,3,3259,T
5-NP,866,3245,0,2,0,3247,A
5-NP,867,0,2,0,3241,3243,C
5-NP,868,2,2,3225,0,3229,G
5-NP,869,3213,1,1,0,3215,A
5-NP,870,0,1,0,3210,3211,C
5-NP,871,0,3115,1,1,3117,T
5-NP,872,0,3115,1,2,3118,T
5-NP,873,3,1,0,3103,3107,C
5-NP,874,1,1,3110,0,3112,G
5-NP,875,3110,0,1,0,3111,A
5-NP,876,3103,0,1,0,3104,A
5-NP,877,3111,1,2,0,3114,A
5-NP,878,3110,0,0,0,3110,A
5-NP,879,3101,1,3,1,3106,A
5-NP,880,0,0,3118,0,3118,G
5-NP,881,3105,0,4,1,3110,A
5-NP,882,1,5,3133,0,3139,G
5-NP,883,1,1,3156,0,3158,G
5-NP,884,2,0,3169,0,3171,G
5-NP,885,3178,0,4,2,3184,A
5-NP,886,1,3166,1,1,3169,T
5-NP,887,3174,0,2,0,3176,A
5-NP,888,1,3157,2,3,3163,T
5-NP,889,2,3169,0,3,3174,T
5-NP,890,2,1,0,3183,3186,C
5-NP,891,2,1,0,3149,3152,C
5-NP,892,1,3089,1,2,3093,T
5-NP,893,0,3088,0,0,3088,T
5-NP,894,0,1,3108,0,3109,G
5-NP,895,0,0,3119,0,3119,G
5-NP,896,1,3090,0,1,3092,T
5-NP,897,0,2,3074,0,3076,G
5-NP,898,2,1,3044,0,3047,G
5-NP,899,3,0,3121,0,3124,G
5-NP,900,3116,0,3,0,3119,A
5-NP,901,3114,1,3,1,3119,A
5-NP,902,0,3119,0,2,3121,T
5-NP,903,3070,2,2,0,3074,A
5-NP,904,1,2,3078,0,3081,G
5-NP,905,3061,0,4,0,3065,A
5-NP,906,0,0,0,3048,3048,C
5-NP,907,0,0,0,3014,3014,C
5-NP,908,4,0,0,2879,2883,C
5-NP,909,1,2886,0,5,2892,T
5-NP,910,0,2894,0,4,2898,T
5-NP,911,1,2892,0,2,2895,T
5-NP,912,2,0,1,2894,2897,C
5-NP,913,2889,0,0,0,2889,A
5-NP,914,2884,0,4,0,2888,A
5-NP,915,2881,0,0,1,2882,A
5-NP,916,0,0,0,2884,2884,C
5-NP,917,0,2786,0,2,2788,T
5-NP,918,2755,0,1,0,2756,A
5-NP,919,0,0,0,2776,2776,C
5-NP,920,1,2752,0,5,2758,T
5-NP,921,0,2759,1,0,2760,T
5-NP,922,1,0,0,2768,2769,C
5-NP,923,2751,0,2,0,2753,A
5-NP,924,2749,0,4,0,2753,A
5-NP,925,2732,1,1,0,2734,A
5-NP,926,2732,0,2,0,2734,A
5-NP,927,0,2711,1,0,2712,T
5-NP,928,2643,0,1,0,2644,A
5-NP,929,0,0,2672,0,2672,G
5-NP,930,0,0,0,2678,2678,C
5-NP,931,0,2,0,2688,2690,C
5-NP,932,2696,1,0,0,2697,A
5-NP,933,2690,0,3,1,2694,A
5-NP,934,2764,3,2,0,2769,A
5-NP,935,0,2775,1,0,2776,T
5-NP,936,2775,0,1,0,2776,A
5-NP,937,1,2777,0,0,2778,T
5-NP,938,2693,0,2,2,2697,A
5-NP,939,0,2,0,2701,2703,C
5-NP,940,2601,0,2,0,2603,A
5-NP,941,0,1,2634,0,2635,G
5-NP,942,0,0,0,2633,2633,C
5-NP,943,0,2464,1,49,2514,T
5-NP,944,0,2537,0,2,2539,T
5-NP,945,2540,0,1,0,2541,A
5-NP,946,2543,0,1,0,2544,A
5-NP,947,0,2542,0,0,2542,T
5-NP,948,2,2,1,2527,2532,C
5-NP,949,2382,0,3,0,2385,A
5-NP,950,2,1,2388,1,2392,G
5-NP,951,2384,0,4,1,2389,A
5-NP,952,0,1,0,2396,2397,C
5-NP,953,1,1,1,2373,2376,C
5-NP,954,0,2329,0,5,2334,T
5-NP,955,2347,0,1,1,2349,A
5-NP,956,2345,0,3,0,2348,A
5-NP,957,2,4,1,2354,2361,C
5-NP,958,0,2,2359,0,2361,G
5-NP,959,2290,0,0,0,2290,A
5-NP,960,0,1,2293,1,2295,G
5-NP,961,2268,0,4,0,2272,A
5-NP,962,2275,0,7,0,2282,A
5-NP,963,0,2276,0,1,2277,T
5-NP,964,0,0,2,2241,2243,C
5-NP,965,0,1,0,2246,2247,C
5-NP,966,2194,0,5,1,2200,A
5-NP,967,1,0,2204,0,2205,G
5-NP,968,0,0,0,2204,2204,C
5-NP,969,2218,0,1,0,2219,A
5-NP,970,0,0,1,2223,2224,C
5-NP,971,2181,0,4,0,2185,A
5-NP,972,1,1,0,2177,2179,C
5-NP,973,2179,0,4,0,2183,A
5-NP,974,2180,0,6,0,2186,A
5-NP,975,0,0,2189,0,2189,G
5-NP,976,2136,2,4,1,2143,A
5-NP,977,1,0,2142,0,2143,G
5-NP,978,0,2087,0,4,2091,T
5-NP,979,0,1,0,2082,2083,C
5-NP,980,2066,1,4,0,2071,A
5-NP,981,1,0,2065,0,2066,G
5-NP,982,0,1,0,2062,2063,C
5-NP,983,0,2041,0,1,2042,T
5-NP,984,0,1,2042,0,2043,G
5-NP,985,0,1,2037,0,2038,G
5-NP,986,0,2016,0,3,2019,T
5-NP,987,1,0,2025,1,2027,G
5-NP,988,0,2003,0,1,2004,T
5-NP,989,1,1,1996,0,1998,G
5-NP,990,1,0,1992,0,1993,G
5-NP,991,1973,0,2,0,1975,A
5-NP,992,1,1978,0,1,1980,T
5-NP,993,4,1,1864,0,1869,G
5-NP,994,0,1,1842,0,1843,G
5-NP,995,1,0,1,1822,1824,C
5-NP,996,1791,0,4,0,1795,A
5-NP,997,0,1781,9,2,1792,T
5-NP,998,0,1,1757,0,1758,G
5-NP,999,1,1,0,1759,1761,C
5-NP,1000,1,0,0,1764,1765,C
5-NP,1001,1749,0,2,0,1751,A
5-NP,1002,0,1733,0,1,1734,T
5-NP,1003,0,1679,1,3,1683,T
5-NP,1004,0,0,0,1694,1694,C
5-NP,1005,1,1643,0,1,1645,T
5-NP,1006,0,1,1642,0,1643,G
5-NP,1007,0,0,0,1636,1636,C
5-NP,1008,1,1510,0,4,1515,T
5-NP,1009,1,1,1521,0,1523,G
5-NP,1010,0,0,0,1467,1467,C
5-NP,1011,1463,0,1,0,1464,A
5-NP,1012,1,1462,0,1,1464,T
5-NP,1013,0,1444,0,0,1444,T
5-NP,1014,0,1446,1,0,1447,T
5-NP,1015,0,0,1442,0,1442,G
5-NP,1016,1440,1,2,0,1443,A
5-NP,1017,1443,0,2,0,1445,A
5-NP,1018,0,0,1453,0,1453,G
5-NP,1019,1456,0,1,0,1457,A
5-NP,1020,0,1453,0,0,1453,T
5-NP,1021,0,1456,0,0,1456,T
5-NP,1022,0,1455,0,1,1456,T
5-NP,1023,1453,0,0,0,1453,A
5-NP,1024,1455,0,2,0,1457,A
5-NP,1025,1,1,1458,0,1460,G
5-NP,1026,1460,0,0,0,1460,A
5-NP,1027,0,1460,0,1,1461,T
5-NP,1028,0,1419,0,1,1420,T
5-NP,1029,0,0,1428,0,1428,G
5-NP,1030,1,1422,1,3,1427,T
5-NP,1031,0,1426,0,1,1427,T
5-NP,1032,1420,1,0,1,1422,A
5-NP,1033,1420,1,5,1,1427,A
5-NP,1034,0,0,1427,0,1427,G
5-NP,1035,0,1,1,1427,1429,C
5-NP,1036,0,1385,0,4,1389,T
5-NP,1037,0,1388,0,1,1389,T
5-NP,1038,0,0,0,1391,1391,C
5-NP,1039,1391,0,5,0,1396,A
5-NP,1040,0,1395,1,0,1396,T
5-NP,1041,0,0,0,1400,1400,C
5-NP,1042,1381,0,3,0,1384,A
5-NP,1043,0,0,1380,0,1380,G
5-NP,1044,1357,1,3,1,1362,A
5-NP,1045,0,0,1362,0,1362,G
5-NP,1046,0,1,1357,0,1358,G
5-NP,1047,1,0,1344,0,1345,G
5-NP,1048,1344,0,0,0,1344,A
5-NP,1049,1,2,0,1341,1344,C
5-NP,1050,1,1,1337,0,1339,G
5-NP,1051,1346,0,2,0,1348,A
5-NP,1052,1347,0,2,0,1349,A
5-NP,1053,1345,0,3,0,1348,A
5-NP,1054,0,1,1355,0,1356,G
5-NP,1055,0,1338,0,2,1340,T
5-NP,1056,1335,0,3,0,1338,A
5-NP,1057,0,1332,0,0,1332,T
5-NP,1058,1,1,0,1327,1329,C
5-NP,1059,1,1317,0,0,1318,T
5-NP,1060,3,0,0,1311,1314,C
5-NP,1061,2,0,0,1304,1306,C
5-NP,1062,0,1298,0,1,1299,T
5-NP,1063,1,0,0,1297,1298,C
5-NP,1064,0,1,1293,0,1294,G
5-NP,1065,0,2,1296,0,1298,G
5-NP,1066,0,2,1300,0,1302,G
5-NP,1067,0,0,1300,0,1300,G
5-NP,1068,0,0,1295,0,1295,G
5-NP,1069,1271,1,1,0,1273,A
5-NP,1070,1276,0,1,0,1277,A
5-NP,1071,1276,0,2,0,1278,A
5-NP,1072,0,3,0,1283,1286,C
5-NP,1073,0,1275,1,3,1279,T
5-NP,1074,2,0,1282,0,1284,G
5-NP,1075,1,1271,1,2,1275,T
5-NP,1076,1,0,0,1272,1273,C
5-NP,1077,1285,0,3,0,1288,A
5-NP,1078,1293,0,2,0,1295,A
5-NP,1079,0,0,0,1296,1296,C
5-NP,1080,0,1294,0,2,1296,T
5-NP,1081,1270,1,0,0,1271,A
5-NP,1082,0,3,1269,0,1272,G
5-NP,1083,1238,0,0,0,1238,A
5-NP,1084,0,0,1238,0,1238,G
5-NP,1085,0,0,1233,0,1233,G
5-NP,1086,1179,1,0,0,1180,A
5-NP,1087,0,0,1205,0,1205,G
5-NP,1088,0,1196,0,0,1196,T
5-NP,1089,1194,0,2,0,1196,A
5-NP,1090,1,0,0,1195,1196,C
5-NP,1091,1188,0,1,0,1189,A
5-NP,1092,1189,0,0,0,1189,A
5-NP,1093,1179,0,0,0,1179,A
5-NP,1094,1,1166,0,1,1168,T
5-NP,1095,0,1160,0,0,1160,T
5-NP,1096,0,1,1137,0,1138,G
5-NP,1097,0,0,0,1130,1130,C
5-NP,1098,0,1131,0,0,1131,T
5-NP,1099,0,1127,0,0,1127,T
5-NP,1100,1,1,0,1127,1129,C
5-NP,1101,1126,1,0,0,1127,A
5-NP,1102,1135,0,0,1,1136,A
5-NP,1103,1129,2,2,0,1133,A
5-NP,1104,0,1134,0,1,1135,T
5-NP,1105,2,1,1134,0,1137,G
5-NP,1106,1112,0,2,0,1114,A
5-NP,1107,0,0,1119,0,1119,G
5-NP,1108,1118,0,1,0,1119,A
5-NP,1109,1116,0,1,0,1117,A
5-NP,1110,0,0,0,1117,1117,C
5-NP,1111,1112,0,0,0,1112,A
5-NP,1112,0,1115,0,0,1115,T
5-NP,1113,0,0,1123,0,1123,G
5-NP,1114,13,0,1117,0,1130,G
5-NP,1115,1131,0,0,0,1131,A
5-NP,1116,0,1115,0,0,1115,T
5-NP,1117,1099,0,0,0,1099,A
5-NP,1118,1157,0,0,0,1157,A
5-NP,1119,0,1111,0,0,1111,T
5-NP,1120,1112,0,0,0,1112,A
5-NP,1121,0,1104,0,2,1106,T
5-NP,1122,2,0,1033,0,1035,G
5-NP,1123,1,1,1024,0,1026,G
5-NP,1124,0,0,1018,0,1018,G
5-NP,1125,1013,0,1,0,1014,A
5-NP,1126,0,1013,0,0,1013,T
5-NP,1127,0,0,0,822,822,C
5-NP,1128,1,0,821,0,822,G
5-NP,1129,820,0,1,2,823,A
5-NP,1130,0,0,821,0,821,G
5-NP,1131,0,1,0,819,820,C
5-NP,1132,806,0,0,0,806,A
5-NP,1133,0,0,0,837,837,C
5-NP,1134,0,824,0,1,825,T
5-NP,1135,0,0,0,827,827,C
5-NP,1136,0,824,0,1,825,T
5-NP,1137,0,820,0,0,820,T
5-NP,1138,2,1,817,0,820,G
5-NP,1139,817,0,3,0,820,A
5-NP,1140,819,0,0,0,819,A
5-NP,1141,0,0,0,820,820,C
5-NP,1142,0,677,0,1,678,T
5-NP,1143,0,0,679,1,680,G
5-NP,1144,657,0,2,0,659,A
5-NP,1145,1,0,660,0,661,G
5-NP,1146,668,0,0,0,668,A
5-NP,1147,663,0,0,0,663,A
5-NP,1148,0,0,662,0,662,G
5-NP,1149,0,1,0,651,652,C
5-NP,1150,47,0,602,0,649,G
5-NP,1151,0,0,651,0,651,G
5-NP,1152,0,0,649,0,649,G
5-NP,1153,0,649,0,0,649,T
5-NP,1154,634,0,0,0,634,A
5-NP,1155,0,0,0,630,630,C
5-NP,1156,0,558,0,0,558,T
5-NP,1157,0,0,552,0,552,G
5-NP,1158,0,0,544,0,544,G
5-NP,1159,1,0,545,0,546,G
5-NP,1160,0,0,0,536,536,C
5-NP,1161,0,0,0,524,524,C
5-NP,1162,529,0,0,0,529,A
5-NP,1163,0,529,0,0,529,T
5-NP,1164,528,0,0,0,528,A
5-NP,1165,528,0,0,0,528,A
5-NP,1166,0,0,523,0,523,G
5-NP,1167,2,0,527,0,529,G
5-NP,1168,519,0,0,0,519,A
5-NP,1169,0,0,0,519,519,C
5-NP,1170,1,0,0,518,519,C
5-NP,1171,515,1,1,0,517,A
5-NP,1172,1,0,524,0,525,G
5-NP,1173,0,1,524,0,525,G
5-NP,1174,522,0,2,0,524,A
5-NP,1175,0,0,527,0,527,G
5-NP,1176,0,505,0,0,505,T
5-NP,1177,1,0,510,0,511,G
5-NP,1178,1,0,516,1,518,G
5-NP,1179,514,0,0,0,514,A
5-NP,1180,0,0,520,0,520,G
5-NP,1181,0,0,507,0,507,G
5-NP,1182,495,0,3,0,498,A
5-NP,1183,498,0,1,0,499,A
5-NP,1184,501,0,0,0,501,A
5-NP,1185,0,1,0,503,504,C
5-NP,1186,498,0,0,0,498,A
5-NP,1187,0,0,0,512,512,C
5-NP,1188,0,505,0,0,505,T
5-NP,1189,507,0,0,0,507,A
5-NP,1190,507,0,0,0,507,A
5-NP,1191,0,503,0,0,503,T
5-NP,1192,2,0,0,507,509,C
5-NP,1193,500,0,0,0,500,A
5-NP,1194,493,0,1,0,494,A
5-NP,1195,1,0,0,492,493,C
5-NP,1196,481,0,0,0,481,A
5-NP,1197,0,0,480,0,480,G
5-NP,1198,463,0,1,0,464,A
5-NP,1199,0,0,467,0,467,G
5-NP,1200,0,0,463,0,463,G
5-NP,1201,0,0,465,0,465,G
5-NP,1202,1,0,0,465,466,C
5-NP,1203,0,0,0,462,462,C
5-NP,1204,0,458,0,0,458,T
5-NP,1205,0,0,0,464,464,C
5-NP,1206,0,0,0,461,461,C
5-NP,1207,0,0,461,0,461,G
5-NP,1208,0,0,0,463,463,C
5-NP,1209,453,0,1,0,454,A
5-NP,1210,1,0,462,0,463,G
5-NP,1211,0,0,460,0,460,G
5-NP,1212,0,0,0,466,466,C
5-NP,1213,0,1,0,467,468,C
5-NP,1214,471,0,0,0,471,A
5-NP,1215,472,0,0,0,472,A
5-NP,1216,473,0,0,0,473,A
5-NP,1217,0,0,0,473,473,C
5-NP,1218,0,448,0,0,448,T
5-NP,1219,452,0,0,0,452,A
5-NP,1220,0,0,455,0,455,G
5-NP,1221,0,456,0,0,456,T
5-NP,1222,0,0,457,0,457,G
5-NP,1223,0,453,0,0,453,T
5-NP,1224,1,0,450,0,451,G
5-NP,1225,0,0,0,450,450,C
5-NP,1226,442,0,1,0,443,A
5-NP,1227,449,0,0,0,449,A
5-NP,1228,0,0,0,448,448,C
5-NP,1229,2,1,0,449,452,C
5-NP,1230,0,450,0,0,450,T
5-NP,1231,451,0,0,0,451,A
5-NP,1232,0,0,0,449,449,C
5-NP,1233,0,0,449,0,449,G
5-NP,1234,0,450,0,0,450,T
5-NP,1235,0,452,0,1,453,T
5-NP,1236,0,449,0,0,449,T
5-NP,1237,0,449,0,1,450,T
5-NP,1238,0,0,0,450,450,C
5-NP,1239,0,443,0,1,444,T
5-NP,1240,0,0,450,0,450,G
5-NP,1241,0,449,0,0,449,T
5-NP,1242,447,2,0,0,449,A
5-NP,1243,0,0,0,453,453,C
5-NP,1244,449,0,0,0,449,A
5-NP,1245,451,0,0,0,451,A
5-NP,1246,450,0,0,0,450,A
5-NP,1247,0,0,450,0,450,G
5-NP,1248,451,0,0,0,451,A
5-NP,1249,439,0,0,0,439,A
5-NP,1250,439,0,0,0,439,A
5-NP,1251,0,0,0,438,438,C
5-NP,1252,0,0,0,431,431,C
5-NP,1253,0,429,0,0,429,T
5-NP,1254,0,0,0,429,429,C
5-NP,1255,0,0,0,428,428,C
5-NP,1256,0,0,0,430,430,C
5-NP,1257,429,0,0,0,429,A
5-NP,1258,0,433,0,0,433,T
5-NP,1259,0,432,0,0,432,T
5-NP,1260,0,432,0,0,432,T
5-NP,1261,0,0,431,0,431,G
5-NP,1262,431,0,0,0,431,A
5-NP,1263,431,1,0,0,432,A
5-NP,1264,432,0,0,0,432,A
5-NP,1265,431,1,1,0,433,A
5-NP,1266,0,0,437,0,437,G
5-NP,1267,0,434,0,0,434,T
5-NP,1268,0,0,0,433,433,C
5-NP,1269,435,0,0,0,435,A
5-NP,1270,435,0,0,0,435,A
5-NP,1271,1,1,0,433,435,C
5-NP,1272,3,0,0,435,438,C
5-NP,1273,436,2,0,0,438,A
5-NP,1274,0,435,0,2,437,T
5-NP,1275,0,1,1,433,435,C
5-NP,1276,434,0,0,0,434,A
5-NP,1277,0,435,0,0,435,T
5-NP,1278,0,0,431,0,431,G
5-NP,1279,0,0,433,0,433,G
5-NP,1280,0,0,0,432,432,C
5-NP,1281,423,0,1,0,424,A
5-NP,1282,0,0,426,0,426,G
5-NP,1283,0,0,0,423,423,C
5-NP,1284,422,0,0,0,422,A
5-NP,1285,0,421,0,0,421,T
5-NP,1286,0,418,0,1,419,T
5-NP,1287,1,0,0,415,416,C
5-NP,1288,411,0,0,0,411,A
5-NP,1289,0,0,0,413,413,C
5-NP,1290,0,413,0,0,413,T
5-NP,1291,0,0,415,0,415,G
5-NP,1292,0,0,416,0,416,G
5-NP,1293,412,0,0,0,412,A
5-NP,1294,412,0,1,0,413,A
5-NP,1295,412,0,0,1,413,A
5-NP,1296,0,411,0,0,411,T
5-NP,1297,412,0,0,0,412,A
5-NP,1298,0,0,0,409,409,C
5-NP,1299,0,1,401,0,402,G
5-NP,1300,0,0,404,1,405,G
5-NP,1301,398,0,0,0,398,A
5-NP,1302,0,0,397,0,397,G
5-NP,1303,0,0,400,0,400,G
5-NP,1304,0,0,398,0,398,G
5-NP,1305,398,0,0,0,398,A
5-NP,1306,396,0,1,0,397,A
5-NP,1307,0,0,400,0,400,G
5-NP,1308,400,0,0,0,400,A
5-NP,1309,400,0,0,0,400,A
5-NP,1310,0,0,0,403,403,C
5-NP,1311,1,396,0,0,397,T
5-NP,1312,0,399,0,0,399,T
5-NP,1313,0,0,0,399,399,C
5-NP,1314,399,0,1,0,400,A
5-NP,1315,2,0,398,0,400,G
5-NP,1316,397,0,1,0,398,A
5-NP,1317,0,0,0,399,399,C
5-NP,1318,394,1,0,0,395,A
5-NP,1319,0,387,0,0,387,T
5-NP,1320,1,1,386,0,388,G
5-NP,1321,381,0,2,0,383,A
5-NP,1322,0,0,384,0,384,G
5-NP,1323,0,0,381,0,381,G
5-NP,1324,0,0,379,0,379,G
5-NP,1325,0,0,0,379,379,C
5-NP,1326,375,0,0,0,375,A
5-NP,1327,0,0,374,0,374,G
5-NP,1328,375,0,0,0,375,A
5-NP,1329,376,0,0,0,376,A
5-NP,1330,376,0,0,0,376,A
5-NP,1331,0,373,0,0,373,T
5-NP,1332,0,0,0,382,382,C
5-NP,1333,381,0,0,0,381,A
5-NP,1334,0,380,0,0,380,T
5-NP,1335,379,0,1,0,380,A
5-NP,1336,380,0,0,0,380,A
5-NP,1337,0,0,385,0,385,G
5-NP,1338,376,1,0,0,377,A
5-NP,1339,380,0,0,0,380,A
5-NP,1340,0,375,0,0,375,T
5-NP,1341,0,0,375,0,375,G
5-NP,1342,372,1,1,0,374,A
5-NP,1343,0,373,0,0,373,T
5-NP,1344,0,0,372,0,372,G
5-NP,1345,0,0,373,0,373,G
5-NP,1346,361,0,0,0,361,A
5-NP,1347,358,0,1,0,359,A
5-NP,1348,0,0,352,0,352,G
5-NP,1349,0,0,357,0,357,G
5-NP,1350,0,349,0,1,350,T
5-NP,1351,0,0,350,0,350,G
5-NP,1352,0,0,0,350,350,C
5-NP,1353,350,0,1,0,351,A
5-NP,1354,350,0,1,0,351,A
5-NP,1355,347,1,0,0,348,A
5-NP,1356,352,0,1,0,353,A
5-NP,1357,1,0,1,351,353,C
5-NP,1358,2,0,0,340,342,C
5-NP,1359,340,0,0,0,340,A
5-NP,1360,0,0,343,0,343,G
5-NP,1361,341,0,2,0,343,A
5-NP,1362,343,0,0,0,343,A
5-NP,1363,0,0,343,0,343,G
5-NP,1364,342,0,0,0,342,A
5-NP,1365,331,0,0,0,331,A
5-NP,1366,0,0,335,0,335,G
5-NP,1367,0,333,0,0,333,T
5-NP,1368,0,0,331,1,332,G
5-NP,1369,0,329,0,0,329,T
5-NP,1370,0,0,0,330,330,C
5-NP,1371,330,0,1,0,331,A
5-NP,1372,0,331,0,0,331,T
5-NP,1373,0,325,0,0,325,T
5-NP,1374,0,1,0,328,329,C
5-NP,1375,1,1,0,321,323,C
5-NP,1376,0,0,324,0,324,G
5-NP,1377,0,1,325,0,326,G
5-NP,1378,0,0,325,0,325,G
5-NP,1379,0,0,326,0,326,G
5-NP,1380,0,0,325,0,325,G
5-NP,1381,315,0,0,1,316,A
5-NP,1382,0,0,315,0,315,G
5-NP,1383,0,0,317,0,317,G
5-NP,1384,0,0,316,0,316,G
5-NP,1385,0,0,317,0,317,G
5-NP,1386,316,0,0,0,316,A
5-NP,1387,0,0,316,0,316,G
5-NP,1388,0,310,0,0,310,T
5-NP,1389,0,310,0,0,310,T
5-NP,1390,0,308,0,0,308,T
5-NP,1391,0,307,0,0,307,T
5-NP,1392,0,0,0,308,308,C
5-NP,1393,0,0,308,0,308,G
5-NP,1394,307,0,0,0,307,A
5-NP,1395,0,0,310,0,310,G
5-NP,1396,0,0,0,309,309,C
5-NP,1397,0,308,0,1,309,T
5-NP,1398,0,0,0,309,309,C
5-NP,1399,0,308,0,0,308,T
5-NP,1400,0,0,0,312,312,C
5-NP,1401,312,0,0,0,312,A
5-NP,1402,0,0,313,0,313,G
5-NP,1403,312,0,1,0,313,A
5-NP,1404,0,0,0,312,312,C
5-NP,1405,0,1,308,0,309,G
5-NP,1406,304,0,0,0,304,A
5-NP,1407,0,0,305,0,305,G
5-NP,1408,304,0,1,0,305,A
5-NP,1409,302,0,1,0,303,A
5-NP,1410,0,0,300,0,300,G
5-NP,1411,0,0,300,0,300,G
5-NP,1412,0,0,0,299,299,C
5-NP,1413,300,0,0,0,300,A
5-NP,1414,296,0,3,0,299,A
5-NP,1415,0,1,0,298,299,C
5-NP,1416,0,0,300,0,300,G
5-NP,1417,298,0,0,0,298,A
5-NP,1418,300,0,0,0,300,A
5-NP,1419,1,0,0,298,299,C
5-NP,1420,0,0,0,296,296,C
5-NP,1421,0,0,0,294,294,C
5-NP,1422,0,0,294,0,294,G
5-NP,1423,296,0,0,0,296,A
5-NP,1424,0,295,0,0,295,T
5-NP,1425,0,0,0,292,292,C
5-NP,1426,0,0,291,0,291,G
5-NP,1427,0,290,0,0,290,T
5-NP,1428,0,0,291,0,291,G
5-NP,1429,0,0,0,291,291,C
5-NP,1430,0,0,0,286,286,C
5-NP,1431,1,1,0,290,292,C
5-NP,1432,0,288,0,0,288,T
5-NP,1433,0,0,0,292,292,C
5-NP,1434,0,290,0,1,291,T
5-NP,1435,0,290,0,0,290,T
5-NP,1436,0,290,0,0,290,T
5-NP,1437,1,286,0,0,287,T
5-NP,1438,3,0,285,0,288,G
5-NP,1439,285,0,0,0,285,A
5-NP,1440,0,281,0,0,281,T
5-NP,1441,282,0,0,0,282,A
5-NP,1442,0,232,0,0,232,T
5-NP,1443,0,2,232,0,234,G
5-NP,1444,227,0,0,0,227,A
5-NP,1445,0,0,231,0,231,G
5-NP,1446,0,228,0,1,229,T
5-NP,1447,219,0,0,0,219,A
5-NP,1448,218,0,1,0,219,A
5-NP,1449,0,218,0,0,218,T
5-NP,1450,0,1,217,0,218,G
5-NP,1451,217,0,0,0,217,A
5-NP,1452,184,0,0,0,184,A
5-NP,1453,0,0,185,0,185,G
5-NP,1454,0,0,164,0,164,G
5-NP,1455,166,0,0,0,166,A
5-NP,1456,0,164,0,0,164,T
5-NP,1457,0,0,0,163,163,C
5-NP,1458,0,163,0,0,163,T
5-NP,1459,0,162,0,0,162,T
5-NP,1460,162,0,0,0,162,A
5-NP,1461,0,163,0,0,163,T
5-NP,1462,0,159,0,0,159,T
5-NP,1463,0,158,0,0,158,T
5-NP,1464,0,0,0,154,154,C
5-NP,1465,0,142,0,0,142,T
5-NP,1466,0,141,0,0,141,T
5-NP,1467,0,0,0,142,142,C
5-NP,1468,0,0,142,0,142,G
5-NP,1469,0,0,141,0,141,G
5-NP,1470,142,0,0,0,142,A
5-NP,1471,0,0,142,0,142,G
5-NP,1472,139,0,2,0,141,A
5-NP,1473,0,0,0,139,139,C
5-NP,1474,135,0,0,0,135,A
5-NP,1475,135,0,0,0,135,A
5-NP,1476,0,135,0,0,135,T
5-NP,1477,1,0,134,0,135,G
5-NP,1478,0,0,0,133,133,C
5-NP,1479,129,0,1,0,130,A
5-NP,1480,0,0,130,0,130,G
5-NP,1481,129,0,0,0,129,A
5-NP,1482,120,0,0,0,120,A
5-NP,1483,0,0,119,0,119,G
5-NP,1484,77,0,0,0,77,A
5-NP,1485,0,0,77,0,77,G
5-NP,1486,0,70,0,0,70,T
5-NP,1487,67,0,0,0,67,A
5-NP,1488,0,0,0,67,67,C
5-NP,1489,0,0,58,0,58,G
5-NP,1490,58,0,0,0,58,A
5-NP,1491,0,0,0,58,58,C
5-NP,1492,46,0,0,0,46,A
5-NP,1493,45,0,0,0,45,A
5-NP,1494,0,37,0,0,37,T
5-NP,1495,0,35,0,0,35,T
5-NP,1496,35,0,0,0,35,A
5-NP,1497,34,0,0,0,34,A
6-NA,1,110,0,0,0,110,A
6-NA,2,0,110,0,0,110,T
6-NA,3,0,0,110,0,110,G
6-NA,4,109,0,1,0,110,A
6-NA,5,118,0,0,0,118,A
6-NA,6,0,119,0,0,119,T
6-NA,7,0,0,0,119,119,C
6-NA,8,0,0,0,119,119,C
6-NA,9,119,0,0,0,119,A
6-NA,10,123,0,1,0,124,A
6-NA,11,124,0,0,0,124,A
6-NA,12,0,129,0,0,129,T
6-NA,13,0,0,0,128,128,C
6-NA,14,130,0,0,0,130,A
6-NA,15,133,0,0,0,133,A
6-NA,16,133,0,0,0,133,A
6-NA,17,138,0,0,0,138,A
6-NA,18,0,0,152,0,152,G
6-NA,19,160,0,0,0,160,A
6-NA,20,0,162,0,0,162,T
6-NA,21,162,0,0,0,162,A
6-NA,22,166,0,0,0,166,A
6-NA,23,0,170,0,0,170,T
6-NA,24,172,0,0,0,172,A
6-NA,25,175,0,0,0,175,A
6-NA,26,0,1,0,182,183,C
6-NA,27,0,0,186,0,186,G
6-NA,28,186,0,0,0,186,A
6-NA,29,0,186,0,0,186,T
6-NA,30,0,186,0,0,186,T
6-NA,31,0,0,187,0,187,G
6-NA,32,1,0,200,0,201,G
6-NA,33,0,0,0,202,202,C
6-NA,34,0,201,0,1,202,T
6-NA,35,0,0,0,215,215,C
6-NA,36,0,214,0,0,214,T
6-NA,37,0,0,226,0,226,G
6-NA,38,0,226,0,1,227,T
6-NA,39,0,227,0,0,227,T
6-NA,40,0,233,0,0,233,T
6-NA,41,0,0,0,235,235,C
6-NA,42,0,236,0,0,236,T
6-NA,43,0,0,0,236,236,C
6-NA,44,0,237,0,2,239,T
6-NA,45,0,1,0,241,242,C
6-NA,46,241,1,0,0,242,A
6-NA,47,0,0,0,256,256,C
6-NA,48,1,0,0,256,257,C
6-NA,49,257,0,0,0,257,A
6-NA,50,0,262,0,0,262,T
6-NA,51,0,260,0,3,263,T
6-NA,52,0,264,0,1,265,T
6-NA,53,0,0,0,269,269,C
6-NA,54,0,0,0,270,270,C
6-NA,55,279,0,0,0,279,A
6-NA,56,0,0,0,293,293,C
6-NA,57,290,0,0,0,290,A
6-NA,58,316,0,0,0,316,A
6-NA,59,0,316,0,0,316,T
6-NA,60,333,0,0,0,333,A
6-NA,61,0,334,0,0,334,T
6-NA,62,1,0,331,0,332,G
6-NA,63,0,0,0,331,331,C
6-NA,64,0,332,0,0,332,T
6-NA,65,0,344,0,0,344,T
6-NA,66,0,0,0,343,343,C
6-NA,67,0,339,0,1,340,T
6-NA,68,0,343,0,0,343,T
6-NA,69,1,0,0,341,342,C
6-NA,70,342,0,0,0,342,A
6-NA,71,0,341,0,0,341,T
6-NA,72,0,0,344,0,344,G
6-NA,73,0,0,0,348,348,C
6-NA,74,345,0,0,0,345,A
6-NA,75,349,0,0,0,349,A
6-NA,76,351,0,0,0,351,A
6-NA,77,0,355,0,0,355,T
6-NA,78,0,354,0,0,354,T
6-NA,79,0,0,359,0,359,G
6-NA,80,0,0,0,358,358,C
6-NA,81,0,0,0,357,357,C
6-NA,82,361,0,0,0,361,A
6-NA,83,0,362,0,0,362,T
6-NA,84,0,0,0,388,388,C
6-NA,85,0,390,0,0,390,T
6-NA,86,0,389,0,0,389,T
6-NA,87,0,0,400,0,400,G
6-NA,88,400,0,0,0,400,A
6-NA,89,0,399,0,0,399,T
6-NA,90,401,0,0,0,401,A
6-NA,91,402,0,0,0,402,A
6-NA,92,0,0,0,455,455,C
6-NA,93,0,452,0,0,452,T
6-NA,94,464,0,0,0,464,A
6-NA,95,0,0,0,486,486,C
6-NA,96,0,485,0,1,486,T
6-NA,97,0,0,494,0,494,G
6-NA,98,0,491,0,2,493,T
6-NA,99,496,0,0,0,496,A
6-NA,100,504,0,0,0,504,A
6-NA,101,0,0,0,500,500,C
6-NA,102,498,0,0,0,498,A
6-NA,103,0,503,0,1,504,T
6-NA,104,0,499,0,1,500,T
6-NA,105,1,0,499,0,500,G
6-NA,106,0,1,0,500,501,C
6-NA,107,505,0,0,0,505,A
6-NA,108,0,507,0,0,507,T
6-NA,109,0,504,0,0,504,T
6-NA,110,0,505,0,0,505,T
6-NA,111,0,1,0,502,503,C
6-NA,112,502,1,0,0,503,A
6-NA,113,506,1,0,0,507,A
6-NA,114,0,1,507,0,508,G
6-NA,115,0,0,1,511,512,C
6-NA,116,509,0,1,0,510,A
6-NA,117,531,0,0,0,531,A
6-NA,118,0,535,0,0,535,T
6-NA,119,533,0,0,0,533,A
6-NA,120,0,537,0,0,537,T
6-NA,121,0,0,552,0,552,G
6-NA,122,550,0,0,0,550,A
6-NA,123,559,0,0,0,559,A
6-NA,124,0,558,0,3,561,T
6-NA,125,0,561,0,1,562,T
6-NA,126,1,0,0,561,562,C
6-NA,127,557,0,2,0,559,A
6-NA,128,565,2,1,0,568,A
6-NA,129,0,1,0,570,571,C
6-NA,130,0,571,0,1,572,T
6-NA,131,0,2,0,563,565,C
6-NA,132,0,0,0,572,572,C
6-NA,133,2,0,0,580,582,C
6-NA,134,0,0,0,586,586,C
6-NA,135,3,0,0,585,588,C
6-NA,136,2,1,0,591,594,C
6-NA,137,0,0,0,596,596,C
6-NA,138,597,0,0,1,598,A
6-NA,139,599,0,1,0,600,A
6-NA,140,602,0,0,0,602,A
6-NA,141,0,0,0,607,607,C
6-NA,142,602,0,1,0,603,A
6-NA,143,615,0,1,0,616,A
6-NA,144,0,0,0,616,616,C
6-NA,145,0,1,0,613,614,C
6-NA,146,626,1,0,0,627,A
6-NA,147,628,0,0,0,628,A
6-NA,148,1,0,644,0,645,G
6-NA,149,1,643,0,0,644,T
6-NA,150,0,1,641,0,642,G
6-NA,151,653,0,0,0,653,A
6-NA,152,0,646,0,0,646,T
6-NA,153,1,0,646,0,647,G
6-NA,154,0,1,0,649,650,C
6-NA,155,0,649,0,0,649,T
6-NA,156,0,0,691,0,691,G
6-NA,157,0,687,0,1,688,T
6-NA,158,0,0,689,0,689,G
6-NA,159,0,691,0,0,691,T
6-NA,160,0,1,686,0,687,G
6-NA,161,685,0,1,0,686,A
6-NA,162,691,0,1,0,692,A
6-NA,163,0,1,0,690,691,C
6-NA,164,0,0,0,689,689,C
6-NA,165,677,0,0,0,677,A
6-NA,166,681,0,2,0,683,A
6-NA,167,0,0,0,714,714,C
6-NA,168,711,0,0,0,711,A
6-NA,169,718,0,0,0,718,A
6-NA,170,0,722,0,1,723,T
6-NA,171,721,0,2,0,723,A
6-NA,172,724,0,0,0,724,A
6-NA,173,0,724,0,0,724,T
6-NA,174,721,0,1,1,723,A
6-NA,175,0,2,720,0,722,G
6-NA,176,720,0,0,0,720,A
6-NA,177,721,1,1,0,723,A
6-NA,178,719,0,3,0,722,A
6-NA,179,0,0,726,0,726,G
6-NA,180,750,0,2,1,753,A
6-NA,181,752,0,1,0,753,A
6-NA,182,789,0,2,0,791,A
6-NA,183,0,0,0,793,793,C
6-NA,184,788,0,2,0,790,A
6-NA,185,0,803,0,0,803,T
6-NA,186,812,0,0,0,812,A
6-NA,187,812,1,0,1,814,A
6-NA,188,0,1,0,824,825,C
6-NA,189,818,0,0,0,818,A
6-NA,190,0,3,845,0,848,G
6-NA,191,842,0,0,0,842,A
6-NA,192,0,0,846,0,846,G
6-NA,193,840,0,4,0,844,A
6-NA,194,0,874,0,0,874,T
6-NA,195,874,1,0,0,875,A
6-NA,196,1,0,887,0,888,G
6-NA,197,0,882,0,0,882,T
6-NA,198,0,0,902,0,902,G
6-NA,199,0,911,0,0,911,T
6-NA,200,911,0,0,0,911,A
6-NA,201,0,904,0,3,907,T
6-NA,202,0,0,0,909,909,C
6-NA,203,0,900,0,3,903,T
6-NA,204,0,0,925,0,925,G
6-NA,205,923,0,2,0,925,A
6-NA,206,0,0,0,922,922,C
6-NA,207,1,1,0,927,929,C
6-NA,208,923,0,0,0,923,A
6-NA,209,921,0,1,0,922,A
6-NA,210,0,0,0,938,938,C
6-NA,211,934,0,1,0,935,A
6-NA,212,1,0,0,958,959,C
6-NA,213,1,0,0,955,956,C
6-NA,214,973,1,1,0,975,A
6-NA,215,0,0,0,991,991,C
6-NA,216,4,0,0,988,992,C
6-NA,217,993,1,2,0,996,A
6-NA,218,0,992,0,1,993,T
6-NA,219,987,0,1,2,990,A
6-NA,220,1,0,991,1,993,G
6-NA,221,980,0,1,0,981,A
6-NA,222,1,0,997,0,998,G
6-NA,223,988,0,0,0,988,A
6-NA,224,979,0,0,0,979,A
6-NA,225,4,1,981,0,986,G
6-NA,226,0,0,983,0,983,G
6-NA,227,990,1,2,0,993,A
6-NA,228,992,1,2,0,995,A
6-NA,229,993,0,0,0,993,A
6-NA,230,0,991,0,0,991,T
6-NA,231,989,0,0,0,989,A
6-NA,232,0,984,0,2,986,T
6-NA,233,1,1,982,0,984,G
6-NA,234,0,5,0,990,995,C
6-NA,235,0,1,0,978,979,C
6-NA,236,1,0,0,987,988,C
6-NA,237,0,0,0,989,989,C
6-NA,238,992,0,0,0,992,A
6-NA,239,1008,0,0,0,1008,A
6-NA,240,1007,0,1,0,1008,A
6-NA,241,1,0,0,1013,1014,C
6-NA,242,0,1011,0,0,1011,T
6-NA,243,1008,0,0,0,1008,A
6-NA,244,2,0,1011,0,1013,G
6-NA,245,0,0,0,1012,1012,C
6-NA,246,1009,0,3,0,1012,A
6-NA,247,1,1,1021,0,1023,G
6-NA,248,1011,0,1,0,1012,A
6-NA,249,1036,0,3,0,1039,A
6-NA,250,0,1040,0,0,1040,T
6-NA,251,1039,1,1,0,1041,A
6-NA,252,0,0,0,1044,1044,C
6-NA,253,1033,1,2,0,1036,A
6-NA,254,1,0,1034,0,1035,G
6-NA,255,1040,0,0,0,1040,A
6-NA,256,1030,1,0,0,1031,A
6-NA,257,1031,0,0,0,1031,A
6-NA,258,0,1015,0,0,1015,T
6-NA,259,0,1015,0,0,1015,T
6-NA,260,1,0,1018,0,1019,G
6-NA,261,1,3,1014,0,1018,G
6-NA,262,0,1018,0,3,1021,T
6-NA,263,4,0,0,1017,1021,C
6-NA,264,1019,0,0,0,1019,A
6-NA,265,1020,0,0,0,1020,A
6-NA,266,1017,0,1,0,1018,A
6-NA,267,0,0,1020,0,1020,G
6-NA,268,0,0,0,1019,1019,C
6-NA,269,0,2,0,1014,1016,C
6-NA,270,0,0,1018,0,1018,G
6-NA,271,1,0,0,1018,1019,C
6-NA,272,1022,0,0,0,1022,A
6-NA,273,1028,0,1,0,1029,A
6-NA,274,0,1025,0,0,1025,T
6-NA,275,0,0,1019,0,1019,G
6-NA,276,0,1,1,1018,1020,C
6-NA,277,1,1,1023,0,1025,G
6-NA,278,1043,0,1,1,1045,A
6-NA,279,0,1,0,1047,1048,C
6-NA,280,1044,0,4,0,1048,A
6-NA,281,0,1063,0,0,1063,T
6-NA,282,0,1053,0,0,1053,T
6-NA,283,1055,0,0,0,1055,A
6-NA,284,0,0,0,1055,1055,C
6-NA,285,1048,0,1,0,1049,A
6-NA,286,0,0,1061,0,1061,G
6-NA,287,0,0,1055,0,1055,G
6-NA,288,1057,1,0,0,1058,A
6-NA,289,1,1045,0,1,1047,T
6-NA,290,0,1026,0,1,1027,T
6-NA,291,0,1032,0,2,1034,T
6-NA,292,0,0,1034,0,1034,G
6-NA,293,1,0,0,1023,1024,C
6-NA,294,1031,0,0,0,1031,A
6-NA,295,1,0,0,1033,1034,C
6-NA,296,1,1,0,1028,1030,C
6-NA,297,0,1024,0,0,1024,T
6-NA,298,0,1025,0,1,1026,T
6-NA,299,0,1027,0,1,1028,T
6-NA,300,0,1027,0,0,1027,T
6-NA,301,0,1043,0,0,1043,T
6-NA,302,0,0,0,1047,1047,C
6-NA,303,0,1042,0,1,1043,T
6-NA,304,1037,0,1,0,1038,A
6-NA,305,1034,0,2,0,1036,A
6-NA,306,1,1,1050,0,1052,G
6-NA,307,0,3,1048,0,1051,G
6-NA,308,1050,0,2,0,1052,A
6-NA,309,0,0,0,1053,1053,C
6-NA,310,1041,0,0,0,1041,A
6-NA,311,1041,0,0,0,1041,A
6-NA,312,0,1042,0,0,1042,T
6-NA,313,0,1042,0,0,1042,T
6-NA,314,0,0,0,1057,1057,C
6-NA,315,1,0,1055,0,1056,G
6-NA,316,1056,0,1,0,1057,A
6-NA,317,0,1054,0,0,1054,T
6-NA,318,0,1049,0,1,1050,T
6-NA,319,1048,0,2,0,1050,A
6-NA,320,1,0,1047,0,1048,G
6-NA,321,1,0,1056,0,1057,G
6-NA,322,0,0,0,1059,1059,C
6-NA,323,0,1033,0,0,1033,T
6-NA,324,0,1039,0,0,1039,T
6-NA,325,0,1033,1,1,1035,T
6-NA,326,0,0,0,1045,1045,C
6-NA,327,0,0,0,1045,1045,C
6-NA,328,0,0,1045,0,1045,G
6-NA,329,0,0,0,1048,1048,C
6-NA,330,0,1041,0,0,1041,T
6-NA,331,1,0,1071,0,1072,G
6-NA,332,0,0,1071,0,1071,G
6-NA,333,0,1069,0,3,1072,T
6-NA,334,2,2,1072,1,1077,G
6-NA,335,0,1,1068,1,1070,G
6-NA,336,0,0,1076,0,1076,G
6-NA,337,0,1,1081,0,1082,G
6-NA,338,1072,0,3,0,1075,A
6-NA,339,0,0,0,1087,1087,C
6-NA,340,1062,1,2,0,1065,A
6-NA,341,0,1062,0,2,1064,T
6-NA,342,0,0,0,1068,1068,C
6-NA,343,1,1062,0,2,1065,T
6-NA,344,0,3,1063,0,1066,G
6-NA,345,1,1,1068,0,1070,G
6-NA,346,0,0,1080,0,1080,G
6-NA,347,0,1083,0,1,1084,T
6-NA,348,0,1,1075,0,1076,G
6-NA,349,1076,0,1,0,1077,A
6-NA,350,0,0,0,1101,1101,C
6-NA,351,1094,0,3,1,1098,A
6-NA,352,1104,1,2,0,1107,A
6-NA,353,1,0,1116,0,1117,G
6-NA,354,1110,0,0,0,1110,A
6-NA,355,2,0,1126,0,1128,G
6-NA,356,1135,0,1,0,1136,A
6-NA,357,1158,0,3,0,1161,A
6-NA,358,0,0,0,1298,1298,C
6-NA,359,0,0,0,1320,1320,C
6-NA,360,0,1318,0,1,1319,T
6-NA,361,0,1315,0,3,1318,T
6-NA,362,1317,0,1,0,1318,A
6-NA,363,0,1318,0,1,1319,T
6-NA,364,1,0,1343,0,1344,G
6-NA,365,0,1342,0,0,1342,T
6-NA,366,1,0,1352,0,1353,G
6-NA,367,0,1317,0,4,1321,T
6-NA,368,2,1,0,1304,1307,C
6-NA,369,1308,0,3,3,1314,A
6-NA,370,0,1313,0,0,1313,T
6-NA,371,0,1,1305,1,1307,G
6-NA,372,1,0,0,1313,1314,C
6-NA,373,2,1,1309,0,1312,G
6-NA,374,1397,0,3,0,1400,A
6-NA,375,1,1400,0,1,1402,T
6-NA,376,0,0,0,1417,1417,C
6-NA,377,1,3,1,1422,1427,C
6-NA,378,0,1444,0,2,1446,T
6-NA,379,1,0,1462,0,1463,G
6-NA,380,1459,2,1,1,1463,A
6-NA,381,0,0,0,1464,1464,C
6-NA,382,1459,0,3,0,1462,A
6-NA,383,1427,0,3,1,1431,A
6-NA,384,0,1,1487,0,1488,G
6-NA,385,0,1478,0,3,1481,T
6-NA,386,0,0,1496,0,1496,G
6-NA,387,0,1475,0,4,1479,T
6-NA,388,0,1475,0,2,1477,T
6-NA,389,1475,0,0,0,1475,A
6-NA,390,0,1475,0,2,1477,T
6-NA,391,0,0,0,1505,1505,C
6-NA,392,1502,0,1,0,1503,A
6-NA,393,1480,0,1,1,1482,A
6-NA,394,1,1475,0,2,1478,T
6-NA,395,0,1473,0,3,1476,T
6-NA,396,1,1472,1,2,1476,T
6-NA,397,0,0,1479,0,1479,G
6-NA,398,1,3,0,1551,1555,C
6-NA,399,1,0,0,1550,1551,C
6-NA,400,2,0,0,1547,1549,C
6-NA,401,0,1550,1,3,1554,T
6-NA,402,0,1557,1,3,1561,T
6-NA,403,0,5,1574,0,1579,G
6-NA,404,0,2,1579,0,1581,G
6-NA,405,1591,1,2,1,1595,A
6-NA,406,0,0,0,1600,1600,C
6-NA,407,1577,1,0,0,1578,A
6-NA,408,0,2,1612,0,1614,G
6-NA,409,1,0,1612,0,1613,G
6-NA,410,0,2,1662,0,1664,G
6-NA,411,1674,0,5,0,1679,A
6-NA,412,1665,0,3,0,1668,A
6-NA,413,0,0,0,1670,1670,C
6-NA,414,1599,1,0,1,1601,A
6-NA,415,1742,0,2,0,1744,A
6-NA,416,1,0,0,1758,1759,C
6-NA,417,1750,0,0,0,1750,A
6-NA,418,1,0,0,1762,1763,C
6-NA,419,0,1746,0,2,1748,T
6-NA,420,1761,0,2,1,1764,A
6-NA,421,1758,1,1,2,1762,A
6-NA,422,1763,0,2,2,1767,A
6-NA,423,0,1,0,1765,1766,C
6-NA,424,1680,0,0,0,1680,A
6-NA,425,1685,0,0,0,1685,A
6-NA,426,0,3,1,1686,1690,C
6-NA,427,1,0,1691,0,1692,G
6-NA,428,0,1688,0,0,1688,T
6-NA,429,0,0,1682,0,1682,G
6-NA,430,0,0,0,1686,1686,C
6-NA,431,1688,0,1,0,1689,A
6-NA,432,0,1681,0,2,1683,T
6-NA,433,0,1686,0,1,1687,T
6-NA,434,0,3,0,1693,1696,C
6-NA,435,1723,0,2,0,1725,A
6-NA,436,1733,0,2,0,1735,A
6-NA,437,1751,0,1,0,1752,A
6-NA,438,1,1755,0,0,1756,T
6-NA,439,1,3,1749,0,1753,G
6-NA,440,1778,1,1,0,1780,A
6-NA,441,0,0,0,1789,1789,C
6-NA,442,1784,0,3,0,1787,A
6-NA,443,0,0,0,1809,1809,C
6-NA,444,1794,0,3,0,1797,A
6-NA,445,0,0,2169,0,2169,G
6-NA,446,1,2170,0,3,2174,T
6-NA,447,2200,0,2,0,2202,A
6-NA,448,0,1,0,2203,2204,C
6-NA,449,4,0,2197,1,2202,G
6-NA,450,0,2271,0,8,2279,T
6-NA,451,0,4,2276,0,2280,G
6-NA,452,2291,1,0,1,2293,A
6-NA,453,0,2304,0,0,2304,T
6-NA,454,2122,0,2,0,2124,A
6-NA,455,0,1,2122,0,2123,G
6-NA,456,1,5,2111,0,2117,G
6-NA,457,2124,0,1,0,2125,A
6-NA,458,0,0,0,2150,2150,C
6-NA,459,3,0,0,2111,2114,C
6-NA,460,6,1,0,2133,2140,C
6-NA,461,1,2,0,2136,2139,C
6-NA,462,0,2157,1,8,2166,T
6-NA,463,0,2203,0,0,2203,T
6-NA,464,2201,0,2,1,2204,A
6-NA,465,0,2203,0,1,2204,T
6-NA,466,1,1,0,2204,2206,C
6-NA,467,3,0,2190,1,2194,G
6-NA,468,2,2,2188,0,2192,G
6-NA,469,2191,1,1,0,2193,A
6-NA,470,3,1,0,2180,2184,C
6-NA,471,1,0,0,2179,2180,C
6-NA,472,2,0,0,2289,2291,C
6-NA,473,0,2288,0,3,2291,T
6-NA,474,2321,0,0,0,2321,A
6-NA,475,0,2322,0,2,2324,T
6-NA,476,0,2318,0,3,2321,T
6-NA,477,1,1,2322,0,2324,G
6-NA,478,2325,1,0,0,2326,A
6-NA,479,0,2302,0,3,2305,T
6-NA,480,0,2,2306,0,2308,G
6-NA,481,2249,0,2,0,2251,A
6-NA,482,2240,0,4,1,2245,A
6-NA,483,0,2246,0,1,2247,T
6-NA,484,0,2,2278,0,2280,G
6-NA,485,2316,1,2,0,2319,A
6-NA,486,0,0,2349,0,2349,G
6-NA,487,1,2332,0,4,2337,T
6-NA,488,0,2338,0,3,2341,T
6-NA,489,2349,1,3,0,2353,A
6-NA,490,3,1,2354,0,2358,G
6-NA,491,2,1,2359,0,2362,G
6-NA,492,0,2360,1,2,2363,T
6-NA,493,0,1,2366,0,2367,G
6-NA,494,0,2337,0,4,2341,T
6-NA,495,1,2335,0,5,2341,T
6-NA,496,0,0,0,2374,2374,C
6-NA,497,3,1,0,2372,2376,C
6-NA,498,0,2366,0,8,2374,T
6-NA,499,0,2375,0,0,2375,T
6-NA,500,0,2369,0,2,2371,T
6-NA,501,1,2370,0,2,2373,T
6-NA,502,0,0,0,2383,2383,C
6-NA,503,2381,0,0,0,2381,A
6-NA,504,0,2421,0,1,2422,T
6-NA,505,2,0,0,2420,2422,C
6-NA,506,1,2399,0,0,2400,T
6-NA,507,1,2,2398,0,2401,G
6-NA,508,1,0,2393,0,2394,G
6-NA,509,0,3,2395,0,2398,G
6-NA,510,0,2,2410,0,2412,G
6-NA,511,2415,0,1,0,2416,A
6-NA,512,0,0,0,2427,2427,C
6-NA,513,5,3,0,2398,2406,C
6-NA,514,2436,2,4,1,2443,A
6-NA,515,2451,0,3,0,2454,A
6-NA,516,0,0,2450,1,2451,G
6-NA,517,1,2,1,2455,2459,C
6-NA,518,2445,0,0,1,2446,A
6-NA,519,2474,0,2,0,2476,A
6-NA,520,0,1,2480,0,2481,G
6-NA,521,0,2471,0,0,2471,T
6-NA,522,4,0,2518,0,2522,G
6-NA,523,0,2510,0,2,2512,T
6-NA,524,1,1,2590,0,2592,G
6-NA,525,0,1,0,2589,2590,C
6-NA,526,2589,1,0,0,2590,A
6-NA,527,1,2599,1,1,2602,T
6-NA,528,2570,0,1,1,2572,A
6-NA,529,0,2,2630,0,2632,G
6-NA,530,0,3,0,2628,2631,C
6-NA,531,2594,1,1,1,2597,A
6-NA,532,0,2586,0,1,2587,T
6-NA,533,1,0,2554,0,2555,G
6-NA,534,0,0,2658,0,2658,G
6-NA,535,0,2655,3,6,2664,T
6-NA,536,1,0,1,2654,2656,C
6-NA,537,1,2,0,2668,2671,C
6-NA,538,2641,0,2,0,2643,A
6-NA,539,0,0,2681,1,2682,G
6-NA,540,0,0,0,2689,2689,C
6-NA,541,1,2668,0,11,2680,T
6-NA,542,3,0,0,2680,2683,C
6-NA,543,2650,1,1,0,2652,A
6-NA,544,2677,0,1,0,2678,A
6-NA,545,0,1,2689,0,2690,G
6-NA,546,2,2774,0,1,2777,T
6-NA,547,0,2760,0,3,2763,T
6-NA,548,3,1,2762,0,2766,G
6-NA,549,0,2761,0,2,2763,T
6-NA,550,3,1,0,2746,2750,C
6-NA,551,2757,0,5,0,2762,A
6-NA,552,0,1,0,2769,2770,C
6-NA,553,3,2,2758,0,2763,G
6-NA,554,2793,0,2,1,2796,A
6-NA,555,0,2802,0,4,2806,T
6-NA,556,0,1,2840,0,2841,G
6-NA,557,0,2,2848,0,2850,G
6-NA,558,2843,0,6,0,2849,A
6-NA,559,2846,0,2,0,2848,A
6-NA,560,2876,2,3,0,2881,A
6-NA,561,2878,1,6,1,2886,A
6-NA,562,0,1,2917,0,2918,G
6-NA,563,1,0,0,2908,2909,C
6-NA,564,2897,1,2,0,2900,A
6-NA,565,0,2882,0,2,2884,T
6-NA,566,0,1,2913,0,2914,G
6-NA,567,0,0,2921,0,2921,G
6-NA,568,0,0,0,2951,2951,C
6-NA,569,0,2933,0,5,2938,T
6-NA,570,2,1,2949,0,2952,G
6-NA,571,3,1,0,2938,2942,C
6-NA,572,2950,0,1,0,2951,A
6-NA,573,1,3022,0,4,3027,T
6-NA,574,1,0,3034,0,3035,G
6-NA,575,1,3031,0,1,3033,T
6-NA,576,1,3077,0,6,3084,T
6-NA,577,1,3083,0,1,3085,T
6-NA,578,4,0,3225,0,3229,G
6-NA,579,0,3223,0,1,3224,T
6-NA,580,3230,0,0,0,3230,A
6-NA,581,1,3237,1,2,3241,T
6-NA,582,3207,1,0,0,3208,A
6-NA,583,3209,1,2,1,3213,A
6-NA,584,1,4,0,3200,3205,C
6-NA,585,1,3,3181,0,3185,G
6-NA,586,2,5,3189,0,3196,G
6-NA,587,0,4,3146,0,3150,G
6-NA,588,0,2,3163,0,3165,G
6-NA,589,0,3,3166,0,3169,G
6-NA,590,3151,2,5,0,3158,A
6-NA,591,1,3154,0,1,3156,T
6-NA,592,0,2,3164,0,3166,G
6-NA,593,3170,2,1,0,3173,A
6-NA,594,1,3183,1,2,3187,T
6-NA,595,3177,0,2,1,3180,A
6-NA,596,3255,0,3,0,3258,A
6-NA,597,3265,1,2,1,3269,A
6-NA,598,3268,0,1,1,3270,A
6-NA,599,3283,0,3,0,3286,A
6-NA,600,0,3278,0,2,3280,T
6-NA,601,2,0,3273,0,3275,G
6-NA,602,1,1,0,3267,3269,C
6-NA,603,3257,1,5,0,3263,A
6-NA,604,3283,0,2,0,3285,A
6-NA,605,0,0,0,3313,3313,C
6-NA,606,2,3304,0,1,3307,T
6-NA,607,2,0,3328,0,3330,G
6-NA,608,2,1,0,3328,3331,C
6-NA,609,0,3334,0,1,3335,T
6-NA,610,3330,1,3,0,3334,A
6-NA,611,17,0,3318,0,3335,G
6-NA,612,0,5,1,3337,3343,C
6-NA,613,1,3331,1,3,3336,T
6-NA,614,0,3328,0,3,3331,T
6-NA,615,2,0,1,3353,3356,C
6-NA,616,3358,0,4,0,3362,A
6-NA,617,0,3369,0,2,3371,T
6-NA,618,1,3361,0,4,3366,T
6-NA,619,0,3387,0,1,3388,T
6-NA,620,3393,0,1,0,3394,A
6-NA,621,0,1,0,3419,3420,C
6-NA,622,3410,0,0,0,3410,A
6-NA,623,3419,1,1,0,3421,A
6-NA,624,1,3412,0,2,3415,T
6-NA,625,2,4,3406,0,3412,G
6-NA,626,1,1,3410,0,3412,G
6-NA,627,1,1,3397,0,3399,G
6-NA,628,3388,0,8,0,3396,A
6-NA,629,1,3,3468,0,3472,G
6-NA,630,1,1,3507,0,3509,G
6-NA,631,0,1,0,3680,3681,C
6-NA,632,0,3673,0,2,3675,T
6-NA,633,1,3703,1,1,3706,T
6-NA,634,2,0,3737,0,3739,G
6-NA,635,2,3733,0,2,3737,T
6-NA,636,3775,3,5,0,3783,A
6-NA,637,1,3,3794,0,3798,G
6-NA,638,3713,2,4,1,3720,A
6-NA,639,0,3730,0,0,3730,T
6-NA,640,3530,0,1,0,3531,A
6-NA,641,0,4,3539,0,3543,G
6-NA,642,0,3503,1,4,3508,T
6-NA,643,1,0,3453,0,3454,G
6-NA,644,2,3567,1,3,3573,T
6-NA,645,0,3570,1,3,3574,T
6-NA,646,0,11,3601,1,3613,G
6-NA,647,1,3608,2,5,3616,T
6-NA,648,1,3617,0,5,3623,T
6-NA,649,2,3623,0,7,3632,T
6-NA,650,2,1,0,3587,3590,C
6-NA,651,3575,1,6,0,3582,A
6-NA,652,0,3562,2,5,3569,T
6-NA,653,0,2,3572,0,3574,G
6-NA,654,1,1,3744,0,3746,G
6-NA,655,0,3645,0,2,3647,T
6-NA,656,4,0,0,3609,3613,C
6-NA,657,1,1,0,3587,3589,C
6-NA,658,3600,0,2,0,3602,A
6-NA,659,3628,1,3,0,3632,A
6-NA,660,3627,0,2,1,3630,A
6-NA,661,1,1,3658,0,3660,G
6-NA,662,3647,1,2,0,3650,A
6-NA,663,3557,0,3,1,3561,A
6-NA,664,3564,1,4,1,3570,A
6-NA,665,1,3559,0,0,3560,T
6-NA,666,2,1,1,3657,3661,C
6-NA,667,3,1,0,3651,3655,C
6-NA,668,0,3654,0,3,3657,T
6-NA,669,1,0,0,3661,3662,C
6-NA,670,3642,0,9,0,3651,A
6-NA,671,2,3,3675,0,3680,G
6-NA,672,4,3,3668,1,3676,G
6-NA,673,3735,2,4,1,3742,A
6-NA,674,2,0,0,3738,3740,C
6-NA,675,0,4,1,3696,3701,C
6-NA,676,2,2,0,3695,3699,C
6-NA,677,3696,1,5,1,3703,A
6-NA,678,3,4,3701,0,3708,G
6-NA,679,3,3,3711,0,3717,G
6-NA,680,3699,3,3,0,3705,A
6-NA,681,0,3,3734,1,3738,G
6-NA,682,3,3691,0,5,3699,T
6-NA,683,3,1,0,3706,3710,C
6-NA,684,3698,0,3,0,3701,A
6-NA,685,2,4,3713,0,3719,G
6-NA,686,3706,0,8,0,3714,A
6-NA,687,3714,0,0,1,3715,A
6-NA,688,0,3703,0,6,3709,T
6-NA,689,2,0,3720,0,3722,G
6-NA,690,1,3,0,3711,3715,C
6-NA,691,1,0,3743,0,3744,G
6-NA,692,1,3722,1,2,3726,T
6-NA,693,0,3725,1,6,3732,T
6-NA,694,3,3713,0,0,3716,T
6-NA,695,1,3,3743,0,3747,G
6-NA,696,0,3751,0,3,3754,T
6-NA,697,3757,2,1,0,3760,A
6-NA,698,0,3744,0,5,3749,T
6-NA,699,3,8,0,3740,3751,C
6-NA,700,3745,1,1,0,3747,A
6-NA,701,3741,0,3,0,3744,A
6-NA,702,0,3745,0,4,3749,T
6-NA,703,2,6,3731,0,3739,G
6-NA,704,1,1,3753,0,3755,G
6-NA,705,3805,2,9,0,3816,A
6-NA,706,3815,0,8,2,3825,A
6-NA,707,0,1,0,3859,3860,C
6-NA,708,0,3859,1,2,3862,T
6-NA,709,0,3845,0,0,3845,T
6-NA,710,2,0,3947,0,3949,G
6-NA,711,0,3939,0,10,3949,T
6-NA,712,3943,0,4,0,3947,A
6-NA,713,0,1,1,3987,3989,C
6-NA,714,3881,0,4,1,3886,A
6-NA,715,1,0,4107,0,4108,G
6-NA,716,0,4075,1,3,4079,T
6-NA,717,4212,0,4,0,4216,A
6-NA,718,0,0,4239,2,4241,G
6-NA,719,0,4164,0,2,4166,T
6-NA,720,4168,0,1,0,4169,A
6-NA,721,4165,1,3,0,4169,A
6-NA,722,1,4136,0,3,4140,T
6-NA,723,0,2,4151,0,4153,G
6-NA,724,4050,0,5,0,4055,A
6-NA,725,1,1,0,4077,4079,C
6-NA,726,0,3966,0,1,3967,T
6-NA,727,0,1,3976,0,3977,G
6-NA,728,3971,0,2,1,3974,A
6-NA,729,1,3986,1,1,3989,T
6-NA,730,1,3,3990,0,3994,G
6-NA,731,1,3,3963,0,3967,G
6-NA,732,3,2,3973,0,3978,G
6-NA,733,3941,0,7,0,3948,A
6-NA,734,0,0,3944,0,3944,G
6-NA,735,0,3925,1,3,3929,T
6-NA,736,2,0,3929,0,3931,G
6-NA,737,1,0,1,3927,3929,C
6-NA,738,1,3904,1,3,3909,T
6-NA,739,1,3908,1,0,3910,T
6-NA,740,1,0,0,3912,3913,C
6-NA,741,3,1,3887,0,3891,G
6-NA,742,2,4,3930,0,3936,G
6-NA,743,1,1,3944,0,3946,G
6-NA,744,3936,1,2,0,3939,A
6-NA,745,3875,1,46,1,3923,A
6-NA,746,3902,2,4,0,3908,A
6-NA,747,3919,0,6,0,3925,A
6-NA,748,0,0,3944,0,3944,G
6-NA,749,0,1,0,3938,3939,C
6-NA,750,0,3897,0,0,3897,T
6-NA,751,1,1,3902,0,3904,G
6-NA,752,3888,0,8,0,3896,A
6-NA,753,0,3918,0,3,3921,T
6-NA,754,3941,0,2,1,3944,A
6-NA,755,0,2,0,4097,4099,C
6-NA,756,0,4068,1,4,4073,T
6-NA,757,4070,0,1,0,4071,A
6-NA,758,4070,1,4,1,4076,A
6-NA,759,4068,1,1,0,4070,A
6-NA,760,4130,1,5,3,4139,A
6-NA,761,0,4136,0,0,4136,T
6-NA,762,4116,0,2,0,4118,A
6-NA,763,2,1,0,4130,4133,C
6-NA,764,0,3949,0,3,3952,T
6-NA,765,3992,2,2,0,3996,A
6-NA,766,1,3960,0,7,3968,T
6-NA,767,0,4220,1,10,4231,T
6-NA,768,0,2,2,4283,4287,C
6-NA,769,4221,1,0,0,4222,A
6-NA,770,0,4206,1,1,4208,T
6-NA,771,0,4216,0,1,4217,T
6-NA,772,4156,1,3,0,4160,A
6-NA,773,4167,1,3,0,4171,A
6-NA,774,3,6,4185,0,4194,G
6-NA,775,0,2,4191,0,4193,G
6-NA,776,3937,3,3,0,3943,A
6-NA,777,3,5,3966,0,3974,G
6-NA,778,1,4,3975,0,3980,G
6-NA,779,1,1,3986,0,3988,G
6-NA,780,2,3,3994,1,4000,G
6-NA,781,3974,2,5,0,3981,A
6-NA,782,3992,0,4,0,3996,A
6-NA,783,3974,0,4,1,3979,A
6-NA,784,3984,0,2,0,3986,A
6-NA,785,0,3978,0,0,3978,T
6-NA,786,6,0,0,3944,3950,C
6-NA,787,2,0,3976,0,3978,G
6-NA,788,1,3968,0,0,3969,T
6-NA,789,1,3958,0,5,3964,T
6-NA,790,1,0,0,3967,3968,C
6-NA,791,3959,0,4,0,3963,A
6-NA,792,0,4162,0,1,4163,T
6-NA,793,4157,1,1,0,4159,A
6-NA,794,1,5,0,4171,4177,C
6-NA,795,0,4160,0,6,4166,T
6-NA,796,4151,1,1,0,4153,A
6-NA,797,1,0,4155,0,4156,G
6-NA,798,0,2,0,4152,4154,C
6-NA,799,4147,1,3,1,4152,A
6-NA,800,1,1,0,4157,4159,C
6-NA,801,3988,0,1,0,3989,A
6-NA,802,0,4325,2,2,4329,T
6-NA,803,0,4313,1,3,4317,T
6-NA,804,1,0,4498,1,4500,G
6-NA,805,1,4469,1,5,4476,T
6-NA,806,0,6,0,4473,4479,C
6-NA,807,4471,1,5,0,4477,A
6-NA,808,3,2,4479,0,4484,G
6-NA,809,1,1,4485,0,4487,G
6-NA,810,4478,1,1,0,4480,A
6-NA,811,4422,0,6,0,4428,A
6-NA,812,0,2,4463,0,4465,G
6-NA,813,0,4236,0,3,4239,T
6-NA,814,1,2,4260,0,4263,G
6-NA,815,0,1,0,4260,4261,C
6-NA,816,0,4254,0,4,4258,T
6-NA,817,2,0,0,4270,4272,C
6-NA,818,4232,0,5,1,4238,A
6-NA,819,2,0,4261,0,4263,G
6-NA,820,2,1,1,4256,4260,C
6-NA,821,4245,0,4,0,4249,A
6-NA,822,1,4247,0,1,4249,T
6-NA,823,2,1,4343,0,4346,G
6-NA,824,5,4342,1,3,4351,T
6-NA,825,4,1,1,4342,4348,C
6-NA,826,3,4,4339,1,4347,G
6-NA,827,4323,2,5,1,4331,A
6-NA,828,3,1,4301,0,4305,G
6-NA,829,1,5,4314,0,4320,G
6-NA,830,4297,0,8,1,4306,A
6-NA,831,0,0,4352,0,4352,G
6-NA,832,1,4228,0,3,4232,T
6-NA,833,1,0,4233,1,4235,G
6-NA,834,1,2,0,4263,4266,C
6-NA,835,0,4246,0,8,4254,T
6-NA,836,6,0,0,4270,4276,C
6-NA,837,0,2,1,4278,4281,C
6-NA,838,2,4263,0,7,4272,T
6-NA,839,3,0,4270,0,4273,G
6-NA,840,0,1,0,4245,4246,C
6-NA,841,0,4223,0,3,4226,T
6-NA,842,4248,0,2,0,4250,A
6-NA,843,1,4192,0,4,4197,T
6-NA,844,3,0,0,4231,4234,C
6-NA,845,3,2,2,4215,4222,C
6-NA,846,1,4205,0,7,4213,T
6-NA,847,2,5,0,4203,4210,C
6-NA,848,1,1,4208,0,4210,G
6-NA,849,4229,1,0,0,4230,A
6-NA,850,1,4235,1,3,4240,T
6-NA,851,4223,0,2,0,4225,A
6-NA,852,0,4223,0,2,4225,T
6-NA,853,0,1,1,4207,4209,C
6-NA,854,1,1,1,4205,4208,C
6-NA,855,0,4187,1,1,4189,T
6-NA,856,1,3,4197,0,4201,G
6-NA,857,2,0,4212,0,4214,G
6-NA,858,0,4246,0,2,4248,T
6-NA,859,1,1,4261,0,4263,G
6-NA,860,1,4210,0,15,4226,T
6-NA,861,5,3,0,4217,4225,C
6-NA,862,4218,2,6,0,4226,A
6-NA,863,2,0,4219,0,4221,G
6-NA,864,4208,7,2,1,4218,A
6-NA,865,0,4192,0,1,4193,T
6-NA,866,1,1,4198,0,4200,G
6-NA,867,0,4133,1,0,4134,T
6-NA,868,1,0,4124,7,4132,G
6-NA,869,2,4127,0,4,4133,T
6-NA,870,0,0,0,4141,4141,C
6-NA,871,2,4133,0,7,4142,T
6-NA,872,0,1,4148,0,4149,G
6-NA,873,1,1,1,4149,4152,C
6-NA,874,4143,0,5,0,4148,A
6-NA,875,2,2,4145,0,4149,G
6-NA,876,4080,1,8,0,4089,A
6-NA,877,2,1,4087,8,4098,G
6-NA,878,4086,2,5,0,4093,A
6-NA,879,0,1,0,4101,4102,C
6-NA,880,4088,0,6,0,4094,A
6-NA,881,4081,6,2,0,4089,A
6-NA,882,1,1,0,4172,4174,C
6-NA,883,1,4163,0,2,4166,T
6-NA,884,1,3,4168,0,4172,G
6-NA,885,2,3,4152,0,4157,G
6-NA,886,4145,0,5,1,4151,A
6-NA,887,4141,2,4,1,4148,A
6-NA,888,4063,0,9,0,4072,A
6-NA,889,3,2,4113,0,4118,G
6-NA,890,2,2,4098,0,4102,G
6-NA,891,0,2,0,4097,4099,C
6-NA,892,3,4076,0,4,4083,T
6-NA,893,3,1,0,4124,4128,C
6-NA,894,3,2,0,4142,4147,C
6-NA,895,4154,0,0,0,4154,A
6-NA,896,4150,0,2,0,4152,A
6-NA,897,0,4159,0,0,4159,T
6-NA,898,4024,1,3,0,4028,A
6-NA,899,1,1,4015,0,4017,G
6-NA,900,2,2,4012,0,4016,G
6-NA,901,0,0,1,4008,4009,C
6-NA,902,3,2,0,3938,3943,C
6-NA,903,3,1,0,3892,3896,C
6-NA,904,3913,2,2,0,3917,A
6-NA,905,1,3924,0,6,3931,T
6-NA,906,0,0,0,3937,3937,C
6-NA,907,4,1,3945,0,3950,G
6-NA,908,0,3927,0,1,3928,T
6-NA,909,3864,0,0,0,3864,A
6-NA,910,1,2,3928,0,3931,G
6-NA,911,3926,1,5,0,3932,A
6-NA,912,1,3946,1,2,3950,T
6-NA,913,3896,1,1,0,3898,A
6-NA,914,1,3864,0,2,3867,T
6-NA,915,3861,0,2,0,3863,A
6-NA,916,3855,0,1,0,3856,A
6-NA,917,3922,0,6,1,3929,A
6-NA,918,1,2,0,4005,4008,C
6-NA,919,3877,0,2,0,3879,A
6-NA,920,0,3864,1,3,3868,T
6-NA,921,3825,0,1,0,3826,A
6-NA,922,3821,1,7,0,3829,A
6-NA,923,3827,0,4,0,3831,A
6-NA,924,0,2,3852,0,3854,G
6-NA,925,1,7,3861,1,3870,G
6-NA,926,3727,5,2,0,3734,A
6-NA,927,0,3694,0,3,3697,T
6-NA,928,1,2,0,3699,3702,C
6-NA,929,3698,0,5,0,3703,A
6-NA,930,1,3703,0,2,3706,T
6-NA,931,3703,2,3,1,3709,A
6-NA,932,0,0,3721,0,3721,G
6-NA,933,2,2,0,3649,3653,C
6-NA,934,3572,0,1,0,3573,A
6-NA,935,0,3456,1,1,3458,T
6-NA,936,19,3452,0,1,3472,T
6-NA,937,1,1,3548,0,3550,G
6-NA,938,0,3551,2,4,3557,T
6-NA,939,0,3581,0,5,3586,T
6-NA,940,0,3585,0,1,3586,T
6-NA,941,3,2,0,3572,3577,C
6-NA,942,2,2,2,3572,3578,C
6-NA,943,3605,0,2,0,3607,A
6-NA,944,0,0,3643,0,3643,G
6-NA,945,1,3632,0,6,3639,T
6-NA,946,0,3521,0,6,3527,T
6-NA,947,3527,0,0,0,3527,A
6-NA,948,0,3471,1,5,3477,T
6-NA,949,1,1,3476,0,3478,G
6-NA,950,1,3446,1,6,3454,T
6-NA,951,1,2,3464,0,3467,G
6-NA,952,0,3373,0,4,3377,T
6-NA,953,2,3,3418,0,3423,G
6-NA,954,1,3410,0,4,3415,T
6-NA,955,1,3403,5,3,3412,T
6-NA,956,2,0,0,3407,3409,C
6-NA,957,3364,0,8,0,3372,A
6-NA,958,1,0,3379,0,3380,G
6-NA,959,0,0,3377,1,3378,G
6-NA,960,3346,0,3,0,3349,A
6-NA,961,2,1,0,3352,3355,C
6-NA,962,0,3231,1,5,3237,T
6-NA,963,1,3245,0,2,3248,T
6-NA,964,0,0,3304,0,3304,G
6-NA,965,0,3298,0,4,3302,T
6-NA,966,0,3296,0,5,3301,T
6-NA,967,1,0,3273,1,3275,G
6-NA,968,2,3,3267,0,3272,G
6-NA,969,3256,2,7,0,3265,A
6-NA,970,2,0,3272,0,3274,G
6-NA,971,3258,0,6,0,3264,A
6-NA,972,1,1,0,3254,3256,C
6-NA,973,3193,1,2,0,3196,A
6-NA,974,0,1,0,3202,3203,C
6-NA,975,3193,4,9,5,3211,A
6-NA,976,0,2,0,3210,3212,C
6-NA,977,3,0,0,3193,3196,C
6-NA,978,10,1,0,3192,3203,C
6-NA,979,3189,0,4,0,3193,A
6-NA,980,0,0,3201,0,3201,G
6-NA,981,3189,1,1,0,3191,A
6-NA,982,3216,0,0,0,3216,A
6-NA,983,3208,0,2,0,3210,A
6-NA,984,3204,0,0,0,3204,A
6-NA,985,3186,0,6,0,3192,A
6-NA,986,3194,0,2,0,3196,A
6-NA,987,0,1,0,3203,3204,C
6-NA,988,4,8,3189,0,3201,G
6-NA,989,3186,2,2,0,3190,A
6-NA,990,0,0,0,3189,3189,C
6-NA,991,3173,0,4,0,3177,A
6-NA,992,0,2,3198,0,3200,G
6-NA,993,1,0,0,3246,3247,C
6-NA,994,0,3218,0,7,3225,T
6-NA,995,4,0,0,3238,3242,C
6-NA,996,6,1,0,3246,3253,C
6-NA,997,3257,0,5,0,3262,A
6-NA,998,0,0,3282,0,3282,G
6-NA,999,0,3,0,3276,3279,C
6-NA,1000,3262,2,1,1,3266,A
6-NA,1001,0,0,3271,0,3271,G
6-NA,1002,0,3192,0,1,3193,T
6-NA,1003,3183,0,8,0,3191,A
6-NA,1004,0,1,3196,0,3197,G
6-NA,1005,2,2,0,3196,3200,C
6-NA,1006,2,2,0,3201,3205,C
6-NA,1007,3154,0,2,2,3158,A
6-NA,1008,1,3147,0,1,3149,T
6-NA,1009,1,3131,0,1,3133,T
6-NA,1010,0,0,3196,0,3196,G
6-NA,1011,1,3170,0,2,3173,T
6-NA,1012,0,3169,1,2,3172,T
6-NA,1013,0,3166,0,4,3170,T
6-NA,1014,0,0,3142,0,3142,G
6-NA,1015,3,1,3166,0,3170,G
6-NA,1016,3153,0,4,0,3157,A
6-NA,1017,0,3162,0,4,3166,T
6-NA,1018,2,0,0,3166,3168,C
6-NA,1019,9,1,0,3097,3107,C
6-NA,1020,0,3085,0,2,3087,T
6-NA,1021,3087,0,6,0,3093,A
6-NA,1022,3093,1,4,1,3099,A
6-NA,1023,2,0,0,3136,3138,C
6-NA,1024,3074,1,3,1,3079,A
6-NA,1025,3100,0,0,0,3100,A
6-NA,1026,2,3098,0,1,3101,T
6-NA,1027,7,0,3107,0,3114,G
6-NA,1028,3107,1,2,0,3110,A
6-NA,1029,3094,0,2,0,3096,A
6-NA,1030,3,1,3096,0,3100,G
6-NA,1031,3083,1,1,0,3085,A
6-NA,1032,3024,0,1,0,3025,A
6-NA,1033,0,4,3013,0,3017,G
6-NA,1034,0,2,3018,0,3020,G
6-NA,1035,1,2979,0,1,2981,T
6-NA,1036,1,2,2962,0,2965,G
6-NA,1037,0,1,3024,1,3026,G
6-NA,1038,0,3015,0,4,3019,T
6-NA,1039,4,1,1,3006,3012,C
6-NA,1040,3012,1,3,0,3016,A
6-NA,1041,0,2998,0,0,2998,T
6-NA,1042,0,0,3003,0,3003,G
6-NA,1043,0,2,3009,0,3011,G
6-NA,1044,2998,0,6,0,3004,A
6-NA,1045,0,0,3076,0,3076,G
6-NA,1046,1,2990,0,3,2994,T
6-NA,1047,0,1,2998,0,2999,G
6-NA,1048,2985,0,2,0,2987,A
6-NA,1049,2990,0,4,1,2995,A
6-NA,1050,2991,1,6,0,2998,A
6-NA,1051,1,0,3015,0,3016,G
6-NA,1052,1,3,2991,1,2996,G
6-NA,1053,1,1,0,2982,2984,C
6-NA,1054,0,2921,0,3,2924,T
6-NA,1055,6,3,2913,0,2922,G
6-NA,1056,1,2,2929,0,2932,G
6-NA,1057,2,0,2949,0,2951,G
6-NA,1058,2,0,0,2958,2960,C
6-NA,1059,1,0,0,2958,2959,C
6-NA,1060,2,2900,0,11,2913,T
6-NA,1061,2,2909,0,0,2911,T
6-NA,1062,0,2908,0,0,2908,T
6-NA,1063,1,1,2917,0,2919,G
6-NA,1064,2904,1,4,0,2909,A
6-NA,1065,1,2890,0,0,2891,T
6-NA,1066,0,2,2872,0,2874,G
6-NA,1067,2851,2,4,0,2857,A
6-NA,1068,2,2861,0,2,2865,T
6-NA,1069,1,0,2874,0,2875,G
6-NA,1070,1,0,2904,0,2905,G
6-NA,1071,2900,1,2,1,2904,A
6-NA,1072,2899,0,5,0,2904,A
6-NA,1073,2901,0,3,0,2904,A
6-NA,1074,1,2900,1,1,2903,T
6-NA,1075,1,1,2912,0,2914,G
6-NA,1076,2909,0,2,0,2911,A
6-NA,1077,2,1,0,2890,2893,C
6-NA,1078,3,2,2901,0,2906,G
6-NA,1079,0,2849,0,2,2851,T
6-NA,1080,0,1,2872,0,2873,G
6-NA,1081,0,2864,0,1,2865,T
6-NA,1082,0,0,2873,0,2873,G
6-NA,1083,0,0,2888,0,2888,G
6-NA,1084,2860,0,9,0,2869,A
6-NA,1085,0,2867,0,1,2868,T
6-NA,1086,0,2,2861,0,2863,G
6-NA,1087,2,1,2852,1,2856,G
6-NA,1088,1,0,2870,0,2871,G
6-NA,1089,2853,0,3,0,2856,A
6-NA,1090,2843,0,5,1,2849,A
6-NA,1091,1,2,2841,0,2844,G
6-NA,1092,2817,0,2,1,2820,A
6-NA,1093,2821,1,5,0,2827,A
6-NA,1094,0,3,0,2813,2816,C
6-NA,1095,1,0,2807,0,2808,G
6-NA,1096,2805,0,2,1,2808,A
6-NA,1097,1,2770,1,0,2772,T
6-NA,1098,1,0,1,2777,2779,C
6-NA,1099,2735,0,1,0,2736,A
6-NA,1100,0,0,2739,0,2739,G
6-NA,1101,0,0,0,2733,2733,C
6-NA,1102,1,3,2732,0,2736,G
6-NA,1103,2728,1,1,0,2730,A
6-NA,1104,0,2,2737,0,2739,G
6-NA,1105,2740,1,4,1,2746,A
6-NA,1106,2744,0,3,0,2747,A
6-NA,1107,1,0,2759,0,2760,G
6-NA,1108,1,2748,0,2,2751,T
6-NA,1109,2,0,1,2722,2725,C
6-NA,1110,2730,0,1,0,2731,A
6-NA,1111,0,0,0,2768,2768,C
6-NA,1112,2,0,2771,1,2774,G
6-NA,1113,0,1,0,2769,2770,C
6-NA,1114,0,2748,0,4,2752,T
6-NA,1115,0,2758,0,2,2760,T
6-NA,1116,2723,0,3,0,2726,A
6-NA,1117,4,9,2752,0,2765,G
6-NA,1118,1,0,2769,0,2770,G
6-NA,1119,0,1,2817,0,2818,G
6-NA,1120,0,2669,0,1,2670,T
6-NA,1121,2647,0,4,0,2651,A
6-NA,1122,0,2645,0,2,2647,T
6-NA,1123,1,1,2642,0,2644,G
6-NA,1124,2640,0,5,1,2646,A
6-NA,1125,2638,0,1,0,2639,A
6-NA,1126,2565,0,2,0,2567,A
6-NA,1127,0,0,0,2526,2526,C
6-NA,1128,2,0,0,2388,2390,C
6-NA,1129,0,2127,0,4,2131,T
6-NA,1130,0,2122,0,4,2126,T
6-NA,1131,0,0,1,2126,2127,C
6-NA,1132,2126,0,0,0,2126,A
6-NA,1133,2123,1,2,0,2126,A
6-NA,1134,2120,0,1,0,2121,A
6-NA,1135,0,1,2135,0,2136,G
6-NA,1136,1,2097,1,0,2099,T
6-NA,1137,2,0,0,2098,2100,C
6-NA,1138,2111,0,2,0,2113,A
6-NA,1139,0,2114,0,5,2119,T
6-NA,1140,1,2112,0,1,2114,T
6-NA,1141,1,0,2116,0,2117,G
6-NA,1142,2102,1,2,0,2105,A
6-NA,1143,2111,1,4,0,2116,A
6-NA,1144,0,0,2109,0,2109,G
6-NA,1145,0,1,2104,0,2105,G
6-NA,1146,1,0,0,2098,2099,C
6-NA,1147,0,2064,2,2,2068,T
6-NA,1148,1,0,2078,0,2079,G
6-NA,1149,1,0,2104,0,2105,G
6-NA,1150,0,2106,0,3,2109,T
6-NA,1151,2,0,1,2101,2104,C
6-NA,1152,3,0,0,2083,2086,C
6-NA,1153,2078,0,6,0,2084,A
6-NA,1154,2095,1,0,1,2097,A
6-NA,1155,0,2,0,2099,2101,C
6-NA,1156,0,2,0,2070,2072,C
6-NA,1157,2,1,0,2052,2055,C
6-NA,1158,1,1953,0,3,1957,T
6-NA,1159,1958,0,1,0,1959,A
6-NA,1160,1960,0,0,1,1961,A
6-NA,1161,1,0,1979,0,1980,G
6-NA,1162,0,1965,0,2,1967,T
6-NA,1163,1,0,0,1957,1958,C
6-NA,1164,1,0,0,1927,1928,C
6-NA,1165,1924,1,0,0,1925,A
6-NA,1166,1919,0,0,0,1919,A
6-NA,1167,1921,0,2,0,1923,A
6-NA,1168,0,1925,0,1,1926,T
6-NA,1169,1,1919,0,1,1921,T
6-NA,1170,1,1,1909,0,1911,G
6-NA,1171,1,2,0,1896,1899,C
6-NA,1172,1894,0,3,0,1897,A
6-NA,1173,0,0,1900,0,1900,G
6-NA,1174,1895,0,2,0,1897,A
6-NA,1175,0,1937,0,1,1938,T
6-NA,1176,1933,2,0,0,1935,A
6-NA,1177,1924,0,1,0,1925,A
6-NA,1178,1929,0,0,0,1929,A
6-NA,1179,1,1922,0,0,1923,T
6-NA,1180,1909,0,3,0,1912,A
6-NA,1181,0,1,1912,1,1914,G
6-NA,1182,2,0,1892,0,1894,G
6-NA,1183,1,1,0,1892,1894,C
6-NA,1184,1814,1,1,0,1816,A
6-NA,1185,1832,0,3,0,1835,A
6-NA,1186,2,0,1843,0,1845,G
6-NA,1187,0,1841,1,6,1848,T
6-NA,1188,3,0,0,1845,1848,C
6-NA,1189,1858,0,0,0,1858,A
6-NA,1190,1,1852,0,0,1853,T
6-NA,1191,1855,0,2,0,1857,A
6-NA,1192,0,0,1859,1,1860,G
6-NA,1193,0,1853,0,2,1855,T
6-NA,1194,0,1787,0,2,1789,T
6-NA,1195,0,0,1759,0,1759,G
6-NA,1196,1753,0,3,0,1756,A
6-NA,1197,0,0,0,1754,1754,C
6-NA,1198,1729,0,1,1,1731,A
6-NA,1199,0,0,1736,0,1736,G
6-NA,1200,1716,0,6,0,1722,A
6-NA,1201,2,0,1779,0,1781,G
6-NA,1202,1,0,1774,0,1775,G
6-NA,1203,0,1769,0,3,1772,T
6-NA,1204,1772,0,2,0,1774,A
6-NA,1205,1762,0,4,0,1766,A
6-NA,1206,0,1768,0,0,1768,T
6-NA,1207,1764,0,2,0,1766,A
6-NA,1208,0,1,1722,0,1723,G
6-NA,1209,2,0,1681,0,1683,G
6-NA,1210,0,1524,0,3,1527,T
6-NA,1211,1,1,1,1509,1512,C
6-NA,1212,0,1,0,1508,1509,C
6-NA,1213,3,1,1507,0,1511,G
6-NA,1214,0,0,1512,0,1512,G
6-NA,1215,0,1511,0,0,1511,T
6-NA,1216,0,1505,0,1,1506,T
6-NA,1217,1485,0,1,0,1486,A
6-NA,1218,0,1458,0,0,1458,T
6-NA,1219,0,1453,0,1,1454,T
6-NA,1220,0,0,0,1454,1454,C
6-NA,1221,0,1400,0,4,1404,T
6-NA,1222,0,0,1398,0,1398,G
6-NA,1223,1,0,1389,0,1390,G
6-NA,1224,0,8,0,1369,1377,C
6-NA,1225,1387,0,2,0,1389,A
6-NA,1226,0,1378,0,2,1380,T
6-NA,1227,1,1378,0,2,1381,T
6-NA,1228,2,1381,0,1,1384,T
6-NA,1229,0,1388,0,2,1390,T
6-NA,1230,1,1,0,1388,1390,C
6-NA,1231,0,1372,0,3,1375,T
6-NA,1232,1,0,0,1383,1384,C
6-NA,1233,0,1381,0,0,1381,T
6-NA,1234,1,0,1394,0,1395,G
6-NA,1235,0,1389,0,2,1391,T
6-NA,1236,0,1385,0,0,1385,T
6-NA,1237,0,0,1384,0,1384,G
6-NA,1238,1370,0,1,0,1371,A
6-NA,1239,1370,0,3,0,1373,A
6-NA,1240,0,1,1379,0,1380,G
6-NA,1241,1,0,1368,0,1369,G
6-NA,1242,0,0,0,1375,1375,C
6-NA,1243,1342,0,0,0,1342,A
6-NA,1244,1345,0,1,0,1346,A
6-NA,1245,1344,0,2,0,1346,A
6-NA,1246,1346,1,4,1,1352,A
6-NA,1247,2,0,1351,0,1353,G
6-NA,1248,1,0,0,1340,1341,C
6-NA,1249,0,1326,0,1,1327,T
6-NA,1250,0,0,1335,0,1335,G
6-NA,1251,0,2,0,1329,1331,C
6-NA,1252,1334,0,0,0,1334,A
6-NA,1253,0,1331,0,1,1332,T
6-NA,1254,3,1,0,1317,1321,C
6-NA,1255,1315,0,1,0,1316,A
6-NA,1256,1318,0,1,0,1319,A
6-NA,1257,0,1311,0,0,1311,T
6-NA,1258,1,2,0,1313,1316,C
6-NA,1259,0,1,1299,0,1300,G
6-NA,1260,0,0,1314,0,1314,G
6-NA,1261,1,1311,0,3,1315,T
6-NA,1262,0,0,1318,0,1318,G
6-NA,1263,1,0,0,1317,1318,C
6-NA,1264,0,1306,1,2,1309,T
6-NA,1265,0,1316,0,1,1317,T
6-NA,1266,1,1313,0,2,1316,T
6-NA,1267,0,1321,0,1,1322,T
6-NA,1268,1328,0,0,0,1328,A
6-NA,1269,0,1262,0,4,1266,T
6-NA,1270,1,0,1266,0,1267,G
6-NA,1271,1,1252,0,0,1253,T
6-NA,1272,0,0,1238,1,1239,G
6-NA,1273,0,1,1252,0,1253,G
6-NA,1274,1229,0,1,0,1230,A
6-NA,1275,0,0,1237,0,1237,G
6-NA,1276,0,1228,0,1,1229,T
6-NA,1277,0,1222,0,0,1222,T
6-NA,1278,1,0,1230,0,1231,G
6-NA,1279,1227,1,0,0,1228,A
6-NA,1280,0,1229,0,0,1229,T
6-NA,1281,1225,0,0,0,1225,A
6-NA,1282,1188,0,1,0,1189,A
6-NA,1283,1,2,1196,0,1199,G
6-NA,1284,0,2,1175,0,1177,G
6-NA,1285,0,0,1166,0,1166,G
6-NA,1286,0,1,1160,0,1161,G
6-NA,1287,1142,1,0,0,1143,A
6-NA,1288,1137,0,2,0,1139,A
6-NA,1289,1,0,1147,0,1148,G
6-NA,1290,1149,0,0,0,1149,A
6-NA,1291,1142,1,2,0,1145,A
6-NA,1292,1137,0,0,0,1137,A
6-NA,1293,1115,0,7,1,1123,A
6-NA,1294,0,0,1123,0,1123,G
6-NA,1295,1107,0,0,0,1107,A
6-NA,1296,2,0,1100,0,1102,G
6-NA,1297,0,1,1105,0,1106,G
6-NA,1298,1089,0,0,1,1090,A
6-NA,1299,1087,0,1,0,1088,A
6-NA,1300,1090,1,0,0,1091,A
6-NA,1301,0,0,0,1095,1095,C
6-NA,1302,0,1090,0,2,1092,T
6-NA,1303,0,0,1095,0,1095,G
6-NA,1304,1090,1,0,0,1091,A
6-NA,1305,1086,0,3,0,1089,A
6-NA,1306,2,0,1089,0,1091,G
6-NA,1307,0,1084,0,0,1084,T
6-NA,1308,0,0,0,1086,1086,C
6-NA,1309,0,1083,0,0,1083,T
6-NA,1310,0,1077,0,0,1077,T
6-NA,1311,0,0,1078,0,1078,G
6-NA,1312,1,1072,0,1,1074,T
6-NA,1313,2,0,1070,0,1072,G
6-NA,1314,0,0,1070,0,1070,G
6-NA,1315,1061,0,0,0,1061,A
6-NA,1316,1,0,0,1059,1060,C
6-NA,1317,0,0,0,1036,1036,C
6-NA,1318,0,1037,0,2,1039,T
6-NA,1319,0,0,0,1038,1038,C
6-NA,1320,2,1,1033,0,1036,G
6-NA,1321,1043,0,1,0,1044,A
6-NA,1322,1043,0,1,0,1044,A
6-NA,1323,0,0,0,1048,1048,C
6-NA,1324,1022,0,0,0,1022,A
6-NA,1325,0,0,1046,0,1046,G
6-NA,1326,0,1037,0,2,1039,T
6-NA,1327,1040,0,0,1,1041,A
6-NA,1328,1,1042,0,1,1044,T
6-NA,1329,0,1017,0,1,1018,T
6-NA,1330,1,0,1026,0,1027,G
6-NA,1331,0,1025,0,0,1025,T
6-NA,1332,0,986,0,0,986,T
6-NA,1333,0,0,990,0,990,G
6-NA,1334,0,900,0,2,902,T
6-NA,1335,0,1,901,0,902,G
6-NA,1336,0,890,0,3,893,T
6-NA,1337,0,882,0,1,883,T
6-NA,1338,0,882,0,1,883,T
6-NA,1339,0,870,0,0,870,T
6-NA,1340,0,0,874,0,874,G
6-NA,1341,0,868,0,1,869,T
6-NA,1342,0,0,865,0,865,G
6-NA,1343,2,0,862,0,864,G
6-NA,1344,0,0,0,852,852,C
6-NA,1345,848,0,1,0,849,A
6-NA,1346,1,0,0,859,860,C
6-NA,1347,2,0,1,852,855,C
6-NA,1348,0,852,0,2,854,T
6-NA,1349,0,0,0,857,857,C
6-NA,1350,850,0,5,0,855,A
6-NA,1351,0,1,863,0,864,G
6-NA,1352,0,0,866,0,866,G
6-NA,1353,0,865,0,0,865,T
6-NA,1354,860,0,0,0,860,A
6-NA,1355,1,1,6,804,812,C
6-NA,1356,787,0,2,0,789,A
6-NA,1357,0,791,0,0,791,T
6-NA,1358,766,0,3,0,769,A
6-NA,1359,0,765,0,1,766,T
6-NA,1360,0,1,697,0,698,G
6-NA,1361,0,0,694,0,694,G
6-NA,1362,682,0,0,0,682,A
6-NA,1363,677,0,0,0,677,A
6-NA,1364,0,0,0,674,674,C
6-NA,1365,591,0,1,0,592,A
6-NA,1366,0,0,592,0,592,G
6-NA,1367,0,0,589,0,589,G
6-NA,1368,0,0,0,590,590,C
6-NA,1369,0,589,0,0,589,T
6-NA,1370,0,1,0,547,548,C
6-NA,1371,543,0,2,0,545,A
6-NA,1372,0,545,0,0,545,T
6-NA,1373,1,1,543,0,545,G
6-NA,1374,0,0,544,0,544,G
6-NA,1375,1,0,0,514,515,C
6-NA,1376,0,0,0,510,510,C
6-NA,1377,0,477,0,0,477,T
6-NA,1378,0,0,477,0,477,G
6-NA,1379,477,0,0,0,477,A
6-NA,1380,0,477,0,0,477,T
6-NA,1381,0,0,471,0,471,G
6-NA,1382,0,0,460,0,460,G
6-NA,1383,0,1,444,0,445,G
6-NA,1384,0,0,446,0,446,G
6-NA,1385,0,0,0,437,437,C
6-NA,1386,0,1,436,0,437,G
6-NA,1387,0,0,432,0,432,G
6-NA,1388,430,0,0,0,430,A
6-NA,1389,0,0,0,426,426,C
6-NA,1390,427,0,0,0,427,A
6-NA,1391,0,421,0,1,422,T
6-NA,1392,0,1,0,416,417,C
6-NA,1393,416,0,0,0,416,A
6-NA,1394,413,0,1,1,415,A
6-NA,1395,0,415,0,0,415,T
6-NA,1396,0,0,0,412,412,C
6-NA,1397,0,399,0,1,400,T
6-NA,1398,0,0,0,334,334,C
6-NA,1399,334,0,0,0,334,A
6-NA,1400,0,333,0,0,333,T
6-NA,1401,0,0,332,0,332,G
6-NA,1402,0,0,0,331,331,C
6-NA,1403,1,0,0,321,322,C
6-NA,1404,0,281,0,0,281,T
6-NA,1405,279,0,1,0,280,A
6-NA,1406,0,280,0,0,280,T
6-NA,1407,274,0,0,0,274,A
6-NA,1408,0,272,0,0,272,T
6-NA,1409,244,0,0,0,244,A
6-NA,1410,233,0,0,0,233,A
7-M,1,107,0,0,0,107,A
7-M,2,0,108,0,0,108,T
7-M,3,0,0,111,0,111,G
7-M,4,112,0,0,0,112,A
7-M,5,0,0,118,0,118,G
7-M,6,0,0,0,129,129,C
7-M,7,0,0,0,131,131,C
7-M,8,0,157,0,0,157,T
7-M,9,0,156,0,1,157,T
7-M,10,0,0,0,157,157,C
7-M,11,0,156,0,1,157,T
7-M,12,158,0,0,1,159,A
7-M,13,162,0,0,0,162,A
7-M,14,0,0,0,161,161,C
7-M,15,0,0,0,162,162,C
7-M,16,0,0,162,0,162,G
7-M,17,161,0,0,0,161,A
7-M,18,0,0,165,0,165,G
7-M,19,0,0,171,0,171,G
7-M,20,0,171,0,0,171,T
7-M,21,1,0,0,171,172,C
7-M,22,0,0,172,0,172,G
7-M,23,177,0,0,0,177,A
7-M,24,177,0,0,0,177,A
7-M,25,180,0,0,0,180,A
7-M,26,0,0,0,202,202,C
7-M,27,0,0,209,0,209,G
7-M,28,0,211,0,0,211,T
7-M,29,212,0,0,0,212,A
7-M,30,0,214,0,0,214,T
7-M,31,0,0,219,0,219,G
7-M,32,0,219,0,0,219,T
7-M,33,0,237,0,0,237,T
7-M,34,0,0,0,246,246,C
7-M,35,0,243,0,2,245,T
7-M,36,0,0,0,261,261,C
7-M,37,0,257,0,3,260,T
7-M,38,0,0,0,277,277,C
7-M,39,0,275,0,0,275,T
7-M,40,279,0,0,0,279,A
7-M,41,0,279,0,1,280,T
7-M,42,0,0,0,282,282,C
7-M,43,0,0,284,0,284,G
7-M,44,0,287,0,0,287,T
7-M,45,0,286,0,0,286,T
7-M,46,0,0,0,291,291,C
7-M,47,0,0,0,303,303,C
7-M,48,304,0,0,0,304,A
7-M,49,0,303,0,1,304,T
7-M,50,0,0,0,303,303,C
7-M,51,302,0,1,0,303,A
7-M,52,0,0,305,1,306,G
7-M,53,0,0,307,0,307,G
7-M,54,0,0,0,308,308,C
7-M,55,1,0,0,306,307,C
7-M,56,1,0,0,307,308,C
7-M,57,0,0,0,321,321,C
7-M,58,0,0,0,322,322,C
7-M,59,0,322,0,1,323,T
7-M,60,0,0,0,323,323,C
7-M,61,323,0,0,0,323,A
7-M,62,325,0,0,0,325,A
7-M,63,335,0,1,0,336,A
7-M,64,0,0,338,0,338,G
7-M,65,0,0,0,338,338,C
7-M,66,0,1,0,335,336,C
7-M,67,1,0,335,0,336,G
7-M,68,335,0,1,0,336,A
7-M,69,0,0,337,0,337,G
7-M,70,340,0,0,0,340,A
7-M,71,0,341,0,0,341,T
7-M,72,0,1,0,339,340,C
7-M,73,0,0,341,0,341,G
7-M,74,0,0,0,344,344,C
7-M,75,0,0,345,0,345,G
7-M,76,1,1,0,341,343,C
7-M,77,345,0,0,0,345,A
7-M,78,0,0,347,0,347,G
7-M,79,342,0,0,0,342,A
7-M,80,1,0,374,0,375,G
7-M,81,374,0,0,0,374,A
7-M,82,0,0,0,378,378,C
7-M,83,0,379,0,0,379,T
7-M,84,0,378,0,1,379,T
7-M,85,0,1,386,0,387,G
7-M,86,385,0,2,0,387,A
7-M,87,385,0,0,0,385,A
7-M,88,0,0,387,0,387,G
7-M,89,382,0,0,0,382,A
7-M,90,0,384,0,2,386,T
7-M,91,0,0,389,0,389,G
7-M,92,0,390,0,0,390,T
7-M,93,0,0,0,391,391,C
7-M,94,0,390,0,1,391,T
7-M,95,0,391,0,0,391,T
7-M,96,0,391,0,0,391,T
7-M,97,0,0,390,0,390,G
7-M,98,0,1,0,390,391,C
7-M,99,0,391,0,0,391,T
7-M,100,0,0,394,0,394,G
7-M,101,0,0,395,0,395,G
7-M,102,0,1,405,0,406,G
7-M,103,402,0,0,0,402,A
7-M,104,406,0,0,0,406,A
7-M,105,406,0,0,0,406,A
7-M,106,405,0,0,0,405,A
7-M,107,409,0,1,0,410,A
7-M,108,0,0,0,414,414,C
7-M,109,413,1,0,0,414,A
7-M,110,0,0,0,414,414,C
7-M,111,412,0,0,0,412,A
7-M,112,0,2,422,0,424,G
7-M,113,429,0,0,0,429,A
7-M,114,0,438,0,0,438,T
7-M,115,0,0,0,439,439,C
7-M,116,0,436,0,1,437,T
7-M,117,0,436,0,2,438,T
7-M,118,0,0,438,0,438,G
7-M,119,436,0,2,0,438,A
7-M,120,0,0,439,0,439,G
7-M,121,0,0,438,0,438,G
7-M,122,0,0,0,445,445,C
7-M,123,0,445,0,0,445,T
7-M,124,0,0,0,478,478,C
7-M,125,0,477,0,1,478,T
7-M,126,0,0,0,480,480,C
7-M,127,481,0,0,0,481,A
7-M,128,0,480,0,1,481,T
7-M,129,1,0,481,0,482,G
7-M,130,0,0,484,0,484,G
7-M,131,481,0,2,0,483,A
7-M,132,483,0,0,0,483,A
7-M,133,0,476,0,0,476,T
7-M,134,0,0,494,0,494,G
7-M,135,0,0,518,0,518,G
7-M,136,0,0,0,519,519,C
7-M,137,0,518,0,0,518,T
7-M,138,518,0,0,0,518,A
7-M,139,517,0,0,0,517,A
7-M,140,525,0,0,0,525,A
7-M,141,0,0,531,0,531,G
7-M,142,527,1,2,0,530,A
7-M,143,0,0,0,527,527,C
7-M,144,513,1,0,0,514,A
7-M,145,510,0,2,0,512,A
7-M,146,0,1,525,0,526,G
7-M,147,525,1,1,0,527,A
7-M,148,0,0,0,529,529,C
7-M,149,0,1,0,521,522,C
7-M,150,521,0,0,0,521,A
7-M,151,527,0,1,0,528,A
7-M,152,0,528,0,0,528,T
7-M,153,0,529,0,0,529,T
7-M,154,0,1,0,532,533,C
7-M,155,0,531,0,1,532,T
7-M,156,0,0,532,0,532,G
7-M,157,0,531,1,1,533,T
7-M,158,0,0,0,533,533,C
7-M,159,531,0,0,0,531,A
7-M,160,0,0,0,546,546,C
7-M,161,0,0,0,547,547,C
7-M,162,0,544,0,0,544,T
7-M,163,0,0,0,548,548,C
7-M,164,1,547,0,0,548,T
7-M,165,0,0,567,0,567,G
7-M,166,562,0,2,0,564,A
7-M,167,0,1,0,566,567,C
7-M,168,0,564,0,0,564,T
7-M,169,557,0,1,0,558,A
7-M,170,555,0,2,1,558,A
7-M,171,0,0,561,0,561,G
7-M,172,0,0,567,0,567,G
7-M,173,0,0,569,0,569,G
7-M,174,0,2,571,0,573,G
7-M,175,590,0,0,0,590,A
7-M,176,0,587,0,0,587,T
7-M,177,0,587,0,0,587,T
7-M,178,0,588,0,0,588,T
7-M,179,0,588,0,0,588,T
7-M,180,0,0,588,0,588,G
7-M,181,0,1,593,0,594,G
7-M,182,0,0,589,0,589,G
7-M,183,0,0,592,0,592,G
7-M,184,0,583,0,0,583,T
7-M,185,0,583,0,2,585,T
7-M,186,0,586,0,0,586,T
7-M,187,0,0,595,0,595,G
7-M,188,1,593,0,0,594,T
7-M,189,0,0,597,0,597,G
7-M,190,0,597,0,0,597,T
7-M,191,0,595,0,0,595,T
7-M,192,0,0,0,596,596,C
7-M,193,596,0,1,0,597,A
7-M,194,0,0,0,604,604,C
7-M,195,0,0,603,0,603,G
7-M,196,0,1,0,599,600,C
7-M,197,0,593,1,0,594,T
7-M,198,2,0,0,607,609,C
7-M,199,605,1,1,0,607,A
7-M,200,0,0,0,613,613,C
7-M,201,0,0,0,612,612,C
7-M,202,0,0,615,0,615,G
7-M,203,0,620,0,1,621,T
7-M,204,0,0,624,0,624,G
7-M,205,0,1,0,622,623,C
7-M,206,0,0,0,625,625,C
7-M,207,1,0,0,630,631,C
7-M,208,621,1,0,0,622,A
7-M,209,1,0,630,0,631,G
7-M,210,1,630,0,0,631,T
7-M,211,1,3,631,0,635,G
7-M,212,632,0,2,0,634,A
7-M,213,0,0,635,0,635,G
7-M,214,0,0,0,635,635,C
7-M,215,0,0,637,0,637,G
7-M,216,633,0,1,0,634,A
7-M,217,0,0,643,0,643,G
7-M,218,1,0,646,0,647,G
7-M,219,639,0,0,0,639,A
7-M,220,0,0,0,648,648,C
7-M,221,0,643,0,0,643,T
7-M,222,0,0,644,0,644,G
7-M,223,0,0,0,640,640,C
7-M,224,641,0,0,0,641,A
7-M,225,1,0,661,0,662,G
7-M,226,0,0,0,655,655,C
7-M,227,0,0,662,0,662,G
7-M,228,0,659,0,2,661,T
7-M,229,655,0,0,0,655,A
7-M,230,0,0,654,0,654,G
7-M,231,652,0,0,0,652,A
7-M,232,0,0,0,651,651,C
7-M,233,0,0,654,0,654,G
7-M,234,0,0,0,652,652,C
7-M,235,0,645,0,0,645,T
7-M,236,0,646,0,0,646,T
7-M,237,0,645,0,0,645,T
7-M,238,0,0,670,0,670,G
7-M,239,2,666,0,0,668,T
7-M,240,0,0,0,670,670,C
7-M,241,0,0,0,672,672,C
7-M,242,672,0,1,0,673,A
7-M,243,672,0,0,0,672,A
7-M,244,670,0,0,0,670,A
7-M,245,671,0,0,0,671,A
7-M,246,0,673,0,0,673,T
7-M,247,1,0,666,0,667,G
7-M,248,0,0,0,667,667,C
7-M,249,0,1,0,666,667,C
7-M,250,0,0,0,671,671,C
7-M,251,1,673,0,0,674,T
7-M,252,0,0,0,690,690,C
7-M,253,693,0,1,0,694,A
7-M,254,695,0,1,0,696,A
7-M,255,1,693,0,2,696,T
7-M,256,1,0,699,0,700,G
7-M,257,1,2,698,0,701,G
7-M,258,0,0,705,0,705,G
7-M,259,701,0,3,0,704,A
7-M,260,701,0,2,0,703,A
7-M,261,0,694,0,0,694,T
7-M,262,0,1,692,0,693,G
7-M,263,0,1,692,0,693,G
7-M,264,688,0,0,0,688,A
7-M,265,0,0,687,0,687,G
7-M,266,683,0,0,0,683,A
7-M,267,0,0,0,675,675,C
7-M,268,1,0,0,702,703,C
7-M,269,1,0,0,708,709,C
7-M,270,716,0,0,1,717,A
7-M,271,716,0,1,0,717,A
7-M,272,718,0,0,0,718,A
7-M,273,0,721,0,2,723,T
7-M,274,739,0,1,0,740,A
7-M,275,745,0,0,0,745,A
7-M,276,0,0,0,734,734,C
7-M,277,733,0,0,0,733,A
7-M,278,0,734,0,0,734,T
7-M,279,1,1,747,0,749,G
7-M,280,0,0,750,0,750,G
7-M,281,749,0,0,0,749,A
7-M,282,0,0,0,749,749,C
7-M,283,734,0,0,0,734,A
7-M,284,737,0,1,0,738,A
7-M,285,737,0,1,0,738,A
7-M,286,0,0,746,0,746,G
7-M,287,0,0,0,768,768,C
7-M,288,753,0,1,0,754,A
7-M,289,0,0,765,1,766,G
7-M,290,0,765,0,0,765,T
7-M,291,0,763,0,0,763,T
7-M,292,771,0,0,0,771,A
7-M,293,768,0,0,1,769,A
7-M,294,775,0,1,0,776,A
7-M,295,0,0,0,780,780,C
7-M,296,0,767,0,0,767,T
7-M,297,0,0,820,0,820,G
7-M,298,0,811,0,0,811,T
7-M,299,818,1,0,0,819,A
7-M,300,0,820,0,0,820,T
7-M,301,814,0,0,0,814,A
7-M,302,0,0,816,0,816,G
7-M,303,770,0,0,0,770,A
7-M,304,773,0,0,0,773,A
7-M,305,771,1,0,0,772,A
7-M,306,787,1,1,0,789,A
7-M,307,0,0,0,801,801,C
7-M,308,0,791,0,1,792,T
7-M,309,0,793,0,0,793,T
7-M,310,793,0,0,0,793,A
7-M,311,788,0,1,0,789,A
7-M,312,1,0,799,0,800,G
7-M,313,791,0,2,0,793,A
7-M,314,0,0,798,0,798,G
7-M,315,0,0,795,0,795,G
7-M,316,0,1,795,0,796,G
7-M,317,795,1,0,0,796,A
7-M,318,1,0,803,0,804,G
7-M,319,806,0,2,0,808,A
7-M,320,0,809,0,1,810,T
7-M,321,810,0,0,0,810,A
7-M,322,808,0,0,0,808,A
7-M,323,0,0,0,807,807,C
7-M,324,0,0,808,0,808,G
7-M,325,0,809,0,1,810,T
7-M,326,0,802,0,1,803,T
7-M,327,0,0,0,808,808,C
7-M,328,1,0,0,797,798,C
7-M,329,802,0,0,0,802,A
7-M,330,0,799,0,0,799,T
7-M,331,1,0,795,0,796,G
7-M,332,1,1,793,0,795,G
7-M,333,0,3,786,0,789,G
7-M,334,0,0,792,0,792,G
7-M,335,1,0,0,787,788,C
7-M,336,0,1,0,788,789,C
7-M,337,794,0,0,0,794,A
7-M,338,795,0,1,0,796,A
7-M,339,797,0,0,0,797,A
7-M,340,1,0,796,0,797,G
7-M,341,798,0,0,0,798,A
7-M,342,794,0,0,0,794,A
7-M,343,789,0,2,1,792,A
7-M,344,0,789,0,1,790,T
7-M,345,786,1,2,0,789,A
7-M,346,0,0,791,0,791,G
7-M,347,1,0,0,789,790,C
7-M,348,0,780,0,4,784,T
7-M,349,0,0,0,786,786,C
7-M,350,0,775,0,0,775,T
7-M,351,0,0,0,796,796,C
7-M,352,796,1,0,0,797,A
7-M,353,0,0,798,0,798,G
7-M,354,0,787,0,2,789,T
7-M,355,0,799,0,0,799,T
7-M,356,799,0,0,0,799,A
7-M,357,0,797,0,1,798,T
7-M,358,0,796,0,0,796,T
7-M,359,1,0,0,796,797,C
7-M,360,0,784,0,2,786,T
7-M,361,0,0,793,0,793,G
7-M,362,1,0,0,787,788,C
7-M,363,0,781,0,0,781,T
7-M,364,0,0,783,0,783,G
7-M,365,0,0,782,0,782,G
7-M,366,0,782,0,1,783,T
7-M,367,0,0,783,0,783,G
7-M,368,0,0,0,782,782,C
7-M,369,784,0,0,0,784,A
7-M,370,0,0,0,788,788,C
7-M,371,0,785,0,1,786,T
7-M,372,1,797,0,0,798,T
7-M,373,2,0,794,0,796,G
7-M,374,0,1,0,798,799,C
7-M,375,0,0,0,801,801,C
7-M,376,800,1,0,0,801,A
7-M,377,0,1,801,0,802,G
7-M,378,0,801,0,0,801,T
7-M,379,0,789,0,1,790,T
7-M,380,0,0,800,0,800,G
7-M,381,0,0,0,787,787,C
7-M,382,790,0,1,0,791,A
7-M,383,0,792,0,0,792,T
7-M,384,0,1,791,0,792,G
7-M,385,1,0,801,0,802,G
7-M,386,1,0,807,0,808,G
7-M,387,0,0,0,815,815,C
7-M,388,0,0,0,839,839,C
7-M,389,0,835,0,1,836,T
7-M,390,0,0,0,851,851,C
7-M,391,895,0,0,0,895,A
7-M,392,0,895,0,0,895,T
7-M,393,924,0,0,0,924,A
7-M,394,0,915,0,0,915,T
7-M,395,899,0,0,0,899,A
7-M,396,0,0,0,958,958,C
7-M,397,937,0,0,0,937,A
7-M,398,940,0,1,0,941,A
7-M,399,0,936,1,0,937,T
7-M,400,904,0,3,1,908,A
7-M,401,0,1,920,0,921,G
7-M,402,6,0,917,0,923,G
7-M,403,921,0,1,0,922,A
7-M,404,0,920,0,0,920,T
7-M,405,0,1,866,0,867,G
7-M,406,0,1,861,0,862,G
7-M,407,1,1,857,0,859,G
7-M,408,0,0,859,0,859,G
7-M,409,0,0,862,0,862,G
7-M,410,0,0,1,855,856,C
7-M,411,0,853,0,0,853,T
7-M,412,0,0,855,0,855,G
7-M,413,1,856,0,0,857,T
7-M,414,858,0,1,0,859,A
7-M,415,856,2,0,0,858,A
7-M,416,1,0,0,858,859,C
7-M,417,1,0,0,849,850,C
7-M,418,844,0,1,0,845,A
7-M,419,1,0,0,849,850,C
7-M,420,1,846,0,2,849,T
7-M,421,1,0,852,0,853,G
7-M,422,847,0,0,0,847,A
7-M,423,847,0,0,0,847,A
7-M,424,0,0,850,0,850,G
7-M,425,0,838,0,1,839,T
7-M,426,0,0,843,0,843,G
7-M,427,0,0,843,0,843,G
7-M,428,0,0,0,852,852,C
7-M,429,852,0,0,0,852,A
7-M,430,0,845,0,0,845,T
7-M,431,0,842,0,0,842,T
7-M,432,0,844,0,0,844,T
7-M,433,0,1,869,0,870,G
7-M,434,0,0,872,0,872,G
7-M,435,0,2,0,867,869,C
7-M,436,0,1,0,866,867,C
7-M,437,0,856,0,0,856,T
7-M,438,0,0,879,0,879,G
7-M,439,0,0,882,0,882,G
7-M,440,0,882,1,0,883,T
7-M,441,886,0,0,0,886,A
7-M,442,0,859,0,0,859,T
7-M,443,0,0,869,0,869,G
7-M,444,0,867,1,5,873,T
7-M,445,1,0,869,0,870,G
7-M,446,1,0,0,873,874,C
7-M,447,852,0,0,0,852,A
7-M,448,846,0,0,0,846,A
7-M,449,1,1,0,850,852,C
7-M,450,852,0,0,0,852,A
7-M,451,0,854,1,1,856,T
7-M,452,0,0,846,0,846,G
7-M,453,0,831,1,0,832,T
7-M,454,0,1,831,0,832,G
7-M,455,828,0,2,0,830,A
7-M,456,0,0,831,0,831,G
7-M,457,1,1,0,830,832,C
7-M,458,809,0,0,0,809,A
7-M,459,0,0,816,0,816,G
7-M,460,806,1,4,0,811,A
7-M,461,0,809,0,0,809,T
7-M,462,1,811,1,0,813,T
7-M,463,0,0,816,0,816,G
7-M,464,1,1,0,814,816,C
7-M,465,0,817,0,0,817,T
7-M,466,1,0,815,0,816,G
7-M,467,816,0,0,0,816,A
7-M,468,1,0,0,836,837,C
7-M,469,0,837,0,2,839,T
7-M,470,0,0,0,841,841,C
7-M,471,0,1,0,836,837,C
7-M,472,1,1,0,838,840,C
7-M,473,835,1,2,0,838,A
7-M,474,0,0,846,0,846,G
7-M,475,0,1,0,842,843,C
7-M,476,846,0,0,0,846,A
7-M,477,0,0,0,845,845,C
7-M,478,799,0,2,0,801,A
7-M,479,0,2,811,0,813,G
7-M,480,0,1,811,0,812,G
7-M,481,0,810,0,3,813,T
7-M,482,1,1,0,823,825,C
7-M,483,0,818,0,2,820,T
7-M,484,2,0,0,825,827,C
7-M,485,827,0,0,0,827,A
7-M,486,0,826,0,0,826,T
7-M,487,826,1,0,1,828,A
7-M,488,1,1,816,0,818,G
7-M,489,0,0,812,0,812,G
7-M,490,0,2,0,810,812,C
7-M,491,784,0,0,0,784,A
7-M,492,0,2,778,0,780,G
7-M,493,783,0,2,0,785,A
7-M,494,0,787,0,0,787,T
7-M,495,0,1,789,0,790,G
7-M,496,0,0,787,0,787,G
7-M,497,0,780,0,0,780,T
7-M,498,1,0,778,0,779,G
7-M,499,0,0,775,0,775,G
7-M,500,0,0,0,782,782,C
7-M,501,774,0,0,1,775,A
7-M,502,773,0,0,0,773,A
7-M,503,0,1,0,778,779,C
7-M,504,781,0,0,0,781,A
7-M,505,784,0,0,0,784,A
7-M,506,1,0,0,781,782,C
7-M,507,0,1,0,776,777,C
7-M,508,767,0,2,0,769,A
7-M,509,771,0,2,0,773,A
7-M,510,0,772,1,0,773,T
7-M,511,0,0,0,775,775,C
7-M,512,0,0,0,770,770,C
7-M,513,759,0,1,0,760,A
7-M,514,0,755,0,0,755,T
7-M,515,0,758,0,0,758,T
7-M,516,762,0,0,0,762,A
7-M,517,759,0,3,0,762,A
7-M,518,0,764,0,0,764,T
7-M,519,757,0,0,0,757,A
7-M,520,757,0,0,0,757,A
7-M,521,744,0,2,0,746,A
7-M,522,749,0,0,0,749,A
7-M,523,0,0,0,767,767,C
7-M,524,765,0,0,0,765,A
7-M,525,0,766,0,0,766,T
7-M,526,0,0,765,0,765,G
7-M,527,763,0,1,0,764,A
7-M,528,2,1,767,0,770,G
7-M,529,764,0,1,0,765,A
7-M,530,767,0,2,0,769,A
7-M,531,0,0,0,774,774,C
7-M,532,753,0,1,0,754,A
7-M,533,1,0,759,0,760,G
7-M,534,760,0,1,0,761,A
7-M,535,756,0,0,0,756,A
7-M,536,0,756,0,0,756,T
7-M,537,1,1,749,0,751,G
7-M,538,1,0,748,0,749,G
7-M,539,0,745,1,0,746,T
7-M,540,0,734,0,0,734,T
7-M,541,0,746,0,1,747,T
7-M,542,0,750,0,0,750,T
7-M,543,1,0,757,0,758,G
7-M,544,0,1,760,0,761,G
7-M,545,0,0,0,762,762,C
7-M,546,1,0,0,753,754,C
7-M,547,740,0,0,0,740,A
7-M,548,1,0,759,0,760,G
7-M,549,0,0,0,754,754,C
7-M,550,763,0,1,0,764,A
7-M,551,0,1,0,773,774,C
7-M,552,0,771,0,0,771,T
7-M,553,769,0,0,0,769,A
7-M,554,0,1,0,772,773,C
7-M,555,780,0,3,0,783,A
7-M,556,0,0,792,0,792,G
7-M,557,0,0,0,763,763,C
7-M,558,0,754,0,1,755,T
7-M,559,757,0,0,0,757,A
7-M,560,738,0,5,0,743,A
7-M,561,0,0,753,0,753,G
7-M,562,0,0,758,0,758,G
7-M,563,0,0,1,754,755,C
7-M,564,0,723,0,1,724,T
7-M,565,721,0,2,0,723,A
7-M,566,0,721,0,0,721,T
7-M,567,0,0,722,0,722,G
7-M,568,1,2,719,0,722,G
7-M,569,709,1,0,0,710,A
7-M,570,0,0,714,0,714,G
7-M,571,1,0,0,698,699,C
7-M,572,693,0,0,0,693,A
7-M,573,691,0,1,0,692,A
7-M,574,693,0,0,0,693,A
7-M,575,0,691,0,0,691,T
7-M,576,0,0,692,1,693,G
7-M,577,0,0,690,0,690,G
7-M,578,0,0,0,689,689,C
7-M,579,0,684,0,1,685,T
7-M,580,0,0,687,0,687,G
7-M,581,1,1,701,0,703,G
7-M,582,705,0,0,0,705,A
7-M,583,0,702,0,1,703,T
7-M,584,0,0,0,698,698,C
7-M,585,693,1,1,0,695,A
7-M,586,698,0,0,0,698,A
7-M,587,1,0,698,0,699,G
7-M,588,0,696,0,0,696,T
7-M,589,1,0,696,0,697,G
7-M,590,684,1,1,0,686,A
7-M,591,0,0,687,0,687,G
7-M,592,1,0,0,686,687,C
7-M,593,684,0,2,0,686,A
7-M,594,0,1,688,0,689,G
7-M,595,0,0,683,0,683,G
7-M,596,0,0,0,678,678,C
7-M,597,681,0,0,0,681,A
7-M,598,0,0,680,1,681,G
7-M,599,0,1,0,680,681,C
7-M,600,0,1,682,0,683,G
7-M,601,0,0,682,0,682,G
7-M,602,676,0,0,0,676,A
7-M,603,0,0,688,0,688,G
7-M,604,0,0,690,0,690,G
7-M,605,0,1,0,681,682,C
7-M,606,0,0,0,687,687,C
7-M,607,687,0,0,0,687,A
7-M,608,0,685,1,0,686,T
7-M,609,1,1,686,0,688,G
7-M,610,0,0,690,0,690,G
7-M,611,683,0,2,0,685,A
7-M,612,0,0,684,0,684,G
7-M,613,675,1,1,0,677,A
7-M,614,0,686,0,0,686,T
7-M,615,0,685,0,0,685,T
7-M,616,0,0,689,0,689,G
7-M,617,0,0,0,684,684,C
7-M,618,0,684,0,0,684,T
7-M,619,691,0,0,0,691,A
7-M,620,0,0,689,0,689,G
7-M,621,0,688,0,1,689,T
7-M,622,0,0,0,690,690,C
7-M,623,671,0,1,1,673,A
7-M,624,0,0,680,0,680,G
7-M,625,0,1,680,0,681,G
7-M,626,0,0,0,678,678,C
7-M,627,0,1,0,679,680,C
7-M,628,681,0,1,0,682,A
7-M,629,0,0,693,0,693,G
7-M,630,2,0,689,0,691,G
7-M,631,0,3,0,693,696,C
7-M,632,696,0,2,0,698,A
7-M,633,0,0,695,0,695,G
7-M,634,692,0,0,0,692,A
7-M,635,1,691,0,0,692,T
7-M,636,0,2,694,1,697,G
7-M,637,0,0,702,0,702,G
7-M,638,1,690,0,0,691,T
7-M,639,0,0,695,0,695,G
7-M,640,0,0,0,694,694,C
7-M,641,694,0,0,0,694,A
7-M,642,0,1,703,0,704,G
7-M,643,0,0,700,0,700,G
7-M,644,0,0,0,697,697,C
7-M,645,696,0,0,0,696,A
7-M,646,689,0,1,0,690,A
7-M,647,0,682,0,0,682,T
7-M,648,0,0,684,0,684,G
7-M,649,676,0,2,0,678,A
7-M,650,1,0,681,0,682,G
7-M,651,662,0,1,0,663,A
7-M,652,0,0,670,0,670,G
7-M,653,0,0,0,667,667,C
7-M,654,0,4,0,676,680,C
7-M,655,682,0,1,0,683,A
7-M,656,1,685,0,0,686,T
7-M,657,0,684,0,1,685,T
7-M,658,0,3,681,0,684,G
7-M,659,0,0,682,0,682,G
7-M,660,0,0,684,0,684,G
7-M,661,681,0,1,0,682,A
7-M,662,0,0,0,677,677,C
7-M,663,663,0,1,0,664,A
7-M,664,1,0,0,671,672,C
7-M,665,671,0,0,0,671,A
7-M,666,0,704,0,1,705,T
7-M,667,0,0,0,705,705,C
7-M,668,0,1,0,697,698,C
7-M,669,0,701,0,1,702,T
7-M,670,704,0,1,0,705,A
7-M,671,0,0,713,0,713,G
7-M,672,0,764,0,1,765,T
7-M,673,1,756,0,2,759,T
7-M,674,2,0,0,759,761,C
7-M,675,0,0,0,738,738,C
7-M,676,732,0,0,0,732,A
7-M,677,1,0,743,0,744,G
7-M,678,0,742,0,1,743,T
7-M,679,740,1,0,0,741,A
7-M,680,0,0,0,741,741,C
7-M,681,1,647,0,2,650,T
7-M,682,0,0,675,0,675,G
7-M,683,0,0,684,1,685,G
7-M,684,0,685,0,0,685,T
7-M,685,0,0,0,691,691,C
7-M,686,1,673,0,1,675,T
7-M,687,675,0,1,0,676,A
7-M,688,676,0,0,0,676,A
7-M,689,0,0,679,0,679,G
7-M,690,668,1,1,0,670,A
7-M,691,0,0,666,0,666,G
7-M,692,633,0,2,0,635,A
7-M,693,0,636,0,1,637,T
7-M,694,0,0,634,0,634,G
7-M,695,634,0,1,0,635,A
7-M,696,1,628,0,1,630,T
7-M,697,2,0,0,629,631,C
7-M,698,1,628,0,1,630,T
7-M,699,0,631,0,0,631,T
7-M,700,0,0,0,634,634,C
7-M,701,0,633,0,0,633,T
7-M,702,0,632,0,0,632,T
7-M,703,1,0,631,0,632,G
7-M,704,629,0,0,0,629,A
7-M,705,630,0,0,0,630,A
7-M,706,631,0,0,0,631,A
7-M,707,632,0,0,0,632,A
7-M,708,0,629,0,0,629,T
7-M,709,0,629,0,1,630,T
7-M,710,0,632,0,1,633,T
7-M,711,0,0,634,0,634,G
7-M,712,0,2,0,628,630,C
7-M,713,630,0,2,0,632,A
7-M,714,0,0,632,0,632,G
7-M,715,635,0,0,0,635,A
7-M,716,0,0,0,640,640,C
7-M,717,0,0,0,636,636,C
7-M,718,0,637,0,0,637,T
7-M,719,639,0,1,0,640,A
7-M,720,0,637,0,2,639,T
7-M,721,0,0,0,638,638,C
7-M,722,637,0,0,0,637,A
7-M,723,1,0,638,0,639,G
7-M,724,637,0,2,0,639,A
7-M,725,614,0,1,0,615,A
7-M,726,611,0,2,0,613,A
7-M,727,0,0,0,612,612,C
7-M,728,0,1,617,0,618,G
7-M,729,616,0,0,1,617,A
7-M,730,611,0,2,0,613,A
7-M,731,0,610,0,0,610,T
7-M,732,0,2,610,1,613,G
7-M,733,0,2,612,0,614,G
7-M,734,0,1,611,0,612,G
7-M,735,0,0,614,0,614,G
7-M,736,0,0,624,0,624,G
7-M,737,0,612,0,1,613,T
7-M,738,0,0,615,0,615,G
7-M,739,0,0,0,614,614,C
7-M,740,615,0,0,0,615,A
7-M,741,1,0,618,0,619,G
7-M,742,613,0,2,0,615,A
7-M,743,0,613,0,0,613,T
7-M,744,0,0,613,0,613,G
7-M,745,0,0,1,601,602,C
7-M,746,601,0,0,0,601,A
7-M,747,602,0,0,0,602,A
7-M,748,0,2,0,598,600,C
7-M,749,0,0,600,2,602,G
7-M,750,599,0,1,0,600,A
7-M,751,0,597,0,1,598,T
7-M,752,0,594,0,1,595,T
7-M,753,0,0,0,599,599,C
7-M,754,592,0,0,0,592,A
7-M,755,592,0,0,0,592,A
7-M,756,0,0,594,0,594,G
7-M,757,1,579,0,1,581,T
7-M,758,0,0,579,0,579,G
7-M,759,577,0,0,1,578,A
7-M,760,0,0,0,576,576,C
7-M,761,0,0,0,575,575,C
7-M,762,0,1,1,571,573,C
7-M,763,1,0,574,0,575,G
7-M,764,0,0,0,572,572,C
7-M,765,0,571,0,2,573,T
7-M,766,0,574,0,0,574,T
7-M,767,0,0,575,0,575,G
7-M,768,0,575,0,0,575,T
7-M,769,0,574,0,0,574,T
7-M,770,0,0,574,0,574,G
7-M,771,0,566,0,0,566,T
7-M,772,0,558,0,0,558,T
7-M,773,0,0,557,0,557,G
7-M,774,0,1,0,557,558,C
7-M,775,0,0,0,553,553,C
7-M,776,0,0,556,0,556,G
7-M,777,0,1,0,551,552,C
7-M,778,0,0,556,0,556,G
7-M,779,559,0,0,0,559,A
7-M,780,559,0,0,0,559,A
7-M,781,0,561,0,0,561,T
7-M,782,565,0,0,0,565,A
7-M,783,0,573,1,0,574,T
7-M,784,0,1,0,578,579,C
7-M,785,579,0,2,1,582,A
7-M,786,0,580,0,1,581,T
7-M,787,0,578,0,0,578,T
7-M,788,0,1,578,0,579,G
7-M,789,1,0,576,0,577,G
7-M,790,2,0,575,0,577,G
7-M,791,576,0,0,0,576,A
7-M,792,0,569,0,0,569,T
7-M,793,0,0,0,562,562,C
7-M,794,0,559,0,1,560,T
7-M,795,0,558,0,0,558,T
7-M,796,0,0,560,0,560,G
7-M,797,0,1,0,559,560,C
7-M,798,560,0,1,0,561,A
7-M,799,0,0,0,560,560,C
7-M,800,0,549,0,2,551,T
7-M,801,0,550,0,0,550,T
7-M,802,0,0,551,0,551,G
7-M,803,554,0,0,0,554,A
7-M,804,0,552,0,2,554,T
7-M,805,535,0,0,0,535,A
7-M,806,0,534,0,0,534,T
7-M,807,0,534,0,0,534,T
7-M,808,0,0,535,0,535,G
7-M,809,1,532,0,1,534,T
7-M,810,0,0,528,0,528,G
7-M,811,0,0,530,0,530,G
7-M,812,518,0,0,0,518,A
7-M,813,0,525,0,1,526,T
7-M,814,0,524,0,0,524,T
7-M,815,0,0,0,523,523,C
7-M,816,1,522,0,1,524,T
7-M,817,0,516,0,1,517,T
7-M,818,0,0,518,0,518,G
7-M,819,512,0,0,0,512,A
7-M,820,0,515,0,0,515,T
7-M,821,0,0,0,509,509,C
7-M,822,0,0,509,0,509,G
7-M,823,0,508,0,0,508,T
7-M,824,0,0,0,504,504,C
7-M,825,0,495,0,1,496,T
7-M,826,0,505,0,0,505,T
7-M,827,0,508,0,0,508,T
7-M,828,0,507,0,1,508,T
7-M,829,0,507,0,0,507,T
7-M,830,0,509,0,0,509,T
7-M,831,0,509,0,0,509,T
7-M,832,0,0,0,506,506,C
7-M,833,504,0,0,0,504,A
7-M,834,505,0,0,0,505,A
7-M,835,504,0,0,0,504,A
7-M,836,0,504,0,1,505,T
7-M,837,0,1,505,0,506,G
7-M,838,0,0,0,506,506,C
7-M,839,0,0,506,0,506,G
7-M,840,0,506,0,1,507,T
7-M,841,0,1,0,506,507,C
7-M,842,0,507,0,1,508,T
7-M,843,508,0,0,0,508,A
7-M,844,0,507,0,1,508,T
7-M,845,0,0,0,503,503,C
7-M,846,0,0,500,0,500,G
7-M,847,496,0,0,0,496,A
7-M,848,0,0,0,496,496,C
7-M,849,0,482,0,1,483,T
7-M,850,0,0,0,492,492,C
7-M,851,0,488,0,0,488,T
7-M,852,0,489,0,0,489,T
7-M,853,1,0,0,487,488,C
7-M,854,488,0,0,0,488,A
7-M,855,489,0,0,0,489,A
7-M,856,488,0,0,0,488,A
7-M,857,0,0,0,485,485,C
7-M,858,483,0,0,0,483,A
7-M,859,0,0,0,464,464,C
7-M,860,0,0,454,0,454,G
7-M,861,0,0,466,0,466,G
7-M,862,0,0,0,466,466,C
7-M,863,0,0,0,463,463,C
7-M,864,0,465,0,0,465,T
7-M,865,0,464,0,0,464,T
7-M,866,465,0,0,0,465,A
7-M,867,467,0,0,0,467,A
7-M,868,465,0,0,0,465,A
7-M,869,463,0,1,0,464,A
7-M,870,0,1,454,0,455,G
7-M,871,393,0,0,0,393,A
7-M,872,0,0,392,0,392,G
7-M,873,0,0,393,0,393,G
7-M,874,0,0,0,391,391,C
7-M,875,1,0,0,388,389,C
7-M,876,0,0,0,385,385,C
7-M,877,0,380,0,2,382,T
7-M,878,0,383,0,0,383,T
7-M,879,0,0,0,382,382,C
7-M,880,0,384,0,1,385,T
7-M,881,386,0,0,0,386,A
7-M,882,0,1,0,384,385,C
7-M,883,0,3,369,0,372,G
7-M,884,0,0,371,0,371,G
7-M,885,362,0,0,0,362,A
7-M,886,358,0,2,0,360,A
7-M,887,0,1,359,0,360,G
7-M,888,0,0,358,0,358,G
7-M,889,346,0,2,1,349,A
7-M,890,0,0,348,0,348,G
7-M,891,0,344,0,0,344,T
7-M,892,345,0,1,0,346,A
7-M,893,0,1,0,344,345,C
7-M,894,0,0,0,340,340,C
7-M,895,0,335,0,1,336,T
7-M,896,0,0,337,0,337,G
7-M,897,324,0,1,0,325,A
7-M,898,0,0,327,0,327,G
7-M,899,0,313,0,0,313,T
7-M,900,0,0,0,310,310,C
7-M,901,0,301,0,0,301,T
7-M,902,300,0,0,0,300,A
7-M,903,0,302,0,0,302,T
7-M,904,0,0,301,0,301,G
7-M,905,293,0,0,0,293,A
7-M,906,0,0,294,0,294,G
7-M,907,0,0,267,0,267,G
7-M,908,0,0,268,0,268,G
7-M,909,264,0,1,0,265,A
7-M,910,262,0,0,0,262,A
7-M,911,0,0,262,0,262,G
7-M,912,259,0,0,1,260,A
7-M,913,260,0,0,0,260,A
7-M,914,0,259,0,0,259,T
7-M,915,251,0,0,0,251,A
7-M,916,0,250,0,2,252,T
7-M,917,0,0,0,248,248,C
7-M,918,1,0,248,0,249,G
7-M,919,249,0,0,0,249,A
7-M,920,249,0,0,0,249,A
7-M,921,249,0,0,0,249,A
7-M,922,0,0,245,0,245,G
7-M,923,0,0,249,0,249,G
7-M,924,247,0,0,0,247,A
7-M,925,247,0,0,0,247,A
7-M,926,0,0,0,247,247,C
7-M,927,243,0,1,0,244,A
7-M,928,1,0,247,0,248,G
7-M,929,0,0,0,248,248,C
7-M,930,248,0,0,0,248,A
7-M,931,0,0,248,0,248,G
7-M,932,232,0,0,0,232,A
7-M,933,232,0,0,0,232,A
7-M,934,0,232,0,0,232,T
7-M,935,0,0,225,0,225,G
7-M,936,0,0,0,225,225,C
7-M,937,0,202,0,1,203,T
7-M,938,0,0,203,0,203,G
7-M,939,0,202,0,0,202,T
7-M,940,0,0,202,0,202,G
7-M,941,1,0,199,0,200,G
7-M,942,195,0,1,0,196,A
7-M,943,0,196,0,0,196,T
7-M,944,0,0,188,0,188,G
7-M,945,1,0,0,182,183,C
7-M,946,0,175,0,0,175,T
7-M,947,0,0,173,0,173,G
7-M,948,172,0,0,0,172,A
7-M,949,0,0,0,171,171,C
7-M,950,0,0,170,0,170,G
7-M,951,170,0,0,0,170,A
7-M,952,0,0,0,169,169,C
7-M,953,159,0,1,0,160,A
7-M,954,0,0,160,0,160,G
7-M,955,0,159,0,0,159,T
7-M,956,0,0,0,159,159,C
7-M,957,159,0,0,0,159,A
7-M,958,0,156,0,0,156,T
7-M,959,0,154,0,1,155,T
7-M,960,0,153,0,0,153,T
7-M,961,0,153,0,0,153,T
7-M,962,0,0,153,0,153,G
7-M,963,0,145,0,0,145,T
7-M,964,0,0,0,145,145,C
7-M,965,138,0,0,0,138,A
7-M,966,0,0,138,0,138,G
7-M,967,0,0,0,138,138,C
7-M,968,138,0,0,0,138,A
7-M,969,0,138,0,0,138,T
7-M,970,130,0,2,0,132,A
7-M,971,0,0,132,0,132,G
7-M,972,127,0,1,0,128,A
7-M,973,0,0,128,0,128,G
7-M,974,0,126,0,0,126,T
7-M,975,0,88,0,0,88,T
7-M,976,0,0,85,0,85,G
7-M,977,0,1,84,0,85,G
7-M,978,85,0,0,0,85,A
7-M,979,0,0,85,0,85,G
7-M,980,0,60,0,0,60,T
7-M,981,59,0,0,0,59,A
7-M,982,58,0,0,0,58,A
8-NS,1,96,0,0,0,96,A
8-NS,2,0,96,0,0,96,T
8-NS,3,0,0,107,0,107,G
8-NS,4,0,0,117,0,117,G
8-NS,5,128,0,0,0,128,A
8-NS,6,0,229,0,0,229,T
8-NS,7,0,230,0,0,230,T
8-NS,8,0,0,0,243,243,C
8-NS,9,0,0,0,243,243,C
8-NS,10,242,0,1,0,243,A
8-NS,11,245,0,0,0,245,A
8-NS,12,4,0,0,241,245,C
8-NS,13,245,0,0,0,245,A
8-NS,14,0,0,0,247,247,C
8-NS,15,0,248,0,0,248,T
8-NS,16,0,0,265,0,265,G
8-NS,17,0,265,0,0,265,T
8-NS,18,0,0,268,0,268,G
8-NS,19,0,267,0,1,268,T
8-NS,20,0,0,0,268,268,C
8-NS,21,268,0,0,0,268,A
8-NS,22,269,0,0,0,269,A
8-NS,23,0,0,271,0,271,G
8-NS,24,0,276,0,0,276,T
8-NS,25,0,275,0,0,275,T
8-NS,26,0,277,0,0,277,T
8-NS,27,0,0,0,277,277,C
8-NS,28,0,0,0,277,277,C
8-NS,29,277,0,0,0,277,A
8-NS,30,1,0,278,0,279,G
8-NS,31,0,0,279,0,279,G
8-NS,32,1,278,0,0,279,T
8-NS,33,279,0,0,0,279,A
8-NS,34,0,0,282,0,282,G
8-NS,35,281,0,2,0,283,A
8-NS,36,0,284,0,0,284,T
8-NS,37,0,284,0,0,284,T
8-NS,38,0,0,288,0,288,G
8-NS,39,0,0,0,288,288,C
8-NS,40,0,288,0,0,288,T
8-NS,41,0,290,0,0,290,T
8-NS,42,0,290,0,2,292,T
8-NS,43,0,0,0,296,296,C
8-NS,44,0,296,0,0,296,T
8-NS,45,0,294,0,0,294,T
8-NS,46,0,296,0,0,296,T
8-NS,47,1,0,297,0,298,G
8-NS,48,0,0,299,0,299,G
8-NS,49,0,0,0,299,299,C
8-NS,50,298,0,1,0,299,A
8-NS,51,0,299,0,0,299,T
8-NS,52,299,0,0,0,299,A
8-NS,53,0,306,0,0,306,T
8-NS,54,0,0,0,307,307,C
8-NS,55,0,1,0,306,307,C
8-NS,56,0,0,307,0,307,G
8-NS,57,0,0,309,0,309,G
8-NS,58,306,1,0,0,307,A
8-NS,59,310,0,0,0,310,A
8-NS,60,310,0,0,0,310,A
8-NS,61,0,0,0,309,309,C
8-NS,62,312,0,1,0,313,A
8-NS,63,313,0,0,0,313,A
8-NS,64,0,0,330,0,330,G
8-NS,65,0,329,0,2,331,T
8-NS,66,0,332,0,0,332,T
8-NS,67,0,0,332,0,332,G
8-NS,68,0,331,0,1,332,T
8-NS,69,333,0,0,0,333,A
8-NS,70,1,0,335,0,336,G
8-NS,71,357,0,1,0,358,A
8-NS,72,0,0,0,363,363,C
8-NS,73,0,0,0,361,361,C
8-NS,74,360,0,0,0,360,A
8-NS,75,363,0,0,0,363,A
8-NS,76,0,0,373,0,373,G
8-NS,77,372,0,0,0,372,A
8-NS,78,375,0,1,0,376,A
8-NS,79,0,1,0,374,375,C
8-NS,80,0,371,0,0,371,T
8-NS,81,0,0,376,0,376,G
8-NS,82,375,0,0,0,375,A
8-NS,83,0,0,383,0,383,G
8-NS,84,0,383,0,0,383,T
8-NS,85,0,0,382,0,382,G
8-NS,86,388,0,0,0,388,A
8-NS,87,0,385,0,2,387,T
8-NS,88,0,0,396,0,396,G
8-NS,89,0,0,0,401,401,C
8-NS,90,0,0,0,403,403,C
8-NS,91,0,0,0,403,403,C
8-NS,92,0,0,0,401,401,C
8-NS,93,405,0,0,0,405,A
8-NS,94,0,411,0,1,412,T
8-NS,95,0,422,0,0,422,T
8-NS,96,0,1,0,425,426,C
8-NS,97,0,0,0,426,426,C
8-NS,98,0,422,0,4,426,T
8-NS,99,0,423,0,2,425,T
8-NS,100,1,1,422,0,424,G
8-NS,101,422,1,0,0,423,A
8-NS,102,0,424,0,1,425,T
8-NS,103,2,0,0,421,423,C
8-NS,104,0,1,422,0,423,G
8-NS,105,2,0,420,0,422,G
8-NS,106,0,0,0,424,424,C
8-NS,107,0,420,0,1,421,T
8-NS,108,0,425,0,0,425,T
8-NS,109,0,0,0,422,422,C
8-NS,110,0,0,428,0,428,G
8-NS,111,0,0,0,427,427,C
8-NS,112,0,0,0,427,427,C
8-NS,113,0,0,425,0,425,G
8-NS,114,425,0,0,0,425,A
8-NS,115,0,2,442,0,444,G
8-NS,116,444,0,0,0,444,A
8-NS,117,0,446,0,0,446,T
8-NS,118,0,1,0,445,446,C
8-NS,119,447,0,0,0,447,A
8-NS,120,0,0,449,0,449,G
8-NS,121,450,0,0,0,450,A
8-NS,122,0,0,449,0,449,G
8-NS,123,0,0,456,0,456,G
8-NS,124,0,458,0,0,458,T
8-NS,125,1,1,0,484,486,C
8-NS,126,0,0,0,485,485,C
8-NS,127,1,0,0,483,484,C
8-NS,128,0,486,0,1,487,T
8-NS,129,492,0,0,0,492,A
8-NS,130,491,0,1,0,492,A
8-NS,131,0,1,501,0,502,G
8-NS,132,0,1,498,0,499,G
8-NS,133,0,0,502,0,502,G
8-NS,134,0,2,490,1,493,G
8-NS,135,491,0,1,0,492,A
8-NS,136,495,0,2,0,497,A
8-NS,137,0,0,505,0,505,G
8-NS,138,517,0,0,0,517,A
8-NS,139,0,0,525,0,525,G
8-NS,140,1,0,525,0,526,G
8-NS,141,0,0,0,529,529,C
8-NS,142,526,0,1,0,527,A
8-NS,143,531,0,0,0,531,A
8-NS,144,0,528,0,0,528,T
8-NS,145,531,0,0,0,531,A
8-NS,146,0,0,0,537,537,C
8-NS,147,0,528,0,0,528,T
8-NS,148,0,0,0,526,526,C
8-NS,149,0,525,0,0,525,T
8-NS,150,0,1,0,527,528,C
8-NS,151,0,0,533,0,533,G
8-NS,152,0,0,562,0,562,G
8-NS,153,0,562,0,0,562,T
8-NS,154,0,0,0,565,565,C
8-NS,155,0,557,0,1,558,T
8-NS,156,559,0,0,0,559,A
8-NS,157,0,0,558,0,558,G
8-NS,158,558,0,1,0,559,A
8-NS,159,0,0,0,575,575,C
8-NS,160,570,0,1,0,571,A
8-NS,161,0,566,0,0,566,T
8-NS,162,0,1,0,566,567,C
8-NS,163,565,1,0,0,566,A
8-NS,164,566,0,0,0,566,A
8-NS,165,564,0,0,0,564,A
8-NS,166,0,0,565,0,565,G
8-NS,167,1,0,0,566,567,C
8-NS,168,558,0,1,0,559,A
8-NS,169,1,0,566,0,567,G
8-NS,170,0,0,0,566,566,C
8-NS,171,1,1,0,564,566,C
8-NS,172,570,1,0,0,571,A
8-NS,173,0,0,0,576,576,C
8-NS,174,0,0,0,575,575,C
8-NS,175,0,1,0,574,575,C
8-NS,176,587,0,0,0,587,A
8-NS,177,0,589,0,1,590,T
8-NS,178,0,0,589,0,589,G
8-NS,179,0,591,0,1,592,T
8-NS,180,0,588,0,2,590,T
8-NS,181,0,0,592,0,592,G
8-NS,182,1,1,587,0,589,G
8-NS,183,585,0,1,0,586,A
8-NS,184,585,0,1,0,586,A
8-NS,185,578,0,1,0,579,A
8-NS,186,0,0,582,0,582,G
8-NS,187,0,0,0,581,581,C
8-NS,188,578,0,1,0,579,A
8-NS,189,577,0,1,0,578,A
8-NS,190,578,0,0,0,578,A
8-NS,191,0,582,0,0,582,T
8-NS,192,0,578,0,0,578,T
8-NS,193,0,0,603,0,603,G
8-NS,194,0,605,0,0,605,T
8-NS,195,602,0,0,0,602,A
8-NS,196,0,0,600,0,600,G
8-NS,197,600,0,2,0,602,A
8-NS,198,601,0,0,0,601,A
8-NS,199,601,0,0,0,601,A
8-NS,200,599,0,1,0,600,A
8-NS,201,0,0,599,0,599,G
8-NS,202,598,0,1,0,599,A
8-NS,203,0,599,0,0,599,T
8-NS,204,0,600,0,0,600,T
8-NS,205,0,0,0,600,600,C
8-NS,206,0,597,0,1,598,T
8-NS,207,0,1,596,0,597,G
8-NS,208,599,0,1,0,600,A
8-NS,209,594,2,0,0,596,A
8-NS,210,599,0,0,0,599,A
8-NS,211,0,1,600,0,601,G
8-NS,212,600,0,1,0,601,A
8-NS,213,601,0,2,0,603,A
8-NS,214,0,1,602,0,603,G
8-NS,215,606,0,0,0,606,A
8-NS,216,607,0,0,0,607,A
8-NS,217,0,604,0,0,604,T
8-NS,218,1,0,0,610,611,C
8-NS,219,0,609,0,0,609,T
8-NS,220,1,0,611,0,612,G
8-NS,221,612,0,1,0,613,A
8-NS,222,0,612,0,0,612,T
8-NS,223,0,0,610,0,610,G
8-NS,224,607,0,0,0,607,A
8-NS,225,0,0,606,0,606,G
8-NS,226,2,0,601,0,603,G
8-NS,227,0,0,0,607,607,C
8-NS,228,609,0,1,0,610,A
8-NS,229,1,0,0,625,626,C
8-NS,230,0,625,0,0,625,T
8-NS,231,0,627,0,0,627,T
8-NS,232,629,0,1,0,630,A
8-NS,233,629,0,2,0,631,A
8-NS,234,628,1,0,0,629,A
8-NS,235,629,0,0,0,629,A
8-NS,236,0,634,0,0,634,T
8-NS,237,2,0,632,0,634,G
8-NS,238,632,0,0,0,632,A
8-NS,239,0,0,0,632,632,C
8-NS,240,0,0,0,629,629,C
8-NS,241,629,0,0,0,629,A
8-NS,242,0,628,0,1,629,T
8-NS,243,0,1,643,1,645,G
8-NS,244,0,0,646,0,646,G
8-NS,245,0,651,0,1,652,T
8-NS,246,0,0,0,686,686,C
8-NS,247,0,672,0,3,675,T
8-NS,248,0,0,0,681,681,C
8-NS,249,2,0,0,682,684,C
8-NS,250,682,0,1,0,683,A
8-NS,251,2,0,0,686,688,C
8-NS,252,680,1,1,0,682,A
8-NS,253,0,0,0,695,695,C
8-NS,254,2,0,0,683,685,C
8-NS,255,0,659,0,3,662,T
8-NS,256,0,0,666,0,666,G
8-NS,257,0,1,0,662,663,C
8-NS,258,0,660,0,0,660,T
8-NS,259,0,668,0,0,668,T
8-NS,260,0,9,0,654,663,C
8-NS,261,0,1,666,0,667,G
8-NS,262,0,1,0,667,668,C
8-NS,263,0,2,668,0,670,G
8-NS,264,699,0,0,0,699,A
8-NS,265,0,693,0,0,693,T
8-NS,266,710,0,0,0,710,A
8-NS,267,0,0,0,710,710,C
8-NS,268,707,0,0,0,707,A
8-NS,269,0,719,0,0,719,T
8-NS,270,717,0,1,0,718,A
8-NS,271,718,0,1,0,719,A
8-NS,272,2,0,0,717,719,C
8-NS,273,0,699,0,0,699,T
8-NS,274,0,0,707,0,707,G
8-NS,275,699,0,1,0,700,A
8-NS,276,0,1,1,698,700,C
8-NS,277,695,0,3,0,698,A
8-NS,278,0,690,0,0,690,T
8-NS,279,0,0,692,0,692,G
8-NS,280,686,1,2,0,689,A
8-NS,281,1,0,0,710,711,C
8-NS,282,0,711,0,0,711,T
8-NS,283,713,0,1,0,714,A
8-NS,284,0,716,0,0,716,T
8-NS,285,1,709,0,0,710,T
8-NS,286,1,1,710,0,712,G
8-NS,287,712,1,1,0,714,A
8-NS,288,2,0,712,0,714,G
8-NS,289,0,1,711,0,712,G
8-NS,290,701,0,0,1,702,A
8-NS,291,703,0,3,1,707,A
8-NS,292,0,689,0,0,689,T
8-NS,293,0,688,0,1,689,T
8-NS,294,1,0,699,0,700,G
8-NS,295,0,696,0,2,698,T
8-NS,296,0,0,1,698,699,C
8-NS,297,697,0,0,0,697,A
8-NS,298,698,0,1,0,699,A
8-NS,299,0,0,700,0,700,G
8-NS,300,697,1,0,0,698,A
8-NS,301,694,0,0,0,694,A
8-NS,302,698,0,0,0,698,A
8-NS,303,1,0,0,696,697,C
8-NS,304,0,696,0,0,696,T
8-NS,305,0,2,698,0,700,G
8-NS,306,0,0,707,0,707,G
8-NS,307,0,702,0,2,704,T
8-NS,308,0,708,0,0,708,T
8-NS,309,2,0,0,701,703,C
8-NS,310,704,0,1,0,705,A
8-NS,311,0,710,0,1,711,T
8-NS,312,1,0,715,0,716,G
8-NS,313,0,0,0,720,720,C
8-NS,314,0,720,0,0,720,T
8-NS,315,708,0,0,0,708,A
8-NS,316,714,0,0,0,714,A
8-NS,317,0,715,0,2,717,T
8-NS,318,0,0,717,0,717,G
8-NS,319,0,0,0,721,721,C
8-NS,320,0,0,0,710,710,C
8-NS,321,2,0,0,707,709,C
8-NS,322,710,0,0,0,710,A
8-NS,323,712,0,0,0,712,A
8-NS,324,0,0,713,0,713,G
8-NS,325,0,2,0,711,713,C
8-NS,326,710,0,0,0,710,A
8-NS,327,0,0,713,0,713,G
8-NS,328,710,0,0,0,710,A
8-NS,329,708,0,0,0,708,A
8-NS,330,710,0,1,0,711,A
8-NS,331,0,1,718,0,719,G
8-NS,332,0,712,0,0,712,T
8-NS,333,0,1,711,0,712,G
8-NS,334,0,0,714,0,714,G
8-NS,335,711,0,1,0,712,A
8-NS,336,704,0,3,0,707,A
8-NS,337,1,1,703,0,705,G
8-NS,338,0,0,706,0,706,G
8-NS,339,703,0,1,0,704,A
8-NS,340,1,2,0,699,702,C
8-NS,341,1,0,0,696,697,C
8-NS,342,0,695,0,2,697,T
8-NS,343,1,0,0,706,707,C
8-NS,344,0,705,0,0,705,T
8-NS,345,0,709,0,0,709,T
8-NS,346,0,708,0,0,708,T
8-NS,347,2,0,703,0,705,G
8-NS,348,0,2,0,705,707,C
8-NS,349,704,0,2,0,706,A
8-NS,350,0,706,0,1,707,T
8-NS,351,0,0,0,711,711,C
8-NS,352,716,0,0,0,716,A
8-NS,353,0,1,732,0,733,G
8-NS,354,735,0,0,0,735,A
8-NS,355,738,1,1,0,740,A
8-NS,356,1,730,0,0,731,T
8-NS,357,0,0,732,0,732,G
8-NS,358,5,0,730,0,735,G
8-NS,359,735,0,1,0,736,A
8-NS,360,0,0,0,738,738,C
8-NS,361,1,0,0,725,726,C
8-NS,362,714,1,0,0,715,A
8-NS,363,0,1,718,0,719,G
8-NS,364,1,1,717,0,719,G
8-NS,365,0,0,0,720,720,C
8-NS,366,717,0,1,0,718,A
8-NS,367,726,1,1,0,728,A
8-NS,368,0,723,0,0,723,T
8-NS,369,0,0,0,725,725,C
8-NS,370,727,0,1,0,728,A
8-NS,371,0,719,0,0,719,T
8-NS,372,0,1,722,0,723,G
8-NS,373,1,0,725,0,726,G
8-NS,374,726,0,0,0,726,A
8-NS,375,0,0,731,0,731,G
8-NS,376,729,0,1,0,730,A
8-NS,377,728,0,0,0,728,A
8-NS,378,724,0,0,0,724,A
8-NS,379,725,1,1,0,727,A
8-NS,380,731,0,1,0,732,A
8-NS,381,0,0,0,737,737,C
8-NS,382,734,0,0,0,734,A
8-NS,383,0,732,0,1,733,T
8-NS,384,1,0,0,728,729,C
8-NS,385,728,0,1,0,729,A
8-NS,386,0,732,0,1,733,T
8-NS,387,0,1,736,0,737,G
8-NS,388,0,732,0,2,734,T
8-NS,389,0,728,0,1,729,T
8-NS,390,0,1,730,0,731,G
8-NS,391,724,0,2,0,726,A
8-NS,392,724,0,0,0,724,A
8-NS,393,726,0,0,0,726,A
8-NS,394,0,0,731,0,731,G
8-NS,395,1,0,0,723,724,C
8-NS,396,0,1,727,0,728,G
8-NS,397,728,0,1,0,729,A
8-NS,398,725,0,0,0,725,A
8-NS,399,0,720,0,0,720,T
8-NS,400,0,720,0,4,724,T
8-NS,401,0,724,0,1,725,T
8-NS,402,0,1,0,726,727,C
8-NS,403,719,0,1,0,720,A
8-NS,404,0,0,718,0,718,G
8-NS,405,0,720,0,0,720,T
8-NS,406,1,0,719,0,720,G
8-NS,407,0,719,0,0,719,T
8-NS,408,1,1,719,0,721,G
8-NS,409,726,0,0,1,727,A
8-NS,410,0,725,0,0,725,T
8-NS,411,0,724,0,0,724,T
8-NS,412,0,725,0,1,726,T
8-NS,413,0,724,0,2,726,T
8-NS,414,0,725,0,0,725,T
8-NS,415,0,3,721,0,724,G
8-NS,416,724,0,1,0,725,A
8-NS,417,0,1,0,721,722,C
8-NS,418,0,0,0,720,720,C
8-NS,419,0,0,720,0,720,G
8-NS,420,750,0,1,0,751,A
8-NS,421,1,0,0,768,769,C
8-NS,422,0,771,0,0,771,T
8-NS,423,771,0,0,0,771,A
8-NS,424,1,0,769,0,770,G
8-NS,425,774,0,0,0,774,A
8-NS,426,0,0,774,0,774,G
8-NS,427,778,0,1,0,779,A
8-NS,428,0,0,0,796,796,C
8-NS,429,0,0,0,778,778,C
8-NS,430,757,0,0,0,757,A
8-NS,431,0,795,0,0,795,T
8-NS,432,790,0,1,0,791,A
8-NS,433,0,0,849,0,849,G
8-NS,434,0,845,0,0,845,T
8-NS,435,836,0,2,0,838,A
8-NS,436,1,838,0,1,840,T
8-NS,437,0,814,0,1,815,T
8-NS,438,848,0,0,0,848,A
8-NS,439,0,0,0,844,844,C
8-NS,440,0,817,0,0,817,T
8-NS,441,816,0,0,0,816,A
8-NS,442,753,0,2,0,755,A
8-NS,443,1,0,756,0,757,G
8-NS,444,0,0,761,0,761,G
8-NS,445,0,0,760,0,760,G
8-NS,446,0,0,0,752,752,C
8-NS,447,0,742,0,1,743,T
8-NS,448,0,741,0,1,742,T
8-NS,449,0,746,0,0,746,T
8-NS,450,0,0,0,751,751,C
8-NS,451,755,0,1,0,756,A
8-NS,452,0,1,0,756,757,C
8-NS,453,0,0,0,748,748,C
8-NS,454,0,0,750,0,750,G
8-NS,455,753,0,0,0,753,A
8-NS,456,752,1,0,0,753,A
8-NS,457,0,0,752,0,752,G
8-NS,458,743,0,1,0,744,A
8-NS,459,1,0,747,0,748,G
8-NS,460,0,0,739,0,739,G
8-NS,461,0,1,744,0,745,G
8-NS,462,744,0,0,0,744,A
8-NS,463,0,1,744,0,745,G
8-NS,464,0,2,0,738,740,C
8-NS,465,737,2,1,0,740,A
8-NS,466,735,2,3,0,740,A
8-NS,467,0,740,0,1,741,T
8-NS,468,0,736,0,0,736,T
8-NS,469,0,0,738,0,738,G
8-NS,470,0,727,0,1,728,T
8-NS,471,0,728,0,0,728,T
8-NS,472,1,0,727,0,728,G
8-NS,473,0,0,724,0,724,G
8-NS,474,0,0,0,728,728,C
8-NS,475,0,0,729,0,729,G
8-NS,476,729,0,1,0,730,A
8-NS,477,732,0,0,0,732,A
8-NS,478,735,0,0,0,735,A
8-NS,479,0,739,0,0,739,T
8-NS,480,0,0,1,739,740,C
8-NS,481,1,735,0,0,736,T
8-NS,482,0,0,0,733,733,C
8-NS,483,739,1,0,0,740,A
8-NS,484,0,1,0,737,738,C
8-NS,485,0,0,0,738,738,C
8-NS,486,732,0,0,0,732,A
8-NS,487,0,729,0,1,730,T
8-NS,488,0,725,0,0,725,T
8-NS,489,0,0,725,0,725,G
8-NS,490,1,0,0,719,720,C
8-NS,491,0,0,0,727,727,C
8-NS,492,0,727,0,1,728,T
8-NS,493,1,726,0,1,728,T
8-NS,494,0,0,0,732,732,C
8-NS,495,0,728,0,1,729,T
8-NS,496,0,728,0,0,728,T
8-NS,497,0,736,0,0,736,T
8-NS,498,0,732,0,0,732,T
8-NS,499,0,0,0,739,739,C
8-NS,500,1,0,0,737,738,C
8-NS,501,735,0,2,0,737,A
8-NS,502,0,0,745,0,745,G
8-NS,503,35,0,706,0,741,G
8-NS,504,749,0,1,0,750,A
8-NS,505,0,0,0,753,753,C
8-NS,506,759,0,0,0,759,A
8-NS,507,0,759,0,1,760,T
8-NS,508,761,0,0,0,761,A
8-NS,509,0,1,0,793,794,C
8-NS,510,0,790,1,0,791,T
8-NS,511,779,0,1,0,780,A
8-NS,512,0,775,0,1,776,T
8-NS,513,1,749,0,1,751,T
8-NS,514,0,0,750,0,750,G
8-NS,515,723,2,2,0,727,A
8-NS,516,0,1,726,0,727,G
8-NS,517,0,0,727,0,727,G
8-NS,518,655,0,0,0,655,A
8-NS,519,0,657,0,0,657,T
8-NS,520,0,0,658,0,658,G
8-NS,521,0,654,0,1,655,T
8-NS,522,3,0,0,653,656,C
8-NS,523,654,0,1,0,655,A
8-NS,524,657,0,0,0,657,A
8-NS,525,656,0,1,0,657,A
8-NS,526,655,1,0,0,656,A
8-NS,527,657,0,1,0,658,A
8-NS,528,0,655,0,0,655,T
8-NS,529,0,0,658,0,658,G
8-NS,530,0,1,0,659,660,C
8-NS,531,658,0,0,0,658,A
8-NS,532,664,0,0,0,664,A
8-NS,533,0,665,0,1,666,T
8-NS,534,0,666,0,0,666,T
8-NS,535,1,2,660,0,663,G
8-NS,536,0,2,658,0,660,G
8-NS,537,1,1,659,0,661,G
8-NS,538,1,0,664,1,666,G
8-NS,539,1,658,0,0,659,T
8-NS,540,0,0,0,662,662,C
8-NS,541,0,1,0,660,661,C
8-NS,542,0,660,0,0,660,T
8-NS,543,0,0,0,661,661,C
8-NS,544,657,0,0,0,657,A
8-NS,545,0,658,0,1,659,T
8-NS,546,0,0,0,657,657,C
8-NS,547,2,1,652,0,655,G
8-NS,548,0,0,655,0,655,G
8-NS,549,644,0,2,0,646,A
8-NS,550,0,1,649,0,650,G
8-NS,551,0,1,651,0,652,G
8-NS,552,648,0,1,0,649,A
8-NS,553,0,0,0,649,649,C
8-NS,554,0,652,0,1,653,T
8-NS,555,0,651,0,0,651,T
8-NS,556,0,0,655,0,655,G
8-NS,557,652,0,0,0,652,A
8-NS,558,651,0,1,0,652,A
8-NS,559,0,644,0,1,645,T
8-NS,560,0,1,629,0,630,G
8-NS,561,0,0,632,0,632,G
8-NS,562,632,0,0,0,632,A
8-NS,563,635,0,0,0,635,A
8-NS,564,1,648,0,0,649,T
8-NS,565,1,1,644,1,647,G
8-NS,566,646,1,1,0,648,A
8-NS,567,2,645,0,0,647,T
8-NS,568,645,0,1,0,646,A
8-NS,569,650,0,2,0,652,A
8-NS,570,0,0,0,649,649,C
8-NS,571,642,0,1,0,643,A
8-NS,572,0,0,0,642,642,C
8-NS,573,595,0,2,0,597,A
8-NS,574,0,0,603,0,603,G
8-NS,575,0,602,0,1,603,T
8-NS,576,0,602,0,0,602,T
8-NS,577,0,0,0,603,603,C
8-NS,578,0,0,600,0,600,G
8-NS,579,596,0,1,0,597,A
8-NS,580,1,0,599,0,600,G
8-NS,581,0,590,0,0,590,T
8-NS,582,2,0,0,597,599,C
8-NS,583,0,591,0,0,591,T
8-NS,584,0,0,0,597,597,C
8-NS,585,1,596,0,0,597,T
8-NS,586,595,0,1,0,596,A
8-NS,587,596,0,1,0,597,A
8-NS,588,591,0,0,0,591,A
8-NS,589,597,0,0,0,597,A
8-NS,590,598,0,0,0,598,A
8-NS,591,0,590,0,0,590,T
8-NS,592,1,0,0,593,594,C
8-NS,593,0,585,0,1,586,T
8-NS,594,588,0,0,0,588,A
8-NS,595,1,2,0,585,588,C
8-NS,596,588,0,0,0,588,A
8-NS,597,0,0,587,0,587,G
8-NS,598,575,0,1,0,576,A
8-NS,599,1,0,575,0,576,G
8-NS,600,579,0,0,0,579,A
8-NS,601,0,573,0,1,574,T
8-NS,602,0,572,0,1,573,T
8-NS,603,0,0,0,572,572,C
8-NS,604,0,0,572,0,572,G
8-NS,605,0,0,0,572,572,C
8-NS,606,0,568,0,2,570,T
8-NS,607,0,573,0,0,573,T
8-NS,608,0,0,571,0,571,G
8-NS,609,0,2,569,0,571,G
8-NS,610,573,0,0,0,573,A
8-NS,611,0,0,574,0,574,G
8-NS,612,569,0,1,0,570,A
8-NS,613,569,0,0,0,569,A
8-NS,614,0,0,578,0,578,G
8-NS,615,0,0,0,578,578,C
8-NS,616,575,0,0,0,575,A
8-NS,617,0,0,584,0,584,G
8-NS,618,1,581,0,1,583,T
8-NS,619,584,0,1,0,585,A
8-NS,620,585,0,0,0,585,A
8-NS,621,0,584,0,0,584,T
8-NS,622,0,2,588,0,590,G
8-NS,623,570,0,0,0,570,A
8-NS,624,0,0,584,0,584,G
8-NS,625,581,0,0,0,581,A
8-NS,626,562,0,1,0,563,A
8-NS,627,0,564,0,0,564,T
8-NS,628,0,0,557,0,557,G
8-NS,629,1,0,552,1,554,G
8-NS,630,2,0,551,0,553,G
8-NS,631,0,0,555,0,555,G
8-NS,632,0,0,553,0,553,G
8-NS,633,544,0,1,0,545,A
8-NS,634,0,1,0,536,537,C
8-NS,635,0,1,0,544,545,C
8-NS,636,0,522,0,0,522,T
8-NS,637,0,2,0,519,521,C
8-NS,638,0,0,0,518,518,C
8-NS,639,520,0,0,0,520,A
8-NS,640,0,0,0,522,522,C
8-NS,641,0,512,0,0,512,T
8-NS,642,0,511,0,0,511,T
8-NS,643,499,0,0,0,499,A
8-NS,644,1,0,0,497,498,C
8-NS,645,0,498,0,0,498,T
8-NS,646,1,0,0,494,495,C
8-NS,647,1,0,0,490,491,C
8-NS,648,490,0,0,1,491,A
8-NS,649,489,0,0,0,489,A
8-NS,650,491,0,0,0,491,A
8-NS,651,490,0,0,0,490,A
8-NS,652,0,0,0,492,492,C
8-NS,653,481,1,1,0,483,A
8-NS,654,0,0,485,0,485,G
8-NS,655,481,0,1,0,482,A
8-NS,656,480,0,1,0,481,A
8-NS,657,481,0,1,0,482,A
8-NS,658,0,0,0,481,481,C
8-NS,659,0,1,479,0,480,G
8-NS,660,0,0,480,0,480,G
8-NS,661,0,1,482,0,483,G
8-NS,662,482,0,0,1,483,A
8-NS,663,477,0,1,0,478,A
8-NS,664,478,0,2,0,480,A
8-NS,665,0,481,0,0,481,T
8-NS,666,0,0,482,0,482,G
8-NS,667,1,0,481,0,482,G
8-NS,668,1,0,0,478,479,C
8-NS,669,0,0,481,0,481,G
8-NS,670,478,0,0,0,478,A
8-NS,671,0,0,479,0,479,G
8-NS,672,480,0,0,0,480,A
8-NS,673,478,0,0,0,478,A
8-NS,674,0,0,0,477,477,C
8-NS,675,469,0,0,0,469,A
8-NS,676,0,0,469,0,469,G
8-NS,677,0,0,0,464,464,C
8-NS,678,0,463,0,0,463,T
8-NS,679,467,1,0,0,468,A
8-NS,680,0,0,466,0,466,G
8-NS,681,0,0,470,0,470,G
8-NS,682,0,470,0,0,470,T
8-NS,683,0,0,0,455,455,C
8-NS,684,455,0,0,0,455,A
8-NS,685,452,0,1,0,453,A
8-NS,686,455,0,0,0,455,A
8-NS,687,457,0,1,0,458,A
8-NS,688,0,0,457,0,457,G
8-NS,689,0,447,0,2,449,T
8-NS,690,0,448,0,0,448,T
8-NS,691,1,444,0,2,447,T
8-NS,692,0,0,450,0,450,G
8-NS,693,449,0,1,0,450,A
8-NS,694,449,0,1,0,450,A
8-NS,695,0,1,448,0,449,G
8-NS,696,442,0,0,0,442,A
8-NS,697,0,0,446,0,446,G
8-NS,698,445,0,0,0,445,A
8-NS,699,1,444,0,1,446,T
8-NS,700,446,0,0,0,446,A
8-NS,701,445,0,0,0,445,A
8-NS,702,0,0,443,0,443,G
8-NS,703,417,0,1,0,418,A
8-NS,704,0,415,0,2,417,T
8-NS,705,0,0,419,0,419,G
8-NS,706,0,0,417,0,417,G
8-NS,707,0,0,0,420,420,C
8-NS,708,0,418,0,0,418,T
8-NS,709,415,0,0,0,415,A
8-NS,710,412,1,0,0,413,A
8-NS,711,0,412,0,0,412,T
8-NS,712,0,412,0,0,412,T
8-NS,713,0,0,411,0,411,G
8-NS,714,405,0,1,0,406,A
8-NS,715,402,0,1,0,403,A
8-NS,716,0,0,405,0,405,G
8-NS,717,403,0,0,0,403,A
8-NS,718,398,0,0,0,398,A
8-NS,719,0,0,402,0,402,G
8-NS,720,0,396,0,0,396,T
8-NS,721,0,0,395,0,395,G
8-NS,722,391,0,1,0,392,A
8-NS,723,0,0,393,0,393,G
8-NS,724,392,1,1,0,394,A
8-NS,725,0,0,0,394,394,C
8-NS,726,392,0,1,0,393,A
8-NS,727,0,0,0,392,392,C
8-NS,728,376,0,2,0,378,A
8-NS,729,0,0,387,0,387,G
8-NS,730,384,0,0,0,384,A
8-NS,731,0,384,0,0,384,T
8-NS,732,1,382,0,0,383,T
8-NS,733,384,0,0,0,384,A
8-NS,734,383,1,0,0,384,A
8-NS,735,382,0,0,1,383,A
8-NS,736,381,0,0,0,381,A
8-NS,737,381,0,0,0,381,A
8-NS,738,0,0,0,360,360,C
8-NS,739,340,0,0,0,340,A
8-NS,740,338,0,2,0,340,A
8-NS,741,0,0,0,341,341,C
8-NS,742,0,338,0,0,338,T
8-NS,743,0,0,339,0,339,G
8-NS,744,334,0,2,0,336,A
8-NS,745,335,0,0,0,335,A
8-NS,746,333,0,0,0,333,A
8-NS,747,329,0,0,0,329,A
8-NS,748,0,326,0,1,327,T
8-NS,749,325,0,0,0,325,A
8-NS,750,0,0,323,0,323,G
8-NS,751,0,0,0,324,324,C
8-NS,752,0,312,0,2,314,T
8-NS,753,0,314,0,0,314,T
8-NS,754,0,315,0,0,315,T
8-NS,755,0,0,314,0,314,G
8-NS,756,314,0,0,0,314,A
8-NS,757,314,0,0,0,314,A
8-NS,758,0,1,0,313,314,C
8-NS,759,305,0,0,0,305,A
8-NS,760,305,0,0,0,305,A
8-NS,761,304,0,0,0,304,A
8-NS,762,0,304,0,0,304,T
8-NS,763,304,1,0,0,305,A
8-NS,764,296,0,1,0,297,A
8-NS,765,0,1,0,297,298,C
8-NS,766,297,0,0,0,297,A
8-NS,767,0,291,1,0,292,T
8-NS,768,0,292,0,0,292,T
8-NS,769,0,0,0,286,286,C
8-NS,770,287,0,0,0,287,A
8-NS,771,0,286,0,0,286,T
8-NS,772,0,0,285,0,285,G
8-NS,773,0,0,0,277,277,C
8-NS,774,276,0,0,0,276,A
8-NS,775,274,0,0,0,274,A
8-NS,776,0,0,274,0,274,G
8-NS,777,0,0,1,274,275,C
8-NS,778,269,0,0,0,269,A
8-NS,779,0,271,0,0,271,T
8-NS,780,0,271,0,0,271,T
8-NS,781,272,0,0,0,272,A
8-NS,782,0,1,0,272,273,C
8-NS,783,272,0,0,0,272,A
8-NS,784,270,0,0,0,270,A
8-NS,785,26,0,0,243,269,C
8-NS,786,0,229,0,0,229,T
8-NS,787,0,0,229,0,229,G
8-NS,788,0,0,0,226,226,C
8-NS,789,0,199,0,0,199,T
8-NS,790,0,0,199,0,199,G
8-NS,791,0,194,0,0,194,T
8-NS,792,0,194,0,0,194,T
8-NS,793,0,194,0,0,194,T
8-NS,794,0,0,191,0,191,G
8-NS,795,192,0,0,0,192,A
8-NS,796,191,0,0,0,191,A
8-NS,797,0,0,192,0,192,G
8-NS,798,0,186,0,0,186,T
8-NS,799,0,1,181,0,182,G
8-NS,800,0,0,183,0,183,G
8-NS,801,182,1,0,0,183,A
8-NS,802,181,0,1,0,182,A
8-NS,803,0,1,0,181,182,C
8-NS,804,172,0,0,0,172,A
8-NS,805,0,0,173,0,173,G
8-NS,806,0,0,171,0,171,G
8-NS,807,169,0,0,0,169,A
8-NS,808,0,0,169,0,169,G
8-NS,809,143,0,0,0,143,A
8-NS,810,0,144,0,0,144,T
8-NS,811,143,0,0,0,143,A
8-NS,812,143,0,0,0,143,A
8-NS,813,0,0,143,0,143,G
8-NS,814,125,0,0,0,125,A
8-NS,815,124,0,0,0,124,A
8-NS,816,0,0,0,124,124,C
8-NS,817,0,112,0,0,112,T
8-NS,818,0,112,0,0,112,T
8-NS,819,0,110,0,1,111,T
8-NS,820,0,0,0,111,111,C
8-NS,821,0,108,0,1,109,T
8-NS,822,0,0,0,106,106,C
8-NS,823,104,0,0,0,104,A
8-NS,824,0,103,0,0,103,T
8-NS,825,0,102,0,0,102,T
8-NS,826,1,101,0,0,102,T
8-NS,827,0,0,0,101,101,C
8-NS,828,96,0,1,0,97,A
8-NS,829,0,0,97,0,97,G
8-NS,830,0,0,0,97,97,C
8-NS,831,0,88,0,1,89,T
8-NS,832,0,89,0,0,89,T
8-NS,833,88,0,0,0,88,A
8-NS,834,0,88,0,0,88,T
8-NS,835,0,88,0,0,88,T
8-NS,836,0,88,0,0,88,T
8-NS,837,83,0,0,0,83,A
8-NS,838,81,0,0,0,81,A
8-NS,839,0,78,0,0,78,T
8-NS,840,0,0,75,0,75,G
8-NS,841,70,0,1,0,71,A
8-NS,842,0,63,0,0,63,T
8-NS,843,61,0,0,0,61,A
8-NS,844,60,0,1,0,61,A
8-NS,845,61,0,0,0,61,A
8-NS,846,61,0,0,0,61,A
8-NS,847,61,0,0,0,61,A
8-NS,848,59,0,1,0,60,A
8-NS,849,0,0,0,60,60,C
8-NS,850,52,0,0,0,52,A
8-NS,851,0,0,0,52,52,C
8-NS,852,0,0,0,52,52,C
8-NS,853,0,0,0,49,49,C
8-NS,854,0,48,0,0,48,T
8-NS,855,0,46,0,0,46,T
8-NS,856,0,0,47,0,47,G
8-NS,857,0,44,0,0,44,T
8-NS,858,0,44,0,0,44,T
8-NS,859,0,44,0,0,44,T
8-NS,860,0,0,0,13,13,C
8-NS,861,0,10,0,0,10,T
8-NS,862,10,0,0,0,10,A
8-NS,863,0,0,0,10,10,C
