Gene,Position,A,T,G,C,Coverage,Consensus
1-PB2,1,244,0,0,0,244,A
1-PB2,2,0,245,0,0,245,T
1-PB2,3,0,0,252,0,252,G
1-PB2,4,1,0,250,0,251,G
1-PB2,5,249,0,0,0,249,A
1-PB2,6,250,0,0,0,250,A
1-PB2,7,251,0,1,0,252,A
1-PB2,8,0,0,274,0,274,G
1-PB2,9,273,0,0,0,273,A
1-PB2,10,277,0,0,0,277,A
1-PB2,11,0,281,0,0,281,T
1-PB2,12,282,0,0,0,282,A
1-PB2,13,283,0,0,0,283,A
1-PB2,14,283,0,1,0,284,A
1-PB2,15,285,0,0,0,285,A
1-PB2,16,0,0,293,1,294,G
1-PB2,17,295,0,0,0,295,A
1-PB2,18,296,0,0,0,296,A
1-PB2,19,0,0,0,306,306,C
1-PB2,20,0,305,0,0,305,T
1-PB2,21,311,0,0,0,311,A
1-PB2,22,0,0,0,312,312,C
1-PB2,23,1,1,308,0,310,G
1-PB2,24,0,0,316,0,316,G
1-PB2,25,317,0,0,0,317,A
1-PB2,26,329,0,0,0,329,A
1-PB2,27,0,328,0,1,329,T
1-PB2,28,0,0,0,330,330,C
1-PB2,29,0,329,0,0,329,T
1-PB2,30,0,0,330,0,330,G
1-PB2,31,334,0,0,0,334,A
1-PB2,32,0,334,0,0,334,T
1-PB2,33,0,0,334,0,334,G
1-PB2,34,0,342,0,1,343,T
1-PB2,35,0,0,0,341,341,C
1-PB2,36,0,0,341,0,341,G
1-PB2,37,0,0,0,342,342,C
1-PB2,38,343,0,0,0,343,A
1-PB2,39,0,0,360,0,360,G
1-PB2,40,0,363,0,0,363,T
1-PB2,41,0,0,0,363,363,C
1-PB2,42,0,361,0,0,361,T
1-PB2,43,2,0,0,360,362,C
1-PB2,44,0,0,363,0,363,G
1-PB2,45,0,0,0,360,360,C
1-PB2,46,361,0,0,0,361,A
1-PB2,47,0,0,0,367,367,C
1-PB2,48,0,367,0,0,367,T
1-PB2,49,0,0,0,370,370,C
1-PB2,50,0,0,371,0,371,G
1-PB2,51,0,0,0,374,374,C
1-PB2,52,0,1,373,0,374,G
1-PB2,53,370,1,1,0,372,A
1-PB2,54,0,0,375,0,375,G
1-PB2,55,379,0,0,0,379,A
1-PB2,56,0,376,0,0,376,T
1-PB2,57,378,0,0,1,379,A
1-PB2,58,0,0,0,377,377,C
1-PB2,59,0,373,1,2,376,T
1-PB2,60,0,1,382,0,383,G
1-PB2,61,385,1,0,0,386,A
1-PB2,62,0,0,0,386,386,C
1-PB2,63,386,0,0,0,386,A
1-PB2,64,391,0,0,0,391,A
1-PB2,65,394,0,0,1,395,A
1-PB2,66,401,0,0,1,402,A
1-PB2,67,403,0,0,0,403,A
1-PB2,68,0,0,0,406,406,C
1-PB2,69,0,0,1,404,405,C
1-PB2,70,417,0,0,0,417,A
1-PB2,71,0,0,0,422,422,C
1-PB2,72,422,0,0,1,423,A
1-PB2,73,0,0,435,0,435,G
1-PB2,74,0,434,0,0,434,T
1-PB2,75,0,0,448,0,448,G
1-PB2,76,0,2,449,0,451,G
1-PB2,77,448,1,0,0,449,A
1-PB2,78,0,0,0,470,470,C
1-PB2,79,0,0,0,468,468,C
1-PB2,80,481,0,0,0,481,A
1-PB2,81,0,481,0,1,482,T
1-PB2,82,479,0,1,0,480,A
1-PB2,83,0,480,0,0,480,T
1-PB2,84,0,0,493,0,493,G
1-PB2,85,0,0,493,0,493,G
1-PB2,86,1,0,0,493,494,C
1-PB2,87,1,0,0,484,485,C
1-PB2,88,484,0,0,0,484,A
1-PB2,89,0,518,0,0,518,T
1-PB2,90,518,0,0,0,518,A
1-PB2,91,556,0,0,0,556,A
1-PB2,92,0,552,0,1,553,T
1-PB2,93,0,549,0,0,549,T
1-PB2,94,561,0,0,0,561,A
1-PB2,95,563,0,0,0,563,A
1-PB2,96,0,0,576,0,576,G
1-PB2,97,574,0,0,0,574,A
1-PB2,98,570,0,1,0,571,A
1-PB2,99,0,0,589,0,589,G
1-PB2,100,0,584,0,0,584,T
1-PB2,101,583,0,2,0,585,A
1-PB2,102,0,0,0,587,587,C
1-PB2,103,589,0,0,0,589,A
1-PB2,104,0,0,0,604,604,C
1-PB2,105,602,0,0,0,602,A
1-PB2,106,0,603,0,0,603,T
1-PB2,107,0,0,0,605,605,C
1-PB2,108,0,0,601,0,601,G
1-PB2,109,0,0,601,0,601,G
1-PB2,110,1,0,603,0,604,G
1-PB2,111,4,2,598,0,604,G
1-PB2,112,601,0,0,0,601,A
1-PB2,113,0,0,607,0,607,G
1-PB2,114,597,0,3,0,600,A
1-PB2,115,0,1,0,603,604,C
1-PB2,116,603,0,0,0,603,A
1-PB2,117,0,0,607,0,607,G
1-PB2,118,0,0,616,0,616,G
1-PB2,119,616,0,1,0,617,A
1-PB2,120,618,0,0,0,618,A
1-PB2,121,619,0,0,0,619,A
1-PB2,122,615,1,0,0,616,A
1-PB2,123,0,1,618,0,619,G
1-PB2,124,614,0,2,0,616,A
1-PB2,125,618,0,0,0,618,A
1-PB2,126,0,0,0,615,615,C
1-PB2,127,0,0,0,611,611,C
1-PB2,128,0,0,0,613,613,C
1-PB2,129,0,0,614,1,615,G
1-PB2,130,1,607,0,0,608,T
1-PB2,131,1,0,0,614,615,C
1-PB2,132,619,0,1,0,620,A
1-PB2,133,0,0,0,626,626,C
1-PB2,134,0,626,1,1,628,T
1-PB2,135,0,629,0,0,629,T
1-PB2,136,627,0,1,0,628,A
1-PB2,137,0,0,640,0,640,G
1-PB2,138,0,0,639,0,639,G
1-PB2,139,642,0,0,0,642,A
1-PB2,140,0,639,0,1,640,T
1-PB2,141,0,0,650,0,650,G
1-PB2,142,655,0,0,0,655,A
1-PB2,143,658,0,0,0,658,A
1-PB2,144,661,0,0,0,661,A
1-PB2,145,0,661,0,0,661,T
1-PB2,146,1,0,662,0,663,G
1-PB2,147,0,1,667,0,668,G
1-PB2,148,662,0,2,0,664,A
1-PB2,149,0,667,0,0,667,T
1-PB2,150,0,0,666,0,666,G
1-PB2,151,661,1,0,0,662,A
1-PB2,152,0,665,0,0,665,T
1-PB2,153,0,0,668,0,668,G
1-PB2,154,0,0,666,0,666,G
1-PB2,155,1,0,0,666,667,C
1-PB2,156,663,0,0,0,663,A
1-PB2,157,668,0,0,0,668,A
1-PB2,158,0,670,0,0,670,T
1-PB2,159,0,1,686,0,687,G
1-PB2,160,687,0,0,0,687,A
1-PB2,161,684,0,0,0,684,A
1-PB2,162,684,0,0,0,684,A
1-PB2,163,1,687,0,0,688,T
1-PB2,164,689,0,0,0,689,A
1-PB2,165,0,0,0,697,697,C
1-PB2,166,0,0,0,699,699,C
1-PB2,167,1,0,0,697,698,C
1-PB2,168,684,0,0,0,684,A
1-PB2,169,684,0,0,0,684,A
1-PB2,170,0,677,0,2,679,T
1-PB2,171,2,0,0,683,685,C
1-PB2,172,683,0,1,0,684,A
1-PB2,173,0,0,0,700,700,C
1-PB2,174,0,692,0,0,692,T
1-PB2,175,0,0,696,0,696,G
1-PB2,176,0,0,0,694,694,C
1-PB2,177,0,695,0,0,695,T
1-PB2,178,0,0,699,0,699,G
1-PB2,179,702,0,0,0,702,A
1-PB2,180,0,0,0,702,702,C
1-PB2,181,701,0,1,0,702,A
1-PB2,182,696,0,1,0,697,A
1-PB2,183,696,0,0,0,696,A
1-PB2,184,697,0,0,0,697,A
1-PB2,185,0,0,707,0,707,G
1-PB2,186,0,0,708,0,708,G
1-PB2,187,707,0,0,0,707,A
1-PB2,188,0,706,0,0,706,T
1-PB2,189,707,0,0,0,707,A
1-PB2,190,708,0,2,0,710,A
1-PB2,191,0,0,0,711,711,C
1-PB2,192,711,0,0,0,711,A
1-PB2,193,0,1,713,0,714,G
1-PB2,194,709,1,0,0,710,A
1-PB2,195,713,0,1,0,714,A
1-PB2,196,712,0,0,0,712,A
1-PB2,197,0,712,0,0,712,T
1-PB2,198,0,1,706,0,707,G
1-PB2,199,1,0,713,0,714,G
1-PB2,200,0,716,0,0,716,T
1-PB2,201,0,716,0,0,716,T
1-PB2,202,3,0,0,704,707,C
1-PB2,203,0,0,0,717,717,C
1-PB2,204,0,0,719,0,719,G
1-PB2,205,0,3,717,0,720,G
1-PB2,206,720,0,0,0,720,A
1-PB2,207,1,0,719,0,720,G
1-PB2,208,714,0,0,0,714,A
1-PB2,209,0,1,726,0,727,G
1-PB2,210,722,0,1,0,723,A
1-PB2,211,727,0,0,0,727,A
1-PB2,212,725,0,2,0,727,A
1-PB2,213,0,726,0,0,726,T
1-PB2,214,0,1,731,0,732,G
1-PB2,215,736,0,0,0,736,A
1-PB2,216,734,0,0,0,734,A
1-PB2,217,0,0,0,734,734,C
1-PB2,218,724,0,1,0,725,A
1-PB2,219,726,0,1,0,727,A
1-PB2,220,0,0,743,0,743,G
1-PB2,221,0,0,751,0,751,G
1-PB2,222,753,0,1,0,754,A
1-PB2,223,0,0,0,750,750,C
1-PB2,224,745,0,1,0,746,A
1-PB2,225,745,0,1,0,746,A
1-PB2,226,747,0,1,0,748,A
1-PB2,227,0,0,0,744,744,C
1-PB2,228,0,0,0,716,716,C
1-PB2,229,1,0,0,779,780,C
1-PB2,230,0,781,0,0,781,T
1-PB2,231,788,0,0,0,788,A
1-PB2,232,0,784,0,0,784,T
1-PB2,233,0,0,793,0,793,G
1-PB2,234,0,0,815,0,815,G
1-PB2,235,787,0,1,0,788,A
1-PB2,236,0,0,795,0,795,G
1-PB2,237,0,790,0,0,790,T
1-PB2,238,782,0,1,0,783,A
1-PB2,239,784,0,1,0,785,A
1-PB2,240,786,0,0,0,786,A
1-PB2,241,785,0,0,0,785,A
1-PB2,242,0,786,0,1,787,T
1-PB2,243,0,1,782,0,783,G
1-PB2,244,772,0,0,0,772,A
1-PB2,245,0,1,779,0,780,G
1-PB2,246,0,769,0,2,771,T
1-PB2,247,0,1,776,0,777,G
1-PB2,248,788,0,0,0,788,A
1-PB2,249,0,792,0,0,792,T
1-PB2,250,0,0,796,0,796,G
1-PB2,251,0,2,0,794,796,C
1-PB2,252,0,790,0,0,790,T
1-PB2,253,0,2,810,0,812,G
1-PB2,254,0,0,811,0,811,G
1-PB2,255,817,0,0,0,817,A
1-PB2,256,0,808,0,2,810,T
1-PB2,257,0,0,0,820,820,C
1-PB2,258,823,1,0,0,824,A
1-PB2,259,0,0,844,0,844,G
1-PB2,260,845,1,0,0,846,A
1-PB2,261,0,845,0,0,845,T
1-PB2,262,827,0,0,0,827,A
1-PB2,263,0,0,849,0,849,G
1-PB2,264,840,0,1,0,841,A
1-PB2,265,0,0,851,0,851,G
1-PB2,266,0,836,0,0,836,T
1-PB2,267,0,1,828,0,829,G
1-PB2,268,824,0,1,0,825,A
1-PB2,269,1,824,0,0,825,T
1-PB2,270,1,1,833,0,835,G
1-PB2,271,1,1,848,0,850,G
1-PB2,272,0,845,0,0,845,T
1-PB2,273,846,0,1,0,847,A
1-PB2,274,0,831,0,1,832,T
1-PB2,275,1,1,1,830,833,C
1-PB2,276,843,0,0,0,843,A
1-PB2,277,1,0,0,862,863,C
1-PB2,278,0,0,0,869,869,C
1-PB2,279,0,846,0,1,847,T
1-PB2,280,0,848,0,0,848,T
1-PB2,281,0,850,0,0,850,T
1-PB2,282,0,1,866,0,867,G
1-PB2,283,1,0,869,0,870,G
1-PB2,284,1,0,0,871,872,C
1-PB2,285,0,862,0,1,863,T
1-PB2,286,0,0,871,0,871,G
1-PB2,287,0,870,0,0,870,T
1-PB2,288,873,0,0,0,873,A
1-PB2,289,874,0,0,0,874,A
1-PB2,290,0,0,0,873,873,C
1-PB2,291,858,0,0,0,858,A
1-PB2,292,0,853,0,0,853,T
1-PB2,293,0,0,852,0,852,G
1-PB2,294,0,0,866,0,866,G
1-PB2,295,0,856,0,0,856,T
1-PB2,296,0,0,854,0,854,G
1-PB2,297,0,1,869,0,870,G
1-PB2,298,867,0,0,0,867,A
1-PB2,299,870,0,0,0,870,A
1-PB2,300,0,867,0,0,867,T
1-PB2,301,868,0,0,0,868,A
1-PB2,302,0,0,886,0,886,G
1-PB2,303,871,0,0,0,871,A
1-PB2,304,867,0,2,0,869,A
1-PB2,305,870,0,0,0,870,A
1-PB2,306,0,861,0,0,861,T
1-PB2,307,0,0,856,0,856,G
1-PB2,308,0,0,856,0,856,G
1-PB2,309,858,1,1,0,860,A
1-PB2,310,1,0,0,853,854,C
1-PB2,311,1,1,1,848,851,C
1-PB2,312,1,1,0,847,849,C
1-PB2,313,0,0,853,0,853,G
1-PB2,314,0,856,0,0,856,T
1-PB2,315,0,1,875,1,877,G
1-PB2,316,877,1,0,0,878,A
1-PB2,317,0,1,0,875,876,C
1-PB2,318,881,0,1,0,882,A
1-PB2,319,884,0,0,0,884,A
1-PB2,320,1,0,901,0,902,G
1-PB2,321,0,896,0,0,896,T
1-PB2,322,894,0,0,0,894,A
1-PB2,323,0,1,0,891,892,C
1-PB2,324,0,1,878,0,879,G
1-PB2,325,1,1,899,0,901,G
1-PB2,326,0,894,0,0,894,T
1-PB2,327,3,0,0,901,904,C
1-PB2,328,1,0,0,901,902,C
1-PB2,329,897,0,0,0,897,A
1-PB2,330,1,899,0,0,900,T
1-PB2,331,0,899,0,0,899,T
1-PB2,332,931,0,1,0,932,A
1-PB2,333,1,0,0,924,925,C
1-PB2,334,0,0,0,913,913,C
1-PB2,335,0,0,0,914,914,C
1-PB2,336,910,0,0,0,910,A
1-PB2,337,914,1,0,0,915,A
1-PB2,338,916,0,0,0,916,A
1-PB2,339,910,1,2,0,913,A
1-PB2,340,0,0,924,0,924,G
1-PB2,341,0,893,0,0,893,T
1-PB2,342,0,0,909,0,909,G
1-PB2,343,0,911,0,0,911,T
1-PB2,344,912,0,0,0,912,A
1-PB2,345,0,0,0,906,906,C
1-PB2,346,912,0,0,0,912,A
1-PB2,347,910,0,1,0,911,A
1-PB2,348,1,2,918,0,921,G
1-PB2,349,913,1,1,0,915,A
1-PB2,350,0,1,0,915,916,C
1-PB2,351,0,898,0,1,899,T
1-PB2,352,0,906,0,0,906,T
1-PB2,353,905,0,1,0,906,A
1-PB2,354,0,904,0,0,904,T
1-PB2,355,0,900,0,0,900,T
1-PB2,356,0,899,0,0,899,T
1-PB2,357,0,0,1,892,893,C
1-PB2,358,0,1,891,0,892,G
1-PB2,359,892,0,1,0,893,A
1-PB2,360,0,0,0,891,891,C
1-PB2,361,890,0,0,0,890,A
1-PB2,362,888,0,0,0,888,A
1-PB2,363,886,0,2,0,888,A
1-PB2,364,0,0,902,0,902,G
1-PB2,365,0,893,0,0,893,T
1-PB2,366,1,0,0,896,897,C
1-PB2,367,2,2,894,0,898,G
1-PB2,368,898,0,0,0,898,A
1-PB2,369,894,0,1,0,895,A
1-PB2,370,896,0,1,0,897,A
1-PB2,371,0,0,916,0,916,G
1-PB2,372,0,1,918,0,919,G
1-PB2,373,0,909,0,0,909,T
1-PB2,374,0,911,0,0,911,T
1-PB2,375,913,0,0,0,913,A
1-PB2,376,909,0,1,0,910,A
1-PB2,377,910,0,1,0,911,A
1-PB2,378,918,0,2,0,920,A
1-PB2,379,0,0,0,926,926,C
1-PB2,380,901,0,0,0,901,A
1-PB2,381,0,896,0,0,896,T
1-PB2,382,2,0,895,0,897,G
1-PB2,383,0,0,898,0,898,G
1-PB2,384,897,1,1,0,899,A
1-PB2,385,900,0,1,0,901,A
1-PB2,386,0,1,1,916,918,C
1-PB2,387,0,0,0,927,927,C
1-PB2,388,0,917,0,1,918,T
1-PB2,389,0,917,0,1,918,T
1-PB2,390,1,917,0,0,918,T
1-PB2,391,0,0,915,0,915,G
1-PB2,392,1,0,915,0,916,G
1-PB2,393,0,1,0,917,918,C
1-PB2,394,0,0,0,912,912,C
1-PB2,395,1,0,0,910,911,C
1-PB2,396,1,891,0,1,893,T
1-PB2,397,0,0,903,0,903,G
1-PB2,398,0,901,0,1,902,T
1-PB2,399,0,894,0,3,897,T
1-PB2,400,1,0,0,903,904,C
1-PB2,401,900,0,0,0,900,A
1-PB2,402,0,898,0,1,899,T
1-PB2,403,0,898,1,0,899,T
1-PB2,404,0,899,0,0,899,T
1-PB2,405,0,903,0,0,903,T
1-PB2,406,893,0,0,0,893,A
1-PB2,407,0,1,890,0,891,G
1-PB2,408,890,0,3,0,893,A
1-PB2,409,892,0,0,0,892,A
1-PB2,410,894,0,0,0,894,A
1-PB2,411,0,894,0,1,895,T
1-PB2,412,0,1,0,892,893,C
1-PB2,413,895,0,0,1,896,A
1-PB2,414,897,0,0,0,897,A
1-PB2,415,0,1,900,0,901,G
1-PB2,416,0,895,1,1,897,T
1-PB2,417,0,0,0,902,902,C
1-PB2,418,905,0,0,1,906,A
1-PB2,419,910,0,0,1,911,A
1-PB2,420,0,1,911,0,912,G
1-PB2,421,911,0,1,0,912,A
1-PB2,422,0,912,0,1,913,T
1-PB2,423,917,0,1,1,919,A
1-PB2,424,0,1,0,917,918,C
1-PB2,425,1,2,916,0,919,G
1-PB2,426,0,0,0,967,967,C
1-PB2,427,945,1,0,1,947,A
1-PB2,428,0,0,951,0,951,G
1-PB2,429,950,0,1,0,951,A
1-PB2,430,947,0,4,0,951,A
1-PB2,431,0,0,962,0,962,G
1-PB2,432,923,0,1,0,924,A
1-PB2,433,0,0,923,0,923,G
1-PB2,434,0,915,0,0,915,T
1-PB2,435,903,0,1,1,905,A
1-PB2,436,0,0,915,0,915,G
1-PB2,437,864,0,1,0,865,A
1-PB2,438,0,1,0,898,899,C
1-PB2,439,888,0,0,0,888,A
1-PB2,440,0,879,0,0,879,T
1-PB2,441,869,0,1,0,870,A
1-PB2,442,868,0,1,0,869,A
1-PB2,443,877,0,2,0,879,A
1-PB2,444,0,0,0,884,884,C
1-PB2,445,1,0,0,874,875,C
1-PB2,446,1,0,0,865,866,C
1-PB2,447,1,817,0,0,818,T
1-PB2,448,0,0,822,0,822,G
1-PB2,449,1,0,829,0,830,G
1-PB2,450,0,834,1,1,836,T
1-PB2,451,1,0,0,830,831,C
1-PB2,452,843,0,1,0,844,A
1-PB2,453,0,840,0,1,841,T
1-PB2,454,0,0,847,0,847,G
1-PB2,455,1,0,0,845,846,C
1-PB2,456,847,0,0,0,847,A
1-PB2,457,0,1,849,0,850,G
1-PB2,458,838,0,0,0,838,A
1-PB2,459,0,2,0,845,847,C
1-PB2,460,0,0,0,841,841,C
1-PB2,461,0,830,0,3,833,T
1-PB2,462,2,0,0,830,832,C
1-PB2,463,828,0,0,0,828,A
1-PB2,464,1,0,841,0,842,G
1-PB2,465,0,840,0,0,840,T
1-PB2,466,0,0,844,0,844,G
1-PB2,467,1,1,0,835,837,C
1-PB2,468,1,0,0,824,825,C
1-PB2,469,831,0,0,0,831,A
1-PB2,470,833,0,0,0,833,A
1-PB2,471,828,2,0,0,830,A
1-PB2,472,0,0,834,0,834,G
1-PB2,473,810,0,1,0,811,A
1-PB2,474,0,0,813,0,813,G
1-PB2,475,0,0,805,0,805,G
1-PB2,476,0,0,0,807,807,C
1-PB2,477,809,0,1,0,810,A
1-PB2,478,0,0,0,810,810,C
1-PB2,479,812,0,1,0,813,A
1-PB2,480,828,1,0,0,829,A
1-PB2,481,0,3,830,0,833,G
1-PB2,482,851,0,0,1,852,A
1-PB2,483,0,844,1,0,845,T
1-PB2,484,0,0,840,0,840,G
1-PB2,485,1,837,0,0,838,T
1-PB2,486,837,0,0,0,837,A
1-PB2,487,833,0,0,0,833,A
1-PB2,488,0,833,0,0,833,T
1-PB2,489,1,0,0,767,768,C
1-PB2,490,779,0,0,0,779,A
1-PB2,491,0,782,0,1,783,T
1-PB2,492,0,0,782,0,782,G
1-PB2,493,0,0,780,0,780,G
1-PB2,494,783,0,0,0,783,A
1-PB2,495,778,0,0,0,778,A
1-PB2,496,0,0,778,0,778,G
1-PB2,497,0,777,0,0,777,T
1-PB2,498,0,774,0,1,775,T
1-PB2,499,1,0,780,0,781,G
1-PB2,500,0,778,0,0,778,T
1-PB2,501,0,780,0,0,780,T
1-PB2,502,0,778,0,0,778,T
1-PB2,503,0,774,0,0,774,T
1-PB2,504,0,777,0,0,777,T
1-PB2,505,0,0,0,779,779,C
1-PB2,506,2,0,0,772,774,C
1-PB2,507,0,3,0,778,781,C
1-PB2,508,777,0,0,0,777,A
1-PB2,509,781,0,0,0,781,A
1-PB2,510,0,779,0,0,779,T
1-PB2,511,0,0,781,0,781,G
1-PB2,512,784,0,0,0,784,A
1-PB2,513,778,0,0,0,778,A
1-PB2,514,0,0,784,0,784,G
1-PB2,515,1,779,0,1,781,T
1-PB2,516,0,0,780,0,780,G
1-PB2,517,1,1,777,0,779,G
1-PB2,518,2,0,776,0,778,G
1-PB2,519,784,0,0,1,785,A
1-PB2,520,0,0,785,0,785,G
1-PB2,521,1,0,0,778,779,C
1-PB2,522,1,0,0,778,779,C
1-PB2,523,785,0,1,0,786,A
1-PB2,524,0,0,796,0,796,G
1-PB2,525,0,1,802,0,803,G
1-PB2,526,807,0,1,0,808,A
1-PB2,527,0,802,0,1,803,T
1-PB2,528,799,0,0,0,799,A
1-PB2,529,0,0,0,800,800,C
1-PB2,530,0,791,0,0,791,T
1-PB2,531,791,0,0,0,791,A
1-PB2,532,788,0,0,0,788,A
1-PB2,533,0,0,0,793,793,C
1-PB2,534,780,0,0,0,780,A
1-PB2,535,0,774,0,0,774,T
1-PB2,536,0,0,1,776,777,C
1-PB2,537,766,0,0,0,766,A
1-PB2,538,0,1,770,0,771,G
1-PB2,539,767,0,0,0,767,A
1-PB2,540,768,0,0,0,768,A
1-PB2,541,0,768,0,0,768,T
1-PB2,542,0,0,0,761,761,C
1-PB2,543,762,0,0,0,762,A
1-PB2,544,0,0,0,774,774,C
1-PB2,545,778,0,1,0,779,A
1-PB2,546,776,0,0,0,776,A
1-PB2,547,0,770,0,0,770,T
1-PB2,548,0,773,0,0,773,T
1-PB2,549,776,0,0,0,776,A
1-PB2,550,775,0,2,0,777,A
1-PB2,551,0,0,0,776,776,C
1-PB2,552,773,0,0,0,773,A
1-PB2,553,768,0,0,0,768,A
1-PB2,554,0,765,0,0,765,T
1-PB2,555,760,0,0,0,760,A
1-PB2,556,766,0,0,0,766,A
1-PB2,557,0,0,0,769,769,C
1-PB2,558,0,765,0,0,765,T
1-PB2,559,766,0,0,0,766,A
1-PB2,560,755,0,0,0,755,A
1-PB2,561,759,0,0,1,760,A
1-PB2,562,0,0,761,0,761,G
1-PB2,563,738,0,1,0,739,A
1-PB2,564,0,1,739,0,740,G
1-PB2,565,738,0,0,0,738,A
1-PB2,566,739,0,0,0,739,A
1-PB2,567,742,0,0,0,742,A
1-PB2,568,738,0,0,0,738,A
1-PB2,569,751,0,0,0,751,A
1-PB2,570,749,0,0,0,749,A
1-PB2,571,0,1,745,0,746,G
1-PB2,572,750,1,0,0,751,A
1-PB2,573,748,0,0,0,748,A
1-PB2,574,0,0,748,0,748,G
1-PB2,575,746,0,1,0,747,A
1-PB2,576,746,0,1,0,747,A
1-PB2,577,0,0,0,757,757,C
1-PB2,578,1,751,0,0,752,T
1-PB2,579,0,0,0,749,749,C
1-PB2,580,2,0,0,752,754,C
1-PB2,581,0,0,749,0,749,G
1-PB2,582,750,0,0,0,750,A
1-PB2,583,0,1,749,0,750,G
1-PB2,584,751,0,0,0,751,A
1-PB2,585,0,755,0,0,755,T
1-PB2,586,0,739,0,1,740,T
1-PB2,587,0,0,742,0,742,G
1-PB2,588,0,0,0,735,735,C
1-PB2,589,742,0,0,0,742,A
1-PB2,590,743,0,0,0,743,A
1-PB2,591,744,0,0,1,745,A
1-PB2,592,746,0,0,1,747,A
1-PB2,593,0,745,0,0,745,T
1-PB2,594,0,741,0,0,741,T
1-PB2,595,0,736,0,0,736,T
1-PB2,596,1,0,0,734,735,C
1-PB2,597,0,726,1,3,730,T
1-PB2,598,0,0,0,807,807,C
1-PB2,599,1,0,0,813,814,C
1-PB2,600,2,0,0,913,915,C
1-PB2,601,0,892,0,1,893,T
1-PB2,602,0,909,0,0,909,T
1-PB2,603,0,0,917,0,917,G
1-PB2,604,915,0,0,0,915,A
1-PB2,605,0,938,0,1,939,T
1-PB2,606,0,2,955,0,957,G
1-PB2,607,0,0,1086,0,1086,G
1-PB2,608,0,1107,0,1,1108,T
1-PB2,609,0,1099,0,0,1099,T
1-PB2,610,2,0,1211,0,1213,G
1-PB2,611,1,0,0,1213,1214,C
1-PB2,612,1245,0,0,0,1245,A
1-PB2,613,0,1248,0,0,1248,T
1-PB2,614,1265,0,0,4,1269,A
1-PB2,615,0,0,0,1339,1339,C
1-PB2,616,1538,0,2,5,1545,A
1-PB2,617,0,1580,0,0,1580,T
1-PB2,618,0,0,1688,0,1688,G
1-PB2,619,2,1669,0,2,1673,T
1-PB2,620,0,1672,0,1,1673,T
1-PB2,621,1670,0,1,0,1671,A
1-PB2,622,1,1,1671,1,1674,G
1-PB2,623,1686,0,2,0,1688,A
1-PB2,624,0,5,1709,0,1714,G
1-PB2,625,1665,1,1,0,1667,A
1-PB2,626,0,2,1675,0,1677,G
1-PB2,627,1657,1,2,0,1660,A
1-PB2,628,1,2,1673,0,1676,G
1-PB2,629,1678,0,3,0,1681,A
1-PB2,630,1687,0,1,0,1688,A
1-PB2,631,0,0,0,1695,1695,C
1-PB2,632,0,1686,0,0,1686,T
1-PB2,633,0,1682,0,0,1682,T
1-PB2,634,1,1,1682,0,1684,G
1-PB2,635,1,1688,0,1,1690,T
1-PB2,636,1689,0,1,0,1690,A
1-PB2,637,0,1,0,1679,1680,C
1-PB2,638,0,1,1676,0,1677,G
1-PB2,639,1682,1,0,0,1683,A
1-PB2,640,1681,0,0,0,1681,A
1-PB2,641,1706,0,0,0,1706,A
1-PB2,642,1709,0,1,0,1710,A
1-PB2,643,1704,3,0,1,1708,A
1-PB2,644,1,1,1,1714,1717,C
1-PB2,645,1716,0,1,1,1718,A
1-PB2,646,1717,0,1,0,1718,A
1-PB2,647,0,1,1721,0,1722,G
1-PB2,648,1725,0,3,0,1728,A
1-PB2,649,0,1730,1,0,1731,T
1-PB2,650,0,1726,0,0,1726,T
1-PB2,651,1,1734,1,2,1738,T
1-PB2,652,1,0,0,1742,1743,C
1-PB2,653,0,1736,0,4,1740,T
1-PB2,654,1,0,0,1747,1748,C
1-PB2,655,0,2,1,1736,1739,C
1-PB2,656,0,0,0,1749,1749,C
1-PB2,657,1750,0,3,0,1753,A
1-PB2,658,0,1,1764,0,1765,G
1-PB2,659,0,1770,0,0,1770,T
1-PB2,660,0,1762,0,1,1763,T
1-PB2,661,0,0,1756,1,1757,G
1-PB2,662,0,0,0,1768,1768,C
1-PB2,663,0,1760,0,1,1761,T
1-PB2,664,0,0,1769,0,1769,G
1-PB2,665,1,0,1762,0,1763,G
1-PB2,666,0,1,0,1770,1771,C
1-PB2,667,0,2,1772,0,1774,G
1-PB2,668,0,1,1785,0,1786,G
1-PB2,669,1790,1,3,1,1795,A
1-PB2,670,1794,0,4,0,1798,A
1-PB2,671,0,0,1,1801,1802,C
1-PB2,672,1809,0,0,0,1809,A
1-PB2,673,1807,0,1,1,1809,A
1-PB2,674,2,1,1887,0,1890,G
1-PB2,675,0,0,0,1929,1929,C
1-PB2,676,1944,0,0,0,1944,A
1-PB2,677,0,0,2466,0,2466,G
1-PB2,678,1,2469,0,0,2470,T
1-PB2,679,2479,0,0,0,2479,A
1-PB2,680,0,2482,0,2,2484,T
1-PB2,681,2498,0,2,0,2500,A
1-PB2,682,1,2499,0,0,2500,T
1-PB2,683,2476,0,4,0,2480,A
1-PB2,684,1,1,0,2506,2508,C
1-PB2,685,2414,0,0,1,2415,A
1-PB2,686,1,2321,0,0,2322,T
1-PB2,687,0,2284,0,0,2284,T
1-PB2,688,0,1,2284,0,2285,G
1-PB2,689,2278,0,1,0,2279,A
1-PB2,690,2278,0,0,0,2278,A
1-PB2,691,0,0,2308,0,2308,G
1-PB2,692,0,2292,1,0,2293,T
1-PB2,693,0,2285,0,1,2286,T
1-PB2,694,0,2285,0,1,2286,T
1-PB2,695,0,2292,0,1,2293,T
1-PB2,696,2294,4,2,2,2302,A
1-PB2,697,0,1,0,2312,2313,C
1-PB2,698,2315,0,2,0,2317,A
1-PB2,699,0,2312,0,1,2313,T
1-PB2,700,0,2306,0,0,2306,T
1-PB2,701,1,2313,0,0,2314,T
1-PB2,702,0,7,2345,0,2352,G
1-PB2,703,2362,0,6,0,2368,A
1-PB2,704,1,1,0,2373,2375,C
1-PB2,705,1,2359,0,1,2361,T
1-PB2,706,1,0,0,2364,2365,C
1-PB2,707,2362,1,2,0,2365,A
1-PB2,708,2,4,2346,0,2352,G
1-PB2,709,1,0,2392,0,2393,G
1-PB2,710,0,2,2401,0,2403,G
1-PB2,711,2404,0,2,0,2406,A
1-PB2,712,2404,1,5,1,2411,A
1-PB2,713,0,1,0,2413,2414,C
1-PB2,714,1,0,2439,0,2440,G
1-PB2,715,0,2443,0,1,2444,T
1-PB2,716,0,0,2462,0,2462,G
1-PB2,717,0,2431,1,0,2432,T
1-PB2,718,0,2439,0,1,2440,T
1-PB2,719,0,1,2445,0,2446,G
1-PB2,720,1,0,2439,0,2440,G
1-PB2,721,0,1,2465,0,2466,G
1-PB2,722,2460,1,1,1,2463,A
1-PB2,723,2464,1,0,0,2465,A
1-PB2,724,0,0,0,2512,2512,C
1-PB2,725,2505,0,1,1,2507,A
1-PB2,726,2575,0,0,1,2576,A
1-PB2,727,2580,0,2,0,2582,A
1-PB2,728,0,2605,0,0,2605,T
1-PB2,729,3,0,2629,0,2632,G
1-PB2,730,0,2621,0,0,2621,T
1-PB2,731,2620,1,2,0,2623,A
1-PB2,732,1,1,0,2632,2634,C
1-PB2,733,2594,1,1,0,2596,A
1-PB2,734,0,2,0,2587,2589,C
1-PB2,735,1,2507,0,6,2514,T
1-PB2,736,1,1,0,2714,2716,C
1-PB2,737,1,1,0,2719,2721,C
1-PB2,738,2773,0,1,0,2774,A
1-PB2,739,0,0,2796,0,2796,G
1-PB2,740,0,1,2841,0,2842,G
1-PB2,741,0,2834,0,1,2835,T
1-PB2,742,0,2,2833,0,2835,G
1-PB2,743,0,2,2802,0,2804,G
1-PB2,744,2785,0,2,0,2787,A
1-PB2,745,0,1,2804,0,2805,G
1-PB2,746,0,1,2807,0,2808,G
1-PB2,747,2780,2,3,0,2785,A
1-PB2,748,2,1,2803,0,2806,G
1-PB2,749,0,2755,0,1,2756,T
1-PB2,750,0,3,2765,0,2768,G
1-PB2,751,2765,2,4,0,2771,A
1-PB2,752,2,1,2780,0,2783,G
1-PB2,753,1,2,2794,0,2797,G
1-PB2,754,2777,0,2,0,2779,A
1-PB2,755,2777,1,1,0,2779,A
1-PB2,756,0,2781,0,1,2782,T
1-PB2,757,2,1,2767,0,2770,G
1-PB2,758,2768,0,3,0,2771,A
1-PB2,759,0,2,0,2760,2762,C
1-PB2,760,2,1,2766,0,2769,G
1-PB2,761,2797,0,0,0,2797,A
1-PB2,762,1,2784,1,0,2786,T
1-PB2,763,0,0,2805,1,2806,G
1-PB2,764,0,2798,0,0,2798,T
1-PB2,765,0,2778,1,0,2779,T
1-PB2,766,0,3,2795,0,2798,G
1-PB2,767,2802,2,4,0,2808,A
1-PB2,768,0,1,0,2803,2804,C
1-PB2,769,3,1,0,2799,2803,C
1-PB2,770,2777,0,1,0,2778,A
1-PB2,771,2780,0,0,0,2780,A
1-PB2,772,2802,0,5,0,2807,A
1-PB2,773,1,0,2864,0,2865,G
1-PB2,774,0,0,0,2861,2861,C
1-PB2,775,1,1,0,2855,2857,C
1-PB2,776,0,2874,1,1,2876,T
1-PB2,777,2883,0,1,0,2884,A
1-PB2,778,2887,0,1,0,2888,A
1-PB2,779,1,2883,0,10,2894,T
1-PB2,780,1,2869,1,3,2874,T
1-PB2,781,2855,0,0,0,2855,A
1-PB2,782,0,2808,0,2,2810,T
1-PB2,783,1,2793,0,1,2795,T
1-PB2,784,0,0,2787,0,2787,G
1-PB2,785,2,3,0,2782,2787,C
1-PB2,786,0,0,2791,0,2791,G
1-PB2,787,0,0,2833,0,2833,G
1-PB2,788,0,0,0,2825,2825,C
1-PB2,789,3,0,1,2840,2844,C
1-PB2,790,2843,0,0,0,2843,A
1-PB2,791,0,2,2868,0,2870,G
1-PB2,792,1,5,2890,1,2897,G
1-PB2,793,2890,0,2,1,2893,A
1-PB2,794,2908,1,4,0,2913,A
1-PB2,795,1,1,0,2931,2933,C
1-PB2,796,2907,1,1,1,2910,A
1-PB2,797,0,2961,1,0,2962,T
1-PB2,798,3002,1,3,0,3006,A
1-PB2,799,1,1,3030,0,3032,G
1-PB2,800,1,2991,1,0,2993,T
1-PB2,801,2971,0,0,0,2971,A
1-PB2,802,2961,0,1,1,2963,A
1-PB2,803,0,4,2965,0,2969,G
1-PB2,804,2957,2,3,1,2963,A
1-PB2,805,2920,0,1,0,2921,A
1-PB2,806,1,1,2914,1,2917,G
1-PB2,807,2842,0,4,0,2846,A
1-PB2,808,0,2,2847,0,2849,G
1-PB2,809,3,1,0,2837,2841,C
1-PB2,810,10,1,0,2829,2840,C
1-PB2,811,4,0,2842,0,2846,G
1-PB2,812,0,0,0,2858,2858,C
1-PB2,813,2870,0,0,0,2870,A
1-PB2,814,0,1,3033,0,3034,G
1-PB2,815,0,3023,0,0,3023,T
1-PB2,816,3031,1,1,0,3033,A
1-PB2,817,1,3009,0,0,3010,T
1-PB2,818,2,0,1,3024,3027,C
1-PB2,819,3030,0,1,0,3031,A
1-PB2,820,0,0,3032,0,3032,G
1-PB2,821,0,0,1,3026,3027,C
1-PB2,822,2945,1,1,0,2947,A
1-PB2,823,1,1,2907,0,2909,G
1-PB2,824,2924,1,3,0,2928,A
1-PB2,825,0,2914,0,2,2916,T
1-PB2,826,2,0,0,2932,2934,C
1-PB2,827,1,1,0,2928,2930,C
1-PB2,828,2941,0,1,0,2942,A
1-PB2,829,1,0,1,2948,2950,C
1-PB2,830,0,2941,0,1,2942,T
1-PB2,831,2946,0,2,0,2948,A
1-PB2,832,1,3,2937,0,2941,G
1-PB2,833,9,0,0,2910,2919,C
1-PB2,834,2924,0,0,0,2924,A
1-PB2,835,0,2932,0,2,2934,T
1-PB2,836,1,1,0,2962,2964,C
1-PB2,837,0,2952,1,4,2957,T
1-PB2,838,0,3023,1,2,3026,T
1-PB2,839,0,3028,0,0,3028,T
1-PB2,840,3020,0,2,0,3022,A
1-PB2,841,0,3017,0,6,3023,T
1-PB2,842,0,3002,1,4,3007,T
1-PB2,843,1,1,3004,0,3006,G
1-PB2,844,0,3,3000,1,3004,G
1-PB2,845,2951,1,2,0,2954,A
1-PB2,846,0,3,2959,0,2962,G
1-PB2,847,2921,0,3,0,2924,A
1-PB2,848,0,2908,1,0,2909,T
1-PB2,849,0,0,2963,0,2963,G
1-PB2,850,0,2961,0,3,2964,T
1-PB2,851,3,0,2959,0,2962,G
1-PB2,852,2,0,0,2960,2962,C
1-PB2,853,4,2,0,2950,2956,C
1-PB2,854,2958,2,1,0,2961,A
1-PB2,855,1,1,0,2955,2957,C
1-PB2,856,2914,0,2,0,2916,A
1-PB2,857,1,2,2938,1,2942,G
1-PB2,858,0,0,0,2906,2906,C
1-PB2,859,2906,0,2,0,2908,A
1-PB2,860,1,0,0,2905,2906,C
1-PB2,861,2906,1,0,0,2907,A
1-PB2,862,1,2,0,2925,2928,C
1-PB2,863,2920,0,1,0,2921,A
1-PB2,864,2925,0,2,1,2928,A
1-PB2,865,2926,0,0,0,2926,A
1-PB2,866,0,2869,1,0,2870,T
1-PB2,867,0,2870,0,0,2870,T
1-PB2,868,2,0,2851,1,2854,G
1-PB2,869,1,1,2857,0,2859,G
1-PB2,870,0,1,0,2849,2850,C
1-PB2,871,1,3,2834,0,2838,G
1-PB2,872,0,3,2849,0,2852,G
1-PB2,873,2838,0,0,0,2838,A
1-PB2,874,2909,0,1,0,2910,A
1-PB2,875,0,1,0,2918,2919,C
1-PB2,876,2917,3,2,0,2922,A
1-PB2,877,2916,0,2,0,2918,A
1-PB2,878,9,2,2920,0,2931,G
1-PB2,879,0,1,2924,2,2927,G
1-PB2,880,2941,1,1,0,2943,A
1-PB2,881,0,2846,0,1,2847,T
1-PB2,882,0,3,2854,0,2857,G
1-PB2,883,1,0,2867,0,2868,G
1-PB2,884,1,2847,0,0,2848,T
1-PB2,885,0,1,2834,0,2835,G
1-PB2,886,0,1,2828,0,2829,G
1-PB2,887,2806,0,8,0,2814,A
1-PB2,888,0,3,0,2809,2812,C
1-PB2,889,2784,0,1,0,2785,A
1-PB2,890,0,3084,0,0,3084,T
1-PB2,891,0,3070,1,1,3072,T
1-PB2,892,4,0,0,3065,3069,C
1-PB2,893,1,3037,0,3,3041,T
1-PB2,894,0,3026,0,0,3026,T
1-PB2,895,3030,1,1,0,3032,A
1-PB2,896,0,3,3040,1,3044,G
1-PB2,897,3033,0,3,1,3037,A
1-PB2,898,0,1,0,3035,3036,C
1-PB2,899,2631,0,1,1,2633,A
1-PB2,900,0,3,2655,0,2658,G
1-PB2,901,2645,0,3,1,2649,A
1-PB2,902,2648,0,1,0,2649,A
1-PB2,903,1,0,0,2647,2648,C
1-PB2,904,0,0,0,2647,2647,C
1-PB2,905,0,0,0,2644,2644,C
1-PB2,906,0,2,2638,1,2641,G
1-PB2,907,2641,1,2,0,2644,A
1-PB2,908,0,0,0,2641,2641,C
1-PB2,909,0,2612,0,1,2613,T
1-PB2,910,0,1,2628,1,2630,G
1-PB2,911,2613,0,2,0,2615,A
1-PB2,912,2626,1,7,0,2634,A
1-PB2,913,1,3,2630,0,2634,G
1-PB2,914,2614,0,0,0,2614,A
1-PB2,915,2616,3,2,0,2621,A
1-PB2,916,0,1,0,2616,2617,C
1-PB2,917,2608,0,0,0,2608,A
1-PB2,918,2608,0,5,0,2613,A
1-PB2,919,0,1,2633,0,2634,G
1-PB2,920,1,1,0,2647,2649,C
1-PB2,921,0,2618,0,1,2619,T
1-PB2,922,3,0,2648,0,2651,G
1-PB2,923,0,2641,0,1,2642,T
1-PB2,924,0,0,2691,0,2691,G
1-PB2,925,1,4,2755,0,2760,G
1-PB2,926,2759,0,3,0,2762,A
1-PB2,927,0,2751,0,0,2751,T
1-PB2,928,2734,1,1,0,2736,A
1-PB2,929,0,2701,0,0,2701,T
1-PB2,930,2777,2,0,0,2779,A
1-PB2,931,0,2730,0,2,2732,T
1-PB2,932,0,1,2711,0,2712,G
1-PB2,933,3,0,0,2683,2686,C
1-PB2,934,2581,1,1,1,2584,A
1-PB2,935,2574,2,3,0,2579,A
1-PB2,936,0,1,2575,0,2576,G
1-PB2,937,0,1,2578,0,2579,G
1-PB2,938,1,1,0,2581,2583,C
1-PB2,939,1,2520,0,6,2527,T
1-PB2,940,2,2,2532,0,2536,G
1-PB2,941,0,2,1,2536,2539,C
1-PB2,942,2543,1,2,0,2546,A
1-PB2,943,2554,1,1,0,2556,A
1-PB2,944,0,2541,0,0,2541,T
1-PB2,945,1,1,2544,0,2546,G
1-PB2,946,1,1,2521,0,2523,G
1-PB2,947,1,2,2534,0,2537,G
1-PB2,948,2526,0,5,0,2531,A
1-PB2,949,0,2517,1,1,2519,T
1-PB2,950,0,2501,1,3,2505,T
1-PB2,951,0,3,2505,0,2508,G
1-PB2,952,2507,0,1,1,2509,A
1-PB2,953,0,1,2531,0,2532,G
1-PB2,954,2505,1,1,1,2508,A
1-PB2,955,2491,0,0,1,2492,A
1-PB2,956,1,2471,0,3,2475,T
1-PB2,957,6,0,0,2470,2476,C
1-PB2,958,2466,0,1,1,2468,A
1-PB2,959,1,0,2480,0,2481,G
1-PB2,960,0,0,0,2480,2480,C
1-PB2,961,1,2464,0,1,2466,T
1-PB2,962,6,1,0,2462,2469,C
1-PB2,963,2465,0,0,2,2467,A
1-PB2,964,3,2496,0,1,2500,T
1-PB2,965,0,1,0,2504,2505,C
1-PB2,966,0,1,0,2516,2517,C
1-PB2,967,0,2504,0,0,2504,T
1-PB2,968,1,2493,1,1,2496,T
1-PB2,969,1,1,0,2498,2500,C
1-PB2,970,2501,0,3,0,2504,A
1-PB2,971,0,0,2531,0,2531,G
1-PB2,972,0,0,0,2524,2524,C
1-PB2,973,0,2481,0,2,2483,T
1-PB2,974,0,2489,0,1,2490,T
1-PB2,975,0,2478,0,0,2478,T
1-PB2,976,1,2,2477,0,2480,G
1-PB2,977,0,0,2480,0,2480,G
1-PB2,978,0,2480,0,1,2481,T
1-PB2,979,1,5,2483,0,2489,G
1-PB2,980,1,2,2470,0,2473,G
1-PB2,981,1,0,2501,0,2502,G
1-PB2,982,1,2487,0,0,2488,T
1-PB2,983,0,2484,0,0,2484,T
1-PB2,984,0,2484,1,0,2485,T
1-PB2,985,2488,1,0,1,2490,A
1-PB2,986,0,1,0,2500,2501,C
1-PB2,987,2497,0,0,1,2498,A
1-PB2,988,1,2485,0,0,2486,T
1-PB2,989,1,2444,0,0,2445,T
1-PB2,990,1,2429,0,3,2433,T
1-PB2,991,2429,0,1,1,2431,A
1-PB2,992,2426,1,1,0,2428,A
1-PB2,993,2435,0,0,0,2435,A
1-PB2,994,2419,0,3,0,2422,A
1-PB2,995,0,1,2435,0,2436,G
1-PB2,996,2419,0,2,0,2421,A
1-PB2,997,2422,3,1,0,2426,A
1-PB2,998,1,0,0,2424,2425,C
1-PB2,999,2417,0,2,1,2420,A
1-PB2,1000,2421,0,1,1,2423,A
1-PB2,1001,0,0,2419,0,2419,G
1-PB2,1002,0,1,0,2419,2420,C
1-PB2,1003,1,3,2411,1,2416,G
1-PB2,1004,0,1,2431,0,2432,G
1-PB2,1005,2,0,2440,0,2442,G
1-PB2,1006,1,2428,0,0,2429,T
1-PB2,1007,4,2,0,2414,2420,C
1-PB2,1008,2434,0,2,0,2436,A
1-PB2,1009,0,2422,0,0,2422,T
1-PB2,1010,0,1,0,2425,2426,C
1-PB2,1011,2426,1,1,0,2428,A
1-PB2,1012,0,1,2456,0,2457,G
1-PB2,1013,0,2435,1,0,2436,T
1-PB2,1014,8,0,0,2424,2432,C
1-PB2,1015,2434,0,1,1,2436,A
1-PB2,1016,2435,1,0,1,2437,A
1-PB2,1017,2435,0,3,0,2438,A
1-PB2,1018,2430,0,0,1,2431,A
1-PB2,1019,2450,0,0,1,2451,A
1-PB2,1020,2446,0,3,0,2449,A
1-PB2,1021,0,0,2451,0,2451,G
1-PB2,1022,2436,1,5,0,2442,A
1-PB2,1023,2442,0,0,1,2443,A
1-PB2,1024,0,2,2441,0,2443,G
1-PB2,1025,2437,0,0,0,2437,A
1-PB2,1026,2377,0,6,0,2383,A
1-PB2,1027,0,2,2376,0,2378,G
1-PB2,1028,2368,0,2,0,2370,A
1-PB2,1029,1,2,2371,0,2374,G
1-PB2,1030,1,0,2405,0,2406,G
1-PB2,1031,1,2399,0,0,2400,T
1-PB2,1032,1,1,2443,0,2445,G
1-PB2,1033,1,0,0,2444,2445,C
1-PB2,1034,0,2437,0,3,2440,T
1-PB2,1035,0,2456,0,0,2456,T
1-PB2,1036,2463,0,0,0,2463,A
1-PB2,1037,1,0,0,2459,2460,C
1-PB2,1038,2449,0,3,0,2452,A
1-PB2,1039,1,0,2447,0,2448,G
1-PB2,1040,1,2,2444,0,2447,G
1-PB2,1041,1,1,0,2409,2411,C
1-PB2,1042,2380,0,2,0,2382,A
1-PB2,1043,2387,0,0,0,2387,A
1-PB2,1044,0,2417,0,6,2423,T
1-PB2,1045,2,1,0,2440,2443,C
1-PB2,1046,1,2445,0,4,2450,T
1-PB2,1047,1,0,0,2447,2448,C
1-PB2,1048,1,1,0,2450,2452,C
1-PB2,1049,2446,2,2,0,2450,A
1-PB2,1050,2449,1,0,0,2450,A
1-PB2,1051,2454,0,0,2,2456,A
1-PB2,1052,0,0,0,2471,2471,C
1-PB2,1053,2411,1,0,0,2412,A
1-PB2,1054,0,2364,0,0,2364,T
1-PB2,1055,0,2301,0,0,2301,T
1-PB2,1056,1,1,2308,0,2310,G
1-PB2,1057,2299,2,1,2,2304,A
1-PB2,1058,0,2,2279,1,2282,G
1-PB2,1059,2392,0,3,0,2395,A
1-PB2,1060,2396,1,0,0,2397,A
1-PB2,1061,0,2417,0,0,2417,T
1-PB2,1062,2416,0,1,0,2417,A
1-PB2,1063,2414,0,7,0,2421,A
1-PB2,1064,0,0,2479,0,2479,G
1-PB2,1065,2431,0,4,0,2435,A
1-PB2,1066,0,0,2494,0,2494,G
1-PB2,1067,0,2441,0,0,2441,T
1-PB2,1068,2446,0,0,0,2446,A
1-PB2,1069,0,1,1,2483,2485,C
1-PB2,1070,2466,0,2,0,2468,A
1-PB2,1071,0,2457,0,5,2462,T
1-PB2,1072,0,13,2444,0,2457,G
1-PB2,1073,2390,0,1,0,2391,A
1-PB2,1074,7,0,2398,0,2405,G
1-PB2,1075,1,1,2395,0,2397,G
1-PB2,1076,0,0,2484,0,2484,G
1-PB2,1077,1,0,2503,0,2504,G
1-PB2,1078,0,2457,1,1,2459,T
1-PB2,1079,2458,1,1,0,2460,A
1-PB2,1080,0,2452,0,1,2453,T
1-PB2,1081,0,0,2467,0,2467,G
1-PB2,1082,2459,2,4,0,2465,A
1-PB2,1083,0,0,2459,1,2460,G
1-PB2,1084,0,0,2446,1,2447,G
1-PB2,1085,2270,0,2,0,2272,A
1-PB2,1086,1,0,2305,0,2306,G
1-PB2,1087,0,2297,0,4,2301,T
1-PB2,1088,0,2361,0,0,2361,T
1-PB2,1089,5,1,0,2366,2372,C
1-PB2,1090,2369,2,1,0,2372,A
1-PB2,1091,0,0,0,2373,2373,C
1-PB2,1092,2369,0,2,0,2371,A
1-PB2,1093,2372,0,1,0,2373,A
1-PB2,1094,0,2373,0,1,2374,T
1-PB2,1095,2,4,2319,1,2326,G
1-PB2,1096,0,1,2345,0,2346,G
1-PB2,1097,0,2278,1,3,2282,T
1-PB2,1098,1,0,2281,0,2282,G
1-PB2,1099,0,0,2289,0,2289,G
1-PB2,1100,2,3,2291,0,2296,G
1-PB2,1101,2,2,2312,0,2316,G
1-PB2,1102,2298,0,4,0,2302,A
1-PB2,1103,2300,0,0,0,2300,A
1-PB2,1104,2293,1,1,0,2295,A
1-PB2,1105,2248,0,3,1,2252,A
1-PB2,1106,1,1,2280,0,2282,G
1-PB2,1107,2263,1,4,0,2268,A
1-PB2,1108,3,1,2267,0,2271,G
1-PB2,1109,0,1,0,2266,2267,C
1-PB2,1110,2258,2,0,0,2260,A
1-PB2,1111,2263,1,0,1,2265,A
1-PB2,1112,0,1,0,2329,2330,C
1-PB2,1113,2333,0,1,0,2334,A
1-PB2,1114,0,0,2370,0,2370,G
1-PB2,1115,1,1,0,2345,2347,C
1-PB2,1116,0,2336,0,3,2339,T
1-PB2,1117,2413,0,3,0,2416,A
1-PB2,1118,1,2412,0,0,2413,T
1-PB2,1119,2416,2,0,1,2419,A
1-PB2,1120,3,0,0,2420,2423,C
1-PB2,1121,0,2287,0,0,2287,T
1-PB2,1122,2296,0,1,0,2297,A
1-PB2,1123,2249,0,1,0,2250,A
1-PB2,1124,0,1,2261,0,2262,G
1-PB2,1125,2253,0,0,0,2253,A
1-PB2,1126,2176,1,1,1,2179,A
1-PB2,1127,2174,0,5,0,2179,A
1-PB2,1128,2167,0,5,0,2172,A
1-PB2,1129,1,2,2175,0,2178,G
1-PB2,1130,0,0,0,2176,2176,C
1-PB2,1131,2169,0,1,1,2171,A
1-PB2,1132,2179,0,0,0,2179,A
1-PB2,1133,1,0,1,2181,2183,C
1-PB2,1134,2,1,0,2184,2187,C
1-PB2,1135,2186,0,1,0,2187,A
1-PB2,1136,0,1,2198,0,2199,G
1-PB2,1137,2190,1,5,2,2198,A
1-PB2,1138,2201,0,0,0,2201,A
1-PB2,1139,0,1,2218,0,2219,G
1-PB2,1140,2215,0,0,0,2215,A
1-PB2,1141,0,2202,0,0,2202,T
1-PB2,1142,0,2196,0,0,2196,T
1-PB2,1143,0,0,2199,0,2199,G
1-PB2,1144,1,0,2243,0,2244,G
1-PB2,1145,0,2227,0,2,2229,T
1-PB2,1146,0,2219,0,1,2220,T
1-PB2,1147,2,0,0,2220,2222,C
1-PB2,1148,2219,0,1,0,2220,A
1-PB2,1149,2205,0,1,0,2206,A
1-PB2,1150,0,0,0,2376,2376,C
1-PB2,1151,0,2371,0,3,2374,T
1-PB2,1152,2,1,0,2394,2397,C
1-PB2,1153,2361,0,2,0,2363,A
1-PB2,1154,0,2363,0,0,2363,T
1-PB2,1155,2372,0,0,0,2372,A
1-PB2,1156,5,0,2379,0,2384,G
1-PB2,1157,0,2295,0,0,2295,T
1-PB2,1158,0,2,2330,0,2332,G
1-PB2,1159,2249,0,2,0,2251,A
1-PB2,1160,1,0,2277,0,2278,G
1-PB2,1161,0,2264,0,1,2265,T
1-PB2,1162,2,4,2259,0,2265,G
1-PB2,1163,0,1,2289,0,2290,G
1-PB2,1164,2291,0,1,0,2292,A
1-PB2,1165,2281,0,4,0,2285,A
1-PB2,1166,5,1,2285,0,2291,G
1-PB2,1167,2269,0,2,1,2272,A
1-PB2,1168,0,2,2281,0,2283,G
1-PB2,1169,2258,0,3,0,2261,A
1-PB2,1170,0,1,0,2262,2263,C
1-PB2,1171,0,3,2263,1,2267,G
1-PB2,1172,2249,0,1,0,2250,A
1-PB2,1173,2253,1,4,0,2258,A
1-PB2,1174,1,0,0,2258,2259,C
1-PB2,1175,2244,1,0,0,2245,A
1-PB2,1176,1,0,2366,0,2367,G
1-PB2,1177,1,2353,0,0,2354,T
1-PB2,1178,5,0,0,2346,2351,C
1-PB2,1179,2355,1,1,0,2357,A
1-PB2,1180,2355,0,1,0,2356,A
1-PB2,1181,0,2354,0,1,2355,T
1-PB2,1182,2355,0,2,0,2357,A
1-PB2,1183,0,0,2352,1,2353,G
1-PB2,1184,0,2,0,2332,2334,C
1-PB2,1185,0,1,0,2266,2267,C
1-PB2,1186,1,0,2258,0,2259,G
1-PB2,1187,2263,1,1,0,2265,A
1-PB2,1188,2265,0,1,1,2267,A
1-PB2,1189,0,1,2286,0,2287,G
1-PB2,1190,0,0,0,2330,2330,C
1-PB2,1191,2338,1,2,0,2341,A
1-PB2,1192,2334,1,1,0,2336,A
1-PB2,1193,0,2340,1,0,2341,T
1-PB2,1194,2353,0,0,0,2353,A
1-PB2,1195,2367,1,1,0,2369,A
1-PB2,1196,0,2365,0,1,2366,T
1-PB2,1197,2,1,0,2349,2352,C
1-PB2,1198,0,0,2338,0,2338,G
1-PB2,1199,0,2285,1,2,2288,T
1-PB2,1200,1,1,2282,0,2284,G
1-PB2,1201,2,0,2302,0,2304,G
1-PB2,1202,1,1,0,2298,2300,C
1-PB2,1203,2,1,0,2301,2304,C
1-PB2,1204,2276,0,1,0,2277,A
1-PB2,1205,1,2271,1,2,2275,T
1-PB2,1206,1,0,2282,0,2283,G
1-PB2,1207,7,0,2294,0,2301,G
1-PB2,1208,2,2257,0,0,2259,T
1-PB2,1209,0,0,2260,0,2260,G
1-PB2,1210,1,2162,2,1,2166,T
1-PB2,1211,0,2161,1,3,2165,T
1-PB2,1212,0,2179,0,1,2180,T
1-PB2,1213,0,2175,0,2,2177,T
1-PB2,1214,3,0,0,2203,2206,C
1-PB2,1215,2205,0,1,0,2206,A
1-PB2,1216,0,0,0,2267,2267,C
1-PB2,1217,2236,0,0,0,2236,A
1-PB2,1218,2248,1,1,1,2251,A
1-PB2,1219,0,3,2254,0,2257,G
1-PB2,1220,2255,0,1,0,2256,A
1-PB2,1221,2169,0,65,0,2234,A
1-PB2,1222,0,0,2266,0,2266,G
1-PB2,1223,2263,0,1,0,2264,A
1-PB2,1224,0,2256,0,11,2267,T
1-PB2,1225,0,2251,0,1,2252,T
1-PB2,1226,0,0,2252,0,2252,G
1-PB2,1227,1,1,0,2222,2224,C
1-PB2,1228,2233,1,2,0,2236,A
1-PB2,1229,0,2248,0,1,2249,T
1-PB2,1230,0,1,2333,0,2334,G
1-PB2,1231,2350,0,2,0,2352,A
1-PB2,1232,0,2366,0,0,2366,T
1-PB2,1233,2354,0,0,0,2354,A
1-PB2,1234,2359,0,0,1,2360,A
1-PB2,1235,2357,1,0,0,2358,A
1-PB2,1236,2364,0,4,0,2368,A
1-PB2,1237,0,1,2365,0,2366,G
1-PB2,1238,0,2,0,2404,2406,C
1-PB2,1239,2417,0,3,0,2420,A
1-PB2,1240,0,0,2495,0,2495,G
1-PB2,1241,0,2491,0,0,2491,T
1-PB2,1242,0,2487,0,1,2488,T
1-PB2,1243,2488,2,0,1,2491,A
1-PB2,1244,0,0,2508,0,2508,G
1-PB2,1245,2490,1,1,1,2493,A
1-PB2,1246,0,1,2490,0,2491,G
1-PB2,1247,0,1,2481,0,2482,G
1-PB2,1248,0,2383,0,4,2387,T
1-PB2,1249,2,8,2387,0,2397,G
1-PB2,1250,2417,0,0,0,2417,A
1-PB2,1251,0,1,0,2420,2421,C
1-PB2,1252,0,0,0,2432,2432,C
1-PB2,1253,0,2420,0,0,2420,T
1-PB2,1254,1,2,2419,0,2422,G
1-PB2,1255,2418,0,2,1,2421,A
1-PB2,1256,2422,0,1,0,2423,A
1-PB2,1257,2,2415,0,0,2417,T
1-PB2,1258,2,2439,0,0,2441,T
1-PB2,1259,1,2455,0,0,2456,T
1-PB2,1260,2,0,0,2449,2451,C
1-PB2,1261,2,0,2452,0,2454,G
1-PB2,1262,1,2451,0,3,2455,T
1-PB2,1263,3,3,0,2436,2442,C
1-PB2,1264,2445,0,0,1,2446,A
1-PB2,1265,2459,0,0,0,2459,A
1-PB2,1266,2,0,0,2450,2452,C
1-PB2,1267,2427,2,0,0,2429,A
1-PB2,1268,0,2,2451,0,2453,G
1-PB2,1269,2441,0,1,1,2443,A
1-PB2,1270,1,0,2441,0,2442,G
1-PB2,1271,1,0,0,2443,2444,C
1-PB2,1272,2434,0,0,0,2434,A
1-PB2,1273,2467,0,1,1,2469,A
1-PB2,1274,2468,0,1,0,2469,A
1-PB2,1275,1,2453,1,1,2456,T
1-PB2,1276,1,0,0,2464,2465,C
1-PB2,1277,2453,0,1,0,2454,A
1-PB2,1278,0,0,2454,0,2454,G
1-PB2,1279,0,0,0,2452,2452,C
1-PB2,1280,2,0,2454,0,2456,G
1-PB2,1281,0,0,2568,0,2568,G
1-PB2,1282,0,2543,0,2,2545,T
1-PB2,1283,0,2550,0,4,2554,T
1-PB2,1284,0,1,2561,1,2563,G
1-PB2,1285,2559,0,4,0,2563,A
1-PB2,1286,2574,0,5,0,2579,A
1-PB2,1287,6,3,0,2575,2584,C
1-PB2,1288,1,2,0,2572,2575,C
1-PB2,1289,4,1,0,2602,2607,C
1-PB2,1290,2,0,0,2550,2552,C
1-PB2,1291,2567,2,1,0,2570,A
1-PB2,1292,0,2571,0,3,2574,T
1-PB2,1293,0,1,2578,1,2580,G
1-PB2,1294,2,1,0,2589,2592,C
1-PB2,1295,2583,0,0,0,2583,A
1-PB2,1296,2,2553,0,5,2560,T
1-PB2,1297,2,2,0,2554,2558,C
1-PB2,1298,2543,0,1,0,2544,A
1-PB2,1299,1,0,2566,1,2568,G
1-PB2,1300,1,0,1,2567,2569,C
1-PB2,1301,1,2557,0,5,2563,T
1-PB2,1302,0,2563,1,8,2572,T
1-PB2,1303,0,2561,1,0,2562,T
1-PB2,1304,1,2572,0,0,2573,T
1-PB2,1305,2569,1,1,0,2571,A
1-PB2,1306,2567,0,0,0,2567,A
1-PB2,1307,1,2,2567,1,2571,G
1-PB2,1308,1,1,2546,0,2548,G
1-PB2,1309,0,0,0,2537,2537,C
1-PB2,1310,2534,0,1,0,2535,A
1-PB2,1311,0,2526,1,1,2528,T
1-PB2,1312,0,2541,0,0,2541,T
1-PB2,1313,1,2532,0,1,2534,T
1-PB2,1314,0,2545,0,4,2549,T
1-PB2,1315,0,0,0,2554,2554,C
1-PB2,1316,2552,0,2,0,2554,A
1-PB2,1317,0,1,2552,1,2554,G
1-PB2,1318,2543,0,3,0,2546,A
1-PB2,1319,2545,0,3,0,2548,A
1-PB2,1320,2539,0,1,1,2541,A
1-PB2,1321,3,0,2545,0,2548,G
1-PB2,1322,2561,0,3,0,2564,A
1-PB2,1323,0,2566,0,1,2567,T
1-PB2,1324,0,2,2572,0,2574,G
1-PB2,1325,1,2,1,2558,2562,C
1-PB2,1326,2,0,2570,0,2572,G
1-PB2,1327,2576,0,1,0,2577,A
1-PB2,1328,2574,0,1,0,2575,A
1-PB2,1329,2576,0,0,0,2576,A
1-PB2,1330,0,1,2579,1,2581,G
1-PB2,1331,1,2556,0,3,2560,T
1-PB2,1332,0,0,2553,0,2553,G
1-PB2,1333,0,0,0,2556,2556,C
1-PB2,1334,0,2537,2,3,2542,T
1-PB2,1335,0,2545,1,2,2548,T
1-PB2,1336,0,2533,1,2,2536,T
1-PB2,1337,0,2553,1,1,2555,T
1-PB2,1338,0,2545,1,2,2548,T
1-PB2,1339,3,0,1,2549,2553,C
1-PB2,1340,2551,0,1,0,2552,A
1-PB2,1341,2555,1,2,0,2558,A
1-PB2,1342,2544,1,1,0,2546,A
1-PB2,1343,2554,0,1,0,2555,A
1-PB2,1344,0,2541,1,1,2543,T
1-PB2,1345,0,2548,0,0,2548,T
1-PB2,1346,1,2,2551,1,2555,G
1-PB2,1347,0,2,2555,0,2557,G
1-PB2,1348,4,0,2543,0,2547,G
1-PB2,1349,0,2,2570,0,2572,G
1-PB2,1350,2566,0,2,0,2568,A
1-PB2,1351,0,0,2602,0,2602,G
1-PB2,1352,0,2597,0,1,2598,T
1-PB2,1353,1,2593,0,0,2594,T
1-PB2,1354,0,5,2602,0,2607,G
1-PB2,1355,2598,0,4,0,2602,A
1-PB2,1356,2608,0,6,0,2614,A
1-PB2,1357,1,0,0,2650,2651,C
1-PB2,1358,2631,1,1,0,2633,A
1-PB2,1359,2,0,0,2659,2661,C
1-PB2,1360,2637,0,7,0,2644,A
1-PB2,1361,0,2636,0,2,2638,T
1-PB2,1362,0,4,2,2638,2644,C
1-PB2,1363,0,5,2650,0,2655,G
1-PB2,1364,2679,0,1,0,2680,A
1-PB2,1365,0,3,0,2666,2669,C
1-PB2,1366,2576,0,0,0,2576,A
1-PB2,1367,4,0,2649,0,2653,G
1-PB2,1368,1,2596,0,1,2598,T
1-PB2,1369,0,0,2636,0,2636,G
1-PB2,1370,1,2618,0,2,2621,T
1-PB2,1371,1,0,2627,0,2628,G
1-PB2,1372,2618,1,2,0,2621,A
1-PB2,1373,0,2605,0,2,2607,T
1-PB2,1374,1,3,2607,0,2611,G
1-PB2,1375,1,2,2610,0,2613,G
1-PB2,1376,0,2,2569,0,2571,G
1-PB2,1377,2557,0,0,0,2557,A
1-PB2,1378,2524,0,2,0,2526,A
1-PB2,1379,0,2533,1,1,2535,T
1-PB2,1380,3,1,2558,0,2562,G
1-PB2,1381,2570,0,1,0,2571,A
1-PB2,1382,1,2570,0,0,2571,T
1-PB2,1383,0,2562,0,1,2563,T
1-PB2,1384,0,1,2546,0,2547,G
1-PB2,1385,1,1,2598,0,2600,G
1-PB2,1386,2576,2,3,0,2581,A
1-PB2,1387,1,1,2605,0,2607,G
1-PB2,1388,0,2571,0,3,2574,T
1-PB2,1389,2556,0,1,0,2557,A
1-PB2,1390,1,2559,0,0,2560,T
1-PB2,1391,1,2582,0,1,2584,T
1-PB2,1392,2606,0,2,0,2608,A
1-PB2,1393,1,0,0,2600,2601,C
1-PB2,1394,1,0,0,2559,2560,C
1-PB2,1395,2525,0,1,0,2526,A
1-PB2,1396,0,2,2542,0,2544,G
1-PB2,1397,2580,0,1,0,2581,A
1-PB2,1398,1,2565,0,2,2568,T
1-PB2,1399,2547,1,2,0,2550,A
1-PB2,1400,0,2532,0,0,2532,T
1-PB2,1401,4,4,2504,0,2512,G
1-PB2,1402,2518,0,3,1,2522,A
1-PB2,1403,1,0,0,2530,2531,C
1-PB2,1404,0,2517,1,5,2523,T
1-PB2,1405,1,0,0,2501,2502,C
1-PB2,1406,0,0,0,2481,2481,C
1-PB2,1407,2490,0,5,0,2495,A
1-PB2,1408,2496,0,4,0,2500,A
1-PB2,1409,0,0,2537,0,2537,G
1-PB2,1410,0,1,0,2519,2520,C
1-PB2,1411,2521,1,1,0,2523,A
1-PB2,1412,3,0,0,2515,2518,C
1-PB2,1413,2505,0,0,0,2505,A
1-PB2,1414,7,0,2509,0,2516,G
1-PB2,1415,2506,0,3,0,2509,A
1-PB2,1416,0,0,2526,0,2526,G
1-PB2,1417,2529,0,0,0,2529,A
1-PB2,1418,2,2425,0,2,2429,T
1-PB2,1419,0,0,2451,0,2451,G
1-PB2,1420,0,2430,0,4,2434,T
1-PB2,1421,5,0,0,2419,2424,C
1-PB2,1422,2445,0,0,0,2445,A
1-PB2,1423,2437,0,0,1,2438,A
1-PB2,1424,0,2430,0,1,2431,T
1-PB2,1425,0,4,2421,0,2425,G
1-PB2,1426,2387,0,2,0,2389,A
1-PB2,1427,0,0,2397,0,2397,G
1-PB2,1428,2353,0,1,0,2354,A
1-PB2,1429,1,1,2368,0,2370,G
1-PB2,1430,2,2,2439,0,2443,G
1-PB2,1431,2440,0,0,0,2440,A
1-PB2,1432,2432,0,3,1,2436,A
1-PB2,1433,0,2433,1,0,2434,T
1-PB2,1434,2439,0,2,0,2441,A
1-PB2,1435,2436,0,0,0,2436,A
1-PB2,1436,0,2,2435,0,2437,G
1-PB2,1437,2421,1,3,0,2425,A
1-PB2,1438,0,0,2426,0,2426,G
1-PB2,1439,0,2299,0,0,2299,T
1-PB2,1440,3,1,1,2300,2305,C
1-PB2,1441,2294,1,8,3,2306,A
1-PB2,1442,3,0,2310,0,2313,G
1-PB2,1443,0,1,0,2309,2310,C
1-PB2,1444,2311,1,0,0,2312,A
1-PB2,1445,2314,0,0,0,2314,A
1-PB2,1446,2302,0,0,0,2302,A
1-PB2,1447,2308,0,1,1,2310,A
1-PB2,1448,0,2311,0,0,2311,T
1-PB2,1449,0,1,2307,0,2308,G
1-PB2,1450,2,2,2299,0,2303,G
1-PB2,1451,3,1,2318,0,2322,G
1-PB2,1452,0,2291,0,0,2291,T
1-PB2,1453,1,0,2294,0,2295,G
1-PB2,1454,2,2284,0,2,2288,T
1-PB2,1455,0,1,2287,0,2288,G
1-PB2,1456,0,0,2312,0,2312,G
1-PB2,1457,2312,0,2,0,2314,A
1-PB2,1458,0,2296,0,2,2298,T
1-PB2,1459,0,1,2306,0,2307,G
1-PB2,1460,2289,0,2,0,2291,A
1-PB2,1461,2299,0,3,0,2302,A
1-PB2,1462,0,2291,0,1,2292,T
1-PB2,1463,2284,0,0,0,2284,A
1-PB2,1464,1,0,0,2391,2392,C
1-PB2,1465,0,2331,0,1,2332,T
1-PB2,1466,5,0,0,2343,2348,C
1-PB2,1467,2,0,0,2348,2350,C
1-PB2,1468,2335,0,1,1,2337,A
1-PB2,1469,0,1,2398,0,2399,G
1-PB2,1470,0,2385,0,1,2386,T
1-PB2,1471,2394,0,0,0,2394,A
1-PB2,1472,0,0,0,2401,2401,C
1-PB2,1473,2206,1,1,0,2208,A
1-PB2,1474,0,2,2205,0,2207,G
1-PB2,1475,2157,0,1,0,2158,A
1-PB2,1476,1,0,2174,0,2175,G
1-PB2,1477,2118,0,3,0,2121,A
1-PB2,1478,0,1,2040,0,2041,G
1-PB2,1479,0,2,2031,0,2033,G
1-PB2,1480,0,1,2037,0,2038,G
1-PB2,1481,0,2009,0,3,2012,T
1-PB2,1482,0,1,2010,0,2011,G
1-PB2,1483,0,1,2012,0,2013,G
1-PB2,1484,0,2007,0,0,2007,T
1-PB2,1485,1,0,2038,0,2039,G
1-PB2,1486,0,1,2044,0,2045,G
1-PB2,1487,0,2004,0,0,2004,T
1-PB2,1488,0,1993,0,3,1996,T
1-PB2,1489,1970,0,2,0,1972,A
1-PB2,1490,0,0,1983,0,1983,G
1-PB2,1491,0,0,0,1982,1982,C
1-PB2,1492,1969,0,0,0,1969,A
1-PB2,1493,0,1964,0,0,1964,T
1-PB2,1494,0,1848,0,0,1848,T
1-PB2,1495,1,1,1844,0,1846,G
1-PB2,1496,1841,0,1,0,1842,A
1-PB2,1497,0,1838,0,1,1839,T
1-PB2,1498,0,4,0,1840,1844,C
1-PB2,1499,2,1,1829,0,1832,G
1-PB2,1500,0,0,1847,0,1847,G
1-PB2,1501,0,1848,0,1,1849,T
1-PB2,1502,1,1839,0,1,1841,T
1-PB2,1503,0,1838,1,1,1840,T
1-PB2,1504,0,1843,0,1,1844,T
1-PB2,1505,0,1847,0,0,1847,T
1-PB2,1506,0,1,1844,1,1846,G
1-PB2,1507,1836,1,4,0,1841,A
1-PB2,1508,0,0,1850,0,1850,G
1-PB2,1509,1790,0,2,0,1792,A
1-PB2,1510,0,0,1802,0,1802,G
1-PB2,1511,0,1797,0,2,1799,T
1-PB2,1512,1,1789,1,2,1793,T
1-PB2,1513,1,1,0,1796,1798,C
1-PB2,1514,0,0,1802,0,1802,G
1-PB2,1515,1802,0,1,0,1803,A
1-PB2,1516,0,0,1804,0,1804,G
1-PB2,1517,1800,1,1,0,1802,A
1-PB2,1518,1,0,0,1788,1789,C
1-PB2,1519,2,1,0,1782,1785,C
1-PB2,1520,1769,1,1,1,1772,A
1-PB2,1521,1790,0,0,0,1790,A
1-PB2,1522,0,1,0,1786,1787,C
1-PB2,1523,0,0,1793,0,1793,G
1-PB2,1524,1,1778,0,1,1780,T
1-PB2,1525,1,0,1769,0,1770,G
1-PB2,1526,0,0,1776,0,1776,G
1-PB2,1527,2,1,1776,0,1779,G
1-PB2,1528,1759,0,3,0,1762,A
1-PB2,1529,1753,0,6,0,1759,A
1-PB2,1530,1,1701,0,0,1702,T
1-PB2,1531,1,0,1746,0,1747,G
1-PB2,1532,0,1735,0,0,1735,T
1-PB2,1533,1729,0,2,0,1731,A
1-PB2,1534,0,1729,0,2,1731,T
1-PB2,1535,0,1694,0,1,1695,T
1-PB2,1536,1709,0,1,0,1710,A
1-PB2,1537,0,1703,0,0,1703,T
1-PB2,1538,0,1681,0,0,1681,T
1-PB2,1539,1680,0,1,0,1681,A
1-PB2,1540,0,1494,0,0,1494,T
1-PB2,1541,0,0,0,1526,1526,C
1-PB2,1542,0,1504,0,3,1507,T
1-PB2,1543,3,1,0,1498,1502,C
1-PB2,1544,2,1,1,1501,1505,C
1-PB2,1545,0,1460,0,0,1460,T
1-PB2,1546,0,1,1461,0,1462,G
1-PB2,1547,1447,1,3,0,1451,A
1-PB2,1548,0,0,1458,0,1458,G
1-PB2,1549,0,0,1450,1,1451,G
1-PB2,1550,1291,0,0,0,1291,A
1-PB2,1551,0,1,1294,0,1295,G
1-PB2,1552,1,0,1288,0,1289,G
1-PB2,1553,0,1212,0,3,1215,T
1-PB2,1554,1,1,0,1213,1215,C
1-PB2,1555,1200,0,2,0,1202,A
1-PB2,1556,0,0,1214,0,1214,G
1-PB2,1557,0,1211,0,1,1212,T
1-PB2,1558,1,0,1207,0,1208,G
1-PB2,1559,1209,0,1,0,1210,A
1-PB2,1560,1170,0,0,0,1170,A
1-PB2,1561,1167,0,0,0,1167,A
1-PB2,1562,0,0,0,1162,1162,C
1-PB2,1563,1155,0,0,0,1155,A
1-PB2,1564,0,0,0,1157,1157,C
1-PB2,1565,1107,0,2,0,1109,A
1-PB2,1566,0,0,1111,0,1111,G
1-PB2,1567,0,0,1108,0,1108,G
1-PB2,1568,0,2,1105,0,1107,G
1-PB2,1569,1102,0,1,0,1103,A
1-PB2,1570,1081,0,1,0,1082,A
1-PB2,1571,0,1,0,1083,1084,C
1-PB2,1572,0,1065,0,0,1065,T
1-PB2,1573,1,1,1063,0,1065,G
1-PB2,1574,1059,0,2,0,1061,A
1-PB2,1575,0,1,1058,0,1059,G
1-PB2,1576,1030,0,3,0,1033,A
1-PB2,1577,0,0,969,0,969,G
1-PB2,1578,969,0,0,0,969,A
1-PB2,1579,0,1,0,967,968,C
1-PB2,1580,1,928,0,0,929,T
1-PB2,1581,0,1,946,0,947,G
1-PB2,1582,939,0,0,0,939,A
1-PB2,1583,0,0,1,939,940,C
1-PB2,1584,928,1,1,0,930,A
1-PB2,1585,929,0,0,0,929,A
1-PB2,1586,0,925,0,0,925,T
1-PB2,1587,919,0,0,0,919,A
1-PB2,1588,920,0,1,0,921,A
1-PB2,1589,0,0,0,924,924,C
1-PB2,1590,0,861,0,0,861,T
1-PB2,1591,0,856,0,0,856,T
1-PB2,1592,841,0,0,0,841,A
1-PB2,1593,0,840,0,0,840,T
1-PB2,1594,0,839,0,0,839,T
1-PB2,1595,1,0,0,835,836,C
1-PB2,1596,753,2,0,0,755,A
1-PB2,1597,1,752,0,0,753,T
1-PB2,1598,0,0,0,713,713,C
1-PB2,1599,1,2,710,0,713,G
1-PB2,1600,0,711,0,0,711,T
1-PB2,1601,1,0,0,698,699,C
1-PB2,1602,1,0,698,0,699,G
1-PB2,1603,696,0,1,0,697,A
1-PB2,1604,1,695,0,1,697,T
1-PB2,1605,0,0,699,0,699,G
1-PB2,1606,699,1,0,0,700,A
1-PB2,1607,0,700,0,0,700,T
1-PB2,1608,0,0,689,0,689,G
1-PB2,1609,0,650,0,0,650,T
1-PB2,1610,1,0,645,0,646,G
1-PB2,1611,0,0,649,0,649,G
1-PB2,1612,0,0,645,0,645,G
1-PB2,1613,622,0,0,0,622,A
1-PB2,1614,2,1,612,0,615,G
1-PB2,1615,542,0,0,0,542,A
1-PB2,1616,0,527,0,0,527,T
1-PB2,1617,1,507,0,0,508,T
1-PB2,1618,501,0,0,0,501,A
1-PB2,1619,498,0,2,0,500,A
1-PB2,1620,0,0,0,493,493,C
1-PB2,1621,0,0,457,0,457,G
1-PB2,1622,0,0,455,0,455,G
1-PB2,1623,0,362,0,0,362,T
1-PB2,1624,1,0,0,358,359,C
1-PB2,1625,0,1,0,354,355,C
1-PB2,1626,0,321,0,1,322,T
1-PB2,1627,0,0,356,0,356,G
1-PB2,1628,358,0,0,0,358,A
1-PB2,1629,0,0,362,0,362,G
1-PB2,1630,0,364,0,1,365,T
1-PB2,1631,0,0,0,353,353,C
1-PB2,1632,0,0,352,0,352,G
1-PB2,1633,0,0,353,0,353,G
1-PB2,1634,0,355,0,0,355,T
1-PB2,1635,0,353,0,0,353,T
1-PB2,1636,0,351,0,0,351,T
1-PB2,1637,0,351,0,0,351,T
1-PB2,1638,0,1,358,0,359,G
1-PB2,1639,0,0,359,0,359,G
1-PB2,1640,0,362,0,0,362,T
1-PB2,1641,1,0,0,359,360,C
1-PB2,1642,358,0,0,0,358,A
1-PB2,1643,371,0,0,0,371,A
1-PB2,1644,0,371,0,0,371,T
1-PB2,1645,374,0,0,0,374,A
1-PB2,1646,0,1,0,375,376,C
1-PB2,1647,0,0,0,367,367,C
1-PB2,1648,0,363,1,0,364,T
1-PB2,1649,373,0,0,0,373,A
1-PB2,1650,1,373,0,0,374,T
1-PB2,1651,0,0,0,374,374,C
1-PB2,1652,361,0,0,0,361,A
1-PB2,1653,363,0,0,0,363,A
1-PB2,1654,0,362,0,0,362,T
1-PB2,1655,0,0,346,0,346,G
1-PB2,1656,0,0,346,0,346,G
1-PB2,1657,343,0,0,0,343,A
1-PB2,1658,0,338,0,0,338,T
1-PB2,1659,0,0,0,339,339,C
1-PB2,1660,338,0,1,0,339,A
1-PB2,1661,0,341,0,0,341,T
1-PB2,1662,1,0,0,340,341,C
1-PB2,1663,341,0,0,0,341,A
1-PB2,1664,0,0,339,0,339,G
1-PB2,1665,338,0,1,0,339,A
1-PB2,1666,338,0,0,0,338,A
1-PB2,1667,339,0,0,0,339,A
1-PB2,1668,0,339,0,0,339,T
1-PB2,1669,0,339,0,0,339,T
1-PB2,1670,0,0,338,0,338,G
1-PB2,1671,0,1,338,0,339,G
1-PB2,1672,0,0,334,0,334,G
1-PB2,1673,337,0,0,0,337,A
1-PB2,1674,336,0,0,0,336,A
1-PB2,1675,0,0,334,0,334,G
1-PB2,1676,0,0,0,332,332,C
1-PB2,1677,1,333,0,0,334,T
1-PB2,1678,0,0,336,0,336,G
1-PB2,1679,0,335,0,0,335,T
1-PB2,1680,1,0,0,334,335,C
1-PB2,1681,335,0,0,0,335,A
1-PB2,1682,335,0,1,0,336,A
1-PB2,1683,336,0,0,0,336,A
1-PB2,1684,337,0,0,0,337,A
1-PB2,1685,0,337,0,0,337,T
1-PB2,1686,0,336,0,0,336,T
1-PB2,1687,1,0,0,333,334,C
1-PB2,1688,336,0,0,0,336,A
1-PB2,1689,335,0,0,0,335,A
1-PB2,1690,0,336,0,0,336,T
1-PB2,1691,1,0,335,0,336,G
1-PB2,1692,0,0,341,0,341,G
1-PB2,1693,0,338,1,1,340,T
1-PB2,1694,0,0,0,345,345,C
1-PB2,1695,0,344,0,1,345,T
1-PB2,1696,0,0,0,346,346,C
1-PB2,1697,345,1,0,0,346,A
1-PB2,1698,0,0,345,0,345,G
1-PB2,1699,347,0,1,0,348,A
1-PB2,1700,349,0,0,0,349,A
1-PB2,1701,0,343,0,0,343,T
1-PB2,1702,1,0,0,335,336,C
1-PB2,1703,1,0,0,337,338,C
1-PB2,1704,0,340,0,1,341,T
1-PB2,1705,0,0,340,0,340,G
1-PB2,1706,0,0,0,338,338,C
1-PB2,1707,340,0,0,0,340,A
1-PB2,1708,348,0,0,0,348,A
1-PB2,1709,0,344,0,0,344,T
1-PB2,1710,0,0,351,0,351,G
1-PB2,1711,0,349,0,0,349,T
1-PB2,1712,0,340,0,0,340,T
1-PB2,1713,0,0,345,0,345,G
1-PB2,1714,0,344,0,0,344,T
1-PB2,1715,344,0,1,0,345,A
1-PB2,1716,0,0,0,345,345,C
1-PB2,1717,338,0,0,0,338,A
1-PB2,1718,341,1,0,0,342,A
1-PB2,1719,0,0,0,341,341,C
1-PB2,1720,335,0,0,0,335,A
1-PB2,1721,335,0,0,0,335,A
1-PB2,1722,332,1,0,0,333,A
1-PB2,1723,335,0,0,0,335,A
1-PB2,1724,0,334,0,1,335,T
1-PB2,1725,0,0,331,0,331,G
1-PB2,1726,0,0,335,0,335,G
1-PB2,1727,334,0,0,0,334,A
1-PB2,1728,337,0,0,0,337,A
1-PB2,1729,0,335,0,0,335,T
1-PB2,1730,0,333,0,0,333,T
1-PB2,1731,0,333,0,1,334,T
1-PB2,1732,0,1,334,1,336,G
1-PB2,1733,338,0,0,0,338,A
1-PB2,1734,338,0,0,0,338,A
1-PB2,1735,0,0,0,335,335,C
1-PB2,1736,0,0,0,330,330,C
1-PB2,1737,339,1,0,0,340,A
1-PB2,1738,0,348,0,0,348,T
1-PB2,1739,0,346,0,0,346,T
1-PB2,1740,0,346,0,0,346,T
1-PB2,1741,1,0,0,348,349,C
1-PB2,1742,347,0,0,0,347,A
1-PB2,1743,346,0,0,0,346,A
1-PB2,1744,0,345,1,0,346,T
1-PB2,1745,0,0,0,355,355,C
1-PB2,1746,0,349,0,0,349,T
1-PB2,1747,0,350,0,0,350,T
1-PB2,1748,0,351,1,0,352,T
1-PB2,1749,352,0,0,0,352,A
1-PB2,1750,0,0,353,0,353,G
1-PB2,1751,0,353,0,0,353,T
1-PB2,1752,1,0,0,357,358,C
1-PB2,1753,0,0,0,360,360,C
1-PB2,1754,0,0,0,355,355,C
1-PB2,1755,0,0,0,354,354,C
1-PB2,1756,356,0,1,0,357,A
1-PB2,1757,355,0,1,0,356,A
1-PB2,1758,0,0,360,0,360,G
1-PB2,1759,1,0,357,0,358,G
1-PB2,1760,1,0,0,356,357,C
1-PB2,1761,1,0,0,351,352,C
1-PB2,1762,353,0,0,0,353,A
1-PB2,1763,0,356,0,0,356,T
1-PB2,1764,0,357,0,0,357,T
1-PB2,1765,356,1,0,0,357,A
1-PB2,1766,0,1,356,0,357,G
1-PB2,1767,344,0,2,0,346,A
1-PB2,1768,362,0,0,0,362,A
1-PB2,1769,0,0,359,0,359,G
1-PB2,1770,0,0,0,362,362,C
1-PB2,1771,0,0,0,361,361,C
1-PB2,1772,359,0,0,0,359,A
1-PB2,1773,363,0,0,0,363,A
1-PB2,1774,0,366,0,0,366,T
1-PB2,1775,368,0,1,0,369,A
1-PB2,1776,1,0,0,369,370,C
1-PB2,1777,341,0,1,0,342,A
1-PB2,1778,0,0,343,0,343,G
1-PB2,1779,0,336,0,0,336,T
1-PB2,1780,0,0,337,0,337,G
1-PB2,1781,0,0,338,0,338,G
1-PB2,1782,0,0,338,0,338,G
1-PB2,1783,0,336,0,0,336,T
1-PB2,1784,0,331,0,0,331,T
1-PB2,1785,0,336,0,0,336,T
1-PB2,1786,0,0,338,0,338,G
1-PB2,1787,0,339,0,0,339,T
1-PB2,1788,1,0,0,337,338,C
1-PB2,1789,335,0,1,0,336,A
1-PB2,1790,0,0,335,0,335,G
1-PB2,1791,334,0,0,0,334,A
1-PB2,1792,335,0,0,0,335,A
1-PB2,1793,0,0,0,335,335,C
1-PB2,1794,0,326,0,0,326,T
1-PB2,1795,0,0,0,330,330,C
1-PB2,1796,1,329,0,0,330,T
1-PB2,1797,331,0,0,0,331,A
1-PB2,1798,0,332,0,0,332,T
1-PB2,1799,0,330,0,0,330,T
1-PB2,1800,0,0,0,330,330,C
1-PB2,1801,0,0,0,325,325,C
1-PB2,1802,326,0,0,0,326,A
1-PB2,1803,327,0,0,0,327,A
1-PB2,1804,0,1,0,329,330,C
1-PB2,1805,330,0,0,0,330,A
1-PB2,1806,332,0,0,0,332,A
1-PB2,1807,332,0,0,0,332,A
1-PB2,1808,0,330,0,0,330,T
1-PB2,1809,0,1,331,0,332,G
1-PB2,1810,324,0,0,0,324,A
1-PB2,1811,0,0,328,0,328,G
1-PB2,1812,327,0,0,0,327,A
1-PB2,1813,0,0,327,0,327,G
1-PB2,1814,325,0,1,0,326,A
1-PB2,1815,0,0,0,321,321,C
1-PB2,1816,0,0,323,0,323,G
1-PB2,1817,0,323,0,0,323,T
1-PB2,1818,328,0,0,0,328,A
1-PB2,1819,0,0,0,326,326,C
1-PB2,1820,0,322,0,1,323,T
1-PB2,1821,0,323,0,0,323,T
1-PB2,1822,0,0,319,0,319,G
1-PB2,1823,0,0,317,0,317,G
1-PB2,1824,0,0,317,0,317,G
1-PB2,1825,317,0,0,0,317,A
1-PB2,1826,0,0,0,313,313,C
1-PB2,1827,326,0,0,0,326,A
1-PB2,1828,0,329,0,0,329,T
1-PB2,1829,0,330,0,0,330,T
1-PB2,1830,0,329,0,0,329,T
1-PB2,1831,0,0,328,0,328,G
1-PB2,1832,329,0,0,0,329,A
1-PB2,1833,0,0,0,330,330,C
1-PB2,1834,331,0,0,0,331,A
1-PB2,1835,0,0,0,331,331,C
1-PB2,1836,0,0,0,327,327,C
1-PB2,1837,332,0,0,0,332,A
1-PB2,1838,0,0,0,331,331,C
1-PB2,1839,0,1,0,328,329,C
1-PB2,1840,0,0,0,334,334,C
1-PB2,1841,331,0,0,0,331,A
1-PB2,1842,0,0,335,0,335,G
1-PB2,1843,339,0,0,0,339,A
1-PB2,1844,0,351,0,0,351,T
1-PB2,1845,346,0,0,0,346,A
1-PB2,1846,342,1,0,0,343,A
1-PB2,1847,0,345,0,0,345,T
1-PB2,1848,344,0,0,0,344,A
1-PB2,1849,341,0,0,0,341,A
1-PB2,1850,343,0,0,0,343,A
1-PB2,1851,0,0,346,0,346,G
1-PB2,1852,0,0,0,348,348,C
1-PB2,1853,0,326,0,0,326,T
1-PB2,1854,0,324,0,0,324,T
1-PB2,1855,0,0,0,326,326,C
1-PB2,1856,1,322,0,1,324,T
1-PB2,1857,0,0,0,328,328,C
1-PB2,1858,0,0,0,328,328,C
1-PB2,1859,0,0,0,327,327,C
1-PB2,1860,0,0,0,321,321,C
1-PB2,1861,0,328,0,0,328,T
1-PB2,1862,0,329,0,0,329,T
1-PB2,1863,0,329,0,0,329,T
1-PB2,1864,0,0,328,0,328,G
1-PB2,1865,0,0,0,329,329,C
1-PB2,1866,323,0,0,0,323,A
1-PB2,1867,0,0,326,0,326,G
1-PB2,1868,0,1,0,324,325,C
1-PB2,1869,0,319,0,0,319,T
1-PB2,1870,0,0,319,0,319,G
1-PB2,1871,0,1,0,316,317,C
1-PB2,1872,0,317,0,1,318,T
1-PB2,1873,0,0,0,317,317,C
1-PB2,1874,0,0,0,323,323,C
1-PB2,1875,321,1,0,0,322,A
1-PB2,1876,0,0,0,322,322,C
1-PB2,1877,0,0,0,320,320,C
1-PB2,1878,320,0,0,0,320,A
1-PB2,1879,322,0,0,0,322,A
1-PB2,1880,321,0,0,0,321,A
1-PB2,1881,1,0,321,0,322,G
1-PB2,1882,0,0,0,322,322,C
1-PB2,1883,319,0,0,0,319,A
1-PB2,1884,321,0,0,0,321,A
1-PB2,1885,319,0,0,0,319,A
1-PB2,1886,0,0,326,0,326,G
1-PB2,1887,0,0,0,325,325,C
1-PB2,1888,326,0,0,0,326,A
1-PB2,1889,1,1,324,0,326,G
1-PB2,1890,321,0,0,0,321,A
1-PB2,1891,332,0,0,0,332,A
1-PB2,1892,0,331,0,0,331,T
1-PB2,1893,0,0,333,0,333,G
1-PB2,1894,0,0,0,333,333,C
1-PB2,1895,331,0,0,0,331,A
1-PB2,1896,0,0,335,0,335,G
1-PB2,1897,0,333,0,0,333,T
1-PB2,1898,0,338,0,0,338,T
1-PB2,1899,0,0,0,341,341,C
1-PB2,1900,0,339,0,0,339,T
1-PB2,1901,1,0,0,342,343,C
1-PB2,1902,0,341,0,0,341,T
1-PB2,1903,0,345,0,0,345,T
1-PB2,1904,0,0,0,345,345,C
1-PB2,1905,339,0,1,0,340,A
1-PB2,1906,0,0,0,343,343,C
1-PB2,1907,0,332,0,0,332,T
1-PB2,1908,47,0,289,0,336,G
1-PB2,1909,336,0,0,0,336,A
1-PB2,1910,0,0,0,345,345,C
1-PB2,1911,0,342,0,0,342,T
1-PB2,1912,0,0,339,0,339,G
1-PB2,1913,0,336,0,1,337,T
1-PB2,1914,0,0,342,0,342,G
1-PB2,1915,342,0,1,0,343,A
1-PB2,1916,350,0,0,0,350,A
1-PB2,1917,0,347,0,0,347,T
1-PB2,1918,1,0,346,0,347,G
1-PB2,1919,1,335,0,0,336,T
1-PB2,1920,334,0,0,0,334,A
1-PB2,1921,334,0,0,0,334,A
1-PB2,1922,0,0,337,0,337,G
1-PB2,1923,1,0,334,0,335,G
1-PB2,1924,0,0,335,0,335,G
1-PB2,1925,0,0,333,0,333,G
1-PB2,1926,330,1,0,0,331,A
1-PB2,1927,0,329,0,0,329,T
1-PB2,1928,0,0,0,329,329,C
1-PB2,1929,333,0,0,0,333,A
1-PB2,1930,1,1,338,0,340,G
1-PB2,1931,0,1,338,0,339,G
1-PB2,1932,0,0,340,0,340,G
1-PB2,1933,335,0,1,0,336,A
1-PB2,1934,0,332,0,0,332,T
1-PB2,1935,0,1,329,0,330,G
1-PB2,1936,328,0,0,0,328,A
1-PB2,1937,0,0,341,0,341,G
1-PB2,1938,338,0,0,0,338,A
1-PB2,1939,336,0,0,0,336,A
1-PB2,1940,0,335,0,0,335,T
1-PB2,1941,340,0,0,0,340,A
1-PB2,1942,0,0,0,347,347,C
1-PB2,1943,0,345,0,0,345,T
1-PB2,1944,0,345,0,0,345,T
1-PB2,1945,2,0,344,0,346,G
1-PB2,1946,0,335,0,0,335,T
1-PB2,1947,334,0,0,0,334,A
1-PB2,1948,334,0,0,0,334,A
1-PB2,1949,0,0,329,0,329,G
1-PB2,1950,0,0,329,0,329,G
1-PB2,1951,0,0,318,0,318,G
1-PB2,1952,0,0,319,0,319,G
1-PB2,1953,0,0,0,324,324,C
1-PB2,1954,320,0,1,0,321,A
1-PB2,1955,328,0,0,0,328,A
1-PB2,1956,0,328,0,0,328,T
1-PB2,1957,0,329,0,0,329,T
1-PB2,1958,0,0,0,339,339,C
1-PB2,1959,0,335,0,1,336,T
1-PB2,1960,1,0,0,338,339,C
1-PB2,1961,0,0,0,340,340,C
1-PB2,1962,0,340,0,0,340,T
1-PB2,1963,0,0,342,0,342,G
1-PB2,1964,0,331,0,1,332,T
1-PB2,1965,331,0,0,0,331,A
1-PB2,1966,0,332,0,1,333,T
1-PB2,1967,0,331,0,0,331,T
1-PB2,1968,0,0,0,332,332,C
1-PB2,1969,332,0,0,0,332,A
1-PB2,1970,340,0,0,0,340,A
1-PB2,1971,0,0,0,337,337,C
1-PB2,1972,0,334,0,0,334,T
1-PB2,1973,335,0,0,0,335,A
1-PB2,1974,0,0,0,344,344,C
1-PB2,1975,347,0,0,0,347,A
1-PB2,1976,347,0,0,0,347,A
1-PB2,1977,0,0,0,346,346,C
1-PB2,1978,344,0,0,0,344,A
1-PB2,1979,344,0,0,0,344,A
1-PB2,1980,0,0,340,1,341,G
1-PB2,1981,344,0,0,0,344,A
1-PB2,1982,1,0,0,343,344,C
1-PB2,1983,0,0,0,336,336,C
1-PB2,1984,337,0,1,0,338,A
1-PB2,1985,0,1,0,351,352,C
1-PB2,1986,0,352,0,0,352,T
1-PB2,1987,353,0,0,0,353,A
1-PB2,1988,351,0,0,0,351,A
1-PB2,1989,350,1,0,0,351,A
1-PB2,1990,352,0,1,0,353,A
1-PB2,1991,0,0,355,0,355,G
1-PB2,1992,352,0,1,0,353,A
1-PB2,1993,0,0,0,350,350,C
1-PB2,1994,0,347,0,1,348,T
1-PB2,1995,347,0,1,0,348,A
1-PB2,1996,348,0,0,0,348,A
1-PB2,1997,0,0,0,348,348,C
1-PB2,1998,346,0,0,0,346,A
1-PB2,1999,348,0,0,0,348,A
1-PB2,2000,0,344,0,0,344,T
1-PB2,2001,0,339,0,0,339,T
1-PB2,2002,0,1,0,340,341,C
1-PB2,2003,0,337,0,0,337,T
1-PB2,2004,1,0,0,339,340,C
1-PB2,2005,0,0,343,0,343,G
1-PB2,2006,0,1,343,0,344,G
1-PB2,2007,344,0,1,0,345,A
1-PB2,2008,343,0,0,0,343,A
1-PB2,2009,344,0,0,0,344,A
1-PB2,2010,344,0,0,0,344,A
1-PB2,2011,0,0,343,0,343,G
1-PB2,2012,342,0,1,0,343,A
1-PB2,2013,0,342,0,0,342,T
1-PB2,2014,0,1,343,0,344,G
1-PB2,2015,0,1,0,340,341,C
1-PB2,2016,0,0,0,341,341,C
1-PB2,2017,1,0,339,0,340,G
1-PB2,2018,0,0,343,0,343,G
1-PB2,2019,0,0,0,341,341,C
1-PB2,2020,341,0,0,0,341,A
1-PB2,2021,0,0,0,346,346,C
1-PB2,2022,0,342,0,0,342,T
1-PB2,2023,0,345,0,0,345,T
1-PB2,2024,0,343,0,0,343,T
1-PB2,2025,344,0,1,0,345,A
1-PB2,2026,346,0,0,0,346,A
1-PB2,2027,0,344,0,0,344,T
1-PB2,2028,0,343,0,1,344,T
1-PB2,2029,0,0,342,0,342,G
1-PB2,2030,338,0,0,0,338,A
1-PB2,2031,338,0,1,0,339,A
1-PB2,2032,0,0,336,0,336,G
1-PB2,2033,341,0,0,0,341,A
1-PB2,2034,0,0,0,337,337,C
1-PB2,2035,0,1,0,333,334,C
1-PB2,2036,0,0,0,337,337,C
1-PB2,2037,338,0,0,1,339,A
1-PB2,2038,0,0,341,0,341,G
1-PB2,2039,341,0,0,0,341,A
1-PB2,2040,0,339,0,0,339,T
1-PB2,2041,0,0,338,0,338,G
1-PB2,2042,333,0,0,0,333,A
1-PB2,2043,333,0,0,0,333,A
1-PB2,2044,335,0,0,0,335,A
1-PB2,2045,0,1,335,0,336,G
1-PB2,2046,0,1,0,335,336,C
1-PB2,2047,328,1,0,0,329,A
1-PB2,2048,0,0,0,330,330,C
1-PB2,2049,331,0,0,0,331,A
1-PB2,2050,0,327,0,1,328,T
1-PB2,2051,0,0,0,331,331,C
1-PB2,2052,0,0,0,331,331,C
1-PB2,2053,0,0,334,0,334,G
1-PB2,2054,0,0,336,0,336,G
1-PB2,2055,333,0,0,0,333,A
1-PB2,2056,0,0,332,0,332,G
1-PB2,2057,0,329,0,1,330,T
1-PB2,2058,1,0,328,0,329,G
1-PB2,2059,0,1,333,0,334,G
1-PB2,2060,331,0,1,0,332,A
1-PB2,2061,0,0,334,0,334,G
1-PB2,2062,0,329,0,0,329,T
1-PB2,2063,0,0,0,329,329,C
1-PB2,2064,0,324,0,0,324,T
1-PB2,2065,0,0,326,0,326,G
1-PB2,2066,0,1,0,324,325,C
1-PB2,2067,0,0,0,323,323,C
1-PB2,2068,0,0,328,0,328,G
1-PB2,2069,0,324,0,0,324,T
1-PB2,2070,0,0,0,326,326,C
1-PB2,2071,0,327,0,0,327,T
1-PB2,2072,0,324,0,0,324,T
1-PB2,2073,0,1,324,0,325,G
1-PB2,2074,319,0,0,0,319,A
1-PB2,2075,0,0,320,0,320,G
1-PB2,2076,317,0,0,0,317,A
1-PB2,2077,0,0,311,0,311,G
1-PB2,2078,0,0,314,0,314,G
1-PB2,2079,0,0,311,0,311,G
1-PB2,2080,0,308,0,1,309,T
1-PB2,2081,0,308,0,0,308,T
1-PB2,2082,0,315,0,0,315,T
1-PB2,2083,0,0,0,316,316,C
1-PB2,2084,0,312,0,3,315,T
1-PB2,2085,2,0,0,317,319,C
1-PB2,2086,318,0,0,0,318,A
1-PB2,2087,0,309,0,0,309,T
1-PB2,2088,0,310,0,1,311,T
1-PB2,2089,313,0,0,0,313,A
1-PB2,2090,0,313,0,0,313,T
1-PB2,2091,306,0,0,0,306,A
1-PB2,2092,0,0,308,0,308,G
1-PB2,2093,0,0,309,0,309,G
1-PB2,2094,0,289,0,0,289,T
1-PB2,2095,287,0,0,0,287,A
1-PB2,2096,285,1,0,0,286,A
1-PB2,2097,0,0,286,0,286,G
1-PB2,2098,0,0,286,0,286,G
1-PB2,2099,279,0,0,0,279,A
1-PB2,2100,270,0,0,0,270,A
1-PB2,2101,0,0,268,0,268,G
1-PB2,2102,267,0,0,0,267,A
1-PB2,2103,0,0,0,268,268,C
1-PB2,2104,267,0,0,0,267,A
1-PB2,2105,1,0,266,0,267,G
1-PB2,2106,265,0,0,0,265,A
1-PB2,2107,262,1,0,0,263,A
1-PB2,2108,0,0,263,0,263,G
1-PB2,2109,0,0,256,0,256,G
1-PB2,2110,0,261,0,0,261,T
1-PB2,2111,262,0,0,0,262,A
1-PB2,2112,0,0,0,260,260,C
1-PB2,2113,0,0,259,0,259,G
1-PB2,2114,0,0,264,0,264,G
1-PB2,2115,265,0,1,0,266,A
1-PB2,2116,0,0,0,264,264,C
1-PB2,2117,0,0,0,260,260,C
1-PB2,2118,249,1,1,0,251,A
1-PB2,2119,0,0,253,0,253,G
1-PB2,2120,0,1,0,251,252,C
1-PB2,2121,255,0,0,0,255,A
1-PB2,2122,0,253,0,0,253,T
1-PB2,2123,0,246,0,0,246,T
1-PB2,2124,245,0,0,0,245,A
1-PB2,2125,246,0,0,0,246,A
1-PB2,2126,0,0,247,0,247,G
1-PB2,2127,1,0,0,248,249,C
1-PB2,2128,237,0,0,0,237,A
1-PB2,2129,0,243,0,0,243,T
1-PB2,2130,0,0,0,244,244,C
1-PB2,2131,244,0,0,0,244,A
1-PB2,2132,244,0,0,0,244,A
1-PB2,2133,0,243,0,0,243,T
1-PB2,2134,0,0,242,0,242,G
1-PB2,2135,240,0,1,0,241,A
1-PB2,2136,240,0,0,0,240,A
1-PB2,2137,0,0,0,241,241,C
1-PB2,2138,0,220,0,0,220,T
1-PB2,2139,0,0,228,0,228,G
1-PB2,2140,225,0,0,0,225,A
1-PB2,2141,0,0,226,0,226,G
1-PB2,2142,0,226,0,0,226,T
1-PB2,2143,224,0,0,0,224,A
1-PB2,2144,224,0,0,0,224,A
1-PB2,2145,0,0,0,224,224,C
1-PB2,2146,0,0,0,219,219,C
1-PB2,2147,0,216,0,0,216,T
1-PB2,2148,0,212,0,0,212,T
1-PB2,2149,0,0,212,0,212,G
1-PB2,2150,0,0,0,211,211,C
1-PB2,2151,211,0,0,0,211,A
1-PB2,2152,212,0,0,0,212,A
1-PB2,2153,209,0,0,0,209,A
1-PB2,2154,206,0,0,0,206,A
1-PB2,2155,0,0,206,0,206,G
1-PB2,2156,0,0,205,0,205,G
1-PB2,2157,0,0,205,0,205,G
1-PB2,2158,0,0,205,0,205,G
1-PB2,2159,206,0,0,0,206,A
1-PB2,2160,204,0,0,0,204,A
1-PB2,2161,205,0,0,0,205,A
1-PB2,2162,205,0,0,0,205,A
1-PB2,2163,0,0,205,0,205,G
1-PB2,2164,0,0,205,0,205,G
1-PB2,2165,0,0,0,200,200,C
1-PB2,2166,0,201,0,1,202,T
1-PB2,2167,202,0,0,0,202,A
1-PB2,2168,202,0,0,0,202,A
1-PB2,2169,0,202,0,0,202,T
1-PB2,2170,0,0,204,0,204,G
1-PB2,2171,0,192,0,1,193,T
1-PB2,2172,0,0,190,0,190,G
1-PB2,2173,0,0,0,190,190,C
1-PB2,2174,0,189,0,0,189,T
1-PB2,2175,192,0,0,0,192,A
1-PB2,2176,192,0,0,0,192,A
1-PB2,2177,0,188,0,0,188,T
1-PB2,2178,0,0,0,188,188,C
1-PB2,2179,0,0,184,0,184,G
1-PB2,2180,0,0,184,0,184,G
1-PB2,2181,0,0,184,0,184,G
1-PB2,2182,0,0,0,185,185,C
1-PB2,2183,183,0,0,0,183,A
1-PB2,2184,181,0,0,0,181,A
1-PB2,2185,0,0,181,0,181,G
1-PB2,2186,0,0,182,0,182,G
1-PB2,2187,180,0,1,0,181,A
1-PB2,2188,0,0,181,0,181,G
1-PB2,2189,173,0,0,0,173,A
1-PB2,2190,0,0,0,171,171,C
1-PB2,2191,0,0,171,0,171,G
1-PB2,2192,0,170,0,0,170,T
1-PB2,2193,0,0,170,0,170,G
1-PB2,2194,0,0,171,0,171,G
1-PB2,2195,0,168,0,0,168,T
1-PB2,2196,0,0,168,0,168,G
1-PB2,2197,0,163,0,0,163,T
1-PB2,2198,0,161,0,0,161,T
1-PB2,2199,0,0,161,0,161,G
1-PB2,2200,0,0,159,0,159,G
1-PB2,2201,0,158,0,0,158,T
1-PB2,2202,158,0,0,0,158,A
1-PB2,2203,154,0,0,0,154,A
1-PB2,2204,0,148,0,0,148,T
1-PB2,2205,0,0,148,0,148,G
1-PB2,2206,145,0,0,0,145,A
1-PB2,2207,142,0,0,0,142,A
1-PB2,2208,144,0,0,0,144,A
1-PB2,2209,0,0,0,143,143,C
1-PB2,2210,0,0,140,0,140,G
1-PB2,2211,142,0,0,0,142,A
1-PB2,2212,144,0,0,0,144,A
1-PB2,2213,142,0,0,0,142,A
1-PB2,2214,143,0,0,0,143,A
1-PB2,2215,0,0,0,143,143,C
1-PB2,2216,0,0,143,0,143,G
1-PB2,2217,0,0,144,0,144,G
1-PB2,2218,0,0,144,0,144,G
1-PB2,2219,144,0,0,0,144,A
1-PB2,2220,0,0,1,142,143,C
1-PB2,2221,0,142,0,1,143,T
1-PB2,2222,0,0,0,145,145,C
1-PB2,2223,0,145,0,0,145,T
1-PB2,2224,145,0,0,0,145,A
1-PB2,2225,0,0,145,0,145,G
1-PB2,2226,0,0,0,141,141,C
1-PB2,2227,141,0,0,0,141,A
1-PB2,2228,0,140,0,0,140,T
1-PB2,2229,137,0,0,0,137,A
1-PB2,2230,0,0,0,137,137,C
1-PB2,2231,0,117,0,0,117,T
1-PB2,2232,0,117,0,0,117,T
1-PB2,2233,115,0,0,0,115,A
1-PB2,2234,0,0,0,114,114,C
1-PB2,2235,0,112,0,1,113,T
1-PB2,2236,0,0,111,0,111,G
1-PB2,2237,110,0,0,0,110,A
1-PB2,2238,0,0,0,109,109,C
1-PB2,2239,98,0,2,0,100,A
1-PB2,2240,0,0,100,0,100,G
1-PB2,2241,0,0,0,100,100,C
1-PB2,2242,0,0,0,99,99,C
1-PB2,2243,100,0,0,0,100,A
1-PB2,2244,0,0,99,0,99,G
1-PB2,2245,100,0,0,0,100,A
1-PB2,2246,0,0,0,99,99,C
1-PB2,2247,92,0,0,0,92,A
1-PB2,2248,0,0,92,0,92,G
1-PB2,2249,0,0,0,89,89,C
1-PB2,2250,0,0,90,0,90,G
1-PB2,2251,90,0,0,0,90,A
1-PB2,2252,0,0,0,89,89,C
1-PB2,2253,0,0,0,89,89,C
1-PB2,2254,88,0,0,0,88,A
1-PB2,2255,89,0,0,0,89,A
1-PB2,2256,88,0,0,0,88,A
1-PB2,2257,89,0,0,0,89,A
1-PB2,2258,0,0,89,0,89,G
1-PB2,2259,89,0,0,0,89,A
1-PB2,2260,87,0,1,0,88,A
1-PB2,2261,0,88,0,0,88,T
1-PB2,2262,0,87,0,0,87,T
1-PB2,2263,0,0,0,87,87,C
1-PB2,2264,0,0,84,0,84,G
1-PB2,2265,0,0,83,0,83,G
1-PB2,2266,84,0,0,0,84,A
1-PB2,2267,0,79,0,0,79,T
1-PB2,2268,0,0,79,0,79,G
1-PB2,2269,0,0,79,0,79,G
1-PB2,2270,0,0,0,77,77,C
1-PB2,2271,0,0,0,77,77,C
1-PB2,2272,78,0,0,0,78,A
1-PB2,2273,0,78,0,0,78,T
1-PB2,2274,0,0,0,78,78,C
1-PB2,2275,77,0,0,0,77,A
1-PB2,2276,77,0,0,0,77,A
1-PB2,2277,0,75,0,0,75,T
1-PB2,2278,0,69,0,0,69,T
1-PB2,2279,67,0,0,0,67,A
1-PB2,2280,67,0,0,0,67,A
2-PB1,1,274,0,0,0,274,A
2-PB1,2,0,275,0,0,275,T
2-PB1,3,0,0,277,0,277,G
2-PB1,4,0,1,296,0,297,G
2-PB1,5,346,0,0,0,346,A
2-PB1,6,0,377,0,0,377,T
2-PB1,7,0,0,381,0,381,G
2-PB1,8,0,382,0,1,383,T
2-PB1,9,0,0,0,404,404,C
2-PB1,10,406,0,0,0,406,A
2-PB1,11,423,0,0,0,423,A
2-PB1,12,0,423,0,0,423,T
2-PB1,13,0,0,0,425,425,C
2-PB1,14,0,1,0,431,432,C
2-PB1,15,0,1,432,0,433,G
2-PB1,16,511,0,0,0,511,A
2-PB1,17,0,1,0,512,513,C
2-PB1,18,0,511,0,1,512,T
2-PB1,19,0,0,0,618,618,C
2-PB1,20,1,617,0,0,618,T
2-PB1,21,618,0,0,0,618,A
2-PB1,22,0,615,0,3,618,T
2-PB1,23,0,627,0,0,627,T
2-PB1,24,0,0,664,0,664,G
2-PB1,25,0,671,0,0,671,T
2-PB1,26,0,671,0,1,672,T
2-PB1,27,0,1,0,669,670,C
2-PB1,28,0,0,0,669,669,C
2-PB1,29,0,740,0,0,740,T
2-PB1,30,744,0,0,0,744,A
2-PB1,31,745,0,0,0,745,A
2-PB1,32,746,0,3,0,749,A
2-PB1,33,0,1,752,0,753,G
2-PB1,34,0,0,765,0,765,G
2-PB1,35,0,764,0,0,764,T
2-PB1,36,0,766,0,0,766,T
2-PB1,37,0,0,1,767,768,C
2-PB1,38,0,2,1,765,768,C
2-PB1,39,769,0,0,0,769,A
2-PB1,40,0,0,780,0,780,G
2-PB1,41,0,0,0,782,782,C
2-PB1,42,0,0,781,0,781,G
2-PB1,43,0,0,0,785,785,C
2-PB1,44,785,1,0,0,786,A
2-PB1,45,784,1,0,0,785,A
2-PB1,46,784,0,0,0,784,A
2-PB1,47,789,0,0,0,789,A
2-PB1,48,0,795,0,0,795,T
2-PB1,49,0,0,833,0,833,G
2-PB1,50,0,0,0,840,840,C
2-PB1,51,0,0,0,839,839,C
2-PB1,52,840,0,0,0,840,A
2-PB1,53,0,842,0,0,842,T
2-PB1,54,917,0,0,0,917,A
2-PB1,55,918,0,0,0,918,A
2-PB1,56,0,1,963,0,964,G
2-PB1,57,0,0,0,963,963,C
2-PB1,58,965,1,0,0,966,A
2-PB1,59,0,0,0,1003,1003,C
2-PB1,60,1001,1,0,0,1002,A
2-PB1,61,1057,0,0,0,1057,A
2-PB1,62,0,0,0,1060,1060,C
2-PB1,63,1062,0,0,0,1062,A
2-PB1,64,0,1072,0,1,1073,T
2-PB1,65,0,1069,0,0,1069,T
2-PB1,66,3,1,0,1330,1334,C
2-PB1,67,0,1,0,1332,1333,C
2-PB1,68,0,0,1,1345,1346,C
2-PB1,69,0,1360,0,2,1362,T
2-PB1,70,0,1363,0,0,1363,T
2-PB1,71,1481,0,0,0,1481,A
2-PB1,72,0,1491,0,0,1491,T
2-PB1,73,1500,3,0,0,1503,A
2-PB1,74,1,0,0,1515,1516,C
2-PB1,75,0,1493,0,1,1494,T
2-PB1,76,0,1,1508,0,1509,G
2-PB1,77,0,1,1510,0,1511,G
2-PB1,78,1511,0,1,0,1512,A
2-PB1,79,0,1,1518,0,1519,G
2-PB1,80,1511,1,0,0,1512,A
2-PB1,81,0,1517,0,1,1518,T
2-PB1,82,0,0,0,1606,1606,C
2-PB1,83,0,0,0,1608,1608,C
2-PB1,84,0,1613,0,1,1614,T
2-PB1,85,0,0,0,1722,1722,C
2-PB1,86,0,0,0,1726,1726,C
2-PB1,87,1743,0,0,0,1743,A
2-PB1,88,0,1742,0,1,1743,T
2-PB1,89,1736,2,0,0,1738,A
2-PB1,90,0,5,0,1741,1746,C
2-PB1,91,1730,0,2,0,1732,A
2-PB1,92,1,1,1812,1,1815,G
2-PB1,93,0,0,0,1839,1839,C
2-PB1,94,2,1,0,1832,1835,C
2-PB1,95,1838,1,1,0,1840,A
2-PB1,96,1,1838,0,0,1839,T
2-PB1,97,2,4,1835,0,1841,G
2-PB1,98,1,0,1941,0,1942,G
2-PB1,99,1955,1,2,0,1958,A
2-PB1,100,1959,1,1,0,1961,A
2-PB1,101,0,0,0,1975,1975,C
2-PB1,102,1951,0,10,0,1961,A
2-PB1,103,0,2,2007,1,2010,G
2-PB1,104,0,0,2042,1,2043,G
2-PB1,105,2046,0,1,0,2047,A
2-PB1,106,2050,1,5,0,2056,A
2-PB1,107,0,0,0,2074,2074,C
2-PB1,108,2065,0,2,0,2067,A
2-PB1,109,1,1,2338,0,2340,G
2-PB1,110,1,6,2332,0,2339,G
2-PB1,111,1,2,2375,0,2378,G
2-PB1,112,0,2378,0,0,2378,T
2-PB1,113,2377,0,2,0,2379,A
2-PB1,114,0,2,1,2402,2405,C
2-PB1,115,2480,0,2,0,2482,A
2-PB1,116,0,0,0,2585,2585,C
2-PB1,117,1,1,0,2570,2572,C
2-PB1,118,2536,0,0,0,2536,A
2-PB1,119,0,2526,0,2,2528,T
2-PB1,120,2,3,2521,0,2526,G
2-PB1,121,1,1,2530,0,2532,G
2-PB1,122,2529,0,4,1,2534,A
2-PB1,123,0,0,0,2542,2542,C
2-PB1,124,2510,1,1,0,2512,A
2-PB1,125,0,0,0,2554,2554,C
2-PB1,126,2560,0,2,0,2562,A
2-PB1,127,3,0,2618,0,2621,G
2-PB1,128,1,2610,0,1,2612,T
2-PB1,129,1,2,0,2700,2703,C
2-PB1,130,2703,0,2,0,2705,A
2-PB1,131,2730,2,2,0,2734,A
2-PB1,132,0,1,0,2735,2736,C
2-PB1,133,2738,1,0,0,2739,A
2-PB1,134,1,2,2762,0,2765,G
2-PB1,135,2740,1,2,1,2744,A
2-PB1,136,2744,0,1,0,2745,A
2-PB1,137,1,0,0,2746,2747,C
2-PB1,138,2732,0,0,0,2732,A
2-PB1,139,1,0,0,2726,2727,C
2-PB1,140,2724,0,1,0,2725,A
2-PB1,141,1,2699,0,1,2701,T
2-PB1,142,4,1,0,2935,2940,C
2-PB1,143,2948,0,0,0,2948,A
2-PB1,144,2977,0,2,1,2980,A
2-PB1,145,0,3028,0,1,3029,T
2-PB1,146,3116,1,2,0,3119,A
2-PB1,147,0,3123,0,2,3125,T
2-PB1,148,1,3107,0,2,3110,T
2-PB1,149,0,0,0,3117,3117,C
2-PB1,150,3088,0,2,0,3090,A
2-PB1,151,0,3,3088,0,3091,G
2-PB1,152,3079,0,1,0,3080,A
2-PB1,153,0,2,3073,0,3075,G
2-PB1,154,3038,0,3,0,3041,A
2-PB1,155,17,4,2988,0,3009,G
2-PB1,156,1,4,3003,0,3008,G
2-PB1,157,2,1,3122,0,3125,G
2-PB1,158,1,3,3126,0,3130,G
2-PB1,159,1,0,3147,0,3148,G
2-PB1,160,3139,2,1,0,3142,A
2-PB1,161,3138,1,6,0,3145,A
2-PB1,162,1,0,3169,0,3170,G
2-PB1,163,1,3155,0,0,3156,T
2-PB1,164,0,3,3144,0,3147,G
2-PB1,165,0,1,3142,0,3143,G
2-PB1,166,3134,2,8,0,3144,A
2-PB1,167,1,4,0,3143,3148,C
2-PB1,168,0,3,3151,0,3154,G
2-PB1,169,3180,1,2,0,3183,A
2-PB1,170,0,1,0,3212,3213,C
2-PB1,171,3202,0,3,0,3205,A
2-PB1,172,3200,1,0,0,3201,A
2-PB1,173,3222,1,0,0,3223,A
2-PB1,174,0,3269,0,1,3270,T
2-PB1,175,3282,0,1,0,3283,A
2-PB1,176,0,0,0,3290,3290,C
2-PB1,177,3267,0,1,0,3268,A
2-PB1,178,0,1,3276,0,3277,G
2-PB1,179,3262,2,1,0,3265,A
2-PB1,180,3293,0,0,0,3293,A
2-PB1,181,3297,0,0,0,3297,A
2-PB1,182,0,0,0,3298,3298,C
2-PB1,183,0,3267,0,0,3267,T
2-PB1,184,3,0,3263,1,3267,G
2-PB1,185,1,2,3254,0,3257,G
2-PB1,186,0,1,3244,0,3245,G
2-PB1,187,2,2,3249,0,3253,G
2-PB1,188,0,0,0,3260,3260,C
2-PB1,189,3252,1,2,0,3255,A
2-PB1,190,0,0,0,3378,3378,C
2-PB1,191,1,8,0,3358,3367,C
2-PB1,192,1,1,0,3369,3371,C
2-PB1,193,5,1,0,3373,3379,C
2-PB1,194,3398,0,4,0,3402,A
2-PB1,195,3434,0,0,0,3434,A
2-PB1,196,0,1,0,3435,3436,C
2-PB1,197,0,3426,0,0,3426,T
2-PB1,198,5,1,1,3430,3437,C
2-PB1,199,3367,0,0,0,3367,A
2-PB1,200,3415,1,4,0,3420,A
2-PB1,201,1,0,0,3416,3417,C
2-PB1,202,2,0,0,3402,3404,C
2-PB1,203,2,0,1,3426,3429,C
2-PB1,204,3423,0,0,0,3423,A
2-PB1,205,3429,1,0,0,3430,A
2-PB1,206,0,3429,0,0,3429,T
2-PB1,207,1,3434,0,1,3436,T
2-PB1,208,0,3,3451,0,3454,G
2-PB1,209,3435,1,0,0,3436,A
2-PB1,210,0,3432,0,1,3433,T
2-PB1,211,1,3,3429,0,3433,G
2-PB1,212,0,7,3457,0,3464,G
2-PB1,213,3495,1,6,1,3503,A
2-PB1,214,1,1,0,3511,3513,C
2-PB1,215,4,2,2,3498,3506,C
2-PB1,216,3512,0,2,0,3514,A
2-PB1,217,0,0,0,3583,3583,C
2-PB1,218,0,3593,0,0,3593,T
2-PB1,219,3649,0,1,0,3650,A
2-PB1,220,0,0,1,3691,3692,C
2-PB1,221,3,1,0,3655,3659,C
2-PB1,222,1,3615,0,2,3618,T
2-PB1,223,2,1,3643,0,3646,G
2-PB1,224,3643,0,3,0,3646,A
2-PB1,225,1,1,3673,0,3675,G
2-PB1,226,0,3,3674,0,3677,G
2-PB1,227,3685,0,3,0,3688,A
2-PB1,228,1,3651,1,13,3666,T
2-PB1,229,3641,0,1,0,3642,A
2-PB1,230,3641,1,4,1,3647,A
2-PB1,231,1,3641,1,1,3644,T
2-PB1,232,0,7,3644,0,3651,G
2-PB1,233,3648,2,3,1,3654,A
2-PB1,234,3636,2,4,0,3642,A
2-PB1,235,1,1,0,3637,3639,C
2-PB1,236,3,0,0,3594,3597,C
2-PB1,237,3604,0,1,1,3606,A
2-PB1,238,3607,1,2,1,3611,A
2-PB1,239,3,0,3633,0,3636,G
2-PB1,240,0,3626,0,1,3627,T
2-PB1,241,1,2,3623,0,3626,G
2-PB1,242,0,1,3672,0,3673,G
2-PB1,243,3670,2,6,0,3678,A
2-PB1,244,1,3650,1,1,3653,T
2-PB1,245,3658,0,3,1,3662,A
2-PB1,246,0,3750,0,0,3750,T
2-PB1,247,1,0,3765,1,3767,G
2-PB1,248,2,2,0,3754,3758,C
2-PB1,249,3752,0,3,0,3755,A
2-PB1,250,0,0,0,3881,3881,C
2-PB1,251,3837,0,1,0,3838,A
2-PB1,252,3911,0,1,0,3912,A
2-PB1,253,3905,2,1,0,3908,A
2-PB1,254,0,1,0,3911,3912,C
2-PB1,255,3827,0,3,0,3830,A
2-PB1,256,1,1,3870,0,3872,G
2-PB1,257,3872,0,4,0,3876,A
2-PB1,258,0,2,0,3874,3876,C
2-PB1,259,2,3796,0,0,3798,T
2-PB1,260,1,2,3874,0,3877,G
2-PB1,261,1,3844,0,2,3847,T
2-PB1,262,0,1,3998,0,3999,G
2-PB1,263,0,3987,1,1,3989,T
2-PB1,264,5,0,0,3980,3985,C
2-PB1,265,1,1,0,3988,3990,C
2-PB1,266,0,3959,0,4,3963,T
2-PB1,267,2,2,3961,0,3965,G
2-PB1,268,0,0,3964,0,3964,G
2-PB1,269,3911,2,3,0,3916,A
2-PB1,270,0,2,3961,2,3965,G
2-PB1,271,0,0,3900,1,3901,G
2-PB1,272,1,1,0,3906,3908,C
2-PB1,273,0,3889,0,3,3892,T
2-PB1,274,3895,2,2,0,3899,A
2-PB1,275,0,3900,0,1,3901,T
2-PB1,276,2,1,3897,0,3900,G
2-PB1,277,2,1,3887,0,3890,G
2-PB1,278,0,1,0,3892,3893,C
2-PB1,279,1,2,0,3839,3842,C
2-PB1,280,0,3789,1,6,3796,T
2-PB1,281,2,4004,0,0,4006,T
2-PB1,282,2,0,0,4011,4013,C
2-PB1,283,3,0,0,4021,4024,C
2-PB1,284,1,4020,2,2,4025,T
2-PB1,285,0,4019,0,3,4022,T
2-PB1,286,1,2,4033,0,4036,G
2-PB1,287,4036,1,1,0,4038,A
2-PB1,288,4036,0,1,0,4037,A
2-PB1,289,0,5,4035,0,4040,G
2-PB1,290,3907,0,1,1,3909,A
2-PB1,291,3939,1,2,0,3942,A
2-PB1,292,2,3936,0,1,3939,T
2-PB1,293,2,2,0,3939,3943,C
2-PB1,294,4,1,1,3930,3936,C
2-PB1,295,3,1,1,3938,3943,C
2-PB1,296,3960,0,4,1,3965,A
2-PB1,297,0,1,0,3961,3962,C
2-PB1,298,4,0,0,3960,3964,C
2-PB1,299,3,2,1,3975,3981,C
2-PB1,300,3943,1,0,0,3944,A
2-PB1,301,0,0,3991,0,3991,G
2-PB1,302,1,2,4002,0,4005,G
2-PB1,303,0,4005,0,1,4006,T
2-PB1,304,4027,2,2,0,4031,A
2-PB1,305,0,4004,0,0,4004,T
2-PB1,306,1,0,0,4012,4013,C
2-PB1,307,0,4030,0,0,4030,T
2-PB1,308,0,4037,0,2,4039,T
2-PB1,309,1,4031,1,0,4033,T
2-PB1,310,1,5,4023,0,4029,G
2-PB1,311,3987,1,3,1,3992,A
2-PB1,312,0,1,4008,0,4009,G
2-PB1,313,3971,0,1,0,3972,A
2-PB1,314,3979,0,3,0,3982,A
2-PB1,315,0,0,0,4007,4007,C
2-PB1,316,2,3972,0,3,3977,T
2-PB1,317,3,0,0,3983,3986,C
2-PB1,318,3984,1,2,0,3987,A
2-PB1,319,0,3982,0,2,3984,T
2-PB1,320,1,0,3991,0,3992,G
2-PB1,321,2,0,0,4043,4045,C
2-PB1,322,0,0,0,4058,4058,C
2-PB1,323,1,4029,0,2,4032,T
2-PB1,324,0,4002,0,3,4005,T
2-PB1,325,0,4,4018,0,4022,G
2-PB1,326,4044,0,0,0,4044,A
2-PB1,327,4052,0,1,0,4053,A
2-PB1,328,4039,0,3,1,4043,A
2-PB1,329,0,1,0,4080,4081,C
2-PB1,330,3990,0,3,1,3994,A
2-PB1,331,4016,0,3,0,4019,A
2-PB1,332,0,4022,0,1,4023,T
2-PB1,333,2,1,4016,2,4021,G
2-PB1,334,0,3,4014,0,4017,G
2-PB1,335,3968,0,3,1,3972,A
2-PB1,336,3972,0,0,0,3972,A
2-PB1,337,0,1,3979,0,3980,G
2-PB1,338,1,0,0,3973,3974,C
2-PB1,339,4,1,1,3956,3962,C
2-PB1,340,1,1,4001,0,4003,G
2-PB1,341,1,3990,0,2,3993,T
2-PB1,342,1,3997,1,3,4002,T
2-PB1,343,4,1,0,4029,4034,C
2-PB1,344,4037,0,1,0,4038,A
2-PB1,345,4080,1,2,0,4083,A
2-PB1,346,0,1,1,4084,4086,C
2-PB1,347,4071,2,4,0,4077,A
2-PB1,348,0,2,4109,0,4111,G
2-PB1,349,4055,1,6,0,4062,A
2-PB1,350,1,1,1,4059,4062,C
2-PB1,351,4057,2,3,0,4062,A
2-PB1,352,4089,0,5,1,4095,A
2-PB1,353,1,7,4116,0,4124,G
2-PB1,354,1,4,4093,2,4100,G
2-PB1,355,0,0,4117,0,4117,G
2-PB1,356,1,4024,0,7,4032,T
2-PB1,357,5,3,4034,0,4042,G
2-PB1,358,0,3,4051,0,4054,G
2-PB1,359,4049,0,8,0,4057,A
2-PB1,360,0,2,0,4057,4059,C
2-PB1,361,3977,0,2,0,3979,A
2-PB1,362,4014,2,2,0,4018,A
2-PB1,363,4015,0,2,0,4017,A
2-PB1,364,0,2,1,4004,4007,C
2-PB1,365,0,3995,1,0,3996,T
2-PB1,366,4000,0,0,0,4000,A
2-PB1,367,4026,0,4,0,4030,A
2-PB1,368,1,0,0,4039,4040,C
2-PB1,369,5,1,0,4017,4023,C
2-PB1,370,2,1,0,4028,4031,C
2-PB1,371,3948,3,1,0,3952,A
2-PB1,372,3946,1,1,1,3949,A
2-PB1,373,0,4,3940,0,3944,G
2-PB1,374,1,1,3945,0,3947,G
2-PB1,375,1,3935,0,2,3938,T
2-PB1,376,9,0,2,3892,3903,C
2-PB1,377,5,0,3904,0,3909,G
2-PB1,378,2,2,0,3896,3900,C
2-PB1,379,1,3,0,3912,3916,C
2-PB1,380,3912,0,3,0,3915,A
2-PB1,381,0,2,3981,0,3983,G
2-PB1,382,4042,1,2,0,4045,A
2-PB1,383,0,0,0,4045,4045,C
2-PB1,384,0,4008,0,0,4008,T
2-PB1,385,1,3998,0,1,4000,T
2-PB1,386,3990,3,3,0,3996,A
2-PB1,387,1,4017,1,1,4020,T
2-PB1,388,0,3,4019,0,4022,G
2-PB1,389,4020,1,1,0,4022,A
2-PB1,390,0,3929,1,4,3934,T
2-PB1,391,1,3815,0,3,3819,T
2-PB1,392,1,4,3810,2,3817,G
2-PB1,393,3,6,3820,0,3829,G
2-PB1,394,3881,1,7,0,3889,A
2-PB1,395,1,2,1,3880,3884,C
2-PB1,396,3844,0,1,2,3847,A
2-PB1,397,2,3821,0,0,3823,T
2-PB1,398,1,3857,0,0,3858,T
2-PB1,399,3886,3,0,1,3890,A
2-PB1,400,3860,1,16,0,3877,A
2-PB1,401,3888,2,1,2,3893,A
2-PB1,402,0,2,0,3887,3889,C
2-PB1,403,3829,0,2,0,3831,A
2-PB1,404,0,2,3855,0,3857,G
2-PB1,405,3841,0,1,1,3843,A
2-PB1,406,3839,2,2,0,3843,A
2-PB1,407,3849,1,1,1,3852,A
2-PB1,408,0,3815,1,2,3818,T
2-PB1,409,5,1,0,3824,3830,C
2-PB1,410,3831,0,2,0,3833,A
2-PB1,411,3843,0,3,0,3846,A
2-PB1,412,2,1,0,3823,3826,C
2-PB1,413,2,2,0,3792,3796,C
2-PB1,414,4,4,3801,0,3809,G
2-PB1,415,1,2,3806,0,3809,G
2-PB1,416,1,0,0,3818,3819,C
2-PB1,417,3819,0,0,2,3821,A
2-PB1,418,3,3,3802,0,3808,G
2-PB1,419,0,1,0,3847,3848,C
2-PB1,420,3846,2,0,0,3848,A
2-PB1,421,3843,1,2,0,3846,A
2-PB1,422,1,1,0,3843,3845,C
2-PB1,423,0,3839,0,0,3839,T
2-PB1,424,1,0,3979,0,3980,G
2-PB1,425,0,0,0,3971,3971,C
2-PB1,426,3975,0,4,0,3979,A
2-PB1,427,0,3964,0,3,3967,T
2-PB1,428,1,3915,0,2,3918,T
2-PB1,429,4118,1,3,0,4122,A
2-PB1,430,1,0,4128,0,4129,G
2-PB1,431,2,0,1,4102,4105,C
2-PB1,432,3,4,0,4113,4120,C
2-PB1,433,3982,0,1,0,3983,A
2-PB1,434,4000,0,2,0,4002,A
2-PB1,435,1,0,0,4000,4001,C
2-PB1,436,4016,0,4,0,4020,A
2-PB1,437,0,1,0,4113,4114,C
2-PB1,438,6,0,0,3862,3868,C
2-PB1,439,3848,0,8,0,3856,A
2-PB1,440,0,3844,0,1,3845,T
2-PB1,441,3846,1,0,0,3847,A
2-PB1,442,0,1,3857,0,3858,G
2-PB1,443,3829,0,1,0,3830,A
2-PB1,444,3774,0,1,1,3776,A
2-PB1,445,0,0,3814,0,3814,G
2-PB1,446,0,3695,7,0,3702,T
2-PB1,447,0,3703,0,3,3706,T
2-PB1,448,0,3702,1,2,3705,T
2-PB1,449,0,3720,0,3,3723,T
2-PB1,450,0,3734,0,0,3734,T
2-PB1,451,3726,1,3,0,3730,A
2-PB1,452,0,1,3725,0,3726,G
2-PB1,453,3715,0,0,1,3716,A
2-PB1,454,2,3675,0,2,3679,T
2-PB1,455,2,0,0,3642,3644,C
2-PB1,456,1,6,3647,0,3654,G
2-PB1,457,3655,0,2,0,3657,A
2-PB1,458,3658,0,0,0,3658,A
2-PB1,459,0,3,0,3668,3671,C
2-PB1,460,1,1,3666,1,3669,G
2-PB1,461,1,4,3799,0,3804,G
2-PB1,462,3810,1,0,0,3811,A
2-PB1,463,1,3808,1,1,3811,T
2-PB1,464,0,3803,1,0,3804,T
2-PB1,465,3812,1,3,0,3816,A
2-PB1,466,3804,1,6,0,3811,A
2-PB1,467,0,3,2,3823,3828,C
2-PB1,468,3797,1,2,0,3800,A
2-PB1,469,0,1,3824,0,3825,G
2-PB1,470,1,1,0,3663,3665,C
2-PB1,471,2,3659,0,1,3662,T
2-PB1,472,3669,1,1,0,3671,A
2-PB1,473,3667,0,0,0,3667,A
2-PB1,474,1,3657,1,1,3660,T
2-PB1,475,0,2,3704,0,3706,G
2-PB1,476,3686,0,2,0,3688,A
2-PB1,477,3689,0,0,0,3689,A
2-PB1,478,0,3604,1,0,3605,T
2-PB1,479,8,1,0,3621,3630,C
2-PB1,480,3621,0,7,0,3628,A
2-PB1,481,0,2,3625,0,3627,G
2-PB1,482,0,1,3625,0,3626,G
2-PB1,483,3606,0,1,0,3607,A
2-PB1,484,3562,0,3,0,3565,A
2-PB1,485,1,1,3720,0,3722,G
2-PB1,486,0,0,3733,0,3733,G
2-PB1,487,0,0,0,3721,3721,C
2-PB1,488,0,3728,0,3,3731,T
2-PB1,489,3742,0,2,1,3745,A
2-PB1,490,3744,0,2,0,3746,A
2-PB1,491,1,3744,0,0,3745,T
2-PB1,492,3748,0,2,0,3750,A
2-PB1,493,0,3,3760,0,3763,G
2-PB1,494,3557,0,3,1,3561,A
2-PB1,495,1,3519,0,0,3520,T
2-PB1,496,1,3511,1,2,3515,T
2-PB1,497,0,3516,0,1,3517,T
2-PB1,498,3,1,0,3599,3603,C
2-PB1,499,0,0,0,3626,3626,C
2-PB1,500,0,3624,0,3,3627,T
2-PB1,501,2,0,0,3619,3621,C
2-PB1,502,3630,2,0,0,3632,A
2-PB1,503,3648,1,1,0,3650,A
2-PB1,504,0,1,3651,0,3652,G
2-PB1,505,0,1,3693,0,3694,G
2-PB1,506,3681,1,2,0,3684,A
2-PB1,507,1,3566,0,0,3567,T
2-PB1,508,0,2,3602,0,3604,G
2-PB1,509,1,3595,0,2,3598,T
2-PB1,510,3,2,3634,1,3640,G
2-PB1,511,3639,1,2,0,3642,A
2-PB1,512,3,3619,0,2,3624,T
2-PB1,513,1,0,3606,0,3607,G
2-PB1,514,1,4,3591,0,3596,G
2-PB1,515,3595,0,6,0,3601,A
2-PB1,516,3598,0,6,1,3605,A
2-PB1,517,0,3548,1,1,3550,T
2-PB1,518,2,4,0,3555,3561,C
2-PB1,519,3534,1,0,0,3535,A
2-PB1,520,3534,1,2,0,3537,A
2-PB1,521,1,3537,0,0,3538,T
2-PB1,522,1,1,3580,1,3583,G
2-PB1,523,0,3,3580,0,3583,G
2-PB1,524,3573,1,5,0,3579,A
2-PB1,525,1,3576,0,0,3577,T
2-PB1,526,3571,0,0,1,3572,A
2-PB1,527,3569,1,1,0,3571,A
2-PB1,528,3560,2,2,0,3564,A
2-PB1,529,0,1,3586,0,3587,G
2-PB1,530,3555,0,7,1,3563,A
2-PB1,531,0,1,3535,0,3536,G
2-PB1,532,1,4,3535,0,3540,G
2-PB1,533,3528,2,0,0,3530,A
2-PB1,534,3533,0,0,0,3533,A
2-PB1,535,3527,0,7,0,3534,A
2-PB1,536,0,3532,0,0,3532,T
2-PB1,537,2,4,3585,0,3591,G
2-PB1,538,1,5,3583,1,3590,G
2-PB1,539,3566,0,2,0,3568,A
2-PB1,540,0,1,3595,0,3596,G
2-PB1,541,3547,1,0,0,3548,A
2-PB1,542,1,3597,0,2,3600,T
2-PB1,543,3591,0,1,1,3593,A
2-PB1,544,3619,0,3,0,3622,A
2-PB1,545,1,5,0,3615,3621,C
2-PB1,546,3587,0,2,0,3589,A
2-PB1,547,3594,1,3,0,3598,A
2-PB1,548,0,1,0,3599,3600,C
2-PB1,549,3575,1,4,0,3580,A
2-PB1,550,0,0,0,3571,3571,C
2-PB1,551,3511,0,0,4,3515,A
2-PB1,552,0,0,0,3533,3533,C
2-PB1,553,1,3493,0,3,3497,T
2-PB1,554,0,3482,0,1,3483,T
2-PB1,555,1,3506,0,1,3508,T
2-PB1,556,3,2,2,3488,3495,C
2-PB1,557,3506,0,0,0,3506,A
2-PB1,558,3504,1,0,0,3505,A
2-PB1,559,3504,1,2,0,3507,A
2-PB1,560,1,1,3545,0,3547,G
2-PB1,561,3514,0,0,0,3514,A
2-PB1,562,3519,1,1,0,3521,A
2-PB1,563,3519,0,1,0,3520,A
2-PB1,564,3525,1,2,0,3528,A
2-PB1,565,3525,1,4,0,3530,A
2-PB1,566,2,1,3539,0,3542,G
2-PB1,567,0,4,3535,0,3539,G
2-PB1,568,3488,2,6,0,3496,A
2-PB1,569,1,1,3545,0,3547,G
2-PB1,570,3518,1,7,0,3526,A
2-PB1,571,0,2,3634,1,3637,G
2-PB1,572,1,3625,0,2,3628,T
2-PB1,573,3628,1,2,0,3631,A
2-PB1,574,3619,0,16,0,3635,A
2-PB1,575,1,1,3631,0,3633,G
2-PB1,576,1,4,3644,1,3650,G
2-PB1,577,2,1,3641,0,3644,G
2-PB1,578,3614,0,1,0,3615,A
2-PB1,579,1,3,1,3614,3619,C
2-PB1,580,3545,0,3,0,3548,A
2-PB1,581,3548,1,4,0,3553,A
2-PB1,582,0,0,1,3544,3545,C
2-PB1,583,3543,2,1,0,3546,A
2-PB1,584,0,3515,0,1,3516,T
2-PB1,585,0,6,3503,0,3509,G
2-PB1,586,3499,0,5,0,3504,A
2-PB1,587,0,1,0,3496,3497,C
2-PB1,588,9,1,1,3443,3454,C
2-PB1,589,3460,3,1,0,3464,A
2-PB1,590,3477,0,0,0,3477,A
2-PB1,591,2,0,3495,0,3497,G
2-PB1,592,3497,0,1,1,3499,A
2-PB1,593,3500,0,2,0,3502,A
2-PB1,594,3484,1,0,1,3486,A
2-PB1,595,3481,0,2,1,3484,A
2-PB1,596,1,3486,0,0,3487,T
2-PB1,597,1,2,3488,0,3491,G
2-PB1,598,11,0,3495,0,3506,G
2-PB1,599,1,3440,0,4,3445,T
2-PB1,600,9,0,0,3420,3429,C
2-PB1,601,3453,0,0,1,3454,A
2-PB1,602,0,0,0,3658,3658,C
2-PB1,603,3716,1,0,0,3717,A
2-PB1,604,0,1,0,3739,3740,C
2-PB1,605,3729,1,2,0,3732,A
2-PB1,606,3914,1,0,0,3915,A
2-PB1,607,3885,0,1,0,3886,A
2-PB1,608,2,0,4042,0,4044,G
2-PB1,609,494,2,3393,0,3889,G
2-PB1,610,4019,0,5,1,4025,A
2-PB1,611,0,4,0,4121,4125,C
2-PB1,612,4138,0,1,0,4139,A
2-PB1,613,4177,1,2,0,4180,A
2-PB1,614,1,4154,0,0,4155,T
2-PB1,615,4091,2,2,0,4095,A
2-PB1,616,6,4,4092,0,4102,G
2-PB1,617,1,2,3969,0,3972,G
2-PB1,618,0,5,3969,0,3974,G
2-PB1,619,3968,1,0,0,3969,A
2-PB1,620,3935,0,2,0,3937,A
2-PB1,621,0,2,3952,0,3954,G
2-PB1,622,3948,0,1,0,3949,A
2-PB1,623,3956,2,2,0,3960,A
2-PB1,624,3968,0,1,1,3970,A
2-PB1,625,3982,0,1,1,3984,A
2-PB1,626,4077,0,3,0,4080,A
2-PB1,627,4066,4,7,1,4078,A
2-PB1,628,0,1,0,4080,4081,C
2-PB1,629,4072,0,1,0,4073,A
2-PB1,630,4065,1,3,0,4069,A
2-PB1,631,4048,0,3,1,4052,A
2-PB1,632,0,7,4123,0,4130,G
2-PB1,633,4118,3,0,0,4121,A
2-PB1,634,0,0,4265,0,4265,G
2-PB1,635,2,4210,0,1,4213,T
2-PB1,636,0,3,4792,0,4795,G
2-PB1,637,4801,2,5,0,4808,A
2-PB1,638,4828,1,0,0,4829,A
2-PB1,639,0,4887,0,3,4890,T
2-PB1,640,4902,2,0,1,4905,A
2-PB1,641,4885,0,12,0,4897,A
2-PB1,642,0,4,4893,0,4897,G
2-PB1,643,4767,0,11,1,4779,A
2-PB1,644,0,1,4788,0,4789,G
2-PB1,645,4561,1,3,2,4567,A
2-PB1,646,0,4,4585,0,4589,G
2-PB1,647,0,0,4590,0,4590,G
2-PB1,648,0,0,0,4573,4573,C
2-PB1,649,0,4561,0,1,4562,T
2-PB1,650,4699,2,2,0,4703,A
2-PB1,651,1,8,0,4894,4903,C
2-PB1,652,4,1,0,4915,4920,C
2-PB1,653,1,4947,0,11,4959,T
2-PB1,654,5106,0,1,1,5108,A
2-PB1,655,5081,0,2,0,5083,A
2-PB1,656,0,5091,0,0,5091,T
2-PB1,657,5090,0,0,0,5090,A
2-PB1,658,5073,1,3,0,5077,A
2-PB1,659,1,4,5086,0,5091,G
2-PB1,660,4910,0,4,2,4916,A
2-PB1,661,1,1,4962,0,4964,G
2-PB1,662,0,0,0,4961,4961,C
2-PB1,663,0,4888,1,5,4894,T
2-PB1,664,3,4920,0,1,4924,T
2-PB1,665,0,4925,0,1,4926,T
2-PB1,666,3,7,4928,0,4938,G
2-PB1,667,4994,1,5,0,5000,A
2-PB1,668,1,1,2,5014,5018,C
2-PB1,669,4999,1,0,0,5000,A
2-PB1,670,1,4961,3,2,4967,T
2-PB1,671,4,4934,0,5,4943,T
2-PB1,672,1,9,5024,0,5034,G
2-PB1,673,5025,0,2,0,5027,A
2-PB1,674,5032,0,6,0,5038,A
2-PB1,675,1,1,0,5044,5046,C
2-PB1,676,5012,1,1,0,5014,A
2-PB1,677,0,2,0,4998,5000,C
2-PB1,678,33,3,4964,0,5000,G
2-PB1,679,5018,0,9,1,5028,A
2-PB1,680,2,5005,0,4,5011,T
2-PB1,681,1,6,5086,0,5093,G
2-PB1,682,5105,0,12,0,5117,A
2-PB1,683,1,0,0,5117,5118,C
2-PB1,684,9,0,0,5088,5097,C
2-PB1,685,5116,1,3,0,5120,A
2-PB1,686,5178,0,4,1,5183,A
2-PB1,687,5176,0,7,0,5183,A
2-PB1,688,0,0,5308,0,5308,G
2-PB1,689,5361,0,1,0,5362,A
2-PB1,690,0,5283,0,0,5283,T
2-PB1,691,1,1,5296,0,5298,G
2-PB1,692,0,2,0,5274,5276,C
2-PB1,693,5278,1,15,0,5294,A
2-PB1,694,0,2,5318,0,5320,G
2-PB1,695,5277,0,1,0,5278,A
2-PB1,696,0,4,5283,0,5287,G
2-PB1,697,5183,1,1,0,5185,A
2-PB1,698,1,2,5159,0,5162,G
2-PB1,699,5116,5,10,1,5132,A
2-PB1,700,1,2,5120,0,5123,G
2-PB1,701,2,1,5122,0,5125,G
2-PB1,702,0,1,1,5114,5116,C
2-PB1,703,5096,0,1,0,5097,A
2-PB1,704,5099,1,3,1,5104,A
2-PB1,705,5130,0,2,0,5132,A
2-PB1,706,1,5125,0,2,5128,T
2-PB1,707,0,5127,0,3,5130,T
2-PB1,708,5153,1,0,0,5154,A
2-PB1,709,5146,0,0,2,5148,A
2-PB1,710,5155,0,0,1,5156,A
2-PB1,711,5168,0,1,0,5169,A
2-PB1,712,5169,0,2,0,5171,A
2-PB1,713,0,4,5178,0,5182,G
2-PB1,714,5129,1,2,0,5132,A
2-PB1,715,5113,0,2,0,5115,A
2-PB1,716,2,5,5165,0,5172,G
2-PB1,717,9,2,5225,1,5237,G
2-PB1,718,0,1,5246,0,5247,G
2-PB1,719,8,0,1,5271,5280,C
2-PB1,720,0,5250,16,2,5268,T
2-PB1,721,5312,1,1,1,5315,A
2-PB1,722,1,5355,0,1,5357,T
2-PB1,723,2,5354,0,2,5358,T
2-PB1,724,1,2,5357,0,5360,G
2-PB1,725,3,3,0,5332,5338,C
2-PB1,726,5209,1,9,1,5220,A
2-PB1,727,5223,1,4,1,5229,A
2-PB1,728,0,1,0,5226,5227,C
2-PB1,729,5210,0,8,0,5218,A
2-PB1,730,4,2,1,5227,5234,C
2-PB1,731,5,2,1,5129,5137,C
2-PB1,732,2,3,0,5144,5149,C
2-PB1,733,2,0,5130,0,5132,G
2-PB1,734,1,1,5135,1,5138,G
2-PB1,735,0,4,5143,0,5147,G
2-PB1,736,5170,0,1,1,5172,A
2-PB1,737,0,5148,0,2,5150,T
2-PB1,738,2,1,5159,1,5163,G
2-PB1,739,3,1,0,5153,5157,C
2-PB1,740,5195,1,10,1,5207,A
2-PB1,741,5280,1,1,0,5282,A
2-PB1,742,5323,1,1,0,5325,A
2-PB1,743,0,5320,0,1,5321,T
2-PB1,744,0,5323,2,1,5326,T
2-PB1,745,5298,0,0,0,5298,A
2-PB1,746,0,1,5298,0,5299,G
2-PB1,747,5253,0,8,2,5263,A
2-PB1,748,0,5,5278,0,5283,G
2-PB1,749,1,5,5213,1,5220,G
2-PB1,750,0,2,5327,1,5330,G
2-PB1,751,1,5276,1,6,5284,T
2-PB1,752,3,5279,0,3,5285,T
2-PB1,753,7,9,1,5275,5292,C
2-PB1,754,3,0,5335,0,5338,G
2-PB1,755,1,5325,0,8,5334,T
2-PB1,756,1,0,5340,0,5341,G
2-PB1,757,0,5327,0,1,5328,T
2-PB1,758,5306,1,7,0,5314,A
2-PB1,759,1,0,1,5282,5284,C
2-PB1,760,1,5059,1,4,5065,T
2-PB1,761,0,5093,0,1,5094,T
2-PB1,762,6,0,0,5056,5062,C
2-PB1,763,6,0,5037,0,5043,G
2-PB1,764,1,5025,1,1,5028,T
2-PB1,765,0,5009,0,6,5015,T
2-PB1,766,0,4,5024,0,5028,G
2-PB1,767,5018,0,0,0,5018,A
2-PB1,768,4999,1,6,1,5007,A
2-PB1,769,5043,1,3,0,5047,A
2-PB1,770,1,0,0,5052,5053,C
2-PB1,771,1,5027,0,1,5029,T
2-PB1,772,1,5002,0,0,5003,T
2-PB1,773,1,5014,0,3,5018,T
2-PB1,774,5098,1,2,0,5101,A
2-PB1,775,1,0,5114,0,5115,G
2-PB1,776,2,0,0,5109,5111,C
2-PB1,777,0,5116,0,4,5120,T
2-PB1,778,5070,0,1,1,5072,A
2-PB1,779,0,2,5060,3,5065,G
2-PB1,780,5059,1,1,0,5061,A
2-PB1,781,5064,2,2,0,5068,A
2-PB1,782,1,0,5067,1,5069,G
2-PB1,783,0,0,0,4980,4980,C
2-PB1,784,4984,0,2,0,4986,A
2-PB1,785,0,4954,1,1,4956,T
2-PB1,786,1,4960,0,1,4962,T
2-PB1,787,0,4964,0,2,4966,T
2-PB1,788,2,0,4980,0,4982,G
2-PB1,789,4,2,0,4966,4972,C
2-PB1,790,2,3,4973,1,4979,G
2-PB1,791,4965,1,1,0,4967,A
2-PB1,792,4938,0,2,0,4940,A
2-PB1,793,4951,1,8,0,4960,A
2-PB1,794,5034,2,0,0,5036,A
2-PB1,795,0,0,5075,0,5075,G
2-PB1,796,0,1,0,5074,5075,C
2-PB1,797,1,5068,0,7,5076,T
2-PB1,798,0,5074,0,0,5074,T
2-PB1,799,1,5,5075,0,5081,G
2-PB1,800,5071,1,5,0,5077,A
2-PB1,801,5080,0,4,0,5084,A
2-PB1,802,1,1,1,5081,5084,C
2-PB1,803,4947,1,1,1,4950,A
2-PB1,804,1,1,5306,0,5308,G
2-PB1,805,2,5252,0,1,5255,T
2-PB1,806,4,0,0,5267,5271,C
2-PB1,807,1,5268,1,5,5275,T
2-PB1,808,1,3,5277,0,5281,G
2-PB1,809,0,3,5269,0,5272,G
2-PB1,810,5290,2,1,0,5293,A
2-PB1,811,0,1,0,5283,5284,C
2-PB1,812,0,5133,0,2,5135,T
2-PB1,813,2,4876,0,1,4879,T
2-PB1,814,3,2,0,4859,4864,C
2-PB1,815,1,3,0,4873,4877,C
2-PB1,816,5,4,4892,0,4901,G
2-PB1,817,3,2,4907,0,4912,G
2-PB1,818,1,4874,1,2,4878,T
2-PB1,819,1,4871,0,3,4875,T
2-PB1,820,0,2,4846,1,4849,G
2-PB1,821,2,8,4847,0,4857,G
2-PB1,822,1,7,4868,0,4876,G
2-PB1,823,3,1,4868,2,4874,G
2-PB1,824,3,0,4894,0,4897,G
2-PB1,825,0,4861,0,1,4862,T
2-PB1,826,4840,0,3,0,4843,A
2-PB1,827,4852,0,2,0,4854,A
2-PB1,828,0,4853,0,3,4856,T
2-PB1,829,2,4,4857,1,4864,G
2-PB1,830,4811,1,0,0,4812,A
2-PB1,831,4752,1,8,0,4761,A
2-PB1,832,4756,0,2,0,4758,A
2-PB1,833,4732,2,2,0,4736,A
2-PB1,834,0,4,4735,0,4739,G
2-PB1,835,4681,0,3,0,4684,A
2-PB1,836,4629,0,6,0,4635,A
2-PB1,837,1,4,4645,0,4650,G
2-PB1,838,2,0,4632,1,4635,G
2-PB1,839,1,1,0,4603,4605,C
2-PB1,840,5,3,0,4615,4623,C
2-PB1,841,4624,0,7,0,4631,A
2-PB1,842,4620,2,0,2,4624,A
2-PB1,843,4629,0,1,0,4630,A
2-PB1,844,0,1,0,4628,4629,C
2-PB1,845,1,4622,0,5,4628,T
2-PB1,846,4,3,4663,0,4670,G
2-PB1,847,2,2,4659,1,4664,G
2-PB1,848,2,3,0,4659,4664,C
2-PB1,849,4680,0,4,0,4684,A
2-PB1,850,4678,1,1,0,4680,A
2-PB1,851,4684,0,1,0,4685,A
2-PB1,852,0,4682,0,0,4682,T
2-PB1,853,0,0,4695,0,4695,G
2-PB1,854,2,4672,0,0,4674,T
2-PB1,855,0,4550,0,0,4550,T
2-PB1,856,1,0,4562,0,4563,G
2-PB1,857,1,4546,0,2,4549,T
2-PB1,858,1,2,4558,0,4561,G
2-PB1,859,4550,0,1,0,4551,A
2-PB1,860,0,2,4563,0,4565,G
2-PB1,861,4550,2,5,1,4558,A
2-PB1,862,4529,0,2,0,4531,A
2-PB1,863,4535,0,2,0,4537,A
2-PB1,864,4550,2,0,1,4553,A
2-PB1,865,4565,1,2,0,4568,A
2-PB1,866,2,4549,0,0,4551,T
2-PB1,867,0,0,4546,1,4547,G
2-PB1,868,4539,1,1,0,4541,A
2-PB1,869,0,4497,1,1,4499,T
2-PB1,870,2,4,4519,0,4525,G
2-PB1,871,4522,0,5,0,4527,A
2-PB1,872,1,0,0,4543,4544,C
2-PB1,873,2,4531,1,1,4535,T
2-PB1,874,4523,0,2,0,4525,A
2-PB1,875,4546,2,1,0,4549,A
2-PB1,876,0,4525,0,0,4525,T
2-PB1,877,1,4578,0,0,4579,T
2-PB1,878,4,2,0,4598,4604,C
2-PB1,879,4607,1,5,0,4613,A
2-PB1,880,0,0,0,4604,4604,C
2-PB1,881,4559,0,0,1,4560,A
2-PB1,882,4551,0,12,0,4563,A
2-PB1,883,0,0,4569,0,4569,G
2-PB1,884,4584,0,9,0,4593,A
2-PB1,885,1,0,1,4584,4586,C
2-PB1,886,4542,1,5,0,4548,A
2-PB1,887,1,2,0,4528,4531,C
2-PB1,888,4497,2,2,0,4501,A
2-PB1,889,1,2,4527,0,4530,G
2-PB1,890,4508,1,3,0,4512,A
2-PB1,891,0,1,4523,0,4524,G
2-PB1,892,2,2,0,4494,4498,C
2-PB1,893,0,4386,1,7,4394,T
2-PB1,894,1,4439,1,3,4444,T
2-PB1,895,0,4438,1,1,4440,T
2-PB1,896,2,3,0,4455,4460,C
2-PB1,897,0,4435,0,6,4441,T
2-PB1,898,0,4438,0,3,4441,T
2-PB1,899,1,4413,1,9,4424,T
2-PB1,900,4,1,1,4416,4422,C
2-PB1,901,4407,5,2,0,4414,A
2-PB1,902,0,3,1,4423,4427,C
2-PB1,903,4365,0,2,0,4367,A
2-PB1,904,4382,1,2,0,4385,A
2-PB1,905,0,4406,0,0,4406,T
2-PB1,906,5,2,0,4447,4454,C
2-PB1,907,4468,1,1,0,4470,A
2-PB1,908,1,0,0,4501,4502,C
2-PB1,909,1,4447,0,3,4451,T
2-PB1,910,1,3,4483,0,4487,G
2-PB1,911,0,5,4459,0,4464,G
2-PB1,912,1,6,4544,0,4551,G
2-PB1,913,1,5,4536,0,4542,G
2-PB1,914,4456,0,9,0,4465,A
2-PB1,915,1,1,0,4283,4285,C
2-PB1,916,4335,2,4,0,4341,A
2-PB1,917,4568,0,9,0,4577,A
2-PB1,918,0,0,0,4611,4611,C
2-PB1,919,4571,0,2,0,4573,A
2-PB1,920,1,0,1,4572,4574,C
2-PB1,921,0,4384,0,2,4386,T
2-PB1,922,4400,0,3,0,4403,A
2-PB1,923,4396,0,2,0,4398,A
2-PB1,924,0,0,4421,0,4421,G
2-PB1,925,0,4400,0,1,4401,T
2-PB1,926,1,6,4054,2,4063,G
2-PB1,927,1,3,4030,0,4034,G
2-PB1,928,4005,0,4,0,4009,A
2-PB1,929,4007,1,5,0,4013,A
2-PB1,930,1,4001,0,1,4003,T
2-PB1,931,0,4,3995,1,4000,G
2-PB1,932,3996,3,0,0,3999,A
2-PB1,933,3945,0,2,0,3947,A
2-PB1,934,3956,2,1,0,3959,A
2-PB1,935,3975,0,1,0,3976,A
2-PB1,936,3,3955,0,0,3958,T
2-PB1,937,4,2,0,3961,3967,C
2-PB1,938,3960,0,0,0,3960,A
2-PB1,939,3961,0,0,0,3961,A
2-PB1,940,3952,0,1,0,3953,A
2-PB1,941,3943,1,3,0,3947,A
2-PB1,942,2,2,0,3949,3953,C
2-PB1,943,1,0,1,3912,3914,C
2-PB1,944,3,0,0,3902,3905,C
2-PB1,945,0,3891,0,3,3894,T
2-PB1,946,3,3,1,3897,3904,C
2-PB1,947,1,2,3898,0,3901,G
2-PB1,948,3904,0,5,0,3909,A
2-PB1,949,3900,0,0,2,3902,A
2-PB1,950,0,3914,0,1,3915,T
2-PB1,951,1,1,3925,1,3928,G
2-PB1,952,2,3899,2,4,3907,T
2-PB1,953,0,3893,0,3,3896,T
2-PB1,954,2,3898,0,1,3901,T
2-PB1,955,1,3898,0,0,3899,T
2-PB1,956,1,3897,1,1,3900,T
2-PB1,957,9,0,3895,0,3904,G
2-PB1,958,2,0,3888,0,3890,G
2-PB1,959,1,2,0,3890,3893,C
2-PB1,960,1,2,3804,0,3807,G
2-PB1,961,3804,1,0,0,3805,A
2-PB1,962,0,3925,0,2,3927,T
2-PB1,963,0,4,4068,1,4073,G
2-PB1,964,4254,0,4,0,4258,A
2-PB1,965,1,4257,0,2,4260,T
2-PB1,966,1,4257,0,2,4260,T
2-PB1,967,4284,1,8,1,4294,A
2-PB1,968,0,3,0,4294,4297,C
2-PB1,969,4318,1,3,1,4323,A
2-PB1,970,0,4312,0,0,4312,T
2-PB1,971,4080,0,0,0,4080,A
2-PB1,972,2,1,0,4089,4092,C
2-PB1,973,3645,0,1,0,3646,A
2-PB1,974,0,3642,1,4,3647,T
2-PB1,975,2,0,1,3629,3632,C
2-PB1,976,3627,0,2,0,3629,A
2-PB1,977,0,9,0,3618,3627,C
2-PB1,978,3586,0,2,0,3588,A
2-PB1,979,3586,1,2,0,3589,A
2-PB1,980,3581,1,3,0,3585,A
2-PB1,981,2,3,3443,1,3449,G
2-PB1,982,3605,0,1,0,3606,A
2-PB1,983,3608,0,2,0,3610,A
2-PB1,984,0,3603,0,2,3605,T
2-PB1,985,3,8,1,3594,3606,C
2-PB1,986,3611,0,2,1,3614,A
2-PB1,987,3643,0,1,1,3645,A
2-PB1,988,1,0,0,3645,3646,C
2-PB1,989,3,1,0,3643,3647,C
2-PB1,990,1,3445,0,5,3451,T
2-PB1,991,1,1,3481,0,3483,G
2-PB1,992,3464,0,2,0,3466,A
2-PB1,993,0,1,3477,0,3478,G
2-PB1,994,0,3446,1,2,3449,T
2-PB1,995,3,2,3366,0,3371,G
2-PB1,996,1,2,3540,0,3543,G
2-PB1,997,1,3521,0,3,3525,T
2-PB1,998,1,3526,0,5,3532,T
2-PB1,999,2,1,0,3532,3535,C
2-PB1,1000,3481,3,2,0,3486,A
2-PB1,1001,0,4,3537,0,3541,G
2-PB1,1002,3544,0,2,0,3546,A
2-PB1,1003,3538,1,4,1,3544,A
2-PB1,1004,3519,1,4,0,3524,A
2-PB1,1005,0,3,1,3235,3239,C
2-PB1,1006,3263,3,1,0,3267,A
2-PB1,1007,1,3244,0,0,3245,T
2-PB1,1008,0,1,0,3285,3286,C
2-PB1,1009,2,1,0,3281,3284,C
2-PB1,1010,0,3179,1,5,3185,T
2-PB1,1011,9,1,3173,0,3183,G
2-PB1,1012,3154,0,5,0,3159,A
2-PB1,1013,0,0,3186,0,3186,G
2-PB1,1014,0,2,1,3155,3158,C
2-PB1,1015,3070,0,0,1,3071,A
2-PB1,1016,0,3068,0,2,3070,T
2-PB1,1017,3,1,0,3038,3042,C
2-PB1,1018,1,0,3040,0,3041,G
2-PB1,1019,1,1,0,3114,3116,C
2-PB1,1020,3138,0,3,0,3141,A
2-PB1,1021,0,0,0,3260,3260,C
2-PB1,1022,0,1,2,3261,3264,C
2-PB1,1023,3261,0,0,0,3261,A
2-PB1,1024,3315,1,2,0,3318,A
2-PB1,1025,2,3301,0,12,3315,T
2-PB1,1026,3312,1,0,0,3313,A
2-PB1,1027,3308,0,0,1,3309,A
2-PB1,1028,2,3201,1,0,3204,T
2-PB1,1029,0,0,3215,0,3215,G
2-PB1,1030,0,3160,0,1,3161,T
2-PB1,1031,0,3123,0,5,3128,T
2-PB1,1032,1,1,1,3144,3147,C
2-PB1,1033,0,3139,1,1,3141,T
2-PB1,1034,5,0,1,3138,3144,C
2-PB1,1035,3144,1,1,0,3146,A
2-PB1,1036,3135,2,5,0,3142,A
2-PB1,1037,3138,2,2,0,3142,A
2-PB1,1038,0,0,0,3154,3154,C
2-PB1,1039,3142,0,0,0,3142,A
2-PB1,1040,3132,0,2,0,3134,A
2-PB1,1041,3119,3,0,1,3123,A
2-PB1,1042,3129,0,7,0,3136,A
2-PB1,1043,0,3140,0,0,3140,T
2-PB1,1044,1,0,3133,1,3135,G
2-PB1,1045,3,2,3129,0,3134,G
2-PB1,1046,0,3,1,3125,3129,C
2-PB1,1047,3126,1,4,1,3132,A
2-PB1,1048,3139,0,1,0,3140,A
2-PB1,1049,2,2,3138,0,3142,G
2-PB1,1050,3134,0,1,0,3135,A
2-PB1,1051,0,3096,0,0,3096,T
2-PB1,1052,1,3154,0,7,3162,T
2-PB1,1053,0,3,3190,0,3193,G
2-PB1,1054,1,2,3182,0,3185,G
2-PB1,1055,0,2,3224,0,3226,G
2-PB1,1056,3224,0,1,1,3226,A
2-PB1,1057,3219,1,1,1,3222,A
2-PB1,1058,3206,0,1,0,3207,A
2-PB1,1059,3189,0,6,0,3195,A
2-PB1,1060,0,4,3291,0,3295,G
2-PB1,1061,0,2,3296,0,3298,G
2-PB1,1062,3301,0,0,0,3301,A
2-PB1,1063,1,3290,0,1,3292,T
2-PB1,1064,3285,0,3,0,3288,A
2-PB1,1065,0,3,0,3289,3292,C
2-PB1,1066,3325,0,1,0,3326,A
2-PB1,1067,2,3314,0,5,3321,T
2-PB1,1068,0,1,3351,0,3352,G
2-PB1,1069,0,3297,0,7,3304,T
2-PB1,1070,0,3292,0,14,3306,T
2-PB1,1071,4,2,0,3294,3300,C
2-PB1,1072,3,1,3301,0,3305,G
2-PB1,1073,3297,0,0,0,3297,A
2-PB1,1074,1,0,3364,0,3365,G
2-PB1,1075,3312,1,5,0,3318,A
2-PB1,1076,0,0,3346,0,3346,G
2-PB1,1077,0,3344,1,0,3345,T
2-PB1,1078,3330,0,2,0,3332,A
2-PB1,1079,3339,2,2,1,3344,A
2-PB1,1080,0,1,3348,0,3349,G
2-PB1,1081,3346,0,3,0,3349,A
2-PB1,1082,1,1,3387,0,3389,G
2-PB1,1083,3327,1,2,0,3330,A
2-PB1,1084,3345,1,2,1,3349,A
2-PB1,1085,1,3315,0,0,3316,T
2-PB1,1086,1,2,3316,0,3319,G
2-PB1,1087,3321,2,1,0,3324,A
2-PB1,1088,3299,0,3,0,3302,A
2-PB1,1089,2,0,3302,0,3304,G
2-PB1,1090,1,1,0,3298,3300,C
2-PB1,1091,2,3240,0,4,3246,T
2-PB1,1092,4,0,0,3257,3261,C
2-PB1,1093,0,0,0,3278,3278,C
2-PB1,1094,1,1,3273,0,3275,G
2-PB1,1095,0,2,3268,0,3270,G
2-PB1,1096,3288,0,4,0,3292,A
2-PB1,1097,2,0,0,3317,3319,C
2-PB1,1098,3338,0,2,0,3340,A
2-PB1,1099,1,2,0,3353,3356,C
2-PB1,1100,3367,0,2,0,3369,A
2-PB1,1101,3373,0,1,0,3374,A
2-PB1,1102,3367,2,0,0,3369,A
2-PB1,1103,1,3379,1,0,3381,T
2-PB1,1104,3391,0,1,0,3392,A
2-PB1,1105,1,1,0,3371,3373,C
2-PB1,1106,4,1,0,3353,3358,C
2-PB1,1107,1,3335,0,4,3340,T
2-PB1,1108,4,1,3358,1,3364,G
2-PB1,1109,0,2,0,3365,3367,C
2-PB1,1110,3363,0,1,0,3364,A
2-PB1,1111,1,1,3358,0,3360,G
2-PB1,1112,3346,0,2,1,3349,A
2-PB1,1113,3343,0,1,0,3344,A
2-PB1,1114,3347,0,0,0,3347,A
2-PB1,1115,1,3342,1,2,3346,T
2-PB1,1116,0,0,3344,0,3344,G
2-PB1,1117,2,0,0,3330,3332,C
2-PB1,1118,0,3333,0,1,3334,T
2-PB1,1119,3359,0,3,1,3363,A
2-PB1,1120,0,1,3357,0,3358,G
2-PB1,1121,0,1,1,3356,3358,C
2-PB1,1122,3357,2,2,0,3361,A
2-PB1,1123,3349,0,2,0,3351,A
2-PB1,1124,0,1,3344,0,3345,G
2-PB1,1125,1,1,0,3331,3333,C
2-PB1,1126,3307,1,1,0,3309,A
2-PB1,1127,1,3373,0,2,3376,T
2-PB1,1128,0,3378,0,2,3380,T
2-PB1,1129,2,8,3443,1,3454,G
2-PB1,1130,3483,1,1,0,3485,A
2-PB1,1131,1,2,1,3470,3474,C
2-PB1,1132,4,4,0,3478,3486,C
2-PB1,1133,0,3415,0,4,3419,T
2-PB1,1134,0,4,3475,0,3479,G
2-PB1,1135,3489,3,1,0,3493,A
2-PB1,1136,3486,2,1,1,3490,A
2-PB1,1137,0,0,3528,0,3528,G
2-PB1,1138,0,3432,0,0,3432,T
2-PB1,1139,3441,0,0,0,3441,A
2-PB1,1140,0,3415,1,2,3418,T
2-PB1,1141,0,3411,0,2,3413,T
2-PB1,1142,0,3419,0,0,3419,T
2-PB1,1143,4,0,0,3374,3378,C
2-PB1,1144,3388,1,1,0,3390,A
2-PB1,1145,3389,1,0,0,3390,A
2-PB1,1146,0,3356,0,2,3358,T
2-PB1,1147,3,4,3372,0,3379,G
2-PB1,1148,3353,0,2,1,3356,A
2-PB1,1149,3368,0,0,0,3368,A
2-PB1,1150,0,3341,1,4,3346,T
2-PB1,1151,2,0,0,3375,3377,C
2-PB1,1152,3376,1,0,0,3377,A
2-PB1,1153,3377,0,0,2,3379,A
2-PB1,1154,0,1,0,3372,3373,C
2-PB1,1155,3372,0,2,0,3374,A
2-PB1,1156,3367,0,1,0,3368,A
2-PB1,1157,0,0,3380,0,3380,G
2-PB1,1158,1,1,3409,0,3411,G
2-PB1,1159,3404,2,0,0,3406,A
2-PB1,1160,3407,1,4,1,3413,A
2-PB1,1161,1,1,3411,0,3413,G
2-PB1,1162,3399,1,0,0,3400,A
2-PB1,1163,3400,1,1,1,3403,A
2-PB1,1164,3401,0,3,1,3405,A
2-PB1,1165,3401,2,1,0,3404,A
2-PB1,1166,1,3384,3,1,3389,T
2-PB1,1167,0,3373,1,1,3375,T
2-PB1,1168,1,7,3363,0,3371,G
2-PB1,1169,3367,0,6,0,3373,A
2-PB1,1170,1,2,3375,0,3378,G
2-PB1,1171,3374,0,1,0,3375,A
2-PB1,1172,3402,0,0,0,3402,A
2-PB1,1173,3449,0,0,0,3449,A
2-PB1,1174,3456,0,2,0,3458,A
2-PB1,1175,0,3447,1,1,3449,T
2-PB1,1176,3456,1,1,1,3459,A
2-PB1,1177,3452,0,3,1,3456,A
2-PB1,1178,1,2,3465,0,3468,G
2-PB1,1179,3,0,3464,0,3467,G
2-PB1,1180,2,0,1,3441,3444,C
2-PB1,1181,1,1,0,3429,3431,C
2-PB1,1182,0,3424,3,4,3431,T
2-PB1,1183,3,0,0,3837,3840,C
2-PB1,1184,0,3885,1,6,3892,T
2-PB1,1185,0,3915,1,2,3918,T
2-PB1,1186,1,1,0,3982,3984,C
2-PB1,1187,0,3961,0,1,3962,T
2-PB1,1188,3976,1,0,0,3977,A
2-PB1,1189,3985,0,1,0,3986,A
2-PB1,1190,1,3973,1,1,3976,T
2-PB1,1191,3989,0,0,1,3990,A
2-PB1,1192,0,6,3883,1,3890,G
2-PB1,1193,3565,0,0,0,3565,A
2-PB1,1194,0,3565,1,3,3569,T
2-PB1,1195,1,1,3495,0,3497,G
2-PB1,1196,0,0,3549,0,3549,G
2-PB1,1197,3,2,2,3519,3526,C
2-PB1,1198,3565,0,2,0,3567,A
2-PB1,1199,0,3,0,3560,3563,C
2-PB1,1200,3505,2,2,0,3509,A
2-PB1,1201,0,1,3642,0,3643,G
2-PB1,1202,1,5,0,3612,3618,C
2-PB1,1203,3639,1,1,0,3641,A
2-PB1,1204,1,3726,1,2,3730,T
2-PB1,1205,5,2,0,3705,3712,C
2-PB1,1206,3732,0,1,1,3734,A
2-PB1,1207,0,3728,1,3,3732,T
2-PB1,1208,0,3707,0,1,3708,T
2-PB1,1209,1,5,3684,1,3691,G
2-PB1,1210,3583,1,3,0,3587,A
2-PB1,1211,0,1,3674,0,3675,G
2-PB1,1212,1,1,0,3652,3654,C
2-PB1,1213,0,1,0,3615,3616,C
2-PB1,1214,2,0,0,3644,3646,C
2-PB1,1215,2,3605,0,5,3612,T
2-PB1,1216,5,0,3794,0,3799,G
2-PB1,1217,1,2,3847,0,3850,G
2-PB1,1218,3841,0,7,0,3848,A
2-PB1,1219,3924,1,3,0,3928,A
2-PB1,1220,0,3815,0,0,3815,T
2-PB1,1221,2,2,3932,0,3936,G
2-PB1,1222,3973,1,3,1,3978,A
2-PB1,1223,0,3977,0,4,3981,T
2-PB1,1224,0,2,3994,0,3996,G
2-PB1,1225,3964,0,0,0,3964,A
2-PB1,1226,3,3911,0,2,3916,T
2-PB1,1227,1,3,3909,1,3914,G
2-PB1,1228,3,0,3965,2,3970,G
2-PB1,1229,1,1,3983,0,3985,G
2-PB1,1230,1,2,0,3933,3936,C
2-PB1,1231,3968,1,3,0,3972,A
2-PB1,1232,0,3978,0,2,3980,T
2-PB1,1233,1,1,4097,0,4099,G
2-PB1,1234,1,4098,1,5,4105,T
2-PB1,1235,2,4107,0,1,4110,T
2-PB1,1236,7,1,0,4099,4107,C
2-PB1,1237,4107,1,2,0,4110,A
2-PB1,1238,4103,0,3,1,4107,A
2-PB1,1239,1,0,0,4114,4115,C
2-PB1,1240,4132,0,2,0,4134,A
2-PB1,1241,1,4141,1,3,4146,T
2-PB1,1242,1,1,4190,1,4193,G
2-PB1,1243,1,6,0,4188,4195,C
2-PB1,1244,0,4185,0,1,4186,T
2-PB1,1245,4235,1,0,1,4237,A
2-PB1,1246,4236,2,0,0,4238,A
2-PB1,1247,0,1,4321,0,4322,G
2-PB1,1248,0,4317,0,1,4318,T
2-PB1,1249,4302,0,1,0,4303,A
2-PB1,1250,1,3,1,4315,4320,C
2-PB1,1251,2,5,4302,0,4309,G
2-PB1,1252,1,1,4513,1,4516,G
2-PB1,1253,0,4500,1,5,4506,T
2-PB1,1254,0,4494,0,1,4495,T
2-PB1,1255,1,4502,1,0,4504,T
2-PB1,1256,0,4483,0,0,4483,T
2-PB1,1257,4485,1,4,0,4490,A
2-PB1,1258,0,0,4484,0,4484,G
2-PB1,1259,0,3,4475,0,4478,G
2-PB1,1260,4398,1,8,0,4407,A
2-PB1,1261,0,0,4371,0,4371,G
2-PB1,1262,2,4405,0,0,4407,T
2-PB1,1263,5,1,1,4421,4428,C
2-PB1,1264,0,4422,0,2,4424,T
2-PB1,1265,5,1,1,4421,4428,C
2-PB1,1266,1,4,4431,1,4437,G
2-PB1,1267,4550,1,6,0,4557,A
2-PB1,1268,1,4566,0,2,4569,T
2-PB1,1269,4575,0,2,0,4577,A
2-PB1,1270,1,2,0,4571,4574,C
2-PB1,1271,0,4504,0,4,4508,T
2-PB1,1272,1,4,4518,0,4523,G
2-PB1,1273,4520,0,0,1,4521,A
2-PB1,1274,4579,1,0,0,4580,A
2-PB1,1275,0,4571,0,1,4572,T
2-PB1,1276,3,0,0,4504,4507,C
2-PB1,1277,0,4477,1,5,4483,T
2-PB1,1278,1,4478,0,4,4483,T
2-PB1,1279,1,4,4478,0,4483,G
2-PB1,1280,2,2,4483,1,4488,G
2-PB1,1281,4477,1,8,0,4486,A
2-PB1,1282,3,2,0,4487,4492,C
2-PB1,1283,4437,0,0,0,4437,A
2-PB1,1284,4474,1,1,0,4476,A
2-PB1,1285,4488,0,1,0,4489,A
2-PB1,1286,4501,1,7,0,4509,A
2-PB1,1287,0,0,4572,1,4573,G
2-PB1,1288,4553,3,0,0,4556,A
2-PB1,1289,4541,0,0,0,4541,A
2-PB1,1290,4550,0,6,0,4556,A
2-PB1,1291,0,4554,0,0,4554,T
2-PB1,1292,4556,1,1,0,4558,A
2-PB1,1293,0,0,0,4663,4663,C
2-PB1,1294,4642,1,2,0,4645,A
2-PB1,1295,0,1,0,4652,4653,C
2-PB1,1296,0,0,0,4618,4618,C
2-PB1,1297,4596,1,1,2,4600,A
2-PB1,1298,4645,0,0,0,4645,A
2-PB1,1299,0,1,4763,0,4764,G
2-PB1,1300,4809,0,6,0,4815,A
2-PB1,1301,1,5,0,4844,4850,C
2-PB1,1302,4744,0,9,0,4753,A
2-PB1,1303,4882,2,6,0,4890,A
2-PB1,1304,1,4,0,4890,4895,C
2-PB1,1305,4947,0,2,0,4949,A
2-PB1,1306,1,4952,0,1,4954,T
2-PB1,1307,4909,0,2,1,4912,A
2-PB1,1308,2,0,0,4971,4973,C
2-PB1,1309,0,4824,0,3,4827,T
2-PB1,1310,1,3,4895,0,4899,G
2-PB1,1311,0,2,4875,0,4877,G
2-PB1,1312,0,4787,10,6,4803,T
2-PB1,1313,1,5,4776,0,4782,G
2-PB1,1314,2,1,4739,1,4743,G
2-PB1,1315,1,3,4758,0,4762,G
2-PB1,1316,4760,1,3,0,4764,A
2-PB1,1317,1,4679,0,2,4682,T
2-PB1,1318,3,8,4670,0,4681,G
2-PB1,1319,3,3,4639,0,4645,G
2-PB1,1320,3,2,4661,0,4666,G
2-PB1,1321,2,0,0,4708,4710,C
2-PB1,1322,2,4696,0,3,4701,T
2-PB1,1323,4,3,0,4715,4722,C
2-PB1,1324,2,2,0,4710,4714,C
2-PB1,1325,4711,0,2,0,4713,A
2-PB1,1326,4722,1,0,2,4725,A
2-PB1,1327,1,4691,0,6,4698,T
2-PB1,1328,2,1,2,4659,4664,C
2-PB1,1329,4,0,0,4636,4640,C
2-PB1,1330,2,4605,0,4,4611,T
2-PB1,1331,1,1,0,4593,4595,C
2-PB1,1332,3,4,0,4585,4592,C
2-PB1,1333,0,3,4602,0,4605,G
2-PB1,1334,4601,0,2,0,4603,A
2-PB1,1335,1,0,0,4597,4598,C
2-PB1,1336,2,7,4596,0,4605,G
2-PB1,1337,4635,0,0,0,4635,A
2-PB1,1338,0,4627,1,1,4629,T
2-PB1,1339,1,4629,2,0,4632,T
2-PB1,1340,2,4618,1,3,4624,T
2-PB1,1341,2,4637,0,1,4640,T
2-PB1,1342,1,2,4639,0,4642,G
2-PB1,1343,3,3,1,4655,4662,C
2-PB1,1344,3,1,0,4658,4662,C
2-PB1,1345,6,4,0,4772,4782,C
2-PB1,1346,0,4730,0,3,4733,T
2-PB1,1347,3,1,0,4904,4908,C
2-PB1,1348,4936,2,2,0,4940,A
2-PB1,1349,1,4949,0,0,4950,T
2-PB1,1350,4941,0,2,0,4943,A
2-PB1,1351,1,1,4986,0,4988,G
2-PB1,1352,0,4911,0,3,4914,T
2-PB1,1353,1,4,4923,1,4929,G
2-PB1,1354,4767,1,0,0,4768,A
2-PB1,1355,4766,2,1,0,4769,A
2-PB1,1356,1,4588,0,2,4591,T
2-PB1,1357,2,0,4585,0,4587,G
2-PB1,1358,1,3,0,4627,4631,C
2-PB1,1359,4632,0,10,0,4642,A
2-PB1,1360,0,3,0,4633,4636,C
2-PB1,1361,5,1,0,4617,4623,C
2-PB1,1362,4588,1,0,1,4590,A
2-PB1,1363,4583,0,3,1,4587,A
2-PB1,1364,4586,0,2,0,4588,A
2-PB1,1365,0,4491,0,4,4495,T
2-PB1,1366,4,0,0,4605,4609,C
2-PB1,1367,4608,0,3,1,4612,A
2-PB1,1368,1,4614,0,1,4616,T
2-PB1,1369,1,4,4626,0,4631,G
2-PB1,1370,4631,0,6,0,4637,A
2-PB1,1371,0,0,4668,0,4668,G
2-PB1,1372,3,3,4662,0,4668,G
2-PB1,1373,1,3,4684,1,4689,G
2-PB1,1374,4654,0,5,0,4659,A
2-PB1,1375,4716,1,3,0,4720,A
2-PB1,1376,0,4738,0,1,4739,T
2-PB1,1377,4741,1,2,1,4745,A
2-PB1,1378,0,1,0,4748,4749,C
2-PB1,1379,4739,0,2,1,4742,A
2-PB1,1380,4741,1,9,1,4752,A
2-PB1,1381,2,0,4737,0,4739,G
2-PB1,1382,0,1,0,4696,4697,C
2-PB1,1383,4678,1,0,1,4680,A
2-PB1,1384,0,4,4700,0,4704,G
2-PB1,1385,1,1,4706,0,4708,G
2-PB1,1386,4682,1,3,0,4686,A
2-PB1,1387,1,3,4704,0,4708,G
2-PB1,1388,0,4643,0,1,4644,T
2-PB1,1389,2,3,4690,1,4696,G
2-PB1,1390,9,2,4698,0,4709,G
2-PB1,1391,4698,2,6,1,4707,A
2-PB1,1392,1,4712,0,0,4713,T
2-PB1,1393,4647,0,3,0,4650,A
2-PB1,1394,0,2,4684,0,4686,G
2-PB1,1395,4713,1,0,0,4714,A
2-PB1,1396,0,4711,0,3,4714,T
2-PB1,1397,1,4701,0,1,4703,T
2-PB1,1398,5,0,0,4813,4818,C
2-PB1,1399,1,4788,0,1,4790,T
2-PB1,1400,4795,1,0,1,4797,A
2-PB1,1401,0,0,0,4794,4794,C
2-PB1,1402,4702,1,3,0,4706,A
2-PB1,1403,1,3,4694,0,4698,G
2-PB1,1404,5,2,4613,0,4620,G
2-PB1,1405,4653,1,4,0,4658,A
2-PB1,1406,1,0,0,4612,4613,C
2-PB1,1407,1,1,0,4518,4520,C
2-PB1,1408,0,4508,1,3,4512,T
2-PB1,1409,6,0,4519,0,4525,G
2-PB1,1410,1,0,1,4506,4508,C
2-PB1,1411,4513,1,3,0,4517,A
2-PB1,1412,4532,1,3,1,4537,A
2-PB1,1413,2,2,4538,0,4542,G
2-PB1,1414,1,4481,0,0,4482,T
2-PB1,1415,0,4488,0,2,4490,T
2-PB1,1416,4429,0,2,0,4431,A
2-PB1,1417,1,0,4442,0,4443,G
2-PB1,1418,1,4415,1,3,4420,T
2-PB1,1419,0,3,4412,1,4416,G
2-PB1,1420,1,2,4393,0,4396,G
2-PB1,1421,2,4,4412,0,4418,G
2-PB1,1422,4396,1,3,0,4400,A
2-PB1,1423,4419,0,4,0,4423,A
2-PB1,1424,1,4398,0,2,4401,T
2-PB1,1425,4,0,0,4399,4403,C
2-PB1,1426,4405,0,4,0,4409,A
2-PB1,1427,4414,0,2,0,4416,A
2-PB1,1428,0,1,0,4409,4410,C
2-PB1,1429,4403,2,0,0,4405,A
2-PB1,1430,0,4310,0,1,4311,T
2-PB1,1431,1,8,4298,0,4307,G
2-PB1,1432,4307,1,6,2,4316,A
2-PB1,1433,0,0,4346,0,4346,G
2-PB1,1434,1,2,0,4334,4337,C
2-PB1,1435,4335,0,3,0,4338,A
2-PB1,1436,4340,1,1,0,4342,A
2-PB1,1437,4338,0,1,0,4339,A
2-PB1,1438,4363,0,1,0,4364,A
2-PB1,1439,4365,2,1,0,4368,A
2-PB1,1440,0,2,4361,0,4363,G
2-PB1,1441,4307,2,2,2,4313,A
2-PB1,1442,4259,0,10,0,4269,A
2-PB1,1443,2,1,4393,0,4396,G
2-PB1,1444,0,4381,0,1,4382,T
2-PB1,1445,5,0,0,4359,4364,C
2-PB1,1446,2,1,0,4389,4392,C
2-PB1,1447,2,4371,0,2,4375,T
2-PB1,1448,4428,0,1,0,4429,A
2-PB1,1449,0,4417,0,0,4417,T
2-PB1,1450,4421,1,1,0,4423,A
2-PB1,1451,0,4417,0,1,4418,T
2-PB1,1452,4295,0,1,0,4296,A
2-PB1,1453,4288,1,2,0,4291,A
2-PB1,1454,4276,1,0,0,4277,A
2-PB1,1455,2,4255,2,6,4265,T
2-PB1,1456,4225,0,3,0,4228,A
2-PB1,1457,4191,2,0,1,4194,A
2-PB1,1458,4208,0,1,0,4209,A
2-PB1,1459,4219,0,3,2,4224,A
2-PB1,1460,0,0,0,4223,4223,C
2-PB1,1461,4013,0,2,1,4016,A
2-PB1,1462,3,2,3996,0,4001,G
2-PB1,1463,4,2,3963,1,3970,G
2-PB1,1464,0,5,3987,0,3992,G
2-PB1,1465,3997,0,3,1,4001,A
2-PB1,1466,0,1,1,3998,4000,C
2-PB1,1467,3990,1,0,0,3991,A
2-PB1,1468,0,4002,2,1,4005,T
2-PB1,1469,0,4010,0,0,4010,T
2-PB1,1470,2,4013,0,2,4017,T
2-PB1,1471,2,4,3991,1,3998,G
2-PB1,1472,3984,0,4,0,3988,A
2-PB1,1473,3989,1,0,0,3990,A
2-PB1,1474,0,3990,0,1,3991,T
2-PB1,1475,0,3919,0,0,3919,T
2-PB1,1476,5,0,1,3922,3928,C
2-PB1,1477,3893,1,1,1,3896,A
2-PB1,1478,1,0,0,3894,3895,C
2-PB1,1479,0,3900,0,1,3901,T
2-PB1,1480,3901,1,3,0,3905,A
2-PB1,1481,0,0,3905,0,3905,G
2-PB1,1482,1,2,0,3901,3904,C
2-PB1,1483,0,3869,1,7,3877,T
2-PB1,1484,1,3905,1,2,3909,T
2-PB1,1485,1,3885,0,1,3887,T
2-PB1,1486,2,3887,0,2,3891,T
2-PB1,1487,0,3888,2,7,3897,T
2-PB1,1488,0,3896,0,0,3896,T
2-PB1,1489,0,3875,0,1,3876,T
2-PB1,1490,3875,0,1,0,3876,A
2-PB1,1491,0,3855,0,2,3857,T
2-PB1,1492,3,1,0,3851,3855,C
2-PB1,1493,0,2,3861,0,3863,G
2-PB1,1494,3951,1,0,0,3952,A
2-PB1,1495,0,3948,0,9,3957,T
2-PB1,1496,3956,1,0,0,3957,A
2-PB1,1497,0,3982,0,4,3986,T
2-PB1,1498,0,4,3975,0,3979,G
2-PB1,1499,2,2,3986,0,3990,G
2-PB1,1500,3994,0,2,0,3996,A
2-PB1,1501,1,3936,0,1,3938,T
2-PB1,1502,0,3909,1,1,3911,T
2-PB1,1503,1,3794,0,4,3799,T
2-PB1,1504,0,0,3809,0,3809,G
2-PB1,1505,2,3801,0,1,3804,T
2-PB1,1506,4,2,3781,0,3787,G
2-PB1,1507,0,1,3796,0,3797,G
2-PB1,1508,0,3,0,3757,3760,C
2-PB1,1509,3,3751,0,9,3763,T
2-PB1,1510,3769,1,0,0,3770,A
2-PB1,1511,3782,1,0,0,3783,A
2-PB1,1512,0,3791,2,0,3793,T
2-PB1,1513,0,3794,1,0,3795,T
2-PB1,1514,0,3794,0,1,3795,T
2-PB1,1515,0,3798,0,1,3799,T
2-PB1,1516,3798,0,4,0,3802,A
2-PB1,1517,0,1,3817,0,3818,G
2-PB1,1518,0,1,3,3819,3823,C
2-PB1,1519,3818,0,1,0,3819,A
2-PB1,1520,0,3769,0,2,3771,T
2-PB1,1521,1,1,3721,1,3724,G
2-PB1,1522,0,0,3760,0,3760,G
2-PB1,1523,3759,1,1,0,3761,A
2-PB1,1524,0,1,3758,0,3759,G
2-PB1,1525,0,1,0,3738,3739,C
2-PB1,1526,0,3676,0,7,3683,T
2-PB1,1527,2,0,3698,1,3701,G
2-PB1,1528,1,1,1,3688,3691,C
2-PB1,1529,1,1,0,3687,3689,C
2-PB1,1530,4,1,0,3703,3708,C
2-PB1,1531,3607,1,3,1,3612,A
2-PB1,1532,2,0,3743,0,3745,G
2-PB1,1533,0,3734,1,6,3741,T
2-PB1,1534,0,3736,0,1,3737,T
2-PB1,1535,0,3742,0,0,3742,T
2-PB1,1536,1,3697,0,0,3698,T
2-PB1,1537,3,6,3667,0,3676,G
2-PB1,1538,1,3,3691,0,3695,G
2-PB1,1539,3660,0,9,1,3670,A
2-PB1,1540,1,1,3674,0,3676,G
2-PB1,1541,0,3360,0,1,3361,T
2-PB1,1542,1,0,3458,1,3460,G
2-PB1,1543,1,3456,0,4,3461,T
2-PB1,1544,7,0,0,3452,3459,C
2-PB1,1545,1,3459,1,3,3464,T
2-PB1,1546,1,0,3472,0,3473,G
2-PB1,1547,0,2,3512,0,3514,G
2-PB1,1548,3519,0,1,0,3520,A
2-PB1,1549,3520,0,4,0,3524,A
2-PB1,1550,2,3517,0,0,3519,T
2-PB1,1551,3230,1,1,0,3232,A
2-PB1,1552,3228,0,2,0,3230,A
2-PB1,1553,3232,1,1,0,3234,A
2-PB1,1554,1,0,0,3232,3233,C
2-PB1,1555,0,3,3208,0,3211,G
2-PB1,1556,3160,0,2,0,3162,A
2-PB1,1557,0,0,3167,0,3167,G
2-PB1,1558,0,3156,0,4,3160,T
2-PB1,1559,8,0,1,3158,3167,C
2-PB1,1560,3155,0,5,1,3161,A
2-PB1,1561,0,0,3190,0,3190,G
2-PB1,1562,1,3,0,3187,3191,C
2-PB1,1563,1,3179,1,1,3182,T
2-PB1,1564,0,0,3267,0,3267,G
2-PB1,1565,3246,0,3,1,3250,A
2-PB1,1566,1,3243,0,1,3245,T
2-PB1,1567,3250,0,1,0,3251,A
2-PB1,1568,0,3197,0,0,3197,T
2-PB1,1569,0,6,3199,0,3205,G
2-PB1,1570,3072,0,3,0,3075,A
2-PB1,1571,3,1,3096,0,3100,G
2-PB1,1572,1,2,0,3101,3104,C
2-PB1,1573,2955,2,0,0,2957,A
2-PB1,1574,0,2945,3,1,2949,T
2-PB1,1575,1,2937,0,1,2939,T
2-PB1,1576,1,2,2958,0,2961,G
2-PB1,1577,0,1,3033,0,3034,G
2-PB1,1578,2983,0,4,0,2987,A
2-PB1,1579,0,0,2983,0,2983,G
2-PB1,1580,0,2865,0,0,2865,T
2-PB1,1581,2853,0,4,0,2857,A
2-PB1,1582,2846,0,7,0,2853,A
2-PB1,1583,1,2,0,2850,2853,C
2-PB1,1584,2841,0,0,0,2841,A
2-PB1,1585,0,0,2872,0,2872,G
2-PB1,1586,1,2509,0,1,2511,T
2-PB1,1587,0,3,2527,0,2530,G
2-PB1,1588,2560,0,2,0,2562,A
2-PB1,1589,1,2562,0,0,2563,T
2-PB1,1590,2556,0,0,0,2556,A
2-PB1,1591,2547,0,2,0,2549,A
2-PB1,1592,2458,0,2,0,2460,A
2-PB1,1593,1,3,2471,0,2475,G
2-PB1,1594,2325,0,1,0,2326,A
2-PB1,1595,2323,0,4,0,2327,A
2-PB1,1596,0,0,0,2322,2322,C
2-PB1,1597,2229,0,2,0,2231,A
2-PB1,1598,2246,0,4,0,2250,A
2-PB1,1599,1,4,1,2247,2253,C
2-PB1,1600,2280,0,0,0,2280,A
2-PB1,1601,0,2270,4,0,2274,T
2-PB1,1602,0,0,2195,0,2195,G
2-PB1,1603,2196,0,3,0,2199,A
2-PB1,1604,0,2194,1,0,2195,T
2-PB1,1605,2150,0,1,1,2152,A
2-PB1,1606,2165,1,3,1,2170,A
2-PB1,1607,2140,0,1,0,2141,A
2-PB1,1608,0,0,0,2147,2147,C
2-PB1,1609,2024,1,1,0,2026,A
2-PB1,1610,2018,0,2,0,2020,A
2-PB1,1611,0,1966,0,2,1968,T
2-PB1,1612,3,3,1959,0,1965,G
2-PB1,1613,1990,0,6,0,1996,A
2-PB1,1614,0,0,0,2008,2008,C
2-PB1,1615,2,0,1,1950,1953,C
2-PB1,1616,0,1873,0,2,1875,T
2-PB1,1617,0,1823,0,0,1823,T
2-PB1,1618,0,0,1823,0,1823,G
2-PB1,1619,1,2,1830,0,1833,G
2-PB1,1620,1847,1,4,0,1852,A
2-PB1,1621,0,1,0,1852,1853,C
2-PB1,1622,0,1,0,1829,1830,C
2-PB1,1623,1829,1,1,0,1831,A
2-PB1,1624,1,0,1851,0,1852,G
2-PB1,1625,1,1,0,1845,1847,C
2-PB1,1626,1857,0,0,0,1857,A
2-PB1,1627,1858,0,0,0,1858,A
2-PB1,1628,0,0,0,1849,1849,C
2-PB1,1629,1841,0,1,0,1842,A
2-PB1,1630,1,0,1858,0,1859,G
2-PB1,1631,0,0,0,1845,1845,C
2-PB1,1632,2,2,0,1837,1841,C
2-PB1,1633,2,0,0,1849,1851,C
2-PB1,1634,1858,0,0,0,1858,A
2-PB1,1635,1858,0,0,0,1858,A
2-PB1,1636,1858,0,0,0,1858,A
2-PB1,1637,1,1849,0,0,1850,T
2-PB1,1638,2,1,1849,0,1852,G
2-PB1,1639,1,0,1817,0,1818,G
2-PB1,1640,0,0,0,1815,1815,C
2-PB1,1641,1,1810,0,3,1814,T
2-PB1,1642,2,0,0,1843,1845,C
2-PB1,1643,1,1842,0,0,1843,T
2-PB1,1644,2,1,1,1858,1862,C
2-PB1,1645,1,0,0,1862,1863,C
2-PB1,1646,1872,0,2,0,1874,A
2-PB1,1647,1880,0,2,0,1882,A
2-PB1,1648,0,1870,0,0,1870,T
2-PB1,1649,0,1849,0,2,1851,T
2-PB1,1650,1,0,1852,1,1854,G
2-PB1,1651,0,1815,0,1,1816,T
2-PB1,1652,1,1816,0,2,1819,T
2-PB1,1653,5,6,0,1803,1814,C
2-PB1,1654,1810,0,0,0,1810,A
2-PB1,1655,0,1814,0,2,1816,T
2-PB1,1656,0,0,0,1811,1811,C
2-PB1,1657,1819,0,0,0,1819,A
2-PB1,1658,1820,0,0,0,1820,A
2-PB1,1659,1808,2,2,0,1812,A
2-PB1,1660,0,0,1847,0,1847,G
2-PB1,1661,1849,0,0,0,1849,A
2-PB1,1662,0,1845,0,1,1846,T
2-PB1,1663,0,1853,0,0,1853,T
2-PB1,1664,1856,0,3,0,1859,A
2-PB1,1665,0,1,0,1891,1892,C
2-PB1,1666,1889,0,2,0,1891,A
2-PB1,1667,0,0,1913,0,1913,G
2-PB1,1668,1907,1,0,0,1908,A
2-PB1,1669,1,1929,0,0,1930,T
2-PB1,1670,1938,0,0,0,1938,A
2-PB1,1671,0,0,0,2061,2061,C
2-PB1,1672,2096,1,1,0,2098,A
2-PB1,1673,1,1,0,2251,2253,C
2-PB1,1674,2212,0,0,0,2212,A
2-PB1,1675,1,2227,0,2,2230,T
2-PB1,1676,2205,0,0,0,2205,A
2-PB1,1677,0,2198,0,0,2198,T
2-PB1,1678,2144,0,3,0,2147,A
2-PB1,1679,0,1,2139,0,2140,G
2-PB1,1680,0,0,2091,0,2091,G
2-PB1,1681,3,1982,0,0,1985,T
2-PB1,1682,0,0,1945,1,1946,G
2-PB1,1683,1,1,0,2027,2029,C
2-PB1,1684,3,2,0,2015,2020,C
2-PB1,1685,2044,1,1,0,2046,A
2-PB1,1686,0,2047,0,1,2048,T
2-PB1,1687,2049,0,0,0,2049,A
2-PB1,1688,0,1,2054,0,2055,G
2-PB1,1689,2013,1,2,0,2016,A
2-PB1,1690,1,0,2017,0,2018,G
2-PB1,1691,0,0,2009,0,2009,G
2-PB1,1692,1931,1,1,0,1933,A
2-PB1,1693,0,5,1933,0,1938,G
2-PB1,1694,1925,0,2,0,1927,A
2-PB1,1695,0,1,0,1935,1936,C
2-PB1,1696,1936,0,1,0,1937,A
2-PB1,1697,0,1,0,1946,1947,C
2-PB1,1698,1956,0,0,1,1957,A
2-PB1,1699,0,0,0,1949,1949,C
2-PB1,1700,1936,0,0,0,1936,A
2-PB1,1701,1941,0,1,1,1943,A
2-PB1,1702,1945,0,0,1,1946,A
2-PB1,1703,0,1943,0,1,1944,T
2-PB1,1704,3,0,0,1945,1948,C
2-PB1,1705,1,1,0,1949,1951,C
2-PB1,1706,1927,0,0,0,1927,A
2-PB1,1707,0,3,1924,0,1927,G
2-PB1,1708,1929,0,1,0,1930,A
2-PB1,1709,0,2,0,1945,1947,C
2-PB1,1710,2,2,1938,0,1942,G
2-PB1,1711,1929,1,0,0,1930,A
2-PB1,1712,0,3,1932,0,1935,G
2-PB1,1713,1930,1,2,0,1933,A
2-PB1,1714,1934,0,0,0,1934,A
2-PB1,1715,1,0,1941,0,1942,G
2-PB1,1716,1934,1,0,0,1935,A
2-PB1,1717,0,1925,0,1,1926,T
2-PB1,1718,0,0,1,1915,1916,C
2-PB1,1719,1926,0,0,0,1926,A
2-PB1,1720,0,1919,0,0,1919,T
2-PB1,1721,0,1918,0,0,1918,T
2-PB1,1722,0,1,0,1921,1922,C
2-PB1,1723,8,3,1910,0,1921,G
2-PB1,1724,1903,0,3,0,1906,A
2-PB1,1725,1,0,1913,0,1914,G
2-PB1,1726,1899,0,1,0,1900,A
2-PB1,1727,1,1968,1,0,1970,T
2-PB1,1728,1975,0,1,0,1976,A
2-PB1,1729,1981,0,1,0,1982,A
2-PB1,1730,1983,0,1,0,1984,A
2-PB1,1731,0,0,1988,0,1988,G
2-PB1,1732,1982,0,1,1,1984,A
2-PB1,1733,1943,0,0,0,1943,A
2-PB1,1734,1,0,1945,0,1946,G
2-PB1,1735,1,0,0,1951,1952,C
2-PB1,1736,0,1926,0,2,1928,T
2-PB1,1737,0,0,1932,1,1933,G
2-PB1,1738,0,1928,0,0,1928,T
2-PB1,1739,0,1,1916,0,1917,G
2-PB1,1740,0,1,1921,0,1922,G
2-PB1,1741,2,3,1925,1,1931,G
2-PB1,1742,1940,1,2,0,1943,A
2-PB1,1743,0,1920,0,2,1922,T
2-PB1,1744,3,0,0,1910,1913,C
2-PB1,1745,1918,1,0,0,1919,A
2-PB1,1746,1919,1,3,0,1923,A
2-PB1,1747,1942,0,2,0,1944,A
2-PB1,1748,0,2,1,1939,1942,C
2-PB1,1749,1,0,0,1930,1931,C
2-PB1,1750,1,0,0,1932,1933,C
2-PB1,1751,1936,1,1,0,1938,A
2-PB1,1752,1959,0,1,0,1960,A
2-PB1,1753,1,1960,0,0,1961,T
2-PB1,1754,3,0,0,1960,1963,C
2-PB1,1755,1948,0,2,0,1950,A
2-PB1,1756,1938,0,1,0,1939,A
2-PB1,1757,2,1,1957,0,1960,G
2-PB1,1758,0,2,1949,0,1951,G
2-PB1,1759,1,2,1948,0,1951,G
2-PB1,1760,0,0,0,1952,1952,C
2-PB1,1761,1929,1,2,1,1933,A
2-PB1,1762,0,2,1990,1,1993,G
2-PB1,1763,8,1,2004,1,2014,G
2-PB1,1764,2031,0,1,0,2032,A
2-PB1,1765,0,1,0,2047,2048,C
2-PB1,1766,0,2025,0,0,2025,T
2-PB1,1767,2079,3,0,0,2082,A
2-PB1,1768,1,2072,0,1,2074,T
2-PB1,1769,1,2076,1,0,2078,T
2-PB1,1770,3,1,2079,0,2083,G
2-PB1,1771,3,1,2092,0,2096,G
2-PB1,1772,2,2076,0,2,2080,T
2-PB1,1773,2085,0,0,1,2086,A
2-PB1,1774,1,2060,1,0,2062,T
2-PB1,1775,2,1,0,2062,2065,C
2-PB1,1776,2057,0,1,0,2058,A
2-PB1,1777,1,3,2081,0,2085,G
2-PB1,1778,2081,0,1,0,2082,A
2-PB1,1779,0,2075,0,0,2075,T
2-PB1,1780,0,0,1995,0,1995,G
2-PB1,1781,2,0,1991,0,1993,G
2-PB1,1782,1,1,1989,0,1991,G
2-PB1,1783,0,2,1997,0,1999,G
2-PB1,1784,1,6,2000,0,2007,G
2-PB1,1785,1996,0,4,0,2000,A
2-PB1,1786,0,0,0,1982,1982,C
2-PB1,1787,2,0,0,1986,1988,C
2-PB1,1788,1995,0,0,0,1995,A
2-PB1,1789,2105,0,1,0,2106,A
2-PB1,1790,2121,0,2,0,2123,A
2-PB1,1791,1,0,0,2166,2167,C
2-PB1,1792,0,2148,0,1,2149,T
2-PB1,1793,0,2142,0,2,2144,T
2-PB1,1794,2161,0,1,0,2162,A
2-PB1,1795,0,2160,0,1,2161,T
2-PB1,1796,2163,0,1,0,2164,A
2-PB1,1797,0,0,0,2162,2162,C
2-PB1,1798,2008,1,0,0,2009,A
2-PB1,1799,2019,0,0,0,2019,A
2-PB1,1800,1,1973,0,0,1974,T
2-PB1,1801,2009,0,0,0,2009,A
2-PB1,1802,0,2001,0,2,2003,T
2-PB1,1803,1,0,0,2003,2004,C
2-PB1,1804,2,0,0,2007,2009,C
2-PB1,1805,1,0,2009,0,2010,G
2-PB1,1806,1,2,2007,0,2010,G
2-PB1,1807,2017,0,0,0,2017,A
2-PB1,1808,2021,0,1,1,2023,A
2-PB1,1809,2,2019,0,1,2022,T
2-PB1,1810,4,1,0,2035,2040,C
2-PB1,1811,0,2036,0,1,2037,T
2-PB1,1812,0,2034,0,10,2044,T
2-PB1,1813,0,1,0,2043,2044,C
2-PB1,1814,2044,0,0,0,2044,A
2-PB1,1815,1,0,0,2047,2048,C
2-PB1,1816,2040,2,0,0,2042,A
2-PB1,1817,1,2177,0,0,2178,T
2-PB1,1818,1,0,0,2179,2180,C
2-PB1,1819,0,1,0,2177,2178,C
2-PB1,1820,1,0,0,2189,2190,C
2-PB1,1821,1,2183,0,3,2187,T
2-PB1,1822,1,0,2189,0,2190,G
2-PB1,1823,2184,0,0,0,2184,A
2-PB1,1824,2175,0,1,1,2177,A
2-PB1,1825,0,0,2173,0,2173,G
2-PB1,1826,1,2060,1,2,2064,T
2-PB1,1827,0,2,1,2067,2070,C
2-PB1,1828,0,2031,0,2,2033,T
2-PB1,1829,0,0,2072,0,2072,G
2-PB1,1830,0,1,0,2073,2074,C
2-PB1,1831,3,2068,0,1,2072,T
2-PB1,1832,0,2071,1,0,2072,T
2-PB1,1833,2071,0,0,0,2071,A
2-PB1,1834,2067,0,1,0,2068,A
2-PB1,1835,2065,1,0,0,2066,A
2-PB1,1836,2011,0,1,0,2012,A
2-PB1,1837,0,2030,0,0,2030,T
2-PB1,1838,0,2,2028,0,2030,G
2-PB1,1839,0,1,2030,0,2031,G
2-PB1,1840,2,3,2032,0,2037,G
2-PB1,1841,2026,0,5,0,2031,A
2-PB1,1842,0,0,2040,0,2040,G
2-PB1,1843,6,0,0,2028,2034,C
2-PB1,1844,0,2039,0,1,2040,T
2-PB1,1845,1,1,2052,0,2054,G
2-PB1,1846,2051,1,1,0,2053,A
2-PB1,1847,1,2056,0,0,2057,T
2-PB1,1848,1,1,2063,0,2065,G
2-PB1,1849,0,0,2069,0,2069,G
2-PB1,1850,2061,0,3,2,2066,A
2-PB1,1851,0,2061,0,0,2061,T
2-PB1,1852,2,2,2065,0,2069,G
2-PB1,1853,2048,0,4,0,2052,A
2-PB1,1854,0,1,2075,0,2076,G
2-PB1,1855,2073,1,0,0,2074,A
2-PB1,1856,2075,0,0,0,2075,A
2-PB1,1857,1,2066,0,1,2068,T
2-PB1,1858,0,2049,0,0,2049,T
2-PB1,1859,2064,0,0,0,2064,A
2-PB1,1860,1,2062,0,0,2063,T
2-PB1,1861,0,4,0,2057,2061,C
2-PB1,1862,0,2,2068,0,2070,G
2-PB1,1863,0,2,2040,0,2042,G
2-PB1,1864,0,0,2027,0,2027,G
2-PB1,1865,0,0,2034,0,2034,G
2-PB1,1866,2032,0,0,1,2033,A
2-PB1,1867,2036,0,3,0,2039,A
2-PB1,1868,0,1,2049,0,2050,G
2-PB1,1869,2053,0,2,0,2055,A
2-PB1,1870,0,0,0,2064,2064,C
2-PB1,1871,0,2055,1,1,2057,T
2-PB1,1872,0,2097,0,0,2097,T
2-PB1,1873,0,2100,0,1,2101,T
2-PB1,1874,0,0,2120,0,2120,G
2-PB1,1875,0,2116,0,1,2117,T
2-PB1,1876,2112,0,1,0,2113,A
2-PB1,1877,2104,0,3,0,2107,A
2-PB1,1878,0,2068,0,0,2068,T
2-PB1,1879,5,5,0,2056,2066,C
2-PB1,1880,0,0,0,2054,2054,C
2-PB1,1881,2,1,0,2048,2051,C
2-PB1,1882,2,0,0,2065,2067,C
2-PB1,1883,2,2048,0,5,2055,T
2-PB1,1884,1,1,2063,0,2065,G
2-PB1,1885,2064,1,0,0,2065,A
2-PB1,1886,2068,0,1,0,2069,A
2-PB1,1887,0,2065,0,2,2067,T
2-PB1,1888,4,1,0,2041,2046,C
2-PB1,1889,0,2,0,2035,2037,C
2-PB1,1890,0,0,0,2029,2029,C
2-PB1,1891,0,2024,1,4,2029,T
2-PB1,1892,0,2037,0,1,2038,T
2-PB1,1893,1,2036,0,1,2038,T
2-PB1,1894,0,0,2037,0,2037,G
2-PB1,1895,1,2029,0,5,2035,T
2-PB1,1896,2,0,0,2031,2033,C
2-PB1,1897,2014,0,1,0,2015,A
2-PB1,1898,2,1,2040,0,2043,G
2-PB1,1899,0,0,0,2027,2027,C
2-PB1,1900,1,0,0,2030,2031,C
2-PB1,1901,2038,0,0,0,2038,A
2-PB1,1902,1,2040,0,2,2043,T
2-PB1,1903,2041,0,0,1,2042,A
2-PB1,1904,2036,3,0,2,2041,A
2-PB1,1905,2045,0,1,0,2046,A
2-PB1,1906,1,1,2072,1,2075,G
2-PB1,1907,2033,0,0,0,2033,A
2-PB1,1908,2037,0,1,0,2038,A
2-PB1,1909,2038,1,0,1,2040,A
2-PB1,1910,0,2036,0,0,2036,T
2-PB1,1911,0,2029,1,0,2030,T
2-PB1,1912,0,3,2026,0,2029,G
2-PB1,1913,2007,0,0,1,2008,A
2-PB1,1914,1,1,2035,2,2039,G
2-PB1,1915,1,2040,0,1,2042,T
2-PB1,1916,2,0,0,2057,2059,C
2-PB1,1917,0,2049,0,2,2051,T
2-PB1,1918,1,1,2090,0,2092,G
2-PB1,1919,0,2089,1,1,2091,T
2-PB1,1920,2108,0,1,0,2109,A
2-PB1,1921,2101,0,2,1,2104,A
2-PB1,1922,2108,0,0,0,2108,A
2-PB1,1923,1,1,0,2114,2116,C
2-PB1,1924,2055,0,0,1,2056,A
2-PB1,1925,2100,0,1,0,2101,A
2-PB1,1926,0,2103,0,1,2104,T
2-PB1,1927,0,0,2080,1,2081,G
2-PB1,1928,1,0,0,2095,2096,C
2-PB1,1929,1,2068,0,1,2070,T
2-PB1,1930,0,0,2136,0,2136,G
2-PB1,1931,0,2138,0,0,2138,T
2-PB1,1932,2165,0,5,0,2170,A
2-PB1,1933,1,1,2174,0,2176,G
2-PB1,1934,0,2133,0,0,2133,T
2-PB1,1935,2124,0,0,0,2124,A
2-PB1,1936,2103,1,1,0,2105,A
2-PB1,1937,0,2082,0,0,2082,T
2-PB1,1938,1,0,2072,0,2073,G
2-PB1,1939,0,0,0,2046,2046,C
2-PB1,1940,0,1,0,2022,2023,C
2-PB1,1941,1983,0,0,0,1983,A
2-PB1,1942,0,1,2021,0,2022,G
2-PB1,1943,0,1,0,2034,2035,C
2-PB1,1944,0,1,0,2038,2039,C
2-PB1,1945,1,2,0,2033,2036,C
2-PB1,1946,2032,3,0,0,2035,A
2-PB1,1947,0,2037,0,1,2038,T
2-PB1,1948,0,1,2035,0,2036,G
2-PB1,1949,2,0,2052,0,2054,G
2-PB1,1950,1,2033,0,1,2035,T
2-PB1,1951,1,0,0,1989,1990,C
2-PB1,1952,0,0,0,1960,1960,C
2-PB1,1953,1,1932,0,9,1942,T
2-PB1,1954,2,0,1970,0,1972,G
2-PB1,1955,0,2,0,1964,1966,C
2-PB1,1956,2,1,0,1970,1973,C
2-PB1,1957,1970,0,1,1,1972,A
2-PB1,1958,1948,0,1,0,1949,A
2-PB1,1959,1945,1,0,1,1947,A
2-PB1,1960,1953,0,1,0,1954,A
2-PB1,1961,0,0,1979,0,1979,G
2-PB1,1962,0,1952,1,0,1953,T
2-PB1,1963,1950,0,1,0,1951,A
2-PB1,1964,0,1948,0,0,1948,T
2-PB1,1965,0,6,1945,0,1951,G
2-PB1,1966,0,2,2002,0,2004,G
2-PB1,1967,2000,1,1,0,2002,A
2-PB1,1968,2011,0,2,0,2013,A
2-PB1,1969,1,2016,0,0,2017,T
2-PB1,1970,1995,0,2,0,1997,A
2-PB1,1971,0,1989,0,2,1991,T
2-PB1,1972,0,2,1974,1,1977,G
2-PB1,1973,1979,0,1,0,1980,A
2-PB1,1974,0,1981,0,0,1981,T
2-PB1,1975,0,1,1925,0,1926,G
2-PB1,1976,1,1,0,1925,1927,C
2-PB1,1977,2,0,0,1916,1918,C
2-PB1,1978,0,1,1910,0,1911,G
2-PB1,1979,1,1912,1,0,1914,T
2-PB1,1980,0,1913,0,1,1914,T
2-PB1,1981,0,1,1908,0,1909,G
2-PB1,1982,0,0,0,1936,1936,C
2-PB1,1983,1942,1,0,1,1944,A
2-PB1,1984,1959,1,2,0,1962,A
2-PB1,1985,0,0,0,1967,1967,C
2-PB1,1986,0,1957,0,0,1957,T
2-PB1,1987,1961,0,0,0,1961,A
2-PB1,1988,1,0,0,1958,1959,C
2-PB1,1989,1955,0,3,0,1958,A
2-PB1,1990,0,0,1,1963,1964,C
2-PB1,1991,1909,1,1,0,1911,A
2-PB1,1992,0,0,0,2040,2040,C
2-PB1,1993,0,2005,0,1,2006,T
2-PB1,1994,0,1,0,2014,2015,C
2-PB1,1995,0,1,0,2015,2016,C
2-PB1,1996,0,2008,0,3,2011,T
2-PB1,1997,0,0,2007,0,2007,G
2-PB1,1998,2,0,2003,0,2005,G
2-PB1,1999,2000,1,0,0,2001,A
2-PB1,2000,0,2000,0,0,2000,T
2-PB1,2001,0,1831,0,2,1833,T
2-PB1,2002,3,0,0,1845,1848,C
2-PB1,2003,2,0,0,1836,1838,C
2-PB1,2004,1,3,0,1841,1845,C
2-PB1,2005,1851,2,1,0,1854,A
2-PB1,2006,1847,0,0,0,1847,A
2-PB1,2007,0,0,1849,0,1849,G
2-PB1,2008,1834,0,3,0,1837,A
2-PB1,2009,0,1,1839,1,1841,G
2-PB1,2010,1,1,1838,0,1840,G
2-PB1,2011,1809,4,0,1,1814,A
2-PB1,2012,1812,0,2,1,1815,A
2-PB1,2013,0,1,0,1812,1813,C
2-PB1,2014,0,1,0,1805,1806,C
2-PB1,2015,0,0,1831,0,1831,G
2-PB1,2016,0,1,0,1826,1827,C
2-PB1,2017,1,1822,0,1,1824,T
2-PB1,2018,3,1,0,1834,1838,C
2-PB1,2019,0,1819,0,0,1819,T
2-PB1,2020,1948,1,1,0,1950,A
2-PB1,2021,0,1951,0,1,1952,T
2-PB1,2022,1,1952,0,1,1954,T
2-PB1,2023,2,0,0,1956,1958,C
2-PB1,2024,0,1890,0,0,1890,T
2-PB1,2025,1878,1,14,0,1893,A
2-PB1,2026,1888,1,0,1,1890,A
2-PB1,2027,1894,1,2,1,1898,A
2-PB1,2028,0,1,0,1894,1895,C
2-PB1,2029,1776,0,2,1,1779,A
2-PB1,2030,0,0,0,1770,1770,C
2-PB1,2031,1750,0,1,0,1751,A
2-PB1,2032,1763,0,2,1,1766,A
2-PB1,2033,0,0,1774,0,1774,G
2-PB1,2034,0,0,0,1772,1772,C
2-PB1,2035,0,0,0,1772,1772,C
2-PB1,2036,1756,0,0,0,1756,A
2-PB1,2037,1757,0,0,1,1758,A
2-PB1,2038,1754,0,1,0,1755,A
2-PB1,2039,0,0,1767,0,1767,G
2-PB1,2040,2,0,1768,0,1770,G
2-PB1,2041,1,2,1736,0,1739,G
2-PB1,2042,0,0,1743,0,1743,G
2-PB1,2043,1732,0,1,0,1733,A
2-PB1,2044,1741,0,0,0,1741,A
2-PB1,2045,1,1739,0,2,1742,T
2-PB1,2046,1,1743,0,1,1745,T
2-PB1,2047,1,0,0,1758,1759,C
2-PB1,2048,1,1742,0,0,1743,T
2-PB1,2049,1,1743,1,1,1746,T
2-PB1,2050,0,0,1745,0,1745,G
2-PB1,2051,1749,0,0,0,1749,A
2-PB1,2052,1,1,1753,0,1755,G
2-PB1,2053,0,1,1749,0,1750,G
2-PB1,2054,1749,0,0,0,1749,A
2-PB1,2055,0,1744,1,1,1746,T
2-PB1,2056,1,4,1760,0,1765,G
2-PB1,2057,1759,0,3,0,1762,A
2-PB1,2058,1765,2,0,0,1767,A
2-PB1,2059,0,1,0,1769,1770,C
2-PB1,2060,1751,1,1,0,1753,A
2-PB1,2061,1,0,1767,0,1768,G
2-PB1,2062,1762,0,0,0,1762,A
2-PB1,2063,0,1758,0,2,1760,T
2-PB1,2064,0,1,1761,0,1762,G
2-PB1,2065,0,1796,0,0,1796,T
2-PB1,2066,1798,0,2,0,1800,A
2-PB1,2067,0,0,0,1803,1803,C
2-PB1,2068,3,2,0,1780,1785,C
2-PB1,2069,1769,0,0,0,1769,A
2-PB1,2070,0,0,1760,0,1760,G
2-PB1,2071,1726,0,1,0,1727,A
2-PB1,2072,1722,0,2,0,1724,A
2-PB1,2073,1,0,1734,0,1735,G
2-PB1,2074,0,1635,0,2,1637,T
2-PB1,2075,0,0,1642,0,1642,G
2-PB1,2076,0,0,0,1640,1640,C
2-PB1,2077,1,1640,0,1,1642,T
2-PB1,2078,1,0,1637,1,1639,G
2-PB1,2079,0,0,0,1638,1638,C
2-PB1,2080,1639,0,2,0,1641,A
2-PB1,2081,1644,1,0,0,1645,A
2-PB1,2082,0,0,0,1626,1626,C
2-PB1,2083,0,1610,1,4,1615,T
2-PB1,2084,0,1611,0,2,1613,T
2-PB1,2085,0,0,1609,0,1609,G
2-PB1,2086,1,1601,0,0,1602,T
2-PB1,2087,0,1598,0,4,1602,T
2-PB1,2088,2,2,0,1599,1603,C
2-PB1,2089,0,3,1599,0,1602,G
2-PB1,2090,1601,0,1,0,1602,A
2-PB1,2091,1,1,1596,0,1598,G
2-PB1,2092,1600,1,0,0,1601,A
2-PB1,2093,1600,0,0,0,1600,A
2-PB1,2094,1609,1,1,0,1611,A
2-PB1,2095,0,1606,0,1,1607,T
2-PB1,2096,0,1608,0,0,1608,T
2-PB1,2097,0,1611,0,1,1612,T
2-PB1,2098,0,1604,0,1,1605,T
2-PB1,2099,0,1602,0,0,1602,T
2-PB1,2100,2,0,0,1609,1611,C
2-PB1,2101,1,2,0,1610,1613,C
2-PB1,2102,1,1,0,1614,1616,C
2-PB1,2103,0,1617,0,0,1617,T
2-PB1,2104,1613,0,0,0,1613,A
2-PB1,2105,0,1,1622,0,1623,G
2-PB1,2106,0,1620,0,0,1620,T
2-PB1,2107,1628,0,0,0,1628,A
2-PB1,2108,1,0,1635,0,1636,G
2-PB1,2109,0,1617,0,0,1617,T
2-PB1,2110,1,1663,0,0,1664,T
2-PB1,2111,1,0,0,1657,1658,C
2-PB1,2112,1668,0,0,0,1668,A
2-PB1,2113,0,1667,0,1,1668,T
2-PB1,2114,1666,0,0,0,1666,A
2-PB1,2115,0,1665,1,0,1666,T
2-PB1,2116,1609,0,0,0,1609,A
2-PB1,2117,0,1,1600,0,1601,G
2-PB1,2118,0,0,1584,1,1585,G
2-PB1,2119,1412,0,4,0,1416,A
2-PB1,2120,0,0,1413,0,1413,G
2-PB1,2121,1332,0,0,0,1332,A
2-PB1,2122,1,1,1,1324,1327,C
2-PB1,2123,0,0,0,1273,1273,C
2-PB1,2124,0,0,1271,0,1271,G
2-PB1,2125,1266,0,0,0,1266,A
2-PB1,2126,1,1255,0,0,1256,T
2-PB1,2127,0,1260,0,0,1260,T
2-PB1,2128,1,0,1250,0,1251,G
2-PB1,2129,0,1,1257,0,1258,G
2-PB1,2130,1255,0,1,0,1256,A
2-PB1,2131,1260,0,0,0,1260,A
2-PB1,2132,1,1243,0,0,1244,T
2-PB1,2133,0,1254,0,0,1254,T
2-PB1,2134,0,1252,0,0,1252,T
2-PB1,2135,2,0,0,1252,1254,C
2-PB1,2136,0,1257,0,0,1257,T
2-PB1,2137,1244,0,4,0,1248,A
2-PB1,2138,1,0,1251,0,1252,G
2-PB1,2139,0,2,0,1246,1248,C
2-PB1,2140,1247,0,0,0,1247,A
2-PB1,2141,0,1245,0,0,1245,T
2-PB1,2142,2,0,1222,0,1224,G
2-PB1,2143,0,0,1243,0,1243,G
2-PB1,2144,0,1237,1,2,1240,T
2-PB1,2145,1,0,1239,0,1240,G
2-PB1,2146,0,0,1239,1,1240,G
2-PB1,2147,1225,0,1,0,1226,A
2-PB1,2148,0,0,1227,0,1227,G
2-PB1,2149,1,0,1218,0,1219,G
2-PB1,2150,1,1,0,1208,1210,C
2-PB1,2151,1,1,0,1196,1198,C
2-PB1,2152,1139,1,0,0,1140,A
2-PB1,2153,0,1135,3,1,1139,T
2-PB1,2154,0,1,1140,0,1141,G
2-PB1,2155,0,0,1148,0,1148,G
2-PB1,2156,1,1121,1,1,1124,T
2-PB1,2157,1,0,1132,0,1133,G
2-PB1,2158,0,1103,1,2,1106,T
2-PB1,2159,3,0,0,1090,1093,C
2-PB1,2160,0,1094,0,1,1095,T
2-PB1,2161,1085,0,1,0,1086,A
2-PB1,2162,0,1,1084,0,1085,G
2-PB1,2163,1,0,1055,0,1056,G
2-PB1,2164,0,0,1045,0,1045,G
2-PB1,2165,3,0,0,1021,1024,C
2-PB1,2166,2,2,1,988,993,C
2-PB1,2167,3,0,0,981,984,C
2-PB1,2168,1,0,979,0,980,G
2-PB1,2169,0,1,981,0,982,G
2-PB1,2170,982,0,0,0,982,A
2-PB1,2171,0,978,0,0,978,T
2-PB1,2172,0,938,0,0,938,T
2-PB1,2173,0,0,924,0,924,G
2-PB1,2174,928,0,0,0,928,A
2-PB1,2175,0,927,0,0,927,T
2-PB1,2176,0,0,925,0,925,G
2-PB1,2177,1,0,1,915,917,C
2-PB1,2178,0,0,0,918,918,C
2-PB1,2179,908,0,0,0,908,A
2-PB1,2180,0,1,910,0,911,G
2-PB1,2181,907,0,0,0,907,A
2-PB1,2182,907,0,1,0,908,A
2-PB1,2183,0,906,0,1,907,T
2-PB1,2184,0,885,0,1,886,T
2-PB1,2185,0,0,889,0,889,G
2-PB1,2186,878,0,2,0,880,A
2-PB1,2187,0,0,0,880,880,C
2-PB1,2188,0,867,0,3,870,T
2-PB1,2189,0,863,0,0,863,T
2-PB1,2190,0,1,0,864,865,C
2-PB1,2191,0,1,866,0,867,G
2-PB1,2192,867,0,0,0,867,A
2-PB1,2193,0,0,849,0,849,G
2-PB1,2194,0,846,0,2,848,T
2-PB1,2195,0,0,0,851,851,C
2-PB1,2196,0,848,0,1,849,T
2-PB1,2197,0,0,849,0,849,G
2-PB1,2198,0,0,850,0,850,G
2-PB1,2199,845,1,3,0,849,A
2-PB1,2200,788,0,0,0,788,A
2-PB1,2201,0,0,790,0,790,G
2-PB1,2202,0,0,798,0,798,G
2-PB1,2203,797,0,0,0,797,A
2-PB1,2204,0,791,0,0,791,T
2-PB1,2205,0,793,1,0,794,T
2-PB1,2206,790,0,0,0,790,A
2-PB1,2207,789,0,0,1,790,A
2-PB1,2208,0,0,791,2,793,G
2-PB1,2209,789,0,1,0,790,A
2-PB1,2210,741,0,0,0,741,A
2-PB1,2211,1,1,686,0,688,G
2-PB1,2212,0,0,687,0,687,G
2-PB1,2213,686,1,1,0,688,A
2-PB1,2214,689,0,0,0,689,A
2-PB1,2215,0,0,689,0,689,G
2-PB1,2216,660,0,0,0,660,A
2-PB1,2217,0,0,655,0,655,G
2-PB1,2218,0,631,0,0,631,T
2-PB1,2219,0,620,0,1,621,T
2-PB1,2220,0,0,0,623,623,C
2-PB1,2221,0,603,0,0,603,T
2-PB1,2222,1,0,0,603,604,C
2-PB1,2223,0,605,0,0,605,T
2-PB1,2224,1,0,602,0,603,G
2-PB1,2225,587,0,3,0,590,A
2-PB1,2226,0,0,582,0,582,G
2-PB1,2227,574,1,0,0,575,A
2-PB1,2228,0,556,0,0,556,T
2-PB1,2229,1,1,0,511,513,C
2-PB1,2230,511,0,0,0,511,A
2-PB1,2231,0,507,0,1,508,T
2-PB1,2232,0,0,507,0,507,G
2-PB1,2233,509,0,0,0,509,A
2-PB1,2234,505,0,4,0,509,A
2-PB1,2235,0,0,496,0,496,G
2-PB1,2236,488,0,0,0,488,A
2-PB1,2237,0,486,0,0,486,T
2-PB1,2238,0,0,0,481,481,C
2-PB1,2239,0,445,0,0,445,T
2-PB1,2240,1,0,447,0,448,G
2-PB1,2241,1,448,0,1,450,T
2-PB1,2242,0,445,0,1,446,T
2-PB1,2243,0,2,0,443,445,C
2-PB1,2244,0,1,0,427,428,C
2-PB1,2245,427,0,2,0,429,A
2-PB1,2246,0,0,0,431,431,C
2-PB1,2247,0,0,0,411,411,C
2-PB1,2248,403,0,0,0,403,A
2-PB1,2249,1,379,0,0,380,T
2-PB1,2250,0,368,0,0,368,T
2-PB1,2251,1,0,368,0,369,G
2-PB1,2252,366,0,0,0,366,A
2-PB1,2253,364,0,2,0,366,A
2-PB1,2254,0,0,365,0,365,G
2-PB1,2255,327,0,0,0,327,A
2-PB1,2256,327,0,0,0,327,A
2-PB1,2257,0,1,0,321,322,C
2-PB1,2258,0,315,0,0,315,T
2-PB1,2259,0,0,0,314,314,C
2-PB1,2260,303,0,0,0,303,A
2-PB1,2261,0,0,302,0,302,G
2-PB1,2262,303,0,0,0,303,A
2-PB1,2263,0,0,0,291,291,C
2-PB1,2264,0,0,290,0,290,G
2-PB1,2265,1,1,280,0,282,G
2-PB1,2266,0,0,0,281,281,C
2-PB1,2267,282,0,0,0,282,A
2-PB1,2268,282,0,0,0,282,A
2-PB1,2269,281,0,0,0,281,A
2-PB1,2270,278,0,1,0,279,A
2-PB1,2271,280,0,0,0,280,A
2-PB1,2272,0,277,0,0,277,T
2-PB1,2273,270,0,0,0,270,A
2-PB1,2274,269,0,0,0,269,A
3-PA,1,48,0,0,0,48,A
3-PA,2,0,49,0,0,49,T
3-PA,3,0,0,51,0,51,G
3-PA,4,0,0,54,0,54,G
3-PA,5,54,0,0,0,54,A
3-PA,6,54,0,0,0,54,A
3-PA,7,0,0,56,0,56,G
3-PA,8,57,0,0,0,57,A
3-PA,9,0,57,0,0,57,T
3-PA,10,0,56,0,1,57,T
3-PA,11,0,60,0,0,60,T
3-PA,12,0,61,0,0,61,T
3-PA,13,0,0,63,0,63,G
3-PA,14,0,63,0,0,63,T
3-PA,15,0,0,63,0,63,G
3-PA,16,0,0,0,64,64,C
3-PA,17,1,0,63,0,64,G
3-PA,18,71,0,0,0,71,A
3-PA,19,0,0,0,71,71,C
3-PA,20,71,0,0,0,71,A
3-PA,21,71,0,0,0,71,A
3-PA,22,0,73,0,0,73,T
3-PA,23,0,0,83,0,83,G
3-PA,24,0,0,0,87,87,C
3-PA,25,0,88,0,0,88,T
3-PA,26,0,89,0,0,89,T
3-PA,27,0,0,0,89,89,C
3-PA,28,92,0,0,0,92,A
3-PA,29,93,0,0,0,93,A
3-PA,30,0,0,0,94,94,C
3-PA,31,0,0,0,95,95,C
3-PA,32,0,0,0,95,95,C
3-PA,33,0,0,96,0,96,G
3-PA,34,96,0,0,0,96,A
3-PA,35,0,96,0,0,96,T
3-PA,36,0,0,96,0,96,G
3-PA,37,96,0,0,0,96,A
3-PA,38,0,97,0,0,97,T
3-PA,39,0,98,0,0,98,T
3-PA,40,0,0,99,0,99,G
3-PA,41,0,99,0,0,99,T
3-PA,42,1,0,0,97,98,C
3-PA,43,0,0,96,0,96,G
3-PA,44,100,0,0,0,100,A
3-PA,45,101,0,0,0,101,A
3-PA,46,0,0,0,100,100,C
3-PA,47,0,102,0,0,102,T
3-PA,48,0,102,0,0,102,T
3-PA,49,0,0,103,0,103,G
3-PA,50,0,0,0,106,106,C
3-PA,51,106,0,0,0,106,A
3-PA,52,0,0,106,0,106,G
3-PA,53,106,0,0,0,106,A
3-PA,54,106,0,0,0,106,A
3-PA,55,105,0,0,0,105,A
3-PA,56,105,0,0,0,105,A
3-PA,57,105,0,0,0,105,A
3-PA,58,0,0,105,0,105,G
3-PA,59,0,0,0,106,106,C
3-PA,60,108,0,0,0,108,A
3-PA,61,120,0,0,0,120,A
3-PA,62,0,120,0,0,120,T
3-PA,63,0,0,123,0,123,G
3-PA,64,124,0,0,0,124,A
3-PA,65,124,0,0,0,124,A
3-PA,66,125,0,0,0,125,A
3-PA,67,0,0,133,0,133,G
3-PA,68,149,0,0,0,149,A
3-PA,69,0,0,179,0,179,G
3-PA,70,0,180,0,0,180,T
3-PA,71,179,0,1,0,180,A
3-PA,72,0,180,0,0,180,T
3-PA,73,0,0,183,0,183,G
3-PA,74,0,0,183,0,183,G
3-PA,75,0,0,183,0,183,G
3-PA,76,0,0,181,0,181,G
3-PA,77,181,0,0,0,181,A
3-PA,78,0,0,181,0,181,G
3-PA,79,0,0,183,0,183,G
3-PA,80,183,0,0,0,183,A
3-PA,81,0,186,0,1,187,T
3-PA,82,0,0,0,187,187,C
3-PA,83,0,187,0,0,187,T
3-PA,84,0,0,188,0,188,G
3-PA,85,187,0,1,0,188,A
3-PA,86,187,0,0,0,187,A
3-PA,87,187,0,1,0,188,A
3-PA,88,188,0,0,0,188,A
3-PA,89,0,187,0,0,187,T
3-PA,90,0,188,0,0,188,T
3-PA,91,0,0,186,0,186,G
3-PA,92,186,0,1,0,187,A
3-PA,93,187,0,1,0,188,A
3-PA,94,186,0,0,0,186,A
3-PA,95,0,0,0,189,189,C
3-PA,96,193,0,0,0,193,A
3-PA,97,195,0,0,0,195,A
3-PA,98,195,0,0,0,195,A
3-PA,99,1,0,0,194,195,C
3-PA,100,196,0,0,0,196,A
3-PA,101,196,0,0,0,196,A
3-PA,102,196,0,0,0,196,A
3-PA,103,0,196,0,0,196,T
3-PA,104,0,198,0,0,198,T
3-PA,105,0,197,0,0,197,T
3-PA,106,0,0,197,0,197,G
3-PA,107,0,0,0,202,202,C
3-PA,108,202,0,0,0,202,A
3-PA,109,0,0,211,0,211,G
3-PA,110,0,1,0,209,210,C
3-PA,111,227,0,0,0,227,A
3-PA,112,228,0,0,0,228,A
3-PA,113,0,232,0,0,232,T
3-PA,114,237,0,0,0,237,A
3-PA,115,0,236,0,0,236,T
3-PA,116,0,0,238,0,238,G
3-PA,117,0,0,0,241,241,C
3-PA,118,240,0,0,0,240,A
3-PA,119,0,0,0,247,247,C
3-PA,120,0,246,0,0,246,T
3-PA,121,0,0,0,286,286,C
3-PA,122,293,0,0,0,293,A
3-PA,123,0,0,0,297,297,C
3-PA,124,0,298,0,0,298,T
3-PA,125,0,298,0,0,298,T
3-PA,126,0,0,296,0,296,G
3-PA,127,0,0,299,0,299,G
3-PA,128,295,1,0,1,297,A
3-PA,129,0,0,299,0,299,G
3-PA,130,0,0,302,0,302,G
3-PA,131,0,290,0,2,292,T
3-PA,132,0,0,301,0,301,G
3-PA,133,0,301,0,0,301,T
3-PA,134,0,0,311,0,311,G
3-PA,135,1,306,0,0,307,T
3-PA,136,0,308,0,0,308,T
3-PA,137,0,307,0,0,307,T
3-PA,138,0,0,0,308,308,C
3-PA,139,307,0,0,0,307,A
3-PA,140,0,307,0,1,308,T
3-PA,141,0,0,314,0,314,G
3-PA,142,0,310,0,0,310,T
3-PA,143,307,0,0,0,307,A
3-PA,144,0,307,0,0,307,T
3-PA,145,0,306,0,0,306,T
3-PA,146,1,0,0,303,304,C
3-PA,147,305,0,0,0,305,A
3-PA,148,0,0,304,0,304,G
3-PA,149,304,0,0,0,304,A
3-PA,150,0,305,0,0,305,T
3-PA,151,1,302,0,1,304,T
3-PA,152,0,305,0,1,306,T
3-PA,153,0,0,0,306,306,C
3-PA,154,0,0,0,311,311,C
3-PA,155,309,0,0,0,309,A
3-PA,156,0,310,0,0,310,T
3-PA,157,1,309,0,0,310,T
3-PA,158,0,310,0,0,310,T
3-PA,159,0,2,0,305,307,C
3-PA,160,307,0,0,0,307,A
3-PA,161,0,314,0,0,314,T
3-PA,162,0,0,0,316,316,C
3-PA,163,315,0,0,0,315,A
3-PA,164,317,0,0,0,317,A
3-PA,165,0,316,0,0,316,T
3-PA,166,0,0,338,0,338,G
3-PA,167,338,0,0,0,338,A
3-PA,168,334,1,0,0,335,A
3-PA,169,0,0,0,337,337,C
3-PA,170,333,0,1,0,334,A
3-PA,171,340,0,0,0,340,A
3-PA,172,0,0,338,0,338,G
3-PA,173,0,0,343,0,343,G
3-PA,174,0,0,0,343,343,C
3-PA,175,0,0,345,0,345,G
3-PA,176,361,0,1,0,362,A
3-PA,177,362,0,1,0,363,A
3-PA,178,0,363,0,0,363,T
3-PA,179,1,0,0,368,369,C
3-PA,180,368,0,0,0,368,A
3-PA,181,366,0,2,0,368,A
3-PA,182,1,368,0,0,369,T
3-PA,183,368,0,0,0,368,A
3-PA,184,0,0,374,0,374,G
3-PA,185,0,376,0,2,378,T
3-PA,186,0,0,379,0,379,G
3-PA,187,0,0,378,0,378,G
3-PA,188,0,375,0,0,375,T
3-PA,189,374,0,1,0,375,A
3-PA,190,0,0,382,0,382,G
3-PA,191,378,0,0,0,378,A
3-PA,192,380,0,2,0,382,A
3-PA,193,0,0,0,380,380,C
3-PA,194,0,377,0,0,377,T
3-PA,195,0,376,0,0,376,T
3-PA,196,0,0,375,0,375,G
3-PA,197,372,1,1,0,374,A
3-PA,198,0,0,0,374,374,C
3-PA,199,0,0,375,0,375,G
3-PA,200,383,0,0,0,383,A
3-PA,201,0,387,0,0,387,T
3-PA,202,0,0,0,387,387,C
3-PA,203,0,0,0,390,390,C
3-PA,204,389,0,0,0,389,A
3-PA,205,394,0,0,0,394,A
3-PA,206,395,0,0,0,395,A
3-PA,207,0,394,0,1,395,T
3-PA,208,0,1,392,0,393,G
3-PA,209,0,1,0,390,391,C
3-PA,210,389,0,1,0,390,A
3-PA,211,0,0,0,410,410,C
3-PA,212,0,405,0,0,405,T
3-PA,213,1,0,487,0,488,G
3-PA,214,0,487,0,1,488,T
3-PA,215,0,489,0,0,489,T
3-PA,216,489,0,0,0,489,A
3-PA,217,488,0,0,0,488,A
3-PA,218,486,0,1,0,487,A
3-PA,219,0,0,490,0,490,G
3-PA,220,0,0,0,484,484,C
3-PA,221,482,0,0,0,482,A
3-PA,222,0,2,0,479,481,C
3-PA,223,470,0,0,0,470,A
3-PA,224,0,0,498,0,498,G
3-PA,225,495,0,0,0,495,A
3-PA,226,0,495,0,0,495,T
3-PA,227,0,494,0,0,494,T
3-PA,228,0,496,0,1,497,T
3-PA,229,0,0,501,0,501,G
3-PA,230,501,0,0,0,501,A
3-PA,231,500,0,0,0,500,A
3-PA,232,498,1,0,0,499,A
3-PA,233,0,491,0,0,491,T
3-PA,234,491,0,0,0,491,A
3-PA,235,497,0,0,0,497,A
3-PA,236,1,493,0,1,495,T
3-PA,237,1,1,0,496,498,C
3-PA,238,0,0,496,0,496,G
3-PA,239,497,0,1,0,498,A
3-PA,240,0,2,497,0,499,G
3-PA,241,1,0,501,0,502,G
3-PA,242,0,0,502,0,502,G
3-PA,243,0,0,501,0,501,G
3-PA,244,495,0,0,0,495,A
3-PA,245,0,0,504,0,504,G
3-PA,246,516,0,0,0,516,A
3-PA,247,0,1,515,0,516,G
3-PA,248,517,0,0,0,517,A
3-PA,249,0,0,0,518,518,C
3-PA,250,514,0,0,0,514,A
3-PA,251,0,0,521,0,521,G
3-PA,252,522,1,0,0,523,A
3-PA,253,529,0,0,0,529,A
3-PA,254,0,0,0,529,529,C
3-PA,255,521,0,0,0,521,A
3-PA,256,521,0,0,0,521,A
3-PA,257,0,520,0,0,520,T
3-PA,258,4,2,531,0,537,G
3-PA,259,0,0,541,0,541,G
3-PA,260,1,0,0,540,541,C
3-PA,261,2,0,0,541,543,C
3-PA,262,0,539,1,0,540,T
3-PA,263,0,1,552,0,553,G
3-PA,264,0,0,558,0,558,G
3-PA,265,557,0,1,0,558,A
3-PA,266,0,0,0,562,562,C
3-PA,267,550,0,0,0,550,A
3-PA,268,0,0,596,0,596,G
3-PA,269,0,593,0,1,594,T
3-PA,270,606,0,0,0,606,A
3-PA,271,0,0,608,0,608,G
3-PA,272,1,592,0,1,594,T
3-PA,273,601,0,0,0,601,A
3-PA,274,598,0,1,0,599,A
3-PA,275,600,0,0,0,600,A
3-PA,276,0,0,0,609,609,C
3-PA,277,574,0,1,0,575,A
3-PA,278,0,0,587,0,587,G
3-PA,279,0,587,0,0,587,T
3-PA,280,588,0,0,0,588,A
3-PA,281,0,583,0,0,583,T
3-PA,282,0,0,0,594,594,C
3-PA,283,0,597,0,0,597,T
3-PA,284,0,0,596,0,596,G
3-PA,285,0,0,0,597,597,C
3-PA,286,594,0,0,0,594,A
3-PA,287,594,0,1,0,595,A
3-PA,288,0,0,0,597,597,C
3-PA,289,596,0,0,0,596,A
3-PA,290,0,0,0,619,619,C
3-PA,291,0,615,0,0,615,T
3-PA,292,617,0,1,0,618,A
3-PA,293,0,0,0,616,616,C
3-PA,294,1,611,0,0,612,T
3-PA,295,0,1,608,0,609,G
3-PA,296,1,0,608,0,609,G
3-PA,297,605,0,0,0,605,A
3-PA,298,1,0,604,0,605,G
3-PA,299,0,0,0,598,598,C
3-PA,300,1,598,1,1,601,T
3-PA,301,1,0,599,0,600,G
3-PA,302,0,0,597,0,597,G
3-PA,303,0,0,599,0,599,G
3-PA,304,599,0,0,0,599,A
3-PA,305,599,0,0,0,599,A
3-PA,306,600,1,0,0,601,A
3-PA,307,0,0,0,598,598,C
3-PA,308,0,0,0,596,596,C
3-PA,309,0,0,598,0,598,G
3-PA,310,596,0,0,0,596,A
3-PA,311,595,0,0,0,595,A
3-PA,312,0,0,601,0,601,G
3-PA,313,0,597,0,0,597,T
3-PA,314,0,593,0,1,594,T
3-PA,315,0,598,0,1,599,T
3-PA,316,0,0,0,599,599,C
3-PA,317,0,604,0,0,604,T
3-PA,318,603,0,0,0,603,A
3-PA,319,0,2,0,594,596,C
3-PA,320,2,0,0,601,603,C
3-PA,321,598,0,0,0,598,A
3-PA,322,0,0,601,0,601,G
3-PA,323,605,0,0,0,605,A
3-PA,324,0,601,0,0,601,T
3-PA,325,0,602,0,1,603,T
3-PA,326,0,602,0,0,602,T
3-PA,327,0,0,604,0,604,G
3-PA,328,0,607,0,0,607,T
3-PA,329,606,0,1,0,607,A
3-PA,330,0,605,0,0,605,T
3-PA,331,1,0,594,0,595,G
3-PA,332,629,0,0,0,629,A
3-PA,333,0,630,0,0,630,T
3-PA,334,0,633,0,0,633,T
3-PA,335,634,0,0,0,634,A
3-PA,336,1,0,0,633,634,C
3-PA,337,641,0,0,0,641,A
3-PA,338,640,0,0,0,640,A
3-PA,339,0,1,637,0,638,G
3-PA,340,0,1,640,1,642,G
3-PA,341,628,0,1,0,629,A
3-PA,342,0,1,639,0,640,G
3-PA,343,636,0,1,0,637,A
3-PA,344,639,0,1,0,640,A
3-PA,345,0,1,1,639,641,C
3-PA,346,636,1,0,0,637,A
3-PA,347,0,1,636,0,637,G
3-PA,348,634,0,0,0,634,A
3-PA,349,0,625,0,1,626,T
3-PA,350,1,628,0,0,629,T
3-PA,351,0,0,1,618,619,C
3-PA,352,619,0,0,0,619,A
3-PA,353,0,617,0,0,617,T
3-PA,354,2,0,0,617,619,C
3-PA,355,1,1,615,0,617,G
3-PA,356,621,0,0,0,621,A
3-PA,357,622,0,1,0,623,A
3-PA,358,624,0,0,0,624,A
3-PA,359,0,622,0,0,622,T
3-PA,360,0,616,0,0,616,T
3-PA,361,0,1,620,0,621,G
3-PA,362,0,1,621,0,622,G
3-PA,363,0,1,616,0,617,G
3-PA,364,0,0,621,0,621,G
3-PA,365,0,614,0,0,614,T
3-PA,366,1,2,613,1,617,G
3-PA,367,620,0,0,0,620,A
3-PA,368,0,0,1,622,623,C
3-PA,369,617,0,5,0,622,A
3-PA,370,625,0,0,0,625,A
3-PA,371,1,0,638,0,639,G
3-PA,372,0,1,639,0,640,G
3-PA,373,640,0,1,0,641,A
3-PA,374,0,2,640,1,643,G
3-PA,375,630,0,0,0,630,A
3-PA,376,0,0,632,0,632,G
3-PA,377,624,0,1,0,625,A
3-PA,378,625,0,0,0,625,A
3-PA,379,0,1,642,0,643,G
3-PA,380,0,631,0,0,631,T
3-PA,381,1,1,0,629,631,C
3-PA,382,1,0,0,634,635,C
3-PA,383,635,0,0,0,635,A
3-PA,384,0,1,0,643,644,C
3-PA,385,660,0,0,0,660,A
3-PA,386,0,673,0,2,675,T
3-PA,387,693,0,0,0,693,A
3-PA,388,0,677,0,0,677,T
3-PA,389,675,0,1,0,676,A
3-PA,390,0,670,0,1,671,T
3-PA,391,0,666,0,0,666,T
3-PA,392,694,0,0,0,694,A
3-PA,393,0,0,0,690,690,C
3-PA,394,0,0,0,671,671,C
3-PA,395,0,657,0,2,659,T
3-PA,396,0,638,0,1,639,T
3-PA,397,0,0,639,0,639,G
3-PA,398,638,0,0,0,638,A
3-PA,399,0,0,610,0,610,G
3-PA,400,613,0,0,0,613,A
3-PA,401,611,0,0,0,611,A
3-PA,402,0,0,619,0,619,G
3-PA,403,0,0,623,0,623,G
3-PA,404,0,0,0,620,620,C
3-PA,405,0,1,0,623,624,C
3-PA,406,619,0,0,0,619,A
3-PA,407,618,0,0,0,618,A
3-PA,408,0,619,1,0,620,T
3-PA,409,619,0,0,0,619,A
3-PA,410,618,0,0,0,618,A
3-PA,411,0,0,624,0,624,G
3-PA,412,615,0,0,0,615,A
3-PA,413,0,613,1,0,614,T
3-PA,414,0,614,0,0,614,T
3-PA,415,613,1,0,0,614,A
3-PA,416,614,0,1,0,615,A
3-PA,417,618,0,0,0,618,A
3-PA,418,0,612,0,0,612,T
3-PA,419,1,0,0,618,619,C
3-PA,420,0,611,0,0,611,T
3-PA,421,0,3,613,0,616,G
3-PA,422,616,0,0,0,616,A
3-PA,423,0,0,617,0,617,G
3-PA,424,617,0,1,0,618,A
3-PA,425,614,1,1,0,616,A
3-PA,426,0,0,0,613,613,C
3-PA,427,615,0,0,0,615,A
3-PA,428,0,0,0,615,615,C
3-PA,429,618,0,0,0,618,A
3-PA,430,1,0,0,621,622,C
3-PA,431,618,0,0,0,618,A
3-PA,432,0,1,0,627,628,C
3-PA,433,623,0,0,0,623,A
3-PA,434,1,614,0,1,616,T
3-PA,435,0,616,0,1,617,T
3-PA,436,1,0,0,614,615,C
3-PA,437,617,0,0,0,617,A
3-PA,438,0,0,0,621,621,C
3-PA,439,615,0,0,0,615,A
3-PA,440,0,610,0,1,611,T
3-PA,441,0,598,0,0,598,T
3-PA,442,0,598,0,0,598,T
3-PA,443,0,602,0,0,602,T
3-PA,444,0,1,0,605,606,C
3-PA,445,0,601,0,0,601,T
3-PA,446,0,0,0,600,600,C
3-PA,447,602,0,0,0,602,A
3-PA,448,1,599,0,0,600,T
3-PA,449,0,599,0,0,599,T
3-PA,450,1,0,1,593,595,C
3-PA,451,595,1,0,0,596,A
3-PA,452,0,0,0,604,604,C
3-PA,453,0,601,0,0,601,T
3-PA,454,0,1,602,0,603,G
3-PA,455,0,0,598,0,598,G
3-PA,456,580,0,1,0,581,A
3-PA,457,0,0,592,0,592,G
3-PA,458,595,0,1,0,596,A
3-PA,459,1,0,599,0,600,G
3-PA,460,0,0,600,0,600,G
3-PA,461,597,0,0,0,597,A
3-PA,462,599,0,0,0,599,A
3-PA,463,595,0,0,0,595,A
3-PA,464,0,585,0,0,585,T
3-PA,465,0,0,587,0,587,G
3-PA,466,1,2,583,0,586,G
3-PA,467,1,0,0,586,587,C
3-PA,468,1,1,0,582,584,C
3-PA,469,583,0,0,0,583,A
3-PA,470,0,0,0,588,588,C
3-PA,471,588,0,0,0,588,A
3-PA,472,588,0,0,0,588,A
3-PA,473,589,0,2,0,591,A
3-PA,474,0,0,589,0,589,G
3-PA,475,0,0,585,0,585,G
3-PA,476,0,0,0,585,585,C
3-PA,477,586,0,0,0,586,A
3-PA,478,0,1,585,0,586,G
3-PA,479,583,1,0,0,584,A
3-PA,480,0,0,0,589,589,C
3-PA,481,0,587,0,2,589,T
3-PA,482,588,0,0,0,588,A
3-PA,483,0,0,0,587,587,C
3-PA,484,584,0,0,0,584,A
3-PA,485,0,0,0,587,587,C
3-PA,486,0,569,0,2,571,T
3-PA,487,0,0,0,572,572,C
3-PA,488,0,570,0,0,570,T
3-PA,489,3,1,0,560,564,C
3-PA,490,0,0,564,0,564,G
3-PA,491,564,0,0,0,564,A
3-PA,492,0,0,0,561,561,C
3-PA,493,0,0,565,0,565,G
3-PA,494,566,0,1,0,567,A
3-PA,495,0,0,563,0,563,G
3-PA,496,0,0,563,0,563,G
3-PA,497,561,0,1,0,562,A
3-PA,498,561,0,0,0,561,A
3-PA,499,556,0,3,0,559,A
3-PA,500,0,0,562,0,562,G
3-PA,501,0,1,0,559,560,C
3-PA,502,551,0,1,0,552,A
3-PA,503,0,0,560,0,560,G
3-PA,504,0,2,560,0,562,G
3-PA,505,1,0,562,0,563,G
3-PA,506,0,0,0,559,559,C
3-PA,507,0,555,0,0,555,T
3-PA,508,554,0,0,0,554,A
3-PA,509,0,1,562,0,563,G
3-PA,510,0,0,586,0,586,G
3-PA,511,592,0,0,0,592,A
3-PA,512,0,575,0,0,575,T
3-PA,513,0,568,0,0,568,T
3-PA,514,569,0,0,0,569,A
3-PA,515,571,0,0,0,571,A
3-PA,516,0,1,572,0,573,G
3-PA,517,574,1,0,0,575,A
3-PA,518,0,0,0,571,571,C
3-PA,519,1,0,0,534,535,C
3-PA,520,527,0,0,0,527,A
3-PA,521,0,0,531,0,531,G
3-PA,522,0,0,527,0,527,G
3-PA,523,0,0,0,527,527,C
3-PA,524,1,517,0,0,518,T
3-PA,525,0,0,531,0,531,G
3-PA,526,0,527,0,1,528,T
3-PA,527,0,525,1,2,528,T
3-PA,528,0,531,0,0,531,T
3-PA,529,528,0,0,0,528,A
3-PA,530,1,0,0,534,535,C
3-PA,531,0,0,0,526,526,C
3-PA,532,522,0,0,0,522,A
3-PA,533,0,523,0,0,523,T
3-PA,534,498,0,0,0,498,A
3-PA,535,500,0,0,0,500,A
3-PA,536,0,1,499,0,500,G
3-PA,537,502,0,1,0,503,A
3-PA,538,1,1,0,502,504,C
3-PA,539,486,0,0,0,486,A
3-PA,540,487,0,0,0,487,A
3-PA,541,0,0,489,0,489,G
3-PA,542,489,0,0,0,489,A
3-PA,543,489,0,1,0,490,A
3-PA,544,480,0,0,0,480,A
3-PA,545,0,470,0,0,470,T
3-PA,546,0,4,470,0,474,G
3-PA,547,0,0,475,0,475,G
3-PA,548,0,0,0,474,474,C
3-PA,549,2,0,0,476,478,C
3-PA,550,474,0,0,0,474,A
3-PA,551,489,0,0,0,489,A
3-PA,552,1,0,0,486,487,C
3-PA,553,484,0,2,0,486,A
3-PA,554,0,1,487,0,488,G
3-PA,555,478,0,1,0,479,A
3-PA,556,0,0,484,0,484,G
3-PA,557,1,0,489,0,490,G
3-PA,558,0,1,0,486,487,C
3-PA,559,0,0,0,489,489,C
3-PA,560,0,488,0,0,488,T
3-PA,561,489,0,0,0,489,A
3-PA,562,0,497,0,0,497,T
3-PA,563,0,0,497,0,497,G
3-PA,564,0,0,500,0,500,G
3-PA,565,0,0,468,0,468,G
3-PA,566,438,0,0,0,438,A
3-PA,567,0,433,0,0,433,T
3-PA,568,1,419,0,1,421,T
3-PA,569,0,0,0,505,505,C
3-PA,570,0,1,0,485,486,C
3-PA,571,0,483,0,0,483,T
3-PA,572,0,485,0,0,485,T
3-PA,573,0,483,0,0,483,T
3-PA,574,1,0,0,485,486,C
3-PA,575,0,0,484,0,484,G
3-PA,576,0,485,0,1,486,T
3-PA,577,0,0,0,484,484,C
3-PA,578,469,0,1,0,470,A
3-PA,579,0,0,565,0,565,G
3-PA,580,0,563,0,1,564,T
3-PA,581,0,0,0,563,563,C
3-PA,582,1,0,0,571,572,C
3-PA,583,1,0,581,0,582,G
3-PA,584,585,0,0,1,586,A
3-PA,585,584,0,0,0,584,A
3-PA,586,585,0,0,0,585,A
3-PA,587,0,0,602,0,602,G
3-PA,588,584,0,1,0,585,A
3-PA,589,0,1,589,0,590,G
3-PA,590,0,0,587,0,587,G
3-PA,591,0,0,0,589,589,C
3-PA,592,0,0,593,0,593,G
3-PA,593,596,1,0,0,597,A
3-PA,594,598,0,0,0,598,A
3-PA,595,0,0,606,0,606,G
3-PA,596,602,1,0,0,603,A
3-PA,597,600,0,1,0,601,A
3-PA,598,603,0,0,0,603,A
3-PA,599,0,1,0,617,618,C
3-PA,600,619,0,0,0,619,A
3-PA,601,621,0,0,0,621,A
3-PA,602,0,619,0,0,619,T
3-PA,603,0,618,0,0,618,T
3-PA,604,0,0,622,0,622,G
3-PA,605,620,0,0,0,620,A
3-PA,606,620,0,1,1,622,A
3-PA,607,0,0,622,0,622,G
3-PA,608,622,0,0,0,622,A
3-PA,609,620,0,0,0,620,A
3-PA,610,620,0,0,0,620,A
3-PA,611,620,1,0,0,621,A
3-PA,612,625,0,0,0,625,A
3-PA,613,0,630,0,0,630,T
3-PA,614,0,625,0,0,625,T
3-PA,615,0,631,0,1,632,T
3-PA,616,1,0,630,0,631,G
3-PA,617,633,0,0,0,633,A
3-PA,618,632,0,0,0,632,A
3-PA,619,634,0,0,0,634,A
3-PA,620,0,648,0,0,648,T
3-PA,621,0,0,0,718,718,C
3-PA,622,719,1,0,0,720,A
3-PA,623,0,0,0,729,729,C
3-PA,624,725,0,3,0,728,A
3-PA,625,0,0,741,0,741,G
3-PA,626,0,1,763,0,764,G
3-PA,627,787,1,0,0,788,A
3-PA,628,806,0,0,0,806,A
3-PA,629,0,0,0,815,815,C
3-PA,630,0,784,0,0,784,T
3-PA,631,840,0,0,0,840,A
3-PA,632,0,853,0,0,853,T
3-PA,633,0,0,889,0,889,G
3-PA,634,0,0,0,883,883,C
3-PA,635,0,0,875,0,875,G
3-PA,636,0,869,0,1,870,T
3-PA,637,867,0,0,0,867,A
3-PA,638,0,1,874,0,875,G
3-PA,639,0,0,872,0,872,G
3-PA,640,0,0,0,857,857,C
3-PA,641,0,855,0,0,855,T
3-PA,642,0,850,0,0,850,T
3-PA,643,0,0,851,0,851,G
3-PA,644,1,0,0,848,849,C
3-PA,645,1,0,0,854,855,C
3-PA,646,0,0,855,0,855,G
3-PA,647,861,0,0,0,861,A
3-PA,648,0,0,0,867,867,C
3-PA,649,0,0,0,866,866,C
3-PA,650,872,1,0,0,873,A
3-PA,651,872,0,1,0,873,A
3-PA,652,871,0,0,0,871,A
3-PA,653,1,0,889,0,890,G
3-PA,654,0,893,0,1,894,T
3-PA,655,3,0,0,892,895,C
3-PA,656,0,892,0,0,892,T
3-PA,657,0,0,0,894,894,C
3-PA,658,0,0,0,894,894,C
3-PA,659,0,0,1,894,895,C
3-PA,660,897,0,0,0,897,A
3-PA,661,0,1,0,901,902,C
3-PA,662,0,0,0,890,890,C
3-PA,663,2,1,891,0,894,G
3-PA,664,909,0,0,0,909,A
3-PA,665,907,0,0,0,907,A
3-PA,666,0,0,0,919,919,C
3-PA,667,0,906,0,0,906,T
3-PA,668,0,924,0,1,925,T
3-PA,669,0,0,0,942,942,C
3-PA,670,0,935,0,1,936,T
3-PA,671,1,0,0,938,939,C
3-PA,672,0,0,0,939,939,C
3-PA,673,0,929,0,2,931,T
3-PA,674,1,0,942,0,943,G
3-PA,675,0,0,0,939,939,C
3-PA,676,0,0,0,949,949,C
3-PA,677,0,944,0,0,944,T
3-PA,678,0,943,0,0,943,T
3-PA,679,0,0,948,0,948,G
3-PA,680,946,0,0,0,946,A
3-PA,681,0,1,958,0,959,G
3-PA,682,956,0,0,0,956,A
3-PA,683,971,0,0,0,971,A
3-PA,684,0,998,0,0,998,T
3-PA,685,1,1000,0,1,1002,T
3-PA,686,0,999,0,5,1004,T
3-PA,687,0,1007,0,0,1007,T
3-PA,688,1003,0,0,0,1003,A
3-PA,689,2,0,1006,0,1008,G
3-PA,690,997,0,3,0,1000,A
3-PA,691,0,0,1030,0,1030,G
3-PA,692,0,1,0,1023,1024,C
3-PA,693,1,0,0,1039,1040,C
3-PA,694,0,1054,0,1,1055,T
3-PA,695,1114,0,0,0,1114,A
3-PA,696,0,1115,0,0,1115,T
3-PA,697,0,0,1119,0,1119,G
3-PA,698,0,1116,0,0,1116,T
3-PA,699,0,3,1133,0,1136,G
3-PA,700,1,0,1117,0,1118,G
3-PA,701,1114,0,2,0,1116,A
3-PA,702,0,1107,0,0,1107,T
3-PA,703,14,0,1080,1,1095,G
3-PA,704,0,1,1122,0,1123,G
3-PA,705,1126,0,0,0,1126,A
3-PA,706,0,1120,0,0,1120,T
3-PA,707,0,1120,0,0,1120,T
3-PA,708,1,0,0,1119,1120,C
3-PA,709,1,1,1120,0,1122,G
3-PA,710,1126,0,0,0,1126,A
3-PA,711,1126,0,1,0,1127,A
3-PA,712,1,1,0,1127,1129,C
3-PA,713,5,0,0,1099,1104,C
3-PA,714,0,1,1107,0,1108,G
3-PA,715,1105,0,1,0,1106,A
3-PA,716,1108,0,2,0,1110,A
3-PA,717,0,0,0,1119,1119,C
3-PA,718,1,1,1110,0,1112,G
3-PA,719,0,1,1136,0,1137,G
3-PA,720,0,0,0,1136,1136,C
3-PA,721,0,1131,0,2,1133,T
3-PA,722,0,0,1164,0,1164,G
3-PA,723,1,0,0,1172,1173,C
3-PA,724,1181,0,2,0,1183,A
3-PA,725,0,1185,0,0,1185,T
3-PA,726,0,1163,0,2,1165,T
3-PA,727,1,0,1164,0,1165,G
3-PA,728,1137,0,2,0,1139,A
3-PA,729,1,2,1165,0,1168,G
3-PA,730,3,0,1165,0,1168,G
3-PA,731,0,0,1168,1,1169,G
3-PA,732,0,1,0,1163,1164,C
3-PA,733,1160,0,0,0,1160,A
3-PA,734,1162,0,2,0,1164,A
3-PA,735,0,0,1173,0,1173,G
3-PA,736,0,3,0,1179,1182,C
3-PA,737,0,1187,0,0,1187,T
3-PA,738,0,1182,0,0,1182,T
3-PA,739,1,1195,0,1,1197,T
3-PA,740,1,1,0,1191,1193,C
3-PA,741,2,1188,0,2,1192,T
3-PA,742,0,1,0,1198,1199,C
3-PA,743,1196,0,1,0,1197,A
3-PA,744,1192,0,1,0,1193,A
3-PA,745,1191,0,0,0,1191,A
3-PA,746,0,1193,0,0,1193,T
3-PA,747,1,0,1218,0,1219,G
3-PA,748,0,1215,1,2,1218,T
3-PA,749,0,0,0,1232,1232,C
3-PA,750,0,0,0,1233,1233,C
3-PA,751,1235,1,0,0,1236,A
3-PA,752,1230,0,3,0,1233,A
3-PA,753,1236,0,0,0,1236,A
3-PA,754,1,1,1250,0,1252,G
3-PA,755,1255,0,1,0,1256,A
3-PA,756,1219,0,4,1,1224,A
3-PA,757,1,0,1232,0,1233,G
3-PA,758,1,1224,0,1,1226,T
3-PA,759,0,0,1219,0,1219,G
3-PA,760,1216,0,0,2,1218,A
3-PA,761,1221,0,0,1,1222,A
3-PA,762,1,1223,0,0,1224,T
3-PA,763,1,0,1227,0,1228,G
3-PA,764,2,1,0,1232,1235,C
3-PA,765,3,0,0,1224,1227,C
3-PA,766,3,0,0,1227,1230,C
3-PA,767,1242,0,0,0,1242,A
3-PA,768,1256,0,0,0,1256,A
3-PA,769,1267,0,0,0,1267,A
3-PA,770,0,1264,1,0,1265,T
3-PA,771,0,1261,0,1,1262,T
3-PA,772,1,0,1266,0,1267,G
3-PA,773,1263,0,0,1,1264,A
3-PA,774,1263,2,1,0,1266,A
3-PA,775,1,0,0,1267,1268,C
3-PA,776,1,0,0,1262,1263,C
3-PA,777,0,1253,0,0,1253,T
3-PA,778,0,1292,0,1,1293,T
3-PA,779,0,1298,0,1,1299,T
3-PA,780,0,1318,0,0,1318,T
3-PA,781,0,0,0,1327,1327,C
3-PA,782,0,1324,0,0,1324,T
3-PA,783,0,0,1330,0,1330,G
3-PA,784,1329,0,0,0,1329,A
3-PA,785,1337,0,1,0,1338,A
3-PA,786,0,2,1347,0,1349,G
3-PA,787,1336,0,1,0,1337,A
3-PA,788,0,2,0,1335,1337,C
3-PA,789,1323,0,1,0,1324,A
3-PA,790,1332,0,1,1,1334,A
3-PA,791,0,0,0,1479,1479,C
3-PA,792,1488,0,3,0,1491,A
3-PA,793,0,0,0,1489,1489,C
3-PA,794,1,0,0,1475,1476,C
3-PA,795,1475,0,2,0,1477,A
3-PA,796,1475,1,2,1,1479,A
3-PA,797,0,1,1481,1,1483,G
3-PA,798,1478,0,7,0,1485,A
3-PA,799,1,0,1,1483,1485,C
3-PA,800,3,2,0,1400,1405,C
3-PA,801,1407,0,2,0,1409,A
3-PA,802,1412,1,1,1,1415,A
3-PA,803,0,1414,0,1,1415,T
3-PA,804,1,0,0,1417,1418,C
3-PA,805,1414,0,0,1,1415,A
3-PA,806,1410,1,0,0,1411,A
3-PA,807,1410,0,0,1,1411,A
3-PA,808,0,0,0,1422,1422,C
3-PA,809,0,1410,0,1,1411,T
3-PA,810,0,1405,0,1,1406,T
3-PA,811,2,0,0,1418,1420,C
3-PA,812,1,1,0,1418,1420,C
3-PA,813,0,1,1430,0,1431,G
3-PA,814,1432,0,0,0,1432,A
3-PA,815,1435,0,0,0,1435,A
3-PA,816,1,1437,0,0,1438,T
3-PA,817,0,0,1426,0,1426,G
3-PA,818,0,1,1429,1,1431,G
3-PA,819,1437,1,1,0,1439,A
3-PA,820,0,0,0,1444,1444,C
3-PA,821,1,0,0,1439,1440,C
3-PA,822,0,1488,0,1,1489,T
3-PA,823,1,0,0,1521,1522,C
3-PA,824,1,0,0,1519,1520,C
3-PA,825,0,1520,0,0,1520,T
3-PA,826,0,1523,0,0,1523,T
3-PA,827,0,0,1581,0,1581,G
3-PA,828,0,1571,0,2,1573,T
3-PA,829,0,1576,0,1,1577,T
3-PA,830,1573,0,0,0,1573,A
3-PA,831,0,1531,0,6,1537,T
3-PA,832,1,0,0,1529,1530,C
3-PA,833,1510,1,2,0,1513,A
3-PA,834,0,0,1516,0,1516,G
3-PA,835,0,2,0,1508,1510,C
3-PA,836,2,1,1475,0,1478,G
3-PA,837,2,0,1519,1,1522,G
3-PA,838,0,1523,0,2,1525,T
3-PA,839,1,1,0,1525,1527,C
3-PA,840,0,1,0,1532,1533,C
3-PA,841,1543,1,0,0,1544,A
3-PA,842,1545,0,0,1,1546,A
3-PA,843,1546,0,0,0,1546,A
3-PA,844,0,1546,0,1,1547,T
3-PA,845,1,1541,1,2,1545,T
3-PA,846,1,1,0,1533,1535,C
3-PA,847,0,1,0,1533,1534,C
3-PA,848,2,1525,0,0,1527,T
3-PA,849,0,0,0,1529,1529,C
3-PA,850,1,0,0,1538,1539,C
3-PA,851,0,1533,0,0,1533,T
3-PA,852,1,0,1546,0,1547,G
3-PA,853,1541,0,0,0,1541,A
3-PA,854,0,1548,1,0,1549,T
3-PA,855,1,0,1539,1,1541,G
3-PA,856,0,0,1520,1,1521,G
3-PA,857,1515,0,4,0,1519,A
3-PA,858,1,1506,0,0,1507,T
3-PA,859,0,0,1511,0,1511,G
3-PA,860,1,0,0,1600,1601,C
3-PA,861,2,1588,0,0,1590,T
3-PA,862,0,1592,0,3,1595,T
3-PA,863,0,1594,0,1,1595,T
3-PA,864,1592,1,0,0,1593,A
3-PA,865,1602,0,0,0,1602,A
3-PA,866,1601,0,1,0,1602,A
3-PA,867,1605,0,0,0,1605,A
3-PA,868,0,1602,0,2,1604,T
3-PA,869,0,1518,0,0,1518,T
3-PA,870,1,1,1515,0,1517,G
3-PA,871,1507,0,4,0,1511,A
3-PA,872,0,0,1524,0,1524,G
3-PA,873,1,0,0,1522,1523,C
3-PA,874,1526,0,0,0,1526,A
3-PA,875,0,1560,0,2,1562,T
3-PA,876,1,1554,1,1,1557,T
3-PA,877,2,1,1551,0,1554,G
3-PA,878,1554,1,2,0,1557,A
3-PA,879,1537,6,2,0,1545,A
3-PA,880,0,0,1558,0,1558,G
3-PA,881,1546,1,0,0,1547,A
3-PA,882,1,0,0,1560,1561,C
3-PA,883,0,1,0,1551,1552,C
3-PA,884,1,1,0,1523,1525,C
3-PA,885,1524,0,1,0,1525,A
3-PA,886,1533,0,0,0,1533,A
3-PA,887,0,0,1550,0,1550,G
3-PA,888,0,1547,0,1,1548,T
3-PA,889,1,1,0,1556,1558,C
3-PA,890,1562,0,0,0,1562,A
3-PA,891,0,1,0,1551,1552,C
3-PA,892,0,0,1554,0,1554,G
3-PA,893,1556,1,2,0,1559,A
3-PA,894,1553,1,2,0,1556,A
3-PA,895,0,0,1551,0,1551,G
3-PA,896,1,1,1532,1,1535,G
3-PA,897,1,2,1524,1,1528,G
3-PA,898,1,0,1614,0,1615,G
3-PA,899,1614,0,1,0,1615,A
3-PA,900,1626,0,2,0,1628,A
3-PA,901,1,4,1618,0,1623,G
3-PA,902,0,1,1646,0,1647,G
3-PA,903,1,1,1643,1,1646,G
3-PA,904,1606,1,2,0,1609,A
3-PA,905,0,1602,1,0,1603,T
3-PA,906,2,1,0,1639,1642,C
3-PA,907,1,0,0,1698,1699,C
3-PA,908,3,1,0,1717,1721,C
3-PA,909,1736,3,1,0,1740,A
3-PA,910,0,1730,0,1,1731,T
3-PA,911,0,1719,1,0,1720,T
3-PA,912,1720,1,0,0,1721,A
3-PA,913,0,1713,0,0,1713,T
3-PA,914,1,0,1599,0,1600,G
3-PA,915,0,1643,0,2,1645,T
3-PA,916,0,0,1646,0,1646,G
3-PA,917,1660,0,1,0,1661,A
3-PA,918,0,1652,0,2,1654,T
3-PA,919,0,1,1668,0,1669,G
3-PA,920,0,0,0,1649,1649,C
3-PA,921,0,0,1662,0,1662,G
3-PA,922,1665,0,4,0,1669,A
3-PA,923,0,1662,0,0,1662,T
3-PA,924,0,0,0,1663,1663,C
3-PA,925,1662,2,1,0,1665,A
3-PA,926,1662,0,3,0,1665,A
3-PA,927,1,0,1670,0,1671,G
3-PA,928,1,1664,1,0,1666,T
3-PA,929,2,0,1686,0,1688,G
3-PA,930,1,1,0,1695,1697,C
3-PA,931,1694,0,1,0,1695,A
3-PA,932,0,1704,0,0,1704,T
3-PA,933,1693,0,0,0,1693,A
3-PA,934,1720,1,0,0,1721,A
3-PA,935,1721,0,0,0,1721,A
3-PA,936,1711,0,1,0,1712,A
3-PA,937,1716,1,0,0,1717,A
3-PA,938,0,0,0,1716,1716,C
3-PA,939,1696,0,0,1,1697,A
3-PA,940,0,1704,0,0,1704,T
3-PA,941,1,1698,1,0,1700,T
3-PA,942,3,0,0,1704,1707,C
3-PA,943,1,1685,0,0,1686,T
3-PA,944,0,1681,0,3,1684,T
3-PA,945,0,1688,0,0,1688,T
3-PA,946,1,1,1694,0,1696,G
3-PA,947,0,2,1704,0,1706,G
3-PA,948,1698,1,0,0,1699,A
3-PA,949,0,1700,0,1,1701,T
3-PA,950,2,0,1702,1,1705,G
3-PA,951,0,2,1728,1,1731,G
3-PA,952,1734,1,2,0,1737,A
3-PA,953,1733,1,0,1,1735,A
3-PA,954,1735,0,2,0,1737,A
3-PA,955,0,0,1747,0,1747,G
3-PA,956,1747,0,1,1,1749,A
3-PA,957,1909,0,3,0,1912,A
3-PA,958,1,0,0,1949,1950,C
3-PA,959,1,0,0,1949,1950,C
3-PA,960,0,1929,0,3,1932,T
3-PA,961,0,1975,0,0,1975,T
3-PA,962,1989,0,1,0,1990,A
3-PA,963,0,1987,0,0,1987,T
3-PA,964,1969,1,0,0,1970,A
3-PA,965,0,2005,0,0,2005,T
3-PA,966,1873,0,1,0,1874,A
3-PA,967,0,0,1888,0,1888,G
3-PA,968,0,1857,0,3,1860,T
3-PA,969,1,1,0,1855,1857,C
3-PA,970,1840,0,0,0,1840,A
3-PA,971,1842,0,0,0,1842,A
3-PA,972,1845,1,3,0,1849,A
3-PA,973,0,0,0,1849,1849,C
3-PA,974,2,0,1,1818,1821,C
3-PA,975,1799,0,3,0,1802,A
3-PA,976,0,3,0,1813,1816,C
3-PA,977,1812,0,3,0,1815,A
3-PA,978,0,1,0,1818,1819,C
3-PA,979,0,2,1826,0,1828,G
3-PA,980,1816,1,0,0,1817,A
3-PA,981,1824,1,0,0,1825,A
3-PA,982,1808,1,3,0,1812,A
3-PA,983,1816,0,1,0,1817,A
3-PA,984,1,1,1825,0,1827,G
3-PA,985,2,3,1814,0,1819,G
3-PA,986,0,1,1838,0,1839,G
3-PA,987,1834,0,2,0,1836,A
3-PA,988,1839,0,1,1,1841,A
3-PA,989,2,1839,0,1,1842,T
3-PA,990,1827,3,6,0,1836,A
3-PA,991,1839,0,0,1,1840,A
3-PA,992,1837,0,1,0,1838,A
3-PA,993,0,1833,0,1,1834,T
3-PA,994,0,1825,0,1,1826,T
3-PA,995,3,0,0,1837,1840,C
3-PA,996,1847,1,1,0,1849,A
3-PA,997,1858,0,0,0,1858,A
3-PA,998,1854,0,0,0,1854,A
3-PA,999,0,1851,0,1,1852,T
3-PA,1000,0,1861,0,0,1861,T
3-PA,1001,1873,0,0,0,1873,A
3-PA,1002,0,0,0,1858,1858,C
3-PA,1003,0,0,0,1872,1872,C
3-PA,1004,0,1852,0,0,1852,T
3-PA,1005,0,0,1878,0,1878,G
3-PA,1006,0,1,0,1879,1880,C
3-PA,1007,0,1879,0,1,1880,T
3-PA,1008,0,1,1917,0,1918,G
3-PA,1009,1,1913,0,2,1916,T
3-PA,1010,1,0,0,1927,1928,C
3-PA,1011,1924,2,0,0,1926,A
3-PA,1012,0,1925,1,1,1927,T
3-PA,1013,2,0,1918,0,1920,G
3-PA,1014,0,1,1927,0,1928,G
3-PA,1015,1927,1,3,0,1931,A
3-PA,1016,1964,1,5,0,1970,A
3-PA,1017,0,1,1969,1,1971,G
3-PA,1018,0,1,0,1974,1975,C
3-PA,1019,1969,0,1,0,1970,A
3-PA,1020,1979,0,0,0,1979,A
3-PA,1021,1,0,1983,0,1984,G
3-PA,1022,0,1982,0,1,1983,T
3-PA,1023,1976,0,0,0,1976,A
3-PA,1024,0,1,0,1979,1980,C
3-PA,1025,0,1959,0,0,1959,T
3-PA,1026,1,2,1972,0,1975,G
3-PA,1027,0,1958,1,1,1960,T
3-PA,1028,2,1,0,1960,1963,C
3-PA,1029,1961,0,2,0,1963,A
3-PA,1030,0,1,1980,0,1981,G
3-PA,1031,1977,0,0,0,1977,A
3-PA,1032,1979,0,2,0,1981,A
3-PA,1033,3,2005,0,0,2008,T
3-PA,1034,0,1991,0,1,1992,T
3-PA,1035,0,0,1987,0,1987,G
3-PA,1036,0,1,0,1988,1989,C
3-PA,1037,1986,0,3,0,1989,A
3-PA,1038,0,0,1992,0,1992,G
3-PA,1039,0,1,1970,0,1971,G
3-PA,1040,1972,0,3,0,1975,A
3-PA,1041,0,2,0,1965,1967,C
3-PA,1042,0,0,1951,0,1951,G
3-PA,1043,0,1985,0,1,1986,T
3-PA,1044,0,1984,1,1,1986,T
3-PA,1045,2,3,1987,0,1992,G
3-PA,1046,2002,0,1,0,2003,A
3-PA,1047,2000,1,1,0,2002,A
3-PA,1048,2000,0,0,1,2001,A
3-PA,1049,2000,2,0,0,2002,A
3-PA,1050,1,1983,1,2,1987,T
3-PA,1051,2,0,1993,0,1995,G
3-PA,1052,1980,0,3,0,1983,A
3-PA,1053,0,0,2007,0,2007,G
3-PA,1054,0,3,2009,0,2012,G
3-PA,1055,2008,0,0,0,2008,A
3-PA,1056,0,0,2006,0,2006,G
3-PA,1057,2009,0,3,0,2012,A
3-PA,1058,2001,0,4,0,2005,A
3-PA,1059,1,3,2001,0,2005,G
3-PA,1060,0,0,1974,0,1974,G
3-PA,1061,0,2061,0,2,2063,T
3-PA,1062,0,2073,0,3,2076,T
3-PA,1063,0,0,0,2068,2068,C
3-PA,1064,1,4,0,2068,2073,C
3-PA,1065,2075,1,2,0,2078,A
3-PA,1066,2077,0,1,0,2078,A
3-PA,1067,0,1,2081,0,2082,G
3-PA,1068,0,1,2085,0,2086,G
3-PA,1069,2044,0,2,0,2046,A
3-PA,1070,9,1,0,2044,2054,C
3-PA,1071,0,2054,0,0,2054,T
3-PA,1072,2059,0,0,0,2059,A
3-PA,1073,2062,0,0,0,2062,A
3-PA,1074,2062,1,0,0,2063,A
3-PA,1075,2066,0,2,0,2068,A
3-PA,1076,2040,0,3,0,2043,A
3-PA,1077,1,0,0,2025,2026,C
3-PA,1078,2018,0,0,0,2018,A
3-PA,1079,0,2013,0,0,2013,T
3-PA,1080,0,0,2031,0,2031,G
3-PA,1081,2035,1,2,0,2038,A
3-PA,1082,2037,0,1,0,2038,A
3-PA,1083,0,1,2050,0,2051,G
3-PA,1084,2046,1,0,0,2047,A
3-PA,1085,2047,0,0,1,2048,A
3-PA,1086,2049,0,0,0,2049,A
3-PA,1087,2044,0,0,2,2046,A
3-PA,1088,0,0,0,2050,2050,C
3-PA,1089,0,0,2046,0,2046,G
3-PA,1090,2048,0,0,0,2048,A
3-PA,1091,1,0,2047,0,2048,G
3-PA,1092,1,2033,0,1,2035,T
3-PA,1093,1,2,0,2072,2075,C
3-PA,1094,2075,1,3,0,2079,A
3-PA,1095,2111,0,1,0,2112,A
3-PA,1096,0,0,0,2106,2106,C
3-PA,1097,0,2093,0,1,2094,T
3-PA,1098,0,1,2132,0,2133,G
3-PA,1099,2123,0,1,0,2124,A
3-PA,1100,2135,1,2,0,2138,A
3-PA,1101,0,1,2138,0,2139,G
3-PA,1102,0,2093,0,0,2093,T
3-PA,1103,1,1,2089,0,2091,G
3-PA,1104,0,1,2077,0,2078,G
3-PA,1105,0,1,2080,0,2081,G
3-PA,1106,0,0,0,2087,2087,C
3-PA,1107,1,2064,1,2,2068,T
3-PA,1108,1,0,0,2084,2085,C
3-PA,1109,1,2080,0,1,2082,T
3-PA,1110,0,2083,0,1,2084,T
3-PA,1111,0,0,2133,0,2133,G
3-PA,1112,2,1,2130,0,2133,G
3-PA,1113,0,2122,0,1,2123,T
3-PA,1114,0,2,2119,1,2122,G
3-PA,1115,2105,0,6,0,2111,A
3-PA,1116,2129,0,0,0,2129,A
3-PA,1117,2112,0,1,0,2113,A
3-PA,1118,2128,1,1,1,2131,A
3-PA,1119,0,2,0,2136,2138,C
3-PA,1120,2103,0,0,0,2103,A
3-PA,1121,0,2093,4,5,2102,T
3-PA,1122,0,0,2097,0,2097,G
3-PA,1123,0,1,2121,0,2122,G
3-PA,1124,0,0,0,2119,2119,C
3-PA,1125,2139,0,4,0,2143,A
3-PA,1126,3,1,0,2141,2145,C
3-PA,1127,1,2,0,2150,2153,C
3-PA,1128,2183,1,1,0,2185,A
3-PA,1129,0,1,2198,0,2199,G
3-PA,1130,2201,1,1,0,2203,A
3-PA,1131,2,0,2213,1,2216,G
3-PA,1132,2201,0,1,0,2202,A
3-PA,1133,2212,0,1,1,2214,A
3-PA,1134,0,2,2219,0,2221,G
3-PA,1135,1,1,2206,0,2208,G
3-PA,1136,1,2203,0,0,2204,T
3-PA,1137,2191,0,0,0,2191,A
3-PA,1138,0,2,2179,0,2181,G
3-PA,1139,2185,1,1,1,2188,A
3-PA,1140,0,1,0,2185,2186,C
3-PA,1141,0,2166,1,1,2168,T
3-PA,1142,0,2158,1,0,2159,T
3-PA,1143,0,2161,0,0,2161,T
3-PA,1144,0,0,2171,0,2171,G
3-PA,1145,2167,0,0,0,2167,A
3-PA,1146,2165,1,1,0,2167,A
3-PA,1147,2167,0,0,0,2167,A
3-PA,1148,2163,0,0,0,2163,A
3-PA,1149,0,0,0,2191,2191,C
3-PA,1150,0,2179,1,1,2181,T
3-PA,1151,0,1,2210,0,2211,G
3-PA,1152,1,0,0,2209,2210,C
3-PA,1153,2207,0,3,1,2211,A
3-PA,1154,0,1,2205,0,2206,G
3-PA,1155,2189,1,2,0,2192,A
3-PA,1156,10,1,2284,0,2295,G
3-PA,1157,2304,0,0,0,2304,A
3-PA,1158,0,7,0,2283,2290,C
3-PA,1159,2283,1,5,0,2289,A
3-PA,1160,0,2274,0,2,2276,T
3-PA,1161,2278,0,0,0,2278,A
3-PA,1162,2266,0,2,0,2268,A
3-PA,1163,1,0,2277,2,2280,G
3-PA,1164,1,1,0,2259,2261,C
3-PA,1165,0,2,2216,0,2218,G
3-PA,1166,2253,3,0,0,2256,A
3-PA,1167,0,2229,1,0,2230,T
3-PA,1168,1,2231,0,1,2233,T
3-PA,1169,0,2237,0,0,2237,T
3-PA,1170,1,2,2242,0,2245,G
3-PA,1171,2252,0,3,2,2257,A
3-PA,1172,2254,0,2,0,2256,A
3-PA,1173,0,1,2258,0,2259,G
3-PA,1174,1,0,0,2285,2286,C
3-PA,1175,2279,0,0,0,2279,A
3-PA,1176,2408,0,1,0,2409,A
3-PA,1177,0,2401,0,0,2401,T
3-PA,1178,2415,1,1,0,2417,A
3-PA,1179,0,2425,1,0,2426,T
3-PA,1180,3,3,2428,0,2434,G
3-PA,1181,2461,1,4,0,2466,A
3-PA,1182,1,2447,0,6,2454,T
3-PA,1183,2371,1,3,0,2375,A
3-PA,1184,2,1,2381,0,2384,G
3-PA,1185,1,2287,3,1,2292,T
3-PA,1186,1,3,2286,0,2290,G
3-PA,1187,2298,1,2,0,2301,A
3-PA,1188,0,2,0,2280,2282,C
3-PA,1189,0,1,2273,0,2274,G
3-PA,1190,2282,0,2,0,2284,A
3-PA,1191,2283,0,2,0,2285,A
3-PA,1192,2,1,0,2298,2301,C
3-PA,1193,0,1,0,2301,2302,C
3-PA,1194,1,2292,0,1,2294,T
3-PA,1195,0,3,2339,0,2342,G
3-PA,1196,2334,0,0,0,2334,A
3-PA,1197,2343,0,1,0,2344,A
3-PA,1198,2,2339,0,0,2341,T
3-PA,1199,2,2311,1,1,2315,T
3-PA,1200,2321,0,1,0,2322,A
3-PA,1201,2281,0,0,0,2281,A
3-PA,1202,0,1,2291,0,2292,G
3-PA,1203,0,1,2286,0,2287,G
3-PA,1204,0,2233,0,3,2236,T
3-PA,1205,3,0,0,2227,2230,C
3-PA,1206,2237,0,1,0,2238,A
3-PA,1207,0,1,0,2307,2308,C
3-PA,1208,0,2303,0,4,2307,T
3-PA,1209,0,2318,0,0,2318,T
3-PA,1210,2,2321,0,1,2324,T
3-PA,1211,1,2,0,2316,2319,C
3-PA,1212,2321,1,3,1,2326,A
3-PA,1213,2322,0,0,0,2322,A
3-PA,1214,0,0,2347,0,2347,G
3-PA,1215,0,0,0,2350,2350,C
3-PA,1216,0,2301,0,2,2303,T
3-PA,1217,0,0,2349,0,2349,G
3-PA,1218,0,1,2357,0,2358,G
3-PA,1219,2398,0,3,0,2401,A
3-PA,1220,0,2421,0,1,2422,T
3-PA,1221,2422,1,0,1,2424,A
3-PA,1222,0,1,0,2437,2438,C
3-PA,1223,2398,1,1,1,2401,A
3-PA,1224,0,2,2420,0,2422,G
3-PA,1225,2406,0,2,0,2408,A
3-PA,1226,2377,1,2,0,2380,A
3-PA,1227,0,2354,0,0,2354,T
3-PA,1228,0,3,2351,1,2355,G
3-PA,1229,2338,0,2,1,2341,A
3-PA,1230,0,1,2360,0,2361,G
3-PA,1231,0,2336,3,0,2339,T
3-PA,1232,1,2342,0,0,2343,T
3-PA,1233,2,0,0,2361,2363,C
3-PA,1234,2375,1,0,0,2376,A
3-PA,1235,2371,1,4,0,2376,A
3-PA,1236,0,0,0,2376,2376,C
3-PA,1237,2341,0,1,0,2342,A
3-PA,1238,2335,2,0,0,2337,A
3-PA,1239,0,0,2328,0,2328,G
3-PA,1240,0,3,2334,0,2337,G
3-PA,1241,0,0,0,2344,2344,C
3-PA,1242,0,0,0,2338,2338,C
3-PA,1243,1,2323,1,2,2327,T
3-PA,1244,3,0,2341,0,2344,G
3-PA,1245,0,2340,0,2,2342,T
3-PA,1246,0,1,2353,1,2355,G
3-PA,1247,2343,2,5,1,2351,A
3-PA,1248,0,1,2350,0,2351,G
3-PA,1249,0,1,0,2335,2336,C
3-PA,1250,0,2315,0,1,2316,T
3-PA,1251,2364,0,0,0,2364,A
3-PA,1252,2368,0,1,1,2370,A
3-PA,1253,0,0,0,2372,2372,C
3-PA,1254,0,2355,0,3,2358,T
3-PA,1255,3,1,2343,0,2347,G
3-PA,1256,2340,0,1,1,2342,A
3-PA,1257,1,2340,0,0,2341,T
3-PA,1258,1,2343,0,0,2344,T
3-PA,1259,2,1,0,2344,2347,C
3-PA,1260,2369,0,1,2,2372,A
3-PA,1261,1,2,2406,0,2409,G
3-PA,1262,1,2401,0,0,2402,T
3-PA,1263,2,0,0,2398,2400,C
3-PA,1264,0,2387,0,3,2390,T
3-PA,1265,0,1,2474,1,2476,G
3-PA,1266,0,0,2481,0,2481,G
3-PA,1267,2481,1,3,1,2486,A
3-PA,1268,0,2484,0,0,2484,T
3-PA,1269,2361,0,2,0,2363,A
3-PA,1270,1,2,2360,0,2363,G
3-PA,1271,2325,1,3,1,2330,A
3-PA,1272,0,1,2338,0,2339,G
3-PA,1273,2,0,0,2327,2329,C
3-PA,1274,0,2306,0,1,2307,T
3-PA,1275,1,1,0,2308,2310,C
3-PA,1276,0,0,2311,0,2311,G
3-PA,1277,2317,0,1,0,2318,A
3-PA,1278,2,2311,0,0,2313,T
3-PA,1279,2,1,2304,0,2307,G
3-PA,1280,2330,0,1,1,2332,A
3-PA,1281,2329,0,1,0,2330,A
3-PA,1282,2342,0,1,1,2344,A
3-PA,1283,1,2337,0,1,2339,T
3-PA,1284,1,2334,0,0,2335,T
3-PA,1285,2,3,2355,0,2360,G
3-PA,1286,0,1,2357,0,2358,G
3-PA,1287,2353,0,2,1,2356,A
3-PA,1288,0,1,2355,0,2356,G
3-PA,1289,2325,1,8,0,2334,A
3-PA,1290,0,1,2350,0,2351,G
3-PA,1291,1,2,2364,0,2367,G
3-PA,1292,2387,0,0,0,2387,A
3-PA,1293,0,1,0,2388,2389,C
3-PA,1294,2,0,2371,0,2373,G
3-PA,1295,0,2375,0,2,2377,T
3-PA,1296,2392,0,0,1,2393,A
3-PA,1297,0,2,2405,0,2407,G
3-PA,1298,1,1,0,2417,2419,C
3-PA,1299,3,2,0,2383,2388,C
3-PA,1300,3,0,0,2377,2380,C
3-PA,1301,1,0,0,2372,2373,C
3-PA,1302,2391,1,1,0,2393,A
3-PA,1303,2452,1,0,0,2453,A
3-PA,1304,0,2444,0,0,2444,T
3-PA,1305,0,2436,0,1,2437,T
3-PA,1306,1,3,2430,0,2434,G
3-PA,1307,2396,0,3,0,2399,A
3-PA,1308,2,0,2402,0,2404,G
3-PA,1309,0,2,1,2397,2400,C
3-PA,1310,2393,3,0,0,2396,A
3-PA,1311,1,0,1,2440,2442,C
3-PA,1312,2379,0,0,0,2379,A
3-PA,1313,0,2418,0,3,2421,T
3-PA,1314,1,2424,0,4,2429,T
3-PA,1315,4,0,2430,0,2434,G
3-PA,1316,0,0,1,2430,2431,C
3-PA,1317,2424,1,1,2,2428,A
3-PA,1318,2425,0,2,0,2427,A
3-PA,1319,0,0,2429,0,2429,G
3-PA,1320,1,1,0,2395,2397,C
3-PA,1321,2405,0,0,0,2405,A
3-PA,1322,0,2335,0,2,2337,T
3-PA,1323,0,1,2339,0,2340,G
3-PA,1324,2339,0,0,0,2339,A
3-PA,1325,10,1,2330,0,2341,G
3-PA,1326,2336,0,4,0,2340,A
3-PA,1327,2347,0,0,0,2347,A
3-PA,1328,0,4,2334,0,2338,G
3-PA,1329,0,3,2327,0,2330,G
3-PA,1330,2326,1,1,1,2329,A
3-PA,1331,2323,0,3,0,2326,A
3-PA,1332,0,2324,0,0,2324,T
3-PA,1333,1,2329,0,1,2331,T
3-PA,1334,2322,0,0,0,2322,A
3-PA,1335,1,2325,0,4,2330,T
3-PA,1336,1,2325,0,0,2326,T
3-PA,1337,2,2312,0,2,2316,T
3-PA,1338,1,0,0,2309,2310,C
3-PA,1339,2303,0,0,0,2303,A
3-PA,1340,0,0,0,2344,2344,C
3-PA,1341,2334,0,0,0,2334,A
3-PA,1342,0,1,2349,0,2350,G
3-PA,1343,1,0,0,2343,2344,C
3-PA,1344,2344,0,0,0,2344,A
3-PA,1345,0,2,2349,0,2351,G
3-PA,1346,2336,0,1,0,2337,A
3-PA,1347,0,1,2349,0,2350,G
3-PA,1348,0,0,2350,0,2350,G
3-PA,1349,1,2310,0,3,2314,T
3-PA,1350,0,1,2364,0,2365,G
3-PA,1351,1,2347,1,3,2352,T
3-PA,1352,3,3,0,2348,2354,C
3-PA,1353,1,1,0,2355,2357,C
3-PA,1354,1,1,0,2353,2355,C
3-PA,1355,2373,0,0,0,2373,A
3-PA,1356,1,2393,1,3,2398,T
3-PA,1357,1,2382,0,0,2383,T
3-PA,1358,4,0,2393,0,2397,G
3-PA,1359,0,2356,0,2,2358,T
3-PA,1360,2324,0,3,0,2327,A
3-PA,1361,0,0,2329,0,2329,G
3-PA,1362,2249,1,3,0,2253,A
3-PA,1363,1,1,2259,0,2261,G
3-PA,1364,1,3,0,2221,2225,C
3-PA,1365,1,0,0,2197,2198,C
3-PA,1366,2219,0,1,0,2220,A
3-PA,1367,1,0,0,2228,2229,C
3-PA,1368,0,2213,0,1,2214,T
3-PA,1369,0,3,2204,0,2207,G
3-PA,1370,2205,0,0,0,2205,A
3-PA,1371,2161,0,2,0,2163,A
3-PA,1372,0,2222,0,0,2222,T
3-PA,1373,2244,0,1,0,2245,A
3-PA,1374,0,4,0,2257,2261,C
3-PA,1375,2186,0,1,0,2187,A
3-PA,1376,0,2192,0,0,2192,T
3-PA,1377,2178,0,1,0,2179,A
3-PA,1378,2184,1,2,0,2187,A
3-PA,1379,0,2182,0,0,2182,T
3-PA,1380,0,0,2157,1,2158,G
3-PA,1381,2151,0,1,1,2153,A
3-PA,1382,2121,0,1,0,2122,A
3-PA,1383,2,3,2115,0,2120,G
3-PA,1384,0,0,2086,0,2086,G
3-PA,1385,2,4,2104,0,2110,G
3-PA,1386,1,0,2111,1,2113,G
3-PA,1387,1,0,2135,0,2136,G
3-PA,1388,0,2104,0,2,2106,T
3-PA,1389,2114,2,1,0,2117,A
3-PA,1390,0,2124,0,0,2124,T
3-PA,1391,2139,0,0,0,2139,A
3-PA,1392,1,0,0,2308,2309,C
3-PA,1393,2225,0,0,0,2225,A
3-PA,1394,0,2172,0,0,2172,T
3-PA,1395,0,2143,0,0,2143,T
3-PA,1396,2120,0,0,0,2120,A
3-PA,1397,2153,0,1,0,2154,A
3-PA,1398,0,0,0,2153,2153,C
3-PA,1399,2113,1,2,0,2116,A
3-PA,1400,0,0,0,2112,2112,C
3-PA,1401,0,1906,0,0,1906,T
3-PA,1402,1,1,1969,0,1971,G
3-PA,1403,1,0,0,1956,1957,C
3-PA,1404,1,0,0,1957,1958,C
3-PA,1405,0,0,0,1960,1960,C
3-PA,1406,0,1915,0,0,1915,T
3-PA,1407,1,0,1971,0,1972,G
3-PA,1408,0,0,0,1969,1969,C
3-PA,1409,0,1962,1,1,1964,T
3-PA,1410,2,1,0,2014,2017,C
3-PA,1411,1947,1,1,0,1949,A
3-PA,1412,1965,1,2,0,1968,A
3-PA,1413,1,1967,0,1,1969,T
3-PA,1414,2,0,1964,0,1966,G
3-PA,1415,0,0,0,1963,1963,C
3-PA,1416,1929,1,0,0,1930,A
3-PA,1417,0,1919,0,3,1922,T
3-PA,1418,1,0,0,1925,1926,C
3-PA,1419,1,0,0,1938,1939,C
3-PA,1420,0,1867,0,3,1870,T
3-PA,1421,0,0,1900,0,1900,G
3-PA,1422,0,1895,1,1,1897,T
3-PA,1423,0,0,1895,1,1896,G
3-PA,1424,1,0,1,1898,1900,C
3-PA,1425,1878,0,0,0,1878,A
3-PA,1426,0,2,1895,0,1897,G
3-PA,1427,1,0,0,1891,1892,C
3-PA,1428,1874,0,0,0,1874,A
3-PA,1429,1874,0,1,0,1875,A
3-PA,1430,0,1831,0,0,1831,T
3-PA,1431,1,1,1831,0,1833,G
3-PA,1432,0,1,1832,1,1834,G
3-PA,1433,1827,1,3,0,1831,A
3-PA,1434,0,0,1,1826,1827,C
3-PA,1435,2,2,1810,0,1814,G
3-PA,1436,1820,1,1,0,1822,A
3-PA,1437,1,1817,0,0,1818,T
3-PA,1438,0,1822,0,0,1822,T
3-PA,1439,0,1811,1,3,1815,T
3-PA,1440,1,1813,0,1,1815,T
3-PA,1441,1,0,1,1813,1815,C
3-PA,1442,1819,0,1,1,1821,A
3-PA,1443,1825,0,0,0,1825,A
3-PA,1444,0,0,0,1818,1818,C
3-PA,1445,0,1796,0,2,1798,T
3-PA,1446,1789,0,2,1,1792,A
3-PA,1447,1792,0,1,1,1794,A
3-PA,1448,0,1794,0,2,1796,T
3-PA,1449,0,1792,0,0,1792,T
3-PA,1450,1,0,0,1791,1792,C
3-PA,1451,1,0,0,1787,1788,C
3-PA,1452,3,1,0,1771,1775,C
3-PA,1453,1775,1,0,1,1777,A
3-PA,1454,0,1796,0,0,1796,T
3-PA,1455,0,3,1791,0,1794,G
3-PA,1456,1791,0,1,0,1792,A
3-PA,1457,0,1782,0,2,1784,T
3-PA,1458,1776,0,1,1,1778,A
3-PA,1459,1782,0,4,0,1786,A
3-PA,1460,0,0,1784,0,1784,G
3-PA,1461,2,1,0,1780,1783,C
3-PA,1462,1778,1,0,0,1779,A
3-PA,1463,1733,0,1,0,1734,A
3-PA,1464,3,1,1744,0,1748,G
3-PA,1465,0,1730,0,2,1732,T
3-PA,1466,0,0,1733,0,1733,G
3-PA,1467,0,1,0,1727,1728,C
3-PA,1468,1707,1,3,0,1711,A
3-PA,1469,0,0,1727,0,1727,G
3-PA,1470,1722,0,1,0,1723,A
3-PA,1471,1735,0,1,0,1736,A
3-PA,1472,0,0,0,1733,1733,C
3-PA,1473,0,1696,0,1,1697,T
3-PA,1474,1710,0,1,0,1711,A
3-PA,1475,1708,1,0,0,1709,A
3-PA,1476,1704,0,3,0,1707,A
3-PA,1477,0,1,1709,0,1710,G
3-PA,1478,1651,0,2,0,1653,A
3-PA,1479,1,1,1647,0,1649,G
3-PA,1480,0,0,1608,0,1608,G
3-PA,1481,0,0,1608,2,1610,G
3-PA,1482,1590,0,3,0,1593,A
3-PA,1483,1553,0,0,0,1553,A
3-PA,1484,0,1,1553,0,1554,G
3-PA,1485,0,0,1552,0,1552,G
3-PA,1486,0,3,1,1540,1544,C
3-PA,1487,0,0,1545,0,1545,G
3-PA,1488,1542,0,1,0,1543,A
3-PA,1489,1542,0,1,0,1543,A
3-PA,1490,1547,0,1,0,1548,A
3-PA,1491,1549,1,0,0,1550,A
3-PA,1492,1548,1,1,0,1550,A
3-PA,1493,0,0,0,1545,1545,C
3-PA,1494,1,0,0,1539,1540,C
3-PA,1495,1540,2,0,0,1542,A
3-PA,1496,1552,0,0,0,1552,A
3-PA,1497,0,1545,0,0,1545,T
3-PA,1498,0,1544,0,1,1545,T
3-PA,1499,1,1555,0,0,1556,T
3-PA,1500,1558,0,0,0,1558,A
3-PA,1501,0,1551,1,0,1552,T
3-PA,1502,1546,1,1,0,1548,A
3-PA,1503,0,1538,0,0,1538,T
3-PA,1504,0,1,1520,0,1521,G
3-PA,1505,1,1,1510,0,1512,G
3-PA,1506,1505,0,2,0,1507,A
3-PA,1507,0,1506,0,0,1506,T
3-PA,1508,1,1487,0,0,1488,T
3-PA,1509,0,1,0,1480,1481,C
3-PA,1510,1484,1,0,0,1485,A
3-PA,1511,0,1489,0,4,1493,T
3-PA,1512,0,1,0,1495,1496,C
3-PA,1513,1486,0,1,0,1487,A
3-PA,1514,0,1480,1,0,1481,T
3-PA,1515,1470,0,0,0,1470,A
3-PA,1516,1464,1,1,0,1466,A
3-PA,1517,1464,0,3,0,1467,A
3-PA,1518,0,1,1453,0,1454,G
3-PA,1519,0,2,1424,0,1426,G
3-PA,1520,0,2,1402,0,1404,G
3-PA,1521,1396,0,0,0,1396,A
3-PA,1522,1374,0,1,0,1375,A
3-PA,1523,1,0,1376,0,1377,G
3-PA,1524,1368,0,1,0,1369,A
3-PA,1525,0,1361,0,2,1363,T
3-PA,1526,1,0,0,1361,1362,C
3-PA,1527,0,1346,0,1,1347,T
3-PA,1528,1,0,0,1361,1362,C
3-PA,1529,1364,0,0,0,1364,A
3-PA,1530,0,1360,0,0,1360,T
3-PA,1531,1,1359,0,0,1360,T
3-PA,1532,1,1328,0,3,1332,T
3-PA,1533,1322,0,0,0,1322,A
3-PA,1534,1319,1,1,0,1321,A
3-PA,1535,0,0,1323,0,1323,G
3-PA,1536,0,0,1322,0,1322,G
3-PA,1537,1249,1,0,0,1250,A
3-PA,1538,1247,0,0,0,1247,A
3-PA,1539,0,1244,0,0,1244,T
3-PA,1540,1,4,1241,0,1246,G
3-PA,1541,1260,0,3,0,1263,A
3-PA,1542,1,0,1,1263,1265,C
3-PA,1543,1259,2,1,0,1262,A
3-PA,1544,0,1,0,1256,1257,C
3-PA,1545,1227,0,1,0,1228,A
3-PA,1546,0,0,1231,0,1231,G
3-PA,1547,1223,0,1,0,1224,A
3-PA,1548,0,2,0,1201,1203,C
3-PA,1549,1,0,1180,0,1181,G
3-PA,1550,1,1084,0,1,1086,T
3-PA,1551,0,0,1087,0,1087,G
3-PA,1552,1,0,1091,0,1092,G
3-PA,1553,0,1089,0,2,1091,T
3-PA,1554,1090,0,0,0,1090,A
3-PA,1555,1073,0,0,0,1073,A
3-PA,1556,1069,0,0,1,1070,A
3-PA,1557,0,1065,0,0,1065,T
3-PA,1558,0,1045,0,0,1045,T
3-PA,1559,0,1042,0,0,1042,T
3-PA,1560,0,1015,0,0,1015,T
3-PA,1561,0,0,1016,0,1016,G
3-PA,1562,1,1000,0,1,1002,T
3-PA,1563,0,3,998,0,1001,G
3-PA,1564,994,0,1,0,995,A
3-PA,1565,0,0,992,0,992,G
3-PA,1566,3,1,0,983,987,C
3-PA,1567,983,0,0,0,983,A
3-PA,1568,0,982,0,1,983,T
3-PA,1569,0,1,982,0,983,G
3-PA,1570,0,1,976,0,977,G
3-PA,1571,983,0,0,0,983,A
3-PA,1572,0,0,979,0,979,G
3-PA,1573,0,961,0,2,963,T
3-PA,1574,0,949,0,1,950,T
3-PA,1575,0,953,0,1,954,T
3-PA,1576,0,952,0,2,954,T
3-PA,1577,0,0,0,954,954,C
3-PA,1578,0,948,0,1,949,T
3-PA,1579,1,1,0,939,941,C
3-PA,1580,0,909,0,1,910,T
3-PA,1581,0,0,0,906,906,C
3-PA,1582,900,0,1,0,901,A
3-PA,1583,0,0,0,901,901,C
3-PA,1584,0,865,0,0,865,T
3-PA,1585,0,1,863,0,864,G
3-PA,1586,858,0,2,0,860,A
3-PA,1587,0,0,0,856,856,C
3-PA,1588,1,0,0,853,854,C
3-PA,1589,1,0,0,839,840,C
3-PA,1590,0,1,836,0,837,G
3-PA,1591,831,0,1,1,833,A
3-PA,1592,0,1,832,0,833,G
3-PA,1593,833,0,0,0,833,A
3-PA,1594,0,0,0,814,814,C
3-PA,1595,0,796,0,0,796,T
3-PA,1596,0,747,0,1,748,T
3-PA,1597,0,0,746,0,746,G
3-PA,1598,744,0,1,0,745,A
3-PA,1599,0,0,747,0,747,G
3-PA,1600,0,0,0,746,746,C
3-PA,1601,1,1,0,700,702,C
3-PA,1602,696,0,2,0,698,A
3-PA,1603,1,0,0,692,693,C
3-PA,1604,696,0,0,0,696,A
3-PA,1605,0,695,0,0,695,T
3-PA,1606,683,0,0,0,683,A
3-PA,1607,681,0,0,0,681,A
3-PA,1608,679,0,0,0,679,A
3-PA,1609,0,674,0,0,674,T
3-PA,1610,1,1,669,0,671,G
3-PA,1611,1,0,584,0,585,G
3-PA,1612,0,1,566,0,567,G
3-PA,1613,551,0,1,0,552,A
3-PA,1614,0,0,549,0,549,G
3-PA,1615,535,0,1,0,536,A
3-PA,1616,526,0,0,0,526,A
3-PA,1617,526,0,0,0,526,A
3-PA,1618,0,521,0,0,521,T
3-PA,1619,507,0,0,0,507,A
3-PA,1620,2,0,0,504,506,C
3-PA,1621,0,225,0,0,225,T
3-PA,1622,0,0,223,0,223,G
3-PA,1623,0,110,0,0,110,T
3-PA,1624,0,0,102,0,102,G
3-PA,1625,0,81,0,0,81,T
3-PA,1626,0,0,0,17,17,C
3-PA,1627,0,0,0,7,7,C
3-PA,1628,0,2,0,0,2,T
3-PA,1629,0,2,0,0,2,T
3-PA,1630,0,0,2,0,2,G
3-PA,1631,2,0,0,0,2,A
3-PA,1632,0,0,2,0,2,G
3-PA,1633,2,0,0,0,2,A
3-PA,1634,0,2,0,0,2,T
3-PA,1635,2,0,0,0,2,A
3-PA,1636,0,0,2,0,2,G
3-PA,1637,0,0,2,0,2,G
3-PA,1638,2,0,0,0,2,A
3-PA,1639,0,0,2,0,2,G
3-PA,1640,2,0,0,0,2,A
3-PA,1641,0,2,0,0,2,T
3-PA,1642,2,0,0,0,2,A
3-PA,1643,0,2,0,0,2,T
3-PA,1644,0,0,2,0,2,G
3-PA,1645,0,2,0,0,2,T
3-PA,1646,0,2,0,0,2,T
3-PA,1647,2,0,0,0,2,A
3-PA,1648,0,0,0,2,2,C
3-PA,1649,0,2,0,0,2,T
3-PA,1650,2,0,0,0,2,A
3-PA,1651,2,0,0,0,2,A
3-PA,1652,0,0,2,0,2,G
3-PA,1653,2,0,0,0,2,A
3-PA,1654,2,0,0,0,2,A
3-PA,1655,0,0,2,0,2,G
3-PA,1656,0,2,0,0,2,T
3-PA,1657,0,0,2,0,2,G
3-PA,1658,0,0,0,2,2,C
3-PA,1659,0,0,0,2,2,C
3-PA,1660,2,0,0,0,2,A
3-PA,1661,0,2,0,0,2,T
3-PA,1662,2,0,0,0,2,A
3-PA,1663,0,0,2,0,2,G
3-PA,1664,0,0,2,0,2,G
3-PA,1665,0,0,0,2,2,C
3-PA,1666,1,0,0,1,2,A
3-PA,1667,2,0,0,0,2,A
3-PA,1668,2,0,0,0,2,A
3-PA,1669,2,0,0,0,2,A
3-PA,1670,0,2,0,0,2,T
3-PA,1671,0,2,0,0,2,T
3-PA,1672,0,2,0,0,2,T
3-PA,1673,0,0,0,2,2,C
3-PA,1674,2,0,0,0,2,A
3-PA,1675,2,0,0,0,2,A
3-PA,1676,0,0,2,0,2,G
3-PA,1677,0,0,2,0,2,G
3-PA,1678,0,0,0,2,2,C
3-PA,1679,0,0,0,2,2,C
3-PA,1680,2,0,0,0,2,A
3-PA,1681,3,0,0,0,3,A
3-PA,1682,0,3,0,0,3,T
3-PA,1683,0,0,3,0,3,G
3-PA,1684,0,3,0,0,3,T
3-PA,1685,0,3,0,0,3,T
3-PA,1686,0,0,0,3,3,C
3-PA,1687,0,3,0,0,3,T
3-PA,1688,0,3,0,0,3,T
3-PA,1689,3,0,0,0,3,A
3-PA,1690,0,3,0,0,3,T
3-PA,1691,3,0,0,0,3,A
3-PA,1692,0,3,0,0,3,T
3-PA,1693,0,0,3,0,3,G
3-PA,1694,0,3,0,0,3,T
3-PA,1695,0,0,3,0,3,G
3-PA,1696,3,0,0,0,3,A
3-PA,1697,0,0,3,0,3,G
3-PA,1698,0,0,3,0,3,G
3-PA,1699,3,0,0,0,3,A
3-PA,1700,0,0,0,2,2,C
3-PA,1701,3,0,0,0,3,A
3-PA,1702,3,0,0,0,3,A
3-PA,1703,3,0,0,0,3,A
3-PA,1704,0,0,0,3,3,C
3-PA,1705,0,0,3,0,3,G
3-PA,1706,0,0,3,0,3,G
3-PA,1707,2,0,0,0,2,A
3-PA,1708,3,0,0,0,3,A
3-PA,1709,0,0,0,3,3,C
3-PA,1710,3,0,0,0,3,A
3-PA,1711,0,3,0,0,3,T
3-PA,1712,0,0,0,3,3,C
3-PA,1713,3,0,0,0,3,A
3-PA,1714,3,0,0,0,3,A
3-PA,1715,3,0,0,0,3,A
3-PA,1716,0,0,3,0,3,G
3-PA,1717,0,0,3,0,3,G
3-PA,1718,0,3,0,0,3,T
3-PA,1719,0,0,0,3,3,C
3-PA,1720,3,0,0,0,3,A
3-PA,1721,3,0,0,0,3,A
3-PA,1722,3,0,0,0,3,A
3-PA,1723,3,0,0,0,3,A
3-PA,1724,0,3,0,0,3,T
3-PA,1725,0,0,3,0,3,G
3-PA,1726,3,0,0,0,3,A
3-PA,1727,3,0,0,0,3,A
3-PA,1728,3,0,0,0,3,A
3-PA,1729,0,3,0,0,3,T
3-PA,1730,0,0,3,0,3,G
3-PA,1731,0,0,3,0,3,G
3-PA,1732,0,0,4,0,4,G
3-PA,1733,0,0,3,0,3,G
3-PA,1734,4,0,0,0,4,A
3-PA,1735,4,0,0,0,4,A
3-PA,1736,0,4,0,0,4,T
3-PA,1737,0,0,4,0,4,G
3-PA,1738,0,0,4,0,4,G
3-PA,1739,3,0,0,0,3,A
3-PA,1740,0,0,3,0,3,G
3-PA,1741,3,0,0,0,3,A
3-PA,1742,0,3,0,0,3,T
3-PA,1743,0,0,3,0,3,G
3-PA,1744,3,0,0,0,3,A
3-PA,1745,0,0,3,0,3,G
3-PA,1746,3,0,0,0,3,A
3-PA,1747,0,0,0,3,3,C
3-PA,1748,0,0,3,0,3,G
3-PA,1749,0,3,0,0,3,T
3-PA,1750,0,3,0,0,3,T
3-PA,1751,0,0,3,0,3,G
3-PA,1752,0,0,0,3,3,C
3-PA,1753,0,0,0,3,3,C
3-PA,1754,0,3,0,0,3,T
3-PA,1755,0,0,0,3,3,C
3-PA,1756,0,0,0,3,3,C
3-PA,1757,0,3,0,0,3,T
3-PA,1758,0,3,0,0,3,T
3-PA,1759,0,0,0,3,3,C
3-PA,1760,3,0,0,0,3,A
3-PA,1761,0,0,3,0,3,G
3-PA,1762,0,3,0,0,3,T
3-PA,1763,0,0,0,4,4,C
3-PA,1764,4,0,0,0,4,A
3-PA,1765,0,0,0,4,4,C
3-PA,1766,0,4,0,0,4,T
3-PA,1767,0,0,0,4,4,C
3-PA,1768,0,0,0,4,4,C
3-PA,1769,4,0,0,0,4,A
3-PA,1770,0,0,4,0,4,G
3-PA,1771,0,0,0,4,4,C
3-PA,1772,4,0,0,0,4,A
3-PA,1773,0,0,4,0,4,G
3-PA,1774,4,0,0,0,4,A
3-PA,1775,0,4,0,0,4,T
3-PA,1776,0,0,0,4,4,C
3-PA,1777,0,0,4,0,4,G
3-PA,1778,4,0,0,0,4,A
3-PA,1779,0,0,4,0,4,G
3-PA,1780,4,0,0,0,4,A
3-PA,1781,0,0,4,0,4,G
3-PA,1782,0,0,0,4,4,C
3-PA,1783,4,0,0,0,4,A
3-PA,1784,0,4,0,0,4,T
3-PA,1785,0,0,4,0,4,G
3-PA,1786,4,0,0,0,4,A
3-PA,1787,0,4,0,0,4,T
3-PA,1788,0,4,0,0,4,T
3-PA,1789,0,0,4,0,4,G
3-PA,1790,4,0,0,0,4,A
3-PA,1791,4,0,0,0,4,A
3-PA,1792,0,0,4,0,4,G
3-PA,1793,0,0,0,4,4,C
3-PA,1794,0,0,0,4,4,C
3-PA,1795,0,0,4,0,4,G
3-PA,1796,3,0,0,0,3,A
3-PA,1797,0,0,3,0,3,G
3-PA,1798,0,3,0,0,3,T
3-PA,1799,0,0,0,3,3,C
3-PA,1800,0,0,0,3,3,C
3-PA,1801,0,3,0,0,3,T
3-PA,1802,0,0,0,3,3,C
3-PA,1803,0,0,3,0,3,G
3-PA,1804,0,0,3,0,3,G
3-PA,1805,0,3,0,0,3,T
3-PA,1806,0,2,0,0,2,T
3-PA,1807,2,0,0,0,2,A
3-PA,1808,2,0,0,0,2,A
3-PA,1809,2,0,0,0,2,A
3-PA,1810,0,0,3,0,3,G
3-PA,1811,3,0,0,0,3,A
3-PA,1812,0,0,3,0,3,G
3-PA,1813,3,0,0,0,3,A
3-PA,1814,3,0,0,0,3,A
3-PA,1815,3,0,0,0,3,A
3-PA,1816,0,0,3,0,3,G
3-PA,1817,3,0,0,0,3,A
3-PA,1818,0,0,0,3,3,C
3-PA,1819,3,0,0,0,3,A
3-PA,1820,0,3,0,0,3,T
3-PA,1821,0,0,3,0,3,G
3-PA,1822,3,0,0,0,3,A
3-PA,1823,0,0,0,3,3,C
3-PA,1824,0,0,0,3,3,C
3-PA,1825,3,0,0,0,3,A
3-PA,1826,3,0,0,0,3,A
3-PA,1827,3,0,0,0,3,A
3-PA,1828,0,0,3,0,3,G
3-PA,1829,4,0,0,0,4,A
3-PA,1830,0,0,4,0,4,G
3-PA,1831,0,4,0,0,4,T
3-PA,1832,0,4,0,0,4,T
3-PA,1833,0,4,0,0,4,T
3-PA,1834,0,4,0,0,4,T
3-PA,1835,0,4,0,0,4,T
3-PA,1836,0,4,0,0,4,T
3-PA,1837,0,0,4,0,4,G
3-PA,1838,4,0,0,0,4,A
3-PA,1839,0,0,4,0,4,G
3-PA,1840,4,0,0,0,4,A
3-PA,1841,3,1,0,0,4,A
3-PA,1842,0,4,0,0,4,T
3-PA,1843,4,0,0,0,4,A
3-PA,1844,4,0,0,0,4,A
3-PA,1845,5,0,0,0,5,A
3-PA,1846,0,5,0,0,5,T
3-PA,1847,0,0,0,5,5,C
3-PA,1848,5,0,0,0,5,A
3-PA,1849,0,0,5,0,5,G
3-PA,1850,5,0,0,0,5,A
3-PA,1851,5,0,0,0,5,A
3-PA,1852,0,0,5,0,5,G
3-PA,1853,0,0,0,5,5,C
3-PA,1854,5,0,0,0,5,A
3-PA,1855,0,4,0,0,4,T
3-PA,1856,0,0,5,0,5,G
3-PA,1857,0,0,5,0,5,G
3-PA,1858,0,0,0,5,5,C
3-PA,1859,0,0,0,6,6,C
3-PA,1860,0,0,0,6,6,C
3-PA,1861,6,0,0,0,6,A
3-PA,1862,0,6,0,0,6,T
3-PA,1863,0,6,0,0,6,T
3-PA,1864,0,0,6,0,6,G
3-PA,1865,0,0,6,0,6,G
3-PA,1866,0,0,6,0,6,G
3-PA,1867,0,0,6,0,6,G
3-PA,1868,6,0,0,0,6,A
3-PA,1869,0,0,6,0,6,G
3-PA,1870,0,5,0,0,5,T
3-PA,1871,0,0,0,6,6,C
3-PA,1872,0,0,0,6,6,C
3-PA,1873,0,0,0,6,6,C
3-PA,1874,0,0,0,6,6,C
3-PA,1875,0,0,0,6,6,C
3-PA,1876,6,0,0,0,6,A
3-PA,1877,6,0,0,0,6,A
3-PA,1878,0,0,6,0,6,G
3-PA,1879,0,0,6,0,6,G
3-PA,1880,0,0,6,0,6,G
3-PA,1881,2,0,0,0,2,A
3-PA,1882,0,0,2,0,2,G
3-PA,1883,0,2,0,0,2,T
3-PA,1884,0,0,2,0,2,G
3-PA,1885,0,0,2,0,2,G
3-PA,1886,2,0,0,0,2,A
3-PA,1887,2,0,0,0,2,A
3-PA,1888,0,0,2,0,2,G
3-PA,1889,2,0,0,0,2,A
3-PA,1890,2,0,0,0,2,A
3-PA,1891,0,0,2,0,2,G
3-PA,1892,0,0,2,0,2,G
3-PA,1893,0,2,0,0,2,T
3-PA,1894,0,2,0,0,2,T
3-PA,1895,0,0,0,2,2,C
3-PA,1896,0,0,0,2,2,C
3-PA,1897,2,0,0,0,2,A
3-PA,1898,0,2,0,0,2,T
3-PA,1899,0,2,0,0,2,T
3-PA,1900,0,0,2,0,2,G
3-PA,1901,0,0,2,0,2,G
3-PA,1902,2,0,0,0,2,A
3-PA,1903,2,0,0,0,2,A
3-PA,1904,2,0,0,0,2,A
3-PA,1905,2,0,0,0,2,A
3-PA,1906,0,0,2,0,2,G
3-PA,1907,0,2,0,0,2,T
3-PA,1908,0,0,0,2,2,C
3-PA,1909,0,2,0,0,2,T
3-PA,1910,0,0,2,0,2,G
3-PA,1911,0,2,0,0,2,T
3-PA,1912,2,0,0,0,2,A
3-PA,1913,0,0,2,0,2,G
3-PA,1914,0,0,2,0,2,G
3-PA,1915,2,0,0,0,2,A
3-PA,1916,0,0,0,2,2,C
3-PA,1917,0,2,0,0,2,T
3-PA,1918,0,0,0,3,3,C
3-PA,1919,0,3,0,0,3,T
3-PA,1920,3,0,0,0,3,A
3-PA,1921,0,3,0,0,3,T
3-PA,1922,0,3,0,0,3,T
3-PA,1923,0,0,3,0,3,G
3-PA,1924,0,0,3,0,3,G
3-PA,1925,0,0,0,3,3,C
3-PA,1926,0,3,0,0,3,T
3-PA,1927,3,0,0,0,3,A
3-PA,1928,3,0,0,0,3,A
3-PA,1929,0,0,3,0,3,G
3-PA,1930,0,3,0,0,3,T
3-PA,1931,0,0,0,3,3,C
3-PA,1932,3,0,0,0,3,A
3-PA,1933,0,0,3,0,3,G
3-PA,1934,0,3,0,0,3,T
3-PA,1935,3,0,0,0,3,A
3-PA,1936,0,3,0,0,3,T
3-PA,1937,0,3,0,0,3,T
3-PA,1938,0,0,0,2,2,C
3-PA,1939,3,0,0,0,3,A
3-PA,1940,2,0,0,0,2,A
3-PA,1941,0,3,0,0,3,T
3-PA,1942,3,0,0,0,3,A
3-PA,1943,0,0,3,0,3,G
3-PA,1944,0,0,0,2,2,C
3-PA,1945,0,0,0,2,2,C
3-PA,1946,0,2,0,0,2,T
3-PA,1947,0,0,2,0,2,G
3-PA,1948,0,2,0,0,2,T
3-PA,1949,2,0,0,0,2,A
3-PA,1950,0,2,0,0,2,T
3-PA,1951,0,0,2,0,2,G
3-PA,1952,0,0,0,2,2,C
3-PA,1953,2,0,0,0,2,A
3-PA,1954,0,2,0,0,2,T
3-PA,1955,0,0,0,2,2,C
3-PA,1956,2,0,0,0,2,A
3-PA,1957,0,0,0,2,2,C
3-PA,1958,0,0,0,2,2,C
3-PA,1959,2,0,0,0,2,A
3-PA,1960,0,0,0,2,2,C
3-PA,1961,2,0,0,0,2,A
3-PA,1962,2,0,0,0,2,A
3-PA,1963,0,2,0,0,2,T
3-PA,1964,0,2,0,0,2,T
3-PA,1965,0,0,2,0,2,G
3-PA,1966,0,0,2,0,2,G
3-PA,1967,2,0,0,0,2,A
3-PA,1968,2,0,0,0,2,A
3-PA,1969,0,0,2,0,2,G
3-PA,1970,0,0,2,0,2,G
3-PA,1971,2,0,0,0,2,A
3-PA,1972,0,2,0,0,2,T
3-PA,1973,0,2,0,0,2,T
3-PA,1974,0,2,0,0,2,T
3-PA,1975,0,1,0,0,1,T
3-PA,1976,0,0,0,1,1,C
3-PA,1977,2,0,0,0,2,A
3-PA,1978,0,0,2,0,2,G
3-PA,1979,0,0,0,2,2,C
3-PA,1980,0,0,2,0,2,G
3-PA,1981,0,0,2,0,2,G
3-PA,1982,2,0,0,0,2,A
3-PA,1983,0,0,2,0,2,G
3-PA,1984,0,2,0,0,2,T
3-PA,1985,0,0,0,2,2,C
3-PA,1986,2,0,0,0,2,A
3-PA,1987,2,0,0,0,2,A
3-PA,1988,0,0,2,0,2,G
3-PA,1989,2,0,0,0,2,A
3-PA,1990,2,0,0,0,2,A
3-PA,1991,2,0,0,0,2,A
3-PA,1992,2,0,0,0,2,A
3-PA,1993,0,0,0,2,2,C
3-PA,1994,0,2,0,0,2,T
3-PA,1995,0,0,2,0,2,G
3-PA,1996,0,0,0,2,2,C
3-PA,1997,0,2,0,0,2,T
3-PA,1998,0,0,0,2,2,C
3-PA,1999,0,0,0,2,2,C
3-PA,2000,0,2,0,0,2,T
3-PA,2001,0,2,0,0,2,T
3-PA,2002,0,0,2,0,2,G
3-PA,2003,0,2,0,0,2,T
3-PA,2004,0,2,0,0,2,T
3-PA,2005,0,0,2,0,2,G
3-PA,2006,0,2,0,0,2,T
3-PA,2007,0,2,0,0,2,T
3-PA,2008,0,0,0,2,2,C
3-PA,2009,2,0,0,0,2,A
3-PA,2010,0,0,2,0,2,G
3-PA,2011,0,0,1,0,1,G
3-PA,2012,0,0,0,2,2,C
3-PA,2013,0,2,0,0,2,T
3-PA,2014,0,0,0,2,2,C
3-PA,2015,0,2,0,0,2,T
3-PA,2016,0,2,0,0,2,T
3-PA,2017,2,0,0,0,2,A
3-PA,2018,0,0,2,0,2,G
3-PA,2019,0,0,2,0,2,G
3-PA,2020,0,0,2,0,2,G
3-PA,2021,2,0,0,0,2,A
3-PA,2022,0,0,0,2,2,C
3-PA,2023,2,0,0,0,2,A
3-PA,2024,2,0,0,0,2,A
3-PA,2025,0,0,0,2,2,C
3-PA,2026,0,0,0,2,2,C
3-PA,2027,0,2,0,0,2,T
3-PA,2028,0,0,0,2,2,C
3-PA,2029,0,0,2,0,2,G
3-PA,2030,2,0,0,0,2,A
3-PA,2031,2,0,0,0,2,A
3-PA,2032,0,0,0,2,2,C
3-PA,2033,0,0,0,2,2,C
3-PA,2034,0,2,0,0,2,T
3-PA,2035,0,0,2,0,2,G
3-PA,2036,0,0,2,0,2,G
3-PA,2037,0,0,2,0,2,G
3-PA,2038,2,0,0,0,2,A
3-PA,2039,0,0,0,2,2,C
3-PA,2040,0,0,0,2,2,C
3-PA,2041,0,2,0,0,2,T
3-PA,2042,0,2,0,0,2,T
3-PA,2043,0,2,0,0,2,T
3-PA,2044,0,0,2,0,2,G
3-PA,2045,2,0,0,0,2,A
3-PA,2046,0,2,0,0,2,T
3-PA,2047,0,0,0,2,2,C
3-PA,2048,0,2,0,0,2,T
3-PA,2049,0,2,0,0,2,T
3-PA,2050,0,0,2,0,2,G
3-PA,2051,0,0,2,0,2,G
3-PA,2052,0,0,2,0,2,G
3-PA,2053,0,0,2,0,2,G
3-PA,2054,0,0,2,0,2,G
3-PA,2055,0,0,2,0,2,G
3-PA,2056,0,0,0,2,2,C
3-PA,2057,0,2,0,0,2,T
3-PA,2058,2,0,0,0,2,A
3-PA,2059,0,2,0,0,2,T
3-PA,2060,2,0,0,0,2,A
3-PA,2061,0,2,0,0,2,T
3-PA,2062,0,0,2,0,2,G
3-PA,2063,2,0,0,0,2,A
3-PA,2064,2,0,0,0,2,A
3-PA,2065,0,0,2,0,2,G
3-PA,2066,0,0,0,2,2,C
3-PA,2067,2,0,0,0,2,A
3-PA,2068,2,0,0,0,2,A
3-PA,2069,0,2,0,0,2,T
3-PA,2070,0,2,0,0,2,T
3-PA,2071,0,0,2,0,2,G
3-PA,2072,2,0,0,0,2,A
3-PA,2073,0,0,2,0,2,G
3-PA,2074,0,0,2,0,2,G
3-PA,2075,2,0,0,0,2,A
3-PA,2076,0,0,2,0,2,G
3-PA,2077,0,2,0,0,2,T
3-PA,2078,0,0,2,0,2,G
3-PA,2079,0,0,0,2,2,C
3-PA,2080,0,0,0,3,3,C
3-PA,2081,0,3,0,0,3,T
3-PA,2082,0,0,3,0,3,G
3-PA,2083,3,0,0,0,3,A
3-PA,2084,0,3,0,0,3,T
3-PA,2085,0,3,0,0,3,T
3-PA,2086,3,0,0,0,3,A
3-PA,2087,3,0,0,0,3,A
3-PA,2088,0,3,0,0,3,T
3-PA,2089,0,0,3,0,3,G
3-PA,2090,3,0,0,0,3,A
3-PA,2091,0,3,0,0,3,T
3-PA,2092,0,0,0,3,3,C
3-PA,2093,0,0,0,3,3,C
3-PA,2094,0,0,0,3,3,C
3-PA,2095,0,3,0,0,3,T
3-PA,2096,0,0,3,0,3,G
3-PA,2097,0,0,3,0,3,G
3-PA,2098,0,0,3,0,3,G
3-PA,2099,0,3,0,0,3,T
3-PA,2100,0,3,0,0,3,T
3-PA,2101,0,3,0,0,3,T
3-PA,2102,0,3,0,0,3,T
3-PA,2103,0,0,3,0,3,G
3-PA,2104,0,0,0,3,3,C
3-PA,2105,0,3,0,0,3,T
3-PA,2106,0,0,0,3,3,C
3-PA,2107,3,0,0,0,3,A
3-PA,2108,3,0,0,0,3,A
3-PA,2109,0,3,0,0,3,T
3-PA,2110,0,0,3,0,3,G
3-PA,2111,0,0,0,3,3,C
3-PA,2112,0,0,3,0,3,G
3-PA,2113,0,3,0,0,3,T
3-PA,2114,0,0,0,3,3,C
3-PA,2115,0,3,0,0,3,T
3-PA,2116,0,3,0,0,3,T
3-PA,2117,0,0,3,0,3,G
3-PA,2118,0,0,3,0,3,G
3-PA,2119,0,3,0,0,3,T
3-PA,2120,0,3,0,0,3,T
3-PA,2121,0,0,0,3,3,C
3-PA,2122,3,0,0,0,3,A
3-PA,2123,4,0,0,0,4,A
3-PA,2124,0,0,0,4,4,C
3-PA,2125,0,4,0,0,4,T
3-PA,2126,0,0,0,4,4,C
3-PA,2127,0,0,0,4,4,C
3-PA,2128,0,4,0,0,4,T
3-PA,2129,0,4,0,0,4,T
3-PA,2130,0,0,0,4,4,C
3-PA,2131,0,0,0,4,4,C
3-PA,2132,0,3,0,0,3,T
3-PA,2133,0,0,3,0,3,G
3-PA,2134,3,0,0,0,3,A
3-PA,2135,0,0,0,3,3,C
3-PA,2136,3,0,0,0,3,A
3-PA,2137,0,0,0,3,3,C
3-PA,2138,3,0,0,0,3,A
3-PA,2139,0,3,0,0,3,T
3-PA,2140,0,0,3,0,3,G
3-PA,2141,0,0,0,3,3,C
3-PA,2142,3,0,0,0,3,A
3-PA,2143,0,3,0,0,3,T
3-PA,2144,0,3,0,0,3,T
3-PA,2145,3,0,0,0,3,A
3-PA,2146,3,0,0,0,3,A
3-PA,2147,3,0,0,0,3,A
3-PA,2148,3,0,0,0,3,A
3-PA,2149,0,3,0,0,3,T
3-PA,2150,3,0,0,0,3,A
3-PA,2151,0,0,3,0,3,G
4-HA,1,258,0,0,0,258,A
4-HA,2,0,258,0,0,258,T
4-HA,3,0,0,262,0,262,G
4-HA,4,268,0,2,0,270,A
4-HA,5,271,0,1,0,272,A
4-HA,6,0,0,287,0,287,G
4-HA,7,287,0,0,0,287,A
4-HA,8,0,0,0,309,309,C
4-HA,9,0,308,0,2,310,T
4-HA,10,329,0,0,0,329,A
4-HA,11,0,347,1,0,348,T
4-HA,12,0,0,0,350,350,C
4-HA,13,350,0,0,0,350,A
4-HA,14,0,350,0,0,350,T
4-HA,15,0,350,0,0,350,T
4-HA,16,0,0,381,0,381,G
4-HA,17,0,0,0,382,382,C
4-HA,18,0,382,0,1,383,T
4-HA,19,0,382,0,0,382,T
4-HA,20,0,383,0,0,383,T
4-HA,21,1,0,403,0,404,G
4-HA,22,406,0,0,0,406,A
4-HA,23,0,0,417,0,417,G
4-HA,24,0,0,0,422,422,C
4-HA,25,0,422,0,0,422,T
4-HA,26,451,0,1,0,452,A
4-HA,27,0,0,0,462,462,C
4-HA,28,470,0,0,0,470,A
4-HA,29,1,497,0,0,498,T
4-HA,30,0,494,0,0,494,T
4-HA,31,1,0,0,501,502,C
4-HA,32,0,503,0,0,503,T
4-HA,33,512,0,0,0,512,A
4-HA,34,0,514,0,0,514,T
4-HA,35,1,0,512,0,513,G
4-HA,36,0,515,0,1,516,T
4-HA,37,0,0,0,515,515,C
4-HA,38,1,514,0,0,515,T
4-HA,39,0,0,516,0,516,G
4-HA,40,0,0,516,0,516,G
4-HA,41,0,513,1,1,515,T
4-HA,42,0,518,0,0,518,T
4-HA,43,0,519,0,0,519,T
4-HA,44,0,519,0,0,519,T
4-HA,45,0,0,0,518,518,C
4-HA,46,0,0,516,0,516,G
4-HA,47,0,0,0,522,522,C
4-HA,48,0,519,0,0,519,T
4-HA,49,1,0,0,522,523,C
4-HA,50,523,0,0,1,524,A
4-HA,51,525,1,0,0,526,A
4-HA,52,527,0,1,0,528,A
4-HA,53,525,0,0,1,526,A
4-HA,54,527,0,1,1,529,A
4-HA,55,0,0,0,530,530,C
4-HA,56,0,532,0,0,532,T
4-HA,57,1,533,0,0,534,T
4-HA,58,0,0,0,533,533,C
4-HA,59,0,0,0,533,533,C
4-HA,60,0,533,0,0,533,T
4-HA,61,0,0,538,0,538,G
4-HA,62,9,0,533,0,542,G
4-HA,63,540,0,0,0,540,A
4-HA,64,539,1,0,1,541,A
4-HA,65,544,0,0,0,544,A
4-HA,66,0,553,0,0,553,T
4-HA,67,0,0,555,0,555,G
4-HA,68,556,0,0,0,556,A
4-HA,69,0,0,0,561,561,C
4-HA,70,560,0,0,1,561,A
4-HA,71,557,0,0,0,557,A
4-HA,72,0,0,0,569,569,C
4-HA,73,568,0,0,0,568,A
4-HA,74,0,0,572,0,572,G
4-HA,75,0,0,0,570,570,C
4-HA,76,568,0,1,0,569,A
4-HA,77,0,0,0,585,585,C
4-HA,78,0,0,577,0,577,G
4-HA,79,0,0,582,0,582,G
4-HA,80,0,1,0,587,588,C
4-HA,81,585,0,0,0,585,A
4-HA,82,594,0,0,0,594,A
4-HA,83,0,0,0,596,596,C
4-HA,84,0,0,606,0,606,G
4-HA,85,0,0,0,608,608,C
4-HA,86,0,607,0,1,608,T
4-HA,87,1,0,616,0,617,G
4-HA,88,0,612,1,0,613,T
4-HA,89,0,0,630,0,630,G
4-HA,90,0,0,0,644,644,C
4-HA,91,0,0,0,652,652,C
4-HA,92,0,650,0,1,651,T
4-HA,93,0,651,0,1,652,T
4-HA,94,0,0,654,0,654,G
4-HA,95,1,1,658,0,660,G
4-HA,96,0,0,662,0,662,G
4-HA,97,0,0,0,664,664,C
4-HA,98,653,1,2,0,656,A
4-HA,99,0,0,0,663,663,C
4-HA,100,0,0,0,660,660,C
4-HA,101,705,0,0,0,705,A
4-HA,102,0,703,0,1,704,T
4-HA,103,0,0,707,0,707,G
4-HA,104,0,2,0,706,708,C
4-HA,105,699,0,1,0,700,A
4-HA,106,0,0,742,0,742,G
4-HA,107,0,741,0,0,741,T
4-HA,108,747,0,3,0,750,A
4-HA,109,0,0,0,747,747,C
4-HA,110,1,1,0,728,730,C
4-HA,111,735,0,0,0,735,A
4-HA,112,736,0,0,0,736,A
4-HA,113,734,0,0,0,734,A
4-HA,114,0,1,0,741,742,C
4-HA,115,1,0,731,0,732,G
4-HA,116,0,0,745,0,745,G
4-HA,117,741,0,0,0,741,A
4-HA,118,741,0,1,0,742,A
4-HA,119,0,0,0,742,742,C
4-HA,120,0,2,739,0,741,G
4-HA,121,2,0,737,0,739,G
4-HA,122,0,776,0,0,776,T
4-HA,123,787,0,0,0,787,A
4-HA,124,0,0,786,0,786,G
4-HA,125,0,782,0,0,782,T
4-HA,126,0,0,783,0,783,G
4-HA,127,777,1,1,1,780,A
4-HA,128,784,0,0,1,785,A
4-HA,129,787,0,0,0,787,A
4-HA,130,779,0,0,0,779,A
4-HA,131,0,1,0,788,789,C
4-HA,132,789,0,1,0,790,A
4-HA,133,791,0,0,0,791,A
4-HA,134,0,787,0,0,787,T
4-HA,135,0,0,0,788,788,C
4-HA,136,791,0,1,0,792,A
4-HA,137,0,0,0,791,791,C
4-HA,138,1,0,792,0,793,G
4-HA,139,787,0,3,0,790,A
4-HA,140,786,0,0,0,786,A
4-HA,141,0,784,0,0,784,T
4-HA,142,0,2,784,0,786,G
4-HA,143,792,1,1,0,794,A
4-HA,144,0,0,1,791,792,C
4-HA,145,1,0,0,792,793,C
4-HA,146,805,0,0,0,805,A
4-HA,147,809,0,0,0,809,A
4-HA,148,809,0,1,0,810,A
4-HA,149,0,807,0,0,807,T
4-HA,150,0,805,0,1,806,T
4-HA,151,1,0,812,0,813,G
4-HA,152,811,0,0,0,811,A
4-HA,153,812,1,1,0,814,A
4-HA,154,0,0,814,0,814,G
4-HA,155,0,812,0,2,814,T
4-HA,156,0,839,0,0,839,T
4-HA,157,843,0,0,0,843,A
4-HA,158,0,1,0,847,848,C
4-HA,159,0,844,0,0,844,T
4-HA,160,845,0,0,0,845,A
4-HA,161,862,0,2,0,864,A
4-HA,162,0,860,0,0,860,T
4-HA,163,1,0,860,0,861,G
4-HA,164,0,0,0,890,890,C
4-HA,165,0,884,0,0,884,T
4-HA,166,889,0,0,0,889,A
4-HA,167,0,0,0,884,884,C
4-HA,168,0,883,0,0,883,T
4-HA,169,1,2,887,0,890,G
4-HA,170,881,0,1,0,882,A
4-HA,171,0,0,884,0,884,G
4-HA,172,0,0,0,882,882,C
4-HA,173,0,868,0,0,868,T
4-HA,174,0,0,888,0,888,G
4-HA,175,1,0,898,0,899,G
4-HA,176,0,899,0,0,899,T
4-HA,177,0,901,0,0,901,T
4-HA,178,2,0,0,895,897,C
4-HA,179,902,0,0,0,902,A
4-HA,180,0,0,905,0,905,G
4-HA,181,895,0,2,1,898,A
4-HA,182,0,0,928,0,928,G
4-HA,183,0,922,1,0,923,T
4-HA,184,0,912,0,0,912,T
4-HA,185,1,0,0,923,924,C
4-HA,186,1,0,0,924,925,C
4-HA,187,1,919,0,0,920,T
4-HA,188,0,1,0,924,925,C
4-HA,189,928,0,0,0,928,A
4-HA,190,927,0,1,0,928,A
4-HA,191,0,0,0,930,930,C
4-HA,192,920,0,1,0,921,A
4-HA,193,0,0,936,0,936,G
4-HA,194,0,0,932,0,932,G
4-HA,195,1,930,0,0,931,T
4-HA,196,0,0,929,0,929,G
4-HA,197,929,0,0,0,929,A
4-HA,198,928,0,2,0,930,A
4-HA,199,955,0,1,0,956,A
4-HA,200,0,954,0,1,955,T
4-HA,201,960,0,0,0,960,A
4-HA,202,0,949,0,0,949,T
4-HA,203,0,0,948,0,948,G
4-HA,204,0,2,0,951,953,C
4-HA,205,1,1,952,0,954,G
4-HA,206,950,0,0,0,950,A
4-HA,207,0,0,0,954,954,C
4-HA,208,944,0,2,0,946,A
4-HA,209,0,0,988,0,988,G
4-HA,210,0,977,0,1,978,T
4-HA,211,2,0,0,995,997,C
4-HA,212,2,2,0,992,996,C
4-HA,213,0,992,0,1,993,T
4-HA,214,1,0,0,1011,1012,C
4-HA,215,1018,0,0,0,1018,A
4-HA,216,1,1013,0,0,1014,T
4-HA,217,0,0,0,1018,1018,C
4-HA,218,978,1,1,0,980,A
4-HA,219,0,0,984,0,984,G
4-HA,220,974,0,1,1,976,A
4-HA,221,0,976,0,1,977,T
4-HA,222,1,0,0,972,973,C
4-HA,223,0,0,0,971,971,C
4-HA,224,0,965,0,1,966,T
4-HA,225,1,0,0,965,966,C
4-HA,226,0,0,967,0,967,G
4-HA,227,965,0,0,0,965,A
4-HA,228,0,968,0,0,968,T
4-HA,229,0,2,973,0,975,G
4-HA,230,0,0,978,0,978,G
4-HA,231,970,0,3,0,973,A
4-HA,232,969,1,0,0,970,A
4-HA,233,973,1,0,1,975,A
4-HA,234,977,0,0,0,977,A
4-HA,235,974,0,2,1,977,A
4-HA,236,974,0,1,0,975,A
4-HA,237,0,0,0,980,980,C
4-HA,238,0,969,0,0,969,T
4-HA,239,0,0,979,0,979,G
4-HA,240,1,1,0,978,980,C
4-HA,241,980,0,1,0,981,A
4-HA,242,0,0,0,1015,1015,C
4-HA,243,1020,0,0,0,1020,A
4-HA,244,0,0,0,1152,1152,C
4-HA,245,0,1149,0,0,1149,T
4-HA,246,1162,0,0,0,1162,A
4-HA,247,1159,0,1,0,1160,A
4-HA,248,1,1168,0,0,1169,T
4-HA,249,1167,0,1,0,1168,A
4-HA,250,0,0,1168,0,1168,G
4-HA,251,1147,0,0,0,1147,A
4-HA,252,0,1124,0,0,1124,T
4-HA,253,0,1,1071,0,1072,G
4-HA,254,0,1,0,1083,1084,C
4-HA,255,0,1084,0,1,1085,T
4-HA,256,0,1,0,1152,1153,C
4-HA,257,0,1154,0,0,1154,T
4-HA,258,1175,0,0,1,1176,A
4-HA,259,0,1177,0,0,1177,T
4-HA,260,0,1171,0,0,1171,T
4-HA,261,1,2,1181,0,1184,G
4-HA,262,1,0,1176,0,1177,G
4-HA,263,1,1,1182,0,1184,G
4-HA,264,1159,0,2,0,1161,A
4-HA,265,0,2,1146,0,1148,G
4-HA,266,1126,0,1,0,1127,A
4-HA,267,2,0,0,1219,1221,C
4-HA,268,0,0,0,1257,1257,C
4-HA,269,0,0,0,1256,1256,C
4-HA,270,0,1247,1,3,1251,T
4-HA,271,1,0,0,1267,1268,C
4-HA,272,1267,0,0,0,1267,A
4-HA,273,0,0,1365,0,1365,G
4-HA,274,0,1362,1,0,1363,T
4-HA,275,0,0,1371,0,1371,G
4-HA,276,1,1336,1,2,1340,T
4-HA,277,1,0,1337,0,1338,G
4-HA,278,1338,0,0,0,1338,A
4-HA,279,0,1334,1,0,1335,T
4-HA,280,3,5,1323,0,1331,G
4-HA,281,0,1,1331,0,1332,G
4-HA,282,1,0,0,1307,1308,C
4-HA,283,1,1299,0,2,1302,T
4-HA,284,0,1297,1,1,1299,T
4-HA,285,0,0,0,1303,1303,C
4-HA,286,1,0,0,1299,1300,C
4-HA,287,1302,0,0,0,1302,A
4-HA,288,1303,0,1,0,1304,A
4-HA,289,1306,0,0,0,1306,A
4-HA,290,1312,0,0,0,1312,A
4-HA,291,0,1319,1,0,1320,T
4-HA,292,1312,0,2,0,1314,A
4-HA,293,1313,1,0,1,1315,A
4-HA,294,0,0,1329,0,1329,G
4-HA,295,1331,0,0,0,1331,A
4-HA,296,1336,0,0,0,1336,A
4-HA,297,1333,0,1,0,1334,A
4-HA,298,0,1335,0,0,1335,T
4-HA,299,0,2,1333,0,1335,G
4-HA,300,0,1,1327,0,1328,G
4-HA,301,0,0,1340,0,1340,G
4-HA,302,1343,0,1,0,1344,A
4-HA,303,1,1,0,1353,1355,C
4-HA,304,0,1,0,1356,1357,C
4-HA,305,0,1370,0,0,1370,T
4-HA,306,0,1370,0,4,1374,T
4-HA,307,0,1372,0,0,1372,T
4-HA,308,0,1385,0,0,1385,T
4-HA,309,1,1381,0,1,1383,T
4-HA,310,0,0,1390,0,1390,G
4-HA,311,0,1383,0,2,1385,T
4-HA,312,0,1385,0,0,1385,T
4-HA,313,2,2,1379,0,1383,G
4-HA,314,1367,0,0,0,1367,A
4-HA,315,1368,0,4,0,1372,A
4-HA,316,0,0,0,1374,1374,C
4-HA,317,0,0,1366,0,1366,G
4-HA,318,0,1,0,1390,1391,C
4-HA,319,1393,0,1,0,1394,A
4-HA,320,2,0,1404,0,1406,G
4-HA,321,1,1,0,1411,1413,C
4-HA,322,1412,0,0,0,1412,A
4-HA,323,1411,0,1,0,1412,A
4-HA,324,1411,0,1,1,1413,A
4-HA,325,0,0,1472,0,1472,G
4-HA,326,0,0,0,1470,1470,C
4-HA,327,0,0,0,1462,1462,C
4-HA,328,0,1467,0,3,1470,T
4-HA,329,1470,1,0,0,1471,A
4-HA,330,0,0,0,1484,1484,C
4-HA,331,1481,0,1,0,1482,A
4-HA,332,1,0,1483,0,1484,G
4-HA,333,1,0,0,1474,1475,C
4-HA,334,1445,0,1,0,1446,A
4-HA,335,1456,0,0,0,1456,A
4-HA,336,0,1,0,1502,1503,C
4-HA,337,0,1504,0,0,1504,T
4-HA,338,0,0,1508,0,1508,G
4-HA,339,0,1494,0,1,1495,T
4-HA,340,0,1497,0,0,1497,T
4-HA,341,1495,0,2,0,1497,A
4-HA,342,0,1,0,1627,1628,C
4-HA,343,0,0,0,1635,1635,C
4-HA,344,1,0,0,1670,1671,C
4-HA,345,0,1626,0,1,1627,T
4-HA,346,0,1626,0,0,1626,T
4-HA,347,1629,2,0,0,1631,A
4-HA,348,0,1629,1,3,1633,T
4-HA,349,0,0,1631,0,1631,G
4-HA,350,1629,0,0,2,1631,A
4-HA,351,0,1545,0,1,1546,T
4-HA,352,3,0,1552,0,1555,G
4-HA,353,0,1536,0,1,1537,T
4-HA,354,0,0,1534,0,1534,G
4-HA,355,0,1,0,1534,1535,C
4-HA,356,1,1,0,1534,1536,C
4-HA,357,0,0,1566,0,1566,G
4-HA,358,1,2,1591,0,1594,G
4-HA,359,1595,0,0,0,1595,A
4-HA,360,1,1596,0,0,1597,T
4-HA,361,0,1578,1,0,1579,T
4-HA,362,1584,0,0,0,1584,A
4-HA,363,0,1585,0,0,1585,T
4-HA,364,0,0,1587,1,1588,G
4-HA,365,0,0,1,1588,1589,C
4-HA,366,0,0,0,1577,1577,C
4-HA,367,0,1587,0,2,1589,T
4-HA,368,2,0,0,1666,1668,C
4-HA,369,0,1,0,1695,1696,C
4-HA,370,1,0,0,1691,1692,C
4-HA,371,0,1687,0,2,1689,T
4-HA,372,1,1693,0,0,1694,T
4-HA,373,1685,0,2,0,1687,A
4-HA,374,1,0,1724,0,1725,G
4-HA,375,8,1,1723,0,1732,G
4-HA,376,0,1710,0,0,1710,T
4-HA,377,3,1,0,1676,1680,C
4-HA,378,1663,1,1,0,1665,A
4-HA,379,1,1,0,1691,1693,C
4-HA,380,0,1694,0,0,1694,T
4-HA,381,1693,0,0,0,1693,A
4-HA,382,0,2,1693,0,1695,G
4-HA,383,0,1676,0,0,1676,T
4-HA,384,0,1666,0,1,1667,T
4-HA,385,0,1,1681,0,1682,G
4-HA,386,0,0,0,1673,1673,C
4-HA,387,0,0,0,1677,1677,C
4-HA,388,0,1658,1,1,1660,T
4-HA,389,0,0,0,1663,1663,C
4-HA,390,1721,0,0,0,1721,A
4-HA,391,0,1720,0,0,1720,T
4-HA,392,2,1,0,1721,1724,C
4-HA,393,1,0,0,1726,1727,C
4-HA,394,0,2,1714,2,1718,G
4-HA,395,2,1,1735,0,1738,G
4-HA,396,0,3,0,1732,1735,C
4-HA,397,1755,0,2,0,1757,A
4-HA,398,0,0,0,1779,1779,C
4-HA,399,1748,0,0,0,1748,A
4-HA,400,0,1,0,1754,1755,C
4-HA,401,0,1753,0,1,1754,T
4-HA,402,0,0,1775,0,1775,G
4-HA,403,0,2,1789,0,1791,G
4-HA,404,1773,0,3,1,1777,A
4-HA,405,0,0,1795,0,1795,G
4-HA,406,1,1782,0,0,1783,T
4-HA,407,0,1769,0,0,1769,T
4-HA,408,0,1778,0,2,1780,T
4-HA,409,1773,0,1,1,1775,A
4-HA,410,1779,1,1,1,1782,A
4-HA,411,0,0,0,1786,1786,C
4-HA,412,1754,0,2,0,1756,A
4-HA,413,1751,0,4,0,1755,A
4-HA,414,0,1744,0,0,1744,T
4-HA,415,0,1,1744,0,1745,G
4-HA,416,1742,0,0,0,1742,A
4-HA,417,1741,0,1,0,1742,A
4-HA,418,1726,0,6,1,1733,A
4-HA,419,1,0,1741,0,1742,G
4-HA,420,0,4,0,1750,1754,C
4-HA,421,0,1749,0,0,1749,T
4-HA,422,0,1746,0,0,1746,T
4-HA,423,2,1,0,1764,1767,C
4-HA,424,1770,0,2,0,1772,A
4-HA,425,1764,1,2,0,1767,A
4-HA,426,0,1773,1,0,1774,T
4-HA,427,0,1770,1,3,1774,T
4-HA,428,1,0,1789,0,1790,G
4-HA,429,0,1,1814,0,1815,G
4-HA,430,1820,0,2,0,1822,A
4-HA,431,1,1,0,1823,1825,C
4-HA,432,1,1810,0,1,1812,T
4-HA,433,4,0,1807,2,1813,G
4-HA,434,0,0,1820,0,1820,G
4-HA,435,1816,0,0,0,1816,A
4-HA,436,2,2,1817,0,1821,G
4-HA,437,0,1794,0,3,1797,T
4-HA,438,5,0,0,1767,1772,C
4-HA,439,1789,0,2,0,1791,A
4-HA,440,2,0,0,1788,1790,C
4-HA,441,2,1785,0,2,1789,T
4-HA,442,0,0,0,1784,1784,C
4-HA,443,1783,0,0,0,1783,A
4-HA,444,1794,0,0,0,1794,A
4-HA,445,1790,0,5,0,1795,A
4-HA,446,1793,0,0,0,1793,A
4-HA,447,0,0,0,1796,1796,C
4-HA,448,0,2,1784,0,1786,G
4-HA,449,0,3,1812,0,1815,G
4-HA,450,1821,0,0,0,1821,A
4-HA,451,1815,0,1,1,1817,A
4-HA,452,0,0,0,1823,1823,C
4-HA,453,1818,0,0,0,1818,A
4-HA,454,1830,0,0,0,1830,A
4-HA,455,0,0,1850,0,1850,G
4-HA,456,0,0,0,1854,1854,C
4-HA,457,0,1846,0,1,1847,T
4-HA,458,0,0,0,1859,1859,C
4-HA,459,0,1846,0,0,1846,T
4-HA,460,2,0,1857,0,1859,G
4-HA,461,0,0,0,1856,1856,C
4-HA,462,0,1858,0,1,1859,T
4-HA,463,0,1889,0,0,1889,T
4-HA,464,1,1,1933,0,1935,G
4-HA,465,0,0,0,1956,1956,C
4-HA,466,1954,0,0,0,1954,A
4-HA,467,0,1938,0,1,1939,T
4-HA,468,1937,0,1,0,1938,A
4-HA,469,1924,1,0,1,1926,A
4-HA,470,0,0,1921,0,1921,G
4-HA,471,0,2,1921,0,1923,G
4-HA,472,1872,0,1,0,1873,A
4-HA,473,0,1,1840,0,1841,G
4-HA,474,1832,0,1,0,1833,A
4-HA,475,0,1879,0,0,1879,T
4-HA,476,1,0,0,1900,1901,C
4-HA,477,0,1900,0,0,1900,T
4-HA,478,1899,0,0,0,1899,A
4-HA,479,1888,0,4,0,1892,A
4-HA,480,1877,0,0,1,1878,A
4-HA,481,1884,0,0,0,1884,A
4-HA,482,1891,0,0,1,1892,A
4-HA,483,1,1,0,1895,1897,C
4-HA,484,1843,1,0,0,1844,A
4-HA,485,1,0,1851,0,1852,G
4-HA,486,0,1852,0,0,1852,T
4-HA,487,0,1871,0,2,1873,T
4-HA,488,1,1875,0,0,1876,T
4-HA,489,1,0,0,1918,1919,C
4-HA,490,0,1915,0,1,1916,T
4-HA,491,1,1912,0,0,1913,T
4-HA,492,0,1914,0,0,1914,T
4-HA,493,1910,0,1,0,1911,A
4-HA,494,0,0,1910,0,1910,G
4-HA,495,0,1905,0,1,1906,T
4-HA,496,1900,0,1,0,1901,A
4-HA,497,1,1,1907,0,1909,G
4-HA,498,1879,1,0,1,1881,A
4-HA,499,0,1883,1,1,1885,T
4-HA,500,0,1876,0,0,1876,T
4-HA,501,0,2,1897,1,1900,G
4-HA,502,1901,0,0,1,1902,A
4-HA,503,1900,0,0,1,1901,A
4-HA,504,0,1897,0,5,1902,T
4-HA,505,0,1872,0,0,1872,T
4-HA,506,0,0,1896,0,1896,G
4-HA,507,0,1,1891,0,1892,G
4-HA,508,0,1895,0,3,1898,T
4-HA,509,0,1885,1,2,1888,T
4-HA,510,5,2,1852,0,1859,G
4-HA,511,1871,0,1,0,1872,A
4-HA,512,2,0,0,1864,1866,C
4-HA,513,0,3,0,1861,1864,C
4-HA,514,0,1,0,1885,1886,C
4-HA,515,1884,1,2,2,1889,A
4-HA,516,1,1,0,1893,1895,C
4-HA,517,0,1891,1,2,1894,T
4-HA,518,1,1892,1,0,1894,T
4-HA,519,1893,0,0,0,1893,A
4-HA,520,1880,0,0,0,1880,A
4-HA,521,1878,0,0,0,1878,A
4-HA,522,0,0,0,1849,1849,C
4-HA,523,0,1878,0,1,1879,T
4-HA,524,0,1888,1,1,1890,T
4-HA,525,1,0,0,1904,1905,C
4-HA,526,1906,1,0,0,1907,A
4-HA,527,1906,0,1,0,1907,A
4-HA,528,1914,0,0,0,1914,A
4-HA,529,0,1908,0,0,1908,T
4-HA,530,1935,3,1,0,1939,A
4-HA,531,2,0,0,1926,1928,C
4-HA,532,0,0,0,1890,1890,C
4-HA,533,3,2,1,1881,1887,C
4-HA,534,1877,0,2,0,1879,A
4-HA,535,0,1,1947,0,1948,G
4-HA,536,0,1,0,1954,1955,C
4-HA,537,1953,0,0,0,1953,A
4-HA,538,0,1948,0,0,1948,T
4-HA,539,0,1926,0,1,1927,T
4-HA,540,0,0,1971,0,1971,G
4-HA,541,1976,0,1,0,1977,A
4-HA,542,1979,0,1,0,1980,A
4-HA,543,0,5,0,1973,1978,C
4-HA,544,1,0,1927,0,1928,G
4-HA,545,0,1953,0,1,1954,T
4-HA,546,0,2,1948,0,1950,G
4-HA,547,1956,0,3,0,1959,A
4-HA,548,0,4,0,1949,1953,C
4-HA,549,0,1909,1,0,1910,T
4-HA,550,1942,1,1,0,1944,A
4-HA,551,1,1938,0,1,1940,T
4-HA,552,2,0,1952,1,1955,G
4-HA,553,1,0,0,1943,1944,C
4-HA,554,0,0,1,1922,1923,C
4-HA,555,1915,0,0,0,1915,A
4-HA,556,1918,1,0,0,1919,A
4-HA,557,1933,0,1,1,1935,A
4-HA,558,0,0,0,1944,1944,C
4-HA,559,1901,1,0,0,1902,A
4-HA,560,1899,0,0,0,1899,A
4-HA,561,0,1876,0,0,1876,T
4-HA,562,0,1,1874,1,1876,G
4-HA,563,1875,1,2,1,1879,A
4-HA,564,1878,0,2,0,1880,A
4-HA,565,0,1,0,1837,1838,C
4-HA,566,1844,1,0,0,1845,A
4-HA,567,1854,1,1,1,1857,A
4-HA,568,0,1846,2,0,1848,T
4-HA,569,0,1852,1,0,1853,T
4-HA,570,0,1853,1,0,1854,T
4-HA,571,2,2,1852,0,1856,G
4-HA,572,1856,2,3,0,1861,A
4-HA,573,0,1,0,1861,1862,C
4-HA,574,1862,0,2,1,1865,A
4-HA,575,1870,0,1,0,1871,A
4-HA,576,1879,1,0,1,1881,A
4-HA,577,0,1890,0,0,1890,T
4-HA,578,0,1882,0,0,1882,T
4-HA,579,0,0,1891,0,1891,G
4-HA,580,1,1894,0,1,1896,T
4-HA,581,1894,2,2,0,1898,A
4-HA,582,0,0,0,1931,1931,C
4-HA,583,1936,0,2,0,1938,A
4-HA,584,0,1964,1,1,1966,T
4-HA,585,0,1941,0,0,1941,T
4-HA,586,1,1933,0,0,1934,T
4-HA,587,1,4,1912,1,1918,G
4-HA,588,0,0,1914,0,1914,G
4-HA,589,0,2,1906,0,1908,G
4-HA,590,0,3,1911,0,1914,G
4-HA,591,0,0,1886,0,1886,G
4-HA,592,0,0,1929,0,1929,G
4-HA,593,0,1904,1,1,1906,T
4-HA,594,0,1911,0,1,1912,T
4-HA,595,6,1,0,1908,1915,C
4-HA,596,1917,0,1,0,1918,A
4-HA,597,0,1,0,1917,1918,C
4-HA,598,3,0,0,1914,1917,C
4-HA,599,1918,1,1,0,1920,A
4-HA,600,1,3,0,1918,1922,C
4-HA,601,0,0,0,1907,1907,C
4-HA,602,1,0,0,1893,1894,C
4-HA,603,0,1,1899,0,1900,G
4-HA,604,0,3,1918,0,1921,G
4-HA,605,1,1,1931,0,1933,G
4-HA,606,0,1925,0,2,1927,T
4-HA,607,1925,1,0,0,1926,A
4-HA,608,1,0,0,1907,1908,C
4-HA,609,0,2,1894,0,1896,G
4-HA,610,4,1,1924,2,1931,G
4-HA,611,1935,2,1,0,1938,A
4-HA,612,0,2,0,1931,1933,C
4-HA,613,1890,0,0,0,1890,A
4-HA,614,1889,0,0,0,1889,A
4-HA,615,1878,0,4,0,1882,A
4-HA,616,2,0,1920,1,1923,G
4-HA,617,1925,0,2,0,1927,A
4-HA,618,2,1,0,1916,1919,C
4-HA,619,2,0,0,1888,1890,C
4-HA,620,1903,0,0,1,1904,A
4-HA,621,1902,0,2,1,1905,A
4-HA,622,1933,0,0,0,1933,A
4-HA,623,0,1924,0,1,1925,T
4-HA,624,2,0,0,1933,1935,C
4-HA,625,1,1808,0,1,1810,T
4-HA,626,0,1801,0,0,1801,T
4-HA,627,0,1,0,1821,1822,C
4-HA,628,1,1,0,1828,1830,C
4-HA,629,0,1829,0,1,1830,T
4-HA,630,1,0,1838,0,1839,G
4-HA,631,0,1816,0,2,1818,T
4-HA,632,1832,1,0,0,1833,A
4-HA,633,2,1828,0,0,1830,T
4-HA,634,0,0,1842,0,1842,G
4-HA,635,0,0,0,1854,1854,C
4-HA,636,0,1838,1,2,1841,T
4-HA,637,0,4,0,1833,1837,C
4-HA,638,1841,1,3,0,1845,A
4-HA,639,1838,0,2,1,1841,A
4-HA,640,0,1,1845,0,1846,G
4-HA,641,1,0,3,1845,1849,C
4-HA,642,1848,0,1,0,1849,A
4-HA,643,0,1833,0,0,1833,T
4-HA,644,1,1,0,1835,1837,C
4-HA,645,1828,1,1,0,1830,A
4-HA,646,0,3,1846,0,1849,G
4-HA,647,0,1,1846,0,1847,G
4-HA,648,1845,0,2,0,1847,A
4-HA,649,1843,0,1,0,1844,A
4-HA,650,1,1,1861,0,1863,G
4-HA,651,1857,0,1,1,1859,A
4-HA,652,1878,0,1,0,1879,A
4-HA,653,0,1894,0,1,1895,T
4-HA,654,0,0,0,1894,1894,C
4-HA,655,1885,1,1,0,1887,A
4-HA,656,0,0,1,1881,1882,C
4-HA,657,1876,1,1,1,1879,A
4-HA,658,0,0,1913,0,1913,G
4-HA,659,1,1884,0,0,1885,T
4-HA,660,0,0,0,1886,1886,C
4-HA,661,1,1863,0,2,1866,T
4-HA,662,0,0,0,1903,1903,C
4-HA,663,1,1905,0,2,1908,T
4-HA,664,1926,0,0,0,1926,A
4-HA,665,0,0,0,1922,1922,C
4-HA,666,1,1,0,1922,1924,C
4-HA,667,1894,0,0,0,1894,A
4-HA,668,1896,2,0,0,1898,A
4-HA,669,1886,0,1,0,1887,A
4-HA,670,1887,0,0,0,1887,A
4-HA,671,0,0,1887,0,1887,G
4-HA,672,1847,0,1,0,1848,A
4-HA,673,1842,0,0,0,1842,A
4-HA,674,0,1,1842,0,1843,G
4-HA,675,0,0,0,1846,1846,C
4-HA,676,1,2,0,1839,1842,C
4-HA,677,1852,1,0,0,1853,A
4-HA,678,1854,2,1,0,1857,A
4-HA,679,1,1,0,1857,1859,C
4-HA,680,1856,1,0,0,1857,A
4-HA,681,1857,1,0,1,1859,A
4-HA,682,1855,0,0,0,1855,A
4-HA,683,1,2,0,1893,1896,C
4-HA,684,0,1887,0,0,1887,T
4-HA,685,2,0,1894,0,1896,G
4-HA,686,1,1889,0,1,1891,T
4-HA,687,1882,0,2,0,1884,A
4-HA,688,1898,1,0,0,1899,A
4-HA,689,0,1885,2,1,1888,T
4-HA,690,5,0,0,1892,1897,C
4-HA,691,2,2,0,1890,1894,C
4-HA,692,1,1,0,1871,1873,C
4-HA,693,1,2,1877,0,1880,G
4-HA,694,1877,0,0,0,1877,A
4-HA,695,1875,0,0,0,1875,A
4-HA,696,0,1881,0,1,1882,T
4-HA,697,1887,0,0,0,1887,A
4-HA,698,0,1881,1,0,1882,T
4-HA,699,4,2,0,1858,1864,C
4-HA,700,2,1,1852,1,1856,G
4-HA,701,1,0,1884,0,1885,G
4-HA,702,1889,1,2,0,1892,A
4-HA,703,0,1906,0,2,1908,T
4-HA,704,0,1,0,1907,1908,C
4-HA,705,0,1905,0,0,1905,T
4-HA,706,1901,0,2,0,1903,A
4-HA,707,0,2,1902,0,1904,G
4-HA,708,1905,2,2,0,1909,A
4-HA,709,1,1,0,1905,1907,C
4-HA,710,1,0,0,1836,1837,C
4-HA,711,2,0,0,1841,1843,C
4-HA,712,1834,0,2,0,1836,A
4-HA,713,1,0,1946,1,1948,G
4-HA,714,1952,0,0,1,1953,A
4-HA,715,3,0,1971,0,1974,G
4-HA,716,2,1954,0,1,1957,T
4-HA,717,1938,0,1,0,1939,A
4-HA,718,1940,0,1,0,1941,A
4-HA,719,0,0,1979,0,1979,G
4-HA,720,0,1,1992,1,1994,G
4-HA,721,1975,2,1,0,1978,A
4-HA,722,1820,0,2,0,1822,A
4-HA,723,0,1816,0,0,1816,T
4-HA,724,1821,0,1,0,1822,A
4-HA,725,0,1808,1,3,1812,T
4-HA,726,1,0,0,1829,1830,C
4-HA,727,3,1,0,1826,1830,C
4-HA,728,0,1,0,1795,1796,C
4-HA,729,0,1782,1,0,1783,T
4-HA,730,1786,0,0,0,1786,A
4-HA,731,0,0,1797,0,1797,G
4-HA,732,0,0,0,1801,1801,C
4-HA,733,1749,0,0,0,1749,A
4-HA,734,0,0,1786,0,1786,G
4-HA,735,1770,1,0,0,1771,A
4-HA,736,1776,1,2,0,1779,A
4-HA,737,1,1776,0,1,1778,T
4-HA,738,1777,0,0,0,1777,A
4-HA,739,1784,4,0,0,1788,A
4-HA,740,0,0,1784,1,1785,G
4-HA,741,2,0,0,1791,1793,C
4-HA,742,1794,1,0,0,1795,A
4-HA,743,0,1748,1,0,1749,T
4-HA,744,0,0,0,1829,1829,C
4-HA,745,0,1820,0,1,1821,T
4-HA,746,1835,2,0,0,1837,A
4-HA,747,0,1829,0,0,1829,T
4-HA,748,0,1821,2,1,1824,T
4-HA,749,0,0,1831,0,1831,G
4-HA,750,0,20,1797,0,1817,G
4-HA,751,1827,0,1,0,1828,A
4-HA,752,1,0,0,1816,1817,C
4-HA,753,1673,0,0,1,1674,A
4-HA,754,1722,0,0,0,1722,A
4-HA,755,0,1791,1,1,1793,T
4-HA,756,1814,0,1,1,1816,A
4-HA,757,0,0,1839,0,1839,G
4-HA,758,0,1828,0,0,1828,T
4-HA,759,1824,0,3,0,1827,A
4-HA,760,1824,0,1,0,1825,A
4-HA,761,1846,0,1,0,1847,A
4-HA,762,1868,0,1,0,1869,A
4-HA,763,0,0,0,1868,1868,C
4-HA,764,2,0,0,1793,1795,C
4-HA,765,0,2,1784,0,1786,G
4-HA,766,1,1,1809,0,1811,G
4-HA,767,2,0,1822,1,1825,G
4-HA,768,1832,1,2,0,1835,A
4-HA,769,0,1,1842,0,1843,G
4-HA,770,1874,1,0,0,1875,A
4-HA,771,2,0,0,1873,1875,C
4-HA,772,1874,0,2,1,1877,A
4-HA,773,0,1869,0,0,1869,T
4-HA,774,1873,0,3,0,1876,A
4-HA,775,1,0,0,1912,1913,C
4-HA,776,1,1900,0,0,1901,T
4-HA,777,1,1901,1,1,1904,T
4-HA,778,0,1926,0,0,1926,T
4-HA,779,0,1906,0,1,1907,T
4-HA,780,1,5,1917,0,1923,G
4-HA,781,1927,1,1,0,1929,A
4-HA,782,0,1931,0,0,1931,T
4-HA,783,0,1975,0,0,1975,T
4-HA,784,1961,3,0,0,1964,A
4-HA,785,1973,1,2,0,1976,A
4-HA,786,0,2,0,1985,1987,C
4-HA,787,1978,1,1,0,1980,A
4-HA,788,3,1,2050,0,2054,G
4-HA,789,0,1,0,2042,2043,C
4-HA,790,2047,2,1,0,2050,A
4-HA,791,0,0,0,2057,2057,C
4-HA,792,2034,0,2,0,2036,A
4-HA,793,0,1,2064,0,2065,G
4-HA,794,2,0,2060,1,2063,G
4-HA,795,4,1,2119,0,2124,G
4-HA,796,2111,1,3,0,2115,A
4-HA,797,2128,1,2,0,2131,A
4-HA,798,1,2127,0,2,2130,T
4-HA,799,0,0,0,2131,2131,C
4-HA,800,0,2141,0,0,2141,T
4-HA,801,2152,0,0,1,2153,A
4-HA,802,2132,1,5,0,2138,A
4-HA,803,0,2133,0,0,2133,T
4-HA,804,0,2077,0,0,2077,T
4-HA,805,1,2,2093,0,2096,G
4-HA,806,0,0,0,2171,2171,C
4-HA,807,0,2208,0,3,2211,T
4-HA,808,1,0,0,2271,2272,C
4-HA,809,3,0,0,2264,2267,C
4-HA,810,0,2273,0,1,2274,T
4-HA,811,2272,1,0,0,2273,A
4-HA,812,2,0,2272,0,2274,G
4-HA,813,1,1,2287,0,2289,G
4-HA,814,0,5,2279,2,2286,G
4-HA,815,2,0,2264,0,2266,G
4-HA,816,0,2214,0,0,2214,T
4-HA,817,0,2190,0,1,2191,T
4-HA,818,2191,0,0,0,2191,A
4-HA,819,0,0,0,2220,2220,C
4-HA,820,1,2213,0,0,2214,T
4-HA,821,1,2230,0,1,2232,T
4-HA,822,1,0,0,2227,2228,C
4-HA,823,2217,2,1,0,2220,A
4-HA,824,2218,1,2,0,2221,A
4-HA,825,2218,0,1,0,2219,A
4-HA,826,2231,0,0,0,2231,A
4-HA,827,0,2236,0,0,2236,T
4-HA,828,2220,1,1,0,2222,A
4-HA,829,0,0,0,2217,2217,C
4-HA,830,0,3,2215,0,2218,G
4-HA,831,2222,0,0,0,2222,A
4-HA,832,2220,0,0,0,2220,A
4-HA,833,2,1,2242,0,2245,G
4-HA,834,0,2241,0,1,2242,T
4-HA,835,0,3,2258,0,2261,G
4-HA,836,1,1,2256,1,2259,G
4-HA,837,0,3,2262,0,2265,G
4-HA,838,2263,1,1,0,2265,A
4-HA,839,2266,0,1,0,2267,A
4-HA,840,2267,0,2,0,2269,A
4-HA,841,2257,0,4,0,2261,A
4-HA,842,0,0,2306,0,2306,G
4-HA,843,0,3,0,2281,2284,C
4-HA,844,2,2267,0,2,2271,T
4-HA,845,1,0,0,2289,2290,C
4-HA,846,2303,0,0,0,2303,A
4-HA,847,2320,1,1,0,2322,A
4-HA,848,0,2318,0,0,2318,T
4-HA,849,2338,0,0,0,2338,A
4-HA,850,2334,2,0,0,2336,A
4-HA,851,1,2281,0,0,2282,T
4-HA,852,1,5,2293,0,2299,G
4-HA,853,2278,0,4,0,2282,A
4-HA,854,0,5,2345,0,2350,G
4-HA,855,2345,1,2,0,2348,A
4-HA,856,0,2339,0,0,2339,T
4-HA,857,1,2,0,2371,2374,C
4-HA,858,2367,0,0,0,2367,A
4-HA,859,1,1,2410,0,2412,G
4-HA,860,2414,1,1,0,2416,A
4-HA,861,0,2413,0,0,2413,T
4-HA,862,0,0,2404,0,2404,G
4-HA,863,0,1,0,2363,2364,C
4-HA,864,2366,0,2,0,2368,A
4-HA,865,0,1,0,2406,2407,C
4-HA,866,0,1,1,2377,2379,C
4-HA,867,3,2,0,2374,2379,C
4-HA,868,2349,0,0,0,2349,A
4-HA,869,1,2347,0,1,2349,T
4-HA,870,1,2347,0,1,2349,T
4-HA,871,0,3,2374,0,2377,G
4-HA,872,3,2,2368,0,2373,G
4-HA,873,1,0,0,2377,2378,C
4-HA,874,2343,0,0,0,2343,A
4-HA,875,2340,1,0,1,2342,A
4-HA,876,2372,0,0,0,2372,A
4-HA,877,0,2376,0,0,2376,T
4-HA,878,0,0,2374,0,2374,G
4-HA,879,2,0,1,2370,2373,C
4-HA,880,2358,0,0,0,2358,A
4-HA,881,2412,1,0,0,2413,A
4-HA,882,0,2412,0,0,2412,T
4-HA,883,0,2433,0,0,2433,T
4-HA,884,5,2,1,2429,2437,C
4-HA,885,0,2398,1,4,2403,T
4-HA,886,1,0,2433,0,2434,G
4-HA,887,2433,0,1,0,2434,A
4-HA,888,2445,0,1,0,2446,A
4-HA,889,1,2438,0,1,2440,T
4-HA,890,3,0,2415,0,2418,G
4-HA,891,0,0,0,2412,2412,C
4-HA,892,2419,0,3,0,2422,A
4-HA,893,0,2420,0,1,2421,T
4-HA,894,0,0,0,2419,2419,C
4-HA,895,2406,0,2,0,2408,A
4-HA,896,0,0,0,2472,2472,C
4-HA,897,1,2456,1,2,2460,T
4-HA,898,0,0,0,2464,2464,C
4-HA,899,0,0,1,2458,2459,C
4-HA,900,2479,1,1,0,2481,A
4-HA,901,2479,0,1,0,2480,A
4-HA,902,2476,0,1,0,2477,A
4-HA,903,0,2392,0,1,2393,T
4-HA,904,1,3,2403,0,2407,G
4-HA,905,0,1,2413,0,2414,G
4-HA,906,2408,2,1,0,2411,A
4-HA,907,2408,0,6,0,2414,A
4-HA,908,1,0,2415,0,2416,G
4-HA,909,0,0,0,2392,2392,C
4-HA,910,2393,0,0,0,2393,A
4-HA,911,1,2388,0,2,2391,T
4-HA,912,0,2383,0,2,2385,T
4-HA,913,1,1,0,2438,2440,C
4-HA,914,1,2,1,2432,2436,C
4-HA,915,2,0,0,2430,2432,C
4-HA,916,2431,0,0,0,2431,A
4-HA,917,2482,0,0,0,2482,A
4-HA,918,0,2514,0,1,2515,T
4-HA,919,0,5,2512,0,2517,G
4-HA,920,2507,0,2,1,2510,A
4-HA,921,1,0,0,2511,2512,C
4-HA,922,2437,0,1,0,2438,A
4-HA,923,2438,0,0,1,2439,A
4-HA,924,2441,0,2,0,2443,A
4-HA,925,1,1,0,2451,2453,C
4-HA,926,2,0,0,2420,2422,C
4-HA,927,2384,0,0,0,2384,A
4-HA,928,1,2385,0,1,2387,T
4-HA,929,3,2375,0,1,2379,T
4-HA,930,2,0,0,2399,2401,C
4-HA,931,1,0,0,2394,2395,C
4-HA,932,2391,0,0,0,2391,A
4-HA,933,2386,1,0,0,2387,A
4-HA,934,2385,0,0,0,2385,A
4-HA,935,2424,1,1,0,2426,A
4-HA,936,1,2402,0,1,2404,T
4-HA,937,0,1,2416,0,2417,G
4-HA,938,0,2416,0,1,2417,T
4-HA,939,2426,0,0,0,2426,A
4-HA,940,2428,0,1,0,2429,A
4-HA,941,2429,0,0,1,2430,A
4-HA,942,1,0,0,2438,2439,C
4-HA,943,2389,0,1,0,2390,A
4-HA,944,1,0,2411,0,2412,G
4-HA,945,0,2,2413,0,2415,G
4-HA,946,2451,1,5,0,2457,A
4-HA,947,1,2450,0,3,2454,T
4-HA,948,3,2,1,2470,2476,C
4-HA,949,2485,0,2,0,2487,A
4-HA,950,0,1,0,2571,2572,C
4-HA,951,2575,0,2,1,2578,A
4-HA,952,0,2655,0,1,2656,T
4-HA,953,2608,0,2,0,2610,A
4-HA,954,2,3,0,2579,2584,C
4-HA,955,0,0,2514,1,2515,G
4-HA,956,0,0,2520,0,2520,G
4-HA,957,0,1,2505,1,2507,G
4-HA,958,1,0,2499,0,2500,G
4-HA,959,0,0,0,2458,2458,C
4-HA,960,1,1,0,2446,2448,C
4-HA,961,1,2390,0,5,2396,T
4-HA,962,0,1,2607,2,2610,G
4-HA,963,0,2601,0,4,2605,T
4-HA,964,1,0,0,2625,2626,C
4-HA,965,1,3,0,2611,2615,C
4-HA,966,0,1,0,2611,2612,C
4-HA,967,2596,0,1,0,2597,A
4-HA,968,2,3,2621,0,2626,G
4-HA,969,2612,1,0,0,2613,A
4-HA,970,0,2611,0,1,2612,T
4-HA,971,2418,0,1,0,2419,A
4-HA,972,0,2389,0,0,2389,T
4-HA,973,1,0,2400,0,2401,G
4-HA,974,0,2401,1,1,2403,T
4-HA,975,1,2372,1,0,2374,T
4-HA,976,2394,1,0,0,2395,A
4-HA,977,2376,1,1,1,2379,A
4-HA,978,0,3,2407,0,2410,G
4-HA,979,2,0,0,2400,2402,C
4-HA,980,2364,0,0,0,2364,A
4-HA,981,2361,1,3,0,2365,A
4-HA,982,2344,0,1,1,2346,A
4-HA,983,2346,1,3,0,2350,A
4-HA,984,2,0,0,2354,2356,C
4-HA,985,2337,0,2,0,2339,A
4-HA,986,0,1,0,2362,2363,C
4-HA,987,2,2311,3,1,2317,T
4-HA,988,2,0,0,2333,2335,C
4-HA,989,2,2330,0,1,2333,T
4-HA,990,1,1,2358,0,2360,G
4-HA,991,2361,1,0,0,2362,A
4-HA,992,2356,0,0,0,2356,A
4-HA,993,2357,0,0,0,2357,A
4-HA,994,1,2328,0,0,2329,T
4-HA,995,0,2308,0,0,2308,T
4-HA,996,0,2,2330,0,2332,G
4-HA,997,3,0,2317,0,2320,G
4-HA,998,0,0,0,2327,2327,C
4-HA,999,2312,4,1,0,2317,A
4-HA,1000,2319,1,2,0,2322,A
4-HA,1001,0,0,0,2320,2320,C
4-HA,1002,2313,0,3,1,2317,A
4-HA,1003,0,0,2333,0,2333,G
4-HA,1004,1,1,2318,1,2321,G
4-HA,1005,1,0,2312,0,2313,G
4-HA,1006,2312,1,0,0,2313,A
4-HA,1007,2,2296,1,0,2299,T
4-HA,1008,1,0,2309,0,2310,G
4-HA,1009,0,3,0,2299,2302,C
4-HA,1010,0,0,2320,0,2320,G
4-HA,1011,2330,0,4,0,2334,A
4-HA,1012,2309,0,0,0,2309,A
4-HA,1013,2323,1,2,3,2329,A
4-HA,1014,0,2303,0,1,2304,T
4-HA,1015,2,0,2359,0,2361,G
4-HA,1016,2,2363,0,2,2367,T
4-HA,1017,2360,0,1,0,2361,A
4-HA,1018,1,0,0,2354,2355,C
4-HA,1019,3,0,0,2344,2347,C
4-HA,1020,2296,0,0,0,2296,A
4-HA,1021,0,1,2304,0,2305,G
4-HA,1022,2275,0,0,0,2275,A
4-HA,1023,1,0,2285,0,2286,G
4-HA,1024,2259,0,1,0,2260,A
4-HA,1025,2250,0,1,1,2252,A
4-HA,1026,2251,0,5,0,2256,A
4-HA,1027,1,0,1,2250,2252,C
4-HA,1028,2250,1,1,0,2252,A
4-HA,1029,2277,1,13,0,2291,A
4-HA,1030,2284,0,2,0,2286,A
4-HA,1031,0,0,0,2299,2299,C
4-HA,1032,0,2268,0,0,2268,T
4-HA,1033,2258,0,1,0,2259,A
4-HA,1034,0,1,2257,1,2259,G
4-HA,1035,2237,0,5,1,2243,A
4-HA,1036,0,0,2280,0,2280,G
4-HA,1037,2,1,2273,0,2276,G
4-HA,1038,1,0,1,2231,2233,C
4-HA,1039,2247,1,0,0,2248,A
4-HA,1040,0,2245,1,1,2247,T
4-HA,1041,2266,1,1,0,2268,A
4-HA,1042,1,2250,0,0,2251,T
4-HA,1043,0,2254,0,1,2255,T
4-HA,1044,0,2255,0,0,2255,T
4-HA,1045,2,3,2171,0,2176,G
4-HA,1046,0,2,2179,0,2181,G
4-HA,1047,1,1,0,2172,2174,C
4-HA,1048,1,0,2169,0,2170,G
4-HA,1049,1,1,0,2154,2156,C
4-HA,1050,2145,1,0,0,2146,A
4-HA,1051,2152,1,1,0,2154,A
4-HA,1052,2,2147,0,1,2150,T
4-HA,1053,1,1,0,2158,2160,C
4-HA,1054,2,0,2162,0,2164,G
4-HA,1055,0,0,1,2158,2159,C
4-HA,1056,2,4,2157,0,2163,G
4-HA,1057,0,1,2163,0,2164,G
4-HA,1058,1,1,2180,0,2182,G
4-HA,1059,0,2174,0,0,2174,T
4-HA,1060,0,2147,0,2,2149,T
4-HA,1061,0,2151,0,0,2151,T
4-HA,1062,1,1,0,2161,2163,C
4-HA,1063,2166,0,0,0,2166,A
4-HA,1064,1,2169,0,1,2171,T
4-HA,1065,2165,0,1,0,2166,A
4-HA,1066,0,0,2183,0,2183,G
4-HA,1067,2115,0,3,0,2118,A
4-HA,1068,2111,0,1,1,2113,A
4-HA,1069,2111,1,2,1,2115,A
4-HA,1070,2118,0,3,0,2121,A
4-HA,1071,0,2114,0,1,2115,T
4-HA,1072,0,2,2149,0,2151,G
4-HA,1073,0,0,2156,0,2156,G
4-HA,1074,2,2138,0,0,2140,T
4-HA,1075,0,2100,0,0,2100,T
4-HA,1076,0,0,2100,0,2100,G
4-HA,1077,2,3,2095,0,2100,G
4-HA,1078,0,2,2105,0,2107,G
4-HA,1079,2088,0,3,1,2092,A
4-HA,1080,0,1,2101,0,2102,G
4-HA,1081,1,0,2073,0,2074,G
4-HA,1082,5,3,2118,0,2126,G
4-HA,1083,2107,0,2,0,2109,A
4-HA,1084,2126,0,2,1,2129,A
4-HA,1085,2,2124,0,2,2128,T
4-HA,1086,0,1,2135,0,2136,G
4-HA,1087,0,1,2162,1,2164,G
4-HA,1088,0,2150,0,0,2150,T
4-HA,1089,6,1,2138,0,2145,G
4-HA,1090,1,2,2140,0,2143,G
4-HA,1091,2105,0,2,0,2107,A
4-HA,1092,1,2113,0,0,2114,T
4-HA,1093,0,2,2136,0,2138,G
4-HA,1094,2,0,2157,0,2159,G
4-HA,1095,0,2135,0,0,2135,T
4-HA,1096,1,2070,0,2,2073,T
4-HA,1097,1,0,2077,0,2078,G
4-HA,1098,0,1,2112,0,2113,G
4-HA,1099,0,2109,0,1,2110,T
4-HA,1100,2114,0,0,0,2114,A
4-HA,1101,1,2,1,2026,2030,C
4-HA,1102,0,1,2043,0,2044,G
4-HA,1103,0,0,2114,0,2114,G
4-HA,1104,0,2111,0,1,2112,T
4-HA,1105,1,2112,1,0,2114,T
4-HA,1106,0,2103,0,0,2103,T
4-HA,1107,2,0,0,2090,2092,C
4-HA,1108,2081,1,3,0,2085,A
4-HA,1109,0,0,2081,0,2081,G
4-HA,1110,0,0,2082,0,2082,G
4-HA,1111,0,1,0,2085,2086,C
4-HA,1112,2029,2,1,1,2033,A
4-HA,1113,0,2064,0,1,2065,T
4-HA,1114,0,0,0,2065,2065,C
4-HA,1115,2073,0,1,0,2074,A
4-HA,1116,2072,0,0,0,2072,A
4-HA,1117,2068,0,1,2,2071,A
4-HA,1118,2080,1,0,0,2081,A
4-HA,1119,0,2073,1,2,2076,T
4-HA,1120,1,2061,1,0,2063,T
4-HA,1121,0,0,0,2073,2073,C
4-HA,1122,0,2053,1,0,2054,T
4-HA,1123,2,0,2056,0,2058,G
4-HA,1124,2041,2,5,2,2050,A
4-HA,1125,0,1,2051,0,2052,G
4-HA,1126,1,1,2055,0,2057,G
4-HA,1127,1,1,2077,0,2079,G
4-HA,1128,2067,0,1,0,2068,A
4-HA,1129,2072,0,1,0,2073,A
4-HA,1130,0,0,2066,0,2066,G
4-HA,1131,2082,0,5,0,2087,A
4-HA,1132,1,0,2103,0,2104,G
4-HA,1133,0,1,2108,0,2109,G
4-HA,1134,2089,0,10,0,2099,A
4-HA,1135,0,3,0,2088,2091,C
4-HA,1136,2076,0,1,0,2077,A
4-HA,1137,2072,0,3,0,2075,A
4-HA,1138,0,0,2082,0,2082,G
4-HA,1139,1,2,0,2082,2085,C
4-HA,1140,2073,0,0,0,2073,A
4-HA,1141,1,0,2070,1,2072,G
4-HA,1142,0,0,0,2064,2064,C
4-HA,1143,2063,0,3,0,2066,A
4-HA,1144,0,1,2073,0,2074,G
4-HA,1145,2063,0,0,0,2063,A
4-HA,1146,0,2119,0,0,2119,T
4-HA,1147,0,0,0,2127,2127,C
4-HA,1148,2,2108,0,3,2113,T
4-HA,1149,1,0,0,2137,2138,C
4-HA,1150,2135,0,0,0,2135,A
4-HA,1151,2136,1,2,1,2140,A
4-HA,1152,2134,1,7,0,2142,A
4-HA,1153,2103,0,7,1,2111,A
4-HA,1154,3,0,2107,0,2110,G
4-HA,1155,0,0,0,2075,2075,C
4-HA,1156,2052,0,2,0,2054,A
4-HA,1157,0,0,0,2087,2087,C
4-HA,1158,0,2076,0,2,2078,T
4-HA,1159,3,0,0,2080,2083,C
4-HA,1160,2082,1,0,1,2084,A
4-HA,1161,2111,1,4,0,2116,A
4-HA,1162,0,2,2114,0,2116,G
4-HA,1163,0,1,0,2107,2108,C
4-HA,1164,2088,0,3,0,2091,A
4-HA,1165,2,0,2102,0,2104,G
4-HA,1166,0,3,0,2065,2068,C
4-HA,1167,2071,0,0,0,2071,A
4-HA,1168,2071,1,0,0,2072,A
4-HA,1169,0,2056,4,1,2061,T
4-HA,1170,2,1,0,2025,2028,C
4-HA,1171,1,0,2045,0,2046,G
4-HA,1172,2049,0,0,0,2049,A
4-HA,1173,0,2032,1,1,2034,T
4-HA,1174,1,0,0,2026,2027,C
4-HA,1175,2021,0,2,1,2024,A
4-HA,1176,2070,0,2,0,2072,A
4-HA,1177,2074,0,0,1,2075,A
4-HA,1178,1,2061,0,1,2063,T
4-HA,1179,2,0,0,2072,2074,C
4-HA,1180,2050,2,0,0,2052,A
4-HA,1181,2071,0,0,0,2071,A
4-HA,1182,0,2066,0,0,2066,T
4-HA,1183,0,2,2070,0,2072,G
4-HA,1184,0,1,2073,0,2074,G
4-HA,1185,0,0,2041,0,2041,G
4-HA,1186,2036,0,3,1,2040,A
4-HA,1187,2036,0,1,1,2038,A
4-HA,1188,1,0,2065,0,2066,G
4-HA,1189,1,0,0,2063,2064,C
4-HA,1190,0,2053,0,4,2057,T
4-HA,1191,1,0,2144,0,2145,G
4-HA,1192,2142,0,0,0,2142,A
4-HA,1193,2140,0,1,2,2143,A
4-HA,1194,0,2143,0,0,2143,T
4-HA,1195,2100,0,0,0,2100,A
4-HA,1196,0,0,2101,0,2101,G
4-HA,1197,1935,0,0,1,1936,A
4-HA,1198,0,1931,0,0,1931,T
4-HA,1199,0,1942,0,1,1943,T
4-HA,1200,0,2,1954,0,1956,G
4-HA,1201,1944,0,1,0,1945,A
4-HA,1202,1,1937,0,0,1938,T
4-HA,1203,1,7,0,1929,1937,C
4-HA,1204,0,1,1934,1,1936,G
4-HA,1205,2,1,1928,0,1931,G
4-HA,1206,0,1,1932,1,1934,G
4-HA,1207,1930,0,2,0,1932,A
4-HA,1208,1935,0,0,0,1935,A
4-HA,1209,1927,0,3,0,1930,A
4-HA,1210,1937,0,3,1,1941,A
4-HA,1211,1,1,0,1937,1939,C
4-HA,1212,2,0,0,1935,1937,C
4-HA,1213,1923,0,1,0,1924,A
4-HA,1214,1916,0,0,8,1924,A
4-HA,1215,1,8,0,1915,1924,C
4-HA,1216,0,2,1931,0,1933,G
4-HA,1217,1926,1,1,1,1929,A
4-HA,1218,0,0,1926,0,1926,G
4-HA,1219,1919,0,2,0,1921,A
4-HA,1220,1916,0,1,0,1917,A
4-HA,1221,1913,0,2,0,1915,A
4-HA,1222,0,1914,0,0,1914,T
4-HA,1223,0,1911,0,4,1915,T
4-HA,1224,1,0,0,1914,1915,C
4-HA,1225,3,0,0,1911,1914,C
4-HA,1226,1916,0,0,0,1916,A
4-HA,1227,0,1914,0,0,1914,T
4-HA,1228,2,0,0,1908,1910,C
4-HA,1229,1901,0,1,0,1902,A
4-HA,1230,0,1,1909,0,1910,G
4-HA,1231,1893,1,0,0,1894,A
4-HA,1232,0,1891,0,0,1891,T
4-HA,1233,0,1878,0,1,1879,T
4-HA,1234,0,3,1886,0,1889,G
4-HA,1235,1888,0,0,0,1888,A
4-HA,1236,1886,0,1,1,1888,A
4-HA,1237,1889,0,2,0,1891,A
4-HA,1238,1887,0,2,0,1889,A
4-HA,1239,1861,0,1,0,1862,A
4-HA,1240,0,1,1860,0,1861,G
4-HA,1241,1849,0,2,0,1851,A
4-HA,1242,1856,1,0,0,1857,A
4-HA,1243,0,1833,0,1,1834,T
4-HA,1244,1,1829,0,0,1830,T
4-HA,1245,0,0,0,1832,1832,C
4-HA,1246,2,1829,0,3,1834,T
4-HA,1247,1,0,0,1829,1830,C
4-HA,1248,1831,0,1,0,1832,A
4-HA,1249,0,0,1828,0,1828,G
4-HA,1250,1817,0,1,0,1818,A
4-HA,1251,1812,1,0,0,1813,A
4-HA,1252,3,0,1827,0,1830,G
4-HA,1253,1,1816,0,0,1817,T
4-HA,1254,3,1,0,1818,1822,C
4-HA,1255,1,1,1821,1,1824,G
4-HA,1256,1819,0,2,0,1821,A
4-HA,1257,1817,0,5,0,1822,A
4-HA,1258,0,1,1819,0,1820,G
4-HA,1259,1,1,1825,0,1827,G
4-HA,1260,1,1,1825,0,1827,G
4-HA,1261,1779,1,1,0,1781,A
4-HA,1262,0,1,1787,0,1788,G
4-HA,1263,1784,0,1,0,1785,A
4-HA,1264,1887,0,0,0,1887,A
4-HA,1265,0,1884,0,1,1885,T
4-HA,1266,0,1880,1,0,1881,T
4-HA,1267,2,0,0,1887,1889,C
4-HA,1268,1848,1,1,0,1850,A
4-HA,1269,1,1,1851,0,1853,G
4-HA,1270,0,0,1847,0,1847,G
4-HA,1271,1846,2,2,0,1850,A
4-HA,1272,0,1,0,1845,1846,C
4-HA,1273,0,0,0,1724,1724,C
4-HA,1274,0,1715,0,2,1717,T
4-HA,1275,1,1672,0,51,1724,T
4-HA,1276,0,0,1737,0,1737,G
4-HA,1277,1738,0,5,0,1743,A
4-HA,1278,0,2,1785,0,1787,G
4-HA,1279,1776,0,2,0,1778,A
4-HA,1280,1636,0,0,0,1636,A
4-HA,1281,1619,0,0,0,1619,A
4-HA,1282,2,1597,0,0,1599,T
4-HA,1283,1628,1,1,1,1631,A
4-HA,1284,0,1627,0,0,1627,T
4-HA,1285,0,0,1641,0,1641,G
4-HA,1286,0,1643,0,1,1644,T
4-HA,1287,0,1596,0,0,1596,T
4-HA,1288,0,2,1606,0,1608,G
4-HA,1289,1592,0,0,0,1592,A
4-HA,1290,0,2,1627,0,1629,G
4-HA,1291,0,0,1628,0,1628,G
4-HA,1292,1590,1,3,0,1594,A
4-HA,1293,0,0,0,1657,1657,C
4-HA,1294,1629,0,2,0,1631,A
4-HA,1295,0,0,0,1627,1627,C
4-HA,1296,3,1617,0,1,1621,T
4-HA,1297,1691,0,0,0,1691,A
4-HA,1298,1720,1,0,0,1721,A
4-HA,1299,1723,0,0,0,1723,A
4-HA,1300,1739,0,1,0,1740,A
4-HA,1301,0,1738,0,3,1741,T
4-HA,1302,1662,0,0,1,1663,A
4-HA,1303,0,1,1660,0,1661,G
4-HA,1304,1611,0,0,0,1611,A
4-HA,1305,0,1616,0,0,1616,T
4-HA,1306,0,0,0,1607,1607,C
4-HA,1307,0,1579,0,0,1579,T
4-HA,1308,2,0,0,1618,1620,C
4-HA,1309,0,1617,0,1,1618,T
4-HA,1310,0,1,1666,0,1667,G
4-HA,1311,0,0,1699,0,1699,G
4-HA,1312,0,1686,0,9,1695,T
4-HA,1313,6,7,0,1681,1694,C
4-HA,1314,1703,1,1,1,1706,A
4-HA,1315,0,1702,0,1,1703,T
4-HA,1316,1708,0,0,0,1708,A
4-HA,1317,0,9,0,1688,1697,C
4-HA,1318,1652,0,0,0,1652,A
4-HA,1319,1665,0,0,0,1665,A
4-HA,1320,0,2,0,1624,1626,C
4-HA,1321,0,1,1624,0,1625,G
4-HA,1322,1,1,0,1617,1619,C
4-HA,1323,0,1,1603,1,1605,G
4-HA,1324,0,2,1608,0,1610,G
4-HA,1325,1607,0,2,3,1612,A
4-HA,1326,2,0,1636,0,1638,G
4-HA,1327,0,1,0,1628,1629,C
4-HA,1328,0,1620,1,2,1623,T
4-HA,1329,0,1629,1,3,1633,T
4-HA,1330,0,0,0,1643,1643,C
4-HA,1331,0,1661,0,0,1661,T
4-HA,1332,0,1647,0,14,1661,T
4-HA,1333,0,0,1660,0,1660,G
4-HA,1334,0,1651,0,1,1652,T
4-HA,1335,0,1634,0,0,1634,T
4-HA,1336,0,0,1660,0,1660,G
4-HA,1337,0,0,0,1651,1651,C
4-HA,1338,0,1,0,1655,1656,C
4-HA,1339,0,0,0,1669,1669,C
4-HA,1340,0,1667,1,0,1668,T
4-HA,1341,0,1,1679,0,1680,G
4-HA,1342,0,2,1682,0,1684,G
4-HA,1343,1676,0,1,0,1677,A
4-HA,1344,0,3,1687,0,1690,G
4-HA,1345,1668,0,0,0,1668,A
4-HA,1346,1678,0,0,0,1678,A
4-HA,1347,0,1,0,1683,1684,C
4-HA,1348,1,1,1,1689,1692,C
4-HA,1349,1688,1,2,0,1691,A
4-HA,1350,1753,0,0,6,1759,A
4-HA,1351,0,1,0,1761,1762,C
4-HA,1352,1767,0,2,0,1769,A
4-HA,1353,0,1767,0,1,1768,T
4-HA,1354,1763,0,0,0,1763,A
4-HA,1355,2,0,1,1782,1785,C
4-HA,1356,1764,0,0,0,1764,A
4-HA,1357,1758,0,0,0,1758,A
4-HA,1358,0,1757,0,1,1758,T
4-HA,1359,0,1710,0,0,1710,T
4-HA,1360,0,2,1732,0,1734,G
4-HA,1361,1753,0,0,0,1753,A
4-HA,1362,1,1746,0,1,1748,T
4-HA,1363,1,0,0,1752,1753,C
4-HA,1364,1,1733,0,1,1735,T
4-HA,1365,1748,0,0,0,1748,A
4-HA,1366,1750,0,0,0,1750,A
4-HA,1367,0,0,0,1746,1746,C
4-HA,1368,0,1730,0,5,1735,T
4-HA,1369,0,4,1724,0,1728,G
4-HA,1370,1724,0,1,0,1725,A
4-HA,1371,0,0,0,1728,1728,C
4-HA,1372,0,1710,0,1,1711,T
4-HA,1373,2,0,0,1714,1716,C
4-HA,1374,1717,0,1,2,1720,A
4-HA,1375,0,1,1750,1,1752,G
4-HA,1376,1751,0,1,0,1752,A
4-HA,1377,1750,0,0,0,1750,A
4-HA,1378,1750,1,1,0,1752,A
4-HA,1379,0,1748,0,0,1748,T
4-HA,1380,1,1,1766,0,1768,G
4-HA,1381,1761,2,0,0,1763,A
4-HA,1382,1766,0,1,0,1767,A
4-HA,1383,0,0,0,1766,1766,C
4-HA,1384,1738,1,0,1,1740,A
4-HA,1385,1744,0,0,0,1744,A
4-HA,1386,1743,0,1,0,1744,A
4-HA,1387,1,0,0,1751,1752,C
4-HA,1388,0,1745,1,0,1746,T
4-HA,1389,0,0,1756,0,1756,G
4-HA,1390,2,1741,0,0,1743,T
4-HA,1391,0,1739,0,0,1739,T
4-HA,1392,0,1746,0,1,1747,T
4-HA,1393,0,0,1753,0,1753,G
4-HA,1394,1746,0,0,0,1746,A
4-HA,1395,1748,0,1,0,1749,A
4-HA,1396,1746,0,1,0,1747,A
4-HA,1397,1746,0,1,0,1747,A
4-HA,1398,1737,0,1,0,1738,A
4-HA,1399,1752,0,0,0,1752,A
4-HA,1400,0,1,0,1753,1754,C
4-HA,1401,1755,0,2,0,1757,A
4-HA,1402,1752,0,1,0,1753,A
4-HA,1403,1751,0,0,0,1751,A
4-HA,1404,1,0,1768,0,1769,G
4-HA,1405,1771,0,0,0,1771,A
4-HA,1406,1764,0,0,1,1765,A
4-HA,1407,0,0,1762,0,1762,G
4-HA,1408,0,0,0,1757,1757,C
4-HA,1409,1753,0,3,0,1756,A
4-HA,1410,1761,1,1,0,1763,A
4-HA,1411,0,0,0,1762,1762,C
4-HA,1412,1,1753,0,0,1754,T
4-HA,1413,2,2,1761,0,1765,G
4-HA,1414,1752,0,2,0,1754,A
4-HA,1415,0,2,1764,0,1766,G
4-HA,1416,0,2,1768,0,1770,G
4-HA,1417,1,0,1763,0,1764,G
4-HA,1418,1773,0,0,0,1773,A
4-HA,1419,1762,0,0,0,1762,A
4-HA,1420,1760,0,1,0,1761,A
4-HA,1421,1769,0,1,2,1772,A
4-HA,1422,1,1758,0,1,1760,T
4-HA,1423,0,1,1775,0,1776,G
4-HA,1424,0,1,0,1772,1773,C
4-HA,1425,0,1761,0,0,1761,T
4-HA,1426,4,0,1759,0,1763,G
4-HA,1427,1761,0,1,0,1762,A
4-HA,1428,1,0,1842,0,1843,G
4-HA,1429,0,1,1866,0,1867,G
4-HA,1430,1847,0,0,0,1847,A
4-HA,1431,0,1843,0,0,1843,T
4-HA,1432,1829,0,1,0,1830,A
4-HA,1433,1,1831,0,0,1832,T
4-HA,1434,1,4,1840,0,1845,G
4-HA,1435,1,1,1852,2,1856,G
4-HA,1436,1,1,1848,0,1850,G
4-HA,1437,0,0,0,1768,1768,C
4-HA,1438,1721,1,1,0,1723,A
4-HA,1439,1721,0,1,0,1722,A
4-HA,1440,0,1719,0,0,1719,T
4-HA,1441,0,2,1723,0,1725,G
4-HA,1442,1,1,1721,0,1723,G
4-HA,1443,0,1700,0,0,1700,T
4-HA,1444,0,1672,0,0,1672,T
4-HA,1445,0,1,1674,0,1675,G
4-HA,1446,1,1686,0,0,1687,T
4-HA,1447,0,1678,0,2,1680,T
4-HA,1448,1,1681,2,0,1684,T
4-HA,1449,1,0,0,1686,1687,C
4-HA,1450,1683,0,0,0,1683,A
4-HA,1451,1696,0,0,0,1696,A
4-HA,1452,1695,0,0,0,1695,A
4-HA,1453,1700,0,1,1,1702,A
4-HA,1454,0,1698,1,1,1700,T
4-HA,1455,1690,1,0,0,1691,A
4-HA,1456,0,1697,0,0,1697,T
4-HA,1457,1695,0,1,0,1696,A
4-HA,1458,0,0,0,1715,1715,C
4-HA,1459,3,1,0,1706,1710,C
4-HA,1460,1706,1,1,0,1708,A
4-HA,1461,0,0,0,1712,1712,C
4-HA,1462,1710,0,0,0,1710,A
4-HA,1463,1711,0,0,0,1711,A
4-HA,1464,1707,0,1,1,1709,A
4-HA,1465,0,1704,0,0,1704,T
4-HA,1466,1,0,1714,0,1715,G
4-HA,1467,2,1682,1,0,1685,T
4-HA,1468,0,3,1699,0,1702,G
4-HA,1469,1705,1,2,0,1708,A
4-HA,1470,0,0,0,1697,1697,C
4-HA,1471,1682,1,0,0,1683,A
4-HA,1472,1685,1,0,0,1686,A
4-HA,1473,1,1690,0,0,1691,T
4-HA,1474,0,0,1706,0,1706,G
4-HA,1475,0,1,0,1681,1682,C
4-HA,1476,2,1,0,1695,1698,C
4-HA,1477,0,1688,0,4,1692,T
4-HA,1478,2,0,1756,0,1758,G
4-HA,1479,0,0,0,1765,1765,C
4-HA,1480,1762,0,0,0,1762,A
4-HA,1481,0,1761,0,0,1761,T
4-HA,1482,1705,0,1,0,1706,A
4-HA,1483,0,0,1716,0,1716,G
4-HA,1484,0,3,1712,0,1715,G
4-HA,1485,1703,1,1,0,1705,A
4-HA,1486,0,1699,0,1,1700,T
4-HA,1487,4,0,0,1608,1612,C
4-HA,1488,1624,0,1,0,1625,A
4-HA,1489,1627,0,0,1,1628,A
4-HA,1490,1,1626,0,0,1627,T
4-HA,1491,2,0,0,1625,1627,C
4-HA,1492,1602,0,0,0,1602,A
4-HA,1493,0,0,1602,1,1603,G
4-HA,1494,1606,0,0,0,1606,A
4-HA,1495,1606,0,0,0,1606,A
4-HA,1496,1604,0,1,0,1605,A
4-HA,1497,0,1599,0,0,1599,T
4-HA,1498,0,2,1587,0,1589,G
4-HA,1499,0,3,1585,0,1588,G
4-HA,1500,1590,0,0,0,1590,A
4-HA,1501,1597,1,1,0,1599,A
4-HA,1502,0,0,0,1594,1594,C
4-HA,1503,0,1575,0,1,1576,T
4-HA,1504,0,1585,0,0,1585,T
4-HA,1505,1581,0,0,0,1581,A
4-HA,1506,1,1581,0,1,1583,T
4-HA,1507,0,3,1576,0,1579,G
4-HA,1508,1576,0,4,0,1580,A
4-HA,1509,1,0,0,1574,1575,C
4-HA,1510,1,0,0,1559,1560,C
4-HA,1511,1562,0,0,0,1562,A
4-HA,1512,1,1,0,1591,1593,C
4-HA,1513,0,1,1626,0,1627,G
4-HA,1514,1656,0,0,0,1656,A
4-HA,1515,0,1673,0,0,1673,T
4-HA,1516,1,0,1717,0,1718,G
4-HA,1517,2,1707,0,0,1709,T
4-HA,1518,1751,0,1,0,1752,A
4-HA,1519,0,1751,0,0,1751,T
4-HA,1520,1746,0,1,1,1748,A
4-HA,1521,0,1,0,1743,1744,C
4-HA,1522,1556,0,0,0,1556,A
4-HA,1523,0,0,1570,0,1570,G
4-HA,1524,1473,0,0,0,1473,A
4-HA,1525,1,0,1433,1,1435,G
4-HA,1526,1424,0,1,0,1425,A
4-HA,1527,0,1319,0,0,1319,T
4-HA,1528,0,0,1320,0,1320,G
4-HA,1529,1318,1,0,0,1319,A
4-HA,1530,1314,0,2,0,1316,A
4-HA,1531,0,0,1329,0,1329,G
4-HA,1532,0,1,0,1298,1299,C
4-HA,1533,1295,0,0,0,1295,A
4-HA,1534,0,1283,0,0,1283,T
4-HA,1535,0,1285,0,0,1285,T
4-HA,1536,1287,0,0,0,1287,A
4-HA,1537,1284,0,1,0,1285,A
4-HA,1538,1284,0,1,0,1285,A
4-HA,1539,0,0,0,1283,1283,C
4-HA,1540,1224,2,1,0,1227,A
4-HA,1541,1234,0,0,0,1234,A
4-HA,1542,0,0,1,1234,1235,C
4-HA,1543,0,0,0,1225,1225,C
4-HA,1544,1,0,1229,0,1230,G
4-HA,1545,0,0,1233,0,1233,G
4-HA,1546,0,1237,0,1,1238,T
4-HA,1547,0,1234,0,0,1234,T
4-HA,1548,1,1220,0,0,1221,T
4-HA,1549,1,0,0,1224,1225,C
4-HA,1550,1223,0,2,0,1225,A
4-HA,1551,0,2,1241,0,1243,G
4-HA,1552,1243,0,0,0,1243,A
4-HA,1553,0,1231,0,0,1231,T
4-HA,1554,0,0,0,1201,1201,C
4-HA,1555,1198,0,0,0,1198,A
4-HA,1556,1202,0,0,0,1202,A
4-HA,1557,0,2,1197,0,1199,G
4-HA,1558,0,2,1192,0,1194,G
4-HA,1559,12,2,1178,0,1192,G
4-HA,1560,1153,0,1,1,1155,A
4-HA,1561,0,0,1172,0,1172,G
4-HA,1562,0,1169,0,0,1169,T
4-HA,1563,0,1170,0,1,1171,T
4-HA,1564,1,1,1176,0,1178,G
4-HA,1565,1169,0,2,0,1171,A
4-HA,1566,0,0,1171,0,1171,G
4-HA,1567,1,1,0,1168,1170,C
4-HA,1568,1,1161,0,1,1163,T
4-HA,1569,0,0,1165,0,1165,G
4-HA,1570,1156,0,1,0,1157,A
4-HA,1571,1161,0,0,0,1161,A
4-HA,1572,0,0,1161,1,1162,G
4-HA,1573,1,1141,0,0,1142,T
4-HA,1574,2,0,0,1138,1140,C
4-HA,1575,1128,0,1,0,1129,A
4-HA,1576,0,0,1125,0,1125,G
4-HA,1577,0,1,1123,0,1124,G
4-HA,1578,0,0,1098,0,1098,G
4-HA,1579,0,1131,0,1,1132,T
4-HA,1580,1131,1,1,0,1133,A
4-HA,1581,0,0,0,1127,1127,C
4-HA,1582,1125,0,1,0,1126,A
4-HA,1583,1120,0,3,0,1123,A
4-HA,1584,1124,1,0,0,1125,A
4-HA,1585,0,1,1122,0,1123,G
4-HA,1586,1090,0,1,0,1091,A
4-HA,1587,0,1050,0,0,1050,T
4-HA,1588,0,1038,0,1,1039,T
4-HA,1589,0,0,1035,0,1035,G
4-HA,1590,0,0,1037,0,1037,G
4-HA,1591,1042,0,0,0,1042,A
4-HA,1592,0,1041,0,0,1041,T
4-HA,1593,2,0,0,1032,1034,C
4-HA,1594,0,0,0,1017,1017,C
4-HA,1595,0,1005,0,0,1005,T
4-HA,1596,1010,1,1,0,1012,A
4-HA,1597,1,1009,0,1,1011,T
4-HA,1598,1,1,1007,0,1009,G
4-HA,1599,0,1,1003,0,1004,G
4-HA,1600,979,0,0,0,979,A
4-HA,1601,0,978,0,0,978,T
4-HA,1602,0,973,0,1,974,T
4-HA,1603,0,971,0,0,971,T
4-HA,1604,1,0,0,970,971,C
4-HA,1605,0,0,0,959,959,C
4-HA,1606,0,947,0,0,947,T
4-HA,1607,0,944,0,0,944,T
4-HA,1608,0,934,0,0,934,T
4-HA,1609,0,0,942,0,942,G
4-HA,1610,0,0,0,940,940,C
4-HA,1611,0,0,0,939,939,C
4-HA,1612,922,1,1,0,924,A
4-HA,1613,0,916,0,1,917,T
4-HA,1614,917,1,0,0,918,A
4-HA,1615,0,917,0,1,918,T
4-HA,1616,2,1,0,911,914,C
4-HA,1617,913,0,1,0,914,A
4-HA,1618,0,894,0,1,895,T
4-HA,1619,0,0,902,0,902,G
4-HA,1620,0,890,1,0,891,T
4-HA,1621,0,880,0,0,880,T
4-HA,1622,0,878,0,0,878,T
4-HA,1623,0,860,0,0,860,T
4-HA,1624,1,859,0,0,860,T
4-HA,1625,0,858,0,0,858,T
4-HA,1626,0,0,857,0,857,G
4-HA,1627,0,0,0,852,852,C
4-HA,1628,0,832,0,1,833,T
4-HA,1629,0,838,0,0,838,T
4-HA,1630,0,836,0,0,836,T
4-HA,1631,1,0,841,0,842,G
4-HA,1632,1,836,1,1,839,T
4-HA,1633,2,0,837,0,839,G
4-HA,1634,0,840,0,0,840,T
4-HA,1635,0,822,0,0,822,T
4-HA,1636,0,0,829,0,829,G
4-HA,1637,0,1,0,825,826,C
4-HA,1638,0,818,0,2,820,T
4-HA,1639,0,822,0,0,822,T
4-HA,1640,0,768,1,1,770,T
4-HA,1641,0,2,772,0,774,G
4-HA,1642,0,772,0,0,772,T
4-HA,1643,0,771,1,1,773,T
4-HA,1644,0,0,771,0,771,G
4-HA,1645,0,0,757,0,757,G
4-HA,1646,0,2,749,0,751,G
4-HA,1647,0,0,751,0,751,G
4-HA,1648,0,727,0,1,728,T
4-HA,1649,0,728,0,0,728,T
4-HA,1650,0,0,0,709,709,C
4-HA,1651,705,0,0,0,705,A
4-HA,1652,0,704,0,1,705,T
4-HA,1653,1,0,0,704,705,C
4-HA,1654,700,1,1,0,702,A
4-HA,1655,0,679,0,0,679,T
4-HA,1656,1,0,671,0,672,G
4-HA,1657,0,655,0,1,656,T
4-HA,1658,0,1,651,0,652,G
4-HA,1659,0,0,634,0,634,G
4-HA,1660,0,1,633,0,634,G
4-HA,1661,0,0,0,620,620,C
4-HA,1662,0,4,0,601,605,C
4-HA,1663,0,562,0,2,564,T
4-HA,1664,1,0,568,0,569,G
4-HA,1665,0,0,0,563,563,C
4-HA,1666,1,0,0,565,566,C
4-HA,1667,566,0,1,1,568,A
4-HA,1668,564,0,0,0,564,A
4-HA,1669,564,0,0,0,564,A
4-HA,1670,564,0,0,0,564,A
4-HA,1671,563,0,0,1,564,A
4-HA,1672,1,0,561,0,562,G
4-HA,1673,0,0,537,0,537,G
4-HA,1674,0,0,0,529,529,C
4-HA,1675,529,0,1,0,530,A
4-HA,1676,531,0,0,0,531,A
4-HA,1677,0,0,0,530,530,C
4-HA,1678,530,0,0,0,530,A
4-HA,1679,0,528,0,0,528,T
4-HA,1680,0,521,0,0,521,T
4-HA,1681,505,0,0,0,505,A
4-HA,1682,0,0,501,0,501,G
4-HA,1683,0,1,499,0,500,G
4-HA,1684,1,483,0,0,484,T
4-HA,1685,0,0,447,0,447,G
4-HA,1686,0,0,0,432,432,C
4-HA,1687,424,0,0,0,424,A
4-HA,1688,423,1,0,0,424,A
4-HA,1689,0,0,0,424,424,C
4-HA,1690,420,0,0,0,420,A
4-HA,1691,0,412,0,0,412,T
4-HA,1692,0,389,0,0,389,T
4-HA,1693,0,389,0,0,389,T
4-HA,1694,0,0,388,0,388,G
4-HA,1695,0,0,0,383,383,C
4-HA,1696,380,0,0,0,380,A
4-HA,1697,0,365,0,1,366,T
4-HA,1698,0,358,0,0,358,T
4-HA,1699,0,339,0,0,339,T
4-HA,1700,0,0,339,0,339,G
4-HA,1701,321,0,0,0,321,A
5-NP,1,675,0,0,0,675,A
5-NP,2,0,676,0,0,676,T
5-NP,3,0,0,676,0,676,G
5-NP,4,0,0,679,0,679,G
5-NP,5,0,0,0,681,681,C
5-NP,6,0,0,692,0,692,G
5-NP,7,0,723,0,1,724,T
5-NP,8,0,0,0,729,729,C
5-NP,9,0,0,0,733,733,C
5-NP,10,2,1,0,733,736,C
5-NP,11,737,0,0,0,737,A
5-NP,12,736,0,1,0,737,A
5-NP,13,0,0,744,0,744,G
5-NP,14,0,2,775,0,777,G
5-NP,15,1,0,0,776,777,C
5-NP,16,779,0,0,0,779,A
5-NP,17,0,0,0,791,791,C
5-NP,18,0,0,0,791,791,C
5-NP,19,798,0,0,0,798,A
5-NP,20,799,0,0,0,799,A
5-NP,21,799,0,2,0,801,A
5-NP,22,0,0,0,801,801,C
5-NP,23,0,1,806,0,807,G
5-NP,24,0,0,891,0,891,G
5-NP,25,0,893,0,0,893,T
5-NP,26,0,0,0,951,951,C
5-NP,27,0,952,0,0,952,T
5-NP,28,0,962,0,0,962,T
5-NP,29,967,0,0,0,967,A
5-NP,30,0,967,0,0,967,T
5-NP,31,0,2,970,0,972,G
5-NP,32,970,0,0,0,970,A
5-NP,33,959,0,1,0,960,A
5-NP,34,0,0,0,966,966,C
5-NP,35,951,0,0,0,951,A
5-NP,36,0,1,1017,0,1018,G
5-NP,37,1014,0,0,0,1014,A
5-NP,38,0,1016,0,1,1017,T
5-NP,39,0,2,1016,0,1018,G
5-NP,40,0,0,1021,0,1021,G
5-NP,41,1021,1,0,0,1022,A
5-NP,42,1026,0,0,0,1026,A
5-NP,43,1028,0,0,0,1028,A
5-NP,44,0,0,2,1045,1047,C
5-NP,45,0,1039,0,2,1041,T
5-NP,46,0,3,1054,0,1057,G
5-NP,47,1050,0,4,0,1054,A
5-NP,48,0,1054,0,0,1054,T
5-NP,49,0,0,1050,0,1050,G
5-NP,50,0,2,1050,1,1053,G
5-NP,51,0,1,1046,0,1047,G
5-NP,52,0,1,1053,0,1054,G
5-NP,53,1045,0,0,0,1045,A
5-NP,54,0,1046,0,0,1046,T
5-NP,55,1,0,0,1048,1049,C
5-NP,56,0,0,1049,0,1049,G
5-NP,57,0,1,0,1060,1061,C
5-NP,58,1,0,0,1070,1071,C
5-NP,59,1069,0,0,0,1069,A
5-NP,60,1,0,1089,0,1090,G
5-NP,61,1089,0,0,0,1089,A
5-NP,62,1099,0,2,0,1101,A
5-NP,63,1,1099,0,0,1100,T
5-NP,64,0,0,1101,0,1101,G
5-NP,65,0,0,0,1117,1117,C
5-NP,66,1103,0,0,0,1103,A
5-NP,67,1135,0,0,0,1135,A
5-NP,68,1,0,0,1135,1136,C
5-NP,69,0,1133,0,0,1133,T
5-NP,70,0,1,1147,0,1148,G
5-NP,71,1164,0,1,1,1166,A
5-NP,72,0,1,1232,0,1233,G
5-NP,73,1228,0,0,0,1228,A
5-NP,74,0,1228,0,0,1228,T
5-NP,75,0,1235,0,0,1235,T
5-NP,76,1228,0,1,0,1229,A
5-NP,77,0,1,1234,0,1235,G
5-NP,78,0,1,1232,0,1233,G
5-NP,79,2,1,1229,0,1232,G
5-NP,80,0,0,1,1218,1219,C
5-NP,81,1214,0,0,0,1214,A
5-NP,82,0,1216,0,0,1216,T
5-NP,83,1,1,0,1217,1219,C
5-NP,84,0,0,0,1221,1221,C
5-NP,85,0,0,1233,0,1233,G
5-NP,86,1,1226,0,1,1228,T
5-NP,87,1,0,0,1232,1233,C
5-NP,88,0,0,1238,0,1238,G
5-NP,89,0,1,1241,0,1242,G
5-NP,90,3,0,1244,0,1247,G
5-NP,91,1238,0,0,0,1238,A
5-NP,92,1247,0,2,0,1249,A
5-NP,93,0,0,1257,0,1257,G
5-NP,94,1243,1,2,0,1246,A
5-NP,95,0,1261,0,0,1261,T
5-NP,96,0,0,1263,0,1263,G
5-NP,97,1266,1,3,0,1270,A
5-NP,98,0,1272,1,0,1273,T
5-NP,99,0,1259,0,0,1259,T
5-NP,100,0,2,1264,1,1267,G
5-NP,101,1261,0,1,0,1262,A
5-NP,102,1,1257,0,0,1258,T
5-NP,103,0,1,1256,0,1257,G
5-NP,104,0,0,1250,0,1250,G
5-NP,105,0,2,1242,0,1244,G
5-NP,106,1320,0,0,0,1320,A
5-NP,107,0,1327,1,1,1329,T
5-NP,108,0,1329,0,1,1330,T
5-NP,109,1,1,1349,0,1351,G
5-NP,110,0,5,1344,0,1349,G
5-NP,111,1,0,1345,0,1346,G
5-NP,112,1350,0,0,0,1350,A
5-NP,113,0,2,1340,0,1342,G
5-NP,114,1324,0,0,0,1324,A
5-NP,115,2,1341,0,0,1343,T
5-NP,116,0,1346,0,1,1347,T
5-NP,117,1,0,0,1351,1352,C
5-NP,118,0,1346,0,0,1346,T
5-NP,119,1362,0,0,0,1362,A
5-NP,120,0,0,0,1364,1364,C
5-NP,121,1392,0,0,0,1392,A
5-NP,122,0,1395,0,0,1395,T
5-NP,123,1,0,0,1386,1387,C
5-NP,124,0,0,0,1404,1404,C
5-NP,125,1406,0,0,0,1406,A
5-NP,126,1442,0,1,0,1443,A
5-NP,127,1445,0,0,0,1445,A
5-NP,128,0,1435,0,0,1435,T
5-NP,129,1,1,1435,0,1437,G
5-NP,130,0,1421,0,1,1422,T
5-NP,131,1,2,1429,0,1432,G
5-NP,132,0,1,0,1430,1431,C
5-NP,133,1423,0,3,0,1426,A
5-NP,134,0,1,0,1424,1425,C
5-NP,135,0,1419,0,0,1419,T
5-NP,136,0,2,1485,0,1487,G
5-NP,137,1509,0,2,0,1511,A
5-NP,138,1530,0,1,0,1531,A
5-NP,139,0,0,0,1557,1557,C
5-NP,140,0,1548,0,1,1549,T
5-NP,141,0,1547,0,1,1548,T
5-NP,142,1555,0,0,0,1555,A
5-NP,143,1548,0,1,0,1549,A
5-NP,144,1553,1,0,0,1554,A
5-NP,145,0,1,0,1561,1562,C
5-NP,146,0,1523,0,1,1524,T
5-NP,147,1,0,0,1529,1530,C
5-NP,148,1522,0,0,0,1522,A
5-NP,149,0,1,1535,0,1536,G
5-NP,150,1,1535,0,0,1536,T
5-NP,151,1,4,1538,0,1543,G
5-NP,152,1556,2,0,0,1558,A
5-NP,153,1,1563,0,0,1564,T
5-NP,154,3,0,0,1581,1584,C
5-NP,155,1591,0,0,2,1593,A
5-NP,156,0,1590,0,1,1591,T
5-NP,157,0,3,1587,0,1590,G
5-NP,158,1581,0,1,1,1583,A
5-NP,159,1579,0,0,0,1579,A
5-NP,160,0,1,1586,0,1587,G
5-NP,161,1,0,1573,0,1574,G
5-NP,162,0,1,1573,0,1574,G
5-NP,163,0,2,0,1561,1563,C
5-NP,164,0,1,1577,0,1578,G
5-NP,165,0,0,1581,0,1581,G
5-NP,166,0,1581,0,1,1582,T
5-NP,167,0,1585,0,1,1586,T
5-NP,168,1,2,1584,1,1588,G
5-NP,169,1740,0,0,0,1740,A
5-NP,170,0,1731,0,1,1732,T
5-NP,171,1,0,0,1732,1733,C
5-NP,172,1,0,1,1742,1744,C
5-NP,173,1738,1,1,0,1740,A
5-NP,174,0,1,1752,0,1753,G
5-NP,175,1751,0,0,0,1751,A
5-NP,176,1754,1,0,0,1755,A
5-NP,177,0,1,0,1754,1755,C
5-NP,178,1669,0,0,0,1669,A
5-NP,179,0,1,1686,0,1687,G
5-NP,180,1,0,0,1696,1697,C
5-NP,181,0,1696,0,0,1696,T
5-NP,182,0,1699,0,0,1699,T
5-NP,183,2,0,1697,0,1699,G
5-NP,184,1702,3,2,0,1707,A
5-NP,185,1,0,1,1704,1706,C
5-NP,186,1703,3,0,0,1706,A
5-NP,187,1710,0,1,0,1711,A
5-NP,188,0,1706,0,1,1707,T
5-NP,189,1706,0,3,0,1709,A
5-NP,190,0,0,1718,0,1718,G
5-NP,191,1709,0,0,0,1709,A
5-NP,192,0,2,1724,0,1726,G
5-NP,193,1717,0,0,0,1717,A
5-NP,194,1723,0,0,0,1723,A
5-NP,195,1724,0,1,0,1725,A
5-NP,196,1733,0,0,0,1733,A
5-NP,197,0,1730,0,0,1730,T
5-NP,198,0,3,1726,0,1729,G
5-NP,199,1,0,1724,0,1725,G
5-NP,200,1,1715,0,0,1716,T
5-NP,201,1694,0,0,0,1694,A
5-NP,202,0,0,0,1708,1708,C
5-NP,203,0,1703,0,0,1703,T
5-NP,204,2,0,0,1715,1717,C
5-NP,205,0,1691,1,2,1694,T
5-NP,206,2,1,0,1705,1708,C
5-NP,207,0,2,1699,0,1701,G
5-NP,208,1,1,1714,0,1716,G
5-NP,209,0,1,0,1711,1712,C
5-NP,210,0,1705,0,3,1708,T
5-NP,211,0,1701,0,0,1701,T
5-NP,212,1,1712,0,0,1713,T
5-NP,213,0,1708,0,0,1708,T
5-NP,214,1,1,1720,0,1722,G
5-NP,215,1721,0,0,0,1721,A
5-NP,216,0,1719,1,0,1720,T
5-NP,217,0,1,1719,0,1720,G
5-NP,218,1709,0,4,1,1714,A
5-NP,219,1718,0,0,0,1718,A
5-NP,220,1713,0,1,0,1714,A
5-NP,221,0,0,1715,0,1715,G
5-NP,222,1715,0,2,1,1718,A
5-NP,223,1714,0,1,0,1715,A
5-NP,224,0,1,1729,0,1730,G
5-NP,225,0,1,1780,0,1781,G
5-NP,226,1787,0,0,0,1787,A
5-NP,227,1799,0,0,0,1799,A
5-NP,228,0,1793,1,1,1795,T
5-NP,229,1799,0,0,0,1799,A
5-NP,230,1788,1,1,0,1790,A
5-NP,231,1807,0,0,0,1807,A
5-NP,232,0,1804,0,1,1805,T
5-NP,233,1818,0,0,0,1818,A
5-NP,234,1,4,1,1803,1809,C
5-NP,235,0,1,0,1771,1772,C
5-NP,236,1,1774,0,2,1777,T
5-NP,237,0,0,1781,0,1781,G
5-NP,238,0,3,1802,0,1805,G
5-NP,239,1805,0,0,0,1805,A
5-NP,240,1798,1,2,0,1801,A
5-NP,241,0,3,1807,1,1811,G
5-NP,242,1797,0,0,0,1797,A
5-NP,243,1787,0,2,1,1790,A
5-NP,244,0,1,0,1786,1787,C
5-NP,245,1784,0,2,0,1786,A
5-NP,246,0,1,1,1814,1816,C
5-NP,247,1,0,0,1789,1790,C
5-NP,248,1,0,0,1787,1788,C
5-NP,249,1,1,1,1793,1796,C
5-NP,250,1774,0,0,0,1774,A
5-NP,251,0,0,1775,0,1775,G
5-NP,252,2,1,0,1765,1768,C
5-NP,253,0,2,1771,0,1773,G
5-NP,254,0,1,0,1778,1779,C
5-NP,255,0,1,1758,0,1759,G
5-NP,256,1,1,1767,0,1769,G
5-NP,257,0,1,1768,1,1770,G
5-NP,258,0,0,1782,0,1782,G
5-NP,259,1783,0,1,0,1784,A
5-NP,260,1777,1,0,0,1778,A
5-NP,261,1774,0,7,0,1781,A
5-NP,262,0,0,1782,1,1783,G
5-NP,263,1773,1,1,0,1775,A
5-NP,264,0,1767,0,0,1767,T
5-NP,265,1,0,0,1753,1754,C
5-NP,266,0,0,0,1759,1759,C
5-NP,267,0,0,1,1761,1762,C
5-NP,268,1766,1,1,0,1768,A
5-NP,269,1768,0,1,0,1769,A
5-NP,270,0,1,1768,0,1769,G
5-NP,271,1761,0,0,0,1761,A
5-NP,272,1766,0,1,3,1770,A
5-NP,273,1775,0,0,0,1775,A
5-NP,274,1775,0,2,0,1777,A
5-NP,275,0,0,1,1779,1780,C
5-NP,276,0,1764,0,0,1764,T
5-NP,277,0,1,1767,0,1768,G
5-NP,278,1,1,1769,0,1771,G
5-NP,279,0,4,1759,0,1763,G
5-NP,280,1,1,1758,0,1760,G
5-NP,281,0,0,1757,0,1757,G
5-NP,282,2,0,1775,0,1777,G
5-NP,283,0,2,0,1899,1901,C
5-NP,284,0,0,1,1902,1903,C
5-NP,285,4,0,0,1927,1931,C
5-NP,286,2173,0,1,0,2174,A
5-NP,287,1,2172,0,1,2174,T
5-NP,288,2318,0,0,0,2318,A
5-NP,289,1,2320,0,1,2322,T
5-NP,290,2295,0,0,0,2295,A
5-NP,291,0,1,0,2313,2314,C
5-NP,292,2113,1,1,0,2115,A
5-NP,293,0,0,2145,0,2145,G
5-NP,294,0,2,2144,0,2146,G
5-NP,295,1947,0,1,0,1948,A
5-NP,296,0,1,1976,0,1977,G
5-NP,297,1889,1,1,0,1891,A
5-NP,298,3,0,1922,0,1925,G
5-NP,299,0,1920,0,2,1922,T
5-NP,300,1904,0,2,0,1906,A
5-NP,301,72,1,1838,0,1911,G
5-NP,302,1853,1,39,1,1894,A
5-NP,303,0,1898,1,0,1899,T
5-NP,304,4,1,1903,0,1908,G
5-NP,305,0,2,1907,0,1909,G
5-NP,306,1898,1,2,0,1901,A
5-NP,307,1878,1,2,1,1882,A
5-NP,308,1885,0,0,0,1885,A
5-NP,309,1891,0,0,1,1892,A
5-NP,310,0,1888,0,1,1889,T
5-NP,311,0,0,1905,0,1905,G
5-NP,312,1,4,1902,0,1907,G
5-NP,313,1904,0,0,1,1905,A
5-NP,314,1,1885,0,0,1886,T
5-NP,315,0,1,1900,0,1901,G
5-NP,316,1898,1,5,0,1904,A
5-NP,317,0,1,1907,0,1908,G
5-NP,318,0,1,1898,0,1899,G
5-NP,319,1,2,1910,0,1913,G
5-NP,320,1928,0,1,0,1929,A
5-NP,321,1938,0,0,0,1938,A
5-NP,322,0,0,0,1952,1952,C
5-NP,323,0,1954,1,1,1956,T
5-NP,324,0,1,0,1971,1972,C
5-NP,325,0,0,1988,0,1988,G
5-NP,326,0,2007,0,1,2008,T
5-NP,327,3,1,0,2007,2011,C
5-NP,328,1,0,0,2159,2160,C
5-NP,329,0,2153,0,0,2153,T
5-NP,330,0,2159,0,2,2161,T
5-NP,331,0,2154,0,0,2154,T
5-NP,332,2166,0,1,0,2167,A
5-NP,333,0,2161,0,0,2161,T
5-NP,334,0,3,2155,0,2158,G
5-NP,335,2171,2,3,0,2176,A
5-NP,336,0,0,0,2170,2170,C
5-NP,337,2129,0,0,0,2129,A
5-NP,338,2131,0,0,0,2131,A
5-NP,339,2149,0,0,0,2149,A
5-NP,340,0,0,2253,0,2253,G
5-NP,341,2254,1,0,0,2255,A
5-NP,342,2252,0,5,0,2257,A
5-NP,343,0,0,2354,0,2354,G
5-NP,344,2371,0,1,0,2372,A
5-NP,345,2375,0,3,0,2378,A
5-NP,346,2384,1,2,0,2387,A
5-NP,347,1,2377,0,0,2378,T
5-NP,348,2374,0,1,0,2375,A
5-NP,349,2351,0,4,1,2356,A
5-NP,350,1,1,2376,0,2378,G
5-NP,351,0,1,2370,0,2371,G
5-NP,352,0,3,0,2343,2346,C
5-NP,353,0,4,2351,0,2355,G
5-NP,354,2365,0,1,0,2366,A
5-NP,355,2384,0,0,1,2385,A
5-NP,356,0,2381,0,0,2381,T
5-NP,357,0,0,0,2381,2381,C
5-NP,358,0,2377,0,0,2377,T
5-NP,359,0,0,2373,0,2373,G
5-NP,360,1,0,2375,0,2376,G
5-NP,361,0,1,0,2375,2376,C
5-NP,362,2,0,2377,0,2379,G
5-NP,363,0,0,0,2375,2375,C
5-NP,364,1,0,0,2360,2361,C
5-NP,365,2378,0,1,0,2379,A
5-NP,366,2414,0,0,0,2414,A
5-NP,367,0,0,2476,0,2476,G
5-NP,368,0,0,0,2470,2470,C
5-NP,369,1,0,0,2497,2498,C
5-NP,370,2502,1,5,0,2508,A
5-NP,371,2541,0,2,0,2543,A
5-NP,372,0,1,0,2568,2569,C
5-NP,373,2574,0,1,0,2575,A
5-NP,374,2617,0,0,0,2617,A
5-NP,375,0,2608,0,0,2608,T
5-NP,376,1,1,2646,0,2648,G
5-NP,377,0,0,2660,1,2661,G
5-NP,378,0,2642,0,0,2642,T
5-NP,379,1,1,2642,0,2644,G
5-NP,380,2632,0,0,0,2632,A
5-NP,381,0,2,2673,0,2675,G
5-NP,382,0,0,2679,0,2679,G
5-NP,383,2699,0,0,0,2699,A
5-NP,384,1,2851,0,1,2853,T
5-NP,385,1,0,2872,0,2873,G
5-NP,386,0,0,0,2885,2885,C
5-NP,387,0,2891,0,4,2895,T
5-NP,388,2901,7,2,0,2910,A
5-NP,389,0,0,0,2947,2947,C
5-NP,390,2924,0,1,0,2925,A
5-NP,391,1,2911,0,2,2914,T
5-NP,392,1,0,0,2900,2901,C
5-NP,393,0,2792,0,4,2796,T
5-NP,394,1,2,2867,0,2870,G
5-NP,395,1,0,2936,0,2937,G
5-NP,396,1,2926,0,4,2931,T
5-NP,397,2,2,0,2929,2933,C
5-NP,398,0,2903,1,5,2909,T
5-NP,399,2951,0,0,0,2951,A
5-NP,400,2950,2,1,0,2953,A
5-NP,401,0,0,0,2971,2971,C
5-NP,402,1,2953,0,5,2959,T
5-NP,403,4,1,0,2988,2993,C
5-NP,404,2973,0,2,1,2976,A
5-NP,405,0,1,0,3103,3104,C
5-NP,406,3104,0,0,0,3104,A
5-NP,407,0,3121,0,0,3121,T
5-NP,408,3087,0,2,0,3089,A
5-NP,409,3108,0,0,0,3108,A
5-NP,410,0,3128,0,2,3130,T
5-NP,411,1,6,3159,0,3166,G
5-NP,412,3154,1,0,0,3155,A
5-NP,413,1,3133,1,1,3136,T
5-NP,414,0,3084,1,2,3087,T
5-NP,415,0,3092,1,8,3101,T
5-NP,416,2,3,3078,0,3083,G
5-NP,417,2,2,3093,0,3097,G
5-NP,418,0,0,0,3097,3097,C
5-NP,419,3096,0,1,0,3097,A
5-NP,420,0,3092,0,1,3093,T
5-NP,421,1,3080,1,3,3085,T
5-NP,422,6,0,0,3081,3087,C
5-NP,423,2,2,0,3090,3094,C
5-NP,424,3137,1,1,1,3140,A
5-NP,425,3146,0,0,0,3146,A
5-NP,426,1,3146,0,0,3147,T
5-NP,427,0,3150,2,0,3152,T
5-NP,428,0,3145,0,1,3146,T
5-NP,429,0,1,3175,0,3176,G
5-NP,430,3174,2,1,0,3177,A
5-NP,431,3174,1,1,0,3176,A
5-NP,432,0,3195,0,0,3195,T
5-NP,433,1,3,3173,1,3178,G
5-NP,434,3299,0,0,0,3299,A
5-NP,435,1,3294,0,0,3295,T
5-NP,436,2,3,3305,1,3311,G
5-NP,437,0,0,0,3386,3386,C
5-NP,438,3380,1,1,0,3382,A
5-NP,439,3501,2,2,0,3505,A
5-NP,440,0,2,0,3504,3506,C
5-NP,441,3549,1,1,0,3551,A
5-NP,442,0,3624,0,1,3625,T
5-NP,443,3573,0,1,0,3574,A
5-NP,444,0,0,1,3636,3637,C
5-NP,445,1,2,2,3629,3634,C
5-NP,446,3562,2,0,0,3564,A
5-NP,447,0,2,3591,0,3593,G
5-NP,448,3513,1,4,0,3518,A
5-NP,449,0,1,3597,0,3598,G
5-NP,450,0,4,3579,0,3583,G
5-NP,451,3552,0,5,2,3559,A
5-NP,452,0,2,0,3578,3580,C
5-NP,453,3557,1,1,0,3559,A
5-NP,454,3557,0,5,1,3563,A
5-NP,455,0,2,3565,0,3567,G
5-NP,456,3535,0,6,2,3543,A
5-NP,457,0,0,3564,0,3564,G
5-NP,458,0,2,0,3545,3547,C
5-NP,459,0,3515,1,8,3524,T
5-NP,460,0,1,0,3545,3546,C
5-NP,461,0,3531,1,4,3536,T
5-NP,462,0,3538,1,3,3542,T
5-NP,463,0,1,3551,1,3553,G
5-NP,464,0,3539,0,0,3539,T
5-NP,465,0,3545,0,1,3546,T
5-NP,466,4,2,0,3536,3542,C
5-NP,467,2,4,3533,0,3539,G
5-NP,468,3591,2,11,0,3604,A
5-NP,469,3603,1,0,0,3604,A
5-NP,470,0,0,0,3629,3629,C
5-NP,471,3,3614,1,3,3621,T
5-NP,472,1,3,3653,1,3658,G
5-NP,473,0,4,3683,0,3687,G
5-NP,474,3672,2,4,1,3679,A
5-NP,475,3688,0,2,1,3691,A
5-NP,476,0,3683,0,3,3686,T
5-NP,477,4,1,3676,0,3681,G
5-NP,478,4,0,3689,1,3694,G
5-NP,479,3714,2,0,0,3716,A
5-NP,480,0,3754,0,3,3757,T
5-NP,481,3,1,0,3763,3767,C
5-NP,482,2,1,0,3750,3753,C
5-NP,483,4,0,0,3773,3777,C
5-NP,484,3794,0,3,2,3799,A
5-NP,485,1,5,3838,0,3844,G
5-NP,486,3828,0,0,1,3829,A
5-NP,487,3824,0,1,1,3826,A
5-NP,488,0,3782,1,0,3783,T
5-NP,489,2,1,3824,0,3827,G
5-NP,490,0,3806,0,0,3806,T
5-NP,491,5,2,3808,1,3816,G
5-NP,492,2,0,0,3818,3820,C
5-NP,493,2,3785,0,4,3791,T
5-NP,494,3,0,1,3959,3963,C
5-NP,495,2,3931,0,2,3935,T
5-NP,496,3,0,1,4074,4078,C
5-NP,497,1,4069,0,3,4073,T
5-NP,498,1,1,4090,0,4092,G
5-NP,499,4119,1,0,2,4122,A
5-NP,500,2,4114,0,0,4116,T
5-NP,501,0,1,4114,0,4115,G
5-NP,502,1,2,0,4107,4110,C
5-NP,503,4006,0,2,1,4009,A
5-NP,504,4,2,4063,1,4070,G
5-NP,505,3,0,4009,1,4013,G
5-NP,506,0,0,4050,2,4052,G
5-NP,507,0,0,0,4057,4057,C
5-NP,508,0,4034,0,6,4040,T
5-NP,509,4,0,0,4050,4054,C
5-NP,510,1,5,4058,0,4064,G
5-NP,511,4091,1,0,0,4092,A
5-NP,512,0,0,0,4094,4094,C
5-NP,513,1,4040,1,7,4049,T
5-NP,514,2,0,0,4177,4179,C
5-NP,515,0,4152,1,4,4157,T
5-NP,516,2,2,0,4667,4671,C
5-NP,517,1,2,1,4680,4684,C
5-NP,518,3,0,0,4696,4699,C
5-NP,519,1,4685,0,4,4690,T
5-NP,520,4682,0,0,0,4682,A
5-NP,521,1,2,4678,0,4681,G
5-NP,522,4665,0,0,1,4666,A
5-NP,523,4549,1,4,0,4554,A
5-NP,524,0,1,4565,0,4566,G
5-NP,525,0,0,4494,0,4494,G
5-NP,526,0,4428,0,1,4429,T
5-NP,527,7,1,0,4410,4418,C
5-NP,528,0,4,0,4428,4432,C
5-NP,529,0,0,4432,0,4432,G
5-NP,530,3,5,4443,0,4451,G
5-NP,531,4432,2,2,0,4436,A
5-NP,532,0,2,4495,0,4497,G
5-NP,533,0,2,0,4509,4511,C
5-NP,534,0,4469,1,5,4475,T
5-NP,535,2,0,4469,1,4472,G
5-NP,536,1,0,0,4490,4491,C
5-NP,537,4470,0,4,1,4475,A
5-NP,538,1,4,4500,0,4505,G
5-NP,539,2,0,4518,0,4520,G
5-NP,540,3,4518,0,0,4521,T
5-NP,541,1,2,4468,0,4471,G
5-NP,542,0,1,0,4498,4499,C
5-NP,543,1,4493,1,8,4503,T
5-NP,544,0,1,4505,0,4506,G
5-NP,545,0,0,1,4508,4509,C
5-NP,546,4551,1,0,0,4552,A
5-NP,547,0,1,4635,0,4636,G
5-NP,548,1,4605,1,0,4607,T
5-NP,549,7,0,1,4604,4612,C
5-NP,550,4615,0,0,0,4615,A
5-NP,551,4616,1,2,1,4620,A
5-NP,552,4600,1,6,3,4610,A
5-NP,553,0,3,4634,1,4638,G
5-NP,554,0,4,4664,0,4668,G
5-NP,555,4652,1,1,0,4654,A
5-NP,556,4631,2,1,0,4634,A
5-NP,557,1,4636,0,2,4639,T
5-NP,558,6,1,0,4632,4639,C
5-NP,559,0,2,4642,0,4644,G
5-NP,560,2,5,4764,0,4771,G
5-NP,561,0,8,4775,0,4783,G
5-NP,562,4756,3,3,2,4764,A
5-NP,563,1,2,0,4765,4768,C
5-NP,564,4733,0,4,0,4737,A
5-NP,565,4829,1,1,0,4831,A
5-NP,566,0,4844,1,0,4845,T
5-NP,567,0,1,4865,0,4866,G
5-NP,568,0,0,4909,0,4909,G
5-NP,569,1,4864,1,3,4869,T
5-NP,570,1,4,4887,0,4892,G
5-NP,571,4880,1,4,0,4885,A
5-NP,572,0,4862,0,1,4863,T
5-NP,573,1,2,4866,1,4870,G
5-NP,574,0,9,4955,0,4964,G
5-NP,575,4962,1,2,0,4965,A
5-NP,576,4960,1,4,0,4965,A
5-NP,577,0,0,0,4941,4941,C
5-NP,578,0,4904,1,0,4905,T
5-NP,579,4885,1,14,1,4901,A
5-NP,580,5110,3,1,0,5114,A
5-NP,581,0,5108,1,2,5111,T
5-NP,582,0,1,0,5134,5135,C
5-NP,583,5012,2,1,0,5015,A
5-NP,584,12,3,5081,0,5096,G
5-NP,585,5061,0,1,1,5063,A
5-NP,586,5077,0,0,2,5079,A
5-NP,587,1,5079,0,0,5080,T
5-NP,588,1,3,5020,0,5024,G
5-NP,589,1,1,5067,0,5069,G
5-NP,590,1,5064,1,5,5071,T
5-NP,591,5,2,1,5064,5072,C
5-NP,592,5065,0,2,8,5075,A
5-NP,593,5067,0,1,0,5068,A
5-NP,594,5074,1,1,1,5077,A
5-NP,595,0,1,0,5080,5081,C
5-NP,596,0,4,5067,1,5072,G
5-NP,597,1,4,5075,1,5081,G
5-NP,598,1,2,5029,1,5033,G
5-NP,599,0,6,5053,0,5059,G
5-NP,600,2,5,5061,0,5068,G
5-NP,601,5078,1,2,1,5082,A
5-NP,602,1,5039,1,5,5046,T
5-NP,603,10,2,0,5031,5043,C
5-NP,604,5059,0,9,0,5068,A
5-NP,605,5066,0,1,1,5068,A
5-NP,606,0,0,0,5024,5024,C
5-NP,607,8,8,4989,1,5006,G
5-NP,608,4986,1,1,1,4989,A
5-NP,609,2,4993,0,0,4995,T
5-NP,610,2,2,0,4994,4998,C
5-NP,611,0,1,5011,0,5012,G
5-NP,612,5009,1,0,1,5011,A
5-NP,613,4988,0,4,1,4993,A
5-NP,614,4998,1,1,1,5001,A
5-NP,615,0,5022,2,0,5024,T
5-NP,616,0,5017,1,1,5019,T
5-NP,617,1,5021,0,1,5023,T
5-NP,618,0,5027,0,3,5030,T
5-NP,619,0,5054,0,0,5054,T
5-NP,620,1,2,5065,0,5068,G
5-NP,621,1,5,5062,0,5068,G
5-NP,622,5047,2,2,2,5053,A
5-NP,623,0,2,5072,0,5074,G
5-NP,624,5001,2,2,1,5006,A
5-NP,625,1,1,5200,0,5202,G
5-NP,626,3,5,5215,0,5223,G
5-NP,627,1,5201,1,5,5208,T
5-NP,628,0,4,5209,2,5215,G
5-NP,629,5204,2,5,1,5212,A
5-NP,630,2,2,5239,0,5243,G
5-NP,631,5239,2,3,0,5244,A
5-NP,632,5222,1,1,1,5225,A
5-NP,633,1,5214,2,1,5218,T
5-NP,634,2,5,5060,0,5067,G
5-NP,635,1,5,5035,0,5041,G
5-NP,636,4992,1,11,1,5005,A
5-NP,637,1,1,0,5012,5014,C
5-NP,638,3,8,5007,0,5018,G
5-NP,639,3,3,5091,0,5097,G
5-NP,640,5089,2,2,1,5094,A
5-NP,641,5099,1,1,1,5102,A
5-NP,642,5147,2,4,0,5153,A
5-NP,643,5174,0,1,1,5176,A
5-NP,644,0,2,0,5196,5198,C
5-NP,645,5182,3,4,0,5189,A
5-NP,646,5185,0,3,1,5189,A
5-NP,647,0,4,5192,1,5197,G
5-NP,648,5037,0,3,0,5040,A
5-NP,649,5062,1,2,1,5066,A
5-NP,650,0,1,5171,0,5172,G
5-NP,651,2,5150,0,2,5154,T
5-NP,652,3,3,5366,2,5374,G
5-NP,653,2,1,0,5347,5350,C
5-NP,654,2,5339,1,3,5345,T
5-NP,655,0,5366,0,1,5367,T
5-NP,656,5462,0,0,0,5462,A
5-NP,657,2,5456,0,1,5459,T
5-NP,658,2,6,5461,0,5469,G
5-NP,659,5339,0,8,1,5348,A
5-NP,660,1,1,5365,0,5367,G
5-NP,661,5092,4,1,0,5097,A
5-NP,662,1,3,5119,0,5123,G
5-NP,663,5109,0,2,1,5112,A
5-NP,664,5158,0,1,1,5160,A
5-NP,665,1,5121,0,1,5123,T
5-NP,666,0,3,5165,0,5168,G
5-NP,667,2,5135,0,6,5143,T
5-NP,668,3,1,5148,0,5152,G
5-NP,669,0,5,0,5134,5139,C
5-NP,670,5133,0,3,1,5137,A
5-NP,671,5141,1,6,1,5149,A
5-NP,672,0,0,0,5141,5141,C
5-NP,673,5100,1,0,0,5101,A
5-NP,674,1,5103,0,1,5105,T
5-NP,675,1,5020,1,6,5028,T
5-NP,676,4,0,2,5033,5039,C
5-NP,677,0,5028,0,7,5035,T
5-NP,678,0,5041,0,0,5041,T
5-NP,679,5048,3,1,0,5052,A
5-NP,680,5026,0,1,4,5031,A
5-NP,681,5028,0,4,3,5035,A
5-NP,682,2,0,5040,1,5043,G
5-NP,683,0,4,5022,0,5026,G
5-NP,684,4996,0,18,0,5014,A
5-NP,685,4992,2,2,4,5000,A
5-NP,686,4990,1,4,0,4995,A
5-NP,687,5067,1,0,0,5068,A
5-NP,688,1,5023,2,1,5027,T
5-NP,689,0,5030,0,5,5035,T
5-NP,690,0,5049,0,1,5050,T
5-NP,691,0,0,0,5064,5064,C
5-NP,692,5063,0,3,0,5066,A
5-NP,693,5068,0,0,0,5068,A
5-NP,694,5063,2,6,0,5071,A
5-NP,695,1,2,0,5105,5108,C
5-NP,696,5049,1,1,1,5052,A
5-NP,697,0,0,5139,1,5140,G
5-NP,698,2,1,0,5129,5132,C
5-NP,699,2,5121,0,1,5124,T
5-NP,700,1,0,5218,1,5220,G
5-NP,701,1,2,1,5187,5191,C
5-NP,702,5231,0,3,0,5234,A
5-NP,703,0,0,0,5234,5234,C
5-NP,704,5204,1,1,0,5206,A
5-NP,705,5206,2,6,1,5215,A
5-NP,706,5094,0,1,0,5095,A
5-NP,707,0,7,5242,0,5249,G
5-NP,708,5249,1,2,0,5252,A
5-NP,709,4,1,5228,0,5233,G
5-NP,710,0,7,0,5199,5206,C
5-NP,711,5202,0,4,0,5206,A
5-NP,712,5311,2,9,0,5322,A
5-NP,713,1,5322,0,1,5324,T
5-NP,714,3,5,5336,0,5344,G
5-NP,715,11,1,5342,0,5354,G
5-NP,716,0,5208,0,5,5213,T
5-NP,717,12,5,5189,1,5207,G
5-NP,718,2,4,5229,0,5235,G
5-NP,719,5236,1,2,0,5239,A
5-NP,720,2,5204,1,2,5209,T
5-NP,721,9,0,0,5055,5064,C
5-NP,722,5081,0,1,0,5082,A
5-NP,723,5119,0,3,0,5122,A
5-NP,724,0,0,5139,0,5139,G
5-NP,725,0,5092,0,1,5093,T
5-NP,726,3,4,5079,0,5086,G
5-NP,727,4997,2,3,1,5003,A
5-NP,728,0,1,5027,0,5028,G
5-NP,729,5013,0,13,0,5026,A
5-NP,730,0,1,5032,0,5033,G
5-NP,731,4989,3,2,0,4994,A
5-NP,732,4909,0,0,1,4910,A
5-NP,733,4911,1,7,2,4921,A
5-NP,734,0,1,4940,0,4941,G
5-NP,735,2,4909,1,3,4915,T
5-NP,736,8,0,0,4900,4908,C
5-NP,737,2,4,4887,0,4893,G
5-NP,738,2,7,4889,0,4898,G
5-NP,739,4908,0,2,1,4911,A
5-NP,740,4921,1,1,1,4924,A
5-NP,741,1,1,0,4902,4904,C
5-NP,742,6,1,0,4846,4853,C
5-NP,743,2,2,0,4891,4895,C
5-NP,744,4882,1,4,0,4887,A
5-NP,745,0,0,4907,0,4907,G
5-NP,746,2,1,4904,0,4907,G
5-NP,747,4897,2,0,0,4899,A
5-NP,748,4879,4,0,0,4883,A
5-NP,749,4856,0,6,0,4862,A
5-NP,750,0,1,1,4884,4886,C
5-NP,751,1,2,4882,1,4886,G
5-NP,752,1,3,0,4861,4865,C
5-NP,753,1,4861,0,2,4864,T
5-NP,754,2,0,4870,0,4872,G
5-NP,755,4854,1,1,1,4857,A
5-NP,756,1,3,4900,0,4904,G
5-NP,757,4948,0,2,0,4950,A
5-NP,758,0,4957,0,0,4957,T
5-NP,759,4,3,0,4906,4913,C
5-NP,760,3,4,4904,1,4912,G
5-NP,761,4913,1,0,0,4914,A
5-NP,762,4909,0,2,0,4911,A
5-NP,763,2,1,4894,1,4898,G
5-NP,764,4887,0,0,0,4887,A
5-NP,765,1,0,0,4763,4764,C
5-NP,766,3,0,0,4911,4914,C
5-NP,767,1,4923,0,6,4930,T
5-NP,768,4,1,0,4947,4952,C
5-NP,769,4975,0,1,0,4976,A
5-NP,770,2,4963,0,3,4968,T
5-NP,771,4976,0,1,0,4977,A
5-NP,772,2,4962,0,5,4969,T
5-NP,773,1,4931,1,2,4935,T
5-NP,774,2,4844,0,3,4849,T
5-NP,775,1,4795,1,2,4799,T
5-NP,776,0,4819,0,1,4820,T
5-NP,777,4817,0,3,0,4820,A
5-NP,778,2,1,4808,0,4811,G
5-NP,779,1,2,0,4809,4812,C
5-NP,780,4780,0,3,0,4783,A
5-NP,781,4768,2,1,2,4773,A
5-NP,782,1,2,4892,0,4895,G
5-NP,783,4870,3,1,0,4874,A
5-NP,784,0,4894,3,0,4897,T
5-NP,785,4,0,0,4917,4921,C
5-NP,786,1,4897,0,3,4901,T
5-NP,787,2,1,5014,0,5017,G
5-NP,788,2,1,0,5016,5019,C
5-NP,789,5027,2,3,0,5032,A
5-NP,790,1,5068,3,0,5072,T
5-NP,791,0,4893,0,2,4895,T
5-NP,792,0,2,5156,1,5159,G
5-NP,793,5225,0,1,1,5227,A
5-NP,794,0,5212,0,0,5212,T
5-NP,795,5235,0,2,1,5238,A
5-NP,796,0,5116,1,0,5117,T
5-NP,797,0,5067,0,5,5072,T
5-NP,798,6,8,5101,0,5115,G
5-NP,799,5058,0,4,0,5062,A
5-NP,800,0,6,5088,0,5094,G
5-NP,801,4777,2,2,2,4783,A
5-NP,802,1,1,4671,0,4673,G
5-NP,803,0,5,4715,0,4720,G
5-NP,804,4686,1,8,0,4695,A
5-NP,805,0,4690,0,0,4690,T
5-NP,806,3,1,1,4706,4711,C
5-NP,807,4689,0,1,0,4690,A
5-NP,808,0,0,4705,0,4705,G
5-NP,809,2,4677,1,4,4684,T
5-NP,810,0,4643,1,2,4646,T
5-NP,811,1,0,4634,2,4637,G
5-NP,812,0,0,0,4627,4627,C
5-NP,813,1,4616,0,8,4625,T
5-NP,814,8,1,1,4636,4646,C
5-NP,815,4660,2,1,1,4664,A
5-NP,816,0,0,0,4664,4664,C
5-NP,817,4636,0,0,1,4637,A
5-NP,818,4668,1,0,0,4669,A
5-NP,819,4669,0,0,1,4670,A
5-NP,820,0,4660,1,0,4661,T
5-NP,821,2,0,0,4653,4655,C
5-NP,822,3,4637,0,4,4644,T
5-NP,823,0,4632,2,0,4634,T
5-NP,824,2,1,4636,0,4639,G
5-NP,825,0,2,0,4627,4629,C
5-NP,826,0,3,1,4690,4694,C
5-NP,827,0,4666,1,2,4669,T
5-NP,828,4698,2,4,0,4704,A
5-NP,829,1,2,0,4690,4693,C
5-NP,830,2,1,0,4693,4696,C
5-NP,831,0,4672,2,3,4677,T
5-NP,832,2,1,4722,0,4725,G
5-NP,833,1,3,0,4690,4694,C
5-NP,834,5,3,1,4696,4705,C
5-NP,835,1,4633,2,5,4641,T
5-NP,836,1,1,4675,0,4677,G
5-NP,837,1,4642,1,2,4646,T
5-NP,838,2,3,4677,0,4682,G
5-NP,839,3,4,0,4693,4700,C
5-NP,840,4,0,4771,0,4775,G
5-NP,841,1,4695,0,0,4696,T
5-NP,842,4681,0,1,0,4682,A
5-NP,843,0,4677,0,2,4679,T
5-NP,844,0,5,4670,1,4676,G
5-NP,845,1,6,4787,0,4794,G
5-NP,846,4777,1,3,0,4781,A
5-NP,847,0,3,0,4694,4697,C
5-NP,848,1,0,0,4685,4686,C
5-NP,849,0,4609,1,5,4615,T
5-NP,850,0,1,4796,0,4797,G
5-NP,851,1,0,0,4791,4792,C
5-NP,852,4801,0,2,1,4804,A
5-NP,853,0,1,4880,0,4881,G
5-NP,854,0,4665,0,1,4666,T
5-NP,855,4831,0,1,0,4832,A
5-NP,856,0,4817,0,0,4817,T
5-NP,857,1,2,0,4781,4784,C
5-NP,858,0,2,0,4791,4793,C
5-NP,859,4547,1,3,0,4551,A
5-NP,860,10,1,4558,0,4569,G
5-NP,861,0,4541,0,0,4541,T
5-NP,862,1,1,4552,0,4554,G
5-NP,863,1,6,4522,0,4529,G
5-NP,864,2,1,4430,1,4434,G
5-NP,865,0,4434,0,2,4436,T
5-NP,866,4429,1,1,0,4431,A
5-NP,867,0,0,0,4411,4411,C
5-NP,868,3,4,4394,0,4401,G
5-NP,869,4373,1,4,0,4378,A
5-NP,870,1,2,0,4373,4376,C
5-NP,871,0,4254,1,2,4257,T
5-NP,872,1,4253,0,3,4257,T
5-NP,873,2,1,0,4243,4246,C
5-NP,874,0,2,4252,0,4254,G
5-NP,875,4249,1,1,0,4251,A
5-NP,876,4242,0,2,0,4244,A
5-NP,877,4243,0,3,0,4246,A
5-NP,878,4251,1,2,1,4255,A
5-NP,879,4247,0,3,0,4250,A
5-NP,880,2,1,4259,0,4262,G
5-NP,881,4242,3,3,0,4248,A
5-NP,882,12,2,4252,0,4266,G
5-NP,883,1,4,4300,0,4305,G
5-NP,884,3,0,4310,0,4313,G
5-NP,885,4318,2,4,0,4324,A
5-NP,886,0,4314,0,4,4318,T
5-NP,887,4341,0,0,0,4341,A
5-NP,888,1,4320,1,2,4324,T
5-NP,889,0,4336,0,1,4337,T
5-NP,890,2,0,0,4350,4352,C
5-NP,891,2,3,0,4311,4316,C
5-NP,892,2,4260,0,1,4263,T
5-NP,893,0,4261,0,0,4261,T
5-NP,894,1,4,4285,0,4290,G
5-NP,895,2,0,4311,1,4314,G
5-NP,896,1,4278,0,5,4284,T
5-NP,897,0,2,4255,0,4257,G
5-NP,898,0,0,4236,0,4236,G
5-NP,899,2,4,4378,1,4385,G
5-NP,900,4395,0,1,0,4396,A
5-NP,901,4393,2,4,0,4399,A
5-NP,902,1,4394,0,1,4396,T
5-NP,903,4314,0,1,0,4315,A
5-NP,904,0,4,4315,0,4319,G
5-NP,905,4285,0,7,0,4292,A
5-NP,906,2,0,0,4290,4292,C
5-NP,907,2,3,0,4238,4243,C
5-NP,908,8,2,1,4112,4123,C
5-NP,909,0,4165,2,3,4170,T
5-NP,910,1,4175,0,1,4177,T
5-NP,911,1,4178,0,4,4183,T
5-NP,912,3,0,0,4177,4180,C
5-NP,913,4167,0,1,1,4169,A
5-NP,914,4170,0,1,1,4172,A
5-NP,915,4155,1,0,2,4158,A
5-NP,916,0,0,0,4169,4169,C
5-NP,917,1,4060,0,2,4063,T
5-NP,918,4038,1,1,0,4040,A
5-NP,919,1,1,0,4057,4059,C
5-NP,920,2,4028,3,0,4033,T
5-NP,921,1,4038,1,2,4042,T
5-NP,922,1,0,0,4045,4046,C
5-NP,923,4031,0,1,0,4032,A
5-NP,924,4034,0,1,1,4036,A
5-NP,925,4024,0,0,0,4024,A
5-NP,926,4016,0,2,1,4019,A
5-NP,927,0,3993,0,0,3993,T
5-NP,928,3920,1,5,1,3927,A
5-NP,929,1,0,3969,0,3970,G
5-NP,930,0,2,0,3964,3966,C
5-NP,931,3,4,0,4009,4016,C
5-NP,932,4014,0,2,0,4016,A
5-NP,933,4023,1,2,0,4026,A
5-NP,934,4111,1,2,0,4114,A
5-NP,935,2,4120,0,1,4123,T
5-NP,936,4140,2,2,1,4145,A
5-NP,937,0,4139,1,1,4141,T
5-NP,938,4075,1,1,0,4077,A
5-NP,939,2,1,0,4076,4079,C
5-NP,940,3996,0,2,0,3998,A
5-NP,941,0,0,4061,0,4061,G
5-NP,942,0,0,0,4035,4035,C
5-NP,943,0,3873,0,9,3882,T
5-NP,944,1,3896,0,10,3907,T
5-NP,945,3915,2,0,0,3917,A
5-NP,946,3913,1,1,0,3915,A
5-NP,947,0,3921,0,1,3922,T
5-NP,948,2,0,0,3919,3921,C
5-NP,949,3780,0,3,3,3786,A
5-NP,950,1,6,3798,0,3805,G
5-NP,951,3789,0,2,1,3792,A
5-NP,952,1,0,0,3811,3812,C
5-NP,953,1,1,0,3784,3786,C
5-NP,954,0,3748,0,2,3750,T
5-NP,955,3768,0,0,0,3768,A
5-NP,956,3766,0,1,0,3767,A
5-NP,957,0,0,0,3779,3779,C
5-NP,958,0,2,3776,0,3778,G
5-NP,959,3706,3,1,0,3710,A
5-NP,960,0,2,3712,0,3714,G
5-NP,961,3673,0,1,0,3674,A
5-NP,962,3694,1,1,0,3696,A
5-NP,963,1,3681,0,1,3683,T
5-NP,964,2,0,2,3624,3628,C
5-NP,965,1,1,0,3627,3629,C
5-NP,966,3525,0,4,0,3529,A
5-NP,967,2,0,3537,2,3541,G
5-NP,968,0,1,0,3536,3537,C
5-NP,969,3561,0,3,0,3564,A
5-NP,970,0,0,0,3578,3578,C
5-NP,971,3526,1,2,0,3529,A
5-NP,972,0,0,0,3518,3518,C
5-NP,973,3519,1,1,0,3521,A
5-NP,974,3516,0,6,0,3522,A
5-NP,975,0,3,3521,0,3524,G
5-NP,976,3470,0,4,0,3474,A
5-NP,977,1,0,3488,0,3489,G
5-NP,978,1,3419,0,2,3422,T
5-NP,979,2,1,0,3397,3400,C
5-NP,980,3383,1,2,1,3387,A
5-NP,981,0,0,3370,0,3370,G
5-NP,982,10,5,1,3348,3364,C
5-NP,983,1,3314,0,1,3316,T
5-NP,984,0,1,3327,0,3328,G
5-NP,985,1,0,3338,0,3339,G
5-NP,986,0,3310,0,1,3311,T
5-NP,987,0,1,3324,1,3326,G
5-NP,988,0,3275,0,3,3278,T
5-NP,989,0,3,3261,0,3264,G
5-NP,990,2,1,3250,0,3253,G
5-NP,991,3222,0,1,0,3223,A
5-NP,992,0,3227,0,2,3229,T
5-NP,993,0,2,3050,0,3052,G
5-NP,994,1,0,3034,0,3035,G
5-NP,995,0,0,0,3033,3033,C
5-NP,996,2987,0,0,0,2987,A
5-NP,997,2,2976,1,1,2980,T
5-NP,998,0,0,2957,0,2957,G
5-NP,999,0,1,0,2976,2977,C
5-NP,1000,1,0,0,2981,2982,C
5-NP,1001,2977,1,1,0,2979,A
5-NP,1002,0,2957,0,8,2965,T
5-NP,1003,1,2883,0,3,2887,T
5-NP,1004,2,0,0,2893,2895,C
5-NP,1005,0,2829,0,2,2831,T
5-NP,1006,1,1,2825,0,2827,G
5-NP,1007,3,0,0,2815,2818,C
5-NP,1008,0,2658,0,3,2661,T
5-NP,1009,2,0,2665,0,2667,G
5-NP,1010,0,0,0,2582,2582,C
5-NP,1011,2582,0,1,0,2583,A
5-NP,1012,1,2579,1,0,2581,T
5-NP,1013,0,2532,1,1,2534,T
5-NP,1014,0,2536,1,3,2540,T
5-NP,1015,0,1,2532,0,2533,G
5-NP,1016,2535,1,0,0,2536,A
5-NP,1017,2535,0,2,0,2537,A
5-NP,1018,0,1,2535,0,2536,G
5-NP,1019,2523,0,0,0,2523,A
5-NP,1020,0,2509,0,0,2509,T
5-NP,1021,0,2503,0,1,2504,T
5-NP,1022,1,2502,1,1,2505,T
5-NP,1023,2503,0,2,0,2505,A
5-NP,1024,2509,0,0,0,2509,A
5-NP,1025,0,2,2509,0,2511,G
5-NP,1026,2502,0,8,1,2511,A
5-NP,1027,0,2482,1,2,2485,T
5-NP,1028,0,2446,0,0,2446,T
5-NP,1029,0,0,2455,0,2455,G
5-NP,1030,0,2444,0,1,2445,T
5-NP,1031,0,2444,0,2,2446,T
5-NP,1032,2453,0,0,0,2453,A
5-NP,1033,2443,0,1,0,2444,A
5-NP,1034,0,1,2444,0,2445,G
5-NP,1035,0,1,0,2441,2442,C
5-NP,1036,1,2397,1,12,2411,T
5-NP,1037,2,2406,0,2,2410,T
5-NP,1038,3,1,0,2404,2408,C
5-NP,1039,2406,0,1,0,2407,A
5-NP,1040,0,2402,0,0,2402,T
5-NP,1041,1,0,0,2406,2407,C
5-NP,1042,2372,0,0,0,2372,A
5-NP,1043,0,0,2374,0,2374,G
5-NP,1044,2335,0,8,0,2343,A
5-NP,1045,0,1,2343,0,2344,G
5-NP,1046,1,1,2326,0,2328,G
5-NP,1047,6,1,2318,0,2325,G
5-NP,1048,2272,0,50,0,2322,A
5-NP,1049,1,0,0,2323,2324,C
5-NP,1050,2322,0,2,0,2324,A
5-NP,1051,2320,0,0,0,2320,A
5-NP,1052,2316,0,0,0,2316,A
5-NP,1053,2301,0,2,1,2304,A
5-NP,1054,0,1,2315,1,2317,G
5-NP,1055,0,2244,0,0,2244,T
5-NP,1056,2230,2,0,0,2232,A
5-NP,1057,1,2214,0,3,2218,T
5-NP,1058,0,5,0,2211,2216,C
5-NP,1059,0,2200,0,2,2202,T
5-NP,1060,3,0,0,2199,2202,C
5-NP,1061,2,0,0,2178,2180,C
5-NP,1062,0,2163,0,0,2163,T
5-NP,1063,1,0,0,2156,2157,C
5-NP,1064,0,0,2156,0,2156,G
5-NP,1065,0,1,2154,0,2155,G
5-NP,1066,0,2,2151,0,2153,G
5-NP,1067,0,1,2150,0,2151,G
5-NP,1068,2,0,2143,1,2146,G
5-NP,1069,2107,0,1,0,2108,A
5-NP,1070,2103,0,2,0,2105,A
5-NP,1071,2104,1,2,0,2107,A
5-NP,1072,0,0,0,2114,2114,C
5-NP,1073,0,2091,1,1,2093,T
5-NP,1074,1,0,2095,0,2096,G
5-NP,1075,0,2081,0,2,2083,T
5-NP,1076,4,2,1,2074,2081,C
5-NP,1077,2094,0,3,0,2097,A
5-NP,1078,2103,0,0,0,2103,A
5-NP,1079,0,1,0,2103,2104,C
5-NP,1080,0,2088,0,1,2089,T
5-NP,1081,2049,1,0,1,2051,A
5-NP,1082,0,4,2045,0,2049,G
5-NP,1083,2018,0,1,0,2019,A
5-NP,1084,0,0,2018,0,2018,G
5-NP,1085,0,2,2001,0,2003,G
5-NP,1086,1882,0,4,0,1886,A
5-NP,1087,0,0,1902,0,1902,G
5-NP,1088,0,1875,0,1,1876,T
5-NP,1089,1872,1,0,0,1873,A
5-NP,1090,0,0,0,1873,1873,C
5-NP,1091,1842,0,2,0,1844,A
5-NP,1092,1844,0,0,0,1844,A
5-NP,1093,1823,0,1,0,1824,A
5-NP,1094,1,1792,0,1,1794,T
5-NP,1095,0,1769,0,1,1770,T
5-NP,1096,0,0,1726,0,1726,G
5-NP,1097,1,0,0,1698,1699,C
5-NP,1098,0,1691,0,3,1694,T
5-NP,1099,1,1691,0,0,1692,T
5-NP,1100,1,0,0,1686,1687,C
5-NP,1101,1688,0,1,0,1689,A
5-NP,1102,1690,0,0,0,1690,A
5-NP,1103,1694,0,0,0,1694,A
5-NP,1104,1,1688,0,0,1689,T
5-NP,1105,0,3,1681,0,1684,G
5-NP,1106,1664,0,5,0,1669,A
5-NP,1107,1651,1,0,1,1653,A
5-NP,1108,1663,0,1,0,1664,A
5-NP,1109,1661,1,1,0,1663,A
5-NP,1110,1,0,0,1662,1663,C
5-NP,1111,1650,0,1,0,1651,A
5-NP,1112,1,1637,0,0,1638,T
5-NP,1113,0,1,1647,0,1648,G
5-NP,1114,0,1,1646,0,1647,G
5-NP,1115,1650,0,0,0,1650,A
5-NP,1116,0,1645,0,1,1646,T
5-NP,1117,1632,0,0,0,1632,A
5-NP,1118,1655,1,0,1,1657,A
5-NP,1119,0,1615,0,1,1616,T
5-NP,1120,1608,0,0,0,1608,A
5-NP,1121,0,1607,0,0,1607,T
5-NP,1122,2,1,1496,1,1500,G
5-NP,1123,1,1,1447,0,1449,G
5-NP,1124,0,2,1440,0,1442,G
5-NP,1125,1432,0,0,0,1432,A
5-NP,1126,0,1433,0,0,1433,T
5-NP,1127,1,0,0,1018,1019,C
5-NP,1128,0,1,1013,0,1014,G
5-NP,1129,1012,0,1,0,1013,A
5-NP,1130,0,0,1016,0,1016,G
5-NP,1131,0,0,0,1007,1007,C
5-NP,1132,987,0,0,1,988,A
5-NP,1133,0,0,0,1007,1007,C
5-NP,1134,0,988,1,0,989,T
5-NP,1135,4,0,0,988,992,C
5-NP,1136,0,993,0,0,993,T
5-NP,1137,0,971,0,0,971,T
5-NP,1138,0,1,964,0,965,G
5-NP,1139,966,0,0,0,966,A
5-NP,1140,967,0,2,0,969,A
5-NP,1141,0,0,0,966,966,C
5-NP,1142,0,698,0,0,698,T
5-NP,1143,0,0,698,0,698,G
5-NP,1144,653,0,1,0,654,A
5-NP,1145,0,0,657,0,657,G
5-NP,1146,658,0,0,0,658,A
5-NP,1147,642,0,0,0,642,A
5-NP,1148,0,0,643,0,643,G
5-NP,1149,0,0,0,616,616,C
5-NP,1150,48,0,561,0,609,G
5-NP,1151,0,1,608,0,609,G
5-NP,1152,0,1,575,0,576,G
5-NP,1153,0,563,0,0,563,T
5-NP,1154,542,0,0,0,542,A
5-NP,1155,0,0,0,541,541,C
5-NP,1156,0,331,0,0,331,T
5-NP,1157,0,0,320,0,320,G
5-NP,1158,1,0,298,0,299,G
5-NP,1159,0,0,286,0,286,G
5-NP,1160,0,1,0,269,270,C
5-NP,1161,1,0,0,222,223,C
5-NP,1162,226,0,1,0,227,A
5-NP,1163,0,227,0,1,228,T
5-NP,1164,227,0,1,0,228,A
5-NP,1165,228,0,0,0,228,A
5-NP,1166,0,0,225,0,225,G
5-NP,1167,0,0,231,0,231,G
5-NP,1168,231,0,0,0,231,A
5-NP,1169,0,0,0,231,231,C
5-NP,1170,0,0,0,232,232,C
5-NP,1171,231,0,0,0,231,A
5-NP,1172,0,0,233,0,233,G
5-NP,1173,0,0,232,0,232,G
5-NP,1174,232,0,0,0,232,A
5-NP,1175,0,0,233,0,233,G
5-NP,1176,1,226,0,0,227,T
5-NP,1177,0,0,226,0,226,G
5-NP,1178,0,0,228,0,228,G
5-NP,1179,228,0,0,0,228,A
5-NP,1180,0,0,229,0,229,G
5-NP,1181,0,0,227,0,227,G
5-NP,1182,226,0,0,0,226,A
5-NP,1183,224,0,0,0,224,A
5-NP,1184,226,0,0,0,226,A
5-NP,1185,0,222,0,0,222,T
5-NP,1186,225,0,0,0,225,A
5-NP,1187,0,0,0,228,228,C
5-NP,1188,0,225,0,0,225,T
5-NP,1189,232,0,0,0,232,A
5-NP,1190,232,0,0,0,232,A
5-NP,1191,0,231,0,0,231,T
5-NP,1192,0,0,0,234,234,C
5-NP,1193,230,0,0,0,230,A
5-NP,1194,236,0,0,0,236,A
5-NP,1195,1,0,0,236,237,C
5-NP,1196,229,0,0,0,229,A
5-NP,1197,0,0,231,0,231,G
5-NP,1198,228,0,0,0,228,A
5-NP,1199,0,1,228,0,229,G
5-NP,1200,0,0,230,0,230,G
5-NP,1201,0,0,230,0,230,G
5-NP,1202,0,0,0,229,229,C
5-NP,1203,0,0,0,228,228,C
5-NP,1204,0,226,0,0,226,T
5-NP,1205,0,0,0,226,226,C
5-NP,1206,0,0,0,226,226,C
5-NP,1207,0,0,224,0,224,G
5-NP,1208,0,0,0,226,226,C
5-NP,1209,222,0,0,0,222,A
5-NP,1210,1,0,230,0,231,G
5-NP,1211,0,0,231,0,231,G
5-NP,1212,0,0,0,230,230,C
5-NP,1213,1,0,0,229,230,C
5-NP,1214,228,0,0,0,228,A
5-NP,1215,228,0,0,0,228,A
5-NP,1216,226,0,0,0,226,A
5-NP,1217,0,0,0,230,230,C
5-NP,1218,0,1,0,229,230,C
5-NP,1219,216,0,0,0,216,A
5-NP,1220,0,0,217,0,217,G
5-NP,1221,0,215,0,0,215,T
5-NP,1222,0,0,217,0,217,G
5-NP,1223,0,216,0,0,216,T
5-NP,1224,0,0,215,0,215,G
5-NP,1225,0,0,0,215,215,C
5-NP,1226,213,0,0,0,213,A
5-NP,1227,218,0,0,0,218,A
5-NP,1228,0,1,0,218,219,C
5-NP,1229,0,0,0,221,221,C
5-NP,1230,0,214,0,0,214,T
5-NP,1231,214,0,0,0,214,A
5-NP,1232,0,0,0,213,213,C
5-NP,1233,0,0,214,0,214,G
5-NP,1234,0,213,0,0,213,T
5-NP,1235,0,213,0,0,213,T
5-NP,1236,0,209,0,0,209,T
5-NP,1237,0,209,0,0,209,T
5-NP,1238,0,0,0,209,209,C
5-NP,1239,0,208,0,1,209,T
5-NP,1240,0,0,214,0,214,G
5-NP,1241,0,213,0,0,213,T
5-NP,1242,213,1,0,0,214,A
5-NP,1243,0,0,0,216,216,C
5-NP,1244,215,0,0,0,215,A
5-NP,1245,216,0,0,0,216,A
5-NP,1246,213,0,0,1,214,A
5-NP,1247,0,0,216,0,216,G
5-NP,1248,215,0,0,0,215,A
5-NP,1249,210,0,0,0,210,A
5-NP,1250,209,0,0,0,209,A
5-NP,1251,0,0,0,211,211,C
5-NP,1252,0,0,0,209,209,C
5-NP,1253,0,208,0,0,208,T
5-NP,1254,0,0,0,209,209,C
5-NP,1255,0,0,0,209,209,C
5-NP,1256,0,1,0,207,208,C
5-NP,1257,208,0,0,0,208,A
5-NP,1258,0,208,0,0,208,T
5-NP,1259,0,206,0,0,206,T
5-NP,1260,0,208,0,1,209,T
5-NP,1261,0,0,208,0,208,G
5-NP,1262,207,0,0,0,207,A
5-NP,1263,206,0,0,0,206,A
5-NP,1264,206,1,0,0,207,A
5-NP,1265,207,0,0,0,207,A
5-NP,1266,0,0,209,0,209,G
5-NP,1267,0,207,0,0,207,T
5-NP,1268,0,0,0,207,207,C
5-NP,1269,206,0,1,0,207,A
5-NP,1270,207,0,0,0,207,A
5-NP,1271,0,0,0,208,208,C
5-NP,1272,0,0,0,211,211,C
5-NP,1273,212,0,0,0,212,A
5-NP,1274,0,215,0,0,215,T
5-NP,1275,0,0,0,215,215,C
5-NP,1276,209,0,0,0,209,A
5-NP,1277,1,212,0,0,213,T
5-NP,1278,0,0,213,0,213,G
5-NP,1279,0,0,213,0,213,G
5-NP,1280,0,0,0,213,213,C
5-NP,1281,208,0,0,0,208,A
5-NP,1282,0,0,210,0,210,G
5-NP,1283,0,0,0,207,207,C
5-NP,1284,207,0,0,0,207,A
5-NP,1285,0,206,0,0,206,T
5-NP,1286,0,203,0,0,203,T
5-NP,1287,0,0,0,204,204,C
5-NP,1288,204,0,0,0,204,A
5-NP,1289,0,0,0,208,208,C
5-NP,1290,0,206,0,0,206,T
5-NP,1291,0,0,206,0,206,G
5-NP,1292,0,0,208,1,209,G
5-NP,1293,206,0,1,0,207,A
5-NP,1294,205,0,0,0,205,A
5-NP,1295,205,0,0,0,205,A
5-NP,1296,0,203,0,0,203,T
5-NP,1297,199,0,0,0,199,A
5-NP,1298,0,1,0,199,200,C
5-NP,1299,69,0,128,0,197,G
5-NP,1300,0,0,198,0,198,G
5-NP,1301,196,0,0,0,196,A
5-NP,1302,0,0,197,0,197,G
5-NP,1303,0,0,198,0,198,G
5-NP,1304,0,0,195,0,195,G
5-NP,1305,194,0,1,0,195,A
5-NP,1306,192,0,1,0,193,A
5-NP,1307,0,1,194,0,195,G
5-NP,1308,194,0,0,0,194,A
5-NP,1309,192,0,0,0,192,A
5-NP,1310,0,0,0,193,193,C
5-NP,1311,0,191,0,0,191,T
5-NP,1312,0,190,0,0,190,T
5-NP,1313,0,0,0,189,189,C
5-NP,1314,192,0,0,0,192,A
5-NP,1315,0,1,191,0,192,G
5-NP,1316,192,0,0,0,192,A
5-NP,1317,0,1,0,190,191,C
5-NP,1318,190,0,0,0,190,A
5-NP,1319,0,187,0,0,187,T
5-NP,1320,0,0,188,0,188,G
5-NP,1321,186,0,0,0,186,A
5-NP,1322,0,0,186,0,186,G
5-NP,1323,0,1,184,0,185,G
5-NP,1324,1,0,183,0,184,G
5-NP,1325,0,0,0,182,182,C
5-NP,1326,183,0,0,0,183,A
5-NP,1327,0,0,184,0,184,G
5-NP,1328,182,0,0,0,182,A
5-NP,1329,184,1,0,0,185,A
5-NP,1330,183,0,0,0,183,A
5-NP,1331,0,185,0,0,185,T
5-NP,1332,0,0,0,189,189,C
5-NP,1333,189,0,1,0,190,A
5-NP,1334,0,190,0,0,190,T
5-NP,1335,190,0,0,0,190,A
5-NP,1336,189,0,0,0,189,A
5-NP,1337,0,0,190,0,190,G
5-NP,1338,190,0,0,0,190,A
5-NP,1339,190,0,0,0,190,A
5-NP,1340,0,185,0,0,185,T
5-NP,1341,0,0,187,0,187,G
5-NP,1342,188,0,0,0,188,A
5-NP,1343,0,187,0,0,187,T
5-NP,1344,0,0,188,0,188,G
5-NP,1345,0,0,188,0,188,G
5-NP,1346,182,0,1,0,183,A
5-NP,1347,181,0,0,0,181,A
5-NP,1348,174,0,0,0,174,A
5-NP,1349,0,0,177,0,177,G
5-NP,1350,0,174,0,0,174,T
5-NP,1351,1,0,176,0,177,G
5-NP,1352,0,0,0,177,177,C
5-NP,1353,175,0,0,0,175,A
5-NP,1354,176,0,0,0,176,A
5-NP,1355,175,0,0,0,175,A
5-NP,1356,178,0,0,0,178,A
5-NP,1357,0,0,0,179,179,C
5-NP,1358,0,1,0,177,178,C
5-NP,1359,176,0,0,0,176,A
5-NP,1360,0,0,176,0,176,G
5-NP,1361,176,0,0,0,176,A
5-NP,1362,175,0,0,0,175,A
5-NP,1363,0,0,176,0,176,G
5-NP,1364,173,0,0,0,173,A
5-NP,1365,167,0,0,0,167,A
5-NP,1366,0,0,168,1,169,G
5-NP,1367,0,167,0,0,167,T
5-NP,1368,0,0,168,0,168,G
5-NP,1369,0,165,0,0,165,T
5-NP,1370,0,0,0,167,167,C
5-NP,1371,167,0,0,0,167,A
5-NP,1372,0,168,0,0,168,T
5-NP,1373,0,166,0,0,166,T
5-NP,1374,0,0,0,169,169,C
5-NP,1375,0,0,0,168,168,C
5-NP,1376,0,0,169,0,169,G
5-NP,1377,0,0,169,0,169,G
5-NP,1378,0,1,166,0,167,G
5-NP,1379,0,0,167,0,167,G
5-NP,1380,0,0,167,0,167,G
5-NP,1381,161,0,1,0,162,A
5-NP,1382,0,0,163,0,163,G
5-NP,1383,0,0,162,0,162,G
5-NP,1384,0,0,163,0,163,G
5-NP,1385,0,0,163,0,163,G
5-NP,1386,160,0,0,0,160,A
5-NP,1387,0,0,159,0,159,G
5-NP,1388,0,158,0,0,158,T
5-NP,1389,0,0,0,156,156,C
5-NP,1390,0,156,0,0,156,T
5-NP,1391,0,157,0,0,157,T
5-NP,1392,1,0,0,156,157,C
5-NP,1393,0,0,156,0,156,G
5-NP,1394,156,0,0,0,156,A
5-NP,1395,0,0,156,0,156,G
5-NP,1396,0,0,0,152,152,C
5-NP,1397,0,152,0,0,152,T
5-NP,1398,0,0,0,152,152,C
5-NP,1399,0,150,0,0,150,T
5-NP,1400,0,0,0,151,151,C
5-NP,1401,152,0,0,0,152,A
5-NP,1402,0,0,152,0,152,G
5-NP,1403,152,0,0,0,152,A
5-NP,1404,0,0,0,152,152,C
5-NP,1405,0,0,151,0,151,G
5-NP,1406,149,0,0,0,149,A
5-NP,1407,0,0,150,0,150,G
5-NP,1408,149,0,0,0,149,A
5-NP,1409,148,0,0,0,148,A
5-NP,1410,0,0,147,0,147,G
5-NP,1411,0,0,143,0,143,G
5-NP,1412,0,0,0,142,142,C
5-NP,1413,142,0,0,0,142,A
5-NP,1414,141,0,0,0,141,A
5-NP,1415,0,0,0,142,142,C
5-NP,1416,0,0,141,0,141,G
5-NP,1417,142,0,0,0,142,A
5-NP,1418,142,0,0,0,142,A
5-NP,1419,0,0,0,140,140,C
5-NP,1420,0,0,0,140,140,C
5-NP,1421,0,0,0,139,139,C
5-NP,1422,0,0,139,0,139,G
5-NP,1423,140,0,0,0,140,A
5-NP,1424,0,140,0,0,140,T
5-NP,1425,0,0,0,136,136,C
5-NP,1426,0,0,138,0,138,G
5-NP,1427,0,136,0,0,136,T
5-NP,1428,0,0,136,0,136,G
5-NP,1429,0,0,0,135,135,C
5-NP,1430,0,0,0,134,134,C
5-NP,1431,0,0,0,134,134,C
5-NP,1432,0,134,0,0,134,T
5-NP,1433,0,0,0,136,136,C
5-NP,1434,0,135,0,1,136,T
5-NP,1435,0,136,0,0,136,T
5-NP,1436,0,136,0,0,136,T
5-NP,1437,0,134,0,1,135,T
5-NP,1438,0,0,135,0,135,G
5-NP,1439,134,0,0,0,134,A
5-NP,1440,0,130,0,0,130,T
5-NP,1441,129,0,0,0,129,A
5-NP,1442,0,112,0,0,112,T
5-NP,1443,0,0,114,0,114,G
5-NP,1444,112,1,0,0,113,A
5-NP,1445,0,0,115,0,115,G
5-NP,1446,0,115,0,0,115,T
5-NP,1447,113,0,0,0,113,A
5-NP,1448,112,0,1,0,113,A
5-NP,1449,0,111,0,0,111,T
5-NP,1450,0,0,112,0,112,G
5-NP,1451,112,0,0,0,112,A
5-NP,1452,103,0,0,0,103,A
5-NP,1453,0,0,102,0,102,G
5-NP,1454,0,0,96,0,96,G
5-NP,1455,95,0,0,0,95,A
5-NP,1456,0,94,0,1,95,T
5-NP,1457,0,0,0,94,94,C
5-NP,1458,0,92,0,0,92,T
5-NP,1459,0,91,0,0,91,T
5-NP,1460,92,0,0,0,92,A
5-NP,1461,0,92,0,0,92,T
5-NP,1462,0,91,0,0,91,T
5-NP,1463,0,91,0,0,91,T
5-NP,1464,0,0,0,88,88,C
5-NP,1465,0,81,0,0,81,T
5-NP,1466,0,81,0,0,81,T
5-NP,1467,0,0,0,81,81,C
5-NP,1468,0,0,81,0,81,G
5-NP,1469,0,0,80,0,80,G
5-NP,1470,81,0,0,0,81,A
5-NP,1471,0,0,81,0,81,G
5-NP,1472,79,0,0,0,79,A
5-NP,1473,0,0,0,79,79,C
5-NP,1474,75,0,0,0,75,A
5-NP,1475,75,0,0,0,75,A
5-NP,1476,0,75,0,0,75,T
5-NP,1477,0,0,75,0,75,G
5-NP,1478,0,0,0,74,74,C
5-NP,1479,72,0,0,0,72,A
5-NP,1480,0,0,72,0,72,G
5-NP,1481,72,0,0,0,72,A
5-NP,1482,67,0,0,0,67,A
5-NP,1483,0,0,66,0,66,G
5-NP,1484,39,0,0,0,39,A
5-NP,1485,0,0,39,0,39,G
5-NP,1486,0,30,0,0,30,T
5-NP,1487,30,0,0,0,30,A
5-NP,1488,0,25,0,0,25,T
5-NP,1489,0,0,25,0,25,G
5-NP,1490,25,0,0,0,25,A
5-NP,1491,0,0,0,25,25,C
5-NP,1492,16,0,0,0,16,A
5-NP,1493,16,0,0,0,16,A
5-NP,1494,0,8,0,0,8,T
5-NP,1495,0,8,0,0,8,T
5-NP,1496,8,0,0,0,8,A
5-NP,1497,8,0,0,0,8,A
6-NA,1,101,0,0,0,101,A
6-NA,2,0,101,0,0,101,T
6-NA,3,0,0,100,0,100,G
6-NA,4,99,0,1,0,100,A
6-NA,5,110,0,0,0,110,A
6-NA,6,0,110,0,0,110,T
6-NA,7,0,0,0,110,110,C
6-NA,8,0,0,0,109,109,C
6-NA,9,110,0,0,0,110,A
6-NA,10,112,0,0,0,112,A
6-NA,11,114,0,0,0,114,A
6-NA,12,0,115,0,0,115,T
6-NA,13,0,0,0,115,115,C
6-NA,14,115,0,0,0,115,A
6-NA,15,115,0,0,0,115,A
6-NA,16,115,0,0,0,115,A
6-NA,17,124,0,1,0,125,A
6-NA,18,0,0,141,0,141,G
6-NA,19,143,0,1,0,144,A
6-NA,20,0,148,0,1,149,T
6-NA,21,152,0,0,0,152,A
6-NA,22,151,1,0,0,152,A
6-NA,23,0,154,0,0,154,T
6-NA,24,153,0,0,0,153,A
6-NA,25,154,0,0,0,154,A
6-NA,26,0,0,0,156,156,C
6-NA,27,0,0,163,0,163,G
6-NA,28,162,0,0,0,162,A
6-NA,29,0,161,0,0,161,T
6-NA,30,0,162,0,0,162,T
6-NA,31,0,0,160,0,160,G
6-NA,32,0,0,168,0,168,G
6-NA,33,0,0,0,171,171,C
6-NA,34,0,170,0,0,170,T
6-NA,35,0,0,0,175,175,C
6-NA,36,0,175,0,0,175,T
6-NA,37,0,0,179,0,179,G
6-NA,38,0,180,0,0,180,T
6-NA,39,0,185,0,0,185,T
6-NA,40,0,189,0,1,190,T
6-NA,41,0,0,0,192,192,C
6-NA,42,0,191,0,1,192,T
6-NA,43,0,0,0,194,194,C
6-NA,44,0,192,0,1,193,T
6-NA,45,0,0,0,200,200,C
6-NA,46,198,0,0,0,198,A
6-NA,47,0,0,0,206,206,C
6-NA,48,0,0,0,207,207,C
6-NA,49,206,0,0,0,206,A
6-NA,50,0,213,0,0,213,T
6-NA,51,0,220,0,0,220,T
6-NA,52,0,221,0,0,221,T
6-NA,53,0,0,0,224,224,C
6-NA,54,0,0,0,226,226,C
6-NA,55,231,0,0,0,231,A
6-NA,56,0,0,0,244,244,C
6-NA,57,243,0,0,0,243,A
6-NA,58,251,0,0,0,251,A
6-NA,59,0,252,0,0,252,T
6-NA,60,261,0,0,0,261,A
6-NA,61,0,261,0,0,261,T
6-NA,62,0,0,261,0,261,G
6-NA,63,0,0,0,262,262,C
6-NA,64,0,262,0,0,262,T
6-NA,65,0,270,0,0,270,T
6-NA,66,0,0,0,269,269,C
6-NA,67,0,269,0,0,269,T
6-NA,68,0,269,0,0,269,T
6-NA,69,0,0,1,264,265,C
6-NA,70,263,0,0,0,263,A
6-NA,71,0,265,0,0,265,T
6-NA,72,0,0,264,0,264,G
6-NA,73,0,0,0,266,266,C
6-NA,74,266,0,0,0,266,A
6-NA,75,266,0,0,0,266,A
6-NA,76,267,0,0,0,267,A
6-NA,77,0,272,0,0,272,T
6-NA,78,0,273,0,0,273,T
6-NA,79,0,0,270,1,271,G
6-NA,80,0,0,0,272,272,C
6-NA,81,0,0,0,274,274,C
6-NA,82,279,0,0,0,279,A
6-NA,83,0,280,0,0,280,T
6-NA,84,0,0,0,299,299,C
6-NA,85,0,298,0,1,299,T
6-NA,86,0,297,0,0,297,T
6-NA,87,0,0,299,0,299,G
6-NA,88,298,0,0,0,298,A
6-NA,89,0,243,0,57,300,T
6-NA,90,303,0,0,0,303,A
6-NA,91,304,0,0,0,304,A
6-NA,92,0,0,0,334,334,C
6-NA,93,0,333,0,0,333,T
6-NA,94,349,0,0,0,349,A
6-NA,95,0,0,0,363,363,C
6-NA,96,0,361,0,0,361,T
6-NA,97,0,0,373,0,373,G
6-NA,98,0,372,0,0,372,T
6-NA,99,370,0,1,0,371,A
6-NA,100,371,0,0,0,371,A
6-NA,101,0,0,0,370,370,C
6-NA,102,368,0,0,0,368,A
6-NA,103,0,371,0,0,371,T
6-NA,104,0,367,0,0,367,T
6-NA,105,0,0,368,0,368,G
6-NA,106,0,0,0,369,369,C
6-NA,107,371,0,0,0,371,A
6-NA,108,0,376,0,0,376,T
6-NA,109,0,374,0,0,374,T
6-NA,110,0,374,0,0,374,T
6-NA,111,2,0,0,370,372,C
6-NA,112,373,0,0,0,373,A
6-NA,113,375,0,1,0,376,A
6-NA,114,0,0,377,0,377,G
6-NA,115,0,0,0,379,379,C
6-NA,116,379,0,0,0,379,A
6-NA,117,392,0,0,0,392,A
6-NA,118,0,398,0,0,398,T
6-NA,119,397,0,2,0,399,A
6-NA,120,1,394,0,0,395,T
6-NA,121,0,0,404,0,404,G
6-NA,122,402,0,1,0,403,A
6-NA,123,407,0,0,0,407,A
6-NA,124,0,412,0,0,412,T
6-NA,125,0,410,0,1,411,T
6-NA,126,0,0,0,412,412,C
6-NA,127,414,0,0,0,414,A
6-NA,128,416,0,0,0,416,A
6-NA,129,1,0,0,415,416,C
6-NA,130,0,415,0,0,415,T
6-NA,131,0,0,0,418,418,C
6-NA,132,0,0,0,417,417,C
6-NA,133,0,2,0,423,425,C
6-NA,134,1,0,0,424,425,C
6-NA,135,1,0,0,423,424,C
6-NA,136,0,0,0,429,429,C
6-NA,137,0,0,0,428,428,C
6-NA,138,433,0,0,0,433,A
6-NA,139,433,1,1,0,435,A
6-NA,140,433,0,1,0,434,A
6-NA,141,0,1,0,443,444,C
6-NA,142,439,0,1,0,440,A
6-NA,143,446,0,0,0,446,A
6-NA,144,0,0,0,446,446,C
6-NA,145,0,0,0,448,448,C
6-NA,146,453,0,0,0,453,A
6-NA,147,459,0,0,0,459,A
6-NA,148,0,0,461,0,461,G
6-NA,149,0,453,0,6,459,T
6-NA,150,1,0,458,0,459,G
6-NA,151,472,0,1,0,473,A
6-NA,152,1,472,0,0,473,T
6-NA,153,0,0,472,0,472,G
6-NA,154,0,0,0,478,478,C
6-NA,155,0,478,0,0,478,T
6-NA,156,0,0,505,0,505,G
6-NA,157,0,506,0,0,506,T
6-NA,158,0,0,507,0,507,G
6-NA,159,0,506,0,1,507,T
6-NA,160,0,0,505,0,505,G
6-NA,161,506,1,0,0,507,A
6-NA,162,509,0,0,0,509,A
6-NA,163,0,0,0,507,507,C
6-NA,164,1,1,0,507,509,C
6-NA,165,497,1,1,0,499,A
6-NA,166,503,0,1,0,504,A
6-NA,167,0,1,0,525,526,C
6-NA,168,525,1,1,0,527,A
6-NA,169,536,0,0,0,536,A
6-NA,170,0,537,0,0,537,T
6-NA,171,538,0,0,0,538,A
6-NA,172,538,0,0,0,538,A
6-NA,173,0,532,0,2,534,T
6-NA,174,536,1,0,0,537,A
6-NA,175,0,0,546,0,546,G
6-NA,176,534,0,0,0,534,A
6-NA,177,534,0,0,1,535,A
6-NA,178,535,0,0,0,535,A
6-NA,179,0,0,537,0,537,G
6-NA,180,548,0,0,0,548,A
6-NA,181,546,0,2,0,548,A
6-NA,182,567,0,0,0,567,A
6-NA,183,0,0,0,570,570,C
6-NA,184,564,0,0,0,564,A
6-NA,185,0,575,0,0,575,T
6-NA,186,575,0,0,0,575,A
6-NA,187,581,0,0,0,581,A
6-NA,188,0,0,0,591,591,C
6-NA,189,590,0,2,0,592,A
6-NA,190,0,0,609,0,609,G
6-NA,191,606,0,0,0,606,A
6-NA,192,0,0,609,0,609,G
6-NA,193,609,0,0,0,609,A
6-NA,194,0,629,0,0,629,T
6-NA,195,622,0,1,0,623,A
6-NA,196,1,0,636,0,637,G
6-NA,197,0,638,0,0,638,T
6-NA,198,4,0,643,0,647,G
6-NA,199,1,636,0,2,639,T
6-NA,200,640,0,0,0,640,A
6-NA,201,0,639,0,0,639,T
6-NA,202,1,0,0,637,638,C
6-NA,203,0,632,0,0,632,T
6-NA,204,0,0,651,0,651,G
6-NA,205,650,0,0,0,650,A
6-NA,206,0,0,0,648,648,C
6-NA,207,0,0,0,652,652,C
6-NA,208,652,0,0,0,652,A
6-NA,209,655,0,0,0,655,A
6-NA,210,0,0,0,672,672,C
6-NA,211,671,1,0,0,672,A
6-NA,212,0,0,0,681,681,C
6-NA,213,0,0,1,674,675,C
6-NA,214,693,0,0,0,693,A
6-NA,215,0,0,0,712,712,C
6-NA,216,0,0,0,714,714,C
6-NA,217,718,0,1,0,719,A
6-NA,218,0,723,0,0,723,T
6-NA,219,714,0,0,0,714,A
6-NA,220,0,0,716,0,716,G
6-NA,221,707,0,0,0,707,A
6-NA,222,0,0,716,0,716,G
6-NA,223,705,0,0,0,705,A
6-NA,224,690,1,1,0,692,A
6-NA,225,0,0,694,0,694,G
6-NA,226,0,1,698,0,699,G
6-NA,227,703,0,0,0,703,A
6-NA,228,698,0,0,0,698,A
6-NA,229,702,0,0,0,702,A
6-NA,230,0,702,0,0,702,T
6-NA,231,700,0,1,0,701,A
6-NA,232,0,695,0,0,695,T
6-NA,233,4,1,691,0,696,G
6-NA,234,0,1,0,698,699,C
6-NA,235,1,0,0,693,694,C
6-NA,236,0,0,0,704,704,C
6-NA,237,0,0,0,703,703,C
6-NA,238,704,0,0,0,704,A
6-NA,239,723,0,0,0,723,A
6-NA,240,723,0,0,0,723,A
6-NA,241,0,0,0,723,723,C
6-NA,242,0,728,0,0,728,T
6-NA,243,724,1,0,0,725,A
6-NA,244,0,1,727,0,728,G
6-NA,245,0,0,0,725,725,C
6-NA,246,729,0,0,0,729,A
6-NA,247,0,0,740,0,740,G
6-NA,248,731,0,1,0,732,A
6-NA,249,750,0,0,0,750,A
6-NA,250,0,752,0,0,752,T
6-NA,251,753,0,0,0,753,A
6-NA,252,0,0,0,750,750,C
6-NA,253,749,0,0,0,749,A
6-NA,254,0,0,750,0,750,G
6-NA,255,746,1,0,0,747,A
6-NA,256,740,0,1,0,741,A
6-NA,257,739,0,0,0,739,A
6-NA,258,0,724,0,0,724,T
6-NA,259,0,724,0,0,724,T
6-NA,260,0,1,720,0,721,G
6-NA,261,0,0,716,0,716,G
6-NA,262,0,723,0,1,724,T
6-NA,263,1,0,0,718,719,C
6-NA,264,725,0,0,0,725,A
6-NA,265,726,0,0,0,726,A
6-NA,266,726,0,0,0,726,A
6-NA,267,0,0,727,1,728,G
6-NA,268,1,0,0,729,730,C
6-NA,269,0,1,0,728,729,C
6-NA,270,0,0,730,0,730,G
6-NA,271,1,0,0,737,738,C
6-NA,272,734,0,0,0,734,A
6-NA,273,746,0,0,0,746,A
6-NA,274,0,748,0,0,748,T
6-NA,275,0,0,751,0,751,G
6-NA,276,0,750,0,3,753,T
6-NA,277,0,2,750,0,752,G
6-NA,278,761,0,0,0,761,A
6-NA,279,0,0,0,769,769,C
6-NA,280,788,0,0,0,788,A
6-NA,281,0,793,0,0,793,T
6-NA,282,0,780,0,6,786,T
6-NA,283,787,0,0,0,787,A
6-NA,284,1,0,0,783,784,C
6-NA,285,780,0,0,1,781,A
6-NA,286,0,0,780,0,780,G
6-NA,287,0,1,765,0,766,G
6-NA,288,0,0,742,0,742,G
6-NA,289,0,770,0,0,770,T
6-NA,290,0,771,0,0,771,T
6-NA,291,0,769,0,0,769,T
6-NA,292,0,0,768,0,768,G
6-NA,293,1,0,0,762,763,C
6-NA,294,770,0,0,0,770,A
6-NA,295,0,1,0,770,771,C
6-NA,296,0,0,0,763,763,C
6-NA,297,0,753,1,1,755,T
6-NA,298,0,760,0,0,760,T
6-NA,299,0,762,0,0,762,T
6-NA,300,0,762,1,0,763,T
6-NA,301,0,772,0,0,772,T
6-NA,302,0,0,0,774,774,C
6-NA,303,0,770,0,0,770,T
6-NA,304,767,0,0,0,767,A
6-NA,305,763,1,0,0,764,A
6-NA,306,1,1,769,0,771,G
6-NA,307,1,0,766,0,767,G
6-NA,308,770,0,0,0,770,A
6-NA,309,0,0,0,771,771,C
6-NA,310,765,0,0,0,765,A
6-NA,311,768,0,0,0,768,A
6-NA,312,0,762,0,0,762,T
6-NA,313,0,759,0,0,759,T
6-NA,314,0,2,0,775,777,C
6-NA,315,2,0,773,0,775,G
6-NA,316,772,0,0,1,773,A
6-NA,317,0,770,0,0,770,T
6-NA,318,0,769,0,0,769,T
6-NA,319,767,0,1,0,768,A
6-NA,320,0,1,767,0,768,G
6-NA,321,0,2,770,0,772,G
6-NA,322,0,0,0,776,776,C
6-NA,323,0,764,0,0,764,T
6-NA,324,0,765,0,0,765,T
6-NA,325,0,766,0,1,767,T
6-NA,326,0,1,0,769,770,C
6-NA,327,0,0,0,772,772,C
6-NA,328,0,0,777,0,777,G
6-NA,329,1,0,0,774,775,C
6-NA,330,0,770,0,0,770,T
6-NA,331,3,0,781,0,784,G
6-NA,332,0,0,783,0,783,G
6-NA,333,1,780,0,2,783,T
6-NA,334,0,2,779,0,781,G
6-NA,335,0,1,777,0,778,G
6-NA,336,1,1,779,0,781,G
6-NA,337,0,0,782,0,782,G
6-NA,338,781,0,1,0,782,A
6-NA,339,0,1,0,786,787,C
6-NA,340,779,0,0,0,779,A
6-NA,341,0,777,0,0,777,T
6-NA,342,0,0,0,781,781,C
6-NA,343,0,775,0,1,776,T
6-NA,344,0,1,779,0,780,G
6-NA,345,0,0,781,0,781,G
6-NA,346,0,0,787,0,787,G
6-NA,347,0,784,0,2,786,T
6-NA,348,0,1,774,0,775,G
6-NA,349,768,0,1,0,769,A
6-NA,350,0,0,1,774,775,C
6-NA,351,773,0,0,0,773,A
6-NA,352,792,0,0,0,792,A
6-NA,353,0,0,797,0,797,G
6-NA,354,790,0,0,0,790,A
6-NA,355,1,0,807,0,808,G
6-NA,356,818,0,0,0,818,A
6-NA,357,850,0,0,0,850,A
6-NA,358,0,0,0,960,960,C
6-NA,359,0,1,0,1002,1003,C
6-NA,360,0,1001,0,0,1001,T
6-NA,361,0,1010,0,1,1011,T
6-NA,362,1007,0,0,0,1007,A
6-NA,363,0,1007,0,0,1007,T
6-NA,364,0,0,1047,0,1047,G
6-NA,365,0,1046,0,0,1046,T
6-NA,366,0,1,1052,0,1053,G
6-NA,367,0,1038,0,0,1038,T
6-NA,368,0,0,0,1025,1025,C
6-NA,369,1038,0,1,2,1041,A
6-NA,370,0,1042,0,0,1042,T
6-NA,371,0,1,1034,0,1035,G
6-NA,372,0,0,0,1040,1040,C
6-NA,373,0,0,1037,0,1037,G
6-NA,374,1131,0,0,0,1131,A
6-NA,375,0,1127,0,0,1127,T
6-NA,376,1,0,0,1142,1143,C
6-NA,377,0,1,0,1141,1142,C
6-NA,378,2,1158,0,2,1162,T
6-NA,379,0,1,1170,0,1171,G
6-NA,380,1171,0,2,0,1173,A
6-NA,381,0,0,0,1178,1178,C
6-NA,382,1172,1,0,1,1174,A
6-NA,383,1134,0,1,0,1135,A
6-NA,384,0,0,1181,0,1181,G
6-NA,385,1,1177,0,0,1178,T
6-NA,386,0,0,1195,0,1195,G
6-NA,387,0,1184,0,1,1185,T
6-NA,388,0,1185,0,0,1185,T
6-NA,389,1181,0,1,0,1182,A
6-NA,390,0,1183,0,0,1183,T
6-NA,391,0,0,0,1197,1197,C
6-NA,392,1195,0,2,0,1197,A
6-NA,393,1191,0,0,0,1191,A
6-NA,394,0,1190,0,0,1190,T
6-NA,395,2,1181,0,0,1183,T
6-NA,396,0,1185,0,0,1185,T
6-NA,397,2,0,1186,0,1188,G
6-NA,398,1,1,0,1227,1229,C
6-NA,399,2,0,0,1228,1230,C
6-NA,400,1,0,0,1241,1242,C
6-NA,401,0,1233,0,2,1235,T
6-NA,402,1,1237,0,0,1238,T
6-NA,403,0,2,1250,0,1252,G
6-NA,404,0,2,1254,0,1256,G
6-NA,405,1260,1,0,0,1261,A
6-NA,406,1,0,0,1263,1264,C
6-NA,407,1232,0,1,0,1233,A
6-NA,408,1,2,1257,0,1260,G
6-NA,409,1,0,1247,0,1248,G
6-NA,410,2,0,1303,0,1305,G
6-NA,411,1308,0,0,0,1308,A
6-NA,412,1294,0,1,0,1295,A
6-NA,413,0,0,0,1295,1295,C
6-NA,414,1297,0,0,0,1297,A
6-NA,415,1408,0,1,0,1409,A
6-NA,416,0,0,0,1414,1414,C
6-NA,417,1402,2,1,0,1405,A
6-NA,418,2,0,0,1416,1418,C
6-NA,419,0,1385,1,0,1386,T
6-NA,420,1402,0,0,1,1403,A
6-NA,421,1399,0,1,0,1400,A
6-NA,422,1407,0,2,0,1409,A
6-NA,423,0,0,0,1414,1414,C
6-NA,424,1342,0,0,0,1342,A
6-NA,425,1367,0,0,0,1367,A
6-NA,426,0,1,0,1368,1369,C
6-NA,427,0,0,1367,0,1367,G
6-NA,428,0,1366,0,0,1366,T
6-NA,429,1347,0,1,0,1348,A
6-NA,430,0,0,0,1372,1372,C
6-NA,431,1373,0,0,0,1373,A
6-NA,432,0,1380,0,0,1380,T
6-NA,433,0,1384,0,0,1384,T
6-NA,434,0,0,0,1458,1458,C
6-NA,435,1499,0,1,0,1500,A
6-NA,436,1508,1,0,0,1509,A
6-NA,437,1508,1,0,0,1509,A
6-NA,438,0,1513,0,1,1514,T
6-NA,439,1501,0,0,0,1501,A
6-NA,440,1552,0,0,0,1552,A
6-NA,441,0,0,0,1561,1561,C
6-NA,442,1561,0,2,0,1563,A
6-NA,443,0,0,0,1585,1585,C
6-NA,444,1546,0,0,4,1550,A
6-NA,445,10,0,1823,1,1834,G
6-NA,446,0,1840,0,0,1840,T
6-NA,447,1889,0,0,0,1889,A
6-NA,448,1,4,0,1890,1895,C
6-NA,449,1,0,1875,0,1876,G
6-NA,450,0,1955,0,1,1956,T
6-NA,451,1,1,1955,0,1957,G
6-NA,452,1965,0,1,0,1966,A
6-NA,453,0,1971,0,0,1971,T
6-NA,454,1863,0,1,1,1865,A
6-NA,455,0,1,1861,0,1862,G
6-NA,456,1,2,1857,1,1861,G
6-NA,457,1864,0,5,0,1869,A
6-NA,458,1,0,0,1896,1897,C
6-NA,459,3,1,1,1874,1879,C
6-NA,460,1,0,0,1889,1890,C
6-NA,461,1,0,0,1897,1898,C
6-NA,462,1,1903,0,5,1909,T
6-NA,463,0,1945,0,0,1945,T
6-NA,464,1958,0,1,0,1959,A
6-NA,465,0,1960,0,0,1960,T
6-NA,466,1,1,0,1958,1960,C
6-NA,467,1,1,1935,0,1937,G
6-NA,468,0,2,1928,0,1930,G
6-NA,469,1936,1,1,0,1938,A
6-NA,470,0,1,0,1952,1953,C
6-NA,471,1,2,0,1950,1953,C
6-NA,472,2,1,0,2047,2050,C
6-NA,473,2,2047,0,0,2049,T
6-NA,474,2085,1,1,0,2087,A
6-NA,475,0,2088,0,0,2088,T
6-NA,476,1,2087,0,0,2088,T
6-NA,477,0,1,2093,0,2094,G
6-NA,478,2087,0,1,1,2089,A
6-NA,479,0,2088,0,0,2088,T
6-NA,480,0,1,2085,0,2086,G
6-NA,481,2042,0,0,0,2042,A
6-NA,482,2040,1,1,0,2042,A
6-NA,483,0,2043,0,0,2043,T
6-NA,484,0,2,2069,0,2071,G
6-NA,485,2095,0,1,0,2096,A
6-NA,486,0,1,2127,0,2128,G
6-NA,487,0,2126,0,0,2126,T
6-NA,488,0,2134,0,0,2134,T
6-NA,489,2134,1,2,0,2137,A
6-NA,490,0,3,2148,0,2151,G
6-NA,491,1,0,2142,0,2143,G
6-NA,492,0,2153,0,3,2156,T
6-NA,493,1,1,2131,0,2133,G
6-NA,494,0,2132,0,1,2133,T
6-NA,495,1,2131,0,1,2133,T
6-NA,496,6,1,0,2140,2147,C
6-NA,497,3,1,0,2150,2154,C
6-NA,498,0,2146,0,2,2148,T
6-NA,499,0,2149,0,0,2149,T
6-NA,500,1,2143,0,2,2146,T
6-NA,501,1,2141,0,0,2142,T
6-NA,502,1,0,0,2155,2156,C
6-NA,503,2153,0,3,0,2156,A
6-NA,504,0,2195,0,1,2196,T
6-NA,505,0,0,0,2191,2191,C
6-NA,506,0,2185,0,0,2185,T
6-NA,507,2,1,2180,0,2183,G
6-NA,508,1,6,2162,1,2170,G
6-NA,509,1,1,2165,0,2167,G
6-NA,510,1,1,2188,0,2190,G
6-NA,511,2207,0,0,0,2207,A
6-NA,512,1,1,0,2215,2217,C
6-NA,513,1,0,0,2201,2202,C
6-NA,514,2227,0,0,0,2227,A
6-NA,515,2227,0,2,0,2229,A
6-NA,516,1,0,2226,1,2228,G
6-NA,517,0,1,0,2236,2237,C
6-NA,518,2228,1,0,0,2229,A
6-NA,519,2259,0,0,0,2259,A
6-NA,520,0,0,2266,0,2266,G
6-NA,521,0,2252,0,2,2254,T
6-NA,522,3,2,2307,1,2313,G
6-NA,523,1,2294,0,2,2297,T
6-NA,524,0,0,2355,0,2355,G
6-NA,525,1,0,0,2358,2359,C
6-NA,526,2356,0,0,0,2356,A
6-NA,527,0,2376,0,4,2380,T
6-NA,528,2347,0,0,0,2347,A
6-NA,529,0,1,2411,0,2412,G
6-NA,530,1,1,0,2420,2422,C
6-NA,531,2372,0,1,0,2373,A
6-NA,532,0,2379,0,0,2379,T
6-NA,533,1,2,2295,0,2298,G
6-NA,534,2,0,2459,0,2461,G
6-NA,535,1,2474,0,2,2477,T
6-NA,536,5,2,0,2449,2456,C
6-NA,537,1,1,0,2490,2492,C
6-NA,538,2463,0,1,0,2464,A
6-NA,539,2,0,2555,0,2557,G
6-NA,540,0,1,0,2570,2571,C
6-NA,541,0,2569,0,0,2569,T
6-NA,542,1,1,0,2577,2579,C
6-NA,543,2546,0,0,1,2547,A
6-NA,544,2583,0,1,0,2584,A
6-NA,545,0,0,2597,0,2597,G
6-NA,546,0,2601,0,1,2602,T
6-NA,547,0,2592,0,0,2592,T
6-NA,548,1,0,2593,0,2594,G
6-NA,549,0,2590,0,2,2592,T
6-NA,550,2,1,0,2585,2588,C
6-NA,551,2600,0,0,0,2600,A
6-NA,552,1,1,0,2606,2608,C
6-NA,553,0,1,2600,0,2601,G
6-NA,554,2635,1,0,0,2636,A
6-NA,555,1,2651,0,2,2654,T
6-NA,556,0,3,2696,0,2699,G
6-NA,557,0,1,2719,0,2720,G
6-NA,558,2716,1,3,1,2721,A
6-NA,559,2725,0,1,0,2726,A
6-NA,560,2761,0,0,1,2762,A
6-NA,561,2762,1,6,0,2769,A
6-NA,562,0,0,2794,0,2794,G
6-NA,563,1,0,0,2790,2791,C
6-NA,564,2788,1,3,0,2792,A
6-NA,565,0,2791,0,0,2791,T
6-NA,566,3,2,2802,0,2807,G
6-NA,567,0,0,2833,0,2833,G
6-NA,568,0,0,0,2860,2860,C
6-NA,569,1,2849,0,1,2851,T
6-NA,570,1,1,2877,1,2880,G
6-NA,571,1,1,0,2856,2858,C
6-NA,572,2883,0,2,0,2885,A
6-NA,573,0,2984,1,0,2985,T
6-NA,574,0,0,2999,0,2999,G
6-NA,575,2,3030,0,0,3032,T
6-NA,576,1,3109,0,1,3111,T
6-NA,577,0,3100,1,3,3104,T
6-NA,578,3,1,3290,0,3294,G
6-NA,579,1,3288,0,4,3293,T
6-NA,580,3303,1,2,0,3306,A
6-NA,581,0,3316,0,2,3318,T
6-NA,582,3292,0,0,0,3292,A
6-NA,583,3310,0,2,0,3312,A
6-NA,584,0,2,0,3283,3285,C
6-NA,585,2,3,3261,0,3266,G
6-NA,586,1,3,3270,0,3274,G
6-NA,587,0,0,3223,1,3224,G
6-NA,588,1,4,3241,0,3246,G
6-NA,589,0,1,3257,0,3258,G
6-NA,590,3253,0,2,1,3256,A
6-NA,591,0,3266,0,2,3268,T
6-NA,592,1,4,3262,0,3267,G
6-NA,593,3284,0,6,0,3290,A
6-NA,594,0,3301,0,2,3303,T
6-NA,595,3293,0,0,0,3293,A
6-NA,596,3366,0,1,0,3367,A
6-NA,597,3359,0,1,2,3362,A
6-NA,598,3363,1,2,1,3367,A
6-NA,599,3375,1,0,0,3376,A
6-NA,600,0,3376,0,3,3379,T
6-NA,601,0,1,3376,0,3377,G
6-NA,602,0,2,0,3373,3375,C
6-NA,603,3368,1,2,0,3371,A
6-NA,604,3382,1,1,0,3384,A
6-NA,605,2,1,0,3421,3424,C
6-NA,606,2,3421,0,1,3424,T
6-NA,607,0,1,3431,0,3432,G
6-NA,608,0,1,1,3430,3432,C
6-NA,609,1,3433,0,0,3434,T
6-NA,610,3440,1,2,1,3444,A
6-NA,611,0,0,3448,0,3448,G
6-NA,612,0,3,0,3479,3482,C
6-NA,613,0,3480,0,3,3483,T
6-NA,614,2,3483,0,1,3486,T
6-NA,615,12,0,0,3480,3492,C
6-NA,616,3515,2,1,0,3518,A
6-NA,617,1,3508,0,2,3511,T
6-NA,618,1,3523,0,0,3524,T
6-NA,619,0,3530,0,0,3530,T
6-NA,620,3546,0,1,0,3547,A
6-NA,621,0,1,0,3569,3570,C
6-NA,622,3562,0,2,0,3564,A
6-NA,623,3624,1,0,0,3625,A
6-NA,624,0,3620,1,0,3621,T
6-NA,625,0,0,3604,0,3604,G
6-NA,626,0,0,3605,0,3605,G
6-NA,627,3586,1,4,0,3591,A
6-NA,628,3594,0,2,0,3596,A
6-NA,629,1,1,3701,0,3703,G
6-NA,630,0,1,3759,1,3761,G
6-NA,631,1,0,0,3950,3951,C
6-NA,632,1,3943,0,4,3948,T
6-NA,633,0,3994,0,4,3998,T
6-NA,634,0,1,4040,0,4041,G
6-NA,635,1,4033,0,0,4034,T
6-NA,636,4119,1,0,0,4120,A
6-NA,637,0,2,4135,0,4137,G
6-NA,638,4073,0,1,0,4074,A
6-NA,639,0,4072,0,1,4073,T
6-NA,640,3893,1,0,0,3894,A
6-NA,641,1,0,3894,0,3895,G
6-NA,642,0,3868,0,5,3873,T
6-NA,643,1,0,3808,1,3810,G
6-NA,644,0,3992,0,3,3995,T
6-NA,645,0,3995,0,1,3996,T
6-NA,646,2,1,4044,0,4047,G
6-NA,647,0,4036,0,5,4041,T
6-NA,648,1,4044,0,4,4049,T
6-NA,649,1,4051,0,5,4057,T
6-NA,650,2,0,0,4012,4014,C
6-NA,651,4005,1,4,0,4010,A
6-NA,652,1,3996,0,1,3998,T
6-NA,653,0,4,3998,0,4002,G
6-NA,654,0,3,4208,0,4211,G
6-NA,655,2,4202,0,1,4205,T
6-NA,656,3,1,0,4183,4187,C
6-NA,657,2,3,0,4204,4209,C
6-NA,658,4221,1,0,0,4222,A
6-NA,659,4247,0,0,0,4247,A
6-NA,660,4244,1,3,2,4250,A
6-NA,661,3,2,4264,0,4269,G
6-NA,662,4255,0,0,1,4256,A
6-NA,663,4144,1,1,0,4146,A
6-NA,664,4144,0,4,0,4148,A
6-NA,665,0,4141,0,0,4141,T
6-NA,666,4,2,0,4240,4246,C
6-NA,667,2,1,0,4242,4245,C
6-NA,668,0,4236,0,4,4240,T
6-NA,669,3,2,0,4241,4246,C
6-NA,670,4242,1,3,1,4247,A
6-NA,671,0,0,4273,0,4273,G
6-NA,672,1,2,4265,0,4268,G
6-NA,673,4355,1,6,0,4362,A
6-NA,674,0,3,0,4343,4346,C
6-NA,675,3,3,3,4271,4280,C
6-NA,676,2,0,0,4290,4292,C
6-NA,677,4299,1,3,1,4304,A
6-NA,678,2,0,4318,0,4320,G
6-NA,679,2,4,4325,1,4332,G
6-NA,680,4294,1,8,1,4304,A
6-NA,681,4,0,4341,0,4345,G
6-NA,682,1,4277,1,8,4287,T
6-NA,683,4,1,0,4308,4313,C
6-NA,684,4304,1,4,0,4309,A
6-NA,685,1,4,4326,0,4331,G
6-NA,686,4326,0,1,0,4327,A
6-NA,687,4323,1,4,0,4328,A
6-NA,688,0,4306,0,2,4308,T
6-NA,689,0,0,4319,1,4320,G
6-NA,690,1,2,0,4309,4312,C
6-NA,691,2,1,4336,0,4339,G
6-NA,692,0,4312,0,0,4312,T
6-NA,693,1,4316,0,4,4321,T
6-NA,694,0,4307,0,3,4310,T
6-NA,695,8,0,4345,0,4353,G
6-NA,696,2,4370,0,0,4372,T
6-NA,697,4364,1,3,0,4368,A
6-NA,698,2,4358,0,1,4361,T
6-NA,699,3,0,0,4366,4369,C
6-NA,700,4350,1,2,0,4353,A
6-NA,701,4356,0,0,0,4356,A
6-NA,702,1,4356,0,0,4357,T
6-NA,703,2,6,4337,0,4345,G
6-NA,704,3,3,4348,0,4354,G
6-NA,705,4420,0,5,0,4425,A
6-NA,706,4415,1,10,0,4426,A
6-NA,707,0,0,0,4456,4456,C
6-NA,708,1,4468,2,3,4474,T
6-NA,709,0,4472,1,0,4473,T
6-NA,710,0,0,4635,1,4636,G
6-NA,711,0,4637,0,2,4639,T
6-NA,712,4632,1,2,0,4635,A
6-NA,713,1,2,0,4694,4697,C
6-NA,714,4602,0,2,1,4605,A
6-NA,715,0,2,4927,0,4929,G
6-NA,716,2,4891,0,1,4894,T
6-NA,717,5091,0,1,0,5092,A
6-NA,718,3,2,5116,0,5121,G
6-NA,719,1,5043,0,1,5045,T
6-NA,720,5038,1,1,1,5041,A
6-NA,721,5035,1,0,1,5037,A
6-NA,722,1,5033,0,3,5037,T
6-NA,723,0,11,5054,0,5065,G
6-NA,724,4962,0,2,0,4964,A
6-NA,725,1,0,1,4998,5000,C
6-NA,726,1,4879,0,2,4882,T
6-NA,727,3,2,4901,1,4907,G
6-NA,728,4890,1,6,1,4898,A
6-NA,729,0,4903,1,1,4905,T
6-NA,730,4,2,4907,0,4913,G
6-NA,731,3,3,4865,0,4871,G
6-NA,732,1,2,4877,0,4880,G
6-NA,733,4815,0,4,1,4820,A
6-NA,734,1,2,4819,0,4822,G
6-NA,735,0,4805,0,4,4809,T
6-NA,736,0,0,4845,0,4845,G
6-NA,737,0,3,0,4881,4884,C
6-NA,738,1,4875,2,4,4882,T
6-NA,739,0,4881,1,1,4883,T
6-NA,740,1,0,0,4889,4890,C
6-NA,741,4883,2,6,0,4891,A
6-NA,742,0,0,4917,0,4917,G
6-NA,743,1,2,4915,0,4918,G
6-NA,744,4906,2,2,1,4911,A
6-NA,745,4874,0,1,0,4875,A
6-NA,746,4828,0,2,0,4830,A
6-NA,747,4857,0,2,2,4861,A
6-NA,748,0,0,4883,0,4883,G
6-NA,749,2,2,0,4870,4874,C
6-NA,750,0,4860,1,1,4862,T
6-NA,751,1,1,4867,0,4869,G
6-NA,752,4864,1,6,2,4873,A
6-NA,753,2,4923,0,2,4927,T
6-NA,754,4943,0,3,0,4946,A
6-NA,755,0,0,2,5188,5190,C
6-NA,756,1,5166,0,1,5168,T
6-NA,757,5187,0,0,0,5187,A
6-NA,758,5182,2,1,0,5185,A
6-NA,759,5185,0,0,1,5186,A
6-NA,760,5320,0,1,0,5321,A
6-NA,761,0,5317,1,1,5319,T
6-NA,762,5330,1,0,0,5331,A
6-NA,763,0,1,0,5349,5350,C
6-NA,764,1,5183,1,2,5187,T
6-NA,765,5250,1,2,0,5253,A
6-NA,766,0,5212,0,2,5214,T
6-NA,767,2,5487,0,3,5492,T
6-NA,768,5,0,0,5527,5532,C
6-NA,769,5426,0,2,0,5428,A
6-NA,770,1,5421,2,3,5427,T
6-NA,771,1,5406,0,1,5408,T
6-NA,772,1,5,5434,0,5440,G
6-NA,773,5397,1,8,5,5411,A
6-NA,774,1,3,5388,0,5392,G
6-NA,775,0,3,5384,0,5387,G
6-NA,776,5224,0,8,0,5232,A
6-NA,777,4,2,5302,0,5308,G
6-NA,778,2,3,5309,1,5315,G
6-NA,779,2,3,5306,0,5311,G
6-NA,780,0,3,5319,0,5322,G
6-NA,781,5304,1,3,0,5308,A
6-NA,782,5311,0,1,1,5313,A
6-NA,783,5286,0,2,0,5288,A
6-NA,784,5282,0,2,0,5284,A
6-NA,785,2,5303,0,0,5305,T
6-NA,786,6,2,0,5269,5277,C
6-NA,787,2,2,5325,1,5330,G
6-NA,788,0,5321,2,2,5325,T
6-NA,789,2,5312,2,7,5323,T
6-NA,790,8,4,0,5323,5335,C
6-NA,791,5339,2,1,0,5342,A
6-NA,792,11,5669,0,3,5683,T
6-NA,793,5671,0,5,1,5677,A
6-NA,794,3,0,0,5695,5698,C
6-NA,795,1,5671,0,19,5691,T
6-NA,796,5680,3,2,0,5685,A
6-NA,797,1,0,5678,1,5680,G
6-NA,798,0,2,1,5675,5678,C
6-NA,799,5684,1,4,0,5689,A
6-NA,800,0,2,0,5705,5707,C
6-NA,801,5526,2,1,2,5531,A
6-NA,802,0,5588,3,0,5591,T
6-NA,803,0,5578,1,1,5580,T
6-NA,804,3,0,5904,0,5907,G
6-NA,805,1,5877,1,2,5881,T
6-NA,806,2,1,2,5876,5881,C
6-NA,807,5877,0,5,0,5882,A
6-NA,808,2,4,5884,0,5890,G
6-NA,809,2,5,5893,2,5902,G
6-NA,810,5877,2,4,0,5883,A
6-NA,811,5791,1,5,3,5800,A
6-NA,812,0,1,5856,2,5859,G
6-NA,813,5,5669,1,4,5679,T
6-NA,814,0,0,5710,0,5710,G
6-NA,815,2,5,1,5683,5691,C
6-NA,816,2,5695,2,3,5702,T
6-NA,817,9,1,0,5698,5708,C
6-NA,818,5694,0,2,0,5696,A
6-NA,819,1,2,5741,0,5744,G
6-NA,820,2,0,0,5734,5736,C
6-NA,821,5721,3,5,0,5729,A
6-NA,822,0,5723,0,1,5724,T
6-NA,823,0,0,5890,0,5890,G
6-NA,824,2,5880,1,6,5889,T
6-NA,825,6,0,1,5881,5888,C
6-NA,826,3,4,5881,0,5888,G
6-NA,827,5881,0,1,0,5882,A
6-NA,828,3,3,5857,0,5863,G
6-NA,829,1,7,5846,0,5854,G
6-NA,830,5824,2,2,0,5828,A
6-NA,831,1,1,5900,0,5902,G
6-NA,832,1,5789,0,6,5796,T
6-NA,833,2,1,5801,0,5804,G
6-NA,834,2,2,0,5871,5875,C
6-NA,835,0,5872,0,3,5875,T
6-NA,836,8,0,0,5882,5890,C
6-NA,837,1,2,0,5900,5903,C
6-NA,838,1,5909,0,4,5914,T
6-NA,839,2,0,5934,1,5937,G
6-NA,840,2,3,0,5895,5900,C
6-NA,841,1,5855,2,2,5860,T
6-NA,842,5885,1,0,1,5887,A
6-NA,843,0,5793,0,12,5805,T
6-NA,844,3,1,0,5833,5837,C
6-NA,845,4,3,0,5826,5833,C
6-NA,846,0,5834,1,6,5841,T
6-NA,847,3,1,0,5873,5877,C
6-NA,848,4,3,5873,0,5880,G
6-NA,849,5924,0,2,0,5926,A
6-NA,850,2,5929,0,1,5932,T
6-NA,851,5937,1,0,0,5938,A
6-NA,852,1,5925,1,1,5928,T
6-NA,853,3,9,0,5892,5904,C
6-NA,854,3,0,0,5902,5905,C
6-NA,855,1,5872,0,6,5879,T
6-NA,856,4,2,5901,0,5907,G
6-NA,857,0,0,5917,2,5919,G
6-NA,858,3,5969,0,3,5975,T
6-NA,859,0,0,5991,0,5991,G
6-NA,860,1,5967,0,4,5972,T
6-NA,861,9,1,0,5945,5955,C
6-NA,862,5952,1,5,0,5958,A
6-NA,863,1,4,5956,0,5961,G
6-NA,864,5960,4,2,0,5966,A
6-NA,865,1,5926,0,2,5929,T
6-NA,866,1,0,5933,2,5936,G
6-NA,867,0,5861,0,0,5861,T
6-NA,868,9,1,5852,2,5864,G
6-NA,869,2,5845,0,10,5857,T
6-NA,870,5,1,0,5864,5870,C
6-NA,871,1,5851,0,5,5857,T
6-NA,872,2,1,5868,0,5871,G
6-NA,873,1,3,0,5863,5867,C
6-NA,874,5854,1,4,1,5860,A
6-NA,875,1,3,5853,1,5858,G
6-NA,876,5722,5,7,0,5734,A
6-NA,877,1,4,5741,2,5748,G
6-NA,878,5726,1,10,0,5737,A
6-NA,879,0,3,0,5740,5743,C
6-NA,880,5743,1,4,0,5748,A
6-NA,881,5775,3,2,0,5780,A
6-NA,882,1,2,0,5792,5795,C
6-NA,883,0,5802,1,0,5803,T
6-NA,884,3,2,5791,0,5796,G
6-NA,885,2,2,5781,0,5785,G
6-NA,886,5756,0,5,0,5761,A
6-NA,887,5758,0,1,0,5759,A
6-NA,888,5648,0,3,0,5651,A
6-NA,889,1,3,5640,0,5644,G
6-NA,890,0,7,5556,0,5563,G
6-NA,891,5490,0,1,0,5491,A
6-NA,892,2,5586,0,1,5589,T
6-NA,893,5,1,1,5597,5604,C
6-NA,894,3,1,0,5691,5695,C
6-NA,895,5711,1,0,0,5712,A
6-NA,896,5697,3,1,2,5703,A
6-NA,897,1,5706,1,1,5709,T
6-NA,898,5559,2,2,0,5563,A
6-NA,899,0,2,5534,0,5536,G
6-NA,900,3,0,5528,0,5531,G
6-NA,901,2,3,0,5520,5525,C
6-NA,902,2,1,0,5513,5516,C
6-NA,903,2,2,0,5384,5388,C
6-NA,904,5416,2,1,0,5419,A
6-NA,905,0,5439,0,5,5444,T
6-NA,906,2,5,0,5454,5461,C
6-NA,907,3,0,5488,0,5491,G
6-NA,908,0,5452,0,6,5458,T
6-NA,909,5372,1,2,0,5375,A
6-NA,910,0,1,5455,0,5456,G
6-NA,911,5466,0,2,0,5468,A
6-NA,912,2,5461,0,3,5466,T
6-NA,913,5366,1,2,1,5370,A
6-NA,914,1,5317,0,0,5318,T
6-NA,915,5305,0,2,0,5307,A
6-NA,916,5293,0,1,0,5294,A
6-NA,917,5398,1,2,0,5401,A
6-NA,918,1,1,1,5466,5469,C
6-NA,919,5330,0,1,0,5331,A
6-NA,920,0,5313,0,2,5315,T
6-NA,921,5270,0,1,0,5271,A
6-NA,922,5278,3,2,0,5283,A
6-NA,923,5272,1,7,0,5280,A
6-NA,924,1,1,5346,0,5348,G
6-NA,925,0,7,5402,0,5409,G
6-NA,926,5259,1,2,0,5262,A
6-NA,927,1,5252,0,3,5256,T
6-NA,928,4,6,0,5258,5268,C
6-NA,929,5304,0,4,0,5308,A
6-NA,930,0,5309,0,2,5311,T
6-NA,931,5304,0,6,0,5310,A
6-NA,932,0,1,5329,0,5330,G
6-NA,933,2,2,0,5250,5254,C
6-NA,934,5146,0,1,0,5147,A
6-NA,935,0,4954,1,1,4956,T
6-NA,936,1,4975,0,1,4977,T
6-NA,937,0,2,4957,0,4959,G
6-NA,938,2,4965,0,4,4971,T
6-NA,939,4,3,2,4896,4905,C
6-NA,940,3,5192,0,2,5197,T
6-NA,941,6,0,0,5224,5230,C
6-NA,942,1,2,0,5256,5259,C
6-NA,943,5316,1,2,0,5319,A
6-NA,944,9,1,5370,0,5380,G
6-NA,945,0,5350,0,6,5356,T
6-NA,946,0,5078,0,1,5079,T
6-NA,947,5079,2,1,2,5084,A
6-NA,948,0,4945,0,2,4947,T
6-NA,949,2,0,4946,0,4948,G
6-NA,950,3,4871,0,2,4876,T
6-NA,951,2,1,4887,0,4890,G
6-NA,952,1,4764,1,1,4767,T
6-NA,953,0,0,4829,0,4829,G
6-NA,954,0,4822,1,3,4826,T
6-NA,955,2,4807,0,1,4810,T
6-NA,956,4,1,0,4806,4811,C
6-NA,957,4768,3,6,1,4778,A
6-NA,958,1,2,4790,0,4793,G
6-NA,959,1,4,4781,0,4786,G
6-NA,960,4735,0,2,0,4737,A
6-NA,961,1,0,0,4748,4749,C
6-NA,962,0,4607,0,2,4609,T
6-NA,963,1,4634,0,0,4635,T
6-NA,964,2,1,4775,1,4779,G
6-NA,965,0,4775,1,2,4778,T
6-NA,966,0,4771,0,3,4774,T
6-NA,967,0,1,4732,0,4733,G
6-NA,968,1,3,4718,0,4722,G
6-NA,969,4708,0,5,1,4714,A
6-NA,970,0,4,4722,0,4726,G
6-NA,971,4712,3,5,0,4720,A
6-NA,972,1,0,0,4735,4736,C
6-NA,973,4598,1,2,0,4601,A
6-NA,974,1,1,0,4631,4633,C
6-NA,975,4632,1,6,0,4639,A
6-NA,976,1,0,0,4639,4640,C
6-NA,977,0,0,0,4606,4606,C
6-NA,978,3,3,0,4616,4622,C
6-NA,979,4610,0,4,0,4614,A
6-NA,980,3,3,4634,0,4640,G
6-NA,981,4624,1,0,0,4625,A
6-NA,982,4645,1,0,0,4646,A
6-NA,983,4608,1,1,1,4611,A
6-NA,984,4605,0,1,0,4606,A
6-NA,985,4579,0,2,0,4581,A
6-NA,986,4575,1,5,1,4582,A
6-NA,987,0,2,0,4586,4588,C
6-NA,988,1,6,4574,1,4582,G
6-NA,989,4569,1,5,0,4575,A
6-NA,990,0,2,0,4567,4569,C
6-NA,991,4554,0,0,0,4554,A
6-NA,992,1,0,4589,0,4590,G
6-NA,993,0,0,0,4672,4672,C
6-NA,994,2,4634,0,3,4639,T
6-NA,995,5,1,0,4652,4658,C
6-NA,996,2,1,0,4676,4679,C
6-NA,997,4684,1,2,1,4688,A
6-NA,998,2,1,4726,0,4729,G
6-NA,999,3,5,0,4717,4725,C
6-NA,1000,4696,0,2,3,4701,A
6-NA,1001,2,2,4705,0,4709,G
6-NA,1002,1,4545,0,0,4546,T
6-NA,1003,4548,1,2,0,4551,A
6-NA,1004,3,2,4546,0,4551,G
6-NA,1005,2,2,1,4547,4552,C
6-NA,1006,1,4,0,4557,4562,C
6-NA,1007,4520,0,1,0,4521,A
6-NA,1008,0,4515,0,1,4516,T
6-NA,1009,0,4526,0,1,4527,T
6-NA,1010,3,1,4606,0,4610,G
6-NA,1011,0,4570,1,2,4573,T
6-NA,1012,0,4562,0,1,4563,T
6-NA,1013,3,4556,0,1,4560,T
6-NA,1014,1,3,4523,0,4527,G
6-NA,1015,2,2,4573,1,4578,G
6-NA,1016,4552,3,1,0,4556,A
6-NA,1017,0,4599,0,1,4600,T
6-NA,1018,4,0,0,4599,4603,C
6-NA,1019,4,1,0,4541,4546,C
6-NA,1020,4,4524,0,3,4531,T
6-NA,1021,4540,1,3,0,4544,A
6-NA,1022,4545,1,3,0,4549,A
6-NA,1023,2,3,1,4600,4606,C
6-NA,1024,4509,0,2,0,4511,A
6-NA,1025,4543,2,2,1,4548,A
6-NA,1026,0,4496,1,1,4498,T
6-NA,1027,1,1,4500,0,4502,G
6-NA,1028,4458,1,2,1,4462,A
6-NA,1029,2,2,4313,0,4317,G
6-NA,1030,0,2,4405,0,4407,G
6-NA,1031,4399,0,8,0,4407,A
6-NA,1032,4407,2,8,0,4417,A
6-NA,1033,5,1,4423,0,4429,G
6-NA,1034,0,2,4458,1,4461,G
6-NA,1035,0,4416,0,1,4417,T
6-NA,1036,1,3,4402,0,4406,G
6-NA,1037,1,0,4464,1,4466,G
6-NA,1038,0,4420,0,4,4424,T
6-NA,1039,12,1,1,4393,4407,C
6-NA,1040,4416,0,3,0,4419,A
6-NA,1041,0,4407,1,1,4409,T
6-NA,1042,0,1,4381,0,4382,G
6-NA,1043,2,3,4338,0,4343,G
6-NA,1044,2,1,4199,0,4202,G
6-NA,1045,1,1,4373,0,4375,G
6-NA,1046,1,4362,1,2,4366,T
6-NA,1047,1,4,4368,0,4373,G
6-NA,1048,4370,1,0,0,4371,A
6-NA,1049,4363,1,7,0,4371,A
6-NA,1050,4364,0,7,1,4372,A
6-NA,1051,1,4,4388,0,4393,G
6-NA,1052,0,1,4345,0,4346,G
6-NA,1053,2,0,0,4335,4337,C
6-NA,1054,1,4209,8,1,4219,T
6-NA,1055,0,5,4216,1,4222,G
6-NA,1056,2,0,4217,0,4219,G
6-NA,1057,2,0,4244,0,4246,G
6-NA,1058,1,1,0,4226,4228,C
6-NA,1059,3,1,0,4234,4238,C
6-NA,1060,0,4188,2,3,4193,T
6-NA,1061,0,4193,0,2,4195,T
6-NA,1062,0,4191,0,1,4192,T
6-NA,1063,1,1,4214,0,4216,G
6-NA,1064,4205,1,2,0,4208,A
6-NA,1065,1,4173,0,1,4175,T
6-NA,1066,0,1,4135,0,4136,G
6-NA,1067,4095,0,4,0,4099,A
6-NA,1068,0,4097,0,5,4102,T
6-NA,1069,1,1,4108,0,4110,G
6-NA,1070,0,1,4143,0,4144,G
6-NA,1071,4130,3,2,0,4135,A
6-NA,1072,4127,1,3,1,4132,A
6-NA,1073,4146,1,0,0,4147,A
6-NA,1074,0,4126,0,1,4127,T
6-NA,1075,5,0,4140,0,4145,G
6-NA,1076,4135,1,1,0,4137,A
6-NA,1077,0,1,0,4116,4117,C
6-NA,1078,1,1,4132,0,4134,G
6-NA,1079,0,4036,0,4,4040,T
6-NA,1080,1,0,4072,0,4073,G
6-NA,1081,1,4059,1,0,4061,T
6-NA,1082,2,2,4056,0,4060,G
6-NA,1083,0,0,4082,0,4082,G
6-NA,1084,4053,2,2,0,4057,A
6-NA,1085,0,4035,0,2,4037,T
6-NA,1086,2,4,4033,0,4039,G
6-NA,1087,0,1,4029,0,4030,G
6-NA,1088,2,3,4041,0,4046,G
6-NA,1089,4025,1,3,0,4029,A
6-NA,1090,4022,1,5,0,4028,A
6-NA,1091,1,3,4023,0,4027,G
6-NA,1092,3965,1,2,0,3968,A
6-NA,1093,3970,1,4,0,3975,A
6-NA,1094,0,0,0,3949,3949,C
6-NA,1095,1,1,3940,0,3942,G
6-NA,1096,3924,2,1,0,3927,A
6-NA,1097,0,3871,0,0,3871,T
6-NA,1098,6,0,1,3864,3871,C
6-NA,1099,3876,1,1,1,3879,A
6-NA,1100,0,1,3891,0,3892,G
6-NA,1101,1,1,0,3879,3881,C
6-NA,1102,0,4,3881,0,3885,G
6-NA,1103,3871,0,0,0,3871,A
6-NA,1104,1,3,3875,0,3879,G
6-NA,1105,3867,0,0,0,3867,A
6-NA,1106,3870,0,2,0,3872,A
6-NA,1107,6,0,3895,0,3901,G
6-NA,1108,0,3875,0,7,3882,T
6-NA,1109,6,0,0,3830,3836,C
6-NA,1110,3840,0,1,0,3841,A
6-NA,1111,0,1,0,3928,3929,C
6-NA,1112,0,1,3935,0,3936,G
6-NA,1113,0,1,0,3929,3930,C
6-NA,1114,1,3886,0,6,3893,T
6-NA,1115,0,3918,0,2,3920,T
6-NA,1116,3876,0,0,0,3876,A
6-NA,1117,0,5,4046,0,4051,G
6-NA,1118,0,0,4053,0,4053,G
6-NA,1119,0,2,4106,1,4109,G
6-NA,1120,0,3874,0,0,3874,T
6-NA,1121,3862,0,5,0,3867,A
6-NA,1122,0,3857,0,2,3859,T
6-NA,1123,0,2,3855,0,3857,G
6-NA,1124,3851,1,1,0,3853,A
6-NA,1125,3839,0,0,0,3839,A
6-NA,1126,3636,0,4,2,3642,A
6-NA,1127,0,1,0,3656,3657,C
6-NA,1128,0,0,0,3596,3596,C
6-NA,1129,1,3563,0,2,3566,T
6-NA,1130,1,3570,0,1,3572,T
6-NA,1131,4,1,0,3585,3590,C
6-NA,1132,3584,1,1,2,3588,A
6-NA,1133,3590,0,0,0,3590,A
6-NA,1134,3570,0,2,1,3573,A
6-NA,1135,1,0,3601,0,3602,G
6-NA,1136,1,3530,0,4,3535,T
6-NA,1137,4,0,0,3552,3556,C
6-NA,1138,3605,1,3,0,3609,A
6-NA,1139,0,3607,0,1,3608,T
6-NA,1140,0,3605,0,0,3605,T
6-NA,1141,1,0,3611,0,3612,G
6-NA,1142,3597,2,1,0,3600,A
6-NA,1143,3606,1,3,0,3610,A
6-NA,1144,0,1,3751,0,3752,G
6-NA,1145,0,2,3764,0,3766,G
6-NA,1146,1,0,0,3765,3766,C
6-NA,1147,0,3654,1,2,3657,T
6-NA,1148,2,4,3672,0,3678,G
6-NA,1149,2,0,3725,0,3727,G
6-NA,1150,2,3722,0,4,3728,T
6-NA,1151,5,1,0,3699,3705,C
6-NA,1152,2,3,0,3693,3698,C
6-NA,1153,3700,0,0,1,3701,A
6-NA,1154,3719,0,2,0,3721,A
6-NA,1155,4,0,0,3719,3723,C
6-NA,1156,1,1,0,3720,3722,C
6-NA,1157,5,1,0,3706,3712,C
6-NA,1158,1,3556,0,3,3560,T
6-NA,1159,3573,0,0,0,3573,A
6-NA,1160,3572,1,3,0,3576,A
6-NA,1161,1,1,3590,1,3593,G
6-NA,1162,1,3566,0,5,3572,T
6-NA,1163,3,0,1,3546,3550,C
6-NA,1164,2,1,0,3512,3515,C
6-NA,1165,3508,0,1,1,3510,A
6-NA,1166,3498,0,0,1,3499,A
6-NA,1167,3506,0,1,0,3507,A
6-NA,1168,0,3505,0,2,3507,T
6-NA,1169,0,3505,0,0,3505,T
6-NA,1170,0,0,3482,0,3482,G
6-NA,1171,2,1,1,3463,3467,C
6-NA,1172,3461,0,9,1,3471,A
6-NA,1173,0,2,3487,0,3489,G
6-NA,1174,3482,1,1,0,3484,A
6-NA,1175,0,3536,0,0,3536,T
6-NA,1176,3543,0,0,0,3543,A
6-NA,1177,3530,0,2,0,3532,A
6-NA,1178,3532,1,4,0,3537,A
6-NA,1179,0,3518,1,1,3520,T
6-NA,1180,3501,0,4,0,3505,A
6-NA,1181,0,2,3511,0,3513,G
6-NA,1182,1,0,3491,1,3493,G
6-NA,1183,0,0,0,3476,3476,C
6-NA,1184,3368,0,1,0,3369,A
6-NA,1185,3391,0,0,0,3391,A
6-NA,1186,0,0,3415,0,3415,G
6-NA,1187,1,3406,0,4,3411,T
6-NA,1188,8,0,0,3406,3414,C
6-NA,1189,3423,3,3,1,3430,A
6-NA,1190,1,3404,0,3,3408,T
6-NA,1191,3438,0,10,0,3448,A
6-NA,1192,0,1,3457,0,3458,G
6-NA,1193,0,3450,0,1,3451,T
6-NA,1194,1,3344,0,0,3345,T
6-NA,1195,2,1,3302,0,3305,G
6-NA,1196,3284,1,5,1,3291,A
6-NA,1197,0,1,0,3278,3279,C
6-NA,1198,3244,0,0,0,3244,A
6-NA,1199,1,0,3283,0,3284,G
6-NA,1200,3251,0,5,0,3256,A
6-NA,1201,4,3,3355,0,3362,G
6-NA,1202,0,1,3375,0,3376,G
6-NA,1203,0,3346,0,3,3349,T
6-NA,1204,3347,1,0,1,3349,A
6-NA,1205,3344,0,1,1,3346,A
6-NA,1206,1,3343,0,0,3344,T
6-NA,1207,3330,0,2,0,3332,A
6-NA,1208,0,3,3250,0,3253,G
6-NA,1209,0,0,3160,0,3160,G
6-NA,1210,0,2841,0,1,2842,T
6-NA,1211,4,0,0,2796,2800,C
6-NA,1212,3,2,0,2808,2813,C
6-NA,1213,1,1,2821,0,2823,G
6-NA,1214,0,0,2835,0,2835,G
6-NA,1215,1,2819,0,2,2822,T
6-NA,1216,0,2820,0,0,2820,T
6-NA,1217,2788,0,0,0,2788,A
6-NA,1218,1,2737,1,1,2740,T
6-NA,1219,0,2738,0,0,2738,T
6-NA,1220,2,0,0,2740,2742,C
6-NA,1221,0,2640,1,3,2644,T
6-NA,1222,2,2,2643,0,2647,G
6-NA,1223,0,0,2646,0,2646,G
6-NA,1224,0,2636,0,1,2637,T
6-NA,1225,2635,0,0,0,2635,A
6-NA,1226,0,2598,0,4,2602,T
6-NA,1227,0,2599,0,1,2600,T
6-NA,1228,0,2595,0,0,2595,T
6-NA,1229,0,2616,0,0,2616,T
6-NA,1230,2,0,0,2605,2607,C
6-NA,1231,0,2580,0,3,2583,T
6-NA,1232,2,1,0,2600,2603,C
6-NA,1233,1,2591,0,0,2592,T
6-NA,1234,0,0,2650,0,2650,G
6-NA,1235,0,2646,0,2,2648,T
6-NA,1236,0,2629,0,1,2630,T
6-NA,1237,0,0,2631,1,2632,G
6-NA,1238,2600,1,1,0,2602,A
6-NA,1239,2599,3,2,0,2604,A
6-NA,1240,1,2,2619,0,2622,G
6-NA,1241,0,1,2607,0,2608,G
6-NA,1242,2,0,0,2612,2614,C
6-NA,1243,2563,3,1,0,2567,A
6-NA,1244,2565,1,3,1,2570,A
6-NA,1245,2573,0,1,0,2574,A
6-NA,1246,2574,1,5,0,2580,A
6-NA,1247,0,0,2586,0,2586,G
6-NA,1248,0,1,0,2573,2574,C
6-NA,1249,0,2541,0,3,2544,T
6-NA,1250,1,1,2567,0,2569,G
6-NA,1251,0,0,0,2557,2557,C
6-NA,1252,2565,0,1,0,2566,A
6-NA,1253,1,2558,1,1,2561,T
6-NA,1254,1,1,0,2543,2545,C
6-NA,1255,2541,2,0,0,2543,A
6-NA,1256,2539,0,0,0,2539,A
6-NA,1257,0,2535,0,0,2535,T
6-NA,1258,0,0,0,2531,2531,C
6-NA,1259,1,2,2501,1,2505,G
6-NA,1260,0,1,2530,0,2531,G
6-NA,1261,0,2531,0,4,2535,T
6-NA,1262,0,1,2545,0,2546,G
6-NA,1263,0,1,0,2560,2561,C
6-NA,1264,0,2530,1,9,2540,T
6-NA,1265,0,2562,0,1,2563,T
6-NA,1266,0,2569,1,2,2572,T
6-NA,1267,0,2576,0,0,2576,T
6-NA,1268,2582,0,1,0,2583,A
6-NA,1269,0,2487,0,1,2488,T
6-NA,1270,1,2,2487,0,2490,G
6-NA,1271,1,2458,0,4,2463,T
6-NA,1272,1,0,2440,0,2441,G
6-NA,1273,0,5,2458,0,2463,G
6-NA,1274,2421,0,2,0,2423,A
6-NA,1275,8,0,2436,0,2444,G
6-NA,1276,0,2431,0,1,2432,T
6-NA,1277,0,2423,0,3,2426,T
6-NA,1278,0,3,2435,1,2439,G
6-NA,1279,2432,0,3,0,2435,A
6-NA,1280,0,2432,0,1,2433,T
6-NA,1281,2424,1,0,0,2425,A
6-NA,1282,2353,0,0,0,2353,A
6-NA,1283,1,2,2368,0,2371,G
6-NA,1284,0,2,2328,0,2330,G
6-NA,1285,1,0,2313,0,2314,G
6-NA,1286,0,3,2309,0,2312,G
6-NA,1287,2264,0,3,0,2267,A
6-NA,1288,2265,0,3,0,2268,A
6-NA,1289,1,0,2276,0,2277,G
6-NA,1290,2274,0,0,0,2274,A
6-NA,1291,2270,0,0,0,2270,A
6-NA,1292,2239,0,1,0,2240,A
6-NA,1293,2204,1,2,0,2207,A
6-NA,1294,0,0,2211,0,2211,G
6-NA,1295,2186,0,6,0,2192,A
6-NA,1296,0,3,2186,0,2189,G
6-NA,1297,0,2,2189,0,2191,G
6-NA,1298,2162,0,0,1,2163,A
6-NA,1299,2158,0,3,0,2161,A
6-NA,1300,2163,1,0,0,2164,A
6-NA,1301,0,0,0,2165,2165,C
6-NA,1302,0,2163,1,0,2164,T
6-NA,1303,12,1,2155,0,2168,G
6-NA,1304,2157,1,2,0,2160,A
6-NA,1305,2153,0,4,1,2158,A
6-NA,1306,0,0,2161,2,2163,G
6-NA,1307,0,2142,0,3,2145,T
6-NA,1308,1,0,0,2157,2158,C
6-NA,1309,0,2141,0,2,2143,T
6-NA,1310,1,2121,0,1,2123,T
6-NA,1311,0,0,2129,0,2129,G
6-NA,1312,3,2116,0,2,2121,T
6-NA,1313,1,1,2123,0,2125,G
6-NA,1314,1,2,2115,0,2118,G
6-NA,1315,2093,0,2,0,2095,A
6-NA,1316,0,1,0,2100,2101,C
6-NA,1317,2,0,1,2048,2051,C
6-NA,1318,1,2049,0,3,2053,T
6-NA,1319,4,1,0,2049,2054,C
6-NA,1320,2057,1,1,0,2059,A
6-NA,1321,2057,0,1,0,2058,A
6-NA,1322,2058,0,0,0,2058,A
6-NA,1323,0,0,0,2069,2069,C
6-NA,1324,2024,1,1,0,2026,A
6-NA,1325,0,0,2044,0,2044,G
6-NA,1326,0,2016,0,0,2016,T
6-NA,1327,2013,0,0,1,2014,A
6-NA,1328,0,2009,0,1,2010,T
6-NA,1329,1,1976,0,1,1978,T
6-NA,1330,5,0,1982,0,1987,G
6-NA,1331,1,1974,0,1,1976,T
6-NA,1332,0,1876,0,4,1880,T
6-NA,1333,0,0,1884,0,1884,G
6-NA,1334,0,1761,0,0,1761,T
6-NA,1335,2,0,1764,0,1766,G
6-NA,1336,0,1752,1,2,1755,T
6-NA,1337,0,1734,2,1,1737,T
6-NA,1338,0,1735,1,0,1736,T
6-NA,1339,1,1687,0,3,1691,T
6-NA,1340,0,0,1689,0,1689,G
6-NA,1341,0,1694,0,1,1695,T
6-NA,1342,0,2,1681,0,1683,G
6-NA,1343,0,0,1677,0,1677,G
6-NA,1344,0,0,0,1656,1656,C
6-NA,1345,1655,0,2,0,1657,A
6-NA,1346,0,13,0,1642,1655,C
6-NA,1347,3,0,0,1648,1651,C
6-NA,1348,0,1648,0,2,1650,T
6-NA,1349,2,1,0,1658,1661,C
6-NA,1350,1656,0,1,1,1658,A
6-NA,1351,0,2,1658,0,1660,G
6-NA,1352,1,0,1663,0,1664,G
6-NA,1353,1,1646,0,0,1647,T
6-NA,1354,1635,0,0,1,1636,A
6-NA,1355,0,3,0,1549,1552,C
6-NA,1356,1524,0,2,1,1527,A
6-NA,1357,0,1523,0,0,1523,T
6-NA,1358,1496,0,0,0,1496,A
6-NA,1359,0,1488,0,2,1490,T
6-NA,1360,0,1,1381,0,1382,G
6-NA,1361,1,3,1373,0,1377,G
6-NA,1362,1364,0,0,0,1364,A
6-NA,1363,1344,1,0,0,1345,A
6-NA,1364,0,0,0,1337,1337,C
6-NA,1365,1119,0,0,0,1119,A
6-NA,1366,0,0,1118,0,1118,G
6-NA,1367,0,0,1115,0,1115,G
6-NA,1368,0,0,0,1112,1112,C
6-NA,1369,0,1111,0,1,1112,T
6-NA,1370,0,0,0,1061,1061,C
6-NA,1371,1057,0,0,0,1057,A
6-NA,1372,2,1055,0,0,1057,T
6-NA,1373,1,0,1055,0,1056,G
6-NA,1374,0,1,1054,0,1055,G
6-NA,1375,0,0,0,1020,1020,C
6-NA,1376,1,0,0,1003,1004,C
6-NA,1377,1,959,0,0,960,T
6-NA,1378,0,0,961,0,961,G
6-NA,1379,961,0,1,0,962,A
6-NA,1380,0,961,0,0,961,T
6-NA,1381,0,0,950,0,950,G
6-NA,1382,0,0,938,0,938,G
6-NA,1383,0,0,887,0,887,G
6-NA,1384,1,1,884,0,886,G
6-NA,1385,1,0,0,873,874,C
6-NA,1386,1,0,870,0,871,G
6-NA,1387,0,0,862,0,862,G
6-NA,1388,856,0,0,0,856,A
6-NA,1389,0,0,0,853,853,C
6-NA,1390,852,0,0,0,852,A
6-NA,1391,0,841,0,1,842,T
6-NA,1392,0,0,0,830,830,C
6-NA,1393,823,0,1,0,824,A
6-NA,1394,822,1,0,0,823,A
6-NA,1395,0,825,0,0,825,T
6-NA,1396,0,0,0,809,809,C
6-NA,1397,0,795,0,0,795,T
6-NA,1398,1,1,0,685,687,C
6-NA,1399,684,0,0,0,684,A
6-NA,1400,0,680,0,0,680,T
6-NA,1401,0,0,679,0,679,G
6-NA,1402,0,0,0,675,675,C
6-NA,1403,1,0,0,657,658,C
6-NA,1404,0,607,0,0,607,T
6-NA,1405,602,0,1,0,603,A
6-NA,1406,0,603,0,0,603,T
6-NA,1407,597,0,2,0,599,A
6-NA,1408,0,597,0,0,597,T
6-NA,1409,542,0,0,0,542,A
6-NA,1410,513,0,0,0,513,A
7-M,1,21,0,0,0,21,A
7-M,2,0,21,0,0,21,T
7-M,3,0,0,21,0,21,G
7-M,4,23,0,0,0,23,A
7-M,5,0,0,27,0,27,G
7-M,6,0,0,0,28,28,C
7-M,7,0,0,0,32,32,C
7-M,8,0,46,0,0,46,T
7-M,9,0,46,0,0,46,T
7-M,10,0,0,0,46,46,C
7-M,11,0,46,0,0,46,T
7-M,12,48,0,0,0,48,A
7-M,13,48,0,0,0,48,A
7-M,14,0,0,0,48,48,C
7-M,15,0,0,0,48,48,C
7-M,16,0,0,48,0,48,G
7-M,17,49,0,0,0,49,A
7-M,18,0,0,49,0,49,G
7-M,19,0,0,50,0,50,G
7-M,20,0,51,0,0,51,T
7-M,21,0,0,0,51,51,C
7-M,22,0,0,51,0,51,G
7-M,23,51,0,0,0,51,A
7-M,24,52,0,0,0,52,A
7-M,25,52,0,1,0,53,A
7-M,26,0,0,0,59,59,C
7-M,27,0,0,61,0,61,G
7-M,28,0,61,0,0,61,T
7-M,29,62,0,0,0,62,A
7-M,30,0,63,0,0,63,T
7-M,31,0,0,64,0,64,G
7-M,32,0,64,0,0,64,T
7-M,33,0,73,0,0,73,T
7-M,34,0,0,0,78,78,C
7-M,35,0,80,0,0,80,T
7-M,36,0,0,0,83,83,C
7-M,37,0,83,0,0,83,T
7-M,38,0,0,0,88,88,C
7-M,39,0,88,0,0,88,T
7-M,40,88,0,0,0,88,A
7-M,41,0,87,0,0,87,T
7-M,42,0,0,0,90,90,C
7-M,43,0,0,91,0,91,G
7-M,44,0,91,0,0,91,T
7-M,45,0,91,0,0,91,T
7-M,46,0,0,0,91,91,C
7-M,47,0,0,0,93,93,C
7-M,48,95,0,0,0,95,A
7-M,49,0,95,0,0,95,T
7-M,50,0,0,0,94,94,C
7-M,51,94,0,0,0,94,A
7-M,52,0,0,96,0,96,G
7-M,53,0,0,97,0,97,G
7-M,54,0,0,0,96,96,C
7-M,55,0,0,0,97,97,C
7-M,56,0,0,0,97,97,C
7-M,57,0,0,0,98,98,C
7-M,58,1,0,0,98,99,C
7-M,59,0,99,0,0,99,T
7-M,60,0,0,0,99,99,C
7-M,61,97,1,0,0,98,A
7-M,62,99,0,0,0,99,A
7-M,63,100,0,0,0,100,A
7-M,64,0,0,102,0,102,G
7-M,65,0,0,0,102,102,C
7-M,66,0,0,0,102,102,C
7-M,67,0,0,102,0,102,G
7-M,68,102,0,0,0,102,A
7-M,69,0,0,102,0,102,G
7-M,70,102,0,0,0,102,A
7-M,71,0,102,0,0,102,T
7-M,72,0,0,0,101,101,C
7-M,73,0,0,101,0,101,G
7-M,74,0,0,0,102,102,C
7-M,75,1,0,101,0,102,G
7-M,76,0,0,0,101,101,C
7-M,77,99,0,1,0,100,A
7-M,78,0,0,104,0,104,G
7-M,79,104,0,0,0,104,A
7-M,80,0,0,112,0,112,G
7-M,81,111,0,0,0,111,A
7-M,82,0,0,0,113,113,C
7-M,83,0,112,0,0,112,T
7-M,84,0,113,0,0,113,T
7-M,85,0,0,116,0,116,G
7-M,86,117,0,0,0,117,A
7-M,87,117,0,0,0,117,A
7-M,88,0,1,116,0,117,G
7-M,89,117,0,0,0,117,A
7-M,90,0,119,0,0,119,T
7-M,91,0,0,119,0,119,G
7-M,92,0,117,0,1,118,T
7-M,93,1,0,0,117,118,C
7-M,94,0,117,0,0,117,T
7-M,95,0,117,0,0,117,T
7-M,96,0,119,0,0,119,T
7-M,97,0,0,119,0,119,G
7-M,98,0,0,0,119,119,C
7-M,99,0,118,0,0,118,T
7-M,100,0,0,118,0,118,G
7-M,101,0,1,117,0,118,G
7-M,102,0,0,121,0,121,G
7-M,103,119,0,0,0,119,A
7-M,104,120,0,0,0,120,A
7-M,105,120,0,0,0,120,A
7-M,106,120,0,0,0,120,A
7-M,107,121,0,0,0,121,A
7-M,108,0,0,0,121,121,C
7-M,109,121,0,0,0,121,A
7-M,110,0,0,0,121,121,C
7-M,111,120,0,0,0,120,A
7-M,112,0,0,125,0,125,G
7-M,113,125,0,0,0,125,A
7-M,114,0,125,0,0,125,T
7-M,115,0,0,0,126,126,C
7-M,116,0,125,0,0,125,T
7-M,117,0,125,0,1,126,T
7-M,118,0,0,126,0,126,G
7-M,119,126,0,0,0,126,A
7-M,120,0,0,124,0,124,G
7-M,121,0,0,127,0,127,G
7-M,122,0,0,0,129,129,C
7-M,123,0,129,0,0,129,T
7-M,124,0,0,0,142,142,C
7-M,125,0,142,0,0,142,T
7-M,126,0,0,0,142,142,C
7-M,127,142,0,0,0,142,A
7-M,128,0,142,0,1,143,T
7-M,129,0,0,144,0,144,G
7-M,130,0,0,144,0,144,G
7-M,131,144,0,0,0,144,A
7-M,132,144,0,0,0,144,A
7-M,133,0,140,0,0,140,T
7-M,134,0,0,145,0,145,G
7-M,135,0,0,150,0,150,G
7-M,136,0,0,0,153,153,C
7-M,137,0,153,0,0,153,T
7-M,138,152,0,0,0,152,A
7-M,139,152,0,0,1,153,A
7-M,140,154,0,0,0,154,A
7-M,141,0,0,152,0,152,G
7-M,142,153,0,0,0,153,A
7-M,143,0,0,0,154,154,C
7-M,144,152,0,0,0,152,A
7-M,145,150,0,0,0,150,A
7-M,146,0,0,155,0,155,G
7-M,147,157,0,0,0,157,A
7-M,148,0,0,0,159,159,C
7-M,149,0,0,0,160,160,C
7-M,150,161,0,0,0,161,A
7-M,151,164,0,0,0,164,A
7-M,152,0,163,0,1,164,T
7-M,153,0,162,0,0,162,T
7-M,154,0,0,0,165,165,C
7-M,155,0,164,0,0,164,T
7-M,156,0,0,164,0,164,G
7-M,157,0,164,0,0,164,T
7-M,158,0,0,0,163,163,C
7-M,159,164,0,0,0,164,A
7-M,160,0,0,0,170,170,C
7-M,161,0,0,0,170,170,C
7-M,162,0,169,0,0,169,T
7-M,163,0,0,0,169,169,C
7-M,164,0,169,0,0,169,T
7-M,165,0,0,173,0,173,G
7-M,166,175,0,0,0,175,A
7-M,167,0,0,0,175,175,C
7-M,168,0,175,0,0,175,T
7-M,169,172,0,0,0,172,A
7-M,170,173,0,0,0,173,A
7-M,171,0,0,172,0,172,G
7-M,172,0,0,171,0,171,G
7-M,173,0,0,175,0,175,G
7-M,174,0,0,176,0,176,G
7-M,175,181,0,0,0,181,A
7-M,176,0,180,0,0,180,T
7-M,177,0,181,0,0,181,T
7-M,178,0,179,0,0,179,T
7-M,179,0,181,0,0,181,T
7-M,180,0,0,179,0,179,G
7-M,181,0,0,179,0,179,G
7-M,182,1,0,177,0,178,G
7-M,183,0,0,180,0,180,G
7-M,184,0,179,0,0,179,T
7-M,185,0,180,0,0,180,T
7-M,186,0,180,0,0,180,T
7-M,187,0,0,185,0,185,G
7-M,188,1,185,0,0,186,T
7-M,189,0,0,187,0,187,G
7-M,190,0,187,0,0,187,T
7-M,191,0,185,1,0,186,T
7-M,192,0,1,0,185,186,C
7-M,193,185,0,0,0,185,A
7-M,194,0,0,0,191,191,C
7-M,195,0,0,190,0,190,G
7-M,196,0,0,0,191,191,C
7-M,197,0,187,0,0,187,T
7-M,198,0,0,0,194,194,C
7-M,199,193,0,0,0,193,A
7-M,200,0,0,0,199,199,C
7-M,201,0,0,0,196,196,C
7-M,202,0,0,200,0,200,G
7-M,203,0,200,0,0,200,T
7-M,204,0,0,201,0,201,G
7-M,205,0,0,0,202,202,C
7-M,206,0,0,0,201,201,C
7-M,207,0,0,0,203,203,C
7-M,208,203,0,0,0,203,A
7-M,209,1,0,203,0,204,G
7-M,210,0,204,0,0,204,T
7-M,211,0,0,205,0,205,G
7-M,212,208,0,1,0,209,A
7-M,213,0,0,208,0,208,G
7-M,214,0,0,0,209,209,C
7-M,215,0,0,209,0,209,G
7-M,216,207,0,0,0,207,A
7-M,217,0,0,209,0,209,G
7-M,218,0,0,212,0,212,G
7-M,219,209,0,0,0,209,A
7-M,220,0,0,0,213,213,C
7-M,221,0,211,0,0,211,T
7-M,222,0,0,210,0,210,G
7-M,223,0,0,0,211,211,C
7-M,224,211,0,0,0,211,A
7-M,225,0,0,214,0,214,G
7-M,226,0,0,0,212,212,C
7-M,227,0,0,213,0,213,G
7-M,228,0,214,0,0,214,T
7-M,229,209,0,0,0,209,A
7-M,230,0,0,211,0,211,G
7-M,231,211,0,0,0,211,A
7-M,232,0,0,0,212,212,C
7-M,233,2,0,212,0,214,G
7-M,234,1,0,0,213,214,C
7-M,235,0,211,0,0,211,T
7-M,236,0,209,0,0,209,T
7-M,237,0,207,0,0,207,T
7-M,238,0,0,215,0,215,G
7-M,239,0,216,0,0,216,T
7-M,240,1,0,0,213,214,C
7-M,241,0,1,0,213,214,C
7-M,242,213,0,0,0,213,A
7-M,243,215,0,0,0,215,A
7-M,244,215,0,0,0,215,A
7-M,245,213,1,1,0,215,A
7-M,246,0,215,0,0,215,T
7-M,247,0,0,214,0,214,G
7-M,248,0,0,0,211,211,C
7-M,249,0,0,0,208,208,C
7-M,250,0,0,0,217,217,C
7-M,251,0,215,0,0,215,T
7-M,252,1,0,0,222,223,C
7-M,253,223,0,0,0,223,A
7-M,254,224,0,0,0,224,A
7-M,255,0,227,0,0,227,T
7-M,256,0,0,229,0,229,G
7-M,257,0,0,227,0,227,G
7-M,258,0,0,229,0,229,G
7-M,259,227,0,1,0,228,A
7-M,260,226,0,0,0,226,A
7-M,261,0,222,0,0,222,T
7-M,262,0,0,220,0,220,G
7-M,263,0,0,223,0,223,G
7-M,264,216,0,0,0,216,A
7-M,265,0,1,217,0,218,G
7-M,266,214,0,0,0,214,A
7-M,267,0,0,0,212,212,C
7-M,268,0,0,0,218,218,C
7-M,269,1,0,0,222,223,C
7-M,270,224,0,0,0,224,A
7-M,271,224,0,0,0,224,A
7-M,272,223,0,0,0,223,A
7-M,273,0,224,0,0,224,T
7-M,274,224,0,0,0,224,A
7-M,275,224,0,0,0,224,A
7-M,276,0,1,0,220,221,C
7-M,277,222,0,0,0,222,A
7-M,278,0,222,0,0,222,T
7-M,279,0,0,221,0,221,G
7-M,280,0,0,222,0,222,G
7-M,281,222,0,0,0,222,A
7-M,282,0,0,0,222,222,C
7-M,283,217,0,0,0,217,A
7-M,284,220,0,0,0,220,A
7-M,285,220,0,0,0,220,A
7-M,286,0,0,221,0,221,G
7-M,287,0,0,0,224,224,C
7-M,288,221,0,0,0,221,A
7-M,289,0,0,225,0,225,G
7-M,290,0,224,0,0,224,T
7-M,291,0,224,0,1,225,T
7-M,292,226,0,0,0,226,A
7-M,293,225,0,0,0,225,A
7-M,294,223,0,0,0,223,A
7-M,295,0,3,0,223,226,C
7-M,296,0,222,0,1,223,T
7-M,297,0,0,243,0,243,G
7-M,298,0,242,0,0,242,T
7-M,299,243,0,0,0,243,A
7-M,300,0,243,0,0,243,T
7-M,301,241,0,1,0,242,A
7-M,302,0,0,242,0,242,G
7-M,303,0,0,242,0,242,G
7-M,304,240,0,0,0,240,A
7-M,305,242,0,0,0,242,A
7-M,306,229,0,0,0,229,A
7-M,307,0,0,0,231,231,C
7-M,308,0,230,0,0,230,T
7-M,309,0,228,0,3,231,T
7-M,310,231,0,0,0,231,A
7-M,311,231,0,0,0,231,A
7-M,312,0,0,230,0,230,G
7-M,313,228,0,0,0,228,A
7-M,314,0,0,230,0,230,G
7-M,315,220,0,1,0,221,A
7-M,316,0,0,224,0,224,G
7-M,317,223,0,0,0,223,A
7-M,318,0,0,227,0,227,G
7-M,319,230,0,0,0,230,A
7-M,320,0,229,0,0,229,T
7-M,321,230,0,0,0,230,A
7-M,322,231,0,1,0,232,A
7-M,323,0,0,0,229,229,C
7-M,324,0,0,233,0,233,G
7-M,325,0,231,0,0,231,T
7-M,326,0,228,0,1,229,T
7-M,327,0,5,0,225,230,C
7-M,328,0,0,0,227,227,C
7-M,329,226,0,0,0,226,A
7-M,330,0,227,0,0,227,T
7-M,331,0,0,224,0,224,G
7-M,332,0,0,226,0,226,G
7-M,333,0,0,224,0,224,G
7-M,334,0,0,227,0,227,G
7-M,335,0,0,0,227,227,C
7-M,336,0,0,0,225,225,C
7-M,337,226,0,1,0,227,A
7-M,338,231,0,0,0,231,A
7-M,339,232,0,0,0,232,A
7-M,340,0,0,233,0,233,G
7-M,341,237,0,0,0,237,A
7-M,342,236,0,0,0,236,A
7-M,343,234,0,1,0,235,A
7-M,344,0,235,0,0,235,T
7-M,345,232,0,0,0,232,A
7-M,346,0,0,232,0,232,G
7-M,347,0,0,0,229,229,C
7-M,348,0,226,0,0,226,T
7-M,349,0,0,0,231,231,C
7-M,350,0,226,0,0,226,T
7-M,351,1,0,0,234,235,C
7-M,352,235,0,0,0,235,A
7-M,353,0,0,235,0,235,G
7-M,354,0,232,0,0,232,T
7-M,355,0,236,0,0,236,T
7-M,356,239,0,0,0,239,A
7-M,357,0,238,0,0,238,T
7-M,358,0,237,0,0,237,T
7-M,359,0,0,0,237,237,C
7-M,360,0,232,0,0,232,T
7-M,361,0,0,232,0,232,G
7-M,362,0,0,0,234,234,C
7-M,363,0,235,0,0,235,T
7-M,364,0,0,234,0,234,G
7-M,365,0,0,233,0,233,G
7-M,366,1,234,0,1,236,T
7-M,367,0,0,235,0,235,G
7-M,368,0,1,0,232,233,C
7-M,369,234,0,0,0,234,A
7-M,370,0,0,0,235,235,C
7-M,371,0,230,0,0,230,T
7-M,372,0,232,0,0,232,T
7-M,373,1,0,232,0,233,G
7-M,374,1,0,0,234,235,C
7-M,375,0,0,0,234,234,C
7-M,376,235,0,0,0,235,A
7-M,377,0,0,240,1,241,G
7-M,378,0,240,0,0,240,T
7-M,379,0,238,0,0,238,T
7-M,380,0,0,238,0,238,G
7-M,381,0,234,0,0,234,T
7-M,382,238,0,0,0,238,A
7-M,383,0,239,0,0,239,T
7-M,384,1,0,238,0,239,G
7-M,385,0,0,242,0,242,G
7-M,386,0,0,236,0,236,G
7-M,387,0,0,0,240,240,C
7-M,388,1,1,0,240,242,C
7-M,389,0,237,0,0,237,T
7-M,390,0,0,0,238,238,C
7-M,391,248,0,1,0,249,A
7-M,392,0,252,0,0,252,T
7-M,393,262,0,0,0,262,A
7-M,394,0,262,0,0,262,T
7-M,395,258,0,0,0,258,A
7-M,396,0,0,0,269,269,C
7-M,397,255,0,0,0,255,A
7-M,398,256,0,0,0,256,A
7-M,399,0,254,0,0,254,T
7-M,400,245,0,0,0,245,A
7-M,401,0,0,249,0,249,G
7-M,402,0,0,245,0,245,G
7-M,403,241,0,0,0,241,A
7-M,404,1,244,0,0,245,T
7-M,405,0,0,231,0,231,G
7-M,406,0,0,229,0,229,G
7-M,407,0,0,229,0,229,G
7-M,408,0,0,233,0,233,G
7-M,409,0,0,231,0,231,G
7-M,410,0,0,0,232,232,C
7-M,411,0,224,0,0,224,T
7-M,412,0,0,227,0,227,G
7-M,413,0,227,0,0,227,T
7-M,414,225,0,0,0,225,A
7-M,415,224,1,0,0,225,A
7-M,416,0,0,0,228,228,C
7-M,417,0,0,0,225,225,C
7-M,418,223,0,0,0,223,A
7-M,419,0,0,0,222,222,C
7-M,420,0,223,0,0,223,T
7-M,421,0,0,225,0,225,G
7-M,422,222,0,1,0,223,A
7-M,423,221,0,0,0,221,A
7-M,424,0,0,223,0,223,G
7-M,425,0,218,0,0,218,T
7-M,426,0,0,217,0,217,G
7-M,427,0,0,219,0,219,G
7-M,428,0,0,0,218,218,C
7-M,429,216,0,0,0,216,A
7-M,430,0,216,0,0,216,T
7-M,431,0,216,0,0,216,T
7-M,432,0,215,0,0,215,T
7-M,433,0,0,218,0,218,G
7-M,434,0,0,220,0,220,G
7-M,435,0,0,0,220,220,C
7-M,436,0,0,0,220,220,C
7-M,437,0,220,0,0,220,T
7-M,438,0,0,229,0,229,G
7-M,439,0,0,228,0,228,G
7-M,440,0,229,0,0,229,T
7-M,441,229,0,0,0,229,A
7-M,442,0,220,0,0,220,T
7-M,443,1,0,223,0,224,G
7-M,444,0,223,0,0,223,T
7-M,445,0,0,222,0,222,G
7-M,446,0,0,0,219,219,C
7-M,447,217,0,0,0,217,A
7-M,448,215,1,1,0,217,A
7-M,449,0,0,0,217,217,C
7-M,450,216,1,0,0,217,A
7-M,451,0,216,0,0,216,T
7-M,452,0,0,213,0,213,G
7-M,453,0,210,0,0,210,T
7-M,454,0,0,211,0,211,G
7-M,455,210,0,0,0,210,A
7-M,456,0,0,211,0,211,G
7-M,457,0,0,0,212,212,C
7-M,458,206,0,0,0,206,A
7-M,459,0,0,208,0,208,G
7-M,460,206,0,1,0,207,A
7-M,461,0,207,0,1,208,T
7-M,462,0,208,0,0,208,T
7-M,463,0,0,206,0,206,G
7-M,464,0,0,1,204,205,C
7-M,465,0,205,0,0,205,T
7-M,466,0,0,204,0,204,G
7-M,467,205,0,0,0,205,A
7-M,468,0,0,0,211,211,C
7-M,469,0,210,0,0,210,T
7-M,470,0,0,0,212,212,C
7-M,471,1,0,0,210,211,C
7-M,472,0,0,0,211,211,C
7-M,473,208,0,1,0,209,A
7-M,474,0,1,214,0,215,G
7-M,475,0,0,0,215,215,C
7-M,476,213,0,0,0,213,A
7-M,477,0,15,0,196,211,C
7-M,478,200,0,1,0,201,A
7-M,479,0,0,203,0,203,G
7-M,480,0,0,206,0,206,G
7-M,481,0,203,0,0,203,T
7-M,482,0,0,0,209,209,C
7-M,483,0,207,0,0,207,T
7-M,484,0,0,0,209,209,C
7-M,485,209,0,0,0,209,A
7-M,486,0,207,0,0,207,T
7-M,487,209,0,0,0,209,A
7-M,488,1,0,205,0,206,G
7-M,489,0,0,207,0,207,G
7-M,490,0,0,0,207,207,C
7-M,491,204,0,0,0,204,A
7-M,492,0,0,202,0,202,G
7-M,493,205,0,0,0,205,A
7-M,494,0,207,0,0,207,T
7-M,495,0,0,206,0,206,G
7-M,496,0,0,207,0,207,G
7-M,497,0,205,0,0,205,T
7-M,498,1,0,208,0,209,G
7-M,499,0,0,210,0,210,G
7-M,500,0,0,0,210,210,C
7-M,501,209,0,0,0,209,A
7-M,502,209,0,0,0,209,A
7-M,503,0,0,0,210,210,C
7-M,504,210,0,0,0,210,A
7-M,505,211,0,0,0,211,A
7-M,506,0,0,0,211,211,C
7-M,507,1,0,0,206,207,C
7-M,508,206,0,0,0,206,A
7-M,509,205,0,0,0,205,A
7-M,510,0,205,0,0,205,T
7-M,511,0,0,0,206,206,C
7-M,512,0,0,0,202,202,C
7-M,513,199,0,0,0,199,A
7-M,514,0,199,0,0,199,T
7-M,515,0,197,0,0,197,T
7-M,516,200,0,0,0,200,A
7-M,517,199,0,0,0,199,A
7-M,518,0,201,0,0,201,T
7-M,519,199,0,0,0,199,A
7-M,520,199,0,0,0,199,A
7-M,521,195,0,0,0,195,A
7-M,522,198,0,0,0,198,A
7-M,523,0,0,0,203,203,C
7-M,524,203,0,0,0,203,A
7-M,525,0,200,0,0,200,T
7-M,526,0,1,199,0,200,G
7-M,527,200,0,0,0,200,A
7-M,528,0,1,199,0,200,G
7-M,529,201,0,0,0,201,A
7-M,530,203,0,0,0,203,A
7-M,531,0,0,0,205,205,C
7-M,532,195,0,0,0,195,A
7-M,533,0,0,200,0,200,G
7-M,534,201,0,0,0,201,A
7-M,535,199,0,0,0,199,A
7-M,536,0,200,0,0,200,T
7-M,537,0,0,200,0,200,G
7-M,538,0,0,200,0,200,G
7-M,539,0,200,0,0,200,T
7-M,540,0,191,0,0,191,T
7-M,541,0,197,0,0,197,T
7-M,542,0,197,0,0,197,T
7-M,543,0,0,198,0,198,G
7-M,544,0,0,196,0,196,G
7-M,545,0,1,0,195,196,C
7-M,546,0,0,0,193,193,C
7-M,547,193,1,0,0,194,A
7-M,548,0,0,200,0,200,G
7-M,549,0,0,1,199,200,C
7-M,550,202,0,0,0,202,A
7-M,551,0,0,0,206,206,C
7-M,552,0,202,0,1,203,T
7-M,553,204,0,0,0,204,A
7-M,554,0,0,0,205,205,C
7-M,555,208,0,0,0,208,A
7-M,556,0,0,215,0,215,G
7-M,557,2,1,0,201,204,C
7-M,558,0,205,0,0,205,T
7-M,559,206,0,0,0,206,A
7-M,560,205,0,0,0,205,A
7-M,561,0,0,209,0,209,G
7-M,562,0,0,209,0,209,G
7-M,563,0,0,0,210,210,C
7-M,564,0,204,0,0,204,T
7-M,565,202,0,0,0,202,A
7-M,566,0,202,0,0,202,T
7-M,567,0,0,203,0,203,G
7-M,568,0,0,204,0,204,G
7-M,569,197,0,0,0,197,A
7-M,570,0,0,197,0,197,G
7-M,571,0,0,0,193,193,C
7-M,572,192,0,0,0,192,A
7-M,573,192,0,0,0,192,A
7-M,574,191,0,0,0,191,A
7-M,575,0,195,0,0,195,T
7-M,576,0,0,194,0,194,G
7-M,577,0,0,194,0,194,G
7-M,578,0,0,0,192,192,C
7-M,579,0,191,0,0,191,T
7-M,580,0,1,191,0,192,G
7-M,581,0,0,193,0,193,G
7-M,582,193,0,0,0,193,A
7-M,583,0,190,0,0,190,T
7-M,584,0,0,0,187,187,C
7-M,585,188,0,0,0,188,A
7-M,586,188,0,0,0,188,A
7-M,587,0,0,190,0,190,G
7-M,588,2,189,0,0,191,T
7-M,589,0,0,191,0,191,G
7-M,590,187,0,0,0,187,A
7-M,591,187,0,0,0,187,A
7-M,592,0,0,0,188,188,C
7-M,593,187,0,1,0,188,A
7-M,594,0,0,188,0,188,G
7-M,595,0,0,183,0,183,G
7-M,596,0,0,0,186,186,C
7-M,597,186,0,0,0,186,A
7-M,598,0,0,186,0,186,G
7-M,599,0,1,0,185,186,C
7-M,600,0,1,184,0,185,G
7-M,601,0,1,185,0,186,G
7-M,602,185,0,0,0,185,A
7-M,603,0,0,187,0,187,G
7-M,604,0,0,188,0,188,G
7-M,605,0,0,0,187,187,C
7-M,606,0,0,0,187,187,C
7-M,607,186,0,0,0,186,A
7-M,608,0,186,0,0,186,T
7-M,609,0,0,187,0,187,G
7-M,610,1,0,186,0,187,G
7-M,611,183,0,1,0,184,A
7-M,612,0,0,184,0,184,G
7-M,613,176,0,0,0,176,A
7-M,614,0,176,0,0,176,T
7-M,615,0,176,0,0,176,T
7-M,616,0,0,177,0,177,G
7-M,617,0,0,0,176,176,C
7-M,618,0,177,0,0,177,T
7-M,619,179,0,0,0,179,A
7-M,620,0,0,180,0,180,G
7-M,621,0,179,0,0,179,T
7-M,622,1,0,0,177,178,C
7-M,623,171,0,0,0,171,A
7-M,624,0,0,172,0,172,G
7-M,625,0,0,173,0,173,G
7-M,626,0,0,0,173,173,C
7-M,627,0,0,0,173,173,C
7-M,628,169,0,0,0,169,A
7-M,629,0,0,167,0,167,G
7-M,630,0,0,169,0,169,G
7-M,631,0,0,0,169,169,C
7-M,632,169,0,0,0,169,A
7-M,633,0,0,170,0,170,G
7-M,634,170,0,0,0,170,A
7-M,635,0,170,0,0,170,T
7-M,636,0,0,170,0,170,G
7-M,637,0,0,172,0,172,G
7-M,638,0,167,0,0,167,T
7-M,639,0,0,168,0,168,G
7-M,640,0,0,0,167,167,C
7-M,641,166,0,0,0,166,A
7-M,642,0,1,167,0,168,G
7-M,643,0,0,167,0,167,G
7-M,644,0,0,0,167,167,C
7-M,645,168,0,0,0,168,A
7-M,646,164,0,0,0,164,A
7-M,647,0,161,0,0,161,T
7-M,648,0,0,162,0,162,G
7-M,649,162,0,0,0,162,A
7-M,650,0,0,163,0,163,G
7-M,651,155,0,0,0,155,A
7-M,652,0,0,156,0,156,G
7-M,653,0,0,0,157,157,C
7-M,654,1,0,0,154,155,C
7-M,655,158,0,0,0,158,A
7-M,656,0,157,0,0,157,T
7-M,657,0,158,0,0,158,T
7-M,658,0,0,158,0,158,G
7-M,659,0,0,159,0,159,G
7-M,660,0,0,160,0,160,G
7-M,661,162,0,0,0,162,A
7-M,662,0,0,0,160,160,C
7-M,663,0,154,0,0,154,T
7-M,664,0,0,0,157,157,C
7-M,665,160,0,0,0,160,A
7-M,666,0,167,0,0,167,T
7-M,667,0,0,0,166,166,C
7-M,668,0,0,0,167,167,C
7-M,669,0,167,0,0,167,T
7-M,670,165,0,0,0,165,A
7-M,671,0,0,164,0,164,G
7-M,672,0,169,0,0,169,T
7-M,673,0,166,0,0,166,T
7-M,674,0,0,0,166,166,C
7-M,675,0,0,0,162,162,C
7-M,676,161,0,0,0,161,A
7-M,677,0,0,164,0,164,G
7-M,678,0,165,0,0,165,T
7-M,679,164,0,0,0,164,A
7-M,680,0,0,0,163,163,C
7-M,681,0,155,0,0,155,T
7-M,682,0,0,158,0,158,G
7-M,683,0,1,157,0,158,G
7-M,684,0,153,2,0,155,T
7-M,685,0,153,0,0,153,T
7-M,686,0,156,0,0,156,T
7-M,687,156,0,0,0,156,A
7-M,688,158,0,0,0,158,A
7-M,689,0,0,160,0,160,G
7-M,690,158,0,0,0,158,A
7-M,691,0,0,155,0,155,G
7-M,692,149,0,0,0,149,A
7-M,693,0,148,0,0,148,T
7-M,694,0,0,149,0,149,G
7-M,695,148,0,0,0,148,A
7-M,696,0,148,0,0,148,T
7-M,697,0,0,0,150,150,C
7-M,698,0,148,1,0,149,T
7-M,699,0,150,0,0,150,T
7-M,700,0,0,0,149,149,C
7-M,701,0,149,0,0,149,T
7-M,702,0,149,0,0,149,T
7-M,703,0,0,148,0,148,G
7-M,704,148,0,0,0,148,A
7-M,705,149,0,0,0,149,A
7-M,706,147,0,0,0,147,A
7-M,707,148,0,0,0,148,A
7-M,708,0,150,0,0,150,T
7-M,709,1,148,0,0,149,T
7-M,710,0,151,0,0,151,T
7-M,711,0,0,151,0,151,G
7-M,712,0,0,0,150,150,C
7-M,713,150,0,1,0,151,A
7-M,714,0,0,151,0,151,G
7-M,715,149,0,0,0,149,A
7-M,716,0,0,0,155,155,C
7-M,717,0,0,0,153,153,C
7-M,718,0,155,0,0,155,T
7-M,719,157,0,0,0,157,A
7-M,720,0,156,0,0,156,T
7-M,721,0,0,0,157,157,C
7-M,722,156,0,0,0,156,A
7-M,723,0,1,154,0,155,G
7-M,724,153,0,0,0,153,A
7-M,725,147,0,0,0,147,A
7-M,726,148,0,0,0,148,A
7-M,727,0,0,0,149,149,C
7-M,728,0,0,147,0,147,G
7-M,729,149,0,0,0,149,A
7-M,730,148,0,0,0,148,A
7-M,731,0,151,0,0,151,T
7-M,732,0,0,149,0,149,G
7-M,733,0,0,151,0,151,G
7-M,734,0,0,149,0,149,G
7-M,735,1,0,149,0,150,G
7-M,736,0,0,149,0,149,G
7-M,737,0,144,0,0,144,T
7-M,738,0,0,144,0,144,G
7-M,739,0,0,0,144,144,C
7-M,740,145,0,1,0,146,A
7-M,741,0,0,145,0,145,G
7-M,742,145,0,0,0,145,A
7-M,743,1,142,0,0,143,T
7-M,744,0,2,139,0,141,G
7-M,745,0,0,0,138,138,C
7-M,746,141,0,0,0,141,A
7-M,747,139,0,0,0,139,A
7-M,748,0,0,0,147,147,C
7-M,749,0,0,148,0,148,G
7-M,750,147,0,0,0,147,A
7-M,751,0,146,0,0,146,T
7-M,752,0,147,0,0,147,T
7-M,753,0,0,0,149,149,C
7-M,754,145,0,0,0,145,A
7-M,755,142,0,0,0,142,A
7-M,756,0,0,145,0,145,G
7-M,757,0,144,0,0,144,T
7-M,758,0,1,140,0,141,G
7-M,759,140,0,0,0,140,A
7-M,760,0,0,0,141,141,C
7-M,761,0,0,0,138,138,C
7-M,762,0,0,0,140,140,C
7-M,763,0,0,141,0,141,G
7-M,764,0,0,0,140,140,C
7-M,765,0,138,0,0,138,T
7-M,766,0,141,0,0,141,T
7-M,767,0,0,141,0,141,G
7-M,768,0,141,0,0,141,T
7-M,769,0,140,0,0,140,T
7-M,770,0,0,141,0,141,G
7-M,771,0,138,0,1,139,T
7-M,772,0,139,0,0,139,T
7-M,773,0,0,138,0,138,G
7-M,774,0,0,0,138,138,C
7-M,775,0,0,0,138,138,C
7-M,776,0,0,139,0,139,G
7-M,777,0,0,0,137,137,C
7-M,778,0,0,138,0,138,G
7-M,779,140,0,0,0,140,A
7-M,780,141,0,0,0,141,A
7-M,781,0,141,0,0,141,T
7-M,782,140,0,0,0,140,A
7-M,783,0,142,0,0,142,T
7-M,784,1,0,0,143,144,C
7-M,785,144,0,0,0,144,A
7-M,786,0,145,0,0,145,T
7-M,787,0,145,0,0,145,T
7-M,788,0,0,141,0,141,G
7-M,789,0,0,145,0,145,G
7-M,790,0,0,143,0,143,G
7-M,791,144,0,0,0,144,A
7-M,792,0,142,0,0,142,T
7-M,793,0,0,0,141,141,C
7-M,794,0,141,0,0,141,T
7-M,795,0,140,0,0,140,T
7-M,796,0,1,139,0,140,G
7-M,797,0,0,0,140,140,C
7-M,798,142,0,0,0,142,A
7-M,799,0,0,0,143,143,C
7-M,800,0,142,0,0,142,T
7-M,801,0,144,0,0,144,T
7-M,802,0,0,144,0,144,G
7-M,803,144,0,0,0,144,A
7-M,804,0,145,0,0,145,T
7-M,805,143,0,0,0,143,A
7-M,806,0,142,0,0,142,T
7-M,807,0,139,0,0,139,T
7-M,808,0,0,142,0,142,G
7-M,809,0,139,0,0,139,T
7-M,810,0,0,139,0,139,G
7-M,811,0,0,138,0,138,G
7-M,812,137,0,0,0,137,A
7-M,813,0,137,0,0,137,T
7-M,814,0,137,0,0,137,T
7-M,815,0,0,0,135,135,C
7-M,816,0,135,0,0,135,T
7-M,817,0,136,0,0,136,T
7-M,818,0,1,135,0,136,G
7-M,819,135,0,0,0,135,A
7-M,820,0,133,0,0,133,T
7-M,821,0,0,0,135,135,C
7-M,822,0,0,135,0,135,G
7-M,823,0,135,0,0,135,T
7-M,824,0,0,0,134,134,C
7-M,825,0,129,0,1,130,T
7-M,826,0,135,0,0,135,T
7-M,827,0,133,0,0,133,T
7-M,828,0,135,0,0,135,T
7-M,829,0,136,0,0,136,T
7-M,830,0,136,0,0,136,T
7-M,831,0,134,0,1,135,T
7-M,832,0,0,0,136,136,C
7-M,833,135,0,0,0,135,A
7-M,834,135,0,0,0,135,A
7-M,835,135,0,0,0,135,A
7-M,836,0,135,0,0,135,T
7-M,837,0,0,135,0,135,G
7-M,838,0,0,0,135,135,C
7-M,839,0,0,135,0,135,G
7-M,840,0,134,0,1,135,T
7-M,841,0,0,0,134,134,C
7-M,842,0,135,0,0,135,T
7-M,843,135,0,0,0,135,A
7-M,844,0,135,0,0,135,T
7-M,845,0,0,0,135,135,C
7-M,846,0,0,134,0,134,G
7-M,847,134,0,0,0,134,A
7-M,848,0,0,0,134,134,C
7-M,849,0,128,0,0,128,T
7-M,850,0,0,0,131,131,C
7-M,851,0,131,0,0,131,T
7-M,852,0,131,0,0,131,T
7-M,853,0,0,0,131,131,C
7-M,854,130,0,1,0,131,A
7-M,855,131,0,0,0,131,A
7-M,856,129,0,0,0,129,A
7-M,857,0,0,0,130,130,C
7-M,858,130,0,0,0,130,A
7-M,859,0,0,0,125,125,C
7-M,860,0,0,125,0,125,G
7-M,861,0,0,128,0,128,G
7-M,862,0,0,0,129,129,C
7-M,863,0,0,0,130,130,C
7-M,864,1,129,0,0,130,T
7-M,865,0,130,0,0,130,T
7-M,866,130,0,0,0,130,A
7-M,867,130,0,0,0,130,A
7-M,868,130,0,0,0,130,A
7-M,869,129,0,0,0,129,A
7-M,870,0,0,127,0,127,G
7-M,871,102,0,0,0,102,A
7-M,872,0,0,103,0,103,G
7-M,873,0,0,104,0,104,G
7-M,874,0,0,0,102,102,C
7-M,875,0,0,0,103,103,C
7-M,876,0,0,0,100,100,C
7-M,877,0,102,0,0,102,T
7-M,878,0,102,0,0,102,T
7-M,879,0,0,0,102,102,C
7-M,880,0,103,0,0,103,T
7-M,881,103,0,0,0,103,A
7-M,882,0,0,0,103,103,C
7-M,883,0,0,102,0,102,G
7-M,884,0,0,102,0,102,G
7-M,885,95,1,0,0,96,A
7-M,886,96,0,0,0,96,A
7-M,887,0,0,93,0,93,G
7-M,888,0,0,93,0,93,G
7-M,889,91,0,1,0,92,A
7-M,890,0,0,94,0,94,G
7-M,891,0,94,0,0,94,T
7-M,892,94,0,0,0,94,A
7-M,893,0,0,0,94,94,C
7-M,894,0,0,0,92,92,C
7-M,895,0,93,0,0,93,T
7-M,896,0,0,92,0,92,G
7-M,897,90,0,0,0,90,A
7-M,898,0,0,91,0,91,G
7-M,899,0,90,0,0,90,T
7-M,900,1,0,0,89,90,C
7-M,901,0,87,0,0,87,T
7-M,902,86,0,0,0,86,A
7-M,903,0,85,0,0,85,T
7-M,904,0,0,85,0,85,G
7-M,905,83,0,0,0,83,A
7-M,906,0,0,82,0,82,G
7-M,907,0,0,77,0,77,G
7-M,908,0,0,78,0,78,G
7-M,909,78,0,0,0,78,A
7-M,910,77,0,0,0,77,A
7-M,911,0,0,77,0,77,G
7-M,912,75,0,0,0,75,A
7-M,913,78,0,0,0,78,A
7-M,914,0,76,0,0,76,T
7-M,915,74,0,0,0,74,A
7-M,916,0,74,0,0,74,T
7-M,917,0,3,0,70,73,C
7-M,918,0,0,73,0,73,G
7-M,919,73,0,0,0,73,A
7-M,920,73,0,0,0,73,A
7-M,921,73,0,0,0,73,A
7-M,922,0,0,72,0,72,G
7-M,923,0,0,73,0,73,G
7-M,924,70,0,0,0,70,A
7-M,925,71,0,0,0,71,A
7-M,926,0,0,0,71,71,C
7-M,927,71,0,0,0,71,A
7-M,928,0,0,73,0,73,G
7-M,929,0,0,0,73,73,C
7-M,930,73,0,0,0,73,A
7-M,931,0,0,73,0,73,G
7-M,932,70,0,0,0,70,A
7-M,933,69,0,0,0,69,A
7-M,934,0,70,0,0,70,T
7-M,935,0,0,68,0,68,G
7-M,936,0,0,0,67,67,C
7-M,937,0,65,0,0,65,T
7-M,938,0,0,65,0,65,G
7-M,939,0,65,0,0,65,T
7-M,940,0,0,65,0,65,G
7-M,941,0,0,64,0,64,G
7-M,942,64,1,0,0,65,A
7-M,943,0,65,0,0,65,T
7-M,944,0,0,61,0,61,G
7-M,945,0,0,0,59,59,C
7-M,946,0,59,0,0,59,T
7-M,947,0,0,58,0,58,G
7-M,948,58,0,0,0,58,A
7-M,949,0,0,0,58,58,C
7-M,950,0,0,57,0,57,G
7-M,951,56,0,0,0,56,A
7-M,952,0,0,0,56,56,C
7-M,953,54,0,0,0,54,A
7-M,954,0,0,54,0,54,G
7-M,955,0,54,0,0,54,T
7-M,956,0,0,0,54,54,C
7-M,957,53,0,0,0,53,A
7-M,958,0,53,0,0,53,T
7-M,959,0,52,0,0,52,T
7-M,960,0,51,0,0,51,T
7-M,961,0,51,0,0,51,T
7-M,962,0,0,51,0,51,G
7-M,963,0,47,0,0,47,T
7-M,964,0,0,0,47,47,C
7-M,965,45,0,0,0,45,A
7-M,966,0,0,44,0,44,G
7-M,967,0,0,0,44,44,C
7-M,968,44,0,0,0,44,A
7-M,969,0,44,0,0,44,T
7-M,970,43,0,0,0,43,A
7-M,971,0,0,43,0,43,G
7-M,972,43,0,0,0,43,A
7-M,973,0,0,43,0,43,G
7-M,974,0,43,0,0,43,T
7-M,975,0,29,0,0,29,T
7-M,976,0,0,28,0,28,G
7-M,977,0,0,28,0,28,G
7-M,978,28,0,0,0,28,A
7-M,979,0,0,28,0,28,G
7-M,980,0,19,0,0,19,T
7-M,981,19,0,0,0,19,A
7-M,982,19,0,0,0,19,A
8-NS,1,176,0,0,0,176,A
8-NS,2,0,175,0,0,175,T
8-NS,3,0,0,190,0,190,G
8-NS,4,3,0,195,0,198,G
8-NS,5,213,0,0,0,213,A
8-NS,6,0,429,0,0,429,T
8-NS,7,0,430,0,0,430,T
8-NS,8,0,0,0,448,448,C
8-NS,9,0,0,0,446,446,C
8-NS,10,448,0,0,0,448,A
8-NS,11,450,0,1,0,451,A
8-NS,12,0,0,0,452,452,C
8-NS,13,452,1,0,0,453,A
8-NS,14,0,0,0,457,457,C
8-NS,15,0,455,0,1,456,T
8-NS,16,0,0,501,0,501,G
8-NS,17,0,500,0,0,500,T
8-NS,18,0,0,504,0,504,G
8-NS,19,0,503,0,1,504,T
8-NS,20,0,0,0,504,504,C
8-NS,21,505,0,0,0,505,A
8-NS,22,504,0,1,0,505,A
8-NS,23,0,0,512,0,512,G
8-NS,24,0,519,0,0,519,T
8-NS,25,0,515,0,0,515,T
8-NS,26,0,523,0,0,523,T
8-NS,27,1,0,0,519,520,C
8-NS,28,0,0,0,525,525,C
8-NS,29,521,2,0,0,523,A
8-NS,30,0,0,530,0,530,G
8-NS,31,0,1,533,0,534,G
8-NS,32,1,530,0,0,531,T
8-NS,33,534,0,0,0,534,A
8-NS,34,0,0,539,0,539,G
8-NS,35,533,0,0,0,533,A
8-NS,36,0,538,1,0,539,T
8-NS,37,0,534,1,0,535,T
8-NS,38,0,0,544,0,544,G
8-NS,39,0,0,0,544,544,C
8-NS,40,0,545,1,0,546,T
8-NS,41,0,555,1,0,556,T
8-NS,42,0,560,1,0,561,T
8-NS,43,0,0,0,571,571,C
8-NS,44,0,569,0,0,569,T
8-NS,45,0,570,1,1,572,T
8-NS,46,0,574,1,0,575,T
8-NS,47,1,0,583,0,584,G
8-NS,48,1,0,585,0,586,G
8-NS,49,0,2,0,585,587,C
8-NS,50,588,0,0,0,588,A
8-NS,51,0,588,1,0,589,T
8-NS,52,586,1,0,0,587,A
8-NS,53,0,628,1,0,629,T
8-NS,54,0,0,0,638,638,C
8-NS,55,1,0,0,636,637,C
8-NS,56,0,0,632,0,632,G
8-NS,57,0,634,0,1,635,T
8-NS,58,647,1,0,0,648,A
8-NS,59,648,0,0,0,648,A
8-NS,60,648,0,0,0,648,A
8-NS,61,0,0,0,649,649,C
8-NS,62,643,0,0,0,643,A
8-NS,63,645,0,0,0,645,A
8-NS,64,0,0,674,0,674,G
8-NS,65,0,677,0,0,677,T
8-NS,66,0,676,0,0,676,T
8-NS,67,0,1,676,0,677,G
8-NS,68,0,677,0,0,677,T
8-NS,69,678,0,0,0,678,A
8-NS,70,0,0,681,0,681,G
8-NS,71,717,0,0,0,717,A
8-NS,72,0,0,0,721,721,C
8-NS,73,0,0,0,718,718,C
8-NS,74,722,0,0,0,722,A
8-NS,75,725,0,0,0,725,A
8-NS,76,0,0,765,0,765,G
8-NS,77,766,0,0,0,766,A
8-NS,78,775,0,0,0,775,A
8-NS,79,0,1,0,775,776,C
8-NS,80,0,766,0,1,767,T
8-NS,81,0,1,775,0,776,G
8-NS,82,774,1,2,0,777,A
8-NS,83,0,0,790,0,790,G
8-NS,84,0,793,1,0,794,T
8-NS,85,0,0,783,0,783,G
8-NS,86,784,0,0,0,784,A
8-NS,87,0,786,0,0,786,T
8-NS,88,2,0,790,0,792,G
8-NS,89,1,1,0,796,798,C
8-NS,90,0,1,0,801,802,C
8-NS,91,0,0,0,806,806,C
8-NS,92,0,0,0,804,804,C
8-NS,93,806,0,1,0,807,A
8-NS,94,0,818,0,0,818,T
8-NS,95,0,832,0,0,832,T
8-NS,96,0,0,0,837,837,C
8-NS,97,0,0,0,830,830,C
8-NS,98,0,832,0,1,833,T
8-NS,99,0,830,0,1,831,T
8-NS,100,0,0,829,0,829,G
8-NS,101,829,0,0,0,829,A
8-NS,102,0,832,0,0,832,T
8-NS,103,1,0,0,830,831,C
8-NS,104,1,1,823,0,825,G
8-NS,105,1,1,830,0,832,G
8-NS,106,0,0,0,833,833,C
8-NS,107,0,833,0,0,833,T
8-NS,108,1,833,0,0,834,T
8-NS,109,0,0,0,834,834,C
8-NS,110,0,0,838,0,838,G
8-NS,111,1,0,0,838,839,C
8-NS,112,0,0,0,836,836,C
8-NS,113,0,0,837,0,837,G
8-NS,114,833,0,1,0,834,A
8-NS,115,0,0,864,0,864,G
8-NS,116,863,0,0,0,863,A
8-NS,117,0,860,1,1,862,T
8-NS,118,2,1,0,863,866,C
8-NS,119,869,0,0,0,869,A
8-NS,120,0,0,873,0,873,G
8-NS,121,874,0,0,0,874,A
8-NS,122,0,0,875,0,875,G
8-NS,123,0,0,888,0,888,G
8-NS,124,0,903,0,0,903,T
8-NS,125,2,0,0,956,958,C
8-NS,126,0,0,0,958,958,C
8-NS,127,2,0,0,958,960,C
8-NS,128,0,964,0,0,964,T
8-NS,129,967,0,0,0,967,A
8-NS,130,965,0,0,0,965,A
8-NS,131,0,1,977,0,978,G
8-NS,132,0,1,973,0,974,G
8-NS,133,0,0,965,0,965,G
8-NS,134,1,0,944,0,945,G
8-NS,135,943,0,0,0,943,A
8-NS,136,946,0,0,0,946,A
8-NS,137,0,2,952,0,954,G
8-NS,138,976,2,0,0,978,A
8-NS,139,0,0,993,0,993,G
8-NS,140,0,0,993,0,993,G
8-NS,141,0,0,0,992,992,C
8-NS,142,991,0,0,0,991,A
8-NS,143,991,1,0,0,992,A
8-NS,144,0,996,0,0,996,T
8-NS,145,1006,0,0,0,1006,A
8-NS,146,0,0,0,1020,1020,C
8-NS,147,0,1007,0,5,1012,T
8-NS,148,2,0,0,1010,1012,C
8-NS,149,0,1006,0,0,1006,T
8-NS,150,4,1,0,1009,1014,C
8-NS,151,0,0,1022,0,1022,G
8-NS,152,0,0,1064,0,1064,G
8-NS,153,0,1060,0,2,1062,T
8-NS,154,2,0,0,1063,1065,C
8-NS,155,0,1061,0,0,1061,T
8-NS,156,1066,0,0,0,1066,A
8-NS,157,0,1,1063,0,1064,G
8-NS,158,1068,0,1,0,1069,A
8-NS,159,0,2,0,1087,1089,C
8-NS,160,1067,0,0,0,1067,A
8-NS,161,0,1054,0,0,1054,T
8-NS,162,0,0,1,1051,1052,C
8-NS,163,1049,0,0,0,1049,A
8-NS,164,1049,1,0,0,1050,A
8-NS,165,1046,0,0,0,1046,A
8-NS,166,0,0,1049,0,1049,G
8-NS,167,0,0,0,1054,1054,C
8-NS,168,1042,0,0,0,1042,A
8-NS,169,1,0,1048,0,1049,G
8-NS,170,0,0,0,1047,1047,C
8-NS,171,0,0,0,1050,1050,C
8-NS,172,1055,0,0,0,1055,A
8-NS,173,1,0,0,1066,1067,C
8-NS,174,0,0,0,1065,1065,C
8-NS,175,1,0,0,1069,1070,C
8-NS,176,1083,3,0,0,1086,A
8-NS,177,0,1086,0,0,1086,T
8-NS,178,0,0,1086,0,1086,G
8-NS,179,0,1084,0,0,1084,T
8-NS,180,0,1082,0,2,1084,T
8-NS,181,1,0,1077,0,1078,G
8-NS,182,1,0,1070,0,1071,G
8-NS,183,1073,0,0,0,1073,A
8-NS,184,1073,0,2,0,1075,A
8-NS,185,1070,0,0,0,1070,A
8-NS,186,2,0,1073,0,1075,G
8-NS,187,0,0,0,1077,1077,C
8-NS,188,1080,0,0,0,1080,A
8-NS,189,1069,3,0,1,1073,A
8-NS,190,1068,0,1,0,1069,A
8-NS,191,0,1074,0,0,1074,T
8-NS,192,0,1037,0,35,1072,T
8-NS,193,0,0,1097,0,1097,G
8-NS,194,0,1095,0,1,1096,T
8-NS,195,1093,0,0,0,1093,A
8-NS,196,0,2,1092,0,1094,G
8-NS,197,1089,0,0,0,1089,A
8-NS,198,1086,0,1,0,1087,A
8-NS,199,1083,0,0,0,1083,A
8-NS,200,1086,0,0,0,1086,A
8-NS,201,0,0,1089,0,1089,G
8-NS,202,1078,0,1,0,1079,A
8-NS,203,0,1082,0,0,1082,T
8-NS,204,0,1074,0,0,1074,T
8-NS,205,0,0,0,1081,1081,C
8-NS,206,1,1078,0,0,1079,T
8-NS,207,2,1,1079,0,1082,G
8-NS,208,1083,0,0,0,1083,A
8-NS,209,1080,0,0,0,1080,A
8-NS,210,1079,0,2,1,1082,A
8-NS,211,0,1,1083,0,1084,G
8-NS,212,1086,0,1,0,1087,A
8-NS,213,1089,0,0,0,1089,A
8-NS,214,0,0,1091,0,1091,G
8-NS,215,1093,1,2,0,1096,A
8-NS,216,1094,0,1,0,1095,A
8-NS,217,1,1093,0,0,1094,T
8-NS,218,1,0,0,1102,1103,C
8-NS,219,0,1102,0,1,1103,T
8-NS,220,0,1,1108,0,1109,G
8-NS,221,1112,0,0,0,1112,A
8-NS,222,0,1111,0,1,1112,T
8-NS,223,0,1,1105,0,1106,G
8-NS,224,1091,0,0,0,1091,A
8-NS,225,0,2,1086,1,1089,G
8-NS,226,1,0,1089,0,1090,G
8-NS,227,0,0,0,1077,1077,C
8-NS,228,1085,0,1,0,1086,A
8-NS,229,1,0,0,1123,1124,C
8-NS,230,2,1117,1,0,1120,T
8-NS,231,0,1127,0,0,1127,T
8-NS,232,1127,2,1,0,1130,A
8-NS,233,1132,0,0,0,1132,A
8-NS,234,1128,0,0,0,1128,A
8-NS,235,1125,0,0,0,1125,A
8-NS,236,0,1123,0,0,1123,T
8-NS,237,0,4,1110,0,1114,G
8-NS,238,1115,1,1,0,1117,A
8-NS,239,0,1,0,1115,1116,C
8-NS,240,0,1,0,1111,1112,C
8-NS,241,1115,1,2,0,1118,A
8-NS,242,0,1112,0,0,1112,T
8-NS,243,1,0,1150,0,1151,G
8-NS,244,0,0,1160,0,1160,G
8-NS,245,0,1167,0,3,1170,T
8-NS,246,0,2,0,1228,1230,C
8-NS,247,0,1223,0,4,1227,T
8-NS,248,1,0,0,1243,1244,C
8-NS,249,1,1,0,1240,1242,C
8-NS,250,1247,0,3,0,1250,A
8-NS,251,0,1,0,1256,1257,C
8-NS,252,1239,0,2,0,1241,A
8-NS,253,1,0,1,1234,1236,C
8-NS,254,0,1,0,1228,1229,C
8-NS,255,0,1191,0,3,1194,T
8-NS,256,0,0,1198,0,1198,G
8-NS,257,0,1,0,1187,1188,C
8-NS,258,0,1175,0,0,1175,T
8-NS,259,0,1177,0,0,1177,T
8-NS,260,0,0,0,1174,1174,C
8-NS,261,0,0,1180,0,1180,G
8-NS,262,0,1,0,1180,1181,C
8-NS,263,0,2,1175,0,1177,G
8-NS,264,1233,0,2,0,1235,A
8-NS,265,0,1232,0,0,1232,T
8-NS,266,1280,0,0,0,1280,A
8-NS,267,0,1,0,1285,1286,C
8-NS,268,1274,0,0,0,1274,A
8-NS,269,0,1305,0,1,1306,T
8-NS,270,1296,0,1,1,1298,A
8-NS,271,1311,0,0,0,1311,A
8-NS,272,0,2,0,1310,1312,C
8-NS,273,0,1266,0,0,1266,T
8-NS,274,0,2,1275,0,1277,G
8-NS,275,1254,0,1,0,1255,A
8-NS,276,2,0,0,1260,1262,C
8-NS,277,1255,0,1,0,1256,A
8-NS,278,0,1258,0,0,1258,T
8-NS,279,0,1,1258,1,1260,G
8-NS,280,1259,0,1,0,1260,A
8-NS,281,0,0,0,1289,1289,C
8-NS,282,0,1280,0,0,1280,T
8-NS,283,1299,0,0,1,1300,A
8-NS,284,0,1296,0,0,1296,T
8-NS,285,0,1292,0,0,1292,T
8-NS,286,2,2,1286,0,1290,G
8-NS,287,1286,0,1,0,1287,A
8-NS,288,1,0,1283,1,1285,G
8-NS,289,0,2,1277,0,1279,G
8-NS,290,1244,0,0,0,1244,A
8-NS,291,1249,0,0,0,1249,A
8-NS,292,0,1222,2,0,1224,T
8-NS,293,0,1225,0,1,1226,T
8-NS,294,0,0,1239,0,1239,G
8-NS,295,1,1242,0,1,1244,T
8-NS,296,3,3,0,1238,1244,C
8-NS,297,1243,0,0,0,1243,A
8-NS,298,1244,0,0,0,1244,A
8-NS,299,0,0,1242,0,1242,G
8-NS,300,1254,0,0,0,1254,A
8-NS,301,1250,2,0,0,1252,A
8-NS,302,1252,0,0,0,1252,A
8-NS,303,2,0,0,1250,1252,C
8-NS,304,0,1232,0,0,1232,T
8-NS,305,0,0,1250,0,1250,G
8-NS,306,3,0,1263,0,1266,G
8-NS,307,0,1266,0,0,1266,T
8-NS,308,0,1268,0,2,1270,T
8-NS,309,2,2,0,1255,1259,C
8-NS,310,1263,0,1,0,1264,A
8-NS,311,0,1273,0,0,1273,T
8-NS,312,2,0,1283,0,1285,G
8-NS,313,0,0,0,1291,1291,C
8-NS,314,1,1279,0,1,1281,T
8-NS,315,1266,0,1,0,1267,A
8-NS,316,1297,0,1,0,1298,A
8-NS,317,0,1307,0,0,1307,T
8-NS,318,1,1,1298,0,1300,G
8-NS,319,0,0,1,1289,1290,C
8-NS,320,2,0,0,1275,1277,C
8-NS,321,1,0,0,1282,1283,C
8-NS,322,1287,0,0,0,1287,A
8-NS,323,1288,0,0,0,1288,A
8-NS,324,0,0,1291,0,1291,G
8-NS,325,0,0,0,1287,1287,C
8-NS,326,1283,0,1,0,1284,A
8-NS,327,1,0,1288,0,1289,G
8-NS,328,1288,0,1,0,1289,A
8-NS,329,1285,1,0,0,1286,A
8-NS,330,1285,0,0,0,1285,A
8-NS,331,1279,0,0,0,1279,A
8-NS,332,0,1287,0,0,1287,T
8-NS,333,0,1,1284,0,1285,G
8-NS,334,0,0,1294,0,1294,G
8-NS,335,1291,0,1,0,1292,A
8-NS,336,1278,0,1,0,1279,A
8-NS,337,0,0,1274,0,1274,G
8-NS,338,0,0,1280,0,1280,G
8-NS,339,1282,0,0,1,1283,A
8-NS,340,0,0,0,1274,1274,C
8-NS,341,1,0,0,1283,1284,C
8-NS,342,0,1286,0,0,1286,T
8-NS,343,1,0,0,1305,1306,C
8-NS,344,1,1300,0,0,1301,T
8-NS,345,0,1309,0,1,1310,T
8-NS,346,0,1303,1,2,1306,T
8-NS,347,0,0,1305,0,1305,G
8-NS,348,0,2,0,1320,1322,C
8-NS,349,1313,1,0,0,1314,A
8-NS,350,1,1313,0,0,1314,T
8-NS,351,0,0,0,1317,1317,C
8-NS,352,1351,0,0,0,1351,A
8-NS,353,0,1,1380,0,1381,G
8-NS,354,1383,0,0,0,1383,A
8-NS,355,1387,0,1,0,1388,A
8-NS,356,0,1384,0,0,1384,T
8-NS,357,0,0,1376,0,1376,G
8-NS,358,3,1,1391,0,1395,G
8-NS,359,1392,1,1,0,1394,A
8-NS,360,0,0,0,1396,1396,C
8-NS,361,1,1,0,1364,1366,C
8-NS,362,1337,0,0,0,1337,A
8-NS,363,1,0,1342,0,1343,G
8-NS,364,1,1,1345,0,1347,G
8-NS,365,0,0,0,1342,1342,C
8-NS,366,1340,1,0,0,1341,A
8-NS,367,1343,0,1,0,1344,A
8-NS,368,0,1335,0,4,1339,T
8-NS,369,0,0,1,1336,1337,C
8-NS,370,1335,1,1,0,1337,A
8-NS,371,0,1325,0,1,1326,T
8-NS,372,1,0,1311,0,1312,G
8-NS,373,0,0,1313,0,1313,G
8-NS,374,1307,1,0,0,1308,A
8-NS,375,1,0,1323,0,1324,G
8-NS,376,1307,0,0,0,1307,A
8-NS,377,1308,0,0,0,1308,A
8-NS,378,1310,0,0,0,1310,A
8-NS,379,1303,0,1,0,1304,A
8-NS,380,1315,0,1,1,1317,A
8-NS,381,0,0,0,1316,1316,C
8-NS,382,1311,1,1,0,1313,A
8-NS,383,0,1309,0,0,1309,T
8-NS,384,1,0,0,1299,1300,C
8-NS,385,1298,2,1,0,1301,A
8-NS,386,0,1314,0,0,1314,T
8-NS,387,0,0,1311,0,1311,G
8-NS,388,0,1303,0,6,1309,T
8-NS,389,0,1301,1,1,1303,T
8-NS,390,0,0,1305,0,1305,G
8-NS,391,1300,0,1,0,1301,A
8-NS,392,1304,0,0,0,1304,A
8-NS,393,1303,0,1,0,1304,A
8-NS,394,0,0,1303,0,1303,G
8-NS,395,0,1,0,1305,1306,C
8-NS,396,0,1,1302,0,1303,G
8-NS,397,1301,0,0,0,1301,A
8-NS,398,1299,0,0,0,1299,A
8-NS,399,0,1298,0,0,1298,T
8-NS,400,0,1296,0,2,1298,T
8-NS,401,0,1303,0,0,1303,T
8-NS,402,1,0,0,1302,1303,C
8-NS,403,1295,1,2,0,1298,A
8-NS,404,2,0,1297,0,1299,G
8-NS,405,1,1294,0,1,1296,T
8-NS,406,0,0,1298,0,1298,G
8-NS,407,0,1292,0,3,1295,T
8-NS,408,1,2,1297,0,1300,G
8-NS,409,1307,1,0,0,1308,A
8-NS,410,0,1294,1,0,1295,T
8-NS,411,0,1303,0,0,1303,T
8-NS,412,0,1305,0,0,1305,T
8-NS,413,0,1306,0,0,1306,T
8-NS,414,0,1306,0,0,1306,T
8-NS,415,0,1,1300,0,1301,G
8-NS,416,1306,0,1,0,1307,A
8-NS,417,0,2,0,1294,1296,C
8-NS,418,1,0,0,1282,1283,C
8-NS,419,0,0,1301,0,1301,G
8-NS,420,1373,0,0,0,1373,A
8-NS,421,0,0,0,1386,1386,C
8-NS,422,0,1387,0,0,1387,T
8-NS,423,1397,0,0,0,1397,A
8-NS,424,0,1,1399,0,1400,G
8-NS,425,1396,0,3,0,1399,A
8-NS,426,0,1,1411,0,1412,G
8-NS,427,1400,0,2,0,1402,A
8-NS,428,1,0,0,1431,1432,C
8-NS,429,1,0,0,1388,1389,C
8-NS,430,1352,0,0,0,1352,A
8-NS,431,0,1435,0,2,1437,T
8-NS,432,1432,0,0,0,1432,A
8-NS,433,1,0,1539,0,1540,G
8-NS,434,0,1526,0,0,1526,T
8-NS,435,1513,0,0,0,1513,A
8-NS,436,0,1514,0,0,1514,T
8-NS,437,0,1473,0,2,1475,T
8-NS,438,1518,1,0,0,1519,A
8-NS,439,0,0,0,1516,1516,C
8-NS,440,0,1465,0,1,1466,T
8-NS,441,1459,0,1,0,1460,A
8-NS,442,1335,0,1,0,1336,A
8-NS,443,1,1,1340,0,1342,G
8-NS,444,2,0,1337,2,1341,G
8-NS,445,1,0,1337,0,1338,G
8-NS,446,0,1,0,1317,1318,C
8-NS,447,0,1301,0,3,1304,T
8-NS,448,0,1304,0,0,1304,T
8-NS,449,0,1313,0,1,1314,T
8-NS,450,4,0,0,1317,1321,C
8-NS,451,1340,0,2,0,1342,A
8-NS,452,0,0,0,1337,1337,C
8-NS,453,1,0,0,1322,1323,C
8-NS,454,0,1,1325,0,1326,G
8-NS,455,1322,0,0,0,1322,A
8-NS,456,1325,0,2,0,1327,A
8-NS,457,0,1,1320,0,1321,G
8-NS,458,1308,1,1,0,1310,A
8-NS,459,0,2,1306,0,1308,G
8-NS,460,3,1,1288,0,1292,G
8-NS,461,0,1,1295,0,1296,G
8-NS,462,1292,0,2,0,1294,A
8-NS,463,0,0,1298,0,1298,G
8-NS,464,0,0,0,1300,1300,C
8-NS,465,1300,1,0,0,1301,A
8-NS,466,1300,0,0,0,1300,A
8-NS,467,0,1298,0,0,1298,T
8-NS,468,0,1291,0,0,1291,T
8-NS,469,0,0,1298,0,1298,G
8-NS,470,0,1288,0,0,1288,T
8-NS,471,0,1286,0,1,1287,T
8-NS,472,1,2,1282,0,1285,G
8-NS,473,0,0,1281,0,1281,G
8-NS,474,0,0,0,1277,1277,C
8-NS,475,0,0,1280,0,1280,G
8-NS,476,1281,0,1,0,1282,A
8-NS,477,1288,0,3,0,1291,A
8-NS,478,1291,0,1,0,1292,A
8-NS,479,0,1292,0,3,1295,T
8-NS,480,1,0,0,1295,1296,C
8-NS,481,0,1291,0,0,1291,T
8-NS,482,0,0,0,1291,1291,C
8-NS,483,1294,0,4,0,1298,A
8-NS,484,1,0,0,1295,1296,C
8-NS,485,1,0,0,1301,1302,C
8-NS,486,1291,0,0,0,1291,A
8-NS,487,0,1294,0,1,1295,T
8-NS,488,0,1286,0,1,1287,T
8-NS,489,0,0,1284,0,1284,G
8-NS,490,1,2,0,1286,1289,C
8-NS,491,0,0,0,1289,1289,C
8-NS,492,1,1284,0,6,1291,T
8-NS,493,0,1286,0,0,1286,T
8-NS,494,0,0,0,1289,1289,C
8-NS,495,0,1287,0,2,1289,T
8-NS,496,0,1291,0,0,1291,T
8-NS,497,0,1311,0,0,1311,T
8-NS,498,0,1307,0,1,1308,T
8-NS,499,3,1,0,1300,1304,C
8-NS,500,2,0,0,1302,1304,C
8-NS,501,1300,0,3,0,1303,A
8-NS,502,0,0,1318,0,1318,G
8-NS,503,0,1,1318,0,1319,G
8-NS,504,1338,0,3,0,1341,A
8-NS,505,0,0,0,1340,1340,C
8-NS,506,1337,0,1,1,1339,A
8-NS,507,0,1344,0,1,1345,T
8-NS,508,1349,0,1,0,1350,A
8-NS,509,0,1,0,1442,1443,C
8-NS,510,0,1439,0,1,1440,T
8-NS,511,1438,0,0,0,1438,A
8-NS,512,0,1434,0,0,1434,T
8-NS,513,0,1396,0,0,1396,T
8-NS,514,0,0,1395,0,1395,G
8-NS,515,1345,0,5,0,1350,A
8-NS,516,0,2,1348,0,1350,G
8-NS,517,0,0,1345,0,1345,G
8-NS,518,1238,1,0,0,1239,A
8-NS,519,0,1240,0,1,1241,T
8-NS,520,0,0,1244,0,1244,G
8-NS,521,0,1238,0,1,1239,T
8-NS,522,1,0,0,1245,1246,C
8-NS,523,1245,0,1,0,1246,A
8-NS,524,1244,0,0,0,1244,A
8-NS,525,1242,0,0,0,1242,A
8-NS,526,1238,0,1,0,1239,A
8-NS,527,1249,1,0,0,1250,A
8-NS,528,0,1244,0,0,1244,T
8-NS,529,0,0,1245,0,1245,G
8-NS,530,0,0,0,1258,1258,C
8-NS,531,1253,0,0,0,1253,A
8-NS,532,1255,0,0,1,1256,A
8-NS,533,0,1261,0,0,1261,T
8-NS,534,2,1260,0,0,1262,T
8-NS,535,0,3,1249,0,1252,G
8-NS,536,2,2,1243,0,1247,G
8-NS,537,0,1,1252,0,1253,G
8-NS,538,0,0,1257,0,1257,G
8-NS,539,0,1243,0,1,1244,T
8-NS,540,2,1,0,1256,1259,C
8-NS,541,0,0,0,1254,1254,C
8-NS,542,1,1247,0,2,1250,T
8-NS,543,1,1,0,1264,1266,C
8-NS,544,1267,1,0,0,1268,A
8-NS,545,0,1265,0,0,1265,T
8-NS,546,2,0,0,1272,1274,C
8-NS,547,0,0,1265,0,1265,G
8-NS,548,1,0,1265,0,1266,G
8-NS,549,1235,0,0,0,1235,A
8-NS,550,0,2,1241,0,1243,G
8-NS,551,1,3,1234,1,1239,G
8-NS,552,1237,0,1,0,1238,A
8-NS,553,0,0,0,1256,1256,C
8-NS,554,1,1254,0,0,1255,T
8-NS,555,0,1252,0,1,1253,T
8-NS,556,0,1,1265,0,1266,G
8-NS,557,1256,0,0,0,1256,A
8-NS,558,1260,0,0,0,1260,A
8-NS,559,1,1253,0,1,1255,T
8-NS,560,1,1,1229,0,1231,G
8-NS,561,0,1,1260,0,1261,G
8-NS,562,1247,0,1,0,1248,A
8-NS,563,1262,1,1,0,1264,A
8-NS,564,0,1310,1,0,1311,T
8-NS,565,0,0,1310,0,1310,G
8-NS,566,1311,0,0,0,1311,A
8-NS,567,0,1311,0,1,1312,T
8-NS,568,1309,0,0,0,1309,A
8-NS,569,1315,0,2,1,1318,A
8-NS,570,0,0,0,1301,1301,C
8-NS,571,1279,0,4,0,1283,A
8-NS,572,0,1,0,1295,1296,C
8-NS,573,1187,0,0,0,1187,A
8-NS,574,0,0,1205,0,1205,G
8-NS,575,0,1200,0,0,1200,T
8-NS,576,0,1200,0,0,1200,T
8-NS,577,2,1,0,1192,1195,C
8-NS,578,0,2,1192,0,1194,G
8-NS,579,1193,0,0,0,1193,A
8-NS,580,0,0,1194,0,1194,G
8-NS,581,0,1183,0,0,1183,T
8-NS,582,2,1,0,1182,1185,C
8-NS,583,0,1167,0,2,1169,T
8-NS,584,0,0,0,1183,1183,C
8-NS,585,0,1185,0,2,1187,T
8-NS,586,1188,0,0,0,1188,A
8-NS,587,1183,0,0,0,1183,A
8-NS,588,1181,0,1,0,1182,A
8-NS,589,1185,0,0,0,1185,A
8-NS,590,1189,1,0,0,1190,A
8-NS,591,0,1177,0,0,1177,T
8-NS,592,0,0,0,1187,1187,C
8-NS,593,0,1182,0,0,1182,T
8-NS,594,1190,0,0,0,1190,A
8-NS,595,0,0,0,1190,1190,C
8-NS,596,1187,0,0,0,1187,A
8-NS,597,0,0,1190,0,1190,G
8-NS,598,1168,0,0,1,1169,A
8-NS,599,0,0,1168,0,1168,G
8-NS,600,1165,0,0,0,1165,A
8-NS,601,0,1155,0,0,1155,T
8-NS,602,0,1154,0,0,1154,T
8-NS,603,5,1,0,1150,1156,C
8-NS,604,1,0,1156,0,1157,G
8-NS,605,0,0,0,1161,1161,C
8-NS,606,0,1145,0,1,1146,T
8-NS,607,0,1149,0,1,1150,T
8-NS,608,0,1,1141,0,1142,G
8-NS,609,1,0,1146,0,1147,G
8-NS,610,1150,0,2,0,1152,A
8-NS,611,0,0,1149,0,1149,G
8-NS,612,1137,0,0,0,1137,A
8-NS,613,1133,1,0,0,1134,A
8-NS,614,0,2,1154,0,1156,G
8-NS,615,0,0,0,1158,1158,C
8-NS,616,1157,0,0,0,1157,A
8-NS,617,0,0,1183,0,1183,G
8-NS,618,0,1175,0,0,1175,T
8-NS,619,1185,0,0,0,1185,A
8-NS,620,1183,0,0,0,1183,A
8-NS,621,0,1181,0,1,1182,T
8-NS,622,0,2,1182,0,1184,G
8-NS,623,1139,0,1,1,1141,A
8-NS,624,0,0,1154,0,1154,G
8-NS,625,1147,0,2,0,1149,A
8-NS,626,1107,0,1,0,1108,A
8-NS,627,1,1099,0,0,1100,T
8-NS,628,0,1,1089,0,1090,G
8-NS,629,0,0,1087,0,1087,G
8-NS,630,0,0,1076,0,1076,G
8-NS,631,0,3,1074,0,1077,G
8-NS,632,1,0,1079,0,1080,G
8-NS,633,1056,0,1,0,1057,A
8-NS,634,0,1039,0,0,1039,T
8-NS,635,0,0,0,1049,1049,C
8-NS,636,0,1046,0,5,1051,T
8-NS,637,1,0,0,1057,1058,C
8-NS,638,0,1,0,1060,1061,C
8-NS,639,1067,0,0,0,1067,A
8-NS,640,1,0,0,1061,1062,C
8-NS,641,0,1043,0,2,1045,T
8-NS,642,0,1041,0,0,1041,T
8-NS,643,1026,0,0,0,1026,A
8-NS,644,0,0,1,1026,1027,C
8-NS,645,0,1015,0,1,1016,T
8-NS,646,1,0,0,1015,1016,C
8-NS,647,2,1,0,1010,1013,C
8-NS,648,1018,0,1,0,1019,A
8-NS,649,1017,0,0,0,1017,A
8-NS,650,1020,0,0,0,1020,A
8-NS,651,1018,0,0,1,1019,A
8-NS,652,0,0,0,1021,1021,C
8-NS,653,998,0,0,0,998,A
8-NS,654,0,1,996,0,997,G
8-NS,655,988,0,3,0,991,A
8-NS,656,993,0,0,0,993,A
8-NS,657,991,0,1,1,993,A
8-NS,658,0,0,0,996,996,C
8-NS,659,0,2,989,0,991,G
8-NS,660,0,1,995,0,996,G
8-NS,661,0,1,994,0,995,G
8-NS,662,993,0,1,0,994,A
8-NS,663,988,0,0,0,988,A
8-NS,664,985,0,1,0,986,A
8-NS,665,0,985,0,0,985,T
8-NS,666,1,0,986,0,987,G
8-NS,667,0,0,987,0,987,G
8-NS,668,0,0,1,975,976,C
8-NS,669,0,0,980,0,980,G
8-NS,670,976,0,2,0,978,A
8-NS,671,0,0,982,0,982,G
8-NS,672,980,1,1,0,982,A
8-NS,673,977,0,3,0,980,A
8-NS,674,1,0,0,984,985,C
8-NS,675,965,0,1,0,966,A
8-NS,676,0,0,965,0,965,G
8-NS,677,0,0,0,961,961,C
8-NS,678,0,966,1,0,967,T
8-NS,679,964,0,0,0,964,A
8-NS,680,0,0,956,0,956,G
8-NS,681,0,0,955,0,955,G
8-NS,682,0,953,0,0,953,T
8-NS,683,3,1,0,924,928,C
8-NS,684,936,0,0,0,936,A
8-NS,685,935,0,0,0,935,A
8-NS,686,934,0,1,0,935,A
8-NS,687,938,0,0,1,939,A
8-NS,688,0,0,941,0,941,G
8-NS,689,0,921,0,0,921,T
8-NS,690,0,919,0,0,919,T
8-NS,691,1,917,0,0,918,T
8-NS,692,0,2,917,1,920,G
8-NS,693,919,0,1,0,920,A
8-NS,694,922,0,0,0,922,A
8-NS,695,0,0,926,1,927,G
8-NS,696,911,0,1,0,912,A
8-NS,697,0,1,917,0,918,G
8-NS,698,913,0,0,0,913,A
8-NS,699,0,913,1,0,914,T
8-NS,700,915,0,0,0,915,A
8-NS,701,911,0,1,0,912,A
8-NS,702,0,0,912,0,912,G
8-NS,703,846,0,0,0,846,A
8-NS,704,0,848,0,0,848,T
8-NS,705,0,0,855,0,855,G
8-NS,706,0,1,853,0,854,G
8-NS,707,0,0,0,851,851,C
8-NS,708,1,849,0,0,850,T
8-NS,709,851,0,0,0,851,A
8-NS,710,856,0,0,0,856,A
8-NS,711,0,851,0,0,851,T
8-NS,712,0,848,0,0,848,T
8-NS,713,0,1,849,0,850,G
8-NS,714,840,0,0,0,840,A
8-NS,715,839,0,0,0,839,A
8-NS,716,0,0,837,0,837,G
8-NS,717,836,0,0,0,836,A
8-NS,718,822,0,2,1,825,A
8-NS,719,1,0,827,0,828,G
8-NS,720,0,814,0,2,816,T
8-NS,721,0,1,817,0,818,G
8-NS,722,803,0,0,0,803,A
8-NS,723,1,1,801,0,803,G
8-NS,724,805,0,1,0,806,A
8-NS,725,0,0,0,792,792,C
8-NS,726,790,1,1,0,792,A
8-NS,727,0,3,0,789,792,C
8-NS,728,747,1,0,0,748,A
8-NS,729,0,0,757,0,757,G
8-NS,730,753,0,0,0,753,A
8-NS,731,0,744,0,1,745,T
8-NS,732,0,746,0,0,746,T
8-NS,733,744,0,1,0,745,A
8-NS,734,742,1,0,0,743,A
8-NS,735,743,0,0,0,743,A
8-NS,736,742,0,0,0,742,A
8-NS,737,740,0,0,0,740,A
8-NS,738,0,0,0,700,700,C
8-NS,739,662,0,0,0,662,A
8-NS,740,666,1,0,0,667,A
8-NS,741,0,0,0,667,667,C
8-NS,742,0,663,0,1,664,T
8-NS,743,0,0,665,0,665,G
8-NS,744,657,0,0,0,657,A
8-NS,745,661,0,1,0,662,A
8-NS,746,659,0,1,0,660,A
8-NS,747,652,0,0,0,652,A
8-NS,748,0,651,0,0,651,T
8-NS,749,638,0,2,0,640,A
8-NS,750,1,0,643,0,644,G
8-NS,751,0,0,0,639,639,C
8-NS,752,0,630,0,0,630,T
8-NS,753,0,627,0,1,628,T
8-NS,754,0,623,0,0,623,T
8-NS,755,0,0,623,0,623,G
8-NS,756,623,0,0,0,623,A
8-NS,757,621,0,1,0,622,A
8-NS,758,0,1,0,619,620,C
8-NS,759,597,0,0,0,597,A
8-NS,760,598,0,0,0,598,A
8-NS,761,598,0,0,0,598,A
8-NS,762,0,597,0,0,597,T
8-NS,763,597,0,0,0,597,A
8-NS,764,593,0,0,0,593,A
8-NS,765,0,0,0,591,591,C
8-NS,766,588,1,0,0,589,A
8-NS,767,0,586,1,0,587,T
8-NS,768,0,572,0,0,572,T
8-NS,769,2,0,0,564,566,C
8-NS,770,567,0,0,0,567,A
8-NS,771,0,564,0,1,565,T
8-NS,772,2,0,565,0,567,G
8-NS,773,0,0,0,552,552,C
8-NS,774,550,0,0,0,550,A
8-NS,775,543,0,5,0,548,A
8-NS,776,0,0,545,0,545,G
8-NS,777,0,0,0,547,547,C
8-NS,778,539,0,0,0,539,A
8-NS,779,1,539,0,0,540,T
8-NS,780,0,533,0,1,534,T
8-NS,781,533,0,0,0,533,A
8-NS,782,0,0,0,533,533,C
8-NS,783,527,0,0,0,527,A
8-NS,784,520,0,0,0,520,A
8-NS,785,0,0,0,520,520,C
8-NS,786,0,447,0,1,448,T
8-NS,787,0,0,449,0,449,G
8-NS,788,0,0,0,438,438,C
8-NS,789,0,428,0,0,428,T
8-NS,790,0,0,429,0,429,G
8-NS,791,0,427,0,0,427,T
8-NS,792,0,424,0,0,424,T
8-NS,793,0,427,0,0,427,T
8-NS,794,1,0,422,0,423,G
8-NS,795,420,0,1,0,421,A
8-NS,796,409,0,0,0,409,A
8-NS,797,0,0,409,0,409,G
8-NS,798,0,401,0,0,401,T
8-NS,799,0,0,385,0,385,G
8-NS,800,0,0,391,0,391,G
8-NS,801,389,0,0,0,389,A
8-NS,802,388,0,1,0,389,A
8-NS,803,0,0,0,388,388,C
8-NS,804,381,0,0,0,381,A
8-NS,805,0,0,381,0,381,G
8-NS,806,0,1,373,0,374,G
8-NS,807,367,0,1,0,368,A
8-NS,808,1,0,364,0,365,G
8-NS,809,305,0,0,0,305,A
8-NS,810,0,305,0,0,305,T
8-NS,811,302,0,2,0,304,A
8-NS,812,302,0,0,0,302,A
8-NS,813,0,0,303,0,303,G
8-NS,814,261,0,0,0,261,A
8-NS,815,259,0,0,0,259,A
8-NS,816,0,0,0,258,258,C
8-NS,817,1,220,0,1,222,T
8-NS,818,0,220,0,0,220,T
8-NS,819,0,219,0,0,219,T
8-NS,820,0,0,0,219,219,C
8-NS,821,0,216,0,2,218,T
8-NS,822,0,0,0,214,214,C
8-NS,823,208,0,0,0,208,A
8-NS,824,0,208,0,0,208,T
8-NS,825,0,206,0,0,206,T
8-NS,826,0,205,0,0,205,T
8-NS,827,0,0,0,205,205,C
8-NS,828,195,0,0,0,195,A
8-NS,829,0,0,194,0,194,G
8-NS,830,1,0,0,193,194,C
8-NS,831,1,180,0,0,181,T
8-NS,832,0,180,0,0,180,T
8-NS,833,178,0,0,0,178,A
8-NS,834,0,177,0,0,177,T
8-NS,835,0,178,1,0,179,T
8-NS,836,0,178,0,0,178,T
8-NS,837,170,0,0,0,170,A
8-NS,838,168,0,0,0,168,A
8-NS,839,1,163,0,0,164,T
8-NS,840,0,0,164,0,164,G
8-NS,841,160,0,0,0,160,A
8-NS,842,0,148,0,0,148,T
8-NS,843,147,0,0,0,147,A
8-NS,844,146,0,0,0,146,A
8-NS,845,147,0,0,0,147,A
8-NS,846,146,0,1,0,147,A
8-NS,847,146,0,0,0,146,A
8-NS,848,145,0,1,0,146,A
8-NS,849,0,0,0,143,143,C
8-NS,850,127,0,0,0,127,A
8-NS,851,0,0,0,126,126,C
8-NS,852,0,0,0,119,119,C
8-NS,853,0,0,0,116,116,C
8-NS,854,0,109,0,0,109,T
8-NS,855,0,107,0,0,107,T
8-NS,856,0,0,107,0,107,G
8-NS,857,0,102,0,0,102,T
8-NS,858,0,102,0,0,102,T
8-NS,859,0,99,0,0,99,T
8-NS,860,0,0,0,40,40,C
8-NS,861,0,31,0,0,31,T
8-NS,862,26,0,0,0,26,A
8-NS,863,0,0,0,26,26,C
